1353,26,1379,0.1388
1390,26,1416,0.1388
1416,26,1442,0.1388
1430,30,1460,0.1388
1440,33,1473,0.1388
1461,37,1498,0.1388
1454,38,1492,0.1388
1461,36,1497,0.1388
1449,33,1482,0.1388
1447,35,1482,0.1388
1456,35,1491,0.1388
1446,36,1482,0.1388
1456,36,1492,0.1388
1451,37,1488,0.1388
1460,35,1495,0.1388
1448,36,1484,0.1388
1443,37,1480,0.1388
1456,35,1491,0.1388
1463,37,1500,0.1388
1461,35,1496,0.1388
1464,33,1497,0.1388
1454,33,1487,0.1388
1463,35,1498,0.1388
1461,38,1499,0.1388
1466,38,1504,0.1388
1473,38,1511,0.1388
1462,39,1501,0.1388
1462,39,1501,0.1388
1454,39,1493,0.1388
1464,41,1505,0.1388
1465,38,1503,0.1388
1465,37,1502,0.1388
1468,37,1505,0.1388
1467,37,1504,0.1388
1461,38,1499,0.1388
1473,38,1511,0.1388
1467,39,1506,0.1388
1462,40,1502,0.1388
1469,40,1509,0.1388
1456,41,1497,0.1388
1438,43,1481,0.1388
1433,42,1475,0.1388
1420,43,1463,0.1388
1419,43,1462,0.1388
1449,44,1493,0.1388
1461,46,1507,0.1388
1449,46,1495,0.1388
1436,44,1480,0.1388
1444,45,1489,0.1388
1441,46,1487,0.1388
1443,45,1488,0.1388
1447,48,1495,0.1388
1450,49,1499,0.1388
1452,48,1500,0.1388
1437,50,1487,0.1388
1428,50,1478,0.1388
1434,48,1482,0.1388
1431,49,1480,0.1388
1438,52,1490,0.1388
1438,50,1488,0.1388
1447,48,1495,0.1388
1449,47,1496,0.1388
1443,46,1489,0.1388
1451,46,1497,0.1388
1453,48,1501,0.1388
1448,50,1498,0.1388
1451,50,1501,0.1388
1439,47,1486,0.1388
1442,44,1486,0.1388
1445,43,1488,0.1388
1445,44,1489,0.1388
1440,48,1488,0.1388
1434,46,1480,0.1388
1432,47,1479,0.1388
1435,51,1486,0.1388
1427,50,1477,0.1388
1431,48,1479,0.1388
1430,44,1474,0.1388
1451,43,1494,0.1388
1455,45,1500,0.1388
1456,46,1502,0.1388
1457,45,1502,0.1388
1444,47,1491,0.1388
1440,44,1484,0.1388
1444,45,1489,0.1388
1444,49,1493,0.1388
1435,49,1484,0.1388
1431,48,1479,0.1388
1430,47,1477,0.1388
1436,47,1483,0.1388
1441,51,1492,0.1388
1443,51,1494,0.1388
1452,50,1502,0.1388
1453,53,1506,0.1388
1461,50,1511,0.1388
1450,49,1499,0.1388
1442,48,1490,0.1388
1455,49,1504,0.1388
1452,47,1499,0.1388
1442,49,1491,0.1388
1441,50,1491,0.1388
1429,50,1479,0.1388
1439,51,1490,0.1388
1427,51,1478,0.1388
1439,52,1491,0.1388
1438,51,1489,0.1388
1430,51,1481,0.1388
1442,51,1493,0.1388
1433,51,1484,0.1388
1425,53,1478,0.1388
1420,55,1475,0.1388
1428,56,1484,0.1388
1441,57,1498,0.1388
1438,59,1497,0.1388
1433,59,1492,0.1388
1431,61,1492,0.1388
1442,62,1504,0.1388
1429,61,1490,0.1388
1432,63,1495,0.1388
1429,62,1491,0.1388
1424,62,1486,0.1388
1428,63,1491,0.1388
1427,65,1492,0.1388
1440,66,1506,0.1388
1425,67,1492,0.1388
1400,66,1466,0.1388
1412,69,1481,0.1388
1423,69,1492,0.1388
1422,68,1490,0.1388
1423,66,1489,0.1388
1421,63,1484,0.1388
1423,67,1490,0.1388
1431,69,1500,0.1388
1421,66,1487,0.1388
1430,66,1496,0.1388
1420,68,1488,0.1388
1413,67,1480,0.1388
1434,70,1504,0.1388
1426,70,1496,0.1388
1428,72,1500,0.1388
1421,72,1493,0.1388
1411,68,1479,0.1388
1422,68,1490,0.1388
1422,68,1490,0.1388
1433,70,1503,0.1388
1429,69,1498,0.1388
1422,69,1491,0.1388
1410,68,1478,0.1388
1420,64,1484,0.1388
1412,65,1477,0.1388
1404,71,1475,0.1388
1409,72,1481,0.1388
1399,70,1469,0.1388
1399,70,1469,0.1388
1428,70,1498,0.1388
1428,67,1495,0.1388
1435,67,1502,0.1388
1435,68,1503,0.1388
1437,67,1504,0.1388
1430,68,1498,0.1388
1428,68,1496,0.1388
1412,68,1480,0.1388
1409,69,1478,0.1388
1406,72,1478,0.1388
1416,71,1487,0.1388
1417,73,1490,0.1388
1405,75,1480,0.1388
1417,75,1492,0.1388
1412,75,1487,0.1388
1410,76,1486,0.1388
1408,74,1482,0.1388
1406,74,1480,0.1388
1400,74,1474,0.1388
1396,73,1469,0.1388
1405,71,1476,0.1388
1420,76,1496,0.1388
1402,79,1481,0.1388
1401,81,1482,0.1388
1412,85,1497,0.1388
1411,85,1496,0.1388
1408,84,1492,0.1388
1405,86,1491,0.1388
1395,86,1481,0.1388
1396,83,1479,0.1388
1390,83,1473,0.1388
1402,84,1486,0.1388
1405,84,1489,0.1388
1404,86,1490,0.1388
1390,90,1480,0.1388
1403,92,1495,0.1388
1407,87,1494,0.1388
1395,87,1482,0.1388
1402,90,1492,0.1388
1418,90,1508,0.1388
1415,88,1503,0.1388
1417,87,1504,0.1388
1434,88,1522,0.1388
1433,89,1522,0.1388
1439,91,1530,0.1388
1422,92,1514,0.1388
1409,91,1500,0.1388
1408,92,1500,0.1388
1387,94,1481,0.1388
1383,94,1477,0.1388
1368,95,1463,0.1388
1372,93,1465,0.1388
1369,97,1466,0.1388
1381,98,1479,0.1388
1406,96,1502,0.1388
1416,92,1508,0.1388
1421,91,1512,0.1388
1416,96,1512,0.1388
1421,98,1519,0.1388
1426,97,1523,0.1388
1424,98,1522,0.1388
1410,100,1510,0.1388
1405,98,1503,0.1388
1407,97,1504,0.1388
1405,96,1501,0.1388
1400,98,1498,0.1388
1396,99,1495,0.1388
1395,99,1494,0.1388
1391,98,1489,0.1388
1397,97,1494,0.1388
1400,97,1497,0.1388
1390,100,1490,0.1388
1386,97,1483,0.1388
1390,96,1486,0.1388
1395,96,1491,0.1388
1388,102,1490,0.1388
1395,106,1501,0.1388
1396,107,1503,0.1388
1383,108,1491,0.1388
1384,108,1492,0.1388
1379,107,1486,0.1388
1395,105,1500,0.1388
1396,106,1502,0.1388
1402,103,1505,0.1388
1397,104,1501,0.1388
1389,102,1491,0.1388
1383,101,1484,0.1388
1398,103,1501,0.1388
1400,103,1503,0.1388
1399,106,1505,0.1388
1400,102,1502,0.1388
1381,103,1484,0.1388
1384,103,1487,0.1388
1388,103,1491,0.1388
1391,102,1493,0.1388
1389,104,1493,0.1388
1403,108,1511,0.1388
1393,108,1501,0.1388
1390,107,1497,0.1388
1390,108,1498,0.1388
1394,107,1501,0.1388
1381,108,1489,0.1388
1383,107,1490,0.1388
1370,107,1477,0.1388
1384,108,1492,0.1388
1375,108,1483,0.1388
1358,109,1467,0.1388
1373,115,1488,0.1388
1384,108,1492,0.1388
1397,105,1502,0.1388
1376,104,1480,0.1388
1370,106,1476,0.1388
1368,105,1473,0.1388
1378,108,1486,0.1388
1368,105,1473,0.1388
1367,110,1477,0.1388
1365,111,1476,0.1388
1361,112,1473,0.1388
1361,114,1475,0.1388
1362,113,1475,0.1388
1374,116,1490,0.1388
1374,118,1492,0.1388
1364,116,1480,0.1388
1366,110,1476,0.1388
1366,111,1477,0.1388
1369,111,1480,0.1388
1365,116,1481,0.1388
1361,116,1477,0.1388
1358,117,1475,0.1388
1368,120,1488,0.1388
1373,118,1491,0.1388
1373,118,1491,0.1388
1377,111,1488,0.1388
1389,113,1502,0.1388
1378,115,1493,0.1388
1381,112,1493,0.1388
1379,117,1496,0.1388
1386,116,1502,0.1388
1387,115,1502,0.1388
1376,114,1490,0.1388
1382,116,1498,0.1388
1380,116,1496,0.1388
1390,116,1506,0.1388
1383,111,1494,0.1388
1383,113,1496,0.1388
1379,115,1494,0.1388
1385,111,1496,0.1388
1386,112,1498,0.1388
1390,115,1505,0.1388
1386,115,1501,0.1388
1392,114,1506,0.1388
1395,112,1507,0.1388
1388,114,1502,0.1388
1396,115,1511,0.1388
1399,112,1511,0.1388
1396,109,1505,0.1388
1390,110,1500,0.1388
1393,114,1507,0.1388
1384,113,1497,0.1388
1374,108,1482,0.1388
1364,114,1478,0.1388
1368,116,1484,0.1388
1381,117,1498,0.1388
1393,119,1512,0.1388
1378,120,1498,0.1388
1387,121,1508,0.1388
1377,115,1492,0.1388
1373,117,1490,0.1388
1377,118,1495,0.1388
1366,119,1485,0.1388
1365,120,1485,0.1388
1368,125,1493,0.1388
1351,126,1477,0.1388
1361,123,1484,0.1388
1364,124,1488,0.1388
1377,130,1507,0.1388
1367,129,1496,0.1388
1373,125,1498,0.1388
1366,125,1491,0.1388
1365,129,1494,0.1388
1368,130,1498,0.1388
1364,127,1491,0.1388
1366,128,1494,0.1388
1368,127,1495,0.1388
1361,130,1491,0.1388
1369,133,1502,0.1388
1370,130,1500,0.1388
1368,127,1495,0.1388
1376,130,1506,0.1388
1350,129,1479,0.1388
1357,127,1484,0.1388
1364,130,1494,0.1388
1361,125,1486,0.1388
1360,130,1490,0.1388
1364,126,1490,0.1388
1372,124,1496,0.1388
1366,124,1490,0.1388
1373,125,1498,0.1388
1371,124,1495,0.1388
1366,126,1492,0.1388
1369,122,1491,0.1388
1370,122,1492,0.1388
1362,125,1487,0.1388
1360,127,1487,0.1388
1364,125,1489,0.1388
1351,130,1481,0.1388
1355,133,1488,0.1388
1359,133,1492,0.1388
1369,128,1497,0.1388
1363,130,1493,0.1388
1352,132,1484,0.1388
1349,130,1479,0.1388
1348,131,1479,0.1388
1362,130,1492,0.1388
1352,129,1481,0.1388
1357,128,1485,0.1388
1359,129,1488,0.1388
1355,128,1483,0.1388
1366,131,1497,0.1388
1377,130,1507,0.1388
1369,131,1500,0.1388
1371,133,1504,0.1388
1361,135,1496,0.1388
1358,136,1494,0.1388
1368,134,1502,0.1388
1369,134,1503,0.1388
1365,137,1502,0.1388
1385,134,1519,0.1388
1380,133,1513,0.1388
1374,131,1505,0.1388
1362,129,1491,0.1388
1361,126,1487,0.1388
1367,128,1495,0.1388
1380,131,1511,0.1388
1385,127,1512,0.1388
1378,127,1505,0.1388
1377,130,1507,0.1388
1381,131,1512,0.1388
1385,133,1518,0.1388
1369,137,1506,0.1388
1369,139,1508,0.1388
1366,139,1505,0.1388
1354,135,1489,0.1388
1358,130,1488,0.1388
1357,133,1490,0.1388
1370,136,1506,0.1388
1362,138,1500,0.1388
1365,137,1502,0.1388
1366,140,1506,0.1388
1370,138,1508,0.1388
1360,137,1497,0.1388
1373,134,1507,0.1388
1371,138,1509,0.1388
1378,138,1516,0.1388
1395,137,1532,0.1388
1378,137,1515,0.1388
1357,137,1494,0.1388
1376,137,1513,0.1388
1366,135,1501,0.1388
1350,136,1486,0.1388
1347,138,1485,0.1388
1352,131,1483,0.1388
1360,134,1494,0.1388
1368,134,1502,0.1388
1363,136,1499,0.1388
1358,135,1493,0.1388
1372,132,1504,0.1388
1356,132,1488,0.1388
1366,138,1504,0.1388
1363,139,1502,0.1388
1355,138,1493,0.1388
1357,139,1496,0.1388
1359,142,1501,0.1388
1359,139,1498,0.1388
1353,143,1496,0.1388
1358,140,1498,0.1388
1357,141,1498,0.1388
1370,143,1513,0.1388
1369,143,1512,0.1388
1359,148,1507,0.1388
1355,148,1503,0.1388
1363,146,1509,0.1388
1359,151,1510,0.1388
1356,145,1501,0.1388
1362,144,1506,0.1388
1361,142,1503,0.1388
1359,142,1501,0.1388
1335,143,1478,0.1388
1322,150,1472,0.1388
1320,152,1472,0.1388
1314,153,1467,0.1388
1309,150,1459,0.1388
1318,156,1474,0.1388
1327,156,1483,0.1388
1315,159,1474,0.1388
1325,164,1489,0.1388
1329,164,1493,0.1388
1331,164,1495,0.1388
1329,156,1485,0.1388
1328,160,1488,0.1388
1331,160,1491,0.1388
1339,158,1497,0.1388
1337,160,1497,0.1388
1343,163,1506,0.1388
1339,163,1502,0.1388
1349,160,1509,0.1388
1346,162,1508,0.1388
1333,161,1494,0.1388
1341,168,1509,0.1388
1343,169,1512,0.1388
1333,168,1501,0.1388
1331,167,1498,0.1388
1325,166,1491,0.1388
1325,165,1490,0.1388
1325,167,1492,0.1388
1329,166,1495,0.1388
1332,169,1501,0.1388
1320,168,1488,0.1388
1322,169,1491,0.1388
1327,169,1496,0.1388
1329,168,1497,0.1388
1320,173,1493,0.1388
1321,173,1494,0.1388
1315,178,1493,0.1388
1316,180,1496,0.1388
1309,182,1491,0.1388
1320,181,1501,0.1388
1308,179,1487,0.1388
1300,181,1481,0.1388
1306,186,1492,0.1388
1299,184,1483,0.1388
1307,183,1490,0.1388
1305,183,1488,0.1388
1312,186,1498,0.1388
1314,183,1497,0.1388
1309,180,1489,0.1388
1309,182,1491,0.1388
1317,182,1499,0.1388
1317,185,1502,0.1388
1308,186,1494,0.1388
1307,190,1497,0.1388
1300,188,1488,0.1388
1296,187,1483,0.1388
1300,193,1493,0.1388
1299,195,1494,0.1388
1303,199,1502,0.1388
1294,201,1495,0.1388
1299,201,1500,0.1388
1297,202,1499,0.1388
1295,206,1501,0.1388
1294,209,1503,0.1388
1281,207,1488,0.1388
1284,203,1487,0.1388
1289,202,1491,0.1388
1279,199,1478,0.1388
1289,197,1486,0.1388
1299,199,1498,0.1388
1287,200,1487,0.1388
1292,199,1491,0.1388
1289,196,1485,0.1388
1281,200,1481,0.1388
1288,205,1493,0.1388
1297,203,1500,0.1388
1301,206,1507,0.1388
1307,205,1512,0.1388
1302,211,1513,0.1388
1280,215,1495,0.1388
1269,216,1485,0.1388
1264,211,1475,0.1388
1267,212,1479,0.1388
1264,218,1482,0.1388
1263,220,1483,0.1388
1264,221,1485,0.1388
1278,222,1500,0.1388
1267,225,1492,0.1388
1264,226,1490,0.1388
1272,227,1499,0.1388
1275,227,1502,0.1388
1272,231,1503,0.1388
1280,235,1515,0.1388
1278,232,1510,0.1388
1274,234,1508,0.1388
1270,239,1509,0.1388
1254,243,1497,0.1388
1244,243,1487,0.1388
1239,242,1481,0.1388
1240,241,1481,0.1388
1238,246,1484,0.1388
1253,250,1503,0.1388
1249,250,1499,0.1388
1248,246,1494,0.1388
1241,251,1492,0.1388
1252,252,1504,0.1388
1245,253,1498,0.1388
1248,258,1506,0.1388
1242,262,1504,0.1388
1239,259,1498,0.1388
1240,259,1499,0.1388
1242,262,1504,0.1388
1228,264,1492,0.1388
1231,258,1489,0.1388
1228,256,1484,0.1388
1224,253,1477,0.1388
1216,252,1468,0.1388
1232,251,1483,0.1388
1239,252,1491,0.1388
1231,256,1487,0.1388
1230,257,1487,0.1388
1227,255,1482,0.1388
1237,269,1506,0.1388
1229,267,1496,0.1388
1236,268,1504,0.1388
1244,266,1510,0.1388
1233,270,1503,0.1388
1236,267,1503,0.1388
1233,272,1505,0.1388
1238,275,1513,0.1388
1249,277,1526,0.1388
1235,277,1512,0.1388
1226,278,1504,0.1388
1230,280,1510,0.1388
1226,276,1502,0.1388
1219,273,1492,0.1388
1221,278,1499,0.1388
1226,273,1499,0.1388
1221,279,1500,0.1388
1210,285,1495,0.1388
1212,287,1499,0.1388
1217,286,1503,0.1388
1209,281,1490,0.1388
1220,279,1499,0.1388
1212,277,1489,0.1388
1206,284,1490,0.1388
1218,285,1503,0.1388
1221,281,1502,0.1388
1223,284,1507,0.1388
1217,295,1512,0.1388
1226,291,1517,0.1388
1224,293,1517,0.1388
1215,296,1511,0.1388
1212,292,1504,0.1388
1202,295,1497,0.1388
1206,299,1505,0.1388
1196,300,1496,0.1388
1190,305,1495,0.1388
1185,305,1490,0.1388
1186,301,1487,0.1388
1194,304,1498,0.1388
1201,302,1503,0.1388
1194,304,1498,0.1388
1195,300,1495,0.1388
1201,297,1498,0.1388
1208,298,1506,0.1388
1201,299,1500,0.1388
1194,295,1489,0.1388
1197,305,1502,0.1388
1198,310,1508,0.1388
1196,306,1502,0.1388
1181,310,1491,0.1388
1181,308,1489,0.1388
1176,312,1488,0.1388
1169,307,1476,0.1388
1178,307,1485,0.1388
1182,306,1488,0.1388
1175,306,1481,0.1388
1185,308,1493,0.1388
1178,311,1489,0.1388
1185,309,1494,0.1388
1188,306,1494,0.1388
1194,307,1501,0.1388
1204,306,1510,0.1388
1191,311,1502,0.1388
1192,311,1503,0.1388
1178,311,1489,0.1388
1180,311,1491,0.1388
1184,309,1493,0.1388
1190,316,1506,0.1388
1180,314,1494,0.1388
1174,318,1492,0.1388
1165,317,1482,0.1388
1161,317,1478,0.1388
1160,323,1483,0.1388
1171,319,1490,0.1388
1163,315,1478,0.1388
1162,319,1481,0.1388
1166,328,1494,0.1388
1159,330,1489,0.1388
1143,337,1480,0.1388
1151,334,1485,0.1388
1144,333,1477,0.1388
1147,336,1483,0.1388
1148,337,1485,0.1388
1156,338,1494,0.1388
1171,335,1506,0.1388
1167,336,1503,0.1388
1161,338,1499,0.1388
1163,340,1503,0.1388
1169,340,1509,0.1388
1162,339,1501,0.1388
1161,338,1499,0.1388
1167,336,1503,0.1388
1158,337,1495,0.1388
1160,337,1497,0.1388
1159,348,1507,0.1388
1157,348,1505,0.1388
1160,343,1503,0.1388
1170,343,1513,0.1388
1162,343,1505,0.1388
1164,344,1508,0.1388
1159,346,1505,0.1388
1144,345,1489,0.1388
1142,344,1486,0.1388
1142,349,1491,0.1388
1144,353,1497,0.1388
1150,362,1512,0.1388
1140,361,1501,0.1388
1138,362,1500,0.1388
1148,358,1506,0.1388
1154,359,1513,0.1388
1161,359,1520,0.1388
1154,362,1516,0.1388
1148,361,1509,0.1388
1138,368,1506,0.1388
1137,369,1506,0.1388
1134,368,1502,0.1388
1141,362,1503,0.1388
1144,364,1508,0.1388
1139,362,1501,0.1388
1140,357,1497,0.1388
1124,355,1479,0.1388
1126,362,1488,0.1388
1125,366,1491,0.1388
1118,372,1490,0.1388
1113,372,1485,0.1388
1127,373,1500,0.1388
1128,377,1505,0.1388
1125,381,1506,0.1388
1130,377,1507,0.1388
1121,374,1495,0.1388
1116,375,1491,0.1388
1112,368,1480,0.1388
1115,370,1485,0.1388
1108,379,1487,0.1388
1113,386,1499,0.1388
1107,385,1492,0.1388
1100,387,1487,0.1388
1113,388,1501,0.1388
1102,388,1490,0.1388
1106,394,1500,0.1388
1110,391,1501,0.1388
1120,393,1513,0.1388
1117,401,1518,0.1388
1103,405,1508,0.1388
1098,408,1506,0.1388
1096,407,1503,0.1388
1096,411,1507,0.1388
1089,414,1503,0.1388
1077,410,1487,0.1388
1078,408,1486,0.1388
1074,419,1493,0.1388
1066,426,1492,0.1388
1067,419,1486,0.1388
1081,429,1510,0.1388
1079,425,1504,0.1388
1076,419,1495,0.1388
1068,422,1490,0.1388
1060,428,1488,0.1388
1048,429,1477,0.1388
1059,426,1485,0.1388
1054,427,1481,0.1388
1058,429,1487,0.1388
1060,427,1487,0.1388
1075,427,1502,0.1388
1077,425,1502,0.1388
1072,433,1505,0.1388
1070,423,1493,0.1388
1061,419,1480,0.1388
1065,422,1487,0.1388
1053,430,1483,0.1388
1064,432,1496,0.1388
1064,431,1495,0.1388
1074,435,1509,0.1388
1068,431,1499,0.1388
1068,435,1503,0.1388
1070,438,1508,0.1388
1075,440,1515,0.1388
1072,435,1507,0.1388
1064,433,1497,0.1388
1062,438,1500,0.1388
1069,433,1502,0.1388
1079,443,1522,0.1388
1071,445,1516,0.1388
1068,445,1513,0.1388
1067,449,1516,0.1388
1062,450,1512,0.1388
1053,446,1499,0.1388
1049,450,1499,0.1388
1056,450,1506,0.1388
1050,444,1494,0.1388
1044,456,1500,0.1388
1042,455,1497,0.1388
1045,449,1494,0.1388
1037,456,1493,0.1388
1034,464,1498,0.1388
1041,467,1508,0.1388
1046,470,1516,0.1388
1044,471,1515,0.1388
1038,467,1505,0.1388
1032,477,1509,0.1388
1023,476,1499,0.1388
1021,478,1499,0.1388
1024,481,1505,0.1388
1023,480,1503,0.1388
1024,483,1507,0.1388
1017,485,1502,0.1388
1016,482,1498,0.1388
1019,472,1491,0.1388
1028,469,1497,0.1388
1035,476,1511,0.1388
1023,485,1508,0.1388
1022,485,1507,0.1388
1019,479,1498,0.1388
1016,482,1498,0.1388
1011,479,1490,0.1388
1013,474,1487,0.1388
1013,476,1489,0.1388
1016,480,1496,0.1388
1011,482,1493,0.1388
1012,491,1503,0.1388
1005,487,1492,0.1388
994,488,1482,0.1388
995,496,1491,0.1388
992,511,1503,0.1388
991,509,1500,0.1388
1004,510,1514,0.1388
989,513,1502,0.1388
989,514,1503,0.1388
983,520,1503,0.1388
987,523,1510,0.1388
987,527,1514,0.1388
976,533,1509,0.1388
970,524,1494,0.1388
981,528,1509,0.1388
981,533,1514,0.1388
972,524,1496,0.1388
974,528,1502,0.1388
978,533,1511,0.1388
980,529,1509,0.1388
964,530,1494,0.1388
965,531,1496,0.1388
963,527,1490,0.1388
963,533,1496,0.1388
954,542,1496,0.1388
953,545,1498,0.1388
960,543,1503,0.1388
951,544,1495,0.1388
950,546,1496,0.1388
942,544,1486,0.1388
944,547,1491,0.1388
946,546,1492,0.1388
946,553,1499,0.1388
941,553,1494,0.1388
940,543,1483,0.1388
949,548,1497,0.1388
938,554,1492,0.1388
951,555,1506,0.1388
952,561,1513,0.1388
952,557,1509,0.1388
952,555,1507,0.1388
944,558,1502,0.1388
951,572,1523,0.1388
949,568,1517,0.1388
939,571,1510,0.1388
937,570,1507,0.1388
933,568,1501,0.1388
919,574,1493,0.1388
926,572,1498,0.1388
925,573,1498,0.1388
928,574,1502,0.1388
931,578,1509,0.1388
933,583,1516,0.1388
935,577,1512,0.1388
927,578,1505,0.1388
925,576,1501,0.1388
908,581,1489,0.1388
910,582,1492,0.1388
916,588,1504,0.1388
922,585,1507,0.1388
923,584,1507,0.1388
925,579,1504,0.1388
925,590,1515,0.1388
930,590,1520,0.1388
929,591,1520,0.1388
918,585,1503,0.1388
916,585,1501,0.1388
902,590,1492,0.1388
898,597,1495,0.1388
899,599,1498,0.1388
907,599,1506,0.1388
911,596,1507,0.1388
906,600,1506,0.1388
902,601,1503,0.1388
894,602,1496,0.1388
897,597,1494,0.1388
895,605,1500,0.1388
879,610,1489,0.1388
879,605,1484,0.1388
878,612,1490,0.1388
891,625,1516,0.1388
885,617,1502,0.1388
885,610,1495,0.1388
884,610,1494,0.1388
882,616,1498,0.1388
888,620,1508,0.1388
887,620,1507,0.1388
886,622,1508,0.1388
896,620,1516,0.1388
900,623,1523,0.1388
884,619,1503,0.1388
894,617,1511,0.1388
886,607,1493,0.1388
889,605,1494,0.1388
890,615,1505,0.1388
878,620,1498,0.1388
878,626,1504,0.1388
884,619,1503,0.1388
883,628,1511,0.1388
878,628,1506,0.1388
878,624,1502,0.1388
869,620,1489,0.1388
866,623,1489,0.1388
855,619,1474,0.1388
864,625,1489,0.1388
862,625,1487,0.1388
877,625,1502,0.1388
876,626,1502,0.1388
870,627,1497,0.1388
880,633,1513,0.1388
878,639,1517,0.1388
876,646,1522,0.1388
869,650,1519,0.1388
863,649,1512,0.1388
870,641,1511,0.1388
860,633,1493,0.1388
871,632,1503,0.1388
872,630,1502,0.1388
862,643,1505,0.1388
871,642,1513,0.1388
860,645,1505,0.1388
863,660,1523,0.1388
857,669,1526,0.1388
859,672,1531,0.1388
854,671,1525,0.1388
859,668,1527,0.1388
850,670,1520,0.1388
843,668,1511,0.1388
845,672,1517,0.1388
835,675,1510,0.1388
844,670,1514,0.1388
843,682,1525,0.1388
833,682,1515,0.1388
839,682,1521,0.1388
837,677,1514,0.1388
826,677,1503,0.1388
830,682,1512,0.1388
829,689,1518,0.1388
818,690,1508,0.1388
814,683,1497,0.1388
817,686,1503,0.1388
820,686,1506,0.1388
807,694,1501,0.1388
813,707,1520,0.1388
807,700,1507,0.1388
816,696,1512,0.1388
807,697,1504,0.1388
806,686,1492,0.1388
798,698,1496,0.1388
805,697,1502,0.1388
794,710,1504,0.1388
792,719,1511,0.1388
788,722,1510,0.1388
781,721,1502,0.1388
776,720,1496,0.1388
782,722,1504,0.1388
786,725,1511,0.1388
793,725,1518,0.1388
789,727,1516,0.1388
784,727,1511,0.1388
783,720,1503,0.1388
794,713,1507,0.1388
787,715,1502,0.1388
793,712,1505,0.1388
799,706,1505,0.1388
802,710,1512,0.1388
801,715,1516,0.1388
786,713,1499,0.1388
792,717,1509,0.1388
788,710,1498,0.1388
782,711,1493,0.1388
781,709,1490,0.1388
782,711,1493,0.1388
775,720,1495,0.1388
777,724,1501,0.1388
770,720,1490,0.1388
762,726,1488,0.1388
769,736,1505,0.1388
768,738,1506,0.1388
779,730,1509,0.1388
781,735,1516,0.1388
776,732,1508,0.1388
779,731,1510,0.1388
787,722,1509,0.1388
783,726,1509,0.1388
785,730,1515,0.1388
768,717,1485,0.1388
776,711,1487,0.1388
778,723,1501,0.1388
782,712,1494,0.1388
777,721,1498,0.1388
776,722,1498,0.1388
769,732,1501,0.1388
773,726,1499,0.1388
771,727,1498,0.1388
772,724,1496,0.1388
768,732,1500,0.1388
765,740,1505,0.1388
765,750,1515,0.1388
769,741,1510,0.1388
770,744,1514,0.1388
766,738,1504,0.1388
760,732,1492,0.1388
758,730,1488,0.1388
750,734,1484,0.1388
758,745,1503,0.1388
760,742,1502,0.1388
757,734,1491,0.1388
767,746,1513,0.1388
757,748,1505,0.1388
753,745,1498,0.1388
754,747,1501,0.1388
757,747,1504,0.1388
755,747,1502,0.1388
748,759,1507,0.1388
750,762,1512,0.1388
743,762,1505,0.1388
739,760,1499,0.1388
738,757,1495,0.1388
731,762,1493,0.1388
730,760,1490,0.1388
730,761,1491,0.1388
727,773,1500,0.1388
727,773,1500,0.1388
735,764,1499,0.1388
734,768,1502,0.1388
737,768,1505,0.1388
743,768,1511,0.1388
748,768,1516,0.1388
743,765,1508,0.1388
736,779,1515,0.1388
734,772,1506,0.1388
737,763,1500,0.1388
742,762,1504,0.1388
734,768,1502,0.1388
718,770,1488,0.1388
722,782,1504,0.1388
732,786,1518,0.1388
742,776,1518,0.1388
728,774,1502,0.1388
737,774,1511,0.1388
736,765,1501,0.1388
736,783,1519,0.1388
736,779,1515,0.1388
732,778,1510,0.1388
722,789,1511,0.1388
728,790,1518,0.1388
730,786,1516,0.1388
730,797,1527,0.1388
727,791,1518,0.1388
712,786,1498,0.1388
712,793,1505,0.1388
701,802,1503,0.1388
707,810,1517,0.1388
700,815,1515,0.1388
690,820,1510,0.1388
686,818,1504,0.1388
684,821,1505,0.1388
683,819,1502,0.1388
686,819,1505,0.1388
688,822,1510,0.1388
695,822,1517,0.1388
689,820,1509,0.1388
685,825,1510,0.1388
679,824,1503,0.1388
666,825,1491,0.1388
673,833,1506,0.1388
683,826,1509,0.1388
680,837,1517,0.1388
674,834,1508,0.1388
669,836,1505,0.1388
667,837,1504,0.1388
665,833,1498,0.1388
658,836,1494,0.1388
660,842,1502,0.1388
658,845,1503,0.1388
654,850,1504,0.1388
651,856,1507,0.1388
654,851,1505,0.1388
648,851,1499,0.1388
660,850,1510,0.1388
652,851,1503,0.1388
652,855,1507,0.1388
649,858,1507,0.1388
658,852,1510,0.1388
656,863,1519,0.1388
643,863,1506,0.1388
634,875,1509,0.1388
636,869,1505,0.1388
633,858,1491,0.1388
631,866,1497,0.1388
642,865,1507,0.1388
644,869,1513,0.1388
653,864,1517,0.1388
653,857,1510,0.1388
661,851,1512,0.1388
662,856,1518,0.1388
650,858,1508,0.1388
642,858,1500,0.1388
640,857,1497,0.1388
630,865,1495,0.1388
632,874,1506,0.1388
630,877,1507,0.1388
633,875,1508,0.1388
635,876,1511,0.1388
631,875,1506,0.1388
627,875,1502,0.1388
625,879,1504,0.1388
618,882,1500,0.1388
623,888,1511,0.1388
623,882,1505,0.1388
620,881,1501,0.1388
624,882,1506,0.1388
632,877,1509,0.1388
636,868,1504,0.1388
639,869,1508,0.1388
642,875,1517,0.1388
638,870,1508,0.1388
627,859,1486,0.1388
638,862,1500,0.1388
640,860,1500,0.1388
640,874,1514,0.1388
644,878,1522,0.1388
644,878,1522,0.1388
640,872,1512,0.1388
636,871,1507,0.1388
637,872,1509,0.1388
634,875,1509,0.1388
643,880,1523,0.1388
639,879,1518,0.1388
632,884,1516,0.1388
631,881,1512,0.1388
623,889,1512,0.1388
623,887,1510,0.1388
622,887,1509,0.1388
622,895,1517,0.1388
619,886,1505,0.1388
621,889,1510,0.1388
625,889,1514,0.1388
627,891,1518,0.1388
624,893,1517,0.1388
615,893,1508,0.1388
619,889,1508,0.1388
624,895,1519,0.1388
615,886,1501,0.1388
613,891,1504,0.1388
606,891,1497,0.1388
601,890,1491,0.1388
606,894,1500,0.1388
600,899,1499,0.1388
610,892,1502,0.1388
609,895,1504,0.1388
612,900,1512,0.1388
608,909,1517,0.1388
611,897,1508,0.1388
604,886,1490,0.1388
605,898,1503,0.1388
603,892,1495,0.1388
604,888,1492,0.1388
608,883,1491,0.1388
601,891,1492,0.1388
607,900,1507,0.1388
611,906,1517,0.1388
598,900,1498,0.1388
598,902,1500,0.1388
592,907,1499,0.1388
594,908,1502,0.1388
603,912,1515,0.1388
602,913,1515,0.1388
593,910,1503,0.1388
599,910,1509,0.1388
600,909,1509,0.1388
593,908,1501,0.1388
601,917,1518,0.1388
597,920,1517,0.1388
598,921,1519,0.1388
591,909,1500,0.1388
589,909,1498,0.1388
596,918,1514,0.1388
604,906,1510,0.1388
603,900,1503,0.1388
595,898,1493,0.1388
597,898,1495,0.1388
589,912,1501,0.1388
587,921,1508,0.1388
597,923,1520,0.1388
596,930,1526,0.1388
587,922,1509,0.1388
584,934,1518,0.1388
590,928,1518,0.1388
588,921,1509,0.1388
580,919,1499,0.1388
576,922,1498,0.1388
576,927,1503,0.1388
585,934,1519,0.1388
581,930,1511,0.1388
578,928,1506,0.1388
585,935,1520,0.1388
585,933,1518,0.1388
584,923,1507,0.1388
575,936,1511,0.1388
570,946,1516,0.1388
568,941,1509,0.1388
565,937,1502,0.1388
571,946,1517,0.1388
567,939,1506,0.1388
556,930,1486,0.1388
560,939,1499,0.1388
551,937,1488,0.1388
556,943,1499,0.1388
553,946,1499,0.1388
558,947,1505,0.1388
564,957,1521,0.1388
568,957,1525,0.1388
564,949,1513,0.1388
568,955,1523,0.1388
560,951,1511,0.1388
562,947,1509,0.1388
558,944,1502,0.1388
561,942,1503,0.1388
561,957,1518,0.1388
559,955,1514,0.1388
566,952,1518,0.1388
563,958,1521,0.1388
565,964,1529,0.1388
563,963,1526,0.1388
558,960,1518,0.1388
550,953,1503,0.1388
547,952,1499,0.1388
544,958,1502,0.1388
540,953,1493,0.1388
540,963,1503,0.1388
540,971,1511,0.1388
545,967,1512,0.1388
550,953,1503,0.1388
551,962,1513,0.1388
551,953,1504,0.1388
557,962,1519,0.1388
547,965,1512,0.1388
546,974,1520,0.1388
544,989,1533,0.1388
552,967,1519,0.1388
536,969,1505,0.1388
525,968,1493,0.1388
530,969,1499,0.1388
534,969,1503,0.1388
534,961,1495,0.1388
535,973,1508,0.1388
535,975,1510,0.1388
537,972,1509,0.1388
534,972,1506,0.1388
526,976,1502,0.1388
527,970,1497,0.1388
525,980,1505,0.1388
527,981,1508,0.1388
528,981,1509,0.1388
522,987,1509,0.1388
521,986,1507,0.1388
517,987,1504,0.1388
511,995,1506,0.1388
511,1000,1511,0.1388
509,1011,1520,0.1388
505,1005,1510,0.1388
507,997,1504,0.1388
502,1013,1515,0.1388
494,1025,1519,0.1388
493,1012,1505,0.1388
492,1015,1507,0.1388
502,1017,1519,0.1388
510,1014,1524,0.1388
509,1007,1516,0.1388
509,1006,1515,0.1388
510,1012,1522,0.1388
504,1003,1507,0.1388
504,1009,1513,0.1388
501,1028,1529,0.1388
498,1026,1524,0.1388
496,1021,1517,0.1388
498,1027,1525,0.1388
491,1027,1518,0.1388
488,1031,1519,0.1388
483,1035,1518,0.1388
482,1029,1511,0.1388
484,1011,1495,0.1388
487,1019,1506,0.1388
488,1009,1497,0.1388
484,1013,1497,0.1388
483,1011,1494,0.1388
481,1016,1497,0.1388
482,1033,1515,0.1388
483,1034,1517,0.1388
472,1022,1494,0.1388
476,1021,1497,0.1388
471,1030,1501,0.1388
471,1020,1491,0.1388
467,1029,1496,0.1388
480,1022,1502,0.1388
477,1032,1509,0.1388
481,1027,1508,0.1388
477,1036,1513,0.1388
475,1031,1506,0.1388
475,1035,1510,0.1388
477,1028,1505,0.1388
472,1027,1499,0.1388
474,1044,1518,0.1388
469,1030,1499,0.1388
471,1017,1488,0.1388
476,1022,1498,0.1388
480,1026,1506,0.1388
486,1032,1518,0.1388
477,1032,1509,0.1388
474,1042,1516,0.1388
477,1033,1510,0.1388
486,1040,1526,0.1388
479,1041,1520,0.1388
469,1043,1512,0.1388
466,1042,1508,0.1388
467,1051,1518,0.1388
465,1045,1510,0.1388
466,1059,1525,0.1388
470,1049,1519,0.1388
465,1048,1513,0.1388
465,1045,1510,0.1388
464,1028,1492,0.1388
467,1031,1498,0.1388
461,1041,1502,0.1388
454,1037,1491,0.1388
455,1043,1498,0.1388
451,1041,1492,0.1388
452,1045,1497,0.1388
457,1044,1501,0.1388
456,1049,1505,0.1388
444,1059,1503,0.1388
437,1073,1510,0.1388
436,1071,1507,0.1388
436,1072,1508,0.1388
431,1083,1514,0.1388
440,1085,1525,0.1388
440,1079,1519,0.1388
439,1062,1501,0.1388
441,1072,1513,0.1388
438,1068,1506,0.1388
431,1064,1495,0.1388
432,1073,1505,0.1388
441,1066,1507,0.1388
444,1060,1504,0.1388
444,1066,1510,0.1388
437,1058,1495,0.1388
436,1050,1486,0.1388
444,1059,1503,0.1388
440,1073,1513,0.1388
435,1081,1516,0.1388
439,1081,1520,0.1388
431,1084,1515,0.1388
427,1077,1504,0.1388
422,1081,1503,0.1388
432,1089,1521,0.1388
420,1077,1497,0.1388
421,1087,1508,0.1388
423,1089,1512,0.1388
428,1086,1514,0.1388
415,1080,1495,0.1388
419,1087,1506,0.1388
415,1093,1508,0.1388
422,1088,1510,0.1388
425,1085,1510,0.1388
424,1090,1514,0.1388
421,1080,1501,0.1388
419,1080,1499,0.1388
423,1087,1510,0.1388
428,1090,1518,0.1388
422,1080,1502,0.1388
420,1078,1498,0.1388
417,1075,1492,0.1388
416,1084,1500,0.1388
419,1094,1513,0.1388
420,1090,1510,0.1388
421,1095,1516,0.1388
422,1097,1519,0.1388
416,1098,1514,0.1388
411,1093,1504,0.1388
407,1102,1509,0.1388
413,1104,1517,0.1388
410,1092,1502,0.1388
407,1090,1497,0.1388
406,1097,1503,0.1388
410,1098,1508,0.1388
415,1100,1515,0.1388
411,1099,1510,0.1388
406,1102,1508,0.1388
402,1098,1500,0.1388
404,1116,1520,0.1388
407,1119,1526,0.1388
402,1115,1517,0.1388
409,1101,1510,0.1388
403,1093,1496,0.1388
406,1101,1507,0.1388
409,1108,1517,0.1388
415,1103,1518,0.1388
411,1102,1513,0.1388
412,1101,1513,0.1388
410,1107,1517,0.1388
406,1104,1510,0.1388
410,1120,1530,0.1388
409,1125,1534,0.1388
407,1117,1524,0.1388
403,1099,1502,0.1388
407,1109,1516,0.1388
410,1106,1516,0.1388
400,1108,1508,0.1388
403,1110,1513,0.1388
401,1115,1516,0.1388
397,1118,1515,0.1388
401,1121,1522,0.1388
397,1135,1532,0.1388
395,1124,1519,0.1388
402,1113,1515,0.1388
396,1113,1509,0.1388
396,1128,1524,0.1388
390,1119,1509,0.1388
385,1119,1504,0.1388
385,1115,1500,0.1388
387,1103,1490,0.1388
389,1108,1497,0.1388
387,1119,1506,0.1388
379,1115,1494,0.1388
383,1127,1510,0.1388
384,1134,1518,0.1388
379,1136,1515,0.1388
377,1144,1521,0.1388
368,1141,1509,0.1388
373,1145,1518,0.1388
366,1146,1512,0.1388
370,1148,1518,0.1388
373,1148,1521,0.1388
373,1129,1502,0.1388
374,1139,1513,0.1388
374,1133,1507,0.1388
369,1138,1507,0.1388
363,1142,1505,0.1388
366,1142,1508,0.1388
359,1148,1507,0.1388
354,1137,1491,0.1388
355,1143,1498,0.1388
350,1158,1508,0.1388
346,1148,1494,0.1388
340,1151,1491,0.1388
347,1148,1495,0.1388
350,1146,1496,0.1388
350,1143,1493,0.1388
349,1145,1494,0.1388
352,1145,1497,0.1388
347,1145,1492,0.1388
345,1147,1492,0.1388
346,1169,1515,0.1388
340,1178,1518,0.1388
345,1180,1525,0.1388
336,1180,1516,0.1388
337,1179,1516,0.1388
341,1179,1520,0.1388
341,1174,1515,0.1388
336,1158,1494,0.1388
336,1171,1507,0.1388
329,1177,1506,0.1388
326,1180,1506,0.1388
336,1185,1521,0.1388
328,1183,1511,0.1388
332,1187,1519,0.1388
339,1184,1523,0.1388
334,1196,1530,0.1388
330,1190,1520,0.1388
335,1175,1510,0.1388
337,1190,1527,0.1388
335,1195,1530,0.1388
328,1203,1531,0.1388
324,1191,1515,0.1388
326,1172,1498,0.1388
326,1178,1504,0.1388
329,1171,1500,0.1388
322,1167,1489,0.1388
322,1183,1505,0.1388
320,1181,1501,0.1388
319,1178,1497,0.1388
322,1179,1501,0.1388
328,1192,1520,0.1388
326,1206,1532,0.1388
323,1198,1521,0.1388
323,1200,1523,0.1388
323,1194,1517,0.1388
321,1187,1508,0.1388
323,1187,1510,0.1388
317,1183,1500,0.1388
314,1182,1496,0.1388
318,1195,1513,0.1388
318,1207,1525,0.1388
315,1205,1520,0.1388
310,1207,1517,0.1388
314,1208,1522,0.1388
305,1203,1508,0.1388
306,1204,1510,0.1388
308,1205,1513,0.1388
305,1217,1522,0.1388
302,1218,1520,0.1388
306,1212,1518,0.1388
301,1205,1506,0.1388
300,1198,1498,0.1388
301,1206,1507,0.1388
308,1209,1517,0.1388
304,1216,1520,0.1388
300,1216,1516,0.1388
309,1204,1513,0.1388
311,1198,1509,0.1388
313,1209,1522,0.1388
307,1201,1508,0.1388
304,1218,1522,0.1388
310,1217,1527,0.1388
307,1213,1520,0.1388
305,1209,1514,0.1388
308,1211,1519,0.1388
304,1214,1518,0.1388
302,1210,1512,0.1388
306,1211,1517,0.1388
304,1212,1516,0.1388
312,1196,1508,0.1388
313,1198,1511,0.1388
313,1205,1518,0.1388
306,1210,1516,0.1388
311,1198,1509,0.1388
302,1202,1504,0.1388
300,1205,1505,0.1388
303,1207,1510,0.1388
308,1208,1516,0.1388
302,1207,1509,0.1388
300,1199,1499,0.1388
298,1204,1502,0.1388
298,1212,1510,0.1388
299,1212,1511,0.1388
296,1220,1516,0.1388
299,1218,1517,0.1388
290,1219,1509,0.1388
289,1233,1522,0.1388
291,1230,1521,0.1388
293,1221,1514,0.1388
293,1225,1518,0.1388
289,1224,1513,0.1388
292,1222,1514,0.1388
295,1223,1518,0.1388
291,1228,1519,0.1388
286,1225,1511,0.1388
291,1221,1512,0.1388
285,1227,1512,0.1388
276,1227,1503,0.1388
272,1224,1496,0.1388
278,1219,1497,0.1388
281,1222,1503,0.1388
286,1225,1511,0.1388
290,1236,1526,0.1388
289,1236,1525,0.1388
290,1223,1513,0.1388
293,1222,1515,0.1388
297,1224,1521,0.1388
293,1234,1527,0.1388
294,1226,1520,0.1388
291,1212,1503,0.1388
285,1223,1508,0.1388
286,1225,1511,0.1388
279,1224,1503,0.1388
278,1237,1515,0.1388
280,1224,1504,0.1388
278,1227,1505,0.1388
285,1238,1523,0.1388
284,1235,1519,0.1388
283,1243,1526,0.1388
278,1240,1518,0.1388
283,1239,1522,0.1388
278,1228,1506,0.1388
280,1227,1507,0.1388
281,1240,1521,0.1388
281,1235,1516,0.1388
287,1224,1511,0.1388
290,1217,1507,0.1388
291,1223,1514,0.1388
294,1227,1521,0.1388
291,1217,1508,0.1388
293,1221,1514,0.1388
293,1222,1515,0.1388
295,1215,1510,0.1388
295,1224,1519,0.1388
293,1222,1515,0.1388
292,1219,1511,0.1388
292,1216,1508,0.1388
291,1218,1509,0.1388
290,1227,1517,0.1388
292,1229,1521,0.1388
288,1223,1511,0.1388
286,1228,1514,0.1388
284,1225,1509,0.1388
283,1234,1517,0.1388
284,1235,1519,0.1388
291,1238,1529,0.1388
291,1237,1528,0.1388
290,1239,1529,0.1388
294,1227,1521,0.1388
288,1245,1533,0.1388
291,1236,1527,0.1388
292,1232,1524,0.1388
288,1227,1515,0.1388
288,1229,1517,0.1388
286,1241,1527,0.1388
282,1254,1536,0.1388
283,1238,1521,0.1388
278,1218,1496,0.1388
274,1236,1510,0.1388
270,1237,1507,0.1388
267,1241,1508,0.1388
266,1256,1522,0.1388
265,1258,1523,0.1388
263,1248,1511,0.1388
264,1244,1508,0.1388
270,1246,1516,0.1388
271,1246,1517,0.1388
265,1240,1505,0.1388
270,1240,1510,0.1388
271,1240,1511,0.1388
269,1234,1503,0.1388
259,1231,1490,0.1388
264,1228,1492,0.1388
268,1235,1503,0.1388
265,1236,1501,0.1388
273,1237,1510,0.1388
269,1232,1501,0.1388
266,1239,1505,0.1388
269,1252,1521,0.1388
261,1256,1517,0.1388
260,1258,1518,0.1388
259,1258,1517,0.1388
262,1255,1517,0.1388
265,1247,1512,0.1388
257,1259,1516,0.1388
256,1263,1519,0.1388
250,1245,1495,0.1388
251,1254,1505,0.1388
250,1251,1501,0.1388
248,1249,1497,0.1388
248,1255,1503,0.1388
249,1259,1508,0.1388
260,1248,1508,0.1388
252,1261,1513,0.1388
257,1265,1522,0.1388
255,1266,1521,0.1388
252,1266,1518,0.1388
253,1271,1524,0.1388
253,1268,1521,0.1388
251,1261,1512,0.1388
252,1263,1515,0.1388
250,1265,1515,0.1388
245,1259,1504,0.1388
251,1266,1517,0.1388
251,1273,1524,0.1388
245,1265,1510,0.1388
248,1270,1518,0.1388
241,1284,1525,0.1388
240,1282,1522,0.1388
244,1274,1518,0.1388
241,1272,1513,0.1388
235,1275,1510,0.1388
235,1284,1519,0.1388
231,1284,1515,0.1388
228,1280,1508,0.1388
229,1295,1524,0.1388
230,1287,1517,0.1388
233,1289,1522,0.1388
229,1280,1509,0.1388
227,1286,1513,0.1388
227,1281,1508,0.1388
228,1287,1515,0.1388
227,1285,1512,0.1388
223,1287,1510,0.1388
225,1272,1497,0.1388
228,1283,1511,0.1388
227,1283,1510,0.1388
228,1285,1513,0.1388
231,1267,1498,0.1388
229,1274,1503,0.1388
227,1276,1503,0.1388
225,1283,1508,0.1388
218,1280,1498,0.1388
222,1293,1515,0.1388
220,1294,1514,0.1388
220,1295,1515,0.1388
221,1294,1515,0.1388
216,1298,1514,0.1388
215,1310,1525,0.1388
215,1305,1520,0.1388
216,1295,1511,0.1388
222,1289,1511,0.1388
224,1292,1516,0.1388
217,1285,1502,0.1388
213,1291,1504,0.1388
214,1297,1511,0.1388
216,1294,1510,0.1388
215,1288,1503,0.1388
218,1290,1508,0.1388
219,1294,1513,0.1388
216,1299,1515,0.1388
213,1289,1502,0.1388
216,1290,1506,0.1388
216,1287,1503,0.1388
220,1298,1518,0.1388
218,1298,1516,0.1388
221,1295,1516,0.1388
221,1291,1512,0.1388
215,1288,1503,0.1388
217,1297,1514,0.1388
216,1304,1520,0.1388
218,1303,1521,0.1388
217,1298,1515,0.1388
219,1301,1520,0.1388
221,1296,1517,0.1388
221,1292,1513,0.1388
221,1298,1519,0.1388
221,1289,1510,0.1388
219,1284,1503,0.1388
217,1295,1512,0.1388
218,1298,1516,0.1388
224,1296,1520,0.1388
227,1294,1521,0.1388
225,1273,1498,0.1388
226,1288,1514,0.1388
223,1289,1512,0.1388
220,1274,1494,0.1388
216,1283,1499,0.1388
214,1282,1496,0.1388
209,1284,1493,0.1388
209,1303,1512,0.1388
213,1303,1516,0.1388
215,1308,1523,0.1388
214,1305,1519,0.1388
210,1295,1505,0.1388
215,1310,1525,0.1388
216,1307,1523,0.1388
215,1302,1517,0.1388
215,1304,1519,0.1388
220,1297,1517,0.1388
225,1298,1523,0.1388
222,1289,1511,0.1388
223,1288,1511,0.1388
222,1294,1516,0.1388
221,1287,1508,0.1388
222,1278,1500,0.1388
225,1277,1502,0.1388
225,1278,1503,0.1388
222,1285,1507,0.1388
216,1297,1513,0.1388
219,1300,1519,0.1388
216,1288,1504,0.1388
218,1291,1509,0.1388
224,1294,1518,0.1388
225,1292,1517,0.1388
226,1300,1526,0.1388
225,1288,1513,0.1388
225,1285,1510,0.1388
226,1283,1509,0.1388
223,1294,1517,0.1388
218,1285,1503,0.1388
216,1291,1507,0.1388
211,1298,1509,0.1388
209,1302,1511,0.1388
206,1311,1517,0.1388
211,1307,1518,0.1388
205,1294,1499,0.1388
206,1302,1508,0.1388
208,1305,1513,0.1388
204,1292,1496,0.1388
209,1290,1499,0.1388
204,1314,1518,0.1388
203,1309,1512,0.1388
205,1308,1513,0.1388
204,1313,1517,0.1388
206,1317,1523,0.1388
207,1314,1521,0.1388
207,1322,1529,0.1388
205,1323,1528,0.1388
207,1324,1531,0.1388
199,1319,1518,0.1388
202,1314,1516,0.1388
199,1308,1507,0.1388
199,1290,1489,0.1388
202,1304,1506,0.1388
199,1306,1505,0.1388
200,1316,1516,0.1388
203,1322,1525,0.1388
200,1317,1517,0.1388
199,1314,1513,0.1388
201,1301,1502,0.1388
199,1309,1508,0.1388
199,1319,1518,0.1388
195,1313,1508,0.1388
198,1321,1519,0.1388
192,1317,1509,0.1388
195,1321,1516,0.1388
197,1326,1523,0.1388
195,1320,1515,0.1388
192,1314,1506,0.1388
191,1325,1516,0.1388
194,1325,1519,0.1388
192,1322,1514,0.1388
192,1320,1512,0.1388
194,1312,1506,0.1388
191,1297,1488,0.1388
194,1305,1499,0.1388
193,1311,1504,0.1388
191,1327,1518,0.1388
193,1328,1521,0.1388
194,1340,1534,0.1388
188,1333,1521,0.1388
190,1329,1519,0.1388
190,1330,1520,0.1388
190,1310,1500,0.1388
189,1319,1508,0.1388
190,1332,1522,0.1388
188,1323,1511,0.1388
188,1330,1518,0.1388
184,1328,1512,0.1388
187,1337,1524,0.1388
191,1327,1518,0.1388
190,1326,1516,0.1388
192,1334,1526,0.1388
196,1329,1525,0.1388
196,1333,1529,0.1388
195,1333,1528,0.1388
196,1331,1527,0.1388
198,1330,1528,0.1388
196,1328,1524,0.1388
194,1308,1502,0.1388
198,1317,1515,0.1388
193,1320,1513,0.1388
193,1314,1507,0.1388
195,1308,1503,0.1388
193,1309,1502,0.1388
196,1314,1510,0.1388
194,1327,1521,0.1388
196,1336,1532,0.1388
198,1330,1528,0.1388
197,1320,1517,0.1388
196,1327,1523,0.1388
197,1326,1523,0.1388
195,1322,1517,0.1388
198,1327,1525,0.1388
199,1320,1519,0.1388
197,1312,1509,0.1388
198,1320,1518,0.1388
197,1319,1516,0.1388
195,1317,1512,0.1388
193,1321,1514,0.1388
192,1313,1505,0.1388
191,1311,1502,0.1388
193,1308,1501,0.1388
193,1313,1506,0.1388
199,1318,1517,0.1388
197,1309,1506,0.1388
197,1308,1505,0.1388
197,1298,1495,0.1388
194,1302,1496,0.1388
192,1306,1498,0.1388
197,1313,1510,0.1388
195,1316,1511,0.1388
193,1310,1503,0.1388
192,1309,1501,0.1388
189,1322,1511,0.1388
191,1319,1510,0.1388
191,1318,1509,0.1388
196,1326,1522,0.1388
193,1326,1519,0.1388
190,1318,1508,0.1388
188,1331,1519,0.1388
191,1316,1507,0.1388
189,1331,1520,0.1388
194,1323,1517,0.1388
191,1317,1508,0.1388
188,1325,1513,0.1388
192,1317,1509,0.1388
195,1324,1519,0.1388
194,1318,1512,0.1388
194,1317,1511,0.1388
197,1320,1517,0.1388
199,1322,1521,0.1388
191,1317,1508,0.1388
191,1315,1506,0.1388
189,1325,1514,0.1388
183,1331,1514,0.1388
185,1330,1515,0.1388
186,1337,1523,0.1388
188,1344,1532,0.1388
185,1332,1517,0.1388
181,1337,1518,0.1388
184,1332,1516,0.1388
182,1336,1518,0.1388
177,1340,1517,0.1388
180,1332,1512,0.1388
182,1328,1510,0.1388
185,1337,1522,0.1388
186,1339,1525,0.1388
186,1341,1527,0.1388
182,1336,1518,0.1388
181,1323,1504,0.1388
175,1322,1497,0.1388
178,1327,1505,0.1388
180,1331,1511,0.1388
183,1325,1508,0.1388
182,1336,1518,0.1388
178,1330,1508,0.1388
178,1337,1515,0.1388
181,1349,1530,0.1388
179,1334,1513,0.1388
176,1328,1504,0.1388
182,1326,1508,0.1388
181,1345,1526,0.1388
179,1338,1517,0.1388
178,1344,1522,0.1388
172,1337,1509,0.1388
172,1337,1509,0.1388
172,1341,1513,0.1388
174,1343,1517,0.1388
171,1346,1517,0.1388
167,1331,1498,0.1388
171,1346,1517,0.1388
170,1361,1531,0.1388
172,1359,1531,0.1388
171,1348,1519,0.1388
168,1346,1514,0.1388
166,1350,1516,0.1388
166,1347,1513,0.1388
165,1356,1521,0.1388
167,1339,1506,0.1388
165,1341,1506,0.1388
163,1331,1494,0.1388
162,1329,1491,0.1388
160,1352,1512,0.1388
160,1352,1512,0.1388
156,1347,1503,0.1388
157,1350,1507,0.1388
158,1351,1509,0.1388
162,1341,1503,0.1388
161,1349,1510,0.1388
161,1352,1513,0.1388
163,1354,1517,0.1388
166,1356,1522,0.1388
166,1364,1530,0.1388
164,1355,1519,0.1388
162,1354,1516,0.1388
164,1347,1511,0.1388
161,1349,1510,0.1388
159,1355,1514,0.1388
163,1356,1519,0.1388
161,1339,1500,0.1388
163,1329,1492,0.1388
164,1332,1496,0.1388
162,1358,1520,0.1388
161,1358,1519,0.1388
160,1350,1510,0.1388
162,1354,1516,0.1388
160,1358,1518,0.1388
164,1352,1516,0.1388
162,1355,1517,0.1388
163,1359,1522,0.1388
164,1366,1530,0.1388
162,1365,1527,0.1388
163,1359,1522,0.1388
160,1361,1521,0.1388
160,1365,1525,0.1388
163,1341,1504,0.1388
162,1346,1508,0.1388
164,1348,1512,0.1388
165,1348,1513,0.1388
164,1348,1512,0.1388
165,1340,1505,0.1388
165,1356,1521,0.1388
165,1353,1518,0.1388
163,1343,1506,0.1388
171,1351,1522,0.1388
170,1341,1511,0.1388
166,1345,1511,0.1388
169,1341,1510,0.1388
172,1350,1522,0.1388
173,1351,1524,0.1388
167,1349,1516,0.1388
169,1358,1527,0.1388
165,1354,1519,0.1388
164,1351,1515,0.1388
167,1345,1512,0.1388
165,1353,1518,0.1388
164,1355,1519,0.1388
162,1359,1521,0.1388
161,1363,1524,0.1388
159,1368,1527,0.1388
157,1361,1518,0.1388
156,1357,1513,0.1388
156,1360,1516,0.1388
150,1352,1502,0.1388
148,1355,1503,0.1388
143,1356,1499,0.1388
148,1356,1504,0.1388
152,1364,1516,0.1388
151,1367,1518,0.1388
152,1358,1510,0.1388
148,1361,1509,0.1388
147,1355,1502,0.1388
151,1355,1506,0.1388
146,1360,1506,0.1388
145,1356,1501,0.1388
147,1362,1509,0.1388
144,1378,1522,0.1388
145,1368,1513,0.1388
143,1385,1528,0.1388
142,1378,1520,0.1388
140,1360,1500,0.1388
138,1368,1506,0.1388
136,1366,1502,0.1388
134,1372,1506,0.1388
137,1374,1511,0.1388
137,1372,1509,0.1388
140,1366,1506,0.1388
140,1374,1514,0.1388
139,1383,1522,0.1388
134,1385,1519,0.1388
133,1386,1519,0.1388
127,1387,1514,0.1388
132,1383,1515,0.1388
130,1384,1514,0.1388
131,1380,1511,0.1388
134,1367,1501,0.1388
139,1371,1510,0.1388
133,1378,1511,0.1388
132,1377,1509,0.1388
131,1373,1504,0.1388
133,1391,1524,0.1388
136,1389,1525,0.1388
134,1388,1522,0.1388
135,1390,1525,0.1388
134,1395,1529,0.1388
132,1383,1515,0.1388
129,1382,1511,0.1388
129,1376,1505,0.1388
130,1375,1505,0.1388
129,1376,1505,0.1388
128,1387,1515,0.1388
129,1388,1517,0.1388
129,1388,1517,0.1388
130,1383,1513,0.1388
126,1382,1508,0.1388
129,1385,1514,0.1388
129,1377,1506,0.1388
128,1387,1515,0.1388
123,1385,1508,0.1388
123,1388,1511,0.1388
123,1395,1518,0.1388
120,1386,1506,0.1388
118,1379,1497,0.1388
124,1377,1501,0.1388
126,1388,1514,0.1388
123,1394,1517,0.1388
115,1390,1505,0.1388
113,1384,1497,0.1388
111,1385,1496,0.1388
114,1377,1491,0.1388
110,1391,1501,0.1388
113,1383,1496,0.1388
116,1382,1498,0.1388
116,1394,1510,0.1388
117,1401,1518,0.1388
122,1400,1522,0.1388
123,1392,1515,0.1388
119,1383,1502,0.1388
118,1390,1508,0.1388
121,1400,1521,0.1388
120,1398,1518,0.1388
122,1404,1526,0.1388
120,1397,1517,0.1388
122,1403,1525,0.1388
122,1388,1510,0.1388
118,1386,1504,0.1388
118,1395,1513,0.1388
117,1374,1491,0.1388
116,1377,1493,0.1388
116,1377,1493,0.1388
115,1382,1497,0.1388
119,1377,1496,0.1388
122,1394,1516,0.1388
122,1394,1516,0.1388
122,1389,1511,0.1388
122,1395,1517,0.1388
118,1397,1515,0.1388
116,1397,1513,0.1388
113,1391,1504,0.1388
114,1392,1506,0.1388
117,1388,1505,0.1388
113,1394,1507,0.1388
111,1400,1511,0.1388
111,1404,1515,0.1388
114,1396,1510,0.1388
116,1396,1512,0.1388
117,1389,1506,0.1388
113,1396,1509,0.1388
112,1409,1521,0.1388
109,1403,1512,0.1388
108,1408,1516,0.1388
111,1404,1515,0.1388
113,1410,1523,0.1388
110,1404,1514,0.1388
107,1414,1521,0.1388
102,1421,1523,0.1388
102,1434,1536,0.1388
104,1418,1522,0.1388
105,1416,1521,0.1388
100,1411,1511,0.1388
100,1421,1521,0.1388
103,1415,1518,0.1388
103,1417,1520,0.1388
99,1424,1523,0.1388
97,1413,1510,0.1388
94,1404,1498,0.1388
94,1408,1502,0.1388
96,1425,1521,0.1388
96,1436,1532,0.1388
94,1419,1513,0.1388
95,1423,1518,0.1388
96,1429,1525,0.1388
93,1435,1528,0.1388
94,1435,1529,0.1388
96,1423,1519,0.1388
99,1425,1524,0.1388
99,1420,1519,0.1388
98,1426,1524,0.1388
96,1430,1526,0.1388
97,1421,1518,0.1388
97,1410,1507,0.1388
96,1416,1512,0.1388
97,1418,1515,0.1388
99,1418,1517,0.1388
100,1428,1528,0.1388
102,1419,1521,0.1388
100,1420,1520,0.1388
99,1416,1515,0.1388
99,1410,1509,0.1388
99,1420,1519,0.1388
99,1415,1514,0.1388
101,1417,1518,0.1388
102,1429,1531,0.1388
101,1430,1531,0.1388
102,1434,1536,0.1388
102,1439,1541,0.1388
101,1431,1532,0.1388
98,1420,1518,0.1388
97,1424,1521,0.1388
98,1410,1508,0.1388
99,1410,1509,0.1388
95,1416,1511,0.1388
96,1423,1519,0.1388
98,1426,1524,0.1388
98,1420,1518,0.1388
95,1434,1529,0.1388
94,1440,1534,0.1388
93,1441,1534,0.1388
93,1437,1530,0.1388
93,1426,1519,0.1388
94,1428,1522,0.1388
93,1413,1506,0.1388
93,1416,1509,0.1388
94,1431,1525,0.1388
93,1423,1516,0.1388
92,1419,1511,0.1388
89,1429,1518,0.1388
89,1430,1519,0.1388
89,1434,1523,0.1388
87,1426,1513,0.1388
90,1418,1508,0.1388
91,1418,1509,0.1388
85,1427,1512,0.1388
83,1430,1513,0.1388
85,1420,1505,0.1388
89,1425,1514,0.1388
89,1431,1520,0.1388
88,1424,1512,0.1388
89,1436,1525,0.1388
88,1443,1531,0.1388
89,1428,1517,0.1388
90,1424,1514,0.1388
93,1430,1523,0.1388
92,1416,1508,0.1388
88,1419,1507,0.1388
89,1425,1514,0.1388
90,1421,1511,0.1388
94,1406,1500,0.1388
97,1412,1509,0.1388
97,1414,1511,0.1388
94,1408,1502,0.1388
92,1410,1502,0.1388
94,1420,1514,0.1388
94,1418,1512,0.1388
95,1432,1527,0.1388
96,1431,1527,0.1388
96,1429,1525,0.1388
95,1430,1525,0.1388
94,1431,1525,0.1388
93,1439,1532,0.1388
92,1417,1509,0.1388
94,1417,1511,0.1388
92,1422,1514,0.1388
86,1419,1505,0.1388
85,1422,1507,0.1388
87,1412,1499,0.1388
88,1414,1502,0.1388
89,1429,1518,0.1388
90,1415,1505,0.1388
89,1405,1494,0.1388
89,1414,1503,0.1388
88,1420,1508,0.1388
88,1438,1526,0.1388
87,1431,1518,0.1388
85,1433,1518,0.1388
87,1431,1518,0.1388
89,1430,1519,0.1388
87,1452,1539,0.1388
86,1444,1530,0.1388
90,1444,1534,0.1388
89,1448,1537,0.1388
86,1441,1527,0.1388
87,1447,1534,0.1388
86,1434,1520,0.1388
89,1418,1507,0.1388
87,1419,1506,0.1388
85,1417,1502,0.1388
84,1426,1510,0.1388
82,1426,1508,0.1388
84,1418,1502,0.1388
84,1419,1503,0.1388
82,1429,1511,0.1388
82,1425,1507,0.1388
83,1431,1514,0.1388
79,1434,1513,0.1388
81,1442,1523,0.1388
80,1445,1525,0.1388
82,1445,1527,0.1388
84,1444,1528,0.1388
85,1422,1507,0.1388
85,1418,1503,0.1388
84,1425,1509,0.1388
84,1414,1498,0.1388
83,1429,1512,0.1388
82,1414,1496,0.1388
83,1428,1511,0.1388
85,1436,1521,0.1388
81,1446,1527,0.1388
77,1448,1525,0.1388
75,1444,1519,0.1388
78,1438,1516,0.1388
79,1434,1513,0.1388
78,1432,1510,0.1388
82,1436,1518,0.1388
79,1429,1508,0.1388
83,1431,1514,0.1388
82,1433,1515,0.1388
85,1443,1528,0.1388
85,1444,1529,0.1388
83,1433,1516,0.1388
82,1440,1522,0.1388
81,1443,1524,0.1388
81,1453,1534,0.1388
81,1455,1536,0.1388
80,1442,1522,0.1388
79,1433,1512,0.1388
80,1431,1511,0.1388
79,1427,1506,0.1388
78,1429,1507,0.1388
77,1434,1511,0.1388
75,1446,1521,0.1388
75,1441,1516,0.1388
74,1444,1518,0.1388
76,1420,1496,0.1388
71,1422,1493,0.1388
72,1424,1496,0.1388
73,1434,1507,0.1388
73,1438,1511,0.1388
75,1434,1509,0.1388
78,1439,1517,0.1388
78,1424,1502,0.1388
80,1428,1508,0.1388
79,1419,1498,0.1388
79,1425,1504,0.1388
77,1430,1507,0.1388
76,1450,1526,0.1388
77,1447,1524,0.1388
79,1436,1515,0.1388
79,1444,1523,0.1388
79,1441,1520,0.1388
82,1433,1515,0.1388
81,1434,1515,0.1388
78,1435,1513,0.1388
77,1427,1504,0.1388
80,1436,1516,0.1388
80,1437,1517,0.1388
84,1425,1509,0.1388
82,1427,1509,0.1388
83,1427,1510,0.1388
83,1435,1518,0.1388
82,1442,1524,0.1388
79,1451,1530,0.1388
79,1449,1528,0.1388
81,1432,1513,0.1388
81,1435,1516,0.1388
77,1432,1509,0.1388
79,1437,1516,0.1388
78,1440,1518,0.1388
80,1427,1507,0.1388
76,1415,1491,0.1388
72,1430,1502,0.1388
72,1427,1499,0.1388
72,1435,1507,0.1388
71,1443,1514,0.1388
74,1451,1525,0.1388
70,1443,1513,0.1388
70,1458,1528,0.1388
68,1450,1518,0.1388
71,1447,1518,0.1388
73,1436,1509,0.1388
73,1431,1504,0.1388
73,1435,1508,0.1388
70,1437,1507,0.1388
73,1438,1511,0.1388
75,1438,1513,0.1388
75,1445,1520,0.1388
77,1449,1526,0.1388
76,1456,1532,0.1388
77,1450,1527,0.1388
76,1442,1518,0.1388
74,1439,1513,0.1388
74,1434,1508,0.1388
73,1444,1517,0.1388
70,1436,1506,0.1388
68,1441,1509,0.1388
67,1445,1512,0.1388
67,1447,1514,0.1388
66,1447,1513,0.1388
66,1451,1517,0.1388
69,1452,1521,0.1388
66,1457,1523,0.1388
65,1452,1517,0.1388
66,1456,1522,0.1388
63,1455,1518,0.1388
63,1452,1515,0.1388
67,1460,1527,0.1388
66,1445,1511,0.1388
64,1456,1520,0.1388
65,1456,1521,0.1388
66,1466,1532,0.1388
64,1464,1528,0.1388
64,1456,1520,0.1388
65,1458,1523,0.1388
64,1451,1515,0.1388
64,1462,1526,0.1388
60,1456,1516,0.1388
59,1450,1509,0.1388
62,1453,1515,0.1388
62,1450,1512,0.1388
64,1455,1519,0.1388
65,1452,1517,0.1388
65,1457,1522,0.1388
63,1460,1523,0.1388
61,1467,1528,0.1388
64,1456,1520,0.1388
63,1446,1509,0.1388
64,1452,1516,0.1388
63,1449,1512,0.1388
61,1454,1515,0.1388
64,1465,1529,0.1388
62,1461,1523,0.1388
61,1469,1530,0.1388
63,1466,1529,0.1388
62,1459,1521,0.1388
64,1467,1531,0.1388
63,1466,1529,0.1388
60,1471,1531,0.1388
61,1472,1533,0.1388
59,1464,1523,0.1388
61,1456,1517,0.1388
63,1448,1511,0.1388
65,1447,1512,0.1388
61,1455,1516,0.1388
63,1461,1524,0.1388
65,1457,1522,0.1388
64,1449,1513,0.1388
64,1449,1513,0.1388
65,1453,1518,0.1388
63,1448,1511,0.1388
61,1450,1511,0.1388
63,1452,1515,0.1388
65,1454,1519,0.1388
64,1448,1512,0.1388
63,1455,1518,0.1388
62,1458,1520,0.1388
61,1460,1521,0.1388
59,1446,1505,0.1388
61,1449,1510,0.1388
60,1453,1513,0.1388
61,1447,1508,0.1388
63,1446,1509,0.1388
63,1448,1511,0.1388
64,1446,1510,0.1388
63,1445,1508,0.1388
65,1443,1508,0.1388
68,1447,1515,0.1388
68,1456,1524,0.1388
68,1451,1519,0.1388
68,1455,1523,0.1388
66,1452,1518,0.1388
68,1460,1528,0.1388
68,1460,1528,0.1388
62,1453,1515,0.1388
63,1448,1511,0.1388
63,1452,1515,0.1388
62,1452,1514,0.1388
62,1456,1518,0.1388
60,1460,1520,0.1388
58,1467,1525,0.1388
57,1456,1513,0.1388
55,1461,1516,0.1388
58,1451,1509,0.1388
60,1458,1518,0.1388
62,1460,1522,0.1388
60,1446,1506,0.1388
62,1447,1509,0.1388
59,1455,1514,0.1388
57,1465,1522,0.1388
56,1444,1500,0.1388
53,1451,1504,0.1388
54,1459,1513,0.1388
53,1448,1501,0.1388
52,1447,1499,0.1388
55,1458,1513,0.1388
55,1454,1509,0.1388
55,1460,1515,0.1388
50,1453,1503,0.1388
51,1462,1513,0.1388
53,1465,1518,0.1388
52,1459,1511,0.1388
53,1445,1498,0.1388
52,1449,1501,0.1388
55,1440,1495,0.1388
54,1447,1501,0.1388
52,1454,1506,0.1388
51,1470,1521,0.1388
48,1473,1521,0.1388
48,1454,1502,0.1388
46,1460,1506,0.1388
47,1462,1509,0.1388
47,1459,1506,0.1388
48,1451,1499,0.1388
48,1453,1501,0.1388
49,1456,1505,0.1388
49,1458,1507,0.1388
48,1471,1519,0.1388
49,1472,1521,0.1388
50,1472,1522,0.1388
48,1468,1516,0.1388
49,1463,1512,0.1388
49,1457,1506,0.1388
50,1460,1510,0.1388
49,1469,1518,0.1388
50,1467,1517,0.1388
49,1463,1512,0.1388
49,1467,1516,0.1388
48,1477,1525,0.1388
48,1463,1511,0.1388
47,1465,1512,0.1388
47,1464,1511,0.1388
47,1469,1516,0.1388
47,1472,1519,0.1388
42,1472,1514,0.1388
41,1474,1515,0.1388
42,1471,1513,0.1388
43,1474,1517,0.1388
44,1477,1521,0.1388
44,1467,1511,0.1388
44,1465,1509,0.1388
43,1470,1513,0.1388
44,1488,1532,0.1388
42,1478,1520,0.1388
43,1478,1521,0.1388
43,1477,1520,0.1388
44,1478,1522,0.1388
43,1481,1524,0.1388
45,1479,1524,0.1388
45,1471,1516,0.1388
46,1474,1520,0.1388
45,1478,1523,0.1388
42,1488,1530,0.1388
42,1491,1533,0.1388
41,1478,1519,0.1388
41,1474,1515,0.1388
42,1463,1505,0.1388
41,1465,1506,0.1388
40,1478,1518,0.1388
40,1472,1512,0.1388
40,1474,1514,0.1388
42,1475,1517,0.1388
41,1469,1510,0.1388
43,1465,1508,0.1388
41,1465,1506,0.1388
38,1471,1509,0.1388
40,1473,1513,0.1388
36,1476,1512,0.1388
38,1479,1517,0.1388
39,1482,1521,0.1388
41,1482,1523,0.1388
39,1493,1532,0.1388
39,1477,1516,0.1388
39,1476,1515,0.1388
39,1462,1501,0.1388
38,1463,1501,0.1388
38,1481,1519,0.1388
36,1483,1519,0.1388
35,1480,1515,0.1388
34,1486,1520,0.1388
35,1485,1520,0.1388
34,1496,1530,0.1388
34,1491,1525,0.1388
33,1482,1515,0.1388
30,1500,1530,0.1388
34,1497,1531,0.1388
35,1497,1532,0.1388
33,1498,1531,0.1388
34,1490,1524,0.1388
34,1490,1524,0.1388
33,1477,1510,0.1388
32,1478,1510,0.1388
33,1480,1513,0.1388
33,1488,1521,0.1388
30,1493,1523,0.1388
32,1485,1517,0.1388
31,1493,1524,0.1388
31,1486,1517,0.1388
30,1483,1513,0.1388
30,1490,1520,0.1388
27,1485,1512,0.1388
28,1479,1507,0.1388
28,1481,1509,0.1388
28,1499,1527,0.1388
31,1488,1519,0.1388
30,1478,1508,0.1388
30,1480,1510,0.1388
30,1475,1505,0.1388
31,1484,1515,0.1388
31,1489,1520,0.1388
31,1488,1519,0.1388
32,1489,1521,0.1388
31,1490,1521,0.1388
31,1489,1520,0.1388
30,1490,1520,0.1388
29,1485,1514,0.1388
28,1485,1513,0.1388
28,1494,1522,0.1388
29,1483,1512,0.1388
30,1497,1527,0.1388
31,1490,1521,0.1388
31,1492,1523,0.1388
32,1495,1527,0.1388
30,1502,1532,0.1388
28,1494,1522,0.1388
28,1497,1525,0.1388
28,1505,1533,0.1388
27,1505,1532,0.1388
26,1512,1538,0.1388
27,1505,1532,0.1388
28,1509,1537,0.1388
29,1492,1521,0.1388
28,1478,1506,0.1388
29,1494,1523,0.1388
29,1492,1521,0.1388
29,1493,1522,0.1388
28,1487,1515,0.1388
29,1491,1520,0.1388
29,1483,1512,0.1388
30,1478,1508,0.1388
31,1486,1517,0.1388
31,1488,1519,0.1388
32,1483,1515,0.1388
32,1483,1515,0.1388
31,1477,1508,0.1388
30,1487,1517,0.1388
31,1490,1521,0.1388
31,1489,1520,0.1388
31,1476,1507,0.1388
31,1483,1514,0.1388
32,1484,1516,0.1388
31,1495,1526,0.1388
31,1498,1529,0.1388
30,1497,1527,0.1388
30,1496,1526,0.1388
31,1495,1526,0.1388
30,1495,1525,0.1388
31,1498,1529,0.1388
32,1492,1524,0.1388
31,1484,1515,0.1388
30,1494,1524,0.1388
29,1491,1520,0.1388
32,1494,1526,0.1388
32,1492,1524,0.1388
33,1500,1533,0.1388
33,1498,1531,0.1388
32,1475,1507,0.1388
32,1478,1510,0.1388
33,1497,1530,0.1388
33,1483,1516,0.1388
32,1482,1514,0.1388
32,1492,1524,0.1388
34,1480,1514,0.1388
33,1489,1522,0.1388
33,1496,1529,0.1388
33,1492,1525,0.1388
33,1498,1531,0.1388
32,1495,1527,0.1388
33,1480,1513,0.1388
31,1478,1509,0.1388
31,1488,1519,0.1388
31,1494,1525,0.1388
33,1502,1535,0.1388
33,1494,1527,0.1388
30,1485,1515,0.1388
32,1476,1508,0.1388
32,1497,1529,0.1388
30,1492,1522,0.1388
27,1496,1523,0.1388
28,1495,1523,0.1388
28,1493,1521,0.1388
27,1490,1517,0.1388
28,1481,1509,0.1388
27,1489,1516,0.1388
27,1490,1517,0.1388
26,1483,1509,0.1388
24,1480,1504,0.1388
23,1485,1508,0.1388
23,1477,1500,0.1388
24,1496,1520,0.1388
24,1498,1522,0.1388
26,1484,1510,0.1388
26,1483,1509,0.1388
27,1476,1503,0.1388
27,1486,1513,0.1388
28,1488,1516,0.1388
28,1486,1514,0.1388
28,1482,1510,0.1388
27,1481,1508,0.1388
28,1484,1512,0.1388
29,1490,1519,0.1388
28,1494,1522,0.1388
28,1484,1512,0.1388
28,1485,1513,0.1388
28,1501,1529,0.1388
28,1490,1518,0.1388
28,1495,1523,0.1388
28,1491,1519,0.1388
28,1484,1512,0.1388
27,1497,1524,0.1388
27,1497,1524,0.1388
26,1495,1521,0.1388
25,1498,1523,0.1388
24,1491,1515,0.1388
24,1502,1526,0.1388
23,1497,1520,0.1388
24,1484,1508,0.1388
25,1495,1520,0.1388
25,1499,1524,0.1388
25,1488,1513,0.1388
24,1478,1502,0.1388
23,1485,1508,0.1388
22,1494,1516,0.1388
22,1494,1516,0.1388
23,1504,1527,0.1388
23,1513,1536,0.1388
26,1500,1526,0.1388
27,1502,1529,0.1388
28,1499,1527,0.1388
28,1492,1520,0.1388
27,1481,1508,0.1388
27,1497,1524,0.1388
27,1494,1521,0.1388
27,1502,1529,0.1388
28,1499,1527,0.1388
29,1505,1534,0.1388
29,1498,1527,0.1388
27,1480,1507,0.1388
26,1479,1505,0.1388
27,1468,1495,0.1388
27,1481,1508,0.1388
27,1476,1503,0.1388
28,1483,1511,0.1388
28,1499,1527,0.1388
28,1500,1528,0.1388
27,1507,1534,0.1388
25,1495,1520,0.1388
25,1492,1517,0.1388
26,1486,1512,0.1388
26,1502,1528,0.1388
26,1506,1532,0.1388
27,1500,1527,0.1388
27,1490,1517,0.1388
27,1502,1529,0.1388
27,1499,1526,0.1388
28,1502,1530,0.1388
28,1496,1524,0.1388
28,1492,1520,0.1388
28,1498,1526,0.1388
26,1487,1513,0.1388
27,1473,1500,0.1388
26,1489,1515,0.1388
26,1486,1512,0.1388
26,1491,1517,0.1388
24,1495,1519,0.1388
24,1493,1517,0.1388
24,1472,1496,0.1388
23,1472,1495,0.1388
25,1477,1502,0.1388
22,1471,1493,0.1388
23,1484,1507,0.1388
23,1497,1520,0.1388
23,1498,1521,0.1388
22,1502,1524,0.1388
22,1497,1519,0.1388
22,1502,1524,0.1388
21,1493,1514,0.1388
20,1486,1506,0.1388
22,1486,1508,0.1388
23,1489,1512,0.1388
22,1498,1520,0.1388
22,1500,1522,0.1388
22,1493,1515,0.1388
22,1484,1506,0.1388
23,1477,1500,0.1388
23,1490,1513,0.1388
21,1500,1521,0.1388
20,1491,1511,0.1388
21,1495,1516,0.1388
22,1506,1528,0.1388
22,1496,1518,0.1388
23,1496,1519,0.1388
24,1495,1519,0.1388
24,1489,1513,0.1388
24,1481,1505,0.1388
25,1490,1515,0.1388
26,1496,1522,0.1388
24,1497,1521,0.1388
24,1494,1518,0.1388
25,1488,1513,0.1388
23,1481,1504,0.1388
23,1487,1510,0.1388
23,1491,1514,0.1388
23,1499,1522,0.1388
23,1493,1516,0.1388
23,1501,1524,0.1388
23,1486,1509,0.1388
22,1502,1524,0.1388
22,1492,1514,0.1388
22,1486,1508,0.1388
22,1499,1521,0.1388
22,1493,1515,0.1388
22,1480,1502,0.1388
22,1466,1488,0.1388
21,1485,1506,0.1388
21,1485,1506,0.1388
21,1481,1502,0.1388
22,1487,1509,0.1388
23,1495,1518,0.1388
23,1493,1516,0.1388
23,1490,1513,0.1388
22,1494,1516,0.1388
22,1500,1522,0.1388
22,1487,1509,0.1388
22,1487,1509,0.1388
22,1487,1509,0.1388
22,1492,1514,0.1388
22,1494,1516,0.1388
20,1475,1495,0.1388
20,1476,1496,0.1388
16,1490,1506,0.1388
16,1507,1523,0.1388
17,1491,1508,0.1388
17,1502,1519,0.1388
17,1488,1505,0.1388
18,1495,1513,0.1388
18,1502,1520,0.1388
20,1505,1525,0.1388
20,1506,1526,0.1388
20,1508,1528,0.1388
21,1508,1529,0.1388
20,1509,1529,0.1388
20,1498,1518,0.1388
20,1501,1521,0.1388
20,1508,1528,0.1388
20,1499,1519,0.1388
20,1490,1510,0.1388
21,1491,1512,0.1388
21,1494,1515,0.1388
20,1494,1514,0.1388
21,1500,1521,0.1388
21,1504,1525,0.1388
21,1498,1519,0.1388
21,1497,1518,0.1388
21,1495,1516,0.1388
21,1500,1521,0.1388
21,1499,1520,0.1388
21,1476,1497,0.1388
22,1489,1511,0.1388
21,1476,1497,0.1388
21,1478,1499,0.1388
21,1485,1506,0.1388
20,1489,1509,0.1388
20,1500,1520,0.1388
21,1499,1520,0.1388
21,1504,1525,0.1388
21,1493,1514,0.1388
20,1494,1514,0.1388
21,1500,1521,0.1388
21,1504,1525,0.1388
19,1502,1521,0.1388
20,1495,1515,0.1388
20,1498,1518,0.1388
20,1510,1530,0.1388
20,1503,1523,0.1388
20,1504,1524,0.1388
19,1490,1509,0.1388
19,1502,1521,0.1388
21,1501,1522,0.1388
20,1488,1508,0.1388
21,1476,1497,0.1388
20,1492,1512,0.1388
20,1487,1507,0.1388
19,1485,1504,0.1388
21,1489,1510,0.1388
21,1494,1515,0.1388
21,1509,1530,0.1388
21,1521,1542,0.1388
22,1522,1544,0.1388
23,1508,1531,0.1388
22,1500,1522,0.1388
21,1511,1532,0.1388
20,1504,1524,0.1388
21,1505,1526,0.1388
20,1501,1521,0.1388
21,1500,1521,0.1388
21,1493,1514,0.1388
20,1496,1516,0.1388
21,1509,1530,0.1388
20,1510,1530,0.1388
19,1493,1512,0.1388
19,1497,1516,0.1388
19,1493,1512,0.1388
20,1493,1513,0.1388
20,1488,1508,0.1388
20,1489,1509,0.1388
20,1484,1504,0.1388
20,1474,1494,0.1388
19,1494,1513,0.1388
19,1491,1510,0.1388
20,1487,1507,0.1388
20,1484,1504,0.1388
20,1495,1515,0.1388
20,1497,1517,0.1388
20,1494,1514,0.1388
19,1487,1506,0.1388
18,1486,1504,0.1388
19,1490,1509,0.1388
17,1500,1517,0.1388
16,1507,1523,0.1388
16,1491,1507,0.1388
16,1501,1517,0.1388
18,1509,1527,0.1388
17,1503,1520,0.1388
16,1496,1512,0.1388
16,1500,1516,0.1388
16,1500,1516,0.1388
16,1505,1521,0.1388
16,1509,1525,0.1388
16,1511,1527,0.1388
16,1507,1523,0.1388
16,1512,1528,0.1388
16,1505,1521,0.1388
17,1501,1518,0.1388
17,1501,1518,0.1388
16,1507,1523,0.1388
16,1488,1504,0.1388
17,1495,1512,0.1388
17,1489,1506,0.1388
17,1496,1513,0.1388
17,1499,1516,0.1388
16,1490,1506,0.1388
16,1476,1492,0.1388
16,1476,1492,0.1388
17,1491,1508,0.1388
17,1500,1517,0.1388
16,1496,1512,0.1388
17,1499,1516,0.1388
17,1497,1514,0.1388
18,1499,1517,0.1388
19,1498,1517,0.1388
19,1505,1524,0.1388
18,1500,1518,0.1388
17,1499,1516,0.1388
17,1507,1524,0.1388
18,1517,1535,0.1388
19,1516,1535,0.1388
19,1503,1522,0.1388
19,1500,1519,0.1388
19,1497,1516,0.1388
19,1501,1520,0.1388
19,1499,1518,0.1388
17,1498,1515,0.1388
16,1510,1526,0.1388
16,1510,1526,0.1388
15,1508,1523,0.1388
13,1513,1526,0.1388
14,1506,1520,0.1388
13,1490,1503,0.1388
14,1484,1498,0.1388
13,1487,1500,0.1388
13,1509,1522,0.1388
14,1499,1513,0.1388
16,1496,1512,0.1388
16,1492,1508,0.1388
15,1500,1515,0.1388
15,1500,1515,0.1388
15,1500,1515,0.1388
15,1503,1518,0.1388
16,1505,1521,0.1388
17,1502,1519,0.1388
17,1498,1515,0.1388
17,1495,1512,0.1388
17,1505,1522,0.1388
17,1503,1520,0.1388
17,1486,1503,0.1388
18,1494,1512,0.1388
17,1502,1519,0.1388
17,1503,1520,0.1388
14,1501,1515,0.1388
14,1508,1522,0.1388
15,1503,1518,0.1388
16,1506,1522,0.1388
16,1494,1510,0.1388
16,1503,1519,0.1388
16,1513,1529,0.1388
15,1520,1535,0.1388
14,1504,1518,0.1388
14,1504,1518,0.1388
15,1503,1518,0.1388
15,1501,1516,0.1388
15,1489,1504,0.1388
16,1500,1516,0.1388
16,1497,1513,0.1388
16,1491,1507,0.1388
16,1496,1512,0.1388
16,1493,1509,0.1388
17,1494,1511,0.1388
19,1497,1516,0.1388
20,1504,1524,0.1388
20,1494,1514,0.1388
19,1497,1516,0.1388
19,1490,1509,0.1388
20,1491,1511,0.1388
21,1508,1529,0.1388
21,1510,1531,0.1388
22,1501,1523,0.1388
22,1497,1519,0.1388
22,1509,1531,0.1388
22,1503,1525,0.1388
22,1505,1527,0.1388
21,1482,1503,0.1388
21,1478,1499,0.1388
21,1480,1501,0.1388
21,1471,1492,0.1388
20,1475,1495,0.1388
20,1478,1498,0.1388
20,1489,1509,0.1388
20,1488,1508,0.1388
19,1503,1522,0.1388
18,1508,1526,0.1388
19,1508,1527,0.1388
19,1499,1518,0.1388
19,1488,1507,0.1388
18,1499,1517,0.1388
16,1497,1513,0.1388
17,1500,1517,0.1388
18,1490,1508,0.1388
18,1488,1506,0.1388
17,1501,1518,0.1388
16,1500,1516,0.1388
17,1498,1515,0.1388
15,1499,1514,0.1388
16,1490,1506,0.1388
15,1496,1511,0.1388
14,1506,1520,0.1388
15,1511,1526,0.1388
16,1505,1521,0.1388
16,1497,1513,0.1388
16,1502,1518,0.1388
17,1508,1525,0.1388
17,1501,1518,0.1388
17,1502,1519,0.1388
16,1498,1514,0.1388
16,1491,1507,0.1388
16,1497,1513,0.1388
15,1506,1521,0.1388
16,1507,1523,0.1388
16,1490,1506,0.1388
17,1496,1513,0.1388
17,1491,1508,0.1388
17,1496,1513,0.1388
17,1493,1510,0.1388
16,1497,1513,0.1388
15,1489,1504,0.1388
15,1514,1529,0.1388
15,1508,1523,0.1388
15,1513,1528,0.1388
15,1510,1525,0.1388
15,1505,1520,0.1388
16,1507,1523,0.1388
16,1520,1536,0.1388
17,1519,1536,0.1388
17,1521,1538,0.1388
17,1509,1526,0.1388
17,1503,1520,0.1388
17,1504,1521,0.1388
17,1502,1519,0.1388
16,1493,1509,0.1388
14,1506,1520,0.1388
16,1501,1517,0.1388
15,1504,1519,0.1388
15,1507,1522,0.1388
14,1509,1523,0.1388
16,1512,1528,0.1388
16,1515,1531,0.1388
17,1506,1523,0.1388
16,1512,1528,0.1388
16,1510,1526,0.1388
16,1512,1528,0.1388
17,1500,1517,0.1388
17,1509,1526,0.1388
17,1507,1524,0.1388
17,1496,1513,0.1388
17,1498,1515,0.1388
17,1499,1516,0.1388
17,1489,1506,0.1388
17,1486,1503,0.1388
17,1503,1520,0.1388
17,1499,1516,0.1388
16,1504,1520,0.1388
15,1497,1512,0.1388
15,1512,1527,0.1388
15,1514,1529,0.1388
15,1511,1526,0.1388
15,1500,1515,0.1388
16,1505,1521,0.1388
16,1498,1514,0.1388
16,1503,1519,0.1388
16,1503,1519,0.1388
16,1501,1517,0.1388
15,1490,1505,0.1388
15,1496,1511,0.1388
15,1496,1511,0.1388
15,1496,1511,0.1388
14,1501,1515,0.1388
14,1500,1514,0.1388
14,1509,1523,0.1388
14,1512,1526,0.1388
13,1494,1507,0.1388
13,1511,1524,0.1388
13,1513,1526,0.1388
13,1506,1519,0.1388
13,1501,1514,0.1388
12,1504,1516,0.1388
11,1504,1515,0.1388
11,1504,1515,0.1388
12,1505,1517,0.1388
10,1498,1508,0.1388
10,1507,1517,0.1388
11,1505,1516,0.1388
11,1518,1529,0.1388
11,1512,1523,0.1388
11,1519,1530,0.1388
10,1512,1522,0.1388
10,1514,1524,0.1388
9,1511,1520,0.1388
10,1513,1523,0.1388
11,1517,1528,0.1388
11,1503,1514,0.1388
11,1504,1515,0.1388
10,1491,1501,0.1388
10,1507,1517,0.1388
10,1488,1498,0.1388
10,1500,1510,0.1388
10,1495,1505,0.1388
10,1492,1502,0.1388
9,1499,1508,0.1388
9,1495,1504,0.1388
10,1501,1511,0.1388
10,1492,1502,0.1388
11,1487,1498,0.1388
10,1506,1516,0.1388
10,1490,1500,0.1388
10,1508,1518,0.1388
9,1506,1515,0.1388
9,1494,1503,0.1388
8,1492,1500,0.1388
8,1501,1509,0.1388
9,1497,1506,0.1388
9,1495,1504,0.1388
8,1487,1495,0.1388
9,1507,1516,0.1388
9,1491,1500,0.1388
9,1505,1514,0.1388
9,1506,1515,0.1388
8,1514,1522,0.1388
8,1503,1511,0.1388
8,1495,1503,0.1388
8,1505,1513,0.1388
8,1509,1517,0.1388
7,1507,1514,0.1388
7,1511,1518,0.1388
6,1519,1525,0.1388
6,1514,1520,0.1388
6,1517,1523,0.1388
6,1513,1519,0.1388
6,1503,1509,0.1388
7,1512,1519,0.1388
7,1525,1532,0.1388
7,1511,1518,0.1388
7,1508,1515,0.1388
8,1498,1506,0.1388
8,1499,1507,0.1388
9,1491,1500,0.1388
9,1504,1513,0.1388
9,1511,1520,0.1388
9,1501,1510,0.1388
9,1502,1511,0.1388
9,1503,1512,0.1388
9,1497,1506,0.1388
8,1488,1496,0.1388
9,1488,1497,0.1388
9,1492,1501,0.1388
8,1494,1502,0.1388
7,1496,1503,0.1388
7,1508,1515,0.1388
7,1513,1520,0.1388
7,1505,1512,0.1388
7,1505,1512,0.1388
6,1522,1528,0.1388
6,1524,1530,0.1388
6,1519,1525,0.1388
7,1512,1519,0.1388
7,1509,1516,0.1388
7,1505,1512,0.1388
7,1499,1506,0.1388
7,1515,1522,0.1388
6,1514,1520,0.1388
6,1508,1514,0.1388
6,1513,1519,0.1388
6,1511,1517,0.1388
6,1502,1508,0.1388
6,1509,1515,0.1388
6,1501,1507,0.1388
6,1507,1513,0.1388
7,1505,1512,0.1388
6,1501,1507,0.1388
6,1498,1504,0.1388
6,1505,1511,0.1388
6,1497,1503,0.1388
6,1492,1498,0.1388
6,1497,1503,0.1388
6,1493,1499,0.1388
6,1497,1503,0.1388
6,1495,1501,0.1388
6,1516,1522,0.1388
6,1510,1516,0.1388
6,1517,1523,0.1388
6,1506,1512,0.1388
6,1513,1519,0.1388
6,1505,1511,0.1388
6,1498,1504,0.1388
6,1517,1523,0.1388
6,1516,1522,0.1388
6,1528,1534,0.1388
6,1528,1534,0.1388
6,1517,1523,0.1388
6,1509,1515,0.1388
6,1513,1519,0.1388
5,1517,1522,0.1388
5,1522,1527,0.1388
5,1511,1516,0.1388
5,1514,1519,0.1388
5,1518,1523,0.1388
5,1509,1514,0.1388
5,1516,1521,0.1388
5,1506,1511,0.1388
5,1492,1497,0.1388
5,1492,1497,0.1388
5,1504,1509,0.1388
5,1510,1515,0.1388
5,1517,1522,0.1388
5,1512,1517,0.1388
5,1520,1525,0.1388
4,1528,1532,0.1388
4,1519,1523,0.1388
4,1523,1527,0.1388
4,1525,1529,0.1388
4,1534,1538,0.1388
4,1516,1520,0.1388
4,1509,1513,0.1388
4,1512,1516,0.1388
3,1510,1513,0.1388
4,1517,1521,0.1388
4,1525,1529,0.1388
4,1528,1532,0.1388
3,1527,1530,0.1388
3,1518,1521,0.1388
3,1504,1507,0.1388
3,1515,1518,0.1388
3,1512,1515,0.1388
3,1530,1533,0.1388
3,1529,1532,0.1388
3,1514,1517,0.1388
3,1519,1522,0.1388
3,1518,1521,0.1388
3,1516,1519,0.1388
3,1521,1524,0.1388
3,1523,1526,0.1388
3,1519,1522,0.1388
3,1519,1522,0.1388
3,1519,1522,0.1388
3,1518,1521,0.1388
3,1523,1526,0.1388
2,1512,1514,0.1388
2,1513,1515,0.1388
3,1515,1518,0.1388
3,1521,1524,0.1388
3,1520,1523,0.1388
3,1504,1507,0.1388
3,1498,1501,0.1388
3,1503,1506,0.1388
3,1509,1512,0.1388
3,1507,1510,0.1388
3,1509,1512,0.1388
3,1507,1510,0.1388
3,1510,1513,0.1388
3,1514,1517,0.1388
2,1511,1513,0.1388
2,1516,1518,0.1388
2,1502,1504,0.1388
2,1505,1507,0.1388
2,1508,1510,0.1388
2,1514,1516,0.1388
1,1522,1523,0.1388
1,1519,1520,0.1388
1,1508,1509,0.1388
1,1502,1503,0.1388
1,1514,1515,0.1388
1,1526,1527,0.1388
1,1521,1522,0.1388
1,1523,1524,0.1388
1,1516,1517,0.1388
1,1526,1527,0.1388
1,1526,1527,0.1388
1,1524,1525,0.1388
1,1521,1522,0.1388
1,1515,1516,0.1388
1,1527,1528,0.1388
1,1507,1508,0.1388
1,1490,1491,0.1388
1,1502,1503,0.1388
1,1511,1512,0.1388
1,1510,1511,0.1388
1,1509,1510,0.1388
1,1509,1510,0.1388
1,1510,1511,0.1388
1,1502,1503,0.1388
1,1515,1516,0.1388
1,1507,1508,0.1388
1,1510,1511,0.1388
1,1515,1516,0.1388
1,1513,1514,0.1388
1,1514,1515,0.1388
1,1519,1520,0.1388
1,1524,1525,0.1388
1,1517,1518,0.1388
1,1518,1519,0.1388
1,1514,1515,0.1388
1,1514,1515,0.1388
1,1504,1505,0.1388
1,1499,1500,0.1388
1,1497,1498,0.1388
1,1514,1515,0.1388
1,1508,1509,0.1388
1,1509,1510,0.1388
1,1504,1505,0.1388
1,1510,1511,0.1388
1,1516,1517,0.1388
1,1505,1506,0.1388
1,1512,1513,0.1388
1,1519,1520,0.1388
1,1508,1509,0.1388
1,1510,1511,0.1388
1,1519,1520,0.1388
1,1514,1515,0.1388
1,1519,1520,0.1388
1,1502,1503,0.1388
1,1502,1503,0.1388
1,1516,1517,0.1388
1,1520,1521,0.1388
1,1531,1532,0.1388
1,1531,1532,0.1388
1,1520,1521,0.1388
1,1532,1533,0.1388
1,1521,1522,0.1388
1,1529,1530,0.1388
1,1527,1528,0.1388
1,1529,1530,0.1388
1,1524,1525,0.1388
1,1512,1513,0.1388
1,1506,1507,0.1388
1,1501,1502,0.1388
1,1498,1499,0.1388
1,1519,1520,0.1388
1,1515,1516,0.1388
1,1521,1522,0.1388
1,1522,1523,0.1388
1,1510,1511,0.1388
0,1513,1513,0.1388
