1375,27,1402,0.1388
1409,24,1433,0.1388
1434,24,1458,0.1388
1437,23,1460,0.1388
1444,23,1467,0.1388
1446,24,1470,0.1388
1455,25,1480,0.1388
1475,23,1498,0.1388
1462,24,1486,0.1388
1457,23,1480,0.1388
1470,22,1492,0.1388
1492,22,1514,0.1388
1484,25,1509,0.1388
1488,24,1512,0.1388
1473,23,1496,0.1388
1479,21,1500,0.1388
1492,20,1512,0.1388
1470,22,1492,0.1388
1474,24,1498,0.1388
1467,25,1492,0.1388
1466,26,1492,0.1388
1464,28,1492,0.1388
1456,30,1486,0.1388
1460,30,1490,0.1388
1453,31,1484,0.1388
1478,31,1509,0.1388
1480,30,1510,0.1388
1477,29,1506,0.1388
1484,28,1512,0.1388
1482,28,1510,0.1388
1479,26,1505,0.1388
1472,28,1500,0.1388
1475,27,1502,0.1388
1479,28,1507,0.1388
1476,27,1503,0.1388
1464,26,1490,0.1388
1462,24,1486,0.1388
1476,25,1501,0.1388
1462,27,1489,0.1388
1459,27,1486,0.1388
1444,27,1471,0.1388
1462,25,1487,0.1388
1458,27,1485,0.1388
1476,28,1504,0.1388
1468,27,1495,0.1388
1463,28,1491,0.1388
1468,28,1496,0.1388
1474,28,1502,0.1388
1464,29,1493,0.1388
1445,28,1473,0.1388
1453,28,1481,0.1388
1448,28,1476,0.1388
1445,27,1472,0.1388
1450,30,1480,0.1388
1460,31,1491,0.1388
1471,32,1503,0.1388
1461,30,1491,0.1388
1460,31,1491,0.1388
1469,32,1501,0.1388
1476,33,1509,0.1388
1468,35,1503,0.1388
1474,34,1508,0.1388
1470,31,1501,0.1388
1459,33,1492,0.1388
1453,32,1485,0.1388
1461,31,1492,0.1388
1475,31,1506,0.1388
1470,33,1503,0.1388
1465,34,1499,0.1388
1460,34,1494,0.1388
1452,33,1485,0.1388
1444,32,1476,0.1388
1450,31,1481,0.1388
1442,32,1474,0.1388
1451,32,1483,0.1388
1448,32,1480,0.1388
1461,33,1494,0.1388
1467,32,1499,0.1388
1471,35,1506,0.1388
1473,35,1508,0.1388
1464,34,1498,0.1388
1462,33,1495,0.1388
1450,35,1485,0.1388
1462,37,1499,0.1388
1475,38,1513,0.1388
1478,40,1518,0.1388
1473,38,1511,0.1388
1461,39,1500,0.1388
1452,41,1493,0.1388
1455,41,1496,0.1388
1440,43,1483,0.1388
1455,42,1497,0.1388
1452,42,1494,0.1388
1456,42,1498,0.1388
1458,42,1500,0.1388
1451,40,1491,0.1388
1454,40,1494,0.1388
1446,40,1486,0.1388
1444,41,1485,0.1388
1459,40,1499,0.1388
1459,39,1498,0.1388
1469,39,1508,0.1388
1463,39,1502,0.1388
1461,39,1500,0.1388
1447,40,1487,0.1388
1453,39,1492,0.1388
1460,40,1500,0.1388
1465,39,1504,0.1388
1463,38,1501,0.1388
1465,40,1505,0.1388
1459,39,1498,0.1388
1456,37,1493,0.1388
1456,40,1496,0.1388
1466,41,1507,0.1388
1460,40,1500,0.1388
1460,41,1501,0.1388
1454,42,1496,0.1388
1439,41,1480,0.1388
1452,41,1493,0.1388
1456,41,1497,0.1388
1454,39,1493,0.1388
1452,39,1491,0.1388
1459,39,1498,0.1388
1450,40,1490,0.1388
1458,42,1500,0.1388
1452,42,1494,0.1388
1447,41,1488,0.1388
1438,42,1480,0.1388
1442,43,1485,0.1388
1442,46,1488,0.1388
1448,46,1494,0.1388
1441,46,1487,0.1388
1447,48,1495,0.1388
1455,51,1506,0.1388
1457,51,1508,0.1388
1453,51,1504,0.1388
1447,51,1498,0.1388
1446,49,1495,0.1388
1448,54,1502,0.1388
1445,54,1499,0.1388
1427,52,1479,0.1388
1439,52,1491,0.1388
1435,54,1489,0.1388
1448,55,1503,0.1388
1441,55,1496,0.1388
1445,54,1499,0.1388
1445,53,1498,0.1388
1430,55,1485,0.1388
1429,57,1486,0.1388
1439,58,1497,0.1388
1448,58,1506,0.1388
1430,56,1486,0.1388
1438,58,1496,0.1388
1436,60,1496,0.1388
1428,64,1492,0.1388
1416,65,1481,0.1388
1417,70,1487,0.1388
1408,74,1482,0.1388
1408,77,1485,0.1388
1403,77,1480,0.1388
1413,78,1491,0.1388
1414,78,1492,0.1388
1413,81,1494,0.1388
1415,83,1498,0.1388
1417,85,1502,0.1388
1416,86,1502,0.1388
1413,88,1501,0.1388
1411,92,1503,0.1388
1388,91,1479,0.1388
1396,91,1487,0.1388
1388,92,1480,0.1388
1389,91,1480,0.1388
1393,93,1486,0.1388
1391,92,1483,0.1388
1380,90,1470,0.1388
1389,90,1479,0.1388
1381,90,1471,0.1388
1397,90,1487,0.1388
1401,91,1492,0.1388
1400,91,1491,0.1388
1405,88,1493,0.1388
1417,89,1506,0.1388
1424,86,1510,0.1388
1410,84,1494,0.1388
1410,85,1495,0.1388
1406,83,1489,0.1388
1412,86,1498,0.1388
1401,83,1484,0.1388
1403,83,1486,0.1388
1398,85,1483,0.1388
1399,87,1486,0.1388
1397,91,1488,0.1388
1407,93,1500,0.1388
1417,94,1511,0.1388
1400,89,1489,0.1388
1406,90,1496,0.1388
1396,93,1489,0.1388
1403,93,1496,0.1388
1401,96,1497,0.1388
1408,97,1505,0.1388
1411,99,1510,0.1388
1405,94,1499,0.1388
1404,94,1498,0.1388
1402,95,1497,0.1388
1392,95,1487,0.1388
1390,96,1486,0.1388
1383,96,1479,0.1388
1382,100,1482,0.1388
1411,103,1514,0.1388
1401,104,1505,0.1388
1401,107,1508,0.1388
1409,105,1514,0.1388
1394,107,1501,0.1388
1388,106,1494,0.1388
1373,103,1476,0.1388
1377,106,1483,0.1388
1388,104,1492,0.1388
1397,106,1503,0.1388
1397,106,1503,0.1388
1397,107,1504,0.1388
1385,111,1496,0.1388
1392,107,1499,0.1388
1385,108,1493,0.1388
1374,111,1485,0.1388
1383,107,1490,0.1388
1380,110,1490,0.1388
1372,109,1481,0.1388
1379,107,1486,0.1388
1387,109,1496,0.1388
1384,109,1493,0.1388
1385,113,1498,0.1388
1380,110,1490,0.1388
1392,113,1505,0.1388
1379,117,1496,0.1388
1382,119,1501,0.1388
1376,117,1493,0.1388
1374,120,1494,0.1388
1365,123,1488,0.1388
1355,122,1477,0.1388
1370,123,1493,0.1388
1378,119,1497,0.1388
1382,117,1499,0.1388
1385,120,1505,0.1388
1366,124,1490,0.1388
1370,121,1491,0.1388
1358,117,1475,0.1388
1359,121,1480,0.1388
1373,114,1487,0.1388
1384,117,1501,0.1388
1377,115,1492,0.1388
1365,115,1480,0.1388
1354,116,1470,0.1388
1372,114,1486,0.1388
1377,121,1498,0.1388
1378,116,1494,0.1388
1364,123,1487,0.1388
1349,122,1471,0.1388
1356,120,1476,0.1388
1364,118,1482,0.1388
1366,121,1487,0.1388
1368,119,1487,0.1388
1375,118,1493,0.1388
1376,120,1496,0.1388
1373,118,1491,0.1388
1379,116,1495,0.1388
1375,115,1490,0.1388
1381,117,1498,0.1388
1381,115,1496,0.1388
1384,108,1492,0.1388
1385,108,1493,0.1388
1371,112,1483,0.1388
1375,113,1488,0.1388
1382,115,1497,0.1388
1389,115,1504,0.1388
1386,114,1500,0.1388
1394,116,1510,0.1388
1384,111,1495,0.1388
1384,109,1493,0.1388
1378,111,1489,0.1388
1378,108,1486,0.1388
1376,105,1481,0.1388
1375,104,1479,0.1388
1385,105,1490,0.1388
1397,103,1500,0.1388
1389,103,1492,0.1388
1405,102,1507,0.1388
1395,101,1496,0.1388
1395,107,1502,0.1388
1402,107,1509,0.1388
1392,106,1498,0.1388
1394,109,1503,0.1388
1397,108,1505,0.1388
1391,109,1500,0.1388
1375,112,1487,0.1388
1387,112,1499,0.1388
1395,115,1510,0.1388
1397,112,1509,0.1388
1393,112,1505,0.1388
1396,109,1505,0.1388
1388,109,1497,0.1388
1374,112,1486,0.1388
1391,112,1503,0.1388
1394,110,1504,0.1388
1399,111,1510,0.1388
1399,112,1511,0.1388
1390,112,1502,0.1388
1395,115,1510,0.1388
1385,118,1503,0.1388
1387,119,1506,0.1388
1392,120,1512,0.1388
1391,118,1509,0.1388
1394,118,1512,0.1388
1382,120,1502,0.1388
1379,126,1505,0.1388
1371,127,1498,0.1388
1374,128,1502,0.1388
1377,124,1501,0.1388
1380,122,1502,0.1388
1393,121,1514,0.1388
1376,119,1495,0.1388
1368,121,1489,0.1388
1364,121,1485,0.1388
1372,119,1491,0.1388
1364,122,1486,0.1388
1362,123,1485,0.1388
1377,125,1502,0.1388
1361,123,1484,0.1388
1360,120,1480,0.1388
1370,119,1489,0.1388
1377,117,1494,0.1388
1373,121,1494,0.1388
1387,119,1506,0.1388
1395,115,1510,0.1388
1387,112,1499,0.1388
1384,111,1495,0.1388
1373,107,1480,0.1388
1386,110,1496,0.1388
1379,108,1487,0.1388
1385,107,1492,0.1388
1389,109,1498,0.1388
1383,106,1489,0.1388
1375,104,1479,0.1388
1380,109,1489,0.1388
1390,109,1499,0.1388
1391,113,1504,0.1388
1394,109,1503,0.1388
1405,110,1515,0.1388
1386,110,1496,0.1388
1384,109,1493,0.1388
1383,109,1492,0.1388
1387,105,1492,0.1388
1395,104,1499,0.1388
1387,110,1497,0.1388
1382,108,1490,0.1388
1396,107,1503,0.1388
1389,107,1496,0.1388
1383,107,1490,0.1388
1372,109,1481,0.1388
1369,108,1477,0.1388
1380,110,1490,0.1388
1395,111,1506,0.1388
1380,112,1492,0.1388
1377,111,1488,0.1388
1377,113,1490,0.1388
1379,113,1492,0.1388
1384,113,1497,0.1388
1361,117,1478,0.1388
1369,119,1488,0.1388
1371,117,1488,0.1388
1382,116,1498,0.1388
1390,113,1503,0.1388
1394,112,1506,0.1388
1388,116,1504,0.1388
1375,119,1494,0.1388
1368,121,1489,0.1388
1373,118,1491,0.1388
1372,121,1493,0.1388
1382,121,1503,0.1388
1370,123,1493,0.1388
1361,120,1481,0.1388
1377,119,1496,0.1388
1367,125,1492,0.1388
1365,125,1490,0.1388
1380,126,1506,0.1388
1381,126,1507,0.1388
1382,126,1508,0.1388
1369,130,1499,0.1388
1380,129,1509,0.1388
1388,132,1520,0.1388
1369,133,1502,0.1388
1366,135,1501,0.1388
1360,137,1497,0.1388
1365,137,1502,0.1388
1365,136,1501,0.1388
1357,133,1490,0.1388
1352,135,1487,0.1388
1359,136,1495,0.1388
1354,134,1488,0.1388
1366,134,1500,0.1388
1362,132,1494,0.1388
1374,135,1509,0.1388
1380,132,1512,0.1388
1361,132,1493,0.1388
1365,136,1501,0.1388
1368,136,1504,0.1388
1370,134,1504,0.1388
1366,130,1496,0.1388
1378,128,1506,0.1388
1378,132,1510,0.1388
1363,137,1500,0.1388
1346,142,1488,0.1388
1349,142,1491,0.1388
1359,142,1501,0.1388
1351,144,1495,0.1388
1350,144,1494,0.1388
1344,147,1491,0.1388
1348,147,1495,0.1388
1347,151,1498,0.1388
1341,152,1493,0.1388
1342,154,1496,0.1388
1349,151,1500,0.1388
1348,150,1498,0.1388
1357,153,1510,0.1388
1353,154,1507,0.1388
1345,155,1500,0.1388
1349,156,1505,0.1388
1350,162,1512,0.1388
1349,162,1511,0.1388
1350,165,1515,0.1388
1334,166,1500,0.1388
1320,166,1486,0.1388
1323,171,1494,0.1388
1322,167,1489,0.1388
1320,168,1488,0.1388
1319,174,1493,0.1388
1327,173,1500,0.1388
1320,173,1493,0.1388
1323,172,1495,0.1388
1320,176,1496,0.1388
1317,177,1494,0.1388
1319,180,1499,0.1388
1315,181,1496,0.1388
1304,180,1484,0.1388
1307,187,1494,0.1388
1314,194,1508,0.1388
1308,191,1499,0.1388
1298,194,1492,0.1388
1299,197,1496,0.1388
1297,200,1497,0.1388
1286,201,1487,0.1388
1278,200,1478,0.1388
1286,205,1491,0.1388
1297,207,1504,0.1388
1302,198,1500,0.1388
1298,196,1494,0.1388
1291,199,1490,0.1388
1278,203,1481,0.1388
1262,208,1470,0.1388
1272,209,1481,0.1388
1282,211,1493,0.1388
1289,213,1502,0.1388
1280,213,1493,0.1388
1285,213,1498,0.1388
1283,216,1499,0.1388
1288,218,1506,0.1388
1292,219,1511,0.1388
1289,217,1506,0.1388
1299,214,1513,0.1388
1298,213,1511,0.1388
1299,211,1510,0.1388
1285,208,1493,0.1388
1288,208,1496,0.1388
1272,213,1485,0.1388
1264,218,1482,0.1388
1271,218,1489,0.1388
1268,218,1486,0.1388
1274,219,1493,0.1388
1276,217,1493,0.1388
1284,216,1500,0.1388
1288,216,1504,0.1388
1283,210,1493,0.1388
1288,213,1501,0.1388
1288,215,1503,0.1388
1278,217,1495,0.1388
1283,218,1501,0.1388
1285,220,1505,0.1388
1281,219,1500,0.1388
1269,224,1493,0.1388
1256,224,1480,0.1388
1268,223,1491,0.1388
1275,230,1505,0.1388
1270,228,1498,0.1388
1274,231,1505,0.1388
1273,235,1508,0.1388
1267,228,1495,0.1388
1265,221,1486,0.1388
1258,219,1477,0.1388
1261,222,1483,0.1388
1257,225,1482,0.1388
1251,221,1472,0.1388
1257,223,1480,0.1388
1263,221,1484,0.1388
1265,220,1485,0.1388
1274,216,1490,0.1388
1278,217,1495,0.1388
1279,216,1495,0.1388
1282,219,1501,0.1388
1269,220,1489,0.1388
1265,220,1485,0.1388
1266,220,1486,0.1388
1265,213,1478,0.1388
1259,219,1478,0.1388
1273,222,1495,0.1388
1276,228,1504,0.1388
1262,224,1486,0.1388
1252,219,1471,0.1388
1251,226,1477,0.1388
1264,221,1485,0.1388
1278,221,1499,0.1388
1277,223,1500,0.1388
1262,218,1480,0.1388
1257,225,1482,0.1388
1255,222,1477,0.1388
1257,229,1486,0.1388
1265,225,1490,0.1388
1267,226,1493,0.1388
1275,230,1505,0.1388
1273,230,1503,0.1388
1276,230,1506,0.1388
1279,235,1514,0.1388
1273,234,1507,0.1388
1276,236,1512,0.1388
1265,230,1495,0.1388
1278,231,1509,0.1388
1282,227,1509,0.1388
1273,227,1500,0.1388
1274,223,1497,0.1388
1272,224,1496,0.1388
1278,222,1500,0.1388
1282,226,1508,0.1388
1277,226,1503,0.1388
1284,224,1508,0.1388
1279,221,1500,0.1388
1274,222,1496,0.1388
1287,219,1506,0.1388
1286,220,1506,0.1388
1283,217,1500,0.1388
1286,225,1511,0.1388
1287,219,1506,0.1388
1299,218,1517,0.1388
1288,216,1504,0.1388
1281,218,1499,0.1388
1278,223,1501,0.1388
1281,224,1505,0.1388
1282,226,1508,0.1388
1289,224,1513,0.1388
1287,226,1513,0.1388
1285,226,1511,0.1388
1273,225,1498,0.1388
1284,230,1514,0.1388
1266,231,1497,0.1388
1256,235,1491,0.1388
1266,235,1501,0.1388
1275,238,1513,0.1388
1266,240,1506,0.1388
1271,237,1508,0.1388
1267,235,1502,0.1388
1268,237,1505,0.1388
1275,234,1509,0.1388
1281,232,1513,0.1388
1274,227,1501,0.1388
1262,225,1487,0.1388
1258,228,1486,0.1388
1262,224,1486,0.1388
1265,228,1493,0.1388
1262,227,1489,0.1388
1267,235,1502,0.1388
1265,234,1499,0.1388
1263,239,1502,0.1388
1254,241,1495,0.1388
1259,243,1502,0.1388
1266,241,1507,0.1388
1260,237,1497,0.1388
1253,238,1491,0.1388
1254,244,1498,0.1388
1249,245,1494,0.1388
1246,248,1494,0.1388
1241,249,1490,0.1388
1236,248,1484,0.1388
1241,250,1491,0.1388
1235,254,1489,0.1388
1241,248,1489,0.1388
1256,251,1507,0.1388
1247,253,1500,0.1388
1239,251,1490,0.1388
1234,259,1493,0.1388
1235,263,1498,0.1388
1233,266,1499,0.1388
1227,268,1495,0.1388
1236,265,1501,0.1388
1239,266,1505,0.1388
1240,268,1508,0.1388
1238,265,1503,0.1388
1231,269,1500,0.1388
1231,268,1499,0.1388
1218,275,1493,0.1388
1218,277,1495,0.1388
1219,275,1494,0.1388
1216,278,1494,0.1388
1217,273,1490,0.1388
1219,277,1496,0.1388
1198,278,1476,0.1388
1197,283,1480,0.1388
1211,280,1491,0.1388
1205,283,1488,0.1388
1218,286,1504,0.1388
1210,286,1496,0.1388
1209,285,1494,0.1388
1212,282,1494,0.1388
1207,290,1497,0.1388
1212,289,1501,0.1388
1214,280,1494,0.1388
1217,280,1497,0.1388
1225,284,1509,0.1388
1219,285,1504,0.1388
1210,276,1486,0.1388
1201,278,1479,0.1388
1186,283,1469,0.1388
1199,284,1483,0.1388
1194,288,1482,0.1388
1189,292,1481,0.1388
1191,290,1481,0.1388
1191,292,1483,0.1388
1185,297,1482,0.1388
1193,298,1491,0.1388
1189,301,1490,0.1388
1204,304,1508,0.1388
1195,301,1496,0.1388
1187,302,1489,0.1388
1196,303,1499,0.1388
1191,304,1495,0.1388
1190,300,1490,0.1388
1192,303,1495,0.1388
1192,301,1493,0.1388
1181,305,1486,0.1388
1170,309,1479,0.1388
1168,311,1479,0.1388
1169,313,1482,0.1388
1187,307,1494,0.1388
1191,307,1498,0.1388
1184,310,1494,0.1388
1185,308,1493,0.1388
1187,314,1501,0.1388
1185,313,1498,0.1388
1181,317,1498,0.1388
1178,323,1501,0.1388
1179,319,1498,0.1388
1186,324,1510,0.1388
1184,323,1507,0.1388
1185,320,1505,0.1388
1181,320,1501,0.1388
1189,322,1511,0.1388
1178,326,1504,0.1388
1171,326,1497,0.1388
1179,322,1501,0.1388
1178,324,1502,0.1388
1185,315,1500,0.1388
1183,317,1500,0.1388
1174,325,1499,0.1388
1171,328,1499,0.1388
1175,330,1505,0.1388
1164,335,1499,0.1388
1157,336,1493,0.1388
1174,336,1510,0.1388
1177,339,1516,0.1388
1177,331,1508,0.1388
1173,329,1502,0.1388
1157,328,1485,0.1388
1165,333,1498,0.1388
1162,335,1497,0.1388
1154,334,1488,0.1388
1151,333,1484,0.1388
1148,337,1485,0.1388
1149,334,1483,0.1388
1143,332,1475,0.1388
1141,328,1469,0.1388
1143,336,1479,0.1388
1157,338,1495,0.1388
1155,346,1501,0.1388
1147,346,1493,0.1388
1147,347,1494,0.1388
1154,346,1500,0.1388
1160,348,1508,0.1388
1160,343,1503,0.1388
1155,343,1498,0.1388
1151,341,1492,0.1388
1158,345,1503,0.1388
1145,348,1493,0.1388
1145,354,1499,0.1388
1144,358,1502,0.1388
1149,353,1502,0.1388
1147,354,1501,0.1388
1141,357,1498,0.1388
1137,356,1493,0.1388
1132,361,1493,0.1388
1139,359,1498,0.1388
1149,356,1505,0.1388
1148,359,1507,0.1388
1146,361,1507,0.1388
1141,357,1498,0.1388
1134,357,1491,0.1388
1130,357,1487,0.1388
1131,354,1485,0.1388
1135,358,1493,0.1388
1139,360,1499,0.1388
1135,353,1488,0.1388
1129,351,1480,0.1388
1124,355,1479,0.1388
1127,363,1490,0.1388
1132,364,1496,0.1388
1124,368,1492,0.1388
1123,369,1492,0.1388
1131,372,1503,0.1388
1128,375,1503,0.1388
1116,371,1487,0.1388
1108,381,1489,0.1388
1126,378,1504,0.1388
1118,386,1504,0.1388
1105,389,1494,0.1388
1096,385,1481,0.1388
1095,393,1488,0.1388
1087,392,1479,0.1388
1098,392,1490,0.1388
1096,387,1483,0.1388
1091,393,1484,0.1388
1090,393,1483,0.1388
1096,394,1490,0.1388
1097,405,1502,0.1388
1104,404,1508,0.1388
1106,403,1509,0.1388
1106,405,1511,0.1388
1101,406,1507,0.1388
1100,406,1506,0.1388
1096,404,1500,0.1388
1098,401,1499,0.1388
1097,403,1500,0.1388
1093,404,1497,0.1388
1093,404,1497,0.1388
1083,404,1487,0.1388
1096,407,1503,0.1388
1091,407,1498,0.1388
1085,409,1494,0.1388
1090,411,1501,0.1388
1074,417,1491,0.1388
1075,422,1497,0.1388
1073,418,1491,0.1388
1070,420,1490,0.1388
1053,421,1474,0.1388
1052,428,1480,0.1388
1049,423,1472,0.1388
1060,430,1490,0.1388
1058,428,1486,0.1388
1054,434,1488,0.1388
1065,430,1495,0.1388
1076,435,1511,0.1388
1075,434,1509,0.1388
1089,425,1514,0.1388
1072,432,1504,0.1388
1076,432,1508,0.1388
1064,438,1502,0.1388
1058,440,1498,0.1388
1069,442,1511,0.1388
1056,439,1495,0.1388
1054,445,1499,0.1388
1043,452,1495,0.1388
1055,460,1515,0.1388
1051,463,1514,0.1388
1049,472,1521,0.1388
1043,477,1520,0.1388
1040,478,1518,0.1388
1039,479,1518,0.1388
1039,479,1518,0.1388
1036,480,1516,0.1388
1041,477,1518,0.1388
1039,480,1519,0.1388
1037,487,1524,0.1388
1026,484,1510,0.1388
1016,490,1506,0.1388
1008,488,1496,0.1388
1000,481,1481,0.1388
1008,478,1486,0.1388
1009,480,1489,0.1388
1013,471,1484,0.1388
1025,480,1505,0.1388
1019,475,1494,0.1388
1024,481,1505,0.1388
1020,489,1509,0.1388
1012,493,1505,0.1388
1015,491,1506,0.1388
1023,489,1512,0.1388
1015,487,1502,0.1388
1026,490,1516,0.1388
1022,494,1516,0.1388
1012,497,1509,0.1388
1018,497,1515,0.1388
1016,505,1521,0.1388
996,505,1501,0.1388
990,509,1499,0.1388
984,511,1495,0.1388
996,510,1506,0.1388
1006,506,1512,0.1388
998,510,1508,0.1388
992,519,1511,0.1388
977,522,1499,0.1388
972,528,1500,0.1388
964,528,1492,0.1388
973,527,1500,0.1388
973,530,1503,0.1388
974,531,1505,0.1388
966,537,1503,0.1388
959,540,1499,0.1388
964,540,1504,0.1388
951,538,1489,0.1388
954,536,1490,0.1388
948,540,1488,0.1388
959,547,1506,0.1388
954,550,1504,0.1388
955,546,1501,0.1388
956,547,1503,0.1388
950,549,1499,0.1388
949,553,1502,0.1388
941,554,1495,0.1388
942,553,1495,0.1388
948,552,1500,0.1388
953,556,1509,0.1388
953,551,1504,0.1388
949,552,1501,0.1388
951,560,1511,0.1388
953,560,1513,0.1388
957,569,1526,0.1388
952,568,1520,0.1388
954,579,1533,0.1388
937,581,1518,0.1388
926,586,1512,0.1388
916,584,1500,0.1388
911,582,1493,0.1388
922,580,1502,0.1388
915,577,1492,0.1388
916,573,1489,0.1388
918,576,1494,0.1388
912,586,1498,0.1388
907,586,1493,0.1388
916,586,1502,0.1388
924,589,1513,0.1388
928,593,1521,0.1388
915,590,1505,0.1388
910,592,1502,0.1388
909,590,1499,0.1388
902,598,1500,0.1388
899,598,1497,0.1388
901,599,1500,0.1388
900,596,1496,0.1388
909,601,1510,0.1388
904,597,1501,0.1388
904,597,1501,0.1388
907,593,1500,0.1388
904,590,1494,0.1388
904,589,1493,0.1388
917,596,1513,0.1388
914,598,1512,0.1388
908,597,1505,0.1388
907,601,1508,0.1388
895,585,1480,0.1388
905,595,1500,0.1388
896,595,1491,0.1388
881,605,1486,0.1388
878,610,1488,0.1388
885,609,1494,0.1388
897,610,1507,0.1388
898,615,1513,0.1388
892,614,1506,0.1388
885,613,1498,0.1388
878,614,1492,0.1388
869,612,1481,0.1388
879,614,1493,0.1388
871,620,1491,0.1388
868,623,1491,0.1388
864,622,1486,0.1388
869,619,1488,0.1388
871,620,1491,0.1388
866,628,1494,0.1388
863,633,1496,0.1388
857,624,1481,0.1388
853,623,1476,0.1388
863,623,1486,0.1388
866,623,1489,0.1388
874,624,1498,0.1388
884,632,1516,0.1388
890,629,1519,0.1388
885,631,1516,0.1388
881,636,1517,0.1388
880,635,1515,0.1388
880,633,1513,0.1388
878,636,1514,0.1388
877,640,1517,0.1388
873,637,1510,0.1388
869,640,1509,0.1388
869,643,1512,0.1388
863,647,1510,0.1388
864,651,1515,0.1388
864,649,1513,0.1388
860,653,1513,0.1388
855,650,1505,0.1388
868,652,1520,0.1388
858,654,1512,0.1388
844,651,1495,0.1388
855,656,1511,0.1388
847,655,1502,0.1388
848,663,1511,0.1388
851,669,1520,0.1388
851,670,1521,0.1388
848,660,1508,0.1388
848,646,1494,0.1388
837,650,1487,0.1388
844,651,1495,0.1388
853,655,1508,0.1388
851,659,1510,0.1388
844,661,1505,0.1388
857,661,1518,0.1388
860,665,1525,0.1388
856,672,1528,0.1388
844,675,1519,0.1388
843,681,1524,0.1388
841,672,1513,0.1388
824,677,1501,0.1388
837,677,1514,0.1388
832,671,1503,0.1388
826,681,1507,0.1388
823,675,1498,0.1388
816,674,1490,0.1388
817,679,1496,0.1388
812,677,1489,0.1388
817,681,1498,0.1388
823,680,1503,0.1388
815,683,1498,0.1388
823,687,1510,0.1388
828,691,1519,0.1388
825,687,1512,0.1388
807,682,1489,0.1388
816,686,1502,0.1388
825,694,1519,0.1388
820,685,1505,0.1388
817,682,1499,0.1388
821,676,1497,0.1388
824,669,1493,0.1388
828,667,1495,0.1388
826,668,1494,0.1388
815,678,1493,0.1388
808,675,1483,0.1388
816,683,1499,0.1388
801,682,1483,0.1388
805,681,1486,0.1388
808,687,1495,0.1388
807,695,1502,0.1388
811,699,1510,0.1388
803,703,1506,0.1388
800,708,1508,0.1388
801,710,1511,0.1388
797,711,1508,0.1388
798,719,1517,0.1388
796,707,1503,0.1388
793,703,1496,0.1388
795,700,1495,0.1388
803,701,1504,0.1388
806,701,1507,0.1388
792,701,1493,0.1388
797,701,1498,0.1388
797,693,1490,0.1388
795,695,1490,0.1388
784,704,1488,0.1388
786,708,1494,0.1388
792,721,1513,0.1388
802,708,1510,0.1388
816,706,1522,0.1388
818,700,1518,0.1388
815,692,1507,0.1388
820,694,1514,0.1388
815,690,1505,0.1388
813,686,1499,0.1388
806,686,1492,0.1388
802,694,1496,0.1388
800,698,1498,0.1388
796,694,1490,0.1388
800,695,1495,0.1388
800,697,1497,0.1388
807,695,1502,0.1388
816,705,1521,0.1388
806,705,1511,0.1388
794,715,1509,0.1388
782,710,1492,0.1388
794,700,1494,0.1388
803,706,1509,0.1388
809,706,1515,0.1388
798,703,1501,0.1388
801,704,1505,0.1388
797,700,1497,0.1388
784,698,1482,0.1388
798,704,1502,0.1388
799,707,1506,0.1388
788,708,1496,0.1388
787,715,1502,0.1388
781,712,1493,0.1388
790,717,1507,0.1388
784,717,1501,0.1388
784,714,1498,0.1388
784,732,1516,0.1388
783,734,1517,0.1388
791,730,1521,0.1388
793,733,1526,0.1388
783,731,1514,0.1388
771,740,1511,0.1388
782,745,1527,0.1388
782,730,1512,0.1388
780,735,1515,0.1388
773,734,1507,0.1388
768,739,1507,0.1388
777,739,1516,0.1388
767,748,1515,0.1388
763,747,1510,0.1388
770,743,1513,0.1388
767,737,1504,0.1388
752,742,1494,0.1388
755,733,1488,0.1388
757,727,1484,0.1388
751,733,1484,0.1388
762,737,1499,0.1388
751,743,1494,0.1388
749,749,1498,0.1388
747,748,1495,0.1388
749,754,1503,0.1388
742,754,1496,0.1388
752,763,1515,0.1388
750,750,1500,0.1388
738,740,1478,0.1388
734,746,1480,0.1388
727,751,1478,0.1388
743,753,1496,0.1388
745,752,1497,0.1388
742,756,1498,0.1388
741,758,1499,0.1388
739,754,1493,0.1388
745,752,1497,0.1388
740,753,1493,0.1388
747,753,1500,0.1388
745,758,1503,0.1388
750,757,1507,0.1388
747,748,1495,0.1388
743,749,1492,0.1388
744,755,1499,0.1388
747,755,1502,0.1388
747,757,1504,0.1388
749,758,1507,0.1388
748,758,1506,0.1388
754,768,1522,0.1388
750,769,1519,0.1388
756,765,1521,0.1388
747,756,1503,0.1388
746,756,1502,0.1388
744,762,1506,0.1388
741,767,1508,0.1388
733,773,1506,0.1388
736,760,1496,0.1388
731,767,1498,0.1388
734,781,1515,0.1388
738,774,1512,0.1388
733,770,1503,0.1388
721,777,1498,0.1388
717,763,1480,0.1388
711,765,1476,0.1388
723,775,1498,0.1388
720,789,1509,0.1388
723,782,1505,0.1388
722,786,1508,0.1388
727,788,1515,0.1388
723,785,1508,0.1388
728,780,1508,0.1388
732,780,1512,0.1388
729,777,1506,0.1388
721,788,1509,0.1388
722,791,1513,0.1388
723,798,1521,0.1388
716,789,1505,0.1388
723,788,1511,0.1388
718,785,1503,0.1388
710,793,1503,0.1388
704,804,1508,0.1388
706,800,1506,0.1388
704,806,1510,0.1388
699,797,1496,0.1388
690,806,1496,0.1388
689,812,1501,0.1388
683,816,1499,0.1388
691,815,1506,0.1388
694,817,1511,0.1388
695,826,1521,0.1388
703,815,1518,0.1388
692,815,1507,0.1388
683,819,1502,0.1388
686,824,1510,0.1388
676,819,1495,0.1388
687,824,1511,0.1388
682,828,1510,0.1388
685,825,1510,0.1388
698,813,1511,0.1388
692,811,1503,0.1388
694,809,1503,0.1388
696,820,1516,0.1388
698,821,1519,0.1388
695,818,1513,0.1388
688,805,1493,0.1388
685,802,1487,0.1388
686,816,1502,0.1388
685,827,1512,0.1388
680,824,1504,0.1388
681,830,1511,0.1388
679,830,1509,0.1388
687,821,1508,0.1388
677,822,1499,0.1388
667,833,1500,0.1388
673,840,1513,0.1388
667,840,1507,0.1388
674,836,1510,0.1388
671,835,1506,0.1388
654,837,1491,0.1388
657,842,1499,0.1388
657,836,1493,0.1388
651,836,1487,0.1388
652,839,1491,0.1388
655,841,1496,0.1388
664,834,1498,0.1388
670,835,1505,0.1388
667,829,1496,0.1388
672,830,1502,0.1388
666,844,1510,0.1388
668,833,1501,0.1388
671,838,1509,0.1388
670,827,1497,0.1388
669,838,1507,0.1388
663,842,1505,0.1388
664,849,1513,0.1388
660,850,1510,0.1388
647,862,1509,0.1388
630,861,1491,0.1388
630,859,1489,0.1388
634,862,1496,0.1388
640,870,1510,0.1388
639,867,1506,0.1388
640,868,1508,0.1388
638,878,1516,0.1388
629,874,1503,0.1388
625,877,1502,0.1388
624,866,1490,0.1388
620,866,1486,0.1388
621,860,1481,0.1388
622,876,1498,0.1388
617,873,1490,0.1388
623,870,1493,0.1388
625,878,1503,0.1388
623,874,1497,0.1388
616,877,1493,0.1388
618,879,1497,0.1388
618,879,1497,0.1388
625,880,1505,0.1388
617,891,1508,0.1388
621,886,1507,0.1388
616,878,1494,0.1388
625,886,1511,0.1388
620,885,1505,0.1388
615,881,1496,0.1388
618,888,1506,0.1388
614,878,1492,0.1388
624,875,1499,0.1388
628,868,1496,0.1388
618,886,1504,0.1388
614,889,1503,0.1388
621,887,1508,0.1388
627,887,1514,0.1388
617,888,1505,0.1388
613,882,1495,0.1388
616,876,1492,0.1388
618,888,1506,0.1388
620,884,1504,0.1388
630,872,1502,0.1388
618,875,1493,0.1388
614,880,1494,0.1388
615,882,1497,0.1388
618,877,1495,0.1388
620,888,1508,0.1388
624,878,1502,0.1388
628,888,1516,0.1388
621,888,1509,0.1388
619,896,1515,0.1388
613,895,1508,0.1388
607,903,1510,0.1388
604,913,1517,0.1388
595,926,1521,0.1388
590,911,1501,0.1388
586,921,1507,0.1388
582,924,1506,0.1388
574,937,1511,0.1388
577,936,1513,0.1388
585,927,1512,0.1388
586,926,1512,0.1388
581,919,1500,0.1388
588,927,1515,0.1388
585,937,1522,0.1388
586,945,1531,0.1388
584,937,1521,0.1388
586,928,1514,0.1388
590,917,1507,0.1388
588,923,1511,0.1388
582,933,1515,0.1388
580,936,1516,0.1388
582,939,1521,0.1388
587,934,1521,0.1388
575,938,1513,0.1388
582,928,1510,0.1388
581,931,1512,0.1388
579,932,1511,0.1388
572,934,1506,0.1388
569,936,1505,0.1388
573,948,1521,0.1388
576,938,1514,0.1388
582,940,1522,0.1388
578,934,1512,0.1388
578,939,1517,0.1388
573,947,1520,0.1388
569,949,1518,0.1388
569,941,1510,0.1388
571,931,1502,0.1388
567,928,1495,0.1388
573,936,1509,0.1388
579,949,1528,0.1388
581,953,1534,0.1388
573,955,1528,0.1388
567,960,1527,0.1388
575,941,1516,0.1388
569,933,1502,0.1388
563,943,1506,0.1388
568,937,1505,0.1388
568,951,1519,0.1388
560,950,1510,0.1388
559,950,1509,0.1388
566,944,1510,0.1388
566,950,1516,0.1388
563,955,1518,0.1388
558,941,1499,0.1388
565,941,1506,0.1388
561,941,1502,0.1388
570,952,1522,0.1388
562,945,1507,0.1388
554,944,1498,0.1388
564,958,1522,0.1388
569,956,1525,0.1388
555,959,1514,0.1388
566,959,1525,0.1388
562,949,1511,0.1388
565,953,1518,0.1388
569,941,1510,0.1388
568,948,1516,0.1388
566,930,1496,0.1388
561,926,1487,0.1388
563,938,1501,0.1388
562,926,1488,0.1388
569,926,1495,0.1388
572,930,1502,0.1388
569,940,1509,0.1388
570,941,1511,0.1388
571,948,1519,0.1388
560,948,1508,0.1388
563,939,1502,0.1388
563,946,1509,0.1388
559,951,1510,0.1388
559,933,1492,0.1388
564,936,1500,0.1388
568,939,1507,0.1388
567,941,1508,0.1388
564,944,1508,0.1388
562,933,1495,0.1388
573,931,1504,0.1388
577,942,1519,0.1388
574,936,1510,0.1388
575,928,1503,0.1388
567,929,1496,0.1388
575,940,1515,0.1388
572,938,1510,0.1388
561,937,1498,0.1388
565,938,1503,0.1388
563,942,1505,0.1388
565,949,1514,0.1388
566,943,1509,0.1388
569,953,1522,0.1388
562,953,1515,0.1388
563,947,1510,0.1388
556,944,1500,0.1388
550,951,1501,0.1388
542,961,1503,0.1388
547,968,1515,0.1388
554,972,1526,0.1388
548,980,1528,0.1388
546,980,1526,0.1388
544,986,1530,0.1388
536,998,1534,0.1388
529,998,1527,0.1388
529,993,1522,0.1388
533,996,1529,0.1388
539,977,1516,0.1388
534,985,1519,0.1388
524,989,1513,0.1388
529,992,1521,0.1388
522,992,1514,0.1388
526,988,1514,0.1388
519,985,1504,0.1388
523,987,1510,0.1388
523,988,1511,0.1388
531,983,1514,0.1388
531,980,1511,0.1388
530,986,1516,0.1388
525,990,1515,0.1388
520,987,1507,0.1388
523,997,1520,0.1388
516,1001,1517,0.1388
514,1000,1514,0.1388
513,1005,1518,0.1388
509,996,1505,0.1388
510,999,1509,0.1388
502,998,1500,0.1388
501,1005,1506,0.1388
499,999,1498,0.1388
499,1001,1500,0.1388
499,997,1496,0.1388
502,993,1495,0.1388
505,997,1502,0.1388
510,991,1501,0.1388
501,1003,1504,0.1388
502,1005,1507,0.1388
501,1007,1508,0.1388
491,1017,1508,0.1388
499,1020,1519,0.1388
495,1025,1520,0.1388
491,1024,1515,0.1388
495,1017,1512,0.1388
493,1023,1516,0.1388
496,1033,1529,0.1388
490,1031,1521,0.1388
498,1037,1535,0.1388
502,1040,1542,0.1388
494,1034,1528,0.1388
496,1030,1526,0.1388
497,1037,1534,0.1388
484,1024,1508,0.1388
475,1030,1505,0.1388
478,1028,1506,0.1388
474,1031,1505,0.1388
465,1028,1493,0.1388
462,1032,1494,0.1388
465,1028,1493,0.1388
463,1031,1494,0.1388
460,1031,1491,0.1388
457,1040,1497,0.1388
452,1043,1495,0.1388
455,1063,1518,0.1388
461,1056,1517,0.1388
452,1049,1501,0.1388
450,1052,1502,0.1388
456,1052,1508,0.1388
457,1040,1497,0.1388
454,1055,1509,0.1388
456,1057,1513,0.1388
455,1050,1505,0.1388
459,1052,1511,0.1388
458,1048,1506,0.1388
456,1053,1509,0.1388
453,1059,1512,0.1388
456,1064,1520,0.1388
456,1048,1504,0.1388
462,1064,1526,0.1388
454,1062,1516,0.1388
450,1057,1507,0.1388
438,1063,1501,0.1388
437,1070,1507,0.1388
442,1056,1498,0.1388
441,1057,1498,0.1388
445,1062,1507,0.1388
442,1076,1518,0.1388
437,1063,1500,0.1388
446,1074,1520,0.1388
443,1078,1521,0.1388
444,1073,1517,0.1388
434,1080,1514,0.1388
433,1077,1510,0.1388
429,1081,1510,0.1388
434,1074,1508,0.1388
427,1076,1503,0.1388
428,1077,1505,0.1388
428,1078,1506,0.1388
428,1080,1508,0.1388
424,1060,1484,0.1388
422,1063,1485,0.1388
417,1062,1479,0.1388
420,1078,1498,0.1388
428,1081,1509,0.1388
433,1080,1513,0.1388
437,1087,1524,0.1388
431,1093,1524,0.1388
433,1086,1519,0.1388
431,1078,1509,0.1388
440,1078,1518,0.1388
429,1077,1506,0.1388
434,1094,1528,0.1388
431,1088,1519,0.1388
425,1096,1521,0.1388
424,1089,1513,0.1388
422,1092,1514,0.1388
422,1090,1512,0.1388
424,1086,1510,0.1388
421,1086,1507,0.1388
423,1076,1499,0.1388
425,1088,1513,0.1388
420,1094,1514,0.1388
422,1094,1516,0.1388
416,1102,1518,0.1388
421,1101,1522,0.1388
418,1100,1518,0.1388
404,1099,1503,0.1388
407,1104,1511,0.1388
411,1107,1518,0.1388
414,1101,1515,0.1388
414,1102,1516,0.1388
413,1110,1523,0.1388
409,1105,1514,0.1388
407,1105,1512,0.1388
407,1103,1510,0.1388
402,1107,1509,0.1388
405,1103,1508,0.1388
407,1104,1511,0.1388
407,1093,1500,0.1388
396,1090,1486,0.1388
402,1112,1514,0.1388
399,1120,1519,0.1388
399,1120,1519,0.1388
396,1111,1507,0.1388
408,1112,1520,0.1388
397,1112,1509,0.1388
397,1114,1511,0.1388
392,1119,1511,0.1388
389,1120,1509,0.1388
393,1113,1506,0.1388
392,1122,1514,0.1388
392,1113,1505,0.1388
390,1109,1499,0.1388
386,1119,1505,0.1388
395,1114,1509,0.1388
395,1109,1504,0.1388
393,1110,1503,0.1388
397,1103,1500,0.1388
394,1110,1504,0.1388
394,1117,1511,0.1388
398,1116,1514,0.1388
395,1112,1507,0.1388
389,1109,1498,0.1388
386,1112,1498,0.1388
386,1121,1507,0.1388
389,1132,1521,0.1388
389,1137,1526,0.1388
384,1126,1510,0.1388
381,1139,1520,0.1388
385,1127,1512,0.1388
381,1131,1512,0.1388
379,1124,1503,0.1388
375,1131,1506,0.1388
379,1126,1505,0.1388
377,1119,1496,0.1388
372,1126,1498,0.1388
378,1135,1513,0.1388
376,1136,1512,0.1388
379,1126,1505,0.1388
377,1129,1506,0.1388
382,1137,1519,0.1388
372,1138,1510,0.1388
370,1136,1506,0.1388
367,1144,1511,0.1388
363,1145,1508,0.1388
364,1147,1511,0.1388
369,1148,1517,0.1388
368,1142,1510,0.1388
365,1144,1509,0.1388
359,1144,1503,0.1388
351,1150,1501,0.1388
351,1156,1507,0.1388
348,1165,1513,0.1388
344,1174,1518,0.1388
345,1176,1521,0.1388
342,1182,1524,0.1388
343,1187,1530,0.1388
349,1178,1527,0.1388
353,1188,1541,0.1388
350,1178,1528,0.1388
358,1174,1532,0.1388
356,1175,1531,0.1388
356,1163,1519,0.1388
350,1175,1525,0.1388
347,1161,1508,0.1388
345,1178,1523,0.1388
348,1170,1518,0.1388
351,1170,1521,0.1388
351,1162,1513,0.1388
352,1164,1516,0.1388
353,1163,1516,0.1388
348,1175,1523,0.1388
348,1181,1529,0.1388
341,1181,1522,0.1388
343,1172,1515,0.1388
343,1167,1510,0.1388
342,1160,1502,0.1388
333,1160,1493,0.1388
332,1149,1481,0.1388
336,1163,1499,0.1388
334,1169,1503,0.1388
335,1178,1513,0.1388
335,1173,1508,0.1388
335,1170,1505,0.1388
327,1179,1506,0.1388
333,1175,1508,0.1388
332,1180,1512,0.1388
339,1181,1520,0.1388
335,1171,1506,0.1388
329,1165,1494,0.1388
330,1173,1503,0.1388
324,1178,1502,0.1388
322,1172,1494,0.1388
322,1179,1501,0.1388
318,1176,1494,0.1388
323,1185,1508,0.1388
323,1181,1504,0.1388
323,1183,1506,0.1388
321,1198,1519,0.1388
320,1192,1512,0.1388
325,1189,1514,0.1388
324,1198,1522,0.1388
321,1197,1518,0.1388
317,1195,1512,0.1388
314,1204,1518,0.1388
314,1196,1510,0.1388
316,1205,1521,0.1388
316,1210,1526,0.1388
308,1219,1527,0.1388
313,1196,1509,0.1388
319,1199,1518,0.1388
310,1204,1514,0.1388
315,1199,1514,0.1388
315,1179,1494,0.1388
309,1196,1505,0.1388
313,1193,1506,0.1388
310,1195,1505,0.1388
306,1202,1508,0.1388
303,1207,1510,0.1388
299,1211,1510,0.1388
301,1201,1502,0.1388
296,1197,1493,0.1388
300,1211,1511,0.1388
299,1208,1507,0.1388
298,1211,1509,0.1388
302,1220,1522,0.1388
297,1223,1520,0.1388
294,1212,1506,0.1388
295,1213,1508,0.1388
287,1230,1517,0.1388
291,1240,1531,0.1388
286,1224,1510,0.1388
290,1227,1517,0.1388
285,1225,1510,0.1388
285,1225,1510,0.1388
290,1223,1513,0.1388
287,1223,1510,0.1388
287,1216,1503,0.1388
286,1233,1519,0.1388
281,1230,1511,0.1388
285,1225,1510,0.1388
286,1227,1513,0.1388
288,1235,1523,0.1388
287,1238,1525,0.1388
284,1224,1508,0.1388
283,1209,1492,0.1388
278,1210,1488,0.1388
281,1214,1495,0.1388
277,1224,1501,0.1388
281,1227,1508,0.1388
279,1226,1505,0.1388
282,1233,1515,0.1388
274,1227,1501,0.1388
279,1227,1506,0.1388
283,1229,1512,0.1388
283,1231,1514,0.1388
283,1229,1512,0.1388
285,1229,1514,0.1388
279,1237,1516,0.1388
276,1236,1512,0.1388
276,1227,1503,0.1388
275,1233,1508,0.1388
276,1232,1508,0.1388
280,1230,1510,0.1388
278,1240,1518,0.1388
279,1244,1523,0.1388
275,1255,1530,0.1388
271,1246,1517,0.1388
280,1231,1511,0.1388
278,1236,1514,0.1388
279,1240,1519,0.1388
274,1242,1516,0.1388
270,1236,1506,0.1388
262,1236,1498,0.1388
261,1244,1505,0.1388
261,1251,1512,0.1388
259,1258,1517,0.1388
255,1250,1505,0.1388
265,1254,1519,0.1388
265,1252,1517,0.1388
261,1252,1513,0.1388
261,1248,1509,0.1388
263,1247,1510,0.1388
259,1256,1515,0.1388
261,1261,1522,0.1388
259,1250,1509,0.1388
263,1255,1518,0.1388
262,1256,1518,0.1388
260,1269,1529,0.1388
258,1263,1521,0.1388
253,1263,1516,0.1388
251,1265,1516,0.1388
247,1272,1519,0.1388
243,1272,1515,0.1388
247,1267,1514,0.1388
250,1265,1515,0.1388
249,1257,1506,0.1388
249,1270,1519,0.1388
248,1263,1511,0.1388
249,1274,1523,0.1388
252,1282,1534,0.1388
256,1274,1530,0.1388
253,1277,1530,0.1388
251,1281,1532,0.1388
253,1270,1523,0.1388
248,1269,1517,0.1388
244,1272,1516,0.1388
246,1268,1514,0.1388
254,1255,1509,0.1388
249,1268,1517,0.1388
247,1269,1516,0.1388
250,1277,1527,0.1388
251,1286,1537,0.1388
251,1284,1535,0.1388
244,1277,1521,0.1388
246,1281,1527,0.1388
249,1278,1527,0.1388
253,1269,1522,0.1388
253,1254,1507,0.1388
253,1246,1499,0.1388
262,1253,1515,0.1388
261,1241,1502,0.1388
254,1246,1500,0.1388
254,1251,1505,0.1388
253,1252,1505,0.1388
255,1250,1505,0.1388
256,1248,1504,0.1388
252,1265,1517,0.1388
249,1273,1522,0.1388
250,1260,1510,0.1388
246,1280,1526,0.1388
251,1271,1522,0.1388
249,1281,1530,0.1388
249,1266,1515,0.1388
248,1267,1515,0.1388
241,1272,1513,0.1388
245,1291,1536,0.1388
247,1287,1534,0.1388
243,1284,1527,0.1388
245,1287,1532,0.1388
242,1292,1534,0.1388
240,1279,1519,0.1388
241,1280,1521,0.1388
243,1269,1512,0.1388
242,1269,1511,0.1388
242,1272,1514,0.1388
237,1277,1514,0.1388
235,1279,1514,0.1388
228,1280,1508,0.1388
229,1275,1504,0.1388
228,1284,1512,0.1388
224,1280,1504,0.1388
233,1276,1509,0.1388
231,1275,1506,0.1388
228,1265,1493,0.1388
228,1254,1482,0.1388
231,1256,1487,0.1388
224,1269,1493,0.1388
226,1275,1501,0.1388
224,1277,1501,0.1388
221,1290,1511,0.1388
219,1285,1504,0.1388
229,1296,1525,0.1388
224,1297,1521,0.1388
226,1293,1519,0.1388
223,1297,1520,0.1388
225,1300,1525,0.1388
224,1294,1518,0.1388
226,1284,1510,0.1388
224,1280,1504,0.1388
217,1282,1499,0.1388
226,1285,1511,0.1388
227,1287,1514,0.1388
229,1280,1509,0.1388
225,1292,1517,0.1388
232,1285,1517,0.1388
230,1279,1509,0.1388
229,1266,1495,0.1388
225,1268,1493,0.1388
226,1274,1500,0.1388
226,1270,1496,0.1388
224,1281,1505,0.1388
222,1299,1521,0.1388
219,1295,1514,0.1388
216,1293,1509,0.1388
222,1291,1513,0.1388
221,1289,1510,0.1388
214,1283,1497,0.1388
215,1282,1497,0.1388
213,1291,1504,0.1388
213,1286,1499,0.1388
216,1294,1510,0.1388
213,1292,1505,0.1388
208,1290,1498,0.1388
204,1287,1491,0.1388
205,1293,1498,0.1388
209,1296,1505,0.1388
207,1293,1500,0.1388
214,1286,1500,0.1388
213,1303,1516,0.1388
218,1290,1508,0.1388
217,1300,1517,0.1388
214,1297,1511,0.1388
217,1284,1501,0.1388
222,1278,1500,0.1388
219,1280,1499,0.1388
218,1279,1497,0.1388
216,1299,1515,0.1388
216,1294,1510,0.1388
215,1298,1513,0.1388
215,1313,1528,0.1388
217,1312,1529,0.1388
214,1302,1516,0.1388
217,1296,1513,0.1388
217,1292,1509,0.1388
218,1288,1506,0.1388
217,1290,1507,0.1388
220,1301,1521,0.1388
215,1304,1519,0.1388
212,1302,1514,0.1388
214,1296,1510,0.1388
214,1285,1499,0.1388
216,1269,1485,0.1388
219,1292,1511,0.1388
216,1296,1512,0.1388
211,1293,1504,0.1388
213,1295,1508,0.1388
215,1291,1506,0.1388
217,1289,1506,0.1388
213,1294,1507,0.1388
215,1293,1508,0.1388
214,1297,1511,0.1388
217,1301,1518,0.1388
208,1299,1507,0.1388
212,1308,1520,0.1388
206,1318,1524,0.1388
203,1315,1518,0.1388
205,1307,1512,0.1388
204,1297,1501,0.1388
201,1291,1492,0.1388
198,1303,1501,0.1388
193,1307,1500,0.1388
197,1300,1497,0.1388
201,1299,1500,0.1388
198,1309,1507,0.1388
194,1316,1510,0.1388
193,1321,1514,0.1388
189,1318,1507,0.1388
186,1318,1504,0.1388
186,1331,1517,0.1388
185,1342,1527,0.1388
187,1347,1534,0.1388
184,1333,1517,0.1388
186,1336,1522,0.1388
185,1325,1510,0.1388
185,1334,1519,0.1388
185,1339,1524,0.1388
184,1344,1528,0.1388
184,1330,1514,0.1388
180,1332,1512,0.1388
185,1328,1513,0.1388
186,1330,1516,0.1388
181,1338,1519,0.1388
183,1347,1530,0.1388
180,1349,1529,0.1388
182,1351,1533,0.1388
182,1340,1522,0.1388
183,1344,1527,0.1388
179,1345,1524,0.1388
175,1344,1519,0.1388
175,1342,1517,0.1388
178,1339,1517,0.1388
179,1346,1525,0.1388
177,1335,1512,0.1388
179,1345,1524,0.1388
179,1350,1529,0.1388
183,1360,1543,0.1388
180,1352,1532,0.1388
180,1349,1529,0.1388
176,1331,1507,0.1388
177,1335,1512,0.1388
175,1336,1511,0.1388
172,1328,1500,0.1388
169,1345,1514,0.1388
168,1339,1507,0.1388
165,1345,1510,0.1388
168,1340,1508,0.1388
168,1343,1511,0.1388
170,1343,1513,0.1388
168,1339,1507,0.1388
169,1344,1513,0.1388
175,1346,1521,0.1388
178,1337,1515,0.1388
176,1337,1513,0.1388
173,1324,1497,0.1388
174,1327,1501,0.1388
173,1344,1517,0.1388
173,1344,1517,0.1388
174,1338,1512,0.1388
177,1346,1523,0.1388
180,1337,1517,0.1388
179,1331,1510,0.1388
177,1335,1512,0.1388
173,1333,1506,0.1388
174,1333,1507,0.1388
178,1331,1509,0.1388
179,1327,1506,0.1388
180,1320,1500,0.1388
181,1328,1509,0.1388
182,1326,1508,0.1388
185,1323,1508,0.1388
179,1325,1504,0.1388
184,1318,1502,0.1388
181,1318,1499,0.1388
182,1328,1510,0.1388
185,1338,1523,0.1388
186,1331,1517,0.1388
184,1327,1511,0.1388
184,1327,1511,0.1388
180,1329,1509,0.1388
182,1322,1504,0.1388
181,1315,1496,0.1388
182,1330,1512,0.1388
178,1334,1512,0.1388
176,1338,1514,0.1388
172,1342,1514,0.1388
173,1349,1522,0.1388
173,1352,1525,0.1388
173,1350,1523,0.1388
173,1347,1520,0.1388
167,1349,1516,0.1388
173,1337,1510,0.1388
170,1346,1516,0.1388
174,1353,1527,0.1388
177,1349,1526,0.1388
177,1346,1523,0.1388
180,1356,1536,0.1388
178,1347,1525,0.1388
174,1350,1524,0.1388
173,1349,1522,0.1388
174,1345,1519,0.1388
172,1340,1512,0.1388
169,1336,1505,0.1388
170,1338,1508,0.1388
171,1334,1505,0.1388
174,1337,1511,0.1388
175,1341,1516,0.1388
172,1355,1527,0.1388
172,1351,1523,0.1388
172,1356,1528,0.1388
168,1341,1509,0.1388
171,1332,1503,0.1388
168,1330,1498,0.1388
167,1337,1504,0.1388
167,1343,1510,0.1388
166,1352,1518,0.1388
165,1353,1518,0.1388
162,1347,1509,0.1388
158,1334,1492,0.1388
161,1345,1506,0.1388
163,1347,1510,0.1388
161,1352,1513,0.1388
158,1361,1519,0.1388
156,1371,1527,0.1388
155,1352,1507,0.1388
156,1356,1512,0.1388
153,1351,1504,0.1388
151,1356,1507,0.1388
152,1361,1513,0.1388
152,1344,1496,0.1388
150,1351,1501,0.1388
149,1348,1497,0.1388
155,1355,1510,0.1388
157,1342,1499,0.1388
155,1345,1500,0.1388
156,1342,1498,0.1388
156,1355,1511,0.1388
155,1346,1501,0.1388
155,1357,1512,0.1388
153,1365,1518,0.1388
152,1372,1524,0.1388
156,1367,1523,0.1388
158,1361,1519,0.1388
160,1360,1520,0.1388
158,1367,1525,0.1388
158,1360,1518,0.1388
157,1360,1517,0.1388
163,1368,1531,0.1388
163,1369,1532,0.1388
161,1362,1523,0.1388
163,1357,1520,0.1388
161,1357,1518,0.1388
166,1348,1514,0.1388
167,1338,1505,0.1388
161,1346,1507,0.1388
159,1344,1503,0.1388
161,1335,1496,0.1388
165,1338,1503,0.1388
165,1348,1513,0.1388
166,1353,1519,0.1388
159,1357,1516,0.1388
160,1355,1515,0.1388
154,1361,1515,0.1388
150,1356,1506,0.1388
154,1363,1517,0.1388
149,1360,1509,0.1388
150,1356,1506,0.1388
150,1365,1515,0.1388
150,1360,1510,0.1388
150,1356,1506,0.1388
148,1362,1510,0.1388
145,1368,1513,0.1388
146,1369,1515,0.1388
143,1374,1517,0.1388
142,1364,1506,0.1388
145,1373,1518,0.1388
148,1367,1515,0.1388
147,1370,1517,0.1388
146,1371,1517,0.1388
150,1365,1515,0.1388
145,1359,1504,0.1388
150,1369,1519,0.1388
151,1362,1513,0.1388
150,1362,1512,0.1388
152,1354,1506,0.1388
155,1352,1507,0.1388
153,1352,1505,0.1388
157,1346,1503,0.1388
154,1363,1517,0.1388
150,1361,1511,0.1388
149,1373,1522,0.1388
152,1358,1510,0.1388
148,1382,1530,0.1388
146,1381,1527,0.1388
148,1359,1507,0.1388
149,1350,1499,0.1388
144,1357,1501,0.1388
143,1377,1520,0.1388
143,1377,1520,0.1388
146,1371,1517,0.1388
137,1369,1506,0.1388
138,1361,1499,0.1388
137,1360,1497,0.1388
134,1366,1500,0.1388
136,1368,1504,0.1388
134,1373,1507,0.1388
128,1371,1499,0.1388
129,1375,1504,0.1388
130,1388,1518,0.1388
127,1392,1519,0.1388
128,1398,1526,0.1388
129,1391,1520,0.1388
128,1383,1511,0.1388
125,1392,1517,0.1388
123,1396,1519,0.1388
124,1396,1520,0.1388
124,1396,1520,0.1388
124,1400,1524,0.1388
129,1386,1515,0.1388
129,1389,1518,0.1388
133,1384,1517,0.1388
136,1386,1522,0.1388
133,1392,1525,0.1388
135,1375,1510,0.1388
135,1372,1507,0.1388
138,1372,1510,0.1388
135,1390,1525,0.1388
135,1387,1522,0.1388
137,1382,1519,0.1388
139,1379,1518,0.1388
141,1374,1515,0.1388
141,1379,1520,0.1388
147,1370,1517,0.1388
148,1366,1514,0.1388
145,1373,1518,0.1388
142,1374,1516,0.1388
145,1384,1529,0.1388
140,1367,1507,0.1388
143,1362,1505,0.1388
141,1353,1494,0.1388
138,1366,1504,0.1388
134,1368,1502,0.1388
132,1364,1496,0.1388
132,1379,1511,0.1388
132,1385,1517,0.1388
131,1384,1515,0.1388
129,1385,1514,0.1388
129,1385,1514,0.1388
129,1389,1518,0.1388
128,1390,1518,0.1388
128,1395,1523,0.1388
128,1396,1524,0.1388
127,1395,1522,0.1388
124,1406,1530,0.1388
122,1411,1533,0.1388
125,1403,1528,0.1388
124,1398,1522,0.1388
124,1400,1524,0.1388
121,1385,1506,0.1388
123,1389,1512,0.1388
123,1395,1518,0.1388
125,1382,1507,0.1388
130,1398,1528,0.1388
127,1382,1509,0.1388
128,1385,1513,0.1388
129,1376,1505,0.1388
126,1378,1504,0.1388
126,1385,1511,0.1388
131,1393,1524,0.1388
128,1386,1514,0.1388
130,1397,1527,0.1388
126,1392,1518,0.1388
124,1382,1506,0.1388
124,1380,1504,0.1388
120,1400,1520,0.1388
121,1398,1519,0.1388
119,1390,1509,0.1388
120,1385,1505,0.1388
120,1392,1512,0.1388
123,1399,1522,0.1388
122,1393,1515,0.1388
123,1395,1518,0.1388
124,1382,1506,0.1388
121,1385,1506,0.1388
119,1385,1504,0.1388
118,1393,1511,0.1388
116,1386,1502,0.1388
115,1397,1512,0.1388
119,1399,1518,0.1388
117,1392,1509,0.1388
115,1398,1513,0.1388
114,1397,1511,0.1388
117,1397,1514,0.1388
119,1398,1517,0.1388
118,1398,1516,0.1388
116,1407,1523,0.1388
117,1403,1520,0.1388
119,1389,1508,0.1388
117,1396,1513,0.1388
118,1386,1504,0.1388
118,1379,1497,0.1388
114,1384,1498,0.1388
115,1383,1498,0.1388
119,1381,1500,0.1388
121,1391,1512,0.1388
124,1389,1513,0.1388
124,1398,1522,0.1388
121,1395,1516,0.1388
121,1384,1505,0.1388
119,1380,1499,0.1388
117,1382,1499,0.1388
113,1387,1500,0.1388
116,1395,1511,0.1388
114,1415,1529,0.1388
115,1415,1530,0.1388
115,1406,1521,0.1388
119,1404,1523,0.1388
116,1401,1517,0.1388
115,1394,1509,0.1388
115,1397,1512,0.1388
115,1409,1524,0.1388
112,1413,1525,0.1388
109,1410,1519,0.1388
107,1401,1508,0.1388
108,1418,1526,0.1388
111,1412,1523,0.1388
112,1421,1533,0.1388
112,1412,1524,0.1388
113,1397,1510,0.1388
115,1415,1530,0.1388
108,1402,1510,0.1388
109,1409,1518,0.1388
105,1402,1507,0.1388
106,1389,1495,0.1388
103,1388,1491,0.1388
107,1398,1505,0.1388
106,1407,1513,0.1388
105,1394,1499,0.1388
110,1409,1519,0.1388
107,1401,1508,0.1388
106,1403,1509,0.1388
108,1413,1521,0.1388
107,1396,1503,0.1388
106,1406,1512,0.1388
104,1419,1523,0.1388
106,1413,1519,0.1388
107,1411,1518,0.1388
109,1420,1529,0.1388
106,1411,1517,0.1388
103,1408,1511,0.1388
106,1409,1515,0.1388
109,1398,1507,0.1388
109,1413,1522,0.1388
112,1410,1522,0.1388
114,1397,1511,0.1388
112,1398,1510,0.1388
112,1388,1500,0.1388
111,1399,1510,0.1388
109,1391,1500,0.1388
108,1385,1493,0.1388
105,1393,1498,0.1388
104,1409,1513,0.1388
102,1407,1509,0.1388
102,1416,1518,0.1388
100,1415,1515,0.1388
104,1408,1512,0.1388
103,1419,1522,0.1388
104,1413,1517,0.1388
103,1396,1499,0.1388
104,1386,1490,0.1388
106,1390,1496,0.1388
109,1398,1507,0.1388
107,1402,1509,0.1388
104,1413,1517,0.1388
101,1421,1522,0.1388
101,1421,1522,0.1388
97,1427,1524,0.1388
96,1424,1520,0.1388
96,1425,1521,0.1388
96,1420,1516,0.1388
98,1432,1530,0.1388
96,1425,1521,0.1388
95,1417,1512,0.1388
95,1418,1513,0.1388
93,1418,1511,0.1388
94,1428,1522,0.1388
92,1419,1511,0.1388
92,1428,1520,0.1388
91,1417,1508,0.1388
93,1426,1519,0.1388
92,1427,1519,0.1388
92,1429,1521,0.1388
91,1430,1521,0.1388
92,1432,1524,0.1388
93,1430,1523,0.1388
93,1430,1523,0.1388
92,1427,1519,0.1388
90,1427,1517,0.1388
92,1417,1509,0.1388
92,1406,1498,0.1388
94,1415,1509,0.1388
92,1409,1501,0.1388
89,1414,1503,0.1388
92,1417,1509,0.1388
94,1422,1516,0.1388
93,1422,1515,0.1388
90,1431,1521,0.1388
89,1424,1513,0.1388
91,1430,1521,0.1388
92,1434,1526,0.1388
91,1436,1527,0.1388
93,1439,1532,0.1388
92,1436,1528,0.1388
90,1429,1519,0.1388
90,1427,1517,0.1388
87,1423,1510,0.1388
86,1438,1524,0.1388
80,1436,1516,0.1388
83,1434,1517,0.1388
83,1433,1516,0.1388
87,1422,1509,0.1388
86,1441,1527,0.1388
87,1437,1524,0.1388
86,1433,1519,0.1388
88,1437,1525,0.1388
88,1446,1534,0.1388
87,1444,1531,0.1388
85,1434,1519,0.1388
87,1430,1517,0.1388
87,1429,1516,0.1388
86,1433,1519,0.1388
82,1437,1519,0.1388
82,1438,1520,0.1388
81,1444,1525,0.1388
80,1442,1522,0.1388
82,1438,1520,0.1388
82,1449,1531,0.1388
80,1435,1515,0.1388
78,1437,1515,0.1388
79,1446,1525,0.1388
77,1452,1529,0.1388
78,1443,1521,0.1388
76,1453,1529,0.1388
75,1450,1525,0.1388
72,1435,1507,0.1388
72,1446,1518,0.1388
67,1456,1523,0.1388
70,1454,1524,0.1388
70,1449,1519,0.1388
71,1455,1526,0.1388
70,1445,1515,0.1388
65,1454,1519,0.1388
65,1454,1519,0.1388
61,1455,1516,0.1388
61,1450,1511,0.1388
64,1448,1512,0.1388
62,1451,1513,0.1388
62,1454,1516,0.1388
67,1465,1532,0.1388
65,1459,1524,0.1388
64,1454,1518,0.1388
62,1439,1501,0.1388
61,1450,1511,0.1388
64,1440,1504,0.1388
65,1437,1502,0.1388
66,1444,1510,0.1388
66,1449,1515,0.1388
72,1455,1527,0.1388
73,1444,1517,0.1388
73,1437,1510,0.1388
72,1442,1514,0.1388
73,1436,1509,0.1388
73,1434,1507,0.1388
73,1440,1513,0.1388
72,1443,1515,0.1388
71,1446,1517,0.1388
69,1437,1506,0.1388
67,1442,1509,0.1388
66,1449,1515,0.1388
64,1437,1501,0.1388
66,1444,1510,0.1388
66,1452,1518,0.1388
66,1460,1526,0.1388
66,1462,1528,0.1388
65,1455,1520,0.1388
64,1467,1531,0.1388
64,1464,1528,0.1388
62,1457,1519,0.1388
62,1452,1514,0.1388
64,1451,1515,0.1388
64,1450,1514,0.1388
60,1458,1518,0.1388
60,1457,1517,0.1388
59,1454,1513,0.1388
59,1458,1517,0.1388
59,1456,1515,0.1388
61,1465,1526,0.1388
59,1464,1523,0.1388
57,1464,1521,0.1388
54,1471,1525,0.1388
52,1456,1508,0.1388
52,1460,1512,0.1388
52,1452,1504,0.1388
49,1461,1510,0.1388
50,1466,1516,0.1388
50,1477,1527,0.1388
48,1485,1533,0.1388
49,1467,1516,0.1388
50,1473,1523,0.1388
52,1476,1528,0.1388
48,1470,1518,0.1388
49,1466,1515,0.1388
46,1466,1512,0.1388
46,1464,1510,0.1388
46,1461,1507,0.1388
43,1466,1509,0.1388
43,1456,1499,0.1388
44,1472,1516,0.1388
46,1473,1519,0.1388
44,1463,1507,0.1388
46,1467,1513,0.1388
44,1472,1516,0.1388
43,1468,1511,0.1388
44,1459,1503,0.1388
46,1483,1529,0.1388
46,1487,1533,0.1388
47,1471,1518,0.1388
46,1462,1508,0.1388
44,1467,1511,0.1388
45,1472,1517,0.1388
45,1463,1508,0.1388
47,1481,1528,0.1388
45,1480,1525,0.1388
46,1483,1529,0.1388
47,1487,1534,0.1388
45,1479,1524,0.1388
44,1469,1513,0.1388
43,1455,1498,0.1388
43,1459,1502,0.1388
41,1463,1504,0.1388
41,1459,1500,0.1388
41,1478,1519,0.1388
39,1474,1513,0.1388
37,1480,1517,0.1388
35,1474,1509,0.1388
35,1476,1511,0.1388
34,1468,1502,0.1388
34,1468,1502,0.1388
36,1476,1512,0.1388
36,1474,1510,0.1388
35,1471,1506,0.1388
34,1472,1506,0.1388
36,1484,1520,0.1388
36,1475,1511,0.1388
37,1483,1520,0.1388
37,1492,1529,0.1388
37,1482,1519,0.1388
36,1476,1512,0.1388
36,1472,1508,0.1388
36,1469,1505,0.1388
36,1465,1501,0.1388
35,1483,1518,0.1388
35,1472,1507,0.1388
34,1467,1501,0.1388
36,1462,1498,0.1388
35,1479,1514,0.1388
36,1492,1528,0.1388
36,1495,1531,0.1388
34,1493,1527,0.1388
33,1481,1514,0.1388
33,1487,1520,0.1388
32,1470,1502,0.1388
33,1469,1502,0.1388
33,1480,1513,0.1388
32,1472,1504,0.1388
32,1478,1510,0.1388
31,1488,1519,0.1388
29,1499,1528,0.1388
30,1498,1528,0.1388
30,1494,1524,0.1388
29,1486,1515,0.1388
29,1492,1521,0.1388
26,1490,1516,0.1388
26,1479,1505,0.1388
27,1476,1503,0.1388
26,1488,1514,0.1388
26,1493,1519,0.1388
26,1493,1519,0.1388
25,1498,1523,0.1388
25,1494,1519,0.1388
24,1495,1519,0.1388
24,1493,1517,0.1388
24,1490,1514,0.1388
23,1493,1516,0.1388
23,1487,1510,0.1388
25,1489,1514,0.1388
26,1498,1524,0.1388
25,1497,1522,0.1388
26,1504,1530,0.1388
26,1499,1525,0.1388
27,1498,1525,0.1388
26,1495,1521,0.1388
27,1481,1508,0.1388
25,1489,1514,0.1388
25,1493,1518,0.1388
24,1488,1512,0.1388
22,1484,1506,0.1388
22,1494,1516,0.1388
20,1492,1512,0.1388
20,1487,1507,0.1388
21,1492,1513,0.1388
21,1508,1529,0.1388
21,1509,1530,0.1388
19,1508,1527,0.1388
18,1500,1518,0.1388
18,1504,1522,0.1388
19,1511,1530,0.1388
18,1517,1535,0.1388
19,1512,1531,0.1388
18,1511,1529,0.1388
19,1504,1523,0.1388
20,1500,1520,0.1388
21,1499,1520,0.1388
20,1489,1509,0.1388
21,1484,1505,0.1388
22,1490,1512,0.1388
22,1495,1517,0.1388
23,1488,1511,0.1388
25,1484,1509,0.1388
25,1482,1507,0.1388
24,1499,1523,0.1388
25,1510,1535,0.1388
25,1490,1515,0.1388
25,1497,1522,0.1388
25,1489,1514,0.1388
25,1481,1506,0.1388
24,1481,1505,0.1388
24,1484,1508,0.1388
24,1494,1518,0.1388
24,1486,1510,0.1388
23,1501,1524,0.1388
26,1496,1522,0.1388
27,1487,1514,0.1388
28,1490,1518,0.1388
28,1496,1524,0.1388
28,1489,1517,0.1388
26,1487,1513,0.1388
27,1502,1529,0.1388
26,1519,1545,0.1388
26,1501,1527,0.1388
26,1504,1530,0.1388
28,1497,1525,0.1388
28,1482,1510,0.1388
28,1487,1515,0.1388
30,1488,1518,0.1388
29,1486,1515,0.1388
30,1487,1517,0.1388
30,1479,1509,0.1388
31,1484,1515,0.1388
31,1496,1527,0.1388
30,1490,1520,0.1388
28,1495,1523,0.1388
27,1489,1516,0.1388
30,1468,1498,0.1388
31,1472,1503,0.1388
31,1476,1507,0.1388
29,1496,1525,0.1388
28,1501,1529,0.1388
29,1489,1518,0.1388
27,1490,1517,0.1388
25,1498,1523,0.1388
27,1494,1521,0.1388
27,1504,1531,0.1388
27,1497,1524,0.1388
27,1499,1526,0.1388
27,1482,1509,0.1388
27,1502,1529,0.1388
27,1494,1521,0.1388
27,1504,1531,0.1388
27,1507,1534,0.1388
28,1507,1535,0.1388
28,1493,1521,0.1388
27,1490,1517,0.1388
26,1491,1517,0.1388
25,1488,1513,0.1388
23,1495,1518,0.1388
25,1476,1501,0.1388
26,1477,1503,0.1388
26,1484,1510,0.1388
26,1500,1526,0.1388
27,1493,1520,0.1388
27,1493,1520,0.1388
26,1498,1524,0.1388
27,1496,1523,0.1388
26,1490,1516,0.1388
27,1490,1517,0.1388
27,1488,1515,0.1388
28,1495,1523,0.1388
29,1482,1511,0.1388
26,1489,1515,0.1388
26,1490,1516,0.1388
28,1482,1510,0.1388
28,1466,1494,0.1388
28,1472,1500,0.1388
27,1481,1508,0.1388
27,1486,1513,0.1388
29,1497,1526,0.1388
32,1497,1529,0.1388
33,1488,1521,0.1388
33,1481,1514,0.1388
34,1476,1510,0.1388
33,1482,1515,0.1388
33,1485,1518,0.1388
32,1484,1516,0.1388
31,1483,1514,0.1388
31,1486,1517,0.1388
33,1489,1522,0.1388
32,1488,1520,0.1388
31,1486,1517,0.1388
32,1493,1525,0.1388
32,1494,1526,0.1388
31,1492,1523,0.1388
30,1482,1512,0.1388
30,1483,1513,0.1388
31,1480,1511,0.1388
29,1472,1501,0.1388
29,1473,1502,0.1388
28,1473,1501,0.1388
29,1479,1508,0.1388
29,1484,1513,0.1388
29,1496,1525,0.1388
28,1501,1529,0.1388
30,1505,1535,0.1388
29,1489,1518,0.1388
30,1494,1524,0.1388
29,1486,1515,0.1388
29,1472,1501,0.1388
30,1471,1501,0.1388
31,1480,1511,0.1388
30,1478,1508,0.1388
31,1482,1513,0.1388
31,1492,1523,0.1388
29,1488,1517,0.1388
29,1484,1513,0.1388
30,1486,1516,0.1388
32,1489,1521,0.1388
30,1478,1508,0.1388
27,1495,1522,0.1388
28,1493,1521,0.1388
26,1489,1515,0.1388
27,1478,1505,0.1388
26,1490,1516,0.1388
26,1493,1519,0.1388
28,1501,1529,0.1388
28,1481,1509,0.1388
28,1496,1524,0.1388
29,1487,1516,0.1388
27,1481,1508,0.1388
27,1474,1501,0.1388
27,1472,1499,0.1388
27,1479,1506,0.1388
27,1488,1515,0.1388
27,1481,1508,0.1388
28,1478,1506,0.1388
27,1493,1520,0.1388
28,1489,1517,0.1388
28,1503,1531,0.1388
27,1503,1530,0.1388
26,1508,1534,0.1388
26,1504,1530,0.1388
25,1496,1521,0.1388
24,1487,1511,0.1388
24,1482,1506,0.1388
24,1490,1514,0.1388
25,1493,1518,0.1388
25,1497,1522,0.1388
25,1502,1527,0.1388
25,1512,1537,0.1388
24,1510,1534,0.1388
21,1507,1528,0.1388
21,1498,1519,0.1388
21,1498,1519,0.1388
21,1496,1517,0.1388
21,1495,1516,0.1388
20,1497,1517,0.1388
19,1503,1522,0.1388
17,1495,1512,0.1388
17,1495,1512,0.1388
17,1498,1515,0.1388
17,1494,1511,0.1388
18,1502,1520,0.1388
18,1487,1505,0.1388
18,1495,1513,0.1388
19,1495,1514,0.1388
18,1495,1513,0.1388
19,1496,1515,0.1388
19,1500,1519,0.1388
18,1474,1492,0.1388
17,1496,1513,0.1388
17,1500,1517,0.1388
19,1500,1519,0.1388
19,1486,1505,0.1388
20,1493,1513,0.1388
21,1488,1509,0.1388
21,1498,1519,0.1388
20,1496,1516,0.1388
20,1498,1518,0.1388
18,1496,1514,0.1388
18,1481,1499,0.1388
18,1480,1498,0.1388
18,1478,1496,0.1388
18,1486,1504,0.1388
16,1485,1501,0.1388
16,1508,1524,0.1388
16,1494,1510,0.1388
16,1499,1515,0.1388
11,1507,1518,0.1388
10,1501,1511,0.1388
12,1499,1511,0.1388
14,1499,1513,0.1388
13,1507,1520,0.1388
13,1512,1525,0.1388
13,1506,1519,0.1388
13,1505,1518,0.1388
13,1505,1518,0.1388
13,1500,1513,0.1388
13,1497,1510,0.1388
13,1496,1509,0.1388
13,1500,1513,0.1388
13,1495,1508,0.1388
13,1493,1506,0.1388
13,1496,1509,0.1388
13,1497,1510,0.1388
13,1504,1517,0.1388
13,1496,1509,0.1388
12,1492,1504,0.1388
12,1493,1505,0.1388
11,1501,1512,0.1388
11,1508,1519,0.1388
11,1510,1521,0.1388
10,1508,1518,0.1388
11,1503,1514,0.1388
11,1499,1510,0.1388
11,1492,1503,0.1388
11,1509,1520,0.1388
11,1520,1531,0.1388
11,1519,1530,0.1388
10,1527,1537,0.1388
10,1525,1535,0.1388
10,1522,1532,0.1388
11,1521,1532,0.1388
10,1498,1508,0.1388
9,1507,1516,0.1388
11,1508,1519,0.1388
11,1511,1522,0.1388
11,1506,1517,0.1388
11,1504,1515,0.1388
11,1498,1509,0.1388
12,1500,1512,0.1388
11,1502,1513,0.1388
12,1503,1515,0.1388
13,1515,1528,0.1388
13,1519,1532,0.1388
12,1522,1534,0.1388
11,1513,1524,0.1388
12,1505,1517,0.1388
12,1500,1512,0.1388
12,1491,1503,0.1388
13,1488,1501,0.1388
13,1487,1500,0.1388
12,1502,1514,0.1388
13,1495,1508,0.1388
13,1498,1511,0.1388
13,1510,1523,0.1388
13,1502,1515,0.1388
14,1504,1518,0.1388
13,1495,1508,0.1388
13,1490,1503,0.1388
13,1498,1511,0.1388
13,1507,1520,0.1388
12,1517,1529,0.1388
12,1510,1522,0.1388
12,1499,1511,0.1388
12,1503,1515,0.1388
13,1505,1518,0.1388
12,1502,1514,0.1388
12,1516,1528,0.1388
12,1522,1534,0.1388
11,1505,1516,0.1388
11,1495,1506,0.1388
11,1500,1511,0.1388
11,1511,1522,0.1388
10,1502,1512,0.1388
11,1504,1515,0.1388
11,1505,1516,0.1388
11,1506,1517,0.1388
10,1505,1515,0.1388
10,1499,1509,0.1388
10,1498,1508,0.1388
9,1490,1499,0.1388
8,1490,1498,0.1388
9,1513,1522,0.1388
9,1515,1524,0.1388
9,1505,1514,0.1388
8,1513,1521,0.1388
9,1498,1507,0.1388
9,1502,1511,0.1388
11,1509,1520,0.1388
11,1501,1512,0.1388
10,1502,1512,0.1388
10,1496,1506,0.1388
9,1513,1522,0.1388
9,1512,1521,0.1388
9,1515,1524,0.1388
9,1517,1526,0.1388
9,1516,1525,0.1388
9,1514,1523,0.1388
8,1504,1512,0.1388
8,1516,1524,0.1388
9,1517,1526,0.1388
9,1517,1526,0.1388
10,1509,1519,0.1388
10,1507,1517,0.1388
10,1495,1505,0.1388
9,1499,1508,0.1388
8,1494,1502,0.1388
8,1507,1515,0.1388
8,1513,1521,0.1388
9,1502,1511,0.1388
9,1492,1501,0.1388
8,1479,1487,0.1388
8,1493,1501,0.1388
7,1499,1506,0.1388
7,1497,1504,0.1388
6,1495,1501,0.1388
6,1492,1498,0.1388
6,1515,1521,0.1388
6,1521,1527,0.1388
6,1521,1527,0.1388
6,1522,1528,0.1388
6,1528,1534,0.1388
5,1518,1523,0.1388
5,1522,1527,0.1388
5,1515,1520,0.1388
5,1520,1525,0.1388
5,1519,1524,0.1388
5,1527,1532,0.1388
6,1526,1532,0.1388
7,1510,1517,0.1388
7,1517,1524,0.1388
7,1518,1525,0.1388
7,1520,1527,0.1388
7,1516,1523,0.1388
7,1507,1514,0.1388
7,1510,1517,0.1388
7,1506,1513,0.1388
7,1495,1502,0.1388
7,1498,1505,0.1388
7,1508,1515,0.1388
7,1518,1525,0.1388
7,1519,1526,0.1388
7,1517,1524,0.1388
7,1511,1518,0.1388
7,1515,1522,0.1388
7,1514,1521,0.1388
7,1518,1525,0.1388
8,1507,1515,0.1388
8,1518,1526,0.1388
8,1513,1521,0.1388
8,1506,1514,0.1388
8,1513,1521,0.1388
8,1516,1524,0.1388
7,1512,1519,0.1388
9,1513,1522,0.1388
9,1507,1516,0.1388
9,1516,1525,0.1388
8,1504,1512,0.1388
9,1508,1517,0.1388
8,1502,1510,0.1388
8,1502,1510,0.1388
9,1511,1520,0.1388
9,1508,1517,0.1388
9,1514,1523,0.1388
9,1513,1522,0.1388
8,1510,1518,0.1388
8,1506,1514,0.1388
7,1513,1520,0.1388
8,1513,1521,0.1388
8,1500,1508,0.1388
8,1509,1517,0.1388
8,1509,1517,0.1388
8,1507,1515,0.1388
8,1507,1515,0.1388
8,1494,1502,0.1388
7,1501,1508,0.1388
7,1501,1508,0.1388
7,1508,1515,0.1388
10,1502,1512,0.1388
10,1513,1523,0.1388
10,1512,1522,0.1388
11,1509,1520,0.1388
10,1500,1510,0.1388
10,1508,1518,0.1388
10,1504,1514,0.1388
10,1495,1505,0.1388
10,1498,1508,0.1388
10,1513,1523,0.1388
10,1512,1522,0.1388
10,1499,1509,0.1388
10,1507,1517,0.1388
8,1504,1512,0.1388
6,1510,1516,0.1388
7,1522,1529,0.1388
7,1518,1525,0.1388
7,1514,1521,0.1388
7,1512,1519,0.1388
7,1506,1513,0.1388
7,1492,1499,0.1388
7,1504,1511,0.1388
7,1498,1505,0.1388
7,1499,1506,0.1388
7,1498,1505,0.1388
7,1506,1513,0.1388
7,1510,1517,0.1388
8,1507,1515,0.1388
8,1506,1514,0.1388
10,1493,1503,0.1388
11,1504,1515,0.1388
11,1510,1521,0.1388
11,1504,1515,0.1388
11,1515,1526,0.1388
11,1502,1513,0.1388
11,1517,1528,0.1388
11,1514,1525,0.1388
12,1498,1510,0.1388
12,1492,1504,0.1388
11,1483,1494,0.1388
11,1507,1518,0.1388
12,1499,1511,0.1388
12,1499,1511,0.1388
12,1495,1507,0.1388
11,1500,1511,0.1388
12,1506,1518,0.1388
13,1514,1527,0.1388
13,1507,1520,0.1388
13,1512,1525,0.1388
14,1500,1514,0.1388
13,1515,1528,0.1388
11,1504,1515,0.1388
11,1514,1525,0.1388
11,1510,1521,0.1388
11,1502,1513,0.1388
11,1495,1506,0.1388
11,1491,1502,0.1388
11,1486,1497,0.1388
11,1489,1500,0.1388
12,1493,1505,0.1388
12,1500,1512,0.1388
12,1504,1516,0.1388
12,1516,1528,0.1388
14,1513,1527,0.1388
14,1498,1512,0.1388
14,1503,1517,0.1388
13,1496,1509,0.1388
13,1507,1520,0.1388
13,1506,1519,0.1388
13,1494,1507,0.1388
13,1498,1511,0.1388
12,1498,1510,0.1388
12,1500,1512,0.1388
10,1498,1508,0.1388
10,1502,1512,0.1388
11,1494,1505,0.1388
12,1499,1511,0.1388
12,1493,1505,0.1388
12,1512,1524,0.1388
11,1506,1517,0.1388
10,1510,1520,0.1388
9,1504,1513,0.1388
10,1503,1513,0.1388
9,1497,1506,0.1388
9,1497,1506,0.1388
7,1514,1521,0.1388
7,1498,1505,0.1388
6,1500,1506,0.1388
7,1505,1512,0.1388
7,1500,1507,0.1388
7,1510,1517,0.1388
7,1505,1512,0.1388
8,1500,1508,0.1388
8,1502,1510,0.1388
7,1505,1512,0.1388
8,1496,1504,0.1388
8,1503,1511,0.1388
8,1509,1517,0.1388
8,1519,1527,0.1388
8,1518,1526,0.1388
7,1524,1531,0.1388
7,1521,1528,0.1388
7,1512,1519,0.1388
6,1517,1523,0.1388
6,1515,1521,0.1388
6,1517,1523,0.1388
6,1512,1518,0.1388
5,1507,1512,0.1388
5,1513,1518,0.1388
6,1513,1519,0.1388
6,1509,1515,0.1388
6,1520,1526,0.1388
6,1521,1527,0.1388
6,1520,1526,0.1388
6,1505,1511,0.1388
6,1501,1507,0.1388
5,1517,1522,0.1388
5,1506,1511,0.1388
5,1507,1512,0.1388
5,1508,1513,0.1388
4,1515,1519,0.1388
4,1515,1519,0.1388
4,1522,1526,0.1388
4,1508,1512,0.1388
4,1505,1509,0.1388
4,1506,1510,0.1388
4,1494,1498,0.1388
4,1494,1498,0.1388
4,1499,1503,0.1388
4,1510,1514,0.1388
3,1506,1509,0.1388
3,1508,1511,0.1388
3,1495,1498,0.1388
3,1490,1493,0.1388
3,1501,1504,0.1388
3,1499,1502,0.1388
3,1518,1521,0.1388
3,1523,1526,0.1388
3,1514,1517,0.1388
3,1512,1515,0.1388
3,1514,1517,0.1388
3,1503,1506,0.1388
2,1494,1496,0.1388
2,1505,1507,0.1388
2,1509,1511,0.1388
2,1504,1506,0.1388
2,1514,1516,0.1388
2,1511,1513,0.1388
2,1502,1504,0.1388
2,1508,1510,0.1388
2,1514,1516,0.1388
2,1510,1512,0.1388
1,1506,1507,0.1388
1,1508,1509,0.1388
1,1506,1507,0.1388
1,1505,1506,0.1388
1,1517,1518,0.1388
1,1529,1530,0.1388
1,1534,1535,0.1388
1,1538,1539,0.1388
1,1528,1529,0.1388
1,1522,1523,0.1388
1,1522,1523,0.1388
1,1530,1531,0.1388
2,1527,1529,0.1388
2,1523,1525,0.1388
2,1520,1522,0.1388
2,1505,1507,0.1388
2,1489,1491,0.1388
2,1505,1507,0.1388
2,1528,1530,0.1388
2,1511,1513,0.1388
2,1504,1506,0.1388
2,1490,1492,0.1388
2,1508,1510,0.1388
2,1511,1513,0.1388
2,1523,1525,0.1388
2,1523,1525,0.1388
2,1518,1520,0.1388
3,1519,1522,0.1388
3,1512,1515,0.1388
3,1505,1508,0.1388
3,1506,1509,0.1388
3,1505,1508,0.1388
3,1509,1512,0.1388
3,1515,1518,0.1388
4,1509,1513,0.1388
4,1505,1509,0.1388
3,1515,1518,0.1388
3,1513,1516,0.1388
3,1523,1526,0.1388
3,1529,1532,0.1388
3,1522,1525,0.1388
3,1519,1522,0.1388
3,1523,1526,0.1388
3,1520,1523,0.1388
3,1515,1518,0.1388
3,1508,1511,0.1388
3,1500,1503,0.1388
3,1503,1506,0.1388
3,1496,1499,0.1388
3,1508,1511,0.1388
3,1511,1514,0.1388
3,1507,1510,0.1388
3,1509,1512,0.1388
3,1512,1515,0.1388
3,1531,1534,0.1388
3,1522,1525,0.1388
3,1521,1524,0.1388
3,1520,1523,0.1388
3,1505,1508,0.1388
4,1525,1529,0.1388
4,1522,1526,0.1388
4,1508,1512,0.1388
4,1510,1514,0.1388
4,1503,1507,0.1388
4,1518,1522,0.1388
4,1514,1518,0.1388
4,1510,1514,0.1388
4,1497,1501,0.1388
4,1507,1511,0.1388
4,1502,1506,0.1388
4,1496,1500,0.1388
4,1495,1499,0.1388
4,1503,1507,0.1388
4,1511,1515,0.1388
4,1530,1534,0.1388
4,1531,1535,0.1388
4,1527,1531,0.1388
3,1519,1522,0.1388
3,1530,1533,0.1388
3,1528,1531,0.1388
3,1523,1526,0.1388
2,1516,1518,0.1388
3,1519,1522,0.1388
3,1523,1526,0.1388
3,1535,1538,0.1388
3,1535,1538,0.1388
3,1530,1533,0.1388
3,1520,1523,0.1388
3,1513,1516,0.1388
3,1519,1522,0.1388
3,1520,1523,0.1388
3,1518,1521,0.1388
3,1524,1527,0.1388
2,1516,1518,0.1388
1,1513,1514,0.1388
1,1516,1517,0.1388
1,1520,1521,0.1388
1,1517,1518,0.1388
1,1511,1512,0.1388
1,1522,1523,0.1388
1,1520,1521,0.1388
1,1515,1516,0.1388
1,1499,1500,0.1388
1,1507,1508,0.1388
1,1512,1513,0.1388
1,1517,1518,0.1388
1,1515,1516,0.1388
1,1491,1492,0.1388
1,1488,1489,0.1388
1,1505,1506,0.1388
1,1507,1508,0.1388
2,1511,1513,0.1388
2,1510,1512,0.1388
2,1515,1517,0.1388
2,1505,1507,0.1388
2,1520,1522,0.1388
2,1527,1529,0.1388
2,1520,1522,0.1388
2,1516,1518,0.1388
2,1513,1515,0.1388
2,1514,1516,0.1388
2,1523,1525,0.1388
2,1522,1524,0.1388
2,1531,1533,0.1388
1,1524,1525,0.1388
1,1535,1536,0.1388
1,1533,1534,0.1388
1,1538,1539,0.1388
1,1540,1541,0.1388
1,1523,1524,0.1388
1,1522,1523,0.1388
1,1523,1524,0.1388
1,1520,1521,0.1388
1,1525,1526,0.1388
1,1512,1513,0.1388
1,1497,1498,0.1388
1,1509,1510,0.1388
1,1508,1509,0.1388
1,1516,1517,0.1388
1,1511,1512,0.1388
1,1525,1526,0.1388
1,1528,1529,0.1388
1,1503,1504,0.1388
1,1510,1511,0.1388
1,1503,1504,0.1388
1,1502,1503,0.1388
1,1496,1497,0.1388
1,1511,1512,0.1388
1,1522,1523,0.1388
1,1497,1498,0.1388
1,1502,1503,0.1388
1,1500,1501,0.1388
1,1512,1513,0.1388
1,1510,1511,0.1388
1,1521,1522,0.1388
1,1519,1520,0.1388
1,1516,1517,0.1388
1,1520,1521,0.1388
1,1521,1522,0.1388
1,1532,1533,0.1388
1,1528,1529,0.1388
1,1523,1524,0.1388
1,1529,1530,0.1388
1,1520,1521,0.1388
1,1512,1513,0.1388
1,1515,1516,0.1388
1,1512,1513,0.1388
1,1508,1509,0.1388
1,1531,1532,0.1388
1,1516,1517,0.1388
1,1507,1508,0.1388
1,1507,1508,0.1388
1,1518,1519,0.1388
2,1516,1518,0.1388
2,1514,1516,0.1388
3,1515,1518,0.1388
3,1508,1511,0.1388
3,1492,1495,0.1388
3,1493,1496,0.1388
4,1502,1506,0.1388
4,1509,1513,0.1388
4,1505,1509,0.1388
4,1502,1506,0.1388
4,1505,1509,0.1388
4,1508,1512,0.1388
4,1502,1506,0.1388
5,1512,1517,0.1388
5,1515,1520,0.1388
5,1518,1523,0.1388
5,1505,1510,0.1388
5,1506,1511,0.1388
5,1516,1521,0.1388
5,1514,1519,0.1388
3,1508,1511,0.1388
3,1499,1502,0.1388
3,1515,1518,0.1388
4,1507,1511,0.1388
2,1511,1513,0.1388
2,1521,1523,0.1388
2,1514,1516,0.1388
2,1516,1518,0.1388
2,1515,1517,0.1388
2,1520,1522,0.1388
3,1525,1528,0.1388
3,1514,1517,0.1388
3,1505,1508,0.1388
4,1503,1507,0.1388
5,1501,1506,0.1388
5,1503,1508,0.1388
5,1511,1516,0.1388
4,1517,1521,0.1388
4,1504,1508,0.1388
4,1506,1510,0.1388
4,1508,1512,0.1388
4,1500,1504,0.1388
4,1501,1505,0.1388
4,1504,1508,0.1388
4,1504,1508,0.1388
4,1506,1510,0.1388
4,1509,1513,0.1388
4,1510,1514,0.1388
4,1521,1525,0.1388
3,1517,1520,0.1388
3,1514,1517,0.1388
3,1511,1514,0.1388
3,1511,1514,0.1388
3,1508,1511,0.1388
2,1524,1526,0.1388
2,1518,1520,0.1388
2,1524,1526,0.1388
2,1520,1522,0.1388
2,1516,1518,0.1388
2,1526,1528,0.1388
1,1516,1517,0.1388
1,1515,1516,0.1388
1,1516,1517,0.1388
1,1522,1523,0.1388
1,1520,1521,0.1388
1,1516,1517,0.1388
1,1508,1509,0.1388
1,1507,1508,0.1388
1,1510,1511,0.1388
2,1510,1512,0.1388
2,1513,1515,0.1388
2,1509,1511,0.1388
2,1507,1509,0.1388
2,1511,1513,0.1388
1,1515,1516,0.1388
1,1521,1522,0.1388
1,1519,1520,0.1388
2,1512,1514,0.1388
2,1518,1520,0.1388
2,1522,1524,0.1388
2,1513,1515,0.1388
2,1505,1507,0.1388
2,1516,1518,0.1388
2,1508,1510,0.1388
2,1509,1511,0.1388
2,1508,1510,0.1388
2,1523,1525,0.1388
2,1513,1515,0.1388
2,1512,1514,0.1388
2,1514,1516,0.1388
2,1509,1511,0.1388
2,1512,1514,0.1388
2,1506,1508,0.1388
2,1506,1508,0.1388
1,1518,1519,0.1388
1,1516,1517,0.1388
1,1518,1519,0.1388
1,1512,1513,0.1388
1,1529,1530,0.1388
1,1524,1525,0.1388
1,1522,1523,0.1388
1,1517,1518,0.1388
1,1508,1509,0.1388
1,1518,1519,0.1388
1,1523,1524,0.1388
1,1537,1538,0.1388
1,1529,1530,0.1388
1,1508,1509,0.1388
1,1506,1507,0.1388
1,1512,1513,0.1388
1,1512,1513,0.1388
1,1515,1516,0.1388
1,1518,1519,0.1388
1,1519,1520,0.1388
1,1512,1513,0.1388
1,1523,1524,0.1388
1,1518,1519,0.1388
1,1521,1522,0.1388
1,1517,1518,0.1388
1,1529,1530,0.1388
1,1522,1523,0.1388
1,1516,1517,0.1388
1,1526,1527,0.1388
1,1522,1523,0.1388
1,1518,1519,0.1388
1,1518,1519,0.1388
1,1520,1521,0.1388
1,1522,1523,0.1388
1,1524,1525,0.1388
1,1532,1533,0.1388
2,1524,1526,0.1388
2,1521,1523,0.1388
3,1526,1529,0.1388
3,1516,1519,0.1388
3,1527,1530,0.1388
3,1518,1521,0.1388
3,1524,1527,0.1388
3,1533,1536,0.1388
3,1534,1537,0.1388
3,1530,1533,0.1388
3,1524,1527,0.1388
3,1520,1523,0.1388
2,1517,1519,0.1388
2,1517,1519,0.1388
2,1516,1518,0.1388
2,1505,1507,0.1388
2,1502,1504,0.1388
2,1498,1500,0.1388
2,1520,1522,0.1388
2,1522,1524,0.1388
2,1525,1527,0.1388
2,1516,1518,0.1388
2,1505,1507,0.1388
2,1504,1506,0.1388
2,1520,1522,0.1388
2,1522,1524,0.1388
2,1520,1522,0.1388
2,1515,1517,0.1388
2,1508,1510,0.1388
2,1518,1520,0.1388
2,1520,1522,0.1388
2,1509,1511,0.1388
2,1514,1516,0.1388
2,1504,1506,0.1388
2,1508,1510,0.1388
2,1505,1507,0.1388
2,1509,1511,0.1388
2,1502,1504,0.1388
2,1511,1513,0.1388
2,1516,1518,0.1388
2,1508,1510,0.1388
2,1508,1510,0.1388
2,1519,1521,0.1388
2,1515,1517,0.1388
2,1512,1514,0.1388
2,1517,1519,0.1388
2,1532,1534,0.1388
2,1529,1531,0.1388
2,1518,1520,0.1388
2,1510,1512,0.1388
2,1513,1515,0.1388
2,1515,1517,0.1388
2,1514,1516,0.1388
2,1515,1517,0.1388
2,1522,1524,0.1388
2,1525,1527,0.1388
2,1519,1521,0.1388
2,1517,1519,0.1388
2,1516,1518,0.1388
2,1520,1522,0.1388
2,1530,1532,0.1388
2,1513,1515,0.1388
2,1505,1507,0.1388
2,1507,1509,0.1388
2,1508,1510,0.1388
2,1522,1524,0.1388
2,1521,1523,0.1388
3,1516,1519,0.1388
3,1530,1533,0.1388
3,1522,1525,0.1388
5,1515,1520,0.1388
5,1510,1515,0.1388
6,1506,1512,0.1388
6,1499,1505,0.1388
6,1505,1511,0.1388
6,1510,1516,0.1388
6,1519,1525,0.1388
6,1519,1525,0.1388
5,1520,1525,0.1388
5,1520,1525,0.1388
6,1504,1510,0.1388
6,1522,1528,0.1388
6,1521,1527,0.1388
6,1507,1513,0.1388
6,1509,1515,0.1388
6,1514,1520,0.1388
6,1516,1522,0.1388
6,1511,1517,0.1388
6,1514,1520,0.1388
6,1509,1515,0.1388
6,1506,1512,0.1388
6,1505,1511,0.1388
6,1495,1501,0.1388
6,1508,1514,0.1388
6,1505,1511,0.1388
6,1503,1509,0.1388
6,1510,1516,0.1388
6,1521,1527,0.1388
7,1511,1518,0.1388
7,1524,1531,0.1388
7,1511,1518,0.1388
7,1505,1512,0.1388
7,1501,1508,0.1388
6,1503,1509,0.1388
6,1498,1504,0.1388
6,1499,1505,0.1388
5,1508,1513,0.1388
5,1508,1513,0.1388
5,1508,1513,0.1388
6,1509,1515,0.1388
5,1507,1512,0.1388
5,1513,1518,0.1388
5,1510,1515,0.1388
5,1510,1515,0.1388
5,1522,1527,0.1388
4,1512,1516,0.1388
4,1511,1515,0.1388
4,1510,1514,0.1388
3,1504,1507,0.1388
3,1504,1507,0.1388
3,1517,1520,0.1388
3,1506,1509,0.1388
3,1504,1507,0.1388
3,1510,1513,0.1388
3,1514,1517,0.1388
3,1513,1516,0.1388
3,1517,1520,0.1388
4,1511,1515,0.1388
4,1514,1518,0.1388
4,1514,1518,0.1388
4,1509,1513,0.1388
4,1502,1506,0.1388
4,1501,1505,0.1388
4,1504,1508,0.1388
4,1500,1504,0.1388
4,1499,1503,0.1388
4,1509,1513,0.1388
4,1511,1515,0.1388
4,1513,1517,0.1388
3,1521,1524,0.1388
3,1513,1516,0.1388
3,1519,1522,0.1388
3,1533,1536,0.1388
3,1538,1541,0.1388
3,1527,1530,0.1388
3,1525,1528,0.1388
3,1515,1518,0.1388
3,1518,1521,0.1388
3,1518,1521,0.1388
3,1524,1527,0.1388
3,1528,1531,0.1388
3,1533,1536,0.1388
2,1529,1531,0.1388
2,1520,1522,0.1388
2,1511,1513,0.1388
2,1518,1520,0.1388
2,1512,1514,0.1388
2,1522,1524,0.1388
2,1520,1522,0.1388
2,1519,1521,0.1388
2,1522,1524,0.1388
3,1515,1518,0.1388
3,1526,1529,0.1388
3,1518,1521,0.1388
3,1506,1509,0.1388
3,1495,1498,0.1388
4,1487,1491,0.1388
4,1507,1511,0.1388
4,1510,1514,0.1388
4,1510,1514,0.1388
4,1510,1514,0.1388
3,1519,1522,0.1388
2,1525,1527,0.1388
2,1525,1527,0.1388
1,1521,1522,0.1388
1,1508,1509,0.1388
1,1507,1508,0.1388
1,1509,1510,0.1388
1,1496,1497,0.1388
1,1496,1497,0.1388
1,1510,1511,0.1388
1,1522,1523,0.1388
1,1528,1529,0.1388
1,1528,1529,0.1388
1,1535,1536,0.1388
0,1526,1526,0.1388
