1370,26,1396,0.1388
1418,29,1447,0.1388
1445,28,1473,0.1388
1449,27,1476,0.1388
1441,27,1468,0.1388
1450,28,1478,0.1388
1458,28,1486,0.1388
1455,28,1483,0.1388
1472,28,1500,0.1388
1464,29,1493,0.1388
1451,30,1481,0.1388
1442,28,1470,0.1388
1457,32,1489,0.1388
1450,31,1481,0.1388
1446,33,1479,0.1388
1445,35,1480,0.1388
1454,35,1489,0.1388
1445,36,1481,0.1388
1445,38,1483,0.1388
1444,39,1483,0.1388
1437,44,1481,0.1388
1453,41,1494,0.1388
1451,41,1492,0.1388
1458,41,1499,0.1388
1458,40,1498,0.1388
1456,40,1496,0.1388
1461,45,1506,0.1388
1460,45,1505,0.1388
1470,46,1516,0.1388
1457,46,1503,0.1388
1455,45,1500,0.1388
1461,44,1505,0.1388
1458,44,1502,0.1388
1452,43,1495,0.1388
1457,44,1501,0.1388
1463,42,1505,0.1388
1455,42,1497,0.1388
1453,47,1500,0.1388
1441,46,1487,0.1388
1453,48,1501,0.1388
1459,48,1507,0.1388
1441,51,1492,0.1388
1441,52,1493,0.1388
1445,53,1498,0.1388
1449,51,1500,0.1388
1450,49,1499,0.1388
1450,49,1499,0.1388
1446,49,1495,0.1388
1458,50,1508,0.1388
1454,50,1504,0.1388
1449,51,1500,0.1388
1452,50,1502,0.1388
1449,48,1497,0.1388
1447,47,1494,0.1388
1449,47,1496,0.1388
1445,46,1491,0.1388
1445,47,1492,0.1388
1428,49,1477,0.1388
1427,52,1479,0.1388
1443,50,1493,0.1388
1450,49,1499,0.1388
1445,51,1496,0.1388
1453,51,1504,0.1388
1442,51,1493,0.1388
1446,48,1494,0.1388
1453,46,1499,0.1388
1447,47,1494,0.1388
1451,50,1501,0.1388
1440,49,1489,0.1388
1449,49,1498,0.1388
1447,50,1497,0.1388
1454,47,1501,0.1388
1453,46,1499,0.1388
1458,46,1504,0.1388
1449,46,1495,0.1388
1449,48,1497,0.1388
1432,47,1479,0.1388
1441,46,1487,0.1388
1441,47,1488,0.1388
1446,46,1492,0.1388
1439,46,1485,0.1388
1457,46,1503,0.1388
1455,45,1500,0.1388
1446,46,1492,0.1388
1454,44,1498,0.1388
1439,45,1484,0.1388
1438,44,1482,0.1388
1438,48,1486,0.1388
1440,46,1486,0.1388
1432,46,1478,0.1388
1445,48,1493,0.1388
1451,49,1500,0.1388
1452,49,1501,0.1388
1442,51,1493,0.1388
1436,50,1486,0.1388
1437,52,1489,0.1388
1437,54,1491,0.1388
1440,55,1495,0.1388
1450,55,1505,0.1388
1455,53,1508,0.1388
1446,55,1501,0.1388
1446,57,1503,0.1388
1456,58,1514,0.1388
1449,58,1507,0.1388
1442,63,1505,0.1388
1438,61,1499,0.1388
1428,58,1486,0.1388
1415,60,1475,0.1388
1424,62,1486,0.1388
1416,63,1479,0.1388
1429,62,1491,0.1388
1420,65,1485,0.1388
1422,65,1487,0.1388
1434,65,1499,0.1388
1422,67,1489,0.1388
1429,66,1495,0.1388
1428,66,1494,0.1388
1420,64,1484,0.1388
1422,66,1488,0.1388
1429,63,1492,0.1388
1422,63,1485,0.1388
1426,62,1488,0.1388
1430,62,1492,0.1388
1429,60,1489,0.1388
1422,60,1482,0.1388
1429,58,1487,0.1388
1433,59,1492,0.1388
1419,60,1479,0.1388
1425,58,1483,0.1388
1422,63,1485,0.1388
1442,62,1504,0.1388
1434,66,1500,0.1388
1434,65,1499,0.1388
1424,67,1491,0.1388
1438,68,1506,0.1388
1442,69,1511,0.1388
1432,70,1502,0.1388
1436,69,1505,0.1388
1435,67,1502,0.1388
1429,68,1497,0.1388
1434,64,1498,0.1388
1439,63,1502,0.1388
1442,64,1506,0.1388
1425,68,1493,0.1388
1426,66,1492,0.1388
1427,67,1494,0.1388
1416,67,1483,0.1388
1416,68,1484,0.1388
1422,71,1493,0.1388
1420,72,1492,0.1388
1426,70,1496,0.1388
1425,68,1493,0.1388
1423,69,1492,0.1388
1439,68,1507,0.1388
1437,69,1506,0.1388
1434,69,1503,0.1388
1444,67,1511,0.1388
1444,69,1513,0.1388
1434,69,1503,0.1388
1421,71,1492,0.1388
1420,73,1493,0.1388
1422,74,1496,0.1388
1419,71,1490,0.1388
1420,69,1489,0.1388
1421,70,1491,0.1388
1420,72,1492,0.1388
1421,73,1494,0.1388
1429,75,1504,0.1388
1420,80,1500,0.1388
1432,80,1512,0.1388
1432,81,1513,0.1388
1431,79,1510,0.1388
1437,80,1517,0.1388
1430,77,1507,0.1388
1417,78,1495,0.1388
1411,79,1490,0.1388
1417,85,1502,0.1388
1421,84,1505,0.1388
1409,84,1493,0.1388
1408,85,1493,0.1388
1404,85,1489,0.1388
1415,85,1500,0.1388
1412,85,1497,0.1388
1410,86,1496,0.1388
1417,86,1503,0.1388
1414,86,1500,0.1388
1404,84,1488,0.1388
1394,84,1478,0.1388
1389,85,1474,0.1388
1378,86,1464,0.1388
1385,88,1473,0.1388
1398,86,1484,0.1388
1399,85,1484,0.1388
1417,84,1501,0.1388
1398,85,1483,0.1388
1404,84,1488,0.1388
1401,84,1485,0.1388
1400,85,1485,0.1388
1393,84,1477,0.1388
1387,87,1474,0.1388
1399,86,1485,0.1388
1384,90,1474,0.1388
1391,92,1483,0.1388
1390,89,1479,0.1388
1396,94,1490,0.1388
1405,93,1498,0.1388
1402,94,1496,0.1388
1391,92,1483,0.1388
1397,93,1490,0.1388
1404,97,1501,0.1388
1390,97,1487,0.1388
1393,98,1491,0.1388
1382,95,1477,0.1388
1382,96,1478,0.1388
1381,101,1482,0.1388
1395,99,1494,0.1388
1392,100,1492,0.1388
1388,99,1487,0.1388
1393,98,1491,0.1388
1392,99,1491,0.1388
1399,102,1501,0.1388
1403,101,1504,0.1388
1392,104,1496,0.1388
1378,102,1480,0.1388
1386,104,1490,0.1388
1386,103,1489,0.1388
1378,103,1481,0.1388
1376,107,1483,0.1388
1369,106,1475,0.1388
1371,106,1477,0.1388
1381,111,1492,0.1388
1383,108,1491,0.1388
1409,108,1517,0.1388
1409,104,1513,0.1388
1399,106,1505,0.1388
1396,104,1500,0.1388
1386,103,1489,0.1388
1391,107,1498,0.1388
1386,107,1493,0.1388
1380,109,1489,0.1388
1369,111,1480,0.1388
1381,113,1494,0.1388
1391,111,1502,0.1388
1397,112,1509,0.1388
1393,113,1506,0.1388
1393,111,1504,0.1388
1383,108,1491,0.1388
1376,110,1486,0.1388
1383,110,1493,0.1388
1368,112,1480,0.1388
1371,115,1486,0.1388
1371,116,1487,0.1388
1363,118,1481,0.1388
1351,122,1473,0.1388
1367,120,1487,0.1388
1365,125,1490,0.1388
1374,127,1501,0.1388
1373,130,1503,0.1388
1377,131,1508,0.1388
1372,130,1502,0.1388
1374,133,1507,0.1388
1361,130,1491,0.1388
1358,125,1483,0.1388
1357,120,1477,0.1388
1363,119,1482,0.1388
1358,117,1475,0.1388
1366,118,1484,0.1388
1373,119,1492,0.1388
1382,122,1504,0.1388
1364,125,1489,0.1388
1371,126,1497,0.1388
1365,127,1492,0.1388
1362,126,1488,0.1388
1373,125,1498,0.1388
1369,128,1497,0.1388
1373,127,1500,0.1388
1387,129,1516,0.1388
1378,125,1503,0.1388
1382,123,1505,0.1388
1387,128,1515,0.1388
1374,129,1503,0.1388
1383,129,1512,0.1388
1370,127,1497,0.1388
1368,128,1496,0.1388
1357,132,1489,0.1388
1358,130,1488,0.1388
1358,133,1491,0.1388
1345,132,1477,0.1388
1350,131,1481,0.1388
1344,131,1475,0.1388
1355,133,1488,0.1388
1363,131,1494,0.1388
1372,130,1502,0.1388
1377,128,1505,0.1388
1368,133,1501,0.1388
1375,133,1508,0.1388
1379,134,1513,0.1388
1366,136,1502,0.1388
1364,138,1502,0.1388
1369,139,1508,0.1388
1368,137,1505,0.1388
1361,137,1498,0.1388
1357,134,1491,0.1388
1355,133,1488,0.1388
1349,133,1482,0.1388
1348,135,1483,0.1388
1345,132,1477,0.1388
1339,130,1469,0.1388
1338,134,1472,0.1388
1336,139,1475,0.1388
1349,138,1487,0.1388
1351,140,1491,0.1388
1342,139,1481,0.1388
1350,142,1492,0.1388
1354,142,1496,0.1388
1348,139,1487,0.1388
1347,142,1489,0.1388
1345,144,1489,0.1388
1346,144,1490,0.1388
1347,150,1497,0.1388
1335,151,1486,0.1388
1325,149,1474,0.1388
1327,143,1470,0.1388
1344,144,1488,0.1388
1345,145,1490,0.1388
1358,144,1502,0.1388
1367,139,1506,0.1388
1368,141,1509,0.1388
1365,144,1509,0.1388
1367,140,1507,0.1388
1362,137,1499,0.1388
1365,137,1502,0.1388
1367,139,1506,0.1388
1357,139,1496,0.1388
1355,145,1500,0.1388
1351,145,1496,0.1388
1344,144,1488,0.1388
1343,151,1494,0.1388
1352,153,1505,0.1388
1345,152,1497,0.1388
1352,155,1507,0.1388
1351,153,1504,0.1388
1349,153,1502,0.1388
1352,154,1506,0.1388
1357,150,1507,0.1388
1359,153,1512,0.1388
1346,156,1502,0.1388
1344,153,1497,0.1388
1340,156,1496,0.1388
1340,158,1498,0.1388
1340,158,1498,0.1388
1330,156,1486,0.1388
1342,157,1499,0.1388
1344,160,1504,0.1388
1343,161,1504,0.1388
1345,162,1507,0.1388
1338,163,1501,0.1388
1338,166,1504,0.1388
1338,164,1502,0.1388
1330,164,1494,0.1388
1331,165,1496,0.1388
1334,166,1500,0.1388
1323,168,1491,0.1388
1323,167,1490,0.1388
1327,170,1497,0.1388
1326,172,1498,0.1388
1333,168,1501,0.1388
1337,168,1505,0.1388
1328,166,1494,0.1388
1325,164,1489,0.1388
1326,166,1492,0.1388
1328,167,1495,0.1388
1318,173,1491,0.1388
1326,172,1498,0.1388
1326,173,1499,0.1388
1323,176,1499,0.1388
1324,177,1501,0.1388
1324,175,1499,0.1388
1331,177,1508,0.1388
1333,180,1513,0.1388
1323,183,1506,0.1388
1324,182,1506,0.1388
1324,183,1507,0.1388
1308,179,1487,0.1388
1304,179,1483,0.1388
1302,182,1484,0.1388
1302,184,1486,0.1388
1306,184,1490,0.1388
1306,188,1494,0.1388
1318,191,1509,0.1388
1312,185,1497,0.1388
1313,185,1498,0.1388
1298,184,1482,0.1388
1299,188,1487,0.1388
1307,188,1495,0.1388
1302,184,1486,0.1388
1309,182,1491,0.1388
1298,189,1487,0.1388
1292,195,1487,0.1388
1297,194,1491,0.1388
1296,196,1492,0.1388
1294,196,1490,0.1388
1291,195,1486,0.1388
1302,199,1501,0.1388
1299,195,1494,0.1388
1293,199,1492,0.1388
1292,203,1495,0.1388
1288,199,1487,0.1388
1279,200,1479,0.1388
1282,198,1480,0.1388
1285,207,1492,0.1388
1278,205,1483,0.1388
1274,205,1479,0.1388
1277,206,1483,0.1388
1290,205,1495,0.1388
1294,202,1496,0.1388
1300,206,1506,0.1388
1292,206,1498,0.1388
1299,200,1499,0.1388
1298,202,1500,0.1388
1288,205,1493,0.1388
1295,205,1500,0.1388
1298,201,1499,0.1388
1297,203,1500,0.1388
1297,202,1499,0.1388
1295,203,1498,0.1388
1281,204,1485,0.1388
1292,201,1493,0.1388
1290,207,1497,0.1388
1296,204,1500,0.1388
1284,206,1490,0.1388
1283,207,1490,0.1388
1275,213,1488,0.1388
1280,213,1493,0.1388
1281,218,1499,0.1388
1283,218,1501,0.1388
1287,220,1507,0.1388
1295,223,1518,0.1388
1282,226,1508,0.1388
1274,224,1498,0.1388
1263,222,1485,0.1388
1273,216,1489,0.1388
1273,214,1487,0.1388
1267,216,1483,0.1388
1261,220,1481,0.1388
1257,216,1473,0.1388
1268,221,1489,0.1388
1265,218,1483,0.1388
1273,216,1489,0.1388
1282,217,1499,0.1388
1282,217,1499,0.1388
1273,216,1489,0.1388
1287,214,1501,0.1388
1278,212,1490,0.1388
1276,218,1494,0.1388
1278,225,1503,0.1388
1286,223,1509,0.1388
1275,224,1499,0.1388
1268,226,1494,0.1388
1270,226,1496,0.1388
1260,225,1485,0.1388
1253,225,1478,0.1388
1244,230,1474,0.1388
1247,232,1479,0.1388
1254,247,1501,0.1388
1261,242,1503,0.1388
1254,245,1499,0.1388
1263,250,1513,0.1388
1261,254,1515,0.1388
1249,257,1506,0.1388
1251,254,1505,0.1388
1243,248,1491,0.1388
1237,249,1486,0.1388
1241,246,1487,0.1388
1244,250,1494,0.1388
1243,250,1493,0.1388
1235,253,1488,0.1388
1249,258,1507,0.1388
1240,254,1494,0.1388
1235,255,1490,0.1388
1235,250,1485,0.1388
1240,255,1495,0.1388
1239,254,1493,0.1388
1226,257,1483,0.1388
1236,258,1494,0.1388
1230,257,1487,0.1388
1235,264,1499,0.1388
1246,258,1504,0.1388
1249,252,1501,0.1388
1242,253,1495,0.1388
1254,253,1507,0.1388
1241,255,1496,0.1388
1248,253,1501,0.1388
1247,258,1505,0.1388
1234,253,1487,0.1388
1230,251,1481,0.1388
1241,250,1491,0.1388
1243,252,1495,0.1388
1245,253,1498,0.1388
1241,253,1494,0.1388
1234,257,1491,0.1388
1243,257,1500,0.1388
1239,256,1495,0.1388
1234,262,1496,0.1388
1239,261,1500,0.1388
1244,262,1506,0.1388
1242,257,1499,0.1388
1237,257,1494,0.1388
1230,260,1490,0.1388
1236,256,1492,0.1388
1234,260,1494,0.1388
1241,268,1509,0.1388
1239,269,1508,0.1388
1242,272,1514,0.1388
1240,272,1512,0.1388
1231,272,1503,0.1388
1228,270,1498,0.1388
1227,272,1499,0.1388
1224,272,1496,0.1388
1239,275,1514,0.1388
1233,271,1504,0.1388
1241,279,1520,0.1388
1222,279,1501,0.1388
1226,272,1498,0.1388
1225,274,1499,0.1388
1235,275,1510,0.1388
1243,270,1513,0.1388
1241,268,1509,0.1388
1236,275,1511,0.1388
1233,276,1509,0.1388
1227,282,1509,0.1388
1221,281,1502,0.1388
1219,287,1506,0.1388
1212,286,1498,0.1388
1219,289,1508,0.1388
1219,291,1510,0.1388
1220,291,1511,0.1388
1214,293,1507,0.1388
1227,292,1519,0.1388
1208,286,1494,0.1388
1214,290,1504,0.1388
1219,295,1514,0.1388
1210,296,1506,0.1388
1187,291,1478,0.1388
1185,293,1478,0.1388
1190,291,1481,0.1388
1194,294,1488,0.1388
1180,300,1480,0.1388
1166,306,1472,0.1388
1173,305,1478,0.1388
1181,303,1484,0.1388
1197,305,1502,0.1388
1194,306,1500,0.1388
1183,304,1487,0.1388
1190,306,1496,0.1388
1191,307,1498,0.1388
1187,300,1487,0.1388
1195,300,1495,0.1388
1192,301,1493,0.1388
1186,299,1485,0.1388
1194,299,1493,0.1388
1207,296,1503,0.1388
1201,297,1498,0.1388
1200,306,1506,0.1388
1203,309,1512,0.1388
1205,311,1516,0.1388
1208,311,1519,0.1388
1200,309,1509,0.1388
1191,308,1499,0.1388
1192,304,1496,0.1388
1194,301,1495,0.1388
1186,309,1495,0.1388
1182,316,1498,0.1388
1192,316,1508,0.1388
1196,317,1513,0.1388
1207,319,1526,0.1388
1201,318,1519,0.1388
1188,318,1506,0.1388
1183,318,1501,0.1388
1186,311,1497,0.1388
1188,308,1496,0.1388
1190,306,1496,0.1388
1196,309,1505,0.1388
1192,308,1500,0.1388
1189,305,1494,0.1388
1186,299,1485,0.1388
1192,300,1492,0.1388
1199,306,1505,0.1388
1198,311,1509,0.1388
1194,307,1501,0.1388
1197,309,1506,0.1388
1194,314,1508,0.1388
1192,306,1498,0.1388
1184,305,1489,0.1388
1184,312,1496,0.1388
1191,308,1499,0.1388
1180,308,1488,0.1388
1186,312,1498,0.1388
1201,309,1510,0.1388
1198,306,1504,0.1388
1176,303,1479,0.1388
1179,304,1483,0.1388
1185,300,1485,0.1388
1196,296,1492,0.1388
1193,301,1494,0.1388
1197,303,1500,0.1388
1204,309,1513,0.1388
1200,308,1508,0.1388
1197,304,1501,0.1388
1196,297,1493,0.1388
1191,301,1492,0.1388
1189,310,1499,0.1388
1179,311,1490,0.1388
1183,311,1494,0.1388
1187,319,1506,0.1388
1182,318,1500,0.1388
1190,320,1510,0.1388
1198,319,1517,0.1388
1194,319,1513,0.1388
1190,312,1502,0.1388
1178,322,1500,0.1388
1179,326,1505,0.1388
1194,315,1509,0.1388
1193,316,1509,0.1388
1189,319,1508,0.1388
1191,314,1505,0.1388
1182,316,1498,0.1388
1194,311,1505,0.1388
1198,318,1516,0.1388
1189,312,1501,0.1388
1198,313,1511,0.1388
1188,313,1501,0.1388
1188,318,1506,0.1388
1199,319,1518,0.1388
1192,318,1510,0.1388
1191,315,1506,0.1388
1190,311,1501,0.1388
1180,307,1487,0.1388
1173,317,1490,0.1388
1182,319,1501,0.1388
1178,322,1500,0.1388
1170,329,1499,0.1388
1174,328,1502,0.1388
1162,323,1485,0.1388
1164,320,1484,0.1388
1160,315,1475,0.1388
1164,317,1481,0.1388
1166,307,1473,0.1388
1189,305,1494,0.1388
1200,313,1513,0.1388
1193,315,1508,0.1388
1181,315,1496,0.1388
1186,311,1497,0.1388
1179,312,1491,0.1388
1174,319,1493,0.1388
1174,320,1494,0.1388
1189,322,1511,0.1388
1191,323,1514,0.1388
1186,323,1509,0.1388
1180,321,1501,0.1388
1182,321,1503,0.1388
1178,327,1505,0.1388
1178,325,1503,0.1388
1184,325,1509,0.1388
1179,320,1499,0.1388
1177,323,1500,0.1388
1167,320,1487,0.1388
1174,323,1497,0.1388
1173,324,1497,0.1388
1173,319,1492,0.1388
1184,317,1501,0.1388
1191,320,1511,0.1388
1187,316,1503,0.1388
1183,306,1489,0.1388
1181,311,1492,0.1388
1162,315,1477,0.1388
1168,314,1482,0.1388
1170,319,1489,0.1388
1172,312,1484,0.1388
1171,316,1487,0.1388
1171,314,1485,0.1388
1170,316,1486,0.1388
1166,326,1492,0.1388
1169,323,1492,0.1388
1161,324,1485,0.1388
1164,322,1486,0.1388
1152,327,1479,0.1388
1161,327,1488,0.1388
1150,332,1482,0.1388
1160,327,1487,0.1388
1164,331,1495,0.1388
1165,336,1501,0.1388
1169,340,1509,0.1388
1170,338,1508,0.1388
1174,331,1505,0.1388
1171,332,1503,0.1388
1174,329,1503,0.1388
1169,330,1499,0.1388
1168,330,1498,0.1388
1163,326,1489,0.1388
1171,323,1494,0.1388
1160,330,1490,0.1388
1158,334,1492,0.1388
1177,338,1515,0.1388
1176,340,1516,0.1388
1172,336,1508,0.1388
1171,336,1507,0.1388
1175,339,1514,0.1388
1175,342,1517,0.1388
1164,338,1502,0.1388
1159,342,1501,0.1388
1161,344,1505,0.1388
1149,345,1494,0.1388
1147,348,1495,0.1388
1146,352,1498,0.1388
1134,353,1487,0.1388
1133,352,1485,0.1388
1144,349,1493,0.1388
1146,340,1486,0.1388
1149,343,1492,0.1388
1148,354,1502,0.1388
1154,347,1501,0.1388
1144,349,1493,0.1388
1140,352,1492,0.1388
1132,357,1489,0.1388
1141,361,1502,0.1388
1153,358,1511,0.1388
1146,364,1510,0.1388
1140,369,1509,0.1388
1139,372,1511,0.1388
1131,367,1498,0.1388
1109,367,1476,0.1388
1106,370,1476,0.1388
1115,371,1486,0.1388
1115,372,1487,0.1388
1107,379,1486,0.1388
1115,372,1487,0.1388
1132,374,1506,0.1388
1131,377,1508,0.1388
1123,377,1500,0.1388
1107,386,1493,0.1388
1118,384,1502,0.1388
1121,386,1507,0.1388
1117,388,1505,0.1388
1122,389,1511,0.1388
1111,386,1497,0.1388
1118,381,1499,0.1388
1123,382,1505,0.1388
1114,382,1496,0.1388
1123,376,1499,0.1388
1122,370,1492,0.1388
1115,373,1488,0.1388
1109,371,1480,0.1388
1117,375,1492,0.1388
1111,375,1486,0.1388
1099,380,1479,0.1388
1098,375,1473,0.1388
1095,373,1468,0.1388
1100,378,1478,0.1388
1098,382,1480,0.1388
1105,382,1487,0.1388
1107,387,1494,0.1388
1103,380,1483,0.1388
1098,381,1479,0.1388
1106,375,1481,0.1388
1117,374,1491,0.1388
1112,385,1497,0.1388
1119,389,1508,0.1388
1115,389,1504,0.1388
1119,388,1507,0.1388
1122,381,1503,0.1388
1124,379,1503,0.1388
1124,380,1504,0.1388
1121,387,1508,0.1388
1117,379,1496,0.1388
1105,387,1492,0.1388
1106,389,1495,0.1388
1105,388,1493,0.1388
1101,388,1489,0.1388
1104,388,1492,0.1388
1104,390,1494,0.1388
1102,389,1491,0.1388
1102,388,1490,0.1388
1110,396,1506,0.1388
1098,397,1495,0.1388
1097,403,1500,0.1388
1098,401,1499,0.1388
1100,397,1497,0.1388
1111,401,1512,0.1388
1101,405,1506,0.1388
1097,404,1501,0.1388
1088,401,1489,0.1388
1089,403,1492,0.1388
1092,401,1493,0.1388
1097,396,1493,0.1388
1107,393,1500,0.1388
1112,401,1513,0.1388
1105,405,1510,0.1388
1100,408,1508,0.1388
1097,405,1502,0.1388
1111,403,1514,0.1388
1115,402,1517,0.1388
1103,401,1504,0.1388
1097,399,1496,0.1388
1091,397,1488,0.1388
1090,400,1490,0.1388
1094,410,1504,0.1388
1085,412,1497,0.1388
1081,411,1492,0.1388
1081,421,1502,0.1388
1078,424,1502,0.1388
1080,422,1502,0.1388
1068,421,1489,0.1388
1058,420,1478,0.1388
1063,423,1486,0.1388
1065,430,1495,0.1388
1068,431,1499,0.1388
1057,438,1495,0.1388
1070,434,1504,0.1388
1074,439,1513,0.1388
1076,437,1513,0.1388
1086,434,1520,0.1388
1080,435,1515,0.1388
1071,438,1509,0.1388
1070,444,1514,0.1388
1065,447,1512,0.1388
1066,444,1510,0.1388
1070,437,1507,0.1388
1069,438,1507,0.1388
1079,442,1521,0.1388
1082,437,1519,0.1388
1091,436,1527,0.1388
1083,435,1518,0.1388
1079,438,1517,0.1388
1069,440,1509,0.1388
1066,438,1504,0.1388
1075,437,1512,0.1388
1071,433,1504,0.1388
1063,440,1503,0.1388
1060,442,1502,0.1388
1053,446,1499,0.1388
1052,447,1499,0.1388
1059,452,1511,0.1388
1058,451,1509,0.1388
1059,445,1504,0.1388
1058,455,1513,0.1388
1056,448,1504,0.1388
1043,450,1493,0.1388
1036,450,1486,0.1388
1045,445,1490,0.1388
1025,456,1481,0.1388
1015,462,1477,0.1388
1011,467,1478,0.1388
1023,467,1490,0.1388
1024,464,1488,0.1388
1024,465,1489,0.1388
1015,466,1481,0.1388
1010,473,1483,0.1388
1014,472,1486,0.1388
1022,480,1502,0.1388
1030,481,1511,0.1388
1023,485,1508,0.1388
1023,486,1509,0.1388
1020,489,1509,0.1388
1020,486,1506,0.1388
1013,490,1503,0.1388
1009,491,1500,0.1388
1013,491,1504,0.1388
1014,488,1502,0.1388
1018,482,1500,0.1388
1006,482,1488,0.1388
994,479,1473,0.1388
998,483,1481,0.1388
999,493,1492,0.1388
998,493,1491,0.1388
1000,502,1502,0.1388
1010,502,1512,0.1388
1006,494,1500,0.1388
1024,495,1519,0.1388
1021,492,1513,0.1388
1013,491,1504,0.1388
1007,491,1498,0.1388
1001,487,1488,0.1388
1011,489,1500,0.1388
1016,486,1502,0.1388
1012,490,1502,0.1388
996,499,1495,0.1388
995,502,1497,0.1388
1002,494,1496,0.1388
1006,495,1501,0.1388
1002,496,1498,0.1388
1009,498,1507,0.1388
1009,495,1504,0.1388
1008,497,1505,0.1388
1004,502,1506,0.1388
994,498,1492,0.1388
988,506,1494,0.1388
978,510,1488,0.1388
988,510,1498,0.1388
983,509,1492,0.1388
991,515,1506,0.1388
989,512,1501,0.1388
997,518,1515,0.1388
991,525,1516,0.1388
989,523,1512,0.1388
983,526,1509,0.1388
983,528,1511,0.1388
983,523,1506,0.1388
983,528,1511,0.1388
990,519,1509,0.1388
977,522,1499,0.1388
982,519,1501,0.1388
982,525,1507,0.1388
992,518,1510,0.1388
988,522,1510,0.1388
990,530,1520,0.1388
994,522,1516,0.1388
977,521,1498,0.1388
971,522,1493,0.1388
965,531,1496,0.1388
968,528,1496,0.1388
972,533,1505,0.1388
971,530,1501,0.1388
959,534,1493,0.1388
970,534,1504,0.1388
969,534,1503,0.1388
962,536,1498,0.1388
950,541,1491,0.1388
939,543,1482,0.1388
944,548,1492,0.1388
941,546,1487,0.1388
952,546,1498,0.1388
939,549,1488,0.1388
939,546,1485,0.1388
945,556,1501,0.1388
933,562,1495,0.1388
933,564,1497,0.1388
939,569,1508,0.1388
933,586,1519,0.1388
932,584,1516,0.1388
929,587,1516,0.1388
920,588,1508,0.1388
915,581,1496,0.1388
922,581,1503,0.1388
933,581,1514,0.1388
933,580,1513,0.1388
930,578,1508,0.1388
932,576,1508,0.1388
926,576,1502,0.1388
920,575,1495,0.1388
920,577,1497,0.1388
925,581,1506,0.1388
926,584,1510,0.1388
933,577,1510,0.1388
925,581,1506,0.1388
936,576,1512,0.1388
944,585,1529,0.1388
936,568,1504,0.1388
925,569,1494,0.1388
914,563,1477,0.1388
922,573,1495,0.1388
917,573,1490,0.1388
919,558,1477,0.1388
923,571,1494,0.1388
919,572,1491,0.1388
921,574,1495,0.1388
928,578,1506,0.1388
923,588,1511,0.1388
918,585,1503,0.1388
919,585,1504,0.1388
918,583,1501,0.1388
915,582,1497,0.1388
908,579,1487,0.1388
909,588,1497,0.1388
915,586,1501,0.1388
905,585,1490,0.1388
906,587,1493,0.1388
902,594,1496,0.1388
906,606,1512,0.1388
899,595,1494,0.1388
907,599,1506,0.1388
906,604,1510,0.1388
906,601,1507,0.1388
908,605,1513,0.1388
910,602,1512,0.1388
903,599,1502,0.1388
897,605,1502,0.1388
886,604,1490,0.1388
881,612,1493,0.1388
883,611,1494,0.1388
885,610,1495,0.1388
895,615,1510,0.1388
888,619,1507,0.1388
881,624,1505,0.1388
879,615,1494,0.1388
882,611,1493,0.1388
882,623,1505,0.1388
880,616,1496,0.1388
869,625,1494,0.1388
869,626,1495,0.1388
878,632,1510,0.1388
868,632,1500,0.1388
869,632,1501,0.1388
865,616,1481,0.1388
872,620,1492,0.1388
882,615,1497,0.1388
883,617,1500,0.1388
888,619,1507,0.1388
884,624,1508,0.1388
869,631,1500,0.1388
884,626,1510,0.1388
890,617,1507,0.1388
889,630,1519,0.1388
896,623,1519,0.1388
886,626,1512,0.1388
891,626,1517,0.1388
890,632,1522,0.1388
883,628,1511,0.1388
879,625,1504,0.1388
883,619,1502,0.1388
872,612,1484,0.1388
878,608,1486,0.1388
883,611,1494,0.1388
878,609,1487,0.1388
886,614,1500,0.1388
896,617,1513,0.1388
886,617,1503,0.1388
888,613,1501,0.1388
890,625,1515,0.1388
894,621,1515,0.1388
872,624,1496,0.1388
872,625,1497,0.1388
869,630,1499,0.1388
873,627,1500,0.1388
881,632,1513,0.1388
885,637,1522,0.1388
879,644,1523,0.1388
867,637,1504,0.1388
865,641,1506,0.1388
866,635,1501,0.1388
864,632,1496,0.1388
864,624,1488,0.1388
862,629,1491,0.1388
857,626,1483,0.1388
851,633,1484,0.1388
862,636,1498,0.1388
868,640,1508,0.1388
867,644,1511,0.1388
869,647,1516,0.1388
867,648,1515,0.1388
862,647,1509,0.1388
859,647,1506,0.1388
846,656,1502,0.1388
855,652,1507,0.1388
855,644,1499,0.1388
850,657,1507,0.1388
851,651,1502,0.1388
848,640,1488,0.1388
855,648,1503,0.1388
864,660,1524,0.1388
858,659,1517,0.1388
855,663,1518,0.1388
844,661,1505,0.1388
847,663,1510,0.1388
834,666,1500,0.1388
834,673,1507,0.1388
837,675,1512,0.1388
831,679,1510,0.1388
836,691,1527,0.1388
830,680,1510,0.1388
830,681,1511,0.1388
832,676,1508,0.1388
830,679,1509,0.1388
828,686,1514,0.1388
817,685,1502,0.1388
830,681,1511,0.1388
832,684,1516,0.1388
833,689,1522,0.1388
827,676,1503,0.1388
821,687,1508,0.1388
811,688,1499,0.1388
820,688,1508,0.1388
827,692,1519,0.1388
813,681,1494,0.1388
812,684,1496,0.1388
822,687,1509,0.1388
819,689,1508,0.1388
812,690,1502,0.1388
804,693,1497,0.1388
806,690,1496,0.1388
797,687,1484,0.1388
807,695,1502,0.1388
821,703,1524,0.1388
819,704,1523,0.1388
818,697,1515,0.1388
806,693,1499,0.1388
813,696,1509,0.1388
828,697,1525,0.1388
816,708,1524,0.1388
808,705,1513,0.1388
813,699,1512,0.1388
818,697,1515,0.1388
815,700,1515,0.1388
802,696,1498,0.1388
797,708,1505,0.1388
801,702,1503,0.1388
802,710,1512,0.1388
799,715,1514,0.1388
795,717,1512,0.1388
791,721,1512,0.1388
791,725,1516,0.1388
786,728,1514,0.1388
783,726,1509,0.1388
774,724,1498,0.1388
781,723,1504,0.1388
769,724,1493,0.1388
781,727,1508,0.1388
779,732,1511,0.1388
770,727,1497,0.1388
770,730,1500,0.1388
769,737,1506,0.1388
781,740,1521,0.1388
774,738,1512,0.1388
772,735,1507,0.1388
768,733,1501,0.1388
766,743,1509,0.1388
766,740,1506,0.1388
778,735,1513,0.1388
778,736,1514,0.1388
779,744,1523,0.1388
777,750,1527,0.1388
768,745,1513,0.1388
762,739,1501,0.1388
769,744,1513,0.1388
767,746,1513,0.1388
767,746,1513,0.1388
767,747,1514,0.1388
776,745,1521,0.1388
775,748,1523,0.1388
775,753,1528,0.1388
777,747,1524,0.1388
776,741,1517,0.1388
776,746,1522,0.1388
779,749,1528,0.1388
777,747,1524,0.1388
761,747,1508,0.1388
762,755,1517,0.1388
754,756,1510,0.1388
743,754,1497,0.1388
745,757,1502,0.1388
741,761,1502,0.1388
745,758,1503,0.1388
741,751,1492,0.1388
749,743,1492,0.1388
752,750,1502,0.1388
759,746,1505,0.1388
749,746,1495,0.1388
756,748,1504,0.1388
746,759,1505,0.1388
745,779,1524,0.1388
739,779,1518,0.1388
724,786,1510,0.1388
720,783,1503,0.1388
731,778,1509,0.1388
709,777,1486,0.1388
714,788,1502,0.1388
723,784,1507,0.1388
727,791,1518,0.1388
724,784,1508,0.1388
724,790,1514,0.1388
729,805,1534,0.1388
715,796,1511,0.1388
716,804,1520,0.1388
712,800,1512,0.1388
705,799,1504,0.1388
716,793,1509,0.1388
706,796,1502,0.1388
697,798,1495,0.1388
702,803,1505,0.1388
708,804,1512,0.1388
697,807,1504,0.1388
700,809,1509,0.1388
701,819,1520,0.1388
699,816,1515,0.1388
695,812,1507,0.1388
689,820,1509,0.1388
685,821,1506,0.1388
687,815,1502,0.1388
692,822,1514,0.1388
684,830,1514,0.1388
683,824,1507,0.1388
682,827,1509,0.1388
679,827,1506,0.1388
686,825,1511,0.1388
690,831,1521,0.1388
691,836,1527,0.1388
688,840,1528,0.1388
680,837,1517,0.1388
673,819,1492,0.1388
676,819,1495,0.1388
681,817,1498,0.1388
684,811,1495,0.1388
687,817,1504,0.1388
693,823,1516,0.1388
689,836,1525,0.1388
691,825,1516,0.1388
691,831,1522,0.1388
686,841,1527,0.1388
681,838,1519,0.1388
683,828,1511,0.1388
683,834,1517,0.1388
686,834,1520,0.1388
680,836,1516,0.1388
676,843,1519,0.1388
679,843,1522,0.1388
677,841,1518,0.1388
678,837,1515,0.1388
686,844,1530,0.1388
682,845,1527,0.1388
674,827,1501,0.1388
675,831,1506,0.1388
675,836,1511,0.1388
673,836,1509,0.1388
670,835,1505,0.1388
674,844,1518,0.1388
677,848,1525,0.1388
671,839,1510,0.1388
657,835,1492,0.1388
660,832,1492,0.1388
658,839,1497,0.1388
658,850,1508,0.1388
657,852,1509,0.1388
656,858,1514,0.1388
646,864,1510,0.1388
648,868,1516,0.1388
643,866,1509,0.1388
637,875,1512,0.1388
630,868,1498,0.1388
633,872,1505,0.1388
631,874,1505,0.1388
637,885,1522,0.1388
641,885,1526,0.1388
634,886,1520,0.1388
627,897,1524,0.1388
624,888,1512,0.1388
627,885,1512,0.1388
631,901,1532,0.1388
616,884,1500,0.1388
608,887,1495,0.1388
617,898,1515,0.1388
615,905,1520,0.1388
612,894,1506,0.1388
619,892,1511,0.1388
620,890,1510,0.1388
617,891,1508,0.1388
615,894,1509,0.1388
613,892,1505,0.1388
613,890,1503,0.1388
609,898,1507,0.1388
606,906,1512,0.1388
607,896,1503,0.1388
612,896,1508,0.1388
617,907,1524,0.1388
614,902,1516,0.1388
607,900,1507,0.1388
612,903,1515,0.1388
608,899,1507,0.1388
602,910,1512,0.1388
595,901,1496,0.1388
602,899,1501,0.1388
593,907,1500,0.1388
590,912,1502,0.1388
593,902,1495,0.1388
587,915,1502,0.1388
586,914,1500,0.1388
590,915,1505,0.1388
593,913,1506,0.1388
590,918,1508,0.1388
592,918,1510,0.1388
597,924,1521,0.1388
593,909,1502,0.1388
594,916,1510,0.1388
588,921,1509,0.1388
589,930,1519,0.1388
587,916,1503,0.1388
582,914,1496,0.1388
585,921,1506,0.1388
575,914,1489,0.1388
589,914,1503,0.1388
586,921,1507,0.1388
587,925,1512,0.1388
585,927,1512,0.1388
584,938,1522,0.1388
575,938,1513,0.1388
571,932,1503,0.1388
572,938,1510,0.1388
572,933,1505,0.1388
567,921,1488,0.1388
570,932,1502,0.1388
572,929,1501,0.1388
568,927,1495,0.1388
572,929,1501,0.1388
566,934,1500,0.1388
573,936,1509,0.1388
570,937,1507,0.1388
567,940,1507,0.1388
556,937,1493,0.1388
564,944,1508,0.1388
561,943,1504,0.1388
554,943,1497,0.1388
559,943,1502,0.1388
558,954,1512,0.1388
556,947,1503,0.1388
554,952,1506,0.1388
558,950,1508,0.1388
555,945,1500,0.1388
558,951,1509,0.1388
553,957,1510,0.1388
549,969,1518,0.1388
550,970,1520,0.1388
543,967,1510,0.1388
546,961,1507,0.1388
546,966,1512,0.1388
543,966,1509,0.1388
545,959,1504,0.1388
542,949,1491,0.1388
551,956,1507,0.1388
546,954,1500,0.1388
542,960,1502,0.1388
538,969,1507,0.1388
543,959,1502,0.1388
533,962,1495,0.1388
529,959,1488,0.1388
534,957,1491,0.1388
541,967,1508,0.1388
541,963,1504,0.1388
542,971,1513,0.1388
541,969,1510,0.1388
537,954,1491,0.1388
538,956,1494,0.1388
537,962,1499,0.1388
530,959,1489,0.1388
531,965,1496,0.1388
516,982,1498,0.1388
520,987,1507,0.1388
515,978,1493,0.1388
524,977,1501,0.1388
517,983,1500,0.1388
513,974,1487,0.1388
514,983,1497,0.1388
523,983,1506,0.1388
519,979,1498,0.1388
514,981,1495,0.1388
518,979,1497,0.1388
524,980,1504,0.1388
519,981,1500,0.1388
508,994,1502,0.1388
504,996,1500,0.1388
499,1002,1501,0.1388
496,982,1478,0.1388
497,990,1487,0.1388
496,1007,1503,0.1388
500,1010,1510,0.1388
496,1012,1508,0.1388
494,1011,1505,0.1388
501,1008,1509,0.1388
504,1007,1511,0.1388
514,1000,1514,0.1388
513,994,1507,0.1388
508,994,1502,0.1388
510,1001,1511,0.1388
506,1003,1509,0.1388
499,1006,1505,0.1388
496,1008,1504,0.1388
498,1001,1499,0.1388
496,1006,1502,0.1388
494,1003,1497,0.1388
491,1006,1497,0.1388
491,1003,1494,0.1388
480,1006,1486,0.1388
492,1011,1503,0.1388
500,1013,1513,0.1388
495,1028,1523,0.1388
503,1020,1523,0.1388
505,1028,1533,0.1388
504,1019,1523,0.1388
500,1016,1516,0.1388
505,1010,1515,0.1388
495,1002,1497,0.1388
502,1007,1509,0.1388
503,1026,1529,0.1388
507,1021,1528,0.1388
503,1020,1523,0.1388
502,1012,1514,0.1388
506,1007,1513,0.1388
501,1013,1514,0.1388
494,1008,1502,0.1388
502,1024,1526,0.1388
502,1015,1517,0.1388
501,1012,1513,0.1388
498,1009,1507,0.1388
499,1010,1509,0.1388
505,1005,1510,0.1388
499,1006,1505,0.1388
500,1011,1511,0.1388
494,1007,1501,0.1388
494,1005,1499,0.1388
494,994,1488,0.1388
488,1003,1491,0.1388
484,1010,1494,0.1388
487,1018,1505,0.1388
488,1021,1509,0.1388
490,1011,1501,0.1388
500,1009,1509,0.1388
507,1021,1528,0.1388
501,1024,1525,0.1388
493,1031,1524,0.1388
488,1016,1504,0.1388
485,1023,1508,0.1388
488,1024,1512,0.1388
494,1017,1511,0.1388
496,1016,1512,0.1388
488,1015,1503,0.1388
490,1011,1501,0.1388
485,1011,1496,0.1388
488,1012,1500,0.1388
485,1005,1490,0.1388
489,1014,1503,0.1388
497,1016,1513,0.1388
491,1011,1502,0.1388
492,1022,1514,0.1388
491,1015,1506,0.1388
481,1015,1496,0.1388
475,1024,1499,0.1388
478,1015,1493,0.1388
479,1019,1498,0.1388
478,1020,1498,0.1388
475,1023,1498,0.1388
471,1024,1495,0.1388
474,1027,1501,0.1388
473,1018,1491,0.1388
479,1022,1501,0.1388
479,1019,1498,0.1388
478,1033,1511,0.1388
471,1035,1506,0.1388
472,1035,1507,0.1388
469,1028,1497,0.1388
466,1033,1499,0.1388
468,1029,1497,0.1388
468,1033,1501,0.1388
474,1043,1517,0.1388
478,1048,1526,0.1388
470,1034,1504,0.1388
469,1030,1499,0.1388
468,1032,1500,0.1388
472,1041,1513,0.1388
471,1046,1517,0.1388
461,1048,1509,0.1388
472,1049,1521,0.1388
468,1052,1520,0.1388
464,1055,1519,0.1388
463,1049,1512,0.1388
461,1049,1510,0.1388
462,1053,1515,0.1388
466,1052,1518,0.1388
468,1061,1529,0.1388
468,1054,1522,0.1388
468,1055,1523,0.1388
465,1063,1528,0.1388
452,1064,1516,0.1388
457,1051,1508,0.1388
464,1043,1507,0.1388
461,1049,1510,0.1388
460,1050,1510,0.1388
457,1047,1504,0.1388
462,1049,1511,0.1388
461,1056,1517,0.1388
458,1049,1507,0.1388
449,1048,1497,0.1388
448,1055,1503,0.1388
443,1060,1503,0.1388
450,1058,1508,0.1388
444,1062,1506,0.1388
440,1067,1507,0.1388
440,1073,1513,0.1388
442,1082,1524,0.1388
438,1070,1508,0.1388
432,1069,1501,0.1388
427,1094,1521,0.1388
420,1093,1513,0.1388
410,1088,1498,0.1388
420,1088,1508,0.1388
422,1090,1512,0.1388
416,1093,1509,0.1388
412,1074,1486,0.1388
404,1085,1489,0.1388
407,1091,1498,0.1388
409,1096,1505,0.1388
412,1087,1499,0.1388
406,1088,1494,0.1388
402,1098,1500,0.1388
397,1115,1512,0.1388
399,1097,1496,0.1388
394,1103,1497,0.1388
395,1094,1489,0.1388
402,1103,1505,0.1388
399,1101,1500,0.1388
404,1114,1518,0.1388
398,1120,1518,0.1388
398,1119,1517,0.1388
399,1123,1522,0.1388
390,1114,1504,0.1388
392,1122,1514,0.1388
394,1122,1516,0.1388
392,1133,1525,0.1388
388,1118,1506,0.1388
393,1121,1514,0.1388
391,1120,1511,0.1388
396,1123,1519,0.1388
386,1132,1518,0.1388
379,1132,1511,0.1388
382,1123,1505,0.1388
385,1136,1521,0.1388
381,1143,1524,0.1388
378,1135,1513,0.1388
378,1130,1508,0.1388
378,1129,1507,0.1388
380,1129,1509,0.1388
380,1133,1513,0.1388
386,1132,1518,0.1388
378,1136,1514,0.1388
379,1138,1517,0.1388
385,1118,1503,0.1388
386,1129,1515,0.1388
387,1118,1505,0.1388
389,1129,1518,0.1388
379,1141,1520,0.1388
378,1134,1512,0.1388
384,1141,1525,0.1388
382,1137,1519,0.1388
377,1135,1512,0.1388
374,1135,1509,0.1388
373,1124,1497,0.1388
374,1130,1504,0.1388
365,1144,1509,0.1388
357,1136,1493,0.1388
356,1150,1506,0.1388
357,1150,1507,0.1388
348,1153,1501,0.1388
354,1157,1511,0.1388
360,1161,1521,0.1388
360,1147,1507,0.1388
362,1136,1498,0.1388
363,1141,1504,0.1388
359,1131,1490,0.1388
366,1128,1494,0.1388
360,1148,1508,0.1388
351,1154,1505,0.1388
349,1165,1514,0.1388
347,1166,1513,0.1388
343,1166,1509,0.1388
349,1167,1516,0.1388
351,1172,1523,0.1388
353,1173,1526,0.1388
351,1164,1515,0.1388
347,1172,1519,0.1388
349,1170,1519,0.1388
350,1170,1520,0.1388
350,1156,1506,0.1388
351,1157,1508,0.1388
345,1156,1501,0.1388
342,1164,1506,0.1388
337,1161,1498,0.1388
339,1171,1510,0.1388
342,1163,1505,0.1388
339,1166,1505,0.1388
345,1160,1505,0.1388
344,1166,1510,0.1388
350,1155,1505,0.1388
349,1164,1513,0.1388
354,1160,1514,0.1388
347,1161,1508,0.1388
346,1153,1499,0.1388
347,1150,1497,0.1388
343,1163,1506,0.1388
345,1169,1514,0.1388
347,1160,1507,0.1388
349,1168,1517,0.1388
346,1169,1515,0.1388
347,1164,1511,0.1388
343,1157,1500,0.1388
338,1167,1505,0.1388
342,1164,1506,0.1388
344,1161,1505,0.1388
341,1165,1506,0.1388
340,1180,1520,0.1388
336,1185,1521,0.1388
344,1188,1532,0.1388
342,1184,1526,0.1388
341,1171,1512,0.1388
341,1180,1521,0.1388
341,1181,1522,0.1388
347,1173,1520,0.1388
342,1172,1514,0.1388
345,1163,1508,0.1388
342,1168,1510,0.1388
333,1174,1507,0.1388
332,1175,1507,0.1388
337,1167,1504,0.1388
336,1181,1517,0.1388
338,1178,1516,0.1388
336,1183,1519,0.1388
333,1183,1516,0.1388
335,1193,1528,0.1388
331,1191,1522,0.1388
332,1186,1518,0.1388
329,1174,1503,0.1388
321,1178,1499,0.1388
330,1170,1500,0.1388
329,1183,1512,0.1388
330,1182,1512,0.1388
330,1184,1514,0.1388
331,1187,1518,0.1388
337,1182,1519,0.1388
335,1192,1527,0.1388
333,1179,1512,0.1388
331,1176,1507,0.1388
330,1184,1514,0.1388
327,1186,1513,0.1388
328,1184,1512,0.1388
328,1191,1519,0.1388
323,1187,1510,0.1388
321,1182,1503,0.1388
320,1192,1512,0.1388
315,1196,1511,0.1388
315,1192,1507,0.1388
306,1195,1501,0.1388
315,1185,1500,0.1388
319,1189,1508,0.1388
321,1186,1507,0.1388
318,1198,1516,0.1388
313,1196,1509,0.1388
314,1193,1507,0.1388
314,1186,1500,0.1388
313,1193,1506,0.1388
319,1192,1511,0.1388
309,1204,1513,0.1388
306,1200,1506,0.1388
310,1212,1522,0.1388
307,1207,1514,0.1388
308,1200,1508,0.1388
308,1204,1512,0.1388
310,1198,1508,0.1388
315,1204,1519,0.1388
314,1202,1516,0.1388
315,1181,1496,0.1388
310,1190,1500,0.1388
310,1206,1516,0.1388
306,1209,1515,0.1388
305,1214,1519,0.1388
314,1227,1541,0.1388
313,1214,1527,0.1388
311,1204,1515,0.1388
305,1199,1504,0.1388
304,1198,1502,0.1388
314,1201,1515,0.1388
310,1199,1509,0.1388
308,1211,1519,0.1388
309,1207,1516,0.1388
309,1203,1512,0.1388
311,1197,1508,0.1388
308,1205,1513,0.1388
304,1211,1515,0.1388
307,1216,1523,0.1388
308,1212,1520,0.1388
312,1216,1528,0.1388
306,1227,1533,0.1388
309,1221,1530,0.1388
306,1214,1520,0.1388
305,1209,1514,0.1388
304,1214,1518,0.1388
307,1213,1520,0.1388
302,1215,1517,0.1388
298,1210,1508,0.1388
303,1221,1524,0.1388
300,1217,1517,0.1388
299,1226,1525,0.1388
296,1216,1512,0.1388
300,1223,1523,0.1388
297,1222,1519,0.1388
297,1218,1515,0.1388
292,1222,1514,0.1388
286,1226,1512,0.1388
285,1232,1517,0.1388
284,1224,1508,0.1388
285,1224,1509,0.1388
279,1230,1509,0.1388
271,1245,1516,0.1388
276,1241,1517,0.1388
275,1238,1513,0.1388
270,1256,1526,0.1388
269,1243,1512,0.1388
260,1239,1499,0.1388
258,1246,1504,0.1388
257,1257,1514,0.1388
261,1247,1508,0.1388
259,1246,1505,0.1388
260,1246,1506,0.1388
263,1257,1520,0.1388
259,1251,1510,0.1388
259,1256,1515,0.1388
260,1264,1524,0.1388
260,1265,1525,0.1388
260,1267,1527,0.1388
261,1258,1519,0.1388
256,1263,1519,0.1388
258,1258,1516,0.1388
256,1254,1510,0.1388
252,1260,1512,0.1388
253,1256,1509,0.1388
259,1260,1519,0.1388
260,1271,1531,0.1388
262,1267,1529,0.1388
263,1256,1519,0.1388
254,1263,1517,0.1388
253,1257,1510,0.1388
257,1268,1525,0.1388
256,1265,1521,0.1388
260,1263,1523,0.1388
260,1254,1514,0.1388
266,1255,1521,0.1388
260,1247,1507,0.1388
262,1254,1516,0.1388
257,1255,1512,0.1388
254,1252,1506,0.1388
254,1260,1514,0.1388
250,1268,1518,0.1388
251,1271,1522,0.1388
245,1278,1523,0.1388
244,1271,1515,0.1388
246,1270,1516,0.1388
247,1279,1526,0.1388
251,1269,1520,0.1388
243,1268,1511,0.1388
244,1276,1520,0.1388
242,1274,1516,0.1388
248,1277,1525,0.1388
245,1270,1515,0.1388
244,1270,1514,0.1388
241,1270,1511,0.1388
238,1272,1510,0.1388
245,1277,1522,0.1388
242,1284,1526,0.1388
243,1300,1543,0.1388
239,1298,1537,0.1388
237,1289,1526,0.1388
238,1286,1524,0.1388
235,1286,1521,0.1388
233,1278,1511,0.1388
231,1271,1502,0.1388
227,1268,1495,0.1388
231,1275,1506,0.1388
232,1281,1513,0.1388
232,1286,1518,0.1388
235,1286,1521,0.1388
229,1298,1527,0.1388
237,1289,1526,0.1388
241,1286,1527,0.1388
242,1279,1521,0.1388
243,1287,1530,0.1388
242,1285,1527,0.1388
242,1286,1528,0.1388
242,1274,1516,0.1388
242,1267,1509,0.1388
241,1266,1507,0.1388
244,1263,1507,0.1388
239,1268,1507,0.1388
247,1266,1513,0.1388
241,1268,1509,0.1388
237,1283,1520,0.1388
243,1269,1512,0.1388
240,1277,1517,0.1388
235,1278,1513,0.1388
232,1294,1526,0.1388
232,1300,1532,0.1388
237,1297,1534,0.1388
233,1290,1523,0.1388
233,1275,1508,0.1388
240,1269,1509,0.1388
241,1276,1517,0.1388
241,1274,1515,0.1388
239,1264,1503,0.1388
236,1274,1510,0.1388
238,1272,1510,0.1388
241,1266,1507,0.1388
234,1274,1508,0.1388
238,1293,1531,0.1388
240,1283,1523,0.1388
242,1276,1518,0.1388
242,1269,1511,0.1388
239,1275,1514,0.1388
241,1279,1520,0.1388
233,1281,1514,0.1388
233,1283,1516,0.1388
238,1287,1525,0.1388
238,1289,1527,0.1388
239,1282,1521,0.1388
242,1279,1521,0.1388
243,1267,1510,0.1388
249,1264,1513,0.1388
244,1272,1516,0.1388
244,1268,1512,0.1388
241,1268,1509,0.1388
240,1280,1520,0.1388
239,1272,1511,0.1388
236,1287,1523,0.1388
240,1282,1522,0.1388
241,1269,1510,0.1388
241,1265,1506,0.1388
234,1262,1496,0.1388
236,1267,1503,0.1388
233,1275,1508,0.1388
229,1276,1505,0.1388
234,1275,1509,0.1388
230,1284,1514,0.1388
229,1270,1499,0.1388
235,1288,1523,0.1388
239,1293,1532,0.1388
239,1290,1529,0.1388
238,1288,1526,0.1388
232,1276,1508,0.1388
234,1279,1513,0.1388
242,1270,1512,0.1388
239,1273,1512,0.1388
232,1262,1494,0.1388
236,1273,1509,0.1388
241,1282,1523,0.1388
235,1292,1527,0.1388
229,1295,1524,0.1388
224,1284,1508,0.1388
227,1288,1515,0.1388
227,1289,1516,0.1388
225,1277,1502,0.1388
224,1287,1511,0.1388
220,1292,1512,0.1388
220,1296,1516,0.1388
220,1295,1515,0.1388
217,1287,1504,0.1388
219,1296,1515,0.1388
218,1303,1521,0.1388
221,1286,1507,0.1388
226,1282,1508,0.1388
222,1286,1508,0.1388
225,1287,1512,0.1388
221,1292,1513,0.1388
222,1296,1518,0.1388
218,1299,1517,0.1388
216,1296,1512,0.1388
215,1301,1516,0.1388
206,1304,1510,0.1388
205,1322,1527,0.1388
209,1323,1532,0.1388
211,1316,1527,0.1388
213,1297,1510,0.1388
215,1304,1519,0.1388
209,1307,1516,0.1388
209,1301,1510,0.1388
207,1321,1528,0.1388
204,1318,1522,0.1388
210,1306,1516,0.1388
208,1314,1522,0.1388
210,1308,1518,0.1388
209,1315,1524,0.1388
205,1307,1512,0.1388
204,1316,1520,0.1388
202,1313,1515,0.1388
198,1304,1502,0.1388
196,1302,1498,0.1388
199,1314,1513,0.1388
199,1314,1513,0.1388
198,1316,1514,0.1388
197,1312,1509,0.1388
196,1327,1523,0.1388
195,1329,1524,0.1388
198,1323,1521,0.1388
200,1318,1518,0.1388
204,1317,1521,0.1388
204,1314,1518,0.1388
209,1303,1512,0.1388
199,1310,1509,0.1388
197,1316,1513,0.1388
197,1319,1516,0.1388
198,1316,1514,0.1388
193,1311,1504,0.1388
193,1313,1506,0.1388
185,1317,1502,0.1388
191,1318,1509,0.1388
195,1324,1519,0.1388
195,1329,1524,0.1388
197,1329,1526,0.1388
197,1328,1525,0.1388
193,1330,1523,0.1388
183,1327,1510,0.1388
187,1321,1508,0.1388
186,1330,1516,0.1388
185,1337,1522,0.1388
181,1330,1511,0.1388
182,1329,1511,0.1388
181,1329,1510,0.1388
182,1332,1514,0.1388
180,1341,1521,0.1388
178,1347,1525,0.1388
178,1345,1523,0.1388
180,1353,1533,0.1388
175,1350,1525,0.1388
174,1345,1519,0.1388
173,1343,1516,0.1388
173,1344,1517,0.1388
172,1337,1509,0.1388
173,1347,1520,0.1388
175,1333,1508,0.1388
172,1331,1503,0.1388
174,1342,1516,0.1388
173,1351,1524,0.1388
172,1343,1515,0.1388
168,1342,1510,0.1388
169,1347,1516,0.1388
167,1346,1513,0.1388
164,1357,1521,0.1388
164,1362,1526,0.1388
168,1350,1518,0.1388
171,1358,1529,0.1388
168,1362,1530,0.1388
168,1352,1520,0.1388
165,1360,1525,0.1388
164,1360,1524,0.1388
164,1350,1514,0.1388
163,1356,1519,0.1388
164,1358,1522,0.1388
160,1353,1513,0.1388
164,1359,1523,0.1388
158,1367,1525,0.1388
161,1360,1521,0.1388
163,1360,1523,0.1388
158,1358,1516,0.1388
158,1345,1503,0.1388
157,1351,1508,0.1388
155,1346,1501,0.1388
157,1345,1502,0.1388
160,1346,1506,0.1388
156,1351,1507,0.1388
163,1355,1518,0.1388
160,1357,1517,0.1388
160,1363,1523,0.1388
165,1363,1528,0.1388
160,1365,1525,0.1388
159,1355,1514,0.1388
156,1361,1517,0.1388
159,1362,1521,0.1388
158,1365,1523,0.1388
161,1364,1525,0.1388
163,1352,1515,0.1388
161,1355,1516,0.1388
162,1346,1508,0.1388
166,1357,1523,0.1388
166,1367,1533,0.1388
162,1363,1525,0.1388
165,1365,1530,0.1388
163,1373,1536,0.1388
163,1371,1534,0.1388
162,1357,1519,0.1388
167,1363,1530,0.1388
167,1360,1527,0.1388
169,1361,1530,0.1388
167,1356,1523,0.1388
168,1369,1537,0.1388
163,1367,1530,0.1388
168,1369,1537,0.1388
164,1358,1522,0.1388
163,1340,1503,0.1388
164,1328,1492,0.1388
158,1339,1497,0.1388
162,1356,1518,0.1388
162,1360,1522,0.1388
161,1372,1533,0.1388
163,1354,1517,0.1388
165,1352,1517,0.1388
167,1356,1523,0.1388
166,1362,1528,0.1388
165,1356,1521,0.1388
160,1355,1515,0.1388
160,1370,1530,0.1388
159,1363,1522,0.1388
158,1356,1514,0.1388
159,1347,1506,0.1388
158,1339,1497,0.1388
153,1341,1494,0.1388
153,1342,1495,0.1388
151,1358,1509,0.1388
154,1350,1504,0.1388
156,1354,1510,0.1388
152,1365,1517,0.1388
152,1365,1517,0.1388
149,1362,1511,0.1388
149,1351,1500,0.1388
149,1340,1489,0.1388
154,1348,1502,0.1388
147,1360,1507,0.1388
152,1352,1504,0.1388
151,1347,1498,0.1388
150,1353,1503,0.1388
149,1348,1497,0.1388
152,1345,1497,0.1388
152,1357,1509,0.1388
155,1364,1519,0.1388
153,1370,1523,0.1388
148,1366,1514,0.1388
148,1367,1515,0.1388
152,1373,1525,0.1388
152,1373,1525,0.1388
150,1362,1512,0.1388
151,1360,1511,0.1388
154,1355,1509,0.1388
154,1350,1504,0.1388
160,1364,1524,0.1388
159,1361,1520,0.1388
162,1357,1519,0.1388
160,1367,1527,0.1388
161,1353,1514,0.1388
160,1356,1516,0.1388
160,1364,1524,0.1388
160,1364,1524,0.1388
158,1370,1528,0.1388
156,1365,1521,0.1388
155,1362,1517,0.1388
151,1366,1517,0.1388
155,1365,1520,0.1388
152,1356,1508,0.1388
155,1358,1513,0.1388
157,1363,1520,0.1388
157,1369,1526,0.1388
158,1360,1518,0.1388
157,1352,1509,0.1388
156,1365,1521,0.1388
154,1366,1520,0.1388
160,1369,1529,0.1388
160,1373,1533,0.1388
156,1368,1524,0.1388
158,1363,1521,0.1388
152,1359,1511,0.1388
151,1364,1515,0.1388
155,1360,1515,0.1388
152,1361,1513,0.1388
151,1354,1505,0.1388
151,1360,1511,0.1388
152,1358,1510,0.1388
154,1344,1498,0.1388
151,1348,1499,0.1388
152,1355,1507,0.1388
154,1353,1507,0.1388
154,1359,1513,0.1388
150,1366,1516,0.1388
147,1362,1509,0.1388
148,1369,1517,0.1388
147,1371,1518,0.1388
144,1368,1512,0.1388
143,1374,1517,0.1388
144,1384,1528,0.1388
143,1378,1521,0.1388
140,1379,1519,0.1388
142,1393,1535,0.1388
140,1388,1528,0.1388
142,1374,1516,0.1388
140,1378,1518,0.1388
140,1372,1512,0.1388
140,1371,1511,0.1388
141,1378,1519,0.1388
137,1381,1518,0.1388
140,1388,1528,0.1388
139,1387,1526,0.1388
137,1378,1515,0.1388
139,1374,1513,0.1388
140,1372,1512,0.1388
140,1368,1508,0.1388
136,1362,1498,0.1388
138,1369,1507,0.1388
136,1379,1515,0.1388
138,1389,1527,0.1388
135,1390,1525,0.1388
134,1387,1521,0.1388
137,1394,1531,0.1388
134,1390,1524,0.1388
135,1388,1523,0.1388
137,1376,1513,0.1388
137,1368,1505,0.1388
136,1373,1509,0.1388
133,1378,1511,0.1388
134,1388,1522,0.1388
136,1396,1532,0.1388
139,1376,1515,0.1388
135,1377,1512,0.1388
133,1381,1514,0.1388
126,1384,1510,0.1388
133,1384,1517,0.1388
135,1385,1520,0.1388
136,1382,1518,0.1388
137,1386,1523,0.1388
133,1386,1519,0.1388
135,1395,1530,0.1388
133,1383,1516,0.1388
133,1388,1521,0.1388
123,1385,1508,0.1388
126,1383,1509,0.1388
126,1370,1496,0.1388
128,1395,1523,0.1388
130,1386,1516,0.1388
135,1393,1528,0.1388
138,1376,1514,0.1388
134,1375,1509,0.1388
135,1375,1510,0.1388
138,1372,1510,0.1388
136,1368,1504,0.1388
130,1382,1512,0.1388
132,1367,1499,0.1388
130,1378,1508,0.1388
128,1373,1501,0.1388
127,1369,1496,0.1388
132,1374,1506,0.1388
135,1396,1531,0.1388
135,1381,1516,0.1388
135,1383,1518,0.1388
133,1389,1522,0.1388
130,1387,1517,0.1388
131,1381,1512,0.1388
131,1379,1510,0.1388
131,1375,1506,0.1388
127,1383,1510,0.1388
123,1375,1498,0.1388
124,1373,1497,0.1388
123,1378,1501,0.1388
126,1396,1522,0.1388
125,1401,1526,0.1388
121,1389,1510,0.1388
121,1394,1515,0.1388
120,1400,1520,0.1388
118,1399,1517,0.1388
120,1385,1505,0.1388
122,1394,1516,0.1388
124,1397,1521,0.1388
129,1395,1524,0.1388
128,1404,1532,0.1388
130,1397,1527,0.1388
135,1397,1532,0.1388
130,1392,1522,0.1388
129,1391,1520,0.1388
132,1386,1518,0.1388
137,1384,1521,0.1388
135,1391,1526,0.1388
133,1393,1526,0.1388
132,1388,1520,0.1388
132,1398,1530,0.1388
131,1385,1516,0.1388
127,1393,1520,0.1388
128,1386,1514,0.1388
127,1385,1512,0.1388
128,1396,1524,0.1388
129,1395,1524,0.1388
128,1389,1517,0.1388
129,1378,1507,0.1388
130,1382,1512,0.1388
130,1385,1515,0.1388
128,1393,1521,0.1388
130,1383,1513,0.1388
131,1380,1511,0.1388
132,1379,1511,0.1388
131,1378,1509,0.1388
127,1381,1508,0.1388
130,1398,1528,0.1388
131,1403,1534,0.1388
130,1401,1531,0.1388
133,1411,1544,0.1388
133,1403,1536,0.1388
130,1399,1529,0.1388
127,1398,1525,0.1388
129,1388,1517,0.1388
131,1386,1517,0.1388
133,1385,1518,0.1388
132,1381,1513,0.1388
132,1394,1526,0.1388
132,1405,1537,0.1388
128,1402,1530,0.1388
132,1402,1534,0.1388
134,1395,1529,0.1388
135,1375,1510,0.1388
131,1378,1509,0.1388
130,1374,1504,0.1388
128,1387,1515,0.1388
124,1391,1515,0.1388
127,1395,1522,0.1388
121,1394,1515,0.1388
123,1391,1514,0.1388
124,1383,1507,0.1388
121,1399,1520,0.1388
123,1394,1517,0.1388
124,1400,1524,0.1388
122,1390,1512,0.1388
126,1399,1525,0.1388
126,1397,1523,0.1388
126,1390,1516,0.1388
125,1396,1521,0.1388
122,1407,1529,0.1388
118,1397,1515,0.1388
124,1388,1512,0.1388
127,1381,1508,0.1388
126,1392,1518,0.1388
126,1398,1524,0.1388
126,1402,1528,0.1388
131,1406,1537,0.1388
128,1403,1531,0.1388
129,1406,1535,0.1388
132,1405,1537,0.1388
126,1401,1527,0.1388
125,1394,1519,0.1388
123,1397,1520,0.1388
125,1387,1512,0.1388
122,1387,1509,0.1388
121,1382,1503,0.1388
122,1388,1510,0.1388
120,1375,1495,0.1388
121,1363,1484,0.1388
120,1377,1497,0.1388
119,1390,1509,0.1388
121,1378,1499,0.1388
121,1392,1513,0.1388
123,1390,1513,0.1388
125,1375,1500,0.1388
127,1377,1504,0.1388
125,1371,1496,0.1388
123,1370,1493,0.1388
125,1378,1503,0.1388
126,1388,1514,0.1388
124,1390,1514,0.1388
125,1390,1515,0.1388
120,1389,1509,0.1388
119,1401,1520,0.1388
118,1399,1517,0.1388
117,1402,1519,0.1388
115,1400,1515,0.1388
115,1400,1515,0.1388
115,1404,1519,0.1388
111,1392,1503,0.1388
110,1403,1513,0.1388
113,1407,1520,0.1388
115,1407,1522,0.1388
116,1413,1529,0.1388
115,1408,1523,0.1388
112,1394,1506,0.1388
114,1380,1494,0.1388
114,1390,1504,0.1388
115,1395,1510,0.1388
112,1394,1506,0.1388
113,1390,1503,0.1388
110,1406,1516,0.1388
112,1415,1527,0.1388
108,1399,1507,0.1388
105,1401,1506,0.1388
104,1422,1526,0.1388
102,1409,1511,0.1388
100,1408,1508,0.1388
98,1417,1515,0.1388
98,1422,1520,0.1388
97,1410,1507,0.1388
95,1409,1504,0.1388
94,1410,1504,0.1388
92,1401,1493,0.1388
88,1408,1496,0.1388
85,1417,1502,0.1388
86,1427,1513,0.1388
87,1416,1503,0.1388
86,1409,1495,0.1388
87,1404,1491,0.1388
88,1423,1511,0.1388
90,1434,1524,0.1388
94,1439,1533,0.1388
92,1426,1518,0.1388
93,1418,1511,0.1388
92,1419,1511,0.1388
91,1427,1518,0.1388
89,1425,1514,0.1388
90,1420,1510,0.1388
90,1420,1510,0.1388
88,1415,1503,0.1388
88,1415,1503,0.1388
88,1415,1503,0.1388
90,1410,1500,0.1388
87,1418,1505,0.1388
89,1427,1516,0.1388
89,1429,1518,0.1388
88,1424,1512,0.1388
83,1438,1521,0.1388
83,1442,1525,0.1388
80,1444,1524,0.1388
83,1453,1536,0.1388
84,1442,1526,0.1388
84,1441,1525,0.1388
82,1431,1513,0.1388
82,1426,1508,0.1388
84,1419,1503,0.1388
86,1422,1508,0.1388
83,1427,1510,0.1388
89,1430,1519,0.1388
87,1427,1514,0.1388
85,1430,1515,0.1388
86,1422,1508,0.1388
86,1435,1521,0.1388
85,1426,1511,0.1388
85,1430,1515,0.1388
87,1422,1509,0.1388
88,1421,1509,0.1388
88,1420,1508,0.1388
92,1417,1509,0.1388
90,1427,1517,0.1388
90,1431,1521,0.1388
89,1427,1516,0.1388
90,1423,1513,0.1388
91,1422,1513,0.1388
95,1430,1525,0.1388
95,1424,1519,0.1388
94,1412,1506,0.1388
97,1422,1519,0.1388
97,1420,1517,0.1388
98,1414,1512,0.1388
95,1415,1510,0.1388
96,1419,1515,0.1388
98,1421,1519,0.1388
95,1411,1506,0.1388
92,1418,1510,0.1388
95,1421,1516,0.1388
93,1414,1507,0.1388
94,1410,1504,0.1388
100,1426,1526,0.1388
103,1428,1531,0.1388
102,1425,1527,0.1388
101,1416,1517,0.1388
104,1422,1526,0.1388
105,1416,1521,0.1388
106,1404,1510,0.1388
100,1405,1505,0.1388
101,1412,1513,0.1388
101,1415,1516,0.1388
101,1408,1509,0.1388
98,1416,1514,0.1388
95,1413,1508,0.1388
96,1420,1516,0.1388
95,1420,1515,0.1388
94,1417,1511,0.1388
92,1427,1519,0.1388
93,1429,1522,0.1388
93,1419,1512,0.1388
93,1416,1509,0.1388
92,1423,1515,0.1388
94,1427,1521,0.1388
91,1431,1522,0.1388
92,1431,1523,0.1388
90,1424,1514,0.1388
90,1419,1509,0.1388
91,1431,1522,0.1388
89,1422,1511,0.1388
89,1424,1513,0.1388
88,1430,1518,0.1388
86,1425,1511,0.1388
87,1415,1502,0.1388
88,1422,1510,0.1388
86,1417,1503,0.1388
85,1427,1512,0.1388
82,1439,1521,0.1388
85,1431,1516,0.1388
83,1427,1510,0.1388
82,1425,1507,0.1388
81,1435,1516,0.1388
78,1442,1520,0.1388
83,1436,1519,0.1388
78,1444,1522,0.1388
77,1433,1510,0.1388
80,1435,1515,0.1388
84,1429,1513,0.1388
80,1433,1513,0.1388
80,1439,1519,0.1388
82,1433,1515,0.1388
81,1423,1504,0.1388
84,1429,1513,0.1388
84,1421,1505,0.1388
84,1436,1520,0.1388
83,1444,1527,0.1388
82,1439,1521,0.1388
81,1425,1506,0.1388
82,1429,1511,0.1388
86,1426,1512,0.1388
84,1441,1525,0.1388
87,1429,1516,0.1388
87,1434,1521,0.1388
88,1423,1511,0.1388
91,1424,1515,0.1388
91,1422,1513,0.1388
91,1416,1507,0.1388
90,1410,1500,0.1388
94,1415,1509,0.1388
93,1414,1507,0.1388
95,1429,1524,0.1388
92,1428,1520,0.1388
93,1428,1521,0.1388
93,1425,1518,0.1388
93,1432,1525,0.1388
95,1436,1531,0.1388
93,1436,1529,0.1388
95,1440,1535,0.1388
94,1449,1543,0.1388
93,1433,1526,0.1388
91,1433,1524,0.1388
92,1440,1532,0.1388
91,1443,1534,0.1388
89,1427,1516,0.1388
85,1418,1503,0.1388
87,1421,1508,0.1388
87,1440,1527,0.1388
86,1435,1521,0.1388
85,1439,1524,0.1388
86,1441,1527,0.1388
83,1433,1516,0.1388
84,1430,1514,0.1388
83,1430,1513,0.1388
79,1440,1519,0.1388
77,1440,1517,0.1388
77,1436,1513,0.1388
77,1430,1507,0.1388
78,1437,1515,0.1388
78,1439,1517,0.1388
80,1434,1514,0.1388
75,1430,1505,0.1388
78,1450,1528,0.1388
80,1429,1509,0.1388
80,1441,1521,0.1388
78,1440,1518,0.1388
79,1438,1517,0.1388
77,1438,1515,0.1388
75,1434,1509,0.1388
76,1437,1513,0.1388
78,1434,1512,0.1388
80,1443,1523,0.1388
78,1443,1521,0.1388
76,1454,1530,0.1388
74,1448,1522,0.1388
69,1436,1505,0.1388
69,1441,1510,0.1388
69,1457,1526,0.1388
70,1458,1528,0.1388
72,1439,1511,0.1388
72,1435,1507,0.1388
72,1443,1515,0.1388
70,1443,1513,0.1388
69,1453,1522,0.1388
72,1453,1525,0.1388
74,1450,1524,0.1388
73,1428,1501,0.1388
73,1428,1501,0.1388
71,1438,1509,0.1388
70,1436,1506,0.1388
71,1428,1499,0.1388
71,1444,1515,0.1388
70,1460,1530,0.1388
69,1452,1521,0.1388
69,1451,1520,0.1388
69,1459,1528,0.1388
67,1454,1521,0.1388
67,1459,1526,0.1388
63,1459,1522,0.1388
63,1459,1522,0.1388
64,1450,1514,0.1388
65,1439,1504,0.1388
65,1445,1510,0.1388
64,1447,1511,0.1388
63,1447,1510,0.1388
63,1460,1523,0.1388
62,1461,1523,0.1388
63,1466,1529,0.1388
61,1456,1517,0.1388
62,1454,1516,0.1388
63,1450,1513,0.1388
65,1449,1514,0.1388
63,1452,1515,0.1388
60,1457,1517,0.1388
61,1458,1519,0.1388
59,1463,1522,0.1388
60,1462,1522,0.1388
61,1473,1534,0.1388
62,1468,1530,0.1388
62,1462,1524,0.1388
60,1481,1541,0.1388
58,1473,1531,0.1388
58,1465,1523,0.1388
55,1459,1514,0.1388
54,1451,1505,0.1388
51,1440,1491,0.1388
54,1445,1499,0.1388
52,1463,1515,0.1388
53,1468,1521,0.1388
51,1475,1526,0.1388
50,1476,1526,0.1388
52,1472,1524,0.1388
52,1460,1512,0.1388
51,1455,1506,0.1388
51,1459,1510,0.1388
50,1459,1509,0.1388
53,1460,1513,0.1388
53,1452,1505,0.1388
54,1461,1515,0.1388
53,1469,1522,0.1388
51,1475,1526,0.1388
50,1460,1510,0.1388
54,1460,1514,0.1388
54,1461,1515,0.1388
54,1457,1511,0.1388
54,1457,1511,0.1388
54,1462,1516,0.1388
56,1462,1518,0.1388
55,1456,1511,0.1388
53,1455,1508,0.1388
55,1454,1509,0.1388
55,1452,1507,0.1388
54,1462,1516,0.1388
53,1454,1507,0.1388
53,1466,1519,0.1388
50,1467,1517,0.1388
52,1473,1525,0.1388
50,1465,1515,0.1388
47,1465,1512,0.1388
47,1465,1512,0.1388
49,1452,1501,0.1388
49,1461,1510,0.1388
51,1478,1529,0.1388
49,1460,1509,0.1388
50,1467,1517,0.1388
47,1476,1523,0.1388
47,1459,1506,0.1388
49,1462,1511,0.1388
50,1452,1502,0.1388
50,1461,1511,0.1388
47,1462,1509,0.1388
46,1452,1498,0.1388
46,1451,1497,0.1388
45,1444,1489,0.1388
45,1451,1496,0.1388
43,1464,1507,0.1388
43,1462,1505,0.1388
44,1461,1505,0.1388
43,1467,1510,0.1388
44,1476,1520,0.1388
44,1471,1515,0.1388
45,1478,1523,0.1388
44,1484,1528,0.1388
42,1478,1520,0.1388
41,1483,1524,0.1388
43,1483,1526,0.1388
42,1496,1538,0.1388
42,1480,1522,0.1388
41,1483,1524,0.1388
40,1486,1526,0.1388
36,1487,1523,0.1388
34,1483,1517,0.1388
34,1483,1517,0.1388
33,1469,1502,0.1388
32,1466,1498,0.1388
32,1474,1506,0.1388
32,1484,1516,0.1388
31,1485,1516,0.1388
29,1482,1511,0.1388
28,1490,1518,0.1388
27,1483,1510,0.1388
27,1490,1517,0.1388
27,1497,1524,0.1388
26,1490,1516,0.1388
26,1485,1511,0.1388
25,1489,1514,0.1388
26,1490,1516,0.1388
23,1486,1509,0.1388
25,1478,1503,0.1388
24,1470,1494,0.1388
24,1492,1516,0.1388
24,1503,1527,0.1388
21,1506,1527,0.1388
21,1499,1520,0.1388
21,1504,1525,0.1388
23,1483,1506,0.1388
23,1473,1496,0.1388
23,1485,1508,0.1388
22,1486,1508,0.1388
22,1489,1511,0.1388
23,1488,1511,0.1388
23,1489,1512,0.1388
24,1493,1517,0.1388
24,1486,1510,0.1388
25,1483,1508,0.1388
24,1488,1512,0.1388
24,1476,1500,0.1388
24,1485,1509,0.1388
24,1474,1498,0.1388
23,1481,1504,0.1388
23,1480,1503,0.1388
24,1492,1516,0.1388
25,1497,1522,0.1388
26,1501,1527,0.1388
26,1497,1523,0.1388
27,1487,1514,0.1388
26,1489,1515,0.1388
24,1494,1518,0.1388
26,1490,1516,0.1388
26,1500,1526,0.1388
24,1499,1523,0.1388
23,1502,1525,0.1388
24,1496,1520,0.1388
24,1490,1514,0.1388
25,1484,1509,0.1388
24,1491,1515,0.1388
23,1494,1517,0.1388
22,1492,1514,0.1388
21,1484,1505,0.1388
21,1492,1513,0.1388
19,1486,1505,0.1388
19,1495,1514,0.1388
20,1489,1509,0.1388
19,1486,1505,0.1388
18,1484,1502,0.1388
17,1498,1515,0.1388
17,1495,1512,0.1388
16,1498,1514,0.1388
16,1485,1501,0.1388
16,1502,1518,0.1388
15,1506,1521,0.1388
15,1510,1525,0.1388
15,1510,1525,0.1388
14,1512,1526,0.1388
15,1511,1526,0.1388
14,1517,1531,0.1388
14,1513,1527,0.1388
13,1509,1522,0.1388
12,1512,1524,0.1388
12,1519,1531,0.1388
12,1505,1517,0.1388
12,1498,1510,0.1388
12,1490,1502,0.1388
12,1500,1512,0.1388
11,1498,1509,0.1388
10,1503,1513,0.1388
9,1500,1509,0.1388
10,1508,1518,0.1388
10,1516,1526,0.1388
10,1508,1518,0.1388
10,1505,1515,0.1388
11,1499,1510,0.1388
11,1504,1515,0.1388
11,1495,1506,0.1388
12,1508,1520,0.1388
12,1488,1500,0.1388
12,1480,1492,0.1388
11,1488,1499,0.1388
10,1503,1513,0.1388
11,1493,1504,0.1388
12,1505,1517,0.1388
12,1510,1522,0.1388
11,1504,1515,0.1388
10,1524,1534,0.1388
9,1528,1537,0.1388
9,1513,1522,0.1388
9,1508,1517,0.1388
8,1510,1518,0.1388
8,1507,1515,0.1388
8,1507,1515,0.1388
8,1505,1513,0.1388
7,1496,1503,0.1388
7,1496,1503,0.1388
7,1501,1508,0.1388
7,1504,1511,0.1388
7,1498,1505,0.1388
8,1504,1512,0.1388
8,1507,1515,0.1388
9,1498,1507,0.1388
7,1495,1502,0.1388
7,1483,1490,0.1388
5,1484,1489,0.1388
6,1495,1501,0.1388
7,1493,1500,0.1388
7,1501,1508,0.1388
7,1502,1509,0.1388
7,1524,1531,0.1388
7,1529,1536,0.1388
6,1512,1518,0.1388
6,1515,1521,0.1388
6,1494,1500,0.1388
6,1505,1511,0.1388
6,1512,1518,0.1388
7,1515,1522,0.1388
8,1507,1515,0.1388
5,1523,1528,0.1388
5,1518,1523,0.1388
4,1516,1520,0.1388
4,1499,1503,0.1388
4,1512,1516,0.1388
4,1507,1511,0.1388
4,1515,1519,0.1388
4,1508,1512,0.1388
3,1512,1515,0.1388
2,1505,1507,0.1388
2,1502,1504,0.1388
1,1503,1504,0.1388
1,1500,1501,0.1388
1,1512,1513,0.1388
1,1516,1517,0.1388
1,1517,1518,0.1388
1,1498,1499,0.1388
1,1501,1502,0.1388
1,1512,1513,0.1388
1,1506,1507,0.1388
1,1490,1491,0.1388
1,1495,1496,0.1388
1,1518,1519,0.1388
1,1505,1506,0.1388
1,1502,1503,0.1388
1,1513,1514,0.1388
1,1511,1512,0.1388
1,1535,1536,0.1388
1,1529,1530,0.1388
1,1534,1535,0.1388
1,1523,1524,0.1388
1,1523,1524,0.1388
1,1523,1524,0.1388
1,1507,1508,0.1388
1,1502,1503,0.1388
1,1510,1511,0.1388
1,1511,1512,0.1388
1,1514,1515,0.1388
1,1510,1511,0.1388
1,1517,1518,0.1388
1,1511,1512,0.1388
1,1516,1517,0.1388
1,1519,1520,0.1388
1,1516,1517,0.1388
1,1527,1528,0.1388
1,1534,1535,0.1388
1,1522,1523,0.1388
1,1501,1502,0.1388
1,1511,1512,0.1388
1,1508,1509,0.1388
1,1514,1515,0.1388
1,1511,1512,0.1388
1,1512,1513,0.1388
1,1503,1504,0.1388
1,1511,1512,0.1388
1,1516,1517,0.1388
1,1523,1524,0.1388
1,1505,1506,0.1388
1,1507,1508,0.1388
1,1518,1519,0.1388
1,1522,1523,0.1388
1,1513,1514,0.1388
1,1524,1525,0.1388
1,1493,1494,0.1388
1,1482,1483,0.1388
1,1494,1495,0.1388
1,1491,1492,0.1388
1,1504,1505,0.1388
1,1506,1507,0.1388
1,1515,1516,0.1388
1,1503,1504,0.1388
1,1510,1511,0.1388
1,1511,1512,0.1388
1,1525,1526,0.1388
1,1519,1520,0.1388
1,1519,1520,0.1388
1,1524,1525,0.1388
1,1519,1520,0.1388
1,1520,1521,0.1388
1,1529,1530,0.1388
1,1529,1530,0.1388
1,1531,1532,0.1388
1,1520,1521,0.1388
1,1535,1536,0.1388
1,1529,1530,0.1388
1,1518,1519,0.1388
1,1506,1507,0.1388
2,1500,1502,0.1388
2,1497,1499,0.1388
2,1509,1511,0.1388
2,1520,1522,0.1388
2,1527,1529,0.1388
2,1521,1523,0.1388
2,1508,1510,0.1388
2,1525,1527,0.1388
2,1520,1522,0.1388
2,1522,1524,0.1388
2,1513,1515,0.1388
2,1501,1503,0.1388
2,1510,1512,0.1388
2,1498,1500,0.1388
1,1508,1509,0.1388
1,1514,1515,0.1388
1,1510,1511,0.1388
1,1514,1515,0.1388
1,1522,1523,0.1388
1,1526,1527,0.1388
1,1546,1547,0.1388
1,1545,1546,0.1388
1,1530,1531,0.1388
1,1520,1521,0.1388
1,1515,1516,0.1388
1,1514,1515,0.1388
1,1517,1518,0.1388
1,1521,1522,0.1388
1,1527,1528,0.1388
1,1524,1525,0.1388
1,1524,1525,0.1388
1,1527,1528,0.1388
1,1526,1527,0.1388
1,1518,1519,0.1388
1,1506,1507,0.1388
1,1505,1506,0.1388
1,1515,1516,0.1388
1,1506,1507,0.1388
1,1513,1514,0.1388
1,1521,1522,0.1388
1,1521,1522,0.1388
1,1525,1526,0.1388
1,1514,1515,0.1388
0,1527,1527,0.1388
