1387,28,1415,0.1388
1419,34,1453,0.1388
1418,35,1453,0.1388
1431,38,1469,0.1388
1435,39,1474,0.1388
1458,39,1497,0.1388
1453,39,1492,0.1388
1450,41,1491,0.1388
1451,42,1493,0.1388
1459,41,1500,0.1388
1456,39,1495,0.1388
1467,39,1506,0.1388
1469,40,1509,0.1388
1474,41,1515,0.1388
1471,41,1512,0.1388
1480,40,1520,0.1388
1475,38,1513,0.1388
1473,41,1514,0.1388
1457,45,1502,0.1388
1454,45,1499,0.1388
1451,46,1497,0.1388
1457,48,1505,0.1388
1450,46,1496,0.1388
1447,47,1494,0.1388
1436,49,1485,0.1388
1424,49,1473,0.1388
1427,51,1478,0.1388
1435,54,1489,0.1388
1447,53,1500,0.1388
1445,52,1497,0.1388
1443,51,1494,0.1388
1438,50,1488,0.1388
1439,57,1496,0.1388
1444,55,1499,0.1388
1446,56,1502,0.1388
1444,54,1498,0.1388
1455,54,1509,0.1388
1449,53,1502,0.1388
1435,51,1486,0.1388
1440,53,1493,0.1388
1456,55,1511,0.1388
1435,57,1492,0.1388
1429,59,1488,0.1388
1438,61,1499,0.1388
1449,61,1510,0.1388
1434,62,1496,0.1388
1422,64,1486,0.1388
1427,61,1488,0.1388
1427,62,1489,0.1388
1424,59,1483,0.1388
1417,60,1477,0.1388
1430,61,1491,0.1388
1434,63,1497,0.1388
1436,62,1498,0.1388
1429,61,1490,0.1388
1444,64,1508,0.1388
1435,63,1498,0.1388
1424,64,1488,0.1388
1429,63,1492,0.1388
1437,63,1500,0.1388
1439,63,1502,0.1388
1426,63,1489,0.1388
1432,62,1494,0.1388
1445,60,1505,0.1388
1446,62,1508,0.1388
1442,62,1504,0.1388
1430,64,1494,0.1388
1416,63,1479,0.1388
1426,62,1488,0.1388
1426,62,1488,0.1388
1434,58,1492,0.1388
1437,60,1497,0.1388
1424,60,1484,0.1388
1432,62,1494,0.1388
1433,62,1495,0.1388
1426,63,1489,0.1388
1430,65,1495,0.1388
1427,65,1492,0.1388
1419,64,1483,0.1388
1407,65,1472,0.1388
1416,65,1481,0.1388
1404,67,1471,0.1388
1415,69,1484,0.1388
1433,69,1502,0.1388
1437,69,1506,0.1388
1429,67,1496,0.1388
1431,69,1500,0.1388
1427,68,1495,0.1388
1414,70,1484,0.1388
1409,70,1479,0.1388
1392,68,1460,0.1388
1404,67,1471,0.1388
1409,65,1474,0.1388
1416,65,1481,0.1388
1420,67,1487,0.1388
1415,67,1482,0.1388
1418,70,1488,0.1388
1412,68,1480,0.1388
1427,70,1497,0.1388
1418,68,1486,0.1388
1425,66,1491,0.1388
1421,64,1485,0.1388
1423,64,1487,0.1388
1416,64,1480,0.1388
1428,65,1493,0.1388
1433,69,1502,0.1388
1436,67,1503,0.1388
1432,65,1497,0.1388
1429,66,1495,0.1388
1435,66,1501,0.1388
1437,67,1504,0.1388
1436,68,1504,0.1388
1432,68,1500,0.1388
1442,69,1511,0.1388
1438,71,1509,0.1388
1437,69,1506,0.1388
1448,69,1517,0.1388
1427,70,1497,0.1388
1433,70,1503,0.1388
1424,72,1496,0.1388
1424,72,1496,0.1388
1434,68,1502,0.1388
1425,71,1496,0.1388
1428,71,1499,0.1388
1429,74,1503,0.1388
1426,75,1501,0.1388
1425,77,1502,0.1388
1416,80,1496,0.1388
1412,82,1494,0.1388
1403,83,1486,0.1388
1419,83,1502,0.1388
1423,80,1503,0.1388
1416,79,1495,0.1388
1423,79,1502,0.1388
1420,80,1500,0.1388
1410,78,1488,0.1388
1421,76,1497,0.1388
1413,76,1489,0.1388
1427,74,1501,0.1388
1411,72,1483,0.1388
1410,71,1481,0.1388
1419,74,1493,0.1388
1413,76,1489,0.1388
1411,79,1490,0.1388
1399,84,1483,0.1388
1401,84,1485,0.1388
1402,87,1489,0.1388
1400,86,1486,0.1388
1410,89,1499,0.1388
1413,91,1504,0.1388
1409,90,1499,0.1388
1399,91,1490,0.1388
1392,93,1485,0.1388
1391,94,1485,0.1388
1398,98,1496,0.1388
1407,95,1502,0.1388
1405,92,1497,0.1388
1407,92,1499,0.1388
1397,88,1485,0.1388
1392,87,1479,0.1388
1396,89,1485,0.1388
1408,88,1496,0.1388
1400,89,1489,0.1388
1394,90,1484,0.1388
1389,93,1482,0.1388
1401,93,1494,0.1388
1405,91,1496,0.1388
1400,89,1489,0.1388
1414,88,1502,0.1388
1402,90,1492,0.1388
1400,92,1492,0.1388
1408,93,1501,0.1388
1407,91,1498,0.1388
1415,90,1505,0.1388
1413,90,1503,0.1388
1404,92,1496,0.1388
1410,91,1501,0.1388
1403,90,1493,0.1388
1398,94,1492,0.1388
1388,96,1484,0.1388
1386,96,1482,0.1388
1390,96,1486,0.1388
1397,99,1496,0.1388
1383,99,1482,0.1388
1389,97,1486,0.1388
1404,98,1502,0.1388
1391,98,1489,0.1388
1389,100,1489,0.1388
1391,100,1491,0.1388
1394,97,1491,0.1388
1405,96,1501,0.1388
1408,93,1501,0.1388
1402,94,1496,0.1388
1398,96,1494,0.1388
1393,94,1487,0.1388
1393,98,1491,0.1388
1395,99,1494,0.1388
1388,99,1487,0.1388
1393,98,1491,0.1388
1380,98,1478,0.1388
1383,100,1483,0.1388
1385,100,1485,0.1388
1380,104,1484,0.1388
1387,100,1487,0.1388
1399,102,1501,0.1388
1391,104,1495,0.1388
1387,107,1494,0.1388
1391,111,1502,0.1388
1392,111,1503,0.1388
1386,110,1496,0.1388
1393,118,1511,0.1388
1403,119,1522,0.1388
1388,116,1504,0.1388
1397,112,1509,0.1388
1395,110,1505,0.1388
1394,110,1504,0.1388
1393,107,1500,0.1388
1401,109,1510,0.1388
1392,113,1505,0.1388
1380,111,1491,0.1388
1362,112,1474,0.1388
1380,112,1492,0.1388
1384,116,1500,0.1388
1384,116,1500,0.1388
1379,117,1496,0.1388
1366,117,1483,0.1388
1372,112,1484,0.1388
1380,113,1493,0.1388
1390,116,1506,0.1388
1383,118,1501,0.1388
1378,117,1495,0.1388
1381,115,1496,0.1388
1374,115,1489,0.1388
1377,115,1492,0.1388
1384,112,1496,0.1388
1373,107,1480,0.1388
1372,110,1482,0.1388
1366,118,1484,0.1388
1361,121,1482,0.1388
1360,117,1477,0.1388
1366,120,1486,0.1388
1364,118,1482,0.1388
1374,116,1490,0.1388
1377,117,1494,0.1388
1381,114,1495,0.1388
1380,115,1495,0.1388
1376,112,1488,0.1388
1365,115,1480,0.1388
1367,119,1486,0.1388
1376,120,1496,0.1388
1370,124,1494,0.1388
1357,128,1485,0.1388
1357,129,1486,0.1388
1354,125,1479,0.1388
1364,128,1492,0.1388
1357,129,1486,0.1388
1363,129,1492,0.1388
1368,123,1491,0.1388
1375,121,1496,0.1388
1380,122,1502,0.1388
1375,124,1499,0.1388
1382,125,1507,0.1388
1379,122,1501,0.1388
1373,123,1496,0.1388
1349,124,1473,0.1388
1358,120,1478,0.1388
1366,117,1483,0.1388
1381,119,1500,0.1388
1372,122,1494,0.1388
1362,120,1482,0.1388
1361,125,1486,0.1388
1363,124,1487,0.1388
1367,121,1488,0.1388
1367,119,1486,0.1388
1362,115,1477,0.1388
1371,117,1488,0.1388
1366,116,1482,0.1388
1363,116,1479,0.1388
1368,117,1485,0.1388
1365,117,1482,0.1388
1361,119,1480,0.1388
1372,118,1490,0.1388
1373,119,1492,0.1388
1358,121,1479,0.1388
1359,124,1483,0.1388
1364,125,1489,0.1388
1378,120,1498,0.1388
1368,123,1491,0.1388
1364,124,1488,0.1388
1373,123,1496,0.1388
1361,124,1485,0.1388
1379,122,1501,0.1388
1369,123,1492,0.1388
1356,121,1477,0.1388
1360,125,1485,0.1388
1363,125,1488,0.1388
1359,124,1483,0.1388
1356,124,1480,0.1388
1345,121,1466,0.1388
1337,119,1456,0.1388
1345,117,1462,0.1388
1348,116,1464,0.1388
1365,118,1483,0.1388
1383,121,1504,0.1388
1372,120,1492,0.1388
1366,118,1484,0.1388
1371,118,1489,0.1388
1385,117,1502,0.1388
1385,112,1497,0.1388
1378,113,1491,0.1388
1366,118,1484,0.1388
1353,118,1471,0.1388
1364,122,1486,0.1388
1347,124,1471,0.1388
1347,128,1475,0.1388
1347,127,1474,0.1388
1356,129,1485,0.1388
1369,130,1499,0.1388
1368,130,1498,0.1388
1367,130,1497,0.1388
1367,129,1496,0.1388
1373,127,1500,0.1388
1376,130,1506,0.1388
1388,128,1516,0.1388
1369,128,1497,0.1388
1363,130,1493,0.1388
1369,126,1495,0.1388
1373,128,1501,0.1388
1368,128,1496,0.1388
1361,126,1487,0.1388
1366,125,1491,0.1388
1367,123,1490,0.1388
1357,124,1481,0.1388
1371,129,1500,0.1388
1375,129,1504,0.1388
1375,131,1506,0.1388
1373,129,1502,0.1388
1373,129,1502,0.1388
1355,127,1482,0.1388
1359,129,1488,0.1388
1350,132,1482,0.1388
1351,132,1483,0.1388
1348,133,1481,0.1388
1349,134,1483,0.1388
1353,130,1483,0.1388
1364,128,1492,0.1388
1358,138,1496,0.1388
1336,137,1473,0.1388
1340,137,1477,0.1388
1346,138,1484,0.1388
1352,143,1495,0.1388
1349,145,1494,0.1388
1353,146,1499,0.1388
1344,146,1490,0.1388
1349,143,1492,0.1388
1351,142,1493,0.1388
1345,147,1492,0.1388
1356,140,1496,0.1388
1349,141,1490,0.1388
1336,142,1478,0.1388
1350,142,1492,0.1388
1347,142,1489,0.1388
1354,145,1499,0.1388
1360,147,1507,0.1388
1356,146,1502,0.1388
1355,146,1501,0.1388
1357,151,1508,0.1388
1343,153,1496,0.1388
1344,155,1499,0.1388
1346,156,1502,0.1388
1347,160,1507,0.1388
1355,160,1515,0.1388
1349,159,1508,0.1388
1343,163,1506,0.1388
1340,158,1498,0.1388
1339,161,1500,0.1388
1336,162,1498,0.1388
1340,163,1503,0.1388
1330,164,1494,0.1388
1330,164,1494,0.1388
1329,163,1492,0.1388
1345,164,1509,0.1388
1341,167,1508,0.1388
1330,167,1497,0.1388
1327,167,1494,0.1388
1330,169,1499,0.1388
1322,166,1488,0.1388
1325,168,1493,0.1388
1316,172,1488,0.1388
1310,176,1486,0.1388
1307,173,1480,0.1388
1309,176,1485,0.1388
1314,177,1491,0.1388
1310,175,1485,0.1388
1314,176,1490,0.1388
1323,173,1496,0.1388
1323,172,1495,0.1388
1314,173,1487,0.1388
1323,173,1496,0.1388
1324,173,1497,0.1388
1337,170,1507,0.1388
1333,167,1500,0.1388
1327,164,1491,0.1388
1325,167,1492,0.1388
1330,165,1495,0.1388
1327,166,1493,0.1388
1314,167,1481,0.1388
1319,162,1481,0.1388
1326,167,1493,0.1388
1314,166,1480,0.1388
1319,169,1488,0.1388
1321,170,1491,0.1388
1322,179,1501,0.1388
1316,177,1493,0.1388
1317,176,1493,0.1388
1314,180,1494,0.1388
1317,180,1497,0.1388
1322,184,1506,0.1388
1320,188,1508,0.1388
1314,187,1501,0.1388
1320,184,1504,0.1388
1319,183,1502,0.1388
1309,182,1491,0.1388
1303,185,1488,0.1388
1304,181,1485,0.1388
1317,180,1497,0.1388
1318,179,1497,0.1388
1323,183,1506,0.1388
1306,181,1487,0.1388
1301,183,1484,0.1388
1303,184,1487,0.1388
1289,187,1476,0.1388
1281,186,1467,0.1388
1286,183,1469,0.1388
1293,188,1481,0.1388
1307,191,1498,0.1388
1316,191,1507,0.1388
1308,186,1494,0.1388
1313,181,1494,0.1388
1316,182,1498,0.1388
1311,180,1491,0.1388
1313,180,1493,0.1388
1306,178,1484,0.1388
1319,180,1499,0.1388
1314,182,1496,0.1388
1323,179,1502,0.1388
1327,182,1509,0.1388
1320,186,1506,0.1388
1315,188,1503,0.1388
1316,186,1502,0.1388
1313,186,1499,0.1388
1316,188,1504,0.1388
1302,185,1487,0.1388
1311,189,1500,0.1388
1325,191,1516,0.1388
1317,189,1506,0.1388
1317,187,1504,0.1388
1319,191,1510,0.1388
1318,189,1507,0.1388
1304,189,1493,0.1388
1304,189,1493,0.1388
1305,190,1495,0.1388
1303,190,1493,0.1388
1305,191,1496,0.1388
1308,192,1500,0.1388
1319,194,1513,0.1388
1304,203,1507,0.1388
1309,198,1507,0.1388
1321,197,1518,0.1388
1325,197,1522,0.1388
1327,197,1524,0.1388
1311,194,1505,0.1388
1298,192,1490,0.1388
1300,190,1490,0.1388
1293,188,1481,0.1388
1300,195,1495,0.1388
1302,192,1494,0.1388
1305,191,1496,0.1388
1313,199,1512,0.1388
1312,201,1513,0.1388
1300,198,1498,0.1388
1297,197,1494,0.1388
1302,195,1497,0.1388
1291,186,1477,0.1388
1283,194,1477,0.1388
1289,194,1483,0.1388
1290,200,1490,0.1388
1303,198,1501,0.1388
1308,197,1505,0.1388
1301,197,1498,0.1388
1299,202,1501,0.1388
1293,204,1497,0.1388
1293,203,1496,0.1388
1300,203,1503,0.1388
1297,203,1500,0.1388
1304,200,1504,0.1388
1300,197,1497,0.1388
1303,194,1497,0.1388
1303,195,1498,0.1388
1305,194,1499,0.1388
1294,196,1490,0.1388
1294,200,1494,0.1388
1291,205,1496,0.1388
1290,205,1495,0.1388
1281,208,1489,0.1388
1269,209,1478,0.1388
1272,208,1480,0.1388
1276,212,1488,0.1388
1265,209,1474,0.1388
1280,205,1485,0.1388
1277,204,1481,0.1388
1265,206,1471,0.1388
1261,208,1469,0.1388
1288,210,1498,0.1388
1286,209,1495,0.1388
1289,206,1495,0.1388
1276,209,1485,0.1388
1271,201,1472,0.1388
1285,206,1491,0.1388
1281,210,1491,0.1388
1286,207,1493,0.1388
1288,202,1490,0.1388
1286,207,1493,0.1388
1294,213,1507,0.1388
1292,214,1506,0.1388
1285,212,1497,0.1388
1280,213,1493,0.1388
1279,217,1496,0.1388
1257,215,1472,0.1388
1272,219,1491,0.1388
1273,220,1493,0.1388
1265,222,1487,0.1388
1268,223,1491,0.1388
1268,225,1493,0.1388
1265,223,1488,0.1388
1260,222,1482,0.1388
1260,224,1484,0.1388
1251,222,1473,0.1388
1261,219,1480,0.1388
1239,222,1461,0.1388
1253,226,1479,0.1388
1252,227,1479,0.1388
1259,231,1490,0.1388
1263,234,1497,0.1388
1250,238,1488,0.1388
1260,241,1501,0.1388
1265,238,1503,0.1388
1257,239,1496,0.1388
1264,243,1507,0.1388
1268,240,1508,0.1388
1258,244,1502,0.1388
1268,241,1509,0.1388
1272,243,1515,0.1388
1266,239,1505,0.1388
1260,243,1503,0.1388
1256,241,1497,0.1388
1263,242,1505,0.1388
1261,239,1500,0.1388
1260,237,1497,0.1388
1268,240,1508,0.1388
1262,237,1499,0.1388
1255,242,1497,0.1388
1244,246,1490,0.1388
1239,244,1483,0.1388
1255,244,1499,0.1388
1252,242,1494,0.1388
1258,241,1499,0.1388
1252,243,1495,0.1388
1249,241,1490,0.1388
1247,245,1492,0.1388
1242,246,1488,0.1388
1243,249,1492,0.1388
1254,249,1503,0.1388
1244,250,1494,0.1388
1244,252,1496,0.1388
1251,244,1495,0.1388
1249,248,1497,0.1388
1258,251,1509,0.1388
1263,258,1521,0.1388
1263,260,1523,0.1388
1254,259,1513,0.1388
1246,261,1507,0.1388
1247,264,1511,0.1388
1253,264,1517,0.1388
1242,264,1506,0.1388
1246,268,1514,0.1388
1222,270,1492,0.1388
1222,265,1487,0.1388
1227,266,1493,0.1388
1229,272,1501,0.1388
1223,278,1501,0.1388
1218,269,1487,0.1388
1213,277,1490,0.1388
1218,280,1498,0.1388
1219,281,1500,0.1388
1209,279,1488,0.1388
1208,276,1484,0.1388
1195,284,1479,0.1388
1195,283,1478,0.1388
1205,279,1484,0.1388
1208,280,1488,0.1388
1205,283,1488,0.1388
1206,281,1487,0.1388
1195,292,1487,0.1388
1191,294,1485,0.1388
1199,292,1491,0.1388
1203,293,1496,0.1388
1217,290,1507,0.1388
1220,285,1505,0.1388
1215,284,1499,0.1388
1208,286,1494,0.1388
1206,288,1494,0.1388
1208,294,1502,0.1388
1203,292,1495,0.1388
1183,292,1475,0.1388
1202,292,1494,0.1388
1187,291,1478,0.1388
1200,288,1488,0.1388
1199,296,1495,0.1388
1190,301,1491,0.1388
1189,303,1492,0.1388
1187,297,1484,0.1388
1188,297,1485,0.1388
1196,297,1493,0.1388
1201,301,1502,0.1388
1192,305,1497,0.1388
1189,305,1494,0.1388
1206,300,1506,0.1388
1200,298,1498,0.1388
1211,291,1502,0.1388
1200,286,1486,0.1388
1212,294,1506,0.1388
1198,296,1494,0.1388
1185,291,1476,0.1388
1197,287,1484,0.1388
1190,293,1483,0.1388
1199,292,1491,0.1388
1206,297,1503,0.1388
1204,297,1501,0.1388
1197,302,1499,0.1388
1207,302,1509,0.1388
1213,302,1515,0.1388
1212,301,1513,0.1388
1209,300,1509,0.1388
1204,309,1513,0.1388
1207,308,1515,0.1388
1194,305,1499,0.1388
1203,301,1504,0.1388
1202,308,1510,0.1388
1201,301,1502,0.1388
1196,304,1500,0.1388
1200,298,1498,0.1388
1201,301,1502,0.1388
1191,300,1491,0.1388
1192,304,1496,0.1388
1191,304,1495,0.1388
1195,302,1497,0.1388
1193,304,1497,0.1388
1192,307,1499,0.1388
1189,309,1498,0.1388
1184,314,1498,0.1388
1178,316,1494,0.1388
1184,322,1506,0.1388
1183,320,1503,0.1388
1192,324,1516,0.1388
1193,325,1518,0.1388
1179,327,1506,0.1388
1186,331,1517,0.1388
1182,330,1512,0.1388
1170,334,1504,0.1388
1169,329,1498,0.1388
1165,325,1490,0.1388
1178,324,1502,0.1388
1174,325,1499,0.1388
1165,329,1494,0.1388
1169,337,1506,0.1388
1159,334,1493,0.1388
1166,329,1495,0.1388
1168,332,1500,0.1388
1174,329,1503,0.1388
1161,326,1487,0.1388
1162,324,1486,0.1388
1156,326,1482,0.1388
1170,329,1499,0.1388
1177,327,1504,0.1388
1172,334,1506,0.1388
1166,330,1496,0.1388
1170,324,1494,0.1388
1167,323,1490,0.1388
1179,322,1501,0.1388
1176,325,1501,0.1388
1170,325,1495,0.1388
1176,326,1502,0.1388
1175,332,1507,0.1388
1168,334,1502,0.1388
1161,330,1491,0.1388
1170,330,1500,0.1388
1162,332,1494,0.1388
1157,337,1494,0.1388
1145,343,1488,0.1388
1131,343,1474,0.1388
1130,349,1479,0.1388
1141,346,1487,0.1388
1143,347,1490,0.1388
1132,350,1482,0.1388
1131,349,1480,0.1388
1143,343,1486,0.1388
1153,346,1499,0.1388
1141,343,1484,0.1388
1158,348,1506,0.1388
1148,355,1503,0.1388
1142,347,1489,0.1388
1137,347,1484,0.1388
1144,357,1501,0.1388
1147,353,1500,0.1388
1138,352,1490,0.1388
1145,356,1501,0.1388
1142,359,1501,0.1388
1133,351,1484,0.1388
1131,354,1485,0.1388
1135,354,1489,0.1388
1142,353,1495,0.1388
1144,353,1497,0.1388
1143,353,1496,0.1388
1133,359,1492,0.1388
1129,356,1485,0.1388
1136,361,1497,0.1388
1141,367,1508,0.1388
1134,374,1508,0.1388
1141,380,1521,0.1388
1136,377,1513,0.1388
1137,368,1505,0.1388
1141,371,1512,0.1388
1141,365,1506,0.1388
1134,362,1496,0.1388
1130,367,1497,0.1388
1137,373,1510,0.1388
1137,374,1511,0.1388
1139,377,1516,0.1388
1121,369,1490,0.1388
1121,372,1493,0.1388
1119,369,1488,0.1388
1129,375,1504,0.1388
1120,364,1484,0.1388
1125,370,1495,0.1388
1119,366,1485,0.1388
1119,372,1491,0.1388
1122,372,1494,0.1388
1135,376,1511,0.1388
1131,380,1511,0.1388
1128,381,1509,0.1388
1133,384,1517,0.1388
1132,376,1508,0.1388
1138,383,1521,0.1388
1138,384,1522,0.1388
1140,379,1519,0.1388
1128,372,1500,0.1388
1131,372,1503,0.1388
1129,376,1505,0.1388
1132,379,1511,0.1388
1136,379,1515,0.1388
1145,377,1522,0.1388
1141,379,1520,0.1388
1131,379,1510,0.1388
1103,379,1482,0.1388
1110,379,1489,0.1388
1110,384,1494,0.1388
1103,386,1489,0.1388
1096,382,1478,0.1388
1107,384,1491,0.1388
1102,385,1487,0.1388
1111,393,1504,0.1388
1112,388,1500,0.1388
1111,391,1502,0.1388
1101,388,1489,0.1388
1101,391,1492,0.1388
1104,392,1496,0.1388
1110,391,1501,0.1388
1118,392,1510,0.1388
1117,392,1509,0.1388
1121,395,1516,0.1388
1119,391,1510,0.1388
1113,397,1510,0.1388
1115,389,1504,0.1388
1106,390,1496,0.1388
1105,392,1497,0.1388
1117,394,1511,0.1388
1114,390,1504,0.1388
1108,388,1496,0.1388
1101,389,1490,0.1388
1101,389,1490,0.1388
1099,400,1499,0.1388
1108,399,1507,0.1388
1102,400,1502,0.1388
1110,406,1516,0.1388
1111,399,1510,0.1388
1102,409,1511,0.1388
1091,412,1503,0.1388
1088,411,1499,0.1388
1092,405,1497,0.1388
1099,406,1505,0.1388
1084,410,1494,0.1388
1096,412,1508,0.1388
1087,414,1501,0.1388
1087,411,1498,0.1388
1081,415,1496,0.1388
1092,413,1505,0.1388
1091,425,1516,0.1388
1085,426,1511,0.1388
1087,430,1517,0.1388
1082,426,1508,0.1388
1090,417,1507,0.1388
1081,421,1502,0.1388
1074,418,1492,0.1388
1064,428,1492,0.1388
1052,439,1491,0.1388
1055,439,1494,0.1388
1056,437,1493,0.1388
1041,445,1486,0.1388
1044,440,1484,0.1388
1047,439,1486,0.1388
1049,441,1490,0.1388
1039,442,1481,0.1388
1045,435,1480,0.1388
1044,441,1485,0.1388
1055,438,1493,0.1388
1060,441,1501,0.1388
1065,445,1510,0.1388
1063,440,1503,0.1388
1055,438,1493,0.1388
1042,436,1478,0.1388
1029,435,1464,0.1388
1033,443,1476,0.1388
1025,451,1476,0.1388
1028,456,1484,0.1388
1031,449,1480,0.1388
1049,443,1492,0.1388
1040,442,1482,0.1388
1047,449,1496,0.1388
1047,446,1493,0.1388
1043,447,1490,0.1388
1045,454,1499,0.1388
1041,461,1502,0.1388
1037,463,1500,0.1388
1041,464,1505,0.1388
1047,466,1513,0.1388
1055,462,1517,0.1388
1041,466,1507,0.1388
1045,465,1510,0.1388
1039,473,1512,0.1388
1039,472,1511,0.1388
1031,473,1504,0.1388
1029,478,1507,0.1388
1026,478,1504,0.1388
1017,477,1494,0.1388
1027,479,1506,0.1388
1026,475,1501,0.1388
1020,480,1500,0.1388
1029,480,1509,0.1388
1019,476,1495,0.1388
1017,471,1488,0.1388
1022,478,1500,0.1388
1026,476,1502,0.1388
1016,477,1493,0.1388
1018,477,1495,0.1388
1023,475,1498,0.1388
1024,476,1500,0.1388
1019,479,1498,0.1388
1015,476,1491,0.1388
1019,479,1498,0.1388
1017,472,1489,0.1388
1015,474,1489,0.1388
1005,477,1482,0.1388
1004,487,1491,0.1388
1012,486,1498,0.1388
1013,491,1504,0.1388
1012,494,1506,0.1388
1015,491,1506,0.1388
1014,492,1506,0.1388
1021,490,1511,0.1388
1019,497,1516,0.1388
1010,496,1506,0.1388
1009,490,1499,0.1388
999,498,1497,0.1388
1009,496,1505,0.1388
1003,500,1503,0.1388
994,494,1488,0.1388
987,491,1478,0.1388
982,494,1476,0.1388
988,499,1487,0.1388
986,497,1483,0.1388
988,502,1490,0.1388
983,505,1488,0.1388
1000,514,1514,0.1388
993,511,1504,0.1388
991,519,1510,0.1388
997,520,1517,0.1388
992,520,1512,0.1388
994,514,1508,0.1388
993,521,1514,0.1388
992,520,1512,0.1388
986,518,1504,0.1388
992,512,1504,0.1388
984,517,1501,0.1388
989,523,1512,0.1388
987,521,1508,0.1388
985,523,1508,0.1388
993,525,1518,0.1388
989,517,1506,0.1388
988,518,1506,0.1388
983,520,1503,0.1388
981,523,1504,0.1388
982,530,1512,0.1388
985,531,1516,0.1388
983,526,1509,0.1388
970,532,1502,0.1388
977,530,1507,0.1388
980,530,1510,0.1388
973,528,1501,0.1388
976,529,1505,0.1388
972,532,1504,0.1388
971,529,1500,0.1388
973,525,1498,0.1388
969,520,1489,0.1388
979,523,1502,0.1388
979,525,1504,0.1388
982,532,1514,0.1388
977,535,1512,0.1388
977,532,1509,0.1388
980,520,1500,0.1388
983,526,1509,0.1388
980,528,1508,0.1388
978,526,1504,0.1388
972,525,1497,0.1388
954,520,1474,0.1388
950,521,1471,0.1388
952,520,1472,0.1388
959,530,1489,0.1388
969,533,1502,0.1388
965,533,1498,0.1388
968,532,1500,0.1388
981,531,1512,0.1388
968,536,1504,0.1388
958,536,1494,0.1388
959,537,1496,0.1388
959,542,1501,0.1388
949,550,1499,0.1388
952,551,1503,0.1388
950,542,1492,0.1388
954,547,1501,0.1388
955,545,1500,0.1388
961,548,1509,0.1388
966,549,1515,0.1388
966,547,1513,0.1388
970,544,1514,0.1388
958,547,1505,0.1388
954,546,1500,0.1388
956,556,1512,0.1388
953,557,1510,0.1388
956,559,1515,0.1388
946,563,1509,0.1388
951,558,1509,0.1388
957,545,1502,0.1388
962,549,1511,0.1388
960,542,1502,0.1388
957,549,1506,0.1388
952,553,1505,0.1388
946,558,1504,0.1388
957,550,1507,0.1388
966,557,1523,0.1388
965,548,1513,0.1388
953,547,1500,0.1388
956,555,1511,0.1388
944,560,1504,0.1388
954,562,1516,0.1388
952,558,1510,0.1388
950,559,1509,0.1388
943,558,1501,0.1388
946,558,1504,0.1388
949,556,1505,0.1388
949,544,1493,0.1388
943,550,1493,0.1388
938,547,1485,0.1388
930,547,1477,0.1388
932,550,1482,0.1388
932,553,1485,0.1388
931,562,1493,0.1388
939,565,1504,0.1388
936,567,1503,0.1388
945,564,1509,0.1388
946,576,1522,0.1388
933,570,1503,0.1388
937,570,1507,0.1388
932,570,1502,0.1388
932,573,1505,0.1388
929,574,1503,0.1388
927,575,1502,0.1388
923,571,1494,0.1388
937,571,1508,0.1388
931,572,1503,0.1388
930,577,1507,0.1388
932,585,1517,0.1388
924,577,1501,0.1388
919,579,1498,0.1388
923,579,1502,0.1388
936,576,1512,0.1388
925,568,1493,0.1388
928,573,1501,0.1388
921,582,1503,0.1388
925,579,1504,0.1388
926,576,1502,0.1388
926,576,1502,0.1388
928,581,1509,0.1388
930,582,1512,0.1388
922,592,1514,0.1388
917,595,1512,0.1388
910,597,1507,0.1388
910,601,1511,0.1388
914,596,1510,0.1388
909,592,1501,0.1388
908,589,1497,0.1388
909,584,1493,0.1388
900,588,1488,0.1388
897,590,1487,0.1388
896,594,1490,0.1388
886,606,1492,0.1388
892,597,1489,0.1388
890,606,1496,0.1388
886,608,1494,0.1388
886,612,1498,0.1388
882,612,1494,0.1388
886,617,1503,0.1388
890,614,1504,0.1388
875,614,1489,0.1388
873,614,1487,0.1388
875,618,1493,0.1388
871,622,1493,0.1388
874,623,1497,0.1388
878,619,1497,0.1388
869,636,1505,0.1388
869,634,1503,0.1388
869,639,1508,0.1388
865,633,1498,0.1388
866,627,1493,0.1388
865,635,1500,0.1388
864,641,1505,0.1388
859,639,1498,0.1388
859,630,1489,0.1388
857,638,1495,0.1388
871,640,1511,0.1388
870,644,1514,0.1388
871,638,1509,0.1388
861,641,1502,0.1388
868,647,1515,0.1388
859,635,1494,0.1388
866,643,1509,0.1388
869,645,1514,0.1388
872,646,1518,0.1388
877,639,1516,0.1388
877,641,1518,0.1388
869,649,1518,0.1388
859,650,1509,0.1388
862,652,1514,0.1388
853,646,1499,0.1388
846,640,1486,0.1388
841,646,1487,0.1388
851,656,1507,0.1388
847,653,1500,0.1388
847,661,1508,0.1388
843,664,1507,0.1388
843,667,1510,0.1388
841,667,1508,0.1388
848,659,1507,0.1388
854,661,1515,0.1388
852,652,1504,0.1388
848,660,1508,0.1388
841,645,1486,0.1388
840,658,1498,0.1388
841,659,1500,0.1388
840,658,1498,0.1388
854,653,1507,0.1388
849,659,1508,0.1388
849,659,1508,0.1388
843,666,1509,0.1388
842,657,1499,0.1388
848,664,1512,0.1388
841,664,1505,0.1388
841,663,1504,0.1388
846,661,1507,0.1388
835,661,1496,0.1388
841,654,1495,0.1388
853,668,1521,0.1388
849,666,1515,0.1388
848,655,1503,0.1388
840,651,1491,0.1388
843,650,1493,0.1388
850,655,1505,0.1388
854,653,1507,0.1388
851,638,1489,0.1388
859,641,1500,0.1388
866,655,1521,0.1388
865,668,1533,0.1388
863,672,1535,0.1388
850,667,1517,0.1388
850,668,1518,0.1388
852,669,1521,0.1388
854,667,1521,0.1388
850,670,1520,0.1388
848,668,1516,0.1388
835,668,1503,0.1388
850,669,1519,0.1388
844,665,1509,0.1388
854,656,1510,0.1388
847,662,1509,0.1388
844,664,1508,0.1388
848,651,1499,0.1388
842,659,1501,0.1388
831,658,1489,0.1388
838,665,1503,0.1388
835,664,1499,0.1388
841,669,1510,0.1388
848,664,1512,0.1388
842,674,1516,0.1388
832,666,1498,0.1388
835,669,1504,0.1388
838,669,1507,0.1388
839,667,1506,0.1388
833,667,1500,0.1388
842,682,1524,0.1388
834,679,1513,0.1388
834,677,1511,0.1388
831,674,1505,0.1388
826,678,1504,0.1388
821,682,1503,0.1388
828,683,1511,0.1388
835,694,1529,0.1388
831,687,1518,0.1388
828,685,1513,0.1388
834,684,1518,0.1388
822,681,1503,0.1388
820,681,1501,0.1388
819,679,1498,0.1388
821,692,1513,0.1388
809,691,1500,0.1388
803,685,1488,0.1388
802,692,1494,0.1388
802,692,1494,0.1388
807,697,1504,0.1388
807,697,1504,0.1388
815,704,1519,0.1388
808,709,1517,0.1388
805,705,1510,0.1388
810,695,1505,0.1388
802,705,1507,0.1388
801,709,1510,0.1388
798,711,1509,0.1388
797,708,1505,0.1388
785,707,1492,0.1388
784,713,1497,0.1388
768,710,1478,0.1388
767,716,1483,0.1388
773,717,1490,0.1388
772,722,1494,0.1388
787,713,1500,0.1388
787,716,1503,0.1388
779,719,1498,0.1388
770,731,1501,0.1388
762,727,1489,0.1388
767,718,1485,0.1388
772,728,1500,0.1388
769,737,1506,0.1388
774,729,1503,0.1388
767,736,1503,0.1388
773,742,1515,0.1388
777,741,1518,0.1388
770,743,1513,0.1388
772,741,1513,0.1388
770,748,1518,0.1388
778,741,1519,0.1388
771,736,1507,0.1388
773,733,1506,0.1388
785,725,1510,0.1388
774,720,1494,0.1388
777,727,1504,0.1388
783,731,1514,0.1388
782,730,1512,0.1388
782,728,1510,0.1388
774,724,1498,0.1388
772,730,1502,0.1388
772,729,1501,0.1388
784,741,1525,0.1388
788,740,1528,0.1388
781,735,1516,0.1388
779,742,1521,0.1388
775,736,1511,0.1388
768,729,1497,0.1388
769,727,1496,0.1388
762,725,1487,0.1388
761,718,1479,0.1388
772,718,1490,0.1388
778,730,1508,0.1388
776,733,1509,0.1388
789,726,1515,0.1388
785,727,1512,0.1388
785,735,1520,0.1388
782,732,1514,0.1388
772,733,1505,0.1388
777,735,1512,0.1388
776,744,1520,0.1388
772,749,1521,0.1388
769,747,1516,0.1388
759,749,1508,0.1388
757,748,1505,0.1388
757,759,1516,0.1388
755,746,1501,0.1388
749,737,1486,0.1388
755,744,1499,0.1388
755,741,1496,0.1388
769,739,1508,0.1388
761,737,1498,0.1388
763,741,1504,0.1388
767,743,1510,0.1388
775,745,1520,0.1388
772,747,1519,0.1388
761,748,1509,0.1388
753,746,1499,0.1388
756,751,1507,0.1388
747,751,1498,0.1388
745,754,1499,0.1388
749,755,1504,0.1388
740,757,1497,0.1388
740,757,1497,0.1388
741,757,1498,0.1388
738,765,1503,0.1388
736,766,1502,0.1388
741,766,1507,0.1388
745,769,1514,0.1388
741,765,1506,0.1388
744,770,1514,0.1388
726,767,1493,0.1388
728,767,1495,0.1388
731,777,1508,0.1388
735,778,1513,0.1388
730,777,1507,0.1388
726,781,1507,0.1388
718,787,1505,0.1388
716,782,1498,0.1388
720,778,1498,0.1388
727,778,1505,0.1388
726,773,1499,0.1388
728,770,1498,0.1388
731,776,1507,0.1388
731,766,1497,0.1388
730,773,1503,0.1388
727,777,1504,0.1388
732,770,1502,0.1388
721,768,1489,0.1388
729,767,1496,0.1388
736,770,1506,0.1388
740,780,1520,0.1388
739,771,1510,0.1388
738,781,1519,0.1388
738,781,1519,0.1388
733,773,1506,0.1388
730,769,1499,0.1388
732,777,1509,0.1388
730,782,1512,0.1388
732,784,1516,0.1388
738,783,1521,0.1388
737,777,1514,0.1388
734,776,1510,0.1388
733,774,1507,0.1388
728,776,1504,0.1388
723,778,1501,0.1388
716,779,1495,0.1388
721,772,1493,0.1388
718,765,1483,0.1388
718,776,1494,0.1388
715,787,1502,0.1388
714,787,1501,0.1388
718,782,1500,0.1388
715,783,1498,0.1388
717,786,1503,0.1388
722,795,1517,0.1388
710,791,1501,0.1388
706,789,1495,0.1388
705,791,1496,0.1388
700,796,1496,0.1388
698,800,1498,0.1388
700,806,1506,0.1388
702,805,1507,0.1388
707,789,1496,0.1388
713,793,1506,0.1388
715,798,1513,0.1388
716,798,1514,0.1388
704,800,1504,0.1388
708,805,1513,0.1388
711,799,1510,0.1388
715,793,1508,0.1388
710,805,1515,0.1388
706,801,1507,0.1388
702,796,1498,0.1388
701,797,1498,0.1388
699,804,1503,0.1388
697,797,1494,0.1388
697,797,1494,0.1388
703,804,1507,0.1388
701,812,1513,0.1388
694,805,1499,0.1388
696,808,1504,0.1388
693,805,1498,0.1388
687,808,1495,0.1388
693,810,1503,0.1388
690,815,1505,0.1388
692,815,1507,0.1388
693,822,1515,0.1388
687,819,1506,0.1388
681,824,1505,0.1388
671,822,1493,0.1388
680,825,1505,0.1388
689,819,1508,0.1388
685,824,1509,0.1388
687,824,1511,0.1388
681,832,1513,0.1388
684,825,1509,0.1388
685,812,1497,0.1388
688,808,1496,0.1388
690,809,1499,0.1388
672,815,1487,0.1388
671,810,1481,0.1388
666,824,1490,0.1388
680,823,1503,0.1388
679,836,1515,0.1388
673,837,1510,0.1388
677,830,1507,0.1388
666,833,1499,0.1388
660,834,1494,0.1388
661,825,1486,0.1388
668,827,1495,0.1388
674,824,1498,0.1388
679,822,1501,0.1388
677,817,1494,0.1388
679,813,1492,0.1388
678,823,1501,0.1388
681,827,1508,0.1388
676,826,1502,0.1388
670,837,1507,0.1388
662,840,1502,0.1388
666,843,1509,0.1388
654,848,1502,0.1388
665,846,1511,0.1388
659,841,1500,0.1388
659,841,1500,0.1388
671,838,1509,0.1388
662,841,1503,0.1388
659,837,1496,0.1388
665,839,1504,0.1388
663,830,1493,0.1388
670,830,1500,0.1388
664,840,1504,0.1388
658,851,1509,0.1388
661,848,1509,0.1388
655,844,1499,0.1388
645,848,1493,0.1388
632,854,1486,0.1388
637,849,1486,0.1388
653,858,1511,0.1388
646,853,1499,0.1388
653,856,1509,0.1388
657,854,1511,0.1388
656,859,1515,0.1388
649,857,1506,0.1388
650,852,1502,0.1388
653,854,1507,0.1388
645,864,1509,0.1388
644,857,1501,0.1388
642,863,1505,0.1388
638,865,1503,0.1388
642,858,1500,0.1388
645,857,1502,0.1388
646,865,1511,0.1388
645,871,1516,0.1388
643,873,1516,0.1388
647,873,1520,0.1388
645,864,1509,0.1388
648,850,1498,0.1388
647,854,1501,0.1388
654,863,1517,0.1388
652,862,1514,0.1388
650,841,1491,0.1388
649,850,1499,0.1388
647,856,1503,0.1388
643,862,1505,0.1388
640,859,1499,0.1388
641,863,1504,0.1388
654,857,1511,0.1388
661,853,1514,0.1388
660,858,1518,0.1388
650,858,1508,0.1388
650,865,1515,0.1388
639,868,1507,0.1388
631,863,1494,0.1388
623,862,1485,0.1388
629,875,1504,0.1388
637,870,1507,0.1388
641,866,1507,0.1388
642,868,1510,0.1388
645,872,1517,0.1388
633,863,1496,0.1388
633,864,1497,0.1388
630,876,1506,0.1388
623,868,1491,0.1388
622,875,1497,0.1388
619,871,1490,0.1388
609,876,1485,0.1388
611,875,1486,0.1388
617,878,1495,0.1388
617,894,1511,0.1388
611,885,1496,0.1388
614,892,1506,0.1388
618,892,1510,0.1388
621,885,1506,0.1388
613,879,1492,0.1388
615,875,1490,0.1388
622,891,1513,0.1388
625,874,1499,0.1388
628,870,1498,0.1388
623,877,1500,0.1388
627,889,1516,0.1388
626,891,1517,0.1388
624,891,1515,0.1388
623,889,1512,0.1388
617,894,1511,0.1388
616,885,1501,0.1388
619,877,1496,0.1388
619,881,1500,0.1388
619,888,1507,0.1388
632,888,1520,0.1388
630,882,1512,0.1388
628,885,1513,0.1388
627,890,1517,0.1388
626,888,1514,0.1388
625,891,1516,0.1388
618,886,1504,0.1388
624,893,1517,0.1388
615,896,1511,0.1388
616,889,1505,0.1388
610,892,1502,0.1388
616,889,1505,0.1388
622,885,1507,0.1388
621,882,1503,0.1388
606,886,1492,0.1388
614,885,1499,0.1388
606,881,1487,0.1388
613,876,1489,0.1388
613,877,1490,0.1388
613,883,1496,0.1388
615,890,1505,0.1388
619,890,1509,0.1388
612,887,1499,0.1388
620,889,1509,0.1388
619,894,1513,0.1388
618,895,1513,0.1388
626,885,1511,0.1388
625,891,1516,0.1388
631,890,1521,0.1388
619,894,1513,0.1388
619,886,1505,0.1388
613,882,1495,0.1388
615,885,1500,0.1388
618,897,1515,0.1388
616,898,1514,0.1388
610,899,1509,0.1388
608,896,1504,0.1388
610,891,1501,0.1388
613,902,1515,0.1388
616,896,1512,0.1388
619,893,1512,0.1388
617,892,1509,0.1388
616,880,1496,0.1388
614,889,1503,0.1388
609,880,1489,0.1388
610,886,1496,0.1388
614,894,1508,0.1388
606,903,1509,0.1388
610,898,1508,0.1388
610,893,1503,0.1388
610,893,1503,0.1388
607,895,1502,0.1388
610,893,1503,0.1388
611,906,1517,0.1388
606,901,1507,0.1388
608,906,1514,0.1388
603,917,1520,0.1388
604,912,1516,0.1388
608,907,1515,0.1388
607,913,1520,0.1388
606,909,1515,0.1388
594,918,1512,0.1388
582,909,1491,0.1388
582,913,1495,0.1388
583,910,1493,0.1388
581,905,1486,0.1388
579,915,1494,0.1388
580,913,1493,0.1388
583,912,1495,0.1388
586,915,1501,0.1388
577,921,1498,0.1388
579,921,1500,0.1388
576,933,1509,0.1388
581,934,1515,0.1388
581,933,1514,0.1388
592,930,1522,0.1388
582,936,1518,0.1388
587,931,1518,0.1388
580,933,1513,0.1388
579,937,1516,0.1388
579,940,1519,0.1388
580,933,1513,0.1388
581,940,1521,0.1388
576,939,1515,0.1388
583,947,1530,0.1388
578,945,1523,0.1388
576,949,1525,0.1388
572,943,1515,0.1388
564,946,1510,0.1388
555,943,1498,0.1388
560,930,1490,0.1388
560,940,1500,0.1388
562,949,1511,0.1388
561,951,1512,0.1388
562,963,1525,0.1388
562,952,1514,0.1388
564,958,1522,0.1388
563,939,1502,0.1388
565,940,1505,0.1388
560,933,1493,0.1388
569,935,1504,0.1388
570,936,1506,0.1388
565,945,1510,0.1388
555,949,1504,0.1388
551,940,1491,0.1388
558,944,1502,0.1388
554,937,1491,0.1388
558,929,1487,0.1388
559,929,1488,0.1388
556,932,1488,0.1388
556,933,1489,0.1388
556,942,1498,0.1388
561,953,1514,0.1388
562,950,1512,0.1388
562,940,1502,0.1388
570,937,1507,0.1388
565,948,1513,0.1388
566,943,1509,0.1388
564,938,1502,0.1388
564,949,1513,0.1388
559,943,1502,0.1388
560,953,1513,0.1388
555,953,1508,0.1388
547,961,1508,0.1388
559,948,1507,0.1388
557,947,1504,0.1388
554,955,1509,0.1388
554,958,1512,0.1388
557,964,1521,0.1388
559,950,1509,0.1388
546,961,1507,0.1388
548,958,1506,0.1388
548,949,1497,0.1388
544,959,1503,0.1388
550,941,1491,0.1388
555,949,1504,0.1388
551,951,1502,0.1388
550,951,1501,0.1388
551,954,1505,0.1388
545,958,1503,0.1388
547,944,1491,0.1388
539,941,1480,0.1388
536,945,1481,0.1388
532,948,1480,0.1388
546,956,1502,0.1388
543,956,1499,0.1388
541,955,1496,0.1388
544,957,1501,0.1388
540,954,1494,0.1388
546,961,1507,0.1388
540,967,1507,0.1388
548,973,1521,0.1388
542,971,1513,0.1388
548,961,1509,0.1388
546,951,1497,0.1388
543,953,1496,0.1388
540,962,1502,0.1388
543,961,1504,0.1388
541,964,1505,0.1388
535,964,1499,0.1388
528,966,1494,0.1388
529,976,1505,0.1388
533,979,1512,0.1388
539,977,1516,0.1388
538,986,1524,0.1388
536,978,1514,0.1388
537,967,1504,0.1388
540,974,1514,0.1388
531,968,1499,0.1388
530,978,1508,0.1388
529,972,1501,0.1388
540,965,1505,0.1388
540,969,1509,0.1388
537,967,1504,0.1388
541,973,1514,0.1388
539,981,1520,0.1388
541,971,1512,0.1388
536,968,1504,0.1388
537,964,1501,0.1388
534,972,1506,0.1388
544,965,1509,0.1388
541,975,1516,0.1388
538,976,1514,0.1388
532,966,1498,0.1388
544,971,1515,0.1388
538,967,1505,0.1388
536,974,1510,0.1388
528,974,1502,0.1388
523,989,1512,0.1388
525,987,1512,0.1388
517,979,1496,0.1388
519,980,1499,0.1388
523,986,1509,0.1388
522,989,1511,0.1388
527,993,1520,0.1388
523,1000,1523,0.1388
512,1007,1519,0.1388
512,997,1509,0.1388
507,1003,1510,0.1388
507,992,1499,0.1388
511,992,1503,0.1388
514,993,1507,0.1388
521,984,1505,0.1388
518,992,1510,0.1388
520,995,1515,0.1388
526,989,1515,0.1388
518,983,1501,0.1388
524,974,1498,0.1388
526,982,1508,0.1388
524,986,1510,0.1388
519,997,1516,0.1388
524,996,1520,0.1388
523,987,1510,0.1388
522,989,1511,0.1388
512,989,1501,0.1388
512,992,1504,0.1388
512,1003,1515,0.1388
520,1010,1530,0.1388
517,999,1516,0.1388
515,990,1505,0.1388
510,982,1492,0.1388
513,998,1511,0.1388
501,999,1500,0.1388
510,999,1509,0.1388
514,1000,1514,0.1388
510,1007,1517,0.1388
511,1001,1512,0.1388
514,1006,1520,0.1388
510,1000,1510,0.1388
517,1003,1520,0.1388
512,1002,1514,0.1388
513,994,1507,0.1388
513,991,1504,0.1388
512,990,1502,0.1388
506,996,1502,0.1388
504,996,1500,0.1388
491,992,1483,0.1388
501,1012,1513,0.1388
506,1014,1520,0.1388
496,1016,1512,0.1388
497,1016,1513,0.1388
499,1010,1509,0.1388
499,1005,1504,0.1388
495,1007,1502,0.1388
498,1009,1507,0.1388
493,1012,1505,0.1388
497,1014,1511,0.1388
493,1008,1501,0.1388
492,1014,1506,0.1388
480,1018,1498,0.1388
480,1015,1495,0.1388
483,1016,1499,0.1388
485,1013,1498,0.1388
480,1011,1491,0.1388
477,1024,1501,0.1388
471,1037,1508,0.1388
470,1047,1517,0.1388
474,1039,1513,0.1388
477,1037,1514,0.1388
473,1036,1509,0.1388
483,1031,1514,0.1388
479,1029,1508,0.1388
476,1032,1508,0.1388
469,1040,1509,0.1388
475,1039,1514,0.1388
472,1023,1495,0.1388
469,1043,1512,0.1388
467,1034,1501,0.1388
472,1043,1515,0.1388
475,1045,1520,0.1388
469,1048,1517,0.1388
471,1055,1526,0.1388
471,1051,1522,0.1388
468,1038,1506,0.1388
465,1033,1498,0.1388
469,1040,1509,0.1388
469,1041,1510,0.1388
462,1037,1499,0.1388
465,1045,1510,0.1388
473,1047,1520,0.1388
467,1050,1517,0.1388
469,1044,1513,0.1388
467,1031,1498,0.1388
469,1040,1509,0.1388
472,1037,1509,0.1388
467,1035,1502,0.1388
462,1048,1510,0.1388
456,1061,1517,0.1388
447,1062,1509,0.1388
452,1060,1512,0.1388
454,1063,1517,0.1388
447,1066,1513,0.1388
449,1066,1515,0.1388
448,1069,1517,0.1388
457,1063,1520,0.1388
458,1064,1522,0.1388
457,1066,1523,0.1388
454,1064,1518,0.1388
448,1056,1504,0.1388
449,1054,1503,0.1388
446,1053,1499,0.1388
448,1067,1515,0.1388
447,1062,1509,0.1388
448,1067,1515,0.1388
446,1063,1509,0.1388
444,1052,1496,0.1388
440,1066,1506,0.1388
445,1071,1516,0.1388
444,1070,1514,0.1388
449,1072,1521,0.1388
451,1079,1530,0.1388
443,1079,1522,0.1388
442,1084,1526,0.1388
441,1085,1526,0.1388
438,1076,1514,0.1388
438,1084,1522,0.1388
436,1076,1512,0.1388
433,1075,1508,0.1388
435,1073,1508,0.1388
440,1073,1513,0.1388
436,1068,1504,0.1388
434,1072,1506,0.1388
425,1072,1497,0.1388
427,1062,1489,0.1388
429,1069,1498,0.1388
434,1074,1508,0.1388
432,1069,1501,0.1388
440,1073,1513,0.1388
447,1070,1517,0.1388
445,1069,1514,0.1388
440,1075,1515,0.1388
434,1080,1514,0.1388
434,1083,1517,0.1388
432,1085,1517,0.1388
427,1077,1504,0.1388
430,1071,1501,0.1388
430,1080,1510,0.1388
429,1069,1498,0.1388
435,1088,1523,0.1388
427,1082,1509,0.1388
431,1078,1509,0.1388
428,1092,1520,0.1388
431,1084,1515,0.1388
433,1077,1510,0.1388
431,1084,1515,0.1388
421,1087,1508,0.1388
423,1092,1515,0.1388
422,1080,1502,0.1388
425,1076,1501,0.1388
426,1082,1508,0.1388
425,1083,1508,0.1388
426,1088,1514,0.1388
423,1086,1509,0.1388
425,1107,1532,0.1388
433,1088,1521,0.1388
421,1089,1510,0.1388
417,1079,1496,0.1388
413,1084,1497,0.1388
414,1081,1495,0.1388
412,1079,1491,0.1388
410,1089,1499,0.1388
404,1098,1502,0.1388
404,1102,1506,0.1388
412,1101,1513,0.1388
411,1102,1513,0.1388
415,1096,1511,0.1388
408,1087,1495,0.1388
411,1089,1500,0.1388
410,1102,1512,0.1388
408,1099,1507,0.1388
416,1094,1510,0.1388
417,1098,1515,0.1388
415,1098,1513,0.1388
414,1095,1509,0.1388
406,1101,1507,0.1388
400,1106,1506,0.1388
403,1115,1518,0.1388
408,1115,1523,0.1388
406,1120,1526,0.1388
411,1115,1526,0.1388
406,1115,1521,0.1388
409,1105,1514,0.1388
401,1106,1507,0.1388
397,1102,1499,0.1388
399,1091,1490,0.1388
405,1085,1490,0.1388
402,1094,1496,0.1388
404,1099,1503,0.1388
404,1108,1512,0.1388
401,1114,1515,0.1388
403,1099,1502,0.1388
401,1096,1497,0.1388
405,1106,1511,0.1388
406,1111,1517,0.1388
406,1083,1489,0.1388
403,1091,1494,0.1388
404,1105,1509,0.1388
410,1106,1516,0.1388
410,1109,1519,0.1388
402,1111,1513,0.1388
398,1110,1508,0.1388
396,1119,1515,0.1388
394,1123,1517,0.1388
388,1120,1508,0.1388
388,1116,1504,0.1388
392,1113,1505,0.1388
388,1124,1512,0.1388
393,1130,1523,0.1388
394,1130,1524,0.1388
392,1131,1523,0.1388
383,1128,1511,0.1388
379,1133,1512,0.1388
376,1123,1499,0.1388
372,1128,1500,0.1388
375,1131,1506,0.1388
374,1120,1494,0.1388
369,1119,1488,0.1388
370,1119,1489,0.1388
374,1127,1501,0.1388
380,1120,1500,0.1388
382,1109,1491,0.1388
376,1121,1497,0.1388
380,1124,1504,0.1388
378,1121,1499,0.1388
374,1116,1490,0.1388
372,1125,1497,0.1388
378,1141,1519,0.1388
384,1139,1523,0.1388
377,1134,1511,0.1388
380,1131,1511,0.1388
379,1135,1514,0.1388
381,1132,1513,0.1388
376,1140,1516,0.1388
380,1124,1504,0.1388
378,1121,1499,0.1388
377,1120,1497,0.1388
373,1137,1510,0.1388
372,1134,1506,0.1388
374,1141,1515,0.1388
378,1132,1510,0.1388
379,1125,1504,0.1388
376,1121,1497,0.1388
373,1126,1499,0.1388
370,1130,1500,0.1388
368,1128,1496,0.1388
369,1137,1506,0.1388
368,1140,1508,0.1388
375,1140,1515,0.1388
379,1133,1512,0.1388
381,1139,1520,0.1388
376,1139,1515,0.1388
369,1140,1509,0.1388
371,1136,1507,0.1388
371,1133,1504,0.1388
366,1138,1504,0.1388
372,1133,1505,0.1388
370,1132,1502,0.1388
370,1143,1513,0.1388
373,1136,1509,0.1388
375,1139,1514,0.1388
379,1131,1510,0.1388
383,1130,1513,0.1388
371,1133,1504,0.1388
371,1123,1494,0.1388
376,1122,1498,0.1388
377,1117,1494,0.1388
377,1125,1502,0.1388
378,1134,1512,0.1388
375,1136,1511,0.1388
374,1131,1505,0.1388
379,1130,1509,0.1388
381,1126,1507,0.1388
378,1127,1505,0.1388
373,1131,1504,0.1388
372,1133,1505,0.1388
378,1130,1508,0.1388
376,1144,1520,0.1388
374,1139,1513,0.1388
366,1132,1498,0.1388
367,1144,1511,0.1388
368,1156,1524,0.1388
371,1152,1523,0.1388
363,1148,1511,0.1388
361,1147,1508,0.1388
368,1159,1527,0.1388
375,1152,1527,0.1388
369,1149,1518,0.1388
369,1141,1510,0.1388
364,1146,1510,0.1388
358,1149,1507,0.1388
365,1140,1505,0.1388
362,1152,1514,0.1388
363,1149,1512,0.1388
361,1150,1511,0.1388
358,1148,1506,0.1388
351,1151,1502,0.1388
350,1148,1498,0.1388
346,1152,1498,0.1388
346,1160,1506,0.1388
339,1166,1505,0.1388
344,1167,1511,0.1388
342,1164,1506,0.1388
346,1174,1520,0.1388
343,1168,1511,0.1388
342,1149,1491,0.1388
346,1164,1510,0.1388
340,1168,1508,0.1388
340,1168,1508,0.1388
343,1177,1520,0.1388
336,1182,1518,0.1388
338,1181,1519,0.1388
336,1175,1511,0.1388
334,1179,1513,0.1388
331,1171,1502,0.1388
331,1174,1505,0.1388
335,1178,1513,0.1388
337,1183,1520,0.1388
339,1186,1525,0.1388
341,1186,1527,0.1388
342,1174,1516,0.1388
338,1177,1515,0.1388
335,1174,1509,0.1388
337,1171,1508,0.1388
343,1173,1516,0.1388
346,1173,1519,0.1388
342,1180,1522,0.1388
337,1176,1513,0.1388
340,1179,1519,0.1388
341,1175,1516,0.1388
338,1180,1518,0.1388
331,1193,1524,0.1388
341,1194,1535,0.1388
331,1186,1517,0.1388
331,1180,1511,0.1388
329,1165,1494,0.1388
330,1166,1496,0.1388
325,1170,1495,0.1388
331,1182,1513,0.1388
332,1180,1512,0.1388
328,1190,1518,0.1388
327,1197,1524,0.1388
328,1187,1515,0.1388
330,1196,1526,0.1388
329,1185,1514,0.1388
327,1191,1518,0.1388
323,1191,1514,0.1388
323,1197,1520,0.1388
321,1190,1511,0.1388
323,1194,1517,0.1388
326,1193,1519,0.1388
323,1186,1509,0.1388
325,1199,1524,0.1388
322,1199,1521,0.1388
325,1205,1530,0.1388
321,1202,1523,0.1388
320,1201,1521,0.1388
330,1206,1536,0.1388
331,1203,1534,0.1388
329,1194,1523,0.1388
328,1201,1529,0.1388
324,1202,1526,0.1388
324,1201,1525,0.1388
324,1190,1514,0.1388
320,1191,1511,0.1388
322,1197,1519,0.1388
323,1188,1511,0.1388
317,1200,1517,0.1388
315,1187,1502,0.1388
316,1181,1497,0.1388
315,1194,1509,0.1388
314,1202,1516,0.1388
319,1199,1518,0.1388
311,1210,1521,0.1388
315,1205,1520,0.1388
316,1207,1523,0.1388
310,1197,1507,0.1388
315,1192,1507,0.1388
318,1188,1506,0.1388
322,1188,1510,0.1388
321,1196,1517,0.1388
323,1206,1529,0.1388
317,1207,1524,0.1388
317,1206,1523,0.1388
317,1187,1504,0.1388
321,1192,1513,0.1388
320,1206,1526,0.1388
317,1204,1521,0.1388
318,1207,1525,0.1388
316,1212,1528,0.1388
314,1207,1521,0.1388
314,1196,1510,0.1388
319,1206,1525,0.1388
322,1215,1537,0.1388
317,1202,1519,0.1388
319,1191,1510,0.1388
313,1215,1528,0.1388
308,1205,1513,0.1388
304,1213,1517,0.1388
310,1202,1512,0.1388
307,1197,1504,0.1388
301,1199,1500,0.1388
303,1207,1510,0.1388
304,1201,1505,0.1388
308,1196,1504,0.1388
305,1199,1504,0.1388
306,1198,1504,0.1388
308,1190,1498,0.1388
303,1196,1499,0.1388
303,1206,1509,0.1388
304,1213,1517,0.1388
304,1211,1515,0.1388
307,1217,1524,0.1388
308,1203,1511,0.1388
301,1203,1504,0.1388
299,1207,1506,0.1388
300,1199,1499,0.1388
302,1208,1510,0.1388
307,1209,1516,0.1388
305,1214,1519,0.1388
308,1205,1513,0.1388
308,1205,1513,0.1388
310,1206,1516,0.1388
305,1212,1517,0.1388
300,1198,1498,0.1388
300,1203,1503,0.1388
300,1205,1505,0.1388
297,1207,1504,0.1388
304,1208,1512,0.1388
304,1205,1509,0.1388
300,1202,1502,0.1388
298,1202,1500,0.1388
293,1201,1494,0.1388
296,1203,1499,0.1388
304,1199,1503,0.1388
301,1203,1504,0.1388
300,1201,1501,0.1388
301,1205,1506,0.1388
291,1200,1491,0.1388
293,1202,1495,0.1388
295,1204,1499,0.1388
305,1214,1519,0.1388
309,1216,1525,0.1388
306,1207,1513,0.1388
299,1214,1513,0.1388
301,1218,1519,0.1388
301,1218,1519,0.1388
295,1221,1516,0.1388
298,1230,1528,0.1388
304,1231,1535,0.1388
305,1227,1532,0.1388
299,1223,1522,0.1388
300,1230,1530,0.1388
300,1226,1526,0.1388
292,1224,1516,0.1388
297,1223,1520,0.1388
298,1229,1527,0.1388
294,1215,1509,0.1388
292,1222,1514,0.1388
288,1216,1504,0.1388
288,1220,1508,0.1388
284,1226,1510,0.1388
288,1229,1517,0.1388
279,1229,1508,0.1388
270,1233,1503,0.1388
273,1230,1503,0.1388
273,1240,1513,0.1388
275,1233,1508,0.1388
272,1233,1505,0.1388
275,1244,1519,0.1388
275,1239,1514,0.1388
276,1245,1521,0.1388
275,1243,1518,0.1388
271,1250,1521,0.1388
263,1250,1513,0.1388
266,1238,1504,0.1388
265,1234,1499,0.1388
260,1235,1495,0.1388
254,1246,1500,0.1388
256,1254,1510,0.1388
257,1256,1513,0.1388
254,1237,1491,0.1388
258,1240,1498,0.1388
255,1244,1499,0.1388
261,1250,1511,0.1388
264,1263,1527,0.1388
265,1263,1528,0.1388
265,1261,1526,0.1388
265,1247,1512,0.1388
265,1256,1521,0.1388
263,1257,1520,0.1388
266,1255,1521,0.1388
267,1255,1522,0.1388
267,1254,1521,0.1388
263,1247,1510,0.1388
260,1236,1496,0.1388
261,1244,1505,0.1388
256,1234,1490,0.1388
259,1260,1519,0.1388
264,1255,1519,0.1388
265,1250,1515,0.1388
260,1263,1523,0.1388
259,1262,1521,0.1388
262,1258,1520,0.1388
255,1260,1515,0.1388
261,1263,1524,0.1388
262,1255,1517,0.1388
267,1252,1519,0.1388
266,1252,1518,0.1388
265,1241,1506,0.1388
266,1234,1500,0.1388
266,1236,1502,0.1388
261,1245,1506,0.1388
265,1248,1513,0.1388
262,1251,1513,0.1388
265,1258,1523,0.1388
262,1254,1516,0.1388
257,1259,1516,0.1388
256,1257,1513,0.1388
253,1258,1511,0.1388
251,1249,1500,0.1388
252,1249,1501,0.1388
255,1248,1503,0.1388
257,1258,1515,0.1388
256,1249,1505,0.1388
255,1255,1510,0.1388
255,1235,1490,0.1388
252,1240,1492,0.1388
250,1268,1518,0.1388
247,1265,1512,0.1388
245,1268,1513,0.1388
244,1266,1510,0.1388
247,1269,1516,0.1388
248,1272,1520,0.1388
248,1258,1506,0.1388
244,1264,1508,0.1388
241,1268,1509,0.1388
239,1267,1506,0.1388
239,1281,1520,0.1388
243,1276,1519,0.1388
248,1273,1521,0.1388
251,1270,1521,0.1388
246,1269,1515,0.1388
242,1269,1511,0.1388
238,1269,1507,0.1388
242,1260,1502,0.1388
242,1267,1509,0.1388
238,1274,1512,0.1388
240,1271,1511,0.1388
243,1257,1500,0.1388
245,1260,1505,0.1388
244,1261,1505,0.1388
242,1269,1511,0.1388
234,1284,1518,0.1388
232,1274,1506,0.1388
231,1270,1501,0.1388
233,1275,1508,0.1388
230,1296,1526,0.1388
232,1298,1530,0.1388
228,1300,1528,0.1388
226,1296,1522,0.1388
225,1303,1528,0.1388
225,1296,1521,0.1388
230,1308,1538,0.1388
228,1308,1536,0.1388
225,1314,1539,0.1388
232,1302,1534,0.1388
233,1292,1525,0.1388
227,1283,1510,0.1388
226,1297,1523,0.1388
226,1297,1523,0.1388
222,1309,1531,0.1388
222,1313,1535,0.1388
218,1309,1527,0.1388
218,1325,1543,0.1388
214,1313,1527,0.1388
212,1303,1515,0.1388
208,1305,1513,0.1388
212,1303,1515,0.1388
212,1302,1514,0.1388
210,1309,1519,0.1388
212,1304,1516,0.1388
217,1298,1515,0.1388
222,1295,1517,0.1388
226,1300,1526,0.1388
226,1290,1516,0.1388
226,1288,1514,0.1388
227,1285,1512,0.1388
224,1281,1505,0.1388
224,1300,1524,0.1388
219,1299,1518,0.1388
214,1297,1511,0.1388
210,1295,1505,0.1388
212,1282,1494,0.1388
211,1296,1507,0.1388
212,1297,1509,0.1388
211,1279,1490,0.1388
210,1293,1503,0.1388
209,1296,1505,0.1388
210,1300,1510,0.1388
210,1310,1520,0.1388
206,1318,1524,0.1388
206,1322,1528,0.1388
203,1323,1526,0.1388
206,1311,1517,0.1388
206,1326,1532,0.1388
209,1314,1523,0.1388
209,1314,1523,0.1388
205,1315,1520,0.1388
203,1320,1523,0.1388
203,1328,1531,0.1388
203,1320,1523,0.1388
199,1322,1521,0.1388
199,1314,1513,0.1388
201,1322,1523,0.1388
202,1318,1520,0.1388
196,1312,1508,0.1388
195,1318,1513,0.1388
194,1315,1509,0.1388
192,1318,1510,0.1388
190,1321,1511,0.1388
192,1323,1515,0.1388
192,1310,1502,0.1388
183,1328,1511,0.1388
187,1316,1503,0.1388
192,1321,1513,0.1388
190,1324,1514,0.1388
190,1321,1511,0.1388
188,1329,1517,0.1388
189,1330,1519,0.1388
187,1327,1514,0.1388
187,1329,1516,0.1388
184,1341,1525,0.1388
183,1338,1521,0.1388
180,1337,1517,0.1388
180,1339,1519,0.1388
174,1331,1505,0.1388
175,1331,1506,0.1388
173,1339,1512,0.1388
171,1321,1492,0.1388
170,1319,1489,0.1388
174,1341,1515,0.1388
181,1337,1518,0.1388
177,1325,1502,0.1388
175,1327,1502,0.1388
172,1335,1507,0.1388
176,1327,1503,0.1388
179,1324,1503,0.1388
174,1327,1501,0.1388
177,1324,1501,0.1388
181,1330,1511,0.1388
182,1333,1515,0.1388
179,1338,1517,0.1388
176,1332,1508,0.1388
174,1350,1524,0.1388
174,1352,1526,0.1388
177,1350,1527,0.1388
172,1344,1516,0.1388
175,1357,1532,0.1388
175,1349,1524,0.1388
172,1350,1522,0.1388
171,1354,1525,0.1388
170,1342,1512,0.1388
171,1343,1514,0.1388
170,1355,1525,0.1388
171,1350,1521,0.1388
171,1337,1508,0.1388
174,1321,1495,0.1388
172,1325,1497,0.1388
164,1329,1493,0.1388
164,1335,1499,0.1388
159,1354,1513,0.1388
157,1347,1504,0.1388
160,1343,1503,0.1388
161,1344,1505,0.1388
157,1349,1506,0.1388
154,1350,1504,0.1388
150,1359,1509,0.1388
157,1358,1515,0.1388
159,1365,1524,0.1388
157,1371,1528,0.1388
156,1361,1517,0.1388
157,1376,1533,0.1388
154,1369,1523,0.1388
156,1359,1515,0.1388
154,1363,1517,0.1388
160,1349,1509,0.1388
156,1354,1510,0.1388
155,1371,1526,0.1388
158,1365,1523,0.1388
155,1365,1520,0.1388
157,1357,1514,0.1388
155,1355,1510,0.1388
158,1371,1529,0.1388
154,1364,1518,0.1388
158,1362,1520,0.1388
159,1361,1520,0.1388
158,1355,1513,0.1388
158,1359,1517,0.1388
157,1365,1522,0.1388
157,1368,1525,0.1388
154,1373,1527,0.1388
154,1365,1519,0.1388
157,1373,1530,0.1388
154,1375,1529,0.1388
153,1366,1519,0.1388
154,1356,1510,0.1388
151,1370,1521,0.1388
155,1366,1521,0.1388
158,1355,1513,0.1388
158,1361,1519,0.1388
162,1360,1522,0.1388
159,1361,1520,0.1388
152,1361,1513,0.1388
155,1359,1514,0.1388
156,1365,1521,0.1388
155,1366,1521,0.1388
156,1366,1522,0.1388
157,1366,1523,0.1388
158,1349,1507,0.1388
155,1348,1503,0.1388
153,1361,1514,0.1388
154,1353,1507,0.1388
155,1362,1517,0.1388
151,1364,1515,0.1388
156,1358,1514,0.1388
154,1353,1507,0.1388
151,1355,1506,0.1388
153,1357,1510,0.1388
150,1359,1509,0.1388
148,1371,1519,0.1388
146,1377,1523,0.1388
144,1379,1523,0.1388
142,1375,1517,0.1388
140,1366,1506,0.1388
139,1363,1502,0.1388
137,1361,1498,0.1388
134,1371,1505,0.1388
137,1362,1499,0.1388
142,1361,1503,0.1388
139,1360,1499,0.1388
142,1370,1512,0.1388
141,1380,1521,0.1388
136,1386,1522,0.1388
136,1387,1523,0.1388
131,1375,1506,0.1388
136,1377,1513,0.1388
142,1373,1515,0.1388
147,1354,1501,0.1388
150,1349,1499,0.1388
155,1366,1521,0.1388
153,1357,1510,0.1388
153,1368,1521,0.1388
156,1368,1524,0.1388
157,1362,1519,0.1388
159,1349,1508,0.1388
156,1351,1507,0.1388
154,1350,1504,0.1388
152,1363,1515,0.1388
152,1365,1517,0.1388
150,1356,1506,0.1388
153,1345,1498,0.1388
153,1360,1513,0.1388
151,1358,1509,0.1388
155,1355,1510,0.1388
153,1362,1515,0.1388
153,1357,1510,0.1388
157,1353,1510,0.1388
157,1360,1517,0.1388
156,1369,1525,0.1388
159,1360,1519,0.1388
161,1354,1515,0.1388
156,1368,1524,0.1388
160,1364,1524,0.1388
157,1370,1527,0.1388
152,1373,1525,0.1388
156,1367,1523,0.1388
156,1369,1525,0.1388
151,1352,1503,0.1388
145,1353,1498,0.1388
143,1358,1501,0.1388
143,1366,1509,0.1388
141,1376,1517,0.1388
138,1380,1518,0.1388
137,1383,1520,0.1388
143,1378,1521,0.1388
142,1384,1526,0.1388
135,1373,1508,0.1388
139,1389,1528,0.1388
141,1383,1524,0.1388
144,1371,1515,0.1388
142,1374,1516,0.1388
143,1376,1519,0.1388
140,1378,1518,0.1388
140,1375,1515,0.1388
137,1372,1509,0.1388
140,1385,1525,0.1388
137,1376,1513,0.1388
141,1371,1512,0.1388
142,1371,1513,0.1388
141,1371,1512,0.1388
143,1371,1514,0.1388
140,1379,1519,0.1388
138,1375,1513,0.1388
139,1373,1512,0.1388
139,1369,1508,0.1388
135,1379,1514,0.1388
131,1384,1515,0.1388
128,1379,1507,0.1388
127,1386,1513,0.1388
125,1377,1502,0.1388
123,1386,1509,0.1388
123,1369,1492,0.1388
124,1386,1510,0.1388
121,1389,1510,0.1388
124,1383,1507,0.1388
125,1385,1510,0.1388
124,1382,1506,0.1388
125,1383,1508,0.1388
123,1386,1509,0.1388
118,1392,1510,0.1388
117,1400,1517,0.1388
119,1403,1522,0.1388
115,1400,1515,0.1388
118,1393,1511,0.1388
119,1397,1516,0.1388
120,1396,1516,0.1388
117,1400,1517,0.1388
116,1398,1514,0.1388
117,1402,1519,0.1388
119,1396,1515,0.1388
116,1393,1509,0.1388
119,1380,1499,0.1388
118,1382,1500,0.1388
115,1386,1501,0.1388
116,1384,1500,0.1388
116,1393,1509,0.1388
114,1395,1509,0.1388
114,1410,1524,0.1388
112,1399,1511,0.1388
115,1397,1512,0.1388
114,1388,1502,0.1388
115,1398,1513,0.1388
115,1396,1511,0.1388
116,1399,1515,0.1388
115,1404,1519,0.1388
116,1403,1519,0.1388
118,1405,1523,0.1388
117,1406,1523,0.1388
113,1403,1516,0.1388
111,1404,1515,0.1388
109,1405,1514,0.1388
111,1398,1509,0.1388
112,1404,1516,0.1388
112,1389,1501,0.1388
114,1398,1512,0.1388
115,1397,1512,0.1388
112,1397,1509,0.1388
109,1404,1513,0.1388
112,1386,1498,0.1388
114,1391,1505,0.1388
118,1397,1515,0.1388
115,1397,1512,0.1388
115,1394,1509,0.1388
113,1402,1515,0.1388
113,1401,1514,0.1388
114,1415,1529,0.1388
113,1398,1511,0.1388
113,1386,1499,0.1388
113,1391,1504,0.1388
111,1398,1509,0.1388
112,1392,1504,0.1388
116,1383,1499,0.1388
120,1388,1508,0.1388
114,1387,1501,0.1388
112,1393,1505,0.1388
114,1396,1510,0.1388
117,1404,1521,0.1388
115,1411,1526,0.1388
119,1402,1521,0.1388
116,1393,1509,0.1388
112,1397,1509,0.1388
112,1396,1508,0.1388
112,1403,1515,0.1388
112,1405,1517,0.1388
112,1407,1519,0.1388
114,1405,1519,0.1388
115,1400,1515,0.1388
114,1386,1500,0.1388
114,1393,1507,0.1388
114,1406,1520,0.1388
114,1394,1508,0.1388
114,1399,1513,0.1388
112,1410,1522,0.1388
111,1410,1521,0.1388
110,1411,1521,0.1388
113,1417,1530,0.1388
113,1407,1520,0.1388
110,1420,1530,0.1388
113,1406,1519,0.1388
112,1414,1526,0.1388
112,1408,1520,0.1388
114,1398,1512,0.1388
111,1403,1514,0.1388
108,1400,1508,0.1388
111,1404,1515,0.1388
115,1393,1508,0.1388
114,1409,1523,0.1388
112,1403,1515,0.1388
111,1400,1511,0.1388
114,1401,1515,0.1388
117,1393,1510,0.1388
117,1397,1514,0.1388
117,1394,1511,0.1388
115,1394,1509,0.1388
120,1405,1525,0.1388
116,1393,1509,0.1388
116,1389,1505,0.1388
113,1386,1499,0.1388
114,1401,1515,0.1388
116,1396,1512,0.1388
115,1388,1503,0.1388
116,1381,1497,0.1388
115,1376,1491,0.1388
111,1394,1505,0.1388
113,1401,1514,0.1388
114,1410,1524,0.1388
116,1408,1524,0.1388
115,1401,1516,0.1388
113,1401,1514,0.1388
116,1396,1512,0.1388
117,1407,1524,0.1388
114,1405,1519,0.1388
113,1403,1516,0.1388
114,1404,1518,0.1388
111,1399,1510,0.1388
108,1398,1506,0.1388
107,1404,1511,0.1388
107,1399,1506,0.1388
105,1410,1515,0.1388
108,1412,1520,0.1388
109,1406,1515,0.1388
109,1411,1520,0.1388
109,1404,1513,0.1388
105,1403,1508,0.1388
106,1405,1511,0.1388
108,1414,1522,0.1388
112,1403,1515,0.1388
110,1407,1517,0.1388
109,1400,1509,0.1388
110,1404,1514,0.1388
107,1403,1510,0.1388
106,1400,1506,0.1388
105,1395,1500,0.1388
107,1392,1499,0.1388
106,1399,1505,0.1388
109,1402,1511,0.1388
108,1392,1500,0.1388
105,1397,1502,0.1388
103,1411,1514,0.1388
101,1411,1512,0.1388
102,1404,1506,0.1388
102,1416,1518,0.1388
103,1423,1526,0.1388
105,1425,1530,0.1388
109,1419,1528,0.1388
107,1414,1521,0.1388
107,1419,1526,0.1388
107,1403,1510,0.1388
106,1398,1504,0.1388
104,1409,1513,0.1388
103,1410,1513,0.1388
100,1404,1504,0.1388
100,1411,1511,0.1388
102,1418,1520,0.1388
102,1419,1521,0.1388
105,1423,1528,0.1388
105,1411,1516,0.1388
100,1407,1507,0.1388
99,1413,1512,0.1388
99,1432,1531,0.1388
101,1415,1516,0.1388
98,1413,1511,0.1388
97,1413,1510,0.1388
96,1421,1517,0.1388
95,1426,1521,0.1388
95,1428,1523,0.1388
97,1439,1536,0.1388
99,1428,1527,0.1388
103,1418,1521,0.1388
102,1421,1523,0.1388
104,1416,1520,0.1388
102,1414,1516,0.1388
102,1421,1523,0.1388
102,1426,1528,0.1388
101,1430,1531,0.1388
101,1417,1518,0.1388
101,1410,1511,0.1388
98,1398,1496,0.1388
97,1407,1504,0.1388
102,1396,1498,0.1388
104,1408,1512,0.1388
106,1407,1513,0.1388
106,1390,1496,0.1388
105,1396,1501,0.1388
102,1403,1505,0.1388
100,1412,1512,0.1388
100,1429,1529,0.1388
104,1429,1533,0.1388
101,1421,1522,0.1388
101,1426,1527,0.1388
99,1424,1523,0.1388
100,1413,1513,0.1388
96,1397,1493,0.1388
92,1413,1505,0.1388
94,1411,1505,0.1388
97,1413,1510,0.1388
96,1425,1521,0.1388
98,1426,1524,0.1388
98,1419,1517,0.1388
94,1426,1520,0.1388
92,1423,1515,0.1388
90,1431,1521,0.1388
93,1416,1509,0.1388
92,1416,1508,0.1388
94,1421,1515,0.1388
91,1430,1521,0.1388
92,1428,1520,0.1388
89,1440,1529,0.1388
92,1442,1534,0.1388
89,1431,1520,0.1388
88,1421,1509,0.1388
86,1424,1510,0.1388
87,1424,1511,0.1388
90,1436,1526,0.1388
92,1428,1520,0.1388
91,1434,1525,0.1388
93,1424,1517,0.1388
91,1420,1511,0.1388
90,1427,1517,0.1388
90,1429,1519,0.1388
89,1430,1519,0.1388
90,1440,1530,0.1388
85,1426,1511,0.1388
88,1438,1526,0.1388
87,1435,1522,0.1388
90,1433,1523,0.1388
90,1436,1526,0.1388
90,1422,1512,0.1388
93,1424,1517,0.1388
93,1431,1524,0.1388
91,1420,1511,0.1388
88,1420,1508,0.1388
87,1408,1495,0.1388
90,1421,1511,0.1388
88,1415,1503,0.1388
88,1420,1508,0.1388
91,1431,1522,0.1388
91,1420,1511,0.1388
86,1422,1508,0.1388
89,1417,1506,0.1388
87,1425,1512,0.1388
91,1420,1511,0.1388
92,1423,1515,0.1388
93,1423,1516,0.1388
89,1442,1531,0.1388
90,1424,1514,0.1388
90,1422,1512,0.1388
92,1423,1515,0.1388
92,1430,1522,0.1388
90,1428,1518,0.1388
91,1425,1516,0.1388
90,1410,1500,0.1388
88,1430,1518,0.1388
88,1433,1521,0.1388
88,1441,1529,0.1388
87,1434,1521,0.1388
84,1428,1512,0.1388
88,1431,1519,0.1388
90,1423,1513,0.1388
89,1420,1509,0.1388
85,1431,1516,0.1388
82,1434,1516,0.1388
83,1441,1524,0.1388
90,1426,1516,0.1388
93,1426,1519,0.1388
93,1421,1514,0.1388
93,1425,1518,0.1388
91,1428,1519,0.1388
87,1417,1504,0.1388
89,1420,1509,0.1388
88,1425,1513,0.1388
90,1430,1520,0.1388
93,1432,1525,0.1388
90,1427,1517,0.1388
91,1444,1535,0.1388
93,1441,1534,0.1388
93,1436,1529,0.1388
97,1433,1530,0.1388
93,1420,1513,0.1388
91,1429,1520,0.1388
96,1413,1509,0.1388
93,1413,1506,0.1388
95,1421,1516,0.1388
97,1424,1521,0.1388
101,1436,1537,0.1388
100,1430,1530,0.1388
99,1421,1520,0.1388
96,1419,1515,0.1388
95,1431,1526,0.1388
96,1432,1528,0.1388
95,1429,1524,0.1388
94,1437,1531,0.1388
94,1421,1515,0.1388
94,1422,1516,0.1388
94,1427,1521,0.1388
91,1423,1514,0.1388
90,1420,1510,0.1388
88,1408,1496,0.1388
90,1415,1505,0.1388
87,1422,1509,0.1388
85,1433,1518,0.1388
83,1427,1510,0.1388
83,1433,1516,0.1388
80,1436,1516,0.1388
86,1428,1514,0.1388
87,1405,1492,0.1388
90,1408,1498,0.1388
88,1411,1499,0.1388
88,1411,1499,0.1388
85,1421,1506,0.1388
83,1419,1502,0.1388
81,1412,1493,0.1388
80,1426,1506,0.1388
80,1435,1515,0.1388
81,1427,1508,0.1388
83,1431,1514,0.1388
83,1432,1515,0.1388
82,1441,1523,0.1388
87,1435,1522,0.1388
81,1429,1510,0.1388
78,1425,1503,0.1388
77,1432,1509,0.1388
74,1434,1508,0.1388
71,1421,1492,0.1388
77,1415,1492,0.1388
77,1428,1505,0.1388
82,1447,1529,0.1388
80,1451,1531,0.1388
81,1439,1520,0.1388
78,1418,1496,0.1388
75,1420,1495,0.1388
74,1426,1500,0.1388
74,1446,1520,0.1388
74,1429,1503,0.1388
76,1440,1516,0.1388
76,1434,1510,0.1388
74,1444,1518,0.1388
75,1440,1515,0.1388
75,1443,1518,0.1388
74,1443,1517,0.1388
72,1446,1518,0.1388
66,1451,1517,0.1388
65,1444,1509,0.1388
63,1454,1517,0.1388
63,1456,1519,0.1388
61,1448,1509,0.1388
61,1457,1518,0.1388
59,1473,1532,0.1388
58,1464,1522,0.1388
58,1454,1512,0.1388
60,1444,1504,0.1388
58,1432,1490,0.1388
57,1446,1503,0.1388
55,1445,1500,0.1388
53,1466,1519,0.1388
54,1467,1521,0.1388
56,1473,1529,0.1388
56,1459,1515,0.1388
53,1457,1510,0.1388
54,1460,1514,0.1388
55,1454,1509,0.1388
57,1467,1524,0.1388
57,1471,1528,0.1388
57,1467,1524,0.1388
55,1468,1523,0.1388
54,1458,1512,0.1388
54,1464,1518,0.1388
52,1462,1514,0.1388
49,1467,1516,0.1388
50,1476,1526,0.1388
50,1477,1527,0.1388
51,1480,1531,0.1388
50,1467,1517,0.1388
50,1457,1507,0.1388
49,1468,1517,0.1388
50,1464,1514,0.1388
51,1473,1524,0.1388
52,1477,1529,0.1388
49,1475,1524,0.1388
50,1481,1531,0.1388
49,1467,1516,0.1388
48,1458,1506,0.1388
48,1456,1504,0.1388
50,1455,1505,0.1388
50,1460,1510,0.1388
52,1462,1514,0.1388
51,1464,1515,0.1388
49,1476,1525,0.1388
49,1464,1513,0.1388
48,1468,1516,0.1388
48,1473,1521,0.1388
45,1477,1522,0.1388
47,1475,1522,0.1388
49,1462,1511,0.1388
49,1448,1497,0.1388
48,1458,1506,0.1388
48,1454,1502,0.1388
48,1451,1499,0.1388
46,1470,1516,0.1388
44,1481,1525,0.1388
46,1493,1539,0.1388
46,1483,1529,0.1388
44,1478,1522,0.1388
44,1476,1520,0.1388
42,1475,1517,0.1388
43,1474,1517,0.1388
45,1467,1512,0.1388
45,1467,1512,0.1388
41,1472,1513,0.1388
41,1475,1516,0.1388
40,1471,1511,0.1388
41,1473,1514,0.1388
42,1484,1526,0.1388
42,1485,1527,0.1388
39,1479,1518,0.1388
39,1478,1517,0.1388
39,1479,1518,0.1388
39,1485,1524,0.1388
39,1487,1526,0.1388
40,1482,1522,0.1388
41,1471,1512,0.1388
41,1474,1515,0.1388
38,1477,1515,0.1388
39,1490,1529,0.1388
39,1476,1515,0.1388
42,1475,1517,0.1388
41,1484,1525,0.1388
42,1473,1515,0.1388
41,1475,1516,0.1388
43,1470,1513,0.1388
44,1469,1513,0.1388
44,1481,1525,0.1388
46,1474,1520,0.1388
43,1475,1518,0.1388
42,1470,1512,0.1388
44,1477,1521,0.1388
46,1475,1521,0.1388
46,1477,1523,0.1388
44,1473,1517,0.1388
44,1476,1520,0.1388
47,1471,1518,0.1388
48,1465,1513,0.1388
46,1449,1495,0.1388
48,1460,1508,0.1388
45,1480,1525,0.1388
46,1475,1521,0.1388
47,1467,1514,0.1388
46,1468,1514,0.1388
47,1466,1513,0.1388
48,1467,1515,0.1388
49,1470,1519,0.1388
48,1468,1516,0.1388
48,1463,1511,0.1388
49,1455,1504,0.1388
47,1462,1509,0.1388
44,1453,1497,0.1388
47,1466,1513,0.1388
50,1457,1507,0.1388
49,1454,1503,0.1388
48,1445,1493,0.1388
45,1456,1501,0.1388
48,1454,1502,0.1388
48,1446,1494,0.1388
47,1451,1498,0.1388
46,1454,1500,0.1388
45,1464,1509,0.1388
45,1469,1514,0.1388
44,1461,1505,0.1388
44,1465,1509,0.1388
46,1473,1519,0.1388
47,1482,1529,0.1388
48,1476,1524,0.1388
47,1470,1517,0.1388
46,1459,1505,0.1388
46,1460,1506,0.1388
46,1460,1506,0.1388
46,1462,1508,0.1388
46,1471,1517,0.1388
45,1471,1516,0.1388
45,1472,1517,0.1388
46,1472,1518,0.1388
45,1473,1518,0.1388
44,1470,1514,0.1388
45,1474,1519,0.1388
47,1466,1513,0.1388
47,1475,1522,0.1388
46,1468,1514,0.1388
44,1479,1523,0.1388
43,1467,1510,0.1388
42,1464,1506,0.1388
44,1467,1511,0.1388
43,1478,1521,0.1388
43,1483,1526,0.1388
44,1461,1505,0.1388
43,1465,1508,0.1388
43,1475,1518,0.1388
40,1464,1504,0.1388
39,1460,1499,0.1388
39,1472,1511,0.1388
40,1470,1510,0.1388
39,1480,1519,0.1388
39,1465,1504,0.1388
39,1458,1497,0.1388
37,1462,1499,0.1388
38,1470,1508,0.1388
40,1468,1508,0.1388
38,1475,1513,0.1388
41,1485,1526,0.1388
41,1478,1519,0.1388
40,1485,1525,0.1388
40,1494,1534,0.1388
40,1487,1527,0.1388
40,1490,1530,0.1388
39,1486,1525,0.1388
38,1482,1520,0.1388
39,1483,1522,0.1388
39,1479,1518,0.1388
39,1481,1520,0.1388
37,1482,1519,0.1388
37,1483,1520,0.1388
34,1475,1509,0.1388
34,1473,1507,0.1388
34,1480,1514,0.1388
35,1481,1516,0.1388
37,1483,1520,0.1388
37,1484,1521,0.1388
34,1485,1519,0.1388
32,1498,1530,0.1388
34,1494,1528,0.1388
33,1485,1518,0.1388
32,1480,1512,0.1388
32,1484,1516,0.1388
32,1501,1533,0.1388
33,1485,1518,0.1388
30,1478,1508,0.1388
31,1477,1508,0.1388
32,1475,1507,0.1388
33,1476,1509,0.1388
33,1486,1519,0.1388
33,1483,1516,0.1388
31,1475,1506,0.1388
31,1472,1503,0.1388
32,1471,1503,0.1388
33,1477,1510,0.1388
33,1481,1514,0.1388
33,1489,1522,0.1388
33,1483,1516,0.1388
32,1492,1524,0.1388
33,1490,1523,0.1388
34,1493,1527,0.1388
33,1489,1522,0.1388
33,1485,1518,0.1388
32,1489,1521,0.1388
32,1484,1516,0.1388
32,1486,1518,0.1388
30,1482,1512,0.1388
30,1482,1512,0.1388
31,1484,1515,0.1388
33,1487,1520,0.1388
33,1471,1504,0.1388
32,1474,1506,0.1388
30,1467,1497,0.1388
30,1470,1500,0.1388
30,1477,1507,0.1388
28,1489,1517,0.1388
29,1483,1512,0.1388
29,1475,1504,0.1388
28,1486,1514,0.1388
31,1483,1514,0.1388
34,1481,1515,0.1388
34,1489,1523,0.1388
33,1487,1520,0.1388
32,1478,1510,0.1388
31,1477,1508,0.1388
32,1489,1521,0.1388
30,1475,1505,0.1388
30,1481,1511,0.1388
30,1480,1510,0.1388
30,1480,1510,0.1388
30,1476,1506,0.1388
31,1487,1518,0.1388
32,1462,1494,0.1388
34,1473,1507,0.1388
31,1465,1496,0.1388
32,1457,1489,0.1388
33,1466,1499,0.1388
33,1467,1500,0.1388
33,1476,1509,0.1388
34,1482,1516,0.1388
33,1482,1515,0.1388
34,1475,1509,0.1388
34,1490,1524,0.1388
34,1490,1524,0.1388
31,1492,1523,0.1388
33,1486,1519,0.1388
33,1489,1522,0.1388
32,1485,1517,0.1388
32,1487,1519,0.1388
32,1488,1520,0.1388
31,1478,1509,0.1388
30,1492,1522,0.1388
28,1495,1523,0.1388
27,1500,1527,0.1388
30,1507,1537,0.1388
29,1501,1530,0.1388
29,1488,1517,0.1388
29,1488,1517,0.1388
26,1484,1510,0.1388
26,1474,1500,0.1388
24,1483,1507,0.1388
25,1496,1521,0.1388
26,1479,1505,0.1388
26,1489,1515,0.1388
26,1487,1513,0.1388
26,1493,1519,0.1388
24,1485,1509,0.1388
25,1489,1514,0.1388
25,1507,1532,0.1388
26,1500,1526,0.1388
26,1496,1522,0.1388
26,1509,1535,0.1388
27,1499,1526,0.1388
28,1487,1515,0.1388
28,1488,1516,0.1388
27,1489,1516,0.1388
26,1494,1520,0.1388
27,1496,1523,0.1388
26,1488,1514,0.1388
26,1484,1510,0.1388
27,1487,1514,0.1388
26,1490,1516,0.1388
25,1498,1523,0.1388
26,1505,1531,0.1388
26,1503,1529,0.1388
27,1494,1521,0.1388
29,1497,1526,0.1388
29,1492,1521,0.1388
27,1492,1519,0.1388
28,1472,1500,0.1388
28,1477,1505,0.1388
28,1478,1506,0.1388
27,1485,1512,0.1388
27,1487,1514,0.1388
26,1485,1511,0.1388
25,1481,1506,0.1388
29,1482,1511,0.1388
28,1488,1516,0.1388
27,1487,1514,0.1388
29,1487,1516,0.1388
30,1495,1525,0.1388
30,1488,1518,0.1388
29,1486,1515,0.1388
28,1494,1522,0.1388
28,1486,1514,0.1388
29,1479,1508,0.1388
29,1477,1506,0.1388
29,1485,1514,0.1388
29,1485,1514,0.1388
28,1494,1522,0.1388
27,1489,1516,0.1388
28,1481,1509,0.1388
27,1480,1507,0.1388
27,1472,1499,0.1388
26,1483,1509,0.1388
29,1482,1511,0.1388
29,1485,1514,0.1388
29,1488,1517,0.1388
28,1497,1525,0.1388
28,1487,1515,0.1388
28,1486,1514,0.1388
28,1494,1522,0.1388
27,1497,1524,0.1388
27,1497,1524,0.1388
27,1507,1534,0.1388
27,1511,1538,0.1388
28,1494,1522,0.1388
26,1487,1513,0.1388
27,1494,1521,0.1388
27,1494,1521,0.1388
27,1495,1522,0.1388
27,1495,1522,0.1388
27,1494,1521,0.1388
27,1495,1522,0.1388
27,1487,1514,0.1388
25,1489,1514,0.1388
24,1499,1523,0.1388
25,1505,1530,0.1388
27,1500,1527,0.1388
25,1489,1514,0.1388
26,1491,1517,0.1388
26,1486,1512,0.1388
27,1483,1510,0.1388
25,1484,1509,0.1388
24,1492,1516,0.1388
24,1481,1505,0.1388
25,1473,1498,0.1388
23,1487,1510,0.1388
23,1485,1508,0.1388
24,1494,1518,0.1388
24,1498,1522,0.1388
24,1490,1514,0.1388
24,1484,1508,0.1388
23,1487,1510,0.1388
22,1490,1512,0.1388
23,1491,1514,0.1388
23,1489,1512,0.1388
22,1499,1521,0.1388
20,1491,1511,0.1388
21,1493,1514,0.1388
20,1492,1512,0.1388
19,1490,1509,0.1388
21,1499,1520,0.1388
19,1495,1514,0.1388
18,1499,1517,0.1388
17,1497,1514,0.1388
19,1499,1518,0.1388
18,1491,1509,0.1388
18,1493,1511,0.1388
18,1501,1519,0.1388
18,1506,1524,0.1388
19,1509,1528,0.1388
19,1508,1527,0.1388
19,1508,1527,0.1388
19,1508,1527,0.1388
19,1515,1534,0.1388
19,1512,1531,0.1388
19,1491,1510,0.1388
19,1503,1522,0.1388
19,1493,1512,0.1388
19,1493,1512,0.1388
19,1488,1507,0.1388
19,1500,1519,0.1388
19,1495,1514,0.1388
19,1498,1517,0.1388
18,1490,1508,0.1388
18,1486,1504,0.1388
19,1478,1497,0.1388
19,1487,1506,0.1388
19,1477,1496,0.1388
19,1494,1513,0.1388
17,1508,1525,0.1388
18,1511,1529,0.1388
15,1513,1528,0.1388
14,1515,1529,0.1388
15,1512,1527,0.1388
14,1505,1519,0.1388
14,1509,1523,0.1388
14,1514,1528,0.1388
14,1520,1534,0.1388
15,1512,1527,0.1388
15,1508,1523,0.1388
14,1504,1518,0.1388
14,1487,1501,0.1388
14,1479,1493,0.1388
15,1487,1502,0.1388
15,1478,1493,0.1388
16,1489,1505,0.1388
14,1493,1507,0.1388
14,1495,1509,0.1388
14,1500,1514,0.1388
14,1497,1511,0.1388
15,1503,1518,0.1388
15,1491,1506,0.1388
15,1487,1502,0.1388
16,1490,1506,0.1388
17,1500,1517,0.1388
17,1515,1532,0.1388
17,1508,1525,0.1388
16,1509,1525,0.1388
16,1507,1523,0.1388
16,1507,1523,0.1388
16,1516,1532,0.1388
16,1520,1536,0.1388
16,1514,1530,0.1388
16,1513,1529,0.1388
15,1516,1531,0.1388
15,1507,1522,0.1388
14,1506,1520,0.1388
14,1504,1518,0.1388
14,1515,1529,0.1388
15,1513,1528,0.1388
15,1505,1520,0.1388
15,1505,1520,0.1388
12,1480,1492,0.1388
11,1486,1497,0.1388
12,1495,1507,0.1388
11,1488,1499,0.1388
11,1496,1507,0.1388
11,1503,1514,0.1388
9,1501,1510,0.1388
9,1500,1509,0.1388
9,1512,1521,0.1388
9,1525,1534,0.1388
11,1519,1530,0.1388
11,1513,1524,0.1388
12,1515,1527,0.1388
11,1512,1523,0.1388
10,1496,1506,0.1388
11,1488,1499,0.1388
11,1490,1501,0.1388
11,1486,1497,0.1388
11,1497,1508,0.1388
10,1489,1499,0.1388
12,1492,1504,0.1388
12,1498,1510,0.1388
12,1500,1512,0.1388
12,1497,1509,0.1388
12,1507,1519,0.1388
12,1499,1511,0.1388
12,1498,1510,0.1388
12,1505,1517,0.1388
12,1509,1521,0.1388
11,1507,1518,0.1388
13,1511,1524,0.1388
11,1500,1511,0.1388
12,1494,1506,0.1388
11,1505,1516,0.1388
11,1501,1512,0.1388
11,1503,1514,0.1388
10,1509,1519,0.1388
10,1506,1516,0.1388
9,1512,1521,0.1388
9,1507,1516,0.1388
9,1504,1513,0.1388
8,1497,1505,0.1388
9,1506,1515,0.1388
9,1517,1526,0.1388
10,1521,1531,0.1388
10,1517,1527,0.1388
9,1523,1532,0.1388
8,1515,1523,0.1388
9,1511,1520,0.1388
10,1515,1525,0.1388
10,1516,1526,0.1388
9,1508,1517,0.1388
9,1507,1516,0.1388
8,1515,1523,0.1388
7,1504,1511,0.1388
6,1508,1514,0.1388
9,1500,1509,0.1388
8,1506,1514,0.1388
8,1497,1505,0.1388
8,1505,1513,0.1388
8,1505,1513,0.1388
7,1514,1521,0.1388
6,1509,1515,0.1388
6,1518,1524,0.1388
6,1513,1519,0.1388
8,1505,1513,0.1388
8,1506,1514,0.1388
6,1519,1525,0.1388
5,1508,1513,0.1388
5,1510,1515,0.1388
4,1509,1513,0.1388
4,1508,1512,0.1388
5,1505,1510,0.1388
5,1510,1515,0.1388
5,1514,1519,0.1388
5,1520,1525,0.1388
5,1517,1522,0.1388
5,1504,1509,0.1388
4,1512,1516,0.1388
4,1504,1508,0.1388
4,1514,1518,0.1388
4,1512,1516,0.1388
4,1515,1519,0.1388
4,1523,1527,0.1388
4,1525,1529,0.1388
4,1522,1526,0.1388
4,1510,1514,0.1388
4,1507,1511,0.1388
4,1516,1520,0.1388
4,1519,1523,0.1388
4,1516,1520,0.1388
4,1523,1527,0.1388
3,1517,1520,0.1388
3,1520,1523,0.1388
2,1531,1533,0.1388
2,1516,1518,0.1388
0,1513,1513,0.1388
