1375,29,1404,0.1388
1423,29,1452,0.1388
1434,28,1462,0.1388
1448,29,1477,0.1388
1449,30,1479,0.1388
1448,34,1482,0.1388
1444,35,1479,0.1388
1442,35,1477,0.1388
1457,36,1493,0.1388
1455,36,1491,0.1388
1463,35,1498,0.1388
1464,37,1501,0.1388
1470,37,1507,0.1388
1472,37,1509,0.1388
1471,36,1507,0.1388
1464,35,1499,0.1388
1472,34,1506,0.1388
1466,36,1502,0.1388
1465,33,1498,0.1388
1460,35,1495,0.1388
1450,35,1485,0.1388
1454,37,1491,0.1388
1471,38,1509,0.1388
1473,37,1510,0.1388
1461,37,1498,0.1388
1468,35,1503,0.1388
1466,38,1504,0.1388
1473,39,1512,0.1388
1457,39,1496,0.1388
1463,42,1505,0.1388
1449,46,1495,0.1388
1447,44,1491,0.1388
1452,45,1497,0.1388
1453,44,1497,0.1388
1451,43,1494,0.1388
1432,45,1477,0.1388
1441,45,1486,0.1388
1454,45,1499,0.1388
1456,46,1502,0.1388
1465,46,1511,0.1388
1455,46,1501,0.1388
1462,45,1507,0.1388
1460,48,1508,0.1388
1454,48,1502,0.1388
1450,43,1493,0.1388
1448,43,1491,0.1388
1437,42,1479,0.1388
1434,43,1477,0.1388
1445,44,1489,0.1388
1437,44,1481,0.1388
1450,45,1495,0.1388
1434,44,1478,0.1388
1434,44,1478,0.1388
1429,43,1472,0.1388
1440,46,1486,0.1388
1447,47,1494,0.1388
1445,47,1492,0.1388
1446,44,1490,0.1388
1457,45,1502,0.1388
1460,46,1506,0.1388
1446,46,1492,0.1388
1453,45,1498,0.1388
1461,46,1507,0.1388
1473,44,1517,0.1388
1452,47,1499,0.1388
1446,50,1496,0.1388
1445,52,1497,0.1388
1447,52,1499,0.1388
1448,51,1499,0.1388
1448,51,1499,0.1388
1446,51,1497,0.1388
1440,52,1492,0.1388
1447,52,1499,0.1388
1447,49,1496,0.1388
1446,49,1495,0.1388
1448,48,1496,0.1388
1448,49,1497,0.1388
1438,49,1487,0.1388
1457,48,1505,0.1388
1458,51,1509,0.1388
1460,52,1512,0.1388
1440,52,1492,0.1388
1452,52,1504,0.1388
1461,51,1512,0.1388
1454,51,1505,0.1388
1450,50,1500,0.1388
1441,51,1492,0.1388
1449,53,1502,0.1388
1448,56,1504,0.1388
1449,54,1503,0.1388
1443,57,1500,0.1388
1445,56,1501,0.1388
1424,56,1480,0.1388
1431,57,1488,0.1388
1447,57,1504,0.1388
1440,58,1498,0.1388
1435,57,1492,0.1388
1425,59,1484,0.1388
1431,60,1491,0.1388
1428,58,1486,0.1388
1424,59,1483,0.1388
1424,60,1484,0.1388
1426,64,1490,0.1388
1423,62,1485,0.1388
1424,62,1486,0.1388
1421,63,1484,0.1388
1429,63,1492,0.1388
1429,64,1493,0.1388
1443,63,1506,0.1388
1433,62,1495,0.1388
1443,62,1505,0.1388
1435,62,1497,0.1388
1449,61,1510,0.1388
1442,63,1505,0.1388
1446,66,1512,0.1388
1432,66,1498,0.1388
1439,64,1503,0.1388
1437,67,1504,0.1388
1435,69,1504,0.1388
1430,68,1498,0.1388
1426,67,1493,0.1388
1437,68,1505,0.1388
1428,69,1497,0.1388
1432,68,1500,0.1388
1434,68,1502,0.1388
1433,72,1505,0.1388
1421,70,1491,0.1388
1421,70,1491,0.1388
1418,73,1491,0.1388
1419,73,1492,0.1388
1427,75,1502,0.1388
1423,74,1497,0.1388
1417,78,1495,0.1388
1412,79,1491,0.1388
1410,80,1490,0.1388
1415,80,1495,0.1388
1405,79,1484,0.1388
1389,77,1466,0.1388
1398,75,1473,0.1388
1400,75,1475,0.1388
1411,76,1487,0.1388
1407,78,1485,0.1388
1428,82,1510,0.1388
1431,81,1512,0.1388
1428,81,1509,0.1388
1424,79,1503,0.1388
1419,76,1495,0.1388
1413,77,1490,0.1388
1407,76,1483,0.1388
1400,73,1473,0.1388
1402,72,1474,0.1388
1408,78,1486,0.1388
1417,78,1495,0.1388
1396,79,1475,0.1388
1400,81,1481,0.1388
1411,79,1490,0.1388
1407,82,1489,0.1388
1398,83,1481,0.1388
1399,83,1482,0.1388
1397,81,1478,0.1388
1414,80,1494,0.1388
1407,86,1493,0.1388
1397,86,1483,0.1388
1399,86,1485,0.1388
1415,87,1502,0.1388
1408,86,1494,0.1388
1402,85,1487,0.1388
1410,85,1495,0.1388
1402,89,1491,0.1388
1391,85,1476,0.1388
1389,86,1475,0.1388
1390,85,1475,0.1388
1392,87,1479,0.1388
1385,88,1473,0.1388
1389,89,1478,0.1388
1403,90,1493,0.1388
1417,92,1509,0.1388
1415,90,1505,0.1388
1408,91,1499,0.1388
1399,88,1487,0.1388
1394,89,1483,0.1388
1387,90,1477,0.1388
1386,92,1478,0.1388
1397,90,1487,0.1388
1409,91,1500,0.1388
1412,88,1500,0.1388
1412,93,1505,0.1388
1413,94,1507,0.1388
1402,89,1491,0.1388
1404,85,1489,0.1388
1405,87,1492,0.1388
1397,88,1485,0.1388
1395,95,1490,0.1388
1391,94,1485,0.1388
1400,93,1493,0.1388
1402,97,1499,0.1388
1394,97,1491,0.1388
1396,98,1494,0.1388
1404,97,1501,0.1388
1396,95,1491,0.1388
1397,101,1498,0.1388
1399,99,1498,0.1388
1407,95,1502,0.1388
1411,98,1509,0.1388
1404,98,1502,0.1388
1395,96,1491,0.1388
1396,95,1491,0.1388
1406,97,1503,0.1388
1404,96,1500,0.1388
1400,93,1493,0.1388
1394,96,1490,0.1388
1387,93,1480,0.1388
1399,92,1491,0.1388
1408,91,1499,0.1388
1399,88,1487,0.1388
1415,90,1505,0.1388
1425,91,1516,0.1388
1404,90,1494,0.1388
1410,89,1499,0.1388
1409,94,1503,0.1388
1404,94,1498,0.1388
1405,94,1499,0.1388
1403,95,1498,0.1388
1411,99,1510,0.1388
1395,100,1495,0.1388
1388,101,1489,0.1388
1395,103,1498,0.1388
1385,101,1486,0.1388
1387,102,1489,0.1388
1387,100,1487,0.1388
1392,101,1493,0.1388
1391,104,1495,0.1388
1390,108,1498,0.1388
1391,112,1503,0.1388
1384,113,1497,0.1388
1380,115,1495,0.1388
1371,117,1488,0.1388
1383,114,1497,0.1388
1378,113,1491,0.1388
1380,112,1492,0.1388
1387,113,1500,0.1388
1370,114,1484,0.1388
1373,109,1482,0.1388
1384,107,1491,0.1388
1382,111,1493,0.1388
1383,114,1497,0.1388
1386,111,1497,0.1388
1384,111,1495,0.1388
1387,110,1497,0.1388
1372,113,1485,0.1388
1377,108,1485,0.1388
1393,111,1504,0.1388
1387,111,1498,0.1388
1374,116,1490,0.1388
1378,113,1491,0.1388
1386,120,1506,0.1388
1377,122,1499,0.1388
1372,126,1498,0.1388
1364,127,1491,0.1388
1371,131,1502,0.1388
1372,128,1500,0.1388
1371,133,1504,0.1388
1366,134,1500,0.1388
1354,135,1489,0.1388
1349,138,1487,0.1388
1343,142,1485,0.1388
1344,143,1487,0.1388
1332,141,1473,0.1388
1343,142,1485,0.1388
1341,142,1483,0.1388
1346,148,1494,0.1388
1357,145,1502,0.1388
1364,145,1509,0.1388
1346,148,1494,0.1388
1340,147,1487,0.1388
1337,151,1488,0.1388
1348,148,1496,0.1388
1332,153,1485,0.1388
1340,155,1495,0.1388
1343,156,1499,0.1388
1343,154,1497,0.1388
1348,155,1503,0.1388
1341,156,1497,0.1388
1341,155,1496,0.1388
1334,156,1490,0.1388
1318,159,1477,0.1388
1321,161,1482,0.1388
1315,162,1477,0.1388
1317,160,1477,0.1388
1310,164,1474,0.1388
1314,165,1479,0.1388
1323,170,1493,0.1388
1312,169,1481,0.1388
1303,169,1472,0.1388
1316,169,1485,0.1388
1312,168,1480,0.1388
1318,169,1487,0.1388
1320,171,1491,0.1388
1322,166,1488,0.1388
1321,166,1487,0.1388
1315,162,1477,0.1388
1331,164,1495,0.1388
1335,159,1494,0.1388
1336,163,1499,0.1388
1331,163,1494,0.1388
1329,161,1490,0.1388
1331,161,1492,0.1388
1327,162,1489,0.1388
1325,162,1487,0.1388
1338,167,1505,0.1388
1327,163,1490,0.1388
1333,166,1499,0.1388
1326,167,1493,0.1388
1319,176,1495,0.1388
1329,175,1504,0.1388
1333,176,1509,0.1388
1348,173,1521,0.1388
1339,168,1507,0.1388
1334,173,1507,0.1388
1329,173,1502,0.1388
1330,172,1502,0.1388
1325,174,1499,0.1388
1333,171,1504,0.1388
1316,174,1490,0.1388
1331,171,1502,0.1388
1324,172,1496,0.1388
1326,169,1495,0.1388
1329,170,1499,0.1388
1331,176,1507,0.1388
1328,174,1502,0.1388
1328,175,1503,0.1388
1324,173,1497,0.1388
1313,174,1487,0.1388
1317,171,1488,0.1388
1330,176,1506,0.1388
1334,173,1507,0.1388
1340,175,1515,0.1388
1338,176,1514,0.1388
1337,174,1511,0.1388
1339,180,1519,0.1388
1334,179,1513,0.1388
1336,179,1515,0.1388
1344,178,1522,0.1388
1339,175,1514,0.1388
1322,178,1500,0.1388
1331,180,1511,0.1388
1328,178,1506,0.1388
1318,177,1495,0.1388
1324,178,1502,0.1388
1319,182,1501,0.1388
1309,182,1491,0.1388
1301,183,1484,0.1388
1310,182,1492,0.1388
1293,186,1479,0.1388
1287,188,1475,0.1388
1294,186,1480,0.1388
1290,186,1476,0.1388
1281,193,1474,0.1388
1281,191,1472,0.1388
1281,193,1474,0.1388
1285,189,1474,0.1388
1292,186,1478,0.1388
1297,186,1483,0.1388
1305,190,1495,0.1388
1312,194,1506,0.1388
1310,197,1507,0.1388
1313,195,1508,0.1388
1313,200,1513,0.1388
1306,199,1505,0.1388
1303,204,1507,0.1388
1304,204,1508,0.1388
1302,201,1503,0.1388
1305,200,1505,0.1388
1310,200,1510,0.1388
1299,198,1497,0.1388
1303,201,1504,0.1388
1290,206,1496,0.1388
1285,204,1489,0.1388
1281,203,1484,0.1388
1274,206,1480,0.1388
1279,205,1484,0.1388
1269,204,1473,0.1388
1280,207,1487,0.1388
1287,208,1495,0.1388
1287,208,1495,0.1388
1298,208,1506,0.1388
1282,209,1491,0.1388
1277,208,1485,0.1388
1288,209,1497,0.1388
1293,212,1505,0.1388
1289,214,1503,0.1388
1284,212,1496,0.1388
1292,213,1505,0.1388
1296,214,1510,0.1388
1292,212,1504,0.1388
1283,211,1494,0.1388
1280,214,1494,0.1388
1280,211,1491,0.1388
1287,207,1494,0.1388
1294,209,1503,0.1388
1281,211,1492,0.1388
1285,213,1498,0.1388
1275,213,1488,0.1388
1272,215,1487,0.1388
1265,215,1480,0.1388
1255,220,1475,0.1388
1273,221,1494,0.1388
1277,218,1495,0.1388
1274,219,1493,0.1388
1259,224,1483,0.1388
1248,232,1480,0.1388
1252,236,1488,0.1388
1259,230,1489,0.1388
1267,235,1502,0.1388
1258,237,1495,0.1388
1257,236,1493,0.1388
1257,242,1499,0.1388
1259,238,1497,0.1388
1261,240,1501,0.1388
1266,246,1512,0.1388
1257,248,1505,0.1388
1253,242,1495,0.1388
1254,238,1492,0.1388
1249,245,1494,0.1388
1258,246,1504,0.1388
1247,251,1498,0.1388
1255,251,1506,0.1388
1241,254,1495,0.1388
1245,247,1492,0.1388
1244,248,1492,0.1388
1242,249,1491,0.1388
1251,248,1499,0.1388
1256,252,1508,0.1388
1262,244,1506,0.1388
1250,242,1492,0.1388
1254,238,1492,0.1388
1258,242,1500,0.1388
1256,244,1500,0.1388
1256,243,1499,0.1388
1242,241,1483,0.1388
1251,238,1489,0.1388
1254,242,1496,0.1388
1245,240,1485,0.1388
1237,243,1480,0.1388
1236,244,1480,0.1388
1255,245,1500,0.1388
1260,248,1508,0.1388
1251,245,1496,0.1388
1265,244,1509,0.1388
1260,240,1500,0.1388
1256,237,1493,0.1388
1259,240,1499,0.1388
1272,240,1512,0.1388
1262,249,1511,0.1388
1255,251,1506,0.1388
1249,247,1496,0.1388
1232,249,1481,0.1388
1246,246,1492,0.1388
1228,253,1481,0.1388
1228,256,1484,0.1388
1228,261,1489,0.1388
1228,257,1485,0.1388
1233,264,1497,0.1388
1231,271,1502,0.1388
1233,271,1504,0.1388
1220,268,1488,0.1388
1215,276,1491,0.1388
1230,275,1505,0.1388
1228,273,1501,0.1388
1226,270,1496,0.1388
1226,276,1502,0.1388
1222,277,1499,0.1388
1215,274,1489,0.1388
1210,279,1489,0.1388
1210,275,1485,0.1388
1212,277,1489,0.1388
1200,272,1472,0.1388
1193,282,1475,0.1388
1192,290,1482,0.1388
1202,290,1492,0.1388
1200,303,1503,0.1388
1200,302,1502,0.1388
1199,300,1499,0.1388
1196,309,1505,0.1388
1195,309,1504,0.1388
1197,310,1507,0.1388
1195,309,1504,0.1388
1204,309,1513,0.1388
1202,306,1508,0.1388
1198,302,1500,0.1388
1182,306,1488,0.1388
1183,306,1489,0.1388
1188,307,1495,0.1388
1181,306,1487,0.1388
1189,304,1493,0.1388
1197,296,1493,0.1388
1206,295,1501,0.1388
1196,292,1488,0.1388
1193,298,1491,0.1388
1187,298,1485,0.1388
1191,295,1486,0.1388
1191,294,1485,0.1388
1185,300,1485,0.1388
1171,301,1472,0.1388
1182,304,1486,0.1388
1185,306,1491,0.1388
1190,316,1506,0.1388
1187,312,1499,0.1388
1186,308,1494,0.1388
1181,317,1498,0.1388
1178,317,1495,0.1388
1184,317,1501,0.1388
1183,318,1501,0.1388
1191,316,1507,0.1388
1193,313,1506,0.1388
1185,326,1511,0.1388
1183,327,1510,0.1388
1174,330,1504,0.1388
1170,333,1503,0.1388
1175,334,1509,0.1388
1164,330,1494,0.1388
1166,325,1491,0.1388
1166,321,1487,0.1388
1175,328,1503,0.1388
1176,327,1503,0.1388
1162,327,1489,0.1388
1164,325,1489,0.1388
1175,328,1503,0.1388
1170,336,1506,0.1388
1172,340,1512,0.1388
1166,341,1507,0.1388
1157,335,1492,0.1388
1163,334,1497,0.1388
1169,326,1495,0.1388
1167,329,1496,0.1388
1166,321,1487,0.1388
1166,328,1494,0.1388
1158,334,1492,0.1388
1165,336,1501,0.1388
1174,338,1512,0.1388
1167,339,1506,0.1388
1173,341,1514,0.1388
1173,341,1514,0.1388
1152,331,1483,0.1388
1155,331,1486,0.1388
1160,335,1495,0.1388
1152,343,1495,0.1388
1162,347,1509,0.1388
1166,346,1512,0.1388
1168,350,1518,0.1388
1164,347,1511,0.1388
1161,345,1506,0.1388
1160,348,1508,0.1388
1145,346,1491,0.1388
1145,346,1491,0.1388
1139,349,1488,0.1388
1135,345,1480,0.1388
1150,345,1495,0.1388
1143,345,1488,0.1388
1145,347,1492,0.1388
1146,345,1491,0.1388
1144,349,1493,0.1388
1151,350,1501,0.1388
1161,349,1510,0.1388
1155,354,1509,0.1388
1135,349,1484,0.1388
1132,355,1487,0.1388
1135,353,1488,0.1388
1136,356,1492,0.1388
1137,350,1487,0.1388
1134,344,1478,0.1388
1135,350,1485,0.1388
1136,349,1485,0.1388
1136,353,1489,0.1388
1128,358,1486,0.1388
1134,360,1494,0.1388
1136,361,1497,0.1388
1124,364,1488,0.1388
1120,362,1482,0.1388
1130,367,1497,0.1388
1122,362,1484,0.1388
1125,355,1480,0.1388
1133,360,1493,0.1388
1135,360,1495,0.1388
1129,359,1488,0.1388
1126,365,1491,0.1388
1130,370,1500,0.1388
1129,372,1501,0.1388
1127,378,1505,0.1388
1121,382,1503,0.1388
1122,377,1499,0.1388
1126,370,1496,0.1388
1124,377,1501,0.1388
1113,373,1486,0.1388
1113,364,1477,0.1388
1117,373,1490,0.1388
1111,381,1492,0.1388
1098,387,1485,0.1388
1101,392,1493,0.1388
1098,398,1496,0.1388
1097,396,1493,0.1388
1100,404,1504,0.1388
1091,404,1495,0.1388
1096,402,1498,0.1388
1099,405,1504,0.1388
1101,407,1508,0.1388
1106,408,1514,0.1388
1103,413,1516,0.1388
1104,411,1515,0.1388
1101,402,1503,0.1388
1103,408,1511,0.1388
1099,410,1509,0.1388
1093,413,1506,0.1388
1078,412,1490,0.1388
1078,412,1490,0.1388
1097,412,1509,0.1388
1090,416,1506,0.1388
1096,415,1511,0.1388
1084,406,1490,0.1388
1097,402,1499,0.1388
1094,404,1498,0.1388
1087,399,1486,0.1388
1087,395,1482,0.1388
1086,396,1482,0.1388
1098,399,1497,0.1388
1102,400,1502,0.1388
1098,398,1496,0.1388
1094,397,1491,0.1388
1101,401,1502,0.1388
1100,397,1497,0.1388
1088,399,1487,0.1388
1076,404,1480,0.1388
1090,402,1492,0.1388
1077,410,1487,0.1388
1078,407,1485,0.1388
1079,411,1490,0.1388
1089,410,1499,0.1388
1092,407,1499,0.1388
1087,415,1502,0.1388
1085,416,1501,0.1388
1083,417,1500,0.1388
1081,416,1497,0.1388
1086,420,1506,0.1388
1091,413,1504,0.1388
1089,412,1501,0.1388
1082,410,1492,0.1388
1091,411,1502,0.1388
1086,413,1499,0.1388
1087,419,1506,0.1388
1079,430,1509,0.1388
1084,429,1513,0.1388
1084,426,1510,0.1388
1078,427,1505,0.1388
1078,429,1507,0.1388
1070,422,1492,0.1388
1069,428,1497,0.1388
1067,426,1493,0.1388
1060,429,1489,0.1388
1049,432,1481,0.1388
1059,432,1491,0.1388
1058,435,1493,0.1388
1062,428,1490,0.1388
1058,430,1488,0.1388
1067,430,1497,0.1388
1070,428,1498,0.1388
1070,421,1491,0.1388
1056,422,1478,0.1388
1063,430,1493,0.1388
1065,434,1499,0.1388
1071,436,1507,0.1388
1072,438,1510,0.1388
1057,445,1502,0.1388
1067,448,1515,0.1388
1065,450,1515,0.1388
1057,449,1506,0.1388
1051,453,1504,0.1388
1040,456,1496,0.1388
1036,453,1489,0.1388
1046,448,1494,0.1388
1048,450,1498,0.1388
1055,451,1506,0.1388
1044,456,1500,0.1388
1039,453,1492,0.1388
1036,460,1496,0.1388
1035,454,1489,0.1388
1029,461,1490,0.1388
1038,469,1507,0.1388
1031,462,1493,0.1388
1043,467,1510,0.1388
1044,459,1503,0.1388
1040,451,1491,0.1388
1044,446,1490,0.1388
1044,460,1504,0.1388
1036,458,1494,0.1388
1038,469,1507,0.1388
1038,465,1503,0.1388
1033,462,1495,0.1388
1029,457,1486,0.1388
1023,460,1483,0.1388
1028,467,1495,0.1388
1028,459,1487,0.1388
1028,464,1492,0.1388
1030,461,1491,0.1388
1025,476,1501,0.1388
1032,474,1506,0.1388
1035,475,1510,0.1388
1032,474,1506,0.1388
1029,473,1502,0.1388
1029,476,1505,0.1388
1028,473,1501,0.1388
1031,472,1503,0.1388
1023,473,1496,0.1388
1025,468,1493,0.1388
1013,467,1480,0.1388
1023,459,1482,0.1388
1011,468,1479,0.1388
1025,479,1504,0.1388
1020,473,1493,0.1388
1016,472,1488,0.1388
1017,478,1495,0.1388
1017,471,1488,0.1388
1030,471,1501,0.1388
1031,473,1504,0.1388
1028,487,1515,0.1388
1024,487,1511,0.1388
1018,485,1503,0.1388
1023,482,1505,0.1388
1027,488,1515,0.1388
1023,488,1511,0.1388
1028,489,1517,0.1388
1031,481,1512,0.1388
1030,480,1510,0.1388
1034,484,1518,0.1388
1032,478,1510,0.1388
1031,479,1510,0.1388
1018,483,1501,0.1388
1016,484,1500,0.1388
1003,484,1487,0.1388
1016,482,1498,0.1388
1011,496,1507,0.1388
1002,493,1495,0.1388
1003,495,1498,0.1388
1008,495,1503,0.1388
1008,496,1504,0.1388
1018,497,1515,0.1388
1010,497,1507,0.1388
1010,502,1512,0.1388
1008,500,1508,0.1388
1002,501,1503,0.1388
1005,502,1507,0.1388
1007,504,1511,0.1388
1008,505,1513,0.1388
998,504,1502,0.1388
1002,503,1505,0.1388
1010,502,1512,0.1388
1000,497,1497,0.1388
1008,494,1502,0.1388
1000,497,1497,0.1388
993,496,1489,0.1388
987,494,1481,0.1388
997,497,1494,0.1388
992,500,1492,0.1388
991,501,1492,0.1388
993,503,1496,0.1388
993,500,1493,0.1388
1002,502,1504,0.1388
1001,507,1508,0.1388
999,509,1508,0.1388
990,505,1495,0.1388
997,508,1505,0.1388
990,507,1497,0.1388
992,503,1495,0.1388
991,513,1504,0.1388
985,507,1492,0.1388
981,508,1489,0.1388
985,504,1489,0.1388
986,502,1488,0.1388
992,507,1499,0.1388
991,512,1503,0.1388
998,517,1515,0.1388
996,515,1511,0.1388
987,509,1496,0.1388
989,517,1506,0.1388
984,518,1502,0.1388
974,520,1494,0.1388
975,519,1494,0.1388
973,521,1494,0.1388
968,532,1500,0.1388
962,532,1494,0.1388
979,527,1506,0.1388
986,523,1509,0.1388
984,527,1511,0.1388
969,522,1491,0.1388
975,518,1493,0.1388
979,525,1504,0.1388
975,515,1490,0.1388
982,515,1497,0.1388
994,518,1512,0.1388
985,512,1497,0.1388
980,505,1485,0.1388
994,506,1500,0.1388
982,508,1490,0.1388
992,504,1496,0.1388
995,501,1496,0.1388
986,506,1492,0.1388
977,512,1489,0.1388
983,508,1491,0.1388
980,516,1496,0.1388
977,512,1489,0.1388
983,523,1506,0.1388
973,520,1493,0.1388
986,522,1508,0.1388
976,520,1496,0.1388
976,522,1498,0.1388
977,521,1498,0.1388
985,534,1519,0.1388
970,535,1505,0.1388
976,534,1510,0.1388
972,530,1502,0.1388
975,530,1505,0.1388
972,514,1486,0.1388
982,525,1507,0.1388
986,526,1512,0.1388
977,525,1502,0.1388
973,520,1493,0.1388
975,521,1496,0.1388
969,515,1484,0.1388
981,520,1501,0.1388
979,530,1509,0.1388
981,525,1506,0.1388
973,532,1505,0.1388
966,532,1498,0.1388
957,542,1499,0.1388
965,534,1499,0.1388
970,540,1510,0.1388
971,543,1514,0.1388
975,538,1513,0.1388
967,540,1507,0.1388
963,540,1503,0.1388
948,536,1484,0.1388
956,528,1484,0.1388
950,526,1476,0.1388
957,526,1483,0.1388
954,526,1480,0.1388
954,529,1483,0.1388
946,530,1476,0.1388
953,533,1486,0.1388
952,542,1494,0.1388
963,545,1508,0.1388
961,547,1508,0.1388
951,546,1497,0.1388
962,547,1509,0.1388
953,555,1508,0.1388
954,552,1506,0.1388
950,555,1505,0.1388
945,556,1501,0.1388
935,559,1494,0.1388
943,560,1503,0.1388
942,563,1505,0.1388
938,569,1507,0.1388
945,556,1501,0.1388
949,556,1505,0.1388
934,556,1490,0.1388
924,556,1480,0.1388
927,561,1488,0.1388
925,558,1483,0.1388
937,564,1501,0.1388
936,571,1507,0.1388
940,569,1509,0.1388
936,570,1506,0.1388
932,576,1508,0.1388
932,576,1508,0.1388
933,579,1512,0.1388
929,586,1515,0.1388
927,585,1512,0.1388
930,583,1513,0.1388
924,581,1505,0.1388
929,583,1512,0.1388
919,588,1507,0.1388
927,590,1517,0.1388
920,584,1504,0.1388
922,582,1504,0.1388
917,576,1493,0.1388
915,578,1493,0.1388
917,581,1498,0.1388
917,589,1506,0.1388
923,578,1501,0.1388
921,582,1503,0.1388
926,582,1508,0.1388
926,575,1501,0.1388
929,578,1507,0.1388
910,570,1480,0.1388
920,587,1507,0.1388
919,577,1496,0.1388
919,576,1495,0.1388
919,581,1500,0.1388
921,574,1495,0.1388
907,572,1479,0.1388
913,584,1497,0.1388
909,582,1491,0.1388
918,591,1509,0.1388
904,592,1496,0.1388
916,592,1508,0.1388
909,587,1496,0.1388
913,598,1511,0.1388
912,591,1503,0.1388
903,595,1498,0.1388
893,598,1491,0.1388
894,602,1496,0.1388
890,601,1491,0.1388
876,603,1479,0.1388
883,610,1493,0.1388
876,611,1487,0.1388
885,616,1501,0.1388
888,615,1503,0.1388
881,614,1495,0.1388
885,617,1502,0.1388
887,620,1507,0.1388
884,621,1505,0.1388
888,629,1517,0.1388
876,630,1506,0.1388
878,630,1508,0.1388
878,631,1509,0.1388
879,628,1507,0.1388
865,639,1504,0.1388
870,646,1516,0.1388
863,635,1498,0.1388
865,631,1496,0.1388
862,631,1493,0.1388
869,639,1508,0.1388
868,636,1504,0.1388
863,632,1495,0.1388
868,635,1503,0.1388
865,628,1493,0.1388
859,627,1486,0.1388
866,637,1503,0.1388
867,640,1507,0.1388
857,649,1506,0.1388
856,655,1511,0.1388
861,656,1517,0.1388
857,658,1515,0.1388
867,655,1522,0.1388
849,658,1507,0.1388
844,661,1505,0.1388
841,661,1502,0.1388
839,665,1504,0.1388
841,670,1511,0.1388
839,669,1508,0.1388
836,662,1498,0.1388
834,673,1507,0.1388
836,667,1503,0.1388
843,668,1511,0.1388
844,672,1516,0.1388
838,665,1503,0.1388
838,669,1507,0.1388
835,669,1504,0.1388
840,670,1510,0.1388
840,676,1516,0.1388
838,664,1502,0.1388
839,663,1502,0.1388
830,665,1495,0.1388
834,675,1509,0.1388
834,685,1519,0.1388
819,682,1501,0.1388
816,684,1500,0.1388
821,687,1508,0.1388
815,686,1501,0.1388
816,683,1499,0.1388
820,695,1515,0.1388
820,686,1506,0.1388
811,684,1495,0.1388
812,690,1502,0.1388
815,687,1502,0.1388
812,682,1494,0.1388
808,686,1494,0.1388
803,697,1500,0.1388
805,703,1508,0.1388
801,706,1507,0.1388
807,711,1518,0.1388
810,710,1520,0.1388
799,702,1501,0.1388
799,699,1498,0.1388
797,699,1496,0.1388
794,707,1501,0.1388
790,699,1489,0.1388
796,700,1496,0.1388
807,713,1520,0.1388
795,709,1504,0.1388
801,701,1502,0.1388
798,700,1498,0.1388
789,705,1494,0.1388
790,711,1501,0.1388
798,704,1502,0.1388
787,703,1490,0.1388
793,703,1496,0.1388
782,718,1500,0.1388
779,722,1501,0.1388
776,731,1507,0.1388
770,737,1507,0.1388
776,738,1514,0.1388
771,736,1507,0.1388
768,728,1496,0.1388
776,740,1516,0.1388
767,737,1504,0.1388
770,732,1502,0.1388
761,727,1488,0.1388
764,731,1495,0.1388
761,725,1486,0.1388
771,732,1503,0.1388
772,727,1499,0.1388
770,743,1513,0.1388
766,750,1516,0.1388
761,757,1518,0.1388
766,757,1523,0.1388
760,740,1500,0.1388
757,742,1499,0.1388
756,746,1502,0.1388
758,738,1496,0.1388
762,746,1508,0.1388
763,749,1512,0.1388
763,747,1510,0.1388
766,750,1516,0.1388
753,752,1505,0.1388
748,757,1505,0.1388
749,747,1496,0.1388
765,738,1503,0.1388
755,746,1501,0.1388
751,753,1504,0.1388
743,747,1490,0.1388
744,753,1497,0.1388
744,760,1504,0.1388
743,765,1508,0.1388
745,765,1510,0.1388
743,767,1510,0.1388
745,761,1506,0.1388
740,763,1503,0.1388
744,758,1502,0.1388
744,767,1511,0.1388
743,764,1507,0.1388
746,755,1501,0.1388
738,759,1497,0.1388
743,748,1491,0.1388
744,758,1502,0.1388
733,758,1491,0.1388
740,763,1503,0.1388
745,762,1507,0.1388
747,764,1511,0.1388
752,766,1518,0.1388
749,765,1514,0.1388
750,766,1516,0.1388
749,758,1507,0.1388
738,752,1490,0.1388
744,757,1501,0.1388
744,774,1518,0.1388
734,769,1503,0.1388
735,764,1499,0.1388
734,766,1500,0.1388
736,767,1503,0.1388
738,763,1501,0.1388
739,766,1505,0.1388
741,769,1510,0.1388
737,770,1507,0.1388
734,776,1510,0.1388
726,790,1516,0.1388
724,791,1515,0.1388
720,790,1510,0.1388
715,791,1506,0.1388
709,784,1493,0.1388
706,785,1491,0.1388
699,798,1497,0.1388
688,802,1490,0.1388
684,800,1484,0.1388
692,803,1495,0.1388
697,795,1492,0.1388
701,801,1502,0.1388
706,802,1508,0.1388
712,803,1515,0.1388
702,797,1499,0.1388
701,798,1499,0.1388
710,793,1503,0.1388
707,800,1507,0.1388
704,811,1515,0.1388
703,810,1513,0.1388
703,809,1512,0.1388
705,809,1514,0.1388
713,809,1522,0.1388
708,808,1516,0.1388
710,809,1519,0.1388
713,796,1509,0.1388
712,810,1522,0.1388
705,802,1507,0.1388
702,811,1513,0.1388
699,810,1509,0.1388
706,814,1520,0.1388
703,810,1513,0.1388
701,811,1512,0.1388
698,813,1511,0.1388
703,820,1523,0.1388
700,812,1512,0.1388
703,810,1513,0.1388
710,810,1520,0.1388
714,808,1522,0.1388
702,808,1510,0.1388
701,803,1504,0.1388
703,805,1508,0.1388
694,811,1505,0.1388
698,809,1507,0.1388
700,806,1506,0.1388
695,801,1496,0.1388
698,806,1504,0.1388
695,811,1506,0.1388
690,820,1510,0.1388
686,813,1499,0.1388
696,818,1514,0.1388
697,816,1513,0.1388
698,815,1513,0.1388
705,807,1512,0.1388
704,811,1515,0.1388
691,817,1508,0.1388
690,820,1510,0.1388
690,819,1509,0.1388
698,822,1520,0.1388
696,821,1517,0.1388
699,828,1527,0.1388
687,817,1504,0.1388
682,821,1503,0.1388
680,831,1511,0.1388
682,832,1514,0.1388
681,828,1509,0.1388
672,832,1504,0.1388
673,839,1512,0.1388
665,845,1510,0.1388
661,847,1508,0.1388
669,840,1509,0.1388
675,836,1511,0.1388
673,843,1516,0.1388
672,846,1518,0.1388
673,848,1521,0.1388
665,851,1516,0.1388
668,845,1513,0.1388
665,852,1517,0.1388
660,844,1504,0.1388
668,842,1510,0.1388
659,843,1502,0.1388
663,843,1506,0.1388
672,842,1514,0.1388
669,832,1501,0.1388
671,841,1512,0.1388
671,837,1508,0.1388
681,840,1521,0.1388
682,845,1527,0.1388
680,842,1522,0.1388
680,831,1511,0.1388
690,834,1524,0.1388
686,839,1525,0.1388
679,840,1519,0.1388
675,843,1518,0.1388
674,842,1516,0.1388
669,844,1513,0.1388
675,847,1522,0.1388
663,847,1510,0.1388
659,849,1508,0.1388
659,849,1508,0.1388
657,847,1504,0.1388
653,862,1515,0.1388
658,856,1514,0.1388
657,854,1511,0.1388
663,849,1512,0.1388
665,851,1516,0.1388
664,851,1515,0.1388
669,842,1511,0.1388
659,838,1497,0.1388
653,844,1497,0.1388
653,854,1507,0.1388
662,851,1513,0.1388
651,851,1502,0.1388
657,847,1504,0.1388
663,840,1503,0.1388
660,836,1496,0.1388
659,850,1509,0.1388
644,861,1505,0.1388
639,862,1501,0.1388
635,861,1496,0.1388
631,864,1495,0.1388
618,876,1494,0.1388
620,872,1492,0.1388
620,887,1507,0.1388
625,890,1515,0.1388
622,893,1515,0.1388
615,893,1508,0.1388
607,903,1510,0.1388
608,913,1521,0.1388
617,918,1535,0.1388
606,907,1513,0.1388
612,913,1525,0.1388
606,908,1514,0.1388
611,899,1510,0.1388
604,902,1506,0.1388
594,901,1495,0.1388
589,912,1501,0.1388
594,911,1505,0.1388
591,922,1513,0.1388
584,913,1497,0.1388
577,916,1493,0.1388
576,924,1500,0.1388
582,917,1499,0.1388
588,926,1514,0.1388
582,918,1500,0.1388
575,927,1502,0.1388
579,930,1509,0.1388
564,936,1500,0.1388
571,933,1504,0.1388
572,934,1506,0.1388
576,934,1510,0.1388
573,939,1512,0.1388
566,938,1504,0.1388
563,940,1503,0.1388
564,942,1506,0.1388
568,935,1503,0.1388
574,941,1515,0.1388
575,945,1520,0.1388
570,943,1513,0.1388
570,939,1509,0.1388
577,944,1521,0.1388
575,951,1526,0.1388
567,948,1515,0.1388
558,946,1504,0.1388
550,949,1499,0.1388
558,942,1500,0.1388
561,952,1513,0.1388
559,949,1508,0.1388
554,930,1484,0.1388
555,927,1482,0.1388
553,941,1494,0.1388
556,948,1504,0.1388
555,955,1510,0.1388
558,954,1512,0.1388
561,957,1518,0.1388
553,959,1512,0.1388
540,957,1497,0.1388
549,952,1501,0.1388
546,963,1509,0.1388
547,968,1515,0.1388
544,974,1518,0.1388
543,977,1520,0.1388
543,980,1523,0.1388
539,978,1517,0.1388
544,980,1524,0.1388
539,980,1519,0.1388
531,973,1504,0.1388
536,975,1511,0.1388
530,975,1505,0.1388
529,970,1499,0.1388
536,972,1508,0.1388
543,963,1506,0.1388
546,971,1517,0.1388
547,971,1518,0.1388
550,973,1523,0.1388
543,977,1520,0.1388
540,982,1522,0.1388
532,989,1521,0.1388
523,990,1513,0.1388
522,990,1512,0.1388
518,991,1509,0.1388
524,997,1521,0.1388
522,988,1510,0.1388
522,993,1515,0.1388
518,993,1511,0.1388
515,988,1503,0.1388
512,989,1501,0.1388
509,985,1494,0.1388
509,996,1505,0.1388
501,994,1495,0.1388
508,989,1497,0.1388
512,996,1508,0.1388
508,1005,1513,0.1388
506,997,1503,0.1388
515,995,1510,0.1388
515,996,1511,0.1388
512,994,1506,0.1388
511,1005,1516,0.1388
503,1009,1512,0.1388
493,1020,1513,0.1388
494,1011,1505,0.1388
492,1012,1504,0.1388
495,1008,1503,0.1388
488,1011,1499,0.1388
489,1015,1504,0.1388
488,1012,1500,0.1388
487,1013,1500,0.1388
486,1012,1498,0.1388
484,1019,1503,0.1388
479,1034,1513,0.1388
478,1025,1503,0.1388
479,1022,1501,0.1388
482,1025,1507,0.1388
478,1030,1508,0.1388
482,1034,1516,0.1388
476,1020,1496,0.1388
472,1034,1506,0.1388
472,1029,1501,0.1388
463,1030,1493,0.1388
447,1050,1497,0.1388
458,1060,1518,0.1388
460,1058,1518,0.1388
457,1070,1527,0.1388
460,1065,1525,0.1388
459,1058,1517,0.1388
465,1053,1518,0.1388
467,1047,1514,0.1388
471,1049,1520,0.1388
467,1053,1520,0.1388
467,1064,1531,0.1388
458,1048,1506,0.1388
456,1050,1506,0.1388
453,1054,1507,0.1388
441,1055,1496,0.1388
444,1049,1493,0.1388
448,1048,1496,0.1388
450,1051,1501,0.1388
460,1057,1517,0.1388
450,1054,1504,0.1388
451,1055,1506,0.1388
451,1060,1511,0.1388
449,1062,1511,0.1388
455,1064,1519,0.1388
447,1067,1514,0.1388
446,1062,1508,0.1388
441,1061,1502,0.1388
436,1060,1496,0.1388
440,1062,1502,0.1388
438,1065,1503,0.1388
435,1072,1507,0.1388
433,1071,1504,0.1388
437,1088,1525,0.1388
435,1082,1517,0.1388
428,1096,1524,0.1388
426,1089,1515,0.1388
426,1078,1504,0.1388
429,1092,1521,0.1388
427,1088,1515,0.1388
427,1096,1523,0.1388
421,1083,1504,0.1388
423,1094,1517,0.1388
427,1090,1517,0.1388
426,1084,1510,0.1388
431,1086,1517,0.1388
424,1091,1515,0.1388
417,1082,1499,0.1388
427,1085,1512,0.1388
424,1083,1507,0.1388
429,1086,1515,0.1388
425,1089,1514,0.1388
425,1090,1515,0.1388
425,1088,1513,0.1388
426,1092,1518,0.1388
419,1081,1500,0.1388
419,1090,1509,0.1388
420,1090,1510,0.1388
424,1097,1521,0.1388
425,1094,1519,0.1388
418,1092,1510,0.1388
427,1097,1524,0.1388
427,1092,1519,0.1388
424,1094,1518,0.1388
425,1103,1528,0.1388
426,1085,1511,0.1388
425,1081,1506,0.1388
428,1090,1518,0.1388
429,1090,1519,0.1388
425,1084,1509,0.1388
423,1091,1514,0.1388
424,1098,1522,0.1388
420,1099,1519,0.1388
409,1102,1511,0.1388
404,1106,1510,0.1388
415,1099,1514,0.1388
414,1100,1514,0.1388
406,1109,1515,0.1388
408,1115,1523,0.1388
407,1117,1524,0.1388
394,1111,1505,0.1388
393,1102,1495,0.1388
390,1099,1489,0.1388
392,1106,1498,0.1388
391,1100,1491,0.1388
388,1118,1506,0.1388
388,1112,1500,0.1388
381,1114,1495,0.1388
385,1116,1501,0.1388
372,1111,1483,0.1388
367,1109,1476,0.1388
383,1121,1504,0.1388
384,1124,1508,0.1388
386,1121,1507,0.1388
389,1122,1511,0.1388
390,1125,1515,0.1388
389,1124,1513,0.1388
392,1117,1509,0.1388
394,1119,1513,0.1388
388,1122,1510,0.1388
384,1121,1505,0.1388
385,1124,1509,0.1388
389,1135,1524,0.1388
384,1120,1504,0.1388
379,1127,1506,0.1388
374,1119,1493,0.1388
378,1125,1503,0.1388
374,1131,1505,0.1388
370,1150,1520,0.1388
375,1143,1518,0.1388
377,1144,1521,0.1388
382,1137,1519,0.1388
376,1122,1498,0.1388
373,1138,1511,0.1388
376,1130,1506,0.1388
368,1136,1504,0.1388
376,1135,1511,0.1388
376,1142,1518,0.1388
371,1141,1512,0.1388
368,1141,1509,0.1388
364,1149,1513,0.1388
370,1142,1512,0.1388
367,1146,1513,0.1388
363,1155,1518,0.1388
363,1148,1511,0.1388
361,1146,1507,0.1388
363,1145,1508,0.1388
357,1148,1505,0.1388
349,1142,1491,0.1388
350,1151,1501,0.1388
347,1147,1494,0.1388
349,1148,1497,0.1388
348,1149,1497,0.1388
356,1150,1506,0.1388
347,1147,1494,0.1388
353,1156,1509,0.1388
354,1146,1500,0.1388
358,1151,1509,0.1388
362,1136,1498,0.1388
367,1136,1503,0.1388
366,1140,1506,0.1388
358,1153,1511,0.1388
358,1163,1521,0.1388
360,1153,1513,0.1388
357,1151,1508,0.1388
358,1164,1522,0.1388
358,1159,1517,0.1388
359,1162,1521,0.1388
354,1158,1512,0.1388
353,1145,1498,0.1388
356,1150,1506,0.1388
363,1155,1518,0.1388
361,1162,1523,0.1388
360,1153,1513,0.1388
365,1147,1512,0.1388
366,1144,1510,0.1388
366,1144,1510,0.1388
371,1137,1508,0.1388
372,1139,1511,0.1388
364,1146,1510,0.1388
363,1144,1507,0.1388
356,1155,1511,0.1388
353,1156,1509,0.1388
345,1155,1500,0.1388
348,1159,1507,0.1388
344,1148,1492,0.1388
346,1160,1506,0.1388
347,1152,1499,0.1388
345,1165,1510,0.1388
346,1162,1508,0.1388
352,1167,1519,0.1388
352,1166,1518,0.1388
348,1159,1507,0.1388
351,1166,1517,0.1388
352,1164,1516,0.1388
349,1165,1514,0.1388
348,1170,1518,0.1388
353,1169,1522,0.1388
350,1173,1523,0.1388
340,1181,1521,0.1388
338,1172,1510,0.1388
329,1175,1504,0.1388
327,1172,1499,0.1388
333,1175,1508,0.1388
331,1166,1497,0.1388
327,1177,1504,0.1388
320,1185,1505,0.1388
323,1197,1520,0.1388
324,1191,1515,0.1388
324,1180,1504,0.1388
317,1173,1490,0.1388
322,1185,1507,0.1388
320,1189,1509,0.1388
323,1190,1513,0.1388
320,1193,1513,0.1388
316,1182,1498,0.1388
322,1177,1499,0.1388
324,1181,1505,0.1388
329,1176,1505,0.1388
325,1179,1504,0.1388
327,1180,1507,0.1388
318,1181,1499,0.1388
325,1190,1515,0.1388
330,1188,1518,0.1388
331,1194,1525,0.1388
329,1191,1520,0.1388
329,1193,1522,0.1388
329,1189,1518,0.1388
328,1192,1520,0.1388
329,1195,1524,0.1388
329,1182,1511,0.1388
329,1167,1496,0.1388
321,1174,1495,0.1388
318,1185,1503,0.1388
326,1196,1522,0.1388
324,1193,1517,0.1388
318,1198,1516,0.1388
326,1198,1524,0.1388
322,1190,1512,0.1388
324,1198,1522,0.1388
326,1198,1524,0.1388
321,1196,1517,0.1388
316,1191,1507,0.1388
317,1180,1497,0.1388
321,1189,1510,0.1388
320,1190,1510,0.1388
321,1200,1521,0.1388
317,1199,1516,0.1388
313,1205,1518,0.1388
313,1208,1521,0.1388
310,1208,1518,0.1388
313,1196,1509,0.1388
309,1200,1509,0.1388
310,1199,1509,0.1388
307,1210,1517,0.1388
309,1203,1512,0.1388
307,1212,1519,0.1388
311,1211,1522,0.1388
309,1218,1527,0.1388
308,1202,1510,0.1388
305,1211,1516,0.1388
301,1216,1517,0.1388
293,1220,1513,0.1388
294,1225,1519,0.1388
300,1223,1523,0.1388
292,1220,1512,0.1388
294,1218,1512,0.1388
291,1223,1514,0.1388
289,1231,1520,0.1388
287,1221,1508,0.1388
287,1221,1508,0.1388
298,1220,1518,0.1388
292,1218,1510,0.1388
294,1225,1519,0.1388
293,1218,1511,0.1388
292,1211,1503,0.1388
294,1216,1510,0.1388
297,1220,1517,0.1388
296,1218,1514,0.1388
290,1206,1496,0.1388
288,1215,1503,0.1388
288,1220,1508,0.1388
283,1227,1510,0.1388
288,1211,1499,0.1388
297,1212,1509,0.1388
296,1220,1516,0.1388
296,1220,1516,0.1388
298,1226,1524,0.1388
298,1221,1519,0.1388
292,1229,1521,0.1388
285,1225,1510,0.1388
285,1215,1500,0.1388
290,1210,1500,0.1388
290,1217,1507,0.1388
288,1215,1503,0.1388
290,1220,1510,0.1388
284,1233,1517,0.1388
280,1242,1522,0.1388
279,1226,1505,0.1388
282,1225,1507,0.1388
278,1225,1503,0.1388
283,1219,1502,0.1388
279,1220,1499,0.1388
273,1230,1503,0.1388
272,1232,1504,0.1388
271,1227,1498,0.1388
276,1230,1506,0.1388
267,1237,1504,0.1388
262,1239,1501,0.1388
262,1242,1504,0.1388
264,1262,1526,0.1388
263,1254,1517,0.1388
263,1244,1507,0.1388
266,1238,1504,0.1388
266,1235,1501,0.1388
260,1239,1499,0.1388
255,1251,1506,0.1388
256,1258,1514,0.1388
262,1262,1524,0.1388
261,1260,1521,0.1388
261,1253,1514,0.1388
261,1243,1504,0.1388
265,1242,1507,0.1388
266,1243,1509,0.1388
265,1269,1534,0.1388
266,1253,1519,0.1388
263,1250,1513,0.1388
265,1242,1507,0.1388
258,1246,1504,0.1388
258,1243,1501,0.1388
262,1232,1494,0.1388
261,1237,1498,0.1388
259,1247,1506,0.1388
259,1239,1498,0.1388
257,1245,1502,0.1388
263,1243,1506,0.1388
261,1250,1511,0.1388
258,1246,1504,0.1388
254,1256,1510,0.1388
253,1241,1494,0.1388
250,1255,1505,0.1388
250,1253,1503,0.1388
248,1255,1503,0.1388
247,1255,1502,0.1388
252,1252,1504,0.1388
252,1254,1506,0.1388
252,1256,1508,0.1388
253,1256,1509,0.1388
252,1251,1503,0.1388
251,1260,1511,0.1388
253,1265,1518,0.1388
251,1255,1506,0.1388
252,1253,1505,0.1388
250,1262,1512,0.1388
250,1257,1507,0.1388
250,1256,1506,0.1388
256,1257,1513,0.1388
253,1251,1504,0.1388
240,1252,1492,0.1388
246,1255,1501,0.1388
246,1253,1499,0.1388
241,1262,1503,0.1388
241,1269,1510,0.1388
235,1267,1502,0.1388
235,1283,1518,0.1388
241,1277,1518,0.1388
241,1277,1518,0.1388
240,1279,1519,0.1388
240,1286,1526,0.1388
239,1283,1522,0.1388
235,1273,1508,0.1388
233,1270,1503,0.1388
231,1272,1503,0.1388
236,1272,1508,0.1388
235,1270,1505,0.1388
233,1280,1513,0.1388
240,1266,1506,0.1388
241,1276,1517,0.1388
245,1277,1522,0.1388
246,1272,1518,0.1388
245,1259,1504,0.1388
251,1273,1524,0.1388
246,1282,1528,0.1388
248,1282,1530,0.1388
246,1271,1517,0.1388
246,1276,1522,0.1388
244,1271,1515,0.1388
243,1280,1523,0.1388
241,1280,1521,0.1388
243,1280,1523,0.1388
244,1288,1532,0.1388
241,1274,1515,0.1388
237,1283,1520,0.1388
236,1273,1509,0.1388
229,1264,1493,0.1388
235,1277,1512,0.1388
234,1278,1512,0.1388
240,1260,1500,0.1388
241,1267,1508,0.1388
240,1268,1508,0.1388
241,1276,1517,0.1388
240,1280,1520,0.1388
240,1277,1517,0.1388
237,1291,1528,0.1388
234,1289,1523,0.1388
230,1288,1518,0.1388
229,1291,1520,0.1388
232,1291,1523,0.1388
232,1299,1531,0.1388
232,1302,1534,0.1388
229,1291,1520,0.1388
230,1288,1518,0.1388
224,1273,1497,0.1388
223,1277,1500,0.1388
223,1280,1503,0.1388
220,1280,1500,0.1388
219,1285,1504,0.1388
222,1290,1512,0.1388
224,1287,1511,0.1388
224,1273,1497,0.1388
225,1288,1513,0.1388
221,1288,1509,0.1388
222,1281,1503,0.1388
225,1288,1513,0.1388
223,1283,1506,0.1388
218,1285,1503,0.1388
221,1298,1519,0.1388
215,1302,1517,0.1388
216,1290,1506,0.1388
209,1289,1498,0.1388
210,1302,1512,0.1388
210,1298,1508,0.1388
207,1296,1503,0.1388
204,1296,1500,0.1388
201,1303,1504,0.1388
202,1310,1512,0.1388
205,1300,1505,0.1388
205,1312,1517,0.1388
204,1309,1513,0.1388
205,1309,1514,0.1388
209,1304,1513,0.1388
210,1301,1511,0.1388
210,1301,1511,0.1388
210,1306,1516,0.1388
211,1302,1513,0.1388
212,1304,1516,0.1388
214,1310,1524,0.1388
211,1313,1524,0.1388
205,1320,1525,0.1388
202,1319,1521,0.1388
204,1314,1518,0.1388
205,1309,1514,0.1388
204,1307,1511,0.1388
207,1315,1522,0.1388
205,1307,1512,0.1388
206,1312,1518,0.1388
203,1299,1502,0.1388
206,1314,1520,0.1388
203,1323,1526,0.1388
203,1315,1518,0.1388
203,1314,1517,0.1388
205,1307,1512,0.1388
209,1310,1519,0.1388
212,1308,1520,0.1388
213,1309,1522,0.1388
207,1313,1520,0.1388
211,1324,1535,0.1388
213,1312,1525,0.1388
214,1314,1528,0.1388
213,1299,1512,0.1388
215,1299,1514,0.1388
211,1299,1510,0.1388
209,1317,1526,0.1388
215,1321,1536,0.1388
218,1314,1532,0.1388
217,1308,1525,0.1388
217,1301,1518,0.1388
213,1308,1521,0.1388
216,1307,1523,0.1388
214,1309,1523,0.1388
208,1302,1510,0.1388
206,1295,1501,0.1388
210,1297,1507,0.1388
206,1304,1510,0.1388
203,1300,1503,0.1388
208,1297,1505,0.1388
214,1299,1513,0.1388
211,1302,1513,0.1388
214,1299,1513,0.1388
219,1301,1520,0.1388
220,1293,1513,0.1388
219,1290,1509,0.1388
214,1303,1517,0.1388
207,1299,1506,0.1388
209,1310,1519,0.1388
210,1314,1524,0.1388
209,1310,1519,0.1388
204,1309,1513,0.1388
208,1300,1508,0.1388
209,1287,1496,0.1388
211,1300,1511,0.1388
209,1301,1510,0.1388
204,1312,1516,0.1388
198,1315,1513,0.1388
202,1316,1518,0.1388
205,1311,1516,0.1388
203,1299,1502,0.1388
200,1308,1508,0.1388
201,1304,1505,0.1388
200,1317,1517,0.1388
203,1315,1518,0.1388
204,1315,1519,0.1388
199,1315,1514,0.1388
199,1306,1505,0.1388
199,1296,1495,0.1388
199,1306,1505,0.1388
199,1312,1511,0.1388
198,1312,1510,0.1388
197,1307,1504,0.1388
197,1315,1512,0.1388
195,1309,1504,0.1388
196,1316,1512,0.1388
196,1309,1505,0.1388
200,1317,1517,0.1388
199,1309,1508,0.1388
199,1320,1519,0.1388
199,1322,1521,0.1388
198,1310,1508,0.1388
201,1321,1522,0.1388
204,1311,1515,0.1388
203,1304,1507,0.1388
203,1321,1524,0.1388
199,1323,1522,0.1388
198,1322,1520,0.1388
203,1319,1522,0.1388
200,1316,1516,0.1388
200,1322,1522,0.1388
199,1319,1518,0.1388
205,1329,1534,0.1388
204,1316,1520,0.1388
206,1320,1526,0.1388
196,1303,1499,0.1388
196,1307,1503,0.1388
194,1310,1504,0.1388
194,1303,1497,0.1388
191,1314,1505,0.1388
199,1317,1516,0.1388
196,1311,1507,0.1388
195,1319,1514,0.1388
198,1319,1517,0.1388
199,1319,1518,0.1388
202,1310,1512,0.1388
202,1313,1515,0.1388
205,1310,1515,0.1388
201,1303,1504,0.1388
202,1312,1514,0.1388
196,1309,1505,0.1388
195,1324,1519,0.1388
197,1323,1520,0.1388
192,1335,1527,0.1388
192,1336,1528,0.1388
195,1334,1529,0.1388
191,1312,1503,0.1388
191,1317,1508,0.1388
191,1330,1521,0.1388
193,1325,1518,0.1388
196,1303,1499,0.1388
193,1306,1499,0.1388
197,1320,1517,0.1388
199,1323,1522,0.1388
197,1321,1518,0.1388
195,1316,1511,0.1388
195,1322,1517,0.1388
197,1325,1522,0.1388
197,1331,1528,0.1388
198,1346,1544,0.1388
199,1352,1551,0.1388
197,1333,1530,0.1388
197,1321,1518,0.1388
205,1313,1518,0.1388
202,1308,1510,0.1388
206,1308,1514,0.1388
206,1319,1525,0.1388
202,1320,1522,0.1388
201,1314,1515,0.1388
201,1320,1521,0.1388
207,1308,1515,0.1388
203,1312,1515,0.1388
208,1319,1527,0.1388
207,1300,1507,0.1388
205,1311,1516,0.1388
207,1312,1519,0.1388
200,1302,1502,0.1388
198,1304,1502,0.1388
198,1306,1504,0.1388
198,1322,1520,0.1388
203,1324,1527,0.1388
206,1322,1528,0.1388
200,1312,1512,0.1388
197,1299,1496,0.1388
196,1320,1516,0.1388
195,1320,1515,0.1388
198,1320,1518,0.1388
196,1314,1510,0.1388
192,1320,1512,0.1388
195,1320,1515,0.1388
191,1304,1495,0.1388
188,1322,1510,0.1388
185,1334,1519,0.1388
180,1324,1504,0.1388
184,1328,1512,0.1388
186,1328,1514,0.1388
186,1335,1521,0.1388
189,1322,1511,0.1388
191,1326,1517,0.1388
192,1326,1518,0.1388
196,1325,1521,0.1388
195,1329,1524,0.1388
194,1325,1519,0.1388
191,1325,1516,0.1388
189,1311,1500,0.1388
197,1313,1510,0.1388
194,1303,1497,0.1388
193,1298,1491,0.1388
190,1315,1505,0.1388
192,1314,1506,0.1388
194,1323,1517,0.1388
192,1325,1517,0.1388
191,1322,1513,0.1388
194,1312,1506,0.1388
189,1323,1512,0.1388
188,1316,1504,0.1388
193,1324,1517,0.1388
186,1319,1505,0.1388
191,1339,1530,0.1388
191,1320,1511,0.1388
195,1310,1505,0.1388
191,1318,1509,0.1388
189,1324,1513,0.1388
192,1322,1514,0.1388
188,1330,1518,0.1388
185,1330,1515,0.1388
188,1335,1523,0.1388
189,1335,1524,0.1388
186,1322,1508,0.1388
187,1318,1505,0.1388
191,1325,1516,0.1388
190,1320,1510,0.1388
184,1311,1495,0.1388
180,1327,1507,0.1388
178,1315,1493,0.1388
178,1318,1496,0.1388
186,1329,1515,0.1388
188,1329,1517,0.1388
187,1331,1518,0.1388
190,1326,1516,0.1388
185,1337,1522,0.1388
185,1334,1519,0.1388
183,1342,1525,0.1388
181,1350,1531,0.1388
174,1347,1521,0.1388
173,1348,1521,0.1388
169,1345,1514,0.1388
174,1352,1526,0.1388
170,1337,1507,0.1388
171,1327,1498,0.1388
172,1325,1497,0.1388
171,1335,1506,0.1388
170,1329,1499,0.1388
164,1338,1502,0.1388
166,1329,1495,0.1388
165,1340,1505,0.1388
164,1339,1503,0.1388
159,1352,1511,0.1388
161,1349,1510,0.1388
161,1356,1517,0.1388
162,1359,1521,0.1388
158,1362,1520,0.1388
162,1356,1518,0.1388
167,1356,1523,0.1388
168,1347,1515,0.1388
169,1344,1513,0.1388
163,1344,1507,0.1388
163,1356,1519,0.1388
162,1351,1513,0.1388
162,1343,1505,0.1388
164,1349,1513,0.1388
165,1355,1520,0.1388
164,1342,1506,0.1388
162,1337,1499,0.1388
163,1347,1510,0.1388
162,1343,1505,0.1388
162,1340,1502,0.1388
160,1351,1511,0.1388
164,1349,1513,0.1388
161,1357,1518,0.1388
163,1358,1521,0.1388
165,1356,1521,0.1388
163,1360,1523,0.1388
163,1358,1521,0.1388
164,1361,1525,0.1388
157,1366,1523,0.1388
157,1374,1531,0.1388
153,1370,1523,0.1388
151,1367,1518,0.1388
149,1366,1515,0.1388
151,1373,1524,0.1388
152,1369,1521,0.1388
153,1374,1527,0.1388
151,1363,1514,0.1388
149,1357,1506,0.1388
145,1349,1494,0.1388
148,1340,1488,0.1388
143,1346,1489,0.1388
149,1349,1498,0.1388
148,1364,1512,0.1388
150,1352,1502,0.1388
150,1363,1513,0.1388
146,1371,1517,0.1388
146,1357,1503,0.1388
144,1366,1510,0.1388
143,1379,1522,0.1388
142,1379,1521,0.1388
140,1377,1517,0.1388
142,1385,1527,0.1388
141,1384,1525,0.1388
140,1385,1525,0.1388
140,1383,1523,0.1388
137,1373,1510,0.1388
139,1366,1505,0.1388
134,1361,1495,0.1388
136,1358,1494,0.1388
137,1366,1503,0.1388
140,1380,1520,0.1388
137,1388,1525,0.1388
139,1377,1516,0.1388
135,1382,1517,0.1388
137,1387,1524,0.1388
132,1376,1508,0.1388
133,1381,1514,0.1388
133,1394,1527,0.1388
127,1386,1513,0.1388
131,1391,1522,0.1388
131,1390,1521,0.1388
130,1400,1530,0.1388
129,1384,1513,0.1388
126,1374,1500,0.1388
126,1394,1520,0.1388
128,1387,1515,0.1388
126,1393,1519,0.1388
124,1385,1509,0.1388
123,1390,1513,0.1388
120,1393,1513,0.1388
120,1388,1508,0.1388
118,1374,1492,0.1388
117,1393,1510,0.1388
119,1410,1529,0.1388
115,1400,1515,0.1388
114,1412,1526,0.1388
113,1414,1527,0.1388
110,1394,1504,0.1388
110,1395,1505,0.1388
109,1391,1500,0.1388
109,1403,1512,0.1388
111,1404,1515,0.1388
109,1412,1521,0.1388
109,1412,1521,0.1388
110,1399,1509,0.1388
116,1411,1527,0.1388
117,1401,1518,0.1388
113,1393,1506,0.1388
110,1398,1508,0.1388
112,1398,1510,0.1388
112,1399,1511,0.1388
114,1406,1520,0.1388
112,1409,1521,0.1388
116,1408,1524,0.1388
111,1406,1517,0.1388
113,1409,1522,0.1388
116,1403,1519,0.1388
112,1404,1516,0.1388
112,1399,1511,0.1388
117,1396,1513,0.1388
117,1403,1520,0.1388
117,1399,1516,0.1388
117,1409,1526,0.1388
114,1407,1521,0.1388
112,1402,1514,0.1388
112,1392,1504,0.1388
111,1397,1508,0.1388
108,1411,1519,0.1388
109,1403,1512,0.1388
108,1402,1510,0.1388
108,1391,1499,0.1388
108,1386,1494,0.1388
113,1387,1500,0.1388
112,1392,1504,0.1388
112,1381,1493,0.1388
111,1384,1495,0.1388
113,1384,1497,0.1388
112,1399,1511,0.1388
111,1396,1507,0.1388
114,1398,1512,0.1388
112,1397,1509,0.1388
107,1397,1504,0.1388
105,1402,1507,0.1388
108,1408,1516,0.1388
107,1413,1520,0.1388
108,1410,1518,0.1388
107,1413,1520,0.1388
107,1415,1522,0.1388
106,1418,1524,0.1388
106,1423,1529,0.1388
103,1411,1514,0.1388
104,1425,1529,0.1388
104,1418,1522,0.1388
101,1413,1514,0.1388
101,1419,1520,0.1388
101,1417,1518,0.1388
100,1419,1519,0.1388
97,1421,1518,0.1388
93,1421,1514,0.1388
93,1424,1517,0.1388
92,1421,1513,0.1388
95,1421,1516,0.1388
92,1424,1516,0.1388
91,1423,1514,0.1388
86,1430,1516,0.1388
85,1428,1513,0.1388
86,1429,1515,0.1388
84,1438,1522,0.1388
86,1434,1520,0.1388
87,1435,1522,0.1388
89,1433,1522,0.1388
91,1436,1527,0.1388
90,1419,1509,0.1388
91,1421,1512,0.1388
90,1419,1509,0.1388
92,1423,1515,0.1388
87,1429,1516,0.1388
89,1426,1515,0.1388
86,1439,1525,0.1388
87,1442,1529,0.1388
87,1437,1524,0.1388
87,1437,1524,0.1388
87,1439,1526,0.1388
85,1448,1533,0.1388
82,1441,1523,0.1388
83,1427,1510,0.1388
84,1435,1519,0.1388
84,1445,1529,0.1388
82,1446,1528,0.1388
79,1449,1528,0.1388
77,1447,1524,0.1388
76,1443,1519,0.1388
76,1441,1517,0.1388
78,1441,1519,0.1388
78,1440,1518,0.1388
77,1427,1504,0.1388
78,1411,1489,0.1388
78,1419,1497,0.1388
77,1428,1505,0.1388
74,1438,1512,0.1388
73,1441,1514,0.1388
69,1446,1515,0.1388
71,1451,1522,0.1388
68,1449,1517,0.1388
68,1446,1514,0.1388
68,1445,1513,0.1388
64,1444,1508,0.1388
63,1445,1508,0.1388
63,1443,1506,0.1388
62,1447,1509,0.1388
61,1450,1511,0.1388
59,1444,1503,0.1388
61,1460,1521,0.1388
63,1451,1514,0.1388
63,1453,1516,0.1388
61,1452,1513,0.1388
60,1452,1512,0.1388
64,1454,1518,0.1388
64,1449,1513,0.1388
64,1451,1515,0.1388
63,1457,1520,0.1388
62,1449,1511,0.1388
65,1453,1518,0.1388
63,1454,1517,0.1388
63,1436,1499,0.1388
62,1451,1513,0.1388
63,1455,1518,0.1388
62,1445,1507,0.1388
62,1453,1515,0.1388
63,1453,1516,0.1388
63,1461,1524,0.1388
64,1464,1528,0.1388
61,1464,1525,0.1388
60,1477,1537,0.1388
60,1465,1525,0.1388
58,1468,1526,0.1388
58,1475,1533,0.1388
57,1464,1521,0.1388
57,1465,1522,0.1388
56,1454,1510,0.1388
56,1453,1509,0.1388
57,1467,1524,0.1388
56,1462,1518,0.1388
54,1464,1518,0.1388
55,1452,1507,0.1388
56,1452,1508,0.1388
55,1461,1516,0.1388
54,1451,1505,0.1388
58,1462,1520,0.1388
55,1447,1502,0.1388
52,1457,1509,0.1388
52,1463,1515,0.1388
53,1465,1518,0.1388
52,1459,1511,0.1388
54,1457,1511,0.1388
52,1465,1517,0.1388
52,1479,1531,0.1388
53,1483,1536,0.1388
55,1465,1520,0.1388
55,1464,1519,0.1388
56,1457,1513,0.1388
55,1459,1514,0.1388
54,1467,1521,0.1388
54,1469,1523,0.1388
53,1466,1519,0.1388
53,1477,1530,0.1388
56,1478,1534,0.1388
55,1473,1528,0.1388
52,1468,1520,0.1388
54,1472,1526,0.1388
52,1468,1520,0.1388
54,1466,1520,0.1388
54,1471,1525,0.1388
55,1468,1523,0.1388
54,1466,1520,0.1388
53,1471,1524,0.1388
55,1462,1517,0.1388
50,1459,1509,0.1388
53,1462,1515,0.1388
52,1457,1509,0.1388
50,1459,1509,0.1388
52,1465,1517,0.1388
52,1463,1515,0.1388
51,1452,1503,0.1388
49,1466,1515,0.1388
49,1469,1518,0.1388
49,1469,1518,0.1388
48,1469,1517,0.1388
47,1468,1515,0.1388
46,1449,1495,0.1388
47,1448,1495,0.1388
49,1458,1507,0.1388
50,1464,1514,0.1388
51,1465,1516,0.1388
49,1471,1520,0.1388
49,1477,1526,0.1388
44,1478,1522,0.1388
45,1479,1524,0.1388
46,1469,1515,0.1388
46,1474,1520,0.1388
49,1467,1516,0.1388
49,1473,1522,0.1388
50,1474,1524,0.1388
54,1474,1528,0.1388
52,1461,1513,0.1388
52,1464,1516,0.1388
52,1457,1509,0.1388
51,1463,1514,0.1388
51,1462,1513,0.1388
48,1466,1514,0.1388
49,1468,1517,0.1388
50,1470,1520,0.1388
50,1476,1526,0.1388
48,1469,1517,0.1388
49,1462,1511,0.1388
48,1455,1503,0.1388
46,1453,1499,0.1388
48,1455,1503,0.1388
48,1468,1516,0.1388
49,1461,1510,0.1388
49,1457,1506,0.1388
46,1455,1501,0.1388
46,1454,1500,0.1388
45,1465,1510,0.1388
44,1470,1514,0.1388
42,1483,1525,0.1388
41,1477,1518,0.1388
43,1486,1529,0.1388
39,1482,1521,0.1388
39,1488,1527,0.1388
40,1490,1530,0.1388
40,1486,1526,0.1388
39,1482,1521,0.1388
39,1480,1519,0.1388
39,1492,1531,0.1388
36,1480,1516,0.1388
36,1477,1513,0.1388
36,1472,1508,0.1388
35,1471,1506,0.1388
34,1469,1503,0.1388
36,1470,1506,0.1388
34,1468,1502,0.1388
34,1473,1507,0.1388
35,1468,1503,0.1388
35,1470,1505,0.1388
36,1470,1506,0.1388
35,1485,1520,0.1388
35,1485,1520,0.1388
34,1474,1508,0.1388
32,1472,1504,0.1388
32,1475,1507,0.1388
32,1484,1516,0.1388
31,1476,1507,0.1388
30,1481,1511,0.1388
30,1483,1513,0.1388
28,1491,1519,0.1388
28,1487,1515,0.1388
30,1492,1522,0.1388
30,1494,1524,0.1388
29,1487,1516,0.1388
29,1485,1514,0.1388
27,1484,1511,0.1388
30,1490,1520,0.1388
29,1492,1521,0.1388
28,1488,1516,0.1388
29,1478,1507,0.1388
29,1491,1520,0.1388
28,1482,1510,0.1388
27,1486,1513,0.1388
26,1487,1513,0.1388
26,1498,1524,0.1388
26,1503,1529,0.1388
26,1511,1537,0.1388
25,1498,1523,0.1388
26,1479,1505,0.1388
26,1470,1496,0.1388
24,1480,1504,0.1388
22,1489,1511,0.1388
23,1496,1519,0.1388
22,1488,1510,0.1388
22,1492,1514,0.1388
23,1477,1500,0.1388
21,1472,1493,0.1388
22,1493,1515,0.1388
22,1493,1515,0.1388
20,1494,1514,0.1388
20,1490,1510,0.1388
20,1488,1508,0.1388
19,1494,1513,0.1388
20,1502,1522,0.1388
20,1508,1528,0.1388
21,1501,1522,0.1388
20,1507,1527,0.1388
20,1509,1529,0.1388
20,1500,1520,0.1388
19,1495,1514,0.1388
19,1488,1507,0.1388
19,1496,1515,0.1388
18,1501,1519,0.1388
18,1504,1522,0.1388
18,1494,1512,0.1388
17,1494,1511,0.1388
17,1502,1519,0.1388
16,1499,1515,0.1388
16,1497,1513,0.1388
16,1501,1517,0.1388
15,1496,1511,0.1388
16,1502,1518,0.1388
16,1510,1526,0.1388
15,1514,1529,0.1388
15,1513,1528,0.1388
16,1504,1520,0.1388
16,1504,1520,0.1388
15,1496,1511,0.1388
14,1501,1515,0.1388
14,1482,1496,0.1388
17,1485,1502,0.1388
17,1490,1507,0.1388
17,1498,1515,0.1388
17,1497,1514,0.1388
16,1503,1519,0.1388
16,1512,1528,0.1388
16,1502,1518,0.1388
17,1497,1514,0.1388
18,1510,1528,0.1388
17,1508,1525,0.1388
17,1503,1520,0.1388
16,1501,1517,0.1388
16,1505,1521,0.1388
15,1500,1515,0.1388
16,1502,1518,0.1388
15,1497,1512,0.1388
14,1502,1516,0.1388
14,1504,1518,0.1388
15,1495,1510,0.1388
16,1507,1523,0.1388
15,1511,1526,0.1388
15,1505,1520,0.1388
15,1502,1517,0.1388
14,1497,1511,0.1388
14,1496,1510,0.1388
14,1487,1501,0.1388
14,1497,1511,0.1388
14,1504,1518,0.1388
14,1493,1507,0.1388
14,1495,1509,0.1388
14,1497,1511,0.1388
16,1500,1516,0.1388
15,1497,1512,0.1388
15,1502,1517,0.1388
17,1501,1518,0.1388
16,1506,1522,0.1388
16,1513,1529,0.1388
15,1509,1524,0.1388
15,1498,1513,0.1388
17,1497,1514,0.1388
15,1501,1516,0.1388
15,1504,1519,0.1388
14,1498,1512,0.1388
16,1509,1525,0.1388
15,1497,1512,0.1388
14,1502,1516,0.1388
13,1501,1514,0.1388
12,1504,1516,0.1388
13,1507,1520,0.1388
13,1513,1526,0.1388
13,1506,1519,0.1388
13,1517,1530,0.1388
13,1509,1522,0.1388
13,1506,1519,0.1388
13,1512,1525,0.1388
11,1511,1522,0.1388
11,1509,1520,0.1388
12,1507,1519,0.1388
14,1517,1531,0.1388
14,1507,1521,0.1388
13,1498,1511,0.1388
14,1502,1516,0.1388
14,1495,1509,0.1388
14,1502,1516,0.1388
14,1495,1509,0.1388
14,1501,1515,0.1388
12,1504,1516,0.1388
13,1515,1528,0.1388
13,1503,1516,0.1388
14,1500,1514,0.1388
15,1499,1514,0.1388
15,1498,1513,0.1388
15,1501,1516,0.1388
15,1492,1507,0.1388
14,1495,1509,0.1388
15,1504,1519,0.1388
16,1509,1525,0.1388
15,1507,1522,0.1388
16,1498,1514,0.1388
16,1511,1527,0.1388
15,1520,1535,0.1388
15,1513,1528,0.1388
14,1507,1521,0.1388
13,1501,1514,0.1388
14,1513,1527,0.1388
13,1504,1517,0.1388
13,1506,1519,0.1388
13,1502,1515,0.1388
13,1496,1509,0.1388
13,1504,1517,0.1388
13,1499,1512,0.1388
13,1509,1522,0.1388
13,1499,1512,0.1388
13,1494,1507,0.1388
13,1496,1509,0.1388
14,1510,1524,0.1388
15,1498,1513,0.1388
15,1487,1502,0.1388
15,1481,1496,0.1388
14,1485,1499,0.1388
13,1484,1497,0.1388
13,1499,1512,0.1388
13,1496,1509,0.1388
13,1495,1508,0.1388
13,1516,1529,0.1388
11,1513,1524,0.1388
11,1522,1533,0.1388
12,1501,1513,0.1388
14,1520,1534,0.1388
14,1501,1515,0.1388
16,1493,1509,0.1388
17,1509,1526,0.1388
17,1502,1519,0.1388
17,1520,1537,0.1388
18,1508,1526,0.1388
20,1507,1527,0.1388
19,1508,1527,0.1388
18,1511,1529,0.1388
18,1508,1526,0.1388
17,1500,1517,0.1388
15,1490,1505,0.1388
14,1497,1511,0.1388
14,1515,1529,0.1388
15,1508,1523,0.1388
14,1522,1536,0.1388
13,1505,1518,0.1388
14,1502,1516,0.1388
14,1504,1518,0.1388
13,1502,1515,0.1388
14,1506,1520,0.1388
15,1504,1519,0.1388
14,1512,1526,0.1388
14,1516,1530,0.1388
14,1514,1528,0.1388
14,1494,1508,0.1388
14,1498,1512,0.1388
13,1478,1491,0.1388
13,1484,1497,0.1388
13,1482,1495,0.1388
13,1478,1491,0.1388
15,1488,1503,0.1388
15,1495,1510,0.1388
14,1489,1503,0.1388
14,1491,1505,0.1388
14,1492,1506,0.1388
13,1495,1508,0.1388
13,1510,1523,0.1388
13,1502,1515,0.1388
13,1513,1526,0.1388
13,1513,1526,0.1388
13,1515,1528,0.1388
13,1502,1515,0.1388
13,1492,1505,0.1388
12,1485,1497,0.1388
12,1489,1501,0.1388
11,1504,1515,0.1388
12,1515,1527,0.1388
12,1518,1530,0.1388
13,1518,1531,0.1388
13,1496,1509,0.1388
14,1505,1519,0.1388
14,1496,1510,0.1388
14,1503,1517,0.1388
13,1505,1518,0.1388
13,1509,1522,0.1388
13,1494,1507,0.1388
13,1503,1516,0.1388
12,1503,1515,0.1388
12,1502,1514,0.1388
12,1504,1516,0.1388
11,1517,1528,0.1388
11,1508,1519,0.1388
9,1504,1513,0.1388
8,1499,1507,0.1388
8,1505,1513,0.1388
8,1495,1503,0.1388
8,1494,1502,0.1388
7,1487,1494,0.1388
6,1503,1509,0.1388
6,1506,1512,0.1388
6,1511,1517,0.1388
6,1523,1529,0.1388
6,1521,1527,0.1388
6,1522,1528,0.1388
6,1515,1521,0.1388
6,1511,1517,0.1388
6,1509,1515,0.1388
6,1508,1514,0.1388
6,1499,1505,0.1388
6,1512,1518,0.1388
6,1504,1510,0.1388
5,1512,1517,0.1388
5,1509,1514,0.1388
5,1509,1514,0.1388
5,1497,1502,0.1388
5,1506,1511,0.1388
5,1496,1501,0.1388
5,1509,1514,0.1388
5,1509,1514,0.1388
5,1515,1520,0.1388
6,1510,1516,0.1388
6,1501,1507,0.1388
6,1515,1521,0.1388
7,1501,1508,0.1388
7,1510,1517,0.1388
6,1508,1514,0.1388
8,1502,1510,0.1388
8,1515,1523,0.1388
8,1508,1516,0.1388
7,1512,1519,0.1388
7,1517,1524,0.1388
7,1515,1522,0.1388
7,1511,1518,0.1388
8,1491,1499,0.1388
9,1500,1509,0.1388
9,1495,1504,0.1388
9,1491,1500,0.1388
9,1484,1493,0.1388
9,1492,1501,0.1388
9,1499,1508,0.1388
8,1503,1511,0.1388
9,1502,1511,0.1388
9,1493,1502,0.1388
9,1499,1508,0.1388
9,1503,1512,0.1388
9,1513,1522,0.1388
9,1515,1524,0.1388
9,1514,1523,0.1388
7,1508,1515,0.1388
6,1510,1516,0.1388
6,1526,1532,0.1388
5,1525,1530,0.1388
5,1522,1527,0.1388
6,1517,1523,0.1388
6,1522,1528,0.1388
6,1514,1520,0.1388
6,1509,1515,0.1388
6,1512,1518,0.1388
6,1505,1511,0.1388
6,1513,1519,0.1388
5,1511,1516,0.1388
5,1506,1511,0.1388
5,1502,1507,0.1388
5,1497,1502,0.1388
5,1513,1518,0.1388
5,1515,1520,0.1388
5,1514,1519,0.1388
5,1513,1518,0.1388
5,1505,1510,0.1388
5,1509,1514,0.1388
5,1515,1520,0.1388
5,1513,1518,0.1388
5,1508,1513,0.1388
5,1512,1517,0.1388
6,1508,1514,0.1388
6,1507,1513,0.1388
6,1513,1519,0.1388
6,1508,1514,0.1388
6,1506,1512,0.1388
6,1508,1514,0.1388
6,1508,1514,0.1388
6,1508,1514,0.1388
6,1510,1516,0.1388
6,1510,1516,0.1388
6,1518,1524,0.1388
7,1508,1515,0.1388
7,1517,1524,0.1388
7,1516,1523,0.1388
7,1512,1519,0.1388
7,1518,1525,0.1388
7,1515,1522,0.1388
7,1516,1523,0.1388
7,1507,1514,0.1388
7,1510,1517,0.1388
7,1515,1522,0.1388
7,1523,1530,0.1388
7,1514,1521,0.1388
7,1507,1514,0.1388
7,1509,1516,0.1388
7,1508,1515,0.1388
7,1502,1509,0.1388
7,1500,1507,0.1388
7,1495,1502,0.1388
7,1494,1501,0.1388
7,1505,1512,0.1388
8,1497,1505,0.1388
7,1501,1508,0.1388
7,1502,1509,0.1388
7,1505,1512,0.1388
6,1500,1506,0.1388
6,1496,1502,0.1388
6,1503,1509,0.1388
6,1493,1499,0.1388
8,1486,1494,0.1388
8,1503,1511,0.1388
8,1491,1499,0.1388
7,1512,1519,0.1388
7,1513,1520,0.1388
6,1504,1510,0.1388
6,1510,1516,0.1388
6,1515,1521,0.1388
6,1515,1521,0.1388
6,1516,1522,0.1388
6,1521,1527,0.1388
6,1520,1526,0.1388
6,1510,1516,0.1388
6,1517,1523,0.1388
7,1521,1528,0.1388
6,1523,1529,0.1388
6,1525,1531,0.1388
6,1528,1534,0.1388
6,1508,1514,0.1388
6,1502,1508,0.1388
6,1497,1503,0.1388
6,1499,1505,0.1388
6,1501,1507,0.1388
6,1495,1501,0.1388
6,1506,1512,0.1388
7,1508,1515,0.1388
7,1516,1523,0.1388
7,1516,1523,0.1388
7,1509,1516,0.1388
7,1508,1515,0.1388
7,1508,1515,0.1388
7,1502,1509,0.1388
7,1501,1508,0.1388
7,1505,1512,0.1388
7,1515,1522,0.1388
7,1524,1531,0.1388
8,1527,1535,0.1388
7,1514,1521,0.1388
7,1517,1524,0.1388
7,1521,1528,0.1388
7,1517,1524,0.1388
7,1524,1531,0.1388
7,1517,1524,0.1388
7,1518,1525,0.1388
7,1521,1528,0.1388
7,1516,1523,0.1388
7,1507,1514,0.1388
7,1508,1515,0.1388
7,1508,1515,0.1388
7,1508,1515,0.1388
6,1508,1514,0.1388
6,1515,1521,0.1388
6,1511,1517,0.1388
7,1523,1530,0.1388
8,1506,1514,0.1388
8,1521,1529,0.1388
8,1520,1528,0.1388
7,1516,1523,0.1388
7,1517,1524,0.1388
7,1519,1526,0.1388
8,1519,1527,0.1388
8,1514,1522,0.1388
8,1512,1520,0.1388
8,1529,1537,0.1388
8,1516,1524,0.1388
8,1514,1522,0.1388
8,1511,1519,0.1388
8,1518,1526,0.1388
8,1504,1512,0.1388
7,1511,1518,0.1388
7,1512,1519,0.1388
7,1514,1521,0.1388
7,1509,1516,0.1388
7,1506,1513,0.1388
7,1513,1520,0.1388
7,1510,1517,0.1388
7,1509,1516,0.1388
6,1524,1530,0.1388
6,1528,1534,0.1388
6,1521,1527,0.1388
6,1509,1515,0.1388
6,1513,1519,0.1388
6,1505,1511,0.1388
6,1493,1499,0.1388
7,1503,1510,0.1388
7,1513,1520,0.1388
7,1503,1510,0.1388
7,1506,1513,0.1388
7,1504,1511,0.1388
7,1505,1512,0.1388
7,1500,1507,0.1388
7,1503,1510,0.1388
9,1508,1517,0.1388
9,1516,1525,0.1388
11,1511,1522,0.1388
11,1509,1520,0.1388
11,1494,1505,0.1388
11,1495,1506,0.1388
11,1503,1514,0.1388
10,1503,1513,0.1388
10,1500,1510,0.1388
10,1504,1514,0.1388
9,1504,1513,0.1388
8,1508,1516,0.1388
8,1489,1497,0.1388
8,1515,1523,0.1388
9,1509,1518,0.1388
8,1515,1523,0.1388
8,1504,1512,0.1388
8,1508,1516,0.1388
8,1504,1512,0.1388
8,1501,1509,0.1388
8,1505,1513,0.1388
8,1502,1510,0.1388
8,1502,1510,0.1388
7,1491,1498,0.1388
7,1500,1507,0.1388
7,1504,1511,0.1388
7,1502,1509,0.1388
8,1506,1514,0.1388
8,1488,1496,0.1388
8,1482,1490,0.1388
7,1486,1493,0.1388
8,1499,1507,0.1388
9,1496,1505,0.1388
9,1513,1522,0.1388
9,1505,1514,0.1388
10,1510,1520,0.1388
8,1504,1512,0.1388
8,1502,1510,0.1388
8,1511,1519,0.1388
8,1512,1520,0.1388
8,1522,1530,0.1388
8,1520,1528,0.1388
7,1513,1520,0.1388
7,1504,1511,0.1388
6,1504,1510,0.1388
6,1499,1505,0.1388
6,1507,1513,0.1388
6,1517,1523,0.1388
6,1507,1513,0.1388
6,1519,1525,0.1388
5,1512,1517,0.1388
5,1513,1518,0.1388
6,1511,1517,0.1388
6,1499,1505,0.1388
5,1508,1513,0.1388
5,1518,1523,0.1388
5,1511,1516,0.1388
5,1508,1513,0.1388
5,1509,1514,0.1388
6,1508,1514,0.1388
6,1507,1513,0.1388
6,1508,1514,0.1388
6,1517,1523,0.1388
6,1519,1525,0.1388
6,1513,1519,0.1388
5,1510,1515,0.1388
6,1508,1514,0.1388
6,1518,1524,0.1388
6,1514,1520,0.1388
5,1520,1525,0.1388
3,1519,1522,0.1388
3,1512,1515,0.1388
3,1511,1514,0.1388
3,1502,1505,0.1388
3,1513,1516,0.1388
3,1506,1509,0.1388
3,1524,1527,0.1388
3,1536,1539,0.1388
3,1542,1545,0.1388
3,1528,1531,0.1388
4,1523,1527,0.1388
4,1522,1526,0.1388
4,1528,1532,0.1388
4,1528,1532,0.1388
4,1520,1524,0.1388
4,1528,1532,0.1388
3,1514,1517,0.1388
3,1515,1518,0.1388
3,1517,1520,0.1388
3,1514,1517,0.1388
3,1528,1531,0.1388
3,1525,1528,0.1388
3,1524,1527,0.1388
1,1521,1522,0.1388
1,1523,1524,0.1388
1,1520,1521,0.1388
1,1526,1527,0.1388
1,1530,1531,0.1388
1,1522,1523,0.1388
1,1526,1527,0.1388
1,1524,1525,0.1388
1,1520,1521,0.1388
1,1521,1522,0.1388
2,1519,1521,0.1388
3,1516,1519,0.1388
4,1520,1524,0.1388
4,1517,1521,0.1388
4,1512,1516,0.1388
4,1515,1519,0.1388
4,1514,1518,0.1388
2,1519,1521,0.1388
4,1518,1522,0.1388
4,1508,1512,0.1388
2,1505,1507,0.1388
2,1501,1503,0.1388
2,1503,1505,0.1388
2,1505,1507,0.1388
2,1510,1512,0.1388
1,1513,1514,0.1388
1,1498,1499,0.1388
1,1518,1519,0.1388
1,1522,1523,0.1388
1,1522,1523,0.1388
1,1524,1525,0.1388
2,1516,1518,0.1388
2,1511,1513,0.1388
2,1508,1510,0.1388
2,1516,1518,0.1388
2,1520,1522,0.1388
2,1505,1507,0.1388
2,1505,1507,0.1388
3,1509,1512,0.1388
3,1511,1514,0.1388
3,1498,1501,0.1388
3,1497,1500,0.1388
3,1489,1492,0.1388
2,1492,1494,0.1388
2,1503,1505,0.1388
2,1509,1511,0.1388
2,1501,1503,0.1388
2,1510,1512,0.1388
2,1515,1517,0.1388
2,1514,1516,0.1388
2,1514,1516,0.1388
2,1521,1523,0.1388
2,1516,1518,0.1388
1,1520,1521,0.1388
1,1529,1530,0.1388
1,1518,1519,0.1388
1,1511,1512,0.1388
1,1524,1525,0.1388
1,1516,1517,0.1388
1,1519,1520,0.1388
1,1521,1522,0.1388
1,1522,1523,0.1388
1,1500,1501,0.1388
1,1504,1505,0.1388
1,1509,1510,0.1388
1,1520,1521,0.1388
1,1518,1519,0.1388
1,1524,1525,0.1388
1,1536,1537,0.1388
1,1515,1516,0.1388
1,1520,1521,0.1388
1,1512,1513,0.1388
1,1519,1520,0.1388
1,1514,1515,0.1388
1,1514,1515,0.1388
1,1515,1516,0.1388
1,1518,1519,0.1388
2,1525,1527,0.1388
2,1524,1526,0.1388
2,1519,1521,0.1388
2,1523,1525,0.1388
2,1524,1526,0.1388
2,1522,1524,0.1388
2,1520,1522,0.1388
3,1523,1526,0.1388
3,1519,1522,0.1388
3,1512,1515,0.1388
3,1520,1523,0.1388
3,1507,1510,0.1388
3,1520,1523,0.1388
3,1503,1506,0.1388
3,1501,1504,0.1388
3,1495,1498,0.1388
4,1513,1517,0.1388
4,1518,1522,0.1388
4,1491,1495,0.1388
4,1498,1502,0.1388
4,1500,1504,0.1388
4,1500,1504,0.1388
4,1501,1505,0.1388
3,1510,1513,0.1388
3,1509,1512,0.1388
3,1524,1527,0.1388
3,1518,1521,0.1388
3,1522,1525,0.1388
3,1518,1521,0.1388
3,1524,1527,0.1388
2,1530,1532,0.1388
2,1528,1530,0.1388
3,1521,1524,0.1388
3,1530,1533,0.1388
3,1520,1523,0.1388
3,1507,1510,0.1388
3,1507,1510,0.1388
3,1508,1511,0.1388
3,1507,1510,0.1388
3,1501,1504,0.1388
3,1501,1504,0.1388
3,1509,1512,0.1388
3,1515,1518,0.1388
3,1514,1517,0.1388
3,1503,1506,0.1388
3,1501,1504,0.1388
3,1506,1509,0.1388
3,1509,1512,0.1388
3,1514,1517,0.1388
3,1513,1516,0.1388
3,1505,1508,0.1388
3,1503,1506,0.1388
3,1512,1515,0.1388
3,1512,1515,0.1388
3,1511,1514,0.1388
3,1514,1517,0.1388
3,1517,1520,0.1388
3,1513,1516,0.1388
3,1508,1511,0.1388
2,1489,1491,0.1388
2,1499,1501,0.1388
1,1507,1508,0.1388
1,1520,1521,0.1388
1,1510,1511,0.1388
1,1512,1513,0.1388
1,1516,1517,0.1388
1,1511,1512,0.1388
1,1512,1513,0.1388
1,1517,1518,0.1388
1,1513,1514,0.1388
1,1519,1520,0.1388
1,1521,1522,0.1388
0,1521,1521,0.1388
