1363,27,1390,0.1388
1401,26,1427,0.1388
1416,25,1441,0.1388
1423,25,1448,0.1388
1429,27,1456,0.1388
1450,28,1478,0.1388
1440,30,1470,0.1388
1454,31,1485,0.1388
1465,31,1496,0.1388
1466,29,1495,0.1388
1463,31,1494,0.1388
1466,32,1498,0.1388
1484,32,1516,0.1388
1479,35,1514,0.1388
1459,35,1494,0.1388
1450,35,1485,0.1388
1451,34,1485,0.1388
1434,36,1470,0.1388
1453,37,1490,0.1388
1457,38,1495,0.1388
1445,38,1483,0.1388
1434,38,1472,0.1388
1453,39,1492,0.1388
1451,39,1490,0.1388
1447,43,1490,0.1388
1442,43,1485,0.1388
1432,42,1474,0.1388
1428,41,1469,0.1388
1436,40,1476,0.1388
1447,39,1486,0.1388
1444,41,1485,0.1388
1446,42,1488,0.1388
1446,41,1487,0.1388
1452,41,1493,0.1388
1446,43,1489,0.1388
1440,46,1486,0.1388
1440,49,1489,0.1388
1430,48,1478,0.1388
1435,49,1484,0.1388
1447,49,1496,0.1388
1442,49,1491,0.1388
1456,47,1503,0.1388
1452,50,1502,0.1388
1449,51,1500,0.1388
1449,49,1498,0.1388
1447,50,1497,0.1388
1452,50,1502,0.1388
1444,49,1493,0.1388
1436,51,1487,0.1388
1440,50,1490,0.1388
1429,51,1480,0.1388
1433,52,1485,0.1388
1429,54,1483,0.1388
1441,56,1497,0.1388
1432,57,1489,0.1388
1441,60,1501,0.1388
1439,59,1498,0.1388
1432,59,1491,0.1388
1424,55,1479,0.1388
1424,54,1478,0.1388
1418,57,1475,0.1388
1417,59,1476,0.1388
1422,64,1486,0.1388
1414,66,1480,0.1388
1409,70,1479,0.1388
1411,72,1483,0.1388
1416,75,1491,0.1388
1403,74,1477,0.1388
1398,77,1475,0.1388
1412,79,1491,0.1388
1410,81,1491,0.1388
1419,82,1501,0.1388
1411,81,1492,0.1388
1411,84,1495,0.1388
1408,82,1490,0.1388
1409,85,1494,0.1388
1398,87,1485,0.1388
1418,85,1503,0.1388
1412,87,1499,0.1388
1414,81,1495,0.1388
1422,80,1502,0.1388
1415,80,1495,0.1388
1406,77,1483,0.1388
1423,77,1500,0.1388
1412,79,1491,0.1388
1409,79,1488,0.1388
1396,78,1474,0.1388
1392,81,1473,0.1388
1395,81,1476,0.1388
1408,81,1489,0.1388
1408,81,1489,0.1388
1408,81,1489,0.1388
1418,80,1498,0.1388
1412,82,1494,0.1388
1412,82,1494,0.1388
1417,83,1500,0.1388
1411,85,1496,0.1388
1410,85,1495,0.1388
1405,82,1487,0.1388
1394,83,1477,0.1388
1404,83,1487,0.1388
1407,84,1491,0.1388
1413,86,1499,0.1388
1421,83,1504,0.1388
1416,80,1496,0.1388
1407,86,1493,0.1388
1414,89,1503,0.1388
1404,89,1493,0.1388
1408,88,1496,0.1388
1406,87,1493,0.1388
1414,88,1502,0.1388
1414,87,1501,0.1388
1411,88,1499,0.1388
1407,87,1494,0.1388
1401,93,1494,0.1388
1398,93,1491,0.1388
1402,92,1494,0.1388
1404,91,1495,0.1388
1416,90,1506,0.1388
1424,88,1512,0.1388
1417,87,1504,0.1388
1417,87,1504,0.1388
1421,89,1510,0.1388
1411,90,1501,0.1388
1405,91,1496,0.1388
1410,89,1499,0.1388
1411,88,1499,0.1388
1415,89,1504,0.1388
1409,89,1498,0.1388
1408,92,1500,0.1388
1404,92,1496,0.1388
1416,90,1506,0.1388
1404,88,1492,0.1388
1394,92,1486,0.1388
1405,97,1502,0.1388
1413,98,1511,0.1388
1413,99,1512,0.1388
1405,100,1505,0.1388
1400,98,1498,0.1388
1401,97,1498,0.1388
1408,95,1503,0.1388
1409,93,1502,0.1388
1422,92,1514,0.1388
1424,97,1521,0.1388
1405,96,1501,0.1388
1403,94,1497,0.1388
1409,92,1501,0.1388
1407,93,1500,0.1388
1396,92,1488,0.1388
1392,93,1485,0.1388
1385,93,1478,0.1388
1401,93,1494,0.1388
1408,95,1503,0.1388
1398,93,1491,0.1388
1395,90,1485,0.1388
1394,94,1488,0.1388
1391,92,1483,0.1388
1400,93,1493,0.1388
1400,94,1494,0.1388
1400,97,1497,0.1388
1395,100,1495,0.1388
1393,98,1491,0.1388
1388,99,1487,0.1388
1386,105,1491,0.1388
1378,99,1477,0.1388
1400,103,1503,0.1388
1396,105,1501,0.1388
1410,105,1515,0.1388
1407,105,1512,0.1388
1392,104,1496,0.1388
1381,105,1486,0.1388
1367,103,1470,0.1388
1371,106,1477,0.1388
1380,106,1486,0.1388
1386,107,1493,0.1388
1389,109,1498,0.1388
1384,107,1491,0.1388
1383,110,1493,0.1388
1384,109,1493,0.1388
1392,106,1498,0.1388
1397,113,1510,0.1388
1397,111,1508,0.1388
1394,111,1505,0.1388
1392,115,1507,0.1388
1383,113,1496,0.1388
1392,110,1502,0.1388
1395,104,1499,0.1388
1385,103,1488,0.1388
1378,102,1480,0.1388
1387,103,1490,0.1388
1396,104,1500,0.1388
1391,104,1495,0.1388
1388,106,1494,0.1388
1387,103,1490,0.1388
1386,103,1489,0.1388
1393,103,1496,0.1388
1376,97,1473,0.1388
1375,99,1474,0.1388
1379,100,1479,0.1388
1388,102,1490,0.1388
1398,108,1506,0.1388
1406,107,1513,0.1388
1402,105,1507,0.1388
1385,106,1491,0.1388
1387,106,1493,0.1388
1390,105,1495,0.1388
1400,107,1507,0.1388
1410,103,1513,0.1388
1394,104,1498,0.1388
1388,104,1492,0.1388
1393,103,1496,0.1388
1381,101,1482,0.1388
1380,103,1483,0.1388
1372,102,1474,0.1388
1379,101,1480,0.1388
1381,104,1485,0.1388
1390,107,1497,0.1388
1388,110,1498,0.1388
1386,111,1497,0.1388
1401,112,1513,0.1388
1391,111,1502,0.1388
1376,112,1488,0.1388
1386,113,1499,0.1388
1376,114,1490,0.1388
1381,115,1496,0.1388
1374,116,1490,0.1388
1386,112,1498,0.1388
1390,109,1499,0.1388
1385,110,1495,0.1388
1384,110,1494,0.1388
1391,111,1502,0.1388
1391,114,1505,0.1388
1392,112,1504,0.1388
1391,114,1505,0.1388
1388,111,1499,0.1388
1391,109,1500,0.1388
1379,111,1490,0.1388
1372,110,1482,0.1388
1365,112,1477,0.1388
1365,113,1478,0.1388
1367,115,1482,0.1388
1376,117,1493,0.1388
1367,119,1486,0.1388
1374,117,1491,0.1388
1369,119,1488,0.1388
1356,123,1479,0.1388
1371,124,1495,0.1388
1368,124,1492,0.1388
1370,122,1492,0.1388
1373,125,1498,0.1388
1373,127,1500,0.1388
1364,127,1491,0.1388
1364,131,1495,0.1388
1357,129,1486,0.1388
1350,127,1477,0.1388
1358,129,1487,0.1388
1364,131,1495,0.1388
1360,132,1492,0.1388
1356,130,1486,0.1388
1360,130,1490,0.1388
1355,131,1486,0.1388
1355,135,1490,0.1388
1350,135,1485,0.1388
1367,139,1506,0.1388
1347,141,1488,0.1388
1339,139,1478,0.1388
1352,140,1492,0.1388
1362,137,1499,0.1388
1361,137,1498,0.1388
1358,139,1497,0.1388
1346,140,1486,0.1388
1360,144,1504,0.1388
1351,147,1498,0.1388
1349,145,1494,0.1388
1339,150,1489,0.1388
1350,150,1500,0.1388
1341,147,1488,0.1388
1346,144,1490,0.1388
1345,144,1489,0.1388
1349,145,1494,0.1388
1338,142,1480,0.1388
1342,138,1480,0.1388
1341,137,1478,0.1388
1347,142,1489,0.1388
1357,144,1501,0.1388
1349,144,1493,0.1388
1350,143,1493,0.1388
1351,145,1496,0.1388
1356,145,1501,0.1388
1354,151,1505,0.1388
1350,153,1503,0.1388
1341,153,1494,0.1388
1343,151,1494,0.1388
1347,149,1496,0.1388
1348,151,1499,0.1388
1335,150,1485,0.1388
1334,146,1480,0.1388
1325,152,1477,0.1388
1330,151,1481,0.1388
1323,155,1478,0.1388
1336,164,1500,0.1388
1334,165,1499,0.1388
1331,165,1496,0.1388
1317,168,1485,0.1388
1317,172,1489,0.1388
1322,175,1497,0.1388
1322,173,1495,0.1388
1316,174,1490,0.1388
1318,171,1489,0.1388
1316,176,1492,0.1388
1313,174,1487,0.1388
1319,175,1494,0.1388
1318,175,1493,0.1388
1323,176,1499,0.1388
1310,177,1487,0.1388
1321,182,1503,0.1388
1319,181,1500,0.1388
1310,185,1495,0.1388
1309,187,1496,0.1388
1300,187,1487,0.1388
1319,189,1508,0.1388
1322,194,1516,0.1388
1320,193,1513,0.1388
1305,195,1500,0.1388
1290,198,1488,0.1388
1290,203,1493,0.1388
1283,200,1483,0.1388
1275,200,1475,0.1388
1280,208,1488,0.1388
1276,203,1479,0.1388
1273,199,1472,0.1388
1287,200,1487,0.1388
1300,202,1502,0.1388
1301,204,1505,0.1388
1300,206,1506,0.1388
1294,206,1500,0.1388
1284,210,1494,0.1388
1288,212,1500,0.1388
1286,206,1492,0.1388
1275,208,1483,0.1388
1275,212,1487,0.1388
1285,217,1502,0.1388
1281,212,1493,0.1388
1275,214,1489,0.1388
1276,212,1488,0.1388
1282,218,1500,0.1388
1284,223,1507,0.1388
1287,225,1512,0.1388
1281,225,1506,0.1388
1293,222,1515,0.1388
1285,218,1503,0.1388
1295,221,1516,0.1388
1296,218,1514,0.1388
1282,220,1502,0.1388
1282,216,1498,0.1388
1277,216,1493,0.1388
1268,214,1482,0.1388
1270,217,1487,0.1388
1289,218,1507,0.1388
1297,218,1515,0.1388
1284,211,1495,0.1388
1268,215,1483,0.1388
1272,215,1487,0.1388
1279,222,1501,0.1388
1267,227,1494,0.1388
1287,223,1510,0.1388
1273,226,1499,0.1388
1266,224,1490,0.1388
1259,219,1478,0.1388
1250,219,1469,0.1388
1249,221,1470,0.1388
1253,232,1485,0.1388
1258,234,1492,0.1388
1264,228,1492,0.1388
1265,227,1492,0.1388
1264,228,1492,0.1388
1275,228,1503,0.1388
1281,232,1513,0.1388
1272,230,1502,0.1388
1258,232,1490,0.1388
1265,233,1498,0.1388
1271,230,1501,0.1388
1269,232,1501,0.1388
1249,232,1481,0.1388
1244,234,1478,0.1388
1238,242,1480,0.1388
1241,239,1480,0.1388
1242,245,1487,0.1388
1231,244,1475,0.1388
1230,248,1478,0.1388
1244,248,1492,0.1388
1247,253,1500,0.1388
1242,251,1493,0.1388
1254,244,1498,0.1388
1249,251,1500,0.1388
1265,251,1516,0.1388
1263,245,1508,0.1388
1262,245,1507,0.1388
1255,245,1500,0.1388
1262,243,1505,0.1388
1258,242,1500,0.1388
1255,242,1497,0.1388
1255,243,1498,0.1388
1261,240,1501,0.1388
1267,241,1508,0.1388
1273,235,1508,0.1388
1265,234,1499,0.1388
1267,241,1508,0.1388
1259,242,1501,0.1388
1263,240,1503,0.1388
1282,235,1517,0.1388
1271,246,1517,0.1388
1268,248,1516,0.1388
1273,248,1521,0.1388
1261,246,1507,0.1388
1252,249,1501,0.1388
1260,249,1509,0.1388
1254,248,1502,0.1388
1252,244,1496,0.1388
1258,244,1502,0.1388
1249,244,1493,0.1388
1249,241,1490,0.1388
1256,241,1497,0.1388
1262,246,1508,0.1388
1254,251,1505,0.1388
1234,253,1487,0.1388
1236,254,1490,0.1388
1242,256,1498,0.1388
1244,255,1499,0.1388
1247,259,1506,0.1388
1251,260,1511,0.1388
1230,266,1496,0.1388
1234,265,1499,0.1388
1237,265,1502,0.1388
1230,258,1488,0.1388
1232,250,1482,0.1388
1227,252,1479,0.1388
1229,251,1480,0.1388
1230,257,1487,0.1388
1225,261,1486,0.1388
1222,264,1486,0.1388
1229,261,1490,0.1388
1234,260,1494,0.1388
1223,264,1487,0.1388
1227,267,1494,0.1388
1239,265,1504,0.1388
1227,268,1495,0.1388
1212,265,1477,0.1388
1227,268,1495,0.1388
1223,267,1490,0.1388
1224,268,1492,0.1388
1230,269,1499,0.1388
1216,274,1490,0.1388
1204,277,1481,0.1388
1199,274,1473,0.1388
1209,279,1488,0.1388
1203,280,1483,0.1388
1204,286,1490,0.1388
1208,289,1497,0.1388
1200,294,1494,0.1388
1196,290,1486,0.1388
1191,293,1484,0.1388
1199,292,1491,0.1388
1191,290,1481,0.1388
1185,298,1483,0.1388
1192,300,1492,0.1388
1197,299,1496,0.1388
1195,304,1499,0.1388
1203,300,1503,0.1388
1197,301,1498,0.1388
1185,297,1482,0.1388
1188,299,1487,0.1388
1195,298,1493,0.1388
1196,299,1495,0.1388
1196,303,1499,0.1388
1197,305,1502,0.1388
1191,307,1498,0.1388
1192,305,1497,0.1388
1198,307,1505,0.1388
1200,308,1508,0.1388
1191,303,1494,0.1388
1176,306,1482,0.1388
1185,313,1498,0.1388
1179,323,1502,0.1388
1185,321,1506,0.1388
1189,318,1507,0.1388
1192,318,1510,0.1388
1189,316,1505,0.1388
1180,315,1495,0.1388
1164,320,1484,0.1388
1149,322,1471,0.1388
1154,328,1482,0.1388
1165,326,1491,0.1388
1156,333,1489,0.1388
1157,330,1487,0.1388
1160,338,1498,0.1388
1149,344,1493,0.1388
1145,345,1490,0.1388
1161,342,1503,0.1388
1160,340,1500,0.1388
1160,348,1508,0.1388
1164,342,1506,0.1388
1158,349,1507,0.1388
1162,347,1509,0.1388
1162,342,1504,0.1388
1153,345,1498,0.1388
1161,347,1508,0.1388
1157,346,1503,0.1388
1150,350,1500,0.1388
1146,345,1491,0.1388
1156,342,1498,0.1388
1156,350,1506,0.1388
1148,347,1495,0.1388
1162,340,1502,0.1388
1169,344,1513,0.1388
1167,348,1515,0.1388
1168,350,1518,0.1388
1170,349,1519,0.1388
1154,343,1497,0.1388
1152,350,1502,0.1388
1153,345,1498,0.1388
1144,343,1487,0.1388
1149,343,1492,0.1388
1144,347,1491,0.1388
1134,342,1476,0.1388
1145,342,1487,0.1388
1149,337,1486,0.1388
1146,343,1489,0.1388
1150,343,1493,0.1388
1140,346,1486,0.1388
1143,349,1492,0.1388
1144,351,1495,0.1388
1145,350,1495,0.1388
1140,354,1494,0.1388
1152,354,1506,0.1388
1148,350,1498,0.1388
1160,351,1511,0.1388
1163,349,1512,0.1388
1158,356,1514,0.1388
1164,361,1525,0.1388
1147,363,1510,0.1388
1149,363,1512,0.1388
1139,362,1501,0.1388
1140,355,1495,0.1388
1141,358,1499,0.1388
1127,363,1490,0.1388
1135,364,1499,0.1388
1120,368,1488,0.1388
1134,374,1508,0.1388
1136,370,1506,0.1388
1137,374,1511,0.1388
1143,381,1524,0.1388
1144,376,1520,0.1388
1142,369,1511,0.1388
1134,365,1499,0.1388
1133,370,1503,0.1388
1141,376,1517,0.1388
1126,381,1507,0.1388
1117,381,1498,0.1388
1113,384,1497,0.1388
1122,383,1505,0.1388
1115,384,1499,0.1388
1119,386,1505,0.1388
1123,386,1509,0.1388
1122,387,1509,0.1388
1120,378,1498,0.1388
1108,378,1486,0.1388
1117,379,1496,0.1388
1123,385,1508,0.1388
1121,389,1510,0.1388
1124,383,1507,0.1388
1107,383,1490,0.1388
1108,379,1487,0.1388
1103,385,1488,0.1388
1113,394,1507,0.1388
1115,400,1515,0.1388
1112,401,1513,0.1388
1108,403,1511,0.1388
1103,403,1506,0.1388
1105,402,1507,0.1388
1098,401,1499,0.1388
1094,404,1498,0.1388
1088,399,1487,0.1388
1091,402,1493,0.1388
1100,395,1495,0.1388
1087,400,1487,0.1388
1085,402,1487,0.1388
1088,403,1491,0.1388
1098,408,1506,0.1388
1103,401,1504,0.1388
1097,399,1496,0.1388
1104,398,1502,0.1388
1099,400,1499,0.1388
1096,400,1496,0.1388
1090,407,1497,0.1388
1093,415,1508,0.1388
1085,417,1502,0.1388
1088,422,1510,0.1388
1082,423,1505,0.1388
1073,411,1484,0.1388
1088,408,1496,0.1388
1072,409,1481,0.1388
1068,415,1483,0.1388
1067,413,1480,0.1388
1069,412,1481,0.1388
1079,419,1498,0.1388
1078,427,1505,0.1388
1076,430,1506,0.1388
1076,433,1509,0.1388
1060,428,1488,0.1388
1056,435,1491,0.1388
1058,435,1493,0.1388
1067,437,1504,0.1388
1066,443,1509,0.1388
1053,443,1496,0.1388
1051,439,1490,0.1388
1045,432,1477,0.1388
1052,432,1484,0.1388
1055,436,1491,0.1388
1052,436,1488,0.1388
1066,443,1509,0.1388
1070,435,1505,0.1388
1072,440,1512,0.1388
1075,444,1519,0.1388
1059,450,1509,0.1388
1050,451,1501,0.1388
1058,456,1514,0.1388
1053,455,1508,0.1388
1057,455,1512,0.1388
1055,452,1507,0.1388
1060,462,1522,0.1388
1061,457,1518,0.1388
1057,458,1515,0.1388
1057,455,1512,0.1388
1057,447,1504,0.1388
1049,441,1490,0.1388
1047,440,1487,0.1388
1054,442,1496,0.1388
1065,446,1511,0.1388
1052,447,1499,0.1388
1054,449,1503,0.1388
1058,449,1507,0.1388
1064,447,1511,0.1388
1068,437,1505,0.1388
1049,442,1491,0.1388
1039,442,1481,0.1388
1049,446,1495,0.1388
1042,454,1496,0.1388
1049,460,1509,0.1388
1040,457,1497,0.1388
1034,459,1493,0.1388
1029,455,1484,0.1388
1036,454,1490,0.1388
1031,456,1487,0.1388
1029,463,1492,0.1388
1024,465,1489,0.1388
1039,466,1505,0.1388
1046,464,1510,0.1388
1035,466,1501,0.1388
1033,465,1498,0.1388
1031,464,1495,0.1388
1033,466,1499,0.1388
1024,476,1500,0.1388
1027,478,1505,0.1388
1031,483,1514,0.1388
1022,487,1509,0.1388
1040,488,1528,0.1388
1028,484,1512,0.1388
1023,488,1511,0.1388
1013,489,1502,0.1388
1018,484,1502,0.1388
1021,482,1503,0.1388
1022,490,1512,0.1388
1025,482,1507,0.1388
1018,483,1501,0.1388
1007,485,1492,0.1388
1008,493,1501,0.1388
1006,500,1506,0.1388
1001,498,1499,0.1388
989,506,1495,0.1388
991,497,1488,0.1388
999,500,1499,0.1388
998,503,1501,0.1388
992,514,1506,0.1388
998,514,1512,0.1388
994,501,1495,0.1388
990,507,1497,0.1388
979,515,1494,0.1388
979,512,1491,0.1388
967,506,1473,0.1388
973,509,1482,0.1388
974,504,1478,0.1388
985,509,1494,0.1388
988,516,1504,0.1388
987,518,1505,0.1388
993,510,1503,0.1388
999,513,1512,0.1388
988,518,1506,0.1388
992,521,1513,0.1388
1002,512,1514,0.1388
1003,518,1521,0.1388
989,521,1510,0.1388
984,524,1508,0.1388
982,527,1509,0.1388
971,522,1493,0.1388
973,519,1492,0.1388
971,525,1496,0.1388
969,523,1492,0.1388
969,521,1490,0.1388
979,526,1505,0.1388
977,530,1507,0.1388
963,526,1489,0.1388
958,530,1488,0.1388
958,534,1492,0.1388
957,537,1494,0.1388
962,541,1503,0.1388
968,537,1505,0.1388
965,538,1503,0.1388
962,533,1495,0.1388
949,532,1481,0.1388
942,540,1482,0.1388
947,534,1481,0.1388
957,539,1496,0.1388
953,544,1497,0.1388
953,544,1497,0.1388
954,545,1499,0.1388
948,549,1497,0.1388
954,548,1502,0.1388
950,549,1499,0.1388
958,555,1513,0.1388
943,559,1502,0.1388
944,558,1502,0.1388
939,558,1497,0.1388
949,556,1505,0.1388
951,557,1508,0.1388
953,556,1509,0.1388
953,553,1506,0.1388
948,560,1508,0.1388
946,568,1514,0.1388
946,562,1508,0.1388
947,567,1514,0.1388
948,563,1511,0.1388
943,566,1509,0.1388
943,563,1506,0.1388
938,567,1505,0.1388
938,567,1505,0.1388
927,569,1496,0.1388
918,576,1494,0.1388
921,574,1495,0.1388
915,576,1491,0.1388
925,574,1499,0.1388
924,578,1502,0.1388
937,581,1518,0.1388
923,571,1494,0.1388
941,573,1514,0.1388
952,578,1530,0.1388
944,578,1522,0.1388
938,585,1523,0.1388
935,576,1511,0.1388
931,573,1504,0.1388
926,570,1496,0.1388
935,570,1505,0.1388
926,579,1505,0.1388
924,575,1499,0.1388
945,572,1517,0.1388
933,578,1511,0.1388
944,584,1528,0.1388
945,578,1523,0.1388
929,583,1512,0.1388
932,578,1510,0.1388
924,573,1497,0.1388
935,574,1509,0.1388
924,575,1499,0.1388
927,578,1505,0.1388
924,577,1501,0.1388
916,577,1493,0.1388
907,571,1478,0.1388
898,581,1479,0.1388
916,580,1496,0.1388
917,579,1496,0.1388
906,590,1496,0.1388
910,598,1508,0.1388
903,601,1504,0.1388
900,599,1499,0.1388
897,598,1495,0.1388
895,604,1499,0.1388
901,603,1504,0.1388
896,606,1502,0.1388
899,603,1502,0.1388
903,611,1514,0.1388
904,611,1515,0.1388
894,614,1508,0.1388
889,619,1508,0.1388
876,624,1500,0.1388
888,617,1505,0.1388
886,618,1504,0.1388
887,617,1504,0.1388
883,613,1496,0.1388
877,616,1493,0.1388
866,619,1485,0.1388
868,622,1490,0.1388
868,625,1493,0.1388
863,628,1491,0.1388
868,636,1504,0.1388
868,635,1503,0.1388
861,631,1492,0.1388
865,632,1497,0.1388
864,633,1497,0.1388
868,642,1510,0.1388
865,635,1500,0.1388
856,638,1494,0.1388
855,649,1504,0.1388
857,644,1501,0.1388
865,651,1516,0.1388
865,649,1514,0.1388
869,648,1517,0.1388
858,650,1508,0.1388
859,657,1516,0.1388
858,659,1517,0.1388
853,662,1515,0.1388
860,665,1525,0.1388
861,666,1527,0.1388
858,665,1523,0.1388
854,666,1520,0.1388
847,669,1516,0.1388
835,672,1507,0.1388
841,661,1502,0.1388
831,668,1499,0.1388
830,681,1511,0.1388
837,679,1516,0.1388
833,674,1507,0.1388
824,663,1487,0.1388
822,670,1492,0.1388
825,675,1500,0.1388
824,686,1510,0.1388
818,685,1503,0.1388
811,692,1503,0.1388
812,695,1507,0.1388
813,703,1516,0.1388
799,702,1501,0.1388
795,684,1479,0.1388
801,687,1488,0.1388
795,691,1486,0.1388
810,690,1500,0.1388
810,699,1509,0.1388
806,697,1503,0.1388
812,697,1509,0.1388
804,703,1507,0.1388
811,709,1520,0.1388
807,714,1521,0.1388
797,709,1506,0.1388
805,710,1515,0.1388
804,712,1516,0.1388
815,713,1528,0.1388
815,698,1513,0.1388
806,704,1510,0.1388
806,709,1515,0.1388
801,706,1507,0.1388
807,703,1510,0.1388
793,699,1492,0.1388
793,703,1496,0.1388
790,702,1492,0.1388
794,706,1500,0.1388
787,697,1484,0.1388
796,705,1501,0.1388
796,716,1512,0.1388
797,719,1516,0.1388
794,723,1517,0.1388
793,722,1515,0.1388
795,712,1507,0.1388
790,709,1499,0.1388
784,706,1490,0.1388
785,712,1497,0.1388
798,710,1508,0.1388
789,714,1503,0.1388
795,721,1516,0.1388
792,716,1508,0.1388
791,693,1484,0.1388
792,705,1497,0.1388
793,708,1501,0.1388
797,706,1503,0.1388
792,703,1495,0.1388
795,705,1500,0.1388
799,710,1509,0.1388
782,708,1490,0.1388
782,716,1498,0.1388
779,722,1501,0.1388
780,729,1509,0.1388
780,719,1499,0.1388
782,708,1490,0.1388
781,711,1492,0.1388
780,711,1491,0.1388
775,716,1491,0.1388
785,710,1495,0.1388
784,720,1504,0.1388
784,733,1517,0.1388
773,729,1502,0.1388
779,728,1507,0.1388
779,728,1507,0.1388
765,723,1488,0.1388
770,739,1509,0.1388
769,736,1505,0.1388
782,740,1522,0.1388
781,734,1515,0.1388
774,738,1512,0.1388
773,729,1502,0.1388
768,732,1500,0.1388
775,729,1504,0.1388
758,737,1495,0.1388
761,744,1505,0.1388
745,746,1491,0.1388
745,746,1491,0.1388
738,747,1485,0.1388
740,743,1483,0.1388
744,748,1492,0.1388
741,753,1494,0.1388
733,765,1498,0.1388
735,768,1503,0.1388
729,764,1493,0.1388
728,764,1492,0.1388
722,777,1499,0.1388
711,778,1489,0.1388
710,780,1490,0.1388
717,784,1501,0.1388
715,780,1495,0.1388
717,775,1492,0.1388
727,774,1501,0.1388
725,780,1505,0.1388
721,787,1508,0.1388
722,784,1506,0.1388
723,782,1505,0.1388
729,784,1513,0.1388
727,786,1513,0.1388
723,793,1516,0.1388
718,780,1498,0.1388
710,781,1491,0.1388
700,785,1485,0.1388
709,790,1499,0.1388
720,789,1509,0.1388
710,795,1505,0.1388
709,795,1504,0.1388
708,786,1494,0.1388
705,802,1507,0.1388
699,809,1508,0.1388
696,796,1492,0.1388
698,794,1492,0.1388
698,794,1492,0.1388
690,794,1484,0.1388
693,807,1500,0.1388
700,815,1515,0.1388
705,812,1517,0.1388
699,819,1518,0.1388
703,817,1520,0.1388
697,817,1514,0.1388
691,812,1503,0.1388
695,812,1507,0.1388
703,816,1519,0.1388
696,811,1507,0.1388
690,803,1493,0.1388
687,804,1491,0.1388
689,815,1504,0.1388
684,826,1510,0.1388
689,814,1503,0.1388
684,822,1506,0.1388
683,821,1504,0.1388
688,834,1522,0.1388
697,833,1530,0.1388
690,821,1511,0.1388
685,826,1511,0.1388
684,825,1509,0.1388
694,825,1519,0.1388
698,832,1530,0.1388
700,830,1530,0.1388
694,823,1517,0.1388
680,824,1504,0.1388
681,824,1505,0.1388
682,836,1518,0.1388
676,830,1506,0.1388
671,836,1507,0.1388
660,844,1504,0.1388
655,844,1499,0.1388
647,852,1499,0.1388
656,842,1498,0.1388
660,849,1509,0.1388
658,856,1514,0.1388
661,860,1521,0.1388
653,859,1512,0.1388
649,863,1512,0.1388
644,866,1510,0.1388
645,871,1516,0.1388
634,863,1497,0.1388
640,864,1504,0.1388
642,876,1518,0.1388
645,872,1517,0.1388
642,868,1510,0.1388
642,870,1512,0.1388
647,865,1512,0.1388
643,872,1515,0.1388
635,874,1509,0.1388
633,873,1506,0.1388
637,876,1513,0.1388
640,872,1512,0.1388
632,875,1507,0.1388
633,885,1518,0.1388
628,882,1510,0.1388
628,882,1510,0.1388
628,878,1506,0.1388
642,886,1528,0.1388
631,887,1518,0.1388
634,887,1521,0.1388
634,888,1522,0.1388
627,892,1519,0.1388
627,886,1513,0.1388
625,883,1508,0.1388
627,882,1509,0.1388
623,885,1508,0.1388
626,896,1522,0.1388
624,889,1513,0.1388
613,881,1494,0.1388
617,884,1501,0.1388
624,891,1515,0.1388
627,891,1518,0.1388
625,884,1509,0.1388
617,891,1508,0.1388
611,890,1501,0.1388
607,892,1499,0.1388
607,894,1501,0.1388
620,890,1510,0.1388
619,882,1501,0.1388
613,888,1501,0.1388
618,889,1507,0.1388
621,887,1508,0.1388
627,883,1510,0.1388
628,895,1523,0.1388
626,890,1516,0.1388
623,893,1516,0.1388
620,899,1519,0.1388
613,892,1505,0.1388
604,890,1494,0.1388
615,892,1507,0.1388
609,893,1502,0.1388
617,893,1510,0.1388
617,898,1515,0.1388
612,900,1512,0.1388
606,901,1507,0.1388
609,897,1506,0.1388
604,899,1503,0.1388
600,906,1506,0.1388
606,898,1504,0.1388
612,904,1516,0.1388
612,893,1505,0.1388
609,895,1504,0.1388
610,899,1509,0.1388
607,908,1515,0.1388
606,903,1509,0.1388
600,915,1515,0.1388
595,917,1512,0.1388
589,927,1516,0.1388
577,924,1501,0.1388
580,931,1511,0.1388
576,924,1500,0.1388
566,929,1495,0.1388
575,930,1505,0.1388
578,927,1505,0.1388
574,926,1500,0.1388
575,929,1504,0.1388
573,922,1495,0.1388
570,920,1490,0.1388
573,924,1497,0.1388
575,934,1509,0.1388
569,926,1495,0.1388
576,925,1501,0.1388
578,931,1509,0.1388
579,932,1511,0.1388
588,935,1523,0.1388
593,937,1530,0.1388
585,937,1522,0.1388
586,933,1519,0.1388
585,931,1516,0.1388
581,926,1507,0.1388
583,933,1516,0.1388
587,930,1517,0.1388
576,924,1500,0.1388
574,930,1504,0.1388
584,943,1527,0.1388
576,931,1507,0.1388
573,925,1498,0.1388
571,924,1495,0.1388
570,928,1498,0.1388
563,924,1487,0.1388
563,930,1493,0.1388
570,943,1513,0.1388
565,951,1516,0.1388
564,952,1516,0.1388
567,953,1520,0.1388
569,945,1514,0.1388
571,942,1513,0.1388
573,945,1518,0.1388
563,939,1502,0.1388
561,944,1505,0.1388
557,933,1490,0.1388
561,945,1506,0.1388
557,948,1505,0.1388
554,945,1499,0.1388
553,950,1503,0.1388
549,956,1505,0.1388
541,960,1501,0.1388
535,964,1499,0.1388
542,979,1521,0.1388
540,975,1515,0.1388
533,977,1510,0.1388
535,969,1504,0.1388
531,968,1499,0.1388
540,969,1509,0.1388
535,965,1500,0.1388
536,975,1511,0.1388
535,968,1503,0.1388
533,961,1494,0.1388
531,958,1489,0.1388
527,962,1489,0.1388
526,974,1500,0.1388
540,984,1524,0.1388
542,992,1534,0.1388
530,994,1524,0.1388
527,999,1526,0.1388
528,998,1526,0.1388
527,1000,1527,0.1388
521,988,1509,0.1388
521,989,1510,0.1388
530,979,1509,0.1388
539,994,1533,0.1388
533,999,1532,0.1388
528,990,1518,0.1388
521,990,1511,0.1388
527,989,1516,0.1388
523,993,1516,0.1388
530,994,1524,0.1388
514,1002,1516,0.1388
508,996,1504,0.1388
514,985,1499,0.1388
521,985,1506,0.1388
529,992,1521,0.1388
526,996,1522,0.1388
525,999,1524,0.1388
524,998,1522,0.1388
525,991,1516,0.1388
521,980,1501,0.1388
514,993,1507,0.1388
515,1004,1519,0.1388
514,1004,1518,0.1388
513,998,1511,0.1388
504,1001,1505,0.1388
507,1001,1508,0.1388
506,991,1497,0.1388
503,995,1498,0.1388
502,981,1483,0.1388
495,982,1477,0.1388
494,986,1480,0.1388
490,976,1466,0.1388
489,983,1472,0.1388
483,1002,1485,0.1388
492,998,1490,0.1388
491,1016,1507,0.1388
481,1012,1493,0.1388
481,1015,1496,0.1388
479,1022,1501,0.1388
483,1030,1513,0.1388
480,1035,1515,0.1388
476,1041,1517,0.1388
471,1029,1500,0.1388
470,1037,1507,0.1388
473,1030,1503,0.1388
467,1033,1500,0.1388
461,1042,1503,0.1388
460,1036,1496,0.1388
468,1029,1497,0.1388
465,1022,1487,0.1388
471,1027,1498,0.1388
460,1022,1482,0.1388
466,1014,1480,0.1388
469,1022,1491,0.1388
471,1034,1505,0.1388
472,1044,1516,0.1388
473,1043,1516,0.1388
466,1059,1525,0.1388
471,1050,1521,0.1388
470,1050,1520,0.1388
469,1050,1519,0.1388
468,1044,1512,0.1388
468,1053,1521,0.1388
464,1037,1501,0.1388
461,1044,1505,0.1388
463,1037,1500,0.1388
463,1046,1509,0.1388
461,1043,1504,0.1388
460,1049,1509,0.1388
461,1049,1510,0.1388
454,1061,1515,0.1388
468,1068,1536,0.1388
459,1062,1521,0.1388
449,1058,1507,0.1388
456,1064,1520,0.1388
464,1064,1528,0.1388
461,1062,1523,0.1388
453,1056,1509,0.1388
449,1054,1503,0.1388
448,1058,1506,0.1388
439,1063,1502,0.1388
437,1071,1508,0.1388
439,1083,1522,0.1388
442,1076,1518,0.1388
445,1067,1512,0.1388
438,1069,1507,0.1388
433,1065,1498,0.1388
441,1073,1514,0.1388
450,1077,1527,0.1388
448,1074,1522,0.1388
443,1072,1515,0.1388
446,1076,1522,0.1388
438,1063,1501,0.1388
431,1068,1499,0.1388
431,1081,1512,0.1388
429,1081,1510,0.1388
429,1084,1513,0.1388
437,1078,1515,0.1388
440,1087,1527,0.1388
437,1084,1521,0.1388
424,1077,1501,0.1388
422,1078,1500,0.1388
421,1074,1495,0.1388
421,1084,1505,0.1388
417,1088,1505,0.1388
421,1098,1519,0.1388
427,1089,1516,0.1388
433,1083,1516,0.1388
425,1084,1509,0.1388
426,1083,1509,0.1388
429,1084,1513,0.1388
428,1085,1513,0.1388
437,1090,1527,0.1388
433,1079,1512,0.1388
431,1081,1512,0.1388
428,1073,1501,0.1388
429,1080,1509,0.1388
424,1075,1499,0.1388
422,1094,1516,0.1388
423,1098,1521,0.1388
421,1092,1513,0.1388
416,1090,1506,0.1388
419,1074,1493,0.1388
420,1072,1492,0.1388
413,1077,1490,0.1388
412,1074,1486,0.1388
410,1083,1493,0.1388
418,1090,1508,0.1388
419,1101,1520,0.1388
415,1109,1524,0.1388
416,1105,1521,0.1388
401,1097,1498,0.1388
408,1107,1515,0.1388
405,1115,1520,0.1388
409,1113,1522,0.1388
410,1104,1514,0.1388
407,1105,1512,0.1388
411,1110,1521,0.1388
407,1108,1515,0.1388
406,1108,1514,0.1388
404,1106,1510,0.1388
404,1111,1515,0.1388
405,1113,1518,0.1388
406,1118,1524,0.1388
405,1113,1518,0.1388
397,1108,1505,0.1388
399,1111,1510,0.1388
403,1115,1518,0.1388
403,1119,1522,0.1388
396,1113,1509,0.1388
398,1124,1522,0.1388
398,1115,1513,0.1388
392,1122,1514,0.1388
394,1117,1511,0.1388
391,1109,1500,0.1388
394,1113,1507,0.1388
392,1131,1523,0.1388
391,1129,1520,0.1388
396,1119,1515,0.1388
392,1127,1519,0.1388
391,1124,1515,0.1388
392,1115,1507,0.1388
394,1110,1504,0.1388
395,1117,1512,0.1388
391,1117,1508,0.1388
391,1115,1506,0.1388
387,1120,1507,0.1388
382,1124,1506,0.1388
375,1121,1496,0.1388
369,1128,1497,0.1388
368,1119,1487,0.1388
360,1120,1480,0.1388
364,1140,1504,0.1388
362,1142,1504,0.1388
370,1148,1518,0.1388
363,1140,1503,0.1388
366,1137,1503,0.1388
373,1136,1509,0.1388
372,1145,1517,0.1388
370,1131,1501,0.1388
369,1136,1505,0.1388
363,1139,1502,0.1388
357,1151,1508,0.1388
351,1162,1513,0.1388
354,1163,1517,0.1388
349,1159,1508,0.1388
344,1164,1508,0.1388
344,1168,1512,0.1388
346,1170,1516,0.1388
344,1172,1516,0.1388
340,1167,1507,0.1388
338,1161,1499,0.1388
333,1171,1504,0.1388
343,1175,1518,0.1388
336,1175,1511,0.1388
336,1172,1508,0.1388
338,1174,1512,0.1388
331,1168,1499,0.1388
331,1167,1498,0.1388
336,1165,1501,0.1388
336,1166,1502,0.1388
337,1163,1500,0.1388
338,1170,1508,0.1388
336,1166,1502,0.1388
331,1170,1501,0.1388
333,1178,1511,0.1388
332,1178,1510,0.1388
334,1180,1514,0.1388
334,1183,1517,0.1388
332,1179,1511,0.1388
324,1170,1494,0.1388
321,1178,1499,0.1388
316,1189,1505,0.1388
321,1187,1508,0.1388
321,1183,1504,0.1388
313,1193,1506,0.1388
317,1182,1499,0.1388
312,1199,1511,0.1388
308,1208,1516,0.1388
311,1205,1516,0.1388
314,1199,1513,0.1388
307,1204,1511,0.1388
308,1198,1506,0.1388
308,1196,1504,0.1388
307,1195,1502,0.1388
298,1200,1498,0.1388
306,1208,1514,0.1388
301,1204,1505,0.1388
295,1197,1492,0.1388
298,1208,1506,0.1388
298,1205,1503,0.1388
299,1211,1510,0.1388
296,1211,1507,0.1388
302,1221,1523,0.1388
297,1215,1512,0.1388
295,1215,1510,0.1388
294,1211,1505,0.1388
290,1215,1505,0.1388
289,1222,1511,0.1388
291,1214,1505,0.1388
298,1217,1515,0.1388
299,1217,1516,0.1388
295,1222,1517,0.1388
287,1220,1507,0.1388
285,1215,1500,0.1388
291,1208,1499,0.1388
296,1205,1501,0.1388
297,1222,1519,0.1388
294,1216,1510,0.1388
296,1218,1514,0.1388
299,1221,1520,0.1388
290,1219,1509,0.1388
295,1222,1517,0.1388
297,1227,1524,0.1388
298,1227,1525,0.1388
302,1224,1526,0.1388
298,1214,1512,0.1388
302,1206,1508,0.1388
296,1204,1500,0.1388
290,1213,1503,0.1388
288,1228,1516,0.1388
289,1227,1516,0.1388
290,1216,1506,0.1388
287,1209,1496,0.1388
291,1211,1502,0.1388
295,1213,1508,0.1388
292,1223,1515,0.1388
284,1230,1514,0.1388
283,1242,1525,0.1388
283,1238,1521,0.1388
281,1241,1522,0.1388
287,1252,1539,0.1388
283,1241,1524,0.1388
284,1243,1527,0.1388
280,1242,1522,0.1388
276,1232,1508,0.1388
280,1238,1518,0.1388
283,1235,1518,0.1388
282,1235,1517,0.1388
290,1237,1527,0.1388
286,1235,1521,0.1388
286,1232,1518,0.1388
282,1227,1509,0.1388
285,1231,1516,0.1388
283,1241,1524,0.1388
279,1234,1513,0.1388
278,1241,1519,0.1388
274,1229,1503,0.1388
272,1234,1506,0.1388
273,1236,1509,0.1388
274,1235,1509,0.1388
270,1223,1493,0.1388
262,1229,1491,0.1388
265,1227,1492,0.1388
268,1229,1497,0.1388
273,1230,1503,0.1388
274,1228,1502,0.1388
274,1235,1509,0.1388
274,1240,1514,0.1388
273,1229,1502,0.1388
276,1232,1508,0.1388
279,1235,1514,0.1388
280,1254,1534,0.1388
278,1255,1533,0.1388
275,1242,1517,0.1388
271,1233,1504,0.1388
274,1235,1509,0.1388
270,1235,1505,0.1388
271,1233,1504,0.1388
267,1239,1506,0.1388
272,1246,1518,0.1388
275,1249,1524,0.1388
274,1254,1528,0.1388
274,1251,1525,0.1388
272,1252,1524,0.1388
273,1239,1512,0.1388
271,1245,1516,0.1388
269,1247,1516,0.1388
267,1240,1507,0.1388
267,1238,1505,0.1388
264,1230,1494,0.1388
260,1229,1489,0.1388
263,1233,1496,0.1388
263,1244,1507,0.1388
267,1249,1516,0.1388
263,1263,1526,0.1388
267,1264,1531,0.1388
273,1259,1532,0.1388
269,1256,1525,0.1388
269,1254,1523,0.1388
267,1245,1512,0.1388
269,1244,1513,0.1388
275,1242,1517,0.1388
275,1236,1511,0.1388
273,1237,1510,0.1388
275,1229,1504,0.1388
275,1231,1506,0.1388
265,1239,1504,0.1388
265,1234,1499,0.1388
266,1246,1512,0.1388
263,1234,1497,0.1388
267,1234,1501,0.1388
268,1249,1517,0.1388
264,1259,1523,0.1388
274,1257,1531,0.1388
277,1247,1524,0.1388
273,1250,1523,0.1388
264,1240,1504,0.1388
266,1231,1497,0.1388
267,1221,1488,0.1388
264,1233,1497,0.1388
274,1230,1504,0.1388
268,1237,1505,0.1388
265,1242,1507,0.1388
261,1234,1495,0.1388
262,1244,1506,0.1388
258,1249,1507,0.1388
257,1242,1499,0.1388
255,1249,1504,0.1388
253,1242,1495,0.1388
255,1249,1504,0.1388
253,1260,1513,0.1388
252,1258,1510,0.1388
255,1256,1511,0.1388
251,1254,1505,0.1388
253,1257,1510,0.1388
252,1251,1503,0.1388
253,1245,1498,0.1388
250,1248,1498,0.1388
256,1244,1500,0.1388
254,1235,1489,0.1388
256,1243,1499,0.1388
257,1258,1515,0.1388
255,1250,1505,0.1388
255,1251,1506,0.1388
251,1251,1502,0.1388
245,1246,1491,0.1388
245,1258,1503,0.1388
241,1269,1510,0.1388
241,1264,1505,0.1388
246,1269,1515,0.1388
238,1264,1502,0.1388
235,1271,1506,0.1388
239,1259,1498,0.1388
239,1274,1513,0.1388
241,1270,1511,0.1388
243,1283,1526,0.1388
239,1276,1515,0.1388
242,1266,1508,0.1388
234,1270,1504,0.1388
237,1263,1500,0.1388
236,1263,1499,0.1388
241,1260,1501,0.1388
240,1251,1491,0.1388
243,1251,1494,0.1388
247,1254,1501,0.1388
246,1251,1497,0.1388
251,1268,1519,0.1388
251,1260,1511,0.1388
253,1265,1518,0.1388
252,1264,1516,0.1388
251,1277,1528,0.1388
248,1276,1524,0.1388
245,1268,1513,0.1388
242,1271,1513,0.1388
241,1283,1524,0.1388
245,1287,1532,0.1388
239,1283,1522,0.1388
234,1276,1510,0.1388
232,1273,1505,0.1388
228,1288,1516,0.1388
230,1278,1508,0.1388
232,1267,1499,0.1388
231,1271,1502,0.1388
237,1284,1521,0.1388
235,1279,1514,0.1388
227,1285,1512,0.1388
229,1276,1505,0.1388
229,1283,1512,0.1388
229,1278,1507,0.1388
236,1274,1510,0.1388
236,1285,1521,0.1388
231,1280,1511,0.1388
230,1271,1501,0.1388
226,1273,1499,0.1388
224,1277,1501,0.1388
224,1280,1504,0.1388
224,1279,1503,0.1388
229,1283,1512,0.1388
228,1278,1506,0.1388
230,1292,1522,0.1388
231,1295,1526,0.1388
231,1289,1520,0.1388
231,1290,1521,0.1388
232,1292,1524,0.1388
231,1288,1519,0.1388
234,1280,1514,0.1388
234,1266,1500,0.1388
231,1274,1505,0.1388
231,1266,1497,0.1388
226,1270,1496,0.1388
223,1281,1504,0.1388
223,1288,1511,0.1388
220,1290,1510,0.1388
219,1298,1517,0.1388
220,1297,1517,0.1388
216,1298,1514,0.1388
220,1306,1526,0.1388
218,1299,1517,0.1388
215,1302,1517,0.1388
219,1307,1526,0.1388
214,1302,1516,0.1388
215,1300,1515,0.1388
215,1301,1516,0.1388
215,1289,1504,0.1388
214,1288,1502,0.1388
215,1301,1516,0.1388
212,1298,1510,0.1388
212,1287,1499,0.1388
218,1296,1514,0.1388
213,1282,1495,0.1388
208,1287,1495,0.1388
209,1293,1502,0.1388
211,1282,1493,0.1388
214,1295,1509,0.1388
213,1290,1503,0.1388
212,1306,1518,0.1388
206,1325,1531,0.1388
205,1317,1522,0.1388
208,1301,1509,0.1388
207,1297,1504,0.1388
208,1293,1501,0.1388
203,1308,1511,0.1388
202,1304,1506,0.1388
200,1310,1510,0.1388
197,1316,1513,0.1388
194,1322,1516,0.1388
190,1317,1507,0.1388
190,1324,1514,0.1388
188,1331,1519,0.1388
184,1326,1510,0.1388
186,1326,1512,0.1388
190,1321,1511,0.1388
184,1329,1513,0.1388
186,1328,1514,0.1388
188,1333,1521,0.1388
183,1329,1512,0.1388
181,1335,1516,0.1388
183,1333,1516,0.1388
178,1340,1518,0.1388
174,1333,1507,0.1388
174,1346,1520,0.1388
173,1349,1522,0.1388
176,1345,1521,0.1388
171,1354,1525,0.1388
171,1354,1525,0.1388
167,1353,1520,0.1388
171,1351,1522,0.1388
168,1339,1507,0.1388
171,1346,1517,0.1388
172,1354,1526,0.1388
167,1352,1519,0.1388
169,1354,1523,0.1388
168,1357,1525,0.1388
168,1357,1525,0.1388
168,1354,1522,0.1388
165,1348,1513,0.1388
159,1342,1501,0.1388
158,1341,1499,0.1388
156,1343,1499,0.1388
157,1346,1503,0.1388
160,1353,1513,0.1388
165,1351,1516,0.1388
165,1360,1525,0.1388
166,1351,1517,0.1388
159,1339,1498,0.1388
161,1349,1510,0.1388
158,1344,1502,0.1388
154,1350,1504,0.1388
145,1353,1498,0.1388
149,1356,1505,0.1388
153,1360,1513,0.1388
149,1364,1513,0.1388
149,1359,1508,0.1388
154,1366,1520,0.1388
154,1365,1519,0.1388
153,1355,1508,0.1388
151,1357,1508,0.1388
151,1371,1522,0.1388
148,1379,1527,0.1388
144,1377,1521,0.1388
143,1365,1508,0.1388
142,1363,1505,0.1388
141,1357,1498,0.1388
141,1375,1516,0.1388
139,1373,1512,0.1388
141,1370,1511,0.1388
143,1375,1518,0.1388
144,1380,1524,0.1388
147,1370,1517,0.1388
143,1368,1511,0.1388
144,1365,1509,0.1388
147,1365,1512,0.1388
148,1367,1515,0.1388
142,1370,1512,0.1388
139,1380,1519,0.1388
139,1376,1515,0.1388
139,1365,1504,0.1388
134,1379,1513,0.1388
129,1383,1512,0.1388
129,1379,1508,0.1388
130,1381,1511,0.1388
130,1373,1503,0.1388
134,1374,1508,0.1388
135,1372,1507,0.1388
136,1370,1506,0.1388
134,1370,1504,0.1388
136,1376,1512,0.1388
137,1373,1510,0.1388
140,1380,1520,0.1388
135,1385,1520,0.1388
135,1390,1525,0.1388
131,1392,1523,0.1388
125,1383,1508,0.1388
123,1378,1501,0.1388
123,1388,1511,0.1388
124,1389,1513,0.1388
123,1394,1517,0.1388
124,1393,1517,0.1388
125,1388,1513,0.1388
125,1403,1528,0.1388
126,1399,1525,0.1388
121,1393,1514,0.1388
120,1392,1512,0.1388
113,1397,1510,0.1388
112,1405,1517,0.1388
114,1401,1515,0.1388
117,1398,1515,0.1388
118,1393,1511,0.1388
121,1393,1514,0.1388
123,1393,1516,0.1388
122,1393,1515,0.1388
121,1393,1514,0.1388
118,1404,1522,0.1388
120,1405,1525,0.1388
118,1405,1523,0.1388
115,1397,1512,0.1388
118,1404,1522,0.1388
119,1392,1511,0.1388
116,1403,1519,0.1388
117,1409,1526,0.1388
116,1390,1506,0.1388
114,1396,1510,0.1388
112,1396,1508,0.1388
111,1394,1505,0.1388
111,1406,1517,0.1388
107,1407,1514,0.1388
109,1409,1518,0.1388
108,1418,1526,0.1388
107,1406,1513,0.1388
105,1409,1514,0.1388
102,1407,1509,0.1388
100,1414,1514,0.1388
97,1420,1517,0.1388
101,1409,1510,0.1388
102,1409,1511,0.1388
103,1406,1509,0.1388
101,1404,1505,0.1388
103,1412,1515,0.1388
102,1404,1506,0.1388
105,1413,1518,0.1388
102,1419,1521,0.1388
102,1410,1512,0.1388
101,1410,1511,0.1388
100,1418,1518,0.1388
102,1422,1524,0.1388
105,1409,1514,0.1388
104,1414,1518,0.1388
103,1416,1519,0.1388
101,1414,1515,0.1388
103,1415,1518,0.1388
102,1416,1518,0.1388
101,1409,1510,0.1388
98,1416,1514,0.1388
96,1417,1513,0.1388
92,1423,1515,0.1388
93,1433,1526,0.1388
97,1423,1520,0.1388
94,1426,1520,0.1388
92,1418,1510,0.1388
91,1419,1510,0.1388
89,1408,1497,0.1388
89,1418,1507,0.1388
88,1420,1508,0.1388
85,1426,1511,0.1388
82,1423,1505,0.1388
81,1434,1515,0.1388
81,1445,1526,0.1388
76,1430,1506,0.1388
78,1440,1518,0.1388
76,1433,1509,0.1388
74,1435,1509,0.1388
74,1425,1499,0.1388
76,1436,1512,0.1388
75,1426,1501,0.1388
76,1424,1500,0.1388
77,1438,1515,0.1388
75,1439,1514,0.1388
77,1436,1513,0.1388
75,1430,1505,0.1388
75,1430,1505,0.1388
74,1427,1501,0.1388
74,1442,1516,0.1388
77,1448,1525,0.1388
80,1431,1511,0.1388
79,1431,1510,0.1388
78,1447,1525,0.1388
82,1453,1535,0.1388
85,1435,1520,0.1388
85,1442,1527,0.1388
84,1448,1532,0.1388
84,1424,1508,0.1388
80,1434,1514,0.1388
79,1439,1518,0.1388
85,1439,1524,0.1388
85,1432,1517,0.1388
86,1431,1517,0.1388
86,1427,1513,0.1388
84,1417,1501,0.1388
86,1432,1518,0.1388
88,1424,1512,0.1388
85,1432,1517,0.1388
86,1427,1513,0.1388
85,1434,1519,0.1388
84,1438,1522,0.1388
85,1436,1521,0.1388
82,1435,1517,0.1388
82,1424,1506,0.1388
80,1419,1499,0.1388
81,1415,1496,0.1388
83,1414,1497,0.1388
82,1427,1509,0.1388
82,1444,1526,0.1388
83,1437,1520,0.1388
81,1437,1518,0.1388
82,1428,1510,0.1388
77,1433,1510,0.1388
78,1430,1508,0.1388
77,1441,1518,0.1388
73,1445,1518,0.1388
72,1445,1517,0.1388
74,1438,1512,0.1388
77,1443,1520,0.1388
76,1440,1516,0.1388
74,1451,1525,0.1388
74,1451,1525,0.1388
70,1451,1521,0.1388
74,1444,1518,0.1388
76,1442,1518,0.1388
76,1447,1523,0.1388
77,1457,1534,0.1388
79,1458,1537,0.1388
74,1449,1523,0.1388
71,1449,1520,0.1388
66,1459,1525,0.1388
67,1472,1539,0.1388
63,1475,1538,0.1388
61,1466,1527,0.1388
62,1460,1522,0.1388
62,1456,1518,0.1388
60,1452,1512,0.1388
59,1435,1494,0.1388
60,1429,1489,0.1388
59,1447,1506,0.1388
60,1453,1513,0.1388
59,1473,1532,0.1388
60,1467,1527,0.1388
60,1470,1530,0.1388
59,1485,1544,0.1388
57,1467,1524,0.1388
58,1476,1534,0.1388
57,1482,1539,0.1388
59,1472,1531,0.1388
59,1478,1537,0.1388
59,1468,1527,0.1388
58,1464,1522,0.1388
55,1472,1527,0.1388
56,1470,1526,0.1388
55,1463,1518,0.1388
53,1463,1516,0.1388
54,1460,1514,0.1388
56,1467,1523,0.1388
58,1448,1506,0.1388
58,1455,1513,0.1388
56,1443,1499,0.1388
56,1441,1497,0.1388
53,1440,1493,0.1388
55,1438,1493,0.1388
55,1451,1506,0.1388
53,1463,1516,0.1388
50,1466,1516,0.1388
49,1468,1517,0.1388
51,1469,1520,0.1388
51,1468,1519,0.1388
51,1467,1518,0.1388
50,1463,1513,0.1388
50,1477,1527,0.1388
48,1474,1522,0.1388
48,1472,1520,0.1388
47,1463,1510,0.1388
48,1466,1514,0.1388
47,1471,1518,0.1388
48,1471,1519,0.1388
47,1472,1519,0.1388
46,1480,1526,0.1388
45,1473,1518,0.1388
46,1464,1510,0.1388
47,1461,1508,0.1388
48,1479,1527,0.1388
49,1470,1519,0.1388
50,1467,1517,0.1388
50,1480,1530,0.1388
49,1478,1527,0.1388
47,1469,1516,0.1388
48,1472,1520,0.1388
49,1474,1523,0.1388
48,1475,1523,0.1388
49,1483,1532,0.1388
50,1472,1522,0.1388
50,1481,1531,0.1388
50,1470,1520,0.1388
50,1476,1526,0.1388
49,1467,1516,0.1388
50,1462,1512,0.1388
49,1450,1499,0.1388
50,1465,1515,0.1388
50,1471,1521,0.1388
47,1471,1518,0.1388
48,1473,1521,0.1388
49,1489,1538,0.1388
50,1474,1524,0.1388
50,1469,1519,0.1388
51,1459,1510,0.1388
51,1455,1506,0.1388
47,1458,1505,0.1388
48,1448,1496,0.1388
49,1449,1498,0.1388
47,1461,1508,0.1388
48,1461,1509,0.1388
48,1465,1513,0.1388
49,1456,1505,0.1388
49,1457,1506,0.1388
47,1459,1506,0.1388
49,1461,1510,0.1388
48,1457,1505,0.1388
47,1458,1505,0.1388
46,1462,1508,0.1388
46,1467,1513,0.1388
46,1473,1519,0.1388
42,1462,1504,0.1388
44,1463,1507,0.1388
45,1463,1508,0.1388
44,1467,1511,0.1388
45,1471,1516,0.1388
45,1471,1516,0.1388
45,1474,1519,0.1388
45,1463,1508,0.1388
42,1470,1512,0.1388
42,1471,1513,0.1388
46,1466,1512,0.1388
44,1467,1511,0.1388
44,1473,1517,0.1388
45,1478,1523,0.1388
48,1482,1530,0.1388
47,1477,1524,0.1388
47,1475,1522,0.1388
46,1477,1523,0.1388
44,1479,1523,0.1388
46,1474,1520,0.1388
47,1468,1515,0.1388
48,1457,1505,0.1388
50,1456,1506,0.1388
50,1463,1513,0.1388
50,1448,1498,0.1388
49,1460,1509,0.1388
49,1445,1494,0.1388
49,1453,1502,0.1388
49,1463,1512,0.1388
48,1458,1506,0.1388
48,1461,1509,0.1388
48,1479,1527,0.1388
48,1488,1536,0.1388
47,1477,1524,0.1388
46,1459,1505,0.1388
44,1461,1505,0.1388
42,1459,1501,0.1388
41,1472,1513,0.1388
42,1472,1514,0.1388
42,1476,1518,0.1388
42,1486,1528,0.1388
43,1487,1530,0.1388
43,1477,1520,0.1388
44,1472,1516,0.1388
44,1474,1518,0.1388
43,1465,1508,0.1388
44,1483,1527,0.1388
40,1478,1518,0.1388
39,1471,1510,0.1388
39,1467,1506,0.1388
39,1468,1507,0.1388
38,1466,1504,0.1388
39,1472,1511,0.1388
40,1488,1528,0.1388
40,1473,1513,0.1388
39,1467,1506,0.1388
38,1474,1512,0.1388
38,1485,1523,0.1388
36,1473,1509,0.1388
36,1478,1514,0.1388
36,1485,1521,0.1388
36,1493,1529,0.1388
35,1488,1523,0.1388
37,1477,1514,0.1388
37,1490,1527,0.1388
37,1490,1527,0.1388
37,1478,1515,0.1388
37,1476,1513,0.1388
37,1483,1520,0.1388
37,1485,1522,0.1388
37,1488,1525,0.1388
39,1486,1525,0.1388
39,1482,1521,0.1388
41,1466,1507,0.1388
43,1471,1514,0.1388
43,1466,1509,0.1388
46,1464,1510,0.1388
46,1459,1505,0.1388
45,1468,1513,0.1388
43,1471,1514,0.1388
45,1476,1521,0.1388
43,1469,1512,0.1388
43,1461,1504,0.1388
43,1465,1508,0.1388
43,1472,1515,0.1388
43,1472,1515,0.1388
42,1477,1519,0.1388
42,1473,1515,0.1388
41,1460,1501,0.1388
41,1478,1519,0.1388
42,1492,1534,0.1388
42,1485,1527,0.1388
40,1483,1523,0.1388
39,1491,1530,0.1388
38,1479,1517,0.1388
36,1492,1528,0.1388
35,1491,1526,0.1388
34,1479,1513,0.1388
34,1474,1508,0.1388
37,1479,1516,0.1388
37,1484,1521,0.1388
35,1479,1514,0.1388
35,1469,1504,0.1388
34,1478,1512,0.1388
32,1476,1508,0.1388
33,1475,1508,0.1388
33,1486,1519,0.1388
32,1492,1524,0.1388
31,1479,1510,0.1388
32,1481,1513,0.1388
28,1485,1513,0.1388
28,1486,1514,0.1388
27,1481,1508,0.1388
28,1467,1495,0.1388
30,1482,1512,0.1388
30,1473,1503,0.1388
34,1467,1501,0.1388
34,1466,1500,0.1388
34,1473,1507,0.1388
33,1474,1507,0.1388
30,1476,1506,0.1388
31,1474,1505,0.1388
33,1462,1495,0.1388
34,1468,1502,0.1388
35,1464,1499,0.1388
36,1467,1503,0.1388
36,1466,1502,0.1388
36,1482,1518,0.1388
35,1468,1503,0.1388
35,1476,1511,0.1388
34,1476,1510,0.1388
34,1481,1515,0.1388
34,1482,1516,0.1388
36,1482,1518,0.1388
36,1487,1523,0.1388
36,1499,1535,0.1388
36,1502,1538,0.1388
35,1489,1524,0.1388
34,1489,1523,0.1388
34,1485,1519,0.1388
31,1487,1518,0.1388
30,1490,1520,0.1388
29,1481,1510,0.1388
28,1489,1517,0.1388
30,1498,1528,0.1388
29,1492,1521,0.1388
29,1481,1510,0.1388
30,1494,1524,0.1388
30,1483,1513,0.1388
30,1482,1512,0.1388
29,1485,1514,0.1388
29,1487,1516,0.1388
29,1492,1521,0.1388
29,1488,1517,0.1388
31,1495,1526,0.1388
32,1495,1527,0.1388
33,1493,1526,0.1388
33,1490,1523,0.1388
32,1486,1518,0.1388
31,1482,1513,0.1388
30,1481,1511,0.1388
29,1482,1511,0.1388
30,1500,1530,0.1388
29,1496,1525,0.1388
32,1479,1511,0.1388
32,1477,1509,0.1388
32,1482,1514,0.1388
30,1478,1508,0.1388
31,1487,1518,0.1388
32,1465,1497,0.1388
32,1468,1500,0.1388
32,1473,1505,0.1388
33,1474,1507,0.1388
31,1486,1517,0.1388
34,1472,1506,0.1388
34,1481,1515,0.1388
34,1488,1522,0.1388
32,1482,1514,0.1388
31,1484,1515,0.1388
33,1474,1507,0.1388
32,1484,1516,0.1388
30,1480,1510,0.1388
29,1482,1511,0.1388
29,1483,1512,0.1388
28,1494,1522,0.1388
28,1489,1517,0.1388
29,1485,1514,0.1388
27,1488,1515,0.1388
27,1480,1507,0.1388
29,1489,1518,0.1388
30,1495,1525,0.1388
28,1490,1518,0.1388
28,1503,1531,0.1388
28,1503,1531,0.1388
28,1503,1531,0.1388
27,1508,1535,0.1388
27,1496,1523,0.1388
27,1489,1516,0.1388
25,1483,1508,0.1388
24,1491,1515,0.1388
24,1499,1523,0.1388
24,1501,1525,0.1388
24,1501,1525,0.1388
23,1490,1513,0.1388
23,1483,1506,0.1388
23,1486,1509,0.1388
23,1492,1515,0.1388
23,1493,1516,0.1388
23,1492,1515,0.1388
23,1489,1512,0.1388
22,1485,1507,0.1388
22,1499,1521,0.1388
23,1487,1510,0.1388
23,1490,1513,0.1388
23,1497,1520,0.1388
23,1485,1508,0.1388
24,1491,1515,0.1388
24,1505,1529,0.1388
22,1508,1530,0.1388
21,1501,1522,0.1388
23,1493,1516,0.1388
23,1494,1517,0.1388
23,1503,1526,0.1388
20,1495,1515,0.1388
22,1498,1520,0.1388
22,1498,1520,0.1388
22,1511,1533,0.1388
22,1486,1508,0.1388
21,1492,1513,0.1388
22,1487,1509,0.1388
22,1478,1500,0.1388
22,1480,1502,0.1388
21,1485,1506,0.1388
22,1501,1523,0.1388
22,1514,1536,0.1388
22,1500,1522,0.1388
22,1508,1530,0.1388
20,1496,1516,0.1388
20,1500,1520,0.1388
21,1495,1516,0.1388
21,1508,1529,0.1388
20,1502,1522,0.1388
20,1496,1516,0.1388
21,1484,1505,0.1388
20,1492,1512,0.1388
20,1492,1512,0.1388
19,1491,1510,0.1388
19,1498,1517,0.1388
19,1499,1518,0.1388
18,1501,1519,0.1388
17,1517,1534,0.1388
14,1506,1520,0.1388
15,1498,1513,0.1388
14,1509,1523,0.1388
14,1498,1512,0.1388
14,1491,1505,0.1388
16,1500,1516,0.1388
17,1502,1519,0.1388
17,1490,1507,0.1388
17,1498,1515,0.1388
15,1488,1503,0.1388
13,1504,1517,0.1388
12,1505,1517,0.1388
13,1505,1518,0.1388
12,1512,1524,0.1388
11,1502,1513,0.1388
12,1495,1507,0.1388
13,1492,1505,0.1388
13,1503,1516,0.1388
12,1506,1518,0.1388
10,1500,1510,0.1388
10,1502,1512,0.1388
9,1509,1518,0.1388
9,1495,1504,0.1388
8,1499,1507,0.1388
8,1498,1506,0.1388
8,1496,1504,0.1388
9,1492,1501,0.1388
9,1501,1510,0.1388
8,1503,1511,0.1388
8,1496,1504,0.1388
10,1496,1506,0.1388
9,1501,1510,0.1388
9,1510,1519,0.1388
9,1524,1533,0.1388
9,1520,1529,0.1388
10,1501,1511,0.1388
10,1502,1512,0.1388
10,1509,1519,0.1388
9,1509,1518,0.1388
10,1498,1508,0.1388
9,1505,1514,0.1388
9,1487,1496,0.1388
9,1491,1500,0.1388
10,1503,1513,0.1388
10,1505,1515,0.1388
10,1512,1522,0.1388
9,1508,1517,0.1388
9,1506,1515,0.1388
9,1507,1516,0.1388
9,1505,1514,0.1388
6,1512,1518,0.1388
6,1511,1517,0.1388
5,1502,1507,0.1388
6,1503,1509,0.1388
6,1508,1514,0.1388
6,1517,1523,0.1388
6,1509,1515,0.1388
6,1504,1510,0.1388
6,1510,1516,0.1388
6,1508,1514,0.1388
6,1508,1514,0.1388
5,1497,1502,0.1388
4,1507,1511,0.1388
4,1504,1508,0.1388
4,1496,1500,0.1388
4,1504,1508,0.1388
4,1493,1497,0.1388
3,1496,1499,0.1388
3,1517,1520,0.1388
3,1521,1524,0.1388
3,1518,1521,0.1388
3,1513,1516,0.1388
3,1520,1523,0.1388
3,1513,1516,0.1388
3,1505,1508,0.1388
3,1501,1504,0.1388
3,1503,1506,0.1388
2,1520,1522,0.1388
3,1531,1534,0.1388
2,1532,1534,0.1388
2,1532,1534,0.1388
2,1530,1532,0.1388
2,1527,1529,0.1388
2,1513,1515,0.1388
2,1523,1525,0.1388
2,1516,1518,0.1388
2,1519,1521,0.1388
2,1518,1520,0.1388
2,1520,1522,0.1388
2,1511,1513,0.1388
2,1510,1512,0.1388
2,1511,1513,0.1388
2,1519,1521,0.1388
2,1514,1516,0.1388
2,1522,1524,0.1388
2,1512,1514,0.1388
2,1522,1524,0.1388
2,1511,1513,0.1388
2,1509,1511,0.1388
2,1514,1516,0.1388
2,1512,1514,0.1388
2,1513,1515,0.1388
2,1513,1515,0.1388
2,1503,1505,0.1388
2,1518,1520,0.1388
2,1515,1517,0.1388
2,1509,1511,0.1388
2,1496,1498,0.1388
2,1505,1507,0.1388
2,1494,1496,0.1388
2,1495,1497,0.1388
2,1503,1505,0.1388
2,1512,1514,0.1388
2,1517,1519,0.1388
1,1503,1504,0.1388
1,1506,1507,0.1388
1,1494,1495,0.1388
1,1509,1510,0.1388
1,1516,1517,0.1388
1,1527,1528,0.1388
1,1535,1536,0.1388
1,1533,1534,0.1388
1,1529,1530,0.1388
1,1519,1520,0.1388
1,1519,1520,0.1388
1,1513,1514,0.1388
1,1508,1509,0.1388
1,1518,1519,0.1388
0,1520,1520,0.1388
