1372,27,1399,0.1388
1393,28,1421,0.1388
1406,30,1436,0.1388
1418,32,1450,0.1388
1421,31,1452,0.1388
1420,30,1450,0.1388
1438,29,1467,0.1388
1457,29,1486,0.1388
1472,27,1499,0.1388
1468,27,1495,0.1388
1477,26,1503,0.1388
1460,26,1486,0.1388
1457,25,1482,0.1388
1478,23,1501,0.1388
1477,24,1501,0.1388
1480,25,1505,0.1388
1472,26,1498,0.1388
1473,26,1499,0.1388
1471,24,1495,0.1388
1473,24,1497,0.1388
1469,23,1492,0.1388
1474,24,1498,0.1388
1473,25,1498,0.1388
1466,25,1491,0.1388
1465,24,1489,0.1388
1465,24,1489,0.1388
1459,25,1484,0.1388
1463,24,1487,0.1388
1459,23,1482,0.1388
1456,22,1478,0.1388
1450,21,1471,0.1388
1457,22,1479,0.1388
1455,23,1478,0.1388
1456,23,1479,0.1388
1454,24,1478,0.1388
1462,24,1486,0.1388
1460,24,1484,0.1388
1473,23,1496,0.1388
1466,22,1488,0.1388
1452,23,1475,0.1388
1464,23,1487,0.1388
1476,24,1500,0.1388
1460,24,1484,0.1388
1463,24,1487,0.1388
1458,23,1481,0.1388
1441,22,1463,0.1388
1449,22,1471,0.1388
1458,23,1481,0.1388
1469,26,1495,0.1388
1456,25,1481,0.1388
1455,25,1480,0.1388
1455,24,1479,0.1388
1459,23,1482,0.1388
1459,25,1484,0.1388
1457,25,1482,0.1388
1455,23,1478,0.1388
1468,24,1492,0.1388
1475,27,1502,0.1388
1469,26,1495,0.1388
1472,25,1497,0.1388
1466,25,1491,0.1388
1471,25,1496,0.1388
1475,23,1498,0.1388
1472,25,1497,0.1388
1482,25,1507,0.1388
1469,26,1495,0.1388
1466,24,1490,0.1388
1467,27,1494,0.1388
1473,26,1499,0.1388
1470,27,1497,0.1388
1470,29,1499,0.1388
1462,28,1490,0.1388
1467,29,1496,0.1388
1458,29,1487,0.1388
1452,30,1482,0.1388
1452,28,1480,0.1388
1453,27,1480,0.1388
1465,28,1493,0.1388
1467,28,1495,0.1388
1469,29,1498,0.1388
1469,31,1500,0.1388
1456,31,1487,0.1388
1457,31,1488,0.1388
1465,30,1495,0.1388
1463,30,1493,0.1388
1458,31,1489,0.1388
1459,32,1491,0.1388
1473,33,1506,0.1388
1452,35,1487,0.1388
1449,36,1485,0.1388
1457,36,1493,0.1388
1453,38,1491,0.1388
1448,39,1487,0.1388
1461,38,1499,0.1388
1460,37,1497,0.1388
1455,37,1492,0.1388
1458,37,1495,0.1388
1461,37,1498,0.1388
1451,35,1486,0.1388
1462,32,1494,0.1388
1463,34,1497,0.1388
1448,34,1482,0.1388
1453,35,1488,0.1388
1452,34,1486,0.1388
1459,35,1494,0.1388
1466,35,1501,0.1388
1466,34,1500,0.1388
1460,35,1495,0.1388
1466,35,1501,0.1388
1459,34,1493,0.1388
1450,35,1485,0.1388
1457,35,1492,0.1388
1432,35,1467,0.1388
1426,34,1460,0.1388
1445,34,1479,0.1388
1448,34,1482,0.1388
1459,34,1493,0.1388
1465,35,1500,0.1388
1471,37,1508,0.1388
1457,37,1494,0.1388
1455,38,1493,0.1388
1461,35,1496,0.1388
1460,35,1495,0.1388
1463,36,1499,0.1388
1457,37,1494,0.1388
1446,39,1485,0.1388
1446,38,1484,0.1388
1456,38,1494,0.1388
1455,39,1494,0.1388
1466,37,1503,0.1388
1442,37,1479,0.1388
1449,37,1486,0.1388
1447,36,1483,0.1388
1438,37,1475,0.1388
1434,36,1470,0.1388
1445,38,1483,0.1388
1457,37,1494,0.1388
1455,38,1493,0.1388
1462,35,1497,0.1388
1453,36,1489,0.1388
1463,34,1497,0.1388
1469,35,1504,0.1388
1471,36,1507,0.1388
1465,36,1501,0.1388
1459,39,1498,0.1388
1444,40,1484,0.1388
1456,43,1499,0.1388
1452,42,1494,0.1388
1456,43,1499,0.1388
1446,44,1490,0.1388
1450,42,1492,0.1388
1443,43,1486,0.1388
1439,43,1482,0.1388
1443,44,1487,0.1388
1456,43,1499,0.1388
1451,43,1494,0.1388
1445,41,1486,0.1388
1445,40,1485,0.1388
1442,36,1478,0.1388
1449,33,1482,0.1388
1451,34,1485,0.1388
1465,36,1501,0.1388
1468,38,1506,0.1388
1472,35,1507,0.1388
1456,35,1491,0.1388
1459,36,1495,0.1388
1461,35,1496,0.1388
1459,37,1496,0.1388
1464,37,1501,0.1388
1479,38,1517,0.1388
1465,35,1500,0.1388
1459,36,1495,0.1388
1463,36,1499,0.1388
1459,35,1494,0.1388
1460,39,1499,0.1388
1440,35,1475,0.1388
1446,36,1482,0.1388
1448,38,1486,0.1388
1446,36,1482,0.1388
1449,36,1485,0.1388
1456,36,1492,0.1388
1448,36,1484,0.1388
1438,36,1474,0.1388
1459,34,1493,0.1388
1461,33,1494,0.1388
1461,36,1497,0.1388
1456,36,1492,0.1388
1452,37,1489,0.1388
1455,38,1493,0.1388
1452,38,1490,0.1388
1459,35,1494,0.1388
1456,35,1491,0.1388
1455,37,1492,0.1388
1456,38,1494,0.1388
1456,39,1495,0.1388
1448,37,1485,0.1388
1442,39,1481,0.1388
1436,38,1474,0.1388
1443,39,1482,0.1388
1455,39,1494,0.1388
1444,39,1483,0.1388
1444,40,1484,0.1388
1439,40,1479,0.1388
1435,42,1477,0.1388
1426,43,1469,0.1388
1440,42,1482,0.1388
1444,40,1484,0.1388
1432,41,1473,0.1388
1446,42,1488,0.1388
1445,46,1491,0.1388
1444,48,1492,0.1388
1455,48,1503,0.1388
1448,48,1496,0.1388
1449,48,1497,0.1388
1442,46,1488,0.1388
1453,49,1502,0.1388
1453,50,1503,0.1388
1436,49,1485,0.1388
1448,52,1500,0.1388
1450,51,1501,0.1388
1448,48,1496,0.1388
1445,48,1493,0.1388
1441,46,1487,0.1388
1441,47,1488,0.1388
1459,48,1507,0.1388
1452,47,1499,0.1388
1450,48,1498,0.1388
1441,50,1491,0.1388
1437,49,1486,0.1388
1449,47,1496,0.1388
1441,45,1486,0.1388
1437,45,1482,0.1388
1432,47,1479,0.1388
1415,54,1469,0.1388
1450,54,1504,0.1388
1441,53,1494,0.1388
1444,54,1498,0.1388
1449,51,1500,0.1388
1458,51,1509,0.1388
1454,52,1506,0.1388
1445,52,1497,0.1388
1447,53,1500,0.1388
1447,52,1499,0.1388
1447,51,1498,0.1388
1444,51,1495,0.1388
1442,50,1492,0.1388
1445,49,1494,0.1388
1439,49,1488,0.1388
1447,48,1495,0.1388
1445,50,1495,0.1388
1437,49,1486,0.1388
1438,47,1485,0.1388
1437,48,1485,0.1388
1440,49,1489,0.1388
1444,51,1495,0.1388
1445,52,1497,0.1388
1440,53,1493,0.1388
1437,52,1489,0.1388
1450,54,1504,0.1388
1444,52,1496,0.1388
1434,52,1486,0.1388
1426,56,1482,0.1388
1433,55,1488,0.1388
1430,55,1485,0.1388
1441,54,1495,0.1388
1440,52,1492,0.1388
1449,55,1504,0.1388
1449,55,1504,0.1388
1451,54,1505,0.1388
1456,55,1511,0.1388
1442,55,1497,0.1388
1436,54,1490,0.1388
1435,56,1491,0.1388
1433,58,1491,0.1388
1426,57,1483,0.1388
1418,56,1474,0.1388
1421,58,1479,0.1388
1433,56,1489,0.1388
1429,56,1485,0.1388
1430,54,1484,0.1388
1446,56,1502,0.1388
1442,53,1495,0.1388
1445,57,1502,0.1388
1424,56,1480,0.1388
1434,57,1491,0.1388
1434,60,1494,0.1388
1446,62,1508,0.1388
1438,62,1500,0.1388
1443,59,1502,0.1388
1440,58,1498,0.1388
1430,59,1489,0.1388
1438,59,1497,0.1388
1416,61,1477,0.1388
1418,60,1478,0.1388
1415,61,1476,0.1388
1423,62,1485,0.1388
1419,64,1483,0.1388
1424,63,1487,0.1388
1425,62,1487,0.1388
1438,66,1504,0.1388
1430,64,1494,0.1388
1428,63,1491,0.1388
1427,66,1493,0.1388
1429,66,1495,0.1388
1428,66,1494,0.1388
1408,67,1475,0.1388
1417,70,1487,0.1388
1423,70,1493,0.1388
1416,70,1486,0.1388
1425,70,1495,0.1388
1426,71,1497,0.1388
1421,70,1491,0.1388
1430,70,1500,0.1388
1418,74,1492,0.1388
1411,73,1484,0.1388
1405,77,1482,0.1388
1400,75,1475,0.1388
1423,74,1497,0.1388
1428,73,1501,0.1388
1429,71,1500,0.1388
1429,71,1500,0.1388
1417,70,1487,0.1388
1421,69,1490,0.1388
1422,69,1491,0.1388
1408,67,1475,0.1388
1420,71,1491,0.1388
1434,71,1505,0.1388
1416,72,1488,0.1388
1411,69,1480,0.1388
1420,69,1489,0.1388
1415,71,1486,0.1388
1404,72,1476,0.1388
1409,71,1480,0.1388
1425,72,1497,0.1388
1424,71,1495,0.1388
1428,70,1498,0.1388
1429,71,1500,0.1388
1423,72,1495,0.1388
1424,72,1496,0.1388
1442,72,1514,0.1388
1440,73,1513,0.1388
1430,73,1503,0.1388
1423,72,1495,0.1388
1422,73,1495,0.1388
1423,74,1497,0.1388
1418,71,1489,0.1388
1420,72,1492,0.1388
1423,72,1495,0.1388
1421,70,1491,0.1388
1431,71,1502,0.1388
1436,69,1505,0.1388
1428,72,1500,0.1388
1438,74,1512,0.1388
1426,75,1501,0.1388
1425,71,1496,0.1388
1426,69,1495,0.1388
1435,71,1506,0.1388
1440,73,1513,0.1388
1432,75,1507,0.1388
1427,75,1502,0.1388
1422,74,1496,0.1388
1414,77,1491,0.1388
1403,81,1484,0.1388
1420,80,1500,0.1388
1417,82,1499,0.1388
1417,82,1499,0.1388
1408,84,1492,0.1388
1413,84,1497,0.1388
1412,84,1496,0.1388
1409,81,1490,0.1388
1405,78,1483,0.1388
1399,81,1480,0.1388
1418,83,1501,0.1388
1415,82,1497,0.1388
1430,81,1511,0.1388
1422,83,1505,0.1388
1409,83,1492,0.1388
1425,80,1505,0.1388
1425,79,1504,0.1388
1432,80,1512,0.1388
1413,78,1491,0.1388
1416,78,1494,0.1388
1408,77,1485,0.1388
1416,78,1494,0.1388
1417,78,1495,0.1388
1402,78,1480,0.1388
1407,76,1483,0.1388
1414,77,1491,0.1388
1425,79,1504,0.1388
1415,80,1495,0.1388
1429,77,1506,0.1388
1430,80,1510,0.1388
1426,79,1505,0.1388
1425,80,1505,0.1388
1431,81,1512,0.1388
1415,81,1496,0.1388
1415,83,1498,0.1388
1402,85,1487,0.1388
1409,84,1493,0.1388
1418,81,1499,0.1388
1416,82,1498,0.1388
1408,88,1496,0.1388
1406,87,1493,0.1388
1407,87,1494,0.1388
1394,86,1480,0.1388
1395,84,1479,0.1388
1413,86,1499,0.1388
1407,84,1491,0.1388
1413,86,1499,0.1388
1407,90,1497,0.1388
1414,91,1505,0.1388
1422,89,1511,0.1388
1410,91,1501,0.1388
1402,87,1489,0.1388
1403,91,1494,0.1388
1402,92,1494,0.1388
1395,91,1486,0.1388
1384,91,1475,0.1388
1388,92,1480,0.1388
1376,97,1473,0.1388
1384,99,1483,0.1388
1391,101,1492,0.1388
1395,100,1495,0.1388
1387,101,1488,0.1388
1400,100,1500,0.1388
1404,100,1504,0.1388
1391,101,1492,0.1388
1382,99,1481,0.1388
1380,98,1478,0.1388
1387,102,1489,0.1388
1385,100,1485,0.1388
1392,100,1492,0.1388
1398,96,1494,0.1388
1405,96,1501,0.1388
1396,95,1491,0.1388
1394,91,1485,0.1388
1391,91,1482,0.1388
1386,93,1479,0.1388
1395,90,1485,0.1388
1387,94,1481,0.1388
1391,92,1483,0.1388
1388,94,1482,0.1388
1390,93,1483,0.1388
1395,94,1489,0.1388
1396,92,1488,0.1388
1389,94,1483,0.1388
1389,94,1483,0.1388
1398,94,1492,0.1388
1392,99,1491,0.1388
1378,100,1478,0.1388
1388,100,1488,0.1388
1392,100,1492,0.1388
1395,99,1494,0.1388
1403,99,1502,0.1388
1408,103,1511,0.1388
1407,106,1513,0.1388
1401,109,1510,0.1388
1394,108,1502,0.1388
1395,104,1499,0.1388
1398,108,1506,0.1388
1400,106,1506,0.1388
1410,106,1516,0.1388
1404,107,1511,0.1388
1390,108,1498,0.1388
1382,111,1493,0.1388
1382,109,1491,0.1388
1385,107,1492,0.1388
1381,107,1488,0.1388
1392,106,1498,0.1388
1390,106,1496,0.1388
1391,102,1493,0.1388
1394,103,1497,0.1388
1390,103,1493,0.1388
1388,102,1490,0.1388
1390,104,1494,0.1388
1391,104,1495,0.1388
1385,104,1489,0.1388
1394,103,1497,0.1388
1403,104,1507,0.1388
1396,106,1502,0.1388
1386,106,1492,0.1388
1388,107,1495,0.1388
1386,101,1487,0.1388
1391,103,1494,0.1388
1391,106,1497,0.1388
1381,108,1489,0.1388
1380,110,1490,0.1388
1390,112,1502,0.1388
1389,115,1504,0.1388
1383,118,1501,0.1388
1382,117,1499,0.1388
1375,121,1496,0.1388
1363,116,1479,0.1388
1370,113,1483,0.1388
1367,118,1485,0.1388
1365,123,1488,0.1388
1376,122,1498,0.1388
1358,128,1486,0.1388
1360,129,1489,0.1388
1358,126,1484,0.1388
1368,129,1497,0.1388
1386,132,1518,0.1388
1369,131,1500,0.1388
1373,130,1503,0.1388
1380,129,1509,0.1388
1374,127,1501,0.1388
1374,126,1500,0.1388
1380,128,1508,0.1388
1370,127,1497,0.1388
1364,123,1487,0.1388
1365,120,1485,0.1388
1373,118,1491,0.1388
1381,118,1499,0.1388
1382,120,1502,0.1388
1383,119,1502,0.1388
1375,119,1494,0.1388
1360,113,1473,0.1388
1364,110,1474,0.1388
1371,113,1484,0.1388
1378,111,1489,0.1388
1366,109,1475,0.1388
1378,112,1490,0.1388
1385,116,1501,0.1388
1378,116,1494,0.1388
1392,120,1512,0.1388
1379,118,1497,0.1388
1383,119,1502,0.1388
1384,120,1504,0.1388
1380,119,1499,0.1388
1371,121,1492,0.1388
1367,124,1491,0.1388
1376,124,1500,0.1388
1370,122,1492,0.1388
1361,118,1479,0.1388
1365,122,1487,0.1388
1357,120,1477,0.1388
1361,124,1485,0.1388
1365,120,1485,0.1388
1366,123,1489,0.1388
1363,123,1486,0.1388
1367,124,1491,0.1388
1360,125,1485,0.1388
1375,129,1504,0.1388
1376,128,1504,0.1388
1380,128,1508,0.1388
1382,129,1511,0.1388
1379,125,1504,0.1388
1376,124,1500,0.1388
1374,124,1498,0.1388
1380,120,1500,0.1388
1384,120,1504,0.1388
1388,118,1506,0.1388
1383,122,1505,0.1388
1382,122,1504,0.1388
1394,123,1517,0.1388
1383,127,1510,0.1388
1383,121,1504,0.1388
1383,121,1504,0.1388
1353,127,1480,0.1388
1360,131,1491,0.1388
1364,137,1501,0.1388
1365,137,1502,0.1388
1359,137,1496,0.1388
1365,137,1502,0.1388
1358,133,1491,0.1388
1353,134,1487,0.1388
1350,138,1488,0.1388
1354,139,1493,0.1388
1358,140,1498,0.1388
1367,143,1510,0.1388
1364,141,1505,0.1388
1355,141,1496,0.1388
1359,142,1501,0.1388
1343,141,1484,0.1388
1336,147,1483,0.1388
1344,146,1490,0.1388
1343,144,1487,0.1388
1349,146,1495,0.1388
1353,142,1495,0.1388
1362,142,1504,0.1388
1372,142,1514,0.1388
1373,141,1514,0.1388
1363,139,1502,0.1388
1358,137,1495,0.1388
1359,135,1494,0.1388
1371,139,1510,0.1388
1357,138,1495,0.1388
1355,138,1493,0.1388
1363,142,1505,0.1388
1365,140,1505,0.1388
1371,140,1511,0.1388
1377,135,1512,0.1388
1373,136,1509,0.1388
1376,135,1511,0.1388
1374,136,1510,0.1388
1363,134,1497,0.1388
1357,136,1493,0.1388
1359,139,1498,0.1388
1358,137,1495,0.1388
1355,140,1495,0.1388
1354,139,1493,0.1388
1357,140,1497,0.1388
1367,138,1505,0.1388
1376,133,1509,0.1388
1383,132,1515,0.1388
1373,134,1507,0.1388
1371,133,1504,0.1388
1374,134,1508,0.1388
1362,137,1499,0.1388
1347,141,1488,0.1388
1351,139,1490,0.1388
1351,142,1493,0.1388
1348,138,1486,0.1388
1352,134,1486,0.1388
1345,134,1479,0.1388
1371,133,1504,0.1388
1369,132,1501,0.1388
1362,135,1497,0.1388
1367,139,1506,0.1388
1369,138,1507,0.1388
1364,136,1500,0.1388
1345,138,1483,0.1388
1349,137,1486,0.1388
1352,140,1492,0.1388
1342,145,1487,0.1388
1350,143,1493,0.1388
1345,144,1489,0.1388
1358,150,1508,0.1388
1355,148,1503,0.1388
1356,148,1504,0.1388
1360,147,1507,0.1388
1350,148,1498,0.1388
1346,148,1494,0.1388
1342,152,1494,0.1388
1345,151,1496,0.1388
1339,151,1490,0.1388
1336,153,1489,0.1388
1336,152,1488,0.1388
1339,153,1492,0.1388
1342,157,1499,0.1388
1345,158,1503,0.1388
1344,155,1499,0.1388
1340,159,1499,0.1388
1327,160,1487,0.1388
1347,159,1506,0.1388
1334,158,1492,0.1388
1318,155,1473,0.1388
1324,161,1485,0.1388
1332,160,1492,0.1388
1334,162,1496,0.1388
1336,159,1495,0.1388
1332,162,1494,0.1388
1337,166,1503,0.1388
1336,167,1503,0.1388
1339,166,1505,0.1388
1343,166,1509,0.1388
1337,167,1504,0.1388
1349,169,1518,0.1388
1333,171,1504,0.1388
1327,172,1499,0.1388
1330,175,1505,0.1388
1321,174,1495,0.1388
1315,174,1489,0.1388
1314,174,1488,0.1388
1301,179,1480,0.1388
1303,181,1484,0.1388
1305,183,1488,0.1388
1320,185,1505,0.1388
1308,184,1492,0.1388
1299,184,1483,0.1388
1310,192,1502,0.1388
1311,192,1503,0.1388
1313,191,1504,0.1388
1312,190,1502,0.1388
1305,188,1493,0.1388
1308,191,1499,0.1388
1292,191,1483,0.1388
1285,194,1479,0.1388
1285,195,1480,0.1388
1296,194,1490,0.1388
1284,193,1477,0.1388
1283,197,1480,0.1388
1287,199,1486,0.1388
1285,197,1482,0.1388
1293,194,1487,0.1388
1290,197,1487,0.1388
1304,199,1503,0.1388
1294,206,1500,0.1388
1293,204,1497,0.1388
1303,199,1502,0.1388
1300,201,1501,0.1388
1283,206,1489,0.1388
1285,199,1484,0.1388
1289,201,1490,0.1388
1293,202,1495,0.1388
1295,202,1497,0.1388
1299,201,1500,0.1388
1301,202,1503,0.1388
1299,203,1502,0.1388
1298,204,1502,0.1388
1300,209,1509,0.1388
1292,203,1495,0.1388
1286,204,1490,0.1388
1298,207,1505,0.1388
1287,210,1497,0.1388
1302,209,1511,0.1388
1307,203,1510,0.1388
1294,208,1502,0.1388
1284,209,1493,0.1388
1286,209,1495,0.1388
1276,211,1487,0.1388
1292,210,1502,0.1388
1286,213,1499,0.1388
1292,214,1506,0.1388
1287,217,1504,0.1388
1293,218,1511,0.1388
1293,215,1508,0.1388
1289,213,1502,0.1388
1272,211,1483,0.1388
1262,211,1473,0.1388
1251,213,1464,0.1388
1267,209,1476,0.1388
1273,214,1487,0.1388
1271,216,1487,0.1388
1286,220,1506,0.1388
1276,222,1498,0.1388
1281,222,1503,0.1388
1275,220,1495,0.1388
1275,219,1494,0.1388
1265,222,1487,0.1388
1261,225,1486,0.1388
1260,228,1488,0.1388
1266,229,1495,0.1388
1255,230,1485,0.1388
1265,227,1492,0.1388
1264,231,1495,0.1388
1260,235,1495,0.1388
1252,237,1489,0.1388
1258,239,1497,0.1388
1256,237,1493,0.1388
1252,236,1488,0.1388
1248,240,1488,0.1388
1246,240,1486,0.1388
1245,243,1488,0.1388
1253,241,1494,0.1388
1243,242,1485,0.1388
1248,246,1494,0.1388
1255,249,1504,0.1388
1252,244,1496,0.1388
1246,252,1498,0.1388
1254,251,1505,0.1388
1250,256,1506,0.1388
1248,254,1502,0.1388
1236,255,1491,0.1388
1224,251,1475,0.1388
1232,254,1486,0.1388
1241,252,1493,0.1388
1244,257,1501,0.1388
1247,253,1500,0.1388
1248,255,1503,0.1388
1253,261,1514,0.1388
1247,263,1510,0.1388
1245,260,1505,0.1388
1237,262,1499,0.1388
1227,267,1494,0.1388
1233,260,1493,0.1388
1240,260,1500,0.1388
1224,263,1487,0.1388
1228,265,1493,0.1388
1242,265,1507,0.1388
1239,258,1497,0.1388
1239,260,1499,0.1388
1238,265,1503,0.1388
1247,268,1515,0.1388
1248,264,1512,0.1388
1245,265,1510,0.1388
1243,267,1510,0.1388
1241,263,1504,0.1388
1233,267,1500,0.1388
1231,262,1493,0.1388
1238,270,1508,0.1388
1240,264,1504,0.1388
1235,269,1504,0.1388
1228,271,1499,0.1388
1218,278,1496,0.1388
1222,278,1500,0.1388
1223,276,1499,0.1388
1215,278,1493,0.1388
1228,277,1505,0.1388
1239,276,1515,0.1388
1231,276,1507,0.1388
1244,273,1517,0.1388
1243,268,1511,0.1388
1233,268,1501,0.1388
1226,262,1488,0.1388
1238,259,1497,0.1388
1238,264,1502,0.1388
1242,265,1507,0.1388
1257,263,1520,0.1388
1250,261,1511,0.1388
1247,256,1503,0.1388
1252,255,1507,0.1388
1240,257,1497,0.1388
1238,253,1491,0.1388
1247,249,1496,0.1388
1255,250,1505,0.1388
1254,251,1505,0.1388
1244,250,1494,0.1388
1229,257,1486,0.1388
1242,264,1506,0.1388
1236,253,1489,0.1388
1225,250,1475,0.1388
1231,255,1486,0.1388
1232,256,1488,0.1388
1230,260,1490,0.1388
1228,261,1489,0.1388
1241,264,1505,0.1388
1238,264,1502,0.1388
1235,268,1503,0.1388
1237,264,1501,0.1388
1238,264,1502,0.1388
1245,263,1508,0.1388
1254,263,1517,0.1388
1250,263,1513,0.1388
1248,266,1514,0.1388
1233,269,1502,0.1388
1236,269,1505,0.1388
1224,266,1490,0.1388
1236,269,1505,0.1388
1235,264,1499,0.1388
1242,270,1512,0.1388
1236,278,1514,0.1388
1231,274,1505,0.1388
1230,274,1504,0.1388
1219,273,1492,0.1388
1227,274,1501,0.1388
1226,270,1496,0.1388
1238,267,1505,0.1388
1234,271,1505,0.1388
1224,270,1494,0.1388
1216,271,1487,0.1388
1222,272,1494,0.1388
1229,267,1496,0.1388
1243,265,1508,0.1388
1234,271,1505,0.1388
1232,270,1502,0.1388
1233,262,1495,0.1388
1242,263,1505,0.1388
1234,261,1495,0.1388
1237,265,1502,0.1388
1227,265,1492,0.1388
1210,267,1477,0.1388
1216,267,1483,0.1388
1221,271,1492,0.1388
1236,277,1513,0.1388
1240,277,1517,0.1388
1240,280,1520,0.1388
1238,277,1515,0.1388
1233,278,1511,0.1388
1222,279,1501,0.1388
1216,281,1497,0.1388
1210,281,1491,0.1388
1215,278,1493,0.1388
1219,282,1501,0.1388
1205,287,1492,0.1388
1204,283,1487,0.1388
1202,283,1485,0.1388
1211,283,1494,0.1388
1215,286,1501,0.1388
1213,288,1501,0.1388
1214,285,1499,0.1388
1215,281,1496,0.1388
1201,284,1485,0.1388
1202,288,1490,0.1388
1197,291,1488,0.1388
1201,287,1488,0.1388
1202,288,1490,0.1388
1207,296,1503,0.1388
1214,291,1505,0.1388
1216,281,1497,0.1388
1219,291,1510,0.1388
1211,295,1506,0.1388
1209,296,1505,0.1388
1206,296,1502,0.1388
1196,291,1487,0.1388
1209,289,1498,0.1388
1210,288,1498,0.1388
1201,295,1496,0.1388
1197,291,1488,0.1388
1200,292,1492,0.1388
1194,291,1485,0.1388
1193,294,1487,0.1388
1214,287,1501,0.1388
1210,291,1501,0.1388
1217,288,1505,0.1388
1225,285,1510,0.1388
1218,284,1502,0.1388
1197,289,1486,0.1388
1197,295,1492,0.1388
1204,294,1498,0.1388
1214,300,1514,0.1388
1203,300,1503,0.1388
1199,297,1496,0.1388
1194,292,1486,0.1388
1193,292,1485,0.1388
1194,294,1488,0.1388
1195,294,1489,0.1388
1191,294,1485,0.1388
1190,290,1480,0.1388
1203,293,1496,0.1388
1206,287,1493,0.1388
1219,289,1508,0.1388
1225,286,1511,0.1388
1222,287,1509,0.1388
1215,288,1503,0.1388
1221,289,1510,0.1388
1220,286,1506,0.1388
1213,282,1495,0.1388
1222,280,1502,0.1388
1219,283,1502,0.1388
1219,284,1503,0.1388
1213,287,1500,0.1388
1223,282,1505,0.1388
1199,279,1478,0.1388
1205,281,1486,0.1388
1213,281,1494,0.1388
1199,282,1481,0.1388
1204,284,1488,0.1388
1198,289,1487,0.1388
1191,289,1480,0.1388
1199,298,1497,0.1388
1195,298,1493,0.1388
1196,298,1494,0.1388
1196,298,1494,0.1388
1194,302,1496,0.1388
1195,306,1501,0.1388
1197,312,1509,0.1388
1205,311,1516,0.1388
1194,308,1502,0.1388
1195,308,1503,0.1388
1190,314,1504,0.1388
1194,312,1506,0.1388
1191,319,1510,0.1388
1189,327,1516,0.1388
1188,324,1512,0.1388
1190,326,1516,0.1388
1182,323,1505,0.1388
1179,322,1501,0.1388
1179,328,1507,0.1388
1166,326,1492,0.1388
1177,327,1504,0.1388
1174,333,1507,0.1388
1171,336,1507,0.1388
1171,335,1506,0.1388
1159,334,1493,0.1388
1167,330,1497,0.1388
1170,323,1493,0.1388
1166,330,1496,0.1388
1168,326,1494,0.1388
1156,328,1484,0.1388
1158,334,1492,0.1388
1161,329,1490,0.1388
1155,330,1485,0.1388
1151,330,1481,0.1388
1140,329,1469,0.1388
1144,337,1481,0.1388
1143,340,1483,0.1388
1149,340,1489,0.1388
1154,336,1490,0.1388
1166,330,1496,0.1388
1164,330,1494,0.1388
1172,336,1508,0.1388
1166,332,1498,0.1388
1167,335,1502,0.1388
1174,336,1510,0.1388
1160,345,1505,0.1388
1156,342,1498,0.1388
1152,345,1497,0.1388
1154,348,1502,0.1388
1151,348,1499,0.1388
1156,348,1504,0.1388
1152,348,1500,0.1388
1146,348,1494,0.1388
1138,350,1488,0.1388
1135,352,1487,0.1388
1143,353,1496,0.1388
1147,350,1497,0.1388
1143,343,1486,0.1388
1152,348,1500,0.1388
1156,347,1503,0.1388
1147,352,1499,0.1388
1141,352,1493,0.1388
1140,352,1492,0.1388
1146,358,1504,0.1388
1135,356,1491,0.1388
1138,356,1494,0.1388
1141,368,1509,0.1388
1131,371,1502,0.1388
1121,366,1487,0.1388
1128,369,1497,0.1388
1124,370,1494,0.1388
1127,374,1501,0.1388
1126,366,1492,0.1388
1124,367,1491,0.1388
1134,370,1504,0.1388
1123,373,1496,0.1388
1123,381,1504,0.1388
1128,380,1508,0.1388
1130,385,1515,0.1388
1126,383,1509,0.1388
1118,386,1504,0.1388
1116,381,1497,0.1388
1115,383,1498,0.1388
1111,379,1490,0.1388
1115,382,1497,0.1388
1116,380,1496,0.1388
1106,383,1489,0.1388
1096,380,1476,0.1388
1114,383,1497,0.1388
1114,383,1497,0.1388
1118,377,1495,0.1388
1128,386,1514,0.1388
1118,380,1498,0.1388
1096,374,1470,0.1388
1109,379,1488,0.1388
1104,382,1486,0.1388
1121,387,1508,0.1388
1113,393,1506,0.1388
1106,400,1506,0.1388
1109,394,1503,0.1388
1118,392,1510,0.1388
1110,394,1504,0.1388
1112,395,1507,0.1388
1130,400,1530,0.1388
1116,394,1510,0.1388
1111,399,1510,0.1388
1109,400,1509,0.1388
1103,399,1502,0.1388
1093,398,1491,0.1388
1088,397,1485,0.1388
1089,401,1490,0.1388
1086,399,1485,0.1388
1097,400,1497,0.1388
1103,389,1492,0.1388
1103,395,1498,0.1388
1103,391,1494,0.1388
1109,402,1511,0.1388
1110,405,1515,0.1388
1095,399,1494,0.1388
1106,397,1503,0.1388
1095,396,1491,0.1388
1095,393,1488,0.1388
1096,392,1488,0.1388
1095,397,1492,0.1388
1102,404,1506,0.1388
1096,402,1498,0.1388
1093,399,1492,0.1388
1090,405,1495,0.1388
1089,404,1493,0.1388
1094,406,1500,0.1388
1083,413,1496,0.1388
1084,410,1494,0.1388
1094,411,1505,0.1388
1085,416,1501,0.1388
1083,421,1504,0.1388
1087,423,1510,0.1388
1084,419,1503,0.1388
1088,420,1508,0.1388
1083,419,1502,0.1388
1084,414,1498,0.1388
1081,417,1498,0.1388
1086,412,1498,0.1388
1068,410,1478,0.1388
1061,410,1471,0.1388
1071,414,1485,0.1388
1068,415,1483,0.1388
1076,418,1494,0.1388
1072,417,1489,0.1388
1071,416,1487,0.1388
1072,421,1493,0.1388
1081,415,1496,0.1388
1089,417,1506,0.1388
1083,424,1507,0.1388
1062,431,1493,0.1388
1069,429,1498,0.1388
1079,425,1504,0.1388
1071,425,1496,0.1388
1062,431,1493,0.1388
1054,438,1492,0.1388
1047,440,1487,0.1388
1050,446,1496,0.1388
1046,448,1494,0.1388
1046,449,1495,0.1388
1045,451,1496,0.1388
1050,447,1497,0.1388
1050,446,1496,0.1388
1047,446,1493,0.1388
1056,442,1498,0.1388
1050,440,1490,0.1388
1043,439,1482,0.1388
1051,439,1490,0.1388
1048,440,1488,0.1388
1056,434,1490,0.1388
1059,427,1486,0.1388
1069,431,1500,0.1388
1062,430,1492,0.1388
1059,438,1497,0.1388
1057,438,1495,0.1388
1045,439,1484,0.1388
1049,442,1491,0.1388
1053,446,1499,0.1388
1055,446,1501,0.1388
1044,446,1490,0.1388
1056,445,1501,0.1388
1063,448,1511,0.1388
1056,450,1506,0.1388
1047,458,1505,0.1388
1050,454,1504,0.1388
1042,453,1495,0.1388
1050,455,1505,0.1388
1058,456,1514,0.1388
1052,452,1504,0.1388
1052,448,1500,0.1388
1059,442,1501,0.1388
1052,443,1495,0.1388
1055,449,1504,0.1388
1045,443,1488,0.1388
1038,455,1493,0.1388
1047,457,1504,0.1388
1048,458,1506,0.1388
1046,461,1507,0.1388
1049,458,1507,0.1388
1057,458,1515,0.1388
1056,452,1508,0.1388
1047,456,1503,0.1388
1042,455,1497,0.1388
1044,456,1500,0.1388
1049,453,1502,0.1388
1050,458,1508,0.1388
1051,465,1516,0.1388
1049,470,1519,0.1388
1052,466,1518,0.1388
1040,461,1501,0.1388
1028,462,1490,0.1388
1013,460,1473,0.1388
1019,468,1487,0.1388
1015,466,1481,0.1388
1017,468,1485,0.1388
1007,472,1479,0.1388
993,478,1471,0.1388
1011,484,1495,0.1388
1012,490,1502,0.1388
1010,496,1506,0.1388
1002,495,1497,0.1388
999,502,1501,0.1388
998,502,1500,0.1388
1003,507,1510,0.1388
1002,493,1495,0.1388
1013,502,1515,0.1388
1006,500,1506,0.1388
1006,507,1513,0.1388
1008,512,1520,0.1388
1009,512,1521,0.1388
1017,511,1528,0.1388
1003,515,1518,0.1388
1002,517,1519,0.1388
996,511,1507,0.1388
997,510,1507,0.1388
1005,508,1513,0.1388
996,510,1506,0.1388
987,511,1498,0.1388
989,510,1499,0.1388
994,510,1504,0.1388
988,510,1498,0.1388
987,516,1503,0.1388
978,523,1501,0.1388
976,522,1498,0.1388
980,524,1504,0.1388
977,535,1512,0.1388
985,521,1506,0.1388
983,523,1506,0.1388
995,520,1515,0.1388
986,525,1511,0.1388
983,519,1502,0.1388
983,520,1503,0.1388
995,518,1513,0.1388
982,528,1510,0.1388
969,519,1488,0.1388
975,521,1496,0.1388
971,517,1488,0.1388
979,513,1492,0.1388
971,521,1492,0.1388
987,509,1496,0.1388
979,514,1493,0.1388
976,518,1494,0.1388
979,518,1497,0.1388
983,523,1506,0.1388
977,522,1499,0.1388
971,521,1492,0.1388
963,520,1483,0.1388
972,517,1489,0.1388
978,518,1496,0.1388
981,522,1503,0.1388
984,513,1497,0.1388
982,521,1503,0.1388
981,528,1509,0.1388
977,533,1510,0.1388
961,533,1494,0.1388
967,536,1503,0.1388
970,525,1495,0.1388
971,528,1499,0.1388
978,520,1498,0.1388
986,527,1513,0.1388
986,531,1517,0.1388
983,534,1517,0.1388
971,533,1504,0.1388
970,525,1495,0.1388
976,519,1495,0.1388
975,517,1492,0.1388
974,519,1493,0.1388
968,519,1487,0.1388
971,523,1494,0.1388
976,518,1494,0.1388
975,522,1497,0.1388
972,537,1509,0.1388
974,547,1521,0.1388
968,546,1514,0.1388
968,547,1515,0.1388
965,555,1520,0.1388
969,549,1518,0.1388
952,548,1500,0.1388
958,543,1501,0.1388
966,544,1510,0.1388
956,545,1501,0.1388
955,555,1510,0.1388
961,550,1511,0.1388
959,550,1509,0.1388
956,551,1507,0.1388
946,554,1500,0.1388
944,549,1493,0.1388
943,554,1497,0.1388
934,563,1497,0.1388
937,552,1489,0.1388
943,550,1493,0.1388
945,546,1491,0.1388
951,545,1496,0.1388
963,550,1513,0.1388
952,546,1498,0.1388
954,556,1510,0.1388
939,557,1496,0.1388
949,556,1505,0.1388
950,558,1508,0.1388
942,565,1507,0.1388
941,569,1510,0.1388
938,568,1506,0.1388
934,565,1499,0.1388
937,573,1510,0.1388
923,583,1506,0.1388
933,578,1511,0.1388
932,579,1511,0.1388
925,573,1498,0.1388
934,572,1506,0.1388
926,574,1500,0.1388
919,577,1496,0.1388
918,582,1500,0.1388
927,584,1511,0.1388
909,589,1498,0.1388
906,590,1496,0.1388
904,592,1496,0.1388
892,601,1493,0.1388
895,588,1483,0.1388
891,588,1479,0.1388
899,598,1497,0.1388
902,600,1502,0.1388
903,596,1499,0.1388
908,593,1501,0.1388
903,598,1501,0.1388
906,596,1502,0.1388
898,597,1495,0.1388
897,602,1499,0.1388
907,594,1501,0.1388
898,601,1499,0.1388
892,604,1496,0.1388
901,597,1498,0.1388
901,589,1490,0.1388
904,597,1501,0.1388
900,590,1490,0.1388
897,602,1499,0.1388
890,606,1496,0.1388
879,607,1486,0.1388
871,627,1498,0.1388
871,618,1489,0.1388
869,620,1489,0.1388
878,620,1498,0.1388
875,613,1488,0.1388
877,612,1489,0.1388
888,612,1500,0.1388
895,610,1505,0.1388
894,614,1508,0.1388
895,608,1503,0.1388
902,607,1509,0.1388
891,611,1502,0.1388
887,612,1499,0.1388
892,616,1508,0.1388
886,616,1502,0.1388
892,622,1514,0.1388
887,629,1516,0.1388
879,625,1504,0.1388
876,624,1500,0.1388
869,621,1490,0.1388
874,626,1500,0.1388
883,634,1517,0.1388
881,627,1508,0.1388
879,631,1510,0.1388
878,633,1511,0.1388
877,637,1514,0.1388
868,638,1506,0.1388
866,633,1499,0.1388
863,631,1494,0.1388
858,629,1487,0.1388
851,639,1490,0.1388
849,644,1493,0.1388
856,650,1506,0.1388
860,644,1504,0.1388
857,640,1497,0.1388
848,645,1493,0.1388
857,650,1507,0.1388
850,657,1507,0.1388
858,662,1520,0.1388
850,663,1513,0.1388
848,655,1503,0.1388
851,646,1497,0.1388
851,651,1502,0.1388
854,650,1504,0.1388
850,658,1508,0.1388
846,654,1500,0.1388
835,655,1490,0.1388
843,653,1496,0.1388
852,659,1511,0.1388
841,670,1511,0.1388
830,660,1490,0.1388
834,676,1510,0.1388
830,672,1502,0.1388
826,668,1494,0.1388
823,666,1489,0.1388
832,665,1497,0.1388
833,657,1490,0.1388
831,667,1498,0.1388
828,664,1492,0.1388
824,668,1492,0.1388
828,669,1497,0.1388
831,679,1510,0.1388
832,673,1505,0.1388
830,679,1509,0.1388
831,682,1513,0.1388
829,684,1513,0.1388
833,681,1514,0.1388
824,679,1503,0.1388
833,687,1520,0.1388
828,686,1514,0.1388
825,677,1502,0.1388
829,681,1510,0.1388
826,693,1519,0.1388
824,690,1514,0.1388
823,690,1513,0.1388
820,697,1517,0.1388
815,694,1509,0.1388
812,690,1502,0.1388
805,693,1498,0.1388
803,696,1499,0.1388
806,694,1500,0.1388
807,693,1500,0.1388
806,693,1499,0.1388
813,687,1500,0.1388
810,689,1499,0.1388
804,688,1492,0.1388
800,680,1480,0.1388
804,684,1488,0.1388
812,693,1505,0.1388
806,699,1505,0.1388
806,705,1511,0.1388
799,700,1499,0.1388
802,696,1498,0.1388
805,703,1508,0.1388
810,708,1518,0.1388
807,706,1513,0.1388
814,695,1509,0.1388
817,697,1514,0.1388
816,689,1505,0.1388
819,694,1513,0.1388
819,694,1513,0.1388
810,698,1508,0.1388
799,706,1505,0.1388
793,711,1504,0.1388
790,700,1490,0.1388
787,705,1492,0.1388
787,694,1481,0.1388
799,692,1491,0.1388
797,694,1491,0.1388
798,698,1496,0.1388
812,698,1510,0.1388
812,697,1509,0.1388
807,704,1511,0.1388
798,701,1499,0.1388
797,702,1499,0.1388
798,704,1502,0.1388
796,710,1506,0.1388
804,717,1521,0.1388
794,717,1511,0.1388
795,715,1510,0.1388
796,712,1508,0.1388
791,715,1506,0.1388
783,720,1503,0.1388
787,722,1509,0.1388
787,726,1513,0.1388
790,719,1509,0.1388
781,715,1496,0.1388
777,715,1492,0.1388
784,721,1505,0.1388
787,720,1507,0.1388
794,720,1514,0.1388
796,719,1515,0.1388
797,707,1504,0.1388
796,709,1505,0.1388
791,717,1508,0.1388
787,714,1501,0.1388
788,719,1507,0.1388
788,711,1499,0.1388
787,709,1496,0.1388
780,705,1485,0.1388
776,719,1495,0.1388
781,718,1499,0.1388
784,720,1504,0.1388
786,724,1510,0.1388
780,727,1507,0.1388
771,719,1490,0.1388
781,719,1500,0.1388
780,720,1500,0.1388
784,720,1504,0.1388
788,714,1502,0.1388
795,713,1508,0.1388
791,712,1503,0.1388
785,712,1497,0.1388
788,712,1500,0.1388
784,716,1500,0.1388
789,711,1500,0.1388
781,712,1493,0.1388
773,718,1491,0.1388
760,729,1489,0.1388
764,737,1501,0.1388
773,738,1511,0.1388
771,732,1503,0.1388
761,727,1488,0.1388
774,725,1499,0.1388
769,741,1510,0.1388
763,741,1504,0.1388
762,756,1518,0.1388
759,748,1507,0.1388
759,756,1515,0.1388
761,753,1514,0.1388
759,749,1508,0.1388
748,748,1496,0.1388
745,748,1493,0.1388
750,750,1500,0.1388
749,745,1494,0.1388
752,749,1501,0.1388
745,735,1480,0.1388
753,745,1498,0.1388
769,753,1522,0.1388
769,746,1515,0.1388
767,751,1518,0.1388
764,738,1502,0.1388
772,750,1522,0.1388
769,750,1519,0.1388
769,748,1517,0.1388
763,748,1511,0.1388
764,748,1512,0.1388
761,748,1509,0.1388
760,745,1505,0.1388
759,745,1504,0.1388
748,750,1498,0.1388
752,746,1498,0.1388
744,752,1496,0.1388
748,748,1496,0.1388
737,746,1483,0.1388
737,748,1485,0.1388
742,751,1493,0.1388
736,748,1484,0.1388
729,746,1475,0.1388
731,755,1486,0.1388
732,756,1488,0.1388
740,758,1498,0.1388
743,748,1491,0.1388
745,751,1496,0.1388
752,747,1499,0.1388
745,752,1497,0.1388
753,755,1508,0.1388
750,757,1507,0.1388
739,757,1496,0.1388
750,759,1509,0.1388
751,760,1511,0.1388
741,757,1498,0.1388
746,758,1504,0.1388
741,758,1499,0.1388
731,770,1501,0.1388
733,762,1495,0.1388
734,757,1491,0.1388
736,758,1494,0.1388
736,770,1506,0.1388
735,784,1519,0.1388
735,779,1514,0.1388
734,782,1516,0.1388
745,780,1525,0.1388
733,774,1507,0.1388
722,781,1503,0.1388
718,796,1514,0.1388
712,792,1504,0.1388
716,798,1514,0.1388
724,797,1521,0.1388
716,799,1515,0.1388
717,802,1519,0.1388
712,808,1520,0.1388
709,818,1527,0.1388
703,814,1517,0.1388
700,808,1508,0.1388
702,795,1497,0.1388
703,789,1492,0.1388
701,795,1496,0.1388
705,809,1514,0.1388
706,809,1515,0.1388
703,805,1508,0.1388
694,810,1504,0.1388
691,811,1502,0.1388
689,802,1491,0.1388
685,811,1496,0.1388
684,807,1491,0.1388
693,804,1497,0.1388
691,801,1492,0.1388
702,802,1504,0.1388
699,797,1496,0.1388
699,810,1509,0.1388
694,812,1506,0.1388
702,805,1507,0.1388
706,807,1513,0.1388
703,816,1519,0.1388
704,815,1519,0.1388
710,817,1527,0.1388
714,813,1527,0.1388
716,802,1518,0.1388
717,809,1526,0.1388
714,813,1527,0.1388
706,814,1520,0.1388
694,817,1511,0.1388
689,815,1504,0.1388
685,823,1508,0.1388
688,825,1513,0.1388
686,818,1504,0.1388
692,819,1511,0.1388
688,817,1505,0.1388
687,825,1512,0.1388
673,817,1490,0.1388
678,822,1500,0.1388
681,810,1491,0.1388
671,816,1487,0.1388
671,815,1486,0.1388
674,825,1499,0.1388
675,828,1503,0.1388
672,823,1495,0.1388
674,827,1501,0.1388
676,818,1494,0.1388
680,817,1497,0.1388
685,820,1505,0.1388
685,818,1503,0.1388
682,817,1499,0.1388
678,833,1511,0.1388
683,835,1518,0.1388
675,837,1512,0.1388
672,844,1516,0.1388
674,828,1502,0.1388
677,833,1510,0.1388
679,841,1520,0.1388
672,840,1512,0.1388
670,841,1511,0.1388
668,833,1501,0.1388
665,829,1494,0.1388
672,835,1507,0.1388
665,831,1496,0.1388
661,841,1502,0.1388
665,840,1505,0.1388
666,853,1519,0.1388
670,852,1522,0.1388
675,839,1514,0.1388
671,840,1511,0.1388
668,843,1511,0.1388
665,844,1509,0.1388
653,847,1500,0.1388
653,857,1510,0.1388
644,864,1508,0.1388
646,861,1507,0.1388
648,866,1514,0.1388
651,863,1514,0.1388
649,869,1518,0.1388
648,863,1511,0.1388
646,863,1509,0.1388
648,860,1508,0.1388
646,850,1496,0.1388
649,855,1504,0.1388
640,843,1483,0.1388
636,842,1478,0.1388
642,852,1494,0.1388
645,865,1510,0.1388
649,861,1510,0.1388
645,857,1502,0.1388
649,860,1509,0.1388
651,858,1509,0.1388
646,849,1495,0.1388
648,858,1506,0.1388
646,864,1510,0.1388
641,868,1509,0.1388
644,860,1504,0.1388
637,864,1501,0.1388
643,868,1511,0.1388
637,872,1509,0.1388
642,870,1512,0.1388
646,861,1507,0.1388
645,860,1505,0.1388
639,874,1513,0.1388
639,863,1502,0.1388
637,867,1504,0.1388
643,868,1511,0.1388
642,866,1508,0.1388
642,862,1504,0.1388
641,852,1493,0.1388
650,861,1511,0.1388
640,866,1506,0.1388
644,865,1509,0.1388
645,861,1506,0.1388
641,859,1500,0.1388
651,862,1513,0.1388
649,854,1503,0.1388
650,855,1505,0.1388
649,845,1494,0.1388
650,861,1511,0.1388
649,863,1512,0.1388
641,850,1491,0.1388
641,863,1504,0.1388
628,865,1493,0.1388
626,868,1494,0.1388
626,860,1486,0.1388
628,858,1486,0.1388
638,856,1494,0.1388
641,860,1501,0.1388
646,861,1507,0.1388
639,865,1504,0.1388
636,870,1506,0.1388
620,872,1492,0.1388
617,879,1496,0.1388
622,884,1506,0.1388
613,875,1488,0.1388
619,864,1483,0.1388
625,868,1493,0.1388
626,868,1494,0.1388
629,871,1500,0.1388
626,877,1503,0.1388
627,882,1509,0.1388
622,888,1510,0.1388
628,886,1514,0.1388
626,889,1515,0.1388
623,881,1504,0.1388
623,883,1506,0.1388
631,876,1507,0.1388
623,882,1505,0.1388
633,875,1508,0.1388
627,875,1502,0.1388
619,887,1506,0.1388
616,887,1503,0.1388
607,886,1493,0.1388
601,885,1486,0.1388
600,891,1491,0.1388
606,899,1505,0.1388
605,901,1506,0.1388
609,897,1506,0.1388
603,892,1495,0.1388
603,901,1504,0.1388
604,904,1508,0.1388
608,893,1501,0.1388
612,907,1519,0.1388
602,904,1506,0.1388
602,907,1509,0.1388
601,905,1506,0.1388
610,909,1519,0.1388
609,906,1515,0.1388
608,898,1506,0.1388
613,903,1516,0.1388
610,900,1510,0.1388
603,892,1495,0.1388
602,895,1497,0.1388
609,901,1510,0.1388
611,896,1507,0.1388
609,887,1496,0.1388
608,895,1503,0.1388
601,890,1491,0.1388
597,903,1500,0.1388
613,903,1516,0.1388
603,895,1498,0.1388
603,895,1498,0.1388
597,901,1498,0.1388
596,904,1500,0.1388
601,920,1521,0.1388
600,907,1507,0.1388
604,908,1512,0.1388
590,902,1492,0.1388
590,908,1498,0.1388
581,913,1494,0.1388
580,919,1499,0.1388
583,918,1501,0.1388
589,921,1510,0.1388
580,922,1502,0.1388
585,922,1507,0.1388
589,922,1511,0.1388
591,919,1510,0.1388
593,909,1502,0.1388
605,902,1507,0.1388
595,914,1509,0.1388
596,912,1508,0.1388
594,905,1499,0.1388
588,915,1503,0.1388
598,922,1520,0.1388
593,908,1501,0.1388
598,913,1511,0.1388
596,926,1522,0.1388
595,926,1521,0.1388
591,919,1510,0.1388
588,920,1508,0.1388
579,924,1503,0.1388
568,925,1493,0.1388
578,927,1505,0.1388
586,924,1510,0.1388
578,920,1498,0.1388
576,915,1491,0.1388
569,919,1488,0.1388
580,932,1512,0.1388
582,932,1514,0.1388
574,928,1502,0.1388
577,931,1508,0.1388
571,933,1504,0.1388
569,936,1505,0.1388
561,937,1498,0.1388
566,947,1513,0.1388
559,951,1510,0.1388
569,943,1512,0.1388
566,949,1515,0.1388
567,935,1502,0.1388
570,931,1501,0.1388
565,932,1497,0.1388
565,934,1499,0.1388
561,946,1507,0.1388
556,947,1503,0.1388
567,943,1510,0.1388
564,940,1504,0.1388
566,939,1505,0.1388
566,951,1517,0.1388
556,955,1511,0.1388
560,962,1522,0.1388
555,966,1521,0.1388
554,962,1516,0.1388
553,964,1517,0.1388
561,971,1532,0.1388
560,961,1521,0.1388
558,969,1527,0.1388
553,969,1522,0.1388
556,959,1515,0.1388
556,952,1508,0.1388
557,951,1508,0.1388
553,964,1517,0.1388
545,964,1509,0.1388
546,960,1506,0.1388
543,957,1500,0.1388
538,963,1501,0.1388
540,981,1521,0.1388
533,984,1517,0.1388
531,971,1502,0.1388
535,966,1501,0.1388
544,954,1498,0.1388
537,953,1490,0.1388
528,955,1483,0.1388
523,966,1489,0.1388
524,982,1506,0.1388
521,985,1506,0.1388
523,988,1511,0.1388
521,990,1511,0.1388
522,989,1511,0.1388
516,996,1512,0.1388
521,994,1515,0.1388
519,986,1505,0.1388
529,997,1526,0.1388
520,987,1507,0.1388
518,971,1489,0.1388
521,968,1489,0.1388
525,970,1495,0.1388
528,981,1509,0.1388
525,983,1508,0.1388
525,984,1509,0.1388
529,979,1508,0.1388
519,975,1494,0.1388
523,977,1500,0.1388
518,978,1496,0.1388
531,967,1498,0.1388
544,968,1512,0.1388
545,981,1526,0.1388
537,977,1514,0.1388
539,978,1517,0.1388
538,982,1520,0.1388
537,983,1520,0.1388
530,982,1512,0.1388
523,984,1507,0.1388
528,987,1515,0.1388
527,992,1519,0.1388
517,985,1502,0.1388
511,994,1505,0.1388
516,992,1508,0.1388
516,989,1505,0.1388
523,980,1503,0.1388
519,989,1508,0.1388
522,993,1515,0.1388
518,981,1499,0.1388
516,990,1506,0.1388
522,985,1507,0.1388
517,991,1508,0.1388
512,986,1498,0.1388
517,982,1499,0.1388
511,979,1490,0.1388
511,986,1497,0.1388
514,995,1509,0.1388
509,1000,1509,0.1388
514,989,1503,0.1388
517,993,1510,0.1388
515,998,1513,0.1388
515,1011,1526,0.1388
509,1005,1514,0.1388
512,1005,1517,0.1388
506,1006,1512,0.1388
515,997,1512,0.1388
508,1003,1511,0.1388
507,986,1493,0.1388
500,998,1498,0.1388
504,1002,1506,0.1388
506,1014,1520,0.1388
501,1020,1521,0.1388
497,1002,1499,0.1388
492,1012,1504,0.1388
498,1015,1513,0.1388
500,1005,1505,0.1388
498,1001,1499,0.1388
501,1014,1515,0.1388
501,1011,1512,0.1388
503,1018,1521,0.1388
507,1013,1520,0.1388
501,1022,1523,0.1388
498,1018,1516,0.1388
504,1012,1516,0.1388
501,1016,1517,0.1388
498,1008,1506,0.1388
496,1009,1505,0.1388
489,1011,1500,0.1388
480,1020,1500,0.1388
485,1010,1495,0.1388
493,1017,1510,0.1388
489,1006,1495,0.1388
491,1015,1506,0.1388
490,1019,1509,0.1388
482,1016,1498,0.1388
483,1023,1506,0.1388
478,1030,1508,0.1388
466,1036,1502,0.1388
468,1036,1504,0.1388
466,1038,1504,0.1388
466,1036,1502,0.1388
469,1038,1507,0.1388
464,1032,1496,0.1388
464,1024,1488,0.1388
475,1037,1512,0.1388
467,1044,1511,0.1388
467,1044,1511,0.1388
465,1038,1503,0.1388
468,1035,1503,0.1388
468,1044,1512,0.1388
471,1039,1510,0.1388
472,1030,1502,0.1388
470,1038,1508,0.1388
467,1025,1492,0.1388
467,1026,1493,0.1388
463,1045,1508,0.1388
467,1038,1505,0.1388
464,1036,1500,0.1388
454,1032,1486,0.1388
461,1043,1504,0.1388
457,1040,1497,0.1388
465,1043,1508,0.1388
461,1042,1503,0.1388
456,1041,1497,0.1388
456,1043,1499,0.1388
462,1043,1505,0.1388
458,1058,1516,0.1388
462,1052,1514,0.1388
464,1053,1517,0.1388
468,1061,1529,0.1388
474,1054,1528,0.1388
468,1044,1512,0.1388
475,1042,1517,0.1388
477,1046,1523,0.1388
479,1043,1522,0.1388
481,1040,1521,0.1388
473,1042,1515,0.1388
468,1043,1511,0.1388
469,1039,1508,0.1388
466,1041,1507,0.1388
462,1040,1502,0.1388
461,1042,1503,0.1388
465,1051,1516,0.1388
468,1049,1517,0.1388
465,1050,1515,0.1388
452,1045,1497,0.1388
455,1052,1507,0.1388
452,1054,1506,0.1388
445,1060,1505,0.1388
445,1054,1499,0.1388
442,1054,1496,0.1388
446,1059,1505,0.1388
455,1058,1513,0.1388
454,1059,1513,0.1388
453,1065,1518,0.1388
452,1068,1520,0.1388
458,1059,1517,0.1388
456,1066,1522,0.1388
456,1065,1521,0.1388
454,1057,1511,0.1388
452,1054,1506,0.1388
455,1055,1510,0.1388
444,1064,1508,0.1388
445,1063,1508,0.1388
447,1068,1515,0.1388
451,1079,1530,0.1388
450,1070,1520,0.1388
442,1078,1520,0.1388
436,1073,1509,0.1388
435,1066,1501,0.1388
431,1073,1504,0.1388
434,1066,1500,0.1388
432,1062,1494,0.1388
430,1064,1494,0.1388
433,1069,1502,0.1388
432,1071,1503,0.1388
433,1069,1502,0.1388
436,1073,1509,0.1388
432,1086,1518,0.1388
431,1078,1509,0.1388
438,1079,1517,0.1388
434,1083,1517,0.1388
433,1061,1494,0.1388
433,1078,1511,0.1388
431,1079,1510,0.1388
430,1083,1513,0.1388
425,1088,1513,0.1388
429,1078,1507,0.1388
432,1075,1507,0.1388
431,1077,1508,0.1388
429,1083,1512,0.1388
423,1084,1507,0.1388
430,1088,1518,0.1388
421,1088,1509,0.1388
422,1089,1511,0.1388
415,1085,1500,0.1388
417,1070,1487,0.1388
416,1079,1495,0.1388
428,1079,1507,0.1388
425,1074,1499,0.1388
421,1079,1500,0.1388
420,1089,1509,0.1388
419,1089,1508,0.1388
425,1084,1509,0.1388
425,1081,1506,0.1388
420,1091,1511,0.1388
421,1083,1504,0.1388
418,1095,1513,0.1388
412,1091,1503,0.1388
416,1109,1525,0.1388
409,1108,1517,0.1388
410,1099,1509,0.1388
414,1097,1511,0.1388
414,1101,1515,0.1388
413,1108,1521,0.1388
411,1108,1519,0.1388
416,1099,1515,0.1388
423,1096,1519,0.1388
422,1096,1518,0.1388
419,1093,1512,0.1388
424,1095,1519,0.1388
418,1100,1518,0.1388
426,1088,1514,0.1388
426,1085,1511,0.1388
433,1084,1517,0.1388
434,1072,1506,0.1388
433,1067,1500,0.1388
436,1073,1509,0.1388
438,1072,1510,0.1388
428,1073,1501,0.1388
431,1081,1512,0.1388
429,1083,1512,0.1388
427,1099,1526,0.1388
427,1100,1527,0.1388
425,1091,1516,0.1388
415,1085,1500,0.1388
422,1083,1505,0.1388
424,1076,1500,0.1388
423,1093,1516,0.1388
421,1102,1523,0.1388
421,1104,1525,0.1388
419,1097,1516,0.1388
415,1097,1512,0.1388
419,1096,1515,0.1388
422,1101,1523,0.1388
424,1086,1510,0.1388
423,1084,1507,0.1388
429,1088,1517,0.1388
426,1088,1514,0.1388
423,1093,1516,0.1388
416,1102,1518,0.1388
416,1095,1511,0.1388
412,1096,1508,0.1388
417,1095,1512,0.1388
419,1104,1523,0.1388
418,1108,1526,0.1388
417,1104,1521,0.1388
415,1099,1514,0.1388
416,1100,1516,0.1388
417,1104,1521,0.1388
410,1112,1522,0.1388
413,1093,1506,0.1388
411,1085,1496,0.1388
421,1096,1517,0.1388
421,1100,1521,0.1388
415,1111,1526,0.1388
418,1098,1516,0.1388
418,1093,1511,0.1388
412,1096,1508,0.1388
404,1107,1511,0.1388
403,1106,1509,0.1388
404,1110,1514,0.1388
404,1110,1514,0.1388
398,1110,1508,0.1388
397,1104,1501,0.1388
394,1109,1503,0.1388
392,1105,1497,0.1388
396,1108,1504,0.1388
400,1106,1506,0.1388
403,1111,1514,0.1388
410,1104,1514,0.1388
409,1111,1520,0.1388
405,1120,1525,0.1388
411,1128,1539,0.1388
402,1106,1508,0.1388
399,1107,1506,0.1388
398,1105,1503,0.1388
401,1109,1510,0.1388
397,1092,1489,0.1388
394,1092,1486,0.1388
400,1092,1492,0.1388
400,1106,1506,0.1388
406,1110,1516,0.1388
404,1100,1504,0.1388
404,1108,1512,0.1388
404,1110,1514,0.1388
406,1120,1526,0.1388
406,1112,1518,0.1388
407,1114,1521,0.1388
401,1103,1504,0.1388
395,1099,1494,0.1388
400,1111,1511,0.1388
395,1117,1512,0.1388
396,1111,1507,0.1388
397,1112,1509,0.1388
400,1115,1515,0.1388
404,1116,1520,0.1388
406,1123,1529,0.1388
395,1121,1516,0.1388
391,1109,1500,0.1388
390,1109,1499,0.1388
388,1115,1503,0.1388
386,1125,1511,0.1388
388,1120,1508,0.1388
390,1105,1495,0.1388
394,1108,1502,0.1388
395,1102,1497,0.1388
398,1113,1511,0.1388
401,1114,1515,0.1388
397,1098,1495,0.1388
397,1103,1500,0.1388
397,1109,1506,0.1388
399,1111,1510,0.1388
402,1118,1520,0.1388
396,1114,1510,0.1388
391,1110,1501,0.1388
395,1105,1500,0.1388
393,1104,1497,0.1388
396,1101,1497,0.1388
404,1101,1505,0.1388
410,1116,1526,0.1388
404,1112,1516,0.1388
398,1117,1515,0.1388
395,1118,1513,0.1388
401,1118,1519,0.1388
412,1114,1526,0.1388
411,1111,1522,0.1388
410,1117,1527,0.1388
413,1116,1529,0.1388
405,1105,1510,0.1388
395,1106,1501,0.1388
404,1112,1516,0.1388
405,1104,1509,0.1388
411,1110,1521,0.1388
404,1116,1520,0.1388
401,1112,1513,0.1388
397,1115,1512,0.1388
394,1119,1513,0.1388
399,1113,1512,0.1388
402,1114,1516,0.1388
401,1115,1516,0.1388
394,1115,1509,0.1388
392,1131,1523,0.1388
396,1117,1513,0.1388
384,1140,1524,0.1388
390,1119,1509,0.1388
383,1117,1500,0.1388
384,1124,1508,0.1388
379,1112,1491,0.1388
381,1116,1497,0.1388
377,1115,1492,0.1388
376,1117,1493,0.1388
383,1120,1503,0.1388
378,1135,1513,0.1388
378,1131,1509,0.1388
374,1126,1500,0.1388
376,1131,1507,0.1388
380,1135,1515,0.1388
380,1138,1518,0.1388
378,1136,1514,0.1388
381,1140,1521,0.1388
376,1132,1508,0.1388
376,1138,1514,0.1388
382,1126,1508,0.1388
386,1123,1509,0.1388
380,1134,1514,0.1388
376,1136,1512,0.1388
378,1139,1517,0.1388
382,1138,1520,0.1388
380,1140,1520,0.1388
386,1135,1521,0.1388
387,1142,1529,0.1388
382,1137,1519,0.1388
382,1126,1508,0.1388
383,1113,1496,0.1388
381,1127,1508,0.1388
381,1133,1514,0.1388
381,1150,1531,0.1388
379,1150,1529,0.1388
378,1144,1522,0.1388
372,1147,1519,0.1388
375,1147,1522,0.1388
372,1149,1521,0.1388
370,1142,1512,0.1388
365,1141,1506,0.1388
358,1141,1499,0.1388
359,1144,1503,0.1388
355,1143,1498,0.1388
362,1135,1497,0.1388
347,1143,1490,0.1388
350,1158,1508,0.1388
359,1158,1517,0.1388
352,1152,1504,0.1388
350,1155,1505,0.1388
352,1160,1512,0.1388
349,1152,1501,0.1388
348,1153,1501,0.1388
350,1159,1509,0.1388
345,1152,1497,0.1388
353,1154,1507,0.1388
347,1158,1505,0.1388
348,1170,1518,0.1388
350,1166,1516,0.1388
350,1166,1516,0.1388
336,1165,1501,0.1388
329,1176,1505,0.1388
336,1167,1503,0.1388
331,1189,1520,0.1388
326,1177,1503,0.1388
327,1187,1514,0.1388
332,1194,1526,0.1388
326,1190,1516,0.1388
323,1193,1516,0.1388
324,1192,1516,0.1388
324,1197,1521,0.1388
317,1199,1516,0.1388
320,1189,1509,0.1388
321,1189,1510,0.1388
316,1194,1510,0.1388
317,1198,1515,0.1388
316,1204,1520,0.1388
312,1201,1513,0.1388
310,1206,1516,0.1388
307,1205,1512,0.1388
306,1201,1507,0.1388
307,1210,1517,0.1388
301,1220,1521,0.1388
298,1211,1509,0.1388
301,1206,1507,0.1388
296,1217,1513,0.1388
294,1219,1513,0.1388
296,1218,1514,0.1388
301,1216,1517,0.1388
300,1213,1513,0.1388
301,1212,1513,0.1388
298,1210,1508,0.1388
300,1210,1510,0.1388
297,1205,1502,0.1388
301,1209,1510,0.1388
304,1209,1513,0.1388
303,1196,1499,0.1388
303,1204,1507,0.1388
298,1212,1510,0.1388
300,1215,1515,0.1388
295,1220,1515,0.1388
288,1223,1511,0.1388
283,1220,1503,0.1388
287,1221,1508,0.1388
287,1228,1515,0.1388
289,1220,1509,0.1388
284,1228,1512,0.1388
280,1235,1515,0.1388
275,1232,1507,0.1388
276,1224,1500,0.1388
276,1230,1506,0.1388
278,1235,1513,0.1388
282,1233,1515,0.1388
283,1234,1517,0.1388
284,1232,1516,0.1388
287,1233,1520,0.1388
281,1213,1494,0.1388
281,1215,1496,0.1388
282,1224,1506,0.1388
279,1225,1504,0.1388
282,1228,1510,0.1388
287,1232,1519,0.1388
286,1242,1528,0.1388
289,1238,1527,0.1388
277,1232,1509,0.1388
278,1243,1521,0.1388
275,1246,1521,0.1388
282,1237,1519,0.1388
272,1245,1517,0.1388
265,1237,1502,0.1388
267,1245,1512,0.1388
266,1243,1509,0.1388
267,1236,1503,0.1388
265,1241,1506,0.1388
268,1245,1513,0.1388
274,1222,1496,0.1388
274,1212,1486,0.1388
280,1234,1514,0.1388
277,1244,1521,0.1388
278,1244,1522,0.1388
275,1232,1507,0.1388
274,1231,1505,0.1388
273,1223,1496,0.1388
270,1239,1509,0.1388
270,1239,1509,0.1388
270,1246,1516,0.1388
273,1251,1524,0.1388
269,1247,1516,0.1388
265,1250,1515,0.1388
265,1253,1518,0.1388
261,1252,1513,0.1388
259,1247,1506,0.1388
259,1245,1504,0.1388
255,1245,1500,0.1388
256,1252,1508,0.1388
259,1247,1506,0.1388
261,1248,1509,0.1388
259,1260,1519,0.1388
259,1253,1512,0.1388
266,1252,1518,0.1388
266,1262,1528,0.1388
263,1248,1511,0.1388
260,1259,1519,0.1388
260,1250,1510,0.1388
257,1262,1519,0.1388
260,1264,1524,0.1388
262,1268,1530,0.1388
257,1256,1513,0.1388
259,1252,1511,0.1388
263,1256,1519,0.1388
257,1259,1516,0.1388
258,1252,1510,0.1388
258,1255,1513,0.1388
257,1257,1514,0.1388
250,1250,1500,0.1388
250,1242,1492,0.1388
249,1235,1484,0.1388
245,1243,1488,0.1388
247,1250,1497,0.1388
247,1253,1500,0.1388
251,1262,1513,0.1388
250,1270,1520,0.1388
249,1263,1512,0.1388
248,1268,1516,0.1388
247,1269,1516,0.1388
242,1272,1514,0.1388
243,1264,1507,0.1388
242,1257,1499,0.1388
244,1271,1515,0.1388
246,1272,1518,0.1388
247,1271,1518,0.1388
250,1276,1526,0.1388
250,1270,1520,0.1388
247,1259,1506,0.1388
250,1261,1511,0.1388
244,1259,1503,0.1388
248,1264,1512,0.1388
251,1268,1519,0.1388
250,1256,1506,0.1388
252,1261,1513,0.1388
250,1252,1502,0.1388
250,1270,1520,0.1388
249,1259,1508,0.1388
245,1258,1503,0.1388
244,1261,1505,0.1388
247,1259,1506,0.1388
249,1261,1510,0.1388
244,1265,1509,0.1388
245,1271,1516,0.1388
251,1261,1512,0.1388
253,1261,1514,0.1388
253,1261,1514,0.1388
251,1273,1524,0.1388
255,1270,1525,0.1388
256,1267,1523,0.1388
248,1266,1514,0.1388
248,1270,1518,0.1388
246,1273,1519,0.1388
244,1274,1518,0.1388
245,1266,1511,0.1388
245,1264,1509,0.1388
249,1267,1516,0.1388
244,1264,1508,0.1388
241,1266,1507,0.1388
245,1257,1502,0.1388
248,1261,1509,0.1388
249,1259,1508,0.1388
246,1273,1519,0.1388
243,1277,1520,0.1388
246,1277,1523,0.1388
242,1279,1521,0.1388
236,1272,1508,0.1388
234,1282,1516,0.1388
231,1271,1502,0.1388
233,1271,1504,0.1388
235,1284,1519,0.1388
230,1292,1522,0.1388
232,1286,1518,0.1388
224,1278,1502,0.1388
226,1283,1509,0.1388
225,1272,1497,0.1388
223,1284,1507,0.1388
225,1295,1520,0.1388
225,1297,1522,0.1388
220,1297,1517,0.1388
222,1290,1512,0.1388
225,1296,1521,0.1388
225,1303,1528,0.1388
222,1296,1518,0.1388
216,1300,1516,0.1388
219,1294,1513,0.1388
217,1290,1507,0.1388
219,1292,1511,0.1388
216,1287,1503,0.1388
217,1292,1509,0.1388
217,1288,1505,0.1388
214,1291,1505,0.1388
214,1282,1496,0.1388
214,1283,1497,0.1388
215,1288,1503,0.1388
215,1292,1507,0.1388
216,1291,1507,0.1388
217,1301,1518,0.1388
213,1296,1509,0.1388
211,1290,1501,0.1388
208,1296,1504,0.1388
214,1300,1514,0.1388
215,1304,1519,0.1388
218,1297,1515,0.1388
219,1297,1516,0.1388
220,1303,1523,0.1388
214,1292,1506,0.1388
220,1303,1523,0.1388
220,1295,1515,0.1388
224,1294,1518,0.1388
225,1292,1517,0.1388
227,1283,1510,0.1388
225,1283,1508,0.1388
223,1279,1502,0.1388
227,1285,1512,0.1388
233,1291,1524,0.1388
231,1281,1512,0.1388
237,1280,1517,0.1388
241,1272,1513,0.1388
236,1267,1503,0.1388
235,1284,1519,0.1388
227,1282,1509,0.1388
227,1284,1511,0.1388
230,1279,1509,0.1388
228,1283,1511,0.1388
228,1281,1509,0.1388
227,1285,1512,0.1388
228,1281,1509,0.1388
227,1281,1508,0.1388
231,1274,1505,0.1388
229,1279,1508,0.1388
225,1277,1502,0.1388
227,1281,1508,0.1388
224,1280,1504,0.1388
229,1283,1512,0.1388
233,1277,1510,0.1388
233,1286,1519,0.1388
240,1281,1521,0.1388
237,1274,1511,0.1388
232,1276,1508,0.1388
237,1286,1523,0.1388
234,1284,1518,0.1388
233,1298,1531,0.1388
232,1292,1524,0.1388
230,1282,1512,0.1388
226,1281,1507,0.1388
230,1280,1510,0.1388
232,1280,1512,0.1388
234,1283,1517,0.1388
233,1282,1515,0.1388
234,1295,1529,0.1388
226,1289,1515,0.1388
226,1283,1509,0.1388
225,1277,1502,0.1388
225,1279,1504,0.1388
224,1293,1517,0.1388
221,1285,1506,0.1388
225,1285,1510,0.1388
224,1289,1513,0.1388
223,1294,1517,0.1388
221,1291,1512,0.1388
220,1299,1519,0.1388
219,1299,1518,0.1388
219,1299,1518,0.1388
221,1298,1519,0.1388
216,1298,1514,0.1388
221,1286,1507,0.1388
223,1299,1522,0.1388
219,1295,1514,0.1388
221,1290,1511,0.1388
220,1296,1516,0.1388
219,1301,1520,0.1388
221,1295,1516,0.1388
223,1279,1502,0.1388
223,1284,1507,0.1388
223,1285,1508,0.1388
222,1284,1506,0.1388
226,1287,1513,0.1388
222,1296,1518,0.1388
225,1293,1518,0.1388
221,1295,1516,0.1388
228,1289,1517,0.1388
221,1283,1504,0.1388
219,1278,1497,0.1388
222,1283,1505,0.1388
218,1288,1506,0.1388
222,1303,1525,0.1388
219,1298,1517,0.1388
216,1303,1519,0.1388
223,1295,1518,0.1388
228,1291,1519,0.1388
225,1299,1524,0.1388
222,1290,1512,0.1388
218,1293,1511,0.1388
220,1291,1511,0.1388
213,1295,1508,0.1388
208,1297,1505,0.1388
208,1295,1503,0.1388
211,1303,1514,0.1388
211,1301,1512,0.1388
215,1300,1515,0.1388
216,1293,1509,0.1388
217,1294,1511,0.1388
214,1298,1512,0.1388
216,1303,1519,0.1388
212,1295,1507,0.1388
212,1302,1514,0.1388
214,1298,1512,0.1388
215,1290,1505,0.1388
219,1298,1517,0.1388
213,1292,1505,0.1388
217,1303,1520,0.1388
214,1297,1511,0.1388
217,1301,1518,0.1388
218,1299,1517,0.1388
223,1290,1513,0.1388
219,1290,1509,0.1388
219,1300,1519,0.1388
217,1290,1507,0.1388
214,1300,1514,0.1388
214,1300,1514,0.1388
209,1313,1522,0.1388
211,1304,1515,0.1388
210,1309,1519,0.1388
209,1308,1517,0.1388
213,1296,1509,0.1388
213,1299,1512,0.1388
217,1302,1519,0.1388
217,1286,1503,0.1388
223,1290,1513,0.1388
218,1302,1520,0.1388
216,1298,1514,0.1388
216,1289,1505,0.1388
222,1290,1512,0.1388
216,1298,1514,0.1388
216,1294,1510,0.1388
216,1293,1509,0.1388
215,1299,1514,0.1388
208,1289,1497,0.1388
208,1275,1483,0.1388
210,1273,1483,0.1388
211,1279,1490,0.1388
214,1276,1490,0.1388
215,1282,1497,0.1388
217,1299,1516,0.1388
213,1304,1517,0.1388
215,1306,1521,0.1388
218,1305,1523,0.1388
216,1307,1523,0.1388
216,1309,1525,0.1388
218,1315,1533,0.1388
217,1318,1535,0.1388
217,1304,1521,0.1388
212,1305,1517,0.1388
214,1309,1523,0.1388
215,1310,1525,0.1388
213,1312,1525,0.1388
213,1311,1524,0.1388
208,1300,1508,0.1388
207,1295,1502,0.1388
213,1294,1507,0.1388
217,1291,1508,0.1388
216,1297,1513,0.1388
212,1303,1515,0.1388
216,1294,1510,0.1388
217,1291,1508,0.1388
214,1297,1511,0.1388
209,1300,1509,0.1388
205,1295,1500,0.1388
206,1298,1504,0.1388
209,1303,1512,0.1388
213,1303,1516,0.1388
211,1300,1511,0.1388
209,1310,1519,0.1388
206,1303,1509,0.1388
205,1299,1504,0.1388
199,1288,1487,0.1388
195,1299,1494,0.1388
200,1319,1519,0.1388
196,1309,1505,0.1388
196,1307,1503,0.1388
195,1312,1507,0.1388
190,1308,1498,0.1388
190,1314,1504,0.1388
188,1322,1510,0.1388
187,1333,1520,0.1388
185,1336,1521,0.1388
186,1334,1520,0.1388
186,1331,1517,0.1388
190,1323,1513,0.1388
189,1308,1497,0.1388
183,1310,1493,0.1388
190,1306,1496,0.1388
191,1317,1508,0.1388
190,1323,1513,0.1388
191,1316,1507,0.1388
191,1317,1508,0.1388
187,1325,1512,0.1388
190,1320,1510,0.1388
191,1331,1522,0.1388
192,1343,1535,0.1388
192,1351,1543,0.1388
190,1339,1529,0.1388
192,1334,1526,0.1388
190,1340,1530,0.1388
182,1331,1513,0.1388
188,1340,1528,0.1388
189,1327,1516,0.1388
188,1329,1517,0.1388
188,1329,1517,0.1388
179,1328,1507,0.1388
180,1337,1517,0.1388
182,1342,1524,0.1388
179,1328,1507,0.1388
182,1339,1521,0.1388
186,1340,1526,0.1388
185,1330,1515,0.1388
188,1331,1519,0.1388
186,1319,1505,0.1388
187,1328,1515,0.1388
188,1313,1501,0.1388
185,1313,1498,0.1388
183,1316,1499,0.1388
185,1317,1502,0.1388
181,1329,1510,0.1388
177,1333,1510,0.1388
179,1335,1514,0.1388
179,1333,1512,0.1388
179,1327,1506,0.1388
179,1331,1510,0.1388
178,1337,1515,0.1388
178,1339,1517,0.1388
179,1339,1518,0.1388
176,1341,1517,0.1388
176,1341,1517,0.1388
172,1352,1524,0.1388
176,1355,1531,0.1388
178,1346,1524,0.1388
185,1347,1532,0.1388
186,1353,1539,0.1388
184,1350,1534,0.1388
183,1342,1525,0.1388
181,1334,1515,0.1388
181,1342,1523,0.1388
178,1336,1514,0.1388
175,1341,1516,0.1388
176,1338,1514,0.1388
176,1341,1517,0.1388
175,1349,1524,0.1388
177,1341,1518,0.1388
177,1341,1518,0.1388
179,1345,1524,0.1388
183,1349,1532,0.1388
181,1354,1535,0.1388
178,1352,1530,0.1388
175,1351,1526,0.1388
179,1340,1519,0.1388
180,1340,1520,0.1388
178,1338,1516,0.1388
178,1336,1514,0.1388
177,1340,1517,0.1388
180,1343,1523,0.1388
177,1337,1514,0.1388
183,1325,1508,0.1388
184,1321,1505,0.1388
183,1345,1528,0.1388
179,1343,1522,0.1388
181,1346,1527,0.1388
182,1345,1527,0.1388
178,1348,1526,0.1388
175,1351,1526,0.1388
174,1341,1515,0.1388
177,1352,1529,0.1388
180,1348,1528,0.1388
181,1344,1525,0.1388
180,1340,1520,0.1388
183,1328,1511,0.1388
186,1331,1517,0.1388
188,1335,1523,0.1388
184,1347,1531,0.1388
179,1334,1513,0.1388
180,1326,1506,0.1388
183,1340,1523,0.1388
183,1336,1519,0.1388
179,1330,1509,0.1388
178,1329,1507,0.1388
181,1334,1515,0.1388
181,1342,1523,0.1388
180,1329,1509,0.1388
176,1332,1508,0.1388
180,1344,1524,0.1388
177,1337,1514,0.1388
175,1330,1505,0.1388
179,1326,1505,0.1388
179,1341,1520,0.1388
182,1343,1525,0.1388
183,1349,1532,0.1388
184,1350,1534,0.1388
185,1346,1531,0.1388
181,1347,1528,0.1388
180,1337,1517,0.1388
178,1338,1516,0.1388
182,1342,1524,0.1388
179,1345,1524,0.1388
179,1329,1508,0.1388
179,1325,1504,0.1388
183,1320,1503,0.1388
184,1330,1514,0.1388
187,1335,1522,0.1388
186,1331,1517,0.1388
189,1329,1518,0.1388
186,1333,1519,0.1388
188,1323,1511,0.1388
185,1326,1511,0.1388
186,1336,1522,0.1388
183,1338,1521,0.1388
191,1336,1527,0.1388
189,1336,1525,0.1388
186,1326,1512,0.1388
184,1328,1512,0.1388
183,1316,1499,0.1388
187,1333,1520,0.1388
188,1329,1517,0.1388
184,1326,1510,0.1388
184,1318,1502,0.1388
179,1326,1505,0.1388
180,1328,1508,0.1388
183,1331,1514,0.1388
179,1320,1499,0.1388
180,1331,1511,0.1388
180,1335,1515,0.1388
178,1347,1525,0.1388
176,1344,1520,0.1388
167,1344,1511,0.1388
162,1346,1508,0.1388
164,1351,1515,0.1388
166,1358,1524,0.1388
168,1350,1518,0.1388
171,1356,1527,0.1388
171,1352,1523,0.1388
167,1347,1514,0.1388
166,1359,1525,0.1388
166,1353,1519,0.1388
162,1354,1516,0.1388
165,1334,1499,0.1388
161,1345,1506,0.1388
162,1354,1516,0.1388
159,1353,1512,0.1388
160,1350,1510,0.1388
160,1350,1510,0.1388
159,1341,1500,0.1388
158,1342,1500,0.1388
158,1346,1504,0.1388
159,1349,1508,0.1388
159,1348,1507,0.1388
160,1341,1501,0.1388
166,1351,1517,0.1388
167,1356,1523,0.1388
163,1357,1520,0.1388
161,1354,1515,0.1388
160,1342,1502,0.1388
160,1360,1520,0.1388
160,1363,1523,0.1388
157,1364,1521,0.1388
157,1366,1523,0.1388
159,1360,1519,0.1388
156,1347,1503,0.1388
157,1366,1523,0.1388
156,1350,1506,0.1388
156,1369,1525,0.1388
152,1358,1510,0.1388
149,1350,1499,0.1388
152,1349,1501,0.1388
151,1348,1499,0.1388
151,1358,1509,0.1388
151,1367,1518,0.1388
150,1368,1518,0.1388
152,1370,1522,0.1388
149,1362,1511,0.1388
149,1350,1499,0.1388
152,1344,1496,0.1388
154,1336,1490,0.1388
151,1342,1493,0.1388
145,1350,1495,0.1388
148,1354,1502,0.1388
150,1375,1525,0.1388
154,1369,1523,0.1388
150,1365,1515,0.1388
148,1366,1514,0.1388
151,1378,1529,0.1388
150,1369,1519,0.1388
148,1360,1508,0.1388
148,1365,1513,0.1388
152,1362,1514,0.1388
149,1366,1515,0.1388
149,1364,1513,0.1388
151,1372,1523,0.1388
150,1390,1540,0.1388
147,1373,1520,0.1388
149,1368,1517,0.1388
148,1365,1513,0.1388
145,1365,1510,0.1388
144,1367,1511,0.1388
143,1362,1505,0.1388
140,1361,1501,0.1388
145,1379,1524,0.1388
142,1366,1508,0.1388
141,1370,1511,0.1388
143,1369,1512,0.1388
143,1364,1507,0.1388
145,1373,1518,0.1388
146,1372,1518,0.1388
145,1376,1521,0.1388
144,1361,1505,0.1388
146,1372,1518,0.1388
143,1385,1528,0.1388
143,1377,1520,0.1388
144,1384,1528,0.1388
141,1371,1512,0.1388
144,1367,1511,0.1388
148,1368,1516,0.1388
149,1366,1515,0.1388
151,1374,1525,0.1388
150,1369,1519,0.1388
151,1371,1522,0.1388
148,1366,1514,0.1388
151,1361,1512,0.1388
152,1357,1509,0.1388
152,1360,1512,0.1388
153,1369,1522,0.1388
153,1360,1513,0.1388
156,1359,1515,0.1388
158,1356,1514,0.1388
156,1357,1513,0.1388
154,1366,1520,0.1388
151,1365,1516,0.1388
153,1372,1525,0.1388
151,1370,1521,0.1388
151,1367,1518,0.1388
147,1365,1512,0.1388
148,1362,1510,0.1388
148,1365,1513,0.1388
147,1371,1518,0.1388
149,1362,1511,0.1388
148,1368,1516,0.1388
147,1368,1515,0.1388
142,1368,1510,0.1388
144,1374,1518,0.1388
146,1363,1509,0.1388
148,1359,1507,0.1388
154,1357,1511,0.1388
151,1356,1507,0.1388
149,1347,1496,0.1388
150,1354,1504,0.1388
153,1357,1510,0.1388
151,1364,1515,0.1388
151,1362,1513,0.1388
150,1364,1514,0.1388
150,1376,1526,0.1388
147,1369,1516,0.1388
143,1370,1513,0.1388
138,1378,1516,0.1388
139,1375,1514,0.1388
141,1375,1516,0.1388
144,1380,1524,0.1388
139,1377,1516,0.1388
137,1371,1508,0.1388
133,1371,1504,0.1388
131,1368,1499,0.1388
132,1372,1504,0.1388
129,1356,1485,0.1388
131,1360,1491,0.1388
128,1365,1493,0.1388
126,1359,1485,0.1388
131,1368,1499,0.1388
131,1383,1514,0.1388
129,1402,1531,0.1388
131,1385,1516,0.1388
128,1387,1515,0.1388
129,1394,1523,0.1388
128,1387,1515,0.1388
129,1392,1521,0.1388
127,1385,1512,0.1388
126,1389,1515,0.1388
121,1393,1514,0.1388
119,1387,1506,0.1388
123,1386,1509,0.1388
121,1391,1512,0.1388
117,1406,1523,0.1388
119,1412,1531,0.1388
114,1405,1519,0.1388
116,1401,1517,0.1388
120,1408,1528,0.1388
121,1408,1529,0.1388
121,1407,1528,0.1388
125,1411,1536,0.1388
124,1410,1534,0.1388
126,1403,1529,0.1388
126,1408,1534,0.1388
123,1390,1513,0.1388
121,1384,1505,0.1388
122,1377,1499,0.1388
124,1380,1504,0.1388
125,1392,1517,0.1388
121,1385,1506,0.1388
123,1386,1509,0.1388
125,1392,1517,0.1388
131,1389,1520,0.1388
135,1379,1514,0.1388
133,1376,1509,0.1388
139,1383,1522,0.1388
135,1383,1518,0.1388
128,1388,1516,0.1388
136,1384,1520,0.1388
139,1377,1516,0.1388
144,1358,1502,0.1388
149,1375,1524,0.1388
147,1366,1513,0.1388
150,1374,1524,0.1388
151,1362,1513,0.1388
148,1365,1513,0.1388
152,1359,1511,0.1388
149,1363,1512,0.1388
147,1367,1514,0.1388
144,1364,1508,0.1388
152,1378,1530,0.1388
150,1364,1514,0.1388
151,1356,1507,0.1388
150,1367,1517,0.1388
147,1367,1514,0.1388
149,1361,1510,0.1388
152,1367,1519,0.1388
149,1367,1516,0.1388
147,1374,1521,0.1388
143,1376,1519,0.1388
141,1372,1513,0.1388
142,1379,1521,0.1388
147,1386,1533,0.1388
145,1386,1531,0.1388
145,1378,1523,0.1388
147,1383,1530,0.1388
144,1378,1522,0.1388
141,1366,1507,0.1388
139,1370,1509,0.1388
139,1383,1522,0.1388
133,1385,1518,0.1388
135,1381,1516,0.1388
133,1389,1522,0.1388
133,1380,1513,0.1388
136,1370,1506,0.1388
135,1368,1503,0.1388
141,1372,1513,0.1388
140,1372,1512,0.1388
143,1365,1508,0.1388
144,1362,1506,0.1388
140,1374,1514,0.1388
143,1372,1515,0.1388
148,1367,1515,0.1388
149,1375,1524,0.1388
149,1379,1528,0.1388
153,1380,1533,0.1388
148,1365,1513,0.1388
147,1368,1515,0.1388
148,1357,1505,0.1388
149,1360,1509,0.1388
145,1369,1514,0.1388
148,1367,1515,0.1388
145,1379,1524,0.1388
148,1383,1531,0.1388
145,1370,1515,0.1388
146,1375,1521,0.1388
147,1375,1522,0.1388
142,1381,1523,0.1388
136,1382,1518,0.1388
134,1390,1524,0.1388
126,1388,1514,0.1388
122,1386,1508,0.1388
123,1380,1503,0.1388
123,1395,1518,0.1388
123,1385,1508,0.1388
126,1390,1516,0.1388
129,1391,1520,0.1388
130,1392,1522,0.1388
126,1404,1530,0.1388
128,1389,1517,0.1388
126,1388,1514,0.1388
126,1387,1513,0.1388
125,1394,1519,0.1388
127,1406,1533,0.1388
129,1398,1527,0.1388
131,1390,1521,0.1388
130,1390,1520,0.1388
130,1385,1515,0.1388
130,1399,1529,0.1388
131,1394,1525,0.1388
131,1390,1521,0.1388
135,1399,1534,0.1388
133,1396,1529,0.1388
131,1393,1524,0.1388
131,1375,1506,0.1388
128,1386,1514,0.1388
128,1393,1521,0.1388
128,1394,1522,0.1388
122,1390,1512,0.1388
127,1397,1524,0.1388
129,1394,1523,0.1388
130,1392,1522,0.1388
131,1393,1524,0.1388
131,1385,1516,0.1388
130,1389,1519,0.1388
128,1394,1522,0.1388
128,1382,1510,0.1388
124,1384,1508,0.1388
126,1378,1504,0.1388
120,1377,1497,0.1388
121,1374,1495,0.1388
124,1384,1508,0.1388
119,1390,1509,0.1388
118,1389,1507,0.1388
117,1373,1490,0.1388
115,1394,1509,0.1388
119,1400,1519,0.1388
122,1400,1522,0.1388
124,1397,1521,0.1388
118,1393,1511,0.1388
117,1388,1505,0.1388
119,1383,1502,0.1388
120,1388,1508,0.1388
126,1381,1507,0.1388
127,1381,1508,0.1388
133,1386,1519,0.1388
134,1384,1518,0.1388
137,1388,1525,0.1388
137,1387,1524,0.1388
133,1384,1517,0.1388
132,1393,1525,0.1388
125,1402,1527,0.1388
120,1398,1518,0.1388
122,1390,1512,0.1388
116,1398,1514,0.1388
117,1406,1523,0.1388
122,1405,1527,0.1388
120,1397,1517,0.1388
118,1407,1525,0.1388
117,1399,1516,0.1388
117,1394,1511,0.1388
119,1395,1514,0.1388
124,1411,1535,0.1388
118,1405,1523,0.1388
117,1401,1518,0.1388
119,1413,1532,0.1388
117,1401,1518,0.1388
115,1396,1511,0.1388
114,1416,1530,0.1388
113,1423,1536,0.1388
110,1419,1529,0.1388
105,1418,1523,0.1388
105,1418,1523,0.1388
103,1412,1515,0.1388
103,1411,1514,0.1388
105,1405,1510,0.1388
102,1399,1501,0.1388
103,1410,1513,0.1388
104,1408,1512,0.1388
104,1410,1514,0.1388
102,1403,1505,0.1388
102,1407,1509,0.1388
103,1405,1508,0.1388
100,1407,1507,0.1388
101,1395,1496,0.1388
99,1404,1503,0.1388
99,1409,1508,0.1388
100,1404,1504,0.1388
99,1405,1504,0.1388
101,1403,1504,0.1388
99,1413,1512,0.1388
102,1414,1516,0.1388
101,1422,1523,0.1388
107,1420,1527,0.1388
107,1419,1526,0.1388
106,1423,1529,0.1388
103,1428,1531,0.1388
99,1420,1519,0.1388
97,1425,1522,0.1388
96,1426,1522,0.1388
94,1427,1521,0.1388
94,1428,1522,0.1388
90,1421,1511,0.1388
93,1424,1517,0.1388
94,1419,1513,0.1388
90,1424,1514,0.1388
93,1425,1518,0.1388
92,1420,1512,0.1388
91,1424,1515,0.1388
93,1429,1522,0.1388
93,1430,1523,0.1388
95,1417,1512,0.1388
95,1420,1515,0.1388
92,1416,1508,0.1388
91,1433,1524,0.1388
91,1423,1514,0.1388
91,1431,1522,0.1388
95,1426,1521,0.1388
96,1418,1514,0.1388
95,1420,1515,0.1388
91,1428,1519,0.1388
91,1426,1517,0.1388
90,1428,1518,0.1388
88,1429,1517,0.1388
85,1427,1512,0.1388
85,1432,1517,0.1388
85,1432,1517,0.1388
84,1439,1523,0.1388
85,1418,1503,0.1388
87,1422,1509,0.1388
82,1413,1495,0.1388
85,1419,1504,0.1388
88,1415,1503,0.1388
88,1405,1493,0.1388
89,1413,1502,0.1388
89,1417,1506,0.1388
89,1430,1519,0.1388
87,1425,1512,0.1388
86,1412,1498,0.1388
87,1424,1511,0.1388
89,1428,1517,0.1388
88,1417,1505,0.1388
90,1409,1499,0.1388
88,1411,1499,0.1388
87,1420,1507,0.1388
88,1418,1506,0.1388
88,1425,1513,0.1388
86,1426,1512,0.1388
86,1431,1517,0.1388
86,1432,1518,0.1388
87,1426,1513,0.1388
85,1419,1504,0.1388
84,1431,1515,0.1388
79,1426,1505,0.1388
80,1427,1507,0.1388
80,1430,1510,0.1388
85,1425,1510,0.1388
84,1410,1494,0.1388
86,1416,1502,0.1388
88,1410,1498,0.1388
88,1415,1503,0.1388
89,1409,1498,0.1388
83,1415,1498,0.1388
87,1426,1513,0.1388
88,1437,1525,0.1388
89,1428,1517,0.1388
87,1424,1511,0.1388
88,1423,1511,0.1388
91,1420,1511,0.1388
90,1418,1508,0.1388
87,1415,1502,0.1388
90,1418,1508,0.1388
87,1425,1512,0.1388
84,1426,1510,0.1388
87,1427,1514,0.1388
89,1426,1515,0.1388
88,1437,1525,0.1388
89,1432,1521,0.1388
94,1418,1512,0.1388
93,1424,1517,0.1388
92,1424,1516,0.1388
90,1429,1519,0.1388
87,1424,1511,0.1388
89,1423,1512,0.1388
91,1423,1514,0.1388
92,1410,1502,0.1388
94,1422,1516,0.1388
94,1421,1515,0.1388
92,1424,1516,0.1388
93,1431,1524,0.1388
90,1435,1525,0.1388
89,1430,1519,0.1388
85,1427,1512,0.1388
85,1430,1515,0.1388
85,1421,1506,0.1388
88,1428,1516,0.1388
89,1435,1524,0.1388
89,1438,1527,0.1388
89,1425,1514,0.1388
91,1425,1516,0.1388
91,1422,1513,0.1388
88,1431,1519,0.1388
90,1431,1521,0.1388
88,1422,1510,0.1388
85,1433,1518,0.1388
86,1430,1516,0.1388
84,1424,1508,0.1388
81,1428,1509,0.1388
81,1428,1509,0.1388
77,1418,1495,0.1388
79,1416,1495,0.1388
80,1429,1509,0.1388
76,1426,1502,0.1388
73,1433,1506,0.1388
73,1437,1510,0.1388
71,1442,1513,0.1388
74,1435,1509,0.1388
74,1446,1520,0.1388
76,1440,1516,0.1388
75,1436,1511,0.1388
73,1443,1516,0.1388
72,1438,1510,0.1388
73,1441,1514,0.1388
72,1445,1517,0.1388
71,1438,1509,0.1388
75,1435,1510,0.1388
74,1447,1521,0.1388
72,1445,1517,0.1388
71,1457,1528,0.1388
71,1455,1526,0.1388
72,1460,1532,0.1388
70,1463,1533,0.1388
70,1458,1528,0.1388
70,1448,1518,0.1388
71,1446,1517,0.1388
71,1441,1512,0.1388
72,1444,1516,0.1388
73,1441,1514,0.1388
73,1448,1521,0.1388
73,1448,1521,0.1388
73,1442,1515,0.1388
78,1435,1513,0.1388
77,1432,1509,0.1388
77,1436,1513,0.1388
78,1448,1526,0.1388
77,1437,1514,0.1388
78,1442,1520,0.1388
76,1431,1507,0.1388
72,1446,1518,0.1388
73,1435,1508,0.1388
71,1432,1503,0.1388
69,1429,1498,0.1388
69,1440,1509,0.1388
69,1456,1525,0.1388
69,1456,1525,0.1388
68,1453,1521,0.1388
69,1444,1513,0.1388
66,1434,1500,0.1388
66,1447,1513,0.1388
67,1456,1523,0.1388
69,1449,1518,0.1388
63,1452,1515,0.1388
67,1450,1517,0.1388
66,1455,1521,0.1388
67,1448,1515,0.1388
68,1436,1504,0.1388
71,1438,1509,0.1388
69,1450,1519,0.1388
71,1451,1522,0.1388
71,1446,1517,0.1388
68,1446,1514,0.1388
68,1442,1510,0.1388
65,1436,1501,0.1388
67,1438,1505,0.1388
65,1452,1517,0.1388
68,1453,1521,0.1388
66,1446,1512,0.1388
66,1445,1511,0.1388
69,1451,1520,0.1388
66,1443,1509,0.1388
65,1441,1506,0.1388
66,1449,1515,0.1388
65,1452,1517,0.1388
66,1458,1524,0.1388
67,1452,1519,0.1388
66,1445,1511,0.1388
66,1444,1510,0.1388
69,1438,1507,0.1388
69,1442,1511,0.1388
70,1445,1515,0.1388
71,1440,1511,0.1388
67,1442,1509,0.1388
69,1440,1509,0.1388
69,1446,1515,0.1388
67,1451,1518,0.1388
67,1443,1510,0.1388
67,1436,1503,0.1388
67,1436,1503,0.1388
67,1436,1503,0.1388
67,1454,1521,0.1388
69,1443,1512,0.1388
67,1446,1513,0.1388
66,1451,1517,0.1388
61,1450,1511,0.1388
63,1451,1514,0.1388
64,1447,1511,0.1388
63,1451,1514,0.1388
63,1452,1515,0.1388
62,1458,1520,0.1388
64,1441,1505,0.1388
63,1430,1493,0.1388
62,1441,1503,0.1388
64,1443,1507,0.1388
63,1452,1515,0.1388
65,1458,1523,0.1388
62,1452,1514,0.1388
60,1453,1513,0.1388
59,1466,1525,0.1388
60,1445,1505,0.1388
59,1455,1514,0.1388
61,1454,1515,0.1388
61,1463,1524,0.1388
61,1462,1523,0.1388
60,1443,1503,0.1388
59,1445,1504,0.1388
62,1448,1510,0.1388
63,1452,1515,0.1388
62,1453,1515,0.1388
62,1449,1511,0.1388
59,1448,1507,0.1388
58,1451,1509,0.1388
57,1451,1508,0.1388
58,1458,1516,0.1388
59,1451,1510,0.1388
57,1456,1513,0.1388
56,1470,1526,0.1388
56,1465,1521,0.1388
56,1463,1519,0.1388
55,1459,1514,0.1388
56,1466,1522,0.1388
54,1472,1526,0.1388
55,1461,1516,0.1388
58,1461,1519,0.1388
55,1452,1507,0.1388
54,1463,1517,0.1388
51,1458,1509,0.1388
52,1463,1515,0.1388
50,1469,1519,0.1388
50,1466,1516,0.1388
54,1466,1520,0.1388
52,1453,1505,0.1388
53,1447,1500,0.1388
52,1447,1499,0.1388
51,1457,1508,0.1388
50,1452,1502,0.1388
48,1453,1501,0.1388
48,1478,1526,0.1388
50,1471,1521,0.1388
50,1449,1499,0.1388
50,1462,1512,0.1388
49,1476,1525,0.1388
49,1481,1530,0.1388
48,1482,1530,0.1388
46,1480,1526,0.1388
44,1468,1512,0.1388
45,1470,1515,0.1388
44,1473,1517,0.1388
44,1470,1514,0.1388
41,1471,1512,0.1388
40,1475,1515,0.1388
40,1472,1512,0.1388
38,1456,1494,0.1388
38,1474,1512,0.1388
41,1479,1520,0.1388
42,1476,1518,0.1388
43,1490,1533,0.1388
44,1479,1523,0.1388
43,1466,1509,0.1388
43,1463,1506,0.1388
44,1470,1514,0.1388
41,1467,1508,0.1388
41,1471,1512,0.1388
43,1468,1511,0.1388
45,1445,1490,0.1388
47,1464,1511,0.1388
45,1476,1521,0.1388
43,1478,1521,0.1388
45,1476,1521,0.1388
45,1489,1534,0.1388
46,1481,1527,0.1388
43,1469,1512,0.1388
40,1465,1505,0.1388
41,1464,1505,0.1388
41,1460,1501,0.1388
44,1461,1505,0.1388
45,1464,1509,0.1388
46,1477,1523,0.1388
49,1461,1510,0.1388
48,1473,1521,0.1388
48,1459,1507,0.1388
47,1461,1508,0.1388
48,1464,1512,0.1388
48,1474,1522,0.1388
48,1470,1518,0.1388
45,1479,1524,0.1388
45,1476,1521,0.1388
45,1489,1534,0.1388
44,1478,1522,0.1388
43,1459,1502,0.1388
42,1464,1506,0.1388
39,1469,1508,0.1388
38,1475,1513,0.1388
39,1476,1515,0.1388
40,1471,1511,0.1388
38,1477,1515,0.1388
36,1476,1512,0.1388
36,1486,1522,0.1388
35,1470,1505,0.1388
36,1483,1519,0.1388
32,1489,1521,0.1388
31,1478,1509,0.1388
31,1468,1499,0.1388
34,1482,1516,0.1388
34,1477,1511,0.1388
31,1494,1525,0.1388
29,1496,1525,0.1388
28,1503,1531,0.1388
28,1501,1529,0.1388
25,1485,1510,0.1388
25,1491,1516,0.1388
26,1498,1524,0.1388
24,1504,1528,0.1388
23,1512,1535,0.1388
21,1505,1526,0.1388
22,1507,1529,0.1388
21,1501,1522,0.1388
21,1497,1518,0.1388
21,1505,1526,0.1388
20,1501,1521,0.1388
20,1504,1524,0.1388
20,1511,1531,0.1388
21,1498,1519,0.1388
20,1506,1526,0.1388
19,1499,1518,0.1388
18,1493,1511,0.1388
18,1501,1519,0.1388
17,1502,1519,0.1388
17,1505,1522,0.1388
16,1510,1526,0.1388
17,1519,1536,0.1388
16,1526,1542,0.1388
15,1539,1554,0.1388
14,1509,1523,0.1388
14,1506,1520,0.1388
15,1514,1529,0.1388
16,1525,1541,0.1388
15,1519,1534,0.1388
15,1502,1517,0.1388
14,1493,1507,0.1388
14,1497,1511,0.1388
13,1511,1524,0.1388
12,1508,1520,0.1388
11,1499,1510,0.1388
11,1501,1512,0.1388
12,1500,1512,0.1388
11,1499,1510,0.1388
14,1508,1522,0.1388
14,1510,1524,0.1388
14,1505,1519,0.1388
13,1513,1526,0.1388
12,1504,1516,0.1388
13,1490,1503,0.1388
13,1496,1509,0.1388
13,1495,1508,0.1388
13,1498,1511,0.1388
12,1489,1501,0.1388
11,1497,1508,0.1388
12,1494,1506,0.1388
11,1504,1515,0.1388
11,1490,1501,0.1388
11,1496,1507,0.1388
11,1497,1508,0.1388
12,1486,1498,0.1388
12,1498,1510,0.1388
12,1488,1500,0.1388
12,1492,1504,0.1388
10,1491,1501,0.1388
11,1501,1512,0.1388
11,1490,1501,0.1388
10,1503,1513,0.1388
10,1494,1504,0.1388
10,1501,1511,0.1388
8,1507,1515,0.1388
8,1506,1514,0.1388
8,1510,1518,0.1388
8,1504,1512,0.1388
8,1511,1519,0.1388
8,1502,1510,0.1388
8,1499,1507,0.1388
9,1507,1516,0.1388
9,1502,1511,0.1388
9,1510,1519,0.1388
9,1490,1499,0.1388
9,1498,1507,0.1388
9,1504,1513,0.1388
9,1500,1509,0.1388
9,1499,1508,0.1388
9,1494,1503,0.1388
8,1494,1502,0.1388
8,1505,1513,0.1388
7,1516,1523,0.1388
7,1510,1517,0.1388
7,1512,1519,0.1388
7,1519,1526,0.1388
7,1519,1526,0.1388
7,1520,1527,0.1388
6,1523,1529,0.1388
6,1509,1515,0.1388
6,1511,1517,0.1388
6,1518,1524,0.1388
6,1524,1530,0.1388
6,1522,1528,0.1388
6,1517,1523,0.1388
6,1522,1528,0.1388
6,1525,1531,0.1388
6,1512,1518,0.1388
6,1501,1507,0.1388
6,1504,1510,0.1388
6,1502,1508,0.1388
6,1514,1520,0.1388
6,1519,1525,0.1388
6,1512,1518,0.1388
5,1513,1518,0.1388
5,1524,1529,0.1388
5,1524,1529,0.1388
5,1527,1532,0.1388
5,1531,1536,0.1388
5,1515,1520,0.1388
5,1512,1517,0.1388
5,1514,1519,0.1388
5,1517,1522,0.1388
5,1508,1513,0.1388
5,1493,1498,0.1388
5,1504,1509,0.1388
5,1507,1512,0.1388
5,1506,1511,0.1388
5,1506,1511,0.1388
5,1516,1521,0.1388
4,1510,1514,0.1388
4,1519,1523,0.1388
4,1524,1528,0.1388
4,1527,1531,0.1388
4,1505,1509,0.1388
5,1521,1526,0.1388
4,1520,1524,0.1388
4,1507,1511,0.1388
4,1509,1513,0.1388
4,1515,1519,0.1388
4,1511,1515,0.1388
4,1510,1514,0.1388
4,1517,1521,0.1388
4,1523,1527,0.1388
4,1499,1503,0.1388
4,1507,1511,0.1388
4,1516,1520,0.1388
4,1512,1516,0.1388
4,1519,1523,0.1388
4,1523,1527,0.1388
4,1507,1511,0.1388
4,1502,1506,0.1388
4,1503,1507,0.1388
4,1505,1509,0.1388
4,1506,1510,0.1388
4,1509,1513,0.1388
4,1511,1515,0.1388
4,1514,1518,0.1388
4,1522,1526,0.1388
3,1510,1513,0.1388
3,1514,1517,0.1388
3,1514,1517,0.1388
3,1506,1509,0.1388
3,1518,1521,0.1388
2,1528,1530,0.1388
2,1530,1532,0.1388
3,1521,1524,0.1388
3,1509,1512,0.1388
3,1518,1521,0.1388
3,1515,1518,0.1388
2,1529,1531,0.1388
2,1529,1531,0.1388
2,1524,1526,0.1388
2,1514,1516,0.1388
2,1526,1528,0.1388
3,1524,1527,0.1388
3,1521,1524,0.1388
3,1524,1527,0.1388
3,1510,1513,0.1388
2,1517,1519,0.1388
2,1510,1512,0.1388
2,1504,1506,0.1388
2,1510,1512,0.1388
2,1499,1501,0.1388
2,1511,1513,0.1388
2,1507,1509,0.1388
2,1507,1509,0.1388
2,1506,1508,0.1388
2,1502,1504,0.1388
2,1514,1516,0.1388
2,1505,1507,0.1388
2,1511,1513,0.1388
2,1512,1514,0.1388
2,1504,1506,0.1388
2,1501,1503,0.1388
2,1505,1507,0.1388
2,1509,1511,0.1388
2,1506,1508,0.1388
2,1515,1517,0.1388
2,1510,1512,0.1388
2,1514,1516,0.1388
2,1520,1522,0.1388
2,1517,1519,0.1388
2,1509,1511,0.1388
2,1508,1510,0.1388
2,1501,1503,0.1388
2,1503,1505,0.1388
2,1508,1510,0.1388
2,1518,1520,0.1388
2,1519,1521,0.1388
2,1521,1523,0.1388
2,1518,1520,0.1388
2,1506,1508,0.1388
2,1509,1511,0.1388
2,1524,1526,0.1388
2,1516,1518,0.1388
2,1522,1524,0.1388
2,1527,1529,0.1388
2,1533,1535,0.1388
2,1526,1528,0.1388
2,1519,1521,0.1388
2,1525,1527,0.1388
2,1518,1520,0.1388
2,1507,1509,0.1388
2,1506,1508,0.1388
2,1516,1518,0.1388
1,1514,1515,0.1388
1,1514,1515,0.1388
1,1510,1511,0.1388
1,1498,1499,0.1388
1,1513,1514,0.1388
1,1511,1512,0.1388
1,1504,1505,0.1388
1,1519,1520,0.1388
1,1518,1519,0.1388
1,1523,1524,0.1388
1,1522,1523,0.1388
1,1521,1522,0.1388
1,1522,1523,0.1388
1,1518,1519,0.1388
1,1501,1502,0.1388
1,1507,1508,0.1388
1,1518,1519,0.1388
1,1521,1522,0.1388
1,1529,1530,0.1388
1,1535,1536,0.1388
0,1516,1516,0.1388
