1372,30,1402,0.1388
1395,31,1426,0.1388
1423,32,1455,0.1388
1450,31,1481,0.1388
1475,32,1507,0.1388
1480,34,1514,0.1388
1471,32,1503,0.1388
1481,34,1515,0.1388
1456,33,1489,0.1388
1463,33,1496,0.1388
1463,33,1496,0.1388
1458,33,1491,0.1388
1454,33,1487,0.1388
1458,33,1491,0.1388
1450,31,1481,0.1388
1451,32,1483,0.1388
1464,32,1496,0.1388
1462,29,1491,0.1388
1473,31,1504,0.1388
1467,31,1498,0.1388
1457,31,1488,0.1388
1464,31,1495,0.1388
1466,32,1498,0.1388
1470,32,1502,0.1388
1456,32,1488,0.1388
1453,36,1489,0.1388
1453,34,1487,0.1388
1455,36,1491,0.1388
1452,36,1488,0.1388
1454,37,1491,0.1388
1450,39,1489,0.1388
1442,40,1482,0.1388
1436,40,1476,0.1388
1456,43,1499,0.1388
1451,44,1495,0.1388
1448,45,1493,0.1388
1453,42,1495,0.1388
1451,43,1494,0.1388
1461,44,1505,0.1388
1452,47,1499,0.1388
1451,46,1497,0.1388
1449,48,1497,0.1388
1443,46,1489,0.1388
1434,44,1478,0.1388
1445,43,1488,0.1388
1450,43,1493,0.1388
1464,44,1508,0.1388
1464,44,1508,0.1388
1458,43,1501,0.1388
1458,43,1501,0.1388
1448,45,1493,0.1388
1441,47,1488,0.1388
1457,47,1504,0.1388
1457,46,1503,0.1388
1466,48,1514,0.1388
1458,49,1507,0.1388
1457,49,1506,0.1388
1465,49,1514,0.1388
1459,51,1510,0.1388
1450,49,1499,0.1388
1454,49,1503,0.1388
1433,50,1483,0.1388
1441,50,1491,0.1388
1439,51,1490,0.1388
1443,50,1493,0.1388
1445,49,1494,0.1388
1449,49,1498,0.1388
1453,48,1501,0.1388
1451,47,1498,0.1388
1452,47,1499,0.1388
1454,48,1502,0.1388
1454,49,1503,0.1388
1450,49,1499,0.1388
1451,49,1500,0.1388
1444,46,1490,0.1388
1443,47,1490,0.1388
1436,48,1484,0.1388
1428,47,1475,0.1388
1425,49,1474,0.1388
1428,50,1478,0.1388
1441,50,1491,0.1388
1445,49,1494,0.1388
1455,51,1506,0.1388
1447,53,1500,0.1388
1432,52,1484,0.1388
1414,54,1468,0.1388
1416,53,1469,0.1388
1430,53,1483,0.1388
1452,51,1503,0.1388
1448,52,1500,0.1388
1446,51,1497,0.1388
1462,50,1512,0.1388
1449,52,1501,0.1388
1434,56,1490,0.1388
1440,56,1496,0.1388
1425,56,1481,0.1388
1423,58,1481,0.1388
1423,60,1483,0.1388
1435,58,1493,0.1388
1439,58,1497,0.1388
1437,55,1492,0.1388
1447,53,1500,0.1388
1445,55,1500,0.1388
1431,55,1486,0.1388
1439,59,1498,0.1388
1433,57,1490,0.1388
1429,58,1487,0.1388
1432,59,1491,0.1388
1436,61,1497,0.1388
1428,59,1487,0.1388
1431,60,1491,0.1388
1433,59,1492,0.1388
1425,60,1485,0.1388
1427,59,1486,0.1388
1428,59,1487,0.1388
1438,58,1496,0.1388
1437,56,1493,0.1388
1437,55,1492,0.1388
1438,54,1492,0.1388
1442,54,1496,0.1388
1439,52,1491,0.1388
1444,53,1497,0.1388
1438,54,1492,0.1388
1436,53,1489,0.1388
1441,56,1497,0.1388
1441,57,1498,0.1388
1440,56,1496,0.1388
1453,58,1511,0.1388
1451,58,1509,0.1388
1455,60,1515,0.1388
1455,58,1513,0.1388
1447,57,1504,0.1388
1449,58,1507,0.1388
1448,61,1509,0.1388
1448,60,1508,0.1388
1445,61,1506,0.1388
1453,59,1512,0.1388
1443,58,1501,0.1388
1431,58,1489,0.1388
1428,59,1487,0.1388
1412,58,1470,0.1388
1405,61,1466,0.1388
1405,61,1466,0.1388
1416,63,1479,0.1388
1426,61,1487,0.1388
1425,59,1484,0.1388
1429,64,1493,0.1388
1430,63,1493,0.1388
1443,63,1506,0.1388
1438,64,1502,0.1388
1439,66,1505,0.1388
1438,66,1504,0.1388
1438,67,1505,0.1388
1431,66,1497,0.1388
1434,68,1502,0.1388
1427,67,1494,0.1388
1428,63,1491,0.1388
1419,66,1485,0.1388
1424,69,1493,0.1388
1441,71,1512,0.1388
1437,72,1509,0.1388
1425,73,1498,0.1388
1411,72,1483,0.1388
1410,73,1483,0.1388
1408,71,1479,0.1388
1413,72,1485,0.1388
1419,74,1493,0.1388
1416,76,1492,0.1388
1406,74,1480,0.1388
1397,74,1471,0.1388
1383,79,1462,0.1388
1389,79,1468,0.1388
1394,79,1473,0.1388
1407,77,1484,0.1388
1419,75,1494,0.1388
1404,70,1474,0.1388
1413,70,1483,0.1388
1422,70,1492,0.1388
1424,72,1496,0.1388
1428,73,1501,0.1388
1420,73,1493,0.1388
1408,75,1483,0.1388
1409,76,1485,0.1388
1394,78,1472,0.1388
1403,81,1484,0.1388
1399,78,1477,0.1388
1400,80,1480,0.1388
1406,81,1487,0.1388
1409,82,1491,0.1388
1418,83,1501,0.1388
1410,81,1491,0.1388
1394,83,1477,0.1388
1389,85,1474,0.1388
1393,84,1477,0.1388
1404,85,1489,0.1388
1406,82,1488,0.1388
1405,88,1493,0.1388
1404,87,1491,0.1388
1411,90,1501,0.1388
1401,90,1491,0.1388
1396,90,1486,0.1388
1398,92,1490,0.1388
1403,91,1494,0.1388
1394,94,1488,0.1388
1388,97,1485,0.1388
1388,99,1487,0.1388
1388,101,1489,0.1388
1410,102,1512,0.1388
1406,103,1509,0.1388
1401,101,1502,0.1388
1384,108,1492,0.1388
1396,110,1506,0.1388
1406,108,1514,0.1388
1398,107,1505,0.1388
1395,106,1501,0.1388
1386,107,1493,0.1388
1390,105,1495,0.1388
1389,105,1494,0.1388
1387,104,1491,0.1388
1387,105,1492,0.1388
1375,108,1483,0.1388
1387,111,1498,0.1388
1393,110,1503,0.1388
1394,112,1506,0.1388
1394,108,1502,0.1388
1383,112,1495,0.1388
1371,114,1485,0.1388
1373,116,1489,0.1388
1379,113,1492,0.1388
1384,114,1498,0.1388
1376,119,1495,0.1388
1357,117,1474,0.1388
1378,119,1497,0.1388
1383,119,1502,0.1388
1376,122,1498,0.1388
1374,124,1498,0.1388
1366,124,1490,0.1388
1377,125,1502,0.1388
1389,125,1514,0.1388
1378,123,1501,0.1388
1373,123,1496,0.1388
1372,124,1496,0.1388
1376,128,1504,0.1388
1375,125,1500,0.1388
1367,126,1493,0.1388
1365,127,1492,0.1388
1371,132,1503,0.1388
1363,130,1493,0.1388
1365,135,1500,0.1388
1357,135,1492,0.1388
1349,139,1488,0.1388
1346,139,1485,0.1388
1360,140,1500,0.1388
1351,143,1494,0.1388
1346,142,1488,0.1388
1354,143,1497,0.1388
1354,144,1498,0.1388
1356,143,1499,0.1388
1364,144,1508,0.1388
1356,147,1503,0.1388
1353,149,1502,0.1388
1354,147,1501,0.1388
1352,140,1492,0.1388
1372,141,1513,0.1388
1365,142,1507,0.1388
1353,144,1497,0.1388
1353,145,1498,0.1388
1360,143,1503,0.1388
1355,144,1499,0.1388
1346,143,1489,0.1388
1339,148,1487,0.1388
1330,150,1480,0.1388
1321,155,1476,0.1388
1323,157,1480,0.1388
1338,156,1494,0.1388
1354,153,1507,0.1388
1343,148,1491,0.1388
1332,147,1479,0.1388
1336,151,1487,0.1388
1338,152,1490,0.1388
1330,155,1485,0.1388
1338,152,1490,0.1388
1343,151,1494,0.1388
1340,154,1494,0.1388
1334,155,1489,0.1388
1333,156,1489,0.1388
1340,153,1493,0.1388
1356,152,1508,0.1388
1337,150,1487,0.1388
1333,154,1487,0.1388
1346,154,1500,0.1388
1350,152,1502,0.1388
1347,150,1497,0.1388
1358,150,1508,0.1388
1354,152,1506,0.1388
1347,148,1495,0.1388
1342,151,1493,0.1388
1341,157,1498,0.1388
1349,157,1506,0.1388
1348,156,1504,0.1388
1353,158,1511,0.1388
1342,160,1502,0.1388
1342,163,1505,0.1388
1336,159,1495,0.1388
1337,154,1491,0.1388
1348,157,1505,0.1388
1340,166,1506,0.1388
1348,166,1514,0.1388
1340,165,1505,0.1388
1340,162,1502,0.1388
1336,167,1503,0.1388
1328,166,1494,0.1388
1325,165,1490,0.1388
1332,168,1500,0.1388
1328,171,1499,0.1388
1322,175,1497,0.1388
1323,174,1497,0.1388
1323,177,1500,0.1388
1318,179,1497,0.1388
1313,179,1492,0.1388
1317,175,1492,0.1388
1326,178,1504,0.1388
1325,176,1501,0.1388
1319,176,1495,0.1388
1321,179,1500,0.1388
1325,179,1504,0.1388
1325,177,1502,0.1388
1324,179,1503,0.1388
1318,180,1498,0.1388
1310,176,1486,0.1388
1312,179,1491,0.1388
1308,182,1490,0.1388
1302,180,1482,0.1388
1304,186,1490,0.1388
1312,186,1498,0.1388
1298,185,1483,0.1388
1302,183,1485,0.1388
1296,189,1485,0.1388
1290,192,1482,0.1388
1298,188,1486,0.1388
1302,191,1493,0.1388
1294,196,1490,0.1388
1303,193,1496,0.1388
1319,190,1509,0.1388
1308,188,1496,0.1388
1296,191,1487,0.1388
1294,194,1488,0.1388
1299,199,1498,0.1388
1294,200,1494,0.1388
1280,205,1485,0.1388
1279,208,1487,0.1388
1285,205,1490,0.1388
1286,209,1495,0.1388
1282,205,1487,0.1388
1292,205,1497,0.1388
1288,206,1494,0.1388
1303,202,1505,0.1388
1295,207,1502,0.1388
1306,203,1509,0.1388
1311,204,1515,0.1388
1303,204,1507,0.1388
1290,203,1493,0.1388
1294,203,1497,0.1388
1293,202,1495,0.1388
1295,205,1500,0.1388
1293,208,1501,0.1388
1291,207,1498,0.1388
1283,209,1492,0.1388
1298,207,1505,0.1388
1304,209,1513,0.1388
1308,207,1515,0.1388
1307,208,1515,0.1388
1296,209,1505,0.1388
1297,211,1508,0.1388
1296,210,1506,0.1388
1297,205,1502,0.1388
1295,210,1505,0.1388
1308,209,1517,0.1388
1295,207,1502,0.1388
1296,205,1501,0.1388
1295,205,1500,0.1388
1292,205,1497,0.1388
1282,205,1487,0.1388
1302,203,1505,0.1388
1295,204,1499,0.1388
1296,204,1500,0.1388
1300,200,1500,0.1388
1295,200,1495,0.1388
1287,198,1485,0.1388
1288,197,1485,0.1388
1298,200,1498,0.1388
1300,205,1505,0.1388
1287,208,1495,0.1388
1290,210,1500,0.1388
1299,211,1510,0.1388
1299,215,1514,0.1388
1298,211,1509,0.1388
1282,213,1495,0.1388
1276,215,1491,0.1388
1278,215,1493,0.1388
1279,209,1488,0.1388
1287,211,1498,0.1388
1289,211,1500,0.1388
1301,212,1513,0.1388
1298,211,1509,0.1388
1288,210,1498,0.1388
1283,215,1498,0.1388
1282,214,1496,0.1388
1269,213,1482,0.1388
1273,214,1487,0.1388
1283,221,1504,0.1388
1292,217,1509,0.1388
1280,217,1497,0.1388
1287,220,1507,0.1388
1283,218,1501,0.1388
1278,220,1498,0.1388
1277,217,1494,0.1388
1264,218,1482,0.1388
1272,219,1491,0.1388
1275,222,1497,0.1388
1262,224,1486,0.1388
1259,220,1479,0.1388
1261,222,1483,0.1388
1272,226,1498,0.1388
1259,226,1485,0.1388
1260,223,1483,0.1388
1251,224,1475,0.1388
1257,220,1477,0.1388
1259,221,1480,0.1388
1265,225,1490,0.1388
1259,228,1487,0.1388
1260,233,1493,0.1388
1262,236,1498,0.1388
1247,247,1494,0.1388
1239,240,1479,0.1388
1245,232,1477,0.1388
1253,236,1489,0.1388
1254,244,1498,0.1388
1249,245,1494,0.1388
1258,247,1505,0.1388
1261,248,1509,0.1388
1255,245,1500,0.1388
1255,247,1502,0.1388
1257,246,1503,0.1388
1263,250,1513,0.1388
1254,252,1506,0.1388
1256,254,1510,0.1388
1237,255,1492,0.1388
1252,256,1508,0.1388
1254,256,1510,0.1388
1242,260,1502,0.1388
1247,262,1509,0.1388
1243,257,1500,0.1388
1238,251,1489,0.1388
1235,252,1487,0.1388
1227,255,1482,0.1388
1226,257,1483,0.1388
1232,256,1488,0.1388
1219,259,1478,0.1388
1229,264,1493,0.1388
1221,263,1484,0.1388
1230,263,1493,0.1388
1220,265,1485,0.1388
1222,269,1491,0.1388
1216,264,1480,0.1388
1208,263,1471,0.1388
1214,268,1482,0.1388
1230,270,1500,0.1388
1220,271,1491,0.1388
1226,273,1499,0.1388
1220,275,1495,0.1388
1218,282,1500,0.1388
1224,280,1504,0.1388
1223,280,1503,0.1388
1211,276,1487,0.1388
1209,275,1484,0.1388
1204,278,1482,0.1388
1210,279,1489,0.1388
1211,286,1497,0.1388
1215,285,1500,0.1388
1204,283,1487,0.1388
1218,285,1503,0.1388
1221,288,1509,0.1388
1223,294,1517,0.1388
1215,298,1513,0.1388
1196,298,1494,0.1388
1200,295,1495,0.1388
1203,299,1502,0.1388
1199,302,1501,0.1388
1188,312,1500,0.1388
1191,316,1507,0.1388
1194,311,1505,0.1388
1193,315,1508,0.1388
1181,319,1500,0.1388
1181,320,1501,0.1388
1184,321,1505,0.1388
1199,322,1521,0.1388
1192,315,1507,0.1388
1187,322,1509,0.1388
1178,322,1500,0.1388
1173,320,1493,0.1388
1168,320,1488,0.1388
1158,319,1477,0.1388
1175,323,1498,0.1388
1163,323,1486,0.1388
1166,325,1491,0.1388
1168,325,1493,0.1388
1179,330,1509,0.1388
1168,324,1492,0.1388
1184,324,1508,0.1388
1189,322,1511,0.1388
1179,321,1500,0.1388
1165,329,1494,0.1388
1174,329,1503,0.1388
1167,330,1497,0.1388
1170,329,1499,0.1388
1176,333,1509,0.1388
1168,337,1505,0.1388
1164,341,1505,0.1388
1169,339,1508,0.1388
1170,343,1513,0.1388
1177,341,1518,0.1388
1180,336,1516,0.1388
1175,336,1511,0.1388
1171,332,1503,0.1388
1171,338,1509,0.1388
1167,340,1507,0.1388
1158,338,1496,0.1388
1163,337,1500,0.1388
1154,332,1486,0.1388
1158,333,1491,0.1388
1169,332,1501,0.1388
1173,336,1509,0.1388
1177,334,1511,0.1388
1178,332,1510,0.1388
1185,334,1519,0.1388
1176,338,1514,0.1388
1176,338,1514,0.1388
1166,333,1499,0.1388
1166,341,1507,0.1388
1168,339,1507,0.1388
1161,340,1501,0.1388
1162,338,1500,0.1388
1166,341,1507,0.1388
1168,340,1508,0.1388
1161,343,1504,0.1388
1151,348,1499,0.1388
1137,346,1483,0.1388
1144,348,1492,0.1388
1141,353,1494,0.1388
1127,355,1482,0.1388
1136,353,1489,0.1388
1139,352,1491,0.1388
1153,350,1503,0.1388
1141,351,1492,0.1388
1150,341,1491,0.1388
1148,345,1493,0.1388
1148,345,1493,0.1388
1167,346,1513,0.1388
1157,345,1502,0.1388
1149,346,1495,0.1388
1138,362,1500,0.1388
1143,359,1502,0.1388
1144,359,1503,0.1388
1135,357,1492,0.1388
1133,356,1489,0.1388
1130,359,1489,0.1388
1132,355,1487,0.1388
1120,355,1475,0.1388
1140,355,1495,0.1388
1148,352,1500,0.1388
1157,349,1506,0.1388
1146,349,1495,0.1388
1144,342,1486,0.1388
1149,347,1496,0.1388
1153,356,1509,0.1388
1148,357,1505,0.1388
1136,366,1502,0.1388
1147,359,1506,0.1388
1146,364,1510,0.1388
1147,362,1509,0.1388
1148,371,1519,0.1388
1131,369,1500,0.1388
1133,367,1500,0.1388
1131,369,1500,0.1388
1125,362,1487,0.1388
1120,362,1482,0.1388
1113,369,1482,0.1388
1122,366,1488,0.1388
1133,372,1505,0.1388
1134,374,1508,0.1388
1131,378,1509,0.1388
1130,377,1507,0.1388
1135,375,1510,0.1388
1128,370,1498,0.1388
1132,364,1496,0.1388
1130,367,1497,0.1388
1126,373,1499,0.1388
1124,379,1503,0.1388
1114,379,1493,0.1388
1116,383,1499,0.1388
1112,384,1496,0.1388
1114,386,1500,0.1388
1122,381,1503,0.1388
1118,387,1505,0.1388
1118,386,1504,0.1388
1117,384,1501,0.1388
1118,387,1505,0.1388
1106,385,1491,0.1388
1111,384,1495,0.1388
1101,387,1488,0.1388
1099,386,1485,0.1388
1113,387,1500,0.1388
1116,382,1498,0.1388
1111,385,1496,0.1388
1110,385,1495,0.1388
1114,386,1500,0.1388
1108,379,1487,0.1388
1120,381,1501,0.1388
1112,381,1493,0.1388
1116,381,1497,0.1388
1108,383,1491,0.1388
1125,384,1509,0.1388
1109,379,1488,0.1388
1104,379,1483,0.1388
1117,381,1498,0.1388
1112,382,1494,0.1388
1114,387,1501,0.1388
1100,386,1486,0.1388
1108,385,1493,0.1388
1107,398,1505,0.1388
1103,397,1500,0.1388
1100,395,1495,0.1388
1101,395,1496,0.1388
1099,401,1500,0.1388
1104,400,1504,0.1388
1088,404,1492,0.1388
1090,408,1498,0.1388
1095,407,1502,0.1388
1101,405,1506,0.1388
1086,402,1488,0.1388
1091,410,1501,0.1388
1092,408,1500,0.1388
1112,412,1524,0.1388
1115,405,1520,0.1388
1103,411,1514,0.1388
1104,411,1515,0.1388
1107,408,1515,0.1388
1100,405,1505,0.1388
1106,407,1513,0.1388
1096,408,1504,0.1388
1096,409,1505,0.1388
1088,408,1496,0.1388
1088,412,1500,0.1388
1081,411,1492,0.1388
1084,416,1500,0.1388
1087,413,1500,0.1388
1090,410,1500,0.1388
1089,411,1500,0.1388
1085,416,1501,0.1388
1083,418,1501,0.1388
1086,419,1505,0.1388
1097,418,1515,0.1388
1101,419,1520,0.1388
1096,421,1517,0.1388
1081,426,1507,0.1388
1082,424,1506,0.1388
1065,420,1485,0.1388
1074,424,1498,0.1388
1074,421,1495,0.1388
1056,427,1483,0.1388
1059,431,1490,0.1388
1048,423,1471,0.1388
1065,417,1482,0.1388
1068,415,1483,0.1388
1068,414,1482,0.1388
1075,415,1490,0.1388
1072,420,1492,0.1388
1072,416,1488,0.1388
1082,413,1495,0.1388
1077,422,1499,0.1388
1074,425,1499,0.1388
1082,425,1507,0.1388
1077,422,1499,0.1388
1085,430,1515,0.1388
1084,434,1518,0.1388
1081,434,1515,0.1388
1074,433,1507,0.1388
1065,432,1497,0.1388
1062,433,1495,0.1388
1064,430,1494,0.1388
1071,434,1505,0.1388
1068,433,1501,0.1388
1065,431,1496,0.1388
1075,430,1505,0.1388
1079,436,1515,0.1388
1070,429,1499,0.1388
1055,434,1489,0.1388
1054,433,1487,0.1388
1055,429,1484,0.1388
1053,431,1484,0.1388
1049,447,1496,0.1388
1062,444,1506,0.1388
1070,444,1514,0.1388
1071,447,1518,0.1388
1066,446,1512,0.1388
1063,441,1504,0.1388
1058,440,1498,0.1388
1064,448,1512,0.1388
1055,452,1507,0.1388
1037,459,1496,0.1388
1050,457,1507,0.1388
1040,457,1497,0.1388
1040,455,1495,0.1388
1045,459,1504,0.1388
1034,460,1494,0.1388
1035,460,1495,0.1388
1030,457,1487,0.1388
1025,461,1486,0.1388
1022,461,1483,0.1388
1019,459,1478,0.1388
1030,470,1500,0.1388
1019,466,1485,0.1388
1019,469,1488,0.1388
1017,472,1489,0.1388
1027,471,1498,0.1388
1018,473,1491,0.1388
1013,474,1487,0.1388
1023,471,1494,0.1388
1027,465,1492,0.1388
1025,479,1504,0.1388
1035,479,1514,0.1388
1024,475,1499,0.1388
1024,472,1496,0.1388
1019,473,1492,0.1388
1026,473,1499,0.1388
1018,473,1491,0.1388
1029,471,1500,0.1388
1030,474,1504,0.1388
1026,474,1500,0.1388
1029,482,1511,0.1388
1022,477,1499,0.1388
1025,469,1494,0.1388
1025,481,1506,0.1388
1030,480,1510,0.1388
1032,477,1509,0.1388
1023,482,1505,0.1388
1019,477,1496,0.1388
1016,472,1488,0.1388
1016,476,1492,0.1388
1013,477,1490,0.1388
1009,483,1492,0.1388
1002,484,1486,0.1388
1007,487,1494,0.1388
1004,484,1488,0.1388
1021,485,1506,0.1388
1003,482,1485,0.1388
1013,482,1495,0.1388
1016,479,1495,0.1388
1013,474,1487,0.1388
1020,481,1501,0.1388
1019,483,1502,0.1388
1020,493,1513,0.1388
1005,497,1502,0.1388
1007,494,1501,0.1388
1009,496,1505,0.1388
1006,499,1505,0.1388
1007,498,1505,0.1388
1004,501,1505,0.1388
1001,503,1504,0.1388
991,506,1497,0.1388
987,510,1497,0.1388
976,510,1486,0.1388
984,514,1498,0.1388
988,521,1509,0.1388
995,519,1514,0.1388
992,517,1509,0.1388
995,513,1508,0.1388
988,518,1506,0.1388
983,523,1506,0.1388
984,528,1512,0.1388
990,527,1517,0.1388
996,521,1517,0.1388
989,533,1522,0.1388
982,536,1518,0.1388
971,537,1508,0.1388
965,541,1506,0.1388
973,536,1509,0.1388
972,534,1506,0.1388
975,537,1512,0.1388
983,543,1526,0.1388
971,547,1518,0.1388
973,553,1526,0.1388
960,555,1515,0.1388
954,555,1509,0.1388
951,552,1503,0.1388
944,559,1503,0.1388
936,563,1499,0.1388
938,563,1501,0.1388
951,567,1518,0.1388
947,566,1513,0.1388
944,561,1505,0.1388
935,556,1491,0.1388
934,560,1494,0.1388
935,573,1508,0.1388
931,584,1515,0.1388
929,583,1512,0.1388
914,581,1495,0.1388
904,585,1489,0.1388
894,591,1485,0.1388
900,591,1491,0.1388
895,594,1489,0.1388
889,595,1484,0.1388
894,596,1490,0.1388
901,597,1498,0.1388
900,598,1498,0.1388
885,601,1486,0.1388
879,596,1475,0.1388
884,597,1481,0.1388
871,614,1485,0.1388
876,613,1489,0.1388
883,621,1504,0.1388
876,621,1497,0.1388
876,618,1494,0.1388
874,618,1492,0.1388
880,603,1483,0.1388
884,603,1487,0.1388
895,608,1503,0.1388
901,616,1517,0.1388
894,616,1510,0.1388
894,613,1507,0.1388
884,616,1500,0.1388
886,608,1494,0.1388
893,616,1509,0.1388
879,627,1506,0.1388
893,622,1515,0.1388
886,623,1509,0.1388
888,623,1511,0.1388
885,619,1504,0.1388
889,615,1504,0.1388
892,614,1506,0.1388
883,619,1502,0.1388
882,628,1510,0.1388
885,633,1518,0.1388
884,636,1520,0.1388
891,639,1530,0.1388
883,631,1514,0.1388
878,639,1517,0.1388
862,633,1495,0.1388
861,640,1501,0.1388
856,637,1493,0.1388
871,640,1511,0.1388
875,632,1507,0.1388
868,626,1494,0.1388
874,631,1505,0.1388
872,635,1507,0.1388
864,636,1500,0.1388
854,646,1500,0.1388
842,653,1495,0.1388
835,647,1482,0.1388
836,656,1492,0.1388
823,656,1479,0.1388
821,664,1485,0.1388
835,664,1499,0.1388
844,664,1508,0.1388
851,666,1517,0.1388
845,662,1507,0.1388
843,667,1510,0.1388
840,673,1513,0.1388
832,673,1505,0.1388
830,684,1514,0.1388
818,686,1504,0.1388
816,678,1494,0.1388
816,688,1504,0.1388
823,689,1512,0.1388
823,684,1507,0.1388
815,688,1503,0.1388
810,688,1498,0.1388
806,684,1490,0.1388
803,682,1485,0.1388
807,689,1496,0.1388
807,686,1493,0.1388
812,688,1500,0.1388
814,695,1509,0.1388
807,692,1499,0.1388
804,695,1499,0.1388
802,700,1502,0.1388
802,708,1510,0.1388
791,708,1499,0.1388
787,704,1491,0.1388
798,710,1508,0.1388
793,705,1498,0.1388
787,707,1494,0.1388
788,711,1499,0.1388
783,719,1502,0.1388
787,713,1500,0.1388
790,718,1508,0.1388
787,721,1508,0.1388
794,709,1503,0.1388
792,709,1501,0.1388
796,701,1497,0.1388
789,702,1491,0.1388
779,718,1497,0.1388
777,720,1497,0.1388
773,723,1496,0.1388
773,725,1498,0.1388
775,726,1501,0.1388
793,728,1521,0.1388
791,730,1521,0.1388
788,739,1527,0.1388
793,736,1529,0.1388
787,733,1520,0.1388
783,729,1512,0.1388
783,731,1514,0.1388
774,735,1509,0.1388
773,741,1514,0.1388
773,749,1522,0.1388
780,750,1530,0.1388
778,748,1526,0.1388
778,740,1518,0.1388
770,742,1512,0.1388
772,742,1514,0.1388
769,745,1514,0.1388
772,753,1525,0.1388
762,754,1516,0.1388
760,742,1502,0.1388
762,743,1505,0.1388
759,743,1502,0.1388
760,751,1511,0.1388
752,752,1504,0.1388
764,752,1516,0.1388
766,750,1516,0.1388
762,748,1510,0.1388
765,745,1510,0.1388
758,746,1504,0.1388
750,751,1501,0.1388
763,751,1514,0.1388
760,748,1508,0.1388
763,744,1507,0.1388
764,742,1506,0.1388
762,741,1503,0.1388
765,728,1493,0.1388
769,729,1498,0.1388
774,737,1511,0.1388
774,744,1518,0.1388
773,734,1507,0.1388
758,740,1498,0.1388
763,735,1498,0.1388
772,744,1516,0.1388
774,741,1515,0.1388
764,743,1507,0.1388
773,738,1511,0.1388
763,747,1510,0.1388
757,752,1509,0.1388
756,750,1506,0.1388
754,748,1502,0.1388
752,745,1497,0.1388
752,749,1501,0.1388
747,747,1494,0.1388
735,749,1484,0.1388
746,756,1502,0.1388
737,771,1508,0.1388
739,765,1504,0.1388
748,761,1509,0.1388
741,771,1512,0.1388
737,768,1505,0.1388
728,768,1496,0.1388
729,772,1501,0.1388
732,776,1508,0.1388
739,773,1512,0.1388
733,779,1512,0.1388
727,773,1500,0.1388
725,771,1496,0.1388
723,762,1485,0.1388
725,771,1496,0.1388
719,780,1499,0.1388
719,773,1492,0.1388
719,777,1496,0.1388
720,783,1503,0.1388
718,786,1504,0.1388
713,795,1508,0.1388
709,798,1507,0.1388
713,799,1512,0.1388
713,798,1511,0.1388
707,794,1501,0.1388
709,797,1506,0.1388
704,801,1505,0.1388
696,799,1495,0.1388
699,806,1505,0.1388
696,808,1504,0.1388
691,810,1501,0.1388
692,809,1501,0.1388
696,809,1505,0.1388
684,813,1497,0.1388
685,821,1506,0.1388
681,815,1496,0.1388
689,819,1508,0.1388
676,825,1501,0.1388
688,826,1514,0.1388
680,826,1506,0.1388
677,820,1497,0.1388
680,823,1503,0.1388
680,825,1505,0.1388
684,829,1513,0.1388
679,832,1511,0.1388
674,827,1501,0.1388
680,824,1504,0.1388
681,830,1511,0.1388
673,838,1511,0.1388
679,837,1516,0.1388
674,828,1502,0.1388
673,830,1503,0.1388
680,820,1500,0.1388
681,826,1507,0.1388
678,825,1503,0.1388
670,828,1498,0.1388
669,829,1498,0.1388
666,838,1504,0.1388
660,840,1500,0.1388
661,844,1505,0.1388
660,836,1496,0.1388
664,836,1500,0.1388
661,846,1507,0.1388
660,858,1518,0.1388
663,848,1511,0.1388
670,849,1519,0.1388
667,843,1510,0.1388
666,848,1514,0.1388
663,849,1512,0.1388
653,846,1499,0.1388
644,843,1487,0.1388
651,835,1486,0.1388
651,848,1499,0.1388
648,859,1507,0.1388
649,864,1513,0.1388
647,872,1519,0.1388
648,869,1517,0.1388
650,859,1509,0.1388
638,859,1497,0.1388
636,857,1493,0.1388
641,859,1500,0.1388
648,864,1512,0.1388
651,856,1507,0.1388
654,863,1517,0.1388
652,863,1515,0.1388
654,860,1514,0.1388
663,855,1518,0.1388
656,851,1507,0.1388
659,859,1518,0.1388
659,862,1521,0.1388
650,865,1515,0.1388
649,863,1512,0.1388
646,877,1523,0.1388
642,870,1512,0.1388
643,867,1510,0.1388
645,872,1517,0.1388
641,874,1515,0.1388
635,877,1512,0.1388
635,873,1508,0.1388
632,879,1511,0.1388
624,883,1507,0.1388
627,877,1504,0.1388
629,878,1507,0.1388
620,881,1501,0.1388
622,876,1498,0.1388
613,880,1493,0.1388
614,889,1503,0.1388
615,894,1509,0.1388
608,897,1505,0.1388
614,884,1498,0.1388
607,888,1495,0.1388
606,890,1496,0.1388
608,896,1504,0.1388
607,893,1500,0.1388
595,898,1493,0.1388
607,892,1499,0.1388
610,897,1507,0.1388
610,906,1516,0.1388
618,901,1519,0.1388
619,888,1507,0.1388
628,877,1505,0.1388
622,880,1502,0.1388
631,879,1510,0.1388
618,881,1499,0.1388
614,874,1488,0.1388
616,867,1483,0.1388
615,859,1474,0.1388
628,879,1507,0.1388
628,874,1502,0.1388
627,874,1501,0.1388
628,886,1514,0.1388
628,877,1505,0.1388
630,875,1505,0.1388
629,877,1506,0.1388
632,890,1522,0.1388
627,877,1504,0.1388
629,872,1501,0.1388
633,878,1511,0.1388
633,869,1502,0.1388
637,871,1508,0.1388
632,884,1516,0.1388
633,879,1512,0.1388
631,884,1515,0.1388
634,881,1515,0.1388
631,878,1509,0.1388
634,874,1508,0.1388
635,876,1511,0.1388
629,880,1509,0.1388
631,887,1518,0.1388
621,895,1516,0.1388
613,903,1516,0.1388
611,889,1500,0.1388
600,899,1499,0.1388
591,901,1492,0.1388
591,903,1494,0.1388
587,908,1495,0.1388
588,910,1498,0.1388
593,900,1493,0.1388
597,911,1508,0.1388
594,906,1500,0.1388
594,915,1509,0.1388
600,919,1519,0.1388
588,923,1511,0.1388
582,936,1518,0.1388
584,928,1512,0.1388
586,940,1526,0.1388
585,949,1534,0.1388
580,942,1522,0.1388
578,944,1522,0.1388
573,943,1516,0.1388
566,954,1520,0.1388
565,943,1508,0.1388
559,954,1513,0.1388
556,950,1506,0.1388
552,957,1509,0.1388
553,964,1517,0.1388
560,963,1523,0.1388
560,968,1528,0.1388
552,970,1522,0.1388
558,964,1522,0.1388
551,968,1519,0.1388
546,960,1506,0.1388
544,961,1505,0.1388
547,965,1512,0.1388
545,967,1512,0.1388
544,980,1524,0.1388
545,975,1520,0.1388
541,962,1503,0.1388
535,958,1493,0.1388
530,955,1485,0.1388
536,959,1495,0.1388
535,960,1495,0.1388
526,967,1493,0.1388
527,985,1512,0.1388
530,980,1510,0.1388
535,972,1507,0.1388
535,979,1514,0.1388
527,976,1503,0.1388
533,981,1514,0.1388
528,986,1514,0.1388
526,993,1519,0.1388
518,994,1512,0.1388
519,998,1517,0.1388
524,998,1522,0.1388
517,995,1512,0.1388
516,993,1509,0.1388
501,1010,1511,0.1388
495,1007,1502,0.1388
499,1005,1504,0.1388
502,991,1493,0.1388
494,1005,1499,0.1388
492,1007,1499,0.1388
494,1016,1510,0.1388
494,1013,1507,0.1388
493,1014,1507,0.1388
492,1008,1500,0.1388
494,1006,1500,0.1388
486,1005,1491,0.1388
492,1006,1498,0.1388
488,1013,1501,0.1388
491,1015,1506,0.1388
487,1021,1508,0.1388
493,1010,1503,0.1388
496,1013,1509,0.1388
494,1014,1508,0.1388
497,1018,1515,0.1388
496,1017,1513,0.1388
497,1015,1512,0.1388
495,1017,1512,0.1388
504,1016,1520,0.1388
504,1017,1521,0.1388
509,1019,1528,0.1388
505,1015,1520,0.1388
510,1022,1532,0.1388
504,1022,1526,0.1388
506,1023,1529,0.1388
498,1013,1511,0.1388
496,1015,1511,0.1388
498,1011,1509,0.1388
502,1017,1519,0.1388
501,1006,1507,0.1388
501,1000,1501,0.1388
498,1009,1507,0.1388
497,1002,1499,0.1388
489,1006,1495,0.1388
480,1016,1496,0.1388
488,1021,1509,0.1388
495,1022,1517,0.1388
497,1020,1517,0.1388
483,1019,1502,0.1388
488,1023,1511,0.1388
484,1035,1519,0.1388
485,1029,1514,0.1388
484,1023,1507,0.1388
478,1037,1515,0.1388
480,1052,1532,0.1388
472,1042,1514,0.1388
477,1032,1509,0.1388
478,1033,1511,0.1388
479,1030,1509,0.1388
477,1036,1513,0.1388
476,1040,1516,0.1388
470,1050,1520,0.1388
474,1048,1522,0.1388
469,1042,1511,0.1388
472,1046,1518,0.1388
472,1042,1514,0.1388
467,1043,1510,0.1388
467,1040,1507,0.1388
477,1046,1523,0.1388
473,1039,1512,0.1388
472,1043,1515,0.1388
475,1040,1515,0.1388
469,1038,1507,0.1388
466,1059,1525,0.1388
463,1050,1513,0.1388
461,1064,1525,0.1388
462,1056,1518,0.1388
461,1052,1513,0.1388
454,1048,1502,0.1388
449,1060,1509,0.1388
448,1058,1506,0.1388
451,1054,1505,0.1388
451,1055,1506,0.1388
448,1051,1499,0.1388
446,1056,1502,0.1388
443,1063,1506,0.1388
442,1065,1507,0.1388
439,1073,1512,0.1388
438,1079,1517,0.1388
438,1077,1515,0.1388
441,1063,1504,0.1388
435,1054,1489,0.1388
441,1061,1502,0.1388
439,1071,1510,0.1388
435,1071,1506,0.1388
438,1071,1509,0.1388
435,1065,1500,0.1388
438,1070,1508,0.1388
442,1075,1517,0.1388
446,1069,1515,0.1388
444,1075,1519,0.1388
446,1079,1525,0.1388
441,1084,1525,0.1388
441,1071,1512,0.1388
437,1075,1512,0.1388
444,1073,1517,0.1388
442,1064,1506,0.1388
448,1058,1506,0.1388
450,1064,1514,0.1388
446,1064,1510,0.1388
442,1067,1509,0.1388
439,1076,1515,0.1388
433,1075,1508,0.1388
434,1080,1514,0.1388
444,1083,1527,0.1388
447,1080,1527,0.1388
445,1076,1521,0.1388
441,1069,1510,0.1388
451,1057,1508,0.1388
450,1056,1506,0.1388
444,1064,1508,0.1388
448,1059,1507,0.1388
439,1057,1496,0.1388
441,1069,1510,0.1388
443,1060,1503,0.1388
438,1076,1514,0.1388
443,1063,1506,0.1388
447,1052,1499,0.1388
441,1052,1493,0.1388
445,1040,1485,0.1388
439,1053,1492,0.1388
441,1053,1494,0.1388
444,1050,1494,0.1388
448,1048,1496,0.1388
448,1056,1504,0.1388
445,1054,1499,0.1388
445,1057,1502,0.1388
450,1058,1508,0.1388
451,1056,1507,0.1388
455,1059,1514,0.1388
454,1058,1512,0.1388
454,1063,1517,0.1388
453,1062,1515,0.1388
451,1065,1516,0.1388
447,1067,1514,0.1388
442,1072,1514,0.1388
442,1064,1506,0.1388
443,1064,1507,0.1388
442,1068,1510,0.1388
443,1071,1514,0.1388
432,1066,1498,0.1388
422,1072,1494,0.1388
426,1077,1503,0.1388
424,1080,1504,0.1388
421,1079,1500,0.1388
429,1076,1505,0.1388
426,1086,1512,0.1388
435,1080,1515,0.1388
425,1076,1501,0.1388
422,1081,1503,0.1388
421,1090,1511,0.1388
424,1100,1524,0.1388
419,1094,1513,0.1388
422,1094,1516,0.1388
424,1091,1515,0.1388
423,1091,1514,0.1388
427,1090,1517,0.1388
423,1097,1520,0.1388
420,1102,1522,0.1388
420,1095,1515,0.1388
417,1100,1517,0.1388
423,1098,1521,0.1388
417,1087,1504,0.1388
411,1092,1503,0.1388
407,1092,1499,0.1388
412,1100,1512,0.1388
411,1099,1510,0.1388
412,1092,1504,0.1388
403,1108,1511,0.1388
402,1115,1517,0.1388
409,1110,1519,0.1388
400,1117,1517,0.1388
405,1103,1508,0.1388
400,1101,1501,0.1388
396,1107,1503,0.1388
391,1109,1500,0.1388
385,1117,1502,0.1388
395,1117,1512,0.1388
394,1118,1512,0.1388
395,1126,1521,0.1388
394,1112,1506,0.1388
395,1113,1508,0.1388
393,1109,1502,0.1388
393,1111,1504,0.1388
397,1113,1510,0.1388
389,1093,1482,0.1388
391,1080,1471,0.1388
392,1102,1494,0.1388
390,1120,1510,0.1388
399,1122,1521,0.1388
406,1111,1517,0.1388
406,1104,1510,0.1388
410,1100,1510,0.1388
409,1107,1516,0.1388
401,1114,1515,0.1388
400,1106,1506,0.1388
390,1120,1510,0.1388
390,1118,1508,0.1388
395,1125,1520,0.1388
394,1125,1519,0.1388
392,1119,1511,0.1388
389,1116,1505,0.1388
386,1105,1491,0.1388
385,1117,1502,0.1388
388,1124,1512,0.1388
391,1124,1515,0.1388
391,1115,1506,0.1388
396,1118,1514,0.1388
389,1120,1509,0.1388
388,1114,1502,0.1388
387,1129,1516,0.1388
383,1126,1509,0.1388
380,1124,1504,0.1388
383,1120,1503,0.1388
383,1119,1502,0.1388
385,1121,1506,0.1388
385,1116,1501,0.1388
392,1121,1513,0.1388
389,1115,1504,0.1388
386,1121,1507,0.1388
391,1124,1515,0.1388
385,1116,1501,0.1388
382,1116,1498,0.1388
383,1123,1506,0.1388
382,1123,1505,0.1388
385,1124,1509,0.1388
386,1132,1518,0.1388
386,1127,1513,0.1388
385,1121,1506,0.1388
376,1123,1499,0.1388
369,1115,1484,0.1388
363,1129,1492,0.1388
368,1142,1510,0.1388
374,1148,1522,0.1388
372,1146,1518,0.1388
367,1140,1507,0.1388
365,1146,1511,0.1388
369,1145,1514,0.1388
366,1135,1501,0.1388
369,1139,1508,0.1388
369,1154,1523,0.1388
365,1153,1518,0.1388
362,1150,1512,0.1388
362,1153,1515,0.1388
365,1159,1524,0.1388
358,1154,1512,0.1388
352,1167,1519,0.1388
352,1162,1514,0.1388
349,1162,1511,0.1388
346,1162,1508,0.1388
346,1165,1511,0.1388
341,1154,1495,0.1388
337,1169,1506,0.1388
336,1186,1522,0.1388
337,1187,1524,0.1388
336,1180,1516,0.1388
340,1170,1510,0.1388
345,1174,1519,0.1388
349,1165,1514,0.1388
357,1170,1527,0.1388
356,1166,1522,0.1388
358,1173,1531,0.1388
356,1173,1529,0.1388
352,1167,1519,0.1388
355,1168,1523,0.1388
350,1171,1521,0.1388
347,1158,1505,0.1388
349,1159,1508,0.1388
345,1161,1506,0.1388
342,1151,1493,0.1388
339,1161,1500,0.1388
333,1164,1497,0.1388
335,1172,1507,0.1388
337,1164,1501,0.1388
340,1162,1502,0.1388
335,1172,1507,0.1388
336,1150,1486,0.1388
339,1152,1491,0.1388
332,1165,1497,0.1388
336,1167,1503,0.1388
341,1166,1507,0.1388
343,1163,1506,0.1388
337,1165,1502,0.1388
338,1169,1507,0.1388
335,1173,1508,0.1388
338,1178,1516,0.1388
335,1166,1501,0.1388
334,1169,1503,0.1388
326,1181,1507,0.1388
323,1186,1509,0.1388
318,1183,1501,0.1388
318,1187,1505,0.1388
317,1181,1498,0.1388
309,1175,1484,0.1388
312,1185,1497,0.1388
313,1182,1495,0.1388
317,1196,1513,0.1388
314,1195,1509,0.1388
315,1203,1518,0.1388
314,1200,1514,0.1388
310,1215,1525,0.1388
306,1214,1520,0.1388
298,1209,1507,0.1388
299,1200,1499,0.1388
294,1205,1499,0.1388
291,1212,1503,0.1388
297,1220,1517,0.1388
295,1223,1518,0.1388
292,1218,1510,0.1388
293,1223,1516,0.1388
293,1218,1511,0.1388
292,1220,1512,0.1388
288,1226,1514,0.1388
288,1211,1499,0.1388
288,1220,1508,0.1388
289,1216,1505,0.1388
281,1219,1500,0.1388
279,1240,1519,0.1388
267,1237,1504,0.1388
267,1246,1513,0.1388
265,1246,1511,0.1388
263,1247,1510,0.1388
268,1244,1512,0.1388
267,1239,1506,0.1388
268,1249,1517,0.1388
265,1243,1508,0.1388
265,1238,1503,0.1388
264,1245,1509,0.1388
265,1242,1507,0.1388
266,1234,1500,0.1388
268,1241,1509,0.1388
268,1244,1512,0.1388
270,1242,1512,0.1388
265,1254,1519,0.1388
263,1247,1510,0.1388
267,1253,1520,0.1388
263,1253,1516,0.1388
260,1260,1520,0.1388
256,1258,1514,0.1388
260,1260,1520,0.1388
259,1245,1504,0.1388
262,1257,1519,0.1388
257,1243,1500,0.1388
260,1251,1511,0.1388
259,1254,1513,0.1388
259,1237,1496,0.1388
261,1229,1490,0.1388
256,1239,1495,0.1388
257,1242,1499,0.1388
262,1247,1509,0.1388
266,1247,1513,0.1388
265,1259,1524,0.1388
261,1260,1521,0.1388
259,1270,1529,0.1388
255,1266,1521,0.1388
252,1255,1507,0.1388
247,1254,1501,0.1388
242,1257,1499,0.1388
238,1271,1509,0.1388
235,1273,1508,0.1388
238,1270,1508,0.1388
246,1268,1514,0.1388
243,1255,1498,0.1388
240,1258,1498,0.1388
236,1270,1506,0.1388
235,1267,1502,0.1388
233,1267,1500,0.1388
234,1275,1509,0.1388
228,1283,1511,0.1388
229,1284,1513,0.1388
226,1289,1515,0.1388
227,1290,1517,0.1388
234,1279,1513,0.1388
230,1287,1517,0.1388
228,1289,1517,0.1388
228,1295,1523,0.1388
226,1288,1514,0.1388
231,1296,1527,0.1388
234,1289,1523,0.1388
237,1279,1516,0.1388
237,1273,1510,0.1388
238,1279,1517,0.1388
237,1268,1505,0.1388
242,1275,1517,0.1388
242,1276,1518,0.1388
243,1264,1507,0.1388
242,1270,1512,0.1388
235,1261,1496,0.1388
236,1270,1506,0.1388
239,1263,1502,0.1388
236,1262,1498,0.1388
233,1262,1495,0.1388
230,1270,1500,0.1388
227,1272,1499,0.1388
218,1282,1500,0.1388
215,1292,1507,0.1388
213,1294,1507,0.1388
214,1300,1514,0.1388
212,1299,1511,0.1388
215,1297,1512,0.1388
207,1302,1509,0.1388
212,1310,1522,0.1388
214,1318,1532,0.1388
210,1318,1528,0.1388
213,1309,1522,0.1388
212,1316,1528,0.1388
205,1319,1524,0.1388
210,1318,1528,0.1388
210,1308,1518,0.1388
211,1319,1530,0.1388
209,1321,1530,0.1388
208,1310,1518,0.1388
206,1302,1508,0.1388
204,1304,1508,0.1388
205,1300,1505,0.1388
203,1293,1496,0.1388
199,1298,1497,0.1388
200,1301,1501,0.1388
201,1312,1513,0.1388
197,1323,1520,0.1388
198,1320,1518,0.1388
194,1322,1516,0.1388
190,1330,1520,0.1388
189,1325,1514,0.1388
186,1333,1519,0.1388
185,1338,1523,0.1388
181,1335,1516,0.1388
182,1335,1517,0.1388
185,1329,1514,0.1388
183,1334,1517,0.1388
181,1336,1517,0.1388
184,1332,1516,0.1388
184,1323,1507,0.1388
185,1334,1519,0.1388
186,1336,1522,0.1388
187,1340,1527,0.1388
188,1345,1533,0.1388
189,1340,1529,0.1388
190,1332,1522,0.1388
191,1321,1512,0.1388
195,1335,1530,0.1388
189,1325,1514,0.1388
187,1328,1515,0.1388
185,1325,1510,0.1388
181,1323,1504,0.1388
185,1321,1506,0.1388
187,1324,1511,0.1388
189,1329,1518,0.1388
183,1336,1519,0.1388
183,1338,1521,0.1388
185,1334,1519,0.1388
185,1334,1519,0.1388
184,1333,1517,0.1388
187,1330,1517,0.1388
184,1335,1519,0.1388
183,1330,1513,0.1388
179,1341,1520,0.1388
186,1356,1542,0.1388
179,1356,1535,0.1388
177,1343,1520,0.1388
178,1333,1511,0.1388
177,1341,1518,0.1388
174,1333,1507,0.1388
174,1340,1514,0.1388
172,1341,1513,0.1388
171,1341,1512,0.1388
170,1343,1513,0.1388
161,1347,1508,0.1388
158,1347,1505,0.1388
159,1348,1507,0.1388
160,1361,1521,0.1388
159,1363,1522,0.1388
161,1359,1520,0.1388
160,1359,1519,0.1388
162,1351,1513,0.1388
158,1350,1508,0.1388
157,1350,1507,0.1388
160,1354,1514,0.1388
164,1357,1521,0.1388
168,1361,1529,0.1388
169,1353,1522,0.1388
167,1348,1515,0.1388
163,1358,1521,0.1388
162,1353,1515,0.1388
157,1350,1507,0.1388
156,1345,1501,0.1388
159,1369,1528,0.1388
162,1356,1518,0.1388
157,1345,1502,0.1388
161,1348,1509,0.1388
158,1343,1501,0.1388
158,1353,1511,0.1388
153,1355,1508,0.1388
154,1364,1518,0.1388
155,1364,1519,0.1388
159,1368,1527,0.1388
162,1363,1525,0.1388
160,1367,1527,0.1388
162,1373,1535,0.1388
161,1369,1530,0.1388
161,1360,1521,0.1388
158,1366,1524,0.1388
157,1359,1516,0.1388
160,1354,1514,0.1388
166,1340,1506,0.1388
165,1343,1508,0.1388
164,1349,1513,0.1388
169,1358,1527,0.1388
167,1345,1512,0.1388
169,1353,1522,0.1388
170,1362,1532,0.1388
168,1365,1533,0.1388
169,1354,1523,0.1388
166,1346,1512,0.1388
165,1351,1516,0.1388
165,1342,1507,0.1388
164,1343,1507,0.1388
162,1343,1505,0.1388
167,1345,1512,0.1388
166,1347,1513,0.1388
165,1352,1517,0.1388
167,1357,1524,0.1388
166,1350,1516,0.1388
161,1340,1501,0.1388
162,1360,1522,0.1388
163,1345,1508,0.1388
161,1344,1505,0.1388
158,1353,1511,0.1388
160,1368,1528,0.1388
158,1365,1523,0.1388
156,1358,1514,0.1388
155,1356,1511,0.1388
157,1361,1518,0.1388
156,1372,1528,0.1388
157,1366,1523,0.1388
157,1370,1527,0.1388
160,1370,1530,0.1388
165,1371,1536,0.1388
164,1360,1524,0.1388
165,1350,1515,0.1388
160,1355,1515,0.1388
160,1349,1509,0.1388
160,1344,1504,0.1388
156,1343,1499,0.1388
161,1351,1512,0.1388
162,1356,1518,0.1388
160,1357,1517,0.1388
161,1363,1524,0.1388
162,1358,1520,0.1388
160,1367,1527,0.1388
162,1363,1525,0.1388
157,1365,1522,0.1388
160,1360,1520,0.1388
157,1355,1512,0.1388
156,1373,1529,0.1388
154,1368,1522,0.1388
157,1356,1513,0.1388
154,1344,1498,0.1388
156,1343,1499,0.1388
154,1348,1502,0.1388
156,1354,1510,0.1388
153,1358,1511,0.1388
153,1352,1505,0.1388
154,1354,1508,0.1388
151,1364,1515,0.1388
153,1363,1516,0.1388
149,1358,1507,0.1388
143,1356,1499,0.1388
144,1375,1519,0.1388
147,1374,1521,0.1388
142,1365,1507,0.1388
138,1372,1510,0.1388
139,1378,1517,0.1388
138,1371,1509,0.1388
135,1387,1522,0.1388
135,1385,1520,0.1388
138,1385,1523,0.1388
133,1390,1523,0.1388
133,1388,1521,0.1388
137,1374,1511,0.1388
131,1379,1510,0.1388
130,1373,1503,0.1388
131,1389,1520,0.1388
134,1386,1520,0.1388
135,1375,1510,0.1388
132,1379,1511,0.1388
131,1382,1513,0.1388
133,1376,1509,0.1388
132,1380,1512,0.1388
128,1381,1509,0.1388
129,1375,1504,0.1388
131,1384,1515,0.1388
129,1387,1516,0.1388
129,1387,1516,0.1388
126,1383,1509,0.1388
122,1371,1493,0.1388
119,1393,1512,0.1388
121,1395,1516,0.1388
122,1394,1516,0.1388
122,1392,1514,0.1388
118,1402,1520,0.1388
117,1393,1510,0.1388
118,1395,1513,0.1388
117,1384,1501,0.1388
121,1390,1511,0.1388
123,1396,1519,0.1388
119,1387,1506,0.1388
120,1388,1508,0.1388
123,1389,1512,0.1388
118,1385,1503,0.1388
120,1390,1510,0.1388
121,1392,1513,0.1388
121,1403,1524,0.1388
122,1394,1516,0.1388
116,1404,1520,0.1388
115,1409,1524,0.1388
114,1408,1522,0.1388
110,1400,1510,0.1388
108,1402,1510,0.1388
107,1407,1514,0.1388
109,1411,1520,0.1388
111,1415,1526,0.1388
110,1425,1535,0.1388
107,1429,1536,0.1388
109,1420,1529,0.1388
110,1412,1522,0.1388
109,1401,1510,0.1388
109,1400,1509,0.1388
106,1399,1505,0.1388
106,1407,1513,0.1388
107,1400,1507,0.1388
107,1411,1518,0.1388
107,1398,1505,0.1388
109,1397,1506,0.1388
111,1407,1518,0.1388
109,1416,1525,0.1388
111,1401,1512,0.1388
112,1410,1522,0.1388
115,1413,1528,0.1388
116,1406,1522,0.1388
112,1410,1522,0.1388
111,1419,1530,0.1388
113,1418,1531,0.1388
111,1418,1529,0.1388
113,1410,1523,0.1388
115,1412,1527,0.1388
116,1415,1531,0.1388
113,1418,1531,0.1388
113,1412,1525,0.1388
112,1395,1507,0.1388
118,1398,1516,0.1388
116,1405,1521,0.1388
111,1407,1518,0.1388
110,1402,1512,0.1388
108,1403,1511,0.1388
97,1414,1511,0.1388
99,1407,1506,0.1388
96,1415,1511,0.1388
98,1422,1520,0.1388
98,1429,1527,0.1388
97,1418,1515,0.1388
97,1411,1508,0.1388
97,1414,1511,0.1388
97,1420,1517,0.1388
98,1408,1506,0.1388
94,1424,1518,0.1388
96,1434,1530,0.1388
93,1435,1528,0.1388
91,1441,1532,0.1388
92,1427,1519,0.1388
90,1432,1522,0.1388
88,1436,1524,0.1388
88,1444,1532,0.1388
90,1432,1522,0.1388
88,1430,1518,0.1388
88,1430,1518,0.1388
86,1431,1517,0.1388
86,1435,1521,0.1388
85,1431,1516,0.1388
84,1445,1529,0.1388
86,1438,1524,0.1388
86,1435,1521,0.1388
84,1440,1524,0.1388
84,1440,1524,0.1388
82,1435,1517,0.1388
82,1440,1522,0.1388
79,1432,1511,0.1388
80,1429,1509,0.1388
82,1439,1521,0.1388
80,1432,1512,0.1388
78,1455,1533,0.1388
76,1450,1526,0.1388
77,1442,1519,0.1388
75,1439,1514,0.1388
73,1433,1506,0.1388
74,1429,1503,0.1388
75,1430,1505,0.1388
77,1436,1513,0.1388
78,1440,1518,0.1388
76,1438,1514,0.1388
76,1442,1518,0.1388
72,1444,1516,0.1388
75,1442,1517,0.1388
73,1435,1508,0.1388
75,1440,1515,0.1388
74,1446,1520,0.1388
70,1447,1517,0.1388
67,1448,1515,0.1388
65,1449,1514,0.1388
67,1459,1526,0.1388
64,1454,1518,0.1388
68,1453,1521,0.1388
65,1448,1513,0.1388
66,1451,1517,0.1388
67,1440,1507,0.1388
66,1446,1512,0.1388
64,1454,1518,0.1388
62,1450,1512,0.1388
62,1451,1513,0.1388
62,1443,1505,0.1388
61,1440,1501,0.1388
59,1451,1510,0.1388
58,1445,1503,0.1388
58,1459,1517,0.1388
60,1464,1524,0.1388
63,1467,1530,0.1388
63,1466,1529,0.1388
64,1461,1525,0.1388
62,1458,1520,0.1388
65,1451,1516,0.1388
66,1443,1509,0.1388
67,1443,1510,0.1388
68,1445,1513,0.1388
67,1445,1512,0.1388
65,1458,1523,0.1388
64,1457,1521,0.1388
66,1453,1519,0.1388
64,1452,1516,0.1388
63,1433,1496,0.1388
66,1445,1511,0.1388
66,1449,1515,0.1388
66,1445,1511,0.1388
67,1455,1522,0.1388
66,1454,1520,0.1388
63,1454,1517,0.1388
62,1460,1522,0.1388
62,1463,1525,0.1388
63,1457,1520,0.1388
64,1450,1514,0.1388
63,1451,1514,0.1388
60,1451,1511,0.1388
62,1458,1520,0.1388
63,1462,1525,0.1388
63,1459,1522,0.1388
62,1457,1519,0.1388
61,1456,1517,0.1388
61,1455,1516,0.1388
61,1453,1514,0.1388
59,1452,1511,0.1388
60,1452,1512,0.1388
59,1461,1520,0.1388
59,1451,1510,0.1388
58,1456,1514,0.1388
58,1454,1512,0.1388
57,1449,1506,0.1388
56,1454,1510,0.1388
57,1447,1504,0.1388
59,1448,1507,0.1388
56,1465,1521,0.1388
54,1476,1530,0.1388
55,1482,1537,0.1388
53,1479,1532,0.1388
52,1480,1532,0.1388
53,1483,1536,0.1388
53,1476,1529,0.1388
51,1468,1519,0.1388
50,1467,1517,0.1388
51,1469,1520,0.1388
49,1465,1514,0.1388
49,1470,1519,0.1388
50,1474,1524,0.1388
51,1480,1531,0.1388
53,1474,1527,0.1388
53,1471,1524,0.1388
53,1475,1528,0.1388
53,1469,1522,0.1388
52,1458,1510,0.1388
50,1458,1508,0.1388
50,1462,1512,0.1388
51,1452,1503,0.1388
51,1468,1519,0.1388
52,1461,1513,0.1388
52,1480,1532,0.1388
50,1478,1528,0.1388
49,1471,1520,0.1388
49,1461,1510,0.1388
47,1455,1502,0.1388
49,1458,1507,0.1388
50,1463,1513,0.1388
51,1463,1514,0.1388
54,1461,1515,0.1388
52,1466,1518,0.1388
50,1463,1513,0.1388
52,1459,1511,0.1388
51,1453,1504,0.1388
49,1461,1510,0.1388
48,1464,1512,0.1388
49,1461,1510,0.1388
47,1470,1517,0.1388
48,1474,1522,0.1388
46,1469,1515,0.1388
47,1465,1512,0.1388
46,1460,1506,0.1388
47,1454,1501,0.1388
46,1477,1523,0.1388
46,1451,1497,0.1388
45,1455,1500,0.1388
46,1461,1507,0.1388
47,1457,1504,0.1388
49,1462,1511,0.1388
50,1463,1513,0.1388
49,1475,1524,0.1388
51,1478,1529,0.1388
51,1474,1525,0.1388
53,1477,1530,0.1388
54,1479,1533,0.1388
52,1475,1527,0.1388
50,1459,1509,0.1388
50,1453,1503,0.1388
49,1447,1496,0.1388
45,1451,1496,0.1388
46,1449,1495,0.1388
50,1461,1511,0.1388
52,1467,1519,0.1388
52,1470,1522,0.1388
51,1452,1503,0.1388
52,1461,1513,0.1388
55,1456,1511,0.1388
56,1458,1514,0.1388
55,1449,1504,0.1388
56,1457,1513,0.1388
56,1456,1512,0.1388
56,1457,1513,0.1388
56,1465,1521,0.1388
57,1463,1520,0.1388
54,1469,1523,0.1388
54,1470,1524,0.1388
58,1468,1526,0.1388
57,1465,1522,0.1388
59,1469,1528,0.1388
58,1470,1528,0.1388
60,1466,1526,0.1388
60,1462,1522,0.1388
59,1462,1521,0.1388
60,1450,1510,0.1388
59,1468,1527,0.1388
57,1470,1527,0.1388
58,1470,1528,0.1388
57,1472,1529,0.1388
59,1474,1533,0.1388
59,1464,1523,0.1388
60,1453,1513,0.1388
58,1458,1516,0.1388
59,1459,1518,0.1388
58,1459,1517,0.1388
57,1454,1511,0.1388
57,1463,1520,0.1388
58,1456,1514,0.1388
55,1459,1514,0.1388
53,1465,1518,0.1388
54,1455,1509,0.1388
54,1450,1504,0.1388
53,1461,1514,0.1388
55,1460,1515,0.1388
54,1460,1514,0.1388
56,1457,1513,0.1388
56,1454,1510,0.1388
55,1463,1518,0.1388
55,1467,1522,0.1388
56,1475,1531,0.1388
54,1465,1519,0.1388
55,1438,1493,0.1388
54,1445,1499,0.1388
54,1451,1505,0.1388
51,1454,1505,0.1388
50,1472,1522,0.1388
48,1479,1527,0.1388
48,1473,1521,0.1388
48,1469,1517,0.1388
47,1457,1504,0.1388
47,1466,1513,0.1388
48,1479,1527,0.1388
48,1475,1523,0.1388
48,1485,1533,0.1388
47,1486,1533,0.1388
46,1477,1523,0.1388
42,1487,1529,0.1388
44,1480,1524,0.1388
41,1468,1509,0.1388
41,1480,1521,0.1388
43,1484,1527,0.1388
42,1490,1532,0.1388
43,1475,1518,0.1388
45,1480,1525,0.1388
44,1487,1531,0.1388
42,1486,1528,0.1388
45,1470,1515,0.1388
44,1470,1514,0.1388
44,1456,1500,0.1388
40,1466,1506,0.1388
39,1476,1515,0.1388
41,1486,1527,0.1388
41,1479,1520,0.1388
41,1498,1539,0.1388
41,1492,1533,0.1388
43,1494,1537,0.1388
41,1494,1535,0.1388
41,1483,1524,0.1388
40,1480,1520,0.1388
39,1461,1500,0.1388
38,1476,1514,0.1388
39,1471,1510,0.1388
41,1466,1507,0.1388
41,1474,1515,0.1388
41,1480,1521,0.1388
39,1491,1530,0.1388
39,1491,1530,0.1388
38,1479,1517,0.1388
40,1471,1511,0.1388
40,1481,1521,0.1388
40,1486,1526,0.1388
42,1478,1520,0.1388
43,1485,1528,0.1388
41,1483,1524,0.1388
40,1479,1519,0.1388
37,1466,1503,0.1388
36,1472,1508,0.1388
35,1482,1517,0.1388
37,1473,1510,0.1388
39,1484,1523,0.1388
39,1489,1528,0.1388
38,1488,1526,0.1388
39,1486,1525,0.1388
41,1488,1529,0.1388
41,1495,1536,0.1388
39,1479,1518,0.1388
39,1475,1514,0.1388
40,1479,1519,0.1388
40,1476,1516,0.1388
40,1480,1520,0.1388
39,1477,1516,0.1388
39,1486,1525,0.1388
42,1476,1518,0.1388
39,1473,1512,0.1388
41,1473,1514,0.1388
41,1476,1517,0.1388
40,1477,1517,0.1388
40,1486,1526,0.1388
41,1479,1520,0.1388
41,1487,1528,0.1388
41,1483,1524,0.1388
42,1480,1522,0.1388
44,1460,1504,0.1388
43,1465,1508,0.1388
43,1471,1514,0.1388
41,1471,1512,0.1388
39,1480,1519,0.1388
38,1481,1519,0.1388
38,1486,1524,0.1388
37,1471,1508,0.1388
35,1479,1514,0.1388
36,1485,1521,0.1388
36,1484,1520,0.1388
34,1486,1520,0.1388
34,1483,1517,0.1388
34,1468,1502,0.1388
33,1477,1510,0.1388
34,1474,1508,0.1388
33,1481,1514,0.1388
32,1483,1515,0.1388
32,1483,1515,0.1388
31,1482,1513,0.1388
33,1467,1500,0.1388
34,1484,1518,0.1388
33,1490,1523,0.1388
34,1498,1532,0.1388
34,1490,1524,0.1388
35,1483,1518,0.1388
37,1494,1531,0.1388
38,1491,1529,0.1388
37,1486,1523,0.1388
38,1484,1522,0.1388
37,1487,1524,0.1388
39,1481,1520,0.1388
38,1481,1519,0.1388
33,1485,1518,0.1388
35,1495,1530,0.1388
34,1484,1518,0.1388
34,1467,1501,0.1388
35,1471,1506,0.1388
35,1474,1509,0.1388
35,1471,1506,0.1388
34,1476,1510,0.1388
34,1479,1513,0.1388
30,1481,1511,0.1388
33,1479,1512,0.1388
33,1474,1507,0.1388
34,1472,1506,0.1388
34,1475,1509,0.1388
35,1480,1515,0.1388
36,1477,1513,0.1388
35,1485,1520,0.1388
35,1487,1522,0.1388
36,1479,1515,0.1388
38,1488,1526,0.1388
39,1479,1518,0.1388
39,1476,1515,0.1388
39,1478,1517,0.1388
38,1476,1514,0.1388
38,1482,1520,0.1388
39,1487,1526,0.1388
38,1487,1525,0.1388
39,1478,1517,0.1388
39,1473,1512,0.1388
39,1479,1518,0.1388
40,1482,1522,0.1388
39,1483,1522,0.1388
38,1477,1515,0.1388
39,1484,1523,0.1388
38,1481,1519,0.1388
35,1488,1523,0.1388
33,1476,1509,0.1388
33,1476,1509,0.1388
35,1487,1522,0.1388
34,1476,1510,0.1388
34,1480,1514,0.1388
34,1470,1504,0.1388
34,1483,1517,0.1388
31,1488,1519,0.1388
31,1487,1518,0.1388
29,1490,1519,0.1388
30,1497,1527,0.1388
30,1499,1529,0.1388
30,1498,1528,0.1388
29,1485,1514,0.1388
29,1499,1528,0.1388
29,1506,1535,0.1388
31,1506,1537,0.1388
32,1487,1519,0.1388
32,1484,1516,0.1388
32,1486,1518,0.1388
33,1486,1519,0.1388
34,1471,1505,0.1388
33,1472,1505,0.1388
33,1486,1519,0.1388
32,1484,1516,0.1388
31,1482,1513,0.1388
30,1474,1504,0.1388
29,1476,1505,0.1388
28,1479,1507,0.1388
30,1483,1513,0.1388
27,1474,1501,0.1388
26,1491,1517,0.1388
25,1494,1519,0.1388
24,1505,1529,0.1388
24,1503,1527,0.1388
26,1499,1525,0.1388
26,1502,1528,0.1388
26,1488,1514,0.1388
26,1498,1524,0.1388
25,1493,1518,0.1388
25,1485,1510,0.1388
27,1497,1524,0.1388
26,1499,1525,0.1388
26,1499,1525,0.1388
28,1498,1526,0.1388
29,1504,1533,0.1388
29,1497,1526,0.1388
29,1496,1525,0.1388
28,1485,1513,0.1388
27,1499,1526,0.1388
26,1484,1510,0.1388
28,1487,1515,0.1388
28,1494,1522,0.1388
28,1490,1518,0.1388
28,1502,1530,0.1388
28,1493,1521,0.1388
28,1483,1511,0.1388
27,1487,1514,0.1388
29,1474,1503,0.1388
28,1494,1522,0.1388
29,1497,1526,0.1388
29,1490,1519,0.1388
29,1499,1528,0.1388
27,1487,1514,0.1388
27,1488,1515,0.1388
30,1487,1517,0.1388
29,1476,1505,0.1388
30,1485,1515,0.1388
30,1492,1522,0.1388
29,1486,1515,0.1388
29,1486,1515,0.1388
26,1488,1514,0.1388
24,1501,1525,0.1388
24,1495,1519,0.1388
25,1481,1506,0.1388
24,1475,1499,0.1388
24,1484,1508,0.1388
24,1489,1513,0.1388
22,1482,1504,0.1388
22,1485,1507,0.1388
21,1486,1507,0.1388
21,1499,1520,0.1388
22,1488,1510,0.1388
21,1478,1499,0.1388
20,1490,1510,0.1388
19,1501,1520,0.1388
19,1498,1517,0.1388
19,1496,1515,0.1388
18,1493,1511,0.1388
19,1492,1511,0.1388
20,1496,1516,0.1388
21,1500,1521,0.1388
21,1493,1514,0.1388
21,1509,1530,0.1388
21,1494,1515,0.1388
20,1487,1507,0.1388
20,1489,1509,0.1388
20,1480,1500,0.1388
20,1492,1512,0.1388
20,1495,1515,0.1388
20,1489,1509,0.1388
20,1487,1507,0.1388
20,1491,1511,0.1388
20,1496,1516,0.1388
20,1495,1515,0.1388
20,1488,1508,0.1388
19,1504,1523,0.1388
20,1497,1517,0.1388
18,1492,1510,0.1388
19,1492,1511,0.1388
19,1500,1519,0.1388
19,1493,1512,0.1388
20,1502,1522,0.1388
19,1495,1514,0.1388
20,1498,1518,0.1388
19,1500,1519,0.1388
19,1504,1523,0.1388
21,1510,1531,0.1388
21,1504,1525,0.1388
21,1502,1523,0.1388
21,1500,1521,0.1388
21,1504,1525,0.1388
22,1501,1523,0.1388
23,1512,1535,0.1388
23,1502,1525,0.1388
23,1498,1521,0.1388
24,1505,1529,0.1388
23,1502,1525,0.1388
22,1512,1534,0.1388
20,1520,1540,0.1388
20,1512,1532,0.1388
20,1497,1517,0.1388
20,1490,1510,0.1388
22,1506,1528,0.1388
22,1495,1517,0.1388
21,1491,1512,0.1388
21,1486,1507,0.1388
22,1495,1517,0.1388
22,1494,1516,0.1388
21,1489,1510,0.1388
20,1482,1502,0.1388
20,1486,1506,0.1388
20,1495,1515,0.1388
21,1494,1515,0.1388
21,1501,1522,0.1388
20,1492,1512,0.1388
20,1492,1512,0.1388
20,1493,1513,0.1388
19,1489,1508,0.1388
18,1484,1502,0.1388
19,1477,1496,0.1388
18,1490,1508,0.1388
17,1495,1512,0.1388
17,1487,1504,0.1388
17,1494,1511,0.1388
15,1507,1522,0.1388
16,1503,1519,0.1388
16,1505,1521,0.1388
16,1495,1511,0.1388
18,1497,1515,0.1388
18,1508,1526,0.1388
20,1513,1533,0.1388
20,1505,1525,0.1388
20,1508,1528,0.1388
20,1503,1523,0.1388
20,1498,1518,0.1388
21,1499,1520,0.1388
21,1498,1519,0.1388
23,1491,1514,0.1388
23,1482,1505,0.1388
23,1483,1506,0.1388
23,1498,1521,0.1388
23,1482,1505,0.1388
24,1477,1501,0.1388
24,1472,1496,0.1388
24,1466,1490,0.1388
24,1473,1497,0.1388
23,1488,1511,0.1388
22,1505,1527,0.1388
23,1504,1527,0.1388
23,1503,1526,0.1388
23,1494,1517,0.1388
22,1500,1522,0.1388
23,1495,1518,0.1388
23,1490,1513,0.1388
25,1488,1513,0.1388
27,1482,1509,0.1388
27,1504,1531,0.1388
27,1496,1523,0.1388
26,1492,1518,0.1388
27,1499,1526,0.1388
26,1503,1529,0.1388
25,1491,1516,0.1388
26,1485,1511,0.1388
25,1489,1514,0.1388
24,1484,1508,0.1388
26,1479,1505,0.1388
26,1477,1503,0.1388
25,1482,1507,0.1388
25,1482,1507,0.1388
25,1495,1520,0.1388
24,1495,1519,0.1388
25,1496,1521,0.1388
27,1501,1528,0.1388
25,1506,1531,0.1388
26,1498,1524,0.1388
27,1489,1516,0.1388
26,1485,1511,0.1388
27,1481,1508,0.1388
26,1478,1504,0.1388
26,1485,1511,0.1388
25,1494,1519,0.1388
25,1492,1517,0.1388
25,1494,1519,0.1388
26,1497,1523,0.1388
25,1491,1516,0.1388
25,1502,1527,0.1388
25,1489,1514,0.1388
24,1499,1523,0.1388
26,1492,1518,0.1388
25,1489,1514,0.1388
24,1491,1515,0.1388
24,1486,1510,0.1388
24,1494,1518,0.1388
24,1490,1514,0.1388
25,1498,1523,0.1388
26,1495,1521,0.1388
25,1497,1522,0.1388
24,1493,1517,0.1388
25,1488,1513,0.1388
23,1492,1515,0.1388
23,1496,1519,0.1388
23,1490,1513,0.1388
22,1491,1513,0.1388
23,1489,1512,0.1388
22,1497,1519,0.1388
23,1491,1514,0.1388
24,1488,1512,0.1388
26,1485,1511,0.1388
26,1490,1516,0.1388
27,1486,1513,0.1388
24,1493,1517,0.1388
24,1487,1511,0.1388
23,1481,1504,0.1388
24,1486,1510,0.1388
23,1494,1517,0.1388
23,1494,1517,0.1388
24,1494,1518,0.1388
22,1496,1518,0.1388
21,1482,1503,0.1388
19,1484,1503,0.1388
21,1495,1516,0.1388
20,1493,1513,0.1388
20,1501,1521,0.1388
20,1489,1509,0.1388
19,1486,1505,0.1388
19,1497,1516,0.1388
21,1483,1504,0.1388
22,1490,1512,0.1388
22,1495,1517,0.1388
21,1500,1521,0.1388
21,1505,1526,0.1388
21,1500,1521,0.1388
22,1495,1517,0.1388
22,1495,1517,0.1388
24,1484,1508,0.1388
24,1480,1504,0.1388
24,1485,1509,0.1388
22,1482,1504,0.1388
21,1484,1505,0.1388
22,1480,1502,0.1388
22,1496,1518,0.1388
22,1496,1518,0.1388
21,1491,1512,0.1388
19,1502,1521,0.1388
20,1503,1523,0.1388
20,1500,1520,0.1388
21,1494,1515,0.1388
20,1490,1510,0.1388
20,1486,1506,0.1388
18,1485,1503,0.1388
18,1489,1507,0.1388
20,1507,1527,0.1388
20,1504,1524,0.1388
19,1494,1513,0.1388
21,1485,1506,0.1388
18,1493,1511,0.1388
18,1492,1510,0.1388
18,1497,1515,0.1388
18,1508,1526,0.1388
19,1501,1520,0.1388
20,1500,1520,0.1388
20,1494,1514,0.1388
19,1493,1512,0.1388
20,1495,1515,0.1388
19,1488,1507,0.1388
18,1501,1519,0.1388
19,1484,1503,0.1388
17,1484,1501,0.1388
19,1489,1508,0.1388
20,1497,1517,0.1388
20,1503,1523,0.1388
20,1496,1516,0.1388
20,1494,1514,0.1388
18,1490,1508,0.1388
18,1503,1521,0.1388
18,1498,1516,0.1388
19,1499,1518,0.1388
19,1511,1530,0.1388
19,1503,1522,0.1388
19,1488,1507,0.1388
20,1482,1502,0.1388
18,1488,1506,0.1388
17,1485,1502,0.1388
17,1487,1504,0.1388
16,1491,1507,0.1388
18,1497,1515,0.1388
19,1491,1510,0.1388
19,1491,1510,0.1388
20,1487,1507,0.1388
19,1493,1512,0.1388
19,1503,1522,0.1388
20,1505,1525,0.1388
21,1510,1531,0.1388
21,1510,1531,0.1388
22,1502,1524,0.1388
22,1500,1522,0.1388
20,1507,1527,0.1388
20,1498,1518,0.1388
19,1489,1508,0.1388
19,1495,1514,0.1388
19,1498,1517,0.1388
20,1492,1512,0.1388
20,1495,1515,0.1388
19,1514,1533,0.1388
18,1493,1511,0.1388
18,1493,1511,0.1388
18,1485,1503,0.1388
18,1481,1499,0.1388
18,1495,1513,0.1388
17,1501,1518,0.1388
18,1501,1519,0.1388
18,1490,1508,0.1388
18,1485,1503,0.1388
17,1487,1504,0.1388
17,1492,1509,0.1388
16,1499,1515,0.1388
15,1498,1513,0.1388
15,1507,1522,0.1388
15,1513,1528,0.1388
13,1505,1518,0.1388
13,1496,1509,0.1388
13,1495,1508,0.1388
14,1489,1503,0.1388
13,1503,1516,0.1388
13,1505,1518,0.1388
13,1507,1520,0.1388
13,1504,1517,0.1388
14,1503,1517,0.1388
16,1508,1524,0.1388
14,1503,1517,0.1388
15,1511,1526,0.1388
13,1513,1526,0.1388
14,1517,1531,0.1388
14,1524,1538,0.1388
14,1513,1527,0.1388
13,1506,1519,0.1388
13,1494,1507,0.1388
13,1501,1514,0.1388
13,1504,1517,0.1388
13,1521,1534,0.1388
13,1508,1521,0.1388
15,1514,1529,0.1388
15,1489,1504,0.1388
15,1503,1518,0.1388
16,1502,1518,0.1388
16,1496,1512,0.1388
16,1496,1512,0.1388
16,1497,1513,0.1388
17,1497,1514,0.1388
17,1507,1524,0.1388
17,1514,1531,0.1388
17,1512,1529,0.1388
17,1500,1517,0.1388
17,1490,1507,0.1388
18,1498,1516,0.1388
18,1503,1521,0.1388
17,1492,1509,0.1388
15,1494,1509,0.1388
15,1508,1523,0.1388
14,1509,1523,0.1388
15,1514,1529,0.1388
16,1509,1525,0.1388
16,1501,1517,0.1388
16,1483,1499,0.1388
16,1488,1504,0.1388
16,1495,1511,0.1388
15,1487,1502,0.1388
16,1508,1524,0.1388
16,1508,1524,0.1388
15,1510,1525,0.1388
15,1512,1527,0.1388
16,1505,1521,0.1388
16,1505,1521,0.1388
16,1497,1513,0.1388
17,1493,1510,0.1388
18,1498,1516,0.1388
17,1510,1527,0.1388
18,1510,1528,0.1388
17,1503,1520,0.1388
17,1498,1515,0.1388
18,1501,1519,0.1388
19,1504,1523,0.1388
19,1497,1516,0.1388
19,1496,1515,0.1388
17,1505,1522,0.1388
18,1507,1525,0.1388
19,1507,1526,0.1388
19,1510,1529,0.1388
20,1518,1538,0.1388
20,1507,1527,0.1388
18,1512,1530,0.1388
19,1493,1512,0.1388
18,1499,1517,0.1388
19,1497,1516,0.1388
18,1498,1516,0.1388
18,1487,1505,0.1388
21,1498,1519,0.1388
19,1500,1519,0.1388
20,1498,1518,0.1388
18,1499,1517,0.1388
20,1488,1508,0.1388
19,1500,1519,0.1388
19,1493,1512,0.1388
18,1485,1503,0.1388
18,1495,1513,0.1388
19,1493,1512,0.1388
20,1496,1516,0.1388
19,1501,1520,0.1388
19,1495,1514,0.1388
18,1487,1505,0.1388
18,1478,1496,0.1388
19,1496,1515,0.1388
19,1500,1519,0.1388
19,1504,1523,0.1388
17,1510,1527,0.1388
17,1516,1533,0.1388
18,1507,1525,0.1388
18,1505,1523,0.1388
18,1485,1503,0.1388
18,1498,1516,0.1388
18,1496,1514,0.1388
18,1494,1512,0.1388
18,1500,1518,0.1388
18,1505,1523,0.1388
18,1513,1531,0.1388
18,1515,1533,0.1388
18,1501,1519,0.1388
18,1505,1523,0.1388
18,1502,1520,0.1388
19,1497,1516,0.1388
19,1500,1519,0.1388
18,1502,1520,0.1388
18,1508,1526,0.1388
17,1495,1512,0.1388
17,1479,1496,0.1388
16,1495,1511,0.1388
17,1501,1518,0.1388
16,1515,1531,0.1388
17,1506,1523,0.1388
17,1509,1526,0.1388
17,1500,1517,0.1388
17,1500,1517,0.1388
17,1487,1504,0.1388
17,1492,1509,0.1388
17,1489,1506,0.1388
17,1486,1503,0.1388
17,1486,1503,0.1388
17,1491,1508,0.1388
18,1494,1512,0.1388
18,1496,1514,0.1388
17,1497,1514,0.1388
16,1509,1525,0.1388
18,1496,1514,0.1388
20,1493,1513,0.1388
20,1490,1510,0.1388
19,1477,1496,0.1388
19,1476,1495,0.1388
19,1489,1508,0.1388
20,1494,1514,0.1388
20,1491,1511,0.1388
20,1497,1517,0.1388
20,1482,1502,0.1388
19,1487,1506,0.1388
19,1486,1505,0.1388
19,1495,1514,0.1388
20,1515,1535,0.1388
20,1514,1534,0.1388
19,1504,1523,0.1388
19,1509,1528,0.1388
20,1488,1508,0.1388
20,1480,1500,0.1388
19,1495,1514,0.1388
21,1500,1521,0.1388
20,1504,1524,0.1388
21,1497,1518,0.1388
22,1505,1527,0.1388
19,1492,1511,0.1388
19,1495,1514,0.1388
19,1503,1522,0.1388
19,1490,1509,0.1388
19,1497,1516,0.1388
18,1505,1523,0.1388
19,1511,1530,0.1388
19,1496,1515,0.1388
19,1498,1517,0.1388
15,1493,1508,0.1388
16,1505,1521,0.1388
15,1505,1520,0.1388
15,1511,1526,0.1388
15,1513,1528,0.1388
15,1516,1531,0.1388
16,1512,1528,0.1388
16,1506,1522,0.1388
15,1498,1513,0.1388
15,1510,1525,0.1388
15,1509,1524,0.1388
13,1512,1525,0.1388
14,1511,1525,0.1388
14,1514,1528,0.1388
14,1523,1537,0.1388
14,1505,1519,0.1388
14,1512,1526,0.1388
14,1505,1519,0.1388
14,1496,1510,0.1388
13,1500,1513,0.1388
12,1498,1510,0.1388
11,1510,1521,0.1388
11,1507,1518,0.1388
11,1501,1512,0.1388
11,1509,1520,0.1388
11,1515,1526,0.1388
11,1507,1518,0.1388
12,1509,1521,0.1388
12,1506,1518,0.1388
13,1505,1518,0.1388
11,1502,1513,0.1388
10,1508,1518,0.1388
11,1506,1517,0.1388
11,1514,1525,0.1388
9,1498,1507,0.1388
9,1507,1516,0.1388
8,1494,1502,0.1388
9,1485,1494,0.1388
9,1487,1496,0.1388
9,1497,1506,0.1388
9,1506,1515,0.1388
9,1511,1520,0.1388
9,1504,1513,0.1388
9,1510,1519,0.1388
9,1504,1513,0.1388
9,1503,1512,0.1388
8,1500,1508,0.1388
8,1502,1510,0.1388
8,1510,1518,0.1388
8,1507,1515,0.1388
8,1507,1515,0.1388
8,1515,1523,0.1388
8,1510,1518,0.1388
8,1504,1512,0.1388
8,1494,1502,0.1388
8,1494,1502,0.1388
8,1512,1520,0.1388
8,1519,1527,0.1388
9,1510,1519,0.1388
9,1518,1527,0.1388
9,1503,1512,0.1388
9,1511,1520,0.1388
9,1508,1517,0.1388
10,1508,1518,0.1388
10,1504,1514,0.1388
10,1486,1496,0.1388
10,1483,1493,0.1388
9,1498,1507,0.1388
9,1503,1512,0.1388
8,1505,1513,0.1388
8,1498,1506,0.1388
8,1507,1515,0.1388
7,1512,1519,0.1388
7,1514,1521,0.1388
7,1519,1526,0.1388
7,1521,1528,0.1388
7,1511,1518,0.1388
7,1514,1521,0.1388
7,1508,1515,0.1388
7,1509,1516,0.1388
7,1501,1508,0.1388
6,1507,1513,0.1388
5,1519,1524,0.1388
5,1525,1530,0.1388
5,1514,1519,0.1388
5,1516,1521,0.1388
5,1513,1518,0.1388
5,1515,1520,0.1388
5,1513,1518,0.1388
5,1521,1526,0.1388
5,1499,1504,0.1388
5,1511,1516,0.1388
5,1518,1523,0.1388
5,1507,1512,0.1388
5,1520,1525,0.1388
5,1507,1512,0.1388
5,1499,1504,0.1388
6,1510,1516,0.1388
6,1513,1519,0.1388
5,1513,1518,0.1388
5,1511,1516,0.1388
5,1513,1518,0.1388
6,1517,1523,0.1388
5,1521,1526,0.1388
5,1519,1524,0.1388
5,1522,1527,0.1388
5,1515,1520,0.1388
5,1525,1530,0.1388
5,1512,1517,0.1388
5,1508,1513,0.1388
4,1513,1517,0.1388
4,1512,1516,0.1388
4,1510,1514,0.1388
4,1514,1518,0.1388
4,1509,1513,0.1388
3,1507,1510,0.1388
3,1504,1507,0.1388
3,1507,1510,0.1388
3,1515,1518,0.1388
3,1517,1520,0.1388
3,1520,1523,0.1388
3,1512,1515,0.1388
3,1503,1506,0.1388
3,1491,1494,0.1388
3,1486,1489,0.1388
3,1510,1513,0.1388
3,1517,1520,0.1388
3,1519,1522,0.1388
3,1522,1525,0.1388
4,1519,1523,0.1388
3,1504,1507,0.1388
3,1503,1506,0.1388
3,1502,1505,0.1388
4,1494,1498,0.1388
4,1510,1514,0.1388
4,1513,1517,0.1388
5,1503,1508,0.1388
4,1512,1516,0.1388
4,1513,1517,0.1388
4,1505,1509,0.1388
4,1524,1528,0.1388
4,1514,1518,0.1388
4,1521,1525,0.1388
4,1531,1535,0.1388
4,1523,1527,0.1388
4,1512,1516,0.1388
4,1520,1524,0.1388
4,1518,1522,0.1388
4,1527,1531,0.1388
4,1526,1530,0.1388
4,1522,1526,0.1388
3,1508,1511,0.1388
3,1498,1501,0.1388
3,1505,1508,0.1388
3,1499,1502,0.1388
3,1518,1521,0.1388
3,1520,1523,0.1388
3,1511,1514,0.1388
3,1521,1524,0.1388
3,1513,1516,0.1388
2,1513,1515,0.1388
1,1516,1517,0.1388
1,1527,1528,0.1388
1,1527,1528,0.1388
1,1522,1523,0.1388
1,1518,1519,0.1388
1,1513,1514,0.1388
1,1515,1516,0.1388
1,1520,1521,0.1388
1,1520,1521,0.1388
1,1519,1520,0.1388
1,1520,1521,0.1388
1,1522,1523,0.1388
1,1520,1521,0.1388
1,1523,1524,0.1388
1,1505,1506,0.1388
1,1500,1501,0.1388
1,1513,1514,0.1388
1,1515,1516,0.1388
1,1512,1513,0.1388
1,1503,1504,0.1388
1,1507,1508,0.1388
1,1515,1516,0.1388
1,1515,1516,0.1388
1,1501,1502,0.1388
1,1511,1512,0.1388
1,1496,1497,0.1388
1,1504,1505,0.1388
1,1524,1525,0.1388
1,1523,1524,0.1388
1,1523,1524,0.1388
1,1513,1514,0.1388
1,1531,1532,0.1388
1,1534,1535,0.1388
1,1526,1527,0.1388
1,1523,1524,0.1388
1,1519,1520,0.1388
1,1509,1510,0.1388
1,1522,1523,0.1388
1,1523,1524,0.1388
1,1529,1530,0.1388
1,1528,1529,0.1388
1,1525,1526,0.1388
1,1522,1523,0.1388
1,1520,1521,0.1388
1,1504,1505,0.1388
1,1510,1511,0.1388
1,1503,1504,0.1388
1,1505,1506,0.1388
1,1509,1510,0.1388
1,1514,1515,0.1388
1,1510,1511,0.1388
1,1516,1517,0.1388
1,1515,1516,0.1388
1,1521,1522,0.1388
1,1521,1522,0.1388
1,1522,1523,0.1388
1,1525,1526,0.1388
1,1517,1518,0.1388
1,1529,1530,0.1388
1,1521,1522,0.1388
1,1509,1510,0.1388
2,1507,1509,0.1388
2,1513,1515,0.1388
2,1520,1522,0.1388
2,1508,1510,0.1388
2,1510,1512,0.1388
1,1517,1518,0.1388
1,1518,1519,0.1388
1,1511,1512,0.1388
1,1529,1530,0.1388
1,1532,1533,0.1388
1,1533,1534,0.1388
1,1514,1515,0.1388
1,1517,1518,0.1388
1,1528,1529,0.1388
1,1524,1525,0.1388
1,1522,1523,0.1388
1,1521,1522,0.1388
1,1525,1526,0.1388
1,1518,1519,0.1388
1,1518,1519,0.1388
1,1520,1521,0.1388
1,1509,1510,0.1388
1,1510,1511,0.1388
1,1525,1526,0.1388
1,1512,1513,0.1388
1,1514,1515,0.1388
1,1510,1511,0.1388
1,1512,1513,0.1388
1,1509,1510,0.1388
1,1506,1507,0.1388
1,1513,1514,0.1388
1,1524,1525,0.1388
1,1512,1513,0.1388
1,1518,1519,0.1388
1,1505,1506,0.1388
1,1505,1506,0.1388
1,1506,1507,0.1388
1,1517,1518,0.1388
1,1513,1514,0.1388
1,1511,1512,0.1388
1,1514,1515,0.1388
1,1514,1515,0.1388
1,1523,1524,0.1388
1,1522,1523,0.1388
1,1524,1525,0.1388
1,1519,1520,0.1388
1,1521,1522,0.1388
1,1528,1529,0.1388
1,1523,1524,0.1388
1,1520,1521,0.1388
1,1512,1513,0.1388
1,1517,1518,0.1388
1,1517,1518,0.1388
1,1526,1527,0.1388
1,1521,1522,0.1388
1,1515,1516,0.1388
1,1514,1515,0.1388
1,1505,1506,0.1388
1,1513,1514,0.1388
1,1510,1511,0.1388
1,1521,1522,0.1388
2,1511,1513,0.1388
1,1517,1518,0.1388
2,1503,1505,0.1388
2,1514,1516,0.1388
2,1506,1508,0.1388
2,1507,1509,0.1388
2,1506,1508,0.1388
2,1521,1523,0.1388
2,1514,1516,0.1388
2,1539,1541,0.1388
2,1537,1539,0.1388
2,1532,1534,0.1388
2,1536,1538,0.1388
2,1522,1524,0.1388
2,1516,1518,0.1388
2,1512,1514,0.1388
2,1501,1503,0.1388
2,1500,1502,0.1388
2,1511,1513,0.1388
3,1508,1511,0.1388
3,1499,1502,0.1388
2,1506,1508,0.1388
2,1511,1513,0.1388
1,1510,1511,0.1388
1,1502,1503,0.1388
1,1504,1505,0.1388
1,1516,1517,0.1388
1,1523,1524,0.1388
1,1509,1510,0.1388
1,1511,1512,0.1388
1,1518,1519,0.1388
1,1517,1518,0.1388
1,1517,1518,0.1388
1,1506,1507,0.1388
1,1519,1520,0.1388
1,1526,1527,0.1388
1,1525,1526,0.1388
0,1505,1505,0.1388
