1359,29,1388,0.1388
1401,32,1433,0.1388
1420,33,1453,0.1388
1436,31,1467,0.1388
1441,30,1471,0.1388
1440,30,1470,0.1388
1445,31,1476,0.1388
1440,34,1474,0.1388
1440,34,1474,0.1388
1451,35,1486,0.1388
1456,36,1492,0.1388
1456,33,1489,0.1388
1464,33,1497,0.1388
1457,34,1491,0.1388
1459,34,1493,0.1388
1452,33,1485,0.1388
1463,35,1498,0.1388
1465,33,1498,0.1388
1466,34,1500,0.1388
1460,34,1494,0.1388
1455,34,1489,0.1388
1439,35,1474,0.1388
1452,35,1487,0.1388
1454,34,1488,0.1388
1453,33,1486,0.1388
1466,34,1500,0.1388
1457,36,1493,0.1388
1455,40,1495,0.1388
1456,40,1496,0.1388
1460,41,1501,0.1388
1469,42,1511,0.1388
1471,44,1515,0.1388
1474,43,1517,0.1388
1469,42,1511,0.1388
1457,43,1500,0.1388
1460,42,1502,0.1388
1451,41,1492,0.1388
1456,41,1497,0.1388
1457,41,1498,0.1388
1443,41,1484,0.1388
1446,43,1489,0.1388
1434,45,1479,0.1388
1432,46,1478,0.1388
1435,44,1479,0.1388
1437,42,1479,0.1388
1442,42,1484,0.1388
1438,43,1481,0.1388
1440,45,1485,0.1388
1447,46,1493,0.1388
1456,48,1504,0.1388
1456,48,1504,0.1388
1451,47,1498,0.1388
1447,49,1496,0.1388
1461,48,1509,0.1388
1464,48,1512,0.1388
1463,47,1510,0.1388
1459,48,1507,0.1388
1458,50,1508,0.1388
1454,49,1503,0.1388
1453,49,1502,0.1388
1448,52,1500,0.1388
1439,51,1490,0.1388
1428,49,1477,0.1388
1440,49,1489,0.1388
1449,47,1496,0.1388
1452,49,1501,0.1388
1446,47,1493,0.1388
1454,51,1505,0.1388
1443,51,1494,0.1388
1446,51,1497,0.1388
1454,52,1506,0.1388
1447,55,1502,0.1388
1437,56,1493,0.1388
1436,56,1492,0.1388
1441,59,1500,0.1388
1434,57,1491,0.1388
1429,59,1488,0.1388
1419,58,1477,0.1388
1438,59,1497,0.1388
1430,60,1490,0.1388
1427,63,1490,0.1388
1424,62,1486,0.1388
1415,62,1477,0.1388
1434,66,1500,0.1388
1432,65,1497,0.1388
1426,68,1494,0.1388
1421,67,1488,0.1388
1413,66,1479,0.1388
1423,66,1489,0.1388
1424,63,1487,0.1388
1419,66,1485,0.1388
1426,66,1492,0.1388
1427,70,1497,0.1388
1426,70,1496,0.1388
1423,71,1494,0.1388
1434,69,1503,0.1388
1435,70,1505,0.1388
1423,70,1493,0.1388
1426,70,1496,0.1388
1431,69,1500,0.1388
1433,69,1502,0.1388
1443,70,1513,0.1388
1431,74,1505,0.1388
1434,78,1512,0.1388
1421,81,1502,0.1388
1410,84,1494,0.1388
1412,81,1493,0.1388
1413,84,1497,0.1388
1396,80,1476,0.1388
1401,81,1482,0.1388
1374,83,1457,0.1388
1391,84,1475,0.1388
1400,84,1484,0.1388
1382,85,1467,0.1388
1392,87,1479,0.1388
1394,88,1482,0.1388
1392,86,1478,0.1388
1390,89,1479,0.1388
1383,87,1470,0.1388
1400,90,1490,0.1388
1392,84,1476,0.1388
1378,91,1469,0.1388
1390,94,1484,0.1388
1383,93,1476,0.1388
1388,92,1480,0.1388
1393,94,1487,0.1388
1404,93,1497,0.1388
1403,94,1497,0.1388
1397,95,1492,0.1388
1392,100,1492,0.1388
1391,102,1493,0.1388
1396,103,1499,0.1388
1397,106,1503,0.1388
1385,106,1491,0.1388
1381,103,1484,0.1388
1387,107,1494,0.1388
1383,105,1488,0.1388
1387,108,1495,0.1388
1389,105,1494,0.1388
1388,108,1496,0.1388
1369,113,1482,0.1388
1374,113,1487,0.1388
1390,114,1504,0.1388
1389,119,1508,0.1388
1385,117,1502,0.1388
1388,117,1505,0.1388
1380,120,1500,0.1388
1379,119,1498,0.1388
1377,119,1496,0.1388
1378,121,1499,0.1388
1377,121,1498,0.1388
1368,120,1488,0.1388
1378,122,1500,0.1388
1376,126,1502,0.1388
1378,127,1505,0.1388
1373,128,1501,0.1388
1352,126,1478,0.1388
1359,129,1488,0.1388
1364,128,1492,0.1388
1349,133,1482,0.1388
1348,136,1484,0.1388
1348,137,1485,0.1388
1362,139,1501,0.1388
1370,138,1508,0.1388
1369,135,1504,0.1388
1375,136,1511,0.1388
1375,144,1519,0.1388
1367,143,1510,0.1388
1357,141,1498,0.1388
1352,143,1495,0.1388
1342,144,1486,0.1388
1334,141,1475,0.1388
1338,140,1478,0.1388
1358,142,1500,0.1388
1354,143,1497,0.1388
1349,144,1493,0.1388
1357,143,1500,0.1388
1356,142,1498,0.1388
1369,140,1509,0.1388
1350,140,1490,0.1388
1344,139,1483,0.1388
1343,139,1482,0.1388
1349,138,1487,0.1388
1339,136,1475,0.1388
1342,140,1482,0.1388
1350,139,1489,0.1388
1343,136,1479,0.1388
1349,141,1490,0.1388
1363,138,1501,0.1388
1363,130,1493,0.1388
1363,130,1493,0.1388
1370,132,1502,0.1388
1365,132,1497,0.1388
1351,128,1479,0.1388
1353,130,1483,0.1388
1361,132,1493,0.1388
1366,133,1499,0.1388
1368,135,1503,0.1388
1372,137,1509,0.1388
1362,137,1499,0.1388
1357,139,1496,0.1388
1355,139,1494,0.1388
1354,139,1493,0.1388
1364,140,1504,0.1388
1364,141,1505,0.1388
1354,138,1492,0.1388
1349,136,1485,0.1388
1351,136,1487,0.1388
1352,135,1487,0.1388
1352,131,1483,0.1388
1346,131,1477,0.1388
1345,129,1474,0.1388
1340,133,1473,0.1388
1343,132,1475,0.1388
1353,130,1483,0.1388
1347,132,1479,0.1388
1350,130,1480,0.1388
1344,134,1478,0.1388
1353,135,1488,0.1388
1360,134,1494,0.1388
1342,137,1479,0.1388
1348,136,1484,0.1388
1354,138,1492,0.1388
1364,138,1502,0.1388
1370,137,1507,0.1388
1360,134,1494,0.1388
1350,132,1482,0.1388
1341,134,1475,0.1388
1342,136,1478,0.1388
1344,136,1480,0.1388
1345,136,1481,0.1388
1343,139,1482,0.1388
1350,139,1489,0.1388
1367,140,1507,0.1388
1370,139,1509,0.1388
1379,143,1522,0.1388
1364,145,1509,0.1388
1371,142,1513,0.1388
1365,142,1507,0.1388
1364,142,1506,0.1388
1365,142,1507,0.1388
1377,143,1520,0.1388
1366,145,1511,0.1388
1361,143,1504,0.1388
1366,142,1508,0.1388
1363,139,1502,0.1388
1361,141,1502,0.1388
1361,142,1503,0.1388
1359,137,1496,0.1388
1366,140,1506,0.1388
1367,138,1505,0.1388
1343,144,1487,0.1388
1341,145,1486,0.1388
1347,145,1492,0.1388
1352,147,1499,0.1388
1344,148,1492,0.1388
1338,145,1483,0.1388
1349,145,1494,0.1388
1340,142,1482,0.1388
1343,143,1486,0.1388
1347,138,1485,0.1388
1351,136,1487,0.1388
1355,140,1495,0.1388
1357,140,1497,0.1388
1367,141,1508,0.1388
1361,139,1500,0.1388
1359,142,1501,0.1388
1346,142,1488,0.1388
1341,146,1487,0.1388
1340,148,1488,0.1388
1367,147,1514,0.1388
1364,142,1506,0.1388
1359,145,1504,0.1388
1359,150,1509,0.1388
1351,145,1496,0.1388
1345,145,1490,0.1388
1332,148,1480,0.1388
1329,146,1475,0.1388
1339,149,1488,0.1388
1335,151,1486,0.1388
1329,149,1478,0.1388
1349,147,1496,0.1388
1345,149,1494,0.1388
1344,145,1489,0.1388
1333,146,1479,0.1388
1342,150,1492,0.1388
1344,146,1490,0.1388
1345,142,1487,0.1388
1358,146,1504,0.1388
1353,146,1499,0.1388
1351,141,1492,0.1388
1351,140,1491,0.1388
1353,141,1494,0.1388
1355,143,1498,0.1388
1356,143,1499,0.1388
1348,150,1498,0.1388
1347,151,1498,0.1388
1349,150,1499,0.1388
1326,151,1477,0.1388
1339,154,1493,0.1388
1354,145,1499,0.1388
1358,147,1505,0.1388
1358,144,1502,0.1388
1350,146,1496,0.1388
1351,144,1495,0.1388
1348,143,1491,0.1388
1356,149,1505,0.1388
1359,148,1507,0.1388
1366,147,1513,0.1388
1365,144,1509,0.1388
1351,143,1494,0.1388
1354,144,1498,0.1388
1356,149,1505,0.1388
1354,148,1502,0.1388
1350,150,1500,0.1388
1351,147,1498,0.1388
1349,152,1501,0.1388
1339,156,1495,0.1388
1325,159,1484,0.1388
1331,162,1493,0.1388
1322,163,1485,0.1388
1334,162,1496,0.1388
1335,164,1499,0.1388
1331,167,1498,0.1388
1329,169,1498,0.1388
1323,170,1493,0.1388
1326,176,1502,0.1388
1320,176,1496,0.1388
1314,178,1492,0.1388
1307,178,1485,0.1388
1307,177,1484,0.1388
1324,176,1500,0.1388
1301,174,1475,0.1388
1315,180,1495,0.1388
1313,177,1490,0.1388
1309,181,1490,0.1388
1312,185,1497,0.1388
1323,182,1505,0.1388
1321,189,1510,0.1388
1321,187,1508,0.1388
1329,191,1520,0.1388
1318,192,1510,0.1388
1312,187,1499,0.1388
1296,190,1486,0.1388
1304,188,1492,0.1388
1299,191,1490,0.1388
1326,192,1518,0.1388
1312,188,1500,0.1388
1309,181,1490,0.1388
1315,182,1497,0.1388
1310,187,1497,0.1388
1308,187,1495,0.1388
1310,191,1501,0.1388
1299,189,1488,0.1388
1308,184,1492,0.1388
1294,192,1486,0.1388
1302,190,1492,0.1388
1309,194,1503,0.1388
1302,189,1491,0.1388
1292,193,1485,0.1388
1298,194,1492,0.1388
1292,197,1489,0.1388
1297,199,1496,0.1388
1288,197,1485,0.1388
1279,198,1477,0.1388
1290,201,1491,0.1388
1289,203,1492,0.1388
1296,206,1502,0.1388
1299,204,1503,0.1388
1302,206,1508,0.1388
1300,203,1503,0.1388
1303,205,1508,0.1388
1293,210,1503,0.1388
1299,208,1507,0.1388
1287,210,1497,0.1388
1297,208,1505,0.1388
1284,210,1494,0.1388
1283,210,1493,0.1388
1283,208,1491,0.1388
1290,203,1493,0.1388
1288,208,1496,0.1388
1287,212,1499,0.1388
1287,215,1502,0.1388
1279,210,1489,0.1388
1290,210,1500,0.1388
1290,207,1497,0.1388
1293,208,1501,0.1388
1288,210,1498,0.1388
1289,208,1497,0.1388
1279,210,1489,0.1388
1277,214,1491,0.1388
1270,219,1489,0.1388
1265,224,1489,0.1388
1270,218,1488,0.1388
1282,226,1508,0.1388
1287,227,1514,0.1388
1269,231,1500,0.1388
1279,232,1511,0.1388
1277,229,1506,0.1388
1279,235,1514,0.1388
1298,237,1535,0.1388
1288,235,1523,0.1388
1283,235,1518,0.1388
1272,228,1500,0.1388
1281,231,1512,0.1388
1268,227,1495,0.1388
1267,232,1499,0.1388
1266,229,1495,0.1388
1268,233,1501,0.1388
1264,228,1492,0.1388
1269,227,1496,0.1388
1275,232,1507,0.1388
1264,229,1493,0.1388
1258,225,1483,0.1388
1268,231,1499,0.1388
1267,237,1504,0.1388
1253,241,1494,0.1388
1246,243,1489,0.1388
1250,247,1497,0.1388
1250,248,1498,0.1388
1253,249,1502,0.1388
1251,246,1497,0.1388
1240,255,1495,0.1388
1243,252,1495,0.1388
1244,248,1492,0.1388
1249,248,1497,0.1388
1237,247,1484,0.1388
1230,248,1478,0.1388
1227,251,1478,0.1388
1233,249,1482,0.1388
1235,253,1488,0.1388
1243,257,1500,0.1388
1233,252,1485,0.1388
1227,257,1484,0.1388
1240,250,1490,0.1388
1248,257,1505,0.1388
1255,253,1508,0.1388
1261,256,1517,0.1388
1259,252,1511,0.1388
1252,246,1498,0.1388
1239,251,1490,0.1388
1242,259,1501,0.1388
1245,258,1503,0.1388
1241,262,1503,0.1388
1248,258,1506,0.1388
1247,256,1503,0.1388
1238,255,1493,0.1388
1230,253,1483,0.1388
1242,252,1494,0.1388
1223,258,1481,0.1388
1221,261,1482,0.1388
1214,261,1475,0.1388
1210,267,1477,0.1388
1220,267,1487,0.1388
1223,266,1489,0.1388
1228,262,1490,0.1388
1225,258,1483,0.1388
1223,261,1484,0.1388
1230,262,1492,0.1388
1244,262,1506,0.1388
1237,265,1502,0.1388
1242,263,1505,0.1388
1236,269,1505,0.1388
1236,268,1504,0.1388
1230,270,1500,0.1388
1227,274,1501,0.1388
1214,276,1490,0.1388
1220,277,1497,0.1388
1225,275,1500,0.1388
1217,277,1494,0.1388
1205,274,1479,0.1388
1209,279,1488,0.1388
1206,277,1483,0.1388
1208,281,1489,0.1388
1209,277,1486,0.1388
1218,279,1497,0.1388
1227,279,1506,0.1388
1227,285,1512,0.1388
1209,291,1500,0.1388
1215,300,1515,0.1388
1212,289,1501,0.1388
1201,285,1486,0.1388
1206,290,1496,0.1388
1206,295,1501,0.1388
1200,297,1497,0.1388
1184,296,1480,0.1388
1192,300,1492,0.1388
1194,308,1502,0.1388
1209,307,1516,0.1388
1209,306,1515,0.1388
1203,307,1510,0.1388
1183,307,1490,0.1388
1192,311,1503,0.1388
1199,309,1508,0.1388
1197,307,1504,0.1388
1186,307,1493,0.1388
1170,307,1477,0.1388
1186,311,1497,0.1388
1175,313,1488,0.1388
1191,318,1509,0.1388
1181,324,1505,0.1388
1181,326,1507,0.1388
1182,330,1512,0.1388
1176,336,1512,0.1388
1174,330,1504,0.1388
1180,335,1515,0.1388
1173,339,1512,0.1388
1159,338,1497,0.1388
1163,334,1497,0.1388
1162,329,1491,0.1388
1152,325,1477,0.1388
1146,329,1475,0.1388
1147,333,1480,0.1388
1144,341,1485,0.1388
1142,342,1484,0.1388
1147,342,1489,0.1388
1167,342,1509,0.1388
1153,330,1483,0.1388
1154,323,1477,0.1388
1153,320,1473,0.1388
1155,324,1479,0.1388
1157,336,1493,0.1388
1151,332,1483,0.1388
1150,338,1488,0.1388
1144,343,1487,0.1388
1158,346,1504,0.1388
1149,339,1488,0.1388
1143,348,1491,0.1388
1138,351,1489,0.1388
1134,360,1494,0.1388
1136,363,1499,0.1388
1135,366,1501,0.1388
1133,367,1500,0.1388
1133,366,1499,0.1388
1127,364,1491,0.1388
1125,360,1485,0.1388
1122,367,1489,0.1388
1134,362,1496,0.1388
1130,366,1496,0.1388
1121,369,1490,0.1388
1122,369,1491,0.1388
1125,375,1500,0.1388
1125,373,1498,0.1388
1116,375,1491,0.1388
1117,374,1491,0.1388
1117,373,1490,0.1388
1122,377,1499,0.1388
1127,375,1502,0.1388
1123,376,1499,0.1388
1140,375,1515,0.1388
1154,376,1530,0.1388
1133,373,1506,0.1388
1128,377,1505,0.1388
1112,375,1487,0.1388
1113,381,1494,0.1388
1102,386,1488,0.1388
1104,385,1489,0.1388
1108,389,1497,0.1388
1100,389,1489,0.1388
1095,396,1491,0.1388
1094,402,1496,0.1388
1093,398,1491,0.1388
1098,398,1496,0.1388
1100,392,1492,0.1388
1110,394,1504,0.1388
1103,396,1499,0.1388
1106,397,1503,0.1388
1106,402,1508,0.1388
1109,394,1503,0.1388
1102,395,1497,0.1388
1102,396,1498,0.1388
1087,399,1486,0.1388
1084,399,1483,0.1388
1086,398,1484,0.1388
1080,400,1480,0.1388
1088,400,1488,0.1388
1090,402,1492,0.1388
1085,406,1491,0.1388
1089,404,1493,0.1388
1086,400,1486,0.1388
1076,400,1476,0.1388
1080,401,1481,0.1388
1087,405,1492,0.1388
1087,408,1495,0.1388
1085,402,1487,0.1388
1089,399,1488,0.1388
1081,399,1480,0.1388
1073,403,1476,0.1388
1082,405,1487,0.1388
1074,415,1489,0.1388
1088,413,1501,0.1388
1088,420,1508,0.1388
1082,417,1499,0.1388
1076,423,1499,0.1388
1085,426,1511,0.1388
1083,430,1513,0.1388
1093,429,1522,0.1388
1084,428,1512,0.1388
1080,426,1506,0.1388
1081,422,1503,0.1388
1081,419,1500,0.1388
1081,414,1495,0.1388
1078,414,1492,0.1388
1075,415,1490,0.1388
1078,412,1490,0.1388
1083,410,1493,0.1388
1088,411,1499,0.1388
1091,412,1503,0.1388
1092,418,1510,0.1388
1082,412,1494,0.1388
1073,419,1492,0.1388
1077,416,1493,0.1388
1075,412,1487,0.1388
1072,410,1482,0.1388
1072,427,1499,0.1388
1078,423,1501,0.1388
1068,422,1490,0.1388
1063,421,1484,0.1388
1071,423,1494,0.1388
1062,421,1483,0.1388
1075,416,1491,0.1388
1073,416,1489,0.1388
1083,420,1503,0.1388
1082,426,1508,0.1388
1069,422,1491,0.1388
1071,419,1490,0.1388
1077,434,1511,0.1388
1076,437,1513,0.1388
1075,440,1515,0.1388
1071,434,1505,0.1388
1079,434,1513,0.1388
1067,441,1508,0.1388
1069,435,1504,0.1388
1074,431,1505,0.1388
1063,431,1494,0.1388
1064,431,1495,0.1388
1064,428,1492,0.1388
1071,431,1502,0.1388
1073,437,1510,0.1388
1072,441,1513,0.1388
1071,438,1509,0.1388
1068,447,1515,0.1388
1063,451,1514,0.1388
1069,447,1516,0.1388
1059,445,1504,0.1388
1037,450,1487,0.1388
1030,460,1490,0.1388
1031,464,1495,0.1388
1044,462,1506,0.1388
1049,458,1507,0.1388
1055,454,1509,0.1388
1048,452,1500,0.1388
1042,456,1498,0.1388
1040,460,1500,0.1388
1034,464,1498,0.1388
1030,460,1490,0.1388
1034,465,1499,0.1388
1030,468,1498,0.1388
1037,470,1507,0.1388
1044,473,1517,0.1388
1039,473,1512,0.1388
1040,472,1512,0.1388
1028,470,1498,0.1388
1023,473,1496,0.1388
1010,465,1475,0.1388
1012,469,1481,0.1388
1013,462,1475,0.1388
1026,455,1481,0.1388
1029,465,1494,0.1388
1030,468,1498,0.1388
1023,476,1499,0.1388
1024,478,1502,0.1388
1019,482,1501,0.1388
1023,483,1506,0.1388
1014,482,1496,0.1388
1018,484,1502,0.1388
1007,488,1495,0.1388
1008,481,1489,0.1388
995,484,1479,0.1388
1000,487,1487,0.1388
997,489,1486,0.1388
1004,488,1492,0.1388
1000,490,1490,0.1388
1006,486,1492,0.1388
1009,491,1500,0.1388
1003,507,1510,0.1388
995,504,1499,0.1388
990,505,1495,0.1388
1004,507,1511,0.1388
1002,500,1502,0.1388
989,503,1492,0.1388
982,505,1487,0.1388
975,511,1486,0.1388
969,514,1483,0.1388
976,511,1487,0.1388
978,515,1493,0.1388
974,517,1491,0.1388
972,506,1478,0.1388
985,507,1492,0.1388
991,506,1497,0.1388
996,509,1505,0.1388
993,511,1504,0.1388
990,505,1495,0.1388
1000,504,1504,0.1388
991,512,1503,0.1388
984,516,1500,0.1388
992,515,1507,0.1388
983,518,1501,0.1388
974,513,1487,0.1388
979,516,1495,0.1388
993,506,1499,0.1388
984,502,1486,0.1388
989,508,1497,0.1388
978,509,1487,0.1388
989,511,1500,0.1388
987,507,1494,0.1388
1000,512,1512,0.1388
995,518,1513,0.1388
991,521,1512,0.1388
991,529,1520,0.1388
984,527,1511,0.1388
993,523,1516,0.1388
979,534,1513,0.1388
965,529,1494,0.1388
970,531,1501,0.1388
983,527,1510,0.1388
976,521,1497,0.1388
984,519,1503,0.1388
996,514,1510,0.1388
1001,517,1518,0.1388
997,517,1514,0.1388
981,513,1494,0.1388
970,514,1484,0.1388
970,517,1487,0.1388
978,517,1495,0.1388
983,522,1505,0.1388
983,517,1500,0.1388
973,516,1489,0.1388
967,516,1483,0.1388
970,516,1486,0.1388
976,518,1494,0.1388
972,522,1494,0.1388
980,531,1511,0.1388
970,525,1495,0.1388
970,529,1499,0.1388
971,532,1503,0.1388
983,540,1523,0.1388
970,540,1510,0.1388
973,547,1520,0.1388
980,542,1522,0.1388
973,539,1512,0.1388
977,539,1516,0.1388
967,534,1501,0.1388
972,536,1508,0.1388
971,538,1509,0.1388
965,540,1505,0.1388
971,541,1512,0.1388
974,556,1530,0.1388
962,552,1514,0.1388
972,548,1520,0.1388
967,552,1519,0.1388
964,554,1518,0.1388
949,563,1512,0.1388
949,567,1516,0.1388
945,556,1501,0.1388
944,563,1507,0.1388
950,564,1514,0.1388
949,564,1513,0.1388
947,569,1516,0.1388
942,571,1513,0.1388
927,570,1497,0.1388
915,569,1484,0.1388
911,569,1480,0.1388
920,562,1482,0.1388
927,552,1479,0.1388
938,555,1493,0.1388
936,558,1494,0.1388
934,554,1488,0.1388
945,564,1509,0.1388
932,569,1501,0.1388
931,568,1499,0.1388
927,568,1495,0.1388
928,571,1499,0.1388
925,576,1501,0.1388
917,579,1496,0.1388
905,588,1493,0.1388
913,588,1501,0.1388
922,588,1510,0.1388
919,591,1510,0.1388
913,586,1499,0.1388
908,591,1499,0.1388
906,587,1493,0.1388
906,583,1489,0.1388
897,580,1477,0.1388
901,587,1488,0.1388
890,599,1489,0.1388
891,599,1490,0.1388
884,610,1494,0.1388
889,602,1491,0.1388
892,600,1492,0.1388
878,616,1494,0.1388
876,612,1488,0.1388
879,612,1491,0.1388
887,602,1489,0.1388
887,607,1494,0.1388
897,612,1509,0.1388
900,612,1512,0.1388
888,619,1507,0.1388
877,613,1490,0.1388
872,614,1486,0.1388
877,618,1495,0.1388
880,619,1499,0.1388
882,613,1495,0.1388
885,608,1493,0.1388
897,606,1503,0.1388
896,598,1494,0.1388
899,596,1495,0.1388
892,612,1504,0.1388
895,611,1506,0.1388
891,608,1499,0.1388
894,602,1496,0.1388
892,599,1491,0.1388
893,612,1505,0.1388
887,618,1505,0.1388
894,616,1510,0.1388
886,624,1510,0.1388
887,615,1502,0.1388
883,625,1508,0.1388
885,621,1506,0.1388
882,616,1498,0.1388
881,627,1508,0.1388
869,625,1494,0.1388
871,634,1505,0.1388
865,624,1489,0.1388
871,627,1498,0.1388
870,636,1506,0.1388
875,651,1526,0.1388
867,643,1510,0.1388
858,634,1492,0.1388
864,633,1497,0.1388
874,632,1506,0.1388
877,630,1507,0.1388
878,639,1517,0.1388
870,648,1518,0.1388
871,646,1517,0.1388
857,644,1501,0.1388
861,645,1506,0.1388
866,636,1502,0.1388
857,646,1503,0.1388
861,645,1506,0.1388
856,645,1501,0.1388
861,649,1510,0.1388
847,647,1494,0.1388
844,645,1489,0.1388
842,649,1491,0.1388
839,644,1483,0.1388
848,639,1487,0.1388
847,652,1499,0.1388
847,658,1505,0.1388
843,656,1499,0.1388
835,664,1499,0.1388
835,671,1506,0.1388
838,657,1495,0.1388
835,653,1488,0.1388
833,651,1484,0.1388
831,657,1488,0.1388
838,670,1508,0.1388
836,666,1502,0.1388
842,668,1510,0.1388
847,669,1516,0.1388
832,669,1501,0.1388
828,681,1509,0.1388
829,676,1505,0.1388
829,669,1498,0.1388
815,670,1485,0.1388
819,667,1486,0.1388
826,662,1488,0.1388
830,663,1493,0.1388
833,663,1496,0.1388
841,672,1513,0.1388
824,673,1497,0.1388
828,671,1499,0.1388
820,666,1486,0.1388
827,663,1490,0.1388
816,684,1500,0.1388
823,686,1509,0.1388
823,688,1511,0.1388
827,687,1514,0.1388
825,687,1512,0.1388
820,677,1497,0.1388
830,685,1515,0.1388
835,686,1521,0.1388
834,685,1519,0.1388
819,686,1505,0.1388
815,678,1493,0.1388
820,677,1497,0.1388
801,682,1483,0.1388
816,696,1512,0.1388
814,691,1505,0.1388
811,694,1505,0.1388
806,692,1498,0.1388
800,690,1490,0.1388
800,701,1501,0.1388
802,703,1505,0.1388
804,705,1509,0.1388
804,710,1514,0.1388
798,713,1511,0.1388
792,712,1504,0.1388
794,706,1500,0.1388
792,717,1509,0.1388
792,723,1515,0.1388
798,716,1514,0.1388
788,720,1508,0.1388
786,716,1502,0.1388
787,709,1496,0.1388
782,712,1494,0.1388
785,712,1497,0.1388
797,709,1506,0.1388
787,711,1498,0.1388
786,718,1504,0.1388
790,719,1509,0.1388
779,724,1503,0.1388
780,727,1507,0.1388
772,731,1503,0.1388
765,723,1488,0.1388
769,735,1504,0.1388
770,736,1506,0.1388
772,730,1502,0.1388
772,733,1505,0.1388
773,742,1515,0.1388
765,749,1514,0.1388
760,755,1515,0.1388
768,748,1516,0.1388
757,750,1507,0.1388
762,740,1502,0.1388
761,749,1510,0.1388
759,753,1512,0.1388
764,746,1510,0.1388
752,748,1500,0.1388
756,751,1507,0.1388
763,761,1524,0.1388
754,763,1517,0.1388
751,761,1512,0.1388
752,762,1514,0.1388
752,757,1509,0.1388
751,756,1507,0.1388
740,759,1499,0.1388
740,753,1493,0.1388
737,758,1495,0.1388
737,763,1500,0.1388
737,769,1506,0.1388
730,780,1510,0.1388
732,778,1510,0.1388
723,786,1509,0.1388
725,787,1512,0.1388
724,784,1508,0.1388
709,792,1501,0.1388
713,795,1508,0.1388
721,795,1516,0.1388
706,788,1494,0.1388
703,786,1489,0.1388
708,788,1496,0.1388
708,790,1498,0.1388
713,795,1508,0.1388
711,794,1505,0.1388
709,787,1496,0.1388
713,784,1497,0.1388
709,795,1504,0.1388
708,797,1505,0.1388
703,782,1485,0.1388
704,794,1498,0.1388
702,792,1494,0.1388
703,808,1511,0.1388
707,802,1509,0.1388
706,793,1499,0.1388
710,797,1507,0.1388
715,794,1509,0.1388
708,800,1508,0.1388
692,810,1502,0.1388
692,807,1499,0.1388
702,806,1508,0.1388
696,810,1506,0.1388
694,821,1515,0.1388
698,832,1530,0.1388
693,822,1515,0.1388
692,808,1500,0.1388
680,814,1494,0.1388
675,815,1490,0.1388
676,822,1498,0.1388
674,832,1506,0.1388
685,825,1510,0.1388
681,831,1512,0.1388
681,831,1512,0.1388
679,825,1504,0.1388
682,825,1507,0.1388
679,826,1505,0.1388
681,830,1511,0.1388
675,824,1499,0.1388
683,824,1507,0.1388
682,831,1513,0.1388
674,834,1508,0.1388
676,839,1515,0.1388
680,834,1514,0.1388
665,824,1489,0.1388
662,824,1486,0.1388
663,845,1508,0.1388
665,837,1502,0.1388
664,840,1504,0.1388
659,839,1498,0.1388
648,842,1490,0.1388
651,835,1486,0.1388
649,838,1487,0.1388
639,837,1476,0.1388
646,859,1505,0.1388
646,861,1507,0.1388
648,853,1501,0.1388
648,852,1500,0.1388
650,839,1489,0.1388
657,851,1508,0.1388
652,849,1501,0.1388
646,850,1496,0.1388
645,847,1492,0.1388
636,852,1488,0.1388
628,853,1481,0.1388
635,852,1487,0.1388
637,853,1490,0.1388
637,860,1497,0.1388
629,863,1492,0.1388
630,864,1494,0.1388
634,861,1495,0.1388
640,858,1498,0.1388
638,867,1505,0.1388
638,858,1496,0.1388
644,862,1506,0.1388
643,869,1512,0.1388
650,857,1507,0.1388
649,848,1497,0.1388
650,850,1500,0.1388
647,856,1503,0.1388
653,865,1518,0.1388
647,862,1509,0.1388
637,861,1498,0.1388
632,856,1488,0.1388
634,860,1494,0.1388
633,864,1497,0.1388
637,872,1509,0.1388
632,873,1505,0.1388
636,874,1510,0.1388
631,880,1511,0.1388
634,879,1513,0.1388
627,875,1502,0.1388
618,894,1512,0.1388
623,893,1516,0.1388
621,889,1510,0.1388
624,889,1513,0.1388
627,891,1518,0.1388
623,894,1517,0.1388
622,882,1504,0.1388
620,885,1505,0.1388
617,889,1506,0.1388
616,900,1516,0.1388
608,891,1499,0.1388
605,887,1492,0.1388
603,891,1494,0.1388
603,881,1484,0.1388
607,872,1479,0.1388
602,879,1481,0.1388
600,881,1481,0.1388
604,902,1506,0.1388
597,906,1503,0.1388
603,899,1502,0.1388
604,903,1507,0.1388
607,914,1521,0.1388
602,907,1509,0.1388
597,921,1518,0.1388
595,922,1517,0.1388
595,922,1517,0.1388
594,915,1509,0.1388
593,920,1513,0.1388
585,922,1507,0.1388
586,921,1507,0.1388
583,922,1505,0.1388
585,921,1506,0.1388
576,920,1496,0.1388
575,923,1498,0.1388
573,934,1507,0.1388
580,939,1519,0.1388
581,936,1517,0.1388
584,924,1508,0.1388
586,927,1513,0.1388
584,926,1510,0.1388
596,919,1515,0.1388
594,921,1515,0.1388
589,917,1506,0.1388
583,925,1508,0.1388
586,921,1507,0.1388
597,924,1521,0.1388
597,931,1528,0.1388
595,926,1521,0.1388
594,920,1514,0.1388
590,922,1512,0.1388
597,927,1524,0.1388
591,924,1515,0.1388
588,924,1512,0.1388
582,925,1507,0.1388
578,920,1498,0.1388
584,928,1512,0.1388
582,937,1519,0.1388
576,931,1507,0.1388
571,926,1497,0.1388
575,924,1499,0.1388
575,932,1507,0.1388
579,935,1514,0.1388
575,923,1498,0.1388
576,930,1506,0.1388
571,926,1497,0.1388
573,930,1503,0.1388
569,939,1508,0.1388
564,931,1495,0.1388
571,931,1502,0.1388
569,936,1505,0.1388
566,938,1504,0.1388
564,936,1500,0.1388
565,944,1509,0.1388
567,940,1507,0.1388
571,935,1506,0.1388
567,946,1513,0.1388
569,945,1514,0.1388
561,939,1500,0.1388
570,944,1514,0.1388
576,947,1523,0.1388
563,946,1509,0.1388
575,945,1520,0.1388
574,942,1516,0.1388
571,936,1507,0.1388
570,934,1504,0.1388
567,946,1513,0.1388
565,943,1508,0.1388
560,932,1492,0.1388
558,935,1493,0.1388
570,928,1498,0.1388
575,936,1511,0.1388
568,932,1500,0.1388
571,931,1502,0.1388
563,942,1505,0.1388
561,936,1497,0.1388
565,947,1512,0.1388
567,949,1516,0.1388
569,937,1506,0.1388
565,944,1509,0.1388
559,945,1504,0.1388
561,932,1493,0.1388
565,940,1505,0.1388
564,951,1515,0.1388
562,949,1511,0.1388
562,952,1514,0.1388
564,941,1505,0.1388
574,953,1527,0.1388
573,945,1518,0.1388
572,933,1505,0.1388
579,921,1500,0.1388
577,921,1498,0.1388
577,915,1492,0.1388
579,922,1501,0.1388
580,933,1513,0.1388
579,929,1508,0.1388
576,934,1510,0.1388
573,932,1505,0.1388
568,927,1495,0.1388
571,918,1489,0.1388
572,924,1496,0.1388
571,917,1488,0.1388
563,925,1488,0.1388
568,937,1505,0.1388
570,937,1507,0.1388
566,942,1508,0.1388
562,951,1513,0.1388
563,958,1521,0.1388
559,957,1516,0.1388
547,951,1498,0.1388
545,957,1502,0.1388
552,949,1501,0.1388
548,948,1496,0.1388
548,951,1499,0.1388
550,954,1504,0.1388
538,950,1488,0.1388
538,959,1497,0.1388
549,966,1515,0.1388
545,960,1505,0.1388
540,961,1501,0.1388
548,968,1516,0.1388
545,983,1528,0.1388
544,983,1527,0.1388
535,989,1524,0.1388
530,973,1503,0.1388
524,972,1496,0.1388
533,975,1508,0.1388
533,989,1522,0.1388
526,988,1514,0.1388
531,987,1518,0.1388
528,989,1517,0.1388
520,986,1506,0.1388
531,999,1530,0.1388
525,986,1511,0.1388
532,989,1521,0.1388
527,994,1521,0.1388
519,990,1509,0.1388
511,989,1500,0.1388
512,988,1500,0.1388
512,989,1501,0.1388
518,991,1509,0.1388
517,983,1500,0.1388
524,975,1499,0.1388
527,970,1497,0.1388
527,978,1505,0.1388
520,983,1503,0.1388
524,989,1513,0.1388
524,992,1516,0.1388
523,991,1514,0.1388
521,980,1501,0.1388
523,987,1510,0.1388
521,991,1512,0.1388
526,993,1519,0.1388
528,996,1524,0.1388
527,996,1523,0.1388
521,990,1511,0.1388
527,980,1507,0.1388
521,981,1502,0.1388
526,979,1505,0.1388
516,982,1498,0.1388
521,979,1500,0.1388
520,990,1510,0.1388
514,989,1503,0.1388
505,987,1492,0.1388
506,991,1497,0.1388
509,982,1491,0.1388
515,990,1505,0.1388
508,996,1504,0.1388
512,994,1506,0.1388
510,995,1505,0.1388
504,1005,1509,0.1388
509,997,1506,0.1388
510,999,1509,0.1388
518,1000,1518,0.1388
508,1000,1508,0.1388
510,987,1497,0.1388
512,1000,1512,0.1388
513,994,1507,0.1388
518,990,1508,0.1388
520,986,1506,0.1388
522,1003,1525,0.1388
515,1002,1517,0.1388
521,1001,1522,0.1388
516,1013,1529,0.1388
516,1011,1527,0.1388
517,1010,1527,0.1388
510,1012,1522,0.1388
507,1017,1524,0.1388
501,1025,1526,0.1388
499,1026,1525,0.1388
495,1030,1525,0.1388
492,1015,1507,0.1388
493,1023,1516,0.1388
491,1021,1512,0.1388
497,1015,1512,0.1388
502,1010,1512,0.1388
498,1011,1509,0.1388
501,1015,1516,0.1388
498,1012,1510,0.1388
489,1017,1506,0.1388
484,1017,1501,0.1388
487,1021,1508,0.1388
481,1021,1502,0.1388
483,1022,1505,0.1388
480,1025,1505,0.1388
473,1020,1493,0.1388
462,1024,1486,0.1388
475,1028,1503,0.1388
469,1032,1501,0.1388
469,1043,1512,0.1388
468,1036,1504,0.1388
472,1039,1511,0.1388
471,1040,1511,0.1388
473,1050,1523,0.1388
467,1054,1521,0.1388
461,1049,1510,0.1388
462,1047,1509,0.1388
464,1047,1511,0.1388
468,1045,1513,0.1388
470,1042,1512,0.1388
465,1033,1498,0.1388
463,1040,1503,0.1388
460,1049,1509,0.1388
460,1052,1512,0.1388
458,1047,1505,0.1388
461,1061,1522,0.1388
459,1054,1513,0.1388
456,1047,1503,0.1388
456,1047,1503,0.1388
454,1056,1510,0.1388
446,1063,1509,0.1388
444,1067,1511,0.1388
444,1054,1498,0.1388
444,1069,1513,0.1388
441,1067,1508,0.1388
444,1056,1500,0.1388
446,1055,1501,0.1388
438,1061,1499,0.1388
433,1072,1505,0.1388
431,1073,1504,0.1388
427,1075,1502,0.1388
434,1080,1514,0.1388
434,1082,1516,0.1388
434,1085,1519,0.1388
434,1086,1520,0.1388
431,1089,1520,0.1388
437,1093,1530,0.1388
441,1076,1517,0.1388
442,1075,1517,0.1388
439,1074,1513,0.1388
444,1080,1524,0.1388
445,1081,1526,0.1388
442,1085,1527,0.1388
446,1073,1519,0.1388
443,1058,1501,0.1388
440,1074,1514,0.1388
437,1065,1502,0.1388
442,1067,1509,0.1388
441,1071,1512,0.1388
433,1068,1501,0.1388
428,1062,1490,0.1388
431,1078,1509,0.1388
430,1080,1510,0.1388
437,1078,1515,0.1388
435,1072,1507,0.1388
437,1073,1510,0.1388
440,1077,1517,0.1388
439,1078,1517,0.1388
432,1079,1511,0.1388
432,1076,1508,0.1388
430,1070,1500,0.1388
432,1059,1491,0.1388
431,1063,1494,0.1388
432,1059,1491,0.1388
433,1077,1510,0.1388
435,1075,1510,0.1388
438,1080,1518,0.1388
434,1076,1510,0.1388
433,1075,1508,0.1388
433,1083,1516,0.1388
436,1083,1519,0.1388
432,1093,1525,0.1388
429,1094,1523,0.1388
430,1091,1521,0.1388
429,1080,1509,0.1388
427,1088,1515,0.1388
423,1085,1508,0.1388
418,1079,1497,0.1388
423,1080,1503,0.1388
422,1075,1497,0.1388
421,1087,1508,0.1388
424,1092,1516,0.1388
428,1097,1525,0.1388
429,1086,1515,0.1388
430,1090,1520,0.1388
427,1101,1528,0.1388
422,1103,1525,0.1388
424,1109,1533,0.1388
417,1098,1515,0.1388
420,1092,1512,0.1388
420,1103,1523,0.1388
416,1102,1518,0.1388
406,1087,1493,0.1388
406,1095,1501,0.1388
415,1100,1515,0.1388
419,1089,1508,0.1388
417,1096,1513,0.1388
422,1090,1512,0.1388
417,1093,1510,0.1388
419,1105,1524,0.1388
424,1091,1515,0.1388
414,1092,1506,0.1388
414,1093,1507,0.1388
416,1094,1510,0.1388
418,1088,1506,0.1388
413,1091,1504,0.1388
408,1092,1500,0.1388
404,1099,1503,0.1388
406,1095,1501,0.1388
404,1097,1501,0.1388
404,1102,1506,0.1388
399,1113,1512,0.1388
397,1109,1506,0.1388
391,1117,1508,0.1388
392,1117,1509,0.1388
393,1109,1502,0.1388
397,1113,1510,0.1388
400,1114,1514,0.1388
399,1110,1509,0.1388
401,1113,1514,0.1388
404,1117,1521,0.1388
404,1112,1516,0.1388
408,1110,1518,0.1388
405,1107,1512,0.1388
401,1112,1513,0.1388
403,1112,1515,0.1388
395,1096,1491,0.1388
398,1106,1504,0.1388
400,1104,1504,0.1388
392,1114,1506,0.1388
390,1122,1512,0.1388
396,1124,1520,0.1388
396,1117,1513,0.1388
390,1127,1517,0.1388
393,1126,1519,0.1388
395,1129,1524,0.1388
397,1128,1525,0.1388
395,1126,1521,0.1388
389,1134,1523,0.1388
384,1143,1527,0.1388
384,1134,1518,0.1388
385,1124,1509,0.1388
377,1126,1503,0.1388
370,1139,1509,0.1388
375,1145,1520,0.1388
379,1129,1508,0.1388
378,1136,1514,0.1388
377,1141,1518,0.1388
380,1139,1519,0.1388
381,1144,1525,0.1388
381,1138,1519,0.1388
380,1135,1515,0.1388
381,1132,1513,0.1388
373,1148,1521,0.1388
375,1139,1514,0.1388
378,1145,1523,0.1388
372,1129,1501,0.1388
376,1139,1515,0.1388
379,1130,1509,0.1388
379,1130,1509,0.1388
379,1134,1513,0.1388
378,1131,1509,0.1388
375,1133,1508,0.1388
377,1147,1524,0.1388
372,1145,1517,0.1388
373,1128,1501,0.1388
366,1126,1492,0.1388
366,1125,1491,0.1388
378,1144,1522,0.1388
376,1155,1531,0.1388
370,1148,1518,0.1388
370,1159,1529,0.1388
366,1160,1526,0.1388
359,1138,1497,0.1388
368,1135,1503,0.1388
364,1140,1504,0.1388
365,1141,1506,0.1388
367,1134,1501,0.1388
368,1140,1508,0.1388
373,1140,1513,0.1388
372,1147,1519,0.1388
367,1149,1516,0.1388
367,1130,1497,0.1388
368,1127,1495,0.1388
372,1138,1510,0.1388
378,1135,1513,0.1388
374,1145,1519,0.1388
371,1136,1507,0.1388
371,1141,1512,0.1388
369,1144,1513,0.1388
374,1154,1528,0.1388
373,1153,1526,0.1388
371,1135,1506,0.1388
376,1142,1518,0.1388
375,1152,1527,0.1388
368,1150,1518,0.1388
365,1141,1506,0.1388
360,1136,1496,0.1388
373,1135,1508,0.1388
368,1146,1514,0.1388
369,1151,1520,0.1388
369,1146,1515,0.1388
373,1148,1521,0.1388
368,1144,1512,0.1388
375,1155,1530,0.1388
373,1137,1510,0.1388
367,1134,1501,0.1388
368,1138,1506,0.1388
368,1132,1500,0.1388
373,1128,1501,0.1388
367,1139,1506,0.1388
369,1137,1506,0.1388
367,1133,1500,0.1388
367,1131,1498,0.1388
370,1134,1504,0.1388
367,1144,1511,0.1388
363,1145,1508,0.1388
360,1140,1500,0.1388
362,1141,1503,0.1388
362,1148,1510,0.1388
360,1136,1496,0.1388
368,1145,1513,0.1388
359,1146,1505,0.1388
354,1143,1497,0.1388
357,1152,1509,0.1388
366,1155,1521,0.1388
366,1137,1503,0.1388
360,1125,1485,0.1388
360,1142,1502,0.1388
362,1144,1506,0.1388
363,1148,1511,0.1388
359,1157,1516,0.1388
357,1138,1495,0.1388
352,1141,1493,0.1388
358,1144,1502,0.1388
359,1142,1501,0.1388
360,1148,1508,0.1388
357,1151,1508,0.1388
365,1140,1505,0.1388
362,1146,1508,0.1388
367,1152,1519,0.1388
367,1153,1520,0.1388
362,1150,1512,0.1388
359,1143,1502,0.1388
365,1148,1513,0.1388
361,1152,1513,0.1388
354,1152,1506,0.1388
357,1155,1512,0.1388
356,1149,1505,0.1388
358,1144,1502,0.1388
355,1157,1512,0.1388
353,1153,1506,0.1388
356,1156,1512,0.1388
349,1162,1511,0.1388
356,1171,1527,0.1388
359,1160,1519,0.1388
349,1166,1515,0.1388
345,1174,1519,0.1388
354,1165,1519,0.1388
350,1160,1510,0.1388
349,1167,1516,0.1388
344,1159,1503,0.1388
348,1161,1509,0.1388
343,1166,1509,0.1388
340,1159,1499,0.1388
337,1163,1500,0.1388
334,1160,1494,0.1388
334,1173,1507,0.1388
331,1180,1511,0.1388
327,1178,1505,0.1388
321,1179,1500,0.1388
326,1176,1502,0.1388
326,1183,1509,0.1388
326,1179,1505,0.1388
328,1180,1508,0.1388
326,1181,1507,0.1388
322,1185,1507,0.1388
323,1184,1507,0.1388
321,1193,1514,0.1388
317,1199,1516,0.1388
314,1210,1524,0.1388
309,1199,1508,0.1388
314,1195,1509,0.1388
314,1201,1515,0.1388
321,1194,1515,0.1388
320,1189,1509,0.1388
315,1192,1507,0.1388
316,1187,1503,0.1388
319,1192,1511,0.1388
315,1188,1503,0.1388
309,1193,1502,0.1388
307,1196,1503,0.1388
297,1188,1485,0.1388
300,1207,1507,0.1388
298,1208,1506,0.1388
297,1209,1506,0.1388
301,1214,1515,0.1388
309,1207,1516,0.1388
307,1214,1521,0.1388
309,1207,1516,0.1388
309,1194,1503,0.1388
309,1175,1484,0.1388
312,1186,1498,0.1388
310,1197,1507,0.1388
303,1203,1506,0.1388
305,1202,1507,0.1388
297,1207,1504,0.1388
297,1197,1494,0.1388
299,1204,1503,0.1388
302,1210,1512,0.1388
302,1217,1519,0.1388
303,1216,1519,0.1388
298,1223,1521,0.1388
298,1210,1508,0.1388
296,1225,1521,0.1388
294,1230,1524,0.1388
292,1233,1525,0.1388
293,1217,1510,0.1388
289,1226,1515,0.1388
290,1226,1516,0.1388
293,1238,1531,0.1388
293,1233,1526,0.1388
294,1219,1513,0.1388
298,1224,1522,0.1388
295,1230,1525,0.1388
291,1226,1517,0.1388
287,1239,1526,0.1388
286,1230,1516,0.1388
288,1229,1517,0.1388
290,1216,1506,0.1388
293,1223,1516,0.1388
290,1226,1516,0.1388
287,1223,1510,0.1388
290,1228,1518,0.1388
286,1223,1509,0.1388
287,1217,1504,0.1388
285,1217,1502,0.1388
279,1222,1501,0.1388
283,1217,1500,0.1388
278,1224,1502,0.1388
285,1220,1505,0.1388
285,1216,1501,0.1388
288,1228,1516,0.1388
287,1230,1517,0.1388
287,1242,1529,0.1388
282,1230,1512,0.1388
277,1223,1500,0.1388
279,1228,1507,0.1388
272,1226,1498,0.1388
277,1219,1496,0.1388
274,1221,1495,0.1388
282,1228,1510,0.1388
278,1228,1506,0.1388
282,1220,1502,0.1388
281,1232,1513,0.1388
284,1228,1512,0.1388
286,1227,1513,0.1388
286,1225,1511,0.1388
279,1214,1493,0.1388
285,1211,1496,0.1388
289,1216,1505,0.1388
290,1215,1505,0.1388
291,1216,1507,0.1388
290,1211,1501,0.1388
286,1218,1504,0.1388
280,1219,1499,0.1388
280,1219,1499,0.1388
274,1226,1500,0.1388
272,1221,1493,0.1388
272,1223,1495,0.1388
272,1233,1505,0.1388
271,1223,1494,0.1388
269,1230,1499,0.1388
271,1231,1502,0.1388
274,1236,1510,0.1388
272,1245,1517,0.1388
271,1248,1519,0.1388
263,1250,1513,0.1388
262,1254,1516,0.1388
259,1259,1518,0.1388
256,1265,1521,0.1388
260,1260,1520,0.1388
251,1249,1500,0.1388
254,1238,1492,0.1388
258,1247,1505,0.1388
256,1258,1514,0.1388
259,1255,1514,0.1388
259,1261,1520,0.1388
255,1258,1513,0.1388
252,1270,1522,0.1388
250,1282,1532,0.1388
248,1273,1521,0.1388
246,1279,1525,0.1388
244,1279,1523,0.1388
245,1271,1516,0.1388
249,1254,1503,0.1388
244,1269,1513,0.1388
246,1272,1518,0.1388
246,1269,1515,0.1388
247,1254,1501,0.1388
251,1251,1502,0.1388
253,1253,1506,0.1388
249,1257,1506,0.1388
247,1248,1495,0.1388
251,1260,1511,0.1388
244,1261,1505,0.1388
244,1264,1508,0.1388
247,1267,1514,0.1388
247,1270,1517,0.1388
248,1274,1522,0.1388
255,1264,1519,0.1388
250,1269,1519,0.1388
248,1261,1509,0.1388
243,1261,1504,0.1388
239,1265,1504,0.1388
247,1265,1512,0.1388
241,1271,1512,0.1388
238,1280,1518,0.1388
236,1278,1514,0.1388
240,1270,1510,0.1388
235,1250,1485,0.1388
234,1265,1499,0.1388
239,1267,1506,0.1388
235,1269,1504,0.1388
233,1270,1503,0.1388
233,1269,1502,0.1388
235,1261,1496,0.1388
237,1268,1505,0.1388
237,1277,1514,0.1388
234,1288,1522,0.1388
233,1284,1517,0.1388
227,1280,1507,0.1388
228,1278,1506,0.1388
226,1266,1492,0.1388
220,1287,1507,0.1388
217,1288,1505,0.1388
222,1281,1503,0.1388
225,1277,1502,0.1388
225,1284,1509,0.1388
225,1288,1513,0.1388
222,1282,1504,0.1388
223,1278,1501,0.1388
227,1273,1500,0.1388
230,1284,1514,0.1388
232,1281,1513,0.1388
229,1290,1519,0.1388
228,1288,1516,0.1388
226,1288,1514,0.1388
221,1293,1514,0.1388
222,1290,1512,0.1388
230,1291,1521,0.1388
232,1295,1527,0.1388
231,1298,1529,0.1388
226,1296,1522,0.1388
225,1302,1527,0.1388
225,1307,1532,0.1388
220,1296,1516,0.1388
215,1288,1503,0.1388
216,1281,1497,0.1388
215,1294,1509,0.1388
212,1297,1509,0.1388
213,1300,1513,0.1388
218,1308,1526,0.1388
219,1309,1528,0.1388
214,1296,1510,0.1388
217,1292,1509,0.1388
215,1293,1508,0.1388
216,1304,1520,0.1388
221,1292,1513,0.1388
219,1295,1514,0.1388
220,1299,1519,0.1388
217,1311,1528,0.1388
217,1311,1528,0.1388
217,1305,1522,0.1388
216,1312,1528,0.1388
210,1310,1520,0.1388
212,1300,1512,0.1388
211,1289,1500,0.1388
208,1297,1505,0.1388
216,1297,1513,0.1388
215,1294,1509,0.1388
211,1298,1509,0.1388
211,1291,1502,0.1388
210,1299,1509,0.1388
212,1316,1528,0.1388
214,1303,1517,0.1388
210,1302,1512,0.1388
212,1292,1504,0.1388
214,1287,1501,0.1388
216,1305,1521,0.1388
210,1298,1508,0.1388
208,1298,1506,0.1388
208,1312,1520,0.1388
207,1301,1508,0.1388
208,1284,1492,0.1388
208,1285,1493,0.1388
213,1295,1508,0.1388
211,1297,1508,0.1388
212,1296,1508,0.1388
207,1290,1497,0.1388
202,1297,1499,0.1388
206,1295,1501,0.1388
205,1308,1513,0.1388
202,1296,1498,0.1388
200,1296,1496,0.1388
203,1299,1502,0.1388
202,1300,1502,0.1388
201,1295,1496,0.1388
200,1294,1494,0.1388
201,1291,1492,0.1388
204,1298,1502,0.1388
206,1305,1511,0.1388
207,1304,1511,0.1388
204,1306,1510,0.1388
202,1323,1525,0.1388
195,1324,1519,0.1388
190,1317,1507,0.1388
189,1317,1506,0.1388
186,1327,1513,0.1388
187,1324,1511,0.1388
188,1315,1503,0.1388
180,1318,1498,0.1388
183,1311,1494,0.1388
183,1320,1503,0.1388
184,1325,1509,0.1388
181,1328,1509,0.1388
181,1342,1523,0.1388
180,1337,1517,0.1388
185,1323,1508,0.1388
181,1338,1519,0.1388
182,1349,1531,0.1388
181,1343,1524,0.1388
179,1333,1512,0.1388
180,1346,1526,0.1388
183,1330,1513,0.1388
182,1341,1523,0.1388
180,1339,1519,0.1388
179,1342,1521,0.1388
182,1341,1523,0.1388
190,1339,1529,0.1388
189,1341,1530,0.1388
190,1340,1530,0.1388
190,1339,1529,0.1388
191,1331,1522,0.1388
186,1330,1516,0.1388
186,1323,1509,0.1388
180,1324,1504,0.1388
179,1331,1510,0.1388
186,1317,1503,0.1388
185,1328,1513,0.1388
181,1324,1505,0.1388
190,1339,1529,0.1388
188,1341,1529,0.1388
188,1343,1531,0.1388
186,1321,1507,0.1388
190,1332,1522,0.1388
190,1340,1530,0.1388
188,1333,1521,0.1388
186,1324,1510,0.1388
182,1341,1523,0.1388
187,1326,1513,0.1388
188,1330,1518,0.1388
189,1323,1512,0.1388
186,1321,1507,0.1388
184,1324,1508,0.1388
178,1332,1510,0.1388
175,1327,1502,0.1388
173,1333,1506,0.1388
176,1338,1514,0.1388
180,1336,1516,0.1388
182,1340,1522,0.1388
184,1333,1517,0.1388
185,1336,1521,0.1388
179,1334,1513,0.1388
179,1337,1516,0.1388
184,1334,1518,0.1388
183,1353,1536,0.1388
180,1345,1525,0.1388
180,1349,1529,0.1388
181,1342,1523,0.1388
180,1356,1536,0.1388
172,1354,1526,0.1388
176,1351,1527,0.1388
178,1349,1527,0.1388
176,1341,1517,0.1388
174,1344,1518,0.1388
167,1341,1508,0.1388
164,1342,1506,0.1388
169,1353,1522,0.1388
172,1348,1520,0.1388
171,1338,1509,0.1388
167,1334,1501,0.1388
168,1347,1515,0.1388
167,1357,1524,0.1388
170,1342,1512,0.1388
167,1342,1509,0.1388
167,1348,1515,0.1388
169,1348,1517,0.1388
167,1354,1521,0.1388
163,1354,1517,0.1388
166,1355,1521,0.1388
165,1354,1519,0.1388
168,1362,1530,0.1388
164,1364,1528,0.1388
167,1355,1522,0.1388
166,1362,1528,0.1388
162,1361,1523,0.1388
164,1358,1522,0.1388
159,1358,1517,0.1388
159,1355,1514,0.1388
156,1362,1518,0.1388
153,1370,1523,0.1388
154,1367,1521,0.1388
156,1351,1507,0.1388
155,1351,1506,0.1388
161,1366,1527,0.1388
163,1357,1520,0.1388
161,1356,1517,0.1388
159,1360,1519,0.1388
154,1353,1507,0.1388
157,1361,1518,0.1388
153,1364,1517,0.1388
152,1368,1520,0.1388
152,1371,1523,0.1388
154,1366,1520,0.1388
154,1359,1513,0.1388
151,1362,1513,0.1388
149,1375,1524,0.1388
153,1368,1521,0.1388
154,1374,1528,0.1388
155,1362,1517,0.1388
156,1352,1508,0.1388
159,1347,1506,0.1388
157,1352,1509,0.1388
156,1356,1512,0.1388
161,1367,1528,0.1388
158,1354,1512,0.1388
156,1355,1511,0.1388
153,1368,1521,0.1388
155,1371,1526,0.1388
154,1376,1530,0.1388
147,1374,1521,0.1388
146,1368,1514,0.1388
146,1357,1503,0.1388
145,1351,1496,0.1388
146,1367,1513,0.1388
145,1363,1508,0.1388
144,1360,1504,0.1388
139,1368,1507,0.1388
142,1372,1514,0.1388
148,1372,1520,0.1388
149,1377,1526,0.1388
150,1379,1529,0.1388
150,1382,1532,0.1388
149,1384,1533,0.1388
147,1368,1515,0.1388
148,1368,1516,0.1388
149,1385,1534,0.1388
148,1382,1530,0.1388
146,1375,1521,0.1388
145,1365,1510,0.1388
138,1364,1502,0.1388
136,1355,1491,0.1388
138,1359,1497,0.1388
139,1382,1521,0.1388
139,1373,1512,0.1388
138,1372,1510,0.1388
139,1378,1517,0.1388
138,1362,1500,0.1388
136,1367,1503,0.1388
135,1368,1503,0.1388
137,1358,1495,0.1388
138,1378,1516,0.1388
138,1383,1521,0.1388
139,1384,1523,0.1388
138,1378,1516,0.1388
136,1374,1510,0.1388
136,1382,1518,0.1388
135,1393,1528,0.1388
134,1393,1527,0.1388
133,1389,1522,0.1388
133,1375,1508,0.1388
131,1385,1516,0.1388
129,1384,1513,0.1388
131,1398,1529,0.1388
130,1393,1523,0.1388
128,1397,1525,0.1388
129,1392,1521,0.1388
128,1392,1520,0.1388
125,1390,1515,0.1388
126,1397,1523,0.1388
127,1392,1519,0.1388
127,1385,1512,0.1388
127,1387,1514,0.1388
129,1400,1529,0.1388
131,1397,1528,0.1388
135,1391,1526,0.1388
131,1385,1516,0.1388
127,1379,1506,0.1388
130,1383,1513,0.1388
128,1395,1523,0.1388
128,1387,1515,0.1388
127,1385,1512,0.1388
130,1395,1525,0.1388
130,1392,1522,0.1388
125,1387,1512,0.1388
121,1379,1500,0.1388
122,1377,1499,0.1388
121,1374,1495,0.1388
119,1377,1496,0.1388
121,1378,1499,0.1388
125,1388,1513,0.1388
125,1387,1512,0.1388
124,1385,1509,0.1388
122,1390,1512,0.1388
124,1394,1518,0.1388
126,1400,1526,0.1388
126,1402,1528,0.1388
124,1417,1541,0.1388
126,1408,1534,0.1388
126,1404,1530,0.1388
123,1393,1516,0.1388
121,1381,1502,0.1388
126,1389,1515,0.1388
126,1384,1510,0.1388
125,1395,1520,0.1388
125,1400,1525,0.1388
128,1399,1527,0.1388
121,1392,1513,0.1388
119,1393,1512,0.1388
119,1382,1501,0.1388
121,1384,1505,0.1388
125,1373,1498,0.1388
129,1386,1515,0.1388
130,1387,1517,0.1388
129,1388,1517,0.1388
128,1400,1528,0.1388
122,1401,1523,0.1388
124,1400,1524,0.1388
124,1403,1527,0.1388
126,1394,1520,0.1388
128,1379,1507,0.1388
124,1393,1517,0.1388
126,1393,1519,0.1388
127,1391,1518,0.1388
125,1385,1510,0.1388
126,1384,1510,0.1388
124,1393,1517,0.1388
122,1400,1522,0.1388
126,1402,1528,0.1388
123,1386,1509,0.1388
119,1399,1518,0.1388
120,1402,1522,0.1388
120,1413,1533,0.1388
119,1410,1529,0.1388
119,1407,1526,0.1388
120,1397,1517,0.1388
120,1397,1517,0.1388
115,1401,1516,0.1388
114,1404,1518,0.1388
114,1398,1512,0.1388
113,1406,1519,0.1388
115,1407,1522,0.1388
116,1406,1522,0.1388
117,1397,1514,0.1388
114,1391,1505,0.1388
114,1392,1506,0.1388
110,1402,1512,0.1388
110,1405,1515,0.1388
110,1400,1510,0.1388
111,1410,1521,0.1388
112,1415,1527,0.1388
114,1407,1521,0.1388
115,1398,1513,0.1388
114,1399,1513,0.1388
116,1387,1503,0.1388
118,1398,1516,0.1388
120,1419,1539,0.1388
118,1406,1524,0.1388
119,1401,1520,0.1388
120,1401,1521,0.1388
118,1401,1519,0.1388
115,1410,1525,0.1388
113,1406,1519,0.1388
113,1401,1514,0.1388
111,1390,1501,0.1388
110,1405,1515,0.1388
106,1410,1516,0.1388
109,1417,1526,0.1388
107,1408,1515,0.1388
107,1403,1510,0.1388
106,1388,1494,0.1388
102,1401,1503,0.1388
110,1412,1522,0.1388
108,1417,1525,0.1388
106,1424,1530,0.1388
107,1423,1530,0.1388
105,1435,1540,0.1388
106,1411,1517,0.1388
104,1412,1516,0.1388
104,1416,1520,0.1388
107,1405,1512,0.1388
107,1409,1516,0.1388
108,1399,1507,0.1388
105,1413,1518,0.1388
105,1415,1520,0.1388
105,1421,1526,0.1388
106,1420,1526,0.1388
102,1412,1514,0.1388
102,1410,1512,0.1388
102,1406,1508,0.1388
99,1410,1509,0.1388
99,1414,1513,0.1388
100,1411,1511,0.1388
98,1419,1517,0.1388
94,1417,1511,0.1388
93,1410,1503,0.1388
91,1406,1497,0.1388
92,1409,1501,0.1388
96,1416,1512,0.1388
98,1409,1507,0.1388
100,1421,1521,0.1388
102,1426,1528,0.1388
98,1437,1535,0.1388
96,1420,1516,0.1388
98,1416,1514,0.1388
96,1421,1517,0.1388
98,1410,1508,0.1388
97,1409,1506,0.1388
100,1396,1496,0.1388
98,1418,1516,0.1388
99,1418,1517,0.1388
99,1426,1525,0.1388
100,1430,1530,0.1388
100,1429,1529,0.1388
103,1431,1534,0.1388
102,1421,1523,0.1388
103,1429,1532,0.1388
100,1430,1530,0.1388
101,1430,1531,0.1388
100,1429,1529,0.1388
98,1422,1520,0.1388
98,1400,1498,0.1388
97,1398,1495,0.1388
93,1418,1511,0.1388
94,1416,1510,0.1388
97,1401,1498,0.1388
93,1434,1527,0.1388
94,1430,1524,0.1388
95,1431,1526,0.1388
94,1430,1524,0.1388
93,1423,1516,0.1388
94,1424,1518,0.1388
97,1422,1519,0.1388
94,1418,1512,0.1388
93,1428,1521,0.1388
90,1419,1509,0.1388
93,1421,1514,0.1388
96,1419,1515,0.1388
96,1420,1516,0.1388
94,1425,1519,0.1388
94,1429,1523,0.1388
94,1439,1533,0.1388
95,1429,1524,0.1388
94,1430,1524,0.1388
95,1431,1526,0.1388
97,1428,1525,0.1388
99,1421,1520,0.1388
97,1420,1517,0.1388
95,1438,1533,0.1388
96,1437,1533,0.1388
95,1436,1531,0.1388
93,1430,1523,0.1388
91,1433,1524,0.1388
93,1433,1526,0.1388
90,1430,1520,0.1388
92,1428,1520,0.1388
92,1428,1520,0.1388
90,1426,1516,0.1388
89,1424,1513,0.1388
91,1411,1502,0.1388
96,1412,1508,0.1388
100,1416,1516,0.1388
100,1409,1509,0.1388
98,1419,1517,0.1388
99,1417,1516,0.1388
101,1418,1519,0.1388
100,1411,1511,0.1388
102,1418,1520,0.1388
101,1419,1520,0.1388
99,1414,1513,0.1388
101,1418,1519,0.1388
102,1420,1522,0.1388
102,1408,1510,0.1388
100,1409,1509,0.1388
98,1404,1502,0.1388
95,1402,1497,0.1388
95,1400,1495,0.1388
95,1419,1514,0.1388
94,1422,1516,0.1388
90,1429,1519,0.1388
92,1433,1525,0.1388
92,1432,1524,0.1388
93,1433,1526,0.1388
91,1430,1521,0.1388
94,1436,1530,0.1388
91,1432,1523,0.1388
94,1423,1517,0.1388
96,1423,1519,0.1388
89,1423,1512,0.1388
87,1435,1522,0.1388
91,1434,1525,0.1388
92,1427,1519,0.1388
91,1427,1518,0.1388
90,1423,1513,0.1388
90,1429,1519,0.1388
94,1433,1527,0.1388
93,1418,1511,0.1388
93,1410,1503,0.1388
92,1407,1499,0.1388
91,1404,1495,0.1388
92,1407,1499,0.1388
94,1416,1510,0.1388
95,1420,1515,0.1388
93,1423,1516,0.1388
91,1405,1496,0.1388
94,1410,1504,0.1388
95,1410,1505,0.1388
92,1418,1510,0.1388
92,1414,1506,0.1388
92,1429,1521,0.1388
88,1434,1522,0.1388
88,1437,1525,0.1388
91,1423,1514,0.1388
91,1414,1505,0.1388
91,1419,1510,0.1388
91,1439,1530,0.1388
91,1434,1525,0.1388
92,1439,1531,0.1388
93,1437,1530,0.1388
95,1426,1521,0.1388
94,1436,1530,0.1388
92,1423,1515,0.1388
92,1426,1518,0.1388
89,1410,1499,0.1388
89,1430,1519,0.1388
89,1435,1524,0.1388
91,1435,1526,0.1388
93,1430,1523,0.1388
93,1421,1514,0.1388
93,1435,1528,0.1388
93,1441,1534,0.1388
95,1435,1530,0.1388
94,1437,1531,0.1388
91,1432,1523,0.1388
92,1436,1528,0.1388
92,1437,1529,0.1388
90,1428,1518,0.1388
88,1413,1501,0.1388
91,1413,1504,0.1388
91,1410,1501,0.1388
89,1416,1505,0.1388
88,1415,1503,0.1388
87,1415,1502,0.1388
87,1409,1496,0.1388
90,1415,1505,0.1388
89,1424,1513,0.1388
91,1420,1511,0.1388
89,1427,1516,0.1388
89,1435,1524,0.1388
89,1426,1515,0.1388
87,1428,1515,0.1388
89,1424,1513,0.1388
88,1439,1527,0.1388
87,1424,1511,0.1388
88,1426,1514,0.1388
87,1432,1519,0.1388
86,1427,1513,0.1388
84,1426,1510,0.1388
83,1432,1515,0.1388
85,1423,1508,0.1388
87,1423,1510,0.1388
86,1434,1520,0.1388
84,1428,1512,0.1388
83,1432,1515,0.1388
87,1436,1523,0.1388
84,1432,1516,0.1388
82,1424,1506,0.1388
83,1440,1523,0.1388
84,1441,1525,0.1388
85,1433,1518,0.1388
82,1427,1509,0.1388
84,1426,1510,0.1388
80,1446,1526,0.1388
78,1461,1539,0.1388
81,1449,1530,0.1388
82,1449,1531,0.1388
81,1431,1512,0.1388
79,1436,1515,0.1388
79,1433,1512,0.1388
81,1442,1523,0.1388
82,1445,1527,0.1388
80,1443,1523,0.1388
79,1432,1511,0.1388
82,1418,1500,0.1388
83,1417,1500,0.1388
83,1423,1506,0.1388
79,1427,1506,0.1388
77,1425,1502,0.1388
82,1435,1517,0.1388
84,1434,1518,0.1388
84,1420,1504,0.1388
83,1407,1490,0.1388
86,1421,1507,0.1388
85,1403,1488,0.1388
86,1412,1498,0.1388
87,1421,1508,0.1388
86,1426,1512,0.1388
86,1420,1506,0.1388
87,1409,1496,0.1388
89,1420,1509,0.1388
90,1417,1507,0.1388
90,1428,1518,0.1388
88,1423,1511,0.1388
87,1430,1517,0.1388
88,1423,1511,0.1388
88,1414,1502,0.1388
91,1423,1514,0.1388
93,1427,1520,0.1388
91,1441,1532,0.1388
91,1437,1528,0.1388
92,1441,1533,0.1388
91,1435,1526,0.1388
89,1443,1532,0.1388
84,1426,1510,0.1388
84,1426,1510,0.1388
86,1426,1512,0.1388
84,1434,1518,0.1388
84,1430,1514,0.1388
84,1440,1524,0.1388
85,1437,1522,0.1388
85,1430,1515,0.1388
86,1427,1513,0.1388
87,1422,1509,0.1388
88,1419,1507,0.1388
88,1431,1519,0.1388
86,1421,1507,0.1388
84,1423,1507,0.1388
85,1423,1508,0.1388
85,1424,1509,0.1388
87,1427,1514,0.1388
84,1431,1515,0.1388
86,1431,1517,0.1388
84,1430,1514,0.1388
83,1422,1505,0.1388
88,1426,1514,0.1388
87,1441,1528,0.1388
86,1433,1519,0.1388
80,1435,1515,0.1388
80,1435,1515,0.1388
82,1442,1524,0.1388
83,1450,1533,0.1388
86,1442,1528,0.1388
86,1440,1526,0.1388
87,1432,1519,0.1388
85,1436,1521,0.1388
82,1431,1513,0.1388
83,1433,1516,0.1388
84,1430,1514,0.1388
81,1423,1504,0.1388
81,1426,1507,0.1388
83,1438,1521,0.1388
83,1443,1526,0.1388
83,1442,1525,0.1388
84,1425,1509,0.1388
85,1422,1507,0.1388
82,1439,1521,0.1388
84,1436,1520,0.1388
85,1435,1520,0.1388
83,1431,1514,0.1388
83,1436,1519,0.1388
84,1431,1515,0.1388
79,1429,1508,0.1388
81,1418,1499,0.1388
83,1416,1499,0.1388
83,1432,1515,0.1388
83,1426,1509,0.1388
83,1418,1501,0.1388
83,1419,1502,0.1388
83,1433,1516,0.1388
82,1429,1511,0.1388
82,1427,1509,0.1388
82,1443,1525,0.1388
86,1437,1523,0.1388
82,1423,1505,0.1388
80,1429,1509,0.1388
82,1424,1506,0.1388
81,1423,1504,0.1388
79,1430,1509,0.1388
80,1436,1516,0.1388
76,1440,1516,0.1388
75,1446,1521,0.1388
79,1451,1530,0.1388
79,1451,1530,0.1388
78,1452,1530,0.1388
78,1443,1521,0.1388
74,1454,1528,0.1388
75,1454,1529,0.1388
73,1437,1510,0.1388
75,1435,1510,0.1388
75,1463,1538,0.1388
77,1448,1525,0.1388
78,1443,1521,0.1388
77,1440,1517,0.1388
74,1436,1510,0.1388
76,1429,1505,0.1388
76,1441,1517,0.1388
72,1433,1505,0.1388
71,1437,1508,0.1388
74,1434,1508,0.1388
74,1430,1504,0.1388
75,1414,1489,0.1388
76,1431,1507,0.1388
74,1443,1517,0.1388
72,1436,1508,0.1388
71,1428,1499,0.1388
72,1436,1508,0.1388
72,1450,1522,0.1388
68,1450,1518,0.1388
69,1448,1517,0.1388
69,1446,1515,0.1388
69,1446,1515,0.1388
73,1435,1508,0.1388
73,1432,1505,0.1388
73,1438,1511,0.1388
71,1423,1494,0.1388
71,1434,1505,0.1388
71,1427,1498,0.1388
73,1434,1507,0.1388
73,1445,1518,0.1388
73,1446,1519,0.1388
71,1469,1540,0.1388
70,1455,1525,0.1388
69,1462,1531,0.1388
72,1452,1524,0.1388
70,1462,1532,0.1388
71,1442,1513,0.1388
70,1447,1517,0.1388
70,1434,1504,0.1388
72,1443,1515,0.1388
71,1448,1519,0.1388
71,1447,1518,0.1388
71,1455,1526,0.1388
69,1441,1510,0.1388
70,1441,1511,0.1388
70,1455,1525,0.1388
68,1452,1520,0.1388
68,1460,1528,0.1388
66,1463,1529,0.1388
66,1457,1523,0.1388
67,1466,1533,0.1388
65,1465,1530,0.1388
65,1448,1513,0.1388
64,1459,1523,0.1388
64,1452,1516,0.1388
68,1439,1507,0.1388
68,1460,1528,0.1388
68,1457,1525,0.1388
67,1449,1516,0.1388
66,1451,1517,0.1388
63,1459,1522,0.1388
62,1457,1519,0.1388
61,1460,1521,0.1388
66,1455,1521,0.1388
65,1445,1510,0.1388
65,1443,1508,0.1388
67,1449,1516,0.1388
65,1444,1509,0.1388
65,1455,1520,0.1388
63,1456,1519,0.1388
62,1470,1532,0.1388
63,1465,1528,0.1388
60,1465,1525,0.1388
61,1458,1519,0.1388
60,1470,1530,0.1388
59,1456,1515,0.1388
57,1469,1526,0.1388
57,1468,1525,0.1388
56,1460,1516,0.1388
58,1459,1517,0.1388
58,1462,1520,0.1388
60,1455,1515,0.1388
62,1454,1516,0.1388
60,1443,1503,0.1388
61,1445,1506,0.1388
62,1440,1502,0.1388
62,1451,1513,0.1388
60,1456,1516,0.1388
59,1461,1520,0.1388
58,1465,1523,0.1388
57,1470,1527,0.1388
57,1465,1522,0.1388
56,1456,1512,0.1388
55,1451,1506,0.1388
56,1451,1507,0.1388
58,1444,1502,0.1388
61,1454,1515,0.1388
60,1451,1511,0.1388
60,1461,1521,0.1388
61,1447,1508,0.1388
62,1440,1502,0.1388
58,1447,1505,0.1388
59,1454,1513,0.1388
58,1444,1502,0.1388
59,1449,1508,0.1388
57,1465,1522,0.1388
56,1463,1519,0.1388
55,1461,1516,0.1388
55,1455,1510,0.1388
56,1458,1514,0.1388
57,1456,1513,0.1388
57,1464,1521,0.1388
57,1468,1525,0.1388
57,1466,1523,0.1388
56,1460,1516,0.1388
55,1471,1526,0.1388
57,1464,1521,0.1388
58,1459,1517,0.1388
58,1468,1526,0.1388
55,1462,1517,0.1388
56,1461,1517,0.1388
54,1455,1509,0.1388
54,1466,1520,0.1388
54,1468,1522,0.1388
54,1462,1516,0.1388
51,1474,1525,0.1388
53,1468,1521,0.1388
50,1468,1518,0.1388
48,1481,1529,0.1388
47,1481,1528,0.1388
50,1476,1526,0.1388
51,1463,1514,0.1388
51,1464,1515,0.1388
50,1457,1507,0.1388
51,1464,1515,0.1388
51,1464,1515,0.1388
48,1476,1524,0.1388
47,1479,1526,0.1388
46,1468,1514,0.1388
45,1462,1507,0.1388
45,1466,1511,0.1388
47,1468,1515,0.1388
48,1469,1517,0.1388
46,1481,1527,0.1388
49,1472,1521,0.1388
49,1472,1521,0.1388
51,1465,1516,0.1388
49,1468,1517,0.1388
48,1474,1522,0.1388
48,1469,1517,0.1388
48,1468,1516,0.1388
49,1461,1510,0.1388
48,1462,1510,0.1388
49,1476,1525,0.1388
49,1481,1530,0.1388
50,1473,1523,0.1388
48,1475,1523,0.1388
49,1474,1523,0.1388
47,1479,1526,0.1388
48,1472,1520,0.1388
46,1472,1518,0.1388
47,1469,1516,0.1388
47,1467,1514,0.1388
47,1468,1515,0.1388
49,1472,1521,0.1388
49,1471,1520,0.1388
46,1473,1519,0.1388
48,1462,1510,0.1388
48,1467,1515,0.1388
49,1469,1518,0.1388
48,1465,1513,0.1388
50,1467,1517,0.1388
50,1469,1519,0.1388
50,1470,1520,0.1388
48,1458,1506,0.1388
48,1466,1514,0.1388
45,1458,1503,0.1388
47,1463,1510,0.1388
46,1472,1518,0.1388
47,1470,1517,0.1388
48,1467,1515,0.1388
48,1470,1518,0.1388
49,1460,1509,0.1388
49,1444,1493,0.1388
51,1449,1500,0.1388
52,1469,1521,0.1388
52,1475,1527,0.1388
52,1475,1527,0.1388
52,1469,1521,0.1388
51,1460,1511,0.1388
51,1457,1508,0.1388
48,1462,1510,0.1388
52,1468,1520,0.1388
52,1472,1524,0.1388
54,1481,1535,0.1388
53,1477,1530,0.1388
54,1462,1516,0.1388
51,1463,1514,0.1388
51,1455,1506,0.1388
49,1464,1513,0.1388
49,1471,1520,0.1388
50,1486,1536,0.1388
47,1486,1533,0.1388
48,1492,1540,0.1388
47,1485,1532,0.1388
45,1486,1531,0.1388
46,1478,1524,0.1388
48,1470,1518,0.1388
46,1474,1520,0.1388
47,1472,1519,0.1388
48,1481,1529,0.1388
46,1472,1518,0.1388
47,1483,1530,0.1388
48,1479,1527,0.1388
46,1475,1521,0.1388
47,1478,1525,0.1388
46,1471,1517,0.1388
44,1471,1515,0.1388
47,1474,1521,0.1388
49,1475,1524,0.1388
49,1458,1507,0.1388
46,1459,1505,0.1388
46,1460,1506,0.1388
44,1460,1504,0.1388
44,1469,1513,0.1388
44,1476,1520,0.1388
45,1468,1513,0.1388
45,1481,1526,0.1388
44,1486,1530,0.1388
43,1488,1531,0.1388
43,1486,1529,0.1388
41,1473,1514,0.1388
41,1460,1501,0.1388
39,1460,1499,0.1388
40,1465,1505,0.1388
43,1468,1511,0.1388
44,1480,1524,0.1388
44,1479,1523,0.1388
43,1479,1522,0.1388
43,1483,1526,0.1388
42,1473,1515,0.1388
41,1476,1517,0.1388
42,1464,1506,0.1388
43,1471,1514,0.1388
47,1467,1514,0.1388
49,1461,1510,0.1388
48,1461,1509,0.1388
46,1459,1505,0.1388
46,1466,1512,0.1388
48,1459,1507,0.1388
46,1465,1511,0.1388
44,1465,1509,0.1388
43,1473,1516,0.1388
42,1470,1512,0.1388
41,1475,1516,0.1388
42,1471,1513,0.1388
41,1468,1509,0.1388
43,1475,1518,0.1388
43,1484,1527,0.1388
43,1488,1531,0.1388
43,1472,1515,0.1388
41,1477,1518,0.1388
39,1477,1516,0.1388
41,1478,1519,0.1388
41,1468,1509,0.1388
41,1476,1517,0.1388
41,1473,1514,0.1388
42,1468,1510,0.1388
42,1471,1513,0.1388
41,1462,1503,0.1388
40,1475,1515,0.1388
40,1487,1527,0.1388
42,1477,1519,0.1388
43,1486,1529,0.1388
45,1486,1531,0.1388
44,1472,1516,0.1388
42,1476,1518,0.1388
39,1475,1514,0.1388
43,1481,1524,0.1388
44,1469,1513,0.1388
43,1473,1516,0.1388
39,1472,1511,0.1388
40,1474,1514,0.1388
40,1470,1510,0.1388
41,1479,1520,0.1388
41,1471,1512,0.1388
41,1484,1525,0.1388
40,1481,1521,0.1388
41,1471,1512,0.1388
41,1483,1524,0.1388
39,1492,1531,0.1388
39,1495,1534,0.1388
38,1492,1530,0.1388
39,1476,1515,0.1388
38,1486,1524,0.1388
37,1489,1526,0.1388
36,1493,1529,0.1388
38,1479,1517,0.1388
36,1472,1508,0.1388
35,1474,1509,0.1388
37,1474,1511,0.1388
37,1476,1513,0.1388
37,1481,1518,0.1388
38,1488,1526,0.1388
38,1499,1537,0.1388
40,1486,1526,0.1388
41,1479,1520,0.1388
39,1493,1532,0.1388
39,1489,1528,0.1388
41,1482,1523,0.1388
39,1484,1523,0.1388
40,1483,1523,0.1388
38,1480,1518,0.1388
39,1472,1511,0.1388
38,1470,1508,0.1388
37,1484,1521,0.1388
37,1485,1522,0.1388
39,1485,1524,0.1388
37,1485,1522,0.1388
37,1477,1514,0.1388
38,1478,1516,0.1388
36,1493,1529,0.1388
36,1498,1534,0.1388
34,1501,1535,0.1388
35,1504,1539,0.1388
36,1505,1541,0.1388
35,1488,1523,0.1388
35,1493,1528,0.1388
34,1487,1521,0.1388
31,1487,1518,0.1388
32,1497,1529,0.1388
33,1488,1521,0.1388
32,1474,1506,0.1388
33,1478,1511,0.1388
33,1479,1512,0.1388
33,1490,1523,0.1388
32,1496,1528,0.1388
30,1503,1533,0.1388
30,1502,1532,0.1388
30,1492,1522,0.1388
28,1489,1517,0.1388
27,1485,1512,0.1388
29,1490,1519,0.1388
29,1489,1518,0.1388
30,1493,1523,0.1388
31,1488,1519,0.1388
30,1492,1522,0.1388
29,1500,1529,0.1388
31,1498,1529,0.1388
30,1490,1520,0.1388
27,1480,1507,0.1388
28,1490,1518,0.1388
29,1495,1524,0.1388
30,1485,1515,0.1388
30,1479,1509,0.1388
30,1470,1500,0.1388
30,1483,1513,0.1388
32,1475,1507,0.1388
31,1477,1508,0.1388
31,1479,1510,0.1388
31,1489,1520,0.1388
31,1479,1510,0.1388
31,1478,1509,0.1388
29,1467,1496,0.1388
30,1480,1510,0.1388
29,1484,1513,0.1388
29,1495,1524,0.1388
28,1485,1513,0.1388
29,1498,1527,0.1388
29,1486,1515,0.1388
32,1472,1504,0.1388
31,1482,1513,0.1388
30,1490,1520,0.1388
29,1480,1509,0.1388
28,1486,1514,0.1388
29,1486,1515,0.1388
30,1500,1530,0.1388
29,1492,1521,0.1388
29,1490,1519,0.1388
29,1491,1520,0.1388
28,1480,1508,0.1388
29,1479,1508,0.1388
30,1472,1502,0.1388
29,1481,1510,0.1388
29,1473,1502,0.1388
28,1467,1495,0.1388
29,1471,1500,0.1388
27,1478,1505,0.1388
29,1477,1506,0.1388
28,1488,1516,0.1388
29,1485,1514,0.1388
28,1484,1512,0.1388
28,1480,1508,0.1388
28,1487,1515,0.1388
28,1483,1511,0.1388
27,1496,1523,0.1388
27,1496,1523,0.1388
27,1498,1525,0.1388
26,1504,1530,0.1388
27,1498,1525,0.1388
26,1490,1516,0.1388
25,1491,1516,0.1388
26,1489,1515,0.1388
27,1483,1510,0.1388
27,1491,1518,0.1388
27,1498,1525,0.1388
27,1495,1522,0.1388
26,1498,1524,0.1388
26,1502,1528,0.1388
28,1486,1514,0.1388
28,1485,1513,0.1388
28,1496,1524,0.1388
28,1497,1525,0.1388
28,1490,1518,0.1388
28,1496,1524,0.1388
28,1507,1535,0.1388
27,1503,1530,0.1388
27,1507,1534,0.1388
28,1494,1522,0.1388
28,1485,1513,0.1388
29,1486,1515,0.1388
29,1502,1531,0.1388
27,1490,1517,0.1388
27,1503,1530,0.1388
24,1491,1515,0.1388
26,1492,1518,0.1388
26,1492,1518,0.1388
26,1495,1521,0.1388
27,1493,1520,0.1388
29,1488,1517,0.1388
28,1484,1512,0.1388
28,1490,1518,0.1388
29,1496,1525,0.1388
29,1513,1542,0.1388
29,1499,1528,0.1388
27,1497,1524,0.1388
27,1492,1519,0.1388
25,1492,1517,0.1388
24,1494,1518,0.1388
25,1486,1511,0.1388
24,1486,1510,0.1388
24,1483,1507,0.1388
23,1495,1518,0.1388
23,1493,1516,0.1388
23,1495,1518,0.1388
23,1488,1511,0.1388
23,1478,1501,0.1388
23,1496,1519,0.1388
22,1501,1523,0.1388
22,1492,1514,0.1388
23,1489,1512,0.1388
23,1485,1508,0.1388
22,1497,1519,0.1388
22,1502,1524,0.1388
22,1492,1514,0.1388
22,1489,1511,0.1388
21,1495,1516,0.1388
20,1498,1518,0.1388
20,1489,1509,0.1388
20,1485,1505,0.1388
19,1499,1518,0.1388
19,1497,1516,0.1388
21,1500,1521,0.1388
20,1493,1513,0.1388
20,1489,1509,0.1388
20,1493,1513,0.1388
19,1500,1519,0.1388
19,1503,1522,0.1388
18,1494,1512,0.1388
19,1498,1517,0.1388
19,1506,1525,0.1388
19,1503,1522,0.1388
18,1510,1528,0.1388
18,1509,1527,0.1388
19,1502,1521,0.1388
20,1507,1527,0.1388
20,1508,1528,0.1388
20,1500,1520,0.1388
19,1512,1531,0.1388
18,1507,1525,0.1388
19,1506,1525,0.1388
19,1512,1531,0.1388
18,1510,1528,0.1388
19,1503,1522,0.1388
18,1493,1511,0.1388
19,1494,1513,0.1388
19,1501,1520,0.1388
20,1504,1524,0.1388
20,1489,1509,0.1388
21,1507,1528,0.1388
21,1504,1525,0.1388
21,1504,1525,0.1388
20,1508,1528,0.1388
20,1499,1519,0.1388
20,1499,1519,0.1388
20,1491,1511,0.1388
19,1474,1493,0.1388
19,1483,1502,0.1388
19,1496,1515,0.1388
18,1493,1511,0.1388
19,1495,1514,0.1388
18,1493,1511,0.1388
18,1504,1522,0.1388
18,1503,1521,0.1388
18,1497,1515,0.1388
19,1496,1515,0.1388
19,1494,1513,0.1388
19,1493,1512,0.1388
19,1500,1519,0.1388
18,1499,1517,0.1388
18,1500,1518,0.1388
18,1492,1510,0.1388
18,1498,1516,0.1388
18,1490,1508,0.1388
18,1497,1515,0.1388
18,1495,1513,0.1388
18,1477,1495,0.1388
17,1479,1496,0.1388
16,1487,1503,0.1388
17,1482,1499,0.1388
16,1482,1498,0.1388
16,1486,1502,0.1388
17,1503,1520,0.1388
17,1498,1515,0.1388
17,1491,1508,0.1388
17,1501,1518,0.1388
17,1513,1530,0.1388
17,1506,1523,0.1388
17,1505,1522,0.1388
17,1507,1524,0.1388
14,1510,1524,0.1388
15,1501,1516,0.1388
15,1489,1504,0.1388
14,1511,1525,0.1388
15,1522,1537,0.1388
14,1510,1524,0.1388
16,1516,1532,0.1388
16,1510,1526,0.1388
16,1502,1518,0.1388
18,1495,1513,0.1388
18,1507,1525,0.1388
17,1508,1525,0.1388
17,1499,1516,0.1388
17,1501,1518,0.1388
17,1500,1517,0.1388
18,1506,1524,0.1388
17,1513,1530,0.1388
16,1496,1512,0.1388
18,1498,1516,0.1388
19,1503,1522,0.1388
19,1502,1521,0.1388
19,1502,1521,0.1388
19,1507,1526,0.1388
19,1505,1524,0.1388
17,1496,1513,0.1388
19,1504,1523,0.1388
20,1513,1533,0.1388
20,1512,1532,0.1388
19,1509,1528,0.1388
19,1512,1531,0.1388
19,1503,1522,0.1388
18,1510,1528,0.1388
16,1508,1524,0.1388
17,1505,1522,0.1388
17,1499,1516,0.1388
17,1501,1518,0.1388
18,1503,1521,0.1388
17,1495,1512,0.1388
17,1502,1519,0.1388
16,1504,1520,0.1388
14,1509,1523,0.1388
12,1496,1508,0.1388
12,1502,1514,0.1388
11,1503,1514,0.1388
11,1498,1509,0.1388
12,1498,1510,0.1388
11,1491,1502,0.1388
12,1486,1498,0.1388
11,1502,1513,0.1388
11,1512,1523,0.1388
11,1515,1526,0.1388
11,1525,1536,0.1388
11,1502,1513,0.1388
11,1509,1520,0.1388
11,1509,1520,0.1388
11,1507,1518,0.1388
10,1516,1526,0.1388
10,1519,1529,0.1388
10,1510,1520,0.1388
10,1514,1524,0.1388
10,1517,1527,0.1388
9,1523,1532,0.1388
9,1522,1531,0.1388
9,1521,1530,0.1388
11,1519,1530,0.1388
11,1516,1527,0.1388
12,1513,1525,0.1388
12,1500,1512,0.1388
11,1503,1514,0.1388
11,1507,1518,0.1388
10,1508,1518,0.1388
10,1510,1520,0.1388
10,1495,1505,0.1388
10,1492,1502,0.1388
10,1498,1508,0.1388
11,1501,1512,0.1388
11,1504,1515,0.1388
10,1489,1499,0.1388
10,1505,1515,0.1388
9,1506,1515,0.1388
9,1505,1514,0.1388
10,1507,1517,0.1388
10,1502,1512,0.1388
10,1505,1515,0.1388
10,1493,1503,0.1388
10,1501,1511,0.1388
10,1498,1508,0.1388
9,1509,1518,0.1388
9,1504,1513,0.1388
9,1514,1523,0.1388
9,1507,1516,0.1388
9,1508,1517,0.1388
8,1507,1515,0.1388
8,1512,1520,0.1388
9,1520,1529,0.1388
9,1515,1524,0.1388
9,1507,1516,0.1388
9,1512,1521,0.1388
9,1516,1525,0.1388
9,1518,1527,0.1388
8,1507,1515,0.1388
8,1506,1514,0.1388
8,1493,1501,0.1388
8,1499,1507,0.1388
8,1502,1510,0.1388
8,1502,1510,0.1388
8,1496,1504,0.1388
8,1510,1518,0.1388
9,1503,1512,0.1388
9,1506,1515,0.1388
9,1506,1515,0.1388
9,1518,1527,0.1388
9,1516,1525,0.1388
9,1500,1509,0.1388
8,1500,1508,0.1388
8,1491,1499,0.1388
9,1506,1515,0.1388
9,1504,1513,0.1388
9,1507,1516,0.1388
9,1518,1527,0.1388
9,1525,1534,0.1388
8,1508,1516,0.1388
7,1501,1508,0.1388
7,1495,1502,0.1388
7,1497,1504,0.1388
7,1499,1506,0.1388
6,1512,1518,0.1388
7,1499,1506,0.1388
8,1493,1501,0.1388
8,1499,1507,0.1388
7,1487,1494,0.1388
7,1500,1507,0.1388
7,1523,1530,0.1388
8,1518,1526,0.1388
8,1538,1546,0.1388
8,1525,1533,0.1388
7,1510,1517,0.1388
6,1510,1516,0.1388
6,1510,1516,0.1388
7,1510,1517,0.1388
7,1508,1515,0.1388
9,1487,1496,0.1388
10,1484,1494,0.1388
10,1493,1503,0.1388
10,1495,1505,0.1388
10,1502,1512,0.1388
10,1503,1513,0.1388
9,1502,1511,0.1388
10,1498,1508,0.1388
10,1503,1513,0.1388
10,1500,1510,0.1388
9,1491,1500,0.1388
9,1492,1501,0.1388
10,1502,1512,0.1388
10,1504,1514,0.1388
10,1506,1516,0.1388
10,1502,1512,0.1388
10,1503,1513,0.1388
10,1486,1496,0.1388
10,1515,1525,0.1388
10,1506,1516,0.1388
10,1503,1513,0.1388
10,1500,1510,0.1388
10,1501,1511,0.1388
10,1489,1499,0.1388
10,1503,1513,0.1388
10,1506,1516,0.1388
9,1507,1516,0.1388
10,1509,1519,0.1388
10,1501,1511,0.1388
11,1506,1517,0.1388
11,1506,1517,0.1388
11,1514,1525,0.1388
11,1511,1522,0.1388
11,1522,1533,0.1388
10,1522,1532,0.1388
9,1513,1522,0.1388
9,1512,1521,0.1388
10,1500,1510,0.1388
10,1508,1518,0.1388
10,1521,1531,0.1388
10,1509,1519,0.1388
9,1487,1496,0.1388
9,1488,1497,0.1388
10,1502,1512,0.1388
11,1509,1520,0.1388
10,1503,1513,0.1388
10,1507,1517,0.1388
9,1504,1513,0.1388
9,1501,1510,0.1388
9,1525,1534,0.1388
9,1521,1530,0.1388
9,1515,1524,0.1388
8,1518,1526,0.1388
8,1506,1514,0.1388
7,1503,1510,0.1388
7,1509,1516,0.1388
7,1509,1516,0.1388
7,1507,1514,0.1388
8,1512,1520,0.1388
9,1507,1516,0.1388
9,1509,1518,0.1388
9,1521,1530,0.1388
9,1509,1518,0.1388
10,1512,1522,0.1388
10,1498,1508,0.1388
9,1503,1512,0.1388
9,1508,1517,0.1388
9,1515,1524,0.1388
9,1511,1520,0.1388
8,1516,1524,0.1388
7,1520,1527,0.1388
7,1516,1523,0.1388
8,1512,1520,0.1388
8,1514,1522,0.1388
8,1500,1508,0.1388
8,1502,1510,0.1388
8,1504,1512,0.1388
9,1504,1513,0.1388
9,1515,1524,0.1388
9,1505,1514,0.1388
9,1521,1530,0.1388
9,1507,1516,0.1388
10,1507,1517,0.1388
9,1516,1525,0.1388
9,1512,1521,0.1388
9,1506,1515,0.1388
9,1509,1518,0.1388
10,1501,1511,0.1388
10,1497,1507,0.1388
10,1507,1517,0.1388
9,1516,1525,0.1388
9,1504,1513,0.1388
8,1506,1514,0.1388
7,1511,1518,0.1388
7,1502,1509,0.1388
7,1499,1506,0.1388
7,1504,1511,0.1388
7,1513,1520,0.1388
8,1511,1519,0.1388
7,1517,1524,0.1388
8,1509,1517,0.1388
8,1520,1528,0.1388
8,1524,1532,0.1388
7,1516,1523,0.1388
7,1537,1544,0.1388
6,1519,1525,0.1388
6,1515,1521,0.1388
6,1513,1519,0.1388
6,1516,1522,0.1388
7,1507,1514,0.1388
7,1503,1510,0.1388
6,1508,1514,0.1388
6,1510,1516,0.1388
5,1520,1525,0.1388
5,1529,1534,0.1388
4,1528,1532,0.1388
4,1519,1523,0.1388
5,1509,1514,0.1388
5,1525,1530,0.1388
6,1519,1525,0.1388
6,1515,1521,0.1388
6,1512,1518,0.1388
6,1518,1524,0.1388
6,1508,1514,0.1388
6,1515,1521,0.1388
5,1505,1510,0.1388
5,1504,1509,0.1388
5,1514,1519,0.1388
5,1512,1517,0.1388
4,1506,1510,0.1388
4,1511,1515,0.1388
4,1505,1509,0.1388
4,1504,1508,0.1388
4,1511,1515,0.1388
4,1526,1530,0.1388
4,1523,1527,0.1388
4,1519,1523,0.1388
4,1506,1510,0.1388
3,1499,1502,0.1388
3,1502,1505,0.1388
3,1510,1513,0.1388
3,1522,1525,0.1388
3,1521,1524,0.1388
3,1513,1516,0.1388
3,1529,1532,0.1388
3,1537,1540,0.1388
3,1526,1529,0.1388
3,1524,1527,0.1388
4,1512,1516,0.1388
3,1509,1512,0.1388
3,1519,1522,0.1388
3,1514,1517,0.1388
4,1511,1515,0.1388
4,1515,1519,0.1388
4,1517,1521,0.1388
4,1507,1511,0.1388
4,1499,1503,0.1388
4,1507,1511,0.1388
4,1508,1512,0.1388
4,1512,1516,0.1388
4,1508,1512,0.1388
4,1516,1520,0.1388
4,1508,1512,0.1388
4,1516,1520,0.1388
4,1509,1513,0.1388
4,1510,1514,0.1388
3,1526,1529,0.1388
3,1530,1533,0.1388
3,1513,1516,0.1388
3,1517,1520,0.1388
3,1513,1516,0.1388
3,1522,1525,0.1388
3,1521,1524,0.1388
3,1502,1505,0.1388
3,1515,1518,0.1388
3,1515,1518,0.1388
3,1520,1523,0.1388
3,1516,1519,0.1388
3,1517,1520,0.1388
3,1513,1516,0.1388
3,1512,1515,0.1388
3,1504,1507,0.1388
3,1503,1506,0.1388
3,1512,1515,0.1388
4,1518,1522,0.1388
4,1513,1517,0.1388
4,1508,1512,0.1388
3,1501,1504,0.1388
3,1497,1500,0.1388
3,1493,1496,0.1388
3,1505,1508,0.1388
3,1512,1515,0.1388
3,1509,1512,0.1388
3,1512,1515,0.1388
3,1516,1519,0.1388
3,1518,1521,0.1388
2,1511,1513,0.1388
2,1514,1516,0.1388
2,1510,1512,0.1388
2,1523,1525,0.1388
3,1526,1529,0.1388
2,1521,1523,0.1388
2,1515,1517,0.1388
2,1515,1517,0.1388
2,1506,1508,0.1388
2,1505,1507,0.1388
2,1506,1508,0.1388
2,1505,1507,0.1388
2,1501,1503,0.1388
2,1505,1507,0.1388
2,1507,1509,0.1388
2,1514,1516,0.1388
2,1519,1521,0.1388
1,1519,1520,0.1388
0,1528,1528,0.1388
