1367,27,1394,0.1388
1397,28,1425,0.1388
1407,29,1436,0.1388
1429,32,1461,0.1388
1442,31,1473,0.1388
1456,32,1488,0.1388
1456,34,1490,0.1388
1466,35,1501,0.1388
1459,35,1494,0.1388
1449,35,1484,0.1388
1447,33,1480,0.1388
1456,34,1490,0.1388
1451,35,1486,0.1388
1441,35,1476,0.1388
1450,34,1484,0.1388
1454,35,1489,0.1388
1447,36,1483,0.1388
1442,32,1474,0.1388
1436,33,1469,0.1388
1427,33,1460,0.1388
1437,33,1470,0.1388
1453,32,1485,0.1388
1442,32,1474,0.1388
1461,34,1495,0.1388
1471,33,1504,0.1388
1465,33,1498,0.1388
1462,32,1494,0.1388
1464,34,1498,0.1388
1459,35,1494,0.1388
1473,35,1508,0.1388
1473,35,1508,0.1388
1464,36,1500,0.1388
1454,37,1491,0.1388
1454,36,1490,0.1388
1458,36,1494,0.1388
1452,37,1489,0.1388
1435,37,1472,0.1388
1441,38,1479,0.1388
1443,38,1481,0.1388
1454,37,1491,0.1388
1448,40,1488,0.1388
1441,40,1481,0.1388
1440,40,1480,0.1388
1452,39,1491,0.1388
1465,41,1506,0.1388
1474,42,1516,0.1388
1473,43,1516,0.1388
1460,43,1503,0.1388
1459,42,1501,0.1388
1444,44,1488,0.1388
1455,45,1500,0.1388
1441,52,1493,0.1388
1430,53,1483,0.1388
1412,53,1465,0.1388
1421,55,1476,0.1388
1425,55,1480,0.1388
1437,52,1489,0.1388
1423,54,1477,0.1388
1434,54,1488,0.1388
1451,58,1509,0.1388
1446,56,1502,0.1388
1445,54,1499,0.1388
1439,53,1492,0.1388
1444,54,1498,0.1388
1438,56,1494,0.1388
1450,55,1505,0.1388
1440,54,1494,0.1388
1432,54,1486,0.1388
1433,56,1489,0.1388
1443,53,1496,0.1388
1441,51,1492,0.1388
1435,52,1487,0.1388
1435,52,1487,0.1388
1442,53,1495,0.1388
1447,52,1499,0.1388
1445,54,1499,0.1388
1447,53,1500,0.1388
1443,55,1498,0.1388
1447,57,1504,0.1388
1443,54,1497,0.1388
1432,55,1487,0.1388
1427,56,1483,0.1388
1421,57,1478,0.1388
1438,59,1497,0.1388
1420,60,1480,0.1388
1425,60,1485,0.1388
1426,61,1487,0.1388
1416,61,1477,0.1388
1417,61,1478,0.1388
1421,63,1484,0.1388
1415,62,1477,0.1388
1442,64,1506,0.1388
1448,64,1512,0.1388
1435,65,1500,0.1388
1430,66,1496,0.1388
1427,66,1493,0.1388
1424,68,1492,0.1388
1422,67,1489,0.1388
1422,68,1490,0.1388
1430,68,1498,0.1388
1416,69,1485,0.1388
1431,67,1498,0.1388
1424,67,1491,0.1388
1418,69,1487,0.1388
1418,69,1487,0.1388
1426,69,1495,0.1388
1422,71,1493,0.1388
1429,69,1498,0.1388
1431,69,1500,0.1388
1434,67,1501,0.1388
1424,64,1488,0.1388
1419,65,1484,0.1388
1414,68,1482,0.1388
1417,67,1484,0.1388
1413,69,1482,0.1388
1413,69,1482,0.1388
1412,69,1481,0.1388
1412,71,1483,0.1388
1412,71,1483,0.1388
1420,68,1488,0.1388
1424,66,1490,0.1388
1440,68,1508,0.1388
1441,69,1510,0.1388
1434,72,1506,0.1388
1436,72,1508,0.1388
1434,72,1506,0.1388
1436,73,1509,0.1388
1429,74,1503,0.1388
1431,72,1503,0.1388
1427,72,1499,0.1388
1421,69,1490,0.1388
1414,70,1484,0.1388
1410,72,1482,0.1388
1420,72,1492,0.1388
1421,66,1487,0.1388
1428,67,1495,0.1388
1428,72,1500,0.1388
1430,71,1501,0.1388
1429,66,1495,0.1388
1415,67,1482,0.1388
1412,66,1478,0.1388
1419,66,1485,0.1388
1412,68,1480,0.1388
1413,71,1484,0.1388
1415,67,1482,0.1388
1413,70,1483,0.1388
1421,69,1490,0.1388
1426,69,1495,0.1388
1428,66,1494,0.1388
1424,63,1487,0.1388
1423,68,1491,0.1388
1421,70,1491,0.1388
1421,71,1492,0.1388
1407,72,1479,0.1388
1416,76,1492,0.1388
1423,74,1497,0.1388
1425,74,1499,0.1388
1426,76,1502,0.1388
1416,79,1495,0.1388
1408,80,1488,0.1388
1408,81,1489,0.1388
1390,85,1475,0.1388
1395,81,1476,0.1388
1414,81,1495,0.1388
1418,82,1500,0.1388
1426,81,1507,0.1388
1416,81,1497,0.1388
1425,80,1505,0.1388
1423,79,1502,0.1388
1419,78,1497,0.1388
1426,77,1503,0.1388
1400,76,1476,0.1388
1397,77,1474,0.1388
1414,75,1489,0.1388
1403,75,1478,0.1388
1390,80,1470,0.1388
1388,83,1471,0.1388
1390,85,1475,0.1388
1381,88,1469,0.1388
1380,86,1466,0.1388
1401,89,1490,0.1388
1399,88,1487,0.1388
1405,86,1491,0.1388
1403,84,1487,0.1388
1414,89,1503,0.1388
1403,88,1491,0.1388
1398,88,1486,0.1388
1398,89,1487,0.1388
1394,94,1488,0.1388
1409,97,1506,0.1388
1411,100,1511,0.1388
1403,105,1508,0.1388
1389,104,1493,0.1388
1409,105,1514,0.1388
1387,102,1489,0.1388
1401,100,1501,0.1388
1405,100,1505,0.1388
1405,103,1508,0.1388
1395,107,1502,0.1388
1379,108,1487,0.1388
1360,107,1467,0.1388
1362,111,1473,0.1388
1375,115,1490,0.1388
1367,111,1478,0.1388
1381,113,1494,0.1388
1384,114,1498,0.1388
1393,112,1505,0.1388
1384,111,1495,0.1388
1385,108,1493,0.1388
1375,107,1482,0.1388
1374,107,1481,0.1388
1366,109,1475,0.1388
1365,112,1477,0.1388
1371,113,1484,0.1388
1362,115,1477,0.1388
1359,117,1476,0.1388
1355,115,1470,0.1388
1361,115,1476,0.1388
1362,115,1477,0.1388
1362,114,1476,0.1388
1367,119,1486,0.1388
1374,117,1491,0.1388
1367,115,1482,0.1388
1360,119,1479,0.1388
1349,116,1465,0.1388
1371,115,1486,0.1388
1383,115,1498,0.1388
1384,117,1501,0.1388
1381,120,1501,0.1388
1372,122,1494,0.1388
1371,124,1495,0.1388
1366,124,1490,0.1388
1362,123,1485,0.1388
1378,123,1501,0.1388
1373,126,1499,0.1388
1371,126,1497,0.1388
1361,126,1487,0.1388
1363,131,1494,0.1388
1343,129,1472,0.1388
1359,128,1487,0.1388
1361,131,1492,0.1388
1366,133,1499,0.1388
1362,130,1492,0.1388
1370,128,1498,0.1388
1358,131,1489,0.1388
1372,132,1504,0.1388
1365,137,1502,0.1388
1352,136,1488,0.1388
1359,139,1498,0.1388
1355,138,1493,0.1388
1354,142,1496,0.1388
1346,133,1479,0.1388
1335,136,1471,0.1388
1329,138,1467,0.1388
1335,133,1468,0.1388
1325,134,1459,0.1388
1331,137,1468,0.1388
1340,137,1477,0.1388
1357,138,1495,0.1388
1359,138,1497,0.1388
1353,137,1490,0.1388
1349,141,1490,0.1388
1338,144,1482,0.1388
1344,138,1482,0.1388
1345,140,1485,0.1388
1350,141,1491,0.1388
1360,145,1505,0.1388
1367,143,1510,0.1388
1358,141,1499,0.1388
1359,146,1505,0.1388
1365,146,1511,0.1388
1350,144,1494,0.1388
1346,147,1493,0.1388
1353,150,1503,0.1388
1345,148,1493,0.1388
1340,151,1491,0.1388
1346,152,1498,0.1388
1349,149,1498,0.1388
1347,151,1498,0.1388
1350,153,1503,0.1388
1358,154,1512,0.1388
1362,155,1517,0.1388
1353,151,1504,0.1388
1348,158,1506,0.1388
1367,157,1524,0.1388
1362,158,1520,0.1388
1357,160,1517,0.1388
1354,159,1513,0.1388
1349,162,1511,0.1388
1349,163,1512,0.1388
1346,166,1512,0.1388
1333,169,1502,0.1388
1332,163,1495,0.1388
1329,165,1494,0.1388
1327,167,1494,0.1388
1317,167,1484,0.1388
1328,165,1493,0.1388
1339,166,1505,0.1388
1345,166,1511,0.1388
1349,162,1511,0.1388
1344,159,1503,0.1388
1336,160,1496,0.1388
1327,162,1489,0.1388
1329,161,1490,0.1388
1319,165,1484,0.1388
1325,167,1492,0.1388
1332,165,1497,0.1388
1320,166,1486,0.1388
1315,169,1484,0.1388
1315,170,1485,0.1388
1323,173,1496,0.1388
1319,174,1493,0.1388
1312,171,1483,0.1388
1311,169,1480,0.1388
1314,172,1486,0.1388
1304,173,1477,0.1388
1320,177,1497,0.1388
1315,174,1489,0.1388
1312,178,1490,0.1388
1316,180,1496,0.1388
1315,174,1489,0.1388
1303,178,1481,0.1388
1309,176,1485,0.1388
1303,178,1481,0.1388
1312,180,1492,0.1388
1314,181,1495,0.1388
1295,183,1478,0.1388
1288,187,1475,0.1388
1299,186,1485,0.1388
1315,190,1505,0.1388
1292,189,1481,0.1388
1308,189,1497,0.1388
1307,188,1495,0.1388
1298,186,1484,0.1388
1293,184,1477,0.1388
1299,182,1481,0.1388
1299,186,1485,0.1388
1294,186,1480,0.1388
1294,190,1484,0.1388
1297,188,1485,0.1388
1290,187,1477,0.1388
1292,188,1480,0.1388
1300,183,1483,0.1388
1291,189,1480,0.1388
1296,184,1480,0.1388
1298,178,1476,0.1388
1315,176,1491,0.1388
1312,179,1491,0.1388
1312,183,1495,0.1388
1319,185,1504,0.1388
1319,181,1500,0.1388
1321,183,1504,0.1388
1317,183,1500,0.1388
1317,182,1499,0.1388
1312,182,1494,0.1388
1316,192,1508,0.1388
1306,196,1502,0.1388
1299,202,1501,0.1388
1297,201,1498,0.1388
1296,207,1503,0.1388
1294,210,1504,0.1388
1293,216,1509,0.1388
1292,218,1510,0.1388
1287,221,1508,0.1388
1284,222,1506,0.1388
1291,219,1510,0.1388
1271,218,1489,0.1388
1269,213,1482,0.1388
1276,214,1490,0.1388
1285,213,1498,0.1388
1275,215,1490,0.1388
1263,218,1481,0.1388
1258,220,1478,0.1388
1259,225,1484,0.1388
1260,229,1489,0.1388
1266,225,1491,0.1388
1278,227,1505,0.1388
1265,226,1491,0.1388
1268,224,1492,0.1388
1269,227,1496,0.1388
1265,229,1494,0.1388
1262,227,1489,0.1388
1264,227,1491,0.1388
1257,227,1484,0.1388
1249,232,1481,0.1388
1248,226,1474,0.1388
1232,239,1471,0.1388
1244,240,1484,0.1388
1247,241,1488,0.1388
1235,245,1480,0.1388
1247,244,1491,0.1388
1257,247,1504,0.1388
1266,242,1508,0.1388
1262,242,1504,0.1388
1263,244,1507,0.1388
1263,249,1512,0.1388
1265,244,1509,0.1388
1271,243,1514,0.1388
1263,244,1507,0.1388
1259,249,1508,0.1388
1260,247,1507,0.1388
1261,242,1503,0.1388
1264,242,1506,0.1388
1250,253,1503,0.1388
1257,249,1506,0.1388
1265,248,1513,0.1388
1258,248,1506,0.1388
1256,247,1503,0.1388
1255,245,1500,0.1388
1251,247,1498,0.1388
1249,253,1502,0.1388
1253,243,1496,0.1388
1246,245,1491,0.1388
1239,251,1490,0.1388
1244,254,1498,0.1388
1257,258,1515,0.1388
1255,252,1507,0.1388
1259,248,1507,0.1388
1253,250,1503,0.1388
1253,246,1499,0.1388
1257,249,1506,0.1388
1256,249,1505,0.1388
1257,247,1504,0.1388
1245,239,1484,0.1388
1245,247,1492,0.1388
1243,248,1491,0.1388
1241,247,1488,0.1388
1240,251,1491,0.1388
1228,260,1488,0.1388
1230,263,1493,0.1388
1228,258,1486,0.1388
1240,248,1488,0.1388
1235,252,1487,0.1388
1236,257,1493,0.1388
1239,257,1496,0.1388
1236,253,1489,0.1388
1240,260,1500,0.1388
1237,257,1494,0.1388
1245,258,1503,0.1388
1249,257,1506,0.1388
1245,258,1503,0.1388
1241,259,1500,0.1388
1225,257,1482,0.1388
1225,265,1490,0.1388
1244,265,1509,0.1388
1240,269,1509,0.1388
1240,270,1510,0.1388
1239,267,1506,0.1388
1236,260,1496,0.1388
1231,258,1489,0.1388
1239,263,1502,0.1388
1241,263,1504,0.1388
1239,265,1504,0.1388
1243,265,1508,0.1388
1229,269,1498,0.1388
1243,264,1507,0.1388
1237,267,1504,0.1388
1246,266,1512,0.1388
1244,262,1506,0.1388
1254,262,1516,0.1388
1247,259,1506,0.1388
1256,255,1511,0.1388
1260,257,1517,0.1388
1247,262,1509,0.1388
1256,263,1519,0.1388
1256,259,1515,0.1388
1246,260,1506,0.1388
1248,266,1514,0.1388
1245,264,1509,0.1388
1250,264,1514,0.1388
1252,264,1516,0.1388
1243,263,1506,0.1388
1235,262,1497,0.1388
1229,266,1495,0.1388
1236,269,1505,0.1388
1232,266,1498,0.1388
1222,268,1490,0.1388
1219,270,1489,0.1388
1228,264,1492,0.1388
1241,266,1507,0.1388
1229,265,1494,0.1388
1221,267,1488,0.1388
1236,272,1508,0.1388
1239,270,1509,0.1388
1237,272,1509,0.1388
1245,273,1518,0.1388
1247,272,1519,0.1388
1240,272,1512,0.1388
1234,266,1500,0.1388
1223,264,1487,0.1388
1228,265,1493,0.1388
1231,263,1494,0.1388
1228,265,1493,0.1388
1224,271,1495,0.1388
1231,268,1499,0.1388
1230,270,1500,0.1388
1233,274,1507,0.1388
1230,271,1501,0.1388
1220,273,1493,0.1388
1227,275,1502,0.1388
1231,279,1510,0.1388
1223,282,1505,0.1388
1215,277,1492,0.1388
1224,273,1497,0.1388
1221,277,1498,0.1388
1217,280,1497,0.1388
1211,282,1493,0.1388
1210,280,1490,0.1388
1217,281,1498,0.1388
1216,285,1501,0.1388
1221,283,1504,0.1388
1216,286,1502,0.1388
1207,288,1495,0.1388
1209,288,1497,0.1388
1203,288,1491,0.1388
1206,284,1490,0.1388
1200,279,1479,0.1388
1203,282,1485,0.1388
1219,281,1500,0.1388
1221,278,1499,0.1388
1230,278,1508,0.1388
1231,281,1512,0.1388
1226,278,1504,0.1388
1227,285,1512,0.1388
1230,281,1511,0.1388
1237,284,1521,0.1388
1234,279,1513,0.1388
1237,279,1516,0.1388
1230,273,1503,0.1388
1237,276,1513,0.1388
1231,287,1518,0.1388
1220,284,1504,0.1388
1226,283,1509,0.1388
1224,283,1507,0.1388
1214,283,1497,0.1388
1207,292,1499,0.1388
1208,295,1503,0.1388
1212,298,1510,0.1388
1216,296,1512,0.1388
1206,295,1501,0.1388
1201,298,1499,0.1388
1199,300,1499,0.1388
1203,309,1512,0.1388
1195,301,1496,0.1388
1191,304,1495,0.1388
1192,305,1497,0.1388
1181,304,1485,0.1388
1176,303,1479,0.1388
1182,304,1486,0.1388
1181,311,1492,0.1388
1164,310,1474,0.1388
1180,306,1486,0.1388
1185,303,1488,0.1388
1200,306,1506,0.1388
1198,309,1507,0.1388
1197,307,1504,0.1388
1204,305,1509,0.1388
1200,305,1505,0.1388
1194,306,1500,0.1388
1197,307,1504,0.1388
1197,310,1507,0.1388
1192,312,1504,0.1388
1181,307,1488,0.1388
1177,308,1485,0.1388
1187,313,1500,0.1388
1177,312,1489,0.1388
1182,315,1497,0.1388
1187,318,1505,0.1388
1184,320,1504,0.1388
1184,315,1499,0.1388
1182,316,1498,0.1388
1179,318,1497,0.1388
1162,321,1483,0.1388
1166,319,1485,0.1388
1171,318,1489,0.1388
1168,321,1489,0.1388
1176,325,1501,0.1388
1171,323,1494,0.1388
1169,314,1483,0.1388
1184,324,1508,0.1388
1174,323,1497,0.1388
1170,331,1501,0.1388
1163,339,1502,0.1388
1157,344,1501,0.1388
1155,339,1494,0.1388
1173,341,1514,0.1388
1165,342,1507,0.1388
1165,339,1504,0.1388
1172,333,1505,0.1388
1163,327,1490,0.1388
1162,328,1490,0.1388
1161,338,1499,0.1388
1172,339,1511,0.1388
1154,329,1483,0.1388
1146,335,1481,0.1388
1152,342,1494,0.1388
1149,343,1492,0.1388
1160,345,1505,0.1388
1162,340,1502,0.1388
1160,341,1501,0.1388
1160,342,1502,0.1388
1159,348,1507,0.1388
1152,346,1498,0.1388
1144,351,1495,0.1388
1134,347,1481,0.1388
1150,350,1500,0.1388
1155,353,1508,0.1388
1148,352,1500,0.1388
1140,349,1489,0.1388
1142,353,1495,0.1388
1153,355,1508,0.1388
1147,367,1514,0.1388
1153,359,1512,0.1388
1158,357,1515,0.1388
1164,356,1520,0.1388
1151,359,1510,0.1388
1150,360,1510,0.1388
1145,365,1510,0.1388
1146,361,1507,0.1388
1154,361,1515,0.1388
1139,365,1504,0.1388
1133,361,1494,0.1388
1135,357,1492,0.1388
1142,353,1495,0.1388
1146,360,1506,0.1388
1151,356,1507,0.1388
1149,358,1507,0.1388
1149,351,1500,0.1388
1158,357,1515,0.1388
1150,355,1505,0.1388
1150,354,1504,0.1388
1152,359,1511,0.1388
1152,364,1516,0.1388
1149,361,1510,0.1388
1148,362,1510,0.1388
1135,368,1503,0.1388
1141,371,1512,0.1388
1134,373,1507,0.1388
1135,366,1501,0.1388
1130,370,1500,0.1388
1139,362,1501,0.1388
1141,370,1511,0.1388
1140,370,1510,0.1388
1129,378,1507,0.1388
1123,379,1502,0.1388
1125,380,1505,0.1388
1124,383,1507,0.1388
1113,391,1504,0.1388
1099,391,1490,0.1388
1118,393,1511,0.1388
1094,384,1478,0.1388
1095,390,1485,0.1388
1104,390,1494,0.1388
1110,397,1507,0.1388
1103,400,1503,0.1388
1092,408,1500,0.1388
1095,395,1490,0.1388
1092,393,1485,0.1388
1102,385,1487,0.1388
1099,384,1483,0.1388
1103,380,1483,0.1388
1103,386,1489,0.1388
1101,386,1487,0.1388
1095,383,1478,0.1388
1092,387,1479,0.1388
1093,383,1476,0.1388
1095,383,1478,0.1388
1108,376,1484,0.1388
1118,381,1499,0.1388
1140,385,1525,0.1388
1128,383,1511,0.1388
1124,384,1508,0.1388
1120,384,1504,0.1388
1120,384,1504,0.1388
1124,381,1505,0.1388
1117,381,1498,0.1388
1120,378,1498,0.1388
1112,392,1504,0.1388
1103,390,1493,0.1388
1105,394,1499,0.1388
1105,397,1502,0.1388
1107,401,1508,0.1388
1098,396,1494,0.1388
1087,395,1482,0.1388
1096,396,1492,0.1388
1111,403,1514,0.1388
1107,401,1508,0.1388
1102,401,1503,0.1388
1098,407,1505,0.1388
1090,412,1502,0.1388
1098,405,1503,0.1388
1094,401,1495,0.1388
1093,406,1499,0.1388
1101,409,1510,0.1388
1087,404,1491,0.1388
1084,399,1483,0.1388
1081,403,1484,0.1388
1102,403,1505,0.1388
1102,402,1504,0.1388
1106,395,1501,0.1388
1103,403,1506,0.1388
1095,405,1500,0.1388
1085,408,1493,0.1388
1078,401,1479,0.1388
1078,407,1485,0.1388
1085,407,1492,0.1388
1091,413,1504,0.1388
1091,423,1514,0.1388
1090,419,1509,0.1388
1090,422,1512,0.1388
1088,421,1509,0.1388
1088,418,1506,0.1388
1084,419,1503,0.1388
1083,418,1501,0.1388
1072,420,1492,0.1388
1067,415,1482,0.1388
1077,419,1496,0.1388
1073,423,1496,0.1388
1072,434,1506,0.1388
1083,430,1513,0.1388
1081,428,1509,0.1388
1076,431,1507,0.1388
1070,429,1499,0.1388
1062,436,1498,0.1388
1061,440,1501,0.1388
1061,447,1508,0.1388
1054,442,1496,0.1388
1060,443,1503,0.1388
1062,437,1499,0.1388
1061,434,1495,0.1388
1064,437,1501,0.1388
1059,435,1494,0.1388
1060,437,1497,0.1388
1069,436,1505,0.1388
1069,442,1511,0.1388
1070,448,1518,0.1388
1075,449,1524,0.1388
1072,439,1511,0.1388
1062,443,1505,0.1388
1072,437,1509,0.1388
1075,433,1508,0.1388
1054,426,1480,0.1388
1045,431,1476,0.1388
1060,434,1494,0.1388
1052,433,1485,0.1388
1054,434,1488,0.1388
1065,434,1499,0.1388
1072,438,1510,0.1388
1068,438,1506,0.1388
1059,440,1499,0.1388
1049,438,1487,0.1388
1039,451,1490,0.1388
1040,452,1492,0.1388
1050,460,1510,0.1388
1057,457,1514,0.1388
1045,457,1502,0.1388
1042,462,1504,0.1388
1046,458,1504,0.1388
1054,453,1507,0.1388
1044,457,1501,0.1388
1042,456,1498,0.1388
1035,456,1491,0.1388
1032,455,1487,0.1388
1049,455,1504,0.1388
1045,458,1503,0.1388
1045,459,1504,0.1388
1040,454,1494,0.1388
1038,459,1497,0.1388
1034,466,1500,0.1388
1033,467,1500,0.1388
1033,472,1505,0.1388
1035,469,1504,0.1388
1037,471,1508,0.1388
1033,476,1509,0.1388
1029,469,1498,0.1388
1036,474,1510,0.1388
1033,478,1511,0.1388
1024,481,1505,0.1388
1018,482,1500,0.1388
1016,483,1499,0.1388
1016,485,1501,0.1388
1021,475,1496,0.1388
1025,477,1502,0.1388
1020,478,1498,0.1388
1019,479,1498,0.1388
1017,478,1495,0.1388
1015,484,1499,0.1388
1024,481,1505,0.1388
1014,489,1503,0.1388
1016,498,1514,0.1388
1009,500,1509,0.1388
1006,503,1509,0.1388
1000,504,1504,0.1388
1003,499,1502,0.1388
1003,502,1505,0.1388
1000,510,1510,0.1388
1005,507,1512,0.1388
1005,509,1514,0.1388
1006,509,1515,0.1388
999,512,1511,0.1388
992,501,1493,0.1388
986,499,1485,0.1388
989,504,1493,0.1388
986,512,1498,0.1388
988,515,1503,0.1388
989,521,1510,0.1388
989,512,1501,0.1388
986,508,1494,0.1388
997,510,1507,0.1388
993,510,1503,0.1388
1003,515,1518,0.1388
996,514,1510,0.1388
997,511,1508,0.1388
996,514,1510,0.1388
990,518,1508,0.1388
989,526,1515,0.1388
982,522,1504,0.1388
988,513,1501,0.1388
996,517,1513,0.1388
988,521,1509,0.1388
989,523,1512,0.1388
989,522,1511,0.1388
984,530,1514,0.1388
973,530,1503,0.1388
981,527,1508,0.1388
980,525,1505,0.1388
970,526,1496,0.1388
967,525,1492,0.1388
964,529,1493,0.1388
962,519,1481,0.1388
971,528,1499,0.1388
969,530,1499,0.1388
964,524,1488,0.1388
973,525,1498,0.1388
972,524,1496,0.1388
962,522,1484,0.1388
958,526,1484,0.1388
960,533,1493,0.1388
969,531,1500,0.1388
975,532,1507,0.1388
980,528,1508,0.1388
983,530,1513,0.1388
994,528,1522,0.1388
986,536,1522,0.1388
985,531,1516,0.1388
981,533,1514,0.1388
975,533,1508,0.1388
973,537,1510,0.1388
972,536,1508,0.1388
967,546,1513,0.1388
968,547,1515,0.1388
957,545,1502,0.1388
957,547,1504,0.1388
948,548,1496,0.1388
952,554,1506,0.1388
954,552,1506,0.1388
943,556,1499,0.1388
949,563,1512,0.1388
950,558,1508,0.1388
955,564,1519,0.1388
939,568,1507,0.1388
935,571,1506,0.1388
921,572,1493,0.1388
922,569,1491,0.1388
927,560,1487,0.1388
917,557,1474,0.1388
907,551,1458,0.1388
907,554,1461,0.1388
917,561,1478,0.1388
922,562,1484,0.1388
911,573,1484,0.1388
921,570,1491,0.1388
923,571,1494,0.1388
927,568,1495,0.1388
929,580,1509,0.1388
928,585,1513,0.1388
927,584,1511,0.1388
917,584,1501,0.1388
903,587,1490,0.1388
908,585,1493,0.1388
904,584,1488,0.1388
906,588,1494,0.1388
907,584,1491,0.1388
905,583,1488,0.1388
905,588,1493,0.1388
896,592,1488,0.1388
898,591,1489,0.1388
903,601,1504,0.1388
893,597,1490,0.1388
903,601,1504,0.1388
907,599,1506,0.1388
908,598,1506,0.1388
895,590,1485,0.1388
905,594,1499,0.1388
902,599,1501,0.1388
908,594,1502,0.1388
901,606,1507,0.1388
898,611,1509,0.1388
893,612,1505,0.1388
878,616,1494,0.1388
883,613,1496,0.1388
887,613,1500,0.1388
890,608,1498,0.1388
880,610,1490,0.1388
875,617,1492,0.1388
872,624,1496,0.1388
883,631,1514,0.1388
891,633,1524,0.1388
889,631,1520,0.1388
879,619,1498,0.1388
884,617,1501,0.1388
887,623,1510,0.1388
889,628,1517,0.1388
890,620,1510,0.1388
892,627,1519,0.1388
886,622,1508,0.1388
884,617,1501,0.1388
882,623,1505,0.1388
869,631,1500,0.1388
869,631,1500,0.1388
857,631,1488,0.1388
855,632,1487,0.1388
849,636,1485,0.1388
849,635,1484,0.1388
849,638,1487,0.1388
854,635,1489,0.1388
860,645,1505,0.1388
862,657,1519,0.1388
863,658,1521,0.1388
857,661,1518,0.1388
850,659,1509,0.1388
848,655,1503,0.1388
841,663,1504,0.1388
830,665,1495,0.1388
832,667,1499,0.1388
833,668,1501,0.1388
828,671,1499,0.1388
821,676,1497,0.1388
823,674,1497,0.1388
823,671,1494,0.1388
821,668,1489,0.1388
813,682,1495,0.1388
819,685,1504,0.1388
819,692,1511,0.1388
819,692,1511,0.1388
828,691,1519,0.1388
827,688,1515,0.1388
831,690,1521,0.1388
821,687,1508,0.1388
813,694,1507,0.1388
818,693,1511,0.1388
816,690,1506,0.1388
817,688,1505,0.1388
820,695,1515,0.1388
819,689,1508,0.1388
817,689,1506,0.1388
815,697,1512,0.1388
807,691,1498,0.1388
809,695,1504,0.1388
812,699,1511,0.1388
802,702,1504,0.1388
799,705,1504,0.1388
799,710,1509,0.1388
807,699,1506,0.1388
794,701,1495,0.1388
796,702,1498,0.1388
797,699,1496,0.1388
794,706,1500,0.1388
789,713,1502,0.1388
786,706,1492,0.1388
783,702,1485,0.1388
779,698,1477,0.1388
780,710,1490,0.1388
772,718,1490,0.1388
778,731,1509,0.1388
783,735,1518,0.1388
773,733,1506,0.1388
779,736,1515,0.1388
768,746,1514,0.1388
766,750,1516,0.1388
780,747,1527,0.1388
782,743,1525,0.1388
780,746,1526,0.1388
767,738,1505,0.1388
758,737,1495,0.1388
761,738,1499,0.1388
765,748,1513,0.1388
768,739,1507,0.1388
762,746,1508,0.1388
763,754,1517,0.1388
764,750,1514,0.1388
751,744,1495,0.1388
750,747,1497,0.1388
753,756,1509,0.1388
748,759,1507,0.1388
750,754,1504,0.1388
745,764,1509,0.1388
746,753,1499,0.1388
745,757,1502,0.1388
750,764,1514,0.1388
755,770,1525,0.1388
759,766,1525,0.1388
754,764,1518,0.1388
750,763,1513,0.1388
750,755,1505,0.1388
742,750,1492,0.1388
751,759,1510,0.1388
749,766,1515,0.1388
750,767,1517,0.1388
732,760,1492,0.1388
734,757,1491,0.1388
731,751,1482,0.1388
741,744,1485,0.1388
741,743,1484,0.1388
737,751,1488,0.1388
738,758,1496,0.1388
729,767,1496,0.1388
743,763,1506,0.1388
736,757,1493,0.1388
733,756,1489,0.1388
728,756,1484,0.1388
727,761,1488,0.1388
727,766,1493,0.1388
735,766,1501,0.1388
727,770,1497,0.1388
733,778,1511,0.1388
733,777,1510,0.1388
726,780,1506,0.1388
724,778,1502,0.1388
721,786,1507,0.1388
725,788,1513,0.1388
717,793,1510,0.1388
726,789,1515,0.1388
730,778,1508,0.1388
729,784,1513,0.1388
732,789,1521,0.1388
722,790,1512,0.1388
730,774,1504,0.1388
736,762,1498,0.1388
734,778,1512,0.1388
737,768,1505,0.1388
733,770,1503,0.1388
740,779,1519,0.1388
733,782,1515,0.1388
735,778,1513,0.1388
730,780,1510,0.1388
738,778,1516,0.1388
734,765,1499,0.1388
729,775,1504,0.1388
733,782,1515,0.1388
732,780,1512,0.1388
736,780,1516,0.1388
730,770,1500,0.1388
735,763,1498,0.1388
735,770,1505,0.1388
740,783,1523,0.1388
733,786,1519,0.1388
741,784,1525,0.1388
731,783,1514,0.1388
728,793,1521,0.1388
721,791,1512,0.1388
726,798,1524,0.1388
725,790,1515,0.1388
731,785,1516,0.1388
718,791,1509,0.1388
706,792,1498,0.1388
697,789,1486,0.1388
695,795,1490,0.1388
695,798,1493,0.1388
704,800,1504,0.1388
700,804,1504,0.1388
694,806,1500,0.1388
697,808,1505,0.1388
699,814,1513,0.1388
702,796,1498,0.1388
703,804,1507,0.1388
707,800,1507,0.1388
714,805,1519,0.1388
717,799,1516,0.1388
719,800,1519,0.1388
716,806,1522,0.1388
711,810,1521,0.1388
706,811,1517,0.1388
705,807,1512,0.1388
697,798,1495,0.1388
698,805,1503,0.1388
698,816,1514,0.1388
692,815,1507,0.1388
695,813,1508,0.1388
691,808,1499,0.1388
691,816,1507,0.1388
685,818,1503,0.1388
685,821,1506,0.1388
672,819,1491,0.1388
673,821,1494,0.1388
683,817,1500,0.1388
683,822,1505,0.1388
676,816,1492,0.1388
690,812,1502,0.1388
692,819,1511,0.1388
688,820,1508,0.1388
681,817,1498,0.1388
679,822,1501,0.1388
683,829,1512,0.1388
683,820,1503,0.1388
674,827,1501,0.1388
678,839,1517,0.1388
679,836,1515,0.1388
669,833,1502,0.1388
673,835,1508,0.1388
671,831,1502,0.1388
685,835,1520,0.1388
686,835,1521,0.1388
679,830,1509,0.1388
676,833,1509,0.1388
677,841,1518,0.1388
672,835,1507,0.1388
671,840,1511,0.1388
665,844,1509,0.1388
673,844,1517,0.1388
673,839,1512,0.1388
675,839,1514,0.1388
671,843,1514,0.1388
681,838,1519,0.1388
679,833,1512,0.1388
673,831,1504,0.1388
666,840,1506,0.1388
672,841,1513,0.1388
674,829,1503,0.1388
676,836,1512,0.1388
679,821,1500,0.1388
677,819,1496,0.1388
671,831,1502,0.1388
677,825,1502,0.1388
684,832,1516,0.1388
678,824,1502,0.1388
681,822,1503,0.1388
676,827,1503,0.1388
668,832,1500,0.1388
667,838,1505,0.1388
662,847,1509,0.1388
662,851,1513,0.1388
665,842,1507,0.1388
650,830,1480,0.1388
652,840,1492,0.1388
653,846,1499,0.1388
656,853,1509,0.1388
658,861,1519,0.1388
651,864,1515,0.1388
644,853,1497,0.1388
645,858,1503,0.1388
638,860,1498,0.1388
635,860,1495,0.1388
641,855,1496,0.1388
639,876,1515,0.1388
631,867,1498,0.1388
626,869,1495,0.1388
628,874,1502,0.1388
627,870,1497,0.1388
627,872,1499,0.1388
631,880,1511,0.1388
625,875,1500,0.1388
624,871,1495,0.1388
629,882,1511,0.1388
633,872,1505,0.1388
625,869,1494,0.1388
640,864,1504,0.1388
633,874,1507,0.1388
627,884,1511,0.1388
641,884,1525,0.1388
641,876,1517,0.1388
643,875,1518,0.1388
638,880,1518,0.1388
641,877,1518,0.1388
635,873,1508,0.1388
635,879,1514,0.1388
638,879,1517,0.1388
631,879,1510,0.1388
638,885,1523,0.1388
636,879,1515,0.1388
631,882,1513,0.1388
632,887,1519,0.1388
634,879,1513,0.1388
623,876,1499,0.1388
619,876,1495,0.1388
615,886,1501,0.1388
603,885,1488,0.1388
604,892,1496,0.1388
611,896,1507,0.1388
609,884,1493,0.1388
613,872,1485,0.1388
615,877,1492,0.1388
610,879,1489,0.1388
614,877,1491,0.1388
619,882,1501,0.1388
620,880,1500,0.1388
620,885,1505,0.1388
620,888,1508,0.1388
616,889,1505,0.1388
609,901,1510,0.1388
610,898,1508,0.1388
610,906,1516,0.1388
609,911,1520,0.1388
616,912,1528,0.1388
616,911,1527,0.1388
607,912,1519,0.1388
604,910,1514,0.1388
599,906,1505,0.1388
600,893,1493,0.1388
603,895,1498,0.1388
608,917,1525,0.1388
601,917,1518,0.1388
597,911,1508,0.1388
606,906,1512,0.1388
600,909,1509,0.1388
600,911,1511,0.1388
599,914,1513,0.1388
603,910,1513,0.1388
603,905,1508,0.1388
602,896,1498,0.1388
599,902,1501,0.1388
589,907,1496,0.1388
590,908,1498,0.1388
595,899,1494,0.1388
596,897,1493,0.1388
583,906,1489,0.1388
586,911,1497,0.1388
589,915,1504,0.1388
589,914,1503,0.1388
583,917,1500,0.1388
590,910,1500,0.1388
591,914,1505,0.1388
601,910,1511,0.1388
607,904,1511,0.1388
602,911,1513,0.1388
592,923,1515,0.1388
596,931,1527,0.1388
596,932,1528,0.1388
598,925,1523,0.1388
589,914,1503,0.1388
586,923,1509,0.1388
592,918,1510,0.1388
594,918,1512,0.1388
591,924,1515,0.1388
590,915,1505,0.1388
589,907,1496,0.1388
590,910,1500,0.1388
595,918,1513,0.1388
596,927,1523,0.1388
597,921,1518,0.1388
598,916,1514,0.1388
592,929,1521,0.1388
587,937,1524,0.1388
589,932,1521,0.1388
589,925,1514,0.1388
582,927,1509,0.1388
585,931,1516,0.1388
584,923,1507,0.1388
586,917,1503,0.1388
590,925,1515,0.1388
591,930,1521,0.1388
589,934,1523,0.1388
585,934,1519,0.1388
580,931,1511,0.1388
573,928,1501,0.1388
569,929,1498,0.1388
573,923,1496,0.1388
570,930,1500,0.1388
569,939,1508,0.1388
570,943,1513,0.1388
578,944,1522,0.1388
575,947,1522,0.1388
571,948,1519,0.1388
567,952,1519,0.1388
564,953,1517,0.1388
567,945,1512,0.1388
570,941,1511,0.1388
564,945,1509,0.1388
561,942,1503,0.1388
561,934,1495,0.1388
558,936,1494,0.1388
565,934,1499,0.1388
563,933,1496,0.1388
572,925,1497,0.1388
566,934,1500,0.1388
564,943,1507,0.1388
562,941,1503,0.1388
561,947,1508,0.1388
570,946,1516,0.1388
562,950,1512,0.1388
561,949,1510,0.1388
562,943,1505,0.1388
562,938,1500,0.1388
568,951,1519,0.1388
566,948,1514,0.1388
568,946,1514,0.1388
560,951,1511,0.1388
559,949,1508,0.1388
563,948,1511,0.1388
556,958,1514,0.1388
554,956,1510,0.1388
559,953,1512,0.1388
556,957,1513,0.1388
557,953,1510,0.1388
554,961,1515,0.1388
551,948,1499,0.1388
545,960,1505,0.1388
545,964,1509,0.1388
547,959,1506,0.1388
545,964,1509,0.1388
544,959,1503,0.1388
558,954,1512,0.1388
554,953,1507,0.1388
549,953,1502,0.1388
557,957,1514,0.1388
547,970,1517,0.1388
552,965,1517,0.1388
558,959,1517,0.1388
553,955,1508,0.1388
548,949,1497,0.1388
544,945,1489,0.1388
538,949,1487,0.1388
540,968,1508,0.1388
542,980,1522,0.1388
536,971,1507,0.1388
526,959,1485,0.1388
521,975,1496,0.1388
533,974,1507,0.1388
518,983,1501,0.1388
526,981,1507,0.1388
524,971,1495,0.1388
517,975,1492,0.1388
525,987,1512,0.1388
525,983,1508,0.1388
514,982,1496,0.1388
521,997,1518,0.1388
516,979,1495,0.1388
508,989,1497,0.1388
505,974,1479,0.1388
500,981,1481,0.1388
502,992,1494,0.1388
515,992,1507,0.1388
521,990,1511,0.1388
519,993,1512,0.1388
508,997,1505,0.1388
513,997,1510,0.1388
506,999,1505,0.1388
508,1005,1513,0.1388
508,1002,1510,0.1388
505,995,1500,0.1388
497,993,1490,0.1388
500,1005,1505,0.1388
503,1002,1505,0.1388
500,1006,1506,0.1388
499,1009,1508,0.1388
494,1013,1507,0.1388
493,1017,1510,0.1388
495,1021,1516,0.1388
492,1023,1515,0.1388
486,1032,1518,0.1388
488,1015,1503,0.1388
484,1025,1509,0.1388
479,1030,1509,0.1388
482,1024,1506,0.1388
482,1042,1524,0.1388
477,1043,1520,0.1388
475,1034,1509,0.1388
470,1046,1516,0.1388
464,1048,1512,0.1388
457,1047,1504,0.1388
445,1050,1495,0.1388
457,1026,1483,0.1388
457,1045,1502,0.1388
456,1052,1508,0.1388
457,1053,1510,0.1388
450,1052,1502,0.1388
455,1055,1510,0.1388
452,1049,1501,0.1388
449,1053,1502,0.1388
455,1044,1499,0.1388
452,1047,1499,0.1388
451,1048,1499,0.1388
458,1043,1501,0.1388
455,1052,1507,0.1388
443,1053,1496,0.1388
444,1055,1499,0.1388
446,1047,1493,0.1388
441,1047,1488,0.1388
443,1047,1490,0.1388
448,1055,1503,0.1388
443,1053,1496,0.1388
441,1049,1490,0.1388
439,1061,1500,0.1388
439,1068,1507,0.1388
441,1064,1505,0.1388
448,1067,1515,0.1388
445,1060,1505,0.1388
439,1067,1506,0.1388
431,1056,1487,0.1388
431,1059,1490,0.1388
438,1072,1510,0.1388
435,1062,1497,0.1388
438,1061,1499,0.1388
435,1074,1509,0.1388
428,1070,1498,0.1388
420,1078,1498,0.1388
419,1088,1507,0.1388
416,1076,1492,0.1388
420,1079,1499,0.1388
423,1075,1498,0.1388
423,1071,1494,0.1388
418,1082,1500,0.1388
414,1075,1489,0.1388
412,1083,1495,0.1388
418,1093,1511,0.1388
416,1093,1509,0.1388
424,1089,1513,0.1388
421,1095,1516,0.1388
420,1091,1511,0.1388
415,1085,1500,0.1388
413,1084,1497,0.1388
415,1089,1504,0.1388
415,1100,1515,0.1388
413,1096,1509,0.1388
421,1096,1517,0.1388
413,1087,1500,0.1388
414,1093,1507,0.1388
411,1105,1516,0.1388
409,1110,1519,0.1388
399,1110,1509,0.1388
396,1109,1505,0.1388
392,1116,1508,0.1388
392,1124,1516,0.1388
395,1114,1509,0.1388
391,1105,1496,0.1388
388,1116,1504,0.1388
384,1128,1512,0.1388
394,1121,1515,0.1388
385,1125,1510,0.1388
387,1129,1516,0.1388
389,1123,1512,0.1388
391,1128,1519,0.1388
386,1125,1511,0.1388
384,1111,1495,0.1388
380,1131,1511,0.1388
379,1132,1511,0.1388
386,1126,1512,0.1388
381,1128,1509,0.1388
383,1132,1515,0.1388
379,1138,1517,0.1388
383,1139,1522,0.1388
387,1133,1520,0.1388
383,1125,1508,0.1388
378,1130,1508,0.1388
379,1130,1509,0.1388
381,1143,1524,0.1388
373,1139,1512,0.1388
376,1135,1511,0.1388
372,1132,1504,0.1388
369,1142,1511,0.1388
374,1141,1515,0.1388
377,1138,1515,0.1388
371,1148,1519,0.1388
360,1146,1506,0.1388
359,1160,1519,0.1388
357,1155,1512,0.1388
363,1147,1510,0.1388
364,1148,1512,0.1388
369,1144,1513,0.1388
369,1139,1508,0.1388
370,1149,1519,0.1388
368,1152,1520,0.1388
372,1142,1514,0.1388
370,1149,1519,0.1388
372,1152,1524,0.1388
370,1134,1504,0.1388
373,1154,1527,0.1388
373,1146,1519,0.1388
368,1144,1512,0.1388
370,1138,1508,0.1388
374,1144,1518,0.1388
371,1145,1516,0.1388
376,1148,1524,0.1388
375,1142,1517,0.1388
374,1149,1523,0.1388
378,1157,1535,0.1388
374,1162,1536,0.1388
373,1150,1523,0.1388
375,1136,1511,0.1388
377,1146,1523,0.1388
375,1156,1531,0.1388
374,1160,1534,0.1388
369,1159,1528,0.1388
360,1166,1526,0.1388
354,1153,1507,0.1388
359,1163,1522,0.1388
352,1158,1510,0.1388
354,1156,1510,0.1388
351,1149,1500,0.1388
353,1153,1506,0.1388
353,1173,1526,0.1388
355,1168,1523,0.1388
353,1162,1515,0.1388
356,1159,1515,0.1388
359,1173,1532,0.1388
360,1179,1539,0.1388
355,1184,1539,0.1388
353,1168,1521,0.1388
356,1169,1525,0.1388
352,1162,1514,0.1388
350,1155,1505,0.1388
350,1165,1515,0.1388
351,1170,1521,0.1388
354,1171,1525,0.1388
357,1166,1523,0.1388
353,1161,1514,0.1388
348,1158,1506,0.1388
346,1154,1500,0.1388
343,1156,1499,0.1388
337,1163,1500,0.1388
338,1172,1510,0.1388
327,1172,1499,0.1388
334,1177,1511,0.1388
334,1185,1519,0.1388
332,1189,1521,0.1388
334,1195,1529,0.1388
334,1186,1520,0.1388
341,1181,1522,0.1388
338,1173,1511,0.1388
338,1178,1516,0.1388
341,1175,1516,0.1388
346,1164,1510,0.1388
346,1162,1508,0.1388
350,1174,1524,0.1388
347,1176,1523,0.1388
348,1174,1522,0.1388
353,1167,1520,0.1388
352,1167,1519,0.1388
356,1167,1523,0.1388
353,1167,1520,0.1388
349,1169,1518,0.1388
345,1159,1504,0.1388
345,1163,1508,0.1388
341,1163,1504,0.1388
343,1172,1515,0.1388
348,1166,1514,0.1388
341,1171,1512,0.1388
342,1174,1516,0.1388
339,1178,1517,0.1388
339,1170,1509,0.1388
347,1167,1514,0.1388
350,1155,1505,0.1388
342,1157,1499,0.1388
339,1152,1491,0.1388
335,1168,1503,0.1388
332,1172,1504,0.1388
334,1165,1499,0.1388
334,1177,1511,0.1388
334,1173,1507,0.1388
330,1176,1506,0.1388
338,1185,1523,0.1388
339,1179,1518,0.1388
339,1168,1507,0.1388
337,1184,1521,0.1388
335,1182,1517,0.1388
335,1182,1517,0.1388
326,1178,1504,0.1388
325,1189,1514,0.1388
324,1193,1517,0.1388
319,1184,1503,0.1388
318,1192,1510,0.1388
313,1193,1506,0.1388
315,1187,1502,0.1388
320,1185,1505,0.1388
316,1207,1523,0.1388
320,1208,1528,0.1388
319,1210,1529,0.1388
317,1205,1522,0.1388
312,1204,1516,0.1388
314,1216,1530,0.1388
310,1216,1526,0.1388
311,1213,1524,0.1388
306,1211,1517,0.1388
308,1220,1528,0.1388
308,1216,1524,0.1388
304,1217,1521,0.1388
309,1218,1527,0.1388
306,1215,1521,0.1388
310,1213,1523,0.1388
309,1216,1525,0.1388
309,1205,1514,0.1388
310,1206,1516,0.1388
311,1204,1515,0.1388
306,1207,1513,0.1388
304,1217,1521,0.1388
303,1219,1522,0.1388
307,1220,1527,0.1388
304,1220,1524,0.1388
311,1213,1524,0.1388
308,1228,1536,0.1388
308,1224,1532,0.1388
306,1226,1532,0.1388
304,1228,1532,0.1388
308,1225,1533,0.1388
307,1221,1528,0.1388
305,1211,1516,0.1388
308,1215,1523,0.1388
304,1216,1520,0.1388
304,1215,1519,0.1388
305,1218,1523,0.1388
304,1227,1531,0.1388
303,1213,1516,0.1388
297,1212,1509,0.1388
301,1199,1500,0.1388
301,1197,1498,0.1388
305,1200,1505,0.1388
302,1216,1518,0.1388
302,1211,1513,0.1388
302,1219,1521,0.1388
295,1224,1519,0.1388
293,1226,1519,0.1388
296,1216,1512,0.1388
294,1218,1512,0.1388
297,1214,1511,0.1388
290,1219,1509,0.1388
293,1212,1505,0.1388
286,1217,1503,0.1388
283,1216,1499,0.1388
290,1229,1519,0.1388
290,1233,1523,0.1388
292,1241,1533,0.1388
292,1236,1528,0.1388
293,1226,1519,0.1388
292,1223,1515,0.1388
296,1219,1515,0.1388
289,1231,1520,0.1388
287,1232,1519,0.1388
285,1222,1507,0.1388
288,1229,1517,0.1388
282,1228,1510,0.1388
279,1234,1513,0.1388
275,1239,1514,0.1388
274,1241,1515,0.1388
270,1233,1503,0.1388
271,1238,1509,0.1388
275,1240,1515,0.1388
280,1231,1511,0.1388
278,1229,1507,0.1388
279,1237,1516,0.1388
285,1232,1517,0.1388
282,1232,1514,0.1388
282,1229,1511,0.1388
274,1231,1505,0.1388
279,1233,1512,0.1388
277,1233,1510,0.1388
283,1238,1521,0.1388
288,1234,1522,0.1388
289,1230,1519,0.1388
283,1228,1511,0.1388
285,1219,1504,0.1388
281,1230,1511,0.1388
280,1236,1516,0.1388
269,1236,1505,0.1388
266,1232,1498,0.1388
271,1236,1507,0.1388
270,1247,1517,0.1388
268,1250,1518,0.1388
264,1239,1503,0.1388
261,1248,1509,0.1388
259,1243,1502,0.1388
260,1248,1508,0.1388
267,1249,1516,0.1388
267,1242,1509,0.1388
264,1242,1506,0.1388
265,1248,1513,0.1388
265,1252,1517,0.1388
265,1249,1514,0.1388
259,1261,1520,0.1388
264,1256,1520,0.1388
262,1263,1525,0.1388
259,1256,1515,0.1388
259,1247,1506,0.1388
253,1254,1507,0.1388
251,1253,1504,0.1388
245,1252,1497,0.1388
245,1264,1509,0.1388
241,1257,1498,0.1388
239,1257,1496,0.1388
241,1276,1517,0.1388
241,1286,1527,0.1388
238,1288,1526,0.1388
234,1273,1507,0.1388
237,1272,1509,0.1388
236,1268,1504,0.1388
235,1283,1518,0.1388
238,1289,1527,0.1388
236,1282,1518,0.1388
235,1282,1517,0.1388
236,1272,1508,0.1388
235,1271,1506,0.1388
235,1284,1519,0.1388
233,1291,1524,0.1388
225,1286,1511,0.1388
230,1278,1508,0.1388
230,1269,1499,0.1388
231,1279,1510,0.1388
230,1270,1500,0.1388
230,1280,1510,0.1388
228,1283,1511,0.1388
227,1281,1508,0.1388
230,1283,1513,0.1388
229,1283,1512,0.1388
229,1290,1519,0.1388
227,1282,1509,0.1388
227,1283,1510,0.1388
221,1285,1506,0.1388
221,1287,1508,0.1388
218,1262,1480,0.1388
222,1279,1501,0.1388
223,1281,1504,0.1388
225,1278,1503,0.1388
222,1286,1508,0.1388
222,1280,1502,0.1388
226,1282,1508,0.1388
219,1284,1503,0.1388
223,1292,1515,0.1388
226,1293,1519,0.1388
223,1292,1515,0.1388
225,1301,1526,0.1388
224,1293,1517,0.1388
223,1305,1528,0.1388
223,1313,1536,0.1388
222,1307,1529,0.1388
218,1307,1525,0.1388
215,1304,1519,0.1388
215,1295,1510,0.1388
219,1301,1520,0.1388
217,1295,1512,0.1388
219,1301,1520,0.1388
217,1316,1533,0.1388
218,1299,1517,0.1388
222,1294,1516,0.1388
223,1298,1521,0.1388
227,1300,1527,0.1388
222,1305,1527,0.1388
219,1295,1514,0.1388
220,1295,1515,0.1388
220,1297,1517,0.1388
224,1296,1520,0.1388
225,1296,1521,0.1388
221,1305,1526,0.1388
217,1301,1518,0.1388
213,1302,1515,0.1388
213,1302,1515,0.1388
215,1309,1524,0.1388
211,1308,1519,0.1388
210,1298,1508,0.1388
212,1304,1516,0.1388
208,1303,1511,0.1388
211,1308,1519,0.1388
205,1316,1521,0.1388
202,1312,1514,0.1388
199,1313,1512,0.1388
199,1315,1514,0.1388
193,1332,1525,0.1388
189,1329,1518,0.1388
187,1330,1517,0.1388
186,1330,1516,0.1388
187,1337,1524,0.1388
183,1326,1509,0.1388
189,1329,1518,0.1388
185,1332,1517,0.1388
182,1335,1517,0.1388
176,1329,1505,0.1388
174,1334,1508,0.1388
176,1337,1513,0.1388
175,1337,1512,0.1388
174,1338,1512,0.1388
174,1336,1510,0.1388
177,1336,1513,0.1388
180,1344,1524,0.1388
180,1338,1518,0.1388
182,1330,1512,0.1388
180,1329,1509,0.1388
178,1333,1511,0.1388
180,1331,1511,0.1388
182,1328,1510,0.1388
182,1319,1501,0.1388
180,1312,1492,0.1388
182,1318,1500,0.1388
177,1328,1505,0.1388
178,1332,1510,0.1388
176,1338,1514,0.1388
176,1331,1507,0.1388
181,1338,1519,0.1388
179,1336,1515,0.1388
175,1339,1514,0.1388
178,1351,1529,0.1388
174,1348,1522,0.1388
173,1351,1524,0.1388
167,1345,1512,0.1388
168,1345,1513,0.1388
169,1339,1508,0.1388
168,1341,1509,0.1388
171,1350,1521,0.1388
172,1359,1531,0.1388
171,1363,1534,0.1388
169,1354,1523,0.1388
170,1347,1517,0.1388
170,1331,1501,0.1388
168,1349,1517,0.1388
166,1351,1517,0.1388
168,1358,1526,0.1388
166,1360,1526,0.1388
168,1369,1537,0.1388
170,1368,1538,0.1388
165,1352,1517,0.1388
169,1351,1520,0.1388
170,1345,1515,0.1388
172,1348,1520,0.1388
173,1338,1511,0.1388
169,1340,1509,0.1388
167,1333,1500,0.1388
172,1338,1510,0.1388
169,1348,1517,0.1388
169,1347,1516,0.1388
164,1334,1498,0.1388
169,1342,1511,0.1388
173,1349,1522,0.1388
172,1342,1514,0.1388
171,1338,1509,0.1388
166,1354,1520,0.1388
162,1353,1515,0.1388
162,1349,1511,0.1388
160,1340,1500,0.1388
164,1344,1508,0.1388
168,1334,1502,0.1388
167,1343,1510,0.1388
168,1358,1526,0.1388
168,1350,1518,0.1388
169,1332,1501,0.1388
168,1332,1500,0.1388
171,1345,1516,0.1388
171,1348,1519,0.1388
176,1351,1527,0.1388
174,1341,1515,0.1388
175,1338,1513,0.1388
175,1337,1512,0.1388
178,1349,1527,0.1388
171,1351,1522,0.1388
166,1345,1511,0.1388
164,1336,1500,0.1388
166,1352,1518,0.1388
164,1342,1506,0.1388
161,1347,1508,0.1388
162,1340,1502,0.1388
158,1348,1506,0.1388
158,1349,1507,0.1388
159,1355,1514,0.1388
161,1333,1494,0.1388
159,1350,1509,0.1388
158,1357,1515,0.1388
155,1354,1509,0.1388
152,1372,1524,0.1388
148,1366,1514,0.1388
150,1361,1511,0.1388
149,1354,1503,0.1388
151,1350,1501,0.1388
154,1351,1505,0.1388
155,1364,1519,0.1388
155,1363,1518,0.1388
151,1361,1512,0.1388
150,1360,1510,0.1388
148,1354,1502,0.1388
145,1361,1506,0.1388
148,1363,1511,0.1388
149,1351,1500,0.1388
147,1358,1505,0.1388
150,1358,1508,0.1388
145,1363,1508,0.1388
149,1353,1502,0.1388
149,1367,1516,0.1388
150,1358,1508,0.1388
146,1357,1503,0.1388
145,1357,1502,0.1388
151,1360,1511,0.1388
152,1362,1514,0.1388
151,1366,1517,0.1388
152,1379,1531,0.1388
149,1368,1517,0.1388
150,1348,1498,0.1388
149,1358,1507,0.1388
146,1369,1515,0.1388
141,1351,1492,0.1388
139,1369,1508,0.1388
140,1376,1516,0.1388
144,1372,1516,0.1388
140,1377,1517,0.1388
142,1377,1519,0.1388
145,1380,1525,0.1388
145,1378,1523,0.1388
143,1385,1528,0.1388
141,1378,1519,0.1388
140,1377,1517,0.1388
138,1374,1512,0.1388
137,1369,1506,0.1388
132,1360,1492,0.1388
133,1367,1500,0.1388
131,1367,1498,0.1388
135,1373,1508,0.1388
138,1370,1508,0.1388
137,1364,1501,0.1388
138,1368,1506,0.1388
133,1362,1495,0.1388
131,1367,1498,0.1388
133,1378,1511,0.1388
130,1384,1514,0.1388
128,1384,1512,0.1388
128,1388,1516,0.1388
127,1390,1517,0.1388
126,1385,1511,0.1388
121,1388,1509,0.1388
126,1383,1509,0.1388
126,1384,1510,0.1388
122,1381,1503,0.1388
124,1388,1512,0.1388
123,1395,1518,0.1388
126,1390,1516,0.1388
126,1383,1509,0.1388
126,1381,1507,0.1388
119,1390,1509,0.1388
122,1393,1515,0.1388
119,1392,1511,0.1388
113,1384,1497,0.1388
116,1375,1491,0.1388
114,1386,1500,0.1388
116,1384,1500,0.1388
113,1383,1496,0.1388
114,1395,1509,0.1388
115,1395,1510,0.1388
117,1395,1512,0.1388
117,1387,1504,0.1388
117,1392,1509,0.1388
114,1393,1507,0.1388
115,1399,1514,0.1388
121,1397,1518,0.1388
122,1385,1507,0.1388
121,1381,1502,0.1388
117,1389,1506,0.1388
122,1400,1522,0.1388
123,1403,1526,0.1388
122,1400,1522,0.1388
124,1393,1517,0.1388
120,1394,1514,0.1388
122,1403,1525,0.1388
121,1399,1520,0.1388
118,1398,1516,0.1388
118,1399,1517,0.1388
120,1398,1518,0.1388
121,1401,1522,0.1388
117,1413,1530,0.1388
118,1406,1524,0.1388
115,1404,1519,0.1388
107,1408,1515,0.1388
111,1407,1518,0.1388
111,1414,1525,0.1388
112,1404,1516,0.1388
111,1398,1509,0.1388
107,1406,1513,0.1388
108,1407,1515,0.1388
107,1391,1498,0.1388
110,1403,1513,0.1388
110,1402,1512,0.1388
110,1411,1521,0.1388
109,1404,1513,0.1388
110,1401,1511,0.1388
109,1407,1516,0.1388
110,1409,1519,0.1388
106,1407,1513,0.1388
110,1421,1531,0.1388
110,1416,1526,0.1388
110,1410,1520,0.1388
108,1407,1515,0.1388
110,1418,1528,0.1388
108,1411,1519,0.1388
109,1421,1530,0.1388
109,1418,1527,0.1388
109,1418,1527,0.1388
109,1404,1513,0.1388
106,1408,1514,0.1388
105,1416,1521,0.1388
107,1416,1523,0.1388
106,1404,1510,0.1388
110,1401,1511,0.1388
108,1394,1502,0.1388
109,1400,1509,0.1388
107,1410,1517,0.1388
109,1405,1514,0.1388
108,1402,1510,0.1388
105,1412,1517,0.1388
102,1415,1517,0.1388
99,1422,1521,0.1388
101,1424,1525,0.1388
96,1421,1517,0.1388
93,1422,1515,0.1388
94,1423,1517,0.1388
98,1425,1523,0.1388
101,1427,1528,0.1388
103,1432,1535,0.1388
104,1412,1516,0.1388
108,1412,1520,0.1388
104,1402,1506,0.1388
103,1421,1524,0.1388
105,1422,1527,0.1388
104,1419,1523,0.1388
105,1408,1513,0.1388
101,1402,1503,0.1388
100,1409,1509,0.1388
100,1401,1501,0.1388
100,1407,1507,0.1388
101,1410,1511,0.1388
101,1417,1518,0.1388
103,1420,1523,0.1388
102,1419,1521,0.1388
101,1431,1532,0.1388
101,1429,1530,0.1388
99,1427,1526,0.1388
99,1419,1518,0.1388
101,1421,1522,0.1388
101,1426,1527,0.1388
100,1404,1504,0.1388
99,1399,1498,0.1388
96,1413,1509,0.1388
94,1417,1511,0.1388
95,1417,1512,0.1388
95,1423,1518,0.1388
95,1415,1510,0.1388
96,1417,1513,0.1388
99,1414,1513,0.1388
99,1420,1519,0.1388
101,1416,1517,0.1388
94,1414,1508,0.1388
93,1423,1516,0.1388
92,1420,1512,0.1388
91,1424,1515,0.1388
90,1428,1518,0.1388
88,1429,1517,0.1388
86,1422,1508,0.1388
86,1414,1500,0.1388
88,1425,1513,0.1388
88,1422,1510,0.1388
85,1418,1503,0.1388
89,1419,1508,0.1388
91,1429,1520,0.1388
89,1417,1506,0.1388
87,1422,1509,0.1388
86,1424,1510,0.1388
84,1421,1505,0.1388
82,1426,1508,0.1388
84,1427,1511,0.1388
83,1424,1507,0.1388
81,1421,1502,0.1388
83,1440,1523,0.1388
81,1436,1517,0.1388
82,1436,1518,0.1388
82,1416,1498,0.1388
82,1427,1509,0.1388
82,1432,1514,0.1388
83,1432,1515,0.1388
78,1443,1521,0.1388
81,1444,1525,0.1388
80,1432,1512,0.1388
80,1431,1511,0.1388
80,1435,1515,0.1388
83,1436,1519,0.1388
82,1427,1509,0.1388
80,1415,1495,0.1388
78,1413,1491,0.1388
76,1426,1502,0.1388
73,1429,1502,0.1388
73,1430,1503,0.1388
74,1442,1516,0.1388
72,1436,1508,0.1388
74,1443,1517,0.1388
78,1449,1527,0.1388
77,1437,1514,0.1388
81,1436,1517,0.1388
81,1443,1524,0.1388
79,1442,1521,0.1388
77,1454,1531,0.1388
75,1444,1519,0.1388
77,1452,1529,0.1388
76,1437,1513,0.1388
75,1446,1521,0.1388
76,1451,1527,0.1388
76,1437,1513,0.1388
76,1443,1519,0.1388
78,1435,1513,0.1388
78,1421,1499,0.1388
79,1421,1500,0.1388
77,1433,1510,0.1388
74,1444,1518,0.1388
76,1443,1519,0.1388
76,1438,1514,0.1388
78,1431,1509,0.1388
75,1438,1513,0.1388
75,1443,1518,0.1388
79,1436,1515,0.1388
76,1435,1511,0.1388
73,1442,1515,0.1388
73,1441,1514,0.1388
73,1443,1516,0.1388
72,1425,1497,0.1388
74,1423,1497,0.1388
74,1438,1512,0.1388
69,1445,1514,0.1388
70,1444,1514,0.1388
69,1444,1513,0.1388
72,1455,1527,0.1388
74,1450,1524,0.1388
74,1441,1515,0.1388
75,1454,1529,0.1388
76,1445,1521,0.1388
73,1451,1524,0.1388
74,1444,1518,0.1388
72,1439,1511,0.1388
73,1436,1509,0.1388
70,1432,1502,0.1388
71,1445,1516,0.1388
70,1430,1500,0.1388
70,1450,1520,0.1388
71,1440,1511,0.1388
71,1448,1519,0.1388
69,1438,1507,0.1388
67,1431,1498,0.1388
67,1417,1484,0.1388
69,1433,1502,0.1388
70,1444,1514,0.1388
71,1443,1514,0.1388
70,1444,1514,0.1388
72,1450,1522,0.1388
70,1443,1513,0.1388
69,1448,1517,0.1388
71,1435,1506,0.1388
74,1447,1521,0.1388
73,1453,1526,0.1388
70,1440,1510,0.1388
72,1446,1518,0.1388
71,1457,1528,0.1388
70,1461,1531,0.1388
66,1466,1532,0.1388
67,1449,1516,0.1388
67,1437,1504,0.1388
65,1419,1484,0.1388
66,1423,1489,0.1388
64,1436,1500,0.1388
60,1442,1502,0.1388
61,1447,1508,0.1388
63,1458,1521,0.1388
63,1451,1514,0.1388
64,1442,1506,0.1388
63,1449,1512,0.1388
62,1453,1515,0.1388
64,1458,1522,0.1388
64,1457,1521,0.1388
65,1456,1521,0.1388
64,1453,1517,0.1388
61,1459,1520,0.1388
61,1462,1523,0.1388
58,1476,1534,0.1388
58,1473,1531,0.1388
56,1480,1536,0.1388
58,1470,1528,0.1388
58,1465,1523,0.1388
58,1475,1533,0.1388
59,1472,1531,0.1388
57,1464,1521,0.1388
56,1464,1520,0.1388
55,1461,1516,0.1388
54,1472,1526,0.1388
55,1475,1530,0.1388
54,1466,1520,0.1388
54,1461,1515,0.1388
57,1456,1513,0.1388
56,1458,1514,0.1388
54,1452,1506,0.1388
51,1448,1499,0.1388
53,1449,1502,0.1388
52,1468,1520,0.1388
56,1459,1515,0.1388
59,1468,1527,0.1388
60,1462,1522,0.1388
60,1463,1523,0.1388
58,1448,1506,0.1388
61,1436,1497,0.1388
60,1432,1492,0.1388
65,1456,1521,0.1388
66,1452,1518,0.1388
66,1451,1517,0.1388
67,1446,1513,0.1388
67,1447,1514,0.1388
66,1454,1520,0.1388
64,1456,1520,0.1388
64,1457,1521,0.1388
65,1456,1521,0.1388
64,1449,1513,0.1388
64,1447,1511,0.1388
62,1448,1510,0.1388
62,1447,1509,0.1388
64,1450,1514,0.1388
64,1457,1521,0.1388
66,1460,1526,0.1388
64,1460,1524,0.1388
65,1459,1524,0.1388
66,1459,1525,0.1388
66,1450,1516,0.1388
66,1444,1510,0.1388
64,1447,1511,0.1388
65,1443,1508,0.1388
66,1447,1513,0.1388
65,1447,1512,0.1388
60,1448,1508,0.1388
60,1446,1506,0.1388
62,1460,1522,0.1388
63,1452,1515,0.1388
63,1448,1511,0.1388
64,1455,1519,0.1388
66,1437,1503,0.1388
71,1442,1513,0.1388
71,1448,1519,0.1388
74,1450,1524,0.1388
72,1448,1520,0.1388
74,1444,1518,0.1388
72,1451,1523,0.1388
70,1455,1525,0.1388
69,1445,1514,0.1388
70,1435,1505,0.1388
73,1434,1507,0.1388
75,1436,1511,0.1388
76,1443,1519,0.1388
78,1431,1509,0.1388
78,1436,1514,0.1388
77,1436,1513,0.1388
72,1431,1503,0.1388
74,1435,1509,0.1388
75,1442,1517,0.1388
76,1439,1515,0.1388
79,1446,1525,0.1388
76,1446,1522,0.1388
75,1434,1509,0.1388
79,1437,1516,0.1388
78,1433,1511,0.1388
79,1445,1524,0.1388
76,1446,1522,0.1388
74,1453,1527,0.1388
74,1447,1521,0.1388
74,1438,1512,0.1388
77,1439,1516,0.1388
77,1429,1506,0.1388
76,1453,1529,0.1388
76,1454,1530,0.1388
78,1452,1530,0.1388
80,1436,1516,0.1388
79,1436,1515,0.1388
77,1449,1526,0.1388
77,1443,1520,0.1388
76,1454,1530,0.1388
75,1451,1526,0.1388
75,1447,1522,0.1388
72,1442,1514,0.1388
70,1443,1513,0.1388
68,1445,1513,0.1388
69,1429,1498,0.1388
65,1435,1500,0.1388
67,1441,1508,0.1388
67,1438,1505,0.1388
68,1434,1502,0.1388
69,1442,1511,0.1388
68,1453,1521,0.1388
68,1447,1515,0.1388
69,1444,1513,0.1388
69,1453,1522,0.1388
68,1460,1528,0.1388
72,1449,1521,0.1388
70,1460,1530,0.1388
71,1456,1527,0.1388
70,1452,1522,0.1388
71,1459,1530,0.1388
67,1452,1519,0.1388
66,1461,1527,0.1388
66,1471,1537,0.1388
66,1468,1534,0.1388
65,1463,1528,0.1388
64,1460,1524,0.1388
63,1464,1527,0.1388
59,1463,1522,0.1388
55,1448,1503,0.1388
56,1456,1512,0.1388
55,1441,1496,0.1388
55,1448,1503,0.1388
58,1454,1512,0.1388
60,1458,1518,0.1388
58,1446,1504,0.1388
56,1446,1502,0.1388
54,1447,1501,0.1388
54,1443,1497,0.1388
53,1451,1504,0.1388
53,1460,1513,0.1388
55,1460,1515,0.1388
56,1469,1525,0.1388
56,1440,1496,0.1388
54,1458,1512,0.1388
55,1466,1521,0.1388
55,1454,1509,0.1388
56,1458,1514,0.1388
55,1464,1519,0.1388
57,1470,1527,0.1388
58,1455,1513,0.1388
55,1463,1518,0.1388
55,1458,1513,0.1388
55,1470,1525,0.1388
55,1473,1528,0.1388
55,1477,1532,0.1388
55,1464,1519,0.1388
54,1464,1518,0.1388
53,1465,1518,0.1388
54,1469,1523,0.1388
52,1458,1510,0.1388
53,1467,1520,0.1388
54,1461,1515,0.1388
54,1459,1513,0.1388
54,1469,1523,0.1388
55,1476,1531,0.1388
57,1450,1507,0.1388
57,1462,1519,0.1388
57,1455,1512,0.1388
56,1480,1536,0.1388
57,1474,1531,0.1388
56,1470,1526,0.1388
56,1469,1525,0.1388
56,1466,1522,0.1388
57,1461,1518,0.1388
56,1459,1515,0.1388
54,1450,1504,0.1388
51,1452,1503,0.1388
54,1449,1503,0.1388
55,1454,1509,0.1388
57,1464,1521,0.1388
56,1455,1511,0.1388
57,1454,1511,0.1388
56,1460,1516,0.1388
55,1464,1519,0.1388
55,1458,1513,0.1388
53,1481,1534,0.1388
53,1480,1533,0.1388
51,1470,1521,0.1388
52,1477,1529,0.1388
51,1472,1523,0.1388
51,1474,1525,0.1388
48,1464,1512,0.1388
49,1471,1520,0.1388
48,1470,1518,0.1388
49,1463,1512,0.1388
48,1466,1514,0.1388
46,1461,1507,0.1388
46,1462,1508,0.1388
44,1465,1509,0.1388
43,1464,1507,0.1388
42,1461,1503,0.1388
42,1461,1503,0.1388
41,1462,1503,0.1388
40,1476,1516,0.1388
40,1485,1525,0.1388
41,1489,1530,0.1388
39,1485,1524,0.1388
40,1480,1520,0.1388
41,1480,1521,0.1388
40,1468,1508,0.1388
41,1476,1517,0.1388
41,1482,1523,0.1388
41,1480,1521,0.1388
42,1482,1524,0.1388
43,1483,1526,0.1388
43,1488,1531,0.1388
42,1492,1534,0.1388
44,1483,1527,0.1388
42,1487,1529,0.1388
43,1481,1524,0.1388
42,1475,1517,0.1388
42,1480,1522,0.1388
43,1462,1505,0.1388
43,1465,1508,0.1388
42,1483,1525,0.1388
42,1464,1506,0.1388
44,1465,1509,0.1388
44,1466,1510,0.1388
43,1467,1510,0.1388
44,1477,1521,0.1388
43,1471,1514,0.1388
44,1459,1503,0.1388
42,1474,1516,0.1388
43,1465,1508,0.1388
41,1465,1506,0.1388
43,1468,1511,0.1388
46,1472,1518,0.1388
47,1471,1518,0.1388
46,1463,1509,0.1388
47,1462,1509,0.1388
47,1482,1529,0.1388
45,1475,1520,0.1388
45,1477,1522,0.1388
44,1473,1517,0.1388
40,1479,1519,0.1388
42,1478,1520,0.1388
42,1481,1523,0.1388
45,1480,1525,0.1388
45,1482,1527,0.1388
44,1470,1514,0.1388
41,1478,1519,0.1388
42,1467,1509,0.1388
42,1473,1515,0.1388
42,1480,1522,0.1388
42,1466,1508,0.1388
41,1482,1523,0.1388
42,1486,1528,0.1388
40,1494,1534,0.1388
40,1488,1528,0.1388
38,1480,1518,0.1388
37,1479,1516,0.1388
37,1485,1522,0.1388
42,1483,1525,0.1388
40,1474,1514,0.1388
41,1473,1514,0.1388
41,1483,1524,0.1388
40,1490,1530,0.1388
38,1474,1512,0.1388
39,1473,1512,0.1388
40,1460,1500,0.1388
41,1472,1513,0.1388
42,1471,1513,0.1388
43,1471,1514,0.1388
42,1470,1512,0.1388
40,1485,1525,0.1388
40,1476,1516,0.1388
38,1466,1504,0.1388
37,1461,1498,0.1388
37,1476,1513,0.1388
35,1469,1504,0.1388
35,1483,1518,0.1388
35,1487,1522,0.1388
38,1472,1510,0.1388
36,1481,1517,0.1388
39,1481,1520,0.1388
40,1496,1536,0.1388
40,1487,1527,0.1388
40,1476,1516,0.1388
39,1493,1532,0.1388
40,1497,1537,0.1388
38,1478,1516,0.1388
37,1479,1516,0.1388
36,1471,1507,0.1388
35,1480,1515,0.1388
36,1477,1513,0.1388
36,1491,1527,0.1388
35,1487,1522,0.1388
36,1480,1516,0.1388
37,1479,1516,0.1388
37,1478,1515,0.1388
35,1484,1519,0.1388
33,1486,1519,0.1388
34,1475,1509,0.1388
35,1481,1516,0.1388
35,1483,1518,0.1388
33,1475,1508,0.1388
33,1480,1513,0.1388
35,1484,1519,0.1388
36,1489,1525,0.1388
36,1492,1528,0.1388
38,1485,1523,0.1388
37,1481,1518,0.1388
36,1479,1515,0.1388
35,1492,1527,0.1388
38,1494,1532,0.1388
38,1484,1522,0.1388
39,1478,1517,0.1388
39,1483,1522,0.1388
38,1489,1527,0.1388
38,1481,1519,0.1388
38,1484,1522,0.1388
35,1483,1518,0.1388
33,1493,1526,0.1388
34,1489,1523,0.1388
35,1478,1513,0.1388
35,1485,1520,0.1388
34,1493,1527,0.1388
31,1504,1535,0.1388
31,1481,1512,0.1388
29,1500,1529,0.1388
29,1496,1525,0.1388
29,1491,1520,0.1388
29,1483,1512,0.1388
29,1480,1509,0.1388
29,1492,1521,0.1388
26,1498,1524,0.1388
28,1482,1510,0.1388
29,1481,1510,0.1388
28,1469,1497,0.1388
29,1483,1512,0.1388
28,1488,1516,0.1388
28,1491,1519,0.1388
27,1495,1522,0.1388
29,1485,1514,0.1388
27,1480,1507,0.1388
27,1481,1508,0.1388
24,1476,1500,0.1388
22,1496,1518,0.1388
23,1490,1513,0.1388
23,1492,1515,0.1388
24,1501,1525,0.1388
24,1498,1522,0.1388
25,1494,1519,0.1388
25,1498,1523,0.1388
23,1486,1509,0.1388
23,1487,1510,0.1388
24,1491,1515,0.1388
24,1494,1518,0.1388
23,1497,1520,0.1388
24,1498,1522,0.1388
23,1500,1523,0.1388
23,1489,1512,0.1388
23,1482,1505,0.1388
24,1480,1504,0.1388
24,1487,1511,0.1388
23,1476,1499,0.1388
23,1476,1499,0.1388
23,1485,1508,0.1388
22,1504,1526,0.1388
23,1500,1523,0.1388
23,1490,1513,0.1388
23,1496,1519,0.1388
23,1497,1520,0.1388
23,1480,1503,0.1388
23,1497,1520,0.1388
19,1491,1510,0.1388
19,1491,1510,0.1388
20,1496,1516,0.1388
21,1494,1515,0.1388
21,1492,1513,0.1388
23,1472,1495,0.1388
23,1485,1508,0.1388
24,1490,1514,0.1388
25,1481,1506,0.1388
25,1484,1509,0.1388
26,1470,1496,0.1388
26,1471,1497,0.1388
27,1472,1499,0.1388
29,1478,1507,0.1388
27,1474,1501,0.1388
27,1470,1497,0.1388
31,1473,1504,0.1388
31,1489,1520,0.1388
29,1489,1518,0.1388
28,1479,1507,0.1388
29,1481,1510,0.1388
29,1473,1502,0.1388
29,1475,1504,0.1388
28,1489,1517,0.1388
27,1476,1503,0.1388
27,1488,1515,0.1388
27,1502,1529,0.1388
29,1496,1525,0.1388
27,1501,1528,0.1388
26,1490,1516,0.1388
27,1485,1512,0.1388
28,1492,1520,0.1388
27,1489,1516,0.1388
26,1490,1516,0.1388
25,1498,1523,0.1388
26,1497,1523,0.1388
26,1488,1514,0.1388
25,1487,1512,0.1388
25,1483,1508,0.1388
25,1488,1513,0.1388
23,1497,1520,0.1388
24,1496,1520,0.1388
23,1498,1521,0.1388
22,1494,1516,0.1388
21,1484,1505,0.1388
21,1493,1514,0.1388
21,1493,1514,0.1388
21,1480,1501,0.1388
22,1497,1519,0.1388
22,1495,1517,0.1388
23,1492,1515,0.1388
24,1498,1522,0.1388
24,1490,1514,0.1388
24,1481,1505,0.1388
24,1488,1512,0.1388
23,1486,1509,0.1388
23,1491,1514,0.1388
22,1492,1514,0.1388
20,1491,1511,0.1388
21,1497,1518,0.1388
21,1496,1517,0.1388
21,1488,1509,0.1388
22,1500,1522,0.1388
22,1488,1510,0.1388
22,1502,1524,0.1388
22,1511,1533,0.1388
22,1498,1520,0.1388
21,1495,1516,0.1388
21,1506,1527,0.1388
20,1505,1525,0.1388
19,1508,1527,0.1388
19,1522,1541,0.1388
19,1514,1533,0.1388
18,1514,1532,0.1388
16,1508,1524,0.1388
17,1509,1526,0.1388
18,1501,1519,0.1388
17,1503,1520,0.1388
18,1500,1518,0.1388
21,1494,1515,0.1388
18,1490,1508,0.1388
17,1500,1517,0.1388
17,1526,1543,0.1388
17,1522,1539,0.1388
17,1528,1545,0.1388
17,1517,1534,0.1388
17,1516,1533,0.1388
16,1515,1531,0.1388
16,1502,1518,0.1388
16,1513,1529,0.1388
17,1516,1533,0.1388
17,1513,1530,0.1388
16,1512,1528,0.1388
16,1515,1531,0.1388
15,1492,1507,0.1388
15,1497,1512,0.1388
15,1509,1524,0.1388
16,1502,1518,0.1388
17,1507,1524,0.1388
17,1493,1510,0.1388
17,1499,1516,0.1388
17,1502,1519,0.1388
18,1493,1511,0.1388
19,1497,1516,0.1388
19,1487,1506,0.1388
20,1489,1509,0.1388
20,1482,1502,0.1388
18,1481,1499,0.1388
19,1488,1507,0.1388
18,1491,1509,0.1388
17,1485,1502,0.1388
17,1487,1504,0.1388
17,1501,1518,0.1388
16,1498,1514,0.1388
16,1496,1512,0.1388
16,1499,1515,0.1388
16,1492,1508,0.1388
15,1502,1517,0.1388
16,1513,1529,0.1388
16,1513,1529,0.1388
14,1511,1525,0.1388
17,1501,1518,0.1388
17,1510,1527,0.1388
15,1504,1519,0.1388
17,1508,1525,0.1388
17,1503,1520,0.1388
16,1489,1505,0.1388
13,1501,1514,0.1388
12,1504,1516,0.1388
12,1511,1523,0.1388
13,1508,1521,0.1388
11,1512,1523,0.1388
11,1505,1516,0.1388
11,1507,1518,0.1388
10,1496,1506,0.1388
11,1502,1513,0.1388
10,1513,1523,0.1388
10,1506,1516,0.1388
10,1499,1509,0.1388
10,1511,1521,0.1388
10,1507,1517,0.1388
9,1526,1535,0.1388
9,1521,1530,0.1388
8,1514,1522,0.1388
8,1499,1507,0.1388
8,1507,1515,0.1388
8,1515,1523,0.1388
8,1503,1511,0.1388
6,1500,1506,0.1388
6,1503,1509,0.1388
5,1500,1505,0.1388
5,1506,1511,0.1388
4,1518,1522,0.1388
4,1520,1524,0.1388
4,1539,1543,0.1388
4,1530,1534,0.1388
4,1524,1528,0.1388
4,1531,1535,0.1388
4,1527,1531,0.1388
4,1510,1514,0.1388
4,1524,1528,0.1388
3,1516,1519,0.1388
3,1516,1519,0.1388
2,1516,1518,0.1388
2,1517,1519,0.1388
2,1523,1525,0.1388
2,1517,1519,0.1388
2,1515,1517,0.1388
2,1515,1517,0.1388
2,1511,1513,0.1388
2,1508,1510,0.1388
2,1502,1504,0.1388
1,1515,1516,0.1388
1,1518,1519,0.1388
1,1516,1517,0.1388
1,1519,1520,0.1388
1,1515,1516,0.1388
1,1513,1514,0.1388
1,1519,1520,0.1388
1,1525,1526,0.1388
1,1530,1531,0.1388
1,1512,1513,0.1388
1,1515,1516,0.1388
1,1510,1511,0.1388
1,1511,1512,0.1388
1,1515,1516,0.1388
1,1508,1509,0.1388
1,1526,1527,0.1388
1,1530,1531,0.1388
1,1517,1518,0.1388
1,1505,1506,0.1388
1,1517,1518,0.1388
1,1512,1513,0.1388
0,1520,1520,0.1388
