1375,27,1402,0.1388
1385,27,1412,0.1388
1397,33,1430,0.1388
1412,32,1444,0.1388
1415,33,1448,0.1388
1421,35,1456,0.1388
1425,37,1462,0.1388
1441,39,1480,0.1388
1445,39,1484,0.1388
1449,36,1485,0.1388
1442,35,1477,0.1388
1455,36,1491,0.1388
1455,38,1493,0.1388
1458,40,1498,0.1388
1466,40,1506,0.1388
1467,39,1506,0.1388
1462,38,1500,0.1388
1467,38,1505,0.1388
1451,37,1488,0.1388
1458,39,1497,0.1388
1451,38,1489,0.1388
1453,38,1491,0.1388
1443,38,1481,0.1388
1429,41,1470,0.1388
1424,41,1465,0.1388
1432,39,1471,0.1388
1435,40,1475,0.1388
1443,39,1482,0.1388
1450,40,1490,0.1388
1438,42,1480,0.1388
1442,43,1485,0.1388
1439,41,1480,0.1388
1442,43,1485,0.1388
1432,43,1475,0.1388
1438,45,1483,0.1388
1435,43,1478,0.1388
1429,45,1474,0.1388
1434,49,1483,0.1388
1428,47,1475,0.1388
1449,46,1495,0.1388
1448,45,1493,0.1388
1442,45,1487,0.1388
1446,46,1492,0.1388
1450,45,1495,0.1388
1435,48,1483,0.1388
1430,47,1477,0.1388
1427,47,1474,0.1388
1429,46,1475,0.1388
1444,46,1490,0.1388
1429,48,1477,0.1388
1423,45,1468,0.1388
1433,43,1476,0.1388
1447,43,1490,0.1388
1456,44,1500,0.1388
1449,46,1495,0.1388
1444,50,1494,0.1388
1449,51,1500,0.1388
1452,53,1505,0.1388
1432,54,1486,0.1388
1430,56,1486,0.1388
1422,57,1479,0.1388
1422,56,1478,0.1388
1439,55,1494,0.1388
1431,54,1485,0.1388
1425,51,1476,0.1388
1428,52,1480,0.1388
1427,54,1481,0.1388
1435,55,1490,0.1388
1421,55,1476,0.1388
1431,57,1488,0.1388
1420,57,1477,0.1388
1414,56,1470,0.1388
1423,56,1479,0.1388
1426,60,1486,0.1388
1428,61,1489,0.1388
1429,61,1490,0.1388
1421,62,1483,0.1388
1411,64,1475,0.1388
1418,66,1484,0.1388
1424,64,1488,0.1388
1430,62,1492,0.1388
1422,61,1483,0.1388
1430,61,1491,0.1388
1420,60,1480,0.1388
1432,60,1492,0.1388
1429,62,1491,0.1388
1441,66,1507,0.1388
1438,65,1503,0.1388
1438,65,1503,0.1388
1413,65,1478,0.1388
1419,67,1486,0.1388
1431,68,1499,0.1388
1420,69,1489,0.1388
1417,71,1488,0.1388
1414,76,1490,0.1388
1416,79,1495,0.1388
1406,81,1487,0.1388
1414,78,1492,0.1388
1411,78,1489,0.1388
1409,74,1483,0.1388
1415,76,1491,0.1388
1419,76,1495,0.1388
1419,77,1496,0.1388
1412,77,1489,0.1388
1429,78,1507,0.1388
1418,77,1495,0.1388
1421,79,1500,0.1388
1427,76,1503,0.1388
1422,77,1499,0.1388
1431,76,1507,0.1388
1424,75,1499,0.1388
1422,74,1496,0.1388
1426,74,1500,0.1388
1419,76,1495,0.1388
1417,75,1492,0.1388
1411,77,1488,0.1388
1415,77,1492,0.1388
1410,78,1488,0.1388
1399,78,1477,0.1388
1401,80,1481,0.1388
1409,79,1488,0.1388
1408,83,1491,0.1388
1402,81,1483,0.1388
1414,82,1496,0.1388
1417,82,1499,0.1388
1412,80,1492,0.1388
1398,80,1478,0.1388
1398,80,1478,0.1388
1396,81,1477,0.1388
1410,83,1493,0.1388
1408,84,1492,0.1388
1405,82,1487,0.1388
1407,86,1493,0.1388
1394,86,1480,0.1388
1401,90,1491,0.1388
1397,88,1485,0.1388
1413,86,1499,0.1388
1410,83,1493,0.1388
1414,81,1495,0.1388
1404,83,1487,0.1388
1419,85,1504,0.1388
1416,82,1498,0.1388
1412,80,1492,0.1388
1409,83,1492,0.1388
1408,86,1494,0.1388
1416,88,1504,0.1388
1411,88,1499,0.1388
1404,89,1493,0.1388
1401,86,1487,0.1388
1407,83,1490,0.1388
1405,87,1492,0.1388
1413,86,1499,0.1388
1414,84,1498,0.1388
1413,87,1500,0.1388
1424,90,1514,0.1388
1406,86,1492,0.1388
1402,84,1486,0.1388
1404,88,1492,0.1388
1396,90,1486,0.1388
1391,89,1480,0.1388
1388,89,1477,0.1388
1399,93,1492,0.1388
1413,90,1503,0.1388
1404,91,1495,0.1388
1404,90,1494,0.1388
1406,91,1497,0.1388
1409,93,1502,0.1388
1409,91,1500,0.1388
1409,92,1501,0.1388
1404,90,1494,0.1388
1382,91,1473,0.1388
1392,92,1484,0.1388
1405,92,1497,0.1388
1407,91,1498,0.1388
1394,93,1487,0.1388
1402,97,1499,0.1388
1391,97,1488,0.1388
1396,95,1491,0.1388
1404,93,1497,0.1388
1406,92,1498,0.1388
1382,91,1473,0.1388
1381,94,1475,0.1388
1384,98,1482,0.1388
1391,97,1488,0.1388
1392,100,1492,0.1388
1400,101,1501,0.1388
1387,100,1487,0.1388
1385,98,1483,0.1388
1390,95,1485,0.1388
1400,94,1494,0.1388
1410,90,1500,0.1388
1420,89,1509,0.1388
1421,89,1510,0.1388
1419,87,1506,0.1388
1398,91,1489,0.1388
1394,90,1484,0.1388
1398,92,1490,0.1388
1401,93,1494,0.1388
1412,94,1506,0.1388
1407,91,1498,0.1388
1404,91,1495,0.1388
1394,94,1488,0.1388
1400,93,1493,0.1388
1398,92,1490,0.1388
1396,93,1489,0.1388
1389,94,1483,0.1388
1388,97,1485,0.1388
1377,96,1473,0.1388
1391,100,1491,0.1388
1401,97,1498,0.1388
1400,99,1499,0.1388
1399,100,1499,0.1388
1397,100,1497,0.1388
1385,99,1484,0.1388
1401,97,1498,0.1388
1399,98,1497,0.1388
1407,101,1508,0.1388
1402,105,1507,0.1388
1397,107,1504,0.1388
1410,104,1514,0.1388
1389,102,1491,0.1388
1387,100,1487,0.1388
1398,104,1502,0.1388
1397,104,1501,0.1388
1401,104,1505,0.1388
1399,105,1504,0.1388
1401,107,1508,0.1388
1389,109,1498,0.1388
1382,107,1489,0.1388
1389,102,1491,0.1388
1391,102,1493,0.1388
1396,103,1499,0.1388
1397,106,1503,0.1388
1376,106,1482,0.1388
1394,106,1500,0.1388
1391,107,1498,0.1388
1390,106,1496,0.1388
1387,108,1495,0.1388
1393,109,1502,0.1388
1391,113,1504,0.1388
1392,113,1505,0.1388
1377,111,1488,0.1388
1385,109,1494,0.1388
1381,109,1490,0.1388
1388,112,1500,0.1388
1382,110,1492,0.1388
1372,109,1481,0.1388
1374,111,1485,0.1388
1376,110,1486,0.1388
1381,114,1495,0.1388
1380,116,1496,0.1388
1378,118,1496,0.1388
1383,119,1502,0.1388
1367,115,1482,0.1388
1368,117,1485,0.1388
1356,116,1472,0.1388
1359,114,1473,0.1388
1366,117,1483,0.1388
1371,116,1487,0.1388
1370,118,1488,0.1388
1385,116,1501,0.1388
1375,119,1494,0.1388
1378,124,1502,0.1388
1373,124,1497,0.1388
1366,120,1486,0.1388
1362,121,1483,0.1388
1362,118,1480,0.1388
1355,122,1477,0.1388
1370,120,1490,0.1388
1367,121,1488,0.1388
1378,124,1502,0.1388
1375,123,1498,0.1388
1365,124,1489,0.1388
1358,126,1484,0.1388
1369,124,1493,0.1388
1382,127,1509,0.1388
1362,127,1489,0.1388
1361,130,1491,0.1388
1350,125,1475,0.1388
1356,123,1479,0.1388
1357,128,1485,0.1388
1365,125,1490,0.1388
1372,123,1495,0.1388
1385,127,1512,0.1388
1372,129,1501,0.1388
1367,128,1495,0.1388
1367,125,1492,0.1388
1379,122,1501,0.1388
1372,119,1491,0.1388
1357,127,1484,0.1388
1360,129,1489,0.1388
1353,132,1485,0.1388
1364,128,1492,0.1388
1361,126,1487,0.1388
1363,128,1491,0.1388
1356,126,1482,0.1388
1369,126,1495,0.1388
1354,126,1480,0.1388
1359,125,1484,0.1388
1367,126,1493,0.1388
1371,130,1501,0.1388
1372,136,1508,0.1388
1374,131,1505,0.1388
1370,129,1499,0.1388
1381,129,1510,0.1388
1375,131,1506,0.1388
1367,135,1502,0.1388
1362,134,1496,0.1388
1362,130,1492,0.1388
1360,132,1492,0.1388
1360,135,1495,0.1388
1364,134,1498,0.1388
1369,134,1503,0.1388
1362,132,1494,0.1388
1365,130,1495,0.1388
1354,131,1485,0.1388
1348,130,1478,0.1388
1356,133,1489,0.1388
1357,129,1486,0.1388
1365,127,1492,0.1388
1362,129,1491,0.1388
1369,128,1497,0.1388
1377,130,1507,0.1388
1377,125,1502,0.1388
1371,127,1498,0.1388
1363,132,1495,0.1388
1366,136,1502,0.1388
1354,134,1488,0.1388
1376,134,1510,0.1388
1360,133,1493,0.1388
1357,129,1486,0.1388
1357,127,1484,0.1388
1356,130,1486,0.1388
1358,130,1488,0.1388
1355,131,1486,0.1388
1361,134,1495,0.1388
1367,135,1502,0.1388
1370,135,1505,0.1388
1377,131,1508,0.1388
1365,131,1496,0.1388
1356,133,1489,0.1388
1366,133,1499,0.1388
1359,136,1495,0.1388
1364,133,1497,0.1388
1361,137,1498,0.1388
1351,136,1487,0.1388
1357,135,1492,0.1388
1366,133,1499,0.1388
1371,133,1504,0.1388
1365,135,1500,0.1388
1368,137,1505,0.1388
1370,133,1503,0.1388
1369,136,1505,0.1388
1378,133,1511,0.1388
1384,137,1521,0.1388
1360,135,1495,0.1388
1357,137,1494,0.1388
1368,135,1503,0.1388
1366,135,1501,0.1388
1379,134,1513,0.1388
1376,134,1510,0.1388
1365,132,1497,0.1388
1372,132,1504,0.1388
1376,132,1508,0.1388
1374,136,1510,0.1388
1370,136,1506,0.1388
1370,139,1509,0.1388
1358,142,1500,0.1388
1346,143,1489,0.1388
1343,143,1486,0.1388
1363,142,1505,0.1388
1357,143,1500,0.1388
1353,143,1496,0.1388
1346,144,1490,0.1388
1351,145,1496,0.1388
1350,141,1491,0.1388
1343,139,1482,0.1388
1341,140,1481,0.1388
1352,141,1493,0.1388
1341,136,1477,0.1388
1353,137,1490,0.1388
1345,134,1479,0.1388
1360,138,1498,0.1388
1363,139,1502,0.1388
1366,139,1505,0.1388
1369,138,1507,0.1388
1359,138,1497,0.1388
1354,139,1493,0.1388
1364,148,1512,0.1388
1358,150,1508,0.1388
1350,153,1503,0.1388
1335,154,1489,0.1388
1346,153,1499,0.1388
1345,150,1495,0.1388
1349,149,1498,0.1388
1353,149,1502,0.1388
1353,157,1510,0.1388
1354,157,1511,0.1388
1344,153,1497,0.1388
1337,157,1494,0.1388
1348,155,1503,0.1388
1337,160,1497,0.1388
1334,154,1488,0.1388
1332,151,1483,0.1388
1325,153,1478,0.1388
1327,153,1480,0.1388
1326,153,1479,0.1388
1335,153,1488,0.1388
1333,154,1487,0.1388
1328,156,1484,0.1388
1321,156,1477,0.1388
1312,156,1468,0.1388
1327,160,1487,0.1388
1334,160,1494,0.1388
1329,164,1493,0.1388
1326,166,1492,0.1388
1343,164,1507,0.1388
1335,165,1500,0.1388
1340,165,1505,0.1388
1328,164,1492,0.1388
1317,165,1482,0.1388
1309,165,1474,0.1388
1314,165,1479,0.1388
1322,168,1490,0.1388
1326,169,1495,0.1388
1324,174,1498,0.1388
1332,171,1503,0.1388
1334,173,1507,0.1388
1326,172,1498,0.1388
1338,174,1512,0.1388
1333,176,1509,0.1388
1315,176,1491,0.1388
1315,178,1493,0.1388
1320,176,1496,0.1388
1314,175,1489,0.1388
1318,181,1499,0.1388
1317,180,1497,0.1388
1320,182,1502,0.1388
1321,179,1500,0.1388
1317,182,1499,0.1388
1323,183,1506,0.1388
1329,185,1514,0.1388
1319,189,1508,0.1388
1310,192,1502,0.1388
1314,191,1505,0.1388
1306,194,1500,0.1388
1310,196,1506,0.1388
1307,197,1504,0.1388
1300,199,1499,0.1388
1304,199,1503,0.1388
1302,197,1499,0.1388
1304,196,1500,0.1388
1299,202,1501,0.1388
1308,202,1510,0.1388
1294,203,1497,0.1388
1291,201,1492,0.1388
1283,203,1486,0.1388
1267,203,1470,0.1388
1278,206,1484,0.1388
1271,204,1475,0.1388
1281,207,1488,0.1388
1290,213,1503,0.1388
1296,213,1509,0.1388
1289,214,1503,0.1388
1273,218,1491,0.1388
1282,216,1498,0.1388
1283,213,1496,0.1388
1282,214,1496,0.1388
1286,212,1498,0.1388
1293,213,1506,0.1388
1285,213,1498,0.1388
1272,218,1490,0.1388
1278,224,1502,0.1388
1282,220,1502,0.1388
1282,222,1504,0.1388
1275,223,1498,0.1388
1287,223,1510,0.1388
1281,223,1504,0.1388
1287,222,1509,0.1388
1270,224,1494,0.1388
1267,230,1497,0.1388
1276,231,1507,0.1388
1272,233,1505,0.1388
1279,230,1509,0.1388
1268,226,1494,0.1388
1262,223,1485,0.1388
1246,225,1471,0.1388
1260,229,1489,0.1388
1269,224,1493,0.1388
1256,229,1485,0.1388
1257,228,1485,0.1388
1265,232,1497,0.1388
1263,228,1491,0.1388
1280,220,1500,0.1388
1274,221,1495,0.1388
1265,224,1489,0.1388
1259,227,1486,0.1388
1258,226,1484,0.1388
1252,237,1489,0.1388
1256,241,1497,0.1388
1251,242,1493,0.1388
1253,242,1495,0.1388
1241,243,1484,0.1388
1241,243,1484,0.1388
1238,239,1477,0.1388
1229,247,1476,0.1388
1223,250,1473,0.1388
1231,251,1482,0.1388
1227,253,1480,0.1388
1236,254,1490,0.1388
1244,253,1497,0.1388
1246,255,1501,0.1388
1248,252,1500,0.1388
1240,258,1498,0.1388
1244,257,1501,0.1388
1249,257,1506,0.1388
1238,260,1498,0.1388
1239,261,1500,0.1388
1238,261,1499,0.1388
1232,257,1489,0.1388
1247,258,1505,0.1388
1254,262,1516,0.1388
1260,260,1520,0.1388
1256,266,1522,0.1388
1257,265,1522,0.1388
1258,262,1520,0.1388
1247,261,1508,0.1388
1244,267,1511,0.1388
1231,268,1499,0.1388
1228,267,1495,0.1388
1236,262,1498,0.1388
1236,264,1500,0.1388
1238,263,1501,0.1388
1239,258,1497,0.1388
1234,256,1490,0.1388
1230,259,1489,0.1388
1222,267,1489,0.1388
1225,263,1488,0.1388
1233,266,1499,0.1388
1234,265,1499,0.1388
1229,258,1487,0.1388
1236,257,1493,0.1388
1248,264,1512,0.1388
1250,262,1512,0.1388
1247,264,1511,0.1388
1242,270,1512,0.1388
1251,267,1518,0.1388
1254,266,1520,0.1388
1232,263,1495,0.1388
1217,260,1477,0.1388
1229,263,1492,0.1388
1234,261,1495,0.1388
1239,262,1501,0.1388
1235,266,1501,0.1388
1239,272,1511,0.1388
1239,272,1511,0.1388
1237,266,1503,0.1388
1231,261,1492,0.1388
1220,267,1487,0.1388
1233,264,1497,0.1388
1233,262,1495,0.1388
1240,262,1502,0.1388
1241,260,1501,0.1388
1243,268,1511,0.1388
1233,268,1501,0.1388
1227,265,1492,0.1388
1240,271,1511,0.1388
1240,272,1512,0.1388
1239,267,1506,0.1388
1243,269,1512,0.1388
1249,267,1516,0.1388
1241,270,1511,0.1388
1241,272,1513,0.1388
1228,277,1505,0.1388
1218,279,1497,0.1388
1227,274,1501,0.1388
1232,270,1502,0.1388
1222,273,1495,0.1388
1202,272,1474,0.1388
1195,278,1473,0.1388
1192,289,1481,0.1388
1201,295,1496,0.1388
1208,297,1505,0.1388
1195,304,1499,0.1388
1217,303,1520,0.1388
1210,297,1507,0.1388
1199,300,1499,0.1388
1190,301,1491,0.1388
1201,301,1502,0.1388
1200,301,1501,0.1388
1195,299,1494,0.1388
1190,299,1489,0.1388
1190,303,1493,0.1388
1188,304,1492,0.1388
1200,299,1499,0.1388
1193,294,1487,0.1388
1185,297,1482,0.1388
1180,296,1476,0.1388
1188,296,1484,0.1388
1186,296,1482,0.1388
1189,298,1487,0.1388
1193,297,1490,0.1388
1188,300,1488,0.1388
1195,308,1503,0.1388
1200,306,1506,0.1388
1195,312,1507,0.1388
1176,314,1490,0.1388
1187,312,1499,0.1388
1179,312,1491,0.1388
1183,312,1495,0.1388
1190,318,1508,0.1388
1191,311,1502,0.1388
1195,312,1507,0.1388
1195,312,1507,0.1388
1189,310,1499,0.1388
1186,315,1501,0.1388
1182,311,1493,0.1388
1182,318,1500,0.1388
1193,318,1511,0.1388
1188,322,1510,0.1388
1194,324,1518,0.1388
1187,321,1508,0.1388
1193,323,1516,0.1388
1183,321,1504,0.1388
1190,314,1504,0.1388
1181,312,1493,0.1388
1187,320,1507,0.1388
1177,317,1494,0.1388
1184,318,1502,0.1388
1185,310,1495,0.1388
1189,319,1508,0.1388
1184,316,1500,0.1388
1181,318,1499,0.1388
1177,327,1504,0.1388
1168,324,1492,0.1388
1168,322,1490,0.1388
1169,325,1494,0.1388
1168,327,1495,0.1388
1186,327,1513,0.1388
1185,329,1514,0.1388
1177,328,1505,0.1388
1166,329,1495,0.1388
1160,329,1489,0.1388
1160,336,1496,0.1388
1163,334,1497,0.1388
1155,333,1488,0.1388
1166,332,1498,0.1388
1168,326,1494,0.1388
1168,328,1496,0.1388
1164,335,1499,0.1388
1160,341,1501,0.1388
1149,342,1491,0.1388
1154,345,1499,0.1388
1158,347,1505,0.1388
1159,351,1510,0.1388
1162,351,1513,0.1388
1164,349,1513,0.1388
1170,349,1519,0.1388
1153,348,1501,0.1388
1152,353,1505,0.1388
1143,350,1493,0.1388
1140,346,1486,0.1388
1134,346,1480,0.1388
1133,341,1474,0.1388
1146,344,1490,0.1388
1135,340,1475,0.1388
1142,340,1482,0.1388
1150,346,1496,0.1388
1145,343,1488,0.1388
1135,345,1480,0.1388
1136,346,1482,0.1388
1141,347,1488,0.1388
1150,348,1498,0.1388
1139,346,1485,0.1388
1151,343,1494,0.1388
1153,348,1501,0.1388
1160,352,1512,0.1388
1139,351,1490,0.1388
1138,347,1485,0.1388
1144,348,1492,0.1388
1138,351,1489,0.1388
1139,345,1484,0.1388
1129,348,1477,0.1388
1126,357,1483,0.1388
1140,364,1504,0.1388
1132,361,1493,0.1388
1133,371,1504,0.1388
1131,367,1498,0.1388
1124,369,1493,0.1388
1135,367,1502,0.1388
1131,371,1502,0.1388
1134,374,1508,0.1388
1135,375,1510,0.1388
1135,367,1502,0.1388
1139,370,1509,0.1388
1128,373,1501,0.1388
1125,373,1498,0.1388
1125,373,1498,0.1388
1104,375,1479,0.1388
1106,385,1491,0.1388
1108,388,1496,0.1388
1113,378,1491,0.1388
1112,372,1484,0.1388
1123,377,1500,0.1388
1117,378,1495,0.1388
1109,386,1495,0.1388
1119,384,1503,0.1388
1124,380,1504,0.1388
1112,377,1489,0.1388
1101,383,1484,0.1388
1113,388,1501,0.1388
1114,390,1504,0.1388
1108,388,1496,0.1388
1120,388,1508,0.1388
1107,393,1500,0.1388
1098,396,1494,0.1388
1095,397,1492,0.1388
1095,406,1501,0.1388
1101,409,1510,0.1388
1109,410,1519,0.1388
1088,410,1498,0.1388
1090,412,1502,0.1388
1094,408,1502,0.1388
1082,415,1497,0.1388
1086,418,1504,0.1388
1078,413,1491,0.1388
1088,416,1504,0.1388
1088,424,1512,0.1388
1085,419,1504,0.1388
1070,419,1489,0.1388
1074,420,1494,0.1388
1072,423,1495,0.1388
1082,413,1495,0.1388
1078,414,1492,0.1388
1067,419,1486,0.1388
1062,424,1486,0.1388
1062,422,1484,0.1388
1071,426,1497,0.1388
1073,428,1501,0.1388
1076,432,1508,0.1388
1066,442,1508,0.1388
1076,435,1511,0.1388
1061,440,1501,0.1388
1056,440,1496,0.1388
1054,442,1496,0.1388
1063,438,1501,0.1388
1064,436,1500,0.1388
1057,441,1498,0.1388
1063,439,1502,0.1388
1050,444,1494,0.1388
1056,440,1496,0.1388
1046,440,1486,0.1388
1044,435,1479,0.1388
1049,437,1486,0.1388
1041,445,1486,0.1388
1033,445,1478,0.1388
1031,444,1475,0.1388
1039,455,1494,0.1388
1051,449,1500,0.1388
1037,458,1495,0.1388
1034,462,1496,0.1388
1047,459,1506,0.1388
1044,464,1508,0.1388
1042,466,1508,0.1388
1035,477,1512,0.1388
1039,473,1512,0.1388
1045,473,1518,0.1388
1037,478,1515,0.1388
1038,480,1518,0.1388
1036,481,1517,0.1388
1042,481,1523,0.1388
1034,480,1514,0.1388
1032,478,1510,0.1388
1039,478,1517,0.1388
1023,478,1501,0.1388
1020,486,1506,0.1388
1018,484,1502,0.1388
1022,486,1508,0.1388
1023,483,1506,0.1388
1016,477,1493,0.1388
1015,481,1496,0.1388
1010,475,1485,0.1388
1028,486,1514,0.1388
1031,482,1513,0.1388
1027,486,1513,0.1388
1022,486,1508,0.1388
1009,477,1486,0.1388
1010,476,1486,0.1388
1009,478,1487,0.1388
1016,487,1503,0.1388
1018,497,1515,0.1388
1010,494,1504,0.1388
1011,503,1514,0.1388
1000,498,1498,0.1388
998,495,1493,0.1388
1005,497,1502,0.1388
1001,501,1502,0.1388
999,503,1502,0.1388
1000,499,1499,0.1388
993,489,1482,0.1388
994,489,1483,0.1388
1000,501,1501,0.1388
1006,501,1507,0.1388
1001,498,1499,0.1388
1003,498,1501,0.1388
1001,495,1496,0.1388
1003,495,1498,0.1388
1012,496,1508,0.1388
999,493,1492,0.1388
996,496,1492,0.1388
1006,503,1509,0.1388
996,514,1510,0.1388
992,514,1506,0.1388
1000,507,1507,0.1388
999,500,1499,0.1388
991,497,1488,0.1388
992,499,1491,0.1388
985,495,1480,0.1388
987,490,1477,0.1388
983,493,1476,0.1388
979,491,1470,0.1388
990,496,1486,0.1388
994,496,1490,0.1388
991,499,1490,0.1388
992,493,1485,0.1388
999,496,1495,0.1388
1005,494,1499,0.1388
996,494,1490,0.1388
1005,498,1503,0.1388
1006,498,1504,0.1388
1005,501,1506,0.1388
997,502,1499,0.1388
1009,496,1505,0.1388
1015,498,1513,0.1388
1013,506,1519,0.1388
1015,508,1523,0.1388
1016,505,1521,0.1388
1015,508,1523,0.1388
1006,511,1517,0.1388
1001,506,1507,0.1388
996,515,1511,0.1388
990,519,1509,0.1388
979,512,1491,0.1388
974,514,1488,0.1388
974,515,1489,0.1388
963,519,1482,0.1388
964,524,1488,0.1388
970,528,1498,0.1388
974,526,1500,0.1388
976,524,1500,0.1388
988,529,1517,0.1388
990,532,1522,0.1388
979,530,1509,0.1388
979,535,1514,0.1388
977,535,1512,0.1388
969,536,1505,0.1388
971,538,1509,0.1388
973,538,1511,0.1388
972,539,1511,0.1388
968,534,1502,0.1388
964,537,1501,0.1388
966,535,1501,0.1388
970,528,1498,0.1388
970,533,1503,0.1388
966,536,1502,0.1388
972,540,1512,0.1388
954,534,1488,0.1388
961,541,1502,0.1388
964,533,1497,0.1388
967,534,1501,0.1388
978,539,1517,0.1388
969,539,1508,0.1388
970,537,1507,0.1388
970,537,1507,0.1388
976,532,1508,0.1388
975,532,1507,0.1388
974,538,1512,0.1388
960,537,1497,0.1388
949,552,1501,0.1388
941,546,1487,0.1388
945,544,1489,0.1388
947,543,1490,0.1388
954,537,1491,0.1388
965,536,1501,0.1388
961,531,1492,0.1388
963,540,1503,0.1388
964,537,1501,0.1388
950,546,1496,0.1388
946,549,1495,0.1388
948,547,1495,0.1388
956,542,1498,0.1388
939,551,1490,0.1388
934,550,1484,0.1388
939,547,1486,0.1388
946,542,1488,0.1388
947,543,1490,0.1388
930,545,1475,0.1388
933,549,1482,0.1388
939,551,1490,0.1388
936,550,1486,0.1388
926,552,1478,0.1388
930,561,1491,0.1388
932,564,1496,0.1388
937,570,1507,0.1388
938,568,1506,0.1388
933,564,1497,0.1388
937,558,1495,0.1388
931,563,1494,0.1388
933,560,1493,0.1388
937,566,1503,0.1388
945,575,1520,0.1388
945,572,1517,0.1388
945,571,1516,0.1388
947,569,1516,0.1388
945,569,1514,0.1388
952,568,1520,0.1388
932,570,1502,0.1388
924,570,1494,0.1388
923,578,1501,0.1388
929,584,1513,0.1388
921,586,1507,0.1388
916,582,1498,0.1388
918,589,1507,0.1388
916,586,1502,0.1388
914,587,1501,0.1388
917,589,1506,0.1388
913,591,1504,0.1388
912,589,1501,0.1388
913,592,1505,0.1388
920,592,1512,0.1388
909,591,1500,0.1388
909,588,1497,0.1388
903,594,1497,0.1388
896,600,1496,0.1388
887,602,1489,0.1388
891,600,1491,0.1388
887,603,1490,0.1388
884,603,1487,0.1388
881,609,1490,0.1388
883,615,1498,0.1388
887,614,1501,0.1388
884,621,1505,0.1388
885,626,1511,0.1388
879,621,1500,0.1388
875,637,1512,0.1388
871,640,1511,0.1388
869,635,1504,0.1388
865,646,1511,0.1388
864,647,1511,0.1388
861,639,1500,0.1388
866,630,1496,0.1388
873,636,1509,0.1388
867,638,1505,0.1388
867,635,1502,0.1388
863,632,1495,0.1388
863,638,1501,0.1388
853,644,1497,0.1388
853,643,1496,0.1388
857,639,1496,0.1388
857,621,1478,0.1388
859,628,1487,0.1388
864,632,1496,0.1388
860,635,1495,0.1388
862,643,1505,0.1388
864,643,1507,0.1388
868,643,1511,0.1388
864,651,1515,0.1388
867,652,1519,0.1388
862,656,1518,0.1388
858,653,1511,0.1388
860,649,1509,0.1388
858,642,1500,0.1388
855,654,1509,0.1388
855,648,1503,0.1388
855,655,1510,0.1388
855,651,1506,0.1388
859,653,1512,0.1388
852,659,1511,0.1388
840,660,1500,0.1388
837,662,1499,0.1388
845,656,1501,0.1388
843,665,1508,0.1388
846,661,1507,0.1388
846,664,1510,0.1388
830,672,1502,0.1388
830,678,1508,0.1388
824,680,1504,0.1388
819,686,1505,0.1388
812,691,1503,0.1388
828,682,1510,0.1388
831,678,1509,0.1388
831,686,1517,0.1388
832,689,1521,0.1388
832,687,1519,0.1388
821,683,1504,0.1388
812,684,1496,0.1388
818,682,1500,0.1388
810,694,1504,0.1388
818,692,1510,0.1388
820,698,1518,0.1388
816,700,1516,0.1388
816,699,1515,0.1388
811,699,1510,0.1388
810,698,1508,0.1388
810,700,1510,0.1388
813,695,1508,0.1388
801,699,1500,0.1388
806,694,1500,0.1388
802,698,1500,0.1388
807,697,1504,0.1388
796,696,1492,0.1388
800,707,1507,0.1388
801,706,1507,0.1388
809,704,1513,0.1388
805,708,1513,0.1388
801,712,1513,0.1388
799,713,1512,0.1388
796,707,1503,0.1388
802,707,1509,0.1388
809,709,1518,0.1388
801,710,1511,0.1388
799,707,1506,0.1388
793,719,1512,0.1388
790,721,1511,0.1388
793,718,1511,0.1388
792,709,1501,0.1388
785,721,1506,0.1388
790,721,1511,0.1388
788,715,1503,0.1388
785,719,1504,0.1388
788,726,1514,0.1388
788,728,1516,0.1388
785,724,1509,0.1388
779,724,1503,0.1388
784,723,1507,0.1388
788,731,1519,0.1388
787,725,1512,0.1388
789,725,1514,0.1388
786,723,1509,0.1388
790,718,1508,0.1388
790,719,1509,0.1388
786,720,1506,0.1388
786,723,1509,0.1388
790,720,1510,0.1388
787,720,1507,0.1388
796,715,1511,0.1388
795,718,1513,0.1388
778,724,1502,0.1388
784,726,1510,0.1388
779,724,1503,0.1388
776,724,1500,0.1388
767,731,1498,0.1388
760,738,1498,0.1388
755,734,1489,0.1388
751,742,1493,0.1388
750,752,1502,0.1388
759,746,1505,0.1388
766,746,1512,0.1388
758,746,1504,0.1388
760,752,1512,0.1388
750,762,1512,0.1388
746,758,1504,0.1388
740,756,1496,0.1388
745,748,1493,0.1388
754,751,1505,0.1388
743,756,1499,0.1388
742,752,1494,0.1388
741,745,1486,0.1388
753,751,1504,0.1388
754,754,1508,0.1388
747,765,1512,0.1388
751,772,1523,0.1388
753,772,1525,0.1388
750,765,1515,0.1388
747,755,1502,0.1388
743,763,1506,0.1388
739,765,1504,0.1388
737,772,1509,0.1388
738,772,1510,0.1388
737,772,1509,0.1388
735,773,1508,0.1388
727,772,1499,0.1388
721,775,1496,0.1388
721,781,1502,0.1388
728,777,1505,0.1388
725,778,1503,0.1388
720,781,1501,0.1388
717,789,1506,0.1388
718,794,1512,0.1388
720,792,1512,0.1388
714,790,1504,0.1388
708,787,1495,0.1388
707,791,1498,0.1388
702,788,1490,0.1388
702,792,1494,0.1388
710,799,1509,0.1388
716,799,1515,0.1388
708,798,1506,0.1388
714,801,1515,0.1388
709,803,1512,0.1388
707,803,1510,0.1388
700,803,1503,0.1388
704,806,1510,0.1388
707,812,1519,0.1388
697,804,1501,0.1388
703,810,1513,0.1388
705,808,1513,0.1388
711,818,1529,0.1388
708,806,1514,0.1388
707,807,1514,0.1388
707,809,1516,0.1388
705,807,1512,0.1388
698,802,1500,0.1388
693,801,1494,0.1388
689,797,1486,0.1388
695,801,1496,0.1388
707,815,1522,0.1388
704,811,1515,0.1388
694,811,1505,0.1388
696,811,1507,0.1388
703,817,1520,0.1388
689,815,1504,0.1388
688,818,1506,0.1388
689,820,1509,0.1388
684,807,1491,0.1388
677,810,1487,0.1388
682,803,1485,0.1388
682,817,1499,0.1388
683,804,1487,0.1388
685,812,1497,0.1388
682,827,1509,0.1388
679,830,1509,0.1388
665,816,1481,0.1388
679,820,1499,0.1388
681,831,1512,0.1388
671,819,1490,0.1388
666,821,1487,0.1388
671,837,1508,0.1388
676,835,1511,0.1388
684,835,1519,0.1388
687,825,1512,0.1388
690,823,1513,0.1388
690,826,1516,0.1388
698,816,1514,0.1388
687,821,1508,0.1388
685,830,1515,0.1388
678,826,1504,0.1388
685,839,1524,0.1388
692,826,1518,0.1388
685,828,1513,0.1388
679,830,1509,0.1388
672,824,1496,0.1388
674,835,1509,0.1388
680,831,1511,0.1388
673,827,1500,0.1388
667,825,1492,0.1388
669,837,1506,0.1388
673,836,1509,0.1388
668,835,1503,0.1388
660,834,1494,0.1388
659,839,1498,0.1388
674,845,1519,0.1388
676,830,1506,0.1388
671,833,1504,0.1388
675,833,1508,0.1388
671,834,1505,0.1388
684,834,1518,0.1388
670,833,1503,0.1388
663,847,1510,0.1388
668,842,1510,0.1388
663,847,1510,0.1388
664,846,1510,0.1388
662,845,1507,0.1388
660,842,1502,0.1388
655,844,1499,0.1388
658,853,1511,0.1388
654,856,1510,0.1388
657,854,1511,0.1388
657,860,1517,0.1388
646,861,1507,0.1388
641,857,1498,0.1388
648,863,1511,0.1388
653,859,1512,0.1388
651,856,1507,0.1388
642,847,1489,0.1388
647,858,1505,0.1388
653,861,1514,0.1388
645,863,1508,0.1388
654,858,1512,0.1388
649,866,1515,0.1388
649,861,1510,0.1388
647,856,1503,0.1388
642,859,1501,0.1388
642,857,1499,0.1388
647,858,1505,0.1388
634,869,1503,0.1388
632,870,1502,0.1388
637,866,1503,0.1388
638,861,1499,0.1388
638,867,1505,0.1388
634,870,1504,0.1388
639,871,1510,0.1388
637,872,1509,0.1388
633,870,1503,0.1388
623,873,1496,0.1388
628,879,1507,0.1388
624,889,1513,0.1388
619,879,1498,0.1388
615,885,1500,0.1388
617,879,1496,0.1388
627,880,1507,0.1388
620,880,1500,0.1388
630,888,1518,0.1388
629,888,1517,0.1388
631,888,1519,0.1388
643,886,1529,0.1388
638,880,1518,0.1388
634,881,1515,0.1388
634,879,1513,0.1388
634,883,1517,0.1388
633,889,1522,0.1388
627,897,1524,0.1388
620,892,1512,0.1388
616,905,1521,0.1388
611,895,1506,0.1388
606,896,1502,0.1388
603,886,1489,0.1388
602,888,1490,0.1388
595,902,1497,0.1388
599,884,1483,0.1388
601,890,1491,0.1388
599,900,1499,0.1388
608,901,1509,0.1388
598,912,1510,0.1388
603,907,1510,0.1388
612,910,1522,0.1388
613,916,1529,0.1388
612,896,1508,0.1388
612,899,1511,0.1388
602,906,1508,0.1388
606,912,1518,0.1388
607,902,1509,0.1388
597,908,1505,0.1388
609,925,1534,0.1388
608,916,1524,0.1388
600,915,1515,0.1388
603,921,1524,0.1388
600,919,1519,0.1388
599,914,1513,0.1388
588,911,1499,0.1388
588,912,1500,0.1388
587,921,1508,0.1388
577,923,1500,0.1388
584,926,1510,0.1388
579,929,1508,0.1388
576,926,1502,0.1388
586,930,1516,0.1388
583,920,1503,0.1388
587,934,1521,0.1388
581,931,1512,0.1388
572,930,1502,0.1388
575,933,1508,0.1388
570,932,1502,0.1388
565,941,1506,0.1388
559,951,1510,0.1388
566,943,1509,0.1388
567,942,1509,0.1388
564,942,1506,0.1388
563,938,1501,0.1388
566,940,1506,0.1388
557,934,1491,0.1388
562,934,1496,0.1388
552,945,1497,0.1388
554,945,1499,0.1388
556,958,1514,0.1388
562,955,1517,0.1388
551,956,1507,0.1388
548,952,1500,0.1388
549,955,1504,0.1388
545,965,1510,0.1388
546,962,1508,0.1388
541,970,1511,0.1388
540,975,1515,0.1388
541,976,1517,0.1388
532,969,1501,0.1388
525,983,1508,0.1388
523,976,1499,0.1388
524,980,1504,0.1388
526,978,1504,0.1388
519,990,1509,0.1388
521,996,1517,0.1388
529,989,1518,0.1388
528,997,1525,0.1388
530,995,1525,0.1388
524,987,1511,0.1388
532,991,1523,0.1388
535,992,1527,0.1388
537,992,1529,0.1388
535,986,1521,0.1388
528,983,1511,0.1388
529,985,1514,0.1388
533,982,1515,0.1388
528,977,1505,0.1388
521,987,1508,0.1388
517,986,1503,0.1388
514,993,1507,0.1388
514,990,1504,0.1388
518,994,1512,0.1388
519,997,1516,0.1388
523,993,1516,0.1388
523,991,1514,0.1388
519,996,1515,0.1388
512,992,1504,0.1388
509,998,1507,0.1388
515,1005,1520,0.1388
516,1004,1520,0.1388
514,1001,1515,0.1388
515,990,1505,0.1388
504,992,1496,0.1388
510,985,1495,0.1388
504,996,1500,0.1388
507,1000,1507,0.1388
507,995,1502,0.1388
509,998,1507,0.1388
510,1006,1516,0.1388
506,1006,1512,0.1388
499,1013,1512,0.1388
500,1018,1518,0.1388
496,1014,1510,0.1388
498,1007,1505,0.1388
498,1007,1505,0.1388
501,1009,1510,0.1388
506,1021,1527,0.1388
502,1023,1525,0.1388
501,1021,1522,0.1388
502,1013,1515,0.1388
499,1020,1519,0.1388
491,1027,1518,0.1388
487,1023,1510,0.1388
490,1016,1506,0.1388
494,1020,1514,0.1388
493,1013,1506,0.1388
495,1016,1511,0.1388
499,1015,1514,0.1388
509,1029,1538,0.1388
501,1025,1526,0.1388
499,1026,1525,0.1388
489,1023,1512,0.1388
490,1030,1520,0.1388
490,1025,1515,0.1388
491,1021,1512,0.1388
490,1021,1511,0.1388
487,1038,1525,0.1388
487,1039,1526,0.1388
480,1044,1524,0.1388
476,1037,1513,0.1388
483,1034,1517,0.1388
480,1037,1517,0.1388
487,1025,1512,0.1388
488,1038,1526,0.1388
482,1028,1510,0.1388
478,1021,1499,0.1388
471,1036,1507,0.1388
475,1024,1499,0.1388
478,1026,1504,0.1388
475,1038,1513,0.1388
473,1036,1509,0.1388
470,1027,1497,0.1388
467,1032,1499,0.1388
469,1031,1500,0.1388
473,1036,1509,0.1388
476,1029,1505,0.1388
473,1027,1500,0.1388
470,1029,1499,0.1388
465,1045,1510,0.1388
458,1055,1513,0.1388
461,1060,1521,0.1388
457,1052,1509,0.1388
457,1061,1518,0.1388
462,1055,1517,0.1388
459,1045,1504,0.1388
458,1056,1514,0.1388
455,1059,1514,0.1388
460,1070,1530,0.1388
465,1066,1531,0.1388
457,1066,1523,0.1388
449,1066,1515,0.1388
452,1059,1511,0.1388
452,1042,1494,0.1388
455,1044,1499,0.1388
457,1039,1496,0.1388
460,1042,1502,0.1388
458,1044,1502,0.1388
460,1047,1507,0.1388
459,1045,1504,0.1388
458,1051,1509,0.1388
457,1052,1509,0.1388
463,1053,1516,0.1388
458,1052,1510,0.1388
458,1060,1518,0.1388
461,1053,1514,0.1388
456,1049,1505,0.1388
459,1062,1521,0.1388
447,1065,1512,0.1388
440,1054,1494,0.1388
431,1067,1498,0.1388
438,1080,1518,0.1388
430,1078,1508,0.1388
425,1076,1501,0.1388
426,1070,1496,0.1388
419,1075,1494,0.1388
422,1091,1513,0.1388
424,1095,1519,0.1388
424,1095,1519,0.1388
423,1095,1518,0.1388
429,1099,1528,0.1388
426,1089,1515,0.1388
418,1087,1505,0.1388
417,1093,1510,0.1388
410,1102,1512,0.1388
411,1090,1501,0.1388
407,1091,1498,0.1388
410,1101,1511,0.1388
412,1105,1517,0.1388
416,1110,1526,0.1388
415,1107,1522,0.1388
419,1103,1522,0.1388
413,1098,1511,0.1388
412,1090,1502,0.1388
407,1095,1502,0.1388
411,1082,1493,0.1388
400,1096,1496,0.1388
393,1083,1476,0.1388
394,1108,1502,0.1388
392,1114,1506,0.1388
385,1118,1503,0.1388
382,1113,1495,0.1388
382,1124,1506,0.1388
377,1129,1506,0.1388
381,1122,1503,0.1388
382,1123,1505,0.1388
377,1119,1496,0.1388
374,1116,1490,0.1388
374,1131,1505,0.1388
375,1120,1495,0.1388
377,1132,1509,0.1388
375,1132,1507,0.1388
369,1125,1494,0.1388
363,1143,1506,0.1388
365,1144,1509,0.1388
367,1141,1508,0.1388
360,1147,1507,0.1388
358,1143,1501,0.1388
364,1143,1507,0.1388
359,1136,1495,0.1388
365,1149,1514,0.1388
363,1155,1518,0.1388
367,1145,1512,0.1388
367,1144,1511,0.1388
355,1145,1500,0.1388
359,1142,1501,0.1388
360,1153,1513,0.1388
354,1150,1504,0.1388
354,1155,1509,0.1388
354,1171,1525,0.1388
354,1171,1525,0.1388
350,1161,1511,0.1388
355,1142,1497,0.1388
355,1146,1501,0.1388
360,1157,1517,0.1388
362,1158,1520,0.1388
357,1157,1514,0.1388
343,1164,1507,0.1388
342,1178,1520,0.1388
339,1174,1513,0.1388
342,1185,1527,0.1388
334,1175,1509,0.1388
342,1168,1510,0.1388
339,1169,1508,0.1388
343,1172,1515,0.1388
341,1171,1512,0.1388
342,1166,1508,0.1388
334,1155,1489,0.1388
335,1159,1494,0.1388
329,1158,1487,0.1388
334,1164,1498,0.1388
336,1168,1504,0.1388
342,1163,1505,0.1388
337,1163,1500,0.1388
336,1166,1502,0.1388
336,1167,1503,0.1388
337,1160,1497,0.1388
337,1178,1515,0.1388
335,1187,1522,0.1388
334,1179,1513,0.1388
330,1181,1511,0.1388
329,1182,1511,0.1388
321,1193,1514,0.1388
317,1195,1512,0.1388
313,1206,1519,0.1388
310,1186,1496,0.1388
310,1191,1501,0.1388
321,1190,1511,0.1388
317,1201,1518,0.1388
313,1194,1507,0.1388
310,1205,1515,0.1388
309,1213,1522,0.1388
310,1219,1529,0.1388
305,1216,1521,0.1388
302,1206,1508,0.1388
300,1212,1512,0.1388
296,1213,1509,0.1388
293,1197,1490,0.1388
296,1199,1495,0.1388
299,1199,1498,0.1388
295,1205,1500,0.1388
296,1203,1499,0.1388
297,1214,1511,0.1388
301,1222,1523,0.1388
298,1221,1519,0.1388
295,1221,1516,0.1388
292,1210,1502,0.1388
297,1211,1508,0.1388
298,1219,1517,0.1388
301,1218,1519,0.1388
298,1217,1515,0.1388
290,1227,1517,0.1388
295,1210,1505,0.1388
302,1217,1519,0.1388
293,1218,1511,0.1388
294,1220,1514,0.1388
289,1218,1507,0.1388
289,1217,1506,0.1388
294,1218,1512,0.1388
290,1203,1493,0.1388
291,1209,1500,0.1388
302,1208,1510,0.1388
304,1210,1514,0.1388
306,1213,1519,0.1388
294,1222,1516,0.1388
292,1199,1491,0.1388
289,1200,1489,0.1388
293,1209,1502,0.1388
306,1212,1518,0.1388
299,1213,1512,0.1388
297,1216,1513,0.1388
290,1222,1512,0.1388
289,1209,1498,0.1388
286,1212,1498,0.1388
290,1212,1502,0.1388
285,1209,1494,0.1388
286,1210,1496,0.1388
282,1219,1501,0.1388
284,1230,1514,0.1388
283,1228,1511,0.1388
285,1228,1513,0.1388
282,1221,1503,0.1388
283,1231,1514,0.1388
283,1237,1520,0.1388
287,1233,1520,0.1388
281,1228,1509,0.1388
271,1236,1507,0.1388
272,1240,1512,0.1388
276,1245,1521,0.1388
277,1246,1523,0.1388
275,1239,1514,0.1388
271,1237,1508,0.1388
269,1239,1508,0.1388
268,1242,1510,0.1388
264,1240,1504,0.1388
265,1244,1509,0.1388
261,1249,1510,0.1388
269,1249,1518,0.1388
270,1257,1527,0.1388
268,1250,1518,0.1388
265,1246,1511,0.1388
265,1247,1512,0.1388
261,1235,1496,0.1388
261,1247,1508,0.1388
265,1240,1505,0.1388
269,1222,1491,0.1388
267,1227,1494,0.1388
266,1231,1497,0.1388
269,1227,1496,0.1388
266,1234,1500,0.1388
269,1232,1501,0.1388
264,1238,1502,0.1388
265,1241,1506,0.1388
266,1242,1508,0.1388
251,1246,1497,0.1388
253,1257,1510,0.1388
258,1253,1511,0.1388
260,1253,1513,0.1388
262,1252,1514,0.1388
255,1258,1513,0.1388
256,1249,1505,0.1388
254,1240,1494,0.1388
258,1238,1496,0.1388
261,1244,1505,0.1388
258,1251,1509,0.1388
257,1249,1506,0.1388
258,1251,1509,0.1388
260,1259,1519,0.1388
254,1259,1513,0.1388
244,1260,1504,0.1388
242,1260,1502,0.1388
245,1256,1501,0.1388
245,1264,1509,0.1388
251,1262,1513,0.1388
250,1272,1522,0.1388
246,1264,1510,0.1388
247,1258,1505,0.1388
249,1258,1507,0.1388
250,1254,1504,0.1388
248,1254,1502,0.1388
249,1255,1504,0.1388
245,1266,1511,0.1388
245,1262,1507,0.1388
244,1263,1507,0.1388
237,1259,1496,0.1388
235,1258,1493,0.1388
235,1271,1506,0.1388
246,1271,1517,0.1388
246,1273,1519,0.1388
242,1272,1514,0.1388
246,1265,1511,0.1388
249,1271,1520,0.1388
249,1269,1518,0.1388
249,1263,1512,0.1388
240,1267,1507,0.1388
241,1279,1520,0.1388
239,1276,1515,0.1388
240,1283,1523,0.1388
242,1277,1519,0.1388
240,1276,1516,0.1388
236,1273,1509,0.1388
238,1287,1525,0.1388
241,1277,1518,0.1388
232,1282,1514,0.1388
228,1289,1517,0.1388
232,1286,1518,0.1388
230,1286,1516,0.1388
226,1273,1499,0.1388
226,1271,1497,0.1388
222,1283,1505,0.1388
233,1277,1510,0.1388
233,1282,1515,0.1388
230,1300,1530,0.1388
224,1302,1526,0.1388
222,1311,1533,0.1388
223,1298,1521,0.1388
223,1276,1499,0.1388
221,1292,1513,0.1388
224,1302,1526,0.1388
220,1290,1510,0.1388
218,1298,1516,0.1388
220,1300,1520,0.1388
223,1296,1519,0.1388
220,1288,1508,0.1388
215,1293,1508,0.1388
212,1288,1500,0.1388
212,1298,1510,0.1388
211,1302,1513,0.1388
205,1287,1492,0.1388
205,1293,1498,0.1388
207,1310,1517,0.1388
211,1323,1534,0.1388
205,1324,1529,0.1388
204,1313,1517,0.1388
205,1296,1501,0.1388
207,1307,1514,0.1388
203,1301,1504,0.1388
201,1303,1504,0.1388
198,1300,1498,0.1388
202,1306,1508,0.1388
205,1329,1534,0.1388
203,1314,1517,0.1388
203,1327,1530,0.1388
198,1323,1521,0.1388
196,1342,1538,0.1388
196,1337,1533,0.1388
198,1333,1531,0.1388
196,1329,1525,0.1388
189,1324,1513,0.1388
190,1328,1518,0.1388
189,1338,1527,0.1388
184,1326,1510,0.1388
191,1337,1528,0.1388
189,1342,1531,0.1388
182,1335,1517,0.1388
186,1329,1515,0.1388
186,1323,1509,0.1388
188,1323,1511,0.1388
187,1332,1519,0.1388
187,1322,1509,0.1388
191,1328,1519,0.1388
189,1336,1525,0.1388
186,1333,1519,0.1388
188,1334,1522,0.1388
187,1326,1513,0.1388
183,1325,1508,0.1388
187,1319,1506,0.1388
185,1329,1514,0.1388
183,1329,1512,0.1388
180,1331,1511,0.1388
177,1328,1505,0.1388
177,1344,1521,0.1388
173,1347,1520,0.1388
169,1345,1514,0.1388
166,1349,1515,0.1388
171,1337,1508,0.1388
173,1345,1518,0.1388
175,1344,1519,0.1388
175,1346,1521,0.1388
178,1331,1509,0.1388
175,1353,1528,0.1388
173,1354,1527,0.1388
166,1352,1518,0.1388
164,1341,1505,0.1388
165,1340,1505,0.1388
168,1348,1516,0.1388
168,1356,1524,0.1388
165,1349,1514,0.1388
165,1351,1516,0.1388
168,1350,1518,0.1388
166,1349,1515,0.1388
168,1357,1525,0.1388
166,1366,1532,0.1388
164,1356,1520,0.1388
164,1348,1512,0.1388
164,1349,1513,0.1388
167,1349,1516,0.1388
163,1342,1505,0.1388
158,1342,1500,0.1388
160,1345,1505,0.1388
159,1345,1504,0.1388
158,1349,1507,0.1388
162,1354,1516,0.1388
161,1353,1514,0.1388
162,1346,1508,0.1388
156,1360,1516,0.1388
157,1358,1515,0.1388
156,1356,1512,0.1388
160,1375,1535,0.1388
155,1362,1517,0.1388
156,1363,1519,0.1388
156,1359,1515,0.1388
156,1358,1514,0.1388
153,1358,1511,0.1388
150,1355,1505,0.1388
146,1358,1504,0.1388
147,1358,1505,0.1388
146,1363,1509,0.1388
145,1362,1507,0.1388
146,1360,1506,0.1388
143,1370,1513,0.1388
145,1376,1521,0.1388
145,1366,1511,0.1388
143,1371,1514,0.1388
144,1374,1518,0.1388
145,1376,1521,0.1388
146,1372,1518,0.1388
150,1373,1523,0.1388
154,1362,1516,0.1388
150,1360,1510,0.1388
151,1373,1524,0.1388
152,1368,1520,0.1388
152,1361,1513,0.1388
153,1367,1520,0.1388
151,1368,1519,0.1388
152,1365,1517,0.1388
149,1373,1522,0.1388
144,1374,1518,0.1388
145,1377,1522,0.1388
143,1372,1515,0.1388
144,1374,1518,0.1388
144,1375,1519,0.1388
143,1384,1527,0.1388
137,1378,1515,0.1388
137,1380,1517,0.1388
135,1381,1516,0.1388
134,1374,1508,0.1388
129,1381,1510,0.1388
128,1385,1513,0.1388
126,1379,1505,0.1388
125,1393,1518,0.1388
124,1392,1516,0.1388
125,1403,1528,0.1388
128,1391,1519,0.1388
131,1389,1520,0.1388
129,1378,1507,0.1388
128,1378,1506,0.1388
129,1381,1510,0.1388
131,1373,1504,0.1388
129,1384,1513,0.1388
128,1392,1520,0.1388
124,1386,1510,0.1388
125,1390,1515,0.1388
127,1393,1520,0.1388
125,1384,1509,0.1388
124,1383,1507,0.1388
126,1388,1514,0.1388
127,1392,1519,0.1388
127,1388,1515,0.1388
130,1391,1521,0.1388
129,1391,1520,0.1388
129,1389,1518,0.1388
128,1379,1507,0.1388
132,1374,1506,0.1388
129,1387,1516,0.1388
129,1392,1521,0.1388
124,1376,1500,0.1388
124,1376,1500,0.1388
128,1381,1509,0.1388
128,1384,1512,0.1388
129,1380,1509,0.1388
129,1380,1509,0.1388
125,1385,1510,0.1388
126,1378,1504,0.1388
125,1382,1507,0.1388
125,1386,1511,0.1388
123,1397,1520,0.1388
121,1401,1522,0.1388
121,1402,1523,0.1388
122,1408,1530,0.1388
118,1400,1518,0.1388
118,1388,1506,0.1388
120,1396,1516,0.1388
121,1402,1523,0.1388
121,1408,1529,0.1388
113,1407,1520,0.1388
118,1404,1522,0.1388
117,1403,1520,0.1388
118,1393,1511,0.1388
121,1401,1522,0.1388
124,1389,1513,0.1388
125,1388,1513,0.1388
123,1398,1521,0.1388
122,1398,1520,0.1388
120,1391,1511,0.1388
120,1405,1525,0.1388
119,1404,1523,0.1388
117,1403,1520,0.1388
115,1394,1509,0.1388
116,1399,1515,0.1388
119,1388,1507,0.1388
119,1387,1506,0.1388
115,1388,1503,0.1388
116,1387,1503,0.1388
119,1388,1507,0.1388
120,1381,1501,0.1388
120,1392,1512,0.1388
121,1388,1509,0.1388
121,1397,1518,0.1388
121,1395,1516,0.1388
120,1403,1523,0.1388
119,1399,1518,0.1388
116,1390,1506,0.1388
119,1401,1520,0.1388
123,1406,1529,0.1388
120,1398,1518,0.1388
115,1396,1511,0.1388
119,1389,1508,0.1388
117,1388,1505,0.1388
117,1392,1509,0.1388
117,1409,1526,0.1388
114,1398,1512,0.1388
116,1386,1502,0.1388
118,1394,1512,0.1388
115,1390,1505,0.1388
118,1389,1507,0.1388
115,1391,1506,0.1388
117,1386,1503,0.1388
120,1394,1514,0.1388
118,1390,1508,0.1388
117,1385,1502,0.1388
118,1394,1512,0.1388
119,1397,1516,0.1388
117,1389,1506,0.1388
116,1396,1512,0.1388
113,1393,1506,0.1388
109,1392,1501,0.1388
109,1397,1506,0.1388
112,1395,1507,0.1388
111,1407,1518,0.1388
109,1402,1511,0.1388
106,1408,1514,0.1388
105,1408,1513,0.1388
102,1420,1522,0.1388
100,1416,1516,0.1388
101,1434,1535,0.1388
97,1419,1516,0.1388
98,1406,1504,0.1388
96,1398,1494,0.1388
94,1417,1511,0.1388
95,1416,1511,0.1388
96,1419,1515,0.1388
94,1414,1508,0.1388
92,1417,1509,0.1388
91,1417,1508,0.1388
91,1421,1512,0.1388
92,1424,1516,0.1388
94,1426,1520,0.1388
96,1430,1526,0.1388
94,1423,1517,0.1388
94,1427,1521,0.1388
92,1433,1525,0.1388
93,1441,1534,0.1388
90,1437,1527,0.1388
88,1433,1521,0.1388
85,1443,1528,0.1388
83,1436,1519,0.1388
83,1430,1513,0.1388
84,1431,1515,0.1388
84,1430,1514,0.1388
85,1442,1527,0.1388
82,1439,1521,0.1388
81,1441,1522,0.1388
81,1440,1521,0.1388
79,1437,1516,0.1388
79,1432,1511,0.1388
78,1421,1499,0.1388
75,1431,1506,0.1388
75,1445,1520,0.1388
71,1449,1520,0.1388
73,1445,1518,0.1388
71,1443,1514,0.1388
71,1445,1516,0.1388
71,1443,1514,0.1388
69,1449,1518,0.1388
69,1453,1522,0.1388
70,1447,1517,0.1388
71,1442,1513,0.1388
72,1432,1504,0.1388
71,1423,1494,0.1388
71,1440,1511,0.1388
71,1432,1503,0.1388
69,1436,1505,0.1388
68,1430,1498,0.1388
69,1438,1507,0.1388
68,1429,1497,0.1388
66,1441,1507,0.1388
66,1436,1502,0.1388
69,1447,1516,0.1388
68,1435,1503,0.1388
68,1435,1503,0.1388
68,1436,1504,0.1388
68,1443,1511,0.1388
70,1455,1525,0.1388
72,1457,1529,0.1388
76,1446,1522,0.1388
76,1442,1518,0.1388
78,1440,1518,0.1388
77,1442,1519,0.1388
80,1428,1508,0.1388
81,1435,1516,0.1388
80,1437,1517,0.1388
77,1450,1527,0.1388
75,1442,1517,0.1388
75,1448,1523,0.1388
73,1450,1523,0.1388
74,1435,1509,0.1388
76,1431,1507,0.1388
76,1432,1508,0.1388
76,1438,1514,0.1388
77,1432,1509,0.1388
81,1441,1522,0.1388
81,1435,1516,0.1388
80,1446,1526,0.1388
80,1450,1530,0.1388
77,1441,1518,0.1388
78,1436,1514,0.1388
76,1439,1515,0.1388
74,1452,1526,0.1388
78,1439,1517,0.1388
77,1441,1518,0.1388
79,1447,1526,0.1388
74,1431,1505,0.1388
74,1438,1512,0.1388
72,1440,1512,0.1388
68,1430,1498,0.1388
66,1437,1503,0.1388
67,1453,1520,0.1388
64,1453,1517,0.1388
66,1443,1509,0.1388
67,1436,1503,0.1388
70,1445,1515,0.1388
69,1438,1507,0.1388
67,1450,1517,0.1388
68,1454,1522,0.1388
69,1445,1514,0.1388
69,1455,1524,0.1388
68,1450,1518,0.1388
70,1438,1508,0.1388
68,1434,1502,0.1388
65,1433,1498,0.1388
63,1443,1506,0.1388
64,1445,1509,0.1388
63,1446,1509,0.1388
61,1449,1510,0.1388
59,1447,1506,0.1388
60,1452,1512,0.1388
61,1446,1507,0.1388
62,1456,1518,0.1388
59,1468,1527,0.1388
61,1450,1511,0.1388
59,1459,1518,0.1388
58,1468,1526,0.1388
57,1463,1520,0.1388
57,1451,1508,0.1388
56,1440,1496,0.1388
56,1462,1518,0.1388
55,1463,1518,0.1388
56,1471,1527,0.1388
54,1460,1514,0.1388
53,1458,1511,0.1388
50,1469,1519,0.1388
49,1467,1516,0.1388
51,1471,1522,0.1388
49,1475,1524,0.1388
52,1481,1533,0.1388
52,1473,1525,0.1388
50,1475,1525,0.1388
51,1471,1522,0.1388
48,1481,1529,0.1388
47,1471,1518,0.1388
49,1475,1524,0.1388
48,1469,1517,0.1388
47,1480,1527,0.1388
47,1482,1529,0.1388
47,1475,1522,0.1388
47,1473,1520,0.1388
48,1471,1519,0.1388
49,1460,1509,0.1388
49,1463,1512,0.1388
48,1453,1501,0.1388
49,1463,1512,0.1388
49,1466,1515,0.1388
52,1474,1526,0.1388
51,1470,1521,0.1388
51,1452,1503,0.1388
51,1455,1506,0.1388
51,1456,1507,0.1388
52,1461,1513,0.1388
52,1450,1502,0.1388
54,1449,1503,0.1388
55,1439,1494,0.1388
54,1446,1500,0.1388
56,1444,1500,0.1388
55,1452,1507,0.1388
53,1450,1503,0.1388
53,1458,1511,0.1388
52,1464,1516,0.1388
53,1467,1520,0.1388
53,1456,1509,0.1388
54,1456,1510,0.1388
54,1454,1508,0.1388
53,1445,1498,0.1388
50,1455,1505,0.1388
50,1447,1497,0.1388
51,1457,1508,0.1388
53,1464,1517,0.1388
50,1472,1522,0.1388
48,1470,1518,0.1388
45,1475,1520,0.1388
48,1471,1519,0.1388
47,1469,1516,0.1388
45,1464,1509,0.1388
43,1466,1509,0.1388
44,1469,1513,0.1388
43,1465,1508,0.1388
42,1466,1508,0.1388
41,1480,1521,0.1388
42,1476,1518,0.1388
40,1493,1533,0.1388
40,1483,1523,0.1388
39,1471,1510,0.1388
40,1463,1503,0.1388
40,1468,1508,0.1388
40,1458,1498,0.1388
37,1466,1503,0.1388
35,1466,1501,0.1388
33,1467,1500,0.1388
34,1469,1503,0.1388
37,1474,1511,0.1388
38,1463,1501,0.1388
38,1471,1509,0.1388
41,1464,1505,0.1388
41,1460,1501,0.1388
41,1474,1515,0.1388
42,1468,1510,0.1388
41,1465,1506,0.1388
40,1461,1501,0.1388
39,1480,1519,0.1388
39,1476,1515,0.1388
40,1470,1510,0.1388
40,1477,1517,0.1388
40,1481,1521,0.1388
39,1483,1522,0.1388
39,1494,1533,0.1388
39,1496,1535,0.1388
39,1493,1532,0.1388
39,1492,1531,0.1388
37,1488,1525,0.1388
35,1484,1519,0.1388
34,1491,1525,0.1388
35,1484,1519,0.1388
35,1479,1514,0.1388
36,1469,1505,0.1388
36,1467,1503,0.1388
36,1481,1517,0.1388
39,1472,1511,0.1388
41,1476,1517,0.1388
40,1474,1514,0.1388
39,1476,1515,0.1388
38,1484,1522,0.1388
39,1493,1532,0.1388
38,1472,1510,0.1388
37,1483,1520,0.1388
36,1487,1523,0.1388
34,1474,1508,0.1388
33,1486,1519,0.1388
33,1484,1517,0.1388
33,1487,1520,0.1388
34,1481,1515,0.1388
33,1481,1514,0.1388
32,1487,1519,0.1388
32,1484,1516,0.1388
29,1474,1503,0.1388
27,1483,1510,0.1388
28,1478,1506,0.1388
30,1482,1512,0.1388
31,1489,1520,0.1388
31,1487,1518,0.1388
31,1493,1524,0.1388
29,1501,1530,0.1388
29,1504,1533,0.1388
30,1497,1527,0.1388
29,1490,1519,0.1388
29,1489,1518,0.1388
29,1490,1519,0.1388
29,1493,1522,0.1388
30,1488,1518,0.1388
30,1478,1508,0.1388
28,1476,1504,0.1388
29,1488,1517,0.1388
29,1496,1525,0.1388
29,1500,1529,0.1388
28,1479,1507,0.1388
27,1485,1512,0.1388
28,1497,1525,0.1388
29,1497,1526,0.1388
28,1499,1527,0.1388
28,1502,1530,0.1388
28,1502,1530,0.1388
30,1491,1521,0.1388
29,1503,1532,0.1388
27,1486,1513,0.1388
27,1494,1521,0.1388
26,1493,1519,0.1388
26,1493,1519,0.1388
27,1491,1518,0.1388
26,1494,1520,0.1388
26,1489,1515,0.1388
27,1479,1506,0.1388
28,1458,1486,0.1388
28,1475,1503,0.1388
27,1482,1509,0.1388
27,1480,1507,0.1388
28,1490,1518,0.1388
29,1501,1530,0.1388
27,1500,1527,0.1388
25,1500,1525,0.1388
24,1488,1512,0.1388
23,1492,1515,0.1388
25,1495,1520,0.1388
25,1488,1513,0.1388
28,1486,1514,0.1388
28,1480,1508,0.1388
29,1484,1513,0.1388
27,1479,1506,0.1388
29,1498,1527,0.1388
28,1489,1517,0.1388
28,1493,1521,0.1388
28,1491,1519,0.1388
29,1483,1512,0.1388
29,1480,1509,0.1388
30,1497,1527,0.1388
30,1485,1515,0.1388
29,1492,1521,0.1388
28,1481,1509,0.1388
30,1477,1507,0.1388
32,1478,1510,0.1388
30,1489,1519,0.1388
30,1484,1514,0.1388
31,1479,1510,0.1388
30,1478,1508,0.1388
32,1475,1507,0.1388
33,1467,1500,0.1388
32,1469,1501,0.1388
32,1460,1492,0.1388
33,1463,1496,0.1388
35,1476,1511,0.1388
33,1492,1525,0.1388
34,1497,1531,0.1388
34,1487,1521,0.1388
34,1490,1524,0.1388
33,1479,1512,0.1388
34,1468,1502,0.1388
34,1468,1502,0.1388
33,1481,1514,0.1388
31,1490,1521,0.1388
29,1483,1512,0.1388
30,1481,1511,0.1388
30,1479,1509,0.1388
31,1483,1514,0.1388
31,1490,1521,0.1388
27,1483,1510,0.1388
25,1480,1505,0.1388
24,1495,1519,0.1388
25,1483,1508,0.1388
28,1482,1510,0.1388
27,1501,1528,0.1388
28,1503,1531,0.1388
28,1512,1540,0.1388
28,1507,1535,0.1388
29,1511,1540,0.1388
28,1500,1528,0.1388
25,1488,1513,0.1388
25,1489,1514,0.1388
24,1496,1520,0.1388
23,1494,1517,0.1388
25,1492,1517,0.1388
24,1482,1506,0.1388
24,1495,1519,0.1388
25,1493,1518,0.1388
24,1494,1518,0.1388
24,1508,1532,0.1388
25,1497,1522,0.1388
25,1498,1523,0.1388
25,1493,1518,0.1388
25,1486,1511,0.1388
26,1497,1523,0.1388
26,1495,1521,0.1388
26,1488,1514,0.1388
25,1489,1514,0.1388
25,1496,1521,0.1388
25,1501,1526,0.1388
25,1493,1518,0.1388
25,1496,1521,0.1388
24,1500,1524,0.1388
24,1499,1523,0.1388
24,1488,1512,0.1388
24,1493,1517,0.1388
23,1491,1514,0.1388
22,1494,1516,0.1388
22,1500,1522,0.1388
22,1506,1528,0.1388
22,1493,1515,0.1388
21,1503,1524,0.1388
21,1498,1519,0.1388
22,1502,1524,0.1388
22,1507,1529,0.1388
22,1499,1521,0.1388
25,1493,1518,0.1388
23,1494,1517,0.1388
23,1490,1513,0.1388
24,1493,1517,0.1388
24,1497,1521,0.1388
23,1504,1527,0.1388
23,1503,1526,0.1388
22,1500,1522,0.1388
22,1514,1536,0.1388
22,1512,1534,0.1388
22,1505,1527,0.1388
21,1475,1496,0.1388
21,1482,1503,0.1388
21,1501,1522,0.1388
21,1488,1509,0.1388
21,1493,1514,0.1388
20,1498,1518,0.1388
24,1495,1519,0.1388
25,1490,1515,0.1388
24,1487,1511,0.1388
23,1485,1508,0.1388
23,1493,1516,0.1388
25,1479,1504,0.1388
26,1484,1510,0.1388
27,1484,1511,0.1388
24,1480,1504,0.1388
23,1474,1497,0.1388
23,1481,1504,0.1388
23,1488,1511,0.1388
23,1486,1509,0.1388
23,1487,1510,0.1388
24,1489,1513,0.1388
26,1497,1523,0.1388
27,1505,1532,0.1388
27,1487,1514,0.1388
25,1497,1522,0.1388
26,1497,1523,0.1388
27,1498,1525,0.1388
29,1497,1526,0.1388
26,1482,1508,0.1388
27,1494,1521,0.1388
29,1493,1522,0.1388
29,1491,1520,0.1388
28,1498,1526,0.1388
29,1481,1510,0.1388
30,1487,1517,0.1388
30,1474,1504,0.1388
29,1469,1498,0.1388
30,1484,1514,0.1388
29,1484,1513,0.1388
30,1489,1519,0.1388
31,1479,1510,0.1388
31,1461,1492,0.1388
32,1475,1507,0.1388
31,1489,1520,0.1388
32,1480,1512,0.1388
33,1475,1508,0.1388
33,1473,1506,0.1388
33,1461,1494,0.1388
34,1464,1498,0.1388
32,1475,1507,0.1388
32,1492,1524,0.1388
31,1503,1534,0.1388
32,1499,1531,0.1388
30,1492,1522,0.1388
31,1490,1521,0.1388
32,1495,1527,0.1388
33,1487,1520,0.1388
31,1487,1518,0.1388
33,1482,1515,0.1388
34,1483,1517,0.1388
37,1482,1519,0.1388
38,1478,1516,0.1388
35,1489,1524,0.1388
37,1500,1537,0.1388
37,1499,1536,0.1388
37,1487,1524,0.1388
36,1486,1522,0.1388
38,1476,1514,0.1388
39,1480,1519,0.1388
37,1495,1532,0.1388
40,1487,1527,0.1388
39,1473,1512,0.1388
40,1492,1532,0.1388
40,1501,1541,0.1388
40,1487,1527,0.1388
41,1489,1530,0.1388
40,1486,1526,0.1388
40,1491,1531,0.1388
40,1492,1532,0.1388
39,1490,1529,0.1388
37,1487,1524,0.1388
40,1485,1525,0.1388
40,1491,1531,0.1388
41,1494,1535,0.1388
41,1486,1527,0.1388
40,1480,1520,0.1388
38,1474,1512,0.1388
36,1474,1510,0.1388
37,1474,1511,0.1388
39,1477,1516,0.1388
38,1465,1503,0.1388
38,1476,1514,0.1388
38,1483,1521,0.1388
38,1477,1515,0.1388
41,1486,1527,0.1388
39,1487,1526,0.1388
38,1486,1524,0.1388
40,1488,1528,0.1388
42,1480,1522,0.1388
41,1471,1512,0.1388
42,1478,1520,0.1388
44,1479,1523,0.1388
40,1468,1508,0.1388
41,1479,1520,0.1388
41,1489,1530,0.1388
41,1487,1528,0.1388
39,1479,1518,0.1388
39,1477,1516,0.1388
38,1480,1518,0.1388
38,1481,1519,0.1388
38,1485,1523,0.1388
35,1483,1518,0.1388
36,1476,1512,0.1388
35,1478,1513,0.1388
34,1472,1506,0.1388
33,1476,1509,0.1388
33,1485,1518,0.1388
32,1478,1510,0.1388
30,1478,1508,0.1388
31,1470,1501,0.1388
30,1478,1508,0.1388
29,1471,1500,0.1388
28,1476,1504,0.1388
28,1472,1500,0.1388
27,1481,1508,0.1388
27,1481,1508,0.1388
26,1485,1511,0.1388
26,1472,1498,0.1388
25,1472,1497,0.1388
25,1467,1492,0.1388
27,1489,1516,0.1388
26,1484,1510,0.1388
25,1481,1506,0.1388
26,1473,1499,0.1388
26,1461,1487,0.1388
25,1482,1507,0.1388
26,1480,1506,0.1388
25,1485,1510,0.1388
25,1480,1505,0.1388
25,1487,1512,0.1388
24,1481,1505,0.1388
25,1486,1511,0.1388
24,1487,1511,0.1388
24,1488,1512,0.1388
22,1486,1508,0.1388
22,1494,1516,0.1388
23,1491,1514,0.1388
23,1492,1515,0.1388
23,1502,1525,0.1388
23,1506,1529,0.1388
24,1496,1520,0.1388
24,1487,1511,0.1388
24,1491,1515,0.1388
25,1492,1517,0.1388
24,1478,1502,0.1388
24,1492,1516,0.1388
23,1495,1518,0.1388
21,1494,1515,0.1388
21,1496,1517,0.1388
22,1499,1521,0.1388
22,1506,1528,0.1388
22,1502,1524,0.1388
22,1496,1518,0.1388
21,1489,1510,0.1388
23,1485,1508,0.1388
24,1495,1519,0.1388
23,1496,1519,0.1388
24,1489,1513,0.1388
24,1489,1513,0.1388
24,1489,1513,0.1388
24,1475,1499,0.1388
24,1472,1496,0.1388
24,1466,1490,0.1388
23,1484,1507,0.1388
20,1479,1499,0.1388
19,1491,1510,0.1388
18,1499,1517,0.1388
18,1489,1507,0.1388
17,1492,1509,0.1388
15,1502,1517,0.1388
16,1501,1517,0.1388
17,1507,1524,0.1388
18,1512,1530,0.1388
17,1508,1525,0.1388
17,1505,1522,0.1388
17,1497,1514,0.1388
17,1494,1511,0.1388
17,1492,1509,0.1388
17,1481,1498,0.1388
17,1479,1496,0.1388
17,1474,1491,0.1388
16,1482,1498,0.1388
16,1493,1509,0.1388
15,1499,1514,0.1388
14,1495,1509,0.1388
13,1497,1510,0.1388
13,1491,1504,0.1388
13,1487,1500,0.1388
14,1496,1510,0.1388
15,1497,1512,0.1388
15,1504,1519,0.1388
14,1500,1514,0.1388
14,1496,1510,0.1388
15,1489,1504,0.1388
15,1493,1508,0.1388
15,1483,1498,0.1388
15,1483,1498,0.1388
15,1485,1500,0.1388
15,1509,1524,0.1388
15,1488,1503,0.1388
14,1510,1524,0.1388
14,1497,1511,0.1388
14,1514,1528,0.1388
14,1504,1518,0.1388
14,1496,1510,0.1388
12,1480,1492,0.1388
13,1478,1491,0.1388
13,1493,1506,0.1388
12,1513,1525,0.1388
12,1497,1509,0.1388
12,1501,1513,0.1388
12,1504,1516,0.1388
12,1510,1522,0.1388
12,1497,1509,0.1388
12,1485,1497,0.1388
11,1497,1508,0.1388
11,1500,1511,0.1388
12,1486,1498,0.1388
12,1494,1506,0.1388
12,1501,1513,0.1388
12,1518,1530,0.1388
12,1517,1529,0.1388
13,1511,1524,0.1388
13,1510,1523,0.1388
12,1509,1521,0.1388
12,1494,1506,0.1388
13,1496,1509,0.1388
13,1496,1509,0.1388
13,1494,1507,0.1388
13,1507,1520,0.1388
13,1493,1506,0.1388
14,1501,1515,0.1388
15,1499,1514,0.1388
15,1504,1519,0.1388
14,1517,1531,0.1388
14,1511,1525,0.1388
14,1514,1528,0.1388
14,1510,1524,0.1388
14,1507,1521,0.1388
14,1502,1516,0.1388
14,1505,1519,0.1388
14,1507,1521,0.1388
13,1501,1514,0.1388
14,1512,1526,0.1388
14,1512,1526,0.1388
14,1517,1531,0.1388
13,1516,1529,0.1388
14,1504,1518,0.1388
14,1506,1520,0.1388
14,1507,1521,0.1388
14,1509,1523,0.1388
13,1499,1512,0.1388
13,1511,1524,0.1388
13,1506,1519,0.1388
13,1508,1521,0.1388
12,1511,1523,0.1388
13,1512,1525,0.1388
12,1510,1522,0.1388
12,1505,1517,0.1388
12,1508,1520,0.1388
12,1521,1533,0.1388
13,1519,1532,0.1388
13,1516,1529,0.1388
13,1514,1527,0.1388
13,1524,1537,0.1388
12,1516,1528,0.1388
13,1498,1511,0.1388
13,1485,1498,0.1388
13,1487,1500,0.1388
12,1493,1505,0.1388
12,1508,1520,0.1388
13,1510,1523,0.1388
13,1507,1520,0.1388
13,1508,1521,0.1388
13,1497,1510,0.1388
12,1499,1511,0.1388
12,1493,1505,0.1388
10,1494,1504,0.1388
11,1510,1521,0.1388
11,1517,1528,0.1388
11,1511,1522,0.1388
9,1505,1514,0.1388
9,1511,1520,0.1388
8,1513,1521,0.1388
8,1509,1517,0.1388
8,1511,1519,0.1388
8,1489,1497,0.1388
7,1490,1497,0.1388
8,1499,1507,0.1388
7,1492,1499,0.1388
7,1496,1503,0.1388
7,1492,1499,0.1388
7,1494,1501,0.1388
8,1504,1512,0.1388
11,1490,1501,0.1388
10,1486,1496,0.1388
10,1491,1501,0.1388
10,1501,1511,0.1388
11,1506,1517,0.1388
10,1498,1508,0.1388
11,1491,1502,0.1388
11,1499,1510,0.1388
12,1501,1513,0.1388
12,1508,1520,0.1388
12,1498,1510,0.1388
12,1486,1498,0.1388
13,1494,1507,0.1388
13,1521,1534,0.1388
12,1521,1533,0.1388
12,1517,1529,0.1388
11,1520,1531,0.1388
10,1519,1529,0.1388
10,1496,1506,0.1388
10,1515,1525,0.1388
10,1508,1518,0.1388
10,1507,1517,0.1388
9,1507,1516,0.1388
9,1522,1531,0.1388
10,1512,1522,0.1388
9,1522,1531,0.1388
9,1509,1518,0.1388
10,1519,1529,0.1388
10,1519,1529,0.1388
9,1499,1508,0.1388
8,1496,1504,0.1388
8,1485,1493,0.1388
10,1480,1490,0.1388
9,1492,1501,0.1388
9,1487,1496,0.1388
9,1503,1512,0.1388
9,1506,1515,0.1388
9,1506,1515,0.1388
9,1519,1528,0.1388
9,1519,1528,0.1388
9,1525,1534,0.1388
9,1521,1530,0.1388
9,1517,1526,0.1388
9,1509,1518,0.1388
9,1513,1522,0.1388
9,1498,1507,0.1388
9,1509,1518,0.1388
9,1512,1521,0.1388
10,1523,1533,0.1388
9,1521,1530,0.1388
8,1539,1547,0.1388
8,1516,1524,0.1388
8,1514,1522,0.1388
8,1516,1524,0.1388
8,1524,1532,0.1388
7,1526,1533,0.1388
7,1523,1530,0.1388
7,1521,1528,0.1388
7,1514,1521,0.1388
6,1524,1530,0.1388
6,1527,1533,0.1388
6,1511,1517,0.1388
6,1511,1517,0.1388
7,1509,1516,0.1388
7,1494,1501,0.1388
7,1508,1515,0.1388
7,1499,1506,0.1388
5,1501,1506,0.1388
5,1501,1506,0.1388
5,1502,1507,0.1388
5,1513,1518,0.1388
5,1512,1517,0.1388
5,1506,1511,0.1388
5,1505,1510,0.1388
5,1506,1511,0.1388
5,1500,1505,0.1388
5,1506,1511,0.1388
5,1503,1508,0.1388
5,1496,1501,0.1388
4,1514,1518,0.1388
4,1506,1510,0.1388
3,1508,1511,0.1388
3,1505,1508,0.1388
3,1520,1523,0.1388
3,1518,1521,0.1388
3,1512,1515,0.1388
3,1503,1506,0.1388
3,1500,1503,0.1388
3,1505,1508,0.1388
3,1505,1508,0.1388
3,1500,1503,0.1388
3,1508,1511,0.1388
3,1510,1513,0.1388
3,1503,1506,0.1388
3,1511,1514,0.1388
3,1509,1512,0.1388
3,1518,1521,0.1388
3,1525,1528,0.1388
3,1514,1517,0.1388
3,1519,1522,0.1388
3,1517,1520,0.1388
3,1518,1521,0.1388
3,1507,1510,0.1388
3,1483,1486,0.1388
3,1497,1500,0.1388
3,1505,1508,0.1388
3,1493,1496,0.1388
3,1514,1517,0.1388
3,1518,1521,0.1388
2,1512,1514,0.1388
2,1514,1516,0.1388
2,1525,1527,0.1388
2,1520,1522,0.1388
2,1518,1520,0.1388
2,1524,1526,0.1388
2,1533,1535,0.1388
2,1518,1520,0.1388
2,1517,1519,0.1388
2,1505,1507,0.1388
2,1514,1516,0.1388
2,1525,1527,0.1388
2,1523,1525,0.1388
2,1513,1515,0.1388
2,1523,1525,0.1388
2,1523,1525,0.1388
2,1523,1525,0.1388
3,1524,1527,0.1388
3,1526,1529,0.1388
3,1513,1516,0.1388
3,1522,1525,0.1388
3,1522,1525,0.1388
3,1523,1526,0.1388
3,1510,1513,0.1388
3,1508,1511,0.1388
3,1519,1522,0.1388
3,1512,1515,0.1388
3,1513,1516,0.1388
3,1510,1513,0.1388
3,1519,1522,0.1388
3,1506,1509,0.1388
3,1508,1511,0.1388
3,1513,1516,0.1388
3,1508,1511,0.1388
3,1501,1504,0.1388
3,1513,1516,0.1388
3,1516,1519,0.1388
3,1513,1516,0.1388
3,1518,1521,0.1388
3,1524,1527,0.1388
3,1519,1522,0.1388
3,1519,1522,0.1388
2,1529,1531,0.1388
3,1527,1530,0.1388
2,1517,1519,0.1388
2,1531,1533,0.1388
2,1518,1520,0.1388
2,1510,1512,0.1388
2,1526,1528,0.1388
2,1531,1533,0.1388
2,1515,1517,0.1388
1,1501,1502,0.1388
1,1496,1497,0.1388
1,1497,1498,0.1388
1,1498,1499,0.1388
1,1506,1507,0.1388
0,1510,1510,0.1388
