1368,27,1395,0.1388
1394,31,1425,0.1388
1430,30,1460,0.1388
1441,36,1477,0.1388
1449,37,1486,0.1388
1445,38,1483,0.1388
1441,41,1482,0.1388
1434,43,1477,0.1388
1445,43,1488,0.1388
1458,43,1501,0.1388
1466,43,1509,0.1388
1462,42,1504,0.1388
1457,43,1500,0.1388
1443,45,1488,0.1388
1440,43,1483,0.1388
1439,43,1482,0.1388
1449,46,1495,0.1388
1449,48,1497,0.1388
1462,49,1511,0.1388
1460,50,1510,0.1388
1453,50,1503,0.1388
1445,49,1494,0.1388
1440,49,1489,0.1388
1449,48,1497,0.1388
1460,49,1509,0.1388
1448,48,1496,0.1388
1436,50,1486,0.1388
1447,48,1495,0.1388
1453,51,1504,0.1388
1463,49,1512,0.1388
1449,49,1498,0.1388
1443,50,1493,0.1388
1443,50,1493,0.1388
1447,53,1500,0.1388
1450,53,1503,0.1388
1442,53,1495,0.1388
1440,52,1492,0.1388
1440,52,1492,0.1388
1423,51,1474,0.1388
1428,52,1480,0.1388
1421,53,1474,0.1388
1425,51,1476,0.1388
1433,51,1484,0.1388
1438,49,1487,0.1388
1447,52,1499,0.1388
1445,54,1499,0.1388
1450,52,1502,0.1388
1448,51,1499,0.1388
1445,51,1496,0.1388
1448,53,1501,0.1388
1450,51,1501,0.1388
1446,47,1493,0.1388
1443,48,1491,0.1388
1452,52,1504,0.1388
1453,54,1507,0.1388
1451,54,1505,0.1388
1444,57,1501,0.1388
1426,51,1477,0.1388
1439,51,1490,0.1388
1442,55,1497,0.1388
1447,55,1502,0.1388
1443,53,1496,0.1388
1444,53,1497,0.1388
1457,50,1507,0.1388
1444,48,1492,0.1388
1430,50,1480,0.1388
1439,51,1490,0.1388
1440,51,1491,0.1388
1452,48,1500,0.1388
1450,48,1498,0.1388
1468,49,1517,0.1388
1465,47,1512,0.1388
1458,46,1504,0.1388
1452,46,1498,0.1388
1457,43,1500,0.1388
1475,46,1521,0.1388
1460,47,1507,0.1388
1470,47,1517,0.1388
1462,45,1507,0.1388
1456,46,1502,0.1388
1467,46,1513,0.1388
1463,46,1509,0.1388
1458,46,1504,0.1388
1460,48,1508,0.1388
1451,49,1500,0.1388
1443,51,1494,0.1388
1448,51,1499,0.1388
1450,49,1499,0.1388
1446,48,1494,0.1388
1451,50,1501,0.1388
1441,50,1491,0.1388
1450,53,1503,0.1388
1441,47,1488,0.1388
1439,50,1489,0.1388
1446,49,1495,0.1388
1439,48,1487,0.1388
1441,50,1491,0.1388
1431,52,1483,0.1388
1431,52,1483,0.1388
1444,52,1496,0.1388
1431,53,1484,0.1388
1415,51,1466,0.1388
1415,52,1467,0.1388
1434,55,1489,0.1388
1442,58,1500,0.1388
1445,55,1500,0.1388
1428,55,1483,0.1388
1428,55,1483,0.1388
1441,56,1497,0.1388
1419,56,1475,0.1388
1422,54,1476,0.1388
1432,53,1485,0.1388
1449,57,1506,0.1388
1446,57,1503,0.1388
1450,55,1505,0.1388
1455,52,1507,0.1388
1449,50,1499,0.1388
1436,52,1488,0.1388
1443,52,1495,0.1388
1442,53,1495,0.1388
1443,54,1497,0.1388
1437,54,1491,0.1388
1432,55,1487,0.1388
1431,56,1487,0.1388
1429,56,1485,0.1388
1426,54,1480,0.1388
1422,55,1477,0.1388
1429,54,1483,0.1388
1433,52,1485,0.1388
1429,54,1483,0.1388
1431,54,1485,0.1388
1445,53,1498,0.1388
1448,55,1503,0.1388
1447,54,1501,0.1388
1452,54,1506,0.1388
1439,55,1494,0.1388
1438,54,1492,0.1388
1439,56,1495,0.1388
1442,56,1498,0.1388
1438,58,1496,0.1388
1435,57,1492,0.1388
1440,56,1496,0.1388
1431,58,1489,0.1388
1435,60,1495,0.1388
1444,59,1503,0.1388
1441,61,1502,0.1388
1433,62,1495,0.1388
1431,59,1490,0.1388
1440,57,1497,0.1388
1449,60,1509,0.1388
1444,58,1502,0.1388
1444,56,1500,0.1388
1453,53,1506,0.1388
1454,53,1507,0.1388
1449,55,1504,0.1388
1451,54,1505,0.1388
1439,54,1493,0.1388
1440,56,1496,0.1388
1427,57,1484,0.1388
1422,56,1478,0.1388
1425,59,1484,0.1388
1426,60,1486,0.1388
1421,59,1480,0.1388
1412,60,1472,0.1388
1418,63,1481,0.1388
1416,62,1478,0.1388
1405,65,1470,0.1388
1405,61,1466,0.1388
1408,59,1467,0.1388
1414,58,1472,0.1388
1422,61,1483,0.1388
1414,63,1477,0.1388
1411,63,1474,0.1388
1435,65,1500,0.1388
1428,66,1494,0.1388
1426,65,1491,0.1388
1435,64,1499,0.1388
1435,65,1500,0.1388
1446,66,1512,0.1388
1442,64,1506,0.1388
1435,66,1501,0.1388
1434,67,1501,0.1388
1425,67,1492,0.1388
1432,70,1502,0.1388
1424,70,1494,0.1388
1426,71,1497,0.1388
1416,72,1488,0.1388
1420,76,1496,0.1388
1416,75,1491,0.1388
1408,74,1482,0.1388
1407,77,1484,0.1388
1420,77,1497,0.1388
1419,76,1495,0.1388
1425,76,1501,0.1388
1427,76,1503,0.1388
1434,74,1508,0.1388
1439,73,1512,0.1388
1442,75,1517,0.1388
1444,76,1520,0.1388
1426,78,1504,0.1388
1431,82,1513,0.1388
1428,83,1511,0.1388
1417,82,1499,0.1388
1405,78,1483,0.1388
1402,80,1482,0.1388
1401,83,1484,0.1388
1398,84,1482,0.1388
1402,87,1489,0.1388
1408,87,1495,0.1388
1400,89,1489,0.1388
1400,92,1492,0.1388
1406,91,1497,0.1388
1394,93,1487,0.1388
1396,93,1489,0.1388
1404,91,1495,0.1388
1395,94,1489,0.1388
1406,92,1498,0.1388
1413,96,1509,0.1388
1401,99,1500,0.1388
1395,97,1492,0.1388
1403,101,1504,0.1388
1401,100,1501,0.1388
1397,94,1491,0.1388
1407,93,1500,0.1388
1404,92,1496,0.1388
1399,94,1493,0.1388
1398,97,1495,0.1388
1406,99,1505,0.1388
1396,99,1495,0.1388
1399,97,1496,0.1388
1407,98,1505,0.1388
1399,94,1493,0.1388
1393,95,1488,0.1388
1399,94,1493,0.1388
1403,95,1498,0.1388
1404,96,1500,0.1388
1386,96,1482,0.1388
1374,93,1467,0.1388
1381,93,1474,0.1388
1392,93,1485,0.1388
1387,89,1476,0.1388
1383,88,1471,0.1388
1388,86,1474,0.1388
1398,87,1485,0.1388
1410,91,1501,0.1388
1414,89,1503,0.1388
1404,90,1494,0.1388
1390,90,1480,0.1388
1401,90,1491,0.1388
1413,90,1503,0.1388
1410,87,1497,0.1388
1413,87,1500,0.1388
1417,88,1505,0.1388
1410,87,1497,0.1388
1414,87,1501,0.1388
1400,92,1492,0.1388
1396,88,1484,0.1388
1399,90,1489,0.1388
1392,87,1479,0.1388
1386,86,1472,0.1388
1393,87,1480,0.1388
1403,84,1487,0.1388
1415,80,1495,0.1388
1412,81,1493,0.1388
1411,80,1491,0.1388
1420,81,1501,0.1388
1412,82,1494,0.1388
1413,85,1498,0.1388
1412,85,1497,0.1388
1418,84,1502,0.1388
1416,81,1497,0.1388
1416,84,1500,0.1388
1412,81,1493,0.1388
1411,79,1490,0.1388
1414,79,1493,0.1388
1408,83,1491,0.1388
1405,83,1488,0.1388
1397,86,1483,0.1388
1405,86,1491,0.1388
1413,87,1500,0.1388
1406,86,1492,0.1388
1413,85,1498,0.1388
1411,85,1496,0.1388
1409,84,1493,0.1388
1405,87,1492,0.1388
1424,89,1513,0.1388
1415,91,1506,0.1388
1414,89,1503,0.1388
1418,92,1510,0.1388
1404,89,1493,0.1388
1413,87,1500,0.1388
1400,91,1491,0.1388
1406,93,1499,0.1388
1402,92,1494,0.1388
1410,92,1502,0.1388
1408,95,1503,0.1388
1407,92,1499,0.1388
1412,87,1499,0.1388
1407,90,1497,0.1388
1408,93,1501,0.1388
1410,92,1502,0.1388
1398,95,1493,0.1388
1397,96,1493,0.1388
1398,94,1492,0.1388
1412,96,1508,0.1388
1406,97,1503,0.1388
1405,95,1500,0.1388
1402,95,1497,0.1388
1396,86,1482,0.1388
1400,88,1488,0.1388
1402,89,1491,0.1388
1393,90,1483,0.1388
1391,88,1479,0.1388
1394,84,1478,0.1388
1400,84,1484,0.1388
1409,85,1494,0.1388
1413,85,1498,0.1388
1414,85,1499,0.1388
1419,88,1507,0.1388
1400,82,1482,0.1388
1413,83,1496,0.1388
1400,84,1484,0.1388
1416,85,1501,0.1388
1404,88,1492,0.1388
1413,90,1503,0.1388
1403,88,1491,0.1388
1407,93,1500,0.1388
1402,93,1495,0.1388
1412,95,1507,0.1388
1414,91,1505,0.1388
1399,92,1491,0.1388
1392,97,1489,0.1388
1384,96,1480,0.1388
1401,95,1496,0.1388
1389,97,1486,0.1388
1398,96,1494,0.1388
1387,99,1486,0.1388
1389,98,1487,0.1388
1389,99,1488,0.1388
1391,96,1487,0.1388
1386,98,1484,0.1388
1394,98,1492,0.1388
1408,98,1506,0.1388
1410,100,1510,0.1388
1412,102,1514,0.1388
1408,102,1510,0.1388
1396,103,1499,0.1388
1396,102,1498,0.1388
1385,102,1487,0.1388
1370,107,1477,0.1388
1369,107,1476,0.1388
1366,109,1475,0.1388
1375,114,1489,0.1388
1368,112,1480,0.1388
1373,116,1489,0.1388
1376,120,1496,0.1388
1385,121,1506,0.1388
1372,121,1493,0.1388
1377,122,1499,0.1388
1379,121,1500,0.1388
1385,122,1507,0.1388
1373,124,1497,0.1388
1367,123,1490,0.1388
1359,121,1480,0.1388
1362,125,1487,0.1388
1365,124,1489,0.1388
1364,123,1487,0.1388
1370,123,1493,0.1388
1372,123,1495,0.1388
1375,123,1498,0.1388
1388,122,1510,0.1388
1384,119,1503,0.1388
1386,119,1505,0.1388
1383,116,1499,0.1388
1375,120,1495,0.1388
1384,118,1502,0.1388
1379,118,1497,0.1388
1374,120,1494,0.1388
1361,120,1481,0.1388
1352,123,1475,0.1388
1363,118,1481,0.1388
1371,115,1486,0.1388
1378,117,1495,0.1388
1375,113,1488,0.1388
1385,111,1496,0.1388
1392,112,1504,0.1388
1390,114,1504,0.1388
1385,115,1500,0.1388
1381,119,1500,0.1388
1371,116,1487,0.1388
1366,113,1479,0.1388
1384,111,1495,0.1388
1390,116,1506,0.1388
1396,115,1511,0.1388
1392,118,1510,0.1388
1383,116,1499,0.1388
1393,116,1509,0.1388
1389,119,1508,0.1388
1383,121,1504,0.1388
1368,125,1493,0.1388
1384,122,1506,0.1388
1386,122,1508,0.1388
1373,125,1498,0.1388
1375,128,1503,0.1388
1368,123,1491,0.1388
1360,129,1489,0.1388
1353,126,1479,0.1388
1359,126,1485,0.1388
1377,123,1500,0.1388
1369,123,1492,0.1388
1371,121,1492,0.1388
1350,123,1473,0.1388
1342,127,1469,0.1388
1346,128,1474,0.1388
1351,130,1481,0.1388
1354,125,1479,0.1388
1358,126,1484,0.1388
1371,132,1503,0.1388
1370,135,1505,0.1388
1362,139,1501,0.1388
1365,139,1504,0.1388
1364,140,1504,0.1388
1363,140,1503,0.1388
1353,142,1495,0.1388
1350,144,1494,0.1388
1359,144,1503,0.1388
1362,145,1507,0.1388
1357,143,1500,0.1388
1361,143,1504,0.1388
1368,144,1512,0.1388
1359,148,1507,0.1388
1344,150,1494,0.1388
1348,150,1498,0.1388
1357,150,1507,0.1388
1359,150,1509,0.1388
1359,152,1511,0.1388
1351,150,1501,0.1388
1343,146,1489,0.1388
1345,145,1490,0.1388
1346,146,1492,0.1388
1354,148,1502,0.1388
1364,147,1511,0.1388
1357,144,1501,0.1388
1361,148,1509,0.1388
1350,148,1498,0.1388
1357,149,1506,0.1388
1343,152,1495,0.1388
1336,152,1488,0.1388
1336,149,1485,0.1388
1345,148,1493,0.1388
1353,149,1502,0.1388
1352,153,1505,0.1388
1346,153,1499,0.1388
1324,155,1479,0.1388
1345,155,1500,0.1388
1341,154,1495,0.1388
1340,157,1497,0.1388
1345,155,1500,0.1388
1349,153,1502,0.1388
1337,152,1489,0.1388
1338,153,1491,0.1388
1331,151,1482,0.1388
1345,157,1502,0.1388
1340,162,1502,0.1388
1340,164,1504,0.1388
1345,166,1511,0.1388
1340,163,1503,0.1388
1325,161,1486,0.1388
1329,164,1493,0.1388
1322,168,1490,0.1388
1326,164,1490,0.1388
1327,168,1495,0.1388
1342,168,1510,0.1388
1325,165,1490,0.1388
1319,170,1489,0.1388
1322,177,1499,0.1388
1309,177,1486,0.1388
1326,174,1500,0.1388
1329,176,1505,0.1388
1316,170,1486,0.1388
1319,171,1490,0.1388
1320,169,1489,0.1388
1320,170,1490,0.1388
1326,169,1495,0.1388
1330,163,1493,0.1388
1335,165,1500,0.1388
1340,165,1505,0.1388
1349,163,1512,0.1388
1347,159,1506,0.1388
1338,160,1498,0.1388
1324,161,1485,0.1388
1337,157,1494,0.1388
1333,160,1493,0.1388
1325,163,1488,0.1388
1336,162,1498,0.1388
1327,162,1489,0.1388
1326,166,1492,0.1388
1324,164,1488,0.1388
1327,162,1489,0.1388
1333,166,1499,0.1388
1338,173,1511,0.1388
1332,169,1501,0.1388
1341,170,1511,0.1388
1337,170,1507,0.1388
1332,169,1501,0.1388
1335,175,1510,0.1388
1333,172,1505,0.1388
1331,168,1499,0.1388
1316,169,1485,0.1388
1317,167,1484,0.1388
1315,167,1482,0.1388
1325,170,1495,0.1388
1333,170,1503,0.1388
1326,171,1497,0.1388
1321,169,1490,0.1388
1318,172,1490,0.1388
1311,174,1485,0.1388
1305,176,1481,0.1388
1305,173,1478,0.1388
1314,175,1489,0.1388
1320,171,1491,0.1388
1316,171,1487,0.1388
1320,168,1488,0.1388
1306,172,1478,0.1388
1300,174,1474,0.1388
1308,170,1478,0.1388
1316,175,1491,0.1388
1299,177,1476,0.1388
1304,178,1482,0.1388
1315,180,1495,0.1388
1326,181,1507,0.1388
1323,181,1504,0.1388
1311,177,1488,0.1388
1305,174,1479,0.1388
1319,176,1495,0.1388
1325,177,1502,0.1388
1304,176,1480,0.1388
1304,175,1479,0.1388
1307,175,1482,0.1388
1310,177,1487,0.1388
1317,170,1487,0.1388
1325,173,1498,0.1388
1321,169,1490,0.1388
1328,165,1493,0.1388
1324,166,1490,0.1388
1316,167,1483,0.1388
1311,176,1487,0.1388
1302,175,1477,0.1388
1306,178,1484,0.1388
1312,177,1489,0.1388
1304,180,1484,0.1388
1292,182,1474,0.1388
1290,188,1478,0.1388
1296,185,1481,0.1388
1293,187,1480,0.1388
1294,187,1481,0.1388
1296,187,1483,0.1388
1302,191,1493,0.1388
1305,190,1495,0.1388
1302,192,1494,0.1388
1303,190,1493,0.1388
1294,192,1486,0.1388
1293,197,1490,0.1388
1290,199,1489,0.1388
1299,201,1500,0.1388
1300,201,1501,0.1388
1294,203,1497,0.1388
1282,203,1485,0.1388
1290,199,1489,0.1388
1282,200,1482,0.1388
1272,203,1475,0.1388
1274,205,1479,0.1388
1284,208,1492,0.1388
1287,207,1494,0.1388
1285,205,1490,0.1388
1278,207,1485,0.1388
1296,210,1506,0.1388
1278,211,1489,0.1388
1292,215,1507,0.1388
1289,213,1502,0.1388
1280,214,1494,0.1388
1283,216,1499,0.1388
1282,215,1497,0.1388
1273,218,1491,0.1388
1266,219,1485,0.1388
1258,223,1481,0.1388
1268,228,1496,0.1388
1275,223,1498,0.1388
1264,217,1481,0.1388
1266,223,1489,0.1388
1265,224,1489,0.1388
1253,225,1478,0.1388
1258,224,1482,0.1388
1272,226,1498,0.1388
1269,225,1494,0.1388
1267,230,1497,0.1388
1258,234,1492,0.1388
1254,237,1491,0.1388
1258,237,1495,0.1388
1254,243,1497,0.1388
1247,245,1492,0.1388
1242,247,1489,0.1388
1231,245,1476,0.1388
1236,250,1486,0.1388
1244,243,1487,0.1388
1240,247,1487,0.1388
1251,249,1500,0.1388
1243,252,1495,0.1388
1250,250,1500,0.1388
1254,249,1503,0.1388
1251,245,1496,0.1388
1247,247,1494,0.1388
1256,246,1502,0.1388
1261,240,1501,0.1388
1263,236,1499,0.1388
1252,248,1500,0.1388
1241,247,1488,0.1388
1242,247,1489,0.1388
1256,247,1503,0.1388
1252,253,1505,0.1388
1247,252,1499,0.1388
1251,255,1506,0.1388
1252,254,1506,0.1388
1248,258,1506,0.1388
1247,263,1510,0.1388
1239,260,1499,0.1388
1228,257,1485,0.1388
1232,260,1492,0.1388
1225,266,1491,0.1388
1231,265,1496,0.1388
1222,261,1483,0.1388
1235,259,1494,0.1388
1231,261,1492,0.1388
1233,264,1497,0.1388
1223,266,1489,0.1388
1238,268,1506,0.1388
1230,263,1493,0.1388
1223,264,1487,0.1388
1232,268,1500,0.1388
1221,270,1491,0.1388
1219,270,1489,0.1388
1210,274,1484,0.1388
1200,274,1474,0.1388
1209,277,1486,0.1388
1205,290,1495,0.1388
1193,293,1486,0.1388
1202,291,1493,0.1388
1210,286,1496,0.1388
1211,291,1502,0.1388
1209,296,1505,0.1388
1212,294,1506,0.1388
1205,298,1503,0.1388
1192,296,1488,0.1388
1203,294,1497,0.1388
1201,297,1498,0.1388
1209,301,1510,0.1388
1208,303,1511,0.1388
1214,306,1520,0.1388
1211,296,1507,0.1388
1207,300,1507,0.1388
1194,301,1495,0.1388
1198,300,1498,0.1388
1205,300,1505,0.1388
1207,302,1509,0.1388
1202,301,1503,0.1388
1194,299,1493,0.1388
1199,299,1498,0.1388
1195,294,1489,0.1388
1184,291,1475,0.1388
1187,295,1482,0.1388
1186,293,1479,0.1388
1182,290,1472,0.1388
1188,295,1483,0.1388
1189,297,1486,0.1388
1186,298,1484,0.1388
1191,302,1493,0.1388
1193,300,1493,0.1388
1188,295,1483,0.1388
1185,298,1483,0.1388
1198,300,1498,0.1388
1202,298,1500,0.1388
1210,299,1509,0.1388
1209,303,1512,0.1388
1196,298,1494,0.1388
1200,296,1496,0.1388
1187,297,1484,0.1388
1188,298,1486,0.1388
1207,297,1504,0.1388
1220,295,1515,0.1388
1202,295,1497,0.1388
1202,292,1494,0.1388
1200,296,1496,0.1388
1194,294,1488,0.1388
1193,291,1484,0.1388
1203,293,1496,0.1388
1217,293,1510,0.1388
1208,294,1502,0.1388
1202,292,1494,0.1388
1205,295,1500,0.1388
1192,296,1488,0.1388
1194,296,1490,0.1388
1195,300,1495,0.1388
1197,299,1496,0.1388
1197,307,1504,0.1388
1202,303,1505,0.1388
1196,300,1496,0.1388
1190,301,1491,0.1388
1181,303,1484,0.1388
1186,298,1484,0.1388
1180,303,1483,0.1388
1190,297,1487,0.1388
1190,296,1486,0.1388
1204,297,1501,0.1388
1200,298,1498,0.1388
1192,286,1478,0.1388
1216,290,1506,0.1388
1216,297,1513,0.1388
1216,293,1509,0.1388
1220,298,1518,0.1388
1218,292,1510,0.1388
1227,293,1520,0.1388
1211,298,1509,0.1388
1221,297,1518,0.1388
1222,299,1521,0.1388
1208,296,1504,0.1388
1204,290,1494,0.1388
1202,290,1492,0.1388
1200,286,1486,0.1388
1203,289,1492,0.1388
1206,294,1500,0.1388
1201,295,1496,0.1388
1193,301,1494,0.1388
1202,297,1499,0.1388
1206,297,1503,0.1388
1202,297,1499,0.1388
1193,305,1498,0.1388
1199,304,1503,0.1388
1193,305,1498,0.1388
1181,301,1482,0.1388
1178,307,1485,0.1388
1170,304,1474,0.1388
1176,309,1485,0.1388
1184,307,1491,0.1388
1182,303,1485,0.1388
1189,307,1496,0.1388
1187,312,1499,0.1388
1196,309,1505,0.1388
1200,309,1509,0.1388
1201,308,1509,0.1388
1197,310,1507,0.1388
1194,311,1505,0.1388
1196,315,1511,0.1388
1199,306,1505,0.1388
1195,304,1499,0.1388
1199,309,1508,0.1388
1190,314,1504,0.1388
1186,317,1503,0.1388
1179,318,1497,0.1388
1182,317,1499,0.1388
1180,318,1498,0.1388
1178,320,1498,0.1388
1185,325,1510,0.1388
1170,331,1501,0.1388
1166,326,1492,0.1388
1167,337,1504,0.1388
1156,340,1496,0.1388
1164,338,1502,0.1388
1149,337,1486,0.1388
1157,339,1496,0.1388
1153,343,1496,0.1388
1163,332,1495,0.1388
1151,331,1482,0.1388
1152,335,1487,0.1388
1157,334,1491,0.1388
1149,334,1483,0.1388
1155,337,1492,0.1388
1145,339,1484,0.1388
1161,344,1505,0.1388
1149,340,1489,0.1388
1147,342,1489,0.1388
1166,340,1506,0.1388
1177,343,1520,0.1388
1165,336,1501,0.1388
1180,340,1520,0.1388
1178,330,1508,0.1388
1178,329,1507,0.1388
1166,333,1499,0.1388
1170,337,1507,0.1388
1172,337,1509,0.1388
1169,329,1498,0.1388
1170,333,1503,0.1388
1179,330,1509,0.1388
1170,325,1495,0.1388
1171,331,1502,0.1388
1160,329,1489,0.1388
1166,328,1494,0.1388
1162,332,1494,0.1388
1160,340,1500,0.1388
1169,343,1512,0.1388
1170,345,1515,0.1388
1174,346,1520,0.1388
1155,338,1493,0.1388
1159,337,1496,0.1388
1155,342,1497,0.1388
1146,338,1484,0.1388
1139,341,1480,0.1388
1146,344,1490,0.1388
1147,345,1492,0.1388
1142,349,1491,0.1388
1148,337,1485,0.1388
1143,340,1483,0.1388
1155,340,1495,0.1388
1157,347,1504,0.1388
1155,344,1499,0.1388
1169,338,1507,0.1388
1150,335,1485,0.1388
1150,337,1487,0.1388
1151,341,1492,0.1388
1149,341,1490,0.1388
1137,344,1481,0.1388
1126,343,1469,0.1388
1134,344,1478,0.1388
1137,347,1484,0.1388
1151,350,1501,0.1388
1164,344,1508,0.1388
1150,345,1495,0.1388
1162,351,1513,0.1388
1151,355,1506,0.1388
1146,362,1508,0.1388
1139,355,1494,0.1388
1139,355,1494,0.1388
1140,349,1489,0.1388
1135,355,1490,0.1388
1143,358,1501,0.1388
1139,354,1493,0.1388
1134,356,1490,0.1388
1143,356,1499,0.1388
1129,358,1487,0.1388
1127,357,1484,0.1388
1123,358,1481,0.1388
1131,355,1486,0.1388
1142,354,1496,0.1388
1151,358,1509,0.1388
1153,361,1514,0.1388
1153,356,1509,0.1388
1147,360,1507,0.1388
1146,353,1499,0.1388
1148,353,1501,0.1388
1150,348,1498,0.1388
1145,349,1494,0.1388
1138,346,1484,0.1388
1146,349,1495,0.1388
1148,358,1506,0.1388
1125,365,1490,0.1388
1115,366,1481,0.1388
1126,368,1494,0.1388
1125,378,1503,0.1388
1129,378,1507,0.1388
1126,369,1495,0.1388
1135,367,1502,0.1388
1126,371,1497,0.1388
1132,372,1504,0.1388
1139,369,1508,0.1388
1136,367,1503,0.1388
1134,371,1505,0.1388
1135,370,1505,0.1388
1138,369,1507,0.1388
1142,366,1508,0.1388
1152,365,1517,0.1388
1146,367,1513,0.1388
1140,372,1512,0.1388
1134,373,1507,0.1388
1136,374,1510,0.1388
1124,377,1501,0.1388
1127,372,1499,0.1388
1134,375,1509,0.1388
1131,379,1510,0.1388
1121,377,1498,0.1388
1117,374,1491,0.1388
1125,373,1498,0.1388
1130,373,1503,0.1388
1119,374,1493,0.1388
1122,373,1495,0.1388
1115,380,1495,0.1388
1120,377,1497,0.1388
1121,379,1500,0.1388
1106,376,1482,0.1388
1117,376,1493,0.1388
1108,376,1484,0.1388
1103,377,1480,0.1388
1108,385,1493,0.1388
1106,389,1495,0.1388
1109,382,1491,0.1388
1102,381,1483,0.1388
1102,384,1486,0.1388
1104,393,1497,0.1388
1104,395,1499,0.1388
1092,394,1486,0.1388
1083,406,1489,0.1388
1086,399,1485,0.1388
1099,399,1498,0.1388
1091,391,1482,0.1388
1099,394,1493,0.1388
1095,392,1487,0.1388
1097,397,1494,0.1388
1094,403,1497,0.1388
1096,407,1503,0.1388
1102,405,1507,0.1388
1100,402,1502,0.1388
1102,397,1499,0.1388
1094,402,1496,0.1388
1099,405,1504,0.1388
1104,406,1510,0.1388
1095,401,1496,0.1388
1092,406,1498,0.1388
1084,401,1485,0.1388
1086,398,1484,0.1388
1093,395,1488,0.1388
1096,395,1491,0.1388
1097,394,1491,0.1388
1094,394,1488,0.1388
1087,396,1483,0.1388
1080,395,1475,0.1388
1092,397,1489,0.1388
1091,396,1487,0.1388
1091,401,1492,0.1388
1082,401,1483,0.1388
1072,395,1467,0.1388
1094,413,1507,0.1388
1102,417,1519,0.1388
1104,420,1524,0.1388
1109,416,1525,0.1388
1110,411,1521,0.1388
1094,414,1508,0.1388
1093,413,1506,0.1388
1094,418,1512,0.1388
1085,417,1502,0.1388
1082,418,1500,0.1388
1069,418,1487,0.1388
1076,421,1497,0.1388
1072,425,1497,0.1388
1077,426,1503,0.1388
1079,417,1496,0.1388
1083,422,1505,0.1388
1083,425,1508,0.1388
1073,420,1493,0.1388
1070,420,1490,0.1388
1061,422,1483,0.1388
1068,424,1492,0.1388
1060,424,1484,0.1388
1058,428,1486,0.1388
1061,435,1496,0.1388
1058,429,1487,0.1388
1050,435,1485,0.1388
1052,442,1494,0.1388
1067,434,1501,0.1388
1070,433,1503,0.1388
1066,432,1498,0.1388
1060,434,1494,0.1388
1053,433,1486,0.1388
1054,431,1485,0.1388
1051,435,1486,0.1388
1052,431,1483,0.1388
1048,437,1485,0.1388
1058,442,1500,0.1388
1057,439,1496,0.1388
1043,446,1489,0.1388
1046,443,1489,0.1388
1039,443,1482,0.1388
1047,446,1493,0.1388
1046,446,1492,0.1388
1049,447,1496,0.1388
1043,450,1493,0.1388
1051,446,1497,0.1388
1062,450,1512,0.1388
1059,444,1503,0.1388
1054,448,1502,0.1388
1056,444,1500,0.1388
1051,449,1500,0.1388
1049,447,1496,0.1388
1051,450,1501,0.1388
1056,462,1518,0.1388
1058,456,1514,0.1388
1059,460,1519,0.1388
1066,460,1526,0.1388
1062,462,1524,0.1388
1042,455,1497,0.1388
1047,446,1493,0.1388
1043,446,1489,0.1388
1032,452,1484,0.1388
1041,453,1494,0.1388
1041,465,1506,0.1388
1033,463,1496,0.1388
1039,464,1503,0.1388
1030,461,1491,0.1388
1026,463,1489,0.1388
1026,465,1491,0.1388
1028,470,1498,0.1388
1030,468,1498,0.1388
1033,472,1505,0.1388
1021,471,1492,0.1388
1025,470,1495,0.1388
1024,473,1497,0.1388
1008,471,1479,0.1388
1011,471,1482,0.1388
1014,476,1490,0.1388
1015,481,1496,0.1388
1018,485,1503,0.1388
1016,486,1502,0.1388
1012,478,1490,0.1388
1022,484,1506,0.1388
1022,490,1512,0.1388
1020,492,1512,0.1388
1026,494,1520,0.1388
1020,490,1510,0.1388
1028,490,1518,0.1388
1014,489,1503,0.1388
1014,480,1494,0.1388
1015,482,1497,0.1388
1010,484,1494,0.1388
1012,492,1504,0.1388
1005,495,1500,0.1388
1007,495,1502,0.1388
1000,496,1496,0.1388
1004,499,1503,0.1388
1007,503,1510,0.1388
1011,495,1506,0.1388
1005,493,1498,0.1388
1011,493,1504,0.1388
1017,488,1505,0.1388
1011,493,1504,0.1388
1013,494,1507,0.1388
1011,491,1502,0.1388
1004,490,1494,0.1388
997,489,1486,0.1388
989,492,1481,0.1388
987,486,1473,0.1388
999,486,1485,0.1388
995,496,1491,0.1388
988,495,1483,0.1388
984,501,1485,0.1388
988,500,1488,0.1388
989,507,1496,0.1388
993,514,1507,0.1388
991,510,1501,0.1388
992,512,1504,0.1388
984,512,1496,0.1388
982,512,1494,0.1388
978,518,1496,0.1388
989,516,1505,0.1388
998,517,1515,0.1388
1004,513,1517,0.1388
994,517,1511,0.1388
985,516,1501,0.1388
987,515,1502,0.1388
983,514,1497,0.1388
985,510,1495,0.1388
981,515,1496,0.1388
979,517,1496,0.1388
981,510,1491,0.1388
989,509,1498,0.1388
994,517,1511,0.1388
998,518,1516,0.1388
990,518,1508,0.1388
977,516,1493,0.1388
974,521,1495,0.1388
969,532,1501,0.1388
975,529,1504,0.1388
969,530,1499,0.1388
973,542,1515,0.1388
968,535,1503,0.1388
958,528,1486,0.1388
962,535,1497,0.1388
968,534,1502,0.1388
964,541,1505,0.1388
961,537,1498,0.1388
962,539,1501,0.1388
956,548,1504,0.1388
959,545,1504,0.1388
960,544,1504,0.1388
962,548,1510,0.1388
954,545,1499,0.1388
954,547,1501,0.1388
961,547,1508,0.1388
955,546,1501,0.1388
943,542,1485,0.1388
940,540,1480,0.1388
954,530,1484,0.1388
959,536,1495,0.1388
964,544,1508,0.1388
970,546,1516,0.1388
979,545,1524,0.1388
973,540,1513,0.1388
963,550,1513,0.1388
967,554,1521,0.1388
966,556,1522,0.1388
952,546,1498,0.1388
949,544,1493,0.1388
956,554,1510,0.1388
957,556,1513,0.1388
974,554,1528,0.1388
972,561,1533,0.1388
964,549,1513,0.1388
962,548,1510,0.1388
959,545,1504,0.1388
949,542,1491,0.1388
933,552,1485,0.1388
931,559,1490,0.1388
938,558,1496,0.1388
943,554,1497,0.1388
951,562,1513,0.1388
948,563,1511,0.1388
945,564,1509,0.1388
945,562,1507,0.1388
946,560,1506,0.1388
944,568,1512,0.1388
937,568,1505,0.1388
933,578,1511,0.1388
935,578,1513,0.1388
930,575,1505,0.1388
923,570,1493,0.1388
926,568,1494,0.1388
924,572,1496,0.1388
933,578,1511,0.1388
936,573,1509,0.1388
940,570,1510,0.1388
937,584,1521,0.1388
940,574,1514,0.1388
937,572,1509,0.1388
927,576,1503,0.1388
926,575,1501,0.1388
927,578,1505,0.1388
928,573,1501,0.1388
923,573,1496,0.1388
922,577,1499,0.1388
925,577,1502,0.1388
923,574,1497,0.1388
912,583,1495,0.1388
918,583,1501,0.1388
925,582,1507,0.1388
924,585,1509,0.1388
914,588,1502,0.1388
912,602,1514,0.1388
911,599,1510,0.1388
918,591,1509,0.1388
917,588,1505,0.1388
927,583,1510,0.1388
922,586,1508,0.1388
912,588,1500,0.1388
909,587,1496,0.1388
915,594,1509,0.1388
904,591,1495,0.1388
910,586,1496,0.1388
911,595,1506,0.1388
909,594,1503,0.1388
906,601,1507,0.1388
915,586,1501,0.1388
910,596,1506,0.1388
902,606,1508,0.1388
894,603,1497,0.1388
904,599,1503,0.1388
898,593,1491,0.1388
899,601,1500,0.1388
906,601,1507,0.1388
896,604,1500,0.1388
892,603,1495,0.1388
902,602,1504,0.1388
902,596,1498,0.1388
904,594,1498,0.1388
906,602,1508,0.1388
908,602,1510,0.1388
912,606,1518,0.1388
896,601,1497,0.1388
904,603,1507,0.1388
911,607,1518,0.1388
905,610,1515,0.1388
904,616,1520,0.1388
911,613,1524,0.1388
905,609,1514,0.1388
910,604,1514,0.1388
912,611,1523,0.1388
910,618,1528,0.1388
903,613,1516,0.1388
903,612,1515,0.1388
896,618,1514,0.1388
894,614,1508,0.1388
888,611,1499,0.1388
895,614,1509,0.1388
892,610,1502,0.1388
893,611,1504,0.1388
903,610,1513,0.1388
907,602,1509,0.1388
908,608,1516,0.1388
895,616,1511,0.1388
890,609,1499,0.1388
892,613,1505,0.1388
882,607,1489,0.1388
884,605,1489,0.1388
886,605,1491,0.1388
892,609,1501,0.1388
891,616,1507,0.1388
891,616,1507,0.1388
889,619,1508,0.1388
871,616,1487,0.1388
871,618,1489,0.1388
881,618,1499,0.1388
886,618,1504,0.1388
887,609,1496,0.1388
886,610,1496,0.1388
884,609,1493,0.1388
886,618,1504,0.1388
878,630,1508,0.1388
867,639,1506,0.1388
856,641,1497,0.1388
857,643,1500,0.1388
863,643,1506,0.1388
869,651,1520,0.1388
860,646,1506,0.1388
867,652,1519,0.1388
865,649,1514,0.1388
863,655,1518,0.1388
863,654,1517,0.1388
863,653,1516,0.1388
853,651,1504,0.1388
854,656,1510,0.1388
867,649,1516,0.1388
852,649,1501,0.1388
851,653,1504,0.1388
852,656,1508,0.1388
848,657,1505,0.1388
843,672,1515,0.1388
836,669,1505,0.1388
842,669,1511,0.1388
835,670,1505,0.1388
836,674,1510,0.1388
839,661,1500,0.1388
833,669,1502,0.1388
826,667,1493,0.1388
834,668,1502,0.1388
848,675,1523,0.1388
846,673,1519,0.1388
841,663,1504,0.1388
843,658,1501,0.1388
840,661,1501,0.1388
848,660,1508,0.1388
835,672,1507,0.1388
840,667,1507,0.1388
833,673,1506,0.1388
837,670,1507,0.1388
828,675,1503,0.1388
828,679,1507,0.1388
824,677,1501,0.1388
821,681,1502,0.1388
824,671,1495,0.1388
825,673,1498,0.1388
827,665,1492,0.1388
821,672,1493,0.1388
827,684,1511,0.1388
824,682,1506,0.1388
825,682,1507,0.1388
821,693,1514,0.1388
822,687,1509,0.1388
822,673,1495,0.1388
811,680,1491,0.1388
815,687,1502,0.1388
822,688,1510,0.1388
815,682,1497,0.1388
815,679,1494,0.1388
816,687,1503,0.1388
820,684,1504,0.1388
814,688,1502,0.1388
820,687,1507,0.1388
814,684,1498,0.1388
814,685,1499,0.1388
814,683,1497,0.1388
830,679,1509,0.1388
820,672,1492,0.1388
819,682,1501,0.1388
815,693,1508,0.1388
817,691,1508,0.1388
823,687,1510,0.1388
821,682,1503,0.1388
820,682,1502,0.1388
815,685,1500,0.1388
804,698,1502,0.1388
804,692,1496,0.1388
823,697,1520,0.1388
826,700,1526,0.1388
822,700,1522,0.1388
808,691,1499,0.1388
817,692,1509,0.1388
814,687,1501,0.1388
812,694,1506,0.1388
813,689,1502,0.1388
811,697,1508,0.1388
810,698,1508,0.1388
799,704,1503,0.1388
796,701,1497,0.1388
798,700,1498,0.1388
795,702,1497,0.1388
792,705,1497,0.1388
795,695,1490,0.1388
790,705,1495,0.1388
785,714,1499,0.1388
785,728,1513,0.1388
785,716,1501,0.1388
783,711,1494,0.1388
784,713,1497,0.1388
786,709,1495,0.1388
795,713,1508,0.1388
792,715,1507,0.1388
781,722,1503,0.1388
780,730,1510,0.1388
781,735,1516,0.1388
777,727,1504,0.1388
766,726,1492,0.1388
762,736,1498,0.1388
762,744,1506,0.1388
752,746,1498,0.1388
753,748,1501,0.1388
761,745,1506,0.1388
757,748,1505,0.1388
753,759,1512,0.1388
755,759,1514,0.1388
750,755,1505,0.1388
754,758,1512,0.1388
750,754,1504,0.1388
761,756,1517,0.1388
758,755,1513,0.1388
759,759,1518,0.1388
755,761,1516,0.1388
760,756,1516,0.1388
749,749,1498,0.1388
749,751,1500,0.1388
750,757,1507,0.1388
743,762,1505,0.1388
743,758,1501,0.1388
734,760,1494,0.1388
738,769,1507,0.1388
741,773,1514,0.1388
732,771,1503,0.1388
733,766,1499,0.1388
734,766,1500,0.1388
737,771,1508,0.1388
723,775,1498,0.1388
730,770,1500,0.1388
721,779,1500,0.1388
716,776,1492,0.1388
716,775,1491,0.1388
729,773,1502,0.1388
741,773,1514,0.1388
740,775,1515,0.1388
734,771,1505,0.1388
740,771,1511,0.1388
734,769,1503,0.1388
734,773,1507,0.1388
737,768,1505,0.1388
735,772,1507,0.1388
737,775,1512,0.1388
729,767,1496,0.1388
732,775,1507,0.1388
728,785,1513,0.1388
728,780,1508,0.1388
720,789,1509,0.1388
717,784,1501,0.1388
724,786,1510,0.1388
721,789,1510,0.1388
721,794,1515,0.1388
729,787,1516,0.1388
725,793,1518,0.1388
727,801,1528,0.1388
723,791,1514,0.1388
733,785,1518,0.1388
728,771,1499,0.1388
732,769,1501,0.1388
730,774,1504,0.1388
723,782,1505,0.1388
722,788,1510,0.1388
720,787,1507,0.1388
721,787,1508,0.1388
720,785,1505,0.1388
721,786,1507,0.1388
718,790,1508,0.1388
717,795,1512,0.1388
713,800,1513,0.1388
712,803,1515,0.1388
713,803,1516,0.1388
708,802,1510,0.1388
700,806,1506,0.1388
695,808,1503,0.1388
693,809,1502,0.1388
693,801,1494,0.1388
705,803,1508,0.1388
700,801,1501,0.1388
692,806,1498,0.1388
696,803,1499,0.1388
702,802,1504,0.1388
701,807,1508,0.1388
706,802,1508,0.1388
695,799,1494,0.1388
700,792,1492,0.1388
704,805,1509,0.1388
705,806,1511,0.1388
707,809,1516,0.1388
710,814,1524,0.1388
698,817,1515,0.1388
692,812,1504,0.1388
683,804,1487,0.1388
690,809,1499,0.1388
693,810,1503,0.1388
697,806,1503,0.1388
687,812,1499,0.1388
690,813,1503,0.1388
689,810,1499,0.1388
694,809,1503,0.1388
693,810,1503,0.1388
688,814,1502,0.1388
680,814,1494,0.1388
683,818,1501,0.1388
677,821,1498,0.1388
687,825,1512,0.1388
678,833,1511,0.1388
680,837,1517,0.1388
665,831,1496,0.1388
659,826,1485,0.1388
665,823,1488,0.1388
665,819,1484,0.1388
677,829,1506,0.1388
682,821,1503,0.1388
679,820,1499,0.1388
677,816,1493,0.1388
672,821,1493,0.1388
668,832,1500,0.1388
673,831,1504,0.1388
672,837,1509,0.1388
670,837,1507,0.1388
669,841,1510,0.1388
658,842,1500,0.1388
665,836,1501,0.1388
657,836,1493,0.1388
655,838,1493,0.1388
658,836,1494,0.1388
658,848,1506,0.1388
654,842,1496,0.1388
654,850,1504,0.1388
650,851,1501,0.1388
656,853,1509,0.1388
662,857,1519,0.1388
655,859,1514,0.1388
650,868,1518,0.1388
654,862,1516,0.1388
656,849,1505,0.1388
649,858,1507,0.1388
657,864,1521,0.1388
657,861,1518,0.1388
645,862,1507,0.1388
646,863,1509,0.1388
642,862,1504,0.1388
639,870,1509,0.1388
643,852,1495,0.1388
635,867,1502,0.1388
634,870,1504,0.1388
635,869,1504,0.1388
636,863,1499,0.1388
635,867,1502,0.1388
636,867,1503,0.1388
637,861,1498,0.1388
632,859,1491,0.1388
633,869,1502,0.1388
636,861,1497,0.1388
631,866,1497,0.1388
628,856,1484,0.1388
629,867,1496,0.1388
623,874,1497,0.1388
623,874,1497,0.1388
628,869,1497,0.1388
634,872,1506,0.1388
641,864,1505,0.1388
637,869,1506,0.1388
639,860,1499,0.1388
638,861,1499,0.1388
642,868,1510,0.1388
636,874,1510,0.1388
632,876,1508,0.1388
626,876,1502,0.1388
628,877,1505,0.1388
637,873,1510,0.1388
631,872,1503,0.1388
619,877,1496,0.1388
625,869,1494,0.1388
626,883,1509,0.1388
624,889,1513,0.1388
618,896,1514,0.1388
616,906,1522,0.1388
622,901,1523,0.1388
619,891,1510,0.1388
612,887,1499,0.1388
614,890,1504,0.1388
610,893,1503,0.1388
612,895,1507,0.1388
600,884,1484,0.1388
604,881,1485,0.1388
594,892,1486,0.1388
600,896,1496,0.1388
599,906,1505,0.1388
601,913,1514,0.1388
591,911,1502,0.1388
593,927,1520,0.1388
597,915,1512,0.1388
596,910,1506,0.1388
590,919,1509,0.1388
584,925,1509,0.1388
589,926,1515,0.1388
587,922,1509,0.1388
586,927,1513,0.1388
582,917,1499,0.1388
580,911,1491,0.1388
575,922,1497,0.1388
576,915,1491,0.1388
573,928,1501,0.1388
572,920,1492,0.1388
570,927,1497,0.1388
576,927,1503,0.1388
582,937,1519,0.1388
573,938,1511,0.1388
567,931,1498,0.1388
569,928,1497,0.1388
570,919,1489,0.1388
566,922,1488,0.1388
566,926,1492,0.1388
568,929,1497,0.1388
562,935,1497,0.1388
567,942,1509,0.1388
549,933,1482,0.1388
555,947,1502,0.1388
548,939,1487,0.1388
547,936,1483,0.1388
550,940,1490,0.1388
554,946,1500,0.1388
561,949,1510,0.1388
558,941,1499,0.1388
569,952,1521,0.1388
564,960,1524,0.1388
564,960,1524,0.1388
560,953,1513,0.1388
560,962,1522,0.1388
563,964,1527,0.1388
556,963,1519,0.1388
551,954,1505,0.1388
551,953,1504,0.1388
549,957,1506,0.1388
541,956,1497,0.1388
538,960,1498,0.1388
539,953,1492,0.1388
544,947,1491,0.1388
545,952,1497,0.1388
551,952,1503,0.1388
557,959,1516,0.1388
553,952,1505,0.1388
552,951,1503,0.1388
552,964,1516,0.1388
541,967,1508,0.1388
546,955,1501,0.1388
538,951,1489,0.1388
546,953,1499,0.1388
553,951,1504,0.1388
549,961,1510,0.1388
550,961,1511,0.1388
555,964,1519,0.1388
554,960,1514,0.1388
559,956,1515,0.1388
544,961,1505,0.1388
552,973,1525,0.1388
554,965,1519,0.1388
550,963,1513,0.1388
560,956,1516,0.1388
560,956,1516,0.1388
567,957,1524,0.1388
560,949,1509,0.1388
561,940,1501,0.1388
561,946,1507,0.1388
561,947,1508,0.1388
559,961,1520,0.1388
566,950,1516,0.1388
566,940,1506,0.1388
565,946,1511,0.1388
559,954,1513,0.1388
558,947,1505,0.1388
563,940,1503,0.1388
560,942,1502,0.1388
560,944,1504,0.1388
555,939,1494,0.1388
554,947,1501,0.1388
552,945,1497,0.1388
557,948,1505,0.1388
548,949,1497,0.1388
556,955,1511,0.1388
553,951,1504,0.1388
546,950,1496,0.1388
551,950,1501,0.1388
541,944,1485,0.1388
540,939,1479,0.1388
548,952,1500,0.1388
550,959,1509,0.1388
545,963,1508,0.1388
548,970,1518,0.1388
545,967,1512,0.1388
538,974,1512,0.1388
538,990,1528,0.1388
532,974,1506,0.1388
526,978,1504,0.1388
526,975,1501,0.1388
518,972,1490,0.1388
527,969,1496,0.1388
519,968,1487,0.1388
528,983,1511,0.1388
534,975,1509,0.1388
530,974,1504,0.1388
530,979,1509,0.1388
524,984,1508,0.1388
523,996,1519,0.1388
519,998,1517,0.1388
524,995,1519,0.1388
520,1001,1521,0.1388
511,998,1509,0.1388
508,1002,1510,0.1388
508,1011,1519,0.1388
504,1009,1513,0.1388
502,1010,1512,0.1388
495,998,1493,0.1388
494,996,1490,0.1388
508,1008,1516,0.1388
502,1008,1510,0.1388
501,1016,1517,0.1388
493,1014,1507,0.1388
490,1019,1509,0.1388
490,1015,1505,0.1388
488,1035,1523,0.1388
490,1033,1523,0.1388
484,1040,1524,0.1388
484,1039,1523,0.1388
489,1042,1531,0.1388
485,1041,1526,0.1388
478,1046,1524,0.1388
472,1047,1519,0.1388
472,1037,1509,0.1388
468,1036,1504,0.1388
461,1042,1503,0.1388
464,1039,1503,0.1388
467,1048,1515,0.1388
460,1057,1517,0.1388
454,1059,1513,0.1388
449,1056,1505,0.1388
458,1061,1519,0.1388
458,1069,1527,0.1388
455,1067,1522,0.1388
463,1060,1523,0.1388
460,1064,1524,0.1388
451,1064,1515,0.1388
451,1061,1512,0.1388
448,1060,1508,0.1388
439,1068,1507,0.1388
434,1076,1510,0.1388
440,1070,1510,0.1388
432,1071,1503,0.1388
427,1068,1495,0.1388
432,1075,1507,0.1388
435,1077,1512,0.1388
431,1082,1513,0.1388
429,1085,1514,0.1388
431,1089,1520,0.1388
434,1093,1527,0.1388
425,1090,1515,0.1388
420,1095,1515,0.1388
416,1094,1510,0.1388
419,1093,1512,0.1388
419,1092,1511,0.1388
417,1086,1503,0.1388
417,1085,1502,0.1388
418,1090,1508,0.1388
412,1089,1501,0.1388
411,1081,1492,0.1388
415,1087,1502,0.1388
409,1085,1494,0.1388
409,1091,1500,0.1388
407,1097,1504,0.1388
406,1093,1499,0.1388
414,1086,1500,0.1388
418,1086,1504,0.1388
418,1091,1509,0.1388
420,1082,1502,0.1388
421,1081,1502,0.1388
417,1089,1506,0.1388
417,1082,1499,0.1388
421,1085,1506,0.1388
419,1085,1504,0.1388
419,1079,1498,0.1388
424,1070,1494,0.1388
421,1084,1505,0.1388
421,1092,1513,0.1388
420,1086,1506,0.1388
417,1074,1491,0.1388
416,1080,1496,0.1388
419,1086,1505,0.1388
414,1095,1509,0.1388
409,1101,1510,0.1388
404,1090,1494,0.1388
402,1102,1504,0.1388
409,1108,1517,0.1388
412,1104,1516,0.1388
405,1095,1500,0.1388
406,1105,1511,0.1388
412,1100,1512,0.1388
407,1105,1512,0.1388
407,1104,1511,0.1388
405,1103,1508,0.1388
400,1103,1503,0.1388
395,1113,1508,0.1388
400,1121,1521,0.1388
390,1121,1511,0.1388
381,1120,1501,0.1388
382,1117,1499,0.1388
382,1112,1494,0.1388
382,1104,1486,0.1388
377,1116,1493,0.1388
374,1114,1488,0.1388
377,1118,1495,0.1388
389,1112,1501,0.1388
391,1124,1515,0.1388
392,1123,1515,0.1388
385,1135,1520,0.1388
387,1141,1528,0.1388
381,1140,1521,0.1388
377,1138,1515,0.1388
378,1139,1517,0.1388
376,1149,1525,0.1388
370,1143,1513,0.1388
370,1134,1504,0.1388
371,1146,1517,0.1388
370,1149,1519,0.1388
370,1150,1520,0.1388
362,1135,1497,0.1388
353,1144,1497,0.1388
353,1154,1507,0.1388
353,1157,1510,0.1388
359,1180,1539,0.1388
363,1163,1526,0.1388
365,1160,1525,0.1388
364,1157,1521,0.1388
361,1158,1519,0.1388
355,1160,1515,0.1388
357,1166,1523,0.1388
346,1157,1503,0.1388
349,1160,1509,0.1388
351,1173,1524,0.1388
352,1170,1522,0.1388
352,1163,1515,0.1388
351,1169,1520,0.1388
345,1169,1514,0.1388
344,1167,1511,0.1388
334,1174,1508,0.1388
331,1179,1510,0.1388
341,1176,1517,0.1388
347,1175,1522,0.1388
344,1177,1521,0.1388
345,1169,1514,0.1388
344,1174,1518,0.1388
344,1180,1524,0.1388
345,1176,1521,0.1388
342,1170,1512,0.1388
344,1165,1509,0.1388
348,1169,1517,0.1388
346,1159,1505,0.1388
348,1178,1526,0.1388
349,1170,1519,0.1388
349,1176,1525,0.1388
343,1175,1518,0.1388
341,1170,1511,0.1388
345,1173,1518,0.1388
343,1173,1516,0.1388
339,1170,1509,0.1388
340,1177,1517,0.1388
339,1177,1516,0.1388
338,1159,1497,0.1388
340,1167,1507,0.1388
337,1176,1513,0.1388
336,1184,1520,0.1388
335,1185,1520,0.1388
332,1192,1524,0.1388
340,1180,1520,0.1388
341,1181,1522,0.1388
341,1178,1519,0.1388
342,1165,1507,0.1388
337,1150,1487,0.1388
336,1154,1490,0.1388
336,1156,1492,0.1388
335,1165,1500,0.1388
328,1172,1500,0.1388
337,1164,1501,0.1388
338,1168,1506,0.1388
336,1180,1516,0.1388
334,1184,1518,0.1388
331,1179,1510,0.1388
327,1171,1498,0.1388
334,1179,1513,0.1388
337,1186,1523,0.1388
337,1183,1520,0.1388
333,1185,1518,0.1388
331,1182,1513,0.1388
334,1189,1523,0.1388
330,1193,1523,0.1388
334,1199,1533,0.1388
333,1182,1515,0.1388
333,1192,1525,0.1388
330,1196,1526,0.1388
326,1188,1514,0.1388
325,1188,1513,0.1388
333,1188,1521,0.1388
333,1184,1517,0.1388
334,1187,1521,0.1388
327,1189,1516,0.1388
323,1201,1524,0.1388
315,1200,1515,0.1388
315,1201,1516,0.1388
311,1185,1496,0.1388
314,1200,1514,0.1388
313,1200,1513,0.1388
314,1199,1513,0.1388
317,1201,1518,0.1388
314,1195,1509,0.1388
310,1199,1509,0.1388
314,1214,1528,0.1388
310,1206,1516,0.1388
312,1201,1513,0.1388
312,1194,1506,0.1388
314,1193,1507,0.1388
303,1189,1492,0.1388
314,1209,1523,0.1388
315,1214,1529,0.1388
313,1212,1525,0.1388
314,1213,1527,0.1388
315,1210,1525,0.1388
318,1213,1531,0.1388
312,1218,1530,0.1388
307,1210,1517,0.1388
304,1220,1524,0.1388
302,1219,1521,0.1388
302,1215,1517,0.1388
298,1218,1516,0.1388
298,1204,1502,0.1388
299,1208,1507,0.1388
301,1196,1497,0.1388
300,1215,1515,0.1388
299,1209,1508,0.1388
300,1215,1515,0.1388
296,1204,1500,0.1388
298,1215,1513,0.1388
295,1220,1515,0.1388
292,1232,1524,0.1388
289,1221,1510,0.1388
285,1226,1511,0.1388
290,1232,1522,0.1388
290,1229,1519,0.1388
282,1228,1510,0.1388
282,1219,1501,0.1388
278,1218,1496,0.1388
275,1212,1487,0.1388
276,1220,1496,0.1388
277,1208,1485,0.1388
282,1211,1493,0.1388
285,1224,1509,0.1388
284,1238,1522,0.1388
277,1243,1520,0.1388
274,1241,1515,0.1388
281,1236,1517,0.1388
275,1231,1506,0.1388
275,1228,1503,0.1388
280,1226,1506,0.1388
277,1243,1520,0.1388
270,1247,1517,0.1388
275,1252,1527,0.1388
272,1243,1515,0.1388
274,1241,1515,0.1388
276,1230,1506,0.1388
281,1236,1517,0.1388
283,1235,1518,0.1388
283,1233,1516,0.1388
283,1239,1522,0.1388
284,1232,1516,0.1388
289,1218,1507,0.1388
285,1222,1507,0.1388
290,1222,1512,0.1388
290,1224,1514,0.1388
291,1223,1514,0.1388
288,1226,1514,0.1388
287,1220,1507,0.1388
291,1217,1508,0.1388
291,1216,1507,0.1388
294,1227,1521,0.1388
293,1225,1518,0.1388
297,1215,1512,0.1388
300,1213,1513,0.1388
296,1219,1515,0.1388
298,1222,1520,0.1388
292,1227,1519,0.1388
291,1220,1511,0.1388
291,1223,1514,0.1388
296,1225,1521,0.1388
297,1220,1517,0.1388
294,1226,1520,0.1388
301,1216,1517,0.1388
292,1222,1514,0.1388
297,1207,1504,0.1388
296,1215,1511,0.1388
294,1220,1514,0.1388
291,1226,1517,0.1388
290,1217,1507,0.1388
290,1207,1497,0.1388
291,1209,1500,0.1388
294,1226,1520,0.1388
294,1225,1519,0.1388
296,1220,1516,0.1388
296,1205,1501,0.1388
298,1213,1511,0.1388
303,1217,1520,0.1388
303,1221,1524,0.1388
293,1216,1509,0.1388
296,1222,1518,0.1388
297,1222,1519,0.1388
290,1216,1506,0.1388
290,1222,1512,0.1388
296,1213,1509,0.1388
293,1204,1497,0.1388
290,1199,1489,0.1388
286,1204,1490,0.1388
286,1210,1496,0.1388
283,1220,1503,0.1388
285,1223,1508,0.1388
284,1227,1511,0.1388
279,1231,1510,0.1388
278,1240,1518,0.1388
279,1239,1518,0.1388
283,1222,1505,0.1388
282,1224,1506,0.1388
276,1234,1510,0.1388
282,1232,1514,0.1388
274,1225,1499,0.1388
273,1224,1497,0.1388
275,1226,1501,0.1388
273,1235,1508,0.1388
273,1258,1531,0.1388
273,1240,1513,0.1388
277,1247,1524,0.1388
274,1244,1518,0.1388
280,1244,1524,0.1388
281,1236,1517,0.1388
277,1240,1517,0.1388
279,1238,1517,0.1388
282,1236,1518,0.1388
279,1233,1512,0.1388
275,1237,1512,0.1388
275,1240,1515,0.1388
271,1237,1508,0.1388
274,1240,1514,0.1388
268,1237,1505,0.1388
261,1243,1504,0.1388
261,1249,1510,0.1388
265,1244,1509,0.1388
267,1236,1503,0.1388
269,1243,1512,0.1388
267,1250,1517,0.1388
269,1251,1520,0.1388
265,1256,1521,0.1388
265,1240,1505,0.1388
261,1244,1505,0.1388
264,1244,1508,0.1388
258,1251,1509,0.1388
261,1258,1519,0.1388
262,1250,1512,0.1388
257,1247,1504,0.1388
258,1260,1518,0.1388
257,1253,1510,0.1388
251,1252,1503,0.1388
247,1261,1508,0.1388
247,1254,1501,0.1388
247,1250,1497,0.1388
251,1246,1497,0.1388
249,1245,1494,0.1388
250,1251,1501,0.1388
250,1238,1488,0.1388
251,1239,1490,0.1388
254,1247,1501,0.1388
254,1255,1509,0.1388
255,1258,1513,0.1388
259,1238,1497,0.1388
257,1238,1495,0.1388
253,1249,1502,0.1388
254,1252,1506,0.1388
254,1252,1506,0.1388
259,1250,1509,0.1388
252,1258,1510,0.1388
247,1262,1509,0.1388
250,1270,1520,0.1388
244,1262,1506,0.1388
244,1261,1505,0.1388
249,1264,1513,0.1388
247,1258,1505,0.1388
245,1249,1494,0.1388
241,1251,1492,0.1388
238,1265,1503,0.1388
237,1271,1508,0.1388
237,1267,1504,0.1388
235,1283,1518,0.1388
236,1258,1494,0.1388
242,1277,1519,0.1388
241,1271,1512,0.1388
237,1273,1510,0.1388
245,1283,1528,0.1388
241,1271,1512,0.1388
232,1273,1505,0.1388
239,1274,1513,0.1388
237,1274,1511,0.1388
239,1282,1521,0.1388
236,1290,1526,0.1388
228,1290,1518,0.1388
219,1283,1502,0.1388
224,1291,1515,0.1388
226,1288,1514,0.1388
225,1280,1505,0.1388
226,1277,1503,0.1388
229,1286,1515,0.1388
228,1273,1501,0.1388
226,1278,1504,0.1388
227,1284,1511,0.1388
224,1279,1503,0.1388
229,1283,1512,0.1388
228,1287,1515,0.1388
222,1283,1505,0.1388
223,1281,1504,0.1388
222,1278,1500,0.1388
221,1279,1500,0.1388
222,1286,1508,0.1388
220,1288,1508,0.1388
224,1287,1511,0.1388
228,1298,1526,0.1388
231,1292,1523,0.1388
226,1288,1514,0.1388
221,1289,1510,0.1388
226,1282,1508,0.1388
225,1285,1510,0.1388
225,1278,1503,0.1388
220,1288,1508,0.1388
226,1286,1512,0.1388
225,1280,1505,0.1388
222,1268,1490,0.1388
219,1276,1495,0.1388
213,1281,1494,0.1388
215,1288,1503,0.1388
214,1302,1516,0.1388
210,1300,1510,0.1388
210,1311,1521,0.1388
209,1314,1523,0.1388
211,1303,1514,0.1388
206,1308,1514,0.1388
205,1303,1508,0.1388
205,1291,1496,0.1388
202,1299,1501,0.1388
202,1293,1495,0.1388
204,1306,1510,0.1388
203,1314,1517,0.1388
199,1316,1515,0.1388
200,1330,1530,0.1388
198,1327,1525,0.1388
195,1326,1521,0.1388
196,1317,1513,0.1388
189,1315,1504,0.1388
189,1318,1507,0.1388
189,1314,1503,0.1388
186,1314,1500,0.1388
186,1323,1509,0.1388
186,1331,1517,0.1388
185,1341,1526,0.1388
182,1341,1523,0.1388
181,1347,1528,0.1388
184,1342,1526,0.1388
185,1339,1524,0.1388
182,1338,1520,0.1388
182,1350,1532,0.1388
182,1351,1533,0.1388
180,1351,1531,0.1388
175,1356,1531,0.1388
168,1351,1519,0.1388
174,1356,1530,0.1388
173,1350,1523,0.1388
176,1346,1522,0.1388
176,1352,1528,0.1388
176,1347,1523,0.1388
176,1337,1513,0.1388
176,1339,1515,0.1388
176,1325,1501,0.1388
176,1323,1499,0.1388
178,1326,1504,0.1388
182,1335,1517,0.1388
179,1340,1519,0.1388
177,1350,1527,0.1388
173,1348,1521,0.1388
169,1350,1519,0.1388
170,1345,1515,0.1388
170,1338,1508,0.1388
169,1355,1524,0.1388
167,1348,1515,0.1388
169,1349,1518,0.1388
168,1358,1526,0.1388
164,1356,1520,0.1388
164,1351,1515,0.1388
164,1362,1526,0.1388
163,1347,1510,0.1388
159,1331,1490,0.1388
154,1336,1490,0.1388
152,1346,1498,0.1388
149,1355,1504,0.1388
152,1363,1515,0.1388
153,1371,1524,0.1388
153,1357,1510,0.1388
152,1358,1510,0.1388
151,1362,1513,0.1388
150,1367,1517,0.1388
153,1353,1506,0.1388
153,1358,1511,0.1388
151,1359,1510,0.1388
152,1354,1506,0.1388
148,1377,1525,0.1388
149,1376,1525,0.1388
147,1377,1524,0.1388
146,1380,1526,0.1388
146,1368,1514,0.1388
146,1360,1506,0.1388
146,1362,1508,0.1388
144,1374,1518,0.1388
143,1381,1524,0.1388
141,1380,1521,0.1388
141,1383,1524,0.1388
138,1377,1515,0.1388
139,1383,1522,0.1388
138,1365,1503,0.1388
135,1365,1500,0.1388
140,1359,1499,0.1388
140,1359,1499,0.1388
141,1365,1506,0.1388
137,1383,1520,0.1388
137,1383,1520,0.1388
139,1366,1505,0.1388
136,1371,1507,0.1388
136,1373,1509,0.1388
134,1369,1503,0.1388
135,1367,1502,0.1388
135,1363,1498,0.1388
134,1360,1494,0.1388
134,1363,1497,0.1388
134,1364,1498,0.1388
135,1374,1509,0.1388
135,1378,1513,0.1388
135,1375,1510,0.1388
135,1387,1522,0.1388
132,1393,1525,0.1388
134,1379,1513,0.1388
132,1375,1507,0.1388
130,1384,1514,0.1388
134,1387,1521,0.1388
136,1391,1527,0.1388
128,1381,1509,0.1388
127,1382,1509,0.1388
130,1385,1515,0.1388
129,1390,1519,0.1388
130,1392,1522,0.1388
132,1390,1522,0.1388
133,1385,1518,0.1388
132,1380,1512,0.1388
129,1393,1522,0.1388
129,1395,1524,0.1388
129,1395,1524,0.1388
127,1393,1520,0.1388
122,1383,1505,0.1388
127,1384,1511,0.1388
129,1387,1516,0.1388
132,1395,1527,0.1388
134,1404,1538,0.1388
132,1387,1519,0.1388
134,1393,1527,0.1388
131,1377,1508,0.1388
134,1375,1509,0.1388
131,1390,1521,0.1388
130,1390,1520,0.1388
131,1392,1523,0.1388
132,1365,1497,0.1388
129,1369,1498,0.1388
128,1371,1499,0.1388
124,1381,1505,0.1388
128,1390,1518,0.1388
128,1389,1517,0.1388
126,1386,1512,0.1388
124,1381,1505,0.1388
126,1386,1512,0.1388
126,1379,1505,0.1388
124,1384,1508,0.1388
124,1389,1513,0.1388
127,1390,1517,0.1388
128,1382,1510,0.1388
125,1388,1513,0.1388
126,1395,1521,0.1388
122,1379,1501,0.1388
121,1385,1506,0.1388
121,1381,1502,0.1388
122,1384,1506,0.1388
118,1391,1509,0.1388
119,1394,1513,0.1388
118,1406,1524,0.1388
116,1408,1524,0.1388
113,1401,1514,0.1388
114,1404,1518,0.1388
116,1394,1510,0.1388
120,1395,1515,0.1388
122,1390,1512,0.1388
121,1398,1519,0.1388
123,1399,1522,0.1388
122,1405,1527,0.1388
120,1397,1517,0.1388
120,1401,1521,0.1388
116,1418,1534,0.1388
116,1412,1528,0.1388
115,1405,1520,0.1388
113,1401,1514,0.1388
111,1410,1521,0.1388
108,1409,1517,0.1388
107,1403,1510,0.1388
111,1396,1507,0.1388
111,1393,1504,0.1388
111,1393,1504,0.1388
118,1385,1503,0.1388
116,1393,1509,0.1388
116,1400,1516,0.1388
112,1397,1509,0.1388
112,1396,1508,0.1388
113,1392,1505,0.1388
111,1396,1507,0.1388
114,1396,1510,0.1388
118,1404,1522,0.1388
114,1396,1510,0.1388
113,1394,1507,0.1388
110,1400,1510,0.1388
109,1399,1508,0.1388
111,1408,1519,0.1388
109,1404,1513,0.1388
109,1398,1507,0.1388
107,1405,1512,0.1388
107,1400,1507,0.1388
109,1419,1528,0.1388
107,1419,1526,0.1388
107,1410,1517,0.1388
105,1412,1517,0.1388
107,1407,1514,0.1388
104,1410,1514,0.1388
105,1406,1511,0.1388
100,1417,1517,0.1388
99,1417,1516,0.1388
100,1422,1522,0.1388
102,1428,1530,0.1388
103,1422,1525,0.1388
99,1424,1523,0.1388
97,1422,1519,0.1388
101,1413,1514,0.1388
98,1402,1500,0.1388
96,1403,1499,0.1388
97,1410,1507,0.1388
97,1421,1518,0.1388
98,1438,1536,0.1388
95,1436,1531,0.1388
91,1430,1521,0.1388
90,1427,1517,0.1388
91,1426,1517,0.1388
91,1427,1518,0.1388
88,1419,1507,0.1388
87,1430,1517,0.1388
87,1435,1522,0.1388
88,1431,1519,0.1388
85,1426,1511,0.1388
83,1432,1515,0.1388
84,1431,1515,0.1388
82,1435,1517,0.1388
81,1447,1528,0.1388
82,1435,1517,0.1388
81,1425,1506,0.1388
78,1425,1503,0.1388
80,1424,1504,0.1388
77,1440,1517,0.1388
74,1442,1516,0.1388
73,1443,1516,0.1388
73,1445,1518,0.1388
76,1431,1507,0.1388
76,1437,1513,0.1388
73,1447,1520,0.1388
72,1439,1511,0.1388
72,1439,1511,0.1388
68,1437,1505,0.1388
66,1449,1515,0.1388
66,1442,1508,0.1388
68,1440,1508,0.1388
68,1442,1510,0.1388
67,1441,1508,0.1388
65,1453,1518,0.1388
66,1435,1501,0.1388
65,1445,1510,0.1388
63,1443,1506,0.1388
65,1443,1508,0.1388
69,1432,1501,0.1388
65,1426,1491,0.1388
64,1449,1513,0.1388
63,1445,1508,0.1388
65,1449,1514,0.1388
65,1446,1511,0.1388
63,1440,1503,0.1388
64,1441,1505,0.1388
61,1445,1506,0.1388
59,1446,1505,0.1388
62,1440,1502,0.1388
64,1429,1493,0.1388
60,1437,1497,0.1388
58,1444,1502,0.1388
56,1454,1510,0.1388
55,1463,1518,0.1388
53,1463,1516,0.1388
53,1461,1514,0.1388
51,1468,1519,0.1388
50,1464,1514,0.1388
49,1460,1509,0.1388
47,1462,1509,0.1388
51,1459,1510,0.1388
51,1465,1516,0.1388
51,1475,1526,0.1388
51,1460,1511,0.1388
49,1465,1514,0.1388
48,1458,1506,0.1388
49,1458,1507,0.1388
50,1461,1511,0.1388
50,1458,1508,0.1388
49,1473,1522,0.1388
46,1471,1517,0.1388
45,1474,1519,0.1388
49,1467,1516,0.1388
50,1473,1523,0.1388
48,1469,1517,0.1388
48,1455,1503,0.1388
44,1467,1511,0.1388
45,1469,1514,0.1388
44,1465,1509,0.1388
46,1462,1508,0.1388
44,1456,1500,0.1388
46,1462,1508,0.1388
46,1452,1498,0.1388
49,1464,1513,0.1388
49,1459,1508,0.1388
48,1455,1503,0.1388
47,1462,1509,0.1388
49,1458,1507,0.1388
51,1456,1507,0.1388
51,1455,1506,0.1388
52,1459,1511,0.1388
55,1455,1510,0.1388
55,1465,1520,0.1388
53,1452,1505,0.1388
54,1463,1517,0.1388
57,1462,1519,0.1388
59,1457,1516,0.1388
56,1454,1510,0.1388
57,1471,1528,0.1388
52,1456,1508,0.1388
54,1474,1528,0.1388
52,1475,1527,0.1388
50,1472,1522,0.1388
49,1475,1524,0.1388
48,1464,1512,0.1388
48,1457,1505,0.1388
49,1457,1506,0.1388
52,1459,1511,0.1388
54,1465,1519,0.1388
54,1470,1524,0.1388
54,1481,1535,0.1388
54,1459,1513,0.1388
54,1470,1524,0.1388
55,1463,1518,0.1388
55,1467,1522,0.1388
52,1471,1523,0.1388
50,1450,1500,0.1388
50,1457,1507,0.1388
52,1446,1498,0.1388
52,1455,1507,0.1388
54,1464,1518,0.1388
54,1465,1519,0.1388
54,1460,1514,0.1388
53,1452,1505,0.1388
54,1452,1506,0.1388
55,1456,1511,0.1388
55,1462,1517,0.1388
54,1449,1503,0.1388
55,1463,1518,0.1388
53,1481,1534,0.1388
52,1462,1514,0.1388
52,1449,1501,0.1388
52,1455,1507,0.1388
50,1461,1511,0.1388
51,1460,1511,0.1388
52,1448,1500,0.1388
51,1436,1487,0.1388
50,1444,1494,0.1388
48,1453,1501,0.1388
52,1454,1506,0.1388
52,1453,1505,0.1388
53,1456,1509,0.1388
52,1467,1519,0.1388
53,1466,1519,0.1388
48,1458,1506,0.1388
48,1449,1497,0.1388
50,1460,1510,0.1388
49,1465,1514,0.1388
51,1459,1510,0.1388
52,1455,1507,0.1388
54,1464,1518,0.1388
54,1461,1515,0.1388
54,1462,1516,0.1388
54,1453,1507,0.1388
56,1446,1502,0.1388
57,1460,1517,0.1388
57,1456,1513,0.1388
56,1457,1513,0.1388
54,1456,1510,0.1388
54,1462,1516,0.1388
55,1457,1512,0.1388
53,1478,1531,0.1388
54,1477,1531,0.1388
52,1480,1532,0.1388
51,1478,1529,0.1388
49,1478,1527,0.1388
49,1486,1535,0.1388
54,1482,1536,0.1388
56,1473,1529,0.1388
56,1475,1531,0.1388
56,1454,1510,0.1388
54,1470,1524,0.1388
53,1479,1532,0.1388
52,1470,1522,0.1388
51,1466,1517,0.1388
51,1463,1514,0.1388
50,1458,1508,0.1388
51,1468,1519,0.1388
51,1469,1520,0.1388
49,1474,1523,0.1388
47,1462,1509,0.1388
48,1451,1499,0.1388
47,1465,1512,0.1388
47,1452,1499,0.1388
48,1456,1504,0.1388
49,1447,1496,0.1388
49,1450,1499,0.1388
50,1466,1516,0.1388
50,1471,1521,0.1388
50,1476,1526,0.1388
51,1471,1522,0.1388
51,1457,1508,0.1388
47,1458,1505,0.1388
44,1459,1503,0.1388
42,1471,1513,0.1388
42,1464,1506,0.1388
44,1454,1498,0.1388
42,1464,1506,0.1388
44,1456,1500,0.1388
43,1466,1509,0.1388
44,1457,1501,0.1388
45,1465,1510,0.1388
46,1461,1507,0.1388
47,1459,1506,0.1388
46,1463,1509,0.1388
43,1462,1505,0.1388
44,1471,1515,0.1388
46,1483,1529,0.1388
47,1485,1532,0.1388
47,1482,1529,0.1388
45,1470,1515,0.1388
44,1469,1513,0.1388
44,1477,1521,0.1388
45,1484,1529,0.1388
46,1480,1526,0.1388
45,1471,1516,0.1388
46,1484,1530,0.1388
50,1476,1526,0.1388
51,1468,1519,0.1388
50,1473,1523,0.1388
51,1477,1528,0.1388
49,1464,1513,0.1388
49,1469,1518,0.1388
48,1461,1509,0.1388
45,1460,1505,0.1388
43,1467,1510,0.1388
44,1475,1519,0.1388
47,1484,1531,0.1388
49,1471,1520,0.1388
52,1475,1527,0.1388
50,1479,1529,0.1388
46,1480,1526,0.1388
44,1475,1519,0.1388
46,1473,1519,0.1388
46,1481,1527,0.1388
44,1477,1521,0.1388
48,1478,1526,0.1388
47,1472,1519,0.1388
47,1474,1521,0.1388
47,1485,1532,0.1388
46,1480,1526,0.1388
45,1485,1530,0.1388
46,1475,1521,0.1388
46,1484,1530,0.1388
46,1480,1526,0.1388
47,1485,1532,0.1388
46,1474,1520,0.1388
47,1476,1523,0.1388
47,1478,1525,0.1388
49,1464,1513,0.1388
47,1457,1504,0.1388
51,1463,1514,0.1388
52,1465,1517,0.1388
51,1460,1511,0.1388
48,1463,1511,0.1388
45,1461,1506,0.1388
46,1465,1511,0.1388
45,1459,1504,0.1388
45,1471,1516,0.1388
48,1465,1513,0.1388
46,1464,1510,0.1388
43,1483,1526,0.1388
45,1492,1537,0.1388
45,1486,1531,0.1388
45,1480,1525,0.1388
44,1493,1537,0.1388
43,1476,1519,0.1388
45,1471,1516,0.1388
42,1469,1511,0.1388
43,1464,1507,0.1388
42,1464,1506,0.1388
42,1451,1493,0.1388
41,1473,1514,0.1388
39,1455,1494,0.1388
40,1464,1504,0.1388
40,1464,1504,0.1388
38,1464,1502,0.1388
37,1464,1501,0.1388
39,1467,1506,0.1388
41,1482,1523,0.1388
41,1496,1537,0.1388
42,1480,1522,0.1388
41,1479,1520,0.1388
41,1467,1508,0.1388
41,1456,1497,0.1388
41,1453,1494,0.1388
42,1474,1516,0.1388
43,1464,1507,0.1388
42,1468,1510,0.1388
44,1476,1520,0.1388
41,1474,1515,0.1388
39,1474,1513,0.1388
41,1475,1516,0.1388
41,1489,1530,0.1388
40,1480,1520,0.1388
39,1491,1530,0.1388
39,1480,1519,0.1388
37,1470,1507,0.1388
38,1478,1516,0.1388
38,1474,1512,0.1388
39,1470,1509,0.1388
40,1484,1524,0.1388
39,1476,1515,0.1388
39,1480,1519,0.1388
38,1463,1501,0.1388
40,1468,1508,0.1388
40,1477,1517,0.1388
40,1476,1516,0.1388
41,1488,1529,0.1388
41,1476,1517,0.1388
40,1478,1518,0.1388
39,1490,1529,0.1388
41,1482,1523,0.1388
38,1483,1521,0.1388
39,1476,1515,0.1388
38,1480,1518,0.1388
40,1488,1528,0.1388
42,1491,1533,0.1388
41,1491,1532,0.1388
41,1492,1533,0.1388
42,1488,1530,0.1388
41,1483,1524,0.1388
42,1505,1547,0.1388
42,1485,1527,0.1388
43,1477,1520,0.1388
42,1475,1517,0.1388
41,1469,1510,0.1388
40,1481,1521,0.1388
39,1474,1513,0.1388
40,1480,1520,0.1388
38,1472,1510,0.1388
39,1480,1519,0.1388
39,1473,1512,0.1388
40,1468,1508,0.1388
39,1482,1521,0.1388
40,1489,1529,0.1388
40,1491,1531,0.1388
38,1490,1528,0.1388
35,1489,1524,0.1388
36,1493,1529,0.1388
37,1473,1510,0.1388
36,1481,1517,0.1388
38,1487,1525,0.1388
37,1487,1524,0.1388
37,1478,1515,0.1388
37,1479,1516,0.1388
36,1477,1513,0.1388
37,1483,1520,0.1388
38,1483,1521,0.1388
38,1482,1520,0.1388
40,1468,1508,0.1388
40,1471,1511,0.1388
39,1475,1514,0.1388
39,1485,1524,0.1388
36,1494,1530,0.1388
36,1498,1534,0.1388
37,1506,1543,0.1388
37,1493,1530,0.1388
36,1478,1514,0.1388
35,1476,1511,0.1388
35,1483,1518,0.1388
36,1479,1515,0.1388
37,1476,1513,0.1388
36,1479,1515,0.1388
35,1488,1523,0.1388
38,1489,1527,0.1388
40,1490,1530,0.1388
40,1495,1535,0.1388
40,1487,1527,0.1388
39,1488,1527,0.1388
40,1483,1523,0.1388
39,1492,1531,0.1388
38,1492,1530,0.1388
39,1490,1529,0.1388
38,1483,1521,0.1388
38,1481,1519,0.1388
38,1480,1518,0.1388
39,1477,1516,0.1388
37,1474,1511,0.1388
36,1471,1507,0.1388
35,1482,1517,0.1388
34,1478,1512,0.1388
34,1473,1507,0.1388
34,1479,1513,0.1388
35,1477,1512,0.1388
32,1472,1504,0.1388
32,1481,1513,0.1388
34,1491,1525,0.1388
34,1494,1528,0.1388
35,1487,1522,0.1388
35,1482,1517,0.1388
34,1489,1523,0.1388
33,1488,1521,0.1388
31,1491,1522,0.1388
31,1498,1529,0.1388
31,1484,1515,0.1388
30,1498,1528,0.1388
32,1494,1526,0.1388
29,1493,1522,0.1388
27,1484,1511,0.1388
30,1484,1514,0.1388
30,1488,1518,0.1388
29,1480,1509,0.1388
27,1477,1504,0.1388
25,1486,1511,0.1388
25,1495,1520,0.1388
25,1505,1530,0.1388
25,1487,1512,0.1388
26,1489,1515,0.1388
25,1486,1511,0.1388
26,1492,1518,0.1388
26,1500,1526,0.1388
28,1508,1536,0.1388
25,1508,1533,0.1388
25,1497,1522,0.1388
25,1501,1526,0.1388
26,1494,1520,0.1388
26,1482,1508,0.1388
27,1478,1505,0.1388
27,1482,1509,0.1388
26,1492,1518,0.1388
26,1498,1524,0.1388
27,1490,1517,0.1388
27,1492,1519,0.1388
25,1478,1503,0.1388
25,1471,1496,0.1388
24,1472,1496,0.1388
23,1482,1505,0.1388
24,1482,1506,0.1388
20,1500,1520,0.1388
20,1509,1529,0.1388
20,1515,1535,0.1388
22,1498,1520,0.1388
23,1489,1512,0.1388
24,1500,1524,0.1388
23,1496,1519,0.1388
22,1498,1520,0.1388
22,1500,1522,0.1388
19,1508,1527,0.1388
19,1508,1527,0.1388
19,1513,1532,0.1388
19,1511,1530,0.1388
18,1497,1515,0.1388
16,1483,1499,0.1388
15,1481,1496,0.1388
16,1493,1509,0.1388
17,1493,1510,0.1388
18,1495,1513,0.1388
18,1501,1519,0.1388
19,1504,1523,0.1388
18,1517,1535,0.1388
16,1506,1522,0.1388
16,1518,1534,0.1388
17,1511,1528,0.1388
16,1502,1518,0.1388
16,1498,1514,0.1388
15,1508,1523,0.1388
15,1508,1523,0.1388
15,1504,1519,0.1388
15,1507,1522,0.1388
14,1512,1526,0.1388
15,1511,1526,0.1388
14,1506,1520,0.1388
16,1508,1524,0.1388
16,1504,1520,0.1388
16,1505,1521,0.1388
16,1503,1519,0.1388
16,1505,1521,0.1388
16,1499,1515,0.1388
16,1496,1512,0.1388
16,1486,1502,0.1388
16,1498,1514,0.1388
16,1487,1503,0.1388
14,1494,1508,0.1388
14,1493,1507,0.1388
13,1493,1506,0.1388
13,1495,1508,0.1388
12,1496,1508,0.1388
10,1492,1502,0.1388
8,1510,1518,0.1388
8,1514,1522,0.1388
8,1497,1505,0.1388
9,1505,1514,0.1388
9,1500,1509,0.1388
9,1507,1516,0.1388
9,1507,1516,0.1388
8,1512,1520,0.1388
8,1518,1526,0.1388
7,1516,1523,0.1388
7,1502,1509,0.1388
7,1507,1514,0.1388
8,1506,1514,0.1388
8,1497,1505,0.1388
9,1504,1513,0.1388
10,1506,1516,0.1388
9,1504,1513,0.1388
8,1506,1514,0.1388
8,1497,1505,0.1388
8,1505,1513,0.1388
8,1515,1523,0.1388
8,1512,1520,0.1388
8,1510,1518,0.1388
9,1515,1524,0.1388
8,1511,1519,0.1388
8,1514,1522,0.1388
8,1527,1535,0.1388
7,1515,1522,0.1388
7,1529,1536,0.1388
6,1521,1527,0.1388
6,1516,1522,0.1388
6,1499,1505,0.1388
6,1495,1501,0.1388
6,1497,1503,0.1388
6,1494,1500,0.1388
5,1495,1500,0.1388
4,1501,1505,0.1388
4,1499,1503,0.1388
5,1488,1493,0.1388
6,1499,1505,0.1388
6,1500,1506,0.1388
6,1517,1523,0.1388
5,1516,1521,0.1388
4,1510,1514,0.1388
5,1511,1516,0.1388
5,1518,1523,0.1388
6,1512,1518,0.1388
6,1519,1525,0.1388
6,1517,1523,0.1388
6,1518,1524,0.1388
6,1507,1513,0.1388
6,1508,1514,0.1388
6,1511,1517,0.1388
6,1515,1521,0.1388
6,1505,1511,0.1388
6,1514,1520,0.1388
6,1506,1512,0.1388
6,1510,1516,0.1388
6,1516,1522,0.1388
6,1505,1511,0.1388
6,1521,1527,0.1388
6,1509,1515,0.1388
5,1516,1521,0.1388
5,1522,1527,0.1388
5,1500,1505,0.1388
6,1507,1513,0.1388
6,1497,1503,0.1388
6,1504,1510,0.1388
6,1505,1511,0.1388
7,1507,1514,0.1388
7,1505,1512,0.1388
7,1505,1512,0.1388
6,1512,1518,0.1388
7,1517,1524,0.1388
7,1504,1511,0.1388
7,1515,1522,0.1388
6,1515,1521,0.1388
6,1522,1528,0.1388
7,1512,1519,0.1388
7,1501,1508,0.1388
7,1513,1520,0.1388
6,1513,1519,0.1388
6,1519,1525,0.1388
6,1518,1524,0.1388
7,1517,1524,0.1388
7,1513,1520,0.1388
7,1515,1522,0.1388
7,1503,1510,0.1388
7,1512,1519,0.1388
7,1511,1518,0.1388
8,1503,1511,0.1388
8,1508,1516,0.1388
8,1501,1509,0.1388
8,1497,1505,0.1388
9,1501,1510,0.1388
9,1506,1515,0.1388
8,1514,1522,0.1388
8,1510,1518,0.1388
7,1512,1519,0.1388
8,1506,1514,0.1388
7,1517,1524,0.1388
8,1514,1522,0.1388
8,1512,1520,0.1388
8,1517,1525,0.1388
8,1523,1531,0.1388
8,1519,1527,0.1388
8,1516,1524,0.1388
8,1508,1516,0.1388
8,1509,1517,0.1388
9,1505,1514,0.1388
9,1509,1518,0.1388
9,1499,1508,0.1388
8,1508,1516,0.1388
7,1509,1516,0.1388
7,1508,1515,0.1388
7,1516,1523,0.1388
6,1510,1516,0.1388
6,1523,1529,0.1388
6,1524,1530,0.1388
6,1518,1524,0.1388
5,1513,1518,0.1388
6,1516,1522,0.1388
6,1514,1520,0.1388
6,1510,1516,0.1388
7,1509,1516,0.1388
7,1513,1520,0.1388
7,1515,1522,0.1388
6,1521,1527,0.1388
6,1507,1513,0.1388
6,1512,1518,0.1388
6,1515,1521,0.1388
6,1510,1516,0.1388
7,1510,1517,0.1388
7,1513,1520,0.1388
8,1522,1530,0.1388
8,1523,1531,0.1388
8,1524,1532,0.1388
8,1521,1529,0.1388
8,1522,1530,0.1388
8,1525,1533,0.1388
6,1513,1519,0.1388
6,1516,1522,0.1388
6,1520,1526,0.1388
5,1520,1525,0.1388
5,1519,1524,0.1388
5,1502,1507,0.1388
5,1513,1518,0.1388
5,1519,1524,0.1388
5,1519,1524,0.1388
5,1515,1520,0.1388
5,1524,1529,0.1388
4,1514,1518,0.1388
3,1525,1528,0.1388
3,1522,1525,0.1388
3,1517,1520,0.1388
4,1509,1513,0.1388
4,1501,1505,0.1388
3,1504,1507,0.1388
3,1514,1517,0.1388
3,1523,1526,0.1388
3,1514,1517,0.1388
3,1530,1533,0.1388
3,1523,1526,0.1388
2,1527,1529,0.1388
2,1529,1531,0.1388
2,1530,1532,0.1388
3,1528,1531,0.1388
3,1526,1529,0.1388
3,1521,1524,0.1388
3,1504,1507,0.1388
3,1495,1498,0.1388
3,1524,1527,0.1388
3,1511,1514,0.1388
3,1516,1519,0.1388
3,1511,1514,0.1388
3,1513,1516,0.1388
3,1513,1516,0.1388
3,1519,1522,0.1388
3,1528,1531,0.1388
3,1533,1536,0.1388
3,1531,1534,0.1388
3,1529,1532,0.1388
3,1527,1530,0.1388
4,1506,1510,0.1388
4,1503,1507,0.1388
4,1506,1510,0.1388
4,1517,1521,0.1388
4,1503,1507,0.1388
3,1500,1503,0.1388
3,1498,1501,0.1388
3,1501,1504,0.1388
4,1509,1513,0.1388
4,1508,1512,0.1388
4,1512,1516,0.1388
6,1494,1500,0.1388
6,1505,1511,0.1388
6,1497,1503,0.1388
6,1500,1506,0.1388
6,1509,1515,0.1388
7,1512,1519,0.1388
7,1505,1512,0.1388
7,1508,1515,0.1388
7,1523,1530,0.1388
6,1517,1523,0.1388
6,1510,1516,0.1388
5,1513,1518,0.1388
5,1515,1520,0.1388
5,1505,1510,0.1388
5,1497,1502,0.1388
5,1510,1515,0.1388
5,1514,1519,0.1388
5,1507,1512,0.1388
5,1512,1517,0.1388
4,1509,1513,0.1388
4,1515,1519,0.1388
4,1511,1515,0.1388
4,1509,1513,0.1388
4,1513,1517,0.1388
4,1509,1513,0.1388
4,1511,1515,0.1388
4,1508,1512,0.1388
5,1504,1509,0.1388
5,1515,1520,0.1388
5,1522,1527,0.1388
5,1517,1522,0.1388
5,1506,1511,0.1388
5,1507,1512,0.1388
5,1509,1514,0.1388
5,1506,1511,0.1388
5,1514,1519,0.1388
5,1507,1512,0.1388
5,1504,1509,0.1388
5,1514,1519,0.1388
5,1509,1514,0.1388
4,1506,1510,0.1388
3,1508,1511,0.1388
3,1521,1524,0.1388
3,1521,1524,0.1388
3,1518,1521,0.1388
3,1516,1519,0.1388
3,1526,1529,0.1388
3,1523,1526,0.1388
3,1515,1518,0.1388
3,1519,1522,0.1388
3,1526,1529,0.1388
3,1513,1516,0.1388
3,1525,1528,0.1388
3,1516,1519,0.1388
3,1520,1523,0.1388
3,1512,1515,0.1388
3,1516,1519,0.1388
3,1514,1517,0.1388
4,1505,1509,0.1388
3,1506,1509,0.1388
3,1509,1512,0.1388
3,1510,1513,0.1388
3,1517,1520,0.1388
3,1523,1526,0.1388
3,1522,1525,0.1388
3,1532,1535,0.1388
3,1526,1529,0.1388
2,1522,1524,0.1388
2,1524,1526,0.1388
2,1519,1521,0.1388
2,1521,1523,0.1388
1,1517,1518,0.1388
1,1512,1513,0.1388
1,1504,1505,0.1388
1,1514,1515,0.1388
1,1521,1522,0.1388
1,1534,1535,0.1388
1,1529,1530,0.1388
1,1514,1515,0.1388
1,1515,1516,0.1388
1,1520,1521,0.1388
1,1520,1521,0.1388
1,1520,1521,0.1388
1,1519,1520,0.1388
1,1517,1518,0.1388
1,1517,1518,0.1388
1,1523,1524,0.1388
1,1515,1516,0.1388
1,1514,1515,0.1388
1,1523,1524,0.1388
1,1511,1512,0.1388
1,1512,1513,0.1388
1,1514,1515,0.1388
1,1515,1516,0.1388
1,1519,1520,0.1388
1,1516,1517,0.1388
1,1519,1520,0.1388
1,1528,1529,0.1388
1,1523,1524,0.1388
1,1517,1518,0.1388
1,1512,1513,0.1388
1,1516,1517,0.1388
1,1510,1511,0.1388
1,1514,1515,0.1388
1,1519,1520,0.1388
1,1509,1510,0.1388
1,1505,1506,0.1388
1,1516,1517,0.1388
1,1512,1513,0.1388
1,1514,1515,0.1388
1,1510,1511,0.1388
1,1527,1528,0.1388
1,1514,1515,0.1388
1,1493,1494,0.1388
1,1509,1510,0.1388
1,1498,1499,0.1388
1,1499,1500,0.1388
1,1495,1496,0.1388
1,1505,1506,0.1388
1,1494,1495,0.1388
1,1496,1497,0.1388
1,1505,1506,0.1388
1,1501,1502,0.1388
1,1511,1512,0.1388
0,1513,1513,0.1388
