1363,29,1392,0.1388
1381,30,1411,0.1388
1404,30,1434,0.1388
1417,29,1446,0.1388
1444,32,1476,0.1388
1444,34,1478,0.1388
1454,33,1487,0.1388
1458,34,1492,0.1388
1447,34,1481,0.1388
1449,32,1481,0.1388
1462,33,1495,0.1388
1453,35,1488,0.1388
1460,35,1495,0.1388
1460,33,1493,0.1388
1459,32,1491,0.1388
1451,31,1482,0.1388
1459,32,1491,0.1388
1464,31,1495,0.1388
1484,33,1517,0.1388
1473,34,1507,0.1388
1466,36,1502,0.1388
1466,38,1504,0.1388
1461,36,1497,0.1388
1467,36,1503,0.1388
1468,37,1505,0.1388
1459,37,1496,0.1388
1458,37,1495,0.1388
1459,40,1499,0.1388
1445,38,1483,0.1388
1451,38,1489,0.1388
1450,40,1490,0.1388
1463,43,1506,0.1388
1460,41,1501,0.1388
1465,40,1505,0.1388
1456,41,1497,0.1388
1461,42,1503,0.1388
1451,41,1492,0.1388
1445,42,1487,0.1388
1441,42,1483,0.1388
1447,44,1491,0.1388
1447,45,1492,0.1388
1453,45,1498,0.1388
1448,44,1492,0.1388
1449,44,1493,0.1388
1455,45,1500,0.1388
1452,46,1498,0.1388
1455,46,1501,0.1388
1457,46,1503,0.1388
1446,46,1492,0.1388
1440,51,1491,0.1388
1442,50,1492,0.1388
1436,48,1484,0.1388
1432,48,1480,0.1388
1418,49,1467,0.1388
1428,48,1476,0.1388
1428,48,1476,0.1388
1426,48,1474,0.1388
1424,49,1473,0.1388
1431,49,1480,0.1388
1436,50,1486,0.1388
1439,51,1490,0.1388
1446,52,1498,0.1388
1438,52,1490,0.1388
1432,52,1484,0.1388
1442,53,1495,0.1388
1436,54,1490,0.1388
1435,54,1489,0.1388
1417,55,1472,0.1388
1425,54,1479,0.1388
1428,52,1480,0.1388
1431,53,1484,0.1388
1431,55,1486,0.1388
1444,53,1497,0.1388
1433,55,1488,0.1388
1426,51,1477,0.1388
1422,52,1474,0.1388
1429,52,1481,0.1388
1427,52,1479,0.1388
1439,52,1491,0.1388
1443,54,1497,0.1388
1444,57,1501,0.1388
1441,57,1498,0.1388
1438,55,1493,0.1388
1437,55,1492,0.1388
1443,57,1500,0.1388
1442,61,1503,0.1388
1426,67,1493,0.1388
1430,67,1497,0.1388
1419,69,1488,0.1388
1414,70,1484,0.1388
1410,73,1483,0.1388
1410,73,1483,0.1388
1402,72,1474,0.1388
1399,74,1473,0.1388
1404,76,1480,0.1388
1412,76,1488,0.1388
1423,77,1500,0.1388
1406,78,1484,0.1388
1406,77,1483,0.1388
1407,79,1486,0.1388
1403,80,1483,0.1388
1399,80,1479,0.1388
1401,81,1482,0.1388
1407,80,1487,0.1388
1423,79,1502,0.1388
1430,79,1509,0.1388
1421,79,1500,0.1388
1423,78,1501,0.1388
1405,80,1485,0.1388
1404,82,1486,0.1388
1410,81,1491,0.1388
1413,78,1491,0.1388
1410,78,1488,0.1388
1387,80,1467,0.1388
1396,82,1478,0.1388
1415,85,1500,0.1388
1418,83,1501,0.1388
1411,86,1497,0.1388
1418,87,1505,0.1388
1413,86,1499,0.1388
1396,85,1481,0.1388
1402,81,1483,0.1388
1394,82,1476,0.1388
1391,88,1479,0.1388
1399,86,1485,0.1388
1405,88,1493,0.1388
1410,91,1501,0.1388
1399,89,1488,0.1388
1395,86,1481,0.1388
1406,84,1490,0.1388
1404,83,1487,0.1388
1403,85,1488,0.1388
1412,87,1499,0.1388
1408,88,1496,0.1388
1405,89,1494,0.1388
1408,85,1493,0.1388
1395,88,1483,0.1388
1404,88,1492,0.1388
1396,89,1485,0.1388
1400,90,1490,0.1388
1399,92,1491,0.1388
1396,91,1487,0.1388
1387,91,1478,0.1388
1375,92,1467,0.1388
1368,96,1464,0.1388
1381,95,1476,0.1388
1407,98,1505,0.1388
1419,101,1520,0.1388
1416,103,1519,0.1388
1414,101,1515,0.1388
1417,99,1516,0.1388
1408,98,1506,0.1388
1405,93,1498,0.1388
1405,92,1497,0.1388
1407,97,1504,0.1388
1409,97,1506,0.1388
1401,96,1497,0.1388
1412,95,1507,0.1388
1433,94,1527,0.1388
1415,97,1512,0.1388
1416,97,1513,0.1388
1414,96,1510,0.1388
1407,93,1500,0.1388
1403,92,1495,0.1388
1417,92,1509,0.1388
1420,94,1514,0.1388
1421,93,1514,0.1388
1409,89,1498,0.1388
1421,92,1513,0.1388
1402,94,1496,0.1388
1398,96,1494,0.1388
1397,99,1496,0.1388
1381,99,1480,0.1388
1372,101,1473,0.1388
1389,99,1488,0.1388
1385,96,1481,0.1388
1367,100,1467,0.1388
1373,103,1476,0.1388
1376,104,1480,0.1388
1382,101,1483,0.1388
1391,103,1494,0.1388
1390,104,1494,0.1388
1387,103,1490,0.1388
1385,107,1492,0.1388
1387,105,1492,0.1388
1375,105,1480,0.1388
1379,103,1482,0.1388
1386,101,1487,0.1388
1383,101,1484,0.1388
1385,101,1486,0.1388
1381,101,1482,0.1388
1391,105,1496,0.1388
1388,104,1492,0.1388
1394,102,1496,0.1388
1390,105,1495,0.1388
1393,105,1498,0.1388
1391,102,1493,0.1388
1391,101,1492,0.1388
1385,98,1483,0.1388
1400,102,1502,0.1388
1404,103,1507,0.1388
1409,102,1511,0.1388
1405,101,1506,0.1388
1401,102,1503,0.1388
1391,100,1491,0.1388
1389,100,1489,0.1388
1389,103,1492,0.1388
1388,99,1487,0.1388
1396,102,1498,0.1388
1387,103,1490,0.1388
1381,106,1487,0.1388
1380,107,1487,0.1388
1377,104,1481,0.1388
1373,107,1480,0.1388
1380,103,1483,0.1388
1381,105,1486,0.1388
1372,106,1478,0.1388
1363,105,1468,0.1388
1368,108,1476,0.1388
1372,109,1481,0.1388
1370,109,1479,0.1388
1383,109,1492,0.1388
1384,107,1491,0.1388
1400,109,1509,0.1388
1394,109,1503,0.1388
1401,107,1508,0.1388
1395,108,1503,0.1388
1396,110,1506,0.1388
1383,114,1497,0.1388
1386,116,1502,0.1388
1376,113,1489,0.1388
1377,110,1487,0.1388
1382,107,1489,0.1388
1381,111,1492,0.1388
1376,112,1488,0.1388
1378,113,1491,0.1388
1372,115,1487,0.1388
1366,121,1487,0.1388
1368,114,1482,0.1388
1379,113,1492,0.1388
1373,117,1490,0.1388
1381,119,1500,0.1388
1382,120,1502,0.1388
1372,122,1494,0.1388
1371,127,1498,0.1388
1368,129,1497,0.1388
1366,128,1494,0.1388
1369,128,1497,0.1388
1369,127,1496,0.1388
1355,131,1486,0.1388
1362,128,1490,0.1388
1359,128,1487,0.1388
1363,127,1490,0.1388
1356,124,1480,0.1388
1360,127,1487,0.1388
1358,129,1487,0.1388
1371,130,1501,0.1388
1372,127,1499,0.1388
1381,126,1507,0.1388
1376,124,1500,0.1388
1377,128,1505,0.1388
1384,130,1514,0.1388
1381,129,1510,0.1388
1376,131,1507,0.1388
1374,129,1503,0.1388
1371,130,1501,0.1388
1368,129,1497,0.1388
1362,132,1494,0.1388
1361,132,1493,0.1388
1367,134,1501,0.1388
1370,133,1503,0.1388
1359,132,1491,0.1388
1367,135,1502,0.1388
1367,138,1505,0.1388
1361,136,1497,0.1388
1368,138,1506,0.1388
1364,145,1509,0.1388
1358,141,1499,0.1388
1363,139,1502,0.1388
1361,139,1500,0.1388
1354,139,1493,0.1388
1358,133,1491,0.1388
1344,129,1473,0.1388
1341,128,1469,0.1388
1339,128,1467,0.1388
1345,129,1474,0.1388
1357,129,1486,0.1388
1367,131,1498,0.1388
1376,129,1505,0.1388
1374,128,1502,0.1388
1375,127,1502,0.1388
1383,125,1508,0.1388
1372,123,1495,0.1388
1378,121,1499,0.1388
1376,120,1496,0.1388
1395,121,1516,0.1388
1393,122,1515,0.1388
1380,121,1501,0.1388
1372,121,1493,0.1388
1382,119,1501,0.1388
1372,121,1493,0.1388
1366,119,1485,0.1388
1363,120,1483,0.1388
1376,123,1499,0.1388
1366,124,1490,0.1388
1371,128,1499,0.1388
1369,128,1497,0.1388
1365,127,1492,0.1388
1357,126,1483,0.1388
1358,126,1484,0.1388
1351,126,1477,0.1388
1349,127,1476,0.1388
1349,131,1480,0.1388
1343,138,1481,0.1388
1356,143,1499,0.1388
1354,142,1496,0.1388
1354,142,1496,0.1388
1350,140,1490,0.1388
1362,145,1507,0.1388
1366,143,1509,0.1388
1361,142,1503,0.1388
1358,144,1502,0.1388
1357,142,1499,0.1388
1358,145,1503,0.1388
1369,143,1512,0.1388
1357,144,1501,0.1388
1353,149,1502,0.1388
1337,154,1491,0.1388
1347,152,1499,0.1388
1345,153,1498,0.1388
1340,151,1491,0.1388
1335,150,1485,0.1388
1344,147,1491,0.1388
1345,148,1493,0.1388
1339,150,1489,0.1388
1335,153,1488,0.1388
1333,157,1490,0.1388
1334,159,1493,0.1388
1350,163,1513,0.1388
1351,164,1515,0.1388
1341,167,1508,0.1388
1329,166,1495,0.1388
1328,167,1495,0.1388
1324,169,1493,0.1388
1328,170,1498,0.1388
1324,166,1490,0.1388
1332,170,1502,0.1388
1340,171,1511,0.1388
1345,170,1515,0.1388
1343,164,1507,0.1388
1337,166,1503,0.1388
1343,167,1510,0.1388
1332,170,1502,0.1388
1330,171,1501,0.1388
1329,172,1501,0.1388
1306,172,1478,0.1388
1323,174,1497,0.1388
1319,175,1494,0.1388
1326,175,1501,0.1388
1317,172,1489,0.1388
1304,174,1478,0.1388
1311,178,1489,0.1388
1312,182,1494,0.1388
1325,180,1505,0.1388
1327,180,1507,0.1388
1324,178,1502,0.1388
1327,184,1511,0.1388
1320,181,1501,0.1388
1311,179,1490,0.1388
1305,178,1483,0.1388
1303,177,1480,0.1388
1304,180,1484,0.1388
1293,183,1476,0.1388
1313,178,1491,0.1388
1314,178,1492,0.1388
1303,178,1481,0.1388
1302,179,1481,0.1388
1301,181,1482,0.1388
1285,184,1469,0.1388
1289,182,1471,0.1388
1295,190,1485,0.1388
1302,193,1495,0.1388
1302,192,1494,0.1388
1305,192,1497,0.1388
1306,187,1493,0.1388
1304,192,1496,0.1388
1306,193,1499,0.1388
1313,194,1507,0.1388
1296,194,1490,0.1388
1285,189,1474,0.1388
1295,193,1488,0.1388
1284,194,1478,0.1388
1290,203,1493,0.1388
1293,207,1500,0.1388
1300,209,1509,0.1388
1303,209,1512,0.1388
1298,209,1507,0.1388
1294,207,1501,0.1388
1283,208,1491,0.1388
1281,207,1488,0.1388
1287,212,1499,0.1388
1284,210,1494,0.1388
1292,211,1503,0.1388
1292,213,1505,0.1388
1283,220,1503,0.1388
1283,214,1497,0.1388
1284,219,1503,0.1388
1302,222,1524,0.1388
1289,222,1511,0.1388
1284,224,1508,0.1388
1272,223,1495,0.1388
1275,226,1501,0.1388
1269,224,1493,0.1388
1284,225,1509,0.1388
1281,225,1506,0.1388
1286,224,1510,0.1388
1286,226,1512,0.1388
1287,226,1513,0.1388
1278,227,1505,0.1388
1280,228,1508,0.1388
1272,223,1495,0.1388
1263,231,1494,0.1388
1254,235,1489,0.1388
1265,238,1503,0.1388
1263,236,1499,0.1388
1253,234,1487,0.1388
1247,228,1475,0.1388
1252,231,1483,0.1388
1252,235,1487,0.1388
1255,242,1497,0.1388
1251,240,1491,0.1388
1256,236,1492,0.1388
1259,239,1498,0.1388
1251,242,1493,0.1388
1254,246,1500,0.1388
1254,249,1503,0.1388
1242,247,1489,0.1388
1246,243,1489,0.1388
1245,242,1487,0.1388
1240,241,1481,0.1388
1250,245,1495,0.1388
1246,248,1494,0.1388
1246,251,1497,0.1388
1255,250,1505,0.1388
1249,254,1503,0.1388
1251,248,1499,0.1388
1262,252,1514,0.1388
1257,251,1508,0.1388
1255,258,1513,0.1388
1250,255,1505,0.1388
1247,254,1501,0.1388
1244,263,1507,0.1388
1246,264,1510,0.1388
1244,264,1508,0.1388
1250,263,1513,0.1388
1244,255,1499,0.1388
1247,249,1496,0.1388
1241,250,1491,0.1388
1252,255,1507,0.1388
1241,255,1496,0.1388
1235,259,1494,0.1388
1238,263,1501,0.1388
1220,263,1483,0.1388
1235,272,1507,0.1388
1241,271,1512,0.1388
1234,273,1507,0.1388
1239,274,1513,0.1388
1234,276,1510,0.1388
1228,269,1497,0.1388
1219,276,1495,0.1388
1211,278,1489,0.1388
1215,277,1492,0.1388
1210,276,1486,0.1388
1212,275,1487,0.1388
1221,281,1502,0.1388
1220,277,1497,0.1388
1213,277,1490,0.1388
1214,275,1489,0.1388
1219,277,1496,0.1388
1222,275,1497,0.1388
1221,275,1496,0.1388
1215,273,1488,0.1388
1212,272,1484,0.1388
1213,272,1485,0.1388
1210,277,1487,0.1388
1206,281,1487,0.1388
1202,282,1484,0.1388
1198,283,1481,0.1388
1208,282,1490,0.1388
1206,292,1498,0.1388
1210,288,1498,0.1388
1198,289,1487,0.1388
1202,287,1489,0.1388
1209,288,1497,0.1388
1212,290,1502,0.1388
1199,290,1489,0.1388
1195,291,1486,0.1388
1197,293,1490,0.1388
1195,300,1495,0.1388
1197,294,1491,0.1388
1197,298,1495,0.1388
1183,301,1484,0.1388
1178,312,1490,0.1388
1186,311,1497,0.1388
1179,311,1490,0.1388
1184,312,1496,0.1388
1188,313,1501,0.1388
1193,318,1511,0.1388
1190,324,1514,0.1388
1180,326,1506,0.1388
1180,328,1508,0.1388
1180,329,1509,0.1388
1182,328,1510,0.1388
1171,325,1496,0.1388
1178,328,1506,0.1388
1171,331,1502,0.1388
1159,329,1488,0.1388
1168,332,1500,0.1388
1163,334,1497,0.1388
1165,333,1498,0.1388
1170,334,1504,0.1388
1165,335,1500,0.1388
1163,334,1497,0.1388
1162,330,1492,0.1388
1147,332,1479,0.1388
1147,335,1482,0.1388
1143,335,1478,0.1388
1158,342,1500,0.1388
1165,343,1508,0.1388
1151,349,1500,0.1388
1167,340,1507,0.1388
1166,330,1496,0.1388
1174,326,1500,0.1388
1168,328,1496,0.1388
1181,325,1506,0.1388
1167,322,1489,0.1388
1181,322,1503,0.1388
1182,320,1502,0.1388
1168,318,1486,0.1388
1176,318,1494,0.1388
1173,328,1501,0.1388
1177,328,1505,0.1388
1175,325,1500,0.1388
1173,327,1500,0.1388
1174,326,1500,0.1388
1169,324,1493,0.1388
1162,325,1487,0.1388
1153,325,1478,0.1388
1158,319,1477,0.1388
1175,324,1499,0.1388
1167,329,1496,0.1388
1173,328,1501,0.1388
1177,320,1497,0.1388
1178,325,1503,0.1388
1181,325,1506,0.1388
1180,326,1506,0.1388
1172,328,1500,0.1388
1175,326,1501,0.1388
1168,328,1496,0.1388
1159,325,1484,0.1388
1159,331,1490,0.1388
1165,335,1500,0.1388
1163,338,1501,0.1388
1161,336,1497,0.1388
1160,342,1502,0.1388
1162,336,1498,0.1388
1159,342,1501,0.1388
1145,344,1489,0.1388
1160,342,1502,0.1388
1158,342,1500,0.1388
1153,348,1501,0.1388
1152,352,1504,0.1388
1147,355,1502,0.1388
1148,359,1507,0.1388
1148,355,1503,0.1388
1150,353,1503,0.1388
1153,358,1511,0.1388
1142,360,1502,0.1388
1129,366,1495,0.1388
1134,363,1497,0.1388
1134,363,1497,0.1388
1135,359,1494,0.1388
1122,356,1478,0.1388
1137,355,1492,0.1388
1142,355,1497,0.1388
1139,363,1502,0.1388
1129,361,1490,0.1388
1133,370,1503,0.1388
1137,372,1509,0.1388
1135,368,1503,0.1388
1140,363,1503,0.1388
1145,371,1516,0.1388
1137,373,1510,0.1388
1133,370,1503,0.1388
1117,369,1486,0.1388
1129,380,1509,0.1388
1140,375,1515,0.1388
1127,371,1498,0.1388
1134,371,1505,0.1388
1122,371,1493,0.1388
1126,371,1497,0.1388
1108,371,1479,0.1388
1105,374,1479,0.1388
1124,377,1501,0.1388
1120,385,1505,0.1388
1126,388,1514,0.1388
1126,387,1513,0.1388
1121,387,1508,0.1388
1125,387,1512,0.1388
1120,377,1497,0.1388
1121,379,1500,0.1388
1131,373,1504,0.1388
1125,370,1495,0.1388
1112,370,1482,0.1388
1112,385,1497,0.1388
1113,387,1500,0.1388
1106,390,1496,0.1388
1112,392,1504,0.1388
1110,388,1498,0.1388
1107,392,1499,0.1388
1100,394,1494,0.1388
1101,394,1495,0.1388
1097,401,1498,0.1388
1091,405,1496,0.1388
1088,401,1489,0.1388
1079,408,1487,0.1388
1082,405,1487,0.1388
1076,404,1480,0.1388
1086,405,1491,0.1388
1084,411,1495,0.1388
1082,422,1504,0.1388
1080,426,1506,0.1388
1079,423,1502,0.1388
1072,428,1500,0.1388
1069,430,1499,0.1388
1072,429,1501,0.1388
1073,428,1501,0.1388
1067,430,1497,0.1388
1069,421,1490,0.1388
1076,421,1497,0.1388
1075,432,1507,0.1388
1076,428,1504,0.1388
1082,427,1509,0.1388
1065,428,1493,0.1388
1069,433,1502,0.1388
1075,426,1501,0.1388
1073,430,1503,0.1388
1081,433,1514,0.1388
1077,427,1504,0.1388
1071,431,1502,0.1388
1073,434,1507,0.1388
1070,435,1505,0.1388
1067,430,1497,0.1388
1068,432,1500,0.1388
1067,432,1499,0.1388
1064,425,1489,0.1388
1065,432,1497,0.1388
1068,440,1508,0.1388
1069,440,1509,0.1388
1069,442,1511,0.1388
1065,447,1512,0.1388
1065,449,1514,0.1388
1069,453,1522,0.1388
1059,446,1505,0.1388
1051,450,1501,0.1388
1049,452,1501,0.1388
1060,448,1508,0.1388
1066,443,1509,0.1388
1069,440,1509,0.1388
1058,444,1502,0.1388
1065,437,1502,0.1388
1060,438,1498,0.1388
1058,441,1499,0.1388
1054,443,1497,0.1388
1067,446,1513,0.1388
1072,449,1521,0.1388
1067,449,1516,0.1388
1058,455,1513,0.1388
1048,458,1506,0.1388
1051,462,1513,0.1388
1047,460,1507,0.1388
1045,458,1503,0.1388
1040,450,1490,0.1388
1044,453,1497,0.1388
1043,458,1501,0.1388
1043,456,1499,0.1388
1045,457,1502,0.1388
1046,459,1505,0.1388
1040,465,1505,0.1388
1047,461,1508,0.1388
1047,463,1510,0.1388
1038,459,1497,0.1388
1024,447,1471,0.1388
1033,461,1494,0.1388
1040,461,1501,0.1388
1038,463,1501,0.1388
1030,467,1497,0.1388
1036,466,1502,0.1388
1039,454,1493,0.1388
1034,456,1490,0.1388
1050,464,1514,0.1388
1040,468,1508,0.1388
1027,480,1507,0.1388
1025,476,1501,0.1388
1022,477,1499,0.1388
1016,477,1493,0.1388
1012,467,1479,0.1388
1011,470,1481,0.1388
1008,473,1481,0.1388
1024,472,1496,0.1388
1013,477,1490,0.1388
1013,467,1480,0.1388
1028,469,1497,0.1388
1021,471,1492,0.1388
1030,470,1500,0.1388
1021,470,1491,0.1388
1023,466,1489,0.1388
1028,472,1500,0.1388
1025,482,1507,0.1388
1032,490,1522,0.1388
1025,489,1514,0.1388
1017,491,1508,0.1388
1020,489,1509,0.1388
1021,490,1511,0.1388
1017,492,1509,0.1388
1018,490,1508,0.1388
1006,492,1498,0.1388
1001,492,1493,0.1388
1006,495,1501,0.1388
999,497,1496,0.1388
1005,495,1500,0.1388
1008,487,1495,0.1388
1007,488,1495,0.1388
1005,493,1498,0.1388
994,494,1488,0.1388
993,504,1497,0.1388
999,504,1503,0.1388
1000,511,1511,0.1388
989,508,1497,0.1388
1000,494,1494,0.1388
994,495,1489,0.1388
987,495,1482,0.1388
987,498,1485,0.1388
987,498,1485,0.1388
972,513,1485,0.1388
971,518,1489,0.1388
968,523,1491,0.1388
963,522,1485,0.1388
963,526,1489,0.1388
961,529,1490,0.1388
975,537,1512,0.1388
975,529,1504,0.1388
985,527,1512,0.1388
984,529,1513,0.1388
982,525,1507,0.1388
979,530,1509,0.1388
969,535,1504,0.1388
975,543,1518,0.1388
971,543,1514,0.1388
957,535,1492,0.1388
957,538,1495,0.1388
963,537,1500,0.1388
955,543,1498,0.1388
961,548,1509,0.1388
946,549,1495,0.1388
954,549,1503,0.1388
952,557,1509,0.1388
953,558,1511,0.1388
942,554,1496,0.1388
945,570,1515,0.1388
940,575,1515,0.1388
914,578,1492,0.1388
907,588,1495,0.1388
901,588,1489,0.1388
897,592,1489,0.1388
899,587,1486,0.1388
906,588,1494,0.1388
917,590,1507,0.1388
915,598,1513,0.1388
910,598,1508,0.1388
905,600,1505,0.1388
905,592,1497,0.1388
904,596,1500,0.1388
902,601,1503,0.1388
901,602,1503,0.1388
893,612,1505,0.1388
889,607,1496,0.1388
878,604,1482,0.1388
886,605,1491,0.1388
895,602,1497,0.1388
902,597,1499,0.1388
914,598,1512,0.1388
902,612,1514,0.1388
911,611,1522,0.1388
903,613,1516,0.1388
902,615,1517,0.1388
897,617,1514,0.1388
902,608,1510,0.1388
910,608,1518,0.1388
907,602,1509,0.1388
910,602,1512,0.1388
917,599,1516,0.1388
911,603,1514,0.1388
916,602,1518,0.1388
916,609,1525,0.1388
911,598,1509,0.1388
907,609,1516,0.1388
907,599,1506,0.1388
907,607,1514,0.1388
896,615,1511,0.1388
897,612,1509,0.1388
892,607,1499,0.1388
889,610,1499,0.1388
886,612,1498,0.1388
890,620,1510,0.1388
890,611,1501,0.1388
885,612,1497,0.1388
881,625,1506,0.1388
876,621,1497,0.1388
875,621,1496,0.1388
874,623,1497,0.1388
873,625,1498,0.1388
871,623,1494,0.1388
864,625,1489,0.1388
883,624,1507,0.1388
880,628,1508,0.1388
876,624,1500,0.1388
882,622,1504,0.1388
871,622,1493,0.1388
880,620,1500,0.1388
883,622,1505,0.1388
872,626,1498,0.1388
878,638,1516,0.1388
870,633,1503,0.1388
869,636,1505,0.1388
875,636,1511,0.1388
871,639,1510,0.1388
871,644,1515,0.1388
879,638,1517,0.1388
884,637,1521,0.1388
884,633,1517,0.1388
892,628,1520,0.1388
881,632,1513,0.1388
881,634,1515,0.1388
894,634,1528,0.1388
895,627,1522,0.1388
886,620,1506,0.1388
876,629,1505,0.1388
873,633,1506,0.1388
870,640,1510,0.1388
875,642,1517,0.1388
883,643,1526,0.1388
870,642,1512,0.1388
878,638,1516,0.1388
870,645,1515,0.1388
864,641,1505,0.1388
861,635,1496,0.1388
868,632,1500,0.1388
872,633,1505,0.1388
867,642,1509,0.1388
857,654,1511,0.1388
854,652,1506,0.1388
855,646,1501,0.1388
854,658,1512,0.1388
859,659,1518,0.1388
854,647,1501,0.1388
850,662,1512,0.1388
839,668,1507,0.1388
831,660,1491,0.1388
833,650,1483,0.1388
834,657,1491,0.1388
835,664,1499,0.1388
829,667,1496,0.1388
838,672,1510,0.1388
835,671,1506,0.1388
842,671,1513,0.1388
849,664,1513,0.1388
842,666,1508,0.1388
838,668,1506,0.1388
838,670,1508,0.1388
845,667,1512,0.1388
848,671,1519,0.1388
847,672,1519,0.1388
846,668,1514,0.1388
830,668,1498,0.1388
831,666,1497,0.1388
825,673,1498,0.1388
821,670,1491,0.1388
832,672,1504,0.1388
834,671,1505,0.1388
834,674,1508,0.1388
834,669,1503,0.1388
836,671,1507,0.1388
837,656,1493,0.1388
836,660,1496,0.1388
837,661,1498,0.1388
835,662,1497,0.1388
835,658,1493,0.1388
828,664,1492,0.1388
813,659,1472,0.1388
823,669,1492,0.1388
828,675,1503,0.1388
835,673,1508,0.1388
830,685,1515,0.1388
824,680,1504,0.1388
819,681,1500,0.1388
812,689,1501,0.1388
814,689,1503,0.1388
817,695,1512,0.1388
805,693,1498,0.1388
796,698,1494,0.1388
799,698,1497,0.1388
804,704,1508,0.1388
803,715,1518,0.1388
796,713,1509,0.1388
800,714,1514,0.1388
796,719,1515,0.1388
789,719,1508,0.1388
791,727,1518,0.1388
795,738,1533,0.1388
789,729,1518,0.1388
788,733,1521,0.1388
788,730,1518,0.1388
781,726,1507,0.1388
779,725,1504,0.1388
774,731,1505,0.1388
763,739,1502,0.1388
766,743,1509,0.1388
766,742,1508,0.1388
764,752,1516,0.1388
761,742,1503,0.1388
761,750,1511,0.1388
760,755,1515,0.1388
753,751,1504,0.1388
753,752,1505,0.1388
743,745,1488,0.1388
741,740,1481,0.1388
745,753,1498,0.1388
750,767,1517,0.1388
749,764,1513,0.1388
748,767,1515,0.1388
749,773,1522,0.1388
749,774,1523,0.1388
751,774,1525,0.1388
754,771,1525,0.1388
746,773,1519,0.1388
746,770,1516,0.1388
749,774,1523,0.1388
743,770,1513,0.1388
740,780,1520,0.1388
747,771,1518,0.1388
744,769,1513,0.1388
746,776,1522,0.1388
749,782,1531,0.1388
746,776,1522,0.1388
748,780,1528,0.1388
747,772,1519,0.1388
753,774,1527,0.1388
750,778,1528,0.1388
748,776,1524,0.1388
748,776,1524,0.1388
736,774,1510,0.1388
732,779,1511,0.1388
725,775,1500,0.1388
722,775,1497,0.1388
725,772,1497,0.1388
732,765,1497,0.1388
732,773,1505,0.1388
733,780,1513,0.1388
729,783,1512,0.1388
726,788,1514,0.1388
729,792,1521,0.1388
730,789,1519,0.1388
729,789,1518,0.1388
729,781,1510,0.1388
728,777,1505,0.1388
725,781,1506,0.1388
721,785,1506,0.1388
719,784,1503,0.1388
721,789,1510,0.1388
722,785,1507,0.1388
718,785,1503,0.1388
724,789,1513,0.1388
722,784,1506,0.1388
722,784,1506,0.1388
725,789,1514,0.1388
719,796,1515,0.1388
711,790,1501,0.1388
708,785,1493,0.1388
708,783,1491,0.1388
707,788,1495,0.1388
719,793,1512,0.1388
719,783,1502,0.1388
720,788,1508,0.1388
716,789,1505,0.1388
719,781,1500,0.1388
716,783,1499,0.1388
714,783,1497,0.1388
712,781,1493,0.1388
712,788,1500,0.1388
719,791,1510,0.1388
723,786,1509,0.1388
715,789,1504,0.1388
722,788,1510,0.1388
717,785,1502,0.1388
717,782,1499,0.1388
716,787,1503,0.1388
714,797,1511,0.1388
718,799,1517,0.1388
719,798,1517,0.1388
718,796,1514,0.1388
719,800,1519,0.1388
717,800,1517,0.1388
712,796,1508,0.1388
704,798,1502,0.1388
691,805,1496,0.1388
689,817,1506,0.1388
687,815,1502,0.1388
677,813,1490,0.1388
678,817,1495,0.1388
679,824,1503,0.1388
671,825,1496,0.1388
683,820,1503,0.1388
687,826,1513,0.1388
678,813,1491,0.1388
686,815,1501,0.1388
677,826,1503,0.1388
682,820,1502,0.1388
680,823,1503,0.1388
673,823,1496,0.1388
673,826,1499,0.1388
676,828,1504,0.1388
670,819,1489,0.1388
672,826,1498,0.1388
677,835,1512,0.1388
673,829,1502,0.1388
671,838,1509,0.1388
660,845,1505,0.1388
659,834,1493,0.1388
653,844,1497,0.1388
666,853,1519,0.1388
663,853,1516,0.1388
663,861,1524,0.1388
665,851,1516,0.1388
667,852,1519,0.1388
664,844,1508,0.1388
661,848,1509,0.1388
662,854,1516,0.1388
658,855,1513,0.1388
660,855,1515,0.1388
659,858,1517,0.1388
654,850,1504,0.1388
644,848,1492,0.1388
643,853,1496,0.1388
647,843,1490,0.1388
645,852,1497,0.1388
633,853,1486,0.1388
635,858,1493,0.1388
637,858,1495,0.1388
640,857,1497,0.1388
640,871,1511,0.1388
638,866,1504,0.1388
642,862,1504,0.1388
635,861,1496,0.1388
645,863,1508,0.1388
646,859,1505,0.1388
643,862,1505,0.1388
649,863,1512,0.1388
645,865,1510,0.1388
645,862,1507,0.1388
644,869,1513,0.1388
635,877,1512,0.1388
626,867,1493,0.1388
632,877,1509,0.1388
625,880,1505,0.1388
630,883,1513,0.1388
617,887,1504,0.1388
613,889,1502,0.1388
613,891,1504,0.1388
613,895,1508,0.1388
623,893,1516,0.1388
613,896,1509,0.1388
624,883,1507,0.1388
621,881,1502,0.1388
623,877,1500,0.1388
617,879,1496,0.1388
617,881,1498,0.1388
608,881,1489,0.1388
606,890,1496,0.1388
607,895,1502,0.1388
605,891,1496,0.1388
615,897,1512,0.1388
615,890,1505,0.1388
628,885,1513,0.1388
625,884,1509,0.1388
611,877,1488,0.1388
609,896,1505,0.1388
603,898,1501,0.1388
605,900,1505,0.1388
606,901,1507,0.1388
600,902,1502,0.1388
606,909,1515,0.1388
614,912,1526,0.1388
614,900,1514,0.1388
611,900,1511,0.1388
607,900,1507,0.1388
603,900,1503,0.1388
595,900,1495,0.1388
605,903,1508,0.1388
608,909,1517,0.1388
613,901,1514,0.1388
604,907,1511,0.1388
604,901,1505,0.1388
603,912,1515,0.1388
600,896,1496,0.1388
606,905,1511,0.1388
600,904,1504,0.1388
596,904,1500,0.1388
598,902,1500,0.1388
599,914,1513,0.1388
602,915,1517,0.1388
600,915,1515,0.1388
603,916,1519,0.1388
599,915,1514,0.1388
592,918,1510,0.1388
588,919,1507,0.1388
587,936,1523,0.1388
586,924,1510,0.1388
591,928,1519,0.1388
587,921,1508,0.1388
587,918,1505,0.1388
577,919,1496,0.1388
574,933,1507,0.1388
569,936,1505,0.1388
568,933,1501,0.1388
561,931,1492,0.1388
565,927,1492,0.1388
573,929,1502,0.1388
572,934,1506,0.1388
565,942,1507,0.1388
560,941,1501,0.1388
560,943,1503,0.1388
560,942,1502,0.1388
566,951,1517,0.1388
561,951,1512,0.1388
554,944,1498,0.1388
555,961,1516,0.1388
554,960,1514,0.1388
549,957,1506,0.1388
551,968,1519,0.1388
554,967,1521,0.1388
557,958,1515,0.1388
547,965,1512,0.1388
541,974,1515,0.1388
543,975,1518,0.1388
531,980,1511,0.1388
523,979,1502,0.1388
516,983,1499,0.1388
519,993,1512,0.1388
511,1000,1511,0.1388
503,993,1496,0.1388
504,997,1501,0.1388
509,1009,1518,0.1388
508,1002,1510,0.1388
514,994,1508,0.1388
514,1002,1516,0.1388
514,1016,1530,0.1388
512,1003,1515,0.1388
512,1001,1513,0.1388
511,997,1508,0.1388
504,1007,1511,0.1388
498,1011,1509,0.1388
497,1010,1507,0.1388
497,1004,1501,0.1388
497,1012,1509,0.1388
495,1019,1514,0.1388
503,1008,1511,0.1388
505,1006,1511,0.1388
503,1009,1512,0.1388
506,1007,1513,0.1388
495,1019,1514,0.1388
496,1018,1514,0.1388
496,1024,1520,0.1388
497,1023,1520,0.1388
498,1028,1526,0.1388
498,1028,1526,0.1388
499,1023,1522,0.1388
499,1009,1508,0.1388
499,995,1494,0.1388
497,997,1494,0.1388
495,997,1492,0.1388
497,998,1495,0.1388
500,999,1499,0.1388
497,1010,1507,0.1388
493,1009,1502,0.1388
488,1010,1498,0.1388
490,1018,1508,0.1388
495,1021,1516,0.1388
494,1031,1525,0.1388
487,1018,1505,0.1388
487,1009,1496,0.1388
488,1012,1500,0.1388
483,1007,1490,0.1388
485,1015,1500,0.1388
488,1018,1506,0.1388
484,1017,1501,0.1388
476,1022,1498,0.1388
473,1027,1500,0.1388
475,1030,1505,0.1388
479,1031,1510,0.1388
472,1029,1501,0.1388
481,1031,1512,0.1388
482,1032,1514,0.1388
481,1032,1513,0.1388
472,1036,1508,0.1388
476,1026,1502,0.1388
478,1021,1499,0.1388
482,1020,1502,0.1388
479,1019,1498,0.1388
481,1007,1488,0.1388
484,1005,1489,0.1388
489,1015,1504,0.1388
484,1023,1507,0.1388
487,1028,1515,0.1388
489,1033,1522,0.1388
486,1039,1525,0.1388
490,1044,1534,0.1388
488,1041,1529,0.1388
484,1042,1526,0.1388
485,1044,1529,0.1388
486,1040,1526,0.1388
489,1031,1520,0.1388
484,1032,1516,0.1388
483,1032,1515,0.1388
485,1037,1522,0.1388
489,1032,1521,0.1388
493,1038,1531,0.1388
492,1042,1534,0.1388
483,1039,1522,0.1388
482,1045,1527,0.1388
479,1033,1512,0.1388
484,1044,1528,0.1388
483,1039,1522,0.1388
473,1032,1505,0.1388
469,1029,1498,0.1388
477,1029,1506,0.1388
484,1025,1509,0.1388
482,1036,1518,0.1388
470,1040,1510,0.1388
473,1042,1515,0.1388
461,1033,1494,0.1388
459,1032,1491,0.1388
452,1041,1493,0.1388
458,1055,1513,0.1388
468,1045,1513,0.1388
471,1044,1515,0.1388
471,1035,1506,0.1388
474,1050,1524,0.1388
463,1034,1497,0.1388
461,1039,1500,0.1388
468,1040,1508,0.1388
467,1027,1494,0.1388
467,1040,1507,0.1388
466,1053,1519,0.1388
460,1051,1511,0.1388
458,1029,1487,0.1388
455,1031,1486,0.1388
463,1031,1494,0.1388
465,1040,1505,0.1388
462,1043,1505,0.1388
462,1041,1503,0.1388
459,1045,1504,0.1388
461,1043,1504,0.1388
470,1045,1515,0.1388
465,1040,1505,0.1388
462,1034,1496,0.1388
464,1040,1504,0.1388
465,1041,1506,0.1388
467,1034,1501,0.1388
472,1043,1515,0.1388
468,1040,1508,0.1388
466,1041,1507,0.1388
455,1052,1507,0.1388
441,1044,1485,0.1388
440,1059,1499,0.1388
440,1059,1499,0.1388
450,1061,1511,0.1388
450,1069,1519,0.1388
453,1065,1518,0.1388
455,1067,1522,0.1388
455,1058,1513,0.1388
455,1058,1513,0.1388
458,1056,1514,0.1388
463,1062,1525,0.1388
454,1065,1519,0.1388
440,1073,1513,0.1388
437,1070,1507,0.1388
433,1068,1501,0.1388
437,1076,1513,0.1388
433,1078,1511,0.1388
429,1087,1516,0.1388
432,1072,1504,0.1388
430,1074,1504,0.1388
427,1084,1511,0.1388
415,1079,1494,0.1388
411,1077,1488,0.1388
417,1077,1494,0.1388
419,1081,1500,0.1388
428,1081,1509,0.1388
428,1082,1510,0.1388
422,1084,1506,0.1388
428,1079,1507,0.1388
429,1079,1508,0.1388
432,1072,1504,0.1388
437,1081,1518,0.1388
433,1085,1518,0.1388
436,1084,1520,0.1388
436,1085,1521,0.1388
435,1085,1520,0.1388
429,1086,1515,0.1388
428,1086,1514,0.1388
431,1093,1524,0.1388
426,1087,1513,0.1388
425,1085,1510,0.1388
424,1081,1505,0.1388
422,1089,1511,0.1388
421,1088,1509,0.1388
424,1087,1511,0.1388
422,1089,1511,0.1388
423,1091,1514,0.1388
420,1098,1518,0.1388
418,1102,1520,0.1388
418,1103,1521,0.1388
410,1100,1510,0.1388
412,1107,1519,0.1388
407,1099,1506,0.1388
404,1099,1503,0.1388
398,1103,1501,0.1388
389,1104,1493,0.1388
385,1114,1499,0.1388
389,1126,1515,0.1388
397,1128,1525,0.1388
397,1121,1518,0.1388
394,1121,1515,0.1388
398,1121,1519,0.1388
396,1114,1510,0.1388
386,1112,1498,0.1388
389,1114,1503,0.1388
395,1123,1518,0.1388
393,1123,1516,0.1388
403,1130,1533,0.1388
399,1119,1518,0.1388
401,1104,1505,0.1388
401,1113,1514,0.1388
405,1113,1518,0.1388
410,1108,1518,0.1388
407,1112,1519,0.1388
403,1115,1518,0.1388
406,1121,1527,0.1388
408,1125,1533,0.1388
404,1118,1522,0.1388
403,1104,1507,0.1388
395,1118,1513,0.1388
399,1108,1507,0.1388
400,1113,1513,0.1388
399,1117,1516,0.1388
403,1123,1526,0.1388
403,1119,1522,0.1388
398,1121,1519,0.1388
399,1108,1507,0.1388
394,1111,1505,0.1388
396,1111,1507,0.1388
392,1120,1512,0.1388
397,1127,1524,0.1388
399,1126,1525,0.1388
395,1116,1511,0.1388
392,1115,1507,0.1388
399,1120,1519,0.1388
398,1120,1518,0.1388
392,1123,1515,0.1388
395,1130,1525,0.1388
394,1131,1525,0.1388
395,1133,1528,0.1388
390,1141,1531,0.1388
388,1124,1512,0.1388
380,1136,1516,0.1388
379,1126,1505,0.1388
374,1128,1502,0.1388
371,1138,1509,0.1388
375,1147,1522,0.1388
375,1146,1521,0.1388
375,1137,1512,0.1388
369,1130,1499,0.1388
364,1143,1507,0.1388
369,1137,1506,0.1388
375,1140,1515,0.1388
374,1133,1507,0.1388
370,1138,1508,0.1388
367,1136,1503,0.1388
363,1138,1501,0.1388
366,1140,1506,0.1388
366,1131,1497,0.1388
367,1130,1497,0.1388
367,1145,1512,0.1388
371,1139,1510,0.1388
367,1139,1506,0.1388
368,1135,1503,0.1388
372,1136,1508,0.1388
371,1135,1506,0.1388
362,1139,1501,0.1388
356,1143,1499,0.1388
355,1131,1486,0.1388
354,1128,1482,0.1388
354,1139,1493,0.1388
363,1144,1507,0.1388
367,1142,1509,0.1388
361,1142,1503,0.1388
367,1142,1509,0.1388
363,1133,1496,0.1388
358,1147,1505,0.1388
362,1149,1511,0.1388
359,1150,1509,0.1388
358,1147,1505,0.1388
359,1149,1508,0.1388
357,1148,1505,0.1388
361,1151,1512,0.1388
358,1152,1510,0.1388
360,1155,1515,0.1388
358,1151,1509,0.1388
351,1155,1506,0.1388
343,1159,1502,0.1388
347,1149,1496,0.1388
349,1162,1511,0.1388
351,1166,1517,0.1388
353,1160,1513,0.1388
356,1165,1521,0.1388
348,1170,1518,0.1388
354,1171,1525,0.1388
352,1168,1520,0.1388
345,1164,1509,0.1388
343,1178,1521,0.1388
348,1175,1523,0.1388
342,1166,1508,0.1388
336,1162,1498,0.1388
340,1165,1505,0.1388
343,1169,1512,0.1388
337,1174,1511,0.1388
338,1170,1508,0.1388
340,1185,1525,0.1388
342,1184,1526,0.1388
334,1178,1512,0.1388
340,1176,1516,0.1388
346,1178,1524,0.1388
349,1172,1521,0.1388
349,1167,1516,0.1388
348,1165,1513,0.1388
345,1182,1527,0.1388
335,1175,1510,0.1388
336,1177,1513,0.1388
332,1181,1513,0.1388
333,1182,1515,0.1388
337,1191,1528,0.1388
337,1186,1523,0.1388
336,1174,1510,0.1388
336,1165,1501,0.1388
334,1178,1512,0.1388
332,1176,1508,0.1388
330,1185,1515,0.1388
334,1168,1502,0.1388
334,1159,1493,0.1388
342,1161,1503,0.1388
341,1171,1512,0.1388
340,1161,1501,0.1388
337,1170,1507,0.1388
332,1174,1506,0.1388
336,1177,1513,0.1388
336,1185,1521,0.1388
337,1181,1518,0.1388
334,1173,1507,0.1388
331,1181,1512,0.1388
335,1183,1518,0.1388
339,1176,1515,0.1388
342,1183,1525,0.1388
343,1183,1526,0.1388
342,1178,1520,0.1388
339,1180,1519,0.1388
335,1179,1514,0.1388
336,1176,1512,0.1388
334,1172,1506,0.1388
330,1176,1506,0.1388
330,1172,1502,0.1388
330,1168,1498,0.1388
328,1173,1501,0.1388
330,1171,1501,0.1388
330,1174,1504,0.1388
329,1175,1504,0.1388
332,1179,1511,0.1388
330,1173,1503,0.1388
330,1182,1512,0.1388
330,1181,1511,0.1388
331,1188,1519,0.1388
333,1191,1524,0.1388
333,1181,1514,0.1388
337,1186,1523,0.1388
336,1178,1514,0.1388
329,1168,1497,0.1388
326,1173,1499,0.1388
327,1180,1507,0.1388
328,1190,1518,0.1388
322,1176,1498,0.1388
324,1184,1508,0.1388
323,1194,1517,0.1388
319,1188,1507,0.1388
320,1193,1513,0.1388
312,1202,1514,0.1388
314,1200,1514,0.1388
315,1196,1511,0.1388
316,1208,1524,0.1388
312,1206,1518,0.1388
313,1213,1526,0.1388
306,1227,1533,0.1388
310,1216,1526,0.1388
306,1218,1524,0.1388
306,1214,1520,0.1388
307,1213,1520,0.1388
305,1202,1507,0.1388
309,1202,1511,0.1388
303,1214,1517,0.1388
302,1214,1516,0.1388
301,1207,1508,0.1388
307,1212,1519,0.1388
303,1206,1509,0.1388
300,1195,1495,0.1388
300,1203,1503,0.1388
299,1205,1504,0.1388
297,1203,1500,0.1388
300,1210,1510,0.1388
300,1204,1504,0.1388
307,1194,1501,0.1388
308,1209,1517,0.1388
307,1208,1515,0.1388
299,1206,1505,0.1388
299,1201,1500,0.1388
299,1201,1500,0.1388
299,1203,1502,0.1388
292,1209,1501,0.1388
294,1204,1498,0.1388
299,1218,1517,0.1388
298,1203,1501,0.1388
293,1211,1504,0.1388
296,1210,1506,0.1388
301,1201,1502,0.1388
302,1211,1513,0.1388
304,1221,1525,0.1388
302,1217,1519,0.1388
300,1220,1520,0.1388
300,1212,1512,0.1388
296,1220,1516,0.1388
298,1208,1506,0.1388
303,1202,1505,0.1388
300,1220,1520,0.1388
295,1219,1514,0.1388
300,1212,1512,0.1388
299,1217,1516,0.1388
300,1220,1520,0.1388
298,1212,1510,0.1388
297,1213,1510,0.1388
297,1201,1498,0.1388
297,1201,1498,0.1388
300,1218,1518,0.1388
297,1226,1523,0.1388
300,1216,1516,0.1388
309,1200,1509,0.1388
307,1195,1502,0.1388
304,1197,1501,0.1388
305,1198,1503,0.1388
303,1202,1505,0.1388
301,1202,1503,0.1388
303,1195,1498,0.1388
300,1213,1513,0.1388
298,1215,1513,0.1388
296,1223,1519,0.1388
291,1213,1504,0.1388
287,1220,1507,0.1388
280,1222,1502,0.1388
282,1223,1505,0.1388
282,1232,1514,0.1388
282,1238,1520,0.1388
280,1241,1521,0.1388
278,1249,1527,0.1388
273,1254,1527,0.1388
278,1252,1530,0.1388
278,1237,1515,0.1388
281,1237,1518,0.1388
279,1237,1516,0.1388
278,1243,1521,0.1388
277,1251,1528,0.1388
275,1244,1519,0.1388
274,1239,1513,0.1388
275,1240,1515,0.1388
278,1233,1511,0.1388
282,1223,1505,0.1388
282,1227,1509,0.1388
281,1235,1516,0.1388
284,1233,1517,0.1388
281,1245,1526,0.1388
276,1240,1516,0.1388
276,1244,1520,0.1388
275,1238,1513,0.1388
275,1239,1514,0.1388
275,1244,1519,0.1388
280,1232,1512,0.1388
278,1232,1510,0.1388
273,1236,1509,0.1388
273,1241,1514,0.1388
270,1246,1516,0.1388
261,1237,1498,0.1388
257,1245,1502,0.1388
259,1247,1506,0.1388
262,1254,1516,0.1388
262,1258,1520,0.1388
253,1261,1514,0.1388
250,1256,1506,0.1388
253,1270,1523,0.1388
250,1271,1521,0.1388
252,1270,1522,0.1388
252,1264,1516,0.1388
250,1275,1525,0.1388
251,1272,1523,0.1388
248,1274,1522,0.1388
248,1278,1526,0.1388
254,1266,1520,0.1388
256,1266,1522,0.1388
252,1270,1522,0.1388
251,1276,1527,0.1388
246,1270,1516,0.1388
246,1267,1513,0.1388
247,1263,1510,0.1388
246,1262,1508,0.1388
242,1261,1503,0.1388
244,1269,1513,0.1388
245,1273,1518,0.1388
245,1274,1519,0.1388
246,1279,1525,0.1388
247,1273,1520,0.1388
248,1263,1511,0.1388
246,1261,1507,0.1388
247,1261,1508,0.1388
244,1263,1507,0.1388
250,1261,1511,0.1388
252,1260,1512,0.1388
245,1256,1501,0.1388
251,1250,1501,0.1388
248,1259,1507,0.1388
252,1260,1512,0.1388
250,1265,1515,0.1388
246,1263,1509,0.1388
240,1266,1506,0.1388
240,1277,1517,0.1388
235,1266,1501,0.1388
237,1268,1505,0.1388
241,1267,1508,0.1388
243,1272,1515,0.1388
244,1272,1516,0.1388
242,1266,1508,0.1388
247,1273,1520,0.1388
245,1267,1512,0.1388
247,1269,1516,0.1388
247,1273,1520,0.1388
244,1263,1507,0.1388
243,1273,1516,0.1388
244,1279,1523,0.1388
249,1270,1519,0.1388
248,1274,1522,0.1388
247,1282,1529,0.1388
246,1282,1528,0.1388
239,1280,1519,0.1388
235,1275,1510,0.1388
233,1283,1516,0.1388
235,1276,1511,0.1388
233,1281,1514,0.1388
239,1279,1518,0.1388
234,1281,1515,0.1388
234,1273,1507,0.1388
225,1276,1501,0.1388
224,1274,1498,0.1388
228,1267,1495,0.1388
225,1278,1503,0.1388
226,1282,1508,0.1388
223,1289,1512,0.1388
220,1294,1514,0.1388
225,1292,1517,0.1388
226,1291,1517,0.1388
231,1295,1526,0.1388
228,1309,1537,0.1388
225,1307,1532,0.1388
225,1298,1523,0.1388
227,1293,1520,0.1388
225,1298,1523,0.1388
224,1287,1511,0.1388
227,1294,1521,0.1388
222,1300,1522,0.1388
220,1296,1516,0.1388
222,1297,1519,0.1388
226,1293,1519,0.1388
228,1290,1518,0.1388
230,1284,1514,0.1388
223,1285,1508,0.1388
218,1280,1498,0.1388
217,1295,1512,0.1388
218,1304,1522,0.1388
214,1296,1510,0.1388
217,1295,1512,0.1388
220,1293,1513,0.1388
221,1298,1519,0.1388
219,1298,1517,0.1388
220,1300,1520,0.1388
225,1304,1529,0.1388
222,1298,1520,0.1388
219,1299,1518,0.1388
220,1306,1526,0.1388
215,1296,1511,0.1388
219,1303,1522,0.1388
218,1311,1529,0.1388
219,1311,1530,0.1388
220,1297,1517,0.1388
216,1301,1517,0.1388
215,1300,1515,0.1388
214,1301,1515,0.1388
210,1305,1515,0.1388
213,1300,1513,0.1388
218,1314,1532,0.1388
210,1310,1520,0.1388
205,1312,1517,0.1388
208,1320,1528,0.1388
210,1294,1504,0.1388
208,1286,1494,0.1388
203,1290,1493,0.1388
207,1298,1505,0.1388
205,1307,1512,0.1388
210,1295,1505,0.1388
207,1302,1509,0.1388
209,1301,1510,0.1388
211,1302,1513,0.1388
206,1304,1510,0.1388
206,1302,1508,0.1388
204,1300,1504,0.1388
204,1307,1511,0.1388
201,1299,1500,0.1388
202,1305,1507,0.1388
202,1303,1505,0.1388
204,1305,1509,0.1388
204,1305,1509,0.1388
206,1297,1503,0.1388
207,1296,1503,0.1388
204,1300,1504,0.1388
204,1316,1520,0.1388
208,1313,1521,0.1388
205,1321,1526,0.1388
207,1312,1519,0.1388
202,1311,1513,0.1388
203,1311,1514,0.1388
204,1316,1520,0.1388
204,1304,1508,0.1388
204,1308,1512,0.1388
202,1304,1506,0.1388
202,1311,1513,0.1388
201,1301,1502,0.1388
196,1312,1508,0.1388
196,1316,1512,0.1388
200,1315,1515,0.1388
199,1322,1521,0.1388
200,1318,1518,0.1388
199,1315,1514,0.1388
202,1314,1516,0.1388
205,1317,1522,0.1388
201,1318,1519,0.1388
197,1324,1521,0.1388
200,1322,1522,0.1388
196,1321,1517,0.1388
199,1312,1511,0.1388
199,1324,1523,0.1388
197,1322,1519,0.1388
193,1313,1506,0.1388
198,1318,1516,0.1388
196,1330,1526,0.1388
199,1319,1518,0.1388
199,1325,1524,0.1388
195,1333,1528,0.1388
193,1315,1508,0.1388
195,1319,1514,0.1388
197,1308,1505,0.1388
193,1316,1509,0.1388
194,1321,1515,0.1388
195,1318,1513,0.1388
196,1308,1504,0.1388
195,1325,1520,0.1388
191,1319,1510,0.1388
191,1327,1518,0.1388
188,1328,1516,0.1388
190,1321,1511,0.1388
191,1322,1513,0.1388
194,1310,1504,0.1388
196,1321,1517,0.1388
195,1317,1512,0.1388
190,1303,1493,0.1388
185,1308,1493,0.1388
184,1323,1507,0.1388
186,1325,1511,0.1388
189,1329,1518,0.1388
192,1327,1519,0.1388
195,1329,1524,0.1388
194,1340,1534,0.1388
192,1331,1523,0.1388
195,1322,1517,0.1388
193,1321,1514,0.1388
191,1323,1514,0.1388
188,1318,1506,0.1388
189,1321,1510,0.1388
190,1319,1509,0.1388
191,1320,1511,0.1388
188,1335,1523,0.1388
189,1340,1529,0.1388
185,1339,1524,0.1388
178,1318,1496,0.1388
174,1323,1497,0.1388
172,1331,1503,0.1388
178,1331,1509,0.1388
179,1335,1514,0.1388
178,1330,1508,0.1388
177,1344,1521,0.1388
180,1336,1516,0.1388
177,1343,1520,0.1388
177,1334,1511,0.1388
177,1336,1513,0.1388
178,1339,1517,0.1388
176,1351,1527,0.1388
181,1348,1529,0.1388
178,1345,1523,0.1388
176,1345,1521,0.1388
170,1334,1504,0.1388
169,1325,1494,0.1388
169,1325,1494,0.1388
167,1329,1496,0.1388
170,1336,1506,0.1388
173,1339,1512,0.1388
178,1338,1516,0.1388
178,1330,1508,0.1388
183,1344,1527,0.1388
176,1332,1508,0.1388
181,1323,1504,0.1388
179,1328,1507,0.1388
177,1332,1509,0.1388
178,1325,1503,0.1388
176,1323,1499,0.1388
180,1320,1500,0.1388
182,1337,1519,0.1388
183,1325,1508,0.1388
185,1330,1515,0.1388
186,1331,1517,0.1388
187,1328,1515,0.1388
184,1328,1512,0.1388
179,1327,1506,0.1388
186,1328,1514,0.1388
182,1333,1515,0.1388
180,1343,1523,0.1388
181,1340,1521,0.1388
186,1338,1524,0.1388
183,1326,1509,0.1388
183,1339,1522,0.1388
180,1331,1511,0.1388
175,1340,1515,0.1388
173,1345,1518,0.1388
178,1343,1521,0.1388
177,1338,1515,0.1388
179,1345,1524,0.1388
180,1345,1525,0.1388
180,1343,1523,0.1388
184,1343,1527,0.1388
177,1344,1521,0.1388
177,1335,1512,0.1388
177,1333,1510,0.1388
177,1334,1511,0.1388
178,1327,1505,0.1388
177,1331,1508,0.1388
180,1338,1518,0.1388
175,1341,1516,0.1388
173,1342,1515,0.1388
170,1355,1525,0.1388
165,1356,1521,0.1388
166,1354,1520,0.1388
167,1354,1521,0.1388
166,1351,1517,0.1388
162,1368,1530,0.1388
163,1370,1533,0.1388
159,1375,1534,0.1388
150,1361,1511,0.1388
145,1366,1511,0.1388
152,1352,1504,0.1388
155,1351,1506,0.1388
153,1366,1519,0.1388
155,1367,1522,0.1388
154,1361,1515,0.1388
152,1366,1518,0.1388
153,1368,1521,0.1388
148,1378,1526,0.1388
149,1377,1526,0.1388
149,1372,1521,0.1388
148,1377,1525,0.1388
146,1383,1529,0.1388
142,1381,1523,0.1388
139,1380,1519,0.1388
140,1368,1508,0.1388
141,1354,1495,0.1388
139,1363,1502,0.1388
141,1378,1519,0.1388
138,1383,1521,0.1388
137,1395,1532,0.1388
131,1389,1520,0.1388
131,1382,1513,0.1388
131,1377,1508,0.1388
130,1381,1511,0.1388
133,1379,1512,0.1388
134,1385,1519,0.1388
134,1391,1525,0.1388
132,1398,1530,0.1388
131,1393,1524,0.1388
130,1391,1521,0.1388
129,1392,1521,0.1388
135,1382,1517,0.1388
134,1387,1521,0.1388
133,1383,1516,0.1388
135,1376,1511,0.1388
132,1383,1515,0.1388
133,1372,1505,0.1388
133,1378,1511,0.1388
132,1377,1509,0.1388
129,1378,1507,0.1388
125,1379,1504,0.1388
120,1378,1498,0.1388
118,1386,1504,0.1388
122,1393,1515,0.1388
122,1396,1518,0.1388
123,1397,1520,0.1388
122,1398,1520,0.1388
121,1399,1520,0.1388
122,1405,1527,0.1388
122,1397,1519,0.1388
121,1387,1508,0.1388
114,1389,1503,0.1388
114,1394,1508,0.1388
110,1416,1526,0.1388
105,1413,1518,0.1388
105,1416,1521,0.1388
104,1413,1517,0.1388
104,1416,1520,0.1388
105,1418,1523,0.1388
110,1413,1523,0.1388
111,1415,1526,0.1388
113,1420,1533,0.1388
110,1417,1527,0.1388
112,1407,1519,0.1388
109,1416,1525,0.1388
107,1424,1531,0.1388
105,1415,1520,0.1388
105,1414,1519,0.1388
105,1406,1511,0.1388
103,1406,1509,0.1388
104,1409,1513,0.1388
107,1410,1517,0.1388
107,1422,1529,0.1388
102,1413,1515,0.1388
101,1418,1519,0.1388
100,1414,1514,0.1388
102,1401,1503,0.1388
103,1395,1498,0.1388
104,1415,1519,0.1388
103,1408,1511,0.1388
104,1408,1512,0.1388
101,1401,1502,0.1388
101,1409,1510,0.1388
101,1413,1514,0.1388
101,1413,1514,0.1388
101,1410,1511,0.1388
99,1410,1509,0.1388
95,1406,1501,0.1388
97,1404,1501,0.1388
96,1409,1505,0.1388
97,1417,1514,0.1388
96,1425,1521,0.1388
96,1426,1522,0.1388
96,1424,1520,0.1388
94,1429,1523,0.1388
95,1420,1515,0.1388
95,1409,1504,0.1388
93,1406,1499,0.1388
96,1415,1511,0.1388
94,1415,1509,0.1388
94,1432,1526,0.1388
93,1419,1512,0.1388
89,1427,1516,0.1388
85,1431,1516,0.1388
90,1439,1529,0.1388
88,1436,1524,0.1388
84,1440,1524,0.1388
83,1433,1516,0.1388
84,1418,1502,0.1388
85,1431,1516,0.1388
84,1432,1516,0.1388
82,1438,1520,0.1388
83,1425,1508,0.1388
85,1427,1512,0.1388
85,1424,1509,0.1388
85,1429,1514,0.1388
86,1436,1522,0.1388
92,1429,1521,0.1388
90,1420,1510,0.1388
86,1424,1510,0.1388
85,1425,1510,0.1388
84,1416,1500,0.1388
84,1435,1519,0.1388
86,1424,1510,0.1388
87,1421,1508,0.1388
88,1423,1511,0.1388
89,1425,1514,0.1388
87,1431,1518,0.1388
89,1430,1519,0.1388
90,1439,1529,0.1388
91,1429,1520,0.1388
92,1416,1508,0.1388
89,1415,1504,0.1388
89,1422,1511,0.1388
90,1437,1527,0.1388
91,1434,1525,0.1388
89,1433,1522,0.1388
84,1444,1528,0.1388
90,1442,1532,0.1388
88,1437,1525,0.1388
85,1434,1519,0.1388
85,1435,1520,0.1388
83,1432,1515,0.1388
82,1437,1519,0.1388
83,1432,1515,0.1388
85,1434,1519,0.1388
83,1437,1520,0.1388
86,1435,1521,0.1388
85,1440,1525,0.1388
83,1432,1515,0.1388
79,1430,1509,0.1388
76,1438,1514,0.1388
76,1440,1516,0.1388
78,1420,1498,0.1388
79,1421,1500,0.1388
80,1420,1500,0.1388
77,1433,1510,0.1388
78,1436,1514,0.1388
76,1439,1515,0.1388
75,1451,1526,0.1388
78,1447,1525,0.1388
75,1446,1521,0.1388
73,1458,1531,0.1388
75,1454,1529,0.1388
75,1450,1525,0.1388
75,1459,1534,0.1388
74,1464,1538,0.1388
73,1454,1527,0.1388
73,1431,1504,0.1388
73,1432,1505,0.1388
72,1427,1499,0.1388
73,1430,1503,0.1388
73,1426,1499,0.1388
74,1439,1513,0.1388
74,1443,1517,0.1388
71,1439,1510,0.1388
74,1419,1493,0.1388
71,1423,1494,0.1388
69,1438,1507,0.1388
65,1441,1506,0.1388
63,1452,1515,0.1388
64,1448,1512,0.1388
63,1447,1510,0.1388
65,1439,1504,0.1388
65,1445,1510,0.1388
64,1446,1510,0.1388
63,1441,1504,0.1388
64,1448,1512,0.1388
64,1452,1516,0.1388
64,1455,1519,0.1388
62,1457,1519,0.1388
63,1472,1535,0.1388
63,1468,1531,0.1388
62,1451,1513,0.1388
61,1447,1508,0.1388
62,1462,1524,0.1388
65,1455,1520,0.1388
64,1447,1511,0.1388
62,1445,1507,0.1388
62,1456,1518,0.1388
61,1456,1517,0.1388
65,1443,1508,0.1388
64,1454,1518,0.1388
64,1450,1514,0.1388
62,1456,1518,0.1388
61,1461,1522,0.1388
62,1467,1529,0.1388
57,1466,1523,0.1388
58,1458,1516,0.1388
57,1473,1530,0.1388
55,1464,1519,0.1388
54,1472,1526,0.1388
56,1465,1521,0.1388
59,1469,1528,0.1388
56,1474,1530,0.1388
54,1483,1537,0.1388
55,1476,1531,0.1388
52,1478,1530,0.1388
53,1460,1513,0.1388
50,1461,1511,0.1388
49,1466,1515,0.1388
48,1454,1502,0.1388
47,1461,1508,0.1388
47,1458,1505,0.1388
47,1459,1506,0.1388
45,1461,1506,0.1388
46,1468,1514,0.1388
45,1475,1520,0.1388
43,1483,1526,0.1388
43,1471,1514,0.1388
45,1472,1517,0.1388
45,1468,1513,0.1388
44,1465,1509,0.1388
43,1470,1513,0.1388
44,1469,1513,0.1388
44,1465,1509,0.1388
40,1475,1515,0.1388
44,1484,1528,0.1388
44,1469,1513,0.1388
45,1481,1526,0.1388
47,1463,1510,0.1388
48,1473,1521,0.1388
47,1473,1520,0.1388
45,1478,1523,0.1388
44,1465,1509,0.1388
45,1467,1512,0.1388
46,1473,1519,0.1388
47,1463,1510,0.1388
46,1460,1506,0.1388
47,1478,1525,0.1388
48,1468,1516,0.1388
49,1459,1508,0.1388
47,1457,1504,0.1388
47,1468,1515,0.1388
47,1470,1517,0.1388
47,1461,1508,0.1388
49,1462,1511,0.1388
51,1470,1521,0.1388
50,1465,1515,0.1388
47,1467,1514,0.1388
48,1458,1506,0.1388
51,1471,1522,0.1388
52,1465,1517,0.1388
53,1464,1517,0.1388
52,1455,1507,0.1388
51,1450,1501,0.1388
49,1451,1500,0.1388
50,1453,1503,0.1388
52,1464,1516,0.1388
53,1464,1517,0.1388
50,1460,1510,0.1388
49,1460,1509,0.1388
48,1467,1515,0.1388
49,1471,1520,0.1388
49,1460,1509,0.1388
47,1459,1506,0.1388
48,1463,1511,0.1388
50,1472,1522,0.1388
49,1481,1530,0.1388
46,1468,1514,0.1388
47,1477,1524,0.1388
49,1481,1530,0.1388
48,1483,1531,0.1388
47,1482,1529,0.1388
45,1472,1517,0.1388
45,1482,1527,0.1388
45,1478,1523,0.1388
47,1469,1516,0.1388
47,1467,1514,0.1388
45,1462,1507,0.1388
46,1466,1512,0.1388
47,1469,1516,0.1388
43,1477,1520,0.1388
42,1481,1523,0.1388
43,1483,1526,0.1388
42,1469,1511,0.1388
41,1466,1507,0.1388
40,1475,1515,0.1388
39,1459,1498,0.1388
38,1460,1498,0.1388
42,1465,1507,0.1388
41,1478,1519,0.1388
40,1483,1523,0.1388
40,1467,1507,0.1388
39,1471,1510,0.1388
40,1460,1500,0.1388
42,1467,1509,0.1388
42,1474,1516,0.1388
41,1479,1520,0.1388
42,1459,1501,0.1388
39,1455,1494,0.1388
36,1470,1506,0.1388
37,1478,1515,0.1388
39,1476,1515,0.1388
41,1466,1507,0.1388
41,1472,1513,0.1388
38,1477,1515,0.1388
40,1475,1515,0.1388
40,1477,1517,0.1388
38,1470,1508,0.1388
38,1461,1499,0.1388
42,1463,1505,0.1388
41,1457,1498,0.1388
42,1465,1507,0.1388
42,1462,1504,0.1388
46,1472,1518,0.1388
43,1472,1515,0.1388
44,1457,1501,0.1388
46,1465,1511,0.1388
45,1455,1500,0.1388
43,1460,1503,0.1388
43,1468,1511,0.1388
43,1472,1515,0.1388
41,1471,1512,0.1388
39,1473,1512,0.1388
41,1471,1512,0.1388
42,1475,1517,0.1388
42,1474,1516,0.1388
42,1476,1518,0.1388
39,1480,1519,0.1388
41,1474,1515,0.1388
45,1467,1512,0.1388
43,1472,1515,0.1388
42,1473,1515,0.1388
40,1475,1515,0.1388
40,1469,1509,0.1388
39,1459,1498,0.1388
39,1457,1496,0.1388
40,1461,1501,0.1388
40,1467,1507,0.1388
40,1487,1527,0.1388
40,1479,1519,0.1388
37,1478,1515,0.1388
37,1482,1519,0.1388
37,1482,1519,0.1388
37,1468,1505,0.1388
38,1473,1511,0.1388
38,1471,1509,0.1388
38,1455,1493,0.1388
38,1465,1503,0.1388
40,1463,1503,0.1388
37,1468,1505,0.1388
37,1484,1521,0.1388
37,1494,1531,0.1388
37,1486,1523,0.1388
37,1477,1514,0.1388
37,1498,1535,0.1388
37,1484,1521,0.1388
38,1491,1529,0.1388
37,1489,1526,0.1388
38,1496,1534,0.1388
38,1482,1520,0.1388
38,1479,1517,0.1388
38,1473,1511,0.1388
36,1471,1507,0.1388
36,1478,1514,0.1388
34,1467,1501,0.1388
35,1474,1509,0.1388
35,1482,1517,0.1388
36,1485,1521,0.1388
35,1478,1513,0.1388
37,1481,1518,0.1388
36,1479,1515,0.1388
37,1489,1526,0.1388
36,1484,1520,0.1388
36,1475,1511,0.1388
34,1472,1506,0.1388
34,1476,1510,0.1388
33,1487,1520,0.1388
32,1476,1508,0.1388
34,1474,1508,0.1388
34,1471,1505,0.1388
36,1480,1516,0.1388
36,1468,1504,0.1388
36,1471,1507,0.1388
34,1471,1505,0.1388
35,1461,1496,0.1388
37,1461,1498,0.1388
36,1464,1500,0.1388
35,1459,1494,0.1388
34,1475,1509,0.1388
35,1482,1517,0.1388
32,1487,1519,0.1388
33,1478,1511,0.1388
33,1468,1501,0.1388
32,1485,1517,0.1388
33,1486,1519,0.1388
32,1479,1511,0.1388
31,1462,1493,0.1388
30,1471,1501,0.1388
30,1479,1509,0.1388
30,1487,1517,0.1388
31,1495,1526,0.1388
29,1502,1531,0.1388
28,1492,1520,0.1388
28,1484,1512,0.1388
29,1480,1509,0.1388
28,1487,1515,0.1388
28,1492,1520,0.1388
29,1486,1515,0.1388
26,1496,1522,0.1388
26,1495,1521,0.1388
26,1494,1520,0.1388
26,1487,1513,0.1388
26,1481,1507,0.1388
26,1483,1509,0.1388
28,1470,1498,0.1388
30,1470,1500,0.1388
29,1476,1505,0.1388
30,1489,1519,0.1388
30,1488,1518,0.1388
32,1488,1520,0.1388
31,1484,1515,0.1388
31,1483,1514,0.1388
31,1493,1524,0.1388
31,1488,1519,0.1388
33,1493,1526,0.1388
34,1486,1520,0.1388
34,1482,1516,0.1388
33,1483,1516,0.1388
33,1490,1523,0.1388
32,1492,1524,0.1388
32,1491,1523,0.1388
32,1487,1519,0.1388
29,1496,1525,0.1388
28,1482,1510,0.1388
28,1483,1511,0.1388
27,1489,1516,0.1388
26,1492,1518,0.1388
28,1489,1517,0.1388
29,1488,1517,0.1388
29,1487,1516,0.1388
29,1497,1526,0.1388
27,1486,1513,0.1388
26,1466,1492,0.1388
26,1482,1508,0.1388
25,1487,1512,0.1388
24,1490,1514,0.1388
24,1502,1526,0.1388
27,1499,1526,0.1388
26,1500,1526,0.1388
25,1498,1523,0.1388
26,1490,1516,0.1388
24,1499,1523,0.1388
25,1502,1527,0.1388
24,1500,1524,0.1388
24,1491,1515,0.1388
23,1494,1517,0.1388
24,1499,1523,0.1388
24,1499,1523,0.1388
25,1500,1525,0.1388
25,1496,1521,0.1388
24,1486,1510,0.1388
23,1481,1504,0.1388
24,1481,1505,0.1388
22,1482,1504,0.1388
22,1485,1507,0.1388
21,1481,1502,0.1388
20,1501,1521,0.1388
22,1501,1523,0.1388
22,1503,1525,0.1388
22,1501,1523,0.1388
21,1498,1519,0.1388
24,1500,1524,0.1388
23,1490,1513,0.1388
22,1470,1492,0.1388
23,1469,1492,0.1388
23,1478,1501,0.1388
23,1476,1499,0.1388
24,1490,1514,0.1388
23,1485,1508,0.1388
24,1471,1495,0.1388
24,1477,1501,0.1388
24,1475,1499,0.1388
23,1486,1509,0.1388
23,1479,1502,0.1388
22,1494,1516,0.1388
21,1500,1521,0.1388
21,1510,1531,0.1388
23,1509,1532,0.1388
24,1493,1517,0.1388
23,1501,1524,0.1388
22,1492,1514,0.1388
22,1487,1509,0.1388
23,1498,1521,0.1388
23,1495,1518,0.1388
22,1497,1519,0.1388
23,1493,1516,0.1388
23,1500,1523,0.1388
24,1503,1527,0.1388
23,1492,1515,0.1388
22,1500,1522,0.1388
22,1505,1527,0.1388
23,1501,1524,0.1388
23,1505,1528,0.1388
23,1485,1508,0.1388
24,1489,1513,0.1388
23,1488,1511,0.1388
24,1483,1507,0.1388
25,1488,1513,0.1388
25,1503,1528,0.1388
27,1501,1528,0.1388
27,1498,1525,0.1388
26,1498,1524,0.1388
25,1491,1516,0.1388
26,1486,1512,0.1388
25,1491,1516,0.1388
26,1508,1534,0.1388
27,1495,1522,0.1388
26,1480,1506,0.1388
27,1487,1514,0.1388
27,1493,1520,0.1388
25,1460,1485,0.1388
25,1473,1498,0.1388
26,1491,1517,0.1388
27,1490,1517,0.1388
28,1494,1522,0.1388
28,1503,1531,0.1388
26,1498,1524,0.1388
25,1503,1528,0.1388
25,1508,1533,0.1388
25,1507,1532,0.1388
25,1506,1531,0.1388
23,1489,1512,0.1388
23,1490,1513,0.1388
23,1494,1517,0.1388
24,1487,1511,0.1388
24,1475,1499,0.1388
24,1477,1501,0.1388
26,1489,1515,0.1388
26,1492,1518,0.1388
26,1500,1526,0.1388
27,1498,1525,0.1388
27,1500,1527,0.1388
24,1482,1506,0.1388
27,1487,1514,0.1388
26,1487,1513,0.1388
25,1491,1516,0.1388
24,1484,1508,0.1388
26,1481,1507,0.1388
26,1473,1499,0.1388
27,1484,1511,0.1388
26,1481,1507,0.1388
26,1492,1518,0.1388
26,1495,1521,0.1388
26,1492,1518,0.1388
26,1485,1511,0.1388
24,1491,1515,0.1388
24,1494,1518,0.1388
22,1499,1521,0.1388
22,1508,1530,0.1388
22,1511,1533,0.1388
23,1507,1530,0.1388
23,1503,1526,0.1388
23,1495,1518,0.1388
23,1494,1517,0.1388
24,1493,1517,0.1388
24,1500,1524,0.1388
22,1498,1520,0.1388
22,1493,1515,0.1388
21,1497,1518,0.1388
19,1490,1509,0.1388
21,1496,1517,0.1388
22,1490,1512,0.1388
21,1498,1519,0.1388
21,1496,1517,0.1388
20,1502,1522,0.1388
21,1490,1511,0.1388
21,1487,1508,0.1388
20,1494,1514,0.1388
20,1507,1527,0.1388
20,1498,1518,0.1388
20,1480,1500,0.1388
20,1484,1504,0.1388
20,1492,1512,0.1388
20,1501,1521,0.1388
21,1497,1518,0.1388
22,1497,1519,0.1388
23,1491,1514,0.1388
24,1491,1515,0.1388
23,1492,1515,0.1388
22,1498,1520,0.1388
23,1491,1514,0.1388
22,1480,1502,0.1388
24,1478,1502,0.1388
24,1481,1505,0.1388
24,1482,1506,0.1388
25,1486,1511,0.1388
25,1484,1509,0.1388
25,1491,1516,0.1388
24,1478,1502,0.1388
25,1480,1505,0.1388
25,1486,1511,0.1388
24,1479,1503,0.1388
23,1484,1507,0.1388
23,1490,1513,0.1388
22,1503,1525,0.1388
22,1498,1520,0.1388
21,1499,1520,0.1388
21,1500,1521,0.1388
21,1498,1519,0.1388
21,1496,1517,0.1388
21,1494,1515,0.1388
22,1511,1533,0.1388
21,1511,1532,0.1388
20,1521,1541,0.1388
20,1501,1521,0.1388
20,1485,1505,0.1388
19,1499,1518,0.1388
20,1507,1527,0.1388
20,1503,1523,0.1388
20,1493,1513,0.1388
20,1515,1535,0.1388
20,1501,1521,0.1388
20,1505,1525,0.1388
19,1501,1520,0.1388
18,1493,1511,0.1388
18,1502,1520,0.1388
18,1506,1524,0.1388
17,1512,1529,0.1388
17,1506,1523,0.1388
16,1513,1529,0.1388
16,1504,1520,0.1388
16,1500,1516,0.1388
16,1503,1519,0.1388
17,1490,1507,0.1388
17,1489,1506,0.1388
19,1483,1502,0.1388
18,1488,1506,0.1388
20,1494,1514,0.1388
20,1483,1503,0.1388
19,1480,1499,0.1388
19,1486,1505,0.1388
18,1500,1518,0.1388
17,1500,1517,0.1388
17,1507,1524,0.1388
18,1507,1525,0.1388
18,1501,1519,0.1388
19,1505,1524,0.1388
20,1502,1522,0.1388
17,1495,1512,0.1388
16,1508,1524,0.1388
15,1507,1522,0.1388
15,1494,1509,0.1388
15,1495,1510,0.1388
14,1507,1521,0.1388
15,1499,1514,0.1388
15,1492,1507,0.1388
15,1488,1503,0.1388
16,1490,1506,0.1388
17,1488,1505,0.1388
18,1493,1511,0.1388
18,1492,1510,0.1388
19,1496,1515,0.1388
18,1498,1516,0.1388
18,1500,1518,0.1388
19,1515,1534,0.1388
19,1510,1529,0.1388
18,1504,1522,0.1388
18,1500,1518,0.1388
17,1514,1531,0.1388
17,1493,1510,0.1388
16,1508,1524,0.1388
15,1504,1519,0.1388
15,1507,1522,0.1388
14,1508,1522,0.1388
14,1505,1519,0.1388
14,1499,1513,0.1388
14,1501,1515,0.1388
14,1508,1522,0.1388
13,1503,1516,0.1388
11,1490,1501,0.1388
12,1493,1505,0.1388
11,1495,1506,0.1388
10,1494,1504,0.1388
11,1499,1510,0.1388
12,1497,1509,0.1388
11,1511,1522,0.1388
13,1513,1526,0.1388
12,1506,1518,0.1388
11,1505,1516,0.1388
9,1498,1507,0.1388
9,1507,1516,0.1388
9,1504,1513,0.1388
9,1492,1501,0.1388
9,1490,1499,0.1388
8,1484,1492,0.1388
8,1496,1504,0.1388
7,1500,1507,0.1388
7,1500,1507,0.1388
7,1498,1505,0.1388
6,1512,1518,0.1388
7,1498,1505,0.1388
7,1492,1499,0.1388
7,1492,1499,0.1388
6,1506,1512,0.1388
7,1508,1515,0.1388
6,1515,1521,0.1388
6,1500,1506,0.1388
6,1489,1495,0.1388
6,1491,1497,0.1388
6,1495,1501,0.1388
7,1507,1514,0.1388
7,1490,1497,0.1388
7,1501,1508,0.1388
7,1508,1515,0.1388
7,1501,1508,0.1388
7,1499,1506,0.1388
6,1504,1510,0.1388
6,1503,1509,0.1388
7,1505,1512,0.1388
7,1509,1516,0.1388
7,1516,1523,0.1388
7,1515,1522,0.1388
5,1519,1524,0.1388
5,1517,1522,0.1388
5,1501,1506,0.1388
5,1509,1514,0.1388
5,1509,1514,0.1388
5,1513,1518,0.1388
4,1513,1517,0.1388
4,1509,1513,0.1388
4,1516,1520,0.1388
5,1516,1521,0.1388
6,1514,1520,0.1388
6,1509,1515,0.1388
6,1504,1510,0.1388
5,1510,1515,0.1388
5,1516,1521,0.1388
5,1516,1521,0.1388
5,1515,1520,0.1388
5,1510,1515,0.1388
5,1507,1512,0.1388
5,1511,1516,0.1388
5,1524,1529,0.1388
6,1510,1516,0.1388
6,1505,1511,0.1388
6,1505,1511,0.1388
5,1516,1521,0.1388
5,1510,1515,0.1388
5,1496,1501,0.1388
6,1514,1520,0.1388
6,1506,1512,0.1388
6,1498,1504,0.1388
6,1510,1516,0.1388
6,1511,1517,0.1388
6,1518,1524,0.1388
5,1504,1509,0.1388
5,1504,1509,0.1388
5,1497,1502,0.1388
5,1506,1511,0.1388
6,1512,1518,0.1388
6,1504,1510,0.1388
6,1512,1518,0.1388
7,1510,1517,0.1388
7,1508,1515,0.1388
7,1516,1523,0.1388
8,1520,1528,0.1388
8,1505,1513,0.1388
8,1506,1514,0.1388
8,1493,1501,0.1388
8,1511,1519,0.1388
8,1522,1530,0.1388
9,1507,1516,0.1388
8,1501,1509,0.1388
8,1514,1522,0.1388
8,1503,1511,0.1388
7,1489,1496,0.1388
7,1511,1518,0.1388
6,1513,1519,0.1388
7,1509,1516,0.1388
7,1521,1528,0.1388
7,1512,1519,0.1388
7,1517,1524,0.1388
7,1522,1529,0.1388
7,1512,1519,0.1388
7,1534,1541,0.1388
7,1519,1526,0.1388
7,1513,1520,0.1388
7,1517,1524,0.1388
6,1529,1535,0.1388
5,1527,1532,0.1388
6,1515,1521,0.1388
6,1523,1529,0.1388
7,1523,1530,0.1388
8,1519,1527,0.1388
8,1509,1517,0.1388
8,1514,1522,0.1388
7,1509,1516,0.1388
6,1511,1517,0.1388
6,1504,1510,0.1388
6,1500,1506,0.1388
6,1489,1495,0.1388
6,1498,1504,0.1388
5,1499,1504,0.1388
6,1494,1500,0.1388
8,1496,1504,0.1388
8,1507,1515,0.1388
8,1519,1527,0.1388
8,1520,1528,0.1388
9,1514,1523,0.1388
9,1510,1519,0.1388
9,1507,1516,0.1388
9,1510,1519,0.1388
8,1508,1516,0.1388
6,1517,1523,0.1388
5,1522,1527,0.1388
5,1526,1531,0.1388
5,1525,1530,0.1388
5,1514,1519,0.1388
6,1517,1523,0.1388
6,1511,1517,0.1388
6,1510,1516,0.1388
6,1510,1516,0.1388
5,1499,1504,0.1388
4,1500,1504,0.1388
5,1506,1511,0.1388
5,1506,1511,0.1388
6,1493,1499,0.1388
6,1501,1507,0.1388
6,1515,1521,0.1388
6,1515,1521,0.1388
6,1517,1523,0.1388
7,1514,1521,0.1388
7,1517,1524,0.1388
7,1501,1508,0.1388
7,1510,1517,0.1388
8,1508,1516,0.1388
8,1502,1510,0.1388
7,1507,1514,0.1388
7,1510,1517,0.1388
7,1513,1520,0.1388
7,1495,1502,0.1388
7,1491,1498,0.1388
7,1500,1507,0.1388
7,1505,1512,0.1388
7,1503,1510,0.1388
7,1499,1506,0.1388
7,1509,1516,0.1388
7,1513,1520,0.1388
7,1499,1506,0.1388
7,1510,1517,0.1388
8,1507,1515,0.1388
8,1518,1526,0.1388
7,1526,1533,0.1388
7,1505,1512,0.1388
7,1511,1518,0.1388
7,1505,1512,0.1388
7,1506,1513,0.1388
7,1503,1510,0.1388
7,1497,1504,0.1388
6,1509,1515,0.1388
6,1514,1520,0.1388
7,1519,1526,0.1388
5,1528,1533,0.1388
5,1523,1528,0.1388
5,1518,1523,0.1388
5,1503,1508,0.1388
5,1501,1506,0.1388
5,1506,1511,0.1388
5,1503,1508,0.1388
5,1496,1501,0.1388
6,1492,1498,0.1388
5,1504,1509,0.1388
5,1514,1519,0.1388
5,1509,1514,0.1388
5,1516,1521,0.1388
5,1503,1508,0.1388
5,1496,1501,0.1388
5,1508,1513,0.1388
5,1506,1511,0.1388
5,1501,1506,0.1388
8,1515,1523,0.1388
8,1514,1522,0.1388
8,1509,1517,0.1388
8,1503,1511,0.1388
8,1507,1515,0.1388
8,1519,1527,0.1388
8,1511,1519,0.1388
8,1514,1522,0.1388
8,1528,1536,0.1388
8,1529,1537,0.1388
9,1527,1536,0.1388
10,1519,1529,0.1388
10,1510,1520,0.1388
11,1514,1525,0.1388
13,1504,1517,0.1388
13,1511,1524,0.1388
13,1512,1525,0.1388
14,1513,1527,0.1388
14,1511,1525,0.1388
14,1513,1527,0.1388
13,1513,1526,0.1388
13,1526,1539,0.1388
14,1518,1532,0.1388
13,1524,1537,0.1388
13,1523,1536,0.1388
11,1506,1517,0.1388
11,1507,1518,0.1388
11,1529,1540,0.1388
11,1502,1513,0.1388
11,1506,1517,0.1388
12,1503,1515,0.1388
12,1518,1530,0.1388
13,1510,1523,0.1388
13,1510,1523,0.1388
13,1518,1531,0.1388
13,1520,1533,0.1388
13,1515,1528,0.1388
12,1505,1517,0.1388
11,1503,1514,0.1388
10,1517,1527,0.1388
10,1523,1533,0.1388
10,1523,1533,0.1388
11,1524,1535,0.1388
9,1518,1527,0.1388
8,1514,1522,0.1388
8,1516,1524,0.1388
8,1516,1524,0.1388
7,1509,1516,0.1388
7,1506,1513,0.1388
7,1525,1532,0.1388
8,1507,1515,0.1388
7,1506,1513,0.1388
7,1510,1517,0.1388
6,1504,1510,0.1388
6,1500,1506,0.1388
6,1503,1509,0.1388
6,1501,1507,0.1388
7,1512,1519,0.1388
6,1509,1515,0.1388
5,1527,1532,0.1388
6,1516,1522,0.1388
6,1516,1522,0.1388
6,1525,1531,0.1388
6,1523,1529,0.1388
6,1514,1520,0.1388
6,1515,1521,0.1388
6,1514,1520,0.1388
6,1499,1505,0.1388
6,1496,1502,0.1388
7,1503,1510,0.1388
7,1511,1518,0.1388
7,1508,1515,0.1388
8,1514,1522,0.1388
8,1514,1522,0.1388
8,1516,1524,0.1388
9,1521,1530,0.1388
10,1504,1514,0.1388
11,1501,1512,0.1388
10,1505,1515,0.1388
9,1515,1524,0.1388
8,1502,1510,0.1388
8,1495,1503,0.1388
9,1504,1513,0.1388
9,1505,1514,0.1388
8,1505,1513,0.1388
9,1504,1513,0.1388
9,1500,1509,0.1388
9,1508,1517,0.1388
8,1516,1524,0.1388
8,1497,1505,0.1388
7,1501,1508,0.1388
7,1502,1509,0.1388
9,1496,1505,0.1388
9,1499,1508,0.1388
9,1508,1517,0.1388
8,1517,1525,0.1388
9,1512,1521,0.1388
10,1505,1515,0.1388
11,1505,1516,0.1388
10,1496,1506,0.1388
11,1502,1513,0.1388
11,1504,1515,0.1388
11,1515,1526,0.1388
11,1512,1523,0.1388
11,1511,1522,0.1388
10,1506,1516,0.1388
11,1514,1525,0.1388
11,1507,1518,0.1388
11,1516,1527,0.1388
13,1517,1530,0.1388
13,1511,1524,0.1388
14,1509,1523,0.1388
14,1501,1515,0.1388
13,1500,1513,0.1388
14,1502,1516,0.1388
14,1496,1510,0.1388
13,1489,1502,0.1388
15,1490,1505,0.1388
15,1489,1504,0.1388
15,1494,1509,0.1388
15,1485,1500,0.1388
15,1476,1491,0.1388
15,1497,1512,0.1388
15,1485,1500,0.1388
16,1501,1517,0.1388
16,1497,1513,0.1388
17,1496,1513,0.1388
16,1490,1506,0.1388
17,1493,1510,0.1388
18,1496,1514,0.1388
18,1490,1508,0.1388
17,1502,1519,0.1388
17,1499,1516,0.1388
18,1499,1517,0.1388
18,1502,1520,0.1388
19,1507,1526,0.1388
19,1504,1523,0.1388
18,1498,1516,0.1388
18,1494,1512,0.1388
17,1494,1511,0.1388
17,1499,1516,0.1388
17,1505,1522,0.1388
16,1504,1520,0.1388
15,1492,1507,0.1388
16,1489,1505,0.1388
17,1490,1507,0.1388
17,1502,1519,0.1388
16,1492,1508,0.1388
16,1506,1522,0.1388
17,1515,1532,0.1388
16,1503,1519,0.1388
16,1502,1518,0.1388
15,1495,1510,0.1388
16,1504,1520,0.1388
16,1495,1511,0.1388
16,1488,1504,0.1388
16,1492,1508,0.1388
14,1497,1511,0.1388
15,1488,1503,0.1388
15,1496,1511,0.1388
18,1483,1501,0.1388
18,1491,1509,0.1388
18,1492,1510,0.1388
18,1494,1512,0.1388
18,1483,1501,0.1388
18,1501,1519,0.1388
17,1513,1530,0.1388
17,1507,1524,0.1388
18,1490,1508,0.1388
18,1500,1518,0.1388
18,1503,1521,0.1388
18,1490,1508,0.1388
18,1494,1512,0.1388
17,1503,1520,0.1388
17,1510,1527,0.1388
16,1510,1526,0.1388
17,1506,1523,0.1388
16,1498,1514,0.1388
16,1493,1509,0.1388
16,1496,1512,0.1388
15,1498,1513,0.1388
16,1496,1512,0.1388
18,1499,1517,0.1388
18,1503,1521,0.1388
19,1500,1519,0.1388
19,1505,1524,0.1388
19,1502,1521,0.1388
19,1495,1514,0.1388
18,1499,1517,0.1388
18,1508,1526,0.1388
18,1504,1522,0.1388
18,1491,1509,0.1388
19,1492,1511,0.1388
19,1494,1513,0.1388
19,1488,1507,0.1388
19,1496,1515,0.1388
16,1503,1519,0.1388
18,1496,1514,0.1388
17,1489,1506,0.1388
16,1495,1511,0.1388
16,1503,1519,0.1388
16,1491,1507,0.1388
16,1504,1520,0.1388
16,1504,1520,0.1388
16,1501,1517,0.1388
14,1504,1518,0.1388
15,1506,1521,0.1388
15,1502,1517,0.1388
16,1509,1525,0.1388
14,1512,1526,0.1388
15,1500,1515,0.1388
15,1507,1522,0.1388
15,1507,1522,0.1388
16,1499,1515,0.1388
16,1497,1513,0.1388
17,1511,1528,0.1388
16,1498,1514,0.1388
15,1499,1514,0.1388
14,1507,1521,0.1388
13,1510,1523,0.1388
14,1512,1526,0.1388
15,1498,1513,0.1388
16,1499,1515,0.1388
17,1504,1521,0.1388
19,1488,1507,0.1388
18,1506,1524,0.1388
19,1513,1532,0.1388
18,1506,1524,0.1388
18,1509,1527,0.1388
18,1512,1530,0.1388
19,1503,1522,0.1388
18,1511,1529,0.1388
19,1505,1524,0.1388
20,1501,1521,0.1388
17,1500,1517,0.1388
19,1492,1511,0.1388
18,1507,1525,0.1388
20,1509,1529,0.1388
21,1502,1523,0.1388
21,1512,1533,0.1388
21,1500,1521,0.1388
21,1497,1518,0.1388
22,1500,1522,0.1388
22,1493,1515,0.1388
22,1484,1506,0.1388
21,1482,1503,0.1388
20,1490,1510,0.1388
21,1489,1510,0.1388
20,1484,1504,0.1388
21,1480,1501,0.1388
21,1476,1497,0.1388
20,1492,1512,0.1388
19,1515,1534,0.1388
18,1503,1521,0.1388
18,1503,1521,0.1388
17,1498,1515,0.1388
15,1498,1513,0.1388
15,1499,1514,0.1388
14,1495,1509,0.1388
14,1495,1509,0.1388
15,1511,1526,0.1388
15,1494,1509,0.1388
14,1503,1517,0.1388
14,1508,1522,0.1388
15,1504,1519,0.1388
15,1502,1517,0.1388
15,1501,1516,0.1388
15,1506,1521,0.1388
16,1495,1511,0.1388
14,1507,1521,0.1388
11,1499,1510,0.1388
11,1496,1507,0.1388
13,1496,1509,0.1388
14,1488,1502,0.1388
14,1482,1496,0.1388
14,1496,1510,0.1388
15,1497,1512,0.1388
15,1512,1527,0.1388
15,1507,1522,0.1388
15,1495,1510,0.1388
14,1500,1514,0.1388
13,1492,1505,0.1388
13,1489,1502,0.1388
14,1498,1512,0.1388
14,1489,1503,0.1388
14,1492,1506,0.1388
14,1484,1498,0.1388
14,1503,1517,0.1388
14,1502,1516,0.1388
13,1500,1513,0.1388
13,1504,1517,0.1388
12,1497,1509,0.1388
12,1506,1518,0.1388
13,1505,1518,0.1388
12,1501,1513,0.1388
12,1500,1512,0.1388
12,1500,1512,0.1388
12,1507,1519,0.1388
12,1505,1517,0.1388
14,1501,1515,0.1388
13,1496,1509,0.1388
13,1514,1527,0.1388
13,1527,1540,0.1388
13,1515,1528,0.1388
12,1505,1517,0.1388
11,1503,1514,0.1388
9,1509,1518,0.1388
10,1513,1523,0.1388
10,1526,1536,0.1388
10,1501,1511,0.1388
10,1493,1503,0.1388
9,1501,1510,0.1388
8,1500,1508,0.1388
8,1509,1517,0.1388
8,1521,1529,0.1388
8,1518,1526,0.1388
8,1507,1515,0.1388
7,1511,1518,0.1388
7,1514,1521,0.1388
7,1512,1519,0.1388
6,1513,1519,0.1388
6,1520,1526,0.1388
6,1511,1517,0.1388
6,1506,1512,0.1388
7,1509,1516,0.1388
8,1507,1515,0.1388
8,1505,1513,0.1388
9,1498,1507,0.1388
9,1498,1507,0.1388
10,1493,1503,0.1388
10,1504,1514,0.1388
10,1488,1498,0.1388
9,1500,1509,0.1388
9,1505,1514,0.1388
8,1508,1516,0.1388
7,1507,1514,0.1388
7,1515,1522,0.1388
5,1523,1528,0.1388
4,1513,1517,0.1388
5,1522,1527,0.1388
5,1520,1525,0.1388
5,1511,1516,0.1388
4,1516,1520,0.1388
4,1517,1521,0.1388
4,1521,1525,0.1388
4,1526,1530,0.1388
4,1516,1520,0.1388
4,1510,1514,0.1388
4,1520,1524,0.1388
5,1523,1528,0.1388
5,1519,1524,0.1388
5,1504,1509,0.1388
5,1510,1515,0.1388
5,1502,1507,0.1388
5,1507,1512,0.1388
5,1502,1507,0.1388
5,1506,1511,0.1388
4,1512,1516,0.1388
4,1516,1520,0.1388
4,1523,1527,0.1388
3,1507,1510,0.1388
3,1510,1513,0.1388
3,1504,1507,0.1388
3,1508,1511,0.1388
3,1508,1511,0.1388
3,1508,1511,0.1388
3,1505,1508,0.1388
3,1495,1498,0.1388
3,1484,1487,0.1388
3,1504,1507,0.1388
3,1512,1515,0.1388
3,1525,1528,0.1388
3,1508,1511,0.1388
3,1500,1503,0.1388
2,1508,1510,0.1388
2,1490,1492,0.1388
2,1497,1499,0.1388
2,1512,1514,0.1388
2,1508,1510,0.1388
2,1511,1513,0.1388
2,1509,1511,0.1388
2,1527,1529,0.1388
2,1524,1526,0.1388
2,1515,1517,0.1388
2,1516,1518,0.1388
2,1522,1524,0.1388
2,1529,1531,0.1388
2,1523,1525,0.1388
2,1516,1518,0.1388
2,1509,1511,0.1388
2,1504,1506,0.1388
2,1508,1510,0.1388
2,1510,1512,0.1388
2,1506,1508,0.1388
2,1520,1522,0.1388
2,1517,1519,0.1388
2,1520,1522,0.1388
2,1514,1516,0.1388
2,1509,1511,0.1388
2,1522,1524,0.1388
2,1519,1521,0.1388
2,1515,1517,0.1388
2,1516,1518,0.1388
2,1525,1527,0.1388
2,1512,1514,0.1388
2,1521,1523,0.1388
2,1523,1525,0.1388
2,1530,1532,0.1388
2,1520,1522,0.1388
2,1529,1531,0.1388
2,1520,1522,0.1388
2,1517,1519,0.1388
2,1524,1526,0.1388
2,1523,1525,0.1388
2,1512,1514,0.1388
2,1527,1529,0.1388
2,1515,1517,0.1388
2,1506,1508,0.1388
2,1515,1517,0.1388
2,1518,1520,0.1388
2,1524,1526,0.1388
2,1517,1519,0.1388
3,1501,1504,0.1388
2,1512,1514,0.1388
2,1515,1517,0.1388
2,1508,1510,0.1388
2,1508,1510,0.1388
2,1509,1511,0.1388
1,1510,1511,0.1388
1,1522,1523,0.1388
1,1522,1523,0.1388
1,1512,1513,0.1388
1,1513,1514,0.1388
1,1513,1514,0.1388
1,1513,1514,0.1388
1,1527,1528,0.1388
1,1517,1518,0.1388
1,1525,1526,0.1388
1,1535,1536,0.1388
1,1518,1519,0.1388
1,1533,1534,0.1388
1,1525,1526,0.1388
1,1513,1514,0.1388
1,1507,1508,0.1388
1,1500,1501,0.1388
1,1515,1516,0.1388
1,1526,1527,0.1388
1,1515,1516,0.1388
0,1510,1510,0.1388
