1373,31,1404,0.1388
1409,33,1442,0.1388
1424,35,1459,0.1388
1433,33,1466,0.1388
1448,35,1483,0.1388
1441,36,1477,0.1388
1455,37,1492,0.1388
1456,38,1494,0.1388
1449,38,1487,0.1388
1452,37,1489,0.1388
1458,36,1494,0.1388
1461,37,1498,0.1388
1459,37,1496,0.1388
1457,38,1495,0.1388
1467,37,1504,0.1388
1446,40,1486,0.1388
1450,40,1490,0.1388
1443,43,1486,0.1388
1450,45,1495,0.1388
1449,45,1494,0.1388
1463,44,1507,0.1388
1467,45,1512,0.1388
1462,44,1506,0.1388
1450,42,1492,0.1388
1446,41,1487,0.1388
1446,44,1490,0.1388
1447,46,1493,0.1388
1438,45,1483,0.1388
1430,44,1474,0.1388
1421,47,1468,0.1388
1411,47,1458,0.1388
1415,50,1465,0.1388
1419,54,1473,0.1388
1418,57,1475,0.1388
1423,57,1480,0.1388
1433,56,1489,0.1388
1427,59,1486,0.1388
1427,57,1484,0.1388
1423,58,1481,0.1388
1443,58,1501,0.1388
1440,56,1496,0.1388
1445,57,1502,0.1388
1440,58,1498,0.1388
1444,57,1501,0.1388
1436,60,1496,0.1388
1435,61,1496,0.1388
1430,62,1492,0.1388
1417,60,1477,0.1388
1417,61,1478,0.1388
1422,61,1483,0.1388
1434,62,1496,0.1388
1448,63,1511,0.1388
1446,64,1510,0.1388
1438,65,1503,0.1388
1433,62,1495,0.1388
1432,62,1494,0.1388
1436,65,1501,0.1388
1431,67,1498,0.1388
1429,68,1497,0.1388
1440,67,1507,0.1388
1422,66,1488,0.1388
1412,70,1482,0.1388
1394,71,1465,0.1388
1399,70,1469,0.1388
1400,71,1471,0.1388
1408,70,1478,0.1388
1411,70,1481,0.1388
1427,66,1493,0.1388
1441,67,1508,0.1388
1432,68,1500,0.1388
1446,70,1516,0.1388
1434,68,1502,0.1388
1439,67,1506,0.1388
1430,67,1497,0.1388
1427,70,1497,0.1388
1427,74,1501,0.1388
1417,72,1489,0.1388
1408,76,1484,0.1388
1410,77,1487,0.1388
1419,79,1498,0.1388
1412,81,1493,0.1388
1419,83,1502,0.1388
1408,84,1492,0.1388
1413,87,1500,0.1388
1398,88,1486,0.1388
1402,87,1489,0.1388
1406,83,1489,0.1388
1402,85,1487,0.1388
1397,88,1485,0.1388
1386,92,1478,0.1388
1394,94,1488,0.1388
1403,97,1500,0.1388
1414,100,1514,0.1388
1401,100,1501,0.1388
1393,102,1495,0.1388
1391,97,1488,0.1388
1388,102,1490,0.1388
1397,103,1500,0.1388
1396,103,1499,0.1388
1388,104,1492,0.1388
1382,102,1484,0.1388
1396,103,1499,0.1388
1390,106,1496,0.1388
1386,107,1493,0.1388
1392,105,1497,0.1388
1391,108,1499,0.1388
1394,117,1511,0.1388
1389,122,1511,0.1388
1385,122,1507,0.1388
1386,120,1506,0.1388
1382,120,1502,0.1388
1381,119,1500,0.1388
1384,119,1503,0.1388
1393,122,1515,0.1388
1387,125,1512,0.1388
1382,126,1508,0.1388
1375,122,1497,0.1388
1369,125,1494,0.1388
1366,126,1492,0.1388
1374,127,1501,0.1388
1365,125,1490,0.1388
1351,123,1474,0.1388
1347,118,1465,0.1388
1353,123,1476,0.1388
1358,125,1483,0.1388
1356,121,1477,0.1388
1355,121,1476,0.1388
1358,122,1480,0.1388
1357,120,1477,0.1388
1376,122,1498,0.1388
1366,123,1489,0.1388
1365,127,1492,0.1388
1372,132,1504,0.1388
1371,132,1503,0.1388
1357,129,1486,0.1388
1363,128,1491,0.1388
1363,130,1493,0.1388
1375,132,1507,0.1388
1373,137,1510,0.1388
1369,136,1505,0.1388
1373,134,1507,0.1388
1366,131,1497,0.1388
1374,129,1503,0.1388
1387,123,1510,0.1388
1376,122,1498,0.1388
1387,119,1506,0.1388
1373,118,1491,0.1388
1378,118,1496,0.1388
1371,116,1487,0.1388
1371,118,1489,0.1388
1381,125,1506,0.1388
1388,122,1510,0.1388
1381,126,1507,0.1388
1370,123,1493,0.1388
1371,128,1499,0.1388
1371,127,1498,0.1388
1374,128,1502,0.1388
1375,127,1502,0.1388
1373,129,1502,0.1388
1368,132,1500,0.1388
1364,131,1495,0.1388
1356,129,1485,0.1388
1364,129,1493,0.1388
1383,128,1511,0.1388
1381,128,1509,0.1388
1373,128,1501,0.1388
1366,132,1498,0.1388
1372,135,1507,0.1388
1368,134,1502,0.1388
1361,136,1497,0.1388
1373,133,1506,0.1388
1369,137,1506,0.1388
1359,137,1496,0.1388
1367,139,1506,0.1388
1364,139,1503,0.1388
1365,139,1504,0.1388
1374,137,1511,0.1388
1386,136,1522,0.1388
1371,136,1507,0.1388
1374,138,1512,0.1388
1351,139,1490,0.1388
1365,142,1507,0.1388
1355,143,1498,0.1388
1348,144,1492,0.1388
1344,144,1488,0.1388
1359,150,1509,0.1388
1349,146,1495,0.1388
1359,149,1508,0.1388
1351,152,1503,0.1388
1353,149,1502,0.1388
1349,152,1501,0.1388
1351,153,1504,0.1388
1344,159,1503,0.1388
1333,159,1492,0.1388
1331,158,1489,0.1388
1345,156,1501,0.1388
1336,154,1490,0.1388
1350,150,1500,0.1388
1352,154,1506,0.1388
1350,153,1503,0.1388
1350,156,1506,0.1388
1338,154,1492,0.1388
1338,151,1489,0.1388
1361,153,1514,0.1388
1349,149,1498,0.1388
1349,151,1500,0.1388
1347,152,1499,0.1388
1352,154,1506,0.1388
1335,152,1487,0.1388
1332,150,1482,0.1388
1335,144,1479,0.1388
1341,145,1486,0.1388
1326,146,1472,0.1388
1328,151,1479,0.1388
1337,155,1492,0.1388
1340,153,1493,0.1388
1327,158,1485,0.1388
1325,164,1489,0.1388
1341,164,1505,0.1388
1345,162,1507,0.1388
1344,162,1506,0.1388
1346,162,1508,0.1388
1338,165,1503,0.1388
1336,164,1500,0.1388
1340,167,1507,0.1388
1321,172,1493,0.1388
1319,172,1491,0.1388
1325,173,1498,0.1388
1309,174,1483,0.1388
1310,173,1483,0.1388
1315,172,1487,0.1388
1320,167,1487,0.1388
1317,165,1482,0.1388
1312,172,1484,0.1388
1305,176,1481,0.1388
1303,184,1487,0.1388
1310,189,1499,0.1388
1307,185,1492,0.1388
1316,188,1504,0.1388
1304,185,1489,0.1388
1316,184,1500,0.1388
1321,185,1506,0.1388
1308,179,1487,0.1388
1311,176,1487,0.1388
1308,177,1485,0.1388
1298,176,1474,0.1388
1295,179,1474,0.1388
1307,176,1483,0.1388
1313,180,1493,0.1388
1321,176,1497,0.1388
1321,175,1496,0.1388
1321,172,1493,0.1388
1334,172,1506,0.1388
1332,176,1508,0.1388
1326,181,1507,0.1388
1315,186,1501,0.1388
1324,185,1509,0.1388
1316,185,1501,0.1388
1328,188,1516,0.1388
1325,187,1512,0.1388
1323,184,1507,0.1388
1323,185,1508,0.1388
1317,184,1501,0.1388
1318,191,1509,0.1388
1316,191,1507,0.1388
1316,192,1508,0.1388
1312,198,1510,0.1388
1311,192,1503,0.1388
1302,197,1499,0.1388
1291,204,1495,0.1388
1276,210,1486,0.1388
1276,211,1487,0.1388
1275,209,1484,0.1388
1282,212,1494,0.1388
1274,212,1486,0.1388
1274,216,1490,0.1388
1270,222,1492,0.1388
1259,221,1480,0.1388
1275,221,1496,0.1388
1259,220,1479,0.1388
1266,225,1491,0.1388
1262,225,1487,0.1388
1271,228,1499,0.1388
1265,228,1493,0.1388
1271,232,1503,0.1388
1272,232,1504,0.1388
1283,229,1512,0.1388
1276,226,1502,0.1388
1265,230,1495,0.1388
1273,236,1509,0.1388
1275,241,1516,0.1388
1266,240,1506,0.1388
1253,241,1494,0.1388
1247,250,1497,0.1388
1245,250,1495,0.1388
1239,249,1488,0.1388
1238,254,1492,0.1388
1246,261,1507,0.1388
1245,258,1503,0.1388
1236,260,1496,0.1388
1248,260,1508,0.1388
1245,260,1505,0.1388
1230,261,1491,0.1388
1221,262,1483,0.1388
1228,262,1490,0.1388
1232,259,1491,0.1388
1232,262,1494,0.1388
1238,258,1496,0.1388
1234,263,1497,0.1388
1222,259,1481,0.1388
1220,265,1485,0.1388
1226,266,1492,0.1388
1228,262,1490,0.1388
1223,271,1494,0.1388
1227,264,1491,0.1388
1215,266,1481,0.1388
1219,267,1486,0.1388
1231,270,1501,0.1388
1229,278,1507,0.1388
1232,273,1505,0.1388
1224,286,1510,0.1388
1210,277,1487,0.1388
1208,282,1490,0.1388
1224,280,1504,0.1388
1228,277,1505,0.1388
1228,285,1513,0.1388
1214,280,1494,0.1388
1219,272,1491,0.1388
1216,279,1495,0.1388
1208,281,1489,0.1388
1217,279,1496,0.1388
1217,273,1490,0.1388
1222,282,1504,0.1388
1218,282,1500,0.1388
1220,280,1500,0.1388
1223,282,1505,0.1388
1224,281,1505,0.1388
1228,283,1511,0.1388
1219,284,1503,0.1388
1225,283,1508,0.1388
1221,286,1507,0.1388
1220,291,1511,0.1388
1216,294,1510,0.1388
1213,299,1512,0.1388
1221,299,1520,0.1388
1204,296,1500,0.1388
1205,296,1501,0.1388
1200,298,1498,0.1388
1205,301,1506,0.1388
1200,303,1503,0.1388
1204,306,1510,0.1388
1207,298,1505,0.1388
1204,300,1504,0.1388
1215,298,1513,0.1388
1204,300,1504,0.1388
1197,303,1500,0.1388
1212,303,1515,0.1388
1206,303,1509,0.1388
1210,307,1517,0.1388
1204,311,1515,0.1388
1188,310,1498,0.1388
1183,313,1496,0.1388
1192,313,1505,0.1388
1196,311,1507,0.1388
1187,310,1497,0.1388
1187,314,1501,0.1388
1180,316,1496,0.1388
1183,319,1502,0.1388
1189,322,1511,0.1388
1180,320,1500,0.1388
1164,319,1483,0.1388
1172,321,1493,0.1388
1178,327,1505,0.1388
1177,328,1505,0.1388
1176,322,1498,0.1388
1171,323,1494,0.1388
1176,325,1501,0.1388
1164,326,1490,0.1388
1168,331,1499,0.1388
1170,330,1500,0.1388
1166,328,1494,0.1388
1170,328,1498,0.1388
1158,328,1486,0.1388
1154,326,1480,0.1388
1160,324,1484,0.1388
1174,322,1496,0.1388
1176,321,1497,0.1388
1181,319,1500,0.1388
1185,322,1507,0.1388
1183,326,1509,0.1388
1185,328,1513,0.1388
1179,324,1503,0.1388
1179,322,1501,0.1388
1173,334,1507,0.1388
1172,332,1504,0.1388
1179,332,1511,0.1388
1169,335,1504,0.1388
1171,326,1497,0.1388
1162,329,1491,0.1388
1156,328,1484,0.1388
1155,332,1487,0.1388
1161,338,1499,0.1388
1160,338,1498,0.1388
1159,339,1498,0.1388
1161,333,1494,0.1388
1168,328,1496,0.1388
1161,324,1485,0.1388
1169,330,1499,0.1388
1179,331,1510,0.1388
1177,323,1500,0.1388
1179,319,1498,0.1388
1185,319,1504,0.1388
1189,326,1515,0.1388
1188,323,1511,0.1388
1190,325,1515,0.1388
1182,318,1500,0.1388
1163,318,1481,0.1388
1160,327,1487,0.1388
1162,330,1492,0.1388
1151,325,1476,0.1388
1145,329,1474,0.1388
1150,337,1487,0.1388
1149,337,1486,0.1388
1152,334,1486,0.1388
1158,339,1497,0.1388
1155,345,1500,0.1388
1155,343,1498,0.1388
1154,345,1499,0.1388
1145,350,1495,0.1388
1148,352,1500,0.1388
1162,350,1512,0.1388
1158,346,1504,0.1388
1161,349,1510,0.1388
1164,352,1516,0.1388
1154,359,1513,0.1388
1155,355,1510,0.1388
1157,356,1513,0.1388
1156,359,1515,0.1388
1155,361,1516,0.1388
1139,358,1497,0.1388
1144,362,1506,0.1388
1139,367,1506,0.1388
1134,365,1499,0.1388
1131,371,1502,0.1388
1138,371,1509,0.1388
1126,367,1493,0.1388
1136,377,1513,0.1388
1132,370,1502,0.1388
1129,371,1500,0.1388
1127,374,1501,0.1388
1127,369,1496,0.1388
1134,376,1510,0.1388
1134,370,1504,0.1388
1124,371,1495,0.1388
1123,372,1495,0.1388
1123,367,1490,0.1388
1128,366,1494,0.1388
1110,368,1478,0.1388
1111,366,1477,0.1388
1117,371,1488,0.1388
1120,378,1498,0.1388
1123,372,1495,0.1388
1116,370,1486,0.1388
1133,375,1508,0.1388
1144,371,1515,0.1388
1127,374,1501,0.1388
1126,375,1501,0.1388
1124,373,1497,0.1388
1116,370,1486,0.1388
1116,377,1493,0.1388
1124,374,1498,0.1388
1130,377,1507,0.1388
1120,377,1497,0.1388
1123,381,1504,0.1388
1122,377,1499,0.1388
1114,382,1496,0.1388
1109,385,1494,0.1388
1109,384,1493,0.1388
1117,384,1501,0.1388
1110,380,1490,0.1388
1101,385,1486,0.1388
1104,385,1489,0.1388
1116,382,1498,0.1388
1108,380,1488,0.1388
1114,376,1490,0.1388
1119,384,1503,0.1388
1119,389,1508,0.1388
1116,387,1503,0.1388
1117,385,1502,0.1388
1115,387,1502,0.1388
1131,390,1521,0.1388
1118,379,1497,0.1388
1119,379,1498,0.1388
1114,383,1497,0.1388
1122,388,1510,0.1388
1115,385,1500,0.1388
1114,388,1502,0.1388
1114,387,1501,0.1388
1130,389,1519,0.1388
1120,385,1505,0.1388
1112,383,1495,0.1388
1120,384,1504,0.1388
1120,390,1510,0.1388
1122,390,1512,0.1388
1122,387,1509,0.1388
1117,385,1502,0.1388
1124,386,1510,0.1388
1116,391,1507,0.1388
1109,393,1502,0.1388
1103,391,1494,0.1388
1109,393,1502,0.1388
1115,393,1508,0.1388
1123,394,1517,0.1388
1107,392,1499,0.1388
1105,401,1506,0.1388
1110,395,1505,0.1388
1088,397,1485,0.1388
1095,388,1483,0.1388
1102,395,1497,0.1388
1100,400,1500,0.1388
1086,405,1491,0.1388
1089,401,1490,0.1388
1097,404,1501,0.1388
1105,411,1516,0.1388
1091,416,1507,0.1388
1090,416,1506,0.1388
1091,418,1509,0.1388
1086,416,1502,0.1388
1093,412,1505,0.1388
1096,408,1504,0.1388
1096,410,1506,0.1388
1108,411,1519,0.1388
1097,416,1513,0.1388
1097,420,1517,0.1388
1088,418,1506,0.1388
1076,414,1490,0.1388
1069,416,1485,0.1388
1075,415,1490,0.1388
1056,419,1475,0.1388
1060,423,1483,0.1388
1073,427,1500,0.1388
1066,422,1488,0.1388
1057,425,1482,0.1388
1062,425,1487,0.1388
1061,434,1495,0.1388
1050,431,1481,0.1388
1064,444,1508,0.1388
1066,438,1504,0.1388
1062,431,1493,0.1388
1059,434,1493,0.1388
1056,448,1504,0.1388
1061,451,1512,0.1388
1058,453,1511,0.1388
1048,451,1499,0.1388
1053,447,1500,0.1388
1042,453,1495,0.1388
1049,453,1502,0.1388
1050,454,1504,0.1388
1041,449,1490,0.1388
1037,457,1494,0.1388
1041,456,1497,0.1388
1041,460,1501,0.1388
1039,467,1506,0.1388
1033,470,1503,0.1388
1033,473,1506,0.1388
1035,471,1506,0.1388
1035,474,1509,0.1388
1031,477,1508,0.1388
1028,475,1503,0.1388
1031,473,1504,0.1388
1032,476,1508,0.1388
1036,476,1512,0.1388
1036,477,1513,0.1388
1033,473,1506,0.1388
1022,472,1494,0.1388
1009,469,1478,0.1388
1012,476,1488,0.1388
1025,479,1504,0.1388
1031,479,1510,0.1388
1031,472,1503,0.1388
1030,482,1512,0.1388
1042,480,1522,0.1388
1038,470,1508,0.1388
1046,479,1525,0.1388
1035,475,1510,0.1388
1036,473,1509,0.1388
1041,472,1513,0.1388
1041,468,1509,0.1388
1039,472,1511,0.1388
1032,480,1512,0.1388
1028,477,1505,0.1388
1032,472,1504,0.1388
1041,472,1513,0.1388
1042,467,1509,0.1388
1037,474,1511,0.1388
1040,474,1514,0.1388
1040,471,1511,0.1388
1038,477,1515,0.1388
1037,481,1518,0.1388
1027,477,1504,0.1388
1031,474,1505,0.1388
1026,475,1501,0.1388
1033,479,1512,0.1388
1028,488,1516,0.1388
1022,492,1514,0.1388
1010,496,1506,0.1388
1011,496,1507,0.1388
1017,494,1511,0.1388
1015,497,1512,0.1388
1011,501,1512,0.1388
1003,500,1503,0.1388
1010,498,1508,0.1388
1002,498,1500,0.1388
1007,499,1506,0.1388
997,504,1501,0.1388
997,504,1501,0.1388
999,515,1514,0.1388
988,514,1502,0.1388
985,505,1490,0.1388
986,514,1500,0.1388
978,517,1495,0.1388
973,523,1496,0.1388
978,528,1506,0.1388
978,528,1506,0.1388
980,526,1506,0.1388
972,532,1504,0.1388
968,539,1507,0.1388
973,547,1520,0.1388
966,540,1506,0.1388
967,537,1504,0.1388
971,555,1526,0.1388
968,547,1515,0.1388
966,542,1508,0.1388
968,535,1503,0.1388
961,541,1502,0.1388
965,537,1502,0.1388
963,549,1512,0.1388
954,544,1498,0.1388
940,550,1490,0.1388
947,546,1493,0.1388
957,544,1501,0.1388
956,542,1498,0.1388
947,539,1486,0.1388
944,539,1483,0.1388
944,540,1484,0.1388
949,535,1484,0.1388
949,533,1482,0.1388
942,538,1480,0.1388
940,547,1487,0.1388
946,557,1503,0.1388
942,553,1495,0.1388
943,554,1497,0.1388
924,558,1482,0.1388
931,564,1495,0.1388
935,569,1504,0.1388
947,571,1518,0.1388
936,574,1510,0.1388
930,573,1503,0.1388
925,578,1503,0.1388
929,579,1508,0.1388
932,577,1509,0.1388
935,569,1504,0.1388
932,573,1505,0.1388
938,574,1512,0.1388
931,567,1498,0.1388
927,576,1503,0.1388
926,582,1508,0.1388
920,591,1511,0.1388
925,588,1513,0.1388
913,592,1505,0.1388
916,603,1519,0.1388
906,601,1507,0.1388
888,607,1495,0.1388
892,607,1499,0.1388
882,611,1493,0.1388
879,620,1499,0.1388
881,626,1507,0.1388
880,625,1505,0.1388
877,628,1505,0.1388
876,631,1507,0.1388
876,624,1500,0.1388
881,625,1506,0.1388
878,628,1506,0.1388
877,630,1507,0.1388
878,628,1506,0.1388
876,618,1494,0.1388
881,620,1501,0.1388
885,610,1495,0.1388
898,617,1515,0.1388
899,614,1513,0.1388
893,614,1507,0.1388
890,615,1505,0.1388
885,617,1502,0.1388
894,611,1505,0.1388
897,615,1512,0.1388
905,610,1515,0.1388
897,605,1502,0.1388
900,607,1507,0.1388
897,608,1505,0.1388
895,602,1497,0.1388
895,599,1494,0.1388
910,600,1510,0.1388
904,611,1515,0.1388
892,612,1504,0.1388
893,614,1507,0.1388
898,621,1519,0.1388
890,613,1503,0.1388
892,619,1511,0.1388
891,626,1517,0.1388
885,621,1506,0.1388
894,622,1516,0.1388
887,625,1512,0.1388
891,622,1513,0.1388
888,623,1511,0.1388
896,624,1520,0.1388
870,627,1497,0.1388
872,628,1500,0.1388
870,618,1488,0.1388
873,619,1492,0.1388
877,623,1500,0.1388
878,622,1500,0.1388
874,630,1504,0.1388
876,619,1495,0.1388
878,634,1512,0.1388
880,634,1514,0.1388
872,637,1509,0.1388
879,627,1506,0.1388
879,623,1502,0.1388
881,629,1510,0.1388
881,632,1513,0.1388
880,636,1516,0.1388
874,638,1512,0.1388
865,633,1498,0.1388
872,630,1502,0.1388
872,631,1503,0.1388
864,628,1492,0.1388
867,629,1496,0.1388
873,637,1510,0.1388
870,638,1508,0.1388
866,648,1514,0.1388
865,652,1517,0.1388
859,644,1503,0.1388
854,654,1508,0.1388
860,652,1512,0.1388
858,644,1502,0.1388
865,643,1508,0.1388
860,642,1502,0.1388
858,644,1502,0.1388
854,641,1495,0.1388
851,639,1490,0.1388
852,641,1493,0.1388
850,641,1491,0.1388
853,644,1497,0.1388
846,654,1500,0.1388
855,655,1510,0.1388
835,655,1490,0.1388
834,657,1491,0.1388
828,656,1484,0.1388
824,659,1483,0.1388
831,660,1491,0.1388
826,669,1495,0.1388
819,674,1493,0.1388
814,673,1487,0.1388
823,675,1498,0.1388
819,678,1497,0.1388
821,683,1504,0.1388
822,686,1508,0.1388
820,693,1513,0.1388
821,677,1498,0.1388
817,692,1509,0.1388
817,691,1508,0.1388
813,694,1507,0.1388
814,691,1505,0.1388
816,689,1505,0.1388
813,693,1506,0.1388
820,696,1516,0.1388
816,693,1509,0.1388
813,697,1510,0.1388
808,693,1501,0.1388
808,702,1510,0.1388
803,699,1502,0.1388
807,706,1513,0.1388
809,708,1517,0.1388
813,696,1509,0.1388
811,698,1509,0.1388
807,699,1506,0.1388
810,709,1519,0.1388
810,711,1521,0.1388
816,711,1527,0.1388
809,701,1510,0.1388
809,695,1504,0.1388
816,702,1518,0.1388
815,710,1525,0.1388
820,703,1523,0.1388
812,700,1512,0.1388
804,704,1508,0.1388
794,699,1493,0.1388
796,699,1495,0.1388
794,694,1488,0.1388
794,691,1485,0.1388
791,691,1482,0.1388
796,699,1495,0.1388
793,699,1492,0.1388
793,704,1497,0.1388
788,692,1480,0.1388
797,696,1493,0.1388
796,704,1500,0.1388
794,707,1501,0.1388
792,709,1501,0.1388
792,717,1509,0.1388
793,713,1506,0.1388
796,715,1511,0.1388
793,708,1501,0.1388
787,717,1504,0.1388
790,720,1510,0.1388
783,718,1501,0.1388
773,723,1496,0.1388
767,718,1485,0.1388
770,719,1489,0.1388
773,718,1491,0.1388
785,726,1511,0.1388
786,729,1515,0.1388
776,736,1512,0.1388
767,733,1500,0.1388
772,737,1509,0.1388
777,726,1503,0.1388
780,728,1508,0.1388
779,723,1502,0.1388
778,728,1506,0.1388
782,716,1498,0.1388
772,719,1491,0.1388
773,721,1494,0.1388
776,726,1502,0.1388
783,734,1517,0.1388
774,733,1507,0.1388
775,732,1507,0.1388
776,739,1515,0.1388
784,742,1526,0.1388
780,745,1525,0.1388
772,738,1510,0.1388
770,736,1506,0.1388
762,728,1490,0.1388
770,735,1505,0.1388
778,734,1512,0.1388
779,728,1507,0.1388
771,728,1499,0.1388
771,720,1491,0.1388
765,716,1481,0.1388
766,715,1481,0.1388
763,721,1484,0.1388
767,718,1485,0.1388
764,728,1492,0.1388
770,731,1501,0.1388
770,736,1506,0.1388
773,736,1509,0.1388
771,727,1498,0.1388
768,737,1505,0.1388
764,728,1492,0.1388
757,728,1485,0.1388
762,733,1495,0.1388
758,722,1480,0.1388
765,725,1490,0.1388
771,723,1494,0.1388
771,725,1496,0.1388
768,732,1500,0.1388
762,731,1493,0.1388
769,736,1505,0.1388
778,741,1519,0.1388
768,734,1502,0.1388
777,741,1518,0.1388
767,739,1506,0.1388
778,731,1509,0.1388
778,740,1518,0.1388
770,750,1520,0.1388
776,746,1522,0.1388
771,736,1507,0.1388
767,741,1508,0.1388
774,749,1523,0.1388
770,736,1506,0.1388
757,731,1488,0.1388
753,728,1481,0.1388
762,728,1490,0.1388
763,731,1494,0.1388
757,738,1495,0.1388
757,740,1497,0.1388
750,744,1494,0.1388
749,751,1500,0.1388
744,750,1494,0.1388
751,763,1514,0.1388
748,771,1519,0.1388
746,778,1524,0.1388
750,780,1530,0.1388
752,772,1524,0.1388
747,765,1512,0.1388
745,770,1515,0.1388
753,768,1521,0.1388
748,771,1519,0.1388
737,767,1504,0.1388
736,761,1497,0.1388
736,765,1501,0.1388
735,775,1510,0.1388
730,780,1510,0.1388
724,778,1502,0.1388
725,782,1507,0.1388
721,779,1500,0.1388
717,775,1492,0.1388
727,779,1506,0.1388
724,775,1499,0.1388
729,786,1515,0.1388
724,794,1518,0.1388
723,792,1515,0.1388
721,798,1519,0.1388
713,806,1519,0.1388
719,778,1497,0.1388
713,785,1498,0.1388
709,791,1500,0.1388
708,788,1496,0.1388
712,785,1497,0.1388
702,791,1493,0.1388
698,792,1490,0.1388
707,795,1502,0.1388
707,793,1500,0.1388
718,790,1508,0.1388
711,791,1502,0.1388
707,792,1499,0.1388
711,791,1502,0.1388
702,791,1493,0.1388
701,776,1477,0.1388
707,783,1490,0.1388
701,787,1488,0.1388
700,790,1490,0.1388
693,793,1486,0.1388
703,801,1504,0.1388
701,806,1507,0.1388
704,810,1514,0.1388
692,812,1504,0.1388
698,819,1517,0.1388
699,824,1523,0.1388
695,819,1514,0.1388
699,823,1522,0.1388
692,818,1510,0.1388
684,816,1500,0.1388
684,825,1509,0.1388
682,827,1509,0.1388
679,820,1499,0.1388
685,816,1501,0.1388
682,818,1500,0.1388
681,823,1504,0.1388
677,825,1502,0.1388
680,828,1508,0.1388
676,823,1499,0.1388
675,832,1507,0.1388
676,839,1515,0.1388
670,849,1519,0.1388
671,846,1517,0.1388
665,847,1512,0.1388
661,850,1511,0.1388
664,849,1513,0.1388
663,862,1525,0.1388
663,855,1518,0.1388
658,851,1509,0.1388
657,854,1511,0.1388
656,851,1507,0.1388
663,855,1518,0.1388
663,858,1521,0.1388
664,853,1517,0.1388
657,857,1514,0.1388
664,860,1524,0.1388
665,855,1520,0.1388
671,853,1524,0.1388
667,843,1510,0.1388
669,848,1517,0.1388
662,858,1520,0.1388
666,848,1514,0.1388
653,848,1501,0.1388
655,849,1504,0.1388
659,850,1509,0.1388
658,859,1517,0.1388
657,850,1507,0.1388
648,851,1499,0.1388
646,845,1491,0.1388
652,849,1501,0.1388
651,842,1493,0.1388
656,844,1500,0.1388
655,853,1508,0.1388
662,850,1512,0.1388
651,862,1513,0.1388
644,867,1511,0.1388
647,868,1515,0.1388
645,861,1506,0.1388
641,870,1511,0.1388
637,870,1507,0.1388
636,877,1513,0.1388
640,880,1520,0.1388
641,881,1522,0.1388
638,864,1502,0.1388
621,868,1489,0.1388
619,873,1492,0.1388
628,878,1506,0.1388
629,874,1503,0.1388
625,870,1495,0.1388
627,875,1502,0.1388
624,876,1500,0.1388
630,881,1511,0.1388
626,872,1498,0.1388
631,871,1502,0.1388
622,875,1497,0.1388
619,876,1495,0.1388
615,875,1490,0.1388
624,879,1503,0.1388
624,888,1512,0.1388
618,884,1502,0.1388
629,884,1513,0.1388
633,865,1498,0.1388
639,871,1510,0.1388
644,875,1519,0.1388
635,886,1521,0.1388
643,890,1533,0.1388
629,876,1505,0.1388
625,880,1505,0.1388
625,871,1496,0.1388
633,874,1507,0.1388
634,874,1508,0.1388
625,877,1502,0.1388
621,870,1491,0.1388
619,879,1498,0.1388
627,883,1510,0.1388
619,883,1502,0.1388
621,895,1516,0.1388
624,899,1523,0.1388
618,891,1509,0.1388
610,898,1508,0.1388
614,887,1501,0.1388
604,891,1495,0.1388
610,892,1502,0.1388
600,890,1490,0.1388
601,893,1494,0.1388
605,900,1505,0.1388
611,900,1511,0.1388
610,903,1513,0.1388
606,902,1508,0.1388
608,905,1513,0.1388
610,905,1515,0.1388
610,895,1505,0.1388
611,891,1502,0.1388
608,896,1504,0.1388
606,895,1501,0.1388
600,893,1493,0.1388
588,902,1490,0.1388
590,909,1499,0.1388
594,917,1511,0.1388
596,909,1505,0.1388
600,906,1506,0.1388
597,912,1509,0.1388
600,906,1506,0.1388
598,902,1500,0.1388
595,906,1501,0.1388
598,901,1499,0.1388
599,896,1495,0.1388
602,893,1495,0.1388
605,891,1496,0.1388
608,904,1512,0.1388
611,906,1517,0.1388
612,905,1517,0.1388
618,899,1517,0.1388
617,902,1519,0.1388
613,898,1511,0.1388
606,902,1508,0.1388
595,901,1496,0.1388
604,904,1508,0.1388
599,894,1493,0.1388
602,899,1501,0.1388
599,894,1493,0.1388
599,906,1505,0.1388
602,901,1503,0.1388
594,901,1495,0.1388
585,913,1498,0.1388
588,918,1506,0.1388
591,907,1498,0.1388
594,913,1507,0.1388
596,916,1512,0.1388
596,912,1508,0.1388
592,920,1512,0.1388
582,922,1504,0.1388
584,931,1515,0.1388
584,933,1517,0.1388
581,938,1519,0.1388
575,941,1516,0.1388
569,941,1510,0.1388
561,929,1490,0.1388
560,943,1503,0.1388
566,946,1512,0.1388
558,933,1491,0.1388
559,935,1494,0.1388
555,941,1496,0.1388
558,948,1506,0.1388
552,944,1496,0.1388
556,941,1497,0.1388
552,939,1491,0.1388
564,941,1505,0.1388
562,940,1502,0.1388
555,953,1508,0.1388
552,937,1489,0.1388
554,946,1500,0.1388
557,946,1503,0.1388
553,935,1488,0.1388
551,940,1491,0.1388
556,942,1498,0.1388
559,961,1520,0.1388
555,961,1516,0.1388
554,960,1514,0.1388
555,961,1516,0.1388
547,955,1502,0.1388
550,955,1505,0.1388
547,945,1492,0.1388
550,946,1496,0.1388
546,953,1499,0.1388
549,951,1500,0.1388
550,951,1501,0.1388
548,966,1514,0.1388
543,975,1518,0.1388
541,980,1521,0.1388
539,988,1527,0.1388
528,992,1520,0.1388
525,987,1512,0.1388
524,991,1515,0.1388
525,994,1519,0.1388
522,980,1502,0.1388
527,977,1504,0.1388
533,978,1511,0.1388
530,973,1503,0.1388
529,986,1515,0.1388
528,971,1499,0.1388
526,980,1506,0.1388
518,989,1507,0.1388
518,990,1508,0.1388
515,1000,1515,0.1388
508,1001,1509,0.1388
509,993,1502,0.1388
515,986,1501,0.1388
512,992,1504,0.1388
516,1007,1523,0.1388
509,999,1508,0.1388
508,997,1505,0.1388
505,997,1502,0.1388
506,999,1505,0.1388
508,1006,1514,0.1388
505,1014,1519,0.1388
509,1010,1519,0.1388
502,1008,1510,0.1388
494,1016,1510,0.1388
498,1009,1507,0.1388
498,1002,1500,0.1388
503,1003,1506,0.1388
500,1011,1511,0.1388
505,1007,1512,0.1388
516,1010,1526,0.1388
513,1017,1530,0.1388
501,1005,1506,0.1388
493,1005,1498,0.1388
496,1005,1501,0.1388
497,1014,1511,0.1388
494,1018,1512,0.1388
492,1021,1513,0.1388
496,1024,1520,0.1388
490,1027,1517,0.1388
495,1023,1518,0.1388
488,1015,1503,0.1388
497,1007,1504,0.1388
489,1017,1506,0.1388
486,1015,1501,0.1388
485,1017,1502,0.1388
497,1019,1516,0.1388
499,1019,1518,0.1388
495,1015,1510,0.1388
500,1010,1510,0.1388
487,1006,1493,0.1388
484,1014,1498,0.1388
481,1016,1497,0.1388
480,1010,1490,0.1388
481,1014,1495,0.1388
478,1021,1499,0.1388
474,1028,1502,0.1388
467,1034,1501,0.1388
458,1043,1501,0.1388
459,1032,1491,0.1388
461,1046,1507,0.1388
467,1042,1509,0.1388
466,1045,1511,0.1388
454,1043,1497,0.1388
459,1049,1508,0.1388
463,1050,1513,0.1388
464,1045,1509,0.1388
462,1062,1524,0.1388
452,1049,1501,0.1388
454,1052,1506,0.1388
445,1073,1518,0.1388
449,1075,1524,0.1388
449,1071,1520,0.1388
443,1076,1519,0.1388
439,1078,1517,0.1388
446,1072,1518,0.1388
443,1078,1521,0.1388
428,1078,1506,0.1388
430,1083,1513,0.1388
434,1084,1518,0.1388
438,1084,1522,0.1388
438,1088,1526,0.1388
434,1089,1523,0.1388
430,1075,1505,0.1388
423,1073,1496,0.1388
426,1074,1500,0.1388
429,1085,1514,0.1388
426,1093,1519,0.1388
423,1080,1503,0.1388
430,1075,1505,0.1388
428,1078,1506,0.1388
429,1072,1501,0.1388
425,1076,1501,0.1388
430,1077,1507,0.1388
422,1081,1503,0.1388
423,1082,1505,0.1388
430,1084,1514,0.1388
424,1086,1510,0.1388
422,1093,1515,0.1388
424,1103,1527,0.1388
424,1101,1525,0.1388
429,1101,1530,0.1388
420,1100,1520,0.1388
422,1098,1520,0.1388
423,1090,1513,0.1388
421,1100,1521,0.1388
422,1096,1518,0.1388
431,1091,1522,0.1388
423,1093,1516,0.1388
416,1093,1509,0.1388
416,1100,1516,0.1388
415,1090,1505,0.1388
416,1094,1510,0.1388
415,1097,1512,0.1388
409,1094,1503,0.1388
403,1092,1495,0.1388
411,1095,1506,0.1388
407,1106,1513,0.1388
412,1103,1515,0.1388
403,1102,1505,0.1388
403,1115,1518,0.1388
401,1109,1510,0.1388
409,1098,1507,0.1388
409,1088,1497,0.1388
411,1096,1507,0.1388
406,1100,1506,0.1388
403,1114,1517,0.1388
398,1118,1516,0.1388
395,1117,1512,0.1388
396,1119,1515,0.1388
391,1116,1507,0.1388
391,1113,1504,0.1388
396,1117,1513,0.1388
396,1123,1519,0.1388
394,1124,1518,0.1388
392,1110,1502,0.1388
389,1105,1494,0.1388
380,1117,1497,0.1388
381,1122,1503,0.1388
384,1126,1510,0.1388
384,1125,1509,0.1388
381,1126,1507,0.1388
382,1133,1515,0.1388
387,1135,1522,0.1388
383,1120,1503,0.1388
379,1127,1506,0.1388
377,1131,1508,0.1388
380,1130,1510,0.1388
374,1135,1509,0.1388
373,1136,1509,0.1388
374,1123,1497,0.1388
374,1130,1504,0.1388
374,1133,1507,0.1388
378,1132,1510,0.1388
368,1147,1515,0.1388
366,1140,1506,0.1388
372,1134,1506,0.1388
375,1133,1508,0.1388
381,1139,1520,0.1388
383,1137,1520,0.1388
380,1133,1513,0.1388
379,1123,1502,0.1388
376,1114,1490,0.1388
374,1132,1506,0.1388
370,1133,1503,0.1388
374,1124,1498,0.1388
379,1122,1501,0.1388
378,1125,1503,0.1388
384,1132,1516,0.1388
373,1136,1509,0.1388
372,1134,1506,0.1388
376,1134,1510,0.1388
378,1132,1510,0.1388
376,1130,1506,0.1388
377,1121,1498,0.1388
373,1129,1502,0.1388
370,1143,1513,0.1388
369,1145,1514,0.1388
370,1144,1514,0.1388
374,1152,1526,0.1388
375,1142,1517,0.1388
371,1149,1520,0.1388
366,1152,1518,0.1388
362,1148,1510,0.1388
362,1157,1519,0.1388
363,1153,1516,0.1388
368,1156,1524,0.1388
367,1156,1523,0.1388
371,1160,1531,0.1388
370,1146,1516,0.1388
365,1145,1510,0.1388
367,1153,1520,0.1388
369,1152,1521,0.1388
364,1147,1511,0.1388
363,1143,1506,0.1388
356,1151,1507,0.1388
360,1154,1514,0.1388
367,1140,1507,0.1388
365,1152,1517,0.1388
361,1147,1508,0.1388
362,1150,1512,0.1388
357,1145,1502,0.1388
354,1156,1510,0.1388
348,1151,1499,0.1388
353,1156,1509,0.1388
358,1147,1505,0.1388
359,1152,1511,0.1388
366,1154,1520,0.1388
369,1151,1520,0.1388
367,1140,1507,0.1388
362,1136,1498,0.1388
365,1142,1507,0.1388
361,1145,1506,0.1388
362,1149,1511,0.1388
366,1149,1515,0.1388
368,1149,1517,0.1388
364,1153,1517,0.1388
363,1161,1524,0.1388
355,1155,1510,0.1388
359,1163,1522,0.1388
357,1160,1517,0.1388
353,1159,1512,0.1388
350,1156,1506,0.1388
358,1162,1520,0.1388
356,1163,1519,0.1388
357,1169,1526,0.1388
354,1170,1524,0.1388
354,1173,1527,0.1388
348,1165,1513,0.1388
345,1162,1507,0.1388
347,1159,1506,0.1388
340,1151,1491,0.1388
341,1160,1501,0.1388
347,1167,1514,0.1388
352,1168,1520,0.1388
354,1163,1517,0.1388
355,1163,1518,0.1388
352,1148,1500,0.1388
345,1162,1507,0.1388
337,1150,1487,0.1388
336,1165,1501,0.1388
340,1162,1502,0.1388
341,1162,1503,0.1388
340,1171,1511,0.1388
345,1175,1520,0.1388
336,1169,1505,0.1388
337,1182,1519,0.1388
340,1178,1518,0.1388
338,1175,1513,0.1388
338,1180,1518,0.1388
331,1185,1516,0.1388
335,1192,1527,0.1388
333,1196,1529,0.1388
334,1178,1512,0.1388
332,1172,1504,0.1388
336,1184,1520,0.1388
334,1175,1509,0.1388
341,1177,1518,0.1388
335,1168,1503,0.1388
336,1168,1504,0.1388
340,1166,1506,0.1388
334,1166,1500,0.1388
331,1178,1509,0.1388
337,1187,1524,0.1388
334,1176,1510,0.1388
337,1168,1505,0.1388
339,1169,1508,0.1388
340,1166,1506,0.1388
344,1166,1510,0.1388
344,1171,1515,0.1388
342,1169,1511,0.1388
345,1167,1512,0.1388
344,1168,1512,0.1388
337,1172,1509,0.1388
336,1171,1507,0.1388
332,1170,1502,0.1388
338,1176,1514,0.1388
340,1179,1519,0.1388
341,1161,1502,0.1388
340,1173,1513,0.1388
331,1177,1508,0.1388
335,1168,1503,0.1388
336,1159,1495,0.1388
338,1162,1500,0.1388
337,1167,1504,0.1388
341,1165,1506,0.1388
348,1168,1516,0.1388
345,1169,1514,0.1388
337,1166,1503,0.1388
336,1178,1514,0.1388
333,1177,1510,0.1388
326,1183,1509,0.1388
329,1186,1515,0.1388
329,1190,1519,0.1388
330,1184,1514,0.1388
331,1189,1520,0.1388
328,1183,1511,0.1388
324,1184,1508,0.1388
327,1203,1530,0.1388
325,1202,1527,0.1388
328,1203,1531,0.1388
328,1199,1527,0.1388
325,1198,1523,0.1388
323,1195,1518,0.1388
319,1197,1516,0.1388
320,1198,1518,0.1388
320,1189,1509,0.1388
320,1188,1508,0.1388
321,1205,1526,0.1388
321,1198,1519,0.1388
317,1203,1520,0.1388
317,1200,1517,0.1388
324,1197,1521,0.1388
323,1204,1527,0.1388
324,1207,1531,0.1388
315,1211,1526,0.1388
317,1216,1533,0.1388
314,1219,1533,0.1388
323,1208,1531,0.1388
319,1196,1515,0.1388
322,1208,1530,0.1388
318,1210,1528,0.1388
317,1208,1525,0.1388
320,1196,1516,0.1388
321,1210,1531,0.1388
321,1198,1519,0.1388
321,1203,1524,0.1388
318,1200,1518,0.1388
319,1200,1519,0.1388
315,1189,1504,0.1388
315,1192,1507,0.1388
312,1203,1515,0.1388
313,1205,1518,0.1388
313,1207,1520,0.1388
312,1198,1510,0.1388
312,1206,1518,0.1388
311,1202,1513,0.1388
310,1204,1514,0.1388
304,1223,1527,0.1388
304,1222,1526,0.1388
299,1218,1517,0.1388
299,1214,1513,0.1388
300,1218,1518,0.1388
305,1214,1519,0.1388
306,1215,1521,0.1388
305,1202,1507,0.1388
304,1192,1496,0.1388
300,1190,1490,0.1388
300,1203,1503,0.1388
300,1208,1508,0.1388
294,1214,1508,0.1388
294,1219,1513,0.1388
289,1224,1513,0.1388
294,1215,1509,0.1388
292,1225,1517,0.1388
293,1223,1516,0.1388
294,1223,1517,0.1388
292,1222,1514,0.1388
293,1216,1509,0.1388
293,1216,1509,0.1388
285,1219,1504,0.1388
286,1219,1505,0.1388
284,1223,1507,0.1388
284,1219,1503,0.1388
279,1209,1488,0.1388
279,1213,1492,0.1388
280,1221,1501,0.1388
280,1229,1509,0.1388
281,1218,1499,0.1388
282,1223,1505,0.1388
278,1227,1505,0.1388
284,1234,1518,0.1388
283,1238,1521,0.1388
283,1235,1518,0.1388
286,1231,1517,0.1388
291,1230,1521,0.1388
287,1243,1530,0.1388
286,1239,1525,0.1388
281,1246,1527,0.1388
273,1245,1518,0.1388
274,1239,1513,0.1388
274,1233,1507,0.1388
277,1236,1513,0.1388
283,1238,1521,0.1388
280,1244,1524,0.1388
278,1229,1507,0.1388
274,1217,1491,0.1388
268,1234,1502,0.1388
271,1222,1493,0.1388
266,1238,1504,0.1388
272,1234,1506,0.1388
266,1240,1506,0.1388
266,1239,1505,0.1388
270,1238,1508,0.1388
268,1240,1508,0.1388
268,1234,1502,0.1388
273,1223,1496,0.1388
270,1240,1510,0.1388
273,1250,1523,0.1388
270,1242,1512,0.1388
270,1238,1508,0.1388
269,1245,1514,0.1388
269,1241,1510,0.1388
265,1233,1498,0.1388
267,1224,1491,0.1388
263,1235,1498,0.1388
265,1235,1500,0.1388
259,1240,1499,0.1388
261,1243,1504,0.1388
258,1234,1492,0.1388
262,1245,1507,0.1388
261,1242,1503,0.1388
266,1252,1518,0.1388
264,1249,1513,0.1388
257,1253,1510,0.1388
252,1251,1503,0.1388
253,1257,1510,0.1388
253,1256,1509,0.1388
256,1261,1517,0.1388
252,1262,1514,0.1388
253,1255,1508,0.1388
250,1248,1498,0.1388
250,1246,1496,0.1388
243,1252,1495,0.1388
247,1246,1493,0.1388
248,1257,1505,0.1388
248,1266,1514,0.1388
249,1278,1527,0.1388
254,1269,1523,0.1388
255,1264,1519,0.1388
255,1273,1528,0.1388
255,1266,1521,0.1388
251,1266,1517,0.1388
248,1267,1515,0.1388
248,1271,1519,0.1388
246,1278,1524,0.1388
248,1271,1519,0.1388
246,1263,1509,0.1388
241,1262,1503,0.1388
246,1251,1497,0.1388
241,1269,1510,0.1388
236,1262,1498,0.1388
237,1273,1510,0.1388
239,1282,1521,0.1388
244,1285,1529,0.1388
241,1283,1524,0.1388
241,1295,1536,0.1388
239,1286,1525,0.1388
241,1279,1520,0.1388
247,1275,1522,0.1388
242,1277,1519,0.1388
236,1280,1516,0.1388
232,1284,1516,0.1388
228,1286,1514,0.1388
227,1287,1514,0.1388
227,1275,1502,0.1388
228,1297,1525,0.1388
228,1304,1532,0.1388
227,1299,1526,0.1388
225,1298,1523,0.1388
229,1304,1533,0.1388
226,1303,1529,0.1388
227,1302,1529,0.1388
222,1296,1518,0.1388
227,1287,1514,0.1388
228,1290,1518,0.1388
222,1291,1513,0.1388
217,1300,1517,0.1388
221,1286,1507,0.1388
220,1278,1498,0.1388
217,1277,1494,0.1388
217,1276,1493,0.1388
218,1279,1497,0.1388
223,1282,1505,0.1388
221,1276,1497,0.1388
221,1283,1504,0.1388
220,1295,1515,0.1388
215,1295,1510,0.1388
216,1294,1510,0.1388
217,1311,1528,0.1388
215,1306,1521,0.1388
212,1297,1509,0.1388
212,1300,1512,0.1388
213,1308,1521,0.1388
214,1293,1507,0.1388
211,1304,1515,0.1388
210,1293,1503,0.1388
208,1299,1507,0.1388
214,1309,1523,0.1388
213,1309,1522,0.1388
215,1306,1521,0.1388
213,1309,1522,0.1388
211,1313,1524,0.1388
208,1313,1521,0.1388
211,1310,1521,0.1388
206,1306,1512,0.1388
208,1310,1518,0.1388
204,1299,1503,0.1388
199,1301,1500,0.1388
209,1305,1514,0.1388
205,1309,1514,0.1388
210,1312,1522,0.1388
209,1307,1516,0.1388
211,1311,1522,0.1388
209,1310,1519,0.1388
206,1312,1518,0.1388
196,1313,1509,0.1388
197,1311,1508,0.1388
193,1305,1498,0.1388
195,1308,1503,0.1388
198,1313,1511,0.1388
199,1314,1513,0.1388
203,1316,1519,0.1388
199,1321,1520,0.1388
200,1316,1516,0.1388
202,1303,1505,0.1388
199,1305,1504,0.1388
203,1308,1511,0.1388
203,1311,1514,0.1388
202,1308,1510,0.1388
198,1309,1507,0.1388
197,1305,1502,0.1388
200,1314,1514,0.1388
198,1306,1504,0.1388
193,1323,1516,0.1388
195,1321,1516,0.1388
195,1322,1517,0.1388
195,1322,1517,0.1388
192,1313,1505,0.1388
189,1320,1509,0.1388
188,1317,1505,0.1388
185,1305,1490,0.1388
182,1314,1496,0.1388
184,1315,1499,0.1388
179,1323,1502,0.1388
179,1315,1494,0.1388
177,1316,1493,0.1388
176,1333,1509,0.1388
173,1318,1491,0.1388
174,1333,1507,0.1388
177,1344,1521,0.1388
178,1358,1536,0.1388
177,1359,1536,0.1388
175,1343,1518,0.1388
167,1352,1519,0.1388
165,1352,1517,0.1388
168,1354,1522,0.1388
168,1354,1522,0.1388
160,1351,1511,0.1388
164,1352,1516,0.1388
163,1346,1509,0.1388
160,1344,1504,0.1388
160,1336,1496,0.1388
163,1332,1495,0.1388
160,1349,1509,0.1388
159,1339,1498,0.1388
159,1347,1506,0.1388
161,1346,1507,0.1388
158,1356,1514,0.1388
155,1353,1508,0.1388
157,1351,1508,0.1388
159,1355,1514,0.1388
159,1364,1523,0.1388
163,1367,1530,0.1388
162,1353,1515,0.1388
155,1362,1517,0.1388
155,1364,1519,0.1388
152,1365,1517,0.1388
154,1364,1518,0.1388
156,1369,1525,0.1388
156,1363,1519,0.1388
158,1363,1521,0.1388
156,1353,1509,0.1388
154,1350,1504,0.1388
153,1358,1511,0.1388
153,1358,1511,0.1388
143,1364,1507,0.1388
141,1359,1500,0.1388
139,1362,1501,0.1388
140,1375,1515,0.1388
143,1378,1521,0.1388
150,1380,1530,0.1388
149,1369,1518,0.1388
151,1356,1507,0.1388
152,1362,1514,0.1388
154,1364,1518,0.1388
157,1364,1521,0.1388
156,1366,1522,0.1388
155,1370,1525,0.1388
155,1368,1523,0.1388
154,1361,1515,0.1388
152,1363,1515,0.1388
151,1366,1517,0.1388
149,1358,1507,0.1388
148,1357,1505,0.1388
149,1357,1506,0.1388
146,1367,1513,0.1388
146,1371,1517,0.1388
146,1374,1520,0.1388
142,1378,1520,0.1388
143,1386,1529,0.1388
140,1383,1523,0.1388
137,1384,1521,0.1388
131,1366,1497,0.1388
133,1369,1502,0.1388
135,1368,1503,0.1388
138,1386,1524,0.1388
137,1376,1513,0.1388
137,1375,1512,0.1388
134,1366,1500,0.1388
136,1355,1491,0.1388
132,1367,1499,0.1388
132,1372,1504,0.1388
130,1379,1509,0.1388
132,1387,1519,0.1388
132,1382,1514,0.1388
129,1380,1509,0.1388
126,1378,1504,0.1388
121,1380,1501,0.1388
122,1378,1500,0.1388
123,1382,1505,0.1388
122,1380,1502,0.1388
122,1394,1516,0.1388
127,1389,1516,0.1388
124,1391,1515,0.1388
124,1387,1511,0.1388
125,1395,1520,0.1388
121,1389,1510,0.1388
123,1388,1511,0.1388
121,1390,1511,0.1388
122,1396,1518,0.1388
120,1388,1508,0.1388
117,1387,1504,0.1388
120,1397,1517,0.1388
120,1403,1523,0.1388
124,1396,1520,0.1388
119,1397,1516,0.1388
122,1405,1527,0.1388
123,1398,1521,0.1388
120,1395,1515,0.1388
120,1383,1503,0.1388
117,1381,1498,0.1388
115,1390,1505,0.1388
118,1388,1506,0.1388
119,1384,1503,0.1388
121,1395,1516,0.1388
119,1401,1520,0.1388
118,1390,1508,0.1388
124,1383,1507,0.1388
120,1387,1507,0.1388
119,1374,1493,0.1388
116,1383,1499,0.1388
116,1382,1498,0.1388
119,1394,1513,0.1388
116,1407,1523,0.1388
115,1398,1513,0.1388
113,1398,1511,0.1388
114,1404,1518,0.1388
109,1392,1501,0.1388
105,1388,1493,0.1388
104,1394,1498,0.1388
105,1405,1510,0.1388
104,1415,1519,0.1388
107,1426,1533,0.1388
107,1421,1528,0.1388
104,1428,1532,0.1388
102,1413,1515,0.1388
100,1414,1514,0.1388
100,1413,1513,0.1388
97,1410,1507,0.1388
98,1416,1514,0.1388
96,1430,1526,0.1388
96,1424,1520,0.1388
94,1434,1528,0.1388
96,1412,1508,0.1388
95,1409,1504,0.1388
93,1401,1494,0.1388
93,1406,1499,0.1388
91,1424,1515,0.1388
87,1424,1511,0.1388
90,1428,1518,0.1388
89,1431,1520,0.1388
86,1431,1517,0.1388
87,1422,1509,0.1388
84,1423,1507,0.1388
82,1419,1501,0.1388
83,1413,1496,0.1388
83,1425,1508,0.1388
82,1431,1513,0.1388
83,1434,1517,0.1388
85,1439,1524,0.1388
86,1436,1522,0.1388
85,1430,1515,0.1388
86,1433,1519,0.1388
86,1435,1521,0.1388
85,1427,1512,0.1388
84,1426,1510,0.1388
82,1436,1518,0.1388
81,1444,1525,0.1388
81,1436,1517,0.1388
80,1440,1520,0.1388
79,1440,1519,0.1388
75,1452,1527,0.1388
76,1440,1516,0.1388
78,1428,1506,0.1388
77,1433,1510,0.1388
74,1436,1510,0.1388
76,1438,1514,0.1388
76,1437,1513,0.1388
73,1434,1507,0.1388
74,1451,1525,0.1388
74,1447,1521,0.1388
73,1444,1517,0.1388
75,1443,1518,0.1388
74,1445,1519,0.1388
72,1446,1518,0.1388
72,1457,1529,0.1388
70,1464,1534,0.1388
68,1460,1528,0.1388
70,1448,1518,0.1388
67,1449,1516,0.1388
70,1449,1519,0.1388
70,1446,1516,0.1388
68,1447,1515,0.1388
66,1448,1514,0.1388
65,1457,1522,0.1388
65,1444,1509,0.1388
62,1446,1508,0.1388
61,1453,1514,0.1388
61,1450,1511,0.1388
63,1458,1521,0.1388
66,1434,1500,0.1388
66,1440,1506,0.1388
67,1451,1518,0.1388
67,1451,1518,0.1388
67,1446,1513,0.1388
65,1442,1507,0.1388
65,1456,1521,0.1388
65,1455,1520,0.1388
66,1462,1528,0.1388
66,1452,1518,0.1388
66,1455,1521,0.1388
64,1449,1513,0.1388
64,1457,1521,0.1388
71,1458,1529,0.1388
69,1447,1516,0.1388
73,1453,1526,0.1388
70,1452,1522,0.1388
69,1450,1519,0.1388
67,1446,1513,0.1388
66,1437,1503,0.1388
69,1428,1497,0.1388
69,1421,1490,0.1388
67,1433,1500,0.1388
68,1437,1505,0.1388
63,1444,1507,0.1388
62,1442,1504,0.1388
62,1440,1502,0.1388
61,1458,1519,0.1388
60,1455,1515,0.1388
62,1465,1527,0.1388
61,1455,1516,0.1388
58,1456,1514,0.1388
59,1448,1507,0.1388
58,1451,1509,0.1388
59,1444,1503,0.1388
63,1447,1510,0.1388
61,1453,1514,0.1388
59,1461,1520,0.1388
61,1456,1517,0.1388
60,1459,1519,0.1388
59,1459,1518,0.1388
60,1450,1510,0.1388
60,1445,1505,0.1388
61,1453,1514,0.1388
62,1451,1513,0.1388
62,1469,1531,0.1388
61,1477,1538,0.1388
62,1477,1539,0.1388
62,1468,1530,0.1388
63,1465,1528,0.1388
59,1457,1516,0.1388
57,1462,1519,0.1388
59,1456,1515,0.1388
60,1453,1513,0.1388
60,1456,1516,0.1388
61,1455,1516,0.1388
65,1458,1523,0.1388
64,1453,1517,0.1388
63,1454,1517,0.1388
63,1454,1517,0.1388
65,1457,1522,0.1388
64,1457,1521,0.1388
66,1441,1507,0.1388
69,1457,1526,0.1388
69,1450,1519,0.1388
67,1444,1511,0.1388
68,1438,1506,0.1388
68,1436,1504,0.1388
70,1428,1498,0.1388
69,1437,1506,0.1388
69,1452,1521,0.1388
69,1440,1509,0.1388
70,1441,1511,0.1388
68,1458,1526,0.1388
66,1456,1522,0.1388
65,1454,1519,0.1388
66,1451,1517,0.1388
67,1442,1509,0.1388
65,1440,1505,0.1388
66,1440,1506,0.1388
67,1438,1505,0.1388
67,1453,1520,0.1388
68,1462,1530,0.1388
65,1463,1528,0.1388
66,1458,1524,0.1388
66,1457,1523,0.1388
64,1451,1515,0.1388
66,1457,1523,0.1388
68,1447,1515,0.1388
66,1457,1523,0.1388
67,1451,1518,0.1388
65,1441,1506,0.1388
65,1450,1515,0.1388
64,1446,1510,0.1388
64,1443,1507,0.1388
63,1444,1507,0.1388
62,1458,1520,0.1388
63,1465,1528,0.1388
61,1451,1512,0.1388
60,1457,1517,0.1388
61,1450,1511,0.1388
61,1434,1495,0.1388
64,1449,1513,0.1388
63,1454,1517,0.1388
64,1450,1514,0.1388
60,1444,1504,0.1388
59,1463,1522,0.1388
58,1468,1526,0.1388
56,1456,1512,0.1388
55,1453,1508,0.1388
56,1446,1502,0.1388
57,1455,1512,0.1388
55,1465,1520,0.1388
55,1465,1520,0.1388
59,1457,1516,0.1388
56,1452,1508,0.1388
55,1464,1519,0.1388
56,1457,1513,0.1388
53,1451,1504,0.1388
54,1461,1515,0.1388
54,1457,1511,0.1388
54,1460,1514,0.1388
53,1467,1520,0.1388
54,1470,1524,0.1388
53,1463,1516,0.1388
53,1468,1521,0.1388
54,1476,1530,0.1388
53,1474,1527,0.1388
54,1463,1517,0.1388
55,1473,1528,0.1388
55,1468,1523,0.1388
56,1463,1519,0.1388
55,1460,1515,0.1388
54,1469,1523,0.1388
51,1472,1523,0.1388
50,1469,1519,0.1388
46,1477,1523,0.1388
42,1474,1516,0.1388
40,1472,1512,0.1388
38,1468,1506,0.1388
38,1448,1486,0.1388
39,1459,1498,0.1388
39,1462,1501,0.1388
39,1483,1522,0.1388
38,1471,1509,0.1388
39,1478,1517,0.1388
39,1481,1520,0.1388
38,1473,1511,0.1388
39,1473,1512,0.1388
41,1475,1516,0.1388
42,1480,1522,0.1388
42,1477,1519,0.1388
40,1481,1521,0.1388
41,1479,1520,0.1388
42,1480,1522,0.1388
43,1474,1517,0.1388
43,1486,1529,0.1388
40,1478,1518,0.1388
38,1482,1520,0.1388
37,1475,1512,0.1388
37,1474,1511,0.1388
32,1492,1524,0.1388
34,1490,1524,0.1388
35,1482,1517,0.1388
36,1486,1522,0.1388
35,1490,1525,0.1388
35,1489,1524,0.1388
35,1491,1526,0.1388
36,1488,1524,0.1388
35,1487,1522,0.1388
33,1495,1528,0.1388
36,1492,1528,0.1388
35,1483,1518,0.1388
34,1480,1514,0.1388
32,1476,1508,0.1388
32,1474,1506,0.1388
33,1473,1506,0.1388
34,1472,1506,0.1388
32,1474,1506,0.1388
31,1491,1522,0.1388
30,1480,1510,0.1388
32,1482,1514,0.1388
32,1479,1511,0.1388
32,1488,1520,0.1388
32,1489,1521,0.1388
33,1499,1532,0.1388
31,1493,1524,0.1388
30,1495,1525,0.1388
30,1502,1532,0.1388
31,1510,1541,0.1388
30,1495,1525,0.1388
30,1490,1520,0.1388
30,1491,1521,0.1388
32,1503,1535,0.1388
33,1484,1517,0.1388
33,1487,1520,0.1388
33,1490,1523,0.1388
32,1490,1522,0.1388
34,1495,1529,0.1388
31,1493,1524,0.1388
33,1480,1513,0.1388
33,1463,1496,0.1388
33,1467,1500,0.1388
32,1483,1515,0.1388
32,1483,1515,0.1388
31,1480,1511,0.1388
31,1496,1527,0.1388
30,1493,1523,0.1388
27,1490,1517,0.1388
29,1494,1523,0.1388
31,1482,1513,0.1388
33,1489,1522,0.1388
34,1480,1514,0.1388
31,1492,1523,0.1388
31,1495,1526,0.1388
31,1496,1527,0.1388
30,1479,1509,0.1388
29,1477,1506,0.1388
28,1470,1498,0.1388
28,1471,1499,0.1388
27,1475,1502,0.1388
27,1475,1502,0.1388
27,1491,1518,0.1388
27,1489,1516,0.1388
27,1479,1506,0.1388
26,1478,1504,0.1388
27,1472,1499,0.1388
26,1494,1520,0.1388
25,1496,1521,0.1388
24,1487,1511,0.1388
25,1481,1506,0.1388
26,1477,1503,0.1388
24,1473,1497,0.1388
25,1474,1499,0.1388
24,1467,1491,0.1388
24,1482,1506,0.1388
24,1495,1519,0.1388
25,1504,1529,0.1388
26,1506,1532,0.1388
23,1498,1521,0.1388
23,1489,1512,0.1388
23,1492,1515,0.1388
23,1495,1518,0.1388
22,1502,1524,0.1388
22,1506,1528,0.1388
22,1513,1535,0.1388
21,1511,1532,0.1388
21,1503,1524,0.1388
23,1496,1519,0.1388
21,1493,1514,0.1388
20,1496,1516,0.1388
21,1487,1508,0.1388
19,1492,1511,0.1388
18,1501,1519,0.1388
19,1509,1528,0.1388
19,1492,1511,0.1388
19,1485,1504,0.1388
20,1497,1517,0.1388
20,1494,1514,0.1388
20,1497,1517,0.1388
19,1493,1512,0.1388
19,1494,1513,0.1388
18,1485,1503,0.1388
18,1486,1504,0.1388
20,1495,1515,0.1388
20,1489,1509,0.1388
19,1487,1506,0.1388
19,1480,1499,0.1388
19,1480,1499,0.1388
19,1487,1506,0.1388
18,1489,1507,0.1388
18,1506,1524,0.1388
17,1507,1524,0.1388
16,1508,1524,0.1388
16,1498,1514,0.1388
17,1494,1511,0.1388
17,1487,1504,0.1388
17,1479,1496,0.1388
17,1493,1510,0.1388
16,1498,1514,0.1388
16,1504,1520,0.1388
15,1505,1520,0.1388
15,1511,1526,0.1388
15,1514,1529,0.1388
15,1507,1522,0.1388
15,1493,1508,0.1388
15,1489,1504,0.1388
14,1502,1516,0.1388
14,1505,1519,0.1388
14,1510,1524,0.1388
13,1505,1518,0.1388
13,1503,1516,0.1388
13,1497,1510,0.1388
13,1498,1511,0.1388
13,1511,1524,0.1388
13,1510,1523,0.1388
14,1518,1532,0.1388
13,1520,1533,0.1388
14,1514,1528,0.1388
14,1513,1527,0.1388
15,1503,1518,0.1388
16,1509,1525,0.1388
17,1488,1505,0.1388
16,1493,1509,0.1388
16,1496,1512,0.1388
16,1500,1516,0.1388
17,1501,1518,0.1388
17,1490,1507,0.1388
17,1477,1494,0.1388
18,1498,1516,0.1388
18,1497,1515,0.1388
18,1505,1523,0.1388
18,1499,1517,0.1388
18,1498,1516,0.1388
19,1496,1515,0.1388
19,1505,1524,0.1388
18,1507,1525,0.1388
18,1518,1536,0.1388
19,1507,1526,0.1388
18,1502,1520,0.1388
17,1501,1518,0.1388
17,1510,1527,0.1388
16,1518,1534,0.1388
16,1512,1528,0.1388
17,1520,1537,0.1388
18,1514,1532,0.1388
18,1504,1522,0.1388
17,1498,1515,0.1388
17,1508,1525,0.1388
17,1505,1522,0.1388
16,1496,1512,0.1388
15,1508,1523,0.1388
15,1502,1517,0.1388
14,1500,1514,0.1388
14,1502,1516,0.1388
14,1490,1504,0.1388
15,1508,1523,0.1388
15,1528,1543,0.1388
15,1513,1528,0.1388
15,1497,1512,0.1388
15,1500,1515,0.1388
15,1495,1510,0.1388
15,1499,1514,0.1388
15,1500,1515,0.1388
15,1497,1512,0.1388
13,1499,1512,0.1388
13,1493,1506,0.1388
14,1497,1511,0.1388
14,1507,1521,0.1388
15,1497,1512,0.1388
16,1505,1521,0.1388
18,1503,1521,0.1388
18,1507,1525,0.1388
19,1502,1521,0.1388
19,1505,1524,0.1388
20,1503,1523,0.1388
20,1508,1528,0.1388
20,1495,1515,0.1388
20,1493,1513,0.1388
21,1488,1509,0.1388
20,1489,1509,0.1388
19,1493,1512,0.1388
20,1493,1513,0.1388
20,1492,1512,0.1388
20,1484,1504,0.1388
20,1480,1500,0.1388
20,1481,1501,0.1388
19,1489,1508,0.1388
19,1488,1507,0.1388
19,1482,1501,0.1388
19,1475,1494,0.1388
18,1470,1488,0.1388
19,1488,1507,0.1388
19,1506,1525,0.1388
19,1509,1528,0.1388
20,1505,1525,0.1388
20,1501,1521,0.1388
19,1505,1524,0.1388
18,1505,1523,0.1388
18,1517,1535,0.1388
18,1504,1522,0.1388
18,1500,1518,0.1388
16,1509,1525,0.1388
15,1511,1526,0.1388
14,1509,1523,0.1388
14,1513,1527,0.1388
14,1521,1535,0.1388
14,1519,1533,0.1388
14,1510,1524,0.1388
13,1509,1522,0.1388
14,1500,1514,0.1388
14,1486,1500,0.1388
14,1487,1501,0.1388
14,1494,1508,0.1388
14,1498,1512,0.1388
14,1505,1519,0.1388
15,1497,1512,0.1388
15,1493,1508,0.1388
14,1518,1532,0.1388
14,1512,1526,0.1388
14,1512,1526,0.1388
12,1520,1532,0.1388
12,1518,1530,0.1388
14,1523,1537,0.1388
14,1513,1527,0.1388
14,1516,1530,0.1388
14,1503,1517,0.1388
13,1504,1517,0.1388
13,1499,1512,0.1388
13,1479,1492,0.1388
13,1490,1503,0.1388
12,1506,1518,0.1388
12,1524,1536,0.1388
12,1518,1530,0.1388
11,1502,1513,0.1388
11,1508,1519,0.1388
11,1502,1513,0.1388
11,1505,1516,0.1388
12,1496,1508,0.1388
12,1492,1504,0.1388
12,1491,1503,0.1388
12,1492,1504,0.1388
10,1493,1503,0.1388
10,1502,1512,0.1388
10,1510,1520,0.1388
10,1501,1511,0.1388
10,1492,1502,0.1388
10,1512,1522,0.1388
10,1500,1510,0.1388
10,1510,1520,0.1388
10,1527,1537,0.1388
10,1522,1532,0.1388
11,1501,1512,0.1388
10,1510,1520,0.1388
9,1511,1520,0.1388
9,1511,1520,0.1388
9,1511,1520,0.1388
10,1508,1518,0.1388
11,1501,1512,0.1388
11,1500,1511,0.1388
11,1501,1512,0.1388
10,1499,1509,0.1388
10,1515,1525,0.1388
10,1515,1525,0.1388
7,1504,1511,0.1388
7,1502,1509,0.1388
7,1503,1510,0.1388
8,1512,1520,0.1388
7,1507,1514,0.1388
6,1520,1526,0.1388
6,1517,1523,0.1388
6,1515,1521,0.1388
6,1512,1518,0.1388
5,1518,1523,0.1388
5,1517,1522,0.1388
5,1519,1524,0.1388
5,1519,1524,0.1388
5,1503,1508,0.1388
5,1511,1516,0.1388
4,1510,1514,0.1388
4,1503,1507,0.1388
4,1506,1510,0.1388
4,1516,1520,0.1388
4,1507,1511,0.1388
3,1507,1510,0.1388
3,1516,1519,0.1388
3,1511,1514,0.1388
3,1507,1510,0.1388
3,1511,1514,0.1388
3,1512,1515,0.1388
3,1524,1527,0.1388
3,1514,1517,0.1388
3,1525,1528,0.1388
3,1531,1534,0.1388
3,1522,1525,0.1388
3,1519,1522,0.1388
3,1515,1518,0.1388
3,1531,1534,0.1388
3,1524,1527,0.1388
3,1520,1523,0.1388
3,1509,1512,0.1388
3,1514,1517,0.1388
3,1518,1521,0.1388
3,1522,1525,0.1388
3,1535,1538,0.1388
3,1535,1538,0.1388
3,1517,1520,0.1388
3,1512,1515,0.1388
3,1525,1528,0.1388
3,1527,1530,0.1388
3,1532,1535,0.1388
3,1528,1531,0.1388
4,1528,1532,0.1388
4,1518,1522,0.1388
4,1526,1530,0.1388
4,1524,1528,0.1388
4,1516,1520,0.1388
4,1515,1519,0.1388
4,1519,1523,0.1388
4,1522,1526,0.1388
4,1516,1520,0.1388
3,1495,1498,0.1388
3,1502,1505,0.1388
3,1518,1521,0.1388
3,1532,1535,0.1388
3,1520,1523,0.1388
3,1510,1513,0.1388
3,1512,1515,0.1388
3,1506,1509,0.1388
3,1508,1511,0.1388
3,1526,1529,0.1388
3,1527,1530,0.1388
3,1516,1519,0.1388
3,1512,1515,0.1388
3,1514,1517,0.1388
3,1513,1516,0.1388
4,1519,1523,0.1388
4,1518,1522,0.1388
4,1514,1518,0.1388
4,1509,1513,0.1388
4,1518,1522,0.1388
4,1516,1520,0.1388
4,1512,1516,0.1388
4,1522,1526,0.1388
4,1506,1510,0.1388
4,1505,1509,0.1388
3,1503,1506,0.1388
3,1499,1502,0.1388
3,1514,1517,0.1388
3,1515,1518,0.1388
3,1504,1507,0.1388
3,1503,1506,0.1388
3,1512,1515,0.1388
3,1513,1516,0.1388
3,1506,1509,0.1388
3,1512,1515,0.1388
3,1512,1515,0.1388
3,1506,1509,0.1388
3,1518,1521,0.1388
3,1514,1517,0.1388
3,1509,1512,0.1388
3,1519,1522,0.1388
3,1515,1518,0.1388
3,1520,1523,0.1388
3,1530,1533,0.1388
3,1524,1527,0.1388
4,1513,1517,0.1388
4,1515,1519,0.1388
3,1513,1516,0.1388
3,1523,1526,0.1388
3,1517,1520,0.1388
4,1514,1518,0.1388
4,1514,1518,0.1388
4,1510,1514,0.1388
4,1508,1512,0.1388
4,1505,1509,0.1388
4,1506,1510,0.1388
4,1526,1530,0.1388
5,1526,1531,0.1388
5,1516,1521,0.1388
5,1513,1518,0.1388
4,1502,1506,0.1388
4,1507,1511,0.1388
4,1495,1499,0.1388
4,1494,1498,0.1388
4,1496,1500,0.1388
4,1500,1504,0.1388
4,1508,1512,0.1388
3,1510,1513,0.1388
3,1518,1521,0.1388
3,1509,1512,0.1388
3,1505,1508,0.1388
3,1517,1520,0.1388
3,1502,1505,0.1388
3,1506,1509,0.1388
3,1512,1515,0.1388
3,1518,1521,0.1388
3,1513,1516,0.1388
4,1524,1528,0.1388
4,1519,1523,0.1388
4,1515,1519,0.1388
5,1520,1525,0.1388
4,1516,1520,0.1388
4,1503,1507,0.1388
4,1511,1515,0.1388
4,1524,1528,0.1388
4,1528,1532,0.1388
4,1523,1527,0.1388
3,1515,1518,0.1388
3,1510,1513,0.1388
2,1508,1510,0.1388
1,1513,1514,0.1388
1,1519,1520,0.1388
1,1513,1514,0.1388
1,1515,1516,0.1388
1,1510,1511,0.1388
1,1518,1519,0.1388
1,1517,1518,0.1388
1,1507,1508,0.1388
1,1513,1514,0.1388
2,1520,1522,0.1388
2,1519,1521,0.1388
2,1520,1522,0.1388
2,1513,1515,0.1388
2,1509,1511,0.1388
2,1512,1514,0.1388
2,1502,1504,0.1388
2,1513,1515,0.1388
2,1513,1515,0.1388
2,1521,1523,0.1388
2,1514,1516,0.1388
2,1515,1517,0.1388
2,1510,1512,0.1388
2,1509,1511,0.1388
2,1506,1508,0.1388
2,1528,1530,0.1388
2,1526,1528,0.1388
2,1519,1521,0.1388
2,1511,1513,0.1388
2,1512,1514,0.1388
2,1505,1507,0.1388
2,1499,1501,0.1388
2,1493,1495,0.1388
2,1503,1505,0.1388
1,1499,1500,0.1388
1,1519,1520,0.1388
1,1533,1534,0.1388
1,1523,1524,0.1388
1,1511,1512,0.1388
1,1511,1512,0.1388
1,1513,1514,0.1388
1,1514,1515,0.1388
1,1510,1511,0.1388
1,1522,1523,0.1388
1,1507,1508,0.1388
1,1510,1511,0.1388
1,1509,1510,0.1388
1,1530,1531,0.1388
1,1528,1529,0.1388
1,1513,1514,0.1388
1,1519,1520,0.1388
1,1524,1525,0.1388
1,1526,1527,0.1388
1,1522,1523,0.1388
1,1521,1522,0.1388
1,1509,1510,0.1388
1,1507,1508,0.1388
1,1509,1510,0.1388
1,1506,1507,0.1388
1,1500,1501,0.1388
1,1500,1501,0.1388
1,1524,1525,0.1388
1,1522,1523,0.1388
1,1511,1512,0.1388
1,1506,1507,0.1388
2,1509,1511,0.1388
2,1515,1517,0.1388
1,1511,1512,0.1388
1,1515,1516,0.1388
1,1512,1513,0.1388
1,1514,1515,0.1388
1,1513,1514,0.1388
1,1501,1502,0.1388
1,1518,1519,0.1388
0,1521,1521,0.1388
