1371,28,1399,0.1388
1402,28,1430,0.1388
1435,29,1464,0.1388
1440,31,1471,0.1388
1444,31,1475,0.1388
1464,30,1494,0.1388
1445,30,1475,0.1388
1449,30,1479,0.1388
1461,29,1490,0.1388
1454,28,1482,0.1388
1463,30,1493,0.1388
1470,34,1504,0.1388
1471,37,1508,0.1388
1459,38,1497,0.1388
1460,38,1498,0.1388
1460,40,1500,0.1388
1452,41,1493,0.1388
1446,41,1487,0.1388
1454,43,1497,0.1388
1452,41,1493,0.1388
1450,40,1490,0.1388
1456,43,1499,0.1388
1448,42,1490,0.1388
1451,42,1493,0.1388
1452,42,1494,0.1388
1450,41,1491,0.1388
1455,43,1498,0.1388
1463,42,1505,0.1388
1459,41,1500,0.1388
1457,43,1500,0.1388
1460,42,1502,0.1388
1456,41,1497,0.1388
1460,41,1501,0.1388
1454,39,1493,0.1388
1463,41,1504,0.1388
1468,43,1511,0.1388
1448,44,1492,0.1388
1447,43,1490,0.1388
1438,47,1485,0.1388
1445,47,1492,0.1388
1450,48,1498,0.1388
1455,47,1502,0.1388
1458,46,1504,0.1388
1447,48,1495,0.1388
1439,51,1490,0.1388
1438,51,1489,0.1388
1434,50,1484,0.1388
1440,49,1489,0.1388
1440,50,1490,0.1388
1446,48,1494,0.1388
1439,48,1487,0.1388
1440,46,1486,0.1388
1445,49,1494,0.1388
1446,49,1495,0.1388
1461,50,1511,0.1388
1461,49,1510,0.1388
1448,48,1496,0.1388
1446,48,1494,0.1388
1449,51,1500,0.1388
1450,52,1502,0.1388
1448,51,1499,0.1388
1444,52,1496,0.1388
1454,52,1506,0.1388
1456,54,1510,0.1388
1454,53,1507,0.1388
1458,52,1510,0.1388
1442,54,1496,0.1388
1457,53,1510,0.1388
1445,51,1496,0.1388
1443,52,1495,0.1388
1442,53,1495,0.1388
1438,54,1492,0.1388
1436,56,1492,0.1388
1432,55,1487,0.1388
1420,59,1479,0.1388
1430,62,1492,0.1388
1423,61,1484,0.1388
1429,60,1489,0.1388
1425,59,1484,0.1388
1432,59,1491,0.1388
1424,65,1489,0.1388
1433,65,1498,0.1388
1418,64,1482,0.1388
1416,67,1483,0.1388
1427,66,1493,0.1388
1420,65,1485,0.1388
1436,60,1496,0.1388
1429,61,1490,0.1388
1437,59,1496,0.1388
1447,60,1507,0.1388
1445,57,1502,0.1388
1452,54,1506,0.1388
1444,56,1500,0.1388
1441,61,1502,0.1388
1434,62,1496,0.1388
1425,64,1489,0.1388
1430,60,1490,0.1388
1427,58,1485,0.1388
1429,60,1489,0.1388
1431,56,1487,0.1388
1421,58,1479,0.1388
1443,60,1503,0.1388
1434,61,1495,0.1388
1417,59,1476,0.1388
1417,59,1476,0.1388
1423,62,1485,0.1388
1418,66,1484,0.1388
1426,70,1496,0.1388
1419,71,1490,0.1388
1408,69,1477,0.1388
1429,69,1498,0.1388
1431,68,1499,0.1388
1427,69,1496,0.1388
1422,66,1488,0.1388
1422,67,1489,0.1388
1422,66,1488,0.1388
1425,69,1494,0.1388
1425,66,1491,0.1388
1425,69,1494,0.1388
1412,70,1482,0.1388
1422,70,1492,0.1388
1422,72,1494,0.1388
1419,70,1489,0.1388
1415,71,1486,0.1388
1420,72,1492,0.1388
1418,73,1491,0.1388
1415,78,1493,0.1388
1407,79,1486,0.1388
1411,77,1488,0.1388
1411,75,1486,0.1388
1407,73,1480,0.1388
1430,71,1501,0.1388
1421,72,1493,0.1388
1413,72,1485,0.1388
1412,74,1486,0.1388
1417,76,1493,0.1388
1426,76,1502,0.1388
1427,76,1503,0.1388
1430,74,1504,0.1388
1432,74,1506,0.1388
1424,73,1497,0.1388
1413,70,1483,0.1388
1410,70,1480,0.1388
1423,70,1493,0.1388
1418,73,1491,0.1388
1407,75,1482,0.1388
1406,73,1479,0.1388
1417,74,1491,0.1388
1411,74,1485,0.1388
1420,74,1494,0.1388
1411,76,1487,0.1388
1409,74,1483,0.1388
1416,77,1493,0.1388
1415,79,1494,0.1388
1405,83,1488,0.1388
1405,83,1488,0.1388
1415,84,1499,0.1388
1415,82,1497,0.1388
1432,86,1518,0.1388
1418,83,1501,0.1388
1422,86,1508,0.1388
1417,86,1503,0.1388
1414,82,1496,0.1388
1401,86,1487,0.1388
1399,90,1489,0.1388
1398,90,1488,0.1388
1404,93,1497,0.1388
1404,97,1501,0.1388
1405,93,1498,0.1388
1392,89,1481,0.1388
1397,92,1489,0.1388
1397,92,1489,0.1388
1411,95,1506,0.1388
1411,97,1508,0.1388
1421,95,1516,0.1388
1423,93,1516,0.1388
1415,94,1509,0.1388
1410,95,1505,0.1388
1414,95,1509,0.1388
1421,91,1512,0.1388
1417,90,1507,0.1388
1406,93,1499,0.1388
1405,94,1499,0.1388
1396,92,1488,0.1388
1386,91,1477,0.1388
1393,91,1484,0.1388
1403,92,1495,0.1388
1407,96,1503,0.1388
1402,97,1499,0.1388
1390,92,1482,0.1388
1394,95,1489,0.1388
1385,97,1482,0.1388
1392,97,1489,0.1388
1398,96,1494,0.1388
1412,99,1511,0.1388
1415,97,1512,0.1388
1403,98,1501,0.1388
1397,97,1494,0.1388
1382,103,1485,0.1388
1381,106,1487,0.1388
1376,103,1479,0.1388
1365,104,1469,0.1388
1381,107,1488,0.1388
1380,106,1486,0.1388
1372,105,1477,0.1388
1372,106,1478,0.1388
1369,114,1483,0.1388
1366,113,1479,0.1388
1366,112,1478,0.1388
1389,109,1498,0.1388
1396,106,1502,0.1388
1393,106,1499,0.1388
1388,104,1492,0.1388
1377,104,1481,0.1388
1371,103,1474,0.1388
1374,107,1481,0.1388
1395,110,1505,0.1388
1393,109,1502,0.1388
1398,106,1504,0.1388
1395,107,1502,0.1388
1401,104,1505,0.1388
1397,104,1501,0.1388
1393,103,1496,0.1388
1394,105,1499,0.1388
1393,105,1498,0.1388
1395,105,1500,0.1388
1399,102,1501,0.1388
1396,108,1504,0.1388
1387,108,1495,0.1388
1385,106,1491,0.1388
1396,112,1508,0.1388
1395,110,1505,0.1388
1392,107,1499,0.1388
1389,102,1491,0.1388
1401,101,1502,0.1388
1390,102,1492,0.1388
1386,102,1488,0.1388
1394,107,1501,0.1388
1381,108,1489,0.1388
1383,108,1491,0.1388
1381,109,1490,0.1388
1388,110,1498,0.1388
1379,113,1492,0.1388
1383,112,1495,0.1388
1378,114,1492,0.1388
1379,119,1498,0.1388
1389,119,1508,0.1388
1379,115,1494,0.1388
1383,114,1497,0.1388
1385,113,1498,0.1388
1385,114,1499,0.1388
1395,115,1510,0.1388
1383,117,1500,0.1388
1376,120,1496,0.1388
1366,119,1485,0.1388
1356,119,1475,0.1388
1353,118,1471,0.1388
1371,119,1490,0.1388
1368,122,1490,0.1388
1372,123,1495,0.1388
1362,127,1489,0.1388
1368,127,1495,0.1388
1372,127,1499,0.1388
1372,125,1497,0.1388
1373,124,1497,0.1388
1382,122,1504,0.1388
1373,129,1502,0.1388
1370,130,1500,0.1388
1363,132,1495,0.1388
1368,130,1498,0.1388
1351,133,1484,0.1388
1347,133,1480,0.1388
1341,131,1472,0.1388
1344,131,1475,0.1388
1345,133,1478,0.1388
1354,128,1482,0.1388
1344,132,1476,0.1388
1357,141,1498,0.1388
1359,140,1499,0.1388
1363,140,1503,0.1388
1366,142,1508,0.1388
1357,139,1496,0.1388
1349,139,1488,0.1388
1338,138,1476,0.1388
1349,138,1487,0.1388
1342,136,1478,0.1388
1336,134,1470,0.1388
1338,137,1475,0.1388
1348,143,1491,0.1388
1355,138,1493,0.1388
1361,137,1498,0.1388
1371,136,1507,0.1388
1357,137,1494,0.1388
1360,133,1493,0.1388
1348,133,1481,0.1388
1356,134,1490,0.1388
1365,137,1502,0.1388
1364,140,1504,0.1388
1360,138,1498,0.1388
1349,136,1485,0.1388
1355,137,1492,0.1388
1352,140,1492,0.1388
1350,142,1492,0.1388
1352,142,1494,0.1388
1350,140,1490,0.1388
1365,140,1505,0.1388
1365,140,1505,0.1388
1367,145,1512,0.1388
1359,143,1502,0.1388
1362,143,1505,0.1388
1357,147,1504,0.1388
1366,146,1512,0.1388
1366,149,1515,0.1388
1358,148,1506,0.1388
1355,151,1506,0.1388
1344,151,1495,0.1388
1333,149,1482,0.1388
1326,150,1476,0.1388
1332,150,1482,0.1388
1342,153,1495,0.1388
1332,153,1485,0.1388
1332,159,1491,0.1388
1338,155,1493,0.1388
1346,152,1498,0.1388
1340,153,1493,0.1388
1340,151,1491,0.1388
1348,154,1502,0.1388
1347,157,1504,0.1388
1353,158,1511,0.1388
1352,161,1513,0.1388
1344,163,1507,0.1388
1331,160,1491,0.1388
1335,156,1491,0.1388
1334,156,1490,0.1388
1336,159,1495,0.1388
1335,164,1499,0.1388
1328,160,1488,0.1388
1327,162,1489,0.1388
1340,162,1502,0.1388
1342,164,1506,0.1388
1339,162,1501,0.1388
1341,160,1501,0.1388
1337,164,1501,0.1388
1338,167,1505,0.1388
1340,166,1506,0.1388
1334,165,1499,0.1388
1330,163,1493,0.1388
1327,160,1487,0.1388
1343,162,1505,0.1388
1357,164,1521,0.1388
1346,160,1506,0.1388
1348,159,1507,0.1388
1339,156,1495,0.1388
1337,159,1496,0.1388
1334,164,1498,0.1388
1337,168,1505,0.1388
1330,167,1497,0.1388
1330,163,1493,0.1388
1316,168,1484,0.1388
1305,169,1474,0.1388
1301,169,1470,0.1388
1298,179,1477,0.1388
1308,173,1481,0.1388
1323,169,1492,0.1388
1320,170,1490,0.1388
1310,173,1483,0.1388
1306,181,1487,0.1388
1311,183,1494,0.1388
1303,186,1489,0.1388
1306,189,1495,0.1388
1301,184,1485,0.1388
1313,183,1496,0.1388
1311,187,1498,0.1388
1306,187,1493,0.1388
1309,195,1504,0.1388
1297,190,1487,0.1388
1302,186,1488,0.1388
1304,186,1490,0.1388
1297,189,1486,0.1388
1296,192,1488,0.1388
1306,195,1501,0.1388
1313,194,1507,0.1388
1307,192,1499,0.1388
1301,192,1493,0.1388
1304,195,1499,0.1388
1300,194,1494,0.1388
1304,206,1510,0.1388
1314,198,1512,0.1388
1318,198,1516,0.1388
1308,200,1508,0.1388
1311,197,1508,0.1388
1299,194,1493,0.1388
1299,196,1495,0.1388
1302,198,1500,0.1388
1286,194,1480,0.1388
1294,194,1488,0.1388
1300,194,1494,0.1388
1292,198,1490,0.1388
1295,206,1501,0.1388
1282,212,1494,0.1388
1298,210,1508,0.1388
1293,210,1503,0.1388
1282,214,1496,0.1388
1289,216,1505,0.1388
1285,218,1503,0.1388
1285,220,1505,0.1388
1293,222,1515,0.1388
1284,224,1508,0.1388
1287,225,1512,0.1388
1283,228,1511,0.1388
1279,223,1502,0.1388
1292,217,1509,0.1388
1289,219,1508,0.1388
1286,218,1504,0.1388
1292,211,1503,0.1388
1281,211,1492,0.1388
1287,216,1503,0.1388
1288,218,1506,0.1388
1281,226,1507,0.1388
1280,226,1506,0.1388
1282,224,1506,0.1388
1274,223,1497,0.1388
1276,227,1503,0.1388
1272,222,1494,0.1388
1276,228,1504,0.1388
1276,226,1502,0.1388
1267,228,1495,0.1388
1270,227,1497,0.1388
1267,226,1493,0.1388
1272,230,1502,0.1388
1272,231,1503,0.1388
1278,234,1512,0.1388
1276,231,1507,0.1388
1273,236,1509,0.1388
1262,235,1497,0.1388
1263,241,1504,0.1388
1247,246,1493,0.1388
1235,241,1476,0.1388
1240,241,1481,0.1388
1249,247,1496,0.1388
1266,243,1509,0.1388
1259,248,1507,0.1388
1258,247,1505,0.1388
1251,251,1502,0.1388
1253,252,1505,0.1388
1244,250,1494,0.1388
1242,250,1492,0.1388
1239,249,1488,0.1388
1243,248,1491,0.1388
1241,254,1495,0.1388
1235,245,1480,0.1388
1238,245,1483,0.1388
1229,251,1480,0.1388
1228,252,1480,0.1388
1223,256,1479,0.1388
1225,252,1477,0.1388
1223,259,1482,0.1388
1226,252,1478,0.1388
1226,256,1482,0.1388
1225,253,1478,0.1388
1226,257,1483,0.1388
1233,260,1493,0.1388
1242,259,1501,0.1388
1235,263,1498,0.1388
1234,268,1502,0.1388
1234,271,1505,0.1388
1238,271,1509,0.1388
1233,279,1512,0.1388
1216,281,1497,0.1388
1224,286,1510,0.1388
1229,283,1512,0.1388
1224,285,1509,0.1388
1215,284,1499,0.1388
1222,286,1508,0.1388
1225,283,1508,0.1388
1209,282,1491,0.1388
1200,285,1485,0.1388
1202,286,1488,0.1388
1221,288,1509,0.1388
1216,286,1502,0.1388
1205,285,1490,0.1388
1215,286,1501,0.1388
1208,290,1498,0.1388
1217,284,1501,0.1388
1227,287,1514,0.1388
1228,284,1512,0.1388
1223,280,1503,0.1388
1212,279,1491,0.1388
1215,280,1495,0.1388
1211,286,1497,0.1388
1206,284,1490,0.1388
1211,278,1489,0.1388
1205,280,1485,0.1388
1203,286,1489,0.1388
1198,288,1486,0.1388
1214,288,1502,0.1388
1221,284,1505,0.1388
1209,287,1496,0.1388
1216,282,1498,0.1388
1222,276,1498,0.1388
1227,275,1502,0.1388
1225,276,1501,0.1388
1230,277,1507,0.1388
1231,282,1513,0.1388
1221,274,1495,0.1388
1209,273,1482,0.1388
1215,280,1495,0.1388
1198,281,1479,0.1388
1198,280,1478,0.1388
1198,282,1480,0.1388
1185,280,1465,0.1388
1177,290,1467,0.1388
1188,297,1485,0.1388
1202,297,1499,0.1388
1202,295,1497,0.1388
1203,295,1498,0.1388
1206,292,1498,0.1388
1207,297,1504,0.1388
1201,300,1501,0.1388
1200,301,1501,0.1388
1200,295,1495,0.1388
1208,292,1500,0.1388
1207,295,1502,0.1388
1206,297,1503,0.1388
1205,300,1505,0.1388
1210,299,1509,0.1388
1194,294,1488,0.1388
1182,301,1483,0.1388
1190,302,1492,0.1388
1199,305,1504,0.1388
1203,306,1509,0.1388
1199,310,1509,0.1388
1198,311,1509,0.1388
1199,311,1510,0.1388
1208,315,1523,0.1388
1208,306,1514,0.1388
1209,303,1512,0.1388
1207,305,1512,0.1388
1202,310,1512,0.1388
1202,309,1511,0.1388
1196,306,1502,0.1388
1195,308,1503,0.1388
1190,308,1498,0.1388
1203,308,1511,0.1388
1208,311,1519,0.1388
1199,311,1510,0.1388
1200,309,1509,0.1388
1210,309,1519,0.1388
1190,311,1501,0.1388
1185,312,1497,0.1388
1186,316,1502,0.1388
1176,315,1491,0.1388
1177,316,1493,0.1388
1184,313,1497,0.1388
1182,315,1497,0.1388
1170,317,1487,0.1388
1180,320,1500,0.1388
1180,321,1501,0.1388
1167,321,1488,0.1388
1174,323,1497,0.1388
1179,330,1509,0.1388
1183,334,1517,0.1388
1184,337,1521,0.1388
1174,332,1506,0.1388
1166,332,1498,0.1388
1165,340,1505,0.1388
1164,332,1496,0.1388
1174,339,1513,0.1388
1166,337,1503,0.1388
1165,336,1501,0.1388
1162,339,1501,0.1388
1152,342,1494,0.1388
1156,341,1497,0.1388
1145,339,1484,0.1388
1145,340,1485,0.1388
1143,334,1477,0.1388
1146,330,1476,0.1388
1153,343,1496,0.1388
1149,345,1494,0.1388
1156,349,1505,0.1388
1150,344,1494,0.1388
1165,348,1513,0.1388
1154,351,1505,0.1388
1161,347,1508,0.1388
1148,351,1499,0.1388
1152,352,1504,0.1388
1158,352,1510,0.1388
1160,363,1523,0.1388
1147,366,1513,0.1388
1136,365,1501,0.1388
1143,362,1505,0.1388
1151,359,1510,0.1388
1144,360,1504,0.1388
1136,363,1499,0.1388
1138,360,1498,0.1388
1125,365,1490,0.1388
1127,365,1492,0.1388
1130,367,1497,0.1388
1136,361,1497,0.1388
1139,363,1502,0.1388
1135,363,1498,0.1388
1132,368,1500,0.1388
1120,366,1486,0.1388
1128,361,1489,0.1388
1129,356,1485,0.1388
1152,362,1514,0.1388
1150,366,1516,0.1388
1147,366,1513,0.1388
1144,367,1511,0.1388
1131,366,1497,0.1388
1130,362,1492,0.1388
1116,373,1489,0.1388
1115,368,1483,0.1388
1113,370,1483,0.1388
1122,368,1490,0.1388
1119,364,1483,0.1388
1127,367,1494,0.1388
1128,376,1504,0.1388
1137,370,1507,0.1388
1144,374,1518,0.1388
1131,375,1506,0.1388
1136,381,1517,0.1388
1134,384,1518,0.1388
1127,377,1504,0.1388
1122,372,1494,0.1388
1115,381,1496,0.1388
1090,379,1469,0.1388
1084,382,1466,0.1388
1091,383,1474,0.1388
1096,380,1476,0.1388
1109,385,1494,0.1388
1098,380,1478,0.1388
1103,377,1480,0.1388
1102,384,1486,0.1388
1094,392,1486,0.1388
1089,395,1484,0.1388
1088,390,1478,0.1388
1090,393,1483,0.1388
1105,390,1495,0.1388
1105,381,1486,0.1388
1103,380,1483,0.1388
1099,382,1481,0.1388
1095,382,1477,0.1388
1094,387,1481,0.1388
1086,389,1475,0.1388
1101,392,1493,0.1388
1098,396,1494,0.1388
1105,402,1507,0.1388
1105,397,1502,0.1388
1103,398,1501,0.1388
1108,397,1505,0.1388
1098,399,1497,0.1388
1101,405,1506,0.1388
1097,410,1507,0.1388
1091,422,1513,0.1388
1086,426,1512,0.1388
1083,423,1506,0.1388
1085,422,1507,0.1388
1076,423,1499,0.1388
1064,425,1489,0.1388
1061,426,1487,0.1388
1067,424,1491,0.1388
1070,426,1496,0.1388
1071,434,1505,0.1388
1066,438,1504,0.1388
1052,444,1496,0.1388
1059,446,1505,0.1388
1067,447,1514,0.1388
1066,448,1514,0.1388
1056,447,1503,0.1388
1066,450,1516,0.1388
1070,448,1518,0.1388
1067,447,1514,0.1388
1063,451,1514,0.1388
1053,441,1494,0.1388
1046,443,1489,0.1388
1049,441,1490,0.1388
1054,441,1495,0.1388
1056,435,1491,0.1388
1064,438,1502,0.1388
1047,443,1490,0.1388
1037,451,1488,0.1388
1040,454,1494,0.1388
1049,456,1505,0.1388
1043,460,1503,0.1388
1047,465,1512,0.1388
1040,467,1507,0.1388
1024,470,1494,0.1388
1039,472,1511,0.1388
1025,468,1493,0.1388
1023,470,1493,0.1388
1024,469,1493,0.1388
1028,476,1504,0.1388
1035,475,1510,0.1388
1031,475,1506,0.1388
1029,471,1500,0.1388
1027,476,1503,0.1388
1026,479,1505,0.1388
1019,477,1496,0.1388
1014,471,1485,0.1388
1019,472,1491,0.1388
1028,474,1502,0.1388
1030,476,1506,0.1388
1032,480,1512,0.1388
1026,477,1503,0.1388
1035,475,1510,0.1388
1030,478,1508,0.1388
1018,485,1503,0.1388
1017,488,1505,0.1388
1017,490,1507,0.1388
1013,483,1496,0.1388
1011,488,1499,0.1388
1008,490,1498,0.1388
1002,498,1500,0.1388
997,512,1509,0.1388
988,501,1489,0.1388
998,495,1493,0.1388
994,498,1492,0.1388
999,493,1492,0.1388
1001,500,1501,0.1388
999,498,1497,0.1388
1005,490,1495,0.1388
1006,495,1501,0.1388
1010,500,1510,0.1388
1013,505,1518,0.1388
1023,504,1527,0.1388
1019,500,1519,0.1388
1011,496,1507,0.1388
1018,493,1511,0.1388
1015,491,1506,0.1388
1015,498,1513,0.1388
1010,488,1498,0.1388
1007,496,1503,0.1388
1010,504,1514,0.1388
1014,497,1511,0.1388
1007,507,1514,0.1388
1014,500,1514,0.1388
1015,508,1523,0.1388
1001,513,1514,0.1388
996,513,1509,0.1388
989,518,1507,0.1388
986,516,1502,0.1388
979,525,1504,0.1388
978,525,1503,0.1388
986,520,1506,0.1388
985,529,1514,0.1388
981,531,1512,0.1388
975,531,1506,0.1388
973,529,1502,0.1388
967,536,1503,0.1388
983,538,1521,0.1388
976,532,1508,0.1388
974,524,1498,0.1388
974,523,1497,0.1388
971,522,1493,0.1388
977,521,1498,0.1388
968,516,1484,0.1388
973,515,1488,0.1388
970,517,1487,0.1388
964,514,1478,0.1388
969,517,1486,0.1388
962,532,1494,0.1388
966,529,1495,0.1388
971,526,1497,0.1388
970,527,1497,0.1388
966,526,1492,0.1388
970,539,1509,0.1388
976,540,1516,0.1388
978,536,1514,0.1388
964,534,1498,0.1388
967,536,1503,0.1388
955,534,1489,0.1388
951,532,1483,0.1388
948,534,1482,0.1388
950,538,1488,0.1388
954,538,1492,0.1388
961,550,1511,0.1388
957,548,1505,0.1388
955,544,1499,0.1388
970,545,1515,0.1388
961,551,1512,0.1388
953,548,1501,0.1388
956,547,1503,0.1388
962,539,1501,0.1388
961,539,1500,0.1388
963,540,1503,0.1388
956,538,1494,0.1388
956,550,1506,0.1388
970,547,1517,0.1388
958,552,1510,0.1388
952,550,1502,0.1388
946,554,1500,0.1388
946,548,1494,0.1388
949,551,1500,0.1388
952,555,1507,0.1388
957,555,1512,0.1388
948,557,1505,0.1388
947,551,1498,0.1388
945,551,1496,0.1388
945,554,1499,0.1388
955,558,1513,0.1388
946,561,1507,0.1388
952,561,1513,0.1388
952,562,1514,0.1388
943,555,1498,0.1388
936,551,1487,0.1388
929,551,1480,0.1388
940,561,1501,0.1388
950,557,1507,0.1388
951,562,1513,0.1388
951,561,1512,0.1388
946,559,1505,0.1388
940,553,1493,0.1388
951,559,1510,0.1388
939,555,1494,0.1388
930,558,1488,0.1388
934,557,1491,0.1388
930,572,1502,0.1388
928,573,1501,0.1388
934,569,1503,0.1388
939,572,1511,0.1388
941,572,1513,0.1388
932,576,1508,0.1388
930,574,1504,0.1388
923,575,1498,0.1388
915,569,1484,0.1388
920,575,1495,0.1388
924,581,1505,0.1388
922,585,1507,0.1388
932,576,1508,0.1388
934,574,1508,0.1388
917,577,1494,0.1388
919,586,1505,0.1388
910,596,1506,0.1388
913,598,1511,0.1388
919,594,1513,0.1388
919,592,1511,0.1388
915,592,1507,0.1388
914,592,1506,0.1388
917,589,1506,0.1388
916,598,1514,0.1388
908,587,1495,0.1388
909,592,1501,0.1388
909,589,1498,0.1388
912,595,1507,0.1388
910,597,1507,0.1388
918,597,1515,0.1388
921,590,1511,0.1388
914,599,1513,0.1388
915,600,1515,0.1388
914,599,1513,0.1388
909,599,1508,0.1388
913,599,1512,0.1388
906,600,1506,0.1388
908,588,1496,0.1388
920,587,1507,0.1388
914,581,1495,0.1388
912,582,1494,0.1388
914,582,1496,0.1388
921,585,1506,0.1388
922,583,1505,0.1388
918,580,1498,0.1388
917,575,1492,0.1388
916,577,1493,0.1388
925,577,1502,0.1388
930,574,1504,0.1388
930,572,1502,0.1388
936,572,1508,0.1388
936,577,1513,0.1388
938,583,1521,0.1388
931,575,1506,0.1388
934,579,1513,0.1388
940,571,1511,0.1388
937,573,1510,0.1388
937,570,1507,0.1388
930,571,1501,0.1388
935,571,1506,0.1388
928,583,1511,0.1388
920,584,1504,0.1388
926,581,1507,0.1388
924,572,1496,0.1388
924,571,1495,0.1388
930,576,1506,0.1388
929,573,1502,0.1388
934,578,1512,0.1388
932,574,1506,0.1388
918,570,1488,0.1388
922,572,1494,0.1388
913,579,1492,0.1388
917,579,1496,0.1388
915,579,1494,0.1388
922,576,1498,0.1388
909,581,1490,0.1388
914,574,1488,0.1388
909,584,1493,0.1388
903,584,1487,0.1388
901,593,1494,0.1388
893,593,1486,0.1388
890,594,1484,0.1388
893,608,1501,0.1388
886,610,1496,0.1388
887,610,1497,0.1388
872,622,1494,0.1388
879,625,1504,0.1388
867,628,1495,0.1388
876,618,1494,0.1388
879,623,1502,0.1388
877,633,1510,0.1388
873,633,1506,0.1388
868,633,1501,0.1388
866,636,1502,0.1388
863,632,1495,0.1388
860,642,1502,0.1388
860,641,1501,0.1388
869,644,1513,0.1388
869,650,1519,0.1388
862,653,1515,0.1388
858,668,1526,0.1388
858,661,1519,0.1388
848,660,1508,0.1388
840,662,1502,0.1388
836,657,1493,0.1388
839,659,1498,0.1388
828,662,1490,0.1388
838,667,1505,0.1388
840,660,1500,0.1388
840,670,1510,0.1388
834,682,1516,0.1388
833,679,1512,0.1388
830,681,1511,0.1388
837,677,1514,0.1388
839,680,1519,0.1388
840,673,1513,0.1388
840,676,1516,0.1388
832,689,1521,0.1388
835,689,1524,0.1388
841,687,1528,0.1388
835,687,1522,0.1388
837,684,1521,0.1388
833,680,1513,0.1388
826,687,1513,0.1388
819,676,1495,0.1388
815,676,1491,0.1388
811,672,1483,0.1388
822,671,1493,0.1388
816,688,1504,0.1388
809,685,1494,0.1388
809,689,1498,0.1388
822,678,1500,0.1388
817,679,1496,0.1388
814,676,1490,0.1388
808,676,1484,0.1388
810,679,1489,0.1388
816,679,1495,0.1388
814,675,1489,0.1388
811,670,1481,0.1388
816,677,1493,0.1388
814,680,1494,0.1388
813,677,1490,0.1388
813,682,1495,0.1388
813,694,1507,0.1388
815,697,1512,0.1388
818,696,1514,0.1388
822,704,1526,0.1388
820,708,1528,0.1388
825,701,1526,0.1388
821,695,1516,0.1388
813,684,1497,0.1388
819,684,1503,0.1388
823,687,1510,0.1388
814,691,1505,0.1388
808,697,1505,0.1388
810,688,1498,0.1388
817,692,1509,0.1388
818,697,1515,0.1388
819,680,1499,0.1388
817,675,1492,0.1388
817,685,1502,0.1388
822,687,1509,0.1388
810,689,1499,0.1388
795,698,1493,0.1388
791,694,1485,0.1388
795,702,1497,0.1388
799,708,1507,0.1388
794,702,1496,0.1388
797,696,1493,0.1388
801,706,1507,0.1388
806,694,1500,0.1388
807,685,1492,0.1388
816,685,1501,0.1388
818,689,1507,0.1388
805,688,1493,0.1388
805,697,1502,0.1388
804,701,1505,0.1388
792,706,1498,0.1388
801,713,1514,0.1388
797,718,1515,0.1388
794,715,1509,0.1388
787,711,1498,0.1388
795,718,1513,0.1388
787,720,1507,0.1388
786,715,1501,0.1388
796,720,1516,0.1388
795,717,1512,0.1388
789,723,1512,0.1388
795,713,1508,0.1388
792,714,1506,0.1388
800,717,1517,0.1388
801,713,1514,0.1388
794,708,1502,0.1388
802,710,1512,0.1388
792,712,1504,0.1388
796,716,1512,0.1388
805,711,1516,0.1388
805,710,1515,0.1388
803,709,1512,0.1388
790,710,1500,0.1388
785,712,1497,0.1388
788,718,1506,0.1388
781,720,1501,0.1388
776,727,1503,0.1388
770,726,1496,0.1388
768,730,1498,0.1388
782,725,1507,0.1388
779,733,1512,0.1388
783,729,1512,0.1388
779,735,1514,0.1388
774,738,1512,0.1388
776,741,1517,0.1388
775,744,1519,0.1388
767,746,1513,0.1388
758,751,1509,0.1388
754,754,1508,0.1388
753,746,1499,0.1388
749,754,1503,0.1388
752,758,1510,0.1388
750,761,1511,0.1388
752,751,1503,0.1388
749,754,1503,0.1388
751,758,1509,0.1388
755,763,1518,0.1388
752,763,1515,0.1388
752,762,1514,0.1388
748,762,1510,0.1388
742,753,1495,0.1388
744,750,1494,0.1388
741,754,1495,0.1388
732,762,1494,0.1388
728,766,1494,0.1388
734,773,1507,0.1388
732,771,1503,0.1388
734,767,1501,0.1388
739,774,1513,0.1388
744,771,1515,0.1388
747,777,1524,0.1388
741,781,1522,0.1388
732,782,1514,0.1388
724,782,1506,0.1388
727,791,1518,0.1388
729,775,1504,0.1388
719,775,1494,0.1388
734,775,1509,0.1388
725,774,1499,0.1388
726,780,1506,0.1388
718,779,1497,0.1388
725,797,1522,0.1388
729,797,1526,0.1388
726,799,1525,0.1388
718,800,1518,0.1388
713,795,1508,0.1388
713,795,1508,0.1388
716,797,1513,0.1388
714,791,1505,0.1388
710,786,1496,0.1388
714,789,1503,0.1388
710,786,1496,0.1388
711,789,1500,0.1388
703,798,1501,0.1388
700,809,1509,0.1388
694,806,1500,0.1388
699,811,1510,0.1388
701,809,1510,0.1388
692,810,1502,0.1388
685,806,1491,0.1388
683,810,1493,0.1388
685,812,1497,0.1388
682,825,1507,0.1388
675,830,1505,0.1388
688,835,1523,0.1388
683,825,1508,0.1388
685,816,1501,0.1388
684,826,1510,0.1388
679,827,1506,0.1388
679,843,1522,0.1388
679,844,1523,0.1388
679,845,1524,0.1388
671,851,1522,0.1388
676,838,1514,0.1388
680,841,1521,0.1388
676,837,1513,0.1388
670,835,1505,0.1388
672,836,1508,0.1388
678,833,1511,0.1388
680,835,1515,0.1388
684,826,1510,0.1388
684,828,1512,0.1388
680,831,1511,0.1388
667,841,1508,0.1388
665,830,1495,0.1388
659,836,1495,0.1388
658,832,1490,0.1388
662,838,1500,0.1388
662,835,1497,0.1388
673,843,1516,0.1388
667,850,1517,0.1388
657,849,1506,0.1388
647,867,1514,0.1388
645,860,1505,0.1388
646,863,1509,0.1388
644,865,1509,0.1388
642,870,1512,0.1388
639,872,1511,0.1388
637,874,1511,0.1388
635,880,1515,0.1388
641,882,1523,0.1388
630,879,1509,0.1388
621,881,1502,0.1388
630,880,1510,0.1388
626,882,1508,0.1388
615,874,1489,0.1388
621,896,1517,0.1388
618,897,1515,0.1388
614,903,1517,0.1388
606,905,1511,0.1388
607,903,1510,0.1388
600,911,1511,0.1388
610,910,1520,0.1388
606,922,1528,0.1388
610,926,1536,0.1388
606,905,1511,0.1388
598,902,1500,0.1388
592,899,1491,0.1388
591,907,1498,0.1388
607,912,1519,0.1388
594,914,1508,0.1388
595,922,1517,0.1388
595,921,1516,0.1388
600,915,1515,0.1388
599,922,1521,0.1388
595,926,1521,0.1388
587,925,1512,0.1388
581,924,1505,0.1388
575,926,1501,0.1388
575,934,1509,0.1388
579,929,1508,0.1388
584,929,1513,0.1388
581,935,1516,0.1388
574,940,1514,0.1388
571,938,1509,0.1388
567,944,1511,0.1388
564,945,1509,0.1388
556,936,1492,0.1388
563,947,1510,0.1388
563,947,1510,0.1388
564,958,1522,0.1388
565,957,1522,0.1388
562,959,1521,0.1388
565,957,1522,0.1388
560,957,1517,0.1388
549,958,1507,0.1388
548,956,1504,0.1388
542,951,1493,0.1388
546,967,1513,0.1388
547,981,1528,0.1388
542,970,1512,0.1388
530,974,1504,0.1388
531,972,1503,0.1388
533,978,1511,0.1388
535,974,1509,0.1388
536,971,1507,0.1388
540,979,1519,0.1388
531,965,1496,0.1388
530,972,1502,0.1388
531,976,1507,0.1388
525,973,1498,0.1388
526,970,1496,0.1388
524,974,1498,0.1388
520,992,1512,0.1388
516,990,1506,0.1388
519,985,1504,0.1388
513,994,1507,0.1388
513,994,1507,0.1388
523,1000,1523,0.1388
514,1008,1522,0.1388
507,1012,1519,0.1388
508,1008,1516,0.1388
509,997,1506,0.1388
509,993,1502,0.1388
505,1007,1512,0.1388
496,1017,1513,0.1388
494,1013,1507,0.1388
490,1015,1505,0.1388
489,1013,1502,0.1388
486,1020,1506,0.1388
490,1026,1516,0.1388
490,1017,1507,0.1388
486,1018,1504,0.1388
488,1022,1510,0.1388
492,1033,1525,0.1388
492,1030,1522,0.1388
479,1029,1508,0.1388
482,1025,1507,0.1388
485,1022,1507,0.1388
478,1033,1511,0.1388
477,1036,1513,0.1388
478,1036,1514,0.1388
473,1026,1499,0.1388
471,1031,1502,0.1388
470,1037,1507,0.1388
477,1031,1508,0.1388
476,1033,1509,0.1388
475,1021,1496,0.1388
483,1021,1504,0.1388
480,1021,1501,0.1388
482,1019,1501,0.1388
486,1024,1510,0.1388
491,1018,1509,0.1388
486,1019,1505,0.1388
484,1020,1504,0.1388
478,1033,1511,0.1388
476,1024,1500,0.1388
476,1022,1498,0.1388
476,1022,1498,0.1388
476,1020,1496,0.1388
473,1024,1497,0.1388
477,1033,1510,0.1388
466,1030,1496,0.1388
472,1034,1506,0.1388
470,1029,1499,0.1388
474,1029,1503,0.1388
474,1030,1504,0.1388
470,1033,1503,0.1388
470,1039,1509,0.1388
471,1041,1512,0.1388
470,1051,1521,0.1388
472,1047,1519,0.1388
471,1041,1512,0.1388
477,1035,1512,0.1388
480,1037,1517,0.1388
480,1034,1514,0.1388
475,1038,1513,0.1388
467,1039,1506,0.1388
470,1034,1504,0.1388
478,1039,1517,0.1388
475,1040,1515,0.1388
469,1035,1504,0.1388
474,1044,1518,0.1388
464,1037,1501,0.1388
462,1044,1506,0.1388
462,1038,1500,0.1388
464,1044,1508,0.1388
462,1053,1515,0.1388
461,1061,1522,0.1388
460,1061,1521,0.1388
460,1062,1522,0.1388
451,1062,1513,0.1388
448,1067,1515,0.1388
446,1066,1512,0.1388
441,1071,1512,0.1388
442,1071,1513,0.1388
441,1071,1512,0.1388
441,1065,1506,0.1388
441,1074,1515,0.1388
435,1077,1512,0.1388
430,1075,1505,0.1388
427,1080,1507,0.1388
426,1088,1514,0.1388
430,1081,1511,0.1388
428,1088,1516,0.1388
427,1091,1518,0.1388
422,1095,1517,0.1388
431,1093,1524,0.1388
425,1090,1515,0.1388
431,1088,1519,0.1388
431,1076,1507,0.1388
435,1082,1517,0.1388
431,1074,1505,0.1388
431,1083,1514,0.1388
427,1086,1513,0.1388
432,1083,1515,0.1388
438,1087,1525,0.1388
436,1093,1529,0.1388
433,1088,1521,0.1388
427,1093,1520,0.1388
422,1092,1514,0.1388
418,1089,1507,0.1388
426,1089,1515,0.1388
426,1092,1518,0.1388
428,1084,1512,0.1388
425,1083,1508,0.1388
417,1099,1516,0.1388
416,1096,1512,0.1388
413,1101,1514,0.1388
413,1096,1509,0.1388
414,1101,1515,0.1388
416,1094,1510,0.1388
419,1100,1519,0.1388
417,1095,1512,0.1388
421,1101,1522,0.1388
420,1099,1519,0.1388
408,1099,1507,0.1388
408,1086,1494,0.1388
408,1099,1507,0.1388
406,1098,1504,0.1388
408,1084,1492,0.1388
410,1102,1512,0.1388
417,1095,1512,0.1388
411,1103,1514,0.1388
407,1100,1507,0.1388
410,1111,1521,0.1388
411,1118,1529,0.1388
404,1111,1515,0.1388
409,1104,1513,0.1388
406,1119,1525,0.1388
399,1113,1512,0.1388
400,1112,1512,0.1388
405,1115,1520,0.1388
394,1119,1513,0.1388
392,1122,1514,0.1388
391,1124,1515,0.1388
385,1128,1513,0.1388
387,1122,1509,0.1388
389,1117,1506,0.1388
392,1117,1509,0.1388
394,1122,1516,0.1388
394,1113,1507,0.1388
386,1111,1497,0.1388
392,1123,1515,0.1388
388,1122,1510,0.1388
391,1116,1507,0.1388
392,1111,1503,0.1388
388,1117,1505,0.1388
385,1124,1509,0.1388
383,1131,1514,0.1388
381,1132,1513,0.1388
374,1137,1511,0.1388
371,1153,1524,0.1388
371,1137,1508,0.1388
365,1140,1505,0.1388
366,1148,1514,0.1388
373,1152,1525,0.1388
364,1160,1524,0.1388
359,1162,1521,0.1388
354,1163,1517,0.1388
358,1162,1520,0.1388
354,1154,1508,0.1388
351,1147,1498,0.1388
349,1153,1502,0.1388
348,1162,1510,0.1388
347,1152,1499,0.1388
346,1162,1508,0.1388
342,1167,1509,0.1388
348,1160,1508,0.1388
345,1178,1523,0.1388
341,1173,1514,0.1388
345,1181,1526,0.1388
349,1176,1525,0.1388
343,1177,1520,0.1388
345,1174,1519,0.1388
342,1173,1515,0.1388
342,1168,1510,0.1388
341,1160,1501,0.1388
337,1166,1503,0.1388
327,1171,1498,0.1388
328,1180,1508,0.1388
320,1190,1510,0.1388
321,1175,1496,0.1388
320,1186,1506,0.1388
320,1179,1499,0.1388
322,1183,1505,0.1388
314,1187,1501,0.1388
319,1194,1513,0.1388
318,1187,1505,0.1388
316,1186,1502,0.1388
325,1192,1517,0.1388
325,1188,1513,0.1388
320,1202,1522,0.1388
316,1195,1511,0.1388
316,1195,1511,0.1388
318,1186,1504,0.1388
318,1188,1506,0.1388
315,1193,1508,0.1388
313,1196,1509,0.1388
312,1197,1509,0.1388
312,1203,1515,0.1388
312,1200,1512,0.1388
312,1206,1518,0.1388
309,1212,1521,0.1388
301,1214,1515,0.1388
302,1213,1515,0.1388
298,1213,1511,0.1388
295,1206,1501,0.1388
297,1216,1513,0.1388
293,1220,1513,0.1388
292,1219,1511,0.1388
285,1218,1503,0.1388
291,1212,1503,0.1388
286,1224,1510,0.1388
288,1233,1521,0.1388
282,1238,1520,0.1388
280,1241,1521,0.1388
280,1244,1524,0.1388
279,1243,1522,0.1388
284,1246,1530,0.1388
287,1234,1521,0.1388
290,1222,1512,0.1388
289,1226,1515,0.1388
289,1210,1499,0.1388
288,1223,1511,0.1388
291,1227,1518,0.1388
292,1229,1521,0.1388
295,1230,1525,0.1388
293,1224,1517,0.1388
295,1211,1506,0.1388
298,1206,1504,0.1388
293,1217,1510,0.1388
301,1226,1527,0.1388
300,1221,1521,0.1388
294,1217,1511,0.1388
289,1208,1497,0.1388
286,1220,1506,0.1388
283,1229,1512,0.1388
287,1239,1526,0.1388
282,1245,1527,0.1388
283,1234,1517,0.1388
269,1224,1493,0.1388
268,1235,1503,0.1388
266,1245,1511,0.1388
262,1251,1513,0.1388
266,1245,1511,0.1388
269,1249,1518,0.1388
265,1246,1511,0.1388
269,1241,1510,0.1388
267,1252,1519,0.1388
267,1256,1523,0.1388
270,1245,1515,0.1388
273,1248,1521,0.1388
270,1243,1513,0.1388
266,1232,1498,0.1388
265,1227,1492,0.1388
259,1248,1507,0.1388
254,1255,1509,0.1388
253,1260,1513,0.1388
254,1256,1510,0.1388
251,1251,1502,0.1388
254,1262,1516,0.1388
255,1260,1515,0.1388
256,1255,1511,0.1388
257,1253,1510,0.1388
258,1252,1510,0.1388
253,1255,1508,0.1388
255,1264,1519,0.1388
253,1262,1515,0.1388
249,1254,1503,0.1388
251,1264,1515,0.1388
252,1251,1503,0.1388
254,1251,1505,0.1388
249,1256,1505,0.1388
249,1259,1508,0.1388
249,1273,1522,0.1388
246,1264,1510,0.1388
248,1263,1511,0.1388
248,1267,1515,0.1388
241,1266,1507,0.1388
240,1263,1503,0.1388
237,1261,1498,0.1388
235,1266,1501,0.1388
233,1277,1510,0.1388
236,1284,1520,0.1388
232,1284,1516,0.1388
230,1284,1514,0.1388
225,1268,1493,0.1388
222,1271,1493,0.1388
221,1265,1486,0.1388
224,1268,1492,0.1388
218,1273,1491,0.1388
223,1278,1501,0.1388
222,1281,1503,0.1388
221,1296,1517,0.1388
218,1307,1525,0.1388
209,1292,1501,0.1388
203,1303,1506,0.1388
209,1291,1500,0.1388
214,1284,1498,0.1388
218,1274,1492,0.1388
217,1281,1498,0.1388
220,1285,1505,0.1388
223,1287,1510,0.1388
229,1278,1507,0.1388
228,1285,1513,0.1388
230,1284,1514,0.1388
227,1276,1503,0.1388
223,1291,1514,0.1388
224,1284,1508,0.1388
231,1277,1508,0.1388
233,1278,1511,0.1388
235,1275,1510,0.1388
231,1285,1516,0.1388
225,1283,1508,0.1388
226,1275,1501,0.1388
225,1288,1513,0.1388
223,1303,1526,0.1388
224,1307,1531,0.1388
218,1296,1514,0.1388
219,1286,1505,0.1388
217,1300,1517,0.1388
218,1304,1522,0.1388
216,1297,1513,0.1388
219,1292,1511,0.1388
216,1294,1510,0.1388
214,1288,1502,0.1388
215,1286,1501,0.1388
215,1294,1509,0.1388
211,1302,1513,0.1388
214,1301,1515,0.1388
217,1316,1533,0.1388
216,1303,1519,0.1388
219,1309,1528,0.1388
217,1305,1522,0.1388
217,1301,1518,0.1388
218,1308,1526,0.1388
214,1310,1524,0.1388
216,1300,1516,0.1388
213,1302,1515,0.1388
213,1305,1518,0.1388
215,1304,1519,0.1388
217,1303,1520,0.1388
217,1300,1517,0.1388
214,1309,1523,0.1388
213,1310,1523,0.1388
212,1302,1514,0.1388
212,1295,1507,0.1388
216,1297,1513,0.1388
212,1296,1508,0.1388
208,1297,1505,0.1388
201,1300,1501,0.1388
200,1307,1507,0.1388
199,1317,1516,0.1388
197,1321,1518,0.1388
196,1324,1520,0.1388
191,1319,1510,0.1388
191,1316,1507,0.1388
191,1320,1511,0.1388
189,1323,1512,0.1388
188,1312,1500,0.1388
186,1312,1498,0.1388
182,1313,1495,0.1388
184,1322,1506,0.1388
187,1320,1507,0.1388
183,1322,1505,0.1388
184,1319,1503,0.1388
182,1315,1497,0.1388
181,1314,1495,0.1388
178,1310,1488,0.1388
180,1322,1502,0.1388
181,1332,1513,0.1388
186,1325,1511,0.1388
187,1328,1515,0.1388
189,1333,1522,0.1388
181,1343,1524,0.1388
178,1338,1516,0.1388
183,1333,1516,0.1388
180,1330,1510,0.1388
184,1331,1515,0.1388
182,1340,1522,0.1388
178,1334,1512,0.1388
178,1342,1520,0.1388
183,1334,1517,0.1388
179,1338,1517,0.1388
181,1334,1515,0.1388
180,1331,1511,0.1388
178,1330,1508,0.1388
176,1338,1514,0.1388
177,1339,1516,0.1388
174,1341,1515,0.1388
171,1345,1516,0.1388
169,1349,1518,0.1388
173,1342,1515,0.1388
173,1347,1520,0.1388
172,1357,1529,0.1388
170,1355,1525,0.1388
169,1353,1522,0.1388
170,1348,1518,0.1388
164,1351,1515,0.1388
169,1349,1518,0.1388
165,1355,1520,0.1388
163,1359,1522,0.1388
163,1355,1518,0.1388
164,1343,1507,0.1388
162,1359,1521,0.1388
162,1346,1508,0.1388
166,1343,1509,0.1388
159,1345,1504,0.1388
159,1336,1495,0.1388
158,1344,1502,0.1388
163,1354,1517,0.1388
161,1339,1500,0.1388
160,1354,1514,0.1388
164,1362,1526,0.1388
164,1354,1518,0.1388
162,1346,1508,0.1388
160,1362,1522,0.1388
160,1356,1516,0.1388
162,1359,1521,0.1388
161,1339,1500,0.1388
165,1338,1503,0.1388
163,1336,1499,0.1388
163,1340,1503,0.1388
158,1333,1491,0.1388
160,1339,1499,0.1388
161,1348,1509,0.1388
160,1364,1524,0.1388
156,1364,1520,0.1388
159,1372,1531,0.1388
161,1370,1531,0.1388
161,1357,1518,0.1388
155,1357,1512,0.1388
152,1353,1505,0.1388
152,1357,1509,0.1388
152,1360,1512,0.1388
154,1359,1513,0.1388
152,1366,1518,0.1388
148,1358,1506,0.1388
153,1352,1505,0.1388
150,1359,1509,0.1388
150,1350,1500,0.1388
153,1355,1508,0.1388
155,1351,1506,0.1388
157,1354,1511,0.1388
155,1364,1519,0.1388
152,1365,1517,0.1388
153,1350,1503,0.1388
155,1355,1510,0.1388
154,1357,1511,0.1388
149,1338,1487,0.1388
149,1341,1490,0.1388
152,1364,1516,0.1388
152,1365,1517,0.1388
154,1367,1521,0.1388
152,1364,1516,0.1388
153,1374,1527,0.1388
151,1360,1511,0.1388
153,1373,1526,0.1388
153,1369,1522,0.1388
154,1365,1519,0.1388
158,1353,1511,0.1388
157,1355,1512,0.1388
153,1373,1526,0.1388
148,1382,1530,0.1388
147,1378,1525,0.1388
144,1379,1523,0.1388
146,1370,1516,0.1388
146,1375,1521,0.1388
147,1368,1515,0.1388
147,1367,1514,0.1388
150,1371,1521,0.1388
150,1378,1528,0.1388
149,1375,1524,0.1388
148,1359,1507,0.1388
151,1370,1521,0.1388
146,1361,1507,0.1388
149,1363,1512,0.1388
145,1371,1516,0.1388
144,1374,1518,0.1388
143,1370,1513,0.1388
146,1381,1527,0.1388
141,1367,1508,0.1388
143,1370,1513,0.1388
142,1380,1522,0.1388
145,1380,1525,0.1388
141,1369,1510,0.1388
138,1377,1515,0.1388
137,1375,1512,0.1388
139,1368,1507,0.1388
139,1366,1505,0.1388
143,1389,1532,0.1388
141,1377,1518,0.1388
138,1364,1502,0.1388
143,1375,1518,0.1388
143,1373,1516,0.1388
141,1361,1502,0.1388
137,1362,1499,0.1388
135,1366,1501,0.1388
132,1348,1480,0.1388
129,1353,1482,0.1388
129,1374,1503,0.1388
133,1386,1519,0.1388
136,1386,1522,0.1388
140,1367,1507,0.1388
138,1381,1519,0.1388
135,1378,1513,0.1388
133,1379,1512,0.1388
134,1379,1513,0.1388
134,1379,1513,0.1388
135,1367,1502,0.1388
135,1370,1505,0.1388
135,1375,1510,0.1388
133,1372,1505,0.1388
132,1382,1514,0.1388
131,1389,1520,0.1388
131,1386,1517,0.1388
132,1377,1509,0.1388
129,1386,1515,0.1388
130,1381,1511,0.1388
127,1389,1516,0.1388
127,1389,1516,0.1388
130,1401,1531,0.1388
127,1389,1516,0.1388
123,1379,1502,0.1388
123,1388,1511,0.1388
126,1383,1509,0.1388
124,1398,1522,0.1388
126,1412,1538,0.1388
128,1387,1515,0.1388
127,1377,1504,0.1388
128,1372,1500,0.1388
129,1376,1505,0.1388
126,1383,1509,0.1388
128,1386,1514,0.1388
126,1378,1504,0.1388
126,1393,1519,0.1388
123,1400,1523,0.1388
123,1402,1525,0.1388
123,1407,1530,0.1388
121,1413,1534,0.1388
119,1395,1514,0.1388
121,1389,1510,0.1388
123,1392,1515,0.1388
122,1389,1511,0.1388
124,1395,1519,0.1388
122,1389,1511,0.1388
121,1363,1484,0.1388
118,1373,1491,0.1388
118,1391,1509,0.1388
118,1396,1514,0.1388
119,1400,1519,0.1388
119,1413,1532,0.1388
121,1393,1514,0.1388
123,1384,1507,0.1388
123,1402,1525,0.1388
124,1407,1531,0.1388
123,1402,1525,0.1388
123,1407,1530,0.1388
122,1393,1515,0.1388
122,1391,1513,0.1388
122,1384,1506,0.1388
121,1375,1496,0.1388
124,1388,1512,0.1388
123,1387,1510,0.1388
123,1387,1510,0.1388
125,1384,1509,0.1388
125,1390,1515,0.1388
122,1398,1520,0.1388
124,1390,1514,0.1388
125,1397,1522,0.1388
126,1397,1523,0.1388
126,1393,1519,0.1388
129,1393,1522,0.1388
124,1397,1521,0.1388
125,1398,1523,0.1388
125,1393,1518,0.1388
120,1398,1518,0.1388
118,1392,1510,0.1388
115,1395,1510,0.1388
116,1400,1516,0.1388
115,1397,1512,0.1388
114,1399,1513,0.1388
114,1408,1522,0.1388
114,1402,1516,0.1388
112,1413,1525,0.1388
113,1418,1531,0.1388
113,1410,1523,0.1388
112,1423,1535,0.1388
112,1426,1538,0.1388
109,1422,1531,0.1388
109,1417,1526,0.1388
109,1428,1537,0.1388
109,1423,1532,0.1388
108,1410,1518,0.1388
108,1415,1523,0.1388
111,1405,1516,0.1388
110,1408,1518,0.1388
114,1406,1520,0.1388
114,1402,1516,0.1388
115,1405,1520,0.1388
116,1399,1515,0.1388
117,1400,1517,0.1388
115,1396,1511,0.1388
115,1393,1508,0.1388
114,1400,1514,0.1388
109,1401,1510,0.1388
110,1399,1509,0.1388
111,1400,1511,0.1388
108,1404,1512,0.1388
109,1396,1505,0.1388
106,1407,1513,0.1388
105,1404,1509,0.1388
105,1401,1506,0.1388
105,1415,1520,0.1388
105,1416,1521,0.1388
102,1418,1520,0.1388
100,1426,1526,0.1388
102,1417,1519,0.1388
101,1425,1526,0.1388
100,1420,1520,0.1388
103,1415,1518,0.1388
102,1411,1513,0.1388
105,1402,1507,0.1388
103,1410,1513,0.1388
104,1426,1530,0.1388
105,1434,1539,0.1388
105,1408,1513,0.1388
105,1411,1516,0.1388
106,1410,1516,0.1388
105,1408,1513,0.1388
107,1413,1520,0.1388
108,1402,1510,0.1388
106,1398,1504,0.1388
104,1390,1494,0.1388
102,1393,1495,0.1388
102,1403,1505,0.1388
108,1395,1503,0.1388
106,1408,1514,0.1388
108,1414,1522,0.1388
110,1423,1533,0.1388
113,1429,1542,0.1388
112,1404,1516,0.1388
114,1391,1505,0.1388
112,1400,1512,0.1388
111,1409,1520,0.1388
109,1398,1507,0.1388
108,1394,1502,0.1388
109,1403,1512,0.1388
110,1401,1511,0.1388
112,1405,1517,0.1388
114,1405,1519,0.1388
114,1399,1513,0.1388
114,1396,1510,0.1388
113,1393,1506,0.1388
113,1397,1510,0.1388
115,1399,1514,0.1388
114,1411,1525,0.1388
114,1412,1526,0.1388
110,1409,1519,0.1388
109,1418,1527,0.1388
105,1423,1528,0.1388
104,1418,1522,0.1388
107,1419,1526,0.1388
109,1410,1519,0.1388
111,1412,1523,0.1388
109,1399,1508,0.1388
107,1411,1518,0.1388
105,1402,1507,0.1388
102,1401,1503,0.1388
103,1408,1511,0.1388
105,1411,1516,0.1388
104,1411,1515,0.1388
100,1413,1513,0.1388
99,1418,1517,0.1388
101,1419,1520,0.1388
99,1408,1507,0.1388
99,1417,1516,0.1388
103,1409,1512,0.1388
102,1416,1518,0.1388
100,1414,1514,0.1388
99,1411,1510,0.1388
98,1411,1509,0.1388
97,1415,1512,0.1388
97,1420,1517,0.1388
94,1409,1503,0.1388
98,1423,1521,0.1388
96,1422,1518,0.1388
99,1430,1529,0.1388
100,1417,1517,0.1388
102,1412,1514,0.1388
101,1409,1510,0.1388
99,1415,1514,0.1388
102,1417,1519,0.1388
102,1426,1528,0.1388
97,1426,1523,0.1388
96,1429,1525,0.1388
95,1436,1531,0.1388
99,1430,1529,0.1388
97,1422,1519,0.1388
95,1421,1516,0.1388
95,1428,1523,0.1388
97,1415,1512,0.1388
94,1410,1504,0.1388
92,1416,1508,0.1388
95,1417,1512,0.1388
97,1410,1507,0.1388
96,1411,1507,0.1388
96,1410,1506,0.1388
97,1408,1505,0.1388
97,1397,1494,0.1388
99,1409,1508,0.1388
100,1395,1495,0.1388
100,1402,1502,0.1388
98,1415,1513,0.1388
96,1429,1525,0.1388
98,1419,1517,0.1388
96,1418,1514,0.1388
98,1420,1518,0.1388
96,1413,1509,0.1388
98,1418,1516,0.1388
93,1421,1514,0.1388
93,1412,1505,0.1388
93,1434,1527,0.1388
89,1422,1511,0.1388
93,1405,1498,0.1388
94,1418,1512,0.1388
95,1427,1522,0.1388
93,1434,1527,0.1388
92,1425,1517,0.1388
95,1423,1518,0.1388
95,1422,1517,0.1388
93,1439,1532,0.1388
93,1436,1529,0.1388
92,1438,1530,0.1388
90,1431,1521,0.1388
92,1428,1520,0.1388
90,1429,1519,0.1388
93,1416,1509,0.1388
94,1427,1521,0.1388
92,1424,1516,0.1388
91,1433,1524,0.1388
94,1429,1523,0.1388
94,1426,1520,0.1388
91,1421,1512,0.1388
93,1423,1516,0.1388
94,1422,1516,0.1388
97,1419,1516,0.1388
96,1425,1521,0.1388
96,1427,1523,0.1388
96,1422,1518,0.1388
94,1418,1512,0.1388
94,1427,1521,0.1388
93,1421,1514,0.1388
91,1421,1512,0.1388
91,1427,1518,0.1388
90,1421,1511,0.1388
86,1414,1500,0.1388
87,1411,1498,0.1388
87,1408,1495,0.1388
87,1414,1501,0.1388
89,1412,1501,0.1388
92,1406,1498,0.1388
94,1430,1524,0.1388
94,1414,1508,0.1388
90,1415,1505,0.1388
88,1413,1501,0.1388
91,1423,1514,0.1388
92,1421,1513,0.1388
93,1421,1514,0.1388
95,1415,1510,0.1388
94,1427,1521,0.1388
93,1431,1524,0.1388
95,1425,1520,0.1388
93,1426,1519,0.1388
93,1433,1526,0.1388
92,1424,1516,0.1388
92,1419,1511,0.1388
91,1409,1500,0.1388
94,1395,1489,0.1388
95,1399,1494,0.1388
93,1404,1497,0.1388
93,1411,1504,0.1388
90,1438,1528,0.1388
91,1429,1520,0.1388
89,1428,1517,0.1388
87,1417,1504,0.1388
87,1408,1495,0.1388
88,1423,1511,0.1388
89,1418,1507,0.1388
90,1422,1512,0.1388
93,1420,1513,0.1388
90,1427,1517,0.1388
87,1436,1523,0.1388
83,1438,1521,0.1388
84,1441,1525,0.1388
81,1448,1529,0.1388
80,1424,1504,0.1388
80,1435,1515,0.1388
82,1434,1516,0.1388
80,1438,1518,0.1388
84,1424,1508,0.1388
83,1422,1505,0.1388
82,1436,1518,0.1388
83,1425,1508,0.1388
82,1435,1517,0.1388
85,1437,1522,0.1388
83,1432,1515,0.1388
79,1424,1503,0.1388
77,1432,1509,0.1388
78,1433,1511,0.1388
78,1443,1521,0.1388
77,1436,1513,0.1388
77,1425,1502,0.1388
76,1434,1510,0.1388
78,1422,1500,0.1388
80,1420,1500,0.1388
80,1414,1494,0.1388
81,1420,1501,0.1388
77,1431,1508,0.1388
75,1437,1512,0.1388
75,1438,1513,0.1388
73,1439,1512,0.1388
76,1444,1520,0.1388
75,1448,1523,0.1388
75,1441,1516,0.1388
77,1442,1519,0.1388
75,1431,1506,0.1388
79,1421,1500,0.1388
77,1419,1496,0.1388
77,1436,1513,0.1388
78,1436,1514,0.1388
77,1432,1509,0.1388
79,1432,1511,0.1388
78,1440,1518,0.1388
80,1423,1503,0.1388
80,1427,1507,0.1388
80,1425,1505,0.1388
82,1431,1513,0.1388
82,1439,1521,0.1388
85,1435,1520,0.1388
85,1439,1524,0.1388
83,1437,1520,0.1388
82,1428,1510,0.1388
83,1433,1516,0.1388
81,1428,1509,0.1388
81,1425,1506,0.1388
83,1443,1526,0.1388
81,1442,1523,0.1388
81,1428,1509,0.1388
80,1434,1514,0.1388
77,1434,1511,0.1388
75,1447,1522,0.1388
74,1440,1514,0.1388
75,1440,1515,0.1388
77,1437,1514,0.1388
77,1427,1504,0.1388
78,1431,1509,0.1388
77,1435,1512,0.1388
78,1441,1519,0.1388
77,1443,1520,0.1388
76,1450,1526,0.1388
74,1441,1515,0.1388
76,1445,1521,0.1388
79,1431,1510,0.1388
80,1429,1509,0.1388
80,1424,1504,0.1388
81,1422,1503,0.1388
83,1420,1503,0.1388
84,1436,1520,0.1388
85,1442,1527,0.1388
86,1434,1520,0.1388
85,1433,1518,0.1388
86,1435,1521,0.1388
85,1430,1515,0.1388
85,1424,1509,0.1388
80,1444,1524,0.1388
77,1441,1518,0.1388
78,1429,1507,0.1388
79,1431,1510,0.1388
81,1432,1513,0.1388
78,1415,1493,0.1388
81,1431,1512,0.1388
83,1445,1528,0.1388
86,1451,1537,0.1388
84,1460,1544,0.1388
84,1456,1540,0.1388
81,1442,1523,0.1388
78,1437,1515,0.1388
73,1441,1514,0.1388
74,1450,1524,0.1388
73,1448,1521,0.1388
72,1445,1517,0.1388
74,1457,1531,0.1388
73,1454,1527,0.1388
72,1453,1525,0.1388
71,1453,1524,0.1388
72,1437,1509,0.1388
72,1444,1516,0.1388
74,1455,1529,0.1388
73,1463,1536,0.1388
73,1462,1535,0.1388
71,1453,1524,0.1388
69,1462,1531,0.1388
68,1468,1536,0.1388
68,1461,1529,0.1388
66,1462,1528,0.1388
67,1459,1526,0.1388
65,1450,1515,0.1388
65,1463,1528,0.1388
64,1469,1533,0.1388
67,1466,1533,0.1388
63,1459,1522,0.1388
63,1452,1515,0.1388
62,1449,1511,0.1388
63,1449,1512,0.1388
65,1458,1523,0.1388
65,1459,1524,0.1388
61,1460,1521,0.1388
64,1469,1533,0.1388
64,1462,1526,0.1388
62,1455,1517,0.1388
60,1459,1519,0.1388
60,1454,1514,0.1388
61,1467,1528,0.1388
62,1459,1521,0.1388
61,1461,1522,0.1388
61,1456,1517,0.1388
61,1446,1507,0.1388
61,1451,1512,0.1388
58,1461,1519,0.1388
56,1468,1524,0.1388
54,1458,1512,0.1388
55,1460,1515,0.1388
56,1458,1514,0.1388
58,1455,1513,0.1388
54,1452,1506,0.1388
56,1442,1498,0.1388
55,1456,1511,0.1388
55,1462,1517,0.1388
54,1455,1509,0.1388
56,1448,1504,0.1388
54,1438,1492,0.1388
57,1451,1508,0.1388
54,1456,1510,0.1388
53,1456,1509,0.1388
55,1463,1518,0.1388
55,1456,1511,0.1388
54,1445,1499,0.1388
55,1451,1506,0.1388
56,1462,1518,0.1388
59,1463,1522,0.1388
56,1460,1516,0.1388
56,1460,1516,0.1388
53,1466,1519,0.1388
54,1464,1518,0.1388
52,1467,1519,0.1388
51,1476,1527,0.1388
52,1464,1516,0.1388
52,1460,1512,0.1388
52,1459,1511,0.1388
52,1465,1517,0.1388
49,1461,1510,0.1388
51,1459,1510,0.1388
51,1477,1528,0.1388
52,1471,1523,0.1388
51,1475,1526,0.1388
50,1481,1531,0.1388
50,1488,1538,0.1388
51,1485,1536,0.1388
49,1464,1513,0.1388
47,1467,1514,0.1388
45,1465,1510,0.1388
42,1479,1521,0.1388
42,1473,1515,0.1388
43,1464,1507,0.1388
41,1462,1503,0.1388
41,1461,1502,0.1388
41,1468,1509,0.1388
42,1468,1510,0.1388
42,1477,1519,0.1388
43,1480,1523,0.1388
43,1474,1517,0.1388
44,1470,1514,0.1388
41,1476,1517,0.1388
44,1467,1511,0.1388
44,1467,1511,0.1388
43,1465,1508,0.1388
43,1477,1520,0.1388
41,1469,1510,0.1388
42,1466,1508,0.1388
41,1471,1512,0.1388
40,1479,1519,0.1388
40,1463,1503,0.1388
40,1471,1511,0.1388
38,1475,1513,0.1388
38,1477,1515,0.1388
39,1488,1527,0.1388
39,1469,1508,0.1388
39,1470,1509,0.1388
39,1475,1514,0.1388
41,1460,1501,0.1388
40,1475,1515,0.1388
39,1480,1519,0.1388
38,1464,1502,0.1388
38,1468,1506,0.1388
38,1472,1510,0.1388
36,1470,1506,0.1388
35,1470,1505,0.1388
36,1469,1505,0.1388
38,1473,1511,0.1388
37,1471,1508,0.1388
37,1480,1517,0.1388
36,1484,1520,0.1388
36,1478,1514,0.1388
36,1485,1521,0.1388
38,1473,1511,0.1388
37,1477,1514,0.1388
36,1484,1520,0.1388
37,1492,1529,0.1388
38,1470,1508,0.1388
37,1477,1514,0.1388
36,1455,1491,0.1388
34,1473,1507,0.1388
35,1466,1501,0.1388
36,1470,1506,0.1388
37,1474,1511,0.1388
37,1479,1516,0.1388
34,1471,1505,0.1388
36,1473,1509,0.1388
37,1482,1519,0.1388
36,1477,1513,0.1388
37,1483,1520,0.1388
36,1491,1527,0.1388
35,1488,1523,0.1388
35,1487,1522,0.1388
34,1481,1515,0.1388
33,1488,1521,0.1388
33,1467,1500,0.1388
34,1471,1505,0.1388
34,1483,1517,0.1388
32,1488,1520,0.1388
34,1484,1518,0.1388
32,1487,1519,0.1388
32,1491,1523,0.1388
33,1479,1512,0.1388
32,1465,1497,0.1388
32,1475,1507,0.1388
32,1483,1515,0.1388
31,1474,1505,0.1388
31,1476,1507,0.1388
32,1475,1507,0.1388
31,1475,1506,0.1388
31,1479,1510,0.1388
32,1487,1519,0.1388
32,1486,1518,0.1388
33,1482,1515,0.1388
32,1485,1517,0.1388
32,1485,1517,0.1388
32,1495,1527,0.1388
31,1501,1532,0.1388
28,1507,1535,0.1388
28,1494,1522,0.1388
28,1498,1526,0.1388
27,1497,1524,0.1388
27,1498,1525,0.1388
26,1493,1519,0.1388
27,1503,1530,0.1388
26,1506,1532,0.1388
28,1501,1529,0.1388
27,1488,1515,0.1388
28,1502,1530,0.1388
26,1506,1532,0.1388
26,1506,1532,0.1388
26,1499,1525,0.1388
27,1497,1524,0.1388
29,1503,1532,0.1388
29,1500,1529,0.1388
28,1479,1507,0.1388
27,1507,1534,0.1388
27,1503,1530,0.1388
26,1502,1528,0.1388
24,1496,1520,0.1388
23,1491,1514,0.1388
23,1491,1514,0.1388
22,1488,1510,0.1388
22,1489,1511,0.1388
22,1485,1507,0.1388
21,1483,1504,0.1388
20,1496,1516,0.1388
18,1510,1528,0.1388
17,1490,1507,0.1388
17,1483,1500,0.1388
17,1494,1511,0.1388
18,1496,1514,0.1388
18,1506,1524,0.1388
16,1516,1532,0.1388
16,1516,1532,0.1388
14,1518,1532,0.1388
13,1515,1528,0.1388
13,1513,1526,0.1388
13,1502,1515,0.1388
13,1498,1511,0.1388
13,1504,1517,0.1388
13,1503,1516,0.1388
13,1512,1525,0.1388
13,1515,1528,0.1388
12,1503,1515,0.1388
11,1511,1522,0.1388
10,1508,1518,0.1388
10,1506,1516,0.1388
9,1516,1525,0.1388
8,1512,1520,0.1388
7,1506,1513,0.1388
7,1506,1513,0.1388
7,1504,1511,0.1388
6,1515,1521,0.1388
6,1498,1504,0.1388
6,1513,1519,0.1388
5,1509,1514,0.1388
4,1502,1506,0.1388
4,1503,1507,0.1388
3,1509,1512,0.1388
3,1518,1521,0.1388
3,1514,1517,0.1388
3,1500,1503,0.1388
3,1503,1506,0.1388
3,1498,1501,0.1388
3,1501,1504,0.1388
3,1505,1508,0.1388
3,1499,1502,0.1388
3,1493,1496,0.1388
3,1497,1500,0.1388
3,1508,1511,0.1388
1,1504,1505,0.1388
1,1528,1529,0.1388
1,1529,1530,0.1388
1,1518,1519,0.1388
1,1526,1527,0.1388
1,1517,1518,0.1388
1,1506,1507,0.1388
1,1507,1508,0.1388
1,1519,1520,0.1388
1,1511,1512,0.1388
1,1512,1513,0.1388
1,1512,1513,0.1388
1,1521,1522,0.1388
1,1518,1519,0.1388
1,1518,1519,0.1388
1,1520,1521,0.1388
1,1509,1510,0.1388
1,1509,1510,0.1388
1,1518,1519,0.1388
1,1504,1505,0.1388
1,1521,1522,0.1388
1,1529,1530,0.1388
1,1532,1533,0.1388
1,1508,1509,0.1388
1,1513,1514,0.1388
1,1519,1520,0.1388
1,1515,1516,0.1388
1,1519,1520,0.1388
1,1527,1528,0.1388
1,1524,1525,0.1388
1,1515,1516,0.1388
1,1517,1518,0.1388
1,1522,1523,0.1388
1,1525,1526,0.1388
1,1511,1512,0.1388
1,1514,1515,0.1388
1,1518,1519,0.1388
1,1518,1519,0.1388
1,1539,1540,0.1388
1,1517,1518,0.1388
1,1519,1520,0.1388
1,1532,1533,0.1388
1,1525,1526,0.1388
1,1518,1519,0.1388
1,1516,1517,0.1388
1,1501,1502,0.1388
2,1515,1517,0.1388
2,1514,1516,0.1388
2,1520,1522,0.1388
2,1523,1525,0.1388
2,1526,1528,0.1388
3,1528,1531,0.1388
3,1518,1521,0.1388
3,1508,1511,0.1388
3,1517,1520,0.1388
3,1530,1533,0.1388
3,1511,1514,0.1388
3,1519,1522,0.1388
3,1523,1526,0.1388
3,1516,1519,0.1388
3,1522,1525,0.1388
3,1520,1523,0.1388
3,1527,1530,0.1388
3,1531,1534,0.1388
3,1518,1521,0.1388
3,1519,1522,0.1388
2,1517,1519,0.1388
2,1512,1514,0.1388
2,1514,1516,0.1388
2,1506,1508,0.1388
2,1520,1522,0.1388
2,1510,1512,0.1388
2,1522,1524,0.1388
2,1518,1520,0.1388
2,1517,1519,0.1388
2,1502,1504,0.1388
2,1503,1505,0.1388
2,1496,1498,0.1388
2,1496,1498,0.1388
2,1519,1521,0.1388
2,1517,1519,0.1388
2,1520,1522,0.1388
2,1518,1520,0.1388
2,1508,1510,0.1388
2,1516,1518,0.1388
2,1518,1520,0.1388
2,1523,1525,0.1388
2,1531,1533,0.1388
2,1538,1540,0.1388
2,1528,1530,0.1388
2,1517,1519,0.1388
2,1510,1512,0.1388
1,1506,1507,0.1388
1,1499,1500,0.1388
1,1505,1506,0.1388
1,1516,1517,0.1388
1,1523,1524,0.1388
1,1532,1533,0.1388
1,1526,1527,0.1388
1,1524,1525,0.1388
1,1532,1533,0.1388
1,1519,1520,0.1388
1,1535,1536,0.1388
1,1525,1526,0.1388
1,1530,1531,0.1388
0,1525,1525,0.1388
