1359,26,1385,0.1388
1395,27,1422,0.1388
1429,27,1456,0.1388
1451,29,1480,0.1388
1450,29,1479,0.1388
1457,30,1487,0.1388
1443,30,1473,0.1388
1439,32,1471,0.1388
1442,32,1474,0.1388
1453,36,1489,0.1388
1454,37,1491,0.1388
1471,38,1509,0.1388
1473,39,1512,0.1388
1474,39,1513,0.1388
1459,37,1496,0.1388
1456,37,1493,0.1388
1465,38,1503,0.1388
1466,36,1502,0.1388
1466,36,1502,0.1388
1460,37,1497,0.1388
1469,35,1504,0.1388
1455,33,1488,0.1388
1463,28,1491,0.1388
1476,30,1506,0.1388
1468,31,1499,0.1388
1452,32,1484,0.1388
1461,33,1494,0.1388
1450,33,1483,0.1388
1435,32,1467,0.1388
1441,32,1473,0.1388
1436,34,1470,0.1388
1452,33,1485,0.1388
1462,32,1494,0.1388
1465,32,1497,0.1388
1459,29,1488,0.1388
1466,27,1493,0.1388
1465,25,1490,0.1388
1478,25,1503,0.1388
1474,26,1500,0.1388
1472,25,1497,0.1388
1480,24,1504,0.1388
1477,24,1501,0.1388
1468,24,1492,0.1388
1470,25,1495,0.1388
1478,26,1504,0.1388
1461,24,1485,0.1388
1469,27,1496,0.1388
1474,25,1499,0.1388
1469,24,1493,0.1388
1446,24,1470,0.1388
1443,25,1468,0.1388
1465,24,1489,0.1388
1473,22,1495,0.1388
1462,24,1486,0.1388
1469,25,1494,0.1388
1465,25,1490,0.1388
1466,25,1491,0.1388
1478,26,1504,0.1388
1474,26,1500,0.1388
1471,26,1497,0.1388
1468,26,1494,0.1388
1462,26,1488,0.1388
1461,26,1487,0.1388
1449,25,1474,0.1388
1450,25,1475,0.1388
1441,25,1466,0.1388
1456,25,1481,0.1388
1454,24,1478,0.1388
1468,23,1491,0.1388
1481,22,1503,0.1388
1478,20,1498,0.1388
1468,21,1489,0.1388
1461,20,1481,0.1388
1465,19,1484,0.1388
1469,20,1489,0.1388
1478,20,1498,0.1388
1480,20,1500,0.1388
1483,21,1504,0.1388
1473,21,1494,0.1388
1466,20,1486,0.1388
1479,21,1500,0.1388
1481,21,1502,0.1388
1477,21,1498,0.1388
1482,21,1503,0.1388
1460,20,1480,0.1388
1461,20,1481,0.1388
1467,20,1487,0.1388
1463,22,1485,0.1388
1460,23,1483,0.1388
1478,22,1500,0.1388
1476,21,1497,0.1388
1483,21,1504,0.1388
1483,23,1506,0.1388
1494,25,1519,0.1388
1484,25,1509,0.1388
1492,23,1515,0.1388
1476,23,1499,0.1388
1481,24,1505,0.1388
1482,24,1506,0.1388
1476,24,1500,0.1388
1484,24,1508,0.1388
1496,27,1523,0.1388
1471,29,1500,0.1388
1484,26,1510,0.1388
1486,27,1513,0.1388
1483,29,1512,0.1388
1478,29,1507,0.1388
1471,29,1500,0.1388
1462,29,1491,0.1388
1472,28,1500,0.1388
1474,28,1502,0.1388
1479,26,1505,0.1388
1462,29,1491,0.1388
1455,29,1484,0.1388
1461,27,1488,0.1388
1452,26,1478,0.1388
1446,26,1472,0.1388
1457,28,1485,0.1388
1460,29,1489,0.1388
1469,32,1501,0.1388
1463,34,1497,0.1388
1471,32,1503,0.1388
1482,33,1515,0.1388
1483,33,1516,0.1388
1472,34,1506,0.1388
1468,34,1502,0.1388
1471,35,1506,0.1388
1476,36,1512,0.1388
1474,35,1509,0.1388
1463,36,1499,0.1388
1461,36,1497,0.1388
1465,36,1501,0.1388
1454,37,1491,0.1388
1458,35,1493,0.1388
1446,34,1480,0.1388
1448,36,1484,0.1388
1447,35,1482,0.1388
1454,35,1489,0.1388
1446,38,1484,0.1388
1443,38,1481,0.1388
1429,38,1467,0.1388
1433,37,1470,0.1388
1437,37,1474,0.1388
1447,36,1483,0.1388
1439,36,1475,0.1388
1442,38,1480,0.1388
1439,39,1478,0.1388
1444,38,1482,0.1388
1447,39,1486,0.1388
1462,41,1503,0.1388
1455,41,1496,0.1388
1451,39,1490,0.1388
1458,39,1497,0.1388
1461,38,1499,0.1388
1471,40,1511,0.1388
1453,41,1494,0.1388
1459,41,1500,0.1388
1465,41,1506,0.1388
1457,43,1500,0.1388
1456,44,1500,0.1388
1447,41,1488,0.1388
1450,42,1492,0.1388
1445,41,1486,0.1388
1445,42,1487,0.1388
1442,45,1487,0.1388
1459,44,1503,0.1388
1458,46,1504,0.1388
1454,44,1498,0.1388
1446,44,1490,0.1388
1448,42,1490,0.1388
1442,42,1484,0.1388
1444,44,1488,0.1388
1437,44,1481,0.1388
1454,42,1496,0.1388
1448,43,1491,0.1388
1452,43,1495,0.1388
1453,43,1496,0.1388
1459,44,1503,0.1388
1447,43,1490,0.1388
1441,43,1484,0.1388
1445,43,1488,0.1388
1455,43,1498,0.1388
1458,41,1499,0.1388
1447,42,1489,0.1388
1453,41,1494,0.1388
1455,44,1499,0.1388
1439,45,1484,0.1388
1443,45,1488,0.1388
1441,47,1488,0.1388
1443,46,1489,0.1388
1440,48,1488,0.1388
1444,49,1493,0.1388
1462,48,1510,0.1388
1461,45,1506,0.1388
1460,44,1504,0.1388
1454,46,1500,0.1388
1424,47,1471,0.1388
1410,49,1459,0.1388
1412,45,1457,0.1388
1414,44,1458,0.1388
1415,45,1460,0.1388
1430,46,1476,0.1388
1447,44,1491,0.1388
1429,45,1474,0.1388
1447,44,1491,0.1388
1445,45,1490,0.1388
1451,45,1496,0.1388
1467,48,1515,0.1388
1454,47,1501,0.1388
1460,47,1507,0.1388
1454,46,1500,0.1388
1456,46,1502,0.1388
1449,46,1495,0.1388
1453,46,1499,0.1388
1455,48,1503,0.1388
1450,47,1497,0.1388
1448,49,1497,0.1388
1441,50,1491,0.1388
1436,51,1487,0.1388
1424,49,1473,0.1388
1435,50,1485,0.1388
1436,50,1486,0.1388
1438,48,1486,0.1388
1441,49,1490,0.1388
1439,48,1487,0.1388
1430,49,1479,0.1388
1432,54,1486,0.1388
1435,55,1490,0.1388
1423,57,1480,0.1388
1430,57,1487,0.1388
1429,57,1486,0.1388
1425,57,1482,0.1388
1431,59,1490,0.1388
1439,57,1496,0.1388
1442,57,1499,0.1388
1451,58,1509,0.1388
1452,58,1510,0.1388
1441,57,1498,0.1388
1424,59,1483,0.1388
1437,59,1496,0.1388
1427,62,1489,0.1388
1422,64,1486,0.1388
1425,62,1487,0.1388
1424,62,1486,0.1388
1421,63,1484,0.1388
1416,61,1477,0.1388
1427,62,1489,0.1388
1428,63,1491,0.1388
1397,61,1458,0.1388
1425,62,1487,0.1388
1431,58,1489,0.1388
1427,57,1484,0.1388
1437,60,1497,0.1388
1442,62,1504,0.1388
1447,61,1508,0.1388
1445,59,1504,0.1388
1442,56,1498,0.1388
1445,53,1498,0.1388
1434,54,1488,0.1388
1447,54,1501,0.1388
1454,58,1512,0.1388
1441,55,1496,0.1388
1424,55,1479,0.1388
1427,54,1481,0.1388
1431,54,1485,0.1388
1426,55,1481,0.1388
1423,55,1478,0.1388
1436,56,1492,0.1388
1432,55,1487,0.1388
1429,58,1487,0.1388
1440,60,1500,0.1388
1428,60,1488,0.1388
1436,60,1496,0.1388
1427,61,1488,0.1388
1418,58,1476,0.1388
1417,60,1477,0.1388
1426,60,1486,0.1388
1430,59,1489,0.1388
1419,61,1480,0.1388
1429,61,1490,0.1388
1422,61,1483,0.1388
1408,61,1469,0.1388
1408,64,1472,0.1388
1422,65,1487,0.1388
1439,66,1505,0.1388
1444,67,1511,0.1388
1435,67,1502,0.1388
1427,66,1493,0.1388
1427,68,1495,0.1388
1430,69,1499,0.1388
1443,70,1513,0.1388
1458,70,1528,0.1388
1439,69,1508,0.1388
1427,72,1499,0.1388
1422,70,1492,0.1388
1418,69,1487,0.1388
1421,71,1492,0.1388
1425,69,1494,0.1388
1416,70,1486,0.1388
1424,72,1496,0.1388
1427,74,1501,0.1388
1418,73,1491,0.1388
1415,71,1486,0.1388
1404,73,1477,0.1388
1408,71,1479,0.1388
1412,69,1481,0.1388
1421,69,1490,0.1388
1430,70,1500,0.1388
1436,68,1504,0.1388
1425,70,1495,0.1388
1430,70,1500,0.1388
1425,67,1492,0.1388
1429,69,1498,0.1388
1437,72,1509,0.1388
1440,70,1510,0.1388
1415,72,1487,0.1388
1430,70,1500,0.1388
1424,68,1492,0.1388
1421,70,1491,0.1388
1420,71,1491,0.1388
1425,70,1495,0.1388
1431,71,1502,0.1388
1438,72,1510,0.1388
1427,70,1497,0.1388
1430,71,1501,0.1388
1431,70,1501,0.1388
1422,75,1497,0.1388
1423,75,1498,0.1388
1423,75,1498,0.1388
1424,74,1498,0.1388
1420,75,1495,0.1388
1422,74,1496,0.1388
1422,71,1493,0.1388
1418,73,1491,0.1388
1437,70,1507,0.1388
1429,68,1497,0.1388
1435,70,1505,0.1388
1433,73,1506,0.1388
1429,70,1499,0.1388
1424,69,1493,0.1388
1419,71,1490,0.1388
1425,75,1500,0.1388
1430,74,1504,0.1388
1433,74,1507,0.1388
1430,75,1505,0.1388
1418,75,1493,0.1388
1423,72,1495,0.1388
1425,73,1498,0.1388
1421,72,1493,0.1388
1428,72,1500,0.1388
1436,73,1509,0.1388
1432,78,1510,0.1388
1445,79,1524,0.1388
1434,78,1512,0.1388
1430,80,1510,0.1388
1425,79,1504,0.1388
1416,77,1493,0.1388
1423,77,1500,0.1388
1417,77,1494,0.1388
1411,81,1492,0.1388
1411,81,1492,0.1388
1413,83,1496,0.1388
1405,83,1488,0.1388
1391,84,1475,0.1388
1407,87,1494,0.1388
1399,86,1485,0.1388
1398,89,1487,0.1388
1407,88,1495,0.1388
1394,88,1482,0.1388
1400,89,1489,0.1388
1397,91,1488,0.1388
1409,90,1499,0.1388
1404,89,1493,0.1388
1400,88,1488,0.1388
1398,88,1486,0.1388
1401,91,1492,0.1388
1402,91,1493,0.1388
1399,93,1492,0.1388
1404,95,1499,0.1388
1411,92,1503,0.1388
1407,90,1497,0.1388
1400,89,1489,0.1388
1393,88,1481,0.1388
1402,87,1489,0.1388
1391,88,1479,0.1388
1386,89,1475,0.1388
1384,88,1472,0.1388
1401,90,1491,0.1388
1406,93,1499,0.1388
1408,94,1502,0.1388
1407,89,1496,0.1388
1405,87,1492,0.1388
1409,89,1498,0.1388
1413,88,1501,0.1388
1404,91,1495,0.1388
1409,89,1498,0.1388
1403,90,1493,0.1388
1405,92,1497,0.1388
1408,93,1501,0.1388
1394,90,1484,0.1388
1394,92,1486,0.1388
1396,88,1484,0.1388
1403,87,1490,0.1388
1402,87,1489,0.1388
1395,87,1482,0.1388
1402,89,1491,0.1388
1383,90,1473,0.1388
1401,86,1487,0.1388
1393,89,1482,0.1388
1404,90,1494,0.1388
1415,90,1505,0.1388
1414,91,1505,0.1388
1412,91,1503,0.1388
1407,90,1497,0.1388
1398,92,1490,0.1388
1401,93,1494,0.1388
1411,90,1501,0.1388
1404,91,1495,0.1388
1404,89,1493,0.1388
1402,90,1492,0.1388
1410,86,1496,0.1388
1411,85,1496,0.1388
1408,84,1492,0.1388
1413,82,1495,0.1388
1414,86,1500,0.1388
1416,85,1501,0.1388
1414,89,1503,0.1388
1410,90,1500,0.1388
1401,92,1493,0.1388
1405,94,1499,0.1388
1399,95,1494,0.1388
1393,96,1489,0.1388
1396,92,1488,0.1388
1395,96,1491,0.1388
1397,99,1496,0.1388
1391,100,1491,0.1388
1396,99,1495,0.1388
1387,100,1487,0.1388
1394,100,1494,0.1388
1396,99,1495,0.1388
1398,96,1494,0.1388
1392,101,1493,0.1388
1379,100,1479,0.1388
1380,98,1478,0.1388
1390,97,1487,0.1388
1397,98,1495,0.1388
1388,98,1486,0.1388
1384,94,1478,0.1388
1397,95,1492,0.1388
1399,97,1496,0.1388
1392,102,1494,0.1388
1388,102,1490,0.1388
1400,103,1503,0.1388
1396,104,1500,0.1388
1396,102,1498,0.1388
1398,103,1501,0.1388
1398,106,1504,0.1388
1388,106,1494,0.1388
1408,106,1514,0.1388
1394,106,1500,0.1388
1402,105,1507,0.1388
1404,105,1509,0.1388
1392,104,1496,0.1388
1400,98,1498,0.1388
1380,97,1477,0.1388
1376,99,1475,0.1388
1378,102,1480,0.1388
1383,100,1483,0.1388
1377,104,1481,0.1388
1382,105,1487,0.1388
1386,104,1490,0.1388
1380,106,1486,0.1388
1395,109,1504,0.1388
1393,112,1505,0.1388
1400,112,1512,0.1388
1399,114,1513,0.1388
1385,119,1504,0.1388
1390,122,1512,0.1388
1388,120,1508,0.1388
1384,122,1506,0.1388
1378,121,1499,0.1388
1381,121,1502,0.1388
1395,122,1517,0.1388
1379,119,1498,0.1388
1382,119,1501,0.1388
1391,120,1511,0.1388
1392,120,1512,0.1388
1374,121,1495,0.1388
1372,121,1493,0.1388
1372,125,1497,0.1388
1376,126,1502,0.1388
1378,121,1499,0.1388
1395,122,1517,0.1388
1372,122,1494,0.1388
1386,121,1507,0.1388
1376,121,1497,0.1388
1390,123,1513,0.1388
1381,122,1503,0.1388
1379,124,1503,0.1388
1382,124,1506,0.1388
1377,124,1501,0.1388
1372,125,1497,0.1388
1372,126,1498,0.1388
1386,125,1511,0.1388
1389,129,1518,0.1388
1375,129,1504,0.1388
1377,128,1505,0.1388
1371,128,1499,0.1388
1365,128,1493,0.1388
1351,133,1484,0.1388
1354,139,1493,0.1388
1352,140,1492,0.1388
1341,135,1476,0.1388
1336,131,1467,0.1388
1345,133,1478,0.1388
1343,131,1474,0.1388
1351,134,1485,0.1388
1346,135,1481,0.1388
1355,131,1486,0.1388
1364,131,1495,0.1388
1351,134,1485,0.1388
1353,133,1486,0.1388
1366,135,1501,0.1388
1364,139,1503,0.1388
1374,136,1510,0.1388
1371,137,1508,0.1388
1368,137,1505,0.1388
1370,137,1507,0.1388
1362,137,1499,0.1388
1369,135,1504,0.1388
1356,138,1494,0.1388
1355,140,1495,0.1388
1348,140,1488,0.1388
1351,140,1491,0.1388
1341,143,1484,0.1388
1361,144,1505,0.1388
1345,143,1488,0.1388
1351,145,1496,0.1388
1353,149,1502,0.1388
1355,149,1504,0.1388
1350,150,1500,0.1388
1348,154,1502,0.1388
1340,153,1493,0.1388
1340,152,1492,0.1388
1352,150,1502,0.1388
1349,150,1499,0.1388
1354,149,1503,0.1388
1340,148,1488,0.1388
1332,147,1479,0.1388
1332,144,1476,0.1388
1337,147,1484,0.1388
1354,142,1496,0.1388
1348,144,1492,0.1388
1346,141,1487,0.1388
1347,144,1491,0.1388
1347,148,1495,0.1388
1342,146,1488,0.1388
1341,147,1488,0.1388
1340,144,1484,0.1388
1362,143,1505,0.1388
1354,146,1500,0.1388
1353,150,1503,0.1388
1341,151,1492,0.1388
1343,150,1493,0.1388
1330,150,1480,0.1388
1343,148,1491,0.1388
1356,150,1506,0.1388
1365,151,1516,0.1388
1358,150,1508,0.1388
1348,146,1494,0.1388
1349,147,1496,0.1388
1349,145,1494,0.1388
1330,145,1475,0.1388
1335,149,1484,0.1388
1321,152,1473,0.1388
1318,154,1472,0.1388
1325,157,1482,0.1388
1327,164,1491,0.1388
1327,161,1488,0.1388
1327,158,1485,0.1388
1317,157,1474,0.1388
1312,160,1472,0.1388
1317,168,1485,0.1388
1335,165,1500,0.1388
1324,163,1487,0.1388
1318,155,1473,0.1388
1340,160,1500,0.1388
1336,158,1494,0.1388
1344,161,1505,0.1388
1336,158,1494,0.1388
1344,159,1503,0.1388
1342,161,1503,0.1388
1348,160,1508,0.1388
1357,159,1516,0.1388
1351,161,1512,0.1388
1351,157,1508,0.1388
1344,158,1502,0.1388
1344,155,1499,0.1388
1339,159,1498,0.1388
1341,162,1503,0.1388
1327,164,1491,0.1388
1326,164,1490,0.1388
1319,162,1481,0.1388
1309,162,1471,0.1388
1309,163,1472,0.1388
1318,161,1479,0.1388
1326,163,1489,0.1388
1336,164,1500,0.1388
1338,161,1499,0.1388
1330,162,1492,0.1388
1334,164,1498,0.1388
1333,166,1499,0.1388
1329,170,1499,0.1388
1332,170,1502,0.1388
1339,168,1507,0.1388
1338,173,1511,0.1388
1340,171,1511,0.1388
1343,171,1514,0.1388
1314,171,1485,0.1388
1319,178,1497,0.1388
1304,176,1480,0.1388
1308,178,1486,0.1388
1297,180,1477,0.1388
1301,180,1481,0.1388
1299,181,1480,0.1388
1306,182,1488,0.1388
1313,184,1497,0.1388
1307,185,1492,0.1388
1312,184,1496,0.1388
1314,179,1493,0.1388
1299,178,1477,0.1388
1306,179,1485,0.1388
1315,179,1494,0.1388
1318,181,1499,0.1388
1328,186,1514,0.1388
1323,190,1513,0.1388
1313,191,1504,0.1388
1322,186,1508,0.1388
1323,182,1505,0.1388
1326,181,1507,0.1388
1316,183,1499,0.1388
1312,183,1495,0.1388
1312,179,1491,0.1388
1306,183,1489,0.1388
1302,183,1485,0.1388
1309,183,1492,0.1388
1320,183,1503,0.1388
1314,183,1497,0.1388
1326,183,1509,0.1388
1324,179,1503,0.1388
1319,182,1501,0.1388
1312,180,1492,0.1388
1306,182,1488,0.1388
1306,184,1490,0.1388
1301,185,1486,0.1388
1303,179,1482,0.1388
1324,179,1503,0.1388
1331,179,1510,0.1388
1317,177,1494,0.1388
1313,173,1486,0.1388
1307,178,1485,0.1388
1303,182,1485,0.1388
1302,185,1487,0.1388
1311,187,1498,0.1388
1317,191,1508,0.1388
1309,192,1501,0.1388
1292,193,1485,0.1388
1298,189,1487,0.1388
1302,188,1490,0.1388
1292,187,1479,0.1388
1292,186,1478,0.1388
1279,179,1458,0.1388
1294,185,1479,0.1388
1306,184,1490,0.1388
1313,189,1502,0.1388
1325,190,1515,0.1388
1310,188,1498,0.1388
1313,190,1503,0.1388
1310,190,1500,0.1388
1307,186,1493,0.1388
1299,182,1481,0.1388
1300,184,1484,0.1388
1297,183,1480,0.1388
1313,178,1491,0.1388
1305,178,1483,0.1388
1301,181,1482,0.1388
1301,179,1480,0.1388
1312,178,1490,0.1388
1300,179,1479,0.1388
1304,183,1487,0.1388
1290,183,1473,0.1388
1293,186,1479,0.1388
1300,191,1491,0.1388
1308,185,1493,0.1388
1301,188,1489,0.1388
1302,191,1493,0.1388
1291,189,1480,0.1388
1304,192,1496,0.1388
1305,193,1498,0.1388
1306,197,1503,0.1388
1313,203,1516,0.1388
1302,200,1502,0.1388
1293,200,1493,0.1388
1294,205,1499,0.1388
1300,197,1497,0.1388
1293,195,1488,0.1388
1305,191,1496,0.1388
1312,198,1510,0.1388
1308,199,1507,0.1388
1305,197,1502,0.1388
1308,194,1502,0.1388
1296,194,1490,0.1388
1291,197,1488,0.1388
1298,203,1501,0.1388
1302,204,1506,0.1388
1295,203,1498,0.1388
1301,209,1510,0.1388
1278,208,1486,0.1388
1277,209,1486,0.1388
1279,203,1482,0.1388
1278,203,1481,0.1388
1298,202,1500,0.1388
1313,201,1514,0.1388
1306,199,1505,0.1388
1292,201,1493,0.1388
1297,200,1497,0.1388
1290,199,1489,0.1388
1288,199,1487,0.1388
1282,201,1483,0.1388
1279,204,1483,0.1388
1280,207,1487,0.1388
1281,203,1484,0.1388
1290,203,1493,0.1388
1296,200,1496,0.1388
1281,200,1481,0.1388
1292,199,1491,0.1388
1291,195,1486,0.1388
1291,200,1491,0.1388
1274,201,1475,0.1388
1296,200,1496,0.1388
1299,198,1497,0.1388
1308,197,1505,0.1388
1310,198,1508,0.1388
1313,202,1515,0.1388
1305,203,1508,0.1388
1301,204,1505,0.1388
1299,203,1502,0.1388
1304,202,1506,0.1388
1303,204,1507,0.1388
1302,203,1505,0.1388
1308,201,1509,0.1388
1303,204,1507,0.1388
1297,205,1502,0.1388
1301,205,1506,0.1388
1299,204,1503,0.1388
1306,196,1502,0.1388
1302,194,1496,0.1388
1307,194,1501,0.1388
1315,196,1511,0.1388
1314,195,1509,0.1388
1302,193,1495,0.1388
1306,195,1501,0.1388
1297,196,1493,0.1388
1299,200,1499,0.1388
1295,199,1494,0.1388
1303,203,1506,0.1388
1306,200,1506,0.1388
1294,196,1490,0.1388
1302,197,1499,0.1388
1293,205,1498,0.1388
1289,205,1494,0.1388
1283,204,1487,0.1388
1276,203,1479,0.1388
1275,204,1479,0.1388
1274,203,1477,0.1388
1279,207,1486,0.1388
1279,210,1489,0.1388
1277,208,1485,0.1388
1277,210,1487,0.1388
1273,213,1486,0.1388
1259,214,1473,0.1388
1270,213,1483,0.1388
1274,217,1491,0.1388
1273,214,1487,0.1388
1268,215,1483,0.1388
1271,218,1489,0.1388
1274,215,1489,0.1388
1277,216,1493,0.1388
1283,217,1500,0.1388
1285,218,1503,0.1388
1284,217,1501,0.1388
1287,217,1504,0.1388
1272,223,1495,0.1388
1278,225,1503,0.1388
1263,229,1492,0.1388
1262,228,1490,0.1388
1250,225,1475,0.1388
1245,232,1477,0.1388
1240,226,1466,0.1388
1240,234,1474,0.1388
1252,234,1486,0.1388
1262,231,1493,0.1388
1265,229,1494,0.1388
1270,229,1499,0.1388
1271,231,1502,0.1388
1275,233,1508,0.1388
1279,240,1519,0.1388
1279,237,1516,0.1388
1274,240,1514,0.1388
1272,237,1509,0.1388
1258,238,1496,0.1388
1252,235,1487,0.1388
1255,243,1498,0.1388
1255,240,1495,0.1388
1266,241,1507,0.1388
1270,242,1512,0.1388
1276,238,1514,0.1388
1273,242,1515,0.1388
1267,238,1505,0.1388
1269,241,1510,0.1388
1280,241,1521,0.1388
1284,243,1527,0.1388
1268,239,1507,0.1388
1272,237,1509,0.1388
1272,234,1506,0.1388
1256,240,1496,0.1388
1261,243,1504,0.1388
1261,248,1509,0.1388
1251,242,1493,0.1388
1237,242,1479,0.1388
1244,253,1497,0.1388
1245,254,1499,0.1388
1249,249,1498,0.1388
1252,253,1505,0.1388
1244,254,1498,0.1388
1240,248,1488,0.1388
1247,246,1493,0.1388
1254,247,1501,0.1388
1252,247,1499,0.1388
1259,246,1505,0.1388
1253,245,1498,0.1388
1243,247,1490,0.1388
1239,249,1488,0.1388
1249,245,1494,0.1388
1240,243,1483,0.1388
1237,243,1480,0.1388
1250,240,1490,0.1388
1235,244,1479,0.1388
1243,248,1491,0.1388
1236,247,1483,0.1388
1240,247,1487,0.1388
1243,245,1488,0.1388
1244,246,1490,0.1388
1248,246,1494,0.1388
1247,249,1496,0.1388
1257,251,1508,0.1388
1244,252,1496,0.1388
1243,251,1494,0.1388
1245,246,1491,0.1388
1234,251,1485,0.1388
1232,252,1484,0.1388
1237,254,1491,0.1388
1241,252,1493,0.1388
1237,253,1490,0.1388
1244,254,1498,0.1388
1230,250,1480,0.1388
1241,257,1498,0.1388
1244,255,1499,0.1388
1237,258,1495,0.1388
1247,252,1499,0.1388
1249,248,1497,0.1388
1260,244,1504,0.1388
1255,243,1498,0.1388
1270,243,1513,0.1388
1263,244,1507,0.1388
1260,248,1508,0.1388
1258,248,1506,0.1388
1259,245,1504,0.1388
1262,248,1510,0.1388
1252,246,1498,0.1388
1254,253,1507,0.1388
1244,258,1502,0.1388
1254,255,1509,0.1388
1248,254,1502,0.1388
1242,250,1492,0.1388
1240,251,1491,0.1388
1236,251,1487,0.1388
1242,257,1499,0.1388
1238,249,1487,0.1388
1237,249,1486,0.1388
1241,255,1496,0.1388
1241,255,1496,0.1388
1245,249,1494,0.1388
1247,249,1496,0.1388
1260,250,1510,0.1388
1252,253,1505,0.1388
1241,257,1498,0.1388
1244,258,1502,0.1388
1254,258,1512,0.1388
1246,257,1503,0.1388
1235,262,1497,0.1388
1243,261,1504,0.1388
1231,260,1491,0.1388
1230,258,1488,0.1388
1228,258,1486,0.1388
1236,254,1490,0.1388
1230,255,1485,0.1388
1229,264,1493,0.1388
1223,265,1488,0.1388
1228,262,1490,0.1388
1234,258,1492,0.1388
1232,263,1495,0.1388
1223,258,1481,0.1388
1232,262,1494,0.1388
1234,259,1493,0.1388
1229,262,1491,0.1388
1224,262,1486,0.1388
1218,263,1481,0.1388
1219,264,1483,0.1388
1220,271,1491,0.1388
1222,273,1495,0.1388
1221,277,1498,0.1388
1222,280,1502,0.1388
1224,276,1500,0.1388
1236,268,1504,0.1388
1240,271,1511,0.1388
1246,275,1521,0.1388
1231,269,1500,0.1388
1225,270,1495,0.1388
1214,271,1485,0.1388
1225,261,1486,0.1388
1217,258,1475,0.1388
1232,258,1490,0.1388
1230,261,1491,0.1388
1226,257,1483,0.1388
1223,262,1485,0.1388
1224,271,1495,0.1388
1231,275,1506,0.1388
1233,278,1511,0.1388
1220,272,1492,0.1388
1228,275,1503,0.1388
1231,275,1506,0.1388
1213,277,1490,0.1388
1217,270,1487,0.1388
1212,271,1483,0.1388
1207,270,1477,0.1388
1215,272,1487,0.1388
1215,278,1493,0.1388
1210,277,1487,0.1388
1209,277,1486,0.1388
1206,276,1482,0.1388
1208,280,1488,0.1388
1215,281,1496,0.1388
1205,281,1486,0.1388
1210,283,1493,0.1388
1222,287,1509,0.1388
1222,276,1498,0.1388
1222,285,1507,0.1388
1228,289,1517,0.1388
1225,292,1517,0.1388
1222,288,1510,0.1388
1219,285,1504,0.1388
1216,283,1499,0.1388
1233,289,1522,0.1388
1222,288,1510,0.1388
1212,286,1498,0.1388
1210,289,1499,0.1388
1211,277,1488,0.1388
1234,276,1510,0.1388
1240,283,1523,0.1388
1228,272,1500,0.1388
1219,275,1494,0.1388
1217,273,1490,0.1388
1220,277,1497,0.1388
1228,276,1504,0.1388
1234,279,1513,0.1388
1223,278,1501,0.1388
1219,275,1494,0.1388
1228,275,1503,0.1388
1223,275,1498,0.1388
1219,279,1498,0.1388
1214,283,1497,0.1388
1204,282,1486,0.1388
1204,289,1493,0.1388
1205,278,1483,0.1388
1202,279,1481,0.1388
1215,270,1485,0.1388
1216,269,1485,0.1388
1226,266,1492,0.1388
1209,275,1484,0.1388
1215,283,1498,0.1388
1221,283,1504,0.1388
1220,289,1509,0.1388
1221,286,1507,0.1388
1219,293,1512,0.1388
1201,287,1488,0.1388
1213,287,1500,0.1388
1226,285,1511,0.1388
1205,282,1487,0.1388
1205,289,1494,0.1388
1196,291,1487,0.1388
1211,288,1499,0.1388
1198,291,1489,0.1388
1203,290,1493,0.1388
1200,288,1488,0.1388
1197,294,1491,0.1388
1195,301,1496,0.1388
1193,293,1486,0.1388
1191,296,1487,0.1388
1210,298,1508,0.1388
1220,298,1518,0.1388
1208,296,1504,0.1388
1201,291,1492,0.1388
1219,292,1511,0.1388
1220,297,1517,0.1388
1215,298,1513,0.1388
1212,296,1508,0.1388
1207,289,1496,0.1388
1199,295,1494,0.1388
1192,303,1495,0.1388
1187,302,1489,0.1388
1188,303,1491,0.1388
1181,306,1487,0.1388
1189,311,1500,0.1388
1185,315,1500,0.1388
1189,315,1504,0.1388
1175,318,1493,0.1388
1174,321,1495,0.1388
1171,327,1498,0.1388
1166,330,1496,0.1388
1164,334,1498,0.1388
1177,329,1506,0.1388
1175,328,1503,0.1388
1175,316,1491,0.1388
1159,325,1484,0.1388
1167,323,1490,0.1388
1178,331,1509,0.1388
1182,324,1506,0.1388
1180,320,1500,0.1388
1175,325,1500,0.1388
1163,323,1486,0.1388
1175,324,1499,0.1388
1176,325,1501,0.1388
1180,328,1508,0.1388
1187,326,1513,0.1388
1182,325,1507,0.1388
1177,320,1497,0.1388
1170,318,1488,0.1388
1168,322,1490,0.1388
1174,324,1498,0.1388
1174,327,1501,0.1388
1169,326,1495,0.1388
1167,330,1497,0.1388
1179,335,1514,0.1388
1164,337,1501,0.1388
1176,333,1509,0.1388
1159,336,1495,0.1388
1165,337,1502,0.1388
1154,343,1497,0.1388
1145,330,1475,0.1388
1133,326,1459,0.1388
1155,327,1482,0.1388
1160,332,1492,0.1388
1167,336,1503,0.1388
1163,336,1499,0.1388
1166,327,1493,0.1388
1165,337,1502,0.1388
1165,335,1500,0.1388
1168,340,1508,0.1388
1165,342,1507,0.1388
1163,349,1512,0.1388
1163,347,1510,0.1388
1164,345,1509,0.1388
1168,353,1521,0.1388
1166,357,1523,0.1388
1152,355,1507,0.1388
1146,361,1507,0.1388
1138,362,1500,0.1388
1138,365,1503,0.1388
1142,367,1509,0.1388
1135,363,1498,0.1388
1132,362,1494,0.1388
1132,361,1493,0.1388
1146,370,1516,0.1388
1136,367,1503,0.1388
1138,369,1507,0.1388
1146,364,1510,0.1388
1132,365,1497,0.1388
1140,370,1510,0.1388
1140,368,1508,0.1388
1134,366,1500,0.1388
1140,367,1507,0.1388
1140,375,1515,0.1388
1143,368,1511,0.1388
1144,372,1516,0.1388
1137,369,1506,0.1388
1120,371,1491,0.1388
1112,365,1477,0.1388
1113,365,1478,0.1388
1123,365,1488,0.1388
1139,372,1511,0.1388
1128,371,1499,0.1388
1127,368,1495,0.1388
1127,373,1500,0.1388
1131,374,1505,0.1388
1126,374,1500,0.1388
1124,372,1496,0.1388
1121,369,1490,0.1388
1113,366,1479,0.1388
1122,370,1492,0.1388
1119,376,1495,0.1388
1123,370,1493,0.1388
1121,372,1493,0.1388
1127,378,1505,0.1388
1126,377,1503,0.1388
1119,377,1496,0.1388
1125,375,1500,0.1388
1131,383,1514,0.1388
1130,387,1517,0.1388
1121,382,1503,0.1388
1109,385,1494,0.1388
1104,391,1495,0.1388
1086,395,1481,0.1388
1077,393,1470,0.1388
1080,395,1475,0.1388
1086,394,1480,0.1388
1089,401,1490,0.1388
1085,403,1488,0.1388
1090,404,1494,0.1388
1097,413,1510,0.1388
1103,411,1514,0.1388
1106,403,1509,0.1388
1100,398,1498,0.1388
1102,401,1503,0.1388
1101,411,1512,0.1388
1082,408,1490,0.1388
1089,405,1494,0.1388
1081,407,1488,0.1388
1092,407,1499,0.1388
1087,406,1493,0.1388
1085,406,1491,0.1388
1090,404,1494,0.1388
1096,406,1502,0.1388
1105,404,1509,0.1388
1102,406,1508,0.1388
1100,410,1510,0.1388
1087,411,1498,0.1388
1097,414,1511,0.1388
1088,413,1501,0.1388
1082,404,1486,0.1388
1086,401,1487,0.1388
1079,414,1493,0.1388
1084,413,1497,0.1388
1082,411,1493,0.1388
1079,413,1492,0.1388
1089,416,1505,0.1388
1082,411,1493,0.1388
1088,401,1489,0.1388
1093,406,1499,0.1388
1102,409,1511,0.1388
1094,401,1495,0.1388
1104,405,1509,0.1388
1107,411,1518,0.1388
1099,411,1510,0.1388
1092,414,1506,0.1388
1086,420,1506,0.1388
1092,410,1502,0.1388
1101,407,1508,0.1388
1100,404,1504,0.1388
1079,404,1483,0.1388
1079,413,1492,0.1388
1065,414,1479,0.1388
1066,408,1474,0.1388
1066,410,1476,0.1388
1073,408,1481,0.1388
1075,407,1482,0.1388
1072,412,1484,0.1388
1080,401,1481,0.1388
1092,404,1496,0.1388
1093,407,1500,0.1388
1079,413,1492,0.1388
1073,414,1487,0.1388
1074,413,1487,0.1388
1081,416,1497,0.1388
1093,420,1513,0.1388
1076,427,1503,0.1388
1078,424,1502,0.1388
1079,416,1495,0.1388
1082,416,1498,0.1388
1082,422,1504,0.1388
1080,427,1507,0.1388
1084,418,1502,0.1388
1081,422,1503,0.1388
1073,427,1500,0.1388
1079,423,1502,0.1388
1071,422,1493,0.1388
1078,425,1503,0.1388
1064,423,1487,0.1388
1061,432,1493,0.1388
1055,441,1496,0.1388
1044,430,1474,0.1388
1061,427,1488,0.1388
1065,433,1498,0.1388
1057,434,1491,0.1388
1062,438,1500,0.1388
1059,449,1508,0.1388
1059,449,1508,0.1388
1065,445,1510,0.1388
1056,447,1503,0.1388
1057,447,1504,0.1388
1060,446,1506,0.1388
1059,452,1511,0.1388
1050,444,1494,0.1388
1056,440,1496,0.1388
1046,443,1489,0.1388
1046,447,1493,0.1388
1044,449,1493,0.1388
1051,454,1505,0.1388
1038,457,1495,0.1388
1039,448,1487,0.1388
1039,452,1491,0.1388
1034,453,1487,0.1388
1038,452,1490,0.1388
1039,455,1494,0.1388
1036,458,1494,0.1388
1037,458,1495,0.1388
1034,458,1492,0.1388
1042,455,1497,0.1388
1033,463,1496,0.1388
1020,458,1478,0.1388
1028,468,1496,0.1388
1025,467,1492,0.1388
1012,467,1479,0.1388
1020,464,1484,0.1388
1024,471,1495,0.1388
1012,471,1483,0.1388
1015,481,1496,0.1388
998,477,1475,0.1388
1010,483,1493,0.1388
1011,479,1490,0.1388
1011,478,1489,0.1388
1029,479,1508,0.1388
1019,485,1504,0.1388
1016,490,1506,0.1388
1014,490,1504,0.1388
1008,491,1499,0.1388
1023,488,1511,0.1388
1014,486,1500,0.1388
1025,479,1504,0.1388
1033,480,1513,0.1388
1030,481,1511,0.1388
1014,483,1497,0.1388
1010,492,1502,0.1388
1017,493,1510,0.1388
1001,482,1483,0.1388
1000,485,1485,0.1388
1010,480,1490,0.1388
1014,485,1499,0.1388
1015,490,1505,0.1388
1019,487,1506,0.1388
1018,485,1503,0.1388
1014,483,1497,0.1388
1003,489,1492,0.1388
1002,486,1488,0.1388
1001,486,1487,0.1388
998,486,1484,0.1388
996,494,1490,0.1388
1006,491,1497,0.1388
998,495,1493,0.1388
993,502,1495,0.1388
992,497,1489,0.1388
998,499,1497,0.1388
991,507,1498,0.1388
989,501,1490,0.1388
993,506,1499,0.1388
998,510,1508,0.1388
981,521,1502,0.1388
980,517,1497,0.1388
984,523,1507,0.1388
983,522,1505,0.1388
987,510,1497,0.1388
986,515,1501,0.1388
986,524,1510,0.1388
974,521,1495,0.1388
979,522,1501,0.1388
986,520,1506,0.1388
996,521,1517,0.1388
989,529,1518,0.1388
983,530,1513,0.1388
986,522,1508,0.1388
988,518,1506,0.1388
982,521,1503,0.1388
972,518,1490,0.1388
984,518,1502,0.1388
988,519,1507,0.1388
987,511,1498,0.1388
986,514,1500,0.1388
976,518,1494,0.1388
972,521,1493,0.1388
981,528,1509,0.1388
967,525,1492,0.1388
976,526,1502,0.1388
973,527,1500,0.1388
974,538,1512,0.1388
972,540,1512,0.1388
974,534,1508,0.1388
976,535,1511,0.1388
983,530,1513,0.1388
977,540,1517,0.1388
983,539,1522,0.1388
988,536,1524,0.1388
974,539,1513,0.1388
962,538,1500,0.1388
963,544,1507,0.1388
959,545,1504,0.1388
948,543,1491,0.1388
961,550,1511,0.1388
961,560,1521,0.1388
953,557,1510,0.1388
950,550,1500,0.1388
947,561,1508,0.1388
949,563,1512,0.1388
938,557,1495,0.1388
934,559,1493,0.1388
926,558,1484,0.1388
931,562,1493,0.1388
933,551,1484,0.1388
934,547,1481,0.1388
941,552,1493,0.1388
947,548,1495,0.1388
938,554,1492,0.1388
946,552,1498,0.1388
949,553,1502,0.1388
949,560,1509,0.1388
945,556,1501,0.1388
942,553,1495,0.1388
947,545,1492,0.1388
956,536,1492,0.1388
959,536,1495,0.1388
959,534,1493,0.1388
967,538,1505,0.1388
965,534,1499,0.1388
953,542,1495,0.1388
956,539,1495,0.1388
951,541,1492,0.1388
945,542,1487,0.1388
941,544,1485,0.1388
946,543,1489,0.1388
952,550,1502,0.1388
953,550,1503,0.1388
969,545,1514,0.1388
960,550,1510,0.1388
955,549,1504,0.1388
969,550,1519,0.1388
951,548,1499,0.1388
955,546,1501,0.1388
956,539,1495,0.1388
967,530,1497,0.1388
964,529,1493,0.1388
968,536,1504,0.1388
962,540,1502,0.1388
964,545,1509,0.1388
969,541,1510,0.1388
953,538,1491,0.1388
955,539,1494,0.1388
956,539,1495,0.1388
961,528,1489,0.1388
952,526,1478,0.1388
959,527,1486,0.1388
950,540,1490,0.1388
948,549,1497,0.1388
945,546,1491,0.1388
943,545,1488,0.1388
951,556,1507,0.1388
955,551,1506,0.1388
955,552,1507,0.1388
953,553,1506,0.1388
959,556,1515,0.1388
968,545,1513,0.1388
965,549,1514,0.1388
966,550,1516,0.1388
948,546,1494,0.1388
950,547,1497,0.1388
945,557,1502,0.1388
944,548,1492,0.1388
944,553,1497,0.1388
951,559,1510,0.1388
950,550,1500,0.1388
947,562,1509,0.1388
936,572,1508,0.1388
930,576,1506,0.1388
932,576,1508,0.1388
932,574,1506,0.1388
927,570,1497,0.1388
929,572,1501,0.1388
938,569,1507,0.1388
936,574,1510,0.1388
935,581,1516,0.1388
938,583,1521,0.1388
938,595,1533,0.1388
923,593,1516,0.1388
913,583,1496,0.1388
918,591,1509,0.1388
913,585,1498,0.1388
915,586,1501,0.1388
920,588,1508,0.1388
918,592,1510,0.1388
913,587,1500,0.1388
914,583,1497,0.1388
909,580,1489,0.1388
907,590,1497,0.1388
910,590,1500,0.1388
917,590,1507,0.1388
905,592,1497,0.1388
908,595,1503,0.1388
915,600,1515,0.1388
905,602,1507,0.1388
896,598,1494,0.1388
898,600,1498,0.1388
908,602,1510,0.1388
911,598,1509,0.1388
911,605,1516,0.1388
901,605,1506,0.1388
904,607,1511,0.1388
898,612,1510,0.1388
892,619,1511,0.1388
897,620,1517,0.1388
883,615,1498,0.1388
876,621,1497,0.1388
887,614,1501,0.1388
884,619,1503,0.1388
882,622,1504,0.1388
880,632,1512,0.1388
878,633,1511,0.1388
879,625,1504,0.1388
868,632,1500,0.1388
864,625,1489,0.1388
864,628,1492,0.1388
868,627,1495,0.1388
860,635,1495,0.1388
864,645,1509,0.1388
861,640,1501,0.1388
874,635,1509,0.1388
871,634,1505,0.1388
878,632,1510,0.1388
876,639,1515,0.1388
865,638,1503,0.1388
864,646,1510,0.1388
862,634,1496,0.1388
855,643,1498,0.1388
856,636,1492,0.1388
857,639,1496,0.1388
863,642,1505,0.1388
854,643,1497,0.1388
860,650,1510,0.1388
846,650,1496,0.1388
848,650,1498,0.1388
834,658,1492,0.1388
835,664,1499,0.1388
850,662,1512,0.1388
849,665,1514,0.1388
855,670,1525,0.1388
859,670,1529,0.1388
852,669,1521,0.1388
843,680,1523,0.1388
842,679,1521,0.1388
849,679,1528,0.1388
853,665,1518,0.1388
847,657,1504,0.1388
849,655,1504,0.1388
844,663,1507,0.1388
841,672,1513,0.1388
843,678,1521,0.1388
840,669,1509,0.1388
846,674,1520,0.1388
849,672,1521,0.1388
834,676,1510,0.1388
828,673,1501,0.1388
829,669,1498,0.1388
829,678,1507,0.1388
821,687,1508,0.1388
825,683,1508,0.1388
826,674,1500,0.1388
831,678,1509,0.1388
818,676,1494,0.1388
816,681,1497,0.1388
817,688,1505,0.1388
814,686,1500,0.1388
821,682,1503,0.1388
820,687,1507,0.1388
814,685,1499,0.1388
814,693,1507,0.1388
807,693,1500,0.1388
820,693,1513,0.1388
822,680,1502,0.1388
819,671,1490,0.1388
827,673,1500,0.1388
821,673,1494,0.1388
823,682,1505,0.1388
830,680,1510,0.1388
832,678,1510,0.1388
822,674,1496,0.1388
835,667,1502,0.1388
840,670,1510,0.1388
834,667,1501,0.1388
836,670,1506,0.1388
823,674,1497,0.1388
824,683,1507,0.1388
824,679,1503,0.1388
835,671,1506,0.1388
818,674,1492,0.1388
821,670,1491,0.1388
819,668,1487,0.1388
810,677,1487,0.1388
814,672,1486,0.1388
814,675,1489,0.1388
818,685,1503,0.1388
833,678,1511,0.1388
823,678,1501,0.1388
825,678,1503,0.1388
830,675,1505,0.1388
827,678,1505,0.1388
826,678,1504,0.1388
826,677,1503,0.1388
818,681,1499,0.1388
813,688,1501,0.1388
807,686,1493,0.1388
800,692,1492,0.1388
805,698,1503,0.1388
796,700,1496,0.1388
797,697,1494,0.1388
802,701,1503,0.1388
808,706,1514,0.1388
802,705,1507,0.1388
798,699,1497,0.1388
792,699,1491,0.1388
798,701,1499,0.1388
795,705,1500,0.1388
816,703,1519,0.1388
825,696,1521,0.1388
821,689,1510,0.1388
818,680,1498,0.1388
813,688,1501,0.1388
816,682,1498,0.1388
812,683,1495,0.1388
806,690,1496,0.1388
799,691,1490,0.1388
788,696,1484,0.1388
786,697,1483,0.1388
796,698,1494,0.1388
788,697,1485,0.1388
787,695,1482,0.1388
791,706,1497,0.1388
812,710,1522,0.1388
808,711,1519,0.1388
813,715,1528,0.1388
811,710,1521,0.1388
802,709,1511,0.1388
789,713,1502,0.1388
785,710,1495,0.1388
790,704,1494,0.1388
799,706,1505,0.1388
798,713,1511,0.1388
802,721,1523,0.1388
798,727,1525,0.1388
788,725,1513,0.1388
783,710,1493,0.1388
781,710,1491,0.1388
772,717,1489,0.1388
774,720,1494,0.1388
767,731,1498,0.1388
766,729,1495,0.1388
778,728,1506,0.1388
788,728,1516,0.1388
785,713,1498,0.1388
782,710,1492,0.1388
781,712,1493,0.1388
780,724,1504,0.1388
779,719,1498,0.1388
779,725,1504,0.1388
775,726,1501,0.1388
780,728,1508,0.1388
786,723,1509,0.1388
792,716,1508,0.1388
785,715,1500,0.1388
784,713,1497,0.1388
784,715,1499,0.1388
787,717,1504,0.1388
781,718,1499,0.1388
796,712,1508,0.1388
801,720,1521,0.1388
795,714,1509,0.1388
799,720,1519,0.1388
801,718,1519,0.1388
799,723,1522,0.1388
795,727,1522,0.1388
790,724,1514,0.1388
785,729,1514,0.1388
782,718,1500,0.1388
786,715,1501,0.1388
787,719,1506,0.1388
788,719,1507,0.1388
789,714,1503,0.1388
785,724,1509,0.1388
792,716,1508,0.1388
788,720,1508,0.1388
791,716,1507,0.1388
783,718,1501,0.1388
777,710,1487,0.1388
778,709,1487,0.1388
772,723,1495,0.1388
763,727,1490,0.1388
763,732,1495,0.1388
777,733,1510,0.1388
782,736,1518,0.1388
785,734,1519,0.1388
775,734,1509,0.1388
776,737,1513,0.1388
772,733,1505,0.1388
774,741,1515,0.1388
785,740,1525,0.1388
778,739,1517,0.1388
763,740,1503,0.1388
763,742,1505,0.1388
763,750,1513,0.1388
761,740,1501,0.1388
760,745,1505,0.1388
754,740,1494,0.1388
763,737,1500,0.1388
761,736,1497,0.1388
767,738,1505,0.1388
764,746,1510,0.1388
764,742,1506,0.1388
760,747,1507,0.1388
757,755,1512,0.1388
755,743,1498,0.1388
748,744,1492,0.1388
758,744,1502,0.1388
746,748,1494,0.1388
747,746,1493,0.1388
744,751,1495,0.1388
747,744,1491,0.1388
738,747,1485,0.1388
735,749,1484,0.1388
739,751,1490,0.1388
736,743,1479,0.1388
738,750,1488,0.1388
744,760,1504,0.1388
747,763,1510,0.1388
746,760,1506,0.1388
744,755,1499,0.1388
743,754,1497,0.1388
750,762,1512,0.1388
747,754,1501,0.1388
739,752,1491,0.1388
738,769,1507,0.1388
743,763,1506,0.1388
745,759,1504,0.1388
743,766,1509,0.1388
727,768,1495,0.1388
718,772,1490,0.1388
720,772,1492,0.1388
724,774,1498,0.1388
726,767,1493,0.1388
737,767,1504,0.1388
734,762,1496,0.1388
732,768,1500,0.1388
740,766,1506,0.1388
747,765,1512,0.1388
737,766,1503,0.1388
734,762,1496,0.1388
737,765,1502,0.1388
734,769,1503,0.1388
729,772,1501,0.1388
730,770,1500,0.1388
726,765,1491,0.1388
718,760,1478,0.1388
717,764,1481,0.1388
719,770,1489,0.1388
727,780,1507,0.1388
728,786,1514,0.1388
724,781,1505,0.1388
730,778,1508,0.1388
718,778,1496,0.1388
719,773,1492,0.1388
724,772,1496,0.1388
737,776,1513,0.1388
729,775,1504,0.1388
734,782,1516,0.1388
735,781,1516,0.1388
734,791,1525,0.1388
738,787,1525,0.1388
740,791,1531,0.1388
730,794,1524,0.1388
731,792,1523,0.1388
733,778,1511,0.1388
735,780,1515,0.1388
724,783,1507,0.1388
728,783,1511,0.1388
719,779,1498,0.1388
722,792,1514,0.1388
716,801,1517,0.1388
722,801,1523,0.1388
707,805,1512,0.1388
705,805,1510,0.1388
710,800,1510,0.1388
708,806,1514,0.1388
719,804,1523,0.1388
716,799,1515,0.1388
708,796,1504,0.1388
702,795,1497,0.1388
706,812,1518,0.1388
703,817,1520,0.1388
699,804,1503,0.1388
694,809,1503,0.1388
692,814,1506,0.1388
687,821,1508,0.1388
682,821,1503,0.1388
696,828,1524,0.1388
684,832,1516,0.1388
686,826,1512,0.1388
682,826,1508,0.1388
682,824,1506,0.1388
685,821,1506,0.1388
685,820,1505,0.1388
696,820,1516,0.1388
686,824,1510,0.1388
689,833,1522,0.1388
679,833,1512,0.1388
675,834,1509,0.1388
675,838,1513,0.1388
679,836,1515,0.1388
681,836,1517,0.1388
687,829,1516,0.1388
690,831,1521,0.1388
684,834,1518,0.1388
681,839,1520,0.1388
670,841,1511,0.1388
665,836,1501,0.1388
657,840,1497,0.1388
659,854,1513,0.1388
658,849,1507,0.1388
659,849,1508,0.1388
658,844,1502,0.1388
653,849,1502,0.1388
648,851,1499,0.1388
647,858,1505,0.1388
643,864,1507,0.1388
637,863,1500,0.1388
635,871,1506,0.1388
633,872,1505,0.1388
632,866,1498,0.1388
637,863,1500,0.1388
628,873,1501,0.1388
635,873,1508,0.1388
640,876,1516,0.1388
642,868,1510,0.1388
642,866,1508,0.1388
647,873,1520,0.1388
643,874,1517,0.1388
638,869,1507,0.1388
641,865,1506,0.1388
641,861,1502,0.1388
646,863,1509,0.1388
645,864,1509,0.1388
644,868,1512,0.1388
640,870,1510,0.1388
638,882,1520,0.1388
644,878,1522,0.1388
644,877,1521,0.1388
637,882,1519,0.1388
627,872,1499,0.1388
628,873,1501,0.1388
632,861,1493,0.1388
641,868,1509,0.1388
636,879,1515,0.1388
632,883,1515,0.1388
634,886,1520,0.1388
625,882,1507,0.1388
639,892,1531,0.1388
636,887,1523,0.1388
629,881,1510,0.1388
634,880,1514,0.1388
633,889,1522,0.1388
635,885,1520,0.1388
626,879,1505,0.1388
633,869,1502,0.1388
638,870,1508,0.1388
638,881,1519,0.1388
642,881,1523,0.1388
649,876,1525,0.1388
654,880,1534,0.1388
640,879,1519,0.1388
637,880,1517,0.1388
631,880,1511,0.1388
628,880,1508,0.1388
623,879,1502,0.1388
625,882,1507,0.1388
625,885,1510,0.1388
627,886,1513,0.1388
622,886,1508,0.1388
631,885,1516,0.1388
631,877,1508,0.1388
630,878,1508,0.1388
630,870,1500,0.1388
615,876,1491,0.1388
616,860,1476,0.1388
617,885,1502,0.1388
614,887,1501,0.1388
612,890,1502,0.1388
624,887,1511,0.1388
624,893,1517,0.1388
615,892,1507,0.1388
622,891,1513,0.1388
622,896,1518,0.1388
623,896,1519,0.1388
618,904,1522,0.1388
619,901,1520,0.1388
612,903,1515,0.1388
615,901,1516,0.1388
610,900,1510,0.1388
593,895,1488,0.1388
596,904,1500,0.1388
592,898,1490,0.1388
600,898,1498,0.1388
602,895,1497,0.1388
602,904,1506,0.1388
601,915,1516,0.1388
608,904,1512,0.1388
608,900,1508,0.1388
601,905,1506,0.1388
600,910,1510,0.1388
604,899,1503,0.1388
596,904,1500,0.1388
594,904,1498,0.1388
605,894,1499,0.1388
610,903,1513,0.1388
608,905,1513,0.1388
604,906,1510,0.1388
600,912,1512,0.1388
605,898,1503,0.1388
593,899,1492,0.1388
595,907,1502,0.1388
598,905,1503,0.1388
605,907,1512,0.1388
605,895,1500,0.1388
603,907,1510,0.1388
604,907,1511,0.1388
606,909,1515,0.1388
605,904,1509,0.1388
603,904,1507,0.1388
609,913,1522,0.1388
608,919,1527,0.1388
598,912,1510,0.1388
601,903,1504,0.1388
597,901,1498,0.1388
595,905,1500,0.1388
603,905,1508,0.1388
607,911,1518,0.1388
609,907,1516,0.1388
601,905,1506,0.1388
599,892,1491,0.1388
592,905,1497,0.1388
596,913,1509,0.1388
590,909,1499,0.1388
590,901,1491,0.1388
592,905,1497,0.1388
594,909,1503,0.1388
594,909,1503,0.1388
587,912,1499,0.1388
582,911,1493,0.1388
575,913,1488,0.1388
581,920,1501,0.1388
588,920,1508,0.1388
584,926,1510,0.1388
591,935,1526,0.1388
582,932,1514,0.1388
579,928,1507,0.1388
585,927,1512,0.1388
574,923,1497,0.1388
562,928,1490,0.1388
564,937,1501,0.1388
568,933,1501,0.1388
562,943,1505,0.1388
572,947,1519,0.1388
571,946,1517,0.1388
573,946,1519,0.1388
575,949,1524,0.1388
570,939,1509,0.1388
568,926,1494,0.1388
563,933,1496,0.1388
554,929,1483,0.1388
555,942,1497,0.1388
551,940,1491,0.1388
547,953,1500,0.1388
551,958,1509,0.1388
551,957,1508,0.1388
545,957,1502,0.1388
557,958,1515,0.1388
557,947,1504,0.1388
559,950,1509,0.1388
552,947,1499,0.1388
550,958,1508,0.1388
550,958,1508,0.1388
544,961,1505,0.1388
549,963,1512,0.1388
553,959,1512,0.1388
553,953,1506,0.1388
548,956,1504,0.1388
547,961,1508,0.1388
552,957,1509,0.1388
542,961,1503,0.1388
540,956,1496,0.1388
542,955,1497,0.1388
543,967,1510,0.1388
542,973,1515,0.1388
549,964,1513,0.1388
546,967,1513,0.1388
548,961,1509,0.1388
544,968,1512,0.1388
542,973,1515,0.1388
539,980,1519,0.1388
537,979,1516,0.1388
530,966,1496,0.1388
529,961,1490,0.1388
531,966,1497,0.1388
531,963,1494,0.1388
530,964,1494,0.1388
526,962,1488,0.1388
534,974,1508,0.1388
533,967,1500,0.1388
539,966,1505,0.1388
544,974,1518,0.1388
539,974,1513,0.1388
536,975,1511,0.1388
539,970,1509,0.1388
528,981,1509,0.1388
520,982,1502,0.1388
521,979,1500,0.1388
513,976,1489,0.1388
519,988,1507,0.1388
512,983,1495,0.1388
515,984,1499,0.1388
518,981,1499,0.1388
520,975,1495,0.1388
524,988,1512,0.1388
536,980,1516,0.1388
532,981,1513,0.1388
523,978,1501,0.1388
515,991,1506,0.1388
513,994,1507,0.1388
503,989,1492,0.1388
503,988,1491,0.1388
501,982,1483,0.1388
506,984,1490,0.1388
522,980,1502,0.1388
522,976,1498,0.1388
524,980,1504,0.1388
520,994,1514,0.1388
524,996,1520,0.1388
522,998,1520,0.1388
518,1004,1522,0.1388
520,1003,1523,0.1388
521,1002,1523,0.1388
515,996,1511,0.1388
518,997,1515,0.1388
518,999,1517,0.1388
521,1001,1522,0.1388
519,1000,1519,0.1388
516,999,1515,0.1388
513,989,1502,0.1388
512,994,1506,0.1388
515,999,1514,0.1388
517,999,1516,0.1388
525,984,1509,0.1388
524,982,1506,0.1388
518,989,1507,0.1388
516,983,1499,0.1388
517,1006,1523,0.1388
519,992,1511,0.1388
521,990,1511,0.1388
524,993,1517,0.1388
525,989,1514,0.1388
527,996,1523,0.1388
527,992,1519,0.1388
526,997,1523,0.1388
520,992,1512,0.1388
516,986,1502,0.1388
512,991,1503,0.1388
505,992,1497,0.1388
507,1004,1511,0.1388
508,1010,1518,0.1388
503,1002,1505,0.1388
500,994,1494,0.1388
494,988,1482,0.1388
495,991,1486,0.1388
495,992,1487,0.1388
497,981,1478,0.1388
496,983,1479,0.1388
499,978,1477,0.1388
497,1000,1497,0.1388
501,996,1497,0.1388
500,993,1493,0.1388
499,997,1496,0.1388
499,1007,1506,0.1388
499,1008,1507,0.1388
502,1003,1505,0.1388
503,1007,1510,0.1388
499,1008,1507,0.1388
495,1012,1507,0.1388
506,999,1505,0.1388
510,995,1505,0.1388
505,994,1499,0.1388
508,991,1499,0.1388
508,981,1489,0.1388
509,997,1506,0.1388
507,998,1505,0.1388
505,1005,1510,0.1388
510,1002,1512,0.1388
507,1005,1512,0.1388
500,1008,1508,0.1388
495,1010,1505,0.1388
504,1021,1525,0.1388
503,1023,1526,0.1388
495,1025,1520,0.1388
484,1022,1506,0.1388
483,1025,1508,0.1388
487,1017,1504,0.1388
482,1006,1488,0.1388
498,1019,1517,0.1388
490,1005,1495,0.1388
498,1003,1501,0.1388
491,1012,1503,0.1388
489,1019,1508,0.1388
485,1014,1499,0.1388
486,1018,1504,0.1388
487,1017,1504,0.1388
489,1015,1504,0.1388
490,1030,1520,0.1388
484,1029,1513,0.1388
488,1037,1525,0.1388
490,1024,1514,0.1388
489,1013,1502,0.1388
479,1018,1497,0.1388
476,1025,1501,0.1388
478,1017,1495,0.1388
479,1019,1498,0.1388
482,1029,1511,0.1388
477,1029,1506,0.1388
472,1037,1509,0.1388
476,1030,1506,0.1388
475,1031,1506,0.1388
470,1037,1507,0.1388
467,1039,1506,0.1388
465,1040,1505,0.1388
472,1040,1512,0.1388
473,1037,1510,0.1388
469,1046,1515,0.1388
469,1039,1508,0.1388
476,1037,1513,0.1388
470,1030,1500,0.1388
471,1030,1501,0.1388
473,1041,1514,0.1388
474,1031,1505,0.1388
470,1034,1504,0.1388
479,1045,1524,0.1388
474,1037,1511,0.1388
480,1029,1509,0.1388
469,1032,1501,0.1388
465,1032,1497,0.1388
465,1031,1496,0.1388
461,1046,1507,0.1388
461,1045,1506,0.1388
468,1051,1519,0.1388
472,1049,1521,0.1388
466,1049,1515,0.1388
464,1049,1513,0.1388
460,1062,1522,0.1388
463,1060,1523,0.1388
453,1049,1502,0.1388
457,1057,1514,0.1388
454,1051,1505,0.1388
453,1052,1505,0.1388
444,1049,1493,0.1388
446,1055,1501,0.1388
443,1055,1498,0.1388
445,1057,1502,0.1388
445,1057,1502,0.1388
436,1065,1501,0.1388
436,1073,1509,0.1388
433,1061,1494,0.1388
438,1069,1507,0.1388
437,1076,1513,0.1388
438,1077,1515,0.1388
439,1072,1511,0.1388
446,1074,1520,0.1388
442,1073,1515,0.1388
435,1081,1516,0.1388
432,1072,1504,0.1388
432,1084,1516,0.1388
428,1089,1517,0.1388
428,1085,1513,0.1388
428,1095,1523,0.1388
436,1091,1527,0.1388
436,1097,1533,0.1388
433,1096,1529,0.1388
429,1095,1524,0.1388
430,1095,1525,0.1388
435,1092,1527,0.1388
431,1088,1519,0.1388
424,1088,1512,0.1388
428,1078,1506,0.1388
431,1081,1512,0.1388
425,1085,1510,0.1388
426,1086,1512,0.1388
426,1077,1503,0.1388
424,1075,1499,0.1388
427,1068,1495,0.1388
426,1078,1504,0.1388
428,1078,1506,0.1388
430,1082,1512,0.1388
429,1087,1516,0.1388
428,1087,1515,0.1388
436,1095,1531,0.1388
432,1087,1519,0.1388
433,1079,1512,0.1388
429,1081,1510,0.1388
430,1080,1510,0.1388
433,1083,1516,0.1388
433,1080,1513,0.1388
434,1086,1520,0.1388
424,1100,1524,0.1388
419,1094,1513,0.1388
420,1091,1511,0.1388
418,1088,1506,0.1388
414,1102,1516,0.1388
422,1100,1522,0.1388
412,1088,1500,0.1388
411,1091,1502,0.1388
409,1083,1492,0.1388
408,1096,1504,0.1388
405,1101,1506,0.1388
406,1089,1495,0.1388
394,1094,1488,0.1388
399,1101,1500,0.1388
400,1091,1491,0.1388
399,1091,1490,0.1388
408,1098,1506,0.1388
397,1098,1495,0.1388
396,1102,1498,0.1388
399,1108,1507,0.1388
404,1110,1514,0.1388
402,1122,1524,0.1388
399,1120,1519,0.1388
402,1107,1509,0.1388
404,1112,1516,0.1388
404,1115,1519,0.1388
406,1106,1512,0.1388
398,1104,1502,0.1388
399,1107,1506,0.1388
396,1114,1510,0.1388
398,1118,1516,0.1388
398,1112,1510,0.1388
393,1111,1504,0.1388
392,1096,1488,0.1388
391,1105,1496,0.1388
395,1105,1500,0.1388
393,1112,1505,0.1388
398,1112,1510,0.1388
393,1115,1508,0.1388
398,1116,1514,0.1388
397,1126,1523,0.1388
396,1136,1532,0.1388
391,1107,1498,0.1388
381,1114,1495,0.1388
381,1101,1482,0.1388
381,1102,1483,0.1388
385,1110,1495,0.1388
393,1116,1509,0.1388
385,1121,1506,0.1388
388,1132,1520,0.1388
388,1140,1528,0.1388
383,1138,1521,0.1388
388,1130,1518,0.1388
386,1118,1504,0.1388
379,1111,1490,0.1388
380,1116,1496,0.1388
378,1125,1503,0.1388
389,1110,1499,0.1388
387,1108,1495,0.1388
382,1114,1496,0.1388
381,1122,1503,0.1388
385,1135,1520,0.1388
387,1135,1522,0.1388
384,1138,1522,0.1388
381,1127,1508,0.1388
383,1124,1507,0.1388
384,1139,1523,0.1388
381,1125,1506,0.1388
378,1120,1498,0.1388
376,1124,1500,0.1388
374,1124,1498,0.1388
374,1139,1513,0.1388
381,1128,1509,0.1388
376,1121,1497,0.1388
372,1124,1496,0.1388
368,1134,1502,0.1388
371,1134,1505,0.1388
368,1133,1501,0.1388
364,1144,1508,0.1388
369,1140,1509,0.1388
370,1124,1494,0.1388
372,1137,1509,0.1388
372,1143,1515,0.1388
369,1146,1515,0.1388
365,1161,1526,0.1388
365,1144,1509,0.1388
368,1129,1497,0.1388
367,1154,1521,0.1388
361,1143,1504,0.1388
368,1146,1514,0.1388
367,1145,1512,0.1388
361,1144,1505,0.1388
362,1158,1520,0.1388
358,1141,1499,0.1388
355,1146,1501,0.1388
361,1133,1494,0.1388
364,1146,1510,0.1388
352,1155,1507,0.1388
356,1146,1502,0.1388
365,1136,1501,0.1388
368,1141,1509,0.1388
369,1147,1516,0.1388
370,1147,1517,0.1388
368,1147,1515,0.1388
367,1147,1514,0.1388
368,1135,1503,0.1388
361,1137,1498,0.1388
357,1142,1499,0.1388
356,1132,1488,0.1388
357,1125,1482,0.1388
355,1132,1487,0.1388
358,1134,1492,0.1388
357,1127,1484,0.1388
360,1138,1498,0.1388
361,1138,1499,0.1388
365,1139,1504,0.1388
368,1151,1519,0.1388
368,1140,1508,0.1388
380,1143,1523,0.1388
378,1150,1528,0.1388
371,1154,1525,0.1388
363,1151,1514,0.1388
356,1144,1500,0.1388
361,1144,1505,0.1388
362,1140,1502,0.1388
358,1138,1496,0.1388
364,1142,1506,0.1388
367,1143,1510,0.1388
371,1144,1515,0.1388
377,1149,1526,0.1388
375,1151,1526,0.1388
368,1145,1513,0.1388
367,1144,1511,0.1388
372,1156,1528,0.1388
368,1157,1525,0.1388
361,1163,1524,0.1388
354,1167,1521,0.1388
355,1162,1517,0.1388
355,1159,1514,0.1388
355,1165,1520,0.1388
356,1164,1520,0.1388
357,1157,1514,0.1388
360,1163,1523,0.1388
362,1158,1520,0.1388
362,1152,1514,0.1388
359,1151,1510,0.1388
362,1168,1530,0.1388
360,1168,1528,0.1388
362,1165,1527,0.1388
360,1163,1523,0.1388
356,1164,1520,0.1388
350,1160,1510,0.1388
356,1176,1532,0.1388
360,1176,1536,0.1388
362,1175,1537,0.1388
359,1177,1536,0.1388
356,1167,1523,0.1388
355,1165,1520,0.1388
360,1159,1519,0.1388
362,1163,1525,0.1388
361,1160,1521,0.1388
353,1169,1522,0.1388
360,1155,1515,0.1388
356,1150,1506,0.1388
351,1166,1517,0.1388
357,1154,1511,0.1388
357,1165,1522,0.1388
353,1162,1515,0.1388
354,1149,1503,0.1388
359,1145,1504,0.1388
361,1142,1503,0.1388
356,1148,1504,0.1388
363,1148,1511,0.1388
363,1131,1494,0.1388
371,1147,1518,0.1388
370,1152,1522,0.1388
366,1152,1518,0.1388
366,1153,1519,0.1388
368,1143,1511,0.1388
369,1150,1519,0.1388
375,1146,1521,0.1388
373,1142,1515,0.1388
365,1129,1494,0.1388
361,1125,1486,0.1388
365,1144,1509,0.1388
372,1145,1517,0.1388
377,1147,1524,0.1388
370,1144,1514,0.1388
372,1146,1518,0.1388
368,1135,1503,0.1388
364,1139,1503,0.1388
364,1140,1504,0.1388
365,1136,1501,0.1388
366,1144,1510,0.1388
362,1139,1501,0.1388
361,1138,1499,0.1388
361,1142,1503,0.1388
365,1146,1511,0.1388
360,1140,1500,0.1388
361,1146,1507,0.1388
363,1150,1513,0.1388
357,1148,1505,0.1388
355,1148,1503,0.1388
348,1148,1496,0.1388
352,1162,1514,0.1388
356,1160,1516,0.1388
355,1151,1506,0.1388
353,1155,1508,0.1388
360,1147,1507,0.1388
356,1159,1515,0.1388
351,1164,1515,0.1388
348,1160,1508,0.1388
348,1168,1516,0.1388
348,1170,1518,0.1388
348,1165,1513,0.1388
347,1164,1511,0.1388
346,1172,1518,0.1388
348,1163,1511,0.1388
354,1162,1516,0.1388
349,1169,1518,0.1388
345,1163,1508,0.1388
344,1162,1506,0.1388
348,1165,1513,0.1388
347,1172,1519,0.1388
345,1172,1517,0.1388
347,1161,1508,0.1388
345,1180,1525,0.1388
348,1192,1540,0.1388
348,1174,1522,0.1388
345,1174,1519,0.1388
340,1172,1512,0.1388
336,1177,1513,0.1388
340,1174,1514,0.1388
345,1169,1514,0.1388
346,1161,1507,0.1388
344,1162,1506,0.1388
340,1153,1493,0.1388
336,1148,1484,0.1388
343,1167,1510,0.1388
343,1159,1502,0.1388
344,1158,1502,0.1388
341,1158,1499,0.1388
346,1168,1514,0.1388
353,1162,1515,0.1388
347,1163,1510,0.1388
347,1163,1510,0.1388
352,1164,1516,0.1388
352,1166,1518,0.1388
350,1164,1514,0.1388
354,1165,1519,0.1388
349,1167,1516,0.1388
358,1169,1527,0.1388
355,1170,1525,0.1388
352,1169,1521,0.1388
351,1170,1521,0.1388
345,1167,1512,0.1388
352,1173,1525,0.1388
347,1166,1513,0.1388
351,1153,1504,0.1388
351,1160,1511,0.1388
346,1172,1518,0.1388
350,1183,1533,0.1388
347,1181,1528,0.1388
341,1176,1517,0.1388
341,1186,1527,0.1388
340,1183,1523,0.1388
337,1176,1513,0.1388
336,1172,1508,0.1388
330,1170,1500,0.1388
333,1174,1507,0.1388
338,1177,1515,0.1388
343,1176,1519,0.1388
338,1179,1517,0.1388
335,1172,1507,0.1388
337,1180,1517,0.1388
335,1187,1522,0.1388
337,1186,1523,0.1388
335,1170,1505,0.1388
337,1169,1506,0.1388
339,1173,1512,0.1388
332,1171,1503,0.1388
329,1178,1507,0.1388
327,1186,1513,0.1388
328,1187,1515,0.1388
324,1187,1511,0.1388
321,1185,1506,0.1388
318,1180,1498,0.1388
315,1180,1495,0.1388
315,1185,1500,0.1388
314,1195,1509,0.1388
306,1200,1506,0.1388
309,1197,1506,0.1388
316,1203,1519,0.1388
314,1199,1513,0.1388
310,1202,1512,0.1388
314,1202,1516,0.1388
315,1206,1521,0.1388
315,1199,1514,0.1388
316,1196,1512,0.1388
312,1195,1507,0.1388
311,1194,1505,0.1388
313,1206,1519,0.1388
315,1201,1516,0.1388
317,1210,1527,0.1388
312,1197,1509,0.1388
310,1196,1506,0.1388
315,1185,1500,0.1388
309,1194,1503,0.1388
313,1198,1511,0.1388
314,1205,1519,0.1388
317,1200,1517,0.1388
317,1187,1504,0.1388
315,1200,1515,0.1388
313,1192,1505,0.1388
311,1210,1521,0.1388
304,1207,1511,0.1388
299,1199,1498,0.1388
296,1204,1500,0.1388
303,1203,1506,0.1388
303,1205,1508,0.1388
300,1206,1506,0.1388
304,1202,1506,0.1388
299,1203,1502,0.1388
297,1207,1504,0.1388
296,1210,1506,0.1388
295,1208,1503,0.1388
295,1220,1515,0.1388
300,1217,1517,0.1388
302,1211,1513,0.1388
298,1204,1502,0.1388
294,1204,1498,0.1388
295,1212,1507,0.1388
302,1212,1514,0.1388
295,1217,1512,0.1388
295,1223,1518,0.1388
292,1214,1506,0.1388
293,1226,1519,0.1388
295,1213,1508,0.1388
296,1230,1526,0.1388
293,1229,1522,0.1388
288,1229,1517,0.1388
292,1231,1523,0.1388
292,1223,1515,0.1388
292,1225,1517,0.1388
294,1233,1527,0.1388
290,1223,1513,0.1388
285,1231,1516,0.1388
276,1224,1500,0.1388
284,1231,1515,0.1388
286,1238,1524,0.1388
287,1228,1515,0.1388
289,1211,1500,0.1388
293,1207,1500,0.1388
298,1222,1520,0.1388
295,1238,1533,0.1388
296,1228,1524,0.1388
295,1215,1510,0.1388
296,1209,1505,0.1388
297,1212,1509,0.1388
298,1218,1516,0.1388
299,1221,1520,0.1388
296,1222,1518,0.1388
299,1217,1516,0.1388
302,1213,1515,0.1388
297,1226,1523,0.1388
294,1227,1521,0.1388
299,1228,1527,0.1388
294,1219,1513,0.1388
295,1230,1525,0.1388
294,1231,1525,0.1388
291,1219,1510,0.1388
295,1210,1505,0.1388
298,1211,1509,0.1388
300,1211,1511,0.1388
302,1214,1516,0.1388
295,1206,1501,0.1388
299,1205,1504,0.1388
298,1213,1511,0.1388
293,1214,1507,0.1388
298,1214,1512,0.1388
299,1219,1518,0.1388
296,1213,1509,0.1388
292,1214,1506,0.1388
289,1204,1493,0.1388
299,1218,1517,0.1388
297,1221,1518,0.1388
304,1212,1516,0.1388
302,1214,1516,0.1388
301,1222,1523,0.1388
296,1214,1510,0.1388
292,1212,1504,0.1388
292,1204,1496,0.1388
291,1207,1498,0.1388
291,1212,1503,0.1388
297,1220,1517,0.1388
291,1206,1497,0.1388
295,1211,1506,0.1388
294,1215,1509,0.1388
289,1217,1506,0.1388
296,1211,1507,0.1388
295,1205,1500,0.1388
285,1209,1494,0.1388
288,1228,1516,0.1388
291,1230,1521,0.1388
290,1223,1513,0.1388
281,1221,1502,0.1388
289,1229,1518,0.1388
285,1231,1516,0.1388
281,1228,1509,0.1388
280,1224,1504,0.1388
275,1228,1503,0.1388
272,1238,1510,0.1388
279,1242,1521,0.1388
278,1244,1522,0.1388
270,1244,1514,0.1388
276,1244,1520,0.1388
280,1230,1510,0.1388
280,1228,1508,0.1388
276,1225,1501,0.1388
275,1228,1503,0.1388
276,1245,1521,0.1388
266,1237,1503,0.1388
264,1232,1496,0.1388
270,1237,1507,0.1388
264,1250,1514,0.1388
267,1243,1510,0.1388
260,1243,1503,0.1388
265,1242,1507,0.1388
263,1243,1506,0.1388
261,1232,1493,0.1388
262,1240,1502,0.1388
261,1253,1514,0.1388
262,1254,1516,0.1388
268,1251,1519,0.1388
262,1247,1509,0.1388
263,1243,1506,0.1388
260,1238,1498,0.1388
262,1240,1502,0.1388
260,1253,1513,0.1388
263,1256,1519,0.1388
260,1256,1516,0.1388
261,1255,1516,0.1388
262,1253,1515,0.1388
256,1260,1516,0.1388
250,1260,1510,0.1388
257,1251,1508,0.1388
258,1264,1522,0.1388
255,1261,1516,0.1388
259,1262,1521,0.1388
263,1271,1534,0.1388
260,1262,1522,0.1388
264,1254,1518,0.1388
263,1249,1512,0.1388
264,1240,1504,0.1388
267,1243,1510,0.1388
267,1243,1510,0.1388
261,1242,1503,0.1388
267,1242,1509,0.1388
260,1230,1490,0.1388
256,1257,1513,0.1388
254,1251,1505,0.1388
256,1255,1511,0.1388
251,1262,1513,0.1388
255,1254,1509,0.1388
259,1251,1510,0.1388
256,1253,1509,0.1388
255,1259,1514,0.1388
252,1251,1503,0.1388
255,1250,1505,0.1388
256,1252,1508,0.1388
253,1257,1510,0.1388
251,1255,1506,0.1388
252,1253,1505,0.1388
253,1249,1502,0.1388
248,1259,1507,0.1388
249,1264,1513,0.1388
245,1270,1515,0.1388
248,1266,1514,0.1388
246,1282,1528,0.1388
246,1287,1533,0.1388
246,1267,1513,0.1388
246,1265,1511,0.1388
242,1267,1509,0.1388
239,1261,1500,0.1388
245,1260,1505,0.1388
248,1254,1502,0.1388
246,1258,1504,0.1388
246,1258,1504,0.1388
248,1270,1518,0.1388
249,1269,1518,0.1388
252,1262,1514,0.1388
253,1270,1523,0.1388
254,1265,1519,0.1388
255,1266,1521,0.1388
254,1257,1511,0.1388
253,1259,1512,0.1388
251,1269,1520,0.1388
248,1264,1512,0.1388
251,1268,1519,0.1388
252,1260,1512,0.1388
253,1257,1510,0.1388
251,1261,1512,0.1388
247,1274,1521,0.1388
258,1274,1532,0.1388
252,1264,1516,0.1388
253,1265,1518,0.1388
252,1269,1521,0.1388
248,1262,1510,0.1388
245,1255,1500,0.1388
246,1259,1505,0.1388
248,1255,1503,0.1388
249,1254,1503,0.1388
245,1270,1515,0.1388
245,1270,1515,0.1388
249,1263,1512,0.1388
244,1258,1502,0.1388
242,1273,1515,0.1388
243,1272,1515,0.1388
243,1271,1514,0.1388
244,1273,1517,0.1388
240,1267,1507,0.1388
241,1266,1507,0.1388
244,1273,1517,0.1388
238,1265,1503,0.1388
236,1273,1509,0.1388
233,1267,1500,0.1388
241,1281,1522,0.1388
241,1288,1529,0.1388
234,1288,1522,0.1388
235,1275,1510,0.1388
227,1274,1501,0.1388
228,1280,1508,0.1388
233,1287,1520,0.1388
232,1285,1517,0.1388
238,1284,1522,0.1388
243,1284,1527,0.1388
236,1285,1521,0.1388
235,1284,1519,0.1388
235,1276,1511,0.1388
230,1290,1520,0.1388
232,1298,1530,0.1388
229,1283,1512,0.1388
231,1289,1520,0.1388
234,1288,1522,0.1388
234,1289,1523,0.1388
231,1300,1531,0.1388
227,1299,1526,0.1388
225,1296,1521,0.1388
227,1285,1512,0.1388
233,1284,1517,0.1388
235,1287,1522,0.1388
238,1283,1521,0.1388
233,1283,1516,0.1388
234,1283,1517,0.1388
237,1277,1514,0.1388
233,1288,1521,0.1388
231,1292,1523,0.1388
232,1284,1516,0.1388
232,1281,1513,0.1388
230,1276,1506,0.1388
233,1273,1506,0.1388
230,1265,1495,0.1388
232,1280,1512,0.1388
234,1275,1509,0.1388
232,1279,1511,0.1388
230,1276,1506,0.1388
231,1263,1494,0.1388
223,1259,1482,0.1388
226,1273,1499,0.1388
223,1278,1501,0.1388
225,1284,1509,0.1388
226,1271,1497,0.1388
226,1278,1504,0.1388
227,1277,1504,0.1388
225,1290,1515,0.1388
227,1289,1516,0.1388
227,1294,1521,0.1388
226,1291,1517,0.1388
222,1289,1511,0.1388
227,1292,1519,0.1388
233,1288,1521,0.1388
230,1279,1509,0.1388
224,1285,1509,0.1388
227,1281,1508,0.1388
226,1281,1507,0.1388
232,1281,1513,0.1388
226,1282,1508,0.1388
225,1283,1508,0.1388
231,1275,1506,0.1388
230,1276,1506,0.1388
230,1278,1508,0.1388
231,1283,1514,0.1388
231,1284,1515,0.1388
226,1285,1511,0.1388
228,1288,1516,0.1388
230,1279,1509,0.1388
229,1282,1511,0.1388
228,1279,1507,0.1388
225,1277,1502,0.1388
228,1285,1513,0.1388
223,1277,1500,0.1388
223,1281,1504,0.1388
225,1285,1510,0.1388
228,1301,1529,0.1388
225,1288,1513,0.1388
227,1289,1516,0.1388
227,1289,1516,0.1388
226,1293,1519,0.1388
224,1289,1513,0.1388
220,1296,1516,0.1388
226,1295,1521,0.1388
222,1282,1504,0.1388
225,1279,1504,0.1388
233,1283,1516,0.1388
228,1293,1521,0.1388
230,1283,1513,0.1388
233,1277,1510,0.1388
233,1283,1516,0.1388
233,1289,1522,0.1388
241,1293,1534,0.1388
236,1284,1520,0.1388
236,1279,1515,0.1388
234,1293,1527,0.1388
226,1300,1526,0.1388
226,1298,1524,0.1388
222,1294,1516,0.1388
224,1294,1518,0.1388
222,1284,1506,0.1388
224,1291,1515,0.1388
219,1285,1504,0.1388
224,1298,1522,0.1388
220,1294,1514,0.1388
222,1273,1495,0.1388
222,1283,1505,0.1388
227,1283,1510,0.1388
226,1284,1510,0.1388
232,1283,1515,0.1388
231,1285,1516,0.1388
231,1285,1516,0.1388
229,1279,1508,0.1388
228,1280,1508,0.1388
223,1283,1506,0.1388
226,1286,1512,0.1388
227,1284,1511,0.1388
229,1268,1497,0.1388
230,1280,1510,0.1388
231,1282,1513,0.1388
231,1293,1524,0.1388
230,1276,1506,0.1388
224,1283,1507,0.1388
226,1288,1514,0.1388
225,1294,1519,0.1388
225,1289,1514,0.1388
230,1286,1516,0.1388
226,1287,1513,0.1388
227,1295,1522,0.1388
220,1294,1514,0.1388
220,1279,1499,0.1388
224,1279,1503,0.1388
227,1285,1512,0.1388
225,1297,1522,0.1388
224,1304,1528,0.1388
220,1301,1521,0.1388
221,1288,1509,0.1388
222,1284,1506,0.1388
221,1289,1510,0.1388
220,1282,1502,0.1388
215,1292,1507,0.1388
214,1303,1517,0.1388
210,1308,1518,0.1388
209,1311,1520,0.1388
205,1311,1516,0.1388
209,1301,1510,0.1388
210,1306,1516,0.1388
210,1300,1510,0.1388
211,1295,1506,0.1388
211,1288,1499,0.1388
213,1291,1504,0.1388
214,1287,1501,0.1388
215,1288,1503,0.1388
209,1298,1507,0.1388
213,1308,1521,0.1388
218,1293,1511,0.1388
217,1290,1507,0.1388
219,1289,1508,0.1388
212,1287,1499,0.1388
210,1301,1511,0.1388
208,1295,1503,0.1388
208,1305,1513,0.1388
211,1300,1511,0.1388
208,1296,1504,0.1388
207,1305,1512,0.1388
208,1310,1518,0.1388
199,1313,1512,0.1388
200,1310,1510,0.1388
199,1303,1502,0.1388
204,1317,1521,0.1388
205,1317,1522,0.1388
208,1304,1512,0.1388
211,1304,1515,0.1388
212,1306,1518,0.1388
204,1301,1505,0.1388
205,1300,1505,0.1388
204,1307,1511,0.1388
203,1317,1520,0.1388
200,1327,1527,0.1388
197,1313,1510,0.1388
202,1320,1522,0.1388
204,1313,1517,0.1388
200,1316,1516,0.1388
194,1319,1513,0.1388
193,1321,1514,0.1388
197,1321,1518,0.1388
199,1323,1522,0.1388
197,1321,1518,0.1388
196,1319,1515,0.1388
198,1321,1519,0.1388
196,1318,1514,0.1388
200,1324,1524,0.1388
197,1305,1502,0.1388
199,1323,1522,0.1388
201,1322,1523,0.1388
198,1316,1514,0.1388
195,1337,1532,0.1388
195,1344,1539,0.1388
193,1320,1513,0.1388
193,1320,1513,0.1388
196,1310,1506,0.1388
201,1313,1514,0.1388
201,1316,1517,0.1388
196,1325,1521,0.1388
197,1318,1515,0.1388
195,1320,1515,0.1388
192,1313,1505,0.1388
192,1313,1505,0.1388
186,1314,1500,0.1388
186,1320,1506,0.1388
184,1332,1516,0.1388
183,1329,1512,0.1388
187,1333,1520,0.1388
189,1338,1527,0.1388
186,1347,1533,0.1388
182,1347,1529,0.1388
180,1334,1514,0.1388
179,1332,1511,0.1388
179,1335,1514,0.1388
183,1330,1513,0.1388
181,1313,1494,0.1388
181,1324,1505,0.1388
178,1336,1514,0.1388
175,1348,1523,0.1388
177,1346,1523,0.1388
183,1346,1529,0.1388
181,1340,1521,0.1388
183,1343,1526,0.1388
181,1338,1519,0.1388
177,1329,1506,0.1388
174,1332,1506,0.1388
174,1334,1508,0.1388
174,1321,1495,0.1388
177,1327,1504,0.1388
176,1342,1518,0.1388
171,1335,1506,0.1388
171,1337,1508,0.1388
168,1336,1504,0.1388
171,1349,1520,0.1388
168,1343,1511,0.1388
164,1338,1502,0.1388
168,1344,1512,0.1388
169,1337,1506,0.1388
167,1342,1509,0.1388
167,1338,1505,0.1388
163,1341,1504,0.1388
159,1352,1511,0.1388
157,1362,1519,0.1388
162,1350,1512,0.1388
160,1356,1516,0.1388
158,1354,1512,0.1388
163,1365,1528,0.1388
161,1364,1525,0.1388
161,1355,1516,0.1388
166,1351,1517,0.1388
167,1333,1500,0.1388
165,1348,1513,0.1388
166,1340,1506,0.1388
164,1339,1503,0.1388
159,1333,1492,0.1388
155,1328,1483,0.1388
155,1326,1481,0.1388
153,1346,1499,0.1388
152,1344,1496,0.1388
149,1348,1497,0.1388
154,1358,1512,0.1388
151,1360,1511,0.1388
148,1362,1510,0.1388
146,1360,1506,0.1388
148,1372,1520,0.1388
149,1362,1511,0.1388
148,1372,1520,0.1388
148,1355,1503,0.1388
145,1352,1497,0.1388
150,1363,1513,0.1388
143,1367,1510,0.1388
142,1360,1502,0.1388
148,1354,1502,0.1388
151,1362,1513,0.1388
150,1373,1523,0.1388
149,1350,1499,0.1388
144,1368,1512,0.1388
146,1372,1518,0.1388
138,1366,1504,0.1388
132,1372,1504,0.1388
135,1371,1506,0.1388
132,1367,1499,0.1388
131,1372,1503,0.1388
128,1379,1507,0.1388
127,1382,1509,0.1388
128,1391,1519,0.1388
127,1395,1522,0.1388
128,1396,1524,0.1388
128,1393,1521,0.1388
129,1378,1507,0.1388
130,1382,1512,0.1388
130,1393,1523,0.1388
134,1386,1520,0.1388
133,1376,1509,0.1388
133,1379,1512,0.1388
127,1392,1519,0.1388
125,1398,1523,0.1388
128,1400,1528,0.1388
128,1399,1527,0.1388
127,1386,1513,0.1388
127,1369,1496,0.1388
123,1387,1510,0.1388
120,1393,1513,0.1388
122,1383,1505,0.1388
124,1384,1508,0.1388
122,1396,1518,0.1388
122,1389,1511,0.1388
118,1384,1502,0.1388
118,1389,1507,0.1388
115,1399,1514,0.1388
113,1410,1523,0.1388
114,1406,1520,0.1388
118,1415,1533,0.1388
116,1411,1527,0.1388
115,1399,1514,0.1388
108,1404,1512,0.1388
105,1406,1511,0.1388
103,1405,1508,0.1388
104,1410,1514,0.1388
105,1395,1500,0.1388
104,1396,1500,0.1388
108,1391,1499,0.1388
112,1398,1510,0.1388
115,1392,1507,0.1388
115,1390,1505,0.1388
113,1393,1506,0.1388
117,1401,1518,0.1388
115,1403,1518,0.1388
118,1411,1529,0.1388
116,1402,1518,0.1388
117,1410,1527,0.1388
112,1407,1519,0.1388
113,1402,1515,0.1388
110,1402,1512,0.1388
110,1408,1518,0.1388
105,1411,1516,0.1388
109,1419,1528,0.1388
108,1414,1522,0.1388
110,1407,1517,0.1388
109,1404,1513,0.1388
105,1419,1524,0.1388
102,1421,1523,0.1388
102,1417,1519,0.1388
99,1414,1513,0.1388
105,1422,1527,0.1388
105,1413,1518,0.1388
105,1415,1520,0.1388
97,1410,1507,0.1388
99,1416,1515,0.1388
99,1406,1505,0.1388
100,1416,1516,0.1388
103,1414,1517,0.1388
105,1420,1525,0.1388
105,1409,1514,0.1388
105,1407,1512,0.1388
106,1421,1527,0.1388
106,1416,1522,0.1388
107,1414,1521,0.1388
107,1420,1527,0.1388
105,1415,1520,0.1388
107,1418,1525,0.1388
106,1419,1525,0.1388
105,1421,1526,0.1388
107,1428,1535,0.1388
105,1422,1527,0.1388
105,1407,1512,0.1388
102,1400,1502,0.1388
100,1400,1500,0.1388
100,1414,1514,0.1388
97,1423,1520,0.1388
97,1416,1513,0.1388
99,1415,1514,0.1388
97,1408,1505,0.1388
96,1410,1506,0.1388
97,1411,1508,0.1388
96,1416,1512,0.1388
98,1418,1516,0.1388
96,1423,1519,0.1388
92,1427,1519,0.1388
93,1425,1518,0.1388
92,1426,1518,0.1388
89,1432,1521,0.1388
90,1426,1516,0.1388
90,1433,1523,0.1388
92,1416,1508,0.1388
90,1414,1504,0.1388
94,1430,1524,0.1388
96,1427,1523,0.1388
95,1435,1530,0.1388
98,1424,1522,0.1388
102,1427,1529,0.1388
101,1419,1520,0.1388
97,1428,1525,0.1388
95,1424,1519,0.1388
94,1428,1522,0.1388
97,1415,1512,0.1388
97,1419,1516,0.1388
96,1414,1510,0.1388
93,1427,1520,0.1388
93,1419,1512,0.1388
90,1416,1506,0.1388
88,1423,1511,0.1388
88,1427,1515,0.1388
89,1437,1526,0.1388
88,1434,1522,0.1388
88,1432,1520,0.1388
88,1430,1518,0.1388
92,1425,1517,0.1388
89,1428,1517,0.1388
92,1433,1525,0.1388
92,1413,1505,0.1388
92,1415,1507,0.1388
87,1408,1495,0.1388
87,1407,1494,0.1388
89,1397,1486,0.1388
87,1397,1484,0.1388
88,1416,1504,0.1388
88,1426,1514,0.1388
89,1420,1509,0.1388
86,1430,1516,0.1388
84,1443,1527,0.1388
83,1425,1508,0.1388
86,1421,1507,0.1388
84,1425,1509,0.1388
87,1430,1517,0.1388
84,1427,1511,0.1388
85,1428,1513,0.1388
85,1422,1507,0.1388
87,1425,1512,0.1388
83,1431,1514,0.1388
82,1429,1511,0.1388
82,1425,1507,0.1388
83,1423,1506,0.1388
79,1422,1501,0.1388
77,1431,1508,0.1388
75,1431,1506,0.1388
77,1445,1522,0.1388
78,1437,1515,0.1388
77,1436,1513,0.1388
76,1436,1512,0.1388
74,1422,1496,0.1388
69,1443,1512,0.1388
69,1453,1522,0.1388
68,1447,1515,0.1388
75,1450,1525,0.1388
75,1440,1515,0.1388
76,1441,1517,0.1388
77,1436,1513,0.1388
75,1431,1506,0.1388
77,1433,1510,0.1388
77,1425,1502,0.1388
75,1431,1506,0.1388
79,1427,1506,0.1388
80,1435,1515,0.1388
77,1436,1513,0.1388
78,1438,1516,0.1388
79,1447,1526,0.1388
80,1439,1519,0.1388
79,1429,1508,0.1388
80,1435,1515,0.1388
80,1432,1512,0.1388
77,1439,1516,0.1388
78,1442,1520,0.1388
77,1446,1523,0.1388
76,1441,1517,0.1388
74,1439,1513,0.1388
74,1446,1520,0.1388
76,1439,1515,0.1388
75,1448,1523,0.1388
73,1453,1526,0.1388
72,1461,1533,0.1388
73,1455,1528,0.1388
72,1451,1523,0.1388
72,1462,1534,0.1388
72,1453,1525,0.1388
71,1455,1526,0.1388
71,1443,1514,0.1388
74,1439,1513,0.1388
75,1433,1508,0.1388
76,1429,1505,0.1388
73,1433,1506,0.1388
74,1428,1502,0.1388
75,1443,1518,0.1388
73,1436,1509,0.1388
72,1437,1509,0.1388
71,1437,1508,0.1388
75,1443,1518,0.1388
73,1435,1508,0.1388
74,1440,1514,0.1388
73,1443,1516,0.1388
73,1451,1524,0.1388
74,1452,1526,0.1388
72,1454,1526,0.1388
75,1445,1520,0.1388
74,1452,1526,0.1388
74,1437,1511,0.1388
73,1441,1514,0.1388
73,1427,1500,0.1388
70,1437,1507,0.1388
70,1440,1510,0.1388
71,1454,1525,0.1388
70,1455,1525,0.1388
71,1455,1526,0.1388
70,1452,1522,0.1388
68,1459,1527,0.1388
69,1456,1525,0.1388
70,1463,1533,0.1388
67,1449,1516,0.1388
69,1455,1524,0.1388
71,1455,1526,0.1388
70,1456,1526,0.1388
69,1449,1518,0.1388
69,1455,1524,0.1388
67,1455,1522,0.1388
67,1455,1522,0.1388
66,1452,1518,0.1388
65,1468,1533,0.1388
66,1461,1527,0.1388
65,1459,1524,0.1388
66,1449,1515,0.1388
65,1445,1510,0.1388
66,1453,1519,0.1388
65,1452,1517,0.1388
65,1440,1505,0.1388
64,1446,1510,0.1388
64,1458,1522,0.1388
61,1443,1504,0.1388
60,1433,1493,0.1388
61,1430,1491,0.1388
61,1436,1497,0.1388
63,1446,1509,0.1388
62,1454,1516,0.1388
58,1444,1502,0.1388
60,1446,1506,0.1388
63,1454,1517,0.1388
60,1460,1520,0.1388
57,1461,1518,0.1388
55,1456,1511,0.1388
53,1461,1514,0.1388
54,1454,1508,0.1388
53,1467,1520,0.1388
53,1470,1523,0.1388
53,1468,1521,0.1388
53,1465,1518,0.1388
56,1468,1524,0.1388
54,1471,1525,0.1388
56,1474,1530,0.1388
52,1460,1512,0.1388
53,1468,1521,0.1388
52,1462,1514,0.1388
52,1458,1510,0.1388
50,1473,1523,0.1388
48,1457,1505,0.1388
47,1469,1516,0.1388
49,1467,1516,0.1388
47,1475,1522,0.1388
49,1467,1516,0.1388
50,1465,1515,0.1388
50,1472,1522,0.1388
50,1459,1509,0.1388
48,1458,1506,0.1388
47,1468,1515,0.1388
48,1472,1520,0.1388
49,1463,1512,0.1388
49,1476,1525,0.1388
49,1455,1504,0.1388
49,1458,1507,0.1388
50,1462,1512,0.1388
50,1461,1511,0.1388
46,1459,1505,0.1388
47,1467,1514,0.1388
50,1467,1517,0.1388
48,1476,1524,0.1388
49,1473,1522,0.1388
48,1477,1525,0.1388
49,1467,1516,0.1388
49,1464,1513,0.1388
49,1462,1511,0.1388
50,1459,1509,0.1388
48,1465,1513,0.1388
50,1452,1502,0.1388
46,1459,1505,0.1388
45,1459,1504,0.1388
45,1468,1513,0.1388
45,1466,1511,0.1388
46,1477,1523,0.1388
43,1484,1527,0.1388
42,1483,1525,0.1388
41,1484,1525,0.1388
40,1488,1528,0.1388
40,1483,1523,0.1388
41,1483,1524,0.1388
44,1474,1518,0.1388
45,1465,1510,0.1388
47,1468,1515,0.1388
46,1473,1519,0.1388
46,1469,1515,0.1388
44,1492,1536,0.1388
44,1479,1523,0.1388
44,1481,1525,0.1388
44,1479,1523,0.1388
44,1478,1522,0.1388
45,1479,1524,0.1388
46,1469,1515,0.1388
44,1476,1520,0.1388
44,1474,1518,0.1388
44,1477,1521,0.1388
45,1473,1518,0.1388
45,1469,1514,0.1388
43,1455,1498,0.1388
43,1463,1506,0.1388
43,1473,1516,0.1388
44,1457,1501,0.1388
45,1468,1513,0.1388
44,1480,1524,0.1388
45,1480,1525,0.1388
42,1475,1517,0.1388
41,1475,1516,0.1388
41,1463,1504,0.1388
40,1486,1526,0.1388
40,1471,1511,0.1388
40,1485,1525,0.1388
39,1486,1525,0.1388
38,1479,1517,0.1388
37,1467,1504,0.1388
37,1468,1505,0.1388
39,1474,1513,0.1388
39,1477,1516,0.1388
40,1484,1524,0.1388
40,1482,1522,0.1388
37,1476,1513,0.1388
37,1493,1530,0.1388
36,1485,1521,0.1388
37,1470,1507,0.1388
36,1493,1529,0.1388
36,1482,1518,0.1388
37,1477,1514,0.1388
33,1479,1512,0.1388
33,1476,1509,0.1388
33,1479,1512,0.1388
31,1486,1517,0.1388
31,1480,1511,0.1388
32,1480,1512,0.1388
34,1472,1506,0.1388
35,1475,1510,0.1388
36,1475,1511,0.1388
35,1478,1513,0.1388
33,1479,1512,0.1388
32,1477,1509,0.1388
32,1475,1507,0.1388
34,1476,1510,0.1388
34,1478,1512,0.1388
32,1472,1504,0.1388
31,1467,1498,0.1388
28,1485,1513,0.1388
27,1491,1518,0.1388
27,1492,1519,0.1388
26,1495,1521,0.1388
25,1485,1510,0.1388
25,1483,1508,0.1388
24,1495,1519,0.1388
23,1498,1521,0.1388
22,1504,1526,0.1388
23,1489,1512,0.1388
24,1495,1519,0.1388
23,1498,1521,0.1388
24,1503,1527,0.1388
24,1499,1523,0.1388
24,1494,1518,0.1388
23,1505,1528,0.1388
23,1503,1526,0.1388
24,1490,1514,0.1388
24,1504,1528,0.1388
24,1507,1531,0.1388
22,1499,1521,0.1388
25,1485,1510,0.1388
25,1488,1513,0.1388
25,1504,1529,0.1388
25,1494,1519,0.1388
23,1502,1525,0.1388
22,1492,1514,0.1388
22,1484,1506,0.1388
21,1490,1511,0.1388
21,1501,1522,0.1388
21,1497,1518,0.1388
21,1497,1518,0.1388
19,1493,1512,0.1388
19,1500,1519,0.1388
20,1502,1522,0.1388
19,1493,1512,0.1388
17,1498,1515,0.1388
17,1506,1523,0.1388
17,1498,1515,0.1388
16,1493,1509,0.1388
16,1486,1502,0.1388
15,1503,1518,0.1388
13,1504,1517,0.1388
13,1498,1511,0.1388
14,1507,1521,0.1388
14,1502,1516,0.1388
13,1501,1514,0.1388
12,1504,1516,0.1388
13,1509,1522,0.1388
13,1506,1519,0.1388
13,1502,1515,0.1388
13,1498,1511,0.1388
13,1502,1515,0.1388
13,1505,1518,0.1388
13,1498,1511,0.1388
13,1500,1513,0.1388
14,1504,1518,0.1388
13,1500,1513,0.1388
13,1508,1521,0.1388
12,1489,1501,0.1388
12,1494,1506,0.1388
12,1497,1509,0.1388
12,1502,1514,0.1388
10,1500,1510,0.1388
10,1500,1510,0.1388
10,1498,1508,0.1388
9,1495,1504,0.1388
10,1508,1518,0.1388
11,1501,1512,0.1388
11,1501,1512,0.1388
11,1498,1509,0.1388
11,1498,1509,0.1388
11,1502,1513,0.1388
11,1503,1514,0.1388
11,1510,1521,0.1388
11,1504,1515,0.1388
10,1504,1514,0.1388
9,1515,1524,0.1388
9,1523,1532,0.1388
7,1522,1529,0.1388
7,1515,1522,0.1388
7,1524,1531,0.1388
6,1525,1531,0.1388
6,1523,1529,0.1388
6,1520,1526,0.1388
6,1510,1516,0.1388
6,1516,1522,0.1388
5,1517,1522,0.1388
6,1511,1517,0.1388
6,1510,1516,0.1388
6,1513,1519,0.1388
6,1510,1516,0.1388
6,1513,1519,0.1388
6,1500,1506,0.1388
6,1509,1515,0.1388
7,1504,1511,0.1388
6,1506,1512,0.1388
6,1505,1511,0.1388
5,1505,1510,0.1388
5,1508,1513,0.1388
5,1517,1522,0.1388
5,1503,1508,0.1388
5,1504,1509,0.1388
5,1504,1509,0.1388
5,1517,1522,0.1388
5,1524,1529,0.1388
5,1527,1532,0.1388
5,1522,1527,0.1388
5,1508,1513,0.1388
5,1509,1514,0.1388
5,1507,1512,0.1388
5,1503,1508,0.1388
5,1498,1503,0.1388
5,1510,1515,0.1388
4,1515,1519,0.1388
4,1523,1527,0.1388
4,1517,1521,0.1388
4,1516,1520,0.1388
4,1496,1500,0.1388
3,1509,1512,0.1388
3,1503,1506,0.1388
3,1515,1518,0.1388
2,1503,1505,0.1388
2,1503,1505,0.1388
2,1502,1504,0.1388
1,1503,1504,0.1388
1,1504,1505,0.1388
1,1484,1485,0.1388
1,1504,1505,0.1388
1,1512,1513,0.1388
1,1506,1507,0.1388
1,1511,1512,0.1388
1,1522,1523,0.1388
1,1524,1525,0.1388
1,1522,1523,0.1388
1,1515,1516,0.1388
1,1504,1505,0.1388
0,1496,1496,0.1388
