1364,27,1391,0.1388
1396,31,1427,0.1388
1431,30,1461,0.1388
1438,30,1468,0.1388
1449,30,1479,0.1388
1462,31,1493,0.1388
1460,31,1491,0.1388
1457,31,1488,0.1388
1448,31,1479,0.1388
1453,34,1487,0.1388
1471,36,1507,0.1388
1466,33,1499,0.1388
1457,33,1490,0.1388
1463,32,1495,0.1388
1451,32,1483,0.1388
1452,32,1484,0.1388
1466,36,1502,0.1388
1460,36,1496,0.1388
1469,38,1507,0.1388
1463,38,1501,0.1388
1466,38,1504,0.1388
1465,39,1504,0.1388
1466,40,1506,0.1388
1467,45,1512,0.1388
1461,44,1505,0.1388
1470,43,1513,0.1388
1454,44,1498,0.1388
1443,43,1486,0.1388
1452,47,1499,0.1388
1451,46,1497,0.1388
1434,46,1480,0.1388
1448,46,1494,0.1388
1447,45,1492,0.1388
1440,45,1485,0.1388
1429,47,1476,0.1388
1418,47,1465,0.1388
1423,46,1469,0.1388
1425,47,1472,0.1388
1441,50,1491,0.1388
1447,53,1500,0.1388
1441,55,1496,0.1388
1436,56,1492,0.1388
1456,55,1511,0.1388
1450,57,1507,0.1388
1439,56,1495,0.1388
1445,57,1502,0.1388
1434,57,1491,0.1388
1444,59,1503,0.1388
1443,61,1504,0.1388
1430,60,1490,0.1388
1431,60,1491,0.1388
1420,59,1479,0.1388
1425,63,1488,0.1388
1418,63,1481,0.1388
1427,61,1488,0.1388
1426,63,1489,0.1388
1425,64,1489,0.1388
1416,63,1479,0.1388
1427,64,1491,0.1388
1419,63,1482,0.1388
1424,63,1487,0.1388
1434,63,1497,0.1388
1429,63,1492,0.1388
1440,61,1501,0.1388
1431,57,1488,0.1388
1427,56,1483,0.1388
1427,55,1482,0.1388
1422,55,1477,0.1388
1418,55,1473,0.1388
1427,56,1483,0.1388
1418,58,1476,0.1388
1421,60,1481,0.1388
1427,62,1489,0.1388
1420,69,1489,0.1388
1419,69,1488,0.1388
1417,70,1487,0.1388
1432,71,1503,0.1388
1429,69,1498,0.1388
1412,71,1483,0.1388
1410,70,1480,0.1388
1404,71,1475,0.1388
1413,67,1480,0.1388
1418,67,1485,0.1388
1425,67,1492,0.1388
1426,66,1492,0.1388
1422,66,1488,0.1388
1431,65,1496,0.1388
1419,64,1483,0.1388
1430,61,1491,0.1388
1422,61,1483,0.1388
1418,64,1482,0.1388
1420,66,1486,0.1388
1427,61,1488,0.1388
1436,60,1496,0.1388
1430,60,1490,0.1388
1430,58,1488,0.1388
1425,58,1483,0.1388
1440,57,1497,0.1388
1435,56,1491,0.1388
1444,55,1499,0.1388
1457,55,1512,0.1388
1439,57,1496,0.1388
1434,55,1489,0.1388
1432,56,1488,0.1388
1436,57,1493,0.1388
1427,55,1482,0.1388
1434,51,1485,0.1388
1429,53,1482,0.1388
1417,55,1472,0.1388
1431,55,1486,0.1388
1444,55,1499,0.1388
1447,56,1503,0.1388
1445,57,1502,0.1388
1450,57,1507,0.1388
1450,60,1510,0.1388
1441,60,1501,0.1388
1447,60,1507,0.1388
1448,62,1510,0.1388
1444,63,1507,0.1388
1443,62,1505,0.1388
1441,61,1502,0.1388
1443,63,1506,0.1388
1446,63,1509,0.1388
1430,67,1497,0.1388
1440,67,1507,0.1388
1430,66,1496,0.1388
1427,66,1493,0.1388
1451,67,1518,0.1388
1451,64,1515,0.1388
1448,63,1511,0.1388
1426,63,1489,0.1388
1434,63,1497,0.1388
1441,61,1502,0.1388
1434,62,1496,0.1388
1419,65,1484,0.1388
1425,63,1488,0.1388
1417,63,1480,0.1388
1413,63,1476,0.1388
1419,68,1487,0.1388
1420,71,1491,0.1388
1409,72,1481,0.1388
1412,74,1486,0.1388
1419,75,1494,0.1388
1430,73,1503,0.1388
1431,69,1500,0.1388
1430,69,1499,0.1388
1429,69,1498,0.1388
1426,71,1497,0.1388
1419,71,1490,0.1388
1419,70,1489,0.1388
1413,69,1482,0.1388
1411,67,1478,0.1388
1432,69,1501,0.1388
1420,67,1487,0.1388
1420,68,1488,0.1388
1421,69,1490,0.1388
1423,68,1491,0.1388
1429,67,1496,0.1388
1443,67,1510,0.1388
1426,66,1492,0.1388
1415,66,1481,0.1388
1419,65,1484,0.1388
1422,60,1482,0.1388
1422,60,1482,0.1388
1437,59,1496,0.1388
1438,63,1501,0.1388
1446,64,1510,0.1388
1433,60,1493,0.1388
1439,59,1498,0.1388
1444,61,1505,0.1388
1441,61,1502,0.1388
1436,62,1498,0.1388
1435,64,1499,0.1388
1439,66,1505,0.1388
1440,64,1504,0.1388
1438,66,1504,0.1388
1436,63,1499,0.1388
1427,64,1491,0.1388
1429,64,1493,0.1388
1429,63,1492,0.1388
1437,63,1500,0.1388
1442,64,1506,0.1388
1444,66,1510,0.1388
1453,65,1518,0.1388
1430,69,1499,0.1388
1434,70,1504,0.1388
1426,69,1495,0.1388
1440,65,1505,0.1388
1427,62,1489,0.1388
1431,63,1494,0.1388
1427,63,1490,0.1388
1438,64,1502,0.1388
1423,63,1486,0.1388
1425,62,1487,0.1388
1433,64,1497,0.1388
1429,62,1491,0.1388
1427,61,1488,0.1388
1428,63,1491,0.1388
1420,64,1484,0.1388
1417,68,1485,0.1388
1409,68,1477,0.1388
1420,66,1486,0.1388
1417,65,1482,0.1388
1430,62,1492,0.1388
1427,62,1489,0.1388
1412,63,1475,0.1388
1423,65,1488,0.1388
1422,70,1492,0.1388
1434,70,1504,0.1388
1430,70,1500,0.1388
1420,72,1492,0.1388
1426,72,1498,0.1388
1426,72,1498,0.1388
1433,74,1507,0.1388
1435,76,1511,0.1388
1433,76,1509,0.1388
1431,77,1508,0.1388
1423,77,1500,0.1388
1421,75,1496,0.1388
1407,78,1485,0.1388
1411,76,1487,0.1388
1400,78,1478,0.1388
1407,80,1487,0.1388
1436,80,1516,0.1388
1423,82,1505,0.1388
1414,81,1495,0.1388
1409,79,1488,0.1388
1410,79,1489,0.1388
1413,77,1490,0.1388
1408,79,1487,0.1388
1401,78,1479,0.1388
1410,78,1488,0.1388
1406,79,1485,0.1388
1397,79,1476,0.1388
1406,76,1482,0.1388
1413,77,1490,0.1388
1409,78,1487,0.1388
1413,81,1494,0.1388
1418,79,1497,0.1388
1416,76,1492,0.1388
1416,77,1493,0.1388
1418,83,1501,0.1388
1414,80,1494,0.1388
1409,81,1490,0.1388
1413,81,1494,0.1388
1411,82,1493,0.1388
1407,83,1490,0.1388
1399,87,1486,0.1388
1391,81,1472,0.1388
1398,85,1483,0.1388
1391,86,1477,0.1388
1394,91,1485,0.1388
1398,92,1490,0.1388
1388,92,1480,0.1388
1380,89,1469,0.1388
1387,89,1476,0.1388
1389,88,1477,0.1388
1404,90,1494,0.1388
1388,95,1483,0.1388
1393,96,1489,0.1388
1394,95,1489,0.1388
1393,94,1487,0.1388
1397,90,1487,0.1388
1390,96,1486,0.1388
1408,97,1505,0.1388
1397,95,1492,0.1388
1400,90,1490,0.1388
1397,93,1490,0.1388
1399,94,1493,0.1388
1407,97,1504,0.1388
1413,96,1509,0.1388
1405,97,1502,0.1388
1403,100,1503,0.1388
1401,99,1500,0.1388
1389,99,1488,0.1388
1387,103,1490,0.1388
1382,100,1482,0.1388
1385,100,1485,0.1388
1390,97,1487,0.1388
1398,92,1490,0.1388
1398,90,1488,0.1388
1401,91,1492,0.1388
1412,94,1506,0.1388
1403,91,1494,0.1388
1398,90,1488,0.1388
1391,92,1483,0.1388
1384,94,1478,0.1388
1396,93,1489,0.1388
1396,89,1485,0.1388
1405,86,1491,0.1388
1393,87,1480,0.1388
1409,91,1500,0.1388
1415,90,1505,0.1388
1409,94,1503,0.1388
1413,96,1509,0.1388
1418,99,1517,0.1388
1398,102,1500,0.1388
1399,101,1500,0.1388
1397,100,1497,0.1388
1407,99,1506,0.1388
1410,101,1511,0.1388
1398,104,1502,0.1388
1407,100,1507,0.1388
1403,100,1503,0.1388
1397,98,1495,0.1388
1401,99,1500,0.1388
1382,101,1483,0.1388
1391,98,1489,0.1388
1388,102,1490,0.1388
1377,104,1481,0.1388
1372,104,1476,0.1388
1385,105,1490,0.1388
1379,106,1485,0.1388
1377,106,1483,0.1388
1379,106,1485,0.1388
1388,105,1493,0.1388
1414,104,1518,0.1388
1410,105,1515,0.1388
1403,104,1507,0.1388
1392,103,1495,0.1388
1397,101,1498,0.1388
1392,101,1493,0.1388
1402,104,1506,0.1388
1392,101,1493,0.1388
1402,106,1508,0.1388
1402,109,1511,0.1388
1395,109,1504,0.1388
1372,110,1482,0.1388
1353,108,1461,0.1388
1348,107,1455,0.1388
1369,110,1479,0.1388
1379,114,1493,0.1388
1386,112,1498,0.1388
1361,114,1475,0.1388
1361,117,1478,0.1388
1367,113,1480,0.1388
1375,113,1488,0.1388
1385,115,1500,0.1388
1397,113,1510,0.1388
1403,114,1517,0.1388
1389,112,1501,0.1388
1378,117,1495,0.1388
1381,117,1498,0.1388
1375,115,1490,0.1388
1378,113,1491,0.1388
1383,111,1494,0.1388
1394,111,1505,0.1388
1389,113,1502,0.1388
1387,113,1500,0.1388
1382,112,1494,0.1388
1377,115,1492,0.1388
1374,116,1490,0.1388
1383,120,1503,0.1388
1385,116,1501,0.1388
1387,118,1505,0.1388
1392,117,1509,0.1388
1378,119,1497,0.1388
1373,122,1495,0.1388
1380,121,1501,0.1388
1371,126,1497,0.1388
1352,126,1478,0.1388
1366,124,1490,0.1388
1360,125,1485,0.1388
1365,129,1494,0.1388
1364,125,1489,0.1388
1378,120,1498,0.1388
1378,120,1498,0.1388
1386,120,1506,0.1388
1384,118,1502,0.1388
1382,120,1502,0.1388
1385,123,1508,0.1388
1379,125,1504,0.1388
1372,127,1499,0.1388
1364,124,1488,0.1388
1366,123,1489,0.1388
1362,124,1486,0.1388
1354,122,1476,0.1388
1367,128,1495,0.1388
1371,126,1497,0.1388
1367,123,1490,0.1388
1374,121,1495,0.1388
1371,123,1494,0.1388
1377,124,1501,0.1388
1359,120,1479,0.1388
1365,121,1486,0.1388
1369,123,1492,0.1388
1374,125,1499,0.1388
1374,124,1498,0.1388
1374,126,1500,0.1388
1375,123,1498,0.1388
1382,124,1506,0.1388
1368,123,1491,0.1388
1359,126,1485,0.1388
1360,124,1484,0.1388
1349,126,1475,0.1388
1351,125,1476,0.1388
1356,131,1487,0.1388
1351,133,1484,0.1388
1358,135,1493,0.1388
1347,135,1482,0.1388
1354,137,1491,0.1388
1360,139,1499,0.1388
1348,141,1489,0.1388
1352,142,1494,0.1388
1344,145,1489,0.1388
1342,145,1487,0.1388
1344,144,1488,0.1388
1356,144,1500,0.1388
1358,148,1506,0.1388
1358,153,1511,0.1388
1351,150,1501,0.1388
1349,150,1499,0.1388
1337,153,1490,0.1388
1346,155,1501,0.1388
1353,152,1505,0.1388
1357,154,1511,0.1388
1342,151,1493,0.1388
1347,153,1500,0.1388
1331,158,1489,0.1388
1331,161,1492,0.1388
1344,159,1503,0.1388
1342,163,1505,0.1388
1348,162,1510,0.1388
1335,162,1497,0.1388
1343,161,1504,0.1388
1331,161,1492,0.1388
1325,161,1486,0.1388
1323,165,1488,0.1388
1319,163,1482,0.1388
1324,165,1489,0.1388
1326,163,1489,0.1388
1315,172,1487,0.1388
1318,175,1493,0.1388
1321,174,1495,0.1388
1303,177,1480,0.1388
1308,175,1483,0.1388
1305,181,1486,0.1388
1310,176,1486,0.1388
1318,176,1494,0.1388
1321,181,1502,0.1388
1308,179,1487,0.1388
1306,184,1490,0.1388
1314,182,1496,0.1388
1315,188,1503,0.1388
1304,183,1487,0.1388
1303,183,1486,0.1388
1314,179,1493,0.1388
1313,182,1495,0.1388
1302,188,1490,0.1388
1302,191,1493,0.1388
1319,193,1512,0.1388
1307,197,1504,0.1388
1304,200,1504,0.1388
1308,198,1506,0.1388
1305,200,1505,0.1388
1302,199,1501,0.1388
1308,207,1515,0.1388
1290,209,1499,0.1388
1295,207,1502,0.1388
1291,205,1496,0.1388
1296,210,1506,0.1388
1291,206,1497,0.1388
1294,206,1500,0.1388
1288,203,1491,0.1388
1284,210,1494,0.1388
1278,210,1488,0.1388
1277,220,1497,0.1388
1283,219,1502,0.1388
1276,216,1492,0.1388
1282,211,1493,0.1388
1286,208,1494,0.1388
1281,217,1498,0.1388
1280,217,1497,0.1388
1282,216,1498,0.1388
1278,226,1504,0.1388
1263,231,1494,0.1388
1262,230,1492,0.1388
1254,228,1482,0.1388
1262,230,1492,0.1388
1271,228,1499,0.1388
1263,226,1489,0.1388
1268,231,1499,0.1388
1256,233,1489,0.1388
1251,235,1486,0.1388
1265,235,1500,0.1388
1265,238,1503,0.1388
1277,239,1516,0.1388
1274,241,1515,0.1388
1270,238,1508,0.1388
1260,238,1498,0.1388
1259,241,1500,0.1388
1259,238,1497,0.1388
1251,238,1489,0.1388
1254,235,1489,0.1388
1256,231,1487,0.1388
1259,230,1489,0.1388
1248,229,1477,0.1388
1250,227,1477,0.1388
1249,232,1481,0.1388
1252,233,1485,0.1388
1258,231,1489,0.1388
1258,232,1490,0.1388
1253,230,1483,0.1388
1253,235,1488,0.1388
1265,237,1502,0.1388
1260,234,1494,0.1388
1264,242,1506,0.1388
1260,248,1508,0.1388
1244,251,1495,0.1388
1247,254,1501,0.1388
1247,246,1493,0.1388
1250,250,1500,0.1388
1255,251,1506,0.1388
1254,252,1506,0.1388
1241,251,1492,0.1388
1230,258,1488,0.1388
1233,257,1490,0.1388
1239,256,1495,0.1388
1243,252,1495,0.1388
1246,253,1499,0.1388
1244,257,1501,0.1388
1239,258,1497,0.1388
1226,259,1485,0.1388
1244,258,1502,0.1388
1239,266,1505,0.1388
1232,265,1497,0.1388
1236,267,1503,0.1388
1235,267,1502,0.1388
1237,260,1497,0.1388
1250,261,1511,0.1388
1245,266,1511,0.1388
1245,267,1512,0.1388
1249,271,1520,0.1388
1246,268,1514,0.1388
1241,268,1509,0.1388
1245,268,1513,0.1388
1245,265,1510,0.1388
1236,264,1500,0.1388
1231,270,1501,0.1388
1217,269,1486,0.1388
1222,271,1493,0.1388
1216,278,1494,0.1388
1219,278,1497,0.1388
1222,275,1497,0.1388
1216,275,1491,0.1388
1218,280,1498,0.1388
1224,274,1498,0.1388
1212,269,1481,0.1388
1204,277,1481,0.1388
1213,276,1489,0.1388
1213,270,1483,0.1388
1219,277,1496,0.1388
1217,278,1495,0.1388
1225,276,1501,0.1388
1233,278,1511,0.1388
1229,278,1507,0.1388
1217,279,1496,0.1388
1217,276,1493,0.1388
1213,282,1495,0.1388
1229,278,1507,0.1388
1228,283,1511,0.1388
1223,282,1505,0.1388
1221,281,1502,0.1388
1232,282,1514,0.1388
1222,287,1509,0.1388
1213,294,1507,0.1388
1209,295,1504,0.1388
1204,294,1498,0.1388
1199,293,1492,0.1388
1202,296,1498,0.1388
1206,292,1498,0.1388
1201,292,1493,0.1388
1197,295,1492,0.1388
1192,299,1491,0.1388
1202,294,1496,0.1388
1187,298,1485,0.1388
1191,297,1488,0.1388
1183,293,1476,0.1388
1204,293,1497,0.1388
1196,293,1489,0.1388
1196,300,1496,0.1388
1191,296,1487,0.1388
1190,293,1483,0.1388
1182,298,1480,0.1388
1199,301,1500,0.1388
1205,303,1508,0.1388
1209,295,1504,0.1388
1201,291,1492,0.1388
1198,291,1489,0.1388
1204,296,1500,0.1388
1209,294,1503,0.1388
1204,293,1497,0.1388
1200,299,1499,0.1388
1198,302,1500,0.1388
1197,300,1497,0.1388
1211,301,1512,0.1388
1200,299,1499,0.1388
1186,300,1486,0.1388
1186,298,1484,0.1388
1198,300,1498,0.1388
1205,301,1506,0.1388
1199,301,1500,0.1388
1200,308,1508,0.1388
1197,303,1500,0.1388
1192,307,1499,0.1388
1183,306,1489,0.1388
1166,298,1464,0.1388
1168,293,1461,0.1388
1176,300,1476,0.1388
1187,301,1488,0.1388
1191,303,1494,0.1388
1194,301,1495,0.1388
1184,297,1481,0.1388
1191,301,1492,0.1388
1182,309,1491,0.1388
1179,310,1489,0.1388
1191,309,1500,0.1388
1175,313,1488,0.1388
1172,312,1484,0.1388
1165,309,1474,0.1388
1177,309,1486,0.1388
1179,320,1499,0.1388
1181,320,1501,0.1388
1172,317,1489,0.1388
1166,316,1482,0.1388
1158,323,1481,0.1388
1153,333,1486,0.1388
1162,333,1495,0.1388
1166,331,1497,0.1388
1173,332,1505,0.1388
1166,336,1502,0.1388
1162,342,1504,0.1388
1161,341,1502,0.1388
1159,340,1499,0.1388
1155,339,1494,0.1388
1152,339,1491,0.1388
1149,338,1487,0.1388
1157,338,1495,0.1388
1159,341,1500,0.1388
1148,345,1493,0.1388
1154,344,1498,0.1388
1153,346,1499,0.1388
1158,350,1508,0.1388
1157,346,1503,0.1388
1161,347,1508,0.1388
1166,347,1513,0.1388
1146,348,1494,0.1388
1141,350,1491,0.1388
1146,352,1498,0.1388
1147,355,1502,0.1388
1142,355,1497,0.1388
1146,352,1498,0.1388
1136,361,1497,0.1388
1125,364,1489,0.1388
1122,367,1489,0.1388
1122,373,1495,0.1388
1115,368,1483,0.1388
1101,374,1475,0.1388
1106,381,1487,0.1388
1106,384,1490,0.1388
1101,387,1488,0.1388
1095,390,1485,0.1388
1106,376,1482,0.1388
1098,378,1476,0.1388
1090,388,1478,0.1388
1089,391,1480,0.1388
1100,388,1488,0.1388
1103,380,1483,0.1388
1108,378,1486,0.1388
1103,371,1474,0.1388
1106,372,1478,0.1388
1112,373,1485,0.1388
1120,368,1488,0.1388
1114,372,1486,0.1388
1125,384,1509,0.1388
1117,383,1500,0.1388
1100,394,1494,0.1388
1105,398,1503,0.1388
1107,395,1502,0.1388
1116,399,1515,0.1388
1118,402,1520,0.1388
1114,390,1504,0.1388
1110,397,1507,0.1388
1116,398,1514,0.1388
1106,394,1500,0.1388
1106,397,1503,0.1388
1110,394,1504,0.1388
1097,397,1494,0.1388
1103,390,1493,0.1388
1106,384,1490,0.1388
1113,397,1510,0.1388
1118,405,1523,0.1388
1110,403,1513,0.1388
1117,399,1516,0.1388
1106,403,1509,0.1388
1103,404,1507,0.1388
1105,395,1500,0.1388
1113,397,1510,0.1388
1105,406,1511,0.1388
1096,414,1510,0.1388
1100,415,1515,0.1388
1098,414,1512,0.1388
1106,409,1515,0.1388
1108,411,1519,0.1388
1099,400,1499,0.1388
1102,407,1509,0.1388
1105,402,1507,0.1388
1107,398,1505,0.1388
1108,396,1504,0.1388
1099,399,1498,0.1388
1092,401,1493,0.1388
1092,402,1494,0.1388
1096,401,1497,0.1388
1080,409,1489,0.1388
1078,411,1489,0.1388
1062,411,1473,0.1388
1067,419,1486,0.1388
1060,422,1482,0.1388
1059,429,1488,0.1388
1068,427,1495,0.1388
1057,437,1494,0.1388
1050,428,1478,0.1388
1057,428,1485,0.1388
1056,428,1484,0.1388
1065,436,1501,0.1388
1066,434,1500,0.1388
1072,435,1507,0.1388
1080,435,1515,0.1388
1069,443,1512,0.1388
1060,448,1508,0.1388
1065,445,1510,0.1388
1049,454,1503,0.1388
1050,458,1508,0.1388
1054,452,1506,0.1388
1048,455,1503,0.1388
1037,450,1487,0.1388
1024,452,1476,0.1388
1022,452,1474,0.1388
1039,457,1496,0.1388
1038,461,1499,0.1388
1038,454,1492,0.1388
1037,459,1496,0.1388
1039,463,1502,0.1388
1035,463,1498,0.1388
1035,463,1498,0.1388
1044,459,1503,0.1388
1050,466,1516,0.1388
1044,465,1509,0.1388
1058,469,1527,0.1388
1041,472,1513,0.1388
1027,480,1507,0.1388
1026,471,1497,0.1388
1030,480,1510,0.1388
1034,472,1506,0.1388
1036,472,1508,0.1388
1041,465,1506,0.1388
1046,468,1514,0.1388
1049,469,1518,0.1388
1042,467,1509,0.1388
1051,466,1517,0.1388
1051,463,1514,0.1388
1046,458,1504,0.1388
1033,451,1484,0.1388
1025,448,1473,0.1388
1027,449,1476,0.1388
1040,452,1492,0.1388
1043,454,1497,0.1388
1049,451,1500,0.1388
1051,465,1516,0.1388
1049,468,1517,0.1388
1046,477,1523,0.1388
1047,472,1519,0.1388
1049,464,1513,0.1388
1035,469,1504,0.1388
1035,470,1505,0.1388
1026,475,1501,0.1388
1025,487,1512,0.1388
1023,487,1510,0.1388
1023,485,1508,0.1388
1025,481,1506,0.1388
1021,480,1501,0.1388
1026,482,1508,0.1388
1011,478,1489,0.1388
1016,476,1492,0.1388
1013,474,1487,0.1388
1015,478,1493,0.1388
1028,481,1509,0.1388
1017,480,1497,0.1388
1017,478,1495,0.1388
1027,479,1506,0.1388
1026,468,1494,0.1388
1019,477,1496,0.1388
1023,481,1504,0.1388
1020,488,1508,0.1388
1015,490,1505,0.1388
1028,488,1516,0.1388
1029,485,1514,0.1388
1021,488,1509,0.1388
1024,487,1511,0.1388
1020,492,1512,0.1388
1022,493,1515,0.1388
1019,489,1508,0.1388
1014,496,1510,0.1388
999,497,1496,0.1388
1000,490,1490,0.1388
998,501,1499,0.1388
997,501,1498,0.1388
1002,497,1499,0.1388
1002,497,1499,0.1388
1004,497,1501,0.1388
1000,512,1512,0.1388
995,516,1511,0.1388
991,520,1511,0.1388
995,517,1512,0.1388
993,516,1509,0.1388
1002,514,1516,0.1388
1000,520,1520,0.1388
985,515,1500,0.1388
974,509,1483,0.1388
964,512,1476,0.1388
966,522,1488,0.1388
968,527,1495,0.1388
967,532,1499,0.1388
957,531,1488,0.1388
960,534,1494,0.1388
955,535,1490,0.1388
959,534,1493,0.1388
959,533,1492,0.1388
959,531,1490,0.1388
967,523,1490,0.1388
974,529,1503,0.1388
969,529,1498,0.1388
961,536,1497,0.1388
962,538,1500,0.1388
950,542,1492,0.1388
943,551,1494,0.1388
948,551,1499,0.1388
942,551,1493,0.1388
936,559,1495,0.1388
935,570,1505,0.1388
938,566,1504,0.1388
934,559,1493,0.1388
928,560,1488,0.1388
933,552,1485,0.1388
931,558,1489,0.1388
928,567,1495,0.1388
916,560,1476,0.1388
914,563,1477,0.1388
917,567,1484,0.1388
923,573,1496,0.1388
934,573,1507,0.1388
935,570,1505,0.1388
936,571,1507,0.1388
925,575,1500,0.1388
931,571,1502,0.1388
932,575,1507,0.1388
931,576,1507,0.1388
944,569,1513,0.1388
942,563,1505,0.1388
928,572,1500,0.1388
929,577,1506,0.1388
937,570,1507,0.1388
933,566,1499,0.1388
935,571,1506,0.1388
934,571,1505,0.1388
930,573,1503,0.1388
924,576,1500,0.1388
928,575,1503,0.1388
931,573,1504,0.1388
933,570,1503,0.1388
923,572,1495,0.1388
922,571,1493,0.1388
921,573,1494,0.1388
922,575,1497,0.1388
929,571,1500,0.1388
933,572,1505,0.1388
928,578,1506,0.1388
924,586,1510,0.1388
919,579,1498,0.1388
921,570,1491,0.1388
924,586,1510,0.1388
923,578,1501,0.1388
919,584,1503,0.1388
909,586,1495,0.1388
909,576,1485,0.1388
910,575,1485,0.1388
913,583,1496,0.1388
913,582,1495,0.1388
909,579,1488,0.1388
913,577,1490,0.1388
913,579,1492,0.1388
918,586,1504,0.1388
912,579,1491,0.1388
919,567,1486,0.1388
909,574,1483,0.1388
905,581,1486,0.1388
908,587,1495,0.1388
910,588,1498,0.1388
918,590,1508,0.1388
913,601,1514,0.1388
916,596,1512,0.1388
918,602,1520,0.1388
912,606,1518,0.1388
902,605,1507,0.1388
904,608,1512,0.1388
908,607,1515,0.1388
910,596,1506,0.1388
899,608,1507,0.1388
888,610,1498,0.1388
889,610,1499,0.1388
886,619,1505,0.1388
887,616,1503,0.1388
878,616,1494,0.1388
878,622,1500,0.1388
884,624,1508,0.1388
877,622,1499,0.1388
882,628,1510,0.1388
873,632,1505,0.1388
867,628,1495,0.1388
875,630,1505,0.1388
877,629,1506,0.1388
886,636,1522,0.1388
875,636,1511,0.1388
878,642,1520,0.1388
879,641,1520,0.1388
872,637,1509,0.1388
864,634,1498,0.1388
865,639,1504,0.1388
857,650,1507,0.1388
853,647,1500,0.1388
850,643,1493,0.1388
866,640,1506,0.1388
863,652,1515,0.1388
855,653,1508,0.1388
860,649,1509,0.1388
858,644,1502,0.1388
854,646,1500,0.1388
849,648,1497,0.1388
836,657,1493,0.1388
845,657,1502,0.1388
847,654,1501,0.1388
856,655,1511,0.1388
855,657,1512,0.1388
847,664,1511,0.1388
844,661,1505,0.1388
843,670,1513,0.1388
833,674,1507,0.1388
826,676,1502,0.1388
822,675,1497,0.1388
818,676,1494,0.1388
819,681,1500,0.1388
816,674,1490,0.1388
822,681,1503,0.1388
818,682,1500,0.1388
822,678,1500,0.1388
824,682,1506,0.1388
827,688,1515,0.1388
826,687,1513,0.1388
829,687,1516,0.1388
827,690,1517,0.1388
817,694,1511,0.1388
827,699,1526,0.1388
815,705,1520,0.1388
805,703,1508,0.1388
804,704,1508,0.1388
800,707,1507,0.1388
803,709,1512,0.1388
784,708,1492,0.1388
780,712,1492,0.1388
780,701,1481,0.1388
793,699,1492,0.1388
795,693,1488,0.1388
794,692,1486,0.1388
800,688,1488,0.1388
802,695,1497,0.1388
810,686,1496,0.1388
810,696,1506,0.1388
804,700,1504,0.1388
804,696,1500,0.1388
801,697,1498,0.1388
802,693,1495,0.1388
796,702,1498,0.1388
798,701,1499,0.1388
793,700,1493,0.1388
799,695,1494,0.1388
800,689,1489,0.1388
801,697,1498,0.1388
804,692,1496,0.1388
800,689,1489,0.1388
797,692,1489,0.1388
795,691,1486,0.1388
806,701,1507,0.1388
805,710,1515,0.1388
803,706,1509,0.1388
807,711,1518,0.1388
807,703,1510,0.1388
809,713,1522,0.1388
807,710,1517,0.1388
796,705,1501,0.1388
803,712,1515,0.1388
790,715,1505,0.1388
795,720,1515,0.1388
787,718,1505,0.1388
789,715,1504,0.1388
789,723,1512,0.1388
787,725,1512,0.1388
785,722,1507,0.1388
792,718,1510,0.1388
791,718,1509,0.1388
793,719,1512,0.1388
778,707,1485,0.1388
791,710,1501,0.1388
788,722,1510,0.1388
793,720,1513,0.1388
793,727,1520,0.1388
788,719,1507,0.1388
782,718,1500,0.1388
777,723,1500,0.1388
774,724,1498,0.1388
781,714,1495,0.1388
776,718,1494,0.1388
773,718,1491,0.1388
772,720,1492,0.1388
783,727,1510,0.1388
767,736,1503,0.1388
774,743,1517,0.1388
760,758,1518,0.1388
751,757,1508,0.1388
747,763,1510,0.1388
750,760,1510,0.1388
751,759,1510,0.1388
742,762,1504,0.1388
737,765,1502,0.1388
738,768,1506,0.1388
734,770,1504,0.1388
732,767,1499,0.1388
738,772,1510,0.1388
747,766,1513,0.1388
745,759,1504,0.1388
746,761,1507,0.1388
748,762,1510,0.1388
750,757,1507,0.1388
745,751,1496,0.1388
744,754,1498,0.1388
751,756,1507,0.1388
743,754,1497,0.1388
741,751,1492,0.1388
738,756,1494,0.1388
735,762,1497,0.1388
729,763,1492,0.1388
726,776,1502,0.1388
726,778,1504,0.1388
736,784,1520,0.1388
734,783,1517,0.1388
730,781,1511,0.1388
730,776,1506,0.1388
737,774,1511,0.1388
730,778,1508,0.1388
719,785,1504,0.1388
722,786,1508,0.1388
716,787,1503,0.1388
713,795,1508,0.1388
721,792,1513,0.1388
725,792,1517,0.1388
716,790,1506,0.1388
723,787,1510,0.1388
726,782,1508,0.1388
722,787,1509,0.1388
716,785,1501,0.1388
722,778,1500,0.1388
732,782,1514,0.1388
725,778,1503,0.1388
724,781,1505,0.1388
719,782,1501,0.1388
731,780,1511,0.1388
731,780,1511,0.1388
720,786,1506,0.1388
715,786,1501,0.1388
707,796,1503,0.1388
709,794,1503,0.1388
705,792,1497,0.1388
715,791,1506,0.1388
719,798,1517,0.1388
718,797,1515,0.1388
714,792,1506,0.1388
712,800,1512,0.1388
709,802,1511,0.1388
715,797,1512,0.1388
716,795,1511,0.1388
707,796,1503,0.1388
704,797,1501,0.1388
698,800,1498,0.1388
690,799,1489,0.1388
695,803,1498,0.1388
685,803,1488,0.1388
680,815,1495,0.1388
684,812,1496,0.1388
687,826,1513,0.1388
687,826,1513,0.1388
685,836,1521,0.1388
686,832,1518,0.1388
682,819,1501,0.1388
684,828,1512,0.1388
681,829,1510,0.1388
672,834,1506,0.1388
671,835,1506,0.1388
670,824,1494,0.1388
665,831,1496,0.1388
664,834,1498,0.1388
673,831,1504,0.1388
669,832,1501,0.1388
666,826,1492,0.1388
659,832,1491,0.1388
667,833,1500,0.1388
670,835,1505,0.1388
669,849,1518,0.1388
668,845,1513,0.1388
674,839,1513,0.1388
675,827,1502,0.1388
675,828,1503,0.1388
670,836,1506,0.1388
672,844,1516,0.1388
672,842,1514,0.1388
670,846,1516,0.1388
675,844,1519,0.1388
669,840,1509,0.1388
664,842,1506,0.1388
655,836,1491,0.1388
656,828,1484,0.1388
662,840,1502,0.1388
663,848,1511,0.1388
655,857,1512,0.1388
653,859,1512,0.1388
645,857,1502,0.1388
641,864,1505,0.1388
643,866,1509,0.1388
646,866,1512,0.1388
633,861,1494,0.1388
639,870,1509,0.1388
638,876,1514,0.1388
631,872,1503,0.1388
635,869,1504,0.1388
637,864,1501,0.1388
638,873,1511,0.1388
640,869,1509,0.1388
633,866,1499,0.1388
637,864,1501,0.1388
638,866,1504,0.1388
638,865,1503,0.1388
631,876,1507,0.1388
633,874,1507,0.1388
633,881,1514,0.1388
636,886,1522,0.1388
635,881,1516,0.1388
632,877,1509,0.1388
637,878,1515,0.1388
637,876,1513,0.1388
626,877,1503,0.1388
628,871,1499,0.1388
631,881,1512,0.1388
628,866,1494,0.1388
642,869,1511,0.1388
653,874,1527,0.1388
646,885,1531,0.1388
635,878,1513,0.1388
635,881,1516,0.1388
633,879,1512,0.1388
627,886,1513,0.1388
635,874,1509,0.1388
633,882,1515,0.1388
640,881,1521,0.1388
638,882,1520,0.1388
633,878,1511,0.1388
639,885,1524,0.1388
633,888,1521,0.1388
632,887,1519,0.1388
617,889,1506,0.1388
623,883,1506,0.1388
628,893,1521,0.1388
627,894,1521,0.1388
628,896,1524,0.1388
615,891,1506,0.1388
619,897,1516,0.1388
622,887,1509,0.1388
629,875,1504,0.1388
624,884,1508,0.1388
618,881,1499,0.1388
613,878,1491,0.1388
610,888,1498,0.1388
614,889,1503,0.1388
619,884,1503,0.1388
614,889,1503,0.1388
607,903,1510,0.1388
604,897,1501,0.1388
605,910,1515,0.1388
603,921,1524,0.1388
604,924,1528,0.1388
597,922,1519,0.1388
593,912,1505,0.1388
583,912,1495,0.1388
585,908,1493,0.1388
590,913,1503,0.1388
595,910,1505,0.1388
599,898,1497,0.1388
607,903,1510,0.1388
594,904,1498,0.1388
595,907,1502,0.1388
590,908,1498,0.1388
588,912,1500,0.1388
596,914,1510,0.1388
599,907,1506,0.1388
585,912,1497,0.1388
585,926,1511,0.1388
581,926,1507,0.1388
584,929,1513,0.1388
582,925,1507,0.1388
572,925,1497,0.1388
577,920,1497,0.1388
581,919,1500,0.1388
591,912,1503,0.1388
587,916,1503,0.1388
594,913,1507,0.1388
597,920,1517,0.1388
603,910,1513,0.1388
600,908,1508,0.1388
604,921,1525,0.1388
607,915,1522,0.1388
606,915,1521,0.1388
606,911,1517,0.1388
595,916,1511,0.1388
591,914,1505,0.1388
591,924,1515,0.1388
585,935,1520,0.1388
587,922,1509,0.1388
589,919,1508,0.1388
582,920,1502,0.1388
581,926,1507,0.1388
578,936,1514,0.1388
578,933,1511,0.1388
574,936,1510,0.1388
574,935,1509,0.1388
577,932,1509,0.1388
574,919,1493,0.1388
574,929,1503,0.1388
572,937,1509,0.1388
576,936,1512,0.1388
573,930,1503,0.1388
568,937,1505,0.1388
567,945,1512,0.1388
570,950,1520,0.1388
573,953,1526,0.1388
561,956,1517,0.1388
570,956,1526,0.1388
563,951,1514,0.1388
560,957,1517,0.1388
562,956,1518,0.1388
562,951,1513,0.1388
563,960,1523,0.1388
559,955,1514,0.1388
554,955,1509,0.1388
548,947,1495,0.1388
544,946,1490,0.1388
546,945,1491,0.1388
546,945,1491,0.1388
543,944,1487,0.1388
537,946,1483,0.1388
542,964,1506,0.1388
543,968,1511,0.1388
543,971,1514,0.1388
542,970,1512,0.1388
537,977,1514,0.1388
533,981,1514,0.1388
532,977,1509,0.1388
536,965,1501,0.1388
540,966,1506,0.1388
538,962,1500,0.1388
536,951,1487,0.1388
537,955,1492,0.1388
541,958,1499,0.1388
538,963,1501,0.1388
541,971,1512,0.1388
536,971,1507,0.1388
541,980,1521,0.1388
536,972,1508,0.1388
537,975,1512,0.1388
541,982,1523,0.1388
530,978,1508,0.1388
529,978,1507,0.1388
543,981,1524,0.1388
536,966,1502,0.1388
530,965,1495,0.1388
530,970,1500,0.1388
524,986,1510,0.1388
522,984,1506,0.1388
518,975,1493,0.1388
523,989,1512,0.1388
526,981,1507,0.1388
536,974,1510,0.1388
535,988,1523,0.1388
534,978,1512,0.1388
539,973,1512,0.1388
536,992,1528,0.1388
532,982,1514,0.1388
538,974,1512,0.1388
533,970,1503,0.1388
531,980,1511,0.1388
527,988,1515,0.1388
526,975,1501,0.1388
521,985,1506,0.1388
517,980,1497,0.1388
518,989,1507,0.1388
513,999,1512,0.1388
511,1003,1514,0.1388
503,1010,1513,0.1388
505,1006,1511,0.1388
498,1008,1506,0.1388
497,1010,1507,0.1388
493,1010,1503,0.1388
496,1020,1516,0.1388
498,1020,1518,0.1388
503,1020,1523,0.1388
499,1009,1508,0.1388
508,1011,1519,0.1388
501,1007,1508,0.1388
500,1016,1516,0.1388
497,1011,1508,0.1388
498,1013,1511,0.1388
489,1011,1500,0.1388
487,1021,1508,0.1388
493,1027,1520,0.1388
486,1028,1514,0.1388
483,1024,1507,0.1388
486,1037,1523,0.1388
486,1043,1529,0.1388
477,1034,1511,0.1388
480,1036,1516,0.1388
475,1047,1522,0.1388
479,1041,1520,0.1388
481,1023,1504,0.1388
484,1017,1501,0.1388
490,1018,1508,0.1388
484,1021,1505,0.1388
475,1025,1500,0.1388
467,1012,1479,0.1388
462,1023,1485,0.1388
454,1029,1483,0.1388
463,1037,1500,0.1388
464,1043,1507,0.1388
465,1032,1497,0.1388
455,1046,1501,0.1388
452,1051,1503,0.1388
456,1065,1521,0.1388
451,1061,1512,0.1388
451,1066,1517,0.1388
453,1070,1523,0.1388
447,1066,1513,0.1388
444,1064,1508,0.1388
436,1070,1506,0.1388
430,1077,1507,0.1388
427,1081,1508,0.1388
423,1081,1504,0.1388
424,1078,1502,0.1388
427,1079,1506,0.1388
429,1081,1510,0.1388
422,1083,1505,0.1388
423,1099,1522,0.1388
422,1098,1520,0.1388
420,1099,1519,0.1388
422,1086,1508,0.1388
419,1080,1499,0.1388
421,1077,1498,0.1388
418,1096,1514,0.1388
422,1099,1521,0.1388
422,1106,1528,0.1388
416,1097,1513,0.1388
412,1085,1497,0.1388
416,1092,1508,0.1388
410,1104,1514,0.1388
406,1104,1510,0.1388
397,1099,1496,0.1388
393,1108,1501,0.1388
397,1119,1516,0.1388
391,1121,1512,0.1388
387,1120,1507,0.1388
386,1116,1502,0.1388
391,1109,1500,0.1388
385,1107,1492,0.1388
374,1122,1496,0.1388
372,1127,1499,0.1388
375,1135,1510,0.1388
373,1129,1502,0.1388
372,1140,1512,0.1388
375,1140,1515,0.1388
374,1146,1520,0.1388
375,1140,1515,0.1388
372,1139,1511,0.1388
376,1138,1514,0.1388
374,1134,1508,0.1388
379,1139,1518,0.1388
375,1139,1514,0.1388
374,1136,1510,0.1388
382,1128,1510,0.1388
381,1144,1525,0.1388
382,1136,1518,0.1388
378,1138,1516,0.1388
377,1132,1509,0.1388
374,1147,1521,0.1388
369,1148,1517,0.1388
364,1140,1504,0.1388
367,1131,1498,0.1388
359,1135,1494,0.1388
358,1140,1498,0.1388
365,1141,1506,0.1388
365,1139,1504,0.1388
351,1141,1492,0.1388
358,1151,1509,0.1388
359,1154,1513,0.1388
364,1146,1510,0.1388
366,1149,1515,0.1388
365,1150,1515,0.1388
370,1149,1519,0.1388
367,1160,1527,0.1388
366,1146,1512,0.1388
363,1160,1523,0.1388
360,1155,1515,0.1388
363,1149,1512,0.1388
360,1151,1511,0.1388
357,1149,1506,0.1388
354,1149,1503,0.1388
353,1154,1507,0.1388
357,1149,1506,0.1388
361,1150,1511,0.1388
363,1160,1523,0.1388
365,1163,1528,0.1388
359,1162,1521,0.1388
362,1163,1525,0.1388
351,1166,1517,0.1388
346,1176,1522,0.1388
347,1171,1518,0.1388
350,1162,1512,0.1388
346,1175,1521,0.1388
340,1171,1511,0.1388
340,1164,1504,0.1388
331,1174,1505,0.1388
328,1174,1502,0.1388
329,1176,1505,0.1388
325,1170,1495,0.1388
320,1166,1486,0.1388
321,1178,1499,0.1388
319,1187,1506,0.1388
323,1195,1518,0.1388
324,1185,1509,0.1388
326,1204,1530,0.1388
324,1207,1531,0.1388
322,1209,1531,0.1388
318,1205,1523,0.1388
318,1206,1524,0.1388
310,1205,1515,0.1388
308,1206,1514,0.1388
314,1207,1521,0.1388
311,1197,1508,0.1388
315,1204,1519,0.1388
308,1204,1512,0.1388
301,1212,1513,0.1388
307,1209,1516,0.1388
310,1205,1515,0.1388
306,1203,1509,0.1388
305,1214,1519,0.1388
299,1217,1516,0.1388
293,1226,1519,0.1388
288,1221,1509,0.1388
294,1235,1529,0.1388
291,1228,1519,0.1388
287,1240,1527,0.1388
281,1239,1520,0.1388
291,1223,1514,0.1388
289,1226,1515,0.1388
282,1222,1504,0.1388
282,1226,1508,0.1388
284,1227,1511,0.1388
278,1224,1502,0.1388
279,1220,1499,0.1388
279,1220,1499,0.1388
274,1222,1496,0.1388
276,1220,1496,0.1388
281,1216,1497,0.1388
283,1222,1505,0.1388
273,1220,1493,0.1388
269,1229,1498,0.1388
267,1233,1500,0.1388
265,1229,1494,0.1388
269,1227,1496,0.1388
269,1229,1498,0.1388
265,1231,1496,0.1388
264,1230,1494,0.1388
259,1238,1497,0.1388
264,1231,1495,0.1388
261,1243,1504,0.1388
264,1247,1511,0.1388
265,1253,1518,0.1388
260,1247,1507,0.1388
258,1257,1515,0.1388
253,1254,1507,0.1388
252,1255,1507,0.1388
249,1257,1506,0.1388
254,1260,1514,0.1388
256,1257,1513,0.1388
257,1264,1521,0.1388
256,1265,1521,0.1388
260,1262,1522,0.1388
258,1265,1523,0.1388
259,1252,1511,0.1388
250,1263,1513,0.1388
245,1257,1502,0.1388
253,1273,1526,0.1388
254,1276,1530,0.1388
255,1274,1529,0.1388
252,1268,1520,0.1388
248,1263,1511,0.1388
250,1256,1506,0.1388
244,1256,1500,0.1388
246,1261,1507,0.1388
244,1250,1494,0.1388
247,1245,1492,0.1388
241,1258,1499,0.1388
248,1249,1497,0.1388
247,1257,1504,0.1388
244,1261,1505,0.1388
243,1259,1502,0.1388
242,1264,1506,0.1388
247,1254,1501,0.1388
246,1257,1503,0.1388
248,1264,1512,0.1388
244,1257,1501,0.1388
246,1265,1511,0.1388
246,1259,1505,0.1388
243,1259,1502,0.1388
242,1257,1499,0.1388
243,1256,1499,0.1388
245,1256,1501,0.1388
238,1264,1502,0.1388
235,1271,1506,0.1388
239,1276,1515,0.1388
240,1286,1526,0.1388
240,1287,1527,0.1388
245,1284,1529,0.1388
250,1270,1520,0.1388
245,1263,1508,0.1388
242,1270,1512,0.1388
247,1282,1529,0.1388
246,1260,1506,0.1388
254,1265,1519,0.1388
250,1268,1518,0.1388
244,1276,1520,0.1388
244,1277,1521,0.1388
244,1281,1525,0.1388
243,1266,1509,0.1388
241,1278,1519,0.1388
236,1279,1515,0.1388
235,1277,1512,0.1388
229,1273,1502,0.1388
230,1273,1503,0.1388
225,1273,1498,0.1388
223,1264,1487,0.1388
227,1288,1515,0.1388
224,1277,1501,0.1388
229,1283,1512,0.1388
228,1293,1521,0.1388
225,1286,1511,0.1388
229,1266,1495,0.1388
234,1274,1508,0.1388
231,1275,1506,0.1388
232,1277,1509,0.1388
228,1268,1496,0.1388
227,1276,1503,0.1388
229,1276,1505,0.1388
229,1279,1508,0.1388
233,1284,1517,0.1388
232,1286,1518,0.1388
237,1282,1519,0.1388
237,1276,1513,0.1388
236,1283,1519,0.1388
236,1282,1518,0.1388
229,1287,1516,0.1388
226,1287,1513,0.1388
225,1280,1505,0.1388
218,1281,1499,0.1388
221,1287,1508,0.1388
228,1293,1521,0.1388
224,1293,1517,0.1388
219,1295,1514,0.1388
218,1295,1513,0.1388
215,1306,1521,0.1388
216,1313,1529,0.1388
215,1293,1508,0.1388
215,1302,1517,0.1388
210,1287,1497,0.1388
209,1297,1506,0.1388
205,1292,1497,0.1388
207,1297,1504,0.1388
212,1297,1509,0.1388
204,1313,1517,0.1388
208,1321,1529,0.1388
211,1319,1530,0.1388
207,1312,1519,0.1388
210,1313,1523,0.1388
212,1307,1519,0.1388
216,1308,1524,0.1388
214,1301,1515,0.1388
215,1292,1507,0.1388
209,1300,1509,0.1388
209,1304,1513,0.1388
210,1310,1520,0.1388
207,1312,1519,0.1388
206,1327,1533,0.1388
206,1325,1531,0.1388
205,1321,1526,0.1388
202,1318,1520,0.1388
198,1335,1533,0.1388
199,1326,1525,0.1388
197,1329,1526,0.1388
190,1328,1518,0.1388
192,1324,1516,0.1388
196,1314,1510,0.1388
196,1313,1509,0.1388
192,1319,1511,0.1388
193,1321,1514,0.1388
190,1328,1518,0.1388
194,1329,1523,0.1388
196,1329,1525,0.1388
197,1325,1522,0.1388
195,1318,1513,0.1388
193,1311,1504,0.1388
189,1324,1513,0.1388
191,1326,1517,0.1388
190,1321,1511,0.1388
193,1316,1509,0.1388
193,1325,1518,0.1388
194,1334,1528,0.1388
188,1314,1502,0.1388
186,1329,1515,0.1388
184,1322,1506,0.1388
186,1333,1519,0.1388
184,1329,1513,0.1388
181,1326,1507,0.1388
173,1328,1501,0.1388
180,1344,1524,0.1388
174,1337,1511,0.1388
171,1329,1500,0.1388
175,1325,1500,0.1388
184,1320,1504,0.1388
182,1321,1503,0.1388
180,1317,1497,0.1388
179,1320,1499,0.1388
175,1330,1505,0.1388
175,1335,1510,0.1388
175,1339,1514,0.1388
175,1344,1519,0.1388
174,1345,1519,0.1388
173,1359,1532,0.1388
171,1358,1529,0.1388
165,1342,1507,0.1388
162,1356,1518,0.1388
164,1340,1504,0.1388
166,1345,1511,0.1388
166,1347,1513,0.1388
162,1341,1503,0.1388
163,1330,1493,0.1388
160,1332,1492,0.1388
166,1348,1514,0.1388
170,1340,1510,0.1388
171,1333,1504,0.1388
171,1340,1511,0.1388
174,1340,1514,0.1388
176,1327,1503,0.1388
174,1334,1508,0.1388
178,1345,1523,0.1388
175,1338,1513,0.1388
176,1340,1516,0.1388
174,1343,1517,0.1388
176,1339,1515,0.1388
176,1343,1519,0.1388
174,1352,1526,0.1388
176,1342,1518,0.1388
180,1336,1516,0.1388
175,1337,1512,0.1388
170,1352,1522,0.1388
168,1359,1527,0.1388
168,1354,1522,0.1388
168,1345,1513,0.1388
167,1339,1506,0.1388
166,1334,1500,0.1388
168,1346,1514,0.1388
164,1348,1512,0.1388
165,1335,1500,0.1388
162,1341,1503,0.1388
164,1344,1508,0.1388
166,1353,1519,0.1388
165,1349,1514,0.1388
163,1337,1500,0.1388
167,1352,1519,0.1388
167,1358,1525,0.1388
168,1340,1508,0.1388
168,1346,1514,0.1388
170,1339,1509,0.1388
165,1350,1515,0.1388
166,1348,1514,0.1388
164,1352,1516,0.1388
168,1358,1526,0.1388
165,1368,1533,0.1388
164,1370,1534,0.1388
161,1372,1533,0.1388
159,1359,1518,0.1388
159,1357,1516,0.1388
157,1355,1512,0.1388
155,1362,1517,0.1388
158,1364,1522,0.1388
156,1367,1523,0.1388
155,1369,1524,0.1388
149,1363,1512,0.1388
146,1365,1511,0.1388
139,1362,1501,0.1388
141,1368,1509,0.1388
141,1365,1506,0.1388
143,1368,1511,0.1388
141,1369,1510,0.1388
142,1372,1514,0.1388
145,1360,1505,0.1388
144,1365,1509,0.1388
141,1372,1513,0.1388
138,1375,1513,0.1388
140,1366,1506,0.1388
143,1373,1516,0.1388
143,1378,1521,0.1388
140,1374,1514,0.1388
144,1374,1518,0.1388
145,1373,1518,0.1388
145,1366,1511,0.1388
144,1370,1514,0.1388
145,1376,1521,0.1388
144,1373,1517,0.1388
143,1372,1515,0.1388
140,1363,1503,0.1388
137,1357,1494,0.1388
137,1363,1500,0.1388
137,1379,1516,0.1388
137,1374,1511,0.1388
135,1377,1512,0.1388
132,1376,1508,0.1388
127,1386,1513,0.1388
125,1384,1509,0.1388
123,1388,1511,0.1388
126,1379,1505,0.1388
127,1391,1518,0.1388
126,1386,1512,0.1388
127,1387,1514,0.1388
126,1389,1515,0.1388
122,1393,1515,0.1388
124,1381,1505,0.1388
120,1392,1512,0.1388
116,1404,1520,0.1388
112,1407,1519,0.1388
111,1403,1514,0.1388
114,1400,1514,0.1388
112,1394,1506,0.1388
106,1390,1496,0.1388
107,1399,1506,0.1388
107,1398,1505,0.1388
107,1386,1493,0.1388
106,1393,1499,0.1388
106,1412,1518,0.1388
105,1404,1509,0.1388
105,1423,1528,0.1388
105,1416,1521,0.1388
102,1424,1526,0.1388
98,1431,1529,0.1388
96,1427,1523,0.1388
95,1421,1516,0.1388
96,1427,1523,0.1388
93,1430,1523,0.1388
96,1420,1516,0.1388
95,1414,1509,0.1388
96,1417,1513,0.1388
98,1403,1501,0.1388
97,1410,1507,0.1388
98,1405,1503,0.1388
98,1424,1522,0.1388
100,1423,1523,0.1388
99,1426,1525,0.1388
95,1434,1529,0.1388
91,1431,1522,0.1388
90,1422,1512,0.1388
92,1426,1518,0.1388
90,1421,1511,0.1388
91,1422,1513,0.1388
91,1429,1520,0.1388
93,1438,1531,0.1388
92,1423,1515,0.1388
93,1414,1507,0.1388
95,1415,1510,0.1388
91,1435,1526,0.1388
91,1430,1521,0.1388
91,1436,1527,0.1388
92,1416,1508,0.1388
94,1421,1515,0.1388
94,1418,1512,0.1388
93,1417,1510,0.1388
96,1418,1514,0.1388
96,1436,1532,0.1388
96,1442,1538,0.1388
97,1423,1520,0.1388
93,1414,1507,0.1388
92,1425,1517,0.1388
95,1416,1511,0.1388
93,1422,1515,0.1388
93,1437,1530,0.1388
91,1431,1522,0.1388
90,1421,1511,0.1388
90,1431,1521,0.1388
91,1420,1511,0.1388
93,1433,1526,0.1388
93,1431,1524,0.1388
91,1429,1520,0.1388
91,1426,1517,0.1388
90,1423,1513,0.1388
90,1424,1514,0.1388
89,1433,1522,0.1388
86,1434,1520,0.1388
83,1436,1519,0.1388
84,1428,1512,0.1388
82,1415,1497,0.1388
85,1423,1508,0.1388
85,1431,1516,0.1388
87,1434,1521,0.1388
88,1417,1505,0.1388
83,1419,1502,0.1388
88,1422,1510,0.1388
91,1429,1520,0.1388
88,1433,1521,0.1388
83,1444,1527,0.1388
86,1436,1522,0.1388
87,1426,1513,0.1388
87,1431,1518,0.1388
86,1429,1515,0.1388
86,1428,1514,0.1388
85,1424,1509,0.1388
81,1421,1502,0.1388
86,1431,1517,0.1388
81,1427,1508,0.1388
81,1428,1509,0.1388
81,1425,1506,0.1388
87,1436,1523,0.1388
87,1433,1520,0.1388
83,1433,1516,0.1388
84,1427,1511,0.1388
79,1428,1507,0.1388
77,1432,1509,0.1388
77,1430,1507,0.1388
76,1432,1508,0.1388
78,1432,1510,0.1388
75,1420,1495,0.1388
78,1429,1507,0.1388
78,1434,1512,0.1388
78,1445,1523,0.1388
75,1447,1522,0.1388
71,1435,1506,0.1388
70,1443,1513,0.1388
69,1444,1513,0.1388
67,1440,1507,0.1388
67,1440,1507,0.1388
67,1453,1520,0.1388
68,1457,1525,0.1388
67,1445,1512,0.1388
62,1452,1514,0.1388
63,1466,1529,0.1388
64,1468,1532,0.1388
63,1476,1539,0.1388
62,1464,1526,0.1388
62,1455,1517,0.1388
62,1460,1522,0.1388
62,1462,1524,0.1388
62,1468,1530,0.1388
59,1459,1518,0.1388
57,1469,1526,0.1388
57,1448,1505,0.1388
57,1452,1509,0.1388
54,1458,1512,0.1388
53,1461,1514,0.1388
55,1460,1515,0.1388
54,1446,1500,0.1388
51,1452,1503,0.1388
50,1461,1511,0.1388
51,1447,1498,0.1388
50,1456,1506,0.1388
49,1451,1500,0.1388
48,1461,1509,0.1388
48,1461,1509,0.1388
49,1461,1510,0.1388
51,1464,1515,0.1388
51,1475,1526,0.1388
50,1468,1518,0.1388
48,1466,1514,0.1388
45,1468,1513,0.1388
46,1465,1511,0.1388
46,1470,1516,0.1388
47,1471,1518,0.1388
47,1462,1509,0.1388
47,1479,1526,0.1388
45,1475,1520,0.1388
48,1463,1511,0.1388
46,1475,1521,0.1388
47,1478,1525,0.1388
44,1463,1507,0.1388
48,1453,1501,0.1388
48,1447,1495,0.1388
49,1448,1497,0.1388
47,1456,1503,0.1388
48,1453,1501,0.1388
51,1451,1502,0.1388
50,1458,1508,0.1388
49,1455,1504,0.1388
46,1467,1513,0.1388
48,1457,1505,0.1388
47,1473,1520,0.1388
47,1466,1513,0.1388
48,1464,1512,0.1388
50,1456,1506,0.1388
47,1462,1509,0.1388
46,1466,1512,0.1388
46,1474,1520,0.1388
49,1467,1516,0.1388
50,1464,1514,0.1388
47,1473,1520,0.1388
47,1480,1527,0.1388
46,1468,1514,0.1388
47,1475,1522,0.1388
47,1477,1524,0.1388
50,1470,1520,0.1388
50,1466,1516,0.1388
50,1473,1523,0.1388
48,1484,1532,0.1388
47,1468,1515,0.1388
48,1476,1524,0.1388
48,1473,1521,0.1388
48,1481,1529,0.1388
49,1479,1528,0.1388
49,1473,1522,0.1388
48,1480,1528,0.1388
50,1478,1528,0.1388
46,1474,1520,0.1388
46,1481,1527,0.1388
46,1476,1522,0.1388
45,1473,1518,0.1388
43,1471,1514,0.1388
43,1472,1515,0.1388
41,1471,1512,0.1388
39,1469,1508,0.1388
40,1467,1507,0.1388
40,1469,1509,0.1388
40,1471,1511,0.1388
42,1481,1523,0.1388
39,1477,1516,0.1388
40,1475,1515,0.1388
41,1483,1524,0.1388
40,1488,1528,0.1388
40,1493,1533,0.1388
38,1495,1533,0.1388
38,1488,1526,0.1388
36,1495,1531,0.1388
34,1491,1525,0.1388
38,1479,1517,0.1388
38,1469,1507,0.1388
39,1467,1506,0.1388
37,1478,1515,0.1388
37,1466,1503,0.1388
37,1460,1497,0.1388
38,1473,1511,0.1388
37,1478,1515,0.1388
38,1484,1522,0.1388
39,1476,1515,0.1388
39,1486,1525,0.1388
35,1458,1493,0.1388
36,1456,1492,0.1388
37,1463,1500,0.1388
38,1464,1502,0.1388
36,1474,1510,0.1388
36,1463,1499,0.1388
35,1469,1504,0.1388
36,1472,1508,0.1388
37,1476,1513,0.1388
36,1472,1508,0.1388
36,1477,1513,0.1388
35,1485,1520,0.1388
34,1488,1522,0.1388
34,1482,1516,0.1388
34,1484,1518,0.1388
34,1470,1504,0.1388
33,1487,1520,0.1388
31,1494,1525,0.1388
28,1499,1527,0.1388
27,1491,1518,0.1388
27,1486,1513,0.1388
26,1499,1525,0.1388
24,1494,1518,0.1388
26,1477,1503,0.1388
26,1476,1502,0.1388
24,1475,1499,0.1388
23,1484,1507,0.1388
22,1487,1509,0.1388
23,1484,1507,0.1388
23,1487,1510,0.1388
23,1482,1505,0.1388
24,1493,1517,0.1388
23,1491,1514,0.1388
23,1492,1515,0.1388
23,1491,1514,0.1388
23,1490,1513,0.1388
24,1493,1517,0.1388
24,1499,1523,0.1388
24,1496,1520,0.1388
23,1496,1519,0.1388
22,1502,1524,0.1388
22,1499,1521,0.1388
24,1500,1524,0.1388
23,1502,1525,0.1388
24,1501,1525,0.1388
24,1506,1530,0.1388
25,1498,1523,0.1388
23,1486,1509,0.1388
23,1502,1525,0.1388
23,1501,1524,0.1388
23,1495,1518,0.1388
22,1498,1520,0.1388
22,1501,1523,0.1388
22,1503,1525,0.1388
22,1494,1516,0.1388
22,1507,1529,0.1388
23,1501,1524,0.1388
23,1498,1521,0.1388
22,1506,1528,0.1388
22,1509,1531,0.1388
21,1519,1540,0.1388
22,1514,1536,0.1388
22,1514,1536,0.1388
22,1492,1514,0.1388
22,1497,1519,0.1388
22,1492,1514,0.1388
24,1501,1525,0.1388
24,1526,1550,0.1388
25,1521,1546,0.1388
25,1515,1540,0.1388
25,1510,1535,0.1388
24,1496,1520,0.1388
24,1494,1518,0.1388
23,1502,1525,0.1388
23,1485,1508,0.1388
22,1508,1530,0.1388
22,1505,1527,0.1388
22,1502,1524,0.1388
21,1489,1510,0.1388
21,1499,1520,0.1388
22,1498,1520,0.1388
22,1486,1508,0.1388
23,1489,1512,0.1388
22,1487,1509,0.1388
21,1494,1515,0.1388
21,1495,1516,0.1388
21,1504,1525,0.1388
21,1508,1529,0.1388
21,1515,1536,0.1388
21,1508,1529,0.1388
21,1513,1534,0.1388
19,1497,1516,0.1388
20,1511,1531,0.1388
20,1493,1513,0.1388
20,1481,1501,0.1388
20,1489,1509,0.1388
22,1496,1518,0.1388
22,1492,1514,0.1388
22,1496,1518,0.1388
22,1511,1533,0.1388
22,1509,1531,0.1388
21,1514,1535,0.1388
23,1503,1526,0.1388
22,1495,1517,0.1388
22,1494,1516,0.1388
22,1498,1520,0.1388
21,1498,1519,0.1388
21,1500,1521,0.1388
21,1512,1533,0.1388
21,1510,1531,0.1388
21,1505,1526,0.1388
21,1516,1537,0.1388
21,1505,1526,0.1388
21,1508,1529,0.1388
20,1512,1532,0.1388
21,1502,1523,0.1388
21,1495,1516,0.1388
20,1489,1509,0.1388
20,1492,1512,0.1388
20,1491,1511,0.1388
20,1485,1505,0.1388
22,1484,1506,0.1388
22,1480,1502,0.1388
22,1476,1498,0.1388
23,1488,1511,0.1388
23,1488,1511,0.1388
23,1509,1532,0.1388
22,1500,1522,0.1388
18,1503,1521,0.1388
20,1506,1526,0.1388
19,1509,1528,0.1388
20,1504,1524,0.1388
19,1503,1522,0.1388
17,1503,1520,0.1388
18,1493,1511,0.1388
16,1486,1502,0.1388
17,1485,1502,0.1388
18,1493,1511,0.1388
17,1489,1506,0.1388
18,1506,1524,0.1388
17,1518,1535,0.1388
17,1512,1529,0.1388
15,1495,1510,0.1388
15,1496,1511,0.1388
15,1493,1508,0.1388
16,1497,1513,0.1388
15,1488,1503,0.1388
16,1484,1500,0.1388
15,1483,1498,0.1388
15,1494,1509,0.1388
15,1502,1517,0.1388
15,1509,1524,0.1388
14,1502,1516,0.1388
14,1496,1510,0.1388
16,1505,1521,0.1388
16,1502,1518,0.1388
17,1505,1522,0.1388
17,1503,1520,0.1388
17,1504,1521,0.1388
16,1504,1520,0.1388
16,1511,1527,0.1388
16,1509,1525,0.1388
16,1515,1531,0.1388
15,1511,1526,0.1388
15,1491,1506,0.1388
15,1490,1505,0.1388
16,1495,1511,0.1388
15,1499,1514,0.1388
15,1517,1532,0.1388
13,1513,1526,0.1388
13,1506,1519,0.1388
14,1504,1518,0.1388
14,1515,1529,0.1388
14,1498,1512,0.1388
14,1499,1513,0.1388
15,1499,1514,0.1388
14,1502,1516,0.1388
14,1518,1532,0.1388
13,1508,1521,0.1388
15,1498,1513,0.1388
15,1512,1527,0.1388
15,1509,1524,0.1388
16,1500,1516,0.1388
16,1495,1511,0.1388
16,1493,1509,0.1388
16,1488,1504,0.1388
16,1499,1515,0.1388
16,1498,1514,0.1388
14,1490,1504,0.1388
14,1504,1518,0.1388
17,1503,1520,0.1388
18,1501,1519,0.1388
15,1499,1514,0.1388
15,1499,1514,0.1388
14,1516,1530,0.1388
14,1512,1526,0.1388
14,1507,1521,0.1388
13,1511,1524,0.1388
11,1513,1524,0.1388
11,1516,1527,0.1388
12,1504,1516,0.1388
12,1510,1522,0.1388
11,1518,1529,0.1388
12,1499,1511,0.1388
13,1501,1514,0.1388
13,1500,1513,0.1388
14,1487,1501,0.1388
14,1497,1511,0.1388
14,1492,1506,0.1388
14,1500,1514,0.1388
14,1508,1522,0.1388
13,1515,1528,0.1388
12,1522,1534,0.1388
12,1511,1523,0.1388
12,1501,1513,0.1388
12,1507,1519,0.1388
12,1487,1499,0.1388
13,1491,1504,0.1388
13,1496,1509,0.1388
14,1499,1513,0.1388
14,1497,1511,0.1388
14,1512,1526,0.1388
14,1504,1518,0.1388
13,1491,1504,0.1388
12,1495,1507,0.1388
12,1491,1503,0.1388
12,1501,1513,0.1388
12,1498,1510,0.1388
10,1495,1505,0.1388
10,1512,1522,0.1388
10,1508,1518,0.1388
9,1498,1507,0.1388
9,1504,1513,0.1388
7,1507,1514,0.1388
7,1510,1517,0.1388
7,1501,1508,0.1388
7,1495,1502,0.1388
8,1500,1508,0.1388
8,1516,1524,0.1388
8,1512,1520,0.1388
8,1497,1505,0.1388
8,1500,1508,0.1388
8,1497,1505,0.1388
8,1499,1507,0.1388
8,1507,1515,0.1388
7,1518,1525,0.1388
7,1511,1518,0.1388
7,1502,1509,0.1388
7,1503,1510,0.1388
7,1496,1503,0.1388
7,1510,1517,0.1388
8,1508,1516,0.1388
8,1509,1517,0.1388
8,1513,1521,0.1388
8,1512,1520,0.1388
7,1519,1526,0.1388
6,1504,1510,0.1388
6,1503,1509,0.1388
7,1507,1514,0.1388
7,1504,1511,0.1388
7,1511,1518,0.1388
7,1519,1526,0.1388
7,1517,1524,0.1388
7,1524,1531,0.1388
7,1522,1529,0.1388
6,1518,1524,0.1388
6,1511,1517,0.1388
6,1503,1509,0.1388
6,1506,1512,0.1388
6,1519,1525,0.1388
6,1500,1506,0.1388
6,1505,1511,0.1388
6,1523,1529,0.1388
6,1513,1519,0.1388
6,1525,1531,0.1388
6,1526,1532,0.1388
7,1516,1523,0.1388
8,1510,1518,0.1388
9,1517,1526,0.1388
8,1511,1519,0.1388
9,1511,1520,0.1388
9,1506,1515,0.1388
8,1507,1515,0.1388
8,1499,1507,0.1388
8,1500,1508,0.1388
9,1499,1508,0.1388
7,1493,1500,0.1388
6,1500,1506,0.1388
6,1527,1533,0.1388
6,1527,1533,0.1388
6,1522,1528,0.1388
6,1525,1531,0.1388
6,1519,1525,0.1388
6,1503,1509,0.1388
6,1511,1517,0.1388
6,1522,1528,0.1388
6,1516,1522,0.1388
6,1520,1526,0.1388
6,1505,1511,0.1388
6,1503,1509,0.1388
6,1495,1501,0.1388
5,1499,1504,0.1388
5,1506,1511,0.1388
5,1506,1511,0.1388
5,1508,1513,0.1388
5,1514,1519,0.1388
5,1519,1524,0.1388
5,1516,1521,0.1388
5,1511,1516,0.1388
5,1515,1520,0.1388
5,1511,1516,0.1388
5,1494,1499,0.1388
5,1497,1502,0.1388
5,1496,1501,0.1388
5,1494,1499,0.1388
5,1510,1515,0.1388
5,1520,1525,0.1388
5,1525,1530,0.1388
4,1532,1536,0.1388
4,1517,1521,0.1388
4,1522,1526,0.1388
4,1509,1513,0.1388
4,1514,1518,0.1388
4,1515,1519,0.1388
4,1528,1532,0.1388
5,1521,1526,0.1388
5,1522,1527,0.1388
5,1513,1518,0.1388
5,1508,1513,0.1388
5,1517,1522,0.1388
5,1519,1524,0.1388
5,1510,1515,0.1388
4,1510,1514,0.1388
4,1509,1513,0.1388
4,1507,1511,0.1388
4,1514,1518,0.1388
4,1504,1508,0.1388
5,1495,1500,0.1388
5,1508,1513,0.1388
5,1503,1508,0.1388
5,1516,1521,0.1388
5,1513,1518,0.1388
5,1525,1530,0.1388
5,1523,1528,0.1388
5,1523,1528,0.1388
4,1518,1522,0.1388
5,1527,1532,0.1388
4,1532,1536,0.1388
4,1502,1506,0.1388
4,1501,1505,0.1388
3,1502,1505,0.1388
3,1504,1507,0.1388
4,1502,1506,0.1388
4,1502,1506,0.1388
5,1494,1499,0.1388
5,1498,1503,0.1388
5,1513,1518,0.1388
4,1518,1522,0.1388
4,1518,1522,0.1388
5,1512,1517,0.1388
5,1512,1517,0.1388
5,1505,1510,0.1388
5,1517,1522,0.1388
6,1526,1532,0.1388
5,1515,1520,0.1388
5,1518,1523,0.1388
5,1510,1515,0.1388
5,1497,1502,0.1388
5,1508,1513,0.1388
5,1489,1494,0.1388
5,1490,1495,0.1388
4,1494,1498,0.1388
6,1506,1512,0.1388
7,1500,1507,0.1388
7,1507,1514,0.1388
7,1510,1517,0.1388
7,1514,1521,0.1388
6,1509,1515,0.1388
7,1502,1509,0.1388
6,1504,1510,0.1388
6,1499,1505,0.1388
5,1502,1507,0.1388
5,1506,1511,0.1388
5,1505,1510,0.1388
6,1501,1507,0.1388
6,1502,1508,0.1388
6,1512,1518,0.1388
7,1510,1517,0.1388
7,1506,1513,0.1388
7,1523,1530,0.1388
7,1520,1527,0.1388
7,1514,1521,0.1388
7,1520,1527,0.1388
7,1509,1516,0.1388
7,1508,1515,0.1388
7,1517,1524,0.1388
7,1506,1513,0.1388
7,1507,1514,0.1388
7,1519,1526,0.1388
7,1526,1533,0.1388
7,1525,1532,0.1388
6,1520,1526,0.1388
6,1514,1520,0.1388
6,1519,1525,0.1388
5,1510,1515,0.1388
6,1504,1510,0.1388
7,1515,1522,0.1388
7,1502,1509,0.1388
5,1508,1513,0.1388
3,1511,1514,0.1388
3,1517,1520,0.1388
3,1522,1525,0.1388
3,1521,1524,0.1388
3,1505,1508,0.1388
4,1507,1511,0.1388
4,1512,1516,0.1388
4,1512,1516,0.1388
4,1523,1527,0.1388
5,1512,1517,0.1388
5,1520,1525,0.1388
4,1512,1516,0.1388
4,1517,1521,0.1388
4,1510,1514,0.1388
4,1499,1503,0.1388
4,1494,1498,0.1388
4,1509,1513,0.1388
4,1513,1517,0.1388
5,1514,1519,0.1388
5,1510,1515,0.1388
5,1509,1514,0.1388
5,1515,1520,0.1388
5,1532,1537,0.1388
5,1535,1540,0.1388
5,1514,1519,0.1388
5,1508,1513,0.1388
5,1517,1522,0.1388
5,1513,1518,0.1388
4,1512,1516,0.1388
4,1520,1524,0.1388
4,1526,1530,0.1388
5,1512,1517,0.1388
5,1509,1514,0.1388
5,1498,1503,0.1388
4,1510,1514,0.1388
4,1511,1515,0.1388
4,1516,1520,0.1388
4,1505,1509,0.1388
4,1508,1512,0.1388
3,1504,1507,0.1388
3,1508,1511,0.1388
3,1505,1508,0.1388
3,1518,1521,0.1388
3,1522,1525,0.1388
3,1522,1525,0.1388
3,1518,1521,0.1388
3,1506,1509,0.1388
4,1502,1506,0.1388
4,1509,1513,0.1388
4,1507,1511,0.1388
4,1508,1512,0.1388
4,1512,1516,0.1388
4,1519,1523,0.1388
3,1511,1514,0.1388
3,1503,1506,0.1388
2,1506,1508,0.1388
2,1523,1525,0.1388
2,1518,1520,0.1388
2,1511,1513,0.1388
2,1506,1508,0.1388
1,1502,1503,0.1388
1,1506,1507,0.1388
1,1513,1514,0.1388
1,1523,1524,0.1388
1,1507,1508,0.1388
2,1511,1513,0.1388
2,1513,1515,0.1388
2,1523,1525,0.1388
2,1524,1526,0.1388
2,1526,1528,0.1388
2,1508,1510,0.1388
2,1512,1514,0.1388
2,1513,1515,0.1388
2,1526,1528,0.1388
2,1520,1522,0.1388
2,1517,1519,0.1388
1,1503,1504,0.1388
1,1500,1501,0.1388
2,1492,1494,0.1388
2,1501,1503,0.1388
2,1502,1504,0.1388
2,1511,1513,0.1388
2,1508,1510,0.1388
2,1525,1527,0.1388
2,1537,1539,0.1388
2,1523,1525,0.1388
2,1521,1523,0.1388
2,1520,1522,0.1388
2,1518,1520,0.1388
2,1528,1530,0.1388
2,1523,1525,0.1388
2,1525,1527,0.1388
2,1541,1543,0.1388
1,1523,1524,0.1388
1,1517,1518,0.1388
1,1512,1513,0.1388
1,1510,1511,0.1388
1,1515,1516,0.1388
1,1504,1505,0.1388
1,1515,1516,0.1388
1,1516,1517,0.1388
1,1524,1525,0.1388
1,1520,1521,0.1388
1,1523,1524,0.1388
1,1510,1511,0.1388
1,1508,1509,0.1388
1,1524,1525,0.1388
1,1520,1521,0.1388
1,1510,1511,0.1388
1,1512,1513,0.1388
1,1525,1526,0.1388
1,1522,1523,0.1388
1,1528,1529,0.1388
1,1524,1525,0.1388
1,1527,1528,0.1388
1,1533,1534,0.1388
1,1535,1536,0.1388
1,1529,1530,0.1388
1,1529,1530,0.1388
1,1535,1536,0.1388
2,1521,1523,0.1388
2,1514,1516,0.1388
2,1499,1501,0.1388
2,1506,1508,0.1388
1,1515,1516,0.1388
1,1521,1522,0.1388
1,1506,1507,0.1388
1,1503,1504,0.1388
1,1508,1509,0.1388
1,1513,1514,0.1388
1,1519,1520,0.1388
1,1513,1514,0.1388
1,1520,1521,0.1388
1,1510,1511,0.1388
1,1512,1513,0.1388
1,1520,1521,0.1388
1,1519,1520,0.1388
1,1511,1512,0.1388
1,1501,1502,0.1388
1,1519,1520,0.1388
1,1518,1519,0.1388
1,1517,1518,0.1388
1,1505,1506,0.1388
1,1488,1489,0.1388
1,1508,1509,0.1388
1,1510,1511,0.1388
1,1508,1509,0.1388
1,1515,1516,0.1388
1,1514,1515,0.1388
1,1521,1522,0.1388
1,1516,1517,0.1388
1,1527,1528,0.1388
1,1516,1517,0.1388
1,1506,1507,0.1388
1,1508,1509,0.1388
1,1514,1515,0.1388
1,1513,1514,0.1388
1,1513,1514,0.1388
1,1512,1513,0.1388
1,1510,1511,0.1388
1,1510,1511,0.1388
1,1497,1498,0.1388
1,1506,1507,0.1388
1,1517,1518,0.1388
1,1509,1510,0.1388
1,1511,1512,0.1388
1,1522,1523,0.1388
1,1523,1524,0.1388
1,1518,1519,0.1388
1,1530,1531,0.1388
1,1517,1518,0.1388
1,1517,1518,0.1388
1,1516,1517,0.1388
1,1520,1521,0.1388
1,1519,1520,0.1388
1,1517,1518,0.1388
1,1523,1524,0.1388
1,1520,1521,0.1388
1,1516,1517,0.1388
1,1515,1516,0.1388
1,1505,1506,0.1388
1,1509,1510,0.1388
1,1509,1510,0.1388
1,1501,1502,0.1388
1,1506,1507,0.1388
1,1507,1508,0.1388
1,1517,1518,0.1388
1,1523,1524,0.1388
1,1529,1530,0.1388
0,1519,1519,0.1388
