1375,32,1407,0.1388
1416,34,1450,0.1388
1433,34,1467,0.1388
1432,33,1465,0.1388
1444,35,1479,0.1388
1437,37,1474,0.1388
1445,35,1480,0.1388
1454,35,1489,0.1388
1460,35,1495,0.1388
1461,37,1498,0.1388
1456,34,1490,0.1388
1454,32,1486,0.1388
1447,32,1479,0.1388
1455,33,1488,0.1388
1465,34,1499,0.1388
1446,34,1480,0.1388
1446,35,1481,0.1388
1447,34,1481,0.1388
1460,34,1494,0.1388
1448,34,1482,0.1388
1440,35,1475,0.1388
1433,38,1471,0.1388
1421,37,1458,0.1388
1433,35,1468,0.1388
1446,35,1481,0.1388
1455,35,1490,0.1388
1458,37,1495,0.1388
1474,37,1511,0.1388
1457,35,1492,0.1388
1443,37,1480,0.1388
1434,38,1472,0.1388
1452,40,1492,0.1388
1447,39,1486,0.1388
1448,40,1488,0.1388
1431,37,1468,0.1388
1447,38,1485,0.1388
1454,39,1493,0.1388
1448,38,1486,0.1388
1459,38,1497,0.1388
1454,38,1492,0.1388
1448,38,1486,0.1388
1456,38,1494,0.1388
1461,41,1502,0.1388
1463,41,1504,0.1388
1462,42,1504,0.1388
1459,43,1502,0.1388
1451,44,1495,0.1388
1450,42,1492,0.1388
1446,42,1488,0.1388
1437,46,1483,0.1388
1437,50,1487,0.1388
1439,49,1488,0.1388
1446,47,1493,0.1388
1447,46,1493,0.1388
1447,44,1491,0.1388
1443,46,1489,0.1388
1447,44,1491,0.1388
1441,44,1485,0.1388
1446,45,1491,0.1388
1444,45,1489,0.1388
1434,46,1480,0.1388
1437,47,1484,0.1388
1431,48,1479,0.1388
1433,48,1481,0.1388
1440,50,1490,0.1388
1440,52,1492,0.1388
1446,52,1498,0.1388
1434,49,1483,0.1388
1446,51,1497,0.1388
1444,47,1491,0.1388
1454,46,1500,0.1388
1457,47,1504,0.1388
1447,47,1494,0.1388
1452,47,1499,0.1388
1467,45,1512,0.1388
1464,43,1507,0.1388
1454,43,1497,0.1388
1460,45,1505,0.1388
1463,44,1507,0.1388
1445,44,1489,0.1388
1450,42,1492,0.1388
1463,42,1505,0.1388
1479,42,1521,0.1388
1472,42,1514,0.1388
1474,40,1514,0.1388
1466,41,1507,0.1388
1460,45,1505,0.1388
1443,45,1488,0.1388
1433,46,1479,0.1388
1427,46,1473,0.1388
1432,48,1480,0.1388
1441,50,1491,0.1388
1463,51,1514,0.1388
1466,49,1515,0.1388
1456,50,1506,0.1388
1448,51,1499,0.1388
1439,49,1488,0.1388
1436,48,1484,0.1388
1442,46,1488,0.1388
1443,48,1491,0.1388
1447,47,1494,0.1388
1454,47,1501,0.1388
1455,48,1503,0.1388
1460,49,1509,0.1388
1456,50,1506,0.1388
1451,53,1504,0.1388
1433,50,1483,0.1388
1418,50,1468,0.1388
1437,51,1488,0.1388
1428,53,1481,0.1388
1432,54,1486,0.1388
1430,56,1486,0.1388
1438,56,1494,0.1388
1436,57,1493,0.1388
1432,58,1490,0.1388
1432,54,1486,0.1388
1435,52,1487,0.1388
1428,52,1480,0.1388
1428,57,1485,0.1388
1437,58,1495,0.1388
1429,54,1483,0.1388
1430,56,1486,0.1388
1428,60,1488,0.1388
1420,62,1482,0.1388
1409,62,1471,0.1388
1426,63,1489,0.1388
1422,63,1485,0.1388
1431,64,1495,0.1388
1427,63,1490,0.1388
1423,64,1487,0.1388
1418,63,1481,0.1388
1412,63,1475,0.1388
1416,64,1480,0.1388
1433,66,1499,0.1388
1436,69,1505,0.1388
1423,73,1496,0.1388
1427,72,1499,0.1388
1430,71,1501,0.1388
1421,75,1496,0.1388
1414,73,1487,0.1388
1415,73,1488,0.1388
1411,71,1482,0.1388
1416,75,1491,0.1388
1398,76,1474,0.1388
1407,73,1480,0.1388
1414,74,1488,0.1388
1421,74,1495,0.1388
1421,74,1495,0.1388
1414,75,1489,0.1388
1426,73,1499,0.1388
1424,75,1499,0.1388
1411,75,1486,0.1388
1422,73,1495,0.1388
1425,73,1498,0.1388
1411,72,1483,0.1388
1422,74,1496,0.1388
1432,71,1503,0.1388
1426,73,1499,0.1388
1427,73,1500,0.1388
1429,72,1501,0.1388
1430,72,1502,0.1388
1426,72,1498,0.1388
1414,76,1490,0.1388
1417,71,1488,0.1388
1427,70,1497,0.1388
1416,72,1488,0.1388
1397,73,1470,0.1388
1408,73,1481,0.1388
1411,74,1485,0.1388
1409,77,1486,0.1388
1409,74,1483,0.1388
1431,71,1502,0.1388
1432,68,1500,0.1388
1447,68,1515,0.1388
1438,72,1510,0.1388
1439,72,1511,0.1388
1434,71,1505,0.1388
1439,71,1510,0.1388
1426,69,1495,0.1388
1422,67,1489,0.1388
1421,68,1489,0.1388
1425,66,1491,0.1388
1417,69,1486,0.1388
1410,71,1481,0.1388
1421,69,1490,0.1388
1419,69,1488,0.1388
1423,65,1488,0.1388
1415,68,1483,0.1388
1400,68,1468,0.1388
1407,66,1473,0.1388
1416,67,1483,0.1388
1421,67,1488,0.1388
1429,65,1494,0.1388
1428,64,1492,0.1388
1428,65,1493,0.1388
1436,68,1504,0.1388
1436,73,1509,0.1388
1426,76,1502,0.1388
1419,75,1494,0.1388
1416,72,1488,0.1388
1402,70,1472,0.1388
1412,71,1483,0.1388
1417,69,1486,0.1388
1425,73,1498,0.1388
1403,72,1475,0.1388
1410,73,1483,0.1388
1403,74,1477,0.1388
1414,73,1487,0.1388
1411,77,1488,0.1388
1395,74,1469,0.1388
1390,73,1463,0.1388
1406,74,1480,0.1388
1411,72,1483,0.1388
1418,69,1487,0.1388
1396,67,1463,0.1388
1395,70,1465,0.1388
1406,72,1478,0.1388
1414,76,1490,0.1388
1414,78,1492,0.1388
1412,80,1492,0.1388
1408,78,1486,0.1388
1411,79,1490,0.1388
1409,80,1489,0.1388
1399,80,1479,0.1388
1401,80,1481,0.1388
1409,78,1487,0.1388
1420,78,1498,0.1388
1422,81,1503,0.1388
1413,82,1495,0.1388
1406,79,1485,0.1388
1417,81,1498,0.1388
1416,83,1499,0.1388
1402,84,1486,0.1388
1402,84,1486,0.1388
1391,81,1472,0.1388
1414,82,1496,0.1388
1404,82,1486,0.1388
1404,84,1488,0.1388
1389,85,1474,0.1388
1380,82,1462,0.1388
1387,83,1470,0.1388
1392,90,1482,0.1388
1388,92,1480,0.1388
1388,91,1479,0.1388
1400,90,1490,0.1388
1400,94,1494,0.1388
1402,93,1495,0.1388
1406,95,1501,0.1388
1409,92,1501,0.1388
1408,99,1507,0.1388
1422,97,1519,0.1388
1416,94,1510,0.1388
1406,95,1501,0.1388
1392,97,1489,0.1388
1410,99,1509,0.1388
1396,100,1496,0.1388
1404,101,1505,0.1388
1405,99,1504,0.1388
1403,102,1505,0.1388
1389,100,1489,0.1388
1398,97,1495,0.1388
1390,96,1486,0.1388
1408,96,1504,0.1388
1410,100,1510,0.1388
1399,97,1496,0.1388
1401,97,1498,0.1388
1388,102,1490,0.1388
1383,100,1483,0.1388
1394,101,1495,0.1388
1395,102,1497,0.1388
1399,97,1496,0.1388
1397,97,1494,0.1388
1390,97,1487,0.1388
1376,97,1473,0.1388
1389,99,1488,0.1388
1398,97,1495,0.1388
1396,98,1494,0.1388
1400,97,1497,0.1388
1396,97,1493,0.1388
1388,98,1486,0.1388
1393,98,1491,0.1388
1386,99,1485,0.1388
1378,99,1477,0.1388
1373,98,1471,0.1388
1380,103,1483,0.1388
1388,107,1495,0.1388
1391,108,1499,0.1388
1387,109,1496,0.1388
1378,111,1489,0.1388
1373,110,1483,0.1388
1374,112,1486,0.1388
1372,107,1479,0.1388
1378,112,1490,0.1388
1380,112,1492,0.1388
1382,110,1492,0.1388
1382,114,1496,0.1388
1375,113,1488,0.1388
1384,115,1499,0.1388
1388,114,1502,0.1388
1390,119,1509,0.1388
1393,117,1510,0.1388
1382,117,1499,0.1388
1384,115,1499,0.1388
1387,114,1501,0.1388
1381,114,1495,0.1388
1383,116,1499,0.1388
1375,116,1491,0.1388
1380,118,1498,0.1388
1384,119,1503,0.1388
1387,119,1506,0.1388
1384,120,1504,0.1388
1373,116,1489,0.1388
1379,118,1497,0.1388
1365,125,1490,0.1388
1368,124,1492,0.1388
1370,125,1495,0.1388
1380,125,1505,0.1388
1380,123,1503,0.1388
1382,121,1503,0.1388
1379,122,1501,0.1388
1371,118,1489,0.1388
1371,120,1491,0.1388
1360,125,1485,0.1388
1366,122,1488,0.1388
1371,123,1494,0.1388
1379,117,1496,0.1388
1376,117,1493,0.1388
1376,116,1492,0.1388
1371,113,1484,0.1388
1372,117,1489,0.1388
1361,114,1475,0.1388
1386,114,1500,0.1388
1389,113,1502,0.1388
1391,115,1506,0.1388
1390,113,1503,0.1388
1389,109,1498,0.1388
1395,109,1504,0.1388
1387,109,1496,0.1388
1393,110,1503,0.1388
1390,109,1499,0.1388
1393,115,1508,0.1388
1393,111,1504,0.1388
1396,112,1508,0.1388
1396,114,1510,0.1388
1400,114,1514,0.1388
1381,114,1495,0.1388
1384,119,1503,0.1388
1398,121,1519,0.1388
1391,120,1511,0.1388
1389,120,1509,0.1388
1381,121,1502,0.1388
1393,118,1511,0.1388
1386,122,1508,0.1388
1388,125,1513,0.1388
1377,124,1501,0.1388
1367,125,1492,0.1388
1366,126,1492,0.1388
1370,127,1497,0.1388
1382,131,1513,0.1388
1374,125,1499,0.1388
1377,125,1502,0.1388
1379,128,1507,0.1388
1367,130,1497,0.1388
1366,130,1496,0.1388
1370,132,1502,0.1388
1370,135,1505,0.1388
1367,135,1502,0.1388
1362,135,1497,0.1388
1366,133,1499,0.1388
1371,134,1505,0.1388
1370,129,1499,0.1388
1370,129,1499,0.1388
1366,129,1495,0.1388
1360,127,1487,0.1388
1361,126,1487,0.1388
1381,126,1507,0.1388
1382,128,1510,0.1388
1380,129,1509,0.1388
1386,128,1514,0.1388
1377,123,1500,0.1388
1376,123,1499,0.1388
1379,126,1505,0.1388
1371,129,1500,0.1388
1378,131,1509,0.1388
1364,131,1495,0.1388
1362,134,1496,0.1388
1359,136,1495,0.1388
1355,136,1491,0.1388
1355,141,1496,0.1388
1358,142,1500,0.1388
1335,142,1477,0.1388
1339,141,1480,0.1388
1349,145,1494,0.1388
1356,148,1504,0.1388
1366,145,1511,0.1388
1361,142,1503,0.1388
1371,141,1512,0.1388
1361,142,1503,0.1388
1349,140,1489,0.1388
1352,140,1492,0.1388
1360,140,1500,0.1388
1350,137,1487,0.1388
1354,137,1491,0.1388
1358,142,1500,0.1388
1358,144,1502,0.1388
1361,144,1505,0.1388
1363,147,1510,0.1388
1350,146,1496,0.1388
1328,151,1479,0.1388
1340,148,1488,0.1388
1339,149,1488,0.1388
1348,148,1496,0.1388
1360,144,1504,0.1388
1360,145,1505,0.1388
1358,149,1507,0.1388
1363,149,1512,0.1388
1355,150,1505,0.1388
1360,151,1511,0.1388
1353,148,1501,0.1388
1357,144,1501,0.1388
1345,146,1491,0.1388
1340,143,1483,0.1388
1352,142,1494,0.1388
1349,144,1493,0.1388
1345,142,1487,0.1388
1331,144,1475,0.1388
1345,145,1490,0.1388
1346,146,1492,0.1388
1354,145,1499,0.1388
1356,146,1502,0.1388
1346,153,1499,0.1388
1338,153,1491,0.1388
1345,156,1501,0.1388
1348,155,1503,0.1388
1345,156,1501,0.1388
1343,158,1501,0.1388
1346,160,1506,0.1388
1332,165,1497,0.1388
1320,163,1483,0.1388
1331,159,1490,0.1388
1338,161,1499,0.1388
1340,162,1502,0.1388
1341,162,1503,0.1388
1327,160,1487,0.1388
1325,164,1489,0.1388
1328,169,1497,0.1388
1338,168,1506,0.1388
1341,168,1509,0.1388
1336,168,1504,0.1388
1331,167,1498,0.1388
1340,169,1509,0.1388
1333,170,1503,0.1388
1336,170,1506,0.1388
1334,171,1505,0.1388
1334,176,1510,0.1388
1327,180,1507,0.1388
1323,180,1503,0.1388
1321,180,1501,0.1388
1323,181,1504,0.1388
1314,180,1494,0.1388
1317,181,1498,0.1388
1307,183,1490,0.1388
1304,187,1491,0.1388
1289,189,1478,0.1388
1294,192,1486,0.1388
1299,189,1488,0.1388
1312,188,1500,0.1388
1313,192,1505,0.1388
1301,193,1494,0.1388
1301,201,1502,0.1388
1309,206,1515,0.1388
1310,207,1517,0.1388
1305,204,1509,0.1388
1306,210,1516,0.1388
1304,213,1517,0.1388
1297,214,1511,0.1388
1280,214,1494,0.1388
1269,212,1481,0.1388
1265,209,1474,0.1388
1285,214,1499,0.1388
1276,217,1493,0.1388
1282,215,1497,0.1388
1273,217,1490,0.1388
1274,214,1488,0.1388
1275,209,1484,0.1388
1277,207,1484,0.1388
1278,211,1489,0.1388
1278,214,1492,0.1388
1281,214,1495,0.1388
1283,211,1494,0.1388
1288,213,1501,0.1388
1283,215,1498,0.1388
1278,217,1495,0.1388
1275,217,1492,0.1388
1280,218,1498,0.1388
1284,216,1500,0.1388
1280,216,1496,0.1388
1275,217,1492,0.1388
1274,213,1487,0.1388
1282,211,1493,0.1388
1277,215,1492,0.1388
1268,218,1486,0.1388
1273,218,1491,0.1388
1263,218,1481,0.1388
1271,216,1487,0.1388
1283,217,1500,0.1388
1281,214,1495,0.1388
1277,216,1493,0.1388
1263,217,1480,0.1388
1262,222,1484,0.1388
1258,218,1476,0.1388
1266,218,1484,0.1388
1260,220,1480,0.1388
1262,224,1486,0.1388
1257,222,1479,0.1388
1253,223,1476,0.1388
1270,224,1494,0.1388
1268,222,1490,0.1388
1261,216,1477,0.1388
1263,222,1485,0.1388
1258,225,1483,0.1388
1261,226,1487,0.1388
1260,227,1487,0.1388
1266,232,1498,0.1388
1266,227,1493,0.1388
1264,235,1499,0.1388
1259,236,1495,0.1388
1247,233,1480,0.1388
1243,232,1475,0.1388
1248,238,1486,0.1388
1242,233,1475,0.1388
1242,229,1471,0.1388
1239,233,1472,0.1388
1239,234,1473,0.1388
1248,238,1486,0.1388
1248,242,1490,0.1388
1247,246,1493,0.1388
1239,251,1490,0.1388
1242,253,1495,0.1388
1235,260,1495,0.1388
1243,262,1505,0.1388
1236,259,1495,0.1388
1237,255,1492,0.1388
1247,261,1508,0.1388
1244,262,1506,0.1388
1227,266,1493,0.1388
1231,271,1502,0.1388
1231,272,1503,0.1388
1232,271,1503,0.1388
1225,269,1494,0.1388
1223,273,1496,0.1388
1227,272,1499,0.1388
1223,274,1497,0.1388
1219,275,1494,0.1388
1228,275,1503,0.1388
1245,281,1526,0.1388
1244,274,1518,0.1388
1244,273,1517,0.1388
1233,273,1506,0.1388
1227,278,1505,0.1388
1231,279,1510,0.1388
1226,276,1502,0.1388
1223,273,1496,0.1388
1229,268,1497,0.1388
1227,273,1500,0.1388
1231,269,1500,0.1388
1214,269,1483,0.1388
1216,268,1484,0.1388
1224,270,1494,0.1388
1227,266,1493,0.1388
1235,266,1501,0.1388
1230,265,1495,0.1388
1225,263,1488,0.1388
1218,267,1485,0.1388
1207,270,1477,0.1388
1202,273,1475,0.1388
1214,279,1493,0.1388
1213,281,1494,0.1388
1226,273,1499,0.1388
1226,277,1503,0.1388
1202,275,1477,0.1388
1184,284,1468,0.1388
1186,288,1474,0.1388
1181,290,1471,0.1388
1204,291,1495,0.1388
1205,298,1503,0.1388
1212,298,1510,0.1388
1204,295,1499,0.1388
1193,295,1488,0.1388
1196,300,1496,0.1388
1193,303,1496,0.1388
1191,300,1491,0.1388
1197,296,1493,0.1388
1195,298,1493,0.1388
1190,297,1487,0.1388
1190,305,1495,0.1388
1179,305,1484,0.1388
1176,302,1478,0.1388
1173,302,1475,0.1388
1182,301,1483,0.1388
1175,298,1473,0.1388
1170,309,1479,0.1388
1171,312,1483,0.1388
1177,317,1494,0.1388
1182,322,1504,0.1388
1178,321,1499,0.1388
1170,328,1498,0.1388
1164,334,1498,0.1388
1165,338,1503,0.1388
1170,337,1507,0.1388
1175,343,1518,0.1388
1172,342,1514,0.1388
1166,354,1520,0.1388
1163,349,1512,0.1388
1166,349,1515,0.1388
1159,356,1515,0.1388
1155,353,1508,0.1388
1152,357,1509,0.1388
1153,359,1512,0.1388
1157,360,1517,0.1388
1157,359,1516,0.1388
1157,360,1517,0.1388
1147,359,1506,0.1388
1146,358,1504,0.1388
1152,362,1514,0.1388
1146,365,1511,0.1388
1141,360,1501,0.1388
1133,353,1486,0.1388
1130,355,1485,0.1388
1135,358,1493,0.1388
1140,365,1505,0.1388
1132,363,1495,0.1388
1127,362,1489,0.1388
1123,369,1492,0.1388
1125,372,1497,0.1388
1127,367,1494,0.1388
1132,363,1495,0.1388
1139,372,1511,0.1388
1149,365,1514,0.1388
1141,368,1509,0.1388
1140,365,1505,0.1388
1133,373,1506,0.1388
1130,379,1509,0.1388
1127,386,1513,0.1388
1114,382,1496,0.1388
1117,385,1502,0.1388
1110,385,1495,0.1388
1106,389,1495,0.1388
1097,388,1485,0.1388
1093,396,1489,0.1388
1093,405,1498,0.1388
1096,404,1500,0.1388
1095,408,1503,0.1388
1102,407,1509,0.1388
1098,411,1509,0.1388
1087,412,1499,0.1388
1087,408,1495,0.1388
1088,415,1503,0.1388
1082,416,1498,0.1388
1085,418,1503,0.1388
1084,421,1505,0.1388
1085,416,1501,0.1388
1089,418,1507,0.1388
1099,419,1518,0.1388
1095,415,1510,0.1388
1086,410,1496,0.1388
1091,407,1498,0.1388
1095,408,1503,0.1388
1093,413,1506,0.1388
1100,418,1518,0.1388
1096,414,1510,0.1388
1091,416,1507,0.1388
1082,420,1502,0.1388
1093,422,1515,0.1388
1090,425,1515,0.1388
1084,425,1509,0.1388
1067,424,1491,0.1388
1082,424,1506,0.1388
1088,432,1520,0.1388
1082,437,1519,0.1388
1080,438,1518,0.1388
1091,436,1527,0.1388
1080,434,1514,0.1388
1064,437,1501,0.1388
1068,439,1507,0.1388
1064,438,1502,0.1388
1074,441,1515,0.1388
1064,450,1514,0.1388
1068,441,1509,0.1388
1065,438,1503,0.1388
1064,441,1505,0.1388
1055,438,1493,0.1388
1061,444,1505,0.1388
1056,440,1496,0.1388
1050,444,1494,0.1388
1059,450,1509,0.1388
1062,444,1506,0.1388
1069,446,1515,0.1388
1062,442,1504,0.1388
1052,442,1494,0.1388
1042,450,1492,0.1388
1039,440,1479,0.1388
1046,442,1488,0.1388
1053,439,1492,0.1388
1049,446,1495,0.1388
1038,450,1488,0.1388
1053,448,1501,0.1388
1055,443,1498,0.1388
1053,446,1499,0.1388
1051,444,1495,0.1388
1055,445,1500,0.1388
1061,445,1506,0.1388
1055,448,1503,0.1388
1056,454,1510,0.1388
1049,448,1497,0.1388
1051,453,1504,0.1388
1045,455,1500,0.1388
1049,453,1502,0.1388
1036,453,1489,0.1388
1028,458,1486,0.1388
1027,463,1490,0.1388
1023,462,1485,0.1388
1025,466,1491,0.1388
1030,461,1491,0.1388
1035,468,1503,0.1388
1037,466,1503,0.1388
1033,470,1503,0.1388
1030,474,1504,0.1388
1028,478,1506,0.1388
1021,481,1502,0.1388
1016,479,1495,0.1388
1026,477,1503,0.1388
1018,479,1497,0.1388
1020,484,1504,0.1388
1015,478,1493,0.1388
1006,485,1491,0.1388
1002,485,1487,0.1388
1009,485,1494,0.1388
1007,486,1493,0.1388
1009,493,1502,0.1388
1014,496,1510,0.1388
1007,500,1507,0.1388
1005,503,1508,0.1388
1001,500,1501,0.1388
994,501,1495,0.1388
995,505,1500,0.1388
996,515,1511,0.1388
993,517,1510,0.1388
994,512,1506,0.1388
992,513,1505,0.1388
987,517,1504,0.1388
987,511,1498,0.1388
977,503,1480,0.1388
995,504,1499,0.1388
988,503,1491,0.1388
992,509,1501,0.1388
997,504,1501,0.1388
1002,504,1506,0.1388
1002,499,1501,0.1388
992,500,1492,0.1388
989,496,1485,0.1388
989,494,1483,0.1388
992,502,1494,0.1388
988,514,1502,0.1388
996,510,1506,0.1388
981,510,1491,0.1388
991,515,1506,0.1388
982,518,1500,0.1388
973,510,1483,0.1388
975,511,1486,0.1388
980,513,1493,0.1388
979,522,1501,0.1388
980,520,1500,0.1388
973,525,1498,0.1388
971,525,1496,0.1388
974,524,1498,0.1388
967,528,1495,0.1388
976,531,1507,0.1388
973,525,1498,0.1388
979,518,1497,0.1388
970,518,1488,0.1388
974,520,1494,0.1388
977,516,1493,0.1388
959,519,1478,0.1388
950,523,1473,0.1388
963,529,1492,0.1388
965,525,1490,0.1388
964,521,1485,0.1388
964,526,1490,0.1388
965,528,1493,0.1388
970,521,1491,0.1388
972,532,1504,0.1388
981,533,1514,0.1388
970,531,1501,0.1388
957,533,1490,0.1388
960,530,1490,0.1388
961,535,1496,0.1388
962,533,1495,0.1388
963,530,1493,0.1388
964,534,1498,0.1388
959,533,1492,0.1388
964,533,1497,0.1388
969,527,1496,0.1388
970,524,1494,0.1388
959,520,1479,0.1388
962,524,1486,0.1388
965,525,1490,0.1388
960,523,1483,0.1388
965,523,1488,0.1388
968,524,1492,0.1388
983,529,1512,0.1388
986,524,1510,0.1388
985,527,1512,0.1388
984,528,1512,0.1388
986,525,1511,0.1388
996,514,1510,0.1388
988,514,1502,0.1388
994,518,1512,0.1388
987,525,1512,0.1388
981,520,1501,0.1388
978,520,1498,0.1388
972,525,1497,0.1388
970,528,1498,0.1388
967,535,1502,0.1388
966,537,1503,0.1388
975,533,1508,0.1388
972,533,1505,0.1388
967,544,1511,0.1388
966,552,1518,0.1388
970,550,1520,0.1388
966,544,1510,0.1388
959,545,1504,0.1388
955,542,1497,0.1388
956,548,1504,0.1388
962,555,1517,0.1388
954,557,1511,0.1388
947,561,1508,0.1388
945,567,1512,0.1388
941,569,1510,0.1388
918,576,1494,0.1388
929,572,1501,0.1388
918,575,1493,0.1388
928,568,1496,0.1388
929,561,1490,0.1388
932,563,1495,0.1388
922,568,1490,0.1388
923,572,1495,0.1388
911,578,1489,0.1388
906,578,1484,0.1388
917,571,1488,0.1388
912,576,1488,0.1388
902,581,1483,0.1388
905,576,1481,0.1388
916,581,1497,0.1388
905,580,1485,0.1388
918,575,1493,0.1388
907,581,1488,0.1388
921,581,1502,0.1388
925,580,1505,0.1388
923,586,1509,0.1388
919,581,1500,0.1388
923,582,1505,0.1388
925,577,1502,0.1388
920,585,1505,0.1388
933,586,1519,0.1388
921,587,1508,0.1388
924,585,1509,0.1388
917,578,1495,0.1388
921,581,1502,0.1388
927,585,1512,0.1388
927,583,1510,0.1388
916,592,1508,0.1388
910,595,1505,0.1388
910,592,1502,0.1388
902,585,1487,0.1388
906,593,1499,0.1388
910,602,1512,0.1388
900,593,1493,0.1388
890,597,1487,0.1388
891,599,1490,0.1388
895,600,1495,0.1388
897,601,1498,0.1388
901,603,1504,0.1388
899,602,1501,0.1388
900,615,1515,0.1388
902,618,1520,0.1388
897,612,1509,0.1388
893,615,1508,0.1388
882,617,1499,0.1388
886,616,1502,0.1388
892,614,1506,0.1388
889,621,1510,0.1388
890,620,1510,0.1388
892,625,1517,0.1388
882,622,1504,0.1388
887,626,1513,0.1388
883,633,1516,0.1388
891,641,1532,0.1388
878,643,1521,0.1388
877,644,1521,0.1388
873,641,1514,0.1388
875,648,1523,0.1388
874,645,1519,0.1388
870,640,1510,0.1388
873,631,1504,0.1388
868,641,1509,0.1388
860,634,1494,0.1388
871,637,1508,0.1388
870,634,1504,0.1388
858,641,1499,0.1388
852,639,1491,0.1388
863,646,1509,0.1388
859,642,1501,0.1388
859,640,1499,0.1388
859,647,1506,0.1388
848,650,1498,0.1388
855,652,1507,0.1388
847,666,1513,0.1388
845,657,1502,0.1388
844,661,1505,0.1388
853,673,1526,0.1388
844,670,1514,0.1388
844,666,1510,0.1388
840,670,1510,0.1388
840,669,1509,0.1388
833,665,1498,0.1388
824,670,1494,0.1388
819,673,1492,0.1388
816,672,1488,0.1388
824,675,1499,0.1388
830,678,1508,0.1388
831,674,1505,0.1388
836,678,1514,0.1388
834,684,1518,0.1388
840,674,1514,0.1388
835,678,1513,0.1388
846,675,1521,0.1388
843,675,1518,0.1388
838,682,1520,0.1388
842,677,1519,0.1388
833,679,1512,0.1388
830,688,1518,0.1388
825,687,1512,0.1388
822,679,1501,0.1388
820,673,1493,0.1388
821,679,1500,0.1388
814,672,1486,0.1388
823,672,1495,0.1388
819,670,1489,0.1388
798,678,1476,0.1388
801,684,1485,0.1388
803,687,1490,0.1388
808,690,1498,0.1388
814,689,1503,0.1388
818,683,1501,0.1388
817,688,1505,0.1388
826,698,1524,0.1388
826,686,1512,0.1388
829,688,1517,0.1388
823,697,1520,0.1388
826,690,1516,0.1388
812,684,1496,0.1388
804,685,1489,0.1388
808,687,1495,0.1388
811,687,1498,0.1388
813,688,1501,0.1388
812,693,1505,0.1388
806,688,1494,0.1388
807,698,1505,0.1388
803,706,1509,0.1388
797,702,1499,0.1388
798,704,1502,0.1388
792,708,1500,0.1388
791,719,1510,0.1388
805,720,1525,0.1388
790,724,1514,0.1388
780,725,1505,0.1388
772,723,1495,0.1388
774,723,1497,0.1388
767,718,1485,0.1388
778,721,1499,0.1388
783,716,1499,0.1388
781,722,1503,0.1388
789,721,1510,0.1388
794,715,1509,0.1388
796,720,1516,0.1388
797,721,1518,0.1388
788,718,1506,0.1388
785,722,1507,0.1388
786,714,1500,0.1388
786,709,1495,0.1388
787,716,1503,0.1388
786,726,1512,0.1388
790,724,1514,0.1388
781,720,1501,0.1388
775,712,1487,0.1388
782,717,1499,0.1388
781,719,1500,0.1388
782,720,1502,0.1388
785,727,1512,0.1388
791,720,1511,0.1388
783,723,1506,0.1388
778,724,1502,0.1388
774,737,1511,0.1388
776,728,1504,0.1388
774,724,1498,0.1388
774,730,1504,0.1388
773,735,1508,0.1388
778,732,1510,0.1388
777,737,1514,0.1388
776,740,1516,0.1388
767,732,1499,0.1388
767,740,1507,0.1388
767,746,1513,0.1388
761,744,1505,0.1388
754,750,1504,0.1388
757,746,1503,0.1388
762,747,1509,0.1388
763,751,1514,0.1388
752,749,1501,0.1388
753,754,1507,0.1388
748,762,1510,0.1388
754,759,1513,0.1388
744,754,1498,0.1388
736,762,1498,0.1388
743,764,1507,0.1388
745,767,1512,0.1388
738,760,1498,0.1388
744,751,1495,0.1388
750,737,1487,0.1388
745,754,1499,0.1388
759,756,1515,0.1388
748,763,1511,0.1388
743,762,1505,0.1388
746,760,1506,0.1388
740,766,1506,0.1388
734,772,1506,0.1388
735,780,1515,0.1388
729,781,1510,0.1388
728,784,1512,0.1388
732,780,1512,0.1388
734,777,1511,0.1388
739,782,1521,0.1388
731,776,1507,0.1388
731,777,1508,0.1388
720,775,1495,0.1388
721,773,1494,0.1388
732,775,1507,0.1388
730,772,1502,0.1388
730,772,1502,0.1388
725,766,1491,0.1388
730,768,1498,0.1388
738,773,1511,0.1388
734,771,1505,0.1388
732,764,1496,0.1388
745,768,1513,0.1388
737,775,1512,0.1388
739,780,1519,0.1388
739,785,1524,0.1388
744,792,1536,0.1388
723,785,1508,0.1388
726,790,1516,0.1388
725,792,1517,0.1388
722,797,1519,0.1388
729,802,1531,0.1388
733,793,1526,0.1388
733,798,1531,0.1388
724,800,1524,0.1388
708,805,1513,0.1388
698,796,1494,0.1388
701,816,1517,0.1388
699,812,1511,0.1388
688,812,1500,0.1388
697,813,1510,0.1388
694,808,1502,0.1388
699,809,1508,0.1388
698,801,1499,0.1388
703,788,1491,0.1388
697,801,1498,0.1388
708,811,1519,0.1388
699,815,1514,0.1388
698,803,1501,0.1388
688,806,1494,0.1388
686,819,1505,0.1388
685,822,1507,0.1388
692,820,1512,0.1388
683,820,1503,0.1388
676,829,1505,0.1388
683,824,1507,0.1388
678,828,1506,0.1388
677,832,1509,0.1388
685,823,1508,0.1388
686,832,1518,0.1388
686,826,1512,0.1388
697,830,1527,0.1388
690,833,1523,0.1388
681,841,1522,0.1388
681,832,1513,0.1388
674,837,1511,0.1388
674,838,1512,0.1388
672,846,1518,0.1388
669,840,1509,0.1388
675,844,1519,0.1388
670,853,1523,0.1388
687,842,1529,0.1388
687,840,1527,0.1388
686,840,1526,0.1388
679,846,1525,0.1388
675,849,1524,0.1388
666,837,1503,0.1388
662,842,1504,0.1388
666,848,1514,0.1388
669,845,1514,0.1388
661,840,1501,0.1388
667,838,1505,0.1388
661,846,1507,0.1388
664,850,1514,0.1388
661,840,1501,0.1388
661,838,1499,0.1388
663,839,1502,0.1388
659,845,1504,0.1388
665,844,1509,0.1388
664,848,1512,0.1388
657,836,1493,0.1388
658,839,1497,0.1388
664,829,1493,0.1388
664,834,1498,0.1388
669,853,1522,0.1388
666,849,1515,0.1388
665,845,1510,0.1388
661,853,1514,0.1388
653,843,1496,0.1388
661,829,1490,0.1388
672,831,1503,0.1388
670,841,1511,0.1388
678,834,1512,0.1388
678,849,1527,0.1388
669,846,1515,0.1388
667,838,1505,0.1388
664,836,1500,0.1388
666,842,1508,0.1388
673,842,1515,0.1388
667,835,1502,0.1388
665,841,1506,0.1388
666,846,1512,0.1388
663,855,1518,0.1388
659,847,1506,0.1388
657,843,1500,0.1388
650,858,1508,0.1388
639,862,1501,0.1388
643,859,1502,0.1388
648,853,1501,0.1388
656,854,1510,0.1388
657,865,1522,0.1388
659,875,1534,0.1388
654,864,1518,0.1388
658,846,1504,0.1388
658,852,1510,0.1388
649,844,1493,0.1388
644,858,1502,0.1388
649,856,1505,0.1388
653,856,1509,0.1388
640,861,1501,0.1388
631,864,1495,0.1388
634,865,1499,0.1388
636,877,1513,0.1388
629,878,1507,0.1388
622,877,1499,0.1388
614,879,1493,0.1388
626,889,1515,0.1388
633,893,1526,0.1388
633,903,1536,0.1388
631,903,1534,0.1388
632,888,1520,0.1388
633,897,1530,0.1388
622,907,1529,0.1388
617,909,1526,0.1388
613,905,1518,0.1388
613,907,1520,0.1388
602,911,1513,0.1388
609,910,1519,0.1388
598,910,1508,0.1388
595,906,1501,0.1388
600,905,1505,0.1388
599,906,1505,0.1388
600,903,1503,0.1388
613,907,1520,0.1388
611,891,1502,0.1388
612,890,1502,0.1388
602,897,1499,0.1388
607,893,1500,0.1388
607,897,1504,0.1388
597,893,1490,0.1388
595,902,1497,0.1388
604,901,1505,0.1388
607,902,1509,0.1388
602,899,1501,0.1388
594,902,1496,0.1388
604,899,1503,0.1388
602,900,1502,0.1388
606,901,1507,0.1388
603,907,1510,0.1388
604,908,1512,0.1388
601,917,1518,0.1388
598,914,1512,0.1388
601,913,1514,0.1388
596,919,1515,0.1388
585,923,1508,0.1388
592,932,1524,0.1388
601,925,1526,0.1388
600,913,1513,0.1388
599,912,1511,0.1388
594,921,1515,0.1388
594,923,1517,0.1388
582,927,1509,0.1388
575,921,1496,0.1388
576,921,1497,0.1388
574,934,1508,0.1388
578,931,1509,0.1388
576,936,1512,0.1388
579,943,1522,0.1388
573,942,1515,0.1388
574,948,1522,0.1388
571,943,1514,0.1388
571,939,1510,0.1388
568,942,1510,0.1388
560,944,1504,0.1388
562,940,1502,0.1388
565,939,1504,0.1388
568,951,1519,0.1388
566,946,1512,0.1388
564,963,1527,0.1388
565,955,1520,0.1388
566,955,1521,0.1388
565,953,1518,0.1388
557,950,1507,0.1388
564,948,1512,0.1388
562,953,1515,0.1388
552,949,1501,0.1388
558,944,1502,0.1388
557,947,1504,0.1388
557,950,1507,0.1388
549,946,1495,0.1388
557,949,1506,0.1388
560,958,1518,0.1388
558,950,1508,0.1388
565,938,1503,0.1388
562,948,1510,0.1388
563,942,1505,0.1388
552,953,1505,0.1388
562,941,1503,0.1388
556,939,1495,0.1388
559,940,1499,0.1388
559,933,1492,0.1388
554,943,1497,0.1388
551,956,1507,0.1388
549,955,1504,0.1388
548,961,1509,0.1388
553,960,1513,0.1388
559,958,1517,0.1388
549,956,1505,0.1388
553,945,1498,0.1388
554,944,1498,0.1388
557,956,1513,0.1388
555,960,1515,0.1388
552,949,1501,0.1388
543,960,1503,0.1388
541,951,1492,0.1388
550,951,1501,0.1388
548,951,1499,0.1388
546,947,1493,0.1388
539,960,1499,0.1388
543,953,1496,0.1388
547,952,1499,0.1388
542,958,1500,0.1388
553,948,1501,0.1388
548,952,1500,0.1388
547,954,1501,0.1388
548,957,1505,0.1388
553,960,1513,0.1388
560,957,1517,0.1388
558,956,1514,0.1388
553,948,1501,0.1388
562,950,1512,0.1388
557,951,1508,0.1388
560,953,1513,0.1388
549,953,1502,0.1388
552,941,1493,0.1388
541,947,1488,0.1388
548,936,1484,0.1388
551,951,1502,0.1388
540,964,1504,0.1388
545,958,1503,0.1388
541,970,1511,0.1388
539,969,1508,0.1388
529,968,1497,0.1388
526,976,1502,0.1388
530,984,1514,0.1388
524,973,1497,0.1388
519,978,1497,0.1388
520,973,1493,0.1388
519,966,1485,0.1388
517,978,1495,0.1388
522,965,1487,0.1388
522,966,1488,0.1388
526,979,1505,0.1388
527,981,1508,0.1388
529,975,1504,0.1388
523,976,1499,0.1388
518,982,1500,0.1388
511,986,1497,0.1388
516,987,1503,0.1388
517,991,1508,0.1388
528,1007,1535,0.1388
518,1004,1522,0.1388
519,999,1518,0.1388
526,994,1520,0.1388
526,990,1516,0.1388
518,1000,1518,0.1388
519,998,1517,0.1388
519,1006,1525,0.1388
509,1007,1516,0.1388
517,1006,1523,0.1388
511,1012,1523,0.1388
504,1001,1505,0.1388
501,1007,1508,0.1388
507,1007,1514,0.1388
504,1017,1521,0.1388
496,1019,1515,0.1388
495,1022,1517,0.1388
497,1024,1521,0.1388
499,1020,1519,0.1388
491,1030,1521,0.1388
487,1022,1509,0.1388
487,1020,1507,0.1388
477,1017,1494,0.1388
473,1027,1500,0.1388
476,1040,1516,0.1388
474,1036,1510,0.1388
479,1025,1504,0.1388
477,1035,1512,0.1388
482,1038,1520,0.1388
484,1034,1518,0.1388
486,1039,1525,0.1388
477,1040,1517,0.1388
479,1041,1520,0.1388
481,1045,1526,0.1388
484,1047,1531,0.1388
489,1047,1536,0.1388
487,1033,1520,0.1388
479,1026,1505,0.1388
470,1034,1504,0.1388
469,1044,1513,0.1388
464,1031,1495,0.1388
458,1044,1502,0.1388
461,1035,1496,0.1388
459,1041,1500,0.1388
461,1047,1508,0.1388
462,1042,1504,0.1388
464,1048,1512,0.1388
458,1047,1505,0.1388
459,1062,1521,0.1388
459,1058,1517,0.1388
459,1064,1523,0.1388
460,1056,1516,0.1388
459,1049,1508,0.1388
452,1048,1500,0.1388
456,1054,1510,0.1388
458,1054,1512,0.1388
452,1054,1506,0.1388
450,1050,1500,0.1388
448,1055,1503,0.1388
455,1064,1519,0.1388
452,1062,1514,0.1388
459,1065,1524,0.1388
453,1062,1515,0.1388
455,1063,1518,0.1388
450,1076,1526,0.1388
452,1072,1524,0.1388
454,1078,1532,0.1388
449,1069,1518,0.1388
444,1058,1502,0.1388
438,1057,1495,0.1388
435,1076,1511,0.1388
436,1078,1514,0.1388
437,1085,1522,0.1388
435,1091,1526,0.1388
433,1084,1517,0.1388
426,1090,1516,0.1388
429,1106,1535,0.1388
424,1096,1520,0.1388
422,1093,1515,0.1388
424,1082,1506,0.1388
431,1085,1516,0.1388
425,1075,1500,0.1388
422,1073,1495,0.1388
429,1090,1519,0.1388
429,1087,1516,0.1388
431,1082,1513,0.1388
420,1075,1495,0.1388
420,1082,1502,0.1388
417,1089,1506,0.1388
415,1098,1513,0.1388
416,1099,1515,0.1388
409,1093,1502,0.1388
412,1093,1505,0.1388
412,1096,1508,0.1388
407,1087,1494,0.1388
402,1085,1487,0.1388
401,1092,1493,0.1388
394,1098,1492,0.1388
396,1103,1499,0.1388
394,1108,1502,0.1388
390,1108,1498,0.1388
387,1107,1494,0.1388
395,1112,1507,0.1388
396,1104,1500,0.1388
394,1109,1503,0.1388
389,1110,1499,0.1388
397,1109,1506,0.1388
392,1110,1502,0.1388
393,1118,1511,0.1388
390,1130,1520,0.1388
393,1123,1516,0.1388
393,1112,1505,0.1388
392,1121,1513,0.1388
389,1126,1515,0.1388
392,1130,1522,0.1388
391,1124,1515,0.1388
392,1127,1519,0.1388
394,1122,1516,0.1388
388,1133,1521,0.1388
387,1126,1513,0.1388
386,1127,1513,0.1388
383,1134,1517,0.1388
384,1128,1512,0.1388
384,1126,1510,0.1388
390,1116,1506,0.1388
393,1133,1526,0.1388
390,1138,1528,0.1388
387,1125,1512,0.1388
388,1121,1509,0.1388
384,1121,1505,0.1388
388,1130,1518,0.1388
390,1126,1516,0.1388
394,1130,1524,0.1388
388,1134,1522,0.1388
384,1131,1515,0.1388
380,1125,1505,0.1388
375,1131,1506,0.1388
378,1144,1522,0.1388
378,1127,1505,0.1388
378,1135,1513,0.1388
384,1141,1525,0.1388
384,1143,1527,0.1388
378,1130,1508,0.1388
379,1137,1516,0.1388
382,1129,1511,0.1388
382,1124,1506,0.1388
382,1124,1506,0.1388
387,1129,1516,0.1388
385,1121,1506,0.1388
380,1124,1504,0.1388
375,1136,1511,0.1388
374,1139,1513,0.1388
374,1139,1513,0.1388
377,1134,1511,0.1388
376,1137,1513,0.1388
376,1141,1517,0.1388
372,1143,1515,0.1388
375,1121,1496,0.1388
372,1119,1491,0.1388
370,1119,1489,0.1388
372,1136,1508,0.1388
370,1130,1500,0.1388
380,1144,1524,0.1388
379,1136,1515,0.1388
373,1120,1493,0.1388
375,1139,1514,0.1388
366,1137,1503,0.1388
361,1145,1506,0.1388
364,1139,1503,0.1388
364,1135,1499,0.1388
364,1144,1508,0.1388
360,1152,1512,0.1388
354,1160,1514,0.1388
352,1160,1512,0.1388
356,1161,1517,0.1388
357,1160,1517,0.1388
356,1158,1514,0.1388
354,1160,1514,0.1388
349,1151,1500,0.1388
350,1148,1498,0.1388
350,1156,1506,0.1388
340,1159,1499,0.1388
340,1166,1506,0.1388
345,1159,1504,0.1388
333,1166,1499,0.1388
331,1175,1506,0.1388
337,1165,1502,0.1388
334,1167,1501,0.1388
339,1168,1507,0.1388
338,1162,1500,0.1388
339,1167,1506,0.1388
341,1172,1513,0.1388
338,1163,1501,0.1388
340,1163,1503,0.1388
338,1162,1500,0.1388
350,1150,1500,0.1388
349,1159,1508,0.1388
339,1163,1502,0.1388
337,1169,1506,0.1388
335,1171,1506,0.1388
338,1175,1513,0.1388
338,1153,1491,0.1388
337,1166,1503,0.1388
343,1164,1507,0.1388
345,1167,1512,0.1388
340,1161,1501,0.1388
340,1157,1497,0.1388
335,1173,1508,0.1388
335,1175,1510,0.1388
335,1182,1517,0.1388
333,1188,1521,0.1388
334,1197,1531,0.1388
330,1193,1523,0.1388
328,1189,1517,0.1388
330,1189,1519,0.1388
331,1185,1516,0.1388
330,1181,1511,0.1388
332,1188,1520,0.1388
332,1178,1510,0.1388
329,1181,1510,0.1388
326,1189,1515,0.1388
315,1184,1499,0.1388
316,1182,1498,0.1388
319,1180,1499,0.1388
321,1186,1507,0.1388
316,1186,1502,0.1388
320,1170,1490,0.1388
323,1194,1517,0.1388
316,1181,1497,0.1388
311,1189,1500,0.1388
316,1195,1511,0.1388
318,1185,1503,0.1388
314,1187,1501,0.1388
314,1193,1507,0.1388
316,1185,1501,0.1388
313,1194,1507,0.1388
312,1203,1515,0.1388
311,1199,1510,0.1388
310,1200,1510,0.1388
314,1196,1510,0.1388
309,1203,1512,0.1388
314,1193,1507,0.1388
307,1197,1504,0.1388
306,1189,1495,0.1388
301,1191,1492,0.1388
304,1207,1511,0.1388
300,1218,1518,0.1388
302,1217,1519,0.1388
306,1218,1524,0.1388
305,1218,1523,0.1388
300,1220,1520,0.1388
305,1208,1513,0.1388
303,1207,1510,0.1388
299,1207,1506,0.1388
293,1208,1501,0.1388
286,1201,1487,0.1388
286,1216,1502,0.1388
288,1217,1505,0.1388
290,1216,1506,0.1388
288,1221,1509,0.1388
284,1222,1506,0.1388
284,1231,1515,0.1388
285,1235,1520,0.1388
294,1221,1515,0.1388
297,1227,1524,0.1388
298,1224,1522,0.1388
297,1231,1528,0.1388
294,1232,1526,0.1388
285,1214,1499,0.1388
288,1218,1506,0.1388
285,1225,1510,0.1388
290,1221,1511,0.1388
286,1215,1501,0.1388
294,1216,1510,0.1388
289,1224,1513,0.1388
289,1226,1515,0.1388
288,1220,1508,0.1388
293,1214,1507,0.1388
286,1212,1498,0.1388
285,1220,1505,0.1388
285,1219,1504,0.1388
285,1227,1512,0.1388
288,1231,1519,0.1388
291,1233,1524,0.1388
295,1220,1515,0.1388
287,1222,1509,0.1388
288,1219,1507,0.1388
286,1228,1514,0.1388
280,1221,1501,0.1388
282,1227,1509,0.1388
286,1236,1522,0.1388
282,1219,1501,0.1388
287,1214,1501,0.1388
286,1216,1502,0.1388
286,1215,1501,0.1388
284,1241,1525,0.1388
273,1234,1507,0.1388
273,1239,1512,0.1388
267,1224,1491,0.1388
272,1219,1491,0.1388
268,1222,1490,0.1388
272,1223,1495,0.1388
273,1241,1514,0.1388
275,1239,1514,0.1388
275,1251,1526,0.1388
270,1239,1509,0.1388
274,1242,1516,0.1388
275,1241,1516,0.1388
277,1235,1512,0.1388
277,1233,1510,0.1388
276,1228,1504,0.1388
276,1239,1515,0.1388
277,1237,1514,0.1388
278,1223,1501,0.1388
271,1209,1480,0.1388
273,1215,1488,0.1388
271,1229,1500,0.1388
273,1232,1505,0.1388
275,1231,1506,0.1388
276,1233,1509,0.1388
273,1236,1509,0.1388
273,1233,1506,0.1388
276,1244,1520,0.1388
273,1242,1515,0.1388
268,1235,1503,0.1388
262,1237,1499,0.1388
263,1243,1506,0.1388
264,1246,1510,0.1388
263,1254,1517,0.1388
266,1256,1522,0.1388
263,1263,1526,0.1388
259,1253,1512,0.1388
260,1248,1508,0.1388
261,1241,1502,0.1388
255,1238,1493,0.1388
258,1251,1509,0.1388
255,1250,1505,0.1388
252,1268,1520,0.1388
253,1273,1526,0.1388
250,1274,1524,0.1388
250,1286,1536,0.1388
247,1288,1535,0.1388
244,1270,1514,0.1388
246,1279,1525,0.1388
243,1287,1530,0.1388
241,1288,1529,0.1388
237,1290,1527,0.1388
235,1282,1517,0.1388
235,1282,1517,0.1388
236,1287,1523,0.1388
232,1283,1515,0.1388
232,1276,1508,0.1388
223,1273,1496,0.1388
226,1281,1507,0.1388
221,1272,1493,0.1388
224,1269,1493,0.1388
231,1279,1510,0.1388
236,1282,1518,0.1388
232,1279,1511,0.1388
229,1293,1522,0.1388
230,1278,1508,0.1388
233,1296,1529,0.1388
230,1273,1503,0.1388
234,1282,1516,0.1388
235,1287,1522,0.1388
240,1286,1526,0.1388
236,1291,1527,0.1388
236,1288,1524,0.1388
237,1278,1515,0.1388
238,1279,1517,0.1388
234,1289,1523,0.1388
232,1281,1513,0.1388
232,1280,1512,0.1388
232,1288,1520,0.1388
234,1291,1525,0.1388
234,1288,1522,0.1388
236,1293,1529,0.1388
238,1285,1523,0.1388
234,1291,1525,0.1388
235,1287,1522,0.1388
237,1287,1524,0.1388
239,1279,1518,0.1388
245,1271,1516,0.1388
242,1267,1509,0.1388
245,1273,1518,0.1388
241,1282,1523,0.1388
247,1273,1520,0.1388
248,1269,1517,0.1388
244,1257,1501,0.1388
238,1257,1495,0.1388
237,1259,1496,0.1388
244,1260,1504,0.1388
240,1258,1498,0.1388
242,1262,1504,0.1388
244,1245,1489,0.1388
248,1254,1502,0.1388
248,1269,1517,0.1388
248,1273,1521,0.1388
251,1275,1526,0.1388
249,1280,1529,0.1388
247,1270,1517,0.1388
248,1260,1508,0.1388
247,1264,1511,0.1388
248,1264,1512,0.1388
244,1276,1520,0.1388
248,1261,1509,0.1388
248,1273,1521,0.1388
245,1270,1515,0.1388
241,1271,1512,0.1388
243,1281,1524,0.1388
245,1277,1522,0.1388
247,1271,1518,0.1388
242,1267,1509,0.1388
235,1274,1509,0.1388
240,1270,1510,0.1388
234,1278,1512,0.1388
229,1280,1509,0.1388
226,1284,1510,0.1388
234,1276,1510,0.1388
236,1284,1520,0.1388
236,1272,1508,0.1388
235,1271,1506,0.1388
228,1279,1507,0.1388
226,1286,1512,0.1388
227,1293,1520,0.1388
229,1299,1528,0.1388
226,1291,1517,0.1388
231,1297,1528,0.1388
234,1289,1523,0.1388
227,1292,1519,0.1388
231,1292,1523,0.1388
236,1285,1521,0.1388
237,1277,1514,0.1388
237,1277,1514,0.1388
235,1273,1508,0.1388
235,1272,1507,0.1388
231,1278,1509,0.1388
232,1278,1510,0.1388
224,1269,1493,0.1388
227,1277,1504,0.1388
228,1275,1503,0.1388
227,1269,1496,0.1388
227,1259,1486,0.1388
222,1273,1495,0.1388
223,1278,1501,0.1388
221,1285,1506,0.1388
221,1285,1506,0.1388
215,1294,1509,0.1388
215,1293,1508,0.1388
212,1288,1500,0.1388
212,1301,1513,0.1388
214,1295,1509,0.1388
217,1295,1512,0.1388
215,1296,1511,0.1388
216,1303,1519,0.1388
211,1306,1517,0.1388
210,1307,1517,0.1388
207,1304,1511,0.1388
207,1302,1509,0.1388
203,1314,1517,0.1388
202,1327,1529,0.1388
196,1329,1525,0.1388
196,1328,1524,0.1388
199,1329,1528,0.1388
192,1335,1527,0.1388
191,1341,1532,0.1388
188,1325,1513,0.1388
186,1323,1509,0.1388
184,1337,1521,0.1388
184,1333,1517,0.1388
184,1331,1515,0.1388
187,1328,1515,0.1388
184,1336,1520,0.1388
185,1324,1509,0.1388
185,1314,1499,0.1388
185,1316,1501,0.1388
188,1308,1496,0.1388
184,1311,1495,0.1388
185,1308,1493,0.1388
191,1339,1530,0.1388
186,1343,1529,0.1388
190,1338,1528,0.1388
188,1318,1506,0.1388
189,1330,1519,0.1388
192,1330,1522,0.1388
191,1317,1508,0.1388
187,1327,1514,0.1388
181,1335,1516,0.1388
185,1322,1507,0.1388
183,1325,1508,0.1388
181,1324,1505,0.1388
181,1335,1516,0.1388
183,1327,1510,0.1388
179,1334,1513,0.1388
180,1331,1511,0.1388
182,1330,1512,0.1388
185,1332,1517,0.1388
185,1311,1496,0.1388
184,1323,1507,0.1388
184,1334,1518,0.1388
180,1332,1512,0.1388
180,1329,1509,0.1388
177,1340,1517,0.1388
173,1332,1505,0.1388
174,1343,1517,0.1388
176,1335,1511,0.1388
174,1332,1506,0.1388
177,1331,1508,0.1388
178,1322,1500,0.1388
177,1324,1501,0.1388
182,1329,1511,0.1388
182,1338,1520,0.1388
178,1334,1512,0.1388
175,1341,1516,0.1388
174,1339,1513,0.1388
172,1339,1511,0.1388
172,1348,1520,0.1388
172,1336,1508,0.1388
174,1346,1520,0.1388
174,1332,1506,0.1388
168,1339,1507,0.1388
166,1337,1503,0.1388
166,1338,1504,0.1388
166,1351,1517,0.1388
163,1344,1507,0.1388
160,1339,1499,0.1388
166,1337,1503,0.1388
166,1325,1491,0.1388
166,1336,1502,0.1388
161,1341,1502,0.1388
161,1359,1520,0.1388
163,1351,1514,0.1388
161,1351,1512,0.1388
156,1349,1505,0.1388
162,1358,1520,0.1388
164,1349,1513,0.1388
162,1355,1517,0.1388
166,1354,1520,0.1388
162,1362,1524,0.1388
158,1368,1526,0.1388
153,1365,1518,0.1388
154,1352,1506,0.1388
153,1344,1497,0.1388
151,1350,1501,0.1388
148,1355,1503,0.1388
144,1368,1512,0.1388
141,1373,1514,0.1388
138,1374,1512,0.1388
138,1375,1513,0.1388
138,1379,1517,0.1388
134,1369,1503,0.1388
134,1384,1518,0.1388
136,1399,1535,0.1388
133,1397,1530,0.1388
133,1383,1516,0.1388
133,1382,1515,0.1388
136,1379,1515,0.1388
130,1383,1513,0.1388
128,1381,1509,0.1388
128,1388,1516,0.1388
127,1388,1515,0.1388
123,1375,1498,0.1388
122,1376,1498,0.1388
117,1371,1488,0.1388
122,1372,1494,0.1388
121,1373,1494,0.1388
123,1380,1503,0.1388
121,1378,1499,0.1388
124,1378,1502,0.1388
125,1383,1508,0.1388
123,1381,1504,0.1388
122,1387,1509,0.1388
120,1396,1516,0.1388
123,1400,1523,0.1388
123,1396,1519,0.1388
124,1385,1509,0.1388
124,1389,1513,0.1388
121,1384,1505,0.1388
123,1397,1520,0.1388
123,1392,1515,0.1388
120,1394,1514,0.1388
120,1394,1514,0.1388
123,1393,1516,0.1388
123,1398,1521,0.1388
126,1408,1534,0.1388
126,1412,1538,0.1388
117,1411,1528,0.1388
117,1403,1520,0.1388
119,1402,1521,0.1388
117,1400,1517,0.1388
115,1408,1523,0.1388
114,1393,1507,0.1388
111,1397,1508,0.1388
110,1400,1510,0.1388
109,1388,1497,0.1388
109,1390,1499,0.1388
113,1396,1509,0.1388
114,1413,1527,0.1388
110,1407,1517,0.1388
111,1418,1529,0.1388
110,1404,1514,0.1388
113,1405,1518,0.1388
114,1411,1525,0.1388
110,1413,1523,0.1388
106,1414,1520,0.1388
109,1421,1530,0.1388
109,1419,1528,0.1388
108,1401,1509,0.1388
107,1404,1511,0.1388
106,1399,1505,0.1388
103,1408,1511,0.1388
103,1408,1511,0.1388
100,1413,1513,0.1388
104,1422,1526,0.1388
103,1425,1528,0.1388
102,1408,1510,0.1388
103,1402,1505,0.1388
101,1415,1516,0.1388
102,1413,1515,0.1388
101,1404,1505,0.1388
99,1412,1511,0.1388
98,1416,1514,0.1388
93,1399,1492,0.1388
90,1406,1496,0.1388
93,1412,1505,0.1388
92,1425,1517,0.1388
93,1432,1525,0.1388
92,1431,1523,0.1388
91,1431,1522,0.1388
91,1428,1519,0.1388
89,1424,1513,0.1388
88,1433,1521,0.1388
86,1433,1519,0.1388
84,1441,1525,0.1388
84,1444,1528,0.1388
82,1431,1513,0.1388
80,1419,1499,0.1388
85,1422,1507,0.1388
84,1437,1521,0.1388
85,1440,1525,0.1388
84,1428,1512,0.1388
82,1450,1532,0.1388
82,1441,1523,0.1388
80,1440,1520,0.1388
80,1432,1512,0.1388
82,1422,1504,0.1388
81,1426,1507,0.1388
85,1430,1515,0.1388
85,1424,1509,0.1388
83,1425,1508,0.1388
81,1435,1516,0.1388
81,1430,1511,0.1388
82,1427,1509,0.1388
82,1423,1505,0.1388
86,1436,1522,0.1388
83,1430,1513,0.1388
84,1440,1524,0.1388
81,1440,1521,0.1388
82,1425,1507,0.1388
82,1428,1510,0.1388
82,1442,1524,0.1388
82,1439,1521,0.1388
83,1438,1521,0.1388
84,1438,1522,0.1388
89,1431,1520,0.1388
86,1431,1517,0.1388
85,1416,1501,0.1388
80,1422,1502,0.1388
81,1442,1523,0.1388
80,1443,1523,0.1388
78,1439,1517,0.1388
78,1430,1508,0.1388
78,1430,1508,0.1388
78,1426,1504,0.1388
79,1430,1509,0.1388
81,1427,1508,0.1388
82,1436,1518,0.1388
81,1433,1514,0.1388
78,1443,1521,0.1388
76,1446,1522,0.1388
76,1440,1516,0.1388
77,1435,1512,0.1388
78,1426,1504,0.1388
83,1425,1508,0.1388
85,1416,1501,0.1388
85,1409,1494,0.1388
81,1423,1504,0.1388
81,1425,1506,0.1388
79,1429,1508,0.1388
80,1431,1511,0.1388
79,1435,1514,0.1388
80,1441,1521,0.1388
80,1442,1522,0.1388
78,1450,1528,0.1388
79,1449,1528,0.1388
79,1446,1525,0.1388
74,1457,1531,0.1388
72,1453,1525,0.1388
72,1456,1528,0.1388
71,1447,1518,0.1388
73,1444,1517,0.1388
72,1451,1523,0.1388
74,1437,1511,0.1388
71,1441,1512,0.1388
73,1454,1527,0.1388
76,1460,1536,0.1388
75,1446,1521,0.1388
73,1445,1518,0.1388
74,1453,1527,0.1388
75,1454,1529,0.1388
74,1451,1525,0.1388
72,1452,1524,0.1388
70,1459,1529,0.1388
71,1450,1521,0.1388
72,1460,1532,0.1388
70,1447,1517,0.1388
72,1437,1509,0.1388
74,1445,1519,0.1388
71,1445,1516,0.1388
71,1447,1518,0.1388
70,1444,1514,0.1388
70,1453,1523,0.1388
68,1455,1523,0.1388
65,1470,1535,0.1388
66,1459,1525,0.1388
68,1453,1521,0.1388
70,1456,1526,0.1388
68,1446,1514,0.1388
68,1435,1503,0.1388
65,1449,1514,0.1388
63,1453,1516,0.1388
65,1461,1526,0.1388
65,1454,1519,0.1388
65,1455,1520,0.1388
66,1460,1526,0.1388
69,1455,1524,0.1388
65,1457,1522,0.1388
64,1461,1525,0.1388
65,1463,1528,0.1388
67,1464,1531,0.1388
68,1460,1528,0.1388
68,1457,1525,0.1388
68,1472,1540,0.1388
68,1469,1537,0.1388
66,1463,1529,0.1388
64,1461,1525,0.1388
68,1459,1527,0.1388
68,1445,1513,0.1388
67,1439,1506,0.1388
65,1450,1515,0.1388
65,1449,1514,0.1388
65,1447,1512,0.1388
62,1450,1512,0.1388
62,1451,1513,0.1388
62,1458,1520,0.1388
61,1464,1525,0.1388
63,1457,1520,0.1388
61,1457,1518,0.1388
64,1463,1527,0.1388
63,1464,1527,0.1388
58,1478,1536,0.1388
59,1474,1533,0.1388
60,1472,1532,0.1388
62,1461,1523,0.1388
62,1470,1532,0.1388
62,1470,1532,0.1388
60,1459,1519,0.1388
63,1469,1532,0.1388
64,1465,1529,0.1388
62,1448,1510,0.1388
66,1448,1514,0.1388
66,1454,1520,0.1388
64,1457,1521,0.1388
67,1459,1526,0.1388
67,1451,1518,0.1388
65,1454,1519,0.1388
62,1464,1526,0.1388
65,1463,1528,0.1388
64,1466,1530,0.1388
65,1458,1523,0.1388
69,1463,1532,0.1388
66,1450,1516,0.1388
66,1453,1519,0.1388
66,1461,1527,0.1388
65,1458,1523,0.1388
66,1464,1530,0.1388
66,1448,1514,0.1388
63,1451,1514,0.1388
59,1457,1516,0.1388
59,1466,1525,0.1388
56,1462,1518,0.1388
58,1465,1523,0.1388
57,1460,1517,0.1388
54,1464,1518,0.1388
51,1469,1520,0.1388
51,1471,1522,0.1388
51,1477,1528,0.1388
50,1469,1519,0.1388
49,1467,1516,0.1388
49,1464,1513,0.1388
48,1469,1517,0.1388
49,1466,1515,0.1388
51,1463,1514,0.1388
51,1473,1524,0.1388
51,1477,1528,0.1388
50,1475,1525,0.1388
51,1471,1522,0.1388
51,1469,1520,0.1388
53,1472,1525,0.1388
52,1474,1526,0.1388
49,1474,1523,0.1388
45,1465,1510,0.1388
44,1477,1521,0.1388
44,1482,1526,0.1388
45,1484,1529,0.1388
45,1469,1514,0.1388
49,1475,1524,0.1388
49,1473,1522,0.1388
49,1472,1521,0.1388
49,1469,1518,0.1388
50,1466,1516,0.1388
51,1475,1526,0.1388
50,1477,1527,0.1388
48,1472,1520,0.1388
47,1466,1513,0.1388
45,1477,1522,0.1388
46,1482,1528,0.1388
45,1486,1531,0.1388
48,1492,1540,0.1388
51,1485,1536,0.1388
50,1475,1525,0.1388
50,1462,1512,0.1388
50,1450,1500,0.1388
52,1443,1495,0.1388
54,1450,1504,0.1388
53,1439,1492,0.1388
54,1439,1493,0.1388
55,1433,1488,0.1388
57,1424,1481,0.1388
57,1436,1493,0.1388
55,1439,1494,0.1388
55,1454,1509,0.1388
55,1457,1512,0.1388
55,1451,1506,0.1388
53,1451,1504,0.1388
54,1446,1500,0.1388
54,1470,1524,0.1388
53,1466,1519,0.1388
57,1469,1526,0.1388
57,1470,1527,0.1388
57,1452,1509,0.1388
56,1455,1511,0.1388
54,1463,1517,0.1388
51,1455,1506,0.1388
52,1471,1523,0.1388
51,1473,1524,0.1388
54,1474,1528,0.1388
54,1482,1536,0.1388
53,1477,1530,0.1388
52,1474,1526,0.1388
55,1468,1523,0.1388
57,1462,1519,0.1388
54,1451,1505,0.1388
53,1456,1509,0.1388
52,1453,1505,0.1388
51,1446,1497,0.1388
51,1466,1517,0.1388
52,1477,1529,0.1388
51,1469,1520,0.1388
50,1469,1519,0.1388
49,1462,1511,0.1388
48,1454,1502,0.1388
51,1458,1509,0.1388
50,1455,1505,0.1388
51,1467,1518,0.1388
50,1466,1516,0.1388
50,1465,1515,0.1388
51,1471,1522,0.1388
48,1468,1516,0.1388
49,1460,1509,0.1388
49,1464,1513,0.1388
48,1455,1503,0.1388
46,1477,1523,0.1388
47,1493,1540,0.1388
46,1487,1533,0.1388
48,1484,1532,0.1388
49,1484,1533,0.1388
48,1486,1534,0.1388
48,1477,1525,0.1388
48,1473,1521,0.1388
48,1455,1503,0.1388
47,1463,1510,0.1388
47,1470,1517,0.1388
45,1463,1508,0.1388
45,1465,1510,0.1388
44,1477,1521,0.1388
44,1489,1533,0.1388
44,1487,1531,0.1388
42,1490,1532,0.1388
42,1498,1540,0.1388
43,1492,1535,0.1388
42,1483,1525,0.1388
40,1475,1515,0.1388
41,1474,1515,0.1388
39,1469,1508,0.1388
37,1474,1511,0.1388
38,1481,1519,0.1388
37,1481,1518,0.1388
37,1487,1524,0.1388
36,1475,1511,0.1388
33,1476,1509,0.1388
31,1483,1514,0.1388
30,1480,1510,0.1388
30,1477,1507,0.1388
27,1471,1498,0.1388
25,1477,1502,0.1388
26,1470,1496,0.1388
28,1463,1491,0.1388
28,1487,1515,0.1388
28,1479,1507,0.1388
28,1486,1514,0.1388
27,1475,1502,0.1388
26,1487,1513,0.1388
26,1489,1515,0.1388
27,1492,1519,0.1388
28,1488,1516,0.1388
27,1484,1511,0.1388
26,1484,1510,0.1388
27,1496,1523,0.1388
26,1488,1514,0.1388
25,1487,1512,0.1388
24,1494,1518,0.1388
25,1504,1529,0.1388
24,1494,1518,0.1388
25,1488,1513,0.1388
25,1495,1520,0.1388
24,1479,1503,0.1388
22,1499,1521,0.1388
23,1508,1531,0.1388
23,1510,1533,0.1388
22,1506,1528,0.1388
19,1506,1525,0.1388
19,1500,1519,0.1388
19,1503,1522,0.1388
19,1493,1512,0.1388
19,1497,1516,0.1388
19,1501,1520,0.1388
17,1503,1520,0.1388
16,1499,1515,0.1388
16,1505,1521,0.1388
16,1497,1513,0.1388
16,1497,1513,0.1388
15,1481,1496,0.1388
15,1498,1513,0.1388
13,1499,1512,0.1388
11,1502,1513,0.1388
11,1498,1509,0.1388
11,1503,1514,0.1388
11,1515,1526,0.1388
11,1502,1513,0.1388
11,1511,1522,0.1388
9,1519,1528,0.1388
9,1507,1516,0.1388
9,1511,1520,0.1388
9,1501,1510,0.1388
9,1508,1517,0.1388
9,1516,1525,0.1388
9,1523,1532,0.1388
9,1514,1523,0.1388
9,1508,1517,0.1388
11,1509,1520,0.1388
9,1507,1516,0.1388
9,1502,1511,0.1388
9,1497,1506,0.1388
9,1502,1511,0.1388
9,1505,1514,0.1388
10,1502,1512,0.1388
11,1503,1514,0.1388
8,1506,1514,0.1388
8,1497,1505,0.1388
7,1497,1504,0.1388
7,1504,1511,0.1388
7,1513,1520,0.1388
7,1527,1534,0.1388
7,1530,1537,0.1388
7,1518,1525,0.1388
6,1490,1496,0.1388
6,1509,1515,0.1388
4,1510,1514,0.1388
6,1502,1508,0.1388
6,1509,1515,0.1388
6,1512,1518,0.1388
6,1505,1511,0.1388
7,1499,1506,0.1388
7,1515,1522,0.1388
7,1509,1516,0.1388
6,1507,1513,0.1388
6,1525,1531,0.1388
6,1511,1517,0.1388
6,1507,1513,0.1388
6,1503,1509,0.1388
6,1497,1503,0.1388
6,1500,1506,0.1388
6,1507,1513,0.1388
6,1497,1503,0.1388
6,1505,1511,0.1388
5,1516,1521,0.1388
6,1500,1506,0.1388
6,1512,1518,0.1388
6,1511,1517,0.1388
6,1503,1509,0.1388
6,1510,1516,0.1388
6,1499,1505,0.1388
6,1507,1513,0.1388
6,1507,1513,0.1388
6,1510,1516,0.1388
6,1503,1509,0.1388
6,1498,1504,0.1388
6,1504,1510,0.1388
5,1507,1512,0.1388
5,1502,1507,0.1388
6,1504,1510,0.1388
7,1513,1520,0.1388
7,1526,1533,0.1388
7,1514,1521,0.1388
5,1519,1524,0.1388
6,1514,1520,0.1388
6,1517,1523,0.1388
6,1493,1499,0.1388
6,1492,1498,0.1388
6,1493,1499,0.1388
6,1505,1511,0.1388
5,1506,1511,0.1388
5,1492,1497,0.1388
5,1509,1514,0.1388
5,1515,1520,0.1388
4,1512,1516,0.1388
5,1513,1518,0.1388
5,1531,1536,0.1388
5,1525,1530,0.1388
5,1523,1528,0.1388
4,1524,1528,0.1388
4,1521,1525,0.1388
4,1535,1539,0.1388
4,1518,1522,0.1388
4,1510,1514,0.1388
4,1503,1507,0.1388
3,1519,1522,0.1388
6,1513,1519,0.1388
6,1506,1512,0.1388
7,1525,1532,0.1388
6,1510,1516,0.1388
6,1502,1508,0.1388
6,1502,1508,0.1388
6,1496,1502,0.1388
7,1495,1502,0.1388
6,1488,1494,0.1388
6,1482,1488,0.1388
6,1495,1501,0.1388
6,1504,1510,0.1388
4,1506,1510,0.1388
4,1511,1515,0.1388
3,1501,1504,0.1388
3,1507,1510,0.1388
3,1515,1518,0.1388
3,1513,1516,0.1388
3,1512,1515,0.1388
3,1516,1519,0.1388
3,1499,1502,0.1388
3,1515,1518,0.1388
3,1508,1511,0.1388
3,1497,1500,0.1388
3,1513,1516,0.1388
3,1516,1519,0.1388
3,1512,1515,0.1388
2,1504,1506,0.1388
2,1503,1505,0.1388
3,1508,1511,0.1388
3,1517,1520,0.1388
4,1519,1523,0.1388
4,1519,1523,0.1388
3,1508,1511,0.1388
3,1511,1514,0.1388
3,1513,1516,0.1388
3,1510,1513,0.1388
3,1517,1520,0.1388
3,1507,1510,0.1388
3,1517,1520,0.1388
2,1506,1508,0.1388
2,1506,1508,0.1388
2,1514,1516,0.1388
2,1511,1513,0.1388
2,1510,1512,0.1388
2,1517,1519,0.1388
1,1518,1519,0.1388
1,1516,1517,0.1388
1,1514,1515,0.1388
1,1509,1510,0.1388
1,1518,1519,0.1388
1,1529,1530,0.1388
1,1527,1528,0.1388
1,1517,1518,0.1388
1,1508,1509,0.1388
1,1517,1518,0.1388
1,1523,1524,0.1388
1,1516,1517,0.1388
1,1513,1514,0.1388
1,1522,1523,0.1388
1,1512,1513,0.1388
1,1513,1514,0.1388
0,1518,1518,0.1388
