1378,28,1406,0.1388
1397,30,1427,0.1388
1423,31,1454,0.1388
1428,33,1461,0.1388
1444,37,1481,0.1388
1431,39,1470,0.1388
1429,39,1468,0.1388
1440,41,1481,0.1388
1438,41,1479,0.1388
1441,39,1480,0.1388
1450,41,1491,0.1388
1451,44,1495,0.1388
1444,42,1486,0.1388
1455,43,1498,0.1388
1445,43,1488,0.1388
1447,45,1492,0.1388
1458,42,1500,0.1388
1456,41,1497,0.1388
1466,41,1507,0.1388
1467,39,1506,0.1388
1458,41,1499,0.1388
1456,40,1496,0.1388
1466,38,1504,0.1388
1459,39,1498,0.1388
1447,41,1488,0.1388
1437,42,1479,0.1388
1450,43,1493,0.1388
1452,43,1495,0.1388
1445,44,1489,0.1388
1442,45,1487,0.1388
1442,49,1491,0.1388
1447,48,1495,0.1388
1453,49,1502,0.1388
1446,48,1494,0.1388
1441,51,1492,0.1388
1429,49,1478,0.1388
1434,50,1484,0.1388
1446,50,1496,0.1388
1438,52,1490,0.1388
1440,51,1491,0.1388
1438,49,1487,0.1388
1444,50,1494,0.1388
1447,50,1497,0.1388
1454,50,1504,0.1388
1443,47,1490,0.1388
1438,50,1488,0.1388
1428,52,1480,0.1388
1431,53,1484,0.1388
1433,55,1488,0.1388
1425,58,1483,0.1388
1427,57,1484,0.1388
1426,55,1481,0.1388
1441,58,1499,0.1388
1445,59,1504,0.1388
1443,60,1503,0.1388
1426,59,1485,0.1388
1431,58,1489,0.1388
1437,58,1495,0.1388
1427,57,1484,0.1388
1440,58,1498,0.1388
1441,56,1497,0.1388
1428,57,1485,0.1388
1432,59,1491,0.1388
1434,61,1495,0.1388
1429,58,1487,0.1388
1430,58,1488,0.1388
1442,58,1500,0.1388
1438,58,1496,0.1388
1426,59,1485,0.1388
1419,63,1482,0.1388
1412,64,1476,0.1388
1434,66,1500,0.1388
1432,65,1497,0.1388
1433,66,1499,0.1388
1432,65,1497,0.1388
1434,64,1498,0.1388
1435,61,1496,0.1388
1445,64,1509,0.1388
1432,62,1494,0.1388
1420,65,1485,0.1388
1413,65,1478,0.1388
1423,67,1490,0.1388
1410,69,1479,0.1388
1415,67,1482,0.1388
1423,65,1488,0.1388
1423,61,1484,0.1388
1424,62,1486,0.1388
1405,65,1470,0.1388
1400,67,1467,0.1388
1403,69,1472,0.1388
1411,72,1483,0.1388
1408,74,1482,0.1388
1409,75,1484,0.1388
1420,78,1498,0.1388
1418,79,1497,0.1388
1418,80,1498,0.1388
1408,78,1486,0.1388
1411,76,1487,0.1388
1408,75,1483,0.1388
1411,73,1484,0.1388
1413,74,1487,0.1388
1414,75,1489,0.1388
1414,75,1489,0.1388
1411,78,1489,0.1388
1426,76,1502,0.1388
1419,80,1499,0.1388
1415,83,1498,0.1388
1415,86,1501,0.1388
1420,89,1509,0.1388
1422,87,1509,0.1388
1396,90,1486,0.1388
1398,91,1489,0.1388
1400,89,1489,0.1388
1390,85,1475,0.1388
1398,89,1487,0.1388
1393,90,1483,0.1388
1390,90,1480,0.1388
1392,91,1483,0.1388
1404,92,1496,0.1388
1398,90,1488,0.1388
1399,94,1493,0.1388
1385,95,1480,0.1388
1387,96,1483,0.1388
1400,96,1496,0.1388
1401,94,1495,0.1388
1402,93,1495,0.1388
1402,94,1496,0.1388
1402,97,1499,0.1388
1397,97,1494,0.1388
1409,96,1505,0.1388
1405,97,1502,0.1388
1402,97,1499,0.1388
1405,98,1503,0.1388
1405,97,1502,0.1388
1405,96,1501,0.1388
1411,97,1508,0.1388
1396,99,1495,0.1388
1378,104,1482,0.1388
1376,104,1480,0.1388
1396,100,1496,0.1388
1401,98,1499,0.1388
1399,95,1494,0.1388
1405,99,1504,0.1388
1400,101,1501,0.1388
1402,104,1506,0.1388
1389,102,1491,0.1388
1404,103,1507,0.1388
1403,100,1503,0.1388
1393,104,1497,0.1388
1378,107,1485,0.1388
1374,108,1482,0.1388
1371,108,1479,0.1388
1378,110,1488,0.1388
1367,110,1477,0.1388
1377,110,1487,0.1388
1370,112,1482,0.1388
1376,111,1487,0.1388
1371,110,1481,0.1388
1384,113,1497,0.1388
1383,112,1495,0.1388
1372,119,1491,0.1388
1368,120,1488,0.1388
1373,123,1496,0.1388
1375,124,1499,0.1388
1377,123,1500,0.1388
1385,124,1509,0.1388
1386,124,1510,0.1388
1382,124,1506,0.1388
1372,125,1497,0.1388
1381,128,1509,0.1388
1392,128,1520,0.1388
1374,128,1502,0.1388
1366,133,1499,0.1388
1378,131,1509,0.1388
1365,129,1494,0.1388
1368,127,1495,0.1388
1373,129,1502,0.1388
1386,129,1515,0.1388
1373,134,1507,0.1388
1377,134,1511,0.1388
1381,134,1515,0.1388
1381,130,1511,0.1388
1367,128,1495,0.1388
1361,129,1490,0.1388
1367,131,1498,0.1388
1363,135,1498,0.1388
1369,133,1502,0.1388
1370,137,1507,0.1388
1361,138,1499,0.1388
1345,137,1482,0.1388
1360,135,1495,0.1388
1364,136,1500,0.1388
1362,137,1499,0.1388
1360,136,1496,0.1388
1360,137,1497,0.1388
1355,142,1497,0.1388
1349,143,1492,0.1388
1359,141,1500,0.1388
1354,139,1493,0.1388
1351,138,1489,0.1388
1348,138,1486,0.1388
1354,136,1490,0.1388
1355,136,1491,0.1388
1352,140,1492,0.1388
1356,143,1499,0.1388
1351,144,1495,0.1388
1347,143,1490,0.1388
1351,145,1496,0.1388
1353,141,1494,0.1388
1344,147,1491,0.1388
1345,146,1491,0.1388
1346,147,1493,0.1388
1354,152,1506,0.1388
1349,149,1498,0.1388
1345,150,1495,0.1388
1346,148,1494,0.1388
1332,152,1484,0.1388
1345,150,1495,0.1388
1346,151,1497,0.1388
1352,150,1502,0.1388
1358,154,1512,0.1388
1362,159,1521,0.1388
1359,157,1516,0.1388
1345,157,1502,0.1388
1348,161,1509,0.1388
1341,164,1505,0.1388
1322,163,1485,0.1388
1331,160,1491,0.1388
1320,161,1481,0.1388
1327,162,1489,0.1388
1322,161,1483,0.1388
1327,168,1495,0.1388
1316,166,1482,0.1388
1313,168,1481,0.1388
1324,170,1494,0.1388
1327,173,1500,0.1388
1321,179,1500,0.1388
1327,178,1505,0.1388
1323,178,1501,0.1388
1308,176,1484,0.1388
1308,178,1486,0.1388
1298,175,1473,0.1388
1301,175,1476,0.1388
1301,175,1476,0.1388
1312,173,1485,0.1388
1310,171,1481,0.1388
1318,172,1490,0.1388
1321,174,1495,0.1388
1325,171,1496,0.1388
1326,170,1496,0.1388
1319,172,1491,0.1388
1316,173,1489,0.1388
1322,171,1493,0.1388
1323,167,1490,0.1388
1326,168,1494,0.1388
1316,169,1485,0.1388
1318,166,1484,0.1388
1328,172,1500,0.1388
1324,175,1499,0.1388
1319,172,1491,0.1388
1320,172,1492,0.1388
1324,174,1498,0.1388
1314,167,1481,0.1388
1313,171,1484,0.1388
1314,173,1487,0.1388
1308,179,1487,0.1388
1314,181,1495,0.1388
1302,185,1487,0.1388
1295,185,1480,0.1388
1280,186,1466,0.1388
1299,189,1488,0.1388
1296,192,1488,0.1388
1289,192,1481,0.1388
1295,199,1494,0.1388
1283,202,1485,0.1388
1288,206,1494,0.1388
1289,203,1492,0.1388
1289,203,1492,0.1388
1295,202,1497,0.1388
1296,203,1499,0.1388
1299,207,1506,0.1388
1284,206,1490,0.1388
1289,211,1500,0.1388
1294,210,1504,0.1388
1277,208,1485,0.1388
1292,206,1498,0.1388
1285,203,1488,0.1388
1284,205,1489,0.1388
1274,197,1471,0.1388
1278,203,1481,0.1388
1278,213,1491,0.1388
1281,214,1495,0.1388
1283,215,1498,0.1388
1281,217,1498,0.1388
1277,213,1490,0.1388
1267,221,1488,0.1388
1273,228,1501,0.1388
1268,228,1496,0.1388
1267,226,1493,0.1388
1255,235,1490,0.1388
1262,237,1499,0.1388
1273,235,1508,0.1388
1260,238,1498,0.1388
1254,238,1492,0.1388
1261,243,1504,0.1388
1264,244,1508,0.1388
1272,234,1506,0.1388
1268,237,1505,0.1388
1283,236,1519,0.1388
1272,236,1508,0.1388
1271,239,1510,0.1388
1260,239,1499,0.1388
1252,244,1496,0.1388
1257,245,1502,0.1388
1258,243,1501,0.1388
1258,243,1501,0.1388
1247,241,1488,0.1388
1256,242,1498,0.1388
1255,244,1499,0.1388
1256,248,1504,0.1388
1260,246,1506,0.1388
1253,244,1497,0.1388
1246,249,1495,0.1388
1238,253,1491,0.1388
1235,249,1484,0.1388
1244,251,1495,0.1388
1248,246,1494,0.1388
1235,246,1481,0.1388
1239,263,1502,0.1388
1232,260,1492,0.1388
1216,263,1479,0.1388
1226,262,1488,0.1388
1215,267,1482,0.1388
1216,270,1486,0.1388
1225,267,1492,0.1388
1213,272,1485,0.1388
1225,267,1492,0.1388
1222,270,1492,0.1388
1223,266,1489,0.1388
1224,272,1496,0.1388
1220,272,1492,0.1388
1238,268,1506,0.1388
1230,269,1499,0.1388
1228,265,1493,0.1388
1230,271,1501,0.1388
1227,269,1496,0.1388
1228,273,1501,0.1388
1220,271,1491,0.1388
1217,280,1497,0.1388
1219,281,1500,0.1388
1228,281,1509,0.1388
1222,277,1499,0.1388
1220,279,1499,0.1388
1211,280,1491,0.1388
1201,285,1486,0.1388
1189,297,1486,0.1388
1196,294,1490,0.1388
1196,292,1488,0.1388
1216,294,1510,0.1388
1207,295,1502,0.1388
1194,295,1489,0.1388
1197,294,1491,0.1388
1204,298,1502,0.1388
1205,296,1501,0.1388
1197,297,1494,0.1388
1195,298,1493,0.1388
1201,300,1501,0.1388
1220,295,1515,0.1388
1223,292,1515,0.1388
1202,292,1494,0.1388
1213,283,1496,0.1388
1226,289,1515,0.1388
1230,289,1519,0.1388
1214,290,1504,0.1388
1211,287,1498,0.1388
1207,282,1489,0.1388
1216,287,1503,0.1388
1211,287,1498,0.1388
1208,291,1499,0.1388
1208,288,1496,0.1388
1206,290,1496,0.1388
1206,295,1501,0.1388
1203,299,1502,0.1388
1207,299,1506,0.1388
1210,301,1511,0.1388
1211,297,1508,0.1388
1211,296,1507,0.1388
1209,299,1508,0.1388
1207,301,1508,0.1388
1192,305,1497,0.1388
1197,308,1505,0.1388
1200,304,1504,0.1388
1194,305,1499,0.1388
1195,317,1512,0.1388
1183,322,1505,0.1388
1187,317,1504,0.1388
1177,323,1500,0.1388
1174,315,1489,0.1388
1176,314,1490,0.1388
1176,324,1500,0.1388
1167,324,1491,0.1388
1173,324,1497,0.1388
1166,321,1487,0.1388
1155,325,1480,0.1388
1155,335,1490,0.1388
1164,327,1491,0.1388
1156,329,1485,0.1388
1155,331,1486,0.1388
1167,332,1499,0.1388
1169,332,1501,0.1388
1173,325,1498,0.1388
1154,327,1481,0.1388
1159,330,1489,0.1388
1165,338,1503,0.1388
1158,349,1507,0.1388
1148,349,1497,0.1388
1147,349,1496,0.1388
1165,348,1513,0.1388
1160,344,1504,0.1388
1157,336,1493,0.1388
1162,341,1503,0.1388
1161,345,1506,0.1388
1154,346,1500,0.1388
1137,346,1483,0.1388
1141,347,1488,0.1388
1150,346,1496,0.1388
1145,354,1499,0.1388
1137,353,1490,0.1388
1132,354,1486,0.1388
1130,360,1490,0.1388
1125,354,1479,0.1388
1130,364,1494,0.1388
1145,360,1505,0.1388
1155,352,1507,0.1388
1154,355,1509,0.1388
1147,356,1503,0.1388
1139,355,1494,0.1388
1152,356,1508,0.1388
1146,359,1505,0.1388
1128,364,1492,0.1388
1124,355,1479,0.1388
1130,358,1488,0.1388
1132,357,1489,0.1388
1133,361,1494,0.1388
1143,356,1499,0.1388
1152,353,1505,0.1388
1145,358,1503,0.1388
1134,363,1497,0.1388
1131,364,1495,0.1388
1142,367,1509,0.1388
1144,362,1506,0.1388
1130,366,1496,0.1388
1135,369,1504,0.1388
1128,365,1493,0.1388
1124,369,1493,0.1388
1127,371,1498,0.1388
1125,374,1499,0.1388
1126,369,1495,0.1388
1133,370,1503,0.1388
1131,377,1508,0.1388
1120,378,1498,0.1388
1131,379,1510,0.1388
1128,379,1507,0.1388
1129,378,1507,0.1388
1114,374,1488,0.1388
1119,374,1493,0.1388
1119,378,1497,0.1388
1114,379,1493,0.1388
1110,381,1491,0.1388
1116,374,1490,0.1388
1109,365,1474,0.1388
1100,377,1477,0.1388
1094,374,1468,0.1388
1090,382,1472,0.1388
1111,381,1492,0.1388
1117,383,1500,0.1388
1118,381,1499,0.1388
1105,381,1486,0.1388
1105,383,1488,0.1388
1108,391,1499,0.1388
1105,396,1501,0.1388
1102,392,1494,0.1388
1108,395,1503,0.1388
1106,398,1504,0.1388
1106,399,1505,0.1388
1105,400,1505,0.1388
1097,399,1496,0.1388
1092,404,1496,0.1388
1096,400,1496,0.1388
1097,408,1505,0.1388
1094,405,1499,0.1388
1088,410,1498,0.1388
1090,413,1503,0.1388
1076,416,1492,0.1388
1079,414,1493,0.1388
1089,417,1506,0.1388
1074,411,1485,0.1388
1067,414,1481,0.1388
1069,420,1489,0.1388
1076,424,1500,0.1388
1073,434,1507,0.1388
1063,439,1502,0.1388
1049,445,1494,0.1388
1054,438,1492,0.1388
1059,437,1496,0.1388
1065,439,1504,0.1388
1076,440,1516,0.1388
1084,442,1526,0.1388
1073,439,1512,0.1388
1072,440,1512,0.1388
1075,439,1514,0.1388
1069,445,1514,0.1388
1071,441,1512,0.1388
1085,436,1521,0.1388
1081,435,1516,0.1388
1082,442,1524,0.1388
1066,433,1499,0.1388
1050,438,1488,0.1388
1059,437,1496,0.1388
1062,439,1501,0.1388
1063,439,1502,0.1388
1064,445,1509,0.1388
1058,446,1504,0.1388
1064,450,1514,0.1388
1062,445,1507,0.1388
1058,446,1504,0.1388
1061,446,1507,0.1388
1068,450,1518,0.1388
1062,455,1517,0.1388
1054,453,1507,0.1388
1056,460,1516,0.1388
1051,460,1511,0.1388
1053,462,1515,0.1388
1047,465,1512,0.1388
1052,456,1508,0.1388
1052,458,1510,0.1388
1045,458,1503,0.1388
1047,461,1508,0.1388
1048,463,1511,0.1388
1054,465,1519,0.1388
1054,458,1512,0.1388
1043,462,1505,0.1388
1043,465,1508,0.1388
1044,458,1502,0.1388
1037,465,1502,0.1388
1046,471,1517,0.1388
1059,470,1529,0.1388
1054,473,1527,0.1388
1052,467,1519,0.1388
1045,467,1512,0.1388
1036,472,1508,0.1388
1026,470,1496,0.1388
1022,470,1492,0.1388
1019,479,1498,0.1388
1021,477,1498,0.1388
1037,478,1515,0.1388
1044,483,1527,0.1388
1051,481,1532,0.1388
1044,481,1525,0.1388
1035,480,1515,0.1388
1030,475,1505,0.1388
1030,487,1517,0.1388
1019,491,1510,0.1388
1016,486,1502,0.1388
1021,491,1512,0.1388
1004,495,1499,0.1388
1006,500,1506,0.1388
1017,503,1520,0.1388
1006,505,1511,0.1388
1003,497,1500,0.1388
999,498,1497,0.1388
997,504,1501,0.1388
994,498,1492,0.1388
979,506,1485,0.1388
992,503,1495,0.1388
997,497,1494,0.1388
980,503,1483,0.1388
993,503,1496,0.1388
993,500,1493,0.1388
983,503,1486,0.1388
985,503,1488,0.1388
993,502,1495,0.1388
1007,505,1512,0.1388
997,507,1504,0.1388
1001,514,1515,0.1388
1000,513,1513,0.1388
990,503,1493,0.1388
997,497,1494,0.1388
986,500,1486,0.1388
1000,499,1499,0.1388
986,502,1488,0.1388
990,504,1494,0.1388
993,503,1496,0.1388
983,505,1488,0.1388
979,513,1492,0.1388
978,519,1497,0.1388
976,524,1500,0.1388
979,529,1508,0.1388
974,533,1507,0.1388
972,529,1501,0.1388
965,529,1494,0.1388
967,530,1497,0.1388
961,541,1502,0.1388
953,540,1493,0.1388
946,547,1493,0.1388
957,549,1506,0.1388
965,547,1512,0.1388
968,545,1513,0.1388
968,548,1516,0.1388
954,554,1508,0.1388
960,549,1509,0.1388
956,551,1507,0.1388
946,555,1501,0.1388
938,551,1489,0.1388
932,556,1488,0.1388
938,559,1497,0.1388
942,566,1508,0.1388
939,570,1509,0.1388
941,569,1510,0.1388
939,567,1506,0.1388
941,548,1489,0.1388
953,553,1506,0.1388
946,554,1500,0.1388
953,555,1508,0.1388
949,553,1502,0.1388
952,558,1510,0.1388
935,558,1493,0.1388
936,572,1508,0.1388
929,563,1492,0.1388
935,569,1504,0.1388
936,560,1496,0.1388
937,557,1494,0.1388
931,562,1493,0.1388
931,558,1489,0.1388
933,562,1495,0.1388
927,571,1498,0.1388
928,570,1498,0.1388
923,573,1496,0.1388
925,573,1498,0.1388
932,578,1510,0.1388
933,578,1511,0.1388
938,587,1525,0.1388
933,591,1524,0.1388
929,587,1516,0.1388
928,584,1512,0.1388
930,585,1515,0.1388
931,580,1511,0.1388
924,578,1502,0.1388
929,575,1504,0.1388
919,574,1493,0.1388
905,581,1486,0.1388
914,576,1490,0.1388
917,575,1492,0.1388
912,574,1486,0.1388
911,576,1487,0.1388
918,570,1488,0.1388
923,569,1492,0.1388
915,573,1488,0.1388
925,575,1500,0.1388
916,577,1493,0.1388
908,585,1493,0.1388
909,584,1493,0.1388
908,586,1494,0.1388
912,587,1499,0.1388
917,594,1511,0.1388
916,594,1510,0.1388
916,588,1504,0.1388
916,580,1496,0.1388
912,589,1501,0.1388
916,594,1510,0.1388
920,594,1514,0.1388
913,592,1505,0.1388
910,579,1489,0.1388
909,582,1491,0.1388
914,589,1503,0.1388
916,588,1504,0.1388
916,586,1502,0.1388
922,593,1515,0.1388
918,582,1500,0.1388
917,585,1502,0.1388
906,596,1502,0.1388
911,599,1510,0.1388
920,596,1516,0.1388
920,602,1522,0.1388
913,600,1513,0.1388
917,601,1518,0.1388
913,598,1511,0.1388
915,598,1513,0.1388
913,601,1514,0.1388
905,606,1511,0.1388
905,605,1510,0.1388
907,609,1516,0.1388
896,614,1510,0.1388
907,608,1515,0.1388
912,605,1517,0.1388
917,608,1525,0.1388
908,605,1513,0.1388
916,602,1518,0.1388
916,600,1516,0.1388
923,596,1519,0.1388
922,583,1505,0.1388
912,585,1497,0.1388
923,581,1504,0.1388
923,574,1497,0.1388
919,573,1492,0.1388
918,581,1499,0.1388
905,585,1490,0.1388
908,596,1504,0.1388
913,596,1509,0.1388
914,594,1508,0.1388
904,594,1498,0.1388
894,592,1486,0.1388
908,601,1509,0.1388
902,598,1500,0.1388
898,599,1497,0.1388
893,594,1487,0.1388
895,594,1489,0.1388
903,593,1496,0.1388
909,596,1505,0.1388
903,602,1505,0.1388
890,599,1489,0.1388
882,616,1498,0.1388
886,612,1498,0.1388
882,608,1490,0.1388
883,603,1486,0.1388
885,613,1498,0.1388
891,615,1506,0.1388
884,612,1496,0.1388
869,607,1476,0.1388
880,612,1492,0.1388
884,613,1497,0.1388
884,613,1497,0.1388
887,605,1492,0.1388
892,606,1498,0.1388
894,612,1506,0.1388
900,615,1515,0.1388
891,611,1502,0.1388
894,615,1509,0.1388
893,612,1505,0.1388
900,609,1509,0.1388
890,605,1495,0.1388
889,613,1502,0.1388
892,608,1500,0.1388
893,620,1513,0.1388
880,620,1500,0.1388
887,613,1500,0.1388
890,624,1514,0.1388
892,627,1519,0.1388
890,618,1508,0.1388
890,618,1508,0.1388
899,626,1525,0.1388
895,622,1517,0.1388
889,621,1510,0.1388
883,628,1511,0.1388
877,627,1504,0.1388
884,626,1510,0.1388
883,627,1510,0.1388
870,621,1491,0.1388
870,619,1489,0.1388
875,616,1491,0.1388
878,616,1494,0.1388
875,620,1495,0.1388
879,621,1500,0.1388
882,626,1508,0.1388
872,632,1504,0.1388
870,632,1502,0.1388
880,626,1506,0.1388
868,623,1491,0.1388
870,630,1500,0.1388
870,639,1509,0.1388
874,639,1513,0.1388
871,635,1506,0.1388
873,630,1503,0.1388
868,624,1492,0.1388
865,624,1489,0.1388
858,626,1484,0.1388
866,628,1494,0.1388
867,638,1505,0.1388
865,633,1498,0.1388
873,639,1512,0.1388
871,631,1502,0.1388
883,624,1507,0.1388
878,623,1501,0.1388
877,630,1507,0.1388
879,634,1513,0.1388
875,633,1508,0.1388
873,632,1505,0.1388
872,631,1503,0.1388
873,632,1505,0.1388
872,637,1509,0.1388
877,639,1516,0.1388
875,641,1516,0.1388
861,639,1500,0.1388
855,629,1484,0.1388
856,635,1491,0.1388
851,642,1493,0.1388
845,649,1494,0.1388
853,648,1501,0.1388
842,655,1497,0.1388
838,661,1499,0.1388
851,654,1505,0.1388
846,646,1492,0.1388
848,653,1501,0.1388
849,647,1496,0.1388
857,651,1508,0.1388
854,650,1504,0.1388
841,658,1499,0.1388
842,659,1501,0.1388
840,666,1506,0.1388
828,659,1487,0.1388
829,655,1484,0.1388
834,656,1490,0.1388
823,655,1478,0.1388
830,661,1491,0.1388
840,670,1510,0.1388
837,674,1511,0.1388
831,676,1507,0.1388
820,672,1492,0.1388
823,663,1486,0.1388
835,657,1492,0.1388
833,660,1493,0.1388
833,659,1492,0.1388
826,662,1488,0.1388
832,655,1487,0.1388
835,657,1492,0.1388
843,670,1513,0.1388
827,668,1495,0.1388
824,672,1496,0.1388
828,668,1496,0.1388
838,676,1514,0.1388
839,675,1514,0.1388
848,666,1514,0.1388
850,673,1523,0.1388
840,669,1509,0.1388
840,669,1509,0.1388
836,666,1502,0.1388
847,671,1518,0.1388
842,675,1517,0.1388
828,681,1509,0.1388
827,677,1504,0.1388
828,686,1514,0.1388
824,683,1507,0.1388
820,678,1498,0.1388
821,681,1502,0.1388
813,677,1490,0.1388
810,687,1497,0.1388
815,686,1501,0.1388
815,685,1500,0.1388
819,696,1515,0.1388
806,693,1499,0.1388
814,690,1504,0.1388
810,683,1493,0.1388
815,683,1498,0.1388
812,680,1492,0.1388
811,685,1496,0.1388
813,688,1501,0.1388
815,699,1514,0.1388
804,695,1499,0.1388
805,696,1501,0.1388
800,689,1489,0.1388
806,689,1495,0.1388
801,691,1492,0.1388
796,697,1493,0.1388
801,703,1504,0.1388
790,707,1497,0.1388
786,695,1481,0.1388
787,701,1488,0.1388
786,712,1498,0.1388
787,721,1508,0.1388
793,719,1512,0.1388
796,715,1511,0.1388
779,722,1501,0.1388
773,710,1483,0.1388
768,716,1484,0.1388
777,729,1506,0.1388
775,722,1497,0.1388
774,720,1494,0.1388
770,728,1498,0.1388
768,727,1495,0.1388
771,725,1496,0.1388
774,736,1510,0.1388
771,743,1514,0.1388
768,743,1511,0.1388
766,741,1507,0.1388
768,754,1522,0.1388
773,747,1520,0.1388
780,743,1523,0.1388
774,740,1514,0.1388
771,740,1511,0.1388
764,749,1513,0.1388
767,750,1517,0.1388
758,757,1515,0.1388
753,752,1505,0.1388
746,757,1503,0.1388
746,759,1505,0.1388
748,759,1507,0.1388
747,760,1507,0.1388
755,756,1511,0.1388
754,770,1524,0.1388
748,771,1519,0.1388
749,762,1511,0.1388
750,758,1508,0.1388
745,753,1498,0.1388
742,746,1488,0.1388
725,756,1481,0.1388
722,759,1481,0.1388
730,757,1487,0.1388
733,756,1489,0.1388
732,769,1501,0.1388
728,772,1500,0.1388
735,766,1501,0.1388
738,772,1510,0.1388
728,771,1499,0.1388
734,772,1506,0.1388
737,775,1512,0.1388
729,774,1503,0.1388
729,777,1506,0.1388
728,778,1506,0.1388
734,777,1511,0.1388
736,780,1516,0.1388
730,783,1513,0.1388
738,785,1523,0.1388
732,772,1504,0.1388
731,774,1505,0.1388
730,771,1501,0.1388
726,780,1506,0.1388
723,782,1505,0.1388
723,783,1506,0.1388
726,786,1512,0.1388
730,779,1509,0.1388
731,786,1517,0.1388
724,787,1511,0.1388
715,784,1499,0.1388
714,786,1500,0.1388
714,790,1504,0.1388
714,792,1506,0.1388
713,798,1511,0.1388
704,807,1511,0.1388
694,812,1506,0.1388
692,818,1510,0.1388
686,830,1516,0.1388
683,831,1514,0.1388
683,821,1504,0.1388
682,821,1503,0.1388
679,825,1504,0.1388
676,817,1493,0.1388
679,818,1497,0.1388
679,830,1509,0.1388
676,837,1513,0.1388
669,842,1511,0.1388
682,843,1525,0.1388
670,838,1508,0.1388
677,838,1515,0.1388
672,842,1514,0.1388
658,845,1503,0.1388
661,852,1513,0.1388
654,863,1517,0.1388
655,857,1512,0.1388
648,860,1508,0.1388
654,856,1510,0.1388
649,856,1505,0.1388
646,866,1512,0.1388
651,873,1524,0.1388
650,862,1512,0.1388
645,867,1512,0.1388
623,878,1501,0.1388
629,886,1515,0.1388
631,878,1509,0.1388
623,879,1502,0.1388
619,869,1488,0.1388
612,873,1485,0.1388
623,876,1499,0.1388
631,875,1506,0.1388
631,875,1506,0.1388
636,874,1510,0.1388
639,882,1521,0.1388
639,878,1517,0.1388
637,871,1508,0.1388
629,875,1504,0.1388
635,877,1512,0.1388
617,881,1498,0.1388
626,881,1507,0.1388
616,887,1503,0.1388
621,892,1513,0.1388
627,889,1516,0.1388
627,885,1512,0.1388
627,890,1517,0.1388
622,892,1514,0.1388
625,896,1521,0.1388
624,894,1518,0.1388
625,892,1517,0.1388
628,885,1513,0.1388
625,887,1512,0.1388
634,892,1526,0.1388
640,892,1532,0.1388
635,894,1529,0.1388
631,889,1520,0.1388
627,878,1505,0.1388
624,895,1519,0.1388
626,890,1516,0.1388
622,885,1507,0.1388
611,892,1503,0.1388
618,900,1518,0.1388
609,906,1515,0.1388
619,900,1519,0.1388
624,905,1529,0.1388
620,899,1519,0.1388
613,911,1524,0.1388
615,901,1516,0.1388
619,903,1522,0.1388
616,904,1520,0.1388
614,911,1525,0.1388
613,900,1513,0.1388
608,896,1504,0.1388
617,893,1510,0.1388
614,887,1501,0.1388
609,889,1498,0.1388
599,906,1505,0.1388
603,900,1503,0.1388
599,897,1496,0.1388
602,892,1494,0.1388
610,904,1514,0.1388
612,906,1518,0.1388
610,899,1509,0.1388
601,898,1499,0.1388
601,898,1499,0.1388
600,905,1505,0.1388
596,908,1504,0.1388
596,904,1500,0.1388
592,899,1491,0.1388
595,895,1490,0.1388
597,899,1496,0.1388
604,901,1505,0.1388
602,902,1504,0.1388
599,902,1501,0.1388
603,904,1507,0.1388
604,900,1504,0.1388
612,898,1510,0.1388
603,903,1506,0.1388
599,897,1496,0.1388
598,906,1504,0.1388
597,911,1508,0.1388
591,913,1504,0.1388
593,905,1498,0.1388
596,903,1499,0.1388
597,903,1500,0.1388
592,911,1503,0.1388
595,913,1508,0.1388
586,914,1500,0.1388
591,920,1511,0.1388
597,922,1519,0.1388
596,913,1509,0.1388
596,922,1518,0.1388
594,910,1504,0.1388
592,918,1510,0.1388
593,910,1503,0.1388
593,917,1510,0.1388
588,915,1503,0.1388
588,912,1500,0.1388
586,918,1504,0.1388
574,918,1492,0.1388
571,933,1504,0.1388
568,952,1520,0.1388
567,958,1525,0.1388
568,949,1517,0.1388
565,942,1507,0.1388
553,949,1502,0.1388
558,932,1490,0.1388
560,934,1494,0.1388
562,922,1484,0.1388
562,937,1499,0.1388
564,944,1508,0.1388
563,947,1510,0.1388
549,947,1496,0.1388
550,954,1504,0.1388
556,958,1514,0.1388
570,949,1519,0.1388
562,950,1512,0.1388
563,944,1507,0.1388
555,943,1498,0.1388
566,937,1503,0.1388
560,949,1509,0.1388
563,950,1513,0.1388
564,947,1511,0.1388
560,945,1505,0.1388
555,954,1509,0.1388
555,940,1495,0.1388
555,948,1503,0.1388
562,941,1503,0.1388
560,949,1509,0.1388
561,945,1506,0.1388
552,943,1495,0.1388
550,945,1495,0.1388
551,950,1501,0.1388
559,951,1510,0.1388
559,954,1513,0.1388
551,955,1506,0.1388
553,953,1506,0.1388
551,951,1502,0.1388
545,949,1494,0.1388
548,938,1486,0.1388
556,945,1501,0.1388
564,944,1508,0.1388
554,955,1509,0.1388
552,954,1506,0.1388
552,949,1501,0.1388
543,957,1500,0.1388
547,937,1484,0.1388
555,952,1507,0.1388
557,955,1512,0.1388
554,961,1515,0.1388
552,945,1497,0.1388
553,948,1501,0.1388
553,943,1496,0.1388
560,941,1501,0.1388
557,940,1497,0.1388
559,952,1511,0.1388
557,959,1516,0.1388
560,964,1524,0.1388
559,969,1528,0.1388
550,971,1521,0.1388
551,980,1531,0.1388
544,977,1521,0.1388
547,980,1527,0.1388
550,971,1521,0.1388
548,965,1513,0.1388
546,965,1511,0.1388
551,968,1519,0.1388
551,968,1519,0.1388
544,963,1507,0.1388
546,957,1503,0.1388
542,964,1506,0.1388
542,963,1505,0.1388
544,962,1506,0.1388
538,957,1495,0.1388
534,951,1485,0.1388
528,963,1491,0.1388
522,975,1497,0.1388
520,987,1507,0.1388
526,982,1508,0.1388
530,979,1509,0.1388
540,970,1510,0.1388
532,966,1498,0.1388
539,975,1514,0.1388
535,979,1514,0.1388
531,980,1511,0.1388
531,984,1515,0.1388
539,990,1529,0.1388
537,986,1523,0.1388
532,989,1521,0.1388
524,985,1509,0.1388
519,994,1513,0.1388
515,998,1513,0.1388
509,989,1498,0.1388
520,988,1508,0.1388
521,991,1512,0.1388
517,983,1500,0.1388
517,994,1511,0.1388
522,997,1519,0.1388
512,1012,1524,0.1388
516,1004,1520,0.1388
510,997,1507,0.1388
508,990,1498,0.1388
494,999,1493,0.1388
499,996,1495,0.1388
494,1000,1494,0.1388
504,1012,1516,0.1388
506,1012,1518,0.1388
505,1012,1517,0.1388
513,1004,1517,0.1388
507,1005,1512,0.1388
506,999,1505,0.1388
505,1011,1516,0.1388
497,1008,1505,0.1388
496,1006,1502,0.1388
498,1010,1508,0.1388
497,1019,1516,0.1388
498,1018,1516,0.1388
495,1024,1519,0.1388
498,1020,1518,0.1388
500,1013,1513,0.1388
491,1010,1501,0.1388
491,1019,1510,0.1388
487,1020,1507,0.1388
479,1013,1492,0.1388
479,1021,1500,0.1388
481,1024,1505,0.1388
482,1020,1502,0.1388
491,1011,1502,0.1388
489,1025,1514,0.1388
488,1026,1514,0.1388
484,1026,1510,0.1388
478,1028,1506,0.1388
479,1027,1506,0.1388
480,1026,1506,0.1388
475,1034,1509,0.1388
475,1040,1515,0.1388
473,1021,1494,0.1388
476,1020,1496,0.1388
480,1019,1499,0.1388
486,1015,1501,0.1388
487,1020,1507,0.1388
482,1028,1510,0.1388
474,1036,1510,0.1388
473,1041,1514,0.1388
479,1042,1521,0.1388
486,1047,1533,0.1388
481,1038,1519,0.1388
483,1038,1521,0.1388
481,1030,1511,0.1388
481,1032,1513,0.1388
480,1036,1516,0.1388
488,1033,1521,0.1388
485,1034,1519,0.1388
487,1036,1523,0.1388
489,1025,1514,0.1388
487,1027,1514,0.1388
479,1015,1494,0.1388
485,1017,1502,0.1388
485,1032,1517,0.1388
489,1033,1522,0.1388
488,1036,1524,0.1388
486,1034,1520,0.1388
487,1029,1516,0.1388
491,1025,1516,0.1388
493,1015,1508,0.1388
499,1008,1507,0.1388
497,1020,1517,0.1388
490,1018,1508,0.1388
487,1014,1501,0.1388
483,1009,1492,0.1388
489,1033,1522,0.1388
490,1022,1512,0.1388
494,1017,1511,0.1388
498,1020,1518,0.1388
486,1020,1506,0.1388
485,1020,1505,0.1388
482,1009,1491,0.1388
492,1011,1503,0.1388
482,1015,1497,0.1388
487,1015,1502,0.1388
486,1024,1510,0.1388
482,1033,1515,0.1388
488,1034,1522,0.1388
489,1031,1520,0.1388
485,1021,1506,0.1388
480,1019,1499,0.1388
483,1028,1511,0.1388
483,1026,1509,0.1388
486,1037,1523,0.1388
487,1024,1511,0.1388
486,1035,1521,0.1388
487,1031,1518,0.1388
484,1027,1511,0.1388
486,1044,1530,0.1388
485,1027,1512,0.1388
483,1040,1523,0.1388
477,1050,1527,0.1388
475,1043,1518,0.1388
474,1045,1519,0.1388
480,1043,1523,0.1388
476,1039,1515,0.1388
479,1039,1518,0.1388
476,1035,1511,0.1388
468,1037,1505,0.1388
465,1036,1501,0.1388
467,1033,1500,0.1388
470,1032,1502,0.1388
467,1039,1506,0.1388
466,1028,1494,0.1388
463,1039,1502,0.1388
457,1043,1500,0.1388
467,1043,1510,0.1388
462,1051,1513,0.1388
464,1053,1517,0.1388
458,1049,1507,0.1388
458,1067,1525,0.1388
447,1067,1514,0.1388
446,1066,1512,0.1388
445,1070,1515,0.1388
441,1067,1508,0.1388
442,1069,1511,0.1388
439,1079,1518,0.1388
428,1080,1508,0.1388
425,1075,1500,0.1388
432,1077,1509,0.1388
434,1084,1518,0.1388
432,1087,1519,0.1388
431,1078,1509,0.1388
428,1082,1510,0.1388
429,1080,1509,0.1388
425,1076,1501,0.1388
424,1076,1500,0.1388
428,1081,1509,0.1388
418,1089,1507,0.1388
424,1088,1512,0.1388
429,1090,1519,0.1388
435,1082,1517,0.1388
421,1085,1506,0.1388
419,1089,1508,0.1388
413,1098,1511,0.1388
414,1101,1515,0.1388
418,1089,1507,0.1388
412,1073,1485,0.1388
416,1086,1502,0.1388
418,1077,1495,0.1388
418,1076,1494,0.1388
420,1085,1505,0.1388
416,1095,1511,0.1388
417,1093,1510,0.1388
414,1100,1514,0.1388
418,1093,1511,0.1388
406,1098,1504,0.1388
403,1104,1507,0.1388
400,1118,1518,0.1388
397,1108,1505,0.1388
400,1125,1525,0.1388
402,1119,1521,0.1388
400,1129,1529,0.1388
397,1115,1512,0.1388
393,1120,1513,0.1388
395,1125,1520,0.1388
394,1123,1517,0.1388
398,1120,1518,0.1388
403,1121,1524,0.1388
394,1119,1513,0.1388
396,1122,1518,0.1388
391,1121,1512,0.1388
387,1120,1507,0.1388
399,1124,1523,0.1388
400,1121,1521,0.1388
391,1126,1517,0.1388
397,1126,1523,0.1388
395,1124,1519,0.1388
391,1113,1504,0.1388
395,1108,1503,0.1388
388,1119,1507,0.1388
385,1120,1505,0.1388
376,1124,1500,0.1388
372,1131,1503,0.1388
373,1125,1498,0.1388
364,1134,1498,0.1388
361,1141,1502,0.1388
360,1137,1497,0.1388
356,1137,1493,0.1388
353,1139,1492,0.1388
353,1151,1504,0.1388
353,1158,1511,0.1388
355,1159,1514,0.1388
358,1163,1521,0.1388
356,1153,1509,0.1388
351,1153,1504,0.1388
355,1161,1516,0.1388
352,1155,1507,0.1388
355,1159,1514,0.1388
352,1148,1500,0.1388
348,1142,1490,0.1388
349,1144,1493,0.1388
349,1136,1485,0.1388
347,1149,1496,0.1388
343,1151,1494,0.1388
357,1155,1512,0.1388
349,1157,1506,0.1388
347,1174,1521,0.1388
338,1167,1505,0.1388
335,1162,1497,0.1388
338,1168,1506,0.1388
346,1155,1501,0.1388
351,1161,1512,0.1388
352,1166,1518,0.1388
352,1162,1514,0.1388
344,1157,1501,0.1388
340,1146,1486,0.1388
335,1161,1496,0.1388
340,1158,1498,0.1388
348,1157,1505,0.1388
350,1156,1506,0.1388
350,1148,1498,0.1388
350,1166,1516,0.1388
355,1165,1520,0.1388
355,1180,1535,0.1388
356,1159,1515,0.1388
353,1160,1513,0.1388
350,1166,1516,0.1388
348,1153,1501,0.1388
344,1166,1510,0.1388
344,1170,1514,0.1388
341,1172,1513,0.1388
348,1163,1511,0.1388
346,1164,1510,0.1388
347,1163,1510,0.1388
345,1159,1504,0.1388
341,1163,1504,0.1388
353,1159,1512,0.1388
352,1151,1503,0.1388
349,1151,1500,0.1388
348,1164,1512,0.1388
337,1163,1500,0.1388
334,1163,1497,0.1388
330,1171,1501,0.1388
334,1183,1517,0.1388
332,1166,1498,0.1388
325,1175,1500,0.1388
327,1167,1494,0.1388
326,1174,1500,0.1388
333,1181,1514,0.1388
334,1178,1512,0.1388
330,1177,1507,0.1388
325,1183,1508,0.1388
329,1187,1516,0.1388
331,1189,1520,0.1388
329,1187,1516,0.1388
327,1193,1520,0.1388
328,1191,1519,0.1388
330,1179,1509,0.1388
325,1177,1502,0.1388
317,1179,1496,0.1388
319,1193,1512,0.1388
320,1208,1528,0.1388
323,1212,1535,0.1388
320,1211,1531,0.1388
311,1207,1518,0.1388
314,1207,1521,0.1388
311,1211,1522,0.1388
309,1209,1518,0.1388
318,1196,1514,0.1388
323,1196,1519,0.1388
316,1192,1508,0.1388
312,1187,1499,0.1388
320,1189,1509,0.1388
318,1189,1507,0.1388
318,1187,1505,0.1388
316,1194,1510,0.1388
312,1194,1506,0.1388
318,1198,1516,0.1388
316,1207,1523,0.1388
316,1196,1512,0.1388
314,1197,1511,0.1388
309,1199,1508,0.1388
307,1197,1504,0.1388
308,1203,1511,0.1388
305,1206,1511,0.1388
302,1201,1503,0.1388
300,1200,1500,0.1388
300,1201,1501,0.1388
303,1224,1527,0.1388
304,1215,1519,0.1388
305,1214,1519,0.1388
300,1212,1512,0.1388
300,1221,1521,0.1388
301,1231,1532,0.1388
298,1225,1523,0.1388
297,1220,1517,0.1388
301,1209,1510,0.1388
304,1214,1518,0.1388
305,1224,1529,0.1388
301,1219,1520,0.1388
295,1210,1505,0.1388
293,1214,1507,0.1388
290,1226,1516,0.1388
282,1224,1506,0.1388
284,1220,1504,0.1388
279,1229,1508,0.1388
282,1232,1514,0.1388
276,1226,1502,0.1388
282,1218,1500,0.1388
283,1215,1498,0.1388
284,1213,1497,0.1388
280,1195,1475,0.1388
278,1203,1481,0.1388
281,1221,1502,0.1388
286,1215,1501,0.1388
287,1225,1512,0.1388
282,1220,1502,0.1388
284,1234,1518,0.1388
284,1246,1530,0.1388
288,1233,1521,0.1388
291,1225,1516,0.1388
287,1218,1505,0.1388
283,1237,1520,0.1388
281,1234,1515,0.1388
283,1223,1506,0.1388
280,1228,1508,0.1388
288,1227,1515,0.1388
286,1227,1513,0.1388
289,1214,1503,0.1388
289,1216,1505,0.1388
284,1232,1516,0.1388
279,1228,1507,0.1388
284,1225,1509,0.1388
282,1230,1512,0.1388
279,1240,1519,0.1388
281,1249,1530,0.1388
282,1238,1520,0.1388
281,1229,1510,0.1388
277,1231,1508,0.1388
276,1223,1499,0.1388
286,1233,1519,0.1388
281,1238,1519,0.1388
282,1243,1525,0.1388
275,1241,1516,0.1388
280,1245,1525,0.1388
278,1248,1526,0.1388
267,1249,1516,0.1388
263,1255,1518,0.1388
264,1243,1507,0.1388
264,1236,1500,0.1388
264,1243,1507,0.1388
261,1238,1499,0.1388
263,1248,1511,0.1388
255,1247,1502,0.1388
256,1239,1495,0.1388
252,1242,1494,0.1388
256,1256,1512,0.1388
262,1243,1505,0.1388
264,1256,1520,0.1388
266,1258,1524,0.1388
269,1256,1525,0.1388
269,1243,1512,0.1388
267,1240,1507,0.1388
261,1251,1512,0.1388
260,1256,1516,0.1388
259,1247,1506,0.1388
263,1248,1511,0.1388
260,1241,1501,0.1388
260,1243,1503,0.1388
266,1245,1511,0.1388
263,1243,1506,0.1388
258,1241,1499,0.1388
260,1256,1516,0.1388
264,1265,1529,0.1388
262,1266,1528,0.1388
258,1266,1524,0.1388
264,1256,1520,0.1388
261,1245,1506,0.1388
257,1257,1514,0.1388
256,1269,1525,0.1388
256,1257,1513,0.1388
256,1253,1509,0.1388
252,1242,1494,0.1388
248,1244,1492,0.1388
245,1274,1519,0.1388
246,1273,1519,0.1388
250,1271,1521,0.1388
249,1282,1531,0.1388
253,1262,1515,0.1388
250,1262,1512,0.1388
244,1272,1516,0.1388
246,1283,1529,0.1388
243,1276,1519,0.1388
243,1273,1516,0.1388
245,1283,1528,0.1388
240,1280,1520,0.1388
245,1266,1511,0.1388
240,1270,1510,0.1388
238,1280,1518,0.1388
229,1282,1511,0.1388
230,1280,1510,0.1388
237,1285,1522,0.1388
232,1297,1529,0.1388
233,1287,1520,0.1388
230,1303,1533,0.1388
232,1290,1522,0.1388
223,1292,1515,0.1388
223,1295,1518,0.1388
226,1287,1513,0.1388
227,1296,1523,0.1388
227,1311,1538,0.1388
232,1303,1535,0.1388
231,1300,1531,0.1388
230,1297,1527,0.1388
228,1292,1520,0.1388
225,1281,1506,0.1388
233,1282,1515,0.1388
228,1275,1503,0.1388
228,1271,1499,0.1388
232,1267,1499,0.1388
233,1280,1513,0.1388
236,1285,1521,0.1388
235,1279,1514,0.1388
235,1284,1519,0.1388
240,1285,1525,0.1388
243,1285,1528,0.1388
235,1289,1524,0.1388
234,1282,1516,0.1388
234,1276,1510,0.1388
234,1280,1514,0.1388
231,1284,1515,0.1388
230,1285,1515,0.1388
232,1297,1529,0.1388
231,1306,1537,0.1388
229,1293,1522,0.1388
230,1295,1525,0.1388
231,1295,1526,0.1388
231,1281,1512,0.1388
224,1273,1497,0.1388
221,1276,1497,0.1388
219,1279,1498,0.1388
223,1280,1503,0.1388
228,1273,1501,0.1388
226,1284,1510,0.1388
229,1279,1508,0.1388
232,1274,1506,0.1388
228,1280,1508,0.1388
232,1282,1514,0.1388
230,1288,1518,0.1388
233,1284,1517,0.1388
233,1275,1508,0.1388
234,1270,1504,0.1388
236,1262,1498,0.1388
231,1283,1514,0.1388
232,1281,1513,0.1388
235,1286,1521,0.1388
231,1282,1513,0.1388
230,1286,1516,0.1388
233,1277,1510,0.1388
233,1290,1523,0.1388
227,1290,1517,0.1388
232,1283,1515,0.1388
232,1278,1510,0.1388
231,1289,1520,0.1388
227,1270,1497,0.1388
230,1274,1504,0.1388
228,1266,1494,0.1388
228,1281,1509,0.1388
229,1273,1502,0.1388
231,1282,1513,0.1388
232,1280,1512,0.1388
232,1277,1509,0.1388
236,1271,1507,0.1388
234,1273,1507,0.1388
237,1273,1510,0.1388
233,1280,1513,0.1388
234,1283,1517,0.1388
233,1271,1504,0.1388
235,1285,1520,0.1388
234,1292,1526,0.1388
239,1287,1526,0.1388
237,1293,1530,0.1388
238,1273,1511,0.1388
238,1269,1507,0.1388
234,1265,1499,0.1388
227,1265,1492,0.1388
229,1263,1492,0.1388
226,1272,1498,0.1388
223,1280,1503,0.1388
228,1287,1515,0.1388
232,1281,1513,0.1388
233,1280,1513,0.1388
231,1278,1509,0.1388
224,1290,1514,0.1388
225,1279,1504,0.1388
228,1280,1508,0.1388
226,1273,1499,0.1388
230,1273,1503,0.1388
228,1270,1498,0.1388
222,1270,1492,0.1388
227,1285,1512,0.1388
229,1298,1527,0.1388
225,1283,1508,0.1388
225,1273,1498,0.1388
226,1284,1510,0.1388
221,1283,1504,0.1388
223,1283,1506,0.1388
222,1281,1503,0.1388
224,1295,1519,0.1388
223,1296,1519,0.1388
220,1294,1514,0.1388
213,1287,1500,0.1388
214,1292,1506,0.1388
207,1295,1502,0.1388
211,1300,1511,0.1388
209,1302,1511,0.1388
209,1300,1509,0.1388
204,1289,1493,0.1388
196,1294,1490,0.1388
196,1299,1495,0.1388
200,1299,1499,0.1388
201,1304,1505,0.1388
198,1312,1510,0.1388
194,1322,1516,0.1388
196,1327,1523,0.1388
189,1319,1508,0.1388
194,1311,1505,0.1388
199,1312,1511,0.1388
198,1295,1493,0.1388
200,1293,1493,0.1388
203,1302,1505,0.1388
202,1309,1511,0.1388
202,1305,1507,0.1388
196,1306,1502,0.1388
197,1313,1510,0.1388
198,1321,1519,0.1388
200,1312,1512,0.1388
202,1315,1517,0.1388
204,1314,1518,0.1388
198,1318,1516,0.1388
195,1313,1508,0.1388
189,1317,1506,0.1388
188,1320,1508,0.1388
191,1320,1511,0.1388
185,1324,1509,0.1388
192,1344,1536,0.1388
188,1331,1519,0.1388
187,1325,1512,0.1388
189,1324,1513,0.1388
189,1328,1517,0.1388
186,1342,1528,0.1388
184,1335,1519,0.1388
188,1334,1522,0.1388
190,1330,1520,0.1388
186,1330,1516,0.1388
192,1325,1517,0.1388
188,1332,1520,0.1388
189,1325,1514,0.1388
192,1330,1522,0.1388
196,1321,1517,0.1388
194,1332,1526,0.1388
187,1339,1526,0.1388
184,1334,1518,0.1388
191,1328,1519,0.1388
189,1335,1524,0.1388
189,1320,1509,0.1388
182,1330,1512,0.1388
180,1318,1498,0.1388
180,1329,1509,0.1388
183,1326,1509,0.1388
183,1337,1520,0.1388
178,1333,1511,0.1388
177,1329,1506,0.1388
179,1347,1526,0.1388
180,1336,1516,0.1388
181,1333,1514,0.1388
178,1329,1507,0.1388
175,1323,1498,0.1388
174,1318,1492,0.1388
176,1315,1491,0.1388
178,1327,1505,0.1388
175,1322,1497,0.1388
172,1328,1500,0.1388
175,1330,1505,0.1388
173,1338,1511,0.1388
174,1345,1519,0.1388
175,1345,1520,0.1388
176,1332,1508,0.1388
172,1334,1506,0.1388
171,1345,1516,0.1388
172,1340,1512,0.1388
174,1342,1516,0.1388
173,1348,1521,0.1388
174,1342,1516,0.1388
173,1354,1527,0.1388
173,1354,1527,0.1388
171,1352,1523,0.1388
169,1353,1522,0.1388
171,1355,1526,0.1388
171,1343,1514,0.1388
168,1343,1511,0.1388
168,1345,1513,0.1388
168,1349,1517,0.1388
173,1330,1503,0.1388
170,1336,1506,0.1388
165,1337,1502,0.1388
162,1347,1509,0.1388
162,1353,1515,0.1388
166,1348,1514,0.1388
168,1340,1508,0.1388
168,1335,1503,0.1388
166,1347,1513,0.1388
166,1345,1511,0.1388
169,1343,1512,0.1388
169,1333,1502,0.1388
168,1335,1503,0.1388
165,1340,1505,0.1388
168,1346,1514,0.1388
171,1345,1516,0.1388
171,1336,1507,0.1388
176,1343,1519,0.1388
173,1345,1518,0.1388
170,1344,1514,0.1388
171,1335,1506,0.1388
170,1355,1525,0.1388
170,1351,1521,0.1388
168,1348,1516,0.1388
167,1356,1523,0.1388
163,1362,1525,0.1388
164,1367,1531,0.1388
158,1371,1529,0.1388
159,1357,1516,0.1388
159,1348,1507,0.1388
154,1347,1501,0.1388
152,1344,1496,0.1388
148,1353,1501,0.1388
151,1356,1507,0.1388
152,1356,1508,0.1388
151,1359,1510,0.1388
154,1349,1503,0.1388
157,1352,1509,0.1388
157,1350,1507,0.1388
156,1343,1499,0.1388
152,1357,1509,0.1388
151,1362,1513,0.1388
148,1359,1507,0.1388
146,1362,1508,0.1388
147,1363,1510,0.1388
150,1356,1506,0.1388
157,1363,1520,0.1388
157,1361,1518,0.1388
155,1367,1522,0.1388
154,1365,1519,0.1388
152,1367,1519,0.1388
149,1361,1510,0.1388
149,1353,1502,0.1388
151,1355,1506,0.1388
150,1365,1515,0.1388
149,1370,1519,0.1388
151,1370,1521,0.1388
153,1380,1533,0.1388
156,1362,1518,0.1388
158,1357,1515,0.1388
156,1364,1520,0.1388
159,1358,1517,0.1388
153,1351,1504,0.1388
155,1352,1507,0.1388
155,1359,1514,0.1388
154,1353,1507,0.1388
152,1367,1519,0.1388
152,1366,1518,0.1388
146,1358,1504,0.1388
147,1363,1510,0.1388
148,1372,1520,0.1388
145,1372,1517,0.1388
144,1364,1508,0.1388
143,1364,1507,0.1388
143,1362,1505,0.1388
148,1366,1514,0.1388
146,1362,1508,0.1388
142,1363,1505,0.1388
140,1365,1505,0.1388
141,1376,1517,0.1388
139,1376,1515,0.1388
138,1380,1518,0.1388
141,1379,1520,0.1388
140,1380,1520,0.1388
141,1385,1526,0.1388
143,1380,1523,0.1388
142,1386,1528,0.1388
134,1388,1522,0.1388
133,1376,1509,0.1388
141,1381,1522,0.1388
140,1374,1514,0.1388
139,1383,1522,0.1388
135,1388,1523,0.1388
137,1384,1521,0.1388
138,1388,1526,0.1388
138,1382,1520,0.1388
142,1376,1518,0.1388
141,1386,1527,0.1388
145,1378,1523,0.1388
143,1377,1520,0.1388
142,1378,1520,0.1388
139,1380,1519,0.1388
138,1377,1515,0.1388
137,1364,1501,0.1388
137,1369,1506,0.1388
135,1368,1503,0.1388
128,1384,1512,0.1388
128,1382,1510,0.1388
135,1381,1516,0.1388
137,1396,1533,0.1388
135,1383,1518,0.1388
137,1377,1514,0.1388
138,1375,1513,0.1388
140,1385,1525,0.1388
141,1383,1524,0.1388
143,1376,1519,0.1388
141,1371,1512,0.1388
140,1372,1512,0.1388
136,1369,1505,0.1388
139,1381,1520,0.1388
140,1391,1531,0.1388
141,1389,1530,0.1388
139,1385,1524,0.1388
137,1384,1521,0.1388
137,1389,1526,0.1388
135,1371,1506,0.1388
135,1380,1515,0.1388
132,1384,1516,0.1388
134,1377,1511,0.1388
132,1371,1503,0.1388
129,1372,1501,0.1388
125,1362,1487,0.1388
132,1376,1508,0.1388
131,1372,1503,0.1388
131,1364,1495,0.1388
129,1376,1505,0.1388
131,1382,1513,0.1388
132,1384,1516,0.1388
131,1384,1515,0.1388
132,1377,1509,0.1388
131,1378,1509,0.1388
131,1365,1496,0.1388
133,1380,1513,0.1388
133,1383,1516,0.1388
129,1378,1507,0.1388
130,1383,1513,0.1388
129,1379,1508,0.1388
130,1376,1506,0.1388
128,1394,1522,0.1388
131,1379,1510,0.1388
129,1396,1525,0.1388
132,1393,1525,0.1388
132,1389,1521,0.1388
132,1391,1523,0.1388
130,1382,1512,0.1388
127,1390,1517,0.1388
128,1389,1517,0.1388
129,1390,1519,0.1388
129,1381,1510,0.1388
127,1387,1514,0.1388
120,1376,1496,0.1388
125,1377,1502,0.1388
126,1376,1502,0.1388
127,1373,1500,0.1388
125,1379,1504,0.1388
122,1392,1514,0.1388
125,1392,1517,0.1388
124,1386,1510,0.1388
121,1396,1517,0.1388
122,1395,1517,0.1388
125,1387,1512,0.1388
124,1396,1520,0.1388
124,1398,1522,0.1388
124,1400,1524,0.1388
123,1398,1521,0.1388
119,1397,1516,0.1388
120,1414,1534,0.1388
119,1409,1528,0.1388
117,1405,1522,0.1388
118,1408,1526,0.1388
120,1394,1514,0.1388
119,1413,1532,0.1388
119,1408,1527,0.1388
118,1416,1534,0.1388
118,1410,1528,0.1388
117,1405,1522,0.1388
120,1404,1524,0.1388
119,1401,1520,0.1388
116,1402,1518,0.1388
116,1401,1517,0.1388
115,1407,1522,0.1388
113,1403,1516,0.1388
117,1406,1523,0.1388
115,1394,1509,0.1388
114,1398,1512,0.1388
117,1408,1525,0.1388
113,1405,1518,0.1388
115,1418,1533,0.1388
114,1408,1522,0.1388
115,1391,1506,0.1388
116,1388,1504,0.1388
115,1390,1505,0.1388
116,1394,1510,0.1388
116,1388,1504,0.1388
116,1390,1506,0.1388
116,1395,1511,0.1388
115,1402,1517,0.1388
114,1405,1519,0.1388
111,1402,1513,0.1388
113,1406,1519,0.1388
114,1413,1527,0.1388
115,1418,1533,0.1388
110,1409,1519,0.1388
112,1416,1528,0.1388
113,1411,1524,0.1388
114,1415,1529,0.1388
113,1405,1518,0.1388
113,1401,1514,0.1388
112,1389,1501,0.1388
110,1397,1507,0.1388
105,1395,1500,0.1388
109,1401,1510,0.1388
105,1395,1500,0.1388
103,1398,1501,0.1388
102,1401,1503,0.1388
103,1384,1487,0.1388
105,1401,1506,0.1388
108,1403,1511,0.1388
106,1406,1512,0.1388
106,1415,1521,0.1388
105,1412,1517,0.1388
105,1400,1505,0.1388
103,1412,1515,0.1388
101,1416,1517,0.1388
101,1419,1520,0.1388
99,1400,1499,0.1388
97,1406,1503,0.1388
103,1416,1519,0.1388
105,1410,1515,0.1388
102,1408,1510,0.1388
101,1416,1517,0.1388
99,1418,1517,0.1388
98,1416,1514,0.1388
100,1421,1521,0.1388
101,1418,1519,0.1388
99,1414,1513,0.1388
97,1417,1514,0.1388
95,1421,1516,0.1388
95,1423,1518,0.1388
96,1426,1522,0.1388
93,1431,1524,0.1388
91,1428,1519,0.1388
92,1425,1517,0.1388
90,1414,1504,0.1388
93,1423,1516,0.1388
94,1417,1511,0.1388
90,1402,1492,0.1388
92,1407,1499,0.1388
92,1418,1510,0.1388
93,1402,1495,0.1388
92,1429,1521,0.1388
92,1432,1524,0.1388
91,1424,1515,0.1388
91,1426,1517,0.1388
91,1422,1513,0.1388
98,1430,1528,0.1388
97,1429,1526,0.1388
96,1423,1519,0.1388
90,1423,1513,0.1388
91,1423,1514,0.1388
92,1414,1506,0.1388
92,1426,1518,0.1388
87,1428,1515,0.1388
85,1423,1508,0.1388
89,1433,1522,0.1388
88,1428,1516,0.1388
93,1424,1517,0.1388
94,1432,1526,0.1388
97,1439,1536,0.1388
98,1427,1525,0.1388
95,1426,1521,0.1388
94,1411,1505,0.1388
93,1403,1496,0.1388
94,1423,1517,0.1388
100,1410,1510,0.1388
102,1407,1509,0.1388
103,1406,1509,0.1388
102,1404,1506,0.1388
105,1409,1514,0.1388
104,1416,1520,0.1388
105,1419,1524,0.1388
105,1415,1520,0.1388
102,1409,1511,0.1388
102,1416,1518,0.1388
97,1419,1516,0.1388
96,1408,1504,0.1388
93,1402,1495,0.1388
90,1400,1490,0.1388
97,1402,1499,0.1388
98,1394,1492,0.1388
94,1403,1497,0.1388
95,1411,1506,0.1388
92,1406,1498,0.1388
94,1427,1521,0.1388
95,1418,1513,0.1388
94,1420,1514,0.1388
97,1417,1514,0.1388
96,1418,1514,0.1388
98,1416,1514,0.1388
96,1414,1510,0.1388
99,1422,1521,0.1388
99,1420,1519,0.1388
97,1430,1527,0.1388
94,1436,1530,0.1388
93,1431,1524,0.1388
96,1435,1531,0.1388
96,1419,1515,0.1388
94,1417,1511,0.1388
89,1415,1504,0.1388
90,1412,1502,0.1388
93,1399,1492,0.1388
91,1408,1499,0.1388
90,1420,1510,0.1388
89,1420,1509,0.1388
84,1426,1510,0.1388
85,1417,1502,0.1388
83,1413,1496,0.1388
82,1418,1500,0.1388
81,1414,1495,0.1388
80,1429,1509,0.1388
79,1428,1507,0.1388
74,1424,1498,0.1388
76,1425,1501,0.1388
76,1432,1508,0.1388
77,1441,1518,0.1388
74,1439,1513,0.1388
72,1439,1511,0.1388
72,1425,1497,0.1388
71,1431,1502,0.1388
68,1440,1508,0.1388
69,1435,1504,0.1388
70,1451,1521,0.1388
68,1460,1528,0.1388
71,1449,1520,0.1388
70,1452,1522,0.1388
69,1445,1514,0.1388
68,1438,1506,0.1388
69,1436,1505,0.1388
67,1453,1520,0.1388
68,1460,1528,0.1388
67,1447,1514,0.1388
68,1444,1512,0.1388
65,1450,1515,0.1388
67,1451,1518,0.1388
65,1431,1496,0.1388
68,1446,1514,0.1388
68,1440,1508,0.1388
68,1440,1508,0.1388
70,1444,1514,0.1388
68,1436,1504,0.1388
69,1453,1522,0.1388
70,1464,1534,0.1388
71,1454,1525,0.1388
71,1460,1531,0.1388
71,1459,1530,0.1388
71,1456,1527,0.1388
71,1456,1527,0.1388
72,1447,1519,0.1388
70,1447,1517,0.1388
69,1440,1509,0.1388
68,1450,1518,0.1388
67,1453,1520,0.1388
68,1447,1515,0.1388
68,1440,1508,0.1388
71,1440,1511,0.1388
72,1451,1523,0.1388
69,1463,1532,0.1388
69,1452,1521,0.1388
68,1463,1531,0.1388
68,1448,1516,0.1388
67,1449,1516,0.1388
65,1455,1520,0.1388
66,1454,1520,0.1388
65,1454,1519,0.1388
63,1448,1511,0.1388
63,1459,1522,0.1388
62,1442,1504,0.1388
62,1446,1508,0.1388
60,1454,1514,0.1388
58,1452,1510,0.1388
57,1451,1508,0.1388
58,1466,1524,0.1388
58,1463,1521,0.1388
55,1459,1514,0.1388
55,1458,1513,0.1388
53,1461,1514,0.1388
50,1465,1515,0.1388
48,1460,1508,0.1388
44,1466,1510,0.1388
47,1461,1508,0.1388
49,1460,1509,0.1388
48,1455,1503,0.1388
47,1471,1518,0.1388
43,1466,1509,0.1388
46,1465,1511,0.1388
46,1464,1510,0.1388
47,1459,1506,0.1388
45,1456,1501,0.1388
44,1457,1501,0.1388
40,1461,1501,0.1388
40,1468,1508,0.1388
40,1470,1510,0.1388
39,1475,1514,0.1388
42,1462,1504,0.1388
43,1456,1499,0.1388
43,1461,1504,0.1388
43,1468,1511,0.1388
42,1467,1509,0.1388
40,1457,1497,0.1388
41,1471,1512,0.1388
43,1456,1499,0.1388
39,1483,1522,0.1388
39,1481,1520,0.1388
40,1483,1523,0.1388
42,1475,1517,0.1388
44,1483,1527,0.1388
44,1471,1515,0.1388
44,1464,1508,0.1388
46,1469,1515,0.1388
47,1481,1528,0.1388
45,1496,1541,0.1388
43,1478,1521,0.1388
42,1486,1528,0.1388
41,1476,1517,0.1388
39,1470,1509,0.1388
39,1450,1489,0.1388
42,1455,1497,0.1388
42,1471,1513,0.1388
44,1466,1510,0.1388
45,1466,1511,0.1388
41,1473,1514,0.1388
41,1457,1498,0.1388
45,1460,1505,0.1388
46,1470,1516,0.1388
49,1462,1511,0.1388
49,1459,1508,0.1388
48,1467,1515,0.1388
48,1472,1520,0.1388
49,1457,1506,0.1388
48,1460,1508,0.1388
48,1453,1501,0.1388
47,1469,1516,0.1388
47,1466,1513,0.1388
48,1464,1512,0.1388
48,1449,1497,0.1388
47,1444,1491,0.1388
47,1452,1499,0.1388
49,1455,1504,0.1388
49,1471,1520,0.1388
51,1469,1520,0.1388
50,1467,1517,0.1388
50,1470,1520,0.1388
50,1478,1528,0.1388
50,1480,1530,0.1388
51,1479,1530,0.1388
49,1472,1521,0.1388
51,1460,1511,0.1388
49,1471,1520,0.1388
50,1476,1526,0.1388
52,1477,1529,0.1388
50,1477,1527,0.1388
49,1471,1520,0.1388
47,1456,1503,0.1388
46,1468,1514,0.1388
45,1468,1513,0.1388
46,1457,1503,0.1388
48,1450,1498,0.1388
46,1458,1504,0.1388
44,1453,1497,0.1388
45,1449,1494,0.1388
45,1456,1501,0.1388
45,1473,1518,0.1388
45,1477,1522,0.1388
44,1470,1514,0.1388
46,1471,1517,0.1388
46,1459,1505,0.1388
44,1484,1528,0.1388
42,1493,1535,0.1388
46,1488,1534,0.1388
47,1482,1529,0.1388
47,1490,1537,0.1388
47,1481,1528,0.1388
45,1477,1522,0.1388
45,1470,1515,0.1388
45,1478,1523,0.1388
45,1467,1512,0.1388
46,1477,1523,0.1388
46,1492,1538,0.1388
45,1485,1530,0.1388
44,1474,1518,0.1388
44,1467,1511,0.1388
42,1477,1519,0.1388
42,1475,1517,0.1388
39,1485,1524,0.1388
38,1475,1513,0.1388
40,1479,1519,0.1388
41,1480,1521,0.1388
41,1483,1524,0.1388
40,1471,1511,0.1388
40,1460,1500,0.1388
42,1470,1512,0.1388
40,1478,1518,0.1388
41,1483,1524,0.1388
38,1480,1518,0.1388
38,1468,1506,0.1388
37,1470,1507,0.1388
38,1461,1499,0.1388
38,1470,1508,0.1388
39,1476,1515,0.1388
40,1495,1535,0.1388
40,1488,1528,0.1388
37,1483,1520,0.1388
36,1487,1523,0.1388
35,1474,1509,0.1388
35,1482,1517,0.1388
36,1484,1520,0.1388
35,1477,1512,0.1388
34,1483,1517,0.1388
34,1486,1520,0.1388
35,1479,1514,0.1388
34,1477,1511,0.1388
35,1481,1516,0.1388
34,1487,1521,0.1388
34,1481,1515,0.1388
32,1478,1510,0.1388
33,1492,1525,0.1388
33,1477,1510,0.1388
35,1487,1522,0.1388
33,1489,1522,0.1388
34,1496,1530,0.1388
35,1497,1532,0.1388
34,1498,1532,0.1388
35,1480,1515,0.1388
35,1477,1512,0.1388
34,1482,1516,0.1388
35,1480,1515,0.1388
36,1470,1506,0.1388
37,1475,1512,0.1388
36,1482,1518,0.1388
35,1486,1521,0.1388
40,1486,1526,0.1388
37,1480,1517,0.1388
39,1466,1505,0.1388
38,1466,1504,0.1388
38,1476,1514,0.1388
37,1475,1512,0.1388
38,1470,1508,0.1388
36,1467,1503,0.1388
35,1463,1498,0.1388
34,1472,1506,0.1388
34,1469,1503,0.1388
35,1483,1518,0.1388
34,1486,1520,0.1388
34,1473,1507,0.1388
34,1469,1503,0.1388
34,1471,1505,0.1388
33,1467,1500,0.1388
32,1474,1506,0.1388
33,1480,1513,0.1388
31,1486,1517,0.1388
32,1498,1530,0.1388
31,1502,1533,0.1388
31,1497,1528,0.1388
31,1498,1529,0.1388
31,1483,1514,0.1388
32,1492,1524,0.1388
33,1492,1525,0.1388
34,1486,1520,0.1388
34,1479,1513,0.1388
32,1489,1521,0.1388
33,1480,1513,0.1388
33,1497,1530,0.1388
32,1483,1515,0.1388
30,1485,1515,0.1388
31,1483,1514,0.1388
31,1496,1527,0.1388
31,1502,1533,0.1388
30,1501,1531,0.1388
32,1497,1529,0.1388
32,1494,1526,0.1388
33,1494,1527,0.1388
32,1485,1517,0.1388
32,1480,1512,0.1388
29,1476,1505,0.1388
29,1474,1503,0.1388
27,1478,1505,0.1388
28,1478,1506,0.1388
28,1474,1502,0.1388
28,1474,1502,0.1388
30,1481,1511,0.1388
30,1487,1517,0.1388
31,1490,1521,0.1388
30,1471,1501,0.1388
31,1465,1496,0.1388
32,1474,1506,0.1388
31,1487,1518,0.1388
30,1501,1531,0.1388
31,1488,1519,0.1388
31,1478,1509,0.1388
32,1483,1515,0.1388
31,1471,1502,0.1388
29,1477,1506,0.1388
29,1480,1509,0.1388
29,1479,1508,0.1388
28,1486,1514,0.1388
27,1485,1512,0.1388
27,1476,1503,0.1388
25,1492,1517,0.1388
25,1476,1501,0.1388
24,1480,1504,0.1388
26,1485,1511,0.1388
28,1486,1514,0.1388
27,1497,1524,0.1388
28,1494,1522,0.1388
28,1487,1515,0.1388
29,1477,1506,0.1388
30,1486,1516,0.1388
30,1487,1517,0.1388
29,1490,1519,0.1388
29,1505,1534,0.1388
30,1497,1527,0.1388
29,1477,1506,0.1388
27,1490,1517,0.1388
27,1494,1521,0.1388
28,1490,1518,0.1388
28,1481,1509,0.1388
29,1477,1506,0.1388
29,1485,1514,0.1388
27,1494,1521,0.1388
26,1497,1523,0.1388
25,1497,1522,0.1388
25,1498,1523,0.1388
26,1501,1527,0.1388
26,1514,1540,0.1388
25,1502,1527,0.1388
25,1496,1521,0.1388
25,1483,1508,0.1388
25,1484,1509,0.1388
26,1487,1513,0.1388
26,1497,1523,0.1388
26,1498,1524,0.1388
26,1496,1522,0.1388
26,1487,1513,0.1388
27,1493,1520,0.1388
26,1496,1522,0.1388
26,1492,1518,0.1388
27,1477,1504,0.1388
29,1483,1512,0.1388
30,1478,1508,0.1388
28,1473,1501,0.1388
27,1486,1513,0.1388
27,1481,1508,0.1388
27,1478,1505,0.1388
27,1483,1510,0.1388
26,1488,1514,0.1388
27,1483,1510,0.1388
26,1488,1514,0.1388
26,1492,1518,0.1388
27,1484,1511,0.1388
27,1488,1515,0.1388
26,1484,1510,0.1388
25,1492,1517,0.1388
22,1484,1506,0.1388
23,1490,1513,0.1388
23,1483,1506,0.1388
23,1492,1515,0.1388
22,1491,1513,0.1388
21,1478,1499,0.1388
18,1488,1506,0.1388
20,1481,1501,0.1388
21,1490,1511,0.1388
19,1497,1516,0.1388
19,1499,1518,0.1388
20,1502,1522,0.1388
20,1498,1518,0.1388
20,1494,1514,0.1388
21,1494,1515,0.1388
21,1483,1504,0.1388
20,1495,1515,0.1388
19,1484,1503,0.1388
19,1501,1520,0.1388
19,1508,1527,0.1388
19,1507,1526,0.1388
18,1501,1519,0.1388
17,1512,1529,0.1388
17,1492,1509,0.1388
16,1490,1506,0.1388
16,1502,1518,0.1388
16,1509,1525,0.1388
17,1496,1513,0.1388
17,1493,1510,0.1388
16,1494,1510,0.1388
16,1490,1506,0.1388
17,1495,1512,0.1388
17,1498,1515,0.1388
17,1502,1519,0.1388
16,1489,1505,0.1388
17,1496,1513,0.1388
16,1487,1503,0.1388
17,1508,1525,0.1388
16,1498,1514,0.1388
16,1485,1501,0.1388
15,1482,1497,0.1388
15,1489,1504,0.1388
14,1490,1504,0.1388
13,1489,1502,0.1388
12,1501,1513,0.1388
13,1496,1509,0.1388
13,1507,1520,0.1388
13,1507,1520,0.1388
13,1506,1519,0.1388
13,1491,1504,0.1388
13,1493,1506,0.1388
13,1504,1517,0.1388
13,1502,1515,0.1388
13,1500,1513,0.1388
13,1500,1513,0.1388
13,1507,1520,0.1388
13,1512,1525,0.1388
13,1514,1527,0.1388
13,1516,1529,0.1388
14,1500,1514,0.1388
14,1477,1491,0.1388
12,1482,1494,0.1388
11,1507,1518,0.1388
11,1494,1505,0.1388
11,1504,1515,0.1388
11,1503,1514,0.1388
10,1509,1519,0.1388
9,1502,1511,0.1388
9,1504,1513,0.1388
10,1494,1504,0.1388
10,1494,1504,0.1388
10,1499,1509,0.1388
9,1508,1517,0.1388
9,1508,1517,0.1388
9,1515,1524,0.1388
9,1508,1517,0.1388
9,1510,1519,0.1388
10,1499,1509,0.1388
11,1509,1520,0.1388
11,1514,1525,0.1388
10,1514,1524,0.1388
10,1508,1518,0.1388
10,1499,1509,0.1388
9,1495,1504,0.1388
8,1491,1499,0.1388
9,1496,1505,0.1388
9,1504,1513,0.1388
10,1508,1518,0.1388
10,1511,1521,0.1388
12,1514,1526,0.1388
11,1511,1522,0.1388
12,1513,1525,0.1388
12,1509,1521,0.1388
12,1516,1528,0.1388
12,1523,1535,0.1388
10,1512,1522,0.1388
10,1513,1523,0.1388
10,1496,1506,0.1388
10,1501,1511,0.1388
9,1506,1515,0.1388
9,1503,1512,0.1388
9,1511,1520,0.1388
9,1506,1515,0.1388
9,1513,1522,0.1388
9,1524,1533,0.1388
9,1530,1539,0.1388
10,1513,1523,0.1388
10,1508,1518,0.1388
11,1490,1501,0.1388
10,1496,1506,0.1388
9,1504,1513,0.1388
8,1508,1516,0.1388
8,1497,1505,0.1388
7,1505,1512,0.1388
7,1513,1520,0.1388
7,1512,1519,0.1388
6,1506,1512,0.1388
6,1507,1513,0.1388
6,1498,1504,0.1388
6,1501,1507,0.1388
6,1507,1513,0.1388
6,1512,1518,0.1388
6,1518,1524,0.1388
6,1515,1521,0.1388
6,1514,1520,0.1388
5,1496,1501,0.1388
6,1508,1514,0.1388
6,1523,1529,0.1388
6,1529,1535,0.1388
6,1516,1522,0.1388
7,1512,1519,0.1388
7,1524,1531,0.1388
7,1525,1532,0.1388
8,1531,1539,0.1388
5,1524,1529,0.1388
5,1511,1516,0.1388
6,1504,1510,0.1388
6,1498,1504,0.1388
6,1499,1505,0.1388
5,1505,1510,0.1388
4,1517,1521,0.1388
5,1518,1523,0.1388
5,1518,1523,0.1388
5,1522,1527,0.1388
6,1520,1526,0.1388
6,1493,1499,0.1388
6,1505,1511,0.1388
6,1501,1507,0.1388
5,1519,1524,0.1388
7,1521,1528,0.1388
7,1508,1515,0.1388
7,1510,1517,0.1388
9,1495,1504,0.1388
9,1502,1511,0.1388
9,1513,1522,0.1388
8,1510,1518,0.1388
7,1514,1521,0.1388
8,1507,1515,0.1388
8,1515,1523,0.1388
7,1507,1514,0.1388
8,1520,1528,0.1388
8,1509,1517,0.1388
8,1502,1510,0.1388
7,1514,1521,0.1388
7,1509,1516,0.1388
7,1501,1508,0.1388
7,1495,1502,0.1388
7,1489,1496,0.1388
7,1488,1495,0.1388
7,1505,1512,0.1388
7,1519,1526,0.1388
7,1525,1532,0.1388
7,1519,1526,0.1388
7,1514,1521,0.1388
8,1522,1530,0.1388
9,1507,1516,0.1388
8,1504,1512,0.1388
8,1509,1517,0.1388
9,1503,1512,0.1388
9,1504,1513,0.1388
9,1513,1522,0.1388
8,1523,1531,0.1388
8,1521,1529,0.1388
8,1522,1530,0.1388
7,1515,1522,0.1388
6,1526,1532,0.1388
6,1521,1527,0.1388
6,1510,1516,0.1388
5,1502,1507,0.1388
5,1514,1519,0.1388
4,1512,1516,0.1388
4,1511,1515,0.1388
4,1500,1504,0.1388
4,1511,1515,0.1388
4,1508,1512,0.1388
4,1526,1530,0.1388
5,1516,1521,0.1388
4,1522,1526,0.1388
4,1498,1502,0.1388
4,1508,1512,0.1388
4,1512,1516,0.1388
4,1510,1514,0.1388
4,1513,1517,0.1388
4,1510,1514,0.1388
4,1504,1508,0.1388
4,1509,1513,0.1388
3,1506,1509,0.1388
3,1510,1513,0.1388
3,1511,1514,0.1388
3,1513,1516,0.1388
3,1508,1511,0.1388
3,1508,1511,0.1388
3,1512,1515,0.1388
3,1511,1514,0.1388
3,1510,1513,0.1388
3,1496,1499,0.1388
3,1501,1504,0.1388
3,1502,1505,0.1388
3,1503,1506,0.1388
3,1513,1516,0.1388
3,1521,1524,0.1388
3,1517,1520,0.1388
4,1525,1529,0.1388
4,1511,1515,0.1388
4,1515,1519,0.1388
4,1519,1523,0.1388
4,1505,1509,0.1388
4,1504,1508,0.1388
4,1518,1522,0.1388
4,1515,1519,0.1388
4,1512,1516,0.1388
3,1530,1533,0.1388
3,1519,1522,0.1388
3,1510,1513,0.1388
3,1508,1511,0.1388
3,1508,1511,0.1388
3,1513,1516,0.1388
3,1507,1510,0.1388
3,1511,1514,0.1388
2,1509,1511,0.1388
2,1513,1515,0.1388
2,1519,1521,0.1388
2,1523,1525,0.1388
2,1524,1526,0.1388
2,1520,1522,0.1388
2,1518,1520,0.1388
2,1507,1509,0.1388
3,1514,1517,0.1388
3,1511,1514,0.1388
3,1509,1512,0.1388
3,1506,1509,0.1388
3,1516,1519,0.1388
3,1514,1517,0.1388
3,1517,1520,0.1388
3,1499,1502,0.1388
3,1501,1504,0.1388
3,1518,1521,0.1388
3,1513,1516,0.1388
3,1505,1508,0.1388
3,1503,1506,0.1388
3,1506,1509,0.1388
3,1507,1510,0.1388
3,1504,1507,0.1388
3,1515,1518,0.1388
2,1515,1517,0.1388
3,1516,1519,0.1388
3,1518,1521,0.1388
3,1511,1514,0.1388
3,1516,1519,0.1388
3,1508,1511,0.1388
3,1503,1506,0.1388
3,1497,1500,0.1388
3,1491,1494,0.1388
4,1506,1510,0.1388
4,1513,1517,0.1388
3,1517,1520,0.1388
3,1508,1511,0.1388
3,1526,1529,0.1388
3,1516,1519,0.1388
3,1507,1510,0.1388
3,1518,1521,0.1388
3,1505,1508,0.1388
3,1504,1507,0.1388
3,1511,1514,0.1388
3,1515,1518,0.1388
3,1524,1527,0.1388
3,1505,1508,0.1388
3,1511,1514,0.1388
3,1502,1505,0.1388
3,1520,1523,0.1388
3,1521,1524,0.1388
3,1527,1530,0.1388
3,1521,1524,0.1388
3,1516,1519,0.1388
3,1514,1517,0.1388
3,1511,1514,0.1388
3,1516,1519,0.1388
3,1519,1522,0.1388
3,1524,1527,0.1388
3,1521,1524,0.1388
3,1518,1521,0.1388
3,1519,1522,0.1388
3,1516,1519,0.1388
3,1513,1516,0.1388
3,1511,1514,0.1388
3,1514,1517,0.1388
3,1512,1515,0.1388
3,1500,1503,0.1388
3,1497,1500,0.1388
3,1501,1504,0.1388
3,1508,1511,0.1388
3,1509,1512,0.1388
3,1509,1512,0.1388
3,1504,1507,0.1388
2,1520,1522,0.1388
2,1521,1523,0.1388
2,1513,1515,0.1388
2,1521,1523,0.1388
2,1516,1518,0.1388
2,1504,1506,0.1388
2,1514,1516,0.1388
2,1522,1524,0.1388
2,1526,1528,0.1388
3,1523,1526,0.1388
3,1530,1533,0.1388
3,1516,1519,0.1388
3,1516,1519,0.1388
3,1506,1509,0.1388
3,1519,1522,0.1388
3,1521,1524,0.1388
4,1515,1519,0.1388
4,1502,1506,0.1388
4,1505,1509,0.1388
4,1517,1521,0.1388
4,1523,1527,0.1388
4,1536,1540,0.1388
4,1531,1535,0.1388
3,1504,1507,0.1388
3,1505,1508,0.1388
3,1501,1504,0.1388
3,1505,1508,0.1388
3,1497,1500,0.1388
3,1509,1512,0.1388
4,1495,1499,0.1388
4,1493,1497,0.1388
4,1493,1497,0.1388
4,1497,1501,0.1388
4,1492,1496,0.1388
4,1502,1506,0.1388
4,1513,1517,0.1388
3,1515,1518,0.1388
3,1500,1503,0.1388
3,1513,1516,0.1388
3,1501,1504,0.1388
3,1494,1497,0.1388
3,1486,1489,0.1388
3,1489,1492,0.1388
3,1500,1503,0.1388
3,1514,1517,0.1388
3,1537,1540,0.1388
3,1528,1531,0.1388
3,1523,1526,0.1388
3,1515,1518,0.1388
3,1502,1505,0.1388
4,1501,1505,0.1388
5,1490,1495,0.1388
5,1509,1514,0.1388
5,1498,1503,0.1388
5,1488,1493,0.1388
5,1500,1505,0.1388
5,1511,1516,0.1388
5,1509,1514,0.1388
5,1517,1522,0.1388
5,1522,1527,0.1388
5,1521,1526,0.1388
5,1506,1511,0.1388
5,1509,1514,0.1388
5,1504,1509,0.1388
5,1513,1518,0.1388
5,1512,1517,0.1388
5,1502,1507,0.1388
5,1492,1497,0.1388
5,1488,1493,0.1388
5,1493,1498,0.1388
5,1505,1510,0.1388
5,1515,1520,0.1388
5,1514,1519,0.1388
5,1514,1519,0.1388
6,1509,1515,0.1388
6,1496,1502,0.1388
6,1506,1512,0.1388
4,1507,1511,0.1388
4,1509,1513,0.1388
4,1511,1515,0.1388
3,1511,1514,0.1388
3,1517,1520,0.1388
3,1529,1532,0.1388
3,1527,1530,0.1388
3,1522,1525,0.1388
3,1518,1521,0.1388
3,1514,1517,0.1388
2,1506,1508,0.1388
2,1507,1509,0.1388
2,1514,1516,0.1388
2,1515,1517,0.1388
2,1501,1503,0.1388
2,1505,1507,0.1388
2,1510,1512,0.1388
2,1514,1516,0.1388
2,1512,1514,0.1388
1,1508,1509,0.1388
1,1519,1520,0.1388
1,1504,1505,0.1388
2,1499,1501,0.1388
2,1525,1527,0.1388
2,1514,1516,0.1388
1,1524,1525,0.1388
0,1523,1523,0.1388
