1362,28,1390,0.1388
1384,28,1412,0.1388
1392,29,1421,0.1388
1400,31,1431,0.1388
1436,33,1469,0.1388
1437,36,1473,0.1388
1437,35,1472,0.1388
1436,37,1473,0.1388
1449,36,1485,0.1388
1442,35,1477,0.1388
1458,33,1491,0.1388
1465,34,1499,0.1388
1455,36,1491,0.1388
1446,34,1480,0.1388
1447,35,1482,0.1388
1458,36,1494,0.1388
1469,35,1504,0.1388
1465,38,1503,0.1388
1472,37,1509,0.1388
1459,37,1496,0.1388
1452,37,1489,0.1388
1451,38,1489,0.1388
1448,38,1486,0.1388
1448,37,1485,0.1388
1459,37,1496,0.1388
1460,39,1499,0.1388
1465,37,1502,0.1388
1457,38,1495,0.1388
1447,37,1484,0.1388
1447,37,1484,0.1388
1455,36,1491,0.1388
1456,37,1493,0.1388
1442,33,1475,0.1388
1453,33,1486,0.1388
1452,34,1486,0.1388
1467,35,1502,0.1388
1471,36,1507,0.1388
1471,36,1507,0.1388
1465,35,1500,0.1388
1459,37,1496,0.1388
1453,38,1491,0.1388
1446,39,1485,0.1388
1434,41,1475,0.1388
1428,40,1468,0.1388
1436,42,1478,0.1388
1447,40,1487,0.1388
1449,38,1487,0.1388
1457,37,1494,0.1388
1456,37,1493,0.1388
1442,38,1480,0.1388
1449,37,1486,0.1388
1456,37,1493,0.1388
1455,38,1493,0.1388
1448,37,1485,0.1388
1451,40,1491,0.1388
1449,38,1487,0.1388
1443,40,1483,0.1388
1440,39,1479,0.1388
1441,39,1480,0.1388
1453,37,1490,0.1388
1459,35,1494,0.1388
1452,36,1488,0.1388
1444,39,1483,0.1388
1446,38,1484,0.1388
1454,36,1490,0.1388
1448,37,1485,0.1388
1459,39,1498,0.1388
1460,41,1501,0.1388
1463,41,1504,0.1388
1460,40,1500,0.1388
1449,40,1489,0.1388
1446,42,1488,0.1388
1451,43,1494,0.1388
1461,41,1502,0.1388
1462,43,1505,0.1388
1453,43,1496,0.1388
1464,42,1506,0.1388
1459,42,1501,0.1388
1453,40,1493,0.1388
1448,42,1490,0.1388
1452,43,1495,0.1388
1458,43,1501,0.1388
1453,45,1498,0.1388
1447,46,1493,0.1388
1447,44,1491,0.1388
1437,44,1481,0.1388
1438,44,1482,0.1388
1439,45,1484,0.1388
1453,45,1498,0.1388
1459,47,1506,0.1388
1464,46,1510,0.1388
1467,48,1515,0.1388
1468,48,1516,0.1388
1467,44,1511,0.1388
1460,46,1506,0.1388
1459,45,1504,0.1388
1458,46,1504,0.1388
1458,46,1504,0.1388
1459,46,1505,0.1388
1447,45,1492,0.1388
1445,43,1488,0.1388
1440,46,1486,0.1388
1436,50,1486,0.1388
1443,52,1495,0.1388
1440,52,1492,0.1388
1429,53,1482,0.1388
1440,54,1494,0.1388
1449,54,1503,0.1388
1462,53,1515,0.1388
1441,51,1492,0.1388
1445,52,1497,0.1388
1438,52,1490,0.1388
1436,51,1487,0.1388
1439,47,1486,0.1388
1439,46,1485,0.1388
1444,45,1489,0.1388
1453,43,1496,0.1388
1450,42,1492,0.1388
1442,41,1483,0.1388
1442,43,1485,0.1388
1442,43,1485,0.1388
1440,43,1483,0.1388
1435,43,1478,0.1388
1439,43,1482,0.1388
1452,45,1497,0.1388
1453,46,1499,0.1388
1448,47,1495,0.1388
1431,47,1478,0.1388
1455,48,1503,0.1388
1451,45,1496,0.1388
1458,46,1504,0.1388
1457,46,1503,0.1388
1451,46,1497,0.1388
1455,48,1503,0.1388
1450,47,1497,0.1388
1445,48,1493,0.1388
1455,48,1503,0.1388
1451,49,1500,0.1388
1441,48,1489,0.1388
1442,51,1493,0.1388
1437,56,1493,0.1388
1445,58,1503,0.1388
1438,60,1498,0.1388
1435,60,1495,0.1388
1433,60,1493,0.1388
1426,60,1486,0.1388
1436,63,1499,0.1388
1437,63,1500,0.1388
1438,63,1501,0.1388
1425,66,1491,0.1388
1411,68,1479,0.1388
1419,67,1486,0.1388
1422,66,1488,0.1388
1420,65,1485,0.1388
1428,65,1493,0.1388
1426,65,1491,0.1388
1425,65,1490,0.1388
1426,63,1489,0.1388
1420,61,1481,0.1388
1425,61,1486,0.1388
1437,63,1500,0.1388
1432,59,1491,0.1388
1433,56,1489,0.1388
1429,58,1487,0.1388
1425,61,1486,0.1388
1427,60,1487,0.1388
1416,59,1475,0.1388
1396,58,1454,0.1388
1400,56,1456,0.1388
1397,58,1455,0.1388
1418,57,1475,0.1388
1420,57,1477,0.1388
1414,57,1471,0.1388
1422,58,1480,0.1388
1428,57,1485,0.1388
1434,57,1491,0.1388
1430,58,1488,0.1388
1430,56,1486,0.1388
1433,55,1488,0.1388
1432,58,1490,0.1388
1429,58,1487,0.1388
1433,62,1495,0.1388
1435,60,1495,0.1388
1439,59,1498,0.1388
1434,59,1493,0.1388
1421,58,1479,0.1388
1423,63,1486,0.1388
1428,65,1493,0.1388
1423,66,1489,0.1388
1426,65,1491,0.1388
1423,63,1486,0.1388
1431,63,1494,0.1388
1416,64,1480,0.1388
1414,65,1479,0.1388
1409,68,1477,0.1388
1410,68,1478,0.1388
1419,70,1489,0.1388
1419,68,1487,0.1388
1431,65,1496,0.1388
1438,68,1506,0.1388
1434,67,1501,0.1388
1446,68,1514,0.1388
1435,70,1505,0.1388
1428,69,1497,0.1388
1430,69,1499,0.1388
1436,67,1503,0.1388
1427,69,1496,0.1388
1424,72,1496,0.1388
1416,71,1487,0.1388
1405,72,1477,0.1388
1411,72,1483,0.1388
1415,68,1483,0.1388
1398,67,1465,0.1388
1425,68,1493,0.1388
1421,70,1491,0.1388
1435,71,1506,0.1388
1445,72,1517,0.1388
1437,71,1508,0.1388
1427,74,1501,0.1388
1425,77,1502,0.1388
1418,76,1494,0.1388
1422,78,1500,0.1388
1423,73,1496,0.1388
1416,73,1489,0.1388
1418,74,1492,0.1388
1418,77,1495,0.1388
1415,77,1492,0.1388
1410,79,1489,0.1388
1411,82,1493,0.1388
1399,81,1480,0.1388
1403,77,1480,0.1388
1412,77,1489,0.1388
1420,80,1500,0.1388
1420,80,1500,0.1388
1421,80,1501,0.1388
1420,82,1502,0.1388
1422,81,1503,0.1388
1411,81,1492,0.1388
1407,81,1488,0.1388
1412,83,1495,0.1388
1409,83,1492,0.1388
1398,81,1479,0.1388
1408,83,1491,0.1388
1424,83,1507,0.1388
1422,83,1505,0.1388
1401,84,1485,0.1388
1406,87,1493,0.1388
1418,85,1503,0.1388
1423,86,1509,0.1388
1415,87,1502,0.1388
1405,88,1493,0.1388
1402,87,1489,0.1388
1393,85,1478,0.1388
1403,89,1492,0.1388
1410,87,1497,0.1388
1414,84,1498,0.1388
1417,82,1499,0.1388
1415,82,1497,0.1388
1415,85,1500,0.1388
1430,86,1516,0.1388
1426,86,1512,0.1388
1424,85,1509,0.1388
1418,83,1501,0.1388
1423,82,1505,0.1388
1414,82,1496,0.1388
1415,82,1497,0.1388
1414,83,1497,0.1388
1410,85,1495,0.1388
1412,85,1497,0.1388
1418,81,1499,0.1388
1421,83,1504,0.1388
1412,81,1493,0.1388
1425,83,1508,0.1388
1419,80,1499,0.1388
1421,77,1498,0.1388
1419,79,1498,0.1388
1413,82,1495,0.1388
1416,78,1494,0.1388
1410,79,1489,0.1388
1408,80,1488,0.1388
1411,80,1491,0.1388
1394,80,1474,0.1388
1383,75,1458,0.1388
1380,75,1455,0.1388
1386,75,1461,0.1388
1391,74,1465,0.1388
1394,77,1471,0.1388
1397,75,1472,0.1388
1403,75,1478,0.1388
1417,77,1494,0.1388
1409,79,1488,0.1388
1403,80,1483,0.1388
1407,79,1486,0.1388
1424,77,1501,0.1388
1415,76,1491,0.1388
1421,74,1495,0.1388
1424,71,1495,0.1388
1427,71,1498,0.1388
1424,70,1494,0.1388
1423,68,1491,0.1388
1423,70,1493,0.1388
1419,67,1486,0.1388
1436,68,1504,0.1388
1444,66,1510,0.1388
1444,65,1509,0.1388
1446,65,1511,0.1388
1448,65,1513,0.1388
1453,64,1517,0.1388
1442,64,1506,0.1388
1441,63,1504,0.1388
1435,64,1499,0.1388
1410,63,1473,0.1388
1422,69,1491,0.1388
1421,67,1488,0.1388
1422,69,1491,0.1388
1417,70,1487,0.1388
1431,71,1502,0.1388
1436,70,1506,0.1388
1431,68,1499,0.1388
1445,66,1511,0.1388
1446,67,1513,0.1388
1434,66,1500,0.1388
1425,65,1490,0.1388
1428,64,1492,0.1388
1425,64,1489,0.1388
1434,65,1499,0.1388
1427,67,1494,0.1388
1432,66,1498,0.1388
1435,69,1504,0.1388
1447,68,1515,0.1388
1440,67,1507,0.1388
1444,68,1512,0.1388
1419,71,1490,0.1388
1424,70,1494,0.1388
1416,71,1487,0.1388
1404,73,1477,0.1388
1427,73,1500,0.1388
1418,76,1494,0.1388
1422,73,1495,0.1388
1429,74,1503,0.1388
1430,76,1506,0.1388
1415,75,1490,0.1388
1422,75,1497,0.1388
1425,72,1497,0.1388
1416,73,1489,0.1388
1413,73,1486,0.1388
1417,75,1492,0.1388
1420,78,1498,0.1388
1411,77,1488,0.1388
1400,77,1477,0.1388
1406,77,1483,0.1388
1410,78,1488,0.1388
1412,78,1490,0.1388
1411,77,1488,0.1388
1407,77,1484,0.1388
1411,77,1488,0.1388
1409,77,1486,0.1388
1395,77,1472,0.1388
1406,74,1480,0.1388
1421,78,1499,0.1388
1427,79,1506,0.1388
1425,82,1507,0.1388
1420,80,1500,0.1388
1417,82,1499,0.1388
1425,82,1507,0.1388
1431,80,1511,0.1388
1428,79,1507,0.1388
1432,80,1512,0.1388
1425,82,1507,0.1388
1412,81,1493,0.1388
1398,80,1478,0.1388
1394,79,1473,0.1388
1399,83,1482,0.1388
1399,84,1483,0.1388
1404,83,1487,0.1388
1405,81,1486,0.1388
1400,80,1480,0.1388
1412,81,1493,0.1388
1407,80,1487,0.1388
1413,82,1495,0.1388
1400,83,1483,0.1388
1391,85,1476,0.1388
1405,85,1490,0.1388
1385,84,1469,0.1388
1387,90,1477,0.1388
1395,93,1488,0.1388
1392,93,1485,0.1388
1379,86,1465,0.1388
1382,89,1471,0.1388
1394,86,1480,0.1388
1393,88,1481,0.1388
1393,89,1482,0.1388
1394,93,1487,0.1388
1400,93,1493,0.1388
1406,95,1501,0.1388
1415,93,1508,0.1388
1403,91,1494,0.1388
1409,94,1503,0.1388
1405,94,1499,0.1388
1396,93,1489,0.1388
1391,92,1483,0.1388
1402,86,1488,0.1388
1397,85,1482,0.1388
1393,85,1478,0.1388
1397,87,1484,0.1388
1390,92,1482,0.1388
1395,95,1490,0.1388
1379,95,1474,0.1388
1382,94,1476,0.1388
1381,95,1476,0.1388
1393,95,1488,0.1388
1405,93,1498,0.1388
1410,96,1506,0.1388
1407,95,1502,0.1388
1408,96,1504,0.1388
1423,95,1518,0.1388
1408,96,1504,0.1388
1397,95,1492,0.1388
1383,96,1479,0.1388
1393,99,1492,0.1388
1388,99,1487,0.1388
1389,99,1488,0.1388
1386,98,1484,0.1388
1386,102,1488,0.1388
1383,106,1489,0.1388
1391,102,1493,0.1388
1389,104,1493,0.1388
1388,101,1489,0.1388
1380,103,1483,0.1388
1390,101,1491,0.1388
1388,99,1487,0.1388
1397,98,1495,0.1388
1387,102,1489,0.1388
1384,100,1484,0.1388
1387,102,1489,0.1388
1380,100,1480,0.1388
1382,101,1483,0.1388
1381,104,1485,0.1388
1379,107,1486,0.1388
1379,106,1485,0.1388
1376,106,1482,0.1388
1382,105,1487,0.1388
1389,103,1492,0.1388
1379,103,1482,0.1388
1382,103,1485,0.1388
1394,108,1502,0.1388
1393,106,1499,0.1388
1381,107,1488,0.1388
1388,106,1494,0.1388
1404,106,1510,0.1388
1397,111,1508,0.1388
1394,112,1506,0.1388
1398,106,1504,0.1388
1396,105,1501,0.1388
1406,104,1510,0.1388
1416,100,1516,0.1388
1406,99,1505,0.1388
1396,101,1497,0.1388
1394,99,1493,0.1388
1397,101,1498,0.1388
1402,100,1502,0.1388
1388,99,1487,0.1388
1395,104,1499,0.1388
1392,102,1494,0.1388
1401,104,1505,0.1388
1391,108,1499,0.1388
1386,110,1496,0.1388
1392,111,1503,0.1388
1396,113,1509,0.1388
1402,112,1514,0.1388
1395,114,1509,0.1388
1392,118,1510,0.1388
1387,116,1503,0.1388
1368,119,1487,0.1388
1371,119,1490,0.1388
1385,119,1504,0.1388
1390,117,1507,0.1388
1379,120,1499,0.1388
1378,119,1497,0.1388
1374,116,1490,0.1388
1390,115,1505,0.1388
1380,113,1493,0.1388
1365,112,1477,0.1388
1385,114,1499,0.1388
1387,112,1499,0.1388
1377,111,1488,0.1388
1394,117,1511,0.1388
1398,117,1515,0.1388
1385,116,1501,0.1388
1380,116,1496,0.1388
1378,110,1488,0.1388
1388,114,1502,0.1388
1386,120,1506,0.1388
1370,122,1492,0.1388
1373,124,1497,0.1388
1374,121,1495,0.1388
1369,123,1492,0.1388
1375,129,1504,0.1388
1372,126,1498,0.1388
1380,126,1506,0.1388
1378,128,1506,0.1388
1376,131,1507,0.1388
1372,133,1505,0.1388
1369,132,1501,0.1388
1359,132,1491,0.1388
1354,131,1485,0.1388
1350,138,1488,0.1388
1339,141,1480,0.1388
1360,146,1506,0.1388
1355,148,1503,0.1388
1354,148,1502,0.1388
1343,147,1490,0.1388
1341,149,1490,0.1388
1351,144,1495,0.1388
1350,142,1492,0.1388
1351,142,1493,0.1388
1359,138,1497,0.1388
1363,140,1503,0.1388
1360,141,1501,0.1388
1373,137,1510,0.1388
1377,135,1512,0.1388
1384,131,1515,0.1388
1374,134,1508,0.1388
1366,132,1498,0.1388
1374,134,1508,0.1388
1379,131,1510,0.1388
1377,128,1505,0.1388
1373,129,1502,0.1388
1370,128,1498,0.1388
1354,129,1483,0.1388
1357,131,1488,0.1388
1356,132,1488,0.1388
1371,129,1500,0.1388
1368,131,1499,0.1388
1360,134,1494,0.1388
1368,131,1499,0.1388
1364,132,1496,0.1388
1365,136,1501,0.1388
1364,132,1496,0.1388
1358,132,1490,0.1388
1364,133,1497,0.1388
1356,133,1489,0.1388
1366,135,1501,0.1388
1361,134,1495,0.1388
1365,135,1500,0.1388
1371,137,1508,0.1388
1360,138,1498,0.1388
1360,136,1496,0.1388
1361,132,1493,0.1388
1360,136,1496,0.1388
1365,138,1503,0.1388
1362,138,1500,0.1388
1356,140,1496,0.1388
1358,144,1502,0.1388
1354,146,1500,0.1388
1356,145,1501,0.1388
1360,148,1508,0.1388
1352,145,1497,0.1388
1354,147,1501,0.1388
1343,146,1489,0.1388
1338,146,1484,0.1388
1349,149,1498,0.1388
1344,148,1492,0.1388
1351,150,1501,0.1388
1350,153,1503,0.1388
1354,154,1508,0.1388
1350,154,1504,0.1388
1345,154,1499,0.1388
1366,151,1517,0.1388
1365,149,1514,0.1388
1361,152,1513,0.1388
1363,150,1513,0.1388
1335,154,1489,0.1388
1345,153,1498,0.1388
1339,148,1487,0.1388
1346,149,1495,0.1388
1354,153,1507,0.1388
1340,155,1495,0.1388
1342,150,1492,0.1388
1339,147,1486,0.1388
1339,151,1490,0.1388
1333,152,1485,0.1388
1338,153,1491,0.1388
1339,156,1495,0.1388
1335,156,1491,0.1388
1327,155,1482,0.1388
1335,159,1494,0.1388
1332,153,1485,0.1388
1339,157,1496,0.1388
1349,158,1507,0.1388
1336,162,1498,0.1388
1345,165,1510,0.1388
1334,164,1498,0.1388
1327,162,1489,0.1388
1338,165,1503,0.1388
1328,163,1491,0.1388
1336,164,1500,0.1388
1335,162,1497,0.1388
1342,161,1503,0.1388
1339,166,1505,0.1388
1339,166,1505,0.1388
1330,169,1499,0.1388
1326,171,1497,0.1388
1338,173,1511,0.1388
1332,170,1502,0.1388
1327,171,1498,0.1388
1333,171,1504,0.1388
1332,175,1507,0.1388
1336,174,1510,0.1388
1324,178,1502,0.1388
1338,178,1516,0.1388
1340,178,1518,0.1388
1348,175,1523,0.1388
1341,175,1516,0.1388
1336,172,1508,0.1388
1322,177,1499,0.1388
1318,178,1496,0.1388
1311,177,1488,0.1388
1329,176,1505,0.1388
1326,186,1512,0.1388
1324,186,1510,0.1388
1314,183,1497,0.1388
1326,186,1512,0.1388
1315,186,1501,0.1388
1302,191,1493,0.1388
1308,192,1500,0.1388
1317,191,1508,0.1388
1305,196,1501,0.1388
1316,196,1512,0.1388
1318,190,1508,0.1388
1324,193,1517,0.1388
1322,193,1515,0.1388
1324,196,1520,0.1388
1307,197,1504,0.1388
1317,197,1514,0.1388
1318,191,1509,0.1388
1321,192,1513,0.1388
1314,188,1502,0.1388
1315,194,1509,0.1388
1308,196,1504,0.1388
1302,198,1500,0.1388
1284,205,1489,0.1388
1296,202,1498,0.1388
1289,193,1482,0.1388
1279,192,1471,0.1388
1288,196,1484,0.1388
1303,200,1503,0.1388
1314,200,1514,0.1388
1302,206,1508,0.1388
1292,201,1493,0.1388
1288,203,1491,0.1388
1289,206,1495,0.1388
1298,206,1504,0.1388
1286,201,1487,0.1388
1289,196,1485,0.1388
1288,197,1485,0.1388
1294,198,1492,0.1388
1295,198,1493,0.1388
1291,199,1490,0.1388
1287,201,1488,0.1388
1291,203,1494,0.1388
1288,203,1491,0.1388
1294,208,1502,0.1388
1287,205,1492,0.1388
1271,203,1474,0.1388
1281,208,1489,0.1388
1270,211,1481,0.1388
1289,215,1504,0.1388
1285,215,1500,0.1388
1277,217,1494,0.1388
1272,222,1494,0.1388
1275,222,1497,0.1388
1278,224,1502,0.1388
1269,223,1492,0.1388
1254,223,1477,0.1388
1258,222,1480,0.1388
1258,222,1480,0.1388
1276,226,1502,0.1388
1273,225,1498,0.1388
1285,225,1510,0.1388
1282,228,1510,0.1388
1271,228,1499,0.1388
1275,225,1500,0.1388
1283,226,1509,0.1388
1275,223,1498,0.1388
1277,220,1497,0.1388
1265,225,1490,0.1388
1270,224,1494,0.1388
1271,223,1494,0.1388
1268,220,1488,0.1388
1270,223,1493,0.1388
1282,225,1507,0.1388
1271,236,1507,0.1388
1268,244,1512,0.1388
1262,243,1505,0.1388
1254,245,1499,0.1388
1256,248,1504,0.1388
1252,249,1501,0.1388
1246,252,1498,0.1388
1232,251,1483,0.1388
1233,251,1484,0.1388
1232,254,1486,0.1388
1232,254,1486,0.1388
1238,250,1488,0.1388
1233,252,1485,0.1388
1233,263,1496,0.1388
1237,261,1498,0.1388
1236,258,1494,0.1388
1234,256,1490,0.1388
1236,257,1493,0.1388
1237,255,1492,0.1388
1229,259,1488,0.1388
1232,255,1487,0.1388
1238,258,1496,0.1388
1239,257,1496,0.1388
1246,261,1507,0.1388
1238,264,1502,0.1388
1240,262,1502,0.1388
1246,259,1505,0.1388
1230,255,1485,0.1388
1226,260,1486,0.1388
1238,257,1495,0.1388
1234,257,1491,0.1388
1237,257,1494,0.1388
1230,262,1492,0.1388
1227,259,1486,0.1388
1241,261,1502,0.1388
1240,261,1501,0.1388
1246,262,1508,0.1388
1248,262,1510,0.1388
1244,262,1506,0.1388
1252,262,1514,0.1388
1255,258,1513,0.1388
1250,257,1507,0.1388
1238,255,1493,0.1388
1234,256,1490,0.1388
1244,256,1500,0.1388
1250,263,1513,0.1388
1251,259,1510,0.1388
1243,261,1504,0.1388
1238,261,1499,0.1388
1240,260,1500,0.1388
1242,260,1502,0.1388
1241,258,1499,0.1388
1251,263,1514,0.1388
1248,264,1512,0.1388
1253,266,1519,0.1388
1249,272,1521,0.1388
1240,272,1512,0.1388
1227,273,1500,0.1388
1228,263,1491,0.1388
1230,259,1489,0.1388
1234,262,1496,0.1388
1225,263,1488,0.1388
1233,269,1502,0.1388
1242,274,1516,0.1388
1233,275,1508,0.1388
1232,275,1507,0.1388
1222,270,1492,0.1388
1227,272,1499,0.1388
1223,272,1495,0.1388
1222,280,1502,0.1388
1220,279,1499,0.1388
1228,274,1502,0.1388
1220,279,1499,0.1388
1225,279,1504,0.1388
1210,282,1492,0.1388
1217,285,1502,0.1388
1220,287,1507,0.1388
1217,288,1505,0.1388
1215,287,1502,0.1388
1220,287,1507,0.1388
1217,292,1509,0.1388
1212,297,1509,0.1388
1209,295,1504,0.1388
1209,295,1504,0.1388
1220,289,1509,0.1388
1208,295,1503,0.1388
1197,295,1492,0.1388
1191,301,1492,0.1388
1193,298,1491,0.1388
1190,305,1495,0.1388
1179,304,1483,0.1388
1174,305,1479,0.1388
1191,311,1502,0.1388
1197,309,1506,0.1388
1193,310,1503,0.1388
1188,306,1494,0.1388
1181,302,1483,0.1388
1185,302,1487,0.1388
1180,305,1485,0.1388
1178,315,1493,0.1388
1182,311,1493,0.1388
1176,315,1491,0.1388
1173,312,1485,0.1388
1180,313,1493,0.1388
1172,307,1479,0.1388
1177,311,1488,0.1388
1180,311,1491,0.1388
1174,317,1491,0.1388
1178,320,1498,0.1388
1183,321,1504,0.1388
1177,321,1498,0.1388
1186,322,1508,0.1388
1183,328,1511,0.1388
1173,331,1504,0.1388
1183,331,1514,0.1388
1183,335,1518,0.1388
1170,333,1503,0.1388
1178,331,1509,0.1388
1172,329,1501,0.1388
1183,324,1507,0.1388
1172,330,1502,0.1388
1177,332,1509,0.1388
1167,322,1489,0.1388
1169,323,1492,0.1388
1150,330,1480,0.1388
1158,339,1497,0.1388
1167,342,1509,0.1388
1156,342,1498,0.1388
1156,343,1499,0.1388
1160,344,1504,0.1388
1160,338,1498,0.1388
1168,342,1510,0.1388
1171,343,1514,0.1388
1174,341,1515,0.1388
1171,347,1518,0.1388
1167,344,1511,0.1388
1153,341,1494,0.1388
1153,346,1499,0.1388
1138,347,1485,0.1388
1142,354,1496,0.1388
1150,352,1502,0.1388
1159,354,1513,0.1388
1170,356,1526,0.1388
1157,362,1519,0.1388
1146,363,1509,0.1388
1138,364,1502,0.1388
1138,355,1493,0.1388
1151,354,1505,0.1388
1149,357,1506,0.1388
1158,360,1518,0.1388
1150,363,1513,0.1388
1140,366,1506,0.1388
1137,369,1506,0.1388
1130,371,1501,0.1388
1130,368,1498,0.1388
1120,368,1488,0.1388
1118,374,1492,0.1388
1127,376,1503,0.1388
1130,371,1501,0.1388
1118,375,1493,0.1388
1124,373,1497,0.1388
1134,374,1508,0.1388
1119,375,1494,0.1388
1123,374,1497,0.1388
1131,365,1496,0.1388
1143,372,1515,0.1388
1137,371,1508,0.1388
1140,376,1516,0.1388
1143,371,1514,0.1388
1139,366,1505,0.1388
1128,370,1498,0.1388
1122,369,1491,0.1388
1126,362,1488,0.1388
1127,364,1491,0.1388
1125,362,1487,0.1388
1123,360,1483,0.1388
1132,362,1494,0.1388
1124,362,1486,0.1388
1120,364,1484,0.1388
1122,361,1483,0.1388
1124,370,1494,0.1388
1135,365,1500,0.1388
1136,357,1493,0.1388
1141,362,1503,0.1388
1154,367,1521,0.1388
1150,364,1514,0.1388
1149,362,1511,0.1388
1137,363,1500,0.1388
1146,366,1512,0.1388
1130,361,1491,0.1388
1139,361,1500,0.1388
1143,363,1506,0.1388
1145,360,1505,0.1388
1146,364,1510,0.1388
1147,368,1515,0.1388
1129,373,1502,0.1388
1124,372,1496,0.1388
1133,368,1501,0.1388
1137,372,1509,0.1388
1130,372,1502,0.1388
1132,376,1508,0.1388
1143,376,1519,0.1388
1137,374,1511,0.1388
1135,384,1519,0.1388
1125,381,1506,0.1388
1117,383,1500,0.1388
1117,382,1499,0.1388
1111,385,1496,0.1388
1121,383,1504,0.1388
1132,378,1510,0.1388
1125,387,1512,0.1388
1123,387,1510,0.1388
1114,378,1492,0.1388
1122,376,1498,0.1388
1124,381,1505,0.1388
1129,381,1510,0.1388
1120,370,1490,0.1388
1128,379,1507,0.1388
1123,382,1505,0.1388
1107,377,1484,0.1388
1116,382,1498,0.1388
1117,386,1503,0.1388
1132,385,1517,0.1388
1111,394,1505,0.1388
1118,396,1514,0.1388
1115,394,1509,0.1388
1110,389,1499,0.1388
1102,383,1485,0.1388
1116,387,1503,0.1388
1108,390,1498,0.1388
1110,391,1501,0.1388
1099,387,1486,0.1388
1092,394,1486,0.1388
1103,392,1495,0.1388
1100,401,1501,0.1388
1103,401,1504,0.1388
1105,406,1511,0.1388
1099,401,1500,0.1388
1080,396,1476,0.1388
1083,396,1479,0.1388
1091,398,1489,0.1388
1080,401,1481,0.1388
1082,404,1486,0.1388
1074,409,1483,0.1388
1064,421,1485,0.1388
1073,414,1487,0.1388
1067,413,1480,0.1388
1069,414,1483,0.1388
1082,418,1500,0.1388
1080,413,1493,0.1388
1079,417,1496,0.1388
1077,418,1495,0.1388
1083,415,1498,0.1388
1092,413,1505,0.1388
1089,412,1501,0.1388
1083,411,1494,0.1388
1086,414,1500,0.1388
1094,409,1503,0.1388
1092,411,1503,0.1388
1093,414,1507,0.1388
1091,418,1509,0.1388
1097,420,1517,0.1388
1103,416,1519,0.1388
1100,426,1526,0.1388
1100,414,1514,0.1388
1095,411,1506,0.1388
1087,415,1502,0.1388
1080,419,1499,0.1388
1078,417,1495,0.1388
1090,415,1505,0.1388
1090,411,1501,0.1388
1081,415,1496,0.1388
1074,420,1494,0.1388
1062,422,1484,0.1388
1066,422,1488,0.1388
1056,417,1473,0.1388
1080,411,1491,0.1388
1074,407,1481,0.1388
1075,413,1488,0.1388
1077,417,1494,0.1388
1070,412,1482,0.1388
1070,410,1480,0.1388
1067,421,1488,0.1388
1067,423,1490,0.1388
1072,425,1497,0.1388
1077,424,1501,0.1388
1066,423,1489,0.1388
1067,420,1487,0.1388
1072,420,1492,0.1388
1064,423,1487,0.1388
1065,428,1493,0.1388
1061,425,1486,0.1388
1057,423,1480,0.1388
1066,422,1488,0.1388
1059,423,1482,0.1388
1064,427,1491,0.1388
1065,428,1493,0.1388
1063,423,1486,0.1388
1072,417,1489,0.1388
1075,425,1500,0.1388
1065,434,1499,0.1388
1077,433,1510,0.1388
1075,431,1506,0.1388
1078,432,1510,0.1388
1073,436,1509,0.1388
1068,445,1513,0.1388
1059,439,1498,0.1388
1068,433,1501,0.1388
1062,443,1505,0.1388
1062,439,1501,0.1388
1064,442,1506,0.1388
1068,445,1513,0.1388
1064,444,1508,0.1388
1064,434,1498,0.1388
1064,434,1498,0.1388
1070,439,1509,0.1388
1076,437,1513,0.1388
1079,438,1517,0.1388
1078,446,1524,0.1388
1064,445,1509,0.1388
1058,440,1498,0.1388
1058,447,1505,0.1388
1068,447,1515,0.1388
1068,447,1515,0.1388
1078,441,1519,0.1388
1064,449,1513,0.1388
1060,449,1509,0.1388
1059,448,1507,0.1388
1061,449,1510,0.1388
1053,455,1508,0.1388
1051,454,1505,0.1388
1051,455,1506,0.1388
1046,451,1497,0.1388
1046,458,1504,0.1388
1047,455,1502,0.1388
1047,454,1501,0.1388
1034,458,1492,0.1388
1037,453,1490,0.1388
1016,456,1472,0.1388
1012,456,1468,0.1388
1023,455,1478,0.1388
1024,458,1482,0.1388
1027,463,1490,0.1388
1039,467,1506,0.1388
1028,467,1495,0.1388
1036,471,1507,0.1388
1035,471,1506,0.1388
1032,461,1493,0.1388
1031,462,1493,0.1388
1041,467,1508,0.1388
1025,466,1491,0.1388
1030,462,1492,0.1388
1027,468,1495,0.1388
1028,472,1500,0.1388
1035,465,1500,0.1388
1034,466,1500,0.1388
1036,465,1501,0.1388
1041,461,1502,0.1388
1044,462,1506,0.1388
1038,463,1501,0.1388
1044,461,1505,0.1388
1035,461,1496,0.1388
1035,458,1493,0.1388
1036,466,1502,0.1388
1046,465,1511,0.1388
1048,466,1514,0.1388
1034,463,1497,0.1388
1026,462,1488,0.1388
1028,469,1497,0.1388
1015,475,1490,0.1388
1010,477,1487,0.1388
1005,488,1493,0.1388
999,482,1481,0.1388
1001,491,1492,0.1388
990,496,1486,0.1388
981,497,1478,0.1388
992,488,1480,0.1388
1004,490,1494,0.1388
1000,491,1491,0.1388
1014,493,1507,0.1388
1007,499,1506,0.1388
1006,488,1494,0.1388
1004,491,1495,0.1388
1011,496,1507,0.1388
1009,505,1514,0.1388
998,501,1499,0.1388
996,503,1499,0.1388
1002,506,1508,0.1388
1013,514,1527,0.1388
1008,509,1517,0.1388
1003,511,1514,0.1388
998,516,1514,0.1388
993,516,1509,0.1388
991,514,1505,0.1388
988,515,1503,0.1388
976,522,1498,0.1388
973,524,1497,0.1388
972,523,1495,0.1388
969,517,1486,0.1388
974,534,1508,0.1388
981,539,1520,0.1388
991,537,1528,0.1388
988,539,1527,0.1388
975,535,1510,0.1388
969,539,1508,0.1388
972,533,1505,0.1388
967,534,1501,0.1388
965,538,1503,0.1388
967,538,1505,0.1388
962,544,1506,0.1388
962,540,1502,0.1388
974,541,1515,0.1388
970,545,1515,0.1388
963,548,1511,0.1388
962,546,1508,0.1388
956,545,1501,0.1388
959,545,1504,0.1388
955,542,1497,0.1388
956,532,1488,0.1388
949,536,1485,0.1388
959,536,1495,0.1388
948,542,1490,0.1388
951,534,1485,0.1388
943,534,1477,0.1388
948,541,1489,0.1388
952,541,1493,0.1388
950,543,1493,0.1388
953,540,1493,0.1388
957,544,1501,0.1388
965,545,1510,0.1388
965,550,1515,0.1388
955,548,1503,0.1388
940,555,1495,0.1388
943,554,1497,0.1388
935,562,1497,0.1388
931,559,1490,0.1388
935,566,1501,0.1388
942,564,1506,0.1388
939,556,1495,0.1388
934,560,1494,0.1388
937,563,1500,0.1388
942,569,1511,0.1388
948,561,1509,0.1388
933,560,1493,0.1388
934,558,1492,0.1388
939,566,1505,0.1388
940,567,1507,0.1388
936,570,1506,0.1388
926,575,1501,0.1388
927,577,1504,0.1388
926,579,1505,0.1388
916,576,1492,0.1388
916,574,1490,0.1388
916,575,1491,0.1388
924,580,1504,0.1388
924,587,1511,0.1388
913,589,1502,0.1388
919,585,1504,0.1388
926,591,1517,0.1388
928,590,1518,0.1388
933,587,1520,0.1388
928,586,1514,0.1388
915,588,1503,0.1388
904,585,1489,0.1388
910,587,1497,0.1388
912,594,1506,0.1388
919,585,1504,0.1388
920,587,1507,0.1388
914,589,1503,0.1388
914,591,1505,0.1388
918,580,1498,0.1388
932,584,1516,0.1388
932,579,1511,0.1388
929,568,1497,0.1388
945,573,1518,0.1388
941,578,1519,0.1388
940,571,1511,0.1388
932,564,1496,0.1388
932,572,1504,0.1388
939,571,1510,0.1388
930,585,1515,0.1388
939,589,1528,0.1388
933,580,1513,0.1388
925,580,1505,0.1388
926,569,1495,0.1388
921,577,1498,0.1388
928,573,1501,0.1388
925,570,1495,0.1388
933,574,1507,0.1388
933,574,1507,0.1388
935,574,1509,0.1388
931,559,1490,0.1388
934,567,1501,0.1388
929,574,1503,0.1388
936,573,1509,0.1388
926,574,1500,0.1388
919,570,1489,0.1388
924,574,1498,0.1388
930,579,1509,0.1388
930,575,1505,0.1388
934,573,1507,0.1388
931,577,1508,0.1388
934,577,1511,0.1388
931,575,1506,0.1388
933,574,1507,0.1388
924,579,1503,0.1388
921,579,1500,0.1388
905,576,1481,0.1388
919,586,1505,0.1388
916,585,1501,0.1388
910,592,1502,0.1388
915,591,1506,0.1388
908,589,1497,0.1388
906,591,1497,0.1388
896,596,1492,0.1388
895,590,1485,0.1388
907,585,1492,0.1388
906,590,1496,0.1388
897,599,1496,0.1388
893,594,1487,0.1388
894,605,1499,0.1388
897,607,1504,0.1388
902,606,1508,0.1388
901,603,1504,0.1388
883,610,1493,0.1388
871,607,1478,0.1388
880,604,1484,0.1388
897,598,1495,0.1388
891,603,1494,0.1388
896,616,1512,0.1388
902,620,1522,0.1388
887,620,1507,0.1388
885,622,1507,0.1388
892,617,1509,0.1388
896,617,1513,0.1388
899,608,1507,0.1388
895,606,1501,0.1388
899,611,1510,0.1388
890,604,1494,0.1388
895,600,1495,0.1388
899,611,1510,0.1388
903,610,1513,0.1388
897,617,1514,0.1388
900,608,1508,0.1388
896,611,1507,0.1388
890,616,1506,0.1388
892,616,1508,0.1388
899,614,1513,0.1388
885,608,1493,0.1388
885,615,1500,0.1388
895,622,1517,0.1388
892,621,1513,0.1388
894,620,1514,0.1388
889,618,1507,0.1388
892,617,1509,0.1388
895,621,1516,0.1388
893,624,1517,0.1388
893,621,1514,0.1388
888,625,1513,0.1388
886,629,1515,0.1388
887,625,1512,0.1388
881,620,1501,0.1388
878,622,1500,0.1388
868,621,1489,0.1388
875,618,1493,0.1388
879,618,1497,0.1388
877,629,1506,0.1388
876,626,1502,0.1388
876,627,1503,0.1388
875,627,1502,0.1388
877,628,1505,0.1388
882,631,1513,0.1388
876,627,1503,0.1388
872,636,1508,0.1388
866,633,1499,0.1388
867,628,1495,0.1388
868,630,1498,0.1388
862,632,1494,0.1388
860,628,1488,0.1388
855,630,1485,0.1388
873,634,1507,0.1388
868,623,1491,0.1388
877,622,1499,0.1388
864,622,1486,0.1388
865,627,1492,0.1388
875,623,1498,0.1388
881,622,1503,0.1388
883,624,1507,0.1388
890,624,1514,0.1388
892,630,1522,0.1388
882,625,1507,0.1388
878,629,1507,0.1388
876,622,1498,0.1388
881,626,1507,0.1388
886,616,1502,0.1388
876,620,1496,0.1388
872,622,1494,0.1388
875,629,1504,0.1388
875,631,1506,0.1388
873,637,1510,0.1388
874,638,1512,0.1388
878,638,1516,0.1388
886,633,1519,0.1388
875,625,1500,0.1388
874,633,1507,0.1388
872,633,1505,0.1388
862,635,1497,0.1388
852,634,1486,0.1388
856,632,1488,0.1388
869,625,1494,0.1388
868,633,1501,0.1388
869,631,1500,0.1388
866,631,1497,0.1388
863,633,1496,0.1388
869,636,1505,0.1388
874,632,1506,0.1388
877,633,1510,0.1388
871,632,1503,0.1388
867,630,1497,0.1388
870,618,1488,0.1388
874,617,1491,0.1388
875,617,1492,0.1388
884,621,1505,0.1388
891,622,1513,0.1388
894,622,1516,0.1388
885,622,1507,0.1388
878,626,1504,0.1388
887,623,1510,0.1388
882,624,1506,0.1388
874,625,1499,0.1388
876,623,1499,0.1388
873,623,1496,0.1388
880,623,1503,0.1388
889,628,1517,0.1388
884,630,1514,0.1388
879,625,1504,0.1388
873,620,1493,0.1388
876,620,1496,0.1388
870,612,1482,0.1388
875,619,1494,0.1388
885,627,1512,0.1388
877,621,1498,0.1388
872,620,1492,0.1388
872,620,1492,0.1388
868,620,1488,0.1388
866,635,1501,0.1388
862,633,1495,0.1388
854,624,1478,0.1388
875,634,1509,0.1388
881,633,1514,0.1388
873,634,1507,0.1388
868,647,1515,0.1388
868,645,1513,0.1388
877,640,1517,0.1388
872,638,1510,0.1388
872,645,1517,0.1388
872,647,1519,0.1388
872,639,1511,0.1388
870,633,1503,0.1388
867,634,1501,0.1388
869,639,1508,0.1388
874,642,1516,0.1388
878,634,1512,0.1388
870,627,1497,0.1388
868,631,1499,0.1388
859,640,1499,0.1388
866,640,1506,0.1388
868,629,1497,0.1388
869,636,1505,0.1388
862,644,1506,0.1388
868,641,1509,0.1388
869,641,1510,0.1388
864,637,1501,0.1388
867,638,1505,0.1388
862,640,1502,0.1388
854,641,1495,0.1388
856,647,1503,0.1388
864,641,1505,0.1388
873,649,1522,0.1388
859,652,1511,0.1388
861,654,1515,0.1388
865,651,1516,0.1388
855,653,1508,0.1388
856,656,1512,0.1388
858,649,1507,0.1388
861,642,1503,0.1388
858,645,1503,0.1388
853,648,1501,0.1388
851,653,1504,0.1388
851,644,1495,0.1388
853,647,1500,0.1388
851,640,1491,0.1388
856,645,1501,0.1388
861,642,1503,0.1388
859,650,1509,0.1388
861,649,1510,0.1388
858,652,1510,0.1388
863,659,1522,0.1388
853,666,1519,0.1388
857,665,1522,0.1388
846,675,1521,0.1388
839,678,1517,0.1388
838,667,1505,0.1388
819,662,1481,0.1388
813,666,1479,0.1388
824,665,1489,0.1388
831,663,1494,0.1388
840,664,1504,0.1388
837,667,1504,0.1388
837,675,1512,0.1388
843,682,1525,0.1388
836,682,1518,0.1388
838,671,1509,0.1388
832,665,1497,0.1388
820,665,1485,0.1388
826,669,1495,0.1388
834,677,1511,0.1388
835,686,1521,0.1388
831,687,1518,0.1388
827,686,1513,0.1388
825,685,1510,0.1388
831,685,1516,0.1388
824,687,1511,0.1388
827,681,1508,0.1388
822,687,1509,0.1388
821,688,1509,0.1388
818,687,1505,0.1388
818,692,1510,0.1388
822,691,1513,0.1388
819,698,1517,0.1388
814,700,1514,0.1388
810,692,1502,0.1388
811,687,1498,0.1388
805,686,1491,0.1388
808,694,1502,0.1388
802,703,1505,0.1388
797,710,1507,0.1388
799,713,1512,0.1388
794,717,1511,0.1388
794,721,1515,0.1388
792,722,1514,0.1388
792,718,1510,0.1388
781,728,1509,0.1388
774,725,1499,0.1388
778,738,1516,0.1388
773,738,1511,0.1388
775,735,1510,0.1388
779,730,1509,0.1388
779,719,1498,0.1388
779,722,1501,0.1388
778,720,1498,0.1388
777,728,1505,0.1388
773,735,1508,0.1388
774,735,1509,0.1388
772,732,1504,0.1388
771,737,1508,0.1388
760,742,1502,0.1388
772,730,1502,0.1388
768,740,1508,0.1388
763,733,1496,0.1388
768,731,1499,0.1388
773,735,1508,0.1388
771,740,1511,0.1388
774,738,1512,0.1388
775,734,1509,0.1388
761,741,1502,0.1388
754,743,1497,0.1388
762,744,1506,0.1388
753,748,1501,0.1388
761,744,1505,0.1388
760,748,1508,0.1388
758,744,1502,0.1388
755,748,1503,0.1388
758,748,1506,0.1388
757,749,1506,0.1388
762,747,1509,0.1388
767,745,1512,0.1388
761,746,1507,0.1388
764,745,1509,0.1388
755,750,1505,0.1388
757,745,1502,0.1388
764,739,1503,0.1388
767,732,1499,0.1388
773,747,1520,0.1388
775,741,1516,0.1388
772,742,1514,0.1388
771,746,1517,0.1388
777,743,1520,0.1388
775,751,1526,0.1388
768,750,1518,0.1388
764,751,1515,0.1388
761,749,1510,0.1388
758,750,1508,0.1388
756,750,1506,0.1388
752,746,1498,0.1388
759,745,1504,0.1388
762,753,1515,0.1388
767,756,1523,0.1388
771,759,1530,0.1388
768,761,1529,0.1388
757,751,1508,0.1388
756,749,1505,0.1388
759,747,1506,0.1388
756,755,1511,0.1388
751,760,1511,0.1388
750,756,1506,0.1388
751,759,1510,0.1388
746,768,1514,0.1388
745,777,1522,0.1388
744,767,1511,0.1388
742,772,1514,0.1388
743,776,1519,0.1388
741,766,1507,0.1388
743,767,1510,0.1388
746,767,1513,0.1388
745,767,1512,0.1388
743,762,1505,0.1388
746,771,1517,0.1388
736,771,1507,0.1388
732,766,1498,0.1388
726,760,1486,0.1388
735,764,1499,0.1388
740,765,1505,0.1388
739,764,1503,0.1388
727,764,1491,0.1388
735,769,1504,0.1388
737,780,1517,0.1388
742,783,1525,0.1388
734,783,1517,0.1388
728,784,1512,0.1388
724,787,1511,0.1388
727,784,1511,0.1388
730,783,1513,0.1388
735,790,1525,0.1388
734,776,1510,0.1388
732,776,1508,0.1388
730,779,1509,0.1388
729,773,1502,0.1388
718,761,1479,0.1388
720,771,1491,0.1388
718,775,1493,0.1388
714,778,1492,0.1388
714,772,1486,0.1388
724,768,1492,0.1388
730,773,1503,0.1388
731,774,1505,0.1388
736,765,1501,0.1388
733,773,1506,0.1388
720,780,1500,0.1388
728,782,1510,0.1388
725,783,1508,0.1388
720,784,1504,0.1388
715,792,1507,0.1388
719,789,1508,0.1388
720,783,1503,0.1388
720,776,1496,0.1388
719,773,1492,0.1388
724,775,1499,0.1388
719,782,1501,0.1388
716,786,1502,0.1388
725,794,1519,0.1388
729,792,1521,0.1388
728,794,1522,0.1388
725,795,1520,0.1388
721,788,1509,0.1388
723,784,1507,0.1388
717,788,1505,0.1388
705,796,1501,0.1388
697,793,1490,0.1388
704,793,1497,0.1388
701,800,1501,0.1388
715,799,1514,0.1388
706,801,1507,0.1388
711,806,1517,0.1388
707,798,1505,0.1388
705,797,1502,0.1388
710,786,1496,0.1388
715,787,1502,0.1388
717,787,1504,0.1388
701,787,1488,0.1388
707,795,1502,0.1388
713,792,1505,0.1388
711,779,1490,0.1388
711,782,1493,0.1388
704,794,1498,0.1388
702,792,1494,0.1388
704,793,1497,0.1388
708,793,1501,0.1388
698,808,1506,0.1388
700,803,1503,0.1388
691,808,1499,0.1388
695,809,1504,0.1388
699,812,1511,0.1388
700,806,1506,0.1388
704,810,1514,0.1388
694,813,1507,0.1388
683,816,1499,0.1388
670,818,1488,0.1388
672,820,1492,0.1388
677,825,1502,0.1388
691,824,1515,0.1388
685,827,1512,0.1388
679,830,1509,0.1388
677,828,1505,0.1388
670,832,1502,0.1388
664,828,1492,0.1388
665,831,1496,0.1388
662,833,1495,0.1388
664,839,1503,0.1388
665,833,1498,0.1388
667,829,1496,0.1388
658,827,1485,0.1388
660,833,1493,0.1388
660,842,1502,0.1388
654,849,1503,0.1388
654,841,1495,0.1388
654,847,1501,0.1388
645,856,1501,0.1388
650,860,1510,0.1388
651,852,1503,0.1388
653,858,1511,0.1388
652,855,1507,0.1388
653,852,1505,0.1388
654,845,1499,0.1388
650,861,1511,0.1388
648,873,1521,0.1388
636,880,1516,0.1388
632,882,1514,0.1388
624,873,1497,0.1388
617,874,1491,0.1388
630,888,1518,0.1388
624,884,1508,0.1388
619,886,1505,0.1388
628,884,1512,0.1388
614,878,1492,0.1388
616,885,1501,0.1388
617,885,1502,0.1388
622,885,1507,0.1388
624,877,1501,0.1388
630,878,1508,0.1388
628,874,1502,0.1388
632,880,1512,0.1388
634,880,1514,0.1388
636,884,1520,0.1388
633,889,1522,0.1388
627,886,1513,0.1388
645,870,1515,0.1388
636,879,1515,0.1388
633,879,1512,0.1388
637,882,1519,0.1388
635,886,1521,0.1388
637,884,1521,0.1388
631,888,1519,0.1388
615,886,1501,0.1388
616,892,1508,0.1388
621,889,1510,0.1388
628,885,1513,0.1388
629,877,1506,0.1388
620,880,1500,0.1388
621,890,1511,0.1388
618,888,1506,0.1388
614,884,1498,0.1388
618,892,1510,0.1388
626,892,1518,0.1388
620,885,1505,0.1388
615,881,1496,0.1388
610,890,1500,0.1388
621,889,1510,0.1388
613,889,1502,0.1388
617,888,1505,0.1388
618,894,1512,0.1388
613,890,1503,0.1388
607,884,1491,0.1388
600,899,1499,0.1388
615,895,1510,0.1388
618,891,1509,0.1388
608,893,1501,0.1388
596,901,1497,0.1388
600,901,1501,0.1388
610,894,1504,0.1388
601,899,1500,0.1388
601,900,1501,0.1388
594,901,1495,0.1388
599,904,1503,0.1388
601,908,1509,0.1388
594,911,1505,0.1388
598,913,1511,0.1388
599,911,1510,0.1388
599,909,1508,0.1388
593,908,1501,0.1388
595,914,1509,0.1388
597,922,1519,0.1388
604,911,1515,0.1388
607,891,1498,0.1388
603,895,1498,0.1388
603,890,1493,0.1388
597,905,1502,0.1388
600,909,1509,0.1388
599,905,1504,0.1388
591,897,1488,0.1388
585,904,1489,0.1388
584,896,1480,0.1388
598,900,1498,0.1388
592,912,1504,0.1388
592,907,1499,0.1388
585,906,1491,0.1388
589,913,1502,0.1388
594,923,1517,0.1388
594,928,1522,0.1388
591,931,1522,0.1388
587,927,1514,0.1388
583,932,1515,0.1388
572,928,1500,0.1388
573,927,1500,0.1388
570,924,1494,0.1388
570,933,1503,0.1388
566,933,1499,0.1388
568,934,1502,0.1388
565,945,1510,0.1388
571,929,1500,0.1388
580,936,1516,0.1388
579,933,1512,0.1388
568,929,1497,0.1388
572,933,1505,0.1388
578,942,1520,0.1388
574,942,1516,0.1388
569,950,1519,0.1388
570,948,1518,0.1388
565,944,1509,0.1388
552,947,1499,0.1388
546,952,1498,0.1388
544,952,1496,0.1388
547,962,1509,0.1388
545,958,1503,0.1388
542,955,1497,0.1388
543,956,1499,0.1388
539,962,1501,0.1388
532,954,1486,0.1388
541,960,1501,0.1388
541,966,1507,0.1388
540,966,1506,0.1388
537,963,1500,0.1388
522,970,1492,0.1388
520,972,1492,0.1388
522,982,1504,0.1388
530,982,1512,0.1388
534,987,1521,0.1388
533,989,1522,0.1388
527,991,1518,0.1388
526,985,1511,0.1388
535,989,1524,0.1388
538,977,1515,0.1388
538,983,1521,0.1388
542,979,1521,0.1388
536,977,1513,0.1388
535,980,1515,0.1388
535,978,1513,0.1388
539,970,1509,0.1388
541,964,1505,0.1388
541,958,1499,0.1388
539,960,1499,0.1388
545,967,1512,0.1388
537,963,1500,0.1388
536,962,1498,0.1388
531,967,1498,0.1388
537,965,1502,0.1388
531,984,1515,0.1388
526,980,1506,0.1388
529,970,1499,0.1388
530,977,1507,0.1388
531,977,1508,0.1388
537,979,1516,0.1388
531,997,1528,0.1388
529,990,1519,0.1388
522,984,1506,0.1388
528,984,1512,0.1388
532,986,1518,0.1388
529,992,1521,0.1388
527,983,1510,0.1388
526,986,1512,0.1388
525,994,1519,0.1388
525,994,1519,0.1388
525,996,1521,0.1388
512,992,1504,0.1388
511,1001,1512,0.1388
510,1000,1510,0.1388
508,1002,1510,0.1388
514,1004,1518,0.1388
512,1005,1517,0.1388
513,998,1511,0.1388
509,999,1508,0.1388
514,1004,1518,0.1388
509,998,1507,0.1388
507,1016,1523,0.1388
510,1012,1522,0.1388
509,1004,1513,0.1388
513,1002,1515,0.1388
514,1002,1516,0.1388
502,1005,1507,0.1388
503,1006,1509,0.1388
493,1009,1502,0.1388
498,1017,1515,0.1388
491,1014,1505,0.1388
494,1022,1516,0.1388
493,1022,1515,0.1388
491,1029,1520,0.1388
489,1032,1521,0.1388
481,1038,1519,0.1388
479,1044,1523,0.1388
470,1039,1509,0.1388
477,1036,1513,0.1388
474,1027,1501,0.1388
468,1036,1504,0.1388
474,1032,1506,0.1388
477,1040,1517,0.1388
477,1046,1523,0.1388
474,1051,1525,0.1388
474,1041,1515,0.1388
466,1046,1512,0.1388
470,1044,1514,0.1388
462,1053,1515,0.1388
467,1049,1516,0.1388
468,1046,1514,0.1388
464,1041,1505,0.1388
465,1039,1504,0.1388
477,1038,1515,0.1388
472,1038,1510,0.1388
472,1040,1512,0.1388
465,1043,1508,0.1388
465,1050,1515,0.1388
467,1046,1513,0.1388
463,1045,1508,0.1388
462,1046,1508,0.1388
458,1051,1509,0.1388
455,1054,1509,0.1388
460,1059,1519,0.1388
456,1064,1520,0.1388
460,1063,1523,0.1388
459,1072,1531,0.1388
451,1073,1524,0.1388
449,1075,1524,0.1388
443,1074,1517,0.1388
439,1067,1506,0.1388
440,1061,1501,0.1388
441,1059,1500,0.1388
438,1049,1487,0.1388
449,1064,1513,0.1388
443,1075,1518,0.1388
447,1062,1509,0.1388
440,1074,1514,0.1388
435,1073,1508,0.1388
439,1075,1514,0.1388
442,1079,1521,0.1388
440,1083,1523,0.1388
438,1075,1513,0.1388
431,1074,1505,0.1388
428,1081,1509,0.1388
432,1078,1510,0.1388
431,1072,1503,0.1388
435,1069,1504,0.1388
437,1066,1503,0.1388
435,1061,1496,0.1388
438,1069,1507,0.1388
437,1057,1494,0.1388
435,1073,1508,0.1388
425,1078,1503,0.1388
422,1074,1496,0.1388
431,1074,1505,0.1388
429,1078,1507,0.1388
431,1078,1509,0.1388
437,1065,1502,0.1388
438,1064,1502,0.1388
436,1054,1490,0.1388
442,1066,1508,0.1388
437,1076,1513,0.1388
435,1078,1513,0.1388
431,1087,1518,0.1388
435,1079,1514,0.1388
427,1080,1507,0.1388
428,1078,1506,0.1388
423,1085,1508,0.1388
427,1082,1509,0.1388
428,1086,1514,0.1388
429,1090,1519,0.1388
428,1106,1534,0.1388
428,1103,1531,0.1388
417,1091,1508,0.1388
421,1097,1518,0.1388
419,1089,1508,0.1388
423,1084,1507,0.1388
422,1089,1511,0.1388
428,1097,1525,0.1388
418,1096,1514,0.1388
423,1086,1509,0.1388
424,1094,1518,0.1388
420,1104,1524,0.1388
412,1101,1513,0.1388
412,1097,1509,0.1388
413,1098,1511,0.1388
412,1089,1501,0.1388
410,1091,1501,0.1388
420,1096,1516,0.1388
425,1081,1506,0.1388
418,1084,1502,0.1388
417,1080,1497,0.1388
412,1088,1500,0.1388
415,1086,1501,0.1388
411,1090,1501,0.1388
417,1088,1505,0.1388
409,1099,1508,0.1388
411,1098,1509,0.1388
409,1096,1505,0.1388
408,1092,1500,0.1388
422,1081,1503,0.1388
420,1086,1506,0.1388
422,1091,1513,0.1388
416,1079,1495,0.1388
419,1082,1501,0.1388
425,1084,1509,0.1388
419,1089,1508,0.1388
429,1074,1503,0.1388
429,1086,1515,0.1388
426,1097,1523,0.1388
433,1091,1524,0.1388
432,1090,1522,0.1388
424,1088,1512,0.1388
420,1084,1504,0.1388
422,1082,1504,0.1388
425,1078,1503,0.1388
428,1074,1502,0.1388
422,1074,1496,0.1388
427,1071,1498,0.1388
431,1073,1504,0.1388
427,1085,1512,0.1388
429,1082,1511,0.1388
426,1076,1502,0.1388
426,1074,1500,0.1388
427,1077,1504,0.1388
419,1068,1487,0.1388
427,1086,1513,0.1388
427,1074,1501,0.1388
422,1073,1495,0.1388
429,1071,1500,0.1388
437,1075,1512,0.1388
435,1076,1511,0.1388
434,1076,1510,0.1388
424,1078,1502,0.1388
420,1085,1505,0.1388
420,1090,1510,0.1388
419,1097,1516,0.1388
419,1094,1513,0.1388
418,1099,1517,0.1388
415,1096,1511,0.1388
419,1086,1505,0.1388
421,1093,1514,0.1388
419,1089,1508,0.1388
420,1083,1503,0.1388
419,1088,1507,0.1388
420,1095,1515,0.1388
428,1094,1522,0.1388
428,1096,1524,0.1388
425,1093,1518,0.1388
419,1092,1511,0.1388
421,1097,1518,0.1388
420,1096,1516,0.1388
414,1107,1521,0.1388
413,1099,1512,0.1388
408,1103,1511,0.1388
405,1106,1511,0.1388
408,1108,1516,0.1388
402,1118,1520,0.1388
406,1126,1532,0.1388
409,1120,1529,0.1388
403,1123,1526,0.1388
405,1117,1522,0.1388
408,1112,1520,0.1388
402,1113,1515,0.1388
399,1128,1527,0.1388
403,1126,1529,0.1388
406,1115,1521,0.1388
406,1119,1525,0.1388
405,1108,1513,0.1388
401,1106,1507,0.1388
404,1102,1506,0.1388
396,1097,1493,0.1388
395,1096,1491,0.1388
388,1105,1493,0.1388
386,1109,1495,0.1388
385,1115,1500,0.1388
388,1121,1509,0.1388
388,1104,1492,0.1388
393,1112,1505,0.1388
387,1115,1502,0.1388
380,1108,1488,0.1388
381,1125,1506,0.1388
393,1134,1527,0.1388
395,1121,1516,0.1388
394,1102,1496,0.1388
393,1119,1512,0.1388
398,1113,1511,0.1388
400,1114,1514,0.1388
402,1109,1511,0.1388
404,1102,1506,0.1388
404,1099,1503,0.1388
405,1119,1524,0.1388
400,1106,1506,0.1388
395,1113,1508,0.1388
390,1107,1497,0.1388
384,1107,1491,0.1388
388,1111,1499,0.1388
384,1121,1505,0.1388
384,1129,1513,0.1388
382,1130,1512,0.1388
378,1138,1516,0.1388
387,1135,1522,0.1388
391,1129,1520,0.1388
391,1128,1519,0.1388
393,1135,1528,0.1388
392,1128,1520,0.1388
397,1123,1520,0.1388
396,1117,1513,0.1388
395,1121,1516,0.1388
395,1121,1516,0.1388
391,1121,1512,0.1388
384,1125,1509,0.1388
385,1133,1518,0.1388
387,1119,1506,0.1388
390,1106,1496,0.1388
391,1116,1507,0.1388
384,1121,1505,0.1388
381,1130,1511,0.1388
375,1132,1507,0.1388
373,1128,1501,0.1388
375,1135,1510,0.1388
377,1137,1514,0.1388
382,1129,1511,0.1388
381,1122,1503,0.1388
385,1121,1506,0.1388
389,1127,1516,0.1388
390,1131,1521,0.1388
385,1131,1516,0.1388
384,1133,1517,0.1388
389,1134,1523,0.1388
393,1131,1524,0.1388
387,1136,1523,0.1388
384,1131,1515,0.1388
385,1133,1518,0.1388
387,1129,1516,0.1388
383,1133,1516,0.1388
379,1126,1505,0.1388
380,1125,1505,0.1388
379,1128,1507,0.1388
375,1131,1506,0.1388
366,1130,1496,0.1388
368,1126,1494,0.1388
370,1131,1501,0.1388
367,1132,1499,0.1388
370,1137,1507,0.1388
367,1132,1499,0.1388
370,1141,1511,0.1388
375,1139,1514,0.1388
377,1132,1509,0.1388
374,1142,1516,0.1388
371,1143,1514,0.1388
373,1136,1509,0.1388
371,1134,1505,0.1388
367,1141,1508,0.1388
373,1153,1526,0.1388
375,1146,1521,0.1388
365,1148,1513,0.1388
362,1150,1512,0.1388
362,1144,1506,0.1388
362,1150,1512,0.1388
370,1149,1519,0.1388
369,1151,1520,0.1388
368,1151,1519,0.1388
364,1133,1497,0.1388
371,1136,1507,0.1388
366,1135,1501,0.1388
366,1135,1501,0.1388
366,1140,1506,0.1388
368,1160,1528,0.1388
360,1155,1515,0.1388
363,1152,1515,0.1388
370,1147,1517,0.1388
376,1148,1524,0.1388
372,1135,1507,0.1388
375,1143,1518,0.1388
375,1132,1507,0.1388
368,1130,1498,0.1388
369,1128,1497,0.1388
368,1128,1496,0.1388
373,1132,1505,0.1388
373,1143,1516,0.1388
372,1136,1508,0.1388
371,1139,1510,0.1388
366,1136,1502,0.1388
365,1131,1496,0.1388
372,1136,1508,0.1388
369,1138,1507,0.1388
373,1135,1508,0.1388
371,1139,1510,0.1388
364,1135,1499,0.1388
364,1150,1514,0.1388
358,1159,1517,0.1388
355,1153,1508,0.1388
354,1156,1510,0.1388
354,1164,1518,0.1388
359,1162,1521,0.1388
356,1159,1515,0.1388
358,1165,1523,0.1388
354,1156,1510,0.1388
354,1157,1511,0.1388
350,1166,1516,0.1388
344,1164,1508,0.1388
349,1158,1507,0.1388
345,1158,1503,0.1388
344,1167,1511,0.1388
344,1173,1517,0.1388
343,1172,1515,0.1388
346,1180,1526,0.1388
344,1169,1513,0.1388
341,1170,1511,0.1388
344,1163,1507,0.1388
349,1165,1514,0.1388
351,1168,1519,0.1388
357,1183,1540,0.1388
351,1174,1525,0.1388
343,1178,1521,0.1388
351,1176,1527,0.1388
355,1172,1527,0.1388
352,1169,1521,0.1388
356,1162,1518,0.1388
357,1159,1516,0.1388
351,1159,1510,0.1388
358,1156,1514,0.1388
357,1156,1513,0.1388
358,1152,1510,0.1388
354,1143,1497,0.1388
358,1144,1502,0.1388
359,1145,1504,0.1388
360,1147,1507,0.1388
362,1166,1528,0.1388
353,1162,1515,0.1388
354,1166,1520,0.1388
355,1164,1519,0.1388
351,1171,1522,0.1388
359,1170,1529,0.1388
358,1162,1520,0.1388
358,1150,1508,0.1388
357,1152,1509,0.1388
353,1159,1512,0.1388
363,1160,1523,0.1388
364,1151,1515,0.1388
365,1142,1507,0.1388
367,1147,1514,0.1388
368,1149,1517,0.1388
360,1150,1510,0.1388
365,1141,1506,0.1388
364,1160,1524,0.1388
364,1151,1515,0.1388
364,1154,1518,0.1388
369,1158,1527,0.1388
368,1161,1529,0.1388
366,1164,1530,0.1388
365,1151,1516,0.1388
359,1144,1503,0.1388
359,1147,1506,0.1388
356,1151,1507,0.1388
358,1157,1515,0.1388
361,1158,1519,0.1388
356,1157,1513,0.1388
351,1158,1509,0.1388
354,1148,1502,0.1388
354,1147,1501,0.1388
358,1143,1501,0.1388
360,1153,1513,0.1388
357,1156,1513,0.1388
360,1163,1523,0.1388
361,1159,1520,0.1388
354,1155,1509,0.1388
349,1167,1516,0.1388
353,1173,1526,0.1388
358,1169,1527,0.1388
352,1172,1524,0.1388
358,1163,1521,0.1388
357,1162,1519,0.1388
360,1171,1531,0.1388
358,1161,1519,0.1388
351,1145,1496,0.1388
352,1144,1496,0.1388
347,1149,1496,0.1388
343,1171,1514,0.1388
347,1164,1511,0.1388
350,1166,1516,0.1388
350,1159,1509,0.1388
342,1159,1501,0.1388
340,1166,1506,0.1388
336,1167,1503,0.1388
344,1164,1508,0.1388
342,1177,1519,0.1388
339,1173,1512,0.1388
336,1179,1515,0.1388
337,1178,1515,0.1388
342,1193,1535,0.1388
342,1182,1524,0.1388
338,1165,1503,0.1388
335,1156,1491,0.1388
337,1163,1500,0.1388
334,1175,1509,0.1388
335,1169,1504,0.1388
337,1161,1498,0.1388
332,1163,1495,0.1388
327,1160,1487,0.1388
322,1159,1481,0.1388
324,1155,1479,0.1388
320,1160,1480,0.1388
329,1174,1503,0.1388
331,1184,1515,0.1388
329,1185,1514,0.1388
325,1177,1502,0.1388
326,1189,1515,0.1388
324,1181,1505,0.1388
325,1184,1509,0.1388
327,1194,1521,0.1388
322,1193,1515,0.1388
326,1189,1515,0.1388
331,1199,1530,0.1388
332,1206,1538,0.1388
331,1205,1536,0.1388
332,1202,1534,0.1388
329,1196,1525,0.1388
323,1189,1512,0.1388
326,1190,1516,0.1388
327,1182,1509,0.1388
324,1174,1498,0.1388
325,1198,1523,0.1388
324,1201,1525,0.1388
322,1201,1523,0.1388
325,1199,1524,0.1388
320,1208,1528,0.1388
320,1205,1525,0.1388
318,1207,1525,0.1388
316,1205,1521,0.1388
315,1212,1527,0.1388
321,1197,1518,0.1388
320,1199,1519,0.1388
324,1209,1533,0.1388
319,1209,1528,0.1388
318,1208,1526,0.1388
313,1209,1522,0.1388
314,1213,1527,0.1388
308,1207,1515,0.1388
305,1203,1508,0.1388
302,1198,1500,0.1388
310,1212,1522,0.1388
308,1208,1516,0.1388
306,1204,1510,0.1388
305,1209,1514,0.1388
312,1209,1521,0.1388
317,1204,1521,0.1388
316,1207,1523,0.1388
314,1211,1525,0.1388
312,1208,1520,0.1388
306,1198,1504,0.1388
309,1201,1510,0.1388
308,1210,1518,0.1388
305,1206,1511,0.1388
305,1204,1509,0.1388
301,1211,1512,0.1388
299,1220,1519,0.1388
299,1215,1514,0.1388
292,1218,1510,0.1388
289,1224,1513,0.1388
290,1217,1507,0.1388
294,1226,1520,0.1388
290,1225,1515,0.1388
282,1230,1512,0.1388
284,1224,1508,0.1388
288,1216,1504,0.1388
288,1211,1499,0.1388
293,1216,1509,0.1388
291,1222,1513,0.1388
289,1220,1509,0.1388
285,1230,1515,0.1388
290,1230,1520,0.1388
280,1242,1522,0.1388
281,1240,1521,0.1388
283,1247,1530,0.1388
283,1234,1517,0.1388
280,1236,1516,0.1388
276,1235,1511,0.1388
273,1230,1503,0.1388
275,1230,1505,0.1388
283,1218,1501,0.1388
275,1221,1496,0.1388
274,1216,1490,0.1388
270,1226,1496,0.1388
271,1236,1507,0.1388
267,1237,1504,0.1388
271,1243,1514,0.1388
267,1248,1515,0.1388
265,1257,1522,0.1388
267,1249,1516,0.1388
269,1245,1514,0.1388
268,1249,1517,0.1388
266,1249,1515,0.1388
266,1246,1512,0.1388
263,1243,1506,0.1388
257,1245,1502,0.1388
259,1244,1503,0.1388
260,1240,1500,0.1388
256,1253,1509,0.1388
250,1248,1498,0.1388
252,1258,1510,0.1388
247,1259,1506,0.1388
251,1265,1516,0.1388
250,1262,1512,0.1388
247,1262,1509,0.1388
251,1260,1511,0.1388
256,1259,1515,0.1388
261,1260,1521,0.1388
258,1253,1511,0.1388
256,1247,1503,0.1388
259,1254,1513,0.1388
256,1273,1529,0.1388
255,1279,1534,0.1388
257,1277,1534,0.1388
250,1276,1526,0.1388
247,1272,1519,0.1388
246,1267,1513,0.1388
247,1262,1509,0.1388
249,1253,1502,0.1388
251,1250,1501,0.1388
250,1264,1514,0.1388
248,1263,1511,0.1388
245,1265,1510,0.1388
248,1273,1521,0.1388
251,1263,1514,0.1388
252,1259,1511,0.1388
247,1257,1504,0.1388
246,1254,1500,0.1388
248,1262,1510,0.1388
243,1268,1511,0.1388
242,1261,1503,0.1388
241,1259,1500,0.1388
239,1259,1498,0.1388
245,1261,1506,0.1388
244,1256,1500,0.1388
244,1269,1513,0.1388
244,1286,1530,0.1388
241,1278,1519,0.1388
240,1281,1521,0.1388
235,1283,1518,0.1388
229,1283,1512,0.1388
230,1294,1524,0.1388
229,1296,1525,0.1388
232,1297,1529,0.1388
230,1306,1536,0.1388
226,1295,1521,0.1388
224,1293,1517,0.1388
219,1295,1514,0.1388
217,1293,1510,0.1388
221,1288,1509,0.1388
220,1293,1513,0.1388
214,1297,1511,0.1388
219,1299,1518,0.1388
222,1300,1522,0.1388
224,1301,1525,0.1388
225,1293,1518,0.1388
224,1286,1510,0.1388
231,1278,1509,0.1388
228,1279,1507,0.1388
222,1283,1505,0.1388
225,1293,1518,0.1388
231,1293,1524,0.1388
226,1295,1521,0.1388
225,1284,1509,0.1388
223,1287,1510,0.1388
225,1288,1513,0.1388
224,1293,1517,0.1388
223,1284,1507,0.1388
220,1280,1500,0.1388
221,1269,1490,0.1388
227,1266,1493,0.1388
225,1281,1506,0.1388
226,1286,1512,0.1388
231,1292,1523,0.1388
233,1287,1520,0.1388
232,1290,1522,0.1388
226,1285,1511,0.1388
221,1294,1515,0.1388
216,1303,1519,0.1388
221,1297,1518,0.1388
216,1298,1514,0.1388
217,1298,1515,0.1388
215,1297,1512,0.1388
216,1294,1510,0.1388
213,1283,1496,0.1388
213,1290,1503,0.1388
212,1287,1499,0.1388
211,1290,1501,0.1388
211,1279,1490,0.1388
213,1280,1493,0.1388
215,1293,1508,0.1388
213,1301,1514,0.1388
212,1300,1512,0.1388
209,1306,1515,0.1388
209,1305,1514,0.1388
215,1300,1515,0.1388
211,1306,1517,0.1388
209,1301,1510,0.1388
206,1319,1525,0.1388
206,1309,1515,0.1388
203,1302,1505,0.1388
208,1299,1507,0.1388
213,1303,1516,0.1388
209,1302,1511,0.1388
206,1306,1512,0.1388
203,1305,1508,0.1388
209,1306,1515,0.1388
214,1295,1509,0.1388
216,1288,1504,0.1388
215,1285,1500,0.1388
220,1297,1517,0.1388
216,1292,1508,0.1388
217,1298,1515,0.1388
216,1302,1518,0.1388
216,1295,1511,0.1388
216,1295,1511,0.1388
220,1298,1518,0.1388
218,1295,1513,0.1388
219,1306,1525,0.1388
217,1304,1521,0.1388
216,1318,1534,0.1388
217,1314,1531,0.1388
215,1310,1525,0.1388
211,1306,1517,0.1388
215,1304,1519,0.1388
213,1285,1498,0.1388
216,1290,1506,0.1388
211,1284,1495,0.1388
212,1292,1504,0.1388
211,1290,1501,0.1388
203,1294,1497,0.1388
209,1303,1512,0.1388
209,1297,1506,0.1388
208,1301,1509,0.1388
210,1306,1516,0.1388
210,1310,1520,0.1388
205,1313,1518,0.1388
204,1315,1519,0.1388
206,1312,1518,0.1388
204,1310,1514,0.1388
201,1302,1503,0.1388
200,1305,1505,0.1388
197,1301,1498,0.1388
195,1307,1502,0.1388
194,1299,1493,0.1388
199,1309,1508,0.1388
202,1301,1503,0.1388
202,1306,1508,0.1388
195,1310,1505,0.1388
200,1312,1512,0.1388
201,1311,1512,0.1388
195,1312,1507,0.1388
199,1306,1505,0.1388
195,1307,1502,0.1388
198,1311,1509,0.1388
201,1312,1513,0.1388
203,1317,1520,0.1388
201,1323,1524,0.1388
202,1315,1517,0.1388
205,1314,1519,0.1388
203,1316,1519,0.1388
202,1324,1526,0.1388
198,1325,1523,0.1388
198,1322,1520,0.1388
194,1310,1504,0.1388
197,1306,1503,0.1388
192,1316,1508,0.1388
193,1307,1500,0.1388
195,1308,1503,0.1388
197,1311,1508,0.1388
196,1308,1504,0.1388
198,1316,1514,0.1388
199,1321,1520,0.1388
199,1314,1513,0.1388
199,1322,1521,0.1388
190,1332,1522,0.1388
195,1319,1514,0.1388
197,1321,1518,0.1388
198,1311,1509,0.1388
190,1324,1514,0.1388
187,1323,1510,0.1388
183,1321,1504,0.1388
188,1318,1506,0.1388
191,1322,1513,0.1388
191,1321,1512,0.1388
192,1330,1522,0.1388
187,1326,1513,0.1388
182,1327,1509,0.1388
186,1326,1512,0.1388
183,1329,1512,0.1388
185,1326,1511,0.1388
189,1322,1511,0.1388
192,1338,1530,0.1388
192,1337,1529,0.1388
195,1327,1522,0.1388
193,1328,1521,0.1388
194,1327,1521,0.1388
192,1316,1508,0.1388
189,1313,1502,0.1388
184,1326,1510,0.1388
179,1321,1500,0.1388
185,1318,1503,0.1388
182,1319,1501,0.1388
181,1331,1512,0.1388
182,1316,1498,0.1388
177,1315,1492,0.1388
177,1319,1496,0.1388
182,1332,1514,0.1388
183,1327,1510,0.1388
182,1321,1503,0.1388
180,1317,1497,0.1388
184,1328,1512,0.1388
186,1332,1518,0.1388
186,1333,1519,0.1388
181,1334,1515,0.1388
181,1311,1492,0.1388
184,1315,1499,0.1388
185,1316,1501,0.1388
186,1320,1506,0.1388
191,1328,1519,0.1388
191,1326,1517,0.1388
188,1328,1516,0.1388
185,1328,1513,0.1388
181,1326,1507,0.1388
183,1330,1513,0.1388
186,1323,1509,0.1388
184,1327,1511,0.1388
187,1315,1502,0.1388
185,1308,1493,0.1388
187,1314,1501,0.1388
189,1323,1512,0.1388
192,1326,1518,0.1388
189,1320,1509,0.1388
192,1321,1513,0.1388
191,1312,1503,0.1388
191,1308,1499,0.1388
192,1311,1503,0.1388
185,1301,1486,0.1388
188,1312,1500,0.1388
187,1319,1506,0.1388
187,1318,1505,0.1388
193,1320,1513,0.1388
191,1321,1512,0.1388
189,1322,1511,0.1388
191,1330,1521,0.1388
192,1332,1524,0.1388
196,1336,1532,0.1388
191,1344,1535,0.1388
195,1332,1527,0.1388
194,1340,1534,0.1388
190,1331,1521,0.1388
193,1330,1523,0.1388
190,1328,1518,0.1388
185,1338,1523,0.1388
189,1329,1518,0.1388
188,1332,1520,0.1388
191,1328,1519,0.1388
196,1326,1522,0.1388
196,1331,1527,0.1388
197,1319,1516,0.1388
196,1319,1515,0.1388
194,1324,1518,0.1388
189,1333,1522,0.1388
191,1334,1525,0.1388
195,1331,1526,0.1388
193,1334,1527,0.1388
192,1322,1514,0.1388
187,1327,1514,0.1388
186,1338,1524,0.1388
187,1334,1521,0.1388
185,1347,1532,0.1388
179,1357,1536,0.1388
181,1348,1529,0.1388
181,1349,1530,0.1388
185,1343,1528,0.1388
177,1333,1510,0.1388
175,1331,1506,0.1388
182,1330,1512,0.1388
183,1325,1508,0.1388
182,1324,1506,0.1388
181,1331,1512,0.1388
179,1325,1504,0.1388
179,1321,1500,0.1388
179,1328,1507,0.1388
181,1334,1515,0.1388
183,1335,1518,0.1388
181,1351,1532,0.1388
179,1343,1522,0.1388
182,1342,1524,0.1388
181,1347,1528,0.1388
180,1348,1528,0.1388
174,1331,1505,0.1388
177,1336,1513,0.1388
179,1347,1526,0.1388
177,1342,1519,0.1388
176,1347,1523,0.1388
177,1355,1532,0.1388
176,1345,1521,0.1388
172,1339,1511,0.1388
178,1337,1515,0.1388
174,1336,1510,0.1388
174,1343,1517,0.1388
172,1333,1505,0.1388
169,1332,1501,0.1388
169,1324,1493,0.1388
166,1337,1503,0.1388
165,1340,1505,0.1388
164,1357,1521,0.1388
168,1352,1520,0.1388
172,1346,1518,0.1388
173,1336,1509,0.1388
170,1341,1511,0.1388
172,1335,1507,0.1388
173,1340,1513,0.1388
173,1342,1515,0.1388
175,1348,1523,0.1388
171,1347,1518,0.1388
169,1348,1517,0.1388
170,1343,1513,0.1388
172,1330,1502,0.1388
174,1335,1509,0.1388
172,1344,1516,0.1388
175,1348,1523,0.1388
176,1353,1529,0.1388
174,1342,1516,0.1388
173,1337,1510,0.1388
171,1350,1521,0.1388
172,1335,1507,0.1388
176,1339,1515,0.1388
177,1331,1508,0.1388
173,1344,1517,0.1388
174,1337,1511,0.1388
172,1338,1510,0.1388
170,1342,1512,0.1388
170,1334,1504,0.1388
169,1340,1509,0.1388
162,1342,1504,0.1388
162,1338,1500,0.1388
163,1338,1501,0.1388
165,1340,1505,0.1388
164,1339,1503,0.1388
161,1342,1503,0.1388
162,1346,1508,0.1388
160,1343,1503,0.1388
158,1358,1516,0.1388
153,1364,1517,0.1388
153,1362,1515,0.1388
154,1359,1513,0.1388
150,1363,1513,0.1388
154,1364,1518,0.1388
154,1363,1517,0.1388
153,1354,1507,0.1388
152,1350,1502,0.1388
150,1348,1498,0.1388
149,1349,1498,0.1388
151,1350,1501,0.1388
151,1358,1509,0.1388
149,1356,1505,0.1388
150,1352,1502,0.1388
150,1355,1505,0.1388
147,1350,1497,0.1388
151,1353,1504,0.1388
152,1347,1499,0.1388
150,1352,1502,0.1388
146,1362,1508,0.1388
143,1361,1504,0.1388
145,1365,1510,0.1388
145,1359,1504,0.1388
147,1365,1512,0.1388
148,1372,1520,0.1388
150,1372,1522,0.1388
145,1373,1518,0.1388
146,1371,1517,0.1388
142,1367,1509,0.1388
141,1365,1506,0.1388
138,1368,1506,0.1388
137,1384,1521,0.1388
139,1363,1502,0.1388
142,1367,1509,0.1388
144,1371,1515,0.1388
147,1371,1518,0.1388
144,1378,1522,0.1388
142,1370,1512,0.1388
139,1370,1509,0.1388
144,1362,1506,0.1388
144,1352,1496,0.1388
137,1377,1514,0.1388
136,1366,1502,0.1388
139,1358,1497,0.1388
140,1362,1502,0.1388
140,1369,1509,0.1388
139,1376,1515,0.1388
137,1379,1516,0.1388
134,1376,1510,0.1388
135,1384,1519,0.1388
134,1383,1517,0.1388
130,1377,1507,0.1388
133,1374,1507,0.1388
132,1377,1509,0.1388
132,1380,1512,0.1388
135,1380,1515,0.1388
136,1380,1516,0.1388
134,1374,1508,0.1388
138,1389,1527,0.1388
138,1383,1521,0.1388
134,1381,1515,0.1388
130,1367,1497,0.1388
130,1367,1497,0.1388
127,1380,1507,0.1388
129,1379,1508,0.1388
123,1381,1504,0.1388
125,1389,1514,0.1388
127,1397,1524,0.1388
127,1396,1523,0.1388
128,1399,1527,0.1388
131,1392,1523,0.1388
134,1378,1512,0.1388
131,1386,1517,0.1388
133,1376,1509,0.1388
130,1372,1502,0.1388
131,1363,1494,0.1388
131,1361,1492,0.1388
131,1372,1503,0.1388
129,1380,1509,0.1388
126,1381,1507,0.1388
124,1384,1508,0.1388
124,1384,1508,0.1388
121,1384,1505,0.1388
116,1398,1514,0.1388
118,1394,1512,0.1388
120,1398,1518,0.1388
122,1392,1514,0.1388
122,1397,1519,0.1388
119,1388,1507,0.1388
120,1403,1523,0.1388
120,1405,1525,0.1388
123,1409,1532,0.1388
124,1385,1509,0.1388
125,1390,1515,0.1388
118,1392,1510,0.1388
121,1399,1520,0.1388
119,1395,1514,0.1388
117,1399,1516,0.1388
120,1410,1530,0.1388
114,1399,1513,0.1388
113,1409,1522,0.1388
113,1401,1514,0.1388
113,1405,1518,0.1388
112,1395,1507,0.1388
112,1398,1510,0.1388
111,1411,1522,0.1388
108,1404,1512,0.1388
107,1403,1510,0.1388
107,1408,1515,0.1388
109,1406,1515,0.1388
108,1407,1515,0.1388
110,1400,1510,0.1388
110,1399,1509,0.1388
109,1394,1503,0.1388
108,1394,1502,0.1388
109,1400,1509,0.1388
109,1402,1511,0.1388
107,1404,1511,0.1388
108,1397,1505,0.1388
109,1411,1520,0.1388
110,1409,1519,0.1388
105,1414,1519,0.1388
103,1416,1519,0.1388
102,1399,1501,0.1388
103,1418,1521,0.1388
105,1422,1527,0.1388
105,1401,1506,0.1388
106,1387,1493,0.1388
107,1395,1502,0.1388
105,1402,1507,0.1388
103,1400,1503,0.1388
104,1416,1520,0.1388
105,1417,1522,0.1388
102,1410,1512,0.1388
101,1403,1504,0.1388
100,1412,1512,0.1388
99,1414,1513,0.1388
101,1417,1518,0.1388
101,1417,1518,0.1388
100,1418,1518,0.1388
97,1412,1509,0.1388
94,1409,1503,0.1388
92,1425,1517,0.1388
90,1428,1518,0.1388
92,1439,1531,0.1388
93,1432,1525,0.1388
92,1429,1521,0.1388
92,1426,1518,0.1388
92,1423,1515,0.1388
91,1427,1518,0.1388
90,1435,1525,0.1388
86,1451,1537,0.1388
84,1447,1531,0.1388
80,1435,1515,0.1388
79,1426,1505,0.1388
79,1427,1506,0.1388
75,1441,1516,0.1388
76,1441,1517,0.1388
73,1446,1519,0.1388
73,1448,1521,0.1388
73,1453,1526,0.1388
74,1456,1530,0.1388
74,1439,1513,0.1388
76,1446,1522,0.1388
75,1446,1521,0.1388
75,1448,1523,0.1388
75,1448,1523,0.1388
75,1437,1512,0.1388
71,1442,1513,0.1388
74,1445,1519,0.1388
70,1446,1516,0.1388
71,1458,1529,0.1388
72,1465,1537,0.1388
71,1463,1534,0.1388
71,1444,1515,0.1388
71,1454,1525,0.1388
70,1451,1521,0.1388
69,1462,1531,0.1388
69,1456,1525,0.1388
68,1458,1526,0.1388
68,1455,1523,0.1388
68,1444,1512,0.1388
66,1447,1513,0.1388
63,1439,1502,0.1388
62,1443,1505,0.1388
62,1456,1518,0.1388
63,1451,1514,0.1388
66,1436,1502,0.1388
67,1449,1516,0.1388
67,1455,1522,0.1388
67,1463,1530,0.1388
66,1463,1529,0.1388
64,1463,1527,0.1388
64,1468,1532,0.1388
64,1456,1520,0.1388
65,1448,1513,0.1388
65,1443,1508,0.1388
65,1447,1512,0.1388
69,1451,1520,0.1388
69,1451,1520,0.1388
67,1448,1515,0.1388
67,1456,1523,0.1388
67,1460,1527,0.1388
66,1461,1527,0.1388
67,1440,1507,0.1388
67,1445,1512,0.1388
68,1446,1514,0.1388
68,1447,1515,0.1388
66,1440,1506,0.1388
67,1448,1515,0.1388
67,1433,1500,0.1388
67,1445,1512,0.1388
67,1458,1525,0.1388
66,1463,1529,0.1388
66,1467,1533,0.1388
67,1454,1521,0.1388
68,1455,1523,0.1388
69,1458,1527,0.1388
67,1455,1522,0.1388
67,1453,1520,0.1388
62,1459,1521,0.1388
62,1454,1516,0.1388
60,1449,1509,0.1388
60,1450,1510,0.1388
58,1457,1515,0.1388
56,1465,1521,0.1388
55,1450,1505,0.1388
53,1465,1518,0.1388
54,1468,1522,0.1388
56,1453,1509,0.1388
55,1457,1512,0.1388
54,1461,1515,0.1388
54,1454,1508,0.1388
54,1465,1519,0.1388
55,1459,1514,0.1388
56,1464,1520,0.1388
58,1466,1524,0.1388
57,1470,1527,0.1388
56,1470,1526,0.1388
56,1465,1521,0.1388
56,1465,1521,0.1388
56,1470,1526,0.1388
57,1467,1524,0.1388
58,1463,1521,0.1388
56,1473,1529,0.1388
52,1468,1520,0.1388
52,1454,1506,0.1388
53,1460,1513,0.1388
53,1442,1495,0.1388
51,1444,1495,0.1388
51,1461,1512,0.1388
52,1473,1525,0.1388
50,1481,1531,0.1388
49,1479,1528,0.1388
48,1468,1516,0.1388
47,1478,1525,0.1388
50,1482,1532,0.1388
49,1469,1518,0.1388
50,1472,1522,0.1388
50,1461,1511,0.1388
50,1469,1519,0.1388
48,1467,1515,0.1388
48,1471,1519,0.1388
52,1460,1512,0.1388
52,1464,1516,0.1388
47,1464,1511,0.1388
46,1459,1505,0.1388
44,1475,1519,0.1388
48,1475,1523,0.1388
49,1487,1536,0.1388
50,1477,1527,0.1388
48,1490,1538,0.1388
48,1480,1528,0.1388
49,1468,1517,0.1388
49,1466,1515,0.1388
48,1470,1518,0.1388
49,1453,1502,0.1388
48,1464,1512,0.1388
48,1468,1516,0.1388
47,1449,1496,0.1388
47,1438,1485,0.1388
46,1462,1508,0.1388
45,1468,1513,0.1388
45,1462,1507,0.1388
43,1453,1496,0.1388
41,1456,1497,0.1388
43,1462,1505,0.1388
41,1487,1528,0.1388
40,1492,1532,0.1388
40,1490,1530,0.1388
40,1476,1516,0.1388
38,1472,1510,0.1388
38,1474,1512,0.1388
37,1478,1515,0.1388
39,1469,1508,0.1388
40,1478,1518,0.1388
41,1477,1518,0.1388
40,1488,1528,0.1388
39,1491,1530,0.1388
39,1479,1518,0.1388
37,1483,1520,0.1388
39,1485,1524,0.1388
39,1492,1531,0.1388
37,1473,1510,0.1388
38,1483,1521,0.1388
37,1483,1520,0.1388
37,1482,1519,0.1388
38,1468,1506,0.1388
39,1469,1508,0.1388
37,1471,1508,0.1388
36,1472,1508,0.1388
36,1482,1518,0.1388
35,1477,1512,0.1388
35,1475,1510,0.1388
35,1480,1515,0.1388
33,1497,1530,0.1388
31,1489,1520,0.1388
32,1492,1524,0.1388
32,1489,1521,0.1388
32,1494,1526,0.1388
33,1492,1525,0.1388
31,1493,1524,0.1388
31,1492,1523,0.1388
28,1496,1524,0.1388
27,1486,1513,0.1388
25,1480,1505,0.1388
24,1483,1507,0.1388
23,1489,1512,0.1388
23,1489,1512,0.1388
23,1505,1528,0.1388
23,1499,1522,0.1388
22,1500,1522,0.1388
20,1491,1511,0.1388
21,1506,1527,0.1388
22,1502,1524,0.1388
21,1495,1516,0.1388
21,1482,1503,0.1388
22,1498,1520,0.1388
23,1504,1527,0.1388
22,1508,1530,0.1388
22,1492,1514,0.1388
19,1505,1524,0.1388
19,1512,1531,0.1388
19,1498,1517,0.1388
19,1497,1516,0.1388
18,1499,1517,0.1388
18,1504,1522,0.1388
18,1494,1512,0.1388
18,1499,1517,0.1388
19,1494,1513,0.1388
20,1491,1511,0.1388
20,1490,1510,0.1388
20,1494,1514,0.1388
21,1490,1511,0.1388
21,1491,1512,0.1388
20,1492,1512,0.1388
22,1496,1518,0.1388
23,1501,1524,0.1388
23,1513,1536,0.1388
22,1514,1536,0.1388
23,1501,1524,0.1388
21,1509,1530,0.1388
22,1511,1533,0.1388
23,1498,1521,0.1388
22,1495,1517,0.1388
20,1498,1518,0.1388
22,1503,1525,0.1388
22,1506,1528,0.1388
23,1500,1523,0.1388
25,1510,1535,0.1388
25,1507,1532,0.1388
25,1494,1519,0.1388
24,1483,1507,0.1388
23,1489,1512,0.1388
25,1475,1500,0.1388
26,1477,1503,0.1388
26,1500,1526,0.1388
26,1497,1523,0.1388
28,1501,1529,0.1388
29,1497,1526,0.1388
28,1497,1525,0.1388
27,1500,1527,0.1388
27,1501,1528,0.1388
28,1489,1517,0.1388
28,1493,1521,0.1388
29,1491,1520,0.1388
29,1491,1520,0.1388
28,1492,1520,0.1388
29,1489,1518,0.1388
28,1498,1526,0.1388
29,1496,1525,0.1388
28,1502,1530,0.1388
28,1497,1525,0.1388
26,1497,1523,0.1388
28,1490,1518,0.1388
28,1490,1518,0.1388
26,1493,1519,0.1388
25,1498,1523,0.1388
25,1479,1504,0.1388
25,1500,1525,0.1388
25,1509,1534,0.1388
25,1505,1530,0.1388
24,1504,1528,0.1388
26,1500,1526,0.1388
25,1492,1517,0.1388
25,1494,1519,0.1388
24,1499,1523,0.1388
25,1496,1521,0.1388
25,1489,1514,0.1388
26,1491,1517,0.1388
26,1497,1523,0.1388
24,1490,1514,0.1388
25,1505,1530,0.1388
23,1494,1517,0.1388
23,1497,1520,0.1388
23,1510,1533,0.1388
22,1501,1523,0.1388
21,1502,1523,0.1388
21,1501,1522,0.1388
22,1499,1521,0.1388
22,1492,1514,0.1388
22,1486,1508,0.1388
21,1486,1507,0.1388
21,1485,1506,0.1388
22,1474,1496,0.1388
23,1480,1503,0.1388
23,1506,1529,0.1388
23,1501,1524,0.1388
23,1489,1512,0.1388
24,1481,1505,0.1388
23,1485,1508,0.1388
21,1489,1510,0.1388
21,1491,1512,0.1388
22,1490,1512,0.1388
19,1497,1516,0.1388
18,1482,1500,0.1388
20,1491,1511,0.1388
22,1489,1511,0.1388
23,1491,1514,0.1388
23,1478,1501,0.1388
24,1486,1510,0.1388
24,1488,1512,0.1388
23,1491,1514,0.1388
21,1479,1500,0.1388
20,1481,1501,0.1388
20,1501,1521,0.1388
20,1501,1521,0.1388
20,1495,1515,0.1388
19,1501,1520,0.1388
19,1486,1505,0.1388
20,1491,1511,0.1388
20,1491,1511,0.1388
22,1491,1513,0.1388
21,1488,1509,0.1388
22,1496,1518,0.1388
22,1491,1513,0.1388
20,1482,1502,0.1388
18,1497,1515,0.1388
17,1505,1522,0.1388
16,1499,1515,0.1388
14,1496,1510,0.1388
13,1508,1521,0.1388
13,1514,1527,0.1388
12,1512,1524,0.1388
12,1511,1523,0.1388
11,1533,1544,0.1388
10,1524,1534,0.1388
10,1528,1538,0.1388
11,1518,1529,0.1388
11,1524,1535,0.1388
9,1531,1540,0.1388
9,1538,1547,0.1388
8,1521,1529,0.1388
9,1515,1524,0.1388
9,1520,1529,0.1388
9,1516,1525,0.1388
7,1509,1516,0.1388
6,1510,1516,0.1388
5,1510,1515,0.1388
5,1514,1519,0.1388
5,1520,1525,0.1388
5,1519,1524,0.1388
5,1513,1518,0.1388
5,1520,1525,0.1388
5,1523,1528,0.1388
5,1519,1524,0.1388
5,1518,1523,0.1388
5,1513,1518,0.1388
5,1512,1517,0.1388
5,1504,1509,0.1388
6,1502,1508,0.1388
6,1500,1506,0.1388
6,1501,1507,0.1388
6,1514,1520,0.1388
6,1518,1524,0.1388
6,1516,1522,0.1388
6,1529,1535,0.1388
6,1514,1520,0.1388
6,1522,1528,0.1388
6,1537,1543,0.1388
6,1536,1542,0.1388
6,1516,1522,0.1388
6,1515,1521,0.1388
6,1520,1526,0.1388
6,1503,1509,0.1388
6,1513,1519,0.1388
6,1517,1523,0.1388
6,1524,1530,0.1388
5,1524,1529,0.1388
5,1522,1527,0.1388
6,1512,1518,0.1388
6,1520,1526,0.1388
5,1511,1516,0.1388
5,1509,1514,0.1388
5,1518,1523,0.1388
5,1511,1516,0.1388
4,1506,1510,0.1388
4,1516,1520,0.1388
4,1519,1523,0.1388
4,1510,1514,0.1388
4,1504,1508,0.1388
5,1502,1507,0.1388
4,1490,1494,0.1388
4,1512,1516,0.1388
4,1522,1526,0.1388
3,1521,1524,0.1388
3,1517,1520,0.1388
4,1505,1509,0.1388
4,1510,1514,0.1388
4,1501,1505,0.1388
3,1502,1505,0.1388
3,1504,1507,0.1388
3,1502,1505,0.1388
3,1513,1516,0.1388
3,1510,1513,0.1388
3,1509,1512,0.1388
3,1488,1491,0.1388
3,1494,1497,0.1388
3,1513,1516,0.1388
3,1511,1514,0.1388
3,1511,1514,0.1388
2,1528,1530,0.1388
2,1511,1513,0.1388
2,1523,1525,0.1388
2,1530,1532,0.1388
2,1517,1519,0.1388
2,1505,1507,0.1388
2,1509,1511,0.1388
2,1515,1517,0.1388
2,1512,1514,0.1388
1,1519,1520,0.1388
1,1519,1520,0.1388
1,1508,1509,0.1388
1,1508,1509,0.1388
1,1514,1515,0.1388
1,1528,1529,0.1388
1,1517,1518,0.1388
1,1494,1495,0.1388
1,1501,1502,0.1388
1,1513,1514,0.1388
1,1517,1518,0.1388
1,1508,1509,0.1388
1,1511,1512,0.1388
1,1518,1519,0.1388
1,1516,1517,0.1388
1,1517,1518,0.1388
1,1516,1517,0.1388
1,1516,1517,0.1388
1,1522,1523,0.1388
1,1523,1524,0.1388
1,1515,1516,0.1388
1,1513,1514,0.1388
0,1510,1510,0.1388
