1371,29,1400,0.1388
1397,32,1429,0.1388
1418,29,1447,0.1388
1448,30,1478,0.1388
1458,30,1488,0.1388
1459,31,1490,0.1388
1469,29,1498,0.1388
1452,30,1482,0.1388
1458,33,1491,0.1388
1447,32,1479,0.1388
1442,32,1474,0.1388
1455,34,1489,0.1388
1450,34,1484,0.1388
1439,35,1474,0.1388
1444,38,1482,0.1388
1447,39,1486,0.1388
1451,38,1489,0.1388
1459,37,1496,0.1388
1462,38,1500,0.1388
1460,38,1498,0.1388
1465,38,1503,0.1388
1457,38,1495,0.1388
1463,41,1504,0.1388
1468,40,1508,0.1388
1462,38,1500,0.1388
1449,39,1488,0.1388
1454,37,1491,0.1388
1449,38,1487,0.1388
1439,38,1477,0.1388
1443,44,1487,0.1388
1459,44,1503,0.1388
1457,42,1499,0.1388
1461,41,1502,0.1388
1456,41,1497,0.1388
1446,40,1486,0.1388
1452,40,1492,0.1388
1466,40,1506,0.1388
1449,40,1489,0.1388
1452,41,1493,0.1388
1458,38,1496,0.1388
1450,37,1487,0.1388
1449,35,1484,0.1388
1455,35,1490,0.1388
1454,34,1488,0.1388
1451,35,1486,0.1388
1458,35,1493,0.1388
1463,34,1497,0.1388
1468,34,1502,0.1388
1483,33,1516,0.1388
1489,32,1521,0.1388
1481,30,1511,0.1388
1473,32,1505,0.1388
1471,30,1501,0.1388
1464,31,1495,0.1388
1460,30,1490,0.1388
1467,31,1498,0.1388
1458,31,1489,0.1388
1455,31,1486,0.1388
1461,31,1492,0.1388
1470,31,1501,0.1388
1463,32,1495,0.1388
1457,32,1489,0.1388
1464,32,1496,0.1388
1455,33,1488,0.1388
1458,31,1489,0.1388
1466,33,1499,0.1388
1454,35,1489,0.1388
1451,36,1487,0.1388
1460,38,1498,0.1388
1455,39,1494,0.1388
1445,42,1487,0.1388
1448,41,1489,0.1388
1437,41,1478,0.1388
1450,43,1493,0.1388
1455,41,1496,0.1388
1440,42,1482,0.1388
1451,42,1493,0.1388
1456,42,1498,0.1388
1445,43,1488,0.1388
1448,41,1489,0.1388
1464,41,1505,0.1388
1449,43,1492,0.1388
1447,42,1489,0.1388
1445,42,1487,0.1388
1450,45,1495,0.1388
1463,43,1506,0.1388
1467,43,1510,0.1388
1468,43,1511,0.1388
1475,45,1520,0.1388
1463,43,1506,0.1388
1454,44,1498,0.1388
1456,43,1499,0.1388
1441,41,1482,0.1388
1452,42,1494,0.1388
1456,44,1500,0.1388
1452,46,1498,0.1388
1440,48,1488,0.1388
1434,49,1483,0.1388
1432,50,1482,0.1388
1436,50,1486,0.1388
1439,51,1490,0.1388
1444,51,1495,0.1388
1451,53,1504,0.1388
1447,49,1496,0.1388
1439,49,1488,0.1388
1438,52,1490,0.1388
1440,58,1498,0.1388
1424,58,1482,0.1388
1424,57,1481,0.1388
1421,55,1476,0.1388
1419,57,1476,0.1388
1433,60,1493,0.1388
1424,61,1485,0.1388
1429,60,1489,0.1388
1442,58,1500,0.1388
1432,57,1489,0.1388
1420,60,1480,0.1388
1432,60,1492,0.1388
1436,60,1496,0.1388
1436,60,1496,0.1388
1432,65,1497,0.1388
1434,65,1499,0.1388
1436,66,1502,0.1388
1442,63,1505,0.1388
1444,64,1508,0.1388
1441,64,1505,0.1388
1438,65,1503,0.1388
1440,66,1506,0.1388
1426,68,1494,0.1388
1427,65,1492,0.1388
1436,65,1501,0.1388
1438,67,1505,0.1388
1446,66,1512,0.1388
1442,67,1509,0.1388
1443,65,1508,0.1388
1435,65,1500,0.1388
1422,68,1490,0.1388
1423,66,1489,0.1388
1421,64,1485,0.1388
1414,67,1481,0.1388
1422,69,1491,0.1388
1417,67,1484,0.1388
1423,68,1491,0.1388
1418,70,1488,0.1388
1422,69,1491,0.1388
1425,70,1495,0.1388
1412,66,1478,0.1388
1421,66,1487,0.1388
1420,69,1489,0.1388
1413,67,1480,0.1388
1424,68,1492,0.1388
1413,67,1480,0.1388
1418,67,1485,0.1388
1425,67,1492,0.1388
1426,68,1494,0.1388
1433,67,1500,0.1388
1427,67,1494,0.1388
1435,69,1504,0.1388
1440,66,1506,0.1388
1427,70,1497,0.1388
1419,69,1488,0.1388
1415,69,1484,0.1388
1432,70,1502,0.1388
1417,72,1489,0.1388
1412,72,1484,0.1388
1413,73,1486,0.1388
1417,77,1494,0.1388
1407,74,1481,0.1388
1403,76,1479,0.1388
1421,74,1495,0.1388
1428,73,1501,0.1388
1427,73,1500,0.1388
1428,73,1501,0.1388
1423,73,1496,0.1388
1433,74,1507,0.1388
1439,76,1515,0.1388
1433,74,1507,0.1388
1402,76,1478,0.1388
1407,78,1485,0.1388
1406,79,1485,0.1388
1402,80,1482,0.1388
1403,80,1483,0.1388
1414,76,1490,0.1388
1419,77,1496,0.1388
1416,79,1495,0.1388
1414,79,1493,0.1388
1408,82,1490,0.1388
1412,82,1494,0.1388
1411,83,1494,0.1388
1413,86,1499,0.1388
1423,84,1507,0.1388
1416,86,1502,0.1388
1424,86,1510,0.1388
1415,87,1502,0.1388
1407,86,1493,0.1388
1413,88,1501,0.1388
1407,87,1494,0.1388
1407,85,1492,0.1388
1401,88,1489,0.1388
1396,85,1481,0.1388
1407,87,1494,0.1388
1407,87,1494,0.1388
1409,90,1499,0.1388
1397,90,1487,0.1388
1401,88,1489,0.1388
1403,92,1495,0.1388
1408,92,1500,0.1388
1398,101,1499,0.1388
1410,99,1509,0.1388
1407,97,1504,0.1388
1388,100,1488,0.1388
1381,102,1483,0.1388
1400,102,1502,0.1388
1395,98,1493,0.1388
1396,103,1499,0.1388
1404,105,1509,0.1388
1403,106,1509,0.1388
1408,102,1510,0.1388
1402,106,1508,0.1388
1405,110,1515,0.1388
1399,109,1508,0.1388
1399,108,1507,0.1388
1402,106,1508,0.1388
1409,105,1514,0.1388
1413,101,1514,0.1388
1416,99,1515,0.1388
1407,98,1505,0.1388
1397,100,1497,0.1388
1405,103,1508,0.1388
1403,104,1507,0.1388
1397,101,1498,0.1388
1398,101,1499,0.1388
1397,101,1498,0.1388
1392,102,1494,0.1388
1384,102,1486,0.1388
1383,107,1490,0.1388
1383,105,1488,0.1388
1377,106,1483,0.1388
1371,106,1477,0.1388
1375,104,1479,0.1388
1385,107,1492,0.1388
1385,107,1492,0.1388
1384,110,1494,0.1388
1387,109,1496,0.1388
1397,106,1503,0.1388
1393,109,1502,0.1388
1400,110,1510,0.1388
1398,107,1505,0.1388
1401,104,1505,0.1388
1396,108,1504,0.1388
1391,107,1498,0.1388
1383,109,1492,0.1388
1384,108,1492,0.1388
1386,109,1495,0.1388
1392,112,1504,0.1388
1386,109,1495,0.1388
1375,110,1485,0.1388
1377,112,1489,0.1388
1381,113,1494,0.1388
1384,115,1499,0.1388
1386,117,1503,0.1388
1375,115,1490,0.1388
1384,119,1503,0.1388
1389,117,1506,0.1388
1387,118,1505,0.1388
1380,119,1499,0.1388
1371,118,1489,0.1388
1363,121,1484,0.1388
1368,125,1493,0.1388
1363,122,1485,0.1388
1376,130,1506,0.1388
1388,129,1517,0.1388
1380,128,1508,0.1388
1381,131,1512,0.1388
1370,130,1500,0.1388
1376,128,1504,0.1388
1373,125,1498,0.1388
1378,125,1503,0.1388
1372,126,1498,0.1388
1355,124,1479,0.1388
1353,125,1478,0.1388
1354,122,1476,0.1388
1364,121,1485,0.1388
1352,122,1474,0.1388
1355,126,1481,0.1388
1368,125,1493,0.1388
1369,123,1492,0.1388
1369,124,1493,0.1388
1376,124,1500,0.1388
1374,125,1499,0.1388
1377,123,1500,0.1388
1364,130,1494,0.1388
1354,133,1487,0.1388
1357,135,1492,0.1388
1372,135,1507,0.1388
1372,133,1505,0.1388
1359,137,1496,0.1388
1343,137,1480,0.1388
1343,137,1480,0.1388
1342,137,1479,0.1388
1344,138,1482,0.1388
1346,143,1489,0.1388
1361,141,1502,0.1388
1365,147,1512,0.1388
1356,145,1501,0.1388
1362,145,1507,0.1388
1354,146,1500,0.1388
1353,150,1503,0.1388
1344,150,1494,0.1388
1348,153,1501,0.1388
1347,160,1507,0.1388
1347,158,1505,0.1388
1346,160,1506,0.1388
1333,164,1497,0.1388
1330,161,1491,0.1388
1340,160,1500,0.1388
1327,163,1490,0.1388
1326,162,1488,0.1388
1320,165,1485,0.1388
1317,168,1485,0.1388
1324,172,1496,0.1388
1326,173,1499,0.1388
1318,169,1487,0.1388
1318,170,1488,0.1388
1315,173,1488,0.1388
1317,170,1487,0.1388
1317,175,1492,0.1388
1318,177,1495,0.1388
1325,180,1505,0.1388
1327,180,1507,0.1388
1322,181,1503,0.1388
1318,181,1499,0.1388
1322,181,1503,0.1388
1324,179,1503,0.1388
1323,180,1503,0.1388
1327,182,1509,0.1388
1328,180,1508,0.1388
1319,181,1500,0.1388
1327,184,1511,0.1388
1336,182,1518,0.1388
1319,182,1501,0.1388
1315,180,1495,0.1388
1306,184,1490,0.1388
1305,184,1489,0.1388
1294,188,1482,0.1388
1293,190,1483,0.1388
1303,190,1493,0.1388
1303,187,1490,0.1388
1299,186,1485,0.1388
1295,187,1482,0.1388
1283,184,1467,0.1388
1298,185,1483,0.1388
1294,190,1484,0.1388
1295,189,1484,0.1388
1295,182,1477,0.1388
1296,187,1483,0.1388
1295,192,1487,0.1388
1290,192,1482,0.1388
1305,190,1495,0.1388
1307,189,1496,0.1388
1298,187,1485,0.1388
1290,189,1479,0.1388
1291,195,1486,0.1388
1299,199,1498,0.1388
1293,204,1497,0.1388
1276,212,1488,0.1388
1272,210,1482,0.1388
1277,214,1491,0.1388
1286,216,1502,0.1388
1293,224,1517,0.1388
1273,226,1499,0.1388
1274,224,1498,0.1388
1272,217,1489,0.1388
1269,225,1494,0.1388
1261,227,1488,0.1388
1264,225,1489,0.1388
1263,226,1489,0.1388
1264,222,1486,0.1388
1260,218,1478,0.1388
1259,219,1478,0.1388
1261,218,1479,0.1388
1261,217,1478,0.1388
1271,222,1493,0.1388
1271,221,1492,0.1388
1263,220,1483,0.1388
1270,216,1486,0.1388
1271,218,1489,0.1388
1256,224,1480,0.1388
1255,224,1479,0.1388
1263,218,1481,0.1388
1269,220,1489,0.1388
1282,219,1501,0.1388
1284,228,1512,0.1388
1272,234,1506,0.1388
1274,232,1506,0.1388
1259,232,1491,0.1388
1269,234,1503,0.1388
1260,239,1499,0.1388
1259,238,1497,0.1388
1268,242,1510,0.1388
1277,239,1516,0.1388
1273,239,1512,0.1388
1273,235,1508,0.1388
1263,240,1503,0.1388
1258,235,1493,0.1388
1250,240,1490,0.1388
1253,243,1496,0.1388
1245,249,1494,0.1388
1249,243,1492,0.1388
1250,234,1484,0.1388
1251,236,1487,0.1388
1246,239,1485,0.1388
1230,243,1473,0.1388
1248,248,1496,0.1388
1231,253,1484,0.1388
1231,253,1484,0.1388
1229,255,1484,0.1388
1231,253,1484,0.1388
1241,259,1500,0.1388
1246,259,1505,0.1388
1234,260,1494,0.1388
1238,258,1496,0.1388
1225,256,1481,0.1388
1238,266,1504,0.1388
1241,265,1506,0.1388
1245,266,1511,0.1388
1235,266,1501,0.1388
1226,262,1488,0.1388
1228,266,1494,0.1388
1218,263,1481,0.1388
1218,270,1488,0.1388
1236,273,1509,0.1388
1238,272,1510,0.1388
1232,270,1502,0.1388
1236,271,1507,0.1388
1239,270,1509,0.1388
1232,271,1503,0.1388
1233,266,1499,0.1388
1236,264,1500,0.1388
1237,257,1494,0.1388
1241,254,1495,0.1388
1252,250,1502,0.1388
1249,252,1501,0.1388
1248,253,1501,0.1388
1246,251,1497,0.1388
1240,252,1492,0.1388
1245,250,1495,0.1388
1233,259,1492,0.1388
1233,260,1493,0.1388
1249,262,1511,0.1388
1238,264,1502,0.1388
1246,264,1510,0.1388
1243,265,1508,0.1388
1241,266,1507,0.1388
1237,262,1499,0.1388
1227,265,1492,0.1388
1238,267,1505,0.1388
1237,265,1502,0.1388
1247,266,1513,0.1388
1248,266,1514,0.1388
1236,266,1502,0.1388
1227,266,1493,0.1388
1218,268,1486,0.1388
1224,264,1488,0.1388
1222,263,1485,0.1388
1228,265,1493,0.1388
1231,260,1491,0.1388
1237,260,1497,0.1388
1232,264,1496,0.1388
1238,265,1503,0.1388
1242,271,1513,0.1388
1227,275,1502,0.1388
1230,272,1502,0.1388
1219,267,1486,0.1388
1215,267,1482,0.1388
1217,277,1494,0.1388
1217,276,1493,0.1388
1219,272,1491,0.1388
1220,270,1490,0.1388
1231,266,1497,0.1388
1231,267,1498,0.1388
1236,271,1507,0.1388
1242,267,1509,0.1388
1235,270,1505,0.1388
1233,271,1504,0.1388
1231,262,1493,0.1388
1235,269,1504,0.1388
1231,273,1504,0.1388
1233,276,1509,0.1388
1239,272,1511,0.1388
1239,269,1508,0.1388
1237,270,1507,0.1388
1247,277,1524,0.1388
1242,278,1520,0.1388
1228,281,1509,0.1388
1212,279,1491,0.1388
1215,280,1495,0.1388
1224,280,1504,0.1388
1230,285,1515,0.1388
1230,281,1511,0.1388
1223,284,1507,0.1388
1227,284,1511,0.1388
1217,281,1498,0.1388
1217,278,1495,0.1388
1218,285,1503,0.1388
1225,289,1514,0.1388
1201,294,1495,0.1388
1188,299,1487,0.1388
1183,298,1481,0.1388
1194,299,1493,0.1388
1201,301,1502,0.1388
1208,302,1510,0.1388
1198,307,1505,0.1388
1190,305,1495,0.1388
1183,312,1495,0.1388
1183,306,1489,0.1388
1201,308,1509,0.1388
1209,306,1515,0.1388
1206,304,1510,0.1388
1197,313,1510,0.1388
1196,315,1511,0.1388
1191,316,1507,0.1388
1201,315,1516,0.1388
1188,311,1499,0.1388
1176,309,1485,0.1388
1176,318,1494,0.1388
1183,318,1501,0.1388
1182,322,1504,0.1388
1168,319,1487,0.1388
1182,320,1502,0.1388
1185,318,1503,0.1388
1180,319,1499,0.1388
1184,323,1507,0.1388
1189,316,1505,0.1388
1190,323,1513,0.1388
1170,322,1492,0.1388
1168,321,1489,0.1388
1174,319,1493,0.1388
1177,324,1501,0.1388
1160,324,1484,0.1388
1152,327,1479,0.1388
1152,324,1476,0.1388
1171,324,1495,0.1388
1168,331,1499,0.1388
1169,334,1503,0.1388
1166,338,1504,0.1388
1161,343,1504,0.1388
1143,350,1493,0.1388
1159,351,1510,0.1388
1158,351,1509,0.1388
1152,353,1505,0.1388
1151,356,1507,0.1388
1150,359,1509,0.1388
1145,348,1493,0.1388
1139,351,1490,0.1388
1150,358,1508,0.1388
1154,371,1525,0.1388
1150,370,1520,0.1388
1145,370,1515,0.1388
1146,373,1519,0.1388
1136,374,1510,0.1388
1125,382,1507,0.1388
1114,376,1490,0.1388
1115,384,1499,0.1388
1118,388,1506,0.1388
1112,385,1497,0.1388
1103,385,1488,0.1388
1107,388,1495,0.1388
1102,386,1488,0.1388
1109,390,1499,0.1388
1101,386,1487,0.1388
1104,388,1492,0.1388
1105,395,1500,0.1388
1105,392,1497,0.1388
1107,382,1489,0.1388
1107,390,1497,0.1388
1109,387,1496,0.1388
1105,394,1499,0.1388
1107,395,1502,0.1388
1099,395,1494,0.1388
1105,405,1510,0.1388
1094,409,1503,0.1388
1085,406,1491,0.1388
1083,404,1487,0.1388
1079,402,1481,0.1388
1081,412,1493,0.1388
1086,411,1497,0.1388
1087,420,1507,0.1388
1075,419,1494,0.1388
1072,428,1500,0.1388
1078,431,1509,0.1388
1087,426,1513,0.1388
1079,426,1505,0.1388
1083,427,1510,0.1388
1094,424,1518,0.1388
1099,426,1525,0.1388
1082,426,1508,0.1388
1076,419,1495,0.1388
1073,422,1495,0.1388
1075,426,1501,0.1388
1076,429,1505,0.1388
1079,430,1509,0.1388
1071,432,1503,0.1388
1067,430,1497,0.1388
1067,435,1502,0.1388
1067,437,1504,0.1388
1058,439,1497,0.1388
1066,436,1502,0.1388
1059,444,1503,0.1388
1054,438,1492,0.1388
1060,441,1501,0.1388
1062,439,1501,0.1388
1062,436,1498,0.1388
1052,432,1484,0.1388
1052,444,1496,0.1388
1055,436,1491,0.1388
1068,436,1504,0.1388
1066,437,1503,0.1388
1054,436,1490,0.1388
1053,437,1490,0.1388
1055,443,1498,0.1388
1054,432,1486,0.1388
1066,446,1512,0.1388
1078,438,1516,0.1388
1080,433,1513,0.1388
1075,438,1513,0.1388
1082,440,1522,0.1388
1063,444,1507,0.1388
1059,445,1504,0.1388
1068,450,1518,0.1388
1062,456,1518,0.1388
1069,448,1517,0.1388
1060,440,1500,0.1388
1057,444,1501,0.1388
1050,455,1505,0.1388
1049,464,1513,0.1388
1052,467,1519,0.1388
1051,477,1528,0.1388
1040,477,1517,0.1388
1046,470,1516,0.1388
1034,480,1514,0.1388
1028,490,1518,0.1388
1027,483,1510,0.1388
1021,475,1496,0.1388
1027,480,1507,0.1388
1022,479,1501,0.1388
1029,477,1506,0.1388
1029,480,1509,0.1388
1027,480,1507,0.1388
1024,482,1506,0.1388
1029,477,1506,0.1388
1025,487,1512,0.1388
1021,489,1510,0.1388
1021,491,1512,0.1388
1014,487,1501,0.1388
1019,483,1502,0.1388
1026,489,1515,0.1388
1025,486,1511,0.1388
1022,490,1512,0.1388
1008,481,1489,0.1388
1014,480,1494,0.1388
1018,483,1501,0.1388
1007,486,1493,0.1388
1001,482,1483,0.1388
1013,491,1504,0.1388
1009,493,1502,0.1388
1007,493,1500,0.1388
998,496,1494,0.1388
999,501,1500,0.1388
987,501,1488,0.1388
989,500,1489,0.1388
985,498,1483,0.1388
987,503,1490,0.1388
984,509,1493,0.1388
988,516,1504,0.1388
994,517,1511,0.1388
993,513,1506,0.1388
996,511,1507,0.1388
997,512,1509,0.1388
999,513,1512,0.1388
992,517,1509,0.1388
986,518,1504,0.1388
983,523,1506,0.1388
979,517,1496,0.1388
985,510,1495,0.1388
981,506,1487,0.1388
975,510,1485,0.1388
976,514,1490,0.1388
979,529,1508,0.1388
965,522,1487,0.1388
961,519,1480,0.1388
969,522,1491,0.1388
972,518,1490,0.1388
975,519,1494,0.1388
977,523,1500,0.1388
967,531,1498,0.1388
970,539,1509,0.1388
969,539,1508,0.1388
975,533,1508,0.1388
977,537,1514,0.1388
968,529,1497,0.1388
966,531,1497,0.1388
962,525,1487,0.1388
968,528,1496,0.1388
970,535,1505,0.1388
966,542,1508,0.1388
960,542,1502,0.1388
961,538,1499,0.1388
965,550,1515,0.1388
954,541,1495,0.1388
958,541,1499,0.1388
953,536,1489,0.1388
958,535,1493,0.1388
953,541,1494,0.1388
964,548,1512,0.1388
966,546,1512,0.1388
958,555,1513,0.1388
955,557,1512,0.1388
958,558,1516,0.1388
953,549,1502,0.1388
958,546,1504,0.1388
961,551,1512,0.1388
951,561,1512,0.1388
950,561,1511,0.1388
948,567,1515,0.1388
961,566,1527,0.1388
953,572,1525,0.1388
957,574,1531,0.1388
943,569,1512,0.1388
936,570,1506,0.1388
931,567,1498,0.1388
948,567,1515,0.1388
953,558,1511,0.1388
946,568,1514,0.1388
926,569,1495,0.1388
928,569,1497,0.1388
923,565,1488,0.1388
926,567,1493,0.1388
939,571,1510,0.1388
932,573,1505,0.1388
938,575,1513,0.1388
938,570,1508,0.1388
926,565,1491,0.1388
913,571,1484,0.1388
914,576,1490,0.1388
921,580,1501,0.1388
923,583,1506,0.1388
928,579,1507,0.1388
929,582,1511,0.1388
929,576,1505,0.1388
918,580,1498,0.1388
923,581,1504,0.1388
913,586,1499,0.1388
909,594,1503,0.1388
905,594,1499,0.1388
901,596,1497,0.1388
894,594,1488,0.1388
894,596,1490,0.1388
894,587,1481,0.1388
885,594,1479,0.1388
896,594,1490,0.1388
904,589,1493,0.1388
904,588,1492,0.1388
891,590,1481,0.1388
877,592,1469,0.1388
878,602,1480,0.1388
893,605,1498,0.1388
900,609,1509,0.1388
902,593,1495,0.1388
897,595,1492,0.1388
896,610,1506,0.1388
893,612,1505,0.1388
903,606,1509,0.1388
898,607,1505,0.1388
903,606,1509,0.1388
902,606,1508,0.1388
904,603,1507,0.1388
901,603,1504,0.1388
902,605,1507,0.1388
891,611,1502,0.1388
885,605,1490,0.1388
892,604,1496,0.1388
888,617,1505,0.1388
894,621,1515,0.1388
895,621,1516,0.1388
891,616,1507,0.1388
890,613,1503,0.1388
894,617,1511,0.1388
886,621,1507,0.1388
888,622,1510,0.1388
887,629,1516,0.1388
884,617,1501,0.1388
894,614,1508,0.1388
889,607,1496,0.1388
880,615,1495,0.1388
884,630,1514,0.1388
880,630,1510,0.1388
881,624,1505,0.1388
879,626,1505,0.1388
870,629,1499,0.1388
870,625,1495,0.1388
870,630,1500,0.1388
873,630,1503,0.1388
880,633,1513,0.1388
882,631,1513,0.1388
870,632,1502,0.1388
874,639,1513,0.1388
863,634,1497,0.1388
867,634,1501,0.1388
866,637,1503,0.1388
866,638,1504,0.1388
873,645,1518,0.1388
875,649,1524,0.1388
865,646,1511,0.1388
861,642,1503,0.1388
853,636,1489,0.1388
861,633,1494,0.1388
866,634,1500,0.1388
869,634,1503,0.1388
860,640,1500,0.1388
857,642,1499,0.1388
855,637,1492,0.1388
845,643,1488,0.1388
833,633,1466,0.1388
839,641,1480,0.1388
830,649,1479,0.1388
838,659,1497,0.1388
847,664,1511,0.1388
847,662,1509,0.1388
842,668,1510,0.1388
833,660,1493,0.1388
828,661,1489,0.1388
829,660,1489,0.1388
832,663,1495,0.1388
827,672,1499,0.1388
828,676,1504,0.1388
822,678,1500,0.1388
821,670,1491,0.1388
828,668,1496,0.1388
829,673,1502,0.1388
825,679,1504,0.1388
838,677,1515,0.1388
840,679,1519,0.1388
836,683,1519,0.1388
841,684,1525,0.1388
823,687,1510,0.1388
821,686,1507,0.1388
815,682,1497,0.1388
823,679,1502,0.1388
826,682,1508,0.1388
824,679,1503,0.1388
809,682,1491,0.1388
811,679,1490,0.1388
818,688,1506,0.1388
818,689,1507,0.1388
814,683,1497,0.1388
809,687,1496,0.1388
811,688,1499,0.1388
807,690,1497,0.1388
805,705,1510,0.1388
804,704,1508,0.1388
807,704,1511,0.1388
802,705,1507,0.1388
790,705,1495,0.1388
784,714,1498,0.1388
777,707,1484,0.1388
780,713,1493,0.1388
777,717,1494,0.1388
778,721,1499,0.1388
783,723,1506,0.1388
786,728,1514,0.1388
790,725,1515,0.1388
788,728,1516,0.1388
790,726,1516,0.1388
782,735,1517,0.1388
770,744,1514,0.1388
780,743,1523,0.1388
767,744,1511,0.1388
754,733,1487,0.1388
757,735,1492,0.1388
754,741,1495,0.1388
763,738,1501,0.1388
765,738,1503,0.1388
769,745,1514,0.1388
767,746,1513,0.1388
759,734,1493,0.1388
756,734,1490,0.1388
756,729,1485,0.1388
754,738,1492,0.1388
752,736,1488,0.1388
747,742,1489,0.1388
744,753,1497,0.1388
746,754,1500,0.1388
744,746,1490,0.1388
743,742,1485,0.1388
749,750,1499,0.1388
755,750,1505,0.1388
757,746,1503,0.1388
757,741,1498,0.1388
751,743,1494,0.1388
757,756,1513,0.1388
760,758,1518,0.1388
750,763,1513,0.1388
740,765,1505,0.1388
740,758,1498,0.1388
741,756,1497,0.1388
740,754,1494,0.1388
744,747,1491,0.1388
743,749,1492,0.1388
741,754,1495,0.1388
739,743,1482,0.1388
741,740,1481,0.1388
753,740,1493,0.1388
750,741,1491,0.1388
755,746,1501,0.1388
747,747,1494,0.1388
750,742,1492,0.1388
753,739,1492,0.1388
755,732,1487,0.1388
755,742,1497,0.1388
754,738,1492,0.1388
753,741,1494,0.1388
750,752,1502,0.1388
757,759,1516,0.1388
751,755,1506,0.1388
750,751,1501,0.1388
749,757,1506,0.1388
747,744,1491,0.1388
748,746,1494,0.1388
749,760,1509,0.1388
742,755,1497,0.1388
740,764,1504,0.1388
743,777,1520,0.1388
735,790,1525,0.1388
735,782,1517,0.1388
742,776,1518,0.1388
744,770,1514,0.1388
747,764,1511,0.1388
754,760,1514,0.1388
753,761,1514,0.1388
748,766,1514,0.1388
752,762,1514,0.1388
745,763,1508,0.1388
738,766,1504,0.1388
735,768,1503,0.1388
733,771,1504,0.1388
736,777,1513,0.1388
737,782,1519,0.1388
725,786,1511,0.1388
722,784,1506,0.1388
722,782,1504,0.1388
717,781,1498,0.1388
715,779,1494,0.1388
719,784,1503,0.1388
722,789,1511,0.1388
721,778,1499,0.1388
719,775,1494,0.1388
706,777,1483,0.1388
719,787,1506,0.1388
721,776,1497,0.1388
706,772,1478,0.1388
714,778,1492,0.1388
715,788,1503,0.1388
713,780,1493,0.1388
720,789,1509,0.1388
726,784,1510,0.1388
722,780,1502,0.1388
732,775,1507,0.1388
730,777,1507,0.1388
729,780,1509,0.1388
733,780,1513,0.1388
726,778,1504,0.1388
717,781,1498,0.1388
721,772,1493,0.1388
731,780,1511,0.1388
725,777,1502,0.1388
734,779,1513,0.1388
734,785,1519,0.1388
722,787,1509,0.1388
727,794,1521,0.1388
708,790,1498,0.1388
709,793,1502,0.1388
706,790,1496,0.1388
698,791,1489,0.1388
699,802,1501,0.1388
704,805,1509,0.1388
702,807,1509,0.1388
693,815,1508,0.1388
683,809,1492,0.1388
686,820,1506,0.1388
704,811,1515,0.1388
697,813,1510,0.1388
693,807,1500,0.1388
690,811,1501,0.1388
683,815,1498,0.1388
683,813,1496,0.1388
682,824,1506,0.1388
690,823,1513,0.1388
690,819,1509,0.1388
694,822,1516,0.1388
687,823,1510,0.1388
690,828,1518,0.1388
688,834,1522,0.1388
685,835,1520,0.1388
685,838,1523,0.1388
678,825,1503,0.1388
670,828,1498,0.1388
663,826,1489,0.1388
673,811,1484,0.1388
669,817,1486,0.1388
671,810,1481,0.1388
676,819,1495,0.1388
675,825,1500,0.1388
679,825,1504,0.1388
671,829,1500,0.1388
669,827,1496,0.1388
660,834,1494,0.1388
652,833,1485,0.1388
658,839,1497,0.1388
662,843,1505,0.1388
670,845,1515,0.1388
671,851,1522,0.1388
676,853,1529,0.1388
664,841,1505,0.1388
665,850,1515,0.1388
663,846,1509,0.1388
657,849,1506,0.1388
654,858,1512,0.1388
650,855,1505,0.1388
652,858,1510,0.1388
657,858,1515,0.1388
652,861,1513,0.1388
650,856,1506,0.1388
647,863,1510,0.1388
644,867,1511,0.1388
637,884,1521,0.1388
634,881,1515,0.1388
634,866,1500,0.1388
626,866,1492,0.1388
628,868,1496,0.1388
617,876,1493,0.1388
621,873,1494,0.1388
622,862,1484,0.1388
620,871,1491,0.1388
617,880,1497,0.1388
622,879,1501,0.1388
624,882,1506,0.1388
617,880,1497,0.1388
612,879,1491,0.1388
615,875,1490,0.1388
621,875,1496,0.1388
629,873,1502,0.1388
625,871,1496,0.1388
644,873,1517,0.1388
637,871,1508,0.1388
634,867,1501,0.1388
633,873,1506,0.1388
622,878,1500,0.1388
618,894,1512,0.1388
618,896,1514,0.1388
613,899,1512,0.1388
616,891,1507,0.1388
613,889,1502,0.1388
604,900,1504,0.1388
622,900,1522,0.1388
621,893,1514,0.1388
614,890,1504,0.1388
608,894,1502,0.1388
614,894,1508,0.1388
618,895,1513,0.1388
613,893,1506,0.1388
617,895,1512,0.1388
619,895,1514,0.1388
610,896,1506,0.1388
613,895,1508,0.1388
621,881,1502,0.1388
622,889,1511,0.1388
624,889,1513,0.1388
619,888,1507,0.1388
618,901,1519,0.1388
608,904,1512,0.1388
606,913,1519,0.1388
608,909,1517,0.1388
604,890,1494,0.1388
611,893,1504,0.1388
611,896,1507,0.1388
606,901,1507,0.1388
596,908,1504,0.1388
607,904,1511,0.1388
605,897,1502,0.1388
604,900,1504,0.1388
601,902,1503,0.1388
611,909,1520,0.1388
606,913,1519,0.1388
602,904,1506,0.1388
591,906,1497,0.1388
600,900,1500,0.1388
594,908,1502,0.1388
591,907,1498,0.1388
598,909,1507,0.1388
603,911,1514,0.1388
595,911,1506,0.1388
602,924,1526,0.1388
602,916,1518,0.1388
602,919,1521,0.1388
587,913,1500,0.1388
585,919,1504,0.1388
585,916,1501,0.1388
590,912,1502,0.1388
587,915,1502,0.1388
593,918,1511,0.1388
599,909,1508,0.1388
600,915,1515,0.1388
604,922,1526,0.1388
598,913,1511,0.1388
600,907,1507,0.1388
596,910,1506,0.1388
605,905,1510,0.1388
598,908,1506,0.1388
594,912,1506,0.1388
593,909,1502,0.1388
588,915,1503,0.1388
586,924,1510,0.1388
591,931,1522,0.1388
594,933,1527,0.1388
592,925,1517,0.1388
577,932,1509,0.1388
582,934,1516,0.1388
572,910,1482,0.1388
579,911,1490,0.1388
578,923,1501,0.1388
577,923,1500,0.1388
575,918,1493,0.1388
582,922,1504,0.1388
585,925,1510,0.1388
574,933,1507,0.1388
579,934,1513,0.1388
585,933,1518,0.1388
584,941,1525,0.1388
578,934,1512,0.1388
579,939,1518,0.1388
584,936,1520,0.1388
582,941,1523,0.1388
575,934,1509,0.1388
575,945,1520,0.1388
567,940,1507,0.1388
563,947,1510,0.1388
554,949,1503,0.1388
552,951,1503,0.1388
554,949,1503,0.1388
551,953,1504,0.1388
551,957,1508,0.1388
557,951,1508,0.1388
555,957,1512,0.1388
560,953,1513,0.1388
555,949,1504,0.1388
550,962,1512,0.1388
553,965,1518,0.1388
554,959,1513,0.1388
560,968,1528,0.1388
549,973,1522,0.1388
543,967,1510,0.1388
534,968,1502,0.1388
543,968,1511,0.1388
541,968,1509,0.1388
537,978,1515,0.1388
533,985,1518,0.1388
533,988,1521,0.1388
539,983,1522,0.1388
535,975,1510,0.1388
530,975,1505,0.1388
539,970,1509,0.1388
544,965,1509,0.1388
536,960,1496,0.1388
544,964,1508,0.1388
542,970,1512,0.1388
548,958,1506,0.1388
536,958,1494,0.1388
538,969,1507,0.1388
536,966,1502,0.1388
534,961,1495,0.1388
536,963,1499,0.1388
530,963,1493,0.1388
522,969,1491,0.1388
523,972,1495,0.1388
520,983,1503,0.1388
523,984,1507,0.1388
520,987,1507,0.1388
513,986,1499,0.1388
516,986,1502,0.1388
522,985,1507,0.1388
520,987,1507,0.1388
521,981,1502,0.1388
522,974,1496,0.1388
518,968,1486,0.1388
514,969,1483,0.1388
513,976,1489,0.1388
524,978,1502,0.1388
524,978,1502,0.1388
527,976,1503,0.1388
528,985,1513,0.1388
533,990,1523,0.1388
529,987,1516,0.1388
524,972,1496,0.1388
520,979,1499,0.1388
517,988,1505,0.1388
511,982,1493,0.1388
510,991,1501,0.1388
512,996,1508,0.1388
503,1001,1504,0.1388
498,1006,1504,0.1388
507,1002,1509,0.1388
512,1002,1514,0.1388
515,997,1512,0.1388
511,991,1502,0.1388
511,984,1495,0.1388
505,997,1502,0.1388
506,998,1504,0.1388
501,998,1499,0.1388
503,1003,1506,0.1388
506,1006,1512,0.1388
506,1008,1514,0.1388
515,1009,1524,0.1388
512,998,1510,0.1388
511,985,1496,0.1388
509,994,1503,0.1388
512,996,1508,0.1388
515,1006,1521,0.1388
510,1005,1515,0.1388
509,1012,1521,0.1388
505,1014,1519,0.1388
504,1011,1515,0.1388
502,1010,1512,0.1388
500,1009,1509,0.1388
502,1017,1519,0.1388
504,1027,1531,0.1388
500,1028,1528,0.1388
500,1025,1525,0.1388
500,1019,1519,0.1388
501,1026,1527,0.1388
494,1024,1518,0.1388
493,1020,1513,0.1388
484,1022,1506,0.1388
484,1035,1519,0.1388
481,1045,1526,0.1388
480,1039,1519,0.1388
476,1039,1515,0.1388
482,1033,1515,0.1388
479,1048,1527,0.1388
479,1042,1521,0.1388
481,1042,1523,0.1388
480,1034,1514,0.1388
485,1038,1523,0.1388
489,1052,1541,0.1388
484,1046,1530,0.1388
476,1034,1510,0.1388
478,1048,1526,0.1388
479,1036,1515,0.1388
474,1043,1517,0.1388
475,1043,1518,0.1388
470,1044,1514,0.1388
468,1053,1521,0.1388
467,1050,1517,0.1388
468,1055,1523,0.1388
470,1053,1523,0.1388
471,1047,1518,0.1388
468,1047,1515,0.1388
462,1044,1506,0.1388
462,1048,1510,0.1388
467,1045,1512,0.1388
465,1045,1510,0.1388
474,1054,1528,0.1388
466,1049,1515,0.1388
466,1028,1494,0.1388
466,1025,1491,0.1388
465,1023,1488,0.1388
472,1030,1502,0.1388
471,1036,1507,0.1388
472,1043,1515,0.1388
467,1045,1512,0.1388
462,1046,1508,0.1388
464,1044,1508,0.1388
470,1043,1513,0.1388
461,1034,1495,0.1388
461,1043,1504,0.1388
458,1038,1496,0.1388
455,1036,1491,0.1388
456,1044,1500,0.1388
461,1048,1509,0.1388
465,1048,1513,0.1388
460,1049,1509,0.1388
463,1055,1518,0.1388
461,1061,1522,0.1388
456,1052,1508,0.1388
455,1067,1522,0.1388
455,1066,1521,0.1388
451,1060,1511,0.1388
459,1053,1512,0.1388
459,1055,1514,0.1388
458,1062,1520,0.1388
460,1058,1518,0.1388
449,1067,1516,0.1388
451,1073,1524,0.1388
447,1074,1521,0.1388
448,1074,1522,0.1388
442,1075,1517,0.1388
444,1064,1508,0.1388
447,1053,1500,0.1388
447,1055,1502,0.1388
445,1062,1507,0.1388
440,1059,1499,0.1388
438,1063,1501,0.1388
440,1072,1512,0.1388
438,1079,1517,0.1388
436,1071,1507,0.1388
429,1072,1501,0.1388
431,1082,1513,0.1388
422,1078,1500,0.1388
425,1072,1497,0.1388
424,1071,1495,0.1388
431,1080,1511,0.1388
428,1093,1521,0.1388
427,1099,1526,0.1388
423,1103,1526,0.1388
421,1092,1513,0.1388
422,1093,1515,0.1388
422,1091,1513,0.1388
419,1104,1523,0.1388
411,1108,1519,0.1388
403,1107,1510,0.1388
409,1114,1523,0.1388
409,1108,1517,0.1388
404,1108,1512,0.1388
402,1108,1510,0.1388
398,1109,1507,0.1388
399,1102,1501,0.1388
399,1106,1505,0.1388
396,1104,1500,0.1388
391,1108,1499,0.1388
388,1116,1504,0.1388
385,1119,1504,0.1388
390,1120,1510,0.1388
389,1121,1510,0.1388
390,1125,1515,0.1388
394,1115,1509,0.1388
388,1125,1513,0.1388
381,1124,1505,0.1388
382,1116,1498,0.1388
386,1122,1508,0.1388
386,1121,1507,0.1388
385,1123,1508,0.1388
384,1111,1495,0.1388
385,1120,1505,0.1388
385,1113,1498,0.1388
385,1113,1498,0.1388
381,1111,1492,0.1388
382,1122,1504,0.1388
383,1117,1500,0.1388
379,1114,1493,0.1388
383,1117,1500,0.1388
392,1118,1510,0.1388
390,1123,1513,0.1388
390,1113,1503,0.1388
387,1119,1506,0.1388
379,1128,1507,0.1388
384,1139,1523,0.1388
382,1134,1516,0.1388
377,1142,1519,0.1388
371,1129,1500,0.1388
371,1137,1508,0.1388
364,1139,1503,0.1388
366,1137,1503,0.1388
368,1141,1509,0.1388
362,1148,1510,0.1388
358,1138,1496,0.1388
359,1143,1502,0.1388
359,1137,1496,0.1388
358,1147,1505,0.1388
361,1147,1508,0.1388
354,1146,1500,0.1388
357,1151,1508,0.1388
354,1156,1510,0.1388
356,1166,1522,0.1388
357,1165,1522,0.1388
349,1161,1510,0.1388
342,1164,1506,0.1388
345,1171,1516,0.1388
341,1162,1503,0.1388
339,1161,1500,0.1388
333,1165,1498,0.1388
337,1170,1507,0.1388
335,1165,1500,0.1388
332,1169,1501,0.1388
337,1170,1507,0.1388
337,1170,1507,0.1388
335,1175,1510,0.1388
333,1174,1507,0.1388
331,1165,1496,0.1388
328,1175,1503,0.1388
328,1180,1508,0.1388
324,1191,1515,0.1388
323,1187,1510,0.1388
322,1168,1490,0.1388
323,1169,1492,0.1388
315,1185,1500,0.1388
316,1194,1510,0.1388
321,1188,1509,0.1388
317,1192,1509,0.1388
310,1191,1501,0.1388
315,1184,1499,0.1388
316,1177,1493,0.1388
315,1194,1509,0.1388
321,1201,1522,0.1388
317,1192,1509,0.1388
319,1197,1516,0.1388
320,1189,1509,0.1388
313,1184,1497,0.1388
320,1196,1516,0.1388
308,1181,1489,0.1388
313,1183,1496,0.1388
318,1194,1512,0.1388
319,1189,1508,0.1388
313,1195,1508,0.1388
314,1193,1507,0.1388
315,1204,1519,0.1388
315,1210,1525,0.1388
309,1208,1517,0.1388
305,1209,1514,0.1388
303,1205,1508,0.1388
308,1206,1514,0.1388
305,1213,1518,0.1388
300,1201,1501,0.1388
300,1208,1508,0.1388
296,1203,1499,0.1388
298,1194,1492,0.1388
302,1202,1504,0.1388
302,1204,1506,0.1388
305,1199,1504,0.1388
303,1210,1513,0.1388
304,1211,1515,0.1388
309,1214,1523,0.1388
306,1209,1515,0.1388
302,1209,1511,0.1388
297,1202,1499,0.1388
294,1214,1508,0.1388
297,1205,1502,0.1388
291,1195,1486,0.1388
290,1199,1489,0.1388
291,1215,1506,0.1388
289,1218,1507,0.1388
289,1227,1516,0.1388
286,1226,1512,0.1388
289,1229,1518,0.1388
292,1214,1506,0.1388
290,1217,1507,0.1388
295,1210,1505,0.1388
291,1223,1514,0.1388
288,1220,1508,0.1388
292,1220,1512,0.1388
298,1208,1506,0.1388
293,1210,1503,0.1388
297,1225,1522,0.1388
297,1218,1515,0.1388
295,1222,1517,0.1388
295,1229,1524,0.1388
288,1221,1509,0.1388
287,1229,1516,0.1388
289,1219,1508,0.1388
293,1220,1513,0.1388
294,1224,1518,0.1388
295,1245,1540,0.1388
294,1232,1526,0.1388
291,1210,1501,0.1388
295,1209,1504,0.1388
285,1212,1497,0.1388
289,1215,1504,0.1388
289,1224,1513,0.1388
282,1230,1512,0.1388
282,1241,1523,0.1388
286,1248,1534,0.1388
278,1236,1514,0.1388
272,1234,1506,0.1388
268,1234,1502,0.1388
264,1234,1498,0.1388
265,1233,1498,0.1388
261,1236,1497,0.1388
264,1251,1515,0.1388
265,1257,1522,0.1388
262,1273,1535,0.1388
263,1259,1522,0.1388
261,1255,1516,0.1388
262,1251,1513,0.1388
264,1250,1514,0.1388
264,1250,1514,0.1388
260,1251,1511,0.1388
264,1254,1518,0.1388
260,1252,1512,0.1388
258,1253,1511,0.1388
255,1247,1502,0.1388
260,1246,1506,0.1388
254,1258,1512,0.1388
252,1263,1515,0.1388
257,1265,1522,0.1388
257,1263,1520,0.1388
258,1272,1530,0.1388
259,1272,1531,0.1388
251,1278,1529,0.1388
250,1280,1530,0.1388
243,1276,1519,0.1388
249,1265,1514,0.1388
247,1260,1507,0.1388
239,1262,1501,0.1388
241,1269,1510,0.1388
242,1275,1517,0.1388
235,1269,1504,0.1388
243,1276,1519,0.1388
240,1287,1527,0.1388
240,1277,1517,0.1388
241,1281,1522,0.1388
237,1277,1514,0.1388
241,1265,1506,0.1388
237,1268,1505,0.1388
233,1273,1506,0.1388
234,1271,1505,0.1388
234,1281,1515,0.1388
232,1274,1506,0.1388
229,1288,1517,0.1388
228,1277,1505,0.1388
228,1278,1506,0.1388
229,1287,1516,0.1388
230,1270,1500,0.1388
230,1274,1504,0.1388
231,1257,1488,0.1388
224,1265,1489,0.1388
227,1265,1492,0.1388
226,1260,1486,0.1388
229,1263,1492,0.1388
230,1275,1505,0.1388
234,1282,1516,0.1388
236,1286,1522,0.1388
232,1280,1512,0.1388
235,1279,1514,0.1388
229,1270,1499,0.1388
233,1261,1494,0.1388
232,1253,1485,0.1388
236,1264,1500,0.1388
227,1277,1504,0.1388
233,1280,1513,0.1388
230,1272,1502,0.1388
233,1271,1504,0.1388
230,1278,1508,0.1388
230,1275,1505,0.1388
233,1284,1517,0.1388
236,1284,1520,0.1388
239,1274,1513,0.1388
242,1280,1522,0.1388
239,1274,1513,0.1388
234,1277,1511,0.1388
233,1286,1519,0.1388
234,1287,1521,0.1388
233,1295,1528,0.1388
231,1289,1520,0.1388
238,1301,1539,0.1388
241,1283,1524,0.1388
239,1283,1522,0.1388
241,1288,1529,0.1388
238,1288,1526,0.1388
236,1269,1505,0.1388
233,1285,1518,0.1388
231,1291,1522,0.1388
231,1279,1510,0.1388
240,1271,1511,0.1388
244,1275,1519,0.1388
244,1273,1517,0.1388
242,1261,1503,0.1388
238,1274,1512,0.1388
233,1273,1506,0.1388
234,1278,1512,0.1388
228,1275,1503,0.1388
229,1282,1511,0.1388
241,1287,1528,0.1388
240,1279,1519,0.1388
236,1275,1511,0.1388
234,1262,1496,0.1388
236,1275,1511,0.1388
237,1281,1518,0.1388
231,1281,1512,0.1388
234,1284,1518,0.1388
235,1281,1516,0.1388
236,1275,1511,0.1388
233,1292,1525,0.1388
233,1294,1527,0.1388
223,1280,1503,0.1388
223,1281,1504,0.1388
226,1294,1520,0.1388
224,1302,1526,0.1388
224,1294,1518,0.1388
222,1302,1524,0.1388
222,1312,1534,0.1388
218,1306,1524,0.1388
211,1298,1509,0.1388
209,1309,1518,0.1388
207,1305,1512,0.1388
203,1305,1508,0.1388
206,1312,1518,0.1388
209,1323,1532,0.1388
211,1321,1532,0.1388
211,1323,1534,0.1388
209,1315,1524,0.1388
208,1315,1523,0.1388
208,1316,1524,0.1388
200,1306,1506,0.1388
195,1300,1495,0.1388
197,1311,1508,0.1388
198,1310,1508,0.1388
191,1305,1496,0.1388
191,1314,1505,0.1388
194,1326,1520,0.1388
194,1322,1516,0.1388
195,1333,1528,0.1388
198,1330,1528,0.1388
193,1329,1522,0.1388
188,1337,1525,0.1388
183,1328,1511,0.1388
184,1342,1526,0.1388
183,1343,1526,0.1388
183,1335,1518,0.1388
182,1331,1513,0.1388
183,1343,1526,0.1388
181,1356,1537,0.1388
183,1355,1538,0.1388
179,1347,1526,0.1388
180,1345,1525,0.1388
174,1353,1527,0.1388
176,1333,1509,0.1388
179,1338,1517,0.1388
178,1339,1517,0.1388
178,1336,1514,0.1388
182,1339,1521,0.1388
186,1340,1526,0.1388
187,1345,1532,0.1388
185,1330,1515,0.1388
187,1325,1512,0.1388
186,1330,1516,0.1388
184,1336,1520,0.1388
186,1342,1528,0.1388
183,1340,1523,0.1388
180,1338,1518,0.1388
183,1329,1512,0.1388
184,1336,1520,0.1388
186,1333,1519,0.1388
187,1326,1513,0.1388
184,1335,1519,0.1388
183,1344,1527,0.1388
183,1344,1527,0.1388
187,1331,1518,0.1388
181,1341,1522,0.1388
181,1331,1512,0.1388
180,1340,1520,0.1388
179,1346,1525,0.1388
178,1348,1526,0.1388
178,1344,1522,0.1388
178,1338,1516,0.1388
177,1343,1520,0.1388
181,1331,1512,0.1388
178,1326,1504,0.1388
179,1331,1510,0.1388
181,1325,1506,0.1388
185,1312,1497,0.1388
182,1316,1498,0.1388
183,1324,1507,0.1388
182,1322,1504,0.1388
182,1312,1494,0.1388
184,1321,1505,0.1388
189,1327,1516,0.1388
190,1324,1514,0.1388
188,1320,1508,0.1388
184,1326,1510,0.1388
183,1326,1509,0.1388
186,1323,1509,0.1388
187,1328,1515,0.1388
193,1339,1532,0.1388
191,1328,1519,0.1388
185,1332,1517,0.1388
185,1335,1520,0.1388
187,1328,1515,0.1388
188,1334,1522,0.1388
186,1331,1517,0.1388
185,1327,1512,0.1388
188,1336,1524,0.1388
186,1342,1528,0.1388
186,1344,1530,0.1388
187,1329,1516,0.1388
183,1339,1522,0.1388
183,1341,1524,0.1388
181,1334,1515,0.1388
185,1315,1500,0.1388
186,1323,1509,0.1388
190,1323,1513,0.1388
188,1318,1506,0.1388
190,1322,1512,0.1388
190,1318,1508,0.1388
190,1321,1511,0.1388
187,1340,1527,0.1388
183,1334,1517,0.1388
180,1336,1516,0.1388
181,1341,1522,0.1388
187,1342,1529,0.1388
188,1333,1521,0.1388
190,1328,1518,0.1388
186,1328,1514,0.1388
186,1331,1517,0.1388
183,1331,1514,0.1388
184,1331,1515,0.1388
184,1324,1508,0.1388
182,1322,1504,0.1388
185,1321,1506,0.1388
187,1334,1521,0.1388
190,1334,1524,0.1388
191,1335,1526,0.1388
188,1336,1524,0.1388
184,1339,1523,0.1388
181,1341,1522,0.1388
182,1334,1516,0.1388
179,1323,1502,0.1388
182,1324,1506,0.1388
184,1329,1513,0.1388
186,1342,1528,0.1388
180,1334,1514,0.1388
180,1341,1521,0.1388
180,1332,1512,0.1388
181,1326,1507,0.1388
177,1338,1515,0.1388
176,1337,1513,0.1388
176,1336,1512,0.1388
176,1338,1514,0.1388
171,1346,1517,0.1388
172,1338,1510,0.1388
167,1337,1504,0.1388
168,1341,1509,0.1388
168,1336,1504,0.1388
166,1342,1508,0.1388
169,1354,1523,0.1388
166,1353,1519,0.1388
167,1354,1521,0.1388
167,1357,1524,0.1388
167,1350,1517,0.1388
169,1349,1518,0.1388
168,1351,1519,0.1388
167,1342,1509,0.1388
173,1340,1513,0.1388
171,1351,1522,0.1388
169,1345,1514,0.1388
170,1337,1507,0.1388
168,1332,1500,0.1388
173,1344,1517,0.1388
170,1335,1505,0.1388
163,1338,1501,0.1388
166,1329,1495,0.1388
171,1336,1507,0.1388
172,1334,1506,0.1388
179,1328,1507,0.1388
174,1331,1505,0.1388
172,1339,1511,0.1388
175,1346,1521,0.1388
177,1351,1528,0.1388
177,1343,1520,0.1388
179,1332,1511,0.1388
180,1329,1509,0.1388
180,1323,1503,0.1388
178,1327,1505,0.1388
174,1345,1519,0.1388
172,1331,1503,0.1388
170,1330,1500,0.1388
166,1332,1498,0.1388
171,1340,1511,0.1388
169,1339,1508,0.1388
163,1341,1504,0.1388
164,1340,1504,0.1388
166,1338,1504,0.1388
168,1348,1516,0.1388
169,1348,1517,0.1388
169,1360,1529,0.1388
173,1359,1532,0.1388
167,1356,1523,0.1388
165,1354,1519,0.1388
160,1355,1515,0.1388
159,1346,1505,0.1388
156,1351,1507,0.1388
159,1348,1507,0.1388
156,1348,1504,0.1388
150,1350,1500,0.1388
153,1341,1494,0.1388
152,1356,1508,0.1388
151,1350,1501,0.1388
153,1368,1521,0.1388
151,1368,1519,0.1388
152,1361,1513,0.1388
148,1373,1521,0.1388
147,1367,1514,0.1388
152,1368,1520,0.1388
152,1358,1510,0.1388
150,1356,1506,0.1388
152,1364,1516,0.1388
153,1371,1524,0.1388
156,1361,1517,0.1388
154,1359,1513,0.1388
152,1370,1522,0.1388
153,1361,1514,0.1388
149,1361,1510,0.1388
151,1366,1517,0.1388
151,1367,1518,0.1388
150,1373,1523,0.1388
149,1369,1518,0.1388
149,1363,1512,0.1388
148,1354,1502,0.1388
146,1358,1504,0.1388
145,1369,1514,0.1388
145,1372,1517,0.1388
143,1382,1525,0.1388
141,1384,1525,0.1388
143,1379,1522,0.1388
142,1375,1517,0.1388
140,1387,1527,0.1388
143,1382,1525,0.1388
146,1377,1523,0.1388
146,1382,1528,0.1388
141,1374,1515,0.1388
139,1371,1510,0.1388
139,1398,1537,0.1388
139,1391,1530,0.1388
137,1382,1519,0.1388
136,1377,1513,0.1388
136,1369,1505,0.1388
136,1364,1500,0.1388
138,1376,1514,0.1388
137,1384,1521,0.1388
137,1388,1525,0.1388
135,1383,1518,0.1388
136,1381,1517,0.1388
135,1389,1524,0.1388
134,1385,1519,0.1388
131,1383,1514,0.1388
134,1390,1524,0.1388
132,1394,1526,0.1388
130,1381,1511,0.1388
127,1395,1522,0.1388
130,1391,1521,0.1388
130,1388,1518,0.1388
134,1396,1530,0.1388
130,1383,1513,0.1388
127,1390,1517,0.1388
127,1387,1514,0.1388
126,1378,1504,0.1388
127,1367,1494,0.1388
128,1386,1514,0.1388
126,1395,1521,0.1388
122,1392,1514,0.1388
121,1401,1522,0.1388
119,1384,1503,0.1388
116,1407,1523,0.1388
115,1407,1522,0.1388
117,1406,1523,0.1388
111,1406,1517,0.1388
113,1403,1516,0.1388
115,1399,1514,0.1388
115,1390,1505,0.1388
109,1405,1514,0.1388
108,1417,1525,0.1388
107,1413,1520,0.1388
108,1411,1519,0.1388
103,1415,1518,0.1388
102,1412,1514,0.1388
102,1415,1517,0.1388
104,1403,1507,0.1388
102,1398,1500,0.1388
102,1400,1502,0.1388
104,1395,1499,0.1388
104,1413,1517,0.1388
102,1432,1534,0.1388
101,1444,1545,0.1388
97,1427,1524,0.1388
96,1420,1516,0.1388
95,1421,1516,0.1388
95,1423,1518,0.1388
95,1427,1522,0.1388
94,1430,1524,0.1388
92,1436,1528,0.1388
88,1432,1520,0.1388
87,1443,1530,0.1388
89,1434,1523,0.1388
90,1427,1517,0.1388
91,1433,1524,0.1388
87,1438,1525,0.1388
85,1423,1508,0.1388
83,1440,1523,0.1388
84,1437,1521,0.1388
84,1438,1522,0.1388
85,1446,1531,0.1388
85,1438,1523,0.1388
84,1438,1522,0.1388
85,1428,1513,0.1388
83,1432,1515,0.1388
84,1439,1523,0.1388
83,1443,1526,0.1388
81,1448,1529,0.1388
80,1444,1524,0.1388
80,1447,1527,0.1388
79,1440,1519,0.1388
76,1437,1513,0.1388
76,1444,1520,0.1388
75,1442,1517,0.1388
74,1439,1513,0.1388
77,1442,1519,0.1388
77,1442,1519,0.1388
77,1457,1534,0.1388
74,1437,1511,0.1388
71,1429,1500,0.1388
69,1443,1512,0.1388
66,1444,1510,0.1388
66,1434,1500,0.1388
67,1443,1510,0.1388
68,1434,1502,0.1388
70,1441,1511,0.1388
68,1453,1521,0.1388
66,1456,1522,0.1388
69,1451,1520,0.1388
67,1446,1513,0.1388
64,1448,1512,0.1388
64,1449,1513,0.1388
65,1452,1517,0.1388
67,1441,1508,0.1388
67,1441,1508,0.1388
68,1453,1521,0.1388
67,1458,1525,0.1388
68,1459,1527,0.1388
68,1471,1539,0.1388
72,1467,1539,0.1388
73,1462,1535,0.1388
74,1447,1521,0.1388
70,1458,1528,0.1388
69,1463,1532,0.1388
68,1458,1526,0.1388
66,1459,1525,0.1388
66,1455,1521,0.1388
66,1441,1507,0.1388
64,1448,1512,0.1388
66,1448,1514,0.1388
65,1444,1509,0.1388
64,1453,1517,0.1388
67,1449,1516,0.1388
68,1452,1520,0.1388
68,1454,1522,0.1388
67,1457,1524,0.1388
66,1462,1528,0.1388
66,1458,1524,0.1388
62,1463,1525,0.1388
61,1473,1534,0.1388
60,1470,1530,0.1388
60,1465,1525,0.1388
62,1460,1522,0.1388
65,1454,1519,0.1388
65,1449,1514,0.1388
65,1447,1512,0.1388
67,1457,1524,0.1388
67,1447,1514,0.1388
66,1446,1512,0.1388
67,1455,1522,0.1388
69,1459,1528,0.1388
66,1449,1515,0.1388
67,1453,1520,0.1388
65,1454,1519,0.1388
65,1458,1523,0.1388
66,1461,1527,0.1388
62,1464,1526,0.1388
61,1453,1514,0.1388
61,1443,1504,0.1388
61,1450,1511,0.1388
57,1458,1515,0.1388
59,1457,1516,0.1388
58,1453,1511,0.1388
57,1452,1509,0.1388
55,1431,1486,0.1388
54,1447,1501,0.1388
55,1464,1519,0.1388
58,1462,1520,0.1388
57,1467,1524,0.1388
57,1472,1529,0.1388
57,1476,1533,0.1388
55,1469,1524,0.1388
56,1474,1530,0.1388
54,1470,1524,0.1388
54,1459,1513,0.1388
55,1466,1521,0.1388
56,1468,1524,0.1388
56,1471,1527,0.1388
55,1469,1524,0.1388
55,1482,1537,0.1388
56,1480,1536,0.1388
55,1468,1523,0.1388
55,1475,1530,0.1388
56,1483,1539,0.1388
57,1477,1534,0.1388
57,1474,1531,0.1388
57,1477,1534,0.1388
57,1469,1526,0.1388
54,1461,1515,0.1388
55,1459,1514,0.1388
55,1459,1514,0.1388
58,1463,1521,0.1388
58,1454,1512,0.1388
57,1449,1506,0.1388
57,1444,1501,0.1388
57,1440,1497,0.1388
57,1450,1507,0.1388
58,1452,1510,0.1388
59,1451,1510,0.1388
61,1454,1515,0.1388
61,1457,1518,0.1388
61,1460,1521,0.1388
61,1464,1525,0.1388
63,1451,1514,0.1388
64,1457,1521,0.1388
63,1453,1516,0.1388
65,1463,1528,0.1388
63,1464,1527,0.1388
62,1458,1520,0.1388
62,1459,1521,0.1388
61,1464,1525,0.1388
61,1457,1518,0.1388
58,1470,1528,0.1388
56,1473,1529,0.1388
58,1461,1519,0.1388
56,1462,1518,0.1388
55,1459,1514,0.1388
55,1462,1517,0.1388
54,1454,1508,0.1388
53,1458,1511,0.1388
55,1474,1529,0.1388
54,1470,1524,0.1388
53,1476,1529,0.1388
53,1471,1524,0.1388
51,1472,1523,0.1388
52,1469,1521,0.1388
53,1469,1522,0.1388
52,1477,1529,0.1388
52,1467,1519,0.1388
51,1478,1529,0.1388
52,1476,1528,0.1388
52,1465,1517,0.1388
53,1475,1528,0.1388
49,1471,1520,0.1388
50,1469,1519,0.1388
49,1466,1515,0.1388
47,1474,1521,0.1388
47,1478,1525,0.1388
47,1481,1528,0.1388
49,1479,1528,0.1388
50,1471,1521,0.1388
47,1466,1513,0.1388
48,1474,1522,0.1388
44,1479,1523,0.1388
44,1477,1521,0.1388
44,1478,1522,0.1388
44,1471,1515,0.1388
43,1483,1526,0.1388
43,1464,1507,0.1388
43,1472,1515,0.1388
44,1491,1535,0.1388
41,1475,1516,0.1388
39,1480,1519,0.1388
42,1486,1528,0.1388
41,1484,1525,0.1388
40,1489,1529,0.1388
40,1480,1520,0.1388
40,1476,1516,0.1388
36,1475,1511,0.1388
33,1486,1519,0.1388
33,1489,1522,0.1388
32,1490,1522,0.1388
33,1500,1533,0.1388
36,1492,1528,0.1388
35,1494,1529,0.1388
35,1479,1514,0.1388
33,1483,1516,0.1388
32,1490,1522,0.1388
31,1472,1503,0.1388
30,1476,1506,0.1388
32,1471,1503,0.1388
31,1464,1495,0.1388
31,1464,1495,0.1388
32,1470,1502,0.1388
31,1477,1508,0.1388
30,1477,1507,0.1388
29,1471,1500,0.1388
29,1466,1495,0.1388
31,1468,1499,0.1388
31,1481,1512,0.1388
30,1495,1525,0.1388
30,1500,1530,0.1388
29,1500,1529,0.1388
32,1495,1527,0.1388
32,1488,1520,0.1388
30,1488,1518,0.1388
31,1472,1503,0.1388
29,1479,1508,0.1388
29,1470,1499,0.1388
29,1471,1500,0.1388
30,1489,1519,0.1388
31,1486,1517,0.1388
29,1496,1525,0.1388
28,1482,1510,0.1388
28,1484,1512,0.1388
30,1480,1510,0.1388
29,1488,1517,0.1388
27,1499,1526,0.1388
28,1498,1526,0.1388
26,1490,1516,0.1388
26,1498,1524,0.1388
25,1493,1518,0.1388
25,1483,1508,0.1388
25,1483,1508,0.1388
26,1468,1494,0.1388
26,1472,1498,0.1388
26,1477,1503,0.1388
26,1487,1513,0.1388
25,1496,1521,0.1388
25,1511,1536,0.1388
26,1491,1517,0.1388
26,1480,1506,0.1388
26,1487,1513,0.1388
27,1491,1518,0.1388
27,1492,1519,0.1388
26,1487,1513,0.1388
22,1489,1511,0.1388
23,1501,1524,0.1388
26,1493,1519,0.1388
26,1484,1510,0.1388
25,1490,1515,0.1388
26,1485,1511,0.1388
26,1471,1497,0.1388
27,1490,1517,0.1388
27,1491,1518,0.1388
26,1484,1510,0.1388
27,1482,1509,0.1388
27,1486,1513,0.1388
28,1487,1515,0.1388
29,1492,1521,0.1388
29,1481,1510,0.1388
30,1494,1524,0.1388
31,1494,1525,0.1388
31,1495,1526,0.1388
32,1499,1531,0.1388
31,1492,1523,0.1388
31,1486,1517,0.1388
31,1490,1521,0.1388
31,1484,1515,0.1388
31,1487,1518,0.1388
30,1482,1512,0.1388
30,1489,1519,0.1388
31,1484,1515,0.1388
31,1496,1527,0.1388
31,1496,1527,0.1388
30,1490,1520,0.1388
30,1483,1513,0.1388
30,1492,1522,0.1388
33,1485,1518,0.1388
31,1472,1503,0.1388
32,1486,1518,0.1388
32,1479,1511,0.1388
31,1485,1516,0.1388
31,1495,1526,0.1388
31,1475,1506,0.1388
30,1469,1499,0.1388
30,1483,1513,0.1388
29,1482,1511,0.1388
28,1474,1502,0.1388
28,1488,1516,0.1388
29,1491,1520,0.1388
26,1495,1521,0.1388
23,1504,1527,0.1388
23,1490,1513,0.1388
22,1495,1517,0.1388
20,1490,1510,0.1388
21,1490,1511,0.1388
21,1495,1516,0.1388
21,1501,1522,0.1388
21,1491,1512,0.1388
22,1501,1523,0.1388
23,1488,1511,0.1388
23,1495,1518,0.1388
23,1497,1520,0.1388
24,1496,1520,0.1388
23,1497,1520,0.1388
22,1484,1506,0.1388
21,1490,1511,0.1388
20,1488,1508,0.1388
19,1489,1508,0.1388
20,1498,1518,0.1388
19,1505,1524,0.1388
20,1511,1531,0.1388
20,1502,1522,0.1388
21,1508,1529,0.1388
21,1501,1522,0.1388
21,1496,1517,0.1388
21,1504,1525,0.1388
21,1492,1513,0.1388
21,1505,1526,0.1388
22,1500,1522,0.1388
23,1509,1532,0.1388
23,1510,1533,0.1388
21,1510,1531,0.1388
21,1506,1527,0.1388
21,1497,1518,0.1388
21,1503,1524,0.1388
21,1499,1520,0.1388
20,1487,1507,0.1388
20,1491,1511,0.1388
19,1497,1516,0.1388
20,1502,1522,0.1388
18,1498,1516,0.1388
18,1493,1511,0.1388
18,1506,1524,0.1388
16,1497,1513,0.1388
16,1500,1516,0.1388
16,1498,1514,0.1388
16,1499,1515,0.1388
16,1498,1514,0.1388
14,1485,1499,0.1388
14,1476,1490,0.1388
14,1483,1497,0.1388
14,1487,1501,0.1388
15,1487,1502,0.1388
15,1504,1519,0.1388
15,1503,1518,0.1388
15,1508,1523,0.1388
16,1519,1535,0.1388
16,1500,1516,0.1388
16,1492,1508,0.1388
17,1503,1520,0.1388
17,1503,1520,0.1388
18,1498,1516,0.1388
17,1504,1521,0.1388
18,1492,1510,0.1388
18,1498,1516,0.1388
17,1514,1531,0.1388
17,1507,1524,0.1388
18,1512,1530,0.1388
19,1501,1520,0.1388
19,1510,1529,0.1388
20,1503,1523,0.1388
21,1511,1532,0.1388
21,1517,1538,0.1388
20,1523,1543,0.1388
20,1517,1537,0.1388
20,1503,1523,0.1388
20,1511,1531,0.1388
19,1496,1515,0.1388
19,1489,1508,0.1388
20,1484,1504,0.1388
20,1483,1503,0.1388
21,1489,1510,0.1388
20,1490,1510,0.1388
20,1498,1518,0.1388
20,1496,1516,0.1388
19,1492,1511,0.1388
19,1503,1522,0.1388
20,1501,1521,0.1388
19,1504,1523,0.1388
19,1507,1526,0.1388
20,1501,1521,0.1388
19,1490,1509,0.1388
19,1496,1515,0.1388
19,1494,1513,0.1388
19,1491,1510,0.1388
18,1509,1527,0.1388
17,1510,1527,0.1388
16,1522,1538,0.1388
16,1505,1521,0.1388
17,1502,1519,0.1388
20,1499,1519,0.1388
20,1514,1534,0.1388
21,1510,1531,0.1388
20,1497,1517,0.1388
20,1499,1519,0.1388
20,1512,1532,0.1388
20,1513,1533,0.1388
19,1509,1528,0.1388
19,1502,1521,0.1388
20,1500,1520,0.1388
20,1481,1501,0.1388
20,1484,1504,0.1388
23,1488,1511,0.1388
24,1491,1515,0.1388
24,1495,1519,0.1388
24,1491,1515,0.1388
25,1481,1506,0.1388
25,1480,1505,0.1388
24,1488,1512,0.1388
25,1481,1506,0.1388
25,1474,1499,0.1388
27,1481,1508,0.1388
28,1490,1518,0.1388
28,1484,1512,0.1388
28,1493,1521,0.1388
28,1492,1520,0.1388
28,1484,1512,0.1388
27,1485,1512,0.1388
27,1476,1503,0.1388
27,1486,1513,0.1388
25,1492,1517,0.1388
26,1476,1502,0.1388
26,1484,1510,0.1388
27,1487,1514,0.1388
27,1481,1508,0.1388
27,1497,1524,0.1388
26,1493,1519,0.1388
26,1493,1519,0.1388
27,1492,1519,0.1388
27,1482,1509,0.1388
27,1471,1498,0.1388
28,1465,1493,0.1388
28,1478,1506,0.1388
25,1490,1515,0.1388
26,1500,1526,0.1388
26,1496,1522,0.1388
26,1493,1519,0.1388
24,1490,1514,0.1388
25,1496,1521,0.1388
25,1492,1517,0.1388
23,1506,1529,0.1388
23,1500,1523,0.1388
22,1495,1517,0.1388
22,1493,1515,0.1388
22,1491,1513,0.1388
24,1482,1506,0.1388
23,1492,1515,0.1388
23,1491,1514,0.1388
23,1497,1520,0.1388
24,1502,1526,0.1388
24,1496,1520,0.1388
24,1495,1519,0.1388
23,1501,1524,0.1388
22,1484,1506,0.1388
23,1474,1497,0.1388
24,1482,1506,0.1388
24,1485,1509,0.1388
25,1492,1517,0.1388
26,1485,1511,0.1388
26,1495,1521,0.1388
26,1491,1517,0.1388
25,1492,1517,0.1388
25,1491,1516,0.1388
25,1495,1520,0.1388
26,1504,1530,0.1388
26,1494,1520,0.1388
26,1481,1507,0.1388
24,1475,1499,0.1388
24,1488,1512,0.1388
25,1492,1517,0.1388
26,1494,1520,0.1388
26,1499,1525,0.1388
26,1499,1525,0.1388
28,1500,1528,0.1388
28,1485,1513,0.1388
29,1486,1515,0.1388
29,1479,1508,0.1388
27,1480,1507,0.1388
28,1489,1517,0.1388
28,1491,1519,0.1388
28,1484,1512,0.1388
28,1493,1521,0.1388
26,1499,1525,0.1388
23,1513,1536,0.1388
25,1497,1522,0.1388
24,1492,1516,0.1388
23,1482,1505,0.1388
23,1485,1508,0.1388
24,1500,1524,0.1388
24,1491,1515,0.1388
21,1483,1504,0.1388
22,1499,1521,0.1388
24,1490,1514,0.1388
26,1500,1526,0.1388
25,1502,1527,0.1388
25,1502,1527,0.1388
24,1486,1510,0.1388
24,1497,1521,0.1388
24,1485,1509,0.1388
23,1483,1506,0.1388
25,1487,1512,0.1388
25,1480,1505,0.1388
24,1479,1503,0.1388
26,1479,1505,0.1388
26,1483,1509,0.1388
26,1482,1508,0.1388
27,1485,1512,0.1388
27,1482,1509,0.1388
27,1486,1513,0.1388
26,1490,1516,0.1388
26,1482,1508,0.1388
26,1486,1512,0.1388
25,1478,1503,0.1388
25,1486,1511,0.1388
26,1490,1516,0.1388
27,1489,1516,0.1388
28,1494,1522,0.1388
28,1499,1527,0.1388
27,1480,1507,0.1388
25,1488,1513,0.1388
24,1468,1492,0.1388
25,1491,1516,0.1388
26,1490,1516,0.1388
25,1501,1526,0.1388
24,1502,1526,0.1388
22,1508,1530,0.1388
22,1498,1520,0.1388
20,1505,1525,0.1388
20,1505,1525,0.1388
22,1513,1535,0.1388
21,1515,1536,0.1388
20,1508,1528,0.1388
20,1501,1521,0.1388
20,1495,1515,0.1388
20,1495,1515,0.1388
20,1488,1508,0.1388
20,1474,1494,0.1388
20,1480,1500,0.1388
19,1482,1501,0.1388
19,1485,1504,0.1388
19,1498,1517,0.1388
18,1495,1513,0.1388
17,1506,1523,0.1388
17,1497,1514,0.1388
17,1496,1513,0.1388
18,1507,1525,0.1388
18,1506,1524,0.1388
17,1502,1519,0.1388
17,1489,1506,0.1388
17,1483,1500,0.1388
17,1485,1502,0.1388
18,1496,1514,0.1388
18,1501,1519,0.1388
17,1504,1521,0.1388
18,1507,1525,0.1388
17,1507,1524,0.1388
18,1511,1529,0.1388
19,1499,1518,0.1388
19,1490,1509,0.1388
17,1504,1521,0.1388
16,1504,1520,0.1388
16,1508,1524,0.1388
17,1513,1530,0.1388
18,1495,1513,0.1388
18,1499,1517,0.1388
18,1492,1510,0.1388
18,1489,1507,0.1388
17,1497,1514,0.1388
17,1500,1517,0.1388
18,1500,1518,0.1388
18,1501,1519,0.1388
17,1506,1523,0.1388
17,1507,1524,0.1388
16,1513,1529,0.1388
15,1495,1510,0.1388
16,1502,1518,0.1388
15,1497,1512,0.1388
16,1507,1523,0.1388
17,1509,1526,0.1388
17,1510,1527,0.1388
16,1510,1526,0.1388
16,1496,1512,0.1388
16,1507,1523,0.1388
17,1496,1513,0.1388
16,1497,1513,0.1388
17,1508,1525,0.1388
17,1494,1511,0.1388
17,1490,1507,0.1388
17,1505,1522,0.1388
18,1510,1528,0.1388
18,1501,1519,0.1388
18,1498,1516,0.1388
16,1509,1525,0.1388
16,1514,1530,0.1388
14,1498,1512,0.1388
12,1493,1505,0.1388
12,1498,1510,0.1388
11,1511,1522,0.1388
10,1512,1522,0.1388
10,1511,1521,0.1388
9,1521,1530,0.1388
10,1516,1526,0.1388
8,1513,1521,0.1388
7,1513,1520,0.1388
7,1514,1521,0.1388
7,1527,1534,0.1388
7,1518,1525,0.1388
8,1503,1511,0.1388
7,1504,1511,0.1388
7,1508,1515,0.1388
7,1497,1504,0.1388
7,1505,1512,0.1388
7,1509,1516,0.1388
7,1516,1523,0.1388
7,1516,1523,0.1388
7,1522,1529,0.1388
6,1516,1522,0.1388
7,1500,1507,0.1388
7,1505,1512,0.1388
7,1508,1515,0.1388
7,1518,1525,0.1388
8,1504,1512,0.1388
8,1507,1515,0.1388
9,1512,1521,0.1388
9,1500,1509,0.1388
9,1505,1514,0.1388
9,1497,1506,0.1388
9,1503,1512,0.1388
9,1512,1521,0.1388
9,1518,1527,0.1388
9,1522,1531,0.1388
9,1516,1525,0.1388
9,1511,1520,0.1388
9,1511,1520,0.1388
9,1495,1504,0.1388
9,1498,1507,0.1388
9,1487,1496,0.1388
9,1497,1506,0.1388
9,1514,1523,0.1388
9,1523,1532,0.1388
9,1517,1526,0.1388
9,1506,1515,0.1388
8,1516,1524,0.1388
7,1506,1513,0.1388
7,1514,1521,0.1388
7,1517,1524,0.1388
6,1521,1527,0.1388
6,1513,1519,0.1388
6,1517,1523,0.1388
6,1525,1531,0.1388
6,1524,1530,0.1388
6,1522,1528,0.1388
6,1519,1525,0.1388
6,1511,1517,0.1388
6,1513,1519,0.1388
6,1512,1518,0.1388
5,1507,1512,0.1388
5,1498,1503,0.1388
5,1500,1505,0.1388
4,1513,1517,0.1388
4,1506,1510,0.1388
4,1507,1511,0.1388
4,1517,1521,0.1388
4,1512,1516,0.1388
4,1515,1519,0.1388
5,1514,1519,0.1388
5,1515,1520,0.1388
6,1514,1520,0.1388
6,1501,1507,0.1388
6,1504,1510,0.1388
6,1516,1522,0.1388
6,1501,1507,0.1388
5,1516,1521,0.1388
4,1509,1513,0.1388
4,1526,1530,0.1388
4,1531,1535,0.1388
4,1521,1525,0.1388
4,1525,1529,0.1388
4,1518,1522,0.1388
4,1499,1503,0.1388
3,1498,1501,0.1388
3,1508,1511,0.1388
3,1516,1519,0.1388
3,1511,1514,0.1388
3,1507,1510,0.1388
3,1506,1509,0.1388
3,1522,1525,0.1388
3,1515,1518,0.1388
3,1515,1518,0.1388
3,1507,1510,0.1388
3,1506,1509,0.1388
3,1503,1506,0.1388
3,1508,1511,0.1388
2,1527,1529,0.1388
2,1513,1515,0.1388
2,1512,1514,0.1388
2,1509,1511,0.1388
2,1516,1518,0.1388
2,1511,1513,0.1388
2,1521,1523,0.1388
2,1520,1522,0.1388
1,1520,1521,0.1388
1,1508,1509,0.1388
1,1512,1513,0.1388
1,1512,1513,0.1388
1,1502,1503,0.1388
1,1502,1503,0.1388
1,1505,1506,0.1388
1,1510,1511,0.1388
1,1516,1517,0.1388
1,1520,1521,0.1388
1,1523,1524,0.1388
1,1511,1512,0.1388
1,1509,1510,0.1388
1,1523,1524,0.1388
1,1515,1516,0.1388
1,1522,1523,0.1388
1,1523,1524,0.1388
1,1526,1527,0.1388
1,1518,1519,0.1388
1,1526,1527,0.1388
1,1521,1522,0.1388
1,1510,1511,0.1388
1,1513,1514,0.1388
1,1504,1505,0.1388
1,1513,1514,0.1388
1,1527,1528,0.1388
1,1526,1527,0.1388
1,1523,1524,0.1388
1,1517,1518,0.1388
1,1508,1509,0.1388
1,1495,1496,0.1388
1,1499,1500,0.1388
2,1509,1511,0.1388
2,1509,1511,0.1388
2,1503,1505,0.1388
2,1509,1511,0.1388
2,1513,1515,0.1388
2,1508,1510,0.1388
2,1506,1508,0.1388
2,1517,1519,0.1388
2,1523,1525,0.1388
1,1517,1518,0.1388
1,1522,1523,0.1388
1,1521,1522,0.1388
1,1523,1524,0.1388
1,1534,1535,0.1388
1,1521,1522,0.1388
1,1510,1511,0.1388
1,1519,1520,0.1388
1,1511,1512,0.1388
1,1495,1496,0.1388
1,1498,1499,0.1388
1,1498,1499,0.1388
1,1507,1508,0.1388
1,1502,1503,0.1388
1,1514,1515,0.1388
1,1514,1515,0.1388
2,1515,1517,0.1388
2,1508,1510,0.1388
2,1493,1495,0.1388
2,1502,1504,0.1388
2,1511,1513,0.1388
2,1513,1515,0.1388
2,1522,1524,0.1388
2,1522,1524,0.1388
2,1535,1537,0.1388
2,1531,1533,0.1388
2,1522,1524,0.1388
2,1518,1520,0.1388
2,1516,1518,0.1388
2,1522,1524,0.1388
2,1519,1521,0.1388
2,1517,1519,0.1388
2,1500,1502,0.1388
1,1500,1501,0.1388
1,1503,1504,0.1388
1,1514,1515,0.1388
1,1502,1503,0.1388
1,1491,1492,0.1388
1,1490,1491,0.1388
2,1509,1511,0.1388
2,1514,1516,0.1388
2,1516,1518,0.1388
2,1526,1528,0.1388
2,1520,1522,0.1388
2,1522,1524,0.1388
2,1506,1508,0.1388
2,1509,1511,0.1388
2,1515,1517,0.1388
2,1513,1515,0.1388
2,1505,1507,0.1388
2,1503,1505,0.1388
2,1504,1506,0.1388
2,1510,1512,0.1388
2,1512,1514,0.1388
2,1522,1524,0.1388
2,1513,1515,0.1388
2,1514,1516,0.1388
2,1510,1512,0.1388
2,1520,1522,0.1388
2,1520,1522,0.1388
2,1529,1531,0.1388
2,1537,1539,0.1388
2,1534,1536,0.1388
2,1529,1531,0.1388
2,1526,1528,0.1388
2,1521,1523,0.1388
2,1521,1523,0.1388
2,1513,1515,0.1388
2,1513,1515,0.1388
2,1498,1500,0.1388
2,1499,1501,0.1388
2,1503,1505,0.1388
2,1500,1502,0.1388
2,1513,1515,0.1388
2,1513,1515,0.1388
2,1519,1521,0.1388
2,1524,1526,0.1388
2,1520,1522,0.1388
2,1528,1530,0.1388
2,1528,1530,0.1388
2,1535,1537,0.1388
2,1522,1524,0.1388
1,1532,1533,0.1388
1,1521,1522,0.1388
1,1523,1524,0.1388
1,1530,1531,0.1388
1,1527,1528,0.1388
1,1519,1520,0.1388
1,1504,1505,0.1388
1,1506,1507,0.1388
1,1510,1511,0.1388
1,1512,1513,0.1388
1,1507,1508,0.1388
1,1506,1507,0.1388
1,1516,1517,0.1388
1,1522,1523,0.1388
1,1521,1522,0.1388
1,1530,1531,0.1388
1,1514,1515,0.1388
1,1517,1518,0.1388
1,1506,1507,0.1388
1,1508,1509,0.1388
1,1504,1505,0.1388
1,1513,1514,0.1388
1,1516,1517,0.1388
1,1527,1528,0.1388
1,1519,1520,0.1388
1,1517,1518,0.1388
1,1508,1509,0.1388
1,1529,1530,0.1388
1,1533,1534,0.1388
1,1524,1525,0.1388
1,1523,1524,0.1388
1,1524,1525,0.1388
1,1505,1506,0.1388
1,1529,1530,0.1388
1,1519,1520,0.1388
1,1504,1505,0.1388
1,1522,1523,0.1388
1,1518,1519,0.1388
1,1523,1524,0.1388
1,1528,1529,0.1388
1,1515,1516,0.1388
2,1497,1499,0.1388
2,1504,1506,0.1388
2,1521,1523,0.1388
2,1519,1521,0.1388
2,1510,1512,0.1388
2,1519,1521,0.1388
2,1523,1525,0.1388
2,1517,1519,0.1388
2,1520,1522,0.1388
1,1518,1519,0.1388
1,1516,1517,0.1388
1,1514,1515,0.1388
1,1514,1515,0.1388
1,1522,1523,0.1388
1,1526,1527,0.1388
1,1522,1523,0.1388
1,1519,1520,0.1388
1,1508,1509,0.1388
1,1508,1509,0.1388
1,1513,1514,0.1388
1,1512,1513,0.1388
1,1509,1510,0.1388
1,1511,1512,0.1388
1,1516,1517,0.1388
1,1523,1524,0.1388
1,1512,1513,0.1388
1,1507,1508,0.1388
1,1522,1523,0.1388
1,1517,1518,0.1388
1,1525,1526,0.1388
1,1523,1524,0.1388
1,1516,1517,0.1388
1,1507,1508,0.1388
1,1503,1504,0.1388
1,1522,1523,0.1388
1,1518,1519,0.1388
1,1520,1521,0.1388
1,1512,1513,0.1388
1,1509,1510,0.1388
1,1504,1505,0.1388
1,1519,1520,0.1388
1,1521,1522,0.1388
2,1526,1528,0.1388
2,1518,1520,0.1388
2,1524,1526,0.1388
2,1525,1527,0.1388
2,1514,1516,0.1388
2,1522,1524,0.1388
2,1524,1526,0.1388
3,1526,1529,0.1388
3,1521,1524,0.1388
3,1510,1513,0.1388
3,1525,1528,0.1388
3,1523,1526,0.1388
3,1531,1534,0.1388
3,1518,1521,0.1388
3,1521,1524,0.1388
2,1510,1512,0.1388
2,1521,1523,0.1388
3,1520,1523,0.1388
3,1521,1524,0.1388
2,1516,1518,0.1388
2,1530,1532,0.1388
2,1523,1525,0.1388
2,1526,1528,0.1388
2,1534,1536,0.1388
2,1532,1534,0.1388
1,1518,1519,0.1388
1,1507,1508,0.1388
1,1496,1497,0.1388
1,1496,1497,0.1388
1,1502,1503,0.1388
1,1515,1516,0.1388
1,1510,1511,0.1388
1,1506,1507,0.1388
1,1503,1504,0.1388
1,1508,1509,0.1388
1,1509,1510,0.1388
1,1514,1515,0.1388
1,1515,1516,0.1388
1,1498,1499,0.1388
1,1493,1494,0.1388
1,1504,1505,0.1388
1,1506,1507,0.1388
1,1509,1510,0.1388
1,1515,1516,0.1388
1,1516,1517,0.1388
1,1524,1525,0.1388
1,1519,1520,0.1388
1,1523,1524,0.1388
1,1526,1527,0.1388
1,1516,1517,0.1388
1,1518,1519,0.1388
1,1520,1521,0.1388
1,1520,1521,0.1388
1,1522,1523,0.1388
1,1521,1522,0.1388
1,1519,1520,0.1388
1,1522,1523,0.1388
2,1531,1533,0.1388
2,1538,1540,0.1388
2,1525,1527,0.1388
2,1531,1533,0.1388
2,1513,1515,0.1388
3,1518,1521,0.1388
3,1506,1509,0.1388
3,1517,1520,0.1388
3,1515,1518,0.1388
3,1523,1526,0.1388
3,1524,1527,0.1388
3,1516,1519,0.1388
3,1528,1531,0.1388
3,1531,1534,0.1388
3,1532,1535,0.1388
3,1518,1521,0.1388
2,1521,1523,0.1388
2,1515,1517,0.1388
2,1510,1512,0.1388
2,1508,1510,0.1388
1,1510,1511,0.1388
1,1515,1516,0.1388
1,1518,1519,0.1388
1,1505,1506,0.1388
1,1505,1506,0.1388
1,1501,1502,0.1388
1,1510,1511,0.1388
1,1509,1510,0.1388
1,1516,1517,0.1388
1,1513,1514,0.1388
1,1514,1515,0.1388
0,1513,1513,0.1388
