1370,28,1398,0.1388
1410,29,1439,0.1388
1425,33,1458,0.1388
1433,34,1467,0.1388
1442,33,1475,0.1388
1445,34,1479,0.1388
1464,36,1500,0.1388
1449,34,1483,0.1388
1468,32,1500,0.1388
1458,32,1490,0.1388
1446,33,1479,0.1388
1446,32,1478,0.1388
1461,33,1494,0.1388
1470,32,1502,0.1388
1470,35,1505,0.1388
1454,37,1491,0.1388
1454,36,1490,0.1388
1451,36,1487,0.1388
1457,35,1492,0.1388
1472,38,1510,0.1388
1459,37,1496,0.1388
1456,38,1494,0.1388
1436,38,1474,0.1388
1447,41,1488,0.1388
1452,39,1491,0.1388
1455,38,1493,0.1388
1451,40,1491,0.1388
1447,39,1486,0.1388
1450,40,1490,0.1388
1460,41,1501,0.1388
1445,44,1489,0.1388
1447,43,1490,0.1388
1436,47,1483,0.1388
1433,46,1479,0.1388
1437,45,1482,0.1388
1446,46,1492,0.1388
1441,46,1487,0.1388
1457,45,1502,0.1388
1444,43,1487,0.1388
1439,42,1481,0.1388
1445,42,1487,0.1388
1437,42,1479,0.1388
1437,40,1477,0.1388
1455,40,1495,0.1388
1455,39,1494,0.1388
1458,40,1498,0.1388
1454,41,1495,0.1388
1437,43,1480,0.1388
1448,45,1493,0.1388
1443,46,1489,0.1388
1441,48,1489,0.1388
1442,50,1492,0.1388
1446,48,1494,0.1388
1447,46,1493,0.1388
1440,46,1486,0.1388
1450,47,1497,0.1388
1440,45,1485,0.1388
1453,44,1497,0.1388
1465,45,1510,0.1388
1455,47,1502,0.1388
1455,50,1505,0.1388
1456,49,1505,0.1388
1452,48,1500,0.1388
1446,51,1497,0.1388
1441,52,1493,0.1388
1442,50,1492,0.1388
1447,50,1497,0.1388
1434,49,1483,0.1388
1443,49,1492,0.1388
1460,45,1505,0.1388
1460,43,1503,0.1388
1444,44,1488,0.1388
1428,42,1470,0.1388
1436,41,1477,0.1388
1437,43,1480,0.1388
1433,41,1474,0.1388
1441,44,1485,0.1388
1444,43,1487,0.1388
1472,42,1514,0.1388
1475,43,1518,0.1388
1464,41,1505,0.1388
1470,41,1511,0.1388
1458,40,1498,0.1388
1452,40,1492,0.1388
1458,39,1497,0.1388
1446,44,1490,0.1388
1452,43,1495,0.1388
1450,42,1492,0.1388
1450,45,1495,0.1388
1452,44,1496,0.1388
1449,44,1493,0.1388
1459,44,1503,0.1388
1452,46,1498,0.1388
1445,46,1491,0.1388
1457,45,1502,0.1388
1447,44,1491,0.1388
1441,42,1483,0.1388
1440,42,1482,0.1388
1440,39,1479,0.1388
1449,42,1491,0.1388
1432,43,1475,0.1388
1429,44,1473,0.1388
1448,45,1493,0.1388
1453,44,1497,0.1388
1447,46,1493,0.1388
1446,46,1492,0.1388
1441,46,1487,0.1388
1444,44,1488,0.1388
1445,43,1488,0.1388
1439,43,1482,0.1388
1457,46,1503,0.1388
1458,46,1504,0.1388
1454,47,1501,0.1388
1451,47,1498,0.1388
1447,48,1495,0.1388
1454,49,1503,0.1388
1453,49,1502,0.1388
1444,45,1489,0.1388
1429,48,1477,0.1388
1438,50,1488,0.1388
1430,51,1481,0.1388
1431,50,1481,0.1388
1432,50,1482,0.1388
1433,52,1485,0.1388
1442,52,1494,0.1388
1450,50,1500,0.1388
1456,52,1508,0.1388
1447,53,1500,0.1388
1445,51,1496,0.1388
1440,48,1488,0.1388
1449,49,1498,0.1388
1435,48,1483,0.1388
1435,52,1487,0.1388
1432,54,1486,0.1388
1442,54,1496,0.1388
1442,53,1495,0.1388
1442,52,1494,0.1388
1442,52,1494,0.1388
1447,50,1497,0.1388
1456,51,1507,0.1388
1447,50,1497,0.1388
1451,47,1498,0.1388
1431,45,1476,0.1388
1437,47,1484,0.1388
1435,47,1482,0.1388
1429,51,1480,0.1388
1440,51,1491,0.1388
1452,50,1502,0.1388
1441,49,1490,0.1388
1438,49,1487,0.1388
1441,54,1495,0.1388
1423,55,1478,0.1388
1431,54,1485,0.1388
1435,54,1489,0.1388
1439,55,1494,0.1388
1441,56,1497,0.1388
1452,58,1510,0.1388
1448,60,1508,0.1388
1455,58,1513,0.1388
1469,55,1524,0.1388
1451,56,1507,0.1388
1447,59,1506,0.1388
1449,55,1504,0.1388
1448,58,1506,0.1388
1430,59,1489,0.1388
1431,60,1491,0.1388
1447,60,1507,0.1388
1435,61,1496,0.1388
1434,62,1496,0.1388
1426,61,1487,0.1388
1419,59,1478,0.1388
1423,61,1484,0.1388
1421,60,1481,0.1388
1427,67,1494,0.1388
1420,69,1489,0.1388
1420,69,1489,0.1388
1421,69,1490,0.1388
1421,66,1487,0.1388
1435,64,1499,0.1388
1415,61,1476,0.1388
1432,63,1495,0.1388
1429,60,1489,0.1388
1440,61,1501,0.1388
1426,58,1484,0.1388
1432,57,1489,0.1388
1435,57,1492,0.1388
1441,58,1499,0.1388
1452,58,1510,0.1388
1432,57,1489,0.1388
1446,57,1503,0.1388
1441,59,1500,0.1388
1431,60,1491,0.1388
1432,60,1492,0.1388
1425,59,1484,0.1388
1441,60,1501,0.1388
1435,63,1498,0.1388
1427,64,1491,0.1388
1440,63,1503,0.1388
1437,59,1496,0.1388
1448,59,1507,0.1388
1425,60,1485,0.1388
1428,60,1488,0.1388
1431,61,1492,0.1388
1409,61,1470,0.1388
1405,60,1465,0.1388
1403,59,1462,0.1388
1414,62,1476,0.1388
1406,63,1469,0.1388
1416,64,1480,0.1388
1416,63,1479,0.1388
1420,65,1485,0.1388
1434,66,1500,0.1388
1430,66,1496,0.1388
1420,64,1484,0.1388
1415,66,1481,0.1388
1406,65,1471,0.1388
1414,65,1479,0.1388
1420,65,1485,0.1388
1418,65,1483,0.1388
1405,67,1472,0.1388
1402,64,1466,0.1388
1392,67,1459,0.1388
1409,69,1478,0.1388
1428,69,1497,0.1388
1411,71,1482,0.1388
1412,71,1483,0.1388
1417,70,1487,0.1388
1417,67,1484,0.1388
1416,68,1484,0.1388
1419,67,1486,0.1388
1419,68,1487,0.1388
1431,68,1499,0.1388
1411,69,1480,0.1388
1412,71,1483,0.1388
1422,70,1492,0.1388
1430,71,1501,0.1388
1435,71,1506,0.1388
1424,72,1496,0.1388
1435,70,1505,0.1388
1414,71,1485,0.1388
1428,72,1500,0.1388
1435,71,1506,0.1388
1425,72,1497,0.1388
1415,76,1491,0.1388
1421,75,1496,0.1388
1415,77,1492,0.1388
1418,75,1493,0.1388
1399,81,1480,0.1388
1401,82,1483,0.1388
1417,83,1500,0.1388
1431,83,1514,0.1388
1424,84,1508,0.1388
1418,86,1504,0.1388
1415,84,1499,0.1388
1416,83,1499,0.1388
1409,78,1487,0.1388
1407,78,1485,0.1388
1411,78,1489,0.1388
1398,82,1480,0.1388
1385,76,1461,0.1388
1414,80,1494,0.1388
1421,81,1502,0.1388
1420,83,1503,0.1388
1421,81,1502,0.1388
1425,81,1506,0.1388
1409,82,1491,0.1388
1414,84,1498,0.1388
1422,80,1502,0.1388
1428,79,1507,0.1388
1429,80,1509,0.1388
1423,83,1506,0.1388
1415,86,1501,0.1388
1414,87,1501,0.1388
1401,88,1489,0.1388
1402,85,1487,0.1388
1401,89,1490,0.1388
1406,88,1494,0.1388
1423,88,1511,0.1388
1419,85,1504,0.1388
1422,88,1510,0.1388
1419,88,1507,0.1388
1417,90,1507,0.1388
1411,90,1501,0.1388
1400,88,1488,0.1388
1396,87,1483,0.1388
1392,89,1481,0.1388
1394,89,1483,0.1388
1402,88,1490,0.1388
1410,84,1494,0.1388
1417,81,1498,0.1388
1417,87,1504,0.1388
1415,86,1501,0.1388
1400,89,1489,0.1388
1397,88,1485,0.1388
1391,88,1479,0.1388
1396,86,1482,0.1388
1393,86,1479,0.1388
1395,86,1481,0.1388
1398,86,1484,0.1388
1396,84,1480,0.1388
1390,83,1473,0.1388
1398,89,1487,0.1388
1411,89,1500,0.1388
1398,88,1486,0.1388
1383,91,1474,0.1388
1379,92,1471,0.1388
1370,91,1461,0.1388
1384,94,1478,0.1388
1395,94,1489,0.1388
1383,94,1477,0.1388
1376,96,1472,0.1388
1379,95,1474,0.1388
1381,96,1477,0.1388
1397,98,1495,0.1388
1407,101,1508,0.1388
1400,101,1501,0.1388
1393,101,1494,0.1388
1395,103,1498,0.1388
1395,103,1498,0.1388
1408,100,1508,0.1388
1408,104,1512,0.1388
1399,102,1501,0.1388
1399,100,1499,0.1388
1397,95,1492,0.1388
1395,98,1493,0.1388
1398,102,1500,0.1388
1392,105,1497,0.1388
1383,106,1489,0.1388
1373,103,1476,0.1388
1383,105,1488,0.1388
1380,109,1489,0.1388
1368,109,1477,0.1388
1368,108,1476,0.1388
1378,109,1487,0.1388
1381,109,1490,0.1388
1381,108,1489,0.1388
1391,105,1496,0.1388
1385,105,1490,0.1388
1393,104,1497,0.1388
1396,106,1502,0.1388
1394,106,1500,0.1388
1392,106,1498,0.1388
1401,100,1501,0.1388
1398,102,1500,0.1388
1390,108,1498,0.1388
1380,107,1487,0.1388
1384,107,1491,0.1388
1397,106,1503,0.1388
1383,106,1489,0.1388
1390,104,1494,0.1388
1391,106,1497,0.1388
1393,106,1499,0.1388
1387,106,1493,0.1388
1383,102,1485,0.1388
1396,102,1498,0.1388
1389,99,1488,0.1388
1404,101,1505,0.1388
1404,104,1508,0.1388
1395,103,1498,0.1388
1384,101,1485,0.1388
1380,105,1485,0.1388
1387,103,1490,0.1388
1382,108,1490,0.1388
1380,108,1488,0.1388
1381,109,1490,0.1388
1388,109,1497,0.1388
1378,106,1484,0.1388
1379,112,1491,0.1388
1375,110,1485,0.1388
1351,111,1462,0.1388
1341,112,1453,0.1388
1355,114,1469,0.1388
1364,111,1475,0.1388
1377,110,1487,0.1388
1376,110,1486,0.1388
1378,107,1485,0.1388
1369,106,1475,0.1388
1355,106,1461,0.1388
1353,108,1461,0.1388
1361,111,1472,0.1388
1350,110,1460,0.1388
1358,108,1466,0.1388
1376,111,1487,0.1388
1373,107,1480,0.1388
1376,110,1486,0.1388
1388,109,1497,0.1388
1389,108,1497,0.1388
1391,110,1501,0.1388
1375,106,1481,0.1388
1376,110,1486,0.1388
1374,108,1482,0.1388
1382,107,1489,0.1388
1385,110,1495,0.1388
1374,110,1484,0.1388
1386,113,1499,0.1388
1383,114,1497,0.1388
1377,114,1491,0.1388
1374,116,1490,0.1388
1375,116,1491,0.1388
1386,112,1498,0.1388
1386,115,1501,0.1388
1379,119,1498,0.1388
1386,116,1502,0.1388
1372,116,1488,0.1388
1377,120,1497,0.1388
1366,118,1484,0.1388
1367,122,1489,0.1388
1367,120,1487,0.1388
1367,121,1488,0.1388
1374,121,1495,0.1388
1378,120,1498,0.1388
1376,121,1497,0.1388
1374,120,1494,0.1388
1373,117,1490,0.1388
1370,117,1487,0.1388
1375,117,1492,0.1388
1380,120,1500,0.1388
1398,117,1515,0.1388
1397,119,1516,0.1388
1393,117,1510,0.1388
1387,118,1505,0.1388
1380,118,1498,0.1388
1374,116,1490,0.1388
1375,112,1487,0.1388
1368,116,1484,0.1388
1372,113,1485,0.1388
1384,111,1495,0.1388
1384,112,1496,0.1388
1393,111,1504,0.1388
1386,111,1497,0.1388
1390,112,1502,0.1388
1384,113,1497,0.1388
1381,118,1499,0.1388
1388,121,1509,0.1388
1379,124,1503,0.1388
1383,124,1507,0.1388
1382,122,1504,0.1388
1380,123,1503,0.1388
1379,128,1507,0.1388
1378,128,1506,0.1388
1378,129,1507,0.1388
1375,130,1505,0.1388
1383,132,1515,0.1388
1376,133,1509,0.1388
1377,131,1508,0.1388
1389,130,1519,0.1388
1375,131,1506,0.1388
1361,133,1494,0.1388
1364,132,1496,0.1388
1361,130,1491,0.1388
1372,130,1502,0.1388
1366,133,1499,0.1388
1371,131,1502,0.1388
1372,134,1506,0.1388
1364,132,1496,0.1388
1367,138,1505,0.1388
1364,136,1500,0.1388
1368,135,1503,0.1388
1356,138,1494,0.1388
1360,137,1497,0.1388
1354,136,1490,0.1388
1360,136,1496,0.1388
1352,137,1489,0.1388
1373,138,1511,0.1388
1371,139,1510,0.1388
1368,141,1509,0.1388
1364,141,1505,0.1388
1368,143,1511,0.1388
1367,145,1512,0.1388
1361,145,1506,0.1388
1368,144,1512,0.1388
1358,143,1501,0.1388
1360,145,1505,0.1388
1356,141,1497,0.1388
1363,140,1503,0.1388
1360,141,1501,0.1388
1369,140,1509,0.1388
1368,139,1507,0.1388
1371,138,1509,0.1388
1360,142,1502,0.1388
1356,141,1497,0.1388
1367,140,1507,0.1388
1356,141,1497,0.1388
1356,142,1498,0.1388
1352,143,1495,0.1388
1349,143,1492,0.1388
1355,146,1501,0.1388
1352,144,1496,0.1388
1347,151,1498,0.1388
1349,146,1495,0.1388
1352,148,1500,0.1388
1345,145,1490,0.1388
1346,148,1494,0.1388
1358,153,1511,0.1388
1351,150,1501,0.1388
1353,146,1499,0.1388
1359,148,1507,0.1388
1345,148,1493,0.1388
1350,147,1497,0.1388
1336,146,1482,0.1388
1337,150,1487,0.1388
1356,147,1503,0.1388
1347,149,1496,0.1388
1348,149,1497,0.1388
1351,147,1498,0.1388
1347,145,1492,0.1388
1356,146,1502,0.1388
1352,152,1504,0.1388
1356,153,1509,0.1388
1354,154,1508,0.1388
1339,153,1492,0.1388
1335,156,1491,0.1388
1342,157,1499,0.1388
1334,155,1489,0.1388
1335,155,1490,0.1388
1333,157,1490,0.1388
1342,153,1495,0.1388
1338,155,1493,0.1388
1320,162,1482,0.1388
1323,163,1486,0.1388
1316,167,1483,0.1388
1327,167,1494,0.1388
1315,169,1484,0.1388
1316,172,1488,0.1388
1310,177,1487,0.1388
1319,173,1492,0.1388
1316,176,1492,0.1388
1304,175,1479,0.1388
1308,172,1480,0.1388
1325,170,1495,0.1388
1320,173,1493,0.1388
1306,175,1481,0.1388
1305,175,1480,0.1388
1305,177,1482,0.1388
1308,178,1486,0.1388
1306,181,1487,0.1388
1306,180,1486,0.1388
1307,175,1482,0.1388
1304,175,1479,0.1388
1305,177,1482,0.1388
1306,173,1479,0.1388
1315,178,1493,0.1388
1308,177,1485,0.1388
1307,176,1483,0.1388
1323,175,1498,0.1388
1299,176,1475,0.1388
1299,172,1471,0.1388
1322,170,1492,0.1388
1326,173,1499,0.1388
1338,170,1508,0.1388
1326,171,1497,0.1388
1314,170,1484,0.1388
1306,171,1477,0.1388
1317,175,1492,0.1388
1329,171,1500,0.1388
1328,170,1498,0.1388
1335,174,1509,0.1388
1331,179,1510,0.1388
1329,177,1506,0.1388
1328,179,1507,0.1388
1323,178,1501,0.1388
1318,175,1493,0.1388
1317,178,1495,0.1388
1313,179,1492,0.1388
1309,178,1487,0.1388
1311,180,1491,0.1388
1295,178,1473,0.1388
1307,182,1489,0.1388
1307,177,1484,0.1388
1310,172,1482,0.1388
1312,173,1485,0.1388
1316,173,1489,0.1388
1320,174,1494,0.1388
1312,182,1494,0.1388
1320,181,1501,0.1388
1318,180,1498,0.1388
1311,185,1496,0.1388
1318,178,1496,0.1388
1330,179,1509,0.1388
1322,181,1503,0.1388
1317,181,1498,0.1388
1310,178,1488,0.1388
1322,180,1502,0.1388
1322,180,1502,0.1388
1334,178,1512,0.1388
1320,175,1495,0.1388
1325,177,1502,0.1388
1306,179,1485,0.1388
1309,182,1491,0.1388
1298,188,1486,0.1388
1313,186,1499,0.1388
1309,187,1496,0.1388
1307,187,1494,0.1388
1309,190,1499,0.1388
1316,192,1508,0.1388
1322,191,1513,0.1388
1325,188,1513,0.1388
1325,184,1509,0.1388
1317,185,1502,0.1388
1319,186,1505,0.1388
1320,183,1503,0.1388
1314,190,1504,0.1388
1314,190,1504,0.1388
1302,194,1496,0.1388
1298,193,1491,0.1388
1296,191,1487,0.1388
1282,193,1475,0.1388
1299,193,1492,0.1388
1299,192,1491,0.1388
1300,191,1491,0.1388
1303,189,1492,0.1388
1313,191,1504,0.1388
1317,190,1507,0.1388
1312,193,1505,0.1388
1312,194,1506,0.1388
1319,192,1511,0.1388
1310,192,1502,0.1388
1305,194,1499,0.1388
1304,195,1499,0.1388
1308,198,1506,0.1388
1308,193,1501,0.1388
1322,194,1516,0.1388
1317,192,1509,0.1388
1299,190,1489,0.1388
1294,192,1486,0.1388
1289,188,1477,0.1388
1283,193,1476,0.1388
1293,191,1484,0.1388
1293,187,1480,0.1388
1310,189,1499,0.1388
1315,191,1506,0.1388
1301,190,1491,0.1388
1300,185,1485,0.1388
1303,187,1490,0.1388
1306,185,1491,0.1388
1298,185,1483,0.1388
1305,189,1494,0.1388
1303,188,1491,0.1388
1314,186,1500,0.1388
1307,187,1494,0.1388
1305,186,1491,0.1388
1316,184,1500,0.1388
1327,185,1512,0.1388
1311,192,1503,0.1388
1312,192,1504,0.1388
1311,190,1501,0.1388
1315,191,1506,0.1388
1314,192,1506,0.1388
1311,190,1501,0.1388
1308,187,1495,0.1388
1310,185,1495,0.1388
1319,186,1505,0.1388
1323,190,1513,0.1388
1331,191,1522,0.1388
1313,189,1502,0.1388
1301,184,1485,0.1388
1309,181,1490,0.1388
1315,177,1492,0.1388
1312,179,1491,0.1388
1303,180,1483,0.1388
1319,180,1499,0.1388
1314,181,1495,0.1388
1308,178,1486,0.1388
1311,177,1488,0.1388
1303,177,1480,0.1388
1302,176,1478,0.1388
1289,179,1468,0.1388
1293,182,1475,0.1388
1297,182,1479,0.1388
1295,180,1475,0.1388
1286,183,1469,0.1388
1296,183,1479,0.1388
1293,183,1476,0.1388
1305,182,1487,0.1388
1310,186,1496,0.1388
1294,189,1483,0.1388
1290,192,1482,0.1388
1294,193,1487,0.1388
1307,197,1504,0.1388
1294,198,1492,0.1388
1291,195,1486,0.1388
1299,198,1497,0.1388
1311,200,1511,0.1388
1308,198,1506,0.1388
1300,191,1491,0.1388
1307,191,1498,0.1388
1313,189,1502,0.1388
1313,184,1497,0.1388
1318,185,1503,0.1388
1308,187,1495,0.1388
1306,186,1492,0.1388
1295,189,1484,0.1388
1305,193,1498,0.1388
1302,193,1495,0.1388
1310,189,1499,0.1388
1306,189,1495,0.1388
1317,189,1506,0.1388
1313,190,1503,0.1388
1297,192,1489,0.1388
1282,195,1477,0.1388
1284,193,1477,0.1388
1290,195,1485,0.1388
1291,194,1485,0.1388
1290,195,1485,0.1388
1300,199,1499,0.1388
1290,197,1487,0.1388
1283,201,1484,0.1388
1302,202,1504,0.1388
1301,202,1503,0.1388
1289,204,1493,0.1388
1296,202,1498,0.1388
1302,205,1507,0.1388
1294,203,1497,0.1388
1297,200,1497,0.1388
1308,196,1504,0.1388
1299,197,1496,0.1388
1299,198,1497,0.1388
1296,192,1488,0.1388
1290,189,1479,0.1388
1288,190,1478,0.1388
1304,190,1494,0.1388
1302,196,1498,0.1388
1302,199,1501,0.1388
1299,206,1505,0.1388
1300,208,1508,0.1388
1301,206,1507,0.1388
1302,207,1509,0.1388
1304,206,1510,0.1388
1305,202,1507,0.1388
1302,206,1508,0.1388
1300,212,1512,0.1388
1300,208,1508,0.1388
1300,206,1506,0.1388
1298,203,1501,0.1388
1307,210,1517,0.1388
1309,207,1516,0.1388
1299,204,1503,0.1388
1296,204,1500,0.1388
1300,207,1507,0.1388
1288,210,1498,0.1388
1306,211,1517,0.1388
1311,211,1522,0.1388
1300,212,1512,0.1388
1288,215,1503,0.1388
1280,213,1493,0.1388
1280,214,1494,0.1388
1275,214,1489,0.1388
1271,221,1492,0.1388
1283,221,1504,0.1388
1300,220,1520,0.1388
1292,218,1510,0.1388
1288,227,1515,0.1388
1284,227,1511,0.1388
1279,226,1505,0.1388
1269,226,1495,0.1388
1271,221,1492,0.1388
1274,222,1496,0.1388
1283,223,1506,0.1388
1279,225,1504,0.1388
1276,223,1499,0.1388
1271,225,1496,0.1388
1268,222,1490,0.1388
1267,223,1490,0.1388
1265,232,1497,0.1388
1263,231,1494,0.1388
1269,234,1503,0.1388
1267,240,1507,0.1388
1260,239,1499,0.1388
1243,241,1484,0.1388
1261,245,1506,0.1388
1245,244,1489,0.1388
1246,246,1492,0.1388
1248,248,1496,0.1388
1253,252,1505,0.1388
1250,254,1504,0.1388
1242,259,1501,0.1388
1255,260,1515,0.1388
1240,262,1502,0.1388
1231,264,1495,0.1388
1221,260,1481,0.1388
1222,259,1481,0.1388
1229,264,1493,0.1388
1226,265,1491,0.1388
1234,269,1503,0.1388
1231,262,1493,0.1388
1233,257,1490,0.1388
1239,265,1504,0.1388
1242,266,1508,0.1388
1253,267,1520,0.1388
1253,257,1510,0.1388
1247,259,1506,0.1388
1250,258,1508,0.1388
1242,256,1498,0.1388
1233,260,1493,0.1388
1226,267,1493,0.1388
1236,269,1505,0.1388
1217,267,1484,0.1388
1223,266,1489,0.1388
1238,260,1498,0.1388
1239,257,1496,0.1388
1238,253,1491,0.1388
1242,257,1499,0.1388
1245,254,1499,0.1388
1242,254,1496,0.1388
1238,256,1494,0.1388
1238,257,1495,0.1388
1232,260,1492,0.1388
1243,261,1504,0.1388
1238,261,1499,0.1388
1235,263,1498,0.1388
1238,269,1507,0.1388
1251,270,1521,0.1388
1239,268,1507,0.1388
1238,267,1505,0.1388
1225,264,1489,0.1388
1227,261,1488,0.1388
1218,263,1481,0.1388
1231,266,1497,0.1388
1219,263,1482,0.1388
1229,265,1494,0.1388
1224,266,1490,0.1388
1233,270,1503,0.1388
1230,269,1499,0.1388
1227,269,1496,0.1388
1232,273,1505,0.1388
1218,271,1489,0.1388
1223,266,1489,0.1388
1227,261,1488,0.1388
1232,262,1494,0.1388
1237,264,1501,0.1388
1229,266,1495,0.1388
1228,267,1495,0.1388
1225,270,1495,0.1388
1236,267,1503,0.1388
1245,264,1509,0.1388
1236,260,1496,0.1388
1234,267,1501,0.1388
1230,273,1503,0.1388
1230,274,1504,0.1388
1229,271,1500,0.1388
1228,271,1499,0.1388
1208,270,1478,0.1388
1209,275,1484,0.1388
1206,279,1485,0.1388
1214,277,1491,0.1388
1222,277,1499,0.1388
1219,273,1492,0.1388
1209,278,1487,0.1388
1209,283,1492,0.1388
1214,286,1500,0.1388
1217,286,1503,0.1388
1217,285,1502,0.1388
1218,283,1501,0.1388
1217,283,1500,0.1388
1220,279,1499,0.1388
1217,279,1496,0.1388
1223,280,1503,0.1388
1203,285,1488,0.1388
1205,281,1486,0.1388
1215,283,1498,0.1388
1200,280,1480,0.1388
1201,284,1485,0.1388
1204,275,1479,0.1388
1211,283,1494,0.1388
1205,283,1488,0.1388
1203,286,1489,0.1388
1198,296,1494,0.1388
1207,298,1505,0.1388
1207,296,1503,0.1388
1201,295,1496,0.1388
1200,292,1492,0.1388
1197,295,1492,0.1388
1195,301,1496,0.1388
1197,306,1503,0.1388
1194,303,1497,0.1388
1200,311,1511,0.1388
1200,316,1516,0.1388
1197,307,1504,0.1388
1178,307,1485,0.1388
1188,304,1492,0.1388
1192,300,1492,0.1388
1192,299,1491,0.1388
1197,301,1498,0.1388
1193,307,1500,0.1388
1185,306,1491,0.1388
1182,306,1488,0.1388
1182,304,1486,0.1388
1189,305,1494,0.1388
1195,306,1501,0.1388
1193,303,1496,0.1388
1199,302,1501,0.1388
1195,304,1499,0.1388
1187,304,1491,0.1388
1187,304,1491,0.1388
1191,304,1495,0.1388
1185,300,1485,0.1388
1185,308,1493,0.1388
1183,312,1495,0.1388
1192,314,1506,0.1388
1190,311,1501,0.1388
1184,311,1495,0.1388
1177,311,1488,0.1388
1185,315,1500,0.1388
1192,321,1513,0.1388
1192,316,1508,0.1388
1183,318,1501,0.1388
1188,326,1514,0.1388
1184,321,1505,0.1388
1181,321,1502,0.1388
1188,325,1513,0.1388
1181,320,1501,0.1388
1176,320,1496,0.1388
1181,321,1502,0.1388
1188,322,1510,0.1388
1190,319,1509,0.1388
1177,324,1501,0.1388
1180,326,1506,0.1388
1176,321,1497,0.1388
1169,320,1489,0.1388
1173,320,1493,0.1388
1175,324,1499,0.1388
1182,330,1512,0.1388
1178,329,1507,0.1388
1169,328,1497,0.1388
1170,328,1498,0.1388
1173,328,1501,0.1388
1164,329,1493,0.1388
1160,329,1489,0.1388
1164,326,1490,0.1388
1152,332,1484,0.1388
1147,334,1481,0.1388
1155,335,1490,0.1388
1155,330,1485,0.1388
1161,326,1487,0.1388
1170,324,1494,0.1388
1148,329,1477,0.1388
1160,326,1486,0.1388
1162,331,1493,0.1388
1171,326,1497,0.1388
1171,334,1505,0.1388
1171,336,1507,0.1388
1173,336,1509,0.1388
1178,334,1512,0.1388
1170,333,1503,0.1388
1177,335,1512,0.1388
1170,335,1505,0.1388
1165,334,1499,0.1388
1155,338,1493,0.1388
1171,340,1511,0.1388
1164,339,1503,0.1388
1160,340,1500,0.1388
1161,340,1501,0.1388
1157,342,1499,0.1388
1162,343,1505,0.1388
1168,344,1512,0.1388
1156,339,1495,0.1388
1161,337,1498,0.1388
1161,331,1492,0.1388
1162,335,1497,0.1388
1153,334,1487,0.1388
1155,336,1491,0.1388
1153,336,1489,0.1388
1143,338,1481,0.1388
1151,331,1482,0.1388
1160,333,1493,0.1388
1165,339,1504,0.1388
1156,339,1495,0.1388
1170,333,1503,0.1388
1161,336,1497,0.1388
1154,338,1492,0.1388
1163,337,1500,0.1388
1173,343,1516,0.1388
1167,341,1508,0.1388
1157,340,1497,0.1388
1156,338,1494,0.1388
1165,345,1510,0.1388
1151,344,1495,0.1388
1145,351,1496,0.1388
1148,348,1496,0.1388
1148,350,1498,0.1388
1147,347,1494,0.1388
1140,336,1476,0.1388
1149,338,1487,0.1388
1155,342,1497,0.1388
1154,346,1500,0.1388
1154,349,1503,0.1388
1166,350,1516,0.1388
1163,357,1520,0.1388
1159,350,1509,0.1388
1156,350,1506,0.1388
1156,350,1506,0.1388
1160,348,1508,0.1388
1152,353,1505,0.1388
1144,356,1500,0.1388
1144,352,1496,0.1388
1143,352,1495,0.1388
1151,352,1503,0.1388
1140,357,1497,0.1388
1140,362,1502,0.1388
1139,361,1500,0.1388
1147,364,1511,0.1388
1145,363,1508,0.1388
1148,361,1509,0.1388
1139,360,1499,0.1388
1140,364,1504,0.1388
1137,363,1500,0.1388
1138,358,1496,0.1388
1121,363,1484,0.1388
1124,370,1494,0.1388
1132,368,1500,0.1388
1138,365,1503,0.1388
1125,366,1491,0.1388
1128,376,1504,0.1388
1136,366,1502,0.1388
1129,366,1495,0.1388
1138,367,1505,0.1388
1129,361,1490,0.1388
1146,361,1507,0.1388
1143,361,1504,0.1388
1138,360,1498,0.1388
1136,361,1497,0.1388
1123,359,1482,0.1388
1137,369,1506,0.1388
1142,365,1507,0.1388
1143,366,1509,0.1388
1132,369,1501,0.1388
1131,365,1496,0.1388
1121,375,1496,0.1388
1124,369,1493,0.1388
1130,362,1492,0.1388
1134,369,1503,0.1388
1126,362,1488,0.1388
1122,364,1486,0.1388
1110,365,1475,0.1388
1117,368,1485,0.1388
1121,360,1481,0.1388
1138,369,1507,0.1388
1130,366,1496,0.1388
1129,370,1499,0.1388
1116,370,1486,0.1388
1133,364,1497,0.1388
1132,361,1493,0.1388
1128,363,1491,0.1388
1134,371,1505,0.1388
1137,371,1508,0.1388
1144,376,1520,0.1388
1136,376,1512,0.1388
1128,377,1505,0.1388
1135,381,1516,0.1388
1124,378,1502,0.1388
1124,380,1504,0.1388
1130,389,1519,0.1388
1124,386,1510,0.1388
1130,382,1512,0.1388
1123,376,1499,0.1388
1131,379,1510,0.1388
1137,383,1520,0.1388
1135,370,1505,0.1388
1139,369,1508,0.1388
1141,379,1520,0.1388
1141,378,1519,0.1388
1128,377,1505,0.1388
1127,375,1502,0.1388
1117,377,1494,0.1388
1123,379,1502,0.1388
1125,383,1508,0.1388
1111,385,1496,0.1388
1115,384,1499,0.1388
1108,378,1486,0.1388
1109,377,1486,0.1388
1106,386,1492,0.1388
1114,383,1497,0.1388
1109,381,1490,0.1388
1104,387,1491,0.1388
1109,389,1498,0.1388
1108,391,1499,0.1388
1110,386,1496,0.1388
1108,382,1490,0.1388
1108,379,1487,0.1388
1114,392,1506,0.1388
1119,395,1514,0.1388
1114,393,1507,0.1388
1120,394,1514,0.1388
1116,390,1506,0.1388
1116,390,1506,0.1388
1111,391,1502,0.1388
1120,400,1520,0.1388
1112,397,1509,0.1388
1113,390,1503,0.1388
1110,387,1497,0.1388
1118,382,1500,0.1388
1114,385,1499,0.1388
1120,381,1501,0.1388
1122,380,1502,0.1388
1111,381,1492,0.1388
1107,384,1491,0.1388
1099,385,1484,0.1388
1097,387,1484,0.1388
1099,394,1493,0.1388
1100,393,1493,0.1388
1094,385,1479,0.1388
1096,387,1483,0.1388
1105,388,1493,0.1388
1099,385,1484,0.1388
1101,388,1489,0.1388
1099,388,1487,0.1388
1099,390,1489,0.1388
1108,390,1498,0.1388
1103,388,1491,0.1388
1093,391,1484,0.1388
1105,396,1501,0.1388
1111,386,1497,0.1388
1111,377,1488,0.1388
1118,385,1503,0.1388
1116,389,1505,0.1388
1107,397,1504,0.1388
1108,400,1508,0.1388
1100,397,1497,0.1388
1098,394,1492,0.1388
1098,393,1491,0.1388
1096,397,1493,0.1388
1098,407,1505,0.1388
1090,403,1493,0.1388
1085,409,1494,0.1388
1083,414,1497,0.1388
1079,415,1494,0.1388
1073,415,1488,0.1388
1066,419,1485,0.1388
1069,420,1489,0.1388
1087,427,1514,0.1388
1093,427,1520,0.1388
1094,420,1514,0.1388
1092,417,1509,0.1388
1086,415,1501,0.1388
1074,417,1491,0.1388
1065,418,1483,0.1388
1062,426,1488,0.1388
1065,424,1489,0.1388
1051,433,1484,0.1388
1058,440,1498,0.1388
1051,437,1488,0.1388
1053,441,1494,0.1388
1050,440,1490,0.1388
1059,452,1511,0.1388
1063,452,1515,0.1388
1061,446,1507,0.1388
1057,445,1502,0.1388
1057,447,1504,0.1388
1058,450,1508,0.1388
1053,458,1511,0.1388
1051,457,1508,0.1388
1053,461,1514,0.1388
1059,459,1518,0.1388
1043,460,1503,0.1388
1045,465,1510,0.1388
1043,468,1511,0.1388
1050,464,1514,0.1388
1047,465,1512,0.1388
1045,461,1506,0.1388
1037,462,1499,0.1388
1027,464,1491,0.1388
1027,469,1496,0.1388
1023,467,1490,0.1388
1029,468,1497,0.1388
1031,469,1500,0.1388
1035,473,1508,0.1388
1048,475,1523,0.1388
1047,475,1522,0.1388
1042,470,1512,0.1388
1036,470,1506,0.1388
1036,466,1502,0.1388
1035,466,1501,0.1388
1025,475,1500,0.1388
1039,473,1512,0.1388
1025,474,1499,0.1388
1023,472,1495,0.1388
1022,477,1499,0.1388
1018,475,1493,0.1388
1023,479,1502,0.1388
1035,474,1509,0.1388
1023,481,1504,0.1388
1014,481,1495,0.1388
1013,485,1498,0.1388
1015,483,1498,0.1388
1021,486,1507,0.1388
1009,482,1491,0.1388
999,487,1486,0.1388
997,485,1482,0.1388
1006,485,1491,0.1388
1015,491,1506,0.1388
1006,493,1499,0.1388
1011,485,1496,0.1388
1000,491,1491,0.1388
1009,496,1505,0.1388
1006,499,1505,0.1388
997,502,1499,0.1388
992,508,1500,0.1388
997,503,1500,0.1388
991,505,1496,0.1388
995,503,1498,0.1388
986,502,1488,0.1388
990,506,1496,0.1388
989,501,1490,0.1388
989,500,1489,0.1388
987,502,1489,0.1388
991,504,1495,0.1388
994,499,1493,0.1388
991,505,1496,0.1388
987,509,1496,0.1388
997,514,1511,0.1388
989,520,1509,0.1388
989,521,1510,0.1388
995,516,1511,0.1388
998,512,1510,0.1388
990,506,1496,0.1388
996,508,1504,0.1388
1001,506,1507,0.1388
1006,503,1509,0.1388
1005,506,1511,0.1388
998,502,1500,0.1388
984,500,1484,0.1388
986,492,1478,0.1388
977,496,1473,0.1388
989,501,1490,0.1388
981,505,1486,0.1388
980,509,1489,0.1388
981,505,1486,0.1388
986,514,1500,0.1388
985,511,1496,0.1388
984,525,1509,0.1388
981,521,1502,0.1388
976,525,1501,0.1388
982,521,1503,0.1388
984,525,1509,0.1388
981,530,1511,0.1388
979,529,1508,0.1388
980,530,1510,0.1388
980,528,1508,0.1388
979,530,1509,0.1388
971,537,1508,0.1388
971,534,1505,0.1388
980,532,1512,0.1388
979,538,1517,0.1388
983,538,1521,0.1388
966,535,1501,0.1388
981,537,1518,0.1388
967,539,1506,0.1388
962,544,1506,0.1388
952,553,1505,0.1388
954,549,1503,0.1388
965,541,1506,0.1388
965,546,1511,0.1388
961,543,1504,0.1388
967,534,1501,0.1388
972,535,1507,0.1388
966,545,1511,0.1388
962,547,1509,0.1388
964,544,1508,0.1388
961,543,1504,0.1388
966,548,1514,0.1388
967,546,1513,0.1388
965,541,1506,0.1388
953,547,1500,0.1388
957,547,1504,0.1388
958,545,1503,0.1388
959,546,1505,0.1388
943,548,1491,0.1388
955,552,1507,0.1388
942,560,1502,0.1388
943,559,1502,0.1388
945,552,1497,0.1388
957,548,1505,0.1388
944,553,1497,0.1388
951,565,1516,0.1388
952,562,1514,0.1388
947,559,1506,0.1388
946,563,1509,0.1388
944,562,1506,0.1388
943,559,1502,0.1388
943,563,1506,0.1388
949,567,1516,0.1388
938,577,1515,0.1388
935,574,1509,0.1388
939,577,1516,0.1388
926,573,1499,0.1388
925,564,1489,0.1388
921,571,1492,0.1388
922,580,1502,0.1388
911,584,1495,0.1388
913,579,1492,0.1388
920,582,1502,0.1388
910,584,1494,0.1388
926,586,1512,0.1388
924,590,1514,0.1388
919,586,1505,0.1388
920,581,1501,0.1388
919,577,1496,0.1388
913,593,1506,0.1388
906,592,1498,0.1388
908,599,1507,0.1388
910,594,1504,0.1388
918,593,1511,0.1388
923,600,1523,0.1388
923,605,1528,0.1388
918,603,1521,0.1388
913,608,1521,0.1388
901,601,1502,0.1388
889,602,1491,0.1388
885,602,1487,0.1388
887,605,1492,0.1388
895,609,1504,0.1388
892,607,1499,0.1388
896,606,1502,0.1388
898,611,1509,0.1388
891,612,1503,0.1388
902,614,1516,0.1388
904,610,1514,0.1388
898,608,1506,0.1388
893,603,1496,0.1388
887,614,1501,0.1388
886,611,1497,0.1388
888,612,1500,0.1388
883,618,1501,0.1388
886,624,1510,0.1388
887,615,1502,0.1388
884,625,1509,0.1388
886,622,1508,0.1388
890,622,1512,0.1388
880,624,1504,0.1388
879,625,1504,0.1388
881,628,1509,0.1388
878,627,1505,0.1388
878,622,1500,0.1388
866,618,1484,0.1388
867,625,1492,0.1388
874,621,1495,0.1388
871,630,1501,0.1388
875,630,1505,0.1388
881,625,1506,0.1388
873,630,1503,0.1388
885,632,1517,0.1388
887,628,1515,0.1388
893,624,1517,0.1388
881,623,1504,0.1388
888,632,1520,0.1388
884,628,1512,0.1388
881,628,1509,0.1388
889,635,1524,0.1388
895,626,1521,0.1388
897,631,1528,0.1388
882,632,1514,0.1388
880,637,1517,0.1388
872,629,1501,0.1388
872,635,1507,0.1388
875,634,1509,0.1388
876,637,1513,0.1388
865,641,1506,0.1388
868,643,1511,0.1388
876,648,1524,0.1388
872,648,1520,0.1388
862,639,1501,0.1388
880,638,1518,0.1388
872,638,1510,0.1388
857,646,1503,0.1388
859,643,1502,0.1388
861,637,1498,0.1388
860,644,1504,0.1388
867,640,1507,0.1388
871,632,1503,0.1388
856,640,1496,0.1388
860,638,1498,0.1388
858,637,1495,0.1388
854,638,1492,0.1388
864,656,1520,0.1388
859,656,1515,0.1388
853,655,1508,0.1388
852,655,1507,0.1388
850,656,1506,0.1388
854,654,1508,0.1388
847,655,1502,0.1388
843,653,1496,0.1388
849,649,1498,0.1388
866,653,1519,0.1388
855,652,1507,0.1388
853,656,1509,0.1388
853,654,1507,0.1388
854,647,1501,0.1388
859,652,1511,0.1388
860,655,1515,0.1388
850,654,1504,0.1388
843,652,1495,0.1388
851,645,1496,0.1388
858,652,1510,0.1388
861,650,1511,0.1388
856,641,1497,0.1388
853,648,1501,0.1388
853,649,1502,0.1388
850,655,1505,0.1388
852,648,1500,0.1388
849,651,1500,0.1388
860,653,1513,0.1388
860,644,1504,0.1388
867,637,1504,0.1388
870,644,1514,0.1388
870,644,1514,0.1388
865,652,1517,0.1388
863,653,1516,0.1388
849,645,1494,0.1388
849,639,1488,0.1388
845,649,1494,0.1388
852,656,1508,0.1388
839,652,1491,0.1388
837,646,1483,0.1388
830,648,1478,0.1388
829,646,1475,0.1388
828,654,1482,0.1388
829,669,1498,0.1388
836,671,1507,0.1388
840,665,1505,0.1388
832,680,1512,0.1388
831,683,1514,0.1388
831,679,1510,0.1388
825,674,1499,0.1388
829,678,1507,0.1388
826,675,1501,0.1388
828,673,1501,0.1388
829,675,1504,0.1388
826,678,1504,0.1388
822,684,1506,0.1388
814,681,1495,0.1388
815,681,1496,0.1388
818,687,1505,0.1388
815,684,1499,0.1388
818,691,1509,0.1388
829,692,1521,0.1388
835,685,1520,0.1388
822,696,1518,0.1388
820,703,1523,0.1388
813,702,1515,0.1388
818,695,1513,0.1388
810,698,1508,0.1388
817,702,1519,0.1388
818,702,1520,0.1388
819,705,1524,0.1388
808,701,1509,0.1388
804,702,1506,0.1388
803,704,1507,0.1388
798,720,1518,0.1388
793,705,1498,0.1388
793,707,1500,0.1388
797,707,1504,0.1388
800,706,1506,0.1388
805,707,1512,0.1388
801,700,1501,0.1388
814,703,1517,0.1388
802,708,1510,0.1388
793,715,1508,0.1388
786,717,1503,0.1388
782,723,1505,0.1388
778,722,1500,0.1388
782,724,1506,0.1388
775,725,1500,0.1388
774,728,1502,0.1388
780,726,1506,0.1388
789,723,1512,0.1388
784,727,1511,0.1388
778,724,1502,0.1388
781,722,1503,0.1388
793,726,1519,0.1388
784,734,1518,0.1388
790,736,1526,0.1388
785,727,1512,0.1388
782,729,1511,0.1388
784,726,1510,0.1388
785,731,1516,0.1388
765,730,1495,0.1388
779,720,1499,0.1388
769,721,1490,0.1388
772,721,1493,0.1388
768,735,1503,0.1388
769,722,1491,0.1388
783,730,1513,0.1388
777,736,1513,0.1388
774,749,1523,0.1388
767,737,1504,0.1388
783,732,1515,0.1388
778,731,1509,0.1388
769,733,1502,0.1388
776,733,1509,0.1388
787,727,1514,0.1388
775,727,1502,0.1388
774,727,1501,0.1388
776,733,1509,0.1388
783,733,1516,0.1388
783,732,1515,0.1388
788,732,1520,0.1388
786,726,1512,0.1388
779,733,1512,0.1388
777,737,1514,0.1388
780,741,1521,0.1388
777,733,1510,0.1388
778,735,1513,0.1388
768,727,1495,0.1388
778,727,1505,0.1388
768,730,1498,0.1388
760,742,1502,0.1388
765,742,1507,0.1388
783,738,1521,0.1388
778,737,1515,0.1388
776,732,1508,0.1388
779,739,1518,0.1388
778,749,1527,0.1388
774,744,1518,0.1388
774,745,1519,0.1388
776,751,1527,0.1388
767,748,1515,0.1388
765,749,1514,0.1388
764,747,1511,0.1388
758,739,1497,0.1388
763,734,1497,0.1388
751,738,1489,0.1388
753,734,1487,0.1388
766,735,1501,0.1388
765,736,1501,0.1388
766,734,1500,0.1388
762,723,1485,0.1388
773,729,1502,0.1388
788,721,1509,0.1388
779,724,1503,0.1388
775,736,1511,0.1388
772,730,1502,0.1388
769,726,1495,0.1388
769,734,1503,0.1388
773,739,1512,0.1388
769,742,1511,0.1388
779,740,1519,0.1388
775,733,1508,0.1388
768,728,1496,0.1388
771,732,1503,0.1388
773,735,1508,0.1388
776,731,1507,0.1388
776,728,1504,0.1388
776,731,1507,0.1388
776,739,1515,0.1388
769,740,1509,0.1388
772,741,1513,0.1388
773,739,1512,0.1388
765,750,1515,0.1388
758,739,1497,0.1388
762,753,1515,0.1388
748,748,1496,0.1388
752,742,1494,0.1388
749,739,1488,0.1388
753,744,1497,0.1388
755,738,1493,0.1388
758,736,1494,0.1388
758,735,1493,0.1388
758,731,1489,0.1388
767,739,1506,0.1388
765,732,1497,0.1388
751,737,1488,0.1388
759,739,1498,0.1388
760,748,1508,0.1388
759,749,1508,0.1388
751,757,1508,0.1388
754,745,1499,0.1388
754,741,1495,0.1388
759,735,1494,0.1388
769,739,1508,0.1388
772,733,1505,0.1388
769,744,1513,0.1388
771,737,1508,0.1388
762,732,1494,0.1388
754,750,1504,0.1388
753,745,1498,0.1388
756,743,1499,0.1388
757,739,1496,0.1388
753,734,1487,0.1388
756,743,1499,0.1388
752,753,1505,0.1388
745,756,1501,0.1388
747,767,1514,0.1388
750,768,1518,0.1388
735,763,1498,0.1388
735,761,1496,0.1388
743,760,1503,0.1388
748,759,1507,0.1388
742,761,1503,0.1388
741,765,1506,0.1388
745,758,1503,0.1388
740,764,1504,0.1388
748,768,1516,0.1388
736,771,1507,0.1388
739,767,1506,0.1388
736,770,1506,0.1388
741,758,1499,0.1388
740,755,1495,0.1388
739,756,1495,0.1388
748,756,1504,0.1388
750,762,1512,0.1388
747,758,1505,0.1388
745,765,1510,0.1388
739,764,1503,0.1388
747,770,1517,0.1388
748,764,1512,0.1388
751,759,1510,0.1388
748,756,1504,0.1388
743,760,1503,0.1388
745,754,1499,0.1388
750,764,1514,0.1388
745,766,1511,0.1388
747,767,1514,0.1388
737,757,1494,0.1388
730,762,1492,0.1388
736,764,1500,0.1388
741,766,1507,0.1388
744,768,1512,0.1388
747,762,1509,0.1388
742,764,1506,0.1388
736,756,1492,0.1388
745,768,1513,0.1388
732,767,1499,0.1388
741,764,1505,0.1388
737,756,1493,0.1388
736,756,1492,0.1388
732,770,1502,0.1388
734,759,1493,0.1388
738,768,1506,0.1388
734,775,1509,0.1388
735,775,1510,0.1388
743,784,1527,0.1388
739,785,1524,0.1388
735,783,1518,0.1388
729,775,1504,0.1388
731,786,1517,0.1388
730,793,1523,0.1388
724,779,1503,0.1388
728,786,1514,0.1388
728,784,1512,0.1388
721,781,1502,0.1388
717,779,1496,0.1388
728,774,1502,0.1388
724,776,1500,0.1388
729,774,1503,0.1388
725,786,1511,0.1388
721,782,1503,0.1388
725,768,1493,0.1388
721,761,1482,0.1388
726,771,1497,0.1388
731,767,1498,0.1388
717,772,1489,0.1388
722,769,1491,0.1388
731,777,1508,0.1388
728,775,1503,0.1388
721,768,1489,0.1388
723,766,1489,0.1388
722,765,1487,0.1388
715,774,1489,0.1388
716,777,1493,0.1388
721,767,1488,0.1388
724,770,1494,0.1388
721,776,1497,0.1388
717,773,1490,0.1388
717,779,1496,0.1388
723,772,1495,0.1388
729,768,1497,0.1388
724,772,1496,0.1388
715,777,1492,0.1388
718,776,1494,0.1388
723,779,1502,0.1388
718,794,1512,0.1388
718,803,1521,0.1388
716,796,1512,0.1388
711,793,1504,0.1388
716,796,1512,0.1388
711,790,1501,0.1388
701,784,1485,0.1388
714,779,1493,0.1388
710,776,1486,0.1388
712,780,1492,0.1388
716,785,1501,0.1388
715,783,1498,0.1388
713,780,1493,0.1388
717,786,1503,0.1388
715,783,1498,0.1388
719,781,1500,0.1388
723,791,1514,0.1388
711,794,1505,0.1388
710,796,1506,0.1388
711,795,1506,0.1388
704,792,1496,0.1388
711,795,1506,0.1388
711,798,1509,0.1388
717,799,1516,0.1388
715,790,1505,0.1388
719,798,1517,0.1388
721,796,1517,0.1388
718,793,1511,0.1388
704,803,1507,0.1388
692,809,1501,0.1388
700,807,1507,0.1388
705,813,1518,0.1388
703,816,1519,0.1388
710,815,1525,0.1388
707,807,1514,0.1388
704,801,1505,0.1388
705,805,1510,0.1388
691,811,1502,0.1388
685,816,1501,0.1388
682,812,1494,0.1388
674,809,1483,0.1388
676,816,1492,0.1388
684,816,1500,0.1388
687,809,1496,0.1388
689,815,1504,0.1388
690,824,1514,0.1388
682,817,1499,0.1388
676,825,1501,0.1388
681,821,1502,0.1388
685,821,1506,0.1388
693,819,1512,0.1388
686,822,1508,0.1388
686,822,1508,0.1388
685,832,1517,0.1388
683,823,1506,0.1388
679,819,1498,0.1388
684,823,1507,0.1388
690,824,1514,0.1388
683,819,1502,0.1388
679,824,1503,0.1388
679,822,1501,0.1388
673,809,1482,0.1388
680,817,1497,0.1388
676,808,1484,0.1388
668,825,1493,0.1388
671,831,1502,0.1388
670,828,1498,0.1388
675,834,1509,0.1388
678,825,1503,0.1388
678,824,1502,0.1388
680,824,1504,0.1388
678,823,1501,0.1388
669,825,1494,0.1388
674,833,1507,0.1388
668,838,1506,0.1388
685,824,1509,0.1388
677,834,1511,0.1388
681,832,1513,0.1388
685,832,1517,0.1388
678,833,1511,0.1388
670,839,1509,0.1388
671,839,1510,0.1388
668,834,1502,0.1388
673,843,1516,0.1388
674,840,1514,0.1388
667,838,1505,0.1388
658,842,1500,0.1388
666,837,1503,0.1388
669,832,1501,0.1388
672,834,1506,0.1388
677,830,1507,0.1388
686,822,1508,0.1388
676,826,1502,0.1388
682,821,1503,0.1388
674,824,1498,0.1388
685,828,1513,0.1388
688,832,1520,0.1388
686,836,1522,0.1388
677,834,1511,0.1388
676,830,1506,0.1388
675,829,1504,0.1388
671,825,1496,0.1388
677,821,1498,0.1388
676,823,1499,0.1388
673,817,1490,0.1388
673,813,1486,0.1388
677,819,1496,0.1388
679,831,1510,0.1388
680,833,1513,0.1388
677,838,1515,0.1388
674,840,1514,0.1388
667,847,1514,0.1388
659,849,1508,0.1388
659,845,1504,0.1388
667,844,1511,0.1388
662,843,1505,0.1388
660,853,1513,0.1388
661,845,1506,0.1388
663,842,1505,0.1388
659,841,1500,0.1388
659,843,1502,0.1388
654,841,1495,0.1388
656,840,1496,0.1388
662,840,1502,0.1388
654,851,1505,0.1388
654,850,1504,0.1388
656,862,1518,0.1388
648,858,1506,0.1388
647,859,1506,0.1388
643,857,1500,0.1388
652,857,1509,0.1388
641,843,1484,0.1388
642,842,1484,0.1388
649,847,1496,0.1388
642,856,1498,0.1388
647,859,1506,0.1388
651,867,1518,0.1388
646,863,1509,0.1388
651,854,1505,0.1388
646,855,1501,0.1388
641,859,1500,0.1388
638,865,1503,0.1388
641,859,1500,0.1388
642,869,1511,0.1388
634,873,1507,0.1388
631,866,1497,0.1388
636,865,1501,0.1388
635,865,1500,0.1388
633,863,1496,0.1388
627,882,1509,0.1388
622,885,1507,0.1388
629,871,1500,0.1388
627,863,1490,0.1388
632,856,1488,0.1388
637,862,1499,0.1388
641,867,1508,0.1388
643,866,1509,0.1388
637,863,1500,0.1388
633,859,1492,0.1388
628,862,1490,0.1388
615,863,1478,0.1388
622,876,1498,0.1388
633,883,1516,0.1388
630,877,1507,0.1388
619,886,1505,0.1388
623,887,1510,0.1388
631,892,1523,0.1388
632,893,1525,0.1388
626,890,1516,0.1388
629,891,1520,0.1388
639,896,1535,0.1388
640,900,1540,0.1388
635,896,1531,0.1388
631,893,1524,0.1388
626,887,1513,0.1388
624,889,1513,0.1388
628,901,1529,0.1388
628,890,1518,0.1388
631,889,1520,0.1388
622,890,1512,0.1388
623,884,1507,0.1388
624,877,1501,0.1388
624,874,1498,0.1388
620,887,1507,0.1388
622,889,1511,0.1388
614,888,1502,0.1388
609,893,1502,0.1388
605,902,1507,0.1388
601,908,1509,0.1388
595,901,1496,0.1388
593,905,1498,0.1388
595,905,1500,0.1388
590,912,1502,0.1388
593,921,1514,0.1388
593,914,1507,0.1388
597,905,1502,0.1388
610,911,1521,0.1388
600,919,1519,0.1388
592,920,1512,0.1388
594,922,1516,0.1388
592,919,1511,0.1388
595,921,1516,0.1388
596,927,1523,0.1388
588,920,1508,0.1388
600,929,1529,0.1388
595,932,1527,0.1388
591,930,1521,0.1388
591,933,1524,0.1388
573,936,1509,0.1388
574,923,1497,0.1388
589,929,1518,0.1388
584,923,1507,0.1388
574,932,1506,0.1388
567,936,1503,0.1388
566,934,1500,0.1388
568,933,1501,0.1388
570,939,1509,0.1388
559,942,1501,0.1388
554,948,1502,0.1388
555,958,1513,0.1388
557,952,1509,0.1388
558,951,1509,0.1388
555,951,1506,0.1388
552,951,1503,0.1388
551,960,1511,0.1388
549,970,1519,0.1388
555,973,1528,0.1388
550,966,1516,0.1388
551,957,1508,0.1388
549,950,1499,0.1388
556,946,1502,0.1388
553,945,1498,0.1388
551,942,1493,0.1388
555,945,1500,0.1388
553,963,1516,0.1388
553,965,1518,0.1388
553,965,1518,0.1388
549,971,1520,0.1388
544,968,1512,0.1388
545,968,1513,0.1388
532,956,1488,0.1388
528,957,1485,0.1388
526,955,1481,0.1388
536,959,1495,0.1388
532,965,1497,0.1388
542,967,1509,0.1388
546,973,1519,0.1388
545,964,1509,0.1388
549,958,1507,0.1388
545,956,1501,0.1388
541,959,1500,0.1388
542,956,1498,0.1388
540,959,1499,0.1388
543,974,1517,0.1388
535,970,1505,0.1388
534,969,1503,0.1388
533,956,1489,0.1388
539,968,1507,0.1388
532,973,1505,0.1388
535,967,1502,0.1388
540,963,1503,0.1388
543,955,1498,0.1388
538,964,1502,0.1388
541,969,1510,0.1388
539,979,1518,0.1388
535,977,1512,0.1388
540,971,1511,0.1388
546,962,1508,0.1388
548,966,1514,0.1388
545,959,1504,0.1388
550,961,1511,0.1388
547,954,1501,0.1388
544,951,1495,0.1388
541,952,1493,0.1388
533,957,1490,0.1388
534,960,1494,0.1388
543,964,1507,0.1388
530,967,1497,0.1388
521,973,1494,0.1388
534,963,1497,0.1388
542,965,1507,0.1388
544,971,1515,0.1388
542,974,1516,0.1388
537,975,1512,0.1388
546,977,1523,0.1388
545,973,1518,0.1388
549,966,1515,0.1388
556,965,1521,0.1388
557,961,1518,0.1388
555,967,1522,0.1388
555,963,1518,0.1388
558,971,1529,0.1388
557,974,1531,0.1388
558,960,1518,0.1388
556,957,1513,0.1388
559,961,1520,0.1388
547,953,1500,0.1388
553,960,1513,0.1388
554,958,1512,0.1388
563,955,1518,0.1388
563,962,1525,0.1388
554,966,1520,0.1388
563,968,1531,0.1388
559,973,1532,0.1388
544,965,1509,0.1388
536,976,1512,0.1388
535,961,1496,0.1388
546,956,1502,0.1388
542,955,1497,0.1388
544,948,1492,0.1388
549,943,1492,0.1388
547,947,1494,0.1388
546,943,1489,0.1388
539,957,1496,0.1388
539,957,1496,0.1388
546,967,1513,0.1388
537,968,1505,0.1388
543,967,1510,0.1388
541,969,1510,0.1388
544,979,1523,0.1388
540,971,1511,0.1388
531,969,1500,0.1388
538,971,1509,0.1388
537,980,1517,0.1388
534,980,1514,0.1388
526,984,1510,0.1388
530,989,1519,0.1388
529,981,1510,0.1388
525,978,1503,0.1388
529,980,1509,0.1388
534,977,1511,0.1388
539,981,1520,0.1388
544,982,1526,0.1388
537,985,1522,0.1388
533,988,1521,0.1388
526,985,1511,0.1388
527,988,1515,0.1388
530,988,1518,0.1388
529,981,1510,0.1388
524,983,1507,0.1388
528,980,1508,0.1388
525,983,1508,0.1388
528,978,1506,0.1388
529,993,1522,0.1388
530,981,1511,0.1388
532,985,1517,0.1388
528,980,1508,0.1388
521,984,1505,0.1388
519,986,1505,0.1388
521,989,1510,0.1388
521,987,1508,0.1388
520,983,1503,0.1388
519,967,1486,0.1388
522,985,1507,0.1388
518,979,1497,0.1388
519,978,1497,0.1388
523,985,1508,0.1388
532,980,1512,0.1388
528,983,1511,0.1388
524,978,1502,0.1388
527,978,1505,0.1388
535,981,1516,0.1388
529,983,1512,0.1388
522,983,1505,0.1388
530,990,1520,0.1388
519,973,1492,0.1388
531,981,1512,0.1388
533,984,1517,0.1388
528,977,1505,0.1388
530,975,1505,0.1388
526,968,1494,0.1388
534,981,1515,0.1388
531,979,1510,0.1388
530,976,1506,0.1388
528,980,1508,0.1388
529,966,1495,0.1388
528,972,1500,0.1388
528,978,1506,0.1388
518,982,1500,0.1388
519,990,1509,0.1388
516,991,1507,0.1388
508,990,1498,0.1388
512,1002,1514,0.1388
510,1000,1510,0.1388
511,992,1503,0.1388
509,996,1505,0.1388
509,999,1508,0.1388
509,1003,1512,0.1388
497,1023,1520,0.1388
503,1018,1521,0.1388
496,1023,1519,0.1388
496,1027,1523,0.1388
491,1021,1512,0.1388
499,1019,1518,0.1388
497,1016,1513,0.1388
496,1017,1513,0.1388
487,1028,1515,0.1388
490,1024,1514,0.1388
490,1018,1508,0.1388
495,1020,1515,0.1388
497,1019,1516,0.1388
501,1017,1518,0.1388
489,1019,1508,0.1388
491,1020,1511,0.1388
492,1027,1519,0.1388
485,1020,1505,0.1388
478,1023,1501,0.1388
481,1035,1516,0.1388
485,1035,1520,0.1388
477,1047,1524,0.1388
467,1046,1513,0.1388
463,1049,1512,0.1388
475,1053,1528,0.1388
472,1053,1525,0.1388
468,1052,1520,0.1388
469,1057,1526,0.1388
471,1059,1530,0.1388
469,1055,1524,0.1388
469,1046,1515,0.1388
460,1049,1509,0.1388
460,1055,1515,0.1388
464,1044,1508,0.1388
459,1050,1509,0.1388
450,1059,1509,0.1388
453,1057,1510,0.1388
451,1053,1504,0.1388
448,1048,1496,0.1388
451,1057,1508,0.1388
452,1070,1522,0.1388
445,1063,1508,0.1388
440,1069,1509,0.1388
442,1071,1513,0.1388
437,1075,1512,0.1388
440,1072,1512,0.1388
444,1068,1512,0.1388
434,1081,1515,0.1388
435,1060,1495,0.1388
436,1067,1503,0.1388
443,1073,1516,0.1388
443,1073,1516,0.1388
444,1078,1522,0.1388
438,1083,1521,0.1388
442,1073,1515,0.1388
436,1089,1525,0.1388
442,1087,1529,0.1388
434,1093,1527,0.1388
438,1075,1513,0.1388
439,1077,1516,0.1388
437,1073,1510,0.1388
442,1068,1510,0.1388
439,1071,1510,0.1388
444,1076,1520,0.1388
445,1078,1523,0.1388
436,1082,1518,0.1388
435,1074,1509,0.1388
437,1070,1507,0.1388
438,1065,1503,0.1388
426,1073,1499,0.1388
433,1070,1503,0.1388
438,1074,1512,0.1388
438,1066,1504,0.1388
431,1062,1493,0.1388
434,1064,1498,0.1388
434,1058,1492,0.1388
439,1055,1494,0.1388
444,1067,1511,0.1388
442,1071,1513,0.1388
441,1070,1511,0.1388
439,1077,1516,0.1388
436,1089,1525,0.1388
436,1085,1521,0.1388
439,1080,1519,0.1388
442,1080,1522,0.1388
436,1078,1514,0.1388
427,1083,1510,0.1388
431,1078,1509,0.1388
421,1081,1502,0.1388
432,1076,1508,0.1388
433,1079,1512,0.1388
426,1077,1503,0.1388
420,1079,1499,0.1388
418,1095,1513,0.1388
421,1096,1517,0.1388
421,1095,1516,0.1388
422,1095,1517,0.1388
418,1094,1512,0.1388
418,1094,1512,0.1388
419,1097,1516,0.1388
418,1088,1506,0.1388
411,1093,1504,0.1388
409,1104,1513,0.1388
415,1100,1515,0.1388
418,1099,1517,0.1388
419,1096,1515,0.1388
420,1088,1508,0.1388
419,1105,1524,0.1388
416,1098,1514,0.1388
413,1093,1506,0.1388
407,1097,1504,0.1388
403,1094,1497,0.1388
407,1091,1498,0.1388
410,1092,1502,0.1388
412,1087,1499,0.1388
415,1090,1505,0.1388
420,1090,1510,0.1388
418,1086,1504,0.1388
416,1095,1511,0.1388
418,1094,1512,0.1388
419,1094,1513,0.1388
407,1088,1495,0.1388
412,1091,1503,0.1388
419,1097,1516,0.1388
419,1094,1513,0.1388
422,1110,1532,0.1388
420,1099,1519,0.1388
415,1097,1512,0.1388
413,1096,1509,0.1388
410,1097,1507,0.1388
406,1101,1507,0.1388
407,1102,1509,0.1388
407,1111,1518,0.1388
389,1118,1507,0.1388
387,1108,1495,0.1388
380,1116,1496,0.1388
380,1123,1503,0.1388
388,1130,1518,0.1388
387,1134,1521,0.1388
390,1135,1525,0.1388
390,1132,1522,0.1388
396,1128,1524,0.1388
394,1126,1520,0.1388
392,1127,1519,0.1388
388,1115,1503,0.1388
386,1113,1499,0.1388
390,1118,1508,0.1388
391,1129,1520,0.1388
389,1125,1514,0.1388
385,1120,1505,0.1388
379,1136,1515,0.1388
392,1134,1526,0.1388
394,1134,1528,0.1388
390,1139,1529,0.1388
383,1136,1519,0.1388
377,1126,1503,0.1388
379,1124,1503,0.1388
379,1138,1517,0.1388
374,1130,1504,0.1388
375,1127,1502,0.1388
376,1133,1509,0.1388
370,1134,1504,0.1388
363,1138,1501,0.1388
362,1128,1490,0.1388
371,1139,1510,0.1388
371,1131,1502,0.1388
372,1128,1500,0.1388
370,1134,1504,0.1388
372,1128,1500,0.1388
371,1126,1497,0.1388
365,1126,1491,0.1388
364,1124,1488,0.1388
355,1140,1495,0.1388
360,1131,1491,0.1388
364,1140,1504,0.1388
370,1135,1505,0.1388
369,1136,1505,0.1388
373,1127,1500,0.1388
377,1123,1500,0.1388
371,1129,1500,0.1388
363,1141,1504,0.1388
362,1146,1508,0.1388
361,1152,1513,0.1388
369,1146,1515,0.1388
367,1136,1503,0.1388
368,1146,1514,0.1388
361,1149,1510,0.1388
355,1150,1505,0.1388
354,1161,1515,0.1388
353,1161,1514,0.1388
353,1152,1505,0.1388
356,1144,1500,0.1388
354,1147,1501,0.1388
362,1156,1518,0.1388
358,1166,1524,0.1388
363,1150,1513,0.1388
360,1144,1504,0.1388
364,1148,1512,0.1388
361,1152,1513,0.1388
363,1150,1513,0.1388
365,1160,1525,0.1388
369,1150,1519,0.1388
368,1147,1515,0.1388
367,1145,1512,0.1388
364,1147,1511,0.1388
361,1145,1506,0.1388
368,1158,1526,0.1388
363,1162,1525,0.1388
363,1160,1523,0.1388
364,1156,1520,0.1388
364,1167,1531,0.1388
365,1161,1526,0.1388
362,1162,1524,0.1388
361,1159,1520,0.1388
356,1165,1521,0.1388
354,1157,1511,0.1388
349,1160,1509,0.1388
341,1166,1507,0.1388
349,1175,1524,0.1388
345,1167,1512,0.1388
339,1164,1503,0.1388
341,1161,1502,0.1388
336,1157,1493,0.1388
341,1165,1506,0.1388
345,1167,1512,0.1388
349,1177,1526,0.1388
347,1172,1519,0.1388
348,1162,1510,0.1388
343,1173,1516,0.1388
352,1164,1516,0.1388
349,1166,1515,0.1388
341,1161,1502,0.1388
349,1169,1518,0.1388
351,1168,1519,0.1388
346,1156,1502,0.1388
353,1153,1506,0.1388
357,1155,1512,0.1388
355,1163,1518,0.1388
354,1162,1516,0.1388
352,1172,1524,0.1388
353,1170,1523,0.1388
346,1170,1516,0.1388
346,1162,1508,0.1388
356,1175,1531,0.1388
350,1175,1525,0.1388
353,1173,1526,0.1388
352,1172,1524,0.1388
346,1170,1516,0.1388
348,1179,1527,0.1388
348,1180,1528,0.1388
342,1173,1515,0.1388
338,1185,1523,0.1388
339,1177,1516,0.1388
337,1174,1511,0.1388
339,1176,1515,0.1388
342,1181,1523,0.1388
344,1188,1532,0.1388
342,1189,1531,0.1388
333,1171,1504,0.1388
331,1167,1498,0.1388
333,1155,1488,0.1388
336,1166,1502,0.1388
331,1160,1491,0.1388
331,1171,1502,0.1388
328,1165,1493,0.1388
333,1165,1498,0.1388
329,1172,1501,0.1388
332,1170,1502,0.1388
334,1170,1504,0.1388
331,1184,1515,0.1388
326,1188,1514,0.1388
328,1186,1514,0.1388
326,1184,1510,0.1388
327,1185,1512,0.1388
331,1194,1525,0.1388
333,1185,1518,0.1388
327,1187,1514,0.1388
326,1183,1509,0.1388
317,1186,1503,0.1388
314,1185,1499,0.1388
321,1197,1518,0.1388
319,1189,1508,0.1388
314,1194,1508,0.1388
325,1196,1521,0.1388
323,1195,1518,0.1388
325,1185,1510,0.1388
318,1182,1500,0.1388
321,1186,1507,0.1388
320,1191,1511,0.1388
321,1194,1515,0.1388
322,1189,1511,0.1388
318,1195,1513,0.1388
322,1201,1523,0.1388
319,1210,1529,0.1388
316,1211,1527,0.1388
320,1196,1516,0.1388
321,1190,1511,0.1388
324,1202,1526,0.1388
324,1202,1526,0.1388
320,1202,1522,0.1388
321,1206,1527,0.1388
315,1193,1508,0.1388
310,1208,1518,0.1388
319,1192,1511,0.1388
319,1195,1514,0.1388
309,1210,1519,0.1388
312,1198,1510,0.1388
307,1204,1511,0.1388
309,1197,1506,0.1388
313,1203,1516,0.1388
317,1193,1510,0.1388
318,1189,1507,0.1388
313,1205,1518,0.1388
313,1193,1506,0.1388
310,1178,1488,0.1388
305,1182,1487,0.1388
298,1196,1494,0.1388
294,1197,1491,0.1388
293,1213,1506,0.1388
295,1205,1500,0.1388
294,1198,1492,0.1388
293,1204,1497,0.1388
293,1215,1508,0.1388
296,1219,1515,0.1388
298,1223,1521,0.1388
300,1213,1513,0.1388
305,1214,1519,0.1388
307,1219,1526,0.1388
311,1212,1523,0.1388
305,1202,1507,0.1388
304,1186,1490,0.1388
299,1202,1501,0.1388
301,1209,1510,0.1388
304,1205,1509,0.1388
307,1207,1514,0.1388
304,1202,1506,0.1388
308,1212,1520,0.1388
308,1221,1529,0.1388
303,1212,1515,0.1388
301,1208,1509,0.1388
298,1196,1494,0.1388
302,1205,1507,0.1388
303,1207,1510,0.1388
302,1209,1511,0.1388
301,1223,1524,0.1388
295,1223,1518,0.1388
291,1223,1514,0.1388
291,1213,1504,0.1388
296,1221,1517,0.1388
300,1205,1505,0.1388
296,1215,1511,0.1388
294,1219,1513,0.1388
290,1216,1506,0.1388
286,1230,1516,0.1388
292,1228,1520,0.1388
290,1229,1519,0.1388
284,1220,1504,0.1388
288,1213,1501,0.1388
287,1220,1507,0.1388
290,1219,1509,0.1388
290,1220,1510,0.1388
282,1219,1501,0.1388
288,1222,1510,0.1388
285,1230,1515,0.1388
289,1225,1514,0.1388
293,1232,1525,0.1388
294,1226,1520,0.1388
295,1224,1519,0.1388
288,1220,1508,0.1388
288,1212,1500,0.1388
292,1214,1506,0.1388
291,1218,1509,0.1388
283,1214,1497,0.1388
288,1224,1512,0.1388
285,1231,1516,0.1388
284,1240,1524,0.1388
282,1241,1523,0.1388
281,1239,1520,0.1388
283,1240,1523,0.1388
281,1237,1518,0.1388
282,1232,1514,0.1388
287,1217,1504,0.1388
279,1207,1486,0.1388
282,1218,1500,0.1388
277,1235,1512,0.1388
273,1236,1509,0.1388
270,1235,1505,0.1388
271,1233,1504,0.1388
271,1237,1508,0.1388
269,1245,1514,0.1388
277,1253,1530,0.1388
280,1253,1533,0.1388
276,1237,1513,0.1388
272,1231,1503,0.1388
274,1234,1508,0.1388
273,1233,1506,0.1388
276,1241,1517,0.1388
277,1241,1518,0.1388
283,1237,1520,0.1388
281,1236,1517,0.1388
279,1229,1508,0.1388
271,1241,1512,0.1388
274,1248,1522,0.1388
274,1247,1521,0.1388
272,1243,1515,0.1388
272,1249,1521,0.1388
274,1250,1524,0.1388
275,1239,1514,0.1388
272,1239,1511,0.1388
270,1228,1498,0.1388
273,1232,1505,0.1388
275,1227,1502,0.1388
273,1230,1503,0.1388
279,1225,1504,0.1388
285,1228,1513,0.1388
277,1235,1512,0.1388
275,1239,1514,0.1388
275,1242,1517,0.1388
275,1235,1510,0.1388
279,1233,1512,0.1388
278,1239,1517,0.1388
275,1240,1515,0.1388
278,1244,1522,0.1388
276,1244,1520,0.1388
270,1239,1509,0.1388
273,1227,1500,0.1388
272,1229,1501,0.1388
274,1241,1515,0.1388
272,1226,1498,0.1388
278,1233,1511,0.1388
276,1237,1513,0.1388
276,1234,1510,0.1388
267,1224,1491,0.1388
273,1236,1509,0.1388
273,1238,1511,0.1388
270,1243,1513,0.1388
272,1237,1509,0.1388
274,1235,1509,0.1388
268,1243,1511,0.1388
271,1243,1514,0.1388
270,1243,1513,0.1388
271,1246,1517,0.1388
274,1242,1516,0.1388
266,1249,1515,0.1388
266,1252,1518,0.1388
274,1251,1525,0.1388
270,1260,1530,0.1388
273,1252,1525,0.1388
273,1257,1530,0.1388
266,1262,1528,0.1388
266,1244,1510,0.1388
269,1250,1519,0.1388
267,1250,1517,0.1388
272,1252,1524,0.1388
268,1249,1517,0.1388
265,1252,1517,0.1388
261,1260,1521,0.1388
261,1257,1518,0.1388
257,1250,1507,0.1388
256,1255,1511,0.1388
263,1258,1521,0.1388
257,1260,1517,0.1388
265,1258,1523,0.1388
260,1260,1520,0.1388
266,1266,1532,0.1388
263,1265,1528,0.1388
262,1261,1523,0.1388
262,1254,1516,0.1388
257,1260,1517,0.1388
258,1255,1513,0.1388
253,1246,1499,0.1388
250,1243,1493,0.1388
255,1251,1506,0.1388
260,1253,1513,0.1388
259,1248,1507,0.1388
252,1241,1493,0.1388
253,1254,1507,0.1388
258,1254,1512,0.1388
252,1266,1518,0.1388
249,1257,1506,0.1388
251,1272,1523,0.1388
256,1274,1530,0.1388
255,1275,1530,0.1388
255,1269,1524,0.1388
256,1270,1526,0.1388
251,1269,1520,0.1388
253,1276,1529,0.1388
250,1285,1535,0.1388
249,1271,1520,0.1388
247,1270,1517,0.1388
245,1266,1511,0.1388
252,1259,1511,0.1388
251,1259,1510,0.1388
252,1277,1529,0.1388
249,1270,1519,0.1388
244,1256,1500,0.1388
246,1256,1502,0.1388
242,1265,1507,0.1388
250,1252,1502,0.1388
250,1268,1518,0.1388
250,1262,1512,0.1388
244,1283,1527,0.1388
241,1298,1539,0.1388
240,1282,1522,0.1388
238,1279,1517,0.1388
235,1289,1524,0.1388
236,1287,1523,0.1388
235,1286,1521,0.1388
234,1280,1514,0.1388
235,1287,1522,0.1388
234,1296,1530,0.1388
237,1287,1524,0.1388
236,1274,1510,0.1388
234,1274,1508,0.1388
238,1272,1510,0.1388
236,1276,1512,0.1388
235,1284,1519,0.1388
236,1276,1512,0.1388
231,1277,1508,0.1388
230,1282,1512,0.1388
232,1277,1509,0.1388
234,1270,1504,0.1388
239,1280,1519,0.1388
236,1280,1516,0.1388
233,1270,1503,0.1388
229,1271,1500,0.1388
229,1274,1503,0.1388
228,1282,1510,0.1388
226,1285,1511,0.1388
226,1284,1510,0.1388
225,1271,1496,0.1388
228,1273,1501,0.1388
226,1270,1496,0.1388
224,1285,1509,0.1388
221,1284,1505,0.1388
218,1291,1509,0.1388
221,1292,1513,0.1388
221,1304,1525,0.1388
219,1308,1527,0.1388
222,1297,1519,0.1388
217,1291,1508,0.1388
216,1288,1504,0.1388
215,1287,1502,0.1388
212,1297,1509,0.1388
216,1286,1502,0.1388
215,1288,1503,0.1388
214,1293,1507,0.1388
217,1289,1506,0.1388
222,1288,1510,0.1388
223,1302,1525,0.1388
222,1301,1523,0.1388
217,1292,1509,0.1388
226,1288,1514,0.1388
225,1286,1511,0.1388
226,1293,1519,0.1388
223,1298,1521,0.1388
222,1289,1511,0.1388
218,1295,1513,0.1388
215,1295,1510,0.1388
213,1293,1506,0.1388
221,1288,1509,0.1388
225,1286,1511,0.1388
227,1287,1514,0.1388
226,1282,1508,0.1388
227,1293,1520,0.1388
225,1291,1516,0.1388
229,1295,1524,0.1388
228,1291,1519,0.1388
229,1293,1522,0.1388
223,1290,1513,0.1388
230,1292,1522,0.1388
230,1279,1509,0.1388
231,1299,1530,0.1388
230,1294,1524,0.1388
225,1299,1524,0.1388
224,1289,1513,0.1388
225,1293,1518,0.1388
224,1300,1524,0.1388
224,1291,1515,0.1388
224,1292,1516,0.1388
226,1291,1517,0.1388
227,1296,1523,0.1388
229,1316,1545,0.1388
228,1305,1533,0.1388
228,1303,1531,0.1388
224,1308,1532,0.1388
226,1307,1533,0.1388
226,1290,1516,0.1388
221,1286,1507,0.1388
227,1280,1507,0.1388
220,1281,1501,0.1388
224,1282,1506,0.1388
217,1285,1502,0.1388
221,1300,1521,0.1388
221,1298,1519,0.1388
219,1306,1525,0.1388
215,1310,1525,0.1388
216,1306,1522,0.1388
216,1314,1530,0.1388
215,1309,1524,0.1388
212,1299,1511,0.1388
211,1302,1513,0.1388
214,1302,1516,0.1388
217,1288,1505,0.1388
211,1294,1505,0.1388
213,1301,1514,0.1388
211,1296,1507,0.1388
213,1297,1510,0.1388
212,1288,1500,0.1388
202,1289,1491,0.1388
201,1288,1489,0.1388
206,1300,1506,0.1388
210,1313,1523,0.1388
205,1308,1513,0.1388
201,1306,1507,0.1388
200,1313,1513,0.1388
200,1318,1518,0.1388
198,1316,1514,0.1388
203,1311,1514,0.1388
200,1297,1497,0.1388
203,1297,1500,0.1388
205,1287,1492,0.1388
201,1300,1501,0.1388
199,1316,1515,0.1388
205,1320,1525,0.1388
203,1317,1520,0.1388
204,1312,1516,0.1388
204,1319,1523,0.1388
205,1320,1525,0.1388
203,1319,1522,0.1388
201,1323,1524,0.1388
198,1316,1514,0.1388
199,1317,1516,0.1388
199,1317,1516,0.1388
200,1302,1502,0.1388
202,1305,1507,0.1388
204,1303,1507,0.1388
195,1301,1496,0.1388
197,1298,1495,0.1388
198,1320,1518,0.1388
197,1316,1513,0.1388
198,1316,1514,0.1388
197,1322,1519,0.1388
199,1310,1509,0.1388
199,1324,1523,0.1388
197,1321,1518,0.1388
199,1315,1514,0.1388
204,1312,1516,0.1388
200,1314,1514,0.1388
195,1320,1515,0.1388
195,1317,1512,0.1388
189,1316,1505,0.1388
191,1308,1499,0.1388
195,1323,1518,0.1388
197,1331,1528,0.1388
201,1318,1519,0.1388
198,1316,1514,0.1388
194,1326,1520,0.1388
192,1310,1502,0.1388
194,1308,1502,0.1388
194,1308,1502,0.1388
199,1312,1511,0.1388
198,1301,1499,0.1388
203,1308,1511,0.1388
204,1309,1513,0.1388
199,1309,1508,0.1388
203,1313,1516,0.1388
201,1312,1513,0.1388
199,1314,1513,0.1388
204,1313,1517,0.1388
206,1313,1519,0.1388
202,1316,1518,0.1388
200,1311,1511,0.1388
198,1318,1516,0.1388
198,1312,1510,0.1388
200,1312,1512,0.1388
204,1305,1509,0.1388
207,1305,1512,0.1388
201,1315,1516,0.1388
202,1315,1517,0.1388
204,1318,1522,0.1388
200,1314,1514,0.1388
200,1297,1497,0.1388
205,1299,1504,0.1388
206,1302,1508,0.1388
206,1314,1520,0.1388
211,1309,1520,0.1388
208,1308,1516,0.1388
210,1308,1518,0.1388
212,1313,1525,0.1388
211,1314,1525,0.1388
207,1314,1521,0.1388
207,1326,1533,0.1388
209,1338,1547,0.1388
203,1330,1533,0.1388
209,1314,1523,0.1388
204,1315,1519,0.1388
206,1314,1520,0.1388
209,1315,1524,0.1388
208,1306,1514,0.1388
203,1304,1507,0.1388
208,1289,1497,0.1388
210,1296,1506,0.1388
207,1298,1505,0.1388
204,1302,1506,0.1388
202,1306,1508,0.1388
203,1306,1509,0.1388
204,1314,1518,0.1388
200,1316,1516,0.1388
199,1305,1504,0.1388
200,1297,1497,0.1388
198,1303,1501,0.1388
199,1313,1512,0.1388
197,1302,1499,0.1388
197,1298,1495,0.1388
202,1311,1513,0.1388
202,1322,1524,0.1388
202,1320,1522,0.1388
204,1312,1516,0.1388
209,1308,1517,0.1388
206,1312,1518,0.1388
202,1321,1523,0.1388
204,1313,1517,0.1388
198,1315,1513,0.1388
199,1311,1510,0.1388
197,1323,1520,0.1388
198,1337,1535,0.1388
195,1319,1514,0.1388
202,1320,1522,0.1388
198,1323,1521,0.1388
195,1308,1503,0.1388
197,1316,1513,0.1388
197,1337,1534,0.1388
192,1328,1520,0.1388
197,1307,1504,0.1388
200,1312,1512,0.1388
192,1309,1501,0.1388
190,1313,1503,0.1388
185,1327,1512,0.1388
190,1328,1518,0.1388
191,1331,1522,0.1388
188,1333,1521,0.1388
187,1339,1526,0.1388
188,1332,1520,0.1388
184,1341,1525,0.1388
182,1331,1513,0.1388
179,1349,1528,0.1388
182,1339,1521,0.1388
181,1343,1524,0.1388
178,1338,1516,0.1388
179,1339,1518,0.1388
179,1332,1511,0.1388
178,1342,1520,0.1388
176,1342,1518,0.1388
180,1344,1524,0.1388
177,1340,1517,0.1388
175,1335,1510,0.1388
176,1336,1512,0.1388
179,1335,1514,0.1388
175,1335,1510,0.1388
176,1334,1510,0.1388
177,1338,1515,0.1388
177,1346,1523,0.1388
177,1342,1519,0.1388
178,1345,1523,0.1388
178,1341,1519,0.1388
181,1351,1532,0.1388
179,1344,1523,0.1388
176,1344,1520,0.1388
178,1338,1516,0.1388
176,1340,1516,0.1388
173,1334,1507,0.1388
166,1337,1503,0.1388
167,1340,1507,0.1388
166,1347,1513,0.1388
164,1350,1514,0.1388
166,1365,1531,0.1388
167,1345,1512,0.1388
172,1341,1513,0.1388
173,1345,1518,0.1388
176,1348,1524,0.1388
175,1341,1516,0.1388
173,1351,1524,0.1388
175,1360,1535,0.1388
171,1357,1528,0.1388
170,1351,1521,0.1388
170,1350,1520,0.1388
166,1351,1517,0.1388
168,1355,1523,0.1388
174,1350,1524,0.1388
178,1349,1527,0.1388
179,1343,1522,0.1388
176,1337,1513,0.1388
174,1335,1509,0.1388
173,1352,1525,0.1388
172,1348,1520,0.1388
167,1338,1505,0.1388
167,1332,1499,0.1388
173,1336,1509,0.1388
170,1337,1507,0.1388
167,1343,1510,0.1388
167,1344,1511,0.1388
167,1345,1512,0.1388
164,1342,1506,0.1388
168,1336,1504,0.1388
168,1335,1503,0.1388
172,1339,1511,0.1388
170,1345,1515,0.1388
168,1332,1500,0.1388
172,1345,1517,0.1388
172,1348,1520,0.1388
168,1334,1502,0.1388
164,1330,1494,0.1388
162,1334,1496,0.1388
163,1348,1511,0.1388
163,1349,1512,0.1388
160,1349,1509,0.1388
157,1350,1507,0.1388
161,1351,1512,0.1388
166,1353,1519,0.1388
164,1370,1534,0.1388
163,1359,1522,0.1388
161,1362,1523,0.1388
162,1343,1505,0.1388
163,1344,1507,0.1388
164,1347,1511,0.1388
163,1350,1513,0.1388
160,1346,1506,0.1388
160,1361,1521,0.1388
162,1364,1526,0.1388
161,1358,1519,0.1388
164,1359,1523,0.1388
162,1353,1515,0.1388
162,1368,1530,0.1388
156,1355,1511,0.1388
155,1355,1510,0.1388
152,1354,1506,0.1388
151,1358,1509,0.1388
154,1355,1509,0.1388
154,1356,1510,0.1388
153,1358,1511,0.1388
160,1367,1527,0.1388
155,1366,1521,0.1388
154,1366,1520,0.1388
155,1359,1514,0.1388
156,1361,1517,0.1388
158,1362,1520,0.1388
155,1359,1514,0.1388
157,1352,1509,0.1388
155,1354,1509,0.1388
152,1354,1506,0.1388
156,1352,1508,0.1388
157,1357,1514,0.1388
161,1356,1517,0.1388
160,1350,1510,0.1388
150,1342,1492,0.1388
154,1350,1504,0.1388
161,1345,1506,0.1388
163,1344,1507,0.1388
164,1354,1518,0.1388
162,1354,1516,0.1388
158,1349,1507,0.1388
157,1344,1501,0.1388
157,1343,1500,0.1388
157,1352,1509,0.1388
157,1360,1517,0.1388
156,1355,1511,0.1388
156,1348,1504,0.1388
155,1346,1501,0.1388
154,1344,1498,0.1388
151,1347,1498,0.1388
148,1350,1498,0.1388
146,1348,1494,0.1388
148,1351,1499,0.1388
148,1361,1509,0.1388
145,1358,1503,0.1388
148,1346,1494,0.1388
152,1354,1506,0.1388
149,1354,1503,0.1388
149,1368,1517,0.1388
145,1365,1510,0.1388
149,1365,1514,0.1388
153,1362,1515,0.1388
151,1363,1514,0.1388
151,1370,1521,0.1388
151,1371,1522,0.1388
152,1366,1518,0.1388
151,1349,1500,0.1388
150,1363,1513,0.1388
152,1361,1513,0.1388
153,1373,1526,0.1388
151,1375,1526,0.1388
149,1374,1523,0.1388
148,1369,1517,0.1388
146,1368,1514,0.1388
149,1376,1525,0.1388
143,1374,1517,0.1388
142,1380,1522,0.1388
147,1374,1521,0.1388
148,1374,1522,0.1388
149,1365,1514,0.1388
148,1358,1506,0.1388
146,1372,1518,0.1388
143,1367,1510,0.1388
146,1371,1517,0.1388
143,1358,1501,0.1388
145,1361,1506,0.1388
140,1356,1496,0.1388
142,1363,1505,0.1388
141,1369,1510,0.1388
142,1362,1504,0.1388
142,1373,1515,0.1388
142,1363,1505,0.1388
143,1364,1507,0.1388
146,1374,1520,0.1388
148,1372,1520,0.1388
145,1376,1521,0.1388
144,1385,1529,0.1388
141,1364,1505,0.1388
145,1389,1534,0.1388
147,1377,1524,0.1388
144,1377,1521,0.1388
148,1375,1523,0.1388
145,1374,1519,0.1388
143,1366,1509,0.1388
137,1365,1502,0.1388
137,1376,1513,0.1388
137,1384,1521,0.1388
144,1376,1520,0.1388
142,1387,1529,0.1388
144,1387,1531,0.1388
148,1382,1530,0.1388
147,1385,1532,0.1388
146,1391,1537,0.1388
143,1388,1531,0.1388
142,1387,1529,0.1388
144,1376,1520,0.1388
141,1379,1520,0.1388
142,1379,1521,0.1388
140,1370,1510,0.1388
141,1367,1508,0.1388
143,1370,1513,0.1388
143,1372,1515,0.1388
139,1379,1518,0.1388
142,1376,1518,0.1388
138,1378,1516,0.1388
136,1378,1514,0.1388
140,1372,1512,0.1388
140,1368,1508,0.1388
140,1363,1503,0.1388
136,1366,1502,0.1388
137,1379,1516,0.1388
135,1373,1508,0.1388
134,1364,1498,0.1388
136,1375,1511,0.1388
137,1371,1508,0.1388
136,1376,1512,0.1388
135,1376,1511,0.1388
135,1376,1511,0.1388
136,1375,1511,0.1388
137,1385,1522,0.1388
137,1392,1529,0.1388
134,1386,1520,0.1388
133,1375,1508,0.1388
131,1375,1506,0.1388
132,1390,1522,0.1388
131,1384,1515,0.1388
131,1381,1512,0.1388
130,1381,1511,0.1388
128,1382,1510,0.1388
131,1385,1516,0.1388
129,1392,1521,0.1388
127,1402,1529,0.1388
128,1400,1528,0.1388
128,1389,1517,0.1388
128,1390,1518,0.1388
132,1389,1521,0.1388
129,1391,1520,0.1388
126,1387,1513,0.1388
123,1385,1508,0.1388
119,1384,1503,0.1388
123,1383,1506,0.1388
125,1392,1517,0.1388
121,1384,1505,0.1388
121,1385,1506,0.1388
122,1394,1516,0.1388
126,1381,1507,0.1388
124,1390,1514,0.1388
124,1384,1508,0.1388
125,1388,1513,0.1388
122,1389,1511,0.1388
124,1388,1512,0.1388
131,1380,1511,0.1388
133,1373,1506,0.1388
133,1372,1505,0.1388
132,1374,1506,0.1388
132,1376,1508,0.1388
134,1376,1510,0.1388
132,1393,1525,0.1388
134,1399,1533,0.1388
134,1405,1539,0.1388
131,1393,1524,0.1388
133,1398,1531,0.1388
133,1395,1528,0.1388
131,1392,1523,0.1388
130,1394,1524,0.1388
131,1390,1521,0.1388
130,1395,1525,0.1388
130,1389,1519,0.1388
131,1379,1510,0.1388
133,1381,1514,0.1388
130,1381,1511,0.1388
130,1379,1509,0.1388
132,1378,1510,0.1388
133,1390,1523,0.1388
135,1368,1503,0.1388
133,1379,1512,0.1388
137,1379,1516,0.1388
135,1380,1515,0.1388
136,1378,1514,0.1388
138,1374,1512,0.1388
136,1376,1512,0.1388
132,1369,1501,0.1388
131,1379,1510,0.1388
134,1357,1491,0.1388
136,1366,1502,0.1388
131,1368,1499,0.1388
129,1378,1507,0.1388
125,1383,1508,0.1388
124,1388,1512,0.1388
127,1379,1506,0.1388
124,1370,1494,0.1388
124,1380,1504,0.1388
122,1376,1498,0.1388
121,1379,1500,0.1388
119,1380,1499,0.1388
120,1386,1506,0.1388
120,1382,1502,0.1388
120,1393,1513,0.1388
125,1371,1496,0.1388
127,1377,1504,0.1388
126,1374,1500,0.1388
126,1373,1499,0.1388
127,1388,1515,0.1388
126,1394,1520,0.1388
129,1388,1517,0.1388
126,1387,1513,0.1388
125,1379,1504,0.1388
126,1368,1494,0.1388
127,1370,1497,0.1388
123,1389,1512,0.1388
123,1395,1518,0.1388
122,1396,1518,0.1388
122,1392,1514,0.1388
122,1381,1503,0.1388
124,1387,1511,0.1388
119,1385,1504,0.1388
120,1389,1509,0.1388
121,1387,1508,0.1388
125,1378,1503,0.1388
119,1386,1505,0.1388
120,1393,1513,0.1388
117,1400,1517,0.1388
120,1402,1522,0.1388
122,1388,1510,0.1388
120,1392,1512,0.1388
121,1376,1497,0.1388
122,1387,1509,0.1388
123,1384,1507,0.1388
120,1387,1507,0.1388
118,1383,1501,0.1388
120,1395,1515,0.1388
122,1394,1516,0.1388
124,1396,1520,0.1388
125,1383,1508,0.1388
124,1385,1509,0.1388
121,1381,1502,0.1388
127,1392,1519,0.1388
125,1392,1517,0.1388
122,1407,1529,0.1388
113,1397,1510,0.1388
118,1393,1511,0.1388
118,1389,1507,0.1388
119,1384,1503,0.1388
118,1389,1507,0.1388
119,1399,1518,0.1388
118,1396,1514,0.1388
116,1407,1523,0.1388
116,1394,1510,0.1388
116,1384,1500,0.1388
115,1401,1516,0.1388
119,1411,1530,0.1388
119,1412,1531,0.1388
119,1416,1535,0.1388
117,1405,1522,0.1388
117,1392,1509,0.1388
118,1390,1508,0.1388
118,1386,1504,0.1388
114,1406,1520,0.1388
116,1398,1514,0.1388
119,1388,1507,0.1388
119,1403,1522,0.1388
117,1409,1526,0.1388
118,1405,1523,0.1388
116,1404,1520,0.1388
118,1413,1531,0.1388
113,1402,1515,0.1388
117,1414,1531,0.1388
116,1415,1531,0.1388
117,1400,1517,0.1388
116,1413,1529,0.1388
112,1409,1521,0.1388
116,1413,1529,0.1388
118,1412,1530,0.1388
116,1412,1528,0.1388
114,1407,1521,0.1388
116,1412,1528,0.1388
117,1399,1516,0.1388
120,1396,1516,0.1388
117,1395,1512,0.1388
113,1404,1517,0.1388
111,1407,1518,0.1388
112,1415,1527,0.1388
111,1398,1509,0.1388
110,1419,1529,0.1388
109,1406,1515,0.1388
108,1410,1518,0.1388
107,1410,1517,0.1388
109,1413,1522,0.1388
111,1399,1510,0.1388
110,1403,1513,0.1388
108,1393,1501,0.1388
107,1396,1503,0.1388
109,1390,1499,0.1388
110,1395,1505,0.1388
112,1405,1517,0.1388
109,1417,1526,0.1388
107,1414,1521,0.1388
107,1411,1518,0.1388
103,1420,1523,0.1388
105,1434,1539,0.1388
107,1422,1529,0.1388
107,1419,1526,0.1388
103,1406,1509,0.1388
105,1397,1502,0.1388
103,1408,1511,0.1388
106,1410,1516,0.1388
104,1409,1513,0.1388
101,1414,1515,0.1388
100,1408,1508,0.1388
104,1406,1510,0.1388
100,1394,1494,0.1388
101,1410,1511,0.1388
98,1406,1504,0.1388
94,1406,1500,0.1388
95,1420,1515,0.1388
94,1425,1519,0.1388
96,1413,1509,0.1388
95,1410,1505,0.1388
91,1414,1505,0.1388
88,1412,1500,0.1388
89,1406,1495,0.1388
89,1414,1503,0.1388
90,1422,1512,0.1388
88,1432,1520,0.1388
92,1428,1520,0.1388
93,1436,1529,0.1388
91,1418,1509,0.1388
90,1417,1507,0.1388
88,1424,1512,0.1388
88,1421,1509,0.1388
88,1419,1507,0.1388
89,1436,1525,0.1388
96,1416,1512,0.1388
96,1413,1509,0.1388
93,1418,1511,0.1388
94,1428,1522,0.1388
96,1429,1525,0.1388
96,1421,1517,0.1388
96,1443,1539,0.1388
95,1439,1534,0.1388
95,1436,1531,0.1388
95,1428,1523,0.1388
97,1436,1533,0.1388
93,1434,1527,0.1388
93,1428,1521,0.1388
95,1419,1514,0.1388
97,1408,1505,0.1388
98,1400,1498,0.1388
96,1409,1505,0.1388
98,1416,1514,0.1388
98,1404,1502,0.1388
99,1411,1510,0.1388
99,1415,1514,0.1388
95,1419,1514,0.1388
95,1423,1518,0.1388
96,1422,1518,0.1388
96,1425,1521,0.1388
99,1423,1522,0.1388
98,1417,1515,0.1388
96,1428,1524,0.1388
91,1427,1518,0.1388
92,1426,1518,0.1388
90,1418,1508,0.1388
96,1417,1513,0.1388
100,1420,1520,0.1388
98,1414,1512,0.1388
96,1406,1502,0.1388
96,1406,1502,0.1388
96,1409,1505,0.1388
94,1417,1511,0.1388
94,1412,1506,0.1388
92,1424,1516,0.1388
92,1419,1511,0.1388
95,1417,1512,0.1388
96,1414,1510,0.1388
99,1406,1505,0.1388
99,1422,1521,0.1388
101,1420,1521,0.1388
101,1420,1521,0.1388
97,1432,1529,0.1388
95,1430,1525,0.1388
91,1435,1526,0.1388
92,1426,1518,0.1388
94,1427,1521,0.1388
94,1424,1518,0.1388
95,1423,1518,0.1388
97,1443,1540,0.1388
96,1436,1532,0.1388
92,1443,1535,0.1388
92,1431,1523,0.1388
91,1423,1514,0.1388
91,1410,1501,0.1388
90,1398,1488,0.1388
93,1407,1500,0.1388
94,1415,1509,0.1388
92,1412,1504,0.1388
91,1413,1504,0.1388
90,1419,1509,0.1388
89,1428,1517,0.1388
90,1419,1509,0.1388
89,1426,1515,0.1388
89,1417,1506,0.1388
91,1428,1519,0.1388
91,1428,1519,0.1388
91,1438,1529,0.1388
90,1434,1524,0.1388
90,1436,1526,0.1388
89,1428,1517,0.1388
89,1434,1523,0.1388
90,1426,1516,0.1388
85,1418,1503,0.1388
82,1417,1499,0.1388
81,1410,1491,0.1388
79,1412,1491,0.1388
82,1415,1497,0.1388
81,1420,1501,0.1388
80,1413,1493,0.1388
79,1428,1507,0.1388
77,1421,1498,0.1388
77,1437,1514,0.1388
78,1443,1521,0.1388
78,1432,1510,0.1388
78,1441,1519,0.1388
76,1436,1512,0.1388
77,1437,1514,0.1388
76,1444,1520,0.1388
74,1445,1519,0.1388
74,1449,1523,0.1388
75,1455,1530,0.1388
76,1450,1526,0.1388
74,1447,1521,0.1388
75,1426,1501,0.1388
79,1427,1506,0.1388
79,1426,1505,0.1388
76,1440,1516,0.1388
77,1442,1519,0.1388
75,1444,1519,0.1388
73,1448,1521,0.1388
72,1446,1518,0.1388
73,1436,1509,0.1388
75,1434,1509,0.1388
74,1432,1506,0.1388
75,1435,1510,0.1388
75,1438,1513,0.1388
74,1435,1509,0.1388
73,1440,1513,0.1388
72,1441,1513,0.1388
76,1451,1527,0.1388
77,1441,1518,0.1388
75,1443,1518,0.1388
76,1443,1519,0.1388
74,1451,1525,0.1388
74,1458,1532,0.1388
77,1462,1539,0.1388
76,1466,1542,0.1388
74,1453,1527,0.1388
73,1454,1527,0.1388
73,1455,1528,0.1388
71,1459,1530,0.1388
68,1448,1516,0.1388
66,1458,1524,0.1388
63,1456,1519,0.1388
62,1451,1513,0.1388
62,1457,1519,0.1388
63,1456,1519,0.1388
64,1451,1515,0.1388
64,1447,1511,0.1388
62,1458,1520,0.1388
63,1457,1520,0.1388
60,1456,1516,0.1388
56,1456,1512,0.1388
58,1455,1513,0.1388
57,1451,1508,0.1388
56,1452,1508,0.1388
55,1454,1509,0.1388
54,1463,1517,0.1388
52,1449,1501,0.1388
52,1456,1508,0.1388
53,1465,1518,0.1388
54,1461,1515,0.1388
55,1448,1503,0.1388
56,1448,1504,0.1388
56,1451,1507,0.1388
56,1465,1521,0.1388
59,1458,1517,0.1388
58,1460,1518,0.1388
58,1450,1508,0.1388
57,1454,1511,0.1388
57,1456,1513,0.1388
57,1470,1527,0.1388
57,1466,1523,0.1388
57,1478,1535,0.1388
55,1464,1519,0.1388
53,1475,1528,0.1388
54,1462,1516,0.1388
56,1455,1511,0.1388
55,1460,1515,0.1388
53,1459,1512,0.1388
56,1454,1510,0.1388
56,1462,1518,0.1388
54,1470,1524,0.1388
53,1462,1515,0.1388
52,1458,1510,0.1388
52,1459,1511,0.1388
54,1467,1521,0.1388
51,1462,1513,0.1388
50,1467,1517,0.1388
50,1462,1512,0.1388
49,1455,1504,0.1388
51,1447,1498,0.1388
53,1440,1493,0.1388
53,1464,1517,0.1388
54,1475,1529,0.1388
54,1468,1522,0.1388
55,1461,1516,0.1388
55,1467,1522,0.1388
55,1464,1519,0.1388
55,1465,1520,0.1388
56,1469,1525,0.1388
56,1474,1530,0.1388
56,1471,1527,0.1388
55,1479,1534,0.1388
52,1470,1522,0.1388
51,1473,1524,0.1388
53,1480,1533,0.1388
53,1471,1524,0.1388
52,1467,1519,0.1388
52,1463,1515,0.1388
54,1460,1514,0.1388
56,1459,1515,0.1388
55,1450,1505,0.1388
54,1462,1516,0.1388
54,1460,1514,0.1388
53,1458,1511,0.1388
54,1465,1519,0.1388
52,1474,1526,0.1388
54,1474,1528,0.1388
57,1460,1517,0.1388
57,1463,1520,0.1388
57,1468,1525,0.1388
57,1458,1515,0.1388
57,1454,1511,0.1388
58,1462,1520,0.1388
58,1446,1504,0.1388
54,1449,1503,0.1388
52,1454,1506,0.1388
51,1455,1506,0.1388
54,1454,1508,0.1388
53,1457,1510,0.1388
55,1471,1526,0.1388
54,1464,1518,0.1388
58,1460,1518,0.1388
58,1456,1514,0.1388
59,1461,1520,0.1388
59,1453,1512,0.1388
58,1457,1515,0.1388
58,1454,1512,0.1388
58,1456,1514,0.1388
58,1470,1528,0.1388
59,1477,1536,0.1388
57,1462,1519,0.1388
57,1462,1519,0.1388
56,1468,1524,0.1388
57,1459,1516,0.1388
56,1453,1509,0.1388
57,1446,1503,0.1388
57,1446,1503,0.1388
54,1453,1507,0.1388
52,1460,1512,0.1388
54,1470,1524,0.1388
55,1472,1527,0.1388
55,1464,1519,0.1388
53,1477,1530,0.1388
52,1470,1522,0.1388
50,1465,1515,0.1388
50,1457,1507,0.1388
51,1469,1520,0.1388
48,1462,1510,0.1388
47,1459,1506,0.1388
47,1475,1522,0.1388
46,1482,1528,0.1388
46,1469,1515,0.1388
46,1480,1526,0.1388
44,1479,1523,0.1388
46,1481,1527,0.1388
46,1466,1512,0.1388
48,1459,1507,0.1388
49,1457,1506,0.1388
48,1470,1518,0.1388
47,1470,1517,0.1388
46,1476,1522,0.1388
45,1486,1531,0.1388
47,1487,1534,0.1388
46,1485,1531,0.1388
47,1476,1523,0.1388
46,1468,1514,0.1388
47,1479,1526,0.1388
48,1475,1523,0.1388
48,1487,1535,0.1388
49,1481,1530,0.1388
49,1474,1523,0.1388
49,1476,1525,0.1388
47,1490,1537,0.1388
45,1487,1532,0.1388
44,1477,1521,0.1388
43,1475,1518,0.1388
41,1467,1508,0.1388
41,1476,1517,0.1388
40,1482,1522,0.1388
40,1490,1530,0.1388
39,1485,1524,0.1388
38,1475,1513,0.1388
39,1474,1513,0.1388
39,1479,1518,0.1388
42,1472,1514,0.1388
41,1476,1517,0.1388
41,1477,1518,0.1388
38,1475,1513,0.1388
37,1484,1521,0.1388
38,1480,1518,0.1388
40,1484,1524,0.1388
38,1481,1519,0.1388
36,1479,1515,0.1388
36,1480,1516,0.1388
36,1476,1512,0.1388
37,1480,1517,0.1388
40,1478,1518,0.1388
38,1470,1508,0.1388
40,1474,1514,0.1388
39,1479,1518,0.1388
38,1480,1518,0.1388
39,1485,1524,0.1388
40,1487,1527,0.1388
39,1467,1506,0.1388
39,1477,1516,0.1388
40,1486,1526,0.1388
38,1477,1515,0.1388
40,1472,1512,0.1388
40,1483,1523,0.1388
38,1474,1512,0.1388
36,1479,1515,0.1388
36,1467,1503,0.1388
35,1477,1512,0.1388
36,1467,1503,0.1388
38,1469,1507,0.1388
36,1468,1504,0.1388
34,1482,1516,0.1388
34,1486,1520,0.1388
34,1476,1510,0.1388
34,1470,1504,0.1388
35,1473,1508,0.1388
36,1476,1512,0.1388
35,1472,1507,0.1388
36,1475,1511,0.1388
35,1486,1521,0.1388
36,1478,1514,0.1388
35,1477,1512,0.1388
36,1480,1516,0.1388
36,1474,1510,0.1388
35,1479,1514,0.1388
34,1492,1526,0.1388
32,1491,1523,0.1388
32,1479,1511,0.1388
31,1481,1512,0.1388
32,1492,1524,0.1388
31,1479,1510,0.1388
32,1482,1514,0.1388
32,1481,1513,0.1388
29,1479,1508,0.1388
29,1478,1507,0.1388
27,1473,1500,0.1388
28,1464,1492,0.1388
28,1467,1495,0.1388
28,1476,1504,0.1388
30,1468,1498,0.1388
29,1486,1515,0.1388
29,1483,1512,0.1388
26,1491,1517,0.1388
25,1490,1515,0.1388
28,1496,1524,0.1388
30,1492,1522,0.1388
31,1486,1517,0.1388
32,1485,1517,0.1388
29,1484,1513,0.1388
29,1485,1514,0.1388
30,1485,1515,0.1388
31,1489,1520,0.1388
31,1476,1507,0.1388
30,1479,1509,0.1388
29,1492,1521,0.1388
29,1480,1509,0.1388
30,1504,1534,0.1388
31,1483,1514,0.1388
31,1478,1509,0.1388
30,1488,1518,0.1388
27,1482,1509,0.1388
30,1475,1505,0.1388
31,1475,1506,0.1388
31,1476,1507,0.1388
31,1481,1512,0.1388
29,1494,1523,0.1388
29,1492,1521,0.1388
29,1482,1511,0.1388
29,1488,1517,0.1388
29,1495,1524,0.1388
30,1502,1532,0.1388
30,1497,1527,0.1388
30,1486,1516,0.1388
31,1472,1503,0.1388
31,1477,1508,0.1388
30,1482,1512,0.1388
31,1484,1515,0.1388
29,1499,1528,0.1388
31,1513,1544,0.1388
29,1505,1534,0.1388
30,1498,1528,0.1388
31,1494,1525,0.1388
31,1490,1521,0.1388
30,1489,1519,0.1388
28,1491,1519,0.1388
27,1488,1515,0.1388
30,1495,1525,0.1388
32,1494,1526,0.1388
32,1486,1518,0.1388
32,1478,1510,0.1388
30,1485,1515,0.1388
28,1474,1502,0.1388
27,1467,1494,0.1388
26,1488,1514,0.1388
26,1490,1516,0.1388
27,1490,1517,0.1388
29,1493,1522,0.1388
29,1483,1512,0.1388
32,1477,1509,0.1388
31,1482,1513,0.1388
32,1482,1514,0.1388
29,1485,1514,0.1388
31,1479,1510,0.1388
30,1486,1516,0.1388
31,1476,1507,0.1388
30,1484,1514,0.1388
31,1482,1513,0.1388
33,1482,1515,0.1388
32,1488,1520,0.1388
31,1495,1526,0.1388
31,1501,1532,0.1388
32,1498,1530,0.1388
32,1495,1527,0.1388
32,1480,1512,0.1388
30,1482,1512,0.1388
30,1489,1519,0.1388
31,1491,1522,0.1388
33,1496,1529,0.1388
33,1482,1515,0.1388
34,1484,1518,0.1388
33,1475,1508,0.1388
31,1480,1511,0.1388
32,1473,1505,0.1388
33,1486,1519,0.1388
33,1491,1524,0.1388
33,1481,1514,0.1388
34,1483,1517,0.1388
33,1490,1523,0.1388
33,1488,1521,0.1388
33,1495,1528,0.1388
32,1483,1515,0.1388
32,1474,1506,0.1388
32,1478,1510,0.1388
32,1471,1503,0.1388
31,1482,1513,0.1388
32,1494,1526,0.1388
32,1477,1509,0.1388
31,1490,1521,0.1388
31,1481,1512,0.1388
30,1483,1513,0.1388
31,1473,1504,0.1388
33,1484,1517,0.1388
31,1480,1511,0.1388
31,1489,1520,0.1388
31,1490,1521,0.1388
30,1502,1532,0.1388
27,1500,1527,0.1388
28,1498,1526,0.1388
27,1497,1524,0.1388
27,1493,1520,0.1388
29,1486,1515,0.1388
29,1479,1508,0.1388
28,1473,1501,0.1388
28,1477,1505,0.1388
27,1484,1511,0.1388
27,1486,1513,0.1388
27,1494,1521,0.1388
28,1487,1515,0.1388
28,1488,1516,0.1388
28,1488,1516,0.1388
28,1474,1502,0.1388
27,1486,1513,0.1388
28,1492,1520,0.1388
29,1495,1524,0.1388
30,1493,1523,0.1388
30,1495,1525,0.1388
31,1487,1518,0.1388
31,1490,1521,0.1388
28,1489,1517,0.1388
29,1482,1511,0.1388
28,1493,1521,0.1388
29,1497,1526,0.1388
29,1495,1524,0.1388
31,1484,1515,0.1388
31,1476,1507,0.1388
30,1480,1510,0.1388
29,1481,1510,0.1388
31,1474,1505,0.1388
32,1474,1506,0.1388
32,1484,1516,0.1388
31,1478,1509,0.1388
31,1496,1527,0.1388
31,1490,1521,0.1388
31,1488,1519,0.1388
29,1492,1521,0.1388
28,1488,1516,0.1388
29,1488,1517,0.1388
31,1487,1518,0.1388
29,1493,1522,0.1388
28,1484,1512,0.1388
28,1487,1515,0.1388
28,1494,1522,0.1388
25,1486,1511,0.1388
24,1495,1519,0.1388
25,1503,1528,0.1388
26,1492,1518,0.1388
22,1496,1518,0.1388
20,1497,1517,0.1388
21,1492,1513,0.1388
21,1483,1504,0.1388
20,1487,1507,0.1388
19,1482,1501,0.1388
18,1487,1505,0.1388
20,1476,1496,0.1388
19,1480,1499,0.1388
18,1492,1510,0.1388
18,1496,1514,0.1388
18,1503,1521,0.1388
19,1497,1516,0.1388
19,1505,1524,0.1388
20,1511,1531,0.1388
20,1517,1537,0.1388
20,1507,1527,0.1388
20,1503,1523,0.1388
19,1495,1514,0.1388
18,1494,1512,0.1388
17,1513,1530,0.1388
17,1508,1525,0.1388
16,1509,1525,0.1388
17,1511,1528,0.1388
17,1512,1529,0.1388
15,1508,1523,0.1388
16,1490,1506,0.1388
15,1489,1504,0.1388
15,1491,1506,0.1388
15,1504,1519,0.1388
15,1521,1536,0.1388
14,1514,1528,0.1388
14,1515,1529,0.1388
13,1515,1528,0.1388
13,1503,1516,0.1388
14,1501,1515,0.1388
14,1496,1510,0.1388
14,1498,1512,0.1388
14,1508,1522,0.1388
13,1502,1515,0.1388
12,1497,1509,0.1388
11,1515,1526,0.1388
11,1514,1525,0.1388
13,1498,1511,0.1388
13,1513,1526,0.1388
13,1505,1518,0.1388
13,1497,1510,0.1388
12,1492,1504,0.1388
12,1505,1517,0.1388
12,1499,1511,0.1388
12,1502,1514,0.1388
11,1512,1523,0.1388
11,1516,1527,0.1388
10,1510,1520,0.1388
10,1512,1522,0.1388
9,1515,1524,0.1388
10,1516,1526,0.1388
10,1513,1523,0.1388
10,1502,1512,0.1388
9,1502,1511,0.1388
8,1494,1502,0.1388
8,1491,1499,0.1388
8,1495,1503,0.1388
8,1496,1504,0.1388
9,1502,1511,0.1388
9,1496,1505,0.1388
8,1505,1513,0.1388
7,1513,1520,0.1388
7,1520,1527,0.1388
7,1521,1528,0.1388
7,1521,1528,0.1388
6,1511,1517,0.1388
6,1516,1522,0.1388
7,1502,1509,0.1388
7,1506,1513,0.1388
7,1498,1505,0.1388
6,1511,1517,0.1388
6,1507,1513,0.1388
6,1504,1510,0.1388
6,1514,1520,0.1388
5,1513,1518,0.1388
5,1522,1527,0.1388
6,1516,1522,0.1388
5,1515,1520,0.1388
5,1511,1516,0.1388
5,1506,1511,0.1388
4,1501,1505,0.1388
4,1521,1525,0.1388
4,1526,1530,0.1388
3,1518,1521,0.1388
4,1516,1520,0.1388
4,1511,1515,0.1388
4,1505,1509,0.1388
4,1505,1509,0.1388
4,1509,1513,0.1388
4,1505,1509,0.1388
4,1506,1510,0.1388
4,1522,1526,0.1388
4,1509,1513,0.1388
4,1507,1511,0.1388
4,1505,1509,0.1388
5,1499,1504,0.1388
5,1504,1509,0.1388
4,1514,1518,0.1388
4,1516,1520,0.1388
4,1511,1515,0.1388
4,1499,1503,0.1388
3,1516,1519,0.1388
2,1516,1518,0.1388
2,1513,1515,0.1388
2,1511,1513,0.1388
3,1512,1515,0.1388
3,1522,1525,0.1388
4,1528,1532,0.1388
4,1512,1516,0.1388
4,1512,1516,0.1388
4,1527,1531,0.1388
5,1523,1528,0.1388
5,1517,1522,0.1388
5,1518,1523,0.1388
5,1513,1518,0.1388
5,1510,1515,0.1388
5,1513,1518,0.1388
5,1514,1519,0.1388
6,1502,1508,0.1388
6,1511,1517,0.1388
5,1525,1530,0.1388
5,1513,1518,0.1388
5,1508,1513,0.1388
5,1504,1509,0.1388
5,1507,1512,0.1388
5,1527,1532,0.1388
5,1537,1542,0.1388
5,1533,1538,0.1388
5,1523,1528,0.1388
5,1522,1527,0.1388
5,1517,1522,0.1388
5,1516,1521,0.1388
6,1508,1514,0.1388
5,1501,1506,0.1388
6,1511,1517,0.1388
6,1515,1521,0.1388
6,1521,1527,0.1388
6,1517,1523,0.1388
6,1519,1525,0.1388
6,1522,1528,0.1388
6,1506,1512,0.1388
6,1509,1515,0.1388
6,1508,1514,0.1388
6,1521,1527,0.1388
6,1525,1531,0.1388
6,1520,1526,0.1388
6,1516,1522,0.1388
6,1522,1528,0.1388
6,1533,1539,0.1388
5,1526,1531,0.1388
5,1532,1537,0.1388
4,1533,1537,0.1388
4,1522,1526,0.1388
4,1518,1522,0.1388
4,1516,1520,0.1388
4,1518,1522,0.1388
4,1521,1525,0.1388
4,1518,1522,0.1388
4,1524,1528,0.1388
4,1522,1526,0.1388
3,1515,1518,0.1388
3,1513,1516,0.1388
3,1519,1522,0.1388
3,1527,1530,0.1388
3,1528,1531,0.1388
3,1517,1520,0.1388
3,1524,1527,0.1388
3,1523,1526,0.1388
3,1514,1517,0.1388
3,1514,1517,0.1388
4,1507,1511,0.1388
4,1509,1513,0.1388
4,1518,1522,0.1388
5,1517,1522,0.1388
5,1518,1523,0.1388
6,1520,1526,0.1388
6,1497,1503,0.1388
7,1498,1505,0.1388
7,1504,1511,0.1388
7,1500,1507,0.1388
6,1506,1512,0.1388
7,1515,1522,0.1388
7,1523,1530,0.1388
7,1513,1520,0.1388
6,1500,1506,0.1388
6,1501,1507,0.1388
7,1508,1515,0.1388
7,1504,1511,0.1388
7,1505,1512,0.1388
6,1509,1515,0.1388
5,1515,1520,0.1388
5,1524,1529,0.1388
5,1518,1523,0.1388
5,1505,1510,0.1388
5,1512,1517,0.1388
5,1505,1510,0.1388
5,1498,1503,0.1388
5,1496,1501,0.1388
5,1495,1500,0.1388
4,1508,1512,0.1388
4,1515,1519,0.1388
4,1522,1526,0.1388
3,1530,1533,0.1388
3,1519,1522,0.1388
3,1533,1536,0.1388
3,1519,1522,0.1388
3,1517,1520,0.1388
3,1511,1514,0.1388
3,1507,1510,0.1388
3,1496,1499,0.1388
4,1501,1505,0.1388
3,1492,1495,0.1388
3,1498,1501,0.1388
3,1493,1496,0.1388
3,1511,1514,0.1388
3,1513,1516,0.1388
3,1516,1519,0.1388
3,1510,1513,0.1388
3,1511,1514,0.1388
3,1518,1521,0.1388
3,1524,1527,0.1388
3,1514,1517,0.1388
3,1496,1499,0.1388
3,1496,1499,0.1388
3,1494,1497,0.1388
3,1514,1517,0.1388
3,1510,1513,0.1388
3,1498,1501,0.1388
3,1499,1502,0.1388
3,1508,1511,0.1388
2,1518,1520,0.1388
2,1513,1515,0.1388
2,1502,1504,0.1388
2,1506,1508,0.1388
2,1519,1521,0.1388
2,1524,1526,0.1388
2,1523,1525,0.1388
2,1518,1520,0.1388
2,1520,1522,0.1388
2,1508,1510,0.1388
2,1510,1512,0.1388
2,1512,1514,0.1388
2,1517,1519,0.1388
2,1511,1513,0.1388
3,1515,1518,0.1388
3,1514,1517,0.1388
3,1523,1526,0.1388
3,1512,1515,0.1388
3,1501,1504,0.1388
3,1502,1505,0.1388
3,1499,1502,0.1388
3,1514,1517,0.1388
2,1503,1505,0.1388
3,1512,1515,0.1388
2,1522,1524,0.1388
1,1515,1516,0.1388
1,1530,1531,0.1388
1,1518,1519,0.1388
1,1518,1519,0.1388
1,1516,1517,0.1388
1,1497,1498,0.1388
1,1501,1502,0.1388
1,1510,1511,0.1388
1,1504,1505,0.1388
1,1507,1508,0.1388
1,1506,1507,0.1388
1,1522,1523,0.1388
1,1513,1514,0.1388
1,1529,1530,0.1388
1,1523,1524,0.1388
1,1516,1517,0.1388
1,1524,1525,0.1388
1,1522,1523,0.1388
1,1524,1525,0.1388
1,1505,1506,0.1388
1,1506,1507,0.1388
1,1515,1516,0.1388
1,1517,1518,0.1388
1,1516,1517,0.1388
1,1522,1523,0.1388
1,1515,1516,0.1388
1,1514,1515,0.1388
1,1514,1515,0.1388
1,1512,1513,0.1388
1,1518,1519,0.1388
1,1520,1521,0.1388
1,1517,1518,0.1388
1,1509,1510,0.1388
1,1513,1514,0.1388
1,1514,1515,0.1388
1,1523,1524,0.1388
1,1527,1528,0.1388
1,1532,1533,0.1388
1,1527,1528,0.1388
1,1517,1518,0.1388
1,1522,1523,0.1388
1,1517,1518,0.1388
1,1530,1531,0.1388
0,1541,1541,0.1388
