1366,29,1395,0.1388
1402,32,1434,0.1388
1416,31,1447,0.1388
1428,35,1463,0.1388
1445,36,1481,0.1388
1447,35,1482,0.1388
1451,33,1484,0.1388
1468,34,1502,0.1388
1457,36,1493,0.1388
1449,33,1482,0.1388
1445,33,1478,0.1388
1449,31,1480,0.1388
1453,29,1482,0.1388
1447,31,1478,0.1388
1449,32,1481,0.1388
1446,31,1477,0.1388
1453,32,1485,0.1388
1458,34,1492,0.1388
1458,34,1492,0.1388
1455,33,1488,0.1388
1451,32,1483,0.1388
1452,32,1484,0.1388
1457,35,1492,0.1388
1446,34,1480,0.1388
1451,34,1485,0.1388
1446,33,1479,0.1388
1433,33,1466,0.1388
1430,33,1463,0.1388
1436,37,1473,0.1388
1458,38,1496,0.1388
1456,38,1494,0.1388
1441,37,1478,0.1388
1452,36,1488,0.1388
1441,34,1475,0.1388
1444,34,1478,0.1388
1447,34,1481,0.1388
1441,33,1474,0.1388
1449,32,1481,0.1388
1470,31,1501,0.1388
1464,29,1493,0.1388
1457,30,1487,0.1388
1451,30,1481,0.1388
1455,31,1486,0.1388
1466,31,1497,0.1388
1477,32,1509,0.1388
1460,36,1496,0.1388
1454,35,1489,0.1388
1464,33,1497,0.1388
1449,34,1483,0.1388
1449,35,1484,0.1388
1453,35,1488,0.1388
1447,35,1482,0.1388
1450,33,1483,0.1388
1465,33,1498,0.1388
1464,32,1496,0.1388
1473,32,1505,0.1388
1473,32,1505,0.1388
1482,31,1513,0.1388
1479,35,1514,0.1388
1469,35,1504,0.1388
1446,35,1481,0.1388
1457,34,1491,0.1388
1461,37,1498,0.1388
1451,37,1488,0.1388
1442,37,1479,0.1388
1440,37,1477,0.1388
1446,37,1483,0.1388
1441,36,1477,0.1388
1444,37,1481,0.1388
1443,35,1478,0.1388
1450,33,1483,0.1388
1449,33,1482,0.1388
1451,35,1486,0.1388
1459,36,1495,0.1388
1464,35,1499,0.1388
1464,33,1497,0.1388
1465,33,1498,0.1388
1463,33,1496,0.1388
1472,34,1506,0.1388
1470,35,1505,0.1388
1472,34,1506,0.1388
1455,36,1491,0.1388
1457,37,1494,0.1388
1465,35,1500,0.1388
1468,35,1503,0.1388
1464,35,1499,0.1388
1449,35,1484,0.1388
1460,34,1494,0.1388
1462,33,1495,0.1388
1442,34,1476,0.1388
1449,33,1482,0.1388
1462,29,1491,0.1388
1465,29,1494,0.1388
1467,28,1495,0.1388
1451,27,1478,0.1388
1456,27,1483,0.1388
1462,28,1490,0.1388
1471,27,1498,0.1388
1472,27,1499,0.1388
1476,27,1503,0.1388
1458,30,1488,0.1388
1465,29,1494,0.1388
1472,27,1499,0.1388
1471,26,1497,0.1388
1482,25,1507,0.1388
1494,26,1520,0.1388
1486,26,1512,0.1388
1490,27,1517,0.1388
1470,27,1497,0.1388
1456,26,1482,0.1388
1455,26,1481,0.1388
1462,27,1489,0.1388
1482,25,1507,0.1388
1471,26,1497,0.1388
1478,25,1503,0.1388
1486,23,1509,0.1388
1482,24,1506,0.1388
1484,25,1509,0.1388
1473,26,1499,0.1388
1475,27,1502,0.1388
1474,28,1502,0.1388
1471,28,1499,0.1388
1471,25,1496,0.1388
1474,24,1498,0.1388
1477,22,1499,0.1388
1481,23,1504,0.1388
1478,24,1502,0.1388
1471,24,1495,0.1388
1462,25,1487,0.1388
1471,25,1496,0.1388
1475,27,1502,0.1388
1466,26,1492,0.1388
1461,28,1489,0.1388
1478,28,1506,0.1388
1469,28,1497,0.1388
1472,29,1501,0.1388
1459,29,1488,0.1388
1468,28,1496,0.1388
1461,29,1490,0.1388
1452,29,1481,0.1388
1449,28,1477,0.1388
1450,28,1478,0.1388
1441,28,1469,0.1388
1444,29,1473,0.1388
1461,30,1491,0.1388
1461,29,1490,0.1388
1465,29,1494,0.1388
1469,30,1499,0.1388
1468,30,1498,0.1388
1463,30,1493,0.1388
1464,31,1495,0.1388
1464,32,1496,0.1388
1460,32,1492,0.1388
1473,32,1505,0.1388
1466,32,1498,0.1388
1455,35,1490,0.1388
1467,36,1503,0.1388
1463,36,1499,0.1388
1470,37,1507,0.1388
1465,35,1500,0.1388
1458,33,1491,0.1388
1447,33,1480,0.1388
1463,33,1496,0.1388
1457,35,1492,0.1388
1459,34,1493,0.1388
1454,35,1489,0.1388
1446,32,1478,0.1388
1448,31,1479,0.1388
1457,30,1487,0.1388
1455,30,1485,0.1388
1457,31,1488,0.1388
1449,31,1480,0.1388
1444,34,1478,0.1388
1450,30,1480,0.1388
1451,30,1481,0.1388
1455,32,1487,0.1388
1456,33,1489,0.1388
1451,33,1484,0.1388
1460,34,1494,0.1388
1457,32,1489,0.1388
1448,33,1481,0.1388
1467,32,1499,0.1388
1470,30,1500,0.1388
1470,28,1498,0.1388
1467,31,1498,0.1388
1457,30,1487,0.1388
1460,30,1490,0.1388
1457,33,1490,0.1388
1456,34,1490,0.1388
1451,36,1487,0.1388
1456,36,1492,0.1388
1453,36,1489,0.1388
1471,34,1505,0.1388
1466,35,1501,0.1388
1485,33,1518,0.1388
1491,34,1525,0.1388
1486,32,1518,0.1388
1486,30,1516,0.1388
1484,31,1515,0.1388
1479,33,1512,0.1388
1463,33,1496,0.1388
1463,33,1496,0.1388
1446,32,1478,0.1388
1451,34,1485,0.1388
1459,33,1492,0.1388
1455,33,1488,0.1388
1465,34,1499,0.1388
1462,33,1495,0.1388
1486,33,1519,0.1388
1464,32,1496,0.1388
1460,31,1491,0.1388
1460,30,1490,0.1388
1454,32,1486,0.1388
1453,33,1486,0.1388
1464,34,1498,0.1388
1454,35,1489,0.1388
1461,37,1498,0.1388
1459,36,1495,0.1388
1466,36,1502,0.1388
1469,36,1505,0.1388
1458,38,1496,0.1388
1456,37,1493,0.1388
1455,36,1491,0.1388
1443,35,1478,0.1388
1442,34,1476,0.1388
1448,37,1485,0.1388
1442,36,1478,0.1388
1450,39,1489,0.1388
1455,41,1496,0.1388
1477,40,1517,0.1388
1467,40,1507,0.1388
1470,40,1510,0.1388
1466,41,1507,0.1388
1466,42,1508,0.1388
1472,44,1516,0.1388
1464,43,1507,0.1388
1448,44,1492,0.1388
1445,44,1489,0.1388
1447,45,1492,0.1388
1451,44,1495,0.1388
1445,43,1488,0.1388
1452,44,1496,0.1388
1445,44,1489,0.1388
1452,46,1498,0.1388
1450,46,1496,0.1388
1462,48,1510,0.1388
1459,49,1508,0.1388
1450,53,1503,0.1388
1451,52,1503,0.1388
1452,51,1503,0.1388
1458,51,1509,0.1388
1445,52,1497,0.1388
1434,53,1487,0.1388
1444,52,1496,0.1388
1428,53,1481,0.1388
1436,53,1489,0.1388
1440,56,1496,0.1388
1427,57,1484,0.1388
1428,58,1486,0.1388
1437,59,1496,0.1388
1434,62,1496,0.1388
1432,60,1492,0.1388
1416,58,1474,0.1388
1430,56,1486,0.1388
1430,60,1490,0.1388
1434,66,1500,0.1388
1425,65,1490,0.1388
1421,65,1486,0.1388
1419,66,1485,0.1388
1414,67,1481,0.1388
1412,66,1478,0.1388
1418,67,1485,0.1388
1420,69,1489,0.1388
1420,69,1489,0.1388
1416,67,1483,0.1388
1434,68,1502,0.1388
1441,68,1509,0.1388
1434,68,1502,0.1388
1431,68,1499,0.1388
1434,69,1503,0.1388
1440,69,1509,0.1388
1433,71,1504,0.1388
1414,70,1484,0.1388
1417,70,1487,0.1388
1422,69,1491,0.1388
1428,69,1497,0.1388
1422,72,1494,0.1388
1426,72,1498,0.1388
1421,71,1492,0.1388
1420,72,1492,0.1388
1414,74,1488,0.1388
1418,75,1493,0.1388
1421,73,1494,0.1388
1432,75,1507,0.1388
1427,76,1503,0.1388
1431,76,1507,0.1388
1426,72,1498,0.1388
1428,74,1502,0.1388
1434,73,1507,0.1388
1421,73,1494,0.1388
1427,71,1498,0.1388
1426,69,1495,0.1388
1420,68,1488,0.1388
1431,67,1498,0.1388
1434,70,1504,0.1388
1431,69,1500,0.1388
1416,69,1485,0.1388
1430,71,1501,0.1388
1422,71,1493,0.1388
1425,73,1498,0.1388
1429,74,1503,0.1388
1416,75,1491,0.1388
1419,74,1493,0.1388
1424,72,1496,0.1388
1436,70,1506,0.1388
1422,69,1491,0.1388
1429,70,1499,0.1388
1418,69,1487,0.1388
1406,69,1475,0.1388
1406,68,1474,0.1388
1405,68,1473,0.1388
1402,70,1472,0.1388
1419,68,1487,0.1388
1409,69,1478,0.1388
1402,69,1471,0.1388
1413,68,1481,0.1388
1415,69,1484,0.1388
1420,69,1489,0.1388
1421,69,1490,0.1388
1414,71,1485,0.1388
1411,71,1482,0.1388
1410,71,1481,0.1388
1413,71,1484,0.1388
1427,69,1496,0.1388
1430,71,1501,0.1388
1427,67,1494,0.1388
1419,68,1487,0.1388
1415,69,1484,0.1388
1421,71,1492,0.1388
1417,72,1489,0.1388
1423,73,1496,0.1388
1422,74,1496,0.1388
1413,73,1486,0.1388
1417,73,1490,0.1388
1419,72,1491,0.1388
1413,71,1484,0.1388
1431,73,1504,0.1388
1438,73,1511,0.1388
1437,73,1510,0.1388
1443,77,1520,0.1388
1429,76,1505,0.1388
1423,78,1501,0.1388
1414,76,1490,0.1388
1417,76,1493,0.1388
1413,75,1488,0.1388
1416,73,1489,0.1388
1415,74,1489,0.1388
1405,78,1483,0.1388
1401,77,1478,0.1388
1404,78,1482,0.1388
1410,77,1487,0.1388
1414,79,1493,0.1388
1410,80,1490,0.1388
1415,82,1497,0.1388
1423,82,1505,0.1388
1421,83,1504,0.1388
1418,80,1498,0.1388
1412,81,1493,0.1388
1394,81,1475,0.1388
1404,80,1484,0.1388
1400,79,1479,0.1388
1412,78,1490,0.1388
1417,77,1494,0.1388
1418,76,1494,0.1388
1416,76,1492,0.1388
1413,76,1489,0.1388
1413,76,1489,0.1388
1409,79,1488,0.1388
1403,78,1481,0.1388
1398,76,1474,0.1388
1405,77,1482,0.1388
1402,77,1479,0.1388
1399,82,1481,0.1388
1397,81,1478,0.1388
1397,81,1478,0.1388
1405,83,1488,0.1388
1407,83,1490,0.1388
1412,83,1495,0.1388
1404,85,1489,0.1388
1410,86,1496,0.1388
1425,87,1512,0.1388
1415,87,1502,0.1388
1428,86,1514,0.1388
1423,86,1509,0.1388
1427,85,1512,0.1388
1416,85,1501,0.1388
1406,86,1492,0.1388
1392,85,1477,0.1388
1394,87,1481,0.1388
1406,87,1493,0.1388
1413,83,1496,0.1388
1431,85,1516,0.1388
1427,86,1513,0.1388
1421,83,1504,0.1388
1414,82,1496,0.1388
1422,84,1506,0.1388
1427,86,1513,0.1388
1430,79,1509,0.1388
1430,79,1509,0.1388
1421,80,1501,0.1388
1431,80,1511,0.1388
1421,81,1502,0.1388
1403,81,1484,0.1388
1411,80,1491,0.1388
1415,81,1496,0.1388
1419,82,1501,0.1388
1414,84,1498,0.1388
1406,84,1490,0.1388
1412,87,1499,0.1388
1402,87,1489,0.1388
1413,90,1503,0.1388
1417,93,1510,0.1388
1406,90,1496,0.1388
1416,93,1509,0.1388
1406,90,1496,0.1388
1403,92,1495,0.1388
1407,96,1503,0.1388
1400,96,1496,0.1388
1397,97,1494,0.1388
1406,95,1501,0.1388
1397,96,1493,0.1388
1389,98,1487,0.1388
1395,100,1495,0.1388
1383,97,1480,0.1388
1379,100,1479,0.1388
1381,102,1483,0.1388
1398,98,1496,0.1388
1401,103,1504,0.1388
1396,102,1498,0.1388
1392,101,1493,0.1388
1395,103,1498,0.1388
1384,102,1486,0.1388
1396,104,1500,0.1388
1383,103,1486,0.1388
1382,106,1488,0.1388
1381,109,1490,0.1388
1376,105,1481,0.1388
1360,109,1469,0.1388
1365,110,1475,0.1388
1379,114,1493,0.1388
1392,114,1506,0.1388
1367,111,1478,0.1388
1356,111,1467,0.1388
1373,114,1487,0.1388
1377,118,1495,0.1388
1378,122,1500,0.1388
1382,123,1505,0.1388
1373,123,1496,0.1388
1363,125,1488,0.1388
1366,126,1492,0.1388
1375,121,1496,0.1388
1376,121,1497,0.1388
1355,125,1480,0.1388
1364,126,1490,0.1388
1363,127,1490,0.1388
1369,124,1493,0.1388
1370,125,1495,0.1388
1367,124,1491,0.1388
1378,125,1503,0.1388
1373,129,1502,0.1388
1364,130,1494,0.1388
1362,131,1493,0.1388
1373,128,1501,0.1388
1363,128,1491,0.1388
1367,126,1493,0.1388
1371,125,1496,0.1388
1374,127,1501,0.1388
1367,126,1493,0.1388
1377,121,1498,0.1388
1371,127,1498,0.1388
1363,131,1494,0.1388
1359,130,1489,0.1388
1351,129,1480,0.1388
1348,128,1476,0.1388
1356,129,1485,0.1388
1352,132,1484,0.1388
1348,135,1483,0.1388
1350,139,1489,0.1388
1361,138,1499,0.1388
1361,136,1497,0.1388
1348,131,1479,0.1388
1347,131,1478,0.1388
1343,130,1473,0.1388
1367,131,1498,0.1388
1379,131,1510,0.1388
1365,133,1498,0.1388
1354,133,1487,0.1388
1353,132,1485,0.1388
1338,133,1471,0.1388
1336,137,1473,0.1388
1342,142,1484,0.1388
1354,138,1492,0.1388
1353,145,1498,0.1388
1348,153,1501,0.1388
1350,151,1501,0.1388
1344,156,1500,0.1388
1331,154,1485,0.1388
1342,158,1500,0.1388
1348,158,1506,0.1388
1336,156,1492,0.1388
1322,155,1477,0.1388
1322,161,1483,0.1388
1328,162,1490,0.1388
1328,168,1496,0.1388
1314,164,1478,0.1388
1323,164,1487,0.1388
1326,163,1489,0.1388
1331,159,1490,0.1388
1329,158,1487,0.1388
1327,158,1485,0.1388
1331,159,1490,0.1388
1324,158,1482,0.1388
1319,160,1479,0.1388
1329,160,1489,0.1388
1323,163,1486,0.1388
1321,158,1479,0.1388
1336,160,1496,0.1388
1334,160,1494,0.1388
1330,164,1494,0.1388
1329,160,1489,0.1388
1326,164,1490,0.1388
1325,165,1490,0.1388
1323,162,1485,0.1388
1318,161,1479,0.1388
1332,160,1492,0.1388
1328,158,1486,0.1388
1336,156,1492,0.1388
1343,157,1500,0.1388
1333,158,1491,0.1388
1345,162,1507,0.1388
1342,158,1500,0.1388
1336,155,1491,0.1388
1332,159,1491,0.1388
1334,162,1496,0.1388
1334,154,1488,0.1388
1331,160,1491,0.1388
1333,158,1491,0.1388
1338,156,1494,0.1388
1347,159,1506,0.1388
1325,161,1486,0.1388
1322,162,1484,0.1388
1313,157,1470,0.1388
1323,163,1486,0.1388
1318,163,1481,0.1388
1319,159,1478,0.1388
1318,156,1474,0.1388
1318,159,1477,0.1388
1330,161,1491,0.1388
1333,159,1492,0.1388
1340,157,1497,0.1388
1339,157,1496,0.1388
1337,153,1490,0.1388
1346,158,1504,0.1388
1325,158,1483,0.1388
1327,156,1483,0.1388
1340,162,1502,0.1388
1330,165,1495,0.1388
1335,166,1501,0.1388
1327,167,1494,0.1388
1328,163,1491,0.1388
1333,168,1501,0.1388
1323,169,1492,0.1388
1328,163,1491,0.1388
1335,164,1499,0.1388
1341,169,1510,0.1388
1329,169,1498,0.1388
1331,169,1500,0.1388
1324,167,1491,0.1388
1329,167,1496,0.1388
1326,167,1493,0.1388
1321,168,1489,0.1388
1328,171,1499,0.1388
1340,171,1511,0.1388
1332,173,1505,0.1388
1330,172,1502,0.1388
1338,176,1514,0.1388
1340,174,1514,0.1388
1327,178,1505,0.1388
1338,179,1517,0.1388
1332,175,1507,0.1388
1320,174,1494,0.1388
1319,174,1493,0.1388
1323,169,1492,0.1388
1318,168,1486,0.1388
1330,170,1500,0.1388
1317,166,1483,0.1388
1315,165,1480,0.1388
1312,167,1479,0.1388
1309,172,1481,0.1388
1323,175,1498,0.1388
1327,171,1498,0.1388
1324,176,1500,0.1388
1328,180,1508,0.1388
1328,175,1503,0.1388
1340,177,1517,0.1388
1336,175,1511,0.1388
1334,178,1512,0.1388
1333,178,1511,0.1388
1319,177,1496,0.1388
1320,180,1500,0.1388
1304,181,1485,0.1388
1300,185,1485,0.1388
1298,184,1482,0.1388
1284,184,1468,0.1388
1298,186,1484,0.1388
1287,183,1470,0.1388
1296,184,1480,0.1388
1313,186,1499,0.1388
1304,186,1490,0.1388
1310,185,1495,0.1388
1315,185,1500,0.1388
1309,186,1495,0.1388
1308,187,1495,0.1388
1313,189,1502,0.1388
1312,189,1501,0.1388
1306,193,1499,0.1388
1312,191,1503,0.1388
1314,185,1499,0.1388
1319,189,1508,0.1388
1314,191,1505,0.1388
1320,192,1512,0.1388
1309,190,1499,0.1388
1321,191,1512,0.1388
1320,193,1513,0.1388
1306,193,1499,0.1388
1311,196,1507,0.1388
1315,197,1512,0.1388
1305,196,1501,0.1388
1302,191,1493,0.1388
1293,194,1487,0.1388
1315,197,1512,0.1388
1307,197,1504,0.1388
1288,198,1486,0.1388
1297,197,1494,0.1388
1294,188,1482,0.1388
1301,192,1493,0.1388
1302,198,1500,0.1388
1298,199,1497,0.1388
1298,199,1497,0.1388
1311,195,1506,0.1388
1308,202,1510,0.1388
1297,201,1498,0.1388
1295,202,1497,0.1388
1307,207,1514,0.1388
1303,209,1512,0.1388
1297,206,1503,0.1388
1297,205,1502,0.1388
1306,209,1515,0.1388
1294,209,1503,0.1388
1290,208,1498,0.1388
1295,204,1499,0.1388
1298,208,1506,0.1388
1296,206,1502,0.1388
1278,203,1481,0.1388
1273,206,1479,0.1388
1280,207,1487,0.1388
1281,204,1485,0.1388
1283,206,1489,0.1388
1282,209,1491,0.1388
1299,205,1504,0.1388
1294,202,1496,0.1388
1304,200,1504,0.1388
1307,201,1508,0.1388
1304,200,1504,0.1388
1292,201,1493,0.1388
1306,202,1508,0.1388
1296,202,1498,0.1388
1293,203,1496,0.1388
1297,207,1504,0.1388
1304,212,1516,0.1388
1308,213,1521,0.1388
1301,210,1511,0.1388
1303,208,1511,0.1388
1310,204,1514,0.1388
1302,207,1509,0.1388
1302,202,1504,0.1388
1305,210,1515,0.1388
1301,213,1514,0.1388
1303,208,1511,0.1388
1299,206,1505,0.1388
1287,202,1489,0.1388
1282,209,1491,0.1388
1287,209,1496,0.1388
1288,208,1496,0.1388
1279,215,1494,0.1388
1280,215,1495,0.1388
1281,216,1497,0.1388
1279,218,1497,0.1388
1278,219,1497,0.1388
1271,222,1493,0.1388
1269,222,1491,0.1388
1265,220,1485,0.1388
1272,221,1493,0.1388
1278,221,1499,0.1388
1279,216,1495,0.1388
1268,215,1483,0.1388
1277,214,1491,0.1388
1277,218,1495,0.1388
1273,212,1485,0.1388
1279,212,1491,0.1388
1282,211,1493,0.1388
1276,218,1494,0.1388
1274,213,1487,0.1388
1288,219,1507,0.1388
1280,217,1497,0.1388
1285,217,1502,0.1388
1295,216,1511,0.1388
1284,216,1500,0.1388
1287,215,1502,0.1388
1289,219,1508,0.1388
1281,218,1499,0.1388
1272,217,1489,0.1388
1283,218,1501,0.1388
1277,221,1498,0.1388
1280,214,1494,0.1388
1269,211,1480,0.1388
1279,214,1493,0.1388
1289,209,1498,0.1388
1285,209,1494,0.1388
1278,209,1487,0.1388
1280,215,1495,0.1388
1288,217,1505,0.1388
1291,216,1507,0.1388
1295,214,1509,0.1388
1292,216,1508,0.1388
1280,218,1498,0.1388
1278,213,1491,0.1388
1269,216,1485,0.1388
1264,217,1481,0.1388
1270,220,1490,0.1388
1269,223,1492,0.1388
1267,223,1490,0.1388
1262,216,1478,0.1388
1269,219,1488,0.1388
1264,225,1489,0.1388
1272,220,1492,0.1388
1273,217,1490,0.1388
1277,219,1496,0.1388
1271,220,1491,0.1388
1274,224,1498,0.1388
1269,230,1499,0.1388
1257,227,1484,0.1388
1262,230,1492,0.1388
1270,228,1498,0.1388
1279,238,1517,0.1388
1276,236,1512,0.1388
1281,236,1517,0.1388
1274,234,1508,0.1388
1275,232,1507,0.1388
1270,233,1503,0.1388
1264,231,1495,0.1388
1277,229,1506,0.1388
1263,229,1492,0.1388
1266,227,1493,0.1388
1265,228,1493,0.1388
1271,227,1498,0.1388
1279,234,1513,0.1388
1276,235,1511,0.1388
1260,227,1487,0.1388
1265,230,1495,0.1388
1271,227,1498,0.1388
1257,227,1484,0.1388
1278,224,1502,0.1388
1286,224,1510,0.1388
1279,223,1502,0.1388
1275,224,1499,0.1388
1278,232,1510,0.1388
1272,232,1504,0.1388
1265,229,1494,0.1388
1265,229,1494,0.1388
1256,229,1485,0.1388
1263,232,1495,0.1388
1275,233,1508,0.1388
1274,235,1509,0.1388
1270,235,1505,0.1388
1255,234,1489,0.1388
1255,230,1485,0.1388
1262,230,1492,0.1388
1264,229,1493,0.1388
1269,228,1497,0.1388
1269,231,1500,0.1388
1247,228,1475,0.1388
1245,230,1475,0.1388
1248,232,1480,0.1388
1249,237,1486,0.1388
1260,230,1490,0.1388
1247,234,1481,0.1388
1231,233,1464,0.1388
1235,237,1472,0.1388
1250,234,1484,0.1388
1251,236,1487,0.1388
1255,234,1489,0.1388
1241,240,1481,0.1388
1252,239,1491,0.1388
1256,238,1494,0.1388
1262,237,1499,0.1388
1270,234,1504,0.1388
1255,236,1491,0.1388
1244,237,1481,0.1388
1253,242,1495,0.1388
1261,238,1499,0.1388
1266,234,1500,0.1388
1260,233,1493,0.1388
1269,237,1506,0.1388
1264,236,1500,0.1388
1270,238,1508,0.1388
1257,236,1493,0.1388
1257,233,1490,0.1388
1260,236,1496,0.1388
1276,236,1512,0.1388
1274,238,1512,0.1388
1276,241,1517,0.1388
1275,240,1515,0.1388
1257,241,1498,0.1388
1262,242,1504,0.1388
1269,239,1508,0.1388
1281,242,1523,0.1388
1281,241,1522,0.1388
1276,241,1517,0.1388
1268,241,1509,0.1388
1251,244,1495,0.1388
1246,249,1495,0.1388
1236,255,1491,0.1388
1224,256,1480,0.1388
1226,262,1488,0.1388
1232,265,1497,0.1388
1236,264,1500,0.1388
1239,263,1502,0.1388
1238,258,1496,0.1388
1241,256,1497,0.1388
1231,261,1492,0.1388
1240,268,1508,0.1388
1233,271,1504,0.1388
1235,273,1508,0.1388
1232,272,1504,0.1388
1229,273,1502,0.1388
1232,271,1503,0.1388
1232,271,1503,0.1388
1240,275,1515,0.1388
1228,276,1504,0.1388
1225,274,1499,0.1388
1226,270,1496,0.1388
1215,273,1488,0.1388
1226,274,1500,0.1388
1223,276,1499,0.1388
1229,274,1503,0.1388
1222,273,1495,0.1388
1217,275,1492,0.1388
1218,270,1488,0.1388
1225,270,1495,0.1388
1221,273,1494,0.1388
1224,277,1501,0.1388
1213,280,1493,0.1388
1221,279,1500,0.1388
1211,276,1487,0.1388
1222,279,1501,0.1388
1225,278,1503,0.1388
1226,276,1502,0.1388
1226,278,1504,0.1388
1220,280,1500,0.1388
1225,280,1505,0.1388
1212,279,1491,0.1388
1223,278,1501,0.1388
1218,278,1496,0.1388
1211,284,1495,0.1388
1217,286,1503,0.1388
1213,279,1492,0.1388
1208,280,1488,0.1388
1217,281,1498,0.1388
1220,290,1510,0.1388
1218,279,1497,0.1388
1211,277,1488,0.1388
1214,274,1488,0.1388
1217,272,1489,0.1388
1211,271,1482,0.1388
1213,274,1487,0.1388
1213,275,1488,0.1388
1217,277,1494,0.1388
1214,282,1496,0.1388
1206,285,1491,0.1388
1210,285,1495,0.1388
1216,291,1507,0.1388
1214,295,1509,0.1388
1218,300,1518,0.1388
1203,303,1506,0.1388
1209,290,1499,0.1388
1209,292,1501,0.1388
1218,291,1509,0.1388
1218,292,1510,0.1388
1200,292,1492,0.1388
1191,292,1483,0.1388
1191,299,1490,0.1388
1201,298,1499,0.1388
1197,304,1501,0.1388
1191,306,1497,0.1388
1189,299,1488,0.1388
1186,302,1488,0.1388
1191,304,1495,0.1388
1187,301,1488,0.1388
1183,302,1485,0.1388
1187,310,1497,0.1388
1196,307,1503,0.1388
1193,311,1504,0.1388
1177,309,1486,0.1388
1166,311,1477,0.1388
1170,307,1477,0.1388
1166,316,1482,0.1388
1170,312,1482,0.1388
1182,314,1496,0.1388
1184,319,1503,0.1388
1182,324,1506,0.1388
1177,325,1502,0.1388
1190,326,1516,0.1388
1172,330,1502,0.1388
1176,328,1504,0.1388
1170,327,1497,0.1388
1167,327,1494,0.1388
1161,328,1489,0.1388
1165,327,1492,0.1388
1156,325,1481,0.1388
1163,330,1493,0.1388
1173,327,1500,0.1388
1180,324,1504,0.1388
1170,331,1501,0.1388
1176,327,1503,0.1388
1183,321,1504,0.1388
1180,321,1501,0.1388
1176,320,1496,0.1388
1164,315,1479,0.1388
1175,313,1488,0.1388
1183,314,1497,0.1388
1180,315,1495,0.1388
1184,308,1492,0.1388
1180,313,1493,0.1388
1180,314,1494,0.1388
1181,316,1497,0.1388
1171,325,1496,0.1388
1176,324,1500,0.1388
1167,319,1486,0.1388
1184,316,1500,0.1388
1177,323,1500,0.1388
1170,332,1502,0.1388
1164,329,1493,0.1388
1172,329,1501,0.1388
1162,330,1492,0.1388
1166,333,1499,0.1388
1168,328,1496,0.1388
1169,325,1494,0.1388
1173,323,1496,0.1388
1174,323,1497,0.1388
1161,333,1494,0.1388
1147,331,1478,0.1388
1178,331,1509,0.1388
1175,328,1503,0.1388
1168,323,1491,0.1388
1166,330,1496,0.1388
1168,334,1502,0.1388
1174,336,1510,0.1388
1175,338,1513,0.1388
1159,336,1495,0.1388
1172,340,1512,0.1388
1173,335,1508,0.1388
1175,339,1514,0.1388
1160,344,1504,0.1388
1162,351,1513,0.1388
1147,357,1504,0.1388
1139,352,1491,0.1388
1136,354,1490,0.1388
1130,359,1489,0.1388
1131,360,1491,0.1388
1140,361,1501,0.1388
1141,359,1500,0.1388
1142,354,1496,0.1388
1142,356,1498,0.1388
1143,347,1490,0.1388
1132,352,1484,0.1388
1119,359,1478,0.1388
1129,356,1485,0.1388
1125,350,1475,0.1388
1135,350,1485,0.1388
1137,353,1490,0.1388
1138,353,1491,0.1388
1126,349,1475,0.1388
1144,344,1488,0.1388
1152,356,1508,0.1388
1138,354,1492,0.1388
1130,355,1485,0.1388
1125,361,1486,0.1388
1131,366,1497,0.1388
1138,363,1501,0.1388
1132,362,1494,0.1388
1136,366,1502,0.1388
1124,365,1489,0.1388
1126,366,1492,0.1388
1124,367,1491,0.1388
1108,364,1472,0.1388
1124,368,1492,0.1388
1126,364,1490,0.1388
1116,358,1474,0.1388
1117,366,1483,0.1388
1123,369,1492,0.1388
1130,371,1501,0.1388
1131,376,1507,0.1388
1110,370,1480,0.1388
1103,370,1473,0.1388
1116,370,1486,0.1388
1117,373,1490,0.1388
1116,381,1497,0.1388
1120,384,1504,0.1388
1119,378,1497,0.1388
1113,377,1490,0.1388
1112,379,1491,0.1388
1100,383,1483,0.1388
1101,380,1481,0.1388
1105,376,1481,0.1388
1115,383,1498,0.1388
1119,389,1508,0.1388
1110,394,1504,0.1388
1106,382,1488,0.1388
1092,387,1479,0.1388
1097,382,1479,0.1388
1104,380,1484,0.1388
1097,386,1483,0.1388
1097,383,1480,0.1388
1105,384,1489,0.1388
1100,395,1495,0.1388
1095,403,1498,0.1388
1090,406,1496,0.1388
1096,407,1503,0.1388
1096,409,1505,0.1388
1088,408,1496,0.1388
1093,409,1502,0.1388
1095,412,1507,0.1388
1095,415,1510,0.1388
1088,410,1498,0.1388
1074,408,1482,0.1388
1089,407,1496,0.1388
1095,409,1504,0.1388
1090,414,1504,0.1388
1095,410,1505,0.1388
1102,406,1508,0.1388
1097,411,1508,0.1388
1092,409,1501,0.1388
1096,413,1509,0.1388
1096,419,1515,0.1388
1086,414,1500,0.1388
1091,416,1507,0.1388
1091,415,1506,0.1388
1086,419,1505,0.1388
1078,414,1492,0.1388
1075,404,1479,0.1388
1079,413,1492,0.1388
1078,418,1496,0.1388
1079,416,1495,0.1388
1085,414,1499,0.1388
1084,411,1495,0.1388
1092,408,1500,0.1388
1101,412,1513,0.1388
1092,412,1504,0.1388
1090,411,1501,0.1388
1091,410,1501,0.1388
1092,411,1503,0.1388
1103,410,1513,0.1388
1091,412,1503,0.1388
1086,406,1492,0.1388
1091,406,1497,0.1388
1095,399,1494,0.1388
1100,396,1496,0.1388
1094,398,1492,0.1388
1093,407,1500,0.1388
1096,412,1508,0.1388
1089,410,1499,0.1388
1093,405,1498,0.1388
1097,405,1502,0.1388
1084,406,1490,0.1388
1085,408,1493,0.1388
1092,414,1506,0.1388
1093,412,1505,0.1388
1084,411,1495,0.1388
1081,413,1494,0.1388
1091,418,1509,0.1388
1098,417,1515,0.1388
1099,415,1514,0.1388
1079,411,1490,0.1388
1077,412,1489,0.1388
1087,409,1496,0.1388
1087,417,1504,0.1388
1086,418,1504,0.1388
1081,418,1499,0.1388
1090,412,1502,0.1388
1093,419,1512,0.1388
1086,410,1496,0.1388
1077,414,1491,0.1388
1065,421,1486,0.1388
1070,427,1497,0.1388
1071,430,1501,0.1388
1070,433,1503,0.1388
1068,434,1502,0.1388
1068,430,1498,0.1388
1066,432,1498,0.1388
1068,428,1496,0.1388
1067,421,1488,0.1388
1076,437,1513,0.1388
1073,442,1515,0.1388
1071,438,1509,0.1388
1064,433,1497,0.1388
1072,438,1510,0.1388
1075,430,1505,0.1388
1069,436,1505,0.1388
1051,442,1493,0.1388
1059,440,1499,0.1388
1062,438,1500,0.1388
1076,441,1517,0.1388
1077,441,1518,0.1388
1073,434,1507,0.1388
1065,436,1501,0.1388
1072,437,1509,0.1388
1051,438,1489,0.1388
1048,431,1479,0.1388
1056,441,1497,0.1388
1064,446,1510,0.1388
1066,443,1509,0.1388
1061,443,1504,0.1388
1058,446,1504,0.1388
1058,450,1508,0.1388
1051,455,1506,0.1388
1051,448,1499,0.1388
1050,443,1493,0.1388
1051,444,1495,0.1388
1044,450,1494,0.1388
1045,445,1490,0.1388
1046,440,1486,0.1388
1044,441,1485,0.1388
1051,441,1492,0.1388
1045,442,1487,0.1388
1036,444,1480,0.1388
1041,454,1495,0.1388
1036,448,1484,0.1388
1048,450,1498,0.1388
1051,452,1503,0.1388
1054,453,1507,0.1388
1055,450,1505,0.1388
1056,455,1511,0.1388
1062,451,1513,0.1388
1054,459,1513,0.1388
1051,458,1509,0.1388
1048,458,1506,0.1388
1057,455,1512,0.1388
1040,453,1493,0.1388
1040,456,1496,0.1388
1041,461,1502,0.1388
1037,463,1500,0.1388
1032,461,1493,0.1388
1028,466,1494,0.1388
1023,462,1485,0.1388
1029,459,1488,0.1388
1031,457,1488,0.1388
1029,462,1491,0.1388
1039,465,1504,0.1388
1036,459,1495,0.1388
1025,468,1493,0.1388
1027,463,1490,0.1388
1035,463,1498,0.1388
1031,463,1494,0.1388
1038,473,1511,0.1388
1034,465,1499,0.1388
1033,474,1507,0.1388
1026,473,1499,0.1388
1024,468,1492,0.1388
1023,462,1485,0.1388
1024,469,1493,0.1388
1015,475,1490,0.1388
1025,470,1495,0.1388
1019,472,1491,0.1388
1017,475,1492,0.1388
1014,468,1482,0.1388
1023,474,1497,0.1388
1023,478,1501,0.1388
1032,482,1514,0.1388
1029,481,1510,0.1388
1019,480,1499,0.1388
1017,485,1502,0.1388
1022,484,1506,0.1388
1017,488,1505,0.1388
1017,487,1504,0.1388
1013,495,1508,0.1388
1004,494,1498,0.1388
1003,493,1496,0.1388
1002,500,1502,0.1388
1003,498,1501,0.1388
987,492,1479,0.1388
1000,497,1497,0.1388
1003,497,1500,0.1388
1010,502,1512,0.1388
1009,501,1510,0.1388
998,505,1503,0.1388
998,498,1496,0.1388
1000,491,1491,0.1388
997,491,1488,0.1388
1002,502,1504,0.1388
998,500,1498,0.1388
999,503,1502,0.1388
1008,497,1505,0.1388
1001,496,1497,0.1388
1005,497,1502,0.1388
1001,503,1504,0.1388
988,504,1492,0.1388
993,504,1497,0.1388
985,507,1492,0.1388
990,502,1492,0.1388
996,504,1500,0.1388
987,509,1496,0.1388
993,510,1503,0.1388
996,504,1500,0.1388
991,509,1500,0.1388
980,517,1497,0.1388
981,528,1509,0.1388
984,525,1509,0.1388
981,525,1506,0.1388
980,519,1499,0.1388
992,523,1515,0.1388
992,525,1517,0.1388
981,526,1507,0.1388
976,528,1504,0.1388
969,523,1492,0.1388
979,526,1505,0.1388
970,533,1503,0.1388
972,535,1507,0.1388
978,537,1515,0.1388
966,532,1498,0.1388
970,530,1500,0.1388
972,527,1499,0.1388
971,530,1501,0.1388
963,541,1504,0.1388
957,547,1504,0.1388
956,550,1506,0.1388
956,547,1503,0.1388
952,544,1496,0.1388
947,545,1492,0.1388
955,538,1493,0.1388
957,543,1500,0.1388
952,550,1502,0.1388
942,549,1491,0.1388
951,547,1498,0.1388
955,550,1505,0.1388
945,551,1496,0.1388
936,551,1487,0.1388
932,558,1490,0.1388
933,566,1499,0.1388
929,565,1494,0.1388
923,559,1482,0.1388
925,564,1489,0.1388
926,570,1496,0.1388
934,568,1502,0.1388
939,583,1522,0.1388
938,576,1514,0.1388
935,574,1509,0.1388
937,580,1517,0.1388
922,582,1504,0.1388
925,582,1507,0.1388
914,579,1493,0.1388
913,580,1493,0.1388
929,584,1513,0.1388
935,576,1511,0.1388
935,577,1512,0.1388
932,573,1505,0.1388
926,581,1507,0.1388
924,583,1507,0.1388
919,573,1492,0.1388
918,578,1496,0.1388
926,576,1502,0.1388
915,570,1485,0.1388
910,580,1490,0.1388
916,574,1490,0.1388
923,574,1497,0.1388
923,576,1499,0.1388
926,575,1501,0.1388
925,583,1508,0.1388
915,577,1492,0.1388
907,574,1481,0.1388
915,577,1492,0.1388
916,577,1493,0.1388
922,577,1499,0.1388
914,583,1497,0.1388
922,582,1504,0.1388
920,579,1499,0.1388
920,581,1501,0.1388
920,584,1504,0.1388
915,596,1511,0.1388
918,586,1504,0.1388
923,584,1507,0.1388
920,593,1513,0.1388
911,588,1499,0.1388
913,586,1499,0.1388
913,592,1505,0.1388
910,588,1498,0.1388
908,585,1493,0.1388
906,585,1491,0.1388
906,587,1493,0.1388
906,589,1495,0.1388
907,588,1495,0.1388
910,598,1508,0.1388
907,592,1499,0.1388
914,591,1505,0.1388
918,591,1509,0.1388
912,587,1499,0.1388
925,581,1506,0.1388
924,589,1513,0.1388
925,588,1513,0.1388
919,590,1509,0.1388
908,589,1497,0.1388
905,592,1497,0.1388
911,598,1509,0.1388
913,594,1507,0.1388
910,598,1508,0.1388
906,603,1509,0.1388
905,608,1513,0.1388
888,602,1490,0.1388
883,599,1482,0.1388
886,597,1483,0.1388
885,598,1483,0.1388
886,605,1491,0.1388
878,612,1490,0.1388
878,612,1490,0.1388
873,616,1489,0.1388
878,620,1498,0.1388
887,621,1508,0.1388
882,612,1494,0.1388
884,618,1502,0.1388
888,619,1507,0.1388
890,612,1502,0.1388
883,621,1504,0.1388
881,616,1497,0.1388
883,622,1505,0.1388
873,625,1498,0.1388
872,623,1495,0.1388
872,627,1499,0.1388
865,617,1482,0.1388
872,618,1490,0.1388
867,623,1490,0.1388
860,628,1488,0.1388
870,636,1506,0.1388
865,646,1511,0.1388
865,640,1505,0.1388
870,639,1509,0.1388
865,637,1502,0.1388
863,640,1503,0.1388
869,639,1508,0.1388
866,638,1504,0.1388
870,639,1509,0.1388
870,647,1517,0.1388
871,638,1509,0.1388
867,639,1506,0.1388
869,653,1522,0.1388
871,652,1523,0.1388
872,641,1513,0.1388
865,653,1518,0.1388
858,655,1513,0.1388
862,646,1508,0.1388
847,654,1501,0.1388
849,652,1501,0.1388
845,640,1485,0.1388
858,644,1502,0.1388
850,652,1502,0.1388
834,654,1488,0.1388
836,656,1492,0.1388
843,665,1508,0.1388
842,660,1502,0.1388
829,661,1490,0.1388
831,664,1495,0.1388
832,666,1498,0.1388
833,664,1497,0.1388
837,655,1492,0.1388
830,655,1485,0.1388
832,664,1496,0.1388
835,670,1505,0.1388
834,677,1511,0.1388
826,662,1488,0.1388
832,666,1498,0.1388
833,675,1508,0.1388
831,679,1510,0.1388
839,681,1520,0.1388
824,669,1493,0.1388
811,672,1483,0.1388
809,676,1485,0.1388
805,673,1478,0.1388
814,676,1490,0.1388
818,679,1497,0.1388
804,684,1488,0.1388
807,692,1499,0.1388
807,685,1492,0.1388
798,701,1499,0.1388
804,688,1492,0.1388
802,685,1487,0.1388
806,698,1504,0.1388
805,703,1508,0.1388
809,689,1498,0.1388
807,699,1506,0.1388
810,707,1517,0.1388
807,702,1509,0.1388
806,710,1516,0.1388
800,702,1502,0.1388
807,699,1506,0.1388
801,710,1511,0.1388
790,710,1500,0.1388
773,716,1489,0.1388
784,717,1501,0.1388
784,723,1507,0.1388
787,726,1513,0.1388
792,718,1510,0.1388
793,716,1509,0.1388
790,721,1511,0.1388
793,710,1503,0.1388
792,719,1511,0.1388
792,712,1504,0.1388
793,709,1502,0.1388
791,711,1502,0.1388
786,705,1491,0.1388
783,721,1504,0.1388
782,725,1507,0.1388
786,722,1508,0.1388
784,728,1512,0.1388
789,727,1516,0.1388
786,721,1507,0.1388
784,725,1509,0.1388
778,724,1502,0.1388
774,722,1496,0.1388
774,726,1500,0.1388
773,728,1501,0.1388
770,723,1493,0.1388
773,724,1497,0.1388
771,723,1494,0.1388
767,730,1497,0.1388
775,729,1504,0.1388
766,737,1503,0.1388
754,732,1486,0.1388
763,734,1497,0.1388
760,738,1498,0.1388
765,745,1510,0.1388
765,737,1502,0.1388
762,735,1497,0.1388
763,736,1499,0.1388
764,738,1502,0.1388
767,740,1507,0.1388
763,739,1502,0.1388
765,731,1496,0.1388
758,743,1501,0.1388
765,737,1502,0.1388
762,742,1504,0.1388
765,737,1502,0.1388
765,737,1502,0.1388
769,736,1505,0.1388
771,734,1505,0.1388
760,743,1503,0.1388
766,750,1516,0.1388
764,748,1512,0.1388
763,753,1516,0.1388
760,756,1516,0.1388
748,767,1515,0.1388
739,769,1508,0.1388
737,778,1515,0.1388
735,776,1511,0.1388
737,762,1499,0.1388
736,762,1498,0.1388
743,759,1502,0.1388
738,758,1496,0.1388
752,755,1507,0.1388
744,749,1493,0.1388
750,747,1497,0.1388
748,751,1499,0.1388
745,759,1504,0.1388
750,760,1510,0.1388
743,758,1501,0.1388
733,751,1484,0.1388
735,753,1488,0.1388
746,765,1511,0.1388
748,764,1512,0.1388
747,761,1508,0.1388
749,770,1519,0.1388
750,765,1515,0.1388
750,760,1510,0.1388
736,770,1506,0.1388
734,764,1498,0.1388
724,761,1485,0.1388
727,767,1494,0.1388
727,767,1494,0.1388
728,775,1503,0.1388
728,767,1495,0.1388
719,769,1488,0.1388
727,763,1490,0.1388
721,770,1491,0.1388
713,769,1482,0.1388
713,778,1491,0.1388
712,790,1502,0.1388
717,787,1504,0.1388
722,781,1503,0.1388
710,775,1485,0.1388
712,776,1488,0.1388
707,774,1481,0.1388
715,775,1490,0.1388
716,784,1500,0.1388
720,785,1505,0.1388
709,787,1496,0.1388
706,786,1492,0.1388
712,787,1499,0.1388
703,789,1492,0.1388
708,790,1498,0.1388
707,787,1494,0.1388
712,789,1501,0.1388
714,787,1501,0.1388
721,802,1523,0.1388
712,792,1504,0.1388
709,803,1512,0.1388
712,796,1508,0.1388
713,797,1510,0.1388
717,805,1522,0.1388
707,812,1519,0.1388
699,811,1510,0.1388
697,811,1508,0.1388
693,820,1513,0.1388
696,819,1515,0.1388
706,814,1520,0.1388
711,817,1528,0.1388
714,812,1526,0.1388
714,806,1520,0.1388
715,797,1512,0.1388
711,799,1510,0.1388
707,799,1506,0.1388
706,792,1498,0.1388
713,795,1508,0.1388
714,792,1506,0.1388
710,792,1502,0.1388
711,803,1514,0.1388
713,808,1521,0.1388
708,807,1515,0.1388
726,805,1531,0.1388
726,806,1532,0.1388
721,801,1522,0.1388
707,808,1515,0.1388
703,804,1507,0.1388
706,801,1507,0.1388
711,797,1508,0.1388
709,800,1509,0.1388
710,800,1510,0.1388
707,796,1503,0.1388
699,800,1499,0.1388
695,798,1493,0.1388
695,801,1496,0.1388
693,797,1490,0.1388
708,792,1500,0.1388
720,792,1512,0.1388
728,782,1510,0.1388
726,783,1509,0.1388
710,782,1492,0.1388
713,795,1508,0.1388
713,773,1486,0.1388
722,778,1500,0.1388
722,785,1507,0.1388
713,789,1502,0.1388
718,794,1512,0.1388
718,787,1505,0.1388
722,789,1511,0.1388
710,781,1491,0.1388
717,784,1501,0.1388
717,788,1505,0.1388
710,780,1490,0.1388
706,791,1497,0.1388
711,793,1504,0.1388
713,788,1501,0.1388
716,797,1513,0.1388
711,804,1515,0.1388
707,809,1516,0.1388
703,812,1515,0.1388
703,807,1510,0.1388
713,805,1518,0.1388
712,798,1510,0.1388
709,802,1511,0.1388
702,804,1506,0.1388
705,809,1514,0.1388
699,814,1513,0.1388
699,822,1521,0.1388
699,811,1510,0.1388
704,802,1506,0.1388
698,799,1497,0.1388
694,803,1497,0.1388
687,804,1491,0.1388
689,818,1507,0.1388
702,824,1526,0.1388
695,823,1518,0.1388
690,821,1511,0.1388
686,819,1505,0.1388
693,820,1513,0.1388
689,820,1509,0.1388
683,822,1505,0.1388
690,831,1521,0.1388
688,823,1511,0.1388
687,823,1510,0.1388
685,815,1500,0.1388
685,806,1491,0.1388
691,807,1498,0.1388
684,814,1498,0.1388
684,809,1493,0.1388
687,811,1498,0.1388
683,819,1502,0.1388
674,822,1496,0.1388
681,819,1500,0.1388
692,812,1504,0.1388
695,807,1502,0.1388
702,808,1510,0.1388
685,813,1498,0.1388
672,812,1484,0.1388
676,810,1486,0.1388
673,821,1494,0.1388
676,828,1504,0.1388
669,826,1495,0.1388
664,830,1494,0.1388
671,828,1499,0.1388
668,834,1502,0.1388
664,838,1502,0.1388
661,851,1512,0.1388
664,839,1503,0.1388
663,846,1509,0.1388
657,848,1505,0.1388
659,840,1499,0.1388
662,844,1506,0.1388
656,844,1500,0.1388
658,849,1507,0.1388
658,847,1505,0.1388
663,848,1511,0.1388
660,859,1519,0.1388
667,862,1529,0.1388
658,863,1521,0.1388
651,869,1520,0.1388
655,864,1519,0.1388
651,867,1518,0.1388
644,860,1504,0.1388
638,864,1502,0.1388
639,868,1507,0.1388
638,859,1497,0.1388
638,865,1503,0.1388
638,864,1502,0.1388
636,863,1499,0.1388
631,870,1501,0.1388
626,875,1501,0.1388
627,883,1510,0.1388
623,883,1506,0.1388
625,886,1511,0.1388
628,895,1523,0.1388
623,892,1515,0.1388
620,898,1518,0.1388
613,899,1512,0.1388
614,896,1510,0.1388
613,902,1515,0.1388
606,891,1497,0.1388
616,891,1507,0.1388
608,880,1488,0.1388
603,896,1499,0.1388
609,899,1508,0.1388
604,895,1499,0.1388
617,895,1512,0.1388
605,890,1495,0.1388
606,901,1507,0.1388
614,901,1515,0.1388
621,886,1507,0.1388
621,885,1506,0.1388
614,888,1502,0.1388
615,896,1511,0.1388
618,893,1511,0.1388
622,901,1523,0.1388
618,898,1516,0.1388
610,899,1509,0.1388
608,900,1508,0.1388
606,898,1504,0.1388
607,905,1512,0.1388
608,900,1508,0.1388
608,901,1509,0.1388
602,905,1507,0.1388
603,908,1511,0.1388
604,905,1509,0.1388
606,904,1510,0.1388
602,910,1512,0.1388
597,918,1515,0.1388
602,914,1516,0.1388
605,901,1506,0.1388
609,893,1502,0.1388
609,892,1501,0.1388
611,899,1510,0.1388
614,896,1510,0.1388
615,894,1509,0.1388
611,898,1509,0.1388
598,908,1506,0.1388
595,900,1495,0.1388
598,896,1494,0.1388
599,906,1505,0.1388
594,911,1505,0.1388
593,908,1501,0.1388
590,910,1500,0.1388
595,918,1513,0.1388
588,923,1511,0.1388
595,929,1524,0.1388
598,917,1515,0.1388
595,918,1513,0.1388
597,912,1509,0.1388
596,916,1512,0.1388
597,897,1494,0.1388
602,900,1502,0.1388
594,894,1488,0.1388
589,903,1492,0.1388
590,906,1496,0.1388
591,919,1510,0.1388
588,912,1500,0.1388
586,903,1489,0.1388
591,912,1503,0.1388
586,924,1510,0.1388
595,920,1515,0.1388
594,925,1519,0.1388
599,928,1527,0.1388
598,919,1517,0.1388
595,921,1516,0.1388
594,923,1517,0.1388
588,924,1512,0.1388
585,932,1517,0.1388
584,921,1505,0.1388
583,932,1515,0.1388
589,940,1529,0.1388
588,948,1536,0.1388
585,938,1523,0.1388
587,922,1509,0.1388
585,919,1504,0.1388
584,907,1491,0.1388
589,919,1508,0.1388
591,923,1514,0.1388
584,925,1509,0.1388
577,925,1502,0.1388
577,925,1502,0.1388
586,919,1505,0.1388
592,925,1517,0.1388
583,930,1513,0.1388
579,925,1504,0.1388
572,929,1501,0.1388
573,927,1500,0.1388
565,941,1506,0.1388
562,946,1508,0.1388
560,954,1514,0.1388
557,959,1516,0.1388
552,957,1509,0.1388
551,948,1499,0.1388
558,948,1506,0.1388
567,936,1503,0.1388
564,938,1502,0.1388
553,939,1492,0.1388
548,945,1493,0.1388
552,947,1499,0.1388
552,951,1503,0.1388
550,955,1505,0.1388
553,959,1512,0.1388
549,958,1507,0.1388
549,958,1507,0.1388
547,960,1507,0.1388
551,955,1506,0.1388
552,963,1515,0.1388
556,958,1514,0.1388
558,955,1513,0.1388
557,960,1517,0.1388
551,954,1505,0.1388
545,949,1494,0.1388
552,950,1502,0.1388
554,957,1511,0.1388
553,958,1511,0.1388
544,965,1509,0.1388
548,960,1508,0.1388
552,953,1505,0.1388
552,952,1504,0.1388
548,964,1512,0.1388
549,954,1503,0.1388
553,960,1513,0.1388
557,958,1515,0.1388
556,958,1514,0.1388
554,966,1520,0.1388
542,969,1511,0.1388
544,975,1519,0.1388
543,975,1518,0.1388
536,982,1518,0.1388
529,977,1506,0.1388
528,983,1511,0.1388
521,988,1509,0.1388
523,996,1519,0.1388
521,983,1504,0.1388
522,984,1506,0.1388
523,985,1508,0.1388
525,981,1506,0.1388
528,985,1513,0.1388
528,985,1513,0.1388
526,985,1511,0.1388
522,973,1495,0.1388
508,977,1485,0.1388
507,986,1493,0.1388
505,990,1495,0.1388
508,985,1493,0.1388
511,988,1499,0.1388
507,981,1488,0.1388
518,978,1496,0.1388
510,987,1497,0.1388
503,989,1492,0.1388
496,987,1483,0.1388
493,993,1486,0.1388
501,1006,1507,0.1388
506,997,1503,0.1388
510,994,1504,0.1388
512,996,1508,0.1388
507,991,1498,0.1388
507,1015,1522,0.1388
500,1008,1508,0.1388
496,1008,1504,0.1388
497,1005,1502,0.1388
499,996,1495,0.1388
497,1001,1498,0.1388
500,996,1496,0.1388
506,1005,1511,0.1388
492,1000,1492,0.1388
496,1002,1498,0.1388
491,1011,1502,0.1388
495,1009,1504,0.1388
495,1011,1506,0.1388
489,1012,1501,0.1388
494,1007,1501,0.1388
494,1018,1512,0.1388
500,1031,1531,0.1388
499,1019,1518,0.1388
499,1014,1513,0.1388
495,1013,1508,0.1388
491,1019,1510,0.1388
491,1024,1515,0.1388
492,1015,1507,0.1388
496,1025,1521,0.1388
487,1023,1510,0.1388
493,1029,1522,0.1388
485,1027,1512,0.1388
481,1020,1501,0.1388
485,1034,1519,0.1388
481,1033,1514,0.1388
479,1030,1509,0.1388
477,1024,1501,0.1388
465,1041,1506,0.1388
477,1029,1506,0.1388
476,1036,1512,0.1388
475,1033,1508,0.1388
486,1027,1513,0.1388
481,1023,1504,0.1388
490,1020,1510,0.1388
476,1018,1494,0.1388
481,1017,1498,0.1388
486,1018,1504,0.1388
477,1022,1499,0.1388
479,1031,1510,0.1388
472,1039,1511,0.1388
473,1034,1507,0.1388
475,1033,1508,0.1388
475,1031,1506,0.1388
471,1033,1504,0.1388
473,1026,1499,0.1388
481,1035,1516,0.1388
484,1032,1516,0.1388
481,1030,1511,0.1388
481,1035,1516,0.1388
475,1031,1506,0.1388
481,1024,1505,0.1388
481,1031,1512,0.1388
483,1023,1506,0.1388
481,1022,1503,0.1388
477,1034,1511,0.1388
475,1031,1506,0.1388
473,1027,1500,0.1388
476,1026,1502,0.1388
473,1031,1504,0.1388
467,1039,1506,0.1388
469,1044,1513,0.1388
468,1046,1514,0.1388
470,1050,1520,0.1388
467,1054,1521,0.1388
464,1062,1526,0.1388
461,1052,1513,0.1388
462,1042,1504,0.1388
461,1043,1504,0.1388
461,1045,1506,0.1388
466,1048,1514,0.1388
456,1042,1498,0.1388
456,1056,1512,0.1388
455,1056,1511,0.1388
457,1062,1519,0.1388
457,1058,1515,0.1388
454,1064,1518,0.1388
450,1047,1497,0.1388
449,1062,1511,0.1388
453,1055,1508,0.1388
458,1057,1515,0.1388
458,1054,1512,0.1388
462,1057,1519,0.1388
456,1057,1513,0.1388
454,1050,1504,0.1388
453,1062,1515,0.1388
447,1050,1497,0.1388
448,1056,1504,0.1388
451,1056,1507,0.1388
453,1057,1510,0.1388
449,1050,1499,0.1388
452,1054,1506,0.1388
452,1039,1491,0.1388
450,1053,1503,0.1388
451,1046,1497,0.1388
448,1051,1499,0.1388
445,1057,1502,0.1388
447,1065,1512,0.1388
452,1065,1517,0.1388
449,1058,1507,0.1388
448,1062,1510,0.1388
445,1053,1498,0.1388
443,1050,1493,0.1388
447,1059,1506,0.1388
445,1054,1499,0.1388
446,1059,1505,0.1388
450,1061,1511,0.1388
453,1061,1514,0.1388
448,1067,1515,0.1388
445,1072,1517,0.1388
441,1062,1503,0.1388
441,1065,1506,0.1388
444,1072,1516,0.1388
449,1074,1523,0.1388
452,1067,1519,0.1388
453,1066,1519,0.1388
453,1076,1529,0.1388
445,1073,1518,0.1388
441,1069,1510,0.1388
448,1075,1523,0.1388
448,1067,1515,0.1388
445,1055,1500,0.1388
443,1051,1494,0.1388
449,1058,1507,0.1388
451,1055,1506,0.1388
448,1056,1504,0.1388
453,1061,1514,0.1388
450,1065,1515,0.1388
447,1075,1522,0.1388
448,1073,1521,0.1388
454,1066,1520,0.1388
452,1070,1522,0.1388
440,1074,1514,0.1388
438,1071,1509,0.1388
440,1066,1506,0.1388
440,1061,1501,0.1388
445,1067,1512,0.1388
445,1066,1511,0.1388
447,1071,1518,0.1388
442,1072,1514,0.1388
437,1067,1504,0.1388
440,1073,1513,0.1388
443,1062,1505,0.1388
446,1071,1517,0.1388
444,1073,1517,0.1388
444,1074,1518,0.1388
443,1071,1514,0.1388
438,1071,1509,0.1388
434,1082,1516,0.1388
436,1066,1502,0.1388
436,1067,1503,0.1388
434,1067,1501,0.1388
434,1073,1507,0.1388
440,1084,1524,0.1388
435,1091,1526,0.1388
434,1088,1522,0.1388
433,1086,1519,0.1388
429,1087,1516,0.1388
431,1089,1520,0.1388
431,1085,1516,0.1388
432,1093,1525,0.1388
428,1092,1520,0.1388
416,1081,1497,0.1388
431,1082,1513,0.1388
425,1082,1507,0.1388
423,1086,1509,0.1388
417,1095,1512,0.1388
413,1089,1502,0.1388
411,1095,1506,0.1388
405,1087,1492,0.1388
410,1080,1490,0.1388
416,1083,1499,0.1388
417,1089,1506,0.1388
413,1087,1500,0.1388
406,1089,1495,0.1388
412,1090,1502,0.1388
415,1089,1504,0.1388
414,1098,1512,0.1388
414,1091,1505,0.1388
413,1102,1515,0.1388
419,1100,1519,0.1388
423,1099,1522,0.1388
412,1103,1515,0.1388
408,1095,1503,0.1388
396,1094,1490,0.1388
398,1084,1482,0.1388
403,1093,1496,0.1388
396,1094,1490,0.1388
408,1091,1499,0.1388
403,1091,1494,0.1388
407,1083,1490,0.1388
407,1102,1509,0.1388
409,1107,1516,0.1388
401,1110,1511,0.1388
404,1107,1511,0.1388
405,1094,1499,0.1388
402,1098,1500,0.1388
409,1103,1512,0.1388
404,1096,1500,0.1388
405,1100,1505,0.1388
400,1114,1514,0.1388
393,1118,1511,0.1388
398,1122,1520,0.1388
399,1125,1524,0.1388
400,1113,1513,0.1388
402,1106,1508,0.1388
398,1104,1502,0.1388
399,1104,1503,0.1388
403,1108,1511,0.1388
405,1118,1523,0.1388
407,1116,1523,0.1388
395,1114,1509,0.1388
392,1120,1512,0.1388
397,1120,1517,0.1388
398,1120,1518,0.1388
396,1123,1519,0.1388
395,1118,1513,0.1388
399,1126,1525,0.1388
400,1133,1533,0.1388
398,1110,1508,0.1388
397,1114,1511,0.1388
399,1107,1506,0.1388
393,1109,1502,0.1388
389,1109,1498,0.1388
389,1120,1509,0.1388
389,1109,1498,0.1388
390,1117,1507,0.1388
393,1125,1518,0.1388
395,1122,1517,0.1388
387,1124,1511,0.1388
391,1121,1512,0.1388
393,1119,1512,0.1388
393,1121,1514,0.1388
393,1117,1510,0.1388
392,1117,1509,0.1388
392,1107,1499,0.1388
393,1105,1498,0.1388
390,1126,1516,0.1388
391,1124,1515,0.1388
399,1104,1503,0.1388
398,1114,1512,0.1388
400,1118,1518,0.1388
397,1125,1522,0.1388
390,1119,1509,0.1388
390,1123,1513,0.1388
392,1122,1514,0.1388
391,1127,1518,0.1388
392,1120,1512,0.1388
393,1124,1517,0.1388
399,1125,1524,0.1388
389,1132,1521,0.1388
388,1125,1513,0.1388
390,1135,1525,0.1388
386,1138,1524,0.1388
387,1133,1520,0.1388
391,1126,1517,0.1388
384,1128,1512,0.1388
387,1126,1513,0.1388
376,1118,1494,0.1388
376,1126,1502,0.1388
372,1127,1499,0.1388
372,1117,1489,0.1388
377,1128,1505,0.1388
377,1125,1502,0.1388
374,1126,1500,0.1388
377,1129,1506,0.1388
367,1134,1501,0.1388
368,1135,1503,0.1388
371,1130,1501,0.1388
381,1142,1523,0.1388
374,1140,1514,0.1388
374,1139,1513,0.1388
378,1151,1529,0.1388
377,1145,1522,0.1388
373,1130,1503,0.1388
380,1141,1521,0.1388
377,1138,1515,0.1388
376,1135,1511,0.1388
375,1133,1508,0.1388
378,1132,1510,0.1388
374,1139,1513,0.1388
371,1154,1525,0.1388
366,1148,1514,0.1388
365,1145,1510,0.1388
365,1145,1510,0.1388
364,1137,1501,0.1388
373,1146,1519,0.1388
372,1137,1509,0.1388
369,1138,1507,0.1388
368,1146,1514,0.1388
365,1148,1513,0.1388
360,1152,1512,0.1388
360,1150,1510,0.1388
359,1135,1494,0.1388
358,1146,1504,0.1388
355,1133,1488,0.1388
353,1128,1481,0.1388
354,1134,1488,0.1388
361,1139,1500,0.1388
357,1150,1507,0.1388
351,1154,1505,0.1388
353,1145,1498,0.1388
350,1137,1487,0.1388
352,1144,1496,0.1388
351,1146,1497,0.1388
348,1148,1496,0.1388
338,1160,1498,0.1388
339,1166,1505,0.1388
350,1173,1523,0.1388
348,1176,1524,0.1388
358,1171,1529,0.1388
354,1167,1521,0.1388
359,1172,1531,0.1388
359,1176,1535,0.1388
361,1172,1533,0.1388
358,1164,1522,0.1388
348,1163,1511,0.1388
344,1169,1513,0.1388
349,1171,1520,0.1388
349,1167,1516,0.1388
351,1159,1510,0.1388
351,1165,1516,0.1388
348,1163,1511,0.1388
347,1163,1510,0.1388
348,1165,1513,0.1388
344,1174,1518,0.1388
340,1163,1503,0.1388
337,1163,1500,0.1388
332,1167,1499,0.1388
342,1170,1512,0.1388
339,1171,1510,0.1388
337,1174,1511,0.1388
341,1175,1516,0.1388
337,1176,1513,0.1388
336,1170,1506,0.1388
329,1172,1501,0.1388
326,1178,1504,0.1388
322,1189,1511,0.1388
319,1178,1497,0.1388
319,1169,1488,0.1388
318,1180,1498,0.1388
318,1186,1504,0.1388
315,1187,1502,0.1388
319,1198,1517,0.1388
322,1198,1520,0.1388
326,1194,1520,0.1388
329,1187,1516,0.1388
326,1200,1526,0.1388
324,1196,1520,0.1388
322,1196,1518,0.1388
317,1199,1516,0.1388
314,1203,1517,0.1388
317,1205,1522,0.1388
318,1203,1521,0.1388
324,1199,1523,0.1388
321,1202,1523,0.1388
319,1193,1512,0.1388
317,1189,1506,0.1388
321,1195,1516,0.1388
322,1189,1511,0.1388
314,1197,1511,0.1388
317,1188,1505,0.1388
313,1205,1518,0.1388
314,1196,1510,0.1388
315,1204,1519,0.1388
310,1205,1515,0.1388
312,1206,1518,0.1388
312,1202,1514,0.1388
310,1202,1512,0.1388
311,1197,1508,0.1388
312,1208,1520,0.1388
313,1197,1510,0.1388
312,1204,1516,0.1388
310,1210,1520,0.1388
307,1209,1516,0.1388
301,1214,1515,0.1388
302,1203,1505,0.1388
305,1213,1518,0.1388
299,1215,1514,0.1388
304,1217,1521,0.1388
301,1225,1526,0.1388
299,1221,1520,0.1388
297,1212,1509,0.1388
298,1214,1512,0.1388
301,1223,1524,0.1388
302,1221,1523,0.1388
298,1227,1525,0.1388
297,1225,1522,0.1388
299,1222,1521,0.1388
295,1219,1514,0.1388
288,1211,1499,0.1388
286,1220,1506,0.1388
279,1231,1510,0.1388
278,1230,1508,0.1388
270,1231,1501,0.1388
275,1234,1509,0.1388
273,1241,1514,0.1388
277,1238,1515,0.1388
275,1239,1514,0.1388
270,1243,1513,0.1388
272,1246,1518,0.1388
270,1244,1514,0.1388
274,1243,1517,0.1388
274,1243,1517,0.1388
272,1238,1510,0.1388
271,1228,1499,0.1388
262,1232,1494,0.1388
264,1242,1506,0.1388
264,1231,1495,0.1388
257,1247,1504,0.1388
261,1237,1498,0.1388
271,1238,1509,0.1388
272,1237,1509,0.1388
265,1238,1503,0.1388
264,1233,1497,0.1388
265,1234,1499,0.1388
269,1246,1515,0.1388
271,1244,1515,0.1388
264,1243,1507,0.1388
269,1254,1523,0.1388
266,1253,1519,0.1388
269,1248,1517,0.1388
260,1233,1493,0.1388
260,1247,1507,0.1388
268,1248,1516,0.1388
273,1233,1506,0.1388
264,1249,1513,0.1388
261,1255,1516,0.1388
257,1255,1512,0.1388
260,1256,1516,0.1388
263,1265,1528,0.1388
262,1266,1528,0.1388
262,1269,1531,0.1388
266,1261,1527,0.1388
259,1254,1513,0.1388
258,1249,1507,0.1388
260,1248,1508,0.1388
262,1250,1512,0.1388
263,1250,1513,0.1388
262,1247,1509,0.1388
256,1245,1501,0.1388
261,1250,1511,0.1388
257,1243,1500,0.1388
261,1241,1502,0.1388
262,1250,1512,0.1388
259,1245,1504,0.1388
252,1243,1495,0.1388
253,1253,1506,0.1388
254,1249,1503,0.1388
257,1252,1509,0.1388
252,1245,1497,0.1388
259,1245,1504,0.1388
261,1254,1515,0.1388
261,1254,1515,0.1388
263,1261,1524,0.1388
261,1247,1508,0.1388
256,1244,1500,0.1388
252,1245,1497,0.1388
255,1248,1503,0.1388
254,1249,1503,0.1388
263,1246,1509,0.1388
265,1247,1512,0.1388
264,1229,1493,0.1388
258,1246,1504,0.1388
260,1248,1508,0.1388
253,1255,1508,0.1388
261,1244,1505,0.1388
256,1252,1508,0.1388
251,1262,1513,0.1388
255,1266,1521,0.1388
252,1272,1524,0.1388
251,1273,1524,0.1388
252,1274,1526,0.1388
252,1270,1522,0.1388
250,1268,1518,0.1388
246,1272,1518,0.1388
248,1266,1514,0.1388
251,1270,1521,0.1388
255,1276,1531,0.1388
251,1265,1516,0.1388
254,1251,1505,0.1388
252,1251,1503,0.1388
252,1257,1509,0.1388
249,1266,1515,0.1388
251,1274,1525,0.1388
249,1268,1517,0.1388
249,1261,1510,0.1388
242,1269,1511,0.1388
244,1269,1513,0.1388
244,1275,1519,0.1388
237,1274,1511,0.1388
234,1274,1508,0.1388
233,1281,1514,0.1388
228,1284,1512,0.1388
226,1290,1516,0.1388
228,1302,1530,0.1388
235,1311,1546,0.1388
233,1302,1535,0.1388
228,1291,1519,0.1388
228,1290,1518,0.1388
227,1291,1518,0.1388
224,1275,1499,0.1388
230,1286,1516,0.1388
229,1279,1508,0.1388
226,1293,1519,0.1388
228,1276,1504,0.1388
222,1269,1491,0.1388
223,1287,1510,0.1388
226,1281,1507,0.1388
226,1283,1509,0.1388
225,1283,1508,0.1388
225,1274,1499,0.1388
222,1267,1489,0.1388
222,1278,1500,0.1388
225,1288,1513,0.1388
228,1287,1515,0.1388
225,1287,1512,0.1388
224,1296,1520,0.1388
231,1293,1524,0.1388
231,1284,1515,0.1388
229,1280,1509,0.1388
227,1286,1513,0.1388
228,1288,1516,0.1388
226,1296,1522,0.1388
224,1285,1509,0.1388
222,1291,1513,0.1388
224,1291,1515,0.1388
229,1275,1504,0.1388
227,1277,1504,0.1388
228,1276,1504,0.1388
225,1286,1511,0.1388
224,1278,1502,0.1388
224,1277,1501,0.1388
220,1293,1513,0.1388
221,1294,1515,0.1388
218,1286,1504,0.1388
223,1290,1513,0.1388
221,1287,1508,0.1388
224,1277,1501,0.1388
229,1273,1502,0.1388
235,1275,1510,0.1388
232,1284,1516,0.1388
231,1288,1519,0.1388
230,1287,1517,0.1388
230,1282,1512,0.1388
231,1295,1526,0.1388
233,1297,1530,0.1388
237,1284,1521,0.1388
238,1286,1524,0.1388
239,1282,1521,0.1388
238,1280,1518,0.1388
236,1276,1512,0.1388
235,1283,1518,0.1388
234,1285,1519,0.1388
229,1282,1511,0.1388
231,1292,1523,0.1388
236,1294,1530,0.1388
237,1293,1530,0.1388
236,1282,1518,0.1388
231,1286,1517,0.1388
231,1287,1518,0.1388
227,1290,1517,0.1388
232,1280,1512,0.1388
227,1285,1512,0.1388
225,1288,1513,0.1388
224,1275,1499,0.1388
224,1283,1507,0.1388
223,1292,1515,0.1388
226,1292,1518,0.1388
225,1299,1524,0.1388
226,1292,1518,0.1388
221,1290,1511,0.1388
217,1285,1502,0.1388
219,1291,1510,0.1388
218,1295,1513,0.1388
213,1297,1510,0.1388
214,1303,1517,0.1388
213,1304,1517,0.1388
216,1302,1518,0.1388
217,1301,1518,0.1388
218,1288,1506,0.1388
215,1298,1513,0.1388
215,1299,1514,0.1388
213,1304,1517,0.1388
212,1311,1523,0.1388
213,1307,1520,0.1388
212,1306,1518,0.1388
209,1317,1526,0.1388
208,1306,1514,0.1388
207,1306,1513,0.1388
203,1303,1506,0.1388
201,1298,1499,0.1388
203,1300,1503,0.1388
198,1298,1496,0.1388
195,1298,1493,0.1388
199,1301,1500,0.1388
204,1304,1508,0.1388
211,1295,1506,0.1388
206,1306,1512,0.1388
200,1289,1489,0.1388
198,1295,1493,0.1388
202,1288,1490,0.1388
203,1285,1488,0.1388
203,1296,1499,0.1388
208,1299,1507,0.1388
210,1298,1508,0.1388
210,1291,1501,0.1388
209,1291,1500,0.1388
210,1299,1509,0.1388
210,1295,1505,0.1388
209,1301,1510,0.1388
210,1296,1506,0.1388
211,1297,1508,0.1388
211,1307,1518,0.1388
208,1306,1514,0.1388
210,1299,1509,0.1388
206,1305,1511,0.1388
206,1311,1517,0.1388
209,1310,1519,0.1388
206,1311,1517,0.1388
207,1289,1496,0.1388
204,1296,1500,0.1388
204,1304,1508,0.1388
204,1306,1510,0.1388
205,1307,1512,0.1388
200,1319,1519,0.1388
205,1310,1515,0.1388
200,1303,1503,0.1388
205,1309,1514,0.1388
199,1320,1519,0.1388
201,1315,1516,0.1388
204,1309,1513,0.1388
204,1317,1521,0.1388
201,1317,1518,0.1388
202,1331,1533,0.1388
207,1326,1533,0.1388
201,1314,1515,0.1388
205,1316,1521,0.1388
203,1310,1513,0.1388
203,1325,1528,0.1388
203,1332,1535,0.1388
199,1317,1516,0.1388
200,1314,1514,0.1388
197,1310,1507,0.1388
199,1307,1506,0.1388
199,1316,1515,0.1388
204,1326,1530,0.1388
203,1328,1531,0.1388
202,1310,1512,0.1388
201,1313,1514,0.1388
198,1309,1507,0.1388
202,1301,1503,0.1388
197,1312,1509,0.1388
199,1307,1506,0.1388
203,1298,1501,0.1388
203,1309,1512,0.1388
207,1309,1516,0.1388
208,1299,1507,0.1388
211,1306,1517,0.1388
209,1306,1515,0.1388
208,1311,1519,0.1388
208,1321,1529,0.1388
212,1307,1519,0.1388
209,1308,1517,0.1388
206,1308,1514,0.1388
210,1304,1514,0.1388
208,1305,1513,0.1388
208,1298,1506,0.1388
205,1294,1499,0.1388
208,1295,1503,0.1388
195,1307,1502,0.1388
199,1305,1504,0.1388
199,1312,1511,0.1388
203,1319,1522,0.1388
202,1314,1516,0.1388
201,1308,1509,0.1388
200,1314,1514,0.1388
197,1318,1515,0.1388
198,1317,1515,0.1388
196,1321,1517,0.1388
193,1326,1519,0.1388
193,1319,1512,0.1388
193,1314,1507,0.1388
189,1310,1499,0.1388
190,1306,1496,0.1388
193,1323,1516,0.1388
190,1317,1507,0.1388
187,1315,1502,0.1388
188,1327,1515,0.1388
189,1320,1509,0.1388
191,1329,1520,0.1388
190,1327,1517,0.1388
188,1328,1516,0.1388
187,1322,1509,0.1388
191,1316,1507,0.1388
191,1320,1511,0.1388
192,1315,1507,0.1388
192,1322,1514,0.1388
191,1315,1506,0.1388
192,1313,1505,0.1388
188,1318,1506,0.1388
186,1331,1517,0.1388
187,1328,1515,0.1388
191,1324,1515,0.1388
195,1317,1512,0.1388
195,1316,1511,0.1388
191,1312,1503,0.1388
194,1324,1518,0.1388
196,1325,1521,0.1388
200,1317,1517,0.1388
196,1308,1504,0.1388
197,1296,1493,0.1388
197,1299,1496,0.1388
194,1306,1500,0.1388
193,1320,1513,0.1388
187,1322,1509,0.1388
187,1316,1503,0.1388
184,1321,1505,0.1388
185,1331,1516,0.1388
186,1336,1522,0.1388
185,1346,1531,0.1388
186,1326,1512,0.1388
185,1331,1516,0.1388
186,1326,1512,0.1388
193,1330,1523,0.1388
191,1332,1523,0.1388
189,1319,1508,0.1388
192,1310,1502,0.1388
197,1307,1504,0.1388
197,1311,1508,0.1388
192,1313,1505,0.1388
192,1306,1498,0.1388
192,1305,1497,0.1388
193,1315,1508,0.1388
191,1321,1512,0.1388
191,1324,1515,0.1388
191,1326,1517,0.1388
188,1320,1508,0.1388
190,1321,1511,0.1388
191,1323,1514,0.1388
189,1323,1512,0.1388
191,1328,1519,0.1388
188,1320,1508,0.1388
186,1325,1511,0.1388
189,1331,1520,0.1388
191,1341,1532,0.1388
191,1341,1532,0.1388
190,1324,1514,0.1388
184,1326,1510,0.1388
183,1332,1515,0.1388
186,1333,1519,0.1388
185,1330,1515,0.1388
187,1333,1520,0.1388
185,1319,1504,0.1388
189,1318,1507,0.1388
183,1324,1507,0.1388
187,1313,1500,0.1388
183,1332,1515,0.1388
184,1330,1514,0.1388
190,1332,1522,0.1388
187,1334,1521,0.1388
188,1333,1521,0.1388
188,1335,1523,0.1388
189,1328,1517,0.1388
191,1323,1514,0.1388
187,1325,1512,0.1388
185,1324,1509,0.1388
180,1329,1509,0.1388
179,1337,1516,0.1388
180,1336,1516,0.1388
180,1349,1529,0.1388
175,1342,1517,0.1388
177,1341,1518,0.1388
176,1331,1507,0.1388
181,1341,1522,0.1388
182,1342,1524,0.1388
183,1351,1534,0.1388
182,1354,1536,0.1388
176,1351,1527,0.1388
179,1358,1537,0.1388
183,1344,1527,0.1388
180,1349,1529,0.1388
183,1343,1526,0.1388
177,1339,1516,0.1388
177,1341,1518,0.1388
175,1349,1524,0.1388
174,1350,1524,0.1388
175,1357,1532,0.1388
176,1358,1534,0.1388
177,1341,1518,0.1388
174,1348,1522,0.1388
175,1351,1526,0.1388
175,1341,1516,0.1388
177,1344,1521,0.1388
179,1340,1519,0.1388
178,1322,1500,0.1388
175,1330,1505,0.1388
169,1334,1503,0.1388
169,1356,1525,0.1388
169,1352,1521,0.1388
171,1341,1512,0.1388
175,1346,1521,0.1388
175,1354,1529,0.1388
171,1356,1527,0.1388
169,1363,1532,0.1388
165,1352,1517,0.1388
171,1352,1523,0.1388
168,1336,1504,0.1388
167,1347,1514,0.1388
166,1337,1503,0.1388
168,1336,1504,0.1388
164,1332,1496,0.1388
169,1331,1500,0.1388
168,1328,1496,0.1388
170,1335,1505,0.1388
170,1343,1513,0.1388
169,1346,1515,0.1388
169,1350,1519,0.1388
173,1350,1523,0.1388
172,1354,1526,0.1388
166,1355,1521,0.1388
163,1350,1513,0.1388
161,1349,1510,0.1388
161,1346,1507,0.1388
159,1339,1498,0.1388
161,1332,1493,0.1388
157,1332,1489,0.1388
157,1344,1501,0.1388
153,1343,1496,0.1388
158,1358,1516,0.1388
160,1350,1510,0.1388
157,1366,1523,0.1388
157,1358,1515,0.1388
156,1359,1515,0.1388
156,1349,1505,0.1388
159,1367,1526,0.1388
159,1360,1519,0.1388
158,1362,1520,0.1388
162,1361,1523,0.1388
164,1354,1518,0.1388
165,1353,1518,0.1388
163,1354,1517,0.1388
157,1367,1524,0.1388
160,1364,1524,0.1388
159,1352,1511,0.1388
162,1342,1504,0.1388
166,1342,1508,0.1388
166,1349,1515,0.1388
161,1357,1518,0.1388
161,1354,1515,0.1388
164,1353,1517,0.1388
167,1361,1528,0.1388
160,1362,1522,0.1388
162,1354,1516,0.1388
160,1346,1506,0.1388
165,1342,1507,0.1388
168,1346,1514,0.1388
167,1340,1507,0.1388
166,1351,1517,0.1388
162,1354,1516,0.1388
164,1366,1530,0.1388
163,1363,1526,0.1388
160,1358,1518,0.1388
165,1360,1525,0.1388
162,1354,1516,0.1388
163,1349,1512,0.1388
164,1347,1511,0.1388
170,1346,1516,0.1388
166,1349,1515,0.1388
163,1357,1520,0.1388
162,1352,1514,0.1388
164,1348,1512,0.1388
164,1356,1520,0.1388
162,1360,1522,0.1388
165,1349,1514,0.1388
163,1345,1508,0.1388
159,1358,1517,0.1388
159,1354,1513,0.1388
163,1367,1530,0.1388
164,1363,1527,0.1388
165,1351,1516,0.1388
166,1363,1529,0.1388
165,1366,1531,0.1388
159,1366,1525,0.1388
156,1369,1525,0.1388
161,1362,1523,0.1388
162,1359,1521,0.1388
160,1355,1515,0.1388
154,1362,1516,0.1388
153,1358,1511,0.1388
155,1354,1509,0.1388
154,1358,1512,0.1388
152,1360,1512,0.1388
158,1363,1521,0.1388
157,1365,1522,0.1388
156,1353,1509,0.1388
152,1362,1514,0.1388
153,1355,1508,0.1388
152,1349,1501,0.1388
156,1326,1482,0.1388
157,1339,1496,0.1388
160,1339,1499,0.1388
157,1355,1512,0.1388
158,1358,1516,0.1388
158,1369,1527,0.1388
156,1368,1524,0.1388
152,1371,1523,0.1388
151,1377,1528,0.1388
151,1373,1524,0.1388
149,1361,1510,0.1388
154,1351,1505,0.1388
154,1355,1509,0.1388
152,1354,1506,0.1388
150,1350,1500,0.1388
150,1352,1502,0.1388
151,1361,1512,0.1388
148,1354,1502,0.1388
154,1340,1494,0.1388
151,1339,1490,0.1388
151,1355,1506,0.1388
151,1357,1508,0.1388
150,1356,1506,0.1388
155,1349,1504,0.1388
156,1344,1500,0.1388
156,1347,1503,0.1388
153,1356,1509,0.1388
153,1359,1512,0.1388
154,1375,1529,0.1388
154,1360,1514,0.1388
150,1356,1506,0.1388
150,1364,1514,0.1388
148,1370,1518,0.1388
147,1353,1500,0.1388
152,1368,1520,0.1388
154,1373,1527,0.1388
153,1359,1512,0.1388
150,1366,1516,0.1388
146,1379,1525,0.1388
150,1379,1529,0.1388
150,1379,1529,0.1388
148,1383,1531,0.1388
150,1370,1520,0.1388
151,1368,1519,0.1388
150,1373,1523,0.1388
149,1367,1516,0.1388
149,1363,1512,0.1388
149,1369,1518,0.1388
151,1360,1511,0.1388
149,1372,1521,0.1388
148,1370,1518,0.1388
144,1382,1526,0.1388
147,1388,1535,0.1388
149,1379,1528,0.1388
152,1379,1531,0.1388
152,1368,1520,0.1388
152,1353,1505,0.1388
153,1361,1514,0.1388
152,1362,1514,0.1388
153,1366,1519,0.1388
153,1372,1525,0.1388
157,1366,1523,0.1388
158,1367,1525,0.1388
155,1365,1520,0.1388
152,1357,1509,0.1388
153,1349,1502,0.1388
154,1349,1503,0.1388
153,1355,1508,0.1388
149,1362,1511,0.1388
154,1354,1508,0.1388
153,1351,1504,0.1388
155,1349,1504,0.1388
151,1357,1508,0.1388
155,1354,1509,0.1388
154,1368,1522,0.1388
149,1374,1523,0.1388
144,1387,1531,0.1388
146,1395,1541,0.1388
144,1394,1538,0.1388
145,1372,1517,0.1388
143,1383,1526,0.1388
145,1381,1526,0.1388
143,1373,1516,0.1388
142,1377,1519,0.1388
140,1375,1515,0.1388
134,1379,1513,0.1388
136,1386,1522,0.1388
134,1382,1516,0.1388
135,1380,1515,0.1388
137,1384,1521,0.1388
141,1385,1526,0.1388
136,1382,1518,0.1388
138,1385,1523,0.1388
138,1400,1538,0.1388
135,1390,1525,0.1388
132,1383,1515,0.1388
136,1382,1518,0.1388
135,1371,1506,0.1388
135,1374,1509,0.1388
140,1374,1514,0.1388
141,1376,1517,0.1388
142,1371,1513,0.1388
137,1366,1503,0.1388
136,1374,1510,0.1388
136,1376,1512,0.1388
136,1384,1520,0.1388
133,1394,1527,0.1388
130,1380,1510,0.1388
131,1372,1503,0.1388
134,1372,1506,0.1388
134,1381,1515,0.1388
137,1383,1520,0.1388
136,1381,1517,0.1388
137,1374,1511,0.1388
133,1363,1496,0.1388
131,1365,1496,0.1388
128,1364,1492,0.1388
125,1366,1491,0.1388
127,1365,1492,0.1388
122,1372,1494,0.1388
126,1379,1505,0.1388
127,1384,1511,0.1388
125,1390,1515,0.1388
123,1392,1515,0.1388
123,1396,1519,0.1388
123,1392,1515,0.1388
126,1383,1509,0.1388
127,1394,1521,0.1388
128,1387,1515,0.1388
128,1385,1513,0.1388
127,1404,1531,0.1388
123,1403,1526,0.1388
124,1391,1515,0.1388
122,1389,1511,0.1388
122,1399,1521,0.1388
121,1381,1502,0.1388
124,1393,1517,0.1388
123,1404,1527,0.1388
123,1393,1516,0.1388
117,1395,1512,0.1388
114,1392,1506,0.1388
117,1392,1509,0.1388
114,1377,1491,0.1388
119,1386,1505,0.1388
122,1388,1510,0.1388
120,1396,1516,0.1388
115,1412,1527,0.1388
114,1413,1527,0.1388
116,1402,1518,0.1388
116,1413,1529,0.1388
113,1425,1538,0.1388
110,1415,1525,0.1388
111,1407,1518,0.1388
107,1414,1521,0.1388
109,1403,1512,0.1388
110,1399,1509,0.1388
106,1399,1505,0.1388
109,1394,1503,0.1388
108,1400,1508,0.1388
109,1401,1510,0.1388
108,1405,1513,0.1388
107,1411,1518,0.1388
104,1416,1520,0.1388
102,1412,1514,0.1388
103,1410,1513,0.1388
103,1406,1509,0.1388
102,1414,1516,0.1388
102,1416,1518,0.1388
104,1426,1530,0.1388
101,1425,1526,0.1388
99,1419,1518,0.1388
103,1414,1517,0.1388
101,1423,1524,0.1388
102,1418,1520,0.1388
99,1409,1508,0.1388
96,1420,1516,0.1388
98,1425,1523,0.1388
99,1424,1523,0.1388
100,1427,1527,0.1388
100,1427,1527,0.1388
103,1424,1527,0.1388
99,1424,1523,0.1388
101,1423,1524,0.1388
100,1424,1524,0.1388
101,1427,1528,0.1388
94,1422,1516,0.1388
96,1418,1514,0.1388
96,1419,1515,0.1388
97,1422,1519,0.1388
99,1425,1524,0.1388
98,1429,1527,0.1388
98,1415,1513,0.1388
98,1406,1504,0.1388
94,1420,1514,0.1388
93,1426,1519,0.1388
92,1427,1519,0.1388
89,1423,1512,0.1388
89,1426,1515,0.1388
88,1428,1516,0.1388
88,1419,1507,0.1388
89,1415,1504,0.1388
92,1434,1526,0.1388
91,1430,1521,0.1388
86,1420,1506,0.1388
82,1430,1512,0.1388
81,1430,1511,0.1388
83,1429,1512,0.1388
84,1417,1501,0.1388
82,1417,1499,0.1388
79,1425,1504,0.1388
79,1428,1507,0.1388
76,1420,1496,0.1388
79,1419,1498,0.1388
81,1438,1519,0.1388
79,1440,1519,0.1388
79,1446,1525,0.1388
79,1424,1503,0.1388
79,1424,1503,0.1388
77,1428,1505,0.1388
76,1427,1503,0.1388
78,1432,1510,0.1388
76,1444,1520,0.1388
79,1441,1520,0.1388
80,1453,1533,0.1388
80,1453,1533,0.1388
79,1454,1533,0.1388
77,1452,1529,0.1388
80,1448,1528,0.1388
78,1446,1524,0.1388
73,1437,1510,0.1388
72,1445,1517,0.1388
76,1437,1513,0.1388
74,1429,1503,0.1388
69,1445,1514,0.1388
73,1444,1517,0.1388
74,1447,1521,0.1388
76,1446,1522,0.1388
77,1437,1514,0.1388
76,1426,1502,0.1388
76,1429,1505,0.1388
72,1439,1511,0.1388
75,1444,1519,0.1388
75,1459,1534,0.1388
78,1448,1526,0.1388
75,1445,1520,0.1388
78,1443,1521,0.1388
75,1450,1525,0.1388
72,1439,1511,0.1388
77,1453,1530,0.1388
76,1457,1533,0.1388
75,1459,1534,0.1388
74,1458,1532,0.1388
74,1452,1526,0.1388
70,1445,1515,0.1388
70,1443,1513,0.1388
70,1435,1505,0.1388
72,1433,1505,0.1388
71,1447,1518,0.1388
72,1445,1517,0.1388
73,1457,1530,0.1388
73,1445,1518,0.1388
75,1444,1519,0.1388
73,1454,1527,0.1388
71,1457,1528,0.1388
75,1466,1541,0.1388
71,1447,1518,0.1388
72,1445,1517,0.1388
73,1451,1524,0.1388
74,1457,1531,0.1388
71,1444,1515,0.1388
71,1439,1510,0.1388
70,1447,1517,0.1388
70,1452,1522,0.1388
68,1454,1522,0.1388
65,1458,1523,0.1388
65,1447,1512,0.1388
62,1455,1517,0.1388
61,1452,1513,0.1388
57,1452,1509,0.1388
60,1463,1523,0.1388
57,1448,1505,0.1388
57,1459,1516,0.1388
58,1466,1524,0.1388
58,1458,1516,0.1388
58,1457,1515,0.1388
58,1452,1510,0.1388
59,1436,1495,0.1388
60,1438,1498,0.1388
60,1461,1521,0.1388
61,1460,1521,0.1388
62,1469,1531,0.1388
62,1453,1515,0.1388
62,1445,1507,0.1388
60,1440,1500,0.1388
59,1450,1509,0.1388
58,1459,1517,0.1388
58,1449,1507,0.1388
56,1453,1509,0.1388
57,1458,1515,0.1388
57,1455,1512,0.1388
57,1458,1515,0.1388
55,1458,1513,0.1388
56,1471,1527,0.1388
55,1468,1523,0.1388
50,1453,1503,0.1388
51,1471,1522,0.1388
53,1465,1518,0.1388
54,1449,1503,0.1388
54,1451,1505,0.1388
54,1453,1507,0.1388
56,1466,1522,0.1388
56,1460,1516,0.1388
54,1456,1510,0.1388
57,1459,1516,0.1388
58,1455,1513,0.1388
57,1450,1507,0.1388
53,1461,1514,0.1388
53,1480,1533,0.1388
55,1473,1528,0.1388
56,1470,1526,0.1388
56,1469,1525,0.1388
57,1479,1536,0.1388
57,1473,1530,0.1388
58,1462,1520,0.1388
57,1467,1524,0.1388
58,1459,1517,0.1388
57,1459,1516,0.1388
57,1468,1525,0.1388
58,1467,1525,0.1388
56,1461,1517,0.1388
55,1450,1505,0.1388
55,1456,1511,0.1388
54,1462,1516,0.1388
54,1461,1515,0.1388
52,1473,1525,0.1388
54,1460,1514,0.1388
56,1466,1522,0.1388
54,1447,1501,0.1388
54,1449,1503,0.1388
56,1454,1510,0.1388
57,1451,1508,0.1388
55,1459,1514,0.1388
56,1453,1509,0.1388
57,1449,1506,0.1388
57,1458,1515,0.1388
57,1466,1523,0.1388
56,1465,1521,0.1388
54,1469,1523,0.1388
54,1463,1517,0.1388
54,1462,1516,0.1388
54,1458,1512,0.1388
54,1459,1513,0.1388
50,1451,1501,0.1388
47,1463,1510,0.1388
52,1468,1520,0.1388
50,1466,1516,0.1388
53,1467,1520,0.1388
52,1463,1515,0.1388
53,1466,1519,0.1388
51,1468,1519,0.1388
48,1459,1507,0.1388
47,1463,1510,0.1388
48,1456,1504,0.1388
49,1478,1527,0.1388
51,1477,1528,0.1388
47,1481,1528,0.1388
46,1470,1516,0.1388
47,1463,1510,0.1388
46,1468,1514,0.1388
45,1451,1496,0.1388
46,1470,1516,0.1388
46,1462,1508,0.1388
46,1472,1518,0.1388
44,1484,1528,0.1388
43,1486,1529,0.1388
44,1479,1523,0.1388
42,1475,1517,0.1388
41,1466,1507,0.1388
39,1473,1512,0.1388
36,1465,1501,0.1388
36,1479,1515,0.1388
35,1450,1485,0.1388
35,1467,1502,0.1388
36,1468,1504,0.1388
36,1474,1510,0.1388
37,1468,1505,0.1388
37,1474,1511,0.1388
39,1479,1518,0.1388
39,1482,1521,0.1388
40,1475,1515,0.1388
39,1489,1528,0.1388
39,1479,1518,0.1388
40,1481,1521,0.1388
38,1479,1517,0.1388
38,1480,1518,0.1388
37,1484,1521,0.1388
38,1477,1515,0.1388
37,1481,1518,0.1388
35,1478,1513,0.1388
37,1480,1517,0.1388
37,1484,1521,0.1388
37,1475,1512,0.1388
38,1476,1514,0.1388
38,1472,1510,0.1388
37,1479,1516,0.1388
37,1483,1520,0.1388
36,1498,1534,0.1388
35,1490,1525,0.1388
33,1494,1527,0.1388
30,1497,1527,0.1388
33,1500,1533,0.1388
32,1492,1524,0.1388
32,1491,1523,0.1388
33,1491,1524,0.1388
32,1496,1528,0.1388
30,1495,1525,0.1388
31,1490,1521,0.1388
31,1482,1513,0.1388
30,1475,1505,0.1388
31,1484,1515,0.1388
33,1479,1512,0.1388
35,1478,1513,0.1388
36,1472,1508,0.1388
37,1471,1508,0.1388
36,1480,1516,0.1388
34,1486,1520,0.1388
34,1485,1519,0.1388
33,1496,1529,0.1388
32,1502,1534,0.1388
33,1505,1538,0.1388
32,1509,1541,0.1388
31,1501,1532,0.1388
30,1498,1528,0.1388
29,1490,1519,0.1388
29,1488,1517,0.1388
29,1471,1500,0.1388
29,1489,1518,0.1388
29,1484,1513,0.1388
30,1485,1515,0.1388
31,1500,1531,0.1388
30,1494,1524,0.1388
29,1489,1518,0.1388
30,1473,1503,0.1388
29,1482,1511,0.1388
29,1479,1508,0.1388
29,1486,1515,0.1388
28,1479,1507,0.1388
28,1481,1509,0.1388
28,1480,1508,0.1388
27,1477,1504,0.1388
28,1465,1493,0.1388
28,1469,1497,0.1388
27,1476,1503,0.1388
25,1481,1506,0.1388
24,1483,1507,0.1388
23,1485,1508,0.1388
24,1483,1507,0.1388
25,1489,1514,0.1388
25,1493,1518,0.1388
26,1489,1515,0.1388
24,1490,1514,0.1388
24,1486,1510,0.1388
24,1485,1509,0.1388
23,1479,1502,0.1388
23,1484,1507,0.1388
21,1493,1514,0.1388
21,1499,1520,0.1388
21,1496,1517,0.1388
20,1490,1510,0.1388
20,1495,1515,0.1388
19,1499,1518,0.1388
19,1504,1523,0.1388
19,1500,1519,0.1388
18,1505,1523,0.1388
17,1497,1514,0.1388
17,1507,1524,0.1388
16,1504,1520,0.1388
14,1496,1510,0.1388
14,1489,1503,0.1388
15,1483,1498,0.1388
14,1474,1488,0.1388
15,1477,1492,0.1388
15,1487,1502,0.1388
15,1489,1504,0.1388
15,1484,1499,0.1388
15,1486,1501,0.1388
17,1495,1512,0.1388
16,1507,1523,0.1388
17,1494,1511,0.1388
16,1489,1505,0.1388
17,1488,1505,0.1388
17,1493,1510,0.1388
17,1489,1506,0.1388
17,1489,1506,0.1388
17,1489,1506,0.1388
18,1485,1503,0.1388
18,1482,1500,0.1388
18,1488,1506,0.1388
19,1494,1513,0.1388
20,1492,1512,0.1388
20,1483,1503,0.1388
20,1502,1522,0.1388
19,1500,1519,0.1388
20,1493,1513,0.1388
21,1510,1531,0.1388
21,1505,1526,0.1388
21,1500,1521,0.1388
21,1507,1528,0.1388
22,1501,1523,0.1388
21,1494,1515,0.1388
23,1483,1506,0.1388
23,1494,1517,0.1388
23,1504,1527,0.1388
23,1497,1520,0.1388
23,1508,1531,0.1388
24,1508,1532,0.1388
23,1507,1530,0.1388
23,1506,1529,0.1388
22,1512,1534,0.1388
22,1517,1539,0.1388
21,1506,1527,0.1388
21,1489,1510,0.1388
21,1489,1510,0.1388
19,1493,1512,0.1388
19,1488,1507,0.1388
19,1488,1507,0.1388
17,1494,1511,0.1388
16,1498,1514,0.1388
17,1490,1507,0.1388
17,1496,1513,0.1388
18,1494,1512,0.1388
17,1496,1513,0.1388
16,1498,1514,0.1388
16,1495,1511,0.1388
16,1503,1519,0.1388
17,1510,1527,0.1388
16,1509,1525,0.1388
16,1497,1513,0.1388
17,1507,1524,0.1388
17,1504,1521,0.1388
16,1509,1525,0.1388
16,1516,1532,0.1388
17,1523,1540,0.1388
16,1509,1525,0.1388
15,1499,1514,0.1388
16,1494,1510,0.1388
16,1504,1520,0.1388
17,1505,1522,0.1388
18,1515,1533,0.1388
18,1513,1531,0.1388
17,1510,1527,0.1388
15,1503,1518,0.1388
15,1521,1536,0.1388
13,1518,1531,0.1388
14,1504,1518,0.1388
14,1495,1509,0.1388
15,1484,1499,0.1388
15,1499,1514,0.1388
15,1509,1524,0.1388
14,1508,1522,0.1388
12,1497,1509,0.1388
11,1514,1525,0.1388
12,1515,1527,0.1388
10,1520,1530,0.1388
11,1529,1540,0.1388
11,1529,1540,0.1388
11,1507,1518,0.1388
10,1503,1513,0.1388
11,1508,1519,0.1388
11,1510,1521,0.1388
11,1523,1534,0.1388
10,1512,1522,0.1388
10,1503,1513,0.1388
9,1490,1499,0.1388
9,1490,1499,0.1388
9,1488,1497,0.1388
9,1488,1497,0.1388
9,1507,1516,0.1388
9,1519,1528,0.1388
8,1520,1528,0.1388
7,1519,1526,0.1388
7,1517,1524,0.1388
7,1516,1523,0.1388
7,1512,1519,0.1388
7,1507,1514,0.1388
7,1511,1518,0.1388
7,1512,1519,0.1388
7,1502,1509,0.1388
7,1516,1523,0.1388
7,1513,1520,0.1388
7,1507,1514,0.1388
6,1497,1503,0.1388
6,1500,1506,0.1388
6,1513,1519,0.1388
7,1504,1511,0.1388
8,1500,1508,0.1388
8,1496,1504,0.1388
8,1504,1512,0.1388
8,1503,1511,0.1388
8,1503,1511,0.1388
8,1497,1505,0.1388
8,1490,1498,0.1388
8,1507,1515,0.1388
8,1502,1510,0.1388
9,1499,1508,0.1388
9,1490,1499,0.1388
9,1494,1503,0.1388
9,1508,1517,0.1388
10,1517,1527,0.1388
10,1514,1524,0.1388
10,1511,1521,0.1388
9,1499,1508,0.1388
10,1507,1517,0.1388
10,1500,1510,0.1388
10,1500,1510,0.1388
10,1508,1518,0.1388
10,1517,1527,0.1388
10,1502,1512,0.1388
10,1490,1500,0.1388
11,1499,1510,0.1388
11,1509,1520,0.1388
11,1506,1517,0.1388
11,1525,1536,0.1388
11,1525,1536,0.1388
10,1520,1530,0.1388
11,1509,1520,0.1388
11,1510,1521,0.1388
11,1513,1524,0.1388
11,1504,1515,0.1388
11,1508,1519,0.1388
11,1501,1512,0.1388
11,1499,1510,0.1388
11,1504,1515,0.1388
10,1515,1525,0.1388
10,1505,1515,0.1388
10,1507,1517,0.1388
10,1505,1515,0.1388
10,1520,1530,0.1388
11,1499,1510,0.1388
11,1511,1522,0.1388
12,1508,1520,0.1388
12,1513,1525,0.1388
11,1508,1519,0.1388
11,1512,1523,0.1388
12,1510,1522,0.1388
11,1521,1532,0.1388
10,1526,1536,0.1388
10,1529,1539,0.1388
10,1512,1522,0.1388
10,1504,1514,0.1388
10,1507,1517,0.1388
11,1514,1525,0.1388
10,1516,1526,0.1388
10,1515,1525,0.1388
9,1517,1526,0.1388
9,1516,1525,0.1388
9,1515,1524,0.1388
9,1520,1529,0.1388
9,1520,1529,0.1388
9,1513,1522,0.1388
9,1510,1519,0.1388
9,1518,1527,0.1388
9,1511,1520,0.1388
9,1515,1524,0.1388
9,1531,1540,0.1388
9,1506,1515,0.1388
9,1502,1511,0.1388
9,1508,1517,0.1388
9,1521,1530,0.1388
8,1515,1523,0.1388
8,1503,1511,0.1388
8,1504,1512,0.1388
7,1512,1519,0.1388
7,1501,1508,0.1388
7,1494,1501,0.1388
7,1507,1514,0.1388
7,1501,1508,0.1388
7,1510,1517,0.1388
7,1506,1513,0.1388
7,1504,1511,0.1388
7,1505,1512,0.1388
7,1520,1527,0.1388
7,1520,1527,0.1388
7,1517,1524,0.1388
7,1507,1514,0.1388
8,1499,1507,0.1388
8,1496,1504,0.1388
8,1487,1495,0.1388
7,1496,1503,0.1388
8,1501,1509,0.1388
8,1516,1524,0.1388
7,1505,1512,0.1388
8,1510,1518,0.1388
9,1503,1512,0.1388
6,1506,1512,0.1388
6,1524,1530,0.1388
6,1522,1528,0.1388
6,1515,1521,0.1388
6,1527,1533,0.1388
6,1522,1528,0.1388
7,1509,1516,0.1388
7,1514,1521,0.1388
7,1498,1505,0.1388
8,1508,1516,0.1388
8,1500,1508,0.1388
8,1489,1497,0.1388
7,1498,1505,0.1388
7,1498,1505,0.1388
7,1504,1511,0.1388
7,1509,1516,0.1388
7,1507,1514,0.1388
7,1500,1507,0.1388
7,1500,1507,0.1388
6,1516,1522,0.1388
6,1517,1523,0.1388
6,1517,1523,0.1388
6,1512,1518,0.1388
6,1514,1520,0.1388
5,1527,1532,0.1388
5,1523,1528,0.1388
5,1521,1526,0.1388
5,1521,1526,0.1388
5,1516,1521,0.1388
5,1504,1509,0.1388
5,1500,1505,0.1388
5,1516,1521,0.1388
5,1518,1523,0.1388
4,1518,1522,0.1388
4,1525,1529,0.1388
4,1522,1526,0.1388
4,1520,1524,0.1388
4,1528,1532,0.1388
4,1523,1527,0.1388
5,1524,1529,0.1388
5,1515,1520,0.1388
5,1507,1512,0.1388
5,1510,1515,0.1388
5,1512,1517,0.1388
6,1517,1523,0.1388
6,1524,1530,0.1388
4,1522,1526,0.1388
4,1507,1511,0.1388
4,1510,1514,0.1388
4,1507,1511,0.1388
4,1521,1525,0.1388
3,1526,1529,0.1388
3,1526,1529,0.1388
3,1528,1531,0.1388
3,1515,1518,0.1388
3,1517,1520,0.1388
3,1513,1516,0.1388
3,1526,1529,0.1388
3,1512,1515,0.1388
3,1508,1511,0.1388
3,1518,1521,0.1388
3,1512,1515,0.1388
3,1513,1516,0.1388
3,1515,1518,0.1388
3,1495,1498,0.1388
3,1512,1515,0.1388
3,1514,1517,0.1388
3,1507,1510,0.1388
3,1507,1510,0.1388
3,1499,1502,0.1388
4,1496,1500,0.1388
4,1503,1507,0.1388
4,1503,1507,0.1388
3,1505,1508,0.1388
3,1522,1525,0.1388
3,1510,1513,0.1388
3,1526,1529,0.1388
3,1528,1531,0.1388
3,1518,1521,0.1388
3,1511,1514,0.1388
3,1514,1517,0.1388
3,1521,1524,0.1388
3,1520,1523,0.1388
3,1518,1521,0.1388
3,1526,1529,0.1388
3,1523,1526,0.1388
3,1530,1533,0.1388
3,1523,1526,0.1388
3,1509,1512,0.1388
3,1517,1520,0.1388
3,1509,1512,0.1388
2,1504,1506,0.1388
2,1514,1516,0.1388
2,1512,1514,0.1388
2,1519,1521,0.1388
2,1508,1510,0.1388
1,1513,1514,0.1388
1,1530,1531,0.1388
1,1515,1516,0.1388
1,1520,1521,0.1388
1,1523,1524,0.1388
1,1507,1508,0.1388
1,1518,1519,0.1388
1,1520,1521,0.1388
1,1511,1512,0.1388
1,1512,1513,0.1388
0,1523,1523,0.1388
