1373,29,1402,0.1388
1391,28,1419,0.1388
1396,28,1424,0.1388
1425,29,1454,0.1388
1454,28,1482,0.1388
1467,28,1495,0.1388
1474,28,1502,0.1388
1461,27,1488,0.1388
1474,28,1502,0.1388
1471,27,1498,0.1388
1481,29,1510,0.1388
1486,29,1515,0.1388
1474,28,1502,0.1388
1459,28,1487,0.1388
1453,28,1481,0.1388
1467,28,1495,0.1388
1466,29,1495,0.1388
1461,30,1491,0.1388
1450,31,1481,0.1388
1462,29,1491,0.1388
1469,29,1498,0.1388
1463,29,1492,0.1388
1454,31,1485,0.1388
1463,30,1493,0.1388
1440,30,1470,0.1388
1455,28,1483,0.1388
1468,32,1500,0.1388
1452,33,1485,0.1388
1449,34,1483,0.1388
1459,34,1493,0.1388
1451,35,1486,0.1388
1449,36,1485,0.1388
1452,37,1489,0.1388
1460,38,1498,0.1388
1446,36,1482,0.1388
1445,38,1483,0.1388
1438,37,1475,0.1388
1461,37,1498,0.1388
1458,38,1496,0.1388
1454,38,1492,0.1388
1442,38,1480,0.1388
1436,38,1474,0.1388
1438,39,1477,0.1388
1445,39,1484,0.1388
1457,39,1496,0.1388
1464,38,1502,0.1388
1462,39,1501,0.1388
1455,38,1493,0.1388
1446,37,1483,0.1388
1463,37,1500,0.1388
1456,37,1493,0.1388
1451,38,1489,0.1388
1459,39,1498,0.1388
1471,39,1510,0.1388
1468,40,1508,0.1388
1470,40,1510,0.1388
1467,36,1503,0.1388
1476,38,1514,0.1388
1472,38,1510,0.1388
1460,37,1497,0.1388
1460,39,1499,0.1388
1454,40,1494,0.1388
1464,39,1503,0.1388
1468,41,1509,0.1388
1473,42,1515,0.1388
1458,43,1501,0.1388
1452,43,1495,0.1388
1451,42,1493,0.1388
1455,43,1498,0.1388
1459,43,1502,0.1388
1455,44,1499,0.1388
1457,47,1504,0.1388
1462,48,1510,0.1388
1450,48,1498,0.1388
1453,44,1497,0.1388
1438,43,1481,0.1388
1454,44,1498,0.1388
1451,45,1496,0.1388
1455,46,1501,0.1388
1450,46,1496,0.1388
1436,47,1483,0.1388
1443,44,1487,0.1388
1454,44,1498,0.1388
1449,45,1494,0.1388
1444,47,1491,0.1388
1448,46,1494,0.1388
1445,47,1492,0.1388
1443,48,1491,0.1388
1433,47,1480,0.1388
1441,48,1489,0.1388
1451,51,1502,0.1388
1459,49,1508,0.1388
1452,49,1501,0.1388
1447,50,1497,0.1388
1449,49,1498,0.1388
1440,49,1489,0.1388
1446,50,1496,0.1388
1448,54,1502,0.1388
1449,56,1505,0.1388
1448,57,1505,0.1388
1443,56,1499,0.1388
1442,56,1498,0.1388
1440,58,1498,0.1388
1442,60,1502,0.1388
1449,60,1509,0.1388
1432,61,1493,0.1388
1430,61,1491,0.1388
1423,60,1483,0.1388
1430,61,1491,0.1388
1426,61,1487,0.1388
1440,61,1501,0.1388
1430,60,1490,0.1388
1431,62,1493,0.1388
1430,62,1492,0.1388
1435,64,1499,0.1388
1431,66,1497,0.1388
1424,64,1488,0.1388
1425,61,1486,0.1388
1436,65,1501,0.1388
1426,66,1492,0.1388
1413,64,1477,0.1388
1420,64,1484,0.1388
1423,65,1488,0.1388
1419,67,1486,0.1388
1414,66,1480,0.1388
1423,63,1486,0.1388
1430,64,1494,0.1388
1443,65,1508,0.1388
1444,65,1509,0.1388
1442,63,1505,0.1388
1440,63,1503,0.1388
1440,66,1506,0.1388
1439,65,1504,0.1388
1436,64,1500,0.1388
1442,61,1503,0.1388
1444,62,1506,0.1388
1439,62,1501,0.1388
1441,64,1505,0.1388
1435,65,1500,0.1388
1425,64,1489,0.1388
1432,57,1489,0.1388
1424,56,1480,0.1388
1433,59,1492,0.1388
1433,59,1492,0.1388
1432,60,1492,0.1388
1434,62,1496,0.1388
1420,61,1481,0.1388
1426,61,1487,0.1388
1433,59,1492,0.1388
1435,59,1494,0.1388
1420,59,1479,0.1388
1420,61,1481,0.1388
1415,66,1481,0.1388
1419,68,1487,0.1388
1424,68,1492,0.1388
1435,70,1505,0.1388
1437,69,1506,0.1388
1425,65,1490,0.1388
1425,66,1491,0.1388
1421,68,1489,0.1388
1418,69,1487,0.1388
1423,68,1491,0.1388
1430,68,1498,0.1388
1427,67,1494,0.1388
1424,66,1490,0.1388
1426,66,1492,0.1388
1425,66,1491,0.1388
1421,69,1490,0.1388
1437,69,1506,0.1388
1438,71,1509,0.1388
1451,72,1523,0.1388
1438,68,1506,0.1388
1439,69,1508,0.1388
1432,71,1503,0.1388
1428,75,1503,0.1388
1426,75,1501,0.1388
1425,73,1498,0.1388
1434,76,1510,0.1388
1418,74,1492,0.1388
1440,76,1516,0.1388
1428,77,1505,0.1388
1419,82,1501,0.1388
1422,80,1502,0.1388
1419,82,1501,0.1388
1415,83,1498,0.1388
1416,84,1500,0.1388
1418,82,1500,0.1388
1414,83,1497,0.1388
1406,83,1489,0.1388
1406,84,1490,0.1388
1396,87,1483,0.1388
1398,84,1482,0.1388
1400,84,1484,0.1388
1408,83,1491,0.1388
1409,83,1492,0.1388
1403,87,1490,0.1388
1401,86,1487,0.1388
1411,87,1498,0.1388
1404,91,1495,0.1388
1400,92,1492,0.1388
1400,91,1491,0.1388
1396,90,1486,0.1388
1412,86,1498,0.1388
1409,87,1496,0.1388
1401,88,1489,0.1388
1397,89,1486,0.1388
1389,89,1478,0.1388
1401,86,1487,0.1388
1408,87,1495,0.1388
1403,88,1491,0.1388
1402,87,1489,0.1388
1403,88,1491,0.1388
1406,88,1494,0.1388
1413,89,1502,0.1388
1400,90,1490,0.1388
1405,90,1495,0.1388
1412,89,1501,0.1388
1414,83,1497,0.1388
1423,89,1512,0.1388
1410,88,1498,0.1388
1394,88,1482,0.1388
1400,86,1486,0.1388
1407,89,1496,0.1388
1404,90,1494,0.1388
1407,87,1494,0.1388
1418,88,1506,0.1388
1420,88,1508,0.1388
1415,87,1502,0.1388
1401,88,1489,0.1388
1398,88,1486,0.1388
1391,91,1482,0.1388
1397,90,1487,0.1388
1417,90,1507,0.1388
1406,93,1499,0.1388
1399,94,1493,0.1388
1398,92,1490,0.1388
1403,93,1496,0.1388
1400,93,1493,0.1388
1400,92,1492,0.1388
1394,89,1483,0.1388
1391,90,1481,0.1388
1404,92,1496,0.1388
1399,94,1493,0.1388
1416,94,1510,0.1388
1412,94,1506,0.1388
1408,96,1504,0.1388
1404,97,1501,0.1388
1396,100,1496,0.1388
1400,97,1497,0.1388
1403,95,1498,0.1388
1395,94,1489,0.1388
1398,97,1495,0.1388
1392,100,1492,0.1388
1396,101,1497,0.1388
1402,102,1504,0.1388
1407,101,1508,0.1388
1403,103,1506,0.1388
1397,100,1497,0.1388
1386,105,1491,0.1388
1376,105,1481,0.1388
1390,104,1494,0.1388
1385,102,1487,0.1388
1389,104,1493,0.1388
1383,103,1486,0.1388
1377,106,1483,0.1388
1371,105,1476,0.1388
1386,100,1486,0.1388
1379,101,1480,0.1388
1389,101,1490,0.1388
1389,105,1494,0.1388
1388,107,1495,0.1388
1388,104,1492,0.1388
1387,102,1489,0.1388
1402,101,1503,0.1388
1397,100,1497,0.1388
1397,100,1497,0.1388
1409,103,1512,0.1388
1396,104,1500,0.1388
1385,101,1486,0.1388
1391,102,1493,0.1388
1388,104,1492,0.1388
1396,101,1497,0.1388
1392,103,1495,0.1388
1381,102,1483,0.1388
1378,103,1481,0.1388
1375,105,1480,0.1388
1388,105,1493,0.1388
1391,105,1496,0.1388
1400,107,1507,0.1388
1390,109,1499,0.1388
1393,105,1498,0.1388
1400,104,1504,0.1388
1396,103,1499,0.1388
1396,103,1499,0.1388
1388,107,1495,0.1388
1393,109,1502,0.1388
1406,106,1512,0.1388
1406,103,1509,0.1388
1403,103,1506,0.1388
1403,105,1508,0.1388
1395,102,1497,0.1388
1398,103,1501,0.1388
1383,101,1484,0.1388
1379,101,1480,0.1388
1393,103,1496,0.1388
1383,103,1486,0.1388
1378,106,1484,0.1388
1377,109,1486,0.1388
1370,109,1479,0.1388
1371,111,1482,0.1388
1366,114,1480,0.1388
1368,114,1482,0.1388
1364,111,1475,0.1388
1358,113,1471,0.1388
1358,116,1474,0.1388
1378,115,1493,0.1388
1377,119,1496,0.1388
1371,120,1491,0.1388
1368,116,1484,0.1388
1377,120,1497,0.1388
1368,118,1486,0.1388
1377,119,1496,0.1388
1383,117,1500,0.1388
1384,119,1503,0.1388
1382,122,1504,0.1388
1370,122,1492,0.1388
1369,126,1495,0.1388
1376,126,1502,0.1388
1368,124,1492,0.1388
1365,125,1490,0.1388
1371,124,1495,0.1388
1368,122,1490,0.1388
1374,126,1500,0.1388
1370,124,1494,0.1388
1361,121,1482,0.1388
1361,123,1484,0.1388
1366,121,1487,0.1388
1361,123,1484,0.1388
1364,125,1489,0.1388
1382,127,1509,0.1388
1381,126,1507,0.1388
1378,124,1502,0.1388
1382,126,1508,0.1388
1376,122,1498,0.1388
1371,125,1496,0.1388
1359,123,1482,0.1388
1347,123,1470,0.1388
1352,124,1476,0.1388
1354,126,1480,0.1388
1361,127,1488,0.1388
1361,131,1492,0.1388
1369,130,1499,0.1388
1359,131,1490,0.1388
1352,130,1482,0.1388
1365,127,1492,0.1388
1360,131,1491,0.1388
1359,130,1489,0.1388
1359,127,1486,0.1388
1360,125,1485,0.1388
1366,124,1490,0.1388
1367,126,1493,0.1388
1374,126,1500,0.1388
1368,129,1497,0.1388
1362,136,1498,0.1388
1358,136,1494,0.1388
1362,139,1501,0.1388
1354,139,1493,0.1388
1351,143,1494,0.1388
1363,146,1509,0.1388
1358,147,1505,0.1388
1364,142,1506,0.1388
1365,139,1504,0.1388
1371,139,1510,0.1388
1366,139,1505,0.1388
1364,138,1502,0.1388
1356,138,1494,0.1388
1349,131,1480,0.1388
1347,125,1472,0.1388
1351,132,1483,0.1388
1351,133,1484,0.1388
1345,135,1480,0.1388
1351,137,1488,0.1388
1351,135,1486,0.1388
1350,137,1487,0.1388
1350,136,1486,0.1388
1348,137,1485,0.1388
1355,135,1490,0.1388
1354,140,1494,0.1388
1342,138,1480,0.1388
1351,132,1483,0.1388
1356,134,1490,0.1388
1365,137,1502,0.1388
1366,137,1503,0.1388
1353,138,1491,0.1388
1353,144,1497,0.1388
1349,142,1491,0.1388
1366,141,1507,0.1388
1357,138,1495,0.1388
1368,139,1507,0.1388
1363,142,1505,0.1388
1351,141,1492,0.1388
1355,140,1495,0.1388
1349,144,1493,0.1388
1352,142,1494,0.1388
1347,138,1485,0.1388
1352,140,1492,0.1388
1342,141,1483,0.1388
1335,143,1478,0.1388
1337,154,1491,0.1388
1340,152,1492,0.1388
1343,155,1498,0.1388
1351,155,1506,0.1388
1339,156,1495,0.1388
1340,155,1495,0.1388
1333,154,1487,0.1388
1336,153,1489,0.1388
1337,154,1491,0.1388
1332,160,1492,0.1388
1320,158,1478,0.1388
1323,161,1484,0.1388
1322,161,1483,0.1388
1319,163,1482,0.1388
1320,162,1482,0.1388
1312,165,1477,0.1388
1315,162,1477,0.1388
1312,160,1472,0.1388
1332,159,1491,0.1388
1337,160,1497,0.1388
1330,163,1493,0.1388
1333,161,1494,0.1388
1341,160,1501,0.1388
1338,161,1499,0.1388
1337,161,1498,0.1388
1338,162,1500,0.1388
1344,158,1502,0.1388
1338,158,1496,0.1388
1332,153,1485,0.1388
1330,150,1480,0.1388
1329,154,1483,0.1388
1332,152,1484,0.1388
1327,156,1483,0.1388
1326,158,1484,0.1388
1331,156,1487,0.1388
1327,158,1485,0.1388
1335,161,1496,0.1388
1336,161,1497,0.1388
1333,160,1493,0.1388
1322,160,1482,0.1388
1327,159,1486,0.1388
1335,159,1494,0.1388
1342,159,1501,0.1388
1345,161,1506,0.1388
1347,160,1507,0.1388
1347,165,1512,0.1388
1338,163,1501,0.1388
1339,160,1499,0.1388
1329,154,1483,0.1388
1328,158,1486,0.1388
1326,152,1478,0.1388
1337,157,1494,0.1388
1327,154,1481,0.1388
1331,155,1486,0.1388
1335,154,1489,0.1388
1329,158,1487,0.1388
1328,158,1486,0.1388
1333,162,1495,0.1388
1347,156,1503,0.1388
1347,155,1502,0.1388
1348,156,1504,0.1388
1344,158,1502,0.1388
1331,158,1489,0.1388
1336,155,1491,0.1388
1345,158,1503,0.1388
1347,161,1508,0.1388
1337,160,1497,0.1388
1330,161,1491,0.1388
1331,163,1494,0.1388
1315,159,1474,0.1388
1323,160,1483,0.1388
1328,164,1492,0.1388
1336,166,1502,0.1388
1322,162,1484,0.1388
1322,161,1483,0.1388
1326,154,1480,0.1388
1321,160,1481,0.1388
1329,162,1491,0.1388
1339,156,1495,0.1388
1329,159,1488,0.1388
1334,158,1492,0.1388
1317,163,1480,0.1388
1315,163,1478,0.1388
1325,166,1491,0.1388
1333,168,1501,0.1388
1320,170,1490,0.1388
1328,171,1499,0.1388
1320,173,1493,0.1388
1322,174,1496,0.1388
1306,172,1478,0.1388
1306,172,1478,0.1388
1310,169,1479,0.1388
1308,171,1479,0.1388
1332,168,1500,0.1388
1327,161,1488,0.1388
1311,163,1474,0.1388
1327,166,1493,0.1388
1336,167,1503,0.1388
1334,167,1501,0.1388
1325,167,1492,0.1388
1321,165,1486,0.1388
1335,168,1503,0.1388
1325,164,1489,0.1388
1335,163,1498,0.1388
1328,164,1492,0.1388
1325,165,1490,0.1388
1325,163,1488,0.1388
1324,168,1492,0.1388
1312,165,1477,0.1388
1319,165,1484,0.1388
1323,169,1492,0.1388
1321,170,1491,0.1388
1322,170,1492,0.1388
1330,166,1496,0.1388
1337,170,1507,0.1388
1343,169,1512,0.1388
1346,168,1514,0.1388
1336,163,1499,0.1388
1364,169,1533,0.1388
1359,165,1524,0.1388
1347,168,1515,0.1388
1348,172,1520,0.1388
1342,168,1510,0.1388
1324,168,1492,0.1388
1313,171,1484,0.1388
1327,172,1499,0.1388
1323,172,1495,0.1388
1335,169,1504,0.1388
1337,167,1504,0.1388
1334,170,1504,0.1388
1326,169,1495,0.1388
1313,171,1484,0.1388
1314,170,1484,0.1388
1328,174,1502,0.1388
1316,179,1495,0.1388
1309,178,1487,0.1388
1295,173,1468,0.1388
1298,176,1474,0.1388
1307,178,1485,0.1388
1311,182,1493,0.1388
1320,184,1504,0.1388
1323,177,1500,0.1388
1323,174,1497,0.1388
1323,180,1503,0.1388
1326,179,1505,0.1388
1331,178,1509,0.1388
1325,181,1506,0.1388
1318,181,1499,0.1388
1326,187,1513,0.1388
1326,184,1510,0.1388
1317,183,1500,0.1388
1318,188,1506,0.1388
1318,184,1502,0.1388
1308,179,1487,0.1388
1320,178,1498,0.1388
1326,182,1508,0.1388
1319,185,1504,0.1388
1316,190,1506,0.1388
1313,190,1503,0.1388
1310,195,1505,0.1388
1315,193,1508,0.1388
1307,200,1507,0.1388
1309,203,1512,0.1388
1314,199,1513,0.1388
1308,199,1507,0.1388
1303,201,1504,0.1388
1290,201,1491,0.1388
1276,195,1471,0.1388
1288,196,1484,0.1388
1288,197,1485,0.1388
1287,194,1481,0.1388
1286,195,1481,0.1388
1277,201,1478,0.1388
1274,202,1476,0.1388
1277,206,1483,0.1388
1278,204,1482,0.1388
1279,202,1481,0.1388
1287,203,1490,0.1388
1289,204,1493,0.1388
1286,206,1492,0.1388
1287,207,1494,0.1388
1306,207,1513,0.1388
1298,208,1506,0.1388
1291,210,1501,0.1388
1291,208,1499,0.1388
1282,208,1490,0.1388
1285,210,1495,0.1388
1277,205,1482,0.1388
1261,201,1462,0.1388
1267,207,1474,0.1388
1262,209,1471,0.1388
1263,212,1475,0.1388
1265,205,1470,0.1388
1276,212,1488,0.1388
1274,210,1484,0.1388
1271,209,1480,0.1388
1269,209,1478,0.1388
1279,203,1482,0.1388
1287,205,1492,0.1388
1289,207,1496,0.1388
1293,207,1500,0.1388
1308,198,1506,0.1388
1299,197,1496,0.1388
1306,198,1504,0.1388
1307,198,1505,0.1388
1295,202,1497,0.1388
1300,204,1504,0.1388
1300,200,1500,0.1388
1290,201,1491,0.1388
1292,203,1495,0.1388
1306,203,1509,0.1388
1306,203,1509,0.1388
1298,203,1501,0.1388
1290,200,1490,0.1388
1284,199,1483,0.1388
1284,201,1485,0.1388
1284,203,1487,0.1388
1303,202,1505,0.1388
1295,204,1499,0.1388
1290,198,1488,0.1388
1295,202,1497,0.1388
1301,200,1501,0.1388
1297,199,1496,0.1388
1305,200,1505,0.1388
1300,203,1503,0.1388
1293,204,1497,0.1388
1296,206,1502,0.1388
1287,205,1492,0.1388
1296,200,1496,0.1388
1293,204,1497,0.1388
1296,207,1503,0.1388
1295,207,1502,0.1388
1288,211,1499,0.1388
1284,210,1494,0.1388
1287,209,1496,0.1388
1283,212,1495,0.1388
1286,211,1497,0.1388
1281,212,1493,0.1388
1278,206,1484,0.1388
1276,204,1480,0.1388
1277,206,1483,0.1388
1278,212,1490,0.1388
1281,206,1487,0.1388
1282,206,1488,0.1388
1278,211,1489,0.1388
1288,208,1496,0.1388
1293,213,1506,0.1388
1300,206,1506,0.1388
1291,208,1499,0.1388
1280,203,1483,0.1388
1283,201,1484,0.1388
1270,201,1471,0.1388
1277,207,1484,0.1388
1269,212,1481,0.1388
1271,217,1488,0.1388
1285,221,1506,0.1388
1282,221,1503,0.1388
1292,219,1511,0.1388
1294,217,1511,0.1388
1284,216,1500,0.1388
1276,213,1489,0.1388
1267,216,1483,0.1388
1253,219,1472,0.1388
1259,217,1476,0.1388
1275,221,1496,0.1388
1284,225,1509,0.1388
1284,225,1509,0.1388
1284,228,1512,0.1388
1274,229,1503,0.1388
1278,231,1509,0.1388
1279,232,1511,0.1388
1275,224,1499,0.1388
1259,228,1487,0.1388
1267,228,1495,0.1388
1261,227,1488,0.1388
1253,229,1482,0.1388
1240,228,1468,0.1388
1242,242,1484,0.1388
1250,233,1483,0.1388
1248,237,1485,0.1388
1254,239,1493,0.1388
1254,243,1497,0.1388
1255,239,1494,0.1388
1262,238,1500,0.1388
1262,237,1499,0.1388
1259,230,1489,0.1388
1253,227,1480,0.1388
1266,226,1492,0.1388
1269,225,1494,0.1388
1276,225,1501,0.1388
1274,220,1494,0.1388
1280,221,1501,0.1388
1280,227,1507,0.1388
1267,230,1497,0.1388
1255,236,1491,0.1388
1257,237,1494,0.1388
1259,239,1498,0.1388
1253,239,1492,0.1388
1247,240,1487,0.1388
1252,236,1488,0.1388
1260,238,1498,0.1388
1261,238,1499,0.1388
1258,236,1494,0.1388
1250,233,1483,0.1388
1252,237,1489,0.1388
1247,238,1485,0.1388
1255,243,1498,0.1388
1249,240,1489,0.1388
1250,234,1484,0.1388
1251,238,1489,0.1388
1264,238,1502,0.1388
1263,244,1507,0.1388
1256,249,1505,0.1388
1261,248,1509,0.1388
1271,248,1519,0.1388
1263,247,1510,0.1388
1262,245,1507,0.1388
1255,248,1503,0.1388
1245,250,1495,0.1388
1248,255,1503,0.1388
1251,260,1511,0.1388
1242,263,1505,0.1388
1230,260,1490,0.1388
1221,263,1484,0.1388
1234,258,1492,0.1388
1234,256,1490,0.1388
1239,262,1501,0.1388
1232,257,1489,0.1388
1232,256,1488,0.1388
1234,264,1498,0.1388
1240,268,1508,0.1388
1249,266,1515,0.1388
1238,273,1511,0.1388
1221,271,1492,0.1388
1230,273,1503,0.1388
1233,274,1507,0.1388
1224,272,1496,0.1388
1212,268,1480,0.1388
1211,271,1482,0.1388
1218,272,1490,0.1388
1221,273,1494,0.1388
1208,275,1483,0.1388
1223,274,1497,0.1388
1213,278,1491,0.1388
1205,280,1485,0.1388
1201,283,1484,0.1388
1199,284,1483,0.1388
1203,285,1488,0.1388
1197,292,1489,0.1388
1189,293,1482,0.1388
1197,291,1488,0.1388
1196,297,1493,0.1388
1201,302,1503,0.1388
1196,302,1498,0.1388
1195,307,1502,0.1388
1196,301,1497,0.1388
1198,294,1492,0.1388
1201,295,1496,0.1388
1205,298,1503,0.1388
1201,290,1491,0.1388
1196,293,1489,0.1388
1183,293,1476,0.1388
1187,297,1484,0.1388
1196,296,1492,0.1388
1188,299,1487,0.1388
1189,294,1483,0.1388
1188,298,1486,0.1388
1196,299,1495,0.1388
1200,300,1500,0.1388
1202,291,1493,0.1388
1194,297,1491,0.1388
1200,298,1498,0.1388
1196,303,1499,0.1388
1201,299,1500,0.1388
1198,308,1506,0.1388
1180,305,1485,0.1388
1199,305,1504,0.1388
1191,307,1498,0.1388
1179,304,1483,0.1388
1186,308,1494,0.1388
1183,308,1491,0.1388
1195,313,1508,0.1388
1194,313,1507,0.1388
1194,314,1508,0.1388
1196,314,1510,0.1388
1192,315,1507,0.1388
1186,312,1498,0.1388
1188,315,1503,0.1388
1193,316,1509,0.1388
1189,319,1508,0.1388
1186,317,1503,0.1388
1195,315,1510,0.1388
1187,316,1503,0.1388
1172,321,1493,0.1388
1173,321,1494,0.1388
1173,322,1495,0.1388
1170,328,1498,0.1388
1167,331,1498,0.1388
1174,327,1501,0.1388
1175,329,1504,0.1388
1178,321,1499,0.1388
1159,324,1483,0.1388
1155,331,1486,0.1388
1160,344,1504,0.1388
1168,342,1510,0.1388
1166,341,1507,0.1388
1161,347,1508,0.1388
1166,349,1515,0.1388
1163,345,1508,0.1388
1166,341,1507,0.1388
1161,336,1497,0.1388
1151,338,1489,0.1388
1142,347,1489,0.1388
1154,342,1496,0.1388
1152,346,1498,0.1388
1147,343,1490,0.1388
1154,351,1505,0.1388
1146,355,1501,0.1388
1149,355,1504,0.1388
1145,358,1503,0.1388
1147,357,1504,0.1388
1145,357,1502,0.1388
1148,350,1498,0.1388
1142,352,1494,0.1388
1156,356,1512,0.1388
1148,354,1502,0.1388
1145,355,1500,0.1388
1145,362,1507,0.1388
1147,367,1514,0.1388
1142,363,1505,0.1388
1149,363,1512,0.1388
1140,353,1493,0.1388
1141,349,1490,0.1388
1147,356,1503,0.1388
1152,357,1509,0.1388
1143,362,1505,0.1388
1143,356,1499,0.1388
1138,365,1503,0.1388
1144,366,1510,0.1388
1136,360,1496,0.1388
1124,365,1489,0.1388
1121,361,1482,0.1388
1129,368,1497,0.1388
1124,372,1496,0.1388
1131,364,1495,0.1388
1124,359,1483,0.1388
1128,362,1490,0.1388
1125,362,1487,0.1388
1124,366,1490,0.1388
1136,364,1500,0.1388
1136,361,1497,0.1388
1146,366,1512,0.1388
1134,361,1495,0.1388
1132,361,1493,0.1388
1129,366,1495,0.1388
1134,370,1504,0.1388
1121,366,1487,0.1388
1112,370,1482,0.1388
1114,361,1475,0.1388
1111,368,1479,0.1388
1113,368,1481,0.1388
1114,375,1489,0.1388
1113,382,1495,0.1388
1110,385,1495,0.1388
1107,389,1496,0.1388
1103,390,1493,0.1388
1093,393,1486,0.1388
1098,400,1498,0.1388
1097,403,1500,0.1388
1092,402,1494,0.1388
1095,404,1499,0.1388
1102,399,1501,0.1388
1107,398,1505,0.1388
1108,400,1508,0.1388
1097,395,1492,0.1388
1084,396,1480,0.1388
1085,397,1482,0.1388
1078,396,1474,0.1388
1076,401,1477,0.1388
1094,407,1501,0.1388
1079,409,1488,0.1388
1072,403,1475,0.1388
1075,411,1486,0.1388
1090,410,1500,0.1388
1091,408,1499,0.1388
1097,406,1503,0.1388
1100,408,1508,0.1388
1095,413,1508,0.1388
1093,406,1499,0.1388
1106,402,1508,0.1388
1086,398,1484,0.1388
1090,408,1498,0.1388
1095,409,1504,0.1388
1091,412,1503,0.1388
1096,416,1512,0.1388
1087,417,1504,0.1388
1083,426,1509,0.1388
1091,428,1519,0.1388
1088,419,1507,0.1388
1074,418,1492,0.1388
1080,418,1498,0.1388
1073,420,1493,0.1388
1070,420,1490,0.1388
1055,417,1472,0.1388
1064,416,1480,0.1388
1080,421,1501,0.1388
1076,413,1489,0.1388
1072,413,1485,0.1388
1068,415,1483,0.1388
1060,426,1486,0.1388
1068,437,1505,0.1388
1068,442,1510,0.1388
1066,442,1508,0.1388
1060,435,1495,0.1388
1055,438,1493,0.1388
1046,440,1486,0.1388
1050,433,1483,0.1388
1043,438,1481,0.1388
1065,438,1503,0.1388
1063,441,1504,0.1388
1070,446,1516,0.1388
1070,441,1511,0.1388
1067,439,1506,0.1388
1059,434,1493,0.1388
1054,436,1490,0.1388
1061,442,1503,0.1388
1073,435,1508,0.1388
1059,430,1489,0.1388
1073,437,1510,0.1388
1069,431,1500,0.1388
1065,433,1498,0.1388
1047,429,1476,0.1388
1050,432,1482,0.1388
1046,438,1484,0.1388
1052,436,1488,0.1388
1061,434,1495,0.1388
1074,438,1512,0.1388
1068,432,1500,0.1388
1073,429,1502,0.1388
1079,429,1508,0.1388
1071,427,1498,0.1388
1071,424,1495,0.1388
1069,427,1496,0.1388
1056,434,1490,0.1388
1048,444,1492,0.1388
1038,442,1480,0.1388
1038,441,1479,0.1388
1041,446,1487,0.1388
1032,449,1481,0.1388
1032,451,1483,0.1388
1046,453,1499,0.1388
1040,455,1495,0.1388
1051,457,1508,0.1388
1047,457,1504,0.1388
1043,451,1494,0.1388
1055,447,1502,0.1388
1058,449,1507,0.1388
1037,453,1490,0.1388
1038,452,1490,0.1388
1040,455,1495,0.1388
1039,454,1493,0.1388
1036,451,1487,0.1388
1029,454,1483,0.1388
1034,466,1500,0.1388
1041,469,1510,0.1388
1033,462,1495,0.1388
1037,460,1497,0.1388
1036,470,1506,0.1388
1037,477,1514,0.1388
1027,480,1507,0.1388
1028,489,1517,0.1388
1029,482,1511,0.1388
1034,489,1523,0.1388
1029,487,1516,0.1388
1026,489,1515,0.1388
1020,488,1508,0.1388
1023,488,1511,0.1388
1023,485,1508,0.1388
1005,480,1485,0.1388
1008,480,1488,0.1388
1010,482,1492,0.1388
1013,490,1503,0.1388
1019,494,1513,0.1388
1021,502,1523,0.1388
1013,494,1507,0.1388
998,505,1503,0.1388
992,498,1490,0.1388
992,500,1492,0.1388
986,509,1495,0.1388
992,503,1495,0.1388
995,522,1517,0.1388
992,516,1508,0.1388
986,523,1509,0.1388
991,519,1510,0.1388
989,518,1507,0.1388
995,518,1513,0.1388
994,519,1513,0.1388
986,516,1502,0.1388
1001,516,1517,0.1388
1004,520,1524,0.1388
1004,519,1523,0.1388
997,521,1518,0.1388
993,524,1517,0.1388
985,530,1515,0.1388
986,524,1510,0.1388
981,525,1506,0.1388
992,519,1511,0.1388
994,514,1508,0.1388
993,517,1510,0.1388
983,516,1499,0.1388
989,516,1505,0.1388
980,511,1491,0.1388
986,511,1497,0.1388
991,518,1509,0.1388
978,518,1496,0.1388
979,514,1493,0.1388
975,518,1493,0.1388
980,523,1503,0.1388
978,527,1505,0.1388
969,534,1503,0.1388
971,524,1495,0.1388
972,533,1505,0.1388
967,531,1498,0.1388
961,533,1494,0.1388
968,532,1500,0.1388
959,534,1493,0.1388
964,524,1488,0.1388
966,525,1491,0.1388
978,525,1503,0.1388
972,525,1497,0.1388
975,525,1500,0.1388
987,519,1506,0.1388
992,521,1513,0.1388
987,514,1501,0.1388
982,516,1498,0.1388
977,519,1496,0.1388
968,519,1487,0.1388
981,523,1504,0.1388
978,525,1503,0.1388
979,530,1509,0.1388
983,526,1509,0.1388
990,534,1524,0.1388
983,535,1518,0.1388
987,530,1517,0.1388
984,522,1506,0.1388
980,538,1518,0.1388
970,532,1502,0.1388
960,529,1489,0.1388
948,537,1485,0.1388
943,539,1482,0.1388
946,548,1494,0.1388
934,552,1486,0.1388
939,549,1488,0.1388
955,545,1500,0.1388
952,555,1507,0.1388
954,549,1503,0.1388
950,547,1497,0.1388
945,555,1500,0.1388
952,550,1502,0.1388
947,556,1503,0.1388
948,558,1506,0.1388
942,558,1500,0.1388
954,563,1517,0.1388
950,571,1521,0.1388
954,569,1523,0.1388
951,562,1513,0.1388
942,562,1504,0.1388
947,560,1507,0.1388
939,570,1509,0.1388
930,559,1489,0.1388
932,566,1498,0.1388
921,567,1488,0.1388
919,566,1485,0.1388
927,563,1490,0.1388
922,565,1487,0.1388
901,567,1468,0.1388
917,574,1491,0.1388
918,569,1487,0.1388
910,576,1486,0.1388
929,575,1504,0.1388
933,581,1514,0.1388
930,579,1509,0.1388
927,575,1502,0.1388
930,575,1505,0.1388
930,567,1497,0.1388
924,556,1480,0.1388
920,565,1485,0.1388
910,570,1480,0.1388
914,565,1479,0.1388
935,568,1503,0.1388
934,573,1507,0.1388
929,573,1502,0.1388
940,572,1512,0.1388
930,568,1498,0.1388
934,572,1506,0.1388
937,565,1502,0.1388
937,570,1507,0.1388
938,573,1511,0.1388
943,570,1513,0.1388
926,575,1501,0.1388
919,574,1493,0.1388
922,578,1500,0.1388
919,576,1495,0.1388
924,575,1499,0.1388
933,574,1507,0.1388
925,571,1496,0.1388
926,575,1501,0.1388
920,574,1494,0.1388
920,572,1492,0.1388
917,574,1491,0.1388
922,578,1500,0.1388
927,581,1508,0.1388
929,586,1515,0.1388
923,592,1515,0.1388
921,591,1512,0.1388
911,592,1503,0.1388
909,595,1504,0.1388
907,589,1496,0.1388
912,590,1502,0.1388
912,587,1499,0.1388
921,599,1520,0.1388
907,597,1504,0.1388
909,605,1514,0.1388
905,603,1508,0.1388
913,601,1514,0.1388
905,606,1511,0.1388
900,611,1511,0.1388
906,608,1514,0.1388
898,613,1511,0.1388
892,624,1516,0.1388
884,618,1502,0.1388
876,627,1503,0.1388
873,627,1500,0.1388
874,619,1493,0.1388
868,634,1502,0.1388
863,640,1503,0.1388
864,640,1504,0.1388
862,645,1507,0.1388
855,643,1498,0.1388
856,640,1496,0.1388
845,645,1490,0.1388
849,644,1493,0.1388
849,645,1494,0.1388
841,639,1480,0.1388
843,645,1488,0.1388
856,643,1499,0.1388
847,643,1490,0.1388
853,654,1507,0.1388
858,661,1519,0.1388
854,666,1520,0.1388
849,664,1513,0.1388
842,667,1509,0.1388
847,670,1517,0.1388
837,669,1506,0.1388
831,679,1510,0.1388
835,680,1515,0.1388
826,680,1506,0.1388
837,676,1513,0.1388
832,676,1508,0.1388
833,674,1507,0.1388
820,678,1498,0.1388
827,677,1504,0.1388
807,672,1479,0.1388
808,677,1485,0.1388
812,684,1496,0.1388
814,698,1512,0.1388
803,695,1498,0.1388
801,690,1491,0.1388
802,696,1498,0.1388
798,706,1504,0.1388
810,695,1505,0.1388
808,705,1513,0.1388
809,700,1509,0.1388
811,709,1520,0.1388
800,713,1513,0.1388
804,707,1511,0.1388
812,706,1518,0.1388
805,694,1499,0.1388
811,704,1515,0.1388
813,709,1522,0.1388
817,706,1523,0.1388
808,707,1515,0.1388
802,704,1506,0.1388
804,697,1501,0.1388
799,702,1501,0.1388
793,707,1500,0.1388
805,704,1509,0.1388
801,697,1498,0.1388
796,700,1496,0.1388
797,694,1491,0.1388
797,697,1494,0.1388
797,711,1508,0.1388
802,709,1511,0.1388
797,714,1511,0.1388
793,703,1496,0.1388
790,703,1493,0.1388
790,712,1502,0.1388
785,708,1493,0.1388
792,703,1495,0.1388
786,707,1493,0.1388
793,713,1506,0.1388
796,717,1513,0.1388
797,709,1506,0.1388
808,706,1514,0.1388
804,702,1506,0.1388
796,702,1498,0.1388
796,707,1503,0.1388
803,708,1511,0.1388
803,704,1507,0.1388
798,697,1495,0.1388
798,693,1491,0.1388
798,702,1500,0.1388
798,705,1503,0.1388
802,710,1512,0.1388
801,715,1516,0.1388
802,710,1512,0.1388
803,710,1513,0.1388
798,705,1503,0.1388
800,707,1507,0.1388
808,703,1511,0.1388
801,709,1510,0.1388
801,712,1513,0.1388
795,709,1504,0.1388
796,707,1503,0.1388
793,708,1501,0.1388
788,717,1505,0.1388
793,710,1503,0.1388
791,717,1508,0.1388
792,716,1508,0.1388
789,713,1502,0.1388
795,710,1505,0.1388
784,719,1503,0.1388
781,718,1499,0.1388
786,721,1507,0.1388
797,717,1514,0.1388
798,724,1522,0.1388
789,720,1509,0.1388
797,718,1515,0.1388
799,704,1503,0.1388
812,716,1528,0.1388
798,714,1512,0.1388
797,711,1508,0.1388
789,714,1503,0.1388
788,711,1499,0.1388
788,711,1499,0.1388
790,703,1493,0.1388
780,696,1476,0.1388
780,703,1483,0.1388
783,709,1492,0.1388
794,703,1497,0.1388
786,708,1494,0.1388
783,716,1499,0.1388
790,726,1516,0.1388
794,721,1515,0.1388
793,724,1517,0.1388
794,731,1525,0.1388
784,729,1513,0.1388
782,736,1518,0.1388
771,733,1504,0.1388
786,728,1514,0.1388
791,734,1525,0.1388
784,720,1504,0.1388
785,711,1496,0.1388
791,708,1499,0.1388
788,712,1500,0.1388
789,717,1506,0.1388
782,716,1498,0.1388
778,720,1498,0.1388
777,735,1512,0.1388
772,727,1499,0.1388
769,735,1504,0.1388
778,734,1512,0.1388
779,737,1516,0.1388
775,728,1503,0.1388
772,735,1507,0.1388
764,733,1497,0.1388
767,726,1493,0.1388
763,725,1488,0.1388
757,722,1479,0.1388
769,723,1492,0.1388
776,732,1508,0.1388
781,736,1517,0.1388
784,738,1522,0.1388
785,732,1517,0.1388
783,738,1521,0.1388
789,743,1532,0.1388
791,738,1529,0.1388
790,736,1526,0.1388
787,733,1520,0.1388
784,735,1519,0.1388
783,735,1518,0.1388
780,727,1507,0.1388
783,718,1501,0.1388
774,723,1497,0.1388
774,725,1499,0.1388
783,716,1499,0.1388
781,712,1493,0.1388
787,717,1504,0.1388
792,729,1521,0.1388
781,732,1513,0.1388
771,723,1494,0.1388
774,727,1501,0.1388
781,723,1504,0.1388
785,726,1511,0.1388
781,720,1501,0.1388
786,718,1504,0.1388
777,724,1501,0.1388
776,734,1510,0.1388
781,733,1514,0.1388
790,723,1513,0.1388
782,719,1501,0.1388
779,721,1500,0.1388
780,729,1509,0.1388
784,727,1511,0.1388
772,725,1497,0.1388
761,721,1482,0.1388
761,726,1487,0.1388
766,721,1487,0.1388
769,730,1499,0.1388
774,730,1504,0.1388
768,732,1500,0.1388
758,727,1485,0.1388
758,738,1496,0.1388
768,736,1504,0.1388
764,731,1495,0.1388
760,728,1488,0.1388
767,743,1510,0.1388
768,737,1505,0.1388
756,751,1507,0.1388
752,754,1506,0.1388
746,763,1509,0.1388
746,763,1509,0.1388
731,762,1493,0.1388
738,771,1509,0.1388
741,767,1508,0.1388
736,754,1490,0.1388
742,757,1499,0.1388
744,773,1517,0.1388
738,761,1499,0.1388
731,759,1490,0.1388
729,760,1489,0.1388
730,762,1492,0.1388
735,774,1509,0.1388
745,774,1519,0.1388
744,771,1515,0.1388
744,767,1511,0.1388
744,770,1514,0.1388
735,770,1505,0.1388
729,764,1493,0.1388
728,758,1486,0.1388
729,765,1494,0.1388
736,764,1500,0.1388
730,777,1507,0.1388
728,773,1501,0.1388
718,779,1497,0.1388
723,781,1504,0.1388
727,779,1506,0.1388
729,783,1512,0.1388
721,794,1515,0.1388
725,794,1519,0.1388
721,795,1516,0.1388
721,792,1513,0.1388
713,783,1496,0.1388
716,804,1520,0.1388
720,800,1520,0.1388
718,799,1517,0.1388
718,796,1514,0.1388
712,796,1508,0.1388
719,798,1517,0.1388
714,802,1516,0.1388
716,796,1512,0.1388
715,787,1502,0.1388
720,789,1509,0.1388
717,785,1502,0.1388
716,781,1497,0.1388
716,792,1508,0.1388
713,791,1504,0.1388
713,793,1506,0.1388
716,798,1514,0.1388
721,799,1520,0.1388
717,791,1508,0.1388
716,786,1502,0.1388
707,792,1499,0.1388
709,796,1505,0.1388
700,802,1502,0.1388
697,811,1508,0.1388
696,803,1499,0.1388
694,796,1490,0.1388
697,803,1500,0.1388
706,806,1512,0.1388
706,816,1522,0.1388
700,812,1512,0.1388
697,809,1506,0.1388
690,817,1507,0.1388
692,817,1509,0.1388
700,807,1507,0.1388
695,812,1507,0.1388
683,812,1495,0.1388
692,820,1512,0.1388
687,813,1500,0.1388
685,823,1508,0.1388
677,824,1501,0.1388
680,823,1503,0.1388
667,833,1500,0.1388
671,834,1505,0.1388
662,825,1487,0.1388
670,825,1495,0.1388
665,827,1492,0.1388
664,818,1482,0.1388
675,824,1499,0.1388
677,817,1494,0.1388
676,832,1508,0.1388
676,828,1504,0.1388
682,814,1496,0.1388
676,815,1491,0.1388
685,821,1506,0.1388
680,824,1504,0.1388
678,825,1503,0.1388
680,820,1500,0.1388
674,816,1490,0.1388
679,821,1500,0.1388
676,821,1497,0.1388
672,821,1493,0.1388
671,817,1488,0.1388
670,811,1481,0.1388
671,817,1488,0.1388
677,814,1491,0.1388
681,821,1502,0.1388
674,825,1499,0.1388
673,826,1499,0.1388
677,821,1498,0.1388
681,826,1507,0.1388
676,824,1500,0.1388
669,825,1494,0.1388
671,837,1508,0.1388
671,836,1507,0.1388
674,849,1523,0.1388
678,837,1515,0.1388
665,835,1500,0.1388
665,831,1496,0.1388
662,845,1507,0.1388
656,855,1511,0.1388
663,853,1516,0.1388
665,857,1522,0.1388
667,852,1519,0.1388
669,849,1518,0.1388
670,841,1511,0.1388
661,843,1504,0.1388
657,846,1503,0.1388
657,850,1507,0.1388
664,843,1507,0.1388
656,841,1497,0.1388
650,838,1488,0.1388
654,843,1497,0.1388
658,848,1506,0.1388
657,848,1505,0.1388
654,848,1502,0.1388
648,850,1498,0.1388
655,842,1497,0.1388
652,845,1497,0.1388
655,849,1504,0.1388
658,856,1514,0.1388
653,859,1512,0.1388
650,857,1507,0.1388
653,845,1498,0.1388
660,833,1493,0.1388
661,839,1500,0.1388
662,843,1505,0.1388
658,856,1514,0.1388
653,862,1515,0.1388
647,859,1506,0.1388
639,857,1496,0.1388
640,862,1502,0.1388
646,869,1515,0.1388
644,866,1510,0.1388
637,867,1504,0.1388
635,867,1502,0.1388
627,865,1492,0.1388
622,870,1492,0.1388
625,875,1500,0.1388
631,873,1504,0.1388
627,871,1498,0.1388
632,877,1509,0.1388
646,883,1529,0.1388
651,869,1520,0.1388
651,864,1515,0.1388
644,870,1514,0.1388
641,879,1520,0.1388
637,880,1517,0.1388
641,877,1518,0.1388
635,880,1515,0.1388
643,874,1517,0.1388
652,870,1522,0.1388
654,880,1534,0.1388
649,877,1526,0.1388
646,876,1522,0.1388
644,880,1524,0.1388
632,884,1516,0.1388
632,876,1508,0.1388
636,890,1526,0.1388
629,882,1511,0.1388
629,881,1510,0.1388
624,880,1504,0.1388
618,886,1504,0.1388
628,898,1526,0.1388
627,891,1518,0.1388
621,886,1507,0.1388
623,894,1517,0.1388
618,891,1509,0.1388
617,895,1512,0.1388
613,885,1498,0.1388
612,886,1498,0.1388
614,894,1508,0.1388
620,891,1511,0.1388
621,899,1520,0.1388
618,900,1518,0.1388
605,894,1499,0.1388
610,892,1502,0.1388
624,881,1505,0.1388
618,872,1490,0.1388
622,876,1498,0.1388
620,881,1501,0.1388
628,886,1514,0.1388
622,891,1513,0.1388
615,903,1518,0.1388
616,899,1515,0.1388
605,906,1511,0.1388
611,909,1520,0.1388
614,903,1517,0.1388
605,909,1514,0.1388
608,905,1513,0.1388
607,919,1526,0.1388
597,924,1521,0.1388
594,925,1519,0.1388
595,913,1508,0.1388
594,910,1504,0.1388
594,916,1510,0.1388
590,912,1502,0.1388
595,920,1515,0.1388
600,917,1517,0.1388
587,906,1493,0.1388
583,905,1488,0.1388
581,909,1490,0.1388
579,919,1498,0.1388
576,916,1492,0.1388
572,914,1486,0.1388
576,904,1480,0.1388
579,906,1485,0.1388
580,904,1484,0.1388
590,904,1494,0.1388
592,914,1506,0.1388
590,903,1493,0.1388
587,900,1487,0.1388
582,908,1490,0.1388
582,921,1503,0.1388
580,925,1505,0.1388
579,926,1505,0.1388
583,927,1510,0.1388
576,930,1506,0.1388
574,941,1515,0.1388
580,939,1519,0.1388
578,938,1516,0.1388
574,939,1513,0.1388
581,940,1521,0.1388
586,941,1527,0.1388
585,936,1521,0.1388
579,943,1522,0.1388
585,952,1537,0.1388
586,935,1521,0.1388
585,940,1525,0.1388
584,943,1527,0.1388
582,944,1526,0.1388
576,940,1516,0.1388
576,950,1526,0.1388
572,955,1527,0.1388
574,952,1526,0.1388
571,953,1524,0.1388
570,953,1523,0.1388
567,951,1518,0.1388
575,946,1521,0.1388
568,941,1509,0.1388
561,956,1517,0.1388
559,959,1518,0.1388
559,959,1518,0.1388
556,958,1514,0.1388
565,945,1510,0.1388
560,952,1512,0.1388
557,955,1512,0.1388
558,956,1514,0.1388
553,957,1510,0.1388
555,964,1519,0.1388
543,966,1509,0.1388
546,965,1511,0.1388
544,973,1517,0.1388
541,975,1516,0.1388
541,970,1511,0.1388
545,965,1510,0.1388
546,968,1514,0.1388
545,966,1511,0.1388
543,968,1511,0.1388
538,967,1505,0.1388
532,970,1502,0.1388
532,966,1498,0.1388
532,962,1494,0.1388
534,964,1498,0.1388
545,966,1511,0.1388
541,969,1510,0.1388
538,972,1510,0.1388
540,961,1501,0.1388
538,973,1511,0.1388
534,978,1512,0.1388
534,978,1512,0.1388
534,979,1513,0.1388
531,984,1515,0.1388
523,980,1503,0.1388
530,984,1514,0.1388
535,987,1522,0.1388
530,990,1520,0.1388
529,983,1512,0.1388
525,980,1505,0.1388
519,983,1502,0.1388
519,988,1507,0.1388
523,989,1512,0.1388
516,987,1503,0.1388
514,997,1511,0.1388
515,999,1514,0.1388
512,1007,1519,0.1388
517,998,1515,0.1388
523,1001,1524,0.1388
519,998,1517,0.1388
518,986,1504,0.1388
514,986,1500,0.1388
514,981,1495,0.1388
508,992,1500,0.1388
503,988,1491,0.1388
508,1003,1511,0.1388
509,1011,1520,0.1388
506,1011,1517,0.1388
498,1011,1509,0.1388
505,1016,1521,0.1388
501,1020,1521,0.1388
499,1021,1520,0.1388
500,1023,1523,0.1388
508,1004,1512,0.1388
505,1010,1515,0.1388
510,996,1506,0.1388
505,994,1499,0.1388
499,1000,1499,0.1388
506,1003,1509,0.1388
508,1000,1508,0.1388
498,1009,1507,0.1388
486,1018,1504,0.1388
487,1014,1501,0.1388
493,1021,1514,0.1388
488,1017,1505,0.1388
490,1009,1499,0.1388
493,1014,1507,0.1388
492,1022,1514,0.1388
494,1017,1511,0.1388
502,1018,1520,0.1388
496,1025,1521,0.1388
505,1028,1533,0.1388
499,1015,1514,0.1388
491,1021,1512,0.1388
491,1009,1500,0.1388
488,1025,1513,0.1388
486,1017,1503,0.1388
494,1025,1519,0.1388
493,1015,1508,0.1388
493,1017,1510,0.1388
489,1026,1515,0.1388
486,1032,1518,0.1388
489,1029,1518,0.1388
488,1030,1518,0.1388
486,1032,1518,0.1388
481,1032,1513,0.1388
479,1040,1519,0.1388
480,1035,1515,0.1388
476,1037,1513,0.1388
474,1036,1510,0.1388
470,1034,1504,0.1388
478,1028,1506,0.1388
474,1028,1502,0.1388
472,1044,1516,0.1388
467,1037,1504,0.1388
473,1042,1515,0.1388
470,1041,1511,0.1388
474,1035,1509,0.1388
477,1029,1506,0.1388
466,1042,1508,0.1388
476,1040,1516,0.1388
478,1040,1518,0.1388
472,1036,1508,0.1388
477,1041,1518,0.1388
474,1035,1509,0.1388
475,1037,1512,0.1388
477,1044,1521,0.1388
477,1046,1523,0.1388
478,1035,1513,0.1388
480,1035,1515,0.1388
481,1027,1508,0.1388
476,1036,1512,0.1388
472,1035,1507,0.1388
471,1022,1493,0.1388
467,1032,1499,0.1388
476,1040,1516,0.1388
481,1038,1519,0.1388
483,1039,1522,0.1388
479,1041,1520,0.1388
479,1026,1505,0.1388
480,1017,1497,0.1388
474,1022,1496,0.1388
478,1037,1515,0.1388
479,1041,1520,0.1388
474,1037,1511,0.1388
471,1045,1516,0.1388
474,1038,1512,0.1388
465,1042,1507,0.1388
459,1052,1511,0.1388
463,1055,1518,0.1388
455,1052,1507,0.1388
466,1046,1512,0.1388
471,1053,1524,0.1388
468,1049,1517,0.1388
468,1054,1522,0.1388
468,1056,1524,0.1388
464,1045,1509,0.1388
455,1038,1493,0.1388
456,1053,1509,0.1388
452,1039,1491,0.1388
455,1046,1501,0.1388
456,1050,1506,0.1388
452,1067,1519,0.1388
447,1072,1519,0.1388
450,1061,1511,0.1388
445,1061,1506,0.1388
449,1057,1506,0.1388
449,1062,1511,0.1388
449,1076,1525,0.1388
448,1073,1521,0.1388
437,1072,1509,0.1388
440,1067,1507,0.1388
437,1066,1503,0.1388
431,1061,1492,0.1388
433,1055,1488,0.1388
432,1057,1489,0.1388
434,1070,1504,0.1388
434,1066,1500,0.1388
432,1068,1500,0.1388
433,1074,1507,0.1388
433,1070,1503,0.1388
431,1066,1497,0.1388
436,1068,1504,0.1388
438,1066,1504,0.1388
439,1061,1500,0.1388
435,1077,1512,0.1388
435,1076,1511,0.1388
434,1072,1506,0.1388
437,1069,1506,0.1388
447,1069,1516,0.1388
438,1073,1511,0.1388
438,1073,1511,0.1388
436,1074,1510,0.1388
435,1076,1511,0.1388
436,1074,1510,0.1388
435,1071,1506,0.1388
429,1068,1497,0.1388
434,1070,1504,0.1388
435,1069,1504,0.1388
431,1073,1504,0.1388
434,1081,1515,0.1388
435,1079,1514,0.1388
436,1077,1513,0.1388
430,1075,1505,0.1388
423,1065,1488,0.1388
418,1079,1497,0.1388
416,1084,1500,0.1388
420,1094,1514,0.1388
431,1086,1517,0.1388
430,1097,1527,0.1388
424,1104,1528,0.1388
426,1094,1520,0.1388
423,1097,1520,0.1388
428,1078,1506,0.1388
428,1086,1514,0.1388
432,1088,1520,0.1388
424,1087,1511,0.1388
421,1105,1526,0.1388
423,1100,1523,0.1388
420,1092,1512,0.1388
415,1091,1506,0.1388
418,1091,1509,0.1388
416,1097,1513,0.1388
419,1098,1517,0.1388
416,1082,1498,0.1388
422,1094,1516,0.1388
428,1096,1524,0.1388
417,1092,1509,0.1388
414,1093,1507,0.1388
415,1105,1520,0.1388
409,1098,1507,0.1388
420,1089,1509,0.1388
412,1083,1495,0.1388
414,1080,1494,0.1388
423,1089,1512,0.1388
418,1106,1524,0.1388
417,1101,1518,0.1388
413,1093,1506,0.1388
408,1087,1495,0.1388
411,1094,1505,0.1388
411,1092,1503,0.1388
405,1098,1503,0.1388
402,1093,1495,0.1388
401,1101,1502,0.1388
404,1106,1510,0.1388
402,1113,1515,0.1388
398,1109,1507,0.1388
403,1106,1509,0.1388
404,1087,1491,0.1388
403,1093,1496,0.1388
406,1098,1504,0.1388
408,1101,1509,0.1388
404,1102,1506,0.1388
402,1104,1506,0.1388
399,1108,1507,0.1388
406,1101,1507,0.1388
406,1114,1520,0.1388
413,1114,1527,0.1388
410,1106,1516,0.1388
402,1098,1500,0.1388
399,1101,1500,0.1388
401,1092,1493,0.1388
406,1109,1515,0.1388
404,1120,1524,0.1388
405,1116,1521,0.1388
405,1110,1515,0.1388
402,1119,1521,0.1388
397,1116,1513,0.1388
390,1109,1499,0.1388
395,1106,1501,0.1388
395,1101,1496,0.1388
399,1100,1499,0.1388
405,1109,1514,0.1388
403,1102,1505,0.1388
397,1118,1515,0.1388
393,1118,1511,0.1388
395,1118,1513,0.1388
396,1113,1509,0.1388
393,1106,1499,0.1388
398,1118,1516,0.1388
404,1116,1520,0.1388
400,1124,1524,0.1388
394,1118,1512,0.1388
387,1123,1510,0.1388
386,1125,1511,0.1388
388,1122,1510,0.1388
391,1122,1513,0.1388
385,1113,1498,0.1388
389,1132,1521,0.1388
387,1132,1519,0.1388
386,1131,1517,0.1388
387,1139,1526,0.1388
380,1135,1515,0.1388
375,1141,1516,0.1388
384,1144,1528,0.1388
383,1146,1529,0.1388
385,1158,1543,0.1388
382,1153,1535,0.1388
381,1145,1526,0.1388
375,1144,1519,0.1388
373,1150,1523,0.1388
366,1150,1516,0.1388
364,1156,1520,0.1388
363,1155,1518,0.1388
365,1149,1514,0.1388
361,1151,1512,0.1388
357,1157,1514,0.1388
356,1173,1529,0.1388
356,1176,1532,0.1388
358,1174,1532,0.1388
354,1172,1526,0.1388
353,1161,1514,0.1388
351,1163,1514,0.1388
345,1169,1514,0.1388
347,1156,1503,0.1388
348,1159,1507,0.1388
352,1165,1517,0.1388
351,1175,1526,0.1388
344,1166,1510,0.1388
343,1173,1516,0.1388
346,1161,1507,0.1388
347,1160,1507,0.1388
343,1162,1505,0.1388
348,1158,1506,0.1388
351,1163,1514,0.1388
351,1163,1514,0.1388
353,1169,1522,0.1388
348,1181,1529,0.1388
345,1165,1510,0.1388
351,1175,1526,0.1388
349,1166,1515,0.1388
341,1170,1511,0.1388
336,1175,1511,0.1388
338,1176,1514,0.1388
341,1178,1519,0.1388
344,1177,1521,0.1388
339,1186,1525,0.1388
335,1179,1514,0.1388
334,1181,1515,0.1388
333,1171,1504,0.1388
327,1191,1518,0.1388
324,1183,1507,0.1388
320,1182,1502,0.1388
323,1178,1501,0.1388
318,1184,1502,0.1388
314,1197,1511,0.1388
321,1197,1518,0.1388
322,1197,1519,0.1388
320,1186,1506,0.1388
315,1202,1517,0.1388
310,1204,1514,0.1388
313,1202,1515,0.1388
307,1195,1502,0.1388
305,1191,1496,0.1388
299,1202,1501,0.1388
303,1201,1504,0.1388
313,1205,1518,0.1388
311,1205,1516,0.1388
309,1201,1510,0.1388
306,1213,1519,0.1388
309,1214,1523,0.1388
307,1211,1518,0.1388
303,1212,1515,0.1388
301,1213,1514,0.1388
295,1206,1501,0.1388
291,1213,1504,0.1388
294,1225,1519,0.1388
295,1224,1519,0.1388
292,1219,1511,0.1388
288,1226,1514,0.1388
285,1230,1515,0.1388
291,1230,1521,0.1388
289,1222,1511,0.1388
281,1221,1502,0.1388
284,1234,1518,0.1388
286,1228,1514,0.1388
285,1227,1512,0.1388
286,1235,1521,0.1388
288,1242,1530,0.1388
289,1234,1523,0.1388
288,1224,1512,0.1388
285,1223,1508,0.1388
283,1241,1524,0.1388
286,1243,1529,0.1388
285,1238,1523,0.1388
286,1231,1517,0.1388
291,1222,1513,0.1388
287,1234,1521,0.1388
288,1240,1528,0.1388
285,1237,1522,0.1388
288,1233,1521,0.1388
284,1224,1508,0.1388
280,1227,1507,0.1388
283,1224,1507,0.1388
282,1214,1496,0.1388
283,1225,1508,0.1388
285,1224,1509,0.1388
283,1224,1507,0.1388
287,1232,1519,0.1388
283,1231,1514,0.1388
285,1223,1508,0.1388
286,1230,1516,0.1388
282,1223,1505,0.1388
286,1234,1520,0.1388
287,1229,1516,0.1388
282,1227,1509,0.1388
279,1230,1509,0.1388
280,1232,1512,0.1388
280,1226,1506,0.1388
281,1243,1524,0.1388
284,1255,1539,0.1388
285,1234,1519,0.1388
281,1232,1513,0.1388
284,1231,1515,0.1388
281,1231,1512,0.1388
277,1236,1513,0.1388
279,1241,1520,0.1388
279,1236,1515,0.1388
276,1229,1505,0.1388
271,1221,1492,0.1388
272,1232,1504,0.1388
271,1234,1505,0.1388
272,1241,1513,0.1388
267,1236,1503,0.1388
268,1233,1501,0.1388
271,1245,1516,0.1388
266,1253,1519,0.1388
266,1239,1505,0.1388
267,1253,1520,0.1388
266,1255,1521,0.1388
264,1257,1521,0.1388
261,1255,1516,0.1388
260,1241,1501,0.1388
254,1252,1506,0.1388
256,1252,1508,0.1388
255,1244,1499,0.1388
259,1248,1507,0.1388
262,1248,1510,0.1388
258,1250,1508,0.1388
259,1249,1508,0.1388
250,1248,1498,0.1388
252,1251,1503,0.1388
256,1260,1516,0.1388
254,1268,1522,0.1388
259,1252,1511,0.1388
255,1263,1518,0.1388
258,1256,1514,0.1388
264,1250,1514,0.1388
264,1245,1509,0.1388
271,1239,1510,0.1388
273,1249,1522,0.1388
273,1248,1521,0.1388
269,1252,1521,0.1388
265,1244,1509,0.1388
259,1259,1518,0.1388
261,1263,1524,0.1388
257,1267,1524,0.1388
253,1269,1522,0.1388
253,1262,1515,0.1388
248,1264,1512,0.1388
252,1254,1506,0.1388
244,1263,1507,0.1388
248,1261,1509,0.1388
249,1256,1505,0.1388
244,1253,1497,0.1388
248,1269,1517,0.1388
253,1261,1514,0.1388
250,1256,1506,0.1388
250,1252,1502,0.1388
248,1244,1492,0.1388
246,1238,1484,0.1388
247,1262,1509,0.1388
242,1267,1509,0.1388
246,1273,1519,0.1388
242,1258,1500,0.1388
246,1266,1512,0.1388
241,1266,1507,0.1388
243,1280,1523,0.1388
238,1273,1511,0.1388
238,1285,1523,0.1388
239,1273,1512,0.1388
241,1290,1531,0.1388
244,1285,1529,0.1388
243,1284,1527,0.1388
245,1292,1537,0.1388
239,1285,1524,0.1388
237,1280,1517,0.1388
235,1289,1524,0.1388
231,1277,1508,0.1388
233,1276,1509,0.1388
235,1271,1506,0.1388
232,1279,1511,0.1388
233,1285,1518,0.1388
235,1279,1514,0.1388
234,1281,1515,0.1388
238,1278,1516,0.1388
236,1283,1519,0.1388
235,1277,1512,0.1388
238,1290,1528,0.1388
238,1290,1528,0.1388
236,1296,1532,0.1388
236,1289,1525,0.1388
236,1292,1528,0.1388
237,1274,1511,0.1388
241,1277,1518,0.1388
241,1277,1518,0.1388
235,1274,1509,0.1388
233,1271,1504,0.1388
237,1268,1505,0.1388
240,1274,1514,0.1388
244,1276,1520,0.1388
244,1272,1516,0.1388
240,1273,1513,0.1388
231,1263,1494,0.1388
228,1279,1507,0.1388
226,1288,1514,0.1388
226,1283,1509,0.1388
225,1283,1508,0.1388
228,1284,1512,0.1388
220,1296,1516,0.1388
219,1292,1511,0.1388
218,1305,1523,0.1388
217,1305,1522,0.1388
215,1302,1517,0.1388
218,1296,1514,0.1388
220,1295,1515,0.1388
216,1307,1523,0.1388
220,1306,1526,0.1388
219,1305,1524,0.1388
220,1295,1515,0.1388
215,1298,1513,0.1388
215,1295,1510,0.1388
214,1292,1506,0.1388
211,1299,1510,0.1388
208,1307,1515,0.1388
207,1301,1508,0.1388
208,1303,1511,0.1388
213,1311,1524,0.1388
211,1299,1510,0.1388
211,1292,1503,0.1388
214,1292,1506,0.1388
210,1287,1497,0.1388
215,1293,1508,0.1388
211,1291,1502,0.1388
215,1292,1507,0.1388
216,1307,1523,0.1388
220,1298,1518,0.1388
217,1292,1509,0.1388
213,1290,1503,0.1388
210,1289,1499,0.1388
213,1291,1504,0.1388
215,1289,1504,0.1388
216,1279,1495,0.1388
218,1285,1503,0.1388
222,1295,1517,0.1388
221,1287,1508,0.1388
221,1297,1518,0.1388
222,1304,1526,0.1388
220,1306,1526,0.1388
216,1306,1522,0.1388
216,1298,1514,0.1388
216,1296,1512,0.1388
215,1301,1516,0.1388
219,1291,1510,0.1388
226,1289,1515,0.1388
223,1289,1512,0.1388
223,1301,1524,0.1388
221,1291,1512,0.1388
217,1285,1502,0.1388
222,1290,1512,0.1388
218,1286,1504,0.1388
218,1292,1510,0.1388
221,1295,1516,0.1388
215,1295,1510,0.1388
216,1308,1524,0.1388
217,1309,1526,0.1388
220,1307,1527,0.1388
218,1305,1523,0.1388
218,1293,1511,0.1388
219,1288,1507,0.1388
221,1288,1509,0.1388
224,1285,1509,0.1388
219,1297,1516,0.1388
221,1290,1511,0.1388
224,1289,1513,0.1388
226,1298,1524,0.1388
225,1280,1505,0.1388
226,1289,1515,0.1388
225,1288,1513,0.1388
225,1298,1523,0.1388
224,1295,1519,0.1388
224,1289,1513,0.1388
227,1284,1511,0.1388
220,1290,1510,0.1388
223,1282,1505,0.1388
227,1293,1520,0.1388
227,1292,1519,0.1388
225,1295,1520,0.1388
223,1297,1520,0.1388
224,1296,1520,0.1388
220,1292,1512,0.1388
223,1285,1508,0.1388
227,1293,1520,0.1388
222,1275,1497,0.1388
220,1287,1507,0.1388
219,1287,1506,0.1388
220,1284,1504,0.1388
218,1291,1509,0.1388
216,1299,1515,0.1388
213,1305,1518,0.1388
209,1319,1528,0.1388
215,1321,1536,0.1388
214,1327,1541,0.1388
211,1310,1521,0.1388
209,1308,1517,0.1388
206,1309,1515,0.1388
210,1297,1507,0.1388
211,1299,1510,0.1388
209,1306,1515,0.1388
205,1305,1510,0.1388
205,1312,1517,0.1388
203,1294,1497,0.1388
199,1306,1505,0.1388
196,1304,1500,0.1388
197,1307,1504,0.1388
197,1313,1510,0.1388
195,1301,1496,0.1388
197,1305,1502,0.1388
196,1315,1511,0.1388
190,1318,1508,0.1388
193,1310,1503,0.1388
195,1314,1509,0.1388
196,1313,1509,0.1388
199,1308,1507,0.1388
202,1306,1508,0.1388
201,1313,1514,0.1388
204,1311,1515,0.1388
202,1298,1500,0.1388
197,1313,1510,0.1388
202,1312,1514,0.1388
204,1318,1522,0.1388
201,1326,1527,0.1388
200,1330,1530,0.1388
200,1328,1528,0.1388
198,1320,1518,0.1388
198,1326,1524,0.1388
201,1330,1531,0.1388
203,1338,1541,0.1388
204,1324,1528,0.1388
203,1319,1522,0.1388
202,1299,1501,0.1388
203,1306,1509,0.1388
200,1309,1509,0.1388
197,1315,1512,0.1388
190,1328,1518,0.1388
192,1322,1514,0.1388
192,1334,1526,0.1388
188,1334,1522,0.1388
182,1334,1516,0.1388
184,1333,1517,0.1388
185,1323,1508,0.1388
185,1325,1510,0.1388
191,1339,1530,0.1388
190,1345,1535,0.1388
188,1346,1534,0.1388
186,1338,1524,0.1388
183,1333,1516,0.1388
181,1341,1522,0.1388
181,1332,1513,0.1388
181,1331,1512,0.1388
173,1335,1508,0.1388
174,1348,1522,0.1388
172,1348,1520,0.1388
173,1348,1521,0.1388
173,1348,1521,0.1388
175,1334,1509,0.1388
177,1330,1507,0.1388
175,1325,1500,0.1388
183,1348,1531,0.1388
180,1334,1514,0.1388
177,1339,1516,0.1388
171,1322,1493,0.1388
176,1318,1494,0.1388
174,1326,1500,0.1388
173,1337,1510,0.1388
174,1337,1511,0.1388
170,1338,1508,0.1388
174,1334,1508,0.1388
171,1337,1508,0.1388
177,1330,1507,0.1388
179,1336,1515,0.1388
178,1330,1508,0.1388
177,1336,1513,0.1388
176,1350,1526,0.1388
177,1342,1519,0.1388
173,1349,1522,0.1388
174,1346,1520,0.1388
175,1362,1537,0.1388
173,1362,1535,0.1388
167,1354,1521,0.1388
174,1350,1524,0.1388
172,1356,1528,0.1388
169,1340,1509,0.1388
167,1332,1499,0.1388
170,1338,1508,0.1388
164,1347,1511,0.1388
169,1347,1516,0.1388
170,1334,1504,0.1388
174,1338,1512,0.1388
173,1335,1508,0.1388
166,1337,1503,0.1388
172,1347,1519,0.1388
170,1354,1524,0.1388
170,1356,1526,0.1388
163,1357,1520,0.1388
162,1354,1516,0.1388
160,1356,1516,0.1388
161,1357,1518,0.1388
160,1352,1512,0.1388
163,1357,1520,0.1388
154,1349,1503,0.1388
155,1350,1505,0.1388
160,1346,1506,0.1388
161,1345,1506,0.1388
160,1359,1519,0.1388
159,1359,1518,0.1388
161,1342,1503,0.1388
161,1353,1514,0.1388
160,1349,1509,0.1388
161,1360,1521,0.1388
161,1363,1524,0.1388
158,1365,1523,0.1388
157,1357,1514,0.1388
158,1349,1507,0.1388
157,1342,1499,0.1388
157,1347,1504,0.1388
155,1359,1514,0.1388
152,1361,1513,0.1388
155,1359,1514,0.1388
161,1359,1520,0.1388
163,1356,1519,0.1388
160,1349,1509,0.1388
162,1352,1514,0.1388
165,1352,1517,0.1388
164,1348,1512,0.1388
166,1340,1506,0.1388
167,1342,1509,0.1388
167,1351,1518,0.1388
166,1341,1507,0.1388
168,1339,1507,0.1388
169,1331,1500,0.1388
164,1340,1504,0.1388
162,1337,1499,0.1388
166,1329,1495,0.1388
163,1337,1500,0.1388
162,1341,1503,0.1388
159,1345,1504,0.1388
164,1337,1501,0.1388
167,1337,1504,0.1388
158,1333,1491,0.1388
159,1342,1501,0.1388
160,1341,1501,0.1388
164,1352,1516,0.1388
158,1348,1506,0.1388
155,1346,1501,0.1388
155,1360,1515,0.1388
152,1366,1518,0.1388
150,1368,1518,0.1388
155,1360,1515,0.1388
150,1380,1530,0.1388
152,1372,1524,0.1388
150,1366,1516,0.1388
152,1350,1502,0.1388
152,1357,1509,0.1388
151,1376,1527,0.1388
149,1367,1516,0.1388
147,1357,1504,0.1388
151,1359,1510,0.1388
150,1371,1521,0.1388
151,1356,1507,0.1388
151,1360,1511,0.1388
148,1366,1514,0.1388
149,1365,1514,0.1388
149,1370,1519,0.1388
149,1372,1521,0.1388
151,1362,1513,0.1388
147,1360,1507,0.1388
143,1363,1506,0.1388
140,1366,1506,0.1388
137,1359,1496,0.1388
142,1367,1509,0.1388
141,1379,1520,0.1388
142,1383,1525,0.1388
142,1376,1518,0.1388
138,1361,1499,0.1388
139,1368,1507,0.1388
141,1374,1515,0.1388
139,1372,1511,0.1388
139,1373,1512,0.1388
138,1377,1515,0.1388
140,1369,1509,0.1388
140,1386,1526,0.1388
140,1381,1521,0.1388
137,1372,1509,0.1388
137,1372,1509,0.1388
140,1371,1511,0.1388
140,1377,1517,0.1388
139,1357,1496,0.1388
138,1372,1510,0.1388
136,1383,1519,0.1388
140,1381,1521,0.1388
137,1377,1514,0.1388
139,1373,1512,0.1388
136,1374,1510,0.1388
143,1377,1520,0.1388
144,1364,1508,0.1388
141,1359,1500,0.1388
141,1382,1523,0.1388
143,1372,1515,0.1388
145,1373,1518,0.1388
148,1371,1519,0.1388
142,1372,1514,0.1388
139,1372,1511,0.1388
141,1367,1508,0.1388
144,1362,1506,0.1388
145,1361,1506,0.1388
141,1363,1504,0.1388
140,1374,1514,0.1388
144,1371,1515,0.1388
146,1366,1512,0.1388
144,1372,1516,0.1388
141,1388,1529,0.1388
139,1385,1524,0.1388
137,1383,1520,0.1388
139,1386,1525,0.1388
139,1376,1515,0.1388
136,1375,1511,0.1388
136,1362,1498,0.1388
137,1364,1501,0.1388
137,1366,1503,0.1388
141,1362,1503,0.1388
145,1349,1494,0.1388
144,1362,1506,0.1388
145,1379,1524,0.1388
143,1384,1527,0.1388
142,1387,1529,0.1388
142,1382,1524,0.1388
141,1387,1528,0.1388
143,1387,1530,0.1388
141,1394,1535,0.1388
142,1375,1517,0.1388
142,1377,1519,0.1388
145,1371,1516,0.1388
147,1362,1509,0.1388
147,1365,1512,0.1388
146,1364,1510,0.1388
145,1383,1528,0.1388
143,1383,1526,0.1388
143,1382,1525,0.1388
142,1383,1525,0.1388
141,1371,1512,0.1388
142,1362,1504,0.1388
139,1352,1491,0.1388
136,1351,1487,0.1388
138,1358,1496,0.1388
139,1357,1496,0.1388
141,1369,1510,0.1388
138,1376,1514,0.1388
141,1377,1518,0.1388
140,1384,1524,0.1388
136,1388,1524,0.1388
135,1381,1516,0.1388
135,1372,1507,0.1388
133,1375,1508,0.1388
135,1378,1513,0.1388
133,1379,1512,0.1388
131,1384,1515,0.1388
133,1378,1511,0.1388
130,1360,1490,0.1388
132,1376,1508,0.1388
132,1387,1519,0.1388
135,1383,1518,0.1388
133,1379,1512,0.1388
132,1380,1512,0.1388
129,1375,1504,0.1388
130,1369,1499,0.1388
132,1372,1504,0.1388
131,1378,1509,0.1388
137,1370,1507,0.1388
138,1380,1518,0.1388
135,1380,1515,0.1388
133,1379,1512,0.1388
131,1365,1496,0.1388
131,1375,1506,0.1388
135,1368,1503,0.1388
132,1380,1512,0.1388
134,1376,1510,0.1388
135,1376,1511,0.1388
133,1374,1507,0.1388
135,1370,1505,0.1388
131,1377,1508,0.1388
133,1375,1508,0.1388
133,1379,1512,0.1388
133,1380,1513,0.1388
137,1363,1500,0.1388
136,1375,1511,0.1388
136,1375,1511,0.1388
138,1380,1518,0.1388
135,1379,1514,0.1388
137,1381,1518,0.1388
135,1394,1529,0.1388
137,1397,1534,0.1388
138,1393,1531,0.1388
137,1386,1523,0.1388
135,1380,1515,0.1388
134,1384,1518,0.1388
132,1392,1524,0.1388
133,1397,1530,0.1388
132,1390,1522,0.1388
136,1384,1520,0.1388
134,1383,1517,0.1388
129,1369,1498,0.1388
131,1377,1508,0.1388
131,1380,1511,0.1388
131,1372,1503,0.1388
128,1375,1503,0.1388
129,1377,1506,0.1388
130,1367,1497,0.1388
126,1380,1506,0.1388
125,1384,1509,0.1388
127,1394,1521,0.1388
126,1391,1517,0.1388
125,1390,1515,0.1388
129,1387,1516,0.1388
125,1391,1516,0.1388
123,1393,1516,0.1388
125,1392,1517,0.1388
125,1386,1511,0.1388
124,1403,1527,0.1388
123,1398,1521,0.1388
124,1396,1520,0.1388
124,1393,1517,0.1388
122,1405,1527,0.1388
121,1396,1517,0.1388
122,1395,1517,0.1388
119,1402,1521,0.1388
122,1399,1521,0.1388
120,1402,1522,0.1388
121,1409,1530,0.1388
122,1404,1526,0.1388
122,1400,1522,0.1388
124,1407,1531,0.1388
122,1395,1517,0.1388
121,1397,1518,0.1388
120,1407,1527,0.1388
120,1413,1533,0.1388
119,1419,1538,0.1388
113,1412,1525,0.1388
111,1402,1513,0.1388
110,1398,1508,0.1388
112,1411,1523,0.1388
111,1411,1522,0.1388
113,1388,1501,0.1388
116,1398,1514,0.1388
115,1396,1511,0.1388
115,1402,1517,0.1388
114,1402,1516,0.1388
118,1398,1516,0.1388
117,1396,1513,0.1388
115,1395,1510,0.1388
115,1394,1509,0.1388
116,1404,1520,0.1388
114,1392,1506,0.1388
113,1381,1494,0.1388
115,1391,1506,0.1388
115,1404,1519,0.1388
115,1412,1527,0.1388
114,1416,1530,0.1388
116,1414,1530,0.1388
116,1413,1529,0.1388
115,1415,1530,0.1388
113,1409,1522,0.1388
113,1409,1522,0.1388
115,1403,1518,0.1388
114,1416,1530,0.1388
113,1409,1522,0.1388
112,1408,1520,0.1388
111,1399,1510,0.1388
107,1395,1502,0.1388
106,1404,1510,0.1388
107,1401,1508,0.1388
106,1403,1509,0.1388
106,1408,1514,0.1388
105,1416,1521,0.1388
105,1415,1520,0.1388
106,1417,1523,0.1388
106,1411,1517,0.1388
110,1403,1513,0.1388
112,1405,1517,0.1388
111,1416,1527,0.1388
114,1413,1527,0.1388
114,1419,1533,0.1388
113,1423,1536,0.1388
111,1421,1532,0.1388
111,1418,1529,0.1388
111,1420,1531,0.1388
110,1401,1511,0.1388
113,1398,1511,0.1388
111,1403,1514,0.1388
110,1389,1499,0.1388
112,1402,1514,0.1388
113,1404,1517,0.1388
110,1400,1510,0.1388
105,1400,1505,0.1388
110,1408,1518,0.1388
111,1408,1519,0.1388
111,1412,1523,0.1388
108,1407,1515,0.1388
108,1413,1521,0.1388
104,1415,1519,0.1388
103,1417,1520,0.1388
105,1412,1517,0.1388
104,1413,1517,0.1388
100,1422,1522,0.1388
101,1416,1517,0.1388
104,1409,1513,0.1388
101,1411,1512,0.1388
105,1407,1512,0.1388
105,1418,1523,0.1388
105,1415,1520,0.1388
106,1410,1516,0.1388
104,1415,1519,0.1388
102,1408,1510,0.1388
104,1406,1510,0.1388
107,1396,1503,0.1388
106,1409,1515,0.1388
104,1412,1516,0.1388
105,1413,1518,0.1388
105,1412,1517,0.1388
106,1414,1520,0.1388
110,1411,1521,0.1388
105,1407,1512,0.1388
102,1403,1505,0.1388
97,1412,1509,0.1388
95,1425,1520,0.1388
95,1432,1527,0.1388
97,1423,1520,0.1388
98,1420,1518,0.1388
96,1417,1513,0.1388
96,1414,1510,0.1388
96,1419,1515,0.1388
98,1408,1506,0.1388
98,1401,1499,0.1388
94,1414,1508,0.1388
97,1408,1505,0.1388
97,1410,1507,0.1388
95,1411,1506,0.1388
92,1413,1505,0.1388
94,1414,1508,0.1388
91,1415,1506,0.1388
90,1410,1500,0.1388
89,1416,1505,0.1388
89,1417,1506,0.1388
89,1404,1493,0.1388
84,1395,1479,0.1388
86,1400,1486,0.1388
87,1412,1499,0.1388
91,1429,1520,0.1388
90,1436,1526,0.1388
93,1427,1520,0.1388
91,1420,1511,0.1388
92,1427,1519,0.1388
91,1426,1517,0.1388
90,1433,1523,0.1388
92,1437,1529,0.1388
91,1426,1517,0.1388
90,1421,1511,0.1388
89,1430,1519,0.1388
86,1434,1520,0.1388
89,1438,1527,0.1388
90,1442,1532,0.1388
89,1443,1532,0.1388
86,1431,1517,0.1388
84,1426,1510,0.1388
84,1433,1517,0.1388
85,1429,1514,0.1388
85,1432,1517,0.1388
85,1427,1512,0.1388
82,1427,1509,0.1388
83,1423,1506,0.1388
82,1432,1514,0.1388
85,1435,1520,0.1388
86,1429,1515,0.1388
84,1430,1514,0.1388
81,1429,1510,0.1388
80,1429,1509,0.1388
79,1433,1512,0.1388
82,1432,1514,0.1388
83,1426,1509,0.1388
80,1430,1510,0.1388
80,1436,1516,0.1388
82,1435,1517,0.1388
80,1433,1513,0.1388
77,1429,1506,0.1388
78,1431,1509,0.1388
80,1440,1520,0.1388
78,1449,1527,0.1388
79,1443,1522,0.1388
77,1444,1521,0.1388
77,1438,1515,0.1388
77,1455,1532,0.1388
74,1445,1519,0.1388
74,1457,1531,0.1388
70,1446,1516,0.1388
73,1454,1527,0.1388
70,1445,1515,0.1388
73,1445,1518,0.1388
73,1433,1506,0.1388
70,1445,1515,0.1388
65,1447,1512,0.1388
69,1441,1510,0.1388
70,1449,1519,0.1388
70,1457,1527,0.1388
71,1454,1525,0.1388
70,1464,1534,0.1388
72,1454,1526,0.1388
74,1462,1536,0.1388
74,1464,1538,0.1388
71,1462,1533,0.1388
71,1451,1522,0.1388
71,1446,1517,0.1388
71,1446,1517,0.1388
72,1437,1509,0.1388
71,1429,1500,0.1388
70,1442,1512,0.1388
72,1441,1513,0.1388
71,1439,1510,0.1388
70,1444,1514,0.1388
71,1450,1521,0.1388
68,1451,1519,0.1388
67,1449,1516,0.1388
68,1455,1523,0.1388
68,1444,1512,0.1388
68,1451,1519,0.1388
70,1450,1520,0.1388
71,1459,1530,0.1388
71,1448,1519,0.1388
72,1459,1531,0.1388
72,1453,1525,0.1388
73,1463,1536,0.1388
73,1453,1526,0.1388
73,1459,1532,0.1388
73,1445,1518,0.1388
73,1442,1515,0.1388
72,1431,1503,0.1388
73,1429,1502,0.1388
73,1429,1502,0.1388
72,1433,1505,0.1388
71,1441,1512,0.1388
68,1450,1518,0.1388
67,1447,1514,0.1388
70,1450,1520,0.1388
71,1463,1534,0.1388
70,1456,1526,0.1388
68,1455,1523,0.1388
69,1451,1520,0.1388
69,1443,1512,0.1388
70,1437,1507,0.1388
70,1445,1515,0.1388
69,1446,1515,0.1388
67,1452,1519,0.1388
66,1454,1520,0.1388
66,1460,1526,0.1388
67,1451,1518,0.1388
67,1461,1528,0.1388
67,1453,1520,0.1388
64,1461,1525,0.1388
62,1458,1520,0.1388
62,1454,1516,0.1388
64,1457,1521,0.1388
62,1458,1520,0.1388
63,1449,1512,0.1388
62,1454,1516,0.1388
62,1443,1505,0.1388
61,1439,1500,0.1388
60,1455,1515,0.1388
62,1455,1517,0.1388
63,1452,1515,0.1388
61,1456,1517,0.1388
62,1455,1517,0.1388
63,1455,1518,0.1388
62,1451,1513,0.1388
61,1452,1513,0.1388
62,1462,1524,0.1388
62,1460,1522,0.1388
65,1461,1526,0.1388
64,1462,1526,0.1388
63,1453,1516,0.1388
63,1460,1523,0.1388
65,1456,1521,0.1388
66,1451,1517,0.1388
65,1461,1526,0.1388
67,1455,1522,0.1388
65,1454,1519,0.1388
65,1470,1535,0.1388
68,1457,1525,0.1388
66,1458,1524,0.1388
64,1448,1512,0.1388
65,1455,1520,0.1388
67,1456,1523,0.1388
69,1464,1533,0.1388
67,1463,1530,0.1388
68,1448,1516,0.1388
66,1446,1512,0.1388
68,1447,1515,0.1388
68,1440,1508,0.1388
67,1446,1513,0.1388
69,1457,1526,0.1388
68,1443,1511,0.1388
67,1439,1506,0.1388
69,1434,1503,0.1388
64,1445,1509,0.1388
65,1441,1506,0.1388
63,1451,1514,0.1388
65,1454,1519,0.1388
67,1451,1518,0.1388
66,1442,1508,0.1388
63,1437,1500,0.1388
66,1432,1498,0.1388
63,1437,1500,0.1388
65,1441,1506,0.1388
65,1441,1506,0.1388
66,1443,1509,0.1388
65,1459,1524,0.1388
67,1452,1519,0.1388
67,1446,1513,0.1388
69,1452,1521,0.1388
68,1454,1522,0.1388
66,1462,1528,0.1388
63,1454,1517,0.1388
65,1443,1508,0.1388
63,1446,1509,0.1388
63,1453,1516,0.1388
64,1449,1513,0.1388
64,1441,1505,0.1388
64,1433,1497,0.1388
62,1423,1485,0.1388
61,1436,1497,0.1388
63,1446,1509,0.1388
62,1446,1508,0.1388
62,1449,1511,0.1388
64,1448,1512,0.1388
64,1454,1518,0.1388
64,1455,1519,0.1388
66,1450,1516,0.1388
65,1465,1530,0.1388
65,1453,1518,0.1388
64,1450,1514,0.1388
59,1459,1518,0.1388
62,1450,1512,0.1388
63,1447,1510,0.1388
64,1439,1503,0.1388
64,1441,1505,0.1388
62,1452,1514,0.1388
63,1461,1524,0.1388
61,1464,1525,0.1388
63,1453,1516,0.1388
61,1445,1506,0.1388
59,1449,1508,0.1388
57,1459,1516,0.1388
59,1457,1516,0.1388
61,1456,1517,0.1388
62,1465,1527,0.1388
62,1469,1531,0.1388
65,1459,1524,0.1388
61,1454,1515,0.1388
60,1457,1517,0.1388
60,1458,1518,0.1388
61,1464,1525,0.1388
62,1468,1530,0.1388
58,1467,1525,0.1388
55,1463,1518,0.1388
55,1475,1530,0.1388
57,1467,1524,0.1388
54,1477,1531,0.1388
54,1447,1501,0.1388
53,1454,1507,0.1388
54,1446,1500,0.1388
54,1449,1503,0.1388
52,1428,1480,0.1388
55,1441,1496,0.1388
57,1446,1503,0.1388
56,1466,1522,0.1388
55,1464,1519,0.1388
52,1472,1524,0.1388
54,1461,1515,0.1388
55,1459,1514,0.1388
53,1461,1514,0.1388
54,1460,1514,0.1388
55,1465,1520,0.1388
52,1472,1524,0.1388
49,1464,1513,0.1388
52,1467,1519,0.1388
53,1470,1523,0.1388
50,1472,1522,0.1388
51,1480,1531,0.1388
50,1477,1527,0.1388
51,1475,1526,0.1388
52,1464,1516,0.1388
49,1467,1516,0.1388
50,1468,1518,0.1388
52,1466,1518,0.1388
53,1457,1510,0.1388
53,1455,1508,0.1388
53,1455,1508,0.1388
55,1442,1497,0.1388
56,1451,1507,0.1388
53,1465,1518,0.1388
53,1460,1513,0.1388
53,1455,1508,0.1388
52,1457,1509,0.1388
53,1465,1518,0.1388
53,1460,1513,0.1388
54,1458,1512,0.1388
54,1459,1513,0.1388
53,1466,1519,0.1388
53,1471,1524,0.1388
52,1470,1522,0.1388
51,1458,1509,0.1388
52,1455,1507,0.1388
49,1470,1519,0.1388
50,1468,1518,0.1388
51,1472,1523,0.1388
49,1470,1519,0.1388
49,1466,1515,0.1388
48,1468,1516,0.1388
49,1455,1504,0.1388
50,1465,1515,0.1388
49,1457,1506,0.1388
47,1457,1504,0.1388
46,1456,1502,0.1388
49,1464,1513,0.1388
47,1483,1530,0.1388
45,1489,1534,0.1388
45,1479,1524,0.1388
46,1476,1522,0.1388
47,1468,1515,0.1388
46,1463,1509,0.1388
45,1460,1505,0.1388
47,1464,1511,0.1388
47,1459,1506,0.1388
46,1470,1516,0.1388
46,1469,1515,0.1388
46,1461,1507,0.1388
47,1454,1501,0.1388
46,1454,1500,0.1388
44,1473,1517,0.1388
44,1471,1515,0.1388
43,1479,1522,0.1388
43,1478,1521,0.1388
44,1478,1522,0.1388
44,1484,1528,0.1388
45,1480,1525,0.1388
44,1486,1530,0.1388
44,1484,1528,0.1388
43,1483,1526,0.1388
42,1476,1518,0.1388
42,1471,1513,0.1388
46,1467,1513,0.1388
46,1463,1509,0.1388
47,1473,1520,0.1388
47,1476,1523,0.1388
49,1467,1516,0.1388
47,1465,1512,0.1388
48,1459,1507,0.1388
48,1456,1504,0.1388
48,1458,1506,0.1388
47,1467,1514,0.1388
46,1454,1500,0.1388
47,1467,1514,0.1388
42,1475,1517,0.1388
43,1470,1513,0.1388
42,1468,1510,0.1388
41,1463,1504,0.1388
44,1470,1514,0.1388
44,1467,1511,0.1388
46,1461,1507,0.1388
45,1474,1519,0.1388
43,1479,1522,0.1388
41,1477,1518,0.1388
43,1478,1521,0.1388
43,1493,1536,0.1388
43,1493,1536,0.1388
45,1483,1528,0.1388
42,1475,1517,0.1388
40,1479,1519,0.1388
39,1485,1524,0.1388
41,1477,1518,0.1388
40,1477,1517,0.1388
40,1483,1523,0.1388
39,1478,1517,0.1388
39,1482,1521,0.1388
40,1480,1520,0.1388
39,1478,1517,0.1388
37,1466,1503,0.1388
39,1479,1518,0.1388
38,1474,1512,0.1388
39,1475,1514,0.1388
41,1465,1506,0.1388
41,1465,1506,0.1388
41,1469,1510,0.1388
39,1475,1514,0.1388
38,1480,1518,0.1388
38,1476,1514,0.1388
37,1482,1519,0.1388
36,1476,1512,0.1388
38,1477,1515,0.1388
38,1481,1519,0.1388
38,1462,1500,0.1388
37,1478,1515,0.1388
37,1483,1520,0.1388
40,1486,1526,0.1388
42,1485,1527,0.1388
41,1483,1524,0.1388
38,1471,1509,0.1388
39,1470,1509,0.1388
42,1477,1519,0.1388
44,1470,1514,0.1388
44,1462,1506,0.1388
46,1480,1526,0.1388
47,1474,1521,0.1388
45,1475,1520,0.1388
47,1470,1517,0.1388
47,1456,1503,0.1388
47,1454,1501,0.1388
46,1458,1504,0.1388
45,1469,1514,0.1388
42,1467,1509,0.1388
41,1467,1508,0.1388
42,1470,1512,0.1388
44,1460,1504,0.1388
42,1466,1508,0.1388
42,1463,1505,0.1388
42,1465,1507,0.1388
42,1457,1499,0.1388
41,1453,1494,0.1388
43,1451,1494,0.1388
42,1466,1508,0.1388
40,1477,1517,0.1388
40,1475,1515,0.1388
40,1484,1524,0.1388
40,1472,1512,0.1388
39,1489,1528,0.1388
40,1482,1522,0.1388
42,1474,1516,0.1388
43,1487,1530,0.1388
41,1483,1524,0.1388
42,1482,1524,0.1388
42,1482,1524,0.1388
41,1477,1518,0.1388
40,1483,1523,0.1388
42,1486,1528,0.1388
42,1484,1526,0.1388
40,1478,1518,0.1388
41,1463,1504,0.1388
40,1468,1508,0.1388
40,1473,1513,0.1388
41,1467,1508,0.1388
44,1464,1508,0.1388
45,1460,1505,0.1388
45,1470,1515,0.1388
47,1485,1532,0.1388
46,1486,1532,0.1388
45,1476,1521,0.1388
44,1465,1509,0.1388
45,1458,1503,0.1388
46,1464,1510,0.1388
45,1465,1510,0.1388
42,1470,1512,0.1388
42,1464,1506,0.1388
44,1468,1512,0.1388
43,1484,1527,0.1388
43,1478,1521,0.1388
42,1478,1520,0.1388
42,1475,1517,0.1388
43,1469,1512,0.1388
44,1477,1521,0.1388
43,1483,1526,0.1388
43,1462,1505,0.1388
42,1466,1508,0.1388
42,1460,1502,0.1388
41,1483,1524,0.1388
39,1484,1523,0.1388
36,1491,1527,0.1388
36,1488,1524,0.1388
39,1469,1508,0.1388
39,1482,1521,0.1388
40,1468,1508,0.1388
39,1456,1495,0.1388
38,1460,1498,0.1388
36,1480,1516,0.1388
34,1467,1501,0.1388
33,1473,1506,0.1388
33,1471,1504,0.1388
36,1476,1512,0.1388
37,1488,1525,0.1388
38,1487,1525,0.1388
36,1482,1518,0.1388
35,1492,1527,0.1388
37,1491,1528,0.1388
34,1476,1510,0.1388
35,1490,1525,0.1388
35,1482,1517,0.1388
37,1496,1533,0.1388
36,1488,1524,0.1388
36,1487,1523,0.1388
36,1490,1526,0.1388
35,1483,1518,0.1388
36,1485,1521,0.1388
34,1476,1510,0.1388
35,1482,1517,0.1388
34,1484,1518,0.1388
36,1493,1529,0.1388
36,1488,1524,0.1388
36,1487,1523,0.1388
37,1489,1526,0.1388
36,1489,1525,0.1388
37,1470,1507,0.1388
37,1474,1511,0.1388
37,1472,1509,0.1388
36,1472,1508,0.1388
35,1472,1507,0.1388
37,1467,1504,0.1388
38,1483,1521,0.1388
38,1486,1524,0.1388
38,1491,1529,0.1388
39,1484,1523,0.1388
38,1486,1524,0.1388
39,1495,1534,0.1388
41,1489,1530,0.1388
41,1477,1518,0.1388
40,1471,1511,0.1388
39,1473,1512,0.1388
39,1489,1528,0.1388
39,1478,1517,0.1388
37,1468,1505,0.1388
39,1476,1515,0.1388
39,1490,1529,0.1388
38,1481,1519,0.1388
40,1462,1502,0.1388
40,1463,1503,0.1388
37,1472,1509,0.1388
40,1468,1508,0.1388
39,1465,1504,0.1388
38,1471,1509,0.1388
39,1476,1515,0.1388
40,1486,1526,0.1388
39,1477,1516,0.1388
42,1483,1525,0.1388
42,1476,1518,0.1388
42,1471,1513,0.1388
39,1471,1510,0.1388
39,1465,1504,0.1388
38,1465,1503,0.1388
40,1465,1505,0.1388
42,1477,1519,0.1388
42,1492,1534,0.1388
41,1499,1540,0.1388
43,1487,1530,0.1388
41,1481,1522,0.1388
41,1474,1515,0.1388
42,1470,1512,0.1388
43,1475,1518,0.1388
42,1479,1521,0.1388
43,1464,1507,0.1388
43,1472,1515,0.1388
43,1474,1517,0.1388
43,1464,1507,0.1388
42,1462,1504,0.1388
45,1472,1517,0.1388
40,1482,1522,0.1388
40,1480,1520,0.1388
41,1476,1517,0.1388
40,1478,1518,0.1388
37,1472,1509,0.1388
33,1479,1512,0.1388
35,1479,1514,0.1388
35,1484,1519,0.1388
35,1484,1519,0.1388
35,1474,1509,0.1388
34,1480,1514,0.1388
35,1470,1505,0.1388
33,1485,1518,0.1388
34,1497,1531,0.1388
35,1474,1509,0.1388
36,1481,1517,0.1388
37,1484,1521,0.1388
37,1484,1521,0.1388
38,1470,1508,0.1388
35,1480,1515,0.1388
34,1462,1496,0.1388
34,1476,1510,0.1388
33,1490,1523,0.1388
32,1484,1516,0.1388
32,1486,1518,0.1388
32,1484,1516,0.1388
31,1474,1505,0.1388
31,1477,1508,0.1388
32,1479,1511,0.1388
32,1483,1515,0.1388
31,1482,1513,0.1388
32,1475,1507,0.1388
32,1477,1509,0.1388
33,1479,1512,0.1388
33,1481,1514,0.1388
31,1492,1523,0.1388
31,1474,1505,0.1388
30,1480,1510,0.1388
29,1474,1503,0.1388
30,1472,1502,0.1388
29,1459,1488,0.1388
29,1472,1501,0.1388
30,1472,1502,0.1388
29,1471,1500,0.1388
30,1492,1522,0.1388
29,1494,1523,0.1388
30,1505,1535,0.1388
30,1504,1534,0.1388
30,1494,1524,0.1388
29,1501,1530,0.1388
31,1501,1532,0.1388
31,1502,1533,0.1388
30,1501,1531,0.1388
29,1498,1527,0.1388
29,1500,1529,0.1388
29,1500,1529,0.1388
29,1497,1526,0.1388
27,1496,1523,0.1388
27,1493,1520,0.1388
28,1486,1514,0.1388
27,1484,1511,0.1388
26,1490,1516,0.1388
26,1498,1524,0.1388
27,1491,1518,0.1388
27,1493,1520,0.1388
28,1487,1515,0.1388
26,1495,1521,0.1388
25,1495,1520,0.1388
26,1503,1529,0.1388
26,1484,1510,0.1388
27,1484,1511,0.1388
28,1486,1514,0.1388
27,1485,1512,0.1388
28,1477,1505,0.1388
28,1487,1515,0.1388
25,1494,1519,0.1388
25,1487,1512,0.1388
24,1487,1511,0.1388
25,1498,1523,0.1388
26,1494,1520,0.1388
27,1498,1525,0.1388
24,1492,1516,0.1388
23,1495,1518,0.1388
23,1504,1527,0.1388
25,1497,1522,0.1388
26,1491,1517,0.1388
27,1492,1519,0.1388
28,1486,1514,0.1388
28,1499,1527,0.1388
29,1498,1527,0.1388
29,1506,1535,0.1388
29,1495,1524,0.1388
29,1494,1523,0.1388
29,1497,1526,0.1388
29,1496,1525,0.1388
28,1492,1520,0.1388
28,1488,1516,0.1388
28,1497,1525,0.1388
28,1494,1522,0.1388
28,1487,1515,0.1388
30,1494,1524,0.1388
30,1492,1522,0.1388
31,1495,1526,0.1388
32,1489,1521,0.1388
32,1482,1514,0.1388
31,1476,1507,0.1388
29,1481,1510,0.1388
29,1481,1510,0.1388
29,1485,1514,0.1388
27,1485,1512,0.1388
27,1484,1511,0.1388
27,1474,1501,0.1388
27,1466,1493,0.1388
26,1468,1494,0.1388
25,1483,1508,0.1388
25,1496,1521,0.1388
26,1496,1522,0.1388
25,1493,1518,0.1388
26,1492,1518,0.1388
29,1493,1522,0.1388
29,1490,1519,0.1388
29,1481,1510,0.1388
28,1480,1508,0.1388
28,1485,1513,0.1388
30,1479,1509,0.1388
28,1482,1510,0.1388
28,1482,1510,0.1388
29,1483,1512,0.1388
26,1489,1515,0.1388
25,1481,1506,0.1388
26,1486,1512,0.1388
26,1476,1502,0.1388
28,1482,1510,0.1388
28,1489,1517,0.1388
27,1490,1517,0.1388
26,1493,1519,0.1388
25,1482,1507,0.1388
25,1473,1498,0.1388
24,1487,1511,0.1388
25,1485,1510,0.1388
26,1506,1532,0.1388
26,1501,1527,0.1388
27,1495,1522,0.1388
26,1492,1518,0.1388
26,1497,1523,0.1388
28,1501,1529,0.1388
27,1506,1533,0.1388
26,1493,1519,0.1388
26,1492,1518,0.1388
27,1488,1515,0.1388
29,1503,1532,0.1388
28,1504,1532,0.1388
28,1508,1536,0.1388
27,1505,1532,0.1388
25,1501,1526,0.1388
25,1496,1521,0.1388
26,1495,1521,0.1388
25,1485,1510,0.1388
23,1503,1526,0.1388
24,1503,1527,0.1388
23,1490,1513,0.1388
22,1482,1504,0.1388
22,1490,1512,0.1388
22,1501,1523,0.1388
23,1503,1526,0.1388
25,1506,1531,0.1388
25,1506,1531,0.1388
25,1498,1523,0.1388
24,1518,1542,0.1388
25,1520,1545,0.1388
24,1503,1527,0.1388
23,1502,1525,0.1388
22,1503,1525,0.1388
22,1489,1511,0.1388
23,1490,1513,0.1388
21,1491,1512,0.1388
23,1500,1523,0.1388
24,1488,1512,0.1388
23,1496,1519,0.1388
23,1497,1520,0.1388
24,1494,1518,0.1388
24,1493,1517,0.1388
24,1493,1517,0.1388
25,1496,1521,0.1388
25,1499,1524,0.1388
23,1509,1532,0.1388
22,1509,1531,0.1388
22,1515,1537,0.1388
23,1508,1531,0.1388
23,1508,1531,0.1388
24,1487,1511,0.1388
24,1484,1508,0.1388
24,1482,1506,0.1388
24,1489,1513,0.1388
24,1495,1519,0.1388
25,1513,1538,0.1388
25,1507,1532,0.1388
25,1494,1519,0.1388
25,1480,1505,0.1388
24,1481,1505,0.1388
24,1496,1520,0.1388
24,1492,1516,0.1388
24,1497,1521,0.1388
25,1495,1520,0.1388
26,1488,1514,0.1388
25,1494,1519,0.1388
24,1493,1517,0.1388
24,1504,1528,0.1388
24,1500,1524,0.1388
22,1497,1519,0.1388
23,1506,1529,0.1388
23,1499,1522,0.1388
23,1495,1518,0.1388
24,1492,1516,0.1388
23,1485,1508,0.1388
24,1488,1512,0.1388
25,1485,1510,0.1388
26,1481,1507,0.1388
26,1471,1497,0.1388
26,1482,1508,0.1388
28,1486,1514,0.1388
28,1503,1531,0.1388
26,1486,1512,0.1388
27,1492,1519,0.1388
27,1485,1512,0.1388
28,1487,1515,0.1388
27,1496,1523,0.1388
28,1487,1515,0.1388
28,1491,1519,0.1388
26,1478,1504,0.1388
27,1478,1505,0.1388
27,1475,1502,0.1388
27,1471,1498,0.1388
27,1484,1511,0.1388
26,1491,1517,0.1388
26,1486,1512,0.1388
27,1488,1515,0.1388
28,1493,1521,0.1388
28,1485,1513,0.1388
28,1478,1506,0.1388
27,1480,1507,0.1388
27,1475,1502,0.1388
27,1467,1494,0.1388
28,1462,1490,0.1388
29,1464,1493,0.1388
27,1462,1489,0.1388
26,1476,1502,0.1388
29,1491,1520,0.1388
29,1478,1507,0.1388
28,1483,1511,0.1388
29,1485,1514,0.1388
28,1482,1510,0.1388
31,1474,1505,0.1388
30,1486,1516,0.1388
30,1484,1514,0.1388
33,1476,1509,0.1388
32,1500,1532,0.1388
34,1495,1529,0.1388
34,1490,1524,0.1388
33,1489,1522,0.1388
34,1478,1512,0.1388
32,1473,1505,0.1388
32,1478,1510,0.1388
32,1494,1526,0.1388
32,1484,1516,0.1388
32,1482,1514,0.1388
32,1474,1506,0.1388
31,1466,1497,0.1388
31,1465,1496,0.1388
32,1467,1499,0.1388
31,1472,1503,0.1388
30,1472,1502,0.1388
31,1467,1498,0.1388
30,1484,1514,0.1388
30,1484,1514,0.1388
30,1487,1517,0.1388
30,1488,1518,0.1388
29,1476,1505,0.1388
30,1469,1499,0.1388
30,1482,1512,0.1388
30,1491,1521,0.1388
31,1493,1524,0.1388
31,1502,1533,0.1388
29,1503,1532,0.1388
30,1500,1530,0.1388
32,1495,1527,0.1388
32,1488,1520,0.1388
32,1492,1524,0.1388
32,1477,1509,0.1388
33,1480,1513,0.1388
33,1480,1513,0.1388
32,1489,1521,0.1388
31,1492,1523,0.1388
31,1475,1506,0.1388
31,1489,1520,0.1388
30,1471,1501,0.1388
32,1468,1500,0.1388
33,1485,1518,0.1388
31,1495,1526,0.1388
33,1488,1521,0.1388
34,1489,1523,0.1388
31,1492,1523,0.1388
32,1486,1518,0.1388
32,1474,1506,0.1388
32,1474,1506,0.1388
33,1479,1512,0.1388
32,1486,1518,0.1388
33,1478,1511,0.1388
34,1478,1512,0.1388
35,1491,1526,0.1388
33,1493,1526,0.1388
33,1484,1517,0.1388
32,1488,1520,0.1388
32,1503,1535,0.1388
32,1502,1534,0.1388
32,1490,1522,0.1388
31,1494,1525,0.1388
31,1493,1524,0.1388
29,1485,1514,0.1388
30,1482,1512,0.1388
32,1474,1506,0.1388
32,1482,1514,0.1388
32,1485,1517,0.1388
32,1489,1521,0.1388
32,1487,1519,0.1388
31,1491,1522,0.1388
32,1473,1505,0.1388
32,1476,1508,0.1388
33,1472,1505,0.1388
32,1465,1497,0.1388
32,1468,1500,0.1388
33,1475,1508,0.1388
33,1467,1500,0.1388
35,1467,1502,0.1388
36,1477,1513,0.1388
36,1484,1520,0.1388
34,1463,1497,0.1388
34,1476,1510,0.1388
34,1488,1522,0.1388
34,1489,1523,0.1388
33,1488,1521,0.1388
34,1488,1522,0.1388
32,1483,1515,0.1388
31,1492,1523,0.1388
31,1483,1514,0.1388
31,1475,1506,0.1388
31,1480,1511,0.1388
31,1487,1518,0.1388
32,1490,1522,0.1388
28,1485,1513,0.1388
29,1472,1501,0.1388
30,1468,1498,0.1388
30,1471,1501,0.1388
31,1490,1521,0.1388
31,1487,1518,0.1388
33,1494,1527,0.1388
30,1483,1513,0.1388
30,1485,1515,0.1388
30,1496,1526,0.1388
27,1490,1517,0.1388
25,1501,1526,0.1388
26,1504,1530,0.1388
25,1499,1524,0.1388
26,1493,1519,0.1388
28,1502,1530,0.1388
25,1489,1514,0.1388
24,1501,1525,0.1388
24,1498,1522,0.1388
25,1500,1525,0.1388
22,1498,1520,0.1388
22,1490,1512,0.1388
22,1490,1512,0.1388
22,1494,1516,0.1388
22,1494,1516,0.1388
20,1490,1510,0.1388
19,1482,1501,0.1388
18,1484,1502,0.1388
18,1501,1519,0.1388
18,1509,1527,0.1388
18,1498,1516,0.1388
18,1493,1511,0.1388
17,1499,1516,0.1388
17,1500,1517,0.1388
18,1501,1519,0.1388
18,1497,1515,0.1388
17,1503,1520,0.1388
18,1500,1518,0.1388
15,1496,1511,0.1388
15,1512,1527,0.1388
16,1506,1522,0.1388
16,1498,1514,0.1388
16,1498,1514,0.1388
17,1497,1514,0.1388
16,1499,1515,0.1388
15,1510,1525,0.1388
14,1520,1534,0.1388
15,1502,1517,0.1388
15,1511,1526,0.1388
15,1503,1518,0.1388
15,1511,1526,0.1388
15,1497,1512,0.1388
15,1512,1527,0.1388
15,1501,1516,0.1388
16,1498,1514,0.1388
17,1501,1518,0.1388
17,1502,1519,0.1388
18,1502,1520,0.1388
18,1508,1526,0.1388
18,1512,1530,0.1388
17,1514,1531,0.1388
16,1510,1526,0.1388
15,1504,1519,0.1388
15,1497,1512,0.1388
15,1500,1515,0.1388
14,1506,1520,0.1388
13,1511,1524,0.1388
12,1506,1518,0.1388
12,1509,1521,0.1388
12,1501,1513,0.1388
13,1498,1511,0.1388
14,1500,1514,0.1388
14,1493,1507,0.1388
14,1482,1496,0.1388
14,1492,1506,0.1388
14,1501,1515,0.1388
14,1505,1519,0.1388
15,1505,1520,0.1388
15,1511,1526,0.1388
14,1503,1517,0.1388
14,1511,1525,0.1388
14,1502,1516,0.1388
14,1499,1513,0.1388
14,1492,1506,0.1388
14,1486,1500,0.1388
14,1491,1505,0.1388
14,1498,1512,0.1388
14,1487,1501,0.1388
14,1498,1512,0.1388
14,1513,1527,0.1388
14,1518,1532,0.1388
14,1510,1524,0.1388
14,1505,1519,0.1388
13,1513,1526,0.1388
13,1524,1537,0.1388
14,1522,1536,0.1388
13,1497,1510,0.1388
13,1492,1505,0.1388
13,1502,1515,0.1388
13,1506,1519,0.1388
13,1496,1509,0.1388
12,1505,1517,0.1388
11,1502,1513,0.1388
12,1506,1518,0.1388
11,1501,1512,0.1388
10,1506,1516,0.1388
10,1513,1523,0.1388
10,1529,1539,0.1388
11,1512,1523,0.1388
12,1504,1516,0.1388
13,1505,1518,0.1388
13,1495,1508,0.1388
12,1498,1510,0.1388
10,1497,1507,0.1388
11,1498,1509,0.1388
11,1504,1515,0.1388
11,1503,1514,0.1388
11,1491,1502,0.1388
11,1495,1506,0.1388
11,1498,1509,0.1388
11,1501,1512,0.1388
12,1517,1529,0.1388
13,1507,1520,0.1388
13,1505,1518,0.1388
14,1517,1531,0.1388
14,1509,1523,0.1388
14,1508,1522,0.1388
14,1515,1529,0.1388
14,1498,1512,0.1388
14,1501,1515,0.1388
13,1497,1510,0.1388
13,1500,1513,0.1388
12,1495,1507,0.1388
11,1504,1515,0.1388
11,1492,1503,0.1388
11,1495,1506,0.1388
10,1493,1503,0.1388
10,1499,1509,0.1388
11,1492,1503,0.1388
11,1510,1521,0.1388
14,1508,1522,0.1388
15,1492,1507,0.1388
15,1485,1500,0.1388
15,1497,1512,0.1388
15,1483,1498,0.1388
14,1491,1505,0.1388
14,1491,1505,0.1388
13,1497,1510,0.1388
15,1497,1512,0.1388
14,1489,1503,0.1388
14,1502,1516,0.1388
14,1504,1518,0.1388
14,1481,1495,0.1388
14,1482,1496,0.1388
13,1492,1505,0.1388
13,1489,1502,0.1388
13,1495,1508,0.1388
13,1483,1496,0.1388
12,1484,1496,0.1388
11,1506,1517,0.1388
11,1508,1519,0.1388
12,1488,1500,0.1388
10,1487,1497,0.1388
11,1490,1501,0.1388
11,1511,1522,0.1388
11,1505,1516,0.1388
11,1508,1519,0.1388
11,1483,1494,0.1388
10,1492,1502,0.1388
9,1499,1508,0.1388
10,1507,1517,0.1388
9,1510,1519,0.1388
9,1511,1520,0.1388
8,1507,1515,0.1388
9,1515,1524,0.1388
8,1515,1523,0.1388
9,1511,1520,0.1388
9,1502,1511,0.1388
9,1503,1512,0.1388
8,1507,1515,0.1388
7,1505,1512,0.1388
8,1501,1509,0.1388
8,1516,1524,0.1388
7,1508,1515,0.1388
7,1510,1517,0.1388
7,1516,1523,0.1388
7,1506,1513,0.1388
7,1502,1509,0.1388
7,1509,1516,0.1388
7,1516,1523,0.1388
7,1508,1515,0.1388
7,1507,1514,0.1388
6,1510,1516,0.1388
6,1505,1511,0.1388
6,1505,1511,0.1388
6,1506,1512,0.1388
6,1499,1505,0.1388
6,1506,1512,0.1388
6,1509,1515,0.1388
6,1518,1524,0.1388
6,1510,1516,0.1388
6,1492,1498,0.1388
6,1498,1504,0.1388
6,1481,1487,0.1388
6,1496,1502,0.1388
5,1484,1489,0.1388
5,1485,1490,0.1388
5,1497,1502,0.1388
5,1494,1499,0.1388
5,1484,1489,0.1388
5,1505,1510,0.1388
5,1508,1513,0.1388
4,1512,1516,0.1388
3,1515,1518,0.1388
3,1512,1515,0.1388
3,1498,1501,0.1388
2,1519,1521,0.1388
2,1510,1512,0.1388
2,1517,1519,0.1388
2,1520,1522,0.1388
2,1515,1517,0.1388
2,1504,1506,0.1388
2,1517,1519,0.1388
2,1505,1507,0.1388
2,1509,1511,0.1388
2,1514,1516,0.1388
2,1514,1516,0.1388
2,1523,1525,0.1388
2,1520,1522,0.1388
2,1517,1519,0.1388
2,1529,1531,0.1388
2,1520,1522,0.1388
2,1528,1530,0.1388
2,1526,1528,0.1388
2,1523,1525,0.1388
1,1517,1518,0.1388
0,1516,1516,0.1388
