1371,28,1399,0.1388
1416,28,1444,0.1388
1419,27,1446,0.1388
1431,28,1459,0.1388
1435,29,1464,0.1388
1438,29,1467,0.1388
1457,28,1485,0.1388
1459,28,1487,0.1388
1462,27,1489,0.1388
1462,28,1490,0.1388
1468,29,1497,0.1388
1466,26,1492,0.1388
1477,25,1502,0.1388
1475,29,1504,0.1388
1472,29,1501,0.1388
1470,30,1500,0.1388
1463,32,1495,0.1388
1455,31,1486,0.1388
1451,29,1480,0.1388
1455,30,1485,0.1388
1439,28,1467,0.1388
1451,29,1480,0.1388
1473,29,1502,0.1388
1469,28,1497,0.1388
1465,27,1492,0.1388
1468,26,1494,0.1388
1479,24,1503,0.1388
1483,24,1507,0.1388
1476,22,1498,0.1388
1478,22,1500,0.1388
1476,23,1499,0.1388
1469,22,1491,0.1388
1461,22,1483,0.1388
1460,21,1481,0.1388
1464,20,1484,0.1388
1474,20,1494,0.1388
1483,20,1503,0.1388
1465,21,1486,0.1388
1468,21,1489,0.1388
1475,20,1495,0.1388
1475,20,1495,0.1388
1469,19,1488,0.1388
1465,18,1483,0.1388
1459,19,1478,0.1388
1457,18,1475,0.1388
1457,18,1475,0.1388
1472,18,1490,0.1388
1474,18,1492,0.1388
1489,16,1505,0.1388
1479,18,1497,0.1388
1464,18,1482,0.1388
1459,17,1476,0.1388
1461,15,1476,0.1388
1477,15,1492,0.1388
1475,14,1489,0.1388
1468,14,1482,0.1388
1479,14,1493,0.1388
1485,14,1499,0.1388
1489,15,1504,0.1388
1480,15,1495,0.1388
1476,16,1492,0.1388
1470,17,1487,0.1388
1468,17,1485,0.1388
1465,16,1481,0.1388
1483,18,1501,0.1388
1479,20,1499,0.1388
1489,19,1508,0.1388
1482,17,1499,0.1388
1487,15,1502,0.1388
1476,16,1492,0.1388
1469,16,1485,0.1388
1483,15,1498,0.1388
1484,15,1499,0.1388
1496,15,1511,0.1388
1498,14,1512,0.1388
1489,15,1504,0.1388
1479,15,1494,0.1388
1474,14,1488,0.1388
1473,15,1488,0.1388
1473,16,1489,0.1388
1491,16,1507,0.1388
1480,14,1494,0.1388
1484,14,1498,0.1388
1470,15,1485,0.1388
1473,15,1488,0.1388
1464,15,1479,0.1388
1466,15,1481,0.1388
1466,16,1482,0.1388
1460,16,1476,0.1388
1461,16,1477,0.1388
1464,16,1480,0.1388
1469,17,1486,0.1388
1464,16,1480,0.1388
1454,16,1470,0.1388
1444,18,1462,0.1388
1465,17,1482,0.1388
1470,16,1486,0.1388
1473,15,1488,0.1388
1471,15,1486,0.1388
1486,16,1502,0.1388
1470,16,1486,0.1388
1473,16,1489,0.1388
1463,15,1478,0.1388
1466,15,1481,0.1388
1471,14,1485,0.1388
1473,14,1487,0.1388
1463,15,1478,0.1388
1465,15,1480,0.1388
1464,16,1480,0.1388
1461,16,1477,0.1388
1464,17,1481,0.1388
1474,17,1491,0.1388
1473,18,1491,0.1388
1471,19,1490,0.1388
1472,19,1491,0.1388
1479,19,1498,0.1388
1479,18,1497,0.1388
1487,18,1505,0.1388
1487,18,1505,0.1388
1480,17,1497,0.1388
1478,16,1494,0.1388
1470,17,1487,0.1388
1482,16,1498,0.1388
1488,15,1503,0.1388
1476,15,1491,0.1388
1479,16,1495,0.1388
1484,16,1500,0.1388
1489,16,1505,0.1388
1482,17,1499,0.1388
1478,18,1496,0.1388
1463,19,1482,0.1388
1478,19,1497,0.1388
1491,18,1509,0.1388
1488,16,1504,0.1388
1494,17,1511,0.1388
1473,17,1490,0.1388
1497,17,1514,0.1388
1490,17,1507,0.1388
1481,17,1498,0.1388
1462,17,1479,0.1388
1471,15,1486,0.1388
1466,15,1481,0.1388
1476,14,1490,0.1388
1486,14,1500,0.1388
1487,14,1501,0.1388
1473,15,1488,0.1388
1472,16,1488,0.1388
1465,16,1481,0.1388
1474,15,1489,0.1388
1462,15,1477,0.1388
1470,15,1485,0.1388
1463,14,1477,0.1388
1480,14,1494,0.1388
1474,13,1487,0.1388
1476,12,1488,0.1388
1478,13,1491,0.1388
1489,12,1501,0.1388
1486,12,1498,0.1388
1485,12,1497,0.1388
1473,13,1486,0.1388
1479,13,1492,0.1388
1473,12,1485,0.1388
1466,12,1478,0.1388
1483,12,1495,0.1388
1479,13,1492,0.1388
1463,14,1477,0.1388
1480,14,1494,0.1388
1489,14,1503,0.1388
1480,14,1494,0.1388
1478,14,1492,0.1388
1494,13,1507,0.1388
1483,13,1496,0.1388
1465,13,1478,0.1388
1463,13,1476,0.1388
1472,13,1485,0.1388
1482,13,1495,0.1388
1469,13,1482,0.1388
1466,14,1480,0.1388
1466,14,1480,0.1388
1471,13,1484,0.1388
1482,13,1495,0.1388
1466,13,1479,0.1388
1475,13,1488,0.1388
1457,12,1469,0.1388
1464,12,1476,0.1388
1467,12,1479,0.1388
1460,12,1472,0.1388
1464,12,1476,0.1388
1468,12,1480,0.1388
1473,14,1487,0.1388
1476,13,1489,0.1388
1467,13,1480,0.1388
1465,13,1478,0.1388
1469,14,1483,0.1388
1457,14,1471,0.1388
1463,12,1475,0.1388
1470,12,1482,0.1388
1481,12,1493,0.1388
1489,12,1501,0.1388
1481,12,1493,0.1388
1482,13,1495,0.1388
1488,12,1500,0.1388
1482,12,1494,0.1388
1482,11,1493,0.1388
1483,11,1494,0.1388
1479,12,1491,0.1388
1468,15,1483,0.1388
1479,15,1494,0.1388
1478,15,1493,0.1388
1482,15,1497,0.1388
1479,16,1495,0.1388
1486,15,1501,0.1388
1487,16,1503,0.1388
1487,15,1502,0.1388
1485,16,1501,0.1388
1470,16,1486,0.1388
1479,17,1496,0.1388
1466,17,1483,0.1388
1462,16,1478,0.1388
1483,16,1499,0.1388
1492,15,1507,0.1388
1502,15,1517,0.1388
1495,15,1510,0.1388
1486,14,1500,0.1388
1483,15,1498,0.1388
1490,15,1505,0.1388
1486,15,1501,0.1388
1477,15,1492,0.1388
1476,15,1491,0.1388
1489,16,1505,0.1388
1485,17,1502,0.1388
1482,18,1500,0.1388
1478,17,1495,0.1388
1487,16,1503,0.1388
1483,17,1500,0.1388
1495,16,1511,0.1388
1487,16,1503,0.1388
1476,16,1492,0.1388
1473,15,1488,0.1388
1477,15,1492,0.1388
1476,18,1494,0.1388
1475,18,1493,0.1388
1477,18,1495,0.1388
1479,17,1496,0.1388
1467,18,1485,0.1388
1460,19,1479,0.1388
1461,19,1480,0.1388
1475,19,1494,0.1388
1475,20,1495,0.1388
1470,17,1487,0.1388
1466,19,1485,0.1388
1483,19,1502,0.1388
1481,19,1500,0.1388
1482,19,1501,0.1388
1487,19,1506,0.1388
1483,19,1502,0.1388
1478,19,1497,0.1388
1473,19,1492,0.1388
1476,19,1495,0.1388
1472,19,1491,0.1388
1465,19,1484,0.1388
1467,19,1486,0.1388
1455,19,1474,0.1388
1463,18,1481,0.1388
1477,18,1495,0.1388
1480,18,1498,0.1388
1469,18,1487,0.1388
1474,17,1491,0.1388
1489,18,1507,0.1388
1479,18,1497,0.1388
1484,18,1502,0.1388
1478,19,1497,0.1388
1477,20,1497,0.1388
1466,19,1485,0.1388
1454,20,1474,0.1388
1473,20,1493,0.1388
1472,20,1492,0.1388
1472,18,1490,0.1388
1463,18,1481,0.1388
1477,20,1497,0.1388
1477,21,1498,0.1388
1467,21,1488,0.1388
1476,19,1495,0.1388
1467,19,1486,0.1388
1452,21,1473,0.1388
1449,22,1471,0.1388
1446,22,1468,0.1388
1451,24,1475,0.1388
1462,26,1488,0.1388
1465,29,1494,0.1388
1462,30,1492,0.1388
1463,31,1494,0.1388
1461,32,1493,0.1388
1461,33,1494,0.1388
1468,32,1500,0.1388
1471,29,1500,0.1388
1471,29,1500,0.1388
1457,28,1485,0.1388
1461,28,1489,0.1388
1470,27,1497,0.1388
1467,28,1495,0.1388
1459,28,1487,0.1388
1459,30,1489,0.1388
1455,31,1486,0.1388
1454,30,1484,0.1388
1456,30,1486,0.1388
1463,30,1493,0.1388
1453,31,1484,0.1388
1454,32,1486,0.1388
1456,30,1486,0.1388
1465,30,1495,0.1388
1469,31,1500,0.1388
1460,32,1492,0.1388
1458,32,1490,0.1388
1461,32,1493,0.1388
1456,32,1488,0.1388
1465,33,1498,0.1388
1458,33,1491,0.1388
1447,32,1479,0.1388
1444,32,1476,0.1388
1446,34,1480,0.1388
1449,34,1483,0.1388
1440,30,1470,0.1388
1442,32,1474,0.1388
1450,32,1482,0.1388
1466,32,1498,0.1388
1470,31,1501,0.1388
1472,31,1503,0.1388
1467,31,1498,0.1388
1464,31,1495,0.1388
1461,30,1491,0.1388
1461,31,1492,0.1388
1460,31,1491,0.1388
1457,29,1486,0.1388
1463,32,1495,0.1388
1459,33,1492,0.1388
1455,33,1488,0.1388
1471,34,1505,0.1388
1465,34,1499,0.1388
1458,32,1490,0.1388
1457,32,1489,0.1388
1459,32,1491,0.1388
1460,32,1492,0.1388
1453,32,1485,0.1388
1452,31,1483,0.1388
1463,31,1494,0.1388
1451,29,1480,0.1388
1464,30,1494,0.1388
1454,32,1486,0.1388
1457,32,1489,0.1388
1456,32,1488,0.1388
1466,35,1501,0.1388
1468,35,1503,0.1388
1460,35,1495,0.1388
1454,36,1490,0.1388
1460,37,1497,0.1388
1466,38,1504,0.1388
1466,39,1505,0.1388
1448,39,1487,0.1388
1446,40,1486,0.1388
1447,41,1488,0.1388
1450,42,1492,0.1388
1452,43,1495,0.1388
1453,42,1495,0.1388
1446,42,1488,0.1388
1457,43,1500,0.1388
1463,44,1507,0.1388
1455,42,1497,0.1388
1457,40,1497,0.1388
1450,44,1494,0.1388
1443,43,1486,0.1388
1440,44,1484,0.1388
1437,45,1482,0.1388
1439,45,1484,0.1388
1456,44,1500,0.1388
1449,46,1495,0.1388
1453,45,1498,0.1388
1454,45,1499,0.1388
1445,45,1490,0.1388
1449,46,1495,0.1388
1457,46,1503,0.1388
1454,45,1499,0.1388
1447,49,1496,0.1388
1459,48,1507,0.1388
1451,50,1501,0.1388
1460,49,1509,0.1388
1464,47,1511,0.1388
1459,49,1508,0.1388
1464,48,1512,0.1388
1453,49,1502,0.1388
1449,50,1499,0.1388
1457,51,1508,0.1388
1453,49,1502,0.1388
1466,49,1515,0.1388
1453,51,1504,0.1388
1450,51,1501,0.1388
1453,53,1506,0.1388
1452,52,1504,0.1388
1464,54,1518,0.1388
1454,52,1506,0.1388
1460,53,1513,0.1388
1453,55,1508,0.1388
1439,57,1496,0.1388
1444,57,1501,0.1388
1430,52,1482,0.1388
1430,53,1483,0.1388
1433,54,1487,0.1388
1447,54,1501,0.1388
1448,53,1501,0.1388
1454,54,1508,0.1388
1429,52,1481,0.1388
1435,54,1489,0.1388
1436,55,1491,0.1388
1430,58,1488,0.1388
1419,60,1479,0.1388
1434,60,1494,0.1388
1428,59,1487,0.1388
1430,59,1489,0.1388
1431,59,1490,0.1388
1414,61,1475,0.1388
1423,60,1483,0.1388
1442,62,1504,0.1388
1442,59,1501,0.1388
1440,57,1497,0.1388
1461,57,1518,0.1388
1458,58,1516,0.1388
1444,57,1501,0.1388
1435,58,1493,0.1388
1434,59,1493,0.1388
1424,59,1483,0.1388
1434,58,1492,0.1388
1435,61,1496,0.1388
1434,60,1494,0.1388
1427,61,1488,0.1388
1426,61,1487,0.1388
1431,62,1493,0.1388
1433,59,1492,0.1388
1434,60,1494,0.1388
1428,59,1487,0.1388
1434,59,1493,0.1388
1430,64,1494,0.1388
1426,67,1493,0.1388
1435,64,1499,0.1388
1447,65,1512,0.1388
1447,63,1510,0.1388
1435,64,1499,0.1388
1434,65,1499,0.1388
1426,69,1495,0.1388
1431,69,1500,0.1388
1424,68,1492,0.1388
1421,67,1488,0.1388
1416,69,1485,0.1388
1417,67,1484,0.1388
1414,68,1482,0.1388
1419,69,1488,0.1388
1428,69,1497,0.1388
1436,69,1505,0.1388
1430,69,1499,0.1388
1413,72,1485,0.1388
1414,74,1488,0.1388
1432,75,1507,0.1388
1430,74,1504,0.1388
1432,74,1506,0.1388
1428,75,1503,0.1388
1435,75,1510,0.1388
1429,76,1505,0.1388
1413,72,1485,0.1388
1417,70,1487,0.1388
1434,69,1503,0.1388
1424,65,1489,0.1388
1427,63,1490,0.1388
1441,65,1506,0.1388
1440,65,1505,0.1388
1419,67,1486,0.1388
1415,70,1485,0.1388
1421,70,1491,0.1388
1433,72,1505,0.1388
1429,74,1503,0.1388
1436,73,1509,0.1388
1419,72,1491,0.1388
1422,74,1496,0.1388
1416,74,1490,0.1388
1415,72,1487,0.1388
1417,72,1489,0.1388
1422,71,1493,0.1388
1416,70,1486,0.1388
1422,74,1496,0.1388
1428,74,1502,0.1388
1432,75,1507,0.1388
1441,74,1515,0.1388
1426,77,1503,0.1388
1424,76,1500,0.1388
1430,77,1507,0.1388
1420,79,1499,0.1388
1421,81,1502,0.1388
1411,79,1490,0.1388
1404,77,1481,0.1388
1411,78,1489,0.1388
1411,78,1489,0.1388
1429,77,1506,0.1388
1433,78,1511,0.1388
1413,76,1489,0.1388
1417,78,1495,0.1388
1423,80,1503,0.1388
1430,81,1511,0.1388
1414,86,1500,0.1388
1419,84,1503,0.1388
1410,81,1491,0.1388
1421,84,1505,0.1388
1409,87,1496,0.1388
1402,87,1489,0.1388
1391,87,1478,0.1388
1401,90,1491,0.1388
1408,89,1497,0.1388
1416,91,1507,0.1388
1415,89,1504,0.1388
1395,92,1487,0.1388
1393,86,1479,0.1388
1405,88,1493,0.1388
1402,89,1491,0.1388
1402,90,1492,0.1388
1412,90,1502,0.1388
1417,89,1506,0.1388
1415,91,1506,0.1388
1407,95,1502,0.1388
1409,96,1505,0.1388
1402,97,1499,0.1388
1403,95,1498,0.1388
1406,97,1503,0.1388
1393,96,1489,0.1388
1395,96,1491,0.1388
1405,95,1500,0.1388
1413,98,1511,0.1388
1406,99,1505,0.1388
1396,101,1497,0.1388
1396,99,1495,0.1388
1406,96,1502,0.1388
1399,94,1493,0.1388
1404,96,1500,0.1388
1385,96,1481,0.1388
1402,92,1494,0.1388
1403,93,1496,0.1388
1408,96,1504,0.1388
1420,93,1513,0.1388
1411,97,1508,0.1388
1407,96,1503,0.1388
1415,98,1513,0.1388
1413,96,1509,0.1388
1409,96,1505,0.1388
1404,98,1502,0.1388
1406,98,1504,0.1388
1405,100,1505,0.1388
1400,98,1498,0.1388
1403,98,1501,0.1388
1419,98,1517,0.1388
1405,100,1505,0.1388
1410,102,1512,0.1388
1399,105,1504,0.1388
1397,105,1502,0.1388
1408,105,1513,0.1388
1397,106,1503,0.1388
1405,107,1512,0.1388
1412,106,1518,0.1388
1399,104,1503,0.1388
1395,105,1500,0.1388
1396,110,1506,0.1388
1395,109,1504,0.1388
1396,108,1504,0.1388
1399,105,1504,0.1388
1397,100,1497,0.1388
1391,105,1496,0.1388
1384,102,1486,0.1388
1387,101,1488,0.1388
1400,99,1499,0.1388
1397,98,1495,0.1388
1399,98,1497,0.1388
1397,100,1497,0.1388
1388,101,1489,0.1388
1379,100,1479,0.1388
1385,101,1486,0.1388
1384,98,1482,0.1388
1388,99,1487,0.1388
1394,94,1488,0.1388
1397,93,1490,0.1388
1398,97,1495,0.1388
1397,94,1491,0.1388
1406,93,1499,0.1388
1410,95,1505,0.1388
1405,97,1502,0.1388
1410,98,1508,0.1388
1400,98,1498,0.1388
1403,96,1499,0.1388
1407,97,1504,0.1388
1395,97,1492,0.1388
1401,93,1494,0.1388
1396,95,1491,0.1388
1404,97,1501,0.1388
1413,92,1505,0.1388
1411,93,1504,0.1388
1410,95,1505,0.1388
1418,96,1514,0.1388
1416,97,1513,0.1388
1421,97,1518,0.1388
1413,98,1511,0.1388
1405,98,1503,0.1388
1408,98,1506,0.1388
1406,98,1504,0.1388
1410,99,1509,0.1388
1396,101,1497,0.1388
1392,101,1493,0.1388
1390,102,1492,0.1388
1391,106,1497,0.1388
1392,102,1494,0.1388
1391,102,1493,0.1388
1382,106,1488,0.1388
1380,106,1486,0.1388
1391,105,1496,0.1388
1385,102,1487,0.1388
1381,104,1485,0.1388
1377,104,1481,0.1388
1384,105,1489,0.1388
1372,102,1474,0.1388
1385,107,1492,0.1388
1392,109,1501,0.1388
1394,109,1503,0.1388
1382,108,1490,0.1388
1380,105,1485,0.1388
1372,105,1477,0.1388
1377,108,1485,0.1388
1391,108,1499,0.1388
1393,108,1501,0.1388
1401,109,1510,0.1388
1395,109,1504,0.1388
1400,111,1511,0.1388
1391,112,1503,0.1388
1386,109,1495,0.1388
1384,108,1492,0.1388
1380,105,1485,0.1388
1387,108,1495,0.1388
1393,106,1499,0.1388
1390,102,1492,0.1388
1395,100,1495,0.1388
1386,102,1488,0.1388
1371,101,1472,0.1388
1367,103,1470,0.1388
1383,107,1490,0.1388
1386,107,1493,0.1388
1396,105,1501,0.1388
1393,103,1496,0.1388
1395,104,1499,0.1388
1401,104,1505,0.1388
1393,102,1495,0.1388
1385,108,1493,0.1388
1373,108,1481,0.1388
1384,106,1490,0.1388
1395,104,1499,0.1388
1396,102,1498,0.1388
1399,100,1499,0.1388
1389,99,1488,0.1388
1392,100,1492,0.1388
1391,102,1493,0.1388
1379,106,1485,0.1388
1387,103,1490,0.1388
1392,103,1495,0.1388
1396,107,1503,0.1388
1400,109,1509,0.1388
1394,108,1502,0.1388
1397,112,1509,0.1388
1401,110,1511,0.1388
1393,111,1504,0.1388
1396,112,1508,0.1388
1396,114,1510,0.1388
1401,116,1517,0.1388
1405,117,1522,0.1388
1394,115,1509,0.1388
1394,114,1508,0.1388
1392,113,1505,0.1388
1387,113,1500,0.1388
1391,117,1508,0.1388
1385,120,1505,0.1388
1386,115,1501,0.1388
1378,112,1490,0.1388
1375,115,1490,0.1388
1376,113,1489,0.1388
1387,113,1500,0.1388
1389,113,1502,0.1388
1390,111,1501,0.1388
1390,108,1498,0.1388
1395,109,1504,0.1388
1394,112,1506,0.1388
1385,112,1497,0.1388
1383,111,1494,0.1388
1372,111,1483,0.1388
1380,112,1492,0.1388
1379,111,1490,0.1388
1387,112,1499,0.1388
1383,109,1492,0.1388
1391,113,1504,0.1388
1392,111,1503,0.1388
1389,113,1502,0.1388
1387,114,1501,0.1388
1388,114,1502,0.1388
1400,117,1517,0.1388
1385,117,1502,0.1388
1383,118,1501,0.1388
1380,117,1497,0.1388
1376,115,1491,0.1388
1379,112,1491,0.1388
1359,112,1471,0.1388
1365,116,1481,0.1388
1375,116,1491,0.1388
1375,117,1492,0.1388
1380,115,1495,0.1388
1377,113,1490,0.1388
1360,116,1476,0.1388
1361,119,1480,0.1388
1367,117,1484,0.1388
1373,118,1491,0.1388
1384,120,1504,0.1388
1382,119,1501,0.1388
1364,123,1487,0.1388
1370,119,1489,0.1388
1376,118,1494,0.1388
1377,116,1493,0.1388
1373,122,1495,0.1388
1372,118,1490,0.1388
1383,120,1503,0.1388
1374,118,1492,0.1388
1370,119,1489,0.1388
1364,117,1481,0.1388
1386,119,1505,0.1388
1387,118,1505,0.1388
1380,110,1490,0.1388
1374,117,1491,0.1388
1377,119,1496,0.1388
1372,122,1494,0.1388
1373,121,1494,0.1388
1380,117,1497,0.1388
1384,120,1504,0.1388
1383,122,1505,0.1388
1370,118,1488,0.1388
1384,118,1502,0.1388
1379,120,1499,0.1388
1371,117,1488,0.1388
1370,121,1491,0.1388
1383,117,1500,0.1388
1377,118,1495,0.1388
1381,120,1501,0.1388
1390,123,1513,0.1388
1386,121,1507,0.1388
1370,123,1493,0.1388
1362,128,1490,0.1388
1382,126,1508,0.1388
1364,125,1489,0.1388
1368,126,1494,0.1388
1378,126,1504,0.1388
1383,122,1505,0.1388
1388,124,1512,0.1388
1365,125,1490,0.1388
1370,127,1497,0.1388
1379,123,1502,0.1388
1382,123,1505,0.1388
1372,118,1490,0.1388
1374,119,1493,0.1388
1373,122,1495,0.1388
1364,121,1485,0.1388
1365,123,1488,0.1388
1364,122,1486,0.1388
1354,126,1480,0.1388
1353,128,1481,0.1388
1358,127,1485,0.1388
1364,127,1491,0.1388
1375,129,1504,0.1388
1371,127,1498,0.1388
1365,126,1491,0.1388
1358,130,1488,0.1388
1365,134,1499,0.1388
1353,136,1489,0.1388
1358,136,1494,0.1388
1350,135,1485,0.1388
1349,133,1482,0.1388
1366,132,1498,0.1388
1367,130,1497,0.1388
1365,127,1492,0.1388
1364,131,1495,0.1388
1357,133,1490,0.1388
1362,135,1497,0.1388
1368,135,1503,0.1388
1357,133,1490,0.1388
1362,133,1495,0.1388
1358,132,1490,0.1388
1350,130,1480,0.1388
1349,129,1478,0.1388
1355,131,1486,0.1388
1356,130,1486,0.1388
1353,127,1480,0.1388
1350,127,1477,0.1388
1358,131,1489,0.1388
1365,130,1495,0.1388
1368,130,1498,0.1388
1374,132,1506,0.1388
1373,131,1504,0.1388
1380,130,1510,0.1388
1361,132,1493,0.1388
1368,128,1496,0.1388
1345,133,1478,0.1388
1357,128,1485,0.1388
1354,132,1486,0.1388
1345,137,1482,0.1388
1356,138,1494,0.1388
1345,136,1481,0.1388
1359,140,1499,0.1388
1374,141,1515,0.1388
1383,141,1524,0.1388
1380,136,1516,0.1388
1383,139,1522,0.1388
1381,136,1517,0.1388
1368,138,1506,0.1388
1357,137,1494,0.1388
1361,137,1498,0.1388
1366,134,1500,0.1388
1363,134,1497,0.1388
1364,133,1497,0.1388
1369,137,1506,0.1388
1367,141,1508,0.1388
1370,142,1512,0.1388
1355,143,1498,0.1388
1348,142,1490,0.1388
1347,142,1489,0.1388
1353,146,1499,0.1388
1354,147,1501,0.1388
1334,150,1484,0.1388
1330,152,1482,0.1388
1340,150,1490,0.1388
1356,149,1505,0.1388
1344,150,1494,0.1388
1343,148,1491,0.1388
1342,146,1488,0.1388
1333,146,1479,0.1388
1346,147,1493,0.1388
1336,149,1485,0.1388
1347,151,1498,0.1388
1353,151,1504,0.1388
1351,153,1504,0.1388
1358,152,1510,0.1388
1346,149,1495,0.1388
1346,151,1497,0.1388
1342,152,1494,0.1388
1342,152,1494,0.1388
1355,155,1510,0.1388
1352,154,1506,0.1388
1349,162,1511,0.1388
1350,159,1509,0.1388
1346,160,1506,0.1388
1352,159,1511,0.1388
1345,155,1500,0.1388
1345,149,1494,0.1388
1348,145,1493,0.1388
1346,144,1490,0.1388
1352,143,1495,0.1388
1354,140,1494,0.1388
1344,141,1485,0.1388
1339,144,1483,0.1388
1340,146,1486,0.1388
1339,147,1486,0.1388
1348,144,1492,0.1388
1346,142,1488,0.1388
1345,142,1487,0.1388
1337,139,1476,0.1388
1338,138,1476,0.1388
1341,134,1475,0.1388
1354,133,1487,0.1388
1366,136,1502,0.1388
1361,136,1497,0.1388
1363,137,1500,0.1388
1364,134,1498,0.1388
1347,130,1477,0.1388
1343,132,1475,0.1388
1336,133,1469,0.1388
1339,131,1470,0.1388
1355,132,1487,0.1388
1363,141,1504,0.1388
1370,141,1511,0.1388
1358,140,1498,0.1388
1364,138,1502,0.1388
1356,139,1495,0.1388
1356,140,1496,0.1388
1346,140,1486,0.1388
1342,141,1483,0.1388
1344,143,1487,0.1388
1346,144,1490,0.1388
1346,151,1497,0.1388
1345,149,1494,0.1388
1341,153,1494,0.1388
1335,153,1488,0.1388
1347,150,1497,0.1388
1340,147,1487,0.1388
1344,151,1495,0.1388
1330,156,1486,0.1388
1335,157,1492,0.1388
1332,156,1488,0.1388
1329,159,1488,0.1388
1332,157,1489,0.1388
1342,160,1502,0.1388
1337,155,1492,0.1388
1340,161,1501,0.1388
1336,160,1496,0.1388
1332,160,1492,0.1388
1329,166,1495,0.1388
1333,162,1495,0.1388
1341,168,1509,0.1388
1330,170,1500,0.1388
1340,171,1511,0.1388
1334,170,1504,0.1388
1327,169,1496,0.1388
1321,170,1491,0.1388
1316,172,1488,0.1388
1314,171,1485,0.1388
1314,171,1485,0.1388
1319,175,1494,0.1388
1304,171,1475,0.1388
1315,172,1487,0.1388
1309,171,1480,0.1388
1309,176,1485,0.1388
1304,182,1486,0.1388
1319,179,1498,0.1388
1327,174,1501,0.1388
1323,172,1495,0.1388
1326,174,1500,0.1388
1329,174,1503,0.1388
1316,168,1484,0.1388
1313,167,1480,0.1388
1332,169,1501,0.1388
1339,172,1511,0.1388
1328,172,1500,0.1388
1322,174,1496,0.1388
1319,174,1493,0.1388
1328,175,1503,0.1388
1327,172,1499,0.1388
1316,178,1494,0.1388
1322,185,1507,0.1388
1306,185,1491,0.1388
1312,184,1496,0.1388
1313,185,1498,0.1388
1300,178,1478,0.1388
1310,177,1487,0.1388
1314,182,1496,0.1388
1315,189,1504,0.1388
1306,187,1493,0.1388
1310,187,1497,0.1388
1304,186,1490,0.1388
1305,189,1494,0.1388
1301,184,1485,0.1388
1314,184,1498,0.1388
1308,186,1494,0.1388
1307,183,1490,0.1388
1308,183,1491,0.1388
1315,179,1494,0.1388
1321,178,1499,0.1388
1331,181,1512,0.1388
1323,180,1503,0.1388
1328,181,1509,0.1388
1317,181,1498,0.1388
1325,180,1505,0.1388
1326,176,1502,0.1388
1326,171,1497,0.1388
1327,172,1499,0.1388
1337,170,1507,0.1388
1342,172,1514,0.1388
1318,171,1489,0.1388
1316,171,1487,0.1388
1315,173,1488,0.1388
1317,176,1493,0.1388
1338,176,1514,0.1388
1332,172,1504,0.1388
1337,176,1513,0.1388
1330,178,1508,0.1388
1320,177,1497,0.1388
1328,183,1511,0.1388
1320,182,1502,0.1388
1305,177,1482,0.1388
1299,174,1473,0.1388
1290,176,1466,0.1388
1311,177,1488,0.1388
1319,185,1504,0.1388
1325,180,1505,0.1388
1327,186,1513,0.1388
1310,185,1495,0.1388
1317,188,1505,0.1388
1312,190,1502,0.1388
1308,196,1504,0.1388
1302,197,1499,0.1388
1298,195,1493,0.1388
1310,199,1509,0.1388
1302,203,1505,0.1388
1295,203,1498,0.1388
1305,197,1502,0.1388
1308,193,1501,0.1388
1312,198,1510,0.1388
1292,204,1496,0.1388
1293,201,1494,0.1388
1295,204,1499,0.1388
1303,206,1509,0.1388
1294,204,1498,0.1388
1289,203,1492,0.1388
1289,206,1495,0.1388
1290,205,1495,0.1388
1284,208,1492,0.1388
1294,208,1502,0.1388
1297,212,1509,0.1388
1291,214,1505,0.1388
1297,212,1509,0.1388
1291,214,1505,0.1388
1281,213,1494,0.1388
1283,213,1496,0.1388
1287,214,1501,0.1388
1282,213,1495,0.1388
1288,208,1496,0.1388
1281,216,1497,0.1388
1285,215,1500,0.1388
1280,215,1495,0.1388
1276,224,1500,0.1388
1275,224,1499,0.1388
1274,226,1500,0.1388
1265,221,1486,0.1388
1271,224,1495,0.1388
1267,224,1491,0.1388
1266,223,1489,0.1388
1278,224,1502,0.1388
1275,225,1500,0.1388
1276,230,1506,0.1388
1274,233,1507,0.1388
1270,230,1500,0.1388
1269,232,1501,0.1388
1262,238,1500,0.1388
1256,241,1497,0.1388
1266,235,1501,0.1388
1263,234,1497,0.1388
1269,239,1508,0.1388
1267,233,1500,0.1388
1263,229,1492,0.1388
1253,234,1487,0.1388
1256,241,1497,0.1388
1257,241,1498,0.1388
1257,239,1496,0.1388
1261,242,1503,0.1388
1250,238,1488,0.1388
1239,236,1475,0.1388
1232,240,1472,0.1388
1242,241,1483,0.1388
1248,245,1493,0.1388
1246,251,1497,0.1388
1243,255,1498,0.1388
1242,253,1495,0.1388
1248,255,1503,0.1388
1260,256,1516,0.1388
1249,254,1503,0.1388
1256,249,1505,0.1388
1242,247,1489,0.1388
1233,251,1484,0.1388
1244,255,1499,0.1388
1243,253,1496,0.1388
1252,244,1496,0.1388
1249,244,1493,0.1388
1256,244,1500,0.1388
1256,248,1504,0.1388
1248,253,1501,0.1388
1251,252,1503,0.1388
1251,254,1505,0.1388
1250,253,1503,0.1388
1250,255,1505,0.1388
1249,248,1497,0.1388
1239,245,1484,0.1388
1235,243,1478,0.1388
1250,248,1498,0.1388
1248,251,1499,0.1388
1254,253,1507,0.1388
1250,251,1501,0.1388
1246,254,1500,0.1388
1254,259,1513,0.1388
1252,256,1508,0.1388
1244,260,1504,0.1388
1242,250,1492,0.1388
1230,257,1487,0.1388
1232,256,1488,0.1388
1232,260,1492,0.1388
1227,256,1483,0.1388
1222,254,1476,0.1388
1223,250,1473,0.1388
1225,256,1481,0.1388
1230,265,1495,0.1388
1235,264,1499,0.1388
1236,260,1496,0.1388
1242,260,1502,0.1388
1237,265,1502,0.1388
1237,267,1504,0.1388
1247,267,1514,0.1388
1243,265,1508,0.1388
1246,268,1514,0.1388
1235,272,1507,0.1388
1221,267,1488,0.1388
1221,271,1492,0.1388
1206,271,1477,0.1388
1214,273,1487,0.1388
1211,274,1485,0.1388
1219,272,1491,0.1388
1210,275,1485,0.1388
1223,276,1499,0.1388
1223,272,1495,0.1388
1226,275,1501,0.1388
1215,279,1494,0.1388
1218,278,1496,0.1388
1212,284,1496,0.1388
1212,286,1498,0.1388
1219,284,1503,0.1388
1206,276,1482,0.1388
1203,281,1484,0.1388
1213,279,1492,0.1388
1226,286,1512,0.1388
1211,296,1507,0.1388
1206,293,1499,0.1388
1209,292,1501,0.1388
1199,299,1498,0.1388
1189,298,1487,0.1388
1200,300,1500,0.1388
1202,294,1496,0.1388
1206,301,1507,0.1388
1198,301,1499,0.1388
1200,301,1501,0.1388
1211,301,1512,0.1388
1209,303,1512,0.1388
1210,305,1515,0.1388
1197,304,1501,0.1388
1203,307,1510,0.1388
1202,302,1504,0.1388
1199,303,1502,0.1388
1201,304,1505,0.1388
1203,309,1512,0.1388
1191,307,1498,0.1388
1190,306,1496,0.1388
1200,309,1509,0.1388
1184,311,1495,0.1388
1205,315,1520,0.1388
1194,319,1513,0.1388
1197,306,1503,0.1388
1207,302,1509,0.1388
1213,300,1513,0.1388
1201,303,1504,0.1388
1188,306,1494,0.1388
1180,306,1486,0.1388
1179,311,1490,0.1388
1197,313,1510,0.1388
1186,315,1501,0.1388
1194,316,1510,0.1388
1193,319,1512,0.1388
1181,319,1500,0.1388
1181,328,1509,0.1388
1179,328,1507,0.1388
1174,326,1500,0.1388
1169,329,1498,0.1388
1166,333,1499,0.1388
1155,336,1491,0.1388
1174,337,1511,0.1388
1167,338,1505,0.1388
1168,346,1514,0.1388
1172,341,1513,0.1388
1169,336,1505,0.1388
1164,334,1498,0.1388
1155,330,1485,0.1388
1175,322,1497,0.1388
1172,325,1497,0.1388
1181,320,1501,0.1388
1176,327,1503,0.1388
1164,334,1498,0.1388
1173,336,1509,0.1388
1163,335,1498,0.1388
1164,335,1499,0.1388
1166,334,1500,0.1388
1161,340,1501,0.1388
1163,340,1503,0.1388
1154,346,1500,0.1388
1161,344,1505,0.1388
1160,338,1498,0.1388
1154,339,1493,0.1388
1142,346,1488,0.1388
1144,343,1487,0.1388
1155,342,1497,0.1388
1157,345,1502,0.1388
1143,350,1493,0.1388
1143,356,1499,0.1388
1128,353,1481,0.1388
1138,343,1481,0.1388
1141,348,1489,0.1388
1136,347,1483,0.1388
1131,353,1484,0.1388
1137,362,1499,0.1388
1135,358,1493,0.1388
1134,361,1495,0.1388
1136,366,1502,0.1388
1130,361,1491,0.1388
1142,363,1505,0.1388
1145,361,1506,0.1388
1142,359,1501,0.1388
1138,358,1496,0.1388
1153,363,1516,0.1388
1156,357,1513,0.1388
1146,353,1499,0.1388
1140,359,1499,0.1388
1133,356,1489,0.1388
1137,362,1499,0.1388
1140,366,1506,0.1388
1132,361,1493,0.1388
1138,363,1501,0.1388
1141,363,1504,0.1388
1144,367,1511,0.1388
1139,366,1505,0.1388
1143,364,1507,0.1388
1137,370,1507,0.1388
1139,370,1509,0.1388
1147,369,1516,0.1388
1144,368,1512,0.1388
1139,370,1509,0.1388
1134,369,1503,0.1388
1132,371,1503,0.1388
1130,370,1500,0.1388
1125,376,1501,0.1388
1124,378,1502,0.1388
1129,372,1501,0.1388
1125,371,1496,0.1388
1106,375,1481,0.1388
1116,375,1491,0.1388
1117,377,1494,0.1388
1111,389,1500,0.1388
1120,390,1510,0.1388
1121,393,1514,0.1388
1120,381,1501,0.1388
1114,375,1489,0.1388
1114,381,1495,0.1388
1119,384,1503,0.1388
1109,387,1496,0.1388
1099,390,1489,0.1388
1101,395,1496,0.1388
1094,395,1489,0.1388
1098,402,1500,0.1388
1099,406,1505,0.1388
1106,399,1505,0.1388
1110,396,1506,0.1388
1113,395,1508,0.1388
1107,406,1513,0.1388
1099,405,1504,0.1388
1101,399,1500,0.1388
1106,401,1507,0.1388
1106,397,1503,0.1388
1096,403,1499,0.1388
1087,404,1491,0.1388
1093,411,1504,0.1388
1093,416,1509,0.1388
1097,409,1506,0.1388
1081,414,1495,0.1388
1096,415,1511,0.1388
1093,421,1514,0.1388
1091,420,1511,0.1388
1084,418,1502,0.1388
1077,419,1496,0.1388
1079,425,1504,0.1388
1069,424,1493,0.1388
1062,430,1492,0.1388
1057,427,1484,0.1388
1061,427,1488,0.1388
1065,431,1496,0.1388
1062,435,1497,0.1388
1065,440,1505,0.1388
1054,434,1488,0.1388
1056,435,1491,0.1388
1052,430,1482,0.1388
1059,434,1493,0.1388
1054,429,1483,0.1388
1063,436,1499,0.1388
1056,433,1489,0.1388
1074,427,1501,0.1388
1071,425,1496,0.1388
1070,426,1496,0.1388
1057,427,1484,0.1388
1062,423,1485,0.1388
1074,430,1504,0.1388
1065,440,1505,0.1388
1053,437,1490,0.1388
1060,440,1500,0.1388
1057,438,1495,0.1388
1070,439,1509,0.1388
1071,436,1507,0.1388
1070,435,1505,0.1388
1063,435,1498,0.1388
1066,442,1508,0.1388
1058,446,1504,0.1388
1055,449,1504,0.1388
1062,449,1511,0.1388
1053,449,1502,0.1388
1053,451,1504,0.1388
1064,445,1509,0.1388
1063,448,1511,0.1388
1064,453,1517,0.1388
1066,452,1518,0.1388
1057,445,1502,0.1388
1056,445,1501,0.1388
1038,452,1490,0.1388
1041,451,1492,0.1388
1049,453,1502,0.1388
1058,450,1508,0.1388
1048,450,1498,0.1388
1047,448,1495,0.1388
1053,454,1507,0.1388
1047,454,1501,0.1388
1055,450,1505,0.1388
1056,449,1505,0.1388
1042,453,1495,0.1388
1039,457,1496,0.1388
1042,453,1495,0.1388
1048,462,1510,0.1388
1040,463,1503,0.1388
1039,471,1510,0.1388
1039,472,1511,0.1388
1034,460,1494,0.1388
1039,464,1503,0.1388
1057,460,1517,0.1388
1056,460,1516,0.1388
1056,464,1520,0.1388
1051,459,1510,0.1388
1055,454,1509,0.1388
1054,450,1504,0.1388
1047,453,1500,0.1388
1038,457,1495,0.1388
1046,462,1508,0.1388
1031,462,1493,0.1388
1033,460,1493,0.1388
1037,465,1502,0.1388
1039,468,1507,0.1388
1039,473,1512,0.1388
1029,462,1491,0.1388
1038,472,1510,0.1388
1035,473,1508,0.1388
1037,475,1512,0.1388
1032,475,1507,0.1388
1031,472,1503,0.1388
1030,473,1503,0.1388
1016,463,1479,0.1388
1012,471,1483,0.1388
1015,464,1479,0.1388
1023,464,1487,0.1388
1015,476,1491,0.1388
1020,483,1503,0.1388
1014,479,1493,0.1388
1013,478,1491,0.1388
1013,481,1494,0.1388
1018,478,1496,0.1388
1021,480,1501,0.1388
1022,483,1505,0.1388
1018,481,1499,0.1388
1012,482,1494,0.1388
997,483,1480,0.1388
1003,482,1485,0.1388
1004,490,1494,0.1388
1019,485,1504,0.1388
1017,493,1510,0.1388
1014,495,1509,0.1388
1003,480,1483,0.1388
1005,483,1488,0.1388
1006,493,1499,0.1388
1006,500,1506,0.1388
1005,502,1507,0.1388
993,496,1489,0.1388
994,501,1495,0.1388
987,503,1490,0.1388
992,506,1498,0.1388
986,508,1494,0.1388
995,506,1501,0.1388
995,497,1492,0.1388
1000,499,1499,0.1388
1004,496,1500,0.1388
1000,499,1499,0.1388
1002,497,1499,0.1388
1009,501,1510,0.1388
1006,505,1511,0.1388
997,510,1507,0.1388
991,510,1501,0.1388
998,504,1502,0.1388
992,515,1507,0.1388
994,511,1505,0.1388
983,504,1487,0.1388
982,508,1490,0.1388
993,512,1505,0.1388
988,513,1501,0.1388
996,511,1507,0.1388
1003,509,1512,0.1388
1001,513,1514,0.1388
1003,506,1509,0.1388
999,505,1504,0.1388
991,513,1504,0.1388
992,512,1504,0.1388
993,510,1503,0.1388
1003,518,1521,0.1388
997,518,1515,0.1388
995,515,1510,0.1388
986,519,1505,0.1388
976,524,1500,0.1388
983,523,1506,0.1388
982,516,1498,0.1388
988,522,1510,0.1388
977,527,1504,0.1388
977,525,1502,0.1388
970,521,1491,0.1388
971,516,1487,0.1388
971,519,1490,0.1388
964,522,1486,0.1388
972,524,1496,0.1388
967,521,1488,0.1388
965,519,1484,0.1388
965,518,1483,0.1388
966,510,1476,0.1388
980,518,1498,0.1388
982,524,1506,0.1388
971,527,1498,0.1388
978,523,1501,0.1388
967,524,1491,0.1388
969,523,1492,0.1388
963,521,1484,0.1388
973,512,1485,0.1388
967,516,1483,0.1388
969,513,1482,0.1388
963,521,1484,0.1388
972,522,1494,0.1388
980,523,1503,0.1388
973,532,1505,0.1388
960,542,1502,0.1388
960,544,1504,0.1388
954,534,1488,0.1388
950,533,1483,0.1388
958,533,1491,0.1388
968,536,1504,0.1388
970,545,1515,0.1388
953,548,1501,0.1388
959,550,1509,0.1388
946,553,1499,0.1388
949,549,1498,0.1388
953,553,1506,0.1388
943,562,1505,0.1388
952,556,1508,0.1388
945,562,1507,0.1388
933,554,1487,0.1388
932,555,1487,0.1388
941,560,1501,0.1388
936,556,1492,0.1388
943,564,1507,0.1388
943,562,1505,0.1388
941,570,1511,0.1388
938,567,1505,0.1388
931,569,1500,0.1388
922,563,1485,0.1388
920,555,1475,0.1388
923,561,1484,0.1388
927,551,1478,0.1388
937,550,1487,0.1388
929,557,1486,0.1388
931,560,1491,0.1388
931,554,1485,0.1388
932,562,1494,0.1388
942,559,1501,0.1388
937,561,1498,0.1388
928,563,1491,0.1388
933,570,1503,0.1388
927,560,1487,0.1388
920,569,1489,0.1388
917,572,1489,0.1388
915,573,1488,0.1388
917,578,1495,0.1388
917,576,1493,0.1388
916,582,1498,0.1388
918,581,1499,0.1388
915,580,1495,0.1388
915,575,1490,0.1388
914,572,1486,0.1388
905,579,1484,0.1388
896,583,1479,0.1388
883,595,1478,0.1388
894,596,1490,0.1388
897,597,1494,0.1388
890,596,1486,0.1388
882,596,1478,0.1388
886,605,1491,0.1388
889,607,1496,0.1388
904,604,1508,0.1388
902,612,1514,0.1388
898,602,1500,0.1388
889,606,1495,0.1388
896,607,1503,0.1388
890,613,1503,0.1388
895,613,1508,0.1388
898,615,1513,0.1388
898,622,1520,0.1388
888,617,1505,0.1388
892,627,1519,0.1388
888,616,1504,0.1388
884,618,1502,0.1388
887,614,1501,0.1388
893,613,1506,0.1388
893,611,1504,0.1388
882,605,1487,0.1388
879,608,1487,0.1388
895,612,1507,0.1388
890,608,1498,0.1388
875,611,1486,0.1388
873,617,1490,0.1388
869,615,1484,0.1388
863,609,1472,0.1388
869,607,1476,0.1388
871,606,1477,0.1388
870,612,1482,0.1388
876,615,1491,0.1388
882,611,1493,0.1388
880,613,1493,0.1388
886,620,1506,0.1388
883,622,1505,0.1388
888,619,1507,0.1388
887,609,1496,0.1388
889,616,1505,0.1388
878,618,1496,0.1388
882,626,1508,0.1388
880,627,1507,0.1388
885,632,1517,0.1388
869,635,1504,0.1388
859,637,1496,0.1388
861,630,1491,0.1388
861,630,1491,0.1388
861,629,1490,0.1388
874,623,1497,0.1388
876,622,1498,0.1388
873,628,1501,0.1388
871,621,1492,0.1388
863,625,1488,0.1388
870,625,1495,0.1388
860,634,1494,0.1388
859,630,1489,0.1388
869,629,1498,0.1388
869,633,1502,0.1388
871,637,1508,0.1388
872,643,1515,0.1388
865,632,1497,0.1388
862,639,1501,0.1388
858,642,1500,0.1388
857,630,1487,0.1388
853,631,1484,0.1388
859,633,1492,0.1388
843,631,1474,0.1388
838,637,1475,0.1388
833,646,1479,0.1388
848,639,1487,0.1388
838,641,1479,0.1388
836,642,1478,0.1388
835,641,1476,0.1388
844,649,1493,0.1388
842,643,1485,0.1388
846,652,1498,0.1388
848,660,1508,0.1388
849,655,1504,0.1388
856,655,1511,0.1388
845,649,1494,0.1388
851,648,1499,0.1388
859,648,1507,0.1388
860,646,1506,0.1388
861,645,1506,0.1388
866,648,1514,0.1388
868,649,1517,0.1388
867,653,1520,0.1388
858,651,1509,0.1388
858,652,1510,0.1388
853,649,1502,0.1388
859,652,1511,0.1388
854,644,1498,0.1388
846,643,1489,0.1388
849,631,1480,0.1388
851,645,1496,0.1388
853,651,1504,0.1388
843,652,1495,0.1388
858,653,1511,0.1388
855,655,1510,0.1388
860,653,1513,0.1388
855,646,1501,0.1388
851,643,1494,0.1388
842,651,1493,0.1388
841,656,1497,0.1388
834,657,1491,0.1388
836,659,1495,0.1388
821,674,1495,0.1388
829,674,1503,0.1388
826,667,1493,0.1388
819,675,1494,0.1388
816,674,1490,0.1388
819,677,1496,0.1388
820,671,1491,0.1388
828,676,1504,0.1388
828,680,1508,0.1388
823,691,1514,0.1388
822,686,1508,0.1388
825,687,1512,0.1388
830,682,1512,0.1388
827,689,1516,0.1388
826,680,1506,0.1388
831,681,1512,0.1388
832,679,1511,0.1388
829,683,1512,0.1388
824,684,1508,0.1388
822,682,1504,0.1388
825,685,1510,0.1388
819,683,1502,0.1388
811,682,1493,0.1388
808,695,1503,0.1388
813,694,1507,0.1388
811,695,1506,0.1388
802,695,1497,0.1388
807,694,1501,0.1388
814,691,1505,0.1388
809,700,1509,0.1388
809,700,1509,0.1388
801,697,1498,0.1388
795,707,1502,0.1388
788,708,1496,0.1388
785,702,1487,0.1388
781,715,1496,0.1388
789,721,1510,0.1388
785,717,1502,0.1388
788,725,1513,0.1388
782,725,1507,0.1388
779,724,1503,0.1388
780,735,1515,0.1388
772,733,1505,0.1388
771,737,1508,0.1388
772,730,1502,0.1388
777,735,1512,0.1388
779,729,1508,0.1388
783,722,1505,0.1388
775,721,1496,0.1388
784,733,1517,0.1388
766,733,1499,0.1388
779,739,1518,0.1388
792,734,1526,0.1388
788,737,1525,0.1388
772,738,1510,0.1388
773,734,1507,0.1388
772,734,1506,0.1388
776,738,1514,0.1388
778,731,1509,0.1388
761,740,1501,0.1388
751,742,1493,0.1388
769,746,1515,0.1388
761,745,1506,0.1388
763,745,1508,0.1388
767,758,1525,0.1388
759,764,1523,0.1388
756,759,1515,0.1388
753,755,1508,0.1388
763,752,1515,0.1388
750,752,1502,0.1388
749,752,1501,0.1388
745,756,1501,0.1388
737,753,1490,0.1388
730,760,1490,0.1388
744,756,1500,0.1388
737,762,1499,0.1388
743,757,1500,0.1388
745,754,1499,0.1388
742,750,1492,0.1388
746,755,1501,0.1388
741,760,1501,0.1388
748,765,1513,0.1388
743,762,1505,0.1388
742,772,1514,0.1388
737,772,1509,0.1388
730,768,1498,0.1388
731,768,1499,0.1388
741,768,1509,0.1388
736,764,1500,0.1388
726,764,1490,0.1388
717,766,1483,0.1388
738,767,1505,0.1388
736,776,1512,0.1388
735,783,1518,0.1388
740,774,1514,0.1388
736,768,1504,0.1388
739,770,1509,0.1388
742,765,1507,0.1388
749,761,1510,0.1388
756,749,1505,0.1388
756,759,1515,0.1388
751,760,1511,0.1388
745,765,1510,0.1388
752,769,1521,0.1388
751,763,1514,0.1388
749,766,1515,0.1388
747,766,1513,0.1388
741,765,1506,0.1388
730,762,1492,0.1388
722,756,1478,0.1388
730,759,1489,0.1388
718,766,1484,0.1388
716,764,1480,0.1388
728,765,1493,0.1388
734,773,1507,0.1388
730,775,1505,0.1388
724,770,1494,0.1388
725,771,1496,0.1388
726,777,1503,0.1388
717,771,1488,0.1388
716,776,1492,0.1388
716,780,1496,0.1388
706,786,1492,0.1388
710,789,1499,0.1388
718,787,1505,0.1388
719,781,1500,0.1388
720,779,1499,0.1388
716,786,1502,0.1388
726,780,1506,0.1388
730,781,1511,0.1388
733,783,1516,0.1388
734,785,1519,0.1388
735,787,1522,0.1388
722,786,1508,0.1388
708,792,1500,0.1388
715,786,1501,0.1388
720,785,1505,0.1388
719,781,1500,0.1388
719,774,1493,0.1388
724,772,1496,0.1388
730,773,1503,0.1388
732,775,1507,0.1388
732,787,1519,0.1388
725,791,1516,0.1388
720,786,1506,0.1388
723,797,1520,0.1388
709,798,1507,0.1388
705,796,1501,0.1388
702,787,1489,0.1388
697,795,1492,0.1388
695,787,1482,0.1388
690,807,1497,0.1388
690,799,1489,0.1388
689,801,1490,0.1388
687,811,1498,0.1388
698,807,1505,0.1388
707,806,1513,0.1388
709,805,1514,0.1388
705,809,1514,0.1388
696,806,1502,0.1388
690,799,1489,0.1388
700,808,1508,0.1388
700,813,1513,0.1388
694,802,1496,0.1388
695,809,1504,0.1388
691,799,1490,0.1388
679,797,1476,0.1388
680,806,1486,0.1388
693,803,1496,0.1388
694,807,1501,0.1388
698,805,1503,0.1388
706,800,1506,0.1388
702,804,1506,0.1388
701,807,1508,0.1388
711,791,1502,0.1388
707,792,1499,0.1388
711,790,1501,0.1388
706,794,1500,0.1388
706,793,1499,0.1388
700,788,1488,0.1388
708,787,1495,0.1388
715,779,1494,0.1388
720,790,1510,0.1388
717,776,1493,0.1388
722,788,1510,0.1388
721,792,1513,0.1388
719,799,1518,0.1388
716,803,1519,0.1388
706,801,1507,0.1388
699,807,1506,0.1388
693,816,1509,0.1388
700,810,1510,0.1388
703,812,1515,0.1388
699,810,1509,0.1388
699,808,1507,0.1388
693,820,1513,0.1388
698,830,1528,0.1388
702,834,1536,0.1388
701,830,1531,0.1388
694,832,1526,0.1388
689,825,1514,0.1388
682,821,1503,0.1388
680,824,1504,0.1388
676,827,1503,0.1388
682,834,1516,0.1388
683,836,1519,0.1388
682,838,1520,0.1388
669,829,1498,0.1388
670,832,1502,0.1388
673,838,1511,0.1388
656,843,1499,0.1388
648,853,1501,0.1388
645,846,1491,0.1388
652,845,1497,0.1388
659,855,1514,0.1388
657,858,1515,0.1388
648,849,1497,0.1388
645,855,1500,0.1388
645,861,1506,0.1388
644,866,1510,0.1388
643,867,1510,0.1388
646,861,1507,0.1388
649,863,1512,0.1388
637,855,1492,0.1388
637,856,1493,0.1388
652,854,1506,0.1388
650,862,1512,0.1388
651,863,1514,0.1388
647,852,1499,0.1388
644,851,1495,0.1388
644,850,1494,0.1388
638,860,1498,0.1388
644,865,1509,0.1388
648,871,1519,0.1388
639,873,1512,0.1388
635,864,1499,0.1388
640,872,1512,0.1388
642,882,1524,0.1388
641,889,1530,0.1388
637,883,1520,0.1388
640,871,1511,0.1388
638,866,1504,0.1388
630,861,1491,0.1388
634,865,1499,0.1388
630,864,1494,0.1388
633,862,1495,0.1388
633,880,1513,0.1388
632,876,1508,0.1388
623,876,1499,0.1388
627,870,1497,0.1388
634,875,1509,0.1388
628,876,1504,0.1388
628,870,1498,0.1388
631,877,1508,0.1388
630,874,1504,0.1388
633,875,1508,0.1388
632,878,1510,0.1388
630,891,1521,0.1388
625,890,1515,0.1388
613,898,1511,0.1388
604,909,1513,0.1388
611,906,1517,0.1388
610,895,1505,0.1388
610,902,1512,0.1388
603,902,1505,0.1388
602,901,1503,0.1388
606,890,1496,0.1388
604,887,1491,0.1388
604,894,1498,0.1388
609,896,1505,0.1388
610,899,1509,0.1388
610,887,1497,0.1388
609,888,1497,0.1388
605,883,1488,0.1388
605,888,1493,0.1388
609,897,1506,0.1388
613,901,1514,0.1388
615,888,1503,0.1388
603,894,1497,0.1388
612,903,1515,0.1388
602,896,1498,0.1388
603,890,1493,0.1388
597,897,1494,0.1388
598,897,1495,0.1388
594,900,1494,0.1388
592,910,1502,0.1388
593,916,1509,0.1388
591,907,1498,0.1388
588,915,1503,0.1388
596,914,1510,0.1388
589,917,1506,0.1388
588,907,1495,0.1388
591,918,1509,0.1388
592,924,1516,0.1388
589,926,1515,0.1388
585,918,1503,0.1388
584,914,1498,0.1388
587,919,1506,0.1388
582,907,1489,0.1388
594,910,1504,0.1388
593,915,1508,0.1388
591,919,1510,0.1388
580,929,1509,0.1388
573,918,1491,0.1388
570,923,1493,0.1388
576,920,1496,0.1388
581,921,1502,0.1388
580,926,1506,0.1388
580,929,1509,0.1388
568,936,1504,0.1388
570,932,1502,0.1388
573,936,1509,0.1388
571,942,1513,0.1388
571,940,1511,0.1388
565,944,1509,0.1388
566,940,1506,0.1388
575,948,1523,0.1388
572,964,1536,0.1388
567,960,1527,0.1388
575,951,1526,0.1388
563,945,1508,0.1388
559,953,1512,0.1388
562,955,1517,0.1388
559,969,1528,0.1388
558,964,1522,0.1388
553,969,1522,0.1388
550,968,1518,0.1388
558,964,1522,0.1388
555,960,1515,0.1388
556,950,1506,0.1388
550,963,1513,0.1388
557,963,1520,0.1388
556,960,1516,0.1388
559,955,1514,0.1388
552,959,1511,0.1388
551,954,1505,0.1388
557,957,1514,0.1388
553,956,1509,0.1388
552,958,1510,0.1388
548,965,1513,0.1388
542,968,1510,0.1388
545,969,1514,0.1388
536,973,1509,0.1388
537,971,1508,0.1388
542,958,1500,0.1388
541,963,1504,0.1388
550,961,1511,0.1388
547,962,1509,0.1388
545,958,1503,0.1388
545,966,1511,0.1388
551,962,1513,0.1388
542,978,1520,0.1388
540,974,1514,0.1388
543,973,1516,0.1388
557,960,1517,0.1388
558,952,1510,0.1388
555,951,1506,0.1388
550,959,1509,0.1388
550,972,1522,0.1388
546,975,1521,0.1388
545,970,1515,0.1388
552,964,1516,0.1388
553,952,1505,0.1388
549,971,1520,0.1388
538,969,1507,0.1388
539,974,1513,0.1388
538,971,1509,0.1388
534,974,1508,0.1388
538,980,1518,0.1388
538,984,1522,0.1388
538,977,1515,0.1388
535,988,1523,0.1388
538,981,1519,0.1388
537,973,1510,0.1388
535,981,1516,0.1388
531,980,1511,0.1388
535,977,1512,0.1388
527,979,1506,0.1388
524,984,1508,0.1388
530,989,1519,0.1388
527,990,1517,0.1388
524,994,1518,0.1388
529,992,1521,0.1388
528,996,1524,0.1388
523,1007,1530,0.1388
521,996,1517,0.1388
519,990,1509,0.1388
521,990,1511,0.1388
518,991,1509,0.1388
520,1003,1523,0.1388
516,1005,1521,0.1388
513,990,1503,0.1388
510,992,1502,0.1388
512,995,1507,0.1388
513,999,1512,0.1388
502,1001,1503,0.1388
503,1011,1514,0.1388
501,1008,1509,0.1388
503,996,1499,0.1388
503,997,1500,0.1388
503,995,1498,0.1388
498,994,1492,0.1388
501,984,1485,0.1388
498,991,1489,0.1388
493,1004,1497,0.1388
493,1009,1502,0.1388
499,1011,1510,0.1388
498,1012,1510,0.1388
501,1013,1514,0.1388
493,1001,1494,0.1388
485,1019,1504,0.1388
491,1011,1502,0.1388
490,1009,1499,0.1388
491,1015,1506,0.1388
489,1015,1504,0.1388
490,1016,1506,0.1388
490,1008,1498,0.1388
494,1014,1508,0.1388
487,1019,1506,0.1388
484,1027,1511,0.1388
494,1022,1516,0.1388
497,1024,1521,0.1388
495,1027,1522,0.1388
493,1026,1519,0.1388
488,1027,1515,0.1388
487,1027,1514,0.1388
477,1026,1503,0.1388
485,1028,1513,0.1388
476,1035,1511,0.1388
475,1031,1506,0.1388
476,1038,1514,0.1388
481,1038,1519,0.1388
482,1041,1523,0.1388
481,1041,1522,0.1388
483,1047,1530,0.1388
479,1043,1522,0.1388
482,1049,1531,0.1388
475,1038,1513,0.1388
471,1038,1509,0.1388
473,1032,1505,0.1388
475,1025,1500,0.1388
473,1020,1493,0.1388
466,1028,1494,0.1388
474,1033,1507,0.1388
476,1040,1516,0.1388
474,1034,1508,0.1388
475,1032,1507,0.1388
480,1030,1510,0.1388
475,1033,1508,0.1388
473,1028,1501,0.1388
472,1032,1504,0.1388
469,1039,1508,0.1388
463,1046,1509,0.1388
471,1045,1516,0.1388
469,1043,1512,0.1388
466,1041,1507,0.1388
466,1038,1504,0.1388
467,1033,1500,0.1388
467,1049,1516,0.1388
461,1049,1510,0.1388
463,1054,1517,0.1388
466,1051,1517,0.1388
465,1049,1514,0.1388
461,1055,1516,0.1388
457,1051,1508,0.1388
452,1056,1508,0.1388
454,1050,1504,0.1388
456,1053,1509,0.1388
460,1053,1513,0.1388
451,1047,1498,0.1388
459,1062,1521,0.1388
458,1058,1516,0.1388
453,1060,1513,0.1388
449,1069,1518,0.1388
449,1067,1516,0.1388
444,1061,1505,0.1388
444,1059,1503,0.1388
453,1065,1518,0.1388
451,1060,1511,0.1388
451,1063,1514,0.1388
455,1066,1521,0.1388
452,1076,1528,0.1388
457,1083,1540,0.1388
458,1071,1529,0.1388
456,1067,1523,0.1388
455,1066,1521,0.1388
453,1052,1505,0.1388
448,1056,1504,0.1388
450,1071,1521,0.1388
455,1084,1539,0.1388
456,1080,1536,0.1388
442,1080,1522,0.1388
443,1078,1521,0.1388
442,1081,1523,0.1388
431,1088,1519,0.1388
430,1088,1518,0.1388
425,1078,1503,0.1388
433,1072,1505,0.1388
440,1067,1507,0.1388
446,1065,1511,0.1388
444,1084,1528,0.1388
445,1080,1525,0.1388
443,1084,1527,0.1388
444,1084,1528,0.1388
437,1082,1519,0.1388
444,1081,1525,0.1388
449,1079,1528,0.1388
436,1059,1495,0.1388
430,1067,1497,0.1388
430,1070,1500,0.1388
428,1075,1503,0.1388
433,1082,1515,0.1388
433,1090,1523,0.1388
429,1086,1515,0.1388
430,1083,1513,0.1388
426,1076,1502,0.1388
428,1074,1502,0.1388
427,1070,1497,0.1388
430,1087,1517,0.1388
421,1072,1493,0.1388
425,1081,1506,0.1388
424,1079,1503,0.1388
426,1077,1503,0.1388
427,1082,1509,0.1388
428,1082,1510,0.1388
432,1087,1519,0.1388
429,1084,1513,0.1388
428,1083,1511,0.1388
427,1087,1514,0.1388
420,1085,1505,0.1388
421,1079,1500,0.1388
420,1069,1489,0.1388
423,1080,1503,0.1388
427,1084,1511,0.1388
420,1084,1504,0.1388
420,1079,1499,0.1388
417,1087,1504,0.1388
415,1082,1497,0.1388
421,1083,1504,0.1388
419,1092,1511,0.1388
422,1090,1512,0.1388
421,1097,1518,0.1388
418,1090,1508,0.1388
418,1098,1516,0.1388
420,1095,1515,0.1388
417,1094,1511,0.1388
416,1101,1517,0.1388
418,1104,1522,0.1388
416,1084,1500,0.1388
407,1095,1502,0.1388
411,1107,1518,0.1388
409,1110,1519,0.1388
408,1098,1506,0.1388
411,1102,1513,0.1388
407,1100,1507,0.1388
398,1107,1505,0.1388
393,1117,1510,0.1388
393,1116,1509,0.1388
393,1115,1508,0.1388
387,1122,1509,0.1388
392,1115,1507,0.1388
393,1126,1519,0.1388
387,1125,1512,0.1388
386,1113,1499,0.1388
385,1114,1499,0.1388
382,1108,1490,0.1388
379,1113,1492,0.1388
384,1113,1497,0.1388
386,1116,1502,0.1388
383,1111,1494,0.1388
389,1119,1508,0.1388
397,1127,1524,0.1388
395,1122,1517,0.1388
398,1123,1521,0.1388
400,1116,1516,0.1388
395,1113,1508,0.1388
393,1114,1507,0.1388
395,1121,1516,0.1388
395,1119,1514,0.1388
384,1108,1492,0.1388
380,1121,1501,0.1388
372,1114,1486,0.1388
378,1125,1503,0.1388
386,1108,1494,0.1388
391,1104,1495,0.1388
390,1111,1501,0.1388
395,1117,1512,0.1388
396,1115,1511,0.1388
394,1116,1510,0.1388
390,1128,1518,0.1388
394,1114,1508,0.1388
393,1122,1515,0.1388
390,1127,1517,0.1388
393,1122,1515,0.1388
393,1117,1510,0.1388
396,1122,1518,0.1388
392,1121,1513,0.1388
390,1107,1497,0.1388
387,1113,1500,0.1388
383,1104,1487,0.1388
386,1105,1491,0.1388
393,1122,1515,0.1388
390,1128,1518,0.1388
391,1121,1512,0.1388
396,1131,1527,0.1388
395,1133,1528,0.1388
391,1136,1527,0.1388
396,1133,1529,0.1388
389,1114,1503,0.1388
383,1115,1498,0.1388
385,1115,1500,0.1388
379,1137,1516,0.1388
373,1140,1513,0.1388
377,1137,1514,0.1388
380,1138,1518,0.1388
386,1141,1527,0.1388
379,1141,1520,0.1388
379,1146,1525,0.1388
378,1145,1523,0.1388
383,1133,1516,0.1388
378,1119,1497,0.1388
377,1135,1512,0.1388
379,1136,1515,0.1388
373,1133,1506,0.1388
375,1126,1501,0.1388
383,1114,1497,0.1388
386,1126,1512,0.1388
391,1123,1514,0.1388
386,1119,1505,0.1388
387,1130,1517,0.1388
391,1121,1512,0.1388
398,1124,1522,0.1388
398,1128,1526,0.1388
396,1129,1525,0.1388
398,1114,1512,0.1388
401,1120,1521,0.1388
403,1124,1527,0.1388
396,1128,1524,0.1388
399,1133,1532,0.1388
398,1134,1532,0.1388
392,1119,1511,0.1388
394,1131,1525,0.1388
395,1128,1523,0.1388
392,1117,1509,0.1388
395,1110,1505,0.1388
385,1112,1497,0.1388
388,1115,1503,0.1388
382,1128,1510,0.1388
389,1132,1521,0.1388
385,1138,1523,0.1388
385,1134,1519,0.1388
384,1140,1524,0.1388
386,1133,1519,0.1388
385,1125,1510,0.1388
382,1122,1504,0.1388
376,1116,1492,0.1388
382,1114,1496,0.1388
379,1117,1496,0.1388
379,1123,1502,0.1388
378,1124,1502,0.1388
382,1129,1511,0.1388
380,1128,1508,0.1388
383,1115,1498,0.1388
387,1111,1498,0.1388
391,1117,1508,0.1388
386,1126,1512,0.1388
378,1119,1497,0.1388
374,1130,1504,0.1388
377,1140,1517,0.1388
381,1139,1520,0.1388
373,1134,1507,0.1388
377,1132,1509,0.1388
376,1140,1516,0.1388
377,1135,1512,0.1388
376,1131,1507,0.1388
375,1133,1508,0.1388
382,1132,1514,0.1388
381,1128,1509,0.1388
379,1140,1519,0.1388
380,1125,1505,0.1388
371,1129,1500,0.1388
379,1136,1515,0.1388
379,1139,1518,0.1388
379,1137,1516,0.1388
380,1136,1516,0.1388
376,1147,1523,0.1388
375,1149,1524,0.1388
373,1143,1516,0.1388
370,1142,1512,0.1388
370,1143,1513,0.1388
369,1149,1518,0.1388
377,1145,1522,0.1388
376,1140,1516,0.1388
376,1147,1523,0.1388
372,1139,1511,0.1388
370,1149,1519,0.1388
373,1148,1521,0.1388
369,1142,1511,0.1388
363,1137,1500,0.1388
358,1143,1501,0.1388
364,1156,1520,0.1388
369,1151,1520,0.1388
368,1155,1523,0.1388
373,1145,1518,0.1388
377,1137,1514,0.1388
377,1139,1516,0.1388
381,1145,1526,0.1388
371,1143,1514,0.1388
364,1150,1514,0.1388
362,1155,1517,0.1388
359,1153,1512,0.1388
359,1149,1508,0.1388
362,1150,1512,0.1388
366,1149,1515,0.1388
364,1151,1515,0.1388
359,1149,1508,0.1388
357,1156,1513,0.1388
362,1158,1520,0.1388
365,1165,1530,0.1388
360,1161,1521,0.1388
361,1153,1514,0.1388
361,1164,1525,0.1388
365,1153,1518,0.1388
370,1153,1523,0.1388
369,1156,1525,0.1388
359,1153,1512,0.1388
362,1152,1514,0.1388
360,1162,1522,0.1388
361,1164,1525,0.1388
357,1156,1513,0.1388
360,1148,1508,0.1388
356,1151,1507,0.1388
353,1152,1505,0.1388
347,1150,1497,0.1388
344,1152,1496,0.1388
353,1155,1508,0.1388
357,1146,1503,0.1388
354,1153,1507,0.1388
356,1168,1524,0.1388
358,1167,1525,0.1388
356,1155,1511,0.1388
357,1154,1511,0.1388
354,1159,1513,0.1388
359,1155,1514,0.1388
357,1158,1515,0.1388
353,1152,1505,0.1388
351,1156,1507,0.1388
354,1154,1508,0.1388
359,1155,1514,0.1388
355,1143,1498,0.1388
357,1147,1504,0.1388
351,1160,1511,0.1388
354,1153,1507,0.1388
355,1149,1504,0.1388
354,1151,1505,0.1388
360,1151,1511,0.1388
360,1151,1511,0.1388
358,1135,1493,0.1388
362,1141,1503,0.1388
362,1141,1503,0.1388
365,1151,1516,0.1388
366,1154,1520,0.1388
368,1159,1527,0.1388
372,1145,1517,0.1388
372,1142,1514,0.1388
370,1148,1518,0.1388
371,1144,1515,0.1388
368,1136,1504,0.1388
366,1144,1510,0.1388
366,1146,1512,0.1388
366,1155,1521,0.1388
371,1155,1526,0.1388
370,1161,1531,0.1388
365,1158,1523,0.1388
367,1151,1518,0.1388
367,1144,1511,0.1388
367,1150,1517,0.1388
370,1144,1514,0.1388
366,1149,1515,0.1388
364,1160,1524,0.1388
358,1150,1508,0.1388
354,1162,1516,0.1388
354,1158,1512,0.1388
344,1168,1512,0.1388
338,1164,1502,0.1388
342,1164,1506,0.1388
337,1162,1499,0.1388
333,1154,1487,0.1388
341,1163,1504,0.1388
344,1164,1508,0.1388
343,1178,1521,0.1388
341,1166,1507,0.1388
332,1168,1500,0.1388
335,1163,1498,0.1388
331,1153,1484,0.1388
333,1154,1487,0.1388
328,1167,1495,0.1388
330,1172,1502,0.1388
337,1183,1520,0.1388
336,1171,1507,0.1388
327,1174,1501,0.1388
330,1187,1517,0.1388
328,1175,1503,0.1388
335,1180,1515,0.1388
332,1181,1513,0.1388
333,1180,1513,0.1388
335,1178,1513,0.1388
334,1172,1506,0.1388
337,1163,1500,0.1388
341,1169,1510,0.1388
332,1175,1507,0.1388
335,1176,1511,0.1388
329,1164,1493,0.1388
334,1166,1500,0.1388
333,1162,1495,0.1388
329,1172,1501,0.1388
330,1177,1507,0.1388
327,1183,1510,0.1388
323,1182,1505,0.1388
325,1184,1509,0.1388
319,1180,1499,0.1388
324,1183,1507,0.1388
315,1184,1499,0.1388
320,1193,1513,0.1388
316,1204,1520,0.1388
319,1191,1510,0.1388
318,1200,1518,0.1388
321,1204,1525,0.1388
319,1202,1521,0.1388
321,1199,1520,0.1388
327,1201,1528,0.1388
323,1196,1519,0.1388
319,1193,1512,0.1388
317,1190,1507,0.1388
317,1190,1507,0.1388
316,1198,1514,0.1388
317,1208,1525,0.1388
321,1199,1520,0.1388
319,1207,1526,0.1388
317,1196,1513,0.1388
314,1201,1515,0.1388
313,1205,1518,0.1388
310,1210,1520,0.1388
300,1206,1506,0.1388
296,1207,1503,0.1388
300,1207,1507,0.1388
297,1216,1513,0.1388
289,1213,1502,0.1388
290,1224,1514,0.1388
291,1224,1515,0.1388
286,1211,1497,0.1388
291,1207,1498,0.1388
296,1207,1503,0.1388
301,1213,1514,0.1388
290,1206,1496,0.1388
288,1207,1495,0.1388
288,1218,1506,0.1388
288,1222,1510,0.1388
285,1222,1507,0.1388
286,1218,1504,0.1388
279,1235,1514,0.1388
282,1229,1511,0.1388
283,1229,1512,0.1388
286,1233,1519,0.1388
288,1231,1519,0.1388
288,1236,1524,0.1388
282,1232,1514,0.1388
277,1247,1524,0.1388
277,1240,1517,0.1388
274,1232,1506,0.1388
274,1226,1500,0.1388
273,1229,1502,0.1388
267,1234,1501,0.1388
269,1245,1514,0.1388
270,1238,1508,0.1388
271,1239,1510,0.1388
275,1230,1505,0.1388
277,1215,1492,0.1388
277,1221,1498,0.1388
281,1226,1507,0.1388
284,1220,1504,0.1388
277,1223,1500,0.1388
277,1225,1502,0.1388
281,1225,1506,0.1388
286,1222,1508,0.1388
284,1226,1510,0.1388
281,1219,1500,0.1388
282,1236,1518,0.1388
279,1226,1505,0.1388
278,1235,1513,0.1388
277,1233,1510,0.1388
279,1223,1502,0.1388
278,1229,1507,0.1388
279,1239,1518,0.1388
280,1235,1515,0.1388
277,1234,1511,0.1388
281,1236,1517,0.1388
276,1232,1508,0.1388
268,1229,1497,0.1388
266,1230,1496,0.1388
271,1231,1502,0.1388
275,1221,1496,0.1388
276,1221,1497,0.1388
279,1223,1502,0.1388
278,1225,1503,0.1388
274,1223,1497,0.1388
280,1221,1501,0.1388
278,1218,1496,0.1388
278,1216,1494,0.1388
276,1223,1499,0.1388
280,1219,1499,0.1388
277,1229,1506,0.1388
276,1238,1514,0.1388
274,1219,1493,0.1388
280,1220,1500,0.1388
272,1220,1492,0.1388
269,1228,1497,0.1388
272,1232,1504,0.1388
278,1237,1515,0.1388
281,1230,1511,0.1388
282,1243,1525,0.1388
285,1229,1514,0.1388
283,1230,1513,0.1388
284,1229,1513,0.1388
284,1234,1518,0.1388
273,1230,1503,0.1388
270,1227,1497,0.1388
269,1231,1500,0.1388
267,1248,1515,0.1388
263,1249,1512,0.1388
265,1249,1514,0.1388
268,1248,1516,0.1388
266,1242,1508,0.1388
260,1234,1494,0.1388
257,1246,1503,0.1388
251,1238,1489,0.1388
262,1228,1490,0.1388
266,1224,1490,0.1388
267,1234,1501,0.1388
268,1231,1499,0.1388
267,1241,1508,0.1388
263,1249,1512,0.1388
262,1240,1502,0.1388
266,1239,1505,0.1388
265,1245,1510,0.1388
264,1241,1505,0.1388
261,1241,1502,0.1388
268,1237,1505,0.1388
265,1251,1516,0.1388
264,1249,1513,0.1388
261,1245,1506,0.1388
266,1253,1519,0.1388
259,1248,1507,0.1388
262,1249,1511,0.1388
261,1246,1507,0.1388
257,1239,1496,0.1388
259,1250,1509,0.1388
264,1248,1512,0.1388
259,1258,1517,0.1388
257,1249,1506,0.1388
253,1249,1502,0.1388
252,1246,1498,0.1388
252,1255,1507,0.1388
252,1257,1509,0.1388
253,1261,1514,0.1388
250,1266,1516,0.1388
254,1278,1532,0.1388
260,1276,1536,0.1388
259,1276,1535,0.1388
258,1267,1525,0.1388
249,1268,1517,0.1388
247,1278,1525,0.1388
248,1280,1528,0.1388
246,1281,1527,0.1388
247,1273,1520,0.1388
244,1278,1522,0.1388
245,1280,1525,0.1388
247,1269,1516,0.1388
249,1262,1511,0.1388
250,1255,1505,0.1388
250,1271,1521,0.1388
253,1267,1520,0.1388
254,1278,1532,0.1388
250,1282,1532,0.1388
247,1273,1520,0.1388
250,1277,1527,0.1388
247,1284,1531,0.1388
254,1275,1529,0.1388
254,1271,1525,0.1388
248,1273,1521,0.1388
250,1270,1520,0.1388
251,1270,1521,0.1388
253,1268,1521,0.1388
250,1262,1512,0.1388
249,1263,1512,0.1388
246,1254,1500,0.1388
252,1267,1519,0.1388
249,1265,1514,0.1388
245,1255,1500,0.1388
243,1262,1505,0.1388
235,1267,1502,0.1388
232,1264,1496,0.1388
240,1264,1504,0.1388
234,1267,1501,0.1388
230,1274,1504,0.1388
232,1278,1510,0.1388
230,1284,1514,0.1388
232,1285,1517,0.1388
231,1284,1515,0.1388
228,1289,1517,0.1388
233,1282,1515,0.1388
233,1292,1525,0.1388
231,1291,1522,0.1388
229,1286,1515,0.1388
229,1277,1506,0.1388
227,1281,1508,0.1388
227,1268,1495,0.1388
231,1275,1506,0.1388
232,1282,1514,0.1388
233,1284,1517,0.1388
234,1289,1523,0.1388
235,1280,1515,0.1388
238,1289,1527,0.1388
235,1281,1516,0.1388
233,1288,1521,0.1388
230,1291,1521,0.1388
227,1296,1523,0.1388
225,1282,1507,0.1388
221,1284,1505,0.1388
221,1292,1513,0.1388
222,1296,1518,0.1388
221,1294,1515,0.1388
221,1303,1524,0.1388
221,1307,1528,0.1388
223,1307,1530,0.1388
224,1302,1526,0.1388
225,1305,1530,0.1388
219,1308,1527,0.1388
212,1303,1515,0.1388
213,1308,1521,0.1388
213,1316,1529,0.1388
213,1311,1524,0.1388
216,1306,1522,0.1388
218,1303,1521,0.1388
221,1290,1511,0.1388
218,1281,1499,0.1388
215,1292,1507,0.1388
213,1293,1506,0.1388
217,1295,1512,0.1388
218,1293,1511,0.1388
225,1292,1517,0.1388
226,1282,1508,0.1388
224,1285,1509,0.1388
217,1287,1504,0.1388
216,1303,1519,0.1388
215,1303,1518,0.1388
215,1305,1520,0.1388
213,1308,1521,0.1388
209,1307,1516,0.1388
210,1306,1516,0.1388
210,1304,1514,0.1388
208,1305,1513,0.1388
210,1303,1513,0.1388
212,1305,1517,0.1388
205,1300,1505,0.1388
202,1308,1510,0.1388
200,1323,1523,0.1388
205,1327,1532,0.1388
206,1318,1524,0.1388
206,1321,1527,0.1388
201,1301,1502,0.1388
200,1306,1506,0.1388
204,1315,1519,0.1388
202,1310,1512,0.1388
203,1295,1498,0.1388
200,1292,1492,0.1388
203,1291,1494,0.1388
202,1309,1511,0.1388
199,1306,1505,0.1388
201,1317,1518,0.1388
197,1325,1522,0.1388
196,1314,1510,0.1388
196,1310,1506,0.1388
199,1309,1508,0.1388
193,1310,1503,0.1388
189,1319,1508,0.1388
183,1318,1501,0.1388
184,1319,1503,0.1388
188,1312,1500,0.1388
192,1322,1514,0.1388
195,1325,1520,0.1388
195,1317,1512,0.1388
193,1341,1534,0.1388
192,1340,1532,0.1388
189,1328,1517,0.1388
190,1334,1524,0.1388
191,1321,1512,0.1388
190,1316,1506,0.1388
190,1319,1509,0.1388
190,1324,1514,0.1388
187,1322,1509,0.1388
184,1322,1506,0.1388
184,1316,1500,0.1388
189,1327,1516,0.1388
187,1321,1508,0.1388
188,1313,1501,0.1388
193,1312,1505,0.1388
193,1317,1510,0.1388
193,1323,1516,0.1388
197,1313,1510,0.1388
197,1315,1512,0.1388
195,1324,1519,0.1388
195,1342,1537,0.1388
196,1331,1527,0.1388
196,1323,1519,0.1388
192,1328,1520,0.1388
192,1329,1521,0.1388
190,1328,1518,0.1388
189,1320,1509,0.1388
188,1316,1504,0.1388
181,1309,1490,0.1388
183,1300,1483,0.1388
185,1306,1491,0.1388
184,1321,1505,0.1388
179,1313,1492,0.1388
185,1307,1492,0.1388
181,1317,1498,0.1388
184,1323,1507,0.1388
183,1318,1501,0.1388
182,1318,1500,0.1388
180,1316,1496,0.1388
184,1315,1499,0.1388
180,1333,1513,0.1388
184,1334,1518,0.1388
179,1345,1524,0.1388
179,1342,1521,0.1388
181,1345,1526,0.1388
179,1340,1519,0.1388
179,1332,1511,0.1388
178,1343,1521,0.1388
180,1341,1521,0.1388
183,1341,1524,0.1388
184,1328,1512,0.1388
181,1339,1520,0.1388
182,1333,1515,0.1388
186,1338,1524,0.1388
185,1327,1512,0.1388
183,1325,1508,0.1388
186,1329,1515,0.1388
185,1325,1510,0.1388
182,1327,1509,0.1388
183,1326,1509,0.1388
183,1330,1513,0.1388
184,1325,1509,0.1388
187,1315,1502,0.1388
187,1321,1508,0.1388
183,1324,1507,0.1388
182,1326,1508,0.1388
185,1335,1520,0.1388
184,1330,1514,0.1388
187,1325,1512,0.1388
184,1320,1504,0.1388
181,1328,1509,0.1388
186,1324,1510,0.1388
183,1327,1510,0.1388
181,1317,1498,0.1388
181,1315,1496,0.1388
184,1325,1509,0.1388
185,1325,1510,0.1388
186,1321,1507,0.1388
186,1332,1518,0.1388
181,1335,1516,0.1388
179,1331,1510,0.1388
183,1339,1522,0.1388
183,1333,1516,0.1388
183,1325,1508,0.1388
186,1324,1510,0.1388
188,1329,1517,0.1388
183,1319,1502,0.1388
180,1329,1509,0.1388
176,1329,1505,0.1388
178,1332,1510,0.1388
180,1326,1506,0.1388
181,1330,1511,0.1388
178,1333,1511,0.1388
180,1341,1521,0.1388
177,1330,1507,0.1388
179,1319,1498,0.1388
182,1339,1521,0.1388
178,1332,1510,0.1388
182,1323,1505,0.1388
182,1328,1510,0.1388
181,1343,1524,0.1388
179,1346,1525,0.1388
179,1339,1518,0.1388
176,1349,1525,0.1388
176,1333,1509,0.1388
177,1341,1518,0.1388
180,1337,1517,0.1388
176,1336,1512,0.1388
177,1350,1527,0.1388
174,1355,1529,0.1388
177,1352,1529,0.1388
174,1354,1528,0.1388
171,1356,1527,0.1388
165,1343,1508,0.1388
170,1336,1506,0.1388
176,1349,1525,0.1388
176,1346,1522,0.1388
176,1355,1531,0.1388
175,1353,1528,0.1388
174,1348,1522,0.1388
173,1347,1520,0.1388
176,1345,1521,0.1388
176,1345,1521,0.1388
176,1350,1526,0.1388
172,1355,1527,0.1388
172,1360,1532,0.1388
175,1355,1530,0.1388
172,1356,1528,0.1388
171,1352,1523,0.1388
170,1359,1529,0.1388
168,1357,1525,0.1388
167,1367,1534,0.1388
170,1357,1527,0.1388
167,1366,1533,0.1388
169,1350,1519,0.1388
171,1362,1533,0.1388
169,1364,1533,0.1388
169,1360,1529,0.1388
168,1365,1533,0.1388
163,1348,1511,0.1388
170,1345,1515,0.1388
175,1355,1530,0.1388
173,1348,1521,0.1388
171,1340,1511,0.1388
173,1344,1517,0.1388
168,1334,1502,0.1388
167,1332,1499,0.1388
166,1330,1496,0.1388
168,1328,1496,0.1388
165,1338,1503,0.1388
164,1336,1500,0.1388
162,1345,1507,0.1388
163,1335,1498,0.1388
160,1338,1498,0.1388
153,1337,1490,0.1388
157,1343,1500,0.1388
160,1337,1497,0.1388
160,1342,1502,0.1388
161,1347,1508,0.1388
164,1346,1510,0.1388
164,1354,1518,0.1388
165,1353,1518,0.1388
171,1350,1521,0.1388
170,1342,1512,0.1388
168,1333,1501,0.1388
167,1339,1506,0.1388
169,1341,1510,0.1388
167,1347,1514,0.1388
170,1355,1525,0.1388
170,1349,1519,0.1388
171,1351,1522,0.1388
170,1354,1524,0.1388
170,1339,1509,0.1388
168,1339,1507,0.1388
168,1342,1510,0.1388
164,1346,1510,0.1388
164,1353,1517,0.1388
166,1356,1522,0.1388
168,1353,1521,0.1388
168,1344,1512,0.1388
172,1341,1513,0.1388
171,1336,1507,0.1388
172,1346,1518,0.1388
172,1341,1513,0.1388
176,1338,1514,0.1388
178,1344,1522,0.1388
176,1352,1528,0.1388
178,1337,1515,0.1388
176,1334,1510,0.1388
168,1334,1502,0.1388
167,1336,1503,0.1388
166,1338,1504,0.1388
167,1338,1505,0.1388
171,1334,1505,0.1388
170,1344,1514,0.1388
175,1348,1523,0.1388
175,1332,1507,0.1388
175,1338,1513,0.1388
175,1338,1513,0.1388
172,1349,1521,0.1388
173,1339,1512,0.1388
171,1344,1515,0.1388
168,1338,1506,0.1388
167,1336,1503,0.1388
169,1339,1508,0.1388
171,1352,1523,0.1388
173,1350,1523,0.1388
177,1345,1522,0.1388
176,1341,1517,0.1388
179,1333,1512,0.1388
180,1339,1519,0.1388
173,1324,1497,0.1388
166,1330,1496,0.1388
172,1337,1509,0.1388
178,1342,1520,0.1388
177,1343,1520,0.1388
181,1346,1527,0.1388
175,1344,1519,0.1388
174,1342,1516,0.1388
181,1343,1524,0.1388
181,1332,1513,0.1388
179,1334,1513,0.1388
177,1341,1518,0.1388
174,1344,1518,0.1388
175,1333,1508,0.1388
174,1331,1505,0.1388
171,1335,1506,0.1388
165,1346,1511,0.1388
165,1347,1512,0.1388
163,1349,1512,0.1388
158,1352,1510,0.1388
161,1344,1505,0.1388
164,1345,1509,0.1388
163,1345,1508,0.1388
164,1345,1509,0.1388
164,1339,1503,0.1388
169,1344,1513,0.1388
163,1348,1511,0.1388
162,1350,1512,0.1388
160,1355,1515,0.1388
160,1356,1516,0.1388
159,1357,1516,0.1388
154,1354,1508,0.1388
147,1364,1511,0.1388
153,1367,1520,0.1388
151,1352,1503,0.1388
151,1357,1508,0.1388
149,1362,1511,0.1388
150,1360,1510,0.1388
145,1357,1502,0.1388
146,1356,1502,0.1388
145,1358,1503,0.1388
147,1363,1510,0.1388
147,1364,1511,0.1388
146,1371,1517,0.1388
150,1375,1525,0.1388
148,1380,1528,0.1388
150,1374,1524,0.1388
153,1376,1529,0.1388
151,1373,1524,0.1388
149,1365,1514,0.1388
147,1366,1513,0.1388
144,1366,1510,0.1388
150,1360,1510,0.1388
148,1368,1516,0.1388
150,1373,1523,0.1388
151,1381,1532,0.1388
149,1384,1533,0.1388
149,1379,1528,0.1388
149,1382,1531,0.1388
147,1376,1523,0.1388
148,1364,1512,0.1388
151,1363,1514,0.1388
147,1358,1505,0.1388
147,1363,1510,0.1388
142,1367,1509,0.1388
149,1373,1522,0.1388
149,1367,1516,0.1388
156,1374,1530,0.1388
149,1364,1513,0.1388
146,1367,1513,0.1388
143,1365,1508,0.1388
142,1372,1514,0.1388
145,1371,1516,0.1388
146,1373,1519,0.1388
144,1367,1511,0.1388
144,1350,1494,0.1388
147,1347,1494,0.1388
146,1361,1507,0.1388
145,1367,1512,0.1388
144,1380,1524,0.1388
140,1373,1513,0.1388
141,1371,1512,0.1388
134,1375,1509,0.1388
138,1368,1506,0.1388
138,1365,1503,0.1388
136,1380,1516,0.1388
134,1363,1497,0.1388
134,1390,1524,0.1388
137,1387,1524,0.1388
133,1380,1513,0.1388
134,1379,1513,0.1388
130,1369,1499,0.1388
132,1376,1508,0.1388
134,1385,1519,0.1388
128,1382,1510,0.1388
130,1388,1518,0.1388
130,1383,1513,0.1388
130,1381,1511,0.1388
129,1377,1506,0.1388
128,1375,1503,0.1388
125,1385,1510,0.1388
125,1373,1498,0.1388
124,1362,1486,0.1388
123,1380,1503,0.1388
122,1387,1509,0.1388
122,1386,1508,0.1388
116,1385,1501,0.1388
119,1374,1493,0.1388
119,1383,1502,0.1388
120,1382,1502,0.1388
121,1391,1512,0.1388
121,1384,1505,0.1388
117,1402,1519,0.1388
117,1383,1500,0.1388
115,1389,1504,0.1388
119,1386,1505,0.1388
120,1392,1512,0.1388
118,1398,1516,0.1388
121,1389,1510,0.1388
117,1387,1504,0.1388
116,1395,1511,0.1388
114,1411,1525,0.1388
118,1409,1527,0.1388
118,1407,1525,0.1388
115,1411,1526,0.1388
109,1426,1535,0.1388
108,1421,1529,0.1388
104,1415,1519,0.1388
104,1412,1516,0.1388
105,1400,1505,0.1388
107,1406,1513,0.1388
104,1410,1514,0.1388
103,1422,1525,0.1388
105,1423,1528,0.1388
104,1413,1517,0.1388
106,1402,1508,0.1388
106,1401,1507,0.1388
104,1409,1513,0.1388
102,1413,1515,0.1388
109,1404,1513,0.1388
109,1408,1517,0.1388
109,1407,1516,0.1388
106,1398,1504,0.1388
111,1399,1510,0.1388
110,1389,1499,0.1388
110,1388,1498,0.1388
111,1407,1518,0.1388
111,1402,1513,0.1388
110,1403,1513,0.1388
105,1393,1498,0.1388
104,1399,1503,0.1388
105,1414,1519,0.1388
106,1407,1513,0.1388
105,1423,1528,0.1388
103,1416,1519,0.1388
101,1423,1524,0.1388
108,1423,1531,0.1388
106,1416,1522,0.1388
109,1408,1517,0.1388
108,1405,1513,0.1388
106,1413,1519,0.1388
107,1404,1511,0.1388
107,1413,1520,0.1388
108,1403,1511,0.1388
106,1407,1513,0.1388
108,1418,1526,0.1388
104,1405,1509,0.1388
103,1411,1514,0.1388
102,1424,1526,0.1388
105,1419,1524,0.1388
106,1408,1514,0.1388
106,1419,1525,0.1388
105,1410,1515,0.1388
106,1397,1503,0.1388
106,1405,1511,0.1388
104,1402,1506,0.1388
104,1408,1512,0.1388
102,1408,1510,0.1388
101,1415,1516,0.1388
101,1415,1516,0.1388
103,1413,1516,0.1388
104,1408,1512,0.1388
102,1406,1508,0.1388
101,1403,1504,0.1388
101,1412,1513,0.1388
99,1420,1519,0.1388
102,1417,1519,0.1388
101,1412,1513,0.1388
100,1420,1520,0.1388
98,1422,1520,0.1388
97,1421,1518,0.1388
95,1421,1516,0.1388
95,1424,1519,0.1388
96,1423,1519,0.1388
93,1419,1512,0.1388
93,1434,1527,0.1388
94,1428,1522,0.1388
90,1433,1523,0.1388
89,1420,1509,0.1388
88,1420,1508,0.1388
87,1423,1510,0.1388
90,1425,1515,0.1388
86,1440,1526,0.1388
88,1443,1531,0.1388
86,1431,1517,0.1388
85,1413,1498,0.1388
85,1418,1503,0.1388
84,1420,1504,0.1388
86,1422,1508,0.1388
84,1430,1514,0.1388
82,1441,1523,0.1388
82,1447,1529,0.1388
79,1430,1509,0.1388
82,1422,1504,0.1388
83,1437,1520,0.1388
81,1444,1525,0.1388
80,1432,1512,0.1388
80,1421,1501,0.1388
74,1424,1498,0.1388
73,1427,1500,0.1388
73,1435,1508,0.1388
71,1429,1500,0.1388
69,1423,1492,0.1388
69,1417,1486,0.1388
71,1421,1492,0.1388
75,1431,1506,0.1388
70,1442,1512,0.1388
70,1445,1515,0.1388
70,1436,1506,0.1388
69,1441,1510,0.1388
69,1441,1510,0.1388
70,1425,1495,0.1388
70,1437,1507,0.1388
69,1443,1512,0.1388
67,1453,1520,0.1388
69,1446,1515,0.1388
64,1458,1522,0.1388
65,1460,1525,0.1388
66,1462,1528,0.1388
66,1442,1508,0.1388
67,1439,1506,0.1388
62,1441,1503,0.1388
60,1441,1501,0.1388
62,1431,1493,0.1388
64,1438,1502,0.1388
65,1443,1508,0.1388
65,1443,1508,0.1388
69,1441,1510,0.1388
71,1438,1509,0.1388
71,1439,1510,0.1388
73,1447,1520,0.1388
71,1443,1514,0.1388
73,1432,1505,0.1388
74,1436,1510,0.1388
76,1436,1512,0.1388
77,1451,1528,0.1388
77,1439,1516,0.1388
78,1440,1518,0.1388
78,1454,1532,0.1388
77,1447,1524,0.1388
74,1433,1507,0.1388
77,1436,1513,0.1388
75,1436,1511,0.1388
70,1440,1510,0.1388
71,1436,1507,0.1388
71,1435,1506,0.1388
68,1429,1497,0.1388
69,1439,1508,0.1388
70,1434,1504,0.1388
71,1438,1509,0.1388
69,1444,1513,0.1388
67,1445,1512,0.1388
66,1454,1520,0.1388
68,1447,1515,0.1388
71,1441,1512,0.1388
68,1440,1508,0.1388
68,1440,1508,0.1388
71,1441,1512,0.1388
69,1437,1506,0.1388
68,1445,1513,0.1388
67,1441,1508,0.1388
67,1445,1512,0.1388
65,1433,1498,0.1388
63,1451,1514,0.1388
67,1462,1529,0.1388
69,1452,1521,0.1388
68,1452,1520,0.1388
69,1454,1523,0.1388
69,1446,1515,0.1388
69,1445,1514,0.1388
70,1451,1521,0.1388
68,1449,1517,0.1388
67,1446,1513,0.1388
67,1443,1510,0.1388
68,1461,1529,0.1388
70,1455,1525,0.1388
65,1455,1520,0.1388
67,1447,1514,0.1388
65,1443,1508,0.1388
63,1443,1506,0.1388
63,1454,1517,0.1388
64,1452,1516,0.1388
62,1464,1526,0.1388
62,1456,1518,0.1388
64,1461,1525,0.1388
66,1442,1508,0.1388
69,1435,1504,0.1388
70,1421,1491,0.1388
72,1424,1496,0.1388
73,1438,1511,0.1388
73,1422,1495,0.1388
72,1420,1492,0.1388
72,1420,1492,0.1388
73,1422,1495,0.1388
71,1423,1494,0.1388
71,1425,1496,0.1388
74,1439,1513,0.1388
71,1447,1518,0.1388
72,1444,1516,0.1388
70,1451,1521,0.1388
69,1443,1512,0.1388
69,1448,1517,0.1388
70,1446,1516,0.1388
68,1456,1524,0.1388
70,1448,1518,0.1388
71,1458,1529,0.1388
71,1457,1528,0.1388
70,1457,1527,0.1388
71,1459,1530,0.1388
70,1456,1526,0.1388
69,1446,1515,0.1388
67,1450,1517,0.1388
67,1454,1521,0.1388
66,1451,1517,0.1388
64,1451,1515,0.1388
63,1448,1511,0.1388
63,1446,1509,0.1388
63,1440,1503,0.1388
62,1435,1497,0.1388
68,1446,1514,0.1388
67,1448,1515,0.1388
65,1454,1519,0.1388
68,1438,1506,0.1388
65,1444,1509,0.1388
64,1439,1503,0.1388
65,1450,1515,0.1388
63,1459,1522,0.1388
61,1445,1506,0.1388
59,1450,1509,0.1388
59,1465,1524,0.1388
62,1463,1525,0.1388
64,1462,1526,0.1388
64,1463,1527,0.1388
64,1452,1516,0.1388
64,1450,1514,0.1388
64,1456,1520,0.1388
65,1445,1510,0.1388
64,1451,1515,0.1388
68,1446,1514,0.1388
67,1444,1511,0.1388
68,1444,1512,0.1388
67,1457,1524,0.1388
69,1451,1520,0.1388
69,1437,1506,0.1388
69,1453,1522,0.1388
71,1452,1523,0.1388
68,1449,1517,0.1388
64,1442,1506,0.1388
65,1453,1518,0.1388
64,1449,1513,0.1388
61,1457,1518,0.1388
62,1448,1510,0.1388
62,1448,1510,0.1388
63,1438,1501,0.1388
65,1445,1510,0.1388
67,1447,1514,0.1388
64,1445,1509,0.1388
64,1450,1514,0.1388
66,1446,1512,0.1388
66,1450,1516,0.1388
70,1457,1527,0.1388
71,1447,1518,0.1388
76,1447,1523,0.1388
75,1447,1522,0.1388
73,1438,1511,0.1388
75,1426,1501,0.1388
72,1439,1511,0.1388
72,1437,1509,0.1388
75,1440,1515,0.1388
77,1450,1527,0.1388
76,1452,1528,0.1388
75,1459,1534,0.1388
74,1458,1532,0.1388
76,1449,1525,0.1388
74,1443,1517,0.1388
71,1436,1507,0.1388
72,1423,1495,0.1388
76,1419,1495,0.1388
74,1418,1492,0.1388
71,1425,1496,0.1388
74,1432,1506,0.1388
73,1439,1512,0.1388
72,1428,1500,0.1388
73,1434,1507,0.1388
75,1431,1506,0.1388
77,1435,1512,0.1388
78,1432,1510,0.1388
77,1445,1522,0.1388
76,1451,1527,0.1388
75,1452,1527,0.1388
75,1442,1517,0.1388
78,1424,1502,0.1388
75,1435,1510,0.1388
75,1439,1514,0.1388
74,1439,1513,0.1388
74,1437,1511,0.1388
72,1437,1509,0.1388
70,1435,1505,0.1388
70,1445,1515,0.1388
71,1448,1519,0.1388
73,1445,1518,0.1388
72,1440,1512,0.1388
73,1448,1521,0.1388
72,1442,1514,0.1388
73,1447,1520,0.1388
74,1451,1525,0.1388
74,1455,1529,0.1388
74,1453,1527,0.1388
72,1452,1524,0.1388
74,1456,1530,0.1388
75,1437,1512,0.1388
74,1429,1503,0.1388
71,1436,1507,0.1388
75,1442,1517,0.1388
70,1450,1520,0.1388
69,1453,1522,0.1388
70,1431,1501,0.1388
71,1439,1510,0.1388
69,1444,1513,0.1388
69,1436,1505,0.1388
71,1440,1511,0.1388
70,1444,1514,0.1388
72,1432,1504,0.1388
71,1438,1509,0.1388
71,1450,1521,0.1388
67,1445,1512,0.1388
66,1450,1516,0.1388
65,1448,1513,0.1388
67,1443,1510,0.1388
67,1438,1505,0.1388
63,1435,1498,0.1388
64,1446,1510,0.1388
62,1450,1512,0.1388
63,1462,1525,0.1388
66,1451,1517,0.1388
67,1453,1520,0.1388
66,1459,1525,0.1388
65,1459,1524,0.1388
63,1468,1531,0.1388
63,1449,1512,0.1388
63,1452,1515,0.1388
64,1450,1514,0.1388
65,1442,1507,0.1388
67,1444,1511,0.1388
64,1445,1509,0.1388
63,1441,1504,0.1388
64,1439,1503,0.1388
63,1450,1513,0.1388
60,1452,1512,0.1388
61,1451,1512,0.1388
59,1449,1508,0.1388
59,1448,1507,0.1388
58,1453,1511,0.1388
59,1442,1501,0.1388
60,1442,1502,0.1388
61,1439,1500,0.1388
63,1429,1492,0.1388
66,1432,1498,0.1388
65,1434,1499,0.1388
62,1442,1504,0.1388
63,1436,1499,0.1388
62,1441,1503,0.1388
64,1451,1515,0.1388
61,1451,1512,0.1388
62,1447,1509,0.1388
62,1446,1508,0.1388
62,1453,1515,0.1388
62,1467,1529,0.1388
62,1458,1520,0.1388
61,1460,1521,0.1388
62,1464,1526,0.1388
61,1459,1520,0.1388
60,1450,1510,0.1388
61,1441,1502,0.1388
59,1458,1517,0.1388
59,1466,1525,0.1388
56,1454,1510,0.1388
56,1451,1507,0.1388
53,1446,1499,0.1388
53,1458,1511,0.1388
49,1468,1517,0.1388
49,1471,1520,0.1388
49,1472,1521,0.1388
51,1466,1517,0.1388
52,1470,1522,0.1388
52,1456,1508,0.1388
50,1442,1492,0.1388
49,1456,1505,0.1388
49,1455,1504,0.1388
50,1463,1513,0.1388
51,1464,1515,0.1388
48,1469,1517,0.1388
49,1473,1522,0.1388
51,1460,1511,0.1388
50,1461,1511,0.1388
52,1466,1518,0.1388
53,1447,1500,0.1388
53,1459,1512,0.1388
53,1457,1510,0.1388
51,1465,1516,0.1388
52,1455,1507,0.1388
53,1458,1511,0.1388
54,1472,1526,0.1388
55,1471,1526,0.1388
55,1465,1520,0.1388
55,1456,1511,0.1388
54,1444,1498,0.1388
54,1452,1506,0.1388
54,1452,1506,0.1388
55,1455,1510,0.1388
54,1461,1515,0.1388
53,1462,1515,0.1388
54,1460,1514,0.1388
55,1467,1522,0.1388
56,1463,1519,0.1388
57,1468,1525,0.1388
57,1464,1521,0.1388
57,1464,1521,0.1388
58,1455,1513,0.1388
57,1447,1504,0.1388
57,1446,1503,0.1388
56,1446,1502,0.1388
54,1465,1519,0.1388
53,1462,1515,0.1388
53,1472,1525,0.1388
53,1464,1517,0.1388
53,1453,1506,0.1388
52,1450,1502,0.1388
53,1456,1509,0.1388
55,1457,1512,0.1388
55,1452,1507,0.1388
55,1450,1505,0.1388
52,1453,1505,0.1388
53,1467,1520,0.1388
54,1477,1531,0.1388
53,1475,1528,0.1388
53,1473,1526,0.1388
50,1466,1516,0.1388
49,1469,1518,0.1388
48,1472,1520,0.1388
49,1473,1522,0.1388
48,1470,1518,0.1388
49,1469,1518,0.1388
49,1476,1525,0.1388
49,1474,1523,0.1388
49,1473,1522,0.1388
48,1468,1516,0.1388
47,1470,1517,0.1388
49,1476,1525,0.1388
46,1470,1516,0.1388
46,1483,1529,0.1388
43,1479,1522,0.1388
44,1488,1532,0.1388
45,1478,1523,0.1388
46,1478,1524,0.1388
48,1480,1528,0.1388
49,1485,1534,0.1388
48,1478,1526,0.1388
49,1467,1516,0.1388
49,1473,1522,0.1388
48,1461,1509,0.1388
48,1477,1525,0.1388
43,1470,1513,0.1388
45,1468,1513,0.1388
42,1474,1516,0.1388
46,1479,1525,0.1388
44,1487,1531,0.1388
43,1476,1519,0.1388
44,1480,1524,0.1388
43,1471,1514,0.1388
44,1467,1511,0.1388
42,1468,1510,0.1388
42,1480,1522,0.1388
43,1477,1520,0.1388
44,1473,1517,0.1388
43,1466,1509,0.1388
44,1465,1509,0.1388
44,1476,1520,0.1388
44,1490,1534,0.1388
43,1493,1536,0.1388
42,1488,1530,0.1388
41,1483,1524,0.1388
43,1479,1522,0.1388
42,1488,1530,0.1388
44,1480,1524,0.1388
44,1485,1529,0.1388
44,1481,1525,0.1388
42,1477,1519,0.1388
43,1474,1517,0.1388
43,1479,1522,0.1388
43,1474,1517,0.1388
43,1482,1525,0.1388
42,1466,1508,0.1388
42,1474,1516,0.1388
42,1471,1513,0.1388
42,1464,1506,0.1388
41,1455,1496,0.1388
40,1451,1491,0.1388
40,1455,1495,0.1388
41,1464,1505,0.1388
40,1469,1509,0.1388
39,1481,1520,0.1388
38,1482,1520,0.1388
39,1478,1517,0.1388
39,1482,1521,0.1388
37,1473,1510,0.1388
39,1470,1509,0.1388
39,1459,1498,0.1388
38,1461,1499,0.1388
39,1479,1518,0.1388
39,1490,1529,0.1388
39,1479,1518,0.1388
41,1482,1523,0.1388
40,1480,1520,0.1388
40,1481,1521,0.1388
41,1470,1511,0.1388
45,1468,1513,0.1388
46,1459,1505,0.1388
45,1470,1515,0.1388
44,1476,1520,0.1388
41,1472,1513,0.1388
45,1450,1495,0.1388
45,1458,1503,0.1388
45,1469,1514,0.1388
46,1480,1526,0.1388
46,1478,1524,0.1388
49,1480,1529,0.1388
49,1481,1530,0.1388
49,1473,1522,0.1388
50,1481,1531,0.1388
51,1477,1528,0.1388
53,1468,1521,0.1388
53,1482,1535,0.1388
51,1481,1532,0.1388
52,1480,1532,0.1388
49,1481,1530,0.1388
51,1479,1530,0.1388
50,1471,1521,0.1388
49,1464,1513,0.1388
50,1464,1514,0.1388
51,1468,1519,0.1388
51,1466,1517,0.1388
52,1465,1517,0.1388
53,1477,1530,0.1388
52,1470,1522,0.1388
51,1455,1506,0.1388
51,1461,1512,0.1388
49,1456,1505,0.1388
50,1465,1515,0.1388
51,1476,1527,0.1388
51,1475,1526,0.1388
51,1467,1518,0.1388
53,1451,1504,0.1388
53,1456,1509,0.1388
53,1462,1515,0.1388
53,1457,1510,0.1388
57,1469,1526,0.1388
55,1471,1526,0.1388
56,1479,1535,0.1388
57,1465,1522,0.1388
55,1465,1520,0.1388
53,1477,1530,0.1388
53,1469,1522,0.1388
56,1471,1527,0.1388
55,1466,1521,0.1388
53,1461,1514,0.1388
55,1465,1520,0.1388
54,1456,1510,0.1388
55,1464,1519,0.1388
57,1462,1519,0.1388
57,1464,1521,0.1388
58,1457,1515,0.1388
59,1465,1524,0.1388
55,1471,1526,0.1388
53,1464,1517,0.1388
54,1464,1518,0.1388
51,1456,1507,0.1388
49,1460,1509,0.1388
52,1460,1512,0.1388
52,1463,1515,0.1388
51,1457,1508,0.1388
56,1465,1521,0.1388
56,1461,1517,0.1388
56,1466,1522,0.1388
56,1454,1510,0.1388
56,1479,1535,0.1388
55,1475,1530,0.1388
55,1468,1523,0.1388
55,1453,1508,0.1388
55,1459,1514,0.1388
54,1463,1517,0.1388
53,1474,1527,0.1388
53,1457,1510,0.1388
52,1459,1511,0.1388
53,1463,1516,0.1388
53,1455,1508,0.1388
53,1465,1518,0.1388
50,1466,1516,0.1388
50,1471,1521,0.1388
49,1467,1516,0.1388
48,1462,1510,0.1388
46,1465,1511,0.1388
46,1469,1515,0.1388
45,1457,1502,0.1388
42,1463,1505,0.1388
42,1467,1509,0.1388
44,1470,1514,0.1388
40,1476,1516,0.1388
41,1469,1510,0.1388
41,1469,1510,0.1388
42,1482,1524,0.1388
42,1484,1526,0.1388
41,1479,1520,0.1388
40,1461,1501,0.1388
39,1467,1506,0.1388
36,1461,1497,0.1388
38,1454,1492,0.1388
35,1459,1494,0.1388
35,1469,1504,0.1388
35,1477,1512,0.1388
34,1489,1523,0.1388
34,1490,1524,0.1388
33,1493,1526,0.1388
34,1492,1526,0.1388
36,1493,1529,0.1388
35,1492,1527,0.1388
35,1488,1523,0.1388
36,1487,1523,0.1388
38,1486,1524,0.1388
37,1487,1524,0.1388
39,1469,1508,0.1388
39,1475,1514,0.1388
38,1479,1517,0.1388
37,1483,1520,0.1388
38,1485,1523,0.1388
36,1483,1519,0.1388
36,1482,1518,0.1388
37,1488,1525,0.1388
35,1491,1526,0.1388
35,1492,1527,0.1388
36,1494,1530,0.1388
36,1490,1526,0.1388
37,1486,1523,0.1388
36,1486,1522,0.1388
38,1486,1524,0.1388
38,1473,1511,0.1388
37,1485,1522,0.1388
38,1491,1529,0.1388
38,1488,1526,0.1388
38,1480,1518,0.1388
35,1485,1520,0.1388
37,1489,1526,0.1388
37,1486,1523,0.1388
37,1494,1531,0.1388
37,1498,1535,0.1388
38,1491,1529,0.1388
35,1484,1519,0.1388
34,1487,1521,0.1388
36,1487,1523,0.1388
36,1493,1529,0.1388
35,1487,1522,0.1388
33,1491,1524,0.1388
33,1483,1516,0.1388
35,1481,1516,0.1388
38,1490,1528,0.1388
39,1481,1520,0.1388
40,1476,1516,0.1388
37,1468,1505,0.1388
37,1470,1507,0.1388
39,1472,1511,0.1388
39,1485,1524,0.1388
37,1478,1515,0.1388
37,1485,1522,0.1388
34,1493,1527,0.1388
35,1492,1527,0.1388
34,1504,1538,0.1388
33,1493,1526,0.1388
33,1487,1520,0.1388
34,1471,1505,0.1388
34,1469,1503,0.1388
35,1469,1504,0.1388
32,1473,1505,0.1388
31,1482,1513,0.1388
30,1487,1517,0.1388
31,1481,1512,0.1388
31,1489,1520,0.1388
31,1494,1525,0.1388
31,1496,1527,0.1388
30,1501,1531,0.1388
29,1499,1528,0.1388
30,1488,1518,0.1388
30,1495,1525,0.1388
28,1499,1527,0.1388
27,1500,1527,0.1388
26,1493,1519,0.1388
27,1487,1514,0.1388
26,1483,1509,0.1388
27,1494,1521,0.1388
27,1483,1510,0.1388
26,1482,1508,0.1388
27,1490,1517,0.1388
27,1489,1516,0.1388
26,1493,1519,0.1388
24,1508,1532,0.1388
26,1501,1527,0.1388
25,1499,1524,0.1388
25,1508,1533,0.1388
25,1501,1526,0.1388
24,1488,1512,0.1388
24,1504,1528,0.1388
24,1511,1535,0.1388
23,1483,1506,0.1388
23,1475,1498,0.1388
22,1487,1509,0.1388
22,1496,1518,0.1388
22,1494,1516,0.1388
20,1494,1514,0.1388
21,1489,1510,0.1388
21,1506,1527,0.1388
22,1502,1524,0.1388
24,1514,1538,0.1388
23,1507,1530,0.1388
23,1490,1513,0.1388
23,1490,1513,0.1388
23,1502,1525,0.1388
24,1504,1528,0.1388
25,1488,1513,0.1388
26,1481,1507,0.1388
26,1495,1521,0.1388
25,1493,1518,0.1388
24,1494,1518,0.1388
22,1495,1517,0.1388
23,1494,1517,0.1388
23,1494,1517,0.1388
23,1488,1511,0.1388
20,1483,1503,0.1388
19,1487,1506,0.1388
18,1501,1519,0.1388
18,1495,1513,0.1388
18,1504,1522,0.1388
18,1496,1514,0.1388
19,1489,1508,0.1388
18,1498,1516,0.1388
18,1499,1517,0.1388
18,1495,1513,0.1388
16,1500,1516,0.1388
16,1492,1508,0.1388
16,1513,1529,0.1388
16,1502,1518,0.1388
15,1506,1521,0.1388
13,1502,1515,0.1388
12,1494,1506,0.1388
12,1509,1521,0.1388
13,1503,1516,0.1388
13,1505,1518,0.1388
12,1498,1510,0.1388
12,1496,1508,0.1388
11,1497,1508,0.1388
10,1508,1518,0.1388
10,1507,1517,0.1388
9,1511,1520,0.1388
9,1517,1526,0.1388
8,1519,1527,0.1388
8,1503,1511,0.1388
9,1516,1525,0.1388
10,1518,1528,0.1388
10,1502,1512,0.1388
9,1496,1505,0.1388
9,1508,1517,0.1388
9,1516,1525,0.1388
9,1497,1506,0.1388
8,1513,1521,0.1388
8,1523,1531,0.1388
8,1523,1531,0.1388
9,1525,1534,0.1388
8,1520,1528,0.1388
9,1517,1526,0.1388
9,1519,1528,0.1388
9,1522,1531,0.1388
10,1526,1536,0.1388
11,1507,1518,0.1388
10,1516,1526,0.1388
10,1513,1523,0.1388
10,1517,1527,0.1388
11,1515,1526,0.1388
12,1525,1537,0.1388
11,1519,1530,0.1388
12,1517,1529,0.1388
12,1499,1511,0.1388
12,1497,1509,0.1388
12,1509,1521,0.1388
11,1513,1524,0.1388
10,1513,1523,0.1388
9,1513,1522,0.1388
8,1508,1516,0.1388
8,1506,1514,0.1388
8,1510,1518,0.1388
8,1515,1523,0.1388
8,1516,1524,0.1388
8,1503,1511,0.1388
8,1486,1494,0.1388
8,1484,1492,0.1388
9,1511,1520,0.1388
9,1515,1524,0.1388
8,1511,1519,0.1388
8,1503,1511,0.1388
8,1508,1516,0.1388
8,1510,1518,0.1388
8,1499,1507,0.1388
8,1508,1516,0.1388
9,1521,1530,0.1388
9,1515,1524,0.1388
9,1512,1521,0.1388
8,1524,1532,0.1388
8,1523,1531,0.1388
8,1511,1519,0.1388
7,1512,1519,0.1388
8,1515,1523,0.1388
8,1503,1511,0.1388
8,1506,1514,0.1388
8,1505,1513,0.1388
9,1518,1527,0.1388
9,1514,1523,0.1388
8,1512,1520,0.1388
8,1511,1519,0.1388
8,1516,1524,0.1388
8,1505,1513,0.1388
9,1510,1519,0.1388
9,1498,1507,0.1388
9,1511,1520,0.1388
10,1516,1526,0.1388
9,1514,1523,0.1388
10,1504,1514,0.1388
10,1520,1530,0.1388
10,1521,1531,0.1388
10,1525,1535,0.1388
10,1511,1521,0.1388
10,1517,1527,0.1388
10,1519,1529,0.1388
10,1512,1522,0.1388
10,1519,1529,0.1388
9,1512,1521,0.1388
9,1519,1528,0.1388
9,1510,1519,0.1388
9,1519,1528,0.1388
9,1519,1528,0.1388
9,1528,1537,0.1388
8,1515,1523,0.1388
8,1526,1534,0.1388
8,1517,1525,0.1388
7,1516,1523,0.1388
7,1509,1516,0.1388
7,1510,1517,0.1388
7,1502,1509,0.1388
6,1506,1512,0.1388
5,1519,1524,0.1388
6,1501,1507,0.1388
6,1501,1507,0.1388
6,1507,1513,0.1388
6,1515,1521,0.1388
6,1518,1524,0.1388
6,1496,1502,0.1388
7,1500,1507,0.1388
7,1507,1514,0.1388
7,1501,1508,0.1388
7,1501,1508,0.1388
6,1500,1506,0.1388
6,1500,1506,0.1388
7,1505,1512,0.1388
8,1508,1516,0.1388
9,1506,1515,0.1388
8,1512,1520,0.1388
8,1515,1523,0.1388
8,1509,1517,0.1388
8,1501,1509,0.1388
8,1505,1513,0.1388
8,1509,1517,0.1388
7,1515,1522,0.1388
7,1519,1526,0.1388
6,1517,1523,0.1388
6,1511,1517,0.1388
6,1525,1531,0.1388
6,1506,1512,0.1388
5,1512,1517,0.1388
5,1519,1524,0.1388
5,1514,1519,0.1388
5,1513,1518,0.1388
4,1521,1525,0.1388
4,1527,1531,0.1388
4,1531,1535,0.1388
4,1528,1532,0.1388
3,1522,1525,0.1388
3,1522,1525,0.1388
3,1524,1527,0.1388
3,1520,1523,0.1388
3,1533,1536,0.1388
4,1526,1530,0.1388
4,1538,1542,0.1388
4,1529,1533,0.1388
4,1504,1508,0.1388
4,1503,1507,0.1388
4,1495,1499,0.1388
4,1511,1515,0.1388
4,1510,1514,0.1388
4,1508,1512,0.1388
3,1503,1506,0.1388
3,1512,1515,0.1388
3,1516,1519,0.1388
3,1514,1517,0.1388
3,1517,1520,0.1388
3,1523,1526,0.1388
3,1524,1527,0.1388
3,1513,1516,0.1388
3,1517,1520,0.1388
3,1517,1520,0.1388
2,1529,1531,0.1388
2,1537,1539,0.1388
2,1520,1522,0.1388
2,1515,1517,0.1388
2,1519,1521,0.1388
2,1515,1517,0.1388
2,1512,1514,0.1388
2,1503,1505,0.1388
1,1507,1508,0.1388
1,1518,1519,0.1388
1,1515,1516,0.1388
1,1519,1520,0.1388
1,1523,1524,0.1388
1,1531,1532,0.1388
0,1525,1525,0.1388
