1372,27,1399,0.1388
1393,30,1423,0.1388
1423,30,1453,0.1388
1435,32,1467,0.1388
1432,31,1463,0.1388
1440,34,1474,0.1388
1442,35,1477,0.1388
1451,35,1486,0.1388
1452,35,1487,0.1388
1451,37,1488,0.1388
1449,36,1485,0.1388
1458,38,1496,0.1388
1459,38,1497,0.1388
1458,37,1495,0.1388
1449,40,1489,0.1388
1462,40,1502,0.1388
1444,40,1484,0.1388
1435,37,1472,0.1388
1430,45,1475,0.1388
1434,44,1478,0.1388
1439,42,1481,0.1388
1443,43,1486,0.1388
1434,41,1475,0.1388
1417,40,1457,0.1388
1432,44,1476,0.1388
1432,45,1477,0.1388
1436,46,1482,0.1388
1449,48,1497,0.1388
1451,49,1500,0.1388
1446,51,1497,0.1388
1458,53,1511,0.1388
1455,54,1509,0.1388
1459,51,1510,0.1388
1452,48,1500,0.1388
1432,47,1479,0.1388
1439,48,1487,0.1388
1447,49,1496,0.1388
1453,50,1503,0.1388
1449,50,1499,0.1388
1442,50,1492,0.1388
1452,49,1501,0.1388
1450,49,1499,0.1388
1461,52,1513,0.1388
1450,53,1503,0.1388
1462,54,1516,0.1388
1455,54,1509,0.1388
1447,54,1501,0.1388
1429,57,1486,0.1388
1437,58,1495,0.1388
1439,58,1497,0.1388
1438,59,1497,0.1388
1447,60,1507,0.1388
1445,58,1503,0.1388
1434,57,1491,0.1388
1437,56,1493,0.1388
1456,57,1513,0.1388
1454,57,1511,0.1388
1453,58,1511,0.1388
1455,60,1515,0.1388
1455,62,1517,0.1388
1439,64,1503,0.1388
1443,63,1506,0.1388
1445,62,1507,0.1388
1444,62,1506,0.1388
1434,62,1496,0.1388
1428,64,1492,0.1388
1433,67,1500,0.1388
1429,67,1496,0.1388
1444,66,1510,0.1388
1444,66,1510,0.1388
1432,71,1503,0.1388
1422,72,1494,0.1388
1423,73,1496,0.1388
1426,76,1502,0.1388
1439,74,1513,0.1388
1428,77,1505,0.1388
1425,77,1502,0.1388
1429,77,1506,0.1388
1442,76,1518,0.1388
1439,75,1514,0.1388
1428,77,1505,0.1388
1434,77,1511,0.1388
1431,75,1506,0.1388
1425,73,1498,0.1388
1429,69,1498,0.1388
1435,68,1503,0.1388
1435,71,1506,0.1388
1425,76,1501,0.1388
1424,77,1501,0.1388
1413,76,1489,0.1388
1413,78,1491,0.1388
1413,81,1494,0.1388
1419,80,1499,0.1388
1420,82,1502,0.1388
1415,80,1495,0.1388
1404,79,1483,0.1388
1416,77,1493,0.1388
1420,78,1498,0.1388
1426,81,1507,0.1388
1398,83,1481,0.1388
1417,84,1501,0.1388
1416,87,1503,0.1388
1408,89,1497,0.1388
1420,89,1509,0.1388
1414,84,1498,0.1388
1405,87,1492,0.1388
1406,87,1493,0.1388
1410,86,1496,0.1388
1403,88,1491,0.1388
1418,87,1505,0.1388
1418,90,1508,0.1388
1427,85,1512,0.1388
1423,90,1513,0.1388
1425,91,1516,0.1388
1411,87,1498,0.1388
1418,87,1505,0.1388
1403,88,1491,0.1388
1403,85,1488,0.1388
1399,83,1482,0.1388
1412,87,1499,0.1388
1403,85,1488,0.1388
1403,86,1489,0.1388
1400,87,1487,0.1388
1388,89,1477,0.1388
1385,91,1476,0.1388
1407,86,1493,0.1388
1415,89,1504,0.1388
1401,89,1490,0.1388
1419,88,1507,0.1388
1412,89,1501,0.1388
1411,87,1498,0.1388
1403,93,1496,0.1388
1394,96,1490,0.1388
1391,92,1483,0.1388
1403,92,1495,0.1388
1401,94,1495,0.1388
1413,97,1510,0.1388
1408,97,1505,0.1388
1413,97,1510,0.1388
1404,100,1504,0.1388
1400,103,1503,0.1388
1402,102,1504,0.1388
1393,105,1498,0.1388
1385,103,1488,0.1388
1391,106,1497,0.1388
1403,105,1508,0.1388
1405,107,1512,0.1388
1401,105,1506,0.1388
1397,106,1503,0.1388
1396,108,1504,0.1388
1378,113,1491,0.1388
1398,111,1509,0.1388
1388,110,1498,0.1388
1391,109,1500,0.1388
1386,105,1491,0.1388
1392,106,1498,0.1388
1395,108,1503,0.1388
1393,103,1496,0.1388
1382,104,1486,0.1388
1385,107,1492,0.1388
1364,109,1473,0.1388
1363,111,1474,0.1388
1378,116,1494,0.1388
1376,117,1493,0.1388
1376,116,1492,0.1388
1374,115,1489,0.1388
1379,115,1494,0.1388
1392,113,1505,0.1388
1372,112,1484,0.1388
1369,114,1483,0.1388
1381,113,1494,0.1388
1385,115,1500,0.1388
1381,113,1494,0.1388
1384,115,1499,0.1388
1395,113,1508,0.1388
1370,107,1477,0.1388
1386,110,1496,0.1388
1382,112,1494,0.1388
1389,114,1503,0.1388
1377,114,1491,0.1388
1392,116,1508,0.1388
1391,118,1509,0.1388
1395,120,1515,0.1388
1370,121,1491,0.1388
1374,122,1496,0.1388
1377,120,1497,0.1388
1369,123,1492,0.1388
1373,125,1498,0.1388
1372,125,1497,0.1388
1359,122,1481,0.1388
1372,122,1494,0.1388
1362,123,1485,0.1388
1357,121,1478,0.1388
1351,117,1468,0.1388
1347,121,1468,0.1388
1347,122,1469,0.1388
1340,127,1467,0.1388
1351,133,1484,0.1388
1344,132,1476,0.1388
1341,132,1473,0.1388
1346,133,1479,0.1388
1336,137,1473,0.1388
1342,140,1482,0.1388
1347,139,1486,0.1388
1336,139,1475,0.1388
1327,141,1468,0.1388
1352,140,1492,0.1388
1351,144,1495,0.1388
1357,147,1504,0.1388
1350,143,1493,0.1388
1352,141,1493,0.1388
1347,145,1492,0.1388
1351,146,1497,0.1388
1355,144,1499,0.1388
1345,149,1494,0.1388
1352,149,1501,0.1388
1351,154,1505,0.1388
1352,153,1505,0.1388
1342,153,1495,0.1388
1350,153,1503,0.1388
1355,155,1510,0.1388
1352,156,1508,0.1388
1359,156,1515,0.1388
1353,153,1506,0.1388
1355,154,1509,0.1388
1347,155,1502,0.1388
1334,153,1487,0.1388
1348,152,1500,0.1388
1347,153,1500,0.1388
1345,153,1498,0.1388
1348,151,1499,0.1388
1341,151,1492,0.1388
1344,154,1498,0.1388
1344,156,1500,0.1388
1337,159,1496,0.1388
1330,163,1493,0.1388
1340,164,1504,0.1388
1336,166,1502,0.1388
1326,165,1491,0.1388
1330,167,1497,0.1388
1329,164,1493,0.1388
1331,164,1495,0.1388
1328,167,1495,0.1388
1317,162,1479,0.1388
1320,162,1482,0.1388
1315,166,1481,0.1388
1308,171,1479,0.1388
1319,174,1493,0.1388
1318,174,1492,0.1388
1308,175,1483,0.1388
1293,170,1463,0.1388
1306,166,1472,0.1388
1316,178,1494,0.1388
1317,180,1497,0.1388
1309,177,1486,0.1388
1299,177,1476,0.1388
1312,175,1487,0.1388
1304,178,1482,0.1388
1306,176,1482,0.1388
1319,181,1500,0.1388
1322,175,1497,0.1388
1316,176,1492,0.1388
1319,178,1497,0.1388
1310,174,1484,0.1388
1307,183,1490,0.1388
1304,189,1493,0.1388
1308,191,1499,0.1388
1304,197,1501,0.1388
1308,197,1505,0.1388
1326,200,1526,0.1388
1313,198,1511,0.1388
1314,195,1509,0.1388
1311,199,1510,0.1388
1304,196,1500,0.1388
1299,198,1497,0.1388
1306,197,1503,0.1388
1306,202,1508,0.1388
1303,207,1510,0.1388
1311,203,1514,0.1388
1313,198,1511,0.1388
1310,204,1514,0.1388
1314,203,1517,0.1388
1304,204,1508,0.1388
1308,202,1510,0.1388
1301,207,1508,0.1388
1300,211,1511,0.1388
1300,212,1512,0.1388
1293,211,1504,0.1388
1288,211,1499,0.1388
1279,210,1489,0.1388
1280,212,1492,0.1388
1289,215,1504,0.1388
1289,217,1506,0.1388
1306,214,1520,0.1388
1296,215,1511,0.1388
1304,212,1516,0.1388
1293,212,1505,0.1388
1307,210,1517,0.1388
1298,211,1509,0.1388
1297,210,1507,0.1388
1286,214,1500,0.1388
1287,219,1506,0.1388
1282,221,1503,0.1388
1270,218,1488,0.1388
1284,214,1498,0.1388
1280,219,1499,0.1388
1286,220,1506,0.1388
1273,221,1494,0.1388
1283,221,1504,0.1388
1277,222,1499,0.1388
1276,226,1502,0.1388
1259,225,1484,0.1388
1265,225,1490,0.1388
1254,227,1481,0.1388
1257,229,1486,0.1388
1248,232,1480,0.1388
1259,233,1492,0.1388
1252,237,1489,0.1388
1244,240,1484,0.1388
1241,245,1486,0.1388
1241,245,1486,0.1388
1240,249,1489,0.1388
1251,249,1500,0.1388
1254,241,1495,0.1388
1249,242,1491,0.1388
1248,240,1488,0.1388
1248,245,1493,0.1388
1256,247,1503,0.1388
1244,247,1491,0.1388
1250,243,1493,0.1388
1250,244,1494,0.1388
1251,244,1495,0.1388
1265,246,1511,0.1388
1271,242,1513,0.1388
1261,240,1501,0.1388
1260,240,1500,0.1388
1245,242,1487,0.1388
1246,241,1487,0.1388
1248,235,1483,0.1388
1255,231,1486,0.1388
1251,231,1482,0.1388
1250,231,1481,0.1388
1267,236,1503,0.1388
1266,234,1500,0.1388
1257,236,1493,0.1388
1260,236,1496,0.1388
1256,236,1492,0.1388
1262,242,1504,0.1388
1258,236,1494,0.1388
1265,234,1499,0.1388
1278,233,1511,0.1388
1278,238,1516,0.1388
1257,242,1499,0.1388
1260,240,1500,0.1388
1257,239,1496,0.1388
1257,244,1501,0.1388
1263,250,1513,0.1388
1264,254,1518,0.1388
1261,255,1516,0.1388
1252,248,1500,0.1388
1242,250,1492,0.1388
1235,251,1486,0.1388
1242,247,1489,0.1388
1245,253,1498,0.1388
1247,254,1501,0.1388
1239,260,1499,0.1388
1229,260,1489,0.1388
1232,264,1496,0.1388
1237,261,1498,0.1388
1236,260,1496,0.1388
1248,265,1513,0.1388
1244,264,1508,0.1388
1245,267,1512,0.1388
1230,268,1498,0.1388
1221,268,1489,0.1388
1229,270,1499,0.1388
1232,273,1505,0.1388
1230,279,1509,0.1388
1228,277,1505,0.1388
1230,278,1508,0.1388
1233,282,1515,0.1388
1226,281,1507,0.1388
1219,281,1500,0.1388
1229,277,1506,0.1388
1222,272,1494,0.1388
1225,273,1498,0.1388
1224,272,1496,0.1388
1217,273,1490,0.1388
1213,270,1483,0.1388
1223,276,1499,0.1388
1217,267,1484,0.1388
1220,268,1488,0.1388
1214,267,1481,0.1388
1195,274,1469,0.1388
1203,272,1475,0.1388
1220,274,1494,0.1388
1214,272,1486,0.1388
1224,281,1505,0.1388
1228,282,1510,0.1388
1218,283,1501,0.1388
1228,279,1507,0.1388
1236,277,1513,0.1388
1234,276,1510,0.1388
1221,278,1499,0.1388
1218,276,1494,0.1388
1225,276,1501,0.1388
1211,279,1490,0.1388
1220,274,1494,0.1388
1224,277,1501,0.1388
1221,288,1509,0.1388
1212,290,1502,0.1388
1213,284,1497,0.1388
1205,279,1484,0.1388
1214,283,1497,0.1388
1223,284,1507,0.1388
1240,280,1520,0.1388
1231,279,1510,0.1388
1225,275,1500,0.1388
1219,274,1493,0.1388
1223,282,1505,0.1388
1221,290,1511,0.1388
1224,296,1520,0.1388
1207,298,1505,0.1388
1207,293,1500,0.1388
1207,292,1499,0.1388
1189,292,1481,0.1388
1197,293,1490,0.1388
1193,292,1485,0.1388
1202,294,1496,0.1388
1209,296,1505,0.1388
1207,295,1502,0.1388
1206,301,1507,0.1388
1219,302,1521,0.1388
1222,300,1522,0.1388
1210,299,1509,0.1388
1213,301,1514,0.1388
1217,308,1525,0.1388
1209,306,1515,0.1388
1199,310,1509,0.1388
1205,315,1520,0.1388
1207,304,1511,0.1388
1211,311,1522,0.1388
1200,313,1513,0.1388
1195,315,1510,0.1388
1187,316,1503,0.1388
1179,322,1501,0.1388
1174,324,1498,0.1388
1166,326,1492,0.1388
1164,326,1490,0.1388
1166,324,1490,0.1388
1166,328,1494,0.1388
1163,332,1495,0.1388
1145,332,1477,0.1388
1149,333,1482,0.1388
1137,335,1472,0.1388
1140,338,1478,0.1388
1142,341,1483,0.1388
1145,349,1494,0.1388
1153,346,1499,0.1388
1168,344,1512,0.1388
1166,341,1507,0.1388
1154,344,1498,0.1388
1148,349,1497,0.1388
1139,347,1486,0.1388
1143,354,1497,0.1388
1139,353,1492,0.1388
1151,346,1497,0.1388
1143,359,1502,0.1388
1140,362,1502,0.1388
1141,364,1505,0.1388
1139,372,1511,0.1388
1131,370,1501,0.1388
1130,375,1505,0.1388
1127,362,1489,0.1388
1138,361,1499,0.1388
1145,364,1509,0.1388
1138,369,1507,0.1388
1137,364,1501,0.1388
1137,362,1499,0.1388
1132,367,1499,0.1388
1135,375,1510,0.1388
1139,371,1510,0.1388
1144,369,1513,0.1388
1138,363,1501,0.1388
1121,365,1486,0.1388
1119,371,1490,0.1388
1118,376,1494,0.1388
1114,379,1493,0.1388
1115,386,1501,0.1388
1123,394,1517,0.1388
1121,398,1519,0.1388
1106,399,1505,0.1388
1110,406,1516,0.1388
1110,404,1514,0.1388
1093,399,1492,0.1388
1094,397,1491,0.1388
1095,400,1495,0.1388
1097,404,1501,0.1388
1085,401,1486,0.1388
1087,405,1492,0.1388
1095,402,1497,0.1388
1101,406,1507,0.1388
1099,408,1507,0.1388
1098,408,1506,0.1388
1095,411,1506,0.1388
1082,411,1493,0.1388
1083,408,1491,0.1388
1090,409,1499,0.1388
1087,404,1491,0.1388
1080,400,1480,0.1388
1075,410,1485,0.1388
1082,418,1500,0.1388
1070,422,1492,0.1388
1070,423,1493,0.1388
1078,420,1498,0.1388
1076,424,1500,0.1388
1083,430,1513,0.1388
1080,432,1512,0.1388
1072,425,1497,0.1388
1072,423,1495,0.1388
1067,425,1492,0.1388
1079,427,1506,0.1388
1075,432,1507,0.1388
1065,434,1499,0.1388
1056,434,1490,0.1388
1057,440,1497,0.1388
1053,448,1501,0.1388
1047,454,1501,0.1388
1041,447,1488,0.1388
1037,453,1490,0.1388
1042,456,1498,0.1388
1046,455,1501,0.1388
1049,454,1503,0.1388
1046,453,1499,0.1388
1044,453,1497,0.1388
1050,453,1503,0.1388
1037,450,1487,0.1388
1040,456,1496,0.1388
1039,454,1493,0.1388
1038,454,1492,0.1388
1044,450,1494,0.1388
1040,451,1491,0.1388
1033,458,1491,0.1388
1040,465,1505,0.1388
1039,470,1509,0.1388
1041,474,1515,0.1388
1027,469,1496,0.1388
1042,468,1510,0.1388
1038,469,1507,0.1388
1028,473,1501,0.1388
1019,473,1492,0.1388
1009,478,1487,0.1388
1013,472,1485,0.1388
1022,482,1504,0.1388
1017,480,1497,0.1388
1013,482,1495,0.1388
1014,484,1498,0.1388
1023,482,1505,0.1388
1019,482,1501,0.1388
1013,478,1491,0.1388
1019,484,1503,0.1388
1015,489,1504,0.1388
1014,486,1500,0.1388
1022,481,1503,0.1388
1022,479,1501,0.1388
1010,488,1498,0.1388
1004,489,1493,0.1388
991,491,1482,0.1388
997,492,1489,0.1388
997,496,1493,0.1388
1002,488,1490,0.1388
1008,491,1499,0.1388
1009,485,1494,0.1388
1011,486,1497,0.1388
1018,488,1506,0.1388
1014,483,1497,0.1388
1006,486,1492,0.1388
999,493,1492,0.1388
1008,494,1502,0.1388
1003,503,1506,0.1388
1001,496,1497,0.1388
989,495,1484,0.1388
984,507,1491,0.1388
993,508,1501,0.1388
1002,510,1512,0.1388
1008,503,1511,0.1388
1000,508,1508,0.1388
995,519,1514,0.1388
994,512,1506,0.1388
988,504,1492,0.1388
982,508,1490,0.1388
986,514,1500,0.1388
979,513,1492,0.1388
986,517,1503,0.1388
985,523,1508,0.1388
985,526,1511,0.1388
979,520,1499,0.1388
969,529,1498,0.1388
964,529,1493,0.1388
979,522,1501,0.1388
977,528,1505,0.1388
981,534,1515,0.1388
979,541,1520,0.1388
973,529,1502,0.1388
970,529,1499,0.1388
971,532,1503,0.1388
967,532,1499,0.1388
969,537,1506,0.1388
968,538,1506,0.1388
979,538,1517,0.1388
963,537,1500,0.1388
956,524,1480,0.1388
946,524,1470,0.1388
956,522,1478,0.1388
962,524,1486,0.1388
966,530,1496,0.1388
973,527,1500,0.1388
968,530,1498,0.1388
973,533,1506,0.1388
962,531,1493,0.1388
962,539,1501,0.1388
960,539,1499,0.1388
952,539,1491,0.1388
968,535,1503,0.1388
960,538,1498,0.1388
961,546,1507,0.1388
946,547,1493,0.1388
944,553,1497,0.1388
931,553,1484,0.1388
933,551,1484,0.1388
944,545,1489,0.1388
939,551,1490,0.1388
938,548,1486,0.1388
942,539,1481,0.1388
945,544,1489,0.1388
943,541,1484,0.1388
946,538,1484,0.1388
949,538,1487,0.1388
952,535,1487,0.1388
951,542,1493,0.1388
963,548,1511,0.1388
954,546,1500,0.1388
949,542,1491,0.1388
948,545,1493,0.1388
945,546,1491,0.1388
948,550,1498,0.1388
960,546,1506,0.1388
959,544,1503,0.1388
949,543,1492,0.1388
964,543,1507,0.1388
949,540,1489,0.1388
941,543,1484,0.1388
933,553,1486,0.1388
951,559,1510,0.1388
959,560,1519,0.1388
950,553,1503,0.1388
950,547,1497,0.1388
948,548,1496,0.1388
955,548,1503,0.1388
956,549,1505,0.1388
954,550,1504,0.1388
965,548,1513,0.1388
970,549,1519,0.1388
974,546,1520,0.1388
966,548,1514,0.1388
966,545,1511,0.1388
970,546,1516,0.1388
965,540,1505,0.1388
960,536,1496,0.1388
962,547,1509,0.1388
968,549,1517,0.1388
970,546,1516,0.1388
954,542,1496,0.1388
942,551,1493,0.1388
939,556,1495,0.1388
951,546,1497,0.1388
952,556,1508,0.1388
960,560,1520,0.1388
955,562,1517,0.1388
947,566,1513,0.1388
954,556,1510,0.1388
957,557,1514,0.1388
954,566,1520,0.1388
948,564,1512,0.1388
943,567,1510,0.1388
950,572,1522,0.1388
932,572,1504,0.1388
931,566,1497,0.1388
922,572,1494,0.1388
936,573,1509,0.1388
933,569,1502,0.1388
916,576,1492,0.1388
912,590,1502,0.1388
905,583,1488,0.1388
911,586,1497,0.1388
920,593,1513,0.1388
924,597,1521,0.1388
915,594,1509,0.1388
919,601,1520,0.1388
916,597,1513,0.1388
908,599,1507,0.1388
902,608,1510,0.1388
907,604,1511,0.1388
899,611,1510,0.1388
889,619,1508,0.1388
897,623,1520,0.1388
885,626,1511,0.1388
881,619,1500,0.1388
882,614,1496,0.1388
880,627,1507,0.1388
871,623,1494,0.1388
875,629,1504,0.1388
871,635,1506,0.1388
877,636,1513,0.1388
868,634,1502,0.1388
870,635,1505,0.1388
859,636,1495,0.1388
857,637,1494,0.1388
864,632,1496,0.1388
866,635,1501,0.1388
859,642,1501,0.1388
862,644,1506,0.1388
865,644,1509,0.1388
864,647,1511,0.1388
858,652,1510,0.1388
856,652,1508,0.1388
851,644,1495,0.1388
849,656,1505,0.1388
845,656,1501,0.1388
842,667,1509,0.1388
835,673,1508,0.1388
837,676,1513,0.1388
835,680,1515,0.1388
825,685,1510,0.1388
836,681,1517,0.1388
830,674,1504,0.1388
825,668,1493,0.1388
816,660,1476,0.1388
813,666,1479,0.1388
808,674,1482,0.1388
802,668,1470,0.1388
813,681,1494,0.1388
821,692,1513,0.1388
819,686,1505,0.1388
815,687,1502,0.1388
818,681,1499,0.1388
816,685,1501,0.1388
816,686,1502,0.1388
826,678,1504,0.1388
828,679,1507,0.1388
817,677,1494,0.1388
815,673,1488,0.1388
819,679,1498,0.1388
815,686,1501,0.1388
818,686,1504,0.1388
819,687,1506,0.1388
822,690,1512,0.1388
820,694,1514,0.1388
823,685,1508,0.1388
834,688,1522,0.1388
825,691,1516,0.1388
829,687,1516,0.1388
822,682,1504,0.1388
820,681,1501,0.1388
823,675,1498,0.1388
817,683,1500,0.1388
822,673,1495,0.1388
819,678,1497,0.1388
812,683,1495,0.1388
811,679,1490,0.1388
813,683,1496,0.1388
821,692,1513,0.1388
815,698,1513,0.1388
812,702,1514,0.1388
815,704,1519,0.1388
808,700,1508,0.1388
809,703,1512,0.1388
813,700,1513,0.1388
812,696,1508,0.1388
822,703,1525,0.1388
819,696,1515,0.1388
808,692,1500,0.1388
799,695,1494,0.1388
807,695,1502,0.1388
804,697,1501,0.1388
800,704,1504,0.1388
794,706,1500,0.1388
802,714,1516,0.1388
796,706,1502,0.1388
796,706,1502,0.1388
793,703,1496,0.1388
790,707,1497,0.1388
785,708,1493,0.1388
780,713,1493,0.1388
782,717,1499,0.1388
775,727,1502,0.1388
780,732,1512,0.1388
784,725,1509,0.1388
784,723,1507,0.1388
777,716,1493,0.1388
778,724,1502,0.1388
784,722,1506,0.1388
784,729,1513,0.1388
771,730,1501,0.1388
778,732,1510,0.1388
783,725,1508,0.1388
784,727,1511,0.1388
776,730,1506,0.1388
774,738,1512,0.1388
769,738,1507,0.1388
771,745,1516,0.1388
771,747,1518,0.1388
778,746,1524,0.1388
771,736,1507,0.1388
769,742,1511,0.1388
767,735,1502,0.1388
767,738,1505,0.1388
767,740,1507,0.1388
766,729,1495,0.1388
761,731,1492,0.1388
767,735,1502,0.1388
760,736,1496,0.1388
759,741,1500,0.1388
763,739,1502,0.1388
765,738,1503,0.1388
766,741,1507,0.1388
758,749,1507,0.1388
760,743,1503,0.1388
766,744,1510,0.1388
759,739,1498,0.1388
754,746,1500,0.1388
755,747,1502,0.1388
764,756,1520,0.1388
769,753,1522,0.1388
769,753,1522,0.1388
769,748,1517,0.1388
757,748,1505,0.1388
759,745,1504,0.1388
761,741,1502,0.1388
764,749,1513,0.1388
751,741,1492,0.1388
748,750,1498,0.1388
748,752,1500,0.1388
743,748,1491,0.1388
743,756,1499,0.1388
746,760,1506,0.1388
737,764,1501,0.1388
729,764,1493,0.1388
728,775,1503,0.1388
723,762,1485,0.1388
722,761,1483,0.1388
722,761,1483,0.1388
721,769,1490,0.1388
725,776,1501,0.1388
721,778,1499,0.1388
731,784,1515,0.1388
734,783,1517,0.1388
727,787,1514,0.1388
722,789,1511,0.1388
717,793,1510,0.1388
706,798,1504,0.1388
707,794,1501,0.1388
722,790,1512,0.1388
716,791,1507,0.1388
714,803,1517,0.1388
708,800,1508,0.1388
697,798,1495,0.1388
701,803,1504,0.1388
695,809,1504,0.1388
693,808,1501,0.1388
694,826,1520,0.1388
694,819,1513,0.1388
703,814,1517,0.1388
703,803,1506,0.1388
705,805,1510,0.1388
704,811,1515,0.1388
704,806,1510,0.1388
693,802,1495,0.1388
688,817,1505,0.1388
688,816,1504,0.1388
693,830,1523,0.1388
685,822,1507,0.1388
695,815,1510,0.1388
691,823,1514,0.1388
690,832,1522,0.1388
685,824,1509,0.1388
684,819,1503,0.1388
672,831,1503,0.1388
664,842,1506,0.1388
664,848,1512,0.1388
675,855,1530,0.1388
672,858,1530,0.1388
660,853,1513,0.1388
654,857,1511,0.1388
649,858,1507,0.1388
641,866,1507,0.1388
639,866,1505,0.1388
634,868,1502,0.1388
638,863,1501,0.1388
647,867,1514,0.1388
648,864,1512,0.1388
638,876,1514,0.1388
633,872,1505,0.1388
635,867,1502,0.1388
633,860,1493,0.1388
633,864,1497,0.1388
646,864,1510,0.1388
643,862,1505,0.1388
636,868,1504,0.1388
640,874,1514,0.1388
639,884,1523,0.1388
645,883,1528,0.1388
652,881,1533,0.1388
641,874,1515,0.1388
637,880,1517,0.1388
622,881,1503,0.1388
611,877,1488,0.1388
613,891,1504,0.1388
618,887,1505,0.1388
617,896,1513,0.1388
611,898,1509,0.1388
604,902,1506,0.1388
597,900,1497,0.1388
591,901,1492,0.1388
587,914,1501,0.1388
584,917,1501,0.1388
580,915,1495,0.1388
583,919,1502,0.1388
586,925,1511,0.1388
583,912,1495,0.1388
587,917,1504,0.1388
591,916,1507,0.1388
597,926,1523,0.1388
598,918,1516,0.1388
601,910,1511,0.1388
600,911,1511,0.1388
594,898,1492,0.1388
589,895,1484,0.1388
581,904,1485,0.1388
584,908,1492,0.1388
578,911,1489,0.1388
581,912,1493,0.1388
580,916,1496,0.1388
581,918,1499,0.1388
579,926,1505,0.1388
577,925,1502,0.1388
579,923,1502,0.1388
583,926,1509,0.1388
580,933,1513,0.1388
582,936,1518,0.1388
574,944,1518,0.1388
570,946,1516,0.1388
566,949,1515,0.1388
561,949,1510,0.1388
549,952,1501,0.1388
549,954,1503,0.1388
549,950,1499,0.1388
542,955,1497,0.1388
544,962,1506,0.1388
551,956,1507,0.1388
554,966,1520,0.1388
564,962,1526,0.1388
558,961,1519,0.1388
559,966,1525,0.1388
558,954,1512,0.1388
552,963,1515,0.1388
552,959,1511,0.1388
549,971,1520,0.1388
547,968,1515,0.1388
550,976,1526,0.1388
551,977,1528,0.1388
556,958,1514,0.1388
559,941,1500,0.1388
561,952,1513,0.1388
568,958,1526,0.1388
564,959,1523,0.1388
564,954,1518,0.1388
557,958,1515,0.1388
554,942,1496,0.1388
557,932,1489,0.1388
548,940,1488,0.1388
547,956,1503,0.1388
544,951,1495,0.1388
546,960,1506,0.1388
545,961,1506,0.1388
537,964,1501,0.1388
545,966,1511,0.1388
543,979,1522,0.1388
544,968,1512,0.1388
537,978,1515,0.1388
532,970,1502,0.1388
529,974,1503,0.1388
528,976,1504,0.1388
534,982,1516,0.1388
529,977,1506,0.1388
523,965,1488,0.1388
529,968,1497,0.1388
532,970,1502,0.1388
537,979,1516,0.1388
534,977,1511,0.1388
536,975,1511,0.1388
522,976,1498,0.1388
528,981,1509,0.1388
532,983,1515,0.1388
528,986,1514,0.1388
520,987,1507,0.1388
522,995,1517,0.1388
508,1005,1513,0.1388
503,1015,1518,0.1388
504,1016,1520,0.1388
509,1011,1520,0.1388
505,1010,1515,0.1388
498,1013,1511,0.1388
500,1018,1518,0.1388
501,1017,1518,0.1388
492,1020,1512,0.1388
496,1020,1516,0.1388
493,1015,1508,0.1388
491,1005,1496,0.1388
495,1016,1511,0.1388
501,1013,1514,0.1388
489,1008,1497,0.1388
492,1017,1509,0.1388
480,1023,1503,0.1388
482,1021,1503,0.1388
479,1015,1494,0.1388
483,1022,1505,0.1388
487,1021,1508,0.1388
483,1032,1515,0.1388
477,1029,1506,0.1388
472,1040,1512,0.1388
468,1037,1505,0.1388
466,1037,1503,0.1388
468,1044,1512,0.1388
470,1030,1500,0.1388
471,1038,1509,0.1388
473,1038,1511,0.1388
479,1028,1507,0.1388
482,1033,1515,0.1388
476,1029,1505,0.1388
481,1032,1513,0.1388
468,1044,1512,0.1388
457,1049,1506,0.1388
458,1058,1516,0.1388
457,1052,1509,0.1388
455,1054,1509,0.1388
459,1040,1499,0.1388
453,1050,1503,0.1388
451,1067,1518,0.1388
453,1057,1510,0.1388
448,1067,1515,0.1388
447,1068,1515,0.1388
442,1076,1518,0.1388
435,1068,1503,0.1388
435,1072,1507,0.1388
438,1078,1516,0.1388
445,1079,1524,0.1388
443,1068,1511,0.1388
431,1072,1503,0.1388
432,1078,1510,0.1388
430,1069,1499,0.1388
431,1069,1500,0.1388
416,1079,1495,0.1388
421,1076,1497,0.1388
421,1079,1500,0.1388
419,1074,1493,0.1388
423,1071,1494,0.1388
419,1059,1478,0.1388
427,1083,1510,0.1388
430,1085,1515,0.1388
419,1075,1494,0.1388
411,1088,1499,0.1388
412,1091,1503,0.1388
405,1093,1498,0.1388
405,1093,1498,0.1388
395,1092,1487,0.1388
396,1102,1498,0.1388
396,1117,1513,0.1388
391,1117,1508,0.1388
394,1116,1510,0.1388
386,1117,1503,0.1388
388,1105,1493,0.1388
388,1107,1495,0.1388
388,1113,1501,0.1388
392,1113,1505,0.1388
395,1130,1525,0.1388
392,1130,1522,0.1388
390,1137,1527,0.1388
393,1132,1525,0.1388
392,1131,1523,0.1388
392,1124,1516,0.1388
387,1128,1515,0.1388
384,1127,1511,0.1388
385,1119,1504,0.1388
390,1140,1530,0.1388
388,1133,1521,0.1388
396,1130,1526,0.1388
396,1110,1506,0.1388
391,1099,1490,0.1388
394,1109,1503,0.1388
393,1111,1504,0.1388
392,1114,1506,0.1388
384,1114,1498,0.1388
383,1127,1510,0.1388
380,1119,1499,0.1388
382,1123,1505,0.1388
379,1113,1492,0.1388
373,1113,1486,0.1388
369,1138,1507,0.1388
361,1146,1507,0.1388
361,1150,1511,0.1388
361,1152,1513,0.1388
361,1148,1509,0.1388
364,1156,1520,0.1388
363,1164,1527,0.1388
357,1178,1535,0.1388
350,1174,1524,0.1388
349,1176,1525,0.1388
348,1177,1525,0.1388
341,1175,1516,0.1388
340,1164,1504,0.1388
344,1159,1503,0.1388
351,1162,1513,0.1388
351,1156,1507,0.1388
347,1153,1500,0.1388
351,1158,1509,0.1388
345,1156,1501,0.1388
345,1152,1497,0.1388
347,1157,1504,0.1388
351,1156,1507,0.1388
345,1152,1497,0.1388
347,1172,1519,0.1388
341,1174,1515,0.1388
342,1165,1507,0.1388
339,1180,1519,0.1388
348,1181,1529,0.1388
350,1180,1530,0.1388
339,1175,1514,0.1388
337,1179,1516,0.1388
338,1179,1517,0.1388
323,1185,1508,0.1388
327,1196,1523,0.1388
324,1190,1514,0.1388
326,1183,1509,0.1388
325,1188,1513,0.1388
325,1198,1523,0.1388
319,1198,1517,0.1388
317,1204,1521,0.1388
312,1208,1520,0.1388
318,1196,1514,0.1388
320,1185,1505,0.1388
323,1199,1522,0.1388
322,1204,1526,0.1388
327,1195,1522,0.1388
324,1191,1515,0.1388
323,1198,1521,0.1388
320,1190,1510,0.1388
318,1194,1512,0.1388
315,1186,1501,0.1388
305,1182,1487,0.1388
306,1185,1491,0.1388
310,1182,1492,0.1388
306,1179,1485,0.1388
303,1190,1493,0.1388
307,1206,1513,0.1388
306,1209,1515,0.1388
306,1220,1526,0.1388
302,1216,1518,0.1388
303,1218,1521,0.1388
300,1214,1514,0.1388
300,1228,1528,0.1388
295,1214,1509,0.1388
288,1219,1507,0.1388
278,1215,1493,0.1388
275,1224,1499,0.1388
275,1227,1502,0.1388
279,1227,1506,0.1388
283,1224,1507,0.1388
281,1233,1514,0.1388
279,1233,1512,0.1388
276,1234,1510,0.1388
279,1235,1514,0.1388
274,1233,1507,0.1388
275,1235,1510,0.1388
275,1243,1518,0.1388
277,1241,1518,0.1388
274,1253,1527,0.1388
271,1249,1520,0.1388
270,1239,1509,0.1388
266,1239,1505,0.1388
267,1249,1516,0.1388
267,1253,1520,0.1388
266,1240,1506,0.1388
270,1233,1503,0.1388
266,1240,1506,0.1388
266,1246,1512,0.1388
265,1251,1516,0.1388
261,1254,1515,0.1388
260,1264,1524,0.1388
261,1255,1516,0.1388
255,1246,1501,0.1388
258,1251,1509,0.1388
251,1258,1509,0.1388
252,1256,1508,0.1388
247,1260,1507,0.1388
242,1250,1492,0.1388
235,1261,1496,0.1388
241,1270,1511,0.1388
241,1275,1516,0.1388
237,1262,1499,0.1388
242,1284,1526,0.1388
239,1290,1529,0.1388
237,1288,1525,0.1388
238,1285,1523,0.1388
231,1289,1520,0.1388
224,1293,1517,0.1388
222,1301,1523,0.1388
217,1301,1518,0.1388
209,1298,1507,0.1388
212,1289,1501,0.1388
212,1292,1504,0.1388
212,1299,1511,0.1388
210,1307,1517,0.1388
206,1308,1514,0.1388
208,1296,1504,0.1388
206,1310,1516,0.1388
207,1297,1504,0.1388
206,1299,1505,0.1388
212,1304,1516,0.1388
211,1300,1511,0.1388
215,1288,1503,0.1388
218,1290,1508,0.1388
224,1287,1511,0.1388
224,1288,1512,0.1388
223,1298,1521,0.1388
220,1293,1513,0.1388
220,1286,1506,0.1388
225,1300,1525,0.1388
222,1309,1531,0.1388
217,1298,1515,0.1388
213,1307,1520,0.1388
209,1294,1503,0.1388
206,1294,1500,0.1388
208,1279,1487,0.1388
204,1290,1494,0.1388
205,1306,1511,0.1388
205,1308,1513,0.1388
201,1302,1503,0.1388
203,1311,1514,0.1388
204,1316,1520,0.1388
207,1312,1519,0.1388
206,1318,1524,0.1388
202,1310,1512,0.1388
202,1304,1506,0.1388
203,1306,1509,0.1388
202,1315,1517,0.1388
202,1319,1521,0.1388
196,1331,1527,0.1388
199,1336,1535,0.1388
197,1320,1517,0.1388
196,1319,1515,0.1388
198,1311,1509,0.1388
193,1317,1510,0.1388
195,1322,1517,0.1388
195,1327,1522,0.1388
192,1321,1513,0.1388
194,1324,1518,0.1388
194,1321,1515,0.1388
190,1320,1510,0.1388
187,1314,1501,0.1388
186,1325,1511,0.1388
181,1334,1515,0.1388
176,1328,1504,0.1388
171,1342,1513,0.1388
170,1337,1507,0.1388
166,1335,1501,0.1388
169,1341,1510,0.1388
173,1358,1531,0.1388
170,1358,1528,0.1388
171,1365,1536,0.1388
171,1352,1523,0.1388
171,1336,1507,0.1388
173,1337,1510,0.1388
172,1351,1523,0.1388
169,1347,1516,0.1388
168,1352,1520,0.1388
167,1358,1525,0.1388
170,1349,1519,0.1388
177,1349,1526,0.1388
175,1346,1521,0.1388
174,1341,1515,0.1388
173,1354,1527,0.1388
174,1356,1530,0.1388
172,1357,1529,0.1388
172,1351,1523,0.1388
170,1355,1525,0.1388
164,1345,1509,0.1388
171,1350,1521,0.1388
173,1355,1528,0.1388
169,1344,1513,0.1388
167,1345,1512,0.1388
165,1349,1514,0.1388
167,1347,1514,0.1388
166,1347,1513,0.1388
167,1347,1514,0.1388
160,1352,1512,0.1388
161,1358,1519,0.1388
159,1358,1517,0.1388
160,1352,1512,0.1388
161,1348,1509,0.1388
156,1347,1503,0.1388
159,1343,1502,0.1388
158,1344,1502,0.1388
154,1356,1510,0.1388
152,1353,1505,0.1388
151,1368,1519,0.1388
150,1376,1526,0.1388
151,1363,1514,0.1388
153,1354,1507,0.1388
153,1358,1511,0.1388
153,1358,1511,0.1388
154,1365,1519,0.1388
153,1364,1517,0.1388
155,1370,1525,0.1388
157,1362,1519,0.1388
155,1365,1520,0.1388
158,1350,1508,0.1388
156,1357,1513,0.1388
154,1368,1522,0.1388
153,1366,1519,0.1388
152,1364,1516,0.1388
153,1366,1519,0.1388
148,1371,1519,0.1388
151,1366,1517,0.1388
148,1373,1521,0.1388
145,1368,1513,0.1388
145,1382,1527,0.1388
147,1389,1536,0.1388
145,1372,1517,0.1388
143,1372,1515,0.1388
145,1375,1520,0.1388
147,1373,1520,0.1388
149,1367,1516,0.1388
148,1365,1513,0.1388
148,1356,1504,0.1388
149,1363,1512,0.1388
150,1365,1515,0.1388
149,1360,1509,0.1388
147,1375,1522,0.1388
144,1365,1509,0.1388
143,1367,1510,0.1388
137,1373,1510,0.1388
139,1361,1500,0.1388
139,1369,1508,0.1388
140,1362,1502,0.1388
132,1374,1506,0.1388
133,1385,1518,0.1388
131,1390,1521,0.1388
136,1391,1527,0.1388
137,1380,1517,0.1388
133,1379,1512,0.1388
131,1377,1508,0.1388
133,1368,1501,0.1388
131,1378,1509,0.1388
131,1370,1501,0.1388
130,1384,1514,0.1388
131,1367,1498,0.1388
127,1369,1496,0.1388
125,1379,1504,0.1388
126,1385,1511,0.1388
124,1384,1508,0.1388
126,1404,1530,0.1388
123,1405,1528,0.1388
125,1390,1515,0.1388
125,1387,1512,0.1388
125,1381,1506,0.1388
124,1389,1513,0.1388
122,1393,1515,0.1388
123,1388,1511,0.1388
125,1381,1506,0.1388
125,1396,1521,0.1388
126,1388,1514,0.1388
124,1391,1515,0.1388
122,1400,1522,0.1388
122,1411,1533,0.1388
120,1407,1527,0.1388
120,1403,1523,0.1388
120,1397,1517,0.1388
117,1403,1520,0.1388
118,1400,1518,0.1388
119,1402,1521,0.1388
119,1409,1528,0.1388
120,1406,1526,0.1388
119,1404,1523,0.1388
120,1394,1514,0.1388
115,1404,1519,0.1388
115,1407,1522,0.1388
113,1405,1518,0.1388
110,1408,1518,0.1388
109,1412,1521,0.1388
111,1395,1506,0.1388
111,1400,1511,0.1388
108,1414,1522,0.1388
107,1391,1498,0.1388
110,1407,1517,0.1388
109,1413,1522,0.1388
108,1416,1524,0.1388
110,1415,1525,0.1388
111,1397,1508,0.1388
112,1401,1513,0.1388
113,1396,1509,0.1388
113,1401,1514,0.1388
114,1401,1515,0.1388
113,1410,1523,0.1388
113,1407,1520,0.1388
112,1416,1528,0.1388
112,1410,1522,0.1388
112,1406,1518,0.1388
113,1397,1510,0.1388
114,1404,1518,0.1388
114,1389,1503,0.1388
114,1406,1520,0.1388
112,1406,1518,0.1388
113,1399,1512,0.1388
114,1400,1514,0.1388
114,1405,1519,0.1388
113,1404,1517,0.1388
115,1396,1511,0.1388
116,1403,1519,0.1388
117,1399,1516,0.1388
121,1395,1516,0.1388
120,1399,1519,0.1388
120,1399,1519,0.1388
121,1383,1504,0.1388
124,1394,1518,0.1388
125,1401,1526,0.1388
122,1399,1521,0.1388
121,1397,1518,0.1388
117,1405,1522,0.1388
114,1402,1516,0.1388
120,1405,1525,0.1388
121,1403,1524,0.1388
123,1398,1521,0.1388
118,1390,1508,0.1388
123,1402,1525,0.1388
119,1413,1532,0.1388
119,1404,1523,0.1388
117,1401,1518,0.1388
118,1414,1532,0.1388
120,1396,1516,0.1388
119,1394,1513,0.1388
115,1409,1524,0.1388
115,1409,1524,0.1388
113,1396,1509,0.1388
115,1406,1521,0.1388
117,1406,1523,0.1388
120,1396,1516,0.1388
118,1394,1512,0.1388
118,1389,1507,0.1388
117,1395,1512,0.1388
116,1390,1506,0.1388
114,1400,1514,0.1388
115,1392,1507,0.1388
114,1385,1499,0.1388
109,1387,1496,0.1388
107,1393,1500,0.1388
104,1404,1508,0.1388
104,1412,1516,0.1388
105,1408,1513,0.1388
104,1411,1515,0.1388
105,1406,1511,0.1388
106,1388,1494,0.1388
106,1385,1491,0.1388
106,1404,1510,0.1388
105,1404,1509,0.1388
104,1404,1508,0.1388
104,1409,1513,0.1388
105,1413,1518,0.1388
103,1412,1515,0.1388
103,1400,1503,0.1388
105,1403,1508,0.1388
105,1396,1501,0.1388
105,1395,1500,0.1388
102,1406,1508,0.1388
103,1410,1513,0.1388
104,1420,1524,0.1388
106,1400,1506,0.1388
105,1391,1496,0.1388
110,1398,1508,0.1388
113,1415,1528,0.1388
115,1409,1524,0.1388
116,1405,1521,0.1388
116,1389,1505,0.1388
116,1388,1504,0.1388
121,1388,1509,0.1388
123,1393,1516,0.1388
120,1397,1517,0.1388
117,1397,1514,0.1388
117,1400,1517,0.1388
116,1418,1534,0.1388
116,1411,1527,0.1388
116,1403,1519,0.1388
112,1410,1522,0.1388
110,1410,1520,0.1388
105,1410,1515,0.1388
105,1402,1507,0.1388
109,1409,1518,0.1388
106,1409,1515,0.1388
107,1399,1506,0.1388
107,1398,1505,0.1388
108,1414,1522,0.1388
110,1414,1524,0.1388
109,1415,1524,0.1388
110,1402,1512,0.1388
109,1411,1520,0.1388
111,1408,1519,0.1388
113,1405,1518,0.1388
110,1405,1515,0.1388
106,1406,1512,0.1388
106,1402,1508,0.1388
107,1406,1513,0.1388
107,1407,1514,0.1388
109,1400,1509,0.1388
106,1408,1514,0.1388
108,1412,1520,0.1388
108,1397,1505,0.1388
108,1408,1516,0.1388
109,1401,1510,0.1388
112,1403,1515,0.1388
112,1402,1514,0.1388
114,1396,1510,0.1388
111,1389,1500,0.1388
113,1402,1515,0.1388
110,1396,1506,0.1388
108,1384,1492,0.1388
106,1394,1500,0.1388
109,1399,1508,0.1388
108,1409,1517,0.1388
107,1418,1525,0.1388
105,1415,1520,0.1388
103,1418,1521,0.1388
100,1422,1522,0.1388
98,1420,1518,0.1388
96,1416,1512,0.1388
96,1432,1528,0.1388
95,1422,1517,0.1388
97,1424,1521,0.1388
94,1417,1511,0.1388
96,1427,1523,0.1388
90,1431,1521,0.1388
90,1438,1528,0.1388
89,1430,1519,0.1388
82,1435,1517,0.1388
83,1456,1539,0.1388
83,1438,1521,0.1388
83,1433,1516,0.1388
81,1427,1508,0.1388
84,1417,1501,0.1388
84,1414,1498,0.1388
84,1406,1490,0.1388
83,1411,1494,0.1388
84,1423,1507,0.1388
82,1417,1499,0.1388
81,1423,1504,0.1388
82,1428,1510,0.1388
84,1433,1517,0.1388
82,1423,1505,0.1388
81,1425,1506,0.1388
80,1440,1520,0.1388
81,1426,1507,0.1388
78,1436,1514,0.1388
75,1439,1514,0.1388
75,1437,1512,0.1388
73,1453,1526,0.1388
73,1447,1520,0.1388
72,1437,1509,0.1388
71,1446,1517,0.1388
69,1433,1502,0.1388
69,1443,1512,0.1388
72,1440,1512,0.1388
76,1438,1514,0.1388
77,1430,1507,0.1388
73,1423,1496,0.1388
73,1432,1505,0.1388
74,1430,1504,0.1388
72,1442,1514,0.1388
71,1437,1508,0.1388
68,1429,1497,0.1388
69,1427,1496,0.1388
73,1438,1511,0.1388
72,1438,1510,0.1388
71,1444,1515,0.1388
72,1458,1530,0.1388
71,1452,1523,0.1388
68,1446,1514,0.1388
68,1438,1506,0.1388
66,1438,1504,0.1388
65,1436,1501,0.1388
62,1448,1510,0.1388
62,1447,1509,0.1388
62,1448,1510,0.1388
62,1459,1521,0.1388
62,1466,1528,0.1388
60,1468,1528,0.1388
61,1448,1509,0.1388
61,1457,1518,0.1388
60,1454,1514,0.1388
60,1453,1513,0.1388
61,1452,1513,0.1388
55,1453,1508,0.1388
55,1462,1517,0.1388
55,1461,1516,0.1388
55,1467,1522,0.1388
53,1467,1520,0.1388
54,1475,1529,0.1388
53,1468,1521,0.1388
51,1472,1523,0.1388
50,1482,1532,0.1388
52,1462,1514,0.1388
53,1469,1522,0.1388
52,1460,1512,0.1388
53,1470,1523,0.1388
54,1467,1521,0.1388
54,1468,1522,0.1388
54,1468,1522,0.1388
52,1466,1518,0.1388
51,1460,1511,0.1388
53,1458,1511,0.1388
54,1464,1518,0.1388
55,1468,1523,0.1388
53,1468,1521,0.1388
54,1464,1518,0.1388
54,1462,1516,0.1388
53,1470,1523,0.1388
52,1466,1518,0.1388
53,1469,1522,0.1388
52,1467,1519,0.1388
51,1461,1512,0.1388
51,1469,1520,0.1388
47,1467,1514,0.1388
44,1464,1508,0.1388
44,1471,1515,0.1388
45,1463,1508,0.1388
45,1473,1518,0.1388
46,1474,1520,0.1388
45,1469,1514,0.1388
45,1478,1523,0.1388
44,1476,1520,0.1388
44,1473,1517,0.1388
44,1479,1523,0.1388
43,1476,1519,0.1388
43,1485,1528,0.1388
45,1489,1534,0.1388
45,1477,1522,0.1388
44,1496,1540,0.1388
45,1478,1523,0.1388
49,1466,1515,0.1388
48,1453,1501,0.1388
50,1462,1512,0.1388
50,1455,1505,0.1388
49,1462,1511,0.1388
46,1470,1516,0.1388
47,1462,1509,0.1388
47,1468,1515,0.1388
48,1469,1517,0.1388
47,1484,1531,0.1388
45,1475,1520,0.1388
44,1486,1530,0.1388
45,1489,1534,0.1388
45,1484,1529,0.1388
45,1482,1527,0.1388
46,1461,1507,0.1388
45,1471,1516,0.1388
44,1472,1516,0.1388
46,1472,1518,0.1388
47,1472,1519,0.1388
48,1473,1521,0.1388
50,1477,1527,0.1388
49,1464,1513,0.1388
50,1453,1503,0.1388
49,1451,1500,0.1388
51,1460,1511,0.1388
53,1474,1527,0.1388
51,1463,1514,0.1388
50,1469,1519,0.1388
52,1481,1533,0.1388
52,1473,1525,0.1388
51,1469,1520,0.1388
49,1477,1526,0.1388
47,1464,1511,0.1388
47,1456,1503,0.1388
46,1461,1507,0.1388
47,1461,1508,0.1388
49,1459,1508,0.1388
48,1464,1512,0.1388
48,1466,1514,0.1388
48,1468,1516,0.1388
50,1459,1509,0.1388
50,1457,1507,0.1388
52,1454,1506,0.1388
50,1458,1508,0.1388
47,1468,1515,0.1388
48,1472,1520,0.1388
49,1474,1523,0.1388
49,1469,1518,0.1388
48,1465,1513,0.1388
51,1469,1520,0.1388
47,1473,1520,0.1388
47,1474,1521,0.1388
47,1464,1511,0.1388
46,1468,1514,0.1388
47,1470,1517,0.1388
46,1476,1522,0.1388
46,1471,1517,0.1388
45,1485,1530,0.1388
47,1477,1524,0.1388
45,1478,1523,0.1388
42,1475,1517,0.1388
44,1481,1525,0.1388
44,1476,1520,0.1388
41,1472,1513,0.1388
40,1467,1507,0.1388
41,1465,1506,0.1388
39,1472,1511,0.1388
39,1475,1514,0.1388
37,1493,1530,0.1388
37,1489,1526,0.1388
37,1484,1521,0.1388
37,1486,1523,0.1388
35,1480,1515,0.1388
35,1487,1522,0.1388
33,1494,1527,0.1388
32,1500,1532,0.1388
31,1491,1522,0.1388
30,1488,1518,0.1388
29,1485,1514,0.1388
28,1497,1525,0.1388
28,1490,1518,0.1388
26,1488,1514,0.1388
23,1500,1523,0.1388
22,1503,1525,0.1388
25,1501,1526,0.1388
23,1495,1518,0.1388
23,1489,1512,0.1388
24,1493,1517,0.1388
26,1490,1516,0.1388
26,1486,1512,0.1388
24,1482,1506,0.1388
24,1475,1499,0.1388
25,1471,1496,0.1388
26,1495,1521,0.1388
26,1492,1518,0.1388
28,1481,1509,0.1388
28,1487,1515,0.1388
28,1497,1525,0.1388
27,1493,1520,0.1388
26,1498,1524,0.1388
25,1491,1516,0.1388
25,1494,1519,0.1388
25,1501,1526,0.1388
25,1496,1521,0.1388
26,1496,1522,0.1388
28,1496,1524,0.1388
26,1499,1525,0.1388
27,1506,1533,0.1388
29,1506,1535,0.1388
29,1495,1524,0.1388
28,1486,1514,0.1388
27,1491,1518,0.1388
27,1483,1510,0.1388
28,1482,1510,0.1388
29,1477,1506,0.1388
30,1480,1510,0.1388
28,1480,1508,0.1388
28,1475,1503,0.1388
29,1481,1510,0.1388
25,1492,1517,0.1388
26,1485,1511,0.1388
27,1488,1515,0.1388
27,1491,1518,0.1388
27,1491,1518,0.1388
26,1484,1510,0.1388
26,1483,1509,0.1388
25,1488,1513,0.1388
25,1490,1515,0.1388
25,1492,1517,0.1388
25,1490,1515,0.1388
25,1493,1518,0.1388
25,1499,1524,0.1388
25,1495,1520,0.1388
25,1505,1530,0.1388
25,1498,1523,0.1388
23,1491,1514,0.1388
22,1493,1515,0.1388
23,1496,1519,0.1388
23,1495,1518,0.1388
23,1497,1520,0.1388
23,1506,1529,0.1388
23,1501,1524,0.1388
24,1520,1544,0.1388
25,1513,1538,0.1388
25,1484,1509,0.1388
26,1477,1503,0.1388
26,1478,1504,0.1388
26,1484,1510,0.1388
26,1496,1522,0.1388
26,1494,1520,0.1388
24,1475,1499,0.1388
24,1483,1507,0.1388
25,1486,1511,0.1388
27,1473,1500,0.1388
28,1484,1512,0.1388
27,1489,1516,0.1388
27,1506,1533,0.1388
26,1499,1525,0.1388
26,1484,1510,0.1388
27,1484,1511,0.1388
25,1486,1511,0.1388
25,1489,1514,0.1388
25,1487,1512,0.1388
26,1495,1521,0.1388
26,1503,1529,0.1388
26,1504,1530,0.1388
25,1509,1534,0.1388
21,1498,1519,0.1388
21,1476,1497,0.1388
21,1488,1509,0.1388
20,1495,1515,0.1388
20,1490,1510,0.1388
20,1498,1518,0.1388
18,1505,1523,0.1388
21,1501,1522,0.1388
22,1499,1521,0.1388
22,1498,1520,0.1388
23,1493,1516,0.1388
25,1502,1527,0.1388
25,1486,1511,0.1388
24,1486,1510,0.1388
24,1493,1517,0.1388
23,1491,1514,0.1388
23,1499,1522,0.1388
23,1490,1513,0.1388
23,1481,1504,0.1388
23,1489,1512,0.1388
24,1482,1506,0.1388
23,1490,1513,0.1388
24,1502,1526,0.1388
24,1495,1519,0.1388
24,1495,1519,0.1388
22,1495,1517,0.1388
23,1498,1521,0.1388
21,1495,1516,0.1388
19,1510,1529,0.1388
19,1496,1515,0.1388
18,1494,1512,0.1388
20,1492,1512,0.1388
19,1484,1503,0.1388
19,1480,1499,0.1388
19,1475,1494,0.1388
21,1479,1500,0.1388
21,1467,1488,0.1388
22,1474,1496,0.1388
23,1485,1508,0.1388
23,1491,1514,0.1388
22,1480,1502,0.1388
22,1475,1497,0.1388
20,1482,1502,0.1388
22,1484,1506,0.1388
23,1487,1510,0.1388
24,1487,1511,0.1388
24,1490,1514,0.1388
24,1490,1514,0.1388
23,1479,1502,0.1388
22,1485,1507,0.1388
23,1482,1505,0.1388
22,1477,1499,0.1388
23,1493,1516,0.1388
23,1492,1515,0.1388
23,1487,1510,0.1388
23,1497,1520,0.1388
23,1494,1517,0.1388
23,1490,1513,0.1388
24,1494,1518,0.1388
23,1495,1518,0.1388
21,1487,1508,0.1388
22,1483,1505,0.1388
23,1492,1515,0.1388
24,1489,1513,0.1388
25,1496,1521,0.1388
26,1491,1517,0.1388
26,1492,1518,0.1388
26,1496,1522,0.1388
23,1495,1518,0.1388
20,1489,1509,0.1388
20,1484,1504,0.1388
17,1485,1502,0.1388
18,1481,1499,0.1388
18,1488,1506,0.1388
18,1495,1513,0.1388
19,1496,1515,0.1388
18,1501,1519,0.1388
18,1482,1500,0.1388
18,1495,1513,0.1388
18,1496,1514,0.1388
17,1497,1514,0.1388
17,1489,1506,0.1388
16,1488,1504,0.1388
16,1502,1518,0.1388
14,1501,1515,0.1388
14,1516,1530,0.1388
16,1520,1536,0.1388
16,1522,1538,0.1388
14,1519,1533,0.1388
13,1516,1529,0.1388
14,1521,1535,0.1388
14,1508,1522,0.1388
14,1500,1514,0.1388
14,1501,1515,0.1388
15,1515,1530,0.1388
15,1514,1529,0.1388
14,1511,1525,0.1388
14,1503,1517,0.1388
14,1505,1519,0.1388
14,1510,1524,0.1388
14,1510,1524,0.1388
13,1510,1523,0.1388
12,1504,1516,0.1388
12,1504,1516,0.1388
12,1495,1507,0.1388
12,1500,1512,0.1388
12,1512,1524,0.1388
10,1506,1516,0.1388
10,1517,1527,0.1388
10,1517,1527,0.1388
10,1512,1522,0.1388
10,1505,1515,0.1388
10,1506,1516,0.1388
11,1501,1512,0.1388
11,1502,1513,0.1388
11,1520,1531,0.1388
12,1503,1515,0.1388
12,1502,1514,0.1388
12,1511,1523,0.1388
13,1508,1521,0.1388
13,1491,1504,0.1388
14,1487,1501,0.1388
14,1494,1508,0.1388
14,1489,1503,0.1388
13,1495,1508,0.1388
15,1496,1511,0.1388
13,1500,1513,0.1388
14,1512,1526,0.1388
14,1502,1516,0.1388
14,1517,1531,0.1388
14,1518,1532,0.1388
14,1509,1523,0.1388
13,1498,1511,0.1388
13,1495,1508,0.1388
13,1496,1509,0.1388
13,1503,1516,0.1388
12,1513,1525,0.1388
12,1513,1525,0.1388
11,1508,1519,0.1388
11,1495,1506,0.1388
11,1506,1517,0.1388
11,1502,1513,0.1388
10,1507,1517,0.1388
10,1512,1522,0.1388
10,1500,1510,0.1388
9,1491,1500,0.1388
9,1490,1499,0.1388
9,1498,1507,0.1388
9,1499,1508,0.1388
9,1509,1518,0.1388
9,1515,1524,0.1388
8,1515,1523,0.1388
9,1510,1519,0.1388
8,1510,1518,0.1388
9,1514,1523,0.1388
9,1506,1515,0.1388
10,1507,1517,0.1388
10,1503,1513,0.1388
10,1515,1525,0.1388
10,1518,1528,0.1388
9,1501,1510,0.1388
8,1507,1515,0.1388
8,1513,1521,0.1388
8,1521,1529,0.1388
8,1514,1522,0.1388
9,1514,1523,0.1388
9,1509,1518,0.1388
9,1513,1522,0.1388
9,1513,1522,0.1388
8,1525,1533,0.1388
8,1514,1522,0.1388
8,1509,1517,0.1388
8,1508,1516,0.1388
8,1503,1511,0.1388
8,1507,1515,0.1388
9,1524,1533,0.1388
9,1519,1528,0.1388
9,1523,1532,0.1388
10,1510,1520,0.1388
10,1504,1514,0.1388
10,1500,1510,0.1388
10,1517,1527,0.1388
8,1506,1514,0.1388
7,1514,1521,0.1388
7,1513,1520,0.1388
7,1509,1516,0.1388
6,1505,1511,0.1388
6,1510,1516,0.1388
6,1506,1512,0.1388
6,1513,1519,0.1388
6,1505,1511,0.1388
6,1508,1514,0.1388
6,1513,1519,0.1388
6,1508,1514,0.1388
6,1502,1508,0.1388
6,1500,1506,0.1388
6,1503,1509,0.1388
6,1508,1514,0.1388
6,1496,1502,0.1388
6,1499,1505,0.1388
6,1500,1506,0.1388
6,1514,1520,0.1388
6,1519,1525,0.1388
6,1518,1524,0.1388
6,1509,1515,0.1388
7,1504,1511,0.1388
7,1498,1505,0.1388
8,1507,1515,0.1388
8,1519,1527,0.1388
8,1523,1531,0.1388
8,1517,1525,0.1388
8,1516,1524,0.1388
9,1510,1519,0.1388
9,1512,1521,0.1388
10,1502,1512,0.1388
10,1494,1504,0.1388
10,1502,1512,0.1388
10,1499,1509,0.1388
10,1512,1522,0.1388
10,1513,1523,0.1388
8,1511,1519,0.1388
8,1513,1521,0.1388
8,1512,1520,0.1388
8,1512,1520,0.1388
8,1498,1506,0.1388
8,1514,1522,0.1388
7,1513,1520,0.1388
7,1512,1519,0.1388
7,1507,1514,0.1388
7,1501,1508,0.1388
7,1509,1516,0.1388
7,1507,1514,0.1388
6,1501,1507,0.1388
6,1511,1517,0.1388
6,1511,1517,0.1388
5,1520,1525,0.1388
5,1523,1528,0.1388
5,1507,1512,0.1388
5,1498,1503,0.1388
5,1518,1523,0.1388
5,1523,1528,0.1388
5,1518,1523,0.1388
6,1519,1525,0.1388
6,1524,1530,0.1388
4,1522,1526,0.1388
4,1523,1527,0.1388
4,1506,1510,0.1388
4,1504,1508,0.1388
4,1516,1520,0.1388
4,1519,1523,0.1388
5,1520,1525,0.1388
5,1506,1511,0.1388
5,1502,1507,0.1388
5,1503,1508,0.1388
5,1515,1520,0.1388
5,1512,1517,0.1388
5,1501,1506,0.1388
5,1520,1525,0.1388
5,1521,1526,0.1388
5,1529,1534,0.1388
5,1513,1518,0.1388
6,1499,1505,0.1388
6,1503,1509,0.1388
6,1514,1520,0.1388
6,1515,1521,0.1388
6,1513,1519,0.1388
6,1508,1514,0.1388
4,1508,1512,0.1388
4,1500,1504,0.1388
4,1506,1510,0.1388
4,1500,1504,0.1388
4,1505,1509,0.1388
4,1519,1523,0.1388
4,1511,1515,0.1388
4,1506,1510,0.1388
4,1515,1519,0.1388
4,1518,1522,0.1388
4,1510,1514,0.1388
4,1502,1506,0.1388
4,1501,1505,0.1388
4,1500,1504,0.1388
4,1495,1499,0.1388
4,1512,1516,0.1388
5,1503,1508,0.1388
5,1509,1514,0.1388
5,1503,1508,0.1388
5,1520,1525,0.1388
5,1525,1530,0.1388
5,1520,1525,0.1388
6,1509,1515,0.1388
6,1518,1524,0.1388
6,1521,1527,0.1388
6,1512,1518,0.1388
5,1505,1510,0.1388
5,1515,1520,0.1388
6,1518,1524,0.1388
6,1517,1523,0.1388
6,1520,1526,0.1388
6,1523,1529,0.1388
5,1530,1535,0.1388
5,1524,1529,0.1388
5,1516,1521,0.1388
5,1500,1505,0.1388
4,1506,1510,0.1388
4,1503,1507,0.1388
4,1501,1505,0.1388
4,1507,1511,0.1388
4,1505,1509,0.1388
4,1523,1527,0.1388
4,1516,1520,0.1388
4,1525,1529,0.1388
4,1528,1532,0.1388
4,1525,1529,0.1388
4,1533,1537,0.1388
4,1522,1526,0.1388
4,1525,1529,0.1388
4,1514,1518,0.1388
5,1526,1531,0.1388
5,1510,1515,0.1388
5,1521,1526,0.1388
5,1534,1539,0.1388
5,1521,1526,0.1388
5,1520,1525,0.1388
5,1518,1523,0.1388
5,1520,1525,0.1388
5,1520,1525,0.1388
4,1509,1513,0.1388
4,1521,1525,0.1388
4,1515,1519,0.1388
4,1523,1527,0.1388
5,1522,1527,0.1388
5,1511,1516,0.1388
6,1521,1527,0.1388
6,1515,1521,0.1388
5,1516,1521,0.1388
5,1521,1526,0.1388
6,1519,1525,0.1388
6,1511,1517,0.1388
5,1500,1505,0.1388
5,1509,1514,0.1388
5,1502,1507,0.1388
5,1506,1511,0.1388
5,1496,1501,0.1388
6,1493,1499,0.1388
6,1505,1511,0.1388
6,1514,1520,0.1388
6,1494,1500,0.1388
6,1499,1505,0.1388
6,1500,1506,0.1388
5,1500,1505,0.1388
5,1510,1515,0.1388
5,1511,1516,0.1388
5,1504,1509,0.1388
5,1500,1505,0.1388
4,1515,1519,0.1388
4,1507,1511,0.1388
4,1509,1513,0.1388
4,1520,1524,0.1388
4,1518,1522,0.1388
4,1507,1511,0.1388
4,1522,1526,0.1388
4,1518,1522,0.1388
4,1514,1518,0.1388
3,1514,1517,0.1388
3,1514,1517,0.1388
3,1518,1521,0.1388
3,1514,1517,0.1388
4,1501,1505,0.1388
3,1508,1511,0.1388
4,1507,1511,0.1388
4,1504,1508,0.1388
4,1506,1510,0.1388
4,1500,1504,0.1388
4,1499,1503,0.1388
4,1519,1523,0.1388
4,1520,1524,0.1388
4,1511,1515,0.1388
5,1527,1532,0.1388
5,1529,1534,0.1388
5,1521,1526,0.1388
5,1530,1535,0.1388
5,1531,1536,0.1388
5,1519,1524,0.1388
5,1513,1518,0.1388
4,1521,1525,0.1388
4,1522,1526,0.1388
4,1527,1531,0.1388
4,1527,1531,0.1388
4,1519,1523,0.1388
4,1523,1527,0.1388
4,1528,1532,0.1388
4,1520,1524,0.1388
4,1521,1525,0.1388
4,1509,1513,0.1388
5,1505,1510,0.1388
4,1507,1511,0.1388
4,1514,1518,0.1388
4,1508,1512,0.1388
4,1511,1515,0.1388
4,1521,1525,0.1388
4,1523,1527,0.1388
5,1514,1519,0.1388
5,1515,1520,0.1388
5,1517,1522,0.1388
5,1506,1511,0.1388
5,1510,1515,0.1388
4,1503,1507,0.1388
4,1504,1508,0.1388
4,1507,1511,0.1388
4,1512,1516,0.1388
4,1517,1521,0.1388
5,1515,1520,0.1388
5,1523,1528,0.1388
6,1527,1533,0.1388
7,1513,1520,0.1388
7,1514,1521,0.1388
7,1515,1522,0.1388
7,1506,1513,0.1388
7,1504,1511,0.1388
8,1497,1505,0.1388
7,1505,1512,0.1388
7,1508,1515,0.1388
7,1501,1508,0.1388
7,1498,1505,0.1388
6,1492,1498,0.1388
6,1515,1521,0.1388
6,1513,1519,0.1388
6,1513,1519,0.1388
6,1511,1517,0.1388
7,1509,1516,0.1388
7,1509,1516,0.1388
7,1516,1523,0.1388
8,1521,1529,0.1388
8,1519,1527,0.1388
8,1519,1527,0.1388
9,1520,1529,0.1388
9,1506,1515,0.1388
9,1512,1521,0.1388
9,1509,1518,0.1388
9,1505,1514,0.1388
9,1500,1509,0.1388
7,1488,1495,0.1388
8,1507,1515,0.1388
9,1517,1526,0.1388
9,1513,1522,0.1388
8,1513,1521,0.1388
8,1511,1519,0.1388
8,1513,1521,0.1388
8,1511,1519,0.1388
8,1508,1516,0.1388
8,1511,1519,0.1388
8,1520,1528,0.1388
7,1514,1521,0.1388
7,1513,1520,0.1388
7,1508,1515,0.1388
7,1507,1514,0.1388
9,1515,1524,0.1388
9,1517,1526,0.1388
9,1529,1538,0.1388
9,1524,1533,0.1388
9,1522,1531,0.1388
9,1511,1520,0.1388
9,1515,1524,0.1388
9,1516,1525,0.1388
9,1504,1513,0.1388
9,1511,1520,0.1388
9,1514,1523,0.1388
9,1525,1534,0.1388
9,1531,1540,0.1388
10,1523,1533,0.1388
10,1510,1520,0.1388
10,1507,1517,0.1388
10,1506,1516,0.1388
10,1503,1513,0.1388
10,1514,1524,0.1388
10,1515,1525,0.1388
10,1521,1531,0.1388
10,1508,1518,0.1388
10,1502,1512,0.1388
10,1505,1515,0.1388
10,1505,1515,0.1388
10,1501,1511,0.1388
10,1500,1510,0.1388
9,1503,1512,0.1388
9,1518,1527,0.1388
9,1515,1524,0.1388
9,1503,1512,0.1388
10,1496,1506,0.1388
10,1500,1510,0.1388
10,1507,1517,0.1388
9,1500,1509,0.1388
8,1488,1496,0.1388
8,1500,1508,0.1388
8,1517,1525,0.1388
8,1523,1531,0.1388
8,1521,1529,0.1388
8,1499,1507,0.1388
8,1500,1508,0.1388
8,1502,1510,0.1388
8,1509,1517,0.1388
8,1509,1517,0.1388
7,1503,1510,0.1388
7,1515,1522,0.1388
7,1512,1519,0.1388
7,1515,1522,0.1388
6,1506,1512,0.1388
6,1508,1514,0.1388
5,1510,1515,0.1388
5,1514,1519,0.1388
6,1510,1516,0.1388
7,1525,1532,0.1388
5,1527,1532,0.1388
5,1528,1533,0.1388
5,1518,1523,0.1388
5,1510,1515,0.1388
5,1514,1519,0.1388
5,1516,1521,0.1388
5,1513,1518,0.1388
7,1506,1513,0.1388
7,1512,1519,0.1388
7,1500,1507,0.1388
7,1493,1500,0.1388
7,1504,1511,0.1388
6,1507,1513,0.1388
6,1509,1515,0.1388
6,1506,1512,0.1388
6,1501,1507,0.1388
6,1507,1513,0.1388
6,1503,1509,0.1388
6,1521,1527,0.1388
6,1529,1535,0.1388
6,1524,1530,0.1388
6,1517,1523,0.1388
5,1527,1532,0.1388
5,1515,1520,0.1388
4,1513,1517,0.1388
4,1527,1531,0.1388
4,1522,1526,0.1388
4,1523,1527,0.1388
4,1518,1522,0.1388
4,1507,1511,0.1388
4,1507,1511,0.1388
4,1517,1521,0.1388
4,1524,1528,0.1388
4,1518,1522,0.1388
4,1502,1506,0.1388
4,1509,1513,0.1388
4,1514,1518,0.1388
4,1516,1520,0.1388
3,1512,1515,0.1388
3,1503,1506,0.1388
3,1518,1521,0.1388
4,1509,1513,0.1388
4,1501,1505,0.1388
4,1509,1513,0.1388
4,1521,1525,0.1388
4,1515,1519,0.1388
4,1512,1516,0.1388
4,1501,1505,0.1388
4,1515,1519,0.1388
4,1517,1521,0.1388
4,1513,1517,0.1388
4,1519,1523,0.1388
4,1510,1514,0.1388
4,1500,1504,0.1388
4,1497,1501,0.1388
4,1501,1505,0.1388
4,1503,1507,0.1388
4,1502,1506,0.1388
4,1505,1509,0.1388
4,1509,1513,0.1388
4,1517,1521,0.1388
4,1513,1517,0.1388
4,1516,1520,0.1388
3,1507,1510,0.1388
3,1511,1514,0.1388
3,1494,1497,0.1388
3,1501,1504,0.1388
2,1502,1504,0.1388
4,1522,1526,0.1388
4,1518,1522,0.1388
5,1517,1522,0.1388
5,1525,1530,0.1388
5,1517,1522,0.1388
5,1528,1533,0.1388
5,1521,1526,0.1388
5,1502,1507,0.1388
5,1504,1509,0.1388
5,1514,1519,0.1388
5,1509,1514,0.1388
4,1510,1514,0.1388
4,1508,1512,0.1388
4,1494,1498,0.1388
4,1495,1499,0.1388
4,1500,1504,0.1388
4,1514,1518,0.1388
4,1521,1525,0.1388
4,1509,1513,0.1388
4,1491,1495,0.1388
4,1488,1492,0.1388
4,1492,1496,0.1388
4,1515,1519,0.1388
4,1514,1518,0.1388
3,1506,1509,0.1388
3,1504,1507,0.1388
3,1509,1512,0.1388
3,1501,1504,0.1388
3,1496,1499,0.1388
3,1495,1498,0.1388
3,1497,1500,0.1388
3,1489,1492,0.1388
3,1505,1508,0.1388
3,1510,1513,0.1388
3,1511,1514,0.1388
3,1524,1527,0.1388
3,1519,1522,0.1388
3,1529,1532,0.1388
4,1521,1525,0.1388
4,1506,1510,0.1388
4,1506,1510,0.1388
4,1514,1518,0.1388
4,1504,1508,0.1388
4,1494,1498,0.1388
4,1495,1499,0.1388
5,1507,1512,0.1388
5,1488,1493,0.1388
5,1493,1498,0.1388
5,1500,1505,0.1388
5,1499,1504,0.1388
5,1516,1521,0.1388
5,1520,1525,0.1388
5,1510,1515,0.1388
5,1505,1510,0.1388
4,1510,1514,0.1388
4,1515,1519,0.1388
3,1525,1528,0.1388
3,1534,1537,0.1388
3,1525,1528,0.1388
3,1515,1518,0.1388
3,1519,1522,0.1388
3,1517,1520,0.1388
3,1523,1526,0.1388
3,1525,1528,0.1388
3,1530,1533,0.1388
3,1513,1516,0.1388
3,1509,1512,0.1388
3,1508,1511,0.1388
3,1511,1514,0.1388
3,1508,1511,0.1388
3,1516,1519,0.1388
3,1519,1522,0.1388
3,1518,1521,0.1388
3,1524,1527,0.1388
3,1515,1518,0.1388
3,1512,1515,0.1388
3,1524,1527,0.1388
2,1524,1526,0.1388
1,1517,1518,0.1388
2,1522,1524,0.1388
2,1518,1520,0.1388
2,1511,1513,0.1388
2,1516,1518,0.1388
2,1510,1512,0.1388
2,1518,1520,0.1388
2,1519,1521,0.1388
2,1516,1518,0.1388
2,1518,1520,0.1388
2,1522,1524,0.1388
2,1514,1516,0.1388
2,1512,1514,0.1388
2,1503,1505,0.1388
2,1516,1518,0.1388
2,1517,1519,0.1388
2,1513,1515,0.1388
2,1508,1510,0.1388
2,1508,1510,0.1388
2,1515,1517,0.1388
2,1508,1510,0.1388
2,1516,1518,0.1388
2,1504,1506,0.1388
2,1507,1509,0.1388
2,1517,1519,0.1388
2,1524,1526,0.1388
3,1522,1525,0.1388
3,1518,1521,0.1388
3,1512,1515,0.1388
3,1518,1521,0.1388
3,1525,1528,0.1388
3,1515,1518,0.1388
3,1513,1516,0.1388
3,1508,1511,0.1388
3,1520,1523,0.1388
3,1520,1523,0.1388
2,1520,1522,0.1388
2,1530,1532,0.1388
2,1528,1530,0.1388
2,1518,1520,0.1388
2,1508,1510,0.1388
2,1518,1520,0.1388
2,1529,1531,0.1388
2,1517,1519,0.1388
2,1543,1545,0.1388
2,1531,1533,0.1388
2,1522,1524,0.1388
2,1517,1519,0.1388
2,1520,1522,0.1388
2,1520,1522,0.1388
2,1531,1533,0.1388
2,1526,1528,0.1388
2,1526,1528,0.1388
2,1520,1522,0.1388
2,1510,1512,0.1388
2,1495,1497,0.1388
2,1516,1518,0.1388
2,1521,1523,0.1388
2,1521,1523,0.1388
2,1514,1516,0.1388
2,1513,1515,0.1388
1,1502,1503,0.1388
1,1507,1508,0.1388
1,1513,1514,0.1388
1,1519,1520,0.1388
1,1509,1510,0.1388
1,1508,1509,0.1388
1,1522,1523,0.1388
1,1517,1518,0.1388
1,1516,1517,0.1388
1,1510,1511,0.1388
0,1516,1516,0.1388
