1361,27,1388,0.1388
1402,25,1427,0.1388
1423,25,1448,0.1388
1444,26,1470,0.1388
1465,26,1491,0.1388
1460,26,1486,0.1388
1446,25,1471,0.1388
1443,24,1467,0.1388
1446,26,1472,0.1388
1444,26,1470,0.1388
1453,26,1479,0.1388
1450,27,1477,0.1388
1454,27,1481,0.1388
1469,28,1497,0.1388
1471,30,1501,0.1388
1454,32,1486,0.1388
1462,30,1492,0.1388
1458,33,1491,0.1388
1448,34,1482,0.1388
1446,36,1482,0.1388
1457,36,1493,0.1388
1463,37,1500,0.1388
1460,39,1499,0.1388
1458,40,1498,0.1388
1455,39,1494,0.1388
1467,39,1506,0.1388
1461,39,1500,0.1388
1450,42,1492,0.1388
1443,41,1484,0.1388
1431,42,1473,0.1388
1436,43,1479,0.1388
1447,43,1490,0.1388
1454,45,1499,0.1388
1437,47,1484,0.1388
1427,48,1475,0.1388
1414,49,1463,0.1388
1411,48,1459,0.1388
1414,49,1463,0.1388
1414,52,1466,0.1388
1421,49,1470,0.1388
1423,47,1470,0.1388
1424,46,1470,0.1388
1435,47,1482,0.1388
1446,45,1491,0.1388
1454,45,1499,0.1388
1440,46,1486,0.1388
1439,47,1486,0.1388
1426,45,1471,0.1388
1435,46,1481,0.1388
1430,48,1478,0.1388
1442,47,1489,0.1388
1437,49,1486,0.1388
1438,52,1490,0.1388
1444,52,1496,0.1388
1434,53,1487,0.1388
1435,53,1488,0.1388
1415,54,1469,0.1388
1414,53,1467,0.1388
1431,55,1486,0.1388
1456,54,1510,0.1388
1448,55,1503,0.1388
1448,57,1505,0.1388
1449,53,1502,0.1388
1441,55,1496,0.1388
1446,56,1502,0.1388
1436,59,1495,0.1388
1448,61,1509,0.1388
1446,60,1506,0.1388
1446,60,1506,0.1388
1452,61,1513,0.1388
1450,64,1514,0.1388
1437,64,1501,0.1388
1435,65,1500,0.1388
1438,65,1503,0.1388
1440,63,1503,0.1388
1449,66,1515,0.1388
1444,64,1508,0.1388
1437,63,1500,0.1388
1427,65,1492,0.1388
1421,62,1483,0.1388
1424,63,1487,0.1388
1430,65,1495,0.1388
1403,68,1471,0.1388
1419,64,1483,0.1388
1418,68,1486,0.1388
1433,74,1507,0.1388
1419,71,1490,0.1388
1417,72,1489,0.1388
1423,71,1494,0.1388
1417,75,1492,0.1388
1419,76,1495,0.1388
1413,78,1491,0.1388
1411,76,1487,0.1388
1421,80,1501,0.1388
1410,77,1487,0.1388
1413,78,1491,0.1388
1414,77,1491,0.1388
1404,78,1482,0.1388
1414,82,1496,0.1388
1412,83,1495,0.1388
1401,85,1486,0.1388
1404,85,1489,0.1388
1401,86,1487,0.1388
1408,84,1492,0.1388
1403,88,1491,0.1388
1405,90,1495,0.1388
1395,91,1486,0.1388
1387,88,1475,0.1388
1386,92,1478,0.1388
1383,90,1473,0.1388
1392,89,1481,0.1388
1400,87,1487,0.1388
1397,86,1483,0.1388
1404,87,1491,0.1388
1426,91,1517,0.1388
1413,92,1505,0.1388
1415,92,1507,0.1388
1404,95,1499,0.1388
1397,96,1493,0.1388
1403,95,1498,0.1388
1413,96,1509,0.1388
1401,103,1504,0.1388
1392,100,1492,0.1388
1393,101,1494,0.1388
1395,102,1497,0.1388
1399,103,1502,0.1388
1402,106,1508,0.1388
1397,105,1502,0.1388
1394,104,1498,0.1388
1385,104,1489,0.1388
1386,105,1491,0.1388
1394,101,1495,0.1388
1400,101,1501,0.1388
1377,104,1481,0.1388
1371,104,1475,0.1388
1379,104,1483,0.1388
1384,108,1492,0.1388
1385,106,1491,0.1388
1386,104,1490,0.1388
1395,101,1496,0.1388
1388,98,1486,0.1388
1390,97,1487,0.1388
1379,98,1477,0.1388
1380,100,1480,0.1388
1386,103,1489,0.1388
1380,105,1485,0.1388
1377,108,1485,0.1388
1382,104,1486,0.1388
1392,101,1493,0.1388
1391,104,1495,0.1388
1385,105,1490,0.1388
1381,107,1488,0.1388
1394,108,1502,0.1388
1388,106,1494,0.1388
1392,104,1496,0.1388
1377,106,1483,0.1388
1379,105,1484,0.1388
1390,107,1497,0.1388
1395,109,1504,0.1388
1391,103,1494,0.1388
1392,107,1499,0.1388
1381,110,1491,0.1388
1384,109,1493,0.1388
1379,112,1491,0.1388
1378,113,1491,0.1388
1378,114,1492,0.1388
1396,113,1509,0.1388
1404,114,1518,0.1388
1382,111,1493,0.1388
1388,114,1502,0.1388
1377,114,1491,0.1388
1364,116,1480,0.1388
1367,116,1483,0.1388
1364,115,1479,0.1388
1369,113,1482,0.1388
1377,112,1489,0.1388
1380,113,1493,0.1388
1378,113,1491,0.1388
1381,114,1495,0.1388
1374,115,1489,0.1388
1380,112,1492,0.1388
1385,117,1502,0.1388
1381,116,1497,0.1388
1381,119,1500,0.1388
1383,124,1507,0.1388
1380,120,1500,0.1388
1384,119,1503,0.1388
1374,118,1492,0.1388
1375,117,1492,0.1388
1372,117,1489,0.1388
1364,119,1483,0.1388
1363,114,1477,0.1388
1376,115,1491,0.1388
1373,116,1489,0.1388
1367,114,1481,0.1388
1377,113,1490,0.1388
1383,119,1502,0.1388
1365,121,1486,0.1388
1363,122,1485,0.1388
1369,124,1493,0.1388
1357,129,1486,0.1388
1366,127,1493,0.1388
1359,126,1485,0.1388
1372,125,1497,0.1388
1368,127,1495,0.1388
1371,122,1493,0.1388
1363,120,1483,0.1388
1372,124,1496,0.1388
1371,124,1495,0.1388
1375,124,1499,0.1388
1369,123,1492,0.1388
1379,125,1504,0.1388
1371,123,1494,0.1388
1374,126,1500,0.1388
1380,120,1500,0.1388
1381,125,1506,0.1388
1384,126,1510,0.1388
1373,127,1500,0.1388
1364,130,1494,0.1388
1364,122,1486,0.1388
1363,123,1486,0.1388
1366,128,1494,0.1388
1352,129,1481,0.1388
1355,133,1488,0.1388
1339,133,1472,0.1388
1339,135,1474,0.1388
1333,136,1469,0.1388
1324,140,1464,0.1388
1332,140,1472,0.1388
1341,142,1483,0.1388
1336,140,1476,0.1388
1341,140,1481,0.1388
1347,142,1489,0.1388
1344,142,1486,0.1388
1337,145,1482,0.1388
1349,151,1500,0.1388
1346,152,1498,0.1388
1335,149,1484,0.1388
1348,153,1501,0.1388
1337,156,1493,0.1388
1334,159,1493,0.1388
1348,161,1509,0.1388
1352,165,1517,0.1388
1337,166,1503,0.1388
1331,163,1494,0.1388
1332,165,1497,0.1388
1329,166,1495,0.1388
1328,166,1494,0.1388
1337,165,1502,0.1388
1336,166,1502,0.1388
1333,164,1497,0.1388
1326,165,1491,0.1388
1322,164,1486,0.1388
1331,163,1494,0.1388
1348,159,1507,0.1388
1347,155,1502,0.1388
1339,156,1495,0.1388
1334,159,1493,0.1388
1344,158,1502,0.1388
1339,162,1501,0.1388
1333,161,1494,0.1388
1333,163,1496,0.1388
1329,164,1493,0.1388
1313,163,1476,0.1388
1322,166,1488,0.1388
1310,168,1478,0.1388
1311,168,1479,0.1388
1315,166,1481,0.1388
1314,166,1480,0.1388
1321,169,1490,0.1388
1317,170,1487,0.1388
1331,170,1501,0.1388
1330,168,1498,0.1388
1323,170,1493,0.1388
1320,173,1493,0.1388
1328,170,1498,0.1388
1320,171,1491,0.1388
1324,177,1501,0.1388
1322,180,1502,0.1388
1317,175,1492,0.1388
1317,175,1492,0.1388
1316,168,1484,0.1388
1310,171,1481,0.1388
1316,179,1495,0.1388
1325,180,1505,0.1388
1336,176,1512,0.1388
1338,174,1512,0.1388
1327,178,1505,0.1388
1325,174,1499,0.1388
1326,174,1500,0.1388
1316,178,1494,0.1388
1328,174,1502,0.1388
1330,168,1498,0.1388
1328,171,1499,0.1388
1330,172,1502,0.1388
1340,172,1512,0.1388
1333,173,1506,0.1388
1319,174,1493,0.1388
1308,178,1486,0.1388
1307,176,1483,0.1388
1299,183,1482,0.1388
1302,183,1485,0.1388
1288,183,1471,0.1388
1303,186,1489,0.1388
1288,187,1475,0.1388
1286,188,1474,0.1388
1290,189,1479,0.1388
1297,188,1485,0.1388
1286,189,1475,0.1388
1300,188,1488,0.1388
1300,189,1489,0.1388
1302,187,1489,0.1388
1298,193,1491,0.1388
1293,191,1484,0.1388
1300,194,1494,0.1388
1295,195,1490,0.1388
1302,194,1496,0.1388
1300,191,1491,0.1388
1299,194,1493,0.1388
1297,196,1493,0.1388
1293,197,1490,0.1388
1302,198,1500,0.1388
1300,199,1499,0.1388
1302,197,1499,0.1388
1299,203,1502,0.1388
1299,201,1500,0.1388
1292,200,1492,0.1388
1298,209,1507,0.1388
1294,211,1505,0.1388
1287,212,1499,0.1388
1282,208,1490,0.1388
1293,210,1503,0.1388
1287,205,1492,0.1388
1287,206,1493,0.1388
1288,208,1496,0.1388
1281,216,1497,0.1388
1281,216,1497,0.1388
1277,216,1493,0.1388
1285,219,1504,0.1388
1289,216,1505,0.1388
1284,215,1499,0.1388
1287,218,1505,0.1388
1274,216,1490,0.1388
1264,220,1484,0.1388
1255,221,1476,0.1388
1271,223,1494,0.1388
1272,224,1496,0.1388
1276,223,1499,0.1388
1274,226,1500,0.1388
1278,219,1497,0.1388
1281,223,1504,0.1388
1274,225,1499,0.1388
1274,228,1502,0.1388
1264,231,1495,0.1388
1265,230,1495,0.1388
1260,225,1485,0.1388
1270,233,1503,0.1388
1254,240,1494,0.1388
1246,249,1495,0.1388
1244,248,1492,0.1388
1251,252,1503,0.1388
1236,254,1490,0.1388
1234,259,1493,0.1388
1231,256,1487,0.1388
1240,255,1495,0.1388
1235,248,1483,0.1388
1242,252,1494,0.1388
1236,255,1491,0.1388
1234,254,1488,0.1388
1236,254,1490,0.1388
1241,260,1501,0.1388
1243,266,1509,0.1388
1237,265,1502,0.1388
1229,268,1497,0.1388
1244,270,1514,0.1388
1236,266,1502,0.1388
1241,261,1502,0.1388
1233,265,1498,0.1388
1232,266,1498,0.1388
1238,271,1509,0.1388
1236,271,1507,0.1388
1230,274,1504,0.1388
1231,272,1503,0.1388
1223,276,1499,0.1388
1220,281,1501,0.1388
1213,278,1491,0.1388
1217,278,1495,0.1388
1224,279,1503,0.1388
1227,274,1501,0.1388
1224,273,1497,0.1388
1237,274,1511,0.1388
1225,275,1500,0.1388
1221,271,1492,0.1388
1217,281,1498,0.1388
1217,275,1492,0.1388
1211,276,1487,0.1388
1211,286,1497,0.1388
1199,281,1480,0.1388
1201,289,1490,0.1388
1197,293,1490,0.1388
1197,292,1489,0.1388
1204,290,1494,0.1388
1197,288,1485,0.1388
1193,293,1486,0.1388
1189,298,1487,0.1388
1192,295,1487,0.1388
1183,293,1476,0.1388
1174,295,1469,0.1388
1181,302,1483,0.1388
1186,304,1490,0.1388
1185,306,1491,0.1388
1180,298,1478,0.1388
1183,301,1484,0.1388
1181,301,1482,0.1388
1179,297,1476,0.1388
1180,301,1481,0.1388
1191,302,1493,0.1388
1204,301,1505,0.1388
1190,306,1496,0.1388
1194,300,1494,0.1388
1202,308,1510,0.1388
1203,307,1510,0.1388
1201,304,1505,0.1388
1204,305,1509,0.1388
1214,314,1528,0.1388
1203,313,1516,0.1388
1183,313,1496,0.1388
1177,313,1490,0.1388
1179,317,1496,0.1388
1173,319,1492,0.1388
1175,325,1500,0.1388
1177,323,1500,0.1388
1176,327,1503,0.1388
1171,329,1500,0.1388
1168,333,1501,0.1388
1178,335,1513,0.1388
1181,332,1513,0.1388
1170,331,1501,0.1388
1172,335,1507,0.1388
1160,339,1499,0.1388
1162,339,1501,0.1388
1155,334,1489,0.1388
1155,337,1492,0.1388
1155,341,1496,0.1388
1168,334,1502,0.1388
1167,338,1505,0.1388
1166,335,1501,0.1388
1156,333,1489,0.1388
1170,339,1509,0.1388
1167,339,1506,0.1388
1160,337,1497,0.1388
1162,332,1494,0.1388
1163,324,1487,0.1388
1162,327,1489,0.1388
1169,335,1504,0.1388
1164,342,1506,0.1388
1165,339,1504,0.1388
1155,343,1498,0.1388
1156,341,1497,0.1388
1157,335,1492,0.1388
1152,339,1491,0.1388
1149,340,1489,0.1388
1153,340,1493,0.1388
1148,334,1482,0.1388
1161,336,1497,0.1388
1165,342,1507,0.1388
1165,344,1509,0.1388
1166,343,1509,0.1388
1164,349,1513,0.1388
1164,339,1503,0.1388
1157,346,1503,0.1388
1140,352,1492,0.1388
1153,354,1507,0.1388
1150,355,1505,0.1388
1144,353,1497,0.1388
1144,350,1494,0.1388
1146,355,1501,0.1388
1150,354,1504,0.1388
1151,353,1504,0.1388
1150,354,1504,0.1388
1146,356,1502,0.1388
1146,357,1503,0.1388
1135,347,1482,0.1388
1136,351,1487,0.1388
1145,352,1497,0.1388
1145,357,1502,0.1388
1148,353,1501,0.1388
1148,350,1498,0.1388
1153,344,1497,0.1388
1145,360,1505,0.1388
1146,353,1499,0.1388
1140,351,1491,0.1388
1140,351,1491,0.1388
1132,351,1483,0.1388
1132,356,1488,0.1388
1137,351,1488,0.1388
1132,348,1480,0.1388
1127,350,1477,0.1388
1127,353,1480,0.1388
1132,353,1485,0.1388
1145,360,1505,0.1388
1153,356,1509,0.1388
1150,354,1504,0.1388
1143,358,1501,0.1388
1151,352,1503,0.1388
1145,353,1498,0.1388
1152,345,1497,0.1388
1151,346,1497,0.1388
1157,350,1507,0.1388
1167,350,1517,0.1388
1157,349,1506,0.1388
1145,347,1492,0.1388
1148,348,1496,0.1388
1153,344,1497,0.1388
1152,353,1505,0.1388
1150,357,1507,0.1388
1145,354,1499,0.1388
1163,351,1514,0.1388
1161,355,1516,0.1388
1161,355,1516,0.1388
1165,355,1520,0.1388
1165,350,1515,0.1388
1148,351,1499,0.1388
1151,357,1508,0.1388
1143,357,1500,0.1388
1134,359,1493,0.1388
1127,359,1486,0.1388
1133,366,1499,0.1388
1131,369,1500,0.1388
1128,365,1493,0.1388
1142,364,1506,0.1388
1152,363,1515,0.1388
1144,362,1506,0.1388
1143,365,1508,0.1388
1156,360,1516,0.1388
1154,370,1524,0.1388
1142,375,1517,0.1388
1143,369,1512,0.1388
1141,366,1507,0.1388
1131,364,1495,0.1388
1126,372,1498,0.1388
1129,372,1501,0.1388
1131,374,1505,0.1388
1127,381,1508,0.1388
1126,383,1509,0.1388
1134,381,1515,0.1388
1140,379,1519,0.1388
1134,382,1516,0.1388
1143,381,1524,0.1388
1135,381,1516,0.1388
1122,390,1512,0.1388
1123,389,1512,0.1388
1110,393,1503,0.1388
1106,387,1493,0.1388
1105,389,1494,0.1388
1117,387,1504,0.1388
1108,396,1504,0.1388
1105,407,1512,0.1388
1109,415,1524,0.1388
1108,418,1526,0.1388
1088,426,1514,0.1388
1079,418,1497,0.1388
1080,419,1499,0.1388
1082,421,1503,0.1388
1076,415,1491,0.1388
1088,419,1507,0.1388
1087,421,1508,0.1388
1092,417,1509,0.1388
1089,419,1508,0.1388
1086,423,1509,0.1388
1083,421,1504,0.1388
1077,428,1505,0.1388
1080,425,1505,0.1388
1072,431,1503,0.1388
1075,431,1506,0.1388
1076,430,1506,0.1388
1080,426,1506,0.1388
1070,429,1499,0.1388
1068,429,1497,0.1388
1067,433,1500,0.1388
1062,433,1495,0.1388
1069,429,1498,0.1388
1071,430,1501,0.1388
1062,425,1487,0.1388
1079,426,1505,0.1388
1074,430,1504,0.1388
1073,432,1505,0.1388
1077,428,1505,0.1388
1073,431,1504,0.1388
1070,431,1501,0.1388
1062,429,1491,0.1388
1058,431,1489,0.1388
1060,438,1498,0.1388
1060,439,1499,0.1388
1066,443,1509,0.1388
1070,439,1509,0.1388
1071,444,1515,0.1388
1062,441,1503,0.1388
1057,442,1499,0.1388
1059,440,1499,0.1388
1060,440,1500,0.1388
1065,443,1508,0.1388
1049,445,1494,0.1388
1042,446,1488,0.1388
1056,447,1503,0.1388
1050,441,1491,0.1388
1055,440,1495,0.1388
1054,446,1500,0.1388
1043,444,1487,0.1388
1047,443,1490,0.1388
1048,445,1493,0.1388
1048,448,1496,0.1388
1047,453,1500,0.1388
1053,456,1509,0.1388
1050,451,1501,0.1388
1041,453,1494,0.1388
1055,448,1503,0.1388
1045,444,1489,0.1388
1051,448,1499,0.1388
1038,452,1490,0.1388
1033,447,1480,0.1388
1039,457,1496,0.1388
1035,457,1492,0.1388
1044,461,1505,0.1388
1047,470,1517,0.1388
1048,467,1515,0.1388
1048,467,1515,0.1388
1039,470,1509,0.1388
1026,477,1503,0.1388
1022,483,1505,0.1388
1033,485,1518,0.1388
1026,485,1511,0.1388
1033,480,1513,0.1388
1021,477,1498,0.1388
1013,483,1496,0.1388
1012,486,1498,0.1388
1015,492,1507,0.1388
1013,486,1499,0.1388
1010,480,1490,0.1388
1007,471,1478,0.1388
1004,487,1491,0.1388
997,490,1487,0.1388
993,495,1488,0.1388
1003,498,1501,0.1388
1012,499,1511,0.1388
1006,503,1509,0.1388
1008,503,1511,0.1388
1005,496,1501,0.1388
1004,503,1507,0.1388
1003,499,1502,0.1388
999,496,1495,0.1388
1011,494,1505,0.1388
996,497,1493,0.1388
983,496,1479,0.1388
984,499,1483,0.1388
991,492,1483,0.1388
991,499,1490,0.1388
986,490,1476,0.1388
991,487,1478,0.1388
1006,476,1482,0.1388
996,487,1483,0.1388
994,493,1487,0.1388
994,501,1495,0.1388
995,500,1495,0.1388
992,498,1490,0.1388
1002,499,1501,0.1388
1003,496,1499,0.1388
1005,503,1508,0.1388
999,500,1499,0.1388
997,506,1503,0.1388
1010,502,1512,0.1388
1013,505,1518,0.1388
1006,500,1506,0.1388
1013,498,1511,0.1388
1014,497,1511,0.1388
1007,501,1508,0.1388
1015,496,1511,0.1388
1006,498,1504,0.1388
1007,497,1504,0.1388
1014,497,1511,0.1388
1013,491,1504,0.1388
1014,495,1509,0.1388
1018,490,1508,0.1388
1012,489,1501,0.1388
1017,491,1508,0.1388
1009,494,1503,0.1388
1002,489,1491,0.1388
1011,490,1501,0.1388
1011,493,1504,0.1388
1006,492,1498,0.1388
997,498,1495,0.1388
993,497,1490,0.1388
1008,494,1502,0.1388
1017,500,1517,0.1388
1007,496,1503,0.1388
1000,498,1498,0.1388
1002,493,1495,0.1388
1005,486,1491,0.1388
1000,493,1493,0.1388
995,502,1497,0.1388
999,502,1501,0.1388
1001,508,1509,0.1388
1003,503,1506,0.1388
1017,504,1521,0.1388
998,497,1495,0.1388
1000,499,1499,0.1388
999,499,1498,0.1388
1002,500,1502,0.1388
992,507,1499,0.1388
993,506,1499,0.1388
986,508,1494,0.1388
981,511,1492,0.1388
990,512,1502,0.1388
987,515,1502,0.1388
976,512,1488,0.1388
983,511,1494,0.1388
993,509,1502,0.1388
996,511,1507,0.1388
977,509,1486,0.1388
967,517,1484,0.1388
970,524,1494,0.1388
964,520,1484,0.1388
969,515,1484,0.1388
961,527,1488,0.1388
966,527,1493,0.1388
964,534,1498,0.1388
950,540,1490,0.1388
951,540,1491,0.1388
951,538,1489,0.1388
964,548,1512,0.1388
966,535,1501,0.1388
963,526,1489,0.1388
970,536,1506,0.1388
966,538,1504,0.1388
964,542,1506,0.1388
961,539,1500,0.1388
957,545,1502,0.1388
943,540,1483,0.1388
941,557,1498,0.1388
947,559,1506,0.1388
935,563,1498,0.1388
924,570,1494,0.1388
926,568,1494,0.1388
936,564,1500,0.1388
934,577,1511,0.1388
935,570,1505,0.1388
940,563,1503,0.1388
936,575,1511,0.1388
920,590,1510,0.1388
929,584,1513,0.1388
931,577,1508,0.1388
923,591,1514,0.1388
913,596,1509,0.1388
905,601,1506,0.1388
913,600,1513,0.1388
912,603,1515,0.1388
913,605,1518,0.1388
904,604,1508,0.1388
918,600,1518,0.1388
898,598,1496,0.1388
900,594,1494,0.1388
894,600,1494,0.1388
889,613,1502,0.1388
891,612,1503,0.1388
888,606,1494,0.1388
878,608,1486,0.1388
880,604,1484,0.1388
878,599,1477,0.1388
879,605,1484,0.1388
873,618,1491,0.1388
882,622,1504,0.1388
882,624,1506,0.1388
883,623,1506,0.1388
882,629,1511,0.1388
888,630,1518,0.1388
882,625,1507,0.1388
871,616,1487,0.1388
863,607,1470,0.1388
869,615,1484,0.1388
867,618,1485,0.1388
866,626,1492,0.1388
870,626,1496,0.1388
872,621,1493,0.1388
868,621,1489,0.1388
866,624,1490,0.1388
871,619,1490,0.1388
867,614,1481,0.1388
860,621,1481,0.1388
864,620,1484,0.1388
866,634,1500,0.1388
858,632,1490,0.1388
874,626,1500,0.1388
879,630,1509,0.1388
881,626,1507,0.1388
875,619,1494,0.1388
864,628,1492,0.1388
872,632,1504,0.1388
866,637,1503,0.1388
860,639,1499,0.1388
855,635,1490,0.1388
866,638,1504,0.1388
864,641,1505,0.1388
859,638,1497,0.1388
857,636,1493,0.1388
856,644,1500,0.1388
855,645,1500,0.1388
860,642,1502,0.1388
864,643,1507,0.1388
872,651,1523,0.1388
872,653,1525,0.1388
857,641,1498,0.1388
863,647,1510,0.1388
861,648,1509,0.1388
854,648,1502,0.1388
858,658,1516,0.1388
842,653,1495,0.1388
852,661,1513,0.1388
851,661,1512,0.1388
854,661,1515,0.1388
845,659,1504,0.1388
845,655,1500,0.1388
846,651,1497,0.1388
850,658,1508,0.1388
848,663,1511,0.1388
845,667,1512,0.1388
852,658,1510,0.1388
856,651,1507,0.1388
850,653,1503,0.1388
846,654,1500,0.1388
836,664,1500,0.1388
840,671,1511,0.1388
835,666,1501,0.1388
833,676,1509,0.1388
829,673,1502,0.1388
829,683,1512,0.1388
840,686,1526,0.1388
831,680,1511,0.1388
827,673,1500,0.1388
830,678,1508,0.1388
834,677,1511,0.1388
836,686,1522,0.1388
830,688,1518,0.1388
816,679,1495,0.1388
818,679,1497,0.1388
816,684,1500,0.1388
808,673,1481,0.1388
830,672,1502,0.1388
822,673,1495,0.1388
810,677,1487,0.1388
810,680,1490,0.1388
812,680,1492,0.1388
814,681,1495,0.1388
806,679,1485,0.1388
819,682,1501,0.1388
824,681,1505,0.1388
823,694,1517,0.1388
815,688,1503,0.1388
800,695,1495,0.1388
805,703,1508,0.1388
800,709,1509,0.1388
800,705,1505,0.1388
800,710,1510,0.1388
805,710,1515,0.1388
804,707,1511,0.1388
803,703,1506,0.1388
804,700,1504,0.1388
805,702,1507,0.1388
802,700,1502,0.1388
798,705,1503,0.1388
804,710,1514,0.1388
796,706,1502,0.1388
811,705,1516,0.1388
814,701,1515,0.1388
816,695,1511,0.1388
812,692,1504,0.1388
808,705,1513,0.1388
807,707,1514,0.1388
804,703,1507,0.1388
804,701,1505,0.1388
787,708,1495,0.1388
777,705,1482,0.1388
769,717,1486,0.1388
771,716,1487,0.1388
788,721,1509,0.1388
787,722,1509,0.1388
791,720,1511,0.1388
782,726,1508,0.1388
788,727,1515,0.1388
790,731,1521,0.1388
787,726,1513,0.1388
780,730,1510,0.1388
791,729,1520,0.1388
785,732,1517,0.1388
794,721,1515,0.1388
797,717,1514,0.1388
794,723,1517,0.1388
790,724,1514,0.1388
790,724,1514,0.1388
791,718,1509,0.1388
778,724,1502,0.1388
783,730,1513,0.1388
783,729,1512,0.1388
783,728,1511,0.1388
784,717,1501,0.1388
789,715,1504,0.1388
785,724,1509,0.1388
778,724,1502,0.1388
783,726,1509,0.1388
780,731,1511,0.1388
778,736,1514,0.1388
777,740,1517,0.1388
784,742,1526,0.1388
779,742,1521,0.1388
777,737,1514,0.1388
784,737,1521,0.1388
780,740,1520,0.1388
773,744,1517,0.1388
765,746,1511,0.1388
759,745,1504,0.1388
756,748,1504,0.1388
747,754,1501,0.1388
743,770,1513,0.1388
739,770,1509,0.1388
740,770,1510,0.1388
741,770,1511,0.1388
737,770,1507,0.1388
743,778,1521,0.1388
744,785,1529,0.1388
740,787,1527,0.1388
738,775,1513,0.1388
733,780,1513,0.1388
737,775,1512,0.1388
729,783,1512,0.1388
721,799,1520,0.1388
721,801,1522,0.1388
725,801,1526,0.1388
721,803,1524,0.1388
710,808,1518,0.1388
708,799,1507,0.1388
704,790,1494,0.1388
702,782,1484,0.1388
700,787,1487,0.1388
701,797,1498,0.1388
692,800,1492,0.1388
695,799,1494,0.1388
703,798,1501,0.1388
711,793,1504,0.1388
710,788,1498,0.1388
695,791,1486,0.1388
691,799,1490,0.1388
692,803,1495,0.1388
697,806,1503,0.1388
689,811,1500,0.1388
689,818,1507,0.1388
679,817,1496,0.1388
684,819,1503,0.1388
685,820,1505,0.1388
688,827,1515,0.1388
686,828,1514,0.1388
683,822,1505,0.1388
680,824,1504,0.1388
681,829,1510,0.1388
684,821,1505,0.1388
675,821,1496,0.1388
668,826,1494,0.1388
664,828,1492,0.1388
674,830,1504,0.1388
665,837,1502,0.1388
673,834,1507,0.1388
669,846,1515,0.1388
665,851,1516,0.1388
667,851,1518,0.1388
671,850,1521,0.1388
664,852,1516,0.1388
662,848,1510,0.1388
660,841,1501,0.1388
665,845,1510,0.1388
658,847,1505,0.1388
660,850,1510,0.1388
655,852,1507,0.1388
645,846,1491,0.1388
646,846,1492,0.1388
640,848,1488,0.1388
636,848,1484,0.1388
638,855,1493,0.1388
641,864,1505,0.1388
646,868,1514,0.1388
641,861,1502,0.1388
635,847,1482,0.1388
644,849,1493,0.1388
641,859,1500,0.1388
638,872,1510,0.1388
641,872,1513,0.1388
634,884,1518,0.1388
641,885,1526,0.1388
635,886,1521,0.1388
628,891,1519,0.1388
623,890,1513,0.1388
620,889,1509,0.1388
624,884,1508,0.1388
633,883,1516,0.1388
632,872,1504,0.1388
634,883,1517,0.1388
633,881,1514,0.1388
635,866,1501,0.1388
635,879,1514,0.1388
623,878,1501,0.1388
620,890,1510,0.1388
624,900,1524,0.1388
628,905,1533,0.1388
611,902,1513,0.1388
606,904,1510,0.1388
620,898,1518,0.1388
612,902,1514,0.1388
609,895,1504,0.1388
599,904,1503,0.1388
606,898,1504,0.1388
600,899,1499,0.1388
599,905,1504,0.1388
598,903,1501,0.1388
587,923,1510,0.1388
589,915,1504,0.1388
581,915,1496,0.1388
584,919,1503,0.1388
575,923,1498,0.1388
580,924,1504,0.1388
583,930,1513,0.1388
581,932,1513,0.1388
573,926,1499,0.1388
584,919,1503,0.1388
589,936,1525,0.1388
586,929,1515,0.1388
586,933,1519,0.1388
581,938,1519,0.1388
580,935,1515,0.1388
577,939,1516,0.1388
576,936,1512,0.1388
575,933,1508,0.1388
575,941,1516,0.1388
572,943,1515,0.1388
570,948,1518,0.1388
570,957,1527,0.1388
567,949,1516,0.1388
567,959,1526,0.1388
570,968,1538,0.1388
563,968,1531,0.1388
564,962,1526,0.1388
566,953,1519,0.1388
553,952,1505,0.1388
547,957,1504,0.1388
546,950,1496,0.1388
554,957,1511,0.1388
558,963,1521,0.1388
558,955,1513,0.1388
557,964,1521,0.1388
548,969,1517,0.1388
546,966,1512,0.1388
546,950,1496,0.1388
540,951,1491,0.1388
543,955,1498,0.1388
543,957,1500,0.1388
541,958,1499,0.1388
533,967,1500,0.1388
538,963,1501,0.1388
532,972,1504,0.1388
529,976,1505,0.1388
547,979,1526,0.1388
538,982,1520,0.1388
535,974,1509,0.1388
540,982,1522,0.1388
539,978,1517,0.1388
531,973,1504,0.1388
535,972,1507,0.1388
523,971,1494,0.1388
515,961,1476,0.1388
520,967,1487,0.1388
528,967,1495,0.1388
537,977,1514,0.1388
524,962,1486,0.1388
524,980,1504,0.1388
528,988,1516,0.1388
528,976,1504,0.1388
518,976,1494,0.1388
518,981,1499,0.1388
516,989,1505,0.1388
512,982,1494,0.1388
511,988,1499,0.1388
506,987,1493,0.1388
515,993,1508,0.1388
511,996,1507,0.1388
516,989,1505,0.1388
518,985,1503,0.1388
517,990,1507,0.1388
516,1007,1523,0.1388
521,1001,1522,0.1388
519,993,1512,0.1388
518,994,1512,0.1388
515,1002,1517,0.1388
510,1007,1517,0.1388
506,1005,1511,0.1388
509,999,1508,0.1388
500,993,1493,0.1388
498,1000,1498,0.1388
499,992,1491,0.1388
503,989,1492,0.1388
510,989,1499,0.1388
513,982,1495,0.1388
506,983,1489,0.1388
501,987,1488,0.1388
504,989,1493,0.1388
505,993,1498,0.1388
502,985,1487,0.1388
514,991,1505,0.1388
516,997,1513,0.1388
510,997,1507,0.1388
510,995,1505,0.1388
505,1005,1510,0.1388
504,1004,1508,0.1388
510,999,1509,0.1388
513,998,1511,0.1388
520,993,1513,0.1388
518,996,1514,0.1388
506,1003,1509,0.1388
499,1002,1501,0.1388
508,994,1502,0.1388
503,1001,1504,0.1388
501,1015,1516,0.1388
501,1013,1514,0.1388
493,1013,1506,0.1388
495,1002,1497,0.1388
494,998,1492,0.1388
495,1013,1508,0.1388
494,1017,1511,0.1388
492,1003,1495,0.1388
484,1013,1497,0.1388
485,1014,1499,0.1388
483,1013,1496,0.1388
478,1009,1487,0.1388
477,1010,1487,0.1388
475,1009,1484,0.1388
477,1012,1489,0.1388
478,1020,1498,0.1388
478,1017,1495,0.1388
481,1012,1493,0.1388
484,1020,1504,0.1388
488,1024,1512,0.1388
481,1024,1505,0.1388
487,1020,1507,0.1388
479,1029,1508,0.1388
477,1035,1512,0.1388
476,1028,1504,0.1388
477,1034,1511,0.1388
478,1040,1518,0.1388
472,1047,1519,0.1388
461,1044,1505,0.1388
454,1055,1509,0.1388
446,1049,1495,0.1388
443,1040,1483,0.1388
446,1046,1492,0.1388
437,1054,1491,0.1388
434,1054,1488,0.1388
432,1060,1492,0.1388
431,1052,1483,0.1388
426,1061,1487,0.1388
422,1082,1504,0.1388
426,1087,1513,0.1388
418,1079,1497,0.1388
417,1087,1504,0.1388
430,1093,1523,0.1388
425,1084,1509,0.1388
418,1082,1500,0.1388
417,1092,1509,0.1388
410,1092,1502,0.1388
417,1091,1508,0.1388
420,1085,1505,0.1388
421,1084,1505,0.1388
420,1091,1511,0.1388
424,1086,1510,0.1388
421,1077,1498,0.1388
419,1078,1497,0.1388
419,1078,1497,0.1388
413,1088,1501,0.1388
414,1089,1503,0.1388
407,1107,1514,0.1388
412,1101,1513,0.1388
407,1101,1508,0.1388
403,1104,1507,0.1388
404,1113,1517,0.1388
405,1116,1521,0.1388
408,1114,1522,0.1388
405,1112,1517,0.1388
403,1101,1504,0.1388
407,1101,1508,0.1388
407,1102,1509,0.1388
405,1093,1498,0.1388
404,1090,1494,0.1388
397,1112,1509,0.1388
390,1119,1509,0.1388
392,1109,1501,0.1388
391,1116,1507,0.1388
389,1115,1504,0.1388
386,1127,1513,0.1388
383,1118,1501,0.1388
382,1120,1502,0.1388
384,1117,1501,0.1388
383,1114,1497,0.1388
382,1123,1505,0.1388
383,1143,1526,0.1388
382,1140,1522,0.1388
380,1136,1516,0.1388
379,1129,1508,0.1388
386,1122,1508,0.1388
385,1136,1521,0.1388
383,1134,1517,0.1388
386,1134,1520,0.1388
386,1146,1532,0.1388
386,1149,1535,0.1388
382,1146,1528,0.1388
377,1148,1525,0.1388
380,1136,1516,0.1388
373,1131,1504,0.1388
376,1136,1512,0.1388
376,1147,1523,0.1388
376,1146,1522,0.1388
371,1146,1517,0.1388
375,1148,1523,0.1388
368,1143,1511,0.1388
368,1140,1508,0.1388
370,1151,1521,0.1388
370,1143,1513,0.1388
363,1153,1516,0.1388
363,1159,1522,0.1388
356,1155,1511,0.1388
363,1153,1516,0.1388
365,1129,1494,0.1388
355,1139,1494,0.1388
358,1149,1507,0.1388
363,1161,1524,0.1388
358,1165,1523,0.1388
362,1165,1527,0.1388
364,1148,1512,0.1388
353,1157,1510,0.1388
354,1162,1516,0.1388
354,1162,1516,0.1388
358,1167,1525,0.1388
355,1162,1517,0.1388
352,1157,1509,0.1388
355,1151,1506,0.1388
350,1141,1491,0.1388
348,1139,1487,0.1388
352,1145,1497,0.1388
355,1154,1509,0.1388
350,1156,1506,0.1388
349,1147,1496,0.1388
352,1153,1505,0.1388
351,1162,1513,0.1388
354,1155,1509,0.1388
349,1149,1498,0.1388
352,1142,1494,0.1388
354,1147,1501,0.1388
353,1148,1501,0.1388
354,1168,1522,0.1388
351,1158,1509,0.1388
351,1160,1511,0.1388
350,1154,1504,0.1388
348,1155,1503,0.1388
346,1168,1514,0.1388
345,1160,1505,0.1388
343,1159,1502,0.1388
334,1158,1492,0.1388
330,1175,1505,0.1388
334,1178,1512,0.1388
332,1184,1516,0.1388
336,1184,1520,0.1388
341,1177,1518,0.1388
341,1179,1520,0.1388
341,1174,1515,0.1388
343,1162,1505,0.1388
343,1164,1507,0.1388
345,1171,1516,0.1388
337,1168,1505,0.1388
328,1178,1506,0.1388
337,1187,1524,0.1388
336,1183,1519,0.1388
331,1173,1504,0.1388
323,1170,1493,0.1388
328,1175,1503,0.1388
329,1185,1514,0.1388
325,1192,1517,0.1388
321,1194,1515,0.1388
313,1201,1514,0.1388
310,1197,1507,0.1388
305,1188,1493,0.1388
304,1201,1505,0.1388
302,1196,1498,0.1388
306,1195,1501,0.1388
307,1199,1506,0.1388
310,1199,1509,0.1388
303,1225,1528,0.1388
304,1220,1524,0.1388
302,1217,1519,0.1388
300,1205,1505,0.1388
297,1205,1502,0.1388
297,1209,1506,0.1388
303,1225,1528,0.1388
300,1215,1515,0.1388
296,1209,1505,0.1388
295,1206,1501,0.1388
287,1213,1500,0.1388
287,1205,1492,0.1388
293,1217,1510,0.1388
292,1212,1504,0.1388
286,1223,1509,0.1388
284,1225,1509,0.1388
282,1219,1501,0.1388
279,1233,1512,0.1388
280,1226,1506,0.1388
281,1226,1507,0.1388
276,1220,1496,0.1388
278,1218,1496,0.1388
288,1230,1518,0.1388
289,1222,1511,0.1388
288,1211,1499,0.1388
281,1221,1502,0.1388
288,1233,1521,0.1388
291,1229,1520,0.1388
286,1233,1519,0.1388
290,1232,1522,0.1388
280,1236,1516,0.1388
284,1234,1518,0.1388
279,1245,1524,0.1388
272,1224,1496,0.1388
274,1217,1491,0.1388
275,1220,1495,0.1388
279,1220,1499,0.1388
284,1224,1508,0.1388
283,1217,1500,0.1388
285,1234,1519,0.1388
280,1225,1505,0.1388
285,1233,1518,0.1388
284,1215,1499,0.1388
278,1236,1514,0.1388
281,1228,1509,0.1388
277,1237,1514,0.1388
284,1233,1517,0.1388
285,1230,1515,0.1388
281,1239,1520,0.1388
278,1229,1507,0.1388
277,1221,1498,0.1388
283,1226,1509,0.1388
281,1228,1509,0.1388
273,1235,1508,0.1388
274,1240,1514,0.1388
275,1242,1517,0.1388
283,1244,1527,0.1388
282,1238,1520,0.1388
272,1241,1513,0.1388
276,1244,1520,0.1388
274,1252,1526,0.1388
276,1242,1518,0.1388
275,1242,1517,0.1388
270,1250,1520,0.1388
265,1260,1525,0.1388
257,1260,1517,0.1388
261,1255,1516,0.1388
258,1249,1507,0.1388
262,1255,1517,0.1388
257,1268,1525,0.1388
253,1272,1525,0.1388
253,1263,1516,0.1388
256,1268,1524,0.1388
252,1272,1524,0.1388
255,1274,1529,0.1388
255,1274,1529,0.1388
247,1264,1511,0.1388
246,1270,1516,0.1388
241,1270,1511,0.1388
240,1260,1500,0.1388
239,1260,1499,0.1388
242,1263,1505,0.1388
248,1269,1517,0.1388
247,1258,1505,0.1388
248,1265,1513,0.1388
245,1265,1510,0.1388
242,1272,1514,0.1388
246,1272,1518,0.1388
245,1267,1512,0.1388
238,1266,1504,0.1388
238,1271,1509,0.1388
233,1265,1498,0.1388
230,1277,1507,0.1388
230,1265,1495,0.1388
233,1273,1506,0.1388
236,1279,1515,0.1388
235,1283,1518,0.1388
236,1291,1527,0.1388
237,1292,1529,0.1388
233,1284,1517,0.1388
232,1281,1513,0.1388
239,1277,1516,0.1388
235,1266,1501,0.1388
231,1268,1499,0.1388
231,1282,1513,0.1388
223,1278,1501,0.1388
225,1284,1509,0.1388
231,1280,1511,0.1388
229,1275,1504,0.1388
233,1270,1503,0.1388
226,1281,1507,0.1388
228,1284,1512,0.1388
222,1294,1516,0.1388
224,1300,1524,0.1388
223,1291,1514,0.1388
216,1280,1496,0.1388
224,1275,1499,0.1388
226,1282,1508,0.1388
222,1299,1521,0.1388
218,1301,1519,0.1388
215,1296,1511,0.1388
214,1300,1514,0.1388
212,1278,1490,0.1388
207,1287,1494,0.1388
209,1297,1506,0.1388
207,1298,1505,0.1388
209,1296,1505,0.1388
214,1298,1512,0.1388
207,1308,1515,0.1388
204,1305,1509,0.1388
200,1311,1511,0.1388
199,1310,1509,0.1388
199,1308,1507,0.1388
197,1310,1507,0.1388
197,1315,1512,0.1388
200,1318,1518,0.1388
202,1310,1512,0.1388
203,1304,1507,0.1388
206,1308,1514,0.1388
205,1310,1515,0.1388
202,1305,1507,0.1388
201,1317,1518,0.1388
197,1328,1525,0.1388
196,1323,1519,0.1388
198,1316,1514,0.1388
196,1314,1510,0.1388
192,1321,1513,0.1388
191,1324,1515,0.1388
190,1326,1516,0.1388
189,1322,1511,0.1388
185,1325,1510,0.1388
184,1323,1507,0.1388
174,1335,1509,0.1388
172,1338,1510,0.1388
173,1338,1511,0.1388
183,1344,1527,0.1388
182,1344,1526,0.1388
181,1342,1523,0.1388
179,1347,1526,0.1388
178,1343,1521,0.1388
177,1353,1530,0.1388
168,1350,1518,0.1388
169,1337,1506,0.1388
168,1333,1501,0.1388
165,1344,1509,0.1388
166,1352,1518,0.1388
168,1341,1509,0.1388
172,1333,1505,0.1388
171,1343,1514,0.1388
168,1351,1519,0.1388
160,1344,1504,0.1388
159,1348,1507,0.1388
159,1353,1512,0.1388
156,1367,1523,0.1388
154,1351,1505,0.1388
156,1352,1508,0.1388
156,1343,1499,0.1388
156,1352,1508,0.1388
150,1362,1512,0.1388
147,1362,1509,0.1388
148,1374,1522,0.1388
152,1367,1519,0.1388
153,1371,1524,0.1388
156,1367,1523,0.1388
157,1363,1520,0.1388
155,1366,1521,0.1388
156,1365,1521,0.1388
158,1360,1518,0.1388
157,1355,1512,0.1388
158,1348,1506,0.1388
155,1354,1509,0.1388
149,1361,1510,0.1388
155,1363,1518,0.1388
154,1362,1516,0.1388
153,1352,1505,0.1388
153,1356,1509,0.1388
153,1354,1507,0.1388
153,1352,1505,0.1388
153,1354,1507,0.1388
153,1351,1504,0.1388
153,1355,1508,0.1388
153,1356,1509,0.1388
154,1358,1512,0.1388
152,1366,1518,0.1388
145,1346,1491,0.1388
150,1347,1497,0.1388
147,1350,1497,0.1388
142,1362,1504,0.1388
143,1365,1508,0.1388
144,1358,1502,0.1388
142,1377,1519,0.1388
143,1370,1513,0.1388
143,1362,1505,0.1388
143,1371,1514,0.1388
147,1370,1517,0.1388
148,1370,1518,0.1388
145,1373,1518,0.1388
146,1377,1523,0.1388
149,1379,1528,0.1388
152,1367,1519,0.1388
152,1375,1527,0.1388
149,1387,1536,0.1388
147,1373,1520,0.1388
145,1374,1519,0.1388
143,1368,1511,0.1388
144,1379,1523,0.1388
148,1376,1524,0.1388
145,1363,1508,0.1388
140,1365,1505,0.1388
140,1373,1513,0.1388
141,1384,1525,0.1388
139,1383,1522,0.1388
139,1379,1518,0.1388
141,1379,1520,0.1388
140,1370,1510,0.1388
142,1378,1520,0.1388
145,1373,1518,0.1388
141,1367,1508,0.1388
141,1356,1497,0.1388
146,1354,1500,0.1388
143,1364,1507,0.1388
141,1357,1498,0.1388
141,1366,1507,0.1388
141,1350,1491,0.1388
145,1355,1500,0.1388
147,1368,1515,0.1388
151,1374,1525,0.1388
145,1375,1520,0.1388
144,1377,1521,0.1388
143,1380,1523,0.1388
141,1380,1521,0.1388
138,1380,1518,0.1388
136,1389,1525,0.1388
142,1393,1535,0.1388
143,1383,1526,0.1388
139,1367,1506,0.1388
142,1366,1508,0.1388
140,1371,1511,0.1388
138,1378,1516,0.1388
135,1381,1516,0.1388
139,1383,1522,0.1388
134,1387,1521,0.1388
134,1388,1522,0.1388
135,1382,1517,0.1388
135,1376,1511,0.1388
135,1387,1522,0.1388
135,1383,1518,0.1388
134,1366,1500,0.1388
134,1372,1506,0.1388
137,1375,1512,0.1388
134,1362,1496,0.1388
133,1380,1513,0.1388
132,1384,1516,0.1388
131,1378,1509,0.1388
133,1384,1517,0.1388
132,1386,1518,0.1388
130,1394,1524,0.1388
129,1390,1519,0.1388
128,1387,1515,0.1388
126,1388,1514,0.1388
121,1395,1516,0.1388
123,1397,1520,0.1388
124,1403,1527,0.1388
124,1402,1526,0.1388
124,1402,1526,0.1388
127,1388,1515,0.1388
123,1386,1509,0.1388
122,1400,1522,0.1388
122,1402,1524,0.1388
123,1404,1527,0.1388
124,1405,1529,0.1388
119,1409,1528,0.1388
116,1412,1528,0.1388
117,1402,1519,0.1388
120,1398,1518,0.1388
118,1398,1516,0.1388
117,1401,1518,0.1388
117,1405,1522,0.1388
117,1402,1519,0.1388
117,1400,1517,0.1388
115,1405,1520,0.1388
108,1404,1512,0.1388
111,1411,1522,0.1388
114,1403,1517,0.1388
112,1399,1511,0.1388
113,1403,1516,0.1388
114,1401,1515,0.1388
115,1405,1520,0.1388
112,1412,1524,0.1388
112,1398,1510,0.1388
114,1403,1517,0.1388
117,1406,1523,0.1388
113,1396,1509,0.1388
107,1400,1507,0.1388
111,1390,1501,0.1388
115,1403,1518,0.1388
115,1409,1524,0.1388
116,1413,1529,0.1388
116,1408,1524,0.1388
122,1414,1536,0.1388
121,1408,1529,0.1388
121,1399,1520,0.1388
118,1391,1509,0.1388
116,1409,1525,0.1388
113,1410,1523,0.1388
113,1417,1530,0.1388
114,1405,1519,0.1388
116,1402,1518,0.1388
116,1409,1525,0.1388
113,1421,1534,0.1388
111,1419,1530,0.1388
108,1421,1529,0.1388
106,1427,1533,0.1388
101,1414,1515,0.1388
101,1411,1512,0.1388
104,1401,1505,0.1388
100,1415,1515,0.1388
100,1417,1517,0.1388
97,1411,1508,0.1388
94,1409,1503,0.1388
94,1406,1500,0.1388
95,1416,1511,0.1388
97,1414,1511,0.1388
97,1417,1514,0.1388
95,1415,1510,0.1388
94,1419,1513,0.1388
97,1415,1512,0.1388
99,1391,1490,0.1388
97,1400,1497,0.1388
99,1412,1511,0.1388
99,1409,1508,0.1388
101,1410,1511,0.1388
101,1423,1524,0.1388
100,1430,1530,0.1388
100,1424,1524,0.1388
97,1416,1513,0.1388
94,1417,1511,0.1388
96,1419,1515,0.1388
94,1419,1513,0.1388
95,1426,1521,0.1388
96,1437,1533,0.1388
90,1438,1528,0.1388
93,1440,1533,0.1388
93,1431,1524,0.1388
89,1433,1522,0.1388
88,1441,1529,0.1388
89,1425,1514,0.1388
90,1425,1515,0.1388
91,1429,1520,0.1388
90,1424,1514,0.1388
91,1419,1510,0.1388
91,1416,1507,0.1388
90,1428,1518,0.1388
91,1432,1523,0.1388
93,1431,1524,0.1388
90,1427,1517,0.1388
90,1428,1518,0.1388
89,1424,1513,0.1388
90,1420,1510,0.1388
91,1413,1504,0.1388
92,1415,1507,0.1388
93,1419,1512,0.1388
96,1418,1514,0.1388
94,1410,1504,0.1388
96,1422,1518,0.1388
98,1427,1525,0.1388
99,1422,1521,0.1388
98,1418,1516,0.1388
99,1420,1519,0.1388
99,1409,1508,0.1388
99,1425,1524,0.1388
100,1435,1535,0.1388
102,1420,1522,0.1388
103,1430,1533,0.1388
104,1418,1522,0.1388
102,1418,1520,0.1388
100,1409,1509,0.1388
102,1417,1519,0.1388
104,1419,1523,0.1388
106,1408,1514,0.1388
104,1408,1512,0.1388
107,1404,1511,0.1388
108,1406,1514,0.1388
106,1401,1507,0.1388
107,1408,1515,0.1388
107,1411,1518,0.1388
106,1399,1505,0.1388
111,1385,1496,0.1388
110,1395,1505,0.1388
109,1399,1508,0.1388
109,1409,1518,0.1388
108,1408,1516,0.1388
111,1412,1523,0.1388
108,1418,1526,0.1388
109,1416,1525,0.1388
108,1423,1531,0.1388
109,1421,1530,0.1388
107,1421,1528,0.1388
108,1412,1520,0.1388
109,1400,1509,0.1388
112,1396,1508,0.1388
110,1404,1514,0.1388
108,1397,1505,0.1388
107,1400,1507,0.1388
105,1400,1505,0.1388
103,1401,1504,0.1388
101,1404,1505,0.1388
101,1406,1507,0.1388
98,1407,1505,0.1388
95,1425,1520,0.1388
95,1426,1521,0.1388
95,1422,1517,0.1388
96,1424,1520,0.1388
98,1422,1520,0.1388
99,1416,1515,0.1388
96,1409,1505,0.1388
95,1395,1490,0.1388
94,1417,1511,0.1388
93,1416,1509,0.1388
89,1421,1510,0.1388
91,1424,1515,0.1388
94,1431,1525,0.1388
95,1422,1517,0.1388
95,1421,1516,0.1388
93,1420,1513,0.1388
91,1422,1513,0.1388
94,1445,1539,0.1388
94,1435,1529,0.1388
96,1430,1526,0.1388
93,1427,1520,0.1388
93,1428,1521,0.1388
91,1433,1524,0.1388
88,1427,1515,0.1388
87,1424,1511,0.1388
87,1421,1508,0.1388
86,1417,1503,0.1388
87,1425,1512,0.1388
87,1420,1507,0.1388
87,1418,1505,0.1388
87,1434,1521,0.1388
85,1449,1534,0.1388
85,1435,1520,0.1388
87,1437,1524,0.1388
87,1439,1526,0.1388
90,1425,1515,0.1388
86,1428,1514,0.1388
86,1439,1525,0.1388
86,1428,1514,0.1388
87,1428,1515,0.1388
90,1432,1522,0.1388
89,1418,1507,0.1388
88,1409,1497,0.1388
89,1417,1506,0.1388
89,1420,1509,0.1388
92,1423,1515,0.1388
90,1429,1519,0.1388
90,1440,1530,0.1388
87,1419,1506,0.1388
88,1428,1516,0.1388
85,1439,1524,0.1388
84,1447,1531,0.1388
83,1442,1525,0.1388
81,1440,1521,0.1388
83,1443,1526,0.1388
80,1439,1519,0.1388
77,1442,1519,0.1388
78,1448,1526,0.1388
74,1439,1513,0.1388
77,1446,1523,0.1388
78,1449,1527,0.1388
79,1445,1524,0.1388
77,1450,1527,0.1388
85,1453,1538,0.1388
86,1451,1537,0.1388
85,1443,1528,0.1388
83,1437,1520,0.1388
82,1429,1511,0.1388
83,1424,1507,0.1388
80,1429,1509,0.1388
83,1428,1511,0.1388
81,1428,1509,0.1388
82,1423,1505,0.1388
84,1424,1508,0.1388
84,1425,1509,0.1388
87,1425,1512,0.1388
86,1436,1522,0.1388
88,1442,1530,0.1388
86,1444,1530,0.1388
85,1435,1520,0.1388
83,1439,1522,0.1388
81,1436,1517,0.1388
82,1438,1520,0.1388
81,1442,1523,0.1388
77,1448,1525,0.1388
77,1446,1523,0.1388
78,1432,1510,0.1388
75,1441,1516,0.1388
77,1442,1519,0.1388
76,1439,1515,0.1388
75,1442,1517,0.1388
75,1444,1519,0.1388
74,1446,1520,0.1388
74,1442,1516,0.1388
75,1447,1522,0.1388
73,1443,1516,0.1388
74,1448,1522,0.1388
75,1451,1526,0.1388
72,1449,1521,0.1388
70,1448,1518,0.1388
70,1452,1522,0.1388
69,1444,1513,0.1388
67,1443,1510,0.1388
68,1439,1507,0.1388
67,1456,1523,0.1388
64,1458,1522,0.1388
64,1462,1526,0.1388
61,1466,1527,0.1388
61,1453,1514,0.1388
62,1448,1510,0.1388
63,1451,1514,0.1388
61,1448,1509,0.1388
61,1457,1518,0.1388
60,1438,1498,0.1388
60,1438,1498,0.1388
60,1441,1501,0.1388
62,1447,1509,0.1388
63,1443,1506,0.1388
63,1435,1498,0.1388
64,1435,1499,0.1388
65,1444,1509,0.1388
65,1453,1518,0.1388
67,1460,1527,0.1388
64,1453,1517,0.1388
66,1450,1516,0.1388
65,1445,1510,0.1388
65,1443,1508,0.1388
63,1445,1508,0.1388
61,1458,1519,0.1388
61,1457,1518,0.1388
58,1457,1515,0.1388
57,1463,1520,0.1388
58,1448,1506,0.1388
54,1449,1503,0.1388
59,1448,1507,0.1388
61,1446,1507,0.1388
60,1458,1518,0.1388
61,1456,1517,0.1388
59,1454,1513,0.1388
57,1463,1520,0.1388
59,1446,1505,0.1388
58,1448,1506,0.1388
58,1446,1504,0.1388
56,1445,1501,0.1388
56,1459,1515,0.1388
56,1459,1515,0.1388
56,1465,1521,0.1388
52,1460,1512,0.1388
54,1447,1501,0.1388
54,1454,1508,0.1388
55,1456,1511,0.1388
56,1457,1513,0.1388
52,1456,1508,0.1388
50,1465,1515,0.1388
50,1472,1522,0.1388
50,1464,1514,0.1388
49,1461,1510,0.1388
48,1455,1503,0.1388
46,1461,1507,0.1388
48,1475,1523,0.1388
47,1490,1537,0.1388
49,1482,1531,0.1388
48,1475,1523,0.1388
49,1475,1524,0.1388
48,1472,1520,0.1388
45,1476,1521,0.1388
43,1481,1524,0.1388
42,1482,1524,0.1388
44,1479,1523,0.1388
44,1470,1514,0.1388
44,1477,1521,0.1388
44,1483,1527,0.1388
44,1489,1533,0.1388
41,1475,1516,0.1388
43,1472,1515,0.1388
41,1474,1515,0.1388
40,1463,1503,0.1388
40,1459,1499,0.1388
44,1451,1495,0.1388
45,1453,1498,0.1388
45,1452,1497,0.1388
43,1435,1478,0.1388
41,1444,1485,0.1388
41,1478,1519,0.1388
40,1469,1509,0.1388
36,1461,1497,0.1388
37,1474,1511,0.1388
37,1482,1519,0.1388
35,1488,1523,0.1388
35,1485,1520,0.1388
35,1488,1523,0.1388
35,1484,1519,0.1388
34,1474,1508,0.1388
33,1475,1508,0.1388
34,1463,1497,0.1388
34,1477,1511,0.1388
34,1478,1512,0.1388
33,1461,1494,0.1388
34,1472,1506,0.1388
33,1480,1513,0.1388
34,1495,1529,0.1388
33,1496,1529,0.1388
34,1490,1524,0.1388
34,1488,1522,0.1388
35,1502,1537,0.1388
34,1483,1517,0.1388
34,1472,1506,0.1388
35,1480,1515,0.1388
35,1477,1512,0.1388
34,1476,1510,0.1388
33,1486,1519,0.1388
33,1479,1512,0.1388
33,1473,1506,0.1388
33,1473,1506,0.1388
32,1467,1499,0.1388
33,1463,1496,0.1388
33,1466,1499,0.1388
33,1474,1507,0.1388
31,1484,1515,0.1388
33,1486,1519,0.1388
34,1474,1508,0.1388
34,1474,1508,0.1388
32,1475,1507,0.1388
33,1486,1519,0.1388
32,1492,1524,0.1388
33,1486,1519,0.1388
30,1481,1511,0.1388
28,1481,1509,0.1388
27,1487,1514,0.1388
25,1488,1513,0.1388
25,1491,1516,0.1388
26,1483,1509,0.1388
26,1496,1522,0.1388
26,1494,1520,0.1388
25,1491,1516,0.1388
27,1482,1509,0.1388
26,1486,1512,0.1388
26,1482,1508,0.1388
26,1480,1506,0.1388
26,1485,1511,0.1388
25,1494,1519,0.1388
26,1499,1525,0.1388
26,1503,1529,0.1388
27,1501,1528,0.1388
26,1504,1530,0.1388
25,1491,1516,0.1388
23,1479,1502,0.1388
22,1473,1495,0.1388
23,1480,1503,0.1388
24,1484,1508,0.1388
25,1491,1516,0.1388
24,1493,1517,0.1388
23,1496,1519,0.1388
23,1489,1512,0.1388
24,1490,1514,0.1388
24,1486,1510,0.1388
25,1493,1518,0.1388
26,1500,1526,0.1388
27,1494,1521,0.1388
27,1489,1516,0.1388
27,1477,1504,0.1388
27,1489,1516,0.1388
27,1487,1514,0.1388
29,1483,1512,0.1388
27,1495,1522,0.1388
26,1497,1523,0.1388
25,1495,1520,0.1388
25,1501,1526,0.1388
26,1482,1508,0.1388
27,1476,1503,0.1388
27,1478,1505,0.1388
25,1486,1511,0.1388
25,1499,1524,0.1388
26,1485,1511,0.1388
25,1476,1501,0.1388
25,1475,1500,0.1388
25,1477,1502,0.1388
25,1491,1516,0.1388
27,1487,1514,0.1388
28,1484,1512,0.1388
28,1483,1511,0.1388
28,1492,1520,0.1388
29,1484,1513,0.1388
27,1497,1524,0.1388
28,1493,1521,0.1388
25,1489,1514,0.1388
24,1480,1504,0.1388
25,1489,1514,0.1388
25,1489,1514,0.1388
25,1481,1506,0.1388
27,1484,1511,0.1388
27,1487,1514,0.1388
25,1492,1517,0.1388
28,1487,1515,0.1388
27,1492,1519,0.1388
28,1485,1513,0.1388
27,1490,1517,0.1388
28,1493,1521,0.1388
29,1485,1514,0.1388
29,1508,1537,0.1388
29,1487,1516,0.1388
28,1488,1516,0.1388
29,1482,1511,0.1388
29,1493,1522,0.1388
28,1495,1523,0.1388
29,1500,1529,0.1388
29,1482,1511,0.1388
30,1491,1521,0.1388
31,1498,1529,0.1388
30,1492,1522,0.1388
29,1488,1517,0.1388
28,1496,1524,0.1388
27,1497,1524,0.1388
27,1496,1523,0.1388
28,1497,1525,0.1388
28,1493,1521,0.1388
27,1490,1517,0.1388
28,1499,1527,0.1388
26,1490,1516,0.1388
26,1482,1508,0.1388
27,1487,1514,0.1388
25,1481,1506,0.1388
25,1490,1515,0.1388
24,1490,1514,0.1388
24,1492,1516,0.1388
26,1506,1532,0.1388
28,1490,1518,0.1388
29,1502,1531,0.1388
29,1489,1518,0.1388
27,1489,1516,0.1388
30,1484,1514,0.1388
30,1479,1509,0.1388
28,1471,1499,0.1388
29,1461,1490,0.1388
29,1475,1504,0.1388
29,1495,1524,0.1388
29,1505,1534,0.1388
29,1489,1518,0.1388
30,1497,1527,0.1388
29,1491,1520,0.1388
29,1481,1510,0.1388
28,1493,1521,0.1388
27,1494,1521,0.1388
28,1494,1522,0.1388
28,1479,1507,0.1388
30,1489,1519,0.1388
30,1466,1496,0.1388
29,1460,1489,0.1388
30,1471,1501,0.1388
28,1474,1502,0.1388
29,1487,1516,0.1388
29,1481,1510,0.1388
28,1478,1506,0.1388
28,1495,1523,0.1388
30,1500,1530,0.1388
30,1493,1523,0.1388
29,1493,1522,0.1388
28,1492,1520,0.1388
29,1477,1506,0.1388
30,1473,1503,0.1388
30,1493,1523,0.1388
30,1488,1518,0.1388
29,1486,1515,0.1388
27,1490,1517,0.1388
25,1482,1507,0.1388
27,1492,1519,0.1388
27,1481,1508,0.1388
26,1476,1502,0.1388
26,1481,1507,0.1388
26,1480,1506,0.1388
25,1487,1512,0.1388
25,1484,1509,0.1388
24,1489,1513,0.1388
24,1495,1519,0.1388
24,1495,1519,0.1388
24,1487,1511,0.1388
24,1496,1520,0.1388
23,1503,1526,0.1388
24,1503,1527,0.1388
24,1491,1515,0.1388
24,1483,1507,0.1388
23,1486,1509,0.1388
22,1482,1504,0.1388
22,1477,1499,0.1388
23,1488,1511,0.1388
21,1493,1514,0.1388
21,1487,1508,0.1388
20,1492,1512,0.1388
20,1497,1517,0.1388
20,1500,1520,0.1388
20,1486,1506,0.1388
20,1493,1513,0.1388
19,1504,1523,0.1388
18,1510,1528,0.1388
19,1505,1524,0.1388
19,1503,1522,0.1388
18,1508,1526,0.1388
17,1507,1524,0.1388
17,1500,1517,0.1388
19,1498,1517,0.1388
20,1501,1521,0.1388
20,1500,1520,0.1388
20,1502,1522,0.1388
21,1502,1523,0.1388
21,1504,1525,0.1388
20,1511,1531,0.1388
20,1502,1522,0.1388
21,1499,1520,0.1388
21,1499,1520,0.1388
22,1498,1520,0.1388
20,1502,1522,0.1388
20,1515,1535,0.1388
19,1517,1536,0.1388
20,1520,1540,0.1388
20,1517,1537,0.1388
20,1508,1528,0.1388
19,1505,1524,0.1388
20,1498,1518,0.1388
20,1504,1524,0.1388
20,1488,1508,0.1388
19,1494,1513,0.1388
18,1491,1509,0.1388
18,1495,1513,0.1388
18,1502,1520,0.1388
18,1496,1514,0.1388
18,1494,1512,0.1388
17,1498,1515,0.1388
18,1497,1515,0.1388
18,1498,1516,0.1388
18,1502,1520,0.1388
18,1496,1514,0.1388
18,1482,1500,0.1388
18,1506,1524,0.1388
18,1505,1523,0.1388
18,1502,1520,0.1388
17,1509,1526,0.1388
17,1503,1520,0.1388
17,1494,1511,0.1388
18,1493,1511,0.1388
17,1497,1514,0.1388
17,1503,1520,0.1388
16,1497,1513,0.1388
16,1489,1505,0.1388
16,1505,1521,0.1388
17,1511,1528,0.1388
17,1508,1525,0.1388
16,1504,1520,0.1388
15,1501,1516,0.1388
15,1504,1519,0.1388
15,1494,1509,0.1388
15,1494,1509,0.1388
15,1492,1507,0.1388
16,1492,1508,0.1388
16,1489,1505,0.1388
16,1486,1502,0.1388
16,1499,1515,0.1388
15,1501,1516,0.1388
15,1510,1525,0.1388
14,1514,1528,0.1388
14,1513,1527,0.1388
14,1512,1526,0.1388
14,1493,1507,0.1388
14,1480,1494,0.1388
14,1497,1511,0.1388
16,1509,1525,0.1388
16,1504,1520,0.1388
17,1499,1516,0.1388
16,1494,1510,0.1388
17,1495,1512,0.1388
17,1497,1514,0.1388
17,1495,1512,0.1388
17,1499,1516,0.1388
17,1496,1513,0.1388
16,1507,1523,0.1388
16,1511,1527,0.1388
19,1501,1520,0.1388
19,1502,1521,0.1388
19,1492,1511,0.1388
19,1496,1515,0.1388
19,1501,1520,0.1388
18,1494,1512,0.1388
19,1492,1511,0.1388
20,1487,1507,0.1388
20,1498,1518,0.1388
21,1508,1529,0.1388
21,1500,1521,0.1388
20,1500,1520,0.1388
21,1489,1510,0.1388
21,1491,1512,0.1388
20,1497,1517,0.1388
21,1512,1533,0.1388
20,1510,1530,0.1388
19,1504,1523,0.1388
19,1492,1511,0.1388
20,1493,1513,0.1388
20,1504,1524,0.1388
18,1504,1522,0.1388
18,1502,1520,0.1388
17,1514,1531,0.1388
16,1511,1527,0.1388
17,1508,1525,0.1388
17,1513,1530,0.1388
17,1496,1513,0.1388
16,1493,1509,0.1388
17,1493,1510,0.1388
18,1507,1525,0.1388
17,1505,1522,0.1388
18,1491,1509,0.1388
17,1500,1517,0.1388
18,1513,1531,0.1388
18,1508,1526,0.1388
20,1511,1531,0.1388
19,1511,1530,0.1388
19,1512,1531,0.1388
18,1517,1535,0.1388
18,1513,1531,0.1388
19,1501,1520,0.1388
17,1507,1524,0.1388
17,1520,1537,0.1388
15,1512,1527,0.1388
15,1512,1527,0.1388
13,1513,1526,0.1388
14,1498,1512,0.1388
15,1504,1519,0.1388
14,1501,1515,0.1388
14,1503,1517,0.1388
14,1500,1514,0.1388
13,1506,1519,0.1388
14,1508,1522,0.1388
14,1511,1525,0.1388
15,1515,1530,0.1388
15,1499,1514,0.1388
13,1501,1514,0.1388
13,1516,1529,0.1388
14,1515,1529,0.1388
14,1507,1521,0.1388
13,1511,1524,0.1388
12,1513,1525,0.1388
11,1505,1516,0.1388
12,1500,1512,0.1388
13,1508,1521,0.1388
12,1502,1514,0.1388
11,1513,1524,0.1388
11,1515,1526,0.1388
10,1519,1529,0.1388
10,1511,1521,0.1388
10,1510,1520,0.1388
11,1519,1530,0.1388
10,1512,1522,0.1388
11,1507,1518,0.1388
11,1508,1519,0.1388
12,1509,1521,0.1388
12,1506,1518,0.1388
12,1506,1518,0.1388
12,1509,1521,0.1388
12,1517,1529,0.1388
12,1509,1521,0.1388
12,1501,1513,0.1388
12,1504,1516,0.1388
12,1502,1514,0.1388
12,1504,1516,0.1388
12,1508,1520,0.1388
13,1506,1519,0.1388
13,1519,1532,0.1388
14,1516,1530,0.1388
15,1510,1525,0.1388
15,1518,1533,0.1388
15,1498,1513,0.1388
13,1490,1503,0.1388
13,1497,1510,0.1388
13,1508,1521,0.1388
14,1511,1525,0.1388
14,1505,1519,0.1388
13,1501,1514,0.1388
13,1496,1509,0.1388
11,1501,1512,0.1388
11,1505,1516,0.1388
11,1504,1515,0.1388
10,1495,1505,0.1388
11,1493,1504,0.1388
11,1511,1522,0.1388
11,1516,1527,0.1388
12,1500,1512,0.1388
12,1506,1518,0.1388
12,1506,1518,0.1388
12,1508,1520,0.1388
12,1517,1529,0.1388
12,1504,1516,0.1388
12,1499,1511,0.1388
13,1494,1507,0.1388
13,1489,1502,0.1388
13,1490,1503,0.1388
13,1502,1515,0.1388
13,1496,1509,0.1388
13,1495,1508,0.1388
13,1491,1504,0.1388
14,1493,1507,0.1388
15,1504,1519,0.1388
16,1506,1522,0.1388
15,1500,1515,0.1388
15,1500,1515,0.1388
15,1515,1530,0.1388
15,1501,1516,0.1388
15,1513,1528,0.1388
15,1512,1527,0.1388
14,1487,1501,0.1388
14,1495,1509,0.1388
14,1494,1508,0.1388
15,1514,1529,0.1388
15,1512,1527,0.1388
14,1508,1522,0.1388
14,1518,1532,0.1388
14,1515,1529,0.1388
14,1514,1528,0.1388
14,1508,1522,0.1388
16,1517,1533,0.1388
17,1505,1522,0.1388
18,1500,1518,0.1388
19,1502,1521,0.1388
18,1507,1525,0.1388
18,1497,1515,0.1388
17,1499,1516,0.1388
17,1503,1520,0.1388
17,1513,1530,0.1388
18,1499,1517,0.1388
18,1498,1516,0.1388
19,1503,1522,0.1388
19,1495,1514,0.1388
20,1497,1517,0.1388
20,1499,1519,0.1388
20,1493,1513,0.1388
20,1493,1513,0.1388
20,1492,1512,0.1388
19,1489,1508,0.1388
18,1494,1512,0.1388
21,1493,1514,0.1388
21,1492,1513,0.1388
21,1493,1514,0.1388
19,1487,1506,0.1388
18,1488,1506,0.1388
21,1498,1519,0.1388
22,1507,1529,0.1388
22,1496,1518,0.1388
22,1512,1534,0.1388
20,1516,1536,0.1388
20,1520,1540,0.1388
20,1515,1535,0.1388
20,1507,1527,0.1388
22,1501,1523,0.1388
20,1494,1514,0.1388
19,1495,1514,0.1388
19,1498,1517,0.1388
20,1498,1518,0.1388
21,1502,1523,0.1388
20,1507,1527,0.1388
18,1505,1523,0.1388
19,1499,1518,0.1388
18,1507,1525,0.1388
18,1501,1519,0.1388
17,1499,1516,0.1388
18,1509,1527,0.1388
20,1502,1522,0.1388
20,1500,1520,0.1388
19,1488,1507,0.1388
18,1483,1501,0.1388
18,1481,1499,0.1388
18,1490,1508,0.1388
19,1488,1507,0.1388
18,1489,1507,0.1388
16,1500,1516,0.1388
16,1510,1526,0.1388
16,1511,1527,0.1388
15,1504,1519,0.1388
14,1508,1522,0.1388
14,1497,1511,0.1388
13,1506,1519,0.1388
13,1504,1517,0.1388
13,1494,1507,0.1388
14,1502,1516,0.1388
12,1505,1517,0.1388
12,1500,1512,0.1388
11,1507,1518,0.1388
11,1513,1524,0.1388
11,1514,1525,0.1388
11,1504,1515,0.1388
10,1511,1521,0.1388
9,1494,1503,0.1388
8,1509,1517,0.1388
8,1499,1507,0.1388
8,1499,1507,0.1388
8,1506,1514,0.1388
9,1502,1511,0.1388
10,1509,1519,0.1388
9,1507,1516,0.1388
10,1509,1519,0.1388
9,1508,1517,0.1388
10,1507,1517,0.1388
10,1514,1524,0.1388
10,1505,1515,0.1388
11,1518,1529,0.1388
11,1509,1520,0.1388
11,1508,1519,0.1388
10,1511,1521,0.1388
10,1500,1510,0.1388
9,1509,1518,0.1388
10,1518,1528,0.1388
10,1514,1524,0.1388
10,1511,1521,0.1388
10,1502,1512,0.1388
10,1491,1501,0.1388
10,1483,1493,0.1388
10,1477,1487,0.1388
10,1483,1493,0.1388
10,1489,1499,0.1388
10,1499,1509,0.1388
9,1498,1507,0.1388
9,1505,1514,0.1388
8,1492,1500,0.1388
7,1511,1518,0.1388
8,1521,1529,0.1388
8,1512,1520,0.1388
8,1506,1514,0.1388
9,1492,1501,0.1388
9,1504,1513,0.1388
8,1503,1511,0.1388
8,1508,1516,0.1388
7,1507,1514,0.1388
7,1511,1518,0.1388
6,1506,1512,0.1388
6,1515,1521,0.1388
5,1517,1522,0.1388
5,1518,1523,0.1388
5,1513,1518,0.1388
5,1511,1516,0.1388
5,1504,1509,0.1388
5,1497,1502,0.1388
5,1490,1495,0.1388
5,1503,1508,0.1388
5,1507,1512,0.1388
5,1506,1511,0.1388
4,1507,1511,0.1388
4,1499,1503,0.1388
4,1507,1511,0.1388
4,1512,1516,0.1388
4,1524,1528,0.1388
4,1521,1525,0.1388
4,1513,1517,0.1388
3,1507,1510,0.1388
3,1505,1508,0.1388
3,1506,1509,0.1388
3,1524,1527,0.1388
3,1530,1533,0.1388
3,1518,1521,0.1388
2,1518,1520,0.1388
2,1517,1519,0.1388
1,1524,1525,0.1388
1,1542,1543,0.1388
1,1537,1538,0.1388
1,1531,1532,0.1388
1,1527,1528,0.1388
1,1523,1524,0.1388
1,1515,1516,0.1388
1,1513,1514,0.1388
1,1505,1506,0.1388
1,1516,1517,0.1388
1,1517,1518,0.1388
1,1515,1516,0.1388
1,1527,1528,0.1388
0,1517,1517,0.1388
