1361,27,1388,0.1388
1402,28,1430,0.1388
1426,27,1453,0.1388
1441,27,1468,0.1388
1454,28,1482,0.1388
1450,28,1478,0.1388
1459,29,1488,0.1388
1454,30,1484,0.1388
1451,33,1484,0.1388
1449,34,1483,0.1388
1459,34,1493,0.1388
1461,35,1496,0.1388
1452,35,1487,0.1388
1458,34,1492,0.1388
1444,36,1480,0.1388
1447,38,1485,0.1388
1441,41,1482,0.1388
1430,40,1470,0.1388
1436,40,1476,0.1388
1442,42,1484,0.1388
1447,40,1487,0.1388
1430,40,1470,0.1388
1446,39,1485,0.1388
1455,37,1492,0.1388
1444,35,1479,0.1388
1452,33,1485,0.1388
1448,34,1482,0.1388
1449,35,1484,0.1388
1456,34,1490,0.1388
1451,37,1488,0.1388
1439,37,1476,0.1388
1445,39,1484,0.1388
1446,39,1485,0.1388
1444,39,1483,0.1388
1441,39,1480,0.1388
1457,40,1497,0.1388
1462,44,1506,0.1388
1470,44,1514,0.1388
1453,44,1497,0.1388
1461,46,1507,0.1388
1456,44,1500,0.1388
1463,44,1507,0.1388
1447,46,1493,0.1388
1440,49,1489,0.1388
1448,49,1497,0.1388
1443,50,1493,0.1388
1450,49,1499,0.1388
1436,49,1485,0.1388
1452,50,1502,0.1388
1452,53,1505,0.1388
1457,50,1507,0.1388
1451,50,1501,0.1388
1445,50,1495,0.1388
1441,49,1490,0.1388
1448,50,1498,0.1388
1450,50,1500,0.1388
1445,50,1495,0.1388
1445,51,1496,0.1388
1441,53,1494,0.1388
1444,52,1496,0.1388
1450,51,1501,0.1388
1444,49,1493,0.1388
1439,47,1486,0.1388
1429,51,1480,0.1388
1426,54,1480,0.1388
1439,57,1496,0.1388
1447,54,1501,0.1388
1448,52,1500,0.1388
1460,52,1512,0.1388
1454,52,1506,0.1388
1454,52,1506,0.1388
1447,52,1499,0.1388
1450,53,1503,0.1388
1440,53,1493,0.1388
1438,51,1489,0.1388
1431,53,1484,0.1388
1441,52,1493,0.1388
1433,52,1485,0.1388
1432,53,1485,0.1388
1422,57,1479,0.1388
1418,57,1475,0.1388
1429,59,1488,0.1388
1428,63,1491,0.1388
1430,63,1493,0.1388
1433,61,1494,0.1388
1440,61,1501,0.1388
1426,61,1487,0.1388
1431,61,1492,0.1388
1446,60,1506,0.1388
1448,61,1509,0.1388
1444,62,1506,0.1388
1442,63,1505,0.1388
1445,62,1507,0.1388
1439,60,1499,0.1388
1435,64,1499,0.1388
1440,64,1504,0.1388
1432,63,1495,0.1388
1437,59,1496,0.1388
1430,60,1490,0.1388
1434,58,1492,0.1388
1427,60,1487,0.1388
1422,63,1485,0.1388
1423,67,1490,0.1388
1413,67,1480,0.1388
1427,67,1494,0.1388
1433,67,1500,0.1388
1428,69,1497,0.1388
1436,68,1504,0.1388
1435,70,1505,0.1388
1435,64,1499,0.1388
1448,65,1513,0.1388
1433,66,1499,0.1388
1442,66,1508,0.1388
1428,64,1492,0.1388
1425,63,1488,0.1388
1412,63,1475,0.1388
1419,65,1484,0.1388
1414,64,1478,0.1388
1413,64,1477,0.1388
1408,64,1472,0.1388
1415,65,1480,0.1388
1416,66,1482,0.1388
1413,66,1479,0.1388
1427,67,1494,0.1388
1421,68,1489,0.1388
1433,70,1503,0.1388
1425,71,1496,0.1388
1424,67,1491,0.1388
1429,68,1497,0.1388
1432,72,1504,0.1388
1422,76,1498,0.1388
1416,75,1491,0.1388
1412,77,1489,0.1388
1419,77,1496,0.1388
1428,78,1506,0.1388
1432,76,1508,0.1388
1422,78,1500,0.1388
1425,78,1503,0.1388
1420,80,1500,0.1388
1412,80,1492,0.1388
1401,82,1483,0.1388
1398,82,1480,0.1388
1416,81,1497,0.1388
1418,79,1497,0.1388
1419,80,1499,0.1388
1422,80,1502,0.1388
1417,81,1498,0.1388
1412,81,1493,0.1388
1413,81,1494,0.1388
1408,82,1490,0.1388
1411,81,1492,0.1388
1416,79,1495,0.1388
1413,81,1494,0.1388
1426,82,1508,0.1388
1418,78,1496,0.1388
1413,76,1489,0.1388
1425,77,1502,0.1388
1423,79,1502,0.1388
1426,82,1508,0.1388
1432,82,1514,0.1388
1422,83,1505,0.1388
1421,81,1502,0.1388
1415,83,1498,0.1388
1415,87,1502,0.1388
1421,92,1513,0.1388
1409,89,1498,0.1388
1418,90,1508,0.1388
1418,91,1509,0.1388
1409,92,1501,0.1388
1400,91,1491,0.1388
1401,92,1493,0.1388
1399,91,1490,0.1388
1415,91,1506,0.1388
1407,91,1498,0.1388
1394,92,1486,0.1388
1395,91,1486,0.1388
1392,92,1484,0.1388
1387,96,1483,0.1388
1383,100,1483,0.1388
1386,100,1486,0.1388
1381,99,1480,0.1388
1404,96,1500,0.1388
1404,97,1501,0.1388
1402,100,1502,0.1388
1396,102,1498,0.1388
1381,106,1487,0.1388
1364,109,1473,0.1388
1364,108,1472,0.1388
1364,107,1471,0.1388
1369,104,1473,0.1388
1364,108,1472,0.1388
1365,109,1474,0.1388
1366,108,1474,0.1388
1380,106,1486,0.1388
1391,105,1496,0.1388
1388,109,1497,0.1388
1391,105,1496,0.1388
1391,106,1497,0.1388
1380,108,1488,0.1388
1382,109,1491,0.1388
1380,112,1492,0.1388
1382,112,1494,0.1388
1393,112,1505,0.1388
1411,111,1522,0.1388
1402,109,1511,0.1388
1406,107,1513,0.1388
1392,107,1499,0.1388
1394,108,1502,0.1388
1389,101,1490,0.1388
1403,104,1507,0.1388
1403,107,1510,0.1388
1387,108,1495,0.1388
1380,106,1486,0.1388
1376,104,1480,0.1388
1380,103,1483,0.1388
1374,103,1477,0.1388
1382,107,1489,0.1388
1386,109,1495,0.1388
1385,107,1492,0.1388
1376,109,1485,0.1388
1391,109,1500,0.1388
1382,109,1491,0.1388
1362,105,1467,0.1388
1367,106,1473,0.1388
1391,106,1497,0.1388
1392,103,1495,0.1388
1392,101,1493,0.1388
1386,98,1484,0.1388
1379,100,1479,0.1388
1392,101,1493,0.1388
1401,103,1504,0.1388
1392,103,1495,0.1388
1388,102,1490,0.1388
1390,101,1491,0.1388
1381,102,1483,0.1388
1392,103,1495,0.1388
1409,103,1512,0.1388
1403,103,1506,0.1388
1391,103,1494,0.1388
1398,105,1503,0.1388
1392,103,1495,0.1388
1391,102,1493,0.1388
1388,103,1491,0.1388
1379,102,1481,0.1388
1383,107,1490,0.1388
1394,105,1499,0.1388
1387,107,1494,0.1388
1384,105,1489,0.1388
1384,103,1487,0.1388
1382,108,1490,0.1388
1387,107,1494,0.1388
1382,108,1490,0.1388
1395,107,1502,0.1388
1379,103,1482,0.1388
1382,104,1486,0.1388
1388,103,1491,0.1388
1391,103,1494,0.1388
1381,103,1484,0.1388
1370,102,1472,0.1388
1381,102,1483,0.1388
1379,104,1483,0.1388
1389,103,1492,0.1388
1394,104,1498,0.1388
1394,105,1499,0.1388
1387,103,1490,0.1388
1393,105,1498,0.1388
1382,108,1490,0.1388
1387,107,1494,0.1388
1382,109,1491,0.1388
1388,111,1499,0.1388
1376,111,1487,0.1388
1372,109,1481,0.1388
1382,110,1492,0.1388
1392,112,1504,0.1388
1401,111,1512,0.1388
1393,114,1507,0.1388
1396,115,1511,0.1388
1374,114,1488,0.1388
1379,112,1491,0.1388
1383,116,1499,0.1388
1380,119,1499,0.1388
1374,120,1494,0.1388
1374,120,1494,0.1388
1371,124,1495,0.1388
1373,125,1498,0.1388
1369,123,1492,0.1388
1370,123,1493,0.1388
1382,124,1506,0.1388
1384,124,1508,0.1388
1380,119,1499,0.1388
1378,118,1496,0.1388
1386,120,1506,0.1388
1382,123,1505,0.1388
1373,125,1498,0.1388
1368,124,1492,0.1388
1373,125,1498,0.1388
1375,125,1500,0.1388
1364,126,1490,0.1388
1352,126,1478,0.1388
1380,128,1508,0.1388
1371,126,1497,0.1388
1372,123,1495,0.1388
1377,122,1499,0.1388
1371,126,1497,0.1388
1365,122,1487,0.1388
1369,120,1489,0.1388
1351,121,1472,0.1388
1370,120,1490,0.1388
1386,120,1506,0.1388
1387,121,1508,0.1388
1373,119,1492,0.1388
1363,125,1488,0.1388
1360,123,1483,0.1388
1364,122,1486,0.1388
1373,125,1498,0.1388
1382,126,1508,0.1388
1365,127,1492,0.1388
1365,127,1492,0.1388
1375,128,1503,0.1388
1372,132,1504,0.1388
1370,134,1504,0.1388
1362,136,1498,0.1388
1359,137,1496,0.1388
1367,136,1503,0.1388
1367,133,1500,0.1388
1365,133,1498,0.1388
1353,131,1484,0.1388
1351,130,1481,0.1388
1350,130,1480,0.1388
1348,128,1476,0.1388
1354,135,1489,0.1388
1361,135,1496,0.1388
1364,139,1503,0.1388
1363,141,1504,0.1388
1375,142,1517,0.1388
1365,143,1508,0.1388
1346,141,1487,0.1388
1341,141,1482,0.1388
1350,143,1493,0.1388
1364,146,1510,0.1388
1356,148,1504,0.1388
1361,148,1509,0.1388
1354,147,1501,0.1388
1348,150,1498,0.1388
1344,146,1490,0.1388
1367,144,1511,0.1388
1356,141,1497,0.1388
1345,144,1489,0.1388
1340,146,1486,0.1388
1350,149,1499,0.1388
1352,149,1501,0.1388
1340,152,1492,0.1388
1329,150,1479,0.1388
1331,153,1484,0.1388
1330,154,1484,0.1388
1332,156,1488,0.1388
1349,152,1501,0.1388
1354,156,1510,0.1388
1342,159,1501,0.1388
1336,156,1492,0.1388
1344,165,1509,0.1388
1337,164,1501,0.1388
1334,165,1499,0.1388
1340,166,1506,0.1388
1331,168,1499,0.1388
1320,169,1489,0.1388
1321,164,1485,0.1388
1324,162,1486,0.1388
1312,165,1477,0.1388
1308,168,1476,0.1388
1311,172,1483,0.1388
1309,173,1482,0.1388
1318,173,1491,0.1388
1313,175,1488,0.1388
1306,175,1481,0.1388
1304,172,1476,0.1388
1288,180,1468,0.1388
1290,183,1473,0.1388
1310,183,1493,0.1388
1311,180,1491,0.1388
1307,182,1489,0.1388
1302,177,1479,0.1388
1312,178,1490,0.1388
1325,180,1505,0.1388
1317,176,1493,0.1388
1315,180,1495,0.1388
1309,179,1488,0.1388
1303,180,1483,0.1388
1314,181,1495,0.1388
1328,181,1509,0.1388
1305,181,1486,0.1388
1290,178,1468,0.1388
1300,178,1478,0.1388
1290,182,1472,0.1388
1285,183,1468,0.1388
1299,181,1480,0.1388
1301,179,1480,0.1388
1300,185,1485,0.1388
1299,186,1485,0.1388
1316,190,1506,0.1388
1310,188,1498,0.1388
1302,188,1490,0.1388
1308,188,1496,0.1388
1298,184,1482,0.1388
1307,185,1492,0.1388
1318,190,1508,0.1388
1310,189,1499,0.1388
1308,196,1504,0.1388
1319,203,1522,0.1388
1309,204,1513,0.1388
1302,206,1508,0.1388
1301,195,1496,0.1388
1292,191,1483,0.1388
1295,193,1488,0.1388
1297,197,1494,0.1388
1295,201,1496,0.1388
1289,201,1490,0.1388
1284,201,1485,0.1388
1290,207,1497,0.1388
1297,204,1501,0.1388
1292,206,1498,0.1388
1301,202,1503,0.1388
1305,206,1511,0.1388
1292,205,1497,0.1388
1281,207,1488,0.1388
1292,211,1503,0.1388
1281,208,1489,0.1388
1280,211,1491,0.1388
1282,216,1498,0.1388
1287,223,1510,0.1388
1288,220,1508,0.1388
1278,222,1500,0.1388
1272,217,1489,0.1388
1296,221,1517,0.1388
1280,219,1499,0.1388
1278,222,1500,0.1388
1273,220,1493,0.1388
1267,218,1485,0.1388
1276,225,1501,0.1388
1269,225,1494,0.1388
1257,226,1483,0.1388
1254,228,1482,0.1388
1266,221,1487,0.1388
1275,219,1494,0.1388
1279,220,1499,0.1388
1267,224,1491,0.1388
1270,225,1495,0.1388
1282,225,1507,0.1388
1264,227,1491,0.1388
1275,224,1499,0.1388
1261,226,1487,0.1388
1260,231,1491,0.1388
1261,231,1492,0.1388
1259,231,1490,0.1388
1261,229,1490,0.1388
1269,232,1501,0.1388
1273,232,1505,0.1388
1275,229,1504,0.1388
1270,234,1504,0.1388
1266,228,1494,0.1388
1270,225,1495,0.1388
1272,226,1498,0.1388
1276,234,1510,0.1388
1268,237,1505,0.1388
1273,233,1506,0.1388
1279,230,1509,0.1388
1276,231,1507,0.1388
1266,234,1500,0.1388
1264,234,1498,0.1388
1253,234,1487,0.1388
1252,238,1490,0.1388
1259,238,1497,0.1388
1258,245,1503,0.1388
1254,241,1495,0.1388
1253,245,1498,0.1388
1256,244,1500,0.1388
1265,242,1507,0.1388
1271,243,1514,0.1388
1266,245,1511,0.1388
1271,244,1515,0.1388
1273,244,1517,0.1388
1283,243,1526,0.1388
1269,245,1514,0.1388
1273,242,1515,0.1388
1274,242,1516,0.1388
1266,248,1514,0.1388
1248,249,1497,0.1388
1243,246,1489,0.1388
1253,250,1503,0.1388
1245,247,1492,0.1388
1239,243,1482,0.1388
1242,245,1487,0.1388
1237,243,1480,0.1388
1248,250,1498,0.1388
1255,249,1504,0.1388
1257,252,1509,0.1388
1258,254,1512,0.1388
1261,250,1511,0.1388
1273,250,1523,0.1388
1273,250,1523,0.1388
1268,250,1518,0.1388
1256,249,1505,0.1388
1256,248,1504,0.1388
1241,245,1486,0.1388
1250,245,1495,0.1388
1255,251,1506,0.1388
1256,257,1513,0.1388
1249,258,1507,0.1388
1246,262,1508,0.1388
1250,260,1510,0.1388
1241,269,1510,0.1388
1244,264,1508,0.1388
1247,261,1508,0.1388
1239,256,1495,0.1388
1239,261,1500,0.1388
1238,260,1498,0.1388
1238,262,1500,0.1388
1244,262,1506,0.1388
1245,264,1509,0.1388
1236,267,1503,0.1388
1248,267,1515,0.1388
1247,266,1513,0.1388
1234,266,1500,0.1388
1218,272,1490,0.1388
1203,276,1479,0.1388
1199,280,1479,0.1388
1202,278,1480,0.1388
1201,282,1483,0.1388
1206,284,1490,0.1388
1214,288,1502,0.1388
1204,285,1489,0.1388
1202,281,1483,0.1388
1200,283,1483,0.1388
1196,284,1480,0.1388
1198,280,1478,0.1388
1203,286,1489,0.1388
1204,283,1487,0.1388
1200,285,1485,0.1388
1190,289,1479,0.1388
1196,287,1483,0.1388
1187,288,1475,0.1388
1202,287,1489,0.1388
1197,289,1486,0.1388
1216,289,1505,0.1388
1205,293,1498,0.1388
1202,293,1495,0.1388
1202,297,1499,0.1388
1198,297,1495,0.1388
1187,295,1482,0.1388
1175,297,1472,0.1388
1173,298,1471,0.1388
1181,305,1486,0.1388
1185,302,1487,0.1388
1187,308,1495,0.1388
1197,312,1509,0.1388
1207,314,1521,0.1388
1198,317,1515,0.1388
1201,314,1515,0.1388
1185,318,1503,0.1388
1195,317,1512,0.1388
1196,318,1514,0.1388
1189,318,1507,0.1388
1185,322,1507,0.1388
1188,315,1503,0.1388
1174,314,1488,0.1388
1189,315,1504,0.1388
1187,314,1501,0.1388
1184,315,1499,0.1388
1182,319,1501,0.1388
1185,321,1506,0.1388
1182,323,1505,0.1388
1180,318,1498,0.1388
1175,319,1494,0.1388
1172,328,1500,0.1388
1165,326,1491,0.1388
1161,333,1494,0.1388
1159,335,1494,0.1388
1151,335,1486,0.1388
1155,339,1494,0.1388
1156,331,1487,0.1388
1167,341,1508,0.1388
1169,342,1511,0.1388
1167,339,1506,0.1388
1170,333,1503,0.1388
1160,337,1497,0.1388
1158,337,1495,0.1388
1162,340,1502,0.1388
1169,336,1505,0.1388
1164,335,1499,0.1388
1160,342,1502,0.1388
1165,344,1509,0.1388
1157,333,1490,0.1388
1155,335,1490,0.1388
1163,340,1503,0.1388
1152,335,1487,0.1388
1155,332,1487,0.1388
1160,333,1493,0.1388
1159,337,1496,0.1388
1158,339,1497,0.1388
1158,342,1500,0.1388
1168,343,1511,0.1388
1159,341,1500,0.1388
1146,352,1498,0.1388
1136,353,1489,0.1388
1133,356,1489,0.1388
1133,364,1497,0.1388
1129,368,1497,0.1388
1128,361,1489,0.1388
1135,358,1493,0.1388
1123,356,1479,0.1388
1129,362,1491,0.1388
1139,368,1507,0.1388
1136,367,1503,0.1388
1128,371,1499,0.1388
1134,373,1507,0.1388
1134,378,1512,0.1388
1128,382,1510,0.1388
1123,386,1509,0.1388
1129,389,1518,0.1388
1110,386,1496,0.1388
1115,387,1502,0.1388
1114,388,1502,0.1388
1109,383,1492,0.1388
1104,383,1487,0.1388
1106,377,1483,0.1388
1105,377,1482,0.1388
1115,386,1501,0.1388
1111,390,1501,0.1388
1104,395,1499,0.1388
1106,394,1500,0.1388
1117,395,1512,0.1388
1118,397,1515,0.1388
1110,406,1516,0.1388
1108,400,1508,0.1388
1112,398,1510,0.1388
1111,393,1504,0.1388
1113,399,1512,0.1388
1108,399,1507,0.1388
1111,395,1506,0.1388
1104,397,1501,0.1388
1110,392,1502,0.1388
1113,392,1505,0.1388
1114,392,1506,0.1388
1118,390,1508,0.1388
1118,391,1509,0.1388
1121,389,1510,0.1388
1115,392,1507,0.1388
1110,398,1508,0.1388
1101,393,1494,0.1388
1098,399,1497,0.1388
1099,402,1501,0.1388
1096,405,1501,0.1388
1101,396,1497,0.1388
1107,402,1509,0.1388
1102,404,1506,0.1388
1102,412,1514,0.1388
1100,409,1509,0.1388
1093,405,1498,0.1388
1091,407,1498,0.1388
1089,411,1500,0.1388
1096,406,1502,0.1388
1091,408,1499,0.1388
1101,407,1508,0.1388
1100,410,1510,0.1388
1090,412,1502,0.1388
1083,407,1490,0.1388
1087,407,1494,0.1388
1080,412,1492,0.1388
1083,404,1487,0.1388
1078,402,1480,0.1388
1082,396,1478,0.1388
1085,400,1485,0.1388
1077,402,1479,0.1388
1089,402,1491,0.1388
1085,402,1487,0.1388
1089,408,1497,0.1388
1098,411,1509,0.1388
1105,404,1509,0.1388
1109,401,1510,0.1388
1088,401,1489,0.1388
1093,404,1497,0.1388
1081,401,1482,0.1388
1084,407,1491,0.1388
1087,403,1490,0.1388
1088,400,1488,0.1388
1086,400,1486,0.1388
1092,398,1490,0.1388
1091,402,1493,0.1388
1096,397,1493,0.1388
1102,398,1500,0.1388
1117,398,1515,0.1388
1108,399,1507,0.1388
1111,400,1511,0.1388
1100,408,1508,0.1388
1102,405,1507,0.1388
1115,405,1520,0.1388
1117,404,1521,0.1388
1108,400,1508,0.1388
1112,402,1514,0.1388
1103,399,1502,0.1388
1102,402,1504,0.1388
1101,405,1506,0.1388
1099,412,1511,0.1388
1093,417,1510,0.1388
1089,425,1514,0.1388
1088,429,1517,0.1388
1088,428,1516,0.1388
1077,420,1497,0.1388
1064,416,1480,0.1388
1068,418,1486,0.1388
1068,413,1481,0.1388
1075,419,1494,0.1388
1077,417,1494,0.1388
1082,425,1507,0.1388
1087,417,1504,0.1388
1088,413,1501,0.1388
1084,411,1495,0.1388
1075,417,1492,0.1388
1078,415,1493,0.1388
1075,419,1494,0.1388
1073,422,1495,0.1388
1068,423,1491,0.1388
1054,422,1476,0.1388
1059,429,1488,0.1388
1066,429,1495,0.1388
1075,427,1502,0.1388
1076,418,1494,0.1388
1063,416,1479,0.1388
1060,423,1483,0.1388
1071,427,1498,0.1388
1061,428,1489,0.1388
1054,432,1486,0.1388
1061,428,1489,0.1388
1062,427,1489,0.1388
1053,433,1486,0.1388
1065,430,1495,0.1388
1065,429,1494,0.1388
1070,435,1505,0.1388
1070,447,1517,0.1388
1073,441,1514,0.1388
1075,441,1516,0.1388
1070,447,1517,0.1388
1070,440,1510,0.1388
1074,427,1501,0.1388
1080,438,1518,0.1388
1073,443,1516,0.1388
1058,447,1505,0.1388
1057,447,1504,0.1388
1049,446,1495,0.1388
1055,447,1502,0.1388
1051,445,1496,0.1388
1052,452,1504,0.1388
1050,451,1501,0.1388
1053,447,1500,0.1388
1057,445,1502,0.1388
1055,444,1499,0.1388
1052,450,1502,0.1388
1045,453,1498,0.1388
1043,443,1486,0.1388
1037,452,1489,0.1388
1050,455,1505,0.1388
1046,460,1506,0.1388
1036,468,1504,0.1388
1027,465,1492,0.1388
1031,470,1501,0.1388
1041,466,1507,0.1388
1044,466,1510,0.1388
1038,465,1503,0.1388
1037,460,1497,0.1388
1024,471,1495,0.1388
1034,468,1502,0.1388
1033,471,1504,0.1388
1041,471,1512,0.1388
1029,474,1503,0.1388
1030,471,1501,0.1388
1031,474,1505,0.1388
1038,480,1518,0.1388
1043,482,1525,0.1388
1037,478,1515,0.1388
1037,473,1510,0.1388
1033,471,1504,0.1388
1025,474,1499,0.1388
1023,461,1484,0.1388
1015,470,1485,0.1388
1007,473,1480,0.1388
1002,478,1480,0.1388
1008,481,1489,0.1388
1008,485,1493,0.1388
1012,489,1501,0.1388
1002,490,1492,0.1388
1008,491,1499,0.1388
1009,485,1494,0.1388
1009,484,1493,0.1388
1003,488,1491,0.1388
1011,483,1494,0.1388
1007,483,1490,0.1388
1001,490,1491,0.1388
1011,490,1501,0.1388
1009,494,1503,0.1388
1006,492,1498,0.1388
1019,488,1507,0.1388
1017,488,1505,0.1388
1007,492,1499,0.1388
1001,496,1497,0.1388
1010,494,1504,0.1388
1008,494,1502,0.1388
999,495,1494,0.1388
1001,495,1496,0.1388
993,504,1497,0.1388
998,513,1511,0.1388
984,505,1489,0.1388
982,502,1484,0.1388
995,504,1499,0.1388
998,502,1500,0.1388
1005,509,1514,0.1388
1000,513,1513,0.1388
1002,512,1514,0.1388
991,519,1510,0.1388
990,512,1502,0.1388
978,513,1491,0.1388
983,511,1494,0.1388
984,507,1491,0.1388
980,509,1489,0.1388
988,516,1504,0.1388
983,522,1505,0.1388
991,526,1517,0.1388
986,524,1510,0.1388
987,526,1513,0.1388
983,526,1509,0.1388
978,523,1501,0.1388
969,529,1498,0.1388
975,531,1506,0.1388
981,534,1515,0.1388
991,527,1518,0.1388
982,528,1510,0.1388
975,526,1501,0.1388
973,526,1499,0.1388
963,533,1496,0.1388
961,526,1487,0.1388
953,528,1481,0.1388
961,527,1488,0.1388
974,520,1494,0.1388
971,522,1493,0.1388
967,526,1493,0.1388
967,532,1499,0.1388
962,534,1496,0.1388
950,540,1490,0.1388
959,544,1503,0.1388
954,555,1509,0.1388
957,549,1506,0.1388
950,554,1504,0.1388
943,549,1492,0.1388
940,552,1492,0.1388
948,554,1502,0.1388
956,555,1511,0.1388
951,556,1507,0.1388
943,553,1496,0.1388
939,555,1494,0.1388
939,554,1493,0.1388
942,564,1506,0.1388
950,561,1511,0.1388
928,568,1496,0.1388
936,572,1508,0.1388
945,570,1515,0.1388
944,570,1514,0.1388
937,568,1505,0.1388
939,571,1510,0.1388
935,571,1506,0.1388
939,573,1512,0.1388
930,570,1500,0.1388
942,575,1517,0.1388
935,582,1517,0.1388
941,583,1524,0.1388
933,569,1502,0.1388
927,565,1492,0.1388
918,570,1488,0.1388
928,566,1494,0.1388
923,570,1493,0.1388
924,576,1500,0.1388
923,580,1503,0.1388
922,579,1501,0.1388
914,582,1496,0.1388
916,583,1499,0.1388
918,586,1504,0.1388
909,586,1495,0.1388
908,576,1484,0.1388
913,575,1488,0.1388
916,576,1492,0.1388
915,574,1489,0.1388
930,577,1507,0.1388
925,576,1501,0.1388
933,586,1519,0.1388
937,586,1523,0.1388
941,584,1525,0.1388
950,586,1536,0.1388
937,583,1520,0.1388
928,576,1504,0.1388
929,573,1502,0.1388
920,570,1490,0.1388
928,565,1493,0.1388
917,570,1487,0.1388
918,578,1496,0.1388
913,582,1495,0.1388
920,585,1505,0.1388
900,578,1478,0.1388
911,582,1493,0.1388
911,591,1502,0.1388
902,596,1498,0.1388
905,601,1506,0.1388
908,599,1507,0.1388
906,598,1504,0.1388
901,603,1504,0.1388
905,602,1507,0.1388
893,596,1489,0.1388
897,600,1497,0.1388
900,602,1502,0.1388
896,595,1491,0.1388
895,596,1491,0.1388
902,602,1504,0.1388
902,602,1504,0.1388
901,592,1493,0.1388
893,594,1487,0.1388
895,590,1485,0.1388
895,597,1492,0.1388
902,605,1507,0.1388
905,607,1512,0.1388
897,615,1512,0.1388
892,609,1501,0.1388
883,617,1500,0.1388
880,616,1496,0.1388
884,606,1490,0.1388
884,603,1487,0.1388
892,614,1506,0.1388
896,612,1508,0.1388
891,615,1506,0.1388
886,612,1498,0.1388
884,622,1506,0.1388
883,622,1505,0.1388
884,626,1510,0.1388
878,632,1510,0.1388
880,633,1513,0.1388
881,629,1510,0.1388
874,637,1511,0.1388
869,634,1503,0.1388
874,635,1509,0.1388
882,637,1519,0.1388
874,642,1516,0.1388
876,641,1517,0.1388
871,638,1509,0.1388
873,636,1509,0.1388
875,639,1514,0.1388
872,646,1518,0.1388
876,639,1515,0.1388
862,630,1492,0.1388
857,638,1495,0.1388
858,637,1495,0.1388
860,646,1506,0.1388
852,650,1502,0.1388
852,638,1490,0.1388
862,650,1512,0.1388
859,655,1514,0.1388
853,650,1503,0.1388
852,646,1498,0.1388
853,647,1500,0.1388
859,647,1506,0.1388
852,645,1497,0.1388
846,637,1483,0.1388
846,633,1479,0.1388
848,643,1491,0.1388
861,653,1514,0.1388
871,657,1528,0.1388
856,658,1514,0.1388
852,657,1509,0.1388
850,647,1497,0.1388
853,655,1508,0.1388
850,654,1504,0.1388
857,654,1511,0.1388
857,663,1520,0.1388
851,664,1515,0.1388
844,665,1509,0.1388
846,662,1508,0.1388
849,661,1510,0.1388
852,660,1512,0.1388
849,663,1512,0.1388
853,666,1519,0.1388
842,669,1511,0.1388
840,673,1513,0.1388
842,677,1519,0.1388
838,677,1515,0.1388
835,678,1513,0.1388
833,685,1518,0.1388
822,685,1507,0.1388
831,675,1506,0.1388
824,686,1510,0.1388
824,690,1514,0.1388
827,682,1509,0.1388
817,676,1493,0.1388
810,677,1487,0.1388
812,676,1488,0.1388
812,676,1488,0.1388
810,676,1486,0.1388
801,681,1482,0.1388
806,686,1492,0.1388
811,692,1503,0.1388
809,698,1507,0.1388
800,690,1490,0.1388
798,698,1496,0.1388
798,702,1500,0.1388
799,695,1494,0.1388
789,702,1491,0.1388
782,706,1488,0.1388
791,700,1491,0.1388
792,707,1499,0.1388
791,702,1493,0.1388
783,707,1490,0.1388
791,714,1505,0.1388
794,711,1505,0.1388
788,716,1504,0.1388
785,716,1501,0.1388
790,721,1511,0.1388
795,718,1513,0.1388
784,712,1496,0.1388
781,703,1484,0.1388
782,717,1499,0.1388
779,720,1499,0.1388
791,721,1512,0.1388
781,725,1506,0.1388
783,733,1516,0.1388
783,733,1516,0.1388
777,731,1508,0.1388
769,741,1510,0.1388
768,745,1513,0.1388
784,741,1525,0.1388
780,735,1515,0.1388
770,731,1501,0.1388
773,733,1506,0.1388
771,729,1500,0.1388
767,731,1498,0.1388
775,737,1512,0.1388
771,742,1513,0.1388
778,738,1516,0.1388
767,730,1497,0.1388
764,739,1503,0.1388
762,735,1497,0.1388
763,731,1494,0.1388
772,736,1508,0.1388
782,728,1510,0.1388
783,729,1512,0.1388
774,721,1495,0.1388
777,730,1507,0.1388
773,724,1497,0.1388
766,730,1496,0.1388
771,730,1501,0.1388
768,724,1492,0.1388
773,731,1504,0.1388
767,733,1500,0.1388
775,726,1501,0.1388
770,721,1491,0.1388
764,724,1488,0.1388
771,722,1493,0.1388
768,724,1492,0.1388
764,732,1496,0.1388
771,730,1501,0.1388
776,730,1506,0.1388
767,737,1504,0.1388
758,736,1494,0.1388
770,737,1507,0.1388
755,743,1498,0.1388
753,747,1500,0.1388
753,756,1509,0.1388
736,762,1498,0.1388
730,765,1495,0.1388
736,753,1489,0.1388
733,764,1497,0.1388
730,770,1500,0.1388
728,776,1504,0.1388
729,780,1509,0.1388
732,776,1508,0.1388
730,787,1517,0.1388
723,790,1513,0.1388
719,783,1502,0.1388
715,786,1501,0.1388
711,791,1502,0.1388
714,786,1500,0.1388
717,795,1512,0.1388
716,796,1512,0.1388
714,804,1518,0.1388
718,798,1516,0.1388
708,793,1501,0.1388
704,797,1501,0.1388
698,799,1497,0.1388
706,802,1508,0.1388
704,803,1507,0.1388
698,810,1508,0.1388
703,813,1516,0.1388
704,819,1523,0.1388
710,817,1527,0.1388
716,804,1520,0.1388
714,805,1519,0.1388
713,812,1525,0.1388
711,799,1510,0.1388
706,801,1507,0.1388
704,804,1508,0.1388
711,796,1507,0.1388
710,806,1516,0.1388
699,813,1512,0.1388
687,817,1504,0.1388
679,806,1485,0.1388
686,812,1498,0.1388
680,814,1494,0.1388
679,813,1492,0.1388
677,809,1486,0.1388
682,808,1490,0.1388
677,809,1486,0.1388
677,819,1496,0.1388
678,824,1502,0.1388
671,830,1501,0.1388
674,835,1509,0.1388
673,832,1505,0.1388
670,831,1501,0.1388
671,840,1511,0.1388
672,837,1509,0.1388
665,844,1509,0.1388
653,847,1500,0.1388
652,852,1504,0.1388
645,847,1492,0.1388
640,851,1491,0.1388
636,855,1491,0.1388
647,846,1493,0.1388
650,850,1500,0.1388
655,862,1517,0.1388
647,856,1503,0.1388
634,864,1498,0.1388
635,860,1495,0.1388
636,852,1488,0.1388
638,853,1491,0.1388
643,864,1507,0.1388
646,868,1514,0.1388
633,871,1504,0.1388
635,868,1503,0.1388
639,865,1504,0.1388
635,867,1502,0.1388
623,859,1482,0.1388
625,870,1495,0.1388
624,893,1517,0.1388
626,884,1510,0.1388
632,887,1519,0.1388
625,886,1511,0.1388
614,884,1498,0.1388
607,884,1491,0.1388
614,887,1501,0.1388
608,893,1501,0.1388
609,900,1509,0.1388
613,893,1506,0.1388
605,894,1499,0.1388
607,894,1501,0.1388
610,894,1504,0.1388
605,910,1515,0.1388
606,907,1513,0.1388
607,903,1510,0.1388
603,902,1505,0.1388
605,904,1509,0.1388
607,903,1510,0.1388
605,910,1515,0.1388
612,912,1524,0.1388
602,910,1512,0.1388
593,920,1513,0.1388
589,922,1511,0.1388
586,927,1513,0.1388
590,933,1523,0.1388
589,930,1519,0.1388
593,927,1520,0.1388
585,924,1509,0.1388
580,916,1496,0.1388
581,918,1499,0.1388
582,923,1505,0.1388
584,924,1508,0.1388
586,919,1505,0.1388
582,920,1502,0.1388
584,926,1510,0.1388
585,939,1524,0.1388
587,940,1527,0.1388
582,941,1523,0.1388
587,949,1536,0.1388
587,945,1532,0.1388
573,943,1516,0.1388
568,946,1514,0.1388
563,949,1512,0.1388
563,954,1517,0.1388
566,944,1510,0.1388
558,935,1493,0.1388
559,941,1500,0.1388
564,949,1513,0.1388
558,950,1508,0.1388
561,943,1504,0.1388
554,957,1511,0.1388
548,951,1499,0.1388
542,951,1493,0.1388
548,959,1507,0.1388
543,959,1502,0.1388
537,960,1497,0.1388
536,959,1495,0.1388
535,962,1497,0.1388
544,967,1511,0.1388
542,972,1514,0.1388
540,966,1506,0.1388
543,965,1508,0.1388
535,963,1498,0.1388
529,969,1498,0.1388
545,956,1501,0.1388
535,960,1495,0.1388
548,967,1515,0.1388
542,967,1509,0.1388
542,973,1515,0.1388
542,965,1507,0.1388
533,988,1521,0.1388
539,981,1520,0.1388
534,977,1511,0.1388
534,967,1501,0.1388
523,980,1503,0.1388
526,986,1512,0.1388
531,994,1525,0.1388
522,1002,1524,0.1388
514,999,1513,0.1388
518,991,1509,0.1388
510,996,1506,0.1388
510,995,1505,0.1388
513,993,1506,0.1388
513,985,1498,0.1388
517,982,1499,0.1388
521,994,1515,0.1388
516,994,1510,0.1388
517,984,1501,0.1388
519,1000,1519,0.1388
520,1000,1520,0.1388
513,1004,1517,0.1388
518,1007,1525,0.1388
513,1013,1526,0.1388
510,1012,1522,0.1388
510,1004,1514,0.1388
511,999,1510,0.1388
514,1002,1516,0.1388
504,1005,1509,0.1388
504,1002,1506,0.1388
504,997,1501,0.1388
514,1005,1519,0.1388
510,1001,1511,0.1388
500,994,1494,0.1388
495,992,1487,0.1388
506,997,1503,0.1388
497,992,1489,0.1388
505,996,1501,0.1388
509,993,1502,0.1388
501,1010,1511,0.1388
501,1009,1510,0.1388
495,1017,1512,0.1388
497,1019,1516,0.1388
503,1013,1516,0.1388
509,1016,1525,0.1388
507,1011,1518,0.1388
506,1017,1523,0.1388
506,1013,1519,0.1388
507,1020,1527,0.1388
501,1011,1512,0.1388
503,1010,1513,0.1388
492,995,1487,0.1388
492,1001,1493,0.1388
495,1009,1504,0.1388
500,1019,1519,0.1388
499,1014,1513,0.1388
496,1021,1517,0.1388
500,1015,1515,0.1388
494,1010,1504,0.1388
493,1004,1497,0.1388
497,1008,1505,0.1388
496,997,1493,0.1388
488,1009,1497,0.1388
495,1028,1523,0.1388
488,1028,1516,0.1388
483,1032,1515,0.1388
482,1025,1507,0.1388
485,1019,1504,0.1388
486,1016,1502,0.1388
489,1026,1515,0.1388
487,1030,1517,0.1388
486,1022,1508,0.1388
485,1027,1512,0.1388
479,1031,1510,0.1388
491,1020,1511,0.1388
489,1025,1514,0.1388
485,1024,1509,0.1388
474,1019,1493,0.1388
478,1018,1496,0.1388
471,1027,1498,0.1388
480,1011,1491,0.1388
477,1011,1488,0.1388
483,1019,1502,0.1388
487,1020,1507,0.1388
477,1026,1503,0.1388
483,1034,1517,0.1388
475,1037,1512,0.1388
475,1038,1513,0.1388
477,1025,1502,0.1388
483,1031,1514,0.1388
477,1034,1511,0.1388
480,1043,1523,0.1388
484,1040,1524,0.1388
478,1031,1509,0.1388
472,1033,1505,0.1388
471,1034,1505,0.1388
476,1029,1505,0.1388
483,1025,1508,0.1388
473,1032,1505,0.1388
471,1032,1503,0.1388
478,1032,1510,0.1388
482,1029,1511,0.1388
474,1023,1497,0.1388
478,1025,1503,0.1388
475,1025,1500,0.1388
481,1020,1501,0.1388
483,1018,1501,0.1388
476,1022,1498,0.1388
479,1027,1506,0.1388
485,1018,1503,0.1388
485,1027,1512,0.1388
481,1026,1507,0.1388
482,1028,1510,0.1388
487,1016,1503,0.1388
489,1017,1506,0.1388
483,1016,1499,0.1388
485,1015,1500,0.1388
482,1020,1502,0.1388
479,1030,1509,0.1388
475,1025,1500,0.1388
472,1031,1503,0.1388
470,1040,1510,0.1388
473,1033,1506,0.1388
469,1045,1514,0.1388
467,1056,1523,0.1388
472,1044,1516,0.1388
462,1052,1514,0.1388
461,1055,1516,0.1388
464,1051,1515,0.1388
451,1051,1502,0.1388
454,1041,1495,0.1388
461,1041,1502,0.1388
460,1054,1514,0.1388
457,1059,1516,0.1388
457,1069,1526,0.1388
449,1071,1520,0.1388
449,1074,1523,0.1388
447,1070,1517,0.1388
441,1067,1508,0.1388
440,1068,1508,0.1388
441,1077,1518,0.1388
435,1081,1516,0.1388
444,1086,1530,0.1388
433,1078,1511,0.1388
422,1080,1502,0.1388
422,1093,1515,0.1388
423,1102,1525,0.1388
424,1100,1524,0.1388
426,1103,1529,0.1388
421,1097,1518,0.1388
417,1097,1514,0.1388
416,1094,1510,0.1388
418,1099,1517,0.1388
421,1095,1516,0.1388
420,1086,1506,0.1388
414,1098,1512,0.1388
413,1091,1504,0.1388
420,1092,1512,0.1388
420,1086,1506,0.1388
420,1082,1502,0.1388
422,1091,1513,0.1388
417,1095,1512,0.1388
407,1091,1498,0.1388
411,1104,1515,0.1388
407,1102,1509,0.1388
415,1097,1512,0.1388
415,1097,1512,0.1388
413,1095,1508,0.1388
412,1095,1507,0.1388
420,1100,1520,0.1388
420,1105,1525,0.1388
419,1095,1514,0.1388
418,1088,1506,0.1388
418,1093,1511,0.1388
421,1102,1523,0.1388
419,1102,1521,0.1388
425,1098,1523,0.1388
422,1099,1521,0.1388
426,1096,1522,0.1388
431,1100,1531,0.1388
422,1095,1517,0.1388
425,1090,1515,0.1388
423,1095,1518,0.1388
417,1099,1516,0.1388
403,1091,1494,0.1388
402,1093,1495,0.1388
408,1100,1508,0.1388
405,1095,1500,0.1388
407,1096,1503,0.1388
404,1106,1510,0.1388
401,1110,1511,0.1388
398,1114,1512,0.1388
401,1117,1518,0.1388
403,1118,1521,0.1388
403,1115,1518,0.1388
406,1116,1522,0.1388
398,1135,1533,0.1388
389,1130,1519,0.1388
388,1128,1516,0.1388
384,1126,1510,0.1388
384,1122,1506,0.1388
387,1116,1503,0.1388
390,1106,1496,0.1388
389,1117,1506,0.1388
390,1119,1509,0.1388
386,1124,1510,0.1388
391,1123,1514,0.1388
390,1129,1519,0.1388
389,1140,1529,0.1388
390,1137,1527,0.1388
391,1135,1526,0.1388
389,1124,1513,0.1388
386,1119,1505,0.1388
393,1111,1504,0.1388
385,1118,1503,0.1388
388,1120,1508,0.1388
389,1117,1506,0.1388
394,1132,1526,0.1388
388,1122,1510,0.1388
385,1130,1515,0.1388
385,1130,1515,0.1388
382,1132,1514,0.1388
378,1130,1508,0.1388
383,1127,1510,0.1388
388,1137,1525,0.1388
391,1127,1518,0.1388
386,1127,1513,0.1388
387,1126,1513,0.1388
383,1132,1515,0.1388
378,1134,1512,0.1388
370,1130,1500,0.1388
367,1134,1501,0.1388
366,1145,1511,0.1388
359,1154,1513,0.1388
362,1147,1509,0.1388
356,1135,1491,0.1388
354,1143,1497,0.1388
352,1153,1505,0.1388
357,1149,1506,0.1388
359,1142,1501,0.1388
360,1147,1507,0.1388
360,1140,1500,0.1388
362,1140,1502,0.1388
364,1142,1506,0.1388
368,1137,1505,0.1388
362,1147,1509,0.1388
368,1154,1522,0.1388
365,1156,1521,0.1388
361,1158,1519,0.1388
355,1151,1506,0.1388
356,1163,1519,0.1388
361,1159,1520,0.1388
362,1156,1518,0.1388
361,1157,1518,0.1388
359,1156,1515,0.1388
364,1148,1512,0.1388
364,1142,1506,0.1388
358,1130,1488,0.1388
355,1137,1492,0.1388
352,1131,1483,0.1388
355,1148,1503,0.1388
357,1161,1518,0.1388
358,1162,1520,0.1388
358,1162,1520,0.1388
361,1167,1528,0.1388
352,1170,1522,0.1388
354,1168,1522,0.1388
356,1162,1518,0.1388
355,1154,1509,0.1388
352,1147,1499,0.1388
360,1152,1512,0.1388
357,1156,1513,0.1388
359,1156,1515,0.1388
357,1148,1505,0.1388
356,1157,1513,0.1388
348,1149,1497,0.1388
347,1158,1505,0.1388
348,1164,1512,0.1388
355,1169,1524,0.1388
355,1170,1525,0.1388
354,1166,1520,0.1388
347,1179,1526,0.1388
351,1163,1514,0.1388
350,1146,1496,0.1388
350,1160,1510,0.1388
354,1166,1520,0.1388
349,1162,1511,0.1388
357,1171,1528,0.1388
359,1168,1527,0.1388
355,1154,1509,0.1388
360,1155,1515,0.1388
351,1167,1518,0.1388
350,1160,1510,0.1388
350,1160,1510,0.1388
355,1151,1506,0.1388
354,1168,1522,0.1388
348,1163,1511,0.1388
348,1172,1520,0.1388
344,1168,1512,0.1388
344,1163,1507,0.1388
337,1170,1507,0.1388
337,1168,1505,0.1388
344,1163,1507,0.1388
347,1161,1508,0.1388
345,1163,1508,0.1388
348,1175,1523,0.1388
346,1176,1522,0.1388
345,1164,1509,0.1388
338,1170,1508,0.1388
341,1177,1518,0.1388
347,1186,1533,0.1388
342,1186,1528,0.1388
338,1188,1526,0.1388
337,1188,1525,0.1388
333,1187,1520,0.1388
331,1185,1516,0.1388
329,1188,1517,0.1388
325,1180,1505,0.1388
327,1178,1505,0.1388
323,1184,1507,0.1388
324,1189,1513,0.1388
330,1185,1515,0.1388
331,1190,1521,0.1388
332,1187,1519,0.1388
332,1185,1517,0.1388
332,1193,1525,0.1388
328,1202,1530,0.1388
329,1194,1523,0.1388
324,1195,1519,0.1388
323,1182,1505,0.1388
328,1203,1531,0.1388
322,1205,1527,0.1388
322,1197,1519,0.1388
320,1198,1518,0.1388
316,1199,1515,0.1388
318,1200,1518,0.1388
312,1194,1506,0.1388
318,1196,1514,0.1388
317,1203,1520,0.1388
312,1210,1522,0.1388
313,1203,1516,0.1388
313,1205,1518,0.1388
314,1206,1520,0.1388
314,1201,1515,0.1388
315,1202,1517,0.1388
315,1213,1528,0.1388
314,1220,1534,0.1388
314,1212,1526,0.1388
314,1209,1523,0.1388
310,1218,1528,0.1388
306,1217,1523,0.1388
307,1212,1519,0.1388
303,1206,1509,0.1388
303,1203,1506,0.1388
301,1207,1508,0.1388
300,1212,1512,0.1388
302,1216,1518,0.1388
299,1207,1506,0.1388
294,1206,1500,0.1388
293,1212,1505,0.1388
302,1214,1516,0.1388
302,1222,1524,0.1388
305,1213,1518,0.1388
304,1211,1515,0.1388
306,1208,1514,0.1388
303,1203,1506,0.1388
302,1204,1506,0.1388
303,1205,1508,0.1388
304,1208,1512,0.1388
301,1209,1510,0.1388
304,1207,1511,0.1388
309,1215,1524,0.1388
311,1214,1525,0.1388
306,1210,1516,0.1388
301,1208,1509,0.1388
300,1193,1493,0.1388
301,1199,1500,0.1388
297,1209,1506,0.1388
294,1198,1492,0.1388
295,1215,1510,0.1388
295,1213,1508,0.1388
292,1201,1493,0.1388
292,1210,1502,0.1388
294,1218,1512,0.1388
292,1225,1517,0.1388
289,1218,1507,0.1388
297,1217,1514,0.1388
295,1230,1525,0.1388
293,1236,1529,0.1388
287,1237,1524,0.1388
286,1237,1523,0.1388
275,1225,1500,0.1388
278,1234,1512,0.1388
279,1227,1506,0.1388
277,1228,1505,0.1388
276,1230,1506,0.1388
278,1238,1516,0.1388
283,1240,1523,0.1388
275,1249,1524,0.1388
274,1236,1510,0.1388
274,1232,1506,0.1388
273,1246,1519,0.1388
270,1242,1512,0.1388
276,1252,1528,0.1388
270,1263,1533,0.1388
272,1247,1519,0.1388
267,1246,1513,0.1388
263,1235,1498,0.1388
264,1245,1509,0.1388
264,1249,1513,0.1388
268,1236,1504,0.1388
265,1242,1507,0.1388
258,1235,1493,0.1388
252,1241,1493,0.1388
253,1245,1498,0.1388
252,1257,1509,0.1388
256,1249,1505,0.1388
260,1235,1495,0.1388
259,1246,1505,0.1388
259,1255,1514,0.1388
263,1262,1525,0.1388
266,1258,1524,0.1388
264,1263,1527,0.1388
262,1256,1518,0.1388
266,1255,1521,0.1388
267,1242,1509,0.1388
262,1240,1502,0.1388
254,1237,1491,0.1388
257,1239,1496,0.1388
258,1254,1512,0.1388
261,1254,1515,0.1388
265,1250,1515,0.1388
259,1249,1508,0.1388
256,1246,1502,0.1388
255,1251,1506,0.1388
256,1254,1510,0.1388
256,1260,1516,0.1388
253,1255,1508,0.1388
253,1256,1509,0.1388
251,1263,1514,0.1388
251,1276,1527,0.1388
249,1265,1514,0.1388
250,1263,1513,0.1388
258,1257,1515,0.1388
253,1265,1518,0.1388
249,1272,1521,0.1388
246,1273,1519,0.1388
244,1270,1514,0.1388
241,1276,1517,0.1388
239,1260,1499,0.1388
237,1265,1502,0.1388
237,1265,1502,0.1388
233,1269,1502,0.1388
239,1271,1510,0.1388
244,1278,1522,0.1388
241,1273,1514,0.1388
246,1259,1505,0.1388
248,1265,1513,0.1388
241,1270,1511,0.1388
243,1270,1513,0.1388
240,1279,1519,0.1388
242,1282,1524,0.1388
243,1280,1523,0.1388
240,1275,1515,0.1388
242,1276,1518,0.1388
242,1272,1514,0.1388
243,1270,1513,0.1388
244,1258,1502,0.1388
239,1273,1512,0.1388
243,1272,1515,0.1388
238,1274,1512,0.1388
234,1283,1517,0.1388
233,1290,1523,0.1388
233,1278,1511,0.1388
234,1280,1514,0.1388
231,1287,1518,0.1388
225,1294,1519,0.1388
227,1296,1523,0.1388
228,1293,1521,0.1388
222,1305,1527,0.1388
222,1307,1529,0.1388
220,1311,1531,0.1388
221,1303,1524,0.1388
225,1308,1533,0.1388
222,1302,1524,0.1388
223,1294,1517,0.1388
224,1299,1523,0.1388
222,1296,1518,0.1388
220,1291,1511,0.1388
215,1306,1521,0.1388
210,1298,1508,0.1388
209,1298,1507,0.1388
212,1296,1508,0.1388
213,1306,1519,0.1388
216,1298,1514,0.1388
211,1293,1504,0.1388
211,1305,1516,0.1388
208,1296,1504,0.1388
209,1297,1506,0.1388
210,1309,1519,0.1388
205,1311,1516,0.1388
204,1318,1522,0.1388
203,1315,1518,0.1388
199,1318,1517,0.1388
195,1320,1515,0.1388
196,1325,1521,0.1388
194,1318,1512,0.1388
193,1313,1506,0.1388
194,1325,1519,0.1388
190,1315,1505,0.1388
191,1309,1500,0.1388
200,1313,1513,0.1388
196,1312,1508,0.1388
194,1302,1496,0.1388
191,1315,1506,0.1388
193,1325,1518,0.1388
192,1316,1508,0.1388
195,1324,1519,0.1388
199,1310,1509,0.1388
201,1301,1502,0.1388
203,1313,1516,0.1388
198,1322,1520,0.1388
195,1341,1536,0.1388
196,1318,1514,0.1388
192,1316,1508,0.1388
195,1316,1511,0.1388
193,1312,1505,0.1388
194,1320,1514,0.1388
198,1325,1523,0.1388
198,1321,1519,0.1388
199,1315,1514,0.1388
198,1329,1527,0.1388
197,1324,1521,0.1388
196,1318,1514,0.1388
193,1322,1515,0.1388
192,1333,1525,0.1388
188,1317,1505,0.1388
189,1305,1494,0.1388
191,1302,1493,0.1388
190,1312,1502,0.1388
188,1323,1511,0.1388
183,1313,1496,0.1388
180,1319,1499,0.1388
177,1330,1507,0.1388
177,1330,1507,0.1388
176,1335,1511,0.1388
174,1341,1515,0.1388
180,1335,1515,0.1388
179,1338,1517,0.1388
181,1332,1513,0.1388
180,1344,1524,0.1388
179,1338,1517,0.1388
175,1347,1522,0.1388
176,1340,1516,0.1388
176,1344,1520,0.1388
174,1353,1527,0.1388
177,1364,1541,0.1388
172,1361,1533,0.1388
167,1348,1515,0.1388
171,1356,1527,0.1388
172,1359,1531,0.1388
172,1346,1518,0.1388
176,1340,1516,0.1388
175,1344,1519,0.1388
179,1342,1521,0.1388
179,1358,1537,0.1388
177,1359,1536,0.1388
179,1336,1515,0.1388
181,1344,1525,0.1388
179,1338,1517,0.1388
178,1334,1512,0.1388
180,1330,1510,0.1388
177,1341,1518,0.1388
176,1343,1519,0.1388
174,1328,1502,0.1388
171,1334,1505,0.1388
175,1333,1508,0.1388
170,1340,1510,0.1388
170,1337,1507,0.1388
167,1346,1513,0.1388
166,1346,1512,0.1388
159,1345,1504,0.1388
160,1353,1513,0.1388
164,1349,1513,0.1388
165,1353,1518,0.1388
160,1348,1508,0.1388
152,1351,1503,0.1388
153,1362,1515,0.1388
154,1368,1522,0.1388
154,1360,1514,0.1388
155,1363,1518,0.1388
155,1363,1518,0.1388
151,1367,1518,0.1388
153,1365,1518,0.1388
151,1365,1516,0.1388
153,1371,1524,0.1388
155,1363,1518,0.1388
152,1368,1520,0.1388
148,1367,1515,0.1388
147,1375,1522,0.1388
145,1372,1517,0.1388
142,1357,1499,0.1388
143,1368,1511,0.1388
144,1359,1503,0.1388
149,1352,1501,0.1388
147,1358,1505,0.1388
137,1362,1499,0.1388
139,1357,1496,0.1388
141,1364,1505,0.1388
141,1373,1514,0.1388
141,1378,1519,0.1388
144,1368,1512,0.1388
144,1376,1520,0.1388
145,1366,1511,0.1388
143,1358,1501,0.1388
146,1365,1511,0.1388
146,1369,1515,0.1388
147,1372,1519,0.1388
143,1366,1509,0.1388
140,1368,1508,0.1388
136,1368,1504,0.1388
134,1370,1504,0.1388
131,1377,1508,0.1388
130,1376,1506,0.1388
129,1377,1506,0.1388
124,1388,1512,0.1388
126,1392,1518,0.1388
123,1402,1525,0.1388
122,1403,1525,0.1388
116,1410,1526,0.1388
116,1420,1536,0.1388
114,1414,1528,0.1388
114,1414,1528,0.1388
119,1413,1532,0.1388
112,1408,1520,0.1388
113,1398,1511,0.1388
115,1401,1516,0.1388
116,1399,1515,0.1388
116,1399,1515,0.1388
116,1404,1520,0.1388
117,1398,1515,0.1388
115,1409,1524,0.1388
113,1403,1516,0.1388
118,1421,1539,0.1388
116,1418,1534,0.1388
114,1402,1516,0.1388
111,1409,1520,0.1388
113,1406,1519,0.1388
114,1398,1512,0.1388
110,1400,1510,0.1388
113,1403,1516,0.1388
110,1407,1517,0.1388
108,1397,1505,0.1388
108,1413,1521,0.1388
107,1401,1508,0.1388
108,1401,1509,0.1388
112,1409,1521,0.1388
109,1403,1512,0.1388
107,1398,1505,0.1388
108,1400,1508,0.1388
107,1406,1513,0.1388
106,1397,1503,0.1388
103,1419,1522,0.1388
102,1417,1519,0.1388
100,1423,1523,0.1388
99,1410,1509,0.1388
101,1406,1507,0.1388
100,1419,1519,0.1388
99,1422,1521,0.1388
98,1420,1518,0.1388
97,1414,1511,0.1388
95,1413,1508,0.1388
99,1418,1517,0.1388
99,1410,1509,0.1388
100,1415,1515,0.1388
98,1416,1514,0.1388
101,1413,1514,0.1388
102,1414,1516,0.1388
105,1416,1521,0.1388
101,1416,1517,0.1388
97,1423,1520,0.1388
96,1431,1527,0.1388
96,1418,1514,0.1388
93,1421,1514,0.1388
95,1424,1519,0.1388
95,1423,1518,0.1388
95,1421,1516,0.1388
100,1421,1521,0.1388
99,1414,1513,0.1388
99,1431,1530,0.1388
101,1421,1522,0.1388
99,1424,1523,0.1388
98,1421,1519,0.1388
100,1419,1519,0.1388
100,1412,1512,0.1388
98,1422,1520,0.1388
96,1412,1508,0.1388
96,1425,1521,0.1388
98,1422,1520,0.1388
95,1420,1515,0.1388
93,1421,1514,0.1388
94,1428,1522,0.1388
86,1430,1516,0.1388
85,1425,1510,0.1388
87,1429,1516,0.1388
89,1431,1520,0.1388
89,1424,1513,0.1388
90,1420,1510,0.1388
90,1421,1511,0.1388
91,1430,1521,0.1388
88,1431,1519,0.1388
86,1424,1510,0.1388
87,1430,1517,0.1388
88,1439,1527,0.1388
88,1433,1521,0.1388
83,1429,1512,0.1388
79,1447,1526,0.1388
83,1448,1531,0.1388
83,1439,1522,0.1388
83,1435,1518,0.1388
86,1433,1519,0.1388
84,1434,1518,0.1388
83,1431,1514,0.1388
84,1442,1526,0.1388
82,1430,1512,0.1388
82,1432,1514,0.1388
82,1438,1520,0.1388
79,1422,1501,0.1388
81,1426,1507,0.1388
81,1422,1503,0.1388
85,1433,1518,0.1388
85,1423,1508,0.1388
85,1435,1520,0.1388
86,1438,1524,0.1388
85,1434,1519,0.1388
83,1432,1515,0.1388
81,1429,1510,0.1388
81,1430,1511,0.1388
80,1438,1518,0.1388
80,1433,1513,0.1388
83,1428,1511,0.1388
83,1422,1505,0.1388
80,1410,1490,0.1388
79,1418,1497,0.1388
78,1417,1495,0.1388
79,1415,1494,0.1388
82,1421,1503,0.1388
84,1416,1500,0.1388
82,1416,1498,0.1388
82,1422,1504,0.1388
84,1423,1507,0.1388
81,1435,1516,0.1388
79,1442,1521,0.1388
79,1433,1512,0.1388
80,1444,1524,0.1388
79,1440,1519,0.1388
78,1431,1509,0.1388
76,1422,1498,0.1388
77,1422,1499,0.1388
74,1432,1506,0.1388
75,1441,1516,0.1388
75,1448,1523,0.1388
76,1436,1512,0.1388
75,1433,1508,0.1388
77,1444,1521,0.1388
75,1435,1510,0.1388
77,1440,1517,0.1388
74,1441,1515,0.1388
73,1439,1512,0.1388
72,1439,1511,0.1388
73,1440,1513,0.1388
72,1437,1509,0.1388
74,1441,1515,0.1388
78,1427,1505,0.1388
78,1429,1507,0.1388
80,1425,1505,0.1388
79,1429,1508,0.1388
81,1433,1514,0.1388
78,1433,1511,0.1388
77,1430,1507,0.1388
75,1441,1516,0.1388
79,1442,1521,0.1388
76,1433,1509,0.1388
81,1445,1526,0.1388
80,1459,1539,0.1388
81,1441,1522,0.1388
78,1438,1516,0.1388
81,1434,1515,0.1388
81,1434,1515,0.1388
81,1441,1522,0.1388
82,1438,1520,0.1388
80,1445,1525,0.1388
84,1446,1530,0.1388
85,1447,1532,0.1388
85,1440,1525,0.1388
83,1434,1517,0.1388
84,1436,1520,0.1388
85,1427,1512,0.1388
86,1427,1513,0.1388
87,1411,1498,0.1388
83,1404,1487,0.1388
84,1423,1507,0.1388
82,1422,1504,0.1388
83,1430,1513,0.1388
84,1429,1513,0.1388
86,1430,1516,0.1388
87,1413,1500,0.1388
85,1419,1504,0.1388
85,1425,1510,0.1388
83,1419,1502,0.1388
84,1425,1509,0.1388
87,1428,1515,0.1388
87,1421,1508,0.1388
84,1411,1495,0.1388
86,1406,1492,0.1388
87,1409,1496,0.1388
85,1411,1496,0.1388
84,1422,1506,0.1388
82,1434,1516,0.1388
83,1451,1534,0.1388
82,1439,1521,0.1388
82,1444,1526,0.1388
79,1440,1519,0.1388
80,1442,1522,0.1388
77,1440,1517,0.1388
78,1452,1530,0.1388
74,1442,1516,0.1388
75,1445,1520,0.1388
74,1445,1519,0.1388
72,1449,1521,0.1388
70,1431,1501,0.1388
69,1439,1508,0.1388
68,1442,1510,0.1388
67,1450,1517,0.1388
67,1445,1512,0.1388
66,1449,1515,0.1388
66,1444,1510,0.1388
70,1439,1509,0.1388
69,1444,1513,0.1388
72,1452,1524,0.1388
71,1446,1517,0.1388
69,1462,1531,0.1388
69,1462,1531,0.1388
69,1446,1515,0.1388
69,1455,1524,0.1388
66,1457,1523,0.1388
65,1458,1523,0.1388
66,1466,1532,0.1388
69,1456,1525,0.1388
69,1457,1526,0.1388
68,1456,1524,0.1388
68,1449,1517,0.1388
69,1468,1537,0.1388
70,1464,1534,0.1388
69,1461,1530,0.1388
71,1457,1528,0.1388
70,1445,1515,0.1388
72,1441,1513,0.1388
70,1436,1506,0.1388
68,1446,1514,0.1388
67,1446,1513,0.1388
67,1446,1513,0.1388
66,1449,1515,0.1388
66,1452,1518,0.1388
65,1459,1524,0.1388
66,1448,1514,0.1388
70,1440,1510,0.1388
68,1450,1518,0.1388
66,1443,1509,0.1388
66,1455,1521,0.1388
66,1470,1536,0.1388
65,1472,1537,0.1388
65,1462,1527,0.1388
65,1450,1515,0.1388
67,1456,1523,0.1388
67,1451,1518,0.1388
68,1443,1511,0.1388
69,1456,1525,0.1388
68,1446,1514,0.1388
71,1443,1514,0.1388
72,1457,1529,0.1388
71,1453,1524,0.1388
71,1448,1519,0.1388
71,1448,1519,0.1388
69,1452,1521,0.1388
70,1446,1516,0.1388
70,1447,1517,0.1388
68,1451,1519,0.1388
64,1450,1514,0.1388
62,1459,1521,0.1388
63,1452,1515,0.1388
59,1453,1512,0.1388
63,1458,1521,0.1388
61,1463,1524,0.1388
60,1458,1518,0.1388
57,1458,1515,0.1388
56,1461,1517,0.1388
57,1466,1523,0.1388
58,1460,1518,0.1388
57,1464,1521,0.1388
57,1462,1519,0.1388
55,1459,1514,0.1388
53,1457,1510,0.1388
51,1468,1519,0.1388
51,1464,1515,0.1388
51,1464,1515,0.1388
53,1462,1515,0.1388
53,1463,1516,0.1388
52,1463,1515,0.1388
51,1467,1518,0.1388
48,1483,1531,0.1388
49,1470,1519,0.1388
49,1468,1517,0.1388
49,1473,1522,0.1388
49,1471,1520,0.1388
49,1479,1528,0.1388
49,1478,1527,0.1388
48,1478,1526,0.1388
49,1482,1531,0.1388
49,1475,1524,0.1388
47,1481,1528,0.1388
47,1479,1526,0.1388
46,1482,1528,0.1388
46,1468,1514,0.1388
46,1481,1527,0.1388
47,1481,1528,0.1388
46,1474,1520,0.1388
46,1487,1533,0.1388
45,1486,1531,0.1388
46,1470,1516,0.1388
41,1487,1528,0.1388
45,1476,1521,0.1388
45,1478,1523,0.1388
43,1464,1507,0.1388
44,1464,1508,0.1388
42,1466,1508,0.1388
42,1476,1518,0.1388
42,1484,1526,0.1388
40,1477,1517,0.1388
39,1460,1499,0.1388
40,1464,1504,0.1388
41,1468,1509,0.1388
41,1482,1523,0.1388
41,1475,1516,0.1388
41,1472,1513,0.1388
40,1475,1515,0.1388
40,1476,1516,0.1388
40,1472,1512,0.1388
41,1475,1516,0.1388
40,1467,1507,0.1388
40,1482,1522,0.1388
40,1476,1516,0.1388
41,1486,1527,0.1388
41,1484,1525,0.1388
40,1489,1529,0.1388
38,1476,1514,0.1388
39,1485,1524,0.1388
37,1489,1526,0.1388
38,1490,1528,0.1388
39,1470,1509,0.1388
41,1468,1509,0.1388
41,1465,1506,0.1388
42,1464,1506,0.1388
38,1464,1502,0.1388
41,1473,1514,0.1388
44,1474,1518,0.1388
43,1468,1511,0.1388
41,1472,1513,0.1388
38,1484,1522,0.1388
38,1478,1516,0.1388
38,1469,1507,0.1388
37,1480,1517,0.1388
38,1476,1514,0.1388
35,1471,1506,0.1388
35,1464,1499,0.1388
38,1462,1500,0.1388
38,1474,1512,0.1388
38,1480,1518,0.1388
36,1485,1521,0.1388
37,1473,1510,0.1388
35,1481,1516,0.1388
34,1479,1513,0.1388
31,1475,1506,0.1388
28,1474,1502,0.1388
29,1482,1511,0.1388
28,1487,1515,0.1388
27,1490,1517,0.1388
27,1480,1507,0.1388
27,1485,1512,0.1388
25,1491,1516,0.1388
24,1488,1512,0.1388
23,1492,1515,0.1388
24,1496,1520,0.1388
26,1499,1525,0.1388
25,1488,1513,0.1388
25,1492,1517,0.1388
25,1485,1510,0.1388
25,1480,1505,0.1388
26,1492,1518,0.1388
26,1501,1527,0.1388
26,1493,1519,0.1388
26,1496,1522,0.1388
25,1504,1529,0.1388
25,1494,1519,0.1388
25,1498,1523,0.1388
24,1495,1519,0.1388
24,1506,1530,0.1388
25,1504,1529,0.1388
25,1494,1519,0.1388
25,1492,1517,0.1388
25,1496,1521,0.1388
24,1498,1522,0.1388
24,1490,1514,0.1388
23,1496,1519,0.1388
22,1503,1525,0.1388
21,1510,1531,0.1388
22,1498,1520,0.1388
25,1490,1515,0.1388
25,1490,1515,0.1388
25,1491,1516,0.1388
24,1483,1507,0.1388
23,1479,1502,0.1388
23,1481,1504,0.1388
21,1498,1519,0.1388
21,1498,1519,0.1388
22,1497,1519,0.1388
22,1491,1513,0.1388
22,1493,1515,0.1388
23,1491,1514,0.1388
23,1504,1527,0.1388
22,1486,1508,0.1388
22,1495,1517,0.1388
18,1499,1517,0.1388
19,1490,1509,0.1388
19,1505,1524,0.1388
20,1508,1528,0.1388
20,1499,1519,0.1388
18,1490,1508,0.1388
17,1480,1497,0.1388
15,1486,1501,0.1388
14,1497,1511,0.1388
15,1484,1499,0.1388
15,1489,1504,0.1388
15,1509,1524,0.1388
15,1512,1527,0.1388
13,1487,1500,0.1388
12,1518,1530,0.1388
12,1508,1520,0.1388
12,1507,1519,0.1388
12,1519,1531,0.1388
11,1523,1534,0.1388
11,1516,1527,0.1388
11,1516,1527,0.1388
11,1504,1515,0.1388
11,1497,1508,0.1388
10,1509,1519,0.1388
10,1502,1512,0.1388
10,1514,1524,0.1388
10,1504,1514,0.1388
9,1508,1517,0.1388
9,1499,1508,0.1388
10,1494,1504,0.1388
10,1496,1506,0.1388
10,1500,1510,0.1388
9,1505,1514,0.1388
9,1504,1513,0.1388
9,1504,1513,0.1388
9,1484,1493,0.1388
8,1508,1516,0.1388
9,1511,1520,0.1388
9,1498,1507,0.1388
8,1506,1514,0.1388
9,1503,1512,0.1388
9,1498,1507,0.1388
8,1503,1511,0.1388
7,1515,1522,0.1388
6,1504,1510,0.1388
6,1501,1507,0.1388
8,1495,1503,0.1388
8,1502,1510,0.1388
8,1506,1514,0.1388
8,1511,1519,0.1388
8,1517,1525,0.1388
8,1511,1519,0.1388
7,1521,1528,0.1388
8,1515,1523,0.1388
8,1508,1516,0.1388
7,1507,1514,0.1388
9,1503,1512,0.1388
8,1500,1508,0.1388
5,1506,1511,0.1388
5,1510,1515,0.1388
5,1512,1517,0.1388
5,1512,1517,0.1388
5,1506,1511,0.1388
6,1498,1504,0.1388
6,1506,1512,0.1388
6,1519,1525,0.1388
6,1527,1533,0.1388
6,1523,1529,0.1388
6,1513,1519,0.1388
6,1513,1519,0.1388
6,1507,1513,0.1388
6,1517,1523,0.1388
6,1518,1524,0.1388
6,1520,1526,0.1388
6,1506,1512,0.1388
6,1510,1516,0.1388
5,1507,1512,0.1388
5,1503,1508,0.1388
5,1500,1505,0.1388
5,1502,1507,0.1388
5,1494,1499,0.1388
4,1495,1499,0.1388
4,1500,1504,0.1388
5,1500,1505,0.1388
5,1502,1507,0.1388
5,1502,1507,0.1388
5,1508,1513,0.1388
5,1504,1509,0.1388
5,1509,1514,0.1388
5,1502,1507,0.1388
5,1514,1519,0.1388
5,1504,1509,0.1388
5,1506,1511,0.1388
5,1501,1506,0.1388
5,1507,1512,0.1388
5,1503,1508,0.1388
4,1501,1505,0.1388
4,1496,1500,0.1388
4,1492,1496,0.1388
4,1499,1503,0.1388
4,1514,1518,0.1388
5,1522,1527,0.1388
5,1513,1518,0.1388
4,1517,1521,0.1388
4,1518,1522,0.1388
4,1522,1526,0.1388
4,1519,1523,0.1388
4,1526,1530,0.1388
4,1514,1518,0.1388
2,1520,1522,0.1388
2,1518,1520,0.1388
2,1505,1507,0.1388
2,1517,1519,0.1388
2,1527,1529,0.1388
2,1513,1515,0.1388
2,1532,1534,0.1388
1,1523,1524,0.1388
1,1509,1510,0.1388
1,1508,1509,0.1388
1,1514,1515,0.1388
1,1518,1519,0.1388
1,1506,1507,0.1388
1,1520,1521,0.1388
1,1514,1515,0.1388
1,1515,1516,0.1388
1,1516,1517,0.1388
0,1521,1521,0.1388
