1377,27,1404,0.1388
1411,31,1442,0.1388
1429,30,1459,0.1388
1432,31,1463,0.1388
1440,31,1471,0.1388
1439,31,1470,0.1388
1449,31,1480,0.1388
1460,30,1490,0.1388
1444,32,1476,0.1388
1460,33,1493,0.1388
1459,31,1490,0.1388
1453,31,1484,0.1388
1455,32,1487,0.1388
1463,31,1494,0.1388
1461,31,1492,0.1388
1438,31,1469,0.1388
1463,31,1494,0.1388
1474,31,1505,0.1388
1468,29,1497,0.1388
1468,28,1496,0.1388
1479,30,1509,0.1388
1478,30,1508,0.1388
1472,34,1506,0.1388
1475,33,1508,0.1388
1470,33,1503,0.1388
1461,36,1497,0.1388
1467,38,1505,0.1388
1475,38,1513,0.1388
1456,39,1495,0.1388
1454,41,1495,0.1388
1455,40,1495,0.1388
1451,41,1492,0.1388
1455,40,1495,0.1388
1454,40,1494,0.1388
1456,42,1498,0.1388
1457,39,1496,0.1388
1451,37,1488,0.1388
1461,36,1497,0.1388
1450,36,1486,0.1388
1447,37,1484,0.1388
1455,37,1492,0.1388
1459,37,1496,0.1388
1459,35,1494,0.1388
1449,39,1488,0.1388
1452,41,1493,0.1388
1459,43,1502,0.1388
1458,44,1502,0.1388
1450,43,1493,0.1388
1466,44,1510,0.1388
1448,45,1493,0.1388
1436,49,1485,0.1388
1449,51,1500,0.1388
1460,53,1513,0.1388
1458,52,1510,0.1388
1444,56,1500,0.1388
1437,55,1492,0.1388
1438,54,1492,0.1388
1440,56,1496,0.1388
1432,57,1489,0.1388
1427,58,1485,0.1388
1436,61,1497,0.1388
1419,66,1485,0.1388
1421,65,1486,0.1388
1432,64,1496,0.1388
1435,66,1501,0.1388
1440,71,1511,0.1388
1437,73,1510,0.1388
1433,72,1505,0.1388
1426,74,1500,0.1388
1426,75,1501,0.1388
1417,73,1490,0.1388
1423,75,1498,0.1388
1405,76,1481,0.1388
1418,77,1495,0.1388
1427,77,1504,0.1388
1437,82,1519,0.1388
1436,82,1518,0.1388
1413,82,1495,0.1388
1408,79,1487,0.1388
1408,78,1486,0.1388
1413,79,1492,0.1388
1407,78,1485,0.1388
1410,80,1490,0.1388
1411,80,1491,0.1388
1410,81,1491,0.1388
1412,82,1494,0.1388
1405,83,1488,0.1388
1401,85,1486,0.1388
1401,83,1484,0.1388
1400,78,1478,0.1388
1408,79,1487,0.1388
1399,80,1479,0.1388
1403,79,1482,0.1388
1407,80,1487,0.1388
1401,87,1488,0.1388
1399,85,1484,0.1388
1391,87,1478,0.1388
1393,88,1481,0.1388
1403,86,1489,0.1388
1407,86,1493,0.1388
1394,87,1481,0.1388
1406,89,1495,0.1388
1403,88,1491,0.1388
1412,89,1501,0.1388
1401,87,1488,0.1388
1399,90,1489,0.1388
1380,93,1473,0.1388
1389,95,1484,0.1388
1387,98,1485,0.1388
1380,100,1480,0.1388
1374,100,1474,0.1388
1368,100,1468,0.1388
1362,99,1461,0.1388
1371,100,1471,0.1388
1380,104,1484,0.1388
1381,105,1486,0.1388
1389,105,1494,0.1388
1384,103,1487,0.1388
1392,106,1498,0.1388
1402,106,1508,0.1388
1392,108,1500,0.1388
1392,112,1504,0.1388
1387,113,1500,0.1388
1387,113,1500,0.1388
1390,115,1505,0.1388
1380,115,1495,0.1388
1375,110,1485,0.1388
1383,108,1491,0.1388
1370,108,1478,0.1388
1386,106,1492,0.1388
1383,108,1491,0.1388
1391,108,1499,0.1388
1391,111,1502,0.1388
1375,112,1487,0.1388
1384,115,1499,0.1388
1380,117,1497,0.1388
1368,117,1485,0.1388
1379,113,1492,0.1388
1380,115,1495,0.1388
1385,117,1502,0.1388
1391,116,1507,0.1388
1388,115,1503,0.1388
1392,117,1509,0.1388
1390,112,1502,0.1388
1388,110,1498,0.1388
1375,107,1482,0.1388
1379,111,1490,0.1388
1379,110,1489,0.1388
1363,109,1472,0.1388
1369,110,1479,0.1388
1366,113,1479,0.1388
1371,112,1483,0.1388
1376,112,1488,0.1388
1380,114,1494,0.1388
1367,111,1478,0.1388
1376,115,1491,0.1388
1379,116,1495,0.1388
1383,118,1501,0.1388
1383,115,1498,0.1388
1385,115,1500,0.1388
1386,118,1504,0.1388
1378,115,1493,0.1388
1383,115,1498,0.1388
1381,114,1495,0.1388
1386,116,1502,0.1388
1376,111,1487,0.1388
1369,110,1479,0.1388
1371,113,1484,0.1388
1374,115,1489,0.1388
1364,120,1484,0.1388
1376,117,1493,0.1388
1368,112,1480,0.1388
1359,113,1472,0.1388
1365,118,1483,0.1388
1355,122,1477,0.1388
1353,123,1476,0.1388
1356,126,1482,0.1388
1356,126,1482,0.1388
1353,126,1479,0.1388
1364,125,1489,0.1388
1355,129,1484,0.1388
1367,131,1498,0.1388
1364,131,1495,0.1388
1355,133,1488,0.1388
1366,132,1498,0.1388
1365,135,1500,0.1388
1368,134,1502,0.1388
1369,139,1508,0.1388
1381,134,1515,0.1388
1375,136,1511,0.1388
1358,138,1496,0.1388
1343,135,1478,0.1388
1339,136,1475,0.1388
1343,137,1480,0.1388
1356,134,1490,0.1388
1355,136,1491,0.1388
1349,139,1488,0.1388
1353,139,1492,0.1388
1360,139,1499,0.1388
1347,139,1486,0.1388
1354,135,1489,0.1388
1350,131,1481,0.1388
1363,132,1495,0.1388
1358,138,1496,0.1388
1364,137,1501,0.1388
1360,139,1499,0.1388
1368,141,1509,0.1388
1367,139,1506,0.1388
1371,137,1508,0.1388
1361,141,1502,0.1388
1369,140,1509,0.1388
1374,141,1515,0.1388
1357,144,1501,0.1388
1348,142,1490,0.1388
1329,144,1473,0.1388
1326,146,1472,0.1388
1333,148,1481,0.1388
1334,147,1481,0.1388
1342,148,1490,0.1388
1347,148,1495,0.1388
1348,149,1497,0.1388
1352,147,1499,0.1388
1343,146,1489,0.1388
1335,149,1484,0.1388
1337,152,1489,0.1388
1327,155,1482,0.1388
1324,159,1483,0.1388
1334,167,1501,0.1388
1330,167,1497,0.1388
1332,167,1499,0.1388
1326,166,1492,0.1388
1325,169,1494,0.1388
1326,177,1503,0.1388
1335,175,1510,0.1388
1334,173,1507,0.1388
1327,176,1503,0.1388
1331,177,1508,0.1388
1320,178,1498,0.1388
1319,178,1497,0.1388
1316,179,1495,0.1388
1326,176,1502,0.1388
1317,178,1495,0.1388
1316,178,1494,0.1388
1312,176,1488,0.1388
1306,174,1480,0.1388
1313,180,1493,0.1388
1327,181,1508,0.1388
1328,187,1515,0.1388
1318,190,1508,0.1388
1300,189,1489,0.1388
1306,192,1498,0.1388
1300,190,1490,0.1388
1303,186,1489,0.1388
1306,187,1493,0.1388
1309,187,1496,0.1388
1306,194,1500,0.1388
1308,193,1501,0.1388
1303,196,1499,0.1388
1311,193,1504,0.1388
1308,191,1499,0.1388
1300,194,1494,0.1388
1293,195,1488,0.1388
1296,193,1489,0.1388
1295,192,1487,0.1388
1304,191,1495,0.1388
1300,199,1499,0.1388
1301,199,1500,0.1388
1301,200,1501,0.1388
1313,202,1515,0.1388
1315,200,1515,0.1388
1305,198,1503,0.1388
1292,198,1490,0.1388
1297,193,1490,0.1388
1297,189,1486,0.1388
1295,187,1482,0.1388
1295,192,1487,0.1388
1301,191,1492,0.1388
1305,187,1492,0.1388
1299,196,1495,0.1388
1310,197,1507,0.1388
1300,196,1496,0.1388
1308,194,1502,0.1388
1305,192,1497,0.1388
1301,193,1494,0.1388
1310,186,1496,0.1388
1295,188,1483,0.1388
1312,189,1501,0.1388
1314,191,1505,0.1388
1309,196,1505,0.1388
1311,197,1508,0.1388
1318,194,1512,0.1388
1302,196,1498,0.1388
1297,199,1496,0.1388
1295,196,1491,0.1388
1293,205,1498,0.1388
1294,201,1495,0.1388
1297,204,1501,0.1388
1284,207,1491,0.1388
1270,208,1478,0.1388
1278,209,1487,0.1388
1279,209,1488,0.1388
1270,217,1487,0.1388
1283,215,1498,0.1388
1288,210,1498,0.1388
1294,215,1509,0.1388
1287,212,1499,0.1388
1285,214,1499,0.1388
1291,214,1505,0.1388
1291,216,1507,0.1388
1287,210,1497,0.1388
1279,216,1495,0.1388
1285,212,1497,0.1388
1279,212,1491,0.1388
1277,211,1488,0.1388
1277,214,1491,0.1388
1277,218,1495,0.1388
1281,216,1497,0.1388
1284,208,1492,0.1388
1285,213,1498,0.1388
1283,212,1495,0.1388
1287,217,1504,0.1388
1295,218,1513,0.1388
1291,214,1505,0.1388
1294,212,1506,0.1388
1275,213,1488,0.1388
1268,208,1476,0.1388
1266,218,1484,0.1388
1265,223,1488,0.1388
1267,224,1491,0.1388
1264,224,1488,0.1388
1273,225,1498,0.1388
1280,227,1507,0.1388
1271,230,1501,0.1388
1262,230,1492,0.1388
1256,230,1486,0.1388
1246,228,1474,0.1388
1247,227,1474,0.1388
1256,226,1482,0.1388
1247,230,1477,0.1388
1253,232,1485,0.1388
1254,236,1490,0.1388
1254,238,1492,0.1388
1253,230,1483,0.1388
1262,236,1498,0.1388
1259,236,1495,0.1388
1253,242,1495,0.1388
1251,242,1493,0.1388
1253,243,1496,0.1388
1253,247,1500,0.1388
1254,248,1502,0.1388
1257,246,1503,0.1388
1251,249,1500,0.1388
1245,253,1498,0.1388
1243,254,1497,0.1388
1247,247,1494,0.1388
1250,251,1501,0.1388
1243,257,1500,0.1388
1240,254,1494,0.1388
1231,256,1487,0.1388
1232,257,1489,0.1388
1239,257,1496,0.1388
1240,255,1495,0.1388
1234,249,1483,0.1388
1245,250,1495,0.1388
1254,257,1511,0.1388
1227,254,1481,0.1388
1240,255,1495,0.1388
1243,253,1496,0.1388
1241,251,1492,0.1388
1237,251,1488,0.1388
1251,253,1504,0.1388
1262,247,1509,0.1388
1242,249,1491,0.1388
1240,253,1493,0.1388
1246,250,1496,0.1388
1242,251,1493,0.1388
1245,247,1492,0.1388
1232,251,1483,0.1388
1237,254,1491,0.1388
1254,254,1508,0.1388
1252,255,1507,0.1388
1245,251,1496,0.1388
1241,254,1495,0.1388
1248,259,1507,0.1388
1238,257,1495,0.1388
1233,262,1495,0.1388
1225,266,1491,0.1388
1231,266,1497,0.1388
1238,264,1502,0.1388
1241,260,1501,0.1388
1224,265,1489,0.1388
1222,272,1494,0.1388
1222,274,1496,0.1388
1228,278,1506,0.1388
1215,283,1498,0.1388
1223,286,1509,0.1388
1225,286,1511,0.1388
1217,291,1508,0.1388
1212,289,1501,0.1388
1208,289,1497,0.1388
1216,286,1502,0.1388
1201,286,1487,0.1388
1202,285,1487,0.1388
1206,286,1492,0.1388
1197,290,1487,0.1388
1200,288,1488,0.1388
1214,291,1505,0.1388
1211,290,1501,0.1388
1201,290,1491,0.1388
1210,289,1499,0.1388
1205,294,1499,0.1388
1208,293,1501,0.1388
1200,294,1494,0.1388
1192,294,1486,0.1388
1194,295,1489,0.1388
1179,296,1475,0.1388
1176,294,1470,0.1388
1183,302,1485,0.1388
1176,305,1481,0.1388
1183,303,1486,0.1388
1179,303,1482,0.1388
1182,302,1484,0.1388
1181,309,1490,0.1388
1198,306,1504,0.1388
1194,301,1495,0.1388
1187,306,1493,0.1388
1184,306,1490,0.1388
1185,311,1496,0.1388
1181,309,1490,0.1388
1188,314,1502,0.1388
1191,318,1509,0.1388
1197,323,1520,0.1388
1185,323,1508,0.1388
1196,325,1521,0.1388
1199,325,1524,0.1388
1192,330,1522,0.1388
1191,327,1518,0.1388
1184,332,1516,0.1388
1184,333,1517,0.1388
1187,332,1519,0.1388
1183,321,1504,0.1388
1175,328,1503,0.1388
1169,330,1499,0.1388
1156,330,1486,0.1388
1154,336,1490,0.1388
1144,333,1477,0.1388
1146,344,1490,0.1388
1152,344,1496,0.1388
1147,344,1491,0.1388
1147,343,1490,0.1388
1136,344,1480,0.1388
1127,354,1481,0.1388
1132,355,1487,0.1388
1129,349,1478,0.1388
1127,357,1484,0.1388
1123,359,1482,0.1388
1130,366,1496,0.1388
1134,363,1497,0.1388
1128,369,1497,0.1388
1136,370,1506,0.1388
1130,368,1498,0.1388
1136,370,1506,0.1388
1139,370,1509,0.1388
1131,368,1499,0.1388
1130,365,1495,0.1388
1130,370,1500,0.1388
1134,375,1509,0.1388
1124,369,1493,0.1388
1136,367,1503,0.1388
1134,373,1507,0.1388
1132,372,1504,0.1388
1131,373,1504,0.1388
1133,369,1502,0.1388
1132,371,1503,0.1388
1130,376,1506,0.1388
1132,374,1506,0.1388
1127,379,1506,0.1388
1121,381,1502,0.1388
1112,378,1490,0.1388
1119,377,1496,0.1388
1122,382,1504,0.1388
1126,382,1508,0.1388
1127,379,1506,0.1388
1127,384,1511,0.1388
1122,388,1510,0.1388
1122,385,1507,0.1388
1120,387,1507,0.1388
1121,396,1517,0.1388
1115,397,1512,0.1388
1098,402,1500,0.1388
1106,406,1512,0.1388
1098,409,1507,0.1388
1101,409,1510,0.1388
1090,408,1498,0.1388
1096,414,1510,0.1388
1101,409,1510,0.1388
1095,407,1502,0.1388
1090,401,1491,0.1388
1088,400,1488,0.1388
1082,406,1488,0.1388
1093,408,1501,0.1388
1088,412,1500,0.1388
1082,407,1489,0.1388
1089,407,1496,0.1388
1084,406,1490,0.1388
1089,413,1502,0.1388
1089,407,1496,0.1388
1095,404,1499,0.1388
1097,406,1503,0.1388
1100,407,1507,0.1388
1107,415,1522,0.1388
1100,420,1520,0.1388
1093,416,1509,0.1388
1095,420,1515,0.1388
1080,422,1502,0.1388
1075,423,1498,0.1388
1079,417,1496,0.1388
1083,414,1497,0.1388
1076,422,1498,0.1388
1068,423,1491,0.1388
1080,423,1503,0.1388
1069,423,1492,0.1388
1071,427,1498,0.1388
1073,427,1500,0.1388
1071,431,1502,0.1388
1065,433,1498,0.1388
1054,431,1485,0.1388
1051,441,1492,0.1388
1064,448,1512,0.1388
1051,449,1500,0.1388
1068,442,1510,0.1388
1071,439,1510,0.1388
1070,439,1509,0.1388
1064,436,1500,0.1388
1066,440,1506,0.1388
1069,444,1513,0.1388
1066,442,1508,0.1388
1066,449,1515,0.1388
1068,451,1519,0.1388
1067,454,1521,0.1388
1049,449,1498,0.1388
1041,448,1489,0.1388
1054,447,1501,0.1388
1052,449,1501,0.1388
1056,441,1497,0.1388
1059,445,1504,0.1388
1061,451,1512,0.1388
1059,441,1500,0.1388
1056,440,1496,0.1388
1058,441,1499,0.1388
1066,445,1511,0.1388
1063,449,1512,0.1388
1061,452,1513,0.1388
1055,455,1510,0.1388
1060,456,1516,0.1388
1044,458,1502,0.1388
1037,457,1494,0.1388
1028,459,1487,0.1388
1036,461,1497,0.1388
1024,470,1494,0.1388
1020,471,1491,0.1388
1020,476,1496,0.1388
1026,476,1502,0.1388
1024,480,1504,0.1388
1024,487,1511,0.1388
1022,495,1517,0.1388
1015,494,1509,0.1388
1021,502,1523,0.1388
1008,499,1507,0.1388
1009,505,1514,0.1388
1010,506,1516,0.1388
1013,499,1512,0.1388
1008,501,1509,0.1388
1006,495,1501,0.1388
1000,502,1502,0.1388
998,503,1501,0.1388
1014,504,1518,0.1388
1010,510,1520,0.1388
1003,508,1511,0.1388
1005,502,1507,0.1388
1006,499,1505,0.1388
1001,501,1502,0.1388
1004,503,1507,0.1388
994,507,1501,0.1388
1000,501,1501,0.1388
1003,503,1506,0.1388
996,502,1498,0.1388
998,511,1509,0.1388
989,514,1503,0.1388
987,516,1503,0.1388
987,517,1504,0.1388
978,525,1503,0.1388
981,524,1505,0.1388
971,531,1502,0.1388
956,532,1488,0.1388
966,534,1500,0.1388
961,530,1491,0.1388
959,532,1491,0.1388
968,538,1506,0.1388
968,532,1500,0.1388
969,532,1501,0.1388
971,534,1505,0.1388
983,529,1512,0.1388
982,529,1511,0.1388
984,535,1519,0.1388
963,531,1494,0.1388
954,533,1487,0.1388
956,534,1490,0.1388
952,532,1484,0.1388
956,531,1487,0.1388
951,539,1490,0.1388
959,543,1502,0.1388
958,541,1499,0.1388
972,540,1512,0.1388
970,546,1516,0.1388
963,546,1509,0.1388
964,540,1504,0.1388
957,543,1500,0.1388
960,554,1514,0.1388
948,559,1507,0.1388
935,564,1499,0.1388
942,560,1502,0.1388
944,563,1507,0.1388
935,569,1504,0.1388
949,563,1512,0.1388
951,565,1516,0.1388
952,562,1514,0.1388
948,568,1516,0.1388
954,563,1517,0.1388
950,565,1515,0.1388
945,564,1509,0.1388
940,571,1511,0.1388
936,578,1514,0.1388
939,572,1511,0.1388
940,569,1509,0.1388
939,565,1504,0.1388
931,571,1502,0.1388
936,571,1507,0.1388
935,577,1512,0.1388
922,572,1494,0.1388
916,586,1502,0.1388
921,593,1514,0.1388
928,595,1523,0.1388
924,595,1519,0.1388
921,585,1506,0.1388
919,586,1505,0.1388
922,592,1514,0.1388
916,592,1508,0.1388
912,589,1501,0.1388
921,594,1515,0.1388
922,597,1519,0.1388
918,586,1504,0.1388
911,593,1504,0.1388
902,579,1481,0.1388
903,590,1493,0.1388
893,594,1487,0.1388
895,606,1501,0.1388
904,616,1520,0.1388
913,609,1522,0.1388
905,611,1516,0.1388
896,602,1498,0.1388
900,607,1507,0.1388
906,588,1494,0.1388
911,584,1495,0.1388
910,599,1509,0.1388
902,601,1503,0.1388
895,602,1497,0.1388
893,608,1501,0.1388
889,604,1493,0.1388
883,608,1491,0.1388
888,612,1500,0.1388
885,614,1499,0.1388
869,622,1491,0.1388
869,624,1493,0.1388
871,623,1494,0.1388
869,635,1504,0.1388
878,634,1512,0.1388
871,637,1508,0.1388
873,634,1507,0.1388
867,631,1498,0.1388
864,634,1498,0.1388
860,647,1507,0.1388
861,655,1516,0.1388
850,651,1501,0.1388
860,649,1509,0.1388
852,656,1508,0.1388
867,662,1529,0.1388
847,648,1495,0.1388
855,648,1503,0.1388
847,638,1485,0.1388
841,646,1487,0.1388
848,651,1499,0.1388
848,654,1502,0.1388
836,653,1489,0.1388
835,660,1495,0.1388
833,670,1503,0.1388
842,676,1518,0.1388
838,673,1511,0.1388
836,672,1508,0.1388
834,668,1502,0.1388
834,667,1501,0.1388
825,665,1490,0.1388
831,668,1499,0.1388
830,677,1507,0.1388
834,677,1511,0.1388
838,680,1518,0.1388
823,679,1502,0.1388
819,668,1487,0.1388
821,682,1503,0.1388
816,684,1500,0.1388
817,689,1506,0.1388
811,695,1506,0.1388
804,690,1494,0.1388
805,683,1488,0.1388
812,688,1500,0.1388
806,687,1493,0.1388
803,692,1495,0.1388
794,699,1493,0.1388
793,700,1493,0.1388
801,704,1505,0.1388
798,713,1511,0.1388
790,718,1508,0.1388
779,720,1499,0.1388
779,724,1503,0.1388
777,723,1500,0.1388
779,722,1501,0.1388
784,723,1507,0.1388
782,718,1500,0.1388
775,717,1492,0.1388
771,720,1491,0.1388
770,714,1484,0.1388
762,734,1496,0.1388
768,739,1507,0.1388
758,744,1502,0.1388
760,741,1501,0.1388
760,737,1497,0.1388
753,734,1487,0.1388
753,731,1484,0.1388
753,735,1488,0.1388
753,748,1501,0.1388
747,757,1504,0.1388
762,752,1514,0.1388
754,748,1502,0.1388
748,750,1498,0.1388
741,745,1486,0.1388
751,757,1508,0.1388
743,756,1499,0.1388
750,755,1505,0.1388
743,756,1499,0.1388
746,758,1504,0.1388
745,760,1505,0.1388
743,759,1502,0.1388
733,758,1491,0.1388
736,766,1502,0.1388
736,766,1502,0.1388
725,766,1491,0.1388
728,771,1499,0.1388
728,773,1501,0.1388
728,769,1497,0.1388
726,778,1504,0.1388
728,782,1510,0.1388
730,790,1520,0.1388
717,789,1506,0.1388
725,787,1512,0.1388
721,775,1496,0.1388
727,780,1507,0.1388
730,782,1512,0.1388
736,782,1518,0.1388
743,769,1512,0.1388
739,769,1508,0.1388
743,768,1511,0.1388
747,763,1510,0.1388
741,770,1511,0.1388
743,771,1514,0.1388
740,768,1508,0.1388
732,777,1509,0.1388
732,777,1509,0.1388
723,776,1499,0.1388
728,776,1504,0.1388
730,773,1503,0.1388
732,770,1502,0.1388
732,771,1503,0.1388
734,763,1497,0.1388
726,771,1497,0.1388
721,775,1496,0.1388
721,779,1500,0.1388
722,781,1503,0.1388
723,790,1513,0.1388
738,786,1524,0.1388
727,787,1514,0.1388
723,780,1503,0.1388
725,792,1517,0.1388
725,785,1510,0.1388
732,779,1511,0.1388
721,784,1505,0.1388
713,792,1505,0.1388
711,789,1500,0.1388
707,784,1491,0.1388
704,798,1502,0.1388
708,800,1508,0.1388
702,793,1495,0.1388
692,802,1494,0.1388
688,813,1501,0.1388
693,819,1512,0.1388
689,813,1502,0.1388
691,819,1510,0.1388
694,823,1517,0.1388
696,823,1519,0.1388
689,813,1502,0.1388
687,814,1501,0.1388
693,815,1508,0.1388
702,811,1513,0.1388
704,830,1534,0.1388
691,830,1521,0.1388
687,819,1506,0.1388
697,822,1519,0.1388
691,825,1516,0.1388
685,827,1512,0.1388
680,831,1511,0.1388
676,828,1504,0.1388
673,824,1497,0.1388
674,832,1506,0.1388
664,844,1508,0.1388
662,841,1503,0.1388
667,846,1513,0.1388
661,846,1507,0.1388
663,838,1501,0.1388
654,847,1501,0.1388
655,844,1499,0.1388
666,842,1508,0.1388
666,839,1505,0.1388
669,843,1512,0.1388
671,844,1515,0.1388
666,841,1507,0.1388
662,860,1522,0.1388
660,855,1515,0.1388
658,852,1510,0.1388
657,848,1505,0.1388
655,855,1510,0.1388
656,857,1513,0.1388
654,859,1513,0.1388
651,868,1519,0.1388
643,856,1499,0.1388
653,859,1512,0.1388
644,863,1507,0.1388
635,866,1501,0.1388
637,867,1504,0.1388
641,874,1515,0.1388
641,867,1508,0.1388
639,857,1496,0.1388
639,857,1496,0.1388
636,846,1482,0.1388
629,863,1492,0.1388
627,868,1495,0.1388
635,877,1512,0.1388
632,882,1514,0.1388
626,892,1518,0.1388
621,891,1512,0.1388
622,885,1507,0.1388
618,887,1505,0.1388
616,896,1512,0.1388
616,888,1504,0.1388
611,881,1492,0.1388
617,876,1493,0.1388
615,889,1504,0.1388
615,888,1503,0.1388
617,892,1509,0.1388
618,893,1511,0.1388
624,895,1519,0.1388
617,903,1520,0.1388
616,885,1501,0.1388
606,887,1493,0.1388
611,888,1499,0.1388
615,899,1514,0.1388
611,892,1503,0.1388
613,889,1502,0.1388
616,887,1503,0.1388
618,890,1508,0.1388
620,890,1510,0.1388
618,898,1516,0.1388
615,895,1510,0.1388
613,885,1498,0.1388
614,892,1506,0.1388
623,886,1509,0.1388
621,890,1511,0.1388
616,890,1506,0.1388
614,884,1498,0.1388
622,875,1497,0.1388
618,873,1491,0.1388
634,863,1497,0.1388
633,864,1497,0.1388
632,858,1490,0.1388
633,874,1507,0.1388
633,874,1507,0.1388
634,869,1503,0.1388
631,872,1503,0.1388
632,877,1509,0.1388
625,880,1505,0.1388
626,883,1509,0.1388
621,874,1495,0.1388
614,893,1507,0.1388
616,895,1511,0.1388
617,892,1509,0.1388
622,892,1514,0.1388
617,885,1502,0.1388
607,891,1498,0.1388
604,903,1507,0.1388
594,901,1495,0.1388
591,914,1505,0.1388
588,913,1501,0.1388
582,909,1491,0.1388
583,903,1486,0.1388
587,900,1487,0.1388
586,912,1498,0.1388
594,910,1504,0.1388
581,916,1497,0.1388
580,915,1495,0.1388
594,909,1503,0.1388
586,917,1503,0.1388
586,912,1498,0.1388
587,908,1495,0.1388
581,914,1495,0.1388
585,909,1494,0.1388
577,913,1490,0.1388
581,926,1507,0.1388
579,927,1506,0.1388
582,925,1507,0.1388
578,939,1517,0.1388
580,929,1509,0.1388
579,919,1498,0.1388
576,923,1499,0.1388
578,918,1496,0.1388
587,928,1515,0.1388
588,932,1520,0.1388
576,937,1513,0.1388
576,942,1518,0.1388
570,929,1499,0.1388
579,930,1509,0.1388
579,921,1500,0.1388
579,922,1501,0.1388
564,925,1489,0.1388
564,923,1487,0.1388
565,932,1497,0.1388
570,932,1502,0.1388
569,929,1498,0.1388
575,933,1508,0.1388
580,910,1490,0.1388
583,916,1499,0.1388
585,920,1505,0.1388
583,924,1507,0.1388
571,931,1502,0.1388
572,930,1502,0.1388
573,936,1509,0.1388
567,935,1502,0.1388
576,940,1516,0.1388
581,930,1511,0.1388
580,937,1517,0.1388
576,932,1508,0.1388
573,919,1492,0.1388
576,925,1501,0.1388
575,923,1498,0.1388
573,940,1513,0.1388
568,942,1510,0.1388
571,945,1516,0.1388
565,941,1506,0.1388
567,943,1510,0.1388
571,938,1509,0.1388
569,946,1515,0.1388
559,945,1504,0.1388
556,944,1500,0.1388
559,942,1501,0.1388
563,939,1502,0.1388
554,947,1501,0.1388
558,941,1499,0.1388
559,946,1505,0.1388
549,969,1518,0.1388
551,974,1525,0.1388
548,965,1513,0.1388
550,972,1522,0.1388
549,979,1528,0.1388
548,971,1519,0.1388
538,969,1507,0.1388
530,981,1511,0.1388
535,973,1508,0.1388
529,981,1510,0.1388
534,979,1513,0.1388
521,990,1511,0.1388
526,998,1524,0.1388
529,997,1526,0.1388
532,989,1521,0.1388
521,995,1516,0.1388
516,994,1510,0.1388
521,983,1504,0.1388
527,990,1517,0.1388
524,990,1514,0.1388
529,991,1520,0.1388
524,990,1514,0.1388
522,997,1519,0.1388
520,989,1509,0.1388
527,994,1521,0.1388
525,997,1522,0.1388
516,999,1515,0.1388
513,1008,1521,0.1388
513,1006,1519,0.1388
506,1009,1515,0.1388
508,997,1505,0.1388
506,999,1505,0.1388
517,1000,1517,0.1388
518,1003,1521,0.1388
523,992,1515,0.1388
523,990,1513,0.1388
514,997,1511,0.1388
514,990,1504,0.1388
515,1001,1516,0.1388
510,995,1505,0.1388
507,1001,1508,0.1388
502,1000,1502,0.1388
503,1007,1510,0.1388
500,1002,1502,0.1388
495,1003,1498,0.1388
502,1012,1514,0.1388
500,1017,1517,0.1388
495,1012,1507,0.1388
489,1018,1507,0.1388
498,1027,1525,0.1388
488,1018,1506,0.1388
486,1022,1508,0.1388
485,1020,1505,0.1388
486,1020,1506,0.1388
486,1016,1502,0.1388
499,1017,1516,0.1388
503,1015,1518,0.1388
498,1015,1513,0.1388
499,1021,1520,0.1388
494,1019,1513,0.1388
502,1019,1521,0.1388
497,1017,1514,0.1388
489,1016,1505,0.1388
487,1016,1503,0.1388
485,1015,1500,0.1388
482,1009,1491,0.1388
480,1016,1496,0.1388
477,1027,1504,0.1388
483,1020,1503,0.1388
485,1022,1507,0.1388
486,1033,1519,0.1388
481,1040,1521,0.1388
485,1033,1518,0.1388
482,1030,1512,0.1388
473,1026,1499,0.1388
469,1035,1504,0.1388
468,1045,1513,0.1388
469,1050,1519,0.1388
467,1048,1515,0.1388
468,1057,1525,0.1388
464,1057,1521,0.1388
460,1063,1523,0.1388
461,1054,1515,0.1388
453,1059,1512,0.1388
449,1054,1503,0.1388
449,1062,1511,0.1388
445,1072,1517,0.1388
443,1075,1518,0.1388
455,1061,1516,0.1388
454,1069,1523,0.1388
452,1070,1522,0.1388
449,1072,1521,0.1388
448,1070,1518,0.1388
443,1066,1509,0.1388
442,1075,1517,0.1388
442,1075,1517,0.1388
442,1064,1506,0.1388
446,1073,1519,0.1388
434,1068,1502,0.1388
437,1077,1514,0.1388
434,1086,1520,0.1388
431,1083,1514,0.1388
429,1082,1511,0.1388
431,1087,1518,0.1388
434,1082,1516,0.1388
426,1087,1513,0.1388
431,1096,1527,0.1388
431,1088,1519,0.1388
426,1094,1520,0.1388
425,1087,1512,0.1388
425,1088,1513,0.1388
423,1087,1510,0.1388
419,1078,1497,0.1388
416,1081,1497,0.1388
420,1091,1511,0.1388
417,1085,1502,0.1388
428,1088,1516,0.1388
426,1094,1520,0.1388
429,1090,1519,0.1388
426,1086,1512,0.1388
415,1091,1506,0.1388
414,1100,1514,0.1388
412,1104,1516,0.1388
408,1101,1509,0.1388
412,1098,1510,0.1388
416,1105,1521,0.1388
414,1103,1517,0.1388
415,1100,1515,0.1388
418,1105,1523,0.1388
409,1104,1513,0.1388
409,1099,1508,0.1388
410,1099,1509,0.1388
402,1104,1506,0.1388
407,1106,1513,0.1388
404,1108,1512,0.1388
402,1101,1503,0.1388
404,1100,1504,0.1388
398,1092,1490,0.1388
400,1087,1487,0.1388
406,1085,1491,0.1388
405,1095,1500,0.1388
403,1109,1512,0.1388
412,1095,1507,0.1388
404,1090,1494,0.1388
405,1105,1510,0.1388
406,1111,1517,0.1388
407,1104,1511,0.1388
403,1095,1498,0.1388
401,1106,1507,0.1388
392,1116,1508,0.1388
390,1114,1504,0.1388
388,1110,1498,0.1388
389,1114,1503,0.1388
386,1122,1508,0.1388
392,1120,1512,0.1388
387,1119,1506,0.1388
390,1124,1514,0.1388
390,1116,1506,0.1388
388,1128,1516,0.1388
386,1122,1508,0.1388
380,1132,1512,0.1388
377,1126,1503,0.1388
382,1137,1519,0.1388
378,1140,1518,0.1388
376,1138,1514,0.1388
374,1129,1503,0.1388
374,1133,1507,0.1388
380,1139,1519,0.1388
385,1154,1539,0.1388
381,1156,1537,0.1388
380,1153,1533,0.1388
376,1141,1517,0.1388
369,1151,1520,0.1388
369,1152,1521,0.1388
367,1152,1519,0.1388
369,1147,1516,0.1388
372,1151,1523,0.1388
365,1152,1517,0.1388
366,1155,1521,0.1388
356,1165,1521,0.1388
360,1168,1528,0.1388
359,1166,1525,0.1388
362,1159,1521,0.1388
354,1155,1509,0.1388
351,1164,1515,0.1388
351,1164,1515,0.1388
348,1163,1511,0.1388
347,1160,1507,0.1388
351,1168,1519,0.1388
354,1185,1539,0.1388
347,1174,1521,0.1388
342,1186,1528,0.1388
338,1181,1519,0.1388
335,1178,1513,0.1388
330,1190,1520,0.1388
335,1177,1512,0.1388
338,1170,1508,0.1388
334,1166,1500,0.1388
332,1172,1504,0.1388
333,1181,1514,0.1388
337,1185,1522,0.1388
335,1192,1527,0.1388
330,1180,1510,0.1388
330,1185,1515,0.1388
337,1177,1514,0.1388
337,1184,1521,0.1388
332,1185,1517,0.1388
331,1163,1494,0.1388
336,1162,1498,0.1388
328,1166,1494,0.1388
325,1176,1501,0.1388
329,1186,1515,0.1388
331,1192,1523,0.1388
328,1193,1521,0.1388
326,1200,1526,0.1388
328,1195,1523,0.1388
330,1192,1522,0.1388
331,1193,1524,0.1388
327,1187,1514,0.1388
323,1180,1503,0.1388
323,1190,1513,0.1388
323,1204,1527,0.1388
319,1206,1525,0.1388
322,1210,1532,0.1388
315,1210,1525,0.1388
315,1199,1514,0.1388
313,1208,1521,0.1388
312,1207,1519,0.1388
311,1204,1515,0.1388
313,1202,1515,0.1388
312,1214,1526,0.1388
312,1212,1524,0.1388
316,1213,1529,0.1388
318,1195,1513,0.1388
315,1192,1507,0.1388
313,1189,1502,0.1388
310,1200,1510,0.1388
308,1204,1512,0.1388
305,1212,1517,0.1388
307,1210,1517,0.1388
309,1220,1529,0.1388
307,1213,1520,0.1388
295,1232,1527,0.1388
292,1223,1515,0.1388
296,1226,1522,0.1388
292,1227,1519,0.1388
290,1225,1515,0.1388
287,1222,1509,0.1388
287,1221,1508,0.1388
289,1217,1506,0.1388
294,1223,1517,0.1388
299,1215,1514,0.1388
301,1214,1515,0.1388
301,1224,1525,0.1388
299,1223,1522,0.1388
295,1213,1508,0.1388
295,1207,1502,0.1388
297,1220,1517,0.1388
295,1225,1520,0.1388
299,1221,1520,0.1388
296,1226,1522,0.1388
293,1229,1522,0.1388
293,1222,1515,0.1388
298,1211,1509,0.1388
291,1219,1510,0.1388
283,1221,1504,0.1388
284,1222,1506,0.1388
282,1225,1507,0.1388
283,1223,1506,0.1388
281,1224,1505,0.1388
277,1226,1503,0.1388
281,1227,1508,0.1388
280,1223,1503,0.1388
286,1221,1507,0.1388
283,1217,1500,0.1388
279,1220,1499,0.1388
278,1217,1495,0.1388
274,1223,1497,0.1388
271,1230,1501,0.1388
279,1239,1518,0.1388
284,1237,1521,0.1388
286,1234,1520,0.1388
284,1235,1519,0.1388
289,1243,1532,0.1388
282,1238,1520,0.1388
281,1232,1513,0.1388
285,1245,1530,0.1388
286,1237,1523,0.1388
286,1229,1515,0.1388
284,1231,1515,0.1388
275,1224,1499,0.1388
266,1233,1499,0.1388
271,1238,1509,0.1388
268,1247,1515,0.1388
263,1241,1504,0.1388
268,1240,1508,0.1388
268,1244,1512,0.1388
272,1243,1515,0.1388
271,1246,1517,0.1388
273,1240,1513,0.1388
271,1244,1515,0.1388
273,1250,1523,0.1388
279,1259,1538,0.1388
277,1246,1523,0.1388
273,1231,1504,0.1388
274,1241,1515,0.1388
275,1231,1506,0.1388
273,1235,1508,0.1388
274,1235,1509,0.1388
279,1232,1511,0.1388
279,1237,1516,0.1388
276,1243,1519,0.1388
279,1249,1528,0.1388
274,1252,1526,0.1388
268,1248,1516,0.1388
268,1240,1508,0.1388
264,1247,1511,0.1388
261,1242,1503,0.1388
264,1245,1509,0.1388
264,1242,1506,0.1388
260,1251,1511,0.1388
265,1256,1521,0.1388
263,1252,1515,0.1388
263,1245,1508,0.1388
261,1254,1515,0.1388
262,1259,1521,0.1388
256,1258,1514,0.1388
258,1263,1521,0.1388
252,1260,1512,0.1388
253,1254,1507,0.1388
254,1260,1514,0.1388
254,1258,1512,0.1388
251,1263,1514,0.1388
252,1252,1504,0.1388
255,1250,1505,0.1388
257,1267,1524,0.1388
256,1267,1523,0.1388
254,1270,1524,0.1388
249,1273,1522,0.1388
254,1269,1523,0.1388
260,1256,1516,0.1388
260,1251,1511,0.1388
259,1253,1512,0.1388
259,1254,1513,0.1388
253,1263,1516,0.1388
244,1273,1517,0.1388
234,1274,1508,0.1388
234,1271,1505,0.1388
235,1272,1507,0.1388
236,1276,1512,0.1388
237,1283,1520,0.1388
239,1280,1519,0.1388
239,1261,1500,0.1388
237,1275,1512,0.1388
233,1263,1496,0.1388
233,1268,1501,0.1388
236,1270,1506,0.1388
238,1283,1521,0.1388
245,1274,1519,0.1388
237,1277,1514,0.1388
236,1280,1516,0.1388
229,1277,1506,0.1388
232,1277,1509,0.1388
229,1289,1518,0.1388
227,1280,1507,0.1388
227,1270,1497,0.1388
225,1276,1501,0.1388
228,1279,1507,0.1388
225,1279,1504,0.1388
225,1288,1513,0.1388
224,1288,1512,0.1388
224,1280,1504,0.1388
222,1299,1521,0.1388
220,1299,1519,0.1388
221,1286,1507,0.1388
218,1285,1503,0.1388
213,1296,1509,0.1388
210,1296,1506,0.1388
209,1294,1503,0.1388
205,1298,1503,0.1388
202,1296,1498,0.1388
203,1299,1502,0.1388
203,1302,1505,0.1388
200,1314,1514,0.1388
202,1306,1508,0.1388
195,1315,1510,0.1388
197,1312,1509,0.1388
199,1315,1514,0.1388
201,1326,1527,0.1388
202,1327,1529,0.1388
195,1321,1516,0.1388
194,1323,1517,0.1388
198,1340,1538,0.1388
196,1321,1517,0.1388
194,1315,1509,0.1388
195,1317,1512,0.1388
187,1329,1516,0.1388
190,1325,1515,0.1388
192,1328,1520,0.1388
191,1313,1504,0.1388
186,1314,1500,0.1388
186,1331,1517,0.1388
179,1327,1506,0.1388
183,1326,1509,0.1388
180,1325,1505,0.1388
180,1333,1513,0.1388
183,1342,1525,0.1388
176,1338,1514,0.1388
174,1331,1505,0.1388
171,1338,1509,0.1388
176,1329,1505,0.1388
175,1328,1503,0.1388
173,1342,1515,0.1388
177,1341,1518,0.1388
180,1342,1522,0.1388
180,1344,1524,0.1388
177,1348,1525,0.1388
177,1342,1519,0.1388
175,1342,1517,0.1388
177,1335,1512,0.1388
175,1329,1504,0.1388
177,1334,1511,0.1388
174,1336,1510,0.1388
172,1338,1510,0.1388
169,1346,1515,0.1388
164,1333,1497,0.1388
160,1339,1499,0.1388
161,1339,1500,0.1388
165,1342,1507,0.1388
165,1353,1518,0.1388
169,1350,1519,0.1388
166,1353,1519,0.1388
166,1350,1516,0.1388
168,1348,1516,0.1388
166,1355,1521,0.1388
166,1356,1522,0.1388
165,1356,1521,0.1388
158,1346,1504,0.1388
161,1345,1506,0.1388
159,1357,1516,0.1388
162,1362,1524,0.1388
159,1352,1511,0.1388
161,1341,1502,0.1388
159,1345,1504,0.1388
161,1348,1509,0.1388
161,1344,1505,0.1388
162,1340,1502,0.1388
165,1345,1510,0.1388
166,1349,1515,0.1388
163,1342,1505,0.1388
161,1343,1504,0.1388
157,1350,1507,0.1388
162,1355,1517,0.1388
162,1362,1524,0.1388
154,1363,1517,0.1388
151,1358,1509,0.1388
153,1366,1519,0.1388
150,1361,1511,0.1388
153,1376,1529,0.1388
149,1363,1512,0.1388
153,1351,1504,0.1388
154,1368,1522,0.1388
152,1359,1511,0.1388
155,1367,1522,0.1388
155,1368,1523,0.1388
156,1378,1534,0.1388
155,1361,1516,0.1388
150,1364,1514,0.1388
150,1355,1505,0.1388
146,1354,1500,0.1388
146,1359,1505,0.1388
145,1365,1510,0.1388
142,1364,1506,0.1388
144,1376,1520,0.1388
146,1372,1518,0.1388
149,1380,1529,0.1388
151,1373,1524,0.1388
146,1382,1528,0.1388
145,1381,1526,0.1388
139,1380,1519,0.1388
146,1375,1521,0.1388
146,1377,1523,0.1388
148,1367,1515,0.1388
147,1371,1518,0.1388
148,1367,1515,0.1388
148,1355,1503,0.1388
146,1358,1504,0.1388
147,1360,1507,0.1388
144,1369,1513,0.1388
142,1374,1516,0.1388
141,1377,1518,0.1388
144,1379,1523,0.1388
141,1379,1520,0.1388
139,1389,1528,0.1388
139,1371,1510,0.1388
136,1378,1514,0.1388
135,1370,1505,0.1388
128,1376,1504,0.1388
123,1368,1491,0.1388
126,1376,1502,0.1388
130,1380,1510,0.1388
128,1391,1519,0.1388
129,1400,1529,0.1388
130,1391,1521,0.1388
127,1380,1507,0.1388
124,1385,1509,0.1388
124,1378,1502,0.1388
120,1394,1514,0.1388
121,1400,1521,0.1388
124,1403,1527,0.1388
123,1393,1516,0.1388
126,1397,1523,0.1388
123,1393,1516,0.1388
123,1394,1517,0.1388
123,1393,1516,0.1388
120,1385,1505,0.1388
119,1392,1511,0.1388
118,1392,1510,0.1388
118,1397,1515,0.1388
120,1397,1517,0.1388
116,1395,1511,0.1388
113,1386,1499,0.1388
111,1379,1490,0.1388
112,1390,1502,0.1388
113,1388,1501,0.1388
112,1401,1513,0.1388
115,1404,1519,0.1388
113,1404,1517,0.1388
112,1402,1514,0.1388
108,1406,1514,0.1388
110,1406,1516,0.1388
111,1402,1513,0.1388
114,1400,1514,0.1388
114,1405,1519,0.1388
111,1402,1513,0.1388
106,1401,1507,0.1388
106,1419,1525,0.1388
107,1405,1512,0.1388
111,1413,1524,0.1388
114,1416,1530,0.1388
115,1409,1524,0.1388
119,1408,1527,0.1388
116,1393,1509,0.1388
115,1398,1513,0.1388
113,1397,1510,0.1388
111,1406,1517,0.1388
115,1409,1524,0.1388
115,1401,1516,0.1388
114,1399,1513,0.1388
114,1415,1529,0.1388
114,1409,1523,0.1388
112,1412,1524,0.1388
113,1408,1521,0.1388
113,1402,1515,0.1388
110,1408,1518,0.1388
111,1414,1525,0.1388
112,1420,1532,0.1388
112,1416,1528,0.1388
111,1417,1528,0.1388
114,1409,1523,0.1388
111,1420,1531,0.1388
109,1423,1532,0.1388
109,1411,1520,0.1388
108,1406,1514,0.1388
108,1418,1526,0.1388
105,1416,1521,0.1388
106,1424,1530,0.1388
106,1415,1521,0.1388
107,1407,1514,0.1388
108,1417,1525,0.1388
102,1407,1509,0.1388
103,1416,1519,0.1388
102,1419,1521,0.1388
102,1414,1516,0.1388
100,1412,1512,0.1388
100,1413,1513,0.1388
98,1415,1513,0.1388
99,1421,1520,0.1388
96,1415,1511,0.1388
98,1404,1502,0.1388
102,1412,1514,0.1388
103,1417,1520,0.1388
101,1420,1521,0.1388
101,1413,1514,0.1388
101,1418,1519,0.1388
100,1421,1521,0.1388
96,1417,1513,0.1388
95,1416,1511,0.1388
97,1417,1514,0.1388
96,1408,1504,0.1388
100,1410,1510,0.1388
98,1423,1521,0.1388
96,1420,1516,0.1388
97,1412,1509,0.1388
97,1421,1518,0.1388
98,1414,1512,0.1388
97,1409,1506,0.1388
96,1416,1512,0.1388
98,1410,1508,0.1388
97,1417,1514,0.1388
101,1401,1502,0.1388
101,1388,1489,0.1388
97,1398,1495,0.1388
96,1413,1509,0.1388
94,1405,1499,0.1388
92,1422,1514,0.1388
94,1415,1509,0.1388
93,1428,1521,0.1388
95,1424,1519,0.1388
95,1413,1508,0.1388
94,1424,1518,0.1388
95,1423,1518,0.1388
98,1416,1514,0.1388
97,1409,1506,0.1388
95,1410,1505,0.1388
98,1416,1514,0.1388
100,1421,1521,0.1388
99,1418,1517,0.1388
102,1422,1524,0.1388
101,1421,1522,0.1388
101,1420,1521,0.1388
102,1410,1512,0.1388
104,1420,1524,0.1388
104,1419,1523,0.1388
105,1413,1518,0.1388
103,1412,1515,0.1388
102,1426,1528,0.1388
100,1423,1523,0.1388
96,1419,1515,0.1388
94,1414,1508,0.1388
92,1416,1508,0.1388
90,1411,1501,0.1388
96,1411,1507,0.1388
93,1417,1510,0.1388
96,1411,1507,0.1388
99,1424,1523,0.1388
99,1418,1517,0.1388
99,1418,1517,0.1388
96,1418,1514,0.1388
93,1409,1502,0.1388
93,1433,1526,0.1388
95,1422,1517,0.1388
97,1425,1522,0.1388
98,1419,1517,0.1388
94,1426,1520,0.1388
89,1422,1511,0.1388
91,1427,1518,0.1388
90,1427,1517,0.1388
87,1437,1524,0.1388
87,1431,1518,0.1388
90,1415,1505,0.1388
94,1421,1515,0.1388
93,1430,1523,0.1388
92,1426,1518,0.1388
91,1431,1522,0.1388
89,1428,1517,0.1388
89,1429,1518,0.1388
92,1426,1518,0.1388
90,1426,1516,0.1388
88,1431,1519,0.1388
85,1425,1510,0.1388
82,1429,1511,0.1388
83,1435,1518,0.1388
87,1426,1513,0.1388
85,1431,1516,0.1388
88,1420,1508,0.1388
85,1420,1505,0.1388
83,1434,1517,0.1388
85,1429,1514,0.1388
87,1433,1520,0.1388
86,1432,1518,0.1388
84,1434,1518,0.1388
83,1427,1510,0.1388
84,1429,1513,0.1388
85,1436,1521,0.1388
83,1432,1515,0.1388
82,1440,1522,0.1388
81,1446,1527,0.1388
79,1444,1523,0.1388
80,1445,1525,0.1388
79,1440,1519,0.1388
77,1464,1541,0.1388
76,1457,1533,0.1388
73,1456,1529,0.1388
71,1447,1518,0.1388
75,1439,1514,0.1388
76,1441,1517,0.1388
71,1455,1526,0.1388
68,1439,1507,0.1388
67,1452,1519,0.1388
68,1448,1516,0.1388
67,1449,1516,0.1388
68,1452,1520,0.1388
65,1454,1519,0.1388
65,1451,1516,0.1388
67,1453,1520,0.1388
66,1465,1531,0.1388
67,1460,1527,0.1388
67,1446,1513,0.1388
67,1450,1517,0.1388
67,1441,1508,0.1388
68,1437,1505,0.1388
66,1445,1511,0.1388
68,1448,1516,0.1388
68,1445,1513,0.1388
68,1433,1501,0.1388
69,1445,1514,0.1388
68,1450,1518,0.1388
66,1452,1518,0.1388
65,1443,1508,0.1388
65,1455,1520,0.1388
64,1443,1507,0.1388
63,1445,1508,0.1388
63,1448,1511,0.1388
64,1452,1516,0.1388
64,1458,1522,0.1388
62,1468,1530,0.1388
59,1462,1521,0.1388
59,1470,1529,0.1388
59,1461,1520,0.1388
58,1454,1512,0.1388
58,1438,1496,0.1388
59,1461,1520,0.1388
58,1438,1496,0.1388
62,1453,1515,0.1388
60,1465,1525,0.1388
58,1465,1523,0.1388
58,1457,1515,0.1388
60,1459,1519,0.1388
60,1464,1524,0.1388
61,1458,1519,0.1388
62,1464,1526,0.1388
61,1454,1515,0.1388
62,1456,1518,0.1388
63,1460,1523,0.1388
64,1453,1517,0.1388
64,1474,1538,0.1388
64,1476,1540,0.1388
62,1474,1536,0.1388
61,1465,1526,0.1388
61,1472,1533,0.1388
61,1462,1523,0.1388
64,1469,1533,0.1388
65,1457,1522,0.1388
63,1452,1515,0.1388
62,1444,1506,0.1388
63,1444,1507,0.1388
62,1457,1519,0.1388
61,1465,1526,0.1388
61,1456,1517,0.1388
58,1466,1524,0.1388
58,1458,1516,0.1388
58,1454,1512,0.1388
60,1452,1512,0.1388
62,1453,1515,0.1388
62,1450,1512,0.1388
61,1463,1524,0.1388
61,1467,1528,0.1388
61,1459,1520,0.1388
60,1462,1522,0.1388
62,1449,1511,0.1388
59,1449,1508,0.1388
59,1458,1517,0.1388
62,1457,1519,0.1388
63,1452,1515,0.1388
64,1448,1512,0.1388
63,1444,1507,0.1388
60,1456,1516,0.1388
60,1459,1519,0.1388
57,1455,1512,0.1388
59,1469,1528,0.1388
58,1467,1525,0.1388
58,1458,1516,0.1388
59,1458,1517,0.1388
60,1460,1520,0.1388
59,1461,1520,0.1388
60,1456,1516,0.1388
58,1460,1518,0.1388
57,1467,1524,0.1388
58,1461,1519,0.1388
59,1462,1521,0.1388
58,1469,1527,0.1388
58,1456,1514,0.1388
55,1452,1507,0.1388
57,1450,1507,0.1388
54,1464,1518,0.1388
56,1455,1511,0.1388
56,1457,1513,0.1388
54,1456,1510,0.1388
54,1455,1509,0.1388
54,1466,1520,0.1388
55,1465,1520,0.1388
55,1463,1518,0.1388
55,1474,1529,0.1388
55,1472,1527,0.1388
55,1460,1515,0.1388
53,1460,1513,0.1388
50,1458,1508,0.1388
48,1466,1514,0.1388
49,1469,1518,0.1388
50,1474,1524,0.1388
48,1470,1518,0.1388
46,1484,1530,0.1388
48,1480,1528,0.1388
51,1469,1520,0.1388
54,1471,1525,0.1388
51,1464,1515,0.1388
51,1465,1516,0.1388
53,1460,1513,0.1388
53,1455,1508,0.1388
51,1462,1513,0.1388
50,1471,1521,0.1388
50,1453,1503,0.1388
52,1449,1501,0.1388
51,1462,1513,0.1388
49,1466,1515,0.1388
50,1463,1513,0.1388
52,1458,1510,0.1388
53,1457,1510,0.1388
52,1462,1514,0.1388
52,1455,1507,0.1388
51,1451,1502,0.1388
53,1442,1495,0.1388
52,1442,1494,0.1388
52,1441,1493,0.1388
51,1456,1507,0.1388
51,1454,1505,0.1388
50,1461,1511,0.1388
50,1466,1516,0.1388
51,1458,1509,0.1388
51,1462,1513,0.1388
52,1469,1521,0.1388
47,1459,1506,0.1388
47,1467,1514,0.1388
48,1474,1522,0.1388
48,1479,1527,0.1388
48,1487,1535,0.1388
46,1481,1527,0.1388
45,1485,1530,0.1388
45,1483,1528,0.1388
45,1479,1524,0.1388
46,1467,1513,0.1388
47,1459,1506,0.1388
46,1460,1506,0.1388
44,1467,1511,0.1388
44,1469,1513,0.1388
45,1477,1522,0.1388
43,1480,1523,0.1388
43,1487,1530,0.1388
41,1479,1520,0.1388
42,1493,1535,0.1388
40,1491,1531,0.1388
37,1479,1516,0.1388
38,1468,1506,0.1388
37,1470,1507,0.1388
35,1479,1514,0.1388
37,1481,1518,0.1388
38,1465,1503,0.1388
39,1467,1506,0.1388
41,1467,1508,0.1388
41,1473,1514,0.1388
40,1478,1518,0.1388
39,1482,1521,0.1388
39,1493,1532,0.1388
37,1494,1531,0.1388
38,1479,1517,0.1388
39,1469,1508,0.1388
40,1470,1510,0.1388
41,1470,1511,0.1388
38,1479,1517,0.1388
39,1480,1519,0.1388
39,1487,1526,0.1388
38,1485,1523,0.1388
36,1487,1523,0.1388
37,1500,1537,0.1388
36,1495,1531,0.1388
35,1485,1520,0.1388
35,1480,1515,0.1388
38,1466,1504,0.1388
36,1474,1510,0.1388
37,1471,1508,0.1388
38,1482,1520,0.1388
38,1495,1533,0.1388
38,1495,1533,0.1388
37,1483,1520,0.1388
38,1485,1523,0.1388
36,1487,1523,0.1388
34,1485,1519,0.1388
33,1486,1519,0.1388
32,1481,1513,0.1388
32,1485,1517,0.1388
34,1483,1517,0.1388
33,1483,1516,0.1388
31,1483,1514,0.1388
34,1491,1525,0.1388
35,1474,1509,0.1388
36,1473,1509,0.1388
36,1482,1518,0.1388
36,1476,1512,0.1388
34,1477,1511,0.1388
32,1475,1507,0.1388
32,1477,1509,0.1388
32,1491,1523,0.1388
33,1491,1524,0.1388
32,1499,1531,0.1388
32,1481,1513,0.1388
31,1478,1509,0.1388
31,1492,1523,0.1388
31,1496,1527,0.1388
32,1493,1525,0.1388
33,1492,1525,0.1388
33,1510,1543,0.1388
31,1497,1528,0.1388
29,1496,1525,0.1388
30,1493,1523,0.1388
28,1493,1521,0.1388
29,1486,1515,0.1388
29,1477,1506,0.1388
29,1494,1523,0.1388
28,1500,1528,0.1388
29,1490,1519,0.1388
28,1503,1531,0.1388
28,1498,1526,0.1388
29,1486,1515,0.1388
29,1501,1530,0.1388
29,1496,1525,0.1388
29,1486,1515,0.1388
30,1495,1525,0.1388
31,1502,1533,0.1388
31,1482,1513,0.1388
32,1481,1513,0.1388
32,1463,1495,0.1388
31,1454,1485,0.1388
28,1471,1499,0.1388
28,1473,1501,0.1388
29,1486,1515,0.1388
29,1483,1512,0.1388
30,1487,1517,0.1388
29,1495,1524,0.1388
29,1486,1515,0.1388
29,1491,1520,0.1388
28,1477,1505,0.1388
27,1478,1505,0.1388
30,1483,1513,0.1388
30,1490,1520,0.1388
31,1484,1515,0.1388
32,1501,1533,0.1388
31,1488,1519,0.1388
31,1494,1525,0.1388
29,1482,1511,0.1388
28,1478,1506,0.1388
28,1468,1496,0.1388
30,1474,1504,0.1388
31,1484,1515,0.1388
30,1496,1526,0.1388
29,1493,1522,0.1388
28,1488,1516,0.1388
28,1488,1516,0.1388
28,1487,1515,0.1388
27,1480,1507,0.1388
27,1480,1507,0.1388
27,1482,1509,0.1388
27,1486,1513,0.1388
26,1491,1517,0.1388
25,1499,1524,0.1388
24,1497,1521,0.1388
23,1503,1526,0.1388
24,1492,1516,0.1388
24,1487,1511,0.1388
25,1482,1507,0.1388
25,1492,1517,0.1388
25,1467,1492,0.1388
26,1479,1505,0.1388
26,1481,1507,0.1388
26,1480,1506,0.1388
28,1477,1505,0.1388
26,1486,1512,0.1388
25,1480,1505,0.1388
24,1484,1508,0.1388
24,1497,1521,0.1388
24,1492,1516,0.1388
23,1488,1511,0.1388
24,1491,1515,0.1388
24,1492,1516,0.1388
25,1486,1511,0.1388
23,1511,1534,0.1388
24,1502,1526,0.1388
24,1508,1532,0.1388
27,1504,1531,0.1388
27,1500,1527,0.1388
26,1484,1510,0.1388
26,1475,1501,0.1388
26,1466,1492,0.1388
26,1486,1512,0.1388
27,1482,1509,0.1388
26,1490,1516,0.1388
25,1491,1516,0.1388
24,1480,1504,0.1388
23,1490,1513,0.1388
23,1487,1510,0.1388
24,1485,1509,0.1388
24,1481,1505,0.1388
25,1483,1508,0.1388
25,1485,1510,0.1388
25,1485,1510,0.1388
25,1491,1516,0.1388
23,1484,1507,0.1388
23,1490,1513,0.1388
24,1500,1524,0.1388
24,1498,1522,0.1388
25,1490,1515,0.1388
25,1501,1526,0.1388
25,1506,1531,0.1388
26,1508,1534,0.1388
25,1494,1519,0.1388
24,1485,1509,0.1388
24,1488,1512,0.1388
24,1488,1512,0.1388
25,1480,1505,0.1388
26,1485,1511,0.1388
25,1482,1507,0.1388
25,1496,1521,0.1388
22,1470,1492,0.1388
23,1464,1487,0.1388
22,1469,1491,0.1388
22,1467,1489,0.1388
21,1471,1492,0.1388
21,1475,1496,0.1388
22,1467,1489,0.1388
23,1487,1510,0.1388
23,1490,1513,0.1388
23,1496,1519,0.1388
23,1491,1514,0.1388
21,1484,1505,0.1388
20,1492,1512,0.1388
19,1494,1513,0.1388
21,1488,1509,0.1388
21,1486,1507,0.1388
21,1482,1503,0.1388
23,1483,1506,0.1388
23,1487,1510,0.1388
24,1493,1517,0.1388
23,1489,1512,0.1388
23,1496,1519,0.1388
23,1506,1529,0.1388
23,1506,1529,0.1388
23,1497,1520,0.1388
23,1499,1522,0.1388
22,1498,1520,0.1388
23,1496,1519,0.1388
24,1480,1504,0.1388
23,1477,1500,0.1388
24,1489,1513,0.1388
23,1488,1511,0.1388
22,1495,1517,0.1388
22,1489,1511,0.1388
22,1486,1508,0.1388
22,1490,1512,0.1388
23,1489,1512,0.1388
23,1491,1514,0.1388
22,1497,1519,0.1388
20,1498,1518,0.1388
19,1502,1521,0.1388
19,1503,1522,0.1388
19,1498,1517,0.1388
18,1490,1508,0.1388
18,1498,1516,0.1388
18,1496,1514,0.1388
18,1495,1513,0.1388
18,1501,1519,0.1388
18,1494,1512,0.1388
18,1487,1505,0.1388
18,1497,1515,0.1388
19,1504,1523,0.1388
19,1501,1520,0.1388
19,1504,1523,0.1388
18,1495,1513,0.1388
18,1499,1517,0.1388
18,1495,1513,0.1388
19,1504,1523,0.1388
20,1495,1515,0.1388
19,1504,1523,0.1388
19,1494,1513,0.1388
21,1490,1511,0.1388
20,1496,1516,0.1388
20,1509,1529,0.1388
21,1499,1520,0.1388
21,1508,1529,0.1388
22,1501,1523,0.1388
22,1491,1513,0.1388
22,1487,1509,0.1388
22,1487,1509,0.1388
21,1475,1496,0.1388
22,1491,1513,0.1388
22,1491,1513,0.1388
21,1483,1504,0.1388
20,1480,1500,0.1388
20,1490,1510,0.1388
19,1481,1500,0.1388
18,1484,1502,0.1388
18,1479,1497,0.1388
18,1481,1499,0.1388
18,1490,1508,0.1388
18,1501,1519,0.1388
17,1498,1515,0.1388
16,1497,1513,0.1388
15,1504,1519,0.1388
14,1516,1530,0.1388
14,1505,1519,0.1388
14,1504,1518,0.1388
14,1514,1528,0.1388
16,1507,1523,0.1388
16,1506,1522,0.1388
17,1494,1511,0.1388
17,1485,1502,0.1388
17,1495,1512,0.1388
17,1506,1523,0.1388
17,1498,1515,0.1388
17,1499,1516,0.1388
18,1504,1522,0.1388
18,1502,1520,0.1388
18,1493,1511,0.1388
16,1483,1499,0.1388
16,1488,1504,0.1388
16,1492,1508,0.1388
16,1507,1523,0.1388
17,1497,1514,0.1388
17,1513,1530,0.1388
17,1520,1537,0.1388
16,1507,1523,0.1388
16,1505,1521,0.1388
16,1505,1521,0.1388
17,1496,1513,0.1388
14,1500,1514,0.1388
16,1492,1508,0.1388
16,1489,1505,0.1388
15,1507,1522,0.1388
16,1498,1514,0.1388
15,1503,1518,0.1388
14,1494,1508,0.1388
14,1490,1504,0.1388
15,1492,1507,0.1388
15,1497,1512,0.1388
15,1494,1509,0.1388
16,1500,1516,0.1388
15,1491,1506,0.1388
15,1490,1505,0.1388
15,1506,1521,0.1388
16,1508,1524,0.1388
15,1506,1521,0.1388
16,1506,1522,0.1388
15,1512,1527,0.1388
15,1511,1526,0.1388
16,1511,1527,0.1388
15,1506,1521,0.1388
14,1493,1507,0.1388
15,1504,1519,0.1388
16,1507,1523,0.1388
14,1508,1522,0.1388
13,1509,1522,0.1388
12,1508,1520,0.1388
13,1509,1522,0.1388
13,1509,1522,0.1388
13,1527,1540,0.1388
13,1525,1538,0.1388
12,1530,1542,0.1388
13,1517,1530,0.1388
15,1510,1525,0.1388
14,1506,1520,0.1388
14,1514,1528,0.1388
13,1510,1523,0.1388
13,1507,1520,0.1388
14,1496,1510,0.1388
14,1497,1511,0.1388
14,1498,1512,0.1388
14,1494,1508,0.1388
15,1501,1516,0.1388
17,1485,1502,0.1388
17,1494,1511,0.1388
17,1481,1498,0.1388
17,1483,1500,0.1388
18,1488,1506,0.1388
18,1502,1520,0.1388
18,1492,1510,0.1388
17,1491,1508,0.1388
17,1497,1514,0.1388
19,1507,1526,0.1388
18,1501,1519,0.1388
18,1504,1522,0.1388
18,1505,1523,0.1388
18,1509,1527,0.1388
18,1509,1527,0.1388
18,1506,1524,0.1388
18,1507,1525,0.1388
20,1506,1526,0.1388
19,1502,1521,0.1388
19,1499,1518,0.1388
20,1508,1528,0.1388
19,1509,1528,0.1388
19,1503,1522,0.1388
18,1501,1519,0.1388
18,1507,1525,0.1388
18,1506,1524,0.1388
19,1502,1521,0.1388
20,1502,1522,0.1388
20,1498,1518,0.1388
21,1506,1527,0.1388
19,1510,1529,0.1388
21,1501,1522,0.1388
21,1493,1514,0.1388
22,1480,1502,0.1388
22,1492,1514,0.1388
22,1498,1520,0.1388
21,1501,1522,0.1388
21,1508,1529,0.1388
18,1502,1520,0.1388
18,1503,1521,0.1388
17,1502,1519,0.1388
17,1513,1530,0.1388
18,1503,1521,0.1388
18,1510,1528,0.1388
18,1505,1523,0.1388
17,1506,1523,0.1388
16,1506,1522,0.1388
16,1500,1516,0.1388
14,1517,1531,0.1388
13,1509,1522,0.1388
13,1500,1513,0.1388
14,1488,1502,0.1388
13,1502,1515,0.1388
13,1493,1506,0.1388
13,1502,1515,0.1388
12,1500,1512,0.1388
11,1502,1513,0.1388
9,1500,1509,0.1388
9,1510,1519,0.1388
9,1515,1524,0.1388
9,1508,1517,0.1388
9,1507,1516,0.1388
9,1492,1501,0.1388
9,1506,1515,0.1388
9,1511,1520,0.1388
9,1507,1516,0.1388
9,1511,1520,0.1388
9,1501,1510,0.1388
9,1499,1508,0.1388
10,1494,1504,0.1388
11,1486,1497,0.1388
10,1508,1518,0.1388
9,1514,1523,0.1388
8,1511,1519,0.1388
8,1494,1502,0.1388
8,1497,1505,0.1388
8,1494,1502,0.1388
8,1498,1506,0.1388
8,1493,1501,0.1388
8,1496,1504,0.1388
8,1506,1514,0.1388
8,1506,1514,0.1388
8,1499,1507,0.1388
8,1497,1505,0.1388
8,1510,1518,0.1388
8,1518,1526,0.1388
8,1503,1511,0.1388
8,1501,1509,0.1388
8,1501,1509,0.1388
8,1505,1513,0.1388
8,1512,1520,0.1388
8,1511,1519,0.1388
8,1510,1518,0.1388
7,1511,1518,0.1388
8,1527,1535,0.1388
9,1534,1543,0.1388
9,1523,1532,0.1388
9,1525,1534,0.1388
9,1527,1536,0.1388
10,1513,1523,0.1388
10,1513,1523,0.1388
10,1507,1517,0.1388
10,1511,1521,0.1388
9,1505,1514,0.1388
9,1507,1516,0.1388
9,1517,1526,0.1388
8,1526,1534,0.1388
9,1526,1535,0.1388
9,1529,1538,0.1388
9,1518,1527,0.1388
9,1503,1512,0.1388
8,1525,1533,0.1388
8,1517,1525,0.1388
7,1507,1514,0.1388
7,1498,1505,0.1388
6,1498,1504,0.1388
6,1493,1499,0.1388
5,1498,1503,0.1388
7,1498,1505,0.1388
8,1489,1497,0.1388
8,1500,1508,0.1388
9,1495,1504,0.1388
8,1503,1511,0.1388
7,1513,1520,0.1388
7,1513,1520,0.1388
7,1514,1521,0.1388
7,1518,1525,0.1388
8,1527,1535,0.1388
8,1534,1542,0.1388
8,1519,1527,0.1388
8,1508,1516,0.1388
8,1511,1519,0.1388
8,1514,1522,0.1388
9,1521,1530,0.1388
9,1513,1522,0.1388
9,1497,1506,0.1388
9,1492,1501,0.1388
9,1497,1506,0.1388
9,1507,1516,0.1388
9,1514,1523,0.1388
8,1518,1526,0.1388
8,1524,1532,0.1388
8,1528,1536,0.1388
8,1518,1526,0.1388
8,1516,1524,0.1388
8,1521,1529,0.1388
8,1519,1527,0.1388
8,1509,1517,0.1388
8,1498,1506,0.1388
8,1507,1515,0.1388
8,1515,1523,0.1388
7,1517,1524,0.1388
7,1519,1526,0.1388
6,1503,1509,0.1388
8,1508,1516,0.1388
7,1509,1516,0.1388
7,1508,1515,0.1388
7,1514,1521,0.1388
7,1511,1518,0.1388
6,1502,1508,0.1388
6,1517,1523,0.1388
8,1512,1520,0.1388
8,1513,1521,0.1388
8,1511,1519,0.1388
7,1510,1517,0.1388
7,1506,1513,0.1388
7,1525,1532,0.1388
6,1524,1530,0.1388
6,1523,1529,0.1388
6,1520,1526,0.1388
6,1517,1523,0.1388
6,1525,1531,0.1388
6,1520,1526,0.1388
6,1512,1518,0.1388
6,1510,1516,0.1388
6,1514,1520,0.1388
6,1513,1519,0.1388
5,1502,1507,0.1388
5,1494,1499,0.1388
5,1515,1520,0.1388
5,1518,1523,0.1388
5,1513,1518,0.1388
5,1525,1530,0.1388
6,1525,1531,0.1388
6,1521,1527,0.1388
6,1519,1525,0.1388
6,1513,1519,0.1388
6,1499,1505,0.1388
7,1495,1502,0.1388
6,1503,1509,0.1388
6,1508,1514,0.1388
6,1517,1523,0.1388
6,1503,1509,0.1388
6,1516,1522,0.1388
7,1511,1518,0.1388
7,1509,1516,0.1388
8,1503,1511,0.1388
8,1507,1515,0.1388
8,1504,1512,0.1388
8,1506,1514,0.1388
8,1513,1521,0.1388
8,1513,1521,0.1388
9,1505,1514,0.1388
9,1496,1505,0.1388
9,1498,1507,0.1388
9,1489,1498,0.1388
9,1507,1516,0.1388
10,1502,1512,0.1388
10,1505,1515,0.1388
10,1501,1511,0.1388
10,1503,1513,0.1388
10,1516,1526,0.1388
10,1529,1539,0.1388
10,1514,1524,0.1388
10,1516,1526,0.1388
10,1530,1540,0.1388
10,1529,1539,0.1388
10,1531,1541,0.1388
8,1524,1532,0.1388
8,1513,1521,0.1388
9,1522,1531,0.1388
9,1510,1519,0.1388
8,1512,1520,0.1388
9,1508,1517,0.1388
9,1502,1511,0.1388
9,1489,1498,0.1388
9,1503,1512,0.1388
9,1515,1524,0.1388
8,1523,1531,0.1388
8,1511,1519,0.1388
8,1513,1521,0.1388
8,1507,1515,0.1388
9,1502,1511,0.1388
8,1509,1517,0.1388
8,1506,1514,0.1388
7,1513,1520,0.1388
7,1516,1523,0.1388
7,1511,1518,0.1388
6,1515,1521,0.1388
6,1519,1525,0.1388
6,1523,1529,0.1388
6,1508,1514,0.1388
6,1510,1516,0.1388
6,1513,1519,0.1388
6,1509,1515,0.1388
6,1510,1516,0.1388
6,1504,1510,0.1388
6,1525,1531,0.1388
7,1524,1531,0.1388
8,1523,1531,0.1388
8,1516,1524,0.1388
8,1505,1513,0.1388
8,1517,1525,0.1388
8,1517,1525,0.1388
8,1523,1531,0.1388
8,1512,1520,0.1388
8,1512,1520,0.1388
8,1509,1517,0.1388
8,1508,1516,0.1388
8,1498,1506,0.1388
8,1515,1523,0.1388
8,1513,1521,0.1388
8,1510,1518,0.1388
8,1516,1524,0.1388
7,1524,1531,0.1388
7,1510,1517,0.1388
7,1507,1514,0.1388
6,1495,1501,0.1388
6,1497,1503,0.1388
6,1497,1503,0.1388
6,1498,1504,0.1388
7,1510,1517,0.1388
7,1513,1520,0.1388
8,1513,1521,0.1388
8,1510,1518,0.1388
8,1511,1519,0.1388
8,1508,1516,0.1388
8,1495,1503,0.1388
8,1492,1500,0.1388
8,1504,1512,0.1388
8,1511,1519,0.1388
8,1513,1521,0.1388
8,1510,1518,0.1388
8,1519,1527,0.1388
8,1519,1527,0.1388
8,1522,1530,0.1388
8,1511,1519,0.1388
8,1510,1518,0.1388
8,1511,1519,0.1388
8,1507,1515,0.1388
8,1505,1513,0.1388
7,1507,1514,0.1388
7,1500,1507,0.1388
7,1492,1499,0.1388
7,1499,1506,0.1388
7,1499,1506,0.1388
7,1494,1501,0.1388
6,1486,1492,0.1388
6,1501,1507,0.1388
6,1512,1518,0.1388
5,1512,1517,0.1388
5,1507,1512,0.1388
5,1519,1524,0.1388
4,1525,1529,0.1388
4,1515,1519,0.1388
4,1511,1515,0.1388
4,1517,1521,0.1388
4,1514,1518,0.1388
4,1511,1515,0.1388
5,1504,1509,0.1388
5,1510,1515,0.1388
5,1515,1520,0.1388
5,1528,1533,0.1388
5,1519,1524,0.1388
5,1511,1516,0.1388
5,1508,1513,0.1388
5,1506,1511,0.1388
7,1504,1511,0.1388
6,1502,1508,0.1388
6,1520,1526,0.1388
6,1516,1522,0.1388
7,1508,1515,0.1388
7,1525,1532,0.1388
7,1504,1511,0.1388
8,1506,1514,0.1388
8,1506,1514,0.1388
8,1501,1509,0.1388
8,1507,1515,0.1388
8,1515,1523,0.1388
8,1505,1513,0.1388
8,1495,1503,0.1388
9,1498,1507,0.1388
9,1494,1503,0.1388
9,1503,1512,0.1388
9,1496,1505,0.1388
10,1496,1506,0.1388
10,1483,1493,0.1388
9,1479,1488,0.1388
9,1492,1501,0.1388
8,1499,1507,0.1388
9,1503,1512,0.1388
10,1497,1507,0.1388
9,1496,1505,0.1388
10,1490,1500,0.1388
11,1489,1500,0.1388
11,1513,1524,0.1388
11,1508,1519,0.1388
11,1519,1530,0.1388
11,1511,1522,0.1388
11,1513,1524,0.1388
11,1515,1526,0.1388
11,1498,1509,0.1388
10,1506,1516,0.1388
10,1506,1516,0.1388
11,1511,1522,0.1388
11,1498,1509,0.1388
11,1505,1516,0.1388
11,1507,1518,0.1388
11,1516,1527,0.1388
11,1510,1521,0.1388
11,1506,1517,0.1388
11,1504,1515,0.1388
10,1492,1502,0.1388
11,1489,1500,0.1388
10,1493,1503,0.1388
10,1500,1510,0.1388
9,1502,1511,0.1388
9,1514,1523,0.1388
9,1495,1504,0.1388
9,1483,1492,0.1388
9,1495,1504,0.1388
10,1491,1501,0.1388
10,1491,1501,0.1388
10,1500,1510,0.1388
8,1506,1514,0.1388
8,1496,1504,0.1388
10,1496,1506,0.1388
10,1506,1516,0.1388
10,1510,1520,0.1388
10,1514,1524,0.1388
10,1517,1527,0.1388
11,1507,1518,0.1388
11,1513,1524,0.1388
12,1494,1506,0.1388
12,1514,1526,0.1388
12,1513,1525,0.1388
9,1512,1521,0.1388
10,1527,1537,0.1388
11,1516,1527,0.1388
10,1519,1529,0.1388
11,1515,1526,0.1388
11,1515,1526,0.1388
10,1521,1531,0.1388
10,1517,1527,0.1388
10,1516,1526,0.1388
10,1521,1531,0.1388
10,1522,1532,0.1388
10,1516,1526,0.1388
8,1529,1537,0.1388
8,1517,1525,0.1388
9,1509,1518,0.1388
9,1499,1508,0.1388
9,1499,1508,0.1388
10,1492,1502,0.1388
9,1489,1498,0.1388
8,1498,1506,0.1388
7,1504,1511,0.1388
10,1501,1511,0.1388
10,1497,1507,0.1388
10,1497,1507,0.1388
11,1506,1517,0.1388
11,1511,1522,0.1388
9,1516,1525,0.1388
8,1513,1521,0.1388
8,1518,1526,0.1388
8,1517,1525,0.1388
9,1511,1520,0.1388
9,1497,1506,0.1388
9,1500,1509,0.1388
9,1508,1517,0.1388
9,1510,1519,0.1388
9,1522,1531,0.1388
9,1516,1525,0.1388
10,1512,1522,0.1388
9,1513,1522,0.1388
9,1515,1524,0.1388
9,1516,1525,0.1388
9,1511,1520,0.1388
9,1526,1535,0.1388
8,1509,1517,0.1388
9,1510,1519,0.1388
10,1510,1520,0.1388
11,1502,1513,0.1388
11,1511,1522,0.1388
11,1504,1515,0.1388
11,1505,1516,0.1388
11,1502,1513,0.1388
11,1495,1506,0.1388
12,1498,1510,0.1388
12,1498,1510,0.1388
12,1508,1520,0.1388
13,1507,1520,0.1388
13,1516,1529,0.1388
13,1513,1526,0.1388
13,1513,1526,0.1388
13,1511,1524,0.1388
13,1523,1536,0.1388
12,1518,1530,0.1388
12,1519,1531,0.1388
12,1497,1509,0.1388
12,1503,1515,0.1388
12,1506,1518,0.1388
12,1499,1511,0.1388
13,1516,1529,0.1388
13,1505,1518,0.1388
12,1510,1522,0.1388
12,1507,1519,0.1388
12,1506,1518,0.1388
12,1514,1526,0.1388
12,1520,1532,0.1388
12,1505,1517,0.1388
12,1512,1524,0.1388
11,1522,1533,0.1388
11,1524,1535,0.1388
11,1517,1528,0.1388
11,1507,1518,0.1388
11,1502,1513,0.1388
10,1511,1521,0.1388
10,1515,1525,0.1388
10,1507,1517,0.1388
11,1495,1506,0.1388
11,1486,1497,0.1388
11,1485,1496,0.1388
10,1503,1513,0.1388
10,1498,1508,0.1388
9,1503,1512,0.1388
11,1511,1522,0.1388
11,1510,1521,0.1388
11,1498,1509,0.1388
11,1491,1502,0.1388
11,1504,1515,0.1388
10,1501,1511,0.1388
10,1511,1521,0.1388
10,1506,1516,0.1388
11,1511,1522,0.1388
11,1512,1523,0.1388
11,1513,1524,0.1388
11,1504,1515,0.1388
11,1502,1513,0.1388
11,1492,1503,0.1388
12,1503,1515,0.1388
12,1495,1507,0.1388
12,1504,1516,0.1388
13,1510,1523,0.1388
14,1515,1529,0.1388
15,1502,1517,0.1388
15,1510,1525,0.1388
14,1504,1518,0.1388
13,1511,1524,0.1388
13,1498,1511,0.1388
11,1507,1518,0.1388
11,1499,1510,0.1388
11,1505,1516,0.1388
11,1511,1522,0.1388
11,1502,1513,0.1388
12,1496,1508,0.1388
11,1502,1513,0.1388
11,1504,1515,0.1388
10,1512,1522,0.1388
10,1506,1516,0.1388
10,1512,1522,0.1388
10,1508,1518,0.1388
13,1511,1524,0.1388
14,1509,1523,0.1388
13,1522,1535,0.1388
14,1526,1540,0.1388
13,1505,1518,0.1388
13,1502,1515,0.1388
13,1509,1522,0.1388
13,1505,1518,0.1388
13,1504,1517,0.1388
13,1512,1525,0.1388
12,1504,1516,0.1388
13,1513,1526,0.1388
14,1513,1527,0.1388
14,1507,1521,0.1388
14,1508,1522,0.1388
13,1503,1516,0.1388
13,1505,1518,0.1388
14,1508,1522,0.1388
13,1508,1521,0.1388
14,1512,1526,0.1388
14,1500,1514,0.1388
14,1504,1518,0.1388
14,1503,1517,0.1388
14,1502,1516,0.1388
13,1494,1507,0.1388
13,1506,1519,0.1388
13,1520,1533,0.1388
14,1526,1540,0.1388
14,1522,1536,0.1388
14,1515,1529,0.1388
14,1515,1529,0.1388
14,1511,1525,0.1388
14,1519,1533,0.1388
13,1502,1515,0.1388
13,1503,1516,0.1388
13,1513,1526,0.1388
13,1518,1531,0.1388
14,1513,1527,0.1388
15,1513,1528,0.1388
15,1515,1530,0.1388
15,1509,1524,0.1388
15,1517,1532,0.1388
15,1520,1535,0.1388
15,1524,1539,0.1388
15,1523,1538,0.1388
14,1534,1548,0.1388
14,1510,1524,0.1388
14,1503,1517,0.1388
13,1506,1519,0.1388
13,1509,1522,0.1388
12,1513,1525,0.1388
11,1506,1517,0.1388
11,1521,1532,0.1388
10,1527,1537,0.1388
10,1521,1531,0.1388
9,1513,1522,0.1388
9,1522,1531,0.1388
9,1498,1507,0.1388
9,1490,1499,0.1388
10,1493,1503,0.1388
10,1504,1514,0.1388
10,1496,1506,0.1388
10,1497,1507,0.1388
9,1496,1505,0.1388
10,1497,1507,0.1388
9,1496,1505,0.1388
9,1504,1513,0.1388
9,1507,1516,0.1388
9,1510,1519,0.1388
9,1513,1522,0.1388
9,1517,1526,0.1388
9,1513,1522,0.1388
9,1508,1517,0.1388
9,1506,1515,0.1388
9,1506,1515,0.1388
9,1503,1512,0.1388
9,1505,1514,0.1388
10,1514,1524,0.1388
11,1522,1533,0.1388
11,1512,1523,0.1388
11,1500,1511,0.1388
13,1501,1514,0.1388
12,1498,1510,0.1388
12,1503,1515,0.1388
12,1491,1503,0.1388
13,1490,1503,0.1388
14,1500,1514,0.1388
14,1501,1515,0.1388
13,1511,1524,0.1388
13,1502,1515,0.1388
13,1514,1527,0.1388
12,1502,1514,0.1388
12,1492,1504,0.1388
12,1495,1507,0.1388
11,1512,1523,0.1388
13,1515,1528,0.1388
14,1518,1532,0.1388
14,1501,1515,0.1388
13,1489,1502,0.1388
14,1494,1508,0.1388
14,1482,1496,0.1388
13,1492,1505,0.1388
13,1500,1513,0.1388
12,1505,1517,0.1388
12,1518,1530,0.1388
12,1511,1523,0.1388
12,1508,1520,0.1388
11,1527,1538,0.1388
11,1517,1528,0.1388
11,1504,1515,0.1388
11,1494,1505,0.1388
11,1506,1517,0.1388
10,1503,1513,0.1388
10,1497,1507,0.1388
10,1505,1515,0.1388
10,1501,1511,0.1388
10,1501,1511,0.1388
11,1491,1502,0.1388
11,1497,1508,0.1388
11,1506,1517,0.1388
10,1505,1515,0.1388
10,1508,1518,0.1388
11,1524,1535,0.1388
11,1515,1526,0.1388
12,1501,1513,0.1388
12,1496,1508,0.1388
12,1514,1526,0.1388
12,1511,1523,0.1388
11,1508,1519,0.1388
11,1516,1527,0.1388
10,1502,1512,0.1388
10,1495,1505,0.1388
11,1500,1511,0.1388
12,1502,1514,0.1388
12,1509,1521,0.1388
12,1501,1513,0.1388
12,1499,1511,0.1388
11,1502,1513,0.1388
11,1501,1512,0.1388
11,1502,1513,0.1388
11,1490,1501,0.1388
11,1489,1500,0.1388
11,1487,1498,0.1388
10,1498,1508,0.1388
10,1507,1517,0.1388
9,1524,1533,0.1388
9,1508,1517,0.1388
10,1508,1518,0.1388
11,1503,1514,0.1388
11,1493,1504,0.1388
12,1494,1506,0.1388
11,1506,1517,0.1388
11,1493,1504,0.1388
9,1494,1503,0.1388
9,1492,1501,0.1388
9,1502,1511,0.1388
9,1493,1502,0.1388
9,1493,1502,0.1388
8,1500,1508,0.1388
8,1498,1506,0.1388
7,1514,1521,0.1388
7,1499,1506,0.1388
5,1502,1507,0.1388
4,1496,1500,0.1388
5,1508,1513,0.1388
5,1506,1511,0.1388
6,1507,1513,0.1388
6,1512,1518,0.1388
6,1512,1518,0.1388
6,1507,1513,0.1388
5,1500,1505,0.1388
5,1512,1517,0.1388
5,1502,1507,0.1388
5,1514,1519,0.1388
5,1511,1516,0.1388
5,1502,1507,0.1388
5,1495,1500,0.1388
5,1500,1505,0.1388
5,1508,1513,0.1388
5,1502,1507,0.1388
5,1502,1507,0.1388
5,1501,1506,0.1388
4,1496,1500,0.1388
4,1508,1512,0.1388
4,1511,1515,0.1388
4,1506,1510,0.1388
4,1510,1514,0.1388
4,1501,1505,0.1388
4,1491,1495,0.1388
4,1501,1505,0.1388
4,1497,1501,0.1388
4,1509,1513,0.1388
3,1502,1505,0.1388
3,1509,1512,0.1388
3,1517,1520,0.1388
3,1511,1514,0.1388
3,1499,1502,0.1388
2,1514,1516,0.1388
1,1510,1511,0.1388
1,1509,1510,0.1388
2,1506,1508,0.1388
2,1513,1515,0.1388
2,1504,1506,0.1388
2,1514,1516,0.1388
2,1506,1508,0.1388
2,1511,1513,0.1388
2,1520,1522,0.1388
2,1520,1522,0.1388
2,1518,1520,0.1388
2,1516,1518,0.1388
2,1524,1526,0.1388
2,1509,1511,0.1388
2,1518,1520,0.1388
3,1524,1527,0.1388
3,1515,1518,0.1388
3,1527,1530,0.1388
3,1512,1515,0.1388
3,1511,1514,0.1388
3,1508,1511,0.1388
3,1508,1511,0.1388
3,1499,1502,0.1388
3,1492,1495,0.1388
3,1500,1503,0.1388
3,1506,1509,0.1388
3,1506,1509,0.1388
3,1504,1507,0.1388
3,1510,1513,0.1388
3,1517,1520,0.1388
3,1500,1503,0.1388
3,1497,1500,0.1388
3,1485,1488,0.1388
3,1503,1506,0.1388
3,1507,1510,0.1388
3,1508,1511,0.1388
3,1515,1518,0.1388
3,1518,1521,0.1388
3,1520,1523,0.1388
3,1524,1527,0.1388
3,1525,1528,0.1388
3,1506,1509,0.1388
3,1503,1506,0.1388
3,1497,1500,0.1388
3,1527,1530,0.1388
3,1519,1522,0.1388
3,1504,1507,0.1388
3,1504,1507,0.1388
3,1508,1511,0.1388
4,1505,1509,0.1388
4,1512,1516,0.1388
4,1520,1524,0.1388
4,1512,1516,0.1388
4,1509,1513,0.1388
4,1506,1510,0.1388
4,1501,1505,0.1388
4,1493,1497,0.1388
4,1509,1513,0.1388
4,1508,1512,0.1388
4,1505,1509,0.1388
4,1521,1525,0.1388
4,1524,1528,0.1388
4,1508,1512,0.1388
4,1518,1522,0.1388
4,1522,1526,0.1388
3,1522,1525,0.1388
3,1505,1508,0.1388
3,1515,1518,0.1388
3,1518,1521,0.1388
3,1520,1523,0.1388
3,1527,1530,0.1388
4,1519,1523,0.1388
4,1512,1516,0.1388
4,1510,1514,0.1388
4,1509,1513,0.1388
4,1512,1516,0.1388
4,1509,1513,0.1388
4,1526,1530,0.1388
4,1509,1513,0.1388
4,1506,1510,0.1388
4,1520,1524,0.1388
4,1521,1525,0.1388
4,1528,1532,0.1388
4,1526,1530,0.1388
4,1513,1517,0.1388
4,1504,1508,0.1388
4,1508,1512,0.1388
4,1503,1507,0.1388
4,1504,1508,0.1388
4,1508,1512,0.1388
4,1513,1517,0.1388
3,1513,1516,0.1388
2,1507,1509,0.1388
2,1519,1521,0.1388
2,1510,1512,0.1388
2,1499,1501,0.1388
2,1507,1509,0.1388
2,1508,1510,0.1388
2,1515,1517,0.1388
2,1510,1512,0.1388
2,1523,1525,0.1388
2,1520,1522,0.1388
2,1505,1507,0.1388
2,1521,1523,0.1388
2,1523,1525,0.1388
2,1520,1522,0.1388
2,1512,1514,0.1388
2,1506,1508,0.1388
2,1506,1508,0.1388
2,1517,1519,0.1388
2,1528,1530,0.1388
2,1520,1522,0.1388
2,1516,1518,0.1388
2,1521,1523,0.1388
2,1522,1524,0.1388
2,1529,1531,0.1388
2,1532,1534,0.1388
2,1526,1528,0.1388
2,1529,1531,0.1388
2,1524,1526,0.1388
2,1528,1530,0.1388
2,1540,1542,0.1388
2,1537,1539,0.1388
2,1532,1534,0.1388
2,1522,1524,0.1388
2,1520,1522,0.1388
2,1506,1508,0.1388
2,1511,1513,0.1388
2,1517,1519,0.1388
2,1522,1524,0.1388
2,1513,1515,0.1388
2,1514,1516,0.1388
2,1504,1506,0.1388
2,1490,1492,0.1388
2,1499,1501,0.1388
2,1505,1507,0.1388
2,1524,1526,0.1388
1,1509,1510,0.1388
1,1507,1508,0.1388
0,1517,1517,0.1388
