1365,28,1393,0.1388
1395,28,1423,0.1388
1418,30,1448,0.1388
1453,29,1482,0.1388
1447,31,1478,0.1388
1442,32,1474,0.1388
1451,30,1481,0.1388
1463,34,1497,0.1388
1461,35,1496,0.1388
1461,35,1496,0.1388
1466,35,1501,0.1388
1466,35,1501,0.1388
1469,34,1503,0.1388
1469,33,1502,0.1388
1456,34,1490,0.1388
1464,32,1496,0.1388
1468,31,1499,0.1388
1480,32,1512,0.1388
1478,33,1511,0.1388
1468,33,1501,0.1388
1463,33,1496,0.1388
1437,32,1469,0.1388
1428,31,1459,0.1388
1434,33,1467,0.1388
1445,34,1479,0.1388
1452,36,1488,0.1388
1446,36,1482,0.1388
1439,37,1476,0.1388
1451,37,1488,0.1388
1446,37,1483,0.1388
1449,36,1485,0.1388
1446,36,1482,0.1388
1434,38,1472,0.1388
1445,37,1482,0.1388
1443,37,1480,0.1388
1445,39,1484,0.1388
1449,42,1491,0.1388
1436,42,1478,0.1388
1444,42,1486,0.1388
1455,43,1498,0.1388
1450,47,1497,0.1388
1453,47,1500,0.1388
1451,47,1498,0.1388
1444,47,1491,0.1388
1446,47,1493,0.1388
1429,48,1477,0.1388
1423,46,1469,0.1388
1424,44,1468,0.1388
1448,45,1493,0.1388
1461,44,1505,0.1388
1447,44,1491,0.1388
1460,46,1506,0.1388
1465,49,1514,0.1388
1467,49,1516,0.1388
1459,52,1511,0.1388
1464,52,1516,0.1388
1449,51,1500,0.1388
1449,48,1497,0.1388
1447,48,1495,0.1388
1443,46,1489,0.1388
1447,48,1495,0.1388
1455,48,1503,0.1388
1452,49,1501,0.1388
1465,50,1515,0.1388
1455,51,1506,0.1388
1453,53,1506,0.1388
1458,49,1507,0.1388
1449,48,1497,0.1388
1450,49,1499,0.1388
1450,50,1500,0.1388
1452,49,1501,0.1388
1449,49,1498,0.1388
1458,48,1506,0.1388
1448,49,1497,0.1388
1442,48,1490,0.1388
1445,47,1492,0.1388
1448,47,1495,0.1388
1453,43,1496,0.1388
1450,42,1492,0.1388
1452,43,1495,0.1388
1450,43,1493,0.1388
1451,42,1493,0.1388
1450,41,1491,0.1388
1459,40,1499,0.1388
1464,39,1503,0.1388
1472,41,1513,0.1388
1476,40,1516,0.1388
1464,40,1504,0.1388
1453,42,1495,0.1388
1463,45,1508,0.1388
1461,46,1507,0.1388
1458,45,1503,0.1388
1461,44,1505,0.1388
1448,43,1491,0.1388
1455,46,1501,0.1388
1454,45,1499,0.1388
1451,45,1496,0.1388
1453,45,1498,0.1388
1454,45,1499,0.1388
1451,45,1496,0.1388
1460,45,1505,0.1388
1441,45,1486,0.1388
1446,48,1494,0.1388
1449,50,1499,0.1388
1444,50,1494,0.1388
1444,52,1496,0.1388
1430,53,1483,0.1388
1447,50,1497,0.1388
1449,52,1501,0.1388
1443,52,1495,0.1388
1450,55,1505,0.1388
1456,56,1512,0.1388
1464,54,1518,0.1388
1465,52,1517,0.1388
1454,53,1507,0.1388
1436,56,1492,0.1388
1448,58,1506,0.1388
1455,57,1512,0.1388
1442,58,1500,0.1388
1434,56,1490,0.1388
1431,56,1487,0.1388
1441,58,1499,0.1388
1436,58,1494,0.1388
1436,58,1494,0.1388
1449,57,1506,0.1388
1440,61,1501,0.1388
1432,58,1490,0.1388
1426,56,1482,0.1388
1413,58,1471,0.1388
1397,57,1454,0.1388
1405,58,1463,0.1388
1429,58,1487,0.1388
1427,55,1482,0.1388
1424,56,1480,0.1388
1435,59,1494,0.1388
1433,56,1489,0.1388
1429,58,1487,0.1388
1425,61,1486,0.1388
1428,61,1489,0.1388
1440,65,1505,0.1388
1441,65,1506,0.1388
1426,62,1488,0.1388
1433,64,1497,0.1388
1440,66,1506,0.1388
1418,67,1485,0.1388
1417,66,1483,0.1388
1411,63,1474,0.1388
1422,61,1483,0.1388
1418,61,1479,0.1388
1430,66,1496,0.1388
1432,65,1497,0.1388
1436,65,1501,0.1388
1433,65,1498,0.1388
1437,64,1501,0.1388
1433,66,1499,0.1388
1430,65,1495,0.1388
1435,65,1500,0.1388
1434,63,1497,0.1388
1445,60,1505,0.1388
1441,61,1502,0.1388
1434,61,1495,0.1388
1438,60,1498,0.1388
1448,59,1507,0.1388
1436,61,1497,0.1388
1442,62,1504,0.1388
1425,62,1487,0.1388
1421,61,1482,0.1388
1426,66,1492,0.1388
1435,65,1500,0.1388
1428,66,1494,0.1388
1431,68,1499,0.1388
1439,66,1505,0.1388
1429,66,1495,0.1388
1425,65,1490,0.1388
1433,69,1502,0.1388
1431,71,1502,0.1388
1416,72,1488,0.1388
1408,69,1477,0.1388
1413,71,1484,0.1388
1413,72,1485,0.1388
1419,73,1492,0.1388
1424,72,1496,0.1388
1429,71,1500,0.1388
1418,72,1490,0.1388
1415,69,1484,0.1388
1425,66,1491,0.1388
1414,70,1484,0.1388
1413,70,1483,0.1388
1409,70,1479,0.1388
1419,70,1489,0.1388
1424,69,1493,0.1388
1419,69,1488,0.1388
1422,68,1490,0.1388
1421,71,1492,0.1388
1422,71,1493,0.1388
1424,72,1496,0.1388
1407,74,1481,0.1388
1408,73,1481,0.1388
1408,76,1484,0.1388
1416,73,1489,0.1388
1421,72,1493,0.1388
1415,75,1490,0.1388
1420,75,1495,0.1388
1409,77,1486,0.1388
1406,78,1484,0.1388
1405,78,1483,0.1388
1400,80,1480,0.1388
1390,76,1466,0.1388
1396,77,1473,0.1388
1401,78,1479,0.1388
1406,80,1486,0.1388
1404,78,1482,0.1388
1405,77,1482,0.1388
1407,80,1487,0.1388
1410,82,1492,0.1388
1418,84,1502,0.1388
1424,86,1510,0.1388
1422,86,1508,0.1388
1414,88,1502,0.1388
1410,89,1499,0.1388
1410,89,1499,0.1388
1408,86,1494,0.1388
1418,84,1502,0.1388
1416,82,1498,0.1388
1418,81,1499,0.1388
1409,78,1487,0.1388
1421,80,1501,0.1388
1402,80,1482,0.1388
1421,78,1499,0.1388
1420,78,1498,0.1388
1418,78,1496,0.1388
1414,79,1493,0.1388
1426,78,1504,0.1388
1419,77,1496,0.1388
1399,78,1477,0.1388
1405,81,1486,0.1388
1408,82,1490,0.1388
1404,80,1484,0.1388
1420,78,1498,0.1388
1419,84,1503,0.1388
1422,85,1507,0.1388
1420,84,1504,0.1388
1425,82,1507,0.1388
1410,82,1492,0.1388
1414,82,1496,0.1388
1416,84,1500,0.1388
1409,82,1491,0.1388
1407,83,1490,0.1388
1401,82,1483,0.1388
1392,84,1476,0.1388
1390,84,1474,0.1388
1394,90,1484,0.1388
1403,88,1491,0.1388
1395,90,1485,0.1388
1410,89,1499,0.1388
1400,87,1487,0.1388
1403,84,1487,0.1388
1392,90,1482,0.1388
1391,89,1480,0.1388
1393,89,1482,0.1388
1392,86,1478,0.1388
1412,84,1496,0.1388
1412,85,1497,0.1388
1422,84,1506,0.1388
1421,82,1503,0.1388
1419,83,1502,0.1388
1398,82,1480,0.1388
1397,79,1476,0.1388
1394,81,1475,0.1388
1374,84,1458,0.1388
1385,86,1471,0.1388
1391,85,1476,0.1388
1393,86,1479,0.1388
1395,88,1483,0.1388
1382,87,1469,0.1388
1390,80,1470,0.1388
1388,80,1468,0.1388
1386,84,1470,0.1388
1397,82,1479,0.1388
1395,82,1477,0.1388
1411,85,1496,0.1388
1412,85,1497,0.1388
1421,83,1504,0.1388
1412,80,1492,0.1388
1418,81,1499,0.1388
1421,82,1503,0.1388
1416,81,1497,0.1388
1420,77,1497,0.1388
1412,79,1491,0.1388
1411,82,1493,0.1388
1418,83,1501,0.1388
1416,85,1501,0.1388
1415,85,1500,0.1388
1412,80,1492,0.1388
1416,80,1496,0.1388
1407,79,1486,0.1388
1416,80,1496,0.1388
1422,79,1501,0.1388
1421,81,1502,0.1388
1425,81,1506,0.1388
1434,85,1519,0.1388
1426,84,1510,0.1388
1418,83,1501,0.1388
1407,84,1491,0.1388
1415,84,1499,0.1388
1414,85,1499,0.1388
1408,88,1496,0.1388
1391,87,1478,0.1388
1386,86,1472,0.1388
1392,88,1480,0.1388
1394,91,1485,0.1388
1389,93,1482,0.1388
1378,94,1472,0.1388
1385,96,1481,0.1388
1379,97,1476,0.1388
1377,102,1479,0.1388
1376,100,1476,0.1388
1376,102,1478,0.1388
1366,104,1470,0.1388
1376,109,1485,0.1388
1378,111,1489,0.1388
1396,111,1507,0.1388
1384,112,1496,0.1388
1380,113,1493,0.1388
1378,113,1491,0.1388
1381,112,1493,0.1388
1385,111,1496,0.1388
1385,112,1497,0.1388
1372,111,1483,0.1388
1379,109,1488,0.1388
1383,107,1490,0.1388
1372,107,1479,0.1388
1384,105,1489,0.1388
1378,106,1484,0.1388
1393,107,1500,0.1388
1393,106,1499,0.1388
1380,108,1488,0.1388
1381,108,1489,0.1388
1381,107,1488,0.1388
1375,106,1481,0.1388
1378,107,1485,0.1388
1377,111,1488,0.1388
1373,110,1483,0.1388
1363,110,1473,0.1388
1366,112,1478,0.1388
1369,111,1480,0.1388
1375,112,1487,0.1388
1379,109,1488,0.1388
1375,107,1482,0.1388
1373,108,1481,0.1388
1365,111,1476,0.1388
1372,111,1483,0.1388
1374,114,1488,0.1388
1378,115,1493,0.1388
1376,117,1493,0.1388
1386,113,1499,0.1388
1382,118,1500,0.1388
1376,119,1495,0.1388
1378,118,1496,0.1388
1374,117,1491,0.1388
1365,119,1484,0.1388
1379,116,1495,0.1388
1380,120,1500,0.1388
1380,121,1501,0.1388
1380,120,1500,0.1388
1377,120,1497,0.1388
1377,121,1498,0.1388
1378,122,1500,0.1388
1364,126,1490,0.1388
1367,127,1494,0.1388
1363,123,1486,0.1388
1354,125,1479,0.1388
1372,125,1497,0.1388
1367,126,1493,0.1388
1362,125,1487,0.1388
1366,121,1487,0.1388
1365,121,1486,0.1388
1380,122,1502,0.1388
1394,120,1514,0.1388
1379,123,1502,0.1388
1374,123,1497,0.1388
1378,121,1499,0.1388
1377,121,1498,0.1388
1376,121,1497,0.1388
1390,117,1507,0.1388
1395,123,1518,0.1388
1378,123,1501,0.1388
1388,124,1512,0.1388
1381,123,1504,0.1388
1382,123,1505,0.1388
1387,123,1510,0.1388
1389,122,1511,0.1388
1386,126,1512,0.1388
1378,127,1505,0.1388
1382,126,1508,0.1388
1376,126,1502,0.1388
1364,123,1487,0.1388
1368,121,1489,0.1388
1364,118,1482,0.1388
1368,117,1485,0.1388
1375,115,1490,0.1388
1376,118,1494,0.1388
1373,118,1491,0.1388
1383,121,1504,0.1388
1377,118,1495,0.1388
1382,121,1503,0.1388
1368,123,1491,0.1388
1373,118,1491,0.1388
1376,117,1493,0.1388
1380,117,1497,0.1388
1375,117,1492,0.1388
1365,121,1486,0.1388
1370,127,1497,0.1388
1354,129,1483,0.1388
1345,129,1474,0.1388
1360,132,1492,0.1388
1366,136,1502,0.1388
1355,132,1487,0.1388
1365,133,1498,0.1388
1373,131,1504,0.1388
1352,137,1489,0.1388
1351,141,1492,0.1388
1358,145,1503,0.1388
1370,140,1510,0.1388
1353,140,1493,0.1388
1339,141,1480,0.1388
1347,142,1489,0.1388
1349,140,1489,0.1388
1342,141,1483,0.1388
1340,138,1478,0.1388
1346,144,1490,0.1388
1345,146,1491,0.1388
1345,148,1493,0.1388
1349,150,1499,0.1388
1353,153,1506,0.1388
1359,152,1511,0.1388
1350,156,1506,0.1388
1356,155,1511,0.1388
1360,156,1516,0.1388
1344,152,1496,0.1388
1335,149,1484,0.1388
1342,148,1490,0.1388
1352,151,1503,0.1388
1367,153,1520,0.1388
1358,156,1514,0.1388
1355,156,1511,0.1388
1351,160,1511,0.1388
1346,160,1506,0.1388
1343,162,1505,0.1388
1329,162,1491,0.1388
1349,161,1510,0.1388
1343,160,1503,0.1388
1346,159,1505,0.1388
1347,166,1513,0.1388
1344,165,1509,0.1388
1355,166,1521,0.1388
1349,167,1516,0.1388
1344,162,1506,0.1388
1350,158,1508,0.1388
1340,156,1496,0.1388
1345,155,1500,0.1388
1342,158,1500,0.1388
1339,158,1497,0.1388
1341,159,1500,0.1388
1346,160,1506,0.1388
1352,161,1513,0.1388
1347,161,1508,0.1388
1344,161,1505,0.1388
1350,159,1509,0.1388
1349,162,1511,0.1388
1349,156,1505,0.1388
1344,163,1507,0.1388
1338,162,1500,0.1388
1323,162,1485,0.1388
1338,162,1500,0.1388
1330,163,1493,0.1388
1327,162,1489,0.1388
1330,160,1490,0.1388
1335,162,1497,0.1388
1335,165,1500,0.1388
1334,165,1499,0.1388
1324,164,1488,0.1388
1328,166,1494,0.1388
1329,171,1500,0.1388
1328,166,1494,0.1388
1320,171,1491,0.1388
1314,176,1490,0.1388
1314,174,1488,0.1388
1309,181,1490,0.1388
1309,181,1490,0.1388
1310,181,1491,0.1388
1316,182,1498,0.1388
1317,178,1495,0.1388
1326,177,1503,0.1388
1316,180,1496,0.1388
1297,182,1479,0.1388
1303,182,1485,0.1388
1308,186,1494,0.1388
1303,187,1490,0.1388
1313,188,1501,0.1388
1305,186,1491,0.1388
1307,189,1496,0.1388
1319,193,1512,0.1388
1312,196,1508,0.1388
1316,195,1511,0.1388
1319,196,1515,0.1388
1310,194,1504,0.1388
1304,194,1498,0.1388
1299,195,1494,0.1388
1295,197,1492,0.1388
1305,196,1501,0.1388
1301,198,1499,0.1388
1297,201,1498,0.1388
1285,202,1487,0.1388
1290,198,1488,0.1388
1293,200,1493,0.1388
1306,201,1507,0.1388
1303,204,1507,0.1388
1298,204,1502,0.1388
1299,206,1505,0.1388
1288,205,1493,0.1388
1299,204,1503,0.1388
1298,202,1500,0.1388
1300,200,1500,0.1388
1302,204,1506,0.1388
1289,206,1495,0.1388
1285,206,1491,0.1388
1291,202,1493,0.1388
1293,200,1493,0.1388
1277,195,1472,0.1388
1292,203,1495,0.1388
1301,202,1503,0.1388
1292,202,1494,0.1388
1291,200,1491,0.1388
1288,203,1491,0.1388
1292,196,1488,0.1388
1286,196,1482,0.1388
1288,198,1486,0.1388
1296,198,1494,0.1388
1293,197,1490,0.1388
1298,195,1493,0.1388
1293,199,1492,0.1388
1290,199,1489,0.1388
1298,197,1495,0.1388
1298,198,1496,0.1388
1291,202,1493,0.1388
1282,204,1486,0.1388
1287,204,1491,0.1388
1303,203,1506,0.1388
1304,198,1502,0.1388
1294,207,1501,0.1388
1292,207,1499,0.1388
1286,208,1494,0.1388
1281,205,1486,0.1388
1290,203,1493,0.1388
1292,203,1495,0.1388
1296,201,1497,0.1388
1300,207,1507,0.1388
1288,211,1499,0.1388
1284,213,1497,0.1388
1280,215,1495,0.1388
1282,219,1501,0.1388
1277,217,1494,0.1388
1292,212,1504,0.1388
1291,210,1501,0.1388
1294,207,1501,0.1388
1302,209,1511,0.1388
1289,211,1500,0.1388
1285,212,1497,0.1388
1277,220,1497,0.1388
1282,222,1504,0.1388
1286,221,1507,0.1388
1282,220,1502,0.1388
1280,221,1501,0.1388
1291,224,1515,0.1388
1285,219,1504,0.1388
1284,220,1504,0.1388
1282,223,1505,0.1388
1284,218,1502,0.1388
1280,216,1496,0.1388
1273,222,1495,0.1388
1283,226,1509,0.1388
1289,227,1516,0.1388
1284,224,1508,0.1388
1281,228,1509,0.1388
1274,230,1504,0.1388
1260,238,1498,0.1388
1257,241,1498,0.1388
1261,242,1503,0.1388
1255,239,1494,0.1388
1256,246,1502,0.1388
1257,245,1502,0.1388
1255,248,1503,0.1388
1263,248,1511,0.1388
1255,246,1501,0.1388
1249,248,1497,0.1388
1261,250,1511,0.1388
1259,250,1509,0.1388
1254,252,1506,0.1388
1258,255,1513,0.1388
1255,256,1511,0.1388
1243,259,1502,0.1388
1240,263,1503,0.1388
1242,255,1497,0.1388
1242,253,1495,0.1388
1246,255,1501,0.1388
1246,256,1502,0.1388
1230,258,1488,0.1388
1225,261,1486,0.1388
1228,260,1488,0.1388
1226,262,1488,0.1388
1236,263,1499,0.1388
1245,260,1505,0.1388
1241,260,1501,0.1388
1240,256,1496,0.1388
1237,258,1495,0.1388
1242,266,1508,0.1388
1247,268,1515,0.1388
1242,265,1507,0.1388
1242,270,1512,0.1388
1234,270,1504,0.1388
1239,264,1503,0.1388
1241,264,1505,0.1388
1248,272,1520,0.1388
1234,275,1509,0.1388
1225,278,1503,0.1388
1222,273,1495,0.1388
1224,277,1501,0.1388
1231,277,1508,0.1388
1220,279,1499,0.1388
1212,286,1498,0.1388
1211,290,1501,0.1388
1205,292,1497,0.1388
1199,289,1488,0.1388
1210,287,1497,0.1388
1205,287,1492,0.1388
1219,289,1508,0.1388
1211,289,1500,0.1388
1198,292,1490,0.1388
1185,296,1481,0.1388
1192,296,1488,0.1388
1183,291,1474,0.1388
1183,292,1475,0.1388
1190,295,1485,0.1388
1193,295,1488,0.1388
1208,292,1500,0.1388
1211,291,1502,0.1388
1208,292,1500,0.1388
1210,301,1511,0.1388
1207,305,1512,0.1388
1203,308,1511,0.1388
1191,314,1505,0.1388
1188,308,1496,0.1388
1195,314,1509,0.1388
1194,313,1507,0.1388
1190,316,1506,0.1388
1191,309,1500,0.1388
1202,305,1507,0.1388
1202,303,1505,0.1388
1198,310,1508,0.1388
1196,313,1509,0.1388
1194,317,1511,0.1388
1185,331,1516,0.1388
1166,329,1495,0.1388
1152,326,1478,0.1388
1158,327,1485,0.1388
1166,323,1489,0.1388
1167,329,1496,0.1388
1166,326,1492,0.1388
1160,326,1486,0.1388
1157,327,1484,0.1388
1163,326,1489,0.1388
1165,332,1497,0.1388
1173,334,1507,0.1388
1168,333,1501,0.1388
1162,338,1500,0.1388
1160,333,1493,0.1388
1159,334,1493,0.1388
1151,337,1488,0.1388
1152,339,1491,0.1388
1156,337,1493,0.1388
1161,347,1508,0.1388
1158,348,1506,0.1388
1165,348,1513,0.1388
1169,349,1518,0.1388
1163,348,1511,0.1388
1157,350,1507,0.1388
1161,348,1509,0.1388
1155,348,1503,0.1388
1158,347,1505,0.1388
1149,348,1497,0.1388
1157,351,1508,0.1388
1166,349,1515,0.1388
1169,342,1511,0.1388
1164,343,1507,0.1388
1163,341,1504,0.1388
1147,343,1490,0.1388
1154,342,1496,0.1388
1157,340,1497,0.1388
1156,340,1496,0.1388
1157,341,1498,0.1388
1157,343,1500,0.1388
1158,340,1498,0.1388
1159,341,1500,0.1388
1157,338,1495,0.1388
1163,342,1505,0.1388
1159,338,1497,0.1388
1167,337,1504,0.1388
1161,333,1494,0.1388
1166,332,1498,0.1388
1173,331,1504,0.1388
1178,341,1519,0.1388
1164,340,1504,0.1388
1163,336,1499,0.1388
1162,347,1509,0.1388
1166,341,1507,0.1388
1173,339,1512,0.1388
1171,338,1509,0.1388
1173,340,1513,0.1388
1172,337,1509,0.1388
1168,337,1505,0.1388
1176,333,1509,0.1388
1183,334,1517,0.1388
1173,330,1503,0.1388
1157,330,1487,0.1388
1159,327,1486,0.1388
1162,327,1489,0.1388
1163,325,1488,0.1388
1164,327,1491,0.1388
1164,318,1482,0.1388
1159,323,1482,0.1388
1161,324,1485,0.1388
1153,325,1478,0.1388
1154,323,1477,0.1388
1140,330,1470,0.1388
1148,330,1478,0.1388
1153,337,1490,0.1388
1137,340,1477,0.1388
1136,337,1473,0.1388
1131,345,1476,0.1388
1133,351,1484,0.1388
1134,355,1489,0.1388
1150,350,1500,0.1388
1161,354,1515,0.1388
1147,353,1500,0.1388
1149,350,1499,0.1388
1138,349,1487,0.1388
1142,349,1491,0.1388
1153,356,1509,0.1388
1149,356,1505,0.1388
1139,345,1484,0.1388
1133,347,1480,0.1388
1139,348,1487,0.1388
1148,356,1504,0.1388
1133,350,1483,0.1388
1132,359,1491,0.1388
1127,361,1488,0.1388
1129,362,1491,0.1388
1130,358,1488,0.1388
1136,357,1493,0.1388
1129,356,1485,0.1388
1135,354,1489,0.1388
1151,351,1502,0.1388
1150,357,1507,0.1388
1139,363,1502,0.1388
1148,358,1506,0.1388
1144,370,1514,0.1388
1141,364,1505,0.1388
1131,369,1500,0.1388
1123,369,1492,0.1388
1115,363,1478,0.1388
1136,365,1501,0.1388
1135,361,1496,0.1388
1120,364,1484,0.1388
1127,359,1486,0.1388
1119,363,1482,0.1388
1126,363,1489,0.1388
1128,366,1494,0.1388
1130,375,1505,0.1388
1135,375,1510,0.1388
1131,376,1507,0.1388
1129,372,1501,0.1388
1128,369,1497,0.1388
1126,373,1499,0.1388
1116,373,1489,0.1388
1111,380,1491,0.1388
1115,379,1494,0.1388
1119,380,1499,0.1388
1123,379,1502,0.1388
1115,381,1496,0.1388
1130,377,1507,0.1388
1133,385,1518,0.1388
1129,385,1514,0.1388
1134,390,1524,0.1388
1131,384,1515,0.1388
1120,380,1500,0.1388
1114,383,1497,0.1388
1115,386,1501,0.1388
1109,386,1495,0.1388
1106,385,1491,0.1388
1108,385,1493,0.1388
1113,381,1494,0.1388
1095,378,1473,0.1388
1104,379,1483,0.1388
1094,379,1473,0.1388
1094,383,1477,0.1388
1098,389,1487,0.1388
1104,394,1498,0.1388
1102,391,1493,0.1388
1110,390,1500,0.1388
1115,384,1499,0.1388
1111,385,1496,0.1388
1108,393,1501,0.1388
1119,394,1513,0.1388
1116,395,1511,0.1388
1114,391,1505,0.1388
1109,392,1501,0.1388
1104,388,1492,0.1388
1108,395,1503,0.1388
1099,387,1486,0.1388
1090,392,1482,0.1388
1089,394,1483,0.1388
1091,398,1489,0.1388
1087,393,1480,0.1388
1093,391,1484,0.1388
1093,386,1479,0.1388
1099,379,1478,0.1388
1100,386,1486,0.1388
1087,392,1479,0.1388
1091,394,1485,0.1388
1102,394,1496,0.1388
1099,393,1492,0.1388
1102,395,1497,0.1388
1107,398,1505,0.1388
1096,400,1496,0.1388
1106,398,1504,0.1388
1110,394,1504,0.1388
1095,400,1495,0.1388
1096,406,1502,0.1388
1096,406,1502,0.1388
1095,414,1509,0.1388
1099,407,1506,0.1388
1093,410,1503,0.1388
1086,402,1488,0.1388
1105,407,1512,0.1388
1109,413,1522,0.1388
1104,409,1513,0.1388
1112,404,1516,0.1388
1114,398,1512,0.1388
1109,397,1506,0.1388
1112,398,1510,0.1388
1106,403,1509,0.1388
1107,402,1509,0.1388
1108,413,1521,0.1388
1097,415,1512,0.1388
1090,408,1498,0.1388
1085,410,1495,0.1388
1083,413,1496,0.1388
1085,413,1498,0.1388
1076,410,1486,0.1388
1080,414,1494,0.1388
1076,414,1490,0.1388
1061,418,1479,0.1388
1068,420,1488,0.1388
1074,413,1487,0.1388
1077,420,1497,0.1388
1076,417,1493,0.1388
1085,419,1504,0.1388
1092,420,1512,0.1388
1090,416,1506,0.1388
1091,412,1503,0.1388
1086,417,1503,0.1388
1090,422,1512,0.1388
1094,417,1511,0.1388
1083,418,1501,0.1388
1080,422,1502,0.1388
1079,424,1503,0.1388
1076,420,1496,0.1388
1077,415,1492,0.1388
1065,421,1486,0.1388
1076,423,1499,0.1388
1063,422,1485,0.1388
1076,422,1498,0.1388
1077,412,1489,0.1388
1088,412,1500,0.1388
1074,420,1494,0.1388
1059,425,1484,0.1388
1058,425,1483,0.1388
1057,421,1478,0.1388
1052,423,1475,0.1388
1053,428,1481,0.1388
1052,432,1484,0.1388
1059,430,1489,0.1388
1051,433,1484,0.1388
1060,436,1496,0.1388
1056,439,1495,0.1388
1059,444,1503,0.1388
1054,443,1497,0.1388
1060,440,1500,0.1388
1074,440,1514,0.1388
1072,441,1513,0.1388
1067,445,1512,0.1388
1047,435,1482,0.1388
1047,435,1482,0.1388
1048,436,1484,0.1388
1043,438,1481,0.1388
1042,444,1486,0.1388
1051,446,1497,0.1388
1046,454,1500,0.1388
1052,447,1499,0.1388
1058,442,1500,0.1388
1051,442,1493,0.1388
1044,438,1482,0.1388
1051,442,1493,0.1388
1051,438,1489,0.1388
1051,440,1491,0.1388
1065,442,1507,0.1388
1055,445,1500,0.1388
1060,451,1511,0.1388
1052,448,1500,0.1388
1047,455,1502,0.1388
1053,451,1504,0.1388
1059,450,1509,0.1388
1050,452,1502,0.1388
1059,447,1506,0.1388
1057,451,1508,0.1388
1054,450,1504,0.1388
1054,449,1503,0.1388
1046,451,1497,0.1388
1045,449,1494,0.1388
1038,455,1493,0.1388
1049,455,1504,0.1388
1044,458,1502,0.1388
1041,461,1502,0.1388
1052,457,1509,0.1388
1058,459,1517,0.1388
1054,463,1517,0.1388
1059,459,1518,0.1388
1052,463,1515,0.1388
1041,465,1506,0.1388
1040,464,1504,0.1388
1046,461,1507,0.1388
1036,469,1505,0.1388
1039,467,1506,0.1388
1030,462,1492,0.1388
1022,467,1489,0.1388
1025,466,1491,0.1388
1029,472,1501,0.1388
1034,484,1518,0.1388
1026,479,1505,0.1388
1024,473,1497,0.1388
1012,479,1491,0.1388
1026,476,1502,0.1388
1013,478,1491,0.1388
1017,480,1497,0.1388
1003,488,1491,0.1388
1007,489,1496,0.1388
1006,482,1488,0.1388
999,484,1483,0.1388
1001,479,1480,0.1388
1018,478,1496,0.1388
1021,478,1499,0.1388
1010,485,1495,0.1388
1001,488,1489,0.1388
1000,495,1495,0.1388
1007,499,1506,0.1388
1007,504,1511,0.1388
1020,502,1522,0.1388
1024,499,1523,0.1388
1008,500,1508,0.1388
1008,504,1512,0.1388
998,497,1495,0.1388
989,501,1490,0.1388
993,502,1495,0.1388
984,506,1490,0.1388
980,512,1492,0.1388
980,513,1493,0.1388
983,516,1499,0.1388
993,524,1517,0.1388
1002,520,1522,0.1388
999,525,1524,0.1388
996,521,1517,0.1388
1001,526,1527,0.1388
983,529,1512,0.1388
977,527,1504,0.1388
972,528,1500,0.1388
972,531,1503,0.1388
976,526,1502,0.1388
984,523,1507,0.1388
976,521,1497,0.1388
980,524,1504,0.1388
977,529,1506,0.1388
971,536,1507,0.1388
970,535,1505,0.1388
972,542,1514,0.1388
961,543,1504,0.1388
956,539,1495,0.1388
966,540,1506,0.1388
968,542,1510,0.1388
966,543,1509,0.1388
956,546,1502,0.1388
958,555,1513,0.1388
963,548,1511,0.1388
967,552,1519,0.1388
951,557,1508,0.1388
954,553,1507,0.1388
955,557,1512,0.1388
951,559,1510,0.1388
952,571,1523,0.1388
942,569,1511,0.1388
948,574,1522,0.1388
941,581,1522,0.1388
931,583,1514,0.1388
937,585,1522,0.1388
930,583,1513,0.1388
933,576,1509,0.1388
945,573,1518,0.1388
948,578,1526,0.1388
942,581,1523,0.1388
929,583,1512,0.1388
922,578,1500,0.1388
935,576,1511,0.1388
927,575,1502,0.1388
917,578,1495,0.1388
913,574,1487,0.1388
921,573,1494,0.1388
923,581,1504,0.1388
924,585,1509,0.1388
921,572,1493,0.1388
923,565,1488,0.1388
931,562,1493,0.1388
929,564,1493,0.1388
925,571,1496,0.1388
923,578,1501,0.1388
920,580,1500,0.1388
934,576,1510,0.1388
935,574,1509,0.1388
923,580,1503,0.1388
912,580,1492,0.1388
919,566,1485,0.1388
927,572,1499,0.1388
929,571,1500,0.1388
926,576,1502,0.1388
923,577,1500,0.1388
915,592,1507,0.1388
914,584,1498,0.1388
909,580,1489,0.1388
903,591,1494,0.1388
908,592,1500,0.1388
911,587,1498,0.1388
910,581,1491,0.1388
909,586,1495,0.1388
903,590,1493,0.1388
903,590,1493,0.1388
908,589,1497,0.1388
914,588,1502,0.1388
912,589,1501,0.1388
907,587,1494,0.1388
912,593,1505,0.1388
910,594,1504,0.1388
913,592,1505,0.1388
911,603,1514,0.1388
908,610,1518,0.1388
896,611,1507,0.1388
894,613,1507,0.1388
904,608,1512,0.1388
911,609,1520,0.1388
902,612,1514,0.1388
904,607,1511,0.1388
900,608,1508,0.1388
900,616,1516,0.1388
907,614,1521,0.1388
910,613,1523,0.1388
909,611,1520,0.1388
907,615,1522,0.1388
905,624,1529,0.1388
905,627,1532,0.1388
896,613,1509,0.1388
895,608,1503,0.1388
897,613,1510,0.1388
888,609,1497,0.1388
897,602,1499,0.1388
894,606,1500,0.1388
885,612,1497,0.1388
894,612,1506,0.1388
898,606,1504,0.1388
893,609,1502,0.1388
891,614,1505,0.1388
889,613,1502,0.1388
889,608,1497,0.1388
875,609,1484,0.1388
872,610,1482,0.1388
885,610,1495,0.1388
877,618,1495,0.1388
882,622,1504,0.1388
881,624,1505,0.1388
874,630,1504,0.1388
872,641,1513,0.1388
874,637,1511,0.1388
869,637,1506,0.1388
866,637,1503,0.1388
855,628,1483,0.1388
850,630,1480,0.1388
851,635,1486,0.1388
861,643,1504,0.1388
845,643,1488,0.1388
854,641,1495,0.1388
852,645,1497,0.1388
850,640,1490,0.1388
842,649,1491,0.1388
846,648,1494,0.1388
849,647,1496,0.1388
853,646,1499,0.1388
841,651,1492,0.1388
847,649,1496,0.1388
857,644,1501,0.1388
855,644,1499,0.1388
865,646,1511,0.1388
861,653,1514,0.1388
844,651,1495,0.1388
855,653,1508,0.1388
853,647,1500,0.1388
854,647,1501,0.1388
854,650,1504,0.1388
851,653,1504,0.1388
856,659,1515,0.1388
860,662,1522,0.1388
854,643,1497,0.1388
846,649,1495,0.1388
847,656,1503,0.1388
840,661,1501,0.1388
846,656,1502,0.1388
852,661,1513,0.1388
852,661,1513,0.1388
856,664,1520,0.1388
842,669,1511,0.1388
847,666,1513,0.1388
844,674,1518,0.1388
843,669,1512,0.1388
825,672,1497,0.1388
823,670,1493,0.1388
830,668,1498,0.1388
832,687,1519,0.1388
834,683,1517,0.1388
838,684,1522,0.1388
839,676,1515,0.1388
826,675,1501,0.1388
827,677,1504,0.1388
829,671,1500,0.1388
819,671,1490,0.1388
820,678,1498,0.1388
826,677,1503,0.1388
831,674,1505,0.1388
841,665,1506,0.1388
842,670,1512,0.1388
831,680,1511,0.1388
836,689,1525,0.1388
839,689,1528,0.1388
833,683,1516,0.1388
840,676,1516,0.1388
840,676,1516,0.1388
837,673,1510,0.1388
837,678,1515,0.1388
834,676,1510,0.1388
836,673,1509,0.1388
839,669,1508,0.1388
826,667,1493,0.1388
828,671,1499,0.1388
833,669,1502,0.1388
829,667,1496,0.1388
832,662,1494,0.1388
830,667,1497,0.1388
825,669,1494,0.1388
831,670,1501,0.1388
826,672,1498,0.1388
826,671,1497,0.1388
819,679,1498,0.1388
828,682,1510,0.1388
829,685,1514,0.1388
825,685,1510,0.1388
831,684,1515,0.1388
829,692,1521,0.1388
833,686,1519,0.1388
827,686,1513,0.1388
815,686,1501,0.1388
809,679,1488,0.1388
821,672,1493,0.1388
826,685,1511,0.1388
834,684,1518,0.1388
827,686,1513,0.1388
823,693,1516,0.1388
819,696,1515,0.1388
817,698,1515,0.1388
811,691,1502,0.1388
815,686,1501,0.1388
810,698,1508,0.1388
809,692,1501,0.1388
804,694,1498,0.1388
802,701,1503,0.1388
804,709,1513,0.1388
796,712,1508,0.1388
808,712,1520,0.1388
806,707,1513,0.1388
802,697,1499,0.1388
803,701,1504,0.1388
797,708,1505,0.1388
795,707,1502,0.1388
782,707,1489,0.1388
778,702,1480,0.1388
780,701,1481,0.1388
787,716,1503,0.1388
799,721,1520,0.1388
796,719,1515,0.1388
799,713,1512,0.1388
796,720,1516,0.1388
794,710,1504,0.1388
805,709,1514,0.1388
804,707,1511,0.1388
802,709,1511,0.1388
800,697,1497,0.1388
801,691,1492,0.1388
795,689,1484,0.1388
794,700,1494,0.1388
798,703,1501,0.1388
800,710,1510,0.1388
794,714,1508,0.1388
795,710,1505,0.1388
780,713,1493,0.1388
787,719,1506,0.1388
773,715,1488,0.1388
771,716,1487,0.1388
776,711,1487,0.1388
780,720,1500,0.1388
783,726,1509,0.1388
788,723,1511,0.1388
788,725,1513,0.1388
782,732,1514,0.1388
781,732,1513,0.1388
771,741,1512,0.1388
760,741,1501,0.1388
762,750,1512,0.1388
765,750,1515,0.1388
762,747,1509,0.1388
759,744,1503,0.1388
757,748,1505,0.1388
760,750,1510,0.1388
757,739,1496,0.1388
762,752,1514,0.1388
752,749,1501,0.1388
750,742,1492,0.1388
748,755,1503,0.1388
743,741,1484,0.1388
750,739,1489,0.1388
761,725,1486,0.1388
757,737,1494,0.1388
753,738,1491,0.1388
753,744,1497,0.1388
753,742,1495,0.1388
745,737,1482,0.1388
746,734,1480,0.1388
754,748,1502,0.1388
758,747,1505,0.1388
758,755,1513,0.1388
755,746,1501,0.1388
761,749,1510,0.1388
764,748,1512,0.1388
760,746,1506,0.1388
753,752,1505,0.1388
755,752,1507,0.1388
754,753,1507,0.1388
762,749,1511,0.1388
760,749,1509,0.1388
760,748,1508,0.1388
755,753,1508,0.1388
757,736,1493,0.1388
759,734,1493,0.1388
751,735,1486,0.1388
755,740,1495,0.1388
755,739,1494,0.1388
762,748,1510,0.1388
761,751,1512,0.1388
762,751,1513,0.1388
762,751,1513,0.1388
761,752,1513,0.1388
754,752,1506,0.1388
752,758,1510,0.1388
758,773,1531,0.1388
754,762,1516,0.1388
758,766,1524,0.1388
770,753,1523,0.1388
771,747,1518,0.1388
760,752,1512,0.1388
758,761,1519,0.1388
755,757,1512,0.1388
755,757,1512,0.1388
747,747,1494,0.1388
745,755,1500,0.1388
756,751,1507,0.1388
760,746,1506,0.1388
754,749,1503,0.1388
752,751,1503,0.1388
747,749,1496,0.1388
748,750,1498,0.1388
743,747,1490,0.1388
747,746,1493,0.1388
753,746,1499,0.1388
755,749,1504,0.1388
752,752,1504,0.1388
759,749,1508,0.1388
750,747,1497,0.1388
757,746,1503,0.1388
760,753,1513,0.1388
760,751,1511,0.1388
763,744,1507,0.1388
759,756,1515,0.1388
763,754,1517,0.1388
754,743,1497,0.1388
746,747,1493,0.1388
749,752,1501,0.1388
754,743,1497,0.1388
751,745,1496,0.1388
750,753,1503,0.1388
743,747,1490,0.1388
743,754,1497,0.1388
747,752,1499,0.1388
737,756,1493,0.1388
739,770,1509,0.1388
729,779,1508,0.1388
728,774,1502,0.1388
722,776,1498,0.1388
716,779,1495,0.1388
717,773,1490,0.1388
723,787,1510,0.1388
721,789,1510,0.1388
712,780,1492,0.1388
709,777,1486,0.1388
714,786,1500,0.1388
711,789,1500,0.1388
720,788,1508,0.1388
715,783,1498,0.1388
706,795,1501,0.1388
709,795,1504,0.1388
713,804,1517,0.1388
713,800,1513,0.1388
715,796,1511,0.1388
696,788,1484,0.1388
699,797,1496,0.1388
703,805,1508,0.1388
700,800,1500,0.1388
701,805,1506,0.1388
703,802,1505,0.1388
709,803,1512,0.1388
716,795,1511,0.1388
712,795,1507,0.1388
703,814,1517,0.1388
696,818,1514,0.1388
691,815,1506,0.1388
700,814,1514,0.1388
705,807,1512,0.1388
704,805,1509,0.1388
706,812,1518,0.1388
700,816,1516,0.1388
704,813,1517,0.1388
706,816,1522,0.1388
704,818,1522,0.1388
698,828,1526,0.1388
702,827,1529,0.1388
711,831,1542,0.1388
698,827,1525,0.1388
701,815,1516,0.1388
692,819,1511,0.1388
684,814,1498,0.1388
690,813,1503,0.1388
697,816,1513,0.1388
695,809,1504,0.1388
694,803,1497,0.1388
693,809,1502,0.1388
696,820,1516,0.1388
690,827,1517,0.1388
690,819,1509,0.1388
693,820,1513,0.1388
683,827,1510,0.1388
681,828,1509,0.1388
688,824,1512,0.1388
691,822,1513,0.1388
690,820,1510,0.1388
686,826,1512,0.1388
680,828,1508,0.1388
672,829,1501,0.1388
675,835,1510,0.1388
676,822,1498,0.1388
671,821,1492,0.1388
667,830,1497,0.1388
670,841,1511,0.1388
671,852,1523,0.1388
665,844,1509,0.1388
670,842,1512,0.1388
666,864,1530,0.1388
660,866,1526,0.1388
649,864,1513,0.1388
648,855,1503,0.1388
645,866,1511,0.1388
644,869,1513,0.1388
645,882,1527,0.1388
654,878,1532,0.1388
638,867,1505,0.1388
635,873,1508,0.1388
640,864,1504,0.1388
639,868,1507,0.1388
637,866,1503,0.1388
647,874,1521,0.1388
639,873,1512,0.1388
640,876,1516,0.1388
635,872,1507,0.1388
629,886,1515,0.1388
629,882,1511,0.1388
614,888,1502,0.1388
622,887,1509,0.1388
621,893,1514,0.1388
623,892,1515,0.1388
617,895,1512,0.1388
615,894,1509,0.1388
619,886,1505,0.1388
627,897,1524,0.1388
616,895,1511,0.1388
618,894,1512,0.1388
616,900,1516,0.1388
621,898,1519,0.1388
613,902,1515,0.1388
614,887,1501,0.1388
609,899,1508,0.1388
611,904,1515,0.1388
605,901,1506,0.1388
614,902,1516,0.1388
605,893,1498,0.1388
605,900,1505,0.1388
606,906,1512,0.1388
606,901,1507,0.1388
604,898,1502,0.1388
602,902,1504,0.1388
608,900,1508,0.1388
607,900,1507,0.1388
601,906,1507,0.1388
597,909,1506,0.1388
608,902,1510,0.1388
610,899,1509,0.1388
609,906,1515,0.1388
605,905,1510,0.1388
602,906,1508,0.1388
601,914,1515,0.1388
588,913,1501,0.1388
585,920,1505,0.1388
585,917,1502,0.1388
581,917,1498,0.1388
578,919,1497,0.1388
579,926,1505,0.1388
577,924,1501,0.1388
586,934,1520,0.1388
582,937,1519,0.1388
573,930,1503,0.1388
575,922,1497,0.1388
569,923,1492,0.1388
575,933,1508,0.1388
575,930,1505,0.1388
571,936,1507,0.1388
561,951,1512,0.1388
562,947,1509,0.1388
562,947,1509,0.1388
563,949,1512,0.1388
557,941,1498,0.1388
548,946,1494,0.1388
558,953,1511,0.1388
560,950,1510,0.1388
559,953,1512,0.1388
564,950,1514,0.1388
556,945,1501,0.1388
560,947,1507,0.1388
560,944,1504,0.1388
566,935,1501,0.1388
561,927,1488,0.1388
564,935,1499,0.1388
562,927,1489,0.1388
568,932,1500,0.1388
571,940,1511,0.1388
574,940,1514,0.1388
570,937,1507,0.1388
565,948,1513,0.1388
568,944,1512,0.1388
567,939,1506,0.1388
554,938,1492,0.1388
556,941,1497,0.1388
551,946,1497,0.1388
549,947,1496,0.1388
549,945,1494,0.1388
546,954,1500,0.1388
543,957,1500,0.1388
544,954,1498,0.1388
551,956,1507,0.1388
555,955,1510,0.1388
551,964,1515,0.1388
543,965,1508,0.1388
540,965,1505,0.1388
542,973,1515,0.1388
537,970,1507,0.1388
540,974,1514,0.1388
535,972,1507,0.1388
535,970,1505,0.1388
536,968,1504,0.1388
530,972,1502,0.1388
533,976,1509,0.1388
534,985,1519,0.1388
524,996,1520,0.1388
517,1001,1518,0.1388
518,1004,1522,0.1388
512,990,1502,0.1388
499,992,1491,0.1388
497,998,1495,0.1388
504,999,1503,0.1388
508,1002,1510,0.1388
506,1002,1508,0.1388
511,1011,1522,0.1388
518,1006,1524,0.1388
516,1002,1518,0.1388
518,1005,1523,0.1388
521,1003,1524,0.1388
518,986,1504,0.1388
507,986,1493,0.1388
514,992,1506,0.1388
520,983,1503,0.1388
521,975,1496,0.1388
519,976,1495,0.1388
515,987,1502,0.1388
522,986,1508,0.1388
529,987,1516,0.1388
530,991,1521,0.1388
523,987,1510,0.1388
523,995,1518,0.1388
517,1001,1518,0.1388
520,997,1517,0.1388
515,995,1510,0.1388
513,998,1511,0.1388
513,1003,1516,0.1388
512,1002,1514,0.1388
512,995,1507,0.1388
521,999,1520,0.1388
515,1000,1515,0.1388
508,987,1495,0.1388
513,997,1510,0.1388
508,985,1493,0.1388
507,983,1490,0.1388
510,989,1499,0.1388
510,992,1502,0.1388
507,993,1500,0.1388
502,991,1493,0.1388
504,997,1501,0.1388
506,1004,1510,0.1388
501,1007,1508,0.1388
499,1010,1509,0.1388
503,1010,1513,0.1388
501,1008,1509,0.1388
492,1011,1503,0.1388
497,1007,1504,0.1388
497,1002,1499,0.1388
509,990,1499,0.1388
510,1001,1511,0.1388
503,997,1500,0.1388
509,1014,1523,0.1388
503,1020,1523,0.1388
506,1011,1517,0.1388
506,1014,1520,0.1388
505,1017,1522,0.1388
500,1010,1510,0.1388
501,999,1500,0.1388
506,1010,1516,0.1388
504,1015,1519,0.1388
498,1013,1511,0.1388
499,1004,1503,0.1388
495,1017,1512,0.1388
502,1024,1526,0.1388
503,1015,1518,0.1388
501,1009,1510,0.1388
492,1013,1505,0.1388
491,1018,1509,0.1388
495,1020,1515,0.1388
498,1019,1517,0.1388
502,1013,1515,0.1388
512,1005,1517,0.1388
514,1004,1518,0.1388
518,1007,1525,0.1388
505,1019,1524,0.1388
504,1015,1519,0.1388
502,1012,1514,0.1388
505,1009,1514,0.1388
503,1016,1519,0.1388
501,1011,1512,0.1388
507,1015,1522,0.1388
508,1006,1514,0.1388
501,999,1500,0.1388
502,1000,1502,0.1388
502,994,1496,0.1388
508,1004,1512,0.1388
512,1000,1512,0.1388
513,993,1506,0.1388
514,997,1511,0.1388
511,994,1505,0.1388
499,1001,1500,0.1388
487,1009,1496,0.1388
495,1001,1496,0.1388
495,1009,1504,0.1388
492,1007,1499,0.1388
489,1022,1511,0.1388
488,1026,1514,0.1388
487,1027,1514,0.1388
494,1029,1523,0.1388
491,1029,1520,0.1388
496,1030,1526,0.1388
492,1019,1511,0.1388
488,1020,1508,0.1388
491,1013,1504,0.1388
484,1019,1503,0.1388
488,1000,1488,0.1388
476,1002,1478,0.1388
480,1019,1499,0.1388
482,1021,1503,0.1388
484,1015,1499,0.1388
492,1015,1507,0.1388
498,1019,1517,0.1388
496,1022,1518,0.1388
499,1019,1518,0.1388
499,1015,1514,0.1388
499,1015,1514,0.1388
505,1003,1508,0.1388
500,1005,1505,0.1388
501,1007,1508,0.1388
493,1019,1512,0.1388
492,1013,1505,0.1388
491,1013,1504,0.1388
482,1022,1504,0.1388
488,1026,1514,0.1388
486,1045,1531,0.1388
485,1033,1518,0.1388
484,1038,1522,0.1388
494,1040,1534,0.1388
494,1031,1525,0.1388
490,1022,1512,0.1388
486,1023,1509,0.1388
486,1016,1502,0.1388
488,1009,1497,0.1388
491,1007,1498,0.1388
495,1005,1500,0.1388
492,1009,1501,0.1388
496,1011,1507,0.1388
493,1013,1506,0.1388
487,1004,1491,0.1388
483,1003,1486,0.1388
488,997,1485,0.1388
484,1015,1499,0.1388
483,1024,1507,0.1388
487,1023,1510,0.1388
489,1029,1518,0.1388
493,1017,1510,0.1388
493,1010,1503,0.1388
495,1012,1507,0.1388
490,1014,1504,0.1388
491,1010,1501,0.1388
493,1006,1499,0.1388
495,999,1494,0.1388
492,1020,1512,0.1388
495,1023,1518,0.1388
490,1028,1518,0.1388
487,1024,1511,0.1388
489,1008,1497,0.1388
491,1009,1500,0.1388
495,1026,1521,0.1388
482,1031,1513,0.1388
483,1031,1514,0.1388
479,1029,1508,0.1388
475,1030,1505,0.1388
473,1029,1502,0.1388
477,1023,1500,0.1388
473,1028,1501,0.1388
472,1029,1501,0.1388
470,1016,1486,0.1388
479,1022,1501,0.1388
467,1033,1500,0.1388
474,1036,1510,0.1388
481,1034,1515,0.1388
472,1037,1509,0.1388
466,1045,1511,0.1388
474,1042,1516,0.1388
472,1029,1501,0.1388
472,1031,1503,0.1388
480,1029,1509,0.1388
482,1024,1506,0.1388
477,1025,1502,0.1388
479,1036,1515,0.1388
475,1031,1506,0.1388
485,1025,1510,0.1388
480,1042,1522,0.1388
477,1030,1507,0.1388
473,1041,1514,0.1388
469,1048,1517,0.1388
474,1051,1525,0.1388
472,1033,1505,0.1388
465,1029,1494,0.1388
472,1036,1508,0.1388
469,1037,1506,0.1388
463,1039,1502,0.1388
456,1041,1497,0.1388
452,1038,1490,0.1388
450,1038,1488,0.1388
458,1053,1511,0.1388
458,1050,1508,0.1388
453,1055,1508,0.1388
461,1054,1515,0.1388
462,1054,1516,0.1388
450,1045,1495,0.1388
451,1048,1499,0.1388
454,1049,1503,0.1388
447,1055,1502,0.1388
443,1042,1485,0.1388
450,1048,1498,0.1388
447,1048,1495,0.1388
449,1050,1499,0.1388
455,1047,1502,0.1388
459,1046,1505,0.1388
460,1059,1519,0.1388
460,1055,1515,0.1388
458,1054,1512,0.1388
453,1049,1502,0.1388
451,1052,1503,0.1388
455,1048,1503,0.1388
458,1056,1514,0.1388
455,1051,1506,0.1388
456,1058,1514,0.1388
461,1057,1518,0.1388
455,1066,1521,0.1388
453,1067,1520,0.1388
453,1063,1516,0.1388
452,1053,1505,0.1388
450,1059,1509,0.1388
450,1057,1507,0.1388
449,1051,1500,0.1388
442,1058,1500,0.1388
442,1053,1495,0.1388
442,1053,1495,0.1388
454,1059,1513,0.1388
459,1058,1517,0.1388
455,1061,1516,0.1388
458,1066,1524,0.1388
463,1059,1522,0.1388
462,1064,1526,0.1388
452,1069,1521,0.1388
453,1068,1521,0.1388
453,1071,1524,0.1388
459,1065,1524,0.1388
451,1072,1523,0.1388
446,1063,1509,0.1388
446,1068,1514,0.1388
445,1070,1515,0.1388
450,1071,1521,0.1388
444,1072,1516,0.1388
443,1072,1515,0.1388
443,1072,1515,0.1388
446,1069,1515,0.1388
447,1069,1516,0.1388
455,1075,1530,0.1388
451,1060,1511,0.1388
449,1073,1522,0.1388
441,1077,1518,0.1388
440,1075,1515,0.1388
446,1076,1522,0.1388
443,1069,1512,0.1388
440,1072,1512,0.1388
442,1080,1522,0.1388
448,1080,1528,0.1388
445,1077,1522,0.1388
444,1073,1517,0.1388
452,1060,1512,0.1388
448,1054,1502,0.1388
448,1064,1512,0.1388
450,1069,1519,0.1388
451,1067,1518,0.1388
447,1067,1514,0.1388
445,1062,1507,0.1388
446,1065,1511,0.1388
450,1057,1507,0.1388
451,1060,1511,0.1388
448,1066,1514,0.1388
447,1055,1502,0.1388
441,1058,1499,0.1388
440,1058,1498,0.1388
447,1057,1504,0.1388
446,1073,1519,0.1388
438,1084,1522,0.1388
434,1072,1506,0.1388
435,1069,1504,0.1388
432,1064,1496,0.1388
437,1064,1501,0.1388
442,1071,1513,0.1388
451,1056,1507,0.1388
456,1062,1518,0.1388
449,1072,1521,0.1388
453,1079,1532,0.1388
447,1060,1507,0.1388
444,1069,1513,0.1388
445,1069,1514,0.1388
443,1072,1515,0.1388
443,1069,1512,0.1388
446,1059,1505,0.1388
441,1054,1495,0.1388
442,1058,1500,0.1388
447,1066,1513,0.1388
444,1065,1509,0.1388
444,1068,1512,0.1388
442,1060,1502,0.1388
447,1053,1500,0.1388
445,1063,1508,0.1388
448,1071,1519,0.1388
449,1071,1520,0.1388
445,1068,1513,0.1388
440,1069,1509,0.1388
435,1073,1508,0.1388
435,1079,1514,0.1388
429,1083,1512,0.1388
427,1086,1513,0.1388
419,1083,1502,0.1388
422,1089,1511,0.1388
428,1078,1506,0.1388
427,1081,1508,0.1388
437,1077,1514,0.1388
433,1080,1513,0.1388
432,1090,1522,0.1388
433,1089,1522,0.1388
431,1076,1507,0.1388
427,1088,1515,0.1388
428,1078,1506,0.1388
427,1077,1504,0.1388
422,1085,1507,0.1388
423,1088,1511,0.1388
419,1092,1511,0.1388
417,1081,1498,0.1388
413,1077,1490,0.1388
409,1077,1486,0.1388
405,1094,1499,0.1388
411,1099,1510,0.1388
409,1112,1521,0.1388
408,1108,1516,0.1388
411,1105,1516,0.1388
408,1100,1508,0.1388
409,1094,1503,0.1388
405,1095,1500,0.1388
401,1109,1510,0.1388
403,1103,1506,0.1388
410,1096,1506,0.1388
408,1095,1503,0.1388
404,1100,1504,0.1388
402,1102,1504,0.1388
402,1099,1501,0.1388
399,1111,1510,0.1388
398,1111,1509,0.1388
395,1119,1514,0.1388
395,1119,1514,0.1388
389,1122,1511,0.1388
394,1114,1508,0.1388
397,1114,1511,0.1388
400,1116,1516,0.1388
400,1114,1514,0.1388
406,1097,1503,0.1388
404,1100,1504,0.1388
402,1104,1506,0.1388
398,1106,1504,0.1388
400,1103,1503,0.1388
398,1100,1498,0.1388
400,1092,1492,0.1388
403,1099,1502,0.1388
406,1092,1498,0.1388
404,1100,1504,0.1388
402,1114,1516,0.1388
396,1115,1511,0.1388
398,1123,1521,0.1388
397,1113,1510,0.1388
403,1110,1513,0.1388
396,1114,1510,0.1388
400,1108,1508,0.1388
395,1110,1505,0.1388
397,1123,1520,0.1388
401,1120,1521,0.1388
398,1125,1523,0.1388
398,1111,1509,0.1388
394,1103,1497,0.1388
394,1112,1506,0.1388
391,1121,1512,0.1388
397,1123,1520,0.1388
392,1112,1504,0.1388
388,1110,1498,0.1388
385,1105,1490,0.1388
387,1119,1506,0.1388
383,1120,1503,0.1388
389,1122,1511,0.1388
386,1128,1514,0.1388
381,1133,1514,0.1388
375,1121,1496,0.1388
377,1124,1501,0.1388
380,1122,1502,0.1388
380,1122,1502,0.1388
391,1122,1513,0.1388
393,1124,1517,0.1388
383,1130,1513,0.1388
379,1130,1509,0.1388
377,1132,1509,0.1388
371,1130,1501,0.1388
371,1138,1509,0.1388
375,1126,1501,0.1388
373,1112,1485,0.1388
370,1106,1476,0.1388
371,1132,1503,0.1388
368,1133,1501,0.1388
367,1136,1503,0.1388
366,1141,1507,0.1388
374,1141,1515,0.1388
365,1152,1517,0.1388
370,1148,1518,0.1388
368,1149,1517,0.1388
370,1147,1517,0.1388
374,1132,1506,0.1388
380,1124,1504,0.1388
377,1132,1509,0.1388
371,1139,1510,0.1388
374,1139,1513,0.1388
369,1132,1501,0.1388
370,1135,1505,0.1388
372,1140,1512,0.1388
374,1137,1511,0.1388
370,1137,1507,0.1388
370,1134,1504,0.1388
365,1131,1496,0.1388
368,1123,1491,0.1388
372,1123,1495,0.1388
379,1129,1508,0.1388
375,1132,1507,0.1388
378,1126,1504,0.1388
382,1124,1506,0.1388
385,1125,1510,0.1388
385,1130,1515,0.1388
382,1127,1509,0.1388
377,1124,1501,0.1388
378,1126,1504,0.1388
377,1118,1495,0.1388
374,1129,1503,0.1388
379,1123,1502,0.1388
380,1114,1494,0.1388
382,1123,1505,0.1388
391,1136,1527,0.1388
391,1149,1540,0.1388
381,1137,1518,0.1388
381,1132,1513,0.1388
379,1125,1504,0.1388
381,1129,1510,0.1388
377,1132,1509,0.1388
375,1132,1507,0.1388
370,1135,1505,0.1388
374,1130,1504,0.1388
376,1128,1504,0.1388
378,1130,1508,0.1388
381,1118,1499,0.1388
378,1136,1514,0.1388
373,1150,1523,0.1388
371,1133,1504,0.1388
370,1136,1506,0.1388
366,1132,1498,0.1388
361,1138,1499,0.1388
366,1149,1515,0.1388
364,1157,1521,0.1388
365,1149,1514,0.1388
362,1155,1517,0.1388
363,1155,1518,0.1388
370,1146,1516,0.1388
364,1144,1508,0.1388
359,1146,1505,0.1388
356,1149,1505,0.1388
360,1148,1508,0.1388
352,1139,1491,0.1388
344,1147,1491,0.1388
345,1148,1493,0.1388
352,1148,1500,0.1388
349,1151,1500,0.1388
348,1160,1508,0.1388
353,1144,1497,0.1388
345,1144,1489,0.1388
347,1156,1503,0.1388
350,1152,1502,0.1388
348,1151,1499,0.1388
350,1162,1512,0.1388
348,1163,1511,0.1388
347,1157,1504,0.1388
342,1163,1505,0.1388
336,1164,1500,0.1388
335,1158,1493,0.1388
336,1155,1491,0.1388
329,1157,1486,0.1388
332,1162,1494,0.1388
341,1160,1501,0.1388
340,1167,1507,0.1388
333,1168,1501,0.1388
334,1175,1509,0.1388
328,1190,1518,0.1388
323,1188,1511,0.1388
318,1188,1506,0.1388
321,1193,1514,0.1388
324,1183,1507,0.1388
326,1182,1508,0.1388
331,1182,1513,0.1388
332,1185,1517,0.1388
322,1175,1497,0.1388
328,1176,1504,0.1388
325,1187,1512,0.1388
321,1205,1526,0.1388
321,1202,1523,0.1388
324,1202,1526,0.1388
330,1200,1530,0.1388
331,1191,1522,0.1388
337,1181,1518,0.1388
338,1179,1517,0.1388
343,1180,1523,0.1388
339,1171,1510,0.1388
340,1166,1506,0.1388
323,1181,1504,0.1388
321,1176,1497,0.1388
323,1182,1505,0.1388
322,1189,1511,0.1388
312,1184,1496,0.1388
317,1211,1528,0.1388
320,1193,1513,0.1388
316,1200,1516,0.1388
318,1204,1522,0.1388
319,1202,1521,0.1388
317,1212,1529,0.1388
313,1212,1525,0.1388
309,1221,1530,0.1388
309,1218,1527,0.1388
312,1205,1517,0.1388
315,1207,1522,0.1388
312,1195,1507,0.1388
311,1195,1506,0.1388
310,1199,1509,0.1388
312,1198,1510,0.1388
311,1218,1529,0.1388
304,1203,1507,0.1388
306,1199,1505,0.1388
304,1206,1510,0.1388
301,1210,1511,0.1388
304,1211,1515,0.1388
299,1202,1501,0.1388
299,1194,1493,0.1388
303,1192,1495,0.1388
305,1200,1505,0.1388
307,1200,1507,0.1388
304,1184,1488,0.1388
304,1186,1490,0.1388
297,1181,1478,0.1388
300,1194,1494,0.1388
305,1199,1504,0.1388
300,1199,1499,0.1388
293,1211,1504,0.1388
293,1211,1504,0.1388
294,1210,1504,0.1388
293,1211,1504,0.1388
293,1216,1509,0.1388
299,1219,1518,0.1388
299,1219,1518,0.1388
297,1214,1511,0.1388
299,1218,1517,0.1388
300,1220,1520,0.1388
298,1207,1505,0.1388
298,1206,1504,0.1388
297,1206,1503,0.1388
304,1204,1508,0.1388
305,1212,1517,0.1388
303,1223,1526,0.1388
303,1222,1525,0.1388
300,1202,1502,0.1388
305,1213,1518,0.1388
303,1215,1518,0.1388
297,1211,1508,0.1388
297,1209,1506,0.1388
295,1214,1509,0.1388
294,1223,1517,0.1388
294,1229,1523,0.1388
295,1221,1516,0.1388
295,1223,1518,0.1388
297,1219,1516,0.1388
300,1219,1519,0.1388
293,1222,1515,0.1388
293,1220,1513,0.1388
289,1214,1503,0.1388
292,1220,1512,0.1388
305,1221,1526,0.1388
307,1215,1522,0.1388
307,1209,1516,0.1388
310,1219,1529,0.1388
308,1210,1518,0.1388
309,1214,1523,0.1388
306,1212,1518,0.1388
300,1219,1519,0.1388
304,1223,1527,0.1388
308,1230,1538,0.1388
305,1218,1523,0.1388
302,1218,1520,0.1388
299,1201,1500,0.1388
305,1207,1512,0.1388
308,1201,1509,0.1388
309,1198,1507,0.1388
308,1189,1497,0.1388
309,1199,1508,0.1388
308,1194,1502,0.1388
310,1207,1517,0.1388
316,1207,1523,0.1388
315,1200,1515,0.1388
314,1198,1512,0.1388
314,1213,1527,0.1388
310,1220,1530,0.1388
303,1215,1518,0.1388
306,1205,1511,0.1388
303,1203,1506,0.1388
304,1198,1502,0.1388
301,1207,1508,0.1388
300,1212,1512,0.1388
295,1220,1515,0.1388
300,1220,1520,0.1388
300,1235,1535,0.1388
301,1225,1526,0.1388
301,1216,1517,0.1388
303,1220,1523,0.1388
298,1215,1513,0.1388
299,1210,1509,0.1388
302,1213,1515,0.1388
302,1212,1514,0.1388
304,1208,1512,0.1388
300,1205,1505,0.1388
304,1204,1508,0.1388
300,1212,1512,0.1388
300,1205,1505,0.1388
299,1214,1513,0.1388
299,1211,1510,0.1388
294,1207,1501,0.1388
286,1209,1495,0.1388
286,1208,1494,0.1388
285,1206,1491,0.1388
279,1220,1499,0.1388
271,1214,1485,0.1388
274,1228,1502,0.1388
277,1217,1494,0.1388
282,1220,1502,0.1388
282,1225,1507,0.1388
284,1225,1509,0.1388
285,1224,1509,0.1388
289,1222,1511,0.1388
287,1226,1513,0.1388
284,1227,1511,0.1388
280,1232,1512,0.1388
277,1234,1511,0.1388
278,1222,1500,0.1388
274,1228,1502,0.1388
277,1243,1520,0.1388
281,1232,1513,0.1388
280,1228,1508,0.1388
283,1224,1507,0.1388
281,1223,1504,0.1388
281,1239,1520,0.1388
276,1242,1518,0.1388
278,1248,1526,0.1388
284,1240,1524,0.1388
279,1234,1513,0.1388
280,1226,1506,0.1388
280,1234,1514,0.1388
280,1235,1515,0.1388
277,1230,1507,0.1388
277,1224,1501,0.1388
276,1232,1508,0.1388
277,1230,1507,0.1388
278,1233,1511,0.1388
282,1239,1521,0.1388
281,1236,1517,0.1388
276,1247,1523,0.1388
276,1236,1512,0.1388
278,1236,1514,0.1388
272,1233,1505,0.1388
274,1237,1511,0.1388
275,1245,1520,0.1388
275,1239,1514,0.1388
273,1245,1518,0.1388
270,1248,1518,0.1388
270,1251,1521,0.1388
269,1246,1515,0.1388
266,1251,1517,0.1388
265,1250,1515,0.1388
263,1258,1521,0.1388
259,1246,1505,0.1388
260,1246,1506,0.1388
256,1252,1508,0.1388
257,1247,1504,0.1388
260,1253,1513,0.1388
258,1254,1512,0.1388
259,1263,1522,0.1388
258,1265,1523,0.1388
258,1260,1518,0.1388
253,1264,1517,0.1388
249,1257,1506,0.1388
247,1259,1506,0.1388
255,1260,1515,0.1388
253,1263,1516,0.1388
256,1252,1508,0.1388
259,1254,1513,0.1388
257,1259,1516,0.1388
258,1267,1525,0.1388
255,1256,1511,0.1388
250,1249,1499,0.1388
251,1256,1507,0.1388
252,1245,1497,0.1388
260,1254,1514,0.1388
260,1257,1517,0.1388
264,1263,1527,0.1388
266,1259,1525,0.1388
263,1257,1520,0.1388
265,1250,1515,0.1388
261,1247,1508,0.1388
262,1260,1522,0.1388
255,1253,1508,0.1388
256,1257,1513,0.1388
264,1266,1530,0.1388
257,1259,1516,0.1388
256,1260,1516,0.1388
255,1255,1510,0.1388
255,1261,1516,0.1388
256,1249,1505,0.1388
256,1240,1496,0.1388
258,1233,1491,0.1388
258,1240,1498,0.1388
262,1236,1498,0.1388
259,1252,1511,0.1388
262,1239,1501,0.1388
264,1239,1503,0.1388
264,1250,1514,0.1388
259,1253,1512,0.1388
260,1252,1512,0.1388
263,1261,1524,0.1388
261,1250,1511,0.1388
256,1257,1513,0.1388
259,1266,1525,0.1388
257,1267,1524,0.1388
261,1255,1516,0.1388
261,1264,1525,0.1388
257,1256,1513,0.1388
255,1253,1508,0.1388
249,1248,1497,0.1388
253,1246,1499,0.1388
259,1260,1519,0.1388
258,1250,1508,0.1388
253,1251,1504,0.1388
252,1262,1514,0.1388
254,1267,1521,0.1388
255,1260,1515,0.1388
251,1268,1519,0.1388
256,1266,1522,0.1388
250,1267,1517,0.1388
238,1269,1507,0.1388
235,1269,1504,0.1388
238,1276,1514,0.1388
243,1264,1507,0.1388
237,1269,1506,0.1388
235,1267,1502,0.1388
232,1272,1504,0.1388
230,1261,1491,0.1388
229,1263,1492,0.1388
233,1269,1502,0.1388
228,1277,1505,0.1388
232,1287,1519,0.1388
230,1284,1514,0.1388
223,1286,1509,0.1388
229,1286,1515,0.1388
231,1288,1519,0.1388
232,1298,1530,0.1388
229,1303,1532,0.1388
229,1307,1536,0.1388
231,1299,1530,0.1388
225,1299,1524,0.1388
223,1298,1521,0.1388
222,1304,1526,0.1388
218,1295,1513,0.1388
220,1288,1508,0.1388
211,1293,1504,0.1388
215,1302,1517,0.1388
217,1301,1518,0.1388
214,1296,1510,0.1388
218,1290,1508,0.1388
219,1287,1506,0.1388
221,1285,1506,0.1388
225,1285,1510,0.1388
227,1287,1514,0.1388
227,1295,1522,0.1388
224,1302,1526,0.1388
226,1298,1524,0.1388
223,1297,1520,0.1388
217,1284,1501,0.1388
219,1284,1503,0.1388
221,1285,1506,0.1388
224,1293,1517,0.1388
220,1295,1515,0.1388
221,1293,1514,0.1388
223,1289,1512,0.1388
223,1293,1516,0.1388
227,1293,1520,0.1388
226,1273,1499,0.1388
223,1283,1506,0.1388
225,1282,1507,0.1388
220,1286,1506,0.1388
219,1285,1504,0.1388
221,1295,1516,0.1388
216,1300,1516,0.1388
221,1307,1528,0.1388
221,1301,1522,0.1388
217,1298,1515,0.1388
219,1299,1518,0.1388
215,1299,1514,0.1388
211,1294,1505,0.1388
213,1306,1519,0.1388
213,1306,1519,0.1388
217,1298,1515,0.1388
215,1281,1496,0.1388
216,1282,1498,0.1388
212,1302,1514,0.1388
210,1306,1516,0.1388
210,1307,1517,0.1388
209,1308,1517,0.1388
208,1309,1517,0.1388
205,1305,1510,0.1388
205,1313,1518,0.1388
208,1310,1518,0.1388
209,1308,1517,0.1388
210,1300,1510,0.1388
207,1307,1514,0.1388
205,1305,1510,0.1388
201,1305,1506,0.1388
199,1314,1513,0.1388
203,1305,1508,0.1388
202,1311,1513,0.1388
202,1302,1504,0.1388
205,1310,1515,0.1388
206,1309,1515,0.1388
209,1301,1510,0.1388
213,1295,1508,0.1388
214,1289,1503,0.1388
217,1301,1518,0.1388
220,1308,1528,0.1388
216,1302,1518,0.1388
212,1289,1501,0.1388
209,1290,1499,0.1388
211,1292,1503,0.1388
208,1302,1510,0.1388
213,1297,1510,0.1388
212,1301,1513,0.1388
215,1292,1507,0.1388
209,1290,1499,0.1388
206,1291,1497,0.1388
207,1301,1508,0.1388
206,1304,1510,0.1388
208,1310,1518,0.1388
209,1302,1511,0.1388
207,1293,1500,0.1388
207,1300,1507,0.1388
204,1300,1504,0.1388
206,1296,1502,0.1388
208,1302,1510,0.1388
211,1316,1527,0.1388
211,1317,1528,0.1388
210,1312,1522,0.1388
210,1309,1519,0.1388
199,1309,1508,0.1388
198,1307,1505,0.1388
204,1306,1510,0.1388
206,1316,1522,0.1388
214,1304,1518,0.1388
214,1308,1522,0.1388
209,1301,1510,0.1388
206,1301,1507,0.1388
210,1306,1516,0.1388
211,1310,1521,0.1388
209,1296,1505,0.1388
210,1300,1510,0.1388
212,1300,1512,0.1388
215,1307,1522,0.1388
215,1320,1535,0.1388
211,1325,1536,0.1388
215,1319,1534,0.1388
216,1314,1530,0.1388
213,1320,1533,0.1388
212,1316,1528,0.1388
214,1323,1537,0.1388
209,1323,1532,0.1388
204,1324,1528,0.1388
199,1319,1518,0.1388
199,1327,1526,0.1388
199,1321,1520,0.1388
199,1312,1511,0.1388
194,1320,1514,0.1388
189,1317,1506,0.1388
184,1324,1508,0.1388
181,1325,1506,0.1388
185,1326,1511,0.1388
192,1320,1512,0.1388
187,1337,1524,0.1388
188,1343,1531,0.1388
187,1341,1528,0.1388
185,1328,1513,0.1388
187,1341,1528,0.1388
190,1332,1522,0.1388
190,1332,1522,0.1388
187,1337,1524,0.1388
189,1330,1519,0.1388
194,1320,1514,0.1388
187,1328,1515,0.1388
189,1324,1513,0.1388
194,1325,1519,0.1388
190,1335,1525,0.1388
189,1327,1516,0.1388
186,1317,1503,0.1388
188,1321,1509,0.1388
187,1328,1515,0.1388
189,1323,1512,0.1388
190,1322,1512,0.1388
187,1320,1507,0.1388
187,1320,1507,0.1388
187,1330,1517,0.1388
185,1324,1509,0.1388
184,1331,1515,0.1388
192,1321,1513,0.1388
192,1334,1526,0.1388
195,1338,1533,0.1388
195,1330,1525,0.1388
193,1332,1525,0.1388
191,1334,1525,0.1388
191,1322,1513,0.1388
195,1312,1507,0.1388
193,1304,1497,0.1388
196,1306,1502,0.1388
197,1291,1488,0.1388
192,1303,1495,0.1388
192,1304,1496,0.1388
190,1307,1497,0.1388
190,1319,1509,0.1388
184,1306,1490,0.1388
181,1299,1480,0.1388
184,1309,1493,0.1388
186,1314,1500,0.1388
186,1323,1509,0.1388
189,1316,1505,0.1388
188,1332,1520,0.1388
186,1324,1510,0.1388
182,1320,1502,0.1388
179,1308,1487,0.1388
182,1328,1510,0.1388
182,1324,1506,0.1388
176,1333,1509,0.1388
177,1341,1518,0.1388
173,1331,1504,0.1388
168,1325,1493,0.1388
169,1329,1498,0.1388
166,1331,1497,0.1388
171,1340,1511,0.1388
171,1346,1517,0.1388
168,1351,1519,0.1388
169,1342,1511,0.1388
170,1345,1515,0.1388
166,1360,1526,0.1388
168,1358,1526,0.1388
165,1348,1513,0.1388
163,1333,1496,0.1388
161,1340,1501,0.1388
156,1337,1493,0.1388
158,1337,1495,0.1388
156,1343,1499,0.1388
157,1346,1503,0.1388
154,1353,1507,0.1388
155,1350,1505,0.1388
150,1353,1503,0.1388
152,1364,1516,0.1388
151,1372,1523,0.1388
150,1362,1512,0.1388
151,1374,1525,0.1388
146,1379,1525,0.1388
144,1381,1525,0.1388
142,1374,1516,0.1388
139,1360,1499,0.1388
139,1369,1508,0.1388
141,1375,1516,0.1388
140,1367,1507,0.1388
144,1370,1514,0.1388
146,1377,1523,0.1388
145,1383,1528,0.1388
146,1381,1527,0.1388
143,1365,1508,0.1388
135,1366,1501,0.1388
136,1369,1505,0.1388
139,1371,1510,0.1388
140,1365,1505,0.1388
141,1365,1506,0.1388
133,1371,1504,0.1388
132,1377,1509,0.1388
130,1367,1497,0.1388
131,1379,1510,0.1388
132,1377,1509,0.1388
130,1385,1515,0.1388
130,1390,1520,0.1388
129,1384,1513,0.1388
128,1388,1516,0.1388
128,1381,1509,0.1388
134,1382,1516,0.1388
132,1379,1511,0.1388
132,1376,1508,0.1388
134,1378,1512,0.1388
135,1376,1511,0.1388
130,1375,1505,0.1388
131,1379,1510,0.1388
130,1382,1512,0.1388
131,1382,1513,0.1388
132,1381,1513,0.1388
138,1375,1513,0.1388
138,1378,1516,0.1388
141,1378,1519,0.1388
144,1381,1525,0.1388
143,1389,1532,0.1388
143,1377,1520,0.1388
143,1370,1513,0.1388
145,1362,1507,0.1388
149,1364,1513,0.1388
148,1372,1520,0.1388
144,1373,1517,0.1388
145,1374,1519,0.1388
151,1369,1520,0.1388
147,1367,1514,0.1388
148,1367,1515,0.1388
150,1370,1520,0.1388
153,1364,1517,0.1388
147,1348,1495,0.1388
149,1360,1509,0.1388
149,1377,1526,0.1388
150,1374,1524,0.1388
144,1368,1512,0.1388
148,1370,1518,0.1388
150,1377,1527,0.1388
147,1365,1512,0.1388
145,1372,1517,0.1388
143,1366,1509,0.1388
144,1369,1513,0.1388
143,1376,1519,0.1388
145,1389,1534,0.1388
142,1381,1523,0.1388
137,1378,1515,0.1388
137,1387,1524,0.1388
137,1382,1519,0.1388
136,1378,1514,0.1388
133,1374,1507,0.1388
133,1381,1514,0.1388
135,1372,1507,0.1388
132,1368,1500,0.1388
128,1375,1503,0.1388
126,1370,1496,0.1388
128,1380,1508,0.1388
129,1387,1516,0.1388
128,1389,1517,0.1388
130,1380,1510,0.1388
129,1383,1512,0.1388
126,1398,1524,0.1388
125,1401,1526,0.1388
127,1393,1520,0.1388
126,1396,1522,0.1388
123,1390,1513,0.1388
122,1391,1513,0.1388
122,1398,1520,0.1388
124,1404,1528,0.1388
124,1387,1511,0.1388
119,1401,1520,0.1388
115,1406,1521,0.1388
118,1415,1533,0.1388
119,1404,1523,0.1388
118,1399,1517,0.1388
114,1396,1510,0.1388
115,1390,1505,0.1388
117,1379,1496,0.1388
117,1377,1494,0.1388
114,1384,1498,0.1388
115,1379,1494,0.1388
115,1381,1496,0.1388
112,1386,1498,0.1388
110,1385,1495,0.1388
109,1399,1508,0.1388
113,1401,1514,0.1388
112,1402,1514,0.1388
111,1395,1506,0.1388
110,1397,1507,0.1388
114,1404,1518,0.1388
114,1390,1504,0.1388
116,1389,1505,0.1388
110,1393,1503,0.1388
110,1391,1501,0.1388
108,1417,1525,0.1388
110,1412,1522,0.1388
108,1409,1517,0.1388
107,1417,1524,0.1388
106,1418,1524,0.1388
105,1423,1528,0.1388
103,1426,1529,0.1388
102,1430,1532,0.1388
104,1431,1535,0.1388
100,1426,1526,0.1388
100,1427,1527,0.1388
101,1422,1523,0.1388
96,1400,1496,0.1388
96,1396,1492,0.1388
99,1405,1504,0.1388
102,1401,1503,0.1388
106,1400,1506,0.1388
102,1399,1501,0.1388
100,1415,1515,0.1388
101,1421,1522,0.1388
98,1420,1518,0.1388
98,1425,1523,0.1388
98,1431,1529,0.1388
99,1421,1520,0.1388
97,1417,1514,0.1388
97,1427,1524,0.1388
98,1418,1516,0.1388
96,1420,1516,0.1388
90,1422,1512,0.1388
93,1422,1515,0.1388
89,1412,1501,0.1388
85,1427,1512,0.1388
87,1432,1519,0.1388
82,1429,1511,0.1388
80,1438,1518,0.1388
80,1426,1506,0.1388
85,1432,1517,0.1388
88,1442,1530,0.1388
92,1437,1529,0.1388
91,1448,1539,0.1388
88,1428,1516,0.1388
89,1426,1515,0.1388
91,1431,1522,0.1388
90,1422,1512,0.1388
89,1426,1515,0.1388
90,1436,1526,0.1388
90,1426,1516,0.1388
87,1420,1507,0.1388
86,1448,1534,0.1388
83,1443,1526,0.1388
84,1448,1532,0.1388
85,1449,1534,0.1388
83,1444,1527,0.1388
81,1429,1510,0.1388
84,1431,1515,0.1388
85,1434,1519,0.1388
86,1425,1511,0.1388
84,1434,1518,0.1388
84,1442,1526,0.1388
85,1431,1516,0.1388
86,1424,1510,0.1388
90,1426,1516,0.1388
90,1421,1511,0.1388
90,1422,1512,0.1388
90,1412,1502,0.1388
92,1418,1510,0.1388
89,1417,1506,0.1388
86,1415,1501,0.1388
85,1426,1511,0.1388
86,1426,1512,0.1388
87,1428,1515,0.1388
86,1426,1512,0.1388
88,1433,1521,0.1388
89,1416,1505,0.1388
89,1419,1508,0.1388
88,1433,1521,0.1388
88,1430,1518,0.1388
87,1424,1511,0.1388
86,1426,1512,0.1388
85,1424,1509,0.1388
83,1423,1506,0.1388
84,1425,1509,0.1388
85,1432,1517,0.1388
81,1426,1507,0.1388
84,1435,1519,0.1388
83,1422,1505,0.1388
83,1431,1514,0.1388
81,1435,1516,0.1388
78,1438,1516,0.1388
77,1445,1522,0.1388
79,1444,1523,0.1388
79,1439,1518,0.1388
77,1439,1516,0.1388
78,1452,1530,0.1388
78,1451,1529,0.1388
79,1440,1519,0.1388
81,1447,1528,0.1388
78,1441,1519,0.1388
78,1435,1513,0.1388
81,1451,1532,0.1388
80,1446,1526,0.1388
79,1437,1516,0.1388
79,1442,1521,0.1388
79,1456,1535,0.1388
78,1438,1516,0.1388
77,1442,1519,0.1388
76,1439,1515,0.1388
72,1436,1508,0.1388
72,1452,1524,0.1388
71,1452,1523,0.1388
67,1440,1507,0.1388
69,1453,1522,0.1388
69,1458,1527,0.1388
72,1440,1512,0.1388
71,1452,1523,0.1388
71,1454,1525,0.1388
73,1451,1524,0.1388
74,1451,1525,0.1388
73,1452,1525,0.1388
73,1448,1521,0.1388
71,1444,1515,0.1388
68,1444,1512,0.1388
69,1436,1505,0.1388
73,1449,1522,0.1388
69,1443,1512,0.1388
68,1447,1515,0.1388
66,1434,1500,0.1388
68,1452,1520,0.1388
68,1454,1522,0.1388
66,1454,1520,0.1388
63,1438,1501,0.1388
60,1448,1508,0.1388
59,1449,1508,0.1388
59,1456,1515,0.1388
61,1444,1505,0.1388
60,1447,1507,0.1388
59,1443,1502,0.1388
59,1448,1507,0.1388
58,1442,1500,0.1388
59,1447,1506,0.1388
56,1448,1504,0.1388
54,1453,1507,0.1388
53,1464,1517,0.1388
55,1458,1513,0.1388
53,1462,1515,0.1388
53,1459,1512,0.1388
56,1445,1501,0.1388
56,1462,1518,0.1388
58,1471,1529,0.1388
57,1466,1523,0.1388
58,1469,1527,0.1388
58,1468,1526,0.1388
59,1474,1533,0.1388
60,1469,1529,0.1388
60,1463,1523,0.1388
59,1456,1515,0.1388
58,1471,1529,0.1388
59,1475,1534,0.1388
61,1469,1530,0.1388
59,1467,1526,0.1388
58,1463,1521,0.1388
60,1449,1509,0.1388
59,1457,1516,0.1388
56,1465,1521,0.1388
58,1444,1502,0.1388
57,1443,1500,0.1388
57,1446,1503,0.1388
55,1462,1517,0.1388
57,1467,1524,0.1388
59,1481,1540,0.1388
58,1480,1538,0.1388
57,1482,1539,0.1388
55,1476,1531,0.1388
55,1469,1524,0.1388
55,1459,1514,0.1388
55,1471,1526,0.1388
55,1466,1521,0.1388
54,1464,1518,0.1388
55,1463,1518,0.1388
55,1475,1530,0.1388
56,1461,1517,0.1388
55,1455,1510,0.1388
56,1466,1522,0.1388
58,1463,1521,0.1388
58,1474,1532,0.1388
60,1468,1528,0.1388
62,1463,1525,0.1388
63,1452,1515,0.1388
66,1455,1521,0.1388
64,1463,1527,0.1388
65,1453,1518,0.1388
64,1455,1519,0.1388
62,1453,1515,0.1388
62,1452,1514,0.1388
60,1453,1513,0.1388
59,1452,1511,0.1388
58,1460,1518,0.1388
58,1448,1506,0.1388
57,1443,1500,0.1388
56,1431,1487,0.1388
57,1437,1494,0.1388
57,1437,1494,0.1388
55,1443,1498,0.1388
61,1450,1511,0.1388
60,1464,1524,0.1388
58,1459,1517,0.1388
56,1461,1517,0.1388
57,1466,1523,0.1388
56,1459,1515,0.1388
57,1460,1517,0.1388
57,1469,1526,0.1388
57,1461,1518,0.1388
57,1447,1504,0.1388
55,1448,1503,0.1388
55,1448,1503,0.1388
55,1444,1499,0.1388
55,1445,1500,0.1388
53,1452,1505,0.1388
52,1454,1506,0.1388
45,1451,1496,0.1388
44,1456,1500,0.1388
44,1462,1506,0.1388
43,1467,1510,0.1388
47,1472,1519,0.1388
47,1469,1516,0.1388
44,1476,1520,0.1388
43,1482,1525,0.1388
46,1468,1514,0.1388
48,1464,1512,0.1388
48,1471,1519,0.1388
50,1463,1513,0.1388
47,1475,1522,0.1388
44,1478,1522,0.1388
45,1474,1519,0.1388
45,1475,1520,0.1388
44,1481,1525,0.1388
46,1482,1528,0.1388
45,1482,1527,0.1388
45,1488,1533,0.1388
48,1487,1535,0.1388
47,1487,1534,0.1388
44,1473,1517,0.1388
44,1476,1520,0.1388
44,1462,1506,0.1388
46,1472,1518,0.1388
46,1479,1525,0.1388
42,1472,1514,0.1388
46,1464,1510,0.1388
45,1472,1517,0.1388
44,1459,1503,0.1388
44,1475,1519,0.1388
44,1480,1524,0.1388
44,1489,1533,0.1388
44,1478,1522,0.1388
43,1479,1522,0.1388
44,1485,1529,0.1388
43,1476,1519,0.1388
46,1472,1518,0.1388
48,1472,1520,0.1388
45,1477,1522,0.1388
44,1473,1517,0.1388
44,1465,1509,0.1388
44,1477,1521,0.1388
42,1469,1511,0.1388
41,1474,1515,0.1388
40,1473,1513,0.1388
41,1473,1514,0.1388
43,1462,1505,0.1388
41,1464,1505,0.1388
39,1458,1497,0.1388
38,1466,1504,0.1388
38,1464,1502,0.1388
38,1479,1517,0.1388
37,1482,1519,0.1388
36,1485,1521,0.1388
35,1489,1524,0.1388
36,1474,1510,0.1388
36,1468,1504,0.1388
36,1480,1516,0.1388
36,1472,1508,0.1388
36,1470,1506,0.1388
35,1471,1506,0.1388
35,1482,1517,0.1388
34,1484,1518,0.1388
38,1480,1518,0.1388
39,1469,1508,0.1388
38,1476,1514,0.1388
41,1476,1517,0.1388
41,1474,1515,0.1388
41,1481,1522,0.1388
39,1488,1527,0.1388
41,1474,1515,0.1388
40,1480,1520,0.1388
39,1479,1518,0.1388
43,1468,1511,0.1388
41,1486,1527,0.1388
39,1493,1532,0.1388
41,1484,1525,0.1388
40,1474,1514,0.1388
38,1486,1524,0.1388
37,1482,1519,0.1388
35,1489,1524,0.1388
36,1496,1532,0.1388
35,1480,1515,0.1388
34,1484,1518,0.1388
35,1484,1519,0.1388
34,1490,1524,0.1388
35,1484,1519,0.1388
35,1472,1507,0.1388
34,1469,1503,0.1388
35,1468,1503,0.1388
37,1466,1503,0.1388
38,1456,1494,0.1388
39,1462,1501,0.1388
38,1470,1508,0.1388
38,1474,1512,0.1388
36,1482,1518,0.1388
37,1485,1522,0.1388
36,1485,1521,0.1388
38,1469,1507,0.1388
36,1469,1505,0.1388
35,1480,1515,0.1388
36,1492,1528,0.1388
38,1484,1522,0.1388
38,1483,1521,0.1388
39,1481,1520,0.1388
41,1486,1527,0.1388
41,1471,1512,0.1388
42,1470,1512,0.1388
41,1478,1519,0.1388
41,1486,1527,0.1388
40,1485,1525,0.1388
39,1475,1514,0.1388
38,1476,1514,0.1388
40,1493,1533,0.1388
38,1489,1527,0.1388
37,1483,1520,0.1388
37,1496,1533,0.1388
38,1492,1530,0.1388
39,1485,1524,0.1388
40,1477,1517,0.1388
39,1464,1503,0.1388
37,1477,1514,0.1388
34,1478,1512,0.1388
34,1482,1516,0.1388
34,1479,1513,0.1388
34,1472,1506,0.1388
35,1488,1523,0.1388
36,1495,1531,0.1388
36,1494,1530,0.1388
36,1486,1522,0.1388
37,1481,1518,0.1388
35,1476,1511,0.1388
35,1477,1512,0.1388
35,1480,1515,0.1388
34,1479,1513,0.1388
33,1483,1516,0.1388
33,1489,1522,0.1388
32,1499,1531,0.1388
34,1500,1534,0.1388
35,1492,1527,0.1388
35,1489,1524,0.1388
34,1491,1525,0.1388
34,1499,1533,0.1388
33,1493,1526,0.1388
33,1489,1522,0.1388
33,1486,1519,0.1388
32,1484,1516,0.1388
32,1487,1519,0.1388
33,1489,1522,0.1388
33,1485,1518,0.1388
34,1483,1517,0.1388
33,1494,1527,0.1388
34,1485,1519,0.1388
36,1483,1519,0.1388
34,1478,1512,0.1388
34,1497,1531,0.1388
33,1491,1524,0.1388
35,1477,1512,0.1388
36,1484,1520,0.1388
35,1482,1517,0.1388
33,1483,1516,0.1388
33,1481,1514,0.1388
34,1480,1514,0.1388
34,1470,1504,0.1388
34,1474,1508,0.1388
36,1474,1510,0.1388
35,1481,1516,0.1388
35,1485,1520,0.1388
36,1478,1514,0.1388
36,1478,1514,0.1388
36,1481,1517,0.1388
36,1480,1516,0.1388
36,1477,1513,0.1388
36,1481,1517,0.1388
36,1490,1526,0.1388
34,1475,1509,0.1388
32,1463,1495,0.1388
34,1483,1517,0.1388
34,1479,1513,0.1388
34,1471,1505,0.1388
36,1495,1531,0.1388
36,1480,1516,0.1388
36,1483,1519,0.1388
37,1476,1513,0.1388
34,1475,1509,0.1388
34,1474,1508,0.1388
35,1491,1526,0.1388
33,1492,1525,0.1388
33,1483,1516,0.1388
32,1483,1515,0.1388
32,1479,1511,0.1388
29,1482,1511,0.1388
31,1475,1506,0.1388
31,1477,1508,0.1388
29,1483,1512,0.1388
29,1492,1521,0.1388
27,1495,1522,0.1388
26,1492,1518,0.1388
26,1503,1529,0.1388
27,1496,1523,0.1388
28,1491,1519,0.1388
28,1498,1526,0.1388
28,1496,1524,0.1388
27,1497,1524,0.1388
27,1497,1524,0.1388
23,1491,1514,0.1388
23,1499,1522,0.1388
22,1489,1511,0.1388
21,1489,1510,0.1388
21,1486,1507,0.1388
21,1479,1500,0.1388
21,1478,1499,0.1388
22,1491,1513,0.1388
21,1503,1524,0.1388
22,1499,1521,0.1388
23,1502,1525,0.1388
23,1498,1521,0.1388
24,1487,1511,0.1388
25,1489,1514,0.1388
26,1473,1499,0.1388
24,1484,1508,0.1388
23,1488,1511,0.1388
21,1489,1510,0.1388
19,1508,1527,0.1388
19,1495,1514,0.1388
21,1499,1520,0.1388
21,1502,1523,0.1388
21,1496,1517,0.1388
22,1495,1517,0.1388
22,1492,1514,0.1388
24,1487,1511,0.1388
22,1478,1500,0.1388
22,1488,1510,0.1388
22,1499,1521,0.1388
20,1495,1515,0.1388
19,1481,1500,0.1388
20,1488,1508,0.1388
20,1494,1514,0.1388
20,1502,1522,0.1388
18,1497,1515,0.1388
19,1512,1531,0.1388
21,1512,1533,0.1388
21,1505,1526,0.1388
21,1494,1515,0.1388
21,1495,1516,0.1388
21,1491,1512,0.1388
22,1482,1504,0.1388
21,1492,1513,0.1388
20,1511,1531,0.1388
22,1506,1528,0.1388
22,1507,1529,0.1388
20,1504,1524,0.1388
19,1503,1522,0.1388
19,1503,1522,0.1388
20,1505,1525,0.1388
19,1510,1529,0.1388
18,1497,1515,0.1388
19,1507,1526,0.1388
17,1501,1518,0.1388
16,1500,1516,0.1388
16,1506,1522,0.1388
16,1509,1525,0.1388
16,1510,1526,0.1388
17,1495,1512,0.1388
17,1491,1508,0.1388
16,1498,1514,0.1388
15,1498,1513,0.1388
15,1500,1515,0.1388
15,1499,1514,0.1388
14,1486,1500,0.1388
14,1503,1517,0.1388
14,1493,1507,0.1388
12,1494,1506,0.1388
12,1497,1509,0.1388
10,1494,1504,0.1388
10,1495,1505,0.1388
10,1502,1512,0.1388
10,1506,1516,0.1388
10,1497,1507,0.1388
10,1497,1507,0.1388
10,1491,1501,0.1388
9,1490,1499,0.1388
9,1503,1512,0.1388
10,1505,1515,0.1388
10,1510,1520,0.1388
10,1511,1521,0.1388
10,1498,1508,0.1388
10,1505,1515,0.1388
10,1488,1498,0.1388
9,1488,1497,0.1388
9,1505,1514,0.1388
10,1502,1512,0.1388
10,1503,1513,0.1388
10,1507,1517,0.1388
10,1513,1523,0.1388
10,1504,1514,0.1388
10,1504,1514,0.1388
9,1496,1505,0.1388
10,1507,1517,0.1388
10,1512,1522,0.1388
10,1506,1516,0.1388
10,1517,1527,0.1388
8,1505,1513,0.1388
8,1512,1520,0.1388
7,1515,1522,0.1388
7,1507,1514,0.1388
7,1517,1524,0.1388
7,1518,1525,0.1388
7,1510,1517,0.1388
6,1500,1506,0.1388
6,1496,1502,0.1388
6,1499,1505,0.1388
6,1506,1512,0.1388
6,1509,1515,0.1388
7,1507,1514,0.1388
7,1507,1514,0.1388
8,1504,1512,0.1388
8,1505,1513,0.1388
8,1502,1510,0.1388
8,1492,1500,0.1388
8,1493,1501,0.1388
8,1512,1520,0.1388
7,1521,1528,0.1388
8,1506,1514,0.1388
8,1514,1522,0.1388
7,1509,1516,0.1388
7,1506,1513,0.1388
8,1502,1510,0.1388
8,1496,1504,0.1388
8,1493,1501,0.1388
8,1490,1498,0.1388
8,1493,1501,0.1388
8,1490,1498,0.1388
8,1502,1510,0.1388
8,1499,1507,0.1388
8,1510,1518,0.1388
7,1523,1530,0.1388
7,1520,1527,0.1388
8,1508,1516,0.1388
7,1511,1518,0.1388
8,1529,1537,0.1388
8,1527,1535,0.1388
8,1515,1523,0.1388
8,1512,1520,0.1388
7,1510,1517,0.1388
7,1504,1511,0.1388
7,1511,1518,0.1388
6,1509,1515,0.1388
6,1515,1521,0.1388
7,1515,1522,0.1388
8,1519,1527,0.1388
9,1526,1535,0.1388
9,1525,1534,0.1388
9,1513,1522,0.1388
9,1513,1522,0.1388
9,1515,1524,0.1388
8,1511,1519,0.1388
7,1524,1531,0.1388
7,1524,1531,0.1388
7,1516,1523,0.1388
6,1512,1518,0.1388
7,1511,1518,0.1388
7,1511,1518,0.1388
7,1510,1517,0.1388
7,1501,1508,0.1388
7,1516,1523,0.1388
8,1516,1524,0.1388
8,1510,1518,0.1388
8,1499,1507,0.1388
8,1503,1511,0.1388
8,1515,1523,0.1388
8,1501,1509,0.1388
8,1490,1498,0.1388
8,1495,1503,0.1388
8,1494,1502,0.1388
9,1501,1510,0.1388
9,1492,1501,0.1388
12,1499,1511,0.1388
12,1501,1513,0.1388
12,1511,1523,0.1388
11,1514,1525,0.1388
10,1499,1509,0.1388
10,1515,1525,0.1388
10,1514,1524,0.1388
8,1502,1510,0.1388
7,1494,1501,0.1388
7,1502,1509,0.1388
7,1501,1508,0.1388
8,1499,1507,0.1388
8,1498,1506,0.1388
8,1505,1513,0.1388
6,1505,1511,0.1388
5,1509,1514,0.1388
4,1502,1506,0.1388
4,1506,1510,0.1388
4,1514,1518,0.1388
4,1524,1528,0.1388
4,1513,1517,0.1388
4,1522,1526,0.1388
3,1515,1518,0.1388
3,1510,1513,0.1388
3,1527,1530,0.1388
3,1519,1522,0.1388
3,1527,1530,0.1388
3,1515,1518,0.1388
3,1520,1523,0.1388
3,1523,1526,0.1388
3,1526,1529,0.1388
3,1503,1506,0.1388
3,1505,1508,0.1388
3,1509,1512,0.1388
3,1513,1516,0.1388
3,1524,1527,0.1388
3,1515,1518,0.1388
3,1513,1516,0.1388
3,1488,1491,0.1388
3,1515,1518,0.1388
3,1520,1523,0.1388
3,1515,1518,0.1388
3,1512,1515,0.1388
3,1508,1511,0.1388
3,1513,1516,0.1388
3,1523,1526,0.1388
3,1518,1521,0.1388
3,1506,1509,0.1388
3,1512,1515,0.1388
3,1516,1519,0.1388
3,1516,1519,0.1388
3,1517,1520,0.1388
3,1512,1515,0.1388
3,1505,1508,0.1388
3,1515,1518,0.1388
3,1521,1524,0.1388
3,1524,1527,0.1388
3,1515,1518,0.1388
3,1516,1519,0.1388
3,1521,1524,0.1388
4,1511,1515,0.1388
4,1521,1525,0.1388
4,1505,1509,0.1388
4,1503,1507,0.1388
4,1517,1521,0.1388
4,1497,1501,0.1388
4,1507,1511,0.1388
4,1504,1508,0.1388
4,1504,1508,0.1388
5,1504,1509,0.1388
5,1523,1528,0.1388
5,1521,1526,0.1388
6,1513,1519,0.1388
6,1524,1530,0.1388
6,1531,1537,0.1388
6,1528,1534,0.1388
5,1510,1515,0.1388
4,1514,1518,0.1388
4,1510,1514,0.1388
4,1511,1515,0.1388
4,1518,1522,0.1388
3,1510,1513,0.1388
3,1509,1512,0.1388
3,1511,1514,0.1388
3,1514,1517,0.1388
3,1507,1510,0.1388
2,1517,1519,0.1388
2,1519,1521,0.1388
3,1510,1513,0.1388
3,1511,1514,0.1388
3,1512,1515,0.1388
3,1517,1520,0.1388
3,1537,1540,0.1388
3,1522,1525,0.1388
3,1522,1525,0.1388
3,1530,1533,0.1388
2,1536,1538,0.1388
2,1529,1531,0.1388
3,1526,1529,0.1388
3,1514,1517,0.1388
3,1526,1529,0.1388
4,1515,1519,0.1388
4,1502,1506,0.1388
4,1504,1508,0.1388
4,1499,1503,0.1388
4,1515,1519,0.1388
4,1515,1519,0.1388
4,1510,1514,0.1388
4,1518,1522,0.1388
4,1523,1527,0.1388
4,1515,1519,0.1388
4,1502,1506,0.1388
4,1511,1515,0.1388
5,1507,1512,0.1388
5,1506,1511,0.1388
5,1517,1522,0.1388
5,1518,1523,0.1388
5,1523,1528,0.1388
5,1525,1530,0.1388
5,1520,1525,0.1388
5,1501,1506,0.1388
5,1513,1518,0.1388
5,1489,1494,0.1388
5,1499,1504,0.1388
5,1501,1506,0.1388
5,1505,1510,0.1388
5,1514,1519,0.1388
5,1518,1523,0.1388
5,1515,1520,0.1388
6,1509,1515,0.1388
6,1493,1499,0.1388
6,1487,1493,0.1388
6,1498,1504,0.1388
5,1497,1502,0.1388
6,1502,1508,0.1388
7,1513,1520,0.1388
6,1519,1525,0.1388
5,1513,1518,0.1388
4,1504,1508,0.1388
3,1495,1498,0.1388
4,1501,1505,0.1388
4,1506,1510,0.1388
4,1494,1498,0.1388
4,1498,1502,0.1388
4,1497,1501,0.1388
4,1519,1523,0.1388
4,1509,1513,0.1388
4,1503,1507,0.1388
4,1506,1510,0.1388
4,1508,1512,0.1388
4,1512,1516,0.1388
4,1508,1512,0.1388
4,1504,1508,0.1388
5,1505,1510,0.1388
5,1498,1503,0.1388
6,1509,1515,0.1388
6,1507,1513,0.1388
5,1492,1497,0.1388
5,1509,1514,0.1388
5,1501,1506,0.1388
5,1515,1520,0.1388
5,1506,1511,0.1388
5,1510,1515,0.1388
5,1511,1516,0.1388
5,1509,1514,0.1388
5,1515,1520,0.1388
5,1515,1520,0.1388
5,1510,1515,0.1388
5,1516,1521,0.1388
5,1515,1520,0.1388
5,1520,1525,0.1388
5,1525,1530,0.1388
6,1516,1522,0.1388
6,1524,1530,0.1388
6,1517,1523,0.1388
7,1510,1517,0.1388
8,1512,1520,0.1388
6,1505,1511,0.1388
6,1501,1507,0.1388
6,1490,1496,0.1388
7,1498,1505,0.1388
7,1513,1520,0.1388
7,1505,1512,0.1388
7,1486,1493,0.1388
7,1505,1512,0.1388
7,1511,1518,0.1388
8,1500,1508,0.1388
8,1513,1521,0.1388
8,1512,1520,0.1388
8,1519,1527,0.1388
8,1509,1517,0.1388
8,1504,1512,0.1388
9,1520,1529,0.1388
10,1518,1528,0.1388
10,1522,1532,0.1388
11,1515,1526,0.1388
11,1523,1534,0.1388
11,1514,1525,0.1388
10,1520,1530,0.1388
11,1506,1517,0.1388
11,1512,1523,0.1388
11,1517,1528,0.1388
11,1528,1539,0.1388
11,1524,1535,0.1388
11,1515,1526,0.1388
11,1515,1526,0.1388
10,1523,1533,0.1388
10,1500,1510,0.1388
10,1513,1523,0.1388
9,1508,1517,0.1388
11,1496,1507,0.1388
12,1499,1511,0.1388
12,1493,1505,0.1388
11,1499,1510,0.1388
9,1510,1519,0.1388
9,1508,1517,0.1388
9,1502,1511,0.1388
9,1501,1510,0.1388
9,1505,1514,0.1388
7,1500,1507,0.1388
7,1498,1505,0.1388
8,1501,1509,0.1388
8,1505,1513,0.1388
10,1519,1529,0.1388
10,1521,1531,0.1388
10,1518,1528,0.1388
11,1523,1534,0.1388
11,1510,1521,0.1388
10,1516,1526,0.1388
10,1505,1515,0.1388
10,1511,1521,0.1388
11,1502,1513,0.1388
11,1514,1525,0.1388
11,1507,1518,0.1388
11,1505,1516,0.1388
10,1509,1519,0.1388
11,1507,1518,0.1388
12,1508,1520,0.1388
13,1510,1523,0.1388
15,1506,1521,0.1388
15,1503,1518,0.1388
14,1507,1521,0.1388
15,1501,1516,0.1388
16,1492,1508,0.1388
16,1494,1510,0.1388
16,1504,1520,0.1388
16,1510,1526,0.1388
16,1511,1527,0.1388
16,1516,1532,0.1388
16,1509,1525,0.1388
15,1503,1518,0.1388
15,1493,1508,0.1388
14,1494,1508,0.1388
12,1497,1509,0.1388
12,1488,1500,0.1388
12,1503,1515,0.1388
12,1505,1517,0.1388
12,1500,1512,0.1388
13,1503,1516,0.1388
14,1510,1524,0.1388
13,1506,1519,0.1388
13,1504,1517,0.1388
13,1506,1519,0.1388
13,1523,1536,0.1388
13,1515,1528,0.1388
11,1521,1532,0.1388
11,1515,1526,0.1388
11,1514,1525,0.1388
11,1502,1513,0.1388
11,1523,1534,0.1388
10,1515,1525,0.1388
11,1507,1518,0.1388
10,1507,1517,0.1388
10,1507,1517,0.1388
11,1513,1524,0.1388
11,1507,1518,0.1388
11,1503,1514,0.1388
11,1505,1516,0.1388
11,1490,1501,0.1388
11,1499,1510,0.1388
10,1501,1511,0.1388
10,1510,1520,0.1388
10,1522,1532,0.1388
11,1513,1524,0.1388
10,1517,1527,0.1388
10,1505,1515,0.1388
10,1513,1523,0.1388
10,1504,1514,0.1388
10,1498,1508,0.1388
10,1512,1522,0.1388
10,1503,1513,0.1388
10,1503,1513,0.1388
11,1497,1508,0.1388
10,1503,1513,0.1388
10,1498,1508,0.1388
9,1516,1525,0.1388
10,1510,1520,0.1388
9,1504,1513,0.1388
8,1506,1514,0.1388
8,1501,1509,0.1388
7,1510,1517,0.1388
8,1505,1513,0.1388
8,1505,1513,0.1388
7,1511,1518,0.1388
7,1520,1527,0.1388
7,1512,1519,0.1388
7,1519,1526,0.1388
7,1517,1524,0.1388
7,1525,1532,0.1388
8,1520,1528,0.1388
8,1512,1520,0.1388
7,1518,1525,0.1388
7,1520,1527,0.1388
6,1514,1520,0.1388
6,1519,1525,0.1388
6,1514,1520,0.1388
6,1510,1516,0.1388
6,1517,1523,0.1388
6,1496,1502,0.1388
7,1507,1514,0.1388
7,1499,1506,0.1388
7,1490,1497,0.1388
7,1508,1515,0.1388
7,1504,1511,0.1388
7,1500,1507,0.1388
7,1498,1505,0.1388
6,1498,1504,0.1388
6,1506,1512,0.1388
6,1508,1514,0.1388
7,1510,1517,0.1388
7,1492,1499,0.1388
7,1509,1516,0.1388
6,1501,1507,0.1388
6,1514,1520,0.1388
6,1505,1511,0.1388
5,1512,1517,0.1388
5,1514,1519,0.1388
4,1499,1503,0.1388
5,1504,1509,0.1388
5,1513,1518,0.1388
5,1515,1520,0.1388
5,1498,1503,0.1388
5,1496,1501,0.1388
5,1491,1496,0.1388
4,1500,1504,0.1388
4,1509,1513,0.1388
3,1497,1500,0.1388
3,1485,1488,0.1388
2,1495,1497,0.1388
2,1518,1520,0.1388
2,1521,1523,0.1388
2,1508,1510,0.1388
2,1516,1518,0.1388
2,1525,1527,0.1388
2,1520,1522,0.1388
2,1512,1514,0.1388
2,1514,1516,0.1388
3,1519,1522,0.1388
4,1516,1520,0.1388
4,1519,1523,0.1388
4,1520,1524,0.1388
4,1503,1507,0.1388
4,1505,1509,0.1388
3,1502,1505,0.1388
3,1509,1512,0.1388
3,1521,1524,0.1388
3,1516,1519,0.1388
3,1522,1525,0.1388
3,1516,1519,0.1388
3,1528,1531,0.1388
3,1519,1522,0.1388
3,1514,1517,0.1388
3,1512,1515,0.1388
3,1515,1518,0.1388
3,1514,1517,0.1388
3,1500,1503,0.1388
3,1516,1519,0.1388
3,1510,1513,0.1388
4,1514,1518,0.1388
4,1515,1519,0.1388
3,1512,1515,0.1388
3,1516,1519,0.1388
2,1519,1521,0.1388
2,1511,1513,0.1388
2,1521,1523,0.1388
1,1525,1526,0.1388
1,1525,1526,0.1388
0,1515,1515,0.1388
