1369,28,1397,0.1388
1394,33,1427,0.1388
1426,34,1460,0.1388
1455,36,1491,0.1388
1442,36,1478,0.1388
1449,36,1485,0.1388
1451,37,1488,0.1388
1461,37,1498,0.1388
1459,37,1496,0.1388
1461,40,1501,0.1388
1478,40,1518,0.1388
1470,40,1510,0.1388
1459,39,1498,0.1388
1449,40,1489,0.1388
1446,38,1484,0.1388
1429,36,1465,0.1388
1430,36,1466,0.1388
1420,36,1456,0.1388
1435,36,1471,0.1388
1437,39,1476,0.1388
1431,41,1472,0.1388
1432,42,1474,0.1388
1427,43,1470,0.1388
1433,42,1475,0.1388
1447,42,1489,0.1388
1447,44,1491,0.1388
1455,42,1497,0.1388
1450,39,1489,0.1388
1457,40,1497,0.1388
1449,40,1489,0.1388
1439,39,1478,0.1388
1444,39,1483,0.1388
1444,39,1483,0.1388
1445,42,1487,0.1388
1445,40,1485,0.1388
1449,39,1488,0.1388
1450,41,1491,0.1388
1453,43,1496,0.1388
1453,41,1494,0.1388
1449,40,1489,0.1388
1454,42,1496,0.1388
1461,43,1504,0.1388
1448,42,1490,0.1388
1438,44,1482,0.1388
1444,44,1488,0.1388
1439,42,1481,0.1388
1435,41,1476,0.1388
1445,40,1485,0.1388
1446,39,1485,0.1388
1446,41,1487,0.1388
1463,40,1503,0.1388
1457,41,1498,0.1388
1443,41,1484,0.1388
1436,40,1476,0.1388
1435,41,1476,0.1388
1443,42,1485,0.1388
1447,44,1491,0.1388
1456,44,1500,0.1388
1450,43,1493,0.1388
1454,44,1498,0.1388
1458,45,1503,0.1388
1450,47,1497,0.1388
1454,47,1501,0.1388
1453,47,1500,0.1388
1442,47,1489,0.1388
1440,48,1488,0.1388
1447,49,1496,0.1388
1451,49,1500,0.1388
1436,51,1487,0.1388
1448,51,1499,0.1388
1464,50,1514,0.1388
1455,51,1506,0.1388
1457,52,1509,0.1388
1449,52,1501,0.1388
1441,54,1495,0.1388
1445,54,1499,0.1388
1447,56,1503,0.1388
1438,58,1496,0.1388
1424,60,1484,0.1388
1424,61,1485,0.1388
1418,58,1476,0.1388
1420,58,1478,0.1388
1426,58,1484,0.1388
1433,58,1491,0.1388
1435,58,1493,0.1388
1433,55,1488,0.1388
1438,57,1495,0.1388
1434,53,1487,0.1388
1434,56,1490,0.1388
1437,57,1494,0.1388
1436,56,1492,0.1388
1428,56,1484,0.1388
1438,56,1494,0.1388
1425,55,1480,0.1388
1422,55,1477,0.1388
1437,56,1493,0.1388
1420,58,1478,0.1388
1427,57,1484,0.1388
1423,56,1479,0.1388
1418,61,1479,0.1388
1423,63,1486,0.1388
1419,66,1485,0.1388
1415,68,1483,0.1388
1422,68,1490,0.1388
1426,66,1492,0.1388
1424,68,1492,0.1388
1415,69,1484,0.1388
1418,66,1484,0.1388
1421,68,1489,0.1388
1422,70,1492,0.1388
1422,72,1494,0.1388
1409,72,1481,0.1388
1400,76,1476,0.1388
1407,78,1485,0.1388
1408,77,1485,0.1388
1412,78,1490,0.1388
1423,79,1502,0.1388
1425,79,1504,0.1388
1427,78,1505,0.1388
1421,77,1498,0.1388
1413,77,1490,0.1388
1418,74,1492,0.1388
1417,75,1492,0.1388
1424,75,1499,0.1388
1422,76,1498,0.1388
1418,80,1498,0.1388
1410,82,1492,0.1388
1412,84,1496,0.1388
1404,85,1489,0.1388
1415,85,1500,0.1388
1420,87,1507,0.1388
1419,88,1507,0.1388
1427,88,1515,0.1388
1401,89,1490,0.1388
1398,90,1488,0.1388
1407,88,1495,0.1388
1400,88,1488,0.1388
1408,86,1494,0.1388
1413,91,1504,0.1388
1409,91,1500,0.1388
1400,93,1493,0.1388
1409,93,1502,0.1388
1406,95,1501,0.1388
1397,96,1493,0.1388
1404,97,1501,0.1388
1398,97,1495,0.1388
1396,96,1492,0.1388
1399,98,1497,0.1388
1395,101,1496,0.1388
1380,101,1481,0.1388
1384,101,1485,0.1388
1375,96,1471,0.1388
1402,97,1499,0.1388
1409,99,1508,0.1388
1407,97,1504,0.1388
1411,95,1506,0.1388
1415,97,1512,0.1388
1413,97,1510,0.1388
1413,96,1509,0.1388
1416,94,1510,0.1388
1403,94,1497,0.1388
1382,95,1477,0.1388
1394,98,1492,0.1388
1394,97,1491,0.1388
1386,99,1485,0.1388
1382,97,1479,0.1388
1385,96,1481,0.1388
1385,98,1483,0.1388
1377,99,1476,0.1388
1363,100,1463,0.1388
1365,102,1467,0.1388
1372,103,1475,0.1388
1371,105,1476,0.1388
1380,108,1488,0.1388
1387,111,1498,0.1388
1383,111,1494,0.1388
1386,115,1501,0.1388
1385,120,1505,0.1388
1374,121,1495,0.1388
1377,123,1500,0.1388
1370,120,1490,0.1388
1380,122,1502,0.1388
1363,118,1481,0.1388
1374,121,1495,0.1388
1373,118,1491,0.1388
1358,121,1479,0.1388
1357,124,1481,0.1388
1365,122,1487,0.1388
1376,122,1498,0.1388
1375,124,1499,0.1388
1358,126,1484,0.1388
1367,124,1491,0.1388
1370,125,1495,0.1388
1359,128,1487,0.1388
1351,123,1474,0.1388
1369,126,1495,0.1388
1355,127,1482,0.1388
1361,127,1488,0.1388
1351,133,1484,0.1388
1357,138,1495,0.1388
1364,132,1496,0.1388
1359,129,1488,0.1388
1370,130,1500,0.1388
1375,129,1504,0.1388
1381,133,1514,0.1388
1374,132,1506,0.1388
1366,131,1497,0.1388
1369,131,1500,0.1388
1369,136,1505,0.1388
1372,133,1505,0.1388
1369,132,1501,0.1388
1361,132,1493,0.1388
1368,135,1503,0.1388
1369,134,1503,0.1388
1366,135,1501,0.1388
1364,136,1500,0.1388
1361,137,1498,0.1388
1347,138,1485,0.1388
1346,139,1485,0.1388
1353,138,1491,0.1388
1364,136,1500,0.1388
1343,138,1481,0.1388
1326,137,1463,0.1388
1338,139,1477,0.1388
1350,137,1487,0.1388
1341,143,1484,0.1388
1361,143,1504,0.1388
1358,143,1501,0.1388
1341,141,1482,0.1388
1346,138,1484,0.1388
1333,144,1477,0.1388
1348,144,1492,0.1388
1344,145,1489,0.1388
1346,144,1490,0.1388
1359,144,1503,0.1388
1359,146,1505,0.1388
1350,151,1501,0.1388
1362,151,1513,0.1388
1366,150,1516,0.1388
1357,142,1499,0.1388
1362,147,1509,0.1388
1359,150,1509,0.1388
1355,143,1498,0.1388
1360,142,1502,0.1388
1354,142,1496,0.1388
1354,143,1497,0.1388
1352,144,1496,0.1388
1354,141,1495,0.1388
1361,142,1503,0.1388
1350,146,1496,0.1388
1344,145,1489,0.1388
1360,146,1506,0.1388
1359,145,1504,0.1388
1373,148,1521,0.1388
1369,148,1517,0.1388
1359,150,1509,0.1388
1354,153,1507,0.1388
1344,155,1499,0.1388
1339,160,1499,0.1388
1321,160,1481,0.1388
1320,163,1483,0.1388
1322,166,1488,0.1388
1334,173,1507,0.1388
1326,175,1501,0.1388
1327,178,1505,0.1388
1333,180,1513,0.1388
1338,178,1516,0.1388
1337,176,1513,0.1388
1340,175,1515,0.1388
1326,170,1496,0.1388
1325,173,1498,0.1388
1304,174,1478,0.1388
1303,177,1480,0.1388
1306,177,1483,0.1388
1302,176,1478,0.1388
1310,180,1490,0.1388
1313,173,1486,0.1388
1314,171,1485,0.1388
1313,173,1486,0.1388
1323,173,1496,0.1388
1313,175,1488,0.1388
1324,174,1498,0.1388
1319,174,1493,0.1388
1314,174,1488,0.1388
1304,173,1477,0.1388
1310,179,1489,0.1388
1314,182,1496,0.1388
1325,180,1505,0.1388
1312,181,1493,0.1388
1311,184,1495,0.1388
1296,189,1485,0.1388
1299,185,1484,0.1388
1301,182,1483,0.1388
1317,181,1498,0.1388
1317,185,1502,0.1388
1310,184,1494,0.1388
1300,186,1486,0.1388
1295,187,1482,0.1388
1292,187,1479,0.1388
1290,186,1476,0.1388
1297,183,1480,0.1388
1292,180,1472,0.1388
1309,178,1487,0.1388
1297,176,1473,0.1388
1305,175,1480,0.1388
1310,175,1485,0.1388
1305,178,1483,0.1388
1304,182,1486,0.1388
1311,184,1495,0.1388
1318,180,1498,0.1388
1312,182,1494,0.1388
1307,184,1491,0.1388
1302,185,1487,0.1388
1310,182,1492,0.1388
1309,180,1489,0.1388
1325,176,1501,0.1388
1330,176,1506,0.1388
1334,178,1512,0.1388
1330,177,1507,0.1388
1314,175,1489,0.1388
1321,176,1497,0.1388
1326,178,1504,0.1388
1327,176,1503,0.1388
1312,174,1486,0.1388
1322,173,1495,0.1388
1335,176,1511,0.1388
1334,175,1509,0.1388
1318,176,1494,0.1388
1324,176,1500,0.1388
1309,180,1489,0.1388
1309,180,1489,0.1388
1303,181,1484,0.1388
1312,185,1497,0.1388
1301,183,1484,0.1388
1305,181,1486,0.1388
1306,187,1493,0.1388
1300,189,1489,0.1388
1301,187,1488,0.1388
1315,185,1500,0.1388
1309,184,1493,0.1388
1313,184,1497,0.1388
1306,182,1488,0.1388
1293,182,1475,0.1388
1289,185,1474,0.1388
1293,189,1482,0.1388
1281,194,1475,0.1388
1287,190,1477,0.1388
1302,193,1495,0.1388
1311,193,1504,0.1388
1311,190,1501,0.1388
1309,189,1498,0.1388
1309,187,1496,0.1388
1299,186,1485,0.1388
1291,184,1475,0.1388
1285,190,1475,0.1388
1297,184,1481,0.1388
1302,182,1484,0.1388
1310,185,1495,0.1388
1311,188,1499,0.1388
1307,192,1499,0.1388
1297,196,1493,0.1388
1303,196,1499,0.1388
1310,196,1506,0.1388
1294,193,1487,0.1388
1292,190,1482,0.1388
1306,188,1494,0.1388
1299,192,1491,0.1388
1293,193,1486,0.1388
1303,194,1497,0.1388
1305,197,1502,0.1388
1305,197,1502,0.1388
1310,196,1506,0.1388
1306,198,1504,0.1388
1310,199,1509,0.1388
1304,198,1502,0.1388
1311,199,1510,0.1388
1302,201,1503,0.1388
1300,198,1498,0.1388
1298,200,1498,0.1388
1300,203,1503,0.1388
1305,203,1508,0.1388
1301,206,1507,0.1388
1303,202,1505,0.1388
1302,197,1499,0.1388
1305,202,1507,0.1388
1299,203,1502,0.1388
1299,209,1508,0.1388
1290,210,1500,0.1388
1288,210,1498,0.1388
1290,214,1504,0.1388
1288,221,1509,0.1388
1294,214,1508,0.1388
1294,215,1509,0.1388
1283,223,1506,0.1388
1285,217,1502,0.1388
1275,216,1491,0.1388
1276,216,1492,0.1388
1272,217,1489,0.1388
1268,218,1486,0.1388
1279,223,1502,0.1388
1274,231,1505,0.1388
1268,233,1501,0.1388
1274,229,1503,0.1388
1275,225,1500,0.1388
1273,226,1499,0.1388
1272,219,1491,0.1388
1268,219,1487,0.1388
1253,220,1473,0.1388
1259,224,1483,0.1388
1238,224,1462,0.1388
1246,226,1472,0.1388
1259,231,1490,0.1388
1261,235,1496,0.1388
1271,236,1507,0.1388
1266,241,1507,0.1388
1257,243,1500,0.1388
1243,244,1487,0.1388
1245,248,1493,0.1388
1241,246,1487,0.1388
1244,242,1486,0.1388
1242,245,1487,0.1388
1249,248,1497,0.1388
1252,252,1504,0.1388
1251,257,1508,0.1388
1255,254,1509,0.1388
1250,256,1506,0.1388
1251,255,1506,0.1388
1251,253,1504,0.1388
1238,250,1488,0.1388
1232,249,1481,0.1388
1226,249,1475,0.1388
1233,249,1482,0.1388
1232,257,1489,0.1388
1230,254,1484,0.1388
1228,257,1485,0.1388
1229,262,1491,0.1388
1233,271,1504,0.1388
1239,271,1510,0.1388
1249,272,1521,0.1388
1243,274,1517,0.1388
1234,272,1506,0.1388
1230,275,1505,0.1388
1221,278,1499,0.1388
1214,279,1493,0.1388
1217,269,1486,0.1388
1201,268,1469,0.1388
1218,267,1485,0.1388
1228,265,1493,0.1388
1227,265,1492,0.1388
1220,264,1484,0.1388
1228,264,1492,0.1388
1228,267,1495,0.1388
1233,265,1498,0.1388
1242,260,1502,0.1388
1240,262,1502,0.1388
1241,262,1503,0.1388
1236,264,1500,0.1388
1225,272,1497,0.1388
1226,269,1495,0.1388
1229,273,1502,0.1388
1229,276,1505,0.1388
1215,282,1497,0.1388
1218,278,1496,0.1388
1226,279,1505,0.1388
1219,281,1500,0.1388
1221,282,1503,0.1388
1223,285,1508,0.1388
1227,286,1513,0.1388
1205,286,1491,0.1388
1210,290,1500,0.1388
1218,287,1505,0.1388
1216,280,1496,0.1388
1212,283,1495,0.1388
1212,286,1498,0.1388
1208,286,1494,0.1388
1204,281,1485,0.1388
1202,279,1481,0.1388
1214,285,1499,0.1388
1218,295,1513,0.1388
1215,297,1512,0.1388
1213,298,1511,0.1388
1211,292,1503,0.1388
1208,296,1504,0.1388
1211,292,1503,0.1388
1203,293,1496,0.1388
1203,294,1497,0.1388
1200,294,1494,0.1388
1189,299,1488,0.1388
1180,301,1481,0.1388
1180,302,1482,0.1388
1171,307,1478,0.1388
1172,309,1481,0.1388
1193,312,1505,0.1388
1198,310,1508,0.1388
1195,305,1500,0.1388
1196,310,1506,0.1388
1189,309,1498,0.1388
1188,310,1498,0.1388
1187,316,1503,0.1388
1193,313,1506,0.1388
1193,315,1508,0.1388
1201,316,1517,0.1388
1198,317,1515,0.1388
1201,314,1515,0.1388
1197,317,1514,0.1388
1192,323,1515,0.1388
1178,320,1498,0.1388
1174,323,1497,0.1388
1170,326,1496,0.1388
1172,328,1500,0.1388
1172,339,1511,0.1388
1154,338,1492,0.1388
1150,345,1495,0.1388
1163,344,1507,0.1388
1160,342,1502,0.1388
1168,342,1510,0.1388
1158,341,1499,0.1388
1147,341,1488,0.1388
1145,340,1485,0.1388
1154,344,1498,0.1388
1159,344,1503,0.1388
1166,345,1511,0.1388
1157,344,1501,0.1388
1149,341,1490,0.1388
1164,340,1504,0.1388
1165,340,1505,0.1388
1159,339,1498,0.1388
1164,335,1499,0.1388
1164,334,1498,0.1388
1181,335,1516,0.1388
1188,330,1518,0.1388
1183,329,1512,0.1388
1186,332,1518,0.1388
1179,340,1519,0.1388
1171,342,1513,0.1388
1166,342,1508,0.1388
1163,341,1504,0.1388
1164,345,1509,0.1388
1161,342,1503,0.1388
1155,339,1494,0.1388
1154,341,1495,0.1388
1142,347,1489,0.1388
1143,355,1498,0.1388
1154,356,1510,0.1388
1145,351,1496,0.1388
1132,349,1481,0.1388
1146,345,1491,0.1388
1149,347,1496,0.1388
1149,344,1493,0.1388
1153,347,1500,0.1388
1139,349,1488,0.1388
1148,355,1503,0.1388
1140,356,1496,0.1388
1151,352,1503,0.1388
1150,347,1497,0.1388
1150,350,1500,0.1388
1147,353,1500,0.1388
1144,355,1499,0.1388
1149,356,1505,0.1388
1135,348,1483,0.1388
1139,350,1489,0.1388
1141,354,1495,0.1388
1135,343,1478,0.1388
1138,346,1484,0.1388
1144,358,1502,0.1388
1142,359,1501,0.1388
1134,359,1493,0.1388
1129,359,1488,0.1388
1125,363,1488,0.1388
1122,361,1483,0.1388
1117,361,1478,0.1388
1124,366,1490,0.1388
1128,364,1492,0.1388
1126,358,1484,0.1388
1120,358,1478,0.1388
1121,356,1477,0.1388
1124,356,1480,0.1388
1116,360,1476,0.1388
1126,367,1493,0.1388
1122,370,1492,0.1388
1130,376,1506,0.1388
1136,378,1514,0.1388
1133,378,1511,0.1388
1127,377,1504,0.1388
1129,375,1504,0.1388
1125,370,1495,0.1388
1125,380,1505,0.1388
1114,376,1490,0.1388
1134,380,1514,0.1388
1128,382,1510,0.1388
1115,384,1499,0.1388
1111,373,1484,0.1388
1112,377,1489,0.1388
1115,381,1496,0.1388
1110,382,1492,0.1388
1113,379,1492,0.1388
1100,386,1486,0.1388
1096,392,1488,0.1388
1098,392,1490,0.1388
1104,387,1491,0.1388
1102,387,1489,0.1388
1104,390,1494,0.1388
1112,392,1504,0.1388
1119,391,1510,0.1388
1123,388,1511,0.1388
1118,387,1505,0.1388
1118,385,1503,0.1388
1119,391,1510,0.1388
1120,390,1510,0.1388
1130,385,1515,0.1388
1130,392,1522,0.1388
1120,387,1507,0.1388
1121,392,1513,0.1388
1128,390,1518,0.1388
1129,387,1516,0.1388
1120,390,1510,0.1388
1124,384,1508,0.1388
1129,387,1516,0.1388
1125,395,1520,0.1388
1117,392,1509,0.1388
1127,389,1516,0.1388
1125,386,1511,0.1388
1131,387,1518,0.1388
1125,377,1502,0.1388
1128,380,1508,0.1388
1131,380,1511,0.1388
1128,376,1504,0.1388
1129,375,1504,0.1388
1125,375,1500,0.1388
1118,384,1502,0.1388
1121,383,1504,0.1388
1115,391,1506,0.1388
1103,395,1498,0.1388
1102,394,1496,0.1388
1100,393,1493,0.1388
1106,404,1510,0.1388
1106,398,1504,0.1388
1111,404,1515,0.1388
1108,405,1513,0.1388
1106,397,1503,0.1388
1106,398,1504,0.1388
1113,394,1507,0.1388
1104,396,1500,0.1388
1108,400,1508,0.1388
1088,412,1500,0.1388
1094,410,1504,0.1388
1100,407,1507,0.1388
1098,407,1505,0.1388
1103,401,1504,0.1388
1107,408,1515,0.1388
1097,406,1503,0.1388
1098,400,1498,0.1388
1108,399,1507,0.1388
1101,396,1497,0.1388
1097,404,1501,0.1388
1107,408,1515,0.1388
1102,407,1509,0.1388
1093,407,1500,0.1388
1094,410,1504,0.1388
1094,407,1501,0.1388
1095,409,1504,0.1388
1091,408,1499,0.1388
1092,413,1505,0.1388
1097,414,1511,0.1388
1100,413,1513,0.1388
1092,409,1501,0.1388
1086,419,1505,0.1388
1079,420,1499,0.1388
1086,419,1505,0.1388
1082,420,1502,0.1388
1074,423,1497,0.1388
1072,414,1486,0.1388
1074,421,1495,0.1388
1084,419,1503,0.1388
1067,413,1480,0.1388
1061,425,1486,0.1388
1060,422,1482,0.1388
1063,432,1495,0.1388
1053,424,1477,0.1388
1060,420,1480,0.1388
1062,426,1488,0.1388
1061,432,1493,0.1388
1070,430,1500,0.1388
1067,427,1494,0.1388
1057,431,1488,0.1388
1058,437,1495,0.1388
1064,446,1510,0.1388
1060,444,1504,0.1388
1064,446,1510,0.1388
1059,440,1499,0.1388
1050,444,1494,0.1388
1049,446,1495,0.1388
1049,448,1497,0.1388
1047,450,1497,0.1388
1051,448,1499,0.1388
1044,460,1504,0.1388
1040,464,1504,0.1388
1038,459,1497,0.1388
1040,461,1501,0.1388
1037,476,1513,0.1388
1031,478,1509,0.1388
1036,474,1510,0.1388
1043,477,1520,0.1388
1039,467,1506,0.1388
1031,469,1500,0.1388
1024,476,1500,0.1388
1024,478,1502,0.1388
1033,482,1515,0.1388
1029,483,1512,0.1388
1018,484,1502,0.1388
1026,479,1505,0.1388
1019,474,1493,0.1388
1021,469,1490,0.1388
1020,482,1502,0.1388
1021,485,1506,0.1388
1023,479,1502,0.1388
1041,482,1523,0.1388
1042,477,1519,0.1388
1044,479,1523,0.1388
1040,487,1527,0.1388
1030,485,1515,0.1388
1040,487,1527,0.1388
1032,483,1515,0.1388
1023,481,1504,0.1388
1028,485,1513,0.1388
1027,483,1510,0.1388
1022,482,1504,0.1388
1022,480,1502,0.1388
1011,483,1494,0.1388
1012,478,1490,0.1388
1013,481,1494,0.1388
1015,484,1499,0.1388
1011,488,1499,0.1388
1015,496,1511,0.1388
1012,488,1500,0.1388
1009,496,1505,0.1388
1010,491,1501,0.1388
1006,494,1500,0.1388
1005,487,1492,0.1388
999,490,1489,0.1388
1003,489,1492,0.1388
1008,485,1493,0.1388
1000,477,1477,0.1388
1003,472,1475,0.1388
1010,478,1488,0.1388
1005,481,1486,0.1388
1007,487,1494,0.1388
1016,491,1507,0.1388
1014,486,1500,0.1388
1008,491,1499,0.1388
1015,493,1508,0.1388
1010,497,1507,0.1388
1008,491,1499,0.1388
1014,489,1503,0.1388
998,491,1489,0.1388
1002,494,1496,0.1388
1005,486,1491,0.1388
1007,490,1497,0.1388
1011,478,1489,0.1388
998,477,1475,0.1388
1000,489,1489,0.1388
1002,482,1484,0.1388
1001,492,1493,0.1388
997,484,1481,0.1388
999,476,1475,0.1388
1001,480,1481,0.1388
1000,485,1485,0.1388
993,485,1478,0.1388
1009,486,1495,0.1388
1018,481,1499,0.1388
1012,471,1483,0.1388
1017,482,1499,0.1388
1020,487,1507,0.1388
1019,487,1506,0.1388
1013,483,1496,0.1388
1016,489,1505,0.1388
1012,490,1502,0.1388
1015,495,1510,0.1388
1025,497,1522,0.1388
1031,490,1521,0.1388
1021,492,1513,0.1388
1018,493,1511,0.1388
1011,494,1505,0.1388
1012,494,1506,0.1388
1002,500,1502,0.1388
1014,500,1514,0.1388
1007,500,1507,0.1388
1019,500,1519,0.1388
1015,497,1512,0.1388
1014,491,1505,0.1388
1017,489,1506,0.1388
1014,487,1501,0.1388
1006,481,1487,0.1388
1000,488,1488,0.1388
1007,485,1492,0.1388
1005,490,1495,0.1388
1006,499,1505,0.1388
994,499,1493,0.1388
997,494,1491,0.1388
1007,491,1498,0.1388
1017,493,1510,0.1388
1019,499,1518,0.1388
1019,494,1513,0.1388
1015,493,1508,0.1388
1010,504,1514,0.1388
1015,502,1517,0.1388
997,498,1495,0.1388
1000,508,1508,0.1388
988,498,1486,0.1388
991,501,1492,0.1388
994,495,1489,0.1388
997,490,1487,0.1388
1008,488,1496,0.1388
1011,492,1503,0.1388
1008,500,1508,0.1388
1017,502,1519,0.1388
1008,508,1516,0.1388
992,506,1498,0.1388
1005,511,1516,0.1388
1007,506,1513,0.1388
999,509,1508,0.1388
1003,504,1507,0.1388
1011,502,1513,0.1388
997,502,1499,0.1388
1000,507,1507,0.1388
997,513,1510,0.1388
1002,514,1516,0.1388
993,515,1508,0.1388
977,517,1494,0.1388
990,514,1504,0.1388
997,516,1513,0.1388
989,505,1494,0.1388
988,503,1491,0.1388
979,505,1484,0.1388
977,510,1487,0.1388
967,517,1484,0.1388
971,525,1496,0.1388
963,527,1490,0.1388
959,537,1496,0.1388
955,540,1495,0.1388
962,543,1505,0.1388
956,538,1494,0.1388
963,536,1499,0.1388
967,548,1515,0.1388
970,551,1521,0.1388
960,553,1513,0.1388
970,549,1519,0.1388
974,548,1522,0.1388
975,551,1526,0.1388
967,552,1519,0.1388
967,550,1517,0.1388
962,551,1513,0.1388
956,550,1506,0.1388
959,549,1508,0.1388
952,538,1490,0.1388
960,540,1500,0.1388
963,550,1513,0.1388
960,549,1509,0.1388
951,549,1500,0.1388
958,548,1506,0.1388
947,545,1492,0.1388
950,548,1498,0.1388
946,560,1506,0.1388
935,558,1493,0.1388
937,558,1495,0.1388
932,558,1490,0.1388
923,554,1477,0.1388
923,555,1478,0.1388
925,553,1478,0.1388
911,557,1468,0.1388
913,556,1469,0.1388
913,559,1472,0.1388
915,555,1470,0.1388
934,560,1494,0.1388
925,559,1484,0.1388
925,562,1487,0.1388
922,567,1489,0.1388
923,574,1497,0.1388
929,567,1496,0.1388
921,571,1492,0.1388
928,574,1502,0.1388
926,573,1499,0.1388
923,576,1499,0.1388
925,571,1496,0.1388
928,575,1503,0.1388
912,582,1494,0.1388
906,587,1493,0.1388
914,582,1496,0.1388
912,583,1495,0.1388
908,583,1491,0.1388
918,582,1500,0.1388
909,590,1499,0.1388
913,593,1506,0.1388
911,598,1509,0.1388
910,596,1506,0.1388
907,598,1505,0.1388
909,582,1491,0.1388
901,578,1479,0.1388
892,582,1474,0.1388
890,585,1475,0.1388
887,589,1476,0.1388
884,599,1483,0.1388
894,596,1490,0.1388
889,594,1483,0.1388
901,605,1506,0.1388
900,611,1511,0.1388
892,611,1503,0.1388
889,608,1497,0.1388
887,607,1494,0.1388
891,614,1505,0.1388
896,616,1512,0.1388
888,620,1508,0.1388
885,621,1506,0.1388
889,628,1517,0.1388
885,620,1505,0.1388
890,627,1517,0.1388
883,620,1503,0.1388
880,614,1494,0.1388
896,616,1512,0.1388
895,617,1512,0.1388
895,621,1516,0.1388
889,617,1506,0.1388
892,613,1505,0.1388
889,617,1506,0.1388
879,626,1505,0.1388
872,613,1485,0.1388
884,619,1503,0.1388
885,615,1500,0.1388
881,620,1501,0.1388
887,629,1516,0.1388
885,626,1511,0.1388
877,625,1502,0.1388
873,617,1490,0.1388
871,621,1492,0.1388
869,631,1500,0.1388
855,633,1488,0.1388
861,635,1496,0.1388
868,641,1509,0.1388
866,638,1504,0.1388
858,640,1498,0.1388
844,640,1484,0.1388
839,635,1474,0.1388
848,640,1488,0.1388
859,641,1500,0.1388
860,646,1506,0.1388
867,647,1514,0.1388
865,648,1513,0.1388
868,645,1513,0.1388
872,638,1510,0.1388
871,635,1506,0.1388
854,640,1494,0.1388
858,646,1504,0.1388
849,650,1499,0.1388
847,651,1498,0.1388
851,650,1501,0.1388
859,651,1510,0.1388
851,654,1505,0.1388
852,649,1501,0.1388
850,644,1494,0.1388
859,650,1509,0.1388
851,661,1512,0.1388
854,661,1515,0.1388
850,660,1510,0.1388
850,652,1502,0.1388
841,652,1493,0.1388
841,653,1494,0.1388
846,654,1500,0.1388
844,654,1498,0.1388
841,660,1501,0.1388
848,661,1509,0.1388
834,654,1488,0.1388
836,657,1493,0.1388
839,664,1503,0.1388
846,654,1500,0.1388
839,654,1493,0.1388
841,648,1489,0.1388
848,658,1506,0.1388
848,656,1504,0.1388
853,655,1508,0.1388
850,661,1511,0.1388
853,660,1513,0.1388
848,658,1506,0.1388
849,666,1515,0.1388
856,661,1517,0.1388
855,656,1511,0.1388
848,651,1499,0.1388
847,657,1504,0.1388
839,657,1496,0.1388
836,655,1491,0.1388
839,657,1496,0.1388
844,666,1510,0.1388
844,665,1509,0.1388
846,660,1506,0.1388
847,657,1504,0.1388
838,656,1494,0.1388
841,656,1497,0.1388
846,653,1499,0.1388
853,656,1509,0.1388
842,658,1500,0.1388
849,664,1513,0.1388
843,665,1508,0.1388
845,660,1505,0.1388
841,665,1506,0.1388
829,670,1499,0.1388
827,670,1497,0.1388
825,677,1502,0.1388
841,684,1525,0.1388
832,687,1519,0.1388
823,683,1506,0.1388
818,686,1504,0.1388
819,688,1507,0.1388
832,690,1522,0.1388
830,681,1511,0.1388
825,681,1506,0.1388
824,684,1508,0.1388
817,694,1511,0.1388
825,701,1526,0.1388
822,697,1519,0.1388
822,701,1523,0.1388
820,696,1516,0.1388
822,695,1517,0.1388
823,683,1506,0.1388
819,693,1512,0.1388
818,687,1505,0.1388
818,687,1505,0.1388
821,685,1506,0.1388
818,681,1499,0.1388
823,689,1512,0.1388
818,690,1508,0.1388
828,688,1516,0.1388
824,694,1518,0.1388
824,681,1505,0.1388
821,684,1505,0.1388
812,687,1499,0.1388
814,691,1505,0.1388
818,687,1505,0.1388
805,694,1499,0.1388
802,693,1495,0.1388
795,700,1495,0.1388
792,696,1488,0.1388
794,700,1494,0.1388
797,700,1497,0.1388
792,704,1496,0.1388
784,704,1488,0.1388
789,707,1496,0.1388
792,712,1504,0.1388
801,711,1512,0.1388
792,710,1502,0.1388
799,721,1520,0.1388
795,723,1518,0.1388
793,714,1507,0.1388
793,706,1499,0.1388
800,703,1503,0.1388
796,696,1492,0.1388
785,689,1474,0.1388
792,708,1500,0.1388
792,713,1505,0.1388
788,708,1496,0.1388
793,706,1499,0.1388
802,705,1507,0.1388
799,711,1510,0.1388
789,708,1497,0.1388
792,714,1506,0.1388
794,714,1508,0.1388
783,701,1484,0.1388
782,704,1486,0.1388
785,713,1498,0.1388
780,711,1491,0.1388
786,717,1503,0.1388
775,716,1491,0.1388
783,718,1501,0.1388
776,710,1486,0.1388
774,710,1484,0.1388
780,719,1499,0.1388
786,717,1503,0.1388
785,711,1496,0.1388
788,718,1506,0.1388
776,724,1500,0.1388
778,726,1504,0.1388
784,723,1507,0.1388
779,726,1505,0.1388
778,724,1502,0.1388
770,721,1491,0.1388
763,733,1496,0.1388
764,730,1494,0.1388
759,733,1492,0.1388
764,733,1497,0.1388
768,738,1506,0.1388
760,736,1496,0.1388
765,737,1502,0.1388
763,743,1506,0.1388
757,745,1502,0.1388
755,745,1500,0.1388
755,747,1502,0.1388
754,756,1510,0.1388
759,751,1510,0.1388
766,752,1518,0.1388
766,757,1523,0.1388
763,767,1530,0.1388
752,771,1523,0.1388
753,773,1526,0.1388
753,762,1515,0.1388
749,767,1516,0.1388
758,772,1530,0.1388
761,765,1526,0.1388
756,765,1521,0.1388
748,768,1516,0.1388
741,760,1501,0.1388
743,766,1509,0.1388
739,771,1510,0.1388
747,761,1508,0.1388
746,763,1509,0.1388
737,771,1508,0.1388
722,771,1493,0.1388
724,770,1494,0.1388
726,783,1509,0.1388
729,781,1510,0.1388
728,780,1508,0.1388
720,789,1509,0.1388
717,790,1507,0.1388
720,786,1506,0.1388
731,783,1514,0.1388
727,783,1510,0.1388
728,785,1513,0.1388
711,792,1503,0.1388
723,792,1515,0.1388
718,790,1508,0.1388
716,789,1505,0.1388
707,803,1510,0.1388
709,795,1504,0.1388
714,793,1507,0.1388
723,784,1507,0.1388
711,782,1493,0.1388
713,786,1499,0.1388
711,778,1489,0.1388
702,790,1492,0.1388
712,777,1489,0.1388
710,787,1497,0.1388
715,782,1497,0.1388
721,786,1507,0.1388
718,791,1509,0.1388
719,799,1518,0.1388
713,788,1501,0.1388
713,794,1507,0.1388
708,791,1499,0.1388
710,799,1509,0.1388
709,803,1512,0.1388
714,797,1511,0.1388
715,796,1511,0.1388
710,802,1512,0.1388
703,806,1509,0.1388
711,815,1526,0.1388
702,807,1509,0.1388
703,811,1514,0.1388
706,812,1518,0.1388
703,812,1515,0.1388
709,804,1513,0.1388
708,802,1510,0.1388
708,817,1525,0.1388
696,818,1514,0.1388
701,816,1517,0.1388
701,814,1515,0.1388
692,816,1508,0.1388
686,815,1501,0.1388
692,818,1510,0.1388
690,816,1506,0.1388
690,819,1509,0.1388
686,816,1502,0.1388
676,816,1492,0.1388
686,828,1514,0.1388
686,826,1512,0.1388
687,824,1511,0.1388
686,821,1507,0.1388
676,829,1505,0.1388
683,831,1514,0.1388
684,841,1525,0.1388
682,837,1519,0.1388
677,837,1514,0.1388
672,843,1515,0.1388
676,849,1525,0.1388
668,851,1519,0.1388
671,857,1528,0.1388
677,852,1529,0.1388
670,853,1523,0.1388
679,846,1525,0.1388
676,845,1521,0.1388
667,856,1523,0.1388
661,856,1517,0.1388
665,847,1512,0.1388
664,851,1515,0.1388
653,855,1508,0.1388
649,858,1507,0.1388
639,862,1501,0.1388
643,859,1502,0.1388
649,861,1510,0.1388
639,863,1502,0.1388
639,873,1512,0.1388
647,874,1521,0.1388
639,868,1507,0.1388
634,860,1494,0.1388
633,861,1494,0.1388
634,857,1491,0.1388
638,861,1499,0.1388
641,860,1501,0.1388
640,877,1517,0.1388
647,871,1518,0.1388
643,869,1512,0.1388
642,859,1501,0.1388
642,862,1504,0.1388
642,859,1501,0.1388
634,857,1491,0.1388
636,863,1499,0.1388
632,866,1498,0.1388
633,890,1523,0.1388
621,871,1492,0.1388
625,875,1500,0.1388
632,884,1516,0.1388
638,878,1516,0.1388
632,882,1514,0.1388
627,887,1514,0.1388
624,889,1513,0.1388
617,898,1515,0.1388
615,900,1515,0.1388
621,891,1512,0.1388
611,891,1502,0.1388
609,890,1499,0.1388
603,890,1493,0.1388
612,893,1505,0.1388
609,889,1498,0.1388
612,882,1494,0.1388
619,895,1514,0.1388
618,898,1516,0.1388
617,903,1520,0.1388
621,903,1524,0.1388
619,894,1513,0.1388
611,887,1498,0.1388
614,890,1504,0.1388
619,897,1516,0.1388
617,894,1511,0.1388
616,902,1518,0.1388
612,899,1511,0.1388
601,905,1506,0.1388
610,905,1515,0.1388
608,906,1514,0.1388
609,910,1519,0.1388
612,906,1518,0.1388
604,901,1505,0.1388
597,901,1498,0.1388
599,908,1507,0.1388
595,915,1510,0.1388
592,925,1517,0.1388
587,921,1508,0.1388
588,926,1514,0.1388
590,931,1521,0.1388
596,929,1525,0.1388
588,935,1523,0.1388
580,929,1509,0.1388
576,925,1501,0.1388
576,929,1505,0.1388
572,937,1509,0.1388
572,936,1508,0.1388
570,939,1509,0.1388
572,938,1510,0.1388
565,938,1503,0.1388
568,944,1512,0.1388
558,949,1507,0.1388
557,957,1514,0.1388
556,960,1516,0.1388
564,964,1528,0.1388
556,951,1507,0.1388
559,960,1519,0.1388
559,951,1510,0.1388
557,960,1517,0.1388
554,948,1502,0.1388
551,954,1505,0.1388
550,951,1501,0.1388
548,954,1502,0.1388
545,945,1490,0.1388
551,947,1498,0.1388
555,951,1506,0.1388
552,953,1505,0.1388
550,962,1512,0.1388
552,970,1522,0.1388
545,970,1515,0.1388
549,956,1505,0.1388
549,966,1515,0.1388
542,968,1510,0.1388
545,978,1523,0.1388
552,973,1525,0.1388
546,968,1514,0.1388
540,969,1509,0.1388
535,968,1503,0.1388
533,956,1489,0.1388
538,968,1506,0.1388
541,977,1518,0.1388
548,964,1512,0.1388
544,964,1508,0.1388
536,964,1500,0.1388
542,974,1516,0.1388
538,976,1514,0.1388
536,980,1516,0.1388
531,977,1508,0.1388
538,974,1512,0.1388
530,967,1497,0.1388
527,985,1512,0.1388
528,991,1519,0.1388
523,996,1519,0.1388
519,994,1513,0.1388
515,994,1509,0.1388
513,1001,1514,0.1388
519,996,1515,0.1388
511,1013,1524,0.1388
514,1011,1525,0.1388
514,1010,1524,0.1388
506,1013,1519,0.1388
511,1025,1536,0.1388
514,1018,1532,0.1388
517,1021,1538,0.1388
514,1023,1537,0.1388
509,1017,1526,0.1388
505,1020,1525,0.1388
510,1010,1520,0.1388
506,1013,1519,0.1388
504,1019,1523,0.1388
501,1009,1510,0.1388
505,1000,1505,0.1388
510,1000,1510,0.1388
509,998,1507,0.1388
509,996,1505,0.1388
505,995,1500,0.1388
505,987,1492,0.1388
502,992,1494,0.1388
499,1002,1501,0.1388
505,1004,1509,0.1388
507,1004,1511,0.1388
504,986,1490,0.1388
508,1003,1511,0.1388
501,1003,1504,0.1388
502,1005,1507,0.1388
503,1009,1512,0.1388
499,1008,1507,0.1388
502,1013,1515,0.1388
501,1018,1519,0.1388
503,1017,1520,0.1388
496,1011,1507,0.1388
495,1012,1507,0.1388
498,1005,1503,0.1388
500,1007,1507,0.1388
491,1000,1491,0.1388
486,1008,1494,0.1388
489,1005,1494,0.1388
492,1007,1499,0.1388
492,1004,1496,0.1388
491,1003,1494,0.1388
491,1018,1509,0.1388
488,1024,1512,0.1388
488,1019,1507,0.1388
485,1009,1494,0.1388
483,1023,1506,0.1388
476,1017,1493,0.1388
481,1023,1504,0.1388
488,1013,1501,0.1388
487,1009,1496,0.1388
489,1008,1497,0.1388
479,1015,1494,0.1388
480,1021,1501,0.1388
476,1033,1509,0.1388
484,1033,1517,0.1388
474,1035,1509,0.1388
475,1042,1517,0.1388
472,1040,1512,0.1388
469,1032,1501,0.1388
467,1034,1501,0.1388
466,1032,1498,0.1388
465,1039,1504,0.1388
472,1039,1511,0.1388
466,1040,1506,0.1388
465,1042,1507,0.1388
460,1038,1498,0.1388
466,1046,1512,0.1388
459,1056,1515,0.1388
455,1052,1507,0.1388
455,1056,1511,0.1388
461,1061,1522,0.1388
457,1061,1518,0.1388
464,1061,1525,0.1388
460,1058,1518,0.1388
462,1054,1516,0.1388
462,1058,1520,0.1388
450,1045,1495,0.1388
439,1053,1492,0.1388
451,1060,1511,0.1388
442,1061,1503,0.1388
448,1070,1518,0.1388
451,1068,1519,0.1388
442,1071,1513,0.1388
435,1076,1511,0.1388
434,1066,1500,0.1388
432,1075,1507,0.1388
440,1079,1519,0.1388
437,1084,1521,0.1388
434,1084,1518,0.1388
430,1086,1516,0.1388
432,1071,1503,0.1388
428,1083,1511,0.1388
425,1089,1514,0.1388
422,1077,1499,0.1388
425,1076,1501,0.1388
435,1066,1501,0.1388
434,1067,1501,0.1388
431,1077,1508,0.1388
426,1083,1509,0.1388
422,1081,1503,0.1388
422,1087,1509,0.1388
420,1082,1502,0.1388
421,1088,1509,0.1388
428,1078,1506,0.1388
421,1089,1510,0.1388
422,1088,1510,0.1388
416,1093,1509,0.1388
420,1091,1511,0.1388
418,1091,1509,0.1388
419,1098,1517,0.1388
419,1104,1523,0.1388
410,1100,1510,0.1388
405,1094,1499,0.1388
414,1089,1503,0.1388
413,1096,1509,0.1388
414,1092,1506,0.1388
415,1099,1514,0.1388
407,1107,1514,0.1388
401,1106,1507,0.1388
398,1116,1514,0.1388
392,1120,1512,0.1388
394,1118,1512,0.1388
390,1115,1505,0.1388
398,1116,1514,0.1388
399,1116,1515,0.1388
401,1117,1518,0.1388
392,1115,1507,0.1388
383,1119,1502,0.1388
390,1117,1507,0.1388
392,1112,1504,0.1388
386,1120,1506,0.1388
387,1126,1513,0.1388
388,1129,1517,0.1388
384,1126,1510,0.1388
383,1132,1515,0.1388
376,1140,1516,0.1388
373,1135,1508,0.1388
379,1132,1511,0.1388
373,1134,1507,0.1388
369,1136,1505,0.1388
365,1146,1511,0.1388
365,1149,1514,0.1388
367,1148,1515,0.1388
368,1147,1515,0.1388
372,1144,1516,0.1388
370,1135,1505,0.1388
363,1139,1502,0.1388
366,1139,1505,0.1388
362,1148,1510,0.1388
367,1143,1510,0.1388
370,1159,1529,0.1388
366,1149,1515,0.1388
367,1144,1511,0.1388
367,1134,1501,0.1388
370,1141,1511,0.1388
364,1137,1501,0.1388
364,1147,1511,0.1388
364,1164,1528,0.1388
354,1166,1520,0.1388
355,1159,1514,0.1388
357,1170,1527,0.1388
353,1170,1523,0.1388
353,1165,1518,0.1388
353,1166,1519,0.1388
353,1166,1519,0.1388
349,1174,1523,0.1388
344,1169,1513,0.1388
341,1168,1509,0.1388
340,1170,1510,0.1388
344,1177,1521,0.1388
339,1163,1502,0.1388
336,1169,1505,0.1388
340,1162,1502,0.1388
343,1168,1511,0.1388
349,1168,1517,0.1388
345,1178,1523,0.1388
335,1182,1517,0.1388
333,1170,1503,0.1388
324,1167,1491,0.1388
327,1165,1492,0.1388
328,1166,1494,0.1388
332,1167,1499,0.1388
332,1165,1497,0.1388
323,1168,1491,0.1388
326,1165,1491,0.1388
325,1171,1496,0.1388
325,1181,1506,0.1388
320,1185,1505,0.1388
320,1192,1512,0.1388
318,1192,1510,0.1388
315,1198,1513,0.1388
320,1198,1518,0.1388
312,1202,1514,0.1388
309,1203,1512,0.1388
307,1202,1509,0.1388
314,1198,1512,0.1388
314,1194,1508,0.1388
314,1198,1512,0.1388
314,1191,1505,0.1388
310,1204,1514,0.1388
304,1207,1511,0.1388
302,1201,1503,0.1388
303,1218,1521,0.1388
305,1211,1516,0.1388
306,1209,1515,0.1388
308,1219,1527,0.1388
297,1233,1530,0.1388
297,1221,1518,0.1388
293,1227,1520,0.1388
289,1217,1506,0.1388
285,1215,1500,0.1388
284,1233,1517,0.1388
285,1224,1509,0.1388
285,1230,1515,0.1388
286,1230,1516,0.1388
293,1221,1514,0.1388
290,1225,1515,0.1388
292,1225,1517,0.1388
293,1220,1513,0.1388
291,1218,1509,0.1388
291,1224,1515,0.1388
292,1224,1516,0.1388
293,1224,1517,0.1388
292,1222,1514,0.1388
288,1233,1521,0.1388
287,1224,1511,0.1388
282,1226,1508,0.1388
287,1214,1501,0.1388
285,1216,1501,0.1388
286,1222,1508,0.1388
287,1221,1508,0.1388
287,1221,1508,0.1388
285,1238,1523,0.1388
290,1236,1526,0.1388
281,1238,1519,0.1388
285,1235,1520,0.1388
280,1234,1514,0.1388
276,1238,1514,0.1388
283,1238,1521,0.1388
288,1239,1527,0.1388
288,1236,1524,0.1388
286,1237,1523,0.1388
281,1241,1522,0.1388
273,1249,1522,0.1388
271,1252,1523,0.1388
268,1253,1521,0.1388
271,1243,1514,0.1388
267,1227,1494,0.1388
273,1242,1515,0.1388
268,1244,1512,0.1388
277,1243,1520,0.1388
271,1242,1513,0.1388
271,1250,1521,0.1388
268,1261,1529,0.1388
268,1258,1526,0.1388
272,1248,1520,0.1388
267,1241,1508,0.1388
270,1241,1511,0.1388
264,1245,1509,0.1388
264,1255,1519,0.1388
265,1247,1512,0.1388
262,1250,1512,0.1388
258,1256,1514,0.1388
263,1262,1525,0.1388
260,1264,1524,0.1388
253,1264,1517,0.1388
241,1261,1502,0.1388
244,1259,1503,0.1388
247,1268,1515,0.1388
245,1267,1512,0.1388
245,1258,1503,0.1388
247,1269,1516,0.1388
249,1275,1524,0.1388
242,1268,1510,0.1388
241,1253,1494,0.1388
244,1256,1500,0.1388
245,1247,1492,0.1388
245,1253,1498,0.1388
244,1258,1502,0.1388
244,1255,1499,0.1388
236,1245,1481,0.1388
240,1255,1495,0.1388
239,1267,1506,0.1388
240,1267,1507,0.1388
242,1270,1512,0.1388
245,1260,1505,0.1388
242,1257,1499,0.1388
236,1258,1494,0.1388
234,1260,1494,0.1388
228,1264,1492,0.1388
232,1273,1505,0.1388
232,1272,1504,0.1388
230,1276,1506,0.1388
229,1284,1513,0.1388
222,1277,1499,0.1388
216,1291,1507,0.1388
213,1279,1492,0.1388
210,1292,1502,0.1388
215,1305,1520,0.1388
205,1306,1511,0.1388
205,1303,1508,0.1388
203,1314,1517,0.1388
202,1313,1515,0.1388
205,1308,1513,0.1388
207,1301,1508,0.1388
203,1309,1512,0.1388
205,1307,1512,0.1388
208,1314,1522,0.1388
209,1323,1532,0.1388
207,1310,1517,0.1388
209,1311,1520,0.1388
200,1312,1512,0.1388
197,1312,1509,0.1388
202,1307,1509,0.1388
201,1304,1505,0.1388
204,1296,1500,0.1388
198,1302,1500,0.1388
199,1291,1490,0.1388
200,1298,1498,0.1388
197,1307,1504,0.1388
193,1308,1501,0.1388
198,1310,1508,0.1388
198,1314,1512,0.1388
199,1318,1517,0.1388
191,1308,1499,0.1388
192,1317,1509,0.1388
196,1319,1515,0.1388
195,1305,1500,0.1388
194,1299,1493,0.1388
193,1315,1508,0.1388
194,1312,1506,0.1388
191,1311,1502,0.1388
188,1315,1503,0.1388
183,1329,1512,0.1388
185,1331,1516,0.1388
184,1332,1516,0.1388
184,1318,1502,0.1388
181,1333,1514,0.1388
179,1328,1507,0.1388
182,1340,1522,0.1388
187,1344,1531,0.1388
183,1346,1529,0.1388
185,1345,1530,0.1388
178,1332,1510,0.1388
179,1323,1502,0.1388
183,1325,1508,0.1388
186,1337,1523,0.1388
185,1326,1511,0.1388
191,1326,1517,0.1388
191,1315,1506,0.1388
187,1316,1503,0.1388
186,1302,1488,0.1388
187,1319,1506,0.1388
188,1326,1514,0.1388
185,1325,1510,0.1388
184,1323,1507,0.1388
179,1338,1517,0.1388
181,1330,1511,0.1388
178,1337,1515,0.1388
179,1334,1513,0.1388
179,1327,1506,0.1388
180,1329,1509,0.1388
180,1332,1512,0.1388
179,1346,1525,0.1388
178,1349,1527,0.1388
174,1338,1512,0.1388
173,1338,1511,0.1388
175,1338,1513,0.1388
175,1330,1505,0.1388
175,1326,1501,0.1388
176,1331,1507,0.1388
175,1324,1499,0.1388
175,1320,1495,0.1388
175,1327,1502,0.1388
174,1330,1504,0.1388
169,1335,1504,0.1388
172,1342,1514,0.1388
169,1344,1513,0.1388
169,1351,1520,0.1388
165,1345,1510,0.1388
163,1338,1501,0.1388
166,1331,1497,0.1388
164,1336,1500,0.1388
162,1337,1499,0.1388
165,1344,1509,0.1388
164,1344,1508,0.1388
166,1351,1517,0.1388
162,1358,1520,0.1388
164,1360,1524,0.1388
168,1358,1526,0.1388
168,1359,1527,0.1388
169,1357,1526,0.1388
168,1356,1524,0.1388
168,1356,1524,0.1388
170,1350,1520,0.1388
169,1337,1506,0.1388
169,1342,1511,0.1388
168,1333,1501,0.1388
166,1341,1507,0.1388
162,1335,1497,0.1388
160,1344,1504,0.1388
168,1347,1515,0.1388
170,1351,1521,0.1388
170,1347,1517,0.1388
171,1343,1514,0.1388
170,1350,1520,0.1388
174,1355,1529,0.1388
173,1366,1539,0.1388
175,1359,1534,0.1388
175,1354,1529,0.1388
172,1361,1533,0.1388
172,1360,1532,0.1388
174,1347,1521,0.1388
173,1341,1514,0.1388
176,1348,1524,0.1388
179,1344,1523,0.1388
179,1340,1519,0.1388
177,1345,1522,0.1388
176,1351,1527,0.1388
175,1359,1534,0.1388
175,1343,1518,0.1388
173,1349,1522,0.1388
171,1360,1531,0.1388
175,1367,1542,0.1388
175,1355,1530,0.1388
174,1350,1524,0.1388
171,1330,1501,0.1388
174,1336,1510,0.1388
169,1332,1501,0.1388
169,1329,1498,0.1388
168,1319,1487,0.1388
167,1330,1497,0.1388
167,1337,1504,0.1388
172,1335,1507,0.1388
172,1348,1520,0.1388
173,1341,1514,0.1388
170,1334,1504,0.1388
172,1337,1509,0.1388
170,1333,1503,0.1388
172,1328,1500,0.1388
173,1332,1505,0.1388
175,1345,1520,0.1388
171,1333,1504,0.1388
172,1340,1512,0.1388
168,1347,1515,0.1388
170,1352,1522,0.1388
169,1347,1516,0.1388
173,1346,1519,0.1388
173,1356,1529,0.1388
170,1358,1528,0.1388
165,1344,1509,0.1388
161,1346,1507,0.1388
160,1342,1502,0.1388
156,1357,1513,0.1388
156,1358,1514,0.1388
159,1361,1520,0.1388
157,1367,1524,0.1388
155,1355,1510,0.1388
155,1363,1518,0.1388
159,1353,1512,0.1388
156,1353,1509,0.1388
159,1344,1503,0.1388
159,1364,1523,0.1388
159,1358,1517,0.1388
156,1358,1514,0.1388
153,1365,1518,0.1388
155,1367,1522,0.1388
146,1377,1523,0.1388
150,1375,1525,0.1388
151,1373,1524,0.1388
150,1372,1522,0.1388
147,1364,1511,0.1388
148,1367,1515,0.1388
142,1361,1503,0.1388
144,1367,1511,0.1388
144,1359,1503,0.1388
142,1366,1508,0.1388
142,1357,1499,0.1388
141,1366,1507,0.1388
146,1362,1508,0.1388
147,1373,1520,0.1388
149,1368,1517,0.1388
148,1373,1521,0.1388
145,1381,1526,0.1388
143,1389,1532,0.1388
142,1379,1521,0.1388
149,1370,1519,0.1388
147,1371,1518,0.1388
146,1375,1521,0.1388
149,1374,1523,0.1388
141,1375,1516,0.1388
140,1380,1520,0.1388
139,1379,1518,0.1388
141,1384,1525,0.1388
141,1375,1516,0.1388
144,1375,1519,0.1388
145,1369,1514,0.1388
143,1376,1519,0.1388
142,1382,1524,0.1388
142,1375,1517,0.1388
143,1389,1532,0.1388
142,1384,1526,0.1388
139,1373,1512,0.1388
139,1365,1504,0.1388
140,1385,1525,0.1388
140,1379,1519,0.1388
141,1379,1520,0.1388
139,1379,1518,0.1388
137,1374,1511,0.1388
137,1384,1521,0.1388
139,1386,1525,0.1388
137,1379,1516,0.1388
132,1378,1510,0.1388
131,1386,1517,0.1388
134,1388,1522,0.1388
134,1374,1508,0.1388
130,1376,1506,0.1388
125,1381,1506,0.1388
125,1379,1504,0.1388
123,1386,1509,0.1388
125,1395,1520,0.1388
129,1380,1509,0.1388
127,1391,1518,0.1388
127,1395,1522,0.1388
127,1392,1519,0.1388
126,1400,1526,0.1388
125,1394,1519,0.1388
128,1393,1521,0.1388
124,1386,1510,0.1388
120,1392,1512,0.1388
118,1395,1513,0.1388
123,1390,1513,0.1388
123,1380,1503,0.1388
121,1375,1496,0.1388
119,1390,1509,0.1388
115,1394,1509,0.1388
110,1400,1510,0.1388
106,1401,1507,0.1388
106,1404,1510,0.1388
107,1398,1505,0.1388
106,1415,1521,0.1388
109,1403,1512,0.1388
110,1403,1513,0.1388
111,1395,1506,0.1388
108,1408,1516,0.1388
109,1401,1510,0.1388
108,1405,1513,0.1388
110,1403,1513,0.1388
111,1402,1513,0.1388
108,1414,1522,0.1388
102,1414,1516,0.1388
104,1411,1515,0.1388
106,1392,1498,0.1388
106,1410,1516,0.1388
103,1411,1514,0.1388
103,1407,1510,0.1388
104,1405,1509,0.1388
102,1402,1504,0.1388
104,1405,1509,0.1388
103,1404,1507,0.1388
103,1407,1510,0.1388
104,1410,1514,0.1388
102,1410,1512,0.1388
104,1415,1519,0.1388
103,1420,1523,0.1388
101,1423,1524,0.1388
104,1420,1524,0.1388
105,1414,1519,0.1388
106,1401,1507,0.1388
105,1415,1520,0.1388
100,1410,1510,0.1388
102,1415,1517,0.1388
101,1412,1513,0.1388
99,1428,1527,0.1388
97,1436,1533,0.1388
100,1423,1523,0.1388
97,1425,1522,0.1388
97,1436,1533,0.1388
98,1428,1526,0.1388
101,1428,1529,0.1388
102,1421,1523,0.1388
97,1417,1514,0.1388
94,1407,1501,0.1388
94,1397,1491,0.1388
98,1398,1496,0.1388
97,1423,1520,0.1388
93,1434,1527,0.1388
91,1434,1525,0.1388
91,1434,1525,0.1388
91,1429,1520,0.1388
89,1431,1520,0.1388
90,1438,1528,0.1388
90,1430,1520,0.1388
89,1437,1526,0.1388
92,1453,1545,0.1388
92,1439,1531,0.1388
91,1437,1528,0.1388
92,1437,1529,0.1388
89,1437,1526,0.1388
91,1433,1524,0.1388
93,1437,1530,0.1388
93,1416,1509,0.1388
91,1424,1515,0.1388
92,1427,1519,0.1388
93,1426,1519,0.1388
90,1432,1522,0.1388
90,1442,1532,0.1388
88,1447,1535,0.1388
89,1431,1520,0.1388
90,1432,1522,0.1388
90,1431,1521,0.1388
89,1431,1520,0.1388
89,1429,1518,0.1388
92,1430,1522,0.1388
91,1434,1525,0.1388
93,1438,1531,0.1388
97,1442,1539,0.1388
96,1434,1530,0.1388
96,1435,1531,0.1388
94,1427,1521,0.1388
92,1425,1517,0.1388
93,1400,1493,0.1388
89,1419,1508,0.1388
93,1422,1515,0.1388
94,1421,1515,0.1388
96,1421,1517,0.1388
97,1424,1521,0.1388
97,1436,1533,0.1388
97,1432,1529,0.1388
97,1437,1534,0.1388
93,1417,1510,0.1388
88,1416,1504,0.1388
90,1432,1522,0.1388
91,1425,1516,0.1388
91,1431,1522,0.1388
88,1437,1525,0.1388
89,1437,1526,0.1388
90,1439,1529,0.1388
89,1441,1530,0.1388
91,1427,1518,0.1388
90,1420,1510,0.1388
87,1406,1493,0.1388
88,1414,1502,0.1388
91,1429,1520,0.1388
91,1423,1514,0.1388
92,1423,1515,0.1388
94,1412,1506,0.1388
90,1413,1503,0.1388
89,1423,1512,0.1388
89,1429,1518,0.1388
91,1434,1525,0.1388
88,1436,1524,0.1388
90,1425,1515,0.1388
90,1434,1524,0.1388
91,1431,1522,0.1388
91,1424,1515,0.1388
91,1424,1515,0.1388
88,1421,1509,0.1388
88,1420,1508,0.1388
90,1421,1511,0.1388
89,1418,1507,0.1388
88,1416,1504,0.1388
88,1417,1505,0.1388
88,1419,1507,0.1388
86,1440,1526,0.1388
82,1443,1525,0.1388
83,1456,1539,0.1388
81,1453,1534,0.1388
79,1444,1523,0.1388
79,1434,1513,0.1388
77,1418,1495,0.1388
80,1426,1506,0.1388
80,1429,1509,0.1388
81,1436,1517,0.1388
84,1439,1523,0.1388
83,1439,1522,0.1388
82,1431,1513,0.1388
81,1426,1507,0.1388
82,1431,1513,0.1388
79,1429,1508,0.1388
81,1431,1512,0.1388
82,1429,1511,0.1388
81,1441,1522,0.1388
82,1454,1536,0.1388
83,1444,1527,0.1388
84,1426,1510,0.1388
84,1430,1514,0.1388
84,1436,1520,0.1388
85,1443,1528,0.1388
86,1437,1523,0.1388
87,1434,1521,0.1388
86,1437,1523,0.1388
84,1440,1524,0.1388
86,1442,1528,0.1388
86,1440,1526,0.1388
85,1428,1513,0.1388
89,1419,1508,0.1388
87,1429,1516,0.1388
87,1430,1517,0.1388
88,1440,1528,0.1388
88,1423,1511,0.1388
86,1437,1523,0.1388
80,1438,1518,0.1388
78,1436,1514,0.1388
81,1429,1510,0.1388
82,1441,1523,0.1388
80,1442,1522,0.1388
82,1452,1534,0.1388
80,1448,1528,0.1388
82,1445,1527,0.1388
83,1447,1530,0.1388
79,1454,1533,0.1388
76,1453,1529,0.1388
79,1437,1516,0.1388
79,1440,1519,0.1388
75,1437,1512,0.1388
76,1446,1522,0.1388
75,1446,1521,0.1388
76,1439,1515,0.1388
75,1444,1519,0.1388
70,1446,1516,0.1388
72,1439,1511,0.1388
71,1429,1500,0.1388
71,1427,1498,0.1388
72,1428,1500,0.1388
73,1421,1494,0.1388
73,1431,1504,0.1388
74,1443,1517,0.1388
74,1437,1511,0.1388
73,1434,1507,0.1388
72,1437,1509,0.1388
74,1427,1501,0.1388
74,1442,1516,0.1388
71,1451,1522,0.1388
70,1449,1519,0.1388
66,1445,1511,0.1388
67,1439,1506,0.1388
62,1435,1497,0.1388
62,1446,1508,0.1388
62,1451,1513,0.1388
60,1452,1512,0.1388
59,1445,1504,0.1388
60,1444,1504,0.1388
60,1446,1506,0.1388
60,1440,1500,0.1388
58,1452,1510,0.1388
58,1449,1507,0.1388
57,1449,1506,0.1388
57,1461,1518,0.1388
56,1456,1512,0.1388
58,1466,1524,0.1388
56,1471,1527,0.1388
55,1476,1531,0.1388
53,1466,1519,0.1388
52,1454,1506,0.1388
50,1440,1490,0.1388
48,1450,1498,0.1388
51,1457,1508,0.1388
51,1466,1517,0.1388
51,1471,1522,0.1388
50,1469,1519,0.1388
50,1477,1527,0.1388
49,1488,1537,0.1388
48,1476,1524,0.1388
49,1463,1512,0.1388
48,1463,1511,0.1388
48,1461,1509,0.1388
49,1475,1524,0.1388
50,1471,1521,0.1388
49,1459,1508,0.1388
47,1458,1505,0.1388
48,1454,1502,0.1388
50,1452,1502,0.1388
52,1454,1506,0.1388
53,1466,1519,0.1388
56,1468,1524,0.1388
57,1474,1531,0.1388
58,1473,1531,0.1388
59,1467,1526,0.1388
58,1453,1511,0.1388
55,1463,1518,0.1388
55,1462,1517,0.1388
56,1475,1531,0.1388
56,1482,1538,0.1388
57,1471,1528,0.1388
57,1446,1503,0.1388
57,1452,1509,0.1388
56,1448,1504,0.1388
57,1458,1515,0.1388
55,1462,1517,0.1388
55,1458,1513,0.1388
54,1464,1518,0.1388
54,1469,1523,0.1388
51,1468,1519,0.1388
52,1463,1515,0.1388
53,1458,1511,0.1388
50,1463,1513,0.1388
49,1465,1514,0.1388
48,1472,1520,0.1388
45,1474,1519,0.1388
45,1470,1515,0.1388
47,1474,1521,0.1388
47,1475,1522,0.1388
48,1474,1522,0.1388
47,1480,1527,0.1388
47,1480,1527,0.1388
47,1468,1515,0.1388
47,1456,1503,0.1388
48,1471,1519,0.1388
49,1478,1527,0.1388
51,1469,1520,0.1388
51,1471,1522,0.1388
52,1474,1526,0.1388
53,1481,1534,0.1388
52,1468,1520,0.1388
52,1472,1524,0.1388
52,1470,1522,0.1388
51,1483,1534,0.1388
50,1468,1518,0.1388
49,1471,1520,0.1388
48,1469,1517,0.1388
47,1471,1518,0.1388
48,1473,1521,0.1388
48,1481,1529,0.1388
48,1471,1519,0.1388
45,1467,1512,0.1388
44,1466,1510,0.1388
48,1462,1510,0.1388
46,1464,1510,0.1388
46,1460,1506,0.1388
45,1467,1512,0.1388
44,1476,1520,0.1388
45,1475,1520,0.1388
46,1468,1514,0.1388
44,1470,1514,0.1388
43,1464,1507,0.1388
43,1479,1522,0.1388
44,1475,1519,0.1388
43,1480,1523,0.1388
44,1478,1522,0.1388
44,1473,1517,0.1388
42,1468,1510,0.1388
40,1463,1503,0.1388
40,1475,1515,0.1388
41,1480,1521,0.1388
45,1479,1524,0.1388
45,1478,1523,0.1388
46,1484,1530,0.1388
42,1480,1522,0.1388
45,1476,1521,0.1388
43,1479,1522,0.1388
44,1471,1515,0.1388
44,1470,1514,0.1388
44,1458,1502,0.1388
43,1464,1507,0.1388
44,1460,1504,0.1388
45,1461,1506,0.1388
44,1465,1509,0.1388
45,1470,1515,0.1388
46,1482,1528,0.1388
46,1482,1528,0.1388
43,1488,1531,0.1388
44,1488,1532,0.1388
45,1474,1519,0.1388
44,1464,1508,0.1388
45,1465,1510,0.1388
44,1464,1508,0.1388
42,1473,1515,0.1388
43,1461,1504,0.1388
43,1456,1499,0.1388
42,1473,1515,0.1388
39,1485,1524,0.1388
40,1470,1510,0.1388
41,1485,1526,0.1388
39,1489,1528,0.1388
38,1499,1537,0.1388
38,1486,1524,0.1388
39,1485,1524,0.1388
38,1490,1528,0.1388
38,1496,1534,0.1388
38,1488,1526,0.1388
37,1481,1518,0.1388
38,1475,1513,0.1388
38,1468,1506,0.1388
39,1470,1509,0.1388
37,1472,1509,0.1388
37,1473,1510,0.1388
36,1482,1518,0.1388
36,1489,1525,0.1388
37,1492,1529,0.1388
36,1484,1520,0.1388
35,1481,1516,0.1388
35,1483,1518,0.1388
34,1483,1517,0.1388
35,1485,1520,0.1388
35,1484,1519,0.1388
37,1491,1528,0.1388
35,1482,1517,0.1388
34,1480,1514,0.1388
36,1475,1511,0.1388
36,1476,1512,0.1388
37,1454,1491,0.1388
37,1469,1506,0.1388
38,1467,1505,0.1388
37,1455,1492,0.1388
37,1468,1505,0.1388
38,1471,1509,0.1388
38,1469,1507,0.1388
39,1470,1509,0.1388
38,1474,1512,0.1388
35,1484,1519,0.1388
34,1494,1528,0.1388
32,1481,1513,0.1388
33,1482,1515,0.1388
31,1479,1510,0.1388
31,1497,1528,0.1388
30,1490,1520,0.1388
30,1490,1520,0.1388
31,1475,1506,0.1388
32,1498,1530,0.1388
32,1480,1512,0.1388
32,1489,1521,0.1388
28,1479,1507,0.1388
28,1475,1503,0.1388
28,1478,1506,0.1388
28,1484,1512,0.1388
26,1488,1514,0.1388
24,1482,1506,0.1388
26,1486,1512,0.1388
27,1491,1518,0.1388
30,1481,1511,0.1388
32,1494,1526,0.1388
32,1492,1524,0.1388
32,1495,1527,0.1388
32,1480,1512,0.1388
33,1474,1507,0.1388
33,1481,1514,0.1388
31,1488,1519,0.1388
30,1493,1523,0.1388
31,1498,1529,0.1388
32,1484,1516,0.1388
32,1481,1513,0.1388
33,1489,1522,0.1388
33,1490,1523,0.1388
32,1480,1512,0.1388
35,1480,1515,0.1388
35,1480,1515,0.1388
35,1494,1529,0.1388
32,1488,1520,0.1388
32,1475,1507,0.1388
29,1476,1505,0.1388
29,1484,1513,0.1388
27,1485,1512,0.1388
28,1483,1511,0.1388
29,1495,1524,0.1388
28,1500,1528,0.1388
28,1486,1514,0.1388
32,1487,1519,0.1388
32,1479,1511,0.1388
33,1477,1510,0.1388
33,1475,1508,0.1388
33,1468,1501,0.1388
36,1472,1508,0.1388
37,1479,1516,0.1388
33,1476,1509,0.1388
33,1486,1519,0.1388
35,1479,1514,0.1388
33,1475,1508,0.1388
33,1492,1525,0.1388
35,1475,1510,0.1388
36,1475,1511,0.1388
35,1484,1519,0.1388
38,1490,1528,0.1388
35,1477,1512,0.1388
35,1470,1505,0.1388
37,1465,1502,0.1388
39,1464,1503,0.1388
40,1463,1503,0.1388
39,1470,1509,0.1388
40,1485,1525,0.1388
41,1484,1525,0.1388
40,1481,1521,0.1388
38,1482,1520,0.1388
38,1476,1514,0.1388
38,1475,1513,0.1388
38,1477,1515,0.1388
36,1472,1508,0.1388
36,1472,1508,0.1388
37,1479,1516,0.1388
35,1459,1494,0.1388
33,1472,1505,0.1388
31,1467,1498,0.1388
30,1467,1497,0.1388
31,1468,1499,0.1388
32,1476,1508,0.1388
32,1480,1512,0.1388
32,1470,1502,0.1388
32,1481,1513,0.1388
32,1488,1520,0.1388
30,1484,1514,0.1388
29,1477,1506,0.1388
30,1469,1499,0.1388
29,1461,1490,0.1388
30,1468,1498,0.1388
30,1483,1513,0.1388
29,1479,1508,0.1388
26,1472,1498,0.1388
27,1478,1505,0.1388
28,1475,1503,0.1388
27,1478,1505,0.1388
27,1477,1504,0.1388
28,1490,1518,0.1388
27,1484,1511,0.1388
27,1491,1518,0.1388
27,1504,1531,0.1388
26,1484,1510,0.1388
26,1475,1501,0.1388
26,1473,1499,0.1388
27,1488,1515,0.1388
27,1484,1511,0.1388
27,1490,1517,0.1388
27,1484,1511,0.1388
27,1488,1515,0.1388
27,1481,1508,0.1388
27,1482,1509,0.1388
27,1483,1510,0.1388
28,1489,1517,0.1388
27,1494,1521,0.1388
25,1504,1529,0.1388
24,1495,1519,0.1388
25,1490,1515,0.1388
25,1490,1515,0.1388
25,1498,1523,0.1388
26,1498,1524,0.1388
24,1506,1530,0.1388
21,1497,1518,0.1388
23,1497,1520,0.1388
25,1489,1514,0.1388
26,1491,1517,0.1388
27,1484,1511,0.1388
29,1484,1513,0.1388
28,1490,1518,0.1388
28,1498,1526,0.1388
29,1497,1526,0.1388
28,1490,1518,0.1388
27,1490,1517,0.1388
26,1490,1516,0.1388
23,1489,1512,0.1388
23,1483,1506,0.1388
25,1488,1513,0.1388
24,1492,1516,0.1388
26,1485,1511,0.1388
25,1475,1500,0.1388
25,1459,1484,0.1388
25,1472,1497,0.1388
24,1484,1508,0.1388
23,1492,1515,0.1388
24,1489,1513,0.1388
25,1497,1522,0.1388
25,1488,1513,0.1388
24,1491,1515,0.1388
24,1493,1517,0.1388
26,1503,1529,0.1388
25,1491,1516,0.1388
24,1479,1503,0.1388
25,1494,1519,0.1388
24,1502,1526,0.1388
23,1500,1523,0.1388
25,1496,1521,0.1388
24,1505,1529,0.1388
24,1501,1525,0.1388
23,1501,1524,0.1388
22,1496,1518,0.1388
22,1497,1519,0.1388
23,1497,1520,0.1388
22,1493,1515,0.1388
21,1494,1515,0.1388
23,1507,1530,0.1388
23,1498,1521,0.1388
24,1503,1527,0.1388
23,1499,1522,0.1388
23,1499,1522,0.1388
23,1487,1510,0.1388
23,1474,1497,0.1388
24,1485,1509,0.1388
24,1483,1507,0.1388
23,1487,1510,0.1388
24,1497,1521,0.1388
23,1499,1522,0.1388
24,1496,1520,0.1388
25,1506,1531,0.1388
23,1510,1533,0.1388
21,1513,1534,0.1388
22,1503,1525,0.1388
22,1492,1514,0.1388
22,1484,1506,0.1388
23,1486,1509,0.1388
21,1471,1492,0.1388
21,1484,1505,0.1388
20,1482,1502,0.1388
20,1486,1506,0.1388
21,1495,1516,0.1388
20,1477,1497,0.1388
20,1494,1514,0.1388
21,1483,1504,0.1388
21,1493,1514,0.1388
21,1498,1519,0.1388
18,1489,1507,0.1388
16,1496,1512,0.1388
16,1501,1517,0.1388
15,1483,1498,0.1388
16,1486,1502,0.1388
16,1485,1501,0.1388
17,1491,1508,0.1388
16,1499,1515,0.1388
17,1494,1511,0.1388
16,1490,1506,0.1388
16,1494,1510,0.1388
16,1496,1512,0.1388
15,1492,1507,0.1388
15,1498,1513,0.1388
15,1496,1511,0.1388
15,1497,1512,0.1388
16,1495,1511,0.1388
14,1502,1516,0.1388
14,1483,1497,0.1388
13,1494,1507,0.1388
13,1515,1528,0.1388
13,1505,1518,0.1388
14,1509,1523,0.1388
14,1507,1521,0.1388
15,1505,1520,0.1388
15,1510,1525,0.1388
15,1495,1510,0.1388
15,1490,1505,0.1388
15,1492,1507,0.1388
15,1491,1506,0.1388
15,1496,1511,0.1388
15,1500,1515,0.1388
15,1508,1523,0.1388
15,1499,1514,0.1388
15,1507,1522,0.1388
15,1503,1518,0.1388
15,1517,1532,0.1388
15,1503,1518,0.1388
15,1507,1522,0.1388
15,1491,1506,0.1388
14,1499,1513,0.1388
14,1501,1515,0.1388
13,1496,1509,0.1388
14,1506,1520,0.1388
14,1499,1513,0.1388
15,1498,1513,0.1388
15,1497,1512,0.1388
14,1494,1508,0.1388
15,1504,1519,0.1388
16,1494,1510,0.1388
16,1487,1503,0.1388
18,1499,1517,0.1388
17,1496,1513,0.1388
17,1499,1516,0.1388
17,1494,1511,0.1388
18,1484,1502,0.1388
18,1491,1509,0.1388
17,1492,1509,0.1388
16,1488,1504,0.1388
17,1484,1501,0.1388
17,1476,1493,0.1388
17,1467,1484,0.1388
17,1476,1493,0.1388
17,1489,1506,0.1388
16,1494,1510,0.1388
17,1494,1511,0.1388
18,1478,1496,0.1388
18,1483,1501,0.1388
18,1483,1501,0.1388
18,1484,1502,0.1388
18,1503,1521,0.1388
18,1509,1527,0.1388
18,1517,1535,0.1388
18,1524,1542,0.1388
19,1508,1527,0.1388
19,1505,1524,0.1388
18,1489,1507,0.1388
18,1505,1523,0.1388
18,1497,1515,0.1388
18,1497,1515,0.1388
20,1496,1516,0.1388
18,1491,1509,0.1388
18,1488,1506,0.1388
18,1497,1515,0.1388
17,1499,1516,0.1388
17,1500,1517,0.1388
17,1505,1522,0.1388
17,1500,1517,0.1388
16,1498,1514,0.1388
14,1489,1503,0.1388
16,1498,1514,0.1388
16,1494,1510,0.1388
16,1480,1496,0.1388
16,1486,1502,0.1388
17,1483,1500,0.1388
17,1497,1514,0.1388
17,1488,1505,0.1388
17,1501,1518,0.1388
17,1506,1523,0.1388
17,1500,1517,0.1388
16,1503,1519,0.1388
16,1497,1513,0.1388
16,1505,1521,0.1388
16,1494,1510,0.1388
15,1488,1503,0.1388
15,1494,1509,0.1388
14,1481,1495,0.1388
14,1490,1504,0.1388
15,1492,1507,0.1388
14,1504,1518,0.1388
14,1498,1512,0.1388
14,1505,1519,0.1388
14,1505,1519,0.1388
13,1506,1519,0.1388
13,1488,1501,0.1388
14,1497,1511,0.1388
13,1490,1503,0.1388
13,1514,1527,0.1388
13,1500,1513,0.1388
13,1490,1503,0.1388
12,1503,1515,0.1388
12,1512,1524,0.1388
11,1510,1521,0.1388
11,1486,1497,0.1388
11,1496,1507,0.1388
11,1517,1528,0.1388
11,1518,1529,0.1388
11,1519,1530,0.1388
11,1505,1516,0.1388
10,1500,1510,0.1388
9,1497,1506,0.1388
9,1498,1507,0.1388
8,1506,1514,0.1388
7,1506,1513,0.1388
6,1507,1513,0.1388
6,1504,1510,0.1388
7,1505,1512,0.1388
9,1513,1522,0.1388
9,1503,1512,0.1388
9,1511,1520,0.1388
9,1495,1504,0.1388
9,1494,1503,0.1388
9,1502,1511,0.1388
9,1514,1523,0.1388
7,1510,1517,0.1388
7,1508,1515,0.1388
7,1499,1506,0.1388
7,1511,1518,0.1388
7,1510,1517,0.1388
7,1502,1509,0.1388
7,1505,1512,0.1388
7,1511,1518,0.1388
7,1506,1513,0.1388
7,1495,1502,0.1388
7,1493,1500,0.1388
7,1501,1508,0.1388
8,1506,1514,0.1388
8,1506,1514,0.1388
8,1503,1511,0.1388
8,1510,1518,0.1388
8,1508,1516,0.1388
9,1505,1514,0.1388
10,1515,1525,0.1388
10,1522,1532,0.1388
10,1508,1518,0.1388
10,1514,1524,0.1388
9,1506,1515,0.1388
9,1509,1518,0.1388
8,1516,1524,0.1388
8,1511,1519,0.1388
9,1520,1529,0.1388
10,1509,1519,0.1388
10,1503,1513,0.1388
10,1519,1529,0.1388
10,1518,1528,0.1388
11,1514,1525,0.1388
11,1509,1520,0.1388
9,1510,1519,0.1388
9,1510,1519,0.1388
10,1508,1518,0.1388
10,1508,1518,0.1388
10,1526,1536,0.1388
10,1516,1526,0.1388
8,1507,1515,0.1388
8,1499,1507,0.1388
6,1511,1517,0.1388
7,1509,1516,0.1388
8,1507,1515,0.1388
8,1507,1515,0.1388
8,1522,1530,0.1388
9,1495,1504,0.1388
9,1506,1515,0.1388
9,1513,1522,0.1388
9,1511,1520,0.1388
8,1509,1517,0.1388
8,1498,1506,0.1388
8,1505,1513,0.1388
7,1502,1509,0.1388
6,1518,1524,0.1388
5,1513,1518,0.1388
5,1505,1510,0.1388
5,1514,1519,0.1388
6,1520,1526,0.1388
7,1520,1527,0.1388
7,1510,1517,0.1388
7,1530,1537,0.1388
7,1512,1519,0.1388
7,1511,1518,0.1388
7,1513,1520,0.1388
6,1519,1525,0.1388
5,1516,1521,0.1388
6,1512,1518,0.1388
6,1496,1502,0.1388
6,1495,1501,0.1388
6,1496,1502,0.1388
6,1503,1509,0.1388
6,1501,1507,0.1388
5,1499,1504,0.1388
5,1499,1504,0.1388
5,1492,1497,0.1388
5,1502,1507,0.1388
5,1511,1516,0.1388
5,1509,1514,0.1388
5,1515,1520,0.1388
5,1503,1508,0.1388
5,1504,1509,0.1388
5,1505,1510,0.1388
5,1522,1527,0.1388
5,1516,1521,0.1388
5,1525,1530,0.1388
5,1525,1530,0.1388
5,1512,1517,0.1388
5,1510,1515,0.1388
5,1501,1506,0.1388
5,1511,1516,0.1388
4,1520,1524,0.1388
4,1520,1524,0.1388
4,1514,1518,0.1388
4,1530,1534,0.1388
4,1522,1526,0.1388
4,1514,1518,0.1388
4,1518,1522,0.1388
4,1505,1509,0.1388
4,1507,1511,0.1388
3,1499,1502,0.1388
4,1508,1512,0.1388
4,1503,1507,0.1388
3,1510,1513,0.1388
3,1518,1521,0.1388
3,1516,1519,0.1388
3,1521,1524,0.1388
3,1525,1528,0.1388
3,1517,1520,0.1388
3,1513,1516,0.1388
3,1508,1511,0.1388
3,1516,1519,0.1388
3,1532,1535,0.1388
3,1536,1539,0.1388
3,1514,1517,0.1388
3,1533,1536,0.1388
2,1520,1522,0.1388
2,1515,1517,0.1388
2,1518,1520,0.1388
2,1517,1519,0.1388
2,1512,1514,0.1388
2,1517,1519,0.1388
2,1512,1514,0.1388
2,1513,1515,0.1388
2,1510,1512,0.1388
2,1503,1505,0.1388
2,1511,1513,0.1388
2,1512,1514,0.1388
2,1507,1509,0.1388
2,1504,1506,0.1388
2,1511,1513,0.1388
2,1507,1509,0.1388
2,1515,1517,0.1388
2,1507,1509,0.1388
1,1506,1507,0.1388
1,1506,1507,0.1388
1,1495,1496,0.1388
1,1499,1500,0.1388
1,1501,1502,0.1388
1,1504,1505,0.1388
1,1520,1521,0.1388
1,1518,1519,0.1388
1,1506,1507,0.1388
1,1507,1508,0.1388
1,1518,1519,0.1388
1,1529,1530,0.1388
1,1515,1516,0.1388
1,1519,1520,0.1388
1,1513,1514,0.1388
1,1514,1515,0.1388
1,1529,1530,0.1388
1,1530,1531,0.1388
1,1502,1503,0.1388
1,1509,1510,0.1388
1,1508,1509,0.1388
1,1513,1514,0.1388
1,1514,1515,0.1388
1,1501,1502,0.1388
1,1513,1514,0.1388
1,1523,1524,0.1388
1,1520,1521,0.1388
1,1505,1506,0.1388
1,1506,1507,0.1388
1,1496,1497,0.1388
1,1505,1506,0.1388
1,1507,1508,0.1388
1,1523,1524,0.1388
1,1514,1515,0.1388
1,1508,1509,0.1388
1,1518,1519,0.1388
1,1513,1514,0.1388
1,1523,1524,0.1388
1,1532,1533,0.1388
1,1527,1528,0.1388
1,1528,1529,0.1388
1,1526,1527,0.1388
1,1533,1534,0.1388
1,1528,1529,0.1388
1,1522,1523,0.1388
1,1517,1518,0.1388
1,1521,1522,0.1388
1,1526,1527,0.1388
1,1518,1519,0.1388
1,1522,1523,0.1388
1,1529,1530,0.1388
1,1523,1524,0.1388
1,1520,1521,0.1388
1,1513,1514,0.1388
1,1521,1522,0.1388
1,1518,1519,0.1388
1,1526,1527,0.1388
1,1541,1542,0.1388
1,1538,1539,0.1388
1,1522,1523,0.1388
1,1521,1522,0.1388
1,1511,1512,0.1388
1,1514,1515,0.1388
1,1507,1508,0.1388
1,1504,1505,0.1388
1,1508,1509,0.1388
1,1516,1517,0.1388
1,1523,1524,0.1388
1,1512,1513,0.1388
1,1510,1511,0.1388
1,1514,1515,0.1388
1,1514,1515,0.1388
1,1511,1512,0.1388
1,1517,1518,0.1388
1,1519,1520,0.1388
1,1516,1517,0.1388
1,1522,1523,0.1388
0,1516,1516,0.1388
