1365,24,1389,0.1388
1400,26,1426,0.1388
1401,26,1427,0.1388
1428,28,1456,0.1388
1437,28,1465,0.1388
1445,30,1475,0.1388
1461,29,1490,0.1388
1468,30,1498,0.1388
1457,30,1487,0.1388
1469,30,1499,0.1388
1463,32,1495,0.1388
1460,32,1492,0.1388
1465,31,1496,0.1388
1469,33,1502,0.1388
1470,33,1503,0.1388
1463,32,1495,0.1388
1468,34,1502,0.1388
1458,34,1492,0.1388
1454,36,1490,0.1388
1451,37,1488,0.1388
1440,37,1477,0.1388
1449,36,1485,0.1388
1458,36,1494,0.1388
1468,36,1504,0.1388
1465,37,1502,0.1388
1475,37,1512,0.1388
1471,37,1508,0.1388
1477,37,1514,0.1388
1468,39,1507,0.1388
1470,38,1508,0.1388
1460,38,1498,0.1388
1451,38,1489,0.1388
1459,39,1498,0.1388
1468,42,1510,0.1388
1468,42,1510,0.1388
1461,44,1505,0.1388
1460,42,1502,0.1388
1452,42,1494,0.1388
1452,40,1492,0.1388
1457,39,1496,0.1388
1457,39,1496,0.1388
1459,37,1496,0.1388
1463,35,1498,0.1388
1460,35,1495,0.1388
1458,34,1492,0.1388
1457,34,1491,0.1388
1468,33,1501,0.1388
1460,33,1493,0.1388
1465,34,1499,0.1388
1467,36,1503,0.1388
1463,37,1500,0.1388
1460,37,1497,0.1388
1459,37,1496,0.1388
1464,38,1502,0.1388
1474,39,1513,0.1388
1450,40,1490,0.1388
1447,40,1487,0.1388
1445,40,1485,0.1388
1434,40,1474,0.1388
1440,41,1481,0.1388
1442,41,1483,0.1388
1442,42,1484,0.1388
1443,42,1485,0.1388
1438,43,1481,0.1388
1418,46,1464,0.1388
1433,45,1478,0.1388
1443,49,1492,0.1388
1442,47,1489,0.1388
1438,47,1485,0.1388
1452,52,1504,0.1388
1446,50,1496,0.1388
1448,51,1499,0.1388
1445,50,1495,0.1388
1440,49,1489,0.1388
1440,49,1489,0.1388
1449,46,1495,0.1388
1442,50,1492,0.1388
1441,50,1491,0.1388
1443,50,1493,0.1388
1436,54,1490,0.1388
1441,57,1498,0.1388
1435,57,1492,0.1388
1440,55,1495,0.1388
1439,53,1492,0.1388
1436,53,1489,0.1388
1436,57,1493,0.1388
1427,58,1485,0.1388
1432,59,1491,0.1388
1434,60,1494,0.1388
1441,61,1502,0.1388
1435,60,1495,0.1388
1434,62,1496,0.1388
1436,64,1500,0.1388
1427,63,1490,0.1388
1420,65,1485,0.1388
1414,63,1477,0.1388
1421,69,1490,0.1388
1425,68,1493,0.1388
1411,65,1476,0.1388
1404,64,1468,0.1388
1397,68,1465,0.1388
1407,69,1476,0.1388
1400,69,1469,0.1388
1412,69,1481,0.1388
1420,66,1486,0.1388
1419,66,1485,0.1388
1425,66,1491,0.1388
1417,63,1480,0.1388
1433,65,1498,0.1388
1421,70,1491,0.1388
1427,67,1494,0.1388
1425,66,1491,0.1388
1449,66,1515,0.1388
1447,66,1513,0.1388
1435,64,1499,0.1388
1434,60,1494,0.1388
1437,60,1497,0.1388
1447,60,1507,0.1388
1439,63,1502,0.1388
1428,63,1491,0.1388
1440,63,1503,0.1388
1447,63,1510,0.1388
1442,61,1503,0.1388
1429,64,1493,0.1388
1425,65,1490,0.1388
1420,65,1485,0.1388
1420,66,1486,0.1388
1420,61,1481,0.1388
1428,64,1492,0.1388
1430,62,1492,0.1388
1421,62,1483,0.1388
1428,62,1490,0.1388
1416,63,1479,0.1388
1426,67,1493,0.1388
1420,70,1490,0.1388
1431,71,1502,0.1388
1427,71,1498,0.1388
1429,71,1500,0.1388
1435,71,1506,0.1388
1433,69,1502,0.1388
1422,74,1496,0.1388
1419,76,1495,0.1388
1418,74,1492,0.1388
1414,77,1491,0.1388
1420,76,1496,0.1388
1416,74,1490,0.1388
1421,72,1493,0.1388
1421,75,1496,0.1388
1404,81,1485,0.1388
1401,80,1481,0.1388
1396,84,1480,0.1388
1401,84,1485,0.1388
1401,91,1492,0.1388
1414,90,1504,0.1388
1411,94,1505,0.1388
1404,92,1496,0.1388
1394,91,1485,0.1388
1386,90,1476,0.1388
1382,88,1470,0.1388
1378,89,1467,0.1388
1391,89,1480,0.1388
1388,94,1482,0.1388
1378,93,1471,0.1388
1388,93,1481,0.1388
1404,96,1500,0.1388
1406,96,1502,0.1388
1402,94,1496,0.1388
1404,92,1496,0.1388
1399,96,1495,0.1388
1383,93,1476,0.1388
1390,94,1484,0.1388
1402,98,1500,0.1388
1399,99,1498,0.1388
1383,103,1486,0.1388
1372,105,1477,0.1388
1374,107,1481,0.1388
1372,103,1475,0.1388
1382,99,1481,0.1388
1385,99,1484,0.1388
1393,99,1492,0.1388
1400,100,1500,0.1388
1392,99,1491,0.1388
1382,100,1482,0.1388
1388,100,1488,0.1388
1381,103,1484,0.1388
1402,103,1505,0.1388
1397,102,1499,0.1388
1393,102,1495,0.1388
1386,101,1487,0.1388
1395,103,1498,0.1388
1388,105,1493,0.1388
1374,103,1477,0.1388
1391,101,1492,0.1388
1391,104,1495,0.1388
1376,106,1482,0.1388
1380,112,1492,0.1388
1380,112,1492,0.1388
1368,114,1482,0.1388
1365,120,1485,0.1388
1372,118,1490,0.1388
1382,119,1501,0.1388
1391,121,1512,0.1388
1379,122,1501,0.1388
1395,123,1518,0.1388
1395,123,1518,0.1388
1399,127,1526,0.1388
1399,122,1521,0.1388
1390,121,1511,0.1388
1391,116,1507,0.1388
1380,120,1500,0.1388
1378,120,1498,0.1388
1374,122,1496,0.1388
1366,121,1487,0.1388
1369,120,1489,0.1388
1360,123,1483,0.1388
1364,125,1489,0.1388
1376,128,1504,0.1388
1362,128,1490,0.1388
1366,125,1491,0.1388
1363,122,1485,0.1388
1358,125,1483,0.1388
1367,126,1493,0.1388
1381,127,1508,0.1388
1378,125,1503,0.1388
1377,130,1507,0.1388
1369,138,1507,0.1388
1359,138,1497,0.1388
1361,141,1502,0.1388
1361,140,1501,0.1388
1358,135,1493,0.1388
1353,138,1491,0.1388
1354,137,1491,0.1388
1371,134,1505,0.1388
1375,137,1512,0.1388
1363,141,1504,0.1388
1356,143,1499,0.1388
1366,143,1509,0.1388
1369,135,1504,0.1388
1358,139,1497,0.1388
1371,137,1508,0.1388
1372,139,1511,0.1388
1364,141,1505,0.1388
1361,140,1501,0.1388
1365,142,1507,0.1388
1361,143,1504,0.1388
1365,145,1510,0.1388
1354,146,1500,0.1388
1349,144,1493,0.1388
1352,147,1499,0.1388
1360,147,1507,0.1388
1359,146,1505,0.1388
1356,151,1507,0.1388
1350,151,1501,0.1388
1361,151,1512,0.1388
1358,150,1508,0.1388
1363,147,1510,0.1388
1364,149,1513,0.1388
1358,151,1509,0.1388
1356,147,1503,0.1388
1359,145,1504,0.1388
1343,144,1487,0.1388
1347,145,1492,0.1388
1341,146,1487,0.1388
1339,147,1486,0.1388
1337,150,1487,0.1388
1338,151,1489,0.1388
1344,143,1487,0.1388
1326,142,1468,0.1388
1342,142,1484,0.1388
1341,146,1487,0.1388
1336,145,1481,0.1388
1338,153,1491,0.1388
1346,151,1497,0.1388
1349,149,1498,0.1388
1350,150,1500,0.1388
1357,152,1509,0.1388
1365,152,1517,0.1388
1355,150,1505,0.1388
1339,151,1490,0.1388
1332,152,1484,0.1388
1339,151,1490,0.1388
1331,152,1483,0.1388
1342,151,1493,0.1388
1352,151,1503,0.1388
1355,154,1509,0.1388
1342,158,1500,0.1388
1338,156,1494,0.1388
1343,153,1496,0.1388
1346,152,1498,0.1388
1339,151,1490,0.1388
1341,151,1492,0.1388
1340,150,1490,0.1388
1332,153,1485,0.1388
1332,155,1487,0.1388
1330,156,1486,0.1388
1328,156,1484,0.1388
1331,153,1484,0.1388
1343,154,1497,0.1388
1332,157,1489,0.1388
1320,155,1475,0.1388
1319,158,1477,0.1388
1318,155,1473,0.1388
1325,160,1485,0.1388
1320,160,1480,0.1388
1314,160,1474,0.1388
1335,159,1494,0.1388
1338,157,1495,0.1388
1331,161,1492,0.1388
1335,159,1494,0.1388
1354,153,1507,0.1388
1349,153,1502,0.1388
1339,153,1492,0.1388
1339,157,1496,0.1388
1346,160,1506,0.1388
1326,160,1486,0.1388
1339,163,1502,0.1388
1333,162,1495,0.1388
1318,160,1478,0.1388
1321,161,1482,0.1388
1313,161,1474,0.1388
1307,168,1475,0.1388
1313,170,1483,0.1388
1303,167,1470,0.1388
1304,167,1471,0.1388
1315,169,1484,0.1388
1320,171,1491,0.1388
1319,173,1492,0.1388
1321,176,1497,0.1388
1331,173,1504,0.1388
1329,172,1501,0.1388
1328,174,1502,0.1388
1333,179,1512,0.1388
1319,177,1496,0.1388
1310,179,1489,0.1388
1297,177,1474,0.1388
1316,180,1496,0.1388
1319,185,1504,0.1388
1325,188,1513,0.1388
1334,187,1521,0.1388
1320,184,1504,0.1388
1304,187,1491,0.1388
1292,182,1474,0.1388
1303,183,1486,0.1388
1300,190,1490,0.1388
1291,181,1472,0.1388
1305,185,1490,0.1388
1289,187,1476,0.1388
1288,189,1477,0.1388
1286,191,1477,0.1388
1286,186,1472,0.1388
1300,189,1489,0.1388
1296,196,1492,0.1388
1314,197,1511,0.1388
1308,196,1504,0.1388
1298,196,1494,0.1388
1310,195,1505,0.1388
1299,201,1500,0.1388
1301,199,1500,0.1388
1298,190,1488,0.1388
1291,194,1485,0.1388
1298,203,1501,0.1388
1316,202,1518,0.1388
1307,204,1511,0.1388
1296,202,1498,0.1388
1300,201,1501,0.1388
1307,203,1510,0.1388
1290,202,1492,0.1388
1295,209,1504,0.1388
1291,203,1494,0.1388
1290,203,1493,0.1388
1295,201,1496,0.1388
1289,201,1490,0.1388
1288,197,1485,0.1388
1297,196,1493,0.1388
1297,197,1494,0.1388
1288,195,1483,0.1388
1286,193,1479,0.1388
1302,198,1500,0.1388
1308,195,1503,0.1388
1294,197,1491,0.1388
1296,204,1500,0.1388
1298,203,1501,0.1388
1298,205,1503,0.1388
1287,203,1490,0.1388
1283,196,1479,0.1388
1282,197,1479,0.1388
1296,198,1494,0.1388
1283,200,1483,0.1388
1295,200,1495,0.1388
1296,201,1497,0.1388
1282,202,1484,0.1388
1279,205,1484,0.1388
1283,205,1488,0.1388
1276,205,1481,0.1388
1289,209,1498,0.1388
1281,213,1494,0.1388
1275,216,1491,0.1388
1277,218,1495,0.1388
1271,212,1483,0.1388
1264,214,1478,0.1388
1264,212,1476,0.1388
1270,212,1482,0.1388
1269,214,1483,0.1388
1277,216,1493,0.1388
1280,215,1495,0.1388
1272,221,1493,0.1388
1278,223,1501,0.1388
1277,221,1498,0.1388
1287,216,1503,0.1388
1292,223,1515,0.1388
1291,222,1513,0.1388
1278,222,1500,0.1388
1287,226,1513,0.1388
1275,225,1500,0.1388
1274,226,1500,0.1388
1267,232,1499,0.1388
1275,229,1504,0.1388
1281,228,1509,0.1388
1271,220,1491,0.1388
1265,222,1487,0.1388
1274,223,1497,0.1388
1267,226,1493,0.1388
1262,228,1490,0.1388
1263,235,1498,0.1388
1265,241,1506,0.1388
1265,247,1512,0.1388
1262,247,1509,0.1388
1256,247,1503,0.1388
1249,247,1496,0.1388
1265,243,1508,0.1388
1260,240,1500,0.1388
1252,237,1489,0.1388
1250,237,1487,0.1388
1260,239,1499,0.1388
1257,237,1494,0.1388
1261,244,1505,0.1388
1262,244,1506,0.1388
1264,243,1507,0.1388
1251,240,1491,0.1388
1255,242,1497,0.1388
1251,242,1493,0.1388
1265,244,1509,0.1388
1264,244,1508,0.1388
1247,246,1493,0.1388
1249,252,1501,0.1388
1237,250,1487,0.1388
1236,252,1488,0.1388
1232,252,1484,0.1388
1237,252,1489,0.1388
1235,258,1493,0.1388
1241,253,1494,0.1388
1233,250,1483,0.1388
1241,251,1492,0.1388
1259,251,1510,0.1388
1252,259,1511,0.1388
1245,258,1503,0.1388
1244,261,1505,0.1388
1235,258,1493,0.1388
1235,254,1489,0.1388
1234,255,1489,0.1388
1225,256,1481,0.1388
1218,256,1474,0.1388
1226,251,1477,0.1388
1240,254,1494,0.1388
1252,253,1505,0.1388
1244,259,1503,0.1388
1238,262,1500,0.1388
1242,257,1499,0.1388
1239,260,1499,0.1388
1245,256,1501,0.1388
1241,257,1498,0.1388
1239,258,1497,0.1388
1221,256,1477,0.1388
1214,257,1471,0.1388
1222,257,1479,0.1388
1236,261,1497,0.1388
1227,261,1488,0.1388
1233,259,1492,0.1388
1233,262,1495,0.1388
1240,258,1498,0.1388
1237,260,1497,0.1388
1235,264,1499,0.1388
1225,263,1488,0.1388
1214,263,1477,0.1388
1215,265,1480,0.1388
1227,270,1497,0.1388
1215,264,1479,0.1388
1224,266,1490,0.1388
1232,268,1500,0.1388
1229,265,1494,0.1388
1230,269,1499,0.1388
1235,267,1502,0.1388
1227,270,1497,0.1388
1211,274,1485,0.1388
1215,282,1497,0.1388
1219,284,1503,0.1388
1214,280,1494,0.1388
1215,282,1497,0.1388
1218,285,1503,0.1388
1218,290,1508,0.1388
1221,285,1506,0.1388
1217,283,1500,0.1388
1212,287,1499,0.1388
1212,282,1494,0.1388
1213,283,1496,0.1388
1213,291,1504,0.1388
1216,286,1502,0.1388
1212,284,1496,0.1388
1206,283,1489,0.1388
1209,284,1493,0.1388
1203,286,1489,0.1388
1202,280,1482,0.1388
1205,284,1489,0.1388
1200,285,1485,0.1388
1193,285,1478,0.1388
1177,285,1462,0.1388
1183,293,1476,0.1388
1186,291,1477,0.1388
1182,292,1474,0.1388
1192,290,1482,0.1388
1189,288,1477,0.1388
1205,278,1483,0.1388
1201,287,1488,0.1388
1205,288,1493,0.1388
1211,293,1504,0.1388
1197,292,1489,0.1388
1206,289,1495,0.1388
1225,287,1512,0.1388
1215,290,1505,0.1388
1214,292,1506,0.1388
1202,292,1494,0.1388
1211,293,1504,0.1388
1213,295,1508,0.1388
1204,299,1503,0.1388
1200,300,1500,0.1388
1198,303,1501,0.1388
1195,307,1502,0.1388
1203,305,1508,0.1388
1213,313,1526,0.1388
1196,312,1508,0.1388
1193,312,1505,0.1388
1189,314,1503,0.1388
1186,311,1497,0.1388
1189,312,1501,0.1388
1197,314,1511,0.1388
1196,309,1505,0.1388
1196,309,1505,0.1388
1198,314,1512,0.1388
1188,311,1499,0.1388
1181,312,1493,0.1388
1170,314,1484,0.1388
1176,317,1493,0.1388
1174,321,1495,0.1388
1175,315,1490,0.1388
1185,320,1505,0.1388
1172,323,1495,0.1388
1174,321,1495,0.1388
1182,316,1498,0.1388
1190,316,1506,0.1388
1189,319,1508,0.1388
1186,320,1506,0.1388
1187,322,1509,0.1388
1179,319,1498,0.1388
1168,313,1481,0.1388
1185,316,1501,0.1388
1197,321,1518,0.1388
1190,319,1509,0.1388
1184,320,1504,0.1388
1184,325,1509,0.1388
1168,329,1497,0.1388
1175,328,1503,0.1388
1177,324,1501,0.1388
1182,321,1503,0.1388
1179,323,1502,0.1388
1168,323,1491,0.1388
1164,317,1481,0.1388
1160,322,1482,0.1388
1150,323,1473,0.1388
1147,326,1473,0.1388
1145,326,1471,0.1388
1152,333,1485,0.1388
1145,335,1480,0.1388
1145,328,1473,0.1388
1153,327,1480,0.1388
1166,329,1495,0.1388
1171,330,1501,0.1388
1168,331,1499,0.1388
1175,336,1511,0.1388
1169,338,1507,0.1388
1159,336,1495,0.1388
1158,341,1499,0.1388
1168,341,1509,0.1388
1167,344,1511,0.1388
1174,343,1517,0.1388
1160,340,1500,0.1388
1156,340,1496,0.1388
1157,335,1492,0.1388
1163,336,1499,0.1388
1165,329,1494,0.1388
1160,338,1498,0.1388
1166,340,1506,0.1388
1169,341,1510,0.1388
1164,346,1510,0.1388
1157,344,1501,0.1388
1149,338,1487,0.1388
1151,337,1488,0.1388
1153,339,1492,0.1388
1145,339,1484,0.1388
1147,338,1485,0.1388
1148,333,1481,0.1388
1155,335,1490,0.1388
1158,333,1491,0.1388
1154,337,1491,0.1388
1161,333,1494,0.1388
1151,332,1483,0.1388
1144,336,1480,0.1388
1150,335,1485,0.1388
1152,340,1492,0.1388
1156,327,1483,0.1388
1162,328,1490,0.1388
1161,334,1495,0.1388
1157,335,1492,0.1388
1165,331,1496,0.1388
1168,329,1497,0.1388
1174,325,1499,0.1388
1166,325,1491,0.1388
1178,330,1508,0.1388
1167,333,1500,0.1388
1157,330,1487,0.1388
1166,326,1492,0.1388
1175,328,1503,0.1388
1163,334,1497,0.1388
1163,331,1494,0.1388
1172,330,1502,0.1388
1161,336,1497,0.1388
1155,336,1491,0.1388
1152,343,1495,0.1388
1152,343,1495,0.1388
1150,340,1490,0.1388
1148,340,1488,0.1388
1150,344,1494,0.1388
1146,344,1490,0.1388
1149,341,1490,0.1388
1155,341,1496,0.1388
1165,347,1512,0.1388
1160,346,1506,0.1388
1159,347,1506,0.1388
1142,344,1486,0.1388
1140,347,1487,0.1388
1150,345,1495,0.1388
1145,342,1487,0.1388
1150,343,1493,0.1388
1156,351,1507,0.1388
1147,353,1500,0.1388
1141,358,1499,0.1388
1138,357,1495,0.1388
1150,355,1505,0.1388
1153,342,1495,0.1388
1142,350,1492,0.1388
1138,348,1486,0.1388
1145,354,1499,0.1388
1148,357,1505,0.1388
1151,360,1511,0.1388
1144,359,1503,0.1388
1140,354,1494,0.1388
1144,351,1495,0.1388
1143,349,1492,0.1388
1150,351,1501,0.1388
1152,352,1504,0.1388
1146,353,1499,0.1388
1126,350,1476,0.1388
1132,358,1490,0.1388
1136,352,1488,0.1388
1123,362,1485,0.1388
1115,364,1479,0.1388
1120,370,1490,0.1388
1110,373,1483,0.1388
1120,376,1496,0.1388
1124,376,1500,0.1388
1116,377,1493,0.1388
1123,371,1494,0.1388
1121,363,1484,0.1388
1122,372,1494,0.1388
1124,375,1499,0.1388
1123,374,1497,0.1388
1130,380,1510,0.1388
1133,375,1508,0.1388
1134,380,1514,0.1388
1128,384,1512,0.1388
1124,382,1506,0.1388
1125,385,1510,0.1388
1106,388,1494,0.1388
1108,389,1497,0.1388
1119,386,1505,0.1388
1127,378,1505,0.1388
1134,383,1517,0.1388
1124,382,1506,0.1388
1114,377,1491,0.1388
1120,380,1500,0.1388
1116,382,1498,0.1388
1115,387,1502,0.1388
1099,386,1485,0.1388
1100,389,1489,0.1388
1103,390,1493,0.1388
1108,386,1494,0.1388
1113,391,1504,0.1388
1115,395,1510,0.1388
1115,398,1513,0.1388
1101,400,1501,0.1388
1100,405,1505,0.1388
1098,403,1501,0.1388
1102,401,1503,0.1388
1094,397,1491,0.1388
1105,400,1505,0.1388
1112,395,1507,0.1388
1105,398,1503,0.1388
1112,400,1512,0.1388
1106,399,1505,0.1388
1101,401,1502,0.1388
1096,400,1496,0.1388
1112,394,1506,0.1388
1117,390,1507,0.1388
1111,395,1506,0.1388
1112,399,1511,0.1388
1103,400,1503,0.1388
1103,404,1507,0.1388
1088,401,1489,0.1388
1089,398,1487,0.1388
1079,407,1486,0.1388
1085,405,1490,0.1388
1094,409,1503,0.1388
1101,404,1505,0.1388
1104,406,1510,0.1388
1109,402,1511,0.1388
1114,400,1514,0.1388
1107,405,1512,0.1388
1102,409,1511,0.1388
1092,405,1497,0.1388
1094,407,1501,0.1388
1104,403,1507,0.1388
1093,402,1495,0.1388
1102,408,1510,0.1388
1096,406,1502,0.1388
1097,403,1500,0.1388
1086,407,1493,0.1388
1077,402,1479,0.1388
1084,406,1490,0.1388
1088,410,1498,0.1388
1087,408,1495,0.1388
1099,405,1504,0.1388
1093,415,1508,0.1388
1092,415,1507,0.1388
1082,414,1496,0.1388
1067,415,1482,0.1388
1064,403,1467,0.1388
1073,403,1476,0.1388
1082,410,1492,0.1388
1073,403,1476,0.1388
1077,409,1486,0.1388
1076,414,1490,0.1388
1075,408,1483,0.1388
1076,407,1483,0.1388
1077,410,1487,0.1388
1082,416,1498,0.1388
1087,421,1508,0.1388
1071,422,1493,0.1388
1073,429,1502,0.1388
1073,432,1505,0.1388
1066,432,1498,0.1388
1059,432,1491,0.1388
1066,433,1499,0.1388
1065,435,1500,0.1388
1065,439,1504,0.1388
1073,438,1511,0.1388
1065,440,1505,0.1388
1072,440,1512,0.1388
1071,450,1521,0.1388
1066,455,1521,0.1388
1062,449,1511,0.1388
1072,449,1521,0.1388
1069,440,1509,0.1388
1068,451,1519,0.1388
1068,448,1516,0.1388
1059,440,1499,0.1388
1057,452,1509,0.1388
1056,455,1511,0.1388
1057,462,1519,0.1388
1042,452,1494,0.1388
1040,452,1492,0.1388
1045,456,1501,0.1388
1043,454,1497,0.1388
1035,452,1487,0.1388
1042,452,1494,0.1388
1038,464,1502,0.1388
1033,470,1503,0.1388
1022,466,1488,0.1388
1029,462,1491,0.1388
1042,465,1507,0.1388
1034,464,1498,0.1388
1035,464,1499,0.1388
1035,474,1509,0.1388
1039,478,1517,0.1388
1043,480,1523,0.1388
1031,473,1504,0.1388
1034,476,1510,0.1388
1042,474,1516,0.1388
1039,474,1513,0.1388
1040,474,1514,0.1388
1043,465,1508,0.1388
1035,462,1497,0.1388
1036,461,1497,0.1388
1035,468,1503,0.1388
1030,467,1497,0.1388
1032,469,1501,0.1388
1032,468,1500,0.1388
1036,460,1496,0.1388
1035,466,1501,0.1388
1033,465,1498,0.1388
1030,468,1498,0.1388
1035,463,1498,0.1388
1051,465,1516,0.1388
1052,464,1516,0.1388
1055,461,1516,0.1388
1057,459,1516,0.1388
1064,455,1519,0.1388
1060,457,1517,0.1388
1056,454,1510,0.1388
1046,458,1504,0.1388
1033,464,1497,0.1388
1040,468,1508,0.1388
1037,467,1504,0.1388
1033,472,1505,0.1388
1032,467,1499,0.1388
1027,464,1491,0.1388
1031,467,1498,0.1388
1032,465,1497,0.1388
1038,473,1511,0.1388
1039,465,1504,0.1388
1037,468,1505,0.1388
1036,467,1503,0.1388
1039,461,1500,0.1388
1050,459,1509,0.1388
1055,453,1508,0.1388
1051,454,1505,0.1388
1040,455,1495,0.1388
1040,458,1498,0.1388
1032,466,1498,0.1388
1026,464,1490,0.1388
1035,465,1500,0.1388
1031,463,1494,0.1388
1025,465,1490,0.1388
1016,468,1484,0.1388
1030,468,1498,0.1388
1032,471,1503,0.1388
1034,469,1503,0.1388
1033,462,1495,0.1388
1027,464,1491,0.1388
1015,469,1484,0.1388
1024,473,1497,0.1388
1018,483,1501,0.1388
1007,485,1492,0.1388
1012,494,1506,0.1388
1005,493,1498,0.1388
1020,487,1507,0.1388
997,494,1491,0.1388
995,500,1495,0.1388
980,499,1479,0.1388
985,504,1489,0.1388
1001,505,1506,0.1388
994,504,1498,0.1388
986,508,1494,0.1388
979,503,1482,0.1388
983,508,1491,0.1388
974,508,1482,0.1388
984,504,1488,0.1388
989,503,1492,0.1388
991,500,1491,0.1388
993,507,1500,0.1388
995,509,1504,0.1388
981,509,1490,0.1388
979,523,1502,0.1388
984,521,1505,0.1388
978,522,1500,0.1388
974,526,1500,0.1388
971,528,1499,0.1388
984,523,1507,0.1388
974,521,1495,0.1388
967,519,1486,0.1388
972,519,1491,0.1388
977,526,1503,0.1388
974,521,1495,0.1388
972,534,1506,0.1388
969,526,1495,0.1388
969,534,1503,0.1388
982,532,1514,0.1388
979,538,1517,0.1388
981,531,1512,0.1388
991,532,1523,0.1388
990,536,1526,0.1388
974,535,1509,0.1388
978,540,1518,0.1388
978,542,1520,0.1388
977,535,1512,0.1388
968,532,1500,0.1388
966,540,1506,0.1388
966,533,1499,0.1388
962,544,1506,0.1388
964,541,1505,0.1388
975,550,1525,0.1388
967,549,1516,0.1388
959,547,1506,0.1388
951,547,1498,0.1388
945,547,1492,0.1388
933,545,1478,0.1388
945,554,1499,0.1388
949,547,1496,0.1388
950,542,1492,0.1388
943,537,1480,0.1388
937,540,1477,0.1388
943,550,1493,0.1388
946,547,1493,0.1388
941,557,1498,0.1388
943,556,1499,0.1388
946,556,1502,0.1388
939,563,1502,0.1388
938,559,1497,0.1388
937,562,1499,0.1388
933,567,1500,0.1388
943,568,1511,0.1388
937,571,1508,0.1388
934,574,1508,0.1388
932,581,1513,0.1388
930,583,1513,0.1388
927,573,1500,0.1388
923,573,1496,0.1388
931,579,1510,0.1388
930,579,1509,0.1388
937,575,1512,0.1388
945,587,1532,0.1388
934,587,1521,0.1388
925,593,1518,0.1388
918,597,1515,0.1388
920,599,1519,0.1388
913,600,1513,0.1388
910,596,1506,0.1388
909,596,1505,0.1388
904,586,1490,0.1388
907,581,1488,0.1388
910,588,1498,0.1388
906,586,1492,0.1388
899,591,1490,0.1388
910,599,1509,0.1388
907,595,1502,0.1388
898,606,1504,0.1388
901,607,1508,0.1388
902,594,1496,0.1388
898,604,1502,0.1388
901,605,1506,0.1388
906,594,1500,0.1388
903,601,1504,0.1388
892,605,1497,0.1388
902,603,1505,0.1388
900,603,1503,0.1388
888,605,1493,0.1388
895,606,1501,0.1388
899,602,1501,0.1388
898,609,1507,0.1388
886,607,1493,0.1388
894,614,1508,0.1388
891,617,1508,0.1388
900,617,1517,0.1388
900,610,1510,0.1388
891,613,1504,0.1388
889,621,1510,0.1388
881,624,1505,0.1388
887,618,1505,0.1388
892,606,1498,0.1388
886,610,1496,0.1388
885,615,1500,0.1388
887,627,1514,0.1388
879,638,1517,0.1388
864,638,1502,0.1388
865,640,1505,0.1388
867,629,1496,0.1388
867,636,1503,0.1388
868,649,1517,0.1388
864,644,1508,0.1388
865,654,1519,0.1388
858,655,1513,0.1388
851,646,1497,0.1388
847,653,1500,0.1388
835,661,1496,0.1388
842,662,1504,0.1388
838,654,1492,0.1388
844,660,1504,0.1388
846,664,1510,0.1388
843,650,1493,0.1388
837,654,1491,0.1388
846,648,1494,0.1388
838,653,1491,0.1388
834,659,1493,0.1388
833,661,1494,0.1388
843,660,1503,0.1388
836,661,1497,0.1388
835,666,1501,0.1388
844,669,1513,0.1388
840,671,1511,0.1388
844,670,1514,0.1388
844,660,1504,0.1388
850,666,1516,0.1388
855,657,1512,0.1388
856,651,1507,0.1388
858,659,1517,0.1388
848,664,1512,0.1388
853,665,1518,0.1388
853,655,1508,0.1388
839,651,1490,0.1388
843,656,1499,0.1388
837,666,1503,0.1388
831,669,1500,0.1388
835,668,1503,0.1388
835,666,1501,0.1388
824,675,1499,0.1388
824,681,1505,0.1388
831,678,1509,0.1388
839,679,1518,0.1388
843,674,1517,0.1388
843,679,1522,0.1388
840,677,1517,0.1388
848,672,1520,0.1388
847,673,1520,0.1388
842,667,1509,0.1388
836,665,1501,0.1388
838,655,1493,0.1388
843,661,1504,0.1388
836,660,1496,0.1388
824,667,1491,0.1388
827,670,1497,0.1388
818,672,1490,0.1388
813,669,1482,0.1388
804,684,1488,0.1388
808,686,1494,0.1388
810,695,1505,0.1388
811,691,1502,0.1388
816,687,1503,0.1388
809,698,1507,0.1388
804,705,1509,0.1388
799,699,1498,0.1388
807,688,1495,0.1388
813,685,1498,0.1388
812,693,1505,0.1388
811,689,1500,0.1388
807,685,1492,0.1388
812,682,1494,0.1388
814,693,1507,0.1388
813,702,1515,0.1388
810,697,1507,0.1388
804,703,1507,0.1388
808,707,1515,0.1388
802,703,1505,0.1388
805,708,1513,0.1388
804,698,1502,0.1388
792,707,1499,0.1388
792,703,1495,0.1388
798,695,1493,0.1388
802,695,1497,0.1388
805,694,1499,0.1388
809,704,1513,0.1388
794,699,1493,0.1388
793,694,1487,0.1388
796,704,1500,0.1388
809,708,1517,0.1388
804,706,1510,0.1388
804,711,1515,0.1388
803,720,1523,0.1388
792,724,1516,0.1388
790,715,1505,0.1388
795,714,1509,0.1388
793,709,1502,0.1388
784,721,1505,0.1388
785,719,1504,0.1388
780,728,1508,0.1388
770,726,1496,0.1388
768,725,1493,0.1388
766,728,1494,0.1388
776,731,1507,0.1388
775,729,1504,0.1388
771,732,1503,0.1388
774,734,1508,0.1388
774,733,1507,0.1388
767,743,1510,0.1388
763,750,1513,0.1388
758,758,1516,0.1388
754,759,1513,0.1388
755,762,1517,0.1388
750,750,1500,0.1388
740,759,1499,0.1388
741,756,1497,0.1388
743,768,1511,0.1388
740,757,1497,0.1388
740,764,1504,0.1388
748,762,1510,0.1388
753,755,1508,0.1388
748,754,1502,0.1388
751,764,1515,0.1388
746,758,1504,0.1388
744,760,1504,0.1388
748,761,1509,0.1388
751,748,1499,0.1388
746,747,1493,0.1388
745,755,1500,0.1388
751,763,1514,0.1388
751,761,1512,0.1388
747,760,1507,0.1388
753,754,1507,0.1388
758,743,1501,0.1388
755,742,1497,0.1388
752,757,1509,0.1388
744,759,1503,0.1388
750,763,1513,0.1388
746,758,1504,0.1388
746,764,1510,0.1388
749,765,1514,0.1388
747,766,1513,0.1388
746,764,1510,0.1388
750,762,1512,0.1388
745,761,1506,0.1388
738,764,1502,0.1388
730,769,1499,0.1388
737,767,1504,0.1388
741,769,1510,0.1388
745,765,1510,0.1388
753,765,1518,0.1388
748,755,1503,0.1388
750,758,1508,0.1388
745,763,1508,0.1388
750,765,1515,0.1388
758,770,1528,0.1388
757,773,1530,0.1388
751,768,1519,0.1388
744,767,1511,0.1388
739,758,1497,0.1388
734,769,1503,0.1388
733,767,1500,0.1388
733,768,1501,0.1388
729,775,1504,0.1388
737,779,1516,0.1388
725,784,1509,0.1388
730,793,1523,0.1388
732,792,1524,0.1388
725,790,1515,0.1388
722,785,1507,0.1388
726,787,1513,0.1388
730,787,1517,0.1388
724,785,1509,0.1388
728,782,1510,0.1388
719,792,1511,0.1388
716,795,1511,0.1388
710,792,1502,0.1388
703,787,1490,0.1388
708,792,1500,0.1388
707,796,1503,0.1388
711,796,1507,0.1388
708,803,1511,0.1388
697,811,1508,0.1388
699,812,1511,0.1388
698,812,1510,0.1388
696,824,1520,0.1388
698,814,1512,0.1388
694,805,1499,0.1388
691,805,1496,0.1388
696,814,1510,0.1388
704,813,1517,0.1388
690,818,1508,0.1388
692,822,1514,0.1388
683,815,1498,0.1388
687,806,1493,0.1388
691,804,1495,0.1388
694,810,1504,0.1388
699,803,1502,0.1388
698,801,1499,0.1388
697,797,1494,0.1388
693,795,1488,0.1388
687,796,1483,0.1388
679,804,1483,0.1388
682,809,1491,0.1388
689,813,1502,0.1388
681,810,1491,0.1388
677,812,1489,0.1388
676,820,1496,0.1388
663,829,1492,0.1388
664,832,1496,0.1388
667,835,1502,0.1388
658,820,1478,0.1388
661,829,1490,0.1388
664,830,1494,0.1388
653,828,1481,0.1388
661,839,1500,0.1388
654,849,1503,0.1388
651,849,1500,0.1388
656,862,1518,0.1388
649,853,1502,0.1388
648,860,1508,0.1388
656,867,1523,0.1388
660,856,1516,0.1388
653,867,1520,0.1388
650,869,1519,0.1388
643,879,1522,0.1388
641,852,1493,0.1388
640,859,1499,0.1388
645,862,1507,0.1388
638,862,1500,0.1388
633,866,1499,0.1388
630,884,1514,0.1388
623,878,1501,0.1388
630,878,1508,0.1388
625,875,1500,0.1388
633,875,1508,0.1388
629,882,1511,0.1388
628,897,1525,0.1388
631,885,1516,0.1388
624,891,1515,0.1388
624,885,1509,0.1388
627,879,1506,0.1388
627,883,1510,0.1388
624,884,1508,0.1388
629,885,1514,0.1388
626,884,1510,0.1388
628,874,1502,0.1388
629,880,1509,0.1388
626,877,1503,0.1388
619,877,1496,0.1388
619,890,1509,0.1388
622,902,1524,0.1388
615,895,1510,0.1388
602,900,1502,0.1388
605,902,1507,0.1388
607,899,1506,0.1388
598,913,1511,0.1388
589,918,1507,0.1388
580,916,1496,0.1388
590,907,1497,0.1388
586,898,1484,0.1388
596,913,1509,0.1388
598,918,1516,0.1388
588,913,1501,0.1388
592,917,1509,0.1388
589,927,1516,0.1388
585,933,1518,0.1388
584,925,1509,0.1388
575,931,1506,0.1388
578,937,1515,0.1388
584,929,1513,0.1388
579,924,1503,0.1388
572,943,1515,0.1388
559,940,1499,0.1388
560,931,1491,0.1388
563,935,1498,0.1388
565,945,1510,0.1388
564,935,1499,0.1388
571,934,1505,0.1388
564,941,1505,0.1388
556,942,1498,0.1388
560,946,1506,0.1388
559,941,1500,0.1388
559,931,1490,0.1388
565,930,1495,0.1388
568,926,1494,0.1388
567,934,1501,0.1388
572,940,1512,0.1388
571,933,1504,0.1388
574,937,1511,0.1388
569,946,1515,0.1388
561,945,1506,0.1388
558,948,1506,0.1388
558,955,1513,0.1388
554,960,1514,0.1388
546,957,1503,0.1388
552,959,1511,0.1388
554,955,1509,0.1388
553,966,1519,0.1388
548,964,1512,0.1388
551,965,1516,0.1388
554,960,1514,0.1388
561,956,1517,0.1388
558,953,1511,0.1388
558,955,1513,0.1388
560,950,1510,0.1388
571,938,1509,0.1388
564,937,1501,0.1388
561,940,1501,0.1388
550,947,1497,0.1388
554,958,1512,0.1388
553,964,1517,0.1388
549,956,1505,0.1388
541,952,1493,0.1388
541,956,1497,0.1388
556,954,1510,0.1388
541,951,1492,0.1388
540,953,1493,0.1388
537,957,1494,0.1388
532,974,1506,0.1388
537,972,1509,0.1388
534,967,1501,0.1388
538,968,1506,0.1388
539,963,1502,0.1388
532,963,1495,0.1388
533,961,1494,0.1388
533,972,1505,0.1388
536,972,1508,0.1388
535,970,1505,0.1388
532,980,1512,0.1388
535,975,1510,0.1388
538,975,1513,0.1388
536,961,1497,0.1388
534,969,1503,0.1388
531,971,1502,0.1388
530,966,1496,0.1388
531,963,1494,0.1388
529,975,1504,0.1388
532,977,1509,0.1388
536,982,1518,0.1388
534,985,1519,0.1388
532,987,1519,0.1388
534,983,1517,0.1388
534,980,1514,0.1388
530,985,1515,0.1388
530,985,1515,0.1388
530,980,1510,0.1388
523,982,1505,0.1388
533,983,1516,0.1388
532,978,1510,0.1388
528,977,1505,0.1388
522,986,1508,0.1388
518,996,1514,0.1388
523,989,1512,0.1388
515,994,1509,0.1388
513,1001,1514,0.1388
511,1002,1513,0.1388
518,992,1510,0.1388
523,1002,1525,0.1388
519,1000,1519,0.1388
513,999,1512,0.1388
515,1000,1515,0.1388
505,1001,1506,0.1388
504,998,1502,0.1388
507,991,1498,0.1388
507,998,1505,0.1388
507,1006,1513,0.1388
506,1015,1521,0.1388
511,1012,1523,0.1388
507,1008,1515,0.1388
509,1000,1509,0.1388
500,1003,1503,0.1388
503,995,1498,0.1388
504,1004,1508,0.1388
500,1004,1504,0.1388
502,997,1499,0.1388
502,998,1500,0.1388
498,1000,1498,0.1388
497,993,1490,0.1388
494,999,1493,0.1388
496,999,1495,0.1388
506,992,1498,0.1388
497,996,1493,0.1388
507,1004,1511,0.1388
503,1012,1515,0.1388
502,1014,1516,0.1388
500,1020,1520,0.1388
498,1017,1515,0.1388
498,1015,1513,0.1388
501,1024,1525,0.1388
500,1024,1524,0.1388
500,1023,1523,0.1388
500,1027,1527,0.1388
502,1024,1526,0.1388
505,1018,1523,0.1388
505,989,1494,0.1388
496,1001,1497,0.1388
501,1005,1506,0.1388
503,1003,1506,0.1388
504,1005,1509,0.1388
495,1013,1508,0.1388
490,1015,1505,0.1388
488,1025,1513,0.1388
483,1020,1503,0.1388
483,1018,1501,0.1388
485,1023,1508,0.1388
487,1021,1508,0.1388
489,1022,1511,0.1388
486,1014,1500,0.1388
489,1029,1518,0.1388
491,1020,1511,0.1388
487,1022,1509,0.1388
488,1018,1506,0.1388
488,1027,1515,0.1388
488,1021,1509,0.1388
488,1020,1508,0.1388
491,1024,1515,0.1388
484,1028,1512,0.1388
483,1022,1505,0.1388
480,1027,1507,0.1388
473,1038,1511,0.1388
474,1031,1505,0.1388
477,1041,1518,0.1388
473,1043,1516,0.1388
475,1030,1505,0.1388
476,1025,1501,0.1388
460,1035,1495,0.1388
470,1031,1501,0.1388
467,1032,1499,0.1388
462,1031,1493,0.1388
459,1039,1498,0.1388
456,1030,1486,0.1388
459,1041,1500,0.1388
457,1048,1505,0.1388
461,1056,1517,0.1388
460,1054,1514,0.1388
458,1046,1504,0.1388
456,1052,1508,0.1388
460,1054,1514,0.1388
456,1035,1491,0.1388
458,1048,1506,0.1388
464,1052,1516,0.1388
457,1060,1517,0.1388
465,1057,1522,0.1388
462,1056,1518,0.1388
458,1070,1528,0.1388
454,1053,1507,0.1388
454,1051,1505,0.1388
446,1058,1504,0.1388
442,1061,1503,0.1388
439,1061,1500,0.1388
437,1067,1504,0.1388
433,1075,1508,0.1388
436,1068,1504,0.1388
438,1072,1510,0.1388
441,1070,1511,0.1388
439,1077,1516,0.1388
436,1071,1507,0.1388
435,1072,1507,0.1388
434,1082,1516,0.1388
437,1084,1521,0.1388
435,1085,1520,0.1388
434,1085,1519,0.1388
439,1081,1520,0.1388
434,1091,1525,0.1388
428,1093,1521,0.1388
425,1096,1521,0.1388
419,1090,1509,0.1388
418,1080,1498,0.1388
412,1091,1503,0.1388
413,1102,1515,0.1388
421,1092,1513,0.1388
416,1098,1514,0.1388
420,1095,1515,0.1388
422,1091,1513,0.1388
418,1088,1506,0.1388
422,1098,1520,0.1388
416,1091,1507,0.1388
417,1097,1514,0.1388
421,1100,1521,0.1388
416,1107,1523,0.1388
420,1104,1524,0.1388
421,1093,1514,0.1388
416,1093,1509,0.1388
416,1093,1509,0.1388
413,1101,1514,0.1388
411,1111,1522,0.1388
408,1113,1521,0.1388
400,1113,1513,0.1388
399,1116,1515,0.1388
396,1106,1502,0.1388
401,1121,1522,0.1388
403,1115,1518,0.1388
397,1101,1498,0.1388
394,1107,1501,0.1388
396,1111,1507,0.1388
393,1123,1516,0.1388
396,1106,1502,0.1388
392,1096,1488,0.1388
391,1106,1497,0.1388
393,1113,1506,0.1388
390,1107,1497,0.1388
386,1117,1503,0.1388
389,1115,1504,0.1388
388,1115,1503,0.1388
397,1121,1518,0.1388
397,1131,1528,0.1388
397,1124,1521,0.1388
394,1118,1512,0.1388
394,1113,1507,0.1388
395,1097,1492,0.1388
395,1112,1507,0.1388
400,1115,1515,0.1388
401,1121,1522,0.1388
402,1122,1524,0.1388
398,1113,1511,0.1388
385,1105,1490,0.1388
388,1110,1498,0.1388
380,1109,1489,0.1388
380,1117,1497,0.1388
381,1106,1487,0.1388
379,1119,1498,0.1388
382,1122,1504,0.1388
375,1128,1503,0.1388
381,1135,1516,0.1388
381,1129,1510,0.1388
381,1129,1510,0.1388
385,1142,1527,0.1388
380,1155,1535,0.1388
376,1143,1519,0.1388
373,1133,1506,0.1388
369,1133,1502,0.1388
370,1132,1502,0.1388
369,1135,1504,0.1388
375,1126,1501,0.1388
377,1134,1511,0.1388
378,1145,1523,0.1388
377,1124,1501,0.1388
368,1133,1501,0.1388
371,1137,1508,0.1388
364,1147,1511,0.1388
368,1154,1522,0.1388
369,1154,1523,0.1388
371,1142,1513,0.1388
371,1133,1504,0.1388
367,1141,1508,0.1388
367,1123,1490,0.1388
366,1134,1500,0.1388
376,1129,1505,0.1388
376,1115,1491,0.1388
372,1136,1508,0.1388
373,1129,1502,0.1388
373,1136,1509,0.1388
371,1144,1515,0.1388
375,1136,1511,0.1388
375,1138,1513,0.1388
373,1136,1509,0.1388
375,1135,1510,0.1388
374,1140,1514,0.1388
368,1139,1507,0.1388
366,1140,1506,0.1388
371,1145,1516,0.1388
364,1140,1504,0.1388
372,1139,1511,0.1388
372,1154,1526,0.1388
371,1151,1522,0.1388
363,1145,1508,0.1388
362,1157,1519,0.1388
361,1160,1521,0.1388
364,1152,1516,0.1388
363,1156,1519,0.1388
370,1142,1512,0.1388
373,1131,1504,0.1388
374,1137,1511,0.1388
366,1145,1511,0.1388
367,1149,1516,0.1388
364,1139,1503,0.1388
366,1141,1507,0.1388
362,1146,1508,0.1388
358,1146,1504,0.1388
361,1161,1522,0.1388
353,1159,1512,0.1388
350,1163,1513,0.1388
348,1152,1500,0.1388
344,1152,1496,0.1388
338,1160,1498,0.1388
334,1165,1499,0.1388
334,1174,1508,0.1388
331,1176,1507,0.1388
329,1172,1501,0.1388
326,1179,1505,0.1388
333,1180,1513,0.1388
327,1173,1500,0.1388
324,1183,1507,0.1388
325,1184,1509,0.1388
325,1190,1515,0.1388
332,1188,1520,0.1388
327,1193,1520,0.1388
329,1193,1522,0.1388
327,1196,1523,0.1388
329,1197,1526,0.1388
327,1184,1511,0.1388
328,1184,1512,0.1388
328,1187,1515,0.1388
326,1196,1522,0.1388
326,1187,1513,0.1388
320,1186,1506,0.1388
317,1187,1504,0.1388
317,1184,1501,0.1388
323,1185,1508,0.1388
317,1184,1501,0.1388
319,1185,1504,0.1388
316,1195,1511,0.1388
320,1189,1509,0.1388
323,1199,1522,0.1388
321,1197,1518,0.1388
321,1195,1516,0.1388
331,1190,1521,0.1388
323,1191,1514,0.1388
324,1198,1522,0.1388
322,1190,1512,0.1388
325,1189,1514,0.1388
322,1193,1515,0.1388
324,1196,1520,0.1388
322,1209,1531,0.1388
327,1196,1523,0.1388
327,1188,1515,0.1388
322,1191,1513,0.1388
315,1191,1506,0.1388
317,1191,1508,0.1388
317,1185,1502,0.1388
320,1187,1507,0.1388
320,1183,1503,0.1388
317,1194,1511,0.1388
315,1206,1521,0.1388
314,1204,1518,0.1388
312,1210,1522,0.1388
314,1206,1520,0.1388
312,1197,1509,0.1388
310,1194,1504,0.1388
311,1186,1497,0.1388
313,1189,1502,0.1388
315,1196,1511,0.1388
316,1199,1515,0.1388
313,1201,1514,0.1388
314,1202,1516,0.1388
314,1196,1510,0.1388
313,1195,1508,0.1388
312,1202,1514,0.1388
309,1200,1509,0.1388
310,1195,1505,0.1388
312,1208,1520,0.1388
312,1207,1519,0.1388
309,1205,1514,0.1388
305,1218,1523,0.1388
305,1216,1521,0.1388
304,1217,1521,0.1388
294,1208,1502,0.1388
295,1203,1498,0.1388
295,1204,1499,0.1388
295,1216,1511,0.1388
298,1207,1505,0.1388
299,1227,1526,0.1388
306,1211,1517,0.1388
305,1205,1510,0.1388
308,1203,1511,0.1388
305,1199,1504,0.1388
306,1198,1504,0.1388
307,1198,1505,0.1388
303,1196,1499,0.1388
302,1200,1502,0.1388
303,1208,1511,0.1388
310,1192,1502,0.1388
311,1193,1504,0.1388
319,1213,1532,0.1388
315,1197,1512,0.1388
315,1204,1519,0.1388
317,1196,1513,0.1388
318,1188,1506,0.1388
317,1187,1504,0.1388
318,1181,1499,0.1388
322,1187,1509,0.1388
322,1194,1516,0.1388
316,1190,1506,0.1388
319,1201,1520,0.1388
320,1196,1516,0.1388
316,1195,1511,0.1388
326,1191,1517,0.1388
324,1187,1511,0.1388
323,1193,1516,0.1388
325,1191,1516,0.1388
326,1195,1521,0.1388
322,1196,1518,0.1388
325,1189,1514,0.1388
326,1196,1522,0.1388
329,1196,1525,0.1388
332,1188,1520,0.1388
323,1194,1517,0.1388
329,1178,1507,0.1388
331,1182,1513,0.1388
324,1171,1495,0.1388
324,1171,1495,0.1388
325,1171,1496,0.1388
324,1176,1500,0.1388
327,1187,1514,0.1388
332,1184,1516,0.1388
329,1184,1513,0.1388
322,1194,1516,0.1388
322,1202,1524,0.1388
324,1198,1522,0.1388
327,1184,1511,0.1388
328,1178,1506,0.1388
330,1180,1510,0.1388
331,1168,1499,0.1388
331,1175,1506,0.1388
332,1181,1513,0.1388
331,1179,1510,0.1388
330,1170,1500,0.1388
332,1179,1511,0.1388
333,1187,1520,0.1388
336,1203,1539,0.1388
333,1191,1524,0.1388
328,1184,1512,0.1388
319,1189,1508,0.1388
319,1187,1506,0.1388
313,1190,1503,0.1388
307,1182,1489,0.1388
308,1184,1492,0.1388
306,1192,1498,0.1388
309,1186,1495,0.1388
318,1195,1513,0.1388
322,1193,1515,0.1388
318,1202,1520,0.1388
310,1209,1519,0.1388
312,1205,1517,0.1388
309,1207,1516,0.1388
304,1209,1513,0.1388
307,1209,1516,0.1388
309,1200,1509,0.1388
309,1202,1511,0.1388
309,1204,1513,0.1388
309,1201,1510,0.1388
307,1195,1502,0.1388
306,1201,1507,0.1388
317,1203,1520,0.1388
316,1190,1506,0.1388
320,1197,1517,0.1388
317,1192,1509,0.1388
317,1192,1509,0.1388
312,1205,1517,0.1388
310,1199,1509,0.1388
314,1198,1512,0.1388
310,1209,1519,0.1388
312,1205,1517,0.1388
310,1198,1508,0.1388
306,1198,1504,0.1388
303,1194,1497,0.1388
301,1207,1508,0.1388
301,1205,1506,0.1388
299,1217,1516,0.1388
299,1223,1522,0.1388
296,1221,1517,0.1388
294,1228,1522,0.1388
292,1230,1522,0.1388
284,1236,1520,0.1388
287,1236,1523,0.1388
287,1238,1525,0.1388
285,1227,1512,0.1388
279,1234,1513,0.1388
278,1236,1514,0.1388
282,1224,1506,0.1388
280,1232,1512,0.1388
280,1230,1510,0.1388
283,1236,1519,0.1388
279,1244,1523,0.1388
277,1237,1514,0.1388
276,1221,1497,0.1388
280,1237,1517,0.1388
278,1237,1515,0.1388
271,1253,1524,0.1388
266,1250,1516,0.1388
259,1262,1521,0.1388
268,1249,1517,0.1388
269,1241,1510,0.1388
266,1250,1516,0.1388
259,1250,1509,0.1388
264,1247,1511,0.1388
261,1248,1509,0.1388
264,1257,1521,0.1388
265,1251,1516,0.1388
266,1262,1528,0.1388
266,1255,1521,0.1388
260,1248,1508,0.1388
263,1259,1522,0.1388
260,1246,1506,0.1388
264,1254,1518,0.1388
266,1250,1516,0.1388
266,1248,1514,0.1388
261,1239,1500,0.1388
262,1246,1508,0.1388
260,1237,1497,0.1388
255,1245,1500,0.1388
256,1249,1505,0.1388
260,1248,1508,0.1388
259,1261,1520,0.1388
261,1255,1516,0.1388
267,1262,1529,0.1388
263,1264,1527,0.1388
260,1253,1513,0.1388
254,1256,1510,0.1388
251,1251,1502,0.1388
250,1255,1505,0.1388
251,1270,1521,0.1388
250,1275,1525,0.1388
248,1264,1512,0.1388
248,1264,1512,0.1388
248,1262,1510,0.1388
255,1254,1509,0.1388
258,1259,1517,0.1388
258,1259,1517,0.1388
249,1267,1516,0.1388
250,1260,1510,0.1388
249,1276,1525,0.1388
245,1274,1519,0.1388
242,1277,1519,0.1388
236,1279,1515,0.1388
238,1275,1513,0.1388
239,1266,1505,0.1388
240,1277,1517,0.1388
242,1274,1516,0.1388
242,1272,1514,0.1388
245,1281,1526,0.1388
247,1282,1529,0.1388
242,1278,1520,0.1388
238,1274,1512,0.1388
242,1264,1506,0.1388
244,1260,1504,0.1388
238,1277,1515,0.1388
238,1288,1526,0.1388
236,1276,1512,0.1388
236,1284,1520,0.1388
234,1281,1515,0.1388
231,1291,1522,0.1388
229,1273,1502,0.1388
233,1291,1524,0.1388
229,1288,1517,0.1388
230,1283,1513,0.1388
230,1281,1511,0.1388
228,1284,1512,0.1388
225,1289,1514,0.1388
224,1285,1509,0.1388
235,1296,1531,0.1388
234,1286,1520,0.1388
232,1299,1531,0.1388
237,1287,1524,0.1388
233,1283,1516,0.1388
234,1281,1515,0.1388
237,1292,1529,0.1388
242,1282,1524,0.1388
241,1288,1529,0.1388
245,1272,1517,0.1388
247,1273,1520,0.1388
248,1283,1531,0.1388
243,1271,1514,0.1388
240,1276,1516,0.1388
245,1267,1512,0.1388
237,1268,1505,0.1388
237,1281,1518,0.1388
235,1276,1511,0.1388
235,1280,1515,0.1388
231,1278,1509,0.1388
233,1277,1510,0.1388
227,1276,1503,0.1388
224,1285,1509,0.1388
223,1287,1510,0.1388
218,1297,1515,0.1388
216,1309,1525,0.1388
214,1317,1531,0.1388
218,1307,1525,0.1388
219,1300,1519,0.1388
216,1288,1504,0.1388
216,1280,1496,0.1388
216,1297,1513,0.1388
214,1288,1502,0.1388
218,1294,1512,0.1388
215,1302,1517,0.1388
212,1309,1521,0.1388
209,1307,1516,0.1388
208,1299,1507,0.1388
213,1310,1523,0.1388
209,1309,1518,0.1388
211,1309,1520,0.1388
208,1301,1509,0.1388
210,1293,1503,0.1388
211,1297,1508,0.1388
212,1297,1509,0.1388
211,1296,1507,0.1388
211,1303,1514,0.1388
207,1307,1514,0.1388
205,1297,1502,0.1388
200,1304,1504,0.1388
198,1319,1517,0.1388
203,1320,1523,0.1388
202,1317,1519,0.1388
203,1309,1512,0.1388
198,1314,1512,0.1388
200,1302,1502,0.1388
197,1297,1494,0.1388
193,1319,1512,0.1388
195,1312,1507,0.1388
196,1300,1496,0.1388
198,1312,1510,0.1388
197,1323,1520,0.1388
195,1326,1521,0.1388
198,1334,1532,0.1388
204,1323,1527,0.1388
206,1331,1537,0.1388
208,1328,1536,0.1388
208,1326,1534,0.1388
202,1321,1523,0.1388
201,1319,1520,0.1388
202,1329,1531,0.1388
203,1327,1530,0.1388
195,1331,1526,0.1388
197,1324,1521,0.1388
199,1325,1524,0.1388
200,1317,1517,0.1388
203,1324,1527,0.1388
200,1319,1519,0.1388
198,1312,1510,0.1388
201,1314,1515,0.1388
202,1316,1518,0.1388
201,1311,1512,0.1388
194,1306,1500,0.1388
193,1313,1506,0.1388
188,1308,1496,0.1388
180,1319,1499,0.1388
178,1325,1503,0.1388
183,1328,1511,0.1388
183,1330,1513,0.1388
178,1331,1509,0.1388
176,1325,1501,0.1388
175,1325,1500,0.1388
176,1326,1502,0.1388
176,1311,1487,0.1388
177,1315,1492,0.1388
175,1326,1501,0.1388
176,1334,1510,0.1388
175,1335,1510,0.1388
176,1333,1509,0.1388
173,1323,1496,0.1388
172,1322,1494,0.1388
170,1333,1503,0.1388
172,1337,1509,0.1388
166,1347,1513,0.1388
169,1350,1519,0.1388
162,1358,1520,0.1388
164,1357,1521,0.1388
166,1358,1524,0.1388
161,1354,1515,0.1388
166,1338,1504,0.1388
162,1343,1505,0.1388
160,1350,1510,0.1388
162,1348,1510,0.1388
162,1360,1522,0.1388
164,1371,1535,0.1388
162,1353,1515,0.1388
162,1351,1513,0.1388
158,1329,1487,0.1388
154,1338,1492,0.1388
155,1336,1491,0.1388
160,1345,1505,0.1388
160,1343,1503,0.1388
161,1338,1499,0.1388
156,1345,1501,0.1388
153,1355,1508,0.1388
154,1349,1503,0.1388
153,1351,1504,0.1388
153,1357,1510,0.1388
154,1354,1508,0.1388
150,1349,1499,0.1388
153,1363,1516,0.1388
154,1353,1507,0.1388
157,1355,1512,0.1388
155,1373,1528,0.1388
150,1364,1514,0.1388
148,1359,1507,0.1388
149,1374,1523,0.1388
147,1363,1510,0.1388
149,1367,1516,0.1388
150,1372,1522,0.1388
152,1367,1519,0.1388
149,1364,1513,0.1388
150,1361,1511,0.1388
153,1356,1509,0.1388
151,1364,1515,0.1388
155,1363,1518,0.1388
156,1369,1525,0.1388
155,1366,1521,0.1388
152,1369,1521,0.1388
156,1373,1529,0.1388
150,1366,1516,0.1388
151,1361,1512,0.1388
154,1357,1511,0.1388
153,1355,1508,0.1388
152,1350,1502,0.1388
150,1354,1504,0.1388
150,1366,1516,0.1388
149,1363,1512,0.1388
152,1352,1504,0.1388
159,1348,1507,0.1388
158,1359,1517,0.1388
153,1365,1518,0.1388
150,1370,1520,0.1388
146,1355,1501,0.1388
146,1352,1498,0.1388
147,1351,1498,0.1388
146,1354,1500,0.1388
147,1351,1498,0.1388
148,1363,1511,0.1388
148,1356,1504,0.1388
151,1363,1514,0.1388
148,1366,1514,0.1388
152,1371,1523,0.1388
153,1360,1513,0.1388
149,1356,1505,0.1388
150,1370,1520,0.1388
149,1370,1519,0.1388
150,1362,1512,0.1388
149,1367,1516,0.1388
147,1378,1525,0.1388
147,1380,1527,0.1388
144,1379,1523,0.1388
143,1371,1514,0.1388
143,1373,1516,0.1388
140,1367,1507,0.1388
139,1367,1506,0.1388
144,1372,1516,0.1388
144,1379,1523,0.1388
146,1360,1506,0.1388
148,1362,1510,0.1388
149,1370,1519,0.1388
147,1366,1513,0.1388
146,1367,1513,0.1388
147,1361,1508,0.1388
147,1372,1519,0.1388
148,1380,1528,0.1388
151,1369,1520,0.1388
153,1382,1535,0.1388
153,1375,1528,0.1388
147,1370,1517,0.1388
151,1369,1520,0.1388
154,1369,1523,0.1388
151,1368,1519,0.1388
147,1371,1518,0.1388
145,1379,1524,0.1388
148,1382,1530,0.1388
146,1385,1531,0.1388
148,1380,1528,0.1388
147,1364,1511,0.1388
147,1371,1518,0.1388
146,1369,1515,0.1388
146,1375,1521,0.1388
147,1393,1540,0.1388
146,1386,1532,0.1388
150,1368,1518,0.1388
148,1378,1526,0.1388
148,1374,1522,0.1388
145,1386,1531,0.1388
143,1393,1536,0.1388
145,1383,1528,0.1388
144,1381,1525,0.1388
143,1362,1505,0.1388
144,1352,1496,0.1388
144,1353,1497,0.1388
144,1356,1500,0.1388
142,1365,1507,0.1388
145,1372,1517,0.1388
142,1374,1516,0.1388
142,1387,1529,0.1388
142,1394,1536,0.1388
138,1377,1515,0.1388
136,1383,1519,0.1388
136,1376,1512,0.1388
136,1363,1499,0.1388
134,1364,1498,0.1388
137,1375,1512,0.1388
139,1362,1501,0.1388
140,1370,1510,0.1388
138,1371,1509,0.1388
137,1376,1513,0.1388
140,1390,1530,0.1388
142,1379,1521,0.1388
142,1388,1530,0.1388
140,1387,1527,0.1388
143,1381,1524,0.1388
145,1379,1524,0.1388
140,1383,1523,0.1388
142,1378,1520,0.1388
140,1383,1523,0.1388
141,1379,1520,0.1388
138,1372,1510,0.1388
139,1389,1528,0.1388
139,1392,1531,0.1388
138,1385,1523,0.1388
138,1375,1513,0.1388
135,1363,1498,0.1388
138,1369,1507,0.1388
139,1377,1516,0.1388
140,1369,1509,0.1388
136,1375,1511,0.1388
133,1371,1504,0.1388
132,1377,1509,0.1388
132,1373,1505,0.1388
135,1388,1523,0.1388
135,1390,1525,0.1388
136,1392,1528,0.1388
134,1395,1529,0.1388
131,1393,1524,0.1388
127,1400,1527,0.1388
130,1398,1528,0.1388
124,1389,1513,0.1388
123,1389,1512,0.1388
123,1392,1515,0.1388
124,1385,1509,0.1388
125,1381,1506,0.1388
124,1389,1513,0.1388
123,1372,1495,0.1388
122,1371,1493,0.1388
118,1389,1507,0.1388
116,1400,1516,0.1388
113,1404,1517,0.1388
114,1408,1522,0.1388
113,1414,1527,0.1388
115,1405,1520,0.1388
115,1401,1516,0.1388
113,1400,1513,0.1388
113,1399,1512,0.1388
110,1415,1525,0.1388
108,1416,1524,0.1388
112,1408,1520,0.1388
110,1400,1510,0.1388
110,1390,1500,0.1388
112,1400,1512,0.1388
111,1394,1505,0.1388
111,1399,1510,0.1388
108,1401,1509,0.1388
108,1399,1507,0.1388
109,1398,1507,0.1388
111,1403,1514,0.1388
109,1410,1519,0.1388
114,1408,1522,0.1388
109,1404,1513,0.1388
109,1404,1513,0.1388
108,1408,1516,0.1388
107,1398,1505,0.1388
108,1397,1505,0.1388
109,1395,1504,0.1388
108,1393,1501,0.1388
109,1404,1513,0.1388
107,1402,1509,0.1388
105,1412,1517,0.1388
107,1416,1523,0.1388
107,1418,1525,0.1388
111,1417,1528,0.1388
111,1410,1521,0.1388
110,1403,1513,0.1388
107,1395,1502,0.1388
108,1400,1508,0.1388
107,1403,1510,0.1388
110,1397,1507,0.1388
103,1406,1509,0.1388
101,1406,1507,0.1388
101,1398,1499,0.1388
103,1414,1517,0.1388
99,1413,1512,0.1388
93,1411,1504,0.1388
94,1420,1514,0.1388
95,1420,1515,0.1388
96,1408,1504,0.1388
95,1408,1503,0.1388
96,1401,1497,0.1388
98,1415,1513,0.1388
100,1423,1523,0.1388
102,1411,1513,0.1388
100,1412,1512,0.1388
97,1404,1501,0.1388
99,1411,1510,0.1388
101,1401,1502,0.1388
101,1400,1501,0.1388
100,1405,1505,0.1388
102,1410,1512,0.1388
104,1417,1521,0.1388
101,1416,1517,0.1388
102,1436,1538,0.1388
98,1432,1530,0.1388
99,1427,1526,0.1388
99,1419,1518,0.1388
99,1418,1517,0.1388
101,1421,1522,0.1388
100,1423,1523,0.1388
93,1424,1517,0.1388
92,1416,1508,0.1388
93,1420,1513,0.1388
89,1424,1513,0.1388
92,1426,1518,0.1388
92,1429,1521,0.1388
94,1433,1527,0.1388
91,1440,1531,0.1388
90,1436,1526,0.1388
89,1433,1522,0.1388
89,1427,1516,0.1388
89,1434,1523,0.1388
88,1435,1523,0.1388
89,1429,1518,0.1388
90,1425,1515,0.1388
89,1439,1528,0.1388
86,1429,1515,0.1388
88,1425,1513,0.1388
85,1422,1507,0.1388
85,1419,1504,0.1388
86,1414,1500,0.1388
87,1426,1513,0.1388
84,1433,1517,0.1388
85,1437,1522,0.1388
86,1441,1527,0.1388
87,1447,1534,0.1388
87,1433,1520,0.1388
87,1428,1515,0.1388
87,1440,1527,0.1388
85,1440,1525,0.1388
83,1437,1520,0.1388
85,1438,1523,0.1388
83,1428,1511,0.1388
83,1444,1527,0.1388
80,1444,1524,0.1388
82,1432,1514,0.1388
84,1429,1513,0.1388
80,1426,1506,0.1388
82,1425,1507,0.1388
84,1436,1520,0.1388
85,1450,1535,0.1388
84,1435,1519,0.1388
84,1425,1509,0.1388
85,1418,1503,0.1388
84,1440,1524,0.1388
85,1434,1519,0.1388
83,1440,1523,0.1388
86,1438,1524,0.1388
86,1435,1521,0.1388
85,1432,1517,0.1388
82,1429,1511,0.1388
85,1441,1526,0.1388
83,1430,1513,0.1388
84,1421,1505,0.1388
87,1435,1522,0.1388
86,1428,1514,0.1388
88,1422,1510,0.1388
86,1415,1501,0.1388
87,1410,1497,0.1388
88,1416,1504,0.1388
87,1429,1516,0.1388
87,1423,1510,0.1388
87,1437,1524,0.1388
86,1422,1508,0.1388
86,1427,1513,0.1388
85,1430,1515,0.1388
86,1413,1499,0.1388
89,1430,1519,0.1388
91,1437,1528,0.1388
92,1431,1523,0.1388
95,1428,1523,0.1388
95,1425,1520,0.1388
95,1414,1509,0.1388
95,1418,1513,0.1388
88,1413,1501,0.1388
87,1431,1518,0.1388
85,1429,1514,0.1388
85,1436,1521,0.1388
87,1440,1527,0.1388
89,1428,1517,0.1388
92,1424,1516,0.1388
89,1425,1514,0.1388
88,1422,1510,0.1388
87,1429,1516,0.1388
84,1426,1510,0.1388
85,1422,1507,0.1388
83,1425,1508,0.1388
81,1442,1523,0.1388
84,1441,1525,0.1388
87,1441,1528,0.1388
84,1429,1513,0.1388
84,1417,1501,0.1388
82,1419,1501,0.1388
82,1422,1504,0.1388
81,1429,1510,0.1388
79,1423,1502,0.1388
81,1431,1512,0.1388
80,1434,1514,0.1388
81,1433,1514,0.1388
81,1438,1519,0.1388
80,1431,1511,0.1388
78,1436,1514,0.1388
78,1447,1525,0.1388
75,1438,1513,0.1388
76,1437,1513,0.1388
76,1434,1510,0.1388
79,1443,1522,0.1388
78,1444,1522,0.1388
77,1434,1511,0.1388
75,1429,1504,0.1388
75,1443,1518,0.1388
75,1443,1518,0.1388
77,1446,1523,0.1388
78,1445,1523,0.1388
75,1442,1517,0.1388
76,1442,1518,0.1388
75,1434,1509,0.1388
76,1439,1515,0.1388
74,1443,1517,0.1388
72,1448,1520,0.1388
73,1445,1518,0.1388
74,1458,1532,0.1388
74,1448,1522,0.1388
73,1440,1513,0.1388
72,1444,1516,0.1388
75,1440,1515,0.1388
75,1433,1508,0.1388
76,1431,1507,0.1388
78,1428,1506,0.1388
79,1432,1511,0.1388
77,1431,1508,0.1388
78,1431,1509,0.1388
77,1447,1524,0.1388
78,1446,1524,0.1388
80,1436,1516,0.1388
76,1437,1513,0.1388
76,1420,1496,0.1388
72,1427,1499,0.1388
71,1418,1489,0.1388
73,1427,1500,0.1388
72,1433,1505,0.1388
74,1429,1503,0.1388
74,1450,1524,0.1388
74,1439,1513,0.1388
76,1440,1516,0.1388
73,1445,1518,0.1388
74,1429,1503,0.1388
74,1447,1521,0.1388
74,1433,1507,0.1388
75,1432,1507,0.1388
75,1441,1516,0.1388
74,1424,1498,0.1388
75,1445,1520,0.1388
72,1455,1527,0.1388
74,1455,1529,0.1388
72,1455,1527,0.1388
71,1448,1519,0.1388
71,1436,1507,0.1388
69,1459,1528,0.1388
67,1451,1518,0.1388
65,1458,1523,0.1388
64,1452,1516,0.1388
66,1453,1519,0.1388
66,1457,1523,0.1388
63,1472,1535,0.1388
64,1465,1529,0.1388
63,1451,1514,0.1388
64,1461,1525,0.1388
64,1442,1506,0.1388
62,1452,1514,0.1388
64,1450,1514,0.1388
61,1457,1518,0.1388
61,1462,1523,0.1388
65,1454,1519,0.1388
63,1458,1521,0.1388
64,1466,1530,0.1388
64,1451,1515,0.1388
63,1458,1521,0.1388
63,1446,1509,0.1388
62,1445,1507,0.1388
61,1442,1503,0.1388
56,1440,1496,0.1388
58,1441,1499,0.1388
59,1442,1501,0.1388
59,1448,1507,0.1388
58,1457,1515,0.1388
57,1464,1521,0.1388
57,1459,1516,0.1388
59,1462,1521,0.1388
56,1473,1529,0.1388
52,1469,1521,0.1388
54,1467,1521,0.1388
53,1462,1515,0.1388
53,1464,1517,0.1388
54,1467,1521,0.1388
52,1458,1510,0.1388
54,1468,1522,0.1388
52,1460,1512,0.1388
55,1470,1525,0.1388
54,1475,1529,0.1388
53,1463,1516,0.1388
51,1469,1520,0.1388
52,1465,1517,0.1388
52,1473,1525,0.1388
49,1463,1512,0.1388
48,1463,1511,0.1388
49,1471,1520,0.1388
49,1466,1515,0.1388
49,1463,1512,0.1388
46,1467,1513,0.1388
47,1469,1516,0.1388
50,1471,1521,0.1388
47,1464,1511,0.1388
46,1473,1519,0.1388
47,1459,1506,0.1388
45,1448,1493,0.1388
46,1463,1509,0.1388
45,1454,1499,0.1388
46,1455,1501,0.1388
44,1458,1502,0.1388
47,1469,1516,0.1388
47,1472,1519,0.1388
48,1476,1524,0.1388
45,1476,1521,0.1388
45,1457,1502,0.1388
45,1465,1510,0.1388
45,1472,1517,0.1388
48,1462,1510,0.1388
48,1460,1508,0.1388
46,1466,1512,0.1388
45,1469,1514,0.1388
43,1456,1499,0.1388
44,1465,1509,0.1388
44,1488,1532,0.1388
46,1486,1532,0.1388
46,1475,1521,0.1388
48,1476,1524,0.1388
48,1476,1524,0.1388
49,1475,1524,0.1388
48,1475,1523,0.1388
47,1471,1518,0.1388
45,1468,1513,0.1388
45,1470,1515,0.1388
44,1477,1521,0.1388
46,1475,1521,0.1388
46,1473,1519,0.1388
46,1467,1513,0.1388
47,1462,1509,0.1388
44,1463,1507,0.1388
44,1454,1498,0.1388
42,1467,1509,0.1388
45,1455,1500,0.1388
44,1455,1499,0.1388
44,1452,1496,0.1388
44,1464,1508,0.1388
45,1448,1493,0.1388
45,1450,1495,0.1388
45,1467,1512,0.1388
42,1464,1506,0.1388
44,1457,1501,0.1388
42,1472,1514,0.1388
41,1486,1527,0.1388
40,1478,1518,0.1388
43,1481,1524,0.1388
47,1481,1528,0.1388
47,1467,1514,0.1388
48,1466,1514,0.1388
47,1453,1500,0.1388
47,1464,1511,0.1388
44,1468,1512,0.1388
42,1467,1509,0.1388
42,1484,1526,0.1388
40,1486,1526,0.1388
42,1492,1534,0.1388
43,1502,1545,0.1388
44,1480,1524,0.1388
45,1468,1513,0.1388
44,1459,1503,0.1388
44,1441,1485,0.1388
44,1447,1491,0.1388
44,1452,1496,0.1388
45,1458,1503,0.1388
45,1453,1498,0.1388
46,1456,1502,0.1388
44,1457,1501,0.1388
43,1465,1508,0.1388
42,1463,1505,0.1388
41,1458,1499,0.1388
43,1473,1516,0.1388
42,1480,1522,0.1388
41,1487,1528,0.1388
39,1496,1535,0.1388
41,1479,1520,0.1388
40,1469,1509,0.1388
42,1465,1507,0.1388
41,1478,1519,0.1388
42,1483,1525,0.1388
42,1478,1520,0.1388
41,1483,1524,0.1388
42,1485,1527,0.1388
42,1492,1534,0.1388
40,1494,1534,0.1388
38,1488,1526,0.1388
38,1468,1506,0.1388
39,1462,1501,0.1388
39,1460,1499,0.1388
40,1473,1513,0.1388
39,1471,1510,0.1388
41,1463,1504,0.1388
43,1479,1522,0.1388
43,1462,1505,0.1388
46,1475,1521,0.1388
44,1464,1508,0.1388
44,1468,1512,0.1388
44,1458,1502,0.1388
43,1464,1507,0.1388
43,1482,1525,0.1388
41,1474,1515,0.1388
38,1471,1509,0.1388
38,1463,1501,0.1388
39,1467,1506,0.1388
39,1464,1503,0.1388
39,1482,1521,0.1388
38,1485,1523,0.1388
37,1484,1521,0.1388
39,1472,1511,0.1388
41,1459,1500,0.1388
39,1476,1515,0.1388
39,1498,1537,0.1388
37,1482,1519,0.1388
35,1478,1513,0.1388
34,1477,1511,0.1388
35,1481,1516,0.1388
38,1489,1527,0.1388
37,1487,1524,0.1388
37,1494,1531,0.1388
38,1465,1503,0.1388
39,1472,1511,0.1388
39,1467,1506,0.1388
37,1473,1510,0.1388
36,1474,1510,0.1388
37,1469,1506,0.1388
35,1479,1514,0.1388
37,1477,1514,0.1388
36,1471,1507,0.1388
37,1461,1498,0.1388
36,1459,1495,0.1388
35,1473,1508,0.1388
35,1480,1515,0.1388
34,1472,1506,0.1388
33,1495,1528,0.1388
33,1479,1512,0.1388
34,1496,1530,0.1388
34,1498,1532,0.1388
34,1489,1523,0.1388
36,1484,1520,0.1388
36,1481,1517,0.1388
35,1486,1521,0.1388
33,1481,1514,0.1388
32,1486,1518,0.1388
32,1489,1521,0.1388
32,1488,1520,0.1388
34,1486,1520,0.1388
34,1486,1520,0.1388
34,1487,1521,0.1388
34,1481,1515,0.1388
33,1478,1511,0.1388
33,1483,1516,0.1388
32,1494,1526,0.1388
30,1490,1520,0.1388
29,1481,1510,0.1388
29,1504,1533,0.1388
29,1512,1541,0.1388
31,1497,1528,0.1388
31,1495,1526,0.1388
29,1487,1516,0.1388
29,1486,1515,0.1388
30,1503,1533,0.1388
28,1497,1525,0.1388
28,1500,1528,0.1388
29,1494,1523,0.1388
28,1492,1520,0.1388
29,1492,1521,0.1388
30,1476,1506,0.1388
30,1475,1505,0.1388
31,1468,1499,0.1388
30,1465,1495,0.1388
28,1481,1509,0.1388
27,1484,1511,0.1388
27,1498,1525,0.1388
27,1488,1515,0.1388
27,1497,1524,0.1388
26,1495,1521,0.1388
28,1485,1513,0.1388
28,1507,1535,0.1388
27,1507,1534,0.1388
30,1481,1511,0.1388
28,1489,1517,0.1388
28,1488,1516,0.1388
27,1489,1516,0.1388
29,1488,1517,0.1388
27,1499,1526,0.1388
27,1496,1523,0.1388
26,1502,1528,0.1388
27,1504,1531,0.1388
24,1502,1526,0.1388
25,1506,1531,0.1388
23,1504,1527,0.1388
21,1505,1526,0.1388
21,1494,1515,0.1388
21,1489,1510,0.1388
21,1493,1514,0.1388
21,1493,1514,0.1388
22,1498,1520,0.1388
23,1491,1514,0.1388
23,1483,1506,0.1388
26,1496,1522,0.1388
24,1485,1509,0.1388
25,1490,1515,0.1388
26,1485,1511,0.1388
27,1482,1509,0.1388
27,1487,1514,0.1388
26,1492,1518,0.1388
27,1489,1516,0.1388
28,1487,1515,0.1388
27,1482,1509,0.1388
27,1486,1513,0.1388
29,1483,1512,0.1388
28,1495,1523,0.1388
28,1489,1517,0.1388
28,1483,1511,0.1388
31,1485,1516,0.1388
31,1475,1506,0.1388
29,1485,1514,0.1388
27,1481,1508,0.1388
27,1497,1524,0.1388
27,1497,1524,0.1388
28,1495,1523,0.1388
27,1500,1527,0.1388
25,1485,1510,0.1388
25,1482,1507,0.1388
24,1491,1515,0.1388
24,1483,1507,0.1388
25,1484,1509,0.1388
20,1491,1511,0.1388
19,1488,1507,0.1388
19,1487,1506,0.1388
20,1481,1501,0.1388
20,1485,1505,0.1388
20,1490,1510,0.1388
20,1491,1511,0.1388
21,1481,1502,0.1388
22,1497,1519,0.1388
21,1490,1511,0.1388
21,1502,1523,0.1388
21,1504,1525,0.1388
21,1495,1516,0.1388
22,1503,1525,0.1388
22,1506,1528,0.1388
21,1509,1530,0.1388
22,1519,1541,0.1388
22,1520,1542,0.1388
21,1509,1530,0.1388
21,1500,1521,0.1388
21,1508,1529,0.1388
20,1506,1526,0.1388
19,1496,1515,0.1388
19,1500,1519,0.1388
19,1495,1514,0.1388
18,1482,1500,0.1388
18,1487,1505,0.1388
19,1486,1505,0.1388
20,1495,1515,0.1388
19,1494,1513,0.1388
21,1509,1530,0.1388
20,1507,1527,0.1388
18,1494,1512,0.1388
18,1501,1519,0.1388
16,1501,1517,0.1388
17,1482,1499,0.1388
17,1487,1504,0.1388
18,1491,1509,0.1388
17,1492,1509,0.1388
16,1497,1513,0.1388
16,1487,1503,0.1388
14,1493,1507,0.1388
13,1484,1497,0.1388
12,1484,1496,0.1388
13,1500,1513,0.1388
13,1495,1508,0.1388
13,1497,1510,0.1388
13,1491,1504,0.1388
13,1502,1515,0.1388
13,1502,1515,0.1388
12,1503,1515,0.1388
12,1506,1518,0.1388
11,1511,1522,0.1388
11,1511,1522,0.1388
11,1507,1518,0.1388
10,1509,1519,0.1388
10,1503,1513,0.1388
11,1518,1529,0.1388
11,1512,1523,0.1388
10,1509,1519,0.1388
10,1507,1517,0.1388
10,1509,1519,0.1388
12,1504,1516,0.1388
11,1499,1510,0.1388
10,1497,1507,0.1388
10,1500,1510,0.1388
10,1519,1529,0.1388
10,1513,1523,0.1388
9,1524,1533,0.1388
9,1516,1525,0.1388
11,1525,1536,0.1388
11,1513,1524,0.1388
11,1506,1517,0.1388
11,1504,1515,0.1388
11,1491,1502,0.1388
11,1503,1514,0.1388
11,1507,1518,0.1388
11,1509,1520,0.1388
11,1497,1508,0.1388
11,1505,1516,0.1388
11,1504,1515,0.1388
10,1503,1513,0.1388
10,1513,1523,0.1388
8,1504,1512,0.1388
9,1496,1505,0.1388
9,1500,1509,0.1388
9,1503,1512,0.1388
10,1496,1506,0.1388
10,1497,1507,0.1388
11,1501,1512,0.1388
11,1486,1497,0.1388
11,1483,1494,0.1388
10,1498,1508,0.1388
11,1494,1505,0.1388
9,1509,1518,0.1388
9,1505,1514,0.1388
10,1517,1527,0.1388
10,1508,1518,0.1388
8,1523,1531,0.1388
8,1517,1525,0.1388
8,1494,1502,0.1388
8,1501,1509,0.1388
8,1506,1514,0.1388
9,1498,1507,0.1388
8,1496,1504,0.1388
8,1501,1509,0.1388
8,1485,1493,0.1388
8,1490,1498,0.1388
8,1496,1504,0.1388
8,1485,1493,0.1388
7,1497,1504,0.1388
7,1486,1493,0.1388
6,1495,1501,0.1388
5,1502,1507,0.1388
6,1497,1503,0.1388
6,1499,1505,0.1388
5,1502,1507,0.1388
5,1508,1513,0.1388
6,1519,1525,0.1388
7,1508,1515,0.1388
9,1493,1502,0.1388
10,1486,1496,0.1388
10,1499,1509,0.1388
11,1516,1527,0.1388
11,1507,1518,0.1388
11,1507,1518,0.1388
11,1507,1518,0.1388
11,1514,1525,0.1388
11,1503,1514,0.1388
11,1500,1511,0.1388
11,1498,1509,0.1388
11,1494,1505,0.1388
11,1508,1519,0.1388
11,1511,1522,0.1388
11,1501,1512,0.1388
11,1505,1516,0.1388
11,1502,1513,0.1388
11,1503,1514,0.1388
11,1504,1515,0.1388
11,1501,1512,0.1388
11,1510,1521,0.1388
10,1499,1509,0.1388
8,1503,1511,0.1388
8,1507,1515,0.1388
8,1506,1514,0.1388
8,1514,1522,0.1388
7,1520,1527,0.1388
7,1519,1526,0.1388
7,1532,1539,0.1388
7,1525,1532,0.1388
7,1513,1520,0.1388
8,1525,1533,0.1388
7,1517,1524,0.1388
8,1516,1524,0.1388
7,1504,1511,0.1388
7,1516,1523,0.1388
7,1515,1522,0.1388
7,1506,1513,0.1388
7,1513,1520,0.1388
6,1529,1535,0.1388
6,1519,1525,0.1388
6,1507,1513,0.1388
7,1510,1517,0.1388
7,1514,1521,0.1388
7,1509,1516,0.1388
6,1510,1516,0.1388
6,1508,1514,0.1388
6,1508,1514,0.1388
6,1520,1526,0.1388
6,1524,1530,0.1388
6,1522,1528,0.1388
5,1512,1517,0.1388
5,1511,1516,0.1388
5,1495,1500,0.1388
5,1501,1506,0.1388
5,1508,1513,0.1388
4,1516,1520,0.1388
4,1517,1521,0.1388
4,1516,1520,0.1388
4,1514,1518,0.1388
4,1517,1521,0.1388
4,1517,1521,0.1388
4,1505,1509,0.1388
4,1506,1510,0.1388
4,1482,1486,0.1388
4,1486,1490,0.1388
4,1512,1516,0.1388
4,1521,1525,0.1388
3,1508,1511,0.1388
3,1515,1518,0.1388
3,1505,1508,0.1388
3,1514,1517,0.1388
3,1510,1513,0.1388
3,1517,1520,0.1388
3,1506,1509,0.1388
3,1509,1512,0.1388
3,1525,1528,0.1388
3,1529,1532,0.1388
3,1529,1532,0.1388
3,1516,1519,0.1388
3,1513,1516,0.1388
3,1517,1520,0.1388
3,1510,1513,0.1388
3,1520,1523,0.1388
3,1511,1514,0.1388
3,1507,1510,0.1388
3,1521,1524,0.1388
3,1520,1523,0.1388
3,1522,1525,0.1388
3,1522,1525,0.1388
2,1521,1523,0.1388
3,1525,1528,0.1388
2,1525,1527,0.1388
2,1518,1520,0.1388
1,1515,1516,0.1388
1,1516,1517,0.1388
1,1540,1541,0.1388
1,1529,1530,0.1388
1,1523,1524,0.1388
1,1511,1512,0.1388
1,1517,1518,0.1388
1,1524,1525,0.1388
1,1522,1523,0.1388
1,1502,1503,0.1388
1,1513,1514,0.1388
1,1529,1530,0.1388
1,1503,1504,0.1388
1,1510,1511,0.1388
1,1513,1514,0.1388
1,1516,1517,0.1388
1,1511,1512,0.1388
1,1525,1526,0.1388
1,1516,1517,0.1388
1,1527,1528,0.1388
1,1532,1533,0.1388
1,1514,1515,0.1388
1,1516,1517,0.1388
1,1517,1518,0.1388
1,1515,1516,0.1388
1,1523,1524,0.1388
1,1514,1515,0.1388
1,1514,1515,0.1388
1,1523,1524,0.1388
1,1531,1532,0.1388
1,1526,1527,0.1388
1,1525,1526,0.1388
1,1519,1520,0.1388
1,1509,1510,0.1388
1,1513,1514,0.1388
1,1516,1517,0.1388
1,1522,1523,0.1388
1,1517,1518,0.1388
1,1511,1512,0.1388
1,1504,1505,0.1388
1,1498,1499,0.1388
1,1498,1499,0.1388
1,1496,1497,0.1388
1,1507,1508,0.1388
1,1516,1517,0.1388
1,1514,1515,0.1388
1,1512,1513,0.1388
1,1531,1532,0.1388
1,1524,1525,0.1388
1,1514,1515,0.1388
1,1499,1500,0.1388
1,1503,1504,0.1388
1,1508,1509,0.1388
1,1518,1519,0.1388
1,1519,1520,0.1388
1,1521,1522,0.1388
1,1522,1523,0.1388
1,1516,1517,0.1388
1,1514,1515,0.1388
1,1520,1521,0.1388
1,1518,1519,0.1388
1,1516,1517,0.1388
1,1519,1520,0.1388
1,1508,1509,0.1388
1,1521,1522,0.1388
1,1525,1526,0.1388
1,1524,1525,0.1388
1,1517,1518,0.1388
1,1508,1509,0.1388
1,1504,1505,0.1388
1,1500,1501,0.1388
1,1504,1505,0.1388
1,1511,1512,0.1388
1,1519,1520,0.1388
1,1518,1519,0.1388
1,1515,1516,0.1388
1,1514,1515,0.1388
1,1514,1515,0.1388
1,1521,1522,0.1388
1,1517,1518,0.1388
1,1510,1511,0.1388
1,1517,1518,0.1388
1,1512,1513,0.1388
1,1508,1509,0.1388
1,1512,1513,0.1388
1,1526,1527,0.1388
1,1523,1524,0.1388
1,1519,1520,0.1388
1,1520,1521,0.1388
1,1523,1524,0.1388
1,1523,1524,0.1388
1,1522,1523,0.1388
1,1524,1525,0.1388
1,1514,1515,0.1388
1,1521,1522,0.1388
1,1503,1504,0.1388
1,1496,1497,0.1388
1,1509,1510,0.1388
1,1506,1507,0.1388
1,1505,1506,0.1388
1,1508,1509,0.1388
1,1508,1509,0.1388
1,1506,1507,0.1388
1,1516,1517,0.1388
1,1504,1505,0.1388
1,1515,1516,0.1388
1,1513,1514,0.1388
1,1511,1512,0.1388
1,1514,1515,0.1388
1,1526,1527,0.1388
1,1525,1526,0.1388
1,1529,1530,0.1388
1,1527,1528,0.1388
1,1523,1524,0.1388
1,1515,1516,0.1388
1,1525,1526,0.1388
1,1515,1516,0.1388
1,1512,1513,0.1388
1,1505,1506,0.1388
1,1512,1513,0.1388
1,1514,1515,0.1388
1,1520,1521,0.1388
1,1521,1522,0.1388
1,1510,1511,0.1388
1,1518,1519,0.1388
1,1514,1515,0.1388
1,1497,1498,0.1388
1,1502,1503,0.1388
1,1508,1509,0.1388
1,1515,1516,0.1388
1,1521,1522,0.1388
2,1510,1512,0.1388
2,1520,1522,0.1388
2,1510,1512,0.1388
2,1520,1522,0.1388
2,1506,1508,0.1388
2,1512,1514,0.1388
2,1513,1515,0.1388
2,1501,1503,0.1388
2,1509,1511,0.1388
2,1508,1510,0.1388
2,1506,1508,0.1388
2,1511,1513,0.1388
2,1524,1526,0.1388
2,1519,1521,0.1388
2,1522,1524,0.1388
2,1527,1529,0.1388
2,1526,1528,0.1388
2,1518,1520,0.1388
2,1527,1529,0.1388
2,1515,1517,0.1388
2,1524,1526,0.1388
2,1522,1524,0.1388
2,1533,1535,0.1388
2,1526,1528,0.1388
2,1512,1514,0.1388
2,1535,1537,0.1388
2,1534,1536,0.1388
2,1520,1522,0.1388
2,1506,1508,0.1388
1,1500,1501,0.1388
1,1508,1509,0.1388
1,1521,1522,0.1388
1,1509,1510,0.1388
0,1528,1528,0.1388
