1394,30,1424,0.1388
1415,31,1446,0.1388
1432,34,1466,0.1388
1450,33,1483,0.1388
1446,34,1480,0.1388
1454,36,1490,0.1388
1441,36,1477,0.1388
1444,36,1480,0.1388
1446,33,1479,0.1388
1429,35,1464,0.1388
1439,33,1472,0.1388
1453,34,1487,0.1388
1469,35,1504,0.1388
1476,34,1510,0.1388
1468,35,1503,0.1388
1478,34,1512,0.1388
1468,34,1502,0.1388
1471,33,1504,0.1388
1465,33,1498,0.1388
1452,37,1489,0.1388
1449,39,1488,0.1388
1456,38,1494,0.1388
1472,38,1510,0.1388
1475,36,1511,0.1388
1465,39,1504,0.1388
1463,39,1502,0.1388
1456,36,1492,0.1388
1450,36,1486,0.1388
1438,37,1475,0.1388
1446,37,1483,0.1388
1442,38,1480,0.1388
1449,40,1489,0.1388
1454,42,1496,0.1388
1447,44,1491,0.1388
1443,45,1488,0.1388
1437,50,1487,0.1388
1437,49,1486,0.1388
1438,48,1486,0.1388
1436,51,1487,0.1388
1454,51,1505,0.1388
1448,51,1499,0.1388
1457,48,1505,0.1388
1461,48,1509,0.1388
1471,51,1522,0.1388
1447,50,1497,0.1388
1440,51,1491,0.1388
1442,52,1494,0.1388
1439,51,1490,0.1388
1445,49,1494,0.1388
1451,49,1500,0.1388
1444,50,1494,0.1388
1432,49,1481,0.1388
1446,49,1495,0.1388
1441,47,1488,0.1388
1444,50,1494,0.1388
1433,52,1485,0.1388
1429,52,1481,0.1388
1434,52,1486,0.1388
1441,54,1495,0.1388
1438,51,1489,0.1388
1432,54,1486,0.1388
1423,54,1477,0.1388
1437,53,1490,0.1388
1444,54,1498,0.1388
1438,55,1493,0.1388
1446,55,1501,0.1388
1442,56,1498,0.1388
1439,59,1498,0.1388
1430,60,1490,0.1388
1414,56,1470,0.1388
1426,59,1485,0.1388
1443,60,1503,0.1388
1443,59,1502,0.1388
1439,59,1498,0.1388
1432,59,1491,0.1388
1448,59,1507,0.1388
1443,58,1501,0.1388
1441,60,1501,0.1388
1448,62,1510,0.1388
1454,60,1514,0.1388
1442,59,1501,0.1388
1429,60,1489,0.1388
1434,60,1494,0.1388
1426,60,1486,0.1388
1420,58,1478,0.1388
1411,59,1470,0.1388
1400,57,1457,0.1388
1413,63,1476,0.1388
1416,61,1477,0.1388
1420,62,1482,0.1388
1422,61,1483,0.1388
1425,62,1487,0.1388
1430,61,1491,0.1388
1422,62,1484,0.1388
1424,64,1488,0.1388
1429,65,1494,0.1388
1427,66,1493,0.1388
1412,68,1480,0.1388
1425,70,1495,0.1388
1421,72,1493,0.1388
1426,73,1499,0.1388
1414,74,1488,0.1388
1415,75,1490,0.1388
1421,73,1494,0.1388
1418,75,1493,0.1388
1421,78,1499,0.1388
1422,79,1501,0.1388
1418,79,1497,0.1388
1418,80,1498,0.1388
1418,78,1496,0.1388
1412,79,1491,0.1388
1423,84,1507,0.1388
1423,82,1505,0.1388
1417,82,1499,0.1388
1406,85,1491,0.1388
1398,86,1484,0.1388
1396,88,1484,0.1388
1401,91,1492,0.1388
1391,92,1483,0.1388
1384,97,1481,0.1388
1386,96,1482,0.1388
1393,96,1489,0.1388
1410,95,1505,0.1388
1406,93,1499,0.1388
1401,93,1494,0.1388
1401,92,1493,0.1388
1392,91,1483,0.1388
1399,92,1491,0.1388
1403,94,1497,0.1388
1391,90,1481,0.1388
1389,93,1482,0.1388
1391,95,1486,0.1388
1405,98,1503,0.1388
1411,96,1507,0.1388
1396,95,1491,0.1388
1412,97,1509,0.1388
1408,98,1506,0.1388
1386,98,1484,0.1388
1386,100,1486,0.1388
1385,103,1488,0.1388
1363,104,1467,0.1388
1375,103,1478,0.1388
1388,103,1491,0.1388
1390,106,1496,0.1388
1387,100,1487,0.1388
1386,100,1486,0.1388
1399,98,1497,0.1388
1400,99,1499,0.1388
1400,100,1500,0.1388
1401,100,1501,0.1388
1394,99,1493,0.1388
1398,101,1499,0.1388
1395,103,1498,0.1388
1392,104,1496,0.1388
1392,104,1496,0.1388
1403,105,1508,0.1388
1394,102,1496,0.1388
1411,98,1509,0.1388
1410,99,1509,0.1388
1411,99,1510,0.1388
1408,101,1509,0.1388
1407,98,1505,0.1388
1404,98,1502,0.1388
1398,96,1494,0.1388
1393,100,1493,0.1388
1395,100,1495,0.1388
1397,100,1497,0.1388
1401,103,1504,0.1388
1396,104,1500,0.1388
1403,101,1504,0.1388
1404,107,1511,0.1388
1395,105,1500,0.1388
1381,106,1487,0.1388
1378,106,1484,0.1388
1383,102,1485,0.1388
1394,104,1498,0.1388
1384,104,1488,0.1388
1390,106,1496,0.1388
1392,103,1495,0.1388
1390,105,1495,0.1388
1390,109,1499,0.1388
1389,106,1495,0.1388
1397,107,1504,0.1388
1381,107,1488,0.1388
1368,105,1473,0.1388
1368,106,1474,0.1388
1383,110,1493,0.1388
1385,111,1496,0.1388
1392,111,1503,0.1388
1384,113,1497,0.1388
1378,114,1492,0.1388
1387,113,1500,0.1388
1385,110,1495,0.1388
1392,106,1498,0.1388
1387,104,1491,0.1388
1377,110,1487,0.1388
1383,115,1498,0.1388
1387,111,1498,0.1388
1385,113,1498,0.1388
1385,115,1500,0.1388
1382,118,1500,0.1388
1371,115,1486,0.1388
1377,116,1493,0.1388
1380,121,1501,0.1388
1367,116,1483,0.1388
1364,118,1482,0.1388
1373,123,1496,0.1388
1375,121,1496,0.1388
1372,120,1492,0.1388
1376,121,1497,0.1388
1366,124,1490,0.1388
1371,124,1495,0.1388
1357,124,1481,0.1388
1357,126,1483,0.1388
1361,128,1489,0.1388
1364,126,1490,0.1388
1374,125,1499,0.1388
1370,124,1494,0.1388
1370,123,1493,0.1388
1363,124,1487,0.1388
1371,119,1490,0.1388
1364,123,1487,0.1388
1350,126,1476,0.1388
1352,131,1483,0.1388
1356,132,1488,0.1388
1362,132,1494,0.1388
1352,129,1481,0.1388
1362,127,1489,0.1388
1365,128,1493,0.1388
1373,132,1505,0.1388
1378,135,1513,0.1388
1377,133,1510,0.1388
1381,136,1517,0.1388
1368,141,1509,0.1388
1365,137,1502,0.1388
1365,139,1504,0.1388
1361,140,1501,0.1388
1369,141,1510,0.1388
1361,146,1507,0.1388
1355,143,1498,0.1388
1353,147,1500,0.1388
1354,149,1503,0.1388
1358,148,1506,0.1388
1344,144,1488,0.1388
1347,148,1495,0.1388
1357,149,1506,0.1388
1347,147,1494,0.1388
1353,146,1499,0.1388
1370,145,1515,0.1388
1363,141,1504,0.1388
1355,140,1495,0.1388
1349,138,1487,0.1388
1347,143,1490,0.1388
1361,144,1505,0.1388
1371,146,1517,0.1388
1370,148,1518,0.1388
1373,144,1517,0.1388
1365,146,1511,0.1388
1356,146,1502,0.1388
1336,146,1482,0.1388
1336,143,1479,0.1388
1349,144,1493,0.1388
1325,144,1469,0.1388
1330,140,1470,0.1388
1334,137,1471,0.1388
1338,140,1478,0.1388
1341,138,1479,0.1388
1349,138,1487,0.1388
1352,137,1489,0.1388
1351,134,1485,0.1388
1360,130,1490,0.1388
1365,129,1494,0.1388
1360,131,1491,0.1388
1360,132,1492,0.1388
1351,130,1481,0.1388
1354,132,1486,0.1388
1343,137,1480,0.1388
1351,137,1488,0.1388
1361,131,1492,0.1388
1363,131,1494,0.1388
1352,128,1480,0.1388
1357,133,1490,0.1388
1362,131,1493,0.1388
1364,137,1501,0.1388
1364,138,1502,0.1388
1368,134,1502,0.1388
1355,130,1485,0.1388
1350,135,1485,0.1388
1357,139,1496,0.1388
1356,142,1498,0.1388
1358,145,1503,0.1388
1362,146,1508,0.1388
1360,147,1507,0.1388
1355,149,1504,0.1388
1334,153,1487,0.1388
1346,149,1495,0.1388
1344,147,1491,0.1388
1357,146,1503,0.1388
1349,148,1497,0.1388
1338,147,1485,0.1388
1346,148,1494,0.1388
1349,146,1495,0.1388
1338,149,1487,0.1388
1339,155,1494,0.1388
1344,151,1495,0.1388
1337,151,1488,0.1388
1354,152,1506,0.1388
1348,151,1499,0.1388
1334,155,1489,0.1388
1350,158,1508,0.1388
1355,161,1516,0.1388
1345,166,1511,0.1388
1328,166,1494,0.1388
1331,161,1492,0.1388
1337,159,1496,0.1388
1342,156,1498,0.1388
1331,162,1493,0.1388
1337,157,1494,0.1388
1333,152,1485,0.1388
1321,160,1481,0.1388
1334,163,1497,0.1388
1344,164,1508,0.1388
1332,161,1493,0.1388
1327,160,1487,0.1388
1319,163,1482,0.1388
1313,164,1477,0.1388
1318,162,1480,0.1388
1341,164,1505,0.1388
1342,166,1508,0.1388
1340,169,1509,0.1388
1333,166,1499,0.1388
1326,164,1490,0.1388
1331,158,1489,0.1388
1326,165,1491,0.1388
1335,169,1504,0.1388
1324,172,1496,0.1388
1325,173,1498,0.1388
1317,170,1487,0.1388
1309,174,1483,0.1388
1315,175,1490,0.1388
1318,176,1494,0.1388
1329,180,1509,0.1388
1329,179,1508,0.1388
1318,188,1506,0.1388
1311,188,1499,0.1388
1313,188,1501,0.1388
1302,186,1488,0.1388
1285,189,1474,0.1388
1276,189,1465,0.1388
1277,192,1469,0.1388
1285,196,1481,0.1388
1284,194,1478,0.1388
1280,200,1480,0.1388
1291,199,1490,0.1388
1297,201,1498,0.1388
1284,202,1486,0.1388
1292,199,1491,0.1388
1282,204,1486,0.1388
1280,202,1482,0.1388
1269,207,1476,0.1388
1282,216,1498,0.1388
1279,211,1490,0.1388
1272,215,1487,0.1388
1278,214,1492,0.1388
1278,212,1490,0.1388
1283,208,1491,0.1388
1282,207,1489,0.1388
1285,211,1496,0.1388
1279,218,1497,0.1388
1279,220,1499,0.1388
1283,220,1503,0.1388
1274,218,1492,0.1388
1276,219,1495,0.1388
1273,221,1494,0.1388
1274,223,1497,0.1388
1276,217,1493,0.1388
1283,219,1502,0.1388
1282,221,1503,0.1388
1267,225,1492,0.1388
1263,225,1488,0.1388
1275,220,1495,0.1388
1278,224,1502,0.1388
1264,224,1488,0.1388
1262,221,1483,0.1388
1276,218,1494,0.1388
1274,218,1492,0.1388
1277,220,1497,0.1388
1283,224,1507,0.1388
1283,224,1507,0.1388
1277,224,1501,0.1388
1265,224,1489,0.1388
1274,221,1495,0.1388
1284,219,1503,0.1388
1279,219,1498,0.1388
1270,223,1493,0.1388
1258,221,1479,0.1388
1261,220,1481,0.1388
1266,225,1491,0.1388
1262,220,1482,0.1388
1283,218,1501,0.1388
1273,218,1491,0.1388
1268,221,1489,0.1388
1270,217,1487,0.1388
1266,218,1484,0.1388
1273,215,1488,0.1388
1273,221,1494,0.1388
1265,220,1485,0.1388
1258,227,1485,0.1388
1253,232,1485,0.1388
1248,233,1481,0.1388
1259,233,1492,0.1388
1261,234,1495,0.1388
1259,229,1488,0.1388
1256,227,1483,0.1388
1272,225,1497,0.1388
1261,229,1490,0.1388
1265,229,1494,0.1388
1273,235,1508,0.1388
1266,233,1499,0.1388
1253,231,1484,0.1388
1256,241,1497,0.1388
1257,244,1501,0.1388
1253,250,1503,0.1388
1243,252,1495,0.1388
1247,251,1498,0.1388
1264,251,1515,0.1388
1253,248,1501,0.1388
1245,249,1494,0.1388
1249,254,1503,0.1388
1253,255,1508,0.1388
1247,258,1505,0.1388
1252,259,1511,0.1388
1254,259,1513,0.1388
1247,260,1507,0.1388
1245,263,1508,0.1388
1250,263,1513,0.1388
1256,260,1516,0.1388
1251,264,1515,0.1388
1237,259,1496,0.1388
1239,265,1504,0.1388
1237,267,1504,0.1388
1225,264,1489,0.1388
1222,262,1484,0.1388
1229,266,1495,0.1388
1229,266,1495,0.1388
1222,264,1486,0.1388
1228,271,1499,0.1388
1240,272,1512,0.1388
1237,274,1511,0.1388
1231,272,1503,0.1388
1237,262,1499,0.1388
1226,263,1489,0.1388
1229,262,1491,0.1388
1225,262,1487,0.1388
1233,259,1492,0.1388
1230,260,1490,0.1388
1226,263,1489,0.1388
1226,267,1493,0.1388
1223,265,1488,0.1388
1233,263,1496,0.1388
1228,272,1500,0.1388
1229,272,1501,0.1388
1222,279,1501,0.1388
1223,276,1499,0.1388
1227,279,1506,0.1388
1227,275,1502,0.1388
1240,283,1523,0.1388
1236,280,1516,0.1388
1235,277,1512,0.1388
1226,277,1503,0.1388
1236,268,1504,0.1388
1240,270,1510,0.1388
1239,274,1513,0.1388
1243,273,1516,0.1388
1229,269,1498,0.1388
1238,266,1504,0.1388
1240,269,1509,0.1388
1231,266,1497,0.1388
1234,266,1500,0.1388
1233,268,1501,0.1388
1225,264,1489,0.1388
1238,263,1501,0.1388
1250,261,1511,0.1388
1242,257,1499,0.1388
1236,259,1495,0.1388
1237,258,1495,0.1388
1236,255,1491,0.1388
1229,254,1483,0.1388
1229,255,1484,0.1388
1224,257,1481,0.1388
1220,266,1486,0.1388
1235,262,1497,0.1388
1225,260,1485,0.1388
1235,267,1502,0.1388
1229,269,1498,0.1388
1236,270,1506,0.1388
1227,270,1497,0.1388
1227,267,1494,0.1388
1239,269,1508,0.1388
1239,269,1508,0.1388
1235,265,1500,0.1388
1240,262,1502,0.1388
1247,260,1507,0.1388
1247,265,1512,0.1388
1246,274,1520,0.1388
1234,272,1506,0.1388
1232,267,1499,0.1388
1244,265,1509,0.1388
1244,264,1508,0.1388
1239,267,1506,0.1388
1223,273,1496,0.1388
1222,274,1496,0.1388
1230,280,1510,0.1388
1230,275,1505,0.1388
1233,272,1505,0.1388
1228,276,1504,0.1388
1231,276,1507,0.1388
1231,274,1505,0.1388
1219,275,1494,0.1388
1220,278,1498,0.1388
1225,276,1501,0.1388
1215,275,1490,0.1388
1220,281,1501,0.1388
1208,282,1490,0.1388
1217,272,1489,0.1388
1220,279,1499,0.1388
1217,280,1497,0.1388
1227,280,1507,0.1388
1224,282,1506,0.1388
1220,282,1502,0.1388
1208,282,1490,0.1388
1211,283,1494,0.1388
1205,283,1488,0.1388
1207,283,1490,0.1388
1205,284,1489,0.1388
1216,285,1501,0.1388
1215,282,1497,0.1388
1217,280,1497,0.1388
1216,277,1493,0.1388
1218,280,1498,0.1388
1210,280,1490,0.1388
1198,280,1478,0.1388
1197,287,1484,0.1388
1196,289,1485,0.1388
1195,293,1488,0.1388
1190,296,1486,0.1388
1195,287,1482,0.1388
1197,296,1493,0.1388
1194,296,1490,0.1388
1208,291,1499,0.1388
1206,287,1493,0.1388
1196,288,1484,0.1388
1208,285,1493,0.1388
1201,287,1488,0.1388
1208,290,1498,0.1388
1213,287,1500,0.1388
1209,292,1501,0.1388
1210,294,1504,0.1388
1209,294,1503,0.1388
1209,296,1505,0.1388
1215,299,1514,0.1388
1208,299,1507,0.1388
1201,308,1509,0.1388
1195,307,1502,0.1388
1198,300,1498,0.1388
1193,300,1493,0.1388
1198,298,1496,0.1388
1207,300,1507,0.1388
1184,308,1492,0.1388
1186,316,1502,0.1388
1186,313,1499,0.1388
1189,317,1506,0.1388
1187,315,1502,0.1388
1191,315,1506,0.1388
1193,314,1507,0.1388
1188,319,1507,0.1388
1189,320,1509,0.1388
1187,318,1505,0.1388
1182,317,1499,0.1388
1178,316,1494,0.1388
1183,313,1496,0.1388
1179,315,1494,0.1388
1182,313,1495,0.1388
1169,315,1484,0.1388
1177,320,1497,0.1388
1177,321,1498,0.1388
1180,322,1502,0.1388
1171,319,1490,0.1388
1183,316,1499,0.1388
1183,321,1504,0.1388
1181,321,1502,0.1388
1171,319,1490,0.1388
1176,320,1496,0.1388
1179,322,1501,0.1388
1174,324,1498,0.1388
1178,323,1501,0.1388
1177,325,1502,0.1388
1161,323,1484,0.1388
1155,325,1480,0.1388
1148,327,1475,0.1388
1145,330,1475,0.1388
1150,337,1487,0.1388
1153,336,1489,0.1388
1146,344,1490,0.1388
1147,345,1492,0.1388
1150,351,1501,0.1388
1150,345,1495,0.1388
1166,348,1514,0.1388
1165,349,1514,0.1388
1166,345,1511,0.1388
1167,353,1520,0.1388
1159,358,1517,0.1388
1152,358,1510,0.1388
1152,354,1506,0.1388
1135,353,1488,0.1388
1142,351,1493,0.1388
1139,357,1496,0.1388
1137,358,1495,0.1388
1133,366,1499,0.1388
1120,370,1490,0.1388
1123,370,1493,0.1388
1116,370,1486,0.1388
1121,367,1488,0.1388
1120,371,1491,0.1388
1122,374,1496,0.1388
1112,384,1496,0.1388
1109,382,1491,0.1388
1116,380,1496,0.1388
1118,376,1494,0.1388
1128,368,1496,0.1388
1132,370,1502,0.1388
1122,371,1493,0.1388
1133,373,1506,0.1388
1130,378,1508,0.1388
1127,379,1506,0.1388
1126,376,1502,0.1388
1130,372,1502,0.1388
1131,379,1510,0.1388
1117,385,1502,0.1388
1122,389,1511,0.1388
1118,390,1508,0.1388
1123,391,1514,0.1388
1115,385,1500,0.1388
1114,388,1502,0.1388
1106,385,1491,0.1388
1111,395,1506,0.1388
1123,395,1518,0.1388
1116,398,1514,0.1388
1111,402,1513,0.1388
1105,400,1505,0.1388
1092,398,1490,0.1388
1096,399,1495,0.1388
1100,401,1501,0.1388
1105,401,1506,0.1388
1107,398,1505,0.1388
1093,404,1497,0.1388
1092,404,1496,0.1388
1090,405,1495,0.1388
1091,408,1499,0.1388
1076,415,1491,0.1388
1073,419,1492,0.1388
1066,420,1486,0.1388
1068,415,1483,0.1388
1067,419,1486,0.1388
1065,423,1488,0.1388
1070,431,1501,0.1388
1071,432,1503,0.1388
1065,431,1496,0.1388
1072,428,1500,0.1388
1055,435,1490,0.1388
1063,429,1492,0.1388
1078,433,1511,0.1388
1080,431,1511,0.1388
1088,434,1522,0.1388
1076,421,1497,0.1388
1068,426,1494,0.1388
1073,426,1499,0.1388
1073,433,1506,0.1388
1061,438,1499,0.1388
1059,436,1495,0.1388
1055,431,1486,0.1388
1060,439,1499,0.1388
1065,439,1504,0.1388
1069,440,1509,0.1388
1054,442,1496,0.1388
1045,445,1490,0.1388
1047,449,1496,0.1388
1055,454,1509,0.1388
1059,449,1508,0.1388
1058,443,1501,0.1388
1062,447,1509,0.1388
1064,449,1513,0.1388
1071,455,1526,0.1388
1063,457,1520,0.1388
1064,456,1520,0.1388
1055,457,1512,0.1388
1041,461,1502,0.1388
1035,473,1508,0.1388
1032,459,1491,0.1388
1039,466,1505,0.1388
1037,466,1503,0.1388
1025,467,1492,0.1388
1030,475,1505,0.1388
1025,474,1499,0.1388
1026,465,1491,0.1388
1033,468,1501,0.1388
1026,469,1495,0.1388
1022,464,1486,0.1388
1026,472,1498,0.1388
1031,473,1504,0.1388
1027,474,1501,0.1388
1024,469,1493,0.1388
1025,476,1501,0.1388
1028,476,1504,0.1388
1036,479,1515,0.1388
1036,476,1512,0.1388
1036,469,1505,0.1388
1031,474,1505,0.1388
1030,479,1509,0.1388
1042,479,1521,0.1388
1037,476,1513,0.1388
1031,486,1517,0.1388
1025,480,1505,0.1388
1028,480,1508,0.1388
1028,480,1508,0.1388
1031,485,1516,0.1388
1016,478,1494,0.1388
1021,475,1496,0.1388
1023,481,1504,0.1388
1027,481,1508,0.1388
1023,479,1502,0.1388
1030,476,1506,0.1388
1030,479,1509,0.1388
1028,475,1503,0.1388
1021,483,1504,0.1388
1030,479,1509,0.1388
1024,484,1508,0.1388
1019,485,1504,0.1388
1007,486,1493,0.1388
1005,490,1495,0.1388
1005,491,1496,0.1388
1009,488,1497,0.1388
1017,485,1502,0.1388
1020,488,1508,0.1388
1031,489,1520,0.1388
1020,494,1514,0.1388
1012,491,1503,0.1388
1009,488,1497,0.1388
1014,483,1497,0.1388
1011,480,1491,0.1388
1016,480,1496,0.1388
1005,484,1489,0.1388
1013,498,1511,0.1388
1013,493,1506,0.1388
1008,492,1500,0.1388
1002,497,1499,0.1388
1005,492,1497,0.1388
1002,489,1491,0.1388
998,481,1479,0.1388
998,491,1489,0.1388
997,491,1488,0.1388
1000,497,1497,0.1388
1007,501,1508,0.1388
1003,506,1509,0.1388
1006,508,1514,0.1388
1008,506,1514,0.1388
1019,505,1524,0.1388
1004,515,1519,0.1388
1000,520,1520,0.1388
991,511,1502,0.1388
988,509,1497,0.1388
989,509,1498,0.1388
994,516,1510,0.1388
983,516,1499,0.1388
982,518,1500,0.1388
989,518,1507,0.1388
984,522,1506,0.1388
977,526,1503,0.1388
975,524,1499,0.1388
974,518,1492,0.1388
977,518,1495,0.1388
985,519,1504,0.1388
983,525,1508,0.1388
970,539,1509,0.1388
975,531,1506,0.1388
975,530,1505,0.1388
977,539,1516,0.1388
965,544,1509,0.1388
964,544,1508,0.1388
955,544,1499,0.1388
962,543,1505,0.1388
975,538,1513,0.1388
963,529,1492,0.1388
970,534,1504,0.1388
969,537,1506,0.1388
972,539,1511,0.1388
975,543,1518,0.1388
973,541,1514,0.1388
972,546,1518,0.1388
964,542,1506,0.1388
962,548,1510,0.1388
964,545,1509,0.1388
956,545,1501,0.1388
960,551,1511,0.1388
960,547,1507,0.1388
956,542,1498,0.1388
959,542,1501,0.1388
951,546,1497,0.1388
954,543,1497,0.1388
960,537,1497,0.1388
958,532,1490,0.1388
954,540,1494,0.1388
949,544,1493,0.1388
950,547,1497,0.1388
957,550,1507,0.1388
954,545,1499,0.1388
962,548,1510,0.1388
965,546,1511,0.1388
958,543,1501,0.1388
952,546,1498,0.1388
953,547,1500,0.1388
958,554,1512,0.1388
957,551,1508,0.1388
951,551,1502,0.1388
947,555,1502,0.1388
944,556,1500,0.1388
945,553,1498,0.1388
944,555,1499,0.1388
939,562,1501,0.1388
946,567,1513,0.1388
936,563,1499,0.1388
938,565,1503,0.1388
937,563,1500,0.1388
942,567,1509,0.1388
948,561,1509,0.1388
937,568,1505,0.1388
928,567,1495,0.1388
926,566,1492,0.1388
925,577,1502,0.1388
929,579,1508,0.1388
926,570,1496,0.1388
919,575,1494,0.1388
924,579,1503,0.1388
921,584,1505,0.1388
915,577,1492,0.1388
925,572,1497,0.1388
935,577,1512,0.1388
930,583,1513,0.1388
928,584,1512,0.1388
933,588,1521,0.1388
921,593,1514,0.1388
920,600,1520,0.1388
914,602,1516,0.1388
912,603,1515,0.1388
909,588,1497,0.1388
915,582,1497,0.1388
919,586,1505,0.1388
909,590,1499,0.1388
894,604,1498,0.1388
895,612,1507,0.1388
891,614,1505,0.1388
893,615,1508,0.1388
885,619,1504,0.1388
884,614,1498,0.1388
888,617,1505,0.1388
879,614,1493,0.1388
894,621,1515,0.1388
886,620,1506,0.1388
882,624,1506,0.1388
869,619,1488,0.1388
885,613,1498,0.1388
880,615,1495,0.1388
884,626,1510,0.1388
884,628,1512,0.1388
876,637,1513,0.1388
872,641,1513,0.1388
869,633,1502,0.1388
867,639,1506,0.1388
864,642,1506,0.1388
863,637,1500,0.1388
862,643,1505,0.1388
847,655,1502,0.1388
840,651,1491,0.1388
840,651,1491,0.1388
849,654,1503,0.1388
853,665,1518,0.1388
859,651,1510,0.1388
858,648,1506,0.1388
852,651,1503,0.1388
858,653,1511,0.1388
856,648,1504,0.1388
853,647,1500,0.1388
858,649,1507,0.1388
849,650,1499,0.1388
846,651,1497,0.1388
844,651,1495,0.1388
833,645,1478,0.1388
823,660,1483,0.1388
821,658,1479,0.1388
820,658,1478,0.1388
824,659,1483,0.1388
824,673,1497,0.1388
824,676,1500,0.1388
819,682,1501,0.1388
816,679,1495,0.1388
810,678,1488,0.1388
816,672,1488,0.1388
830,674,1504,0.1388
828,675,1503,0.1388
836,680,1516,0.1388
822,668,1490,0.1388
826,669,1495,0.1388
831,677,1508,0.1388
827,680,1507,0.1388
826,679,1505,0.1388
827,687,1514,0.1388
831,686,1517,0.1388
829,681,1510,0.1388
830,681,1511,0.1388
824,681,1505,0.1388
820,675,1495,0.1388
815,683,1498,0.1388
817,680,1497,0.1388
809,683,1492,0.1388
805,692,1497,0.1388
810,687,1497,0.1388
817,687,1504,0.1388
817,693,1510,0.1388
815,697,1512,0.1388
810,700,1510,0.1388
803,697,1500,0.1388
808,694,1502,0.1388
818,698,1516,0.1388
809,695,1504,0.1388
808,706,1514,0.1388
814,698,1512,0.1388
811,704,1515,0.1388
814,706,1520,0.1388
818,694,1512,0.1388
820,704,1524,0.1388
815,701,1516,0.1388
809,709,1518,0.1388
809,705,1514,0.1388
802,711,1513,0.1388
802,725,1527,0.1388
805,722,1527,0.1388
800,713,1513,0.1388
802,709,1511,0.1388
795,710,1505,0.1388
795,704,1499,0.1388
798,708,1506,0.1388
792,702,1494,0.1388
801,710,1511,0.1388
799,712,1511,0.1388
798,713,1511,0.1388
803,709,1512,0.1388
810,713,1523,0.1388
804,714,1518,0.1388
806,714,1520,0.1388
810,705,1515,0.1388
806,710,1516,0.1388
807,708,1515,0.1388
803,717,1520,0.1388
780,725,1505,0.1388
782,725,1507,0.1388
779,716,1495,0.1388
787,723,1510,0.1388
781,718,1499,0.1388
779,718,1497,0.1388
775,716,1491,0.1388
778,715,1493,0.1388
782,723,1505,0.1388
772,720,1492,0.1388
771,729,1500,0.1388
767,720,1487,0.1388
769,722,1491,0.1388
762,720,1482,0.1388
762,726,1488,0.1388
759,737,1496,0.1388
754,734,1488,0.1388
748,737,1485,0.1388
744,742,1486,0.1388
745,746,1491,0.1388
750,750,1500,0.1388
748,749,1497,0.1388
758,751,1509,0.1388
757,761,1518,0.1388
750,757,1507,0.1388
750,751,1501,0.1388
757,748,1505,0.1388
759,742,1501,0.1388
760,749,1509,0.1388
758,750,1508,0.1388
747,745,1492,0.1388
762,746,1508,0.1388
754,744,1498,0.1388
759,742,1501,0.1388
766,749,1515,0.1388
767,742,1509,0.1388
769,742,1511,0.1388
762,749,1511,0.1388
751,753,1504,0.1388
751,756,1507,0.1388
739,749,1488,0.1388
735,751,1486,0.1388
741,759,1500,0.1388
750,750,1500,0.1388
752,755,1507,0.1388
741,755,1496,0.1388
747,748,1495,0.1388
748,754,1502,0.1388
741,754,1495,0.1388
737,759,1496,0.1388
740,763,1503,0.1388
733,772,1505,0.1388
733,771,1504,0.1388
739,777,1516,0.1388
736,764,1500,0.1388
734,773,1507,0.1388
735,768,1503,0.1388
729,770,1499,0.1388
727,786,1513,0.1388
728,784,1512,0.1388
727,794,1521,0.1388
712,795,1507,0.1388
709,794,1503,0.1388
712,794,1506,0.1388
717,802,1519,0.1388
715,801,1516,0.1388
722,797,1519,0.1388
719,798,1517,0.1388
718,792,1510,0.1388
718,792,1510,0.1388
717,799,1516,0.1388
716,808,1524,0.1388
708,805,1513,0.1388
707,811,1518,0.1388
700,802,1502,0.1388
712,802,1514,0.1388
699,797,1496,0.1388
693,802,1495,0.1388
696,794,1490,0.1388
695,804,1499,0.1388
694,795,1489,0.1388
683,802,1485,0.1388
691,803,1494,0.1388
690,802,1492,0.1388
687,808,1495,0.1388
686,811,1497,0.1388
679,806,1485,0.1388
684,810,1494,0.1388
675,816,1491,0.1388
679,825,1504,0.1388
682,832,1514,0.1388
682,828,1510,0.1388
686,827,1513,0.1388
670,828,1498,0.1388
678,822,1500,0.1388
679,829,1508,0.1388
683,819,1502,0.1388
682,820,1502,0.1388
682,814,1496,0.1388
675,825,1500,0.1388
673,833,1506,0.1388
664,848,1512,0.1388
658,842,1500,0.1388
666,844,1510,0.1388
664,839,1503,0.1388
670,835,1505,0.1388
666,842,1508,0.1388
666,838,1504,0.1388
672,838,1510,0.1388
668,834,1502,0.1388
674,839,1513,0.1388
673,854,1527,0.1388
661,852,1513,0.1388
664,854,1518,0.1388
661,854,1515,0.1388
650,853,1503,0.1388
652,846,1498,0.1388
652,850,1502,0.1388
651,859,1510,0.1388
660,845,1505,0.1388
666,847,1513,0.1388
668,854,1522,0.1388
662,846,1508,0.1388
672,851,1523,0.1388
664,845,1509,0.1388
653,849,1502,0.1388
660,847,1507,0.1388
645,853,1498,0.1388
646,847,1493,0.1388
643,849,1492,0.1388
648,854,1502,0.1388
650,851,1501,0.1388
658,856,1514,0.1388
657,856,1513,0.1388
654,862,1516,0.1388
650,861,1511,0.1388
645,866,1511,0.1388
644,859,1503,0.1388
647,864,1511,0.1388
648,871,1519,0.1388
649,869,1518,0.1388
650,871,1521,0.1388
637,876,1513,0.1388
622,865,1487,0.1388
614,879,1493,0.1388
609,885,1494,0.1388
607,889,1496,0.1388
609,894,1503,0.1388
606,892,1498,0.1388
602,901,1503,0.1388
598,902,1500,0.1388
592,901,1493,0.1388
592,909,1501,0.1388
598,901,1499,0.1388
595,911,1506,0.1388
590,919,1509,0.1388
592,921,1513,0.1388
591,930,1521,0.1388
588,915,1503,0.1388
593,919,1512,0.1388
581,921,1502,0.1388
584,915,1499,0.1388
581,913,1494,0.1388
576,927,1503,0.1388
572,927,1499,0.1388
576,937,1513,0.1388
568,947,1515,0.1388
577,949,1526,0.1388
572,935,1507,0.1388
569,940,1509,0.1388
565,941,1506,0.1388
568,943,1511,0.1388
574,940,1514,0.1388
573,943,1516,0.1388
569,950,1519,0.1388
573,935,1508,0.1388
565,939,1504,0.1388
572,940,1512,0.1388
570,944,1514,0.1388
563,944,1507,0.1388
566,939,1505,0.1388
552,944,1496,0.1388
549,940,1489,0.1388
555,939,1494,0.1388
555,944,1499,0.1388
554,943,1497,0.1388
560,944,1504,0.1388
551,954,1505,0.1388
552,947,1499,0.1388
549,950,1499,0.1388
560,945,1505,0.1388
559,959,1518,0.1388
553,956,1509,0.1388
562,945,1507,0.1388
557,950,1507,0.1388
551,941,1492,0.1388
555,946,1501,0.1388
561,950,1511,0.1388
563,949,1512,0.1388
558,950,1508,0.1388
558,947,1505,0.1388
560,947,1507,0.1388
559,952,1511,0.1388
555,947,1502,0.1388
558,951,1509,0.1388
552,955,1507,0.1388
554,953,1507,0.1388
560,967,1527,0.1388
556,976,1532,0.1388
553,961,1514,0.1388
546,961,1507,0.1388
544,974,1518,0.1388
544,981,1525,0.1388
532,974,1506,0.1388
529,970,1499,0.1388
538,971,1509,0.1388
541,972,1513,0.1388
541,975,1516,0.1388
546,977,1523,0.1388
546,972,1518,0.1388
539,976,1515,0.1388
543,979,1522,0.1388
540,974,1514,0.1388
529,985,1514,0.1388
523,992,1515,0.1388
530,978,1508,0.1388
531,976,1507,0.1388
529,993,1522,0.1388
524,997,1521,0.1388
528,993,1521,0.1388
532,991,1523,0.1388
533,978,1511,0.1388
528,978,1506,0.1388
528,973,1501,0.1388
532,978,1510,0.1388
526,983,1509,0.1388
522,987,1509,0.1388
522,983,1505,0.1388
518,984,1502,0.1388
514,981,1495,0.1388
520,984,1504,0.1388
514,992,1506,0.1388
517,998,1515,0.1388
519,997,1516,0.1388
515,1002,1517,0.1388
515,1007,1522,0.1388
509,1016,1525,0.1388
507,1011,1518,0.1388
509,1017,1526,0.1388
505,1008,1513,0.1388
507,1007,1514,0.1388
500,1000,1500,0.1388
505,1011,1516,0.1388
504,1012,1516,0.1388
504,1006,1510,0.1388
505,1001,1506,0.1388
501,1008,1509,0.1388
503,1012,1515,0.1388
503,1008,1511,0.1388
498,1011,1509,0.1388
496,1012,1508,0.1388
499,1018,1517,0.1388
495,1021,1516,0.1388
486,1019,1505,0.1388
486,1028,1514,0.1388
485,1038,1523,0.1388
478,1040,1518,0.1388
477,1025,1502,0.1388
477,1030,1507,0.1388
482,1027,1509,0.1388
483,1024,1507,0.1388
483,1021,1504,0.1388
479,1020,1499,0.1388
483,1015,1498,0.1388
484,1008,1492,0.1388
481,1004,1485,0.1388
485,1006,1491,0.1388
479,1017,1496,0.1388
478,1036,1514,0.1388
480,1023,1503,0.1388
484,1023,1507,0.1388
476,1032,1508,0.1388
488,1034,1522,0.1388
482,1024,1506,0.1388
473,1026,1499,0.1388
469,1029,1498,0.1388
475,1031,1506,0.1388
476,1028,1504,0.1388
474,1026,1500,0.1388
472,1030,1502,0.1388
475,1034,1509,0.1388
473,1027,1500,0.1388
473,1040,1513,0.1388
473,1034,1507,0.1388
468,1032,1500,0.1388
468,1043,1511,0.1388
462,1041,1503,0.1388
466,1033,1499,0.1388
473,1034,1507,0.1388
474,1029,1503,0.1388
472,1028,1500,0.1388
474,1037,1511,0.1388
476,1034,1510,0.1388
480,1025,1505,0.1388
478,1034,1512,0.1388
475,1033,1508,0.1388
471,1021,1492,0.1388
466,1024,1490,0.1388
468,1030,1498,0.1388
472,1026,1498,0.1388
483,1036,1519,0.1388
487,1042,1529,0.1388
488,1036,1524,0.1388
490,1038,1528,0.1388
494,1028,1522,0.1388
490,1030,1520,0.1388
489,1026,1515,0.1388
491,1032,1523,0.1388
485,1029,1514,0.1388
488,1029,1517,0.1388
487,1028,1515,0.1388
482,1027,1509,0.1388
486,1030,1516,0.1388
482,1018,1500,0.1388
479,1026,1505,0.1388
482,1027,1509,0.1388
480,1040,1520,0.1388
478,1034,1512,0.1388
474,1027,1501,0.1388
482,1025,1507,0.1388
478,1038,1516,0.1388
473,1044,1517,0.1388
474,1038,1512,0.1388
470,1038,1508,0.1388
475,1027,1502,0.1388
479,1047,1526,0.1388
473,1049,1522,0.1388
467,1047,1514,0.1388
469,1047,1516,0.1388
469,1047,1516,0.1388
468,1052,1520,0.1388
466,1052,1518,0.1388
471,1049,1520,0.1388
466,1041,1507,0.1388
461,1037,1498,0.1388
457,1055,1512,0.1388
461,1064,1525,0.1388
460,1054,1514,0.1388
451,1051,1502,0.1388
457,1042,1499,0.1388
458,1046,1504,0.1388
452,1053,1505,0.1388
443,1056,1499,0.1388
451,1065,1516,0.1388
454,1059,1513,0.1388
449,1064,1513,0.1388
458,1068,1526,0.1388
462,1072,1534,0.1388
461,1066,1527,0.1388
460,1070,1530,0.1388
455,1064,1519,0.1388
454,1066,1520,0.1388
457,1046,1503,0.1388
460,1054,1514,0.1388
453,1058,1511,0.1388
455,1045,1500,0.1388
450,1045,1495,0.1388
456,1058,1514,0.1388
454,1057,1511,0.1388
454,1053,1507,0.1388
445,1049,1494,0.1388
448,1063,1511,0.1388
446,1060,1506,0.1388
453,1064,1517,0.1388
452,1066,1518,0.1388
449,1076,1525,0.1388
450,1072,1522,0.1388
446,1066,1512,0.1388
442,1053,1495,0.1388
442,1057,1499,0.1388
438,1050,1488,0.1388
438,1065,1503,0.1388
439,1075,1514,0.1388
446,1074,1520,0.1388
446,1069,1515,0.1388
444,1068,1512,0.1388
450,1073,1523,0.1388
454,1066,1520,0.1388
447,1066,1513,0.1388
446,1057,1503,0.1388
445,1067,1512,0.1388
440,1074,1514,0.1388
440,1074,1514,0.1388
432,1076,1508,0.1388
429,1075,1504,0.1388
433,1092,1525,0.1388
432,1098,1530,0.1388
427,1084,1511,0.1388
430,1080,1510,0.1388
423,1087,1510,0.1388
420,1089,1509,0.1388
424,1089,1513,0.1388
429,1099,1528,0.1388
425,1093,1518,0.1388
427,1096,1523,0.1388
424,1112,1536,0.1388
418,1109,1527,0.1388
416,1112,1528,0.1388
406,1117,1523,0.1388
391,1114,1505,0.1388
393,1104,1497,0.1388
390,1104,1494,0.1388
402,1103,1505,0.1388
404,1100,1504,0.1388
407,1105,1512,0.1388
411,1112,1523,0.1388
408,1113,1521,0.1388
414,1102,1516,0.1388
409,1099,1508,0.1388
406,1112,1518,0.1388
403,1109,1512,0.1388
408,1112,1520,0.1388
400,1101,1501,0.1388
403,1103,1506,0.1388
405,1112,1517,0.1388
404,1098,1502,0.1388
410,1100,1510,0.1388
402,1101,1503,0.1388
405,1108,1513,0.1388
407,1098,1505,0.1388
406,1096,1502,0.1388
404,1103,1507,0.1388
401,1107,1508,0.1388
401,1101,1502,0.1388
401,1104,1505,0.1388
402,1104,1506,0.1388
400,1104,1504,0.1388
399,1108,1507,0.1388
402,1108,1510,0.1388
402,1099,1501,0.1388
410,1103,1513,0.1388
407,1096,1503,0.1388
410,1092,1502,0.1388
411,1097,1508,0.1388
411,1104,1515,0.1388
413,1105,1518,0.1388
410,1097,1507,0.1388
402,1095,1497,0.1388
404,1099,1503,0.1388
403,1088,1491,0.1388
409,1096,1505,0.1388
409,1107,1516,0.1388
410,1092,1502,0.1388
412,1095,1507,0.1388
410,1092,1502,0.1388
412,1100,1512,0.1388
407,1102,1509,0.1388
411,1105,1516,0.1388
403,1091,1494,0.1388
402,1102,1504,0.1388
403,1096,1499,0.1388
403,1099,1502,0.1388
402,1096,1498,0.1388
401,1093,1494,0.1388
401,1106,1507,0.1388
407,1108,1515,0.1388
404,1118,1522,0.1388
406,1116,1522,0.1388
399,1101,1500,0.1388
402,1114,1516,0.1388
404,1103,1507,0.1388
405,1103,1508,0.1388
408,1100,1508,0.1388
400,1104,1504,0.1388
402,1114,1516,0.1388
402,1113,1515,0.1388
401,1118,1519,0.1388
405,1118,1523,0.1388
404,1126,1530,0.1388
403,1122,1525,0.1388
393,1114,1507,0.1388
388,1114,1502,0.1388
391,1121,1512,0.1388
394,1119,1513,0.1388
390,1117,1507,0.1388
391,1121,1512,0.1388
390,1126,1516,0.1388
386,1126,1512,0.1388
375,1124,1499,0.1388
380,1124,1504,0.1388
383,1119,1502,0.1388
380,1125,1505,0.1388
377,1118,1495,0.1388
379,1124,1503,0.1388
382,1132,1514,0.1388
380,1129,1509,0.1388
380,1124,1504,0.1388
379,1122,1501,0.1388
374,1129,1503,0.1388
374,1132,1506,0.1388
367,1140,1507,0.1388
365,1150,1515,0.1388
368,1147,1515,0.1388
374,1141,1515,0.1388
374,1144,1518,0.1388
367,1144,1511,0.1388
367,1148,1515,0.1388
368,1148,1516,0.1388
361,1153,1514,0.1388
361,1146,1507,0.1388
360,1146,1506,0.1388
362,1145,1507,0.1388
357,1146,1503,0.1388
355,1141,1496,0.1388
354,1144,1498,0.1388
357,1138,1495,0.1388
357,1143,1500,0.1388
365,1154,1519,0.1388
364,1151,1515,0.1388
367,1155,1522,0.1388
364,1160,1524,0.1388
366,1153,1519,0.1388
368,1152,1520,0.1388
367,1143,1510,0.1388
367,1148,1515,0.1388
363,1146,1509,0.1388
362,1149,1511,0.1388
365,1152,1517,0.1388
366,1150,1516,0.1388
364,1145,1509,0.1388
368,1150,1518,0.1388
365,1146,1511,0.1388
363,1147,1510,0.1388
365,1151,1516,0.1388
365,1148,1513,0.1388
361,1147,1508,0.1388
355,1152,1507,0.1388
358,1139,1497,0.1388
359,1152,1511,0.1388
355,1142,1497,0.1388
358,1151,1509,0.1388
362,1134,1496,0.1388
361,1134,1495,0.1388
359,1143,1502,0.1388
355,1146,1501,0.1388
347,1151,1498,0.1388
347,1155,1502,0.1388
343,1149,1492,0.1388
345,1150,1495,0.1388
345,1166,1511,0.1388
341,1168,1509,0.1388
347,1155,1502,0.1388
347,1166,1513,0.1388
343,1170,1513,0.1388
343,1168,1511,0.1388
344,1172,1516,0.1388
339,1170,1509,0.1388
346,1174,1520,0.1388
344,1174,1518,0.1388
348,1159,1507,0.1388
354,1162,1516,0.1388
354,1159,1513,0.1388
349,1159,1508,0.1388
349,1150,1499,0.1388
347,1162,1509,0.1388
336,1163,1499,0.1388
344,1177,1521,0.1388
347,1170,1517,0.1388
344,1175,1519,0.1388
343,1165,1508,0.1388
343,1175,1518,0.1388
343,1170,1513,0.1388
346,1173,1519,0.1388
344,1161,1505,0.1388
344,1152,1496,0.1388
343,1158,1501,0.1388
348,1153,1501,0.1388
338,1157,1495,0.1388
335,1162,1497,0.1388
331,1163,1494,0.1388
334,1180,1514,0.1388
330,1182,1512,0.1388
327,1186,1513,0.1388
333,1178,1511,0.1388
333,1175,1508,0.1388
329,1172,1501,0.1388
328,1170,1498,0.1388
324,1188,1512,0.1388
321,1194,1515,0.1388
327,1190,1517,0.1388
322,1192,1514,0.1388
319,1204,1523,0.1388
323,1208,1531,0.1388
317,1201,1518,0.1388
315,1197,1512,0.1388
315,1200,1515,0.1388
314,1199,1513,0.1388
317,1193,1510,0.1388
313,1216,1529,0.1388
316,1215,1531,0.1388
315,1201,1516,0.1388
317,1201,1518,0.1388
320,1198,1518,0.1388
316,1194,1510,0.1388
319,1200,1519,0.1388
319,1196,1515,0.1388
313,1191,1504,0.1388
318,1184,1502,0.1388
319,1192,1511,0.1388
310,1181,1491,0.1388
310,1196,1506,0.1388
307,1195,1502,0.1388
310,1195,1505,0.1388
312,1197,1509,0.1388
311,1205,1516,0.1388
300,1205,1505,0.1388
299,1207,1506,0.1388
303,1207,1510,0.1388
303,1209,1512,0.1388
301,1218,1519,0.1388
297,1216,1513,0.1388
297,1222,1519,0.1388
295,1219,1514,0.1388
296,1218,1514,0.1388
299,1224,1523,0.1388
299,1208,1507,0.1388
298,1213,1511,0.1388
299,1215,1514,0.1388
303,1209,1512,0.1388
298,1218,1516,0.1388
299,1215,1514,0.1388
295,1219,1514,0.1388
297,1217,1514,0.1388
293,1217,1510,0.1388
298,1220,1518,0.1388
290,1213,1503,0.1388
295,1222,1517,0.1388
295,1220,1515,0.1388
296,1225,1521,0.1388
293,1229,1522,0.1388
298,1230,1528,0.1388
285,1221,1506,0.1388
286,1227,1513,0.1388
290,1230,1520,0.1388
290,1228,1518,0.1388
295,1226,1521,0.1388
290,1236,1526,0.1388
288,1229,1517,0.1388
285,1233,1518,0.1388
284,1220,1504,0.1388
278,1222,1500,0.1388
279,1231,1510,0.1388
276,1240,1516,0.1388
274,1220,1494,0.1388
276,1221,1497,0.1388
271,1230,1501,0.1388
272,1225,1497,0.1388
280,1230,1510,0.1388
283,1233,1516,0.1388
282,1230,1512,0.1388
285,1228,1513,0.1388
284,1229,1513,0.1388
290,1233,1523,0.1388
295,1239,1534,0.1388
295,1233,1528,0.1388
290,1243,1533,0.1388
287,1244,1531,0.1388
281,1240,1521,0.1388
289,1227,1516,0.1388
294,1233,1527,0.1388
290,1218,1508,0.1388
289,1210,1499,0.1388
283,1227,1510,0.1388
285,1225,1510,0.1388
290,1236,1526,0.1388
293,1233,1526,0.1388
292,1230,1522,0.1388
289,1221,1510,0.1388
285,1216,1501,0.1388
287,1222,1509,0.1388
285,1224,1509,0.1388
286,1235,1521,0.1388
287,1233,1520,0.1388
281,1222,1503,0.1388
275,1219,1494,0.1388
275,1233,1508,0.1388
277,1227,1504,0.1388
278,1238,1516,0.1388
281,1244,1525,0.1388
287,1246,1533,0.1388
286,1247,1533,0.1388
280,1231,1511,0.1388
282,1217,1499,0.1388
282,1223,1505,0.1388
278,1229,1507,0.1388
277,1237,1514,0.1388
278,1236,1514,0.1388
271,1241,1512,0.1388
277,1239,1516,0.1388
276,1236,1512,0.1388
274,1240,1514,0.1388
277,1242,1519,0.1388
276,1240,1516,0.1388
274,1237,1511,0.1388
269,1232,1501,0.1388
270,1237,1507,0.1388
269,1246,1515,0.1388
274,1242,1516,0.1388
269,1254,1523,0.1388
272,1248,1520,0.1388
272,1248,1520,0.1388
279,1225,1504,0.1388
277,1224,1501,0.1388
278,1225,1503,0.1388
276,1235,1511,0.1388
280,1228,1508,0.1388
278,1223,1501,0.1388
272,1232,1504,0.1388
272,1238,1510,0.1388
263,1244,1507,0.1388
265,1235,1500,0.1388
267,1252,1519,0.1388
263,1252,1515,0.1388
260,1259,1519,0.1388
258,1262,1520,0.1388
253,1259,1512,0.1388
242,1266,1508,0.1388
243,1261,1504,0.1388
242,1254,1496,0.1388
241,1257,1498,0.1388
243,1261,1504,0.1388
249,1279,1528,0.1388
247,1267,1514,0.1388
249,1270,1519,0.1388
246,1264,1510,0.1388
247,1262,1509,0.1388
248,1264,1512,0.1388
248,1257,1505,0.1388
243,1258,1501,0.1388
242,1266,1508,0.1388
247,1263,1510,0.1388
247,1271,1518,0.1388
240,1267,1507,0.1388
236,1269,1505,0.1388
232,1286,1518,0.1388
231,1290,1521,0.1388
225,1293,1518,0.1388
219,1283,1502,0.1388
218,1282,1500,0.1388
216,1286,1502,0.1388
217,1292,1509,0.1388
221,1290,1511,0.1388
223,1282,1505,0.1388
224,1291,1515,0.1388
218,1279,1497,0.1388
214,1276,1490,0.1388
220,1284,1504,0.1388
222,1294,1516,0.1388
224,1284,1508,0.1388
225,1282,1507,0.1388
227,1291,1518,0.1388
229,1288,1517,0.1388
226,1297,1523,0.1388
223,1302,1525,0.1388
217,1303,1520,0.1388
218,1301,1519,0.1388
217,1304,1521,0.1388
215,1308,1523,0.1388
211,1314,1525,0.1388
210,1316,1526,0.1388
206,1318,1524,0.1388
208,1300,1508,0.1388
214,1291,1505,0.1388
214,1293,1507,0.1388
213,1300,1513,0.1388
211,1295,1506,0.1388
212,1299,1511,0.1388
213,1297,1510,0.1388
208,1291,1499,0.1388
206,1290,1496,0.1388
205,1300,1505,0.1388
204,1313,1517,0.1388
205,1317,1522,0.1388
209,1313,1522,0.1388
209,1310,1519,0.1388
205,1310,1515,0.1388
210,1308,1518,0.1388
210,1300,1510,0.1388
213,1302,1515,0.1388
209,1309,1518,0.1388
216,1307,1523,0.1388
219,1303,1522,0.1388
215,1297,1512,0.1388
212,1305,1517,0.1388
207,1297,1504,0.1388
209,1304,1513,0.1388
207,1314,1521,0.1388
208,1308,1516,0.1388
202,1305,1507,0.1388
208,1315,1523,0.1388
212,1310,1522,0.1388
210,1300,1510,0.1388
211,1301,1512,0.1388
212,1307,1519,0.1388
210,1300,1510,0.1388
210,1300,1510,0.1388
208,1301,1509,0.1388
208,1310,1518,0.1388
212,1314,1526,0.1388
213,1313,1526,0.1388
215,1292,1507,0.1388
222,1300,1522,0.1388
216,1299,1515,0.1388
215,1303,1518,0.1388
213,1297,1510,0.1388
213,1305,1518,0.1388
214,1308,1522,0.1388
216,1302,1518,0.1388
219,1287,1506,0.1388
214,1281,1495,0.1388
214,1277,1491,0.1388
210,1284,1494,0.1388
210,1288,1498,0.1388
206,1305,1511,0.1388
203,1312,1515,0.1388
207,1308,1515,0.1388
210,1314,1524,0.1388
213,1300,1513,0.1388
209,1295,1504,0.1388
207,1299,1506,0.1388
210,1305,1515,0.1388
208,1307,1515,0.1388
204,1318,1522,0.1388
200,1319,1519,0.1388
195,1335,1530,0.1388
194,1323,1517,0.1388
193,1315,1508,0.1388
192,1316,1508,0.1388
190,1321,1511,0.1388
190,1318,1508,0.1388
192,1313,1505,0.1388
192,1307,1499,0.1388
188,1310,1498,0.1388
190,1321,1511,0.1388
189,1322,1511,0.1388
187,1325,1512,0.1388
185,1322,1507,0.1388
184,1325,1509,0.1388
181,1328,1509,0.1388
185,1332,1517,0.1388
180,1328,1508,0.1388
179,1321,1500,0.1388
180,1324,1504,0.1388
181,1333,1514,0.1388
180,1331,1511,0.1388
184,1342,1526,0.1388
181,1332,1513,0.1388
181,1324,1505,0.1388
184,1322,1506,0.1388
183,1326,1509,0.1388
182,1330,1512,0.1388
183,1322,1505,0.1388
185,1318,1503,0.1388
182,1324,1506,0.1388
180,1326,1506,0.1388
181,1330,1511,0.1388
179,1332,1511,0.1388
185,1338,1523,0.1388
186,1336,1522,0.1388
185,1340,1525,0.1388
182,1337,1519,0.1388
179,1321,1500,0.1388
176,1328,1504,0.1388
174,1331,1505,0.1388
176,1328,1504,0.1388
176,1339,1515,0.1388
180,1330,1510,0.1388
181,1331,1512,0.1388
183,1329,1512,0.1388
181,1314,1495,0.1388
178,1330,1508,0.1388
176,1331,1507,0.1388
170,1329,1499,0.1388
169,1343,1512,0.1388
170,1341,1511,0.1388
167,1344,1511,0.1388
164,1343,1507,0.1388
166,1345,1511,0.1388
171,1345,1516,0.1388
171,1339,1510,0.1388
166,1339,1505,0.1388
166,1347,1513,0.1388
172,1352,1524,0.1388
171,1340,1511,0.1388
169,1341,1510,0.1388
162,1351,1513,0.1388
160,1358,1518,0.1388
157,1352,1509,0.1388
158,1346,1504,0.1388
159,1356,1515,0.1388
161,1354,1515,0.1388
160,1361,1521,0.1388
157,1361,1518,0.1388
155,1356,1511,0.1388
155,1347,1502,0.1388
155,1356,1511,0.1388
152,1353,1505,0.1388
152,1353,1505,0.1388
157,1366,1523,0.1388
158,1367,1525,0.1388
153,1360,1513,0.1388
154,1374,1528,0.1388
153,1373,1526,0.1388
152,1362,1514,0.1388
152,1367,1519,0.1388
151,1368,1519,0.1388
148,1356,1504,0.1388
152,1359,1511,0.1388
154,1362,1516,0.1388
157,1358,1515,0.1388
154,1355,1509,0.1388
153,1348,1501,0.1388
149,1351,1500,0.1388
151,1356,1507,0.1388
150,1358,1508,0.1388
145,1367,1512,0.1388
146,1363,1509,0.1388
152,1362,1514,0.1388
152,1364,1516,0.1388
152,1375,1527,0.1388
152,1370,1522,0.1388
143,1364,1507,0.1388
146,1363,1509,0.1388
148,1373,1521,0.1388
145,1365,1510,0.1388
145,1361,1506,0.1388
142,1382,1524,0.1388
140,1374,1514,0.1388
140,1380,1520,0.1388
137,1370,1507,0.1388
134,1375,1509,0.1388
132,1374,1506,0.1388
133,1374,1507,0.1388
134,1368,1502,0.1388
133,1376,1509,0.1388
133,1376,1509,0.1388
133,1375,1508,0.1388
135,1380,1515,0.1388
137,1386,1523,0.1388
136,1397,1533,0.1388
133,1393,1526,0.1388
130,1380,1510,0.1388
127,1388,1515,0.1388
129,1384,1513,0.1388
132,1378,1510,0.1388
130,1382,1512,0.1388
129,1384,1513,0.1388
128,1385,1513,0.1388
127,1376,1503,0.1388
127,1384,1511,0.1388
127,1390,1517,0.1388
128,1392,1520,0.1388
130,1386,1516,0.1388
130,1377,1507,0.1388
129,1369,1498,0.1388
131,1381,1512,0.1388
129,1374,1503,0.1388
128,1386,1514,0.1388
131,1388,1519,0.1388
130,1379,1509,0.1388
130,1388,1518,0.1388
126,1394,1520,0.1388
124,1393,1517,0.1388
125,1405,1530,0.1388
127,1390,1517,0.1388
126,1380,1506,0.1388
124,1385,1509,0.1388
124,1384,1508,0.1388
125,1389,1514,0.1388
127,1396,1523,0.1388
125,1392,1517,0.1388
126,1391,1517,0.1388
126,1384,1510,0.1388
126,1388,1514,0.1388
126,1399,1525,0.1388
123,1401,1524,0.1388
122,1403,1525,0.1388
121,1398,1519,0.1388
124,1388,1512,0.1388
123,1390,1513,0.1388
122,1400,1522,0.1388
121,1408,1529,0.1388
119,1409,1528,0.1388
122,1403,1525,0.1388
119,1394,1513,0.1388
118,1389,1507,0.1388
118,1382,1500,0.1388
115,1385,1500,0.1388
115,1386,1501,0.1388
116,1386,1502,0.1388
116,1385,1501,0.1388
121,1384,1505,0.1388
123,1393,1516,0.1388
120,1393,1513,0.1388
119,1390,1509,0.1388
113,1393,1506,0.1388
114,1403,1517,0.1388
116,1407,1523,0.1388
114,1402,1516,0.1388
113,1404,1517,0.1388
116,1405,1521,0.1388
115,1407,1522,0.1388
112,1407,1519,0.1388
112,1395,1507,0.1388
113,1396,1509,0.1388
111,1396,1507,0.1388
111,1388,1499,0.1388
108,1401,1509,0.1388
107,1422,1529,0.1388
109,1419,1528,0.1388
109,1415,1524,0.1388
108,1406,1514,0.1388
105,1413,1518,0.1388
105,1416,1521,0.1388
103,1424,1527,0.1388
103,1420,1523,0.1388
103,1416,1519,0.1388
106,1415,1521,0.1388
104,1423,1527,0.1388
102,1410,1512,0.1388
101,1412,1513,0.1388
99,1406,1505,0.1388
100,1410,1510,0.1388
100,1410,1510,0.1388
100,1402,1502,0.1388
98,1396,1494,0.1388
94,1418,1512,0.1388
96,1425,1521,0.1388
96,1410,1506,0.1388
95,1404,1499,0.1388
95,1403,1498,0.1388
95,1411,1506,0.1388
97,1410,1507,0.1388
97,1408,1505,0.1388
97,1418,1515,0.1388
98,1418,1516,0.1388
94,1425,1519,0.1388
93,1419,1512,0.1388
95,1415,1510,0.1388
99,1415,1514,0.1388
99,1413,1512,0.1388
102,1419,1521,0.1388
102,1417,1519,0.1388
102,1420,1522,0.1388
100,1424,1524,0.1388
99,1419,1518,0.1388
95,1421,1516,0.1388
98,1423,1521,0.1388
96,1418,1514,0.1388
94,1421,1515,0.1388
95,1410,1505,0.1388
95,1420,1515,0.1388
97,1420,1517,0.1388
97,1417,1514,0.1388
97,1410,1507,0.1388
95,1418,1513,0.1388
95,1431,1526,0.1388
101,1417,1518,0.1388
98,1416,1514,0.1388
97,1416,1513,0.1388
96,1409,1505,0.1388
94,1408,1502,0.1388
100,1425,1525,0.1388
95,1428,1523,0.1388
96,1421,1517,0.1388
98,1420,1518,0.1388
97,1417,1514,0.1388
101,1421,1522,0.1388
99,1414,1513,0.1388
98,1417,1515,0.1388
101,1406,1507,0.1388
98,1415,1513,0.1388
100,1417,1517,0.1388
101,1421,1522,0.1388
100,1420,1520,0.1388
101,1423,1524,0.1388
102,1423,1525,0.1388
100,1432,1532,0.1388
99,1424,1523,0.1388
99,1413,1512,0.1388
102,1415,1517,0.1388
100,1410,1510,0.1388
101,1418,1519,0.1388
98,1418,1516,0.1388
96,1416,1512,0.1388
99,1418,1517,0.1388
96,1422,1518,0.1388
98,1416,1514,0.1388
97,1414,1511,0.1388
98,1427,1525,0.1388
96,1427,1523,0.1388
94,1437,1531,0.1388
96,1430,1526,0.1388
99,1417,1516,0.1388
101,1423,1524,0.1388
100,1416,1516,0.1388
100,1421,1521,0.1388
102,1405,1507,0.1388
105,1395,1500,0.1388
108,1399,1507,0.1388
110,1409,1519,0.1388
107,1403,1510,0.1388
110,1413,1523,0.1388
112,1417,1529,0.1388
114,1406,1520,0.1388
113,1410,1523,0.1388
111,1408,1519,0.1388
109,1416,1525,0.1388
109,1410,1519,0.1388
108,1405,1513,0.1388
106,1390,1496,0.1388
110,1394,1504,0.1388
111,1407,1518,0.1388
113,1409,1522,0.1388
112,1411,1523,0.1388
113,1410,1523,0.1388
116,1418,1534,0.1388
111,1400,1511,0.1388
110,1405,1515,0.1388
110,1413,1523,0.1388
111,1411,1522,0.1388
110,1395,1505,0.1388
108,1397,1505,0.1388
108,1402,1510,0.1388
105,1409,1514,0.1388
103,1416,1519,0.1388
103,1413,1516,0.1388
102,1408,1510,0.1388
105,1418,1523,0.1388
107,1418,1525,0.1388
107,1418,1525,0.1388
110,1402,1512,0.1388
113,1400,1513,0.1388
109,1406,1515,0.1388
108,1413,1521,0.1388
108,1418,1526,0.1388
105,1428,1533,0.1388
108,1416,1524,0.1388
110,1419,1529,0.1388
108,1411,1519,0.1388
105,1407,1512,0.1388
102,1405,1507,0.1388
105,1402,1507,0.1388
109,1411,1520,0.1388
111,1411,1522,0.1388
111,1404,1515,0.1388
109,1408,1517,0.1388
111,1397,1508,0.1388
111,1399,1510,0.1388
112,1407,1519,0.1388
113,1397,1510,0.1388
111,1405,1516,0.1388
108,1406,1514,0.1388
106,1414,1520,0.1388
107,1411,1518,0.1388
105,1414,1519,0.1388
105,1415,1520,0.1388
103,1416,1519,0.1388
102,1419,1521,0.1388
102,1418,1520,0.1388
101,1428,1529,0.1388
99,1431,1530,0.1388
102,1415,1517,0.1388
105,1413,1518,0.1388
106,1410,1516,0.1388
104,1425,1529,0.1388
103,1417,1520,0.1388
105,1409,1514,0.1388
101,1409,1510,0.1388
100,1417,1517,0.1388
101,1427,1528,0.1388
99,1418,1517,0.1388
100,1421,1521,0.1388
96,1418,1514,0.1388
99,1426,1525,0.1388
98,1412,1510,0.1388
93,1407,1500,0.1388
96,1407,1503,0.1388
93,1415,1508,0.1388
93,1423,1516,0.1388
93,1404,1497,0.1388
96,1408,1504,0.1388
96,1400,1496,0.1388
96,1396,1492,0.1388
96,1404,1500,0.1388
96,1410,1506,0.1388
98,1402,1500,0.1388
100,1403,1503,0.1388
92,1400,1492,0.1388
93,1413,1506,0.1388
98,1415,1513,0.1388
101,1415,1516,0.1388
98,1416,1514,0.1388
100,1408,1508,0.1388
103,1411,1514,0.1388
101,1429,1530,0.1388
97,1424,1521,0.1388
99,1419,1518,0.1388
98,1424,1522,0.1388
95,1419,1514,0.1388
95,1423,1518,0.1388
94,1421,1515,0.1388
93,1416,1509,0.1388
91,1444,1535,0.1388
90,1437,1527,0.1388
89,1428,1517,0.1388
92,1410,1502,0.1388
89,1415,1504,0.1388
88,1421,1509,0.1388
90,1408,1498,0.1388
89,1410,1499,0.1388
90,1410,1500,0.1388
87,1419,1506,0.1388
89,1418,1507,0.1388
87,1417,1504,0.1388
88,1416,1504,0.1388
89,1421,1510,0.1388
90,1421,1511,0.1388
93,1430,1523,0.1388
92,1428,1520,0.1388
90,1439,1529,0.1388
89,1434,1523,0.1388
90,1431,1521,0.1388
92,1443,1535,0.1388
93,1442,1535,0.1388
95,1433,1528,0.1388
93,1433,1526,0.1388
92,1421,1513,0.1388
94,1421,1515,0.1388
95,1416,1511,0.1388
95,1428,1523,0.1388
93,1418,1511,0.1388
95,1414,1509,0.1388
97,1406,1503,0.1388
96,1412,1508,0.1388
97,1390,1487,0.1388
92,1384,1476,0.1388
89,1389,1478,0.1388
90,1403,1493,0.1388
88,1408,1496,0.1388
90,1419,1509,0.1388
91,1414,1505,0.1388
93,1425,1518,0.1388
94,1426,1520,0.1388
94,1424,1518,0.1388
93,1425,1518,0.1388
95,1416,1511,0.1388
97,1429,1526,0.1388
99,1416,1515,0.1388
98,1421,1519,0.1388
99,1407,1506,0.1388
100,1410,1510,0.1388
99,1413,1512,0.1388
104,1415,1519,0.1388
104,1410,1514,0.1388
102,1405,1507,0.1388
101,1417,1518,0.1388
103,1424,1527,0.1388
104,1401,1505,0.1388
103,1413,1516,0.1388
100,1421,1521,0.1388
100,1419,1519,0.1388
99,1406,1505,0.1388
97,1405,1502,0.1388
96,1415,1511,0.1388
96,1425,1521,0.1388
95,1423,1518,0.1388
97,1414,1511,0.1388
97,1410,1507,0.1388
97,1414,1511,0.1388
104,1410,1514,0.1388
104,1416,1520,0.1388
103,1413,1516,0.1388
103,1409,1512,0.1388
99,1411,1510,0.1388
98,1412,1510,0.1388
100,1424,1524,0.1388
100,1416,1516,0.1388
99,1418,1517,0.1388
98,1403,1501,0.1388
98,1398,1496,0.1388
98,1399,1497,0.1388
95,1403,1498,0.1388
91,1406,1497,0.1388
92,1428,1520,0.1388
99,1424,1523,0.1388
98,1416,1514,0.1388
101,1426,1527,0.1388
102,1426,1528,0.1388
103,1414,1517,0.1388
102,1411,1513,0.1388
101,1408,1509,0.1388
97,1398,1495,0.1388
99,1406,1505,0.1388
104,1407,1511,0.1388
103,1412,1515,0.1388
104,1409,1513,0.1388
101,1407,1508,0.1388
103,1415,1518,0.1388
101,1398,1499,0.1388
102,1413,1515,0.1388
102,1416,1518,0.1388
101,1417,1518,0.1388
99,1404,1503,0.1388
98,1412,1510,0.1388
101,1422,1523,0.1388
95,1409,1504,0.1388
92,1413,1505,0.1388
94,1412,1506,0.1388
96,1411,1507,0.1388
97,1411,1508,0.1388
95,1405,1500,0.1388
94,1410,1504,0.1388
92,1415,1507,0.1388
91,1412,1503,0.1388
94,1418,1512,0.1388
95,1437,1532,0.1388
90,1443,1533,0.1388
91,1434,1525,0.1388
90,1418,1508,0.1388
91,1418,1509,0.1388
94,1426,1520,0.1388
91,1421,1512,0.1388
90,1422,1512,0.1388
91,1410,1501,0.1388
88,1418,1506,0.1388
88,1427,1515,0.1388
87,1433,1520,0.1388
86,1426,1512,0.1388
88,1419,1507,0.1388
90,1435,1525,0.1388
90,1441,1531,0.1388
91,1443,1534,0.1388
90,1439,1529,0.1388
88,1441,1529,0.1388
89,1432,1521,0.1388
86,1433,1519,0.1388
86,1426,1512,0.1388
83,1437,1520,0.1388
82,1427,1509,0.1388
82,1437,1519,0.1388
80,1434,1514,0.1388
79,1437,1516,0.1388
79,1434,1513,0.1388
81,1418,1499,0.1388
79,1423,1502,0.1388
79,1420,1499,0.1388
78,1419,1497,0.1388
79,1425,1504,0.1388
78,1427,1505,0.1388
79,1429,1508,0.1388
76,1443,1519,0.1388
77,1432,1509,0.1388
77,1426,1503,0.1388
77,1427,1504,0.1388
75,1428,1503,0.1388
71,1423,1494,0.1388
75,1416,1491,0.1388
76,1411,1487,0.1388
80,1432,1512,0.1388
81,1441,1522,0.1388
82,1437,1519,0.1388
82,1443,1525,0.1388
83,1425,1508,0.1388
82,1423,1505,0.1388
82,1414,1496,0.1388
82,1436,1518,0.1388
79,1443,1522,0.1388
80,1431,1511,0.1388
81,1440,1521,0.1388
81,1446,1527,0.1388
81,1451,1532,0.1388
82,1453,1535,0.1388
80,1448,1528,0.1388
78,1444,1522,0.1388
77,1434,1511,0.1388
78,1438,1516,0.1388
76,1443,1519,0.1388
75,1457,1532,0.1388
75,1454,1529,0.1388
73,1450,1523,0.1388
75,1434,1509,0.1388
76,1439,1515,0.1388
79,1432,1511,0.1388
80,1439,1519,0.1388
81,1436,1517,0.1388
80,1444,1524,0.1388
78,1438,1516,0.1388
78,1446,1524,0.1388
80,1446,1526,0.1388
79,1431,1510,0.1388
77,1436,1513,0.1388
82,1433,1515,0.1388
79,1420,1499,0.1388
79,1431,1510,0.1388
79,1421,1500,0.1388
79,1428,1507,0.1388
79,1436,1515,0.1388
78,1437,1515,0.1388
81,1425,1506,0.1388
79,1428,1507,0.1388
76,1442,1518,0.1388
75,1443,1518,0.1388
76,1440,1516,0.1388
76,1427,1503,0.1388
79,1437,1516,0.1388
79,1444,1523,0.1388
80,1445,1525,0.1388
78,1439,1517,0.1388
77,1444,1521,0.1388
75,1441,1516,0.1388
75,1434,1509,0.1388
76,1427,1503,0.1388
77,1429,1506,0.1388
76,1415,1491,0.1388
73,1434,1507,0.1388
72,1440,1512,0.1388
72,1451,1523,0.1388
73,1450,1523,0.1388
76,1456,1532,0.1388
75,1445,1520,0.1388
76,1442,1518,0.1388
74,1445,1519,0.1388
75,1440,1515,0.1388
73,1448,1521,0.1388
75,1445,1520,0.1388
76,1435,1511,0.1388
74,1438,1512,0.1388
73,1441,1514,0.1388
72,1441,1513,0.1388
71,1434,1505,0.1388
73,1436,1509,0.1388
77,1451,1528,0.1388
76,1442,1518,0.1388
77,1447,1524,0.1388
76,1447,1523,0.1388
78,1435,1513,0.1388
79,1441,1520,0.1388
75,1436,1511,0.1388
75,1434,1509,0.1388
75,1443,1518,0.1388
75,1429,1504,0.1388
72,1437,1509,0.1388
71,1436,1507,0.1388
70,1426,1496,0.1388
73,1431,1504,0.1388
73,1440,1513,0.1388
72,1438,1510,0.1388
72,1436,1508,0.1388
74,1435,1509,0.1388
76,1442,1518,0.1388
76,1451,1527,0.1388
77,1456,1533,0.1388
77,1445,1522,0.1388
74,1453,1527,0.1388
74,1441,1515,0.1388
73,1440,1513,0.1388
71,1446,1517,0.1388
72,1443,1515,0.1388
74,1435,1509,0.1388
77,1441,1518,0.1388
78,1439,1517,0.1388
78,1438,1516,0.1388
76,1430,1506,0.1388
72,1435,1507,0.1388
76,1437,1513,0.1388
78,1425,1503,0.1388
75,1423,1498,0.1388
73,1435,1508,0.1388
72,1433,1505,0.1388
73,1440,1513,0.1388
67,1444,1511,0.1388
66,1437,1503,0.1388
65,1441,1506,0.1388
68,1448,1516,0.1388
69,1447,1516,0.1388
62,1450,1512,0.1388
61,1455,1516,0.1388
59,1462,1521,0.1388
61,1465,1526,0.1388
62,1458,1520,0.1388
60,1464,1524,0.1388
60,1461,1521,0.1388
59,1474,1533,0.1388
59,1463,1522,0.1388
58,1464,1522,0.1388
57,1454,1511,0.1388
57,1455,1512,0.1388
56,1458,1514,0.1388
56,1453,1509,0.1388
55,1457,1512,0.1388
58,1453,1511,0.1388
58,1458,1516,0.1388
56,1453,1509,0.1388
56,1457,1513,0.1388
56,1455,1511,0.1388
53,1456,1509,0.1388
52,1461,1513,0.1388
53,1455,1508,0.1388
56,1455,1511,0.1388
56,1458,1514,0.1388
56,1464,1520,0.1388
53,1443,1496,0.1388
54,1461,1515,0.1388
53,1476,1529,0.1388
52,1462,1514,0.1388
52,1452,1504,0.1388
51,1457,1508,0.1388
54,1474,1528,0.1388
55,1468,1523,0.1388
55,1453,1508,0.1388
55,1468,1523,0.1388
55,1476,1531,0.1388
59,1465,1524,0.1388
59,1467,1526,0.1388
60,1468,1528,0.1388
59,1464,1523,0.1388
58,1464,1522,0.1388
58,1453,1511,0.1388
54,1454,1508,0.1388
55,1464,1519,0.1388
54,1467,1521,0.1388
54,1451,1505,0.1388
52,1469,1521,0.1388
52,1474,1526,0.1388
51,1468,1519,0.1388
51,1467,1518,0.1388
51,1452,1503,0.1388
49,1463,1512,0.1388
53,1461,1514,0.1388
53,1466,1519,0.1388
53,1465,1518,0.1388
47,1471,1518,0.1388
47,1474,1521,0.1388
48,1468,1516,0.1388
50,1462,1512,0.1388
48,1474,1522,0.1388
48,1464,1512,0.1388
49,1468,1517,0.1388
51,1463,1514,0.1388
50,1470,1520,0.1388
50,1469,1519,0.1388
48,1473,1521,0.1388
48,1462,1510,0.1388
52,1462,1514,0.1388
52,1466,1518,0.1388
50,1465,1515,0.1388
47,1464,1511,0.1388
46,1455,1501,0.1388
44,1456,1500,0.1388
45,1457,1502,0.1388
45,1471,1516,0.1388
43,1475,1518,0.1388
43,1464,1507,0.1388
41,1469,1510,0.1388
41,1476,1517,0.1388
42,1473,1515,0.1388
43,1475,1518,0.1388
42,1457,1499,0.1388
42,1456,1498,0.1388
43,1450,1493,0.1388
41,1464,1505,0.1388
44,1478,1522,0.1388
46,1465,1511,0.1388
46,1464,1510,0.1388
46,1477,1523,0.1388
46,1482,1528,0.1388
45,1463,1508,0.1388
45,1472,1517,0.1388
45,1475,1520,0.1388
45,1480,1525,0.1388
46,1468,1514,0.1388
46,1471,1517,0.1388
44,1464,1508,0.1388
44,1467,1511,0.1388
41,1474,1515,0.1388
41,1470,1511,0.1388
42,1479,1521,0.1388
43,1485,1528,0.1388
42,1481,1523,0.1388
42,1485,1527,0.1388
41,1470,1511,0.1388
39,1479,1518,0.1388
40,1469,1509,0.1388
40,1485,1525,0.1388
40,1475,1515,0.1388
40,1473,1513,0.1388
40,1471,1511,0.1388
39,1465,1504,0.1388
38,1459,1497,0.1388
38,1480,1518,0.1388
39,1483,1522,0.1388
39,1482,1521,0.1388
41,1481,1522,0.1388
41,1495,1536,0.1388
42,1506,1548,0.1388
40,1492,1532,0.1388
43,1497,1540,0.1388
39,1491,1530,0.1388
37,1480,1517,0.1388
38,1479,1517,0.1388
40,1481,1521,0.1388
39,1475,1514,0.1388
38,1470,1508,0.1388
40,1472,1512,0.1388
38,1468,1506,0.1388
36,1470,1506,0.1388
36,1474,1510,0.1388
37,1464,1501,0.1388
39,1472,1511,0.1388
39,1466,1505,0.1388
40,1463,1503,0.1388
42,1483,1525,0.1388
39,1491,1530,0.1388
37,1476,1513,0.1388
35,1463,1498,0.1388
34,1463,1497,0.1388
36,1463,1499,0.1388
36,1468,1504,0.1388
36,1478,1514,0.1388
37,1478,1515,0.1388
36,1483,1519,0.1388
37,1477,1514,0.1388
37,1483,1520,0.1388
37,1488,1525,0.1388
38,1492,1530,0.1388
38,1493,1531,0.1388
37,1485,1522,0.1388
38,1493,1531,0.1388
37,1485,1522,0.1388
36,1481,1517,0.1388
36,1485,1521,0.1388
36,1493,1529,0.1388
33,1481,1514,0.1388
32,1484,1516,0.1388
31,1485,1516,0.1388
32,1498,1530,0.1388
31,1497,1528,0.1388
31,1470,1501,0.1388
31,1467,1498,0.1388
30,1475,1505,0.1388
30,1482,1512,0.1388
31,1477,1508,0.1388
31,1477,1508,0.1388
29,1483,1512,0.1388
29,1488,1517,0.1388
29,1487,1516,0.1388
29,1493,1522,0.1388
27,1472,1499,0.1388
28,1473,1501,0.1388
27,1477,1504,0.1388
27,1473,1500,0.1388
27,1471,1498,0.1388
30,1479,1509,0.1388
30,1486,1516,0.1388
30,1488,1518,0.1388
29,1490,1519,0.1388
28,1472,1500,0.1388
30,1468,1498,0.1388
28,1497,1525,0.1388
28,1493,1521,0.1388
28,1488,1516,0.1388
28,1494,1522,0.1388
26,1477,1503,0.1388
27,1486,1513,0.1388
30,1491,1521,0.1388
30,1491,1521,0.1388
32,1470,1502,0.1388
32,1488,1520,0.1388
31,1477,1508,0.1388
32,1493,1525,0.1388
34,1485,1519,0.1388
31,1475,1506,0.1388
31,1464,1495,0.1388
31,1460,1491,0.1388
32,1468,1500,0.1388
32,1480,1512,0.1388
31,1488,1519,0.1388
31,1493,1524,0.1388
31,1494,1525,0.1388
32,1512,1544,0.1388
31,1492,1523,0.1388
30,1494,1524,0.1388
32,1483,1515,0.1388
32,1474,1506,0.1388
32,1480,1512,0.1388
29,1493,1522,0.1388
28,1488,1516,0.1388
28,1487,1515,0.1388
29,1486,1515,0.1388
28,1496,1524,0.1388
27,1501,1528,0.1388
27,1504,1531,0.1388
28,1499,1527,0.1388
26,1491,1517,0.1388
25,1482,1507,0.1388
25,1493,1518,0.1388
25,1494,1519,0.1388
23,1496,1519,0.1388
24,1485,1509,0.1388
26,1494,1520,0.1388
27,1492,1519,0.1388
29,1495,1524,0.1388
31,1487,1518,0.1388
32,1487,1519,0.1388
32,1488,1520,0.1388
32,1483,1515,0.1388
32,1479,1511,0.1388
31,1493,1524,0.1388
29,1472,1501,0.1388
28,1479,1507,0.1388
26,1484,1510,0.1388
24,1486,1510,0.1388
26,1485,1511,0.1388
24,1482,1506,0.1388
24,1480,1504,0.1388
24,1481,1505,0.1388
25,1487,1512,0.1388
26,1494,1520,0.1388
27,1491,1518,0.1388
27,1490,1517,0.1388
29,1489,1518,0.1388
27,1482,1509,0.1388
26,1479,1505,0.1388
28,1476,1504,0.1388
28,1484,1512,0.1388
29,1486,1515,0.1388
28,1496,1524,0.1388
29,1492,1521,0.1388
29,1489,1518,0.1388
28,1500,1528,0.1388
26,1496,1522,0.1388
26,1507,1533,0.1388
26,1499,1525,0.1388
28,1498,1526,0.1388
28,1496,1524,0.1388
26,1494,1520,0.1388
26,1481,1507,0.1388
28,1488,1516,0.1388
26,1501,1527,0.1388
26,1493,1519,0.1388
25,1486,1511,0.1388
27,1491,1518,0.1388
28,1492,1520,0.1388
27,1491,1518,0.1388
28,1482,1510,0.1388
28,1472,1500,0.1388
28,1471,1499,0.1388
27,1486,1513,0.1388
24,1494,1518,0.1388
25,1496,1521,0.1388
24,1496,1520,0.1388
24,1490,1514,0.1388
24,1491,1515,0.1388
21,1493,1514,0.1388
21,1486,1507,0.1388
20,1487,1507,0.1388
20,1503,1523,0.1388
20,1502,1522,0.1388
20,1500,1520,0.1388
19,1494,1513,0.1388
19,1493,1512,0.1388
19,1493,1512,0.1388
20,1498,1518,0.1388
18,1497,1515,0.1388
18,1496,1514,0.1388
18,1509,1527,0.1388
20,1503,1523,0.1388
21,1497,1518,0.1388
20,1484,1504,0.1388
21,1483,1504,0.1388
21,1489,1510,0.1388
22,1479,1501,0.1388
22,1476,1498,0.1388
22,1485,1507,0.1388
22,1495,1517,0.1388
23,1493,1516,0.1388
23,1492,1515,0.1388
21,1488,1509,0.1388
20,1495,1515,0.1388
19,1483,1502,0.1388
17,1486,1503,0.1388
18,1473,1491,0.1388
18,1471,1489,0.1388
18,1484,1502,0.1388
18,1502,1520,0.1388
20,1495,1515,0.1388
20,1492,1512,0.1388
22,1488,1510,0.1388
20,1486,1506,0.1388
22,1490,1512,0.1388
23,1489,1512,0.1388
21,1498,1519,0.1388
21,1495,1516,0.1388
22,1493,1515,0.1388
21,1507,1528,0.1388
20,1507,1527,0.1388
21,1503,1524,0.1388
22,1508,1530,0.1388
22,1506,1528,0.1388
22,1496,1518,0.1388
23,1508,1531,0.1388
23,1503,1526,0.1388
22,1503,1525,0.1388
23,1505,1528,0.1388
23,1491,1514,0.1388
23,1488,1511,0.1388
22,1491,1513,0.1388
21,1500,1521,0.1388
21,1506,1527,0.1388
23,1500,1523,0.1388
24,1505,1529,0.1388
25,1501,1526,0.1388
24,1499,1523,0.1388
23,1484,1507,0.1388
24,1505,1529,0.1388
24,1495,1519,0.1388
22,1501,1523,0.1388
23,1497,1520,0.1388
22,1493,1515,0.1388
22,1480,1502,0.1388
21,1481,1502,0.1388
21,1469,1490,0.1388
21,1482,1503,0.1388
20,1481,1501,0.1388
21,1494,1515,0.1388
21,1494,1515,0.1388
20,1486,1506,0.1388
20,1495,1515,0.1388
20,1496,1516,0.1388
21,1494,1515,0.1388
21,1505,1526,0.1388
20,1505,1525,0.1388
21,1498,1519,0.1388
19,1501,1520,0.1388
17,1510,1527,0.1388
17,1502,1519,0.1388
18,1502,1520,0.1388
17,1503,1520,0.1388
17,1511,1528,0.1388
17,1502,1519,0.1388
18,1500,1518,0.1388
15,1502,1517,0.1388
14,1505,1519,0.1388
15,1510,1525,0.1388
16,1501,1517,0.1388
15,1512,1527,0.1388
14,1506,1520,0.1388
14,1511,1525,0.1388
15,1503,1518,0.1388
14,1502,1516,0.1388
14,1491,1505,0.1388
14,1493,1507,0.1388
14,1506,1520,0.1388
14,1521,1535,0.1388
14,1507,1521,0.1388
14,1496,1510,0.1388
14,1507,1521,0.1388
14,1508,1522,0.1388
14,1517,1531,0.1388
14,1507,1521,0.1388
14,1502,1516,0.1388
14,1507,1521,0.1388
15,1503,1518,0.1388
14,1493,1507,0.1388
14,1496,1510,0.1388
15,1506,1521,0.1388
14,1505,1519,0.1388
15,1514,1529,0.1388
15,1498,1513,0.1388
14,1510,1524,0.1388
14,1504,1518,0.1388
14,1507,1521,0.1388
14,1504,1518,0.1388
14,1508,1522,0.1388
15,1510,1525,0.1388
16,1504,1520,0.1388
16,1510,1526,0.1388
15,1505,1520,0.1388
15,1516,1531,0.1388
14,1506,1520,0.1388
11,1500,1511,0.1388
11,1517,1528,0.1388
11,1508,1519,0.1388
11,1502,1513,0.1388
11,1495,1506,0.1388
11,1503,1514,0.1388
12,1509,1521,0.1388
12,1500,1512,0.1388
11,1501,1512,0.1388
9,1497,1506,0.1388
9,1510,1519,0.1388
8,1515,1523,0.1388
8,1502,1510,0.1388
9,1492,1501,0.1388
9,1499,1508,0.1388
9,1493,1502,0.1388
10,1491,1501,0.1388
10,1513,1523,0.1388
10,1515,1525,0.1388
10,1499,1509,0.1388
10,1493,1503,0.1388
10,1501,1511,0.1388
9,1498,1507,0.1388
9,1500,1509,0.1388
9,1498,1507,0.1388
9,1488,1497,0.1388
9,1487,1496,0.1388
10,1500,1510,0.1388
10,1498,1508,0.1388
11,1500,1511,0.1388
10,1499,1509,0.1388
10,1501,1511,0.1388
10,1500,1510,0.1388
10,1491,1501,0.1388
10,1489,1499,0.1388
9,1499,1508,0.1388
9,1506,1515,0.1388
9,1499,1508,0.1388
9,1494,1503,0.1388
9,1497,1506,0.1388
8,1505,1513,0.1388
6,1506,1512,0.1388
5,1505,1510,0.1388
5,1505,1510,0.1388
5,1509,1514,0.1388
5,1515,1520,0.1388
5,1522,1527,0.1388
6,1515,1521,0.1388
6,1503,1509,0.1388
6,1502,1508,0.1388
6,1502,1508,0.1388
6,1509,1515,0.1388
6,1498,1504,0.1388
4,1507,1511,0.1388
4,1516,1520,0.1388
5,1518,1523,0.1388
5,1504,1509,0.1388
4,1496,1500,0.1388
4,1507,1511,0.1388
4,1508,1512,0.1388
4,1514,1518,0.1388
4,1514,1518,0.1388
4,1518,1522,0.1388
4,1529,1533,0.1388
4,1520,1524,0.1388
4,1511,1515,0.1388
4,1514,1518,0.1388
4,1521,1525,0.1388
4,1515,1519,0.1388
4,1509,1513,0.1388
4,1514,1518,0.1388
4,1497,1501,0.1388
4,1505,1509,0.1388
3,1505,1508,0.1388
3,1505,1508,0.1388
3,1522,1525,0.1388
3,1512,1515,0.1388
4,1508,1512,0.1388
4,1500,1504,0.1388
4,1494,1498,0.1388
4,1493,1497,0.1388
4,1507,1511,0.1388
4,1519,1523,0.1388
4,1509,1513,0.1388
4,1510,1514,0.1388
4,1511,1515,0.1388
4,1502,1506,0.1388
4,1492,1496,0.1388
4,1506,1510,0.1388
4,1517,1521,0.1388
4,1504,1508,0.1388
4,1512,1516,0.1388
4,1518,1522,0.1388
5,1509,1514,0.1388
5,1493,1498,0.1388
5,1504,1509,0.1388
5,1519,1524,0.1388
5,1518,1523,0.1388
5,1508,1513,0.1388
5,1513,1518,0.1388
6,1507,1513,0.1388
6,1507,1513,0.1388
6,1509,1515,0.1388
6,1526,1532,0.1388
6,1516,1522,0.1388
6,1518,1524,0.1388
5,1514,1519,0.1388
5,1516,1521,0.1388
5,1507,1512,0.1388
5,1511,1516,0.1388
5,1515,1520,0.1388
5,1524,1529,0.1388
5,1516,1521,0.1388
5,1522,1527,0.1388
5,1519,1524,0.1388
5,1500,1505,0.1388
5,1514,1519,0.1388
5,1504,1509,0.1388
5,1514,1519,0.1388
5,1512,1517,0.1388
5,1502,1507,0.1388
5,1491,1496,0.1388
5,1503,1508,0.1388
4,1510,1514,0.1388
4,1523,1527,0.1388
4,1509,1513,0.1388
4,1514,1518,0.1388
4,1518,1522,0.1388
5,1519,1524,0.1388
5,1507,1512,0.1388
5,1495,1500,0.1388
5,1502,1507,0.1388
5,1512,1517,0.1388
5,1518,1523,0.1388
5,1509,1514,0.1388
5,1523,1528,0.1388
5,1518,1523,0.1388
5,1510,1515,0.1388
5,1501,1506,0.1388
5,1496,1501,0.1388
4,1513,1517,0.1388
4,1520,1524,0.1388
4,1525,1529,0.1388
4,1505,1509,0.1388
4,1503,1507,0.1388
4,1501,1505,0.1388
5,1511,1516,0.1388
5,1515,1520,0.1388
6,1502,1508,0.1388
6,1500,1506,0.1388
7,1480,1487,0.1388
6,1505,1511,0.1388
5,1516,1521,0.1388
5,1522,1527,0.1388
5,1512,1517,0.1388
6,1506,1512,0.1388
6,1501,1507,0.1388
6,1516,1522,0.1388
6,1509,1515,0.1388
6,1501,1507,0.1388
5,1498,1503,0.1388
5,1503,1508,0.1388
5,1507,1512,0.1388
5,1503,1508,0.1388
5,1500,1505,0.1388
5,1511,1516,0.1388
5,1504,1509,0.1388
5,1500,1505,0.1388
5,1511,1516,0.1388
5,1516,1521,0.1388
5,1514,1519,0.1388
5,1513,1518,0.1388
6,1509,1515,0.1388
5,1513,1518,0.1388
5,1516,1521,0.1388
5,1510,1515,0.1388
5,1518,1523,0.1388
5,1517,1522,0.1388
4,1503,1507,0.1388
4,1519,1523,0.1388
5,1516,1521,0.1388
5,1511,1516,0.1388
5,1500,1505,0.1388
6,1511,1517,0.1388
6,1512,1518,0.1388
6,1512,1518,0.1388
6,1510,1516,0.1388
6,1506,1512,0.1388
6,1510,1516,0.1388
6,1505,1511,0.1388
7,1511,1518,0.1388
6,1504,1510,0.1388
6,1508,1514,0.1388
6,1511,1517,0.1388
6,1508,1514,0.1388
6,1511,1517,0.1388
5,1515,1520,0.1388
5,1513,1518,0.1388
5,1513,1518,0.1388
5,1510,1515,0.1388
6,1521,1527,0.1388
6,1529,1535,0.1388
5,1530,1535,0.1388
5,1536,1541,0.1388
4,1524,1528,0.1388
5,1524,1529,0.1388
5,1529,1534,0.1388
5,1524,1529,0.1388
5,1516,1521,0.1388
5,1534,1539,0.1388
5,1521,1526,0.1388
5,1516,1521,0.1388
5,1519,1524,0.1388
5,1514,1519,0.1388
5,1516,1521,0.1388
5,1510,1515,0.1388
5,1512,1517,0.1388
5,1505,1510,0.1388
5,1504,1509,0.1388
4,1503,1507,0.1388
4,1505,1509,0.1388
4,1506,1510,0.1388
4,1513,1517,0.1388
3,1512,1515,0.1388
3,1501,1504,0.1388
3,1503,1506,0.1388
3,1513,1516,0.1388
3,1509,1512,0.1388
3,1509,1512,0.1388
3,1521,1524,0.1388
3,1516,1519,0.1388
3,1522,1525,0.1388
2,1524,1526,0.1388
2,1520,1522,0.1388
3,1519,1522,0.1388
3,1519,1522,0.1388
3,1514,1517,0.1388
3,1501,1504,0.1388
3,1509,1512,0.1388
4,1505,1509,0.1388
4,1481,1485,0.1388
4,1487,1491,0.1388
5,1493,1498,0.1388
5,1497,1502,0.1388
5,1505,1510,0.1388
4,1517,1521,0.1388
3,1509,1512,0.1388
4,1491,1495,0.1388
4,1511,1515,0.1388
3,1499,1502,0.1388
3,1509,1512,0.1388
3,1516,1519,0.1388
3,1514,1517,0.1388
4,1520,1524,0.1388
3,1517,1520,0.1388
4,1517,1521,0.1388
4,1516,1520,0.1388
4,1513,1517,0.1388
5,1516,1521,0.1388
5,1505,1510,0.1388
5,1504,1509,0.1388
5,1506,1511,0.1388
5,1509,1514,0.1388
5,1507,1512,0.1388
5,1520,1525,0.1388
5,1510,1515,0.1388
5,1505,1510,0.1388
5,1494,1499,0.1388
5,1502,1507,0.1388
5,1502,1507,0.1388
5,1507,1512,0.1388
5,1517,1522,0.1388
5,1511,1516,0.1388
5,1517,1522,0.1388
5,1510,1515,0.1388
5,1509,1514,0.1388
5,1507,1512,0.1388
5,1500,1505,0.1388
5,1503,1508,0.1388
5,1504,1509,0.1388
4,1511,1515,0.1388
3,1510,1513,0.1388
3,1513,1516,0.1388
2,1512,1514,0.1388
2,1515,1517,0.1388
2,1514,1516,0.1388
2,1509,1511,0.1388
2,1519,1521,0.1388
2,1512,1514,0.1388
2,1508,1510,0.1388
2,1513,1515,0.1388
2,1510,1512,0.1388
2,1501,1503,0.1388
2,1505,1507,0.1388
2,1502,1504,0.1388
2,1510,1512,0.1388
2,1507,1509,0.1388
2,1507,1509,0.1388
2,1511,1513,0.1388
2,1504,1506,0.1388
3,1506,1509,0.1388
3,1518,1521,0.1388
3,1514,1517,0.1388
3,1511,1514,0.1388
3,1509,1512,0.1388
3,1507,1510,0.1388
3,1514,1517,0.1388
4,1523,1527,0.1388
4,1521,1525,0.1388
4,1507,1511,0.1388
4,1507,1511,0.1388
5,1506,1511,0.1388
5,1504,1509,0.1388
5,1509,1514,0.1388
5,1509,1514,0.1388
4,1518,1522,0.1388
4,1504,1508,0.1388
4,1505,1509,0.1388
4,1506,1510,0.1388
5,1513,1518,0.1388
5,1519,1524,0.1388
5,1512,1517,0.1388
5,1519,1524,0.1388
6,1528,1534,0.1388
6,1522,1528,0.1388
6,1508,1514,0.1388
6,1511,1517,0.1388
5,1501,1506,0.1388
6,1504,1510,0.1388
5,1509,1514,0.1388
5,1510,1515,0.1388
5,1503,1508,0.1388
5,1498,1503,0.1388
5,1506,1511,0.1388
6,1508,1514,0.1388
6,1510,1516,0.1388
6,1510,1516,0.1388
6,1497,1503,0.1388
6,1504,1510,0.1388
6,1511,1517,0.1388
6,1509,1515,0.1388
6,1504,1510,0.1388
6,1505,1511,0.1388
6,1493,1499,0.1388
6,1496,1502,0.1388
6,1499,1505,0.1388
6,1502,1508,0.1388
6,1502,1508,0.1388
6,1501,1507,0.1388
7,1501,1508,0.1388
5,1490,1495,0.1388
5,1490,1495,0.1388
5,1497,1502,0.1388
4,1501,1505,0.1388
5,1507,1512,0.1388
5,1512,1517,0.1388
5,1509,1514,0.1388
6,1509,1515,0.1388
5,1517,1522,0.1388
5,1519,1524,0.1388
5,1524,1529,0.1388
5,1528,1533,0.1388
5,1526,1531,0.1388
5,1530,1535,0.1388
6,1530,1536,0.1388
6,1529,1535,0.1388
6,1533,1539,0.1388
6,1523,1529,0.1388
5,1520,1525,0.1388
5,1525,1530,0.1388
5,1525,1530,0.1388
5,1512,1517,0.1388
5,1515,1520,0.1388
5,1509,1514,0.1388
5,1511,1516,0.1388
5,1511,1516,0.1388
5,1511,1516,0.1388
5,1508,1513,0.1388
5,1503,1508,0.1388
5,1501,1506,0.1388
5,1504,1509,0.1388
5,1506,1511,0.1388
4,1499,1503,0.1388
5,1501,1506,0.1388
5,1496,1501,0.1388
5,1498,1503,0.1388
5,1493,1498,0.1388
5,1487,1492,0.1388
5,1508,1513,0.1388
5,1506,1511,0.1388
5,1501,1506,0.1388
5,1506,1511,0.1388
5,1502,1507,0.1388
4,1510,1514,0.1388
4,1522,1526,0.1388
5,1531,1536,0.1388
5,1531,1536,0.1388
5,1526,1531,0.1388
5,1528,1533,0.1388
4,1525,1529,0.1388
4,1499,1503,0.1388
4,1515,1519,0.1388
4,1506,1510,0.1388
4,1502,1506,0.1388
4,1507,1511,0.1388
4,1506,1510,0.1388
4,1504,1508,0.1388
4,1505,1509,0.1388
4,1513,1517,0.1388
4,1511,1515,0.1388
4,1519,1523,0.1388
4,1499,1503,0.1388
4,1502,1506,0.1388
4,1525,1529,0.1388
4,1523,1527,0.1388
3,1520,1523,0.1388
4,1508,1512,0.1388
4,1517,1521,0.1388
4,1504,1508,0.1388
4,1492,1496,0.1388
4,1501,1505,0.1388
4,1507,1511,0.1388
4,1509,1513,0.1388
4,1514,1518,0.1388
4,1533,1537,0.1388
4,1526,1530,0.1388
4,1513,1517,0.1388
3,1518,1521,0.1388
2,1508,1510,0.1388
2,1519,1521,0.1388
2,1522,1524,0.1388
2,1527,1529,0.1388
2,1537,1539,0.1388
2,1530,1532,0.1388
2,1525,1527,0.1388
2,1526,1528,0.1388
2,1527,1529,0.1388
1,1518,1519,0.1388
1,1528,1529,0.1388
1,1531,1532,0.1388
1,1526,1527,0.1388
1,1533,1534,0.1388
1,1527,1528,0.1388
1,1517,1518,0.1388
1,1516,1517,0.1388
1,1512,1513,0.1388
1,1520,1521,0.1388
1,1526,1527,0.1388
1,1513,1514,0.1388
1,1516,1517,0.1388
1,1524,1525,0.1388
1,1527,1528,0.1388
1,1507,1508,0.1388
1,1509,1510,0.1388
1,1515,1516,0.1388
1,1509,1510,0.1388
1,1510,1511,0.1388
1,1504,1505,0.1388
1,1504,1505,0.1388
1,1511,1512,0.1388
1,1511,1512,0.1388
1,1518,1519,0.1388
1,1512,1513,0.1388
1,1531,1532,0.1388
1,1518,1519,0.1388
1,1515,1516,0.1388
1,1511,1512,0.1388
1,1516,1517,0.1388
1,1505,1506,0.1388
0,1503,1503,0.1388
