1378,29,1407,0.1388
1409,31,1440,0.1388
1432,33,1465,0.1388
1443,33,1476,0.1388
1457,34,1491,0.1388
1464,34,1498,0.1388
1460,35,1495,0.1388
1461,35,1496,0.1388
1453,36,1489,0.1388
1454,35,1489,0.1388
1449,34,1483,0.1388
1449,35,1484,0.1388
1447,34,1481,0.1388
1452,34,1486,0.1388
1451,35,1486,0.1388
1440,35,1475,0.1388
1450,38,1488,0.1388
1442,39,1481,0.1388
1440,38,1478,0.1388
1446,36,1482,0.1388
1450,37,1487,0.1388
1446,38,1484,0.1388
1448,39,1487,0.1388
1439,41,1480,0.1388
1457,43,1500,0.1388
1455,44,1499,0.1388
1436,47,1483,0.1388
1439,51,1490,0.1388
1425,52,1477,0.1388
1430,53,1483,0.1388
1433,52,1485,0.1388
1425,57,1482,0.1388
1436,56,1492,0.1388
1425,53,1478,0.1388
1442,54,1496,0.1388
1434,54,1488,0.1388
1426,55,1481,0.1388
1431,55,1486,0.1388
1427,56,1483,0.1388
1422,59,1481,0.1388
1424,62,1486,0.1388
1433,65,1498,0.1388
1436,64,1500,0.1388
1429,66,1495,0.1388
1416,67,1483,0.1388
1419,68,1487,0.1388
1436,70,1506,0.1388
1436,72,1508,0.1388
1439,72,1511,0.1388
1426,75,1501,0.1388
1408,72,1480,0.1388
1412,74,1486,0.1388
1419,77,1496,0.1388
1412,79,1491,0.1388
1403,79,1482,0.1388
1408,79,1487,0.1388
1405,80,1485,0.1388
1403,81,1484,0.1388
1411,82,1493,0.1388
1416,82,1498,0.1388
1413,82,1495,0.1388
1413,80,1493,0.1388
1413,82,1495,0.1388
1427,81,1508,0.1388
1436,79,1515,0.1388
1424,80,1504,0.1388
1418,83,1501,0.1388
1414,81,1495,0.1388
1398,86,1484,0.1388
1404,84,1488,0.1388
1400,80,1480,0.1388
1393,82,1475,0.1388
1396,83,1479,0.1388
1406,82,1488,0.1388
1410,83,1493,0.1388
1410,83,1493,0.1388
1416,83,1499,0.1388
1402,82,1484,0.1388
1401,81,1482,0.1388
1412,82,1494,0.1388
1405,80,1485,0.1388
1404,80,1484,0.1388
1409,78,1487,0.1388
1417,77,1494,0.1388
1414,75,1489,0.1388
1426,73,1499,0.1388
1426,73,1499,0.1388
1412,77,1489,0.1388
1409,85,1494,0.1388
1399,82,1481,0.1388
1421,80,1501,0.1388
1422,82,1504,0.1388
1421,86,1507,0.1388
1423,88,1511,0.1388
1423,86,1509,0.1388
1423,84,1507,0.1388
1417,84,1501,0.1388
1421,83,1504,0.1388
1416,83,1499,0.1388
1413,81,1494,0.1388
1416,79,1495,0.1388
1416,80,1496,0.1388
1410,81,1491,0.1388
1412,80,1492,0.1388
1410,84,1494,0.1388
1407,82,1489,0.1388
1409,84,1493,0.1388
1390,83,1473,0.1388
1411,86,1497,0.1388
1393,85,1478,0.1388
1407,80,1487,0.1388
1417,84,1501,0.1388
1420,86,1506,0.1388
1417,82,1499,0.1388
1413,81,1494,0.1388
1406,81,1487,0.1388
1413,80,1493,0.1388
1417,79,1496,0.1388
1427,78,1505,0.1388
1414,78,1492,0.1388
1419,82,1501,0.1388
1419,82,1501,0.1388
1428,83,1511,0.1388
1423,86,1509,0.1388
1404,87,1491,0.1388
1405,89,1494,0.1388
1404,90,1494,0.1388
1410,87,1497,0.1388
1408,86,1494,0.1388
1389,88,1477,0.1388
1393,93,1486,0.1388
1408,95,1503,0.1388
1418,98,1516,0.1388
1403,96,1499,0.1388
1398,100,1498,0.1388
1401,100,1501,0.1388
1408,102,1510,0.1388
1413,98,1511,0.1388
1398,100,1498,0.1388
1391,98,1489,0.1388
1389,100,1489,0.1388
1397,104,1501,0.1388
1402,101,1503,0.1388
1404,103,1507,0.1388
1389,103,1492,0.1388
1386,105,1491,0.1388
1396,104,1500,0.1388
1391,108,1499,0.1388
1377,105,1482,0.1388
1382,104,1486,0.1388
1380,114,1494,0.1388
1372,117,1489,0.1388
1372,120,1492,0.1388
1370,118,1488,0.1388
1374,120,1494,0.1388
1367,123,1490,0.1388
1359,124,1483,0.1388
1363,124,1487,0.1388
1363,126,1489,0.1388
1350,126,1476,0.1388
1353,125,1478,0.1388
1348,131,1479,0.1388
1344,136,1480,0.1388
1364,133,1497,0.1388
1366,132,1498,0.1388
1366,131,1497,0.1388
1369,129,1498,0.1388
1367,128,1495,0.1388
1369,131,1500,0.1388
1373,129,1502,0.1388
1380,128,1508,0.1388
1383,126,1509,0.1388
1374,124,1498,0.1388
1374,127,1501,0.1388
1367,126,1493,0.1388
1380,127,1507,0.1388
1384,131,1515,0.1388
1386,130,1516,0.1388
1376,131,1507,0.1388
1388,134,1522,0.1388
1381,132,1513,0.1388
1383,136,1519,0.1388
1381,135,1516,0.1388
1382,134,1516,0.1388
1377,131,1508,0.1388
1366,133,1499,0.1388
1372,131,1503,0.1388
1366,133,1499,0.1388
1369,135,1504,0.1388
1366,136,1502,0.1388
1368,135,1503,0.1388
1364,135,1499,0.1388
1363,139,1502,0.1388
1365,135,1500,0.1388
1373,137,1510,0.1388
1371,136,1507,0.1388
1375,136,1511,0.1388
1360,135,1495,0.1388
1364,138,1502,0.1388
1358,140,1498,0.1388
1361,137,1498,0.1388
1366,136,1502,0.1388
1353,136,1489,0.1388
1368,137,1505,0.1388
1361,139,1500,0.1388
1338,140,1478,0.1388
1350,145,1495,0.1388
1345,144,1489,0.1388
1356,146,1502,0.1388
1354,143,1497,0.1388
1351,148,1499,0.1388
1341,154,1495,0.1388
1341,151,1492,0.1388
1344,151,1495,0.1388
1339,150,1489,0.1388
1343,156,1499,0.1388
1335,155,1490,0.1388
1334,155,1489,0.1388
1340,156,1496,0.1388
1332,162,1494,0.1388
1326,161,1487,0.1388
1337,160,1497,0.1388
1324,161,1485,0.1388
1326,165,1491,0.1388
1329,166,1495,0.1388
1319,168,1487,0.1388
1318,163,1481,0.1388
1321,165,1486,0.1388
1325,169,1494,0.1388
1324,170,1494,0.1388
1334,170,1504,0.1388
1336,170,1506,0.1388
1325,167,1492,0.1388
1315,163,1478,0.1388
1323,165,1488,0.1388
1331,168,1499,0.1388
1321,164,1485,0.1388
1311,164,1475,0.1388
1309,166,1475,0.1388
1314,167,1481,0.1388
1317,170,1487,0.1388
1317,172,1489,0.1388
1312,170,1482,0.1388
1308,164,1472,0.1388
1312,164,1476,0.1388
1323,172,1495,0.1388
1331,172,1503,0.1388
1312,179,1491,0.1388
1317,178,1495,0.1388
1314,177,1491,0.1388
1318,179,1497,0.1388
1312,178,1490,0.1388
1301,179,1480,0.1388
1281,182,1463,0.1388
1301,184,1485,0.1388
1308,178,1486,0.1388
1320,180,1500,0.1388
1315,175,1490,0.1388
1297,178,1475,0.1388
1309,183,1492,0.1388
1297,174,1471,0.1388
1300,171,1471,0.1388
1307,173,1480,0.1388
1324,174,1498,0.1388
1314,179,1493,0.1388
1320,179,1499,0.1388
1330,180,1510,0.1388
1335,180,1515,0.1388
1313,182,1495,0.1388
1310,188,1498,0.1388
1306,183,1489,0.1388
1319,182,1501,0.1388
1325,182,1507,0.1388
1317,185,1502,0.1388
1312,181,1493,0.1388
1314,184,1498,0.1388
1294,181,1475,0.1388
1302,186,1488,0.1388
1299,185,1484,0.1388
1306,189,1495,0.1388
1306,189,1495,0.1388
1303,191,1494,0.1388
1323,186,1509,0.1388
1308,188,1496,0.1388
1307,192,1499,0.1388
1302,197,1499,0.1388
1312,198,1510,0.1388
1311,199,1510,0.1388
1318,198,1516,0.1388
1306,200,1506,0.1388
1311,201,1512,0.1388
1299,200,1499,0.1388
1304,207,1511,0.1388
1306,207,1513,0.1388
1300,208,1508,0.1388
1294,205,1499,0.1388
1297,206,1503,0.1388
1296,204,1500,0.1388
1288,204,1492,0.1388
1299,204,1503,0.1388
1309,205,1514,0.1388
1290,202,1492,0.1388
1301,206,1507,0.1388
1298,206,1504,0.1388
1298,209,1507,0.1388
1296,206,1502,0.1388
1282,203,1485,0.1388
1282,206,1488,0.1388
1292,207,1499,0.1388
1297,208,1505,0.1388
1309,211,1520,0.1388
1299,214,1513,0.1388
1306,214,1520,0.1388
1290,217,1507,0.1388
1273,213,1486,0.1388
1265,214,1479,0.1388
1261,217,1478,0.1388
1255,220,1475,0.1388
1268,223,1491,0.1388
1255,232,1487,0.1388
1267,237,1504,0.1388
1263,240,1503,0.1388
1261,237,1498,0.1388
1254,234,1488,0.1388
1253,232,1485,0.1388
1267,233,1500,0.1388
1270,240,1510,0.1388
1265,246,1511,0.1388
1255,246,1501,0.1388
1258,248,1506,0.1388
1252,246,1498,0.1388
1254,248,1502,0.1388
1248,248,1496,0.1388
1248,251,1499,0.1388
1254,244,1498,0.1388
1251,248,1499,0.1388
1244,252,1496,0.1388
1244,245,1489,0.1388
1248,243,1491,0.1388
1234,247,1481,0.1388
1238,251,1489,0.1388
1234,252,1486,0.1388
1233,258,1491,0.1388
1242,258,1500,0.1388
1236,258,1494,0.1388
1239,264,1503,0.1388
1238,263,1501,0.1388
1243,261,1504,0.1388
1232,264,1496,0.1388
1225,263,1488,0.1388
1226,263,1489,0.1388
1226,268,1494,0.1388
1229,263,1492,0.1388
1229,267,1496,0.1388
1217,262,1479,0.1388
1237,262,1499,0.1388
1244,264,1508,0.1388
1243,267,1510,0.1388
1231,267,1498,0.1388
1223,266,1489,0.1388
1216,270,1486,0.1388
1217,269,1486,0.1388
1224,266,1490,0.1388
1220,269,1489,0.1388
1236,265,1501,0.1388
1232,262,1494,0.1388
1231,269,1500,0.1388
1224,272,1496,0.1388
1230,276,1506,0.1388
1221,283,1504,0.1388
1211,280,1491,0.1388
1226,278,1504,0.1388
1218,272,1490,0.1388
1223,277,1500,0.1388
1224,280,1504,0.1388
1215,289,1504,0.1388
1215,292,1507,0.1388
1211,285,1496,0.1388
1221,286,1507,0.1388
1220,283,1503,0.1388
1224,286,1510,0.1388
1226,286,1512,0.1388
1220,291,1511,0.1388
1202,290,1492,0.1388
1210,293,1503,0.1388
1202,290,1492,0.1388
1204,285,1489,0.1388
1202,293,1495,0.1388
1197,294,1491,0.1388
1200,295,1495,0.1388
1201,297,1498,0.1388
1203,304,1507,0.1388
1208,299,1507,0.1388
1206,304,1510,0.1388
1199,307,1506,0.1388
1194,306,1500,0.1388
1199,300,1499,0.1388
1205,303,1508,0.1388
1210,309,1519,0.1388
1196,314,1510,0.1388
1202,317,1519,0.1388
1185,311,1496,0.1388
1190,311,1501,0.1388
1179,313,1492,0.1388
1169,317,1486,0.1388
1173,319,1492,0.1388
1186,317,1503,0.1388
1188,313,1501,0.1388
1188,317,1505,0.1388
1178,322,1500,0.1388
1190,322,1512,0.1388
1184,317,1501,0.1388
1179,317,1496,0.1388
1176,321,1497,0.1388
1175,317,1492,0.1388
1169,321,1490,0.1388
1169,321,1490,0.1388
1171,322,1493,0.1388
1174,318,1492,0.1388
1184,325,1509,0.1388
1177,324,1501,0.1388
1173,325,1498,0.1388
1173,326,1499,0.1388
1179,322,1501,0.1388
1177,323,1500,0.1388
1186,318,1504,0.1388
1187,319,1506,0.1388
1181,324,1505,0.1388
1182,320,1502,0.1388
1176,320,1496,0.1388
1185,319,1504,0.1388
1189,316,1505,0.1388
1186,315,1501,0.1388
1183,318,1501,0.1388
1190,321,1511,0.1388
1182,321,1503,0.1388
1190,323,1513,0.1388
1187,316,1503,0.1388
1171,320,1491,0.1388
1171,325,1496,0.1388
1167,322,1489,0.1388
1183,322,1505,0.1388
1185,318,1503,0.1388
1189,322,1511,0.1388
1185,329,1514,0.1388
1178,332,1510,0.1388
1174,332,1506,0.1388
1164,336,1500,0.1388
1164,341,1505,0.1388
1162,340,1502,0.1388
1152,337,1489,0.1388
1148,339,1487,0.1388
1139,341,1480,0.1388
1149,345,1494,0.1388
1157,343,1500,0.1388
1149,340,1489,0.1388
1149,338,1487,0.1388
1152,341,1493,0.1388
1146,342,1488,0.1388
1151,340,1491,0.1388
1149,337,1486,0.1388
1153,333,1486,0.1388
1161,338,1499,0.1388
1160,337,1497,0.1388
1148,342,1490,0.1388
1140,340,1480,0.1388
1144,346,1490,0.1388
1145,352,1497,0.1388
1137,349,1486,0.1388
1154,346,1500,0.1388
1146,341,1487,0.1388
1149,346,1495,0.1388
1145,348,1493,0.1388
1137,349,1486,0.1388
1138,353,1491,0.1388
1135,348,1483,0.1388
1139,341,1480,0.1388
1140,341,1481,0.1388
1144,349,1493,0.1388
1145,358,1503,0.1388
1138,371,1509,0.1388
1144,374,1518,0.1388
1126,377,1503,0.1388
1144,375,1519,0.1388
1136,376,1512,0.1388
1124,374,1498,0.1388
1123,370,1493,0.1388
1142,365,1507,0.1388
1149,375,1524,0.1388
1140,371,1511,0.1388
1149,368,1517,0.1388
1142,371,1513,0.1388
1130,374,1504,0.1388
1128,372,1500,0.1388
1132,367,1499,0.1388
1128,372,1500,0.1388
1121,375,1496,0.1388
1128,379,1507,0.1388
1121,381,1502,0.1388
1123,383,1506,0.1388
1119,379,1498,0.1388
1125,379,1504,0.1388
1113,384,1497,0.1388
1123,381,1504,0.1388
1123,381,1504,0.1388
1125,378,1503,0.1388
1131,378,1509,0.1388
1132,382,1514,0.1388
1138,385,1523,0.1388
1128,382,1510,0.1388
1126,383,1509,0.1388
1114,384,1498,0.1388
1114,389,1503,0.1388
1122,390,1512,0.1388
1122,389,1511,0.1388
1116,391,1507,0.1388
1116,393,1509,0.1388
1120,403,1523,0.1388
1125,397,1522,0.1388
1112,393,1505,0.1388
1110,393,1503,0.1388
1106,388,1494,0.1388
1092,397,1489,0.1388
1098,395,1493,0.1388
1099,396,1495,0.1388
1106,399,1505,0.1388
1093,406,1499,0.1388
1087,413,1500,0.1388
1081,414,1495,0.1388
1091,410,1501,0.1388
1091,404,1495,0.1388
1099,408,1507,0.1388
1096,404,1500,0.1388
1089,405,1494,0.1388
1098,404,1502,0.1388
1098,405,1503,0.1388
1102,401,1503,0.1388
1106,405,1511,0.1388
1097,410,1507,0.1388
1091,412,1503,0.1388
1090,415,1505,0.1388
1094,416,1510,0.1388
1094,406,1500,0.1388
1087,412,1499,0.1388
1102,415,1517,0.1388
1088,418,1506,0.1388
1097,415,1512,0.1388
1090,416,1506,0.1388
1093,419,1512,0.1388
1090,421,1511,0.1388
1091,421,1512,0.1388
1097,424,1521,0.1388
1096,432,1528,0.1388
1088,433,1521,0.1388
1075,435,1510,0.1388
1069,438,1507,0.1388
1069,436,1505,0.1388
1067,438,1505,0.1388
1064,433,1497,0.1388
1060,440,1500,0.1388
1064,439,1503,0.1388
1060,439,1499,0.1388
1065,445,1510,0.1388
1057,449,1506,0.1388
1049,445,1494,0.1388
1047,447,1494,0.1388
1043,442,1485,0.1388
1037,444,1481,0.1388
1031,446,1477,0.1388
1041,446,1487,0.1388
1055,443,1498,0.1388
1055,442,1497,0.1388
1065,445,1510,0.1388
1052,437,1489,0.1388
1060,445,1505,0.1388
1070,440,1510,0.1388
1068,443,1511,0.1388
1061,441,1502,0.1388
1065,438,1503,0.1388
1059,438,1497,0.1388
1040,444,1484,0.1388
1038,446,1484,0.1388
1063,440,1503,0.1388
1065,442,1507,0.1388
1062,440,1502,0.1388
1055,437,1492,0.1388
1061,432,1493,0.1388
1067,438,1505,0.1388
1068,439,1507,0.1388
1061,444,1505,0.1388
1060,448,1508,0.1388
1061,450,1511,0.1388
1065,437,1502,0.1388
1061,440,1501,0.1388
1063,437,1500,0.1388
1058,434,1492,0.1388
1053,437,1490,0.1388
1058,435,1493,0.1388
1054,443,1497,0.1388
1037,455,1492,0.1388
1032,461,1493,0.1388
1028,464,1492,0.1388
1042,461,1503,0.1388
1035,472,1507,0.1388
1031,468,1499,0.1388
1030,462,1492,0.1388
1031,467,1498,0.1388
1017,466,1483,0.1388
1016,472,1488,0.1388
1017,467,1484,0.1388
1023,470,1493,0.1388
1029,479,1508,0.1388
1021,478,1499,0.1388
1021,477,1498,0.1388
1017,481,1498,0.1388
1023,473,1496,0.1388
1027,463,1490,0.1388
1018,465,1483,0.1388
1008,470,1478,0.1388
1009,479,1488,0.1388
1004,485,1489,0.1388
1016,481,1497,0.1388
1035,492,1527,0.1388
1027,489,1516,0.1388
1023,488,1511,0.1388
1025,490,1515,0.1388
1021,495,1516,0.1388
1029,493,1522,0.1388
1031,497,1528,0.1388
1015,500,1515,0.1388
1010,495,1505,0.1388
1012,497,1509,0.1388
1017,492,1509,0.1388
1017,493,1510,0.1388
1021,496,1517,0.1388
1024,500,1524,0.1388
1015,495,1510,0.1388
1008,501,1509,0.1388
1010,511,1521,0.1388
1002,517,1519,0.1388
989,523,1512,0.1388
984,522,1506,0.1388
988,522,1510,0.1388
980,525,1505,0.1388
979,520,1499,0.1388
984,526,1510,0.1388
987,519,1506,0.1388
973,522,1495,0.1388
976,520,1496,0.1388
979,527,1506,0.1388
976,526,1502,0.1388
984,523,1507,0.1388
986,522,1508,0.1388
984,523,1507,0.1388
970,528,1498,0.1388
966,531,1497,0.1388
959,518,1477,0.1388
968,517,1485,0.1388
972,522,1494,0.1388
977,524,1501,0.1388
975,533,1508,0.1388
975,529,1504,0.1388
970,535,1505,0.1388
971,526,1497,0.1388
971,528,1499,0.1388
968,532,1500,0.1388
970,533,1503,0.1388
965,527,1492,0.1388
974,529,1503,0.1388
977,523,1500,0.1388
978,524,1502,0.1388
973,522,1495,0.1388
959,528,1487,0.1388
966,527,1493,0.1388
975,534,1509,0.1388
959,535,1494,0.1388
964,542,1506,0.1388
971,538,1509,0.1388
962,538,1500,0.1388
952,534,1486,0.1388
945,541,1486,0.1388
957,543,1500,0.1388
943,542,1485,0.1388
951,552,1503,0.1388
951,543,1494,0.1388
956,543,1499,0.1388
956,536,1492,0.1388
954,554,1508,0.1388
957,551,1508,0.1388
961,553,1514,0.1388
952,556,1508,0.1388
945,558,1503,0.1388
945,560,1505,0.1388
947,568,1515,0.1388
942,564,1506,0.1388
936,573,1509,0.1388
936,571,1507,0.1388
928,573,1501,0.1388
926,568,1494,0.1388
924,567,1491,0.1388
925,579,1504,0.1388
923,577,1500,0.1388
925,567,1492,0.1388
918,569,1487,0.1388
917,563,1480,0.1388
923,566,1489,0.1388
926,577,1503,0.1388
923,586,1509,0.1388
917,590,1507,0.1388
914,591,1505,0.1388
904,588,1492,0.1388
902,590,1492,0.1388
896,590,1486,0.1388
899,600,1499,0.1388
905,597,1502,0.1388
894,596,1490,0.1388
889,600,1489,0.1388
884,601,1485,0.1388
888,611,1499,0.1388
887,611,1498,0.1388
890,623,1513,0.1388
887,611,1498,0.1388
890,607,1497,0.1388
880,607,1487,0.1388
884,611,1495,0.1388
889,620,1509,0.1388
888,606,1494,0.1388
892,610,1502,0.1388
902,617,1519,0.1388
898,618,1516,0.1388
891,619,1510,0.1388
899,619,1518,0.1388
890,630,1520,0.1388
884,632,1516,0.1388
883,628,1511,0.1388
879,634,1513,0.1388
883,630,1513,0.1388
872,637,1509,0.1388
880,636,1516,0.1388
882,631,1513,0.1388
870,637,1507,0.1388
876,629,1505,0.1388
868,634,1502,0.1388
860,636,1496,0.1388
867,634,1501,0.1388
870,646,1516,0.1388
872,648,1520,0.1388
860,643,1503,0.1388
864,640,1504,0.1388
855,642,1497,0.1388
851,642,1493,0.1388
852,632,1484,0.1388
854,634,1488,0.1388
853,636,1489,0.1388
860,634,1494,0.1388
858,638,1496,0.1388
857,640,1497,0.1388
856,648,1504,0.1388
854,650,1504,0.1388
852,646,1498,0.1388
844,639,1483,0.1388
840,646,1486,0.1388
851,659,1510,0.1388
851,663,1514,0.1388
853,670,1523,0.1388
845,664,1509,0.1388
834,658,1492,0.1388
840,657,1497,0.1388
837,664,1501,0.1388
837,667,1504,0.1388
840,668,1508,0.1388
837,670,1507,0.1388
831,671,1502,0.1388
822,681,1503,0.1388
818,675,1493,0.1388
823,672,1495,0.1388
825,674,1499,0.1388
836,681,1517,0.1388
828,680,1508,0.1388
819,685,1504,0.1388
831,684,1515,0.1388
833,691,1524,0.1388
827,695,1522,0.1388
824,685,1509,0.1388
827,687,1514,0.1388
824,681,1505,0.1388
826,680,1506,0.1388
820,675,1495,0.1388
817,682,1499,0.1388
813,693,1506,0.1388
813,695,1508,0.1388
826,690,1516,0.1388
815,686,1501,0.1388
805,690,1495,0.1388
810,688,1498,0.1388
797,699,1496,0.1388
792,705,1497,0.1388
785,705,1490,0.1388
791,708,1499,0.1388
804,711,1515,0.1388
802,706,1508,0.1388
780,709,1489,0.1388
783,705,1488,0.1388
793,707,1500,0.1388
796,698,1494,0.1388
787,701,1488,0.1388
792,706,1498,0.1388
799,704,1503,0.1388
788,704,1492,0.1388
795,714,1509,0.1388
793,717,1510,0.1388
792,721,1513,0.1388
798,723,1521,0.1388
790,723,1513,0.1388
789,726,1515,0.1388
778,735,1513,0.1388
773,736,1509,0.1388
766,732,1498,0.1388
766,726,1492,0.1388
770,736,1506,0.1388
770,729,1499,0.1388
772,735,1507,0.1388
771,743,1514,0.1388
765,736,1501,0.1388
768,744,1512,0.1388
767,750,1517,0.1388
768,749,1517,0.1388
769,748,1517,0.1388
772,743,1515,0.1388
765,745,1510,0.1388
766,742,1508,0.1388
761,735,1496,0.1388
758,733,1491,0.1388
750,736,1486,0.1388
751,731,1482,0.1388
753,734,1487,0.1388
753,739,1492,0.1388
757,745,1502,0.1388
760,745,1505,0.1388
762,744,1506,0.1388
742,745,1487,0.1388
742,750,1492,0.1388
755,753,1508,0.1388
754,749,1503,0.1388
759,746,1505,0.1388
749,755,1504,0.1388
753,758,1511,0.1388
745,752,1497,0.1388
749,762,1511,0.1388
747,748,1495,0.1388
757,751,1508,0.1388
759,745,1504,0.1388
765,744,1509,0.1388
772,747,1519,0.1388
773,757,1530,0.1388
763,755,1518,0.1388
769,750,1519,0.1388
764,737,1501,0.1388
761,746,1507,0.1388
753,738,1491,0.1388
760,750,1510,0.1388
764,750,1514,0.1388
760,747,1507,0.1388
760,742,1502,0.1388
763,749,1512,0.1388
764,747,1511,0.1388
752,747,1499,0.1388
751,751,1502,0.1388
756,740,1496,0.1388
754,743,1497,0.1388
755,751,1506,0.1388
745,760,1505,0.1388
744,765,1509,0.1388
739,768,1507,0.1388
741,785,1526,0.1388
729,787,1516,0.1388
732,772,1504,0.1388
729,772,1501,0.1388
729,779,1508,0.1388
732,775,1507,0.1388
722,776,1498,0.1388
722,780,1502,0.1388
721,783,1504,0.1388
712,797,1509,0.1388
712,791,1503,0.1388
706,791,1497,0.1388
705,794,1499,0.1388
705,787,1492,0.1388
705,786,1491,0.1388
698,794,1492,0.1388
711,799,1510,0.1388
711,799,1510,0.1388
710,790,1500,0.1388
710,800,1510,0.1388
707,804,1511,0.1388
700,812,1512,0.1388
688,822,1510,0.1388
683,827,1510,0.1388
684,837,1521,0.1388
680,831,1511,0.1388
678,831,1509,0.1388
671,829,1500,0.1388
673,836,1509,0.1388
670,836,1506,0.1388
670,839,1509,0.1388
667,841,1508,0.1388
665,839,1504,0.1388
667,841,1508,0.1388
678,851,1529,0.1388
676,842,1518,0.1388
674,840,1514,0.1388
661,850,1511,0.1388
653,848,1501,0.1388
644,857,1501,0.1388
642,854,1496,0.1388
651,847,1498,0.1388
656,853,1509,0.1388
653,846,1499,0.1388
654,860,1514,0.1388
645,859,1504,0.1388
651,853,1504,0.1388
649,854,1503,0.1388
648,862,1510,0.1388
649,868,1517,0.1388
649,864,1513,0.1388
651,869,1520,0.1388
647,864,1511,0.1388
657,860,1517,0.1388
654,862,1516,0.1388
656,869,1525,0.1388
648,869,1517,0.1388
641,868,1509,0.1388
636,860,1496,0.1388
635,865,1500,0.1388
631,861,1492,0.1388
634,856,1490,0.1388
640,860,1500,0.1388
641,851,1492,0.1388
642,857,1499,0.1388
631,866,1497,0.1388
624,864,1488,0.1388
625,866,1491,0.1388
634,868,1502,0.1388
634,866,1500,0.1388
634,877,1511,0.1388
631,873,1504,0.1388
634,874,1508,0.1388
630,886,1516,0.1388
626,890,1516,0.1388
622,890,1512,0.1388
627,887,1514,0.1388
619,885,1504,0.1388
619,887,1506,0.1388
622,887,1509,0.1388
621,885,1506,0.1388
619,885,1504,0.1388
609,888,1497,0.1388
616,876,1492,0.1388
610,892,1502,0.1388
609,896,1505,0.1388
605,909,1514,0.1388
606,903,1509,0.1388
605,908,1513,0.1388
608,899,1507,0.1388
611,911,1522,0.1388
613,906,1519,0.1388
606,906,1512,0.1388
602,908,1510,0.1388
593,915,1508,0.1388
594,917,1511,0.1388
594,918,1512,0.1388
586,928,1514,0.1388
585,927,1512,0.1388
580,927,1507,0.1388
579,924,1503,0.1388
577,922,1499,0.1388
571,918,1489,0.1388
578,920,1498,0.1388
572,920,1492,0.1388
578,919,1497,0.1388
585,924,1509,0.1388
586,925,1511,0.1388
590,922,1512,0.1388
584,921,1505,0.1388
579,930,1509,0.1388
582,939,1521,0.1388
588,928,1516,0.1388
591,929,1520,0.1388
590,931,1521,0.1388
582,928,1510,0.1388
580,936,1516,0.1388
579,927,1506,0.1388
575,916,1491,0.1388
575,925,1500,0.1388
577,931,1508,0.1388
573,935,1508,0.1388
578,931,1509,0.1388
582,928,1510,0.1388
586,937,1523,0.1388
587,933,1520,0.1388
589,927,1516,0.1388
589,928,1517,0.1388
584,943,1527,0.1388
579,941,1520,0.1388
580,942,1522,0.1388
575,941,1516,0.1388
570,938,1508,0.1388
561,945,1506,0.1388
560,955,1515,0.1388
560,961,1521,0.1388
561,956,1517,0.1388
564,965,1529,0.1388
562,971,1533,0.1388
561,954,1515,0.1388
551,948,1499,0.1388
545,944,1489,0.1388
543,938,1481,0.1388
545,944,1489,0.1388
539,936,1475,0.1388
548,949,1497,0.1388
548,949,1497,0.1388
550,957,1507,0.1388
552,964,1516,0.1388
540,977,1517,0.1388
537,976,1513,0.1388
530,979,1509,0.1388
532,979,1511,0.1388
533,969,1502,0.1388
529,976,1505,0.1388
527,974,1501,0.1388
533,980,1513,0.1388
530,992,1522,0.1388
531,985,1516,0.1388
524,979,1503,0.1388
526,974,1500,0.1388
518,987,1505,0.1388
523,986,1509,0.1388
523,983,1506,0.1388
520,977,1497,0.1388
513,977,1490,0.1388
516,977,1493,0.1388
519,989,1508,0.1388
519,983,1502,0.1388
518,975,1493,0.1388
527,986,1513,0.1388
526,996,1522,0.1388
529,983,1512,0.1388
529,976,1505,0.1388
525,985,1510,0.1388
524,991,1515,0.1388
514,989,1503,0.1388
516,990,1506,0.1388
511,994,1505,0.1388
507,1003,1510,0.1388
509,1008,1517,0.1388
506,1007,1513,0.1388
496,993,1489,0.1388
497,993,1490,0.1388
501,999,1500,0.1388
507,1009,1516,0.1388
505,1011,1516,0.1388
500,1000,1500,0.1388
495,1007,1502,0.1388
496,1024,1520,0.1388
482,1031,1513,0.1388
482,1030,1512,0.1388
481,1039,1520,0.1388
480,1038,1518,0.1388
479,1035,1514,0.1388
474,1033,1507,0.1388
479,1025,1504,0.1388
482,1023,1505,0.1388
481,1017,1498,0.1388
480,1019,1499,0.1388
477,1032,1509,0.1388
475,1035,1510,0.1388
477,1039,1516,0.1388
477,1050,1527,0.1388
481,1040,1521,0.1388
481,1043,1524,0.1388
478,1032,1510,0.1388
479,1029,1508,0.1388
485,1024,1509,0.1388
482,1030,1512,0.1388
480,1036,1516,0.1388
479,1038,1517,0.1388
480,1034,1514,0.1388
472,1031,1503,0.1388
478,1044,1522,0.1388
483,1038,1521,0.1388
486,1034,1520,0.1388
486,1033,1519,0.1388
481,1043,1524,0.1388
471,1033,1504,0.1388
464,1046,1510,0.1388
463,1042,1505,0.1388
465,1041,1506,0.1388
463,1039,1502,0.1388
465,1042,1507,0.1388
471,1042,1513,0.1388
476,1038,1514,0.1388
472,1035,1507,0.1388
475,1048,1523,0.1388
472,1049,1521,0.1388
475,1035,1510,0.1388
473,1037,1510,0.1388
470,1046,1516,0.1388
474,1042,1516,0.1388
469,1049,1518,0.1388
467,1038,1505,0.1388
467,1043,1510,0.1388
469,1053,1522,0.1388
458,1062,1520,0.1388
454,1050,1504,0.1388
456,1055,1511,0.1388
455,1046,1501,0.1388
455,1041,1496,0.1388
452,1035,1487,0.1388
453,1047,1500,0.1388
451,1047,1498,0.1388
455,1054,1509,0.1388
462,1042,1504,0.1388
458,1042,1500,0.1388
458,1046,1504,0.1388
462,1050,1512,0.1388
462,1048,1510,0.1388
459,1045,1504,0.1388
459,1052,1511,0.1388
457,1055,1512,0.1388
457,1061,1518,0.1388
454,1054,1508,0.1388
454,1061,1515,0.1388
447,1062,1509,0.1388
443,1060,1503,0.1388
447,1066,1513,0.1388
445,1071,1516,0.1388
442,1070,1512,0.1388
441,1078,1519,0.1388
437,1076,1513,0.1388
437,1073,1510,0.1388
436,1082,1518,0.1388
436,1067,1503,0.1388
436,1074,1510,0.1388
430,1076,1506,0.1388
433,1077,1510,0.1388
436,1080,1516,0.1388
436,1090,1526,0.1388
436,1077,1513,0.1388
439,1063,1502,0.1388
437,1069,1506,0.1388
428,1080,1508,0.1388
424,1090,1514,0.1388
419,1080,1499,0.1388
416,1078,1494,0.1388
411,1094,1505,0.1388
415,1098,1513,0.1388
420,1102,1522,0.1388
417,1103,1520,0.1388
409,1103,1512,0.1388
412,1107,1519,0.1388
412,1106,1518,0.1388
402,1111,1513,0.1388
403,1103,1506,0.1388
400,1107,1507,0.1388
403,1113,1516,0.1388
398,1113,1511,0.1388
397,1112,1509,0.1388
395,1111,1506,0.1388
392,1115,1507,0.1388
394,1112,1506,0.1388
390,1106,1496,0.1388
385,1120,1505,0.1388
380,1122,1502,0.1388
378,1126,1504,0.1388
374,1128,1502,0.1388
379,1130,1509,0.1388
379,1122,1501,0.1388
379,1134,1513,0.1388
379,1131,1510,0.1388
373,1134,1507,0.1388
373,1141,1514,0.1388
374,1142,1516,0.1388
373,1141,1514,0.1388
369,1131,1500,0.1388
369,1129,1498,0.1388
365,1131,1496,0.1388
353,1142,1495,0.1388
358,1129,1487,0.1388
360,1143,1503,0.1388
367,1135,1502,0.1388
361,1147,1508,0.1388
361,1149,1510,0.1388
349,1164,1513,0.1388
362,1159,1521,0.1388
353,1145,1498,0.1388
353,1159,1512,0.1388
357,1158,1515,0.1388
361,1166,1527,0.1388
357,1165,1522,0.1388
356,1158,1514,0.1388
348,1154,1502,0.1388
355,1163,1518,0.1388
356,1165,1521,0.1388
352,1161,1513,0.1388
353,1163,1516,0.1388
351,1163,1514,0.1388
350,1163,1513,0.1388
349,1161,1510,0.1388
343,1169,1512,0.1388
338,1170,1508,0.1388
337,1168,1505,0.1388
337,1178,1515,0.1388
343,1191,1534,0.1388
338,1168,1506,0.1388
336,1173,1509,0.1388
336,1170,1506,0.1388
341,1171,1512,0.1388
337,1174,1511,0.1388
333,1169,1502,0.1388
332,1174,1506,0.1388
324,1173,1497,0.1388
319,1175,1494,0.1388
317,1170,1487,0.1388
320,1184,1504,0.1388
322,1192,1514,0.1388
322,1193,1515,0.1388
317,1176,1493,0.1388
321,1171,1492,0.1388
321,1175,1496,0.1388
327,1175,1502,0.1388
321,1179,1500,0.1388
324,1189,1513,0.1388
328,1190,1518,0.1388
329,1185,1514,0.1388
327,1189,1516,0.1388
331,1181,1512,0.1388
339,1177,1516,0.1388
333,1192,1525,0.1388
334,1179,1513,0.1388
331,1177,1508,0.1388
329,1179,1508,0.1388
328,1178,1506,0.1388
328,1177,1505,0.1388
319,1186,1505,0.1388
318,1189,1507,0.1388
315,1187,1502,0.1388
314,1191,1505,0.1388
317,1189,1506,0.1388
319,1198,1517,0.1388
320,1185,1505,0.1388
321,1183,1504,0.1388
320,1182,1502,0.1388
323,1181,1504,0.1388
325,1191,1516,0.1388
319,1197,1516,0.1388
318,1190,1508,0.1388
319,1198,1517,0.1388
320,1198,1518,0.1388
320,1201,1521,0.1388
322,1207,1529,0.1388
321,1214,1535,0.1388
322,1204,1526,0.1388
324,1212,1536,0.1388
319,1191,1510,0.1388
322,1200,1522,0.1388
321,1208,1529,0.1388
322,1194,1516,0.1388
317,1197,1514,0.1388
319,1196,1515,0.1388
318,1197,1515,0.1388
314,1205,1519,0.1388
318,1211,1529,0.1388
316,1211,1527,0.1388
312,1203,1515,0.1388
306,1207,1513,0.1388
300,1201,1501,0.1388
300,1199,1499,0.1388
299,1199,1498,0.1388
295,1211,1506,0.1388
293,1207,1500,0.1388
292,1213,1505,0.1388
298,1229,1527,0.1388
292,1234,1526,0.1388
296,1230,1526,0.1388
291,1231,1522,0.1388
291,1235,1526,0.1388
291,1239,1530,0.1388
290,1233,1523,0.1388
286,1235,1521,0.1388
286,1231,1517,0.1388
287,1228,1515,0.1388
282,1230,1512,0.1388
281,1229,1510,0.1388
281,1226,1507,0.1388
280,1221,1501,0.1388
279,1231,1510,0.1388
276,1224,1500,0.1388
276,1238,1514,0.1388
274,1227,1501,0.1388
278,1234,1512,0.1388
277,1235,1512,0.1388
278,1228,1506,0.1388
281,1234,1515,0.1388
280,1227,1507,0.1388
275,1226,1501,0.1388
272,1233,1505,0.1388
272,1246,1518,0.1388
272,1234,1506,0.1388
266,1234,1500,0.1388
265,1241,1506,0.1388
266,1250,1516,0.1388
267,1263,1530,0.1388
260,1270,1530,0.1388
259,1268,1527,0.1388
257,1272,1529,0.1388
257,1271,1528,0.1388
254,1269,1523,0.1388
255,1274,1529,0.1388
251,1264,1515,0.1388
252,1266,1518,0.1388
247,1265,1512,0.1388
250,1251,1501,0.1388
247,1256,1503,0.1388
249,1244,1493,0.1388
250,1248,1498,0.1388
250,1251,1501,0.1388
252,1249,1501,0.1388
253,1260,1513,0.1388
251,1274,1525,0.1388
247,1270,1517,0.1388
245,1265,1510,0.1388
248,1267,1515,0.1388
253,1262,1515,0.1388
254,1266,1520,0.1388
257,1271,1528,0.1388
256,1259,1515,0.1388
255,1261,1516,0.1388
253,1257,1510,0.1388
254,1256,1510,0.1388
253,1264,1517,0.1388
252,1253,1505,0.1388
253,1276,1529,0.1388
250,1279,1529,0.1388
250,1269,1519,0.1388
243,1274,1517,0.1388
242,1281,1523,0.1388
242,1272,1514,0.1388
250,1275,1525,0.1388
249,1279,1528,0.1388
249,1281,1530,0.1388
244,1285,1529,0.1388
246,1264,1510,0.1388
241,1263,1504,0.1388
240,1274,1514,0.1388
245,1260,1505,0.1388
242,1250,1492,0.1388
240,1260,1500,0.1388
237,1268,1505,0.1388
237,1281,1518,0.1388
233,1279,1512,0.1388
241,1275,1516,0.1388
246,1278,1524,0.1388
244,1276,1520,0.1388
246,1285,1531,0.1388
243,1275,1518,0.1388
243,1274,1517,0.1388
238,1270,1508,0.1388
234,1277,1511,0.1388
232,1277,1509,0.1388
233,1287,1520,0.1388
231,1275,1506,0.1388
233,1269,1502,0.1388
230,1273,1503,0.1388
229,1283,1512,0.1388
228,1289,1517,0.1388
229,1287,1516,0.1388
235,1287,1522,0.1388
230,1282,1512,0.1388
228,1269,1497,0.1388
228,1281,1509,0.1388
227,1275,1502,0.1388
228,1279,1507,0.1388
231,1279,1510,0.1388
228,1290,1518,0.1388
232,1302,1534,0.1388
236,1291,1527,0.1388
235,1286,1521,0.1388
237,1287,1524,0.1388
235,1292,1527,0.1388
238,1289,1527,0.1388
232,1290,1522,0.1388
233,1293,1526,0.1388
229,1301,1530,0.1388
226,1295,1521,0.1388
226,1296,1522,0.1388
227,1284,1511,0.1388
226,1290,1516,0.1388
224,1292,1516,0.1388
220,1292,1512,0.1388
217,1309,1526,0.1388
213,1293,1506,0.1388
216,1290,1506,0.1388
215,1285,1500,0.1388
211,1292,1503,0.1388
208,1292,1500,0.1388
213,1287,1500,0.1388
215,1288,1503,0.1388
214,1290,1504,0.1388
219,1314,1533,0.1388
218,1315,1533,0.1388
218,1308,1526,0.1388
216,1305,1521,0.1388
213,1300,1513,0.1388
208,1300,1508,0.1388
211,1312,1523,0.1388
210,1316,1526,0.1388
212,1312,1524,0.1388
215,1288,1503,0.1388
217,1290,1507,0.1388
215,1281,1496,0.1388
216,1297,1513,0.1388
213,1302,1515,0.1388
205,1300,1505,0.1388
208,1303,1511,0.1388
209,1309,1518,0.1388
204,1310,1514,0.1388
208,1301,1509,0.1388
212,1291,1503,0.1388
211,1306,1517,0.1388
207,1306,1513,0.1388
209,1298,1507,0.1388
209,1308,1517,0.1388
208,1314,1522,0.1388
205,1306,1511,0.1388
202,1314,1516,0.1388
204,1300,1504,0.1388
204,1304,1508,0.1388
207,1318,1525,0.1388
206,1320,1526,0.1388
208,1311,1519,0.1388
215,1318,1533,0.1388
211,1312,1523,0.1388
208,1316,1524,0.1388
211,1321,1532,0.1388
208,1313,1521,0.1388
208,1310,1518,0.1388
205,1316,1521,0.1388
206,1309,1515,0.1388
208,1310,1518,0.1388
208,1321,1529,0.1388
206,1314,1520,0.1388
204,1310,1514,0.1388
205,1315,1520,0.1388
205,1307,1512,0.1388
207,1314,1521,0.1388
208,1305,1513,0.1388
202,1307,1509,0.1388
200,1298,1498,0.1388
204,1306,1510,0.1388
209,1302,1511,0.1388
212,1302,1514,0.1388
213,1310,1523,0.1388
211,1305,1516,0.1388
209,1306,1515,0.1388
211,1308,1519,0.1388
213,1300,1513,0.1388
208,1311,1519,0.1388
206,1310,1516,0.1388
203,1313,1516,0.1388
200,1317,1517,0.1388
199,1311,1510,0.1388
195,1305,1500,0.1388
199,1302,1501,0.1388
204,1310,1514,0.1388
203,1308,1511,0.1388
204,1301,1505,0.1388
205,1302,1507,0.1388
203,1303,1506,0.1388
208,1299,1507,0.1388
204,1300,1504,0.1388
201,1308,1509,0.1388
204,1314,1518,0.1388
201,1320,1521,0.1388
192,1327,1519,0.1388
201,1325,1526,0.1388
201,1316,1517,0.1388
204,1311,1515,0.1388
193,1309,1502,0.1388
193,1311,1504,0.1388
192,1331,1523,0.1388
190,1320,1510,0.1388
195,1317,1512,0.1388
196,1300,1496,0.1388
185,1309,1494,0.1388
188,1310,1498,0.1388
190,1307,1497,0.1388
193,1311,1504,0.1388
195,1320,1515,0.1388
195,1324,1519,0.1388
191,1322,1513,0.1388
193,1320,1513,0.1388
197,1316,1513,0.1388
201,1313,1514,0.1388
201,1310,1511,0.1388
203,1318,1521,0.1388
193,1310,1503,0.1388
192,1318,1510,0.1388
190,1318,1508,0.1388
196,1335,1531,0.1388
194,1344,1538,0.1388
192,1341,1533,0.1388
191,1346,1537,0.1388
192,1337,1529,0.1388
196,1324,1520,0.1388
197,1321,1518,0.1388
193,1308,1501,0.1388
194,1307,1501,0.1388
199,1314,1513,0.1388
191,1318,1509,0.1388
194,1327,1521,0.1388
196,1313,1509,0.1388
198,1322,1520,0.1388
198,1329,1527,0.1388
197,1329,1526,0.1388
196,1323,1519,0.1388
195,1326,1521,0.1388
192,1320,1512,0.1388
195,1321,1516,0.1388
194,1328,1522,0.1388
195,1323,1518,0.1388
199,1321,1520,0.1388
196,1314,1510,0.1388
196,1326,1522,0.1388
190,1323,1513,0.1388
188,1325,1513,0.1388
186,1322,1508,0.1388
184,1325,1509,0.1388
186,1318,1504,0.1388
181,1314,1495,0.1388
178,1308,1486,0.1388
183,1315,1498,0.1388
182,1313,1495,0.1388
184,1315,1499,0.1388
188,1310,1498,0.1388
190,1307,1497,0.1388
187,1299,1486,0.1388
189,1323,1512,0.1388
189,1323,1512,0.1388
193,1322,1515,0.1388
194,1321,1515,0.1388
193,1329,1522,0.1388
187,1332,1519,0.1388
188,1330,1518,0.1388
190,1335,1525,0.1388
191,1340,1531,0.1388
189,1333,1522,0.1388
186,1330,1516,0.1388
191,1324,1515,0.1388
192,1316,1508,0.1388
187,1327,1514,0.1388
187,1330,1517,0.1388
182,1338,1520,0.1388
182,1350,1532,0.1388
182,1333,1515,0.1388
179,1327,1506,0.1388
178,1333,1511,0.1388
177,1328,1505,0.1388
181,1331,1512,0.1388
182,1336,1518,0.1388
183,1326,1509,0.1388
181,1349,1530,0.1388
176,1343,1519,0.1388
176,1341,1517,0.1388
180,1327,1507,0.1388
178,1326,1504,0.1388
186,1320,1506,0.1388
184,1332,1516,0.1388
180,1337,1517,0.1388
180,1338,1518,0.1388
183,1327,1510,0.1388
182,1327,1509,0.1388
183,1327,1510,0.1388
183,1326,1509,0.1388
181,1342,1523,0.1388
184,1339,1523,0.1388
181,1346,1527,0.1388
184,1344,1528,0.1388
185,1345,1530,0.1388
186,1346,1532,0.1388
185,1323,1508,0.1388
185,1337,1522,0.1388
183,1333,1516,0.1388
177,1335,1512,0.1388
173,1339,1512,0.1388
171,1341,1512,0.1388
169,1335,1504,0.1388
172,1330,1502,0.1388
171,1333,1504,0.1388
172,1334,1506,0.1388
166,1343,1509,0.1388
163,1344,1507,0.1388
160,1343,1503,0.1388
163,1349,1512,0.1388
160,1356,1516,0.1388
163,1368,1531,0.1388
158,1365,1523,0.1388
154,1366,1520,0.1388
152,1359,1511,0.1388
153,1356,1509,0.1388
153,1352,1505,0.1388
151,1356,1507,0.1388
154,1361,1515,0.1388
153,1368,1521,0.1388
154,1368,1522,0.1388
150,1369,1519,0.1388
149,1369,1518,0.1388
147,1361,1508,0.1388
153,1360,1513,0.1388
151,1370,1521,0.1388
152,1369,1521,0.1388
151,1369,1520,0.1388
150,1363,1513,0.1388
153,1366,1519,0.1388
150,1366,1516,0.1388
151,1363,1514,0.1388
151,1368,1519,0.1388
152,1357,1509,0.1388
151,1356,1507,0.1388
150,1360,1510,0.1388
152,1371,1523,0.1388
149,1371,1520,0.1388
149,1366,1515,0.1388
150,1371,1521,0.1388
147,1360,1507,0.1388
146,1359,1505,0.1388
142,1361,1503,0.1388
142,1363,1505,0.1388
147,1361,1508,0.1388
143,1366,1509,0.1388
145,1385,1530,0.1388
145,1393,1538,0.1388
145,1387,1532,0.1388
151,1372,1523,0.1388
152,1371,1523,0.1388
153,1375,1528,0.1388
149,1367,1516,0.1388
148,1374,1522,0.1388
142,1380,1522,0.1388
145,1376,1521,0.1388
142,1376,1518,0.1388
140,1377,1517,0.1388
137,1385,1522,0.1388
141,1376,1517,0.1388
143,1376,1519,0.1388
144,1377,1521,0.1388
141,1383,1524,0.1388
138,1383,1521,0.1388
141,1379,1520,0.1388
139,1372,1511,0.1388
134,1374,1508,0.1388
136,1374,1510,0.1388
135,1384,1519,0.1388
132,1379,1511,0.1388
134,1378,1512,0.1388
132,1386,1518,0.1388
130,1386,1516,0.1388
131,1383,1514,0.1388
130,1379,1509,0.1388
130,1379,1509,0.1388
129,1386,1515,0.1388
126,1391,1517,0.1388
126,1390,1516,0.1388
126,1400,1526,0.1388
125,1397,1522,0.1388
125,1379,1504,0.1388
123,1383,1506,0.1388
123,1386,1509,0.1388
122,1390,1512,0.1388
121,1383,1504,0.1388
119,1391,1510,0.1388
118,1392,1510,0.1388
124,1394,1518,0.1388
119,1396,1515,0.1388
116,1404,1520,0.1388
113,1387,1500,0.1388
117,1400,1517,0.1388
113,1407,1520,0.1388
114,1400,1514,0.1388
109,1403,1512,0.1388
107,1397,1504,0.1388
106,1410,1516,0.1388
108,1405,1513,0.1388
106,1401,1507,0.1388
103,1417,1520,0.1388
102,1414,1516,0.1388
101,1414,1515,0.1388
100,1417,1517,0.1388
98,1415,1513,0.1388
96,1412,1508,0.1388
98,1424,1522,0.1388
98,1427,1525,0.1388
93,1423,1516,0.1388
99,1417,1516,0.1388
101,1421,1522,0.1388
100,1426,1526,0.1388
100,1420,1520,0.1388
98,1420,1518,0.1388
95,1418,1513,0.1388
92,1408,1500,0.1388
93,1401,1494,0.1388
93,1412,1505,0.1388
92,1433,1525,0.1388
92,1432,1524,0.1388
88,1430,1518,0.1388
90,1430,1520,0.1388
89,1430,1519,0.1388
91,1431,1522,0.1388
88,1424,1512,0.1388
87,1423,1510,0.1388
88,1426,1514,0.1388
86,1428,1514,0.1388
86,1422,1508,0.1388
83,1435,1518,0.1388
82,1431,1513,0.1388
82,1442,1524,0.1388
78,1444,1522,0.1388
78,1449,1527,0.1388
79,1444,1523,0.1388
81,1445,1526,0.1388
80,1443,1523,0.1388
82,1425,1507,0.1388
84,1425,1509,0.1388
83,1431,1514,0.1388
81,1418,1499,0.1388
84,1422,1506,0.1388
80,1433,1513,0.1388
80,1434,1514,0.1388
80,1448,1528,0.1388
79,1436,1515,0.1388
75,1445,1520,0.1388
73,1441,1514,0.1388
71,1440,1511,0.1388
70,1436,1506,0.1388
70,1448,1518,0.1388
70,1448,1518,0.1388
68,1437,1505,0.1388
67,1440,1507,0.1388
67,1442,1509,0.1388
67,1440,1507,0.1388
67,1435,1502,0.1388
66,1444,1510,0.1388
66,1458,1524,0.1388
62,1460,1522,0.1388
60,1452,1512,0.1388
60,1453,1513,0.1388
58,1458,1516,0.1388
56,1454,1510,0.1388
58,1451,1509,0.1388
58,1454,1512,0.1388
60,1453,1513,0.1388
59,1447,1506,0.1388
60,1450,1510,0.1388
60,1443,1503,0.1388
60,1438,1498,0.1388
58,1434,1492,0.1388
61,1450,1511,0.1388
62,1456,1518,0.1388
62,1465,1527,0.1388
64,1460,1524,0.1388
61,1457,1518,0.1388
63,1464,1527,0.1388
63,1462,1525,0.1388
61,1462,1523,0.1388
60,1464,1524,0.1388
61,1463,1524,0.1388
62,1453,1515,0.1388
62,1455,1517,0.1388
61,1467,1528,0.1388
57,1458,1515,0.1388
58,1466,1524,0.1388
58,1446,1504,0.1388
59,1453,1512,0.1388
57,1460,1517,0.1388
56,1459,1515,0.1388
55,1470,1525,0.1388
55,1481,1536,0.1388
55,1481,1536,0.1388
56,1474,1530,0.1388
52,1455,1507,0.1388
50,1454,1504,0.1388
52,1464,1516,0.1388
53,1460,1513,0.1388
55,1467,1522,0.1388
53,1457,1510,0.1388
51,1451,1502,0.1388
54,1465,1519,0.1388
53,1467,1520,0.1388
52,1470,1522,0.1388
52,1476,1528,0.1388
53,1466,1519,0.1388
51,1443,1494,0.1388
51,1448,1499,0.1388
47,1466,1513,0.1388
50,1451,1501,0.1388
49,1459,1508,0.1388
47,1462,1509,0.1388
49,1468,1517,0.1388
52,1473,1525,0.1388
53,1472,1525,0.1388
53,1474,1527,0.1388
54,1475,1529,0.1388
55,1475,1530,0.1388
52,1465,1517,0.1388
53,1468,1521,0.1388
54,1449,1503,0.1388
54,1462,1516,0.1388
52,1467,1519,0.1388
54,1468,1522,0.1388
53,1464,1517,0.1388
54,1465,1519,0.1388
53,1469,1522,0.1388
52,1468,1520,0.1388
51,1472,1523,0.1388
47,1479,1526,0.1388
49,1469,1518,0.1388
50,1466,1516,0.1388
49,1448,1497,0.1388
50,1468,1518,0.1388
48,1457,1505,0.1388
47,1472,1519,0.1388
45,1468,1513,0.1388
42,1464,1506,0.1388
46,1468,1514,0.1388
43,1464,1507,0.1388
44,1477,1521,0.1388
42,1490,1532,0.1388
43,1482,1525,0.1388
47,1476,1523,0.1388
44,1471,1515,0.1388
44,1475,1519,0.1388
45,1481,1526,0.1388
45,1480,1525,0.1388
45,1480,1525,0.1388
45,1477,1522,0.1388
43,1481,1524,0.1388
41,1470,1511,0.1388
42,1469,1511,0.1388
42,1472,1514,0.1388
41,1462,1503,0.1388
40,1464,1504,0.1388
39,1476,1515,0.1388
41,1470,1511,0.1388
43,1482,1525,0.1388
41,1489,1530,0.1388
40,1494,1534,0.1388
38,1480,1518,0.1388
36,1487,1523,0.1388
35,1481,1516,0.1388
36,1477,1513,0.1388
34,1486,1520,0.1388
35,1487,1522,0.1388
35,1480,1515,0.1388
35,1475,1510,0.1388
35,1483,1518,0.1388
38,1471,1509,0.1388
38,1490,1528,0.1388
38,1476,1514,0.1388
39,1474,1513,0.1388
39,1479,1518,0.1388
39,1471,1510,0.1388
39,1473,1512,0.1388
39,1472,1511,0.1388
39,1474,1513,0.1388
38,1492,1530,0.1388
38,1492,1530,0.1388
37,1471,1508,0.1388
39,1472,1511,0.1388
39,1471,1510,0.1388
38,1475,1513,0.1388
37,1482,1519,0.1388
35,1483,1518,0.1388
36,1488,1524,0.1388
34,1484,1518,0.1388
34,1488,1522,0.1388
35,1489,1524,0.1388
34,1475,1509,0.1388
34,1481,1515,0.1388
34,1480,1514,0.1388
34,1475,1509,0.1388
34,1473,1507,0.1388
35,1470,1505,0.1388
35,1472,1507,0.1388
37,1473,1510,0.1388
36,1486,1522,0.1388
36,1473,1509,0.1388
37,1477,1514,0.1388
36,1489,1525,0.1388
36,1481,1517,0.1388
35,1479,1514,0.1388
34,1475,1509,0.1388
36,1488,1524,0.1388
37,1490,1527,0.1388
37,1497,1534,0.1388
37,1482,1519,0.1388
35,1478,1513,0.1388
35,1480,1515,0.1388
34,1482,1516,0.1388
35,1479,1514,0.1388
35,1477,1512,0.1388
34,1478,1512,0.1388
34,1485,1519,0.1388
37,1481,1518,0.1388
39,1493,1532,0.1388
40,1492,1532,0.1388
39,1497,1536,0.1388
39,1493,1532,0.1388
40,1487,1527,0.1388
41,1470,1511,0.1388
40,1466,1506,0.1388
41,1470,1511,0.1388
41,1462,1503,0.1388
41,1460,1501,0.1388
41,1463,1504,0.1388
41,1461,1502,0.1388
41,1475,1516,0.1388
40,1485,1525,0.1388
40,1476,1516,0.1388
41,1481,1522,0.1388
41,1479,1520,0.1388
40,1467,1507,0.1388
38,1479,1517,0.1388
38,1479,1517,0.1388
40,1476,1516,0.1388
41,1477,1518,0.1388
43,1466,1509,0.1388
42,1474,1516,0.1388
40,1467,1507,0.1388
37,1482,1519,0.1388
37,1500,1537,0.1388
36,1497,1533,0.1388
37,1491,1528,0.1388
37,1485,1522,0.1388
37,1488,1525,0.1388
37,1474,1511,0.1388
38,1477,1515,0.1388
37,1477,1514,0.1388
38,1477,1515,0.1388
37,1486,1523,0.1388
37,1480,1517,0.1388
37,1466,1503,0.1388
36,1466,1502,0.1388
35,1481,1516,0.1388
34,1481,1515,0.1388
34,1475,1509,0.1388
34,1459,1493,0.1388
36,1466,1502,0.1388
37,1469,1506,0.1388
40,1462,1502,0.1388
40,1456,1496,0.1388
40,1458,1498,0.1388
38,1457,1495,0.1388
37,1452,1489,0.1388
38,1460,1498,0.1388
38,1467,1505,0.1388
36,1470,1506,0.1388
38,1471,1509,0.1388
39,1468,1507,0.1388
40,1471,1511,0.1388
39,1473,1512,0.1388
39,1475,1514,0.1388
37,1481,1518,0.1388
35,1474,1509,0.1388
31,1488,1519,0.1388
34,1497,1531,0.1388
33,1504,1537,0.1388
33,1505,1538,0.1388
33,1502,1535,0.1388
33,1496,1529,0.1388
34,1488,1522,0.1388
35,1485,1520,0.1388
34,1472,1506,0.1388
33,1489,1522,0.1388
32,1487,1519,0.1388
31,1495,1526,0.1388
30,1497,1527,0.1388
28,1489,1517,0.1388
29,1483,1512,0.1388
27,1495,1522,0.1388
28,1493,1521,0.1388
27,1491,1518,0.1388
27,1481,1508,0.1388
25,1480,1505,0.1388
23,1485,1508,0.1388
24,1495,1519,0.1388
24,1485,1509,0.1388
24,1482,1506,0.1388
24,1491,1515,0.1388
24,1494,1518,0.1388
22,1497,1519,0.1388
22,1499,1521,0.1388
21,1486,1507,0.1388
25,1484,1509,0.1388
25,1490,1515,0.1388
24,1495,1519,0.1388
23,1482,1505,0.1388
23,1478,1501,0.1388
22,1477,1499,0.1388
22,1486,1508,0.1388
21,1503,1524,0.1388
20,1494,1514,0.1388
21,1505,1526,0.1388
21,1509,1530,0.1388
21,1510,1531,0.1388
20,1513,1533,0.1388
19,1511,1530,0.1388
19,1513,1532,0.1388
19,1513,1532,0.1388
19,1511,1530,0.1388
17,1514,1531,0.1388
18,1511,1529,0.1388
18,1515,1533,0.1388
17,1503,1520,0.1388
17,1495,1512,0.1388
16,1485,1501,0.1388
17,1495,1512,0.1388
17,1502,1519,0.1388
17,1506,1523,0.1388
17,1489,1506,0.1388
18,1496,1514,0.1388
18,1488,1506,0.1388
17,1498,1515,0.1388
18,1501,1519,0.1388
17,1496,1513,0.1388
19,1499,1518,0.1388
20,1496,1516,0.1388
19,1497,1516,0.1388
19,1496,1515,0.1388
20,1495,1515,0.1388
19,1509,1528,0.1388
19,1503,1522,0.1388
20,1493,1513,0.1388
20,1490,1510,0.1388
20,1490,1510,0.1388
20,1488,1508,0.1388
20,1482,1502,0.1388
20,1485,1505,0.1388
20,1493,1513,0.1388
19,1492,1511,0.1388
19,1491,1510,0.1388
19,1497,1516,0.1388
19,1487,1506,0.1388
18,1484,1502,0.1388
17,1481,1498,0.1388
17,1485,1502,0.1388
17,1504,1521,0.1388
19,1512,1531,0.1388
19,1502,1521,0.1388
19,1501,1520,0.1388
18,1505,1523,0.1388
18,1501,1519,0.1388
17,1498,1515,0.1388
17,1500,1517,0.1388
17,1498,1515,0.1388
16,1505,1521,0.1388
16,1507,1523,0.1388
17,1510,1527,0.1388
18,1520,1538,0.1388
17,1528,1545,0.1388
16,1503,1519,0.1388
17,1497,1514,0.1388
15,1505,1520,0.1388
14,1492,1506,0.1388
14,1491,1505,0.1388
15,1478,1493,0.1388
14,1484,1498,0.1388
14,1496,1510,0.1388
12,1490,1502,0.1388
12,1491,1503,0.1388
13,1508,1521,0.1388
14,1507,1521,0.1388
13,1499,1512,0.1388
14,1496,1510,0.1388
13,1488,1501,0.1388
13,1485,1498,0.1388
13,1507,1520,0.1388
13,1502,1515,0.1388
13,1498,1511,0.1388
12,1506,1518,0.1388
12,1505,1517,0.1388
13,1507,1520,0.1388
14,1497,1511,0.1388
14,1502,1516,0.1388
15,1502,1517,0.1388
15,1509,1524,0.1388
14,1523,1537,0.1388
14,1514,1528,0.1388
13,1513,1526,0.1388
13,1504,1517,0.1388
13,1506,1519,0.1388
13,1496,1509,0.1388
13,1494,1507,0.1388
13,1480,1493,0.1388
12,1492,1504,0.1388
12,1506,1518,0.1388
11,1515,1526,0.1388
10,1510,1520,0.1388
11,1515,1526,0.1388
11,1500,1511,0.1388
10,1509,1519,0.1388
10,1500,1510,0.1388
10,1491,1501,0.1388
10,1491,1501,0.1388
11,1488,1499,0.1388
10,1499,1509,0.1388
10,1482,1492,0.1388
10,1503,1513,0.1388
10,1508,1518,0.1388
11,1501,1512,0.1388
11,1491,1502,0.1388
11,1497,1508,0.1388
10,1498,1508,0.1388
10,1497,1507,0.1388
10,1499,1509,0.1388
10,1506,1516,0.1388
10,1495,1505,0.1388
10,1495,1505,0.1388
10,1487,1497,0.1388
11,1501,1512,0.1388
10,1506,1516,0.1388
10,1504,1514,0.1388
10,1507,1517,0.1388
10,1512,1522,0.1388
10,1515,1525,0.1388
10,1519,1529,0.1388
9,1510,1519,0.1388
9,1514,1523,0.1388
9,1503,1512,0.1388
9,1499,1508,0.1388
10,1500,1510,0.1388
10,1488,1498,0.1388
11,1494,1505,0.1388
12,1508,1520,0.1388
12,1516,1528,0.1388
13,1512,1525,0.1388
12,1513,1525,0.1388
11,1511,1522,0.1388
12,1505,1517,0.1388
11,1494,1505,0.1388
11,1498,1509,0.1388
11,1504,1515,0.1388
10,1490,1500,0.1388
10,1506,1516,0.1388
10,1513,1523,0.1388
12,1515,1527,0.1388
11,1516,1527,0.1388
10,1505,1515,0.1388
10,1499,1509,0.1388
10,1496,1506,0.1388
9,1499,1508,0.1388
10,1523,1533,0.1388
10,1508,1518,0.1388
10,1509,1519,0.1388
10,1499,1509,0.1388
10,1494,1504,0.1388
10,1500,1510,0.1388
11,1499,1510,0.1388
11,1507,1518,0.1388
10,1508,1518,0.1388
10,1500,1510,0.1388
10,1505,1515,0.1388
10,1505,1515,0.1388
11,1509,1520,0.1388
11,1510,1521,0.1388
11,1501,1512,0.1388
10,1510,1520,0.1388
10,1500,1510,0.1388
10,1507,1517,0.1388
9,1507,1516,0.1388
9,1497,1506,0.1388
9,1484,1493,0.1388
9,1506,1515,0.1388
9,1498,1507,0.1388
7,1506,1513,0.1388
10,1505,1515,0.1388
10,1510,1520,0.1388
10,1501,1511,0.1388
11,1499,1510,0.1388
11,1514,1525,0.1388
9,1515,1524,0.1388
8,1519,1527,0.1388
8,1511,1519,0.1388
8,1506,1514,0.1388
8,1508,1516,0.1388
8,1500,1508,0.1388
8,1510,1518,0.1388
8,1509,1517,0.1388
7,1505,1512,0.1388
8,1506,1514,0.1388
8,1519,1527,0.1388
8,1510,1518,0.1388
8,1506,1514,0.1388
8,1515,1523,0.1388
8,1500,1508,0.1388
8,1509,1517,0.1388
9,1498,1507,0.1388
9,1495,1504,0.1388
9,1498,1507,0.1388
9,1492,1501,0.1388
9,1496,1505,0.1388
9,1503,1512,0.1388
9,1505,1514,0.1388
9,1500,1509,0.1388
9,1515,1524,0.1388
10,1509,1519,0.1388
10,1530,1540,0.1388
9,1525,1534,0.1388
9,1517,1526,0.1388
9,1519,1528,0.1388
10,1514,1524,0.1388
9,1513,1522,0.1388
9,1507,1516,0.1388
9,1503,1512,0.1388
10,1501,1511,0.1388
10,1497,1507,0.1388
11,1493,1504,0.1388
11,1498,1509,0.1388
9,1496,1505,0.1388
9,1502,1511,0.1388
8,1519,1527,0.1388
7,1516,1523,0.1388
8,1517,1525,0.1388
8,1508,1516,0.1388
7,1500,1507,0.1388
7,1512,1519,0.1388
7,1497,1504,0.1388
7,1497,1504,0.1388
7,1496,1503,0.1388
6,1504,1510,0.1388
6,1508,1514,0.1388
6,1520,1526,0.1388
5,1521,1526,0.1388
5,1513,1518,0.1388
5,1509,1514,0.1388
5,1500,1505,0.1388
5,1507,1512,0.1388
4,1518,1522,0.1388
5,1536,1541,0.1388
6,1521,1527,0.1388
5,1521,1526,0.1388
4,1529,1533,0.1388
3,1507,1510,0.1388
2,1512,1514,0.1388
2,1514,1516,0.1388
2,1512,1514,0.1388
2,1499,1501,0.1388
3,1507,1510,0.1388
3,1514,1517,0.1388
3,1511,1514,0.1388
3,1504,1507,0.1388
3,1502,1505,0.1388
3,1511,1514,0.1388
3,1518,1521,0.1388
3,1510,1513,0.1388
3,1509,1512,0.1388
3,1501,1504,0.1388
3,1496,1499,0.1388
3,1500,1503,0.1388
3,1512,1515,0.1388
3,1499,1502,0.1388
3,1502,1505,0.1388
3,1505,1508,0.1388
3,1507,1510,0.1388
3,1513,1516,0.1388
3,1521,1524,0.1388
3,1515,1518,0.1388
3,1513,1516,0.1388
3,1511,1514,0.1388
3,1511,1514,0.1388
3,1511,1514,0.1388
3,1508,1511,0.1388
3,1502,1505,0.1388
3,1502,1505,0.1388
3,1514,1517,0.1388
3,1521,1524,0.1388
3,1527,1530,0.1388
3,1515,1518,0.1388
3,1531,1534,0.1388
3,1530,1533,0.1388
3,1542,1545,0.1388
3,1543,1546,0.1388
3,1532,1535,0.1388
4,1510,1514,0.1388
4,1516,1520,0.1388
4,1507,1511,0.1388
4,1511,1515,0.1388
3,1513,1516,0.1388
3,1513,1516,0.1388
3,1517,1520,0.1388
3,1521,1524,0.1388
3,1530,1533,0.1388
3,1534,1537,0.1388
3,1521,1524,0.1388
4,1526,1530,0.1388
4,1518,1522,0.1388
4,1514,1518,0.1388
4,1504,1508,0.1388
4,1504,1508,0.1388
3,1508,1511,0.1388
3,1515,1518,0.1388
5,1494,1499,0.1388
5,1497,1502,0.1388
5,1492,1497,0.1388
5,1508,1513,0.1388
5,1506,1511,0.1388
5,1509,1514,0.1388
5,1503,1508,0.1388
5,1511,1516,0.1388
5,1513,1518,0.1388
5,1514,1519,0.1388
5,1516,1521,0.1388
5,1511,1516,0.1388
5,1498,1503,0.1388
4,1513,1517,0.1388
4,1525,1529,0.1388
4,1537,1541,0.1388
4,1505,1509,0.1388
4,1503,1507,0.1388
4,1517,1521,0.1388
4,1522,1526,0.1388
4,1526,1530,0.1388
5,1513,1518,0.1388
6,1520,1526,0.1388
6,1519,1525,0.1388
6,1518,1524,0.1388
6,1507,1513,0.1388
6,1498,1504,0.1388
6,1505,1511,0.1388
5,1512,1517,0.1388
6,1513,1519,0.1388
6,1518,1524,0.1388
6,1512,1518,0.1388
6,1513,1519,0.1388
6,1525,1531,0.1388
6,1525,1531,0.1388
6,1510,1516,0.1388
6,1501,1507,0.1388
6,1499,1505,0.1388
6,1503,1509,0.1388
6,1501,1507,0.1388
5,1511,1516,0.1388
5,1519,1524,0.1388
5,1507,1512,0.1388
5,1506,1511,0.1388
5,1497,1502,0.1388
6,1507,1513,0.1388
6,1506,1512,0.1388
6,1499,1505,0.1388
6,1501,1507,0.1388
6,1499,1505,0.1388
6,1497,1503,0.1388
7,1502,1509,0.1388
6,1500,1506,0.1388
6,1512,1518,0.1388
6,1507,1513,0.1388
5,1504,1509,0.1388
6,1505,1511,0.1388
4,1507,1511,0.1388
4,1504,1508,0.1388
5,1518,1523,0.1388
5,1515,1520,0.1388
6,1514,1520,0.1388
6,1502,1508,0.1388
7,1510,1517,0.1388
8,1510,1518,0.1388
8,1517,1525,0.1388
8,1510,1518,0.1388
9,1502,1511,0.1388
7,1521,1528,0.1388
8,1513,1521,0.1388
9,1508,1517,0.1388
9,1507,1516,0.1388
9,1505,1514,0.1388
10,1495,1505,0.1388
10,1505,1515,0.1388
9,1505,1514,0.1388
9,1521,1530,0.1388
8,1511,1519,0.1388
8,1512,1520,0.1388
6,1515,1521,0.1388
7,1506,1513,0.1388
6,1514,1520,0.1388
7,1506,1513,0.1388
8,1513,1521,0.1388
9,1505,1514,0.1388
8,1496,1504,0.1388
8,1501,1509,0.1388
9,1506,1515,0.1388
9,1511,1520,0.1388
9,1514,1523,0.1388
10,1507,1517,0.1388
11,1504,1515,0.1388
11,1512,1523,0.1388
11,1508,1519,0.1388
11,1520,1531,0.1388
11,1512,1523,0.1388
11,1507,1518,0.1388
10,1501,1511,0.1388
9,1505,1514,0.1388
9,1492,1501,0.1388
10,1491,1501,0.1388
10,1500,1510,0.1388
10,1510,1520,0.1388
10,1530,1540,0.1388
10,1510,1520,0.1388
10,1507,1517,0.1388
9,1508,1517,0.1388
9,1516,1525,0.1388
10,1512,1522,0.1388
10,1516,1526,0.1388
10,1512,1522,0.1388
8,1515,1523,0.1388
8,1512,1520,0.1388
9,1509,1518,0.1388
8,1512,1520,0.1388
8,1508,1516,0.1388
8,1516,1524,0.1388
8,1504,1512,0.1388
9,1510,1519,0.1388
9,1513,1522,0.1388
9,1504,1513,0.1388
10,1505,1515,0.1388
11,1503,1514,0.1388
10,1501,1511,0.1388
10,1495,1505,0.1388
9,1488,1497,0.1388
9,1515,1524,0.1388
9,1506,1515,0.1388
9,1500,1509,0.1388
9,1505,1514,0.1388
9,1496,1505,0.1388
8,1512,1520,0.1388
9,1512,1521,0.1388
9,1515,1524,0.1388
9,1516,1525,0.1388
9,1514,1523,0.1388
8,1501,1509,0.1388
7,1501,1508,0.1388
7,1502,1509,0.1388
8,1505,1513,0.1388
9,1505,1514,0.1388
7,1502,1509,0.1388
7,1513,1520,0.1388
7,1510,1517,0.1388
7,1505,1512,0.1388
7,1511,1518,0.1388
7,1508,1515,0.1388
7,1518,1525,0.1388
7,1511,1518,0.1388
6,1518,1524,0.1388
6,1518,1524,0.1388
6,1523,1529,0.1388
6,1522,1528,0.1388
5,1510,1515,0.1388
5,1512,1517,0.1388
5,1503,1508,0.1388
5,1517,1522,0.1388
5,1520,1525,0.1388
5,1524,1529,0.1388
5,1519,1524,0.1388
5,1513,1518,0.1388
5,1505,1510,0.1388
5,1510,1515,0.1388
5,1506,1511,0.1388
5,1518,1523,0.1388
5,1511,1516,0.1388
5,1507,1512,0.1388
5,1509,1514,0.1388
5,1514,1519,0.1388
5,1518,1523,0.1388
5,1503,1508,0.1388
5,1487,1492,0.1388
5,1483,1488,0.1388
5,1490,1495,0.1388
5,1486,1491,0.1388
5,1491,1496,0.1388
4,1505,1509,0.1388
3,1496,1499,0.1388
3,1491,1494,0.1388
3,1492,1495,0.1388
3,1507,1510,0.1388
3,1510,1513,0.1388
3,1515,1518,0.1388
4,1522,1526,0.1388
5,1511,1516,0.1388
5,1513,1518,0.1388
5,1504,1509,0.1388
5,1504,1509,0.1388
5,1503,1508,0.1388
5,1503,1508,0.1388
5,1507,1512,0.1388
5,1499,1504,0.1388
5,1483,1488,0.1388
5,1503,1508,0.1388
6,1504,1510,0.1388
5,1498,1503,0.1388
5,1507,1512,0.1388
5,1516,1521,0.1388
5,1507,1512,0.1388
5,1506,1511,0.1388
5,1498,1503,0.1388
5,1504,1509,0.1388
3,1507,1510,0.1388
4,1506,1510,0.1388
4,1511,1515,0.1388
4,1506,1510,0.1388
4,1508,1512,0.1388
4,1507,1511,0.1388
4,1526,1530,0.1388
5,1517,1522,0.1388
5,1507,1512,0.1388
4,1505,1509,0.1388
5,1500,1505,0.1388
5,1509,1514,0.1388
5,1500,1505,0.1388
4,1505,1509,0.1388
4,1503,1507,0.1388
3,1511,1514,0.1388
5,1502,1507,0.1388
5,1513,1518,0.1388
4,1512,1516,0.1388
4,1507,1511,0.1388
4,1509,1513,0.1388
4,1511,1515,0.1388
4,1505,1509,0.1388
4,1508,1512,0.1388
5,1505,1510,0.1388
5,1504,1509,0.1388
6,1504,1510,0.1388
6,1514,1520,0.1388
6,1510,1516,0.1388
6,1520,1526,0.1388
6,1522,1528,0.1388
6,1498,1504,0.1388
6,1505,1511,0.1388
6,1503,1509,0.1388
5,1513,1518,0.1388
5,1519,1524,0.1388
5,1509,1514,0.1388
5,1513,1518,0.1388
5,1528,1533,0.1388
5,1526,1531,0.1388
5,1526,1531,0.1388
6,1514,1520,0.1388
5,1511,1516,0.1388
5,1518,1523,0.1388
6,1528,1534,0.1388
6,1510,1516,0.1388
6,1500,1506,0.1388
6,1493,1499,0.1388
6,1492,1498,0.1388
6,1509,1515,0.1388
6,1511,1517,0.1388
6,1511,1517,0.1388
6,1505,1511,0.1388
5,1501,1506,0.1388
5,1503,1508,0.1388
5,1512,1517,0.1388
4,1507,1511,0.1388
4,1514,1518,0.1388
4,1510,1514,0.1388
4,1509,1513,0.1388
4,1508,1512,0.1388
4,1498,1502,0.1388
3,1514,1517,0.1388
2,1503,1505,0.1388
2,1502,1504,0.1388
3,1520,1523,0.1388
3,1514,1517,0.1388
3,1523,1526,0.1388
3,1521,1524,0.1388
3,1504,1507,0.1388
3,1506,1509,0.1388
3,1510,1513,0.1388
3,1508,1511,0.1388
3,1516,1519,0.1388
2,1511,1513,0.1388
2,1505,1507,0.1388
2,1504,1506,0.1388
2,1519,1521,0.1388
2,1515,1517,0.1388
2,1508,1510,0.1388
3,1508,1511,0.1388
3,1524,1527,0.1388
3,1521,1524,0.1388
3,1526,1529,0.1388
2,1509,1511,0.1388
2,1496,1498,0.1388
2,1513,1515,0.1388
2,1509,1511,0.1388
2,1509,1511,0.1388
2,1527,1529,0.1388
1,1514,1515,0.1388
1,1514,1515,0.1388
1,1520,1521,0.1388
0,1513,1513,0.1388
