1373,31,1404,0.1388
1407,31,1438,0.1388
1413,31,1444,0.1388
1435,31,1466,0.1388
1443,31,1474,0.1388
1441,29,1470,0.1388
1452,29,1481,0.1388
1458,28,1486,0.1388
1448,28,1476,0.1388
1462,28,1490,0.1388
1466,28,1494,0.1388
1472,29,1501,0.1388
1472,30,1502,0.1388
1484,31,1515,0.1388
1469,33,1502,0.1388
1474,32,1506,0.1388
1484,31,1515,0.1388
1478,36,1514,0.1388
1483,34,1517,0.1388
1473,38,1511,0.1388
1473,37,1510,0.1388
1469,38,1507,0.1388
1454,36,1490,0.1388
1465,37,1502,0.1388
1459,38,1497,0.1388
1451,37,1488,0.1388
1448,41,1489,0.1388
1448,45,1493,0.1388
1452,44,1496,0.1388
1453,44,1497,0.1388
1447,45,1492,0.1388
1460,44,1504,0.1388
1457,45,1502,0.1388
1438,43,1481,0.1388
1440,41,1481,0.1388
1449,42,1491,0.1388
1451,43,1494,0.1388
1461,43,1504,0.1388
1457,44,1501,0.1388
1463,47,1510,0.1388
1468,46,1514,0.1388
1452,48,1500,0.1388
1444,47,1491,0.1388
1447,45,1492,0.1388
1450,45,1495,0.1388
1458,44,1502,0.1388
1459,44,1503,0.1388
1444,44,1488,0.1388
1448,44,1492,0.1388
1440,44,1484,0.1388
1446,44,1490,0.1388
1434,45,1479,0.1388
1429,44,1473,0.1388
1441,45,1486,0.1388
1449,42,1491,0.1388
1457,42,1499,0.1388
1453,38,1491,0.1388
1450,35,1485,0.1388
1470,34,1504,0.1388
1464,35,1499,0.1388
1463,34,1497,0.1388
1466,35,1501,0.1388
1453,36,1489,0.1388
1461,36,1497,0.1388
1454,36,1490,0.1388
1457,36,1493,0.1388
1459,39,1498,0.1388
1465,41,1506,0.1388
1473,42,1515,0.1388
1462,42,1504,0.1388
1458,42,1500,0.1388
1465,43,1508,0.1388
1439,43,1482,0.1388
1444,43,1487,0.1388
1441,42,1483,0.1388
1446,44,1490,0.1388
1433,44,1477,0.1388
1429,45,1474,0.1388
1438,49,1487,0.1388
1429,49,1478,0.1388
1434,50,1484,0.1388
1448,51,1499,0.1388
1451,50,1501,0.1388
1468,50,1518,0.1388
1470,48,1518,0.1388
1464,46,1510,0.1388
1447,46,1493,0.1388
1445,49,1494,0.1388
1442,49,1491,0.1388
1445,48,1493,0.1388
1457,49,1506,0.1388
1453,48,1501,0.1388
1461,49,1510,0.1388
1454,51,1505,0.1388
1439,49,1488,0.1388
1443,49,1492,0.1388
1455,49,1504,0.1388
1448,48,1496,0.1388
1441,48,1489,0.1388
1447,49,1496,0.1388
1450,51,1501,0.1388
1438,49,1487,0.1388
1435,49,1484,0.1388
1438,47,1485,0.1388
1428,46,1474,0.1388
1447,46,1493,0.1388
1442,49,1491,0.1388
1429,51,1480,0.1388
1427,52,1479,0.1388
1424,54,1478,0.1388
1442,55,1497,0.1388
1447,54,1501,0.1388
1449,52,1501,0.1388
1451,51,1502,0.1388
1441,53,1494,0.1388
1446,52,1498,0.1388
1457,52,1509,0.1388
1458,51,1509,0.1388
1451,50,1501,0.1388
1449,50,1499,0.1388
1451,50,1501,0.1388
1455,50,1505,0.1388
1458,50,1508,0.1388
1447,51,1498,0.1388
1443,50,1493,0.1388
1451,50,1501,0.1388
1436,51,1487,0.1388
1429,52,1481,0.1388
1433,51,1484,0.1388
1424,52,1476,0.1388
1431,56,1487,0.1388
1446,54,1500,0.1388
1450,55,1505,0.1388
1444,54,1498,0.1388
1439,53,1492,0.1388
1448,53,1501,0.1388
1446,53,1499,0.1388
1439,54,1493,0.1388
1428,54,1482,0.1388
1424,53,1477,0.1388
1428,51,1479,0.1388
1447,50,1497,0.1388
1442,50,1492,0.1388
1444,52,1496,0.1388
1440,50,1490,0.1388
1440,50,1490,0.1388
1443,52,1495,0.1388
1440,53,1493,0.1388
1436,53,1489,0.1388
1428,51,1479,0.1388
1447,52,1499,0.1388
1441,54,1495,0.1388
1452,55,1507,0.1388
1460,56,1516,0.1388
1458,57,1515,0.1388
1458,57,1515,0.1388
1439,56,1495,0.1388
1438,54,1492,0.1388
1449,57,1506,0.1388
1459,57,1516,0.1388
1463,55,1518,0.1388
1456,56,1512,0.1388
1447,56,1503,0.1388
1450,56,1506,0.1388
1443,59,1502,0.1388
1437,63,1500,0.1388
1440,63,1503,0.1388
1446,64,1510,0.1388
1431,60,1491,0.1388
1442,63,1505,0.1388
1440,63,1503,0.1388
1442,61,1503,0.1388
1425,63,1488,0.1388
1407,62,1469,0.1388
1419,64,1483,0.1388
1426,63,1489,0.1388
1428,64,1492,0.1388
1416,65,1481,0.1388
1414,67,1481,0.1388
1426,68,1494,0.1388
1419,67,1486,0.1388
1422,66,1488,0.1388
1426,68,1494,0.1388
1434,70,1504,0.1388
1429,70,1499,0.1388
1417,71,1488,0.1388
1436,70,1506,0.1388
1428,64,1492,0.1388
1417,61,1478,0.1388
1404,62,1466,0.1388
1412,62,1474,0.1388
1423,64,1487,0.1388
1423,65,1488,0.1388
1410,66,1476,0.1388
1412,64,1476,0.1388
1411,62,1473,0.1388
1422,65,1487,0.1388
1416,66,1482,0.1388
1426,70,1496,0.1388
1425,69,1494,0.1388
1431,68,1499,0.1388
1420,70,1490,0.1388
1416,72,1488,0.1388
1418,73,1491,0.1388
1423,74,1497,0.1388
1411,74,1485,0.1388
1415,72,1487,0.1388
1426,73,1499,0.1388
1413,70,1483,0.1388
1421,70,1491,0.1388
1433,69,1502,0.1388
1422,66,1488,0.1388
1428,67,1495,0.1388
1425,64,1489,0.1388
1425,67,1492,0.1388
1422,69,1491,0.1388
1422,70,1492,0.1388
1429,70,1499,0.1388
1406,70,1476,0.1388
1424,72,1496,0.1388
1425,75,1500,0.1388
1430,74,1504,0.1388
1419,73,1492,0.1388
1414,75,1489,0.1388
1421,74,1495,0.1388
1402,77,1479,0.1388
1402,79,1481,0.1388
1418,78,1496,0.1388
1417,78,1495,0.1388
1418,76,1494,0.1388
1424,78,1502,0.1388
1418,79,1497,0.1388
1416,80,1496,0.1388
1417,78,1495,0.1388
1419,79,1498,0.1388
1426,80,1506,0.1388
1436,73,1509,0.1388
1444,73,1517,0.1388
1439,75,1514,0.1388
1434,74,1508,0.1388
1429,76,1505,0.1388
1409,75,1484,0.1388
1408,75,1483,0.1388
1410,75,1485,0.1388
1404,79,1483,0.1388
1395,76,1471,0.1388
1415,77,1492,0.1388
1411,80,1491,0.1388
1419,75,1494,0.1388
1423,77,1500,0.1388
1435,80,1515,0.1388
1422,80,1502,0.1388
1409,78,1487,0.1388
1412,76,1488,0.1388
1406,81,1487,0.1388
1399,82,1481,0.1388
1418,87,1505,0.1388
1414,87,1501,0.1388
1403,85,1488,0.1388
1395,88,1483,0.1388
1392,87,1479,0.1388
1387,87,1474,0.1388
1394,90,1484,0.1388
1407,88,1495,0.1388
1411,93,1504,0.1388
1393,92,1485,0.1388
1392,94,1486,0.1388
1399,99,1498,0.1388
1390,100,1490,0.1388
1386,99,1485,0.1388
1384,102,1486,0.1388
1377,100,1477,0.1388
1380,98,1478,0.1388
1382,99,1481,0.1388
1373,100,1473,0.1388
1383,100,1483,0.1388
1395,107,1502,0.1388
1379,107,1486,0.1388
1384,108,1492,0.1388
1373,107,1480,0.1388
1382,107,1489,0.1388
1386,107,1493,0.1388
1378,107,1485,0.1388
1381,111,1492,0.1388
1387,117,1504,0.1388
1391,114,1505,0.1388
1387,114,1501,0.1388
1389,113,1502,0.1388
1382,115,1497,0.1388
1383,115,1498,0.1388
1379,114,1493,0.1388
1371,118,1489,0.1388
1374,114,1488,0.1388
1391,114,1505,0.1388
1399,118,1517,0.1388
1391,119,1510,0.1388
1376,119,1495,0.1388
1374,118,1492,0.1388
1375,122,1497,0.1388
1389,122,1511,0.1388
1390,117,1507,0.1388
1392,119,1511,0.1388
1391,118,1509,0.1388
1381,117,1498,0.1388
1372,120,1492,0.1388
1370,121,1491,0.1388
1380,122,1502,0.1388
1366,126,1492,0.1388
1357,127,1484,0.1388
1371,129,1500,0.1388
1371,129,1500,0.1388
1373,125,1498,0.1388
1367,121,1488,0.1388
1369,118,1487,0.1388
1364,120,1484,0.1388
1359,120,1479,0.1388
1370,123,1493,0.1388
1376,125,1501,0.1388
1367,125,1492,0.1388
1362,126,1488,0.1388
1349,125,1474,0.1388
1356,130,1486,0.1388
1364,133,1497,0.1388
1371,128,1499,0.1388
1369,128,1497,0.1388
1367,127,1494,0.1388
1359,132,1491,0.1388
1359,127,1486,0.1388
1366,131,1497,0.1388
1368,134,1502,0.1388
1372,138,1510,0.1388
1376,145,1521,0.1388
1380,144,1524,0.1388
1384,143,1527,0.1388
1371,142,1513,0.1388
1377,145,1522,0.1388
1352,143,1495,0.1388
1352,147,1499,0.1388
1361,142,1503,0.1388
1367,138,1505,0.1388
1363,141,1504,0.1388
1349,138,1487,0.1388
1345,141,1486,0.1388
1354,140,1494,0.1388
1359,140,1499,0.1388
1357,143,1500,0.1388
1359,147,1506,0.1388
1346,151,1497,0.1388
1348,153,1501,0.1388
1355,154,1509,0.1388
1353,154,1507,0.1388
1344,153,1497,0.1388
1341,153,1494,0.1388
1346,151,1497,0.1388
1353,151,1504,0.1388
1347,149,1496,0.1388
1345,148,1493,0.1388
1338,152,1490,0.1388
1334,150,1484,0.1388
1336,155,1491,0.1388
1339,154,1493,0.1388
1335,153,1488,0.1388
1348,155,1503,0.1388
1336,149,1485,0.1388
1357,150,1507,0.1388
1370,156,1526,0.1388
1364,153,1517,0.1388
1361,154,1515,0.1388
1358,152,1510,0.1388
1351,156,1507,0.1388
1339,156,1495,0.1388
1339,157,1496,0.1388
1336,163,1499,0.1388
1330,164,1494,0.1388
1330,164,1494,0.1388
1343,167,1510,0.1388
1344,162,1506,0.1388
1347,161,1508,0.1388
1340,164,1504,0.1388
1340,161,1501,0.1388
1343,154,1497,0.1388
1340,152,1492,0.1388
1330,153,1483,0.1388
1323,160,1483,0.1388
1313,158,1471,0.1388
1318,159,1477,0.1388
1339,162,1501,0.1388
1345,160,1505,0.1388
1343,160,1503,0.1388
1336,164,1500,0.1388
1339,166,1505,0.1388
1348,166,1514,0.1388
1342,164,1506,0.1388
1331,162,1493,0.1388
1326,160,1486,0.1388
1341,164,1505,0.1388
1338,163,1501,0.1388
1331,161,1492,0.1388
1333,158,1491,0.1388
1335,165,1500,0.1388
1320,164,1484,0.1388
1318,161,1479,0.1388
1327,158,1485,0.1388
1322,157,1479,0.1388
1327,157,1484,0.1388
1335,159,1494,0.1388
1340,158,1498,0.1388
1340,163,1503,0.1388
1336,164,1500,0.1388
1339,165,1504,0.1388
1331,165,1496,0.1388
1333,166,1499,0.1388
1324,167,1491,0.1388
1319,169,1488,0.1388
1306,170,1476,0.1388
1319,167,1486,0.1388
1326,167,1493,0.1388
1314,166,1480,0.1388
1325,157,1482,0.1388
1321,154,1475,0.1388
1331,154,1485,0.1388
1336,156,1492,0.1388
1334,156,1490,0.1388
1329,153,1482,0.1388
1339,151,1490,0.1388
1356,151,1507,0.1388
1346,149,1495,0.1388
1343,148,1491,0.1388
1344,153,1497,0.1388
1340,153,1493,0.1388
1332,153,1485,0.1388
1339,151,1490,0.1388
1338,152,1490,0.1388
1340,152,1492,0.1388
1328,152,1480,0.1388
1339,153,1492,0.1388
1342,155,1497,0.1388
1344,154,1498,0.1388
1358,150,1508,0.1388
1366,152,1518,0.1388
1360,149,1509,0.1388
1344,150,1494,0.1388
1354,150,1504,0.1388
1345,148,1493,0.1388
1347,156,1503,0.1388
1344,156,1500,0.1388
1343,153,1496,0.1388
1351,158,1509,0.1388
1344,157,1501,0.1388
1350,154,1504,0.1388
1335,155,1490,0.1388
1330,149,1479,0.1388
1320,153,1473,0.1388
1334,155,1489,0.1388
1332,154,1486,0.1388
1332,153,1485,0.1388
1337,153,1490,0.1388
1341,154,1495,0.1388
1341,154,1495,0.1388
1329,151,1480,0.1388
1327,153,1480,0.1388
1328,151,1479,0.1388
1330,153,1483,0.1388
1333,152,1485,0.1388
1324,157,1481,0.1388
1329,153,1482,0.1388
1338,153,1491,0.1388
1332,156,1488,0.1388
1330,156,1486,0.1388
1326,155,1481,0.1388
1349,156,1505,0.1388
1350,157,1507,0.1388
1352,156,1508,0.1388
1356,160,1516,0.1388
1342,153,1495,0.1388
1352,156,1508,0.1388
1354,156,1510,0.1388
1351,156,1507,0.1388
1345,159,1504,0.1388
1343,160,1503,0.1388
1337,161,1498,0.1388
1344,158,1502,0.1388
1338,160,1498,0.1388
1330,161,1491,0.1388
1339,156,1495,0.1388
1337,157,1494,0.1388
1329,160,1489,0.1388
1337,164,1501,0.1388
1342,166,1508,0.1388
1345,164,1509,0.1388
1339,168,1507,0.1388
1337,172,1509,0.1388
1336,171,1507,0.1388
1323,167,1490,0.1388
1331,167,1498,0.1388
1315,166,1481,0.1388
1314,168,1482,0.1388
1319,177,1496,0.1388
1327,176,1503,0.1388
1337,176,1513,0.1388
1340,175,1515,0.1388
1339,175,1514,0.1388
1332,176,1508,0.1388
1329,175,1504,0.1388
1333,172,1505,0.1388
1338,171,1509,0.1388
1330,176,1506,0.1388
1317,176,1493,0.1388
1321,177,1498,0.1388
1324,176,1500,0.1388
1309,180,1489,0.1388
1318,181,1499,0.1388
1327,179,1506,0.1388
1318,179,1497,0.1388
1326,176,1502,0.1388
1320,178,1498,0.1388
1318,177,1495,0.1388
1326,179,1505,0.1388
1320,180,1500,0.1388
1316,181,1497,0.1388
1317,183,1500,0.1388
1322,184,1506,0.1388
1326,185,1511,0.1388
1312,185,1497,0.1388
1322,189,1511,0.1388
1317,184,1501,0.1388
1311,183,1494,0.1388
1307,186,1493,0.1388
1313,181,1494,0.1388
1304,182,1486,0.1388
1308,185,1493,0.1388
1307,184,1491,0.1388
1310,182,1492,0.1388
1330,181,1511,0.1388
1323,180,1503,0.1388
1330,181,1511,0.1388
1316,179,1495,0.1388
1322,181,1503,0.1388
1313,184,1497,0.1388
1311,183,1494,0.1388
1318,179,1497,0.1388
1317,182,1499,0.1388
1310,190,1500,0.1388
1309,196,1505,0.1388
1291,195,1486,0.1388
1297,194,1491,0.1388
1303,201,1504,0.1388
1296,201,1497,0.1388
1287,195,1482,0.1388
1299,198,1497,0.1388
1303,203,1506,0.1388
1299,204,1503,0.1388
1296,206,1502,0.1388
1292,201,1493,0.1388
1296,208,1504,0.1388
1290,209,1499,0.1388
1300,211,1511,0.1388
1296,212,1508,0.1388
1295,212,1507,0.1388
1288,211,1499,0.1388
1283,213,1496,0.1388
1295,214,1509,0.1388
1287,207,1494,0.1388
1281,205,1486,0.1388
1286,205,1491,0.1388
1287,203,1490,0.1388
1286,204,1490,0.1388
1281,207,1488,0.1388
1279,210,1489,0.1388
1284,206,1490,0.1388
1285,202,1487,0.1388
1291,203,1494,0.1388
1295,203,1498,0.1388
1295,207,1502,0.1388
1297,209,1506,0.1388
1291,208,1499,0.1388
1285,207,1492,0.1388
1284,211,1495,0.1388
1302,210,1512,0.1388
1301,206,1507,0.1388
1307,206,1513,0.1388
1298,210,1508,0.1388
1298,206,1504,0.1388
1312,204,1516,0.1388
1307,203,1510,0.1388
1290,206,1496,0.1388
1299,205,1504,0.1388
1267,204,1471,0.1388
1285,206,1491,0.1388
1283,200,1483,0.1388
1283,201,1484,0.1388
1271,208,1479,0.1388
1279,210,1489,0.1388
1272,210,1482,0.1388
1276,208,1484,0.1388
1276,205,1481,0.1388
1276,209,1485,0.1388
1285,211,1496,0.1388
1278,211,1489,0.1388
1274,207,1481,0.1388
1274,210,1484,0.1388
1264,207,1471,0.1388
1267,207,1474,0.1388
1279,201,1480,0.1388
1274,201,1475,0.1388
1280,206,1486,0.1388
1270,211,1481,0.1388
1260,216,1476,0.1388
1270,217,1487,0.1388
1262,210,1472,0.1388
1273,208,1481,0.1388
1280,212,1492,0.1388
1280,210,1490,0.1388
1274,206,1480,0.1388
1286,203,1489,0.1388
1293,211,1504,0.1388
1296,206,1502,0.1388
1284,205,1489,0.1388
1290,208,1498,0.1388
1290,208,1498,0.1388
1287,213,1500,0.1388
1292,212,1504,0.1388
1281,214,1495,0.1388
1278,219,1497,0.1388
1286,212,1498,0.1388
1280,217,1497,0.1388
1279,213,1492,0.1388
1267,222,1489,0.1388
1265,226,1491,0.1388
1267,223,1490,0.1388
1272,225,1497,0.1388
1277,228,1505,0.1388
1275,229,1504,0.1388
1275,225,1500,0.1388
1276,225,1501,0.1388
1276,226,1502,0.1388
1268,224,1492,0.1388
1266,226,1492,0.1388
1262,226,1488,0.1388
1257,224,1481,0.1388
1253,228,1481,0.1388
1264,225,1489,0.1388
1258,228,1486,0.1388
1263,232,1495,0.1388
1266,234,1500,0.1388
1266,235,1501,0.1388
1272,231,1503,0.1388
1276,236,1512,0.1388
1272,231,1503,0.1388
1276,231,1507,0.1388
1271,228,1499,0.1388
1289,226,1515,0.1388
1281,226,1507,0.1388
1291,234,1525,0.1388
1278,236,1514,0.1388
1285,236,1521,0.1388
1275,232,1507,0.1388
1262,236,1498,0.1388
1271,234,1505,0.1388
1281,238,1519,0.1388
1272,233,1505,0.1388
1277,232,1509,0.1388
1281,224,1505,0.1388
1286,217,1503,0.1388
1292,214,1506,0.1388
1291,208,1499,0.1388
1295,216,1511,0.1388
1285,217,1502,0.1388
1286,217,1503,0.1388
1295,226,1521,0.1388
1290,231,1521,0.1388
1279,226,1505,0.1388
1265,226,1491,0.1388
1261,228,1489,0.1388
1250,227,1477,0.1388
1241,236,1477,0.1388
1229,232,1461,0.1388
1239,234,1473,0.1388
1259,235,1494,0.1388
1265,237,1502,0.1388
1261,232,1493,0.1388
1258,233,1491,0.1388
1265,229,1494,0.1388
1276,231,1507,0.1388
1273,224,1497,0.1388
1269,223,1492,0.1388
1253,221,1474,0.1388
1252,224,1476,0.1388
1251,224,1475,0.1388
1253,233,1486,0.1388
1260,236,1496,0.1388
1265,238,1503,0.1388
1272,238,1510,0.1388
1268,239,1507,0.1388
1253,247,1500,0.1388
1245,245,1490,0.1388
1245,248,1493,0.1388
1239,246,1485,0.1388
1231,247,1478,0.1388
1228,246,1474,0.1388
1230,248,1478,0.1388
1234,242,1476,0.1388
1235,246,1481,0.1388
1236,248,1484,0.1388
1241,255,1496,0.1388
1231,256,1487,0.1388
1229,256,1485,0.1388
1228,256,1484,0.1388
1230,261,1491,0.1388
1222,264,1486,0.1388
1218,258,1476,0.1388
1219,266,1485,0.1388
1230,264,1494,0.1388
1243,268,1511,0.1388
1247,268,1515,0.1388
1234,272,1506,0.1388
1236,272,1508,0.1388
1234,277,1511,0.1388
1230,272,1502,0.1388
1226,277,1503,0.1388
1226,272,1498,0.1388
1208,268,1476,0.1388
1206,274,1480,0.1388
1220,277,1497,0.1388
1222,272,1494,0.1388
1226,277,1503,0.1388
1225,281,1506,0.1388
1227,286,1513,0.1388
1224,284,1508,0.1388
1224,284,1508,0.1388
1206,281,1487,0.1388
1226,281,1507,0.1388
1237,282,1519,0.1388
1217,288,1505,0.1388
1209,289,1498,0.1388
1197,290,1487,0.1388
1199,293,1492,0.1388
1189,293,1482,0.1388
1200,291,1491,0.1388
1214,291,1505,0.1388
1200,294,1494,0.1388
1208,299,1507,0.1388
1209,298,1507,0.1388
1220,302,1522,0.1388
1207,304,1511,0.1388
1201,299,1500,0.1388
1208,304,1512,0.1388
1202,305,1507,0.1388
1184,306,1490,0.1388
1169,307,1476,0.1388
1191,308,1499,0.1388
1196,312,1508,0.1388
1178,310,1488,0.1388
1179,310,1489,0.1388
1176,305,1481,0.1388
1178,305,1483,0.1388
1179,306,1485,0.1388
1187,307,1494,0.1388
1169,306,1475,0.1388
1160,314,1474,0.1388
1164,319,1483,0.1388
1165,326,1491,0.1388
1152,324,1476,0.1388
1147,326,1473,0.1388
1152,326,1478,0.1388
1151,334,1485,0.1388
1163,330,1493,0.1388
1161,327,1488,0.1388
1162,329,1491,0.1388
1159,324,1483,0.1388
1151,330,1481,0.1388
1161,328,1489,0.1388
1158,332,1490,0.1388
1145,333,1478,0.1388
1138,343,1481,0.1388
1134,342,1476,0.1388
1139,348,1487,0.1388
1130,342,1472,0.1388
1134,342,1476,0.1388
1139,347,1486,0.1388
1134,349,1483,0.1388
1132,350,1482,0.1388
1132,350,1482,0.1388
1146,350,1496,0.1388
1150,351,1501,0.1388
1135,353,1488,0.1388
1128,350,1478,0.1388
1118,356,1474,0.1388
1123,363,1486,0.1388
1136,359,1495,0.1388
1123,365,1488,0.1388
1141,366,1507,0.1388
1135,361,1496,0.1388
1144,360,1504,0.1388
1141,358,1499,0.1388
1144,363,1507,0.1388
1136,366,1502,0.1388
1129,367,1496,0.1388
1122,370,1492,0.1388
1128,369,1497,0.1388
1129,371,1500,0.1388
1129,363,1492,0.1388
1139,364,1503,0.1388
1126,372,1498,0.1388
1125,374,1499,0.1388
1121,382,1503,0.1388
1116,376,1492,0.1388
1110,385,1495,0.1388
1104,384,1488,0.1388
1109,385,1494,0.1388
1099,385,1484,0.1388
1104,388,1492,0.1388
1106,389,1495,0.1388
1122,389,1511,0.1388
1115,389,1504,0.1388
1123,389,1512,0.1388
1119,383,1502,0.1388
1116,381,1497,0.1388
1095,387,1482,0.1388
1106,390,1496,0.1388
1104,393,1497,0.1388
1115,389,1504,0.1388
1107,389,1496,0.1388
1114,393,1507,0.1388
1103,391,1494,0.1388
1104,393,1497,0.1388
1104,398,1502,0.1388
1109,398,1507,0.1388
1104,392,1496,0.1388
1109,388,1497,0.1388
1117,390,1507,0.1388
1115,393,1508,0.1388
1118,394,1512,0.1388
1118,389,1507,0.1388
1119,393,1512,0.1388
1115,387,1502,0.1388
1111,385,1496,0.1388
1106,389,1495,0.1388
1104,395,1499,0.1388
1100,396,1496,0.1388
1103,400,1503,0.1388
1108,393,1501,0.1388
1097,393,1490,0.1388
1106,392,1498,0.1388
1118,391,1509,0.1388
1109,381,1490,0.1388
1109,387,1496,0.1388
1106,392,1498,0.1388
1113,387,1500,0.1388
1114,386,1500,0.1388
1101,391,1492,0.1388
1094,401,1495,0.1388
1088,401,1489,0.1388
1092,402,1494,0.1388
1090,399,1489,0.1388
1088,406,1494,0.1388
1076,408,1484,0.1388
1080,412,1492,0.1388
1075,418,1493,0.1388
1079,415,1494,0.1388
1077,413,1490,0.1388
1070,416,1486,0.1388
1084,414,1498,0.1388
1092,422,1514,0.1388
1096,413,1509,0.1388
1093,418,1511,0.1388
1096,414,1510,0.1388
1089,412,1501,0.1388
1086,417,1503,0.1388
1085,417,1502,0.1388
1101,421,1522,0.1388
1093,417,1510,0.1388
1085,415,1500,0.1388
1085,416,1501,0.1388
1093,418,1511,0.1388
1088,419,1507,0.1388
1076,424,1500,0.1388
1070,426,1496,0.1388
1067,428,1495,0.1388
1083,429,1512,0.1388
1081,430,1511,0.1388
1074,426,1500,0.1388
1065,433,1498,0.1388
1068,432,1500,0.1388
1061,435,1496,0.1388
1062,434,1496,0.1388
1062,430,1492,0.1388
1062,427,1489,0.1388
1066,431,1497,0.1388
1061,430,1491,0.1388
1062,430,1492,0.1388
1057,435,1492,0.1388
1050,427,1477,0.1388
1047,433,1480,0.1388
1050,432,1482,0.1388
1065,435,1500,0.1388
1058,444,1502,0.1388
1060,450,1510,0.1388
1061,444,1505,0.1388
1061,439,1500,0.1388
1054,436,1490,0.1388
1047,443,1490,0.1388
1041,444,1485,0.1388
1047,449,1496,0.1388
1042,452,1494,0.1388
1040,450,1490,0.1388
1055,453,1508,0.1388
1054,456,1510,0.1388
1056,457,1513,0.1388
1055,454,1509,0.1388
1049,455,1504,0.1388
1054,450,1504,0.1388
1047,453,1500,0.1388
1036,457,1493,0.1388
1036,459,1495,0.1388
1031,457,1488,0.1388
1027,464,1491,0.1388
1026,467,1493,0.1388
1024,478,1502,0.1388
1024,475,1499,0.1388
1020,471,1491,0.1388
1021,475,1496,0.1388
1015,477,1492,0.1388
1017,477,1494,0.1388
1021,474,1495,0.1388
1003,469,1472,0.1388
1025,469,1494,0.1388
1024,468,1492,0.1388
1025,478,1503,0.1388
1024,480,1504,0.1388
1023,487,1510,0.1388
1016,487,1503,0.1388
1010,482,1492,0.1388
1011,483,1494,0.1388
1028,486,1514,0.1388
1023,484,1507,0.1388
1029,488,1517,0.1388
1018,488,1506,0.1388
1014,492,1506,0.1388
1010,492,1502,0.1388
1011,489,1500,0.1388
1006,493,1499,0.1388
1013,489,1502,0.1388
1019,495,1514,0.1388
1019,502,1521,0.1388
1013,503,1516,0.1388
1010,497,1507,0.1388
1001,501,1502,0.1388
993,504,1497,0.1388
998,505,1503,0.1388
997,501,1498,0.1388
996,498,1494,0.1388
1003,503,1506,0.1388
999,496,1495,0.1388
995,505,1500,0.1388
998,512,1510,0.1388
993,517,1510,0.1388
987,511,1498,0.1388
973,513,1486,0.1388
981,505,1486,0.1388
989,504,1493,0.1388
985,504,1489,0.1388
993,501,1494,0.1388
989,509,1498,0.1388
985,509,1494,0.1388
978,506,1484,0.1388
966,510,1476,0.1388
974,506,1480,0.1388
982,505,1487,0.1388
979,503,1482,0.1388
977,509,1486,0.1388
971,511,1482,0.1388
966,512,1478,0.1388
974,507,1481,0.1388
974,507,1481,0.1388
980,511,1491,0.1388
974,511,1485,0.1388
977,515,1492,0.1388
987,513,1500,0.1388
979,521,1500,0.1388
983,522,1505,0.1388
987,521,1508,0.1388
980,514,1494,0.1388
979,512,1491,0.1388
973,515,1488,0.1388
964,527,1491,0.1388
972,530,1502,0.1388
972,532,1504,0.1388
972,542,1514,0.1388
968,541,1509,0.1388
974,548,1522,0.1388
983,543,1526,0.1388
982,543,1525,0.1388
983,538,1521,0.1388
990,530,1520,0.1388
979,527,1506,0.1388
975,524,1499,0.1388
978,528,1506,0.1388
979,530,1509,0.1388
984,533,1517,0.1388
989,525,1514,0.1388
986,520,1506,0.1388
983,515,1498,0.1388
973,518,1491,0.1388
975,525,1500,0.1388
981,517,1498,0.1388
985,514,1499,0.1388
982,518,1500,0.1388
988,524,1512,0.1388
991,523,1514,0.1388
996,514,1510,0.1388
991,510,1501,0.1388
991,509,1500,0.1388
997,518,1515,0.1388
995,520,1515,0.1388
990,518,1508,0.1388
983,527,1510,0.1388
980,518,1498,0.1388
985,523,1508,0.1388
974,529,1503,0.1388
977,524,1501,0.1388
970,518,1488,0.1388
971,520,1491,0.1388
964,532,1496,0.1388
962,537,1499,0.1388
962,540,1502,0.1388
964,540,1504,0.1388
968,537,1505,0.1388
969,529,1498,0.1388
979,530,1509,0.1388
970,535,1505,0.1388
973,534,1507,0.1388
981,527,1508,0.1388
983,523,1506,0.1388
983,518,1501,0.1388
986,523,1509,0.1388
983,522,1505,0.1388
976,525,1501,0.1388
970,520,1490,0.1388
971,520,1491,0.1388
960,525,1485,0.1388
955,527,1482,0.1388
945,538,1483,0.1388
946,544,1490,0.1388
958,545,1503,0.1388
955,543,1498,0.1388
952,548,1500,0.1388
962,553,1515,0.1388
949,552,1501,0.1388
944,546,1490,0.1388
940,549,1489,0.1388
939,549,1488,0.1388
948,548,1496,0.1388
938,543,1481,0.1388
948,550,1498,0.1388
956,553,1509,0.1388
950,556,1506,0.1388
948,554,1502,0.1388
938,552,1490,0.1388
944,549,1493,0.1388
936,556,1492,0.1388
945,560,1505,0.1388
947,557,1504,0.1388
939,545,1484,0.1388
946,551,1497,0.1388
947,553,1500,0.1388
952,543,1495,0.1388
949,548,1497,0.1388
954,545,1499,0.1388
951,540,1491,0.1388
955,541,1496,0.1388
957,546,1503,0.1388
944,549,1493,0.1388
942,553,1495,0.1388
949,555,1504,0.1388
956,555,1511,0.1388
955,551,1506,0.1388
947,554,1501,0.1388
950,561,1511,0.1388
950,559,1509,0.1388
950,560,1510,0.1388
946,567,1513,0.1388
938,571,1509,0.1388
927,572,1499,0.1388
920,574,1494,0.1388
919,577,1496,0.1388
914,578,1492,0.1388
911,586,1497,0.1388
909,584,1493,0.1388
913,584,1497,0.1388
911,587,1498,0.1388
919,583,1502,0.1388
920,583,1503,0.1388
919,585,1504,0.1388
928,582,1510,0.1388
922,580,1502,0.1388
928,579,1507,0.1388
926,584,1510,0.1388
939,592,1531,0.1388
936,589,1525,0.1388
930,576,1506,0.1388
918,577,1495,0.1388
911,576,1487,0.1388
913,583,1496,0.1388
910,580,1490,0.1388
912,577,1489,0.1388
924,570,1494,0.1388
931,573,1504,0.1388
937,564,1501,0.1388
933,568,1501,0.1388
940,567,1507,0.1388
931,567,1498,0.1388
927,571,1498,0.1388
927,572,1499,0.1388
933,566,1499,0.1388
947,561,1508,0.1388
943,552,1495,0.1388
934,563,1497,0.1388
931,560,1491,0.1388
925,565,1490,0.1388
934,566,1500,0.1388
936,569,1505,0.1388
937,570,1507,0.1388
925,581,1506,0.1388
926,578,1504,0.1388
925,577,1502,0.1388
931,586,1517,0.1388
930,580,1510,0.1388
924,572,1496,0.1388
923,576,1499,0.1388
923,572,1495,0.1388
927,568,1495,0.1388
927,570,1497,0.1388
924,572,1496,0.1388
932,576,1508,0.1388
930,583,1513,0.1388
928,581,1509,0.1388
922,585,1507,0.1388
920,581,1501,0.1388
925,592,1517,0.1388
918,583,1501,0.1388
915,578,1493,0.1388
904,583,1487,0.1388
899,583,1482,0.1388
906,589,1495,0.1388
916,596,1512,0.1388
918,597,1515,0.1388
919,595,1514,0.1388
913,580,1493,0.1388
920,583,1503,0.1388
925,587,1512,0.1388
924,588,1512,0.1388
919,586,1505,0.1388
911,589,1500,0.1388
908,589,1497,0.1388
915,587,1502,0.1388
901,593,1494,0.1388
902,595,1497,0.1388
909,593,1502,0.1388
909,603,1512,0.1388
908,592,1500,0.1388
915,591,1506,0.1388
912,584,1496,0.1388
906,592,1498,0.1388
914,596,1510,0.1388
908,589,1497,0.1388
905,588,1493,0.1388
902,598,1500,0.1388
899,594,1493,0.1388
889,599,1488,0.1388
884,605,1489,0.1388
887,596,1483,0.1388
891,604,1495,0.1388
891,602,1493,0.1388
887,597,1484,0.1388
889,599,1488,0.1388
898,606,1504,0.1388
894,609,1503,0.1388
899,608,1507,0.1388
901,607,1508,0.1388
892,605,1497,0.1388
897,610,1507,0.1388
891,609,1500,0.1388
890,610,1500,0.1388
891,608,1499,0.1388
897,607,1504,0.1388
898,612,1510,0.1388
890,606,1496,0.1388
891,606,1497,0.1388
888,606,1494,0.1388
892,596,1488,0.1388
881,603,1484,0.1388
903,604,1507,0.1388
909,612,1521,0.1388
910,610,1520,0.1388
901,606,1507,0.1388
901,605,1506,0.1388
893,615,1508,0.1388
897,614,1511,0.1388
892,619,1511,0.1388
880,607,1487,0.1388
878,611,1489,0.1388
886,617,1503,0.1388
879,619,1498,0.1388
877,618,1495,0.1388
886,626,1512,0.1388
899,617,1516,0.1388
885,615,1500,0.1388
888,618,1506,0.1388
888,610,1498,0.1388
885,606,1491,0.1388
884,611,1495,0.1388
883,618,1501,0.1388
878,612,1490,0.1388
885,613,1498,0.1388
875,619,1494,0.1388
865,621,1486,0.1388
874,627,1501,0.1388
877,627,1504,0.1388
873,625,1498,0.1388
890,627,1517,0.1388
878,632,1510,0.1388
877,632,1509,0.1388
885,631,1516,0.1388
889,627,1516,0.1388
892,612,1504,0.1388
889,616,1505,0.1388
887,621,1508,0.1388
892,619,1511,0.1388
907,614,1521,0.1388
907,616,1523,0.1388
897,617,1514,0.1388
898,616,1514,0.1388
894,624,1518,0.1388
889,616,1505,0.1388
893,614,1507,0.1388
894,628,1522,0.1388
895,627,1522,0.1388
887,631,1518,0.1388
879,633,1512,0.1388
862,636,1498,0.1388
859,646,1505,0.1388
854,647,1501,0.1388
847,649,1496,0.1388
849,646,1495,0.1388
849,651,1500,0.1388
855,647,1502,0.1388
856,650,1506,0.1388
854,650,1504,0.1388
856,656,1512,0.1388
846,649,1495,0.1388
855,651,1506,0.1388
855,645,1500,0.1388
852,650,1502,0.1388
851,652,1503,0.1388
853,653,1506,0.1388
849,661,1510,0.1388
837,663,1500,0.1388
845,657,1502,0.1388
844,658,1502,0.1388
849,664,1513,0.1388
852,658,1510,0.1388
844,652,1496,0.1388
847,659,1506,0.1388
851,664,1515,0.1388
853,657,1510,0.1388
850,648,1498,0.1388
849,656,1505,0.1388
845,655,1500,0.1388
840,659,1499,0.1388
852,658,1510,0.1388
847,658,1505,0.1388
851,660,1511,0.1388
848,670,1518,0.1388
848,665,1513,0.1388
839,665,1504,0.1388
828,662,1490,0.1388
825,666,1491,0.1388
833,677,1510,0.1388
831,671,1502,0.1388
824,684,1508,0.1388
821,686,1507,0.1388
814,682,1496,0.1388
825,678,1503,0.1388
825,672,1497,0.1388
832,674,1506,0.1388
829,672,1501,0.1388
823,666,1489,0.1388
827,685,1512,0.1388
821,677,1498,0.1388
824,679,1503,0.1388
827,676,1503,0.1388
830,665,1495,0.1388
830,663,1493,0.1388
832,673,1505,0.1388
826,683,1509,0.1388
838,683,1521,0.1388
845,678,1523,0.1388
847,678,1525,0.1388
839,683,1522,0.1388
829,690,1519,0.1388
827,695,1522,0.1388
825,690,1515,0.1388
833,694,1527,0.1388
835,696,1531,0.1388
831,693,1524,0.1388
834,688,1522,0.1388
832,686,1518,0.1388
835,681,1516,0.1388
835,687,1522,0.1388
832,690,1522,0.1388
824,690,1514,0.1388
827,680,1507,0.1388
821,694,1515,0.1388
817,694,1511,0.1388
817,695,1512,0.1388
814,687,1501,0.1388
823,685,1508,0.1388
828,681,1509,0.1388
812,690,1502,0.1388
805,691,1496,0.1388
806,686,1492,0.1388
810,700,1510,0.1388
806,693,1499,0.1388
807,696,1503,0.1388
803,699,1502,0.1388
809,702,1511,0.1388
809,693,1502,0.1388
806,699,1505,0.1388
805,700,1505,0.1388
803,697,1500,0.1388
798,702,1500,0.1388
795,715,1510,0.1388
788,719,1507,0.1388
793,715,1508,0.1388
794,715,1509,0.1388
792,718,1510,0.1388
792,713,1505,0.1388
793,722,1515,0.1388
783,734,1517,0.1388
777,730,1507,0.1388
776,741,1517,0.1388
790,735,1525,0.1388
778,737,1515,0.1388
790,739,1529,0.1388
794,736,1530,0.1388
788,726,1514,0.1388
782,725,1507,0.1388
785,726,1511,0.1388
787,715,1502,0.1388
786,712,1498,0.1388
789,719,1508,0.1388
786,725,1511,0.1388
789,726,1515,0.1388
785,730,1515,0.1388
780,726,1506,0.1388
793,723,1516,0.1388
785,718,1503,0.1388
781,734,1515,0.1388
779,730,1509,0.1388
773,720,1493,0.1388
770,715,1485,0.1388
777,716,1493,0.1388
769,722,1491,0.1388
777,704,1481,0.1388
785,703,1488,0.1388
784,716,1500,0.1388
782,714,1496,0.1388
777,724,1501,0.1388
772,720,1492,0.1388
765,713,1478,0.1388
765,718,1483,0.1388
766,715,1481,0.1388
775,730,1505,0.1388
781,736,1517,0.1388
784,732,1516,0.1388
790,736,1526,0.1388
785,731,1516,0.1388
781,731,1512,0.1388
785,729,1514,0.1388
779,726,1505,0.1388
786,730,1516,0.1388
778,728,1506,0.1388
774,735,1509,0.1388
775,737,1512,0.1388
766,740,1506,0.1388
751,736,1487,0.1388
752,733,1485,0.1388
751,738,1489,0.1388
746,735,1481,0.1388
730,746,1476,0.1388
742,741,1483,0.1388
745,751,1496,0.1388
740,746,1486,0.1388
737,750,1487,0.1388
750,751,1501,0.1388
750,753,1503,0.1388
741,764,1505,0.1388
743,756,1499,0.1388
749,755,1504,0.1388
747,764,1511,0.1388
746,757,1503,0.1388
749,760,1509,0.1388
751,757,1508,0.1388
746,752,1498,0.1388
737,753,1490,0.1388
749,756,1505,0.1388
744,753,1497,0.1388
732,761,1493,0.1388
736,763,1499,0.1388
741,767,1508,0.1388
746,769,1515,0.1388
737,772,1509,0.1388
731,773,1504,0.1388
734,774,1508,0.1388
740,778,1518,0.1388
737,782,1519,0.1388
735,779,1514,0.1388
731,779,1510,0.1388
720,787,1507,0.1388
710,779,1489,0.1388
707,772,1479,0.1388
714,768,1482,0.1388
715,783,1498,0.1388
709,784,1493,0.1388
721,784,1505,0.1388
717,791,1508,0.1388
720,794,1514,0.1388
709,795,1504,0.1388
711,798,1509,0.1388
706,794,1500,0.1388
708,799,1507,0.1388
707,789,1496,0.1388
701,789,1490,0.1388
700,789,1489,0.1388
701,791,1492,0.1388
698,795,1493,0.1388
700,803,1503,0.1388
703,802,1505,0.1388
699,798,1497,0.1388
687,804,1491,0.1388
689,807,1496,0.1388
689,808,1497,0.1388
684,806,1490,0.1388
688,799,1487,0.1388
683,803,1486,0.1388
692,814,1506,0.1388
695,814,1509,0.1388
689,822,1511,0.1388
673,826,1499,0.1388
677,821,1498,0.1388
680,821,1501,0.1388
679,818,1497,0.1388
672,818,1490,0.1388
674,821,1495,0.1388
671,813,1484,0.1388
680,811,1491,0.1388
675,824,1499,0.1388
683,821,1504,0.1388
685,812,1497,0.1388
686,809,1495,0.1388
683,820,1503,0.1388
682,826,1508,0.1388
676,843,1519,0.1388
675,850,1525,0.1388
679,848,1527,0.1388
679,845,1524,0.1388
678,844,1522,0.1388
679,842,1521,0.1388
675,843,1518,0.1388
671,846,1517,0.1388
669,853,1522,0.1388
664,860,1524,0.1388
656,870,1526,0.1388
653,863,1516,0.1388
652,857,1509,0.1388
652,856,1508,0.1388
643,857,1500,0.1388
645,861,1506,0.1388
645,858,1503,0.1388
647,862,1509,0.1388
650,876,1526,0.1388
648,874,1522,0.1388
646,868,1514,0.1388
654,870,1524,0.1388
659,866,1525,0.1388
654,857,1511,0.1388
650,863,1513,0.1388
645,856,1501,0.1388
643,857,1500,0.1388
647,868,1515,0.1388
647,862,1509,0.1388
644,863,1507,0.1388
640,871,1511,0.1388
636,873,1509,0.1388
634,873,1507,0.1388
629,869,1498,0.1388
628,866,1494,0.1388
622,872,1494,0.1388
628,865,1493,0.1388
625,860,1485,0.1388
630,865,1495,0.1388
628,872,1500,0.1388
631,880,1511,0.1388
632,878,1510,0.1388
624,881,1505,0.1388
621,892,1513,0.1388
616,883,1499,0.1388
617,882,1499,0.1388
619,884,1503,0.1388
622,892,1514,0.1388
624,886,1510,0.1388
623,888,1511,0.1388
621,894,1515,0.1388
615,899,1514,0.1388
608,895,1503,0.1388
605,891,1496,0.1388
604,881,1485,0.1388
610,885,1495,0.1388
598,893,1491,0.1388
607,896,1503,0.1388
603,899,1502,0.1388
614,898,1512,0.1388
611,891,1502,0.1388
619,895,1514,0.1388
607,904,1511,0.1388
607,902,1509,0.1388
607,905,1512,0.1388
606,905,1511,0.1388
606,894,1500,0.1388
608,885,1493,0.1388
613,887,1500,0.1388
619,885,1504,0.1388
615,890,1505,0.1388
613,889,1502,0.1388
617,891,1508,0.1388
610,886,1496,0.1388
609,895,1504,0.1388
611,891,1502,0.1388
614,892,1506,0.1388
611,891,1502,0.1388
618,875,1493,0.1388
618,881,1499,0.1388
626,889,1515,0.1388
625,894,1519,0.1388
621,892,1513,0.1388
625,892,1517,0.1388
619,900,1519,0.1388
613,901,1514,0.1388
605,897,1502,0.1388
609,897,1506,0.1388
615,897,1512,0.1388
617,894,1511,0.1388
615,897,1512,0.1388
611,899,1510,0.1388
615,896,1511,0.1388
618,891,1509,0.1388
610,899,1509,0.1388
594,900,1494,0.1388
589,906,1495,0.1388
589,903,1492,0.1388
578,899,1477,0.1388
583,903,1486,0.1388
589,903,1492,0.1388
599,896,1495,0.1388
597,906,1503,0.1388
598,911,1509,0.1388
592,925,1517,0.1388
590,920,1510,0.1388
580,914,1494,0.1388
578,912,1490,0.1388
581,913,1494,0.1388
580,924,1504,0.1388
574,929,1503,0.1388
575,926,1501,0.1388
575,928,1503,0.1388
591,925,1516,0.1388
593,914,1507,0.1388
594,911,1505,0.1388
584,908,1492,0.1388
592,912,1504,0.1388
588,917,1505,0.1388
585,923,1508,0.1388
593,930,1523,0.1388
588,938,1526,0.1388
582,930,1512,0.1388
573,923,1496,0.1388
577,928,1505,0.1388
575,937,1512,0.1388
583,938,1521,0.1388
581,930,1511,0.1388
580,942,1522,0.1388
573,931,1504,0.1388
580,928,1508,0.1388
574,934,1508,0.1388
570,934,1504,0.1388
578,933,1511,0.1388
578,933,1511,0.1388
576,937,1513,0.1388
583,933,1516,0.1388
580,930,1510,0.1388
572,921,1493,0.1388
577,921,1498,0.1388
581,933,1514,0.1388
582,938,1520,0.1388
578,937,1515,0.1388
584,943,1527,0.1388
579,935,1514,0.1388
582,925,1507,0.1388
580,920,1500,0.1388
576,919,1495,0.1388
580,922,1502,0.1388
585,916,1501,0.1388
579,905,1484,0.1388
583,899,1482,0.1388
579,907,1486,0.1388
589,911,1500,0.1388
596,904,1500,0.1388
593,917,1510,0.1388
592,920,1512,0.1388
593,919,1512,0.1388
594,913,1507,0.1388
591,916,1507,0.1388
590,922,1512,0.1388
594,928,1522,0.1388
581,932,1513,0.1388
585,928,1513,0.1388
590,934,1524,0.1388
583,924,1507,0.1388
578,932,1510,0.1388
584,931,1515,0.1388
583,930,1513,0.1388
576,930,1506,0.1388
579,937,1516,0.1388
588,940,1528,0.1388
588,923,1511,0.1388
584,922,1506,0.1388
583,925,1508,0.1388
579,925,1504,0.1388
577,930,1507,0.1388
576,932,1508,0.1388
574,937,1511,0.1388
569,929,1498,0.1388
570,929,1499,0.1388
569,935,1504,0.1388
568,940,1508,0.1388
557,940,1497,0.1388
569,933,1502,0.1388
566,948,1514,0.1388
567,947,1514,0.1388
566,946,1512,0.1388
568,949,1517,0.1388
573,942,1515,0.1388
566,941,1507,0.1388
558,940,1498,0.1388
560,951,1511,0.1388
566,948,1514,0.1388
574,956,1530,0.1388
574,942,1516,0.1388
566,946,1512,0.1388
558,958,1516,0.1388
564,960,1524,0.1388
568,968,1536,0.1388
568,962,1530,0.1388
571,959,1530,0.1388
561,959,1520,0.1388
566,953,1519,0.1388
562,957,1519,0.1388
565,951,1516,0.1388
563,942,1505,0.1388
552,943,1495,0.1388
553,948,1501,0.1388
559,954,1513,0.1388
548,962,1510,0.1388
554,965,1519,0.1388
551,970,1521,0.1388
549,956,1505,0.1388
543,963,1506,0.1388
543,961,1504,0.1388
545,957,1502,0.1388
534,969,1503,0.1388
534,970,1504,0.1388
534,962,1496,0.1388
531,970,1501,0.1388
536,975,1511,0.1388
533,979,1512,0.1388
537,974,1511,0.1388
543,964,1507,0.1388
537,967,1504,0.1388
543,973,1516,0.1388
542,979,1521,0.1388
541,976,1517,0.1388
544,983,1527,0.1388
542,990,1532,0.1388
544,983,1527,0.1388
538,980,1518,0.1388
535,983,1518,0.1388
529,986,1515,0.1388
530,990,1520,0.1388
523,999,1522,0.1388
528,1002,1530,0.1388
520,1000,1520,0.1388
510,996,1506,0.1388
518,1000,1518,0.1388
517,992,1509,0.1388
519,993,1512,0.1388
521,996,1517,0.1388
522,995,1517,0.1388
525,997,1522,0.1388
518,990,1508,0.1388
514,997,1511,0.1388
519,991,1510,0.1388
506,1000,1506,0.1388
509,1010,1519,0.1388
511,1014,1525,0.1388
509,1005,1514,0.1388
513,1017,1530,0.1388
505,1009,1514,0.1388
506,1006,1512,0.1388
503,1010,1513,0.1388
498,1002,1500,0.1388
498,1013,1511,0.1388
500,1019,1519,0.1388
494,1010,1504,0.1388
497,1018,1515,0.1388
493,1017,1510,0.1388
491,1008,1499,0.1388
492,1005,1497,0.1388
488,1011,1499,0.1388
502,1007,1509,0.1388
501,996,1497,0.1388
496,998,1494,0.1388
499,1015,1514,0.1388
488,1015,1503,0.1388
494,1015,1509,0.1388
494,1028,1522,0.1388
486,1014,1500,0.1388
480,1010,1490,0.1388
470,1011,1481,0.1388
478,1032,1510,0.1388
473,1043,1516,0.1388
483,1034,1517,0.1388
479,1031,1510,0.1388
491,1030,1521,0.1388
480,1031,1511,0.1388
478,1029,1507,0.1388
475,1025,1500,0.1388
476,1029,1505,0.1388
474,1038,1512,0.1388
480,1036,1516,0.1388
483,1037,1520,0.1388
483,1035,1518,0.1388
481,1026,1507,0.1388
473,1029,1502,0.1388
477,1026,1503,0.1388
480,1037,1517,0.1388
482,1036,1518,0.1388
479,1034,1513,0.1388
470,1045,1515,0.1388
464,1045,1509,0.1388
467,1037,1504,0.1388
473,1037,1510,0.1388
472,1035,1507,0.1388
469,1036,1505,0.1388
462,1041,1503,0.1388
462,1043,1505,0.1388
467,1036,1503,0.1388
457,1032,1489,0.1388
457,1051,1508,0.1388
462,1046,1508,0.1388
453,1053,1506,0.1388
454,1051,1505,0.1388
455,1045,1500,0.1388
455,1039,1494,0.1388
456,1054,1510,0.1388
463,1057,1520,0.1388
463,1061,1524,0.1388
460,1071,1531,0.1388
458,1066,1524,0.1388
457,1056,1513,0.1388
459,1052,1511,0.1388
458,1043,1501,0.1388
446,1057,1503,0.1388
453,1067,1520,0.1388
455,1060,1515,0.1388
451,1068,1519,0.1388
450,1071,1521,0.1388
445,1063,1508,0.1388
444,1061,1505,0.1388
446,1069,1515,0.1388
447,1057,1504,0.1388
448,1058,1506,0.1388
450,1058,1508,0.1388
453,1064,1517,0.1388
443,1060,1503,0.1388
440,1055,1495,0.1388
446,1052,1498,0.1388
439,1058,1497,0.1388
439,1060,1499,0.1388
445,1058,1503,0.1388
450,1068,1518,0.1388
445,1075,1520,0.1388
438,1073,1511,0.1388
443,1080,1523,0.1388
446,1080,1526,0.1388
445,1079,1524,0.1388
450,1079,1529,0.1388
443,1074,1517,0.1388
429,1078,1507,0.1388
429,1090,1519,0.1388
434,1094,1528,0.1388
426,1095,1521,0.1388
426,1086,1512,0.1388
429,1095,1524,0.1388
423,1101,1524,0.1388
425,1099,1524,0.1388
421,1082,1503,0.1388
414,1079,1493,0.1388
424,1090,1514,0.1388
420,1103,1523,0.1388
414,1104,1518,0.1388
410,1101,1511,0.1388
409,1088,1497,0.1388
408,1094,1502,0.1388
405,1109,1514,0.1388
402,1111,1513,0.1388
403,1107,1510,0.1388
406,1116,1522,0.1388
400,1120,1520,0.1388
397,1115,1512,0.1388
395,1120,1515,0.1388
393,1122,1515,0.1388
391,1117,1508,0.1388
400,1119,1519,0.1388
405,1118,1523,0.1388
408,1125,1533,0.1388
406,1120,1526,0.1388
395,1120,1515,0.1388
395,1126,1521,0.1388
394,1120,1514,0.1388
390,1116,1506,0.1388
386,1113,1499,0.1388
391,1109,1500,0.1388
390,1103,1493,0.1388
385,1097,1482,0.1388
385,1093,1478,0.1388
389,1096,1485,0.1388
381,1107,1488,0.1388
380,1120,1500,0.1388
378,1099,1477,0.1388
379,1103,1482,0.1388
385,1111,1496,0.1388
383,1118,1501,0.1388
392,1111,1503,0.1388
398,1113,1511,0.1388
401,1104,1505,0.1388
401,1116,1517,0.1388
400,1108,1508,0.1388
403,1101,1504,0.1388
399,1112,1511,0.1388
400,1114,1514,0.1388
398,1119,1517,0.1388
397,1117,1514,0.1388
397,1119,1516,0.1388
389,1120,1509,0.1388
387,1119,1506,0.1388
386,1127,1513,0.1388
390,1126,1516,0.1388
395,1132,1527,0.1388
391,1121,1512,0.1388
392,1112,1504,0.1388
387,1110,1497,0.1388
382,1127,1509,0.1388
382,1124,1506,0.1388
381,1124,1505,0.1388
380,1130,1510,0.1388
380,1123,1503,0.1388
390,1130,1520,0.1388
396,1133,1529,0.1388
394,1132,1526,0.1388
399,1130,1529,0.1388
391,1138,1529,0.1388
387,1130,1517,0.1388
385,1126,1511,0.1388
388,1140,1528,0.1388
384,1117,1501,0.1388
385,1109,1494,0.1388
384,1119,1503,0.1388
378,1123,1501,0.1388
376,1120,1496,0.1388
376,1119,1495,0.1388
384,1126,1510,0.1388
383,1124,1507,0.1388
379,1115,1494,0.1388
385,1119,1504,0.1388
386,1121,1507,0.1388
385,1114,1499,0.1388
380,1117,1497,0.1388
388,1109,1497,0.1388
386,1111,1497,0.1388
381,1112,1493,0.1388
381,1115,1496,0.1388
380,1130,1510,0.1388
381,1141,1522,0.1388
382,1131,1513,0.1388
385,1129,1514,0.1388
387,1135,1522,0.1388
386,1146,1532,0.1388
387,1144,1531,0.1388
384,1149,1533,0.1388
386,1158,1544,0.1388
379,1144,1523,0.1388
378,1142,1520,0.1388
370,1139,1509,0.1388
374,1137,1511,0.1388
367,1135,1502,0.1388
363,1141,1504,0.1388
369,1139,1508,0.1388
375,1136,1511,0.1388
366,1130,1496,0.1388
370,1135,1505,0.1388
368,1132,1500,0.1388
367,1154,1521,0.1388
369,1151,1520,0.1388
367,1144,1511,0.1388
372,1146,1518,0.1388
367,1146,1513,0.1388
374,1147,1521,0.1388
366,1150,1516,0.1388
361,1148,1509,0.1388
364,1148,1512,0.1388
365,1145,1510,0.1388
359,1158,1517,0.1388
360,1154,1514,0.1388
360,1148,1508,0.1388
366,1144,1510,0.1388
365,1150,1515,0.1388
367,1146,1513,0.1388
358,1143,1501,0.1388
351,1141,1492,0.1388
353,1149,1502,0.1388
359,1140,1499,0.1388
360,1151,1511,0.1388
364,1147,1511,0.1388
367,1140,1507,0.1388
363,1144,1507,0.1388
359,1162,1521,0.1388
355,1164,1519,0.1388
350,1160,1510,0.1388
346,1165,1511,0.1388
344,1156,1500,0.1388
345,1157,1502,0.1388
346,1160,1506,0.1388
351,1159,1510,0.1388
355,1155,1510,0.1388
356,1151,1507,0.1388
354,1150,1504,0.1388
350,1153,1503,0.1388
348,1153,1501,0.1388
352,1162,1514,0.1388
352,1157,1509,0.1388
353,1151,1504,0.1388
354,1169,1523,0.1388
349,1167,1516,0.1388
351,1167,1518,0.1388
350,1176,1526,0.1388
351,1169,1520,0.1388
349,1161,1510,0.1388
345,1158,1503,0.1388
346,1162,1508,0.1388
342,1160,1502,0.1388
345,1159,1504,0.1388
343,1162,1505,0.1388
345,1161,1506,0.1388
343,1160,1503,0.1388
342,1176,1518,0.1388
344,1192,1536,0.1388
342,1189,1531,0.1388
339,1185,1524,0.1388
338,1178,1516,0.1388
337,1174,1511,0.1388
331,1173,1504,0.1388
335,1167,1502,0.1388
332,1166,1498,0.1388
332,1145,1477,0.1388
333,1160,1493,0.1388
335,1175,1510,0.1388
336,1179,1515,0.1388
333,1180,1513,0.1388
334,1181,1515,0.1388
335,1177,1512,0.1388
336,1176,1512,0.1388
335,1172,1507,0.1388
337,1181,1518,0.1388
338,1171,1509,0.1388
336,1159,1495,0.1388
335,1160,1495,0.1388
329,1183,1512,0.1388
325,1189,1514,0.1388
328,1194,1522,0.1388
327,1186,1513,0.1388
327,1192,1519,0.1388
325,1207,1532,0.1388
325,1202,1527,0.1388
324,1207,1531,0.1388
325,1185,1510,0.1388
318,1181,1499,0.1388
313,1194,1507,0.1388
313,1198,1511,0.1388
314,1201,1515,0.1388
313,1203,1516,0.1388
311,1195,1506,0.1388
313,1199,1512,0.1388
312,1208,1520,0.1388
313,1199,1512,0.1388
311,1189,1500,0.1388
317,1176,1493,0.1388
309,1178,1487,0.1388
313,1183,1496,0.1388
323,1194,1517,0.1388
322,1199,1521,0.1388
321,1206,1527,0.1388
314,1205,1519,0.1388
314,1211,1525,0.1388
310,1203,1513,0.1388
303,1207,1510,0.1388
301,1203,1504,0.1388
306,1207,1513,0.1388
309,1210,1519,0.1388
307,1201,1508,0.1388
304,1207,1511,0.1388
300,1206,1506,0.1388
300,1195,1495,0.1388
301,1204,1505,0.1388
303,1190,1493,0.1388
302,1189,1491,0.1388
301,1191,1492,0.1388
302,1196,1498,0.1388
298,1206,1504,0.1388
299,1209,1508,0.1388
300,1216,1516,0.1388
300,1211,1511,0.1388
298,1213,1511,0.1388
303,1209,1512,0.1388
302,1208,1510,0.1388
299,1217,1516,0.1388
297,1205,1502,0.1388
300,1201,1501,0.1388
297,1208,1505,0.1388
294,1207,1501,0.1388
293,1207,1500,0.1388
296,1193,1489,0.1388
295,1209,1504,0.1388
293,1213,1506,0.1388
297,1217,1514,0.1388
297,1219,1516,0.1388
293,1209,1502,0.1388
294,1216,1510,0.1388
298,1218,1516,0.1388
296,1215,1511,0.1388
296,1216,1512,0.1388
295,1210,1505,0.1388
291,1206,1497,0.1388
294,1211,1505,0.1388
285,1224,1509,0.1388
286,1221,1507,0.1388
283,1229,1512,0.1388
286,1227,1513,0.1388
281,1227,1508,0.1388
282,1224,1506,0.1388
277,1223,1500,0.1388
271,1226,1497,0.1388
275,1228,1503,0.1388
275,1224,1499,0.1388
277,1228,1505,0.1388
276,1227,1503,0.1388
277,1233,1510,0.1388
280,1232,1512,0.1388
280,1222,1502,0.1388
280,1233,1513,0.1388
280,1234,1514,0.1388
278,1238,1516,0.1388
286,1230,1516,0.1388
282,1240,1522,0.1388
282,1226,1508,0.1388
279,1229,1508,0.1388
280,1229,1509,0.1388
279,1228,1507,0.1388
280,1233,1513,0.1388
286,1241,1527,0.1388
284,1235,1519,0.1388
282,1237,1519,0.1388
284,1232,1516,0.1388
282,1239,1521,0.1388
275,1238,1513,0.1388
278,1242,1520,0.1388
279,1242,1521,0.1388
281,1245,1526,0.1388
278,1224,1502,0.1388
283,1216,1499,0.1388
275,1230,1505,0.1388
276,1247,1523,0.1388
273,1233,1506,0.1388
274,1231,1505,0.1388
277,1252,1529,0.1388
278,1246,1524,0.1388
273,1237,1510,0.1388
271,1239,1510,0.1388
273,1257,1530,0.1388
276,1257,1533,0.1388
276,1256,1532,0.1388
275,1246,1521,0.1388
276,1238,1514,0.1388
278,1252,1530,0.1388
271,1250,1521,0.1388
271,1250,1521,0.1388
277,1235,1512,0.1388
269,1245,1514,0.1388
268,1239,1507,0.1388
273,1233,1506,0.1388
276,1234,1510,0.1388
273,1241,1514,0.1388
273,1248,1521,0.1388
267,1254,1521,0.1388
266,1252,1518,0.1388
268,1247,1515,0.1388
262,1244,1506,0.1388
259,1238,1497,0.1388
263,1251,1514,0.1388
269,1256,1525,0.1388
265,1263,1528,0.1388
262,1264,1526,0.1388
256,1271,1527,0.1388
250,1277,1527,0.1388
255,1276,1531,0.1388
255,1268,1523,0.1388
258,1262,1520,0.1388
253,1265,1518,0.1388
256,1257,1513,0.1388
254,1268,1522,0.1388
251,1271,1522,0.1388
247,1283,1530,0.1388
245,1281,1526,0.1388
241,1280,1521,0.1388
249,1274,1523,0.1388
250,1266,1516,0.1388
250,1263,1513,0.1388
251,1271,1522,0.1388
241,1264,1505,0.1388
243,1260,1503,0.1388
247,1267,1514,0.1388
244,1270,1514,0.1388
245,1273,1518,0.1388
242,1269,1511,0.1388
243,1277,1520,0.1388
240,1277,1517,0.1388
237,1272,1509,0.1388
240,1267,1507,0.1388
242,1264,1506,0.1388
242,1268,1510,0.1388
240,1265,1505,0.1388
242,1268,1510,0.1388
245,1266,1511,0.1388
248,1254,1502,0.1388
245,1271,1516,0.1388
244,1259,1503,0.1388
244,1269,1513,0.1388
245,1278,1523,0.1388
245,1281,1526,0.1388
240,1270,1510,0.1388
242,1260,1502,0.1388
241,1268,1509,0.1388
242,1271,1513,0.1388
244,1261,1505,0.1388
245,1264,1509,0.1388
242,1250,1492,0.1388
247,1257,1504,0.1388
248,1263,1511,0.1388
247,1262,1509,0.1388
242,1274,1516,0.1388
244,1272,1516,0.1388
245,1275,1520,0.1388
243,1279,1522,0.1388
239,1269,1508,0.1388
238,1281,1519,0.1388
237,1279,1516,0.1388
236,1279,1515,0.1388
239,1292,1531,0.1388
239,1289,1528,0.1388
236,1279,1515,0.1388
228,1287,1515,0.1388
227,1286,1513,0.1388
228,1289,1517,0.1388
231,1273,1504,0.1388
231,1284,1515,0.1388
227,1292,1519,0.1388
226,1297,1523,0.1388
227,1299,1526,0.1388
226,1294,1520,0.1388
223,1298,1521,0.1388
229,1296,1525,0.1388
222,1292,1514,0.1388
221,1289,1510,0.1388
224,1292,1516,0.1388
218,1299,1517,0.1388
227,1300,1527,0.1388
222,1294,1516,0.1388
221,1280,1501,0.1388
216,1282,1498,0.1388
219,1276,1495,0.1388
224,1278,1502,0.1388
222,1287,1509,0.1388
227,1289,1516,0.1388
227,1287,1514,0.1388
233,1275,1508,0.1388
230,1275,1505,0.1388
226,1281,1507,0.1388
224,1288,1512,0.1388
225,1309,1534,0.1388
219,1300,1519,0.1388
223,1309,1532,0.1388
225,1291,1516,0.1388
223,1291,1514,0.1388
218,1312,1530,0.1388
218,1302,1520,0.1388
218,1305,1523,0.1388
212,1296,1508,0.1388
215,1292,1507,0.1388
218,1301,1519,0.1388
218,1299,1517,0.1388
223,1299,1522,0.1388
223,1292,1515,0.1388
226,1296,1522,0.1388
219,1292,1511,0.1388
224,1293,1517,0.1388
226,1295,1521,0.1388
220,1287,1507,0.1388
222,1285,1507,0.1388
223,1281,1504,0.1388
218,1283,1501,0.1388
218,1287,1505,0.1388
222,1274,1496,0.1388
217,1276,1493,0.1388
217,1267,1484,0.1388
212,1294,1506,0.1388
215,1297,1512,0.1388
210,1292,1502,0.1388
208,1288,1496,0.1388
205,1294,1499,0.1388
205,1293,1498,0.1388
206,1297,1503,0.1388
208,1305,1513,0.1388
216,1302,1518,0.1388
213,1306,1519,0.1388
215,1312,1527,0.1388
212,1295,1507,0.1388
208,1296,1504,0.1388
212,1293,1505,0.1388
214,1306,1520,0.1388
213,1315,1528,0.1388
211,1295,1506,0.1388
211,1296,1507,0.1388
211,1292,1503,0.1388
209,1290,1499,0.1388
210,1304,1514,0.1388
206,1307,1513,0.1388
209,1303,1512,0.1388
210,1303,1513,0.1388
212,1301,1513,0.1388
210,1310,1520,0.1388
208,1302,1510,0.1388
210,1302,1512,0.1388
207,1302,1509,0.1388
209,1301,1510,0.1388
203,1313,1516,0.1388
205,1313,1518,0.1388
201,1297,1498,0.1388
201,1296,1497,0.1388
208,1292,1500,0.1388
209,1286,1495,0.1388
209,1285,1494,0.1388
213,1300,1513,0.1388
212,1310,1522,0.1388
212,1294,1506,0.1388
213,1292,1505,0.1388
212,1296,1508,0.1388
208,1311,1519,0.1388
209,1303,1512,0.1388
207,1299,1506,0.1388
206,1309,1515,0.1388
207,1314,1521,0.1388
205,1314,1519,0.1388
208,1317,1525,0.1388
209,1301,1510,0.1388
208,1296,1504,0.1388
207,1298,1505,0.1388
206,1316,1522,0.1388
207,1318,1525,0.1388
209,1323,1532,0.1388
206,1305,1511,0.1388
207,1311,1518,0.1388
214,1310,1524,0.1388
207,1301,1508,0.1388
212,1302,1514,0.1388
214,1295,1509,0.1388
210,1303,1513,0.1388
216,1308,1524,0.1388
217,1299,1516,0.1388
215,1292,1507,0.1388
220,1298,1518,0.1388
219,1305,1524,0.1388
218,1310,1528,0.1388
217,1304,1521,0.1388
218,1306,1524,0.1388
219,1307,1526,0.1388
219,1304,1523,0.1388
216,1305,1521,0.1388
211,1298,1509,0.1388
211,1304,1515,0.1388
209,1299,1508,0.1388
210,1303,1513,0.1388
214,1295,1509,0.1388
212,1295,1507,0.1388
215,1293,1508,0.1388
224,1300,1524,0.1388
223,1294,1517,0.1388
217,1307,1524,0.1388
217,1296,1513,0.1388
210,1289,1499,0.1388
209,1292,1501,0.1388
212,1299,1511,0.1388
210,1309,1519,0.1388
215,1312,1527,0.1388
210,1315,1525,0.1388
210,1326,1536,0.1388
206,1325,1531,0.1388
207,1321,1528,0.1388
206,1311,1517,0.1388
207,1316,1523,0.1388
200,1310,1510,0.1388
203,1329,1532,0.1388
205,1311,1516,0.1388
199,1313,1512,0.1388
200,1316,1516,0.1388
201,1320,1521,0.1388
198,1332,1530,0.1388
203,1326,1529,0.1388
196,1316,1512,0.1388
192,1317,1509,0.1388
197,1321,1518,0.1388
202,1314,1516,0.1388
201,1324,1525,0.1388
196,1326,1522,0.1388
195,1324,1519,0.1388
195,1307,1502,0.1388
191,1314,1505,0.1388
188,1318,1506,0.1388
192,1319,1511,0.1388
191,1326,1517,0.1388
184,1334,1518,0.1388
182,1330,1512,0.1388
184,1325,1509,0.1388
179,1336,1515,0.1388
180,1333,1513,0.1388
178,1337,1515,0.1388
179,1336,1515,0.1388
178,1328,1506,0.1388
178,1326,1504,0.1388
184,1332,1516,0.1388
182,1326,1508,0.1388
180,1327,1507,0.1388
180,1322,1502,0.1388
180,1319,1499,0.1388
178,1322,1500,0.1388
176,1335,1511,0.1388
170,1347,1517,0.1388
173,1329,1502,0.1388
170,1334,1504,0.1388
170,1355,1525,0.1388
175,1344,1519,0.1388
173,1344,1517,0.1388
174,1340,1514,0.1388
169,1348,1517,0.1388
170,1338,1508,0.1388
175,1334,1509,0.1388
175,1329,1504,0.1388
168,1329,1497,0.1388
174,1339,1513,0.1388
174,1347,1521,0.1388
173,1337,1510,0.1388
171,1336,1507,0.1388
167,1347,1514,0.1388
169,1339,1508,0.1388
171,1342,1513,0.1388
167,1339,1506,0.1388
169,1343,1512,0.1388
164,1331,1495,0.1388
161,1340,1501,0.1388
162,1345,1507,0.1388
161,1338,1499,0.1388
156,1343,1499,0.1388
157,1355,1512,0.1388
160,1352,1512,0.1388
161,1349,1510,0.1388
156,1347,1503,0.1388
160,1342,1502,0.1388
160,1348,1508,0.1388
163,1342,1505,0.1388
162,1350,1512,0.1388
163,1357,1520,0.1388
160,1368,1528,0.1388
159,1359,1518,0.1388
154,1353,1507,0.1388
150,1356,1506,0.1388
155,1351,1506,0.1388
152,1353,1505,0.1388
154,1369,1523,0.1388
151,1376,1527,0.1388
152,1371,1523,0.1388
148,1369,1517,0.1388
150,1363,1513,0.1388
146,1350,1496,0.1388
151,1365,1516,0.1388
147,1370,1517,0.1388
151,1376,1527,0.1388
152,1364,1516,0.1388
151,1354,1505,0.1388
154,1349,1503,0.1388
156,1354,1510,0.1388
153,1357,1510,0.1388
151,1361,1512,0.1388
151,1362,1513,0.1388
153,1365,1518,0.1388
151,1369,1520,0.1388
154,1375,1529,0.1388
153,1372,1525,0.1388
153,1362,1515,0.1388
153,1359,1512,0.1388
155,1364,1519,0.1388
156,1363,1519,0.1388
152,1366,1518,0.1388
155,1362,1517,0.1388
152,1362,1514,0.1388
155,1357,1512,0.1388
154,1365,1519,0.1388
153,1371,1524,0.1388
150,1357,1507,0.1388
153,1357,1510,0.1388
148,1350,1498,0.1388
150,1357,1507,0.1388
149,1361,1510,0.1388
155,1365,1520,0.1388
158,1362,1520,0.1388
156,1353,1509,0.1388
158,1352,1510,0.1388
160,1355,1515,0.1388
158,1349,1507,0.1388
154,1345,1499,0.1388
159,1354,1513,0.1388
154,1351,1505,0.1388
155,1345,1500,0.1388
157,1344,1501,0.1388
157,1341,1498,0.1388
154,1361,1515,0.1388
153,1364,1517,0.1388
150,1369,1519,0.1388
152,1370,1522,0.1388
149,1371,1520,0.1388
147,1366,1513,0.1388
144,1370,1514,0.1388
142,1380,1522,0.1388
142,1361,1503,0.1388
138,1350,1488,0.1388
141,1367,1508,0.1388
145,1364,1509,0.1388
142,1368,1510,0.1388
141,1368,1509,0.1388
140,1373,1513,0.1388
142,1370,1512,0.1388
138,1367,1505,0.1388
141,1377,1518,0.1388
144,1362,1506,0.1388
139,1368,1507,0.1388
137,1378,1515,0.1388
134,1373,1507,0.1388
134,1385,1519,0.1388
136,1385,1521,0.1388
137,1386,1523,0.1388
137,1375,1512,0.1388
140,1377,1517,0.1388
136,1383,1519,0.1388
132,1385,1517,0.1388
129,1380,1509,0.1388
130,1381,1511,0.1388
132,1378,1510,0.1388
131,1386,1517,0.1388
128,1386,1514,0.1388
128,1375,1503,0.1388
132,1362,1494,0.1388
128,1364,1492,0.1388
132,1365,1497,0.1388
132,1377,1509,0.1388
130,1389,1519,0.1388
130,1385,1515,0.1388
131,1398,1529,0.1388
129,1402,1531,0.1388
131,1396,1527,0.1388
134,1400,1534,0.1388
137,1392,1529,0.1388
138,1376,1514,0.1388
137,1370,1507,0.1388
132,1375,1507,0.1388
129,1378,1507,0.1388
130,1374,1504,0.1388
131,1378,1509,0.1388
130,1371,1501,0.1388
136,1370,1506,0.1388
141,1371,1512,0.1388
137,1374,1511,0.1388
137,1364,1501,0.1388
136,1362,1498,0.1388
135,1372,1507,0.1388
138,1379,1517,0.1388
133,1373,1506,0.1388
134,1383,1517,0.1388
133,1375,1508,0.1388
132,1379,1511,0.1388
132,1382,1514,0.1388
130,1365,1495,0.1388
133,1377,1510,0.1388
133,1375,1508,0.1388
130,1388,1518,0.1388
130,1386,1516,0.1388
127,1374,1501,0.1388
124,1371,1495,0.1388
120,1379,1499,0.1388
128,1378,1506,0.1388
132,1374,1506,0.1388
126,1375,1501,0.1388
127,1390,1517,0.1388
124,1382,1506,0.1388
125,1392,1517,0.1388
126,1396,1522,0.1388
125,1406,1531,0.1388
128,1391,1519,0.1388
126,1392,1518,0.1388
125,1400,1525,0.1388
126,1391,1517,0.1388
126,1391,1517,0.1388
126,1393,1519,0.1388
127,1385,1512,0.1388
128,1379,1507,0.1388
128,1373,1501,0.1388
126,1368,1494,0.1388
128,1374,1502,0.1388
127,1367,1494,0.1388
126,1375,1501,0.1388
125,1384,1509,0.1388
120,1378,1498,0.1388
120,1376,1496,0.1388
122,1371,1493,0.1388
120,1378,1498,0.1388
121,1382,1503,0.1388
118,1392,1510,0.1388
121,1395,1516,0.1388
125,1394,1519,0.1388
128,1388,1516,0.1388
126,1380,1506,0.1388
126,1383,1509,0.1388
128,1385,1513,0.1388
127,1387,1514,0.1388
127,1380,1507,0.1388
127,1391,1518,0.1388
127,1386,1513,0.1388
126,1381,1507,0.1388
127,1389,1516,0.1388
126,1384,1510,0.1388
128,1386,1514,0.1388
132,1393,1525,0.1388
129,1382,1511,0.1388
127,1381,1508,0.1388
128,1382,1510,0.1388
127,1382,1509,0.1388
127,1375,1502,0.1388
129,1378,1507,0.1388
129,1395,1524,0.1388
130,1398,1528,0.1388
131,1383,1514,0.1388
131,1384,1515,0.1388
130,1378,1508,0.1388
132,1377,1509,0.1388
135,1380,1515,0.1388
131,1368,1499,0.1388
133,1368,1501,0.1388
134,1369,1503,0.1388
128,1379,1507,0.1388
126,1384,1510,0.1388
132,1387,1519,0.1388
128,1388,1516,0.1388
132,1385,1517,0.1388
130,1374,1504,0.1388
127,1378,1505,0.1388
128,1390,1518,0.1388
126,1390,1516,0.1388
129,1387,1516,0.1388
128,1385,1513,0.1388
129,1378,1507,0.1388
127,1381,1508,0.1388
125,1393,1518,0.1388
125,1385,1510,0.1388
124,1393,1517,0.1388
124,1406,1530,0.1388
126,1405,1531,0.1388
126,1399,1525,0.1388
126,1396,1522,0.1388
125,1389,1514,0.1388
124,1386,1510,0.1388
122,1406,1528,0.1388
124,1405,1529,0.1388
128,1399,1527,0.1388
127,1404,1531,0.1388
123,1409,1532,0.1388
122,1405,1527,0.1388
122,1391,1513,0.1388
122,1390,1512,0.1388
118,1388,1506,0.1388
119,1395,1514,0.1388
121,1396,1517,0.1388
121,1403,1524,0.1388
121,1401,1522,0.1388
120,1397,1517,0.1388
124,1395,1519,0.1388
121,1396,1517,0.1388
124,1389,1513,0.1388
121,1379,1500,0.1388
123,1384,1507,0.1388
122,1399,1521,0.1388
122,1391,1513,0.1388
123,1391,1514,0.1388
122,1376,1498,0.1388
120,1395,1515,0.1388
119,1397,1516,0.1388
120,1400,1520,0.1388
120,1398,1518,0.1388
119,1386,1505,0.1388
120,1390,1510,0.1388
121,1386,1507,0.1388
122,1405,1527,0.1388
122,1408,1530,0.1388
122,1398,1520,0.1388
122,1387,1509,0.1388
121,1383,1504,0.1388
121,1383,1504,0.1388
118,1401,1519,0.1388
117,1398,1515,0.1388
121,1397,1518,0.1388
123,1404,1527,0.1388
119,1410,1529,0.1388
120,1407,1527,0.1388
120,1410,1530,0.1388
117,1413,1530,0.1388
115,1400,1515,0.1388
116,1394,1510,0.1388
117,1389,1506,0.1388
119,1385,1504,0.1388
118,1381,1499,0.1388
118,1402,1520,0.1388
118,1404,1522,0.1388
120,1382,1502,0.1388
115,1389,1504,0.1388
119,1391,1510,0.1388
123,1385,1508,0.1388
121,1388,1509,0.1388
117,1398,1515,0.1388
115,1398,1513,0.1388
114,1404,1518,0.1388
112,1401,1513,0.1388
115,1400,1515,0.1388
115,1403,1518,0.1388
116,1404,1520,0.1388
113,1412,1525,0.1388
109,1415,1524,0.1388
107,1412,1519,0.1388
100,1413,1513,0.1388
103,1418,1521,0.1388
103,1412,1515,0.1388
102,1413,1515,0.1388
103,1410,1513,0.1388
101,1403,1504,0.1388
102,1399,1501,0.1388
102,1414,1516,0.1388
103,1432,1535,0.1388
103,1426,1529,0.1388
105,1431,1536,0.1388
104,1430,1534,0.1388
106,1429,1535,0.1388
105,1424,1529,0.1388
105,1420,1525,0.1388
104,1407,1511,0.1388
107,1399,1506,0.1388
110,1408,1518,0.1388
110,1407,1517,0.1388
108,1394,1502,0.1388
109,1403,1512,0.1388
107,1397,1504,0.1388
105,1399,1504,0.1388
106,1412,1518,0.1388
100,1414,1514,0.1388
102,1413,1515,0.1388
105,1410,1515,0.1388
104,1415,1519,0.1388
103,1409,1512,0.1388
102,1406,1508,0.1388
99,1406,1505,0.1388
102,1410,1512,0.1388
98,1409,1507,0.1388
100,1412,1512,0.1388
102,1412,1514,0.1388
106,1409,1515,0.1388
104,1409,1513,0.1388
103,1405,1508,0.1388
100,1404,1504,0.1388
103,1416,1519,0.1388
105,1415,1520,0.1388
102,1419,1521,0.1388
100,1411,1511,0.1388
101,1412,1513,0.1388
102,1412,1514,0.1388
102,1414,1516,0.1388
99,1406,1505,0.1388
99,1409,1508,0.1388
101,1413,1514,0.1388
100,1423,1523,0.1388
98,1417,1515,0.1388
99,1402,1501,0.1388
99,1412,1511,0.1388
96,1409,1505,0.1388
95,1420,1515,0.1388
98,1419,1517,0.1388
97,1421,1518,0.1388
97,1423,1520,0.1388
94,1426,1520,0.1388
90,1411,1501,0.1388
85,1422,1507,0.1388
86,1408,1494,0.1388
88,1418,1506,0.1388
88,1427,1515,0.1388
89,1431,1520,0.1388
88,1436,1524,0.1388
89,1443,1532,0.1388
88,1434,1522,0.1388
88,1441,1529,0.1388
89,1433,1522,0.1388
87,1431,1518,0.1388
87,1430,1517,0.1388
91,1425,1516,0.1388
90,1424,1514,0.1388
89,1417,1506,0.1388
83,1431,1514,0.1388
85,1425,1510,0.1388
85,1429,1514,0.1388
87,1436,1523,0.1388
88,1438,1526,0.1388
93,1435,1528,0.1388
92,1441,1533,0.1388
92,1433,1525,0.1388
96,1440,1536,0.1388
95,1433,1528,0.1388
96,1433,1529,0.1388
97,1431,1528,0.1388
96,1428,1524,0.1388
95,1428,1523,0.1388
95,1429,1524,0.1388
95,1432,1527,0.1388
94,1419,1513,0.1388
91,1418,1509,0.1388
94,1410,1504,0.1388
94,1425,1519,0.1388
96,1422,1518,0.1388
96,1414,1510,0.1388
96,1421,1517,0.1388
94,1417,1511,0.1388
93,1406,1499,0.1388
92,1415,1507,0.1388
90,1418,1508,0.1388
91,1409,1500,0.1388
95,1422,1517,0.1388
94,1424,1518,0.1388
94,1419,1513,0.1388
93,1410,1503,0.1388
95,1409,1504,0.1388
96,1418,1514,0.1388
95,1411,1506,0.1388
94,1411,1505,0.1388
95,1410,1505,0.1388
92,1422,1514,0.1388
94,1424,1518,0.1388
92,1421,1513,0.1388
92,1408,1500,0.1388
92,1413,1505,0.1388
93,1422,1515,0.1388
90,1433,1523,0.1388
88,1424,1512,0.1388
87,1432,1519,0.1388
89,1431,1520,0.1388
90,1432,1522,0.1388
87,1438,1525,0.1388
89,1432,1521,0.1388
89,1442,1531,0.1388
88,1433,1521,0.1388
86,1425,1511,0.1388
86,1435,1521,0.1388
85,1426,1511,0.1388
86,1429,1515,0.1388
87,1419,1506,0.1388
88,1427,1515,0.1388
85,1417,1502,0.1388
82,1409,1491,0.1388
83,1414,1497,0.1388
83,1428,1511,0.1388
87,1421,1508,0.1388
88,1431,1519,0.1388
87,1431,1518,0.1388
84,1426,1510,0.1388
85,1435,1520,0.1388
85,1434,1519,0.1388
87,1435,1522,0.1388
85,1437,1522,0.1388
86,1428,1514,0.1388
85,1426,1511,0.1388
84,1423,1507,0.1388
81,1427,1508,0.1388
82,1414,1496,0.1388
86,1421,1507,0.1388
83,1407,1490,0.1388
86,1426,1512,0.1388
86,1429,1515,0.1388
88,1434,1522,0.1388
90,1441,1531,0.1388
89,1441,1530,0.1388
87,1443,1530,0.1388
85,1454,1539,0.1388
85,1459,1544,0.1388
86,1447,1533,0.1388
86,1434,1520,0.1388
82,1435,1517,0.1388
81,1447,1528,0.1388
82,1440,1522,0.1388
83,1435,1518,0.1388
83,1429,1512,0.1388
84,1438,1522,0.1388
82,1443,1525,0.1388
82,1444,1526,0.1388
84,1436,1520,0.1388
80,1438,1518,0.1388
80,1443,1523,0.1388
79,1441,1520,0.1388
76,1449,1525,0.1388
74,1447,1521,0.1388
74,1444,1518,0.1388
72,1445,1517,0.1388
70,1451,1521,0.1388
71,1452,1523,0.1388
72,1451,1523,0.1388
69,1454,1523,0.1388
71,1453,1524,0.1388
71,1452,1523,0.1388
71,1452,1523,0.1388
71,1446,1517,0.1388
71,1460,1531,0.1388
72,1461,1533,0.1388
73,1453,1526,0.1388
73,1444,1517,0.1388
74,1452,1526,0.1388
74,1450,1524,0.1388
74,1447,1521,0.1388
76,1454,1530,0.1388
74,1440,1514,0.1388
75,1452,1527,0.1388
76,1429,1505,0.1388
76,1443,1519,0.1388
75,1437,1512,0.1388
76,1444,1520,0.1388
76,1464,1540,0.1388
74,1440,1514,0.1388
75,1440,1515,0.1388
76,1451,1527,0.1388
79,1440,1519,0.1388
77,1446,1523,0.1388
77,1449,1526,0.1388
77,1442,1519,0.1388
76,1436,1512,0.1388
76,1439,1515,0.1388
73,1437,1510,0.1388
71,1443,1514,0.1388
69,1447,1516,0.1388
69,1450,1519,0.1388
70,1455,1525,0.1388
69,1452,1521,0.1388
67,1450,1517,0.1388
68,1457,1525,0.1388
67,1464,1531,0.1388
69,1458,1527,0.1388
67,1458,1525,0.1388
69,1447,1516,0.1388
74,1446,1520,0.1388
75,1446,1521,0.1388
77,1438,1515,0.1388
77,1447,1524,0.1388
78,1444,1522,0.1388
78,1447,1525,0.1388
77,1449,1526,0.1388
77,1448,1525,0.1388
76,1440,1516,0.1388
74,1431,1505,0.1388
76,1441,1517,0.1388
76,1439,1515,0.1388
77,1452,1529,0.1388
74,1446,1520,0.1388
73,1440,1513,0.1388
73,1433,1506,0.1388
70,1429,1499,0.1388
71,1443,1514,0.1388
74,1438,1512,0.1388
75,1438,1513,0.1388
77,1432,1509,0.1388
75,1434,1509,0.1388
72,1425,1497,0.1388
75,1421,1496,0.1388
79,1436,1515,0.1388
82,1438,1520,0.1388
81,1428,1509,0.1388
82,1430,1512,0.1388
79,1421,1500,0.1388
80,1424,1504,0.1388
78,1439,1517,0.1388
78,1447,1525,0.1388
80,1434,1514,0.1388
80,1441,1521,0.1388
79,1447,1526,0.1388
76,1444,1520,0.1388
76,1438,1514,0.1388
79,1439,1518,0.1388
79,1440,1519,0.1388
77,1436,1513,0.1388
81,1432,1513,0.1388
80,1443,1523,0.1388
79,1441,1520,0.1388
77,1439,1516,0.1388
81,1437,1518,0.1388
80,1421,1501,0.1388
77,1427,1504,0.1388
79,1432,1511,0.1388
77,1435,1512,0.1388
77,1443,1520,0.1388
74,1441,1515,0.1388
75,1434,1509,0.1388
75,1426,1501,0.1388
75,1422,1497,0.1388
75,1435,1510,0.1388
75,1441,1516,0.1388
73,1438,1511,0.1388
75,1447,1522,0.1388
73,1435,1508,0.1388
74,1436,1510,0.1388
71,1432,1503,0.1388
75,1442,1517,0.1388
71,1449,1520,0.1388
71,1444,1515,0.1388
71,1444,1515,0.1388
69,1446,1515,0.1388
66,1450,1516,0.1388
63,1452,1515,0.1388
66,1451,1517,0.1388
68,1450,1518,0.1388
68,1446,1514,0.1388
68,1448,1516,0.1388
65,1447,1512,0.1388
65,1452,1517,0.1388
61,1457,1518,0.1388
60,1456,1516,0.1388
61,1457,1518,0.1388
60,1460,1520,0.1388
58,1464,1522,0.1388
59,1445,1504,0.1388
61,1442,1503,0.1388
62,1452,1514,0.1388
63,1464,1527,0.1388
61,1463,1524,0.1388
58,1452,1510,0.1388
60,1454,1514,0.1388
58,1452,1510,0.1388
57,1456,1513,0.1388
58,1451,1509,0.1388
59,1465,1524,0.1388
60,1456,1516,0.1388
60,1460,1520,0.1388
56,1457,1513,0.1388
58,1461,1519,0.1388
56,1456,1512,0.1388
55,1463,1518,0.1388
57,1466,1523,0.1388
56,1455,1511,0.1388
55,1463,1518,0.1388
53,1466,1519,0.1388
55,1449,1504,0.1388
57,1456,1513,0.1388
58,1455,1513,0.1388
58,1460,1518,0.1388
57,1468,1525,0.1388
57,1467,1524,0.1388
58,1474,1532,0.1388
56,1469,1525,0.1388
55,1458,1513,0.1388
55,1465,1520,0.1388
54,1467,1521,0.1388
52,1460,1512,0.1388
53,1458,1511,0.1388
52,1463,1515,0.1388
51,1473,1524,0.1388
50,1463,1513,0.1388
51,1469,1520,0.1388
52,1467,1519,0.1388
49,1469,1518,0.1388
51,1470,1521,0.1388
47,1467,1514,0.1388
49,1463,1512,0.1388
51,1461,1512,0.1388
52,1466,1518,0.1388
51,1466,1517,0.1388
51,1472,1523,0.1388
49,1478,1527,0.1388
48,1461,1509,0.1388
48,1461,1509,0.1388
48,1459,1507,0.1388
48,1458,1506,0.1388
48,1459,1507,0.1388
47,1478,1525,0.1388
46,1469,1515,0.1388
46,1462,1508,0.1388
48,1453,1501,0.1388
49,1456,1505,0.1388
52,1462,1514,0.1388
52,1460,1512,0.1388
54,1467,1521,0.1388
53,1470,1523,0.1388
53,1476,1529,0.1388
53,1461,1514,0.1388
53,1469,1522,0.1388
51,1475,1526,0.1388
53,1469,1522,0.1388
51,1472,1523,0.1388
51,1480,1531,0.1388
50,1480,1530,0.1388
50,1493,1543,0.1388
49,1484,1533,0.1388
48,1464,1512,0.1388
49,1455,1504,0.1388
47,1462,1509,0.1388
48,1480,1528,0.1388
52,1476,1528,0.1388
51,1473,1524,0.1388
51,1477,1528,0.1388
53,1472,1525,0.1388
53,1467,1520,0.1388
56,1469,1525,0.1388
57,1455,1512,0.1388
55,1454,1509,0.1388
55,1457,1512,0.1388
54,1459,1513,0.1388
53,1450,1503,0.1388
54,1466,1520,0.1388
55,1469,1524,0.1388
53,1456,1509,0.1388
54,1454,1508,0.1388
53,1465,1518,0.1388
52,1474,1526,0.1388
50,1454,1504,0.1388
50,1456,1506,0.1388
50,1459,1509,0.1388
52,1447,1499,0.1388
53,1446,1499,0.1388
53,1461,1514,0.1388
54,1459,1513,0.1388
53,1451,1504,0.1388
55,1454,1509,0.1388
54,1445,1499,0.1388
56,1465,1521,0.1388
55,1459,1514,0.1388
53,1458,1511,0.1388
52,1461,1513,0.1388
52,1457,1509,0.1388
50,1455,1505,0.1388
51,1469,1520,0.1388
50,1469,1519,0.1388
51,1471,1522,0.1388
49,1472,1521,0.1388
48,1473,1521,0.1388
48,1490,1538,0.1388
48,1474,1522,0.1388
48,1479,1527,0.1388
47,1480,1527,0.1388
49,1480,1529,0.1388
49,1479,1528,0.1388
47,1472,1519,0.1388
47,1476,1523,0.1388
47,1483,1530,0.1388
47,1478,1525,0.1388
47,1479,1526,0.1388
47,1471,1518,0.1388
47,1467,1514,0.1388
48,1474,1522,0.1388
49,1457,1506,0.1388
50,1459,1509,0.1388
52,1473,1525,0.1388
51,1477,1528,0.1388
50,1471,1521,0.1388
49,1475,1524,0.1388
46,1481,1527,0.1388
45,1480,1525,0.1388
44,1470,1514,0.1388
45,1468,1513,0.1388
47,1468,1515,0.1388
47,1471,1518,0.1388
45,1468,1513,0.1388
47,1468,1515,0.1388
45,1470,1515,0.1388
46,1472,1518,0.1388
46,1471,1517,0.1388
46,1469,1515,0.1388
43,1468,1511,0.1388
43,1473,1516,0.1388
42,1471,1513,0.1388
42,1475,1517,0.1388
43,1487,1530,0.1388
44,1484,1528,0.1388
44,1477,1521,0.1388
44,1476,1520,0.1388
43,1491,1534,0.1388
42,1472,1514,0.1388
40,1474,1514,0.1388
40,1489,1529,0.1388
38,1484,1522,0.1388
40,1482,1522,0.1388
37,1463,1500,0.1388
39,1470,1509,0.1388
39,1481,1520,0.1388
38,1467,1505,0.1388
38,1473,1511,0.1388
37,1468,1505,0.1388
38,1477,1515,0.1388
39,1475,1514,0.1388
38,1479,1517,0.1388
38,1481,1519,0.1388
39,1481,1520,0.1388
37,1476,1513,0.1388
34,1454,1488,0.1388
34,1461,1495,0.1388
34,1455,1489,0.1388
31,1476,1507,0.1388
33,1469,1502,0.1388
36,1488,1524,0.1388
35,1487,1522,0.1388
35,1474,1509,0.1388
35,1472,1507,0.1388
35,1468,1503,0.1388
35,1469,1504,0.1388
35,1482,1517,0.1388
36,1489,1525,0.1388
35,1478,1513,0.1388
35,1471,1506,0.1388
34,1484,1518,0.1388
34,1486,1520,0.1388
35,1490,1525,0.1388
36,1468,1504,0.1388
36,1465,1501,0.1388
35,1476,1511,0.1388
34,1486,1520,0.1388
34,1472,1506,0.1388
34,1472,1506,0.1388
33,1478,1511,0.1388
31,1474,1505,0.1388
32,1488,1520,0.1388
33,1496,1529,0.1388
32,1476,1508,0.1388
35,1484,1519,0.1388
35,1473,1508,0.1388
35,1475,1510,0.1388
37,1470,1507,0.1388
36,1479,1515,0.1388
36,1466,1502,0.1388
34,1469,1503,0.1388
35,1468,1503,0.1388
34,1487,1521,0.1388
34,1464,1498,0.1388
34,1466,1500,0.1388
35,1470,1505,0.1388
35,1479,1514,0.1388
36,1469,1505,0.1388
33,1470,1503,0.1388
36,1479,1515,0.1388
35,1472,1507,0.1388
36,1480,1516,0.1388
33,1476,1509,0.1388
34,1494,1528,0.1388
33,1503,1536,0.1388
34,1499,1533,0.1388
37,1494,1531,0.1388
38,1504,1542,0.1388
37,1484,1521,0.1388
36,1494,1530,0.1388
36,1490,1526,0.1388
33,1492,1525,0.1388
33,1487,1520,0.1388
34,1481,1515,0.1388
35,1492,1527,0.1388
34,1490,1524,0.1388
34,1495,1529,0.1388
34,1493,1527,0.1388
35,1473,1508,0.1388
35,1479,1514,0.1388
35,1484,1519,0.1388
37,1479,1516,0.1388
36,1477,1513,0.1388
37,1482,1519,0.1388
36,1469,1505,0.1388
36,1480,1516,0.1388
33,1481,1514,0.1388
34,1486,1520,0.1388
36,1494,1530,0.1388
37,1480,1517,0.1388
36,1490,1526,0.1388
37,1488,1525,0.1388
38,1496,1534,0.1388
35,1494,1529,0.1388
37,1491,1528,0.1388
38,1478,1516,0.1388
39,1471,1510,0.1388
39,1468,1507,0.1388
39,1471,1510,0.1388
38,1456,1494,0.1388
39,1465,1504,0.1388
37,1479,1516,0.1388
36,1466,1502,0.1388
38,1476,1514,0.1388
35,1464,1499,0.1388
34,1465,1499,0.1388
34,1467,1501,0.1388
34,1477,1511,0.1388
34,1467,1501,0.1388
34,1470,1504,0.1388
35,1470,1505,0.1388
33,1468,1501,0.1388
35,1464,1499,0.1388
35,1462,1497,0.1388
34,1452,1486,0.1388
33,1458,1491,0.1388
30,1469,1499,0.1388
31,1479,1510,0.1388
27,1468,1495,0.1388
29,1483,1512,0.1388
30,1491,1521,0.1388
31,1495,1526,0.1388
31,1494,1525,0.1388
31,1492,1523,0.1388
29,1487,1516,0.1388
29,1489,1518,0.1388
29,1499,1528,0.1388
30,1504,1534,0.1388
29,1503,1532,0.1388
28,1501,1529,0.1388
28,1504,1532,0.1388
27,1497,1524,0.1388
25,1498,1523,0.1388
25,1489,1514,0.1388
25,1495,1520,0.1388
25,1500,1525,0.1388
24,1501,1525,0.1388
24,1504,1528,0.1388
25,1495,1520,0.1388
26,1485,1511,0.1388
26,1485,1511,0.1388
24,1477,1501,0.1388
25,1480,1505,0.1388
25,1487,1512,0.1388
24,1487,1511,0.1388
24,1495,1519,0.1388
21,1484,1505,0.1388
21,1499,1520,0.1388
21,1496,1517,0.1388
21,1493,1514,0.1388
20,1501,1521,0.1388
19,1494,1513,0.1388
19,1493,1512,0.1388
19,1501,1520,0.1388
19,1503,1522,0.1388
18,1504,1522,0.1388
17,1492,1509,0.1388
16,1495,1511,0.1388
15,1498,1513,0.1388
16,1494,1510,0.1388
17,1495,1512,0.1388
16,1472,1488,0.1388
16,1482,1498,0.1388
17,1491,1508,0.1388
17,1496,1513,0.1388
17,1485,1502,0.1388
16,1483,1499,0.1388
16,1491,1507,0.1388
15,1496,1511,0.1388
17,1495,1512,0.1388
18,1498,1516,0.1388
18,1500,1518,0.1388
18,1500,1518,0.1388
17,1505,1522,0.1388
16,1498,1514,0.1388
16,1501,1517,0.1388
15,1492,1507,0.1388
16,1487,1503,0.1388
17,1495,1512,0.1388
17,1504,1521,0.1388
17,1498,1515,0.1388
19,1484,1503,0.1388
19,1498,1517,0.1388
19,1504,1523,0.1388
19,1502,1521,0.1388
20,1497,1517,0.1388
19,1513,1532,0.1388
17,1500,1517,0.1388
17,1496,1513,0.1388
17,1498,1515,0.1388
17,1501,1518,0.1388
18,1502,1520,0.1388
17,1496,1513,0.1388
16,1499,1515,0.1388
17,1500,1517,0.1388
19,1498,1517,0.1388
19,1490,1509,0.1388
19,1505,1524,0.1388
19,1502,1521,0.1388
19,1508,1527,0.1388
19,1487,1506,0.1388
20,1489,1509,0.1388
20,1507,1527,0.1388
20,1503,1523,0.1388
20,1503,1523,0.1388
19,1504,1523,0.1388
18,1502,1520,0.1388
18,1508,1526,0.1388
18,1508,1526,0.1388
18,1499,1517,0.1388
18,1504,1522,0.1388
18,1496,1514,0.1388
19,1506,1525,0.1388
18,1498,1516,0.1388
18,1487,1505,0.1388
19,1496,1515,0.1388
20,1496,1516,0.1388
19,1495,1514,0.1388
19,1498,1517,0.1388
20,1499,1519,0.1388
21,1501,1522,0.1388
21,1495,1516,0.1388
19,1485,1504,0.1388
20,1476,1496,0.1388
20,1490,1510,0.1388
19,1500,1519,0.1388
18,1494,1512,0.1388
18,1497,1515,0.1388
17,1495,1512,0.1388
17,1495,1512,0.1388
17,1503,1520,0.1388
17,1490,1507,0.1388
17,1490,1507,0.1388
16,1495,1511,0.1388
17,1486,1503,0.1388
17,1486,1503,0.1388
17,1497,1514,0.1388
18,1492,1510,0.1388
18,1485,1503,0.1388
18,1482,1500,0.1388
20,1482,1502,0.1388
19,1478,1497,0.1388
18,1465,1483,0.1388
17,1472,1489,0.1388
17,1482,1499,0.1388
17,1495,1512,0.1388
17,1494,1511,0.1388
17,1507,1524,0.1388
18,1516,1534,0.1388
18,1506,1524,0.1388
18,1502,1520,0.1388
18,1502,1520,0.1388
17,1501,1518,0.1388
17,1498,1515,0.1388
17,1484,1501,0.1388
17,1488,1505,0.1388
17,1494,1511,0.1388
17,1503,1520,0.1388
18,1499,1517,0.1388
18,1495,1513,0.1388
16,1493,1509,0.1388
16,1503,1519,0.1388
16,1501,1517,0.1388
15,1495,1510,0.1388
16,1479,1495,0.1388
17,1488,1505,0.1388
17,1497,1514,0.1388
17,1494,1511,0.1388
18,1493,1511,0.1388
17,1492,1509,0.1388
20,1489,1509,0.1388
21,1497,1518,0.1388
22,1484,1506,0.1388
23,1489,1512,0.1388
23,1484,1507,0.1388
23,1485,1508,0.1388
22,1491,1513,0.1388
22,1481,1503,0.1388
22,1479,1501,0.1388
22,1483,1505,0.1388
22,1475,1497,0.1388
23,1487,1510,0.1388
22,1483,1505,0.1388
23,1483,1506,0.1388
22,1503,1525,0.1388
21,1485,1506,0.1388
23,1480,1503,0.1388
23,1479,1502,0.1388
24,1489,1513,0.1388
24,1502,1526,0.1388
23,1479,1502,0.1388
23,1480,1503,0.1388
25,1483,1508,0.1388
25,1487,1512,0.1388
25,1479,1504,0.1388
25,1495,1520,0.1388
23,1497,1520,0.1388
23,1499,1522,0.1388
23,1501,1524,0.1388
22,1487,1509,0.1388
22,1494,1516,0.1388
22,1502,1524,0.1388
22,1492,1514,0.1388
21,1480,1501,0.1388
20,1483,1503,0.1388
20,1485,1505,0.1388
20,1479,1499,0.1388
21,1486,1507,0.1388
20,1494,1514,0.1388
19,1500,1519,0.1388
18,1499,1517,0.1388
18,1509,1527,0.1388
17,1510,1527,0.1388
17,1508,1525,0.1388
16,1508,1524,0.1388
15,1506,1521,0.1388
15,1501,1516,0.1388
16,1498,1514,0.1388
16,1507,1523,0.1388
15,1506,1521,0.1388
15,1515,1530,0.1388
15,1516,1531,0.1388
15,1518,1533,0.1388
13,1517,1530,0.1388
13,1513,1526,0.1388
13,1502,1515,0.1388
13,1504,1517,0.1388
12,1501,1513,0.1388
11,1508,1519,0.1388
11,1508,1519,0.1388
11,1519,1530,0.1388
10,1516,1526,0.1388
11,1512,1523,0.1388
10,1517,1527,0.1388
9,1524,1533,0.1388
9,1526,1535,0.1388
9,1517,1526,0.1388
9,1515,1524,0.1388
9,1521,1530,0.1388
8,1526,1534,0.1388
8,1530,1538,0.1388
9,1530,1539,0.1388
9,1515,1524,0.1388
9,1511,1520,0.1388
7,1499,1506,0.1388
7,1516,1523,0.1388
7,1515,1522,0.1388
7,1510,1517,0.1388
7,1512,1519,0.1388
8,1516,1524,0.1388
8,1506,1514,0.1388
8,1512,1520,0.1388
8,1513,1521,0.1388
8,1502,1510,0.1388
8,1499,1507,0.1388
8,1499,1507,0.1388
7,1496,1503,0.1388
7,1498,1505,0.1388
8,1507,1515,0.1388
8,1510,1518,0.1388
8,1524,1532,0.1388
8,1521,1529,0.1388
8,1504,1512,0.1388
7,1511,1518,0.1388
7,1511,1518,0.1388
8,1507,1515,0.1388
8,1509,1517,0.1388
8,1511,1519,0.1388
8,1510,1518,0.1388
8,1498,1506,0.1388
7,1505,1512,0.1388
7,1505,1512,0.1388
7,1499,1506,0.1388
6,1491,1497,0.1388
6,1504,1510,0.1388
6,1513,1519,0.1388
4,1501,1505,0.1388
5,1489,1494,0.1388
5,1490,1495,0.1388
5,1493,1498,0.1388
5,1503,1508,0.1388
4,1496,1500,0.1388
4,1503,1507,0.1388
4,1504,1508,0.1388
4,1516,1520,0.1388
4,1519,1523,0.1388
4,1516,1520,0.1388
4,1512,1516,0.1388
4,1514,1518,0.1388
4,1520,1524,0.1388
4,1531,1535,0.1388
4,1510,1514,0.1388
4,1512,1516,0.1388
4,1507,1511,0.1388
4,1510,1514,0.1388
4,1496,1500,0.1388
4,1499,1503,0.1388
4,1505,1509,0.1388
4,1501,1505,0.1388
4,1501,1505,0.1388
4,1503,1507,0.1388
4,1511,1515,0.1388
4,1515,1519,0.1388
4,1513,1517,0.1388
4,1516,1520,0.1388
4,1519,1523,0.1388
3,1519,1522,0.1388
3,1520,1523,0.1388
3,1518,1521,0.1388
3,1518,1521,0.1388
3,1525,1528,0.1388
3,1515,1518,0.1388
4,1505,1509,0.1388
4,1510,1514,0.1388
4,1503,1507,0.1388
4,1516,1520,0.1388
4,1509,1513,0.1388
4,1501,1505,0.1388
4,1505,1509,0.1388
3,1509,1512,0.1388
4,1507,1511,0.1388
5,1517,1522,0.1388
5,1509,1514,0.1388
4,1508,1512,0.1388
4,1510,1514,0.1388
5,1516,1521,0.1388
5,1523,1528,0.1388
5,1523,1528,0.1388
5,1498,1503,0.1388
5,1501,1506,0.1388
5,1498,1503,0.1388
4,1515,1519,0.1388
4,1517,1521,0.1388
4,1516,1520,0.1388
4,1524,1528,0.1388
4,1532,1536,0.1388
4,1515,1519,0.1388
3,1522,1525,0.1388
3,1516,1519,0.1388
3,1521,1524,0.1388
3,1511,1514,0.1388
3,1494,1497,0.1388
3,1503,1506,0.1388
3,1511,1514,0.1388
3,1507,1510,0.1388
3,1503,1506,0.1388
3,1496,1499,0.1388
3,1499,1502,0.1388
3,1505,1508,0.1388
3,1521,1524,0.1388
3,1512,1515,0.1388
3,1514,1517,0.1388
4,1505,1509,0.1388
4,1511,1515,0.1388
4,1501,1505,0.1388
4,1520,1524,0.1388
4,1512,1516,0.1388
4,1514,1518,0.1388
5,1517,1522,0.1388
5,1524,1529,0.1388
5,1519,1524,0.1388
5,1522,1527,0.1388
4,1509,1513,0.1388
4,1508,1512,0.1388
4,1509,1513,0.1388
4,1514,1518,0.1388
5,1520,1525,0.1388
5,1513,1518,0.1388
5,1501,1506,0.1388
5,1507,1512,0.1388
5,1492,1497,0.1388
4,1501,1505,0.1388
4,1505,1509,0.1388
4,1501,1505,0.1388
3,1500,1503,0.1388
3,1503,1506,0.1388
3,1501,1504,0.1388
3,1492,1495,0.1388
3,1483,1486,0.1388
3,1507,1510,0.1388
3,1518,1521,0.1388
3,1519,1522,0.1388
3,1526,1529,0.1388
3,1522,1525,0.1388
3,1517,1520,0.1388
3,1497,1500,0.1388
3,1520,1523,0.1388
3,1503,1506,0.1388
4,1505,1509,0.1388
3,1510,1513,0.1388
3,1501,1504,0.1388
3,1503,1506,0.1388
3,1488,1491,0.1388
3,1500,1503,0.1388
3,1495,1498,0.1388
4,1499,1503,0.1388
4,1521,1525,0.1388
4,1516,1520,0.1388
5,1514,1519,0.1388
5,1510,1515,0.1388
6,1517,1523,0.1388
5,1508,1513,0.1388
5,1517,1522,0.1388
5,1509,1514,0.1388
5,1497,1502,0.1388
5,1512,1517,0.1388
5,1518,1523,0.1388
4,1494,1498,0.1388
4,1496,1500,0.1388
4,1499,1503,0.1388
4,1508,1512,0.1388
4,1516,1520,0.1388
4,1523,1527,0.1388
4,1522,1526,0.1388
4,1523,1527,0.1388
4,1525,1529,0.1388
4,1518,1522,0.1388
4,1504,1508,0.1388
5,1504,1509,0.1388
4,1510,1514,0.1388
4,1524,1528,0.1388
5,1520,1525,0.1388
5,1517,1522,0.1388
5,1518,1523,0.1388
5,1519,1524,0.1388
4,1512,1516,0.1388
4,1518,1522,0.1388
3,1511,1514,0.1388
3,1513,1516,0.1388
3,1526,1529,0.1388
3,1518,1521,0.1388
2,1523,1525,0.1388
2,1527,1529,0.1388
2,1511,1513,0.1388
2,1509,1511,0.1388
2,1505,1507,0.1388
2,1500,1502,0.1388
2,1510,1512,0.1388
2,1522,1524,0.1388
1,1532,1533,0.1388
1,1524,1525,0.1388
1,1526,1527,0.1388
1,1529,1530,0.1388
1,1521,1522,0.1388
0,1517,1517,0.1388
