1371,28,1399,0.1388
1397,30,1427,0.1388
1404,30,1434,0.1388
1421,30,1451,0.1388
1445,31,1476,0.1388
1443,31,1474,0.1388
1447,31,1478,0.1388
1458,30,1488,0.1388
1461,30,1491,0.1388
1469,30,1499,0.1388
1449,30,1479,0.1388
1458,31,1489,0.1388
1462,30,1492,0.1388
1459,31,1490,0.1388
1467,31,1498,0.1388
1469,32,1501,0.1388
1471,34,1505,0.1388
1463,33,1496,0.1388
1455,32,1487,0.1388
1446,36,1482,0.1388
1427,35,1462,0.1388
1435,36,1471,0.1388
1451,38,1489,0.1388
1444,38,1482,0.1388
1445,42,1487,0.1388
1441,44,1485,0.1388
1421,46,1467,0.1388
1427,45,1472,0.1388
1432,48,1480,0.1388
1438,46,1484,0.1388
1453,47,1500,0.1388
1447,47,1494,0.1388
1451,47,1498,0.1388
1440,48,1488,0.1388
1440,48,1488,0.1388
1437,53,1490,0.1388
1440,49,1489,0.1388
1430,49,1479,0.1388
1434,48,1482,0.1388
1452,52,1504,0.1388
1452,53,1505,0.1388
1458,54,1512,0.1388
1445,53,1498,0.1388
1445,50,1495,0.1388
1455,51,1506,0.1388
1454,54,1508,0.1388
1449,53,1502,0.1388
1450,53,1503,0.1388
1445,55,1500,0.1388
1444,54,1498,0.1388
1446,55,1501,0.1388
1440,56,1496,0.1388
1446,59,1505,0.1388
1435,57,1492,0.1388
1433,61,1494,0.1388
1418,60,1478,0.1388
1424,58,1482,0.1388
1438,53,1491,0.1388
1433,52,1485,0.1388
1434,54,1488,0.1388
1438,56,1494,0.1388
1426,59,1485,0.1388
1438,64,1502,0.1388
1442,65,1507,0.1388
1449,68,1517,0.1388
1449,65,1514,0.1388
1446,63,1509,0.1388
1446,60,1506,0.1388
1453,62,1515,0.1388
1460,59,1519,0.1388
1447,60,1507,0.1388
1438,58,1496,0.1388
1444,56,1500,0.1388
1441,57,1498,0.1388
1438,58,1496,0.1388
1432,61,1493,0.1388
1429,64,1493,0.1388
1432,63,1495,0.1388
1431,65,1496,0.1388
1442,68,1510,0.1388
1430,66,1496,0.1388
1423,63,1486,0.1388
1428,64,1492,0.1388
1432,64,1496,0.1388
1428,65,1493,0.1388
1428,65,1493,0.1388
1442,68,1510,0.1388
1441,67,1508,0.1388
1433,66,1499,0.1388
1432,66,1498,0.1388
1433,68,1501,0.1388
1436,69,1505,0.1388
1426,68,1494,0.1388
1425,67,1492,0.1388
1416,70,1486,0.1388
1420,67,1487,0.1388
1421,67,1488,0.1388
1433,65,1498,0.1388
1447,69,1516,0.1388
1427,69,1496,0.1388
1424,69,1493,0.1388
1428,70,1498,0.1388
1411,75,1486,0.1388
1411,80,1491,0.1388
1414,81,1495,0.1388
1397,83,1480,0.1388
1411,82,1493,0.1388
1394,88,1482,0.1388
1395,89,1484,0.1388
1391,88,1479,0.1388
1388,89,1477,0.1388
1407,89,1496,0.1388
1406,88,1494,0.1388
1410,84,1494,0.1388
1427,82,1509,0.1388
1425,82,1507,0.1388
1416,83,1499,0.1388
1410,86,1496,0.1388
1402,86,1488,0.1388
1407,83,1490,0.1388
1418,81,1499,0.1388
1420,86,1506,0.1388
1424,85,1509,0.1388
1419,86,1505,0.1388
1421,93,1514,0.1388
1428,93,1521,0.1388
1408,93,1501,0.1388
1412,94,1506,0.1388
1413,92,1505,0.1388
1409,91,1500,0.1388
1408,90,1498,0.1388
1390,92,1482,0.1388
1394,94,1488,0.1388
1387,98,1485,0.1388
1383,100,1483,0.1388
1385,103,1488,0.1388
1380,97,1477,0.1388
1411,98,1509,0.1388
1392,101,1493,0.1388
1402,98,1500,0.1388
1385,101,1486,0.1388
1370,101,1471,0.1388
1377,102,1479,0.1388
1371,100,1471,0.1388
1376,100,1476,0.1388
1383,99,1482,0.1388
1394,100,1494,0.1388
1393,100,1493,0.1388
1398,100,1498,0.1388
1394,98,1492,0.1388
1392,101,1493,0.1388
1397,98,1495,0.1388
1398,100,1498,0.1388
1403,100,1503,0.1388
1400,101,1501,0.1388
1397,107,1504,0.1388
1396,107,1503,0.1388
1395,107,1502,0.1388
1392,112,1504,0.1388
1389,114,1503,0.1388
1398,116,1514,0.1388
1409,114,1523,0.1388
1387,116,1503,0.1388
1403,117,1520,0.1388
1401,118,1519,0.1388
1381,116,1497,0.1388
1384,118,1502,0.1388
1391,117,1508,0.1388
1382,113,1495,0.1388
1381,117,1498,0.1388
1377,115,1492,0.1388
1378,116,1494,0.1388
1361,114,1475,0.1388
1371,112,1483,0.1388
1374,112,1486,0.1388
1383,112,1495,0.1388
1386,110,1496,0.1388
1383,113,1496,0.1388
1390,115,1505,0.1388
1401,113,1514,0.1388
1396,113,1509,0.1388
1387,111,1498,0.1388
1393,111,1504,0.1388
1392,111,1503,0.1388
1389,112,1501,0.1388
1401,110,1511,0.1388
1399,111,1510,0.1388
1391,110,1501,0.1388
1394,110,1504,0.1388
1394,111,1505,0.1388
1386,113,1499,0.1388
1389,114,1503,0.1388
1381,116,1497,0.1388
1389,119,1508,0.1388
1380,121,1501,0.1388
1379,123,1502,0.1388
1376,122,1498,0.1388
1373,124,1497,0.1388
1386,124,1510,0.1388
1385,122,1507,0.1388
1384,122,1506,0.1388
1389,126,1515,0.1388
1397,123,1520,0.1388
1385,120,1505,0.1388
1385,118,1503,0.1388
1382,118,1500,0.1388
1377,120,1497,0.1388
1371,121,1492,0.1388
1374,122,1496,0.1388
1375,117,1492,0.1388
1371,118,1489,0.1388
1375,124,1499,0.1388
1374,125,1499,0.1388
1367,130,1497,0.1388
1363,129,1492,0.1388
1366,127,1493,0.1388
1370,128,1498,0.1388
1354,131,1485,0.1388
1356,133,1489,0.1388
1349,137,1486,0.1388
1354,142,1496,0.1388
1344,138,1482,0.1388
1337,134,1471,0.1388
1337,133,1470,0.1388
1345,131,1476,0.1388
1361,136,1497,0.1388
1367,136,1503,0.1388
1363,134,1497,0.1388
1356,133,1489,0.1388
1350,136,1486,0.1388
1345,132,1477,0.1388
1341,132,1473,0.1388
1338,138,1476,0.1388
1334,133,1467,0.1388
1342,134,1476,0.1388
1350,134,1484,0.1388
1357,136,1493,0.1388
1363,138,1501,0.1388
1354,140,1494,0.1388
1343,140,1483,0.1388
1342,145,1487,0.1388
1341,146,1487,0.1388
1357,149,1506,0.1388
1340,153,1493,0.1388
1331,155,1486,0.1388
1333,155,1488,0.1388
1337,151,1488,0.1388
1347,151,1498,0.1388
1344,156,1500,0.1388
1351,156,1507,0.1388
1342,156,1498,0.1388
1336,154,1490,0.1388
1341,153,1494,0.1388
1347,148,1495,0.1388
1345,149,1494,0.1388
1352,154,1506,0.1388
1345,153,1498,0.1388
1353,153,1506,0.1388
1352,153,1505,0.1388
1350,152,1502,0.1388
1357,151,1508,0.1388
1347,150,1497,0.1388
1339,150,1489,0.1388
1355,147,1502,0.1388
1344,148,1492,0.1388
1350,148,1498,0.1388
1356,151,1507,0.1388
1344,153,1497,0.1388
1337,157,1494,0.1388
1346,163,1509,0.1388
1345,162,1507,0.1388
1344,156,1500,0.1388
1344,160,1504,0.1388
1344,159,1503,0.1388
1351,162,1513,0.1388
1349,160,1509,0.1388
1345,161,1506,0.1388
1344,165,1509,0.1388
1328,163,1491,0.1388
1330,164,1494,0.1388
1331,163,1494,0.1388
1336,162,1498,0.1388
1337,163,1500,0.1388
1325,161,1486,0.1388
1339,160,1499,0.1388
1334,163,1497,0.1388
1328,165,1493,0.1388
1323,168,1491,0.1388
1325,164,1489,0.1388
1317,170,1487,0.1388
1327,170,1497,0.1388
1324,174,1498,0.1388
1336,174,1510,0.1388
1334,169,1503,0.1388
1332,170,1502,0.1388
1333,166,1499,0.1388
1331,164,1495,0.1388
1322,165,1487,0.1388
1338,172,1510,0.1388
1340,171,1511,0.1388
1343,172,1515,0.1388
1339,174,1513,0.1388
1320,176,1496,0.1388
1307,174,1481,0.1388
1322,177,1499,0.1388
1313,180,1493,0.1388
1317,179,1496,0.1388
1323,176,1499,0.1388
1317,175,1492,0.1388
1313,176,1489,0.1388
1313,174,1487,0.1388
1303,174,1477,0.1388
1304,179,1483,0.1388
1314,173,1487,0.1388
1309,171,1480,0.1388
1331,173,1504,0.1388
1319,178,1497,0.1388
1308,180,1488,0.1388
1309,181,1490,0.1388
1304,181,1485,0.1388
1318,180,1498,0.1388
1318,182,1500,0.1388
1307,182,1489,0.1388
1324,183,1507,0.1388
1323,183,1506,0.1388
1320,184,1504,0.1388
1314,183,1497,0.1388
1299,188,1487,0.1388
1302,193,1495,0.1388
1317,191,1508,0.1388
1317,192,1509,0.1388
1298,190,1488,0.1388
1300,192,1492,0.1388
1309,186,1495,0.1388
1304,192,1496,0.1388
1294,197,1491,0.1388
1302,204,1506,0.1388
1302,202,1504,0.1388
1297,203,1500,0.1388
1285,202,1487,0.1388
1288,202,1490,0.1388
1292,201,1493,0.1388
1305,204,1509,0.1388
1297,206,1503,0.1388
1290,204,1494,0.1388
1287,208,1495,0.1388
1282,207,1489,0.1388
1271,206,1477,0.1388
1273,204,1477,0.1388
1275,204,1479,0.1388
1272,210,1482,0.1388
1281,212,1493,0.1388
1285,212,1497,0.1388
1283,213,1496,0.1388
1294,214,1508,0.1388
1278,219,1497,0.1388
1279,224,1503,0.1388
1269,224,1493,0.1388
1277,219,1496,0.1388
1264,221,1485,0.1388
1259,219,1478,0.1388
1263,223,1486,0.1388
1269,223,1492,0.1388
1287,220,1507,0.1388
1287,218,1505,0.1388
1288,220,1508,0.1388
1288,215,1503,0.1388
1285,218,1503,0.1388
1277,220,1497,0.1388
1279,221,1500,0.1388
1271,216,1487,0.1388
1273,219,1492,0.1388
1265,220,1485,0.1388
1265,217,1482,0.1388
1266,217,1483,0.1388
1271,216,1487,0.1388
1260,215,1475,0.1388
1274,226,1500,0.1388
1260,225,1485,0.1388
1273,228,1501,0.1388
1273,233,1506,0.1388
1265,231,1496,0.1388
1275,226,1501,0.1388
1274,231,1505,0.1388
1271,232,1503,0.1388
1277,235,1512,0.1388
1265,236,1501,0.1388
1261,238,1499,0.1388
1253,236,1489,0.1388
1246,232,1478,0.1388
1253,238,1491,0.1388
1244,237,1481,0.1388
1254,243,1497,0.1388
1253,243,1496,0.1388
1242,249,1491,0.1388
1246,251,1497,0.1388
1238,249,1487,0.1388
1238,246,1484,0.1388
1237,257,1494,0.1388
1240,258,1498,0.1388
1238,258,1496,0.1388
1244,259,1503,0.1388
1235,263,1498,0.1388
1233,255,1488,0.1388
1238,264,1502,0.1388
1230,270,1500,0.1388
1242,272,1514,0.1388
1231,271,1502,0.1388
1235,265,1500,0.1388
1236,269,1505,0.1388
1234,270,1504,0.1388
1239,277,1516,0.1388
1221,280,1501,0.1388
1232,274,1506,0.1388
1225,278,1503,0.1388
1216,279,1495,0.1388
1214,287,1501,0.1388
1216,292,1508,0.1388
1216,293,1509,0.1388
1212,287,1499,0.1388
1219,280,1499,0.1388
1218,281,1499,0.1388
1217,282,1499,0.1388
1203,289,1492,0.1388
1201,286,1487,0.1388
1199,288,1487,0.1388
1212,283,1495,0.1388
1210,280,1490,0.1388
1209,280,1489,0.1388
1221,284,1505,0.1388
1224,284,1508,0.1388
1222,279,1501,0.1388
1225,279,1504,0.1388
1233,276,1509,0.1388
1234,274,1508,0.1388
1231,280,1511,0.1388
1228,278,1506,0.1388
1228,275,1503,0.1388
1224,285,1509,0.1388
1228,283,1511,0.1388
1220,282,1502,0.1388
1220,279,1499,0.1388
1213,276,1489,0.1388
1216,276,1492,0.1388
1213,278,1491,0.1388
1206,284,1490,0.1388
1209,284,1493,0.1388
1210,286,1496,0.1388
1205,290,1495,0.1388
1210,291,1501,0.1388
1206,293,1499,0.1388
1196,304,1500,0.1388
1200,304,1504,0.1388
1210,302,1512,0.1388
1203,301,1504,0.1388
1204,300,1504,0.1388
1200,302,1502,0.1388
1187,303,1490,0.1388
1193,310,1503,0.1388
1198,306,1504,0.1388
1192,304,1496,0.1388
1185,304,1489,0.1388
1178,306,1484,0.1388
1194,302,1496,0.1388
1197,305,1502,0.1388
1183,309,1492,0.1388
1186,315,1501,0.1388
1183,313,1496,0.1388
1183,314,1497,0.1388
1186,318,1504,0.1388
1176,321,1497,0.1388
1173,323,1496,0.1388
1173,320,1493,0.1388
1171,321,1492,0.1388
1171,323,1494,0.1388
1175,329,1504,0.1388
1166,330,1496,0.1388
1165,331,1496,0.1388
1161,326,1487,0.1388
1167,326,1493,0.1388
1166,327,1493,0.1388
1161,330,1491,0.1388
1143,329,1472,0.1388
1150,331,1481,0.1388
1149,334,1483,0.1388
1148,337,1485,0.1388
1154,336,1490,0.1388
1163,338,1501,0.1388
1160,333,1493,0.1388
1164,332,1496,0.1388
1167,334,1501,0.1388
1167,338,1505,0.1388
1165,332,1497,0.1388
1164,335,1499,0.1388
1167,341,1508,0.1388
1158,335,1493,0.1388
1153,344,1497,0.1388
1154,349,1503,0.1388
1158,347,1505,0.1388
1156,350,1506,0.1388
1161,350,1511,0.1388
1162,354,1516,0.1388
1163,354,1517,0.1388
1161,359,1520,0.1388
1154,362,1516,0.1388
1147,360,1507,0.1388
1147,366,1513,0.1388
1138,368,1506,0.1388
1136,365,1501,0.1388
1127,365,1492,0.1388
1118,374,1492,0.1388
1116,380,1496,0.1388
1125,382,1507,0.1388
1120,381,1501,0.1388
1122,384,1506,0.1388
1118,387,1505,0.1388
1112,387,1499,0.1388
1123,389,1512,0.1388
1123,380,1503,0.1388
1134,383,1517,0.1388
1130,380,1510,0.1388
1127,376,1503,0.1388
1130,383,1513,0.1388
1131,377,1508,0.1388
1132,376,1508,0.1388
1121,380,1501,0.1388
1122,383,1505,0.1388
1110,378,1488,0.1388
1111,375,1486,0.1388
1131,377,1508,0.1388
1122,385,1507,0.1388
1117,387,1504,0.1388
1119,392,1511,0.1388
1109,378,1487,0.1388
1116,378,1494,0.1388
1114,382,1496,0.1388
1122,388,1510,0.1388
1118,386,1504,0.1388
1111,388,1499,0.1388
1105,395,1500,0.1388
1103,398,1501,0.1388
1115,395,1510,0.1388
1107,398,1505,0.1388
1107,407,1514,0.1388
1110,403,1513,0.1388
1108,394,1502,0.1388
1105,399,1504,0.1388
1104,406,1510,0.1388
1109,400,1509,0.1388
1097,402,1499,0.1388
1091,398,1489,0.1388
1106,400,1506,0.1388
1101,399,1500,0.1388
1104,402,1506,0.1388
1093,397,1490,0.1388
1082,403,1485,0.1388
1089,404,1493,0.1388
1095,411,1506,0.1388
1094,410,1504,0.1388
1098,416,1514,0.1388
1095,419,1514,0.1388
1100,411,1511,0.1388
1089,408,1497,0.1388
1073,411,1484,0.1388
1076,404,1480,0.1388
1087,397,1484,0.1388
1091,399,1490,0.1388
1091,410,1501,0.1388
1093,413,1506,0.1388
1096,414,1510,0.1388
1089,409,1498,0.1388
1087,413,1500,0.1388
1086,411,1497,0.1388
1092,417,1509,0.1388
1089,413,1502,0.1388
1085,408,1493,0.1388
1084,414,1498,0.1388
1077,411,1488,0.1388
1076,419,1495,0.1388
1083,416,1499,0.1388
1089,416,1505,0.1388
1088,422,1510,0.1388
1097,429,1526,0.1388
1087,426,1513,0.1388
1093,421,1514,0.1388
1087,419,1506,0.1388
1082,426,1508,0.1388
1088,426,1514,0.1388
1083,422,1505,0.1388
1065,428,1493,0.1388
1059,436,1495,0.1388
1062,434,1496,0.1388
1064,437,1501,0.1388
1078,433,1511,0.1388
1081,425,1506,0.1388
1080,424,1504,0.1388
1076,416,1492,0.1388
1074,417,1491,0.1388
1075,414,1489,0.1388
1068,427,1495,0.1388
1067,431,1498,0.1388
1068,441,1509,0.1388
1066,436,1502,0.1388
1061,438,1499,0.1388
1063,436,1499,0.1388
1059,438,1497,0.1388
1046,449,1495,0.1388
1040,454,1494,0.1388
1039,449,1488,0.1388
1037,453,1490,0.1388
1035,458,1493,0.1388
1036,470,1506,0.1388
1030,473,1503,0.1388
1029,463,1492,0.1388
1031,468,1499,0.1388
1032,476,1508,0.1388
1019,484,1503,0.1388
1019,478,1497,0.1388
1010,472,1482,0.1388
1016,475,1491,0.1388
1009,485,1494,0.1388
1016,478,1494,0.1388
1022,485,1507,0.1388
1014,484,1498,0.1388
1003,482,1485,0.1388
1008,484,1492,0.1388
1000,482,1482,0.1388
1008,476,1484,0.1388
1007,481,1488,0.1388
1013,480,1493,0.1388
1013,486,1499,0.1388
1011,487,1498,0.1388
1018,484,1502,0.1388
1017,475,1492,0.1388
1025,464,1489,0.1388
1028,475,1503,0.1388
1024,475,1499,0.1388
1018,479,1497,0.1388
1015,485,1500,0.1388
1012,476,1488,0.1388
1008,481,1489,0.1388
1013,489,1502,0.1388
1020,497,1517,0.1388
1018,496,1514,0.1388
1006,499,1505,0.1388
1005,491,1496,0.1388
997,501,1498,0.1388
1001,507,1508,0.1388
980,500,1480,0.1388
986,508,1494,0.1388
984,507,1491,0.1388
991,511,1502,0.1388
981,505,1486,0.1388
992,504,1496,0.1388
981,508,1489,0.1388
978,510,1488,0.1388
972,514,1486,0.1388
979,513,1492,0.1388
975,522,1497,0.1388
975,522,1497,0.1388
977,525,1502,0.1388
975,527,1502,0.1388
975,528,1503,0.1388
971,528,1499,0.1388
976,540,1516,0.1388
972,537,1509,0.1388
970,534,1504,0.1388
965,538,1503,0.1388
965,541,1506,0.1388
968,543,1511,0.1388
974,537,1511,0.1388
967,536,1503,0.1388
971,534,1505,0.1388
975,535,1510,0.1388
972,535,1507,0.1388
972,535,1507,0.1388
965,535,1500,0.1388
967,539,1506,0.1388
960,538,1498,0.1388
965,540,1505,0.1388
972,529,1501,0.1388
971,527,1498,0.1388
980,531,1511,0.1388
970,538,1508,0.1388
975,532,1507,0.1388
985,529,1514,0.1388
976,536,1512,0.1388
968,543,1511,0.1388
959,559,1518,0.1388
960,551,1511,0.1388
958,555,1513,0.1388
959,547,1506,0.1388
959,542,1501,0.1388
960,552,1512,0.1388
959,560,1519,0.1388
949,558,1507,0.1388
950,555,1505,0.1388
938,545,1483,0.1388
946,545,1491,0.1388
941,558,1499,0.1388
955,557,1512,0.1388
948,555,1503,0.1388
936,556,1492,0.1388
939,553,1492,0.1388
927,557,1484,0.1388
948,565,1513,0.1388
944,565,1509,0.1388
931,570,1501,0.1388
934,573,1507,0.1388
916,574,1490,0.1388
921,569,1490,0.1388
921,569,1490,0.1388
932,569,1501,0.1388
938,571,1509,0.1388
932,571,1503,0.1388
942,583,1525,0.1388
927,577,1504,0.1388
932,583,1515,0.1388
931,579,1510,0.1388
922,585,1507,0.1388
926,582,1508,0.1388
915,590,1505,0.1388
913,580,1493,0.1388
920,577,1497,0.1388
915,576,1491,0.1388
912,576,1488,0.1388
925,583,1508,0.1388
928,575,1503,0.1388
934,578,1512,0.1388
932,581,1513,0.1388
924,585,1509,0.1388
922,592,1514,0.1388
916,588,1504,0.1388
902,595,1497,0.1388
904,592,1496,0.1388
907,602,1509,0.1388
899,607,1506,0.1388
901,602,1503,0.1388
906,592,1498,0.1388
899,596,1495,0.1388
890,609,1499,0.1388
890,615,1505,0.1388
885,614,1499,0.1388
888,613,1501,0.1388
900,615,1515,0.1388
889,612,1501,0.1388
889,614,1503,0.1388
888,617,1505,0.1388
894,619,1513,0.1388
896,618,1514,0.1388
889,618,1507,0.1388
889,615,1504,0.1388
890,620,1510,0.1388
891,621,1512,0.1388
881,635,1516,0.1388
883,635,1518,0.1388
888,640,1528,0.1388
885,634,1519,0.1388
880,638,1518,0.1388
863,641,1504,0.1388
859,640,1499,0.1388
867,651,1518,0.1388
859,647,1506,0.1388
849,647,1496,0.1388
842,644,1486,0.1388
847,640,1487,0.1388
839,651,1490,0.1388
850,651,1501,0.1388
859,639,1498,0.1388
854,639,1493,0.1388
851,640,1491,0.1388
858,638,1496,0.1388
853,633,1486,0.1388
849,640,1489,0.1388
855,645,1500,0.1388
852,648,1500,0.1388
852,651,1503,0.1388
850,654,1504,0.1388
857,652,1509,0.1388
861,650,1511,0.1388
854,651,1505,0.1388
852,649,1501,0.1388
862,647,1509,0.1388
860,656,1516,0.1388
853,649,1502,0.1388
851,645,1496,0.1388
842,651,1493,0.1388
841,659,1500,0.1388
840,664,1504,0.1388
850,664,1514,0.1388
859,662,1521,0.1388
857,664,1521,0.1388
841,659,1500,0.1388
835,669,1504,0.1388
833,667,1500,0.1388
836,670,1506,0.1388
827,675,1502,0.1388
816,677,1493,0.1388
816,688,1504,0.1388
816,695,1511,0.1388
812,694,1506,0.1388
808,693,1501,0.1388
812,691,1503,0.1388
805,699,1504,0.1388
808,700,1508,0.1388
807,703,1510,0.1388
814,711,1525,0.1388
808,697,1505,0.1388
812,692,1504,0.1388
807,701,1508,0.1388
794,703,1497,0.1388
795,705,1500,0.1388
790,704,1494,0.1388
791,705,1496,0.1388
792,711,1503,0.1388
801,707,1508,0.1388
803,712,1515,0.1388
808,705,1513,0.1388
798,698,1496,0.1388
800,686,1486,0.1388
797,697,1494,0.1388
799,707,1506,0.1388
803,700,1503,0.1388
789,699,1488,0.1388
785,701,1486,0.1388
786,705,1491,0.1388
783,717,1500,0.1388
782,717,1499,0.1388
784,712,1496,0.1388
787,712,1499,0.1388
776,719,1495,0.1388
782,717,1499,0.1388
783,713,1496,0.1388
779,717,1496,0.1388
780,725,1505,0.1388
783,720,1503,0.1388
787,722,1509,0.1388
788,716,1504,0.1388
794,719,1513,0.1388
787,721,1508,0.1388
783,721,1504,0.1388
780,721,1501,0.1388
777,723,1500,0.1388
775,721,1496,0.1388
777,720,1497,0.1388
784,724,1508,0.1388
790,717,1507,0.1388
796,712,1508,0.1388
794,715,1509,0.1388
779,711,1490,0.1388
780,718,1498,0.1388
789,724,1513,0.1388
786,714,1500,0.1388
779,721,1500,0.1388
773,727,1500,0.1388
781,734,1515,0.1388
773,735,1508,0.1388
771,719,1490,0.1388
765,731,1496,0.1388
763,730,1493,0.1388
764,740,1504,0.1388
763,741,1504,0.1388
761,739,1500,0.1388
752,746,1498,0.1388
753,740,1493,0.1388
755,744,1499,0.1388
754,742,1496,0.1388
756,738,1494,0.1388
758,736,1494,0.1388
755,751,1506,0.1388
754,746,1500,0.1388
753,749,1502,0.1388
757,746,1503,0.1388
755,753,1508,0.1388
749,751,1500,0.1388
748,758,1506,0.1388
744,760,1504,0.1388
746,762,1508,0.1388
742,765,1507,0.1388
735,763,1498,0.1388
733,759,1492,0.1388
742,766,1508,0.1388
739,762,1501,0.1388
744,767,1511,0.1388
745,773,1518,0.1388
747,779,1526,0.1388
745,783,1528,0.1388
736,775,1511,0.1388
735,786,1521,0.1388
726,782,1508,0.1388
729,780,1509,0.1388
723,779,1502,0.1388
716,784,1500,0.1388
720,782,1502,0.1388
719,777,1496,0.1388
717,786,1503,0.1388
726,787,1513,0.1388
720,792,1512,0.1388
720,793,1513,0.1388
713,795,1508,0.1388
704,799,1503,0.1388
699,808,1507,0.1388
694,807,1501,0.1388
694,806,1500,0.1388
688,806,1494,0.1388
689,816,1505,0.1388
693,816,1509,0.1388
694,819,1513,0.1388
689,820,1509,0.1388
685,827,1512,0.1388
675,818,1493,0.1388
684,815,1499,0.1388
679,806,1485,0.1388
674,813,1487,0.1388
675,821,1496,0.1388
673,819,1492,0.1388
671,820,1491,0.1388
667,818,1485,0.1388
669,833,1502,0.1388
670,837,1507,0.1388
668,838,1506,0.1388
675,837,1512,0.1388
662,833,1495,0.1388
664,831,1495,0.1388
656,841,1497,0.1388
648,855,1503,0.1388
648,858,1506,0.1388
643,861,1504,0.1388
633,873,1506,0.1388
632,872,1504,0.1388
634,875,1509,0.1388
636,873,1509,0.1388
634,866,1500,0.1388
635,865,1500,0.1388
632,870,1502,0.1388
634,879,1513,0.1388
637,862,1499,0.1388
636,864,1500,0.1388
640,859,1499,0.1388
646,875,1521,0.1388
629,871,1500,0.1388
629,867,1496,0.1388
627,875,1502,0.1388
632,880,1512,0.1388
631,875,1506,0.1388
624,876,1500,0.1388
631,883,1514,0.1388
626,880,1506,0.1388
633,868,1501,0.1388
638,871,1509,0.1388
641,876,1517,0.1388
635,882,1517,0.1388
640,874,1514,0.1388
644,875,1519,0.1388
646,880,1526,0.1388
644,889,1533,0.1388
642,882,1524,0.1388
640,878,1518,0.1388
635,880,1515,0.1388
638,881,1519,0.1388
643,888,1531,0.1388
645,891,1536,0.1388
637,895,1532,0.1388
629,889,1518,0.1388
628,889,1517,0.1388
623,887,1510,0.1388
617,900,1517,0.1388
609,899,1508,0.1388
613,907,1520,0.1388
606,896,1502,0.1388
603,892,1495,0.1388
616,896,1512,0.1388
612,894,1506,0.1388
614,903,1517,0.1388
605,893,1498,0.1388
602,894,1496,0.1388
598,898,1496,0.1388
611,900,1511,0.1388
613,908,1521,0.1388
615,900,1515,0.1388
611,907,1518,0.1388
616,903,1519,0.1388
610,903,1513,0.1388
605,903,1508,0.1388
608,904,1512,0.1388
606,915,1521,0.1388
605,912,1517,0.1388
608,909,1517,0.1388
607,906,1513,0.1388
603,913,1516,0.1388
592,909,1501,0.1388
596,921,1517,0.1388
589,919,1508,0.1388
580,925,1505,0.1388
583,930,1513,0.1388
579,927,1506,0.1388
575,922,1497,0.1388
565,925,1490,0.1388
575,928,1503,0.1388
574,933,1507,0.1388
580,937,1517,0.1388
581,938,1519,0.1388
570,934,1504,0.1388
570,930,1500,0.1388
576,940,1516,0.1388
578,934,1512,0.1388
574,933,1507,0.1388
570,922,1492,0.1388
567,928,1495,0.1388
572,935,1507,0.1388
568,938,1506,0.1388
573,944,1517,0.1388
574,935,1509,0.1388
567,929,1496,0.1388
570,932,1502,0.1388
573,942,1515,0.1388
580,936,1516,0.1388
574,937,1511,0.1388
576,942,1518,0.1388
579,942,1521,0.1388
580,949,1529,0.1388
577,945,1522,0.1388
569,946,1515,0.1388
563,946,1509,0.1388
563,953,1516,0.1388
557,952,1509,0.1388
559,953,1512,0.1388
562,948,1510,0.1388
567,952,1519,0.1388
559,948,1507,0.1388
562,951,1513,0.1388
560,962,1522,0.1388
554,960,1514,0.1388
553,955,1508,0.1388
550,959,1509,0.1388
544,975,1519,0.1388
550,964,1514,0.1388
547,967,1514,0.1388
540,969,1509,0.1388
544,958,1502,0.1388
544,958,1502,0.1388
546,966,1512,0.1388
546,968,1514,0.1388
546,973,1519,0.1388
547,977,1524,0.1388
550,965,1515,0.1388
550,952,1502,0.1388
565,944,1509,0.1388
564,950,1514,0.1388
559,960,1519,0.1388
557,956,1513,0.1388
555,952,1507,0.1388
551,951,1502,0.1388
549,951,1500,0.1388
547,944,1491,0.1388
542,940,1482,0.1388
539,944,1483,0.1388
542,943,1485,0.1388
545,943,1488,0.1388
546,936,1482,0.1388
552,934,1486,0.1388
558,929,1487,0.1388
556,951,1507,0.1388
556,951,1507,0.1388
557,949,1506,0.1388
552,943,1495,0.1388
553,951,1504,0.1388
550,947,1497,0.1388
560,947,1507,0.1388
557,950,1507,0.1388
557,953,1510,0.1388
554,958,1512,0.1388
555,950,1505,0.1388
556,943,1499,0.1388
562,945,1507,0.1388
563,953,1516,0.1388
564,956,1520,0.1388
565,951,1516,0.1388
564,960,1524,0.1388
563,949,1512,0.1388
554,944,1498,0.1388
557,948,1505,0.1388
558,948,1506,0.1388
552,956,1508,0.1388
554,951,1505,0.1388
545,941,1486,0.1388
549,933,1482,0.1388
545,935,1480,0.1388
556,936,1492,0.1388
558,951,1509,0.1388
561,949,1510,0.1388
549,949,1498,0.1388
554,952,1506,0.1388
548,953,1501,0.1388
548,949,1497,0.1388
543,953,1496,0.1388
551,951,1502,0.1388
555,959,1514,0.1388
543,948,1491,0.1388
534,957,1491,0.1388
536,963,1499,0.1388
536,975,1511,0.1388
541,967,1508,0.1388
541,969,1510,0.1388
543,967,1510,0.1388
538,965,1503,0.1388
534,971,1505,0.1388
536,986,1522,0.1388
540,989,1529,0.1388
534,980,1514,0.1388
539,977,1516,0.1388
533,972,1505,0.1388
532,976,1508,0.1388
536,977,1513,0.1388
534,987,1521,0.1388
532,985,1517,0.1388
527,989,1516,0.1388
523,999,1522,0.1388
526,1006,1532,0.1388
524,1002,1526,0.1388
521,997,1518,0.1388
519,999,1518,0.1388
524,995,1519,0.1388
524,995,1519,0.1388
525,998,1523,0.1388
530,1001,1531,0.1388
526,994,1520,0.1388
521,986,1507,0.1388
527,977,1504,0.1388
530,991,1521,0.1388
531,988,1519,0.1388
527,979,1506,0.1388
536,983,1519,0.1388
534,986,1520,0.1388
530,991,1521,0.1388
526,982,1508,0.1388
518,989,1507,0.1388
517,993,1510,0.1388
524,991,1515,0.1388
530,991,1521,0.1388
518,992,1510,0.1388
516,997,1513,0.1388
513,1007,1520,0.1388
518,1005,1523,0.1388
518,1000,1518,0.1388
507,1010,1517,0.1388
508,1001,1509,0.1388
508,998,1506,0.1388
510,1006,1516,0.1388
505,1008,1513,0.1388
504,1012,1516,0.1388
498,1004,1502,0.1388
496,1014,1510,0.1388
489,1018,1507,0.1388
488,1020,1508,0.1388
492,1023,1515,0.1388
489,1020,1509,0.1388
483,1023,1506,0.1388
486,1017,1503,0.1388
488,1024,1512,0.1388
488,1026,1514,0.1388
483,1017,1500,0.1388
486,1015,1501,0.1388
495,1024,1519,0.1388
489,1028,1517,0.1388
488,1029,1517,0.1388
477,1033,1510,0.1388
479,1039,1518,0.1388
475,1037,1512,0.1388
463,1039,1502,0.1388
460,1041,1501,0.1388
470,1046,1516,0.1388
473,1049,1522,0.1388
469,1058,1527,0.1388
460,1057,1517,0.1388
461,1056,1517,0.1388
456,1060,1516,0.1388
456,1055,1511,0.1388
459,1061,1520,0.1388
458,1048,1506,0.1388
461,1056,1517,0.1388
454,1058,1512,0.1388
452,1048,1500,0.1388
456,1059,1515,0.1388
457,1066,1523,0.1388
450,1057,1507,0.1388
450,1039,1489,0.1388
453,1057,1510,0.1388
455,1061,1516,0.1388
452,1060,1512,0.1388
444,1058,1502,0.1388
440,1051,1491,0.1388
444,1058,1502,0.1388
446,1061,1507,0.1388
455,1049,1504,0.1388
457,1058,1515,0.1388
452,1068,1520,0.1388
443,1080,1523,0.1388
442,1072,1514,0.1388
441,1069,1510,0.1388
440,1065,1505,0.1388
440,1063,1503,0.1388
442,1068,1510,0.1388
440,1072,1512,0.1388
438,1076,1514,0.1388
433,1080,1513,0.1388
435,1089,1524,0.1388
432,1084,1516,0.1388
429,1069,1498,0.1388
438,1074,1512,0.1388
440,1074,1514,0.1388
440,1066,1506,0.1388
437,1072,1509,0.1388
441,1058,1499,0.1388
436,1066,1502,0.1388
438,1074,1512,0.1388
437,1078,1515,0.1388
434,1076,1510,0.1388
435,1085,1520,0.1388
433,1078,1511,0.1388
435,1073,1508,0.1388
434,1073,1507,0.1388
436,1079,1515,0.1388
429,1083,1512,0.1388
422,1070,1492,0.1388
425,1082,1507,0.1388
426,1078,1504,0.1388
427,1073,1500,0.1388
419,1075,1494,0.1388
421,1080,1501,0.1388
423,1073,1496,0.1388
419,1068,1487,0.1388
419,1079,1498,0.1388
415,1082,1497,0.1388
421,1078,1499,0.1388
421,1076,1497,0.1388
417,1074,1491,0.1388
423,1070,1493,0.1388
424,1069,1493,0.1388
433,1078,1511,0.1388
436,1066,1502,0.1388
438,1068,1506,0.1388
444,1075,1519,0.1388
443,1065,1508,0.1388
433,1075,1508,0.1388
430,1083,1513,0.1388
430,1091,1521,0.1388
427,1101,1528,0.1388
428,1103,1531,0.1388
427,1096,1523,0.1388
428,1089,1517,0.1388
423,1082,1505,0.1388
428,1067,1495,0.1388
429,1061,1490,0.1388
426,1072,1498,0.1388
425,1080,1505,0.1388
417,1076,1493,0.1388
415,1066,1481,0.1388
412,1082,1494,0.1388
413,1098,1511,0.1388
412,1105,1517,0.1388
411,1104,1515,0.1388
417,1113,1530,0.1388
413,1101,1514,0.1388
408,1104,1512,0.1388
413,1107,1520,0.1388
412,1104,1516,0.1388
409,1103,1512,0.1388
408,1109,1517,0.1388
407,1110,1517,0.1388
405,1106,1511,0.1388
403,1107,1510,0.1388
403,1102,1505,0.1388
398,1097,1495,0.1388
403,1097,1500,0.1388
396,1108,1504,0.1388
393,1115,1508,0.1388
399,1130,1529,0.1388
399,1122,1521,0.1388
397,1117,1514,0.1388
391,1110,1501,0.1388
390,1112,1502,0.1388
391,1114,1505,0.1388
401,1122,1523,0.1388
398,1125,1523,0.1388
398,1130,1528,0.1388
400,1126,1526,0.1388
400,1122,1522,0.1388
394,1121,1515,0.1388
396,1117,1513,0.1388
388,1121,1509,0.1388
395,1124,1519,0.1388
389,1134,1523,0.1388
389,1132,1521,0.1388
386,1124,1510,0.1388
382,1109,1491,0.1388
385,1114,1499,0.1388
388,1121,1509,0.1388
390,1119,1509,0.1388
398,1112,1510,0.1388
401,1115,1516,0.1388
397,1114,1511,0.1388
398,1131,1529,0.1388
403,1127,1530,0.1388
400,1128,1528,0.1388
398,1117,1515,0.1388
399,1118,1517,0.1388
398,1120,1518,0.1388
388,1124,1512,0.1388
390,1123,1513,0.1388
394,1112,1506,0.1388
392,1123,1515,0.1388
387,1130,1517,0.1388
384,1128,1512,0.1388
385,1139,1524,0.1388
389,1139,1528,0.1388
391,1130,1521,0.1388
400,1131,1531,0.1388
399,1129,1528,0.1388
397,1126,1523,0.1388
397,1122,1519,0.1388
398,1111,1509,0.1388
397,1117,1514,0.1388
388,1128,1516,0.1388
388,1120,1508,0.1388
392,1129,1521,0.1388
383,1124,1507,0.1388
384,1120,1504,0.1388
393,1116,1509,0.1388
387,1110,1497,0.1388
385,1122,1507,0.1388
390,1133,1523,0.1388
390,1136,1526,0.1388
396,1126,1522,0.1388
395,1119,1514,0.1388
393,1118,1511,0.1388
393,1128,1521,0.1388
394,1117,1511,0.1388
383,1115,1498,0.1388
390,1115,1505,0.1388
388,1111,1499,0.1388
384,1107,1491,0.1388
378,1114,1492,0.1388
379,1114,1493,0.1388
375,1128,1503,0.1388
374,1127,1501,0.1388
378,1127,1505,0.1388
379,1131,1510,0.1388
369,1136,1505,0.1388
365,1137,1502,0.1388
371,1146,1517,0.1388
371,1151,1522,0.1388
371,1150,1521,0.1388
367,1148,1515,0.1388
370,1153,1523,0.1388
376,1141,1517,0.1388
374,1139,1513,0.1388
371,1156,1527,0.1388
372,1156,1528,0.1388
371,1151,1522,0.1388
369,1153,1522,0.1388
368,1155,1523,0.1388
362,1155,1517,0.1388
359,1136,1495,0.1388
355,1141,1496,0.1388
350,1153,1503,0.1388
355,1149,1504,0.1388
355,1161,1516,0.1388
342,1162,1504,0.1388
344,1158,1502,0.1388
336,1172,1508,0.1388
327,1169,1496,0.1388
332,1173,1505,0.1388
335,1173,1508,0.1388
336,1172,1508,0.1388
333,1174,1507,0.1388
334,1185,1519,0.1388
332,1178,1510,0.1388
333,1174,1507,0.1388
333,1172,1505,0.1388
334,1176,1510,0.1388
333,1191,1524,0.1388
337,1184,1521,0.1388
327,1180,1507,0.1388
333,1180,1513,0.1388
334,1165,1499,0.1388
335,1178,1513,0.1388
337,1168,1505,0.1388
334,1171,1505,0.1388
331,1175,1506,0.1388
327,1160,1487,0.1388
324,1169,1493,0.1388
324,1173,1497,0.1388
329,1183,1512,0.1388
327,1187,1514,0.1388
328,1189,1517,0.1388
328,1190,1518,0.1388
333,1189,1522,0.1388
338,1180,1518,0.1388
339,1179,1518,0.1388
337,1178,1515,0.1388
331,1179,1510,0.1388
333,1168,1501,0.1388
329,1164,1493,0.1388
326,1169,1495,0.1388
330,1177,1507,0.1388
337,1175,1512,0.1388
331,1178,1509,0.1388
326,1179,1505,0.1388
327,1169,1496,0.1388
330,1183,1513,0.1388
329,1187,1516,0.1388
322,1186,1508,0.1388
318,1190,1508,0.1388
320,1188,1508,0.1388
309,1207,1516,0.1388
311,1207,1518,0.1388
312,1211,1523,0.1388
315,1194,1509,0.1388
315,1195,1510,0.1388
318,1187,1505,0.1388
316,1185,1501,0.1388
315,1194,1509,0.1388
315,1201,1516,0.1388
313,1204,1517,0.1388
312,1216,1528,0.1388
308,1206,1514,0.1388
315,1214,1529,0.1388
312,1213,1525,0.1388
310,1207,1517,0.1388
304,1202,1506,0.1388
306,1225,1531,0.1388
303,1218,1521,0.1388
301,1212,1513,0.1388
300,1224,1524,0.1388
296,1220,1516,0.1388
291,1211,1502,0.1388
291,1221,1512,0.1388
293,1220,1513,0.1388
297,1211,1508,0.1388
296,1217,1513,0.1388
299,1213,1512,0.1388
294,1214,1508,0.1388
299,1219,1518,0.1388
292,1219,1511,0.1388
294,1223,1517,0.1388
294,1223,1517,0.1388
300,1218,1518,0.1388
293,1210,1503,0.1388
295,1211,1506,0.1388
294,1209,1503,0.1388
299,1221,1520,0.1388
298,1224,1522,0.1388
298,1209,1507,0.1388
299,1213,1512,0.1388
296,1213,1509,0.1388
293,1209,1502,0.1388
294,1202,1496,0.1388
298,1195,1493,0.1388
295,1214,1509,0.1388
291,1209,1500,0.1388
288,1204,1492,0.1388
288,1224,1512,0.1388
288,1218,1506,0.1388
280,1217,1497,0.1388
286,1209,1495,0.1388
290,1220,1510,0.1388
285,1218,1503,0.1388
278,1224,1502,0.1388
277,1227,1504,0.1388
277,1227,1504,0.1388
270,1228,1498,0.1388
267,1224,1491,0.1388
277,1230,1507,0.1388
279,1238,1517,0.1388
276,1253,1529,0.1388
276,1247,1523,0.1388
277,1241,1518,0.1388
280,1239,1519,0.1388
274,1229,1503,0.1388
270,1230,1500,0.1388
273,1236,1509,0.1388
267,1232,1499,0.1388
267,1237,1504,0.1388
263,1244,1507,0.1388
267,1248,1515,0.1388
271,1249,1520,0.1388
271,1253,1524,0.1388
263,1254,1517,0.1388
260,1251,1511,0.1388
258,1261,1519,0.1388
256,1264,1520,0.1388
259,1255,1514,0.1388
259,1250,1509,0.1388
256,1253,1509,0.1388
257,1254,1511,0.1388
255,1241,1496,0.1388
249,1237,1486,0.1388
250,1238,1488,0.1388
251,1249,1500,0.1388
253,1254,1507,0.1388
249,1259,1508,0.1388
252,1266,1518,0.1388
251,1270,1521,0.1388
246,1278,1524,0.1388
239,1276,1515,0.1388
239,1265,1504,0.1388
243,1268,1511,0.1388
250,1268,1518,0.1388
249,1272,1521,0.1388
249,1281,1530,0.1388
245,1261,1506,0.1388
244,1264,1508,0.1388
234,1281,1515,0.1388
235,1274,1509,0.1388
239,1254,1493,0.1388
241,1274,1515,0.1388
242,1282,1524,0.1388
242,1278,1520,0.1388
240,1284,1524,0.1388
241,1275,1516,0.1388
239,1273,1512,0.1388
239,1272,1511,0.1388
237,1280,1517,0.1388
232,1287,1519,0.1388
231,1295,1526,0.1388
227,1281,1508,0.1388
226,1283,1509,0.1388
223,1285,1508,0.1388
218,1298,1516,0.1388
222,1289,1511,0.1388
218,1285,1503,0.1388
218,1291,1509,0.1388
225,1286,1511,0.1388
222,1287,1509,0.1388
223,1287,1510,0.1388
214,1293,1507,0.1388
219,1289,1508,0.1388
219,1298,1517,0.1388
220,1294,1514,0.1388
220,1303,1523,0.1388
218,1301,1519,0.1388
221,1305,1526,0.1388
218,1310,1528,0.1388
215,1304,1519,0.1388
214,1299,1513,0.1388
210,1293,1503,0.1388
212,1301,1513,0.1388
209,1304,1513,0.1388
213,1304,1517,0.1388
213,1324,1537,0.1388
210,1321,1531,0.1388
212,1323,1535,0.1388
208,1323,1531,0.1388
204,1331,1535,0.1388
206,1321,1527,0.1388
199,1319,1518,0.1388
196,1323,1519,0.1388
195,1316,1511,0.1388
201,1314,1515,0.1388
200,1312,1512,0.1388
205,1313,1518,0.1388
206,1308,1514,0.1388
206,1308,1514,0.1388
204,1309,1513,0.1388
206,1311,1517,0.1388
203,1309,1512,0.1388
203,1313,1516,0.1388
202,1326,1528,0.1388
202,1319,1521,0.1388
200,1314,1514,0.1388
209,1309,1518,0.1388
208,1307,1515,0.1388
206,1312,1518,0.1388
208,1315,1523,0.1388
203,1312,1515,0.1388
200,1313,1513,0.1388
202,1306,1508,0.1388
202,1314,1516,0.1388
203,1308,1511,0.1388
197,1304,1501,0.1388
194,1305,1499,0.1388
192,1307,1499,0.1388
191,1318,1509,0.1388
190,1326,1516,0.1388
194,1330,1524,0.1388
196,1323,1519,0.1388
194,1327,1521,0.1388
193,1337,1530,0.1388
191,1341,1532,0.1388
192,1336,1528,0.1388
185,1335,1520,0.1388
182,1335,1517,0.1388
187,1333,1520,0.1388
185,1334,1519,0.1388
182,1333,1515,0.1388
179,1333,1512,0.1388
177,1343,1520,0.1388
175,1320,1495,0.1388
172,1331,1503,0.1388
174,1333,1507,0.1388
174,1339,1513,0.1388
172,1346,1518,0.1388
166,1341,1507,0.1388
174,1353,1527,0.1388
170,1344,1514,0.1388
169,1355,1524,0.1388
171,1352,1523,0.1388
171,1340,1511,0.1388
171,1340,1511,0.1388
172,1347,1519,0.1388
167,1338,1505,0.1388
170,1347,1517,0.1388
172,1359,1531,0.1388
170,1360,1530,0.1388
169,1353,1522,0.1388
168,1347,1515,0.1388
165,1352,1517,0.1388
169,1347,1516,0.1388
170,1349,1519,0.1388
170,1344,1514,0.1388
170,1355,1525,0.1388
169,1352,1521,0.1388
168,1340,1508,0.1388
172,1333,1505,0.1388
175,1335,1510,0.1388
177,1331,1508,0.1388
177,1329,1506,0.1388
176,1315,1491,0.1388
179,1319,1498,0.1388
176,1321,1497,0.1388
174,1335,1509,0.1388
174,1346,1520,0.1388
175,1348,1523,0.1388
170,1356,1526,0.1388
171,1359,1530,0.1388
170,1354,1524,0.1388
172,1342,1514,0.1388
174,1337,1511,0.1388
169,1342,1511,0.1388
167,1332,1499,0.1388
167,1339,1506,0.1388
164,1339,1503,0.1388
163,1345,1508,0.1388
162,1350,1512,0.1388
160,1333,1493,0.1388
161,1350,1511,0.1388
163,1359,1522,0.1388
161,1348,1509,0.1388
162,1345,1507,0.1388
157,1354,1511,0.1388
160,1353,1513,0.1388
161,1342,1503,0.1388
161,1358,1519,0.1388
161,1356,1517,0.1388
158,1357,1515,0.1388
157,1360,1517,0.1388
156,1356,1512,0.1388
151,1345,1496,0.1388
151,1337,1488,0.1388
158,1343,1501,0.1388
159,1349,1508,0.1388
164,1350,1514,0.1388
164,1337,1501,0.1388
161,1336,1497,0.1388
165,1347,1512,0.1388
167,1351,1518,0.1388
167,1351,1518,0.1388
169,1337,1506,0.1388
174,1337,1511,0.1388
174,1347,1521,0.1388
174,1348,1522,0.1388
175,1345,1520,0.1388
177,1345,1522,0.1388
171,1340,1511,0.1388
171,1342,1513,0.1388
164,1337,1501,0.1388
162,1347,1509,0.1388
161,1357,1518,0.1388
156,1348,1504,0.1388
151,1359,1510,0.1388
150,1362,1512,0.1388
148,1369,1517,0.1388
150,1364,1514,0.1388
152,1348,1500,0.1388
155,1350,1505,0.1388
154,1362,1516,0.1388
152,1358,1510,0.1388
151,1360,1511,0.1388
152,1350,1502,0.1388
156,1340,1496,0.1388
157,1345,1502,0.1388
153,1344,1497,0.1388
157,1347,1504,0.1388
153,1365,1518,0.1388
155,1366,1521,0.1388
157,1367,1524,0.1388
159,1374,1533,0.1388
160,1366,1526,0.1388
160,1366,1526,0.1388
160,1372,1532,0.1388
162,1373,1535,0.1388
163,1359,1522,0.1388
158,1351,1509,0.1388
161,1340,1501,0.1388
161,1344,1505,0.1388
155,1344,1499,0.1388
154,1374,1528,0.1388
150,1370,1520,0.1388
148,1360,1508,0.1388
150,1356,1506,0.1388
149,1351,1500,0.1388
155,1354,1509,0.1388
155,1351,1506,0.1388
156,1352,1508,0.1388
161,1354,1515,0.1388
165,1352,1517,0.1388
164,1351,1515,0.1388
161,1351,1512,0.1388
161,1347,1508,0.1388
161,1353,1514,0.1388
160,1353,1513,0.1388
156,1375,1531,0.1388
159,1361,1520,0.1388
155,1369,1524,0.1388
156,1376,1532,0.1388
153,1366,1519,0.1388
154,1369,1523,0.1388
151,1376,1527,0.1388
147,1366,1513,0.1388
144,1372,1516,0.1388
138,1367,1505,0.1388
138,1369,1507,0.1388
137,1371,1508,0.1388
141,1372,1513,0.1388
140,1383,1523,0.1388
141,1380,1521,0.1388
139,1384,1523,0.1388
136,1395,1531,0.1388
136,1403,1539,0.1388
136,1396,1532,0.1388
134,1388,1522,0.1388
133,1384,1517,0.1388
134,1389,1523,0.1388
133,1384,1517,0.1388
134,1395,1529,0.1388
130,1386,1516,0.1388
134,1375,1509,0.1388
132,1377,1509,0.1388
132,1379,1511,0.1388
130,1376,1506,0.1388
124,1378,1502,0.1388
125,1387,1512,0.1388
126,1385,1511,0.1388
122,1378,1500,0.1388
121,1388,1509,0.1388
123,1394,1517,0.1388
121,1392,1513,0.1388
120,1393,1513,0.1388
123,1393,1516,0.1388
121,1389,1510,0.1388
121,1392,1513,0.1388
115,1392,1507,0.1388
116,1389,1505,0.1388
116,1387,1503,0.1388
116,1392,1508,0.1388
113,1399,1512,0.1388
113,1405,1518,0.1388
114,1406,1520,0.1388
113,1410,1523,0.1388
109,1411,1520,0.1388
107,1408,1515,0.1388
104,1406,1510,0.1388
108,1413,1521,0.1388
107,1417,1524,0.1388
108,1415,1523,0.1388
106,1415,1521,0.1388
105,1421,1526,0.1388
102,1415,1517,0.1388
100,1406,1506,0.1388
100,1417,1517,0.1388
100,1408,1508,0.1388
101,1407,1508,0.1388
102,1405,1507,0.1388
103,1415,1518,0.1388
101,1421,1522,0.1388
100,1430,1530,0.1388
99,1422,1521,0.1388
97,1431,1528,0.1388
98,1427,1525,0.1388
96,1443,1539,0.1388
91,1426,1517,0.1388
90,1421,1511,0.1388
93,1435,1528,0.1388
93,1428,1521,0.1388
92,1423,1515,0.1388
92,1431,1523,0.1388
94,1420,1514,0.1388
93,1409,1502,0.1388
88,1421,1509,0.1388
88,1425,1513,0.1388
85,1426,1511,0.1388
85,1427,1512,0.1388
86,1434,1520,0.1388
87,1422,1509,0.1388
88,1417,1505,0.1388
87,1412,1499,0.1388
89,1419,1508,0.1388
92,1430,1522,0.1388
92,1426,1518,0.1388
92,1426,1518,0.1388
88,1430,1518,0.1388
86,1436,1522,0.1388
86,1433,1519,0.1388
85,1430,1515,0.1388
84,1444,1528,0.1388
81,1432,1513,0.1388
82,1432,1514,0.1388
80,1436,1516,0.1388
79,1437,1516,0.1388
80,1441,1521,0.1388
79,1435,1514,0.1388
79,1448,1527,0.1388
77,1453,1530,0.1388
74,1439,1513,0.1388
72,1435,1507,0.1388
74,1440,1514,0.1388
73,1439,1512,0.1388
71,1432,1503,0.1388
70,1434,1504,0.1388
72,1453,1525,0.1388
73,1443,1516,0.1388
77,1452,1529,0.1388
77,1446,1523,0.1388
76,1440,1516,0.1388
79,1447,1526,0.1388
78,1451,1529,0.1388
75,1442,1517,0.1388
74,1441,1515,0.1388
76,1443,1519,0.1388
76,1455,1531,0.1388
70,1448,1518,0.1388
68,1442,1510,0.1388
67,1449,1516,0.1388
66,1456,1522,0.1388
64,1453,1517,0.1388
68,1454,1522,0.1388
66,1451,1517,0.1388
66,1458,1524,0.1388
65,1448,1513,0.1388
67,1432,1499,0.1388
68,1436,1504,0.1388
67,1435,1502,0.1388
72,1431,1503,0.1388
72,1442,1514,0.1388
70,1442,1512,0.1388
64,1449,1513,0.1388
64,1448,1512,0.1388
61,1462,1523,0.1388
62,1455,1517,0.1388
62,1456,1518,0.1388
62,1451,1513,0.1388
63,1444,1507,0.1388
62,1447,1509,0.1388
62,1451,1513,0.1388
64,1452,1516,0.1388
63,1447,1510,0.1388
61,1451,1512,0.1388
60,1445,1505,0.1388
58,1457,1515,0.1388
55,1452,1507,0.1388
54,1463,1517,0.1388
52,1474,1526,0.1388
50,1477,1527,0.1388
49,1475,1524,0.1388
49,1473,1522,0.1388
49,1465,1514,0.1388
47,1456,1503,0.1388
45,1458,1503,0.1388
46,1470,1516,0.1388
44,1473,1517,0.1388
46,1473,1519,0.1388
47,1483,1530,0.1388
48,1467,1515,0.1388
51,1475,1526,0.1388
52,1477,1529,0.1388
50,1458,1508,0.1388
50,1458,1508,0.1388
52,1463,1515,0.1388
51,1474,1525,0.1388
53,1474,1527,0.1388
52,1474,1526,0.1388
52,1477,1529,0.1388
52,1482,1534,0.1388
50,1473,1523,0.1388
50,1472,1522,0.1388
49,1465,1514,0.1388
48,1477,1525,0.1388
48,1477,1525,0.1388
49,1459,1508,0.1388
45,1458,1503,0.1388
46,1463,1509,0.1388
46,1460,1506,0.1388
48,1468,1516,0.1388
50,1462,1512,0.1388
50,1472,1522,0.1388
49,1464,1513,0.1388
49,1468,1517,0.1388
50,1462,1512,0.1388
50,1467,1517,0.1388
49,1471,1520,0.1388
48,1470,1518,0.1388
47,1472,1519,0.1388
45,1461,1506,0.1388
45,1456,1501,0.1388
44,1476,1520,0.1388
42,1481,1523,0.1388
41,1480,1521,0.1388
42,1477,1519,0.1388
42,1453,1495,0.1388
42,1457,1499,0.1388
42,1464,1506,0.1388
42,1464,1506,0.1388
42,1468,1510,0.1388
41,1462,1503,0.1388
40,1467,1507,0.1388
41,1467,1508,0.1388
39,1480,1519,0.1388
39,1483,1522,0.1388
41,1485,1526,0.1388
39,1478,1517,0.1388
36,1485,1521,0.1388
35,1478,1513,0.1388
34,1474,1508,0.1388
33,1483,1516,0.1388
33,1485,1518,0.1388
33,1471,1504,0.1388
32,1483,1515,0.1388
28,1481,1509,0.1388
27,1488,1515,0.1388
28,1476,1504,0.1388
27,1476,1503,0.1388
28,1481,1509,0.1388
29,1482,1511,0.1388
29,1489,1518,0.1388
29,1484,1513,0.1388
28,1485,1513,0.1388
26,1498,1524,0.1388
29,1504,1533,0.1388
33,1494,1527,0.1388
33,1481,1514,0.1388
31,1489,1520,0.1388
31,1488,1519,0.1388
30,1486,1516,0.1388
29,1486,1515,0.1388
29,1482,1511,0.1388
27,1492,1519,0.1388
26,1501,1527,0.1388
26,1502,1528,0.1388
25,1513,1538,0.1388
25,1511,1536,0.1388
23,1491,1514,0.1388
22,1490,1512,0.1388
22,1492,1514,0.1388
22,1499,1521,0.1388
22,1500,1522,0.1388
21,1499,1520,0.1388
21,1491,1512,0.1388
20,1492,1512,0.1388
21,1494,1515,0.1388
21,1486,1507,0.1388
21,1503,1524,0.1388
21,1494,1515,0.1388
19,1496,1515,0.1388
19,1504,1523,0.1388
16,1504,1520,0.1388
16,1504,1520,0.1388
16,1509,1525,0.1388
17,1501,1518,0.1388
18,1500,1518,0.1388
19,1500,1519,0.1388
19,1495,1514,0.1388
22,1489,1511,0.1388
23,1490,1513,0.1388
24,1505,1529,0.1388
22,1501,1523,0.1388
23,1503,1526,0.1388
22,1508,1530,0.1388
22,1494,1516,0.1388
25,1494,1519,0.1388
24,1488,1512,0.1388
24,1487,1511,0.1388
25,1502,1527,0.1388
25,1492,1517,0.1388
25,1498,1523,0.1388
25,1497,1522,0.1388
25,1482,1507,0.1388
24,1485,1509,0.1388
25,1488,1513,0.1388
26,1488,1514,0.1388
26,1474,1500,0.1388
26,1492,1518,0.1388
26,1486,1512,0.1388
27,1475,1502,0.1388
28,1481,1509,0.1388
28,1494,1522,0.1388
29,1484,1513,0.1388
29,1484,1513,0.1388
29,1488,1517,0.1388
29,1481,1510,0.1388
29,1473,1502,0.1388
27,1468,1495,0.1388
29,1471,1500,0.1388
29,1468,1497,0.1388
29,1494,1523,0.1388
29,1491,1520,0.1388
30,1495,1525,0.1388
31,1486,1517,0.1388
29,1492,1521,0.1388
30,1483,1513,0.1388
29,1468,1497,0.1388
29,1488,1517,0.1388
29,1490,1519,0.1388
29,1473,1502,0.1388
29,1491,1520,0.1388
29,1491,1520,0.1388
32,1483,1515,0.1388
32,1485,1517,0.1388
32,1475,1507,0.1388
32,1466,1498,0.1388
34,1488,1522,0.1388
34,1488,1522,0.1388
33,1486,1519,0.1388
32,1489,1521,0.1388
32,1473,1505,0.1388
30,1483,1513,0.1388
31,1488,1519,0.1388
33,1481,1514,0.1388
34,1478,1512,0.1388
36,1478,1514,0.1388
36,1478,1514,0.1388
36,1485,1521,0.1388
35,1484,1519,0.1388
32,1463,1495,0.1388
31,1485,1516,0.1388
33,1493,1526,0.1388
34,1480,1514,0.1388
33,1497,1530,0.1388
32,1481,1513,0.1388
33,1473,1506,0.1388
34,1473,1507,0.1388
36,1468,1504,0.1388
35,1470,1505,0.1388
35,1477,1512,0.1388
34,1479,1513,0.1388
35,1492,1527,0.1388
35,1505,1540,0.1388
35,1493,1528,0.1388
34,1484,1518,0.1388
33,1475,1508,0.1388
31,1455,1486,0.1388
32,1457,1489,0.1388
32,1472,1504,0.1388
31,1467,1498,0.1388
32,1470,1502,0.1388
31,1475,1506,0.1388
32,1480,1512,0.1388
34,1482,1516,0.1388
35,1464,1499,0.1388
36,1461,1497,0.1388
35,1470,1505,0.1388
34,1469,1503,0.1388
34,1470,1504,0.1388
34,1485,1519,0.1388
33,1483,1516,0.1388
34,1477,1511,0.1388
33,1485,1518,0.1388
34,1460,1494,0.1388
34,1476,1510,0.1388
33,1472,1505,0.1388
30,1474,1504,0.1388
31,1463,1494,0.1388
31,1462,1493,0.1388
33,1472,1505,0.1388
31,1482,1513,0.1388
30,1485,1515,0.1388
28,1476,1504,0.1388
27,1481,1508,0.1388
26,1481,1507,0.1388
24,1485,1509,0.1388
23,1478,1501,0.1388
24,1478,1502,0.1388
23,1483,1506,0.1388
24,1486,1510,0.1388
24,1487,1511,0.1388
24,1484,1508,0.1388
24,1486,1510,0.1388
24,1489,1513,0.1388
25,1482,1507,0.1388
25,1487,1512,0.1388
27,1477,1504,0.1388
26,1487,1513,0.1388
27,1483,1510,0.1388
25,1477,1502,0.1388
26,1478,1504,0.1388
26,1481,1507,0.1388
25,1496,1521,0.1388
22,1491,1513,0.1388
23,1502,1525,0.1388
22,1503,1525,0.1388
22,1493,1515,0.1388
22,1499,1521,0.1388
22,1496,1518,0.1388
22,1499,1521,0.1388
24,1485,1509,0.1388
23,1485,1508,0.1388
24,1490,1514,0.1388
23,1487,1510,0.1388
25,1493,1518,0.1388
25,1481,1506,0.1388
25,1490,1515,0.1388
23,1480,1503,0.1388
23,1501,1524,0.1388
24,1500,1524,0.1388
24,1513,1537,0.1388
22,1511,1533,0.1388
23,1502,1525,0.1388
22,1501,1523,0.1388
22,1492,1514,0.1388
22,1503,1525,0.1388
22,1503,1525,0.1388
22,1506,1528,0.1388
22,1484,1506,0.1388
23,1490,1513,0.1388
23,1500,1523,0.1388
24,1509,1533,0.1388
25,1494,1519,0.1388
25,1487,1512,0.1388
27,1477,1504,0.1388
27,1481,1508,0.1388
27,1492,1519,0.1388
27,1486,1513,0.1388
28,1475,1503,0.1388
27,1474,1501,0.1388
26,1492,1518,0.1388
27,1496,1523,0.1388
27,1490,1517,0.1388
25,1491,1516,0.1388
24,1492,1516,0.1388
26,1499,1525,0.1388
26,1492,1518,0.1388
26,1490,1516,0.1388
24,1494,1518,0.1388
24,1497,1521,0.1388
23,1490,1513,0.1388
22,1492,1514,0.1388
24,1498,1522,0.1388
24,1509,1533,0.1388
26,1496,1522,0.1388
27,1498,1525,0.1388
28,1512,1540,0.1388
28,1522,1550,0.1388
28,1527,1555,0.1388
28,1516,1544,0.1388
28,1495,1523,0.1388
26,1503,1529,0.1388
26,1490,1516,0.1388
25,1481,1506,0.1388
25,1493,1518,0.1388
24,1493,1517,0.1388
23,1498,1521,0.1388
22,1497,1519,0.1388
22,1493,1515,0.1388
22,1492,1514,0.1388
21,1492,1513,0.1388
21,1495,1516,0.1388
22,1493,1515,0.1388
22,1498,1520,0.1388
21,1484,1505,0.1388
21,1490,1511,0.1388
22,1496,1518,0.1388
23,1488,1511,0.1388
24,1493,1517,0.1388
22,1492,1514,0.1388
22,1472,1494,0.1388
22,1482,1504,0.1388
23,1474,1497,0.1388
23,1485,1508,0.1388
22,1499,1521,0.1388
23,1498,1521,0.1388
23,1488,1511,0.1388
22,1500,1522,0.1388
21,1499,1520,0.1388
20,1504,1524,0.1388
20,1496,1516,0.1388
20,1502,1522,0.1388
19,1497,1516,0.1388
17,1505,1522,0.1388
19,1500,1519,0.1388
18,1496,1514,0.1388
19,1503,1522,0.1388
19,1505,1524,0.1388
18,1505,1523,0.1388
17,1495,1512,0.1388
16,1501,1517,0.1388
16,1492,1508,0.1388
14,1492,1506,0.1388
14,1495,1509,0.1388
14,1497,1511,0.1388
14,1500,1514,0.1388
13,1504,1517,0.1388
14,1520,1534,0.1388
14,1513,1527,0.1388
14,1501,1515,0.1388
13,1513,1526,0.1388
13,1506,1519,0.1388
13,1506,1519,0.1388
14,1507,1521,0.1388
14,1512,1526,0.1388
12,1510,1522,0.1388
12,1514,1526,0.1388
13,1520,1533,0.1388
13,1511,1524,0.1388
13,1511,1524,0.1388
13,1510,1523,0.1388
13,1507,1520,0.1388
13,1499,1512,0.1388
13,1504,1517,0.1388
13,1492,1505,0.1388
13,1497,1510,0.1388
13,1501,1514,0.1388
13,1509,1522,0.1388
12,1514,1526,0.1388
13,1515,1528,0.1388
13,1512,1525,0.1388
14,1520,1534,0.1388
13,1511,1524,0.1388
13,1514,1527,0.1388
13,1523,1536,0.1388
13,1509,1522,0.1388
13,1511,1524,0.1388
13,1520,1533,0.1388
12,1510,1522,0.1388
13,1512,1525,0.1388
13,1507,1520,0.1388
14,1501,1515,0.1388
14,1493,1507,0.1388
16,1495,1511,0.1388
15,1493,1508,0.1388
14,1489,1503,0.1388
13,1522,1535,0.1388
14,1516,1530,0.1388
14,1504,1518,0.1388
14,1522,1536,0.1388
14,1504,1518,0.1388
14,1513,1527,0.1388
15,1514,1529,0.1388
15,1518,1533,0.1388
15,1518,1533,0.1388
16,1505,1521,0.1388
16,1504,1520,0.1388
16,1497,1513,0.1388
16,1494,1510,0.1388
13,1502,1515,0.1388
12,1496,1508,0.1388
12,1492,1504,0.1388
13,1486,1499,0.1388
14,1496,1510,0.1388
13,1485,1498,0.1388
13,1509,1522,0.1388
13,1510,1523,0.1388
13,1505,1518,0.1388
13,1509,1522,0.1388
13,1504,1517,0.1388
13,1511,1524,0.1388
13,1497,1510,0.1388
12,1512,1524,0.1388
13,1504,1517,0.1388
14,1497,1511,0.1388
14,1496,1510,0.1388
13,1496,1509,0.1388
13,1511,1524,0.1388
13,1513,1526,0.1388
13,1497,1510,0.1388
13,1506,1519,0.1388
13,1504,1517,0.1388
13,1516,1529,0.1388
14,1505,1519,0.1388
14,1504,1518,0.1388
13,1500,1513,0.1388
14,1496,1510,0.1388
15,1486,1501,0.1388
15,1485,1500,0.1388
15,1489,1504,0.1388
15,1495,1510,0.1388
15,1492,1507,0.1388
15,1488,1503,0.1388
15,1489,1504,0.1388
16,1479,1495,0.1388
15,1479,1494,0.1388
16,1489,1505,0.1388
16,1488,1504,0.1388
16,1493,1509,0.1388
16,1497,1513,0.1388
16,1507,1523,0.1388
16,1509,1525,0.1388
16,1508,1524,0.1388
16,1507,1523,0.1388
17,1511,1528,0.1388
17,1505,1522,0.1388
17,1489,1506,0.1388
18,1487,1505,0.1388
18,1502,1520,0.1388
18,1507,1525,0.1388
18,1494,1512,0.1388
18,1485,1503,0.1388
18,1492,1510,0.1388
19,1492,1511,0.1388
20,1489,1509,0.1388
20,1486,1506,0.1388
20,1481,1501,0.1388
20,1487,1507,0.1388
18,1493,1511,0.1388
18,1493,1511,0.1388
17,1494,1511,0.1388
16,1500,1516,0.1388
15,1487,1502,0.1388
16,1495,1511,0.1388
15,1502,1517,0.1388
16,1505,1521,0.1388
16,1507,1523,0.1388
15,1505,1520,0.1388
13,1490,1503,0.1388
13,1493,1506,0.1388
14,1499,1513,0.1388
13,1494,1507,0.1388
12,1505,1517,0.1388
12,1515,1527,0.1388
12,1518,1530,0.1388
13,1509,1522,0.1388
13,1512,1525,0.1388
13,1509,1522,0.1388
13,1505,1518,0.1388
12,1510,1522,0.1388
12,1501,1513,0.1388
12,1508,1520,0.1388
13,1507,1520,0.1388
13,1497,1510,0.1388
13,1507,1520,0.1388
13,1509,1522,0.1388
13,1511,1524,0.1388
12,1519,1531,0.1388
12,1520,1532,0.1388
12,1523,1535,0.1388
12,1519,1531,0.1388
11,1512,1523,0.1388
11,1506,1517,0.1388
11,1500,1511,0.1388
11,1508,1519,0.1388
10,1507,1517,0.1388
9,1517,1526,0.1388
9,1503,1512,0.1388
9,1505,1514,0.1388
10,1498,1508,0.1388
10,1497,1507,0.1388
9,1506,1515,0.1388
10,1507,1517,0.1388
10,1501,1511,0.1388
10,1500,1510,0.1388
10,1491,1501,0.1388
12,1505,1517,0.1388
12,1518,1530,0.1388
12,1508,1520,0.1388
11,1495,1506,0.1388
7,1492,1499,0.1388
8,1511,1519,0.1388
7,1510,1517,0.1388
7,1521,1528,0.1388
7,1520,1527,0.1388
7,1518,1525,0.1388
6,1513,1519,0.1388
6,1536,1542,0.1388
6,1522,1528,0.1388
6,1515,1521,0.1388
5,1519,1524,0.1388
4,1507,1511,0.1388
4,1518,1522,0.1388
4,1515,1519,0.1388
4,1517,1521,0.1388
4,1513,1517,0.1388
4,1505,1509,0.1388
4,1503,1507,0.1388
4,1507,1511,0.1388
4,1510,1514,0.1388
4,1511,1515,0.1388
3,1510,1513,0.1388
3,1511,1514,0.1388
3,1511,1514,0.1388
4,1520,1524,0.1388
4,1514,1518,0.1388
4,1516,1520,0.1388
4,1508,1512,0.1388
4,1511,1515,0.1388
4,1511,1515,0.1388
4,1499,1503,0.1388
4,1511,1515,0.1388
4,1515,1519,0.1388
4,1530,1534,0.1388
4,1517,1521,0.1388
4,1512,1516,0.1388
4,1515,1519,0.1388
4,1514,1518,0.1388
5,1527,1532,0.1388
5,1521,1526,0.1388
5,1515,1520,0.1388
5,1505,1510,0.1388
3,1512,1515,0.1388
3,1510,1513,0.1388
3,1509,1512,0.1388
3,1514,1517,0.1388
3,1517,1520,0.1388
3,1503,1506,0.1388
3,1500,1503,0.1388
3,1515,1518,0.1388
3,1514,1517,0.1388
2,1509,1511,0.1388
2,1514,1516,0.1388
2,1516,1518,0.1388
2,1513,1515,0.1388
2,1517,1519,0.1388
2,1512,1514,0.1388
1,1513,1514,0.1388
1,1506,1507,0.1388
1,1521,1522,0.1388
1,1505,1506,0.1388
1,1508,1509,0.1388
1,1504,1505,0.1388
2,1495,1497,0.1388
2,1501,1503,0.1388
2,1510,1512,0.1388
2,1506,1508,0.1388
2,1506,1508,0.1388
2,1505,1507,0.1388
2,1507,1509,0.1388
2,1504,1506,0.1388
2,1501,1503,0.1388
2,1514,1516,0.1388
2,1523,1525,0.1388
3,1521,1524,0.1388
3,1516,1519,0.1388
3,1515,1518,0.1388
3,1507,1510,0.1388
3,1511,1514,0.1388
3,1521,1524,0.1388
3,1508,1511,0.1388
3,1517,1520,0.1388
3,1519,1522,0.1388
3,1523,1526,0.1388
3,1532,1535,0.1388
3,1530,1533,0.1388
3,1522,1525,0.1388
3,1515,1518,0.1388
3,1504,1507,0.1388
2,1501,1503,0.1388
2,1506,1508,0.1388
2,1511,1513,0.1388
2,1514,1516,0.1388
2,1517,1519,0.1388
2,1511,1513,0.1388
2,1513,1515,0.1388
2,1510,1512,0.1388
2,1516,1518,0.1388
2,1513,1515,0.1388
2,1521,1523,0.1388
2,1524,1526,0.1388
2,1515,1517,0.1388
2,1517,1519,0.1388
2,1513,1515,0.1388
2,1524,1526,0.1388
2,1515,1517,0.1388
2,1511,1513,0.1388
2,1515,1517,0.1388
2,1520,1522,0.1388
1,1524,1525,0.1388
1,1512,1513,0.1388
1,1509,1510,0.1388
1,1519,1520,0.1388
1,1521,1522,0.1388
2,1514,1516,0.1388
2,1522,1524,0.1388
2,1505,1507,0.1388
1,1508,1509,0.1388
1,1507,1508,0.1388
1,1509,1510,0.1388
1,1512,1513,0.1388
1,1506,1507,0.1388
1,1521,1522,0.1388
1,1527,1528,0.1388
1,1523,1524,0.1388
1,1511,1512,0.1388
1,1527,1528,0.1388
1,1532,1533,0.1388
1,1531,1532,0.1388
1,1521,1522,0.1388
1,1513,1514,0.1388
1,1523,1524,0.1388
0,1521,1521,0.1388
