1381,28,1409,0.1388
1411,30,1441,0.1388
1434,32,1466,0.1388
1446,32,1478,0.1388
1456,31,1487,0.1388
1457,32,1489,0.1388
1455,34,1489,0.1388
1460,30,1490,0.1388
1461,30,1491,0.1388
1474,30,1504,0.1388
1476,31,1507,0.1388
1477,28,1505,0.1388
1475,28,1503,0.1388
1462,29,1491,0.1388
1456,28,1484,0.1388
1449,28,1477,0.1388
1453,31,1484,0.1388
1459,35,1494,0.1388
1464,36,1500,0.1388
1466,35,1501,0.1388
1465,37,1502,0.1388
1469,36,1505,0.1388
1465,36,1501,0.1388
1472,36,1508,0.1388
1477,34,1511,0.1388
1482,35,1517,0.1388
1479,35,1514,0.1388
1474,35,1509,0.1388
1471,37,1508,0.1388
1466,37,1503,0.1388
1459,37,1496,0.1388
1450,39,1489,0.1388
1440,39,1479,0.1388
1448,42,1490,0.1388
1464,45,1509,0.1388
1437,43,1480,0.1388
1449,44,1493,0.1388
1449,45,1494,0.1388
1452,44,1496,0.1388
1446,43,1489,0.1388
1451,40,1491,0.1388
1458,42,1500,0.1388
1464,41,1505,0.1388
1455,41,1496,0.1388
1446,43,1489,0.1388
1454,45,1499,0.1388
1447,45,1492,0.1388
1449,45,1494,0.1388
1451,44,1495,0.1388
1439,45,1484,0.1388
1439,43,1482,0.1388
1457,42,1499,0.1388
1453,43,1496,0.1388
1452,44,1496,0.1388
1457,41,1498,0.1388
1459,42,1501,0.1388
1454,43,1497,0.1388
1443,42,1485,0.1388
1445,43,1488,0.1388
1439,42,1481,0.1388
1440,41,1481,0.1388
1443,41,1484,0.1388
1448,43,1491,0.1388
1444,42,1486,0.1388
1437,43,1480,0.1388
1453,44,1497,0.1388
1452,47,1499,0.1388
1462,48,1510,0.1388
1460,51,1511,0.1388
1459,49,1508,0.1388
1453,50,1503,0.1388
1455,49,1504,0.1388
1441,48,1489,0.1388
1441,49,1490,0.1388
1439,49,1488,0.1388
1448,48,1496,0.1388
1448,48,1496,0.1388
1454,46,1500,0.1388
1455,46,1501,0.1388
1455,44,1499,0.1388
1461,45,1506,0.1388
1470,46,1516,0.1388
1449,48,1497,0.1388
1429,49,1478,0.1388
1434,50,1484,0.1388
1436,49,1485,0.1388
1446,49,1495,0.1388
1442,49,1491,0.1388
1452,50,1502,0.1388
1444,50,1494,0.1388
1436,49,1485,0.1388
1431,48,1479,0.1388
1442,50,1492,0.1388
1428,51,1479,0.1388
1431,51,1482,0.1388
1440,50,1490,0.1388
1433,48,1481,0.1388
1453,51,1504,0.1388
1443,52,1495,0.1388
1446,52,1498,0.1388
1445,55,1500,0.1388
1441,56,1497,0.1388
1439,56,1495,0.1388
1452,56,1508,0.1388
1456,56,1512,0.1388
1446,55,1501,0.1388
1436,55,1491,0.1388
1441,53,1494,0.1388
1438,52,1490,0.1388
1428,52,1480,0.1388
1440,53,1493,0.1388
1445,54,1499,0.1388
1442,51,1493,0.1388
1418,54,1472,0.1388
1422,57,1479,0.1388
1429,59,1488,0.1388
1441,59,1500,0.1388
1440,59,1499,0.1388
1443,60,1503,0.1388
1441,61,1502,0.1388
1430,61,1491,0.1388
1434,60,1494,0.1388
1434,58,1492,0.1388
1434,56,1490,0.1388
1434,56,1490,0.1388
1432,57,1489,0.1388
1413,60,1473,0.1388
1413,61,1474,0.1388
1423,63,1486,0.1388
1421,65,1486,0.1388
1428,66,1494,0.1388
1418,65,1483,0.1388
1437,65,1502,0.1388
1450,65,1515,0.1388
1444,68,1512,0.1388
1446,67,1513,0.1388
1444,66,1510,0.1388
1421,68,1489,0.1388
1422,65,1487,0.1388
1428,64,1492,0.1388
1437,64,1501,0.1388
1446,65,1511,0.1388
1446,65,1511,0.1388
1449,66,1515,0.1388
1431,65,1496,0.1388
1434,66,1500,0.1388
1425,66,1491,0.1388
1424,62,1486,0.1388
1417,63,1480,0.1388
1423,64,1487,0.1388
1431,64,1495,0.1388
1425,62,1487,0.1388
1442,60,1502,0.1388
1438,62,1500,0.1388
1444,63,1507,0.1388
1444,64,1508,0.1388
1439,69,1508,0.1388
1429,69,1498,0.1388
1433,68,1501,0.1388
1430,67,1497,0.1388
1434,66,1500,0.1388
1419,67,1486,0.1388
1410,67,1477,0.1388
1415,65,1480,0.1388
1432,64,1496,0.1388
1430,64,1494,0.1388
1429,65,1494,0.1388
1413,66,1479,0.1388
1416,67,1483,0.1388
1427,66,1493,0.1388
1429,66,1495,0.1388
1417,66,1483,0.1388
1421,69,1490,0.1388
1416,66,1482,0.1388
1416,67,1483,0.1388
1419,66,1485,0.1388
1428,64,1492,0.1388
1428,68,1496,0.1388
1428,67,1495,0.1388
1418,63,1481,0.1388
1429,63,1492,0.1388
1427,63,1490,0.1388
1429,65,1494,0.1388
1418,65,1483,0.1388
1417,68,1485,0.1388
1414,67,1481,0.1388
1410,67,1477,0.1388
1403,70,1473,0.1388
1417,71,1488,0.1388
1428,72,1500,0.1388
1398,72,1470,0.1388
1404,72,1476,0.1388
1415,70,1485,0.1388
1414,71,1485,0.1388
1424,70,1494,0.1388
1419,70,1489,0.1388
1418,71,1489,0.1388
1424,70,1494,0.1388
1434,69,1503,0.1388
1430,68,1498,0.1388
1418,68,1486,0.1388
1417,66,1483,0.1388
1417,64,1481,0.1388
1412,64,1476,0.1388
1420,65,1485,0.1388
1410,62,1472,0.1388
1428,65,1493,0.1388
1408,68,1476,0.1388
1417,68,1485,0.1388
1407,71,1478,0.1388
1432,72,1504,0.1388
1439,72,1511,0.1388
1434,74,1508,0.1388
1437,74,1511,0.1388
1433,71,1504,0.1388
1441,70,1511,0.1388
1434,72,1506,0.1388
1427,71,1498,0.1388
1437,72,1509,0.1388
1431,71,1502,0.1388
1429,70,1499,0.1388
1434,70,1504,0.1388
1439,70,1509,0.1388
1443,73,1516,0.1388
1432,71,1503,0.1388
1433,71,1504,0.1388
1415,73,1488,0.1388
1418,72,1490,0.1388
1408,75,1483,0.1388
1411,78,1489,0.1388
1416,79,1495,0.1388
1413,80,1493,0.1388
1393,79,1472,0.1388
1405,81,1486,0.1388
1401,82,1483,0.1388
1402,77,1479,0.1388
1400,77,1477,0.1388
1403,80,1483,0.1388
1404,78,1482,0.1388
1394,80,1474,0.1388
1396,79,1475,0.1388
1410,81,1491,0.1388
1420,78,1498,0.1388
1417,77,1494,0.1388
1416,75,1491,0.1388
1418,79,1497,0.1388
1418,83,1501,0.1388
1415,83,1498,0.1388
1399,82,1481,0.1388
1418,84,1502,0.1388
1414,85,1499,0.1388
1401,83,1484,0.1388
1407,82,1489,0.1388
1408,81,1489,0.1388
1406,79,1485,0.1388
1417,82,1499,0.1388
1419,87,1506,0.1388
1425,84,1509,0.1388
1416,85,1501,0.1388
1424,86,1510,0.1388
1429,85,1514,0.1388
1413,86,1499,0.1388
1408,86,1494,0.1388
1409,85,1494,0.1388
1415,88,1503,0.1388
1408,90,1498,0.1388
1402,90,1492,0.1388
1415,86,1501,0.1388
1421,91,1512,0.1388
1412,84,1496,0.1388
1417,88,1505,0.1388
1409,86,1495,0.1388
1402,86,1488,0.1388
1410,85,1495,0.1388
1421,85,1506,0.1388
1410,85,1495,0.1388
1394,85,1479,0.1388
1395,87,1482,0.1388
1405,86,1491,0.1388
1417,86,1503,0.1388
1401,88,1489,0.1388
1398,89,1487,0.1388
1413,88,1501,0.1388
1412,87,1499,0.1388
1399,85,1484,0.1388
1401,87,1488,0.1388
1400,85,1485,0.1388
1408,86,1494,0.1388
1411,85,1496,0.1388
1411,86,1497,0.1388
1402,85,1487,0.1388
1417,84,1501,0.1388
1390,87,1477,0.1388
1385,88,1473,0.1388
1390,88,1478,0.1388
1383,87,1470,0.1388
1390,89,1479,0.1388
1401,89,1490,0.1388
1398,87,1485,0.1388
1403,89,1492,0.1388
1408,88,1496,0.1388
1410,83,1493,0.1388
1407,80,1487,0.1388
1414,80,1494,0.1388
1416,81,1497,0.1388
1412,84,1496,0.1388
1414,83,1497,0.1388
1414,79,1493,0.1388
1414,78,1492,0.1388
1420,82,1502,0.1388
1415,77,1492,0.1388
1414,80,1494,0.1388
1417,81,1498,0.1388
1409,83,1492,0.1388
1407,85,1492,0.1388
1421,86,1507,0.1388
1415,87,1502,0.1388
1413,90,1503,0.1388
1416,89,1505,0.1388
1416,89,1505,0.1388
1397,94,1491,0.1388
1387,94,1481,0.1388
1388,96,1484,0.1388
1397,94,1491,0.1388
1405,99,1504,0.1388
1410,99,1509,0.1388
1412,101,1513,0.1388
1399,100,1499,0.1388
1381,103,1484,0.1388
1374,106,1480,0.1388
1390,102,1492,0.1388
1387,102,1489,0.1388
1388,104,1492,0.1388
1393,106,1499,0.1388
1398,107,1505,0.1388
1388,108,1496,0.1388
1387,113,1500,0.1388
1376,114,1490,0.1388
1367,115,1482,0.1388
1361,114,1475,0.1388
1360,116,1476,0.1388
1358,119,1477,0.1388
1364,120,1484,0.1388
1381,122,1503,0.1388
1374,121,1495,0.1388
1367,120,1487,0.1388
1364,121,1485,0.1388
1377,118,1495,0.1388
1382,113,1495,0.1388
1370,115,1485,0.1388
1380,117,1497,0.1388
1380,116,1496,0.1388
1381,112,1493,0.1388
1384,115,1499,0.1388
1396,111,1507,0.1388
1396,111,1507,0.1388
1393,103,1496,0.1388
1389,105,1494,0.1388
1385,108,1493,0.1388
1374,107,1481,0.1388
1376,107,1483,0.1388
1376,110,1486,0.1388
1371,108,1479,0.1388
1370,111,1481,0.1388
1370,115,1485,0.1388
1376,116,1492,0.1388
1366,113,1479,0.1388
1384,113,1497,0.1388
1383,112,1495,0.1388
1384,109,1493,0.1388
1393,109,1502,0.1388
1388,110,1498,0.1388
1390,110,1500,0.1388
1393,112,1505,0.1388
1390,114,1504,0.1388
1398,112,1510,0.1388
1399,104,1503,0.1388
1396,100,1496,0.1388
1395,101,1496,0.1388
1394,99,1493,0.1388
1384,101,1485,0.1388
1383,105,1488,0.1388
1385,105,1490,0.1388
1391,109,1500,0.1388
1385,107,1492,0.1388
1379,109,1488,0.1388
1387,112,1499,0.1388
1382,112,1494,0.1388
1399,110,1509,0.1388
1401,112,1513,0.1388
1382,114,1496,0.1388
1392,110,1502,0.1388
1381,109,1490,0.1388
1393,107,1500,0.1388
1393,107,1500,0.1388
1398,106,1504,0.1388
1388,109,1497,0.1388
1387,111,1498,0.1388
1391,107,1498,0.1388
1385,111,1496,0.1388
1384,113,1497,0.1388
1387,115,1502,0.1388
1396,116,1512,0.1388
1394,111,1505,0.1388
1384,113,1497,0.1388
1381,120,1501,0.1388
1385,120,1505,0.1388
1383,119,1502,0.1388
1370,119,1489,0.1388
1357,114,1471,0.1388
1355,117,1472,0.1388
1354,116,1470,0.1388
1357,116,1473,0.1388
1360,120,1480,0.1388
1361,120,1481,0.1388
1347,121,1468,0.1388
1363,121,1484,0.1388
1366,119,1485,0.1388
1361,123,1484,0.1388
1376,126,1502,0.1388
1373,125,1498,0.1388
1375,126,1501,0.1388
1369,128,1497,0.1388
1377,132,1509,0.1388
1370,129,1499,0.1388
1374,129,1503,0.1388
1364,131,1495,0.1388
1368,129,1497,0.1388
1372,132,1504,0.1388
1372,132,1504,0.1388
1362,131,1493,0.1388
1363,127,1490,0.1388
1364,130,1494,0.1388
1373,132,1505,0.1388
1356,133,1489,0.1388
1353,136,1489,0.1388
1353,136,1489,0.1388
1344,140,1484,0.1388
1350,145,1495,0.1388
1349,147,1496,0.1388
1351,150,1501,0.1388
1331,146,1477,0.1388
1315,150,1465,0.1388
1332,153,1485,0.1388
1326,155,1481,0.1388
1320,158,1478,0.1388
1315,166,1481,0.1388
1323,164,1487,0.1388
1333,167,1500,0.1388
1328,166,1494,0.1388
1311,172,1483,0.1388
1316,169,1485,0.1388
1313,172,1485,0.1388
1308,171,1479,0.1388
1318,176,1494,0.1388
1305,175,1480,0.1388
1316,174,1490,0.1388
1325,176,1501,0.1388
1333,172,1505,0.1388
1326,174,1500,0.1388
1315,174,1489,0.1388
1319,174,1493,0.1388
1324,172,1496,0.1388
1324,176,1500,0.1388
1326,174,1500,0.1388
1314,180,1494,0.1388
1308,181,1489,0.1388
1312,178,1490,0.1388
1302,174,1476,0.1388
1309,178,1487,0.1388
1301,175,1476,0.1388
1299,177,1476,0.1388
1304,171,1475,0.1388
1305,175,1480,0.1388
1301,181,1482,0.1388
1302,182,1484,0.1388
1307,187,1494,0.1388
1300,191,1491,0.1388
1306,191,1497,0.1388
1296,192,1488,0.1388
1283,195,1478,0.1388
1299,200,1499,0.1388
1300,200,1500,0.1388
1293,197,1490,0.1388
1302,194,1496,0.1388
1294,197,1491,0.1388
1287,198,1485,0.1388
1285,203,1488,0.1388
1281,202,1483,0.1388
1292,206,1498,0.1388
1303,203,1506,0.1388
1285,201,1486,0.1388
1295,204,1499,0.1388
1293,203,1496,0.1388
1301,203,1504,0.1388
1295,208,1503,0.1388
1299,213,1512,0.1388
1297,213,1510,0.1388
1294,211,1505,0.1388
1292,208,1500,0.1388
1293,209,1502,0.1388
1284,212,1496,0.1388
1283,211,1494,0.1388
1289,211,1500,0.1388
1275,214,1489,0.1388
1266,215,1481,0.1388
1263,213,1476,0.1388
1261,218,1479,0.1388
1253,218,1471,0.1388
1256,224,1480,0.1388
1255,227,1482,0.1388
1264,228,1492,0.1388
1255,230,1485,0.1388
1270,236,1506,0.1388
1267,234,1501,0.1388
1275,239,1514,0.1388
1257,243,1500,0.1388
1261,239,1500,0.1388
1273,236,1509,0.1388
1274,239,1513,0.1388
1276,237,1513,0.1388
1281,241,1522,0.1388
1278,240,1518,0.1388
1279,237,1516,0.1388
1285,230,1515,0.1388
1260,227,1487,0.1388
1254,230,1484,0.1388
1260,230,1490,0.1388
1268,232,1500,0.1388
1265,229,1494,0.1388
1260,227,1487,0.1388
1266,228,1494,0.1388
1258,232,1490,0.1388
1270,234,1504,0.1388
1276,234,1510,0.1388
1266,232,1498,0.1388
1264,235,1499,0.1388
1263,230,1493,0.1388
1260,225,1485,0.1388
1270,228,1498,0.1388
1261,230,1491,0.1388
1255,237,1492,0.1388
1253,240,1493,0.1388
1247,245,1492,0.1388
1259,245,1504,0.1388
1257,250,1507,0.1388
1249,248,1497,0.1388
1252,249,1501,0.1388
1256,246,1502,0.1388
1260,250,1510,0.1388
1253,251,1504,0.1388
1258,259,1517,0.1388
1261,261,1522,0.1388
1255,261,1516,0.1388
1248,256,1504,0.1388
1249,261,1510,0.1388
1245,257,1502,0.1388
1240,260,1500,0.1388
1240,260,1500,0.1388
1236,262,1498,0.1388
1242,259,1501,0.1388
1236,259,1495,0.1388
1216,259,1475,0.1388
1232,260,1492,0.1388
1245,264,1509,0.1388
1250,261,1511,0.1388
1236,262,1498,0.1388
1239,260,1499,0.1388
1234,260,1494,0.1388
1243,263,1506,0.1388
1239,268,1507,0.1388
1230,267,1497,0.1388
1231,270,1501,0.1388
1212,268,1480,0.1388
1223,270,1493,0.1388
1229,276,1505,0.1388
1223,274,1497,0.1388
1225,272,1497,0.1388
1222,268,1490,0.1388
1231,274,1505,0.1388
1228,275,1503,0.1388
1226,280,1506,0.1388
1220,280,1500,0.1388
1217,280,1497,0.1388
1225,283,1508,0.1388
1215,282,1497,0.1388
1196,286,1482,0.1388
1203,285,1488,0.1388
1207,285,1492,0.1388
1209,289,1498,0.1388
1215,285,1500,0.1388
1207,286,1493,0.1388
1204,289,1493,0.1388
1208,285,1493,0.1388
1208,286,1494,0.1388
1215,286,1501,0.1388
1215,289,1504,0.1388
1209,295,1504,0.1388
1196,293,1489,0.1388
1196,293,1489,0.1388
1201,291,1492,0.1388
1200,290,1490,0.1388
1209,290,1499,0.1388
1216,292,1508,0.1388
1203,296,1499,0.1388
1212,294,1506,0.1388
1200,294,1494,0.1388
1187,295,1482,0.1388
1197,291,1488,0.1388
1186,297,1483,0.1388
1176,302,1478,0.1388
1182,300,1482,0.1388
1178,298,1476,0.1388
1169,295,1464,0.1388
1172,302,1474,0.1388
1176,298,1474,0.1388
1183,298,1481,0.1388
1180,298,1478,0.1388
1179,306,1485,0.1388
1176,310,1486,0.1388
1173,315,1488,0.1388
1163,317,1480,0.1388
1165,313,1478,0.1388
1167,317,1484,0.1388
1155,314,1469,0.1388
1148,318,1466,0.1388
1155,321,1476,0.1388
1166,317,1483,0.1388
1163,317,1480,0.1388
1163,324,1487,0.1388
1186,325,1511,0.1388
1163,327,1490,0.1388
1167,324,1491,0.1388
1175,321,1496,0.1388
1169,333,1502,0.1388
1164,330,1494,0.1388
1172,331,1503,0.1388
1160,333,1493,0.1388
1169,339,1508,0.1388
1175,335,1510,0.1388
1174,340,1514,0.1388
1165,342,1507,0.1388
1162,344,1506,0.1388
1159,343,1502,0.1388
1150,343,1493,0.1388
1153,340,1493,0.1388
1152,342,1494,0.1388
1151,329,1480,0.1388
1155,340,1495,0.1388
1150,342,1492,0.1388
1141,351,1492,0.1388
1136,351,1487,0.1388
1141,356,1497,0.1388
1135,346,1481,0.1388
1139,347,1486,0.1388
1134,357,1491,0.1388
1137,358,1495,0.1388
1130,357,1487,0.1388
1135,359,1494,0.1388
1127,366,1493,0.1388
1140,361,1501,0.1388
1151,356,1507,0.1388
1147,359,1506,0.1388
1158,361,1519,0.1388
1148,360,1508,0.1388
1154,363,1517,0.1388
1155,359,1514,0.1388
1142,366,1508,0.1388
1134,364,1498,0.1388
1140,369,1509,0.1388
1140,356,1496,0.1388
1130,362,1492,0.1388
1142,357,1499,0.1388
1140,361,1501,0.1388
1133,367,1500,0.1388
1132,370,1502,0.1388
1121,379,1500,0.1388
1128,377,1505,0.1388
1129,386,1515,0.1388
1130,381,1511,0.1388
1135,384,1519,0.1388
1127,382,1509,0.1388
1117,387,1504,0.1388
1118,386,1504,0.1388
1120,381,1501,0.1388
1111,386,1497,0.1388
1108,391,1499,0.1388
1103,387,1490,0.1388
1110,388,1498,0.1388
1112,386,1498,0.1388
1107,384,1491,0.1388
1116,382,1498,0.1388
1126,386,1512,0.1388
1125,380,1505,0.1388
1114,373,1487,0.1388
1116,383,1499,0.1388
1114,390,1504,0.1388
1104,389,1493,0.1388
1101,385,1486,0.1388
1100,389,1489,0.1388
1101,387,1488,0.1388
1106,392,1498,0.1388
1105,395,1500,0.1388
1107,401,1508,0.1388
1116,399,1515,0.1388
1122,398,1520,0.1388
1130,400,1530,0.1388
1126,392,1518,0.1388
1121,394,1515,0.1388
1119,397,1516,0.1388
1107,394,1501,0.1388
1107,385,1492,0.1388
1123,391,1514,0.1388
1124,395,1519,0.1388
1116,393,1509,0.1388
1117,389,1506,0.1388
1109,391,1500,0.1388
1104,388,1492,0.1388
1110,389,1499,0.1388
1121,391,1512,0.1388
1124,401,1525,0.1388
1118,400,1518,0.1388
1115,398,1513,0.1388
1111,392,1503,0.1388
1114,389,1503,0.1388
1120,387,1507,0.1388
1112,392,1504,0.1388
1123,386,1509,0.1388
1122,389,1511,0.1388
1120,388,1508,0.1388
1115,395,1510,0.1388
1114,396,1510,0.1388
1105,399,1504,0.1388
1102,399,1501,0.1388
1095,394,1489,0.1388
1083,391,1474,0.1388
1092,394,1486,0.1388
1094,387,1481,0.1388
1097,394,1491,0.1388
1096,391,1487,0.1388
1103,390,1493,0.1388
1104,391,1495,0.1388
1098,393,1491,0.1388
1107,394,1501,0.1388
1103,391,1494,0.1388
1093,389,1482,0.1388
1106,386,1492,0.1388
1098,389,1487,0.1388
1103,391,1494,0.1388
1088,383,1471,0.1388
1099,385,1484,0.1388
1103,382,1485,0.1388
1105,376,1481,0.1388
1101,377,1478,0.1388
1103,381,1484,0.1388
1106,379,1485,0.1388
1111,379,1490,0.1388
1124,387,1511,0.1388
1120,385,1505,0.1388
1119,384,1503,0.1388
1119,386,1505,0.1388
1129,384,1513,0.1388
1126,383,1509,0.1388
1115,380,1495,0.1388
1099,381,1480,0.1388
1104,377,1481,0.1388
1107,374,1481,0.1388
1118,372,1490,0.1388
1118,378,1496,0.1388
1105,380,1485,0.1388
1106,369,1475,0.1388
1111,375,1486,0.1388
1118,372,1490,0.1388
1124,365,1489,0.1388
1124,373,1497,0.1388
1121,371,1492,0.1388
1131,371,1502,0.1388
1130,371,1501,0.1388
1121,368,1489,0.1388
1113,378,1491,0.1388
1109,379,1488,0.1388
1115,381,1496,0.1388
1125,378,1503,0.1388
1127,390,1517,0.1388
1119,391,1510,0.1388
1118,388,1506,0.1388
1108,394,1502,0.1388
1110,390,1500,0.1388
1123,390,1513,0.1388
1124,393,1517,0.1388
1121,390,1511,0.1388
1116,389,1505,0.1388
1114,390,1504,0.1388
1120,393,1513,0.1388
1114,394,1508,0.1388
1118,396,1514,0.1388
1123,393,1516,0.1388
1120,392,1512,0.1388
1123,392,1515,0.1388
1115,394,1509,0.1388
1103,391,1494,0.1388
1107,393,1500,0.1388
1103,396,1499,0.1388
1109,395,1504,0.1388
1104,399,1503,0.1388
1112,396,1508,0.1388
1110,400,1510,0.1388
1110,395,1505,0.1388
1113,398,1511,0.1388
1109,407,1516,0.1388
1110,400,1510,0.1388
1110,408,1518,0.1388
1110,404,1514,0.1388
1109,406,1515,0.1388
1102,405,1507,0.1388
1096,403,1499,0.1388
1094,400,1494,0.1388
1082,400,1482,0.1388
1082,408,1490,0.1388
1074,410,1484,0.1388
1072,415,1487,0.1388
1074,415,1489,0.1388
1072,411,1483,0.1388
1082,409,1491,0.1388
1086,415,1501,0.1388
1091,414,1505,0.1388
1081,417,1498,0.1388
1085,428,1513,0.1388
1086,428,1514,0.1388
1082,432,1514,0.1388
1087,426,1513,0.1388
1086,428,1514,0.1388
1084,430,1514,0.1388
1091,422,1513,0.1388
1089,422,1511,0.1388
1081,425,1506,0.1388
1093,429,1522,0.1388
1084,419,1503,0.1388
1083,419,1502,0.1388
1096,422,1518,0.1388
1082,419,1501,0.1388
1078,423,1501,0.1388
1092,420,1512,0.1388
1091,425,1516,0.1388
1087,418,1505,0.1388
1088,421,1509,0.1388
1091,417,1508,0.1388
1079,413,1492,0.1388
1075,415,1490,0.1388
1080,425,1505,0.1388
1076,422,1498,0.1388
1077,423,1500,0.1388
1080,419,1499,0.1388
1075,421,1496,0.1388
1078,425,1503,0.1388
1070,425,1495,0.1388
1078,431,1509,0.1388
1085,423,1508,0.1388
1080,427,1507,0.1388
1072,428,1500,0.1388
1057,430,1487,0.1388
1051,424,1475,0.1388
1062,429,1491,0.1388
1068,426,1494,0.1388
1071,432,1503,0.1388
1065,428,1493,0.1388
1059,427,1486,0.1388
1052,434,1486,0.1388
1070,438,1508,0.1388
1063,436,1499,0.1388
1070,439,1509,0.1388
1064,442,1506,0.1388
1062,444,1506,0.1388
1072,443,1515,0.1388
1079,442,1521,0.1388
1089,442,1531,0.1388
1075,441,1516,0.1388
1057,447,1504,0.1388
1051,449,1500,0.1388
1038,449,1487,0.1388
1042,444,1486,0.1388
1038,451,1489,0.1388
1045,456,1501,0.1388
1032,454,1486,0.1388
1037,465,1502,0.1388
1043,472,1515,0.1388
1043,476,1519,0.1388
1046,465,1511,0.1388
1037,467,1504,0.1388
1041,469,1510,0.1388
1047,467,1514,0.1388
1049,469,1518,0.1388
1030,463,1493,0.1388
1028,460,1488,0.1388
1028,459,1487,0.1388
1032,470,1502,0.1388
1023,476,1499,0.1388
1034,482,1516,0.1388
1019,479,1498,0.1388
1017,481,1498,0.1388
1012,481,1493,0.1388
1019,484,1503,0.1388
1015,489,1504,0.1388
1007,489,1496,0.1388
1008,491,1499,0.1388
1009,493,1502,0.1388
1015,500,1515,0.1388
995,497,1492,0.1388
993,502,1495,0.1388
1015,505,1520,0.1388
1006,505,1511,0.1388
1008,509,1517,0.1388
1012,512,1524,0.1388
1007,505,1512,0.1388
998,509,1507,0.1388
996,515,1511,0.1388
1000,518,1518,0.1388
999,516,1515,0.1388
998,516,1514,0.1388
984,521,1505,0.1388
991,513,1504,0.1388
985,520,1505,0.1388
987,520,1507,0.1388
985,520,1505,0.1388
987,521,1508,0.1388
986,514,1500,0.1388
982,514,1496,0.1388
989,512,1501,0.1388
985,515,1500,0.1388
991,510,1501,0.1388
986,509,1495,0.1388
988,511,1499,0.1388
988,507,1495,0.1388
989,512,1501,0.1388
985,515,1500,0.1388
997,516,1513,0.1388
999,514,1513,0.1388
1011,515,1526,0.1388
1003,515,1518,0.1388
985,511,1496,0.1388
984,519,1503,0.1388
978,517,1495,0.1388
983,516,1499,0.1388
982,515,1497,0.1388
985,516,1501,0.1388
988,513,1501,0.1388
985,515,1500,0.1388
995,509,1504,0.1388
981,503,1484,0.1388
974,510,1484,0.1388
978,516,1494,0.1388
972,518,1490,0.1388
974,516,1490,0.1388
966,518,1484,0.1388
979,514,1493,0.1388
981,512,1493,0.1388
977,526,1503,0.1388
969,526,1495,0.1388
976,530,1506,0.1388
972,526,1498,0.1388
970,525,1495,0.1388
968,525,1493,0.1388
966,528,1494,0.1388
957,531,1488,0.1388
951,533,1484,0.1388
971,535,1506,0.1388
965,536,1501,0.1388
965,531,1496,0.1388
973,533,1506,0.1388
964,527,1491,0.1388
967,532,1499,0.1388
966,544,1510,0.1388
958,539,1497,0.1388
953,546,1499,0.1388
951,549,1500,0.1388
952,551,1503,0.1388
951,549,1500,0.1388
949,550,1499,0.1388
952,547,1499,0.1388
941,548,1489,0.1388
944,549,1493,0.1388
951,549,1500,0.1388
954,546,1500,0.1388
948,550,1498,0.1388
948,551,1499,0.1388
953,545,1498,0.1388
957,543,1500,0.1388
951,543,1494,0.1388
946,546,1492,0.1388
948,539,1487,0.1388
950,544,1494,0.1388
944,550,1494,0.1388
945,551,1496,0.1388
936,547,1483,0.1388
941,544,1485,0.1388
950,546,1496,0.1388
947,545,1492,0.1388
945,554,1499,0.1388
931,547,1478,0.1388
949,551,1500,0.1388
954,554,1508,0.1388
932,555,1487,0.1388
938,561,1499,0.1388
947,561,1508,0.1388
941,565,1506,0.1388
933,559,1492,0.1388
932,559,1491,0.1388
934,557,1491,0.1388
930,561,1491,0.1388
927,564,1491,0.1388
931,568,1499,0.1388
926,565,1491,0.1388
928,566,1494,0.1388
932,565,1497,0.1388
932,562,1494,0.1388
932,568,1500,0.1388
926,573,1499,0.1388
927,573,1500,0.1388
920,580,1500,0.1388
921,584,1505,0.1388
924,580,1504,0.1388
929,582,1511,0.1388
923,579,1502,0.1388
923,591,1514,0.1388
925,583,1508,0.1388
924,582,1506,0.1388
914,593,1507,0.1388
914,600,1514,0.1388
920,597,1517,0.1388
906,601,1507,0.1388
909,606,1515,0.1388
921,600,1521,0.1388
906,599,1505,0.1388
917,596,1513,0.1388
914,600,1514,0.1388
911,598,1509,0.1388
907,603,1510,0.1388
895,605,1500,0.1388
889,608,1497,0.1388
897,605,1502,0.1388
884,612,1496,0.1388
880,612,1492,0.1388
883,614,1497,0.1388
885,612,1497,0.1388
886,604,1490,0.1388
892,602,1494,0.1388
885,607,1492,0.1388
882,617,1499,0.1388
873,621,1494,0.1388
871,615,1486,0.1388
871,616,1487,0.1388
874,612,1486,0.1388
870,614,1484,0.1388
874,620,1494,0.1388
879,624,1503,0.1388
875,619,1494,0.1388
874,618,1492,0.1388
883,612,1495,0.1388
886,604,1490,0.1388
877,605,1482,0.1388
873,617,1490,0.1388
880,620,1500,0.1388
883,613,1496,0.1388
895,620,1515,0.1388
896,629,1525,0.1388
892,613,1505,0.1388
889,616,1505,0.1388
882,604,1486,0.1388
873,607,1480,0.1388
883,615,1498,0.1388
890,623,1513,0.1388
891,626,1517,0.1388
887,629,1516,0.1388
885,628,1513,0.1388
885,622,1507,0.1388
889,615,1504,0.1388
894,617,1511,0.1388
893,620,1513,0.1388
889,626,1515,0.1388
882,629,1511,0.1388
875,634,1509,0.1388
873,635,1508,0.1388
873,640,1513,0.1388
878,637,1515,0.1388
873,635,1508,0.1388
872,635,1507,0.1388
865,645,1510,0.1388
859,637,1496,0.1388
851,639,1490,0.1388
858,634,1492,0.1388
860,649,1509,0.1388
857,646,1503,0.1388
860,653,1513,0.1388
853,651,1504,0.1388
853,650,1503,0.1388
853,651,1504,0.1388
854,647,1501,0.1388
845,634,1479,0.1388
851,653,1504,0.1388
864,652,1516,0.1388
863,650,1513,0.1388
864,653,1517,0.1388
861,642,1503,0.1388
846,651,1497,0.1388
849,647,1496,0.1388
846,653,1499,0.1388
843,649,1492,0.1388
843,654,1497,0.1388
846,649,1495,0.1388
847,655,1502,0.1388
838,649,1487,0.1388
836,654,1490,0.1388
841,657,1498,0.1388
840,671,1511,0.1388
842,667,1509,0.1388
844,660,1504,0.1388
846,667,1513,0.1388
846,667,1513,0.1388
850,666,1516,0.1388
853,653,1506,0.1388
847,658,1505,0.1388
856,658,1514,0.1388
844,661,1505,0.1388
843,660,1503,0.1388
829,658,1487,0.1388
827,665,1492,0.1388
835,666,1501,0.1388
824,673,1497,0.1388
833,669,1502,0.1388
824,680,1504,0.1388
817,680,1497,0.1388
816,674,1490,0.1388
817,668,1485,0.1388
826,675,1501,0.1388
830,675,1505,0.1388
838,679,1517,0.1388
839,679,1518,0.1388
844,677,1521,0.1388
840,672,1512,0.1388
844,676,1520,0.1388
842,669,1511,0.1388
840,681,1521,0.1388
835,674,1509,0.1388
834,687,1521,0.1388
827,685,1512,0.1388
832,696,1528,0.1388
828,688,1516,0.1388
816,682,1498,0.1388
822,687,1509,0.1388
819,692,1511,0.1388
819,696,1515,0.1388
819,702,1521,0.1388
813,699,1512,0.1388
822,692,1514,0.1388
825,694,1519,0.1388
816,697,1513,0.1388
808,697,1505,0.1388
804,699,1503,0.1388
805,696,1501,0.1388
804,695,1499,0.1388
794,694,1488,0.1388
788,699,1487,0.1388
800,704,1504,0.1388
810,705,1515,0.1388
808,699,1507,0.1388
811,708,1519,0.1388
806,706,1512,0.1388
797,706,1503,0.1388
804,696,1500,0.1388
808,698,1506,0.1388
811,696,1507,0.1388
819,699,1518,0.1388
804,699,1503,0.1388
811,701,1512,0.1388
803,709,1512,0.1388
799,707,1506,0.1388
806,706,1512,0.1388
804,707,1511,0.1388
797,718,1515,0.1388
803,708,1511,0.1388
796,705,1501,0.1388
791,700,1491,0.1388
790,704,1494,0.1388
793,700,1493,0.1388
788,702,1490,0.1388
786,707,1493,0.1388
782,709,1491,0.1388
781,718,1499,0.1388
787,716,1503,0.1388
783,717,1500,0.1388
782,719,1501,0.1388
777,730,1507,0.1388
775,734,1509,0.1388
769,737,1506,0.1388
775,735,1510,0.1388
774,741,1515,0.1388
766,736,1502,0.1388
768,739,1507,0.1388
775,742,1517,0.1388
766,741,1507,0.1388
776,742,1518,0.1388
779,738,1517,0.1388
773,735,1508,0.1388
772,737,1509,0.1388
767,736,1503,0.1388
766,736,1502,0.1388
763,742,1505,0.1388
756,738,1494,0.1388
751,748,1499,0.1388
749,752,1501,0.1388
753,756,1509,0.1388
753,753,1506,0.1388
743,753,1496,0.1388
752,750,1502,0.1388
743,750,1493,0.1388
745,745,1490,0.1388
749,742,1491,0.1388
744,746,1490,0.1388
750,752,1502,0.1388
746,745,1491,0.1388
754,756,1510,0.1388
755,754,1509,0.1388
756,759,1515,0.1388
760,759,1519,0.1388
751,763,1514,0.1388
744,768,1512,0.1388
753,759,1512,0.1388
747,750,1497,0.1388
753,757,1510,0.1388
759,761,1520,0.1388
754,756,1510,0.1388
763,764,1527,0.1388
759,766,1525,0.1388
754,764,1518,0.1388
754,769,1523,0.1388
757,767,1524,0.1388
753,768,1521,0.1388
747,761,1508,0.1388
758,761,1519,0.1388
750,761,1511,0.1388
747,755,1502,0.1388
746,756,1502,0.1388
743,753,1496,0.1388
738,749,1487,0.1388
746,758,1504,0.1388
747,755,1502,0.1388
742,761,1503,0.1388
744,763,1507,0.1388
741,766,1507,0.1388
743,772,1515,0.1388
747,779,1526,0.1388
745,779,1524,0.1388
737,782,1519,0.1388
741,787,1528,0.1388
734,789,1523,0.1388
727,794,1521,0.1388
738,788,1526,0.1388
734,781,1515,0.1388
721,782,1503,0.1388
707,790,1497,0.1388
708,789,1497,0.1388
701,785,1486,0.1388
708,795,1503,0.1388
708,792,1500,0.1388
712,789,1501,0.1388
716,800,1516,0.1388
710,796,1506,0.1388
706,800,1506,0.1388
705,809,1514,0.1388
705,815,1520,0.1388
710,814,1524,0.1388
708,810,1518,0.1388
712,799,1511,0.1388
712,797,1509,0.1388
715,801,1516,0.1388
714,799,1513,0.1388
709,796,1505,0.1388
708,787,1495,0.1388
716,796,1512,0.1388
723,806,1529,0.1388
710,803,1513,0.1388
712,804,1516,0.1388
714,801,1515,0.1388
708,804,1512,0.1388
712,796,1508,0.1388
713,802,1515,0.1388
712,807,1519,0.1388
709,791,1500,0.1388
716,806,1522,0.1388
719,817,1536,0.1388
719,817,1536,0.1388
711,811,1522,0.1388
712,812,1524,0.1388
716,815,1531,0.1388
711,815,1526,0.1388
709,813,1522,0.1388
703,805,1508,0.1388
701,806,1507,0.1388
693,801,1494,0.1388
690,805,1495,0.1388
688,809,1497,0.1388
690,815,1505,0.1388
688,816,1504,0.1388
692,817,1509,0.1388
680,827,1507,0.1388
678,826,1504,0.1388
680,826,1506,0.1388
679,822,1501,0.1388
681,807,1488,0.1388
681,816,1497,0.1388
680,821,1501,0.1388
685,809,1494,0.1388
673,824,1497,0.1388
676,825,1501,0.1388
676,830,1506,0.1388
682,824,1506,0.1388
675,830,1505,0.1388
678,836,1514,0.1388
687,839,1526,0.1388
678,841,1519,0.1388
677,836,1513,0.1388
679,829,1508,0.1388
670,817,1487,0.1388
664,826,1490,0.1388
660,833,1493,0.1388
668,840,1508,0.1388
661,835,1496,0.1388
657,832,1489,0.1388
662,837,1499,0.1388
670,841,1511,0.1388
671,840,1511,0.1388
676,821,1497,0.1388
678,834,1512,0.1388
674,831,1505,0.1388
676,826,1502,0.1388
676,826,1502,0.1388
677,839,1516,0.1388
679,833,1512,0.1388
680,831,1511,0.1388
680,828,1508,0.1388
679,829,1508,0.1388
679,838,1517,0.1388
673,832,1505,0.1388
675,832,1507,0.1388
674,815,1489,0.1388
667,824,1491,0.1388
661,828,1489,0.1388
657,822,1479,0.1388
655,835,1490,0.1388
655,842,1497,0.1388
662,838,1500,0.1388
665,850,1515,0.1388
666,857,1523,0.1388
666,851,1517,0.1388
664,854,1518,0.1388
670,853,1523,0.1388
664,850,1514,0.1388
653,848,1501,0.1388
647,847,1494,0.1388
645,857,1502,0.1388
646,862,1508,0.1388
648,862,1510,0.1388
647,869,1516,0.1388
634,864,1498,0.1388
630,867,1497,0.1388
637,869,1506,0.1388
635,867,1502,0.1388
642,871,1513,0.1388
644,878,1522,0.1388
649,868,1517,0.1388
640,867,1507,0.1388
637,871,1508,0.1388
644,875,1519,0.1388
653,868,1521,0.1388
646,870,1516,0.1388
640,870,1510,0.1388
649,869,1518,0.1388
636,866,1502,0.1388
641,874,1515,0.1388
638,887,1525,0.1388
632,883,1515,0.1388
628,887,1515,0.1388
632,881,1513,0.1388
631,868,1499,0.1388
624,879,1503,0.1388
628,879,1507,0.1388
625,878,1503,0.1388
627,881,1508,0.1388
634,879,1513,0.1388
629,878,1507,0.1388
631,879,1510,0.1388
636,886,1522,0.1388
636,887,1523,0.1388
634,885,1519,0.1388
640,875,1515,0.1388
636,875,1511,0.1388
638,879,1517,0.1388
636,884,1520,0.1388
637,877,1514,0.1388
631,881,1512,0.1388
629,869,1498,0.1388
625,869,1494,0.1388
636,879,1515,0.1388
635,870,1505,0.1388
628,869,1497,0.1388
626,869,1495,0.1388
630,875,1505,0.1388
625,876,1501,0.1388
629,862,1491,0.1388
640,868,1508,0.1388
627,863,1490,0.1388
622,871,1493,0.1388
628,878,1506,0.1388
628,884,1512,0.1388
626,881,1507,0.1388
610,881,1491,0.1388
615,883,1498,0.1388
618,892,1510,0.1388
619,898,1517,0.1388
618,896,1514,0.1388
622,890,1512,0.1388
625,885,1510,0.1388
625,881,1506,0.1388
623,887,1510,0.1388
630,897,1527,0.1388
617,900,1517,0.1388
611,896,1507,0.1388
615,896,1511,0.1388
610,896,1506,0.1388
600,908,1508,0.1388
606,897,1503,0.1388
606,905,1511,0.1388
610,902,1512,0.1388
597,909,1506,0.1388
604,903,1507,0.1388
606,888,1494,0.1388
608,881,1489,0.1388
615,888,1503,0.1388
596,902,1498,0.1388
600,898,1498,0.1388
599,902,1501,0.1388
598,904,1502,0.1388
589,903,1492,0.1388
594,907,1501,0.1388
595,905,1500,0.1388
603,903,1506,0.1388
603,906,1509,0.1388
599,910,1509,0.1388
593,918,1511,0.1388
590,924,1514,0.1388
584,920,1504,0.1388
584,923,1507,0.1388
591,928,1519,0.1388
596,926,1522,0.1388
585,935,1520,0.1388
582,927,1509,0.1388
584,942,1526,0.1388
590,926,1516,0.1388
589,916,1505,0.1388
579,922,1501,0.1388
581,922,1503,0.1388
579,927,1506,0.1388
576,924,1500,0.1388
575,922,1497,0.1388
569,922,1491,0.1388
574,932,1506,0.1388
569,935,1504,0.1388
564,941,1505,0.1388
561,942,1503,0.1388
566,943,1509,0.1388
554,941,1495,0.1388
548,937,1485,0.1388
552,938,1490,0.1388
556,934,1490,0.1388
557,926,1483,0.1388
547,930,1477,0.1388
551,944,1495,0.1388
546,935,1481,0.1388
552,938,1490,0.1388
546,945,1491,0.1388
551,940,1491,0.1388
554,946,1500,0.1388
557,954,1511,0.1388
556,962,1518,0.1388
559,952,1511,0.1388
560,942,1502,0.1388
560,942,1502,0.1388
569,949,1518,0.1388
566,955,1521,0.1388
573,950,1523,0.1388
565,948,1513,0.1388
556,949,1505,0.1388
560,958,1518,0.1388
553,958,1511,0.1388
550,956,1506,0.1388
551,961,1512,0.1388
556,957,1513,0.1388
560,959,1519,0.1388
560,961,1521,0.1388
550,969,1519,0.1388
545,964,1509,0.1388
538,966,1504,0.1388
536,966,1502,0.1388
540,967,1507,0.1388
537,962,1499,0.1388
546,968,1514,0.1388
542,961,1503,0.1388
547,959,1506,0.1388
557,958,1515,0.1388
552,964,1516,0.1388
551,978,1529,0.1388
549,980,1529,0.1388
550,970,1520,0.1388
540,970,1510,0.1388
545,973,1518,0.1388
559,975,1534,0.1388
551,971,1522,0.1388
544,962,1506,0.1388
538,976,1514,0.1388
533,968,1501,0.1388
532,972,1504,0.1388
527,973,1500,0.1388
530,980,1510,0.1388
530,986,1516,0.1388
520,981,1501,0.1388
521,989,1510,0.1388
522,985,1507,0.1388
525,987,1512,0.1388
531,971,1502,0.1388
531,973,1504,0.1388
528,974,1502,0.1388
519,978,1497,0.1388
517,984,1501,0.1388
514,986,1500,0.1388
514,979,1493,0.1388
503,976,1479,0.1388
504,981,1485,0.1388
510,989,1499,0.1388
507,996,1503,0.1388
501,1003,1504,0.1388
498,1008,1506,0.1388
487,997,1484,0.1388
497,1008,1505,0.1388
484,1018,1502,0.1388
484,1009,1493,0.1388
483,1009,1492,0.1388
476,1020,1496,0.1388
477,1018,1495,0.1388
476,1020,1496,0.1388
472,1028,1500,0.1388
479,1024,1503,0.1388
483,1031,1514,0.1388
490,1028,1518,0.1388
484,1033,1517,0.1388
487,1040,1527,0.1388
480,1038,1518,0.1388
482,1036,1518,0.1388
476,1043,1519,0.1388
475,1039,1514,0.1388
481,1028,1509,0.1388
480,1026,1506,0.1388
483,1025,1508,0.1388
480,1026,1506,0.1388
474,1030,1504,0.1388
479,1024,1503,0.1388
473,1021,1494,0.1388
463,1026,1489,0.1388
461,1037,1498,0.1388
467,1046,1513,0.1388
467,1040,1507,0.1388
464,1037,1501,0.1388
461,1044,1505,0.1388
461,1035,1496,0.1388
467,1048,1515,0.1388
462,1034,1496,0.1388
466,1043,1509,0.1388
467,1048,1515,0.1388
459,1051,1510,0.1388
457,1046,1503,0.1388
461,1051,1512,0.1388
458,1055,1513,0.1388
457,1055,1512,0.1388
464,1051,1515,0.1388
463,1051,1514,0.1388
459,1049,1508,0.1388
454,1043,1497,0.1388
457,1051,1508,0.1388
457,1052,1509,0.1388
455,1049,1504,0.1388
458,1046,1504,0.1388
460,1049,1509,0.1388
454,1043,1497,0.1388
464,1050,1514,0.1388
472,1044,1516,0.1388
474,1042,1516,0.1388
473,1049,1522,0.1388
474,1043,1517,0.1388
472,1044,1516,0.1388
472,1049,1521,0.1388
467,1057,1524,0.1388
461,1044,1505,0.1388
454,1051,1505,0.1388
449,1060,1509,0.1388
451,1063,1514,0.1388
447,1059,1506,0.1388
459,1064,1523,0.1388
456,1054,1510,0.1388
452,1050,1502,0.1388
454,1041,1495,0.1388
451,1046,1497,0.1388
451,1059,1510,0.1388
451,1064,1515,0.1388
449,1055,1504,0.1388
448,1059,1507,0.1388
441,1057,1498,0.1388
445,1057,1502,0.1388
442,1058,1500,0.1388
442,1051,1493,0.1388
441,1060,1501,0.1388
443,1056,1499,0.1388
431,1045,1476,0.1388
432,1050,1482,0.1388
430,1068,1498,0.1388
431,1077,1508,0.1388
430,1077,1507,0.1388
427,1070,1497,0.1388
431,1075,1506,0.1388
428,1085,1513,0.1388
424,1089,1513,0.1388
431,1081,1512,0.1388
436,1094,1530,0.1388
435,1092,1527,0.1388
433,1086,1519,0.1388
441,1077,1518,0.1388
436,1094,1530,0.1388
433,1096,1529,0.1388
436,1095,1531,0.1388
437,1083,1520,0.1388
435,1077,1512,0.1388
432,1093,1525,0.1388
421,1100,1521,0.1388
426,1094,1520,0.1388
423,1102,1525,0.1388
417,1091,1508,0.1388
427,1085,1512,0.1388
423,1090,1513,0.1388
418,1094,1512,0.1388
422,1096,1518,0.1388
419,1095,1514,0.1388
415,1092,1507,0.1388
421,1086,1507,0.1388
419,1092,1511,0.1388
416,1087,1503,0.1388
411,1092,1503,0.1388
415,1093,1508,0.1388
414,1093,1507,0.1388
415,1103,1518,0.1388
412,1103,1515,0.1388
409,1098,1507,0.1388
403,1100,1503,0.1388
402,1096,1498,0.1388
391,1102,1493,0.1388
396,1106,1502,0.1388
396,1115,1511,0.1388
391,1101,1492,0.1388
398,1107,1505,0.1388
398,1111,1509,0.1388
391,1113,1504,0.1388
390,1114,1504,0.1388
381,1124,1505,0.1388
386,1137,1523,0.1388
389,1132,1521,0.1388
391,1129,1520,0.1388
389,1130,1519,0.1388
387,1124,1511,0.1388
388,1120,1508,0.1388
389,1117,1506,0.1388
391,1113,1504,0.1388
387,1120,1507,0.1388
389,1113,1502,0.1388
396,1120,1516,0.1388
392,1119,1511,0.1388
391,1112,1503,0.1388
389,1122,1511,0.1388
383,1114,1497,0.1388
382,1115,1497,0.1388
384,1124,1508,0.1388
389,1129,1518,0.1388
380,1135,1515,0.1388
381,1119,1500,0.1388
375,1129,1504,0.1388
376,1129,1505,0.1388
373,1134,1507,0.1388
374,1143,1517,0.1388
379,1131,1510,0.1388
377,1133,1510,0.1388
378,1129,1507,0.1388
380,1143,1523,0.1388
379,1127,1506,0.1388
372,1128,1500,0.1388
377,1127,1504,0.1388
370,1131,1501,0.1388
370,1148,1518,0.1388
371,1138,1509,0.1388
374,1132,1506,0.1388
374,1143,1517,0.1388
372,1148,1520,0.1388
369,1138,1507,0.1388
367,1140,1507,0.1388
364,1148,1512,0.1388
365,1149,1514,0.1388
363,1154,1517,0.1388
363,1155,1518,0.1388
361,1156,1517,0.1388
360,1156,1516,0.1388
359,1156,1515,0.1388
360,1144,1504,0.1388
362,1155,1517,0.1388
358,1159,1517,0.1388
353,1164,1517,0.1388
354,1157,1511,0.1388
360,1168,1528,0.1388
358,1154,1512,0.1388
360,1152,1512,0.1388
360,1157,1517,0.1388
358,1145,1503,0.1388
356,1145,1501,0.1388
350,1153,1503,0.1388
342,1168,1510,0.1388
339,1167,1506,0.1388
343,1175,1518,0.1388
343,1176,1519,0.1388
338,1166,1504,0.1388
345,1170,1515,0.1388
345,1172,1517,0.1388
343,1172,1515,0.1388
337,1183,1520,0.1388
333,1183,1516,0.1388
332,1176,1508,0.1388
335,1178,1513,0.1388
336,1179,1515,0.1388
334,1185,1519,0.1388
330,1185,1515,0.1388
332,1193,1525,0.1388
331,1199,1530,0.1388
333,1192,1525,0.1388
330,1191,1521,0.1388
329,1186,1515,0.1388
328,1191,1519,0.1388
325,1185,1510,0.1388
322,1178,1500,0.1388
321,1187,1508,0.1388
317,1188,1505,0.1388
314,1194,1508,0.1388
316,1205,1521,0.1388
313,1213,1526,0.1388
302,1213,1515,0.1388
308,1201,1509,0.1388
306,1209,1515,0.1388
305,1208,1513,0.1388
304,1216,1520,0.1388
301,1215,1516,0.1388
298,1225,1523,0.1388
299,1228,1527,0.1388
301,1231,1532,0.1388
302,1232,1534,0.1388
302,1226,1528,0.1388
296,1229,1525,0.1388
295,1215,1510,0.1388
300,1212,1512,0.1388
294,1221,1515,0.1388
295,1213,1508,0.1388
292,1228,1520,0.1388
286,1223,1509,0.1388
290,1228,1518,0.1388
288,1225,1513,0.1388
291,1220,1511,0.1388
297,1222,1519,0.1388
294,1221,1515,0.1388
293,1217,1510,0.1388
292,1217,1509,0.1388
291,1220,1511,0.1388
291,1215,1506,0.1388
291,1217,1508,0.1388
292,1207,1499,0.1388
293,1206,1499,0.1388
293,1205,1498,0.1388
296,1209,1505,0.1388
301,1219,1520,0.1388
298,1219,1517,0.1388
294,1212,1506,0.1388
299,1207,1506,0.1388
299,1213,1512,0.1388
294,1213,1507,0.1388
289,1208,1497,0.1388
292,1214,1506,0.1388
284,1220,1504,0.1388
286,1223,1509,0.1388
283,1221,1504,0.1388
284,1223,1507,0.1388
284,1232,1516,0.1388
282,1232,1514,0.1388
282,1234,1516,0.1388
282,1227,1509,0.1388
282,1229,1511,0.1388
279,1229,1508,0.1388
275,1227,1502,0.1388
272,1221,1493,0.1388
266,1237,1503,0.1388
268,1251,1519,0.1388
267,1246,1513,0.1388
265,1235,1500,0.1388
260,1246,1506,0.1388
267,1234,1501,0.1388
270,1229,1499,0.1388
268,1248,1516,0.1388
262,1261,1523,0.1388
260,1262,1522,0.1388
260,1265,1525,0.1388
259,1258,1517,0.1388
262,1265,1527,0.1388
258,1254,1512,0.1388
252,1263,1515,0.1388
253,1260,1513,0.1388
255,1254,1509,0.1388
254,1263,1517,0.1388
256,1257,1513,0.1388
258,1251,1509,0.1388
257,1258,1515,0.1388
256,1259,1515,0.1388
251,1257,1508,0.1388
246,1266,1512,0.1388
243,1271,1514,0.1388
249,1272,1521,0.1388
246,1274,1520,0.1388
252,1263,1515,0.1388
248,1266,1514,0.1388
246,1266,1512,0.1388
248,1271,1519,0.1388
251,1265,1516,0.1388
254,1265,1519,0.1388
251,1261,1512,0.1388
248,1269,1517,0.1388
247,1259,1506,0.1388
241,1266,1507,0.1388
239,1270,1509,0.1388
234,1287,1521,0.1388
234,1291,1525,0.1388
234,1293,1527,0.1388
230,1296,1526,0.1388
232,1290,1522,0.1388
228,1289,1517,0.1388
229,1275,1504,0.1388
228,1280,1508,0.1388
228,1286,1514,0.1388
233,1278,1511,0.1388
234,1287,1521,0.1388
230,1291,1521,0.1388
229,1276,1505,0.1388
225,1285,1510,0.1388
221,1282,1503,0.1388
221,1293,1514,0.1388
218,1293,1511,0.1388
211,1307,1518,0.1388
215,1308,1523,0.1388
212,1307,1519,0.1388
223,1305,1528,0.1388
221,1294,1515,0.1388
221,1284,1505,0.1388
215,1288,1503,0.1388
211,1288,1499,0.1388
211,1299,1510,0.1388
212,1309,1521,0.1388
208,1305,1513,0.1388
205,1307,1512,0.1388
197,1312,1509,0.1388
204,1309,1513,0.1388
202,1304,1506,0.1388
205,1301,1506,0.1388
212,1299,1511,0.1388
212,1295,1507,0.1388
215,1295,1510,0.1388
215,1303,1518,0.1388
209,1302,1511,0.1388
205,1310,1515,0.1388
208,1303,1511,0.1388
213,1294,1507,0.1388
206,1291,1497,0.1388
210,1300,1510,0.1388
208,1305,1513,0.1388
210,1319,1529,0.1388
208,1312,1520,0.1388
214,1313,1527,0.1388
211,1307,1518,0.1388
212,1312,1524,0.1388
208,1309,1517,0.1388
205,1321,1526,0.1388
200,1310,1510,0.1388
201,1319,1520,0.1388
200,1323,1523,0.1388
203,1317,1520,0.1388
203,1311,1514,0.1388
200,1312,1512,0.1388
200,1310,1510,0.1388
200,1312,1512,0.1388
198,1311,1509,0.1388
199,1312,1511,0.1388
200,1317,1517,0.1388
194,1324,1518,0.1388
194,1332,1526,0.1388
198,1327,1525,0.1388
195,1326,1521,0.1388
197,1316,1513,0.1388
197,1317,1514,0.1388
201,1319,1520,0.1388
199,1323,1522,0.1388
197,1328,1525,0.1388
195,1323,1518,0.1388
195,1312,1507,0.1388
190,1313,1503,0.1388
189,1319,1508,0.1388
190,1318,1508,0.1388
190,1307,1497,0.1388
193,1321,1514,0.1388
190,1322,1512,0.1388
192,1336,1528,0.1388
189,1335,1524,0.1388
185,1325,1510,0.1388
192,1321,1513,0.1388
193,1327,1520,0.1388
194,1328,1522,0.1388
198,1335,1533,0.1388
194,1328,1522,0.1388
194,1334,1528,0.1388
195,1332,1527,0.1388
198,1322,1520,0.1388
198,1310,1508,0.1388
197,1319,1516,0.1388
199,1313,1512,0.1388
197,1309,1506,0.1388
196,1321,1517,0.1388
194,1320,1514,0.1388
196,1315,1511,0.1388
196,1315,1511,0.1388
193,1302,1495,0.1388
193,1305,1498,0.1388
193,1306,1499,0.1388
188,1315,1503,0.1388
190,1325,1515,0.1388
193,1321,1514,0.1388
192,1319,1511,0.1388
193,1317,1510,0.1388
190,1324,1514,0.1388
187,1328,1515,0.1388
184,1333,1517,0.1388
183,1328,1511,0.1388
184,1319,1503,0.1388
184,1326,1510,0.1388
182,1323,1505,0.1388
183,1329,1512,0.1388
181,1341,1522,0.1388
179,1335,1514,0.1388
182,1336,1518,0.1388
181,1334,1515,0.1388
180,1339,1519,0.1388
180,1339,1519,0.1388
182,1339,1521,0.1388
179,1346,1525,0.1388
175,1349,1524,0.1388
171,1354,1525,0.1388
167,1354,1521,0.1388
164,1362,1526,0.1388
161,1360,1521,0.1388
159,1353,1512,0.1388
158,1350,1508,0.1388
157,1349,1506,0.1388
156,1343,1499,0.1388
149,1360,1509,0.1388
152,1361,1513,0.1388
151,1362,1513,0.1388
151,1365,1516,0.1388
153,1361,1514,0.1388
154,1358,1512,0.1388
154,1366,1520,0.1388
153,1368,1521,0.1388
154,1372,1526,0.1388
153,1365,1518,0.1388
152,1366,1518,0.1388
154,1349,1503,0.1388
153,1361,1514,0.1388
151,1370,1521,0.1388
147,1363,1510,0.1388
147,1372,1519,0.1388
151,1376,1527,0.1388
150,1362,1512,0.1388
153,1366,1519,0.1388
148,1380,1528,0.1388
145,1376,1521,0.1388
143,1375,1518,0.1388
144,1382,1526,0.1388
143,1368,1511,0.1388
143,1375,1518,0.1388
144,1377,1521,0.1388
145,1369,1514,0.1388
148,1364,1512,0.1388
146,1354,1500,0.1388
144,1368,1512,0.1388
142,1345,1487,0.1388
145,1351,1496,0.1388
142,1377,1519,0.1388
139,1390,1529,0.1388
138,1375,1513,0.1388
138,1383,1521,0.1388
138,1378,1516,0.1388
135,1390,1525,0.1388
136,1379,1515,0.1388
134,1370,1504,0.1388
134,1383,1517,0.1388
135,1389,1524,0.1388
137,1374,1511,0.1388
133,1374,1507,0.1388
134,1387,1521,0.1388
131,1374,1505,0.1388
130,1380,1510,0.1388
130,1376,1506,0.1388
131,1380,1511,0.1388
135,1386,1521,0.1388
137,1384,1521,0.1388
135,1379,1514,0.1388
138,1376,1514,0.1388
137,1377,1514,0.1388
136,1385,1521,0.1388
134,1386,1520,0.1388
131,1385,1516,0.1388
129,1383,1512,0.1388
129,1385,1514,0.1388
126,1395,1521,0.1388
123,1399,1522,0.1388
124,1393,1517,0.1388
127,1394,1521,0.1388
125,1397,1522,0.1388
126,1390,1516,0.1388
124,1395,1519,0.1388
123,1389,1512,0.1388
125,1399,1524,0.1388
123,1394,1517,0.1388
122,1397,1519,0.1388
121,1400,1521,0.1388
117,1395,1512,0.1388
120,1393,1513,0.1388
115,1404,1519,0.1388
110,1402,1512,0.1388
109,1402,1511,0.1388
110,1399,1509,0.1388
111,1397,1508,0.1388
111,1411,1522,0.1388
106,1410,1516,0.1388
103,1402,1505,0.1388
107,1411,1518,0.1388
105,1400,1505,0.1388
104,1402,1506,0.1388
103,1425,1528,0.1388
100,1428,1528,0.1388
100,1415,1515,0.1388
99,1414,1513,0.1388
99,1401,1500,0.1388
100,1400,1500,0.1388
98,1411,1509,0.1388
97,1414,1511,0.1388
99,1419,1518,0.1388
98,1414,1512,0.1388
96,1417,1513,0.1388
96,1417,1513,0.1388
95,1413,1508,0.1388
95,1419,1514,0.1388
96,1432,1528,0.1388
95,1434,1529,0.1388
96,1431,1527,0.1388
96,1432,1528,0.1388
91,1430,1521,0.1388
92,1420,1512,0.1388
93,1410,1503,0.1388
95,1415,1510,0.1388
91,1423,1514,0.1388
92,1415,1507,0.1388
95,1417,1512,0.1388
94,1412,1506,0.1388
95,1411,1506,0.1388
93,1410,1503,0.1388
95,1412,1507,0.1388
87,1411,1498,0.1388
87,1424,1511,0.1388
85,1418,1503,0.1388
86,1419,1505,0.1388
89,1416,1505,0.1388
90,1432,1522,0.1388
91,1432,1523,0.1388
90,1424,1514,0.1388
89,1440,1529,0.1388
91,1428,1519,0.1388
91,1419,1510,0.1388
92,1413,1505,0.1388
92,1413,1505,0.1388
95,1412,1507,0.1388
95,1398,1493,0.1388
94,1408,1502,0.1388
92,1420,1512,0.1388
91,1432,1523,0.1388
90,1421,1511,0.1388
91,1423,1514,0.1388
90,1418,1508,0.1388
90,1429,1519,0.1388
94,1431,1525,0.1388
89,1429,1518,0.1388
89,1434,1523,0.1388
88,1431,1519,0.1388
88,1435,1523,0.1388
92,1427,1519,0.1388
90,1427,1517,0.1388
89,1415,1504,0.1388
90,1432,1522,0.1388
87,1433,1520,0.1388
86,1430,1516,0.1388
87,1434,1521,0.1388
85,1440,1525,0.1388
80,1442,1522,0.1388
75,1451,1526,0.1388
74,1440,1514,0.1388
75,1446,1521,0.1388
76,1440,1516,0.1388
75,1449,1524,0.1388
75,1460,1535,0.1388
75,1441,1516,0.1388
77,1430,1507,0.1388
76,1433,1509,0.1388
77,1433,1510,0.1388
76,1436,1512,0.1388
75,1437,1512,0.1388
76,1441,1517,0.1388
77,1434,1511,0.1388
81,1429,1510,0.1388
84,1439,1523,0.1388
87,1433,1520,0.1388
84,1428,1512,0.1388
81,1427,1508,0.1388
77,1442,1519,0.1388
78,1438,1516,0.1388
81,1436,1517,0.1388
81,1437,1518,0.1388
79,1431,1510,0.1388
75,1449,1524,0.1388
76,1432,1508,0.1388
77,1428,1505,0.1388
74,1424,1498,0.1388
76,1435,1511,0.1388
74,1442,1516,0.1388
73,1450,1523,0.1388
73,1439,1512,0.1388
76,1449,1525,0.1388
80,1457,1537,0.1388
79,1453,1532,0.1388
78,1446,1524,0.1388
75,1443,1518,0.1388
77,1440,1517,0.1388
75,1441,1516,0.1388
72,1453,1525,0.1388
72,1447,1519,0.1388
72,1445,1517,0.1388
71,1438,1509,0.1388
71,1420,1491,0.1388
70,1431,1501,0.1388
71,1427,1498,0.1388
70,1431,1501,0.1388
69,1431,1500,0.1388
69,1452,1521,0.1388
65,1450,1515,0.1388
66,1453,1519,0.1388
62,1448,1510,0.1388
65,1449,1514,0.1388
64,1464,1528,0.1388
63,1459,1522,0.1388
62,1463,1525,0.1388
59,1456,1515,0.1388
61,1459,1520,0.1388
61,1464,1525,0.1388
60,1457,1517,0.1388
60,1458,1518,0.1388
61,1465,1526,0.1388
60,1454,1514,0.1388
61,1460,1521,0.1388
57,1468,1525,0.1388
54,1465,1519,0.1388
55,1459,1514,0.1388
55,1456,1511,0.1388
56,1464,1520,0.1388
54,1462,1516,0.1388
56,1470,1526,0.1388
57,1470,1527,0.1388
56,1455,1511,0.1388
53,1449,1502,0.1388
51,1459,1510,0.1388
51,1460,1511,0.1388
51,1462,1513,0.1388
51,1466,1517,0.1388
52,1462,1514,0.1388
49,1467,1516,0.1388
46,1451,1497,0.1388
46,1447,1493,0.1388
44,1461,1505,0.1388
44,1456,1500,0.1388
44,1469,1513,0.1388
45,1466,1511,0.1388
43,1474,1517,0.1388
43,1472,1515,0.1388
43,1464,1507,0.1388
43,1472,1515,0.1388
41,1479,1520,0.1388
40,1478,1518,0.1388
37,1479,1516,0.1388
35,1469,1504,0.1388
35,1472,1507,0.1388
34,1473,1507,0.1388
35,1486,1521,0.1388
34,1489,1523,0.1388
35,1475,1510,0.1388
35,1481,1516,0.1388
34,1489,1523,0.1388
34,1483,1517,0.1388
33,1483,1516,0.1388
33,1485,1518,0.1388
33,1488,1521,0.1388
33,1472,1505,0.1388
33,1480,1513,0.1388
34,1471,1505,0.1388
34,1481,1515,0.1388
34,1489,1523,0.1388
34,1483,1517,0.1388
32,1478,1510,0.1388
30,1481,1511,0.1388
30,1486,1516,0.1388
30,1482,1512,0.1388
32,1477,1509,0.1388
29,1487,1516,0.1388
29,1474,1503,0.1388
30,1467,1497,0.1388
32,1467,1499,0.1388
31,1474,1505,0.1388
32,1469,1501,0.1388
32,1470,1502,0.1388
33,1467,1500,0.1388
34,1481,1515,0.1388
33,1484,1517,0.1388
33,1472,1505,0.1388
33,1466,1499,0.1388
33,1466,1499,0.1388
33,1467,1500,0.1388
34,1478,1512,0.1388
33,1483,1516,0.1388
32,1487,1519,0.1388
32,1495,1527,0.1388
32,1491,1523,0.1388
31,1482,1513,0.1388
29,1490,1519,0.1388
30,1501,1531,0.1388
30,1490,1520,0.1388
30,1485,1515,0.1388
29,1495,1524,0.1388
30,1503,1533,0.1388
31,1495,1526,0.1388
30,1489,1519,0.1388
29,1493,1522,0.1388
29,1498,1527,0.1388
28,1503,1531,0.1388
28,1509,1537,0.1388
28,1499,1527,0.1388
28,1501,1529,0.1388
28,1487,1515,0.1388
29,1498,1527,0.1388
28,1478,1506,0.1388
28,1482,1510,0.1388
29,1487,1516,0.1388
29,1491,1520,0.1388
27,1488,1515,0.1388
27,1482,1509,0.1388
27,1486,1513,0.1388
25,1507,1532,0.1388
26,1504,1530,0.1388
28,1497,1525,0.1388
27,1486,1513,0.1388
26,1490,1516,0.1388
29,1501,1530,0.1388
27,1491,1518,0.1388
27,1489,1516,0.1388
28,1494,1522,0.1388
28,1498,1526,0.1388
29,1499,1528,0.1388
29,1482,1511,0.1388
29,1477,1506,0.1388
29,1474,1503,0.1388
30,1478,1508,0.1388
30,1482,1512,0.1388
29,1492,1521,0.1388
29,1499,1528,0.1388
29,1498,1527,0.1388
29,1501,1530,0.1388
28,1498,1526,0.1388
27,1496,1523,0.1388
28,1488,1516,0.1388
27,1489,1516,0.1388
28,1489,1517,0.1388
27,1495,1522,0.1388
26,1489,1515,0.1388
25,1497,1522,0.1388
24,1490,1514,0.1388
23,1488,1511,0.1388
22,1483,1505,0.1388
22,1493,1515,0.1388
21,1481,1502,0.1388
22,1491,1513,0.1388
22,1474,1496,0.1388
23,1481,1504,0.1388
23,1495,1518,0.1388
21,1485,1506,0.1388
20,1479,1499,0.1388
20,1490,1510,0.1388
21,1490,1511,0.1388
20,1498,1518,0.1388
20,1487,1507,0.1388
19,1495,1514,0.1388
20,1506,1526,0.1388
18,1508,1526,0.1388
18,1504,1522,0.1388
18,1495,1513,0.1388
18,1494,1512,0.1388
18,1499,1517,0.1388
18,1502,1520,0.1388
18,1508,1526,0.1388
20,1498,1518,0.1388
19,1496,1515,0.1388
18,1497,1515,0.1388
18,1493,1511,0.1388
18,1492,1510,0.1388
18,1493,1511,0.1388
19,1507,1526,0.1388
19,1500,1519,0.1388
20,1496,1516,0.1388
20,1502,1522,0.1388
19,1494,1513,0.1388
21,1510,1531,0.1388
21,1494,1515,0.1388
21,1500,1521,0.1388
21,1499,1520,0.1388
20,1503,1523,0.1388
20,1505,1525,0.1388
20,1506,1526,0.1388
21,1505,1526,0.1388
21,1492,1513,0.1388
21,1512,1533,0.1388
21,1509,1530,0.1388
20,1503,1523,0.1388
20,1508,1528,0.1388
20,1503,1523,0.1388
17,1491,1508,0.1388
18,1489,1507,0.1388
18,1493,1511,0.1388
17,1485,1502,0.1388
19,1489,1508,0.1388
18,1480,1498,0.1388
18,1498,1516,0.1388
18,1473,1491,0.1388
17,1486,1503,0.1388
17,1488,1505,0.1388
18,1504,1522,0.1388
18,1501,1519,0.1388
20,1503,1523,0.1388
20,1503,1523,0.1388
19,1493,1512,0.1388
18,1499,1517,0.1388
18,1516,1534,0.1388
18,1516,1534,0.1388
19,1506,1525,0.1388
18,1502,1520,0.1388
18,1484,1502,0.1388
18,1490,1508,0.1388
18,1499,1517,0.1388
18,1487,1505,0.1388
19,1496,1515,0.1388
19,1489,1508,0.1388
18,1496,1514,0.1388
18,1512,1530,0.1388
18,1507,1525,0.1388
18,1504,1522,0.1388
19,1504,1523,0.1388
18,1502,1520,0.1388
18,1514,1532,0.1388
18,1510,1528,0.1388
19,1507,1526,0.1388
18,1506,1524,0.1388
19,1501,1520,0.1388
19,1486,1505,0.1388
19,1484,1503,0.1388
19,1477,1496,0.1388
19,1487,1506,0.1388
19,1489,1508,0.1388
19,1496,1515,0.1388
20,1497,1517,0.1388
20,1505,1525,0.1388
20,1510,1530,0.1388
18,1498,1516,0.1388
18,1501,1519,0.1388
19,1494,1513,0.1388
19,1498,1517,0.1388
18,1511,1529,0.1388
16,1519,1535,0.1388
17,1500,1517,0.1388
19,1497,1516,0.1388
19,1491,1510,0.1388
19,1496,1515,0.1388
19,1505,1524,0.1388
19,1511,1530,0.1388
18,1509,1527,0.1388
18,1512,1530,0.1388
17,1489,1506,0.1388
18,1494,1512,0.1388
18,1490,1508,0.1388
18,1487,1505,0.1388
17,1496,1513,0.1388
15,1489,1504,0.1388
14,1485,1499,0.1388
14,1494,1508,0.1388
14,1495,1509,0.1388
14,1486,1500,0.1388
14,1500,1514,0.1388
14,1509,1523,0.1388
14,1506,1520,0.1388
14,1506,1520,0.1388
13,1511,1524,0.1388
13,1502,1515,0.1388
13,1503,1516,0.1388
13,1493,1506,0.1388
13,1494,1507,0.1388
12,1507,1519,0.1388
13,1509,1522,0.1388
13,1513,1526,0.1388
13,1506,1519,0.1388
13,1514,1527,0.1388
13,1506,1519,0.1388
14,1520,1534,0.1388
13,1523,1536,0.1388
13,1505,1518,0.1388
13,1495,1508,0.1388
13,1506,1519,0.1388
13,1514,1527,0.1388
13,1517,1530,0.1388
11,1510,1521,0.1388
12,1513,1525,0.1388
13,1508,1521,0.1388
13,1521,1534,0.1388
13,1519,1532,0.1388
12,1520,1532,0.1388
11,1520,1531,0.1388
11,1524,1535,0.1388
11,1512,1523,0.1388
11,1508,1519,0.1388
10,1507,1517,0.1388
11,1514,1525,0.1388
10,1518,1528,0.1388
10,1517,1527,0.1388
10,1503,1513,0.1388
10,1509,1519,0.1388
11,1499,1510,0.1388
11,1502,1513,0.1388
11,1504,1515,0.1388
9,1494,1503,0.1388
9,1502,1511,0.1388
9,1486,1495,0.1388
10,1498,1508,0.1388
9,1497,1506,0.1388
9,1502,1511,0.1388
9,1514,1523,0.1388
9,1510,1519,0.1388
9,1495,1504,0.1388
8,1510,1518,0.1388
10,1513,1523,0.1388
10,1525,1535,0.1388
10,1517,1527,0.1388
9,1503,1512,0.1388
9,1499,1508,0.1388
9,1495,1504,0.1388
9,1511,1520,0.1388
8,1505,1513,0.1388
9,1512,1521,0.1388
9,1493,1502,0.1388
10,1490,1500,0.1388
10,1504,1514,0.1388
10,1516,1526,0.1388
10,1522,1532,0.1388
10,1515,1525,0.1388
11,1512,1523,0.1388
11,1511,1522,0.1388
12,1502,1514,0.1388
12,1490,1502,0.1388
12,1491,1503,0.1388
13,1519,1532,0.1388
12,1512,1524,0.1388
11,1521,1532,0.1388
11,1523,1534,0.1388
11,1529,1540,0.1388
11,1523,1534,0.1388
11,1522,1533,0.1388
12,1513,1525,0.1388
13,1510,1523,0.1388
13,1503,1516,0.1388
12,1507,1519,0.1388
12,1515,1527,0.1388
12,1510,1522,0.1388
12,1503,1515,0.1388
12,1488,1500,0.1388
12,1495,1507,0.1388
12,1500,1512,0.1388
13,1500,1513,0.1388
13,1493,1506,0.1388
14,1499,1513,0.1388
15,1502,1517,0.1388
15,1502,1517,0.1388
14,1505,1519,0.1388
15,1513,1528,0.1388
16,1511,1527,0.1388
16,1507,1523,0.1388
16,1497,1513,0.1388
15,1493,1508,0.1388
15,1494,1509,0.1388
15,1499,1514,0.1388
15,1491,1506,0.1388
15,1493,1508,0.1388
16,1504,1520,0.1388
16,1512,1528,0.1388
15,1506,1521,0.1388
15,1506,1521,0.1388
15,1507,1522,0.1388
14,1510,1524,0.1388
14,1505,1519,0.1388
14,1506,1520,0.1388
14,1506,1520,0.1388
15,1502,1517,0.1388
14,1499,1513,0.1388
15,1505,1520,0.1388
15,1498,1513,0.1388
15,1501,1516,0.1388
14,1504,1518,0.1388
14,1500,1514,0.1388
13,1507,1520,0.1388
14,1507,1521,0.1388
13,1505,1518,0.1388
13,1511,1524,0.1388
13,1501,1514,0.1388
13,1521,1534,0.1388
13,1514,1527,0.1388
13,1513,1526,0.1388
12,1532,1544,0.1388
13,1532,1545,0.1388
11,1523,1534,0.1388
10,1524,1534,0.1388
10,1517,1527,0.1388
10,1500,1510,0.1388
9,1511,1520,0.1388
7,1513,1520,0.1388
7,1517,1524,0.1388
7,1515,1522,0.1388
7,1493,1500,0.1388
7,1491,1498,0.1388
7,1492,1499,0.1388
8,1501,1509,0.1388
8,1505,1513,0.1388
8,1495,1503,0.1388
9,1498,1507,0.1388
9,1499,1508,0.1388
9,1492,1501,0.1388
9,1490,1499,0.1388
9,1503,1512,0.1388
10,1501,1511,0.1388
10,1506,1516,0.1388
9,1516,1525,0.1388
9,1516,1525,0.1388
9,1506,1515,0.1388
9,1510,1519,0.1388
9,1505,1514,0.1388
9,1506,1515,0.1388
9,1507,1516,0.1388
9,1504,1513,0.1388
9,1507,1516,0.1388
9,1501,1510,0.1388
8,1500,1508,0.1388
8,1489,1497,0.1388
9,1500,1509,0.1388
9,1494,1503,0.1388
9,1496,1505,0.1388
12,1497,1509,0.1388
11,1503,1514,0.1388
12,1499,1511,0.1388
11,1514,1525,0.1388
11,1506,1517,0.1388
11,1501,1512,0.1388
11,1511,1522,0.1388
10,1522,1532,0.1388
10,1523,1533,0.1388
9,1510,1519,0.1388
8,1506,1514,0.1388
8,1496,1504,0.1388
8,1509,1517,0.1388
8,1516,1524,0.1388
8,1512,1520,0.1388
8,1507,1515,0.1388
9,1512,1521,0.1388
9,1495,1504,0.1388
10,1495,1505,0.1388
10,1503,1513,0.1388
10,1499,1509,0.1388
10,1503,1513,0.1388
10,1507,1517,0.1388
10,1513,1523,0.1388
10,1516,1526,0.1388
10,1500,1510,0.1388
12,1513,1525,0.1388
13,1504,1517,0.1388
13,1509,1522,0.1388
13,1502,1515,0.1388
13,1490,1503,0.1388
13,1484,1497,0.1388
13,1502,1515,0.1388
16,1490,1506,0.1388
16,1498,1514,0.1388
16,1506,1522,0.1388
16,1502,1518,0.1388
16,1500,1516,0.1388
16,1500,1516,0.1388
16,1492,1508,0.1388
16,1483,1499,0.1388
17,1478,1495,0.1388
16,1483,1499,0.1388
17,1496,1513,0.1388
16,1511,1527,0.1388
15,1509,1524,0.1388
13,1494,1507,0.1388
14,1499,1513,0.1388
15,1495,1510,0.1388
14,1509,1523,0.1388
15,1498,1513,0.1388
15,1503,1518,0.1388
13,1509,1522,0.1388
13,1500,1513,0.1388
14,1498,1512,0.1388
14,1506,1520,0.1388
14,1495,1509,0.1388
14,1497,1511,0.1388
15,1486,1501,0.1388
17,1502,1519,0.1388
15,1508,1523,0.1388
14,1496,1510,0.1388
13,1499,1512,0.1388
12,1496,1508,0.1388
13,1499,1512,0.1388
12,1494,1506,0.1388
12,1497,1509,0.1388
11,1502,1513,0.1388
10,1499,1509,0.1388
10,1501,1511,0.1388
10,1502,1512,0.1388
12,1503,1515,0.1388
10,1506,1516,0.1388
11,1504,1515,0.1388
11,1498,1509,0.1388
8,1505,1513,0.1388
8,1503,1511,0.1388
8,1509,1517,0.1388
8,1498,1506,0.1388
7,1510,1517,0.1388
7,1506,1513,0.1388
7,1504,1511,0.1388
7,1502,1509,0.1388
7,1500,1507,0.1388
7,1507,1514,0.1388
7,1497,1504,0.1388
7,1502,1509,0.1388
8,1496,1504,0.1388
8,1496,1504,0.1388
8,1502,1510,0.1388
8,1499,1507,0.1388
8,1505,1513,0.1388
8,1498,1506,0.1388
8,1501,1509,0.1388
7,1499,1506,0.1388
6,1504,1510,0.1388
6,1514,1520,0.1388
7,1520,1527,0.1388
7,1515,1522,0.1388
7,1506,1513,0.1388
7,1513,1520,0.1388
7,1513,1520,0.1388
6,1516,1522,0.1388
6,1516,1522,0.1388
6,1511,1517,0.1388
6,1500,1506,0.1388
6,1503,1509,0.1388
6,1503,1509,0.1388
6,1503,1509,0.1388
6,1505,1511,0.1388
6,1505,1511,0.1388
6,1507,1513,0.1388
6,1500,1506,0.1388
6,1503,1509,0.1388
6,1513,1519,0.1388
6,1522,1528,0.1388
7,1520,1527,0.1388
7,1519,1526,0.1388
7,1518,1525,0.1388
7,1507,1514,0.1388
6,1511,1517,0.1388
7,1502,1509,0.1388
7,1500,1507,0.1388
7,1516,1523,0.1388
7,1518,1525,0.1388
6,1518,1524,0.1388
6,1507,1513,0.1388
6,1507,1513,0.1388
6,1512,1518,0.1388
6,1520,1526,0.1388
6,1504,1510,0.1388
6,1492,1498,0.1388
6,1500,1506,0.1388
6,1502,1508,0.1388
6,1499,1505,0.1388
6,1508,1514,0.1388
6,1508,1514,0.1388
6,1498,1504,0.1388
6,1522,1528,0.1388
6,1519,1525,0.1388
6,1523,1529,0.1388
6,1521,1527,0.1388
6,1508,1514,0.1388
6,1507,1513,0.1388
6,1503,1509,0.1388
6,1510,1516,0.1388
6,1507,1513,0.1388
6,1507,1513,0.1388
6,1519,1525,0.1388
5,1516,1521,0.1388
5,1512,1517,0.1388
4,1517,1521,0.1388
4,1506,1510,0.1388
4,1504,1508,0.1388
4,1500,1504,0.1388
4,1522,1526,0.1388
3,1526,1529,0.1388
3,1517,1520,0.1388
3,1516,1519,0.1388
3,1515,1518,0.1388
3,1512,1515,0.1388
3,1513,1516,0.1388
2,1523,1525,0.1388
2,1524,1526,0.1388
2,1518,1520,0.1388
2,1517,1519,0.1388
2,1519,1521,0.1388
2,1508,1510,0.1388
2,1507,1509,0.1388
2,1502,1504,0.1388
2,1508,1510,0.1388
2,1508,1510,0.1388
1,1512,1513,0.1388
1,1511,1512,0.1388
1,1501,1502,0.1388
1,1499,1500,0.1388
1,1505,1506,0.1388
1,1518,1519,0.1388
1,1517,1518,0.1388
1,1512,1513,0.1388
1,1517,1518,0.1388
1,1521,1522,0.1388
1,1498,1499,0.1388
1,1503,1504,0.1388
1,1515,1516,0.1388
1,1514,1515,0.1388
1,1505,1506,0.1388
1,1521,1522,0.1388
1,1512,1513,0.1388
1,1525,1526,0.1388
1,1522,1523,0.1388
1,1515,1516,0.1388
1,1508,1509,0.1388
1,1505,1506,0.1388
1,1510,1511,0.1388
1,1510,1511,0.1388
1,1508,1509,0.1388
1,1508,1509,0.1388
1,1520,1521,0.1388
1,1518,1519,0.1388
1,1522,1523,0.1388
1,1516,1517,0.1388
1,1519,1520,0.1388
1,1518,1519,0.1388
1,1518,1519,0.1388
1,1517,1518,0.1388
1,1511,1512,0.1388
1,1507,1508,0.1388
1,1513,1514,0.1388
1,1515,1516,0.1388
1,1509,1510,0.1388
1,1517,1518,0.1388
2,1523,1525,0.1388
2,1522,1524,0.1388
2,1519,1521,0.1388
2,1514,1516,0.1388
2,1517,1519,0.1388
2,1518,1520,0.1388
2,1527,1529,0.1388
2,1522,1524,0.1388
2,1511,1513,0.1388
2,1513,1515,0.1388
1,1515,1516,0.1388
1,1507,1508,0.1388
1,1510,1511,0.1388
1,1518,1519,0.1388
1,1516,1517,0.1388
1,1517,1518,0.1388
1,1507,1508,0.1388
1,1522,1523,0.1388
1,1532,1533,0.1388
1,1531,1532,0.1388
1,1540,1541,0.1388
1,1539,1540,0.1388
1,1534,1535,0.1388
1,1513,1514,0.1388
0,1515,1515,0.1388
