1368,29,1397,0.1388
1400,30,1430,0.1388
1412,30,1442,0.1388
1440,30,1470,0.1388
1443,30,1473,0.1388
1458,29,1487,0.1388
1476,31,1507,0.1388
1468,36,1504,0.1388
1463,39,1502,0.1388
1458,40,1498,0.1388
1446,42,1488,0.1388
1451,42,1493,0.1388
1455,42,1497,0.1388
1459,42,1501,0.1388
1456,44,1500,0.1388
1450,45,1495,0.1388
1447,44,1491,0.1388
1456,44,1500,0.1388
1463,46,1509,0.1388
1456,50,1506,0.1388
1445,51,1496,0.1388
1457,50,1507,0.1388
1456,50,1506,0.1388
1443,50,1493,0.1388
1440,48,1488,0.1388
1447,48,1495,0.1388
1436,48,1484,0.1388
1440,48,1488,0.1388
1444,50,1494,0.1388
1445,50,1495,0.1388
1432,50,1482,0.1388
1438,50,1488,0.1388
1442,47,1489,0.1388
1440,46,1486,0.1388
1443,46,1489,0.1388
1445,48,1493,0.1388
1458,48,1506,0.1388
1455,48,1503,0.1388
1461,49,1510,0.1388
1446,46,1492,0.1388
1452,50,1502,0.1388
1449,50,1499,0.1388
1457,52,1509,0.1388
1448,51,1499,0.1388
1431,52,1483,0.1388
1417,53,1470,0.1388
1429,52,1481,0.1388
1444,53,1497,0.1388
1444,52,1496,0.1388
1442,52,1494,0.1388
1448,48,1496,0.1388
1437,47,1484,0.1388
1429,48,1477,0.1388
1426,50,1476,0.1388
1432,51,1483,0.1388
1433,51,1484,0.1388
1430,50,1480,0.1388
1430,53,1483,0.1388
1442,54,1496,0.1388
1444,53,1497,0.1388
1442,51,1493,0.1388
1434,52,1486,0.1388
1434,50,1484,0.1388
1442,49,1491,0.1388
1441,49,1490,0.1388
1442,53,1495,0.1388
1431,53,1484,0.1388
1433,56,1489,0.1388
1438,56,1494,0.1388
1444,58,1502,0.1388
1427,60,1487,0.1388
1429,60,1489,0.1388
1429,59,1488,0.1388
1424,61,1485,0.1388
1416,59,1475,0.1388
1402,58,1460,0.1388
1407,60,1467,0.1388
1409,58,1467,0.1388
1401,58,1459,0.1388
1404,59,1463,0.1388
1401,60,1461,0.1388
1410,63,1473,0.1388
1417,64,1481,0.1388
1412,66,1478,0.1388
1419,70,1489,0.1388
1426,70,1496,0.1388
1415,69,1484,0.1388
1414,69,1483,0.1388
1412,71,1483,0.1388
1421,67,1488,0.1388
1424,66,1490,0.1388
1428,71,1499,0.1388
1437,71,1508,0.1388
1423,70,1493,0.1388
1411,69,1480,0.1388
1408,70,1478,0.1388
1419,69,1488,0.1388
1404,70,1474,0.1388
1412,71,1483,0.1388
1439,69,1508,0.1388
1424,73,1497,0.1388
1416,73,1489,0.1388
1413,74,1487,0.1388
1409,75,1484,0.1388
1420,75,1495,0.1388
1401,76,1477,0.1388
1404,76,1480,0.1388
1412,74,1486,0.1388
1416,75,1491,0.1388
1422,76,1498,0.1388
1429,78,1507,0.1388
1430,75,1505,0.1388
1426,75,1501,0.1388
1412,75,1487,0.1388
1411,77,1488,0.1388
1397,74,1471,0.1388
1406,77,1483,0.1388
1412,78,1490,0.1388
1415,79,1494,0.1388
1433,82,1515,0.1388
1427,80,1507,0.1388
1425,79,1504,0.1388
1420,78,1498,0.1388
1412,82,1494,0.1388
1403,81,1484,0.1388
1403,84,1487,0.1388
1398,85,1483,0.1388
1414,86,1500,0.1388
1416,89,1505,0.1388
1411,89,1500,0.1388
1412,92,1504,0.1388
1415,90,1505,0.1388
1409,91,1500,0.1388
1413,89,1502,0.1388
1415,89,1504,0.1388
1411,89,1500,0.1388
1400,87,1487,0.1388
1400,90,1490,0.1388
1407,89,1496,0.1388
1397,84,1481,0.1388
1393,83,1476,0.1388
1421,81,1502,0.1388
1415,77,1492,0.1388
1418,81,1499,0.1388
1413,79,1492,0.1388
1425,79,1504,0.1388
1427,80,1507,0.1388
1434,82,1516,0.1388
1415,83,1498,0.1388
1407,84,1491,0.1388
1403,80,1483,0.1388
1402,82,1484,0.1388
1409,80,1489,0.1388
1413,81,1494,0.1388
1414,80,1494,0.1388
1403,82,1485,0.1388
1404,80,1484,0.1388
1398,80,1478,0.1388
1393,81,1474,0.1388
1403,84,1487,0.1388
1415,88,1503,0.1388
1413,85,1498,0.1388
1408,87,1495,0.1388
1412,87,1499,0.1388
1400,91,1491,0.1388
1392,95,1487,0.1388
1393,94,1487,0.1388
1410,92,1502,0.1388
1421,95,1516,0.1388
1412,94,1506,0.1388
1427,94,1521,0.1388
1408,95,1503,0.1388
1389,94,1483,0.1388
1406,94,1500,0.1388
1409,92,1501,0.1388
1402,93,1495,0.1388
1409,96,1505,0.1388
1403,96,1499,0.1388
1403,95,1498,0.1388
1399,91,1490,0.1388
1410,91,1501,0.1388
1407,88,1495,0.1388
1400,89,1489,0.1388
1399,90,1489,0.1388
1401,91,1492,0.1388
1407,94,1501,0.1388
1396,96,1492,0.1388
1404,96,1500,0.1388
1395,96,1491,0.1388
1401,98,1499,0.1388
1398,99,1497,0.1388
1385,99,1484,0.1388
1382,101,1483,0.1388
1380,97,1477,0.1388
1383,98,1481,0.1388
1386,99,1485,0.1388
1399,99,1498,0.1388
1411,95,1506,0.1388
1408,94,1502,0.1388
1407,90,1497,0.1388
1415,93,1508,0.1388
1421,93,1514,0.1388
1416,93,1509,0.1388
1408,94,1502,0.1388
1408,92,1500,0.1388
1407,95,1502,0.1388
1413,95,1508,0.1388
1417,97,1514,0.1388
1410,95,1505,0.1388
1404,97,1501,0.1388
1404,101,1505,0.1388
1406,100,1506,0.1388
1397,104,1501,0.1388
1390,103,1493,0.1388
1394,104,1498,0.1388
1387,109,1496,0.1388
1388,112,1500,0.1388
1381,111,1492,0.1388
1379,112,1491,0.1388
1368,113,1481,0.1388
1372,109,1481,0.1388
1380,109,1489,0.1388
1380,109,1489,0.1388
1374,113,1487,0.1388
1373,113,1486,0.1388
1380,112,1492,0.1388
1386,110,1496,0.1388
1386,112,1498,0.1388
1386,116,1502,0.1388
1380,116,1496,0.1388
1380,115,1495,0.1388
1367,113,1480,0.1388
1372,113,1485,0.1388
1381,113,1494,0.1388
1381,117,1498,0.1388
1377,115,1492,0.1388
1371,114,1485,0.1388
1367,111,1478,0.1388
1358,112,1470,0.1388
1353,114,1467,0.1388
1345,116,1461,0.1388
1359,115,1474,0.1388
1354,118,1472,0.1388
1351,118,1469,0.1388
1367,116,1483,0.1388
1359,120,1479,0.1388
1356,121,1477,0.1388
1354,122,1476,0.1388
1359,124,1483,0.1388
1362,123,1485,0.1388
1355,122,1477,0.1388
1359,121,1480,0.1388
1346,120,1466,0.1388
1352,121,1473,0.1388
1360,121,1481,0.1388
1364,124,1488,0.1388
1373,122,1495,0.1388
1369,125,1494,0.1388
1371,124,1495,0.1388
1367,126,1493,0.1388
1366,126,1492,0.1388
1376,126,1502,0.1388
1366,125,1491,0.1388
1370,125,1495,0.1388
1369,126,1495,0.1388
1368,124,1492,0.1388
1376,123,1499,0.1388
1374,125,1499,0.1388
1360,124,1484,0.1388
1363,126,1489,0.1388
1368,126,1494,0.1388
1368,126,1494,0.1388
1363,129,1492,0.1388
1364,130,1494,0.1388
1364,131,1495,0.1388
1362,131,1493,0.1388
1374,128,1502,0.1388
1368,130,1498,0.1388
1370,131,1501,0.1388
1364,131,1495,0.1388
1363,129,1492,0.1388
1351,129,1480,0.1388
1360,130,1490,0.1388
1361,135,1496,0.1388
1366,137,1503,0.1388
1367,134,1501,0.1388
1355,135,1490,0.1388
1354,130,1484,0.1388
1349,133,1482,0.1388
1353,138,1491,0.1388
1360,139,1499,0.1388
1364,137,1501,0.1388
1353,137,1490,0.1388
1371,133,1504,0.1388
1359,133,1492,0.1388
1359,136,1495,0.1388
1361,137,1498,0.1388
1348,137,1485,0.1388
1358,137,1495,0.1388
1362,135,1497,0.1388
1356,140,1496,0.1388
1361,140,1501,0.1388
1368,139,1507,0.1388
1361,142,1503,0.1388
1353,143,1496,0.1388
1358,138,1496,0.1388
1345,143,1488,0.1388
1341,141,1482,0.1388
1351,142,1493,0.1388
1344,143,1487,0.1388
1345,141,1486,0.1388
1345,142,1487,0.1388
1347,144,1491,0.1388
1345,144,1489,0.1388
1343,147,1490,0.1388
1359,148,1507,0.1388
1343,149,1492,0.1388
1332,146,1478,0.1388
1332,141,1473,0.1388
1339,143,1482,0.1388
1341,150,1491,0.1388
1344,152,1496,0.1388
1350,152,1502,0.1388
1342,154,1496,0.1388
1343,155,1498,0.1388
1342,151,1493,0.1388
1361,153,1514,0.1388
1365,155,1520,0.1388
1355,160,1515,0.1388
1335,159,1494,0.1388
1346,162,1508,0.1388
1333,156,1489,0.1388
1326,155,1481,0.1388
1326,163,1489,0.1388
1334,160,1494,0.1388
1341,160,1501,0.1388
1339,157,1496,0.1388
1342,163,1505,0.1388
1338,163,1501,0.1388
1352,165,1517,0.1388
1341,163,1504,0.1388
1347,160,1507,0.1388
1349,158,1507,0.1388
1361,158,1519,0.1388
1358,161,1519,0.1388
1344,164,1508,0.1388
1337,165,1502,0.1388
1339,163,1502,0.1388
1329,163,1492,0.1388
1309,160,1469,0.1388
1327,164,1491,0.1388
1330,172,1502,0.1388
1333,169,1502,0.1388
1328,169,1497,0.1388
1329,169,1498,0.1388
1328,175,1503,0.1388
1328,177,1505,0.1388
1327,177,1504,0.1388
1314,174,1488,0.1388
1325,169,1494,0.1388
1336,168,1504,0.1388
1336,168,1504,0.1388
1323,170,1493,0.1388
1316,171,1487,0.1388
1324,180,1504,0.1388
1319,180,1499,0.1388
1321,184,1505,0.1388
1314,181,1495,0.1388
1320,185,1505,0.1388
1315,186,1501,0.1388
1323,182,1505,0.1388
1322,186,1508,0.1388
1326,178,1504,0.1388
1327,179,1506,0.1388
1319,177,1496,0.1388
1316,172,1488,0.1388
1322,176,1498,0.1388
1317,178,1495,0.1388
1316,177,1493,0.1388
1308,179,1487,0.1388
1314,177,1491,0.1388
1311,176,1487,0.1388
1320,176,1496,0.1388
1314,168,1482,0.1388
1313,167,1480,0.1388
1310,171,1481,0.1388
1320,175,1495,0.1388
1329,177,1506,0.1388
1324,173,1497,0.1388
1316,174,1490,0.1388
1320,176,1496,0.1388
1325,175,1500,0.1388
1322,172,1494,0.1388
1333,177,1510,0.1388
1315,179,1494,0.1388
1317,177,1494,0.1388
1321,173,1494,0.1388
1329,171,1500,0.1388
1326,168,1494,0.1388
1335,167,1502,0.1388
1333,167,1500,0.1388
1334,169,1503,0.1388
1320,170,1490,0.1388
1323,166,1489,0.1388
1320,168,1488,0.1388
1316,168,1484,0.1388
1325,172,1497,0.1388
1326,173,1499,0.1388
1333,180,1513,0.1388
1322,177,1499,0.1388
1319,171,1490,0.1388
1305,173,1478,0.1388
1301,171,1472,0.1388
1291,173,1464,0.1388
1299,173,1472,0.1388
1291,177,1468,0.1388
1297,178,1475,0.1388
1309,179,1488,0.1388
1312,181,1493,0.1388
1316,181,1497,0.1388
1314,181,1495,0.1388
1318,185,1503,0.1388
1314,186,1500,0.1388
1310,184,1494,0.1388
1303,178,1481,0.1388
1309,179,1488,0.1388
1314,184,1498,0.1388
1302,190,1492,0.1388
1303,187,1490,0.1388
1306,189,1495,0.1388
1317,188,1505,0.1388
1303,183,1486,0.1388
1302,190,1492,0.1388
1294,193,1487,0.1388
1302,195,1497,0.1388
1294,198,1492,0.1388
1302,194,1496,0.1388
1301,198,1499,0.1388
1305,201,1506,0.1388
1303,199,1502,0.1388
1298,193,1491,0.1388
1302,195,1497,0.1388
1305,194,1499,0.1388
1304,191,1495,0.1388
1299,191,1490,0.1388
1306,201,1507,0.1388
1300,204,1504,0.1388
1288,204,1492,0.1388
1288,209,1497,0.1388
1283,218,1501,0.1388
1300,213,1513,0.1388
1292,209,1501,0.1388
1291,212,1503,0.1388
1294,212,1506,0.1388
1293,216,1509,0.1388
1291,217,1508,0.1388
1292,218,1510,0.1388
1294,223,1517,0.1388
1295,222,1517,0.1388
1299,224,1523,0.1388
1281,219,1500,0.1388
1277,216,1493,0.1388
1269,215,1484,0.1388
1279,216,1495,0.1388
1274,221,1495,0.1388
1276,215,1491,0.1388
1288,216,1504,0.1388
1284,216,1500,0.1388
1289,219,1508,0.1388
1286,219,1505,0.1388
1284,216,1500,0.1388
1273,218,1491,0.1388
1270,219,1489,0.1388
1265,219,1484,0.1388
1265,221,1486,0.1388
1259,220,1479,0.1388
1263,219,1482,0.1388
1275,222,1497,0.1388
1273,219,1492,0.1388
1293,219,1512,0.1388
1290,217,1507,0.1388
1288,218,1506,0.1388
1283,214,1497,0.1388
1286,214,1500,0.1388
1293,214,1507,0.1388
1282,220,1502,0.1388
1277,219,1496,0.1388
1276,220,1496,0.1388
1270,224,1494,0.1388
1268,226,1494,0.1388
1270,224,1494,0.1388
1273,229,1502,0.1388
1274,224,1498,0.1388
1265,229,1494,0.1388
1274,238,1512,0.1388
1265,231,1496,0.1388
1244,238,1482,0.1388
1247,245,1492,0.1388
1247,239,1486,0.1388
1240,235,1475,0.1388
1246,235,1481,0.1388
1254,239,1493,0.1388
1260,239,1499,0.1388
1255,242,1497,0.1388
1259,241,1500,0.1388
1264,243,1507,0.1388
1251,244,1495,0.1388
1249,247,1496,0.1388
1237,246,1483,0.1388
1248,248,1496,0.1388
1244,251,1495,0.1388
1246,249,1495,0.1388
1246,248,1494,0.1388
1248,248,1496,0.1388
1254,254,1508,0.1388
1247,260,1507,0.1388
1254,259,1513,0.1388
1256,253,1509,0.1388
1243,253,1496,0.1388
1248,255,1503,0.1388
1262,255,1517,0.1388
1246,252,1498,0.1388
1235,255,1490,0.1388
1248,251,1499,0.1388
1250,251,1501,0.1388
1235,251,1486,0.1388
1240,255,1495,0.1388
1242,255,1497,0.1388
1230,264,1494,0.1388
1234,264,1498,0.1388
1231,271,1502,0.1388
1217,272,1489,0.1388
1226,274,1500,0.1388
1230,270,1500,0.1388
1248,272,1520,0.1388
1238,265,1503,0.1388
1239,268,1507,0.1388
1242,268,1510,0.1388
1230,269,1499,0.1388
1233,271,1504,0.1388
1220,270,1490,0.1388
1216,272,1488,0.1388
1212,275,1487,0.1388
1215,269,1484,0.1388
1213,266,1479,0.1388
1218,277,1495,0.1388
1216,281,1497,0.1388
1223,282,1505,0.1388
1227,285,1512,0.1388
1233,278,1511,0.1388
1225,281,1506,0.1388
1208,285,1493,0.1388
1218,287,1505,0.1388
1226,284,1510,0.1388
1230,281,1511,0.1388
1219,273,1492,0.1388
1214,270,1484,0.1388
1223,268,1491,0.1388
1229,267,1496,0.1388
1227,271,1498,0.1388
1235,270,1505,0.1388
1236,273,1509,0.1388
1234,266,1500,0.1388
1227,266,1493,0.1388
1232,262,1494,0.1388
1230,265,1495,0.1388
1226,262,1488,0.1388
1220,269,1489,0.1388
1229,269,1498,0.1388
1226,277,1503,0.1388
1227,275,1502,0.1388
1228,278,1506,0.1388
1230,275,1505,0.1388
1235,275,1510,0.1388
1227,276,1503,0.1388
1230,275,1505,0.1388
1231,273,1504,0.1388
1215,271,1486,0.1388
1212,269,1481,0.1388
1216,274,1490,0.1388
1221,272,1493,0.1388
1221,272,1493,0.1388
1223,274,1497,0.1388
1219,277,1496,0.1388
1218,270,1488,0.1388
1208,271,1479,0.1388
1202,280,1482,0.1388
1210,274,1484,0.1388
1223,278,1501,0.1388
1218,279,1497,0.1388
1221,279,1500,0.1388
1223,281,1504,0.1388
1230,281,1511,0.1388
1224,283,1507,0.1388
1227,279,1506,0.1388
1239,279,1518,0.1388
1235,277,1512,0.1388
1232,279,1511,0.1388
1226,277,1503,0.1388
1221,279,1500,0.1388
1219,281,1500,0.1388
1226,278,1504,0.1388
1231,287,1518,0.1388
1234,286,1520,0.1388
1238,284,1522,0.1388
1229,284,1513,0.1388
1235,283,1518,0.1388
1223,288,1511,0.1388
1216,281,1497,0.1388
1224,284,1508,0.1388
1222,275,1497,0.1388
1217,282,1499,0.1388
1213,280,1493,0.1388
1215,281,1496,0.1388
1214,281,1495,0.1388
1226,287,1513,0.1388
1219,289,1508,0.1388
1224,285,1509,0.1388
1223,286,1509,0.1388
1216,286,1502,0.1388
1209,284,1493,0.1388
1210,292,1502,0.1388
1211,291,1502,0.1388
1205,292,1497,0.1388
1211,292,1503,0.1388
1225,288,1513,0.1388
1228,287,1515,0.1388
1217,283,1500,0.1388
1210,285,1495,0.1388
1218,288,1506,0.1388
1219,292,1511,0.1388
1214,294,1508,0.1388
1208,295,1503,0.1388
1208,296,1504,0.1388
1199,298,1497,0.1388
1194,299,1493,0.1388
1186,301,1487,0.1388
1191,303,1494,0.1388
1192,303,1495,0.1388
1190,307,1497,0.1388
1183,315,1498,0.1388
1186,319,1505,0.1388
1190,312,1502,0.1388
1189,312,1501,0.1388
1199,316,1515,0.1388
1199,316,1515,0.1388
1192,319,1511,0.1388
1182,324,1506,0.1388
1177,329,1506,0.1388
1171,327,1498,0.1388
1186,326,1512,0.1388
1178,326,1504,0.1388
1180,332,1512,0.1388
1178,335,1513,0.1388
1174,340,1514,0.1388
1162,337,1499,0.1388
1162,333,1495,0.1388
1172,339,1511,0.1388
1168,340,1508,0.1388
1162,337,1499,0.1388
1160,338,1498,0.1388
1148,340,1488,0.1388
1165,346,1511,0.1388
1160,349,1509,0.1388
1150,359,1509,0.1388
1145,356,1501,0.1388
1148,359,1507,0.1388
1145,361,1506,0.1388
1142,361,1503,0.1388
1141,367,1508,0.1388
1137,364,1501,0.1388
1132,369,1501,0.1388
1126,372,1498,0.1388
1132,377,1509,0.1388
1123,380,1503,0.1388
1122,378,1500,0.1388
1116,380,1496,0.1388
1123,383,1506,0.1388
1115,381,1496,0.1388
1119,387,1506,0.1388
1116,384,1500,0.1388
1115,386,1501,0.1388
1114,384,1498,0.1388
1111,390,1501,0.1388
1111,391,1502,0.1388
1098,393,1491,0.1388
1103,393,1496,0.1388
1095,394,1489,0.1388
1106,394,1500,0.1388
1101,401,1502,0.1388
1094,392,1486,0.1388
1111,390,1501,0.1388
1104,402,1506,0.1388
1097,400,1497,0.1388
1086,399,1485,0.1388
1091,410,1501,0.1388
1089,413,1502,0.1388
1104,412,1516,0.1388
1098,402,1500,0.1388
1103,407,1510,0.1388
1095,404,1499,0.1388
1093,405,1498,0.1388
1098,410,1508,0.1388
1090,407,1497,0.1388
1090,412,1502,0.1388
1088,417,1505,0.1388
1084,412,1496,0.1388
1084,415,1499,0.1388
1063,420,1483,0.1388
1066,428,1494,0.1388
1073,432,1505,0.1388
1068,438,1506,0.1388
1071,442,1513,0.1388
1066,443,1509,0.1388
1059,436,1495,0.1388
1043,436,1479,0.1388
1043,437,1480,0.1388
1052,426,1478,0.1388
1061,428,1489,0.1388
1061,435,1496,0.1388
1056,436,1492,0.1388
1059,437,1496,0.1388
1063,442,1505,0.1388
1051,445,1496,0.1388
1050,443,1493,0.1388
1037,443,1480,0.1388
1047,439,1486,0.1388
1057,450,1507,0.1388
1063,444,1507,0.1388
1062,446,1508,0.1388
1056,448,1504,0.1388
1051,447,1498,0.1388
1049,442,1491,0.1388
1053,443,1496,0.1388
1036,448,1484,0.1388
1043,442,1485,0.1388
1043,447,1490,0.1388
1045,447,1492,0.1388
1052,452,1504,0.1388
1062,450,1512,0.1388
1060,448,1508,0.1388
1056,446,1502,0.1388
1058,437,1495,0.1388
1058,438,1496,0.1388
1053,451,1504,0.1388
1046,450,1496,0.1388
1044,452,1496,0.1388
1050,452,1502,0.1388
1048,455,1503,0.1388
1048,459,1507,0.1388
1038,460,1498,0.1388
1033,462,1495,0.1388
1035,474,1509,0.1388
1032,477,1509,0.1388
1028,478,1506,0.1388
1028,480,1508,0.1388
1014,482,1496,0.1388
1011,486,1497,0.1388
1011,485,1496,0.1388
1016,485,1501,0.1388
1021,485,1506,0.1388
1020,482,1502,0.1388
1007,488,1495,0.1388
1001,477,1478,0.1388
998,484,1482,0.1388
1012,484,1496,0.1388
1011,487,1498,0.1388
1016,492,1508,0.1388
1014,495,1509,0.1388
1008,504,1512,0.1388
997,504,1501,0.1388
991,498,1489,0.1388
997,505,1502,0.1388
993,508,1501,0.1388
996,509,1505,0.1388
992,511,1503,0.1388
987,513,1500,0.1388
985,518,1503,0.1388
986,521,1507,0.1388
986,520,1506,0.1388
991,518,1509,0.1388
995,511,1506,0.1388
991,513,1504,0.1388
996,513,1509,0.1388
997,514,1511,0.1388
991,510,1501,0.1388
996,510,1506,0.1388
988,515,1503,0.1388
972,514,1486,0.1388
970,524,1494,0.1388
965,527,1492,0.1388
966,530,1496,0.1388
976,531,1507,0.1388
979,541,1520,0.1388
972,537,1509,0.1388
956,532,1488,0.1388
955,537,1492,0.1388
953,534,1487,0.1388
956,537,1493,0.1388
955,538,1493,0.1388
966,538,1504,0.1388
964,545,1509,0.1388
961,540,1501,0.1388
954,536,1490,0.1388
957,542,1499,0.1388
954,547,1501,0.1388
956,545,1501,0.1388
957,545,1502,0.1388
954,542,1496,0.1388
945,554,1499,0.1388
942,563,1505,0.1388
930,572,1502,0.1388
920,577,1497,0.1388
919,581,1500,0.1388
917,577,1494,0.1388
910,573,1483,0.1388
919,580,1499,0.1388
919,577,1496,0.1388
915,577,1492,0.1388
920,583,1503,0.1388
925,579,1504,0.1388
916,576,1492,0.1388
903,583,1486,0.1388
894,591,1485,0.1388
908,590,1498,0.1388
900,589,1489,0.1388
905,575,1480,0.1388
899,575,1474,0.1388
898,576,1474,0.1388
907,579,1486,0.1388
910,582,1492,0.1388
912,594,1506,0.1388
909,588,1497,0.1388
908,590,1498,0.1388
902,594,1496,0.1388
906,599,1505,0.1388
913,597,1510,0.1388
907,594,1501,0.1388
906,594,1500,0.1388
907,593,1500,0.1388
916,585,1501,0.1388
925,579,1504,0.1388
931,573,1504,0.1388
919,583,1502,0.1388
908,586,1494,0.1388
903,591,1494,0.1388
904,589,1493,0.1388
897,598,1495,0.1388
908,606,1514,0.1388
914,595,1509,0.1388
907,590,1497,0.1388
900,587,1487,0.1388
899,594,1493,0.1388
900,594,1494,0.1388
900,588,1488,0.1388
897,594,1491,0.1388
893,602,1495,0.1388
889,606,1495,0.1388
890,604,1494,0.1388
891,606,1497,0.1388
886,604,1490,0.1388
888,601,1489,0.1388
887,605,1492,0.1388
893,602,1495,0.1388
901,611,1512,0.1388
895,601,1496,0.1388
893,607,1500,0.1388
895,606,1501,0.1388
887,604,1491,0.1388
881,602,1483,0.1388
881,602,1483,0.1388
879,610,1489,0.1388
888,607,1495,0.1388
876,609,1485,0.1388
865,612,1477,0.1388
873,614,1487,0.1388
893,614,1507,0.1388
894,614,1508,0.1388
893,614,1507,0.1388
887,608,1495,0.1388
872,620,1492,0.1388
873,618,1491,0.1388
880,618,1498,0.1388
883,625,1508,0.1388
888,629,1517,0.1388
888,628,1516,0.1388
889,623,1512,0.1388
881,624,1505,0.1388
875,622,1497,0.1388
869,614,1483,0.1388
861,623,1484,0.1388
875,638,1513,0.1388
875,648,1523,0.1388
874,634,1508,0.1388
880,630,1510,0.1388
865,632,1497,0.1388
866,632,1498,0.1388
873,633,1506,0.1388
875,630,1505,0.1388
875,627,1502,0.1388
873,639,1512,0.1388
870,632,1502,0.1388
860,631,1491,0.1388
859,638,1497,0.1388
866,637,1503,0.1388
868,638,1506,0.1388
872,633,1505,0.1388
875,638,1513,0.1388
868,644,1512,0.1388
870,650,1520,0.1388
869,652,1521,0.1388
860,649,1509,0.1388
847,652,1499,0.1388
845,651,1496,0.1388
851,653,1504,0.1388
847,647,1494,0.1388
835,646,1481,0.1388
838,642,1480,0.1388
839,651,1490,0.1388
833,647,1480,0.1388
845,650,1495,0.1388
852,654,1506,0.1388
852,648,1500,0.1388
854,657,1511,0.1388
848,665,1513,0.1388
842,665,1507,0.1388
842,666,1508,0.1388
834,667,1501,0.1388
834,677,1511,0.1388
828,681,1509,0.1388
837,678,1515,0.1388
831,673,1504,0.1388
834,675,1509,0.1388
837,664,1501,0.1388
841,670,1511,0.1388
834,671,1505,0.1388
839,666,1505,0.1388
826,663,1489,0.1388
829,668,1497,0.1388
830,664,1494,0.1388
831,666,1497,0.1388
838,668,1506,0.1388
834,678,1512,0.1388
832,679,1511,0.1388
828,683,1511,0.1388
832,684,1516,0.1388
821,677,1498,0.1388
824,672,1496,0.1388
812,674,1486,0.1388
815,681,1496,0.1388
815,690,1505,0.1388
807,694,1501,0.1388
804,702,1506,0.1388
799,693,1492,0.1388
793,700,1493,0.1388
794,705,1499,0.1388
791,701,1492,0.1388
794,690,1484,0.1388
788,698,1486,0.1388
792,697,1489,0.1388
789,706,1495,0.1388
783,710,1493,0.1388
792,707,1499,0.1388
793,713,1506,0.1388
780,709,1489,0.1388
785,717,1502,0.1388
779,726,1505,0.1388
781,718,1499,0.1388
789,720,1509,0.1388
785,720,1505,0.1388
772,721,1493,0.1388
774,729,1503,0.1388
759,729,1488,0.1388
763,722,1485,0.1388
761,730,1491,0.1388
757,720,1477,0.1388
767,724,1491,0.1388
754,737,1491,0.1388
760,742,1502,0.1388
754,745,1499,0.1388
753,750,1503,0.1388
756,754,1510,0.1388
752,755,1507,0.1388
744,747,1491,0.1388
757,749,1506,0.1388
757,751,1508,0.1388
762,753,1515,0.1388
765,754,1519,0.1388
763,752,1515,0.1388
759,752,1511,0.1388
768,757,1525,0.1388
749,759,1508,0.1388
762,753,1515,0.1388
763,749,1512,0.1388
749,742,1491,0.1388
747,745,1492,0.1388
748,760,1508,0.1388
747,759,1506,0.1388
744,770,1514,0.1388
747,766,1513,0.1388
746,773,1519,0.1388
739,762,1501,0.1388
734,762,1496,0.1388
728,766,1494,0.1388
732,762,1494,0.1388
732,755,1487,0.1388
726,765,1491,0.1388
737,765,1502,0.1388
739,766,1505,0.1388
731,772,1503,0.1388
738,767,1505,0.1388
736,776,1512,0.1388
732,772,1504,0.1388
737,774,1511,0.1388
730,778,1508,0.1388
730,780,1510,0.1388
730,779,1509,0.1388
726,775,1501,0.1388
723,781,1504,0.1388
717,790,1507,0.1388
720,782,1502,0.1388
715,783,1498,0.1388
725,784,1509,0.1388
715,790,1505,0.1388
720,788,1508,0.1388
715,784,1499,0.1388
712,789,1501,0.1388
708,791,1499,0.1388
712,796,1508,0.1388
714,804,1518,0.1388
721,803,1524,0.1388
709,796,1505,0.1388
719,798,1517,0.1388
735,796,1531,0.1388
723,792,1515,0.1388
733,795,1528,0.1388
730,795,1525,0.1388
725,803,1528,0.1388
719,805,1524,0.1388
715,801,1516,0.1388
711,806,1517,0.1388
706,813,1519,0.1388
710,813,1523,0.1388
708,794,1502,0.1388
709,800,1509,0.1388
705,796,1501,0.1388
710,799,1509,0.1388
710,803,1513,0.1388
695,809,1504,0.1388
693,807,1500,0.1388
691,807,1498,0.1388
681,820,1501,0.1388
682,822,1504,0.1388
685,827,1512,0.1388
684,837,1521,0.1388
682,827,1509,0.1388
685,830,1515,0.1388
686,827,1513,0.1388
683,833,1516,0.1388
668,831,1499,0.1388
666,830,1496,0.1388
675,834,1509,0.1388
672,834,1506,0.1388
675,828,1503,0.1388
671,823,1494,0.1388
675,830,1505,0.1388
676,834,1510,0.1388
670,833,1503,0.1388
668,835,1503,0.1388
668,827,1495,0.1388
665,832,1497,0.1388
664,840,1504,0.1388
663,844,1507,0.1388
668,844,1512,0.1388
665,854,1519,0.1388
663,854,1517,0.1388
668,852,1520,0.1388
664,851,1515,0.1388
660,840,1500,0.1388
662,842,1504,0.1388
658,861,1519,0.1388
659,858,1517,0.1388
655,863,1518,0.1388
653,867,1520,0.1388
656,868,1524,0.1388
648,865,1513,0.1388
643,859,1502,0.1388
640,860,1500,0.1388
640,866,1506,0.1388
644,862,1506,0.1388
647,863,1510,0.1388
640,875,1515,0.1388
635,867,1502,0.1388
636,865,1501,0.1388
643,861,1504,0.1388
643,859,1502,0.1388
644,871,1515,0.1388
644,861,1505,0.1388
644,867,1511,0.1388
644,868,1512,0.1388
640,861,1501,0.1388
636,858,1494,0.1388
638,860,1498,0.1388
636,873,1509,0.1388
637,878,1515,0.1388
644,871,1515,0.1388
643,872,1515,0.1388
632,872,1504,0.1388
632,869,1501,0.1388
626,872,1498,0.1388
625,878,1503,0.1388
628,879,1507,0.1388
634,886,1520,0.1388
625,886,1511,0.1388
623,879,1502,0.1388
630,891,1521,0.1388
625,883,1508,0.1388
623,881,1504,0.1388
615,873,1488,0.1388
617,882,1499,0.1388
614,883,1497,0.1388
617,889,1506,0.1388
618,886,1504,0.1388
618,893,1511,0.1388
620,896,1516,0.1388
615,901,1516,0.1388
612,901,1513,0.1388
615,897,1512,0.1388
617,892,1509,0.1388
627,893,1520,0.1388
624,899,1523,0.1388
614,900,1514,0.1388
604,902,1506,0.1388
598,913,1511,0.1388
601,913,1514,0.1388
597,900,1497,0.1388
603,900,1503,0.1388
602,899,1501,0.1388
600,902,1502,0.1388
602,902,1504,0.1388
605,893,1498,0.1388
605,898,1503,0.1388
604,911,1515,0.1388
595,915,1510,0.1388
590,906,1496,0.1388
584,922,1506,0.1388
585,916,1501,0.1388
587,914,1501,0.1388
596,911,1507,0.1388
598,924,1522,0.1388
583,923,1506,0.1388
591,914,1505,0.1388
589,919,1508,0.1388
583,911,1494,0.1388
583,910,1493,0.1388
591,911,1502,0.1388
601,914,1515,0.1388
596,918,1514,0.1388
596,926,1522,0.1388
589,919,1508,0.1388
582,918,1500,0.1388
573,921,1494,0.1388
575,922,1497,0.1388
579,929,1508,0.1388
579,940,1519,0.1388
585,923,1508,0.1388
581,910,1491,0.1388
582,926,1508,0.1388
585,920,1505,0.1388
588,915,1503,0.1388
592,918,1510,0.1388
600,910,1510,0.1388
599,905,1504,0.1388
587,913,1500,0.1388
593,912,1505,0.1388
594,917,1511,0.1388
590,917,1507,0.1388
587,915,1502,0.1388
585,929,1514,0.1388
586,927,1513,0.1388
591,924,1515,0.1388
586,919,1505,0.1388
587,928,1515,0.1388
580,926,1506,0.1388
585,917,1502,0.1388
588,918,1506,0.1388
584,907,1491,0.1388
584,924,1508,0.1388
582,918,1500,0.1388
570,915,1485,0.1388
571,907,1478,0.1388
581,913,1494,0.1388
587,916,1503,0.1388
580,926,1506,0.1388
591,932,1523,0.1388
585,933,1518,0.1388
586,931,1517,0.1388
584,933,1517,0.1388
580,932,1512,0.1388
577,933,1510,0.1388
572,925,1497,0.1388
570,928,1498,0.1388
570,930,1500,0.1388
565,934,1499,0.1388
557,931,1488,0.1388
559,931,1490,0.1388
558,936,1494,0.1388
551,949,1500,0.1388
548,936,1484,0.1388
559,937,1496,0.1388
557,944,1501,0.1388
567,956,1523,0.1388
557,953,1510,0.1388
556,956,1512,0.1388
557,966,1523,0.1388
558,960,1518,0.1388
552,959,1511,0.1388
552,964,1516,0.1388
549,953,1502,0.1388
546,952,1498,0.1388
542,956,1498,0.1388
549,947,1496,0.1388
553,946,1499,0.1388
550,939,1489,0.1388
550,947,1497,0.1388
555,953,1508,0.1388
553,951,1504,0.1388
561,950,1511,0.1388
554,953,1507,0.1388
542,960,1502,0.1388
545,958,1503,0.1388
551,967,1518,0.1388
551,958,1509,0.1388
548,963,1511,0.1388
548,963,1511,0.1388
546,960,1506,0.1388
552,959,1511,0.1388
554,961,1515,0.1388
551,952,1503,0.1388
554,947,1501,0.1388
557,960,1517,0.1388
556,958,1514,0.1388
555,961,1516,0.1388
552,963,1515,0.1388
549,962,1511,0.1388
545,959,1504,0.1388
547,973,1520,0.1388
551,973,1524,0.1388
548,966,1514,0.1388
551,968,1519,0.1388
537,965,1502,0.1388
542,973,1515,0.1388
538,961,1499,0.1388
541,964,1505,0.1388
533,960,1493,0.1388
538,961,1499,0.1388
534,961,1495,0.1388
541,967,1508,0.1388
541,965,1506,0.1388
546,957,1503,0.1388
539,973,1512,0.1388
535,969,1504,0.1388
540,966,1506,0.1388
546,968,1514,0.1388
547,963,1510,0.1388
538,967,1505,0.1388
534,965,1499,0.1388
535,970,1505,0.1388
532,960,1492,0.1388
529,960,1489,0.1388
532,973,1505,0.1388
541,989,1530,0.1388
538,984,1522,0.1388
528,982,1510,0.1388
525,992,1517,0.1388
532,979,1511,0.1388
533,977,1510,0.1388
528,992,1520,0.1388
520,998,1518,0.1388
521,993,1514,0.1388
524,985,1509,0.1388
517,980,1497,0.1388
519,990,1509,0.1388
522,978,1500,0.1388
525,983,1508,0.1388
522,995,1517,0.1388
517,1005,1522,0.1388
520,995,1515,0.1388
511,1005,1516,0.1388
511,1009,1520,0.1388
512,1000,1512,0.1388
509,1002,1511,0.1388
514,991,1505,0.1388
513,987,1500,0.1388
517,988,1505,0.1388
520,995,1515,0.1388
514,1001,1515,0.1388
517,997,1514,0.1388
504,998,1502,0.1388
509,1002,1511,0.1388
507,1000,1507,0.1388
510,1009,1519,0.1388
512,1003,1515,0.1388
520,1000,1520,0.1388
522,997,1519,0.1388
523,986,1509,0.1388
519,983,1502,0.1388
515,985,1500,0.1388
519,991,1510,0.1388
514,999,1513,0.1388
516,992,1508,0.1388
507,996,1503,0.1388
506,996,1502,0.1388
508,999,1507,0.1388
505,1002,1507,0.1388
506,996,1502,0.1388
500,993,1493,0.1388
498,998,1496,0.1388
494,1020,1514,0.1388
495,1021,1516,0.1388
493,1015,1508,0.1388
492,1009,1501,0.1388
491,1007,1498,0.1388
489,1004,1493,0.1388
485,1010,1495,0.1388
489,1008,1497,0.1388
483,1007,1490,0.1388
481,1019,1500,0.1388
485,1017,1502,0.1388
490,1025,1515,0.1388
487,1024,1511,0.1388
483,1030,1513,0.1388
480,1031,1511,0.1388
477,1032,1509,0.1388
469,1037,1506,0.1388
471,1043,1514,0.1388
461,1039,1500,0.1388
462,1040,1502,0.1388
465,1043,1508,0.1388
462,1046,1508,0.1388
459,1047,1506,0.1388
463,1043,1506,0.1388
463,1037,1500,0.1388
461,1033,1494,0.1388
470,1044,1514,0.1388
467,1046,1513,0.1388
462,1050,1512,0.1388
466,1058,1524,0.1388
463,1055,1518,0.1388
465,1052,1517,0.1388
464,1048,1512,0.1388
458,1042,1500,0.1388
458,1038,1496,0.1388
464,1050,1514,0.1388
457,1053,1510,0.1388
450,1058,1508,0.1388
455,1060,1515,0.1388
448,1046,1494,0.1388
439,1048,1487,0.1388
436,1060,1496,0.1388
439,1061,1500,0.1388
438,1064,1502,0.1388
429,1069,1498,0.1388
433,1066,1499,0.1388
430,1067,1497,0.1388
431,1069,1500,0.1388
429,1075,1504,0.1388
421,1061,1482,0.1388
419,1071,1490,0.1388
423,1080,1503,0.1388
425,1081,1506,0.1388
422,1075,1497,0.1388
430,1085,1515,0.1388
427,1093,1520,0.1388
418,1099,1517,0.1388
421,1094,1515,0.1388
416,1091,1507,0.1388
412,1089,1501,0.1388
413,1094,1507,0.1388
417,1099,1516,0.1388
416,1103,1519,0.1388
417,1106,1523,0.1388
413,1113,1526,0.1388
420,1113,1533,0.1388
424,1099,1523,0.1388
414,1090,1504,0.1388
419,1105,1524,0.1388
414,1100,1514,0.1388
410,1096,1506,0.1388
410,1096,1506,0.1388
413,1107,1520,0.1388
413,1105,1518,0.1388
410,1099,1509,0.1388
415,1100,1515,0.1388
412,1109,1521,0.1388
412,1114,1526,0.1388
412,1103,1515,0.1388
409,1108,1517,0.1388
417,1104,1521,0.1388
418,1099,1517,0.1388
414,1091,1505,0.1388
414,1084,1498,0.1388
418,1096,1514,0.1388
412,1077,1489,0.1388
415,1081,1496,0.1388
415,1097,1512,0.1388
416,1101,1517,0.1388
417,1100,1517,0.1388
415,1103,1518,0.1388
412,1104,1516,0.1388
414,1103,1517,0.1388
409,1105,1514,0.1388
416,1107,1523,0.1388
410,1111,1521,0.1388
417,1105,1522,0.1388
408,1103,1511,0.1388
411,1105,1516,0.1388
409,1097,1506,0.1388
405,1103,1508,0.1388
406,1106,1512,0.1388
406,1100,1506,0.1388
399,1096,1495,0.1388
403,1099,1502,0.1388
399,1097,1496,0.1388
406,1098,1504,0.1388
408,1106,1514,0.1388
405,1099,1504,0.1388
404,1102,1506,0.1388
394,1090,1484,0.1388
401,1102,1503,0.1388
401,1111,1512,0.1388
393,1125,1518,0.1388
389,1124,1513,0.1388
385,1128,1513,0.1388
383,1122,1505,0.1388
384,1122,1506,0.1388
383,1114,1497,0.1388
382,1112,1494,0.1388
376,1132,1508,0.1388
386,1137,1523,0.1388
386,1128,1514,0.1388
381,1125,1506,0.1388
389,1128,1517,0.1388
383,1124,1507,0.1388
378,1131,1509,0.1388
377,1141,1518,0.1388
383,1147,1530,0.1388
380,1147,1527,0.1388
377,1143,1520,0.1388
376,1147,1523,0.1388
371,1151,1522,0.1388
373,1142,1515,0.1388
380,1146,1526,0.1388
381,1141,1522,0.1388
379,1145,1524,0.1388
377,1135,1512,0.1388
376,1144,1520,0.1388
378,1153,1531,0.1388
378,1151,1529,0.1388
376,1135,1511,0.1388
372,1131,1503,0.1388
379,1133,1512,0.1388
383,1136,1519,0.1388
376,1134,1510,0.1388
378,1133,1511,0.1388
380,1134,1514,0.1388
382,1130,1512,0.1388
381,1135,1516,0.1388
371,1119,1490,0.1388
369,1124,1493,0.1388
368,1127,1495,0.1388
364,1130,1494,0.1388
369,1142,1511,0.1388
372,1137,1509,0.1388
367,1132,1499,0.1388
371,1129,1500,0.1388
371,1138,1509,0.1388
369,1138,1507,0.1388
370,1150,1520,0.1388
365,1152,1517,0.1388
362,1160,1522,0.1388
357,1158,1515,0.1388
350,1156,1506,0.1388
347,1150,1497,0.1388
347,1156,1503,0.1388
359,1167,1526,0.1388
363,1167,1530,0.1388
359,1154,1513,0.1388
350,1148,1498,0.1388
353,1152,1505,0.1388
357,1149,1506,0.1388
354,1136,1490,0.1388
360,1144,1504,0.1388
358,1154,1512,0.1388
362,1144,1506,0.1388
363,1157,1520,0.1388
361,1149,1510,0.1388
361,1134,1495,0.1388
361,1148,1509,0.1388
356,1155,1511,0.1388
348,1146,1494,0.1388
352,1149,1501,0.1388
358,1127,1485,0.1388
360,1134,1494,0.1388
363,1136,1499,0.1388
364,1149,1513,0.1388
362,1150,1512,0.1388
361,1147,1508,0.1388
360,1147,1507,0.1388
360,1159,1519,0.1388
353,1158,1511,0.1388
347,1162,1509,0.1388
345,1149,1494,0.1388
352,1153,1505,0.1388
352,1154,1506,0.1388
348,1157,1505,0.1388
353,1158,1511,0.1388
351,1162,1513,0.1388
347,1170,1517,0.1388
357,1170,1527,0.1388
355,1169,1524,0.1388
343,1173,1516,0.1388
348,1170,1518,0.1388
354,1180,1534,0.1388
356,1158,1514,0.1388
347,1165,1512,0.1388
340,1165,1505,0.1388
342,1171,1513,0.1388
350,1161,1511,0.1388
351,1152,1503,0.1388
354,1155,1509,0.1388
353,1158,1511,0.1388
357,1169,1526,0.1388
361,1174,1535,0.1388
364,1173,1537,0.1388
361,1170,1531,0.1388
360,1170,1530,0.1388
350,1153,1503,0.1388
354,1152,1506,0.1388
358,1144,1502,0.1388
358,1147,1505,0.1388
354,1159,1513,0.1388
349,1152,1501,0.1388
350,1153,1503,0.1388
350,1141,1491,0.1388
355,1158,1513,0.1388
356,1149,1505,0.1388
365,1159,1524,0.1388
368,1159,1527,0.1388
370,1156,1526,0.1388
368,1147,1515,0.1388
367,1153,1520,0.1388
365,1159,1524,0.1388
358,1150,1508,0.1388
352,1163,1515,0.1388
350,1157,1507,0.1388
347,1163,1510,0.1388
343,1160,1503,0.1388
348,1152,1500,0.1388
350,1161,1511,0.1388
347,1159,1506,0.1388
353,1159,1512,0.1388
354,1153,1507,0.1388
357,1134,1491,0.1388
359,1144,1503,0.1388
362,1148,1510,0.1388
354,1163,1517,0.1388
356,1163,1519,0.1388
354,1166,1520,0.1388
348,1162,1510,0.1388
347,1163,1510,0.1388
349,1166,1515,0.1388
348,1162,1510,0.1388
344,1164,1508,0.1388
346,1183,1529,0.1388
335,1175,1510,0.1388
332,1175,1507,0.1388
333,1175,1508,0.1388
340,1173,1513,0.1388
339,1179,1518,0.1388
330,1180,1510,0.1388
327,1176,1503,0.1388
332,1184,1516,0.1388
341,1189,1530,0.1388
351,1188,1539,0.1388
349,1177,1526,0.1388
342,1180,1522,0.1388
337,1172,1509,0.1388
332,1188,1520,0.1388
330,1179,1509,0.1388
322,1192,1514,0.1388
318,1190,1508,0.1388
315,1192,1507,0.1388
307,1190,1497,0.1388
309,1196,1505,0.1388
313,1199,1512,0.1388
315,1195,1510,0.1388
316,1196,1512,0.1388
311,1207,1518,0.1388
308,1207,1515,0.1388
307,1205,1512,0.1388
307,1208,1515,0.1388
301,1211,1512,0.1388
303,1217,1520,0.1388
302,1218,1520,0.1388
302,1220,1522,0.1388
294,1229,1523,0.1388
290,1221,1511,0.1388
291,1219,1510,0.1388
291,1210,1501,0.1388
287,1212,1499,0.1388
282,1218,1500,0.1388
288,1217,1505,0.1388
283,1230,1513,0.1388
286,1227,1513,0.1388
286,1215,1501,0.1388
285,1233,1518,0.1388
289,1226,1515,0.1388
287,1237,1524,0.1388
286,1228,1514,0.1388
277,1234,1511,0.1388
278,1227,1505,0.1388
277,1229,1506,0.1388
268,1227,1495,0.1388
274,1239,1513,0.1388
272,1232,1504,0.1388
273,1232,1505,0.1388
276,1233,1509,0.1388
280,1230,1510,0.1388
279,1243,1522,0.1388
280,1252,1532,0.1388
279,1244,1523,0.1388
279,1250,1529,0.1388
282,1250,1532,0.1388
277,1253,1530,0.1388
274,1248,1522,0.1388
274,1247,1521,0.1388
277,1244,1521,0.1388
267,1250,1517,0.1388
268,1248,1516,0.1388
263,1247,1510,0.1388
267,1244,1511,0.1388
269,1264,1533,0.1388
267,1264,1531,0.1388
264,1260,1524,0.1388
265,1246,1511,0.1388
263,1254,1517,0.1388
260,1255,1515,0.1388
262,1255,1517,0.1388
262,1241,1503,0.1388
260,1238,1498,0.1388
263,1261,1524,0.1388
262,1256,1518,0.1388
264,1254,1518,0.1388
265,1253,1518,0.1388
261,1261,1522,0.1388
261,1252,1513,0.1388
260,1250,1510,0.1388
253,1244,1497,0.1388
255,1260,1515,0.1388
248,1258,1506,0.1388
249,1264,1513,0.1388
248,1259,1507,0.1388
243,1259,1502,0.1388
248,1258,1506,0.1388
251,1255,1506,0.1388
254,1257,1511,0.1388
247,1257,1504,0.1388
251,1258,1509,0.1388
243,1248,1491,0.1388
244,1253,1497,0.1388
245,1251,1496,0.1388
248,1239,1487,0.1388
251,1246,1497,0.1388
252,1244,1496,0.1388
249,1250,1499,0.1388
250,1264,1514,0.1388
244,1262,1506,0.1388
237,1269,1506,0.1388
238,1271,1509,0.1388
237,1266,1503,0.1388
236,1275,1511,0.1388
233,1270,1503,0.1388
234,1276,1510,0.1388
234,1278,1512,0.1388
230,1273,1503,0.1388
229,1281,1510,0.1388
222,1283,1505,0.1388
221,1298,1519,0.1388
221,1288,1509,0.1388
221,1288,1509,0.1388
221,1287,1508,0.1388
223,1296,1519,0.1388
218,1290,1508,0.1388
212,1303,1515,0.1388
214,1294,1508,0.1388
219,1295,1514,0.1388
217,1298,1515,0.1388
214,1293,1507,0.1388
217,1297,1514,0.1388
215,1294,1509,0.1388
212,1298,1510,0.1388
211,1300,1511,0.1388
212,1298,1510,0.1388
208,1304,1512,0.1388
207,1302,1509,0.1388
209,1309,1518,0.1388
208,1309,1517,0.1388
204,1292,1496,0.1388
206,1298,1504,0.1388
204,1288,1492,0.1388
201,1283,1484,0.1388
201,1294,1495,0.1388
201,1308,1509,0.1388
203,1315,1518,0.1388
204,1304,1508,0.1388
204,1301,1505,0.1388
203,1315,1518,0.1388
202,1319,1521,0.1388
205,1311,1516,0.1388
201,1312,1513,0.1388
202,1307,1509,0.1388
202,1313,1515,0.1388
200,1317,1517,0.1388
194,1322,1516,0.1388
194,1312,1506,0.1388
192,1315,1507,0.1388
193,1316,1509,0.1388
194,1323,1517,0.1388
194,1309,1503,0.1388
192,1314,1506,0.1388
190,1322,1512,0.1388
191,1317,1508,0.1388
193,1310,1503,0.1388
194,1309,1503,0.1388
189,1330,1519,0.1388
191,1320,1511,0.1388
193,1320,1513,0.1388
190,1327,1517,0.1388
184,1314,1498,0.1388
176,1320,1496,0.1388
174,1322,1496,0.1388
174,1334,1508,0.1388
172,1336,1508,0.1388
177,1339,1516,0.1388
177,1338,1515,0.1388
175,1336,1511,0.1388
170,1340,1510,0.1388
171,1340,1511,0.1388
174,1340,1514,0.1388
177,1344,1521,0.1388
178,1343,1521,0.1388
172,1337,1509,0.1388
172,1334,1506,0.1388
175,1336,1511,0.1388
176,1324,1500,0.1388
179,1334,1513,0.1388
171,1326,1497,0.1388
169,1323,1492,0.1388
165,1346,1511,0.1388
167,1349,1516,0.1388
168,1345,1513,0.1388
172,1339,1511,0.1388
170,1344,1514,0.1388
165,1340,1505,0.1388
169,1333,1502,0.1388
167,1335,1502,0.1388
168,1335,1503,0.1388
169,1349,1518,0.1388
172,1345,1517,0.1388
173,1338,1511,0.1388
176,1331,1507,0.1388
169,1333,1502,0.1388
172,1349,1521,0.1388
169,1344,1513,0.1388
174,1346,1520,0.1388
170,1345,1515,0.1388
172,1351,1523,0.1388
172,1337,1509,0.1388
175,1334,1509,0.1388
172,1344,1516,0.1388
171,1346,1517,0.1388
172,1338,1510,0.1388
167,1344,1511,0.1388
169,1344,1513,0.1388
167,1349,1516,0.1388
171,1355,1526,0.1388
172,1343,1515,0.1388
175,1335,1510,0.1388
173,1342,1515,0.1388
168,1334,1502,0.1388
165,1347,1512,0.1388
164,1346,1510,0.1388
159,1357,1516,0.1388
160,1351,1511,0.1388
162,1359,1521,0.1388
160,1347,1507,0.1388
163,1353,1516,0.1388
164,1359,1523,0.1388
162,1353,1515,0.1388
163,1350,1513,0.1388
162,1344,1506,0.1388
162,1342,1504,0.1388
161,1353,1514,0.1388
163,1355,1518,0.1388
163,1359,1522,0.1388
160,1349,1509,0.1388
160,1344,1504,0.1388
162,1352,1514,0.1388
167,1348,1515,0.1388
163,1342,1505,0.1388
161,1342,1503,0.1388
159,1358,1517,0.1388
159,1373,1532,0.1388
155,1370,1525,0.1388
156,1364,1520,0.1388
155,1361,1516,0.1388
152,1356,1508,0.1388
157,1354,1511,0.1388
159,1367,1526,0.1388
155,1362,1517,0.1388
156,1380,1536,0.1388
156,1364,1520,0.1388
155,1367,1522,0.1388
156,1350,1506,0.1388
153,1353,1506,0.1388
152,1351,1503,0.1388
156,1364,1520,0.1388
153,1373,1526,0.1388
149,1368,1517,0.1388
149,1364,1513,0.1388
150,1371,1521,0.1388
148,1370,1518,0.1388
149,1370,1519,0.1388
149,1374,1523,0.1388
147,1378,1525,0.1388
145,1371,1516,0.1388
140,1366,1506,0.1388
144,1371,1515,0.1388
138,1375,1513,0.1388
140,1374,1514,0.1388
143,1371,1514,0.1388
141,1375,1516,0.1388
140,1373,1513,0.1388
140,1368,1508,0.1388
143,1365,1508,0.1388
140,1386,1526,0.1388
142,1373,1515,0.1388
138,1390,1528,0.1388
139,1391,1530,0.1388
136,1377,1513,0.1388
140,1390,1530,0.1388
137,1398,1535,0.1388
136,1370,1506,0.1388
138,1370,1508,0.1388
138,1362,1500,0.1388
136,1367,1503,0.1388
135,1369,1504,0.1388
130,1378,1508,0.1388
129,1403,1532,0.1388
129,1395,1524,0.1388
131,1398,1529,0.1388
130,1395,1525,0.1388
131,1390,1521,0.1388
131,1376,1507,0.1388
126,1378,1504,0.1388
126,1392,1518,0.1388
127,1388,1515,0.1388
130,1385,1515,0.1388
124,1378,1502,0.1388
120,1389,1509,0.1388
121,1374,1495,0.1388
123,1392,1515,0.1388
124,1391,1515,0.1388
125,1392,1517,0.1388
128,1385,1513,0.1388
127,1395,1522,0.1388
129,1399,1528,0.1388
128,1392,1520,0.1388
126,1375,1501,0.1388
126,1375,1501,0.1388
127,1373,1500,0.1388
123,1374,1497,0.1388
122,1384,1506,0.1388
123,1382,1505,0.1388
124,1383,1507,0.1388
119,1384,1503,0.1388
123,1395,1518,0.1388
128,1390,1518,0.1388
127,1376,1503,0.1388
124,1376,1500,0.1388
128,1384,1512,0.1388
130,1383,1513,0.1388
129,1386,1515,0.1388
128,1383,1511,0.1388
126,1378,1504,0.1388
128,1376,1504,0.1388
128,1369,1497,0.1388
130,1379,1509,0.1388
127,1375,1502,0.1388
125,1374,1499,0.1388
124,1384,1508,0.1388
129,1392,1521,0.1388
127,1396,1523,0.1388
129,1386,1515,0.1388
129,1386,1515,0.1388
127,1384,1511,0.1388
125,1376,1501,0.1388
129,1377,1506,0.1388
123,1383,1506,0.1388
124,1396,1520,0.1388
121,1386,1507,0.1388
125,1387,1512,0.1388
128,1389,1517,0.1388
126,1391,1517,0.1388
125,1402,1527,0.1388
120,1403,1523,0.1388
126,1401,1527,0.1388
123,1391,1514,0.1388
124,1400,1524,0.1388
121,1402,1523,0.1388
117,1407,1524,0.1388
113,1404,1517,0.1388
116,1400,1516,0.1388
111,1397,1508,0.1388
114,1414,1528,0.1388
114,1412,1526,0.1388
114,1418,1532,0.1388
113,1409,1522,0.1388
115,1403,1518,0.1388
116,1401,1517,0.1388
118,1393,1511,0.1388
119,1390,1509,0.1388
119,1393,1512,0.1388
118,1398,1516,0.1388
119,1391,1510,0.1388
117,1395,1512,0.1388
118,1405,1523,0.1388
121,1403,1524,0.1388
120,1404,1524,0.1388
117,1397,1514,0.1388
116,1390,1506,0.1388
118,1401,1519,0.1388
119,1399,1518,0.1388
117,1408,1525,0.1388
116,1416,1532,0.1388
118,1412,1530,0.1388
121,1403,1524,0.1388
119,1410,1529,0.1388
118,1408,1526,0.1388
116,1400,1516,0.1388
111,1411,1522,0.1388
112,1409,1521,0.1388
111,1403,1514,0.1388
107,1411,1518,0.1388
106,1411,1517,0.1388
109,1413,1522,0.1388
106,1411,1517,0.1388
104,1418,1522,0.1388
103,1415,1518,0.1388
104,1418,1522,0.1388
103,1418,1521,0.1388
104,1418,1522,0.1388
103,1422,1525,0.1388
109,1416,1525,0.1388
108,1406,1514,0.1388
108,1404,1512,0.1388
107,1403,1510,0.1388
105,1411,1516,0.1388
105,1410,1515,0.1388
101,1412,1513,0.1388
96,1414,1510,0.1388
101,1417,1518,0.1388
101,1423,1524,0.1388
99,1424,1523,0.1388
100,1425,1525,0.1388
100,1417,1517,0.1388
105,1413,1518,0.1388
104,1413,1517,0.1388
101,1418,1519,0.1388
102,1423,1525,0.1388
105,1412,1517,0.1388
108,1413,1521,0.1388
108,1418,1526,0.1388
108,1406,1514,0.1388
107,1390,1497,0.1388
105,1394,1499,0.1388
104,1397,1501,0.1388
108,1395,1503,0.1388
105,1399,1504,0.1388
106,1392,1498,0.1388
106,1402,1508,0.1388
104,1399,1503,0.1388
105,1406,1511,0.1388
106,1403,1509,0.1388
108,1410,1518,0.1388
105,1420,1525,0.1388
109,1427,1536,0.1388
109,1435,1544,0.1388
104,1422,1526,0.1388
108,1413,1521,0.1388
110,1407,1517,0.1388
108,1405,1513,0.1388
110,1412,1522,0.1388
108,1402,1510,0.1388
107,1401,1508,0.1388
107,1401,1508,0.1388
105,1402,1507,0.1388
107,1411,1518,0.1388
107,1410,1517,0.1388
109,1418,1527,0.1388
106,1416,1522,0.1388
108,1423,1531,0.1388
108,1412,1520,0.1388
110,1418,1528,0.1388
107,1410,1517,0.1388
107,1413,1520,0.1388
106,1415,1521,0.1388
103,1419,1522,0.1388
102,1420,1522,0.1388
104,1420,1524,0.1388
105,1423,1528,0.1388
106,1412,1518,0.1388
105,1407,1512,0.1388
103,1405,1508,0.1388
102,1405,1507,0.1388
101,1407,1508,0.1388
100,1410,1510,0.1388
101,1410,1511,0.1388
101,1411,1512,0.1388
99,1425,1524,0.1388
93,1419,1512,0.1388
93,1426,1519,0.1388
90,1421,1511,0.1388
90,1428,1518,0.1388
90,1424,1514,0.1388
90,1431,1521,0.1388
90,1425,1515,0.1388
92,1414,1506,0.1388
90,1409,1499,0.1388
91,1416,1507,0.1388
91,1416,1507,0.1388
91,1406,1497,0.1388
89,1417,1506,0.1388
93,1440,1533,0.1388
93,1437,1530,0.1388
92,1435,1527,0.1388
93,1428,1521,0.1388
88,1432,1520,0.1388
92,1428,1520,0.1388
93,1424,1517,0.1388
94,1422,1516,0.1388
96,1409,1505,0.1388
95,1407,1502,0.1388
98,1418,1516,0.1388
94,1420,1514,0.1388
93,1426,1519,0.1388
95,1422,1517,0.1388
96,1422,1518,0.1388
94,1410,1504,0.1388
94,1399,1493,0.1388
94,1402,1496,0.1388
92,1416,1508,0.1388
93,1416,1509,0.1388
94,1421,1515,0.1388
95,1419,1514,0.1388
96,1415,1511,0.1388
96,1410,1506,0.1388
96,1417,1513,0.1388
95,1422,1517,0.1388
92,1424,1516,0.1388
90,1415,1505,0.1388
90,1431,1521,0.1388
91,1430,1521,0.1388
93,1436,1529,0.1388
95,1424,1519,0.1388
95,1420,1515,0.1388
93,1424,1517,0.1388
93,1419,1512,0.1388
92,1417,1509,0.1388
91,1423,1514,0.1388
91,1418,1509,0.1388
89,1416,1505,0.1388
92,1429,1521,0.1388
91,1437,1528,0.1388
88,1445,1533,0.1388
86,1442,1528,0.1388
85,1439,1524,0.1388
83,1431,1514,0.1388
82,1433,1515,0.1388
83,1435,1518,0.1388
82,1431,1513,0.1388
85,1434,1519,0.1388
88,1429,1517,0.1388
85,1422,1507,0.1388
84,1430,1514,0.1388
83,1435,1518,0.1388
83,1419,1502,0.1388
83,1424,1507,0.1388
86,1428,1514,0.1388
88,1419,1507,0.1388
90,1436,1526,0.1388
88,1438,1526,0.1388
86,1443,1529,0.1388
86,1438,1524,0.1388
82,1430,1512,0.1388
80,1427,1507,0.1388
83,1431,1514,0.1388
81,1440,1521,0.1388
76,1441,1517,0.1388
78,1453,1531,0.1388
76,1444,1520,0.1388
76,1446,1522,0.1388
76,1444,1520,0.1388
74,1444,1518,0.1388
74,1463,1537,0.1388
74,1462,1536,0.1388
75,1447,1522,0.1388
76,1440,1516,0.1388
74,1437,1511,0.1388
71,1438,1509,0.1388
73,1443,1516,0.1388
74,1434,1508,0.1388
71,1436,1507,0.1388
74,1449,1523,0.1388
75,1452,1527,0.1388
75,1456,1531,0.1388
78,1454,1532,0.1388
76,1441,1517,0.1388
75,1434,1509,0.1388
75,1433,1508,0.1388
73,1438,1511,0.1388
74,1431,1505,0.1388
72,1427,1499,0.1388
73,1413,1486,0.1388
72,1427,1499,0.1388
75,1439,1514,0.1388
74,1451,1525,0.1388
76,1434,1510,0.1388
75,1437,1512,0.1388
75,1442,1517,0.1388
76,1445,1521,0.1388
76,1444,1520,0.1388
74,1455,1529,0.1388
74,1451,1525,0.1388
74,1444,1518,0.1388
73,1446,1519,0.1388
70,1454,1524,0.1388
72,1454,1526,0.1388
73,1443,1516,0.1388
72,1449,1521,0.1388
71,1452,1523,0.1388
69,1446,1515,0.1388
70,1438,1508,0.1388
71,1440,1511,0.1388
70,1441,1511,0.1388
69,1439,1508,0.1388
68,1441,1509,0.1388
70,1444,1514,0.1388
67,1455,1522,0.1388
66,1451,1517,0.1388
64,1449,1513,0.1388
60,1455,1515,0.1388
59,1461,1520,0.1388
56,1452,1508,0.1388
55,1456,1511,0.1388
56,1457,1513,0.1388
56,1473,1529,0.1388
55,1465,1520,0.1388
55,1473,1528,0.1388
54,1471,1525,0.1388
53,1464,1517,0.1388
52,1448,1500,0.1388
56,1455,1511,0.1388
55,1459,1514,0.1388
56,1452,1508,0.1388
57,1457,1514,0.1388
60,1458,1518,0.1388
60,1454,1514,0.1388
62,1451,1513,0.1388
61,1445,1506,0.1388
57,1457,1514,0.1388
60,1458,1518,0.1388
58,1454,1512,0.1388
59,1458,1517,0.1388
55,1440,1495,0.1388
57,1442,1499,0.1388
54,1457,1511,0.1388
54,1456,1510,0.1388
59,1457,1516,0.1388
59,1476,1535,0.1388
60,1474,1534,0.1388
62,1471,1533,0.1388
60,1465,1525,0.1388
59,1459,1518,0.1388
57,1464,1521,0.1388
57,1467,1524,0.1388
57,1458,1515,0.1388
57,1457,1514,0.1388
56,1463,1519,0.1388
54,1455,1509,0.1388
54,1455,1509,0.1388
52,1466,1518,0.1388
52,1469,1521,0.1388
51,1471,1522,0.1388
49,1457,1506,0.1388
46,1462,1508,0.1388
46,1481,1527,0.1388
47,1473,1520,0.1388
49,1471,1520,0.1388
48,1482,1530,0.1388
48,1488,1536,0.1388
48,1476,1524,0.1388
45,1479,1524,0.1388
45,1470,1515,0.1388
44,1466,1510,0.1388
44,1466,1510,0.1388
44,1480,1524,0.1388
44,1477,1521,0.1388
44,1454,1498,0.1388
46,1464,1510,0.1388
48,1464,1512,0.1388
46,1467,1513,0.1388
48,1464,1512,0.1388
48,1465,1513,0.1388
49,1469,1518,0.1388
50,1470,1520,0.1388
51,1455,1506,0.1388
52,1455,1507,0.1388
53,1465,1518,0.1388
53,1469,1522,0.1388
52,1472,1524,0.1388
49,1474,1523,0.1388
48,1471,1519,0.1388
49,1466,1515,0.1388
50,1460,1510,0.1388
53,1463,1516,0.1388
52,1444,1496,0.1388
53,1451,1504,0.1388
52,1447,1499,0.1388
52,1446,1498,0.1388
52,1469,1521,0.1388
53,1461,1514,0.1388
54,1457,1511,0.1388
56,1467,1523,0.1388
55,1470,1525,0.1388
50,1477,1527,0.1388
48,1462,1510,0.1388
47,1460,1507,0.1388
43,1474,1517,0.1388
42,1465,1507,0.1388
41,1467,1508,0.1388
41,1458,1499,0.1388
41,1459,1500,0.1388
41,1468,1509,0.1388
42,1471,1513,0.1388
41,1471,1512,0.1388
41,1474,1515,0.1388
38,1475,1513,0.1388
38,1467,1505,0.1388
38,1479,1517,0.1388
39,1493,1532,0.1388
39,1486,1525,0.1388
38,1484,1522,0.1388
37,1486,1523,0.1388
35,1479,1514,0.1388
35,1474,1509,0.1388
34,1475,1509,0.1388
33,1485,1518,0.1388
33,1491,1524,0.1388
34,1489,1523,0.1388
36,1486,1522,0.1388
36,1482,1518,0.1388
36,1494,1530,0.1388
35,1474,1509,0.1388
32,1478,1510,0.1388
30,1473,1503,0.1388
31,1473,1504,0.1388
33,1474,1507,0.1388
32,1481,1513,0.1388
32,1491,1523,0.1388
32,1499,1531,0.1388
32,1488,1520,0.1388
30,1471,1501,0.1388
31,1491,1522,0.1388
32,1489,1521,0.1388
32,1495,1527,0.1388
32,1493,1525,0.1388
32,1486,1518,0.1388
30,1483,1513,0.1388
32,1483,1515,0.1388
32,1480,1512,0.1388
32,1486,1518,0.1388
32,1495,1527,0.1388
31,1475,1506,0.1388
30,1467,1497,0.1388
30,1479,1509,0.1388
29,1495,1524,0.1388
28,1488,1516,0.1388
28,1487,1515,0.1388
29,1502,1531,0.1388
30,1493,1523,0.1388
32,1491,1523,0.1388
31,1490,1521,0.1388
30,1485,1515,0.1388
30,1488,1518,0.1388
27,1493,1520,0.1388
28,1488,1516,0.1388
27,1494,1521,0.1388
27,1505,1532,0.1388
27,1497,1524,0.1388
26,1490,1516,0.1388
25,1501,1526,0.1388
25,1498,1523,0.1388
23,1495,1518,0.1388
23,1493,1516,0.1388
23,1499,1522,0.1388
24,1504,1528,0.1388
22,1501,1523,0.1388
20,1504,1524,0.1388
18,1497,1515,0.1388
18,1517,1535,0.1388
18,1515,1533,0.1388
17,1501,1518,0.1388
15,1503,1518,0.1388
15,1500,1515,0.1388
15,1515,1530,0.1388
16,1513,1529,0.1388
17,1515,1532,0.1388
17,1509,1526,0.1388
17,1509,1526,0.1388
18,1495,1513,0.1388
18,1503,1521,0.1388
19,1503,1522,0.1388
19,1515,1534,0.1388
19,1509,1528,0.1388
19,1513,1532,0.1388
19,1506,1525,0.1388
18,1492,1510,0.1388
18,1497,1515,0.1388
18,1499,1517,0.1388
19,1493,1512,0.1388
18,1481,1499,0.1388
15,1492,1507,0.1388
15,1504,1519,0.1388
16,1488,1504,0.1388
16,1503,1519,0.1388
17,1506,1523,0.1388
16,1498,1514,0.1388
17,1506,1523,0.1388
17,1511,1528,0.1388
19,1506,1525,0.1388
20,1488,1508,0.1388
20,1494,1514,0.1388
19,1500,1519,0.1388
19,1498,1517,0.1388
19,1502,1521,0.1388
18,1496,1514,0.1388
18,1497,1515,0.1388
18,1504,1522,0.1388
18,1498,1516,0.1388
18,1492,1510,0.1388
18,1487,1505,0.1388
17,1490,1507,0.1388
17,1496,1513,0.1388
15,1504,1519,0.1388
15,1499,1514,0.1388
15,1492,1507,0.1388
15,1480,1495,0.1388
14,1483,1497,0.1388
15,1500,1515,0.1388
13,1503,1516,0.1388
13,1493,1506,0.1388
13,1495,1508,0.1388
13,1497,1510,0.1388
13,1498,1511,0.1388
14,1494,1508,0.1388
14,1493,1507,0.1388
13,1494,1507,0.1388
13,1486,1499,0.1388
13,1484,1497,0.1388
12,1481,1493,0.1388
13,1499,1512,0.1388
10,1491,1501,0.1388
12,1489,1501,0.1388
12,1485,1497,0.1388
12,1492,1504,0.1388
12,1495,1507,0.1388
11,1499,1510,0.1388
11,1502,1513,0.1388
11,1507,1518,0.1388
10,1504,1514,0.1388
10,1502,1512,0.1388
9,1502,1511,0.1388
8,1497,1505,0.1388
8,1501,1509,0.1388
8,1508,1516,0.1388
9,1506,1515,0.1388
9,1510,1519,0.1388
9,1511,1520,0.1388
8,1505,1513,0.1388
8,1492,1500,0.1388
8,1504,1512,0.1388
8,1487,1495,0.1388
7,1496,1503,0.1388
7,1504,1511,0.1388
7,1512,1519,0.1388
8,1505,1513,0.1388
8,1503,1511,0.1388
7,1500,1507,0.1388
7,1515,1522,0.1388
7,1510,1517,0.1388
6,1508,1514,0.1388
5,1503,1508,0.1388
5,1499,1504,0.1388
5,1493,1498,0.1388
6,1495,1501,0.1388
8,1500,1508,0.1388
8,1509,1517,0.1388
8,1503,1511,0.1388
8,1488,1496,0.1388
8,1493,1501,0.1388
8,1502,1510,0.1388
8,1516,1524,0.1388
8,1510,1518,0.1388
8,1514,1522,0.1388
10,1511,1521,0.1388
9,1509,1518,0.1388
9,1512,1521,0.1388
10,1509,1519,0.1388
10,1513,1523,0.1388
10,1518,1528,0.1388
10,1510,1520,0.1388
10,1496,1506,0.1388
10,1502,1512,0.1388
10,1497,1507,0.1388
11,1480,1491,0.1388
10,1505,1515,0.1388
10,1506,1516,0.1388
11,1514,1525,0.1388
11,1506,1517,0.1388
11,1512,1523,0.1388
11,1503,1514,0.1388
10,1509,1519,0.1388
9,1499,1508,0.1388
9,1501,1510,0.1388
9,1494,1503,0.1388
9,1498,1507,0.1388
9,1491,1500,0.1388
10,1490,1500,0.1388
11,1486,1497,0.1388
11,1499,1510,0.1388
12,1503,1515,0.1388
13,1497,1510,0.1388
13,1501,1514,0.1388
13,1497,1510,0.1388
12,1499,1511,0.1388
12,1487,1499,0.1388
12,1493,1505,0.1388
12,1482,1494,0.1388
12,1494,1506,0.1388
13,1494,1507,0.1388
13,1499,1512,0.1388
13,1501,1514,0.1388
13,1491,1504,0.1388
13,1498,1511,0.1388
12,1512,1524,0.1388
12,1518,1530,0.1388
11,1528,1539,0.1388
13,1523,1536,0.1388
12,1509,1521,0.1388
13,1508,1521,0.1388
13,1510,1523,0.1388
15,1504,1519,0.1388
15,1498,1513,0.1388
15,1496,1511,0.1388
15,1499,1514,0.1388
15,1497,1512,0.1388
15,1500,1515,0.1388
15,1489,1504,0.1388
14,1495,1509,0.1388
15,1502,1517,0.1388
15,1486,1501,0.1388
15,1489,1504,0.1388
17,1488,1505,0.1388
16,1502,1518,0.1388
17,1501,1518,0.1388
17,1510,1527,0.1388
17,1501,1518,0.1388
16,1504,1520,0.1388
17,1508,1525,0.1388
15,1488,1503,0.1388
15,1507,1522,0.1388
15,1495,1510,0.1388
15,1517,1532,0.1388
16,1521,1537,0.1388
16,1515,1531,0.1388
15,1511,1526,0.1388
15,1498,1513,0.1388
14,1506,1520,0.1388
14,1507,1521,0.1388
14,1500,1514,0.1388
14,1504,1518,0.1388
14,1501,1515,0.1388
14,1507,1521,0.1388
14,1501,1515,0.1388
15,1506,1521,0.1388
15,1510,1525,0.1388
16,1513,1529,0.1388
17,1515,1532,0.1388
17,1505,1522,0.1388
16,1495,1511,0.1388
16,1500,1516,0.1388
16,1490,1506,0.1388
16,1493,1509,0.1388
16,1492,1508,0.1388
16,1497,1513,0.1388
16,1506,1522,0.1388
16,1502,1518,0.1388
16,1502,1518,0.1388
15,1510,1525,0.1388
15,1503,1518,0.1388
15,1486,1501,0.1388
16,1504,1520,0.1388
14,1513,1527,0.1388
13,1508,1521,0.1388
14,1502,1516,0.1388
15,1507,1522,0.1388
13,1510,1523,0.1388
14,1492,1506,0.1388
15,1494,1509,0.1388
14,1517,1531,0.1388
14,1509,1523,0.1388
14,1508,1522,0.1388
14,1500,1514,0.1388
14,1496,1510,0.1388
13,1511,1524,0.1388
13,1505,1518,0.1388
13,1502,1515,0.1388
13,1501,1514,0.1388
15,1509,1524,0.1388
15,1501,1516,0.1388
15,1498,1513,0.1388
14,1491,1505,0.1388
12,1501,1513,0.1388
13,1507,1520,0.1388
12,1494,1506,0.1388
13,1489,1502,0.1388
12,1500,1512,0.1388
14,1496,1510,0.1388
14,1489,1503,0.1388
15,1500,1515,0.1388
15,1512,1527,0.1388
13,1505,1518,0.1388
13,1502,1515,0.1388
15,1511,1526,0.1388
16,1507,1523,0.1388
16,1504,1520,0.1388
16,1498,1514,0.1388
16,1491,1507,0.1388
15,1484,1499,0.1388
15,1499,1514,0.1388
15,1506,1521,0.1388
15,1504,1519,0.1388
15,1501,1516,0.1388
15,1506,1521,0.1388
12,1517,1529,0.1388
12,1497,1509,0.1388
12,1504,1516,0.1388
12,1502,1514,0.1388
13,1510,1523,0.1388
13,1497,1510,0.1388
13,1509,1522,0.1388
13,1506,1519,0.1388
14,1498,1512,0.1388
14,1506,1520,0.1388
14,1497,1511,0.1388
14,1501,1515,0.1388
13,1510,1523,0.1388
12,1511,1523,0.1388
12,1504,1516,0.1388
12,1510,1522,0.1388
12,1500,1512,0.1388
12,1490,1502,0.1388
12,1489,1501,0.1388
11,1496,1507,0.1388
12,1491,1503,0.1388
11,1507,1518,0.1388
13,1502,1515,0.1388
13,1511,1524,0.1388
13,1514,1527,0.1388
11,1510,1521,0.1388
11,1505,1516,0.1388
11,1515,1526,0.1388
11,1517,1528,0.1388
11,1515,1526,0.1388
10,1519,1529,0.1388
9,1521,1530,0.1388
9,1508,1517,0.1388
9,1523,1532,0.1388
9,1516,1525,0.1388
9,1512,1521,0.1388
9,1511,1520,0.1388
9,1501,1510,0.1388
9,1498,1507,0.1388
9,1508,1517,0.1388
11,1513,1524,0.1388
11,1500,1511,0.1388
10,1509,1519,0.1388
10,1509,1519,0.1388
10,1517,1527,0.1388
10,1518,1528,0.1388
10,1522,1532,0.1388
10,1519,1529,0.1388
9,1503,1512,0.1388
10,1513,1523,0.1388
10,1511,1521,0.1388
8,1510,1518,0.1388
9,1511,1520,0.1388
9,1516,1525,0.1388
9,1505,1514,0.1388
9,1487,1496,0.1388
11,1491,1502,0.1388
10,1498,1508,0.1388
11,1503,1514,0.1388
11,1499,1510,0.1388
11,1512,1523,0.1388
11,1510,1521,0.1388
11,1503,1514,0.1388
11,1500,1511,0.1388
11,1504,1515,0.1388
9,1511,1520,0.1388
9,1497,1506,0.1388
9,1500,1509,0.1388
8,1513,1521,0.1388
8,1517,1525,0.1388
9,1513,1522,0.1388
10,1514,1524,0.1388
11,1506,1517,0.1388
12,1500,1512,0.1388
13,1506,1519,0.1388
14,1495,1509,0.1388
15,1498,1513,0.1388
15,1511,1526,0.1388
14,1501,1515,0.1388
14,1494,1508,0.1388
16,1487,1503,0.1388
17,1492,1509,0.1388
15,1496,1511,0.1388
14,1495,1509,0.1388
15,1497,1512,0.1388
16,1491,1507,0.1388
16,1490,1506,0.1388
15,1496,1511,0.1388
15,1500,1515,0.1388
15,1505,1520,0.1388
14,1499,1513,0.1388
14,1496,1510,0.1388
14,1496,1510,0.1388
14,1518,1532,0.1388
14,1515,1529,0.1388
13,1507,1520,0.1388
13,1505,1518,0.1388
13,1497,1510,0.1388
13,1487,1500,0.1388
13,1495,1508,0.1388
13,1490,1503,0.1388
13,1504,1517,0.1388
13,1501,1514,0.1388
13,1501,1514,0.1388
13,1506,1519,0.1388
12,1507,1519,0.1388
13,1509,1522,0.1388
13,1500,1513,0.1388
12,1497,1509,0.1388
12,1505,1517,0.1388
13,1502,1515,0.1388
13,1482,1495,0.1388
12,1504,1516,0.1388
12,1510,1522,0.1388
11,1509,1520,0.1388
13,1503,1516,0.1388
13,1499,1512,0.1388
13,1496,1509,0.1388
14,1499,1513,0.1388
14,1492,1506,0.1388
14,1504,1518,0.1388
13,1516,1529,0.1388
13,1522,1535,0.1388
14,1530,1544,0.1388
12,1517,1529,0.1388
12,1510,1522,0.1388
12,1519,1531,0.1388
12,1504,1516,0.1388
13,1515,1528,0.1388
14,1523,1537,0.1388
14,1499,1513,0.1388
14,1504,1518,0.1388
14,1499,1513,0.1388
14,1509,1523,0.1388
16,1498,1514,0.1388
15,1502,1517,0.1388
16,1498,1514,0.1388
16,1507,1523,0.1388
16,1507,1523,0.1388
17,1509,1526,0.1388
15,1506,1521,0.1388
16,1506,1522,0.1388
15,1508,1523,0.1388
15,1516,1531,0.1388
15,1520,1535,0.1388
12,1506,1518,0.1388
11,1494,1505,0.1388
13,1496,1509,0.1388
13,1503,1516,0.1388
13,1498,1511,0.1388
13,1503,1516,0.1388
12,1496,1508,0.1388
12,1496,1508,0.1388
13,1497,1510,0.1388
12,1489,1501,0.1388
12,1500,1512,0.1388
13,1498,1511,0.1388
12,1508,1520,0.1388
11,1510,1521,0.1388
12,1504,1516,0.1388
10,1514,1524,0.1388
11,1501,1512,0.1388
10,1501,1511,0.1388
10,1510,1520,0.1388
11,1501,1512,0.1388
11,1516,1527,0.1388
11,1510,1521,0.1388
11,1505,1516,0.1388
11,1502,1513,0.1388
11,1503,1514,0.1388
11,1507,1518,0.1388
11,1499,1510,0.1388
10,1504,1514,0.1388
10,1501,1511,0.1388
12,1491,1503,0.1388
10,1495,1505,0.1388
10,1505,1515,0.1388
10,1501,1511,0.1388
10,1505,1515,0.1388
11,1512,1523,0.1388
11,1510,1521,0.1388
11,1501,1512,0.1388
11,1510,1521,0.1388
10,1496,1506,0.1388
10,1508,1518,0.1388
10,1504,1514,0.1388
9,1505,1514,0.1388
10,1510,1520,0.1388
10,1503,1513,0.1388
10,1509,1519,0.1388
10,1508,1518,0.1388
11,1515,1526,0.1388
11,1501,1512,0.1388
12,1509,1521,0.1388
12,1504,1516,0.1388
11,1498,1509,0.1388
12,1505,1517,0.1388
12,1506,1518,0.1388
12,1511,1523,0.1388
12,1511,1523,0.1388
11,1504,1515,0.1388
10,1514,1524,0.1388
10,1509,1519,0.1388
9,1518,1527,0.1388
9,1505,1514,0.1388
8,1512,1520,0.1388
8,1514,1522,0.1388
8,1508,1516,0.1388
7,1511,1518,0.1388
8,1519,1527,0.1388
8,1519,1527,0.1388
8,1515,1523,0.1388
8,1518,1526,0.1388
9,1518,1527,0.1388
9,1514,1523,0.1388
10,1513,1523,0.1388
9,1511,1520,0.1388
9,1495,1504,0.1388
9,1508,1517,0.1388
9,1514,1523,0.1388
9,1502,1511,0.1388
9,1508,1517,0.1388
9,1501,1510,0.1388
9,1494,1503,0.1388
9,1501,1510,0.1388
9,1501,1510,0.1388
9,1495,1504,0.1388
8,1505,1513,0.1388
7,1491,1498,0.1388
6,1490,1496,0.1388
6,1496,1502,0.1388
6,1508,1514,0.1388
6,1504,1510,0.1388
5,1500,1505,0.1388
5,1508,1513,0.1388
5,1500,1505,0.1388
5,1507,1512,0.1388
5,1501,1506,0.1388
5,1513,1518,0.1388
5,1512,1517,0.1388
4,1519,1523,0.1388
3,1518,1521,0.1388
3,1530,1533,0.1388
3,1529,1532,0.1388
3,1527,1530,0.1388
3,1526,1529,0.1388
3,1517,1520,0.1388
3,1513,1516,0.1388
3,1528,1531,0.1388
3,1525,1528,0.1388
3,1518,1521,0.1388
3,1506,1509,0.1388
3,1515,1518,0.1388
3,1518,1521,0.1388
3,1516,1519,0.1388
3,1511,1514,0.1388
3,1508,1511,0.1388
3,1522,1525,0.1388
2,1526,1528,0.1388
2,1513,1515,0.1388
2,1506,1508,0.1388
2,1502,1504,0.1388
2,1499,1501,0.1388
2,1502,1504,0.1388
2,1520,1522,0.1388
1,1507,1508,0.1388
1,1506,1507,0.1388
1,1520,1521,0.1388
1,1508,1509,0.1388
1,1510,1511,0.1388
1,1497,1498,0.1388
1,1508,1509,0.1388
1,1515,1516,0.1388
1,1523,1524,0.1388
1,1520,1521,0.1388
1,1530,1531,0.1388
1,1522,1523,0.1388
1,1522,1523,0.1388
1,1531,1532,0.1388
1,1518,1519,0.1388
1,1511,1512,0.1388
1,1511,1512,0.1388
1,1508,1509,0.1388
1,1522,1523,0.1388
1,1518,1519,0.1388
1,1523,1524,0.1388
1,1529,1530,0.1388
1,1522,1523,0.1388
1,1523,1524,0.1388
1,1515,1516,0.1388
1,1504,1505,0.1388
1,1506,1507,0.1388
0,1516,1516,0.1388
