1362,27,1389,0.1388
1400,28,1428,0.1388
1433,30,1463,0.1388
1460,29,1489,0.1388
1449,27,1476,0.1388
1468,27,1495,0.1388
1470,28,1498,0.1388
1473,30,1503,0.1388
1466,31,1497,0.1388
1473,31,1504,0.1388
1454,33,1487,0.1388
1468,34,1502,0.1388
1457,35,1492,0.1388
1461,34,1495,0.1388
1460,33,1493,0.1388
1455,33,1488,0.1388
1463,32,1495,0.1388
1452,31,1483,0.1388
1446,32,1478,0.1388
1452,34,1486,0.1388
1446,35,1481,0.1388
1445,35,1480,0.1388
1447,35,1482,0.1388
1455,32,1487,0.1388
1465,31,1496,0.1388
1454,29,1483,0.1388
1459,28,1487,0.1388
1460,28,1488,0.1388
1454,29,1483,0.1388
1457,29,1486,0.1388
1457,29,1486,0.1388
1463,29,1492,0.1388
1461,30,1491,0.1388
1456,28,1484,0.1388
1467,27,1494,0.1388
1458,28,1486,0.1388
1463,27,1490,0.1388
1456,27,1483,0.1388
1448,26,1474,0.1388
1457,28,1485,0.1388
1433,31,1464,0.1388
1421,31,1452,0.1388
1432,32,1464,0.1388
1444,33,1477,0.1388
1451,33,1484,0.1388
1441,34,1475,0.1388
1442,33,1475,0.1388
1451,34,1485,0.1388
1459,34,1493,0.1388
1445,37,1482,0.1388
1447,40,1487,0.1388
1465,39,1504,0.1388
1454,40,1494,0.1388
1455,42,1497,0.1388
1456,41,1497,0.1388
1459,41,1500,0.1388
1467,42,1509,0.1388
1466,42,1508,0.1388
1462,41,1503,0.1388
1456,43,1499,0.1388
1462,45,1507,0.1388
1456,43,1499,0.1388
1441,40,1481,0.1388
1450,39,1489,0.1388
1462,39,1501,0.1388
1465,39,1504,0.1388
1474,42,1516,0.1388
1467,42,1509,0.1388
1463,40,1503,0.1388
1466,42,1508,0.1388
1466,42,1508,0.1388
1468,41,1509,0.1388
1454,40,1494,0.1388
1457,43,1500,0.1388
1458,44,1502,0.1388
1440,43,1483,0.1388
1458,43,1501,0.1388
1449,44,1493,0.1388
1440,46,1486,0.1388
1447,47,1494,0.1388
1439,46,1485,0.1388
1441,48,1489,0.1388
1429,46,1475,0.1388
1447,45,1492,0.1388
1461,46,1507,0.1388
1473,45,1518,0.1388
1469,45,1514,0.1388
1466,45,1511,0.1388
1457,45,1502,0.1388
1445,46,1491,0.1388
1440,44,1484,0.1388
1440,46,1486,0.1388
1450,45,1495,0.1388
1434,46,1480,0.1388
1433,45,1478,0.1388
1431,48,1479,0.1388
1423,46,1469,0.1388
1433,48,1481,0.1388
1446,49,1495,0.1388
1445,49,1494,0.1388
1444,51,1495,0.1388
1441,52,1493,0.1388
1441,50,1491,0.1388
1427,49,1476,0.1388
1427,48,1475,0.1388
1419,49,1468,0.1388
1429,49,1478,0.1388
1448,49,1497,0.1388
1450,49,1499,0.1388
1454,50,1504,0.1388
1448,50,1498,0.1388
1442,50,1492,0.1388
1443,50,1493,0.1388
1441,49,1490,0.1388
1448,51,1499,0.1388
1450,49,1499,0.1388
1448,53,1501,0.1388
1438,54,1492,0.1388
1443,57,1500,0.1388
1435,56,1491,0.1388
1426,55,1481,0.1388
1439,56,1495,0.1388
1434,56,1490,0.1388
1429,56,1485,0.1388
1430,55,1485,0.1388
1427,57,1484,0.1388
1436,56,1492,0.1388
1450,56,1506,0.1388
1436,52,1488,0.1388
1427,52,1479,0.1388
1427,57,1484,0.1388
1434,56,1490,0.1388
1437,58,1495,0.1388
1441,58,1499,0.1388
1447,57,1504,0.1388
1450,57,1507,0.1388
1455,55,1510,0.1388
1457,56,1513,0.1388
1448,57,1505,0.1388
1445,56,1501,0.1388
1432,58,1490,0.1388
1433,58,1491,0.1388
1431,60,1491,0.1388
1445,61,1506,0.1388
1437,56,1493,0.1388
1435,59,1494,0.1388
1442,60,1502,0.1388
1429,59,1488,0.1388
1435,61,1496,0.1388
1436,63,1499,0.1388
1429,62,1491,0.1388
1435,62,1497,0.1388
1440,60,1500,0.1388
1449,61,1510,0.1388
1447,60,1507,0.1388
1441,61,1502,0.1388
1437,60,1497,0.1388
1436,60,1496,0.1388
1439,59,1498,0.1388
1453,57,1510,0.1388
1440,54,1494,0.1388
1449,56,1505,0.1388
1442,57,1499,0.1388
1437,57,1494,0.1388
1434,58,1492,0.1388
1429,59,1488,0.1388
1425,62,1487,0.1388
1429,64,1493,0.1388
1443,64,1507,0.1388
1446,64,1510,0.1388
1440,66,1506,0.1388
1423,69,1492,0.1388
1413,70,1483,0.1388
1412,68,1480,0.1388
1416,69,1485,0.1388
1403,68,1471,0.1388
1423,68,1491,0.1388
1426,67,1493,0.1388
1419,66,1485,0.1388
1419,65,1484,0.1388
1414,65,1479,0.1388
1417,65,1482,0.1388
1426,66,1492,0.1388
1425,66,1491,0.1388
1422,65,1487,0.1388
1437,64,1501,0.1388
1433,62,1495,0.1388
1427,59,1486,0.1388
1416,60,1476,0.1388
1412,60,1472,0.1388
1429,61,1490,0.1388
1439,60,1499,0.1388
1437,62,1499,0.1388
1445,64,1509,0.1388
1427,62,1489,0.1388
1425,61,1486,0.1388
1424,59,1483,0.1388
1431,60,1491,0.1388
1423,63,1486,0.1388
1436,61,1497,0.1388
1438,60,1498,0.1388
1430,59,1489,0.1388
1430,56,1486,0.1388
1430,55,1485,0.1388
1423,55,1478,0.1388
1429,58,1487,0.1388
1431,57,1488,0.1388
1435,55,1490,0.1388
1439,56,1495,0.1388
1440,57,1497,0.1388
1435,56,1491,0.1388
1442,58,1500,0.1388
1438,57,1495,0.1388
1437,55,1492,0.1388
1425,58,1483,0.1388
1436,57,1493,0.1388
1431,56,1487,0.1388
1436,54,1490,0.1388
1439,56,1495,0.1388
1448,58,1506,0.1388
1444,58,1502,0.1388
1436,56,1492,0.1388
1445,58,1503,0.1388
1442,57,1499,0.1388
1445,59,1504,0.1388
1445,59,1504,0.1388
1431,58,1489,0.1388
1423,56,1479,0.1388
1429,53,1482,0.1388
1433,54,1487,0.1388
1437,52,1489,0.1388
1437,52,1489,0.1388
1417,53,1470,0.1388
1414,51,1465,0.1388
1413,54,1467,0.1388
1418,56,1474,0.1388
1413,58,1471,0.1388
1416,57,1473,0.1388
1435,55,1490,0.1388
1434,51,1485,0.1388
1428,52,1480,0.1388
1447,53,1500,0.1388
1443,53,1496,0.1388
1436,53,1489,0.1388
1435,54,1489,0.1388
1434,54,1488,0.1388
1438,55,1493,0.1388
1435,55,1490,0.1388
1430,59,1489,0.1388
1440,60,1500,0.1388
1439,59,1498,0.1388
1436,59,1495,0.1388
1435,58,1493,0.1388
1444,60,1504,0.1388
1432,61,1493,0.1388
1432,63,1495,0.1388
1442,60,1502,0.1388
1446,63,1509,0.1388
1437,62,1499,0.1388
1430,65,1495,0.1388
1426,64,1490,0.1388
1424,65,1489,0.1388
1422,64,1486,0.1388
1417,63,1480,0.1388
1425,64,1489,0.1388
1424,66,1490,0.1388
1414,65,1479,0.1388
1412,65,1477,0.1388
1430,65,1495,0.1388
1424,67,1491,0.1388
1413,68,1481,0.1388
1417,68,1485,0.1388
1417,66,1483,0.1388
1419,68,1487,0.1388
1400,64,1464,0.1388
1405,67,1472,0.1388
1403,67,1470,0.1388
1416,68,1484,0.1388
1420,68,1488,0.1388
1423,68,1491,0.1388
1414,68,1482,0.1388
1430,67,1497,0.1388
1411,68,1479,0.1388
1418,71,1489,0.1388
1422,71,1493,0.1388
1416,72,1488,0.1388
1416,73,1489,0.1388
1413,71,1484,0.1388
1441,71,1512,0.1388
1450,70,1520,0.1388
1440,68,1508,0.1388
1434,66,1500,0.1388
1439,68,1507,0.1388
1427,70,1497,0.1388
1435,70,1505,0.1388
1432,69,1501,0.1388
1420,69,1489,0.1388
1433,68,1501,0.1388
1432,65,1497,0.1388
1439,67,1506,0.1388
1438,67,1505,0.1388
1427,69,1496,0.1388
1419,69,1488,0.1388
1410,69,1479,0.1388
1413,70,1483,0.1388
1419,71,1490,0.1388
1413,72,1485,0.1388
1416,74,1490,0.1388
1413,73,1486,0.1388
1421,73,1494,0.1388
1437,73,1510,0.1388
1434,72,1506,0.1388
1425,75,1500,0.1388
1423,76,1499,0.1388
1417,79,1496,0.1388
1426,78,1504,0.1388
1411,81,1492,0.1388
1418,82,1500,0.1388
1412,83,1495,0.1388
1410,83,1493,0.1388
1419,83,1502,0.1388
1416,81,1497,0.1388
1416,85,1501,0.1388
1412,83,1495,0.1388
1419,83,1502,0.1388
1412,82,1494,0.1388
1411,82,1493,0.1388
1403,82,1485,0.1388
1408,83,1491,0.1388
1407,84,1491,0.1388
1391,84,1475,0.1388
1409,88,1497,0.1388
1410,94,1504,0.1388
1403,91,1494,0.1388
1397,92,1489,0.1388
1390,99,1489,0.1388
1392,101,1493,0.1388
1390,101,1491,0.1388
1392,101,1493,0.1388
1393,102,1495,0.1388
1391,103,1494,0.1388
1383,101,1484,0.1388
1385,98,1483,0.1388
1395,102,1497,0.1388
1384,99,1483,0.1388
1393,102,1495,0.1388
1405,101,1506,0.1388
1406,98,1504,0.1388
1391,101,1492,0.1388
1397,102,1499,0.1388
1391,104,1495,0.1388
1394,104,1498,0.1388
1385,98,1483,0.1388
1387,104,1491,0.1388
1390,104,1494,0.1388
1385,102,1487,0.1388
1398,104,1502,0.1388
1406,102,1508,0.1388
1400,101,1501,0.1388
1388,105,1493,0.1388
1377,103,1480,0.1388
1384,108,1492,0.1388
1393,112,1505,0.1388
1386,112,1498,0.1388
1387,114,1501,0.1388
1392,112,1504,0.1388
1396,114,1510,0.1388
1395,114,1509,0.1388
1382,111,1493,0.1388
1382,108,1490,0.1388
1376,108,1484,0.1388
1390,107,1497,0.1388
1381,105,1486,0.1388
1384,108,1492,0.1388
1382,110,1492,0.1388
1362,110,1472,0.1388
1357,110,1467,0.1388
1364,113,1477,0.1388
1373,111,1484,0.1388
1363,112,1475,0.1388
1353,114,1467,0.1388
1360,111,1471,0.1388
1352,115,1467,0.1388
1377,116,1493,0.1388
1375,116,1491,0.1388
1376,118,1494,0.1388
1382,121,1503,0.1388
1351,128,1479,0.1388
1348,128,1476,0.1388
1343,129,1472,0.1388
1345,130,1475,0.1388
1353,131,1484,0.1388
1358,126,1484,0.1388
1348,127,1475,0.1388
1365,128,1493,0.1388
1365,130,1495,0.1388
1361,130,1491,0.1388
1349,133,1482,0.1388
1347,134,1481,0.1388
1359,138,1497,0.1388
1362,139,1501,0.1388
1372,141,1513,0.1388
1372,142,1514,0.1388
1363,141,1504,0.1388
1377,140,1517,0.1388
1377,139,1516,0.1388
1366,137,1503,0.1388
1364,137,1501,0.1388
1357,141,1498,0.1388
1361,139,1500,0.1388
1353,136,1489,0.1388
1360,138,1498,0.1388
1353,142,1495,0.1388
1344,142,1486,0.1388
1350,144,1494,0.1388
1341,145,1486,0.1388
1349,143,1492,0.1388
1358,141,1499,0.1388
1354,140,1494,0.1388
1346,137,1483,0.1388
1349,133,1482,0.1388
1357,138,1495,0.1388
1355,136,1491,0.1388
1347,136,1483,0.1388
1363,136,1499,0.1388
1351,135,1486,0.1388
1350,130,1480,0.1388
1350,132,1482,0.1388
1347,130,1477,0.1388
1362,131,1493,0.1388
1365,133,1498,0.1388
1367,136,1503,0.1388
1369,139,1508,0.1388
1358,139,1497,0.1388
1350,136,1486,0.1388
1341,140,1481,0.1388
1363,140,1503,0.1388
1348,137,1485,0.1388
1355,138,1493,0.1388
1352,138,1490,0.1388
1345,146,1491,0.1388
1355,148,1503,0.1388
1353,150,1503,0.1388
1338,149,1487,0.1388
1339,152,1491,0.1388
1346,153,1499,0.1388
1351,156,1507,0.1388
1347,156,1503,0.1388
1347,152,1499,0.1388
1341,148,1489,0.1388
1343,150,1493,0.1388
1346,154,1500,0.1388
1337,155,1492,0.1388
1337,156,1493,0.1388
1327,155,1482,0.1388
1330,159,1489,0.1388
1333,160,1493,0.1388
1346,161,1507,0.1388
1341,160,1501,0.1388
1341,161,1502,0.1388
1346,161,1507,0.1388
1334,165,1499,0.1388
1331,168,1499,0.1388
1340,169,1509,0.1388
1337,173,1510,0.1388
1347,171,1518,0.1388
1340,169,1509,0.1388
1342,169,1511,0.1388
1335,172,1507,0.1388
1320,175,1495,0.1388
1322,174,1496,0.1388
1313,177,1490,0.1388
1331,170,1501,0.1388
1329,167,1496,0.1388
1329,167,1496,0.1388
1332,169,1501,0.1388
1327,165,1492,0.1388
1330,164,1494,0.1388
1323,162,1485,0.1388
1324,164,1488,0.1388
1339,161,1500,0.1388
1340,163,1503,0.1388
1346,168,1514,0.1388
1343,167,1510,0.1388
1325,167,1492,0.1388
1322,169,1491,0.1388
1316,168,1484,0.1388
1319,170,1489,0.1388
1327,171,1498,0.1388
1313,171,1484,0.1388
1322,168,1490,0.1388
1335,167,1502,0.1388
1335,166,1501,0.1388
1328,169,1497,0.1388
1329,174,1503,0.1388
1331,173,1504,0.1388
1332,173,1505,0.1388
1331,176,1507,0.1388
1331,176,1507,0.1388
1340,169,1509,0.1388
1335,167,1502,0.1388
1327,167,1494,0.1388
1334,170,1504,0.1388
1317,173,1490,0.1388
1306,176,1482,0.1388
1312,180,1492,0.1388
1311,183,1494,0.1388
1319,180,1499,0.1388
1313,182,1495,0.1388
1325,181,1506,0.1388
1321,179,1500,0.1388
1326,177,1503,0.1388
1316,174,1490,0.1388
1312,177,1489,0.1388
1316,180,1496,0.1388
1310,174,1484,0.1388
1315,181,1496,0.1388
1318,183,1501,0.1388
1315,175,1490,0.1388
1314,180,1494,0.1388
1300,187,1487,0.1388
1292,182,1474,0.1388
1304,183,1487,0.1388
1308,181,1489,0.1388
1310,179,1489,0.1388
1312,176,1488,0.1388
1305,180,1485,0.1388
1300,181,1481,0.1388
1296,181,1477,0.1388
1306,178,1484,0.1388
1317,180,1497,0.1388
1300,180,1480,0.1388
1301,184,1485,0.1388
1295,180,1475,0.1388
1298,190,1488,0.1388
1309,192,1501,0.1388
1315,190,1505,0.1388
1314,199,1513,0.1388
1307,195,1502,0.1388
1301,201,1502,0.1388
1289,197,1486,0.1388
1301,197,1498,0.1388
1284,204,1488,0.1388
1286,202,1488,0.1388
1289,205,1494,0.1388
1293,202,1495,0.1388
1291,206,1497,0.1388
1284,205,1489,0.1388
1289,203,1492,0.1388
1289,210,1499,0.1388
1302,210,1512,0.1388
1282,211,1493,0.1388
1279,208,1487,0.1388
1283,206,1489,0.1388
1281,211,1492,0.1388
1276,207,1483,0.1388
1280,216,1496,0.1388
1288,217,1505,0.1388
1273,222,1495,0.1388
1292,218,1510,0.1388
1279,220,1499,0.1388
1279,222,1501,0.1388
1274,223,1497,0.1388
1289,226,1515,0.1388
1292,229,1521,0.1388
1279,231,1510,0.1388
1268,229,1497,0.1388
1262,234,1496,0.1388
1262,232,1494,0.1388
1251,233,1484,0.1388
1260,233,1493,0.1388
1263,234,1497,0.1388
1263,236,1499,0.1388
1251,235,1486,0.1388
1246,232,1478,0.1388
1250,230,1480,0.1388
1250,227,1477,0.1388
1263,229,1492,0.1388
1257,230,1487,0.1388
1253,232,1485,0.1388
1253,236,1489,0.1388
1246,239,1485,0.1388
1240,238,1478,0.1388
1242,239,1481,0.1388
1252,233,1485,0.1388
1262,232,1494,0.1388
1262,233,1495,0.1388
1273,228,1501,0.1388
1261,226,1487,0.1388
1258,221,1479,0.1388
1244,228,1472,0.1388
1249,225,1474,0.1388
1266,224,1490,0.1388
1272,224,1496,0.1388
1260,224,1484,0.1388
1252,227,1479,0.1388
1255,229,1484,0.1388
1248,233,1481,0.1388
1255,233,1488,0.1388
1246,232,1478,0.1388
1238,238,1476,0.1388
1240,240,1480,0.1388
1246,241,1487,0.1388
1246,241,1487,0.1388
1253,241,1494,0.1388
1260,243,1503,0.1388
1262,241,1503,0.1388
1259,244,1503,0.1388
1246,238,1484,0.1388
1246,237,1483,0.1388
1244,241,1485,0.1388
1247,245,1492,0.1388
1242,246,1488,0.1388
1233,250,1483,0.1388
1239,254,1493,0.1388
1225,255,1480,0.1388
1220,256,1476,0.1388
1230,256,1486,0.1388
1238,254,1492,0.1388
1246,258,1504,0.1388
1247,258,1505,0.1388
1255,254,1509,0.1388
1246,254,1500,0.1388
1238,255,1493,0.1388
1245,255,1500,0.1388
1244,257,1501,0.1388
1240,258,1498,0.1388
1253,253,1506,0.1388
1252,255,1507,0.1388
1255,255,1510,0.1388
1252,263,1515,0.1388
1242,265,1507,0.1388
1247,262,1509,0.1388
1246,259,1505,0.1388
1237,258,1495,0.1388
1246,257,1503,0.1388
1250,260,1510,0.1388
1238,266,1504,0.1388
1233,262,1495,0.1388
1233,260,1493,0.1388
1234,261,1495,0.1388
1237,260,1497,0.1388
1241,255,1496,0.1388
1232,262,1494,0.1388
1232,255,1487,0.1388
1229,262,1491,0.1388
1231,255,1486,0.1388
1225,265,1490,0.1388
1222,260,1482,0.1388
1233,257,1490,0.1388
1243,257,1500,0.1388
1239,262,1501,0.1388
1239,259,1498,0.1388
1247,255,1502,0.1388
1240,254,1494,0.1388
1244,249,1493,0.1388
1233,250,1483,0.1388
1239,250,1489,0.1388
1240,252,1492,0.1388
1239,256,1495,0.1388
1234,252,1486,0.1388
1222,258,1480,0.1388
1220,260,1480,0.1388
1233,263,1496,0.1388
1234,264,1498,0.1388
1233,264,1497,0.1388
1250,266,1516,0.1388
1246,266,1512,0.1388
1240,267,1507,0.1388
1247,267,1514,0.1388
1236,273,1509,0.1388
1230,277,1507,0.1388
1229,280,1509,0.1388
1216,278,1494,0.1388
1213,277,1490,0.1388
1213,277,1490,0.1388
1220,276,1496,0.1388
1213,283,1496,0.1388
1206,283,1489,0.1388
1214,280,1494,0.1388
1221,276,1497,0.1388
1213,283,1496,0.1388
1223,288,1511,0.1388
1222,287,1509,0.1388
1214,295,1509,0.1388
1205,293,1498,0.1388
1189,293,1482,0.1388
1181,293,1474,0.1388
1188,294,1482,0.1388
1196,294,1490,0.1388
1207,290,1497,0.1388
1212,295,1507,0.1388
1207,299,1506,0.1388
1198,301,1499,0.1388
1190,302,1492,0.1388
1192,304,1496,0.1388
1195,304,1499,0.1388
1202,297,1499,0.1388
1194,296,1490,0.1388
1186,296,1482,0.1388
1184,301,1485,0.1388
1188,306,1494,0.1388
1190,302,1492,0.1388
1186,302,1488,0.1388
1186,306,1492,0.1388
1200,315,1515,0.1388
1191,314,1505,0.1388
1193,318,1511,0.1388
1182,309,1491,0.1388
1199,312,1511,0.1388
1197,313,1510,0.1388
1198,312,1510,0.1388
1205,311,1516,0.1388
1205,316,1521,0.1388
1189,316,1505,0.1388
1185,316,1501,0.1388
1193,317,1510,0.1388
1195,316,1511,0.1388
1206,315,1521,0.1388
1192,315,1507,0.1388
1194,317,1511,0.1388
1183,317,1500,0.1388
1183,322,1505,0.1388
1179,325,1504,0.1388
1172,319,1491,0.1388
1175,321,1496,0.1388
1176,327,1503,0.1388
1164,322,1486,0.1388
1164,326,1490,0.1388
1159,326,1485,0.1388
1164,333,1497,0.1388
1168,338,1506,0.1388
1171,342,1513,0.1388
1177,340,1517,0.1388
1162,335,1497,0.1388
1162,334,1496,0.1388
1166,328,1494,0.1388
1179,331,1510,0.1388
1159,329,1488,0.1388
1165,336,1501,0.1388
1173,332,1505,0.1388
1171,331,1502,0.1388
1176,335,1511,0.1388
1171,334,1505,0.1388
1150,329,1479,0.1388
1156,331,1487,0.1388
1150,332,1482,0.1388
1155,333,1488,0.1388
1156,335,1491,0.1388
1163,334,1497,0.1388
1171,340,1511,0.1388
1168,336,1504,0.1388
1148,338,1486,0.1388
1159,348,1507,0.1388
1157,348,1505,0.1388
1159,345,1504,0.1388
1159,352,1511,0.1388
1158,349,1507,0.1388
1156,341,1497,0.1388
1148,348,1496,0.1388
1161,347,1508,0.1388
1155,355,1510,0.1388
1137,358,1495,0.1388
1140,364,1504,0.1388
1126,363,1489,0.1388
1129,369,1498,0.1388
1140,378,1518,0.1388
1133,383,1516,0.1388
1127,381,1508,0.1388
1129,378,1507,0.1388
1130,381,1511,0.1388
1124,385,1509,0.1388
1126,387,1513,0.1388
1124,385,1509,0.1388
1108,387,1495,0.1388
1098,388,1486,0.1388
1117,382,1499,0.1388
1122,388,1510,0.1388
1119,391,1510,0.1388
1112,397,1509,0.1388
1109,395,1504,0.1388
1113,395,1508,0.1388
1114,393,1507,0.1388
1110,393,1503,0.1388
1106,396,1502,0.1388
1095,399,1494,0.1388
1094,402,1496,0.1388
1096,400,1496,0.1388
1113,406,1519,0.1388
1113,406,1519,0.1388
1103,399,1502,0.1388
1094,402,1496,0.1388
1094,405,1499,0.1388
1100,408,1508,0.1388
1093,407,1500,0.1388
1087,404,1491,0.1388
1091,399,1490,0.1388
1096,406,1502,0.1388
1092,412,1504,0.1388
1089,413,1502,0.1388
1096,410,1506,0.1388
1095,409,1504,0.1388
1085,416,1501,0.1388
1097,422,1519,0.1388
1092,423,1515,0.1388
1087,416,1503,0.1388
1087,420,1507,0.1388
1085,422,1507,0.1388
1077,423,1500,0.1388
1051,425,1476,0.1388
1052,429,1481,0.1388
1056,428,1484,0.1388
1062,429,1491,0.1388
1073,428,1501,0.1388
1067,428,1495,0.1388
1059,431,1490,0.1388
1042,421,1463,0.1388
1051,432,1483,0.1388
1047,434,1481,0.1388
1055,435,1490,0.1388
1058,433,1491,0.1388
1059,442,1501,0.1388
1046,445,1491,0.1388
1051,447,1498,0.1388
1057,449,1506,0.1388
1062,448,1510,0.1388
1056,445,1501,0.1388
1058,449,1507,0.1388
1055,454,1509,0.1388
1058,451,1509,0.1388
1064,446,1510,0.1388
1051,447,1498,0.1388
1044,460,1504,0.1388
1025,457,1482,0.1388
1024,461,1485,0.1388
1023,463,1486,0.1388
1011,459,1470,0.1388
1014,455,1469,0.1388
1019,463,1482,0.1388
1023,464,1487,0.1388
1030,466,1496,0.1388
1039,459,1498,0.1388
1038,465,1503,0.1388
1037,468,1505,0.1388
1037,472,1509,0.1388
1024,466,1490,0.1388
1036,468,1504,0.1388
1038,465,1503,0.1388
1042,458,1500,0.1388
1050,459,1509,0.1388
1036,458,1494,0.1388
1045,457,1502,0.1388
1040,464,1504,0.1388
1039,467,1506,0.1388
1039,461,1500,0.1388
1040,463,1503,0.1388
1035,471,1506,0.1388
1037,474,1511,0.1388
1036,479,1515,0.1388
1028,482,1510,0.1388
1022,476,1498,0.1388
1029,481,1510,0.1388
1028,482,1510,0.1388
1032,475,1507,0.1388
1031,470,1501,0.1388
1034,468,1502,0.1388
1017,468,1485,0.1388
1028,472,1500,0.1388
1020,477,1497,0.1388
1014,483,1497,0.1388
1016,482,1498,0.1388
1016,483,1499,0.1388
1015,487,1502,0.1388
1015,485,1500,0.1388
1020,488,1508,0.1388
1027,484,1511,0.1388
1021,491,1512,0.1388
1007,489,1496,0.1388
1014,483,1497,0.1388
1005,483,1488,0.1388
999,482,1481,0.1388
1016,476,1492,0.1388
1024,483,1507,0.1388
1019,480,1499,0.1388
1013,477,1490,0.1388
1014,483,1497,0.1388
1024,478,1502,0.1388
1026,482,1508,0.1388
1029,486,1515,0.1388
1029,487,1516,0.1388
1022,485,1507,0.1388
1034,486,1520,0.1388
1036,491,1527,0.1388
1025,491,1516,0.1388
1014,484,1498,0.1388
1013,474,1487,0.1388
1019,474,1493,0.1388
1031,463,1494,0.1388
1027,456,1483,0.1388
1031,470,1501,0.1388
1024,471,1495,0.1388
1019,479,1498,0.1388
1018,485,1503,0.1388
1005,482,1487,0.1388
1010,488,1498,0.1388
1005,491,1496,0.1388
1003,497,1500,0.1388
993,490,1483,0.1388
990,492,1482,0.1388
992,506,1498,0.1388
985,499,1484,0.1388
995,494,1489,0.1388
998,498,1496,0.1388
994,494,1488,0.1388
992,494,1486,0.1388
978,492,1470,0.1388
995,496,1491,0.1388
994,506,1500,0.1388
988,504,1492,0.1388
993,503,1496,0.1388
982,498,1480,0.1388
992,503,1495,0.1388
982,501,1483,0.1388
983,513,1496,0.1388
979,518,1497,0.1388
979,518,1497,0.1388
964,510,1474,0.1388
980,516,1496,0.1388
963,523,1486,0.1388
967,529,1496,0.1388
967,535,1502,0.1388
960,526,1486,0.1388
949,525,1474,0.1388
965,527,1492,0.1388
957,538,1495,0.1388
972,537,1509,0.1388
963,535,1498,0.1388
965,537,1502,0.1388
956,538,1494,0.1388
952,540,1492,0.1388
938,543,1481,0.1388
947,546,1493,0.1388
954,545,1499,0.1388
949,543,1492,0.1388
936,548,1484,0.1388
934,552,1486,0.1388
939,550,1489,0.1388
941,558,1499,0.1388
929,566,1495,0.1388
924,573,1497,0.1388
932,580,1512,0.1388
937,568,1505,0.1388
933,573,1506,0.1388
932,581,1513,0.1388
922,590,1512,0.1388
926,594,1520,0.1388
923,589,1512,0.1388
919,586,1505,0.1388
906,585,1491,0.1388
904,584,1488,0.1388
907,587,1494,0.1388
911,603,1514,0.1388
922,611,1533,0.1388
909,612,1521,0.1388
905,612,1517,0.1388
905,596,1501,0.1388
897,598,1495,0.1388
891,605,1496,0.1388
890,600,1490,0.1388
900,599,1499,0.1388
902,608,1510,0.1388
903,613,1516,0.1388
907,612,1519,0.1388
903,611,1514,0.1388
899,604,1503,0.1388
911,604,1515,0.1388
903,608,1511,0.1388
903,619,1522,0.1388
902,615,1517,0.1388
906,613,1519,0.1388
906,608,1514,0.1388
903,608,1511,0.1388
904,611,1515,0.1388
893,605,1498,0.1388
886,604,1490,0.1388
880,603,1483,0.1388
888,602,1490,0.1388
893,605,1498,0.1388
891,606,1497,0.1388
904,606,1510,0.1388
901,606,1507,0.1388
904,601,1505,0.1388
907,605,1512,0.1388
909,605,1514,0.1388
903,603,1506,0.1388
893,599,1492,0.1388
888,599,1487,0.1388
888,590,1478,0.1388
898,591,1489,0.1388
893,600,1493,0.1388
886,597,1483,0.1388
886,612,1498,0.1388
887,610,1497,0.1388
886,610,1496,0.1388
887,612,1499,0.1388
904,614,1518,0.1388
896,614,1510,0.1388
883,608,1491,0.1388
888,613,1501,0.1388
884,614,1498,0.1388
887,616,1503,0.1388
888,623,1511,0.1388
885,619,1504,0.1388
880,619,1499,0.1388
883,623,1506,0.1388
887,628,1515,0.1388
895,621,1516,0.1388
881,632,1513,0.1388
881,631,1512,0.1388
879,636,1515,0.1388
881,632,1513,0.1388
878,635,1513,0.1388
871,636,1507,0.1388
862,641,1503,0.1388
861,649,1510,0.1388
864,639,1503,0.1388
865,639,1504,0.1388
867,645,1512,0.1388
857,647,1504,0.1388
863,648,1511,0.1388
859,646,1505,0.1388
853,648,1501,0.1388
870,642,1512,0.1388
874,649,1523,0.1388
871,643,1514,0.1388
867,630,1497,0.1388
871,638,1509,0.1388
864,643,1507,0.1388
871,636,1507,0.1388
861,636,1497,0.1388
858,637,1495,0.1388
865,643,1508,0.1388
870,641,1511,0.1388
871,643,1514,0.1388
863,642,1505,0.1388
864,645,1509,0.1388
859,641,1500,0.1388
865,642,1507,0.1388
868,638,1506,0.1388
872,642,1514,0.1388
870,646,1516,0.1388
873,643,1516,0.1388
864,637,1501,0.1388
856,658,1514,0.1388
859,663,1522,0.1388
866,661,1527,0.1388
851,659,1510,0.1388
846,662,1508,0.1388
837,660,1497,0.1388
832,660,1492,0.1388
840,667,1507,0.1388
837,670,1507,0.1388
846,670,1516,0.1388
842,666,1508,0.1388
841,663,1504,0.1388
847,659,1506,0.1388
843,661,1504,0.1388
836,652,1488,0.1388
831,664,1495,0.1388
838,667,1505,0.1388
832,661,1493,0.1388
831,659,1490,0.1388
836,655,1491,0.1388
842,658,1500,0.1388
850,657,1507,0.1388
851,646,1497,0.1388
844,638,1482,0.1388
844,647,1491,0.1388
834,658,1492,0.1388
843,653,1496,0.1388
849,658,1507,0.1388
847,658,1505,0.1388
836,661,1497,0.1388
844,655,1499,0.1388
847,655,1502,0.1388
853,660,1513,0.1388
838,667,1505,0.1388
833,666,1499,0.1388
837,671,1508,0.1388
834,672,1506,0.1388
833,674,1507,0.1388
834,667,1501,0.1388
841,669,1510,0.1388
837,672,1509,0.1388
830,675,1505,0.1388
835,678,1513,0.1388
834,667,1501,0.1388
832,673,1505,0.1388
836,671,1507,0.1388
836,661,1497,0.1388
840,672,1512,0.1388
839,671,1510,0.1388
833,674,1507,0.1388
825,677,1502,0.1388
825,683,1508,0.1388
818,687,1505,0.1388
811,682,1493,0.1388
809,690,1499,0.1388
812,699,1511,0.1388
811,691,1502,0.1388
814,685,1499,0.1388
815,688,1503,0.1388
817,693,1510,0.1388
813,693,1506,0.1388
810,692,1502,0.1388
807,701,1508,0.1388
808,703,1511,0.1388
816,699,1515,0.1388
811,703,1514,0.1388
816,702,1518,0.1388
815,701,1516,0.1388
804,710,1514,0.1388
806,699,1505,0.1388
794,702,1496,0.1388
799,697,1496,0.1388
805,702,1507,0.1388
812,700,1512,0.1388
806,706,1512,0.1388
802,706,1508,0.1388
801,707,1508,0.1388
806,701,1507,0.1388
808,702,1510,0.1388
805,701,1506,0.1388
800,702,1502,0.1388
795,701,1496,0.1388
797,706,1503,0.1388
798,711,1509,0.1388
793,710,1503,0.1388
789,719,1508,0.1388
790,723,1513,0.1388
782,733,1515,0.1388
788,715,1503,0.1388
799,715,1514,0.1388
789,718,1507,0.1388
791,716,1507,0.1388
797,719,1516,0.1388
792,723,1515,0.1388
787,724,1511,0.1388
783,733,1516,0.1388
785,728,1513,0.1388
786,734,1520,0.1388
776,735,1511,0.1388
775,734,1509,0.1388
765,734,1499,0.1388
770,725,1495,0.1388
774,731,1505,0.1388
771,726,1497,0.1388
777,725,1502,0.1388
779,725,1504,0.1388
780,732,1512,0.1388
770,735,1505,0.1388
769,742,1511,0.1388
763,738,1501,0.1388
769,730,1499,0.1388
758,734,1492,0.1388
755,738,1493,0.1388
765,735,1500,0.1388
765,744,1509,0.1388
770,746,1516,0.1388
771,739,1510,0.1388
769,734,1503,0.1388
761,736,1497,0.1388
763,744,1507,0.1388
763,743,1506,0.1388
764,741,1505,0.1388
756,754,1510,0.1388
758,758,1516,0.1388
750,757,1507,0.1388
745,756,1501,0.1388
743,752,1495,0.1388
745,747,1492,0.1388
747,758,1505,0.1388
746,761,1507,0.1388
750,753,1503,0.1388
753,757,1510,0.1388
750,754,1504,0.1388
751,761,1512,0.1388
746,759,1505,0.1388
736,766,1502,0.1388
745,767,1512,0.1388
748,773,1521,0.1388
749,767,1516,0.1388
736,768,1504,0.1388
727,772,1499,0.1388
731,773,1504,0.1388
723,773,1496,0.1388
731,773,1504,0.1388
726,770,1496,0.1388
732,782,1514,0.1388
735,776,1511,0.1388
735,770,1505,0.1388
742,766,1508,0.1388
743,761,1504,0.1388
742,764,1506,0.1388
742,772,1514,0.1388
735,777,1512,0.1388
732,786,1518,0.1388
722,778,1500,0.1388
723,787,1510,0.1388
726,784,1510,0.1388
734,771,1505,0.1388
729,761,1490,0.1388
726,776,1502,0.1388
734,781,1515,0.1388
727,774,1501,0.1388
724,779,1503,0.1388
717,782,1499,0.1388
715,789,1504,0.1388
705,797,1502,0.1388
707,792,1499,0.1388
715,797,1512,0.1388
719,802,1521,0.1388
714,788,1502,0.1388
726,792,1518,0.1388
730,806,1536,0.1388
713,801,1514,0.1388
715,804,1519,0.1388
716,806,1522,0.1388
709,802,1511,0.1388
708,804,1512,0.1388
707,806,1513,0.1388
707,801,1508,0.1388
712,805,1517,0.1388
711,810,1521,0.1388
716,809,1525,0.1388
717,813,1530,0.1388
716,799,1515,0.1388
708,804,1512,0.1388
701,808,1509,0.1388
701,819,1520,0.1388
696,826,1522,0.1388
688,825,1513,0.1388
684,824,1508,0.1388
679,829,1508,0.1388
675,829,1504,0.1388
677,824,1501,0.1388
686,831,1517,0.1388
670,839,1509,0.1388
670,847,1517,0.1388
678,839,1517,0.1388
676,838,1514,0.1388
680,835,1515,0.1388
670,835,1505,0.1388
665,836,1501,0.1388
664,841,1505,0.1388
669,837,1506,0.1388
670,828,1498,0.1388
673,844,1517,0.1388
670,848,1518,0.1388
664,849,1513,0.1388
666,848,1514,0.1388
669,840,1509,0.1388
673,840,1513,0.1388
663,845,1508,0.1388
656,849,1505,0.1388
657,844,1501,0.1388
660,852,1512,0.1388
651,850,1501,0.1388
655,849,1504,0.1388
661,849,1510,0.1388
662,851,1513,0.1388
661,847,1508,0.1388
661,846,1507,0.1388
663,832,1495,0.1388
667,846,1513,0.1388
664,858,1522,0.1388
654,853,1507,0.1388
655,859,1514,0.1388
649,859,1508,0.1388
649,861,1510,0.1388
657,850,1507,0.1388
659,851,1510,0.1388
652,855,1507,0.1388
660,862,1522,0.1388
651,868,1519,0.1388
650,867,1517,0.1388
658,869,1527,0.1388
658,868,1526,0.1388
656,872,1528,0.1388
649,879,1528,0.1388
643,873,1516,0.1388
644,880,1524,0.1388
640,883,1523,0.1388
641,872,1513,0.1388
647,874,1521,0.1388
648,877,1525,0.1388
635,874,1509,0.1388
640,864,1504,0.1388
643,862,1505,0.1388
640,869,1509,0.1388
638,875,1513,0.1388
631,864,1495,0.1388
629,871,1500,0.1388
641,861,1502,0.1388
638,875,1513,0.1388
631,882,1513,0.1388
631,879,1510,0.1388
634,878,1512,0.1388
639,892,1531,0.1388
633,883,1516,0.1388
633,880,1513,0.1388
622,886,1508,0.1388
622,881,1503,0.1388
612,880,1492,0.1388
609,892,1501,0.1388
618,886,1504,0.1388
618,882,1500,0.1388
617,888,1505,0.1388
620,890,1510,0.1388
616,895,1511,0.1388
617,890,1507,0.1388
619,902,1521,0.1388
614,900,1514,0.1388
610,896,1506,0.1388
609,900,1509,0.1388
600,900,1500,0.1388
596,907,1503,0.1388
601,903,1504,0.1388
598,902,1500,0.1388
602,899,1501,0.1388
600,906,1506,0.1388
606,912,1518,0.1388
606,917,1523,0.1388
597,919,1516,0.1388
596,915,1511,0.1388
595,913,1508,0.1388
590,924,1514,0.1388
592,932,1524,0.1388
596,928,1524,0.1388
591,928,1519,0.1388
592,916,1508,0.1388
578,915,1493,0.1388
587,913,1500,0.1388
589,919,1508,0.1388
587,916,1503,0.1388
590,905,1495,0.1388
587,905,1492,0.1388
591,908,1499,0.1388
591,907,1498,0.1388
594,908,1502,0.1388
587,906,1493,0.1388
585,912,1497,0.1388
578,922,1500,0.1388
587,927,1514,0.1388
583,932,1515,0.1388
591,934,1525,0.1388
577,933,1510,0.1388
577,934,1511,0.1388
573,929,1502,0.1388
580,922,1502,0.1388
585,931,1516,0.1388
577,926,1503,0.1388
580,934,1514,0.1388
576,937,1513,0.1388
569,942,1511,0.1388
567,938,1505,0.1388
569,937,1506,0.1388
565,928,1493,0.1388
573,926,1499,0.1388
574,932,1506,0.1388
571,931,1502,0.1388
566,928,1494,0.1388
564,945,1509,0.1388
561,953,1514,0.1388
558,962,1520,0.1388
561,964,1525,0.1388
555,954,1509,0.1388
563,951,1514,0.1388
564,962,1526,0.1388
565,965,1530,0.1388
568,971,1539,0.1388
561,963,1524,0.1388
556,968,1524,0.1388
562,960,1522,0.1388
556,966,1522,0.1388
559,955,1514,0.1388
561,956,1517,0.1388
560,967,1527,0.1388
550,965,1515,0.1388
551,959,1510,0.1388
556,957,1513,0.1388
562,966,1528,0.1388
550,976,1526,0.1388
555,975,1530,0.1388
548,971,1519,0.1388
547,967,1514,0.1388
537,962,1499,0.1388
543,969,1512,0.1388
544,963,1507,0.1388
537,969,1506,0.1388
535,968,1503,0.1388
535,966,1501,0.1388
530,970,1500,0.1388
519,966,1485,0.1388
518,976,1494,0.1388
526,981,1507,0.1388
526,972,1498,0.1388
523,964,1487,0.1388
521,960,1481,0.1388
524,965,1489,0.1388
523,993,1516,0.1388
523,990,1513,0.1388
524,995,1519,0.1388
521,989,1510,0.1388
526,986,1512,0.1388
517,987,1504,0.1388
518,987,1505,0.1388
510,996,1506,0.1388
514,1003,1517,0.1388
516,1003,1519,0.1388
516,998,1514,0.1388
517,992,1509,0.1388
521,996,1517,0.1388
516,1003,1519,0.1388
509,995,1504,0.1388
523,999,1522,0.1388
522,994,1516,0.1388
526,999,1525,0.1388
512,1002,1514,0.1388
519,999,1518,0.1388
517,999,1516,0.1388
517,1002,1519,0.1388
514,1006,1520,0.1388
516,1004,1520,0.1388
517,1003,1520,0.1388
521,1004,1525,0.1388
518,1006,1524,0.1388
516,1008,1524,0.1388
516,1006,1522,0.1388
514,1005,1519,0.1388
515,1005,1520,0.1388
517,1005,1522,0.1388
512,996,1508,0.1388
516,996,1512,0.1388
511,994,1505,0.1388
517,996,1513,0.1388
522,987,1509,0.1388
523,976,1499,0.1388
533,971,1504,0.1388
531,976,1507,0.1388
526,988,1514,0.1388
528,981,1509,0.1388
527,991,1518,0.1388
523,996,1519,0.1388
530,1004,1534,0.1388
531,993,1524,0.1388
530,996,1526,0.1388
526,986,1512,0.1388
525,994,1519,0.1388
529,988,1517,0.1388
525,992,1517,0.1388
517,990,1507,0.1388
523,996,1519,0.1388
517,990,1507,0.1388
515,991,1506,0.1388
514,995,1509,0.1388
513,999,1512,0.1388
507,1005,1512,0.1388
510,1007,1517,0.1388
509,1013,1522,0.1388
508,996,1504,0.1388
508,994,1502,0.1388
514,1002,1516,0.1388
508,986,1494,0.1388
501,985,1486,0.1388
503,994,1497,0.1388
505,1002,1507,0.1388
499,1008,1507,0.1388
511,996,1507,0.1388
509,992,1501,0.1388
505,995,1500,0.1388
511,1001,1512,0.1388
512,999,1511,0.1388
516,1006,1522,0.1388
508,1002,1510,0.1388
512,987,1499,0.1388
513,983,1496,0.1388
517,985,1502,0.1388
520,990,1510,0.1388
516,992,1508,0.1388
520,992,1512,0.1388
519,992,1511,0.1388
519,986,1505,0.1388
516,991,1507,0.1388
514,991,1505,0.1388
510,1001,1511,0.1388
500,1002,1502,0.1388
500,1001,1501,0.1388
501,997,1498,0.1388
496,1008,1504,0.1388
495,1011,1506,0.1388
494,1012,1506,0.1388
495,1006,1501,0.1388
496,1009,1505,0.1388
487,1024,1511,0.1388
480,1020,1500,0.1388
485,1017,1502,0.1388
490,1017,1507,0.1388
489,1023,1512,0.1388
486,1013,1499,0.1388
484,1017,1501,0.1388
492,1026,1518,0.1388
494,1015,1509,0.1388
499,1026,1525,0.1388
494,1024,1518,0.1388
492,1018,1510,0.1388
489,1021,1510,0.1388
486,1026,1512,0.1388
484,1024,1508,0.1388
486,1022,1508,0.1388
483,1036,1519,0.1388
478,1038,1516,0.1388
477,1034,1511,0.1388
477,1028,1505,0.1388
481,1038,1519,0.1388
482,1032,1514,0.1388
482,1032,1514,0.1388
482,1033,1515,0.1388
474,1036,1510,0.1388
474,1046,1520,0.1388
469,1052,1521,0.1388
475,1040,1515,0.1388
469,1045,1514,0.1388
473,1042,1515,0.1388
474,1036,1510,0.1388
474,1053,1527,0.1388
464,1044,1508,0.1388
466,1051,1517,0.1388
462,1042,1504,0.1388
470,1027,1497,0.1388
473,1046,1519,0.1388
462,1045,1507,0.1388
465,1047,1512,0.1388
462,1052,1514,0.1388
468,1049,1517,0.1388
466,1060,1526,0.1388
464,1061,1525,0.1388
454,1056,1510,0.1388
458,1066,1524,0.1388
448,1068,1516,0.1388
450,1064,1514,0.1388
448,1060,1508,0.1388
449,1050,1499,0.1388
454,1064,1518,0.1388
458,1070,1528,0.1388
453,1070,1523,0.1388
448,1076,1524,0.1388
445,1083,1528,0.1388
449,1069,1518,0.1388
447,1067,1514,0.1388
449,1063,1512,0.1388
449,1074,1523,0.1388
451,1080,1531,0.1388
441,1080,1521,0.1388
440,1074,1514,0.1388
439,1065,1504,0.1388
442,1060,1502,0.1388
442,1074,1516,0.1388
439,1073,1512,0.1388
432,1068,1500,0.1388
435,1073,1508,0.1388
438,1073,1511,0.1388
438,1061,1499,0.1388
440,1072,1512,0.1388
435,1072,1507,0.1388
437,1075,1512,0.1388
436,1075,1511,0.1388
432,1067,1499,0.1388
432,1081,1513,0.1388
436,1078,1514,0.1388
439,1077,1516,0.1388
442,1076,1518,0.1388
444,1072,1516,0.1388
436,1073,1509,0.1388
434,1082,1516,0.1388
437,1084,1521,0.1388
429,1089,1518,0.1388
427,1081,1508,0.1388
425,1082,1507,0.1388
423,1081,1504,0.1388
416,1082,1498,0.1388
416,1092,1508,0.1388
422,1089,1511,0.1388
426,1091,1517,0.1388
418,1092,1510,0.1388
420,1096,1516,0.1388
424,1087,1511,0.1388
422,1090,1512,0.1388
422,1098,1520,0.1388
418,1093,1511,0.1388
424,1088,1512,0.1388
423,1091,1514,0.1388
419,1091,1510,0.1388
421,1089,1510,0.1388
420,1088,1508,0.1388
420,1086,1506,0.1388
421,1097,1518,0.1388
413,1100,1513,0.1388
416,1100,1516,0.1388
423,1088,1511,0.1388
417,1085,1502,0.1388
419,1083,1502,0.1388
420,1094,1514,0.1388
418,1088,1506,0.1388
426,1091,1517,0.1388
425,1087,1512,0.1388
417,1104,1521,0.1388
413,1107,1520,0.1388
418,1108,1526,0.1388
416,1102,1518,0.1388
413,1093,1506,0.1388
413,1097,1510,0.1388
412,1101,1513,0.1388
413,1105,1518,0.1388
411,1100,1511,0.1388
413,1089,1502,0.1388
414,1104,1518,0.1388
411,1102,1513,0.1388
424,1102,1526,0.1388
419,1103,1522,0.1388
419,1102,1521,0.1388
416,1102,1518,0.1388
418,1104,1522,0.1388
418,1097,1515,0.1388
422,1103,1525,0.1388
419,1103,1522,0.1388
420,1100,1520,0.1388
417,1100,1517,0.1388
412,1095,1507,0.1388
423,1102,1525,0.1388
418,1097,1515,0.1388
415,1087,1502,0.1388
411,1092,1503,0.1388
407,1092,1499,0.1388
414,1097,1511,0.1388
408,1102,1510,0.1388
413,1098,1511,0.1388
402,1099,1501,0.1388
406,1090,1496,0.1388
401,1103,1504,0.1388
408,1107,1515,0.1388
415,1112,1527,0.1388
411,1098,1509,0.1388
414,1123,1537,0.1388
412,1120,1532,0.1388
410,1125,1535,0.1388
409,1118,1527,0.1388
410,1115,1525,0.1388
403,1101,1504,0.1388
407,1088,1495,0.1388
410,1096,1506,0.1388
409,1103,1512,0.1388
406,1098,1504,0.1388
406,1107,1513,0.1388
399,1106,1505,0.1388
397,1110,1507,0.1388
399,1106,1505,0.1388
405,1102,1507,0.1388
406,1111,1517,0.1388
401,1108,1509,0.1388
404,1112,1516,0.1388
409,1112,1521,0.1388
399,1099,1498,0.1388
407,1108,1515,0.1388
401,1113,1514,0.1388
402,1123,1525,0.1388
405,1117,1522,0.1388
403,1120,1523,0.1388
403,1120,1523,0.1388
401,1125,1526,0.1388
393,1123,1516,0.1388
389,1122,1511,0.1388
390,1128,1518,0.1388
392,1128,1520,0.1388
396,1124,1520,0.1388
397,1120,1517,0.1388
395,1121,1516,0.1388
396,1126,1522,0.1388
391,1133,1524,0.1388
389,1132,1521,0.1388
382,1130,1512,0.1388
384,1133,1517,0.1388
390,1130,1520,0.1388
393,1129,1522,0.1388
388,1135,1523,0.1388
384,1131,1515,0.1388
380,1136,1516,0.1388
385,1135,1520,0.1388
384,1131,1515,0.1388
382,1129,1511,0.1388
387,1125,1512,0.1388
387,1126,1513,0.1388
392,1127,1519,0.1388
390,1121,1511,0.1388
387,1114,1501,0.1388
384,1117,1501,0.1388
376,1116,1492,0.1388
378,1127,1505,0.1388
376,1120,1496,0.1388
374,1130,1504,0.1388
376,1138,1514,0.1388
375,1129,1504,0.1388
378,1128,1506,0.1388
379,1130,1509,0.1388
382,1152,1534,0.1388
375,1144,1519,0.1388
369,1150,1519,0.1388
370,1149,1519,0.1388
369,1151,1520,0.1388
366,1147,1513,0.1388
356,1160,1516,0.1388
357,1158,1515,0.1388
351,1161,1512,0.1388
357,1153,1510,0.1388
356,1160,1516,0.1388
357,1169,1526,0.1388
353,1162,1515,0.1388
351,1167,1518,0.1388
350,1170,1520,0.1388
346,1156,1502,0.1388
350,1173,1523,0.1388
353,1175,1528,0.1388
354,1167,1521,0.1388
348,1167,1515,0.1388
351,1159,1510,0.1388
347,1164,1511,0.1388
347,1153,1500,0.1388
347,1156,1503,0.1388
346,1155,1501,0.1388
350,1152,1502,0.1388
350,1148,1498,0.1388
345,1148,1493,0.1388
349,1144,1493,0.1388
352,1148,1500,0.1388
350,1150,1500,0.1388
345,1149,1494,0.1388
342,1132,1474,0.1388
343,1148,1491,0.1388
344,1146,1490,0.1388
334,1146,1480,0.1388
332,1153,1485,0.1388
334,1167,1501,0.1388
334,1165,1499,0.1388
336,1167,1503,0.1388
336,1163,1499,0.1388
335,1160,1495,0.1388
338,1169,1507,0.1388
342,1178,1520,0.1388
333,1187,1520,0.1388
333,1190,1523,0.1388
330,1192,1522,0.1388
331,1182,1513,0.1388
328,1192,1520,0.1388
331,1194,1525,0.1388
325,1191,1516,0.1388
319,1200,1519,0.1388
319,1190,1509,0.1388
323,1199,1522,0.1388
318,1195,1513,0.1388
316,1207,1523,0.1388
313,1207,1520,0.1388
308,1215,1523,0.1388
303,1215,1518,0.1388
301,1208,1509,0.1388
309,1196,1505,0.1388
311,1209,1520,0.1388
313,1212,1525,0.1388
309,1212,1521,0.1388
303,1213,1516,0.1388
300,1214,1514,0.1388
303,1209,1512,0.1388
308,1227,1535,0.1388
301,1228,1529,0.1388
296,1217,1513,0.1388
293,1218,1511,0.1388
298,1222,1520,0.1388
302,1213,1515,0.1388
304,1218,1522,0.1388
303,1212,1515,0.1388
301,1218,1519,0.1388
298,1225,1523,0.1388
302,1225,1527,0.1388
299,1226,1525,0.1388
298,1216,1514,0.1388
298,1224,1522,0.1388
294,1224,1518,0.1388
298,1231,1529,0.1388
299,1212,1511,0.1388
303,1211,1514,0.1388
308,1208,1516,0.1388
300,1212,1512,0.1388
301,1208,1509,0.1388
308,1211,1519,0.1388
308,1205,1513,0.1388
310,1207,1517,0.1388
308,1214,1522,0.1388
311,1205,1516,0.1388
301,1204,1505,0.1388
306,1207,1513,0.1388
302,1209,1511,0.1388
299,1210,1509,0.1388
294,1219,1513,0.1388
293,1203,1496,0.1388
300,1212,1512,0.1388
304,1209,1513,0.1388
304,1222,1526,0.1388
299,1227,1526,0.1388
293,1214,1507,0.1388
292,1223,1515,0.1388
290,1234,1524,0.1388
284,1232,1516,0.1388
290,1223,1513,0.1388
291,1218,1509,0.1388
290,1218,1508,0.1388
293,1224,1517,0.1388
293,1223,1516,0.1388
292,1213,1505,0.1388
292,1217,1509,0.1388
290,1210,1500,0.1388
287,1207,1494,0.1388
292,1222,1514,0.1388
302,1214,1516,0.1388
298,1210,1508,0.1388
295,1203,1498,0.1388
295,1215,1510,0.1388
293,1216,1509,0.1388
288,1217,1505,0.1388
288,1209,1497,0.1388
291,1227,1518,0.1388
289,1225,1514,0.1388
285,1226,1511,0.1388
285,1228,1513,0.1388
290,1231,1521,0.1388
293,1213,1506,0.1388
295,1222,1517,0.1388
293,1221,1514,0.1388
296,1227,1523,0.1388
298,1219,1517,0.1388
298,1222,1520,0.1388
297,1220,1517,0.1388
296,1233,1529,0.1388
292,1231,1523,0.1388
290,1227,1517,0.1388
289,1221,1510,0.1388
295,1211,1506,0.1388
291,1206,1497,0.1388
291,1219,1510,0.1388
291,1227,1518,0.1388
291,1219,1510,0.1388
295,1221,1516,0.1388
301,1211,1512,0.1388
302,1212,1514,0.1388
303,1219,1522,0.1388
302,1215,1517,0.1388
301,1213,1514,0.1388
299,1219,1518,0.1388
298,1209,1507,0.1388
296,1200,1496,0.1388
301,1207,1508,0.1388
301,1217,1518,0.1388
294,1219,1513,0.1388
295,1224,1519,0.1388
295,1221,1516,0.1388
290,1220,1510,0.1388
289,1229,1518,0.1388
286,1227,1513,0.1388
282,1218,1500,0.1388
287,1215,1502,0.1388
283,1222,1505,0.1388
283,1234,1517,0.1388
284,1231,1515,0.1388
280,1237,1517,0.1388
278,1234,1512,0.1388
281,1228,1509,0.1388
281,1227,1508,0.1388
287,1226,1513,0.1388
288,1237,1525,0.1388
281,1236,1517,0.1388
283,1238,1521,0.1388
283,1230,1513,0.1388
282,1231,1513,0.1388
281,1236,1517,0.1388
274,1234,1508,0.1388
280,1243,1523,0.1388
275,1238,1513,0.1388
271,1242,1513,0.1388
267,1242,1509,0.1388
268,1251,1519,0.1388
264,1252,1516,0.1388
269,1238,1507,0.1388
266,1248,1514,0.1388
260,1249,1509,0.1388
262,1252,1514,0.1388
262,1273,1535,0.1388
261,1263,1524,0.1388
260,1257,1517,0.1388
257,1256,1513,0.1388
254,1250,1504,0.1388
252,1258,1510,0.1388
253,1255,1508,0.1388
256,1266,1522,0.1388
250,1269,1519,0.1388
250,1261,1511,0.1388
252,1275,1527,0.1388
254,1278,1532,0.1388
247,1273,1520,0.1388
251,1261,1512,0.1388
248,1246,1494,0.1388
245,1250,1495,0.1388
245,1243,1488,0.1388
252,1248,1500,0.1388
249,1245,1494,0.1388
244,1253,1497,0.1388
243,1267,1510,0.1388
249,1257,1506,0.1388
247,1260,1507,0.1388
254,1267,1521,0.1388
248,1247,1495,0.1388
247,1256,1503,0.1388
251,1262,1513,0.1388
247,1265,1512,0.1388
248,1260,1508,0.1388
249,1260,1509,0.1388
249,1253,1502,0.1388
252,1267,1519,0.1388
253,1262,1515,0.1388
251,1258,1509,0.1388
249,1265,1514,0.1388
244,1270,1514,0.1388
247,1256,1503,0.1388
249,1261,1510,0.1388
247,1265,1512,0.1388
245,1265,1510,0.1388
245,1258,1503,0.1388
244,1260,1504,0.1388
244,1252,1496,0.1388
245,1260,1505,0.1388
245,1270,1515,0.1388
245,1263,1508,0.1388
246,1269,1515,0.1388
244,1271,1515,0.1388
244,1265,1509,0.1388
247,1267,1514,0.1388
244,1261,1505,0.1388
245,1276,1521,0.1388
239,1280,1519,0.1388
241,1270,1511,0.1388
240,1285,1525,0.1388
235,1289,1524,0.1388
237,1286,1523,0.1388
232,1290,1522,0.1388
232,1296,1528,0.1388
235,1290,1525,0.1388
237,1296,1533,0.1388
235,1280,1515,0.1388
232,1288,1520,0.1388
236,1296,1532,0.1388
232,1300,1532,0.1388
226,1297,1523,0.1388
225,1297,1522,0.1388
224,1287,1511,0.1388
229,1289,1518,0.1388
230,1301,1531,0.1388
229,1287,1516,0.1388
226,1288,1514,0.1388
221,1302,1523,0.1388
219,1287,1506,0.1388
222,1286,1508,0.1388
221,1286,1507,0.1388
224,1280,1504,0.1388
226,1270,1496,0.1388
223,1291,1514,0.1388
221,1296,1517,0.1388
220,1296,1516,0.1388
222,1307,1529,0.1388
222,1297,1519,0.1388
222,1282,1504,0.1388
226,1299,1525,0.1388
223,1293,1516,0.1388
224,1293,1517,0.1388
225,1280,1505,0.1388
227,1291,1518,0.1388
228,1287,1515,0.1388
225,1304,1529,0.1388
226,1299,1525,0.1388
228,1291,1519,0.1388
227,1291,1518,0.1388
223,1288,1511,0.1388
221,1287,1508,0.1388
222,1279,1501,0.1388
221,1293,1514,0.1388
223,1297,1520,0.1388
229,1288,1517,0.1388
229,1275,1504,0.1388
223,1283,1506,0.1388
224,1276,1500,0.1388
220,1285,1505,0.1388
220,1287,1507,0.1388
217,1293,1510,0.1388
217,1297,1514,0.1388
212,1305,1517,0.1388
208,1306,1514,0.1388
208,1312,1520,0.1388
204,1317,1521,0.1388
199,1319,1518,0.1388
198,1324,1522,0.1388
196,1320,1516,0.1388
199,1323,1522,0.1388
201,1317,1518,0.1388
200,1322,1522,0.1388
201,1323,1524,0.1388
203,1319,1522,0.1388
200,1335,1535,0.1388
199,1329,1528,0.1388
199,1323,1522,0.1388
195,1316,1511,0.1388
196,1325,1521,0.1388
188,1335,1523,0.1388
189,1336,1525,0.1388
192,1330,1522,0.1388
187,1340,1527,0.1388
190,1328,1518,0.1388
190,1325,1515,0.1388
190,1320,1510,0.1388
192,1319,1511,0.1388
194,1318,1512,0.1388
192,1311,1503,0.1388
193,1321,1514,0.1388
194,1324,1518,0.1388
192,1320,1512,0.1388
192,1326,1518,0.1388
187,1320,1507,0.1388
182,1319,1501,0.1388
183,1315,1498,0.1388
184,1319,1503,0.1388
186,1307,1493,0.1388
183,1305,1488,0.1388
182,1313,1495,0.1388
183,1319,1502,0.1388
184,1330,1514,0.1388
185,1336,1521,0.1388
178,1336,1514,0.1388
174,1344,1518,0.1388
175,1344,1519,0.1388
177,1337,1514,0.1388
178,1344,1522,0.1388
175,1332,1507,0.1388
178,1333,1511,0.1388
178,1336,1514,0.1388
174,1344,1518,0.1388
171,1339,1510,0.1388
173,1357,1530,0.1388
166,1354,1520,0.1388
172,1345,1517,0.1388
170,1349,1519,0.1388
166,1343,1509,0.1388
165,1343,1508,0.1388
168,1344,1512,0.1388
166,1355,1521,0.1388
162,1351,1513,0.1388
157,1359,1516,0.1388
156,1357,1513,0.1388
158,1349,1507,0.1388
162,1336,1498,0.1388
165,1350,1515,0.1388
161,1337,1498,0.1388
162,1347,1509,0.1388
163,1342,1505,0.1388
163,1358,1521,0.1388
163,1358,1521,0.1388
164,1357,1521,0.1388
166,1360,1526,0.1388
167,1356,1523,0.1388
165,1365,1530,0.1388
165,1350,1515,0.1388
166,1355,1521,0.1388
164,1359,1523,0.1388
162,1358,1520,0.1388
162,1351,1513,0.1388
165,1344,1509,0.1388
165,1349,1514,0.1388
164,1356,1520,0.1388
164,1343,1507,0.1388
156,1340,1496,0.1388
160,1326,1486,0.1388
164,1319,1483,0.1388
166,1328,1494,0.1388
166,1333,1499,0.1388
167,1330,1497,0.1388
164,1335,1499,0.1388
166,1344,1510,0.1388
168,1342,1510,0.1388
167,1356,1523,0.1388
163,1356,1519,0.1388
159,1342,1501,0.1388
159,1351,1510,0.1388
161,1351,1512,0.1388
159,1347,1506,0.1388
156,1351,1507,0.1388
156,1350,1506,0.1388
158,1368,1526,0.1388
160,1360,1520,0.1388
159,1368,1527,0.1388
157,1366,1523,0.1388
156,1363,1519,0.1388
147,1367,1514,0.1388
153,1354,1507,0.1388
152,1347,1499,0.1388
154,1347,1501,0.1388
158,1349,1507,0.1388
156,1350,1506,0.1388
154,1343,1497,0.1388
154,1369,1523,0.1388
152,1373,1525,0.1388
153,1374,1527,0.1388
152,1375,1527,0.1388
153,1367,1520,0.1388
153,1364,1517,0.1388
149,1357,1506,0.1388
140,1371,1511,0.1388
143,1371,1514,0.1388
145,1372,1517,0.1388
143,1370,1513,0.1388
145,1366,1511,0.1388
146,1352,1498,0.1388
146,1371,1517,0.1388
148,1377,1525,0.1388
148,1376,1524,0.1388
146,1380,1526,0.1388
144,1386,1530,0.1388
141,1384,1525,0.1388
143,1379,1522,0.1388
140,1374,1514,0.1388
142,1362,1504,0.1388
142,1366,1508,0.1388
140,1376,1516,0.1388
139,1376,1515,0.1388
135,1383,1518,0.1388
133,1385,1518,0.1388
133,1381,1514,0.1388
131,1391,1522,0.1388
135,1383,1518,0.1388
135,1381,1516,0.1388
133,1380,1513,0.1388
136,1385,1521,0.1388
136,1378,1514,0.1388
133,1377,1510,0.1388
135,1384,1519,0.1388
133,1382,1515,0.1388
131,1386,1517,0.1388
135,1396,1531,0.1388
132,1401,1533,0.1388
130,1386,1516,0.1388
129,1384,1513,0.1388
129,1384,1513,0.1388
127,1395,1522,0.1388
125,1390,1515,0.1388
126,1396,1522,0.1388
126,1382,1508,0.1388
120,1396,1516,0.1388
120,1386,1506,0.1388
124,1380,1504,0.1388
128,1382,1510,0.1388
128,1380,1508,0.1388
128,1378,1506,0.1388
130,1380,1510,0.1388
131,1393,1524,0.1388
132,1404,1536,0.1388
131,1400,1531,0.1388
129,1387,1516,0.1388
130,1391,1521,0.1388
127,1370,1497,0.1388
126,1373,1499,0.1388
125,1389,1514,0.1388
125,1395,1520,0.1388
125,1387,1512,0.1388
125,1391,1516,0.1388
122,1380,1502,0.1388
124,1380,1504,0.1388
125,1373,1498,0.1388
122,1382,1504,0.1388
123,1387,1510,0.1388
127,1388,1515,0.1388
130,1385,1515,0.1388
128,1381,1509,0.1388
127,1383,1510,0.1388
128,1378,1506,0.1388
133,1386,1519,0.1388
133,1394,1527,0.1388
131,1393,1524,0.1388
132,1389,1521,0.1388
133,1388,1521,0.1388
133,1382,1515,0.1388
133,1384,1517,0.1388
133,1390,1523,0.1388
130,1391,1521,0.1388
129,1392,1521,0.1388
126,1392,1518,0.1388
124,1399,1523,0.1388
123,1394,1517,0.1388
126,1392,1518,0.1388
127,1390,1517,0.1388
125,1376,1501,0.1388
124,1392,1516,0.1388
126,1395,1521,0.1388
122,1386,1508,0.1388
121,1398,1519,0.1388
123,1404,1527,0.1388
126,1407,1533,0.1388
125,1397,1522,0.1388
126,1400,1526,0.1388
125,1395,1520,0.1388
125,1399,1524,0.1388
120,1389,1509,0.1388
120,1382,1502,0.1388
118,1398,1516,0.1388
119,1396,1515,0.1388
120,1394,1514,0.1388
120,1381,1501,0.1388
120,1383,1503,0.1388
119,1393,1512,0.1388
113,1397,1510,0.1388
111,1384,1495,0.1388
111,1393,1504,0.1388
113,1402,1515,0.1388
115,1397,1512,0.1388
118,1394,1512,0.1388
118,1396,1514,0.1388
121,1410,1531,0.1388
119,1404,1523,0.1388
116,1409,1525,0.1388
119,1397,1516,0.1388
114,1401,1515,0.1388
111,1396,1507,0.1388
110,1418,1528,0.1388
111,1410,1521,0.1388
113,1402,1515,0.1388
112,1394,1506,0.1388
111,1407,1518,0.1388
112,1397,1509,0.1388
117,1400,1517,0.1388
119,1393,1512,0.1388
119,1400,1519,0.1388
119,1393,1512,0.1388
115,1393,1508,0.1388
115,1393,1508,0.1388
111,1388,1499,0.1388
114,1402,1516,0.1388
117,1397,1514,0.1388
116,1390,1506,0.1388
115,1385,1500,0.1388
111,1392,1503,0.1388
109,1391,1500,0.1388
113,1400,1513,0.1388
112,1412,1524,0.1388
110,1397,1507,0.1388
109,1394,1503,0.1388
105,1390,1495,0.1388
101,1402,1503,0.1388
102,1409,1511,0.1388
107,1401,1508,0.1388
108,1395,1503,0.1388
108,1398,1506,0.1388
107,1406,1513,0.1388
109,1403,1512,0.1388
105,1413,1518,0.1388
104,1421,1525,0.1388
103,1428,1531,0.1388
103,1422,1525,0.1388
105,1416,1521,0.1388
102,1401,1503,0.1388
105,1420,1525,0.1388
103,1412,1515,0.1388
105,1412,1517,0.1388
104,1417,1521,0.1388
100,1427,1527,0.1388
98,1427,1525,0.1388
95,1422,1517,0.1388
98,1422,1520,0.1388
96,1421,1517,0.1388
95,1413,1508,0.1388
99,1418,1517,0.1388
101,1420,1521,0.1388
102,1423,1525,0.1388
103,1418,1521,0.1388
102,1407,1509,0.1388
101,1398,1499,0.1388
101,1400,1501,0.1388
101,1396,1497,0.1388
101,1406,1507,0.1388
101,1407,1508,0.1388
102,1413,1515,0.1388
104,1406,1510,0.1388
104,1402,1506,0.1388
99,1428,1527,0.1388
100,1439,1539,0.1388
98,1433,1531,0.1388
103,1423,1526,0.1388
103,1410,1513,0.1388
102,1413,1515,0.1388
101,1409,1510,0.1388
100,1414,1514,0.1388
99,1416,1515,0.1388
99,1413,1512,0.1388
98,1418,1516,0.1388
99,1420,1519,0.1388
97,1409,1506,0.1388
96,1422,1518,0.1388
94,1423,1517,0.1388
95,1423,1518,0.1388
94,1426,1520,0.1388
92,1435,1527,0.1388
91,1430,1521,0.1388
95,1421,1516,0.1388
93,1431,1524,0.1388
94,1444,1538,0.1388
95,1432,1527,0.1388
95,1422,1517,0.1388
94,1422,1516,0.1388
92,1434,1526,0.1388
92,1430,1522,0.1388
95,1410,1505,0.1388
91,1407,1498,0.1388
94,1414,1508,0.1388
94,1417,1511,0.1388
95,1417,1512,0.1388
94,1420,1514,0.1388
94,1431,1525,0.1388
92,1430,1522,0.1388
91,1435,1526,0.1388
92,1423,1515,0.1388
94,1417,1511,0.1388
90,1412,1502,0.1388
86,1419,1505,0.1388
88,1422,1510,0.1388
89,1419,1508,0.1388
91,1426,1517,0.1388
91,1424,1515,0.1388
89,1431,1520,0.1388
89,1424,1513,0.1388
90,1420,1510,0.1388
91,1408,1499,0.1388
90,1416,1506,0.1388
91,1417,1508,0.1388
91,1426,1517,0.1388
90,1418,1508,0.1388
86,1422,1508,0.1388
89,1426,1515,0.1388
85,1431,1516,0.1388
85,1427,1512,0.1388
86,1434,1520,0.1388
86,1454,1540,0.1388
86,1435,1521,0.1388
87,1435,1522,0.1388
88,1435,1523,0.1388
88,1436,1524,0.1388
86,1435,1521,0.1388
86,1428,1514,0.1388
88,1421,1509,0.1388
87,1426,1513,0.1388
87,1432,1519,0.1388
83,1428,1511,0.1388
85,1434,1519,0.1388
86,1433,1519,0.1388
86,1427,1513,0.1388
86,1425,1511,0.1388
84,1429,1513,0.1388
82,1432,1514,0.1388
81,1428,1509,0.1388
80,1436,1516,0.1388
80,1433,1513,0.1388
82,1434,1516,0.1388
82,1439,1521,0.1388
79,1441,1520,0.1388
81,1433,1514,0.1388
80,1427,1507,0.1388
81,1433,1514,0.1388
82,1434,1516,0.1388
83,1437,1520,0.1388
88,1431,1519,0.1388
89,1431,1520,0.1388
89,1422,1511,0.1388
87,1433,1520,0.1388
89,1430,1519,0.1388
88,1427,1515,0.1388
85,1434,1519,0.1388
86,1431,1517,0.1388
85,1429,1514,0.1388
87,1438,1525,0.1388
87,1439,1526,0.1388
84,1435,1519,0.1388
82,1427,1509,0.1388
82,1427,1509,0.1388
82,1438,1520,0.1388
77,1440,1517,0.1388
77,1431,1508,0.1388
77,1425,1502,0.1388
79,1426,1505,0.1388
78,1433,1511,0.1388
75,1436,1511,0.1388
74,1444,1518,0.1388
76,1441,1517,0.1388
79,1444,1523,0.1388
80,1447,1527,0.1388
79,1441,1520,0.1388
79,1433,1512,0.1388
82,1433,1515,0.1388
81,1440,1521,0.1388
81,1443,1524,0.1388
82,1436,1518,0.1388
86,1430,1516,0.1388
84,1415,1499,0.1388
82,1435,1517,0.1388
84,1439,1523,0.1388
82,1423,1505,0.1388
83,1422,1505,0.1388
83,1435,1518,0.1388
81,1430,1511,0.1388
81,1444,1525,0.1388
80,1448,1528,0.1388
77,1441,1518,0.1388
77,1447,1524,0.1388
80,1448,1528,0.1388
79,1451,1530,0.1388
77,1450,1527,0.1388
78,1445,1523,0.1388
76,1445,1521,0.1388
74,1444,1518,0.1388
76,1449,1525,0.1388
77,1450,1527,0.1388
77,1451,1528,0.1388
73,1453,1526,0.1388
73,1453,1526,0.1388
71,1446,1517,0.1388
71,1449,1520,0.1388
68,1450,1518,0.1388
69,1446,1515,0.1388
66,1449,1515,0.1388
69,1439,1508,0.1388
69,1445,1514,0.1388
68,1443,1511,0.1388
71,1448,1519,0.1388
72,1457,1529,0.1388
74,1456,1530,0.1388
73,1448,1521,0.1388
74,1445,1519,0.1388
71,1433,1504,0.1388
72,1456,1528,0.1388
73,1450,1523,0.1388
68,1450,1518,0.1388
69,1454,1523,0.1388
69,1457,1526,0.1388
71,1453,1524,0.1388
71,1449,1520,0.1388
75,1426,1501,0.1388
77,1443,1520,0.1388
78,1446,1524,0.1388
76,1458,1534,0.1388
75,1453,1528,0.1388
75,1445,1520,0.1388
73,1452,1525,0.1388
76,1450,1526,0.1388
75,1448,1523,0.1388
75,1462,1537,0.1388
75,1459,1534,0.1388
73,1459,1532,0.1388
74,1463,1537,0.1388
70,1455,1525,0.1388
70,1452,1522,0.1388
69,1445,1514,0.1388
68,1448,1516,0.1388
67,1449,1516,0.1388
67,1450,1517,0.1388
67,1454,1521,0.1388
68,1444,1512,0.1388
64,1446,1510,0.1388
63,1444,1507,0.1388
67,1446,1513,0.1388
67,1451,1518,0.1388
65,1441,1506,0.1388
65,1445,1510,0.1388
64,1447,1511,0.1388
64,1444,1508,0.1388
63,1446,1509,0.1388
61,1437,1498,0.1388
63,1433,1496,0.1388
62,1457,1519,0.1388
60,1451,1511,0.1388
62,1443,1505,0.1388
62,1437,1499,0.1388
64,1446,1510,0.1388
63,1439,1502,0.1388
63,1454,1517,0.1388
59,1445,1504,0.1388
55,1446,1501,0.1388
56,1462,1518,0.1388
57,1459,1516,0.1388
55,1444,1499,0.1388
58,1455,1513,0.1388
61,1449,1510,0.1388
60,1450,1510,0.1388
60,1453,1513,0.1388
60,1463,1523,0.1388
59,1471,1530,0.1388
60,1462,1522,0.1388
60,1464,1524,0.1388
60,1453,1513,0.1388
58,1460,1518,0.1388
59,1460,1519,0.1388
60,1466,1526,0.1388
61,1444,1505,0.1388
59,1438,1497,0.1388
60,1449,1509,0.1388
59,1435,1494,0.1388
59,1437,1496,0.1388
58,1446,1504,0.1388
58,1449,1507,0.1388
58,1460,1518,0.1388
58,1468,1526,0.1388
58,1471,1529,0.1388
57,1477,1534,0.1388
58,1485,1543,0.1388
58,1475,1533,0.1388
56,1467,1523,0.1388
56,1470,1526,0.1388
57,1461,1518,0.1388
57,1463,1520,0.1388
56,1477,1533,0.1388
54,1459,1513,0.1388
55,1462,1517,0.1388
53,1460,1513,0.1388
52,1462,1514,0.1388
51,1469,1520,0.1388
55,1477,1532,0.1388
55,1459,1514,0.1388
56,1465,1521,0.1388
54,1466,1520,0.1388
54,1455,1509,0.1388
55,1470,1525,0.1388
57,1459,1516,0.1388
56,1461,1517,0.1388
56,1461,1517,0.1388
57,1450,1507,0.1388
56,1459,1515,0.1388
55,1472,1527,0.1388
54,1466,1520,0.1388
54,1468,1522,0.1388
52,1458,1510,0.1388
50,1462,1512,0.1388
49,1474,1523,0.1388
52,1468,1520,0.1388
53,1468,1521,0.1388
52,1471,1523,0.1388
52,1461,1513,0.1388
53,1461,1514,0.1388
53,1455,1508,0.1388
53,1456,1509,0.1388
52,1459,1511,0.1388
51,1462,1513,0.1388
51,1464,1515,0.1388
50,1472,1522,0.1388
50,1466,1516,0.1388
48,1479,1527,0.1388
49,1480,1529,0.1388
49,1481,1530,0.1388
48,1471,1519,0.1388
46,1473,1519,0.1388
44,1468,1512,0.1388
46,1486,1532,0.1388
44,1473,1517,0.1388
44,1471,1515,0.1388
42,1476,1518,0.1388
39,1480,1519,0.1388
40,1470,1510,0.1388
41,1472,1513,0.1388
40,1475,1515,0.1388
41,1474,1515,0.1388
43,1479,1522,0.1388
42,1471,1513,0.1388
41,1471,1512,0.1388
41,1467,1508,0.1388
41,1466,1507,0.1388
39,1468,1507,0.1388
38,1486,1524,0.1388
37,1471,1508,0.1388
37,1469,1506,0.1388
39,1471,1510,0.1388
40,1481,1521,0.1388
39,1467,1506,0.1388
36,1472,1508,0.1388
36,1479,1515,0.1388
36,1484,1520,0.1388
36,1481,1517,0.1388
36,1487,1523,0.1388
36,1503,1539,0.1388
38,1489,1527,0.1388
38,1482,1520,0.1388
38,1475,1513,0.1388
36,1482,1518,0.1388
33,1479,1512,0.1388
33,1471,1504,0.1388
32,1462,1494,0.1388
31,1458,1489,0.1388
29,1477,1506,0.1388
28,1484,1512,0.1388
26,1471,1497,0.1388
26,1483,1509,0.1388
26,1487,1513,0.1388
26,1495,1521,0.1388
26,1494,1520,0.1388
27,1479,1506,0.1388
24,1472,1496,0.1388
26,1475,1501,0.1388
26,1476,1502,0.1388
27,1485,1512,0.1388
28,1479,1507,0.1388
28,1490,1518,0.1388
28,1483,1511,0.1388
28,1488,1516,0.1388
29,1494,1523,0.1388
29,1501,1530,0.1388
29,1505,1534,0.1388
27,1493,1520,0.1388
27,1487,1514,0.1388
28,1474,1502,0.1388
28,1485,1513,0.1388
28,1494,1522,0.1388
27,1495,1522,0.1388
26,1498,1524,0.1388
27,1499,1526,0.1388
25,1501,1526,0.1388
25,1506,1531,0.1388
25,1493,1518,0.1388
25,1494,1519,0.1388
25,1500,1525,0.1388
24,1505,1529,0.1388
25,1504,1529,0.1388
24,1494,1518,0.1388
23,1498,1521,0.1388
22,1496,1518,0.1388
22,1505,1527,0.1388
20,1509,1529,0.1388
21,1496,1517,0.1388
21,1493,1514,0.1388
20,1493,1513,0.1388
20,1501,1521,0.1388
21,1501,1522,0.1388
21,1498,1519,0.1388
22,1489,1511,0.1388
22,1491,1513,0.1388
24,1500,1524,0.1388
24,1494,1518,0.1388
23,1483,1506,0.1388
24,1485,1509,0.1388
22,1490,1512,0.1388
23,1490,1513,0.1388
23,1482,1505,0.1388
22,1503,1525,0.1388
22,1497,1519,0.1388
22,1494,1516,0.1388
22,1503,1525,0.1388
22,1500,1522,0.1388
22,1489,1511,0.1388
22,1494,1516,0.1388
22,1490,1512,0.1388
22,1486,1508,0.1388
22,1491,1513,0.1388
22,1482,1504,0.1388
20,1490,1510,0.1388
22,1496,1518,0.1388
21,1492,1513,0.1388
21,1490,1511,0.1388
22,1492,1514,0.1388
21,1498,1519,0.1388
22,1503,1525,0.1388
21,1507,1528,0.1388
19,1492,1511,0.1388
21,1492,1513,0.1388
20,1496,1516,0.1388
20,1507,1527,0.1388
20,1504,1524,0.1388
20,1498,1518,0.1388
19,1493,1512,0.1388
19,1502,1521,0.1388
20,1502,1522,0.1388
20,1509,1529,0.1388
19,1513,1532,0.1388
19,1508,1527,0.1388
19,1510,1529,0.1388
19,1505,1524,0.1388
21,1499,1520,0.1388
21,1491,1512,0.1388
21,1487,1508,0.1388
23,1482,1505,0.1388
23,1477,1500,0.1388
24,1473,1497,0.1388
23,1480,1503,0.1388
22,1495,1517,0.1388
21,1506,1527,0.1388
21,1508,1529,0.1388
21,1491,1512,0.1388
20,1504,1524,0.1388
20,1494,1514,0.1388
18,1501,1519,0.1388
18,1503,1521,0.1388
19,1517,1536,0.1388
19,1494,1513,0.1388
20,1481,1501,0.1388
20,1481,1501,0.1388
19,1499,1518,0.1388
21,1507,1528,0.1388
21,1502,1523,0.1388
19,1498,1517,0.1388
17,1508,1525,0.1388
17,1516,1533,0.1388
16,1507,1523,0.1388
15,1503,1518,0.1388
14,1501,1515,0.1388
14,1497,1511,0.1388
14,1485,1499,0.1388
14,1490,1504,0.1388
14,1479,1493,0.1388
14,1495,1509,0.1388
13,1493,1506,0.1388
13,1511,1524,0.1388
12,1509,1521,0.1388
11,1492,1503,0.1388
11,1509,1520,0.1388
12,1503,1515,0.1388
13,1511,1524,0.1388
13,1515,1528,0.1388
13,1520,1533,0.1388
14,1511,1525,0.1388
13,1514,1527,0.1388
13,1512,1525,0.1388
15,1505,1520,0.1388
15,1506,1521,0.1388
15,1505,1520,0.1388
15,1496,1511,0.1388
15,1508,1523,0.1388
15,1509,1524,0.1388
16,1498,1514,0.1388
16,1490,1506,0.1388
16,1507,1523,0.1388
16,1490,1506,0.1388
15,1488,1503,0.1388
15,1488,1503,0.1388
15,1497,1512,0.1388
14,1499,1513,0.1388
14,1496,1510,0.1388
14,1498,1512,0.1388
14,1496,1510,0.1388
13,1503,1516,0.1388
14,1498,1512,0.1388
14,1501,1515,0.1388
14,1487,1501,0.1388
15,1480,1495,0.1388
14,1487,1501,0.1388
14,1497,1511,0.1388
14,1493,1507,0.1388
15,1494,1509,0.1388
15,1494,1509,0.1388
16,1490,1506,0.1388
16,1495,1511,0.1388
16,1506,1522,0.1388
15,1510,1525,0.1388
15,1492,1507,0.1388
16,1496,1512,0.1388
16,1494,1510,0.1388
15,1498,1513,0.1388
14,1506,1520,0.1388
14,1508,1522,0.1388
15,1494,1509,0.1388
15,1498,1513,0.1388
14,1500,1514,0.1388
14,1499,1513,0.1388
15,1496,1511,0.1388
15,1484,1499,0.1388
15,1490,1505,0.1388
15,1505,1520,0.1388
15,1496,1511,0.1388
14,1504,1518,0.1388
14,1513,1527,0.1388
13,1503,1516,0.1388
12,1504,1516,0.1388
13,1493,1506,0.1388
14,1505,1519,0.1388
13,1503,1516,0.1388
13,1484,1497,0.1388
14,1491,1505,0.1388
13,1504,1517,0.1388
13,1515,1528,0.1388
13,1500,1513,0.1388
14,1508,1522,0.1388
14,1513,1527,0.1388
13,1509,1522,0.1388
12,1506,1518,0.1388
13,1499,1512,0.1388
13,1501,1514,0.1388
12,1515,1527,0.1388
12,1512,1524,0.1388
11,1502,1513,0.1388
11,1496,1507,0.1388
11,1503,1514,0.1388
10,1499,1509,0.1388
12,1513,1525,0.1388
12,1507,1519,0.1388
13,1513,1526,0.1388
13,1521,1534,0.1388
13,1511,1524,0.1388
12,1506,1518,0.1388
12,1510,1522,0.1388
12,1512,1524,0.1388
11,1501,1512,0.1388
10,1495,1505,0.1388
10,1503,1513,0.1388
9,1489,1498,0.1388
9,1505,1514,0.1388
9,1507,1516,0.1388
9,1523,1532,0.1388
9,1528,1537,0.1388
9,1519,1528,0.1388
8,1516,1524,0.1388
8,1502,1510,0.1388
8,1509,1517,0.1388
8,1512,1520,0.1388
8,1503,1511,0.1388
8,1520,1528,0.1388
8,1511,1519,0.1388
8,1508,1516,0.1388
8,1503,1511,0.1388
8,1506,1514,0.1388
8,1503,1511,0.1388
8,1497,1505,0.1388
8,1500,1508,0.1388
8,1503,1511,0.1388
7,1522,1529,0.1388
7,1507,1514,0.1388
7,1512,1519,0.1388
7,1517,1524,0.1388
7,1502,1509,0.1388
8,1500,1508,0.1388
8,1499,1507,0.1388
6,1505,1511,0.1388
7,1501,1508,0.1388
8,1505,1513,0.1388
8,1507,1515,0.1388
8,1515,1523,0.1388
8,1510,1518,0.1388
7,1501,1508,0.1388
7,1492,1499,0.1388
7,1499,1506,0.1388
8,1497,1505,0.1388
8,1507,1515,0.1388
8,1496,1504,0.1388
7,1504,1511,0.1388
7,1504,1511,0.1388
7,1509,1516,0.1388
6,1501,1507,0.1388
6,1512,1518,0.1388
6,1520,1526,0.1388
6,1520,1526,0.1388
6,1520,1526,0.1388
6,1510,1516,0.1388
6,1508,1514,0.1388
7,1510,1517,0.1388
7,1506,1513,0.1388
7,1510,1517,0.1388
7,1515,1522,0.1388
7,1503,1510,0.1388
7,1502,1509,0.1388
7,1509,1516,0.1388
7,1516,1523,0.1388
7,1513,1520,0.1388
8,1524,1532,0.1388
8,1501,1509,0.1388
8,1498,1506,0.1388
6,1498,1504,0.1388
6,1504,1510,0.1388
6,1496,1502,0.1388
6,1494,1500,0.1388
6,1504,1510,0.1388
6,1500,1506,0.1388
6,1515,1521,0.1388
6,1504,1510,0.1388
6,1508,1514,0.1388
7,1498,1505,0.1388
7,1511,1518,0.1388
6,1497,1503,0.1388
6,1516,1522,0.1388
6,1502,1508,0.1388
6,1505,1511,0.1388
6,1507,1513,0.1388
6,1515,1521,0.1388
6,1515,1521,0.1388
6,1500,1506,0.1388
6,1499,1505,0.1388
7,1508,1515,0.1388
3,1518,1521,0.1388
3,1519,1522,0.1388
4,1507,1511,0.1388
4,1521,1525,0.1388
4,1521,1525,0.1388
4,1523,1527,0.1388
4,1513,1517,0.1388
4,1510,1514,0.1388
4,1514,1518,0.1388
4,1510,1514,0.1388
4,1514,1518,0.1388
4,1521,1525,0.1388
4,1515,1519,0.1388
4,1511,1515,0.1388
4,1505,1509,0.1388
5,1510,1515,0.1388
5,1521,1526,0.1388
5,1520,1525,0.1388
4,1512,1516,0.1388
4,1520,1524,0.1388
4,1525,1529,0.1388
4,1522,1526,0.1388
3,1526,1529,0.1388
3,1524,1527,0.1388
2,1517,1519,0.1388
2,1525,1527,0.1388
2,1523,1525,0.1388
2,1527,1529,0.1388
2,1528,1530,0.1388
2,1519,1521,0.1388
2,1517,1519,0.1388
2,1508,1510,0.1388
1,1516,1517,0.1388
2,1521,1523,0.1388
2,1511,1513,0.1388
2,1514,1516,0.1388
2,1527,1529,0.1388
2,1537,1539,0.1388
2,1526,1528,0.1388
2,1515,1517,0.1388
2,1509,1511,0.1388
2,1507,1509,0.1388
2,1513,1515,0.1388
2,1516,1518,0.1388
2,1508,1510,0.1388
2,1497,1499,0.1388
2,1515,1517,0.1388
2,1512,1514,0.1388
2,1512,1514,0.1388
2,1510,1512,0.1388
2,1522,1524,0.1388
2,1509,1511,0.1388
2,1501,1503,0.1388
2,1505,1507,0.1388
2,1513,1515,0.1388
2,1513,1515,0.1388
2,1503,1505,0.1388
2,1509,1511,0.1388
2,1511,1513,0.1388
2,1509,1511,0.1388
2,1520,1522,0.1388
2,1520,1522,0.1388
2,1514,1516,0.1388
2,1509,1511,0.1388
2,1514,1516,0.1388
2,1513,1515,0.1388
2,1511,1513,0.1388
2,1513,1515,0.1388
2,1499,1501,0.1388
2,1510,1512,0.1388
2,1506,1508,0.1388
2,1497,1499,0.1388
2,1506,1508,0.1388
2,1510,1512,0.1388
2,1519,1521,0.1388
1,1517,1518,0.1388
1,1530,1531,0.1388
1,1520,1521,0.1388
1,1524,1525,0.1388
1,1523,1524,0.1388
1,1516,1517,0.1388
1,1524,1525,0.1388
1,1524,1525,0.1388
1,1520,1521,0.1388
1,1509,1510,0.1388
1,1511,1512,0.1388
1,1511,1512,0.1388
1,1511,1512,0.1388
1,1506,1507,0.1388
1,1510,1511,0.1388
1,1510,1511,0.1388
1,1506,1507,0.1388
1,1507,1508,0.1388
1,1511,1512,0.1388
1,1520,1521,0.1388
1,1529,1530,0.1388
1,1533,1534,0.1388
1,1529,1530,0.1388
1,1524,1525,0.1388
1,1532,1533,0.1388
1,1519,1520,0.1388
1,1528,1529,0.1388
1,1520,1521,0.1388
1,1517,1518,0.1388
1,1518,1519,0.1388
1,1508,1509,0.1388
1,1502,1503,0.1388
1,1514,1515,0.1388
1,1515,1516,0.1388
1,1518,1519,0.1388
1,1530,1531,0.1388
1,1530,1531,0.1388
1,1513,1514,0.1388
1,1520,1521,0.1388
1,1518,1519,0.1388
1,1514,1515,0.1388
0,1530,1530,0.1388
