1365,28,1393,0.1388
1402,26,1428,0.1388
1429,30,1459,0.1388
1453,32,1485,0.1388
1460,34,1494,0.1388
1462,35,1497,0.1388
1452,36,1488,0.1388
1459,38,1497,0.1388
1457,39,1496,0.1388
1449,40,1489,0.1388
1457,41,1498,0.1388
1462,41,1503,0.1388
1456,41,1497,0.1388
1462,40,1502,0.1388
1453,40,1493,0.1388
1458,40,1498,0.1388
1478,40,1518,0.1388
1476,39,1515,0.1388
1467,39,1506,0.1388
1461,37,1498,0.1388
1453,38,1491,0.1388
1458,39,1497,0.1388
1455,39,1494,0.1388
1452,38,1490,0.1388
1460,35,1495,0.1388
1465,35,1500,0.1388
1465,36,1501,0.1388
1463,35,1498,0.1388
1462,37,1499,0.1388
1469,36,1505,0.1388
1462,34,1496,0.1388
1465,34,1499,0.1388
1463,35,1498,0.1388
1465,35,1500,0.1388
1455,33,1488,0.1388
1457,32,1489,0.1388
1465,31,1496,0.1388
1477,30,1507,0.1388
1478,30,1508,0.1388
1468,31,1499,0.1388
1471,30,1501,0.1388
1465,30,1495,0.1388
1447,29,1476,0.1388
1453,30,1483,0.1388
1461,30,1491,0.1388
1452,31,1483,0.1388
1446,32,1478,0.1388
1449,32,1481,0.1388
1458,31,1489,0.1388
1452,32,1484,0.1388
1446,31,1477,0.1388
1454,33,1487,0.1388
1460,34,1494,0.1388
1458,34,1492,0.1388
1446,33,1479,0.1388
1438,34,1472,0.1388
1440,36,1476,0.1388
1435,37,1472,0.1388
1438,38,1476,0.1388
1434,37,1471,0.1388
1434,38,1472,0.1388
1448,37,1485,0.1388
1449,37,1486,0.1388
1444,38,1482,0.1388
1445,40,1485,0.1388
1446,38,1484,0.1388
1448,41,1489,0.1388
1454,41,1495,0.1388
1444,41,1485,0.1388
1447,43,1490,0.1388
1451,44,1495,0.1388
1456,46,1502,0.1388
1450,46,1496,0.1388
1453,45,1498,0.1388
1445,47,1492,0.1388
1439,48,1487,0.1388
1444,47,1491,0.1388
1449,47,1496,0.1388
1436,44,1480,0.1388
1449,46,1495,0.1388
1462,48,1510,0.1388
1459,49,1508,0.1388
1461,47,1508,0.1388
1447,48,1495,0.1388
1434,46,1480,0.1388
1448,48,1496,0.1388
1456,51,1507,0.1388
1438,49,1487,0.1388
1438,52,1490,0.1388
1440,53,1493,0.1388
1447,53,1500,0.1388
1457,52,1509,0.1388
1450,52,1502,0.1388
1442,52,1494,0.1388
1443,53,1496,0.1388
1432,55,1487,0.1388
1426,54,1480,0.1388
1430,58,1488,0.1388
1434,59,1493,0.1388
1441,54,1495,0.1388
1444,54,1498,0.1388
1446,53,1499,0.1388
1453,53,1506,0.1388
1444,53,1497,0.1388
1454,50,1504,0.1388
1446,49,1495,0.1388
1451,48,1499,0.1388
1454,50,1504,0.1388
1458,48,1506,0.1388
1448,49,1497,0.1388
1438,50,1488,0.1388
1439,51,1490,0.1388
1442,52,1494,0.1388
1457,52,1509,0.1388
1461,51,1512,0.1388
1456,51,1507,0.1388
1447,50,1497,0.1388
1442,49,1491,0.1388
1435,49,1484,0.1388
1449,51,1500,0.1388
1447,50,1497,0.1388
1446,48,1494,0.1388
1443,51,1494,0.1388
1442,53,1495,0.1388
1441,53,1494,0.1388
1453,57,1510,0.1388
1444,57,1501,0.1388
1441,58,1499,0.1388
1429,59,1488,0.1388
1432,62,1494,0.1388
1436,62,1498,0.1388
1426,62,1488,0.1388
1430,61,1491,0.1388
1436,63,1499,0.1388
1424,64,1488,0.1388
1418,66,1484,0.1388
1439,66,1505,0.1388
1443,66,1509,0.1388
1440,68,1508,0.1388
1433,68,1501,0.1388
1436,72,1508,0.1388
1443,72,1515,0.1388
1437,71,1508,0.1388
1429,72,1501,0.1388
1424,71,1495,0.1388
1423,74,1497,0.1388
1411,76,1487,0.1388
1408,72,1480,0.1388
1413,72,1485,0.1388
1409,72,1481,0.1388
1426,76,1502,0.1388
1420,78,1498,0.1388
1422,81,1503,0.1388
1414,81,1495,0.1388
1414,81,1495,0.1388
1422,80,1502,0.1388
1423,79,1502,0.1388
1419,84,1503,0.1388
1408,81,1489,0.1388
1408,91,1499,0.1388
1407,89,1496,0.1388
1403,90,1493,0.1388
1396,92,1488,0.1388
1411,93,1504,0.1388
1411,95,1506,0.1388
1414,96,1510,0.1388
1416,99,1515,0.1388
1402,103,1505,0.1388
1397,105,1502,0.1388
1386,103,1489,0.1388
1389,102,1491,0.1388
1396,98,1494,0.1388
1404,100,1504,0.1388
1397,102,1499,0.1388
1399,103,1502,0.1388
1397,104,1501,0.1388
1391,102,1493,0.1388
1392,101,1493,0.1388
1390,95,1485,0.1388
1394,96,1490,0.1388
1404,95,1499,0.1388
1407,97,1504,0.1388
1399,96,1495,0.1388
1395,96,1491,0.1388
1387,97,1484,0.1388
1402,97,1499,0.1388
1398,99,1497,0.1388
1393,98,1491,0.1388
1399,96,1495,0.1388
1394,99,1493,0.1388
1395,96,1491,0.1388
1397,96,1493,0.1388
1386,94,1480,0.1388
1390,96,1486,0.1388
1401,98,1499,0.1388
1402,94,1496,0.1388
1392,97,1489,0.1388
1393,97,1490,0.1388
1379,98,1477,0.1388
1388,102,1490,0.1388
1398,103,1501,0.1388
1394,101,1495,0.1388
1383,100,1483,0.1388
1395,93,1488,0.1388
1397,92,1489,0.1388
1397,92,1489,0.1388
1392,96,1488,0.1388
1386,95,1481,0.1388
1392,97,1489,0.1388
1393,101,1494,0.1388
1383,102,1485,0.1388
1389,103,1492,0.1388
1401,102,1503,0.1388
1392,99,1491,0.1388
1386,103,1489,0.1388
1387,102,1489,0.1388
1371,102,1473,0.1388
1377,98,1475,0.1388
1390,94,1484,0.1388
1396,96,1492,0.1388
1391,101,1492,0.1388
1379,103,1482,0.1388
1383,106,1489,0.1388
1384,107,1491,0.1388
1390,109,1499,0.1388
1393,108,1501,0.1388
1373,109,1482,0.1388
1373,110,1483,0.1388
1388,113,1501,0.1388
1380,109,1489,0.1388
1395,110,1505,0.1388
1387,110,1497,0.1388
1382,113,1495,0.1388
1374,109,1483,0.1388
1369,110,1479,0.1388
1378,109,1487,0.1388
1377,109,1486,0.1388
1384,113,1497,0.1388
1385,115,1500,0.1388
1393,115,1508,0.1388
1384,117,1501,0.1388
1389,116,1505,0.1388
1391,113,1504,0.1388
1391,112,1503,0.1388
1387,114,1501,0.1388
1381,117,1498,0.1388
1368,118,1486,0.1388
1372,118,1490,0.1388
1367,121,1488,0.1388
1369,120,1489,0.1388
1366,119,1485,0.1388
1358,121,1479,0.1388
1365,121,1486,0.1388
1358,120,1478,0.1388
1361,119,1480,0.1388
1351,116,1467,0.1388
1352,118,1470,0.1388
1353,118,1471,0.1388
1377,120,1497,0.1388
1375,118,1493,0.1388
1374,120,1494,0.1388
1366,119,1485,0.1388
1370,119,1489,0.1388
1382,116,1498,0.1388
1375,114,1489,0.1388
1393,114,1507,0.1388
1393,115,1508,0.1388
1391,118,1509,0.1388
1380,122,1502,0.1388
1373,125,1498,0.1388
1386,125,1511,0.1388
1379,123,1502,0.1388
1374,125,1499,0.1388
1377,122,1499,0.1388
1376,124,1500,0.1388
1365,119,1484,0.1388
1374,115,1489,0.1388
1370,121,1491,0.1388
1371,124,1495,0.1388
1368,124,1492,0.1388
1361,130,1491,0.1388
1359,130,1489,0.1388
1362,134,1496,0.1388
1351,139,1490,0.1388
1355,139,1494,0.1388
1359,142,1501,0.1388
1351,144,1495,0.1388
1342,142,1484,0.1388
1348,144,1492,0.1388
1353,145,1498,0.1388
1344,148,1492,0.1388
1347,146,1493,0.1388
1336,147,1483,0.1388
1334,147,1481,0.1388
1346,147,1493,0.1388
1351,152,1503,0.1388
1333,152,1485,0.1388
1340,152,1492,0.1388
1343,154,1497,0.1388
1338,155,1493,0.1388
1335,154,1489,0.1388
1334,156,1490,0.1388
1354,156,1510,0.1388
1361,154,1515,0.1388
1349,156,1505,0.1388
1351,158,1509,0.1388
1345,156,1501,0.1388
1342,156,1498,0.1388
1347,159,1506,0.1388
1350,160,1510,0.1388
1346,166,1512,0.1388
1339,163,1502,0.1388
1326,160,1486,0.1388
1316,160,1476,0.1388
1318,162,1480,0.1388
1330,162,1492,0.1388
1331,160,1491,0.1388
1346,162,1508,0.1388
1348,156,1504,0.1388
1337,160,1497,0.1388
1343,157,1500,0.1388
1336,157,1493,0.1388
1343,158,1501,0.1388
1342,160,1502,0.1388
1337,156,1493,0.1388
1338,154,1492,0.1388
1342,160,1502,0.1388
1339,159,1498,0.1388
1344,159,1503,0.1388
1343,155,1498,0.1388
1346,153,1499,0.1388
1345,158,1503,0.1388
1364,158,1522,0.1388
1352,156,1508,0.1388
1340,158,1498,0.1388
1345,160,1505,0.1388
1345,163,1508,0.1388
1336,156,1492,0.1388
1342,157,1499,0.1388
1341,159,1500,0.1388
1348,162,1510,0.1388
1342,163,1505,0.1388
1328,159,1487,0.1388
1331,156,1487,0.1388
1325,158,1483,0.1388
1324,160,1484,0.1388
1322,159,1481,0.1388
1327,161,1488,0.1388
1322,162,1484,0.1388
1328,167,1495,0.1388
1330,171,1501,0.1388
1340,171,1511,0.1388
1338,171,1509,0.1388
1329,172,1501,0.1388
1320,167,1487,0.1388
1326,160,1486,0.1388
1325,164,1489,0.1388
1324,162,1486,0.1388
1313,163,1476,0.1388
1326,168,1494,0.1388
1327,172,1499,0.1388
1329,174,1503,0.1388
1332,171,1503,0.1388
1336,168,1504,0.1388
1332,165,1497,0.1388
1315,166,1481,0.1388
1327,168,1495,0.1388
1351,166,1517,0.1388
1336,167,1503,0.1388
1314,168,1482,0.1388
1309,167,1476,0.1388
1312,171,1483,0.1388
1313,170,1483,0.1388
1319,175,1494,0.1388
1323,173,1496,0.1388
1325,168,1493,0.1388
1325,171,1496,0.1388
1332,173,1505,0.1388
1319,172,1491,0.1388
1305,173,1478,0.1388
1304,180,1484,0.1388
1305,177,1482,0.1388
1318,180,1498,0.1388
1317,181,1498,0.1388
1326,187,1513,0.1388
1328,191,1519,0.1388
1328,182,1510,0.1388
1321,184,1505,0.1388
1303,181,1484,0.1388
1304,183,1487,0.1388
1314,184,1498,0.1388
1312,187,1499,0.1388
1306,190,1496,0.1388
1301,190,1491,0.1388
1312,187,1499,0.1388
1316,192,1508,0.1388
1310,192,1502,0.1388
1314,190,1504,0.1388
1307,185,1492,0.1388
1308,187,1495,0.1388
1316,192,1508,0.1388
1317,194,1511,0.1388
1311,197,1508,0.1388
1296,199,1495,0.1388
1297,198,1495,0.1388
1295,200,1495,0.1388
1297,197,1494,0.1388
1304,196,1500,0.1388
1300,196,1496,0.1388
1295,198,1493,0.1388
1302,202,1504,0.1388
1303,200,1503,0.1388
1302,203,1505,0.1388
1306,204,1510,0.1388
1311,205,1516,0.1388
1297,201,1498,0.1388
1286,204,1490,0.1388
1289,206,1495,0.1388
1287,206,1493,0.1388
1284,205,1489,0.1388
1293,211,1504,0.1388
1286,210,1496,0.1388
1296,209,1505,0.1388
1299,211,1510,0.1388
1292,213,1505,0.1388
1293,212,1505,0.1388
1290,207,1497,0.1388
1292,207,1499,0.1388
1283,206,1489,0.1388
1293,205,1498,0.1388
1283,204,1487,0.1388
1284,207,1491,0.1388
1279,213,1492,0.1388
1272,215,1487,0.1388
1274,216,1490,0.1388
1282,217,1499,0.1388
1271,212,1483,0.1388
1277,220,1497,0.1388
1274,224,1498,0.1388
1263,222,1485,0.1388
1259,225,1484,0.1388
1259,222,1481,0.1388
1258,226,1484,0.1388
1269,229,1498,0.1388
1275,226,1501,0.1388
1278,218,1496,0.1388
1270,223,1493,0.1388
1267,226,1493,0.1388
1276,225,1501,0.1388
1287,225,1512,0.1388
1290,224,1514,0.1388
1281,225,1506,0.1388
1275,220,1495,0.1388
1275,222,1497,0.1388
1276,220,1496,0.1388
1274,223,1497,0.1388
1268,219,1487,0.1388
1255,216,1471,0.1388
1262,217,1479,0.1388
1257,218,1475,0.1388
1266,220,1486,0.1388
1273,216,1489,0.1388
1271,213,1484,0.1388
1278,222,1500,0.1388
1275,225,1500,0.1388
1286,228,1514,0.1388
1273,220,1493,0.1388
1275,224,1499,0.1388
1270,224,1494,0.1388
1270,223,1493,0.1388
1259,224,1483,0.1388
1275,220,1495,0.1388
1279,221,1500,0.1388
1278,218,1496,0.1388
1289,216,1505,0.1388
1279,217,1496,0.1388
1276,218,1494,0.1388
1284,224,1508,0.1388
1285,220,1505,0.1388
1287,225,1512,0.1388
1277,225,1502,0.1388
1295,227,1522,0.1388
1291,227,1518,0.1388
1273,223,1496,0.1388
1273,222,1495,0.1388
1259,223,1482,0.1388
1270,224,1494,0.1388
1265,227,1492,0.1388
1262,226,1488,0.1388
1269,226,1495,0.1388
1267,230,1497,0.1388
1260,232,1492,0.1388
1267,229,1496,0.1388
1266,229,1495,0.1388
1265,225,1490,0.1388
1247,227,1474,0.1388
1249,235,1484,0.1388
1252,231,1483,0.1388
1270,225,1495,0.1388
1272,228,1500,0.1388
1265,231,1496,0.1388
1270,234,1504,0.1388
1268,241,1509,0.1388
1270,235,1505,0.1388
1265,234,1499,0.1388
1272,238,1510,0.1388
1263,242,1505,0.1388
1264,246,1510,0.1388
1266,246,1512,0.1388
1253,248,1501,0.1388
1256,248,1504,0.1388
1244,247,1491,0.1388
1236,249,1485,0.1388
1251,250,1501,0.1388
1260,251,1511,0.1388
1258,249,1507,0.1388
1248,247,1495,0.1388
1250,250,1500,0.1388
1254,247,1501,0.1388
1262,245,1507,0.1388
1257,248,1505,0.1388
1258,247,1505,0.1388
1259,251,1510,0.1388
1253,251,1504,0.1388
1249,250,1499,0.1388
1245,253,1498,0.1388
1243,249,1492,0.1388
1257,248,1505,0.1388
1266,253,1519,0.1388
1256,250,1506,0.1388
1259,243,1502,0.1388
1251,242,1493,0.1388
1254,252,1506,0.1388
1252,248,1500,0.1388
1264,245,1509,0.1388
1267,243,1510,0.1388
1261,245,1506,0.1388
1254,251,1505,0.1388
1260,251,1511,0.1388
1248,251,1499,0.1388
1247,247,1494,0.1388
1256,239,1495,0.1388
1254,246,1500,0.1388
1250,248,1498,0.1388
1257,242,1499,0.1388
1253,247,1500,0.1388
1253,244,1497,0.1388
1255,243,1498,0.1388
1262,247,1509,0.1388
1266,250,1516,0.1388
1261,250,1511,0.1388
1243,250,1493,0.1388
1249,248,1497,0.1388
1234,250,1484,0.1388
1241,246,1487,0.1388
1234,251,1485,0.1388
1235,249,1484,0.1388
1239,254,1493,0.1388
1245,260,1505,0.1388
1242,257,1499,0.1388
1253,251,1504,0.1388
1256,251,1507,0.1388
1255,252,1507,0.1388
1240,256,1496,0.1388
1244,254,1498,0.1388
1243,251,1494,0.1388
1238,256,1494,0.1388
1241,251,1492,0.1388
1240,248,1488,0.1388
1249,249,1498,0.1388
1242,254,1496,0.1388
1250,251,1501,0.1388
1259,244,1503,0.1388
1252,248,1500,0.1388
1252,246,1498,0.1388
1244,249,1493,0.1388
1243,249,1492,0.1388
1238,258,1496,0.1388
1240,263,1503,0.1388
1233,266,1499,0.1388
1229,264,1493,0.1388
1238,265,1503,0.1388
1238,270,1508,0.1388
1238,267,1505,0.1388
1237,266,1503,0.1388
1237,265,1502,0.1388
1232,261,1493,0.1388
1236,259,1495,0.1388
1234,263,1497,0.1388
1229,263,1492,0.1388
1234,255,1489,0.1388
1234,253,1487,0.1388
1239,255,1494,0.1388
1246,256,1502,0.1388
1235,262,1497,0.1388
1227,265,1492,0.1388
1237,265,1502,0.1388
1237,269,1506,0.1388
1237,269,1506,0.1388
1231,270,1501,0.1388
1228,266,1494,0.1388
1233,266,1499,0.1388
1222,265,1487,0.1388
1224,263,1487,0.1388
1237,260,1497,0.1388
1222,262,1484,0.1388
1223,260,1483,0.1388
1231,259,1490,0.1388
1228,263,1491,0.1388
1238,264,1502,0.1388
1233,261,1494,0.1388
1241,264,1505,0.1388
1229,266,1495,0.1388
1239,264,1503,0.1388
1250,267,1517,0.1388
1233,262,1495,0.1388
1223,263,1486,0.1388
1222,267,1489,0.1388
1233,272,1505,0.1388
1228,268,1496,0.1388
1242,270,1512,0.1388
1238,272,1510,0.1388
1237,272,1509,0.1388
1225,271,1496,0.1388
1220,272,1492,0.1388
1213,269,1482,0.1388
1230,274,1504,0.1388
1231,277,1508,0.1388
1225,277,1502,0.1388
1227,279,1506,0.1388
1215,277,1492,0.1388
1209,280,1489,0.1388
1213,282,1495,0.1388
1205,287,1492,0.1388
1215,285,1500,0.1388
1219,282,1501,0.1388
1220,286,1506,0.1388
1219,290,1509,0.1388
1215,290,1505,0.1388
1211,282,1493,0.1388
1206,279,1485,0.1388
1212,277,1489,0.1388
1208,276,1484,0.1388
1203,278,1481,0.1388
1205,283,1488,0.1388
1205,278,1483,0.1388
1205,276,1481,0.1388
1214,279,1493,0.1388
1217,280,1497,0.1388
1222,273,1495,0.1388
1225,272,1497,0.1388
1219,272,1491,0.1388
1216,280,1496,0.1388
1218,291,1509,0.1388
1202,290,1492,0.1388
1198,288,1486,0.1388
1203,290,1493,0.1388
1207,292,1499,0.1388
1205,289,1494,0.1388
1202,290,1492,0.1388
1202,286,1488,0.1388
1216,285,1501,0.1388
1210,286,1496,0.1388
1212,291,1503,0.1388
1203,293,1496,0.1388
1197,294,1491,0.1388
1202,294,1496,0.1388
1201,292,1493,0.1388
1201,288,1489,0.1388
1195,296,1491,0.1388
1194,297,1491,0.1388
1192,289,1481,0.1388
1188,293,1481,0.1388
1185,296,1481,0.1388
1186,292,1478,0.1388
1181,293,1474,0.1388
1182,298,1480,0.1388
1183,295,1478,0.1388
1192,297,1489,0.1388
1182,301,1483,0.1388
1184,298,1482,0.1388
1189,300,1489,0.1388
1194,300,1494,0.1388
1208,303,1511,0.1388
1196,304,1500,0.1388
1199,303,1502,0.1388
1196,306,1502,0.1388
1196,308,1504,0.1388
1200,308,1508,0.1388
1192,307,1499,0.1388
1186,309,1495,0.1388
1182,303,1485,0.1388
1198,305,1503,0.1388
1205,297,1502,0.1388
1201,303,1504,0.1388
1202,307,1509,0.1388
1180,307,1487,0.1388
1191,305,1496,0.1388
1191,298,1489,0.1388
1195,302,1497,0.1388
1201,295,1496,0.1388
1203,296,1499,0.1388
1206,305,1511,0.1388
1196,300,1496,0.1388
1205,306,1511,0.1388
1216,308,1524,0.1388
1202,300,1502,0.1388
1200,295,1495,0.1388
1197,297,1494,0.1388
1196,297,1493,0.1388
1190,296,1486,0.1388
1189,305,1494,0.1388
1183,308,1491,0.1388
1188,302,1490,0.1388
1181,308,1489,0.1388
1189,312,1501,0.1388
1193,310,1503,0.1388
1183,312,1495,0.1388
1174,307,1481,0.1388
1181,312,1493,0.1388
1199,306,1505,0.1388
1194,307,1501,0.1388
1210,307,1517,0.1388
1198,307,1505,0.1388
1187,311,1498,0.1388
1186,311,1497,0.1388
1177,314,1491,0.1388
1166,315,1481,0.1388
1177,318,1495,0.1388
1165,312,1477,0.1388
1173,319,1492,0.1388
1185,321,1506,0.1388
1175,327,1502,0.1388
1180,327,1507,0.1388
1179,321,1500,0.1388
1163,311,1474,0.1388
1157,313,1470,0.1388
1168,325,1493,0.1388
1163,325,1488,0.1388
1157,331,1488,0.1388
1162,330,1492,0.1388
1173,332,1505,0.1388
1153,333,1486,0.1388
1165,332,1497,0.1388
1164,330,1494,0.1388
1157,326,1483,0.1388
1159,326,1485,0.1388
1161,328,1489,0.1388
1173,330,1503,0.1388
1173,330,1503,0.1388
1180,329,1509,0.1388
1173,333,1506,0.1388
1177,327,1504,0.1388
1183,323,1506,0.1388
1175,321,1496,0.1388
1174,327,1501,0.1388
1172,331,1503,0.1388
1176,333,1509,0.1388
1167,333,1500,0.1388
1187,340,1527,0.1388
1166,331,1497,0.1388
1171,331,1502,0.1388
1181,333,1514,0.1388
1174,329,1503,0.1388
1179,325,1504,0.1388
1177,331,1508,0.1388
1173,332,1505,0.1388
1169,338,1507,0.1388
1167,337,1504,0.1388
1160,337,1497,0.1388
1158,341,1499,0.1388
1160,345,1505,0.1388
1157,346,1503,0.1388
1170,338,1508,0.1388
1171,330,1501,0.1388
1171,339,1510,0.1388
1172,338,1510,0.1388
1168,330,1498,0.1388
1151,338,1489,0.1388
1154,332,1486,0.1388
1159,331,1490,0.1388
1159,336,1495,0.1388
1152,342,1494,0.1388
1140,341,1481,0.1388
1150,345,1495,0.1388
1159,340,1499,0.1388
1160,342,1502,0.1388
1158,343,1501,0.1388
1150,349,1499,0.1388
1160,349,1509,0.1388
1165,337,1502,0.1388
1161,347,1508,0.1388
1160,347,1507,0.1388
1157,345,1502,0.1388
1159,343,1502,0.1388
1155,348,1503,0.1388
1145,347,1492,0.1388
1158,353,1511,0.1388
1147,361,1508,0.1388
1158,357,1515,0.1388
1154,353,1507,0.1388
1158,354,1512,0.1388
1156,358,1514,0.1388
1146,358,1504,0.1388
1139,354,1493,0.1388
1150,358,1508,0.1388
1135,359,1494,0.1388
1132,370,1502,0.1388
1133,369,1502,0.1388
1131,368,1499,0.1388
1133,367,1500,0.1388
1131,369,1500,0.1388
1133,369,1502,0.1388
1120,369,1489,0.1388
1119,370,1489,0.1388
1117,378,1495,0.1388
1116,380,1496,0.1388
1106,386,1492,0.1388
1092,394,1486,0.1388
1098,397,1495,0.1388
1099,401,1500,0.1388
1110,404,1514,0.1388
1105,404,1509,0.1388
1096,409,1505,0.1388
1092,409,1501,0.1388
1083,411,1494,0.1388
1077,410,1487,0.1388
1075,402,1477,0.1388
1076,403,1479,0.1388
1078,410,1488,0.1388
1082,410,1492,0.1388
1089,413,1502,0.1388
1090,406,1496,0.1388
1082,406,1488,0.1388
1086,408,1494,0.1388
1088,402,1490,0.1388
1085,408,1493,0.1388
1087,412,1499,0.1388
1085,410,1495,0.1388
1082,410,1492,0.1388
1075,406,1481,0.1388
1075,402,1477,0.1388
1076,409,1485,0.1388
1090,414,1504,0.1388
1088,413,1501,0.1388
1085,420,1505,0.1388
1076,415,1491,0.1388
1083,418,1501,0.1388
1087,421,1508,0.1388
1079,423,1502,0.1388
1073,427,1500,0.1388
1068,431,1499,0.1388
1074,443,1517,0.1388
1084,434,1518,0.1388
1077,429,1506,0.1388
1078,431,1509,0.1388
1078,425,1503,0.1388
1077,426,1503,0.1388
1076,428,1504,0.1388
1065,435,1500,0.1388
1070,440,1510,0.1388
1070,434,1504,0.1388
1061,430,1491,0.1388
1058,444,1502,0.1388
1060,439,1499,0.1388
1058,434,1492,0.1388
1054,439,1493,0.1388
1052,435,1487,0.1388
1057,443,1500,0.1388
1064,444,1508,0.1388
1050,449,1499,0.1388
1051,456,1507,0.1388
1056,454,1510,0.1388
1047,453,1500,0.1388
1041,455,1496,0.1388
1041,452,1493,0.1388
1038,451,1489,0.1388
1037,454,1491,0.1388
1040,462,1502,0.1388
1040,457,1497,0.1388
1036,460,1496,0.1388
1045,459,1504,0.1388
1046,456,1502,0.1388
1042,450,1492,0.1388
1036,452,1488,0.1388
1044,455,1499,0.1388
1061,461,1522,0.1388
1064,461,1525,0.1388
1055,465,1520,0.1388
1051,462,1513,0.1388
1049,463,1512,0.1388
1045,473,1518,0.1388
1050,468,1518,0.1388
1030,475,1505,0.1388
1030,477,1507,0.1388
1038,479,1517,0.1388
1032,474,1506,0.1388
1036,477,1513,0.1388
1039,476,1515,0.1388
1033,479,1512,0.1388
1028,474,1502,0.1388
1016,478,1494,0.1388
1017,477,1494,0.1388
1022,476,1498,0.1388
1016,481,1497,0.1388
1019,476,1495,0.1388
1012,480,1492,0.1388
1024,476,1500,0.1388
1022,475,1497,0.1388
1034,484,1518,0.1388
1031,485,1516,0.1388
1029,492,1521,0.1388
1023,481,1504,0.1388
1027,485,1512,0.1388
1023,484,1507,0.1388
1006,489,1495,0.1388
1009,497,1506,0.1388
1008,500,1508,0.1388
1014,494,1508,0.1388
1016,490,1506,0.1388
1011,477,1488,0.1388
1011,481,1492,0.1388
1008,484,1492,0.1388
990,491,1481,0.1388
995,490,1485,0.1388
1000,498,1498,0.1388
998,501,1499,0.1388
993,495,1488,0.1388
992,496,1488,0.1388
988,495,1483,0.1388
992,501,1493,0.1388
997,504,1501,0.1388
996,500,1496,0.1388
996,511,1507,0.1388
988,515,1503,0.1388
988,519,1507,0.1388
993,519,1512,0.1388
994,517,1511,0.1388
993,510,1503,0.1388
994,502,1496,0.1388
980,498,1478,0.1388
980,504,1484,0.1388
987,505,1492,0.1388
992,508,1500,0.1388
982,508,1490,0.1388
985,522,1507,0.1388
989,518,1507,0.1388
992,518,1510,0.1388
1002,516,1518,0.1388
995,519,1514,0.1388
999,521,1520,0.1388
994,517,1511,0.1388
979,510,1489,0.1388
985,510,1495,0.1388
979,510,1489,0.1388
974,508,1482,0.1388
989,513,1502,0.1388
999,511,1510,0.1388
993,512,1505,0.1388
990,519,1509,0.1388
977,527,1504,0.1388
980,528,1508,0.1388
990,525,1515,0.1388
984,522,1506,0.1388
972,519,1491,0.1388
977,526,1503,0.1388
974,527,1501,0.1388
973,527,1500,0.1388
965,520,1485,0.1388
973,523,1496,0.1388
972,527,1499,0.1388
965,527,1492,0.1388
965,535,1500,0.1388
958,535,1493,0.1388
954,543,1497,0.1388
953,543,1496,0.1388
957,551,1508,0.1388
948,543,1491,0.1388
950,542,1492,0.1388
949,542,1491,0.1388
944,546,1490,0.1388
952,538,1490,0.1388
965,533,1498,0.1388
956,541,1497,0.1388
961,537,1498,0.1388
967,542,1509,0.1388
959,546,1505,0.1388
951,549,1500,0.1388
949,546,1495,0.1388
947,549,1496,0.1388
944,558,1502,0.1388
941,554,1495,0.1388
947,552,1499,0.1388
951,547,1498,0.1388
943,555,1498,0.1388
941,559,1500,0.1388
935,568,1503,0.1388
943,569,1512,0.1388
941,568,1509,0.1388
945,571,1516,0.1388
944,577,1521,0.1388
934,576,1510,0.1388
937,567,1504,0.1388
931,565,1496,0.1388
927,566,1493,0.1388
944,564,1508,0.1388
949,571,1520,0.1388
950,570,1520,0.1388
940,575,1515,0.1388
938,573,1511,0.1388
922,581,1503,0.1388
923,574,1497,0.1388
924,568,1492,0.1388
922,578,1500,0.1388
922,585,1507,0.1388
915,588,1503,0.1388
921,597,1518,0.1388
908,600,1508,0.1388
921,602,1523,0.1388
921,597,1518,0.1388
920,587,1507,0.1388
912,586,1498,0.1388
910,590,1500,0.1388
910,595,1505,0.1388
912,600,1512,0.1388
904,601,1505,0.1388
907,605,1512,0.1388
918,602,1520,0.1388
916,596,1512,0.1388
907,599,1506,0.1388
902,605,1507,0.1388
889,614,1503,0.1388
890,614,1504,0.1388
877,611,1488,0.1388
867,610,1477,0.1388
875,623,1498,0.1388
881,620,1501,0.1388
877,618,1495,0.1388
885,619,1504,0.1388
884,620,1504,0.1388
888,611,1499,0.1388
888,614,1502,0.1388
884,617,1501,0.1388
889,615,1504,0.1388
885,611,1496,0.1388
878,616,1494,0.1388
871,614,1485,0.1388
876,619,1495,0.1388
880,623,1503,0.1388
870,623,1493,0.1388
871,627,1498,0.1388
870,621,1491,0.1388
870,620,1490,0.1388
870,630,1500,0.1388
873,629,1502,0.1388
865,634,1499,0.1388
866,636,1502,0.1388
874,641,1515,0.1388
872,642,1514,0.1388
881,645,1526,0.1388
874,639,1513,0.1388
869,641,1510,0.1388
866,634,1500,0.1388
870,645,1515,0.1388
862,644,1506,0.1388
866,647,1513,0.1388
863,644,1507,0.1388
869,645,1514,0.1388
866,640,1506,0.1388
867,638,1505,0.1388
859,638,1497,0.1388
858,644,1502,0.1388
865,653,1518,0.1388
859,655,1514,0.1388
855,652,1507,0.1388
841,653,1494,0.1388
835,663,1498,0.1388
836,673,1509,0.1388
839,671,1510,0.1388
827,665,1492,0.1388
833,668,1501,0.1388
833,668,1501,0.1388
833,658,1491,0.1388
830,673,1503,0.1388
828,676,1504,0.1388
828,669,1497,0.1388
830,671,1501,0.1388
818,669,1487,0.1388
817,676,1493,0.1388
809,674,1483,0.1388
809,683,1492,0.1388
809,673,1482,0.1388
819,683,1502,0.1388
814,675,1489,0.1388
821,686,1507,0.1388
824,683,1507,0.1388
828,688,1516,0.1388
823,697,1520,0.1388
824,702,1526,0.1388
819,696,1515,0.1388
821,691,1512,0.1388
821,687,1508,0.1388
822,694,1516,0.1388
818,698,1516,0.1388
820,702,1522,0.1388
815,702,1517,0.1388
809,700,1509,0.1388
815,696,1511,0.1388
803,698,1501,0.1388
803,696,1499,0.1388
807,699,1506,0.1388
813,693,1506,0.1388
816,692,1508,0.1388
802,695,1497,0.1388
799,690,1489,0.1388
792,704,1496,0.1388
796,709,1505,0.1388
806,706,1512,0.1388
801,708,1509,0.1388
801,713,1514,0.1388
787,709,1496,0.1388
802,709,1511,0.1388
798,705,1503,0.1388
801,711,1512,0.1388
799,723,1522,0.1388
808,714,1522,0.1388
800,709,1509,0.1388
798,713,1511,0.1388
812,710,1522,0.1388
805,716,1521,0.1388
807,709,1516,0.1388
801,712,1513,0.1388
796,720,1516,0.1388
786,715,1501,0.1388
781,728,1509,0.1388
783,727,1510,0.1388
780,730,1510,0.1388
770,732,1502,0.1388
772,733,1505,0.1388
777,738,1515,0.1388
767,733,1500,0.1388
767,737,1504,0.1388
759,733,1492,0.1388
764,734,1498,0.1388
753,736,1489,0.1388
755,729,1484,0.1388
768,739,1507,0.1388
769,738,1507,0.1388
767,742,1509,0.1388
761,749,1510,0.1388
775,745,1520,0.1388
783,739,1522,0.1388
778,738,1516,0.1388
777,731,1508,0.1388
775,728,1503,0.1388
773,729,1502,0.1388
780,733,1513,0.1388
770,737,1507,0.1388
766,741,1507,0.1388
766,732,1498,0.1388
770,738,1508,0.1388
769,741,1510,0.1388
761,745,1506,0.1388
761,743,1504,0.1388
760,752,1512,0.1388
759,748,1507,0.1388
756,751,1507,0.1388
756,745,1501,0.1388
752,742,1494,0.1388
754,740,1494,0.1388
751,740,1491,0.1388
762,748,1510,0.1388
754,747,1501,0.1388
763,740,1503,0.1388
765,740,1505,0.1388
759,747,1506,0.1388
740,754,1494,0.1388
756,744,1500,0.1388
755,747,1502,0.1388
759,752,1511,0.1388
760,756,1516,0.1388
767,752,1519,0.1388
763,748,1511,0.1388
751,747,1498,0.1388
739,756,1495,0.1388
730,759,1489,0.1388
728,757,1485,0.1388
728,760,1488,0.1388
735,763,1498,0.1388
743,759,1502,0.1388
733,766,1499,0.1388
743,765,1508,0.1388
744,772,1516,0.1388
737,773,1510,0.1388
734,767,1501,0.1388
728,765,1493,0.1388
731,758,1489,0.1388
731,767,1498,0.1388
730,766,1496,0.1388
715,775,1490,0.1388
716,776,1492,0.1388
723,794,1517,0.1388
723,795,1518,0.1388
728,783,1511,0.1388
725,773,1498,0.1388
724,785,1509,0.1388
722,775,1497,0.1388
721,790,1511,0.1388
723,792,1515,0.1388
724,796,1520,0.1388
706,797,1503,0.1388
701,788,1489,0.1388
710,793,1503,0.1388
710,787,1497,0.1388
702,796,1498,0.1388
705,800,1505,0.1388
713,801,1514,0.1388
717,793,1510,0.1388
714,789,1503,0.1388
712,793,1505,0.1388
705,800,1505,0.1388
711,806,1517,0.1388
701,813,1514,0.1388
708,805,1513,0.1388
703,809,1512,0.1388
706,805,1511,0.1388
712,810,1522,0.1388
701,814,1515,0.1388
696,809,1505,0.1388
694,806,1500,0.1388
697,802,1499,0.1388
688,811,1499,0.1388
690,816,1506,0.1388
689,803,1492,0.1388
690,801,1491,0.1388
691,800,1491,0.1388
693,802,1495,0.1388
699,812,1511,0.1388
691,813,1504,0.1388
690,823,1513,0.1388
688,830,1518,0.1388
676,827,1503,0.1388
669,829,1498,0.1388
671,831,1502,0.1388
682,824,1506,0.1388
685,821,1506,0.1388
686,816,1502,0.1388
685,815,1500,0.1388
670,822,1492,0.1388
677,824,1501,0.1388
668,824,1492,0.1388
660,829,1489,0.1388
666,838,1504,0.1388
665,835,1500,0.1388
658,829,1487,0.1388
660,825,1485,0.1388
663,813,1476,0.1388
665,828,1493,0.1388
671,826,1497,0.1388
668,828,1496,0.1388
669,838,1507,0.1388
657,838,1495,0.1388
660,834,1494,0.1388
660,845,1505,0.1388
658,842,1500,0.1388
664,840,1504,0.1388
655,845,1500,0.1388
659,844,1503,0.1388
673,844,1517,0.1388
676,844,1520,0.1388
670,848,1518,0.1388
667,839,1506,0.1388
674,835,1509,0.1388
677,840,1517,0.1388
672,839,1511,0.1388
672,842,1514,0.1388
673,846,1519,0.1388
677,843,1520,0.1388
671,840,1511,0.1388
665,837,1502,0.1388
668,836,1504,0.1388
663,840,1503,0.1388
667,838,1505,0.1388
673,832,1505,0.1388
670,831,1501,0.1388
674,837,1511,0.1388
678,837,1515,0.1388
676,841,1517,0.1388
677,845,1522,0.1388
667,845,1512,0.1388
667,840,1507,0.1388
669,838,1507,0.1388
667,837,1504,0.1388
660,837,1497,0.1388
661,834,1495,0.1388
654,845,1499,0.1388
662,840,1502,0.1388
665,847,1512,0.1388
655,839,1494,0.1388
645,840,1485,0.1388
655,839,1494,0.1388
651,836,1487,0.1388
669,838,1507,0.1388
668,838,1506,0.1388
663,844,1507,0.1388
663,836,1499,0.1388
663,838,1501,0.1388
667,839,1506,0.1388
665,849,1514,0.1388
665,842,1507,0.1388
671,855,1526,0.1388
666,853,1519,0.1388
665,855,1520,0.1388
667,848,1515,0.1388
656,848,1504,0.1388
661,855,1516,0.1388
655,854,1509,0.1388
650,848,1498,0.1388
644,848,1492,0.1388
654,844,1498,0.1388
652,855,1507,0.1388
659,854,1513,0.1388
656,856,1512,0.1388
652,856,1508,0.1388
649,862,1511,0.1388
652,870,1522,0.1388
635,868,1503,0.1388
638,871,1509,0.1388
635,869,1504,0.1388
637,871,1508,0.1388
639,866,1505,0.1388
624,874,1498,0.1388
636,873,1509,0.1388
632,876,1508,0.1388
627,869,1496,0.1388
630,876,1506,0.1388
633,880,1513,0.1388
634,890,1524,0.1388
634,895,1529,0.1388
626,894,1520,0.1388
619,887,1506,0.1388
620,901,1521,0.1388
620,902,1522,0.1388
615,905,1520,0.1388
616,904,1520,0.1388
612,909,1521,0.1388
613,905,1518,0.1388
609,908,1517,0.1388
610,912,1522,0.1388
606,914,1520,0.1388
612,911,1523,0.1388
611,909,1520,0.1388
608,915,1523,0.1388
608,903,1511,0.1388
610,902,1512,0.1388
614,906,1520,0.1388
610,913,1523,0.1388
609,902,1511,0.1388
613,906,1519,0.1388
609,913,1522,0.1388
617,912,1529,0.1388
609,913,1522,0.1388
609,918,1527,0.1388
608,919,1527,0.1388
602,921,1523,0.1388
601,931,1532,0.1388
599,916,1515,0.1388
602,912,1514,0.1388
604,909,1513,0.1388
608,914,1522,0.1388
607,915,1522,0.1388
608,914,1522,0.1388
601,913,1514,0.1388
601,914,1515,0.1388
602,920,1522,0.1388
596,907,1503,0.1388
592,907,1499,0.1388
585,912,1497,0.1388
588,905,1493,0.1388
593,899,1492,0.1388
593,895,1488,0.1388
595,907,1502,0.1388
597,907,1504,0.1388
589,910,1499,0.1388
587,909,1496,0.1388
590,908,1498,0.1388
581,911,1492,0.1388
589,901,1490,0.1388
591,907,1498,0.1388
585,916,1501,0.1388
586,925,1511,0.1388
586,930,1516,0.1388
589,936,1525,0.1388
582,940,1522,0.1388
578,932,1510,0.1388
576,940,1516,0.1388
574,938,1512,0.1388
578,937,1515,0.1388
573,936,1509,0.1388
565,944,1509,0.1388
563,943,1506,0.1388
564,932,1496,0.1388
562,938,1500,0.1388
561,947,1508,0.1388
567,941,1508,0.1388
566,944,1510,0.1388
563,931,1494,0.1388
559,938,1497,0.1388
552,945,1497,0.1388
545,942,1487,0.1388
550,936,1486,0.1388
549,954,1503,0.1388
545,960,1505,0.1388
546,955,1501,0.1388
544,948,1492,0.1388
547,945,1492,0.1388
553,952,1505,0.1388
545,955,1500,0.1388
529,943,1472,0.1388
534,954,1488,0.1388
534,962,1496,0.1388
535,968,1503,0.1388
534,970,1504,0.1388
535,978,1513,0.1388
539,973,1512,0.1388
534,979,1513,0.1388
531,982,1513,0.1388
530,977,1507,0.1388
532,978,1510,0.1388
536,987,1523,0.1388
527,981,1508,0.1388
526,979,1505,0.1388
522,996,1518,0.1388
527,992,1519,0.1388
530,981,1511,0.1388
516,982,1498,0.1388
520,985,1505,0.1388
521,979,1500,0.1388
529,990,1519,0.1388
528,981,1509,0.1388
524,975,1499,0.1388
527,975,1502,0.1388
525,983,1508,0.1388
533,975,1508,0.1388
537,970,1507,0.1388
541,978,1519,0.1388
537,976,1513,0.1388
541,966,1507,0.1388
536,974,1510,0.1388
534,972,1506,0.1388
538,968,1506,0.1388
526,965,1491,0.1388
522,971,1493,0.1388
516,979,1495,0.1388
519,987,1506,0.1388
521,992,1513,0.1388
519,1000,1519,0.1388
513,988,1501,0.1388
518,995,1513,0.1388
520,986,1506,0.1388
522,989,1511,0.1388
529,985,1514,0.1388
532,986,1518,0.1388
529,977,1506,0.1388
519,990,1509,0.1388
522,994,1516,0.1388
519,985,1504,0.1388
509,989,1498,0.1388
515,993,1508,0.1388
513,982,1495,0.1388
510,992,1502,0.1388
513,997,1510,0.1388
515,1006,1521,0.1388
516,1008,1524,0.1388
514,1011,1525,0.1388
517,1012,1529,0.1388
516,1007,1523,0.1388
514,1007,1521,0.1388
511,1015,1526,0.1388
506,1016,1522,0.1388
509,1003,1512,0.1388
515,1013,1528,0.1388
513,1019,1532,0.1388
511,1016,1527,0.1388
501,1012,1513,0.1388
507,1006,1513,0.1388
503,1005,1508,0.1388
505,1014,1519,0.1388
510,1015,1525,0.1388
509,1012,1521,0.1388
498,1007,1505,0.1388
492,997,1489,0.1388
487,1000,1487,0.1388
489,1007,1496,0.1388
493,1022,1515,0.1388
485,1020,1505,0.1388
481,1028,1509,0.1388
486,1031,1517,0.1388
485,1027,1512,0.1388
483,1029,1512,0.1388
484,1015,1499,0.1388
478,1031,1509,0.1388
477,1042,1519,0.1388
480,1035,1515,0.1388
478,1035,1513,0.1388
469,1025,1494,0.1388
468,1020,1488,0.1388
473,1033,1506,0.1388
474,1039,1513,0.1388
468,1029,1497,0.1388
472,1043,1515,0.1388
459,1046,1505,0.1388
456,1048,1504,0.1388
464,1054,1518,0.1388
465,1046,1511,0.1388
467,1041,1508,0.1388
471,1038,1509,0.1388
468,1035,1503,0.1388
473,1032,1505,0.1388
469,1030,1499,0.1388
470,1041,1511,0.1388
471,1048,1519,0.1388
468,1053,1521,0.1388
467,1047,1514,0.1388
465,1045,1510,0.1388
467,1052,1519,0.1388
456,1046,1502,0.1388
448,1050,1498,0.1388
449,1056,1505,0.1388
454,1056,1510,0.1388
462,1068,1530,0.1388
459,1067,1526,0.1388
462,1064,1526,0.1388
461,1051,1512,0.1388
461,1058,1519,0.1388
465,1050,1515,0.1388
463,1051,1514,0.1388
466,1060,1526,0.1388
464,1055,1519,0.1388
459,1060,1519,0.1388
464,1063,1527,0.1388
461,1061,1522,0.1388
467,1053,1520,0.1388
466,1051,1517,0.1388
472,1054,1526,0.1388
474,1057,1531,0.1388
472,1051,1523,0.1388
463,1044,1507,0.1388
460,1042,1502,0.1388
469,1045,1514,0.1388
457,1041,1498,0.1388
459,1048,1507,0.1388
460,1042,1502,0.1388
459,1056,1515,0.1388
454,1060,1514,0.1388
455,1057,1512,0.1388
454,1051,1505,0.1388
453,1052,1505,0.1388
458,1043,1501,0.1388
471,1048,1519,0.1388
464,1056,1520,0.1388
459,1071,1530,0.1388
455,1074,1529,0.1388
452,1070,1522,0.1388
450,1080,1530,0.1388
453,1081,1534,0.1388
446,1065,1511,0.1388
444,1056,1500,0.1388
443,1049,1492,0.1388
444,1045,1489,0.1388
439,1051,1490,0.1388
439,1058,1497,0.1388
439,1058,1497,0.1388
448,1060,1508,0.1388
448,1056,1504,0.1388
455,1057,1512,0.1388
450,1057,1507,0.1388
447,1070,1517,0.1388
450,1061,1511,0.1388
455,1064,1519,0.1388
443,1074,1517,0.1388
441,1070,1511,0.1388
445,1074,1519,0.1388
444,1069,1513,0.1388
443,1082,1525,0.1388
442,1078,1520,0.1388
438,1071,1509,0.1388
443,1079,1522,0.1388
444,1075,1519,0.1388
442,1080,1522,0.1388
445,1081,1526,0.1388
439,1072,1511,0.1388
434,1073,1507,0.1388
434,1075,1509,0.1388
438,1061,1499,0.1388
436,1068,1504,0.1388
439,1071,1510,0.1388
443,1069,1512,0.1388
441,1076,1517,0.1388
447,1066,1513,0.1388
456,1059,1515,0.1388
450,1061,1511,0.1388
443,1063,1506,0.1388
441,1066,1507,0.1388
439,1059,1498,0.1388
437,1074,1511,0.1388
447,1074,1521,0.1388
446,1068,1514,0.1388
447,1064,1511,0.1388
436,1073,1509,0.1388
433,1070,1503,0.1388
431,1073,1504,0.1388
439,1076,1515,0.1388
444,1085,1529,0.1388
446,1078,1524,0.1388
437,1080,1517,0.1388
434,1075,1509,0.1388
444,1072,1516,0.1388
449,1079,1528,0.1388
443,1078,1521,0.1388
438,1083,1521,0.1388
441,1087,1528,0.1388
439,1080,1519,0.1388
433,1078,1511,0.1388
428,1076,1504,0.1388
432,1085,1517,0.1388
432,1082,1514,0.1388
431,1069,1500,0.1388
430,1076,1506,0.1388
424,1085,1509,0.1388
424,1085,1509,0.1388
420,1082,1502,0.1388
414,1096,1510,0.1388
420,1097,1517,0.1388
417,1096,1513,0.1388
423,1099,1522,0.1388
414,1092,1506,0.1388
409,1092,1501,0.1388
412,1083,1495,0.1388
409,1087,1496,0.1388
411,1092,1503,0.1388
412,1102,1514,0.1388
415,1102,1517,0.1388
413,1100,1513,0.1388
409,1097,1506,0.1388
407,1104,1511,0.1388
408,1096,1504,0.1388
401,1092,1493,0.1388
404,1093,1497,0.1388
407,1100,1507,0.1388
410,1099,1509,0.1388
408,1100,1508,0.1388
414,1094,1508,0.1388
407,1088,1495,0.1388
408,1099,1507,0.1388
410,1108,1518,0.1388
412,1092,1504,0.1388
402,1092,1494,0.1388
402,1091,1493,0.1388
394,1088,1482,0.1388
403,1104,1507,0.1388
402,1101,1503,0.1388
402,1092,1494,0.1388
405,1104,1509,0.1388
406,1108,1514,0.1388
402,1106,1508,0.1388
402,1100,1502,0.1388
405,1116,1521,0.1388
401,1113,1514,0.1388
399,1092,1491,0.1388
398,1102,1500,0.1388
402,1097,1499,0.1388
399,1097,1496,0.1388
403,1104,1507,0.1388
421,1093,1514,0.1388
416,1096,1512,0.1388
414,1090,1504,0.1388
407,1092,1499,0.1388
414,1095,1509,0.1388
414,1095,1509,0.1388
420,1102,1522,0.1388
420,1098,1518,0.1388
421,1109,1530,0.1388
413,1101,1514,0.1388
413,1096,1509,0.1388
409,1100,1509,0.1388
399,1100,1499,0.1388
403,1109,1512,0.1388
403,1112,1515,0.1388
403,1110,1513,0.1388
394,1109,1503,0.1388
404,1110,1514,0.1388
400,1107,1507,0.1388
398,1106,1504,0.1388
394,1100,1494,0.1388
388,1100,1488,0.1388
390,1101,1491,0.1388
400,1103,1503,0.1388
400,1103,1503,0.1388
398,1106,1504,0.1388
397,1106,1503,0.1388
401,1103,1504,0.1388
398,1114,1512,0.1388
404,1126,1530,0.1388
396,1121,1517,0.1388
400,1113,1513,0.1388
397,1122,1519,0.1388
391,1129,1520,0.1388
397,1127,1524,0.1388
391,1134,1525,0.1388
393,1120,1513,0.1388
389,1121,1510,0.1388
381,1119,1500,0.1388
380,1126,1506,0.1388
380,1127,1507,0.1388
381,1118,1499,0.1388
377,1128,1505,0.1388
371,1126,1497,0.1388
367,1133,1500,0.1388
375,1132,1507,0.1388
376,1130,1506,0.1388
367,1137,1504,0.1388
371,1137,1508,0.1388
371,1134,1505,0.1388
373,1136,1509,0.1388
369,1145,1514,0.1388
371,1146,1517,0.1388
372,1147,1519,0.1388
368,1140,1508,0.1388
365,1139,1504,0.1388
366,1144,1510,0.1388
368,1141,1509,0.1388
367,1148,1515,0.1388
359,1146,1505,0.1388
358,1155,1513,0.1388
363,1150,1513,0.1388
365,1148,1513,0.1388
365,1153,1518,0.1388
358,1159,1517,0.1388
357,1160,1517,0.1388
349,1161,1510,0.1388
342,1173,1515,0.1388
343,1172,1515,0.1388
339,1162,1501,0.1388
346,1165,1511,0.1388
348,1156,1504,0.1388
346,1165,1511,0.1388
342,1172,1514,0.1388
343,1176,1519,0.1388
347,1163,1510,0.1388
347,1156,1503,0.1388
351,1166,1517,0.1388
353,1171,1524,0.1388
355,1173,1528,0.1388
347,1173,1520,0.1388
350,1175,1525,0.1388
347,1175,1522,0.1388
353,1173,1526,0.1388
347,1167,1514,0.1388
348,1170,1518,0.1388
352,1174,1526,0.1388
353,1175,1528,0.1388
352,1167,1519,0.1388
352,1167,1519,0.1388
354,1163,1517,0.1388
348,1176,1524,0.1388
345,1170,1515,0.1388
347,1168,1515,0.1388
350,1179,1529,0.1388
349,1174,1523,0.1388
349,1169,1518,0.1388
345,1170,1515,0.1388
353,1174,1527,0.1388
354,1172,1526,0.1388
353,1166,1519,0.1388
345,1166,1511,0.1388
349,1172,1521,0.1388
345,1178,1523,0.1388
346,1170,1516,0.1388
351,1166,1517,0.1388
352,1162,1514,0.1388
354,1172,1526,0.1388
354,1174,1528,0.1388
358,1172,1530,0.1388
354,1159,1513,0.1388
353,1172,1525,0.1388
352,1187,1539,0.1388
352,1169,1521,0.1388
344,1187,1531,0.1388
346,1169,1515,0.1388
343,1173,1516,0.1388
346,1178,1524,0.1388
343,1180,1523,0.1388
343,1185,1528,0.1388
342,1187,1529,0.1388
346,1185,1531,0.1388
339,1179,1518,0.1388
339,1171,1510,0.1388
338,1165,1503,0.1388
342,1167,1509,0.1388
340,1167,1507,0.1388
338,1169,1507,0.1388
332,1171,1503,0.1388
333,1168,1501,0.1388
324,1170,1494,0.1388
326,1163,1489,0.1388
324,1183,1507,0.1388
321,1171,1492,0.1388
322,1181,1503,0.1388
326,1185,1511,0.1388
328,1186,1514,0.1388
326,1188,1514,0.1388
324,1177,1501,0.1388
322,1191,1513,0.1388
326,1193,1519,0.1388
322,1189,1511,0.1388
320,1189,1509,0.1388
319,1203,1522,0.1388
321,1198,1519,0.1388
317,1200,1517,0.1388
320,1200,1520,0.1388
317,1202,1519,0.1388
314,1195,1509,0.1388
319,1197,1516,0.1388
313,1207,1520,0.1388
314,1203,1517,0.1388
313,1206,1519,0.1388
311,1204,1515,0.1388
314,1206,1520,0.1388
318,1211,1529,0.1388
317,1216,1533,0.1388
314,1213,1527,0.1388
310,1212,1522,0.1388
304,1211,1515,0.1388
303,1222,1525,0.1388
296,1226,1522,0.1388
295,1208,1503,0.1388
296,1206,1502,0.1388
293,1204,1497,0.1388
295,1210,1505,0.1388
295,1212,1507,0.1388
293,1215,1508,0.1388
292,1225,1517,0.1388
290,1223,1513,0.1388
290,1226,1516,0.1388
283,1221,1504,0.1388
274,1228,1502,0.1388
272,1241,1513,0.1388
275,1238,1513,0.1388
276,1246,1522,0.1388
279,1248,1527,0.1388
279,1238,1517,0.1388
278,1246,1524,0.1388
277,1246,1523,0.1388
279,1249,1528,0.1388
275,1255,1530,0.1388
279,1261,1540,0.1388
283,1247,1530,0.1388
282,1254,1536,0.1388
278,1249,1527,0.1388
282,1245,1527,0.1388
279,1248,1527,0.1388
273,1255,1528,0.1388
263,1260,1523,0.1388
265,1255,1520,0.1388
264,1242,1506,0.1388
263,1235,1498,0.1388
264,1245,1509,0.1388
263,1233,1496,0.1388
259,1243,1502,0.1388
257,1253,1510,0.1388
263,1258,1521,0.1388
254,1251,1505,0.1388
250,1244,1494,0.1388
255,1246,1501,0.1388
255,1260,1515,0.1388
252,1260,1512,0.1388
253,1258,1511,0.1388
253,1268,1521,0.1388
251,1258,1509,0.1388
258,1264,1522,0.1388
250,1261,1511,0.1388
250,1251,1501,0.1388
249,1252,1501,0.1388
252,1262,1514,0.1388
256,1255,1511,0.1388
255,1243,1498,0.1388
255,1238,1493,0.1388
253,1235,1488,0.1388
253,1239,1492,0.1388
251,1255,1506,0.1388
246,1248,1494,0.1388
243,1255,1498,0.1388
248,1261,1509,0.1388
245,1263,1508,0.1388
240,1272,1512,0.1388
240,1265,1505,0.1388
238,1265,1503,0.1388
237,1272,1509,0.1388
241,1268,1509,0.1388
250,1274,1524,0.1388
249,1273,1522,0.1388
247,1267,1514,0.1388
243,1262,1505,0.1388
239,1259,1498,0.1388
241,1263,1504,0.1388
236,1257,1493,0.1388
237,1272,1509,0.1388
236,1264,1500,0.1388
237,1268,1505,0.1388
234,1277,1511,0.1388
233,1276,1509,0.1388
232,1269,1501,0.1388
232,1273,1505,0.1388
234,1291,1525,0.1388
239,1298,1537,0.1388
234,1287,1521,0.1388
234,1280,1514,0.1388
233,1286,1519,0.1388
236,1282,1518,0.1388
232,1280,1512,0.1388
229,1288,1517,0.1388
230,1283,1513,0.1388
232,1286,1518,0.1388
233,1269,1502,0.1388
233,1257,1490,0.1388
231,1262,1493,0.1388
229,1271,1500,0.1388
230,1279,1509,0.1388
232,1275,1507,0.1388
234,1274,1508,0.1388
231,1287,1518,0.1388
225,1296,1521,0.1388
228,1288,1516,0.1388
226,1294,1520,0.1388
226,1290,1516,0.1388
226,1299,1525,0.1388
220,1298,1518,0.1388
211,1306,1517,0.1388
208,1302,1510,0.1388
212,1315,1527,0.1388
214,1298,1512,0.1388
215,1297,1512,0.1388
216,1290,1506,0.1388
208,1302,1510,0.1388
209,1291,1500,0.1388
207,1309,1516,0.1388
207,1315,1522,0.1388
215,1319,1534,0.1388
217,1315,1532,0.1388
211,1305,1516,0.1388
209,1306,1515,0.1388
206,1300,1506,0.1388
201,1316,1517,0.1388
201,1323,1524,0.1388
205,1322,1527,0.1388
204,1310,1514,0.1388
201,1315,1516,0.1388
200,1318,1518,0.1388
202,1314,1516,0.1388
196,1318,1514,0.1388
199,1321,1520,0.1388
196,1318,1514,0.1388
196,1315,1511,0.1388
196,1307,1503,0.1388
194,1310,1504,0.1388
196,1305,1501,0.1388
198,1312,1510,0.1388
195,1326,1521,0.1388
192,1333,1525,0.1388
197,1324,1521,0.1388
197,1307,1504,0.1388
201,1312,1513,0.1388
204,1307,1511,0.1388
207,1314,1521,0.1388
208,1302,1510,0.1388
212,1309,1521,0.1388
211,1313,1524,0.1388
211,1322,1533,0.1388
204,1313,1517,0.1388
207,1323,1530,0.1388
201,1320,1521,0.1388
199,1318,1517,0.1388
202,1321,1523,0.1388
200,1312,1512,0.1388
196,1320,1516,0.1388
195,1322,1517,0.1388
198,1322,1520,0.1388
194,1307,1501,0.1388
191,1317,1508,0.1388
195,1315,1510,0.1388
195,1315,1510,0.1388
195,1315,1510,0.1388
196,1314,1510,0.1388
193,1324,1517,0.1388
196,1336,1532,0.1388
195,1334,1529,0.1388
194,1332,1526,0.1388
192,1332,1524,0.1388
188,1335,1523,0.1388
188,1340,1528,0.1388
185,1334,1519,0.1388
187,1323,1510,0.1388
183,1309,1492,0.1388
181,1312,1493,0.1388
179,1310,1489,0.1388
180,1329,1509,0.1388
178,1328,1506,0.1388
179,1339,1518,0.1388
177,1340,1517,0.1388
178,1338,1516,0.1388
179,1327,1506,0.1388
173,1327,1500,0.1388
178,1319,1497,0.1388
176,1330,1506,0.1388
179,1334,1513,0.1388
178,1342,1520,0.1388
178,1334,1512,0.1388
175,1348,1523,0.1388
176,1339,1515,0.1388
177,1343,1520,0.1388
179,1343,1522,0.1388
177,1341,1518,0.1388
178,1337,1515,0.1388
175,1336,1511,0.1388
176,1336,1512,0.1388
176,1336,1512,0.1388
177,1339,1516,0.1388
178,1342,1520,0.1388
177,1337,1514,0.1388
177,1333,1510,0.1388
175,1342,1517,0.1388
174,1344,1518,0.1388
179,1343,1522,0.1388
174,1336,1510,0.1388
177,1347,1524,0.1388
171,1345,1516,0.1388
164,1335,1499,0.1388
169,1347,1516,0.1388
168,1350,1518,0.1388
165,1342,1507,0.1388
167,1346,1513,0.1388
166,1349,1515,0.1388
165,1349,1514,0.1388
164,1352,1516,0.1388
163,1348,1511,0.1388
165,1357,1522,0.1388
168,1350,1518,0.1388
162,1338,1500,0.1388
164,1346,1510,0.1388
161,1345,1506,0.1388
161,1341,1502,0.1388
164,1355,1519,0.1388
166,1358,1524,0.1388
164,1361,1525,0.1388
161,1350,1511,0.1388
159,1350,1509,0.1388
162,1354,1516,0.1388
165,1355,1520,0.1388
162,1369,1531,0.1388
162,1356,1518,0.1388
160,1359,1519,0.1388
159,1358,1517,0.1388
159,1372,1531,0.1388
153,1371,1524,0.1388
152,1351,1503,0.1388
151,1368,1519,0.1388
146,1371,1517,0.1388
145,1368,1513,0.1388
148,1379,1527,0.1388
147,1359,1506,0.1388
151,1367,1518,0.1388
148,1358,1506,0.1388
144,1358,1502,0.1388
143,1363,1506,0.1388
144,1365,1509,0.1388
146,1362,1508,0.1388
146,1374,1520,0.1388
145,1372,1517,0.1388
147,1380,1527,0.1388
149,1369,1518,0.1388
152,1376,1528,0.1388
150,1376,1526,0.1388
150,1365,1515,0.1388
146,1361,1507,0.1388
148,1372,1520,0.1388
144,1374,1518,0.1388
144,1362,1506,0.1388
143,1370,1513,0.1388
143,1358,1501,0.1388
140,1363,1503,0.1388
145,1371,1516,0.1388
146,1372,1518,0.1388
145,1370,1515,0.1388
141,1364,1505,0.1388
138,1378,1516,0.1388
141,1364,1505,0.1388
147,1369,1516,0.1388
145,1361,1506,0.1388
144,1354,1498,0.1388
148,1347,1495,0.1388
147,1354,1501,0.1388
147,1357,1504,0.1388
144,1360,1504,0.1388
145,1368,1513,0.1388
143,1364,1507,0.1388
143,1368,1511,0.1388
142,1356,1498,0.1388
144,1367,1511,0.1388
147,1381,1528,0.1388
148,1380,1528,0.1388
146,1372,1518,0.1388
149,1370,1519,0.1388
147,1383,1530,0.1388
147,1389,1536,0.1388
150,1383,1533,0.1388
151,1363,1514,0.1388
144,1362,1506,0.1388
146,1360,1506,0.1388
147,1366,1513,0.1388
153,1365,1518,0.1388
145,1370,1515,0.1388
149,1368,1517,0.1388
146,1382,1528,0.1388
149,1387,1536,0.1388
149,1374,1523,0.1388
146,1379,1525,0.1388
146,1376,1522,0.1388
146,1359,1505,0.1388
148,1365,1513,0.1388
147,1371,1518,0.1388
149,1358,1507,0.1388
146,1361,1507,0.1388
147,1358,1505,0.1388
147,1364,1511,0.1388
145,1367,1512,0.1388
148,1364,1512,0.1388
149,1365,1514,0.1388
149,1356,1505,0.1388
147,1357,1504,0.1388
146,1367,1513,0.1388
146,1369,1515,0.1388
149,1377,1526,0.1388
150,1370,1520,0.1388
151,1374,1525,0.1388
151,1371,1522,0.1388
149,1372,1521,0.1388
147,1381,1528,0.1388
146,1370,1516,0.1388
146,1380,1526,0.1388
151,1386,1537,0.1388
143,1369,1512,0.1388
142,1363,1505,0.1388
146,1366,1512,0.1388
147,1354,1501,0.1388
149,1369,1518,0.1388
149,1367,1516,0.1388
146,1366,1512,0.1388
144,1376,1520,0.1388
142,1388,1530,0.1388
149,1379,1528,0.1388
151,1383,1534,0.1388
147,1382,1529,0.1388
145,1374,1519,0.1388
145,1359,1504,0.1388
140,1362,1502,0.1388
146,1372,1518,0.1388
141,1378,1519,0.1388
144,1379,1523,0.1388
144,1371,1515,0.1388
146,1366,1512,0.1388
148,1354,1502,0.1388
150,1356,1506,0.1388
147,1372,1519,0.1388
148,1365,1513,0.1388
146,1364,1510,0.1388
142,1363,1505,0.1388
140,1372,1512,0.1388
142,1373,1515,0.1388
140,1378,1518,0.1388
143,1380,1523,0.1388
139,1377,1516,0.1388
140,1371,1511,0.1388
140,1366,1506,0.1388
136,1360,1496,0.1388
135,1375,1510,0.1388
135,1384,1519,0.1388
135,1390,1525,0.1388
133,1378,1511,0.1388
133,1380,1513,0.1388
136,1383,1519,0.1388
131,1380,1511,0.1388
128,1388,1516,0.1388
129,1385,1514,0.1388
132,1379,1511,0.1388
131,1374,1505,0.1388
127,1382,1509,0.1388
128,1382,1510,0.1388
126,1379,1505,0.1388
127,1374,1501,0.1388
133,1365,1498,0.1388
134,1367,1501,0.1388
129,1370,1499,0.1388
124,1367,1491,0.1388
128,1385,1513,0.1388
128,1388,1516,0.1388
130,1390,1520,0.1388
130,1382,1512,0.1388
136,1386,1522,0.1388
131,1375,1506,0.1388
127,1376,1503,0.1388
127,1375,1502,0.1388
129,1386,1515,0.1388
126,1390,1516,0.1388
124,1374,1498,0.1388
123,1392,1515,0.1388
120,1402,1522,0.1388
118,1393,1511,0.1388
119,1394,1513,0.1388
119,1398,1517,0.1388
119,1408,1527,0.1388
124,1402,1526,0.1388
128,1398,1526,0.1388
127,1407,1534,0.1388
122,1411,1533,0.1388
124,1403,1527,0.1388
127,1404,1531,0.1388
126,1388,1514,0.1388
126,1382,1508,0.1388
127,1385,1512,0.1388
131,1397,1528,0.1388
129,1396,1525,0.1388
124,1385,1509,0.1388
128,1394,1522,0.1388
132,1396,1528,0.1388
131,1383,1514,0.1388
131,1387,1518,0.1388
130,1397,1527,0.1388
132,1392,1524,0.1388
127,1391,1518,0.1388
127,1396,1523,0.1388
128,1392,1520,0.1388
128,1392,1520,0.1388
125,1370,1495,0.1388
132,1381,1513,0.1388
130,1388,1518,0.1388
130,1377,1507,0.1388
131,1381,1512,0.1388
128,1378,1506,0.1388
126,1380,1506,0.1388
125,1382,1507,0.1388
124,1381,1505,0.1388
124,1395,1519,0.1388
126,1395,1521,0.1388
123,1393,1516,0.1388
122,1389,1511,0.1388
121,1381,1502,0.1388
121,1382,1503,0.1388
119,1381,1500,0.1388
122,1401,1523,0.1388
123,1397,1520,0.1388
121,1381,1502,0.1388
121,1392,1513,0.1388
128,1384,1512,0.1388
126,1368,1494,0.1388
127,1375,1502,0.1388
127,1392,1519,0.1388
129,1390,1519,0.1388
126,1392,1518,0.1388
125,1387,1512,0.1388
128,1388,1516,0.1388
122,1384,1506,0.1388
129,1387,1516,0.1388
127,1381,1508,0.1388
128,1382,1510,0.1388
127,1382,1509,0.1388
127,1383,1510,0.1388
126,1387,1513,0.1388
127,1386,1513,0.1388
129,1390,1519,0.1388
130,1384,1514,0.1388
129,1381,1510,0.1388
127,1395,1522,0.1388
126,1403,1529,0.1388
129,1392,1521,0.1388
129,1396,1525,0.1388
131,1382,1513,0.1388
132,1382,1514,0.1388
133,1383,1516,0.1388
127,1365,1492,0.1388
128,1383,1511,0.1388
128,1378,1506,0.1388
126,1394,1520,0.1388
127,1386,1513,0.1388
124,1380,1504,0.1388
127,1380,1507,0.1388
126,1384,1510,0.1388
126,1394,1520,0.1388
128,1394,1522,0.1388
128,1400,1528,0.1388
126,1400,1526,0.1388
124,1392,1516,0.1388
123,1387,1510,0.1388
119,1377,1496,0.1388
117,1380,1497,0.1388
117,1379,1496,0.1388
119,1371,1490,0.1388
124,1379,1503,0.1388
123,1392,1515,0.1388
124,1384,1508,0.1388
124,1386,1510,0.1388
126,1398,1524,0.1388
123,1406,1529,0.1388
122,1396,1518,0.1388
123,1406,1529,0.1388
127,1395,1522,0.1388
128,1389,1517,0.1388
123,1388,1511,0.1388
122,1392,1514,0.1388
120,1394,1514,0.1388
115,1405,1520,0.1388
116,1394,1510,0.1388
114,1403,1517,0.1388
115,1399,1514,0.1388
114,1398,1512,0.1388
119,1401,1520,0.1388
117,1402,1519,0.1388
118,1407,1525,0.1388
114,1406,1520,0.1388
113,1402,1515,0.1388
109,1394,1503,0.1388
112,1404,1516,0.1388
110,1407,1517,0.1388
111,1403,1514,0.1388
113,1407,1520,0.1388
111,1400,1511,0.1388
111,1391,1502,0.1388
115,1420,1535,0.1388
112,1401,1513,0.1388
112,1408,1520,0.1388
109,1409,1518,0.1388
109,1400,1509,0.1388
107,1407,1514,0.1388
109,1404,1513,0.1388
107,1403,1510,0.1388
109,1399,1508,0.1388
111,1416,1527,0.1388
111,1414,1525,0.1388
112,1409,1521,0.1388
112,1406,1518,0.1388
109,1412,1521,0.1388
110,1420,1530,0.1388
110,1421,1531,0.1388
108,1410,1518,0.1388
109,1412,1521,0.1388
109,1424,1533,0.1388
109,1413,1522,0.1388
110,1400,1510,0.1388
109,1407,1516,0.1388
110,1413,1523,0.1388
110,1423,1533,0.1388
109,1412,1521,0.1388
109,1420,1529,0.1388
108,1413,1521,0.1388
105,1403,1508,0.1388
107,1412,1519,0.1388
106,1419,1525,0.1388
105,1408,1513,0.1388
104,1420,1524,0.1388
98,1420,1518,0.1388
102,1424,1526,0.1388
100,1412,1512,0.1388
102,1403,1505,0.1388
99,1410,1509,0.1388
98,1416,1514,0.1388
103,1410,1513,0.1388
103,1407,1510,0.1388
103,1417,1520,0.1388
105,1413,1518,0.1388
107,1407,1514,0.1388
106,1417,1523,0.1388
106,1423,1529,0.1388
103,1417,1520,0.1388
102,1410,1512,0.1388
101,1411,1512,0.1388
102,1420,1522,0.1388
103,1427,1530,0.1388
103,1415,1518,0.1388
103,1412,1515,0.1388
102,1415,1517,0.1388
100,1410,1510,0.1388
101,1408,1509,0.1388
97,1398,1495,0.1388
95,1402,1497,0.1388
97,1421,1518,0.1388
99,1416,1515,0.1388
101,1416,1517,0.1388
102,1431,1533,0.1388
101,1423,1524,0.1388
102,1426,1528,0.1388
104,1422,1526,0.1388
97,1417,1514,0.1388
96,1414,1510,0.1388
96,1414,1510,0.1388
97,1409,1506,0.1388
99,1420,1519,0.1388
99,1422,1521,0.1388
101,1417,1518,0.1388
103,1409,1512,0.1388
101,1415,1516,0.1388
101,1412,1513,0.1388
102,1424,1526,0.1388
99,1417,1516,0.1388
97,1412,1509,0.1388
99,1407,1506,0.1388
102,1423,1525,0.1388
103,1429,1532,0.1388
105,1430,1535,0.1388
105,1416,1521,0.1388
105,1420,1525,0.1388
105,1413,1518,0.1388
108,1406,1514,0.1388
106,1410,1516,0.1388
104,1411,1515,0.1388
104,1412,1516,0.1388
104,1407,1511,0.1388
102,1413,1515,0.1388
102,1414,1516,0.1388
104,1419,1523,0.1388
101,1408,1509,0.1388
100,1426,1526,0.1388
102,1418,1520,0.1388
101,1415,1516,0.1388
97,1417,1514,0.1388
96,1415,1511,0.1388
93,1422,1515,0.1388
94,1413,1507,0.1388
93,1423,1516,0.1388
90,1418,1508,0.1388
87,1436,1523,0.1388
83,1438,1521,0.1388
83,1441,1524,0.1388
82,1425,1507,0.1388
84,1426,1510,0.1388
85,1435,1520,0.1388
86,1438,1524,0.1388
84,1428,1512,0.1388
84,1438,1522,0.1388
84,1436,1520,0.1388
85,1431,1516,0.1388
85,1438,1523,0.1388
86,1439,1525,0.1388
86,1423,1509,0.1388
89,1421,1510,0.1388
89,1424,1513,0.1388
92,1422,1514,0.1388
86,1415,1501,0.1388
87,1408,1495,0.1388
85,1421,1506,0.1388
82,1425,1507,0.1388
81,1435,1516,0.1388
79,1434,1513,0.1388
79,1438,1517,0.1388
78,1439,1517,0.1388
80,1434,1514,0.1388
78,1440,1518,0.1388
77,1430,1507,0.1388
79,1424,1503,0.1388
77,1411,1488,0.1388
76,1431,1507,0.1388
72,1435,1507,0.1388
67,1438,1505,0.1388
66,1443,1509,0.1388
68,1428,1496,0.1388
69,1443,1512,0.1388
73,1452,1525,0.1388
76,1452,1528,0.1388
75,1443,1518,0.1388
73,1453,1526,0.1388
73,1450,1523,0.1388
72,1434,1506,0.1388
73,1446,1519,0.1388
70,1448,1518,0.1388
73,1445,1518,0.1388
68,1442,1510,0.1388
69,1442,1511,0.1388
71,1443,1514,0.1388
69,1442,1511,0.1388
68,1438,1506,0.1388
72,1442,1514,0.1388
71,1439,1510,0.1388
70,1445,1515,0.1388
70,1440,1510,0.1388
67,1445,1512,0.1388
67,1441,1508,0.1388
67,1435,1502,0.1388
67,1448,1515,0.1388
67,1453,1520,0.1388
63,1452,1515,0.1388
65,1452,1517,0.1388
64,1445,1509,0.1388
66,1445,1511,0.1388
66,1449,1515,0.1388
64,1452,1516,0.1388
62,1443,1505,0.1388
59,1459,1518,0.1388
59,1460,1519,0.1388
57,1458,1515,0.1388
59,1455,1514,0.1388
60,1445,1505,0.1388
59,1451,1510,0.1388
59,1456,1515,0.1388
59,1455,1514,0.1388
61,1464,1525,0.1388
60,1468,1528,0.1388
58,1459,1517,0.1388
57,1452,1509,0.1388
57,1457,1514,0.1388
57,1458,1515,0.1388
58,1453,1511,0.1388
57,1453,1510,0.1388
55,1460,1515,0.1388
55,1460,1515,0.1388
57,1456,1513,0.1388
58,1457,1515,0.1388
63,1451,1514,0.1388
63,1462,1525,0.1388
64,1453,1517,0.1388
64,1458,1522,0.1388
63,1463,1526,0.1388
64,1462,1526,0.1388
63,1456,1519,0.1388
62,1443,1505,0.1388
61,1460,1521,0.1388
63,1457,1520,0.1388
63,1457,1520,0.1388
63,1463,1526,0.1388
60,1469,1529,0.1388
59,1472,1531,0.1388
56,1474,1530,0.1388
55,1455,1510,0.1388
56,1467,1523,0.1388
53,1453,1506,0.1388
53,1459,1512,0.1388
53,1454,1507,0.1388
52,1457,1509,0.1388
50,1457,1507,0.1388
49,1457,1506,0.1388
51,1466,1517,0.1388
51,1471,1522,0.1388
49,1476,1525,0.1388
49,1476,1525,0.1388
48,1487,1535,0.1388
48,1480,1528,0.1388
48,1462,1510,0.1388
48,1460,1508,0.1388
46,1462,1508,0.1388
46,1474,1520,0.1388
47,1472,1519,0.1388
46,1472,1518,0.1388
46,1457,1503,0.1388
47,1472,1519,0.1388
47,1474,1521,0.1388
48,1471,1519,0.1388
46,1463,1509,0.1388
42,1462,1504,0.1388
43,1463,1506,0.1388
42,1472,1514,0.1388
43,1470,1513,0.1388
40,1480,1520,0.1388
41,1487,1528,0.1388
40,1476,1516,0.1388
38,1467,1505,0.1388
38,1470,1508,0.1388
39,1470,1509,0.1388
40,1480,1520,0.1388
41,1482,1523,0.1388
41,1493,1534,0.1388
40,1490,1530,0.1388
40,1486,1526,0.1388
39,1487,1526,0.1388
41,1487,1528,0.1388
43,1482,1525,0.1388
42,1483,1525,0.1388
41,1478,1519,0.1388
40,1476,1516,0.1388
41,1486,1527,0.1388
38,1481,1519,0.1388
36,1485,1521,0.1388
38,1480,1518,0.1388
39,1490,1529,0.1388
39,1486,1525,0.1388
37,1480,1517,0.1388
39,1466,1505,0.1388
38,1485,1523,0.1388
37,1475,1512,0.1388
36,1464,1500,0.1388
35,1461,1496,0.1388
36,1473,1509,0.1388
36,1479,1515,0.1388
36,1481,1517,0.1388
35,1482,1517,0.1388
36,1465,1501,0.1388
36,1465,1501,0.1388
34,1450,1484,0.1388
34,1461,1495,0.1388
35,1472,1507,0.1388
35,1484,1519,0.1388
34,1477,1511,0.1388
35,1479,1514,0.1388
35,1488,1523,0.1388
32,1479,1511,0.1388
32,1486,1518,0.1388
30,1476,1506,0.1388
33,1481,1514,0.1388
33,1485,1518,0.1388
33,1482,1515,0.1388
35,1474,1509,0.1388
35,1476,1511,0.1388
35,1474,1509,0.1388
34,1473,1507,0.1388
34,1471,1505,0.1388
35,1465,1500,0.1388
35,1487,1522,0.1388
33,1484,1517,0.1388
32,1479,1511,0.1388
31,1466,1497,0.1388
31,1486,1517,0.1388
30,1474,1504,0.1388
28,1491,1519,0.1388
29,1492,1521,0.1388
30,1485,1515,0.1388
31,1499,1530,0.1388
33,1498,1531,0.1388
32,1484,1516,0.1388
31,1482,1513,0.1388
31,1488,1519,0.1388
32,1486,1518,0.1388
31,1488,1519,0.1388
32,1485,1517,0.1388
32,1483,1515,0.1388
33,1466,1499,0.1388
34,1472,1506,0.1388
34,1488,1522,0.1388
34,1508,1542,0.1388
34,1493,1527,0.1388
33,1481,1514,0.1388
33,1488,1521,0.1388
35,1487,1522,0.1388
34,1496,1530,0.1388
35,1495,1530,0.1388
35,1494,1529,0.1388
35,1489,1524,0.1388
34,1490,1524,0.1388
35,1490,1525,0.1388
34,1491,1525,0.1388
34,1482,1516,0.1388
34,1483,1517,0.1388
34,1484,1518,0.1388
33,1485,1518,0.1388
33,1491,1524,0.1388
31,1493,1524,0.1388
31,1494,1525,0.1388
31,1493,1524,0.1388
31,1480,1511,0.1388
31,1477,1508,0.1388
32,1485,1517,0.1388
29,1483,1512,0.1388
29,1464,1493,0.1388
30,1469,1499,0.1388
30,1484,1514,0.1388
30,1500,1530,0.1388
30,1484,1514,0.1388
31,1488,1519,0.1388
31,1486,1517,0.1388
33,1473,1506,0.1388
33,1470,1503,0.1388
33,1469,1502,0.1388
29,1482,1511,0.1388
29,1466,1495,0.1388
29,1472,1501,0.1388
30,1494,1524,0.1388
27,1487,1514,0.1388
27,1475,1502,0.1388
26,1486,1512,0.1388
27,1492,1519,0.1388
27,1498,1525,0.1388
26,1498,1524,0.1388
26,1501,1527,0.1388
26,1502,1528,0.1388
27,1495,1522,0.1388
29,1494,1523,0.1388
28,1486,1514,0.1388
27,1477,1504,0.1388
26,1480,1506,0.1388
25,1491,1516,0.1388
24,1497,1521,0.1388
25,1509,1534,0.1388
24,1490,1514,0.1388
24,1489,1513,0.1388
24,1504,1528,0.1388
24,1507,1531,0.1388
24,1507,1531,0.1388
25,1500,1525,0.1388
26,1504,1530,0.1388
26,1496,1522,0.1388
26,1483,1509,0.1388
25,1483,1508,0.1388
24,1479,1503,0.1388
22,1493,1515,0.1388
23,1479,1502,0.1388
23,1481,1504,0.1388
24,1492,1516,0.1388
25,1494,1519,0.1388
25,1492,1517,0.1388
25,1486,1511,0.1388
26,1492,1518,0.1388
26,1500,1526,0.1388
26,1493,1519,0.1388
26,1491,1517,0.1388
26,1500,1526,0.1388
26,1493,1519,0.1388
25,1509,1534,0.1388
25,1498,1523,0.1388
24,1491,1515,0.1388
24,1492,1516,0.1388
25,1506,1531,0.1388
27,1499,1526,0.1388
26,1492,1518,0.1388
26,1482,1508,0.1388
26,1482,1508,0.1388
26,1483,1509,0.1388
25,1475,1500,0.1388
25,1488,1513,0.1388
25,1502,1527,0.1388
26,1496,1522,0.1388
26,1501,1527,0.1388
26,1491,1517,0.1388
27,1488,1515,0.1388
28,1481,1509,0.1388
27,1481,1508,0.1388
28,1482,1510,0.1388
28,1491,1519,0.1388
26,1490,1516,0.1388
26,1497,1523,0.1388
26,1497,1523,0.1388
29,1485,1514,0.1388
28,1499,1527,0.1388
30,1497,1527,0.1388
30,1493,1523,0.1388
32,1490,1522,0.1388
32,1479,1511,0.1388
29,1496,1525,0.1388
29,1501,1530,0.1388
28,1508,1536,0.1388
29,1497,1526,0.1388
30,1505,1535,0.1388
29,1495,1524,0.1388
28,1485,1513,0.1388
28,1488,1516,0.1388
26,1480,1506,0.1388
25,1486,1511,0.1388
25,1491,1516,0.1388
26,1480,1506,0.1388
26,1482,1508,0.1388
26,1481,1507,0.1388
26,1485,1511,0.1388
25,1495,1520,0.1388
26,1481,1507,0.1388
26,1468,1494,0.1388
27,1475,1502,0.1388
27,1483,1510,0.1388
27,1498,1525,0.1388
26,1476,1502,0.1388
27,1478,1505,0.1388
26,1485,1511,0.1388
24,1490,1514,0.1388
25,1484,1509,0.1388
26,1488,1514,0.1388
25,1494,1519,0.1388
25,1485,1510,0.1388
25,1476,1501,0.1388
26,1458,1484,0.1388
26,1473,1499,0.1388
26,1484,1510,0.1388
26,1480,1506,0.1388
26,1490,1516,0.1388
26,1482,1508,0.1388
25,1485,1510,0.1388
23,1487,1510,0.1388
23,1492,1515,0.1388
24,1492,1516,0.1388
24,1487,1511,0.1388
24,1477,1501,0.1388
24,1493,1517,0.1388
22,1491,1513,0.1388
21,1495,1516,0.1388
22,1486,1508,0.1388
21,1483,1504,0.1388
22,1484,1506,0.1388
22,1503,1525,0.1388
21,1509,1530,0.1388
21,1514,1535,0.1388
20,1522,1542,0.1388
18,1512,1530,0.1388
16,1497,1513,0.1388
14,1507,1521,0.1388
16,1497,1513,0.1388
15,1501,1516,0.1388
15,1499,1514,0.1388
14,1515,1529,0.1388
13,1514,1527,0.1388
14,1508,1522,0.1388
14,1504,1518,0.1388
14,1499,1513,0.1388
13,1507,1520,0.1388
14,1501,1515,0.1388
14,1508,1522,0.1388
15,1502,1517,0.1388
15,1502,1517,0.1388
16,1499,1515,0.1388
16,1514,1530,0.1388
16,1501,1517,0.1388
16,1502,1518,0.1388
15,1514,1529,0.1388
13,1511,1524,0.1388
12,1522,1534,0.1388
12,1521,1533,0.1388
12,1522,1534,0.1388
12,1514,1526,0.1388
12,1507,1519,0.1388
12,1494,1506,0.1388
12,1500,1512,0.1388
11,1504,1515,0.1388
11,1505,1516,0.1388
10,1504,1514,0.1388
10,1512,1522,0.1388
10,1499,1509,0.1388
11,1499,1510,0.1388
11,1487,1498,0.1388
11,1497,1508,0.1388
11,1495,1506,0.1388
11,1511,1522,0.1388
11,1507,1518,0.1388
11,1503,1514,0.1388
11,1504,1515,0.1388
11,1499,1510,0.1388
11,1502,1513,0.1388
11,1507,1518,0.1388
11,1501,1512,0.1388
11,1509,1520,0.1388
11,1509,1520,0.1388
10,1502,1512,0.1388
10,1503,1513,0.1388
10,1515,1525,0.1388
10,1517,1527,0.1388
9,1507,1516,0.1388
9,1522,1531,0.1388
9,1513,1522,0.1388
10,1496,1506,0.1388
10,1485,1495,0.1388
8,1488,1496,0.1388
8,1504,1512,0.1388
8,1505,1513,0.1388
8,1506,1514,0.1388
8,1500,1508,0.1388
8,1501,1509,0.1388
9,1498,1507,0.1388
8,1502,1510,0.1388
8,1505,1513,0.1388
8,1499,1507,0.1388
8,1494,1502,0.1388
9,1508,1517,0.1388
9,1506,1515,0.1388
10,1507,1517,0.1388
10,1512,1522,0.1388
10,1519,1529,0.1388
10,1514,1524,0.1388
9,1514,1523,0.1388
9,1518,1527,0.1388
9,1518,1527,0.1388
9,1513,1522,0.1388
9,1508,1517,0.1388
8,1512,1520,0.1388
7,1520,1527,0.1388
7,1522,1529,0.1388
7,1519,1526,0.1388
7,1522,1529,0.1388
7,1518,1525,0.1388
8,1515,1523,0.1388
9,1510,1519,0.1388
9,1521,1530,0.1388
9,1515,1524,0.1388
9,1503,1512,0.1388
9,1502,1511,0.1388
9,1506,1515,0.1388
9,1500,1509,0.1388
9,1519,1528,0.1388
8,1509,1517,0.1388
8,1525,1533,0.1388
8,1514,1522,0.1388
7,1523,1530,0.1388
7,1527,1534,0.1388
7,1499,1506,0.1388
7,1501,1508,0.1388
8,1504,1512,0.1388
8,1510,1518,0.1388
6,1495,1501,0.1388
5,1483,1488,0.1388
6,1507,1513,0.1388
6,1504,1510,0.1388
7,1500,1507,0.1388
7,1512,1519,0.1388
7,1513,1520,0.1388
6,1523,1529,0.1388
6,1516,1522,0.1388
5,1506,1511,0.1388
5,1491,1496,0.1388
5,1495,1500,0.1388
5,1506,1511,0.1388
5,1507,1512,0.1388
5,1505,1510,0.1388
3,1496,1499,0.1388
3,1502,1505,0.1388
3,1502,1505,0.1388
3,1509,1512,0.1388
4,1513,1517,0.1388
4,1506,1510,0.1388
4,1524,1528,0.1388
4,1508,1512,0.1388
4,1515,1519,0.1388
4,1511,1515,0.1388
4,1502,1506,0.1388
4,1497,1501,0.1388
3,1492,1495,0.1388
3,1503,1506,0.1388
4,1507,1511,0.1388
4,1505,1509,0.1388
6,1513,1519,0.1388
5,1506,1511,0.1388
5,1522,1527,0.1388
5,1508,1513,0.1388
5,1507,1512,0.1388
5,1493,1498,0.1388
5,1504,1509,0.1388
5,1522,1527,0.1388
5,1501,1506,0.1388
6,1489,1495,0.1388
6,1481,1487,0.1388
7,1460,1467,0.1388
7,1487,1494,0.1388
6,1507,1513,0.1388
6,1503,1509,0.1388
6,1503,1509,0.1388
6,1503,1509,0.1388
6,1499,1505,0.1388
6,1509,1515,0.1388
6,1515,1521,0.1388
6,1509,1515,0.1388
5,1508,1513,0.1388
5,1506,1511,0.1388
5,1529,1534,0.1388
5,1516,1521,0.1388
5,1509,1514,0.1388
4,1496,1500,0.1388
4,1504,1508,0.1388
4,1513,1517,0.1388
4,1504,1508,0.1388
4,1506,1510,0.1388
4,1510,1514,0.1388
3,1511,1514,0.1388
3,1503,1506,0.1388
3,1504,1507,0.1388
3,1516,1519,0.1388
3,1506,1509,0.1388
3,1507,1510,0.1388
3,1515,1518,0.1388
3,1504,1507,0.1388
3,1507,1510,0.1388
3,1516,1519,0.1388
3,1517,1520,0.1388
3,1532,1535,0.1388
4,1530,1534,0.1388
4,1524,1528,0.1388
3,1520,1523,0.1388
3,1513,1516,0.1388
3,1506,1509,0.1388
2,1513,1515,0.1388
3,1502,1505,0.1388
3,1497,1500,0.1388
3,1494,1497,0.1388
4,1508,1512,0.1388
4,1506,1510,0.1388
4,1505,1509,0.1388
3,1504,1507,0.1388
3,1519,1522,0.1388
3,1518,1521,0.1388
2,1511,1513,0.1388
2,1502,1504,0.1388
2,1511,1513,0.1388
2,1516,1518,0.1388
2,1536,1538,0.1388
2,1531,1533,0.1388
2,1522,1524,0.1388
2,1522,1524,0.1388
3,1517,1520,0.1388
3,1514,1517,0.1388
3,1527,1530,0.1388
3,1515,1518,0.1388
3,1518,1521,0.1388
2,1515,1517,0.1388
2,1513,1515,0.1388
2,1513,1515,0.1388
2,1520,1522,0.1388
2,1522,1524,0.1388
2,1529,1531,0.1388
2,1524,1526,0.1388
1,1515,1516,0.1388
1,1523,1524,0.1388
1,1510,1511,0.1388
1,1514,1515,0.1388
0,1504,1504,0.1388
