1362,28,1390,0.1388
1398,29,1427,0.1388
1408,32,1440,0.1388
1410,33,1443,0.1388
1419,32,1451,0.1388
1436,33,1469,0.1388
1454,34,1488,0.1388
1443,35,1478,0.1388
1453,35,1488,0.1388
1446,36,1482,0.1388
1440,37,1477,0.1388
1439,37,1476,0.1388
1436,41,1477,0.1388
1443,40,1483,0.1388
1444,41,1485,0.1388
1451,39,1490,0.1388
1447,40,1487,0.1388
1456,41,1497,0.1388
1450,42,1492,0.1388
1458,43,1501,0.1388
1456,46,1502,0.1388
1445,45,1490,0.1388
1443,47,1490,0.1388
1436,47,1483,0.1388
1429,48,1477,0.1388
1442,52,1494,0.1388
1437,53,1490,0.1388
1440,53,1493,0.1388
1447,53,1500,0.1388
1440,55,1495,0.1388
1438,54,1492,0.1388
1437,56,1493,0.1388
1439,58,1497,0.1388
1436,57,1493,0.1388
1437,57,1494,0.1388
1444,54,1498,0.1388
1438,55,1493,0.1388
1436,55,1491,0.1388
1422,56,1478,0.1388
1414,59,1473,0.1388
1419,60,1479,0.1388
1417,58,1475,0.1388
1423,60,1483,0.1388
1435,61,1496,0.1388
1433,65,1498,0.1388
1440,65,1505,0.1388
1429,66,1495,0.1388
1430,65,1495,0.1388
1427,64,1491,0.1388
1424,63,1487,0.1388
1425,63,1488,0.1388
1422,64,1486,0.1388
1423,62,1485,0.1388
1440,61,1501,0.1388
1435,61,1496,0.1388
1430,61,1491,0.1388
1435,60,1495,0.1388
1451,60,1511,0.1388
1444,61,1505,0.1388
1445,62,1507,0.1388
1436,63,1499,0.1388
1450,62,1512,0.1388
1441,62,1503,0.1388
1442,60,1502,0.1388
1446,59,1505,0.1388
1435,60,1495,0.1388
1443,62,1505,0.1388
1432,63,1495,0.1388
1431,60,1491,0.1388
1434,60,1494,0.1388
1420,62,1482,0.1388
1420,62,1482,0.1388
1417,62,1479,0.1388
1408,62,1470,0.1388
1415,62,1477,0.1388
1416,62,1478,0.1388
1430,67,1497,0.1388
1422,67,1489,0.1388
1430,65,1495,0.1388
1434,65,1499,0.1388
1421,61,1482,0.1388
1427,61,1488,0.1388
1424,62,1486,0.1388
1425,61,1486,0.1388
1428,61,1489,0.1388
1430,64,1494,0.1388
1420,65,1485,0.1388
1425,63,1488,0.1388
1423,65,1488,0.1388
1435,63,1498,0.1388
1436,63,1499,0.1388
1437,64,1501,0.1388
1437,61,1498,0.1388
1451,62,1513,0.1388
1455,60,1515,0.1388
1446,59,1505,0.1388
1442,64,1506,0.1388
1432,63,1495,0.1388
1432,62,1494,0.1388
1434,62,1496,0.1388
1427,63,1490,0.1388
1430,64,1494,0.1388
1418,65,1483,0.1388
1426,65,1491,0.1388
1429,65,1494,0.1388
1435,64,1499,0.1388
1434,62,1496,0.1388
1440,63,1503,0.1388
1438,62,1500,0.1388
1433,62,1495,0.1388
1438,64,1502,0.1388
1438,64,1502,0.1388
1431,60,1491,0.1388
1430,55,1485,0.1388
1419,56,1475,0.1388
1417,58,1475,0.1388
1410,56,1466,0.1388
1416,55,1471,0.1388
1409,53,1462,0.1388
1435,56,1491,0.1388
1439,55,1494,0.1388
1441,56,1497,0.1388
1440,59,1499,0.1388
1447,57,1504,0.1388
1446,56,1502,0.1388
1443,55,1498,0.1388
1427,58,1485,0.1388
1427,58,1485,0.1388
1422,61,1483,0.1388
1436,62,1498,0.1388
1426,65,1491,0.1388
1420,64,1484,0.1388
1418,66,1484,0.1388
1424,63,1487,0.1388
1416,62,1478,0.1388
1415,61,1476,0.1388
1415,60,1475,0.1388
1428,61,1489,0.1388
1424,60,1484,0.1388
1432,60,1492,0.1388
1427,61,1488,0.1388
1420,63,1483,0.1388
1425,64,1489,0.1388
1429,62,1491,0.1388
1425,62,1487,0.1388
1424,62,1486,0.1388
1423,62,1485,0.1388
1423,67,1490,0.1388
1428,70,1498,0.1388
1422,70,1492,0.1388
1426,69,1495,0.1388
1427,69,1496,0.1388
1430,69,1499,0.1388
1429,66,1495,0.1388
1414,66,1480,0.1388
1415,66,1481,0.1388
1396,66,1462,0.1388
1402,66,1468,0.1388
1418,63,1481,0.1388
1419,62,1481,0.1388
1424,60,1484,0.1388
1429,59,1488,0.1388
1431,61,1492,0.1388
1433,62,1495,0.1388
1449,60,1509,0.1388
1440,63,1503,0.1388
1430,61,1491,0.1388
1446,60,1506,0.1388
1445,57,1502,0.1388
1439,58,1497,0.1388
1433,58,1491,0.1388
1430,56,1486,0.1388
1427,57,1484,0.1388
1417,61,1478,0.1388
1415,63,1478,0.1388
1415,64,1479,0.1388
1432,62,1494,0.1388
1425,59,1484,0.1388
1428,61,1489,0.1388
1433,62,1495,0.1388
1438,63,1501,0.1388
1428,62,1490,0.1388
1431,63,1494,0.1388
1429,66,1495,0.1388
1430,68,1498,0.1388
1433,73,1506,0.1388
1423,73,1496,0.1388
1428,75,1503,0.1388
1422,74,1496,0.1388
1428,73,1501,0.1388
1433,72,1505,0.1388
1434,68,1502,0.1388
1430,69,1499,0.1388
1435,69,1504,0.1388
1419,72,1491,0.1388
1434,73,1507,0.1388
1430,73,1503,0.1388
1422,74,1496,0.1388
1423,73,1496,0.1388
1432,76,1508,0.1388
1431,73,1504,0.1388
1429,73,1502,0.1388
1419,74,1493,0.1388
1422,72,1494,0.1388
1420,76,1496,0.1388
1420,79,1499,0.1388
1424,80,1504,0.1388
1415,83,1498,0.1388
1412,82,1494,0.1388
1433,83,1516,0.1388
1426,81,1507,0.1388
1419,78,1497,0.1388
1427,75,1502,0.1388
1426,77,1503,0.1388
1413,80,1493,0.1388
1415,78,1493,0.1388
1425,79,1504,0.1388
1415,82,1497,0.1388
1401,84,1485,0.1388
1404,86,1490,0.1388
1411,86,1497,0.1388
1402,88,1490,0.1388
1395,88,1483,0.1388
1399,87,1486,0.1388
1392,90,1482,0.1388
1410,91,1501,0.1388
1409,93,1502,0.1388
1406,94,1500,0.1388
1385,95,1480,0.1388
1379,99,1478,0.1388
1367,99,1466,0.1388
1375,100,1475,0.1388
1366,101,1467,0.1388
1381,99,1480,0.1388
1395,97,1492,0.1388
1408,100,1508,0.1388
1402,97,1499,0.1388
1402,100,1502,0.1388
1415,98,1513,0.1388
1409,105,1514,0.1388
1395,106,1501,0.1388
1381,110,1491,0.1388
1395,111,1506,0.1388
1389,110,1499,0.1388
1393,107,1500,0.1388
1385,115,1500,0.1388
1382,117,1499,0.1388
1371,119,1490,0.1388
1366,120,1486,0.1388
1373,123,1496,0.1388
1371,123,1494,0.1388
1370,126,1496,0.1388
1374,125,1499,0.1388
1389,123,1512,0.1388
1396,121,1517,0.1388
1396,118,1514,0.1388
1389,120,1509,0.1388
1392,115,1507,0.1388
1384,118,1502,0.1388
1379,120,1499,0.1388
1387,119,1506,0.1388
1370,122,1492,0.1388
1384,120,1504,0.1388
1380,118,1498,0.1388
1388,121,1509,0.1388
1383,119,1502,0.1388
1377,117,1494,0.1388
1387,120,1507,0.1388
1370,119,1489,0.1388
1376,119,1495,0.1388
1387,120,1507,0.1388
1382,119,1501,0.1388
1374,118,1492,0.1388
1379,120,1499,0.1388
1379,122,1501,0.1388
1377,128,1505,0.1388
1377,125,1502,0.1388
1368,126,1494,0.1388
1376,124,1500,0.1388
1369,125,1494,0.1388
1375,123,1498,0.1388
1372,123,1495,0.1388
1373,123,1496,0.1388
1381,122,1503,0.1388
1377,122,1499,0.1388
1373,123,1496,0.1388
1375,123,1498,0.1388
1380,123,1503,0.1388
1370,125,1495,0.1388
1363,120,1483,0.1388
1371,124,1495,0.1388
1375,124,1499,0.1388
1375,125,1500,0.1388
1366,124,1490,0.1388
1365,130,1495,0.1388
1354,127,1481,0.1388
1350,129,1479,0.1388
1358,132,1490,0.1388
1351,134,1485,0.1388
1354,139,1493,0.1388
1349,139,1488,0.1388
1360,141,1501,0.1388
1351,141,1492,0.1388
1354,145,1499,0.1388
1341,145,1486,0.1388
1334,141,1475,0.1388
1344,144,1488,0.1388
1343,149,1492,0.1388
1353,146,1499,0.1388
1343,149,1492,0.1388
1334,147,1481,0.1388
1339,149,1488,0.1388
1355,150,1505,0.1388
1358,150,1508,0.1388
1349,152,1501,0.1388
1340,154,1494,0.1388
1337,151,1488,0.1388
1332,152,1484,0.1388
1342,156,1498,0.1388
1352,156,1508,0.1388
1345,159,1504,0.1388
1356,160,1516,0.1388
1354,160,1514,0.1388
1350,155,1505,0.1388
1350,157,1507,0.1388
1342,160,1502,0.1388
1349,158,1507,0.1388
1349,156,1505,0.1388
1341,162,1503,0.1388
1334,161,1495,0.1388
1325,165,1490,0.1388
1333,161,1494,0.1388
1329,163,1492,0.1388
1343,165,1508,0.1388
1339,162,1501,0.1388
1340,167,1507,0.1388
1329,167,1496,0.1388
1327,167,1494,0.1388
1326,165,1491,0.1388
1323,167,1490,0.1388
1333,166,1499,0.1388
1337,163,1500,0.1388
1341,166,1507,0.1388
1346,162,1508,0.1388
1344,167,1511,0.1388
1342,170,1512,0.1388
1335,169,1504,0.1388
1330,167,1497,0.1388
1334,166,1500,0.1388
1326,163,1489,0.1388
1333,161,1494,0.1388
1337,165,1502,0.1388
1337,163,1500,0.1388
1347,165,1512,0.1388
1344,165,1509,0.1388
1340,167,1507,0.1388
1321,169,1490,0.1388
1326,174,1500,0.1388
1330,173,1503,0.1388
1337,169,1506,0.1388
1326,173,1499,0.1388
1333,169,1502,0.1388
1338,169,1507,0.1388
1338,169,1507,0.1388
1335,164,1499,0.1388
1331,166,1497,0.1388
1336,167,1503,0.1388
1335,167,1502,0.1388
1344,165,1509,0.1388
1337,164,1501,0.1388
1321,162,1483,0.1388
1322,168,1490,0.1388
1331,167,1498,0.1388
1337,166,1503,0.1388
1332,164,1496,0.1388
1338,163,1501,0.1388
1331,166,1497,0.1388
1329,166,1495,0.1388
1329,158,1487,0.1388
1334,161,1495,0.1388
1329,158,1487,0.1388
1336,162,1498,0.1388
1337,163,1500,0.1388
1335,163,1498,0.1388
1335,165,1500,0.1388
1331,165,1496,0.1388
1344,167,1511,0.1388
1335,170,1505,0.1388
1329,174,1503,0.1388
1336,176,1512,0.1388
1330,180,1510,0.1388
1323,177,1500,0.1388
1317,177,1494,0.1388
1315,176,1491,0.1388
1317,171,1488,0.1388
1301,174,1475,0.1388
1307,176,1483,0.1388
1319,177,1496,0.1388
1308,172,1480,0.1388
1299,176,1475,0.1388
1304,182,1486,0.1388
1304,182,1486,0.1388
1319,189,1508,0.1388
1329,184,1513,0.1388
1313,187,1500,0.1388
1306,185,1491,0.1388
1315,187,1502,0.1388
1302,186,1488,0.1388
1301,183,1484,0.1388
1314,186,1500,0.1388
1307,190,1497,0.1388
1305,193,1498,0.1388
1300,194,1494,0.1388
1296,200,1496,0.1388
1306,205,1511,0.1388
1309,205,1514,0.1388
1310,199,1509,0.1388
1288,197,1485,0.1388
1295,198,1493,0.1388
1302,198,1500,0.1388
1299,199,1498,0.1388
1292,197,1489,0.1388
1296,199,1495,0.1388
1293,204,1497,0.1388
1298,204,1502,0.1388
1305,204,1509,0.1388
1295,203,1498,0.1388
1298,203,1501,0.1388
1292,207,1499,0.1388
1293,205,1498,0.1388
1294,204,1498,0.1388
1292,201,1493,0.1388
1292,202,1494,0.1388
1301,204,1505,0.1388
1292,208,1500,0.1388
1281,211,1492,0.1388
1281,209,1490,0.1388
1271,211,1482,0.1388
1274,214,1488,0.1388
1272,208,1480,0.1388
1284,208,1492,0.1388
1284,206,1490,0.1388
1282,208,1490,0.1388
1287,207,1494,0.1388
1290,215,1505,0.1388
1278,214,1492,0.1388
1290,217,1507,0.1388
1271,221,1492,0.1388
1267,225,1492,0.1388
1275,228,1503,0.1388
1270,230,1500,0.1388
1269,232,1501,0.1388
1279,237,1516,0.1388
1276,234,1510,0.1388
1276,236,1512,0.1388
1269,238,1507,0.1388
1263,239,1502,0.1388
1268,239,1507,0.1388
1270,240,1510,0.1388
1275,239,1514,0.1388
1262,241,1503,0.1388
1254,240,1494,0.1388
1252,237,1489,0.1388
1232,235,1467,0.1388
1238,233,1471,0.1388
1247,232,1479,0.1388
1261,235,1496,0.1388
1249,236,1485,0.1388
1246,235,1481,0.1388
1251,238,1489,0.1388
1243,242,1485,0.1388
1239,242,1481,0.1388
1244,242,1486,0.1388
1242,245,1487,0.1388
1242,248,1490,0.1388
1260,253,1513,0.1388
1232,246,1478,0.1388
1236,250,1486,0.1388
1237,255,1492,0.1388
1230,255,1485,0.1388
1246,258,1504,0.1388
1254,260,1514,0.1388
1242,263,1505,0.1388
1244,257,1501,0.1388
1249,258,1507,0.1388
1249,257,1506,0.1388
1238,260,1498,0.1388
1227,259,1486,0.1388
1232,260,1492,0.1388
1234,265,1499,0.1388
1237,270,1507,0.1388
1241,269,1510,0.1388
1225,268,1493,0.1388
1223,274,1497,0.1388
1229,283,1512,0.1388
1229,283,1512,0.1388
1227,282,1509,0.1388
1224,284,1508,0.1388
1214,283,1497,0.1388
1220,276,1496,0.1388
1206,284,1490,0.1388
1204,281,1485,0.1388
1211,280,1491,0.1388
1204,278,1482,0.1388
1205,282,1487,0.1388
1225,283,1508,0.1388
1210,288,1498,0.1388
1209,287,1496,0.1388
1213,291,1504,0.1388
1205,298,1503,0.1388
1200,289,1489,0.1388
1201,296,1497,0.1388
1189,295,1484,0.1388
1193,295,1488,0.1388
1196,298,1494,0.1388
1202,291,1493,0.1388
1212,288,1500,0.1388
1208,291,1499,0.1388
1216,291,1507,0.1388
1219,294,1513,0.1388
1226,296,1522,0.1388
1220,298,1518,0.1388
1217,297,1514,0.1388
1207,296,1503,0.1388
1189,299,1488,0.1388
1182,302,1484,0.1388
1186,297,1483,0.1388
1184,299,1483,0.1388
1191,306,1497,0.1388
1200,310,1510,0.1388
1184,309,1493,0.1388
1170,314,1484,0.1388
1168,318,1486,0.1388
1166,320,1486,0.1388
1170,325,1495,0.1388
1161,326,1487,0.1388
1148,327,1475,0.1388
1145,334,1479,0.1388
1147,332,1479,0.1388
1156,343,1499,0.1388
1155,336,1491,0.1388
1150,335,1485,0.1388
1166,341,1507,0.1388
1171,347,1518,0.1388
1176,343,1519,0.1388
1164,348,1512,0.1388
1161,344,1505,0.1388
1165,346,1511,0.1388
1168,356,1524,0.1388
1173,357,1530,0.1388
1173,352,1525,0.1388
1158,356,1514,0.1388
1158,353,1511,0.1388
1149,347,1496,0.1388
1146,351,1497,0.1388
1147,349,1496,0.1388
1156,348,1504,0.1388
1164,350,1514,0.1388
1159,352,1511,0.1388
1156,348,1504,0.1388
1148,356,1504,0.1388
1134,354,1488,0.1388
1141,356,1497,0.1388
1131,357,1488,0.1388
1135,360,1495,0.1388
1135,362,1497,0.1388
1127,365,1492,0.1388
1132,369,1501,0.1388
1136,365,1501,0.1388
1137,362,1499,0.1388
1146,359,1505,0.1388
1149,365,1514,0.1388
1146,368,1514,0.1388
1141,368,1509,0.1388
1127,367,1494,0.1388
1120,369,1489,0.1388
1116,368,1484,0.1388
1120,369,1489,0.1388
1133,365,1498,0.1388
1131,370,1501,0.1388
1139,377,1516,0.1388
1126,377,1503,0.1388
1120,379,1499,0.1388
1121,382,1503,0.1388
1117,381,1498,0.1388
1119,384,1503,0.1388
1126,386,1512,0.1388
1137,385,1522,0.1388
1123,382,1505,0.1388
1117,384,1501,0.1388
1108,382,1490,0.1388
1112,381,1493,0.1388
1106,384,1490,0.1388
1101,385,1486,0.1388
1099,385,1484,0.1388
1100,379,1479,0.1388
1090,389,1479,0.1388
1104,383,1487,0.1388
1113,384,1497,0.1388
1122,381,1503,0.1388
1129,377,1506,0.1388
1113,383,1496,0.1388
1110,382,1492,0.1388
1110,384,1494,0.1388
1118,383,1501,0.1388
1118,381,1499,0.1388
1114,379,1493,0.1388
1120,379,1499,0.1388
1122,378,1500,0.1388
1111,376,1487,0.1388
1129,374,1503,0.1388
1131,372,1503,0.1388
1123,363,1486,0.1388
1123,378,1501,0.1388
1118,376,1494,0.1388
1114,368,1482,0.1388
1119,374,1493,0.1388
1124,369,1493,0.1388
1147,367,1514,0.1388
1147,366,1513,0.1388
1147,373,1520,0.1388
1141,375,1516,0.1388
1130,373,1503,0.1388
1127,381,1508,0.1388
1126,388,1514,0.1388
1116,378,1494,0.1388
1124,378,1502,0.1388
1124,382,1506,0.1388
1112,388,1500,0.1388
1117,390,1507,0.1388
1115,391,1506,0.1388
1117,397,1514,0.1388
1114,397,1511,0.1388
1108,395,1503,0.1388
1116,390,1506,0.1388
1112,390,1502,0.1388
1097,387,1484,0.1388
1100,390,1490,0.1388
1093,395,1488,0.1388
1100,399,1499,0.1388
1110,406,1516,0.1388
1097,400,1497,0.1388
1105,401,1506,0.1388
1102,407,1509,0.1388
1098,407,1505,0.1388
1108,406,1514,0.1388
1096,408,1504,0.1388
1091,416,1507,0.1388
1090,419,1509,0.1388
1086,418,1504,0.1388
1079,420,1499,0.1388
1076,420,1496,0.1388
1085,421,1506,0.1388
1080,417,1497,0.1388
1077,430,1507,0.1388
1060,437,1497,0.1388
1073,437,1510,0.1388
1071,441,1512,0.1388
1080,440,1520,0.1388
1075,440,1515,0.1388
1070,435,1505,0.1388
1067,427,1494,0.1388
1062,437,1499,0.1388
1058,440,1498,0.1388
1059,439,1498,0.1388
1056,441,1497,0.1388
1060,442,1502,0.1388
1059,443,1502,0.1388
1055,444,1499,0.1388
1041,443,1484,0.1388
1050,443,1493,0.1388
1051,450,1501,0.1388
1043,445,1488,0.1388
1043,451,1494,0.1388
1035,459,1494,0.1388
1041,454,1495,0.1388
1036,454,1490,0.1388
1034,455,1489,0.1388
1026,467,1493,0.1388
1027,462,1489,0.1388
1019,462,1481,0.1388
1027,460,1487,0.1388
1027,466,1493,0.1388
1037,463,1500,0.1388
1035,461,1496,0.1388
1043,461,1504,0.1388
1046,458,1504,0.1388
1040,455,1495,0.1388
1043,460,1503,0.1388
1049,463,1512,0.1388
1039,459,1498,0.1388
1043,462,1505,0.1388
1038,464,1502,0.1388
1027,463,1490,0.1388
1026,469,1495,0.1388
1019,467,1486,0.1388
1023,474,1497,0.1388
1030,473,1503,0.1388
1029,468,1497,0.1388
1027,462,1489,0.1388
1031,474,1505,0.1388
1041,468,1509,0.1388
1032,471,1503,0.1388
1025,472,1497,0.1388
1021,479,1500,0.1388
1019,476,1495,0.1388
1020,478,1498,0.1388
1022,471,1493,0.1388
1016,470,1486,0.1388
1024,464,1488,0.1388
1026,469,1495,0.1388
1033,461,1494,0.1388
1037,464,1501,0.1388
1035,461,1496,0.1388
1038,454,1492,0.1388
1036,456,1492,0.1388
1029,464,1493,0.1388
1033,473,1506,0.1388
1033,469,1502,0.1388
1038,469,1507,0.1388
1034,462,1496,0.1388
1034,472,1506,0.1388
1035,470,1505,0.1388
1030,473,1503,0.1388
1026,477,1503,0.1388
1031,474,1505,0.1388
1046,481,1527,0.1388
1036,487,1523,0.1388
1024,488,1512,0.1388
1029,483,1512,0.1388
1026,478,1504,0.1388
1036,480,1516,0.1388
1034,472,1506,0.1388
1037,481,1518,0.1388
1028,478,1506,0.1388
1017,483,1500,0.1388
1022,483,1505,0.1388
1019,483,1502,0.1388
1025,489,1514,0.1388
1017,492,1509,0.1388
1010,478,1488,0.1388
1003,485,1488,0.1388
1012,496,1508,0.1388
1000,508,1508,0.1388
993,497,1490,0.1388
1000,499,1499,0.1388
1005,501,1506,0.1388
1001,505,1506,0.1388
1005,500,1505,0.1388
1004,502,1506,0.1388
995,501,1496,0.1388
994,504,1498,0.1388
988,510,1498,0.1388
994,508,1502,0.1388
982,508,1490,0.1388
980,508,1488,0.1388
986,501,1487,0.1388
986,497,1483,0.1388
997,504,1501,0.1388
986,512,1498,0.1388
989,513,1502,0.1388
989,520,1509,0.1388
990,515,1505,0.1388
998,520,1518,0.1388
997,520,1517,0.1388
998,516,1514,0.1388
990,509,1499,0.1388
1000,504,1504,0.1388
991,513,1504,0.1388
981,513,1494,0.1388
974,513,1487,0.1388
983,520,1503,0.1388
983,521,1504,0.1388
980,522,1502,0.1388
970,527,1497,0.1388
972,522,1494,0.1388
977,526,1503,0.1388
976,524,1500,0.1388
984,527,1511,0.1388
979,527,1506,0.1388
977,521,1498,0.1388
977,525,1502,0.1388
967,519,1486,0.1388
967,522,1489,0.1388
978,521,1499,0.1388
986,521,1507,0.1388
995,515,1510,0.1388
984,514,1498,0.1388
979,524,1503,0.1388
984,521,1505,0.1388
984,527,1511,0.1388
982,526,1508,0.1388
991,528,1519,0.1388
991,533,1524,0.1388
991,533,1524,0.1388
988,528,1516,0.1388
981,527,1508,0.1388
983,533,1516,0.1388
978,516,1494,0.1388
980,520,1500,0.1388
979,523,1502,0.1388
976,523,1499,0.1388
985,517,1502,0.1388
984,522,1506,0.1388
986,527,1513,0.1388
972,524,1496,0.1388
972,529,1501,0.1388
957,531,1488,0.1388
954,542,1496,0.1388
956,540,1496,0.1388
963,537,1500,0.1388
965,531,1496,0.1388
973,540,1513,0.1388
968,542,1510,0.1388
967,533,1500,0.1388
968,528,1496,0.1388
967,535,1502,0.1388
968,534,1502,0.1388
972,534,1506,0.1388
971,543,1514,0.1388
958,550,1508,0.1388
957,546,1503,0.1388
963,542,1505,0.1388
953,544,1497,0.1388
942,537,1479,0.1388
946,546,1492,0.1388
937,548,1485,0.1388
940,551,1491,0.1388
938,543,1481,0.1388
935,549,1484,0.1388
934,560,1494,0.1388
924,564,1488,0.1388
907,571,1478,0.1388
918,583,1501,0.1388
908,580,1488,0.1388
903,578,1481,0.1388
912,574,1486,0.1388
912,584,1496,0.1388
919,580,1499,0.1388
926,574,1500,0.1388
928,572,1500,0.1388
926,572,1498,0.1388
930,579,1509,0.1388
933,587,1520,0.1388
926,583,1509,0.1388
927,590,1517,0.1388
917,584,1501,0.1388
917,586,1503,0.1388
919,599,1518,0.1388
912,600,1512,0.1388
905,600,1505,0.1388
908,598,1506,0.1388
901,595,1496,0.1388
914,593,1507,0.1388
915,593,1508,0.1388
912,598,1510,0.1388
909,597,1506,0.1388
914,588,1502,0.1388
918,596,1514,0.1388
920,600,1520,0.1388
908,601,1509,0.1388
893,608,1501,0.1388
905,606,1511,0.1388
896,601,1497,0.1388
900,603,1503,0.1388
887,594,1481,0.1388
882,607,1489,0.1388
882,620,1502,0.1388
885,617,1502,0.1388
882,625,1507,0.1388
891,618,1509,0.1388
879,625,1504,0.1388
876,625,1501,0.1388
872,628,1500,0.1388
868,626,1494,0.1388
871,625,1496,0.1388
874,633,1507,0.1388
872,630,1502,0.1388
872,643,1515,0.1388
876,640,1516,0.1388
881,641,1522,0.1388
872,634,1506,0.1388
871,648,1519,0.1388
875,654,1529,0.1388
869,652,1521,0.1388
860,641,1501,0.1388
852,636,1488,0.1388
849,640,1489,0.1388
854,642,1496,0.1388
855,643,1498,0.1388
858,653,1511,0.1388
849,653,1502,0.1388
850,645,1495,0.1388
843,650,1493,0.1388
836,654,1490,0.1388
838,664,1502,0.1388
839,666,1505,0.1388
851,664,1515,0.1388
852,670,1522,0.1388
843,661,1504,0.1388
834,662,1496,0.1388
829,655,1484,0.1388
827,662,1489,0.1388
831,665,1496,0.1388
828,673,1501,0.1388
826,683,1509,0.1388
825,691,1516,0.1388
828,689,1517,0.1388
830,693,1523,0.1388
828,680,1508,0.1388
834,687,1521,0.1388
828,683,1511,0.1388
822,689,1511,0.1388
817,691,1508,0.1388
808,695,1503,0.1388
801,694,1495,0.1388
806,689,1495,0.1388
803,690,1493,0.1388
813,689,1502,0.1388
801,690,1491,0.1388
791,696,1487,0.1388
796,700,1496,0.1388
788,707,1495,0.1388
786,708,1494,0.1388
802,716,1518,0.1388
795,718,1513,0.1388
788,725,1513,0.1388
790,725,1515,0.1388
794,716,1510,0.1388
792,723,1515,0.1388
792,721,1513,0.1388
785,725,1510,0.1388
784,718,1502,0.1388
775,718,1493,0.1388
772,720,1492,0.1388
772,726,1498,0.1388
771,722,1493,0.1388
784,718,1502,0.1388
769,721,1490,0.1388
781,722,1503,0.1388
775,731,1506,0.1388
764,728,1492,0.1388
769,734,1503,0.1388
762,727,1489,0.1388
763,731,1494,0.1388
767,731,1498,0.1388
775,735,1510,0.1388
769,736,1505,0.1388
762,730,1492,0.1388
758,745,1503,0.1388
758,739,1497,0.1388
760,739,1499,0.1388
769,733,1502,0.1388
762,739,1501,0.1388
756,741,1497,0.1388
756,739,1495,0.1388
753,734,1487,0.1388
758,739,1497,0.1388
744,748,1492,0.1388
752,756,1508,0.1388
764,759,1523,0.1388
759,759,1518,0.1388
758,751,1509,0.1388
759,746,1505,0.1388
759,754,1513,0.1388
761,757,1518,0.1388
761,749,1510,0.1388
761,743,1504,0.1388
759,751,1510,0.1388
759,736,1495,0.1388
758,744,1502,0.1388
754,748,1502,0.1388
752,755,1507,0.1388
749,754,1503,0.1388
750,755,1505,0.1388
751,748,1499,0.1388
748,754,1502,0.1388
754,758,1512,0.1388
753,758,1511,0.1388
757,759,1516,0.1388
749,764,1513,0.1388
747,756,1503,0.1388
739,758,1497,0.1388
733,766,1499,0.1388
737,763,1500,0.1388
750,771,1521,0.1388
746,771,1517,0.1388
748,762,1510,0.1388
751,761,1512,0.1388
748,761,1509,0.1388
749,761,1510,0.1388
750,763,1513,0.1388
764,757,1521,0.1388
764,757,1521,0.1388
749,759,1508,0.1388
750,745,1495,0.1388
743,749,1492,0.1388
747,750,1497,0.1388
746,754,1500,0.1388
748,758,1506,0.1388
759,752,1511,0.1388
752,759,1511,0.1388
748,750,1498,0.1388
751,759,1510,0.1388
757,761,1518,0.1388
754,757,1511,0.1388
750,758,1508,0.1388
751,761,1512,0.1388
748,757,1505,0.1388
746,758,1504,0.1388
752,753,1505,0.1388
752,758,1510,0.1388
756,745,1501,0.1388
756,753,1509,0.1388
751,763,1514,0.1388
755,762,1517,0.1388
751,763,1514,0.1388
748,767,1515,0.1388
742,765,1507,0.1388
749,758,1507,0.1388
741,765,1506,0.1388
743,764,1507,0.1388
743,770,1513,0.1388
735,777,1512,0.1388
721,776,1497,0.1388
721,767,1488,0.1388
720,774,1494,0.1388
724,775,1499,0.1388
737,773,1510,0.1388
738,774,1512,0.1388
739,783,1522,0.1388
734,775,1509,0.1388
742,781,1523,0.1388
740,776,1516,0.1388
736,769,1505,0.1388
733,771,1504,0.1388
730,776,1506,0.1388
742,773,1515,0.1388
738,766,1504,0.1388
744,774,1518,0.1388
747,776,1523,0.1388
744,777,1521,0.1388
741,769,1510,0.1388
734,774,1508,0.1388
740,774,1514,0.1388
737,775,1512,0.1388
725,777,1502,0.1388
723,786,1509,0.1388
712,786,1498,0.1388
712,791,1503,0.1388
713,793,1506,0.1388
719,787,1506,0.1388
714,793,1507,0.1388
720,789,1509,0.1388
721,791,1512,0.1388
714,789,1503,0.1388
707,791,1498,0.1388
708,798,1506,0.1388
706,798,1504,0.1388
707,805,1512,0.1388
710,807,1517,0.1388
708,815,1523,0.1388
695,815,1510,0.1388
696,813,1509,0.1388
702,812,1514,0.1388
701,825,1526,0.1388
699,820,1519,0.1388
695,818,1513,0.1388
691,817,1508,0.1388
689,821,1510,0.1388
682,817,1499,0.1388
683,811,1494,0.1388
676,814,1490,0.1388
683,823,1506,0.1388
678,823,1501,0.1388
690,818,1508,0.1388
691,816,1507,0.1388
687,818,1505,0.1388
686,819,1505,0.1388
678,818,1496,0.1388
672,819,1491,0.1388
677,813,1490,0.1388
677,823,1500,0.1388
684,820,1504,0.1388
686,825,1511,0.1388
685,824,1509,0.1388
694,820,1514,0.1388
679,811,1490,0.1388
679,816,1495,0.1388
689,832,1521,0.1388
688,837,1525,0.1388
678,832,1510,0.1388
673,836,1509,0.1388
664,838,1502,0.1388
654,850,1504,0.1388
657,851,1508,0.1388
656,855,1511,0.1388
659,855,1514,0.1388
650,857,1507,0.1388
653,852,1505,0.1388
644,857,1501,0.1388
642,863,1505,0.1388
652,860,1512,0.1388
653,865,1518,0.1388
653,860,1513,0.1388
655,858,1513,0.1388
646,859,1505,0.1388
646,863,1509,0.1388
642,867,1509,0.1388
645,867,1512,0.1388
644,873,1517,0.1388
638,861,1499,0.1388
632,869,1501,0.1388
630,867,1497,0.1388
636,865,1501,0.1388
630,866,1496,0.1388
634,875,1509,0.1388
639,876,1515,0.1388
639,880,1519,0.1388
636,872,1508,0.1388
633,870,1503,0.1388
634,885,1519,0.1388
624,891,1515,0.1388
622,876,1498,0.1388
615,886,1501,0.1388
618,885,1503,0.1388
610,887,1497,0.1388
606,874,1480,0.1388
612,873,1485,0.1388
613,886,1499,0.1388
610,890,1500,0.1388
608,889,1497,0.1388
610,903,1513,0.1388
616,899,1515,0.1388
615,908,1523,0.1388
618,907,1525,0.1388
620,904,1524,0.1388
608,912,1520,0.1388
620,906,1526,0.1388
614,910,1524,0.1388
612,902,1514,0.1388
604,897,1501,0.1388
603,895,1498,0.1388
602,901,1503,0.1388
604,899,1503,0.1388
607,898,1505,0.1388
605,890,1495,0.1388
606,903,1509,0.1388
611,903,1514,0.1388
607,899,1506,0.1388
608,895,1503,0.1388
609,896,1505,0.1388
609,894,1503,0.1388
606,906,1512,0.1388
595,904,1499,0.1388
584,901,1485,0.1388
586,902,1488,0.1388
589,902,1491,0.1388
594,904,1498,0.1388
594,899,1493,0.1388
598,891,1489,0.1388
600,893,1493,0.1388
602,899,1501,0.1388
620,900,1520,0.1388
618,900,1518,0.1388
612,903,1515,0.1388
613,900,1513,0.1388
621,912,1533,0.1388
622,909,1531,0.1388
619,901,1520,0.1388
604,891,1495,0.1388
603,898,1501,0.1388
601,906,1507,0.1388
603,914,1517,0.1388
602,902,1504,0.1388
600,892,1492,0.1388
602,905,1507,0.1388
597,915,1512,0.1388
593,908,1501,0.1388
593,918,1511,0.1388
590,924,1514,0.1388
591,929,1520,0.1388
585,916,1501,0.1388
586,911,1497,0.1388
590,911,1501,0.1388
593,917,1510,0.1388
586,914,1500,0.1388
589,910,1499,0.1388
593,922,1515,0.1388
586,919,1505,0.1388
583,928,1511,0.1388
592,933,1525,0.1388
587,931,1518,0.1388
588,926,1514,0.1388
589,916,1505,0.1388
581,913,1494,0.1388
578,921,1499,0.1388
590,921,1511,0.1388
585,918,1503,0.1388
581,935,1516,0.1388
572,934,1506,0.1388
576,940,1516,0.1388
576,940,1516,0.1388
575,949,1524,0.1388
578,946,1524,0.1388
579,939,1518,0.1388
576,932,1508,0.1388
578,941,1519,0.1388
572,939,1511,0.1388
567,932,1499,0.1388
574,935,1509,0.1388
579,930,1509,0.1388
572,932,1504,0.1388
578,932,1510,0.1388
577,924,1501,0.1388
576,919,1495,0.1388
576,924,1500,0.1388
580,928,1508,0.1388
576,933,1509,0.1388
579,926,1505,0.1388
578,939,1517,0.1388
573,941,1514,0.1388
573,936,1509,0.1388
568,932,1500,0.1388
563,927,1490,0.1388
552,940,1492,0.1388
557,943,1500,0.1388
559,940,1499,0.1388
570,948,1518,0.1388
572,953,1525,0.1388
567,943,1510,0.1388
564,929,1493,0.1388
567,942,1509,0.1388
569,938,1507,0.1388
560,943,1503,0.1388
561,943,1504,0.1388
555,940,1495,0.1388
553,953,1506,0.1388
557,949,1506,0.1388
549,945,1494,0.1388
555,942,1497,0.1388
557,944,1501,0.1388
559,950,1509,0.1388
553,947,1500,0.1388
550,952,1502,0.1388
553,954,1507,0.1388
559,960,1519,0.1388
552,960,1512,0.1388
551,966,1517,0.1388
542,972,1514,0.1388
547,976,1523,0.1388
548,969,1517,0.1388
550,980,1530,0.1388
545,972,1517,0.1388
540,967,1507,0.1388
532,970,1502,0.1388
534,973,1507,0.1388
534,980,1514,0.1388
531,977,1508,0.1388
542,978,1520,0.1388
543,978,1521,0.1388
532,976,1508,0.1388
529,980,1509,0.1388
534,984,1518,0.1388
537,982,1519,0.1388
535,981,1516,0.1388
530,980,1510,0.1388
523,978,1501,0.1388
521,974,1495,0.1388
522,990,1512,0.1388
515,985,1500,0.1388
513,977,1490,0.1388
512,987,1499,0.1388
514,988,1502,0.1388
512,981,1493,0.1388
517,987,1504,0.1388
512,986,1498,0.1388
509,991,1500,0.1388
504,999,1503,0.1388
500,1008,1508,0.1388
509,999,1508,0.1388
509,999,1508,0.1388
517,1006,1523,0.1388
513,1001,1514,0.1388
511,1005,1516,0.1388
512,999,1511,0.1388
514,994,1508,0.1388
511,999,1510,0.1388
511,1003,1514,0.1388
508,1006,1514,0.1388
504,1001,1505,0.1388
502,1006,1508,0.1388
503,994,1497,0.1388
497,994,1491,0.1388
498,1004,1502,0.1388
503,1003,1506,0.1388
504,1010,1514,0.1388
508,1010,1518,0.1388
507,1013,1520,0.1388
507,1011,1518,0.1388
501,1000,1501,0.1388
498,1007,1505,0.1388
492,1007,1499,0.1388
482,1010,1492,0.1388
473,1002,1475,0.1388
468,1010,1478,0.1388
470,1030,1500,0.1388
468,1030,1498,0.1388
461,1037,1498,0.1388
463,1033,1496,0.1388
465,1043,1508,0.1388
475,1040,1515,0.1388
476,1043,1519,0.1388
483,1032,1515,0.1388
478,1028,1506,0.1388
483,1036,1519,0.1388
474,1031,1505,0.1388
472,1033,1505,0.1388
477,1031,1508,0.1388
478,1032,1510,0.1388
482,1051,1533,0.1388
479,1035,1514,0.1388
479,1052,1531,0.1388
477,1035,1512,0.1388
473,1024,1497,0.1388
477,1035,1512,0.1388
473,1038,1511,0.1388
463,1044,1507,0.1388
463,1048,1511,0.1388
465,1048,1513,0.1388
463,1042,1505,0.1388
462,1050,1512,0.1388
450,1051,1501,0.1388
444,1045,1489,0.1388
439,1042,1481,0.1388
437,1049,1486,0.1388
442,1067,1509,0.1388
446,1060,1506,0.1388
451,1059,1510,0.1388
448,1064,1512,0.1388
452,1066,1518,0.1388
449,1066,1515,0.1388
444,1065,1509,0.1388
445,1071,1516,0.1388
441,1080,1521,0.1388
441,1078,1519,0.1388
442,1072,1514,0.1388
440,1068,1508,0.1388
440,1076,1516,0.1388
442,1064,1506,0.1388
439,1072,1511,0.1388
437,1066,1503,0.1388
436,1069,1505,0.1388
434,1055,1489,0.1388
428,1069,1497,0.1388
433,1074,1507,0.1388
445,1065,1510,0.1388
440,1062,1502,0.1388
436,1078,1514,0.1388
437,1087,1524,0.1388
431,1085,1516,0.1388
433,1097,1530,0.1388
432,1090,1522,0.1388
434,1089,1523,0.1388
436,1084,1520,0.1388
437,1091,1528,0.1388
431,1084,1515,0.1388
427,1091,1518,0.1388
427,1083,1510,0.1388
422,1083,1505,0.1388
430,1075,1505,0.1388
427,1081,1508,0.1388
425,1074,1499,0.1388
421,1087,1508,0.1388
419,1085,1504,0.1388
422,1092,1514,0.1388
417,1095,1512,0.1388
423,1093,1516,0.1388
419,1084,1503,0.1388
415,1082,1497,0.1388
410,1085,1495,0.1388
415,1089,1504,0.1388
414,1086,1500,0.1388
408,1098,1506,0.1388
406,1090,1496,0.1388
405,1099,1504,0.1388
405,1111,1516,0.1388
403,1105,1508,0.1388
406,1107,1513,0.1388
406,1103,1509,0.1388
400,1103,1503,0.1388
398,1098,1496,0.1388
401,1105,1506,0.1388
397,1100,1497,0.1388
398,1098,1496,0.1388
401,1094,1495,0.1388
404,1101,1505,0.1388
401,1110,1511,0.1388
397,1115,1512,0.1388
397,1108,1505,0.1388
397,1109,1506,0.1388
400,1118,1518,0.1388
399,1117,1516,0.1388
394,1124,1518,0.1388
399,1110,1509,0.1388
391,1106,1497,0.1388
393,1128,1521,0.1388
392,1143,1535,0.1388
391,1138,1529,0.1388
387,1133,1520,0.1388
385,1131,1516,0.1388
392,1138,1530,0.1388
390,1140,1530,0.1388
390,1149,1539,0.1388
393,1144,1537,0.1388
386,1145,1531,0.1388
383,1139,1522,0.1388
385,1127,1512,0.1388
374,1121,1495,0.1388
374,1126,1500,0.1388
379,1125,1504,0.1388
378,1134,1512,0.1388
370,1124,1494,0.1388
376,1125,1501,0.1388
379,1128,1507,0.1388
371,1138,1509,0.1388
376,1123,1499,0.1388
380,1126,1506,0.1388
383,1132,1515,0.1388
378,1122,1500,0.1388
377,1126,1503,0.1388
372,1141,1513,0.1388
373,1139,1512,0.1388
378,1131,1509,0.1388
376,1133,1509,0.1388
375,1134,1509,0.1388
373,1121,1494,0.1388
376,1124,1500,0.1388
383,1127,1510,0.1388
383,1123,1506,0.1388
382,1124,1506,0.1388
381,1125,1506,0.1388
380,1124,1504,0.1388
381,1125,1506,0.1388
380,1123,1503,0.1388
376,1126,1502,0.1388
380,1140,1520,0.1388
381,1144,1525,0.1388
384,1140,1524,0.1388
384,1142,1526,0.1388
378,1147,1525,0.1388
373,1140,1513,0.1388
369,1152,1521,0.1388
366,1146,1512,0.1388
359,1144,1503,0.1388
355,1142,1497,0.1388
357,1147,1504,0.1388
363,1150,1513,0.1388
363,1147,1510,0.1388
365,1145,1510,0.1388
360,1149,1509,0.1388
362,1158,1520,0.1388
356,1159,1515,0.1388
358,1145,1503,0.1388
359,1146,1505,0.1388
359,1161,1520,0.1388
351,1155,1506,0.1388
351,1148,1499,0.1388
349,1152,1501,0.1388
359,1147,1506,0.1388
358,1155,1513,0.1388
353,1161,1514,0.1388
352,1160,1512,0.1388
355,1154,1509,0.1388
355,1158,1513,0.1388
347,1160,1507,0.1388
350,1161,1511,0.1388
345,1151,1496,0.1388
354,1162,1516,0.1388
354,1152,1506,0.1388
355,1153,1508,0.1388
349,1153,1502,0.1388
352,1151,1503,0.1388
345,1147,1492,0.1388
350,1147,1497,0.1388
356,1142,1498,0.1388
354,1137,1491,0.1388
358,1147,1505,0.1388
360,1149,1509,0.1388
357,1153,1510,0.1388
354,1152,1506,0.1388
351,1159,1510,0.1388
356,1155,1511,0.1388
358,1159,1517,0.1388
358,1149,1507,0.1388
360,1157,1517,0.1388
355,1154,1509,0.1388
362,1158,1520,0.1388
367,1158,1525,0.1388
365,1168,1533,0.1388
366,1173,1539,0.1388
363,1167,1530,0.1388
358,1160,1518,0.1388
353,1160,1513,0.1388
354,1152,1506,0.1388
351,1156,1507,0.1388
348,1166,1514,0.1388
347,1166,1513,0.1388
335,1168,1503,0.1388
332,1169,1501,0.1388
329,1171,1500,0.1388
330,1172,1502,0.1388
333,1185,1518,0.1388
332,1185,1517,0.1388
333,1175,1508,0.1388
336,1180,1516,0.1388
331,1170,1501,0.1388
331,1174,1505,0.1388
328,1175,1503,0.1388
328,1191,1519,0.1388
332,1182,1514,0.1388
332,1182,1514,0.1388
336,1179,1515,0.1388
331,1189,1520,0.1388
329,1189,1518,0.1388
330,1183,1513,0.1388
333,1179,1512,0.1388
325,1181,1506,0.1388
330,1175,1505,0.1388
336,1172,1508,0.1388
333,1169,1502,0.1388
336,1171,1507,0.1388
342,1165,1507,0.1388
332,1166,1498,0.1388
333,1171,1504,0.1388
328,1171,1499,0.1388
332,1174,1506,0.1388
331,1172,1503,0.1388
329,1166,1495,0.1388
334,1174,1508,0.1388
337,1179,1516,0.1388
338,1173,1511,0.1388
342,1185,1527,0.1388
351,1181,1532,0.1388
348,1198,1546,0.1388
347,1189,1536,0.1388
342,1166,1508,0.1388
349,1172,1521,0.1388
338,1188,1526,0.1388
334,1174,1508,0.1388
343,1164,1507,0.1388
341,1162,1503,0.1388
346,1166,1512,0.1388
340,1172,1512,0.1388
336,1169,1505,0.1388
331,1177,1508,0.1388
333,1182,1515,0.1388
329,1186,1515,0.1388
332,1193,1525,0.1388
329,1193,1522,0.1388
330,1187,1517,0.1388
332,1174,1506,0.1388
328,1173,1501,0.1388
326,1189,1515,0.1388
325,1184,1509,0.1388
327,1172,1499,0.1388
326,1180,1506,0.1388
321,1175,1496,0.1388
323,1178,1501,0.1388
321,1174,1495,0.1388
316,1191,1507,0.1388
317,1196,1513,0.1388
315,1206,1521,0.1388
316,1193,1509,0.1388
316,1205,1521,0.1388
316,1207,1523,0.1388
313,1212,1525,0.1388
312,1213,1525,0.1388
312,1209,1521,0.1388
311,1195,1506,0.1388
308,1203,1511,0.1388
315,1203,1518,0.1388
314,1198,1512,0.1388
315,1204,1519,0.1388
309,1215,1524,0.1388
308,1209,1517,0.1388
307,1202,1509,0.1388
308,1198,1506,0.1388
304,1201,1505,0.1388
309,1196,1505,0.1388
307,1199,1506,0.1388
313,1204,1517,0.1388
317,1193,1510,0.1388
314,1199,1513,0.1388
310,1203,1513,0.1388
309,1201,1510,0.1388
310,1205,1515,0.1388
306,1204,1510,0.1388
305,1212,1517,0.1388
305,1212,1517,0.1388
300,1210,1510,0.1388
297,1198,1495,0.1388
301,1203,1504,0.1388
304,1191,1495,0.1388
303,1190,1493,0.1388
297,1204,1501,0.1388
296,1206,1502,0.1388
295,1208,1503,0.1388
295,1221,1516,0.1388
295,1205,1500,0.1388
295,1196,1491,0.1388
294,1210,1504,0.1388
291,1215,1506,0.1388
299,1215,1514,0.1388
308,1202,1510,0.1388
312,1199,1511,0.1388
313,1194,1507,0.1388
308,1199,1507,0.1388
311,1209,1520,0.1388
310,1220,1530,0.1388
312,1217,1529,0.1388
311,1197,1508,0.1388
310,1210,1520,0.1388
304,1219,1523,0.1388
310,1210,1520,0.1388
312,1201,1513,0.1388
313,1192,1505,0.1388
306,1207,1513,0.1388
305,1213,1518,0.1388
304,1210,1514,0.1388
302,1214,1516,0.1388
309,1203,1512,0.1388
305,1202,1507,0.1388
310,1206,1516,0.1388
305,1229,1534,0.1388
296,1222,1518,0.1388
299,1216,1515,0.1388
297,1213,1510,0.1388
302,1218,1520,0.1388
299,1229,1528,0.1388
297,1214,1511,0.1388
301,1213,1514,0.1388
300,1212,1512,0.1388
299,1201,1500,0.1388
302,1198,1500,0.1388
298,1195,1493,0.1388
289,1207,1496,0.1388
285,1213,1498,0.1388
292,1223,1515,0.1388
297,1228,1525,0.1388
296,1217,1513,0.1388
295,1202,1497,0.1388
291,1203,1494,0.1388
296,1213,1509,0.1388
296,1229,1525,0.1388
296,1231,1527,0.1388
298,1228,1526,0.1388
296,1226,1522,0.1388
294,1215,1509,0.1388
290,1212,1502,0.1388
301,1210,1511,0.1388
296,1221,1517,0.1388
292,1213,1505,0.1388
289,1224,1513,0.1388
293,1212,1505,0.1388
295,1215,1510,0.1388
291,1215,1506,0.1388
288,1202,1490,0.1388
291,1213,1504,0.1388
285,1224,1509,0.1388
287,1239,1526,0.1388
286,1226,1512,0.1388
283,1238,1521,0.1388
285,1233,1518,0.1388
284,1225,1509,0.1388
282,1225,1507,0.1388
281,1223,1504,0.1388
286,1227,1513,0.1388
285,1231,1516,0.1388
282,1222,1504,0.1388
275,1235,1510,0.1388
280,1232,1512,0.1388
277,1235,1512,0.1388
278,1228,1506,0.1388
282,1217,1499,0.1388
277,1237,1514,0.1388
281,1235,1516,0.1388
283,1230,1513,0.1388
279,1233,1512,0.1388
273,1234,1507,0.1388
270,1227,1497,0.1388
265,1234,1499,0.1388
271,1242,1513,0.1388
270,1245,1515,0.1388
274,1239,1513,0.1388
278,1239,1517,0.1388
276,1246,1522,0.1388
272,1248,1520,0.1388
267,1250,1517,0.1388
268,1259,1527,0.1388
264,1257,1521,0.1388
268,1244,1512,0.1388
269,1255,1524,0.1388
268,1248,1516,0.1388
264,1246,1510,0.1388
261,1250,1511,0.1388
261,1255,1516,0.1388
258,1251,1509,0.1388
255,1260,1515,0.1388
263,1258,1521,0.1388
260,1253,1513,0.1388
265,1254,1519,0.1388
265,1257,1522,0.1388
258,1270,1528,0.1388
254,1268,1522,0.1388
260,1266,1526,0.1388
258,1254,1512,0.1388
254,1261,1515,0.1388
258,1257,1515,0.1388
256,1257,1513,0.1388
256,1267,1523,0.1388
255,1274,1529,0.1388
250,1263,1513,0.1388
255,1257,1512,0.1388
249,1262,1511,0.1388
246,1259,1505,0.1388
256,1261,1517,0.1388
257,1253,1510,0.1388
255,1259,1514,0.1388
249,1253,1502,0.1388
249,1253,1502,0.1388
245,1264,1509,0.1388
241,1265,1506,0.1388
238,1260,1498,0.1388
241,1253,1494,0.1388
245,1257,1502,0.1388
243,1264,1507,0.1388
240,1272,1512,0.1388
240,1274,1514,0.1388
236,1269,1505,0.1388
236,1270,1506,0.1388
232,1280,1512,0.1388
236,1276,1512,0.1388
236,1282,1518,0.1388
229,1280,1509,0.1388
231,1287,1518,0.1388
234,1273,1507,0.1388
239,1270,1509,0.1388
235,1271,1506,0.1388
237,1271,1508,0.1388
230,1278,1508,0.1388
235,1285,1520,0.1388
229,1292,1521,0.1388
232,1295,1527,0.1388
236,1282,1518,0.1388
237,1283,1520,0.1388
238,1291,1529,0.1388
236,1284,1520,0.1388
238,1272,1510,0.1388
235,1283,1518,0.1388
234,1281,1515,0.1388
235,1276,1511,0.1388
231,1276,1507,0.1388
229,1273,1502,0.1388
223,1281,1504,0.1388
227,1289,1516,0.1388
227,1281,1508,0.1388
227,1287,1514,0.1388
228,1295,1523,0.1388
224,1294,1518,0.1388
224,1296,1520,0.1388
219,1306,1525,0.1388
220,1310,1530,0.1388
223,1312,1535,0.1388
220,1303,1523,0.1388
216,1300,1516,0.1388
215,1295,1510,0.1388
215,1305,1520,0.1388
212,1298,1510,0.1388
209,1295,1504,0.1388
208,1302,1510,0.1388
215,1297,1512,0.1388
208,1287,1495,0.1388
201,1291,1492,0.1388
204,1302,1506,0.1388
207,1315,1522,0.1388
206,1305,1511,0.1388
212,1303,1515,0.1388
211,1293,1504,0.1388
210,1297,1507,0.1388
210,1314,1524,0.1388
208,1301,1509,0.1388
207,1307,1514,0.1388
207,1298,1505,0.1388
206,1295,1501,0.1388
202,1302,1504,0.1388
205,1308,1513,0.1388
206,1311,1517,0.1388
202,1323,1525,0.1388
202,1317,1519,0.1388
203,1302,1505,0.1388
200,1310,1510,0.1388
191,1308,1499,0.1388
197,1307,1504,0.1388
202,1310,1512,0.1388
200,1300,1500,0.1388
205,1302,1507,0.1388
201,1299,1500,0.1388
206,1298,1504,0.1388
208,1294,1502,0.1388
208,1296,1504,0.1388
211,1302,1513,0.1388
207,1300,1507,0.1388
206,1298,1504,0.1388
209,1282,1491,0.1388
209,1304,1513,0.1388
206,1305,1511,0.1388
210,1292,1502,0.1388
205,1299,1504,0.1388
201,1300,1501,0.1388
201,1294,1495,0.1388
199,1300,1499,0.1388
202,1308,1510,0.1388
202,1307,1509,0.1388
204,1317,1521,0.1388
205,1303,1508,0.1388
206,1300,1506,0.1388
214,1302,1516,0.1388
210,1304,1514,0.1388
210,1306,1516,0.1388
203,1307,1510,0.1388
203,1313,1516,0.1388
202,1315,1517,0.1388
201,1309,1510,0.1388
197,1317,1514,0.1388
198,1327,1525,0.1388
196,1320,1516,0.1388
197,1314,1511,0.1388
199,1317,1516,0.1388
199,1315,1514,0.1388
199,1320,1519,0.1388
192,1325,1517,0.1388
197,1328,1525,0.1388
195,1329,1524,0.1388
192,1328,1520,0.1388
194,1337,1531,0.1388
184,1336,1520,0.1388
189,1340,1529,0.1388
192,1335,1527,0.1388
193,1339,1532,0.1388
192,1338,1530,0.1388
196,1324,1520,0.1388
196,1320,1516,0.1388
199,1318,1517,0.1388
200,1315,1515,0.1388
197,1307,1504,0.1388
198,1312,1510,0.1388
193,1314,1507,0.1388
199,1319,1518,0.1388
196,1326,1522,0.1388
196,1328,1524,0.1388
193,1323,1516,0.1388
188,1333,1521,0.1388
190,1335,1525,0.1388
193,1320,1513,0.1388
193,1317,1510,0.1388
194,1324,1518,0.1388
194,1315,1509,0.1388
196,1329,1525,0.1388
194,1326,1520,0.1388
191,1321,1512,0.1388
187,1325,1512,0.1388
192,1322,1514,0.1388
188,1331,1519,0.1388
190,1334,1524,0.1388
188,1325,1513,0.1388
193,1326,1519,0.1388
193,1336,1529,0.1388
186,1337,1523,0.1388
184,1333,1517,0.1388
189,1335,1524,0.1388
189,1335,1524,0.1388
190,1336,1526,0.1388
190,1329,1519,0.1388
187,1329,1516,0.1388
187,1330,1517,0.1388
188,1316,1504,0.1388
187,1327,1514,0.1388
189,1323,1512,0.1388
187,1317,1504,0.1388
191,1325,1516,0.1388
187,1313,1500,0.1388
185,1321,1506,0.1388
187,1319,1506,0.1388
188,1323,1511,0.1388
188,1326,1514,0.1388
186,1327,1513,0.1388
190,1327,1517,0.1388
190,1331,1521,0.1388
189,1329,1518,0.1388
188,1335,1523,0.1388
183,1329,1512,0.1388
182,1338,1520,0.1388
180,1329,1509,0.1388
181,1335,1516,0.1388
178,1331,1509,0.1388
175,1335,1510,0.1388
179,1340,1519,0.1388
182,1333,1515,0.1388
188,1341,1529,0.1388
188,1335,1523,0.1388
188,1330,1518,0.1388
191,1334,1525,0.1388
189,1321,1510,0.1388
187,1317,1504,0.1388
187,1324,1511,0.1388
184,1335,1519,0.1388
179,1340,1519,0.1388
176,1335,1511,0.1388
176,1340,1516,0.1388
175,1331,1506,0.1388
174,1342,1516,0.1388
174,1343,1517,0.1388
175,1348,1523,0.1388
171,1346,1517,0.1388
170,1353,1523,0.1388
174,1345,1519,0.1388
170,1338,1508,0.1388
169,1338,1507,0.1388
169,1334,1503,0.1388
169,1338,1507,0.1388
167,1338,1505,0.1388
168,1344,1512,0.1388
163,1348,1511,0.1388
165,1361,1526,0.1388
174,1348,1522,0.1388
171,1345,1516,0.1388
172,1337,1509,0.1388
170,1346,1516,0.1388
167,1341,1508,0.1388
166,1339,1505,0.1388
166,1336,1502,0.1388
164,1343,1507,0.1388
165,1353,1518,0.1388
167,1343,1510,0.1388
165,1351,1516,0.1388
164,1352,1516,0.1388
159,1352,1511,0.1388
159,1350,1509,0.1388
157,1350,1507,0.1388
155,1356,1511,0.1388
158,1345,1503,0.1388
153,1354,1507,0.1388
152,1342,1494,0.1388
148,1342,1490,0.1388
147,1343,1490,0.1388
143,1344,1487,0.1388
144,1340,1484,0.1388
147,1354,1501,0.1388
145,1353,1498,0.1388
147,1356,1503,0.1388
144,1356,1500,0.1388
146,1361,1507,0.1388
147,1370,1517,0.1388
151,1372,1523,0.1388
150,1374,1524,0.1388
150,1374,1524,0.1388
151,1373,1524,0.1388
150,1374,1524,0.1388
145,1373,1518,0.1388
143,1377,1520,0.1388
148,1375,1523,0.1388
150,1370,1520,0.1388
152,1381,1533,0.1388
146,1380,1526,0.1388
146,1370,1516,0.1388
148,1370,1518,0.1388
148,1361,1509,0.1388
151,1372,1523,0.1388
148,1381,1529,0.1388
151,1365,1516,0.1388
151,1368,1519,0.1388
151,1370,1521,0.1388
150,1354,1504,0.1388
147,1354,1501,0.1388
149,1365,1514,0.1388
149,1373,1522,0.1388
147,1377,1524,0.1388
147,1372,1519,0.1388
150,1367,1517,0.1388
148,1367,1515,0.1388
152,1360,1512,0.1388
151,1364,1515,0.1388
151,1366,1517,0.1388
149,1358,1507,0.1388
149,1363,1512,0.1388
148,1362,1510,0.1388
149,1370,1519,0.1388
149,1369,1518,0.1388
147,1364,1511,0.1388
148,1362,1510,0.1388
147,1375,1522,0.1388
147,1360,1507,0.1388
149,1369,1518,0.1388
150,1372,1522,0.1388
148,1362,1510,0.1388
146,1369,1515,0.1388
146,1368,1514,0.1388
144,1367,1511,0.1388
142,1369,1511,0.1388
142,1360,1502,0.1388
143,1371,1514,0.1388
144,1376,1520,0.1388
146,1378,1524,0.1388
142,1375,1517,0.1388
146,1373,1519,0.1388
146,1365,1511,0.1388
147,1371,1518,0.1388
149,1376,1525,0.1388
149,1376,1525,0.1388
149,1377,1526,0.1388
142,1376,1518,0.1388
141,1389,1530,0.1388
140,1369,1509,0.1388
143,1363,1506,0.1388
147,1376,1523,0.1388
148,1376,1524,0.1388
149,1370,1519,0.1388
147,1371,1518,0.1388
147,1383,1530,0.1388
143,1376,1519,0.1388
149,1370,1519,0.1388
145,1369,1514,0.1388
146,1376,1522,0.1388
144,1378,1522,0.1388
146,1371,1517,0.1388
147,1375,1522,0.1388
148,1366,1514,0.1388
147,1367,1514,0.1388
145,1372,1517,0.1388
145,1372,1517,0.1388
147,1378,1525,0.1388
148,1375,1523,0.1388
143,1377,1520,0.1388
144,1371,1515,0.1388
144,1375,1519,0.1388
142,1381,1523,0.1388
144,1398,1542,0.1388
144,1384,1528,0.1388
140,1372,1512,0.1388
137,1375,1512,0.1388
142,1373,1515,0.1388
140,1369,1509,0.1388
138,1373,1511,0.1388
143,1373,1516,0.1388
142,1370,1512,0.1388
143,1359,1502,0.1388
144,1369,1513,0.1388
142,1377,1519,0.1388
147,1356,1503,0.1388
148,1355,1503,0.1388
148,1353,1501,0.1388
151,1353,1504,0.1388
149,1360,1509,0.1388
149,1361,1510,0.1388
146,1349,1495,0.1388
144,1360,1504,0.1388
145,1366,1511,0.1388
144,1365,1509,0.1388
144,1357,1501,0.1388
146,1375,1521,0.1388
148,1377,1525,0.1388
144,1373,1517,0.1388
145,1375,1520,0.1388
143,1372,1515,0.1388
139,1368,1507,0.1388
142,1366,1508,0.1388
147,1369,1516,0.1388
153,1357,1510,0.1388
153,1364,1517,0.1388
153,1372,1525,0.1388
145,1371,1516,0.1388
146,1377,1523,0.1388
147,1373,1520,0.1388
149,1371,1520,0.1388
149,1373,1522,0.1388
146,1376,1522,0.1388
147,1366,1513,0.1388
147,1380,1527,0.1388
146,1378,1524,0.1388
149,1375,1524,0.1388
144,1375,1519,0.1388
142,1382,1524,0.1388
144,1377,1521,0.1388
142,1380,1522,0.1388
142,1398,1540,0.1388
144,1398,1542,0.1388
142,1384,1526,0.1388
139,1376,1515,0.1388
135,1386,1521,0.1388
137,1384,1521,0.1388
139,1370,1509,0.1388
139,1375,1514,0.1388
136,1381,1517,0.1388
141,1372,1513,0.1388
143,1369,1512,0.1388
144,1369,1513,0.1388
148,1366,1514,0.1388
146,1376,1522,0.1388
143,1380,1523,0.1388
144,1384,1528,0.1388
143,1379,1522,0.1388
147,1383,1530,0.1388
146,1386,1532,0.1388
146,1379,1525,0.1388
144,1383,1527,0.1388
145,1376,1521,0.1388
146,1379,1525,0.1388
146,1391,1537,0.1388
145,1379,1524,0.1388
144,1377,1521,0.1388
145,1387,1532,0.1388
142,1379,1521,0.1388
143,1388,1531,0.1388
140,1380,1520,0.1388
140,1372,1512,0.1388
140,1369,1509,0.1388
142,1376,1518,0.1388
142,1372,1514,0.1388
142,1375,1517,0.1388
147,1378,1525,0.1388
145,1391,1536,0.1388
143,1386,1529,0.1388
141,1381,1522,0.1388
142,1371,1513,0.1388
143,1364,1507,0.1388
146,1356,1502,0.1388
145,1373,1518,0.1388
148,1368,1516,0.1388
144,1366,1510,0.1388
142,1375,1517,0.1388
142,1379,1521,0.1388
139,1365,1504,0.1388
140,1365,1505,0.1388
145,1363,1508,0.1388
147,1364,1511,0.1388
147,1368,1515,0.1388
146,1371,1517,0.1388
146,1367,1513,0.1388
150,1377,1527,0.1388
147,1379,1526,0.1388
144,1371,1515,0.1388
139,1374,1513,0.1388
145,1373,1518,0.1388
146,1385,1531,0.1388
146,1372,1518,0.1388
148,1381,1529,0.1388
144,1381,1525,0.1388
141,1379,1520,0.1388
145,1386,1531,0.1388
141,1397,1538,0.1388
139,1384,1523,0.1388
141,1389,1530,0.1388
145,1380,1525,0.1388
144,1386,1530,0.1388
139,1381,1520,0.1388
138,1396,1534,0.1388
133,1394,1527,0.1388
133,1392,1525,0.1388
134,1393,1527,0.1388
136,1384,1520,0.1388
132,1389,1521,0.1388
134,1392,1526,0.1388
138,1381,1519,0.1388
136,1375,1511,0.1388
136,1378,1514,0.1388
137,1378,1515,0.1388
139,1376,1515,0.1388
137,1362,1499,0.1388
138,1373,1511,0.1388
136,1379,1515,0.1388
131,1383,1514,0.1388
131,1381,1512,0.1388
131,1372,1503,0.1388
133,1386,1519,0.1388
128,1378,1506,0.1388
127,1374,1501,0.1388
126,1377,1503,0.1388
127,1382,1509,0.1388
126,1381,1507,0.1388
129,1386,1515,0.1388
125,1383,1508,0.1388
126,1390,1516,0.1388
124,1391,1515,0.1388
125,1390,1515,0.1388
122,1394,1516,0.1388
123,1385,1508,0.1388
124,1388,1512,0.1388
129,1397,1526,0.1388
131,1388,1519,0.1388
130,1373,1503,0.1388
132,1391,1523,0.1388
132,1386,1518,0.1388
130,1390,1520,0.1388
126,1385,1511,0.1388
124,1382,1506,0.1388
127,1395,1522,0.1388
129,1401,1530,0.1388
126,1380,1506,0.1388
125,1381,1506,0.1388
129,1389,1518,0.1388
131,1391,1522,0.1388
129,1377,1506,0.1388
131,1387,1518,0.1388
132,1387,1519,0.1388
132,1397,1529,0.1388
130,1391,1521,0.1388
125,1394,1519,0.1388
125,1383,1508,0.1388
126,1395,1521,0.1388
127,1397,1524,0.1388
130,1387,1517,0.1388
129,1383,1512,0.1388
127,1386,1513,0.1388
129,1395,1524,0.1388
128,1388,1516,0.1388
129,1392,1521,0.1388
128,1385,1513,0.1388
126,1405,1531,0.1388
122,1410,1532,0.1388
124,1399,1523,0.1388
123,1396,1519,0.1388
126,1394,1520,0.1388
129,1393,1522,0.1388
128,1398,1526,0.1388
126,1395,1521,0.1388
124,1397,1521,0.1388
124,1401,1525,0.1388
127,1404,1531,0.1388
122,1402,1524,0.1388
127,1391,1518,0.1388
126,1394,1520,0.1388
126,1408,1534,0.1388
128,1395,1523,0.1388
127,1388,1515,0.1388
129,1396,1525,0.1388
129,1395,1524,0.1388
127,1395,1522,0.1388
127,1390,1517,0.1388
128,1385,1513,0.1388
130,1384,1514,0.1388
126,1390,1516,0.1388
126,1387,1513,0.1388
127,1386,1513,0.1388
129,1381,1510,0.1388
130,1375,1505,0.1388
126,1380,1506,0.1388
129,1374,1503,0.1388
129,1384,1513,0.1388
129,1402,1531,0.1388
131,1395,1526,0.1388
129,1391,1520,0.1388
128,1386,1514,0.1388
125,1391,1516,0.1388
131,1401,1532,0.1388
130,1397,1527,0.1388
128,1390,1518,0.1388
131,1396,1527,0.1388
127,1394,1521,0.1388
133,1380,1513,0.1388
131,1386,1517,0.1388
130,1378,1508,0.1388
127,1382,1509,0.1388
127,1388,1515,0.1388
126,1391,1517,0.1388
130,1376,1506,0.1388
134,1396,1530,0.1388
131,1386,1517,0.1388
126,1384,1510,0.1388
128,1382,1510,0.1388
126,1367,1493,0.1388
127,1376,1503,0.1388
131,1375,1506,0.1388
134,1373,1507,0.1388
130,1384,1514,0.1388
129,1376,1505,0.1388
128,1383,1511,0.1388
126,1382,1508,0.1388
131,1384,1515,0.1388
131,1379,1510,0.1388
133,1376,1509,0.1388
130,1362,1492,0.1388
129,1362,1491,0.1388
132,1380,1512,0.1388
133,1396,1529,0.1388
136,1386,1522,0.1388
133,1387,1520,0.1388
135,1387,1522,0.1388
132,1381,1513,0.1388
129,1370,1499,0.1388
131,1363,1494,0.1388
130,1370,1500,0.1388
131,1377,1508,0.1388
136,1378,1514,0.1388
134,1386,1520,0.1388
136,1385,1521,0.1388
137,1384,1521,0.1388
137,1381,1518,0.1388
140,1395,1535,0.1388
137,1393,1530,0.1388
133,1382,1515,0.1388
135,1378,1513,0.1388
134,1377,1511,0.1388
134,1381,1515,0.1388
131,1384,1515,0.1388
127,1390,1517,0.1388
125,1394,1519,0.1388
125,1393,1518,0.1388
125,1397,1522,0.1388
124,1400,1524,0.1388
123,1399,1522,0.1388
125,1392,1517,0.1388
124,1390,1514,0.1388
128,1375,1503,0.1388
130,1387,1517,0.1388
128,1379,1507,0.1388
132,1365,1497,0.1388
130,1367,1497,0.1388
123,1383,1506,0.1388
128,1387,1515,0.1388
132,1387,1519,0.1388
129,1383,1512,0.1388
128,1396,1524,0.1388
132,1382,1514,0.1388
128,1374,1502,0.1388
122,1377,1499,0.1388
122,1399,1521,0.1388
120,1405,1525,0.1388
120,1399,1519,0.1388
119,1396,1515,0.1388
121,1385,1506,0.1388
122,1388,1510,0.1388
121,1375,1496,0.1388
122,1389,1511,0.1388
128,1386,1514,0.1388
128,1383,1511,0.1388
129,1386,1515,0.1388
129,1369,1498,0.1388
132,1370,1502,0.1388
133,1371,1504,0.1388
132,1373,1505,0.1388
129,1377,1506,0.1388
125,1360,1485,0.1388
128,1372,1500,0.1388
126,1382,1508,0.1388
127,1381,1508,0.1388
127,1389,1516,0.1388
129,1392,1521,0.1388
130,1390,1520,0.1388
128,1397,1525,0.1388
128,1403,1531,0.1388
126,1400,1526,0.1388
125,1401,1526,0.1388
122,1393,1515,0.1388
124,1398,1522,0.1388
125,1414,1539,0.1388
122,1398,1520,0.1388
127,1383,1510,0.1388
125,1388,1513,0.1388
126,1386,1512,0.1388
123,1393,1516,0.1388
123,1395,1518,0.1388
121,1399,1520,0.1388
121,1398,1519,0.1388
124,1393,1517,0.1388
126,1397,1523,0.1388
124,1389,1513,0.1388
123,1383,1506,0.1388
123,1404,1527,0.1388
120,1399,1519,0.1388
122,1410,1532,0.1388
122,1412,1534,0.1388
120,1417,1537,0.1388
117,1394,1511,0.1388
116,1391,1507,0.1388
116,1411,1527,0.1388
118,1410,1528,0.1388
115,1415,1530,0.1388
117,1404,1521,0.1388
112,1402,1514,0.1388
113,1402,1515,0.1388
112,1405,1517,0.1388
113,1402,1515,0.1388
114,1399,1513,0.1388
112,1410,1522,0.1388
112,1410,1522,0.1388
111,1405,1516,0.1388
108,1396,1504,0.1388
109,1395,1504,0.1388
109,1390,1499,0.1388
109,1394,1503,0.1388
106,1396,1502,0.1388
105,1399,1504,0.1388
106,1403,1509,0.1388
108,1403,1511,0.1388
107,1413,1520,0.1388
108,1407,1515,0.1388
106,1406,1512,0.1388
107,1405,1512,0.1388
108,1403,1511,0.1388
108,1410,1518,0.1388
106,1413,1519,0.1388
104,1410,1514,0.1388
102,1412,1514,0.1388
102,1420,1522,0.1388
102,1416,1518,0.1388
101,1422,1523,0.1388
104,1411,1515,0.1388
106,1403,1509,0.1388
104,1402,1506,0.1388
105,1410,1515,0.1388
105,1400,1505,0.1388
104,1399,1503,0.1388
107,1395,1502,0.1388
113,1399,1512,0.1388
109,1407,1516,0.1388
107,1408,1515,0.1388
105,1416,1521,0.1388
103,1417,1520,0.1388
101,1412,1513,0.1388
101,1410,1511,0.1388
104,1403,1507,0.1388
101,1393,1494,0.1388
107,1402,1509,0.1388
107,1400,1507,0.1388
110,1401,1511,0.1388
111,1399,1510,0.1388
110,1412,1522,0.1388
108,1410,1518,0.1388
111,1416,1527,0.1388
109,1406,1515,0.1388
108,1419,1527,0.1388
110,1398,1508,0.1388
116,1408,1524,0.1388
116,1411,1527,0.1388
113,1416,1529,0.1388
116,1415,1531,0.1388
115,1405,1520,0.1388
115,1393,1508,0.1388
115,1407,1522,0.1388
112,1412,1524,0.1388
114,1402,1516,0.1388
112,1412,1524,0.1388
111,1405,1516,0.1388
112,1403,1515,0.1388
112,1406,1518,0.1388
106,1401,1507,0.1388
109,1397,1506,0.1388
108,1400,1508,0.1388
102,1409,1511,0.1388
102,1403,1505,0.1388
102,1414,1516,0.1388
104,1413,1517,0.1388
108,1409,1517,0.1388
109,1411,1520,0.1388
110,1401,1511,0.1388
107,1408,1515,0.1388
106,1402,1508,0.1388
106,1409,1515,0.1388
104,1402,1506,0.1388
108,1413,1521,0.1388
103,1407,1510,0.1388
106,1413,1519,0.1388
110,1421,1531,0.1388
105,1409,1514,0.1388
103,1413,1516,0.1388
110,1406,1516,0.1388
111,1406,1517,0.1388
110,1410,1520,0.1388
110,1411,1521,0.1388
110,1409,1519,0.1388
107,1414,1521,0.1388
109,1414,1523,0.1388
108,1402,1510,0.1388
113,1396,1509,0.1388
109,1403,1512,0.1388
112,1407,1519,0.1388
107,1405,1512,0.1388
111,1399,1510,0.1388
111,1411,1522,0.1388
109,1410,1519,0.1388
107,1401,1508,0.1388
105,1390,1495,0.1388
107,1400,1507,0.1388
107,1402,1509,0.1388
112,1404,1516,0.1388
113,1398,1511,0.1388
108,1410,1518,0.1388
106,1411,1517,0.1388
107,1408,1515,0.1388
104,1417,1521,0.1388
101,1424,1525,0.1388
98,1414,1512,0.1388
101,1414,1515,0.1388
102,1405,1507,0.1388
104,1407,1511,0.1388
104,1407,1511,0.1388
102,1428,1530,0.1388
103,1439,1542,0.1388
102,1437,1539,0.1388
99,1432,1531,0.1388
98,1421,1519,0.1388
98,1411,1509,0.1388
98,1416,1514,0.1388
95,1414,1509,0.1388
97,1422,1519,0.1388
97,1430,1527,0.1388
98,1432,1530,0.1388
94,1416,1510,0.1388
96,1401,1497,0.1388
95,1405,1500,0.1388
95,1411,1506,0.1388
92,1411,1503,0.1388
92,1414,1506,0.1388
93,1410,1503,0.1388
90,1416,1506,0.1388
90,1423,1513,0.1388
93,1411,1504,0.1388
96,1423,1519,0.1388
98,1431,1529,0.1388
96,1430,1526,0.1388
100,1428,1528,0.1388
98,1417,1515,0.1388
95,1405,1500,0.1388
93,1417,1510,0.1388
93,1420,1513,0.1388
93,1429,1522,0.1388
94,1419,1513,0.1388
93,1438,1531,0.1388
94,1443,1537,0.1388
93,1435,1528,0.1388
91,1436,1527,0.1388
93,1411,1504,0.1388
89,1419,1508,0.1388
86,1421,1507,0.1388
85,1420,1505,0.1388
86,1425,1511,0.1388
85,1434,1519,0.1388
82,1440,1522,0.1388
82,1440,1522,0.1388
84,1433,1517,0.1388
84,1430,1514,0.1388
83,1435,1518,0.1388
83,1436,1519,0.1388
81,1437,1518,0.1388
78,1430,1508,0.1388
82,1421,1503,0.1388
80,1408,1488,0.1388
80,1419,1499,0.1388
81,1433,1514,0.1388
79,1424,1503,0.1388
80,1424,1504,0.1388
83,1429,1512,0.1388
81,1423,1504,0.1388
79,1430,1509,0.1388
79,1432,1511,0.1388
80,1428,1508,0.1388
81,1427,1508,0.1388
82,1425,1507,0.1388
79,1435,1514,0.1388
78,1447,1525,0.1388
78,1436,1514,0.1388
81,1441,1522,0.1388
80,1445,1525,0.1388
80,1442,1522,0.1388
79,1435,1514,0.1388
84,1429,1513,0.1388
83,1432,1515,0.1388
84,1439,1523,0.1388
85,1439,1524,0.1388
83,1445,1528,0.1388
84,1434,1518,0.1388
85,1441,1526,0.1388
84,1437,1521,0.1388
84,1433,1517,0.1388
81,1438,1519,0.1388
79,1436,1515,0.1388
80,1421,1501,0.1388
83,1432,1515,0.1388
86,1421,1507,0.1388
89,1431,1520,0.1388
88,1421,1509,0.1388
88,1424,1512,0.1388
88,1430,1518,0.1388
90,1433,1523,0.1388
88,1432,1520,0.1388
89,1427,1516,0.1388
90,1423,1513,0.1388
91,1417,1508,0.1388
88,1423,1511,0.1388
86,1432,1518,0.1388
87,1422,1509,0.1388
85,1431,1516,0.1388
85,1431,1516,0.1388
89,1421,1510,0.1388
91,1423,1514,0.1388
88,1430,1518,0.1388
85,1422,1507,0.1388
86,1424,1510,0.1388
87,1435,1522,0.1388
88,1434,1522,0.1388
85,1426,1511,0.1388
81,1425,1506,0.1388
83,1438,1521,0.1388
85,1430,1515,0.1388
87,1424,1511,0.1388
83,1432,1515,0.1388
85,1432,1517,0.1388
87,1424,1511,0.1388
88,1423,1511,0.1388
84,1426,1510,0.1388
84,1437,1521,0.1388
83,1427,1510,0.1388
87,1410,1497,0.1388
89,1418,1507,0.1388
88,1424,1512,0.1388
91,1426,1517,0.1388
92,1422,1514,0.1388
92,1409,1501,0.1388
95,1415,1510,0.1388
93,1406,1499,0.1388
95,1421,1516,0.1388
93,1442,1535,0.1388
92,1444,1536,0.1388
91,1433,1524,0.1388
92,1436,1528,0.1388
91,1430,1521,0.1388
89,1432,1521,0.1388
87,1414,1501,0.1388
85,1422,1507,0.1388
84,1428,1512,0.1388
80,1434,1514,0.1388
83,1428,1511,0.1388
82,1422,1504,0.1388
80,1429,1509,0.1388
84,1421,1505,0.1388
84,1433,1517,0.1388
84,1429,1513,0.1388
87,1431,1518,0.1388
89,1441,1530,0.1388
88,1428,1516,0.1388
90,1430,1520,0.1388
91,1429,1520,0.1388
91,1446,1537,0.1388
92,1444,1536,0.1388
92,1433,1525,0.1388
90,1434,1524,0.1388
92,1427,1519,0.1388
90,1429,1519,0.1388
92,1442,1534,0.1388
88,1432,1520,0.1388
87,1433,1520,0.1388
84,1428,1512,0.1388
85,1429,1514,0.1388
88,1427,1515,0.1388
85,1433,1518,0.1388
85,1439,1524,0.1388
86,1439,1525,0.1388
86,1424,1510,0.1388
87,1419,1506,0.1388
83,1423,1506,0.1388
84,1423,1507,0.1388
85,1432,1517,0.1388
84,1435,1519,0.1388
81,1426,1507,0.1388
84,1418,1502,0.1388
83,1422,1505,0.1388
84,1427,1511,0.1388
83,1444,1527,0.1388
80,1432,1512,0.1388
79,1437,1516,0.1388
76,1434,1510,0.1388
78,1436,1514,0.1388
79,1428,1507,0.1388
83,1430,1513,0.1388
82,1433,1515,0.1388
82,1442,1524,0.1388
83,1431,1514,0.1388
82,1426,1508,0.1388
81,1434,1515,0.1388
82,1441,1523,0.1388
82,1425,1507,0.1388
82,1425,1507,0.1388
81,1427,1508,0.1388
81,1422,1503,0.1388
82,1440,1522,0.1388
78,1439,1517,0.1388
79,1431,1510,0.1388
81,1438,1519,0.1388
78,1425,1503,0.1388
78,1424,1502,0.1388
78,1431,1509,0.1388
78,1432,1510,0.1388
80,1425,1505,0.1388
79,1416,1495,0.1388
80,1424,1504,0.1388
81,1425,1506,0.1388
79,1428,1507,0.1388
79,1431,1510,0.1388
80,1433,1513,0.1388
80,1437,1517,0.1388
76,1436,1512,0.1388
76,1441,1517,0.1388
79,1436,1515,0.1388
79,1421,1500,0.1388
78,1422,1500,0.1388
77,1431,1508,0.1388
80,1441,1521,0.1388
80,1436,1516,0.1388
78,1429,1507,0.1388
84,1433,1517,0.1388
84,1439,1523,0.1388
84,1427,1511,0.1388
85,1439,1524,0.1388
82,1432,1514,0.1388
84,1430,1514,0.1388
84,1433,1517,0.1388
84,1433,1517,0.1388
85,1439,1524,0.1388
85,1432,1517,0.1388
84,1452,1536,0.1388
85,1439,1524,0.1388
84,1438,1522,0.1388
85,1431,1516,0.1388
85,1432,1517,0.1388
84,1426,1510,0.1388
84,1426,1510,0.1388
84,1430,1514,0.1388
84,1423,1507,0.1388
87,1412,1499,0.1388
89,1412,1501,0.1388
88,1411,1499,0.1388
86,1417,1503,0.1388
85,1418,1503,0.1388
83,1415,1498,0.1388
81,1414,1495,0.1388
83,1425,1508,0.1388
86,1421,1507,0.1388
86,1423,1509,0.1388
88,1425,1513,0.1388
87,1424,1511,0.1388
87,1421,1508,0.1388
89,1426,1515,0.1388
88,1435,1523,0.1388
84,1423,1507,0.1388
85,1425,1510,0.1388
84,1429,1513,0.1388
82,1445,1527,0.1388
81,1444,1525,0.1388
80,1430,1510,0.1388
77,1430,1507,0.1388
79,1440,1519,0.1388
83,1443,1526,0.1388
86,1435,1521,0.1388
85,1446,1531,0.1388
81,1430,1511,0.1388
82,1435,1517,0.1388
81,1433,1514,0.1388
80,1419,1499,0.1388
81,1427,1508,0.1388
82,1423,1505,0.1388
83,1430,1513,0.1388
86,1426,1512,0.1388
85,1430,1515,0.1388
84,1423,1507,0.1388
81,1435,1516,0.1388
79,1438,1517,0.1388
79,1435,1514,0.1388
79,1446,1525,0.1388
80,1438,1518,0.1388
82,1432,1514,0.1388
79,1435,1514,0.1388
77,1429,1506,0.1388
81,1435,1516,0.1388
84,1429,1513,0.1388
85,1426,1511,0.1388
85,1443,1528,0.1388
83,1438,1521,0.1388
84,1432,1516,0.1388
84,1441,1525,0.1388
86,1431,1517,0.1388
86,1421,1507,0.1388
86,1431,1517,0.1388
86,1429,1515,0.1388
82,1424,1506,0.1388
84,1427,1511,0.1388
83,1430,1513,0.1388
87,1428,1515,0.1388
84,1423,1507,0.1388
84,1426,1510,0.1388
86,1429,1515,0.1388
88,1431,1519,0.1388
86,1435,1521,0.1388
88,1442,1530,0.1388
86,1443,1529,0.1388
82,1435,1517,0.1388
82,1422,1504,0.1388
82,1420,1502,0.1388
85,1429,1514,0.1388
86,1420,1506,0.1388
89,1424,1513,0.1388
86,1428,1514,0.1388
85,1431,1516,0.1388
83,1431,1514,0.1388
84,1435,1519,0.1388
84,1435,1519,0.1388
86,1428,1514,0.1388
84,1430,1514,0.1388
85,1425,1510,0.1388
86,1411,1497,0.1388
87,1431,1518,0.1388
86,1415,1501,0.1388
87,1422,1509,0.1388
84,1423,1507,0.1388
86,1424,1510,0.1388
87,1432,1519,0.1388
88,1437,1525,0.1388
88,1441,1529,0.1388
86,1444,1530,0.1388
85,1432,1517,0.1388
86,1430,1516,0.1388
86,1434,1520,0.1388
85,1442,1527,0.1388
85,1449,1534,0.1388
85,1434,1519,0.1388
84,1445,1529,0.1388
82,1441,1523,0.1388
80,1434,1514,0.1388
79,1433,1512,0.1388
82,1436,1518,0.1388
81,1424,1505,0.1388
78,1414,1492,0.1388
80,1420,1500,0.1388
82,1410,1492,0.1388
80,1419,1499,0.1388
82,1410,1492,0.1388
82,1419,1501,0.1388
82,1415,1497,0.1388
83,1429,1512,0.1388
79,1439,1518,0.1388
77,1425,1502,0.1388
78,1433,1511,0.1388
82,1431,1513,0.1388
81,1425,1506,0.1388
80,1422,1502,0.1388
81,1416,1497,0.1388
87,1411,1498,0.1388
89,1422,1511,0.1388
92,1423,1515,0.1388
88,1415,1503,0.1388
84,1418,1502,0.1388
84,1427,1511,0.1388
85,1433,1518,0.1388
86,1428,1514,0.1388
84,1428,1512,0.1388
86,1429,1515,0.1388
88,1430,1518,0.1388
88,1424,1512,0.1388
90,1431,1521,0.1388
95,1427,1522,0.1388
93,1428,1521,0.1388
91,1428,1519,0.1388
92,1423,1515,0.1388
91,1424,1515,0.1388
91,1415,1506,0.1388
93,1413,1506,0.1388
95,1417,1512,0.1388
96,1413,1509,0.1388
95,1420,1515,0.1388
91,1421,1512,0.1388
91,1413,1504,0.1388
91,1405,1496,0.1388
89,1413,1502,0.1388
90,1415,1505,0.1388
89,1414,1503,0.1388
85,1419,1504,0.1388
86,1423,1509,0.1388
80,1434,1514,0.1388
82,1432,1514,0.1388
84,1438,1522,0.1388
85,1433,1518,0.1388
88,1441,1529,0.1388
88,1425,1513,0.1388
86,1424,1510,0.1388
86,1427,1513,0.1388
84,1426,1510,0.1388
89,1434,1523,0.1388
86,1428,1514,0.1388
87,1420,1507,0.1388
83,1433,1516,0.1388
84,1428,1512,0.1388
83,1424,1507,0.1388
84,1425,1509,0.1388
82,1428,1510,0.1388
82,1442,1524,0.1388
84,1447,1531,0.1388
86,1434,1520,0.1388
83,1437,1520,0.1388
83,1422,1505,0.1388
82,1415,1497,0.1388
80,1433,1513,0.1388
81,1424,1505,0.1388
81,1432,1513,0.1388
80,1427,1507,0.1388
80,1441,1521,0.1388
79,1433,1512,0.1388
80,1430,1510,0.1388
80,1431,1511,0.1388
81,1437,1518,0.1388
82,1447,1529,0.1388
81,1447,1528,0.1388
81,1447,1528,0.1388
79,1449,1528,0.1388
77,1451,1528,0.1388
80,1442,1522,0.1388
79,1445,1524,0.1388
77,1430,1507,0.1388
78,1442,1520,0.1388
77,1437,1514,0.1388
76,1439,1515,0.1388
75,1446,1521,0.1388
74,1444,1518,0.1388
73,1443,1516,0.1388
76,1446,1522,0.1388
76,1432,1508,0.1388
76,1424,1500,0.1388
75,1428,1503,0.1388
76,1429,1505,0.1388
79,1439,1518,0.1388
83,1438,1521,0.1388
79,1437,1516,0.1388
82,1441,1523,0.1388
83,1432,1515,0.1388
82,1438,1520,0.1388
81,1421,1502,0.1388
81,1429,1510,0.1388
82,1417,1499,0.1388
78,1431,1509,0.1388
80,1426,1506,0.1388
82,1415,1497,0.1388
84,1414,1498,0.1388
83,1423,1506,0.1388
85,1419,1504,0.1388
83,1438,1521,0.1388
84,1437,1521,0.1388
82,1425,1507,0.1388
78,1428,1506,0.1388
79,1427,1506,0.1388
79,1429,1508,0.1388
82,1440,1522,0.1388
81,1443,1524,0.1388
78,1445,1523,0.1388
79,1444,1523,0.1388
78,1447,1525,0.1388
78,1440,1518,0.1388
74,1441,1515,0.1388
75,1433,1508,0.1388
73,1438,1511,0.1388
73,1441,1514,0.1388
73,1441,1514,0.1388
73,1436,1509,0.1388
72,1440,1512,0.1388
73,1438,1511,0.1388
71,1435,1506,0.1388
73,1419,1492,0.1388
71,1420,1491,0.1388
69,1435,1504,0.1388
73,1447,1520,0.1388
70,1437,1507,0.1388
69,1432,1501,0.1388
69,1442,1511,0.1388
71,1438,1509,0.1388
73,1444,1517,0.1388
72,1441,1513,0.1388
74,1446,1520,0.1388
77,1447,1524,0.1388
79,1446,1525,0.1388
78,1440,1518,0.1388
77,1450,1527,0.1388
74,1448,1522,0.1388
72,1446,1518,0.1388
72,1451,1523,0.1388
70,1453,1523,0.1388
74,1452,1526,0.1388
72,1440,1512,0.1388
72,1424,1496,0.1388
75,1437,1512,0.1388
76,1421,1497,0.1388
73,1437,1510,0.1388
73,1439,1512,0.1388
74,1434,1508,0.1388
76,1441,1517,0.1388
77,1456,1533,0.1388
77,1457,1534,0.1388
79,1438,1517,0.1388
78,1441,1519,0.1388
76,1443,1519,0.1388
78,1428,1506,0.1388
75,1436,1511,0.1388
74,1431,1505,0.1388
75,1437,1512,0.1388
74,1435,1509,0.1388
73,1432,1505,0.1388
73,1450,1523,0.1388
73,1458,1531,0.1388
75,1453,1528,0.1388
72,1454,1526,0.1388
74,1460,1534,0.1388
72,1456,1528,0.1388
75,1443,1518,0.1388
77,1451,1528,0.1388
77,1450,1527,0.1388
75,1438,1513,0.1388
74,1440,1514,0.1388
75,1440,1515,0.1388
79,1441,1520,0.1388
77,1448,1525,0.1388
75,1453,1528,0.1388
77,1446,1523,0.1388
77,1435,1512,0.1388
76,1436,1512,0.1388
75,1436,1511,0.1388
75,1434,1509,0.1388
75,1424,1499,0.1388
74,1434,1508,0.1388
74,1446,1520,0.1388
75,1436,1511,0.1388
76,1442,1518,0.1388
77,1438,1515,0.1388
76,1431,1507,0.1388
76,1430,1506,0.1388
77,1427,1504,0.1388
75,1430,1505,0.1388
76,1428,1504,0.1388
75,1439,1514,0.1388
75,1443,1518,0.1388
75,1450,1525,0.1388
76,1451,1527,0.1388
76,1443,1519,0.1388
77,1445,1522,0.1388
75,1449,1524,0.1388
71,1463,1534,0.1388
74,1446,1520,0.1388
73,1445,1518,0.1388
74,1436,1510,0.1388
71,1431,1502,0.1388
71,1437,1508,0.1388
72,1441,1513,0.1388
74,1444,1518,0.1388
73,1446,1519,0.1388
72,1450,1522,0.1388
74,1444,1518,0.1388
73,1439,1512,0.1388
70,1445,1515,0.1388
68,1446,1514,0.1388
68,1461,1529,0.1388
66,1472,1538,0.1388
67,1463,1530,0.1388
68,1460,1528,0.1388
67,1467,1534,0.1388
68,1466,1534,0.1388
67,1463,1530,0.1388
70,1467,1537,0.1388
69,1460,1529,0.1388
69,1465,1534,0.1388
66,1444,1510,0.1388
68,1445,1513,0.1388
65,1445,1510,0.1388
65,1454,1519,0.1388
63,1464,1527,0.1388
65,1483,1548,0.1388
62,1472,1534,0.1388
62,1466,1528,0.1388
61,1455,1516,0.1388
59,1451,1510,0.1388
60,1457,1517,0.1388
61,1460,1521,0.1388
59,1465,1524,0.1388
61,1457,1518,0.1388
62,1460,1522,0.1388
63,1467,1530,0.1388
62,1472,1534,0.1388
62,1461,1523,0.1388
61,1455,1516,0.1388
61,1460,1521,0.1388
61,1468,1529,0.1388
61,1463,1524,0.1388
59,1468,1527,0.1388
59,1470,1529,0.1388
60,1455,1515,0.1388
59,1462,1521,0.1388
58,1456,1514,0.1388
57,1453,1510,0.1388
60,1445,1505,0.1388
61,1446,1507,0.1388
62,1444,1506,0.1388
63,1458,1521,0.1388
60,1459,1519,0.1388
60,1459,1519,0.1388
61,1464,1525,0.1388
62,1456,1518,0.1388
61,1466,1527,0.1388
60,1450,1510,0.1388
58,1430,1488,0.1388
59,1438,1497,0.1388
61,1442,1503,0.1388
60,1447,1507,0.1388
58,1444,1502,0.1388
59,1452,1511,0.1388
59,1451,1510,0.1388
60,1450,1510,0.1388
60,1442,1502,0.1388
59,1452,1511,0.1388
58,1450,1508,0.1388
57,1453,1510,0.1388
57,1461,1518,0.1388
56,1458,1514,0.1388
56,1467,1523,0.1388
55,1463,1518,0.1388
55,1473,1528,0.1388
55,1467,1522,0.1388
55,1470,1525,0.1388
53,1466,1519,0.1388
53,1468,1521,0.1388
54,1463,1517,0.1388
53,1466,1519,0.1388
52,1472,1524,0.1388
52,1467,1519,0.1388
53,1490,1543,0.1388
53,1474,1527,0.1388
53,1467,1520,0.1388
53,1471,1524,0.1388
53,1470,1523,0.1388
53,1465,1518,0.1388
54,1481,1535,0.1388
53,1473,1526,0.1388
53,1479,1532,0.1388
51,1472,1523,0.1388
51,1468,1519,0.1388
52,1464,1516,0.1388
51,1470,1521,0.1388
51,1474,1525,0.1388
51,1471,1522,0.1388
48,1468,1516,0.1388
48,1464,1512,0.1388
48,1468,1516,0.1388
49,1468,1517,0.1388
51,1481,1532,0.1388
51,1477,1528,0.1388
50,1483,1533,0.1388
49,1475,1524,0.1388
48,1479,1527,0.1388
44,1469,1513,0.1388
45,1470,1515,0.1388
47,1471,1518,0.1388
46,1486,1532,0.1388
46,1476,1522,0.1388
47,1476,1523,0.1388
49,1475,1524,0.1388
50,1465,1515,0.1388
47,1466,1513,0.1388
45,1473,1518,0.1388
46,1475,1521,0.1388
47,1471,1518,0.1388
48,1458,1506,0.1388
49,1456,1505,0.1388
49,1454,1503,0.1388
50,1454,1504,0.1388
51,1452,1503,0.1388
50,1456,1506,0.1388
50,1460,1510,0.1388
51,1460,1511,0.1388
53,1457,1510,0.1388
53,1443,1496,0.1388
51,1460,1511,0.1388
51,1465,1516,0.1388
50,1470,1520,0.1388
48,1457,1505,0.1388
48,1452,1500,0.1388
48,1467,1515,0.1388
48,1466,1514,0.1388
47,1476,1523,0.1388
46,1465,1511,0.1388
43,1474,1517,0.1388
43,1481,1524,0.1388
42,1470,1512,0.1388
43,1465,1508,0.1388
44,1466,1510,0.1388
45,1472,1517,0.1388
44,1466,1510,0.1388
46,1474,1520,0.1388
45,1479,1524,0.1388
48,1465,1513,0.1388
48,1482,1530,0.1388
45,1463,1508,0.1388
45,1469,1514,0.1388
45,1464,1509,0.1388
43,1476,1519,0.1388
43,1464,1507,0.1388
44,1458,1502,0.1388
43,1448,1491,0.1388
41,1459,1500,0.1388
41,1467,1508,0.1388
42,1465,1507,0.1388
43,1461,1504,0.1388
42,1466,1508,0.1388
45,1464,1509,0.1388
46,1462,1508,0.1388
46,1456,1502,0.1388
48,1458,1506,0.1388
49,1453,1502,0.1388
50,1447,1497,0.1388
49,1449,1498,0.1388
50,1463,1513,0.1388
50,1485,1535,0.1388
48,1485,1533,0.1388
48,1469,1517,0.1388
49,1469,1518,0.1388
48,1466,1514,0.1388
49,1465,1514,0.1388
48,1470,1518,0.1388
47,1469,1516,0.1388
47,1470,1517,0.1388
47,1461,1508,0.1388
47,1464,1511,0.1388
47,1452,1499,0.1388
46,1443,1489,0.1388
46,1461,1507,0.1388
45,1464,1509,0.1388
45,1470,1515,0.1388
47,1483,1530,0.1388
47,1485,1532,0.1388
47,1482,1529,0.1388
47,1469,1516,0.1388
45,1452,1497,0.1388
46,1465,1511,0.1388
46,1465,1511,0.1388
45,1469,1514,0.1388
41,1464,1505,0.1388
44,1458,1502,0.1388
46,1463,1509,0.1388
42,1468,1510,0.1388
40,1472,1512,0.1388
41,1472,1513,0.1388
40,1478,1518,0.1388
41,1493,1534,0.1388
43,1489,1532,0.1388
43,1499,1542,0.1388
38,1489,1527,0.1388
38,1483,1521,0.1388
37,1471,1508,0.1388
40,1475,1515,0.1388
38,1482,1520,0.1388
37,1471,1508,0.1388
39,1468,1507,0.1388
41,1471,1512,0.1388
39,1463,1502,0.1388
40,1473,1513,0.1388
39,1473,1512,0.1388
35,1461,1496,0.1388
38,1462,1500,0.1388
38,1472,1510,0.1388
39,1475,1514,0.1388
37,1470,1507,0.1388
37,1481,1518,0.1388
37,1467,1504,0.1388
35,1465,1500,0.1388
33,1465,1498,0.1388
32,1478,1510,0.1388
31,1482,1513,0.1388
32,1469,1501,0.1388
34,1475,1509,0.1388
36,1487,1523,0.1388
35,1483,1518,0.1388
34,1485,1519,0.1388
34,1481,1515,0.1388
35,1462,1497,0.1388
32,1477,1509,0.1388
34,1484,1518,0.1388
33,1479,1512,0.1388
32,1482,1514,0.1388
32,1476,1508,0.1388
34,1477,1511,0.1388
33,1483,1516,0.1388
33,1483,1516,0.1388
33,1480,1513,0.1388
33,1472,1505,0.1388
31,1492,1523,0.1388
33,1492,1525,0.1388
33,1492,1525,0.1388
32,1486,1518,0.1388
33,1489,1522,0.1388
34,1492,1526,0.1388
36,1499,1535,0.1388
36,1478,1514,0.1388
34,1483,1517,0.1388
35,1480,1515,0.1388
36,1467,1503,0.1388
35,1479,1514,0.1388
35,1475,1510,0.1388
36,1472,1508,0.1388
37,1473,1510,0.1388
36,1477,1513,0.1388
37,1494,1531,0.1388
37,1495,1532,0.1388
37,1496,1533,0.1388
37,1489,1526,0.1388
37,1486,1523,0.1388
39,1483,1522,0.1388
40,1486,1526,0.1388
42,1481,1523,0.1388
43,1470,1513,0.1388
42,1471,1513,0.1388
42,1473,1515,0.1388
41,1457,1498,0.1388
41,1473,1514,0.1388
40,1459,1499,0.1388
41,1465,1506,0.1388
42,1464,1506,0.1388
43,1473,1516,0.1388
40,1474,1514,0.1388
39,1469,1508,0.1388
40,1475,1515,0.1388
39,1471,1510,0.1388
41,1466,1507,0.1388
42,1467,1509,0.1388
42,1468,1510,0.1388
40,1461,1501,0.1388
39,1467,1506,0.1388
42,1484,1526,0.1388
42,1484,1526,0.1388
43,1480,1523,0.1388
42,1489,1531,0.1388
42,1479,1521,0.1388
41,1476,1517,0.1388
41,1475,1516,0.1388
41,1474,1515,0.1388
41,1488,1529,0.1388
39,1467,1506,0.1388
39,1465,1504,0.1388
38,1476,1514,0.1388
40,1475,1515,0.1388
40,1472,1512,0.1388
40,1474,1514,0.1388
39,1478,1517,0.1388
40,1466,1506,0.1388
37,1477,1514,0.1388
36,1482,1518,0.1388
37,1478,1515,0.1388
39,1466,1505,0.1388
38,1469,1507,0.1388
41,1471,1512,0.1388
41,1481,1522,0.1388
39,1468,1507,0.1388
39,1483,1522,0.1388
39,1487,1526,0.1388
40,1479,1519,0.1388
38,1481,1519,0.1388
39,1481,1520,0.1388
40,1477,1517,0.1388
41,1468,1509,0.1388
38,1471,1509,0.1388
37,1461,1498,0.1388
38,1467,1505,0.1388
38,1464,1502,0.1388
38,1465,1503,0.1388
37,1471,1508,0.1388
34,1474,1508,0.1388
33,1471,1504,0.1388
34,1480,1514,0.1388
35,1477,1512,0.1388
34,1483,1517,0.1388
31,1482,1513,0.1388
34,1491,1525,0.1388
34,1484,1518,0.1388
33,1487,1520,0.1388
36,1471,1507,0.1388
37,1459,1496,0.1388
38,1481,1519,0.1388
36,1478,1514,0.1388
36,1468,1504,0.1388
36,1489,1525,0.1388
35,1490,1525,0.1388
34,1482,1516,0.1388
35,1482,1517,0.1388
36,1482,1518,0.1388
35,1490,1525,0.1388
35,1489,1524,0.1388
35,1483,1518,0.1388
34,1476,1510,0.1388
34,1479,1513,0.1388
33,1478,1511,0.1388
32,1486,1518,0.1388
32,1487,1519,0.1388
30,1483,1513,0.1388
33,1484,1517,0.1388
33,1482,1515,0.1388
32,1481,1513,0.1388
32,1483,1515,0.1388
32,1472,1504,0.1388
30,1458,1488,0.1388
29,1478,1507,0.1388
29,1482,1511,0.1388
30,1485,1515,0.1388
31,1491,1522,0.1388
31,1491,1522,0.1388
30,1472,1502,0.1388
31,1483,1514,0.1388
32,1486,1518,0.1388
33,1494,1527,0.1388
33,1491,1524,0.1388
34,1504,1538,0.1388
34,1497,1531,0.1388
34,1481,1515,0.1388
33,1485,1518,0.1388
32,1484,1516,0.1388
31,1472,1503,0.1388
31,1473,1504,0.1388
32,1476,1508,0.1388
33,1479,1512,0.1388
31,1492,1523,0.1388
32,1475,1507,0.1388
31,1477,1508,0.1388
31,1478,1509,0.1388
32,1486,1518,0.1388
31,1488,1519,0.1388
30,1483,1513,0.1388
33,1485,1518,0.1388
32,1485,1517,0.1388
32,1476,1508,0.1388
30,1479,1509,0.1388
31,1473,1504,0.1388
31,1485,1516,0.1388
32,1467,1499,0.1388
30,1480,1510,0.1388
30,1484,1514,0.1388
29,1489,1518,0.1388
29,1489,1518,0.1388
29,1487,1516,0.1388
29,1495,1524,0.1388
29,1494,1523,0.1388
31,1476,1507,0.1388
30,1472,1502,0.1388
29,1471,1500,0.1388
29,1469,1498,0.1388
29,1482,1511,0.1388
30,1498,1528,0.1388
31,1487,1518,0.1388
32,1494,1526,0.1388
32,1485,1517,0.1388
31,1499,1530,0.1388
30,1498,1528,0.1388
30,1491,1521,0.1388
27,1502,1529,0.1388
26,1494,1520,0.1388
26,1496,1522,0.1388
27,1506,1533,0.1388
26,1494,1520,0.1388
26,1501,1527,0.1388
28,1498,1526,0.1388
28,1482,1510,0.1388
29,1487,1516,0.1388
30,1484,1514,0.1388
29,1489,1518,0.1388
28,1496,1524,0.1388
28,1496,1524,0.1388
28,1479,1507,0.1388
29,1485,1514,0.1388
29,1484,1513,0.1388
29,1490,1519,0.1388
29,1474,1503,0.1388
29,1484,1513,0.1388
29,1495,1524,0.1388
30,1496,1526,0.1388
28,1481,1509,0.1388
28,1491,1519,0.1388
27,1482,1509,0.1388
28,1486,1514,0.1388
28,1485,1513,0.1388
27,1477,1504,0.1388
30,1462,1492,0.1388
31,1465,1496,0.1388
30,1480,1510,0.1388
32,1473,1505,0.1388
30,1483,1513,0.1388
28,1489,1517,0.1388
28,1496,1524,0.1388
28,1500,1528,0.1388
28,1501,1529,0.1388
29,1496,1525,0.1388
29,1485,1514,0.1388
29,1494,1523,0.1388
29,1497,1526,0.1388
28,1495,1523,0.1388
29,1474,1503,0.1388
30,1473,1503,0.1388
27,1490,1517,0.1388
27,1489,1516,0.1388
28,1478,1506,0.1388
27,1478,1505,0.1388
30,1473,1503,0.1388
29,1461,1490,0.1388
29,1467,1496,0.1388
30,1485,1515,0.1388
31,1487,1518,0.1388
32,1481,1513,0.1388
31,1477,1508,0.1388
31,1475,1506,0.1388
31,1485,1516,0.1388
31,1491,1522,0.1388
32,1478,1510,0.1388
32,1474,1506,0.1388
32,1482,1514,0.1388
31,1494,1525,0.1388
32,1489,1521,0.1388
31,1491,1522,0.1388
32,1482,1514,0.1388
33,1494,1527,0.1388
32,1494,1526,0.1388
31,1486,1517,0.1388
30,1497,1527,0.1388
29,1491,1520,0.1388
28,1483,1511,0.1388
29,1487,1516,0.1388
27,1492,1519,0.1388
29,1489,1518,0.1388
28,1472,1500,0.1388
28,1478,1506,0.1388
27,1484,1511,0.1388
27,1491,1518,0.1388
27,1494,1521,0.1388
27,1493,1520,0.1388
28,1491,1519,0.1388
26,1482,1508,0.1388
26,1479,1505,0.1388
26,1476,1502,0.1388
27,1472,1499,0.1388
26,1484,1510,0.1388
26,1496,1522,0.1388
25,1509,1534,0.1388
24,1503,1527,0.1388
25,1500,1525,0.1388
24,1495,1519,0.1388
25,1498,1523,0.1388
25,1496,1521,0.1388
24,1490,1514,0.1388
25,1498,1523,0.1388
25,1506,1531,0.1388
25,1487,1512,0.1388
26,1472,1498,0.1388
25,1477,1502,0.1388
25,1476,1501,0.1388
25,1487,1512,0.1388
26,1489,1515,0.1388
24,1492,1516,0.1388
24,1494,1518,0.1388
23,1496,1519,0.1388
22,1494,1516,0.1388
21,1489,1510,0.1388
21,1479,1500,0.1388
22,1488,1510,0.1388
22,1490,1512,0.1388
20,1484,1504,0.1388
21,1486,1507,0.1388
22,1487,1509,0.1388
21,1493,1514,0.1388
20,1495,1515,0.1388
21,1488,1509,0.1388
21,1488,1509,0.1388
20,1493,1513,0.1388
18,1483,1501,0.1388
18,1485,1503,0.1388
19,1493,1512,0.1388
18,1490,1508,0.1388
18,1496,1514,0.1388
18,1500,1518,0.1388
18,1498,1516,0.1388
19,1518,1537,0.1388
19,1511,1530,0.1388
18,1510,1528,0.1388
16,1504,1520,0.1388
17,1499,1516,0.1388
15,1504,1519,0.1388
15,1490,1505,0.1388
15,1490,1505,0.1388
14,1505,1519,0.1388
14,1504,1518,0.1388
14,1503,1517,0.1388
14,1507,1521,0.1388
14,1498,1512,0.1388
17,1505,1522,0.1388
17,1519,1536,0.1388
16,1512,1528,0.1388
16,1512,1528,0.1388
16,1507,1523,0.1388
15,1511,1526,0.1388
15,1502,1517,0.1388
13,1495,1508,0.1388
11,1512,1523,0.1388
11,1501,1512,0.1388
11,1503,1514,0.1388
10,1500,1510,0.1388
10,1513,1523,0.1388
9,1517,1526,0.1388
9,1513,1522,0.1388
8,1519,1527,0.1388
10,1506,1516,0.1388
9,1505,1514,0.1388
10,1498,1508,0.1388
11,1486,1497,0.1388
11,1488,1499,0.1388
11,1496,1507,0.1388
12,1507,1519,0.1388
12,1512,1524,0.1388
12,1510,1522,0.1388
12,1518,1530,0.1388
11,1507,1518,0.1388
11,1512,1523,0.1388
11,1514,1525,0.1388
11,1519,1530,0.1388
11,1504,1515,0.1388
10,1506,1516,0.1388
10,1506,1516,0.1388
9,1504,1513,0.1388
10,1490,1500,0.1388
10,1490,1500,0.1388
9,1496,1505,0.1388
9,1497,1506,0.1388
9,1486,1495,0.1388
8,1505,1513,0.1388
8,1513,1521,0.1388
8,1524,1532,0.1388
9,1523,1532,0.1388
9,1516,1525,0.1388
9,1520,1529,0.1388
9,1528,1537,0.1388
10,1525,1535,0.1388
10,1525,1535,0.1388
10,1523,1533,0.1388
10,1510,1520,0.1388
10,1516,1526,0.1388
10,1518,1528,0.1388
10,1509,1519,0.1388
10,1508,1518,0.1388
10,1511,1521,0.1388
10,1506,1516,0.1388
10,1498,1508,0.1388
10,1490,1500,0.1388
10,1490,1500,0.1388
10,1497,1507,0.1388
9,1494,1503,0.1388
8,1495,1503,0.1388
10,1496,1506,0.1388
10,1489,1499,0.1388
10,1497,1507,0.1388
10,1513,1523,0.1388
10,1516,1526,0.1388
10,1517,1527,0.1388
9,1503,1512,0.1388
8,1498,1506,0.1388
8,1495,1503,0.1388
8,1493,1501,0.1388
8,1499,1507,0.1388
8,1507,1515,0.1388
6,1512,1518,0.1388
6,1525,1531,0.1388
7,1508,1515,0.1388
7,1509,1516,0.1388
6,1504,1510,0.1388
6,1503,1509,0.1388
6,1501,1507,0.1388
6,1495,1501,0.1388
7,1517,1524,0.1388
7,1505,1512,0.1388
6,1499,1505,0.1388
5,1509,1514,0.1388
5,1515,1520,0.1388
4,1514,1518,0.1388
4,1504,1508,0.1388
4,1506,1510,0.1388
4,1512,1516,0.1388
4,1516,1520,0.1388
4,1515,1519,0.1388
3,1512,1515,0.1388
4,1522,1526,0.1388
4,1526,1530,0.1388
4,1524,1528,0.1388
4,1514,1518,0.1388
4,1507,1511,0.1388
4,1509,1513,0.1388
4,1518,1522,0.1388
4,1516,1520,0.1388
4,1511,1515,0.1388
4,1514,1518,0.1388
4,1518,1522,0.1388
3,1524,1527,0.1388
3,1510,1513,0.1388
3,1503,1506,0.1388
3,1504,1507,0.1388
3,1505,1508,0.1388
3,1516,1519,0.1388
3,1524,1527,0.1388
3,1528,1531,0.1388
3,1521,1524,0.1388
3,1521,1524,0.1388
3,1525,1528,0.1388
3,1514,1517,0.1388
3,1510,1513,0.1388
3,1510,1513,0.1388
3,1518,1521,0.1388
3,1514,1517,0.1388
3,1508,1511,0.1388
3,1503,1506,0.1388
3,1505,1508,0.1388
3,1501,1504,0.1388
3,1486,1489,0.1388
3,1485,1488,0.1388
3,1496,1499,0.1388
3,1484,1487,0.1388
3,1502,1505,0.1388
2,1517,1519,0.1388
3,1523,1526,0.1388
3,1514,1517,0.1388
3,1523,1526,0.1388
3,1516,1519,0.1388
3,1513,1516,0.1388
3,1499,1502,0.1388
3,1506,1509,0.1388
3,1505,1508,0.1388
3,1520,1523,0.1388
3,1508,1511,0.1388
3,1505,1508,0.1388
3,1519,1522,0.1388
3,1526,1529,0.1388
3,1524,1527,0.1388
3,1528,1531,0.1388
2,1523,1525,0.1388
2,1515,1517,0.1388
2,1506,1508,0.1388
2,1500,1502,0.1388
3,1495,1498,0.1388
3,1511,1514,0.1388
3,1501,1504,0.1388
2,1507,1509,0.1388
2,1514,1516,0.1388
2,1512,1514,0.1388
2,1502,1504,0.1388
2,1513,1515,0.1388
2,1507,1509,0.1388
2,1491,1493,0.1388
2,1512,1514,0.1388
2,1521,1523,0.1388
2,1523,1525,0.1388
2,1521,1523,0.1388
2,1510,1512,0.1388
2,1507,1509,0.1388
2,1530,1532,0.1388
2,1517,1519,0.1388
2,1513,1515,0.1388
2,1515,1517,0.1388
3,1514,1517,0.1388
3,1507,1510,0.1388
3,1506,1509,0.1388
2,1519,1521,0.1388
2,1517,1519,0.1388
2,1520,1522,0.1388
2,1517,1519,0.1388
2,1525,1527,0.1388
2,1512,1514,0.1388
2,1516,1518,0.1388
2,1521,1523,0.1388
2,1522,1524,0.1388
2,1529,1531,0.1388
2,1507,1509,0.1388
2,1511,1513,0.1388
2,1515,1517,0.1388
2,1516,1518,0.1388
1,1522,1523,0.1388
1,1526,1527,0.1388
1,1517,1518,0.1388
0,1519,1519,0.1388
