1370,28,1398,0.1388
1403,30,1433,0.1388
1422,29,1451,0.1388
1443,30,1473,0.1388
1449,31,1480,0.1388
1451,31,1482,0.1388
1468,30,1498,0.1388
1453,32,1485,0.1388
1455,32,1487,0.1388
1470,31,1501,0.1388
1470,30,1500,0.1388
1476,28,1504,0.1388
1474,32,1506,0.1388
1470,30,1500,0.1388
1474,32,1506,0.1388
1483,30,1513,0.1388
1477,30,1507,0.1388
1470,31,1501,0.1388
1465,28,1493,0.1388
1458,30,1488,0.1388
1455,30,1485,0.1388
1457,30,1487,0.1388
1474,31,1505,0.1388
1480,32,1512,0.1388
1485,32,1517,0.1388
1475,32,1507,0.1388
1467,32,1499,0.1388
1480,30,1510,0.1388
1479,30,1509,0.1388
1481,30,1511,0.1388
1472,29,1501,0.1388
1480,27,1507,0.1388
1476,27,1503,0.1388
1469,26,1495,0.1388
1483,25,1508,0.1388
1479,26,1505,0.1388
1476,26,1502,0.1388
1462,26,1488,0.1388
1461,27,1488,0.1388
1468,28,1496,0.1388
1465,27,1492,0.1388
1458,27,1485,0.1388
1461,29,1490,0.1388
1464,30,1494,0.1388
1455,30,1485,0.1388
1467,28,1495,0.1388
1462,28,1490,0.1388
1460,26,1486,0.1388
1466,29,1495,0.1388
1464,29,1493,0.1388
1475,30,1505,0.1388
1472,30,1502,0.1388
1467,30,1497,0.1388
1472,30,1502,0.1388
1459,31,1490,0.1388
1462,29,1491,0.1388
1466,29,1495,0.1388
1461,31,1492,0.1388
1454,31,1485,0.1388
1455,30,1485,0.1388
1471,32,1503,0.1388
1466,32,1498,0.1388
1464,34,1498,0.1388
1466,36,1502,0.1388
1462,36,1498,0.1388
1460,36,1496,0.1388
1452,34,1486,0.1388
1461,35,1496,0.1388
1443,39,1482,0.1388
1453,39,1492,0.1388
1455,40,1495,0.1388
1459,41,1500,0.1388
1469,40,1509,0.1388
1456,39,1495,0.1388
1455,39,1494,0.1388
1448,41,1489,0.1388
1448,42,1490,0.1388
1455,42,1497,0.1388
1447,41,1488,0.1388
1442,39,1481,0.1388
1441,39,1480,0.1388
1441,40,1481,0.1388
1442,41,1483,0.1388
1450,42,1492,0.1388
1442,43,1485,0.1388
1447,43,1490,0.1388
1444,44,1488,0.1388
1448,43,1491,0.1388
1427,44,1471,0.1388
1432,43,1475,0.1388
1442,46,1488,0.1388
1452,44,1496,0.1388
1457,49,1506,0.1388
1453,49,1502,0.1388
1451,48,1499,0.1388
1446,48,1494,0.1388
1447,47,1494,0.1388
1448,46,1494,0.1388
1457,46,1503,0.1388
1456,47,1503,0.1388
1452,48,1500,0.1388
1456,45,1501,0.1388
1459,48,1507,0.1388
1454,47,1501,0.1388
1453,50,1503,0.1388
1453,49,1502,0.1388
1456,50,1506,0.1388
1459,54,1513,0.1388
1451,52,1503,0.1388
1443,52,1495,0.1388
1449,54,1503,0.1388
1458,54,1512,0.1388
1447,57,1504,0.1388
1437,58,1495,0.1388
1441,59,1500,0.1388
1430,58,1488,0.1388
1442,62,1504,0.1388
1446,67,1513,0.1388
1450,68,1518,0.1388
1441,68,1509,0.1388
1437,69,1506,0.1388
1436,69,1505,0.1388
1437,69,1506,0.1388
1437,69,1506,0.1388
1436,70,1506,0.1388
1426,69,1495,0.1388
1425,71,1496,0.1388
1431,70,1501,0.1388
1431,67,1498,0.1388
1423,71,1494,0.1388
1435,70,1505,0.1388
1434,71,1505,0.1388
1441,70,1511,0.1388
1437,69,1506,0.1388
1428,70,1498,0.1388
1425,68,1493,0.1388
1420,72,1492,0.1388
1417,72,1489,0.1388
1429,69,1498,0.1388
1424,72,1496,0.1388
1419,72,1491,0.1388
1425,73,1498,0.1388
1431,74,1505,0.1388
1421,74,1495,0.1388
1431,73,1504,0.1388
1419,76,1495,0.1388
1411,76,1487,0.1388
1425,76,1501,0.1388
1422,74,1496,0.1388
1415,75,1490,0.1388
1419,76,1495,0.1388
1423,78,1501,0.1388
1412,76,1488,0.1388
1427,72,1499,0.1388
1424,74,1498,0.1388
1419,79,1498,0.1388
1410,81,1491,0.1388
1410,79,1489,0.1388
1413,78,1491,0.1388
1416,80,1496,0.1388
1408,81,1489,0.1388
1406,83,1489,0.1388
1399,85,1484,0.1388
1386,84,1470,0.1388
1397,85,1482,0.1388
1402,84,1486,0.1388
1406,85,1491,0.1388
1423,86,1509,0.1388
1421,86,1507,0.1388
1409,88,1497,0.1388
1406,89,1495,0.1388
1402,87,1489,0.1388
1404,87,1491,0.1388
1406,83,1489,0.1388
1407,85,1492,0.1388
1400,79,1479,0.1388
1405,80,1485,0.1388
1407,81,1488,0.1388
1402,83,1485,0.1388
1403,84,1487,0.1388
1409,83,1492,0.1388
1396,82,1478,0.1388
1404,84,1488,0.1388
1395,82,1477,0.1388
1408,85,1493,0.1388
1396,86,1482,0.1388
1408,81,1489,0.1388
1419,80,1499,0.1388
1425,79,1504,0.1388
1427,81,1508,0.1388
1414,79,1493,0.1388
1421,78,1499,0.1388
1422,76,1498,0.1388
1419,79,1498,0.1388
1416,79,1495,0.1388
1416,80,1496,0.1388
1427,79,1506,0.1388
1413,79,1492,0.1388
1410,79,1489,0.1388
1411,79,1490,0.1388
1411,79,1490,0.1388
1418,85,1503,0.1388
1406,84,1490,0.1388
1399,85,1484,0.1388
1396,86,1482,0.1388
1407,87,1494,0.1388
1399,91,1490,0.1388
1393,91,1484,0.1388
1402,90,1492,0.1388
1400,93,1493,0.1388
1395,94,1489,0.1388
1402,95,1497,0.1388
1403,91,1494,0.1388
1403,97,1500,0.1388
1403,95,1498,0.1388
1395,96,1491,0.1388
1393,95,1488,0.1388
1390,102,1492,0.1388
1400,104,1504,0.1388
1397,103,1500,0.1388
1400,104,1504,0.1388
1400,104,1504,0.1388
1400,105,1505,0.1388
1398,104,1502,0.1388
1398,106,1504,0.1388
1409,109,1518,0.1388
1403,109,1512,0.1388
1397,109,1506,0.1388
1379,109,1488,0.1388
1365,112,1477,0.1388
1365,113,1478,0.1388
1365,118,1483,0.1388
1387,116,1503,0.1388
1373,117,1490,0.1388
1382,117,1499,0.1388
1375,115,1490,0.1388
1384,118,1502,0.1388
1365,122,1487,0.1388
1361,125,1486,0.1388
1362,127,1489,0.1388
1361,127,1488,0.1388
1356,123,1479,0.1388
1356,125,1481,0.1388
1347,127,1474,0.1388
1352,129,1481,0.1388
1341,129,1470,0.1388
1360,133,1493,0.1388
1367,130,1497,0.1388
1366,131,1497,0.1388
1371,133,1504,0.1388
1368,132,1500,0.1388
1365,133,1498,0.1388
1374,135,1509,0.1388
1372,135,1507,0.1388
1368,138,1506,0.1388
1367,135,1502,0.1388
1367,137,1504,0.1388
1363,138,1501,0.1388
1358,142,1500,0.1388
1364,140,1504,0.1388
1367,138,1505,0.1388
1363,139,1502,0.1388
1372,139,1511,0.1388
1364,141,1505,0.1388
1364,140,1504,0.1388
1361,142,1503,0.1388
1360,141,1501,0.1388
1363,145,1508,0.1388
1350,144,1494,0.1388
1349,144,1493,0.1388
1352,143,1495,0.1388
1356,145,1501,0.1388
1367,145,1512,0.1388
1362,148,1510,0.1388
1346,150,1496,0.1388
1357,148,1505,0.1388
1350,150,1500,0.1388
1346,150,1496,0.1388
1337,147,1484,0.1388
1335,149,1484,0.1388
1334,146,1480,0.1388
1327,148,1475,0.1388
1335,148,1483,0.1388
1336,152,1488,0.1388
1340,155,1495,0.1388
1349,157,1506,0.1388
1354,162,1516,0.1388
1342,161,1503,0.1388
1329,164,1493,0.1388
1337,165,1502,0.1388
1339,167,1506,0.1388
1323,166,1489,0.1388
1311,164,1475,0.1388
1320,164,1484,0.1388
1321,165,1486,0.1388
1316,168,1484,0.1388
1334,167,1501,0.1388
1332,166,1498,0.1388
1337,167,1504,0.1388
1343,165,1508,0.1388
1331,164,1495,0.1388
1341,161,1502,0.1388
1335,157,1492,0.1388
1341,157,1498,0.1388
1347,159,1506,0.1388
1350,159,1509,0.1388
1348,159,1507,0.1388
1355,156,1511,0.1388
1343,157,1500,0.1388
1345,155,1500,0.1388
1350,159,1509,0.1388
1358,162,1520,0.1388
1357,159,1516,0.1388
1359,160,1519,0.1388
1350,161,1511,0.1388
1350,163,1513,0.1388
1342,166,1508,0.1388
1349,166,1515,0.1388
1341,164,1505,0.1388
1338,168,1506,0.1388
1326,168,1494,0.1388
1332,174,1506,0.1388
1345,172,1517,0.1388
1342,171,1513,0.1388
1341,173,1514,0.1388
1353,170,1523,0.1388
1351,171,1522,0.1388
1339,171,1510,0.1388
1321,169,1490,0.1388
1338,174,1512,0.1388
1331,175,1506,0.1388
1331,176,1507,0.1388
1320,172,1492,0.1388
1322,174,1496,0.1388
1307,174,1481,0.1388
1313,180,1493,0.1388
1313,183,1496,0.1388
1311,183,1494,0.1388
1310,186,1496,0.1388
1309,189,1498,0.1388
1309,190,1499,0.1388
1304,186,1490,0.1388
1296,186,1482,0.1388
1303,184,1487,0.1388
1300,187,1487,0.1388
1305,189,1494,0.1388
1295,188,1483,0.1388
1309,188,1497,0.1388
1303,192,1495,0.1388
1303,194,1497,0.1388
1298,194,1492,0.1388
1288,198,1486,0.1388
1292,195,1487,0.1388
1292,193,1485,0.1388
1298,194,1492,0.1388
1292,200,1492,0.1388
1289,205,1494,0.1388
1282,200,1482,0.1388
1283,207,1490,0.1388
1278,205,1483,0.1388
1277,210,1487,0.1388
1270,212,1482,0.1388
1284,216,1500,0.1388
1275,218,1493,0.1388
1287,220,1507,0.1388
1280,217,1497,0.1388
1277,220,1497,0.1388
1267,227,1494,0.1388
1260,226,1486,0.1388
1253,230,1483,0.1388
1256,229,1485,0.1388
1256,236,1492,0.1388
1273,237,1510,0.1388
1259,235,1494,0.1388
1254,230,1484,0.1388
1252,233,1485,0.1388
1244,234,1478,0.1388
1256,233,1489,0.1388
1260,238,1498,0.1388
1262,238,1500,0.1388
1261,238,1499,0.1388
1265,231,1496,0.1388
1266,231,1497,0.1388
1264,229,1493,0.1388
1256,232,1488,0.1388
1251,230,1481,0.1388
1266,235,1501,0.1388
1257,230,1487,0.1388
1245,233,1478,0.1388
1249,234,1483,0.1388
1250,234,1484,0.1388
1260,239,1499,0.1388
1258,235,1493,0.1388
1258,236,1494,0.1388
1260,240,1500,0.1388
1257,242,1499,0.1388
1262,244,1506,0.1388
1259,246,1505,0.1388
1258,242,1500,0.1388
1255,242,1497,0.1388
1262,242,1504,0.1388
1249,246,1495,0.1388
1250,249,1499,0.1388
1241,252,1493,0.1388
1239,255,1494,0.1388
1230,257,1487,0.1388
1230,256,1486,0.1388
1249,250,1499,0.1388
1247,256,1503,0.1388
1246,259,1505,0.1388
1246,255,1501,0.1388
1255,252,1507,0.1388
1234,257,1491,0.1388
1229,265,1494,0.1388
1223,266,1489,0.1388
1235,263,1498,0.1388
1245,266,1511,0.1388
1241,263,1504,0.1388
1233,255,1488,0.1388
1235,256,1491,0.1388
1231,257,1488,0.1388
1231,256,1487,0.1388
1239,260,1499,0.1388
1238,267,1505,0.1388
1240,267,1507,0.1388
1240,261,1501,0.1388
1244,262,1506,0.1388
1250,265,1515,0.1388
1247,266,1513,0.1388
1244,266,1510,0.1388
1242,267,1509,0.1388
1239,271,1510,0.1388
1222,276,1498,0.1388
1208,271,1479,0.1388
1199,274,1473,0.1388
1206,276,1482,0.1388
1219,273,1492,0.1388
1229,274,1503,0.1388
1222,281,1503,0.1388
1216,279,1495,0.1388
1216,281,1497,0.1388
1200,278,1478,0.1388
1211,280,1491,0.1388
1199,286,1485,0.1388
1207,284,1491,0.1388
1208,273,1481,0.1388
1209,275,1484,0.1388
1210,273,1483,0.1388
1229,273,1502,0.1388
1242,275,1517,0.1388
1231,271,1502,0.1388
1234,272,1506,0.1388
1229,270,1499,0.1388
1232,268,1500,0.1388
1232,270,1502,0.1388
1234,272,1506,0.1388
1225,277,1502,0.1388
1228,278,1506,0.1388
1226,275,1501,0.1388
1235,278,1513,0.1388
1230,283,1513,0.1388
1227,284,1511,0.1388
1221,288,1509,0.1388
1212,287,1499,0.1388
1203,289,1492,0.1388
1206,294,1500,0.1388
1195,291,1486,0.1388
1211,286,1497,0.1388
1214,287,1501,0.1388
1207,285,1492,0.1388
1207,291,1498,0.1388
1201,290,1491,0.1388
1198,288,1486,0.1388
1188,292,1480,0.1388
1178,296,1474,0.1388
1182,301,1483,0.1388
1186,310,1496,0.1388
1178,313,1491,0.1388
1199,309,1508,0.1388
1197,313,1510,0.1388
1194,321,1515,0.1388
1194,314,1508,0.1388
1176,316,1492,0.1388
1173,315,1488,0.1388
1176,318,1494,0.1388
1171,316,1487,0.1388
1168,317,1485,0.1388
1157,323,1480,0.1388
1159,327,1486,0.1388
1172,329,1501,0.1388
1162,332,1494,0.1388
1163,330,1493,0.1388
1168,333,1501,0.1388
1170,337,1507,0.1388
1172,332,1504,0.1388
1164,331,1495,0.1388
1165,333,1498,0.1388
1186,330,1516,0.1388
1180,333,1513,0.1388
1180,331,1511,0.1388
1171,324,1495,0.1388
1170,326,1496,0.1388
1181,325,1506,0.1388
1165,330,1495,0.1388
1169,331,1500,0.1388
1184,329,1513,0.1388
1162,325,1487,0.1388
1172,332,1504,0.1388
1164,333,1497,0.1388
1173,334,1507,0.1388
1171,342,1513,0.1388
1164,342,1506,0.1388
1163,344,1507,0.1388
1161,343,1504,0.1388
1167,340,1507,0.1388
1171,340,1511,0.1388
1160,345,1505,0.1388
1154,339,1493,0.1388
1154,345,1499,0.1388
1152,347,1499,0.1388
1153,349,1502,0.1388
1156,344,1500,0.1388
1158,348,1506,0.1388
1156,344,1500,0.1388
1150,342,1492,0.1388
1156,341,1497,0.1388
1157,341,1498,0.1388
1160,341,1501,0.1388
1149,344,1493,0.1388
1149,348,1497,0.1388
1149,351,1500,0.1388
1148,356,1504,0.1388
1129,353,1482,0.1388
1118,361,1479,0.1388
1121,365,1486,0.1388
1115,365,1480,0.1388
1119,368,1487,0.1388
1129,367,1496,0.1388
1117,375,1492,0.1388
1112,380,1492,0.1388
1108,374,1482,0.1388
1112,380,1492,0.1388
1117,384,1501,0.1388
1118,386,1504,0.1388
1108,389,1497,0.1388
1110,381,1491,0.1388
1109,385,1494,0.1388
1107,393,1500,0.1388
1111,393,1504,0.1388
1110,393,1503,0.1388
1106,390,1496,0.1388
1103,392,1495,0.1388
1101,396,1497,0.1388
1099,395,1494,0.1388
1096,397,1493,0.1388
1100,390,1490,0.1388
1102,396,1498,0.1388
1111,400,1511,0.1388
1113,396,1509,0.1388
1110,393,1503,0.1388
1096,395,1491,0.1388
1100,397,1497,0.1388
1109,402,1511,0.1388
1104,403,1507,0.1388
1099,413,1512,0.1388
1095,409,1504,0.1388
1097,411,1508,0.1388
1092,409,1501,0.1388
1090,415,1505,0.1388
1090,411,1501,0.1388
1082,412,1494,0.1388
1081,414,1495,0.1388
1081,411,1492,0.1388
1080,421,1501,0.1388
1087,412,1499,0.1388
1091,424,1515,0.1388
1083,419,1502,0.1388
1075,428,1503,0.1388
1071,421,1492,0.1388
1061,422,1483,0.1388
1071,429,1500,0.1388
1070,437,1507,0.1388
1068,442,1510,0.1388
1061,441,1502,0.1388
1055,443,1498,0.1388
1064,440,1504,0.1388
1064,438,1502,0.1388
1062,442,1504,0.1388
1050,443,1493,0.1388
1044,446,1490,0.1388
1042,446,1488,0.1388
1049,460,1509,0.1388
1049,457,1506,0.1388
1043,465,1508,0.1388
1049,464,1513,0.1388
1042,463,1505,0.1388
1043,460,1503,0.1388
1046,469,1515,0.1388
1047,470,1517,0.1388
1045,469,1514,0.1388
1055,464,1519,0.1388
1043,468,1511,0.1388
1044,469,1513,0.1388
1034,472,1506,0.1388
1033,477,1510,0.1388
1041,479,1520,0.1388
1035,474,1509,0.1388
1033,476,1509,0.1388
1036,475,1511,0.1388
1025,478,1503,0.1388
1033,479,1512,0.1388
1033,472,1505,0.1388
1026,466,1492,0.1388
1023,469,1492,0.1388
1023,478,1501,0.1388
1019,484,1503,0.1388
1018,490,1508,0.1388
1019,487,1506,0.1388
1015,477,1492,0.1388
1017,486,1503,0.1388
1019,497,1516,0.1388
1023,501,1524,0.1388
1011,499,1510,0.1388
1004,494,1498,0.1388
1000,500,1500,0.1388
1005,503,1508,0.1388
1005,506,1511,0.1388
1005,506,1511,0.1388
1001,504,1505,0.1388
996,498,1494,0.1388
1000,494,1494,0.1388
992,498,1490,0.1388
1003,503,1506,0.1388
1007,494,1501,0.1388
1010,494,1504,0.1388
1007,496,1503,0.1388
1010,499,1509,0.1388
998,498,1496,0.1388
991,501,1492,0.1388
999,500,1499,0.1388
995,504,1499,0.1388
995,508,1503,0.1388
998,509,1507,0.1388
1003,507,1510,0.1388
1000,513,1513,0.1388
988,518,1506,0.1388
985,521,1506,0.1388
972,517,1489,0.1388
968,504,1472,0.1388
980,516,1496,0.1388
970,512,1482,0.1388
964,520,1484,0.1388
969,518,1487,0.1388
973,510,1483,0.1388
967,508,1475,0.1388
974,519,1493,0.1388
982,522,1504,0.1388
973,527,1500,0.1388
990,531,1521,0.1388
984,533,1517,0.1388
972,539,1511,0.1388
965,542,1507,0.1388
959,542,1501,0.1388
947,542,1489,0.1388
942,544,1486,0.1388
939,537,1476,0.1388
939,550,1489,0.1388
942,554,1496,0.1388
948,548,1496,0.1388
943,547,1490,0.1388
955,549,1504,0.1388
953,549,1502,0.1388
953,557,1510,0.1388
942,558,1500,0.1388
943,558,1501,0.1388
945,553,1498,0.1388
951,551,1502,0.1388
939,561,1500,0.1388
947,562,1509,0.1388
938,553,1491,0.1388
943,560,1503,0.1388
944,554,1498,0.1388
929,560,1489,0.1388
929,567,1496,0.1388
927,561,1488,0.1388
928,572,1500,0.1388
916,577,1493,0.1388
924,577,1501,0.1388
928,585,1513,0.1388
935,585,1520,0.1388
936,585,1521,0.1388
917,588,1505,0.1388
916,582,1498,0.1388
922,579,1501,0.1388
927,580,1507,0.1388
922,578,1500,0.1388
923,577,1500,0.1388
921,571,1492,0.1388
918,567,1485,0.1388
916,573,1489,0.1388
930,570,1500,0.1388
927,574,1501,0.1388
921,582,1503,0.1388
924,587,1511,0.1388
917,585,1502,0.1388
922,594,1516,0.1388
920,585,1505,0.1388
919,579,1498,0.1388
928,577,1505,0.1388
925,570,1495,0.1388
915,571,1486,0.1388
915,573,1488,0.1388
904,580,1484,0.1388
911,579,1490,0.1388
911,581,1492,0.1388
908,579,1487,0.1388
919,583,1502,0.1388
908,579,1487,0.1388
903,581,1484,0.1388
910,581,1491,0.1388
909,582,1491,0.1388
911,586,1497,0.1388
910,589,1499,0.1388
914,589,1503,0.1388
914,590,1504,0.1388
921,594,1515,0.1388
908,603,1511,0.1388
909,588,1497,0.1388
909,592,1501,0.1388
897,591,1488,0.1388
898,594,1492,0.1388
895,599,1494,0.1388
896,596,1492,0.1388
895,591,1486,0.1388
896,583,1479,0.1388
896,593,1489,0.1388
888,601,1489,0.1388
891,611,1502,0.1388
884,615,1499,0.1388
891,624,1515,0.1388
884,618,1502,0.1388
894,612,1506,0.1388
885,621,1506,0.1388
884,622,1506,0.1388
887,625,1512,0.1388
875,626,1501,0.1388
879,615,1494,0.1388
873,624,1497,0.1388
863,618,1481,0.1388
871,625,1496,0.1388
865,628,1493,0.1388
859,631,1490,0.1388
867,628,1495,0.1388
866,630,1496,0.1388
870,631,1501,0.1388
865,631,1496,0.1388
868,623,1491,0.1388
868,623,1491,0.1388
873,625,1498,0.1388
877,624,1501,0.1388
879,623,1502,0.1388
882,635,1517,0.1388
861,633,1494,0.1388
863,644,1507,0.1388
854,653,1507,0.1388
859,648,1507,0.1388
858,648,1506,0.1388
854,647,1501,0.1388
850,648,1498,0.1388
846,648,1494,0.1388
834,642,1476,0.1388
832,655,1487,0.1388
834,655,1489,0.1388
837,656,1493,0.1388
835,670,1505,0.1388
836,675,1511,0.1388
830,681,1511,0.1388
820,666,1486,0.1388
821,676,1497,0.1388
838,675,1513,0.1388
822,681,1503,0.1388
833,681,1514,0.1388
834,683,1517,0.1388
823,680,1503,0.1388
827,671,1498,0.1388
825,673,1498,0.1388
835,668,1503,0.1388
828,679,1507,0.1388
820,689,1509,0.1388
811,689,1500,0.1388
807,698,1505,0.1388
803,693,1496,0.1388
801,692,1493,0.1388
801,694,1495,0.1388
789,693,1482,0.1388
791,695,1486,0.1388
788,695,1483,0.1388
792,695,1487,0.1388
805,684,1489,0.1388
796,689,1485,0.1388
798,690,1488,0.1388
798,698,1496,0.1388
798,699,1497,0.1388
798,707,1505,0.1388
805,705,1510,0.1388
797,704,1501,0.1388
794,709,1503,0.1388
799,711,1510,0.1388
793,719,1512,0.1388
795,723,1518,0.1388
796,714,1510,0.1388
797,708,1505,0.1388
786,708,1494,0.1388
777,699,1476,0.1388
772,701,1473,0.1388
775,702,1477,0.1388
774,705,1479,0.1388
778,709,1487,0.1388
778,712,1490,0.1388
766,719,1485,0.1388
775,724,1499,0.1388
781,737,1518,0.1388
772,727,1499,0.1388
767,725,1492,0.1388
756,737,1493,0.1388
759,743,1502,0.1388
749,741,1490,0.1388
745,749,1494,0.1388
748,754,1502,0.1388
743,746,1489,0.1388
748,758,1506,0.1388
760,752,1512,0.1388
758,754,1512,0.1388
753,761,1514,0.1388
760,757,1517,0.1388
741,764,1505,0.1388
746,769,1515,0.1388
743,767,1510,0.1388
736,761,1497,0.1388
731,766,1497,0.1388
733,764,1497,0.1388
729,770,1499,0.1388
729,777,1506,0.1388
730,779,1509,0.1388
729,774,1503,0.1388
726,778,1504,0.1388
715,776,1491,0.1388
717,774,1491,0.1388
718,781,1499,0.1388
716,782,1498,0.1388
711,780,1491,0.1388
720,783,1503,0.1388
723,795,1518,0.1388
721,808,1529,0.1388
722,805,1527,0.1388
715,798,1513,0.1388
701,793,1494,0.1388
695,803,1498,0.1388
697,801,1498,0.1388
699,809,1508,0.1388
686,806,1492,0.1388
697,813,1510,0.1388
694,806,1500,0.1388
696,804,1500,0.1388
702,803,1505,0.1388
706,798,1504,0.1388
703,793,1496,0.1388
706,799,1505,0.1388
694,808,1502,0.1388
686,809,1495,0.1388
688,813,1501,0.1388
674,820,1494,0.1388
680,832,1512,0.1388
682,830,1512,0.1388
682,834,1516,0.1388
681,826,1507,0.1388
674,825,1499,0.1388
674,831,1505,0.1388
666,833,1499,0.1388
665,841,1506,0.1388
669,842,1511,0.1388
660,853,1513,0.1388
659,851,1510,0.1388
653,851,1504,0.1388
647,844,1491,0.1388
640,852,1492,0.1388
640,858,1498,0.1388
648,858,1506,0.1388
638,859,1497,0.1388
638,851,1489,0.1388
640,849,1489,0.1388
646,848,1494,0.1388
641,854,1495,0.1388
645,853,1498,0.1388
646,855,1501,0.1388
648,856,1504,0.1388
647,859,1506,0.1388
646,865,1511,0.1388
640,863,1503,0.1388
651,862,1513,0.1388
649,856,1505,0.1388
656,860,1516,0.1388
647,855,1502,0.1388
653,847,1500,0.1388
656,853,1509,0.1388
651,852,1503,0.1388
647,860,1507,0.1388
653,852,1505,0.1388
650,851,1501,0.1388
654,862,1516,0.1388
645,868,1513,0.1388
633,858,1491,0.1388
644,866,1510,0.1388
645,866,1511,0.1388
652,854,1506,0.1388
638,852,1490,0.1388
638,857,1495,0.1388
633,861,1494,0.1388
632,870,1502,0.1388
635,866,1501,0.1388
632,866,1498,0.1388
632,851,1483,0.1388
626,854,1480,0.1388
629,864,1493,0.1388
627,868,1495,0.1388
622,878,1500,0.1388
623,888,1511,0.1388
621,876,1497,0.1388
629,880,1509,0.1388
630,878,1508,0.1388
631,876,1507,0.1388
624,883,1507,0.1388
617,883,1500,0.1388
624,882,1506,0.1388
633,875,1508,0.1388
633,878,1511,0.1388
625,883,1508,0.1388
616,897,1513,0.1388
611,903,1514,0.1388
608,896,1504,0.1388
604,892,1496,0.1388
607,899,1506,0.1388
605,895,1500,0.1388
614,892,1506,0.1388
604,897,1501,0.1388
606,900,1506,0.1388
600,893,1493,0.1388
604,892,1496,0.1388
601,883,1484,0.1388
602,893,1495,0.1388
605,900,1505,0.1388
595,901,1496,0.1388
596,899,1495,0.1388
590,917,1507,0.1388
590,917,1507,0.1388
594,910,1504,0.1388
596,918,1514,0.1388
590,914,1504,0.1388
586,916,1502,0.1388
580,916,1496,0.1388
584,922,1506,0.1388
585,915,1500,0.1388
581,911,1492,0.1388
578,920,1498,0.1388
579,914,1493,0.1388
582,913,1495,0.1388
586,919,1505,0.1388
593,929,1522,0.1388
582,925,1507,0.1388
586,917,1503,0.1388
587,926,1513,0.1388
584,924,1508,0.1388
589,915,1504,0.1388
590,919,1509,0.1388
598,918,1516,0.1388
591,917,1508,0.1388
592,923,1515,0.1388
584,933,1517,0.1388
576,936,1512,0.1388
575,937,1512,0.1388
569,932,1501,0.1388
575,941,1516,0.1388
567,939,1506,0.1388
566,934,1500,0.1388
567,947,1514,0.1388
572,945,1517,0.1388
575,946,1521,0.1388
556,934,1490,0.1388
554,937,1491,0.1388
551,968,1519,0.1388
551,967,1518,0.1388
552,972,1524,0.1388
544,968,1512,0.1388
540,959,1499,0.1388
531,963,1494,0.1388
538,960,1498,0.1388
531,973,1504,0.1388
526,974,1500,0.1388
532,974,1506,0.1388
535,962,1497,0.1388
527,970,1497,0.1388
527,982,1509,0.1388
529,990,1519,0.1388
529,992,1521,0.1388
524,983,1507,0.1388
526,984,1510,0.1388
527,980,1507,0.1388
526,987,1513,0.1388
520,996,1516,0.1388
509,991,1500,0.1388
515,988,1503,0.1388
514,999,1513,0.1388
517,996,1513,0.1388
516,1002,1518,0.1388
519,998,1517,0.1388
513,992,1505,0.1388
512,982,1494,0.1388
505,991,1496,0.1388
499,997,1496,0.1388
504,1006,1510,0.1388
501,1001,1502,0.1388
497,1000,1497,0.1388
497,994,1491,0.1388
489,1009,1498,0.1388
487,1023,1510,0.1388
488,1028,1516,0.1388
495,1022,1517,0.1388
494,1022,1516,0.1388
490,1016,1506,0.1388
493,1026,1519,0.1388
490,1024,1514,0.1388
494,1015,1509,0.1388
493,1009,1502,0.1388
491,1025,1516,0.1388
487,1015,1502,0.1388
483,1014,1497,0.1388
484,1016,1500,0.1388
492,1024,1516,0.1388
490,1017,1507,0.1388
494,1029,1523,0.1388
495,1034,1529,0.1388
493,1036,1529,0.1388
488,1035,1523,0.1388
488,1034,1522,0.1388
486,1034,1520,0.1388
479,1035,1514,0.1388
479,1034,1513,0.1388
479,1029,1508,0.1388
466,1030,1496,0.1388
469,1037,1506,0.1388
464,1032,1496,0.1388
460,1034,1494,0.1388
465,1033,1498,0.1388
459,1042,1501,0.1388
466,1029,1495,0.1388
467,1029,1496,0.1388
462,1042,1504,0.1388
465,1047,1512,0.1388
468,1052,1520,0.1388
471,1048,1519,0.1388
461,1057,1518,0.1388
455,1054,1509,0.1388
463,1060,1523,0.1388
460,1059,1519,0.1388
457,1060,1517,0.1388
452,1066,1518,0.1388
450,1064,1514,0.1388
447,1073,1520,0.1388
446,1074,1520,0.1388
443,1073,1516,0.1388
445,1074,1519,0.1388
445,1082,1527,0.1388
442,1071,1513,0.1388
449,1070,1519,0.1388
447,1071,1518,0.1388
448,1077,1525,0.1388
440,1077,1517,0.1388
444,1080,1524,0.1388
443,1066,1509,0.1388
445,1070,1515,0.1388
447,1076,1523,0.1388
437,1072,1509,0.1388
436,1078,1514,0.1388
425,1079,1504,0.1388
420,1075,1495,0.1388
430,1089,1519,0.1388
431,1090,1521,0.1388
421,1089,1510,0.1388
416,1084,1500,0.1388
416,1078,1494,0.1388
412,1083,1495,0.1388
406,1096,1502,0.1388
401,1105,1506,0.1388
402,1109,1511,0.1388
405,1112,1517,0.1388
404,1119,1523,0.1388
402,1109,1511,0.1388
408,1106,1514,0.1388
406,1117,1523,0.1388
404,1116,1520,0.1388
405,1116,1521,0.1388
407,1108,1515,0.1388
408,1117,1525,0.1388
402,1121,1523,0.1388
397,1125,1522,0.1388
388,1128,1516,0.1388
390,1132,1522,0.1388
391,1109,1500,0.1388
396,1112,1508,0.1388
399,1109,1508,0.1388
398,1114,1512,0.1388
395,1109,1504,0.1388
401,1109,1510,0.1388
399,1119,1518,0.1388
397,1124,1521,0.1388
393,1119,1512,0.1388
392,1113,1505,0.1388
396,1109,1505,0.1388
391,1120,1511,0.1388
395,1110,1505,0.1388
397,1105,1502,0.1388
389,1114,1503,0.1388
387,1123,1510,0.1388
387,1124,1511,0.1388
386,1114,1500,0.1388
386,1120,1506,0.1388
388,1122,1510,0.1388
390,1124,1514,0.1388
396,1118,1514,0.1388
396,1132,1528,0.1388
387,1140,1527,0.1388
391,1133,1524,0.1388
392,1129,1521,0.1388
388,1124,1512,0.1388
390,1130,1520,0.1388
390,1128,1518,0.1388
383,1123,1506,0.1388
382,1125,1507,0.1388
383,1130,1513,0.1388
382,1127,1509,0.1388
378,1138,1516,0.1388
370,1133,1503,0.1388
373,1131,1504,0.1388
372,1129,1501,0.1388
366,1131,1497,0.1388
361,1140,1501,0.1388
367,1135,1502,0.1388
365,1146,1511,0.1388
372,1152,1524,0.1388
367,1160,1527,0.1388
365,1155,1520,0.1388
371,1160,1531,0.1388
376,1168,1544,0.1388
372,1154,1526,0.1388
368,1143,1511,0.1388
373,1144,1517,0.1388
369,1141,1510,0.1388
363,1134,1497,0.1388
366,1143,1509,0.1388
359,1141,1500,0.1388
361,1142,1503,0.1388
364,1139,1503,0.1388
360,1138,1498,0.1388
357,1152,1509,0.1388
357,1150,1507,0.1388
365,1149,1514,0.1388
364,1152,1516,0.1388
366,1154,1520,0.1388
363,1144,1507,0.1388
357,1154,1511,0.1388
354,1154,1508,0.1388
350,1155,1505,0.1388
342,1154,1496,0.1388
342,1153,1495,0.1388
342,1158,1500,0.1388
350,1159,1509,0.1388
356,1154,1510,0.1388
350,1163,1513,0.1388
349,1163,1512,0.1388
350,1166,1516,0.1388
354,1167,1521,0.1388
350,1160,1510,0.1388
347,1149,1496,0.1388
356,1156,1512,0.1388
355,1152,1507,0.1388
352,1162,1514,0.1388
349,1164,1513,0.1388
349,1169,1518,0.1388
351,1170,1521,0.1388
348,1169,1517,0.1388
352,1169,1521,0.1388
347,1173,1520,0.1388
344,1173,1517,0.1388
344,1180,1524,0.1388
343,1178,1521,0.1388
341,1167,1508,0.1388
337,1163,1500,0.1388
340,1162,1502,0.1388
345,1165,1510,0.1388
348,1165,1513,0.1388
339,1177,1516,0.1388
335,1176,1511,0.1388
339,1176,1515,0.1388
337,1196,1533,0.1388
338,1191,1529,0.1388
334,1180,1514,0.1388
336,1184,1520,0.1388
330,1183,1513,0.1388
336,1183,1519,0.1388
329,1188,1517,0.1388
327,1197,1524,0.1388
323,1189,1512,0.1388
327,1184,1511,0.1388
330,1179,1509,0.1388
327,1174,1501,0.1388
328,1184,1512,0.1388
323,1180,1503,0.1388
325,1172,1497,0.1388
321,1185,1506,0.1388
324,1185,1509,0.1388
327,1193,1520,0.1388
333,1194,1527,0.1388
333,1191,1524,0.1388
332,1184,1516,0.1388
330,1171,1501,0.1388
326,1190,1516,0.1388
326,1194,1520,0.1388
328,1189,1517,0.1388
320,1197,1517,0.1388
319,1201,1520,0.1388
318,1190,1508,0.1388
320,1199,1519,0.1388
315,1211,1526,0.1388
309,1205,1514,0.1388
307,1194,1501,0.1388
311,1195,1506,0.1388
313,1191,1504,0.1388
309,1197,1506,0.1388
305,1197,1502,0.1388
300,1190,1490,0.1388
301,1200,1501,0.1388
309,1199,1508,0.1388
307,1204,1511,0.1388
306,1207,1513,0.1388
304,1206,1510,0.1388
299,1205,1504,0.1388
297,1214,1511,0.1388
291,1199,1490,0.1388
290,1212,1502,0.1388
291,1223,1514,0.1388
295,1228,1523,0.1388
287,1224,1511,0.1388
288,1225,1513,0.1388
298,1225,1523,0.1388
302,1220,1522,0.1388
300,1228,1528,0.1388
295,1224,1519,0.1388
288,1220,1508,0.1388
290,1216,1506,0.1388
288,1226,1514,0.1388
285,1218,1503,0.1388
285,1221,1506,0.1388
293,1233,1526,0.1388
291,1225,1516,0.1388
282,1231,1513,0.1388
285,1250,1535,0.1388
283,1241,1524,0.1388
275,1245,1520,0.1388
268,1247,1515,0.1388
270,1241,1511,0.1388
270,1254,1524,0.1388
279,1234,1513,0.1388
278,1234,1512,0.1388
277,1230,1507,0.1388
277,1234,1511,0.1388
278,1235,1513,0.1388
278,1223,1501,0.1388
273,1224,1497,0.1388
273,1231,1504,0.1388
274,1228,1502,0.1388
277,1231,1508,0.1388
273,1231,1504,0.1388
270,1243,1513,0.1388
271,1246,1517,0.1388
275,1241,1516,0.1388
279,1236,1515,0.1388
283,1226,1509,0.1388
285,1231,1516,0.1388
284,1230,1514,0.1388
282,1229,1511,0.1388
279,1238,1517,0.1388
271,1239,1510,0.1388
273,1240,1513,0.1388
278,1241,1519,0.1388
272,1234,1506,0.1388
269,1238,1507,0.1388
269,1231,1500,0.1388
274,1239,1513,0.1388
272,1253,1525,0.1388
264,1242,1506,0.1388
268,1248,1516,0.1388
265,1252,1517,0.1388
263,1257,1520,0.1388
258,1257,1515,0.1388
260,1258,1518,0.1388
260,1257,1517,0.1388
262,1252,1514,0.1388
260,1254,1514,0.1388
263,1239,1502,0.1388
257,1240,1497,0.1388
258,1246,1504,0.1388
256,1240,1496,0.1388
259,1242,1501,0.1388
263,1249,1512,0.1388
267,1247,1514,0.1388
265,1254,1519,0.1388
260,1255,1515,0.1388
259,1258,1517,0.1388
255,1251,1506,0.1388
261,1259,1520,0.1388
258,1249,1507,0.1388
257,1262,1519,0.1388
259,1266,1525,0.1388
258,1257,1515,0.1388
254,1255,1509,0.1388
256,1245,1501,0.1388
253,1255,1508,0.1388
254,1252,1506,0.1388
258,1256,1514,0.1388
254,1249,1503,0.1388
259,1246,1505,0.1388
260,1244,1504,0.1388
257,1250,1507,0.1388
251,1245,1496,0.1388
247,1255,1502,0.1388
248,1265,1513,0.1388
251,1263,1514,0.1388
255,1260,1515,0.1388
257,1269,1526,0.1388
258,1265,1523,0.1388
255,1262,1517,0.1388
255,1260,1515,0.1388
248,1271,1519,0.1388
242,1267,1509,0.1388
240,1272,1512,0.1388
235,1274,1509,0.1388
236,1278,1514,0.1388
239,1285,1524,0.1388
241,1276,1517,0.1388
243,1280,1523,0.1388
243,1281,1524,0.1388
237,1283,1520,0.1388
234,1266,1500,0.1388
238,1270,1508,0.1388
247,1268,1515,0.1388
250,1278,1528,0.1388
251,1277,1528,0.1388
248,1285,1533,0.1388
244,1276,1520,0.1388
239,1258,1497,0.1388
235,1259,1494,0.1388
238,1272,1510,0.1388
238,1272,1510,0.1388
235,1275,1510,0.1388
241,1265,1506,0.1388
233,1263,1496,0.1388
235,1285,1520,0.1388
233,1285,1518,0.1388
234,1281,1515,0.1388
233,1276,1509,0.1388
232,1278,1510,0.1388
236,1278,1514,0.1388
238,1277,1515,0.1388
238,1270,1508,0.1388
236,1258,1494,0.1388
236,1261,1497,0.1388
233,1273,1506,0.1388
232,1287,1519,0.1388
230,1290,1520,0.1388
228,1288,1516,0.1388
231,1286,1517,0.1388
230,1277,1507,0.1388
233,1278,1511,0.1388
233,1277,1510,0.1388
238,1269,1507,0.1388
233,1271,1504,0.1388
233,1277,1510,0.1388
231,1283,1514,0.1388
228,1276,1504,0.1388
228,1281,1509,0.1388
225,1284,1509,0.1388
225,1282,1507,0.1388
231,1283,1514,0.1388
231,1273,1504,0.1388
236,1282,1518,0.1388
239,1271,1510,0.1388
239,1262,1501,0.1388
235,1286,1521,0.1388
235,1278,1513,0.1388
229,1277,1506,0.1388
230,1279,1509,0.1388
235,1266,1501,0.1388
236,1263,1499,0.1388
232,1265,1497,0.1388
231,1281,1512,0.1388
227,1273,1500,0.1388
228,1280,1508,0.1388
225,1270,1495,0.1388
226,1278,1504,0.1388
228,1283,1511,0.1388
232,1277,1509,0.1388
234,1269,1503,0.1388
232,1278,1510,0.1388
230,1278,1508,0.1388
224,1282,1506,0.1388
223,1284,1507,0.1388
223,1277,1500,0.1388
225,1284,1509,0.1388
224,1285,1509,0.1388
222,1289,1511,0.1388
229,1294,1523,0.1388
229,1291,1520,0.1388
230,1274,1504,0.1388
233,1285,1518,0.1388
237,1291,1528,0.1388
234,1295,1529,0.1388
236,1278,1514,0.1388
227,1288,1515,0.1388
228,1281,1509,0.1388
226,1287,1513,0.1388
231,1287,1518,0.1388
226,1286,1512,0.1388
233,1293,1526,0.1388
236,1286,1522,0.1388
234,1291,1525,0.1388
234,1293,1527,0.1388
237,1283,1520,0.1388
234,1270,1504,0.1388
233,1279,1512,0.1388
239,1276,1515,0.1388
241,1276,1517,0.1388
235,1284,1519,0.1388
239,1276,1515,0.1388
241,1279,1520,0.1388
241,1283,1524,0.1388
237,1285,1522,0.1388
240,1286,1526,0.1388
235,1296,1531,0.1388
236,1283,1519,0.1388
236,1287,1523,0.1388
234,1287,1521,0.1388
230,1284,1514,0.1388
227,1289,1516,0.1388
222,1288,1510,0.1388
229,1298,1527,0.1388
227,1303,1530,0.1388
223,1300,1523,0.1388
225,1303,1528,0.1388
221,1295,1516,0.1388
220,1295,1515,0.1388
214,1305,1519,0.1388
220,1296,1516,0.1388
221,1291,1512,0.1388
223,1294,1517,0.1388
228,1294,1522,0.1388
228,1300,1528,0.1388
228,1310,1538,0.1388
223,1299,1522,0.1388
223,1303,1526,0.1388
217,1309,1526,0.1388
216,1299,1515,0.1388
220,1307,1527,0.1388
221,1310,1531,0.1388
223,1309,1532,0.1388
223,1309,1532,0.1388
224,1307,1531,0.1388
222,1302,1524,0.1388
218,1314,1532,0.1388
210,1309,1519,0.1388
212,1307,1519,0.1388
213,1301,1514,0.1388
218,1294,1512,0.1388
219,1299,1518,0.1388
224,1302,1526,0.1388
220,1305,1525,0.1388
222,1289,1511,0.1388
220,1288,1508,0.1388
214,1302,1516,0.1388
217,1310,1527,0.1388
218,1308,1526,0.1388
214,1297,1511,0.1388
219,1304,1523,0.1388
221,1299,1520,0.1388
220,1311,1531,0.1388
220,1308,1528,0.1388
217,1306,1523,0.1388
217,1305,1522,0.1388
216,1296,1512,0.1388
212,1299,1511,0.1388
217,1299,1516,0.1388
213,1308,1521,0.1388
210,1302,1512,0.1388
209,1305,1514,0.1388
214,1304,1518,0.1388
206,1297,1503,0.1388
207,1309,1516,0.1388
206,1311,1517,0.1388
207,1308,1515,0.1388
207,1299,1506,0.1388
208,1305,1513,0.1388
209,1311,1520,0.1388
210,1304,1514,0.1388
208,1302,1510,0.1388
212,1304,1516,0.1388
208,1298,1506,0.1388
205,1302,1507,0.1388
211,1299,1510,0.1388
209,1316,1525,0.1388
207,1313,1520,0.1388
206,1311,1517,0.1388
206,1304,1510,0.1388
203,1306,1509,0.1388
202,1300,1502,0.1388
197,1315,1512,0.1388
202,1317,1519,0.1388
200,1312,1512,0.1388
196,1311,1507,0.1388
199,1314,1513,0.1388
197,1317,1514,0.1388
199,1311,1510,0.1388
201,1306,1507,0.1388
200,1303,1503,0.1388
207,1295,1502,0.1388
207,1299,1506,0.1388
204,1294,1498,0.1388
197,1308,1505,0.1388
198,1307,1505,0.1388
198,1323,1521,0.1388
205,1320,1525,0.1388
205,1320,1525,0.1388
204,1319,1523,0.1388
205,1317,1522,0.1388
201,1309,1510,0.1388
197,1307,1504,0.1388
201,1310,1511,0.1388
199,1310,1509,0.1388
200,1302,1502,0.1388
201,1314,1515,0.1388
197,1317,1514,0.1388
195,1308,1503,0.1388
199,1323,1522,0.1388
195,1317,1512,0.1388
196,1313,1509,0.1388
194,1328,1522,0.1388
193,1328,1521,0.1388
196,1323,1519,0.1388
199,1318,1517,0.1388
197,1309,1506,0.1388
198,1323,1521,0.1388
197,1321,1518,0.1388
193,1332,1525,0.1388
190,1334,1524,0.1388
183,1325,1508,0.1388
186,1341,1527,0.1388
188,1341,1529,0.1388
192,1325,1517,0.1388
186,1328,1514,0.1388
182,1331,1513,0.1388
181,1318,1499,0.1388
179,1324,1503,0.1388
179,1331,1510,0.1388
176,1309,1485,0.1388
179,1316,1495,0.1388
183,1318,1501,0.1388
182,1331,1513,0.1388
185,1327,1512,0.1388
190,1325,1515,0.1388
182,1326,1508,0.1388
182,1328,1510,0.1388
186,1324,1510,0.1388
186,1322,1508,0.1388
188,1316,1504,0.1388
192,1317,1509,0.1388
190,1320,1510,0.1388
191,1321,1512,0.1388
193,1319,1512,0.1388
191,1333,1524,0.1388
186,1329,1515,0.1388
188,1330,1518,0.1388
187,1334,1521,0.1388
183,1339,1522,0.1388
183,1336,1519,0.1388
187,1344,1531,0.1388
183,1338,1521,0.1388
183,1333,1516,0.1388
184,1326,1510,0.1388
179,1326,1505,0.1388
180,1335,1515,0.1388
179,1332,1511,0.1388
180,1335,1515,0.1388
173,1337,1510,0.1388
174,1337,1511,0.1388
173,1338,1511,0.1388
176,1346,1522,0.1388
175,1344,1519,0.1388
174,1344,1518,0.1388
178,1357,1535,0.1388
173,1353,1526,0.1388
174,1350,1524,0.1388
172,1341,1513,0.1388
176,1331,1507,0.1388
175,1344,1519,0.1388
177,1341,1518,0.1388
176,1341,1517,0.1388
172,1345,1517,0.1388
173,1347,1520,0.1388
174,1351,1525,0.1388
174,1339,1513,0.1388
174,1352,1526,0.1388
176,1351,1527,0.1388
175,1345,1520,0.1388
177,1348,1525,0.1388
174,1343,1517,0.1388
173,1358,1531,0.1388
172,1347,1519,0.1388
172,1346,1518,0.1388
169,1351,1520,0.1388
172,1344,1516,0.1388
173,1346,1519,0.1388
170,1356,1526,0.1388
167,1351,1518,0.1388
166,1344,1510,0.1388
166,1359,1525,0.1388
171,1357,1528,0.1388
169,1356,1525,0.1388
167,1358,1525,0.1388
169,1352,1521,0.1388
166,1356,1522,0.1388
166,1355,1521,0.1388
168,1341,1509,0.1388
167,1347,1514,0.1388
160,1354,1514,0.1388
164,1364,1528,0.1388
162,1362,1524,0.1388
165,1351,1516,0.1388
160,1360,1520,0.1388
160,1354,1514,0.1388
156,1360,1516,0.1388
152,1369,1521,0.1388
149,1371,1520,0.1388
152,1370,1522,0.1388
153,1365,1518,0.1388
156,1365,1521,0.1388
156,1363,1519,0.1388
151,1374,1525,0.1388
150,1371,1521,0.1388
147,1371,1518,0.1388
145,1359,1504,0.1388
149,1366,1515,0.1388
153,1356,1509,0.1388
153,1362,1515,0.1388
156,1366,1522,0.1388
156,1361,1517,0.1388
151,1361,1512,0.1388
148,1356,1504,0.1388
144,1354,1498,0.1388
151,1361,1512,0.1388
152,1366,1518,0.1388
147,1359,1506,0.1388
143,1369,1512,0.1388
145,1358,1503,0.1388
144,1368,1512,0.1388
147,1367,1514,0.1388
146,1368,1514,0.1388
144,1370,1514,0.1388
145,1364,1509,0.1388
146,1371,1517,0.1388
145,1376,1521,0.1388
141,1369,1510,0.1388
140,1374,1514,0.1388
139,1377,1516,0.1388
136,1370,1506,0.1388
138,1380,1518,0.1388
138,1377,1515,0.1388
136,1375,1511,0.1388
135,1369,1504,0.1388
136,1388,1524,0.1388
136,1389,1525,0.1388
136,1398,1534,0.1388
131,1381,1512,0.1388
125,1390,1515,0.1388
124,1376,1500,0.1388
124,1384,1508,0.1388
128,1386,1514,0.1388
128,1393,1521,0.1388
130,1403,1533,0.1388
128,1387,1515,0.1388
125,1400,1525,0.1388
122,1389,1511,0.1388
122,1393,1515,0.1388
120,1401,1521,0.1388
121,1404,1525,0.1388
121,1398,1519,0.1388
118,1402,1520,0.1388
114,1387,1501,0.1388
110,1383,1493,0.1388
113,1381,1494,0.1388
114,1390,1504,0.1388
117,1401,1518,0.1388
116,1408,1524,0.1388
115,1403,1518,0.1388
113,1402,1515,0.1388
112,1401,1513,0.1388
112,1404,1516,0.1388
113,1397,1510,0.1388
115,1395,1510,0.1388
114,1411,1525,0.1388
113,1409,1522,0.1388
115,1403,1518,0.1388
112,1400,1512,0.1388
112,1389,1501,0.1388
115,1364,1479,0.1388
117,1385,1502,0.1388
116,1396,1512,0.1388
116,1403,1519,0.1388
115,1402,1517,0.1388
115,1410,1525,0.1388
111,1406,1517,0.1388
114,1402,1516,0.1388
109,1397,1506,0.1388
109,1405,1514,0.1388
107,1401,1508,0.1388
108,1405,1513,0.1388
112,1407,1519,0.1388
110,1408,1518,0.1388
108,1409,1517,0.1388
108,1414,1522,0.1388
108,1424,1532,0.1388
106,1428,1534,0.1388
103,1427,1530,0.1388
108,1424,1532,0.1388
105,1413,1518,0.1388
102,1390,1492,0.1388
101,1398,1499,0.1388
99,1411,1510,0.1388
98,1419,1517,0.1388
100,1425,1525,0.1388
102,1424,1526,0.1388
101,1416,1517,0.1388
100,1419,1519,0.1388
101,1408,1509,0.1388
99,1403,1502,0.1388
97,1404,1501,0.1388
95,1414,1509,0.1388
93,1420,1513,0.1388
95,1422,1517,0.1388
96,1425,1521,0.1388
94,1422,1516,0.1388
92,1420,1512,0.1388
92,1414,1506,0.1388
94,1417,1511,0.1388
95,1425,1520,0.1388
96,1426,1522,0.1388
97,1420,1517,0.1388
96,1425,1521,0.1388
95,1431,1526,0.1388
91,1428,1519,0.1388
92,1445,1537,0.1388
95,1436,1531,0.1388
92,1437,1529,0.1388
92,1425,1517,0.1388
88,1412,1500,0.1388
89,1418,1507,0.1388
87,1422,1509,0.1388
87,1422,1509,0.1388
89,1434,1523,0.1388
88,1423,1511,0.1388
92,1424,1516,0.1388
92,1433,1525,0.1388
91,1426,1517,0.1388
92,1429,1521,0.1388
93,1425,1518,0.1388
91,1442,1533,0.1388
92,1433,1525,0.1388
96,1429,1525,0.1388
92,1421,1513,0.1388
90,1419,1509,0.1388
93,1437,1530,0.1388
91,1429,1520,0.1388
91,1438,1529,0.1388
93,1430,1523,0.1388
91,1427,1518,0.1388
93,1435,1528,0.1388
92,1435,1527,0.1388
88,1441,1529,0.1388
89,1427,1516,0.1388
91,1429,1520,0.1388
94,1411,1505,0.1388
93,1412,1505,0.1388
90,1437,1527,0.1388
86,1440,1526,0.1388
88,1439,1527,0.1388
88,1438,1526,0.1388
90,1433,1523,0.1388
94,1432,1526,0.1388
92,1413,1505,0.1388
92,1424,1516,0.1388
92,1423,1515,0.1388
91,1425,1516,0.1388
89,1435,1524,0.1388
88,1432,1520,0.1388
90,1428,1518,0.1388
91,1435,1526,0.1388
90,1426,1516,0.1388
89,1436,1525,0.1388
89,1421,1510,0.1388
87,1434,1521,0.1388
87,1432,1519,0.1388
87,1431,1518,0.1388
85,1428,1513,0.1388
84,1436,1520,0.1388
82,1444,1526,0.1388
83,1449,1532,0.1388
85,1434,1519,0.1388
86,1430,1516,0.1388
84,1429,1513,0.1388
83,1425,1508,0.1388
85,1434,1519,0.1388
88,1428,1516,0.1388
88,1426,1514,0.1388
85,1416,1501,0.1388
84,1428,1512,0.1388
83,1427,1510,0.1388
87,1436,1523,0.1388
87,1426,1513,0.1388
85,1426,1511,0.1388
86,1432,1518,0.1388
85,1435,1520,0.1388
85,1432,1517,0.1388
84,1432,1516,0.1388
86,1430,1516,0.1388
88,1437,1525,0.1388
87,1441,1528,0.1388
86,1427,1513,0.1388
85,1428,1513,0.1388
84,1433,1517,0.1388
84,1434,1518,0.1388
86,1427,1513,0.1388
84,1419,1503,0.1388
88,1423,1511,0.1388
83,1422,1505,0.1388
81,1429,1510,0.1388
76,1429,1505,0.1388
75,1430,1505,0.1388
73,1426,1499,0.1388
75,1430,1505,0.1388
75,1420,1495,0.1388
73,1421,1494,0.1388
72,1422,1494,0.1388
73,1445,1518,0.1388
68,1447,1515,0.1388
69,1444,1513,0.1388
69,1444,1513,0.1388
70,1455,1525,0.1388
67,1455,1522,0.1388
68,1451,1519,0.1388
70,1458,1528,0.1388
68,1447,1515,0.1388
69,1452,1521,0.1388
67,1452,1519,0.1388
69,1459,1528,0.1388
65,1453,1518,0.1388
68,1446,1514,0.1388
70,1446,1516,0.1388
70,1446,1516,0.1388
69,1454,1523,0.1388
66,1456,1522,0.1388
65,1453,1518,0.1388
61,1448,1509,0.1388
58,1441,1499,0.1388
60,1440,1500,0.1388
60,1437,1497,0.1388
62,1438,1500,0.1388
63,1441,1504,0.1388
61,1450,1511,0.1388
61,1450,1511,0.1388
62,1458,1520,0.1388
61,1465,1526,0.1388
62,1456,1518,0.1388
62,1454,1516,0.1388
64,1449,1513,0.1388
64,1447,1511,0.1388
64,1451,1515,0.1388
65,1441,1506,0.1388
63,1455,1518,0.1388
60,1453,1513,0.1388
64,1455,1519,0.1388
65,1460,1525,0.1388
65,1450,1515,0.1388
64,1435,1499,0.1388
63,1445,1508,0.1388
63,1455,1518,0.1388
61,1457,1518,0.1388
62,1448,1510,0.1388
61,1452,1513,0.1388
61,1449,1510,0.1388
62,1450,1512,0.1388
62,1438,1500,0.1388
62,1451,1513,0.1388
61,1452,1513,0.1388
63,1451,1514,0.1388
63,1454,1517,0.1388
62,1450,1512,0.1388
61,1451,1512,0.1388
61,1448,1509,0.1388
62,1463,1525,0.1388
62,1470,1532,0.1388
63,1462,1525,0.1388
62,1461,1523,0.1388
62,1476,1538,0.1388
64,1469,1533,0.1388
61,1467,1528,0.1388
62,1461,1523,0.1388
65,1452,1517,0.1388
64,1461,1525,0.1388
66,1459,1525,0.1388
67,1441,1508,0.1388
67,1446,1513,0.1388
67,1446,1513,0.1388
66,1458,1524,0.1388
67,1446,1513,0.1388
65,1447,1512,0.1388
66,1444,1510,0.1388
64,1454,1518,0.1388
62,1452,1514,0.1388
63,1448,1511,0.1388
64,1452,1516,0.1388
63,1453,1516,0.1388
64,1438,1502,0.1388
61,1447,1508,0.1388
62,1441,1503,0.1388
61,1461,1522,0.1388
61,1454,1515,0.1388
61,1443,1504,0.1388
62,1443,1505,0.1388
62,1447,1509,0.1388
59,1453,1512,0.1388
58,1453,1511,0.1388
57,1445,1502,0.1388
59,1445,1504,0.1388
59,1436,1495,0.1388
57,1448,1505,0.1388
57,1453,1510,0.1388
55,1457,1512,0.1388
56,1448,1504,0.1388
60,1455,1515,0.1388
62,1451,1513,0.1388
59,1456,1515,0.1388
61,1441,1502,0.1388
61,1446,1507,0.1388
60,1440,1500,0.1388
60,1445,1505,0.1388
59,1448,1507,0.1388
60,1450,1510,0.1388
57,1460,1517,0.1388
57,1460,1517,0.1388
55,1470,1525,0.1388
57,1471,1528,0.1388
58,1476,1534,0.1388
55,1470,1525,0.1388
57,1460,1517,0.1388
56,1452,1508,0.1388
57,1455,1512,0.1388
58,1456,1514,0.1388
57,1455,1512,0.1388
59,1452,1511,0.1388
59,1451,1510,0.1388
57,1453,1510,0.1388
58,1430,1488,0.1388
58,1430,1488,0.1388
60,1437,1497,0.1388
58,1443,1501,0.1388
56,1435,1491,0.1388
56,1448,1504,0.1388
53,1454,1507,0.1388
56,1455,1511,0.1388
57,1453,1510,0.1388
54,1460,1514,0.1388
57,1463,1520,0.1388
56,1446,1502,0.1388
57,1450,1507,0.1388
58,1457,1515,0.1388
61,1447,1508,0.1388
61,1454,1515,0.1388
59,1447,1506,0.1388
59,1446,1505,0.1388
59,1446,1505,0.1388
60,1459,1519,0.1388
62,1465,1527,0.1388
61,1462,1523,0.1388
62,1462,1524,0.1388
62,1443,1505,0.1388
62,1445,1507,0.1388
62,1442,1504,0.1388
61,1451,1512,0.1388
62,1453,1515,0.1388
62,1452,1514,0.1388
59,1457,1516,0.1388
61,1478,1539,0.1388
62,1477,1539,0.1388
63,1454,1517,0.1388
62,1449,1511,0.1388
63,1453,1516,0.1388
65,1453,1518,0.1388
66,1438,1504,0.1388
66,1434,1500,0.1388
66,1421,1487,0.1388
65,1435,1500,0.1388
63,1433,1496,0.1388
65,1450,1515,0.1388
64,1441,1505,0.1388
65,1446,1511,0.1388
66,1441,1507,0.1388
65,1453,1518,0.1388
64,1459,1523,0.1388
63,1472,1535,0.1388
62,1462,1524,0.1388
62,1461,1523,0.1388
59,1465,1524,0.1388
59,1460,1519,0.1388
60,1458,1518,0.1388
62,1459,1521,0.1388
61,1448,1509,0.1388
60,1448,1508,0.1388
60,1462,1522,0.1388
61,1460,1521,0.1388
60,1467,1527,0.1388
62,1462,1524,0.1388
62,1467,1529,0.1388
62,1462,1524,0.1388
63,1453,1516,0.1388
63,1457,1520,0.1388
61,1461,1522,0.1388
61,1460,1521,0.1388
61,1466,1527,0.1388
61,1470,1531,0.1388
61,1464,1525,0.1388
63,1460,1523,0.1388
61,1453,1514,0.1388
62,1457,1519,0.1388
60,1461,1521,0.1388
59,1456,1515,0.1388
59,1447,1506,0.1388
62,1458,1520,0.1388
60,1452,1512,0.1388
60,1460,1520,0.1388
60,1471,1531,0.1388
60,1457,1517,0.1388
57,1459,1516,0.1388
60,1462,1522,0.1388
60,1454,1514,0.1388
60,1456,1516,0.1388
61,1450,1511,0.1388
60,1433,1493,0.1388
60,1450,1510,0.1388
60,1455,1515,0.1388
56,1458,1514,0.1388
57,1462,1519,0.1388
56,1467,1523,0.1388
58,1453,1511,0.1388
59,1458,1517,0.1388
59,1468,1527,0.1388
61,1455,1516,0.1388
62,1451,1513,0.1388
64,1453,1517,0.1388
64,1446,1510,0.1388
63,1446,1509,0.1388
62,1451,1513,0.1388
61,1447,1508,0.1388
62,1453,1515,0.1388
65,1454,1519,0.1388
64,1449,1513,0.1388
63,1442,1505,0.1388
63,1445,1508,0.1388
61,1451,1512,0.1388
56,1441,1497,0.1388
58,1442,1500,0.1388
56,1451,1507,0.1388
55,1444,1499,0.1388
57,1452,1509,0.1388
58,1462,1520,0.1388
58,1465,1523,0.1388
59,1461,1520,0.1388
56,1452,1508,0.1388
58,1449,1507,0.1388
61,1461,1522,0.1388
58,1463,1521,0.1388
57,1463,1520,0.1388
56,1465,1521,0.1388
53,1456,1509,0.1388
52,1463,1515,0.1388
52,1456,1508,0.1388
51,1463,1514,0.1388
51,1465,1516,0.1388
52,1461,1513,0.1388
53,1469,1522,0.1388
55,1470,1525,0.1388
53,1466,1519,0.1388
53,1464,1517,0.1388
54,1474,1528,0.1388
55,1481,1536,0.1388
54,1461,1515,0.1388
50,1466,1516,0.1388
48,1463,1511,0.1388
48,1459,1507,0.1388
47,1464,1511,0.1388
48,1479,1527,0.1388
48,1478,1526,0.1388
48,1473,1521,0.1388
49,1478,1527,0.1388
51,1462,1513,0.1388
51,1453,1504,0.1388
50,1461,1511,0.1388
51,1471,1522,0.1388
50,1469,1519,0.1388
50,1478,1528,0.1388
51,1474,1525,0.1388
51,1475,1526,0.1388
49,1458,1507,0.1388
47,1466,1513,0.1388
47,1479,1526,0.1388
45,1468,1513,0.1388
45,1468,1513,0.1388
47,1455,1502,0.1388
47,1455,1502,0.1388
47,1448,1495,0.1388
50,1452,1502,0.1388
49,1465,1514,0.1388
47,1470,1517,0.1388
46,1476,1522,0.1388
46,1473,1519,0.1388
44,1469,1513,0.1388
44,1473,1517,0.1388
45,1457,1502,0.1388
44,1469,1513,0.1388
45,1480,1525,0.1388
47,1485,1532,0.1388
45,1478,1523,0.1388
43,1485,1528,0.1388
46,1475,1521,0.1388
45,1470,1515,0.1388
45,1467,1512,0.1388
45,1462,1507,0.1388
43,1465,1508,0.1388
42,1471,1513,0.1388
42,1459,1501,0.1388
43,1457,1500,0.1388
43,1455,1498,0.1388
43,1464,1507,0.1388
43,1475,1518,0.1388
42,1476,1518,0.1388
43,1474,1517,0.1388
45,1487,1532,0.1388
44,1474,1518,0.1388
43,1483,1526,0.1388
43,1485,1528,0.1388
43,1485,1528,0.1388
43,1481,1524,0.1388
43,1478,1521,0.1388
42,1475,1517,0.1388
42,1455,1497,0.1388
42,1466,1508,0.1388
40,1478,1518,0.1388
43,1471,1514,0.1388
42,1462,1504,0.1388
41,1463,1504,0.1388
42,1473,1515,0.1388
44,1471,1515,0.1388
42,1481,1523,0.1388
42,1475,1517,0.1388
41,1465,1506,0.1388
41,1472,1513,0.1388
42,1474,1516,0.1388
42,1473,1515,0.1388
41,1480,1521,0.1388
41,1469,1510,0.1388
40,1476,1516,0.1388
39,1486,1525,0.1388
42,1482,1524,0.1388
36,1475,1511,0.1388
37,1474,1511,0.1388
38,1484,1522,0.1388
40,1496,1536,0.1388
39,1469,1508,0.1388
38,1463,1501,0.1388
37,1457,1494,0.1388
39,1473,1512,0.1388
39,1473,1512,0.1388
38,1465,1503,0.1388
40,1470,1510,0.1388
39,1475,1514,0.1388
45,1467,1512,0.1388
45,1485,1530,0.1388
44,1470,1514,0.1388
42,1465,1507,0.1388
43,1463,1506,0.1388
42,1458,1500,0.1388
41,1461,1502,0.1388
41,1481,1522,0.1388
40,1488,1528,0.1388
42,1478,1520,0.1388
41,1483,1524,0.1388
40,1485,1525,0.1388
39,1461,1500,0.1388
38,1473,1511,0.1388
39,1472,1511,0.1388
41,1479,1520,0.1388
41,1492,1533,0.1388
41,1495,1536,0.1388
42,1485,1527,0.1388
40,1475,1515,0.1388
39,1466,1505,0.1388
40,1463,1503,0.1388
42,1471,1513,0.1388
42,1468,1510,0.1388
43,1465,1508,0.1388
42,1471,1513,0.1388
42,1467,1509,0.1388
41,1469,1510,0.1388
41,1474,1515,0.1388
41,1476,1517,0.1388
40,1468,1508,0.1388
40,1472,1512,0.1388
39,1482,1521,0.1388
39,1476,1515,0.1388
39,1485,1524,0.1388
39,1484,1523,0.1388
38,1491,1529,0.1388
38,1493,1531,0.1388
39,1484,1523,0.1388
40,1484,1524,0.1388
41,1483,1524,0.1388
41,1476,1517,0.1388
41,1463,1504,0.1388
39,1482,1521,0.1388
38,1479,1517,0.1388
39,1482,1521,0.1388
39,1459,1498,0.1388
38,1473,1511,0.1388
38,1477,1515,0.1388
38,1479,1517,0.1388
38,1470,1508,0.1388
38,1476,1514,0.1388
37,1469,1506,0.1388
35,1466,1501,0.1388
38,1485,1523,0.1388
37,1480,1517,0.1388
35,1484,1519,0.1388
37,1483,1520,0.1388
38,1491,1529,0.1388
37,1482,1519,0.1388
36,1483,1519,0.1388
37,1471,1508,0.1388
36,1486,1522,0.1388
35,1485,1520,0.1388
35,1480,1515,0.1388
34,1478,1512,0.1388
34,1468,1502,0.1388
33,1472,1505,0.1388
32,1474,1506,0.1388
32,1475,1507,0.1388
32,1486,1518,0.1388
32,1485,1517,0.1388
30,1489,1519,0.1388
32,1491,1523,0.1388
31,1487,1518,0.1388
31,1478,1509,0.1388
30,1478,1508,0.1388
30,1489,1519,0.1388
31,1480,1511,0.1388
32,1478,1510,0.1388
31,1459,1490,0.1388
32,1473,1505,0.1388
32,1474,1506,0.1388
33,1468,1501,0.1388
32,1479,1511,0.1388
32,1491,1523,0.1388
31,1485,1516,0.1388
29,1485,1514,0.1388
29,1490,1519,0.1388
26,1484,1510,0.1388
26,1486,1512,0.1388
26,1502,1528,0.1388
27,1488,1515,0.1388
28,1485,1513,0.1388
26,1500,1526,0.1388
26,1493,1519,0.1388
27,1496,1523,0.1388
26,1475,1501,0.1388
28,1481,1509,0.1388
28,1476,1504,0.1388
27,1479,1506,0.1388
27,1475,1502,0.1388
25,1481,1506,0.1388
24,1475,1499,0.1388
25,1479,1504,0.1388
29,1477,1506,0.1388
31,1489,1520,0.1388
29,1483,1512,0.1388
29,1494,1523,0.1388
30,1492,1522,0.1388
28,1493,1521,0.1388
28,1490,1518,0.1388
28,1487,1515,0.1388
29,1481,1510,0.1388
28,1483,1511,0.1388
25,1494,1519,0.1388
25,1480,1505,0.1388
27,1492,1519,0.1388
29,1497,1526,0.1388
28,1479,1507,0.1388
28,1472,1500,0.1388
27,1477,1504,0.1388
26,1483,1509,0.1388
26,1480,1506,0.1388
26,1478,1504,0.1388
26,1467,1493,0.1388
26,1473,1499,0.1388
25,1488,1513,0.1388
24,1495,1519,0.1388
25,1503,1528,0.1388
25,1504,1529,0.1388
24,1504,1528,0.1388
24,1503,1527,0.1388
25,1494,1519,0.1388
26,1487,1513,0.1388
24,1490,1514,0.1388
26,1490,1516,0.1388
24,1499,1523,0.1388
25,1481,1506,0.1388
25,1491,1516,0.1388
24,1493,1517,0.1388
23,1495,1518,0.1388
24,1500,1524,0.1388
24,1499,1523,0.1388
23,1504,1527,0.1388
22,1486,1508,0.1388
22,1489,1511,0.1388
23,1496,1519,0.1388
22,1493,1515,0.1388
21,1504,1525,0.1388
21,1497,1518,0.1388
22,1507,1529,0.1388
22,1500,1522,0.1388
22,1505,1527,0.1388
22,1505,1527,0.1388
23,1499,1522,0.1388
22,1508,1530,0.1388
23,1506,1529,0.1388
24,1498,1522,0.1388
24,1492,1516,0.1388
24,1474,1498,0.1388
26,1480,1506,0.1388
26,1478,1504,0.1388
26,1500,1526,0.1388
27,1501,1528,0.1388
26,1491,1517,0.1388
25,1496,1521,0.1388
24,1499,1523,0.1388
24,1507,1531,0.1388
24,1500,1524,0.1388
24,1500,1524,0.1388
23,1486,1509,0.1388
24,1492,1516,0.1388
24,1493,1517,0.1388
23,1484,1507,0.1388
25,1495,1520,0.1388
24,1491,1515,0.1388
23,1493,1516,0.1388
24,1487,1511,0.1388
24,1494,1518,0.1388
24,1496,1520,0.1388
23,1492,1515,0.1388
24,1490,1514,0.1388
23,1483,1506,0.1388
24,1482,1506,0.1388
24,1477,1501,0.1388
25,1481,1506,0.1388
25,1473,1498,0.1388
24,1489,1513,0.1388
26,1507,1533,0.1388
25,1493,1518,0.1388
27,1501,1528,0.1388
27,1501,1528,0.1388
27,1483,1510,0.1388
24,1485,1509,0.1388
24,1485,1509,0.1388
24,1481,1505,0.1388
24,1488,1512,0.1388
24,1483,1507,0.1388
24,1489,1513,0.1388
24,1488,1512,0.1388
24,1490,1514,0.1388
27,1484,1511,0.1388
26,1489,1515,0.1388
24,1496,1520,0.1388
25,1486,1511,0.1388
25,1480,1505,0.1388
27,1485,1512,0.1388
28,1491,1519,0.1388
28,1502,1530,0.1388
30,1485,1515,0.1388
28,1490,1518,0.1388
29,1490,1519,0.1388
29,1491,1520,0.1388
29,1478,1507,0.1388
28,1491,1519,0.1388
26,1497,1523,0.1388
25,1487,1512,0.1388
28,1478,1506,0.1388
27,1484,1511,0.1388
28,1484,1512,0.1388
28,1474,1502,0.1388
29,1468,1497,0.1388
30,1474,1504,0.1388
30,1474,1504,0.1388
29,1471,1500,0.1388
30,1477,1507,0.1388
29,1485,1514,0.1388
28,1483,1511,0.1388
28,1476,1504,0.1388
27,1481,1508,0.1388
28,1495,1523,0.1388
25,1487,1512,0.1388
25,1489,1514,0.1388
27,1485,1512,0.1388
28,1492,1520,0.1388
28,1482,1510,0.1388
27,1495,1522,0.1388
26,1491,1517,0.1388
26,1491,1517,0.1388
27,1496,1523,0.1388
26,1490,1516,0.1388
27,1493,1520,0.1388
26,1500,1526,0.1388
25,1492,1517,0.1388
24,1475,1499,0.1388
27,1484,1511,0.1388
26,1488,1514,0.1388
26,1497,1523,0.1388
27,1499,1526,0.1388
28,1505,1533,0.1388
28,1490,1518,0.1388
29,1489,1518,0.1388
28,1484,1512,0.1388
27,1475,1502,0.1388
28,1476,1504,0.1388
27,1480,1507,0.1388
28,1482,1510,0.1388
29,1487,1516,0.1388
30,1493,1523,0.1388
29,1488,1517,0.1388
29,1486,1515,0.1388
29,1483,1512,0.1388
30,1479,1509,0.1388
30,1471,1501,0.1388
27,1478,1505,0.1388
27,1487,1514,0.1388
28,1488,1516,0.1388
26,1492,1518,0.1388
28,1487,1515,0.1388
27,1477,1504,0.1388
26,1475,1501,0.1388
27,1469,1496,0.1388
27,1473,1500,0.1388
26,1481,1507,0.1388
26,1486,1512,0.1388
26,1494,1520,0.1388
26,1485,1511,0.1388
26,1488,1514,0.1388
28,1485,1513,0.1388
29,1474,1503,0.1388
30,1482,1512,0.1388
31,1485,1516,0.1388
29,1479,1508,0.1388
29,1491,1520,0.1388
29,1503,1532,0.1388
29,1501,1530,0.1388
28,1496,1524,0.1388
25,1498,1523,0.1388
26,1503,1529,0.1388
26,1491,1517,0.1388
26,1497,1523,0.1388
27,1486,1513,0.1388
27,1489,1516,0.1388
27,1506,1533,0.1388
28,1499,1527,0.1388
28,1485,1513,0.1388
29,1491,1520,0.1388
29,1496,1525,0.1388
29,1506,1535,0.1388
29,1497,1526,0.1388
29,1487,1516,0.1388
29,1488,1517,0.1388
27,1494,1521,0.1388
27,1489,1516,0.1388
28,1494,1522,0.1388
28,1488,1516,0.1388
30,1480,1510,0.1388
30,1493,1523,0.1388
29,1492,1521,0.1388
29,1491,1520,0.1388
29,1494,1523,0.1388
29,1489,1518,0.1388
29,1487,1516,0.1388
29,1481,1510,0.1388
29,1478,1507,0.1388
27,1483,1510,0.1388
27,1483,1510,0.1388
26,1486,1512,0.1388
26,1499,1525,0.1388
26,1483,1509,0.1388
26,1486,1512,0.1388
24,1490,1514,0.1388
24,1497,1521,0.1388
25,1496,1521,0.1388
24,1502,1526,0.1388
24,1501,1525,0.1388
25,1498,1523,0.1388
28,1500,1528,0.1388
27,1506,1533,0.1388
25,1513,1538,0.1388
26,1500,1526,0.1388
25,1491,1516,0.1388
25,1490,1515,0.1388
25,1480,1505,0.1388
25,1480,1505,0.1388
27,1474,1501,0.1388
27,1487,1514,0.1388
27,1483,1510,0.1388
26,1483,1509,0.1388
25,1500,1525,0.1388
23,1488,1511,0.1388
22,1490,1512,0.1388
22,1505,1527,0.1388
23,1502,1525,0.1388
26,1488,1514,0.1388
26,1493,1519,0.1388
25,1479,1504,0.1388
24,1479,1503,0.1388
24,1483,1507,0.1388
25,1472,1497,0.1388
25,1480,1505,0.1388
25,1491,1516,0.1388
25,1499,1524,0.1388
24,1499,1523,0.1388
24,1502,1526,0.1388
23,1494,1517,0.1388
24,1492,1516,0.1388
24,1497,1521,0.1388
23,1481,1504,0.1388
23,1486,1509,0.1388
24,1481,1505,0.1388
24,1495,1519,0.1388
25,1502,1527,0.1388
24,1496,1520,0.1388
25,1495,1520,0.1388
29,1490,1519,0.1388
29,1493,1522,0.1388
30,1499,1529,0.1388
29,1484,1513,0.1388
25,1487,1512,0.1388
24,1497,1521,0.1388
24,1506,1530,0.1388
25,1503,1528,0.1388
24,1496,1520,0.1388
24,1490,1514,0.1388
25,1483,1508,0.1388
24,1480,1504,0.1388
24,1480,1504,0.1388
25,1467,1492,0.1388
26,1480,1506,0.1388
25,1490,1515,0.1388
25,1481,1506,0.1388
24,1489,1513,0.1388
24,1490,1514,0.1388
24,1495,1519,0.1388
25,1491,1516,0.1388
27,1487,1514,0.1388
27,1483,1510,0.1388
26,1472,1498,0.1388
27,1474,1501,0.1388
26,1471,1497,0.1388
28,1481,1509,0.1388
28,1483,1511,0.1388
28,1481,1509,0.1388
27,1495,1522,0.1388
25,1486,1511,0.1388
25,1490,1515,0.1388
26,1471,1497,0.1388
27,1481,1508,0.1388
28,1499,1527,0.1388
28,1482,1510,0.1388
26,1494,1520,0.1388
26,1501,1527,0.1388
29,1486,1515,0.1388
29,1482,1511,0.1388
28,1490,1518,0.1388
28,1484,1512,0.1388
27,1478,1505,0.1388
26,1474,1500,0.1388
27,1490,1517,0.1388
26,1497,1523,0.1388
25,1490,1515,0.1388
24,1486,1510,0.1388
23,1494,1517,0.1388
23,1497,1520,0.1388
23,1503,1526,0.1388
24,1490,1514,0.1388
22,1492,1514,0.1388
21,1491,1512,0.1388
20,1491,1511,0.1388
21,1496,1517,0.1388
21,1497,1518,0.1388
21,1508,1529,0.1388
20,1518,1538,0.1388
18,1513,1531,0.1388
17,1497,1514,0.1388
17,1503,1520,0.1388
17,1499,1516,0.1388
17,1485,1502,0.1388
15,1498,1513,0.1388
15,1493,1508,0.1388
15,1495,1510,0.1388
16,1492,1508,0.1388
16,1485,1501,0.1388
16,1496,1512,0.1388
16,1495,1511,0.1388
16,1494,1510,0.1388
15,1501,1516,0.1388
13,1508,1521,0.1388
13,1517,1530,0.1388
13,1515,1528,0.1388
15,1518,1533,0.1388
15,1506,1521,0.1388
14,1515,1529,0.1388
13,1504,1517,0.1388
13,1511,1524,0.1388
12,1516,1528,0.1388
12,1511,1523,0.1388
12,1506,1518,0.1388
13,1501,1514,0.1388
13,1506,1519,0.1388
13,1501,1514,0.1388
11,1517,1528,0.1388
11,1507,1518,0.1388
11,1505,1516,0.1388
10,1495,1505,0.1388
11,1518,1529,0.1388
11,1511,1522,0.1388
11,1514,1525,0.1388
11,1519,1530,0.1388
11,1520,1531,0.1388
10,1525,1535,0.1388
10,1530,1540,0.1388
10,1524,1534,0.1388
9,1508,1517,0.1388
9,1509,1518,0.1388
9,1514,1523,0.1388
8,1505,1513,0.1388
7,1516,1523,0.1388
7,1508,1515,0.1388
7,1504,1511,0.1388
7,1512,1519,0.1388
6,1513,1519,0.1388
6,1512,1518,0.1388
6,1510,1516,0.1388
6,1512,1518,0.1388
6,1511,1517,0.1388
5,1502,1507,0.1388
6,1500,1506,0.1388
7,1501,1508,0.1388
8,1498,1506,0.1388
8,1493,1501,0.1388
8,1496,1504,0.1388
8,1508,1516,0.1388
8,1505,1513,0.1388
8,1507,1515,0.1388
8,1500,1508,0.1388
8,1501,1509,0.1388
8,1502,1510,0.1388
9,1510,1519,0.1388
9,1523,1532,0.1388
10,1526,1536,0.1388
8,1514,1522,0.1388
8,1504,1512,0.1388
8,1516,1524,0.1388
7,1525,1532,0.1388
8,1526,1534,0.1388
8,1511,1519,0.1388
7,1505,1512,0.1388
7,1505,1512,0.1388
6,1498,1504,0.1388
6,1501,1507,0.1388
6,1496,1502,0.1388
6,1516,1522,0.1388
6,1521,1527,0.1388
5,1518,1523,0.1388
4,1528,1532,0.1388
4,1518,1522,0.1388
4,1519,1523,0.1388
4,1511,1515,0.1388
4,1512,1516,0.1388
4,1515,1519,0.1388
4,1517,1521,0.1388
3,1522,1525,0.1388
3,1524,1527,0.1388
3,1511,1514,0.1388
3,1514,1517,0.1388
4,1513,1517,0.1388
4,1525,1529,0.1388
4,1519,1523,0.1388
4,1508,1512,0.1388
4,1512,1516,0.1388
4,1517,1521,0.1388
4,1503,1507,0.1388
4,1509,1513,0.1388
4,1513,1517,0.1388
4,1503,1507,0.1388
4,1500,1504,0.1388
4,1504,1508,0.1388
4,1510,1514,0.1388
4,1505,1509,0.1388
4,1509,1513,0.1388
4,1507,1511,0.1388
4,1513,1517,0.1388
4,1510,1514,0.1388
4,1513,1517,0.1388
4,1518,1522,0.1388
4,1513,1517,0.1388
4,1512,1516,0.1388
4,1513,1517,0.1388
4,1501,1505,0.1388
4,1508,1512,0.1388
4,1511,1515,0.1388
4,1524,1528,0.1388
3,1517,1520,0.1388
3,1526,1529,0.1388
3,1520,1523,0.1388
2,1516,1518,0.1388
2,1513,1515,0.1388
2,1513,1515,0.1388
2,1500,1502,0.1388
2,1517,1519,0.1388
2,1511,1513,0.1388
2,1511,1513,0.1388
2,1521,1523,0.1388
2,1523,1525,0.1388
2,1519,1521,0.1388
2,1506,1508,0.1388
2,1523,1525,0.1388
2,1514,1516,0.1388
2,1488,1490,0.1388
2,1505,1507,0.1388
2,1498,1500,0.1388
3,1489,1492,0.1388
3,1493,1496,0.1388
3,1520,1523,0.1388
3,1515,1518,0.1388
4,1522,1526,0.1388
3,1525,1528,0.1388
3,1516,1519,0.1388
3,1510,1513,0.1388
3,1510,1513,0.1388
3,1507,1510,0.1388
2,1513,1515,0.1388
2,1506,1508,0.1388
2,1521,1523,0.1388
2,1510,1512,0.1388
2,1522,1524,0.1388
2,1509,1511,0.1388
2,1507,1509,0.1388
1,1515,1516,0.1388
1,1511,1512,0.1388
1,1525,1526,0.1388
1,1520,1521,0.1388
1,1514,1515,0.1388
1,1524,1525,0.1388
1,1514,1515,0.1388
1,1513,1514,0.1388
1,1514,1515,0.1388
1,1515,1516,0.1388
1,1526,1527,0.1388
1,1527,1528,0.1388
1,1509,1510,0.1388
1,1511,1512,0.1388
1,1512,1513,0.1388
1,1512,1513,0.1388
1,1499,1500,0.1388
1,1506,1507,0.1388
1,1503,1504,0.1388
1,1506,1507,0.1388
1,1508,1509,0.1388
1,1524,1525,0.1388
1,1518,1519,0.1388
1,1533,1534,0.1388
1,1523,1524,0.1388
1,1513,1514,0.1388
1,1519,1520,0.1388
1,1523,1524,0.1388
1,1508,1509,0.1388
2,1511,1513,0.1388
2,1516,1518,0.1388
2,1522,1524,0.1388
3,1522,1525,0.1388
3,1523,1526,0.1388
3,1525,1528,0.1388
3,1521,1524,0.1388
3,1520,1523,0.1388
3,1515,1518,0.1388
3,1508,1511,0.1388
3,1525,1528,0.1388
3,1513,1516,0.1388
4,1518,1522,0.1388
3,1513,1516,0.1388
3,1517,1520,0.1388
3,1501,1504,0.1388
3,1501,1504,0.1388
3,1510,1513,0.1388
2,1512,1514,0.1388
2,1519,1521,0.1388
2,1522,1524,0.1388
2,1506,1508,0.1388
2,1513,1515,0.1388
2,1520,1522,0.1388
2,1524,1526,0.1388
2,1512,1514,0.1388
2,1517,1519,0.1388
2,1523,1525,0.1388
1,1530,1531,0.1388
1,1534,1535,0.1388
1,1523,1524,0.1388
1,1519,1520,0.1388
1,1520,1521,0.1388
1,1516,1517,0.1388
1,1515,1516,0.1388
1,1522,1523,0.1388
1,1528,1529,0.1388
1,1525,1526,0.1388
1,1520,1521,0.1388
1,1515,1516,0.1388
1,1513,1514,0.1388
1,1503,1504,0.1388
1,1505,1506,0.1388
1,1504,1505,0.1388
1,1517,1518,0.1388
1,1528,1529,0.1388
1,1532,1533,0.1388
1,1530,1531,0.1388
1,1527,1528,0.1388
1,1504,1505,0.1388
1,1509,1510,0.1388
1,1492,1493,0.1388
1,1510,1511,0.1388
1,1518,1519,0.1388
1,1513,1514,0.1388
1,1518,1519,0.1388
1,1512,1513,0.1388
1,1517,1518,0.1388
1,1528,1529,0.1388
1,1525,1526,0.1388
1,1530,1531,0.1388
1,1517,1518,0.1388
1,1530,1531,0.1388
1,1522,1523,0.1388
1,1509,1510,0.1388
1,1514,1515,0.1388
0,1526,1526,0.1388
