1376,27,1403,0.1388
1407,26,1433,0.1388
1413,26,1439,0.1388
1431,25,1456,0.1388
1451,23,1474,0.1388
1455,20,1475,0.1388
1463,23,1486,0.1388
1443,22,1465,0.1388
1456,22,1478,0.1388
1462,21,1483,0.1388
1474,23,1497,0.1388
1469,23,1492,0.1388
1453,23,1476,0.1388
1461,24,1485,0.1388
1450,24,1474,0.1388
1450,24,1474,0.1388
1461,24,1485,0.1388
1468,26,1494,0.1388
1463,28,1491,0.1388
1472,29,1501,0.1388
1467,26,1493,0.1388
1473,27,1500,0.1388
1483,27,1510,0.1388
1467,26,1493,0.1388
1460,28,1488,0.1388
1469,29,1498,0.1388
1467,29,1496,0.1388
1462,28,1490,0.1388
1470,28,1498,0.1388
1474,27,1501,0.1388
1465,29,1494,0.1388
1464,29,1493,0.1388
1455,28,1483,0.1388
1461,31,1492,0.1388
1465,33,1498,0.1388
1475,35,1510,0.1388
1473,34,1507,0.1388
1463,34,1497,0.1388
1473,34,1507,0.1388
1467,33,1500,0.1388
1461,33,1494,0.1388
1463,33,1496,0.1388
1449,35,1484,0.1388
1433,33,1466,0.1388
1450,34,1484,0.1388
1447,35,1482,0.1388
1454,33,1487,0.1388
1444,32,1476,0.1388
1446,35,1481,0.1388
1449,33,1482,0.1388
1455,35,1490,0.1388
1450,36,1486,0.1388
1443,34,1477,0.1388
1449,36,1485,0.1388
1462,36,1498,0.1388
1463,36,1499,0.1388
1445,35,1480,0.1388
1457,34,1491,0.1388
1461,34,1495,0.1388
1459,34,1493,0.1388
1470,36,1506,0.1388
1473,39,1512,0.1388
1463,38,1501,0.1388
1473,40,1513,0.1388
1466,41,1507,0.1388
1441,41,1482,0.1388
1436,40,1476,0.1388
1446,40,1486,0.1388
1438,42,1480,0.1388
1446,42,1488,0.1388
1438,41,1479,0.1388
1452,43,1495,0.1388
1453,43,1496,0.1388
1463,41,1504,0.1388
1462,41,1503,0.1388
1470,42,1512,0.1388
1445,44,1489,0.1388
1439,45,1484,0.1388
1457,44,1501,0.1388
1454,44,1498,0.1388
1456,42,1498,0.1388
1449,43,1492,0.1388
1451,43,1494,0.1388
1442,42,1484,0.1388
1430,45,1475,0.1388
1444,42,1486,0.1388
1448,42,1490,0.1388
1459,43,1502,0.1388
1458,44,1502,0.1388
1467,43,1510,0.1388
1456,43,1499,0.1388
1450,43,1493,0.1388
1449,41,1490,0.1388
1452,42,1494,0.1388
1454,42,1496,0.1388
1451,42,1493,0.1388
1436,45,1481,0.1388
1440,46,1486,0.1388
1433,48,1481,0.1388
1439,49,1488,0.1388
1441,50,1491,0.1388
1446,48,1494,0.1388
1448,46,1494,0.1388
1443,45,1488,0.1388
1440,47,1487,0.1388
1436,48,1484,0.1388
1438,48,1486,0.1388
1452,49,1501,0.1388
1438,49,1487,0.1388
1439,48,1487,0.1388
1437,50,1487,0.1388
1435,47,1482,0.1388
1453,48,1501,0.1388
1454,48,1502,0.1388
1431,48,1479,0.1388
1426,48,1474,0.1388
1446,49,1495,0.1388
1441,47,1488,0.1388
1446,48,1494,0.1388
1438,46,1484,0.1388
1438,46,1484,0.1388
1448,46,1494,0.1388
1446,46,1492,0.1388
1435,47,1482,0.1388
1452,48,1500,0.1388
1443,51,1494,0.1388
1444,50,1494,0.1388
1443,49,1492,0.1388
1450,49,1499,0.1388
1448,50,1498,0.1388
1444,49,1493,0.1388
1452,47,1499,0.1388
1448,45,1493,0.1388
1443,44,1487,0.1388
1432,45,1477,0.1388
1441,47,1488,0.1388
1447,45,1492,0.1388
1463,44,1507,0.1388
1451,44,1495,0.1388
1446,47,1493,0.1388
1455,47,1502,0.1388
1451,49,1500,0.1388
1451,46,1497,0.1388
1445,47,1492,0.1388
1446,48,1494,0.1388
1447,46,1493,0.1388
1447,45,1492,0.1388
1443,46,1489,0.1388
1438,44,1482,0.1388
1450,49,1499,0.1388
1444,47,1491,0.1388
1449,50,1499,0.1388
1456,49,1505,0.1388
1447,50,1497,0.1388
1446,51,1497,0.1388
1432,53,1485,0.1388
1430,50,1480,0.1388
1438,52,1490,0.1388
1430,55,1485,0.1388
1434,54,1488,0.1388
1430,54,1484,0.1388
1431,55,1486,0.1388
1443,55,1498,0.1388
1430,59,1489,0.1388
1433,58,1491,0.1388
1442,59,1501,0.1388
1425,61,1486,0.1388
1429,60,1489,0.1388
1425,58,1483,0.1388
1424,55,1479,0.1388
1435,55,1490,0.1388
1428,55,1483,0.1388
1424,57,1481,0.1388
1427,58,1485,0.1388
1432,59,1491,0.1388
1433,60,1493,0.1388
1429,60,1489,0.1388
1427,60,1487,0.1388
1408,61,1469,0.1388
1435,61,1496,0.1388
1410,59,1469,0.1388
1427,61,1488,0.1388
1435,58,1493,0.1388
1424,57,1481,0.1388
1416,57,1473,0.1388
1416,57,1473,0.1388
1419,59,1478,0.1388
1418,60,1478,0.1388
1415,60,1475,0.1388
1432,55,1487,0.1388
1435,58,1493,0.1388
1437,61,1498,0.1388
1435,64,1499,0.1388
1439,67,1506,0.1388
1437,68,1505,0.1388
1438,67,1505,0.1388
1419,66,1485,0.1388
1420,66,1486,0.1388
1425,66,1491,0.1388
1434,67,1501,0.1388
1411,69,1480,0.1388
1405,70,1475,0.1388
1417,72,1489,0.1388
1424,73,1497,0.1388
1418,72,1490,0.1388
1428,70,1498,0.1388
1431,70,1501,0.1388
1414,68,1482,0.1388
1417,69,1486,0.1388
1417,69,1486,0.1388
1411,73,1484,0.1388
1416,73,1489,0.1388
1414,72,1486,0.1388
1410,71,1481,0.1388
1412,70,1482,0.1388
1414,70,1484,0.1388
1422,69,1491,0.1388
1427,69,1496,0.1388
1425,70,1495,0.1388
1436,67,1503,0.1388
1432,63,1495,0.1388
1449,61,1510,0.1388
1439,60,1499,0.1388
1436,62,1498,0.1388
1419,59,1478,0.1388
1422,59,1481,0.1388
1414,62,1476,0.1388
1410,61,1471,0.1388
1406,63,1469,0.1388
1431,61,1492,0.1388
1430,59,1489,0.1388
1438,61,1499,0.1388
1438,64,1502,0.1388
1423,66,1489,0.1388
1424,69,1493,0.1388
1423,68,1491,0.1388
1412,68,1480,0.1388
1416,68,1484,0.1388
1438,66,1504,0.1388
1414,70,1484,0.1388
1420,70,1490,0.1388
1430,69,1499,0.1388
1427,69,1496,0.1388
1421,73,1494,0.1388
1414,74,1488,0.1388
1412,73,1485,0.1388
1422,72,1494,0.1388
1418,76,1494,0.1388
1401,76,1477,0.1388
1408,78,1486,0.1388
1429,74,1503,0.1388
1431,78,1509,0.1388
1437,80,1517,0.1388
1437,83,1520,0.1388
1430,82,1512,0.1388
1421,81,1502,0.1388
1405,82,1487,0.1388
1402,84,1486,0.1388
1398,82,1480,0.1388
1415,80,1495,0.1388
1418,83,1501,0.1388
1418,82,1500,0.1388
1422,83,1505,0.1388
1419,84,1503,0.1388
1438,84,1522,0.1388
1432,84,1516,0.1388
1428,83,1511,0.1388
1417,82,1499,0.1388
1421,84,1505,0.1388
1404,81,1485,0.1388
1399,82,1481,0.1388
1400,84,1484,0.1388
1398,84,1482,0.1388
1386,85,1471,0.1388
1381,86,1467,0.1388
1397,82,1479,0.1388
1393,83,1476,0.1388
1399,84,1483,0.1388
1403,81,1484,0.1388
1408,86,1494,0.1388
1404,90,1494,0.1388
1411,90,1501,0.1388
1409,91,1500,0.1388
1395,92,1487,0.1388
1393,90,1483,0.1388
1395,90,1485,0.1388
1408,90,1498,0.1388
1406,86,1492,0.1388
1405,92,1497,0.1388
1402,94,1496,0.1388
1409,91,1500,0.1388
1421,90,1511,0.1388
1411,91,1502,0.1388
1396,93,1489,0.1388
1390,97,1487,0.1388
1402,95,1497,0.1388
1402,96,1498,0.1388
1404,92,1496,0.1388
1393,91,1484,0.1388
1387,93,1480,0.1388
1386,95,1481,0.1388
1397,97,1494,0.1388
1389,97,1486,0.1388
1394,97,1491,0.1388
1398,99,1497,0.1388
1399,98,1497,0.1388
1389,98,1487,0.1388
1396,93,1489,0.1388
1397,96,1493,0.1388
1405,97,1502,0.1388
1404,93,1497,0.1388
1412,93,1505,0.1388
1399,93,1492,0.1388
1404,93,1497,0.1388
1402,92,1494,0.1388
1399,91,1490,0.1388
1421,89,1510,0.1388
1411,89,1500,0.1388
1419,91,1510,0.1388
1417,90,1507,0.1388
1414,87,1501,0.1388
1415,85,1500,0.1388
1401,83,1484,0.1388
1389,86,1475,0.1388
1386,87,1473,0.1388
1384,92,1476,0.1388
1386,95,1481,0.1388
1388,98,1486,0.1388
1396,96,1492,0.1388
1393,99,1492,0.1388
1401,97,1498,0.1388
1401,97,1498,0.1388
1402,98,1500,0.1388
1405,102,1507,0.1388
1407,102,1509,0.1388
1406,100,1506,0.1388
1410,101,1511,0.1388
1394,100,1494,0.1388
1407,102,1509,0.1388
1413,101,1514,0.1388
1410,101,1511,0.1388
1405,102,1507,0.1388
1406,103,1509,0.1388
1392,101,1493,0.1388
1382,103,1485,0.1388
1380,109,1489,0.1388
1384,108,1492,0.1388
1385,108,1493,0.1388
1397,99,1496,0.1388
1381,102,1483,0.1388
1390,100,1490,0.1388
1386,97,1483,0.1388
1389,98,1487,0.1388
1395,96,1491,0.1388
1400,98,1498,0.1388
1405,98,1503,0.1388
1404,99,1503,0.1388
1404,100,1504,0.1388
1405,101,1506,0.1388
1409,97,1506,0.1388
1415,97,1512,0.1388
1413,98,1511,0.1388
1409,101,1510,0.1388
1410,100,1510,0.1388
1401,100,1501,0.1388
1393,99,1492,0.1388
1386,101,1487,0.1388
1388,102,1490,0.1388
1392,100,1492,0.1388
1398,97,1495,0.1388
1388,100,1488,0.1388
1393,101,1494,0.1388
1411,100,1511,0.1388
1404,100,1504,0.1388
1388,105,1493,0.1388
1388,103,1491,0.1388
1383,103,1486,0.1388
1374,103,1477,0.1388
1389,99,1488,0.1388
1390,103,1493,0.1388
1394,106,1500,0.1388
1383,109,1492,0.1388
1390,109,1499,0.1388
1381,109,1490,0.1388
1387,109,1496,0.1388
1393,107,1500,0.1388
1397,100,1497,0.1388
1396,97,1493,0.1388
1388,97,1485,0.1388
1393,97,1490,0.1388
1379,100,1479,0.1388
1379,99,1478,0.1388
1387,101,1488,0.1388
1384,100,1484,0.1388
1390,103,1493,0.1388
1382,102,1484,0.1388
1389,103,1492,0.1388
1386,106,1492,0.1388
1381,109,1490,0.1388
1378,110,1488,0.1388
1374,106,1480,0.1388
1379,104,1483,0.1388
1384,104,1488,0.1388
1402,98,1500,0.1388
1391,101,1492,0.1388
1386,103,1489,0.1388
1377,107,1484,0.1388
1375,108,1483,0.1388
1383,107,1490,0.1388
1391,111,1502,0.1388
1396,107,1503,0.1388
1382,108,1490,0.1388
1390,113,1503,0.1388
1383,110,1493,0.1388
1381,108,1489,0.1388
1392,107,1499,0.1388
1402,108,1510,0.1388
1399,106,1505,0.1388
1390,108,1498,0.1388
1382,113,1495,0.1388
1377,108,1485,0.1388
1375,107,1482,0.1388
1365,117,1482,0.1388
1372,116,1488,0.1388
1371,117,1488,0.1388
1375,119,1494,0.1388
1369,121,1490,0.1388
1373,120,1493,0.1388
1374,119,1493,0.1388
1362,117,1479,0.1388
1374,119,1493,0.1388
1374,122,1496,0.1388
1378,121,1499,0.1388
1373,117,1490,0.1388
1375,119,1494,0.1388
1369,122,1491,0.1388
1371,122,1493,0.1388
1372,122,1494,0.1388
1382,124,1506,0.1388
1377,128,1505,0.1388
1376,128,1504,0.1388
1380,127,1507,0.1388
1379,126,1505,0.1388
1380,125,1505,0.1388
1370,122,1492,0.1388
1369,122,1491,0.1388
1372,120,1492,0.1388
1366,122,1488,0.1388
1368,122,1490,0.1388
1376,122,1498,0.1388
1385,125,1510,0.1388
1370,128,1498,0.1388
1379,126,1505,0.1388
1365,123,1488,0.1388
1374,121,1495,0.1388
1383,124,1507,0.1388
1383,121,1504,0.1388
1376,121,1497,0.1388
1372,124,1496,0.1388
1378,127,1505,0.1388
1379,124,1503,0.1388
1382,121,1503,0.1388
1382,122,1504,0.1388
1355,122,1477,0.1388
1360,121,1481,0.1388
1372,121,1493,0.1388
1367,118,1485,0.1388
1359,118,1477,0.1388
1363,116,1479,0.1388
1367,116,1483,0.1388
1364,119,1483,0.1388
1360,118,1478,0.1388
1355,124,1479,0.1388
1360,127,1487,0.1388
1372,127,1499,0.1388
1373,124,1497,0.1388
1365,125,1490,0.1388
1354,123,1477,0.1388
1351,127,1478,0.1388
1347,127,1474,0.1388
1340,126,1466,0.1388
1351,126,1477,0.1388
1364,126,1490,0.1388
1363,130,1493,0.1388
1353,130,1483,0.1388
1362,132,1494,0.1388
1357,133,1490,0.1388
1357,132,1489,0.1388
1355,127,1482,0.1388
1369,130,1499,0.1388
1362,129,1491,0.1388
1374,127,1501,0.1388
1372,133,1505,0.1388
1375,132,1507,0.1388
1370,131,1501,0.1388
1371,134,1505,0.1388
1379,134,1513,0.1388
1372,136,1508,0.1388
1369,136,1505,0.1388
1362,134,1496,0.1388
1362,130,1492,0.1388
1354,136,1490,0.1388
1354,139,1493,0.1388
1366,136,1502,0.1388
1357,132,1489,0.1388
1353,133,1486,0.1388
1345,136,1481,0.1388
1342,134,1476,0.1388
1348,135,1483,0.1388
1354,137,1491,0.1388
1355,138,1493,0.1388
1353,135,1488,0.1388
1352,136,1488,0.1388
1360,141,1501,0.1388
1357,144,1501,0.1388
1362,142,1504,0.1388
1352,140,1492,0.1388
1360,137,1497,0.1388
1354,134,1488,0.1388
1358,136,1494,0.1388
1360,141,1501,0.1388
1360,138,1498,0.1388
1364,135,1499,0.1388
1350,135,1485,0.1388
1334,132,1466,0.1388
1338,138,1476,0.1388
1352,144,1496,0.1388
1365,146,1511,0.1388
1361,144,1505,0.1388
1351,144,1495,0.1388
1344,147,1491,0.1388
1343,150,1493,0.1388
1359,149,1508,0.1388
1359,153,1512,0.1388
1346,154,1500,0.1388
1354,156,1510,0.1388
1347,153,1500,0.1388
1333,155,1488,0.1388
1318,157,1475,0.1388
1315,157,1472,0.1388
1316,160,1476,0.1388
1307,159,1466,0.1388
1330,159,1489,0.1388
1332,164,1496,0.1388
1332,162,1494,0.1388
1341,164,1505,0.1388
1331,164,1495,0.1388
1327,166,1493,0.1388
1339,167,1506,0.1388
1344,167,1511,0.1388
1331,165,1496,0.1388
1322,166,1488,0.1388
1330,168,1498,0.1388
1334,174,1508,0.1388
1330,177,1507,0.1388
1328,181,1509,0.1388
1326,179,1505,0.1388
1318,175,1493,0.1388
1306,170,1476,0.1388
1310,172,1482,0.1388
1320,171,1491,0.1388
1333,171,1504,0.1388
1317,173,1490,0.1388
1323,173,1496,0.1388
1329,172,1501,0.1388
1324,173,1497,0.1388
1324,173,1497,0.1388
1314,173,1487,0.1388
1309,174,1483,0.1388
1305,175,1480,0.1388
1314,178,1492,0.1388
1307,177,1484,0.1388
1313,181,1494,0.1388
1307,180,1487,0.1388
1305,176,1481,0.1388
1305,184,1489,0.1388
1299,183,1482,0.1388
1302,185,1487,0.1388
1305,183,1488,0.1388
1308,184,1492,0.1388
1301,185,1486,0.1388
1305,183,1488,0.1388
1294,181,1475,0.1388
1308,180,1488,0.1388
1311,180,1491,0.1388
1311,181,1492,0.1388
1294,180,1474,0.1388
1308,182,1490,0.1388
1312,184,1496,0.1388
1306,181,1487,0.1388
1311,179,1490,0.1388
1305,175,1480,0.1388
1313,177,1490,0.1388
1313,178,1491,0.1388
1323,177,1500,0.1388
1305,178,1483,0.1388
1322,176,1498,0.1388
1325,172,1497,0.1388
1326,174,1500,0.1388
1324,177,1501,0.1388
1322,173,1495,0.1388
1332,170,1502,0.1388
1331,173,1504,0.1388
1332,178,1510,0.1388
1324,179,1503,0.1388
1323,176,1499,0.1388
1325,175,1500,0.1388
1316,181,1497,0.1388
1307,186,1493,0.1388
1313,194,1507,0.1388
1306,195,1501,0.1388
1310,198,1508,0.1388
1308,195,1503,0.1388
1305,192,1497,0.1388
1319,192,1511,0.1388
1315,192,1507,0.1388
1306,192,1498,0.1388
1306,193,1499,0.1388
1316,195,1511,0.1388
1324,190,1514,0.1388
1325,193,1518,0.1388
1320,189,1509,0.1388
1325,191,1516,0.1388
1311,195,1506,0.1388
1299,196,1495,0.1388
1295,192,1487,0.1388
1280,192,1472,0.1388
1279,203,1482,0.1388
1285,205,1490,0.1388
1283,205,1488,0.1388
1275,206,1481,0.1388
1294,202,1496,0.1388
1293,200,1493,0.1388
1290,203,1493,0.1388
1296,209,1505,0.1388
1298,201,1499,0.1388
1287,204,1491,0.1388
1283,208,1491,0.1388
1288,213,1501,0.1388
1296,215,1511,0.1388
1296,213,1509,0.1388
1293,214,1507,0.1388
1277,214,1491,0.1388
1264,219,1483,0.1388
1279,217,1496,0.1388
1278,214,1492,0.1388
1273,217,1490,0.1388
1282,223,1505,0.1388
1280,226,1506,0.1388
1272,236,1508,0.1388
1277,241,1518,0.1388
1274,239,1513,0.1388
1269,233,1502,0.1388
1272,231,1503,0.1388
1262,235,1497,0.1388
1273,228,1501,0.1388
1266,231,1497,0.1388
1272,227,1499,0.1388
1275,233,1508,0.1388
1275,233,1508,0.1388
1272,233,1505,0.1388
1267,238,1505,0.1388
1260,241,1501,0.1388
1254,237,1491,0.1388
1256,241,1497,0.1388
1260,245,1505,0.1388
1255,241,1496,0.1388
1262,244,1506,0.1388
1248,244,1492,0.1388
1255,246,1501,0.1388
1250,243,1493,0.1388
1255,242,1497,0.1388
1255,240,1495,0.1388
1268,242,1510,0.1388
1264,245,1509,0.1388
1259,252,1511,0.1388
1245,254,1499,0.1388
1246,256,1502,0.1388
1254,255,1509,0.1388
1251,254,1505,0.1388
1254,250,1504,0.1388
1245,252,1497,0.1388
1247,253,1500,0.1388
1243,259,1502,0.1388
1238,261,1499,0.1388
1235,266,1501,0.1388
1229,269,1498,0.1388
1225,267,1492,0.1388
1220,266,1486,0.1388
1215,263,1478,0.1388
1214,267,1481,0.1388
1218,272,1490,0.1388
1220,269,1489,0.1388
1223,267,1490,0.1388
1236,262,1498,0.1388
1219,267,1486,0.1388
1231,269,1500,0.1388
1228,272,1500,0.1388
1231,273,1504,0.1388
1226,273,1499,0.1388
1232,267,1499,0.1388
1229,265,1494,0.1388
1236,276,1512,0.1388
1245,273,1518,0.1388
1247,274,1521,0.1388
1250,275,1525,0.1388
1235,283,1518,0.1388
1226,281,1507,0.1388
1214,278,1492,0.1388
1202,282,1484,0.1388
1200,282,1482,0.1388
1209,286,1495,0.1388
1206,283,1489,0.1388
1207,284,1491,0.1388
1211,288,1499,0.1388
1223,287,1510,0.1388
1225,283,1508,0.1388
1227,287,1514,0.1388
1222,284,1506,0.1388
1213,289,1502,0.1388
1212,291,1503,0.1388
1221,289,1510,0.1388
1219,291,1510,0.1388
1209,296,1505,0.1388
1208,299,1507,0.1388
1200,299,1499,0.1388
1205,298,1503,0.1388
1209,294,1503,0.1388
1203,294,1497,0.1388
1199,298,1497,0.1388
1204,296,1500,0.1388
1197,298,1495,0.1388
1194,304,1498,0.1388
1190,308,1498,0.1388
1198,305,1503,0.1388
1194,307,1501,0.1388
1199,310,1509,0.1388
1191,313,1504,0.1388
1198,317,1515,0.1388
1201,316,1517,0.1388
1190,314,1504,0.1388
1194,314,1508,0.1388
1183,311,1494,0.1388
1181,316,1497,0.1388
1183,311,1494,0.1388
1176,315,1491,0.1388
1171,317,1488,0.1388
1174,325,1499,0.1388
1170,326,1496,0.1388
1160,327,1487,0.1388
1162,326,1488,0.1388
1171,324,1495,0.1388
1166,325,1491,0.1388
1179,324,1503,0.1388
1174,332,1506,0.1388
1163,334,1497,0.1388
1152,337,1489,0.1388
1163,338,1501,0.1388
1165,335,1500,0.1388
1161,336,1497,0.1388
1153,343,1496,0.1388
1160,346,1506,0.1388
1160,343,1503,0.1388
1154,343,1497,0.1388
1159,341,1500,0.1388
1143,344,1487,0.1388
1145,343,1488,0.1388
1152,343,1495,0.1388
1151,339,1490,0.1388
1144,338,1482,0.1388
1143,342,1485,0.1388
1138,343,1481,0.1388
1135,335,1470,0.1388
1133,344,1477,0.1388
1134,348,1482,0.1388
1141,346,1487,0.1388
1139,344,1483,0.1388
1139,349,1488,0.1388
1140,348,1488,0.1388
1140,343,1483,0.1388
1149,348,1497,0.1388
1144,351,1495,0.1388
1151,360,1511,0.1388
1147,356,1503,0.1388
1154,349,1503,0.1388
1165,351,1516,0.1388
1163,351,1514,0.1388
1159,354,1513,0.1388
1153,348,1501,0.1388
1155,350,1505,0.1388
1144,359,1503,0.1388
1141,354,1495,0.1388
1140,360,1500,0.1388
1126,364,1490,0.1388
1135,370,1505,0.1388
1136,374,1510,0.1388
1136,376,1512,0.1388
1144,376,1520,0.1388
1134,375,1509,0.1388
1146,377,1523,0.1388
1133,385,1518,0.1388
1127,384,1511,0.1388
1124,381,1505,0.1388
1123,378,1501,0.1388
1127,380,1507,0.1388
1125,381,1506,0.1388
1125,377,1502,0.1388
1123,382,1505,0.1388
1135,375,1510,0.1388
1129,375,1504,0.1388
1131,372,1503,0.1388
1122,377,1499,0.1388
1118,379,1497,0.1388
1122,383,1505,0.1388
1125,384,1509,0.1388
1116,385,1501,0.1388
1114,380,1494,0.1388
1109,388,1497,0.1388
1109,387,1496,0.1388
1109,383,1492,0.1388
1099,387,1486,0.1388
1100,393,1493,0.1388
1104,387,1491,0.1388
1110,388,1498,0.1388
1117,393,1510,0.1388
1115,392,1507,0.1388
1120,387,1507,0.1388
1125,380,1505,0.1388
1121,385,1506,0.1388
1103,387,1490,0.1388
1094,390,1484,0.1388
1097,399,1496,0.1388
1105,398,1503,0.1388
1105,393,1498,0.1388
1108,394,1502,0.1388
1100,397,1497,0.1388
1108,397,1505,0.1388
1098,398,1496,0.1388
1094,403,1497,0.1388
1094,409,1503,0.1388
1097,411,1508,0.1388
1098,408,1506,0.1388
1091,413,1504,0.1388
1094,406,1500,0.1388
1091,402,1493,0.1388
1097,411,1508,0.1388
1096,410,1506,0.1388
1094,408,1502,0.1388
1092,412,1504,0.1388
1094,407,1501,0.1388
1092,405,1497,0.1388
1083,408,1491,0.1388
1088,411,1499,0.1388
1076,422,1498,0.1388
1078,428,1506,0.1388
1079,428,1507,0.1388
1077,423,1500,0.1388
1089,429,1518,0.1388
1083,427,1510,0.1388
1070,425,1495,0.1388
1081,423,1504,0.1388
1084,424,1508,0.1388
1079,421,1500,0.1388
1072,425,1497,0.1388
1072,421,1493,0.1388
1071,417,1488,0.1388
1072,419,1491,0.1388
1079,427,1506,0.1388
1068,421,1489,0.1388
1067,421,1488,0.1388
1085,418,1503,0.1388
1073,417,1490,0.1388
1079,423,1502,0.1388
1083,424,1507,0.1388
1072,425,1497,0.1388
1068,433,1501,0.1388
1072,434,1506,0.1388
1065,428,1493,0.1388
1072,433,1505,0.1388
1067,429,1496,0.1388
1066,436,1502,0.1388
1068,435,1503,0.1388
1055,438,1493,0.1388
1071,436,1507,0.1388
1057,443,1500,0.1388
1072,442,1514,0.1388
1071,441,1512,0.1388
1054,430,1484,0.1388
1051,433,1484,0.1388
1061,428,1489,0.1388
1067,433,1500,0.1388
1076,430,1506,0.1388
1073,432,1505,0.1388
1073,437,1510,0.1388
1065,436,1501,0.1388
1064,437,1501,0.1388
1074,433,1507,0.1388
1072,432,1504,0.1388
1059,426,1485,0.1388
1062,431,1493,0.1388
1053,442,1495,0.1388
1033,444,1477,0.1388
1038,459,1497,0.1388
1028,453,1481,0.1388
1033,457,1490,0.1388
1022,455,1477,0.1388
1025,455,1480,0.1388
1025,457,1482,0.1388
1027,465,1492,0.1388
1032,465,1497,0.1388
1040,465,1505,0.1388
1030,468,1498,0.1388
1035,464,1499,0.1388
1028,460,1488,0.1388
1035,462,1497,0.1388
1033,464,1497,0.1388
1048,468,1516,0.1388
1037,461,1498,0.1388
1037,465,1502,0.1388
1041,469,1510,0.1388
1042,469,1511,0.1388
1036,471,1507,0.1388
1036,475,1511,0.1388
1037,478,1515,0.1388
1027,477,1504,0.1388
1022,474,1496,0.1388
1033,467,1500,0.1388
1024,476,1500,0.1388
1028,478,1506,0.1388
1028,479,1507,0.1388
1034,490,1524,0.1388
1027,494,1521,0.1388
1029,492,1521,0.1388
1018,487,1505,0.1388
1009,487,1496,0.1388
1015,490,1505,0.1388
1001,488,1489,0.1388
996,497,1493,0.1388
995,498,1493,0.1388
986,502,1488,0.1388
993,509,1502,0.1388
985,505,1490,0.1388
990,512,1502,0.1388
984,515,1499,0.1388
990,510,1500,0.1388
997,515,1512,0.1388
990,513,1503,0.1388
982,517,1499,0.1388
980,524,1504,0.1388
979,527,1506,0.1388
975,531,1506,0.1388
969,535,1504,0.1388
967,540,1507,0.1388
955,548,1503,0.1388
959,546,1505,0.1388
961,549,1510,0.1388
963,555,1518,0.1388
964,554,1518,0.1388
960,547,1507,0.1388
953,548,1501,0.1388
958,552,1510,0.1388
945,553,1498,0.1388
952,559,1511,0.1388
937,551,1488,0.1388
936,554,1490,0.1388
927,559,1486,0.1388
937,556,1493,0.1388
943,557,1500,0.1388
939,548,1487,0.1388
949,561,1510,0.1388
955,549,1504,0.1388
956,543,1499,0.1388
949,543,1492,0.1388
951,548,1499,0.1388
948,551,1499,0.1388
946,553,1499,0.1388
931,555,1486,0.1388
941,564,1505,0.1388
932,564,1496,0.1388
940,565,1505,0.1388
935,565,1500,0.1388
934,559,1493,0.1388
942,559,1501,0.1388
934,564,1498,0.1388
929,561,1490,0.1388
921,571,1492,0.1388
921,567,1488,0.1388
916,571,1487,0.1388
917,577,1494,0.1388
903,582,1485,0.1388
902,583,1485,0.1388
915,582,1497,0.1388
917,580,1497,0.1388
921,582,1503,0.1388
918,585,1503,0.1388
917,579,1496,0.1388
909,587,1496,0.1388
904,584,1488,0.1388
910,584,1494,0.1388
906,588,1494,0.1388
912,585,1497,0.1388
904,589,1493,0.1388
906,590,1496,0.1388
904,592,1496,0.1388
898,593,1491,0.1388
897,592,1489,0.1388
895,594,1489,0.1388
901,591,1492,0.1388
906,601,1507,0.1388
900,598,1498,0.1388
904,595,1499,0.1388
910,593,1503,0.1388
916,585,1501,0.1388
916,593,1509,0.1388
904,605,1509,0.1388
910,611,1521,0.1388
912,606,1518,0.1388
910,604,1514,0.1388
902,612,1514,0.1388
914,612,1526,0.1388
913,603,1516,0.1388
916,600,1516,0.1388
919,601,1520,0.1388
907,600,1507,0.1388
907,593,1500,0.1388
908,597,1505,0.1388
912,601,1513,0.1388
907,606,1513,0.1388
894,600,1494,0.1388
900,601,1501,0.1388
900,598,1498,0.1388
905,600,1505,0.1388
912,592,1504,0.1388
903,597,1500,0.1388
887,613,1500,0.1388
889,612,1501,0.1388
895,608,1503,0.1388
901,610,1511,0.1388
895,608,1503,0.1388
905,613,1518,0.1388
905,603,1508,0.1388
907,606,1513,0.1388
916,599,1515,0.1388
902,593,1495,0.1388
905,603,1508,0.1388
910,603,1513,0.1388
904,602,1506,0.1388
901,590,1491,0.1388
900,597,1497,0.1388
904,604,1508,0.1388
904,603,1507,0.1388
894,610,1504,0.1388
882,612,1494,0.1388
886,620,1506,0.1388
893,619,1512,0.1388
877,619,1496,0.1388
875,621,1496,0.1388
878,621,1499,0.1388
879,628,1507,0.1388
885,619,1504,0.1388
885,619,1504,0.1388
880,614,1494,0.1388
888,617,1505,0.1388
889,626,1515,0.1388
877,621,1498,0.1388
875,632,1507,0.1388
868,637,1505,0.1388
867,629,1496,0.1388
877,630,1507,0.1388
887,641,1528,0.1388
881,641,1522,0.1388
878,645,1523,0.1388
871,640,1511,0.1388
869,642,1511,0.1388
874,636,1510,0.1388
875,630,1505,0.1388
875,630,1505,0.1388
868,634,1502,0.1388
869,631,1500,0.1388
860,632,1492,0.1388
863,633,1496,0.1388
860,635,1495,0.1388
858,637,1495,0.1388
872,634,1506,0.1388
865,643,1508,0.1388
860,653,1513,0.1388
858,650,1508,0.1388
865,646,1511,0.1388
871,646,1517,0.1388
876,643,1519,0.1388
870,653,1523,0.1388
873,655,1528,0.1388
862,659,1521,0.1388
863,657,1520,0.1388
865,657,1522,0.1388
862,650,1512,0.1388
856,655,1511,0.1388
859,650,1509,0.1388
859,660,1519,0.1388
860,648,1508,0.1388
868,650,1518,0.1388
868,643,1511,0.1388
864,653,1517,0.1388
859,654,1513,0.1388
859,657,1516,0.1388
863,654,1517,0.1388
852,656,1508,0.1388
848,652,1500,0.1388
839,659,1498,0.1388
852,660,1512,0.1388
854,664,1518,0.1388
846,662,1508,0.1388
842,658,1500,0.1388
848,652,1500,0.1388
846,652,1498,0.1388
850,652,1502,0.1388
854,660,1514,0.1388
856,658,1514,0.1388
852,653,1505,0.1388
857,651,1508,0.1388
855,658,1513,0.1388
854,658,1512,0.1388
847,661,1508,0.1388
843,660,1503,0.1388
850,664,1514,0.1388
849,660,1509,0.1388
839,660,1499,0.1388
833,671,1504,0.1388
840,669,1509,0.1388
836,668,1504,0.1388
831,667,1498,0.1388
826,682,1508,0.1388
820,678,1498,0.1388
820,673,1493,0.1388
814,675,1489,0.1388
819,682,1501,0.1388
822,683,1505,0.1388
825,686,1511,0.1388
828,683,1511,0.1388
818,682,1500,0.1388
815,686,1501,0.1388
809,694,1503,0.1388
810,679,1489,0.1388
825,685,1510,0.1388
819,685,1504,0.1388
822,691,1513,0.1388
825,681,1506,0.1388
835,676,1511,0.1388
829,674,1503,0.1388
833,682,1515,0.1388
831,668,1499,0.1388
819,676,1495,0.1388
819,678,1497,0.1388
814,684,1498,0.1388
819,689,1508,0.1388
823,699,1522,0.1388
818,690,1508,0.1388
817,690,1507,0.1388
809,697,1506,0.1388
800,700,1500,0.1388
801,703,1504,0.1388
808,701,1509,0.1388
796,696,1492,0.1388
799,697,1496,0.1388
795,699,1494,0.1388
793,694,1487,0.1388
793,695,1488,0.1388
794,690,1484,0.1388
787,687,1474,0.1388
798,690,1488,0.1388
801,696,1497,0.1388
809,703,1512,0.1388
809,701,1510,0.1388
802,693,1495,0.1388
805,703,1508,0.1388
799,708,1507,0.1388
793,703,1496,0.1388
802,706,1508,0.1388
796,704,1500,0.1388
795,707,1502,0.1388
797,711,1508,0.1388
799,714,1513,0.1388
798,716,1514,0.1388
803,719,1522,0.1388
796,710,1506,0.1388
800,709,1509,0.1388
800,710,1510,0.1388
801,714,1515,0.1388
804,707,1511,0.1388
800,709,1509,0.1388
791,715,1506,0.1388
785,712,1497,0.1388
803,699,1502,0.1388
803,702,1505,0.1388
801,709,1510,0.1388
793,715,1508,0.1388
801,712,1513,0.1388
803,720,1523,0.1388
803,711,1514,0.1388
799,714,1513,0.1388
789,721,1510,0.1388
787,720,1507,0.1388
780,724,1504,0.1388
777,719,1496,0.1388
785,718,1503,0.1388
774,720,1494,0.1388
770,727,1497,0.1388
777,725,1502,0.1388
767,731,1498,0.1388
778,726,1504,0.1388
790,721,1511,0.1388
782,722,1504,0.1388
789,726,1515,0.1388
790,716,1506,0.1388
794,718,1512,0.1388
786,707,1493,0.1388
780,718,1498,0.1388
779,726,1505,0.1388
778,723,1501,0.1388
776,720,1496,0.1388
772,719,1491,0.1388
778,722,1500,0.1388
775,727,1502,0.1388
771,724,1495,0.1388
761,723,1484,0.1388
770,731,1501,0.1388
782,729,1511,0.1388
769,726,1495,0.1388
777,720,1497,0.1388
774,726,1500,0.1388
767,738,1505,0.1388
767,744,1511,0.1388
770,738,1508,0.1388
776,727,1503,0.1388
780,733,1513,0.1388
773,726,1499,0.1388
777,719,1496,0.1388
773,717,1490,0.1388
773,712,1485,0.1388
787,709,1496,0.1388
788,712,1500,0.1388
787,714,1501,0.1388
773,721,1494,0.1388
767,717,1484,0.1388
773,720,1493,0.1388
772,716,1488,0.1388
766,720,1486,0.1388
769,723,1492,0.1388
764,734,1498,0.1388
759,741,1500,0.1388
769,732,1501,0.1388
772,726,1498,0.1388
765,730,1495,0.1388
765,726,1491,0.1388
761,723,1484,0.1388
750,728,1478,0.1388
761,739,1500,0.1388
761,744,1505,0.1388
759,744,1503,0.1388
758,734,1492,0.1388
760,734,1494,0.1388
762,732,1494,0.1388
766,744,1510,0.1388
767,728,1495,0.1388
759,740,1499,0.1388
770,735,1505,0.1388
772,736,1508,0.1388
773,737,1510,0.1388
765,737,1502,0.1388
775,742,1517,0.1388
780,739,1519,0.1388
778,738,1516,0.1388
780,732,1512,0.1388
774,732,1506,0.1388
782,731,1513,0.1388
766,728,1494,0.1388
760,734,1494,0.1388
764,739,1503,0.1388
759,745,1504,0.1388
746,745,1491,0.1388
743,756,1499,0.1388
746,753,1499,0.1388
754,746,1500,0.1388
752,751,1503,0.1388
754,749,1503,0.1388
750,750,1500,0.1388
760,749,1509,0.1388
757,749,1506,0.1388
754,730,1484,0.1388
753,729,1482,0.1388
757,742,1499,0.1388
759,747,1506,0.1388
759,753,1512,0.1388
766,755,1521,0.1388
766,746,1512,0.1388
762,751,1513,0.1388
763,748,1511,0.1388
755,747,1502,0.1388
759,739,1498,0.1388
764,731,1495,0.1388
765,746,1511,0.1388
764,746,1510,0.1388
775,749,1524,0.1388
770,756,1526,0.1388
761,752,1513,0.1388
757,755,1512,0.1388
754,751,1505,0.1388
752,757,1509,0.1388
759,751,1510,0.1388
755,759,1514,0.1388
749,770,1519,0.1388
749,766,1515,0.1388
749,763,1512,0.1388
742,767,1509,0.1388
738,766,1504,0.1388
749,764,1513,0.1388
749,770,1519,0.1388
755,766,1521,0.1388
746,765,1511,0.1388
751,764,1515,0.1388
751,768,1519,0.1388
750,771,1521,0.1388
751,764,1515,0.1388
748,753,1501,0.1388
751,751,1502,0.1388
748,753,1501,0.1388
756,752,1508,0.1388
750,764,1514,0.1388
734,771,1505,0.1388
740,766,1506,0.1388
742,771,1513,0.1388
738,760,1498,0.1388
730,748,1478,0.1388
716,760,1476,0.1388
716,773,1489,0.1388
716,780,1496,0.1388
720,780,1500,0.1388
719,781,1500,0.1388
715,783,1498,0.1388
724,789,1513,0.1388
728,789,1517,0.1388
717,795,1512,0.1388
717,793,1510,0.1388
724,781,1505,0.1388
716,781,1497,0.1388
716,778,1494,0.1388
721,785,1506,0.1388
716,785,1501,0.1388
711,777,1488,0.1388
712,769,1481,0.1388
716,766,1482,0.1388
710,771,1481,0.1388
707,779,1486,0.1388
706,776,1482,0.1388
712,786,1498,0.1388
701,796,1497,0.1388
697,792,1489,0.1388
700,804,1504,0.1388
703,804,1507,0.1388
700,802,1502,0.1388
705,794,1499,0.1388
699,790,1489,0.1388
698,790,1488,0.1388
697,792,1489,0.1388
707,801,1508,0.1388
716,792,1508,0.1388
718,801,1519,0.1388
719,804,1523,0.1388
718,799,1517,0.1388
708,800,1508,0.1388
715,798,1513,0.1388
714,792,1506,0.1388
722,790,1512,0.1388
718,797,1515,0.1388
716,800,1516,0.1388
719,793,1512,0.1388
704,792,1496,0.1388
704,789,1493,0.1388
701,799,1500,0.1388
698,804,1502,0.1388
693,801,1494,0.1388
693,806,1499,0.1388
699,800,1499,0.1388
692,801,1493,0.1388
688,804,1492,0.1388
695,793,1488,0.1388
704,796,1500,0.1388
699,804,1503,0.1388
697,811,1508,0.1388
698,806,1504,0.1388
695,804,1499,0.1388
699,805,1504,0.1388
695,801,1496,0.1388
704,801,1505,0.1388
699,799,1498,0.1388
700,811,1511,0.1388
703,803,1506,0.1388
710,803,1513,0.1388
718,808,1526,0.1388
711,799,1510,0.1388
706,803,1509,0.1388
696,803,1499,0.1388
701,802,1503,0.1388
705,804,1509,0.1388
702,797,1499,0.1388
694,802,1496,0.1388
698,798,1496,0.1388
697,808,1505,0.1388
700,808,1508,0.1388
695,807,1502,0.1388
690,806,1496,0.1388
684,809,1493,0.1388
673,808,1481,0.1388
677,815,1492,0.1388
677,827,1504,0.1388
671,824,1495,0.1388
664,823,1487,0.1388
672,826,1498,0.1388
668,824,1492,0.1388
677,830,1507,0.1388
676,836,1512,0.1388
675,836,1511,0.1388
678,841,1519,0.1388
680,840,1520,0.1388
674,837,1511,0.1388
673,833,1506,0.1388
680,836,1516,0.1388
677,836,1513,0.1388
675,844,1519,0.1388
674,849,1523,0.1388
665,853,1518,0.1388
666,858,1524,0.1388
664,855,1519,0.1388
680,842,1522,0.1388
680,848,1528,0.1388
673,846,1519,0.1388
670,858,1528,0.1388
670,856,1526,0.1388
672,855,1527,0.1388
667,852,1519,0.1388
669,848,1517,0.1388
668,845,1513,0.1388
663,839,1502,0.1388
662,846,1508,0.1388
668,832,1500,0.1388
662,828,1490,0.1388
654,840,1494,0.1388
640,847,1487,0.1388
652,844,1496,0.1388
652,844,1496,0.1388
659,854,1513,0.1388
659,856,1515,0.1388
654,844,1498,0.1388
655,840,1495,0.1388
660,844,1504,0.1388
664,847,1511,0.1388
662,844,1506,0.1388
673,860,1533,0.1388
677,861,1538,0.1388
666,860,1526,0.1388
666,867,1533,0.1388
662,867,1529,0.1388
665,852,1517,0.1388
653,850,1503,0.1388
654,859,1513,0.1388
647,861,1508,0.1388
653,856,1509,0.1388
655,850,1505,0.1388
661,854,1515,0.1388
662,855,1517,0.1388
660,850,1510,0.1388
662,852,1514,0.1388
663,845,1508,0.1388
666,841,1507,0.1388
662,846,1508,0.1388
664,843,1507,0.1388
656,846,1502,0.1388
659,850,1509,0.1388
660,850,1510,0.1388
652,849,1501,0.1388
646,858,1504,0.1388
646,855,1501,0.1388
653,857,1510,0.1388
654,865,1519,0.1388
654,867,1521,0.1388
644,875,1519,0.1388
640,872,1512,0.1388
642,871,1513,0.1388
636,876,1512,0.1388
638,864,1502,0.1388
625,866,1491,0.1388
624,873,1497,0.1388
623,876,1499,0.1388
623,876,1499,0.1388
623,882,1505,0.1388
619,884,1503,0.1388
623,874,1497,0.1388
618,885,1503,0.1388
621,887,1508,0.1388
612,889,1501,0.1388
608,881,1489,0.1388
599,891,1490,0.1388
601,888,1489,0.1388
611,894,1505,0.1388
614,888,1502,0.1388
617,895,1512,0.1388
616,892,1508,0.1388
613,883,1496,0.1388
612,899,1511,0.1388
613,910,1523,0.1388
610,902,1512,0.1388
610,908,1518,0.1388
608,906,1514,0.1388
599,903,1502,0.1388
598,897,1495,0.1388
588,897,1485,0.1388
595,896,1491,0.1388
593,908,1501,0.1388
592,917,1509,0.1388
588,909,1497,0.1388
591,912,1503,0.1388
591,910,1501,0.1388
595,918,1513,0.1388
594,913,1507,0.1388
593,911,1504,0.1388
584,923,1507,0.1388
595,937,1532,0.1388
587,930,1517,0.1388
594,929,1523,0.1388
583,932,1515,0.1388
583,933,1516,0.1388
592,925,1517,0.1388
583,929,1512,0.1388
594,923,1517,0.1388
590,915,1505,0.1388
588,921,1509,0.1388
591,921,1512,0.1388
595,927,1522,0.1388
596,927,1523,0.1388
586,922,1508,0.1388
584,913,1497,0.1388
588,924,1512,0.1388
582,923,1505,0.1388
580,930,1510,0.1388
589,930,1519,0.1388
580,925,1505,0.1388
574,927,1501,0.1388
581,923,1504,0.1388
580,920,1500,0.1388
588,914,1502,0.1388
588,909,1497,0.1388
586,909,1495,0.1388
589,911,1500,0.1388
584,915,1499,0.1388
579,919,1498,0.1388
579,924,1503,0.1388
579,924,1503,0.1388
585,923,1508,0.1388
582,916,1498,0.1388
575,923,1498,0.1388
572,928,1500,0.1388
581,917,1498,0.1388
585,922,1507,0.1388
587,919,1506,0.1388
578,914,1492,0.1388
577,921,1498,0.1388
575,924,1499,0.1388
579,921,1500,0.1388
589,927,1516,0.1388
580,931,1511,0.1388
581,929,1510,0.1388
582,933,1515,0.1388
589,929,1518,0.1388
582,932,1514,0.1388
581,925,1506,0.1388
571,925,1496,0.1388
583,926,1509,0.1388
580,933,1513,0.1388
584,923,1507,0.1388
582,925,1507,0.1388
585,929,1514,0.1388
581,929,1510,0.1388
580,922,1502,0.1388
576,921,1497,0.1388
572,934,1506,0.1388
577,934,1511,0.1388
574,929,1503,0.1388
577,928,1505,0.1388
575,933,1508,0.1388
577,931,1508,0.1388
577,926,1503,0.1388
582,933,1515,0.1388
575,926,1501,0.1388
575,943,1518,0.1388
569,936,1505,0.1388
576,940,1516,0.1388
579,941,1520,0.1388
577,944,1521,0.1388
570,951,1521,0.1388
575,961,1536,0.1388
565,954,1519,0.1388
565,956,1521,0.1388
561,947,1508,0.1388
558,957,1515,0.1388
560,971,1531,0.1388
563,972,1535,0.1388
555,970,1525,0.1388
546,971,1517,0.1388
550,964,1514,0.1388
548,963,1511,0.1388
550,965,1515,0.1388
558,967,1525,0.1388
559,967,1526,0.1388
557,971,1528,0.1388
553,970,1523,0.1388
549,958,1507,0.1388
544,958,1502,0.1388
539,953,1492,0.1388
538,957,1495,0.1388
543,964,1507,0.1388
545,967,1512,0.1388
539,969,1508,0.1388
545,958,1503,0.1388
546,965,1511,0.1388
546,970,1516,0.1388
543,960,1503,0.1388
535,969,1504,0.1388
547,968,1515,0.1388
546,966,1512,0.1388
545,944,1489,0.1388
547,945,1492,0.1388
545,957,1502,0.1388
543,958,1501,0.1388
542,960,1502,0.1388
545,963,1508,0.1388
541,969,1510,0.1388
539,969,1508,0.1388
541,984,1525,0.1388
538,981,1519,0.1388
532,983,1515,0.1388
523,972,1495,0.1388
525,973,1498,0.1388
529,981,1510,0.1388
530,984,1514,0.1388
529,986,1515,0.1388
525,985,1510,0.1388
518,985,1503,0.1388
528,981,1509,0.1388
527,979,1506,0.1388
532,983,1515,0.1388
537,984,1521,0.1388
534,985,1519,0.1388
531,979,1510,0.1388
534,982,1516,0.1388
532,989,1521,0.1388
534,973,1507,0.1388
532,986,1518,0.1388
519,990,1509,0.1388
530,998,1528,0.1388
524,995,1519,0.1388
525,989,1514,0.1388
523,991,1514,0.1388
519,995,1514,0.1388
517,998,1515,0.1388
521,995,1516,0.1388
524,1001,1525,0.1388
515,998,1513,0.1388
521,988,1509,0.1388
521,991,1512,0.1388
525,996,1521,0.1388
532,990,1522,0.1388
533,979,1512,0.1388
534,982,1516,0.1388
534,977,1511,0.1388
531,976,1507,0.1388
527,981,1508,0.1388
529,988,1517,0.1388
535,982,1517,0.1388
536,970,1506,0.1388
529,979,1508,0.1388
534,979,1513,0.1388
533,980,1513,0.1388
529,980,1509,0.1388
522,984,1506,0.1388
519,984,1503,0.1388
517,975,1492,0.1388
517,988,1505,0.1388
515,991,1506,0.1388
519,1007,1526,0.1388
516,1000,1516,0.1388
520,996,1516,0.1388
522,995,1517,0.1388
522,987,1509,0.1388
516,989,1505,0.1388
513,996,1509,0.1388
514,999,1513,0.1388
506,986,1492,0.1388
500,999,1499,0.1388
495,1001,1496,0.1388
496,995,1491,0.1388
499,986,1485,0.1388
500,997,1497,0.1388
499,1017,1516,0.1388
503,1006,1509,0.1388
501,1005,1506,0.1388
505,991,1496,0.1388
497,999,1496,0.1388
499,1000,1499,0.1388
502,1005,1507,0.1388
499,1010,1509,0.1388
500,1022,1522,0.1388
508,1017,1525,0.1388
505,1008,1513,0.1388
509,1013,1522,0.1388
503,1005,1508,0.1388
506,1010,1516,0.1388
503,1008,1511,0.1388
506,1015,1521,0.1388
505,1009,1514,0.1388
508,1010,1518,0.1388
507,1008,1515,0.1388
507,1008,1515,0.1388
510,1009,1519,0.1388
515,1001,1516,0.1388
501,1002,1503,0.1388
501,1004,1505,0.1388
504,1008,1512,0.1388
503,1008,1511,0.1388
494,1013,1507,0.1388
496,1000,1496,0.1388
501,997,1498,0.1388
494,1011,1505,0.1388
495,1016,1511,0.1388
494,1022,1516,0.1388
499,1022,1521,0.1388
495,1018,1513,0.1388
493,1011,1504,0.1388
492,1012,1504,0.1388
490,1014,1504,0.1388
493,1020,1513,0.1388
498,1015,1513,0.1388
502,1026,1528,0.1388
498,1019,1517,0.1388
490,1013,1503,0.1388
503,1008,1511,0.1388
504,1017,1521,0.1388
496,1015,1511,0.1388
499,1018,1517,0.1388
505,1030,1535,0.1388
491,1041,1532,0.1388
487,1035,1522,0.1388
481,1038,1519,0.1388
481,1036,1517,0.1388
482,1036,1518,0.1388
487,1035,1522,0.1388
478,1037,1515,0.1388
479,1037,1516,0.1388
472,1037,1509,0.1388
473,1033,1506,0.1388
476,1039,1515,0.1388
474,1029,1503,0.1388
466,1041,1507,0.1388
459,1040,1499,0.1388
454,1048,1502,0.1388
452,1054,1506,0.1388
459,1045,1504,0.1388
463,1037,1500,0.1388
466,1031,1497,0.1388
466,1028,1494,0.1388
465,1043,1508,0.1388
463,1052,1515,0.1388
461,1046,1507,0.1388
461,1052,1513,0.1388
463,1046,1509,0.1388
462,1055,1517,0.1388
462,1056,1518,0.1388
465,1055,1520,0.1388
464,1050,1514,0.1388
462,1049,1511,0.1388
456,1045,1501,0.1388
457,1035,1492,0.1388
451,1041,1492,0.1388
455,1053,1508,0.1388
458,1050,1508,0.1388
455,1051,1506,0.1388
450,1050,1500,0.1388
461,1056,1517,0.1388
451,1049,1500,0.1388
450,1050,1500,0.1388
454,1056,1510,0.1388
456,1058,1514,0.1388
454,1056,1510,0.1388
453,1049,1502,0.1388
444,1062,1506,0.1388
441,1049,1490,0.1388
442,1057,1499,0.1388
439,1055,1494,0.1388
432,1070,1502,0.1388
441,1073,1514,0.1388
443,1077,1520,0.1388
442,1075,1517,0.1388
445,1068,1513,0.1388
445,1064,1509,0.1388
446,1067,1513,0.1388
442,1058,1500,0.1388
446,1070,1516,0.1388
447,1060,1507,0.1388
452,1048,1500,0.1388
442,1050,1492,0.1388
446,1033,1479,0.1388
454,1052,1506,0.1388
457,1065,1522,0.1388
464,1066,1530,0.1388
459,1065,1524,0.1388
461,1067,1528,0.1388
456,1063,1519,0.1388
462,1060,1522,0.1388
459,1069,1528,0.1388
450,1076,1526,0.1388
454,1071,1525,0.1388
445,1062,1507,0.1388
445,1060,1505,0.1388
442,1061,1503,0.1388
440,1071,1511,0.1388
441,1072,1513,0.1388
440,1079,1519,0.1388
437,1073,1510,0.1388
430,1072,1502,0.1388
434,1072,1506,0.1388
433,1072,1505,0.1388
437,1084,1521,0.1388
437,1074,1511,0.1388
440,1072,1512,0.1388
432,1072,1504,0.1388
431,1083,1514,0.1388
431,1077,1508,0.1388
428,1077,1505,0.1388
431,1091,1522,0.1388
426,1089,1515,0.1388
426,1088,1514,0.1388
429,1092,1521,0.1388
431,1086,1517,0.1388
436,1086,1522,0.1388
439,1089,1528,0.1388
434,1090,1524,0.1388
430,1087,1517,0.1388
424,1079,1503,0.1388
430,1068,1498,0.1388
436,1084,1520,0.1388
429,1087,1516,0.1388
425,1084,1509,0.1388
423,1096,1519,0.1388
421,1091,1512,0.1388
415,1084,1499,0.1388
418,1092,1510,0.1388
420,1086,1506,0.1388
425,1098,1523,0.1388
419,1101,1520,0.1388
419,1093,1512,0.1388
421,1107,1528,0.1388
416,1102,1518,0.1388
420,1105,1525,0.1388
416,1095,1511,0.1388
410,1100,1510,0.1388
412,1099,1511,0.1388
407,1096,1503,0.1388
404,1092,1496,0.1388
400,1099,1499,0.1388
405,1097,1502,0.1388
407,1093,1500,0.1388
405,1105,1510,0.1388
404,1106,1510,0.1388
402,1103,1505,0.1388
405,1109,1514,0.1388
408,1109,1517,0.1388
410,1119,1529,0.1388
406,1115,1521,0.1388
406,1099,1505,0.1388
406,1106,1512,0.1388
407,1112,1519,0.1388
411,1114,1525,0.1388
416,1098,1514,0.1388
413,1101,1514,0.1388
409,1098,1507,0.1388
410,1108,1518,0.1388
406,1118,1524,0.1388
411,1108,1519,0.1388
403,1105,1508,0.1388
406,1110,1516,0.1388
404,1102,1506,0.1388
400,1097,1497,0.1388
403,1099,1502,0.1388
408,1095,1503,0.1388
399,1105,1504,0.1388
398,1103,1501,0.1388
390,1109,1499,0.1388
395,1118,1513,0.1388
388,1128,1516,0.1388
393,1122,1515,0.1388
393,1116,1509,0.1388
389,1114,1503,0.1388
390,1116,1506,0.1388
387,1112,1499,0.1388
383,1124,1507,0.1388
381,1133,1514,0.1388
386,1129,1515,0.1388
388,1130,1518,0.1388
392,1133,1525,0.1388
391,1121,1512,0.1388
397,1122,1519,0.1388
395,1115,1510,0.1388
386,1114,1500,0.1388
385,1119,1504,0.1388
392,1121,1513,0.1388
387,1119,1506,0.1388
390,1120,1510,0.1388
390,1131,1521,0.1388
391,1131,1522,0.1388
391,1121,1512,0.1388
389,1121,1510,0.1388
385,1123,1508,0.1388
379,1126,1505,0.1388
383,1130,1513,0.1388
382,1129,1511,0.1388
379,1126,1505,0.1388
378,1128,1506,0.1388
382,1128,1510,0.1388
379,1135,1514,0.1388
378,1144,1522,0.1388
377,1144,1521,0.1388
373,1146,1519,0.1388
373,1141,1514,0.1388
375,1135,1510,0.1388
376,1136,1512,0.1388
374,1131,1505,0.1388
366,1142,1508,0.1388
365,1148,1513,0.1388
371,1142,1513,0.1388
369,1138,1507,0.1388
368,1131,1499,0.1388
366,1122,1488,0.1388
363,1128,1491,0.1388
366,1134,1500,0.1388
372,1141,1513,0.1388
373,1142,1515,0.1388
372,1143,1515,0.1388
374,1159,1533,0.1388
376,1155,1531,0.1388
372,1158,1530,0.1388
368,1150,1518,0.1388
368,1145,1513,0.1388
362,1151,1513,0.1388
359,1148,1507,0.1388
359,1147,1506,0.1388
360,1154,1514,0.1388
362,1158,1520,0.1388
355,1162,1517,0.1388
352,1167,1519,0.1388
353,1165,1518,0.1388
348,1155,1503,0.1388
352,1153,1505,0.1388
353,1151,1504,0.1388
359,1154,1513,0.1388
360,1151,1511,0.1388
357,1145,1502,0.1388
348,1153,1501,0.1388
352,1144,1496,0.1388
361,1145,1506,0.1388
364,1139,1503,0.1388
360,1144,1504,0.1388
352,1147,1499,0.1388
345,1146,1491,0.1388
347,1152,1499,0.1388
345,1144,1489,0.1388
349,1149,1498,0.1388
350,1155,1505,0.1388
360,1173,1533,0.1388
365,1153,1518,0.1388
368,1141,1509,0.1388
359,1143,1502,0.1388
364,1148,1512,0.1388
363,1157,1520,0.1388
365,1146,1511,0.1388
368,1144,1512,0.1388
366,1139,1505,0.1388
366,1153,1519,0.1388
361,1154,1515,0.1388
364,1152,1516,0.1388
364,1148,1512,0.1388
357,1147,1504,0.1388
361,1161,1522,0.1388
359,1157,1516,0.1388
361,1145,1506,0.1388
358,1153,1511,0.1388
361,1146,1507,0.1388
367,1148,1515,0.1388
364,1144,1508,0.1388
362,1145,1507,0.1388
358,1161,1519,0.1388
354,1155,1509,0.1388
351,1167,1518,0.1388
351,1157,1508,0.1388
340,1158,1498,0.1388
341,1158,1499,0.1388
340,1171,1511,0.1388
338,1160,1498,0.1388
344,1168,1512,0.1388
348,1179,1527,0.1388
343,1166,1509,0.1388
344,1171,1515,0.1388
343,1187,1530,0.1388
340,1184,1524,0.1388
332,1168,1500,0.1388
333,1163,1496,0.1388
335,1174,1509,0.1388
331,1170,1501,0.1388
324,1171,1495,0.1388
327,1168,1495,0.1388
326,1174,1500,0.1388
325,1175,1500,0.1388
324,1170,1494,0.1388
321,1169,1490,0.1388
329,1179,1508,0.1388
321,1187,1508,0.1388
323,1183,1506,0.1388
325,1190,1515,0.1388
331,1183,1514,0.1388
326,1184,1510,0.1388
326,1190,1516,0.1388
318,1177,1495,0.1388
315,1176,1491,0.1388
315,1182,1497,0.1388
319,1188,1507,0.1388
314,1178,1492,0.1388
312,1175,1487,0.1388
313,1188,1501,0.1388
316,1190,1506,0.1388
317,1197,1514,0.1388
316,1180,1496,0.1388
321,1187,1508,0.1388
319,1183,1502,0.1388
316,1195,1511,0.1388
321,1194,1515,0.1388
325,1191,1516,0.1388
321,1190,1511,0.1388
319,1188,1507,0.1388
313,1177,1490,0.1388
318,1182,1500,0.1388
308,1188,1496,0.1388
312,1192,1504,0.1388
313,1192,1505,0.1388
310,1201,1511,0.1388
313,1202,1515,0.1388
313,1193,1506,0.1388
315,1195,1510,0.1388
318,1204,1522,0.1388
315,1191,1506,0.1388
312,1197,1509,0.1388
315,1205,1520,0.1388
310,1194,1504,0.1388
311,1203,1514,0.1388
308,1209,1517,0.1388
307,1212,1519,0.1388
305,1207,1512,0.1388
310,1217,1527,0.1388
312,1207,1519,0.1388
307,1205,1512,0.1388
300,1219,1519,0.1388
294,1204,1498,0.1388
298,1199,1497,0.1388
298,1203,1501,0.1388
291,1190,1481,0.1388
294,1200,1494,0.1388
298,1203,1501,0.1388
296,1207,1503,0.1388
290,1216,1506,0.1388
294,1223,1517,0.1388
296,1209,1505,0.1388
294,1220,1514,0.1388
290,1230,1520,0.1388
290,1236,1526,0.1388
287,1233,1520,0.1388
286,1221,1507,0.1388
286,1224,1510,0.1388
284,1224,1508,0.1388
285,1219,1504,0.1388
289,1224,1513,0.1388
286,1223,1509,0.1388
280,1219,1499,0.1388
278,1237,1515,0.1388
273,1233,1506,0.1388
279,1228,1507,0.1388
272,1231,1503,0.1388
270,1238,1508,0.1388
268,1232,1500,0.1388
264,1234,1498,0.1388
264,1239,1503,0.1388
269,1231,1500,0.1388
266,1236,1502,0.1388
264,1251,1515,0.1388
269,1244,1513,0.1388
269,1246,1515,0.1388
268,1256,1524,0.1388
265,1256,1521,0.1388
265,1258,1523,0.1388
258,1276,1534,0.1388
263,1269,1532,0.1388
264,1282,1546,0.1388
270,1278,1548,0.1388
264,1268,1532,0.1388
263,1266,1529,0.1388
258,1261,1519,0.1388
258,1251,1509,0.1388
251,1239,1490,0.1388
250,1258,1508,0.1388
249,1279,1528,0.1388
246,1281,1527,0.1388
240,1283,1523,0.1388
246,1281,1527,0.1388
245,1285,1530,0.1388
242,1283,1525,0.1388
237,1273,1510,0.1388
233,1278,1511,0.1388
227,1286,1513,0.1388
235,1284,1519,0.1388
233,1269,1502,0.1388
237,1270,1507,0.1388
242,1266,1508,0.1388
244,1287,1531,0.1388
243,1275,1518,0.1388
239,1270,1509,0.1388
237,1271,1508,0.1388
242,1265,1507,0.1388
242,1264,1506,0.1388
238,1257,1495,0.1388
235,1261,1496,0.1388
234,1272,1506,0.1388
239,1268,1507,0.1388
247,1260,1507,0.1388
245,1264,1509,0.1388
245,1271,1516,0.1388
244,1271,1515,0.1388
244,1261,1505,0.1388
243,1267,1510,0.1388
243,1272,1515,0.1388
243,1272,1515,0.1388
249,1264,1513,0.1388
251,1258,1509,0.1388
254,1255,1509,0.1388
257,1260,1517,0.1388
257,1267,1524,0.1388
250,1268,1518,0.1388
248,1266,1514,0.1388
251,1268,1519,0.1388
247,1258,1505,0.1388
246,1263,1509,0.1388
247,1268,1515,0.1388
245,1277,1522,0.1388
244,1279,1523,0.1388
241,1278,1519,0.1388
239,1279,1518,0.1388
240,1282,1522,0.1388
245,1277,1522,0.1388
247,1270,1517,0.1388
246,1279,1525,0.1388
246,1283,1529,0.1388
239,1279,1518,0.1388
234,1288,1522,0.1388
232,1284,1516,0.1388
228,1282,1510,0.1388
230,1292,1522,0.1388
233,1296,1529,0.1388
234,1293,1527,0.1388
231,1287,1518,0.1388
227,1284,1511,0.1388
226,1280,1506,0.1388
228,1278,1506,0.1388
222,1278,1500,0.1388
220,1278,1498,0.1388
221,1271,1492,0.1388
223,1283,1506,0.1388
220,1287,1507,0.1388
221,1295,1516,0.1388
218,1288,1506,0.1388
216,1296,1512,0.1388
216,1301,1517,0.1388
218,1295,1513,0.1388
220,1294,1514,0.1388
219,1287,1506,0.1388
219,1280,1499,0.1388
221,1288,1509,0.1388
220,1290,1510,0.1388
216,1285,1501,0.1388
218,1298,1516,0.1388
218,1288,1506,0.1388
219,1279,1498,0.1388
219,1271,1490,0.1388
221,1277,1498,0.1388
216,1283,1499,0.1388
212,1285,1497,0.1388
215,1279,1494,0.1388
212,1283,1495,0.1388
209,1292,1501,0.1388
211,1293,1504,0.1388
211,1288,1499,0.1388
212,1300,1512,0.1388
210,1300,1510,0.1388
211,1301,1512,0.1388
210,1302,1512,0.1388
204,1312,1516,0.1388
210,1313,1523,0.1388
206,1312,1518,0.1388
207,1304,1511,0.1388
209,1312,1521,0.1388
207,1318,1525,0.1388
207,1318,1525,0.1388
207,1322,1529,0.1388
199,1320,1519,0.1388
195,1323,1518,0.1388
196,1317,1513,0.1388
197,1311,1508,0.1388
202,1312,1514,0.1388
202,1309,1511,0.1388
204,1314,1518,0.1388
206,1306,1512,0.1388
202,1293,1495,0.1388
205,1299,1504,0.1388
202,1296,1498,0.1388
203,1310,1513,0.1388
207,1314,1521,0.1388
206,1303,1509,0.1388
207,1297,1504,0.1388
208,1291,1499,0.1388
211,1286,1497,0.1388
206,1302,1508,0.1388
204,1301,1505,0.1388
201,1312,1513,0.1388
197,1315,1512,0.1388
197,1315,1512,0.1388
199,1326,1525,0.1388
199,1308,1507,0.1388
201,1309,1510,0.1388
200,1305,1505,0.1388
198,1313,1511,0.1388
200,1316,1516,0.1388
201,1323,1524,0.1388
196,1317,1513,0.1388
196,1307,1503,0.1388
197,1301,1498,0.1388
200,1306,1506,0.1388
201,1296,1497,0.1388
209,1303,1512,0.1388
208,1304,1512,0.1388
206,1315,1521,0.1388
207,1315,1522,0.1388
204,1312,1516,0.1388
206,1324,1530,0.1388
206,1302,1508,0.1388
206,1310,1516,0.1388
203,1308,1511,0.1388
201,1313,1514,0.1388
201,1308,1509,0.1388
203,1313,1516,0.1388
205,1303,1508,0.1388
208,1305,1513,0.1388
209,1303,1512,0.1388
205,1300,1505,0.1388
204,1300,1504,0.1388
200,1310,1510,0.1388
197,1306,1503,0.1388
191,1313,1504,0.1388
196,1316,1512,0.1388
196,1314,1510,0.1388
194,1320,1514,0.1388
195,1306,1501,0.1388
195,1307,1502,0.1388
194,1319,1513,0.1388
196,1314,1510,0.1388
198,1323,1521,0.1388
194,1320,1514,0.1388
194,1331,1525,0.1388
196,1332,1528,0.1388
197,1322,1519,0.1388
193,1326,1519,0.1388
196,1327,1523,0.1388
189,1313,1502,0.1388
184,1306,1490,0.1388
190,1308,1498,0.1388
192,1321,1513,0.1388
193,1330,1523,0.1388
190,1329,1519,0.1388
186,1330,1516,0.1388
182,1336,1518,0.1388
178,1339,1517,0.1388
173,1334,1507,0.1388
170,1349,1519,0.1388
165,1349,1514,0.1388
168,1346,1514,0.1388
165,1357,1522,0.1388
162,1356,1518,0.1388
159,1360,1519,0.1388
158,1360,1518,0.1388
157,1365,1522,0.1388
160,1351,1511,0.1388
161,1344,1505,0.1388
167,1360,1527,0.1388
167,1359,1526,0.1388
163,1361,1524,0.1388
160,1355,1515,0.1388
157,1361,1518,0.1388
159,1364,1523,0.1388
160,1351,1511,0.1388
162,1352,1514,0.1388
163,1362,1525,0.1388
160,1362,1522,0.1388
155,1365,1520,0.1388
156,1351,1507,0.1388
161,1351,1512,0.1388
163,1344,1507,0.1388
167,1336,1503,0.1388
164,1328,1492,0.1388
166,1347,1513,0.1388
159,1355,1514,0.1388
156,1348,1504,0.1388
157,1346,1503,0.1388
162,1350,1512,0.1388
166,1352,1518,0.1388
160,1357,1517,0.1388
162,1352,1514,0.1388
160,1358,1518,0.1388
155,1364,1519,0.1388
158,1366,1524,0.1388
159,1358,1517,0.1388
156,1361,1517,0.1388
150,1349,1499,0.1388
149,1352,1501,0.1388
150,1357,1507,0.1388
145,1356,1501,0.1388
142,1348,1490,0.1388
144,1350,1494,0.1388
147,1358,1505,0.1388
148,1367,1515,0.1388
148,1359,1507,0.1388
142,1364,1506,0.1388
144,1373,1517,0.1388
143,1370,1513,0.1388
146,1367,1513,0.1388
142,1378,1520,0.1388
139,1390,1529,0.1388
142,1384,1526,0.1388
144,1379,1523,0.1388
138,1381,1519,0.1388
142,1376,1518,0.1388
141,1382,1523,0.1388
140,1377,1517,0.1388
137,1379,1516,0.1388
137,1378,1515,0.1388
141,1380,1521,0.1388
141,1376,1517,0.1388
141,1380,1521,0.1388
140,1385,1525,0.1388
143,1369,1512,0.1388
144,1367,1511,0.1388
144,1356,1500,0.1388
143,1367,1510,0.1388
143,1369,1512,0.1388
139,1381,1520,0.1388
141,1370,1511,0.1388
142,1374,1516,0.1388
141,1374,1515,0.1388
139,1378,1517,0.1388
138,1378,1516,0.1388
135,1388,1523,0.1388
133,1385,1518,0.1388
129,1376,1505,0.1388
130,1388,1518,0.1388
127,1388,1515,0.1388
127,1382,1509,0.1388
124,1379,1503,0.1388
121,1380,1501,0.1388
120,1383,1503,0.1388
122,1385,1507,0.1388
123,1393,1516,0.1388
123,1392,1515,0.1388
126,1395,1521,0.1388
125,1392,1517,0.1388
121,1390,1511,0.1388
122,1389,1511,0.1388
122,1385,1507,0.1388
123,1391,1514,0.1388
121,1390,1511,0.1388
120,1380,1500,0.1388
117,1392,1509,0.1388
118,1386,1504,0.1388
120,1395,1515,0.1388
119,1408,1527,0.1388
118,1410,1528,0.1388
116,1415,1531,0.1388
117,1413,1530,0.1388
113,1406,1519,0.1388
116,1393,1509,0.1388
116,1391,1507,0.1388
116,1403,1519,0.1388
114,1390,1504,0.1388
111,1390,1501,0.1388
112,1402,1514,0.1388
113,1413,1526,0.1388
111,1416,1527,0.1388
113,1407,1520,0.1388
110,1416,1526,0.1388
110,1414,1524,0.1388
108,1412,1520,0.1388
108,1411,1519,0.1388
112,1405,1517,0.1388
113,1405,1518,0.1388
114,1410,1524,0.1388
114,1422,1536,0.1388
110,1422,1532,0.1388
107,1409,1516,0.1388
105,1412,1517,0.1388
105,1407,1512,0.1388
110,1393,1503,0.1388
106,1398,1504,0.1388
105,1398,1503,0.1388
102,1407,1509,0.1388
105,1404,1509,0.1388
104,1406,1510,0.1388
103,1421,1524,0.1388
107,1412,1519,0.1388
108,1412,1520,0.1388
106,1421,1527,0.1388
107,1425,1532,0.1388
106,1417,1523,0.1388
103,1412,1515,0.1388
102,1413,1515,0.1388
107,1412,1519,0.1388
110,1411,1521,0.1388
108,1419,1527,0.1388
107,1416,1523,0.1388
112,1408,1520,0.1388
113,1408,1521,0.1388
111,1412,1523,0.1388
111,1400,1511,0.1388
111,1409,1520,0.1388
111,1421,1532,0.1388
108,1412,1520,0.1388
106,1404,1510,0.1388
107,1411,1518,0.1388
107,1413,1520,0.1388
108,1409,1517,0.1388
106,1406,1512,0.1388
107,1398,1505,0.1388
107,1410,1517,0.1388
106,1416,1522,0.1388
104,1413,1517,0.1388
105,1409,1514,0.1388
104,1402,1506,0.1388
102,1426,1528,0.1388
103,1425,1528,0.1388
102,1429,1531,0.1388
104,1425,1529,0.1388
105,1415,1520,0.1388
106,1404,1510,0.1388
107,1406,1513,0.1388
106,1409,1515,0.1388
105,1415,1520,0.1388
105,1407,1512,0.1388
107,1403,1510,0.1388
106,1411,1517,0.1388
102,1413,1515,0.1388
103,1410,1513,0.1388
100,1422,1522,0.1388
100,1422,1522,0.1388
99,1417,1516,0.1388
97,1408,1505,0.1388
99,1425,1524,0.1388
99,1419,1518,0.1388
97,1430,1527,0.1388
97,1421,1518,0.1388
99,1423,1522,0.1388
99,1414,1513,0.1388
96,1424,1520,0.1388
94,1414,1508,0.1388
94,1412,1506,0.1388
93,1417,1510,0.1388
91,1421,1512,0.1388
88,1414,1502,0.1388
89,1418,1507,0.1388
92,1413,1505,0.1388
90,1413,1503,0.1388
90,1409,1499,0.1388
93,1407,1500,0.1388
92,1404,1496,0.1388
92,1403,1495,0.1388
95,1400,1495,0.1388
94,1405,1499,0.1388
97,1430,1527,0.1388
96,1431,1527,0.1388
95,1438,1533,0.1388
96,1424,1520,0.1388
96,1425,1521,0.1388
91,1426,1517,0.1388
91,1421,1512,0.1388
89,1420,1509,0.1388
85,1431,1516,0.1388
86,1432,1518,0.1388
89,1440,1529,0.1388
87,1433,1520,0.1388
90,1444,1534,0.1388
94,1436,1530,0.1388
94,1438,1532,0.1388
94,1442,1536,0.1388
95,1427,1522,0.1388
93,1422,1515,0.1388
91,1408,1499,0.1388
90,1419,1509,0.1388
94,1430,1524,0.1388
92,1428,1520,0.1388
94,1421,1515,0.1388
91,1418,1509,0.1388
93,1430,1523,0.1388
90,1422,1512,0.1388
92,1410,1502,0.1388
92,1411,1503,0.1388
91,1416,1507,0.1388
93,1424,1517,0.1388
92,1435,1527,0.1388
88,1434,1522,0.1388
86,1435,1521,0.1388
88,1437,1525,0.1388
84,1426,1510,0.1388
87,1427,1514,0.1388
91,1436,1527,0.1388
92,1443,1535,0.1388
88,1440,1528,0.1388
88,1443,1531,0.1388
87,1443,1530,0.1388
85,1436,1521,0.1388
84,1423,1507,0.1388
84,1437,1521,0.1388
84,1434,1518,0.1388
81,1434,1515,0.1388
81,1430,1511,0.1388
80,1432,1512,0.1388
76,1426,1502,0.1388
78,1435,1513,0.1388
82,1425,1507,0.1388
79,1431,1510,0.1388
79,1422,1501,0.1388
80,1417,1497,0.1388
78,1442,1520,0.1388
77,1445,1522,0.1388
79,1437,1516,0.1388
78,1428,1506,0.1388
78,1437,1515,0.1388
76,1439,1515,0.1388
78,1431,1509,0.1388
79,1438,1517,0.1388
80,1452,1532,0.1388
79,1466,1545,0.1388
78,1455,1533,0.1388
79,1443,1522,0.1388
80,1442,1522,0.1388
76,1450,1526,0.1388
77,1442,1519,0.1388
73,1438,1511,0.1388
73,1439,1512,0.1388
74,1439,1513,0.1388
73,1431,1504,0.1388
79,1432,1511,0.1388
78,1439,1517,0.1388
75,1435,1510,0.1388
79,1440,1519,0.1388
80,1438,1518,0.1388
80,1430,1510,0.1388
82,1438,1520,0.1388
83,1446,1529,0.1388
78,1448,1526,0.1388
79,1446,1525,0.1388
80,1441,1521,0.1388
79,1431,1510,0.1388
82,1431,1513,0.1388
81,1435,1516,0.1388
78,1450,1528,0.1388
76,1450,1526,0.1388
77,1435,1512,0.1388
79,1433,1512,0.1388
76,1438,1514,0.1388
75,1425,1500,0.1388
75,1443,1518,0.1388
75,1446,1521,0.1388
75,1434,1509,0.1388
74,1447,1521,0.1388
74,1432,1506,0.1388
72,1430,1502,0.1388
71,1442,1513,0.1388
70,1435,1505,0.1388
76,1428,1504,0.1388
76,1425,1501,0.1388
76,1426,1502,0.1388
75,1442,1517,0.1388
74,1439,1513,0.1388
73,1434,1507,0.1388
74,1451,1525,0.1388
75,1446,1521,0.1388
71,1443,1514,0.1388
71,1439,1510,0.1388
71,1442,1513,0.1388
70,1444,1514,0.1388
71,1445,1516,0.1388
71,1443,1514,0.1388
71,1445,1516,0.1388
68,1458,1526,0.1388
67,1459,1526,0.1388
67,1451,1518,0.1388
70,1448,1518,0.1388
68,1454,1522,0.1388
70,1447,1517,0.1388
69,1436,1505,0.1388
68,1453,1521,0.1388
66,1459,1525,0.1388
66,1454,1520,0.1388
64,1460,1524,0.1388
66,1452,1518,0.1388
66,1453,1519,0.1388
66,1466,1532,0.1388
66,1459,1525,0.1388
67,1447,1514,0.1388
67,1458,1525,0.1388
67,1450,1517,0.1388
68,1461,1529,0.1388
66,1467,1533,0.1388
65,1452,1517,0.1388
64,1456,1520,0.1388
64,1452,1516,0.1388
63,1461,1524,0.1388
62,1470,1532,0.1388
62,1459,1521,0.1388
62,1459,1521,0.1388
60,1463,1523,0.1388
61,1449,1510,0.1388
61,1466,1527,0.1388
64,1450,1514,0.1388
64,1454,1518,0.1388
63,1454,1517,0.1388
62,1452,1514,0.1388
62,1453,1515,0.1388
63,1457,1520,0.1388
64,1461,1525,0.1388
62,1470,1532,0.1388
64,1458,1522,0.1388
62,1444,1506,0.1388
60,1446,1506,0.1388
60,1453,1513,0.1388
60,1449,1509,0.1388
56,1443,1499,0.1388
57,1463,1520,0.1388
59,1466,1525,0.1388
55,1464,1519,0.1388
54,1457,1511,0.1388
56,1458,1514,0.1388
56,1446,1502,0.1388
56,1447,1503,0.1388
53,1456,1509,0.1388
57,1456,1513,0.1388
57,1457,1514,0.1388
56,1467,1523,0.1388
57,1454,1511,0.1388
60,1458,1518,0.1388
58,1466,1524,0.1388
59,1464,1523,0.1388
55,1462,1517,0.1388
54,1454,1508,0.1388
52,1463,1515,0.1388
53,1438,1491,0.1388
52,1449,1501,0.1388
50,1444,1494,0.1388
55,1444,1499,0.1388
56,1435,1491,0.1388
56,1451,1507,0.1388
56,1463,1519,0.1388
54,1449,1503,0.1388
53,1457,1510,0.1388
52,1458,1510,0.1388
48,1449,1497,0.1388
48,1450,1498,0.1388
49,1453,1502,0.1388
47,1453,1500,0.1388
47,1455,1502,0.1388
49,1459,1508,0.1388
51,1469,1520,0.1388
50,1476,1526,0.1388
52,1475,1527,0.1388
53,1450,1503,0.1388
51,1449,1500,0.1388
54,1454,1508,0.1388
54,1463,1517,0.1388
52,1460,1512,0.1388
52,1476,1528,0.1388
53,1458,1511,0.1388
54,1450,1504,0.1388
53,1453,1506,0.1388
54,1454,1508,0.1388
53,1457,1510,0.1388
56,1468,1524,0.1388
55,1465,1520,0.1388
54,1459,1513,0.1388
54,1475,1529,0.1388
55,1469,1524,0.1388
54,1457,1511,0.1388
54,1465,1519,0.1388
55,1452,1507,0.1388
56,1454,1510,0.1388
55,1444,1499,0.1388
53,1440,1493,0.1388
53,1440,1493,0.1388
56,1433,1489,0.1388
54,1445,1499,0.1388
57,1453,1510,0.1388
59,1457,1516,0.1388
58,1446,1504,0.1388
56,1443,1499,0.1388
58,1441,1499,0.1388
57,1444,1501,0.1388
56,1452,1508,0.1388
53,1456,1509,0.1388
54,1453,1507,0.1388
53,1459,1512,0.1388
54,1455,1509,0.1388
54,1458,1512,0.1388
53,1468,1521,0.1388
50,1465,1515,0.1388
50,1464,1514,0.1388
49,1461,1510,0.1388
50,1459,1509,0.1388
49,1465,1514,0.1388
47,1473,1520,0.1388
52,1466,1518,0.1388
53,1477,1530,0.1388
51,1488,1539,0.1388
49,1477,1526,0.1388
50,1468,1518,0.1388
52,1477,1529,0.1388
54,1460,1514,0.1388
54,1452,1506,0.1388
50,1466,1516,0.1388
54,1459,1513,0.1388
51,1456,1507,0.1388
52,1454,1506,0.1388
52,1458,1510,0.1388
55,1467,1522,0.1388
53,1467,1520,0.1388
53,1472,1525,0.1388
51,1474,1525,0.1388
53,1479,1532,0.1388
51,1465,1516,0.1388
54,1461,1515,0.1388
53,1470,1523,0.1388
55,1471,1526,0.1388
55,1464,1519,0.1388
56,1460,1516,0.1388
52,1455,1507,0.1388
55,1461,1516,0.1388
52,1461,1513,0.1388
54,1460,1514,0.1388
53,1450,1503,0.1388
53,1449,1502,0.1388
52,1463,1515,0.1388
53,1460,1513,0.1388
54,1471,1525,0.1388
54,1456,1510,0.1388
51,1460,1511,0.1388
50,1460,1510,0.1388
53,1458,1511,0.1388
54,1458,1512,0.1388
57,1459,1516,0.1388
57,1457,1514,0.1388
57,1455,1512,0.1388
56,1443,1499,0.1388
55,1445,1500,0.1388
54,1445,1499,0.1388
55,1445,1500,0.1388
58,1462,1520,0.1388
57,1463,1520,0.1388
57,1457,1514,0.1388
60,1454,1514,0.1388
59,1461,1520,0.1388
58,1462,1520,0.1388
60,1460,1520,0.1388
59,1455,1514,0.1388
59,1451,1510,0.1388
56,1452,1508,0.1388
60,1452,1512,0.1388
59,1460,1519,0.1388
58,1466,1524,0.1388
58,1459,1517,0.1388
59,1461,1520,0.1388
60,1464,1524,0.1388
61,1455,1516,0.1388
61,1457,1518,0.1388
61,1463,1524,0.1388
62,1466,1528,0.1388
63,1467,1530,0.1388
64,1465,1529,0.1388
60,1480,1540,0.1388
60,1464,1524,0.1388
61,1460,1521,0.1388
61,1459,1520,0.1388
60,1454,1514,0.1388
59,1448,1507,0.1388
59,1449,1508,0.1388
58,1461,1519,0.1388
58,1467,1525,0.1388
57,1469,1526,0.1388
58,1446,1504,0.1388
56,1455,1511,0.1388
55,1465,1520,0.1388
54,1458,1512,0.1388
53,1459,1512,0.1388
53,1455,1508,0.1388
54,1459,1513,0.1388
56,1458,1514,0.1388
57,1461,1518,0.1388
55,1462,1517,0.1388
58,1473,1531,0.1388
58,1471,1529,0.1388
59,1474,1533,0.1388
58,1469,1527,0.1388
58,1448,1506,0.1388
58,1459,1517,0.1388
58,1454,1512,0.1388
61,1455,1516,0.1388
63,1451,1514,0.1388
64,1461,1525,0.1388
66,1442,1508,0.1388
63,1449,1512,0.1388
64,1461,1525,0.1388
63,1450,1513,0.1388
62,1460,1522,0.1388
64,1458,1522,0.1388
61,1463,1524,0.1388
59,1450,1509,0.1388
60,1452,1512,0.1388
60,1449,1509,0.1388
61,1446,1507,0.1388
64,1452,1516,0.1388
61,1454,1515,0.1388
59,1456,1515,0.1388
60,1456,1516,0.1388
60,1459,1519,0.1388
60,1461,1521,0.1388
59,1450,1509,0.1388
57,1452,1509,0.1388
58,1443,1501,0.1388
59,1458,1517,0.1388
59,1452,1511,0.1388
62,1441,1503,0.1388
63,1447,1510,0.1388
63,1434,1497,0.1388
63,1453,1516,0.1388
64,1444,1508,0.1388
66,1444,1510,0.1388
67,1453,1520,0.1388
67,1453,1520,0.1388
67,1437,1504,0.1388
68,1440,1508,0.1388
69,1443,1512,0.1388
72,1447,1519,0.1388
72,1450,1522,0.1388
69,1436,1505,0.1388
69,1444,1513,0.1388
70,1447,1517,0.1388
68,1462,1530,0.1388
70,1465,1535,0.1388
71,1460,1531,0.1388
71,1458,1529,0.1388
72,1458,1530,0.1388
71,1446,1517,0.1388
72,1443,1515,0.1388
72,1443,1515,0.1388
72,1444,1516,0.1388
69,1445,1514,0.1388
69,1468,1537,0.1388
71,1467,1538,0.1388
71,1458,1529,0.1388
70,1451,1521,0.1388
71,1444,1515,0.1388
70,1442,1512,0.1388
71,1439,1510,0.1388
69,1438,1507,0.1388
72,1448,1520,0.1388
74,1451,1525,0.1388
72,1448,1520,0.1388
72,1459,1531,0.1388
72,1456,1528,0.1388
72,1448,1520,0.1388
71,1439,1510,0.1388
70,1444,1514,0.1388
71,1446,1517,0.1388
71,1449,1520,0.1388
69,1451,1520,0.1388
70,1448,1518,0.1388
66,1441,1507,0.1388
67,1453,1520,0.1388
68,1447,1515,0.1388
69,1441,1510,0.1388
71,1439,1510,0.1388
69,1444,1513,0.1388
70,1438,1508,0.1388
70,1442,1512,0.1388
66,1441,1507,0.1388
69,1431,1500,0.1388
67,1433,1500,0.1388
67,1449,1516,0.1388
68,1461,1529,0.1388
68,1457,1525,0.1388
67,1444,1511,0.1388
67,1448,1515,0.1388
69,1449,1518,0.1388
70,1443,1513,0.1388
69,1445,1514,0.1388
69,1454,1523,0.1388
69,1463,1532,0.1388
69,1462,1531,0.1388
69,1460,1529,0.1388
68,1450,1518,0.1388
68,1445,1513,0.1388
68,1442,1510,0.1388
66,1454,1520,0.1388
65,1447,1512,0.1388
66,1448,1514,0.1388
68,1444,1512,0.1388
68,1440,1508,0.1388
70,1441,1511,0.1388
68,1440,1508,0.1388
68,1441,1509,0.1388
69,1442,1511,0.1388
66,1447,1513,0.1388
67,1450,1517,0.1388
67,1455,1522,0.1388
68,1464,1532,0.1388
68,1455,1523,0.1388
67,1444,1511,0.1388
66,1456,1522,0.1388
67,1444,1511,0.1388
67,1434,1501,0.1388
66,1439,1505,0.1388
63,1436,1499,0.1388
67,1442,1509,0.1388
67,1440,1507,0.1388
65,1449,1514,0.1388
67,1456,1523,0.1388
64,1451,1515,0.1388
63,1452,1515,0.1388
62,1450,1512,0.1388
64,1455,1519,0.1388
63,1454,1517,0.1388
63,1458,1521,0.1388
61,1470,1531,0.1388
59,1467,1526,0.1388
61,1458,1519,0.1388
61,1460,1521,0.1388
60,1455,1515,0.1388
58,1448,1506,0.1388
54,1456,1510,0.1388
54,1454,1508,0.1388
58,1457,1515,0.1388
59,1459,1518,0.1388
59,1469,1528,0.1388
58,1460,1518,0.1388
59,1462,1521,0.1388
59,1461,1520,0.1388
58,1465,1523,0.1388
58,1462,1520,0.1388
57,1456,1513,0.1388
57,1467,1524,0.1388
56,1458,1514,0.1388
57,1450,1507,0.1388
57,1444,1501,0.1388
55,1453,1508,0.1388
54,1476,1530,0.1388
54,1458,1512,0.1388
53,1462,1515,0.1388
55,1458,1513,0.1388
54,1454,1508,0.1388
53,1451,1504,0.1388
54,1440,1494,0.1388
53,1437,1490,0.1388
52,1449,1501,0.1388
50,1456,1506,0.1388
51,1458,1509,0.1388
52,1462,1514,0.1388
51,1462,1513,0.1388
53,1452,1505,0.1388
56,1472,1528,0.1388
55,1470,1525,0.1388
56,1475,1531,0.1388
56,1464,1520,0.1388
56,1466,1522,0.1388
56,1458,1514,0.1388
53,1471,1524,0.1388
52,1465,1517,0.1388
52,1464,1516,0.1388
51,1474,1525,0.1388
52,1477,1529,0.1388
51,1483,1534,0.1388
52,1473,1525,0.1388
53,1471,1524,0.1388
55,1463,1518,0.1388
54,1457,1511,0.1388
55,1456,1511,0.1388
53,1446,1499,0.1388
50,1462,1512,0.1388
49,1469,1518,0.1388
50,1472,1522,0.1388
48,1466,1514,0.1388
49,1458,1507,0.1388
50,1468,1518,0.1388
50,1452,1502,0.1388
50,1452,1502,0.1388
49,1461,1510,0.1388
50,1480,1530,0.1388
49,1470,1519,0.1388
50,1460,1510,0.1388
50,1471,1521,0.1388
49,1469,1518,0.1388
49,1466,1515,0.1388
47,1450,1497,0.1388
45,1454,1499,0.1388
44,1465,1509,0.1388
44,1470,1514,0.1388
44,1467,1511,0.1388
44,1466,1510,0.1388
46,1466,1512,0.1388
46,1469,1515,0.1388
46,1467,1513,0.1388
46,1469,1515,0.1388
45,1481,1526,0.1388
47,1459,1506,0.1388
47,1473,1520,0.1388
47,1474,1521,0.1388
47,1475,1522,0.1388
48,1465,1513,0.1388
49,1461,1510,0.1388
48,1469,1517,0.1388
50,1475,1525,0.1388
50,1469,1519,0.1388
49,1464,1513,0.1388
48,1464,1512,0.1388
46,1470,1516,0.1388
48,1469,1517,0.1388
49,1467,1516,0.1388
51,1471,1522,0.1388
51,1464,1515,0.1388
50,1464,1514,0.1388
48,1448,1496,0.1388
46,1452,1498,0.1388
49,1454,1503,0.1388
46,1463,1509,0.1388
48,1465,1513,0.1388
49,1453,1502,0.1388
50,1441,1491,0.1388
49,1465,1514,0.1388
50,1467,1517,0.1388
50,1464,1514,0.1388
50,1457,1507,0.1388
50,1464,1514,0.1388
52,1462,1514,0.1388
53,1472,1525,0.1388
52,1476,1528,0.1388
52,1481,1533,0.1388
50,1462,1512,0.1388
51,1454,1505,0.1388
51,1442,1493,0.1388
51,1439,1490,0.1388
52,1445,1497,0.1388
51,1459,1510,0.1388
50,1452,1502,0.1388
51,1464,1515,0.1388
48,1469,1517,0.1388
46,1473,1519,0.1388
47,1466,1513,0.1388
52,1456,1508,0.1388
51,1465,1516,0.1388
49,1470,1519,0.1388
51,1475,1526,0.1388
52,1467,1519,0.1388
53,1466,1519,0.1388
54,1475,1529,0.1388
51,1479,1530,0.1388
48,1482,1530,0.1388
49,1487,1536,0.1388
49,1479,1528,0.1388
46,1469,1515,0.1388
46,1459,1505,0.1388
46,1459,1505,0.1388
48,1479,1527,0.1388
46,1474,1520,0.1388
48,1472,1520,0.1388
47,1467,1514,0.1388
47,1471,1518,0.1388
46,1469,1515,0.1388
48,1475,1523,0.1388
49,1471,1520,0.1388
49,1467,1516,0.1388
51,1464,1515,0.1388
50,1472,1522,0.1388
52,1473,1525,0.1388
52,1471,1523,0.1388
51,1474,1525,0.1388
52,1472,1524,0.1388
51,1472,1523,0.1388
51,1462,1513,0.1388
48,1455,1503,0.1388
50,1466,1516,0.1388
49,1465,1514,0.1388
46,1469,1515,0.1388
46,1480,1526,0.1388
47,1472,1519,0.1388
47,1481,1528,0.1388
50,1479,1529,0.1388
50,1469,1519,0.1388
50,1457,1507,0.1388
50,1455,1505,0.1388
51,1482,1533,0.1388
53,1468,1521,0.1388
54,1457,1511,0.1388
53,1444,1497,0.1388
53,1452,1505,0.1388
50,1458,1508,0.1388
50,1446,1496,0.1388
51,1458,1509,0.1388
51,1457,1508,0.1388
52,1462,1514,0.1388
50,1463,1513,0.1388
50,1480,1530,0.1388
50,1468,1518,0.1388
50,1456,1506,0.1388
48,1454,1502,0.1388
48,1450,1498,0.1388
50,1455,1505,0.1388
49,1456,1505,0.1388
49,1461,1510,0.1388
48,1452,1500,0.1388
49,1449,1498,0.1388
52,1446,1498,0.1388
51,1455,1506,0.1388
51,1458,1509,0.1388
52,1465,1517,0.1388
49,1474,1523,0.1388
47,1462,1509,0.1388
48,1474,1522,0.1388
47,1483,1530,0.1388
49,1480,1529,0.1388
47,1480,1527,0.1388
48,1465,1513,0.1388
46,1462,1508,0.1388
45,1464,1509,0.1388
45,1464,1509,0.1388
47,1467,1514,0.1388
49,1459,1508,0.1388
48,1452,1500,0.1388
48,1463,1511,0.1388
48,1474,1522,0.1388
49,1475,1524,0.1388
49,1463,1512,0.1388
52,1472,1524,0.1388
53,1465,1518,0.1388
52,1455,1507,0.1388
51,1471,1522,0.1388
53,1464,1517,0.1388
51,1462,1513,0.1388
52,1470,1522,0.1388
55,1472,1527,0.1388
57,1461,1518,0.1388
58,1453,1511,0.1388
56,1450,1506,0.1388
61,1450,1511,0.1388
58,1449,1507,0.1388
59,1445,1504,0.1388
59,1459,1518,0.1388
58,1445,1503,0.1388
57,1441,1498,0.1388
57,1437,1494,0.1388
57,1447,1504,0.1388
56,1451,1507,0.1388
57,1447,1504,0.1388
60,1447,1507,0.1388
60,1451,1511,0.1388
60,1460,1520,0.1388
59,1462,1521,0.1388
62,1467,1529,0.1388
62,1468,1530,0.1388
60,1457,1517,0.1388
58,1459,1517,0.1388
60,1468,1528,0.1388
55,1468,1523,0.1388
55,1462,1517,0.1388
56,1458,1514,0.1388
57,1449,1506,0.1388
59,1463,1522,0.1388
58,1449,1507,0.1388
59,1470,1529,0.1388
55,1471,1526,0.1388
56,1469,1525,0.1388
57,1471,1528,0.1388
57,1474,1531,0.1388
54,1461,1515,0.1388
57,1460,1517,0.1388
54,1454,1508,0.1388
55,1460,1515,0.1388
58,1443,1501,0.1388
56,1441,1497,0.1388
55,1457,1512,0.1388
54,1442,1496,0.1388
53,1456,1509,0.1388
55,1448,1503,0.1388
54,1455,1509,0.1388
55,1440,1495,0.1388
52,1454,1506,0.1388
54,1453,1507,0.1388
54,1464,1518,0.1388
52,1469,1521,0.1388
53,1477,1530,0.1388
54,1478,1532,0.1388
55,1473,1528,0.1388
54,1468,1522,0.1388
54,1465,1519,0.1388
51,1469,1520,0.1388
50,1469,1519,0.1388
51,1466,1517,0.1388
50,1459,1509,0.1388
49,1459,1508,0.1388
50,1451,1501,0.1388
53,1456,1509,0.1388
52,1452,1504,0.1388
53,1458,1511,0.1388
53,1462,1515,0.1388
52,1464,1516,0.1388
50,1454,1504,0.1388
50,1463,1513,0.1388
50,1465,1515,0.1388
49,1462,1511,0.1388
51,1466,1517,0.1388
52,1460,1512,0.1388
54,1454,1508,0.1388
52,1457,1509,0.1388
52,1470,1522,0.1388
53,1473,1526,0.1388
54,1470,1524,0.1388
52,1473,1525,0.1388
52,1460,1512,0.1388
52,1451,1503,0.1388
50,1453,1503,0.1388
51,1453,1504,0.1388
52,1446,1498,0.1388
51,1455,1506,0.1388
45,1465,1510,0.1388
44,1471,1515,0.1388
45,1464,1509,0.1388
46,1464,1510,0.1388
46,1464,1510,0.1388
46,1475,1521,0.1388
45,1468,1513,0.1388
44,1466,1510,0.1388
45,1470,1515,0.1388
45,1470,1515,0.1388
44,1467,1511,0.1388
46,1471,1517,0.1388
47,1475,1522,0.1388
47,1478,1525,0.1388
47,1479,1526,0.1388
47,1468,1515,0.1388
47,1464,1511,0.1388
47,1454,1501,0.1388
44,1455,1499,0.1388
41,1478,1519,0.1388
41,1474,1515,0.1388
39,1475,1514,0.1388
39,1469,1508,0.1388
39,1460,1499,0.1388
40,1458,1498,0.1388
38,1473,1511,0.1388
36,1482,1518,0.1388
37,1497,1534,0.1388
38,1493,1531,0.1388
38,1494,1532,0.1388
36,1493,1529,0.1388
35,1492,1527,0.1388
34,1489,1523,0.1388
32,1491,1523,0.1388
32,1486,1518,0.1388
31,1483,1514,0.1388
31,1482,1513,0.1388
31,1482,1513,0.1388
30,1473,1503,0.1388
30,1479,1509,0.1388
30,1475,1505,0.1388
31,1481,1512,0.1388
29,1489,1518,0.1388
31,1491,1522,0.1388
31,1490,1521,0.1388
32,1486,1518,0.1388
32,1482,1514,0.1388
32,1482,1514,0.1388
31,1484,1515,0.1388
31,1489,1520,0.1388
29,1488,1517,0.1388
30,1479,1509,0.1388
32,1484,1516,0.1388
33,1482,1515,0.1388
31,1482,1513,0.1388
30,1486,1516,0.1388
30,1494,1524,0.1388
32,1492,1524,0.1388
33,1495,1528,0.1388
33,1492,1525,0.1388
34,1484,1518,0.1388
34,1474,1508,0.1388
35,1459,1494,0.1388
35,1467,1502,0.1388
35,1472,1507,0.1388
35,1463,1498,0.1388
34,1472,1506,0.1388
35,1467,1502,0.1388
35,1480,1515,0.1388
35,1470,1505,0.1388
36,1475,1511,0.1388
37,1483,1520,0.1388
37,1491,1528,0.1388
36,1499,1535,0.1388
35,1504,1539,0.1388
34,1484,1518,0.1388
34,1485,1519,0.1388
34,1475,1509,0.1388
37,1487,1524,0.1388
36,1483,1519,0.1388
35,1489,1524,0.1388
35,1498,1533,0.1388
32,1489,1521,0.1388
32,1479,1511,0.1388
33,1489,1522,0.1388
36,1474,1510,0.1388
35,1462,1497,0.1388
36,1475,1511,0.1388
34,1483,1517,0.1388
34,1486,1520,0.1388
33,1484,1517,0.1388
33,1461,1494,0.1388
35,1471,1506,0.1388
36,1479,1515,0.1388
34,1494,1528,0.1388
33,1494,1527,0.1388
32,1488,1520,0.1388
31,1497,1528,0.1388
33,1497,1530,0.1388
34,1481,1515,0.1388
33,1465,1498,0.1388
35,1469,1504,0.1388
38,1468,1506,0.1388
37,1472,1509,0.1388
36,1474,1510,0.1388
35,1482,1517,0.1388
34,1487,1521,0.1388
36,1472,1508,0.1388
35,1477,1512,0.1388
34,1476,1510,0.1388
33,1485,1518,0.1388
34,1486,1520,0.1388
35,1491,1526,0.1388
32,1479,1511,0.1388
34,1481,1515,0.1388
35,1492,1527,0.1388
34,1485,1519,0.1388
36,1475,1511,0.1388
35,1481,1516,0.1388
35,1492,1527,0.1388
35,1489,1524,0.1388
35,1489,1524,0.1388
34,1485,1519,0.1388
35,1498,1533,0.1388
34,1488,1522,0.1388
34,1488,1522,0.1388
35,1479,1514,0.1388
35,1496,1531,0.1388
35,1491,1526,0.1388
35,1486,1521,0.1388
34,1481,1515,0.1388
32,1478,1510,0.1388
32,1491,1523,0.1388
33,1487,1520,0.1388
33,1488,1521,0.1388
33,1485,1518,0.1388
33,1481,1514,0.1388
30,1478,1508,0.1388
31,1482,1513,0.1388
31,1475,1506,0.1388
31,1487,1518,0.1388
30,1489,1519,0.1388
31,1483,1514,0.1388
30,1480,1510,0.1388
28,1499,1527,0.1388
28,1495,1523,0.1388
25,1496,1521,0.1388
24,1500,1524,0.1388
25,1500,1525,0.1388
23,1496,1519,0.1388
22,1493,1515,0.1388
21,1499,1520,0.1388
21,1505,1526,0.1388
20,1496,1516,0.1388
20,1497,1517,0.1388
20,1496,1516,0.1388
20,1493,1513,0.1388
19,1487,1506,0.1388
22,1493,1515,0.1388
22,1483,1505,0.1388
22,1493,1515,0.1388
22,1502,1524,0.1388
22,1502,1524,0.1388
22,1515,1537,0.1388
23,1507,1530,0.1388
22,1491,1513,0.1388
22,1494,1516,0.1388
22,1498,1520,0.1388
21,1494,1515,0.1388
22,1504,1526,0.1388
22,1492,1514,0.1388
22,1493,1515,0.1388
21,1494,1515,0.1388
20,1494,1514,0.1388
20,1486,1506,0.1388
20,1487,1507,0.1388
20,1476,1496,0.1388
21,1473,1494,0.1388
22,1484,1506,0.1388
22,1493,1515,0.1388
22,1492,1514,0.1388
22,1483,1505,0.1388
23,1478,1501,0.1388
23,1488,1511,0.1388
22,1485,1507,0.1388
21,1494,1515,0.1388
22,1501,1523,0.1388
22,1496,1518,0.1388
21,1500,1521,0.1388
21,1498,1519,0.1388
21,1500,1521,0.1388
22,1492,1514,0.1388
23,1500,1523,0.1388
24,1497,1521,0.1388
24,1502,1526,0.1388
23,1498,1521,0.1388
23,1499,1522,0.1388
22,1492,1514,0.1388
22,1493,1515,0.1388
22,1500,1522,0.1388
23,1501,1524,0.1388
22,1501,1523,0.1388
23,1500,1523,0.1388
21,1503,1524,0.1388
21,1510,1531,0.1388
21,1503,1524,0.1388
21,1490,1511,0.1388
21,1498,1519,0.1388
19,1500,1519,0.1388
21,1502,1523,0.1388
21,1509,1530,0.1388
23,1505,1528,0.1388
23,1503,1526,0.1388
22,1510,1532,0.1388
21,1515,1536,0.1388
21,1515,1536,0.1388
21,1497,1518,0.1388
22,1510,1532,0.1388
22,1510,1532,0.1388
22,1500,1522,0.1388
22,1496,1518,0.1388
22,1501,1523,0.1388
21,1505,1526,0.1388
21,1501,1522,0.1388
21,1501,1522,0.1388
20,1491,1511,0.1388
20,1484,1504,0.1388
21,1480,1501,0.1388
21,1498,1519,0.1388
21,1493,1514,0.1388
21,1491,1512,0.1388
20,1489,1509,0.1388
20,1491,1511,0.1388
20,1504,1524,0.1388
19,1497,1516,0.1388
19,1500,1519,0.1388
19,1502,1521,0.1388
19,1489,1508,0.1388
19,1482,1501,0.1388
20,1501,1521,0.1388
16,1509,1525,0.1388
17,1494,1511,0.1388
20,1480,1500,0.1388
20,1475,1495,0.1388
20,1479,1499,0.1388
19,1489,1508,0.1388
18,1505,1523,0.1388
17,1509,1526,0.1388
17,1501,1518,0.1388
17,1502,1519,0.1388
17,1512,1529,0.1388
17,1506,1523,0.1388
18,1489,1507,0.1388
17,1493,1510,0.1388
17,1492,1509,0.1388
17,1488,1505,0.1388
17,1495,1512,0.1388
17,1489,1506,0.1388
17,1490,1507,0.1388
17,1498,1515,0.1388
17,1493,1510,0.1388
17,1493,1510,0.1388
17,1496,1513,0.1388
17,1499,1516,0.1388
17,1500,1517,0.1388
17,1492,1509,0.1388
17,1510,1527,0.1388
17,1507,1524,0.1388
18,1504,1522,0.1388
18,1513,1531,0.1388
18,1500,1518,0.1388
16,1491,1507,0.1388
15,1482,1497,0.1388
16,1485,1501,0.1388
15,1497,1512,0.1388
15,1487,1502,0.1388
15,1503,1518,0.1388
15,1510,1525,0.1388
15,1481,1496,0.1388
16,1492,1508,0.1388
16,1498,1514,0.1388
16,1497,1513,0.1388
18,1502,1520,0.1388
18,1502,1520,0.1388
18,1497,1515,0.1388
18,1487,1505,0.1388
21,1481,1502,0.1388
21,1483,1504,0.1388
21,1477,1498,0.1388
21,1487,1508,0.1388
20,1496,1516,0.1388
19,1492,1511,0.1388
20,1507,1527,0.1388
22,1493,1515,0.1388
23,1494,1517,0.1388
24,1478,1502,0.1388
24,1488,1512,0.1388
22,1494,1516,0.1388
23,1505,1528,0.1388
24,1512,1536,0.1388
24,1518,1542,0.1388
24,1512,1536,0.1388
23,1506,1529,0.1388
22,1499,1521,0.1388
22,1484,1506,0.1388
23,1501,1524,0.1388
23,1508,1531,0.1388
23,1507,1530,0.1388
23,1494,1517,0.1388
23,1490,1513,0.1388
22,1497,1519,0.1388
21,1492,1513,0.1388
22,1504,1526,0.1388
22,1507,1529,0.1388
22,1509,1531,0.1388
22,1491,1513,0.1388
22,1490,1512,0.1388
22,1490,1512,0.1388
21,1502,1523,0.1388
21,1492,1513,0.1388
21,1483,1504,0.1388
18,1486,1504,0.1388
19,1494,1513,0.1388
20,1498,1518,0.1388
20,1487,1507,0.1388
19,1488,1507,0.1388
19,1488,1507,0.1388
21,1474,1495,0.1388
21,1481,1502,0.1388
20,1487,1507,0.1388
18,1489,1507,0.1388
17,1484,1501,0.1388
15,1493,1508,0.1388
15,1507,1522,0.1388
14,1508,1522,0.1388
14,1496,1510,0.1388
14,1501,1515,0.1388
14,1504,1518,0.1388
15,1512,1527,0.1388
17,1507,1524,0.1388
15,1504,1519,0.1388
14,1494,1508,0.1388
14,1496,1510,0.1388
14,1500,1514,0.1388
14,1499,1513,0.1388
14,1500,1514,0.1388
13,1500,1513,0.1388
15,1482,1497,0.1388
16,1475,1491,0.1388
16,1493,1509,0.1388
16,1510,1526,0.1388
17,1507,1524,0.1388
16,1499,1515,0.1388
14,1500,1514,0.1388
14,1489,1503,0.1388
14,1487,1501,0.1388
14,1503,1517,0.1388
15,1500,1515,0.1388
15,1507,1522,0.1388
15,1519,1534,0.1388
16,1505,1521,0.1388
14,1498,1512,0.1388
12,1500,1512,0.1388
12,1508,1520,0.1388
13,1503,1516,0.1388
13,1504,1517,0.1388
14,1502,1516,0.1388
14,1514,1528,0.1388
13,1499,1512,0.1388
13,1503,1516,0.1388
14,1499,1513,0.1388
14,1503,1517,0.1388
12,1499,1511,0.1388
12,1506,1518,0.1388
11,1505,1516,0.1388
11,1505,1516,0.1388
11,1503,1514,0.1388
11,1502,1513,0.1388
10,1509,1519,0.1388
10,1507,1517,0.1388
12,1507,1519,0.1388
11,1490,1501,0.1388
9,1498,1507,0.1388
9,1501,1510,0.1388
10,1505,1515,0.1388
11,1500,1511,0.1388
11,1515,1526,0.1388
11,1506,1517,0.1388
10,1496,1506,0.1388
9,1503,1512,0.1388
9,1493,1502,0.1388
10,1490,1500,0.1388
11,1493,1504,0.1388
11,1493,1504,0.1388
11,1515,1526,0.1388
11,1524,1535,0.1388
11,1514,1525,0.1388
11,1511,1522,0.1388
11,1501,1512,0.1388
11,1501,1512,0.1388
12,1501,1513,0.1388
11,1496,1507,0.1388
12,1496,1508,0.1388
9,1508,1517,0.1388
9,1504,1513,0.1388
9,1510,1519,0.1388
10,1512,1522,0.1388
10,1506,1516,0.1388
10,1497,1507,0.1388
10,1501,1511,0.1388
10,1504,1514,0.1388
11,1490,1501,0.1388
12,1490,1502,0.1388
11,1491,1502,0.1388
11,1503,1514,0.1388
9,1512,1521,0.1388
9,1522,1531,0.1388
9,1518,1527,0.1388
10,1506,1516,0.1388
10,1506,1516,0.1388
9,1503,1512,0.1388
10,1497,1507,0.1388
10,1502,1512,0.1388
10,1506,1516,0.1388
10,1502,1512,0.1388
10,1503,1513,0.1388
10,1508,1518,0.1388
10,1517,1527,0.1388
10,1501,1511,0.1388
10,1506,1516,0.1388
10,1489,1499,0.1388
10,1479,1489,0.1388
10,1491,1501,0.1388
10,1495,1505,0.1388
10,1508,1518,0.1388
9,1512,1521,0.1388
9,1509,1518,0.1388
9,1521,1530,0.1388
9,1505,1514,0.1388
9,1484,1493,0.1388
9,1499,1508,0.1388
9,1502,1511,0.1388
10,1507,1517,0.1388
10,1509,1519,0.1388
10,1505,1515,0.1388
9,1500,1509,0.1388
9,1512,1521,0.1388
9,1505,1514,0.1388
11,1520,1531,0.1388
12,1520,1532,0.1388
12,1516,1528,0.1388
11,1521,1532,0.1388
11,1516,1527,0.1388
12,1503,1515,0.1388
11,1506,1517,0.1388
10,1520,1530,0.1388
10,1512,1522,0.1388
11,1509,1520,0.1388
11,1510,1521,0.1388
12,1504,1516,0.1388
11,1500,1511,0.1388
12,1495,1507,0.1388
12,1492,1504,0.1388
12,1507,1519,0.1388
12,1493,1505,0.1388
13,1505,1518,0.1388
12,1509,1521,0.1388
12,1498,1510,0.1388
11,1514,1525,0.1388
11,1506,1517,0.1388
10,1509,1519,0.1388
10,1509,1519,0.1388
10,1510,1520,0.1388
10,1509,1519,0.1388
9,1501,1510,0.1388
11,1502,1513,0.1388
11,1494,1505,0.1388
11,1504,1515,0.1388
10,1515,1525,0.1388
10,1507,1517,0.1388
10,1510,1520,0.1388
11,1501,1512,0.1388
10,1492,1502,0.1388
11,1504,1515,0.1388
11,1491,1502,0.1388
10,1494,1504,0.1388
10,1498,1508,0.1388
10,1497,1507,0.1388
10,1497,1507,0.1388
10,1497,1507,0.1388
10,1492,1502,0.1388
11,1501,1512,0.1388
13,1508,1521,0.1388
14,1512,1526,0.1388
14,1500,1514,0.1388
13,1499,1512,0.1388
13,1508,1521,0.1388
13,1505,1518,0.1388
14,1501,1515,0.1388
14,1500,1514,0.1388
13,1497,1510,0.1388
14,1491,1505,0.1388
15,1488,1503,0.1388
15,1503,1518,0.1388
14,1495,1509,0.1388
14,1495,1509,0.1388
14,1490,1504,0.1388
14,1501,1515,0.1388
14,1499,1513,0.1388
14,1507,1521,0.1388
14,1505,1519,0.1388
14,1497,1511,0.1388
14,1505,1519,0.1388
13,1499,1512,0.1388
13,1500,1513,0.1388
14,1491,1505,0.1388
14,1506,1520,0.1388
14,1498,1512,0.1388
13,1502,1515,0.1388
13,1508,1521,0.1388
12,1499,1511,0.1388
12,1501,1513,0.1388
12,1511,1523,0.1388
12,1505,1517,0.1388
12,1494,1506,0.1388
12,1489,1501,0.1388
12,1491,1503,0.1388
12,1492,1504,0.1388
12,1500,1512,0.1388
13,1507,1520,0.1388
13,1515,1528,0.1388
13,1515,1528,0.1388
13,1510,1523,0.1388
15,1521,1536,0.1388
16,1505,1521,0.1388
16,1496,1512,0.1388
16,1484,1500,0.1388
16,1488,1504,0.1388
16,1488,1504,0.1388
17,1488,1505,0.1388
15,1476,1491,0.1388
16,1489,1505,0.1388
17,1489,1506,0.1388
18,1481,1499,0.1388
18,1482,1500,0.1388
19,1493,1512,0.1388
20,1499,1519,0.1388
20,1502,1522,0.1388
20,1479,1499,0.1388
20,1481,1501,0.1388
20,1477,1497,0.1388
20,1491,1511,0.1388
20,1505,1525,0.1388
20,1495,1515,0.1388
20,1495,1515,0.1388
17,1495,1512,0.1388
18,1506,1524,0.1388
19,1502,1521,0.1388
19,1492,1511,0.1388
18,1508,1526,0.1388
18,1504,1522,0.1388
18,1496,1514,0.1388
19,1502,1521,0.1388
19,1508,1527,0.1388
20,1503,1523,0.1388
20,1504,1524,0.1388
20,1521,1541,0.1388
21,1504,1525,0.1388
21,1495,1516,0.1388
21,1495,1516,0.1388
21,1493,1514,0.1388
19,1488,1507,0.1388
20,1489,1509,0.1388
21,1499,1520,0.1388
22,1496,1518,0.1388
21,1499,1520,0.1388
22,1507,1529,0.1388
23,1492,1515,0.1388
23,1491,1514,0.1388
22,1483,1505,0.1388
22,1497,1519,0.1388
22,1493,1515,0.1388
22,1498,1520,0.1388
20,1487,1507,0.1388
19,1493,1512,0.1388
19,1489,1508,0.1388
20,1496,1516,0.1388
19,1487,1506,0.1388
22,1490,1512,0.1388
21,1501,1522,0.1388
22,1490,1512,0.1388
22,1487,1509,0.1388
21,1493,1514,0.1388
21,1484,1505,0.1388
22,1481,1503,0.1388
22,1489,1511,0.1388
23,1490,1513,0.1388
23,1494,1517,0.1388
22,1509,1531,0.1388
21,1494,1515,0.1388
22,1494,1516,0.1388
23,1503,1526,0.1388
23,1506,1529,0.1388
21,1506,1527,0.1388
23,1505,1528,0.1388
23,1494,1517,0.1388
23,1497,1520,0.1388
24,1493,1517,0.1388
24,1489,1513,0.1388
24,1481,1505,0.1388
23,1489,1512,0.1388
23,1477,1500,0.1388
23,1495,1518,0.1388
26,1489,1515,0.1388
24,1497,1521,0.1388
25,1487,1512,0.1388
24,1498,1522,0.1388
24,1503,1527,0.1388
24,1489,1513,0.1388
24,1483,1507,0.1388
24,1500,1524,0.1388
24,1501,1525,0.1388
23,1507,1530,0.1388
22,1503,1525,0.1388
23,1493,1516,0.1388
22,1486,1508,0.1388
22,1488,1510,0.1388
24,1496,1520,0.1388
23,1500,1523,0.1388
23,1506,1529,0.1388
22,1504,1526,0.1388
22,1498,1520,0.1388
21,1491,1512,0.1388
20,1492,1512,0.1388
19,1486,1505,0.1388
20,1481,1501,0.1388
18,1485,1503,0.1388
20,1483,1503,0.1388
20,1489,1509,0.1388
21,1496,1517,0.1388
22,1495,1517,0.1388
21,1496,1517,0.1388
21,1500,1521,0.1388
22,1510,1532,0.1388
21,1501,1522,0.1388
20,1503,1523,0.1388
19,1493,1512,0.1388
19,1497,1516,0.1388
18,1484,1502,0.1388
19,1479,1498,0.1388
19,1499,1518,0.1388
19,1500,1519,0.1388
18,1505,1523,0.1388
17,1506,1523,0.1388
17,1496,1513,0.1388
18,1482,1500,0.1388
18,1492,1510,0.1388
16,1491,1507,0.1388
16,1492,1508,0.1388
17,1493,1510,0.1388
16,1503,1519,0.1388
17,1495,1512,0.1388
16,1506,1522,0.1388
16,1494,1510,0.1388
16,1477,1493,0.1388
16,1485,1501,0.1388
16,1495,1511,0.1388
18,1513,1531,0.1388
17,1512,1529,0.1388
17,1517,1534,0.1388
17,1506,1523,0.1388
17,1495,1512,0.1388
19,1499,1518,0.1388
19,1497,1516,0.1388
20,1510,1530,0.1388
20,1504,1524,0.1388
20,1504,1524,0.1388
20,1513,1533,0.1388
20,1500,1520,0.1388
19,1503,1522,0.1388
19,1496,1515,0.1388
19,1498,1517,0.1388
18,1503,1521,0.1388
19,1494,1513,0.1388
18,1479,1497,0.1388
17,1475,1492,0.1388
17,1488,1505,0.1388
16,1487,1503,0.1388
17,1491,1508,0.1388
16,1505,1521,0.1388
16,1502,1518,0.1388
17,1511,1528,0.1388
17,1505,1522,0.1388
18,1499,1517,0.1388
18,1496,1514,0.1388
19,1497,1516,0.1388
19,1493,1512,0.1388
20,1487,1507,0.1388
17,1501,1518,0.1388
18,1501,1519,0.1388
17,1490,1507,0.1388
17,1499,1516,0.1388
18,1506,1524,0.1388
19,1506,1525,0.1388
18,1506,1524,0.1388
20,1493,1513,0.1388
20,1501,1521,0.1388
19,1494,1513,0.1388
19,1502,1521,0.1388
19,1491,1510,0.1388
17,1500,1517,0.1388
18,1499,1517,0.1388
17,1505,1522,0.1388
17,1491,1508,0.1388
17,1493,1510,0.1388
18,1497,1515,0.1388
18,1494,1512,0.1388
18,1492,1510,0.1388
17,1502,1519,0.1388
16,1506,1522,0.1388
14,1506,1520,0.1388
14,1495,1509,0.1388
15,1509,1524,0.1388
16,1496,1512,0.1388
15,1504,1519,0.1388
16,1505,1521,0.1388
16,1506,1522,0.1388
16,1491,1507,0.1388
16,1497,1513,0.1388
15,1497,1512,0.1388
15,1510,1525,0.1388
15,1505,1520,0.1388
14,1506,1520,0.1388
14,1497,1511,0.1388
14,1503,1517,0.1388
15,1491,1506,0.1388
15,1496,1511,0.1388
14,1514,1528,0.1388
14,1512,1526,0.1388
15,1495,1510,0.1388
14,1494,1508,0.1388
14,1488,1502,0.1388
14,1501,1515,0.1388
15,1504,1519,0.1388
15,1498,1513,0.1388
14,1504,1518,0.1388
14,1500,1514,0.1388
14,1501,1515,0.1388
14,1510,1524,0.1388
14,1514,1528,0.1388
15,1509,1524,0.1388
15,1511,1526,0.1388
15,1500,1515,0.1388
15,1502,1517,0.1388
16,1493,1509,0.1388
16,1501,1517,0.1388
15,1506,1521,0.1388
14,1506,1520,0.1388
15,1506,1521,0.1388
14,1507,1521,0.1388
14,1501,1515,0.1388
14,1507,1521,0.1388
14,1504,1518,0.1388
14,1499,1513,0.1388
14,1485,1499,0.1388
14,1495,1509,0.1388
14,1500,1514,0.1388
14,1490,1504,0.1388
14,1497,1511,0.1388
15,1505,1520,0.1388
14,1502,1516,0.1388
14,1502,1516,0.1388
14,1512,1526,0.1388
13,1507,1520,0.1388
12,1505,1517,0.1388
11,1501,1512,0.1388
13,1477,1490,0.1388
12,1466,1478,0.1388
12,1476,1488,0.1388
13,1491,1504,0.1388
13,1482,1495,0.1388
12,1481,1493,0.1388
12,1478,1490,0.1388
13,1495,1508,0.1388
14,1486,1500,0.1388
13,1491,1504,0.1388
13,1492,1505,0.1388
14,1501,1515,0.1388
13,1501,1514,0.1388
13,1509,1522,0.1388
13,1495,1508,0.1388
13,1495,1508,0.1388
13,1500,1513,0.1388
13,1501,1514,0.1388
13,1498,1511,0.1388
13,1503,1516,0.1388
14,1498,1512,0.1388
14,1502,1516,0.1388
14,1503,1517,0.1388
14,1490,1504,0.1388
14,1505,1519,0.1388
15,1503,1518,0.1388
15,1504,1519,0.1388
15,1499,1514,0.1388
15,1503,1518,0.1388
15,1497,1512,0.1388
16,1494,1510,0.1388
15,1500,1515,0.1388
15,1500,1515,0.1388
14,1505,1519,0.1388
14,1502,1516,0.1388
14,1511,1525,0.1388
14,1513,1527,0.1388
13,1515,1528,0.1388
13,1506,1519,0.1388
13,1500,1513,0.1388
12,1511,1523,0.1388
12,1507,1519,0.1388
12,1494,1506,0.1388
12,1495,1507,0.1388
12,1495,1507,0.1388
12,1490,1502,0.1388
12,1486,1498,0.1388
12,1495,1507,0.1388
12,1506,1518,0.1388
12,1512,1524,0.1388
13,1518,1531,0.1388
13,1527,1540,0.1388
13,1537,1550,0.1388
12,1509,1521,0.1388
12,1510,1522,0.1388
12,1502,1514,0.1388
13,1498,1511,0.1388
13,1507,1520,0.1388
13,1511,1524,0.1388
11,1497,1508,0.1388
11,1506,1517,0.1388
11,1510,1521,0.1388
11,1498,1509,0.1388
11,1503,1514,0.1388
11,1503,1514,0.1388
12,1513,1525,0.1388
11,1518,1529,0.1388
11,1510,1521,0.1388
12,1514,1526,0.1388
13,1520,1533,0.1388
13,1505,1518,0.1388
12,1500,1512,0.1388
11,1489,1500,0.1388
11,1512,1523,0.1388
12,1499,1511,0.1388
13,1492,1505,0.1388
14,1506,1520,0.1388
14,1498,1512,0.1388
14,1498,1512,0.1388
15,1497,1512,0.1388
15,1512,1527,0.1388
15,1503,1518,0.1388
14,1497,1511,0.1388
14,1496,1510,0.1388
14,1502,1516,0.1388
14,1508,1522,0.1388
14,1502,1516,0.1388
15,1499,1514,0.1388
14,1508,1522,0.1388
14,1515,1529,0.1388
13,1508,1521,0.1388
14,1512,1526,0.1388
15,1507,1522,0.1388
15,1507,1522,0.1388
14,1517,1531,0.1388
15,1517,1532,0.1388
15,1510,1525,0.1388
15,1517,1532,0.1388
14,1530,1544,0.1388
15,1525,1540,0.1388
15,1520,1535,0.1388
15,1514,1529,0.1388
14,1512,1526,0.1388
14,1520,1534,0.1388
14,1510,1524,0.1388
14,1503,1517,0.1388
15,1495,1510,0.1388
15,1491,1506,0.1388
15,1484,1499,0.1388
15,1480,1495,0.1388
15,1482,1497,0.1388
16,1499,1515,0.1388
15,1504,1519,0.1388
15,1493,1508,0.1388
16,1479,1495,0.1388
16,1488,1504,0.1388
16,1484,1500,0.1388
16,1491,1507,0.1388
17,1479,1496,0.1388
17,1475,1492,0.1388
17,1480,1497,0.1388
17,1481,1498,0.1388
19,1473,1492,0.1388
19,1486,1505,0.1388
19,1488,1507,0.1388
16,1491,1507,0.1388
18,1502,1520,0.1388
17,1513,1530,0.1388
17,1504,1521,0.1388
17,1483,1500,0.1388
16,1499,1515,0.1388
16,1503,1519,0.1388
16,1500,1516,0.1388
16,1507,1523,0.1388
15,1497,1512,0.1388
15,1502,1517,0.1388
16,1495,1511,0.1388
16,1495,1511,0.1388
16,1481,1497,0.1388
15,1484,1499,0.1388
15,1499,1514,0.1388
15,1499,1514,0.1388
16,1503,1519,0.1388
16,1513,1529,0.1388
15,1512,1527,0.1388
15,1501,1516,0.1388
15,1494,1509,0.1388
14,1506,1520,0.1388
14,1517,1531,0.1388
14,1500,1514,0.1388
14,1493,1507,0.1388
15,1491,1506,0.1388
13,1502,1515,0.1388
13,1507,1520,0.1388
13,1500,1513,0.1388
13,1511,1524,0.1388
13,1517,1530,0.1388
13,1532,1545,0.1388
13,1534,1547,0.1388
13,1516,1529,0.1388
13,1517,1530,0.1388
13,1510,1523,0.1388
12,1508,1520,0.1388
10,1526,1536,0.1388
10,1522,1532,0.1388
10,1511,1521,0.1388
9,1525,1534,0.1388
8,1509,1517,0.1388
6,1506,1512,0.1388
6,1514,1520,0.1388
6,1527,1533,0.1388
6,1528,1534,0.1388
6,1532,1538,0.1388
6,1522,1528,0.1388
6,1509,1515,0.1388
6,1512,1518,0.1388
6,1514,1520,0.1388
6,1511,1517,0.1388
6,1515,1521,0.1388
6,1518,1524,0.1388
6,1505,1511,0.1388
6,1506,1512,0.1388
5,1512,1517,0.1388
6,1509,1515,0.1388
6,1516,1522,0.1388
5,1527,1532,0.1388
5,1521,1526,0.1388
5,1515,1520,0.1388
5,1517,1522,0.1388
5,1505,1510,0.1388
6,1505,1511,0.1388
6,1512,1518,0.1388
6,1508,1514,0.1388
6,1520,1526,0.1388
6,1521,1527,0.1388
7,1514,1521,0.1388
6,1515,1521,0.1388
5,1513,1518,0.1388
5,1503,1508,0.1388
4,1497,1501,0.1388
5,1491,1496,0.1388
5,1489,1494,0.1388
5,1501,1506,0.1388
4,1520,1524,0.1388
4,1515,1519,0.1388
3,1509,1512,0.1388
4,1506,1510,0.1388
4,1517,1521,0.1388
4,1507,1511,0.1388
4,1506,1510,0.1388
4,1509,1513,0.1388
4,1496,1500,0.1388
4,1510,1514,0.1388
4,1503,1507,0.1388
4,1507,1511,0.1388
4,1505,1509,0.1388
4,1511,1515,0.1388
4,1514,1518,0.1388
4,1514,1518,0.1388
3,1512,1515,0.1388
3,1516,1519,0.1388
3,1518,1521,0.1388
3,1518,1521,0.1388
3,1509,1512,0.1388
3,1517,1520,0.1388
3,1508,1511,0.1388
3,1510,1513,0.1388
3,1503,1506,0.1388
2,1512,1514,0.1388
3,1514,1517,0.1388
3,1505,1508,0.1388
3,1515,1518,0.1388
3,1511,1514,0.1388
3,1518,1521,0.1388
3,1502,1505,0.1388
3,1517,1520,0.1388
3,1521,1524,0.1388
3,1515,1518,0.1388
3,1511,1514,0.1388
3,1504,1507,0.1388
3,1509,1512,0.1388
3,1508,1511,0.1388
3,1512,1515,0.1388
3,1490,1493,0.1388
3,1488,1491,0.1388
3,1505,1508,0.1388
2,1497,1499,0.1388
2,1499,1501,0.1388
2,1508,1510,0.1388
2,1510,1512,0.1388
2,1502,1504,0.1388
2,1510,1512,0.1388
2,1502,1504,0.1388
2,1513,1515,0.1388
2,1509,1511,0.1388
1,1509,1510,0.1388
1,1509,1510,0.1388
2,1501,1503,0.1388
2,1502,1504,0.1388
2,1514,1516,0.1388
2,1514,1516,0.1388
2,1511,1513,0.1388
2,1510,1512,0.1388
1,1508,1509,0.1388
1,1524,1525,0.1388
1,1512,1513,0.1388
1,1506,1507,0.1388
1,1496,1497,0.1388
0,1509,1509,0.1388
