1381,27,1408,0.1388
1401,29,1430,0.1388
1409,29,1438,0.1388
1419,27,1446,0.1388
1434,27,1461,0.1388
1421,27,1448,0.1388
1440,28,1468,0.1388
1443,31,1474,0.1388
1457,31,1488,0.1388
1457,31,1488,0.1388
1460,31,1491,0.1388
1472,34,1506,0.1388
1464,35,1499,0.1388
1460,38,1498,0.1388
1458,39,1497,0.1388
1453,37,1490,0.1388
1452,38,1490,0.1388
1452,36,1488,0.1388
1450,36,1486,0.1388
1449,35,1484,0.1388
1459,35,1494,0.1388
1463,36,1499,0.1388
1461,37,1498,0.1388
1464,36,1500,0.1388
1469,37,1506,0.1388
1463,39,1502,0.1388
1468,39,1507,0.1388
1469,40,1509,0.1388
1461,39,1500,0.1388
1452,39,1491,0.1388
1463,41,1504,0.1388
1453,42,1495,0.1388
1458,42,1500,0.1388
1452,42,1494,0.1388
1457,44,1501,0.1388
1458,45,1503,0.1388
1443,47,1490,0.1388
1455,49,1504,0.1388
1453,51,1504,0.1388
1444,50,1494,0.1388
1439,53,1492,0.1388
1446,54,1500,0.1388
1445,57,1502,0.1388
1449,58,1507,0.1388
1462,55,1517,0.1388
1464,55,1519,0.1388
1451,53,1504,0.1388
1452,55,1507,0.1388
1455,58,1513,0.1388
1448,58,1506,0.1388
1425,56,1481,0.1388
1421,56,1477,0.1388
1424,56,1480,0.1388
1424,56,1480,0.1388
1429,56,1485,0.1388
1434,56,1490,0.1388
1447,55,1502,0.1388
1446,57,1503,0.1388
1451,58,1509,0.1388
1432,56,1488,0.1388
1434,59,1493,0.1388
1423,61,1484,0.1388
1423,60,1483,0.1388
1418,62,1480,0.1388
1430,65,1495,0.1388
1425,64,1489,0.1388
1431,64,1495,0.1388
1431,63,1494,0.1388
1428,65,1493,0.1388
1417,65,1482,0.1388
1411,66,1477,0.1388
1424,64,1488,0.1388
1419,65,1484,0.1388
1415,68,1483,0.1388
1427,68,1495,0.1388
1431,66,1497,0.1388
1424,64,1488,0.1388
1435,66,1501,0.1388
1426,65,1491,0.1388
1431,65,1496,0.1388
1433,64,1497,0.1388
1439,64,1503,0.1388
1449,62,1511,0.1388
1420,65,1485,0.1388
1416,67,1483,0.1388
1439,66,1505,0.1388
1441,67,1508,0.1388
1446,67,1513,0.1388
1437,69,1506,0.1388
1437,70,1507,0.1388
1433,67,1500,0.1388
1421,69,1490,0.1388
1427,71,1498,0.1388
1426,69,1495,0.1388
1423,70,1493,0.1388
1420,69,1489,0.1388
1411,70,1481,0.1388
1425,73,1498,0.1388
1423,73,1496,0.1388
1426,73,1499,0.1388
1425,71,1496,0.1388
1428,70,1498,0.1388
1436,70,1506,0.1388
1445,71,1516,0.1388
1444,73,1517,0.1388
1437,74,1511,0.1388
1418,74,1492,0.1388
1434,74,1508,0.1388
1430,73,1503,0.1388
1434,73,1507,0.1388
1424,74,1498,0.1388
1430,74,1504,0.1388
1423,71,1494,0.1388
1427,74,1501,0.1388
1423,76,1499,0.1388
1417,78,1495,0.1388
1416,79,1495,0.1388
1415,78,1493,0.1388
1420,76,1496,0.1388
1418,75,1493,0.1388
1429,79,1508,0.1388
1432,79,1511,0.1388
1424,80,1504,0.1388
1417,77,1494,0.1388
1427,79,1506,0.1388
1431,79,1510,0.1388
1429,80,1509,0.1388
1419,77,1496,0.1388
1411,79,1490,0.1388
1410,80,1490,0.1388
1416,81,1497,0.1388
1407,82,1489,0.1388
1413,80,1493,0.1388
1385,80,1465,0.1388
1411,82,1493,0.1388
1411,80,1491,0.1388
1415,82,1497,0.1388
1426,86,1512,0.1388
1421,89,1510,0.1388
1414,91,1505,0.1388
1413,92,1505,0.1388
1418,90,1508,0.1388
1418,91,1509,0.1388
1415,92,1507,0.1388
1416,90,1506,0.1388
1425,87,1512,0.1388
1414,88,1502,0.1388
1406,86,1492,0.1388
1404,89,1493,0.1388
1395,91,1486,0.1388
1402,93,1495,0.1388
1409,96,1505,0.1388
1408,95,1503,0.1388
1396,95,1491,0.1388
1387,91,1478,0.1388
1401,89,1490,0.1388
1402,89,1491,0.1388
1408,89,1497,0.1388
1397,93,1490,0.1388
1386,95,1481,0.1388
1407,93,1500,0.1388
1401,94,1495,0.1388
1393,94,1487,0.1388
1385,92,1477,0.1388
1400,92,1492,0.1388
1407,91,1498,0.1388
1400,92,1492,0.1388
1406,95,1501,0.1388
1410,97,1507,0.1388
1393,94,1487,0.1388
1399,97,1496,0.1388
1395,94,1489,0.1388
1392,102,1494,0.1388
1396,99,1495,0.1388
1397,98,1495,0.1388
1391,98,1489,0.1388
1398,96,1494,0.1388
1396,94,1490,0.1388
1394,97,1491,0.1388
1388,97,1485,0.1388
1409,96,1505,0.1388
1402,98,1500,0.1388
1401,97,1498,0.1388
1380,100,1480,0.1388
1378,101,1479,0.1388
1389,102,1491,0.1388
1396,97,1493,0.1388
1394,101,1495,0.1388
1394,107,1501,0.1388
1393,106,1499,0.1388
1397,108,1505,0.1388
1405,106,1511,0.1388
1405,103,1508,0.1388
1408,104,1512,0.1388
1420,102,1522,0.1388
1400,103,1503,0.1388
1399,102,1501,0.1388
1386,101,1487,0.1388
1392,102,1494,0.1388
1395,102,1497,0.1388
1406,101,1507,0.1388
1406,103,1509,0.1388
1397,105,1502,0.1388
1400,104,1504,0.1388
1403,107,1510,0.1388
1385,107,1492,0.1388
1400,105,1505,0.1388
1402,107,1509,0.1388
1398,107,1505,0.1388
1399,107,1506,0.1388
1396,105,1501,0.1388
1397,105,1502,0.1388
1410,106,1516,0.1388
1409,105,1514,0.1388
1393,107,1500,0.1388
1387,105,1492,0.1388
1382,105,1487,0.1388
1391,101,1492,0.1388
1391,105,1496,0.1388
1392,106,1498,0.1388
1384,107,1491,0.1388
1377,106,1483,0.1388
1389,109,1498,0.1388
1387,113,1500,0.1388
1384,111,1495,0.1388
1368,108,1476,0.1388
1371,108,1479,0.1388
1368,112,1480,0.1388
1363,114,1477,0.1388
1370,115,1485,0.1388
1370,114,1484,0.1388
1368,109,1477,0.1388
1360,111,1471,0.1388
1370,116,1486,0.1388
1369,114,1483,0.1388
1368,115,1483,0.1388
1372,116,1488,0.1388
1360,121,1481,0.1388
1366,123,1489,0.1388
1366,124,1490,0.1388
1374,125,1499,0.1388
1371,123,1494,0.1388
1372,125,1497,0.1388
1363,128,1491,0.1388
1360,130,1490,0.1388
1358,133,1491,0.1388
1345,133,1478,0.1388
1354,137,1491,0.1388
1340,134,1474,0.1388
1346,135,1481,0.1388
1357,138,1495,0.1388
1371,138,1509,0.1388
1361,137,1498,0.1388
1349,136,1485,0.1388
1353,143,1496,0.1388
1358,144,1502,0.1388
1358,145,1503,0.1388
1361,140,1501,0.1388
1354,141,1495,0.1388
1354,145,1499,0.1388
1350,142,1492,0.1388
1346,141,1487,0.1388
1337,145,1482,0.1388
1334,145,1479,0.1388
1326,144,1470,0.1388
1325,144,1469,0.1388
1320,155,1475,0.1388
1331,154,1485,0.1388
1340,153,1493,0.1388
1346,161,1507,0.1388
1345,164,1509,0.1388
1343,170,1513,0.1388
1342,167,1509,0.1388
1339,164,1503,0.1388
1327,164,1491,0.1388
1328,166,1494,0.1388
1328,167,1495,0.1388
1323,163,1486,0.1388
1329,167,1496,0.1388
1333,168,1501,0.1388
1334,168,1502,0.1388
1316,172,1488,0.1388
1325,169,1494,0.1388
1331,170,1501,0.1388
1330,171,1501,0.1388
1328,169,1497,0.1388
1324,171,1495,0.1388
1321,170,1491,0.1388
1325,168,1493,0.1388
1326,171,1497,0.1388
1323,172,1495,0.1388
1321,177,1498,0.1388
1332,178,1510,0.1388
1338,177,1515,0.1388
1338,180,1518,0.1388
1338,182,1520,0.1388
1328,182,1510,0.1388
1328,182,1510,0.1388
1329,181,1510,0.1388
1325,177,1502,0.1388
1330,175,1505,0.1388
1322,175,1497,0.1388
1328,175,1503,0.1388
1332,179,1511,0.1388
1334,180,1514,0.1388
1323,176,1499,0.1388
1331,171,1502,0.1388
1327,166,1493,0.1388
1337,163,1500,0.1388
1328,161,1489,0.1388
1336,161,1497,0.1388
1320,168,1488,0.1388
1309,161,1470,0.1388
1305,168,1473,0.1388
1313,169,1482,0.1388
1320,167,1487,0.1388
1328,165,1493,0.1388
1325,170,1495,0.1388
1335,164,1499,0.1388
1332,161,1493,0.1388
1321,163,1484,0.1388
1317,170,1487,0.1388
1324,172,1496,0.1388
1319,173,1492,0.1388
1318,181,1499,0.1388
1317,182,1499,0.1388
1303,184,1487,0.1388
1318,186,1504,0.1388
1314,184,1498,0.1388
1322,184,1506,0.1388
1316,181,1497,0.1388
1305,176,1481,0.1388
1316,184,1500,0.1388
1310,184,1494,0.1388
1311,187,1498,0.1388
1292,180,1472,0.1388
1291,183,1474,0.1388
1303,182,1485,0.1388
1321,183,1504,0.1388
1327,181,1508,0.1388
1319,176,1495,0.1388
1313,178,1491,0.1388
1306,180,1486,0.1388
1311,186,1497,0.1388
1312,188,1500,0.1388
1317,186,1503,0.1388
1329,183,1512,0.1388
1313,182,1495,0.1388
1309,182,1491,0.1388
1310,183,1493,0.1388
1309,180,1489,0.1388
1320,182,1502,0.1388
1310,184,1494,0.1388
1311,183,1494,0.1388
1307,182,1489,0.1388
1311,183,1494,0.1388
1314,182,1496,0.1388
1326,182,1508,0.1388
1320,187,1507,0.1388
1311,191,1502,0.1388
1301,191,1492,0.1388
1305,192,1497,0.1388
1298,194,1492,0.1388
1308,194,1502,0.1388
1297,196,1493,0.1388
1290,196,1486,0.1388
1290,199,1489,0.1388
1294,204,1498,0.1388
1296,199,1495,0.1388
1295,200,1495,0.1388
1295,203,1498,0.1388
1284,208,1492,0.1388
1273,209,1482,0.1388
1277,210,1487,0.1388
1279,211,1490,0.1388
1278,212,1490,0.1388
1265,213,1478,0.1388
1272,212,1484,0.1388
1267,214,1481,0.1388
1281,211,1492,0.1388
1280,221,1501,0.1388
1272,225,1497,0.1388
1267,226,1493,0.1388
1269,224,1493,0.1388
1276,226,1502,0.1388
1272,227,1499,0.1388
1255,226,1481,0.1388
1261,226,1487,0.1388
1261,227,1488,0.1388
1267,232,1499,0.1388
1272,232,1504,0.1388
1279,237,1516,0.1388
1259,239,1498,0.1388
1268,237,1505,0.1388
1268,242,1510,0.1388
1275,244,1519,0.1388
1272,245,1517,0.1388
1267,241,1508,0.1388
1267,241,1508,0.1388
1260,235,1495,0.1388
1263,232,1495,0.1388
1261,234,1495,0.1388
1269,239,1508,0.1388
1255,244,1499,0.1388
1263,241,1504,0.1388
1272,243,1515,0.1388
1271,247,1518,0.1388
1265,243,1508,0.1388
1259,248,1507,0.1388
1254,250,1504,0.1388
1252,247,1499,0.1388
1255,246,1501,0.1388
1255,246,1501,0.1388
1252,248,1500,0.1388
1253,245,1498,0.1388
1252,249,1501,0.1388
1251,247,1498,0.1388
1257,242,1499,0.1388
1249,250,1499,0.1388
1248,251,1499,0.1388
1247,253,1500,0.1388
1244,255,1499,0.1388
1245,259,1504,0.1388
1244,260,1504,0.1388
1255,260,1515,0.1388
1249,260,1509,0.1388
1240,257,1497,0.1388
1244,261,1505,0.1388
1231,270,1501,0.1388
1234,272,1506,0.1388
1242,277,1519,0.1388
1231,279,1510,0.1388
1225,276,1501,0.1388
1225,273,1498,0.1388
1229,283,1512,0.1388
1225,282,1507,0.1388
1217,284,1501,0.1388
1218,285,1503,0.1388
1224,286,1510,0.1388
1204,285,1489,0.1388
1205,285,1490,0.1388
1214,284,1498,0.1388
1221,287,1508,0.1388
1210,290,1500,0.1388
1211,291,1502,0.1388
1194,299,1493,0.1388
1191,299,1490,0.1388
1188,306,1494,0.1388
1186,311,1497,0.1388
1192,312,1504,0.1388
1193,306,1499,0.1388
1202,308,1510,0.1388
1196,310,1506,0.1388
1197,304,1501,0.1388
1188,312,1500,0.1388
1187,309,1496,0.1388
1182,308,1490,0.1388
1186,309,1495,0.1388
1195,306,1501,0.1388
1201,307,1508,0.1388
1194,311,1505,0.1388
1200,305,1505,0.1388
1196,306,1502,0.1388
1197,306,1503,0.1388
1187,310,1497,0.1388
1200,306,1506,0.1388
1195,315,1510,0.1388
1185,312,1497,0.1388
1191,313,1504,0.1388
1180,315,1495,0.1388
1178,311,1489,0.1388
1179,310,1489,0.1388
1181,307,1488,0.1388
1182,310,1492,0.1388
1179,307,1486,0.1388
1179,317,1496,0.1388
1181,316,1497,0.1388
1188,314,1502,0.1388
1198,325,1523,0.1388
1200,317,1517,0.1388
1186,320,1506,0.1388
1190,318,1508,0.1388
1184,318,1502,0.1388
1186,321,1507,0.1388
1191,325,1516,0.1388
1180,328,1508,0.1388
1177,335,1512,0.1388
1169,332,1501,0.1388
1175,335,1510,0.1388
1163,333,1496,0.1388
1156,334,1490,0.1388
1164,330,1494,0.1388
1159,337,1496,0.1388
1157,337,1494,0.1388
1161,337,1498,0.1388
1154,340,1494,0.1388
1154,339,1493,0.1388
1157,332,1489,0.1388
1144,330,1474,0.1388
1152,338,1490,0.1388
1155,336,1491,0.1388
1158,338,1496,0.1388
1148,339,1487,0.1388
1152,340,1492,0.1388
1137,342,1479,0.1388
1152,341,1493,0.1388
1148,344,1492,0.1388
1136,348,1484,0.1388
1144,344,1488,0.1388
1155,348,1503,0.1388
1156,345,1501,0.1388
1161,342,1503,0.1388
1152,343,1495,0.1388
1147,347,1494,0.1388
1144,356,1500,0.1388
1152,353,1505,0.1388
1153,341,1494,0.1388
1158,345,1503,0.1388
1151,342,1493,0.1388
1148,343,1491,0.1388
1143,347,1490,0.1388
1150,350,1500,0.1388
1139,353,1492,0.1388
1146,356,1502,0.1388
1157,355,1512,0.1388
1154,348,1502,0.1388
1153,349,1502,0.1388
1148,350,1498,0.1388
1126,355,1481,0.1388
1135,355,1490,0.1388
1151,353,1504,0.1388
1161,357,1518,0.1388
1159,353,1512,0.1388
1149,359,1508,0.1388
1141,350,1491,0.1388
1149,346,1495,0.1388
1144,351,1495,0.1388
1137,354,1491,0.1388
1139,354,1493,0.1388
1141,361,1502,0.1388
1135,367,1502,0.1388
1142,373,1515,0.1388
1135,374,1509,0.1388
1136,369,1505,0.1388
1122,366,1488,0.1388
1120,370,1490,0.1388
1127,368,1495,0.1388
1117,372,1489,0.1388
1114,372,1486,0.1388
1106,379,1485,0.1388
1101,387,1488,0.1388
1112,381,1493,0.1388
1122,384,1506,0.1388
1140,381,1521,0.1388
1137,374,1511,0.1388
1136,378,1514,0.1388
1140,375,1515,0.1388
1139,376,1515,0.1388
1126,371,1497,0.1388
1144,365,1509,0.1388
1136,362,1498,0.1388
1132,361,1493,0.1388
1129,362,1491,0.1388
1121,362,1483,0.1388
1125,369,1494,0.1388
1122,371,1493,0.1388
1130,376,1506,0.1388
1139,376,1515,0.1388
1121,373,1494,0.1388
1120,370,1490,0.1388
1117,374,1491,0.1388
1104,378,1482,0.1388
1108,385,1493,0.1388
1112,389,1501,0.1388
1112,390,1502,0.1388
1120,390,1510,0.1388
1114,396,1510,0.1388
1115,396,1511,0.1388
1108,400,1508,0.1388
1107,401,1508,0.1388
1103,401,1504,0.1388
1092,399,1491,0.1388
1089,393,1482,0.1388
1092,397,1489,0.1388
1096,401,1497,0.1388
1089,408,1497,0.1388
1095,410,1505,0.1388
1088,411,1499,0.1388
1085,407,1492,0.1388
1087,407,1494,0.1388
1099,405,1504,0.1388
1079,408,1487,0.1388
1081,410,1491,0.1388
1072,417,1489,0.1388
1075,424,1499,0.1388
1069,423,1492,0.1388
1080,419,1499,0.1388
1080,420,1500,0.1388
1076,422,1498,0.1388
1070,430,1500,0.1388
1064,428,1492,0.1388
1065,427,1492,0.1388
1058,426,1484,0.1388
1070,428,1498,0.1388
1061,435,1496,0.1388
1061,442,1503,0.1388
1064,443,1507,0.1388
1054,450,1504,0.1388
1045,443,1488,0.1388
1045,448,1493,0.1388
1046,452,1498,0.1388
1050,452,1502,0.1388
1049,448,1497,0.1388
1042,453,1495,0.1388
1038,451,1489,0.1388
1048,444,1492,0.1388
1044,437,1481,0.1388
1041,446,1487,0.1388
1056,443,1499,0.1388
1065,448,1513,0.1388
1050,445,1495,0.1388
1060,447,1507,0.1388
1051,447,1498,0.1388
1049,451,1500,0.1388
1049,449,1498,0.1388
1055,451,1506,0.1388
1067,450,1517,0.1388
1062,457,1519,0.1388
1053,452,1505,0.1388
1046,453,1499,0.1388
1040,450,1490,0.1388
1040,453,1493,0.1388
1045,466,1511,0.1388
1051,465,1516,0.1388
1044,461,1505,0.1388
1034,463,1497,0.1388
1037,463,1500,0.1388
1035,468,1503,0.1388
1036,470,1506,0.1388
1036,466,1502,0.1388
1048,459,1507,0.1388
1039,460,1499,0.1388
1032,462,1494,0.1388
1028,457,1485,0.1388
1025,467,1492,0.1388
1023,467,1490,0.1388
1019,474,1493,0.1388
1018,473,1491,0.1388
1012,481,1493,0.1388
1009,480,1489,0.1388
1014,484,1498,0.1388
1012,489,1501,0.1388
1015,486,1501,0.1388
1014,476,1490,0.1388
1003,483,1486,0.1388
999,478,1477,0.1388
1007,471,1478,0.1388
1016,465,1481,0.1388
1011,472,1483,0.1388
1006,474,1480,0.1388
1013,487,1500,0.1388
1007,488,1495,0.1388
993,497,1490,0.1388
1007,504,1511,0.1388
1006,502,1508,0.1388
997,502,1499,0.1388
995,499,1494,0.1388
996,492,1488,0.1388
989,490,1479,0.1388
988,494,1482,0.1388
994,507,1501,0.1388
996,504,1500,0.1388
990,505,1495,0.1388
993,504,1497,0.1388
996,510,1506,0.1388
994,507,1501,0.1388
986,518,1504,0.1388
983,520,1503,0.1388
993,516,1509,0.1388
993,515,1508,0.1388
997,519,1516,0.1388
1001,522,1523,0.1388
990,518,1508,0.1388
991,526,1517,0.1388
986,522,1508,0.1388
980,520,1500,0.1388
973,527,1500,0.1388
974,529,1503,0.1388
967,539,1506,0.1388
979,543,1522,0.1388
977,543,1520,0.1388
963,537,1500,0.1388
973,541,1514,0.1388
979,544,1523,0.1388
987,538,1525,0.1388
975,530,1505,0.1388
984,533,1517,0.1388
974,529,1503,0.1388
965,533,1498,0.1388
970,540,1510,0.1388
972,547,1519,0.1388
968,540,1508,0.1388
959,541,1500,0.1388
953,540,1493,0.1388
958,541,1499,0.1388
962,542,1504,0.1388
960,536,1496,0.1388
959,542,1501,0.1388
951,538,1489,0.1388
953,536,1489,0.1388
951,536,1487,0.1388
958,537,1495,0.1388
963,540,1503,0.1388
956,540,1496,0.1388
961,535,1496,0.1388
955,538,1493,0.1388
952,550,1502,0.1388
954,558,1512,0.1388
952,558,1510,0.1388
952,557,1509,0.1388
948,551,1499,0.1388
944,558,1502,0.1388
947,549,1496,0.1388
952,553,1505,0.1388
951,557,1508,0.1388
943,546,1489,0.1388
929,549,1478,0.1388
933,556,1489,0.1388
935,561,1496,0.1388
927,569,1496,0.1388
923,569,1492,0.1388
922,573,1495,0.1388
925,573,1498,0.1388
922,567,1489,0.1388
926,563,1489,0.1388
928,570,1498,0.1388
922,582,1504,0.1388
917,587,1504,0.1388
913,589,1502,0.1388
908,592,1500,0.1388
907,593,1500,0.1388
901,597,1498,0.1388
896,600,1496,0.1388
909,602,1511,0.1388
910,596,1506,0.1388
904,595,1499,0.1388
902,597,1499,0.1388
896,595,1491,0.1388
900,598,1498,0.1388
900,609,1509,0.1388
898,609,1507,0.1388
896,604,1500,0.1388
896,611,1507,0.1388
898,606,1504,0.1388
891,600,1491,0.1388
885,608,1493,0.1388
894,614,1508,0.1388
900,628,1528,0.1388
892,627,1519,0.1388
879,630,1509,0.1388
879,636,1515,0.1388
876,632,1508,0.1388
868,638,1506,0.1388
863,641,1504,0.1388
864,643,1507,0.1388
863,647,1510,0.1388
856,645,1501,0.1388
866,646,1512,0.1388
867,642,1509,0.1388
859,655,1514,0.1388
849,656,1505,0.1388
846,657,1503,0.1388
835,661,1496,0.1388
839,661,1500,0.1388
835,658,1493,0.1388
834,659,1493,0.1388
825,661,1486,0.1388
825,667,1492,0.1388
829,664,1493,0.1388
825,667,1492,0.1388
825,661,1486,0.1388
837,668,1505,0.1388
834,672,1506,0.1388
838,668,1506,0.1388
834,666,1500,0.1388
838,665,1503,0.1388
839,667,1506,0.1388
839,671,1510,0.1388
835,667,1502,0.1388
829,668,1497,0.1388
812,674,1486,0.1388
799,690,1489,0.1388
804,698,1502,0.1388
810,697,1507,0.1388
807,687,1494,0.1388
822,680,1502,0.1388
819,679,1498,0.1388
827,682,1509,0.1388
833,671,1504,0.1388
837,678,1515,0.1388
841,674,1515,0.1388
829,674,1503,0.1388
825,671,1496,0.1388
816,675,1491,0.1388
817,674,1491,0.1388
827,682,1509,0.1388
828,686,1514,0.1388
820,685,1505,0.1388
812,681,1493,0.1388
820,685,1505,0.1388
815,683,1498,0.1388
820,677,1497,0.1388
820,670,1490,0.1388
822,673,1495,0.1388
825,687,1512,0.1388
825,687,1512,0.1388
820,687,1507,0.1388
816,692,1508,0.1388
816,696,1512,0.1388
813,693,1506,0.1388
803,703,1506,0.1388
799,707,1506,0.1388
795,713,1508,0.1388
793,712,1505,0.1388
796,712,1508,0.1388
798,711,1509,0.1388
802,711,1513,0.1388
803,713,1516,0.1388
812,711,1523,0.1388
806,715,1521,0.1388
798,721,1519,0.1388
809,730,1539,0.1388
799,733,1532,0.1388
797,733,1530,0.1388
785,736,1521,0.1388
784,736,1520,0.1388
774,730,1504,0.1388
776,730,1506,0.1388
785,732,1517,0.1388
779,728,1507,0.1388
786,728,1514,0.1388
777,725,1502,0.1388
778,727,1505,0.1388
780,733,1513,0.1388
772,734,1506,0.1388
768,738,1506,0.1388
775,745,1520,0.1388
774,737,1511,0.1388
768,742,1510,0.1388
773,747,1520,0.1388
761,753,1514,0.1388
752,751,1503,0.1388
756,755,1511,0.1388
754,768,1522,0.1388
752,756,1508,0.1388
749,756,1505,0.1388
753,741,1494,0.1388
744,745,1489,0.1388
758,749,1507,0.1388
760,760,1520,0.1388
760,757,1517,0.1388
754,762,1516,0.1388
749,761,1510,0.1388
747,757,1504,0.1388
748,758,1506,0.1388
747,753,1500,0.1388
747,757,1504,0.1388
745,763,1508,0.1388
745,768,1513,0.1388
741,764,1505,0.1388
757,767,1524,0.1388
738,770,1508,0.1388
738,776,1514,0.1388
732,772,1504,0.1388
740,771,1511,0.1388
739,761,1500,0.1388
731,775,1506,0.1388
730,782,1512,0.1388
731,787,1518,0.1388
726,784,1510,0.1388
732,788,1520,0.1388
727,786,1513,0.1388
722,789,1511,0.1388
716,792,1508,0.1388
710,787,1497,0.1388
711,788,1499,0.1388
714,799,1513,0.1388
703,790,1493,0.1388
718,789,1507,0.1388
719,794,1513,0.1388
707,793,1500,0.1388
705,797,1502,0.1388
690,798,1488,0.1388
692,806,1498,0.1388
690,809,1499,0.1388
680,808,1488,0.1388
679,813,1492,0.1388
680,816,1496,0.1388
678,826,1504,0.1388
686,825,1511,0.1388
678,827,1505,0.1388
674,828,1502,0.1388
660,834,1494,0.1388
657,838,1495,0.1388
659,838,1497,0.1388
655,850,1505,0.1388
654,861,1515,0.1388
654,872,1526,0.1388
649,860,1509,0.1388
646,863,1509,0.1388
646,868,1514,0.1388
644,872,1516,0.1388
642,862,1504,0.1388
639,861,1500,0.1388
640,868,1508,0.1388
631,863,1494,0.1388
628,873,1501,0.1388
631,885,1516,0.1388
623,890,1513,0.1388
627,895,1522,0.1388
620,895,1515,0.1388
609,896,1505,0.1388
607,900,1507,0.1388
605,903,1508,0.1388
594,901,1495,0.1388
592,902,1494,0.1388
589,906,1495,0.1388
574,911,1485,0.1388
581,919,1500,0.1388
580,910,1490,0.1388
576,913,1489,0.1388
585,917,1502,0.1388
582,925,1507,0.1388
581,926,1507,0.1388
585,929,1514,0.1388
584,931,1515,0.1388
583,926,1509,0.1388
580,925,1505,0.1388
579,940,1519,0.1388
580,939,1519,0.1388
586,930,1516,0.1388
576,926,1502,0.1388
579,928,1507,0.1388
570,934,1504,0.1388
572,929,1501,0.1388
575,921,1496,0.1388
573,934,1507,0.1388
574,927,1501,0.1388
575,923,1498,0.1388
565,920,1485,0.1388
564,930,1494,0.1388
553,937,1490,0.1388
550,940,1490,0.1388
549,944,1493,0.1388
557,951,1508,0.1388
559,939,1498,0.1388
555,947,1502,0.1388
560,941,1501,0.1388
568,946,1514,0.1388
568,936,1504,0.1388
561,943,1504,0.1388
554,952,1506,0.1388
555,960,1515,0.1388
545,954,1499,0.1388
559,957,1516,0.1388
551,950,1501,0.1388
555,955,1510,0.1388
546,961,1507,0.1388
552,965,1517,0.1388
551,964,1515,0.1388
550,960,1510,0.1388
543,967,1510,0.1388
545,980,1525,0.1388
542,980,1522,0.1388
543,970,1513,0.1388
527,976,1503,0.1388
537,980,1517,0.1388
540,973,1513,0.1388
537,966,1503,0.1388
538,975,1513,0.1388
537,984,1521,0.1388
532,979,1511,0.1388
531,976,1507,0.1388
529,974,1503,0.1388
524,979,1503,0.1388
529,988,1517,0.1388
528,997,1525,0.1388
536,997,1533,0.1388
541,998,1539,0.1388
539,993,1532,0.1388
545,987,1532,0.1388
548,985,1533,0.1388
549,991,1540,0.1388
535,992,1527,0.1388
525,992,1517,0.1388
523,987,1510,0.1388
525,990,1515,0.1388
527,992,1519,0.1388
523,990,1513,0.1388
523,992,1515,0.1388
517,995,1512,0.1388
515,990,1505,0.1388
506,995,1501,0.1388
503,999,1502,0.1388
504,1000,1504,0.1388
500,1003,1503,0.1388
506,1003,1509,0.1388
502,999,1501,0.1388
504,995,1499,0.1388
504,995,1499,0.1388
498,1011,1509,0.1388
500,1016,1516,0.1388
499,1031,1530,0.1388
495,1023,1518,0.1388
490,1033,1523,0.1388
484,1026,1510,0.1388
486,1021,1507,0.1388
479,1031,1510,0.1388
478,1028,1506,0.1388
480,1024,1504,0.1388
475,1028,1503,0.1388
476,1030,1506,0.1388
485,1026,1511,0.1388
489,1018,1507,0.1388
490,1018,1508,0.1388
494,1022,1516,0.1388
490,1018,1508,0.1388
487,1033,1520,0.1388
487,1037,1524,0.1388
485,1042,1527,0.1388
489,1037,1526,0.1388
489,1039,1528,0.1388
487,1035,1522,0.1388
481,1032,1513,0.1388
469,1047,1516,0.1388
476,1041,1517,0.1388
473,1043,1516,0.1388
475,1051,1526,0.1388
479,1041,1520,0.1388
466,1044,1510,0.1388
465,1039,1504,0.1388
465,1048,1513,0.1388
464,1046,1510,0.1388
455,1052,1507,0.1388
460,1049,1509,0.1388
455,1053,1508,0.1388
455,1052,1507,0.1388
453,1056,1509,0.1388
440,1068,1508,0.1388
441,1069,1510,0.1388
439,1071,1510,0.1388
440,1074,1514,0.1388
440,1071,1511,0.1388
443,1076,1519,0.1388
435,1074,1509,0.1388
438,1080,1518,0.1388
435,1084,1519,0.1388
436,1078,1514,0.1388
439,1072,1511,0.1388
438,1077,1515,0.1388
443,1078,1521,0.1388
447,1074,1521,0.1388
448,1076,1524,0.1388
444,1070,1514,0.1388
447,1067,1514,0.1388
444,1071,1515,0.1388
447,1071,1518,0.1388
448,1079,1527,0.1388
445,1084,1529,0.1388
445,1084,1529,0.1388
450,1069,1519,0.1388
446,1070,1516,0.1388
440,1065,1505,0.1388
444,1065,1509,0.1388
448,1069,1517,0.1388
445,1068,1513,0.1388
443,1070,1513,0.1388
437,1077,1514,0.1388
433,1069,1502,0.1388
430,1070,1500,0.1388
430,1075,1505,0.1388
430,1088,1518,0.1388
424,1086,1510,0.1388
416,1081,1497,0.1388
416,1084,1500,0.1388
418,1075,1493,0.1388
419,1084,1503,0.1388
424,1072,1496,0.1388
422,1080,1502,0.1388
421,1079,1500,0.1388
418,1088,1506,0.1388
416,1087,1503,0.1388
413,1113,1526,0.1388
406,1099,1505,0.1388
405,1096,1501,0.1388
404,1093,1497,0.1388
402,1096,1498,0.1388
405,1099,1504,0.1388
406,1092,1498,0.1388
402,1084,1486,0.1388
403,1090,1493,0.1388
400,1095,1495,0.1388
402,1104,1506,0.1388
397,1101,1498,0.1388
392,1113,1505,0.1388
390,1123,1513,0.1388
386,1113,1499,0.1388
391,1106,1497,0.1388
386,1112,1498,0.1388
387,1124,1511,0.1388
386,1123,1509,0.1388
382,1120,1502,0.1388
381,1123,1504,0.1388
384,1125,1509,0.1388
383,1124,1507,0.1388
381,1130,1511,0.1388
378,1127,1505,0.1388
376,1133,1509,0.1388
372,1136,1508,0.1388
373,1145,1518,0.1388
373,1148,1521,0.1388
376,1154,1530,0.1388
374,1141,1515,0.1388
375,1139,1514,0.1388
370,1143,1513,0.1388
370,1153,1523,0.1388
367,1144,1511,0.1388
365,1147,1512,0.1388
367,1146,1513,0.1388
362,1139,1501,0.1388
367,1146,1513,0.1388
372,1146,1518,0.1388
368,1140,1508,0.1388
366,1148,1514,0.1388
360,1157,1517,0.1388
362,1158,1520,0.1388
357,1158,1515,0.1388
348,1147,1495,0.1388
356,1140,1496,0.1388
353,1156,1509,0.1388
353,1166,1519,0.1388
351,1162,1513,0.1388
352,1165,1517,0.1388
345,1150,1495,0.1388
354,1154,1508,0.1388
347,1156,1503,0.1388
346,1155,1501,0.1388
349,1163,1512,0.1388
352,1170,1522,0.1388
356,1158,1514,0.1388
353,1141,1494,0.1388
350,1138,1488,0.1388
357,1155,1512,0.1388
360,1151,1511,0.1388
355,1152,1507,0.1388
355,1162,1517,0.1388
359,1163,1522,0.1388
351,1167,1518,0.1388
342,1170,1512,0.1388
341,1167,1508,0.1388
335,1172,1507,0.1388
338,1168,1506,0.1388
334,1171,1505,0.1388
332,1185,1517,0.1388
326,1191,1517,0.1388
327,1191,1518,0.1388
324,1194,1518,0.1388
333,1184,1517,0.1388
324,1192,1516,0.1388
320,1205,1525,0.1388
319,1206,1525,0.1388
323,1194,1517,0.1388
321,1202,1523,0.1388
322,1199,1521,0.1388
316,1192,1508,0.1388
313,1207,1520,0.1388
312,1200,1512,0.1388
314,1193,1507,0.1388
313,1189,1502,0.1388
316,1185,1501,0.1388
311,1192,1503,0.1388
308,1183,1491,0.1388
307,1193,1500,0.1388
309,1186,1495,0.1388
311,1188,1499,0.1388
313,1190,1503,0.1388
312,1200,1512,0.1388
309,1199,1508,0.1388
305,1203,1508,0.1388
302,1223,1525,0.1388
309,1222,1531,0.1388
307,1206,1513,0.1388
306,1215,1521,0.1388
307,1201,1508,0.1388
302,1195,1497,0.1388
307,1195,1502,0.1388
308,1205,1513,0.1388
299,1208,1507,0.1388
296,1210,1506,0.1388
295,1225,1520,0.1388
296,1220,1516,0.1388
295,1211,1506,0.1388
291,1214,1505,0.1388
293,1219,1512,0.1388
286,1216,1502,0.1388
286,1215,1501,0.1388
288,1221,1509,0.1388
289,1221,1510,0.1388
282,1225,1507,0.1388
284,1230,1514,0.1388
286,1237,1523,0.1388
286,1240,1526,0.1388
281,1225,1506,0.1388
281,1229,1510,0.1388
281,1236,1517,0.1388
280,1229,1509,0.1388
279,1230,1509,0.1388
283,1236,1519,0.1388
282,1222,1504,0.1388
279,1222,1501,0.1388
282,1230,1512,0.1388
278,1219,1497,0.1388
279,1225,1504,0.1388
276,1228,1504,0.1388
277,1229,1506,0.1388
274,1232,1506,0.1388
277,1241,1518,0.1388
273,1246,1519,0.1388
268,1254,1522,0.1388
271,1260,1531,0.1388
275,1256,1531,0.1388
271,1242,1513,0.1388
268,1247,1515,0.1388
271,1254,1525,0.1388
267,1255,1522,0.1388
270,1257,1527,0.1388
268,1251,1519,0.1388
267,1249,1516,0.1388
268,1255,1523,0.1388
265,1249,1514,0.1388
262,1259,1521,0.1388
261,1251,1512,0.1388
269,1254,1523,0.1388
268,1254,1522,0.1388
265,1260,1525,0.1388
254,1247,1501,0.1388
251,1255,1506,0.1388
248,1251,1499,0.1388
255,1259,1514,0.1388
257,1256,1513,0.1388
257,1249,1506,0.1388
257,1254,1511,0.1388
257,1249,1506,0.1388
254,1240,1494,0.1388
255,1244,1499,0.1388
257,1260,1517,0.1388
257,1255,1512,0.1388
259,1256,1515,0.1388
260,1246,1506,0.1388
262,1258,1520,0.1388
260,1262,1522,0.1388
259,1258,1517,0.1388
257,1270,1527,0.1388
260,1266,1526,0.1388
261,1260,1521,0.1388
256,1251,1507,0.1388
257,1264,1521,0.1388
258,1261,1519,0.1388
260,1270,1530,0.1388
260,1253,1513,0.1388
260,1251,1511,0.1388
256,1250,1506,0.1388
258,1245,1503,0.1388
257,1244,1501,0.1388
250,1253,1503,0.1388
254,1255,1509,0.1388
256,1263,1519,0.1388
255,1251,1506,0.1388
257,1261,1518,0.1388
250,1264,1514,0.1388
247,1268,1515,0.1388
250,1268,1518,0.1388
248,1260,1508,0.1388
245,1257,1502,0.1388
246,1255,1501,0.1388
240,1244,1484,0.1388
233,1275,1508,0.1388
233,1278,1511,0.1388
232,1270,1502,0.1388
228,1276,1504,0.1388
231,1282,1513,0.1388
232,1293,1525,0.1388
232,1281,1513,0.1388
230,1273,1503,0.1388
231,1272,1503,0.1388
235,1277,1512,0.1388
234,1274,1508,0.1388
230,1281,1511,0.1388
236,1275,1511,0.1388
232,1287,1519,0.1388
230,1262,1492,0.1388
231,1280,1511,0.1388
232,1279,1511,0.1388
236,1276,1512,0.1388
235,1283,1518,0.1388
232,1283,1515,0.1388
234,1285,1519,0.1388
234,1284,1518,0.1388
236,1290,1526,0.1388
237,1293,1530,0.1388
235,1291,1526,0.1388
237,1294,1531,0.1388
237,1292,1529,0.1388
245,1291,1536,0.1388
248,1271,1519,0.1388
246,1249,1495,0.1388
241,1261,1502,0.1388
237,1269,1506,0.1388
240,1265,1505,0.1388
239,1261,1500,0.1388
240,1276,1516,0.1388
245,1283,1528,0.1388
241,1282,1523,0.1388
240,1282,1522,0.1388
240,1280,1520,0.1388
238,1278,1516,0.1388
236,1271,1507,0.1388
239,1274,1513,0.1388
239,1269,1508,0.1388
236,1268,1504,0.1388
241,1271,1512,0.1388
236,1281,1517,0.1388
231,1284,1515,0.1388
235,1278,1513,0.1388
234,1287,1521,0.1388
231,1277,1508,0.1388
229,1283,1512,0.1388
228,1275,1503,0.1388
230,1289,1519,0.1388
237,1284,1521,0.1388
238,1283,1521,0.1388
242,1279,1521,0.1388
242,1276,1518,0.1388
240,1273,1513,0.1388
240,1274,1514,0.1388
238,1278,1516,0.1388
236,1279,1515,0.1388
239,1278,1517,0.1388
241,1275,1516,0.1388
242,1276,1518,0.1388
239,1263,1502,0.1388
246,1284,1530,0.1388
235,1273,1508,0.1388
232,1270,1502,0.1388
226,1282,1508,0.1388
224,1277,1501,0.1388
224,1277,1501,0.1388
228,1283,1511,0.1388
229,1291,1520,0.1388
225,1295,1520,0.1388
226,1291,1517,0.1388
224,1286,1510,0.1388
223,1296,1519,0.1388
221,1301,1522,0.1388
223,1297,1520,0.1388
225,1302,1527,0.1388
224,1298,1522,0.1388
223,1303,1526,0.1388
222,1305,1527,0.1388
221,1301,1522,0.1388
222,1306,1528,0.1388
219,1309,1528,0.1388
218,1306,1524,0.1388
218,1297,1515,0.1388
218,1306,1524,0.1388
215,1301,1516,0.1388
217,1300,1517,0.1388
215,1310,1525,0.1388
212,1293,1505,0.1388
212,1289,1501,0.1388
209,1297,1506,0.1388
213,1303,1516,0.1388
211,1303,1514,0.1388
209,1301,1510,0.1388
205,1308,1513,0.1388
203,1313,1516,0.1388
202,1304,1506,0.1388
201,1319,1520,0.1388
204,1321,1525,0.1388
199,1324,1523,0.1388
201,1321,1522,0.1388
205,1324,1529,0.1388
208,1319,1527,0.1388
204,1312,1516,0.1388
202,1330,1532,0.1388
198,1332,1530,0.1388
196,1329,1525,0.1388
199,1315,1514,0.1388
201,1311,1512,0.1388
192,1318,1510,0.1388
192,1314,1506,0.1388
199,1316,1515,0.1388
198,1310,1508,0.1388
193,1322,1515,0.1388
191,1337,1528,0.1388
192,1319,1511,0.1388
191,1324,1515,0.1388
192,1312,1504,0.1388
191,1312,1503,0.1388
192,1320,1512,0.1388
193,1319,1512,0.1388
192,1326,1518,0.1388
191,1331,1522,0.1388
190,1332,1522,0.1388
185,1343,1528,0.1388
187,1342,1529,0.1388
185,1353,1538,0.1388
186,1348,1534,0.1388
182,1333,1515,0.1388
184,1326,1510,0.1388
183,1332,1515,0.1388
184,1345,1529,0.1388
183,1335,1518,0.1388
179,1355,1534,0.1388
176,1341,1517,0.1388
181,1321,1502,0.1388
178,1316,1494,0.1388
179,1331,1510,0.1388
177,1335,1512,0.1388
177,1335,1512,0.1388
176,1348,1524,0.1388
175,1343,1518,0.1388
172,1344,1516,0.1388
168,1342,1510,0.1388
164,1344,1508,0.1388
166,1341,1507,0.1388
167,1347,1514,0.1388
168,1346,1514,0.1388
167,1333,1500,0.1388
167,1339,1506,0.1388
163,1351,1514,0.1388
160,1356,1516,0.1388
163,1358,1521,0.1388
159,1337,1496,0.1388
159,1336,1495,0.1388
161,1336,1497,0.1388
158,1347,1505,0.1388
158,1348,1506,0.1388
154,1363,1517,0.1388
155,1356,1511,0.1388
157,1352,1509,0.1388
157,1357,1514,0.1388
155,1365,1520,0.1388
155,1366,1521,0.1388
155,1370,1525,0.1388
152,1374,1526,0.1388
151,1361,1512,0.1388
148,1352,1500,0.1388
150,1347,1497,0.1388
147,1347,1494,0.1388
150,1345,1495,0.1388
152,1358,1510,0.1388
152,1361,1513,0.1388
154,1370,1524,0.1388
150,1375,1525,0.1388
150,1372,1522,0.1388
148,1373,1521,0.1388
150,1368,1518,0.1388
153,1357,1510,0.1388
148,1353,1501,0.1388
153,1360,1513,0.1388
159,1371,1530,0.1388
159,1372,1531,0.1388
158,1361,1519,0.1388
156,1361,1517,0.1388
157,1368,1525,0.1388
155,1357,1512,0.1388
155,1350,1505,0.1388
154,1357,1511,0.1388
153,1370,1523,0.1388
152,1363,1515,0.1388
148,1378,1526,0.1388
148,1378,1526,0.1388
150,1371,1521,0.1388
151,1374,1525,0.1388
151,1371,1522,0.1388
150,1367,1517,0.1388
148,1357,1505,0.1388
150,1369,1519,0.1388
147,1373,1520,0.1388
148,1372,1520,0.1388
147,1366,1513,0.1388
147,1365,1512,0.1388
149,1361,1510,0.1388
148,1363,1511,0.1388
148,1368,1516,0.1388
148,1373,1521,0.1388
147,1368,1515,0.1388
147,1377,1524,0.1388
148,1383,1531,0.1388
146,1380,1526,0.1388
144,1378,1522,0.1388
147,1370,1517,0.1388
151,1357,1508,0.1388
147,1373,1520,0.1388
145,1384,1529,0.1388
145,1369,1514,0.1388
144,1373,1517,0.1388
144,1387,1531,0.1388
142,1381,1523,0.1388
143,1392,1535,0.1388
141,1386,1527,0.1388
138,1378,1516,0.1388
136,1380,1516,0.1388
135,1385,1520,0.1388
135,1378,1513,0.1388
136,1378,1514,0.1388
134,1377,1511,0.1388
137,1374,1511,0.1388
136,1367,1503,0.1388
134,1373,1507,0.1388
130,1378,1508,0.1388
131,1382,1513,0.1388
132,1380,1512,0.1388
128,1386,1514,0.1388
128,1395,1523,0.1388
129,1391,1520,0.1388
127,1389,1516,0.1388
126,1371,1497,0.1388
128,1367,1495,0.1388
129,1379,1508,0.1388
129,1378,1507,0.1388
131,1383,1514,0.1388
129,1384,1513,0.1388
132,1392,1524,0.1388
131,1396,1527,0.1388
132,1396,1528,0.1388
130,1393,1523,0.1388
133,1386,1519,0.1388
131,1401,1532,0.1388
128,1396,1524,0.1388
128,1377,1505,0.1388
126,1396,1522,0.1388
131,1403,1534,0.1388
130,1390,1520,0.1388
128,1410,1538,0.1388
127,1399,1526,0.1388
126,1396,1522,0.1388
127,1396,1523,0.1388
124,1397,1521,0.1388
122,1403,1525,0.1388
121,1382,1503,0.1388
122,1385,1507,0.1388
123,1378,1501,0.1388
124,1376,1500,0.1388
127,1383,1510,0.1388
128,1394,1522,0.1388
124,1388,1512,0.1388
124,1398,1522,0.1388
122,1390,1512,0.1388
123,1398,1521,0.1388
123,1399,1522,0.1388
122,1396,1518,0.1388
116,1394,1510,0.1388
118,1398,1516,0.1388
119,1390,1509,0.1388
117,1392,1509,0.1388
111,1398,1509,0.1388
112,1401,1513,0.1388
109,1409,1518,0.1388
116,1411,1527,0.1388
114,1402,1516,0.1388
112,1400,1512,0.1388
107,1401,1508,0.1388
106,1403,1509,0.1388
103,1416,1519,0.1388
101,1417,1518,0.1388
102,1411,1513,0.1388
107,1408,1515,0.1388
108,1415,1523,0.1388
110,1420,1530,0.1388
109,1411,1520,0.1388
111,1401,1512,0.1388
110,1407,1517,0.1388
106,1414,1520,0.1388
112,1406,1518,0.1388
111,1403,1514,0.1388
113,1393,1506,0.1388
111,1397,1508,0.1388
112,1408,1520,0.1388
117,1396,1513,0.1388
116,1400,1516,0.1388
113,1401,1514,0.1388
113,1377,1490,0.1388
113,1405,1518,0.1388
115,1402,1517,0.1388
114,1406,1520,0.1388
112,1403,1515,0.1388
108,1399,1507,0.1388
111,1409,1520,0.1388
111,1415,1526,0.1388
110,1418,1528,0.1388
106,1422,1528,0.1388
109,1405,1514,0.1388
109,1407,1516,0.1388
108,1407,1515,0.1388
108,1400,1508,0.1388
106,1407,1513,0.1388
110,1401,1511,0.1388
108,1409,1517,0.1388
110,1404,1514,0.1388
109,1400,1509,0.1388
106,1406,1512,0.1388
102,1398,1500,0.1388
104,1403,1507,0.1388
107,1412,1519,0.1388
107,1414,1521,0.1388
105,1409,1514,0.1388
105,1399,1504,0.1388
115,1399,1514,0.1388
113,1415,1528,0.1388
112,1413,1525,0.1388
110,1404,1514,0.1388
110,1406,1516,0.1388
114,1396,1510,0.1388
112,1400,1512,0.1388
109,1409,1518,0.1388
104,1396,1500,0.1388
105,1402,1507,0.1388
103,1411,1514,0.1388
102,1425,1527,0.1388
104,1409,1513,0.1388
104,1420,1524,0.1388
103,1428,1531,0.1388
102,1424,1526,0.1388
99,1421,1520,0.1388
102,1413,1515,0.1388
100,1420,1520,0.1388
100,1412,1512,0.1388
103,1422,1525,0.1388
101,1413,1514,0.1388
102,1426,1528,0.1388
102,1425,1527,0.1388
99,1417,1516,0.1388
100,1411,1511,0.1388
99,1412,1511,0.1388
97,1409,1506,0.1388
96,1411,1507,0.1388
98,1419,1517,0.1388
95,1417,1512,0.1388
94,1413,1507,0.1388
95,1415,1510,0.1388
90,1423,1513,0.1388
90,1426,1516,0.1388
89,1424,1513,0.1388
91,1404,1495,0.1388
91,1408,1499,0.1388
93,1417,1510,0.1388
94,1413,1507,0.1388
91,1417,1508,0.1388
91,1419,1510,0.1388
89,1443,1532,0.1388
89,1434,1523,0.1388
87,1437,1524,0.1388
88,1453,1541,0.1388
89,1446,1535,0.1388
87,1441,1528,0.1388
89,1439,1528,0.1388
91,1439,1530,0.1388
90,1439,1529,0.1388
88,1439,1527,0.1388
90,1439,1529,0.1388
90,1445,1535,0.1388
91,1439,1530,0.1388
89,1439,1528,0.1388
85,1434,1519,0.1388
83,1422,1505,0.1388
84,1431,1515,0.1388
83,1421,1504,0.1388
82,1434,1516,0.1388
83,1432,1515,0.1388
81,1433,1514,0.1388
84,1435,1519,0.1388
85,1449,1534,0.1388
86,1442,1528,0.1388
86,1441,1527,0.1388
85,1430,1515,0.1388
84,1438,1522,0.1388
81,1437,1518,0.1388
82,1439,1521,0.1388
80,1444,1524,0.1388
76,1434,1510,0.1388
75,1441,1516,0.1388
74,1444,1518,0.1388
74,1452,1526,0.1388
75,1438,1513,0.1388
75,1449,1524,0.1388
76,1448,1524,0.1388
74,1437,1511,0.1388
74,1438,1512,0.1388
75,1430,1505,0.1388
74,1434,1508,0.1388
73,1432,1505,0.1388
72,1429,1501,0.1388
70,1438,1508,0.1388
70,1443,1513,0.1388
68,1433,1501,0.1388
68,1443,1511,0.1388
69,1434,1503,0.1388
71,1435,1506,0.1388
71,1438,1509,0.1388
69,1454,1523,0.1388
68,1452,1520,0.1388
68,1446,1514,0.1388
65,1444,1509,0.1388
70,1452,1522,0.1388
70,1452,1522,0.1388
68,1452,1520,0.1388
70,1452,1522,0.1388
70,1451,1521,0.1388
70,1445,1515,0.1388
71,1442,1513,0.1388
67,1458,1525,0.1388
64,1457,1521,0.1388
65,1439,1504,0.1388
69,1437,1506,0.1388
70,1446,1516,0.1388
69,1446,1515,0.1388
66,1448,1514,0.1388
64,1468,1532,0.1388
64,1458,1522,0.1388
66,1453,1519,0.1388
68,1452,1520,0.1388
68,1455,1523,0.1388
71,1457,1528,0.1388
70,1433,1503,0.1388
72,1431,1503,0.1388
73,1445,1518,0.1388
77,1443,1520,0.1388
75,1435,1510,0.1388
75,1431,1506,0.1388
70,1430,1500,0.1388
75,1434,1509,0.1388
72,1438,1510,0.1388
72,1440,1512,0.1388
73,1440,1513,0.1388
73,1444,1517,0.1388
73,1450,1523,0.1388
74,1447,1521,0.1388
72,1460,1532,0.1388
71,1445,1516,0.1388
68,1448,1516,0.1388
69,1446,1515,0.1388
69,1451,1520,0.1388
68,1443,1511,0.1388
68,1445,1513,0.1388
67,1454,1521,0.1388
66,1458,1524,0.1388
67,1451,1518,0.1388
66,1438,1504,0.1388
67,1437,1504,0.1388
66,1455,1521,0.1388
68,1441,1509,0.1388
69,1453,1522,0.1388
67,1451,1518,0.1388
65,1438,1503,0.1388
66,1451,1517,0.1388
64,1453,1517,0.1388
64,1450,1514,0.1388
63,1454,1517,0.1388
63,1460,1523,0.1388
62,1462,1524,0.1388
62,1462,1524,0.1388
61,1452,1513,0.1388
60,1453,1513,0.1388
62,1455,1517,0.1388
63,1462,1525,0.1388
60,1442,1502,0.1388
59,1442,1501,0.1388
56,1448,1504,0.1388
57,1454,1511,0.1388
56,1456,1512,0.1388
55,1471,1526,0.1388
56,1472,1528,0.1388
55,1475,1530,0.1388
56,1462,1518,0.1388
56,1451,1507,0.1388
54,1465,1519,0.1388
52,1463,1515,0.1388
51,1465,1516,0.1388
52,1466,1518,0.1388
53,1470,1523,0.1388
54,1473,1527,0.1388
51,1452,1503,0.1388
51,1454,1505,0.1388
51,1473,1524,0.1388
49,1455,1504,0.1388
51,1472,1523,0.1388
52,1473,1525,0.1388
51,1472,1523,0.1388
53,1467,1520,0.1388
53,1474,1527,0.1388
53,1488,1541,0.1388
51,1481,1532,0.1388
50,1472,1522,0.1388
49,1467,1516,0.1388
51,1464,1515,0.1388
51,1468,1519,0.1388
50,1478,1528,0.1388
50,1461,1511,0.1388
47,1460,1507,0.1388
48,1469,1517,0.1388
48,1468,1516,0.1388
47,1474,1521,0.1388
48,1474,1522,0.1388
48,1478,1526,0.1388
48,1468,1516,0.1388
49,1471,1520,0.1388
51,1479,1530,0.1388
51,1455,1506,0.1388
49,1465,1514,0.1388
48,1471,1519,0.1388
49,1475,1524,0.1388
48,1466,1514,0.1388
45,1467,1512,0.1388
46,1458,1504,0.1388
45,1461,1506,0.1388
45,1481,1526,0.1388
45,1486,1531,0.1388
44,1487,1531,0.1388
44,1477,1521,0.1388
42,1475,1517,0.1388
41,1474,1515,0.1388
40,1484,1524,0.1388
41,1484,1525,0.1388
42,1476,1518,0.1388
43,1472,1515,0.1388
43,1488,1531,0.1388
43,1483,1526,0.1388
43,1466,1509,0.1388
45,1454,1499,0.1388
46,1458,1504,0.1388
45,1459,1504,0.1388
48,1465,1513,0.1388
49,1468,1517,0.1388
50,1474,1524,0.1388
51,1472,1523,0.1388
52,1470,1522,0.1388
51,1472,1523,0.1388
51,1479,1530,0.1388
49,1478,1527,0.1388
48,1469,1517,0.1388
49,1470,1519,0.1388
48,1475,1523,0.1388
50,1475,1525,0.1388
54,1462,1516,0.1388
53,1456,1509,0.1388
53,1457,1510,0.1388
51,1446,1497,0.1388
53,1447,1500,0.1388
52,1458,1510,0.1388
54,1454,1508,0.1388
53,1457,1510,0.1388
55,1465,1520,0.1388
53,1468,1521,0.1388
53,1465,1518,0.1388
51,1464,1515,0.1388
53,1459,1512,0.1388
53,1471,1524,0.1388
50,1460,1510,0.1388
51,1446,1497,0.1388
50,1449,1499,0.1388
51,1462,1513,0.1388
51,1479,1530,0.1388
48,1479,1527,0.1388
52,1472,1524,0.1388
52,1462,1514,0.1388
54,1469,1523,0.1388
55,1469,1524,0.1388
54,1473,1527,0.1388
54,1462,1516,0.1388
55,1462,1517,0.1388
54,1471,1525,0.1388
54,1467,1521,0.1388
54,1476,1530,0.1388
55,1463,1518,0.1388
54,1459,1513,0.1388
51,1457,1508,0.1388
54,1463,1517,0.1388
59,1467,1526,0.1388
58,1467,1525,0.1388
58,1454,1512,0.1388
59,1472,1531,0.1388
61,1471,1532,0.1388
62,1470,1532,0.1388
61,1456,1517,0.1388
59,1462,1521,0.1388
58,1459,1517,0.1388
56,1450,1506,0.1388
55,1454,1509,0.1388
55,1455,1510,0.1388
55,1465,1520,0.1388
55,1452,1507,0.1388
52,1450,1502,0.1388
52,1452,1504,0.1388
50,1441,1491,0.1388
48,1456,1504,0.1388
50,1461,1511,0.1388
50,1462,1512,0.1388
48,1471,1519,0.1388
49,1476,1525,0.1388
50,1476,1526,0.1388
53,1478,1531,0.1388
53,1474,1527,0.1388
52,1476,1528,0.1388
51,1457,1508,0.1388
50,1461,1511,0.1388
47,1475,1522,0.1388
45,1480,1525,0.1388
46,1471,1517,0.1388
45,1473,1518,0.1388
45,1483,1528,0.1388
43,1472,1515,0.1388
45,1460,1505,0.1388
44,1451,1495,0.1388
47,1453,1500,0.1388
47,1462,1509,0.1388
49,1477,1526,0.1388
50,1476,1526,0.1388
51,1470,1521,0.1388
51,1472,1523,0.1388
51,1481,1532,0.1388
49,1471,1520,0.1388
47,1481,1528,0.1388
47,1481,1528,0.1388
47,1476,1523,0.1388
44,1479,1523,0.1388
42,1485,1527,0.1388
44,1476,1520,0.1388
46,1487,1533,0.1388
46,1479,1525,0.1388
45,1471,1516,0.1388
45,1470,1515,0.1388
47,1458,1505,0.1388
47,1473,1520,0.1388
48,1474,1522,0.1388
47,1483,1530,0.1388
46,1473,1519,0.1388
44,1473,1517,0.1388
45,1476,1521,0.1388
47,1482,1529,0.1388
44,1488,1532,0.1388
44,1485,1529,0.1388
43,1477,1520,0.1388
43,1471,1514,0.1388
44,1490,1534,0.1388
43,1473,1516,0.1388
44,1473,1517,0.1388
42,1474,1516,0.1388
39,1482,1521,0.1388
38,1486,1524,0.1388
39,1495,1534,0.1388
39,1481,1520,0.1388
37,1484,1521,0.1388
36,1480,1516,0.1388
37,1478,1515,0.1388
34,1481,1515,0.1388
36,1468,1504,0.1388
38,1475,1513,0.1388
38,1476,1514,0.1388
37,1468,1505,0.1388
36,1484,1520,0.1388
36,1483,1519,0.1388
37,1482,1519,0.1388
37,1482,1519,0.1388
40,1484,1524,0.1388
40,1489,1529,0.1388
40,1484,1524,0.1388
39,1478,1517,0.1388
36,1485,1521,0.1388
36,1477,1513,0.1388
36,1476,1512,0.1388
36,1473,1509,0.1388
37,1477,1514,0.1388
39,1484,1523,0.1388
39,1469,1508,0.1388
39,1489,1528,0.1388
38,1483,1521,0.1388
38,1487,1525,0.1388
37,1482,1519,0.1388
37,1473,1510,0.1388
35,1481,1516,0.1388
34,1478,1512,0.1388
33,1488,1521,0.1388
33,1491,1524,0.1388
32,1494,1526,0.1388
32,1489,1521,0.1388
32,1487,1519,0.1388
32,1491,1523,0.1388
33,1488,1521,0.1388
31,1489,1520,0.1388
33,1487,1520,0.1388
32,1494,1526,0.1388
32,1489,1521,0.1388
33,1489,1522,0.1388
30,1492,1522,0.1388
30,1486,1516,0.1388
30,1489,1519,0.1388
33,1477,1510,0.1388
33,1483,1516,0.1388
33,1488,1521,0.1388
33,1492,1525,0.1388
32,1485,1517,0.1388
33,1497,1530,0.1388
32,1503,1535,0.1388
32,1483,1515,0.1388
32,1483,1515,0.1388
31,1475,1506,0.1388
32,1476,1508,0.1388
33,1475,1508,0.1388
31,1476,1507,0.1388
32,1482,1514,0.1388
31,1472,1503,0.1388
32,1475,1507,0.1388
32,1485,1517,0.1388
29,1481,1510,0.1388
31,1477,1508,0.1388
31,1492,1523,0.1388
31,1501,1532,0.1388
32,1496,1528,0.1388
33,1494,1527,0.1388
33,1483,1516,0.1388
31,1474,1505,0.1388
29,1470,1499,0.1388
29,1462,1491,0.1388
29,1474,1503,0.1388
27,1478,1505,0.1388
27,1479,1506,0.1388
29,1479,1508,0.1388
29,1468,1497,0.1388
30,1460,1490,0.1388
31,1464,1495,0.1388
33,1466,1499,0.1388
33,1469,1502,0.1388
33,1474,1507,0.1388
34,1467,1501,0.1388
33,1477,1510,0.1388
33,1475,1508,0.1388
33,1473,1506,0.1388
33,1487,1520,0.1388
34,1490,1524,0.1388
33,1484,1517,0.1388
33,1487,1520,0.1388
32,1491,1523,0.1388
32,1489,1521,0.1388
33,1487,1520,0.1388
32,1476,1508,0.1388
30,1471,1501,0.1388
28,1477,1505,0.1388
29,1491,1520,0.1388
28,1477,1505,0.1388
27,1477,1504,0.1388
26,1476,1502,0.1388
26,1476,1502,0.1388
28,1466,1494,0.1388
26,1473,1499,0.1388
23,1473,1496,0.1388
22,1483,1505,0.1388
23,1491,1514,0.1388
23,1486,1509,0.1388
24,1494,1518,0.1388
23,1492,1515,0.1388
22,1476,1498,0.1388
21,1491,1512,0.1388
21,1493,1514,0.1388
21,1489,1510,0.1388
20,1494,1514,0.1388
21,1495,1516,0.1388
20,1510,1530,0.1388
21,1502,1523,0.1388
22,1505,1527,0.1388
22,1496,1518,0.1388
23,1501,1524,0.1388
24,1494,1518,0.1388
23,1497,1520,0.1388
25,1490,1515,0.1388
26,1485,1511,0.1388
28,1481,1509,0.1388
27,1503,1530,0.1388
28,1499,1527,0.1388
27,1493,1520,0.1388
27,1480,1507,0.1388
28,1481,1509,0.1388
30,1490,1520,0.1388
28,1482,1510,0.1388
32,1493,1525,0.1388
30,1493,1523,0.1388
30,1489,1519,0.1388
29,1497,1526,0.1388
31,1485,1516,0.1388
32,1481,1513,0.1388
32,1480,1512,0.1388
33,1488,1521,0.1388
32,1484,1516,0.1388
32,1490,1522,0.1388
31,1486,1517,0.1388
31,1473,1504,0.1388
32,1480,1512,0.1388
31,1495,1526,0.1388
31,1496,1527,0.1388
32,1503,1535,0.1388
32,1484,1516,0.1388
32,1484,1516,0.1388
31,1487,1518,0.1388
30,1485,1515,0.1388
30,1489,1519,0.1388
30,1475,1505,0.1388
30,1477,1507,0.1388
30,1474,1504,0.1388
29,1486,1515,0.1388
28,1483,1511,0.1388
27,1478,1505,0.1388
27,1474,1501,0.1388
27,1481,1508,0.1388
27,1488,1515,0.1388
28,1482,1510,0.1388
28,1486,1514,0.1388
28,1480,1508,0.1388
29,1485,1514,0.1388
29,1483,1512,0.1388
28,1487,1515,0.1388
27,1497,1524,0.1388
27,1493,1520,0.1388
27,1499,1526,0.1388
28,1495,1523,0.1388
29,1490,1519,0.1388
29,1488,1517,0.1388
29,1491,1520,0.1388
28,1485,1513,0.1388
26,1472,1498,0.1388
28,1470,1498,0.1388
28,1473,1501,0.1388
28,1468,1496,0.1388
28,1477,1505,0.1388
28,1467,1495,0.1388
28,1468,1496,0.1388
27,1477,1504,0.1388
27,1478,1505,0.1388
27,1481,1508,0.1388
25,1485,1510,0.1388
25,1489,1514,0.1388
25,1499,1524,0.1388
24,1493,1517,0.1388
25,1471,1496,0.1388
25,1483,1508,0.1388
23,1476,1499,0.1388
23,1489,1512,0.1388
22,1492,1514,0.1388
20,1498,1518,0.1388
21,1507,1528,0.1388
22,1503,1525,0.1388
21,1508,1529,0.1388
18,1501,1519,0.1388
19,1506,1525,0.1388
19,1507,1526,0.1388
17,1488,1505,0.1388
18,1501,1519,0.1388
17,1510,1527,0.1388
16,1507,1523,0.1388
14,1509,1523,0.1388
15,1512,1527,0.1388
14,1503,1517,0.1388
15,1498,1513,0.1388
15,1489,1504,0.1388
15,1504,1519,0.1388
14,1492,1506,0.1388
14,1495,1509,0.1388
14,1495,1509,0.1388
14,1501,1515,0.1388
14,1493,1507,0.1388
14,1509,1523,0.1388
14,1508,1522,0.1388
13,1503,1516,0.1388
11,1504,1515,0.1388
11,1500,1511,0.1388
11,1491,1502,0.1388
11,1511,1522,0.1388
10,1503,1513,0.1388
10,1502,1512,0.1388
10,1491,1501,0.1388
10,1486,1496,0.1388
10,1496,1506,0.1388
10,1491,1501,0.1388
9,1499,1508,0.1388
9,1501,1510,0.1388
9,1509,1518,0.1388
9,1503,1512,0.1388
10,1504,1514,0.1388
9,1505,1514,0.1388
9,1509,1518,0.1388
9,1497,1506,0.1388
9,1511,1520,0.1388
9,1508,1517,0.1388
9,1509,1518,0.1388
10,1496,1506,0.1388
10,1491,1501,0.1388
10,1496,1506,0.1388
11,1503,1514,0.1388
11,1502,1513,0.1388
11,1509,1520,0.1388
11,1507,1518,0.1388
11,1505,1516,0.1388
11,1523,1534,0.1388
10,1510,1520,0.1388
10,1494,1504,0.1388
8,1496,1504,0.1388
9,1495,1504,0.1388
10,1503,1513,0.1388
9,1496,1505,0.1388
8,1505,1513,0.1388
8,1499,1507,0.1388
8,1511,1519,0.1388
9,1512,1521,0.1388
9,1517,1526,0.1388
8,1515,1523,0.1388
8,1512,1520,0.1388
8,1500,1508,0.1388
8,1504,1512,0.1388
8,1497,1505,0.1388
8,1499,1507,0.1388
8,1508,1516,0.1388
8,1510,1518,0.1388
8,1502,1510,0.1388
8,1514,1522,0.1388
8,1514,1522,0.1388
7,1510,1517,0.1388
8,1510,1518,0.1388
8,1505,1513,0.1388
9,1496,1505,0.1388
8,1493,1501,0.1388
9,1495,1504,0.1388
9,1509,1518,0.1388
9,1511,1520,0.1388
9,1505,1514,0.1388
9,1509,1518,0.1388
9,1525,1534,0.1388
9,1516,1525,0.1388
9,1517,1526,0.1388
9,1523,1532,0.1388
9,1519,1528,0.1388
10,1510,1520,0.1388
10,1508,1518,0.1388
10,1500,1510,0.1388
9,1499,1508,0.1388
9,1509,1518,0.1388
8,1508,1516,0.1388
8,1509,1517,0.1388
8,1513,1521,0.1388
8,1523,1531,0.1388
8,1510,1518,0.1388
8,1512,1520,0.1388
9,1509,1518,0.1388
9,1512,1521,0.1388
11,1510,1521,0.1388
10,1511,1521,0.1388
11,1518,1529,0.1388
11,1496,1507,0.1388
13,1497,1510,0.1388
13,1499,1512,0.1388
13,1510,1523,0.1388
14,1491,1505,0.1388
14,1490,1504,0.1388
14,1492,1506,0.1388
13,1502,1515,0.1388
11,1489,1500,0.1388
12,1502,1514,0.1388
12,1502,1514,0.1388
15,1505,1520,0.1388
15,1493,1508,0.1388
16,1496,1512,0.1388
16,1488,1504,0.1388
16,1486,1502,0.1388
15,1485,1500,0.1388
14,1499,1513,0.1388
14,1491,1505,0.1388
14,1497,1511,0.1388
14,1499,1513,0.1388
14,1505,1519,0.1388
14,1521,1535,0.1388
14,1508,1522,0.1388
14,1487,1501,0.1388
14,1504,1518,0.1388
14,1509,1523,0.1388
13,1500,1513,0.1388
13,1502,1515,0.1388
11,1496,1507,0.1388
11,1507,1518,0.1388
11,1508,1519,0.1388
10,1503,1513,0.1388
11,1492,1503,0.1388
11,1503,1514,0.1388
13,1497,1510,0.1388
14,1514,1528,0.1388
14,1527,1541,0.1388
14,1502,1516,0.1388
14,1515,1529,0.1388
14,1509,1523,0.1388
14,1499,1513,0.1388
12,1497,1509,0.1388
12,1501,1513,0.1388
12,1509,1521,0.1388
11,1525,1536,0.1388
10,1508,1518,0.1388
12,1508,1520,0.1388
15,1497,1512,0.1388
13,1501,1514,0.1388
14,1500,1514,0.1388
13,1509,1522,0.1388
13,1516,1529,0.1388
12,1507,1519,0.1388
12,1484,1496,0.1388
12,1494,1506,0.1388
11,1499,1510,0.1388
11,1497,1508,0.1388
10,1489,1499,0.1388
11,1490,1501,0.1388
11,1493,1504,0.1388
11,1489,1500,0.1388
10,1486,1496,0.1388
8,1490,1498,0.1388
8,1495,1503,0.1388
8,1486,1494,0.1388
9,1491,1500,0.1388
9,1504,1513,0.1388
9,1509,1518,0.1388
10,1502,1512,0.1388
10,1502,1512,0.1388
10,1501,1511,0.1388
9,1499,1508,0.1388
9,1508,1517,0.1388
9,1497,1506,0.1388
11,1507,1518,0.1388
11,1517,1528,0.1388
11,1518,1529,0.1388
11,1511,1522,0.1388
11,1511,1522,0.1388
11,1514,1525,0.1388
11,1514,1525,0.1388
11,1508,1519,0.1388
10,1505,1515,0.1388
8,1499,1507,0.1388
8,1498,1506,0.1388
8,1514,1522,0.1388
9,1513,1522,0.1388
8,1513,1521,0.1388
9,1531,1540,0.1388
8,1529,1537,0.1388
8,1522,1530,0.1388
7,1518,1525,0.1388
6,1520,1526,0.1388
6,1507,1513,0.1388
6,1511,1517,0.1388
6,1519,1525,0.1388
6,1523,1529,0.1388
6,1530,1536,0.1388
6,1524,1530,0.1388
5,1495,1500,0.1388
5,1514,1519,0.1388
5,1521,1526,0.1388
5,1514,1519,0.1388
5,1519,1524,0.1388
5,1513,1518,0.1388
5,1511,1516,0.1388
5,1519,1524,0.1388
5,1525,1530,0.1388
5,1513,1518,0.1388
5,1526,1531,0.1388
6,1500,1506,0.1388
6,1500,1506,0.1388
6,1507,1513,0.1388
6,1516,1522,0.1388
4,1512,1516,0.1388
3,1517,1520,0.1388
3,1511,1514,0.1388
3,1512,1515,0.1388
3,1508,1511,0.1388
3,1496,1499,0.1388
3,1502,1505,0.1388
4,1512,1516,0.1388
3,1502,1505,0.1388
3,1514,1517,0.1388
3,1508,1511,0.1388
3,1501,1504,0.1388
3,1510,1513,0.1388
3,1515,1518,0.1388
3,1528,1531,0.1388
3,1528,1531,0.1388
3,1525,1528,0.1388
3,1516,1519,0.1388
3,1511,1514,0.1388
3,1512,1515,0.1388
3,1525,1528,0.1388
3,1518,1521,0.1388
4,1530,1534,0.1388
4,1522,1526,0.1388
4,1521,1525,0.1388
4,1522,1526,0.1388
4,1519,1523,0.1388
4,1520,1524,0.1388
4,1526,1530,0.1388
5,1526,1531,0.1388
5,1526,1531,0.1388
6,1520,1526,0.1388
6,1515,1521,0.1388
6,1500,1506,0.1388
6,1513,1519,0.1388
6,1511,1517,0.1388
6,1509,1515,0.1388
6,1504,1510,0.1388
6,1503,1509,0.1388
5,1504,1509,0.1388
5,1506,1511,0.1388
5,1509,1514,0.1388
5,1502,1507,0.1388
5,1492,1497,0.1388
5,1496,1501,0.1388
5,1496,1501,0.1388
5,1514,1519,0.1388
5,1509,1514,0.1388
5,1503,1508,0.1388
5,1510,1515,0.1388
5,1508,1513,0.1388
5,1500,1505,0.1388
5,1515,1520,0.1388
5,1522,1527,0.1388
5,1526,1531,0.1388
6,1523,1529,0.1388
6,1520,1526,0.1388
6,1523,1529,0.1388
6,1515,1521,0.1388
6,1527,1533,0.1388
5,1518,1523,0.1388
5,1516,1521,0.1388
5,1499,1504,0.1388
6,1492,1498,0.1388
6,1474,1480,0.1388
7,1495,1502,0.1388
7,1502,1509,0.1388
6,1503,1509,0.1388
6,1506,1512,0.1388
6,1502,1508,0.1388
6,1515,1521,0.1388
6,1504,1510,0.1388
7,1505,1512,0.1388
7,1515,1522,0.1388
7,1509,1516,0.1388
7,1511,1518,0.1388
7,1520,1527,0.1388
6,1530,1536,0.1388
6,1526,1532,0.1388
7,1515,1522,0.1388
7,1512,1519,0.1388
7,1504,1511,0.1388
7,1508,1515,0.1388
7,1507,1514,0.1388
7,1498,1505,0.1388
7,1509,1516,0.1388
7,1502,1509,0.1388
8,1495,1503,0.1388
8,1511,1519,0.1388
7,1516,1523,0.1388
7,1509,1516,0.1388
7,1516,1523,0.1388
6,1529,1535,0.1388
6,1534,1540,0.1388
6,1523,1529,0.1388
6,1511,1517,0.1388
7,1518,1525,0.1388
7,1521,1528,0.1388
7,1517,1524,0.1388
6,1509,1515,0.1388
6,1531,1537,0.1388
6,1521,1527,0.1388
6,1507,1513,0.1388
5,1495,1500,0.1388
4,1498,1502,0.1388
4,1509,1513,0.1388
3,1509,1512,0.1388
3,1508,1511,0.1388
3,1513,1516,0.1388
3,1525,1528,0.1388
3,1519,1522,0.1388
3,1522,1525,0.1388
3,1508,1511,0.1388
3,1496,1499,0.1388
3,1502,1505,0.1388
3,1499,1502,0.1388
3,1505,1508,0.1388
3,1498,1501,0.1388
3,1506,1509,0.1388
2,1499,1501,0.1388
2,1489,1491,0.1388
2,1501,1503,0.1388
2,1504,1506,0.1388
2,1501,1503,0.1388
2,1510,1512,0.1388
2,1503,1505,0.1388
2,1510,1512,0.1388
2,1494,1496,0.1388
3,1506,1509,0.1388
2,1514,1516,0.1388
2,1522,1524,0.1388
2,1509,1511,0.1388
2,1517,1519,0.1388
2,1515,1517,0.1388
2,1513,1515,0.1388
2,1512,1514,0.1388
3,1515,1518,0.1388
3,1512,1515,0.1388
3,1511,1514,0.1388
3,1508,1511,0.1388
3,1513,1516,0.1388
4,1519,1523,0.1388
4,1521,1525,0.1388
2,1522,1524,0.1388
2,1521,1523,0.1388
2,1521,1523,0.1388
2,1514,1516,0.1388
2,1520,1522,0.1388
2,1527,1529,0.1388
2,1520,1522,0.1388
2,1510,1512,0.1388
2,1506,1508,0.1388
2,1504,1506,0.1388
2,1520,1522,0.1388
2,1519,1521,0.1388
2,1508,1510,0.1388
2,1512,1514,0.1388
2,1530,1532,0.1388
1,1510,1511,0.1388
1,1518,1519,0.1388
1,1517,1518,0.1388
2,1511,1513,0.1388
2,1507,1509,0.1388
2,1496,1498,0.1388
2,1512,1514,0.1388
2,1518,1520,0.1388
2,1514,1516,0.1388
2,1500,1502,0.1388
2,1507,1509,0.1388
2,1502,1504,0.1388
2,1501,1503,0.1388
2,1512,1514,0.1388
1,1517,1518,0.1388
1,1522,1523,0.1388
1,1529,1530,0.1388
1,1533,1534,0.1388
1,1536,1537,0.1388
1,1516,1517,0.1388
1,1522,1523,0.1388
1,1527,1528,0.1388
1,1520,1521,0.1388
1,1522,1523,0.1388
1,1514,1515,0.1388
1,1513,1514,0.1388
1,1516,1517,0.1388
1,1508,1509,0.1388
1,1517,1518,0.1388
1,1516,1517,0.1388
1,1517,1518,0.1388
1,1514,1515,0.1388
1,1514,1515,0.1388
1,1516,1517,0.1388
1,1528,1529,0.1388
1,1530,1531,0.1388
1,1529,1530,0.1388
1,1525,1526,0.1388
1,1512,1513,0.1388
0,1503,1503,0.1388
