1380,27,1407,0.1388
1398,28,1426,0.1388
1411,31,1442,0.1388
1422,30,1452,0.1388
1438,30,1468,0.1388
1427,31,1458,0.1388
1434,34,1468,0.1388
1439,34,1473,0.1388
1439,33,1472,0.1388
1448,36,1484,0.1388
1448,36,1484,0.1388
1455,36,1491,0.1388
1454,34,1488,0.1388
1457,30,1487,0.1388
1470,29,1499,0.1388
1458,28,1486,0.1388
1469,26,1495,0.1388
1467,27,1494,0.1388
1486,27,1513,0.1388
1489,28,1517,0.1388
1478,28,1506,0.1388
1469,27,1496,0.1388
1469,27,1496,0.1388
1471,27,1498,0.1388
1475,25,1500,0.1388
1479,25,1504,0.1388
1476,26,1502,0.1388
1466,26,1492,0.1388
1465,26,1491,0.1388
1467,25,1492,0.1388
1476,24,1500,0.1388
1486,24,1510,0.1388
1493,24,1517,0.1388
1484,27,1511,0.1388
1482,26,1508,0.1388
1471,27,1498,0.1388
1475,28,1503,0.1388
1478,30,1508,0.1388
1467,30,1497,0.1388
1470,30,1500,0.1388
1463,30,1493,0.1388
1463,30,1493,0.1388
1466,31,1497,0.1388
1465,31,1496,0.1388
1462,30,1492,0.1388
1470,29,1499,0.1388
1463,30,1493,0.1388
1457,27,1484,0.1388
1463,28,1491,0.1388
1459,28,1487,0.1388
1451,28,1479,0.1388
1451,29,1480,0.1388
1456,30,1486,0.1388
1464,33,1497,0.1388
1457,33,1490,0.1388
1462,33,1495,0.1388
1463,33,1496,0.1388
1464,31,1495,0.1388
1446,32,1478,0.1388
1435,31,1466,0.1388
1444,34,1478,0.1388
1454,35,1489,0.1388
1450,35,1485,0.1388
1470,35,1505,0.1388
1467,37,1504,0.1388
1465,37,1502,0.1388
1456,38,1494,0.1388
1457,38,1495,0.1388
1465,37,1502,0.1388
1460,35,1495,0.1388
1458,33,1491,0.1388
1452,36,1488,0.1388
1457,36,1493,0.1388
1445,34,1479,0.1388
1444,38,1482,0.1388
1440,38,1478,0.1388
1446,40,1486,0.1388
1442,39,1481,0.1388
1448,40,1488,0.1388
1448,41,1489,0.1388
1457,41,1498,0.1388
1464,41,1505,0.1388
1469,41,1510,0.1388
1460,42,1502,0.1388
1448,42,1490,0.1388
1441,43,1484,0.1388
1451,43,1494,0.1388
1445,44,1489,0.1388
1448,43,1491,0.1388
1446,45,1491,0.1388
1457,45,1502,0.1388
1453,47,1500,0.1388
1440,47,1487,0.1388
1438,48,1486,0.1388
1441,49,1490,0.1388
1437,50,1487,0.1388
1443,51,1494,0.1388
1432,50,1482,0.1388
1434,52,1486,0.1388
1442,53,1495,0.1388
1440,52,1492,0.1388
1440,52,1492,0.1388
1441,51,1492,0.1388
1427,49,1476,0.1388
1437,50,1487,0.1388
1429,51,1480,0.1388
1429,56,1485,0.1388
1430,56,1486,0.1388
1442,53,1495,0.1388
1441,53,1494,0.1388
1442,53,1495,0.1388
1433,55,1488,0.1388
1444,52,1496,0.1388
1437,56,1493,0.1388
1445,56,1501,0.1388
1441,55,1496,0.1388
1436,55,1491,0.1388
1431,55,1486,0.1388
1433,55,1488,0.1388
1433,56,1489,0.1388
1424,54,1478,0.1388
1443,57,1500,0.1388
1434,57,1491,0.1388
1438,56,1494,0.1388
1437,60,1497,0.1388
1444,59,1503,0.1388
1435,57,1492,0.1388
1428,55,1483,0.1388
1430,56,1486,0.1388
1434,58,1492,0.1388
1444,57,1501,0.1388
1446,56,1502,0.1388
1434,55,1489,0.1388
1431,56,1487,0.1388
1422,56,1478,0.1388
1415,54,1469,0.1388
1424,54,1478,0.1388
1443,53,1496,0.1388
1449,51,1500,0.1388
1450,52,1502,0.1388
1442,51,1493,0.1388
1439,53,1492,0.1388
1450,53,1503,0.1388
1444,53,1497,0.1388
1431,51,1482,0.1388
1431,51,1482,0.1388
1436,51,1487,0.1388
1443,51,1494,0.1388
1444,49,1493,0.1388
1438,49,1487,0.1388
1432,48,1480,0.1388
1436,49,1485,0.1388
1442,53,1495,0.1388
1438,54,1492,0.1388
1439,55,1494,0.1388
1434,54,1488,0.1388
1440,53,1493,0.1388
1445,55,1500,0.1388
1443,55,1498,0.1388
1445,56,1501,0.1388
1442,55,1497,0.1388
1446,56,1502,0.1388
1443,59,1502,0.1388
1442,56,1498,0.1388
1438,57,1495,0.1388
1434,54,1488,0.1388
1441,56,1497,0.1388
1433,54,1487,0.1388
1441,57,1498,0.1388
1442,57,1499,0.1388
1439,57,1496,0.1388
1446,59,1505,0.1388
1436,60,1496,0.1388
1431,59,1490,0.1388
1425,59,1484,0.1388
1422,61,1483,0.1388
1433,59,1492,0.1388
1440,62,1502,0.1388
1444,59,1503,0.1388
1443,59,1502,0.1388
1442,60,1502,0.1388
1440,60,1500,0.1388
1441,60,1501,0.1388
1443,57,1500,0.1388
1436,57,1493,0.1388
1430,58,1488,0.1388
1415,59,1474,0.1388
1430,57,1487,0.1388
1435,58,1493,0.1388
1429,56,1485,0.1388
1442,56,1498,0.1388
1430,55,1485,0.1388
1436,54,1490,0.1388
1438,53,1491,0.1388
1439,55,1494,0.1388
1431,56,1487,0.1388
1438,57,1495,0.1388
1427,60,1487,0.1388
1427,60,1487,0.1388
1428,62,1490,0.1388
1443,63,1506,0.1388
1436,62,1498,0.1388
1429,65,1494,0.1388
1436,68,1504,0.1388
1424,71,1495,0.1388
1426,69,1495,0.1388
1413,68,1481,0.1388
1412,71,1483,0.1388
1419,75,1494,0.1388
1420,72,1492,0.1388
1428,73,1501,0.1388
1423,73,1496,0.1388
1412,69,1481,0.1388
1414,72,1486,0.1388
1412,74,1486,0.1388
1417,77,1494,0.1388
1412,77,1489,0.1388
1417,80,1497,0.1388
1422,79,1501,0.1388
1414,80,1494,0.1388
1415,79,1494,0.1388
1412,79,1491,0.1388
1412,79,1491,0.1388
1425,81,1506,0.1388
1433,80,1513,0.1388
1421,83,1504,0.1388
1412,77,1489,0.1388
1417,82,1499,0.1388
1417,82,1499,0.1388
1399,81,1480,0.1388
1402,88,1490,0.1388
1407,87,1494,0.1388
1405,93,1498,0.1388
1399,94,1493,0.1388
1392,101,1493,0.1388
1388,100,1488,0.1388
1404,101,1505,0.1388
1406,102,1508,0.1388
1404,101,1505,0.1388
1403,103,1506,0.1388
1402,103,1505,0.1388
1407,101,1508,0.1388
1396,101,1497,0.1388
1401,100,1501,0.1388
1383,101,1484,0.1388
1379,102,1481,0.1388
1394,103,1497,0.1388
1388,104,1492,0.1388
1387,107,1494,0.1388
1399,106,1505,0.1388
1391,107,1498,0.1388
1376,107,1483,0.1388
1369,108,1477,0.1388
1378,106,1484,0.1388
1382,107,1489,0.1388
1384,102,1486,0.1388
1382,103,1485,0.1388
1388,104,1492,0.1388
1394,104,1498,0.1388
1402,102,1504,0.1388
1402,104,1506,0.1388
1394,100,1494,0.1388
1392,100,1492,0.1388
1381,99,1480,0.1388
1380,102,1482,0.1388
1387,100,1487,0.1388
1379,99,1478,0.1388
1386,101,1487,0.1388
1397,105,1502,0.1388
1389,107,1496,0.1388
1394,106,1500,0.1388
1378,104,1482,0.1388
1383,105,1488,0.1388
1385,105,1490,0.1388
1389,105,1494,0.1388
1389,107,1496,0.1388
1369,107,1476,0.1388
1381,109,1490,0.1388
1391,109,1500,0.1388
1391,108,1499,0.1388
1391,108,1499,0.1388
1391,108,1499,0.1388
1397,108,1505,0.1388
1403,107,1510,0.1388
1388,107,1495,0.1388
1386,109,1495,0.1388
1397,109,1506,0.1388
1407,109,1516,0.1388
1412,108,1520,0.1388
1405,108,1513,0.1388
1394,108,1502,0.1388
1382,107,1489,0.1388
1380,103,1483,0.1388
1383,106,1489,0.1388
1391,101,1492,0.1388
1400,104,1504,0.1388
1392,106,1498,0.1388
1394,105,1499,0.1388
1387,103,1490,0.1388
1377,106,1483,0.1388
1385,106,1491,0.1388
1382,104,1486,0.1388
1387,108,1495,0.1388
1394,106,1500,0.1388
1401,112,1513,0.1388
1394,109,1503,0.1388
1377,111,1488,0.1388
1395,108,1503,0.1388
1384,106,1490,0.1388
1389,108,1497,0.1388
1383,108,1491,0.1388
1398,106,1504,0.1388
1399,106,1505,0.1388
1396,111,1507,0.1388
1390,110,1500,0.1388
1381,110,1491,0.1388
1378,107,1485,0.1388
1372,111,1483,0.1388
1392,116,1508,0.1388
1382,118,1500,0.1388
1379,116,1495,0.1388
1363,119,1482,0.1388
1369,118,1487,0.1388
1375,116,1491,0.1388
1370,116,1486,0.1388
1364,125,1489,0.1388
1382,125,1507,0.1388
1388,126,1514,0.1388
1388,123,1511,0.1388
1392,125,1517,0.1388
1376,122,1498,0.1388
1371,122,1493,0.1388
1374,120,1494,0.1388
1369,120,1489,0.1388
1372,116,1488,0.1388
1386,115,1501,0.1388
1386,113,1499,0.1388
1402,110,1512,0.1388
1406,112,1518,0.1388
1393,110,1503,0.1388
1390,113,1503,0.1388
1380,110,1490,0.1388
1389,111,1500,0.1388
1393,110,1503,0.1388
1402,110,1512,0.1388
1395,112,1507,0.1388
1404,117,1521,0.1388
1380,118,1498,0.1388
1386,121,1507,0.1388
1380,120,1500,0.1388
1371,115,1486,0.1388
1371,114,1485,0.1388
1376,113,1489,0.1388
1367,112,1479,0.1388
1369,110,1479,0.1388
1359,113,1472,0.1388
1357,117,1474,0.1388
1365,123,1488,0.1388
1376,121,1497,0.1388
1377,122,1499,0.1388
1378,124,1502,0.1388
1380,123,1503,0.1388
1387,125,1512,0.1388
1368,123,1491,0.1388
1359,123,1482,0.1388
1366,128,1494,0.1388
1369,125,1494,0.1388
1368,125,1493,0.1388
1378,126,1504,0.1388
1380,122,1502,0.1388
1385,120,1505,0.1388
1383,121,1504,0.1388
1387,120,1507,0.1388
1382,118,1500,0.1388
1368,122,1490,0.1388
1369,121,1490,0.1388
1367,123,1490,0.1388
1365,128,1493,0.1388
1361,130,1491,0.1388
1374,131,1505,0.1388
1366,127,1493,0.1388
1353,128,1481,0.1388
1356,127,1483,0.1388
1360,126,1486,0.1388
1359,125,1484,0.1388
1364,130,1494,0.1388
1369,131,1500,0.1388
1364,132,1496,0.1388
1383,130,1513,0.1388
1375,130,1505,0.1388
1383,131,1514,0.1388
1393,133,1526,0.1388
1384,131,1515,0.1388
1375,127,1502,0.1388
1368,131,1499,0.1388
1374,130,1504,0.1388
1374,127,1501,0.1388
1377,127,1504,0.1388
1352,128,1480,0.1388
1363,126,1489,0.1388
1365,126,1491,0.1388
1361,124,1485,0.1388
1368,128,1496,0.1388
1367,127,1494,0.1388
1371,122,1493,0.1388
1378,125,1503,0.1388
1377,128,1505,0.1388
1372,122,1494,0.1388
1369,120,1489,0.1388
1369,116,1485,0.1388
1360,116,1476,0.1388
1369,118,1487,0.1388
1377,121,1498,0.1388
1377,120,1497,0.1388
1392,121,1513,0.1388
1383,123,1506,0.1388
1381,127,1508,0.1388
1373,130,1503,0.1388
1368,130,1498,0.1388
1355,131,1486,0.1388
1362,137,1499,0.1388
1360,137,1497,0.1388
1360,138,1498,0.1388
1364,142,1506,0.1388
1349,140,1489,0.1388
1363,140,1503,0.1388
1361,139,1500,0.1388
1367,141,1508,0.1388
1359,145,1504,0.1388
1353,143,1496,0.1388
1358,144,1502,0.1388
1372,144,1516,0.1388
1377,142,1519,0.1388
1366,139,1505,0.1388
1358,137,1495,0.1388
1360,136,1496,0.1388
1354,142,1496,0.1388
1356,140,1496,0.1388
1367,139,1506,0.1388
1352,140,1492,0.1388
1348,143,1491,0.1388
1349,142,1491,0.1388
1351,143,1494,0.1388
1346,148,1494,0.1388
1351,152,1503,0.1388
1338,148,1486,0.1388
1337,151,1488,0.1388
1341,147,1488,0.1388
1342,147,1489,0.1388
1337,147,1484,0.1388
1336,149,1485,0.1388
1346,149,1495,0.1388
1352,147,1499,0.1388
1353,150,1503,0.1388
1347,158,1505,0.1388
1349,158,1507,0.1388
1345,165,1510,0.1388
1338,164,1502,0.1388
1318,163,1481,0.1388
1318,166,1484,0.1388
1325,163,1488,0.1388
1326,160,1486,0.1388
1322,163,1485,0.1388
1318,160,1478,0.1388
1313,161,1474,0.1388
1312,161,1473,0.1388
1329,162,1491,0.1388
1325,166,1491,0.1388
1329,170,1499,0.1388
1326,169,1495,0.1388
1329,171,1500,0.1388
1320,172,1492,0.1388
1327,170,1497,0.1388
1331,171,1502,0.1388
1336,174,1510,0.1388
1337,171,1508,0.1388
1329,173,1502,0.1388
1330,172,1502,0.1388
1335,167,1502,0.1388
1330,166,1496,0.1388
1319,168,1487,0.1388
1311,168,1479,0.1388
1322,176,1498,0.1388
1324,174,1498,0.1388
1329,174,1503,0.1388
1328,175,1503,0.1388
1334,176,1510,0.1388
1329,173,1502,0.1388
1327,172,1499,0.1388
1335,170,1505,0.1388
1341,176,1517,0.1388
1337,175,1512,0.1388
1337,178,1515,0.1388
1336,180,1516,0.1388
1316,180,1496,0.1388
1295,182,1477,0.1388
1301,184,1485,0.1388
1310,184,1494,0.1388
1322,184,1506,0.1388
1333,184,1517,0.1388
1323,187,1510,0.1388
1306,192,1498,0.1388
1306,193,1499,0.1388
1307,192,1499,0.1388
1305,188,1493,0.1388
1309,188,1497,0.1388
1306,191,1497,0.1388
1317,189,1506,0.1388
1313,188,1501,0.1388
1318,182,1500,0.1388
1296,184,1480,0.1388
1297,194,1491,0.1388
1306,188,1494,0.1388
1306,190,1496,0.1388
1303,188,1491,0.1388
1320,194,1514,0.1388
1314,195,1509,0.1388
1320,196,1516,0.1388
1307,200,1507,0.1388
1307,194,1501,0.1388
1328,190,1518,0.1388
1311,189,1500,0.1388
1299,195,1494,0.1388
1294,193,1487,0.1388
1296,200,1496,0.1388
1299,194,1493,0.1388
1297,192,1489,0.1388
1299,199,1498,0.1388
1306,194,1500,0.1388
1300,198,1498,0.1388
1299,196,1495,0.1388
1295,200,1495,0.1388
1279,204,1483,0.1388
1280,204,1484,0.1388
1295,205,1500,0.1388
1285,207,1492,0.1388
1290,204,1494,0.1388
1293,209,1502,0.1388
1286,213,1499,0.1388
1282,206,1488,0.1388
1284,209,1493,0.1388
1292,207,1499,0.1388
1283,208,1491,0.1388
1288,211,1499,0.1388
1297,213,1510,0.1388
1283,212,1495,0.1388
1297,218,1515,0.1388
1279,216,1495,0.1388
1289,215,1504,0.1388
1282,213,1495,0.1388
1286,215,1501,0.1388
1293,207,1500,0.1388
1293,206,1499,0.1388
1297,209,1506,0.1388
1295,209,1504,0.1388
1294,208,1502,0.1388
1278,210,1488,0.1388
1281,211,1492,0.1388
1289,211,1500,0.1388
1280,211,1491,0.1388
1290,215,1505,0.1388
1279,221,1500,0.1388
1285,214,1499,0.1388
1283,209,1492,0.1388
1293,216,1509,0.1388
1297,215,1512,0.1388
1298,215,1513,0.1388
1300,220,1520,0.1388
1308,214,1522,0.1388
1300,214,1514,0.1388
1275,214,1489,0.1388
1278,223,1501,0.1388
1280,218,1498,0.1388
1279,221,1500,0.1388
1269,225,1494,0.1388
1268,221,1489,0.1388
1274,223,1497,0.1388
1262,227,1489,0.1388
1268,229,1497,0.1388
1253,232,1485,0.1388
1259,232,1491,0.1388
1257,235,1492,0.1388
1261,237,1498,0.1388
1273,239,1512,0.1388
1263,244,1507,0.1388
1262,236,1498,0.1388
1253,239,1492,0.1388
1247,246,1493,0.1388
1247,248,1495,0.1388
1230,252,1482,0.1388
1238,249,1487,0.1388
1228,254,1482,0.1388
1234,257,1491,0.1388
1227,268,1495,0.1388
1218,260,1478,0.1388
1212,261,1473,0.1388
1212,273,1485,0.1388
1217,272,1489,0.1388
1218,272,1490,0.1388
1227,271,1498,0.1388
1223,271,1494,0.1388
1219,272,1491,0.1388
1218,275,1493,0.1388
1207,276,1483,0.1388
1193,284,1477,0.1388
1193,287,1480,0.1388
1197,288,1485,0.1388
1213,292,1505,0.1388
1209,290,1499,0.1388
1200,291,1491,0.1388
1194,293,1487,0.1388
1194,296,1490,0.1388
1194,300,1494,0.1388
1188,301,1489,0.1388
1192,293,1485,0.1388
1192,292,1484,0.1388
1194,302,1496,0.1388
1193,307,1500,0.1388
1182,308,1490,0.1388
1184,311,1495,0.1388
1195,313,1508,0.1388
1180,314,1494,0.1388
1189,315,1504,0.1388
1186,316,1502,0.1388
1185,316,1501,0.1388
1186,317,1503,0.1388
1189,315,1504,0.1388
1189,313,1502,0.1388
1195,303,1498,0.1388
1190,312,1502,0.1388
1180,316,1496,0.1388
1165,316,1481,0.1388
1180,317,1497,0.1388
1180,318,1498,0.1388
1184,326,1510,0.1388
1183,329,1512,0.1388
1181,326,1507,0.1388
1196,321,1517,0.1388
1196,327,1523,0.1388
1182,328,1510,0.1388
1187,327,1514,0.1388
1190,328,1518,0.1388
1173,331,1504,0.1388
1168,329,1497,0.1388
1162,330,1492,0.1388
1162,327,1489,0.1388
1157,327,1484,0.1388
1168,326,1494,0.1388
1166,329,1495,0.1388
1168,334,1502,0.1388
1169,337,1506,0.1388
1167,341,1508,0.1388
1164,342,1506,0.1388
1140,347,1487,0.1388
1152,346,1498,0.1388
1159,349,1508,0.1388
1149,354,1503,0.1388
1158,355,1513,0.1388
1149,355,1504,0.1388
1148,354,1502,0.1388
1137,364,1501,0.1388
1130,368,1498,0.1388
1140,367,1507,0.1388
1135,368,1503,0.1388
1130,376,1506,0.1388
1134,375,1509,0.1388
1121,372,1493,0.1388
1117,378,1495,0.1388
1114,378,1492,0.1388
1106,384,1490,0.1388
1102,391,1493,0.1388
1100,392,1492,0.1388
1084,388,1472,0.1388
1086,390,1476,0.1388
1105,391,1496,0.1388
1107,391,1498,0.1388
1102,394,1496,0.1388
1104,388,1492,0.1388
1102,389,1491,0.1388
1111,389,1500,0.1388
1114,390,1504,0.1388
1091,387,1478,0.1388
1091,386,1477,0.1388
1092,385,1477,0.1388
1090,390,1480,0.1388
1089,393,1482,0.1388
1101,397,1498,0.1388
1106,400,1506,0.1388
1112,409,1521,0.1388
1106,406,1512,0.1388
1109,406,1515,0.1388
1105,395,1500,0.1388
1099,401,1500,0.1388
1093,397,1490,0.1388
1099,397,1496,0.1388
1085,397,1482,0.1388
1088,400,1488,0.1388
1093,407,1500,0.1388
1097,411,1508,0.1388
1098,411,1509,0.1388
1094,406,1500,0.1388
1099,405,1504,0.1388
1089,398,1487,0.1388
1081,405,1486,0.1388
1083,413,1496,0.1388
1077,418,1495,0.1388
1073,412,1485,0.1388
1076,405,1481,0.1388
1080,411,1491,0.1388
1087,413,1500,0.1388
1083,415,1498,0.1388
1087,415,1502,0.1388
1074,420,1494,0.1388
1082,419,1501,0.1388
1073,419,1492,0.1388
1065,418,1483,0.1388
1057,417,1474,0.1388
1047,425,1472,0.1388
1052,426,1478,0.1388
1042,434,1476,0.1388
1048,438,1486,0.1388
1054,440,1494,0.1388
1058,445,1503,0.1388
1062,438,1500,0.1388
1071,441,1512,0.1388
1075,442,1517,0.1388
1070,440,1510,0.1388
1078,443,1521,0.1388
1064,448,1512,0.1388
1066,444,1510,0.1388
1064,446,1510,0.1388
1071,435,1506,0.1388
1072,432,1504,0.1388
1071,435,1506,0.1388
1078,427,1505,0.1388
1064,431,1495,0.1388
1063,434,1497,0.1388
1051,432,1483,0.1388
1056,433,1489,0.1388
1054,438,1492,0.1388
1073,440,1513,0.1388
1058,443,1501,0.1388
1063,443,1506,0.1388
1049,437,1486,0.1388
1043,445,1488,0.1388
1038,447,1485,0.1388
1030,449,1479,0.1388
1035,453,1488,0.1388
1041,458,1499,0.1388
1047,456,1503,0.1388
1046,462,1508,0.1388
1039,458,1497,0.1388
1037,455,1492,0.1388
1038,453,1491,0.1388
1032,455,1487,0.1388
1034,458,1492,0.1388
1025,460,1485,0.1388
1013,468,1481,0.1388
1023,467,1490,0.1388
1024,470,1494,0.1388
1025,461,1486,0.1388
1023,464,1487,0.1388
1029,464,1493,0.1388
1021,462,1483,0.1388
1024,461,1485,0.1388
1020,466,1486,0.1388
1028,464,1492,0.1388
1029,469,1498,0.1388
1027,469,1496,0.1388
1023,477,1500,0.1388
1019,475,1494,0.1388
1028,476,1504,0.1388
1031,482,1513,0.1388
1031,473,1504,0.1388
1037,479,1516,0.1388
1037,474,1511,0.1388
1022,460,1482,0.1388
1022,475,1497,0.1388
1021,473,1494,0.1388
1019,474,1493,0.1388
1012,478,1490,0.1388
1010,475,1485,0.1388
1011,478,1489,0.1388
1009,481,1490,0.1388
997,489,1486,0.1388
995,497,1492,0.1388
993,495,1488,0.1388
981,487,1468,0.1388
983,490,1473,0.1388
978,498,1476,0.1388
990,497,1487,0.1388
986,506,1492,0.1388
994,512,1506,0.1388
991,517,1508,0.1388
994,520,1514,0.1388
989,520,1509,0.1388
988,517,1505,0.1388
983,519,1502,0.1388
980,520,1500,0.1388
972,525,1497,0.1388
966,524,1490,0.1388
962,534,1496,0.1388
960,529,1489,0.1388
974,542,1516,0.1388
971,541,1512,0.1388
959,534,1493,0.1388
968,534,1502,0.1388
961,533,1494,0.1388
960,538,1498,0.1388
963,537,1500,0.1388
969,533,1502,0.1388
959,539,1498,0.1388
963,549,1512,0.1388
955,541,1496,0.1388
951,546,1497,0.1388
956,547,1503,0.1388
945,546,1491,0.1388
943,546,1489,0.1388
939,547,1486,0.1388
949,553,1502,0.1388
939,542,1481,0.1388
942,548,1490,0.1388
944,548,1492,0.1388
950,549,1499,0.1388
950,555,1505,0.1388
941,551,1492,0.1388
930,555,1485,0.1388
937,552,1489,0.1388
932,550,1482,0.1388
942,562,1504,0.1388
937,561,1498,0.1388
931,561,1492,0.1388
927,559,1486,0.1388
929,564,1493,0.1388
932,573,1505,0.1388
926,568,1494,0.1388
927,568,1495,0.1388
933,569,1502,0.1388
935,576,1511,0.1388
936,575,1511,0.1388
929,570,1499,0.1388
934,569,1503,0.1388
936,568,1504,0.1388
932,573,1505,0.1388
925,566,1491,0.1388
921,574,1495,0.1388
912,580,1492,0.1388
914,581,1495,0.1388
908,580,1488,0.1388
907,583,1490,0.1388
904,590,1494,0.1388
906,588,1494,0.1388
904,590,1494,0.1388
900,583,1483,0.1388
908,589,1497,0.1388
912,595,1507,0.1388
913,591,1504,0.1388
918,587,1505,0.1388
914,593,1507,0.1388
903,598,1501,0.1388
910,603,1513,0.1388
912,603,1515,0.1388
907,594,1501,0.1388
903,591,1494,0.1388
902,587,1489,0.1388
907,598,1505,0.1388
904,600,1504,0.1388
896,606,1502,0.1388
909,599,1508,0.1388
904,594,1498,0.1388
903,603,1506,0.1388
894,602,1496,0.1388
894,609,1503,0.1388
892,597,1489,0.1388
900,598,1498,0.1388
898,607,1505,0.1388
897,603,1500,0.1388
901,612,1513,0.1388
909,607,1516,0.1388
903,602,1505,0.1388
904,599,1503,0.1388
893,599,1492,0.1388
889,606,1495,0.1388
886,602,1488,0.1388
885,598,1483,0.1388
899,599,1498,0.1388
893,604,1497,0.1388
896,593,1489,0.1388
903,591,1494,0.1388
906,597,1503,0.1388
895,607,1502,0.1388
891,603,1494,0.1388
882,601,1483,0.1388
881,608,1489,0.1388
873,600,1473,0.1388
875,604,1479,0.1388
886,609,1495,0.1388
881,612,1493,0.1388
892,611,1503,0.1388
897,610,1507,0.1388
894,616,1510,0.1388
891,629,1520,0.1388
898,630,1528,0.1388
889,623,1512,0.1388
891,623,1514,0.1388
896,628,1524,0.1388
890,631,1521,0.1388
890,631,1521,0.1388
894,630,1524,0.1388
883,637,1520,0.1388
891,638,1529,0.1388
895,639,1534,0.1388
891,645,1536,0.1388
888,640,1528,0.1388
873,632,1505,0.1388
873,627,1500,0.1388
873,637,1510,0.1388
875,630,1505,0.1388
874,641,1515,0.1388
861,634,1495,0.1388
864,637,1501,0.1388
856,637,1493,0.1388
865,643,1508,0.1388
861,644,1505,0.1388
851,648,1499,0.1388
835,653,1488,0.1388
839,657,1496,0.1388
834,651,1485,0.1388
839,657,1496,0.1388
850,650,1500,0.1388
857,656,1513,0.1388
856,665,1521,0.1388
856,664,1520,0.1388
849,666,1515,0.1388
855,662,1517,0.1388
851,658,1509,0.1388
846,660,1506,0.1388
846,659,1505,0.1388
835,661,1496,0.1388
834,665,1499,0.1388
829,671,1500,0.1388
830,675,1505,0.1388
838,670,1508,0.1388
829,673,1502,0.1388
826,671,1497,0.1388
844,672,1516,0.1388
838,669,1507,0.1388
838,665,1503,0.1388
838,659,1497,0.1388
844,659,1503,0.1388
838,657,1495,0.1388
838,667,1505,0.1388
844,656,1500,0.1388
830,659,1489,0.1388
830,657,1487,0.1388
833,663,1496,0.1388
837,662,1499,0.1388
836,666,1502,0.1388
832,671,1503,0.1388
832,678,1510,0.1388
828,667,1495,0.1388
831,663,1494,0.1388
833,670,1503,0.1388
839,673,1512,0.1388
835,671,1506,0.1388
837,665,1502,0.1388
835,665,1500,0.1388
833,667,1500,0.1388
829,657,1486,0.1388
833,671,1504,0.1388
816,675,1491,0.1388
818,682,1500,0.1388
807,677,1484,0.1388
816,676,1492,0.1388
813,678,1491,0.1388
825,669,1494,0.1388
817,668,1485,0.1388
829,678,1507,0.1388
824,671,1495,0.1388
811,671,1482,0.1388
808,673,1481,0.1388
810,663,1473,0.1388
811,679,1490,0.1388
809,682,1491,0.1388
818,682,1500,0.1388
820,680,1500,0.1388
827,676,1503,0.1388
819,671,1490,0.1388
820,669,1489,0.1388
826,668,1494,0.1388
831,674,1505,0.1388
823,680,1503,0.1388
816,675,1491,0.1388
816,683,1499,0.1388
825,679,1504,0.1388
824,680,1504,0.1388
825,678,1503,0.1388
816,685,1501,0.1388
820,685,1505,0.1388
813,695,1508,0.1388
801,692,1493,0.1388
798,694,1492,0.1388
804,697,1501,0.1388
796,707,1503,0.1388
800,708,1508,0.1388
798,700,1498,0.1388
806,694,1500,0.1388
796,697,1493,0.1388
804,689,1493,0.1388
806,680,1486,0.1388
817,689,1506,0.1388
817,690,1507,0.1388
821,690,1511,0.1388
816,692,1508,0.1388
813,696,1509,0.1388
812,692,1504,0.1388
812,693,1505,0.1388
819,695,1514,0.1388
821,684,1505,0.1388
825,677,1502,0.1388
837,669,1506,0.1388
837,666,1503,0.1388
839,664,1503,0.1388
839,662,1501,0.1388
845,665,1510,0.1388
834,665,1499,0.1388
830,668,1498,0.1388
824,672,1496,0.1388
828,677,1505,0.1388
822,667,1489,0.1388
826,673,1499,0.1388
819,682,1501,0.1388
822,679,1501,0.1388
822,681,1503,0.1388
818,680,1498,0.1388
813,684,1497,0.1388
811,683,1494,0.1388
819,688,1507,0.1388
818,687,1505,0.1388
817,684,1501,0.1388
814,687,1501,0.1388
815,694,1509,0.1388
808,691,1499,0.1388
806,694,1500,0.1388
807,698,1505,0.1388
800,692,1492,0.1388
793,699,1492,0.1388
800,711,1511,0.1388
796,710,1506,0.1388
788,720,1508,0.1388
789,719,1508,0.1388
783,718,1501,0.1388
784,716,1500,0.1388
789,720,1509,0.1388
788,723,1511,0.1388
790,726,1516,0.1388
792,722,1514,0.1388
773,734,1507,0.1388
783,725,1508,0.1388
788,729,1517,0.1388
791,726,1517,0.1388
785,730,1515,0.1388
783,731,1514,0.1388
790,732,1522,0.1388
789,727,1516,0.1388
781,734,1515,0.1388
775,735,1510,0.1388
776,733,1509,0.1388
770,736,1506,0.1388
774,732,1506,0.1388
771,729,1500,0.1388
769,732,1501,0.1388
770,739,1509,0.1388
765,741,1506,0.1388
771,735,1506,0.1388
761,744,1505,0.1388
771,747,1518,0.1388
767,743,1510,0.1388
767,745,1512,0.1388
775,736,1511,0.1388
771,734,1505,0.1388
774,742,1516,0.1388
766,741,1507,0.1388
770,743,1513,0.1388
771,752,1523,0.1388
762,747,1509,0.1388
752,756,1508,0.1388
756,755,1511,0.1388
762,747,1509,0.1388
753,743,1496,0.1388
761,740,1501,0.1388
761,746,1507,0.1388
756,751,1507,0.1388
755,751,1506,0.1388
752,755,1507,0.1388
757,758,1515,0.1388
762,749,1511,0.1388
764,752,1516,0.1388
762,764,1526,0.1388
754,755,1509,0.1388
752,755,1507,0.1388
750,761,1511,0.1388
744,762,1506,0.1388
756,762,1518,0.1388
750,755,1505,0.1388
745,754,1499,0.1388
736,754,1490,0.1388
745,751,1496,0.1388
759,750,1509,0.1388
751,751,1502,0.1388
749,750,1499,0.1388
758,758,1516,0.1388
757,752,1509,0.1388
761,763,1524,0.1388
750,762,1512,0.1388
741,759,1500,0.1388
736,761,1497,0.1388
728,771,1499,0.1388
728,780,1508,0.1388
735,780,1515,0.1388
728,778,1506,0.1388
726,781,1507,0.1388
726,776,1502,0.1388
715,781,1496,0.1388
713,786,1499,0.1388
716,792,1508,0.1388
716,780,1496,0.1388
706,778,1484,0.1388
712,785,1497,0.1388
711,804,1515,0.1388
700,806,1506,0.1388
705,808,1513,0.1388
698,813,1511,0.1388
698,807,1505,0.1388
701,806,1507,0.1388
704,816,1520,0.1388
701,815,1516,0.1388
694,821,1515,0.1388
695,819,1514,0.1388
700,818,1518,0.1388
697,797,1494,0.1388
689,798,1487,0.1388
691,804,1495,0.1388
688,813,1501,0.1388
692,806,1498,0.1388
688,821,1509,0.1388
687,826,1513,0.1388
672,829,1501,0.1388
671,833,1504,0.1388
665,831,1496,0.1388
664,828,1492,0.1388
659,831,1490,0.1388
662,833,1495,0.1388
664,821,1485,0.1388
670,814,1484,0.1388
678,828,1506,0.1388
679,835,1514,0.1388
670,834,1504,0.1388
678,838,1516,0.1388
670,834,1504,0.1388
666,840,1506,0.1388
666,843,1509,0.1388
668,837,1505,0.1388
665,836,1501,0.1388
669,839,1508,0.1388
662,845,1507,0.1388
660,842,1502,0.1388
655,852,1507,0.1388
647,855,1502,0.1388
657,851,1508,0.1388
656,851,1507,0.1388
657,845,1502,0.1388
657,848,1505,0.1388
671,842,1513,0.1388
671,847,1518,0.1388
656,852,1508,0.1388
651,858,1509,0.1388
651,854,1505,0.1388
660,847,1507,0.1388
667,852,1519,0.1388
668,854,1522,0.1388
664,856,1520,0.1388
662,870,1532,0.1388
656,865,1521,0.1388
652,859,1511,0.1388
652,857,1509,0.1388
637,857,1494,0.1388
636,854,1490,0.1388
643,862,1505,0.1388
649,860,1509,0.1388
645,855,1500,0.1388
638,868,1506,0.1388
632,881,1513,0.1388
632,881,1513,0.1388
625,883,1508,0.1388
623,885,1508,0.1388
628,887,1515,0.1388
628,896,1524,0.1388
629,896,1525,0.1388
627,891,1518,0.1388
621,883,1504,0.1388
636,887,1523,0.1388
626,885,1511,0.1388
628,891,1519,0.1388
623,894,1517,0.1388
623,892,1515,0.1388
622,891,1513,0.1388
621,887,1508,0.1388
617,888,1505,0.1388
617,891,1508,0.1388
608,898,1506,0.1388
611,902,1513,0.1388
597,904,1501,0.1388
608,905,1513,0.1388
618,906,1524,0.1388
627,905,1532,0.1388
629,896,1525,0.1388
620,883,1503,0.1388
618,875,1493,0.1388
623,874,1497,0.1388
611,876,1487,0.1388
611,902,1513,0.1388
610,896,1506,0.1388
611,897,1508,0.1388
611,899,1510,0.1388
609,906,1515,0.1388
603,900,1503,0.1388
592,910,1502,0.1388
586,914,1500,0.1388
587,915,1502,0.1388
577,923,1500,0.1388
567,921,1488,0.1388
577,912,1489,0.1388
585,924,1509,0.1388
588,920,1508,0.1388
585,928,1513,0.1388
581,919,1500,0.1388
579,920,1499,0.1388
584,926,1510,0.1388
578,924,1502,0.1388
578,922,1500,0.1388
579,922,1501,0.1388
579,917,1496,0.1388
581,922,1503,0.1388
573,924,1497,0.1388
575,924,1499,0.1388
573,923,1496,0.1388
578,924,1502,0.1388
573,929,1502,0.1388
573,927,1500,0.1388
570,934,1504,0.1388
569,938,1507,0.1388
571,942,1513,0.1388
562,940,1502,0.1388
564,948,1512,0.1388
564,930,1494,0.1388
560,937,1497,0.1388
561,940,1501,0.1388
565,932,1497,0.1388
562,942,1504,0.1388
563,945,1508,0.1388
564,939,1503,0.1388
564,944,1508,0.1388
560,939,1499,0.1388
556,950,1506,0.1388
568,955,1523,0.1388
559,955,1514,0.1388
563,941,1504,0.1388
563,943,1506,0.1388
559,951,1510,0.1388
555,956,1511,0.1388
555,955,1510,0.1388
557,957,1514,0.1388
552,964,1516,0.1388
554,962,1516,0.1388
550,965,1515,0.1388
543,954,1497,0.1388
543,956,1499,0.1388
539,952,1491,0.1388
538,954,1492,0.1388
539,965,1504,0.1388
543,965,1508,0.1388
546,966,1512,0.1388
553,962,1515,0.1388
554,963,1517,0.1388
552,964,1516,0.1388
546,960,1506,0.1388
538,963,1501,0.1388
539,977,1516,0.1388
536,976,1512,0.1388
534,977,1511,0.1388
534,969,1503,0.1388
532,963,1495,0.1388
533,970,1503,0.1388
532,976,1508,0.1388
532,975,1507,0.1388
523,970,1493,0.1388
519,963,1482,0.1388
520,972,1492,0.1388
516,976,1492,0.1388
520,972,1492,0.1388
525,987,1512,0.1388
521,989,1510,0.1388
514,995,1509,0.1388
510,993,1503,0.1388
518,990,1508,0.1388
520,986,1506,0.1388
520,986,1506,0.1388
516,995,1511,0.1388
521,988,1509,0.1388
514,996,1510,0.1388
515,1007,1522,0.1388
508,1007,1515,0.1388
499,1005,1504,0.1388
501,1019,1520,0.1388
500,1008,1508,0.1388
496,1009,1505,0.1388
493,1006,1499,0.1388
498,1015,1513,0.1388
502,990,1492,0.1388
501,992,1493,0.1388
498,1008,1506,0.1388
496,1016,1512,0.1388
497,1016,1513,0.1388
499,1010,1509,0.1388
502,1001,1503,0.1388
501,1010,1511,0.1388
501,1024,1525,0.1388
503,1029,1532,0.1388
499,1025,1524,0.1388
489,1034,1523,0.1388
490,1033,1523,0.1388
485,1038,1523,0.1388
486,1031,1517,0.1388
479,1026,1505,0.1388
478,1020,1498,0.1388
484,1030,1514,0.1388
476,1039,1515,0.1388
477,1047,1524,0.1388
464,1044,1508,0.1388
465,1044,1509,0.1388
465,1042,1507,0.1388
467,1045,1512,0.1388
464,1034,1498,0.1388
463,1036,1499,0.1388
458,1053,1511,0.1388
454,1056,1510,0.1388
452,1067,1519,0.1388
452,1070,1522,0.1388
450,1077,1527,0.1388
450,1070,1520,0.1388
445,1059,1504,0.1388
449,1055,1504,0.1388
443,1062,1505,0.1388
445,1063,1508,0.1388
448,1074,1522,0.1388
448,1060,1508,0.1388
446,1063,1509,0.1388
447,1072,1519,0.1388
450,1071,1521,0.1388
448,1059,1507,0.1388
444,1061,1505,0.1388
442,1062,1504,0.1388
443,1064,1507,0.1388
446,1066,1512,0.1388
436,1066,1502,0.1388
442,1059,1501,0.1388
432,1071,1503,0.1388
434,1078,1512,0.1388
433,1075,1508,0.1388
435,1087,1522,0.1388
441,1096,1537,0.1388
448,1094,1542,0.1388
440,1084,1524,0.1388
433,1079,1512,0.1388
434,1088,1522,0.1388
432,1082,1514,0.1388
427,1090,1517,0.1388
429,1085,1514,0.1388
424,1089,1513,0.1388
411,1097,1508,0.1388
411,1102,1513,0.1388
411,1102,1513,0.1388
410,1094,1504,0.1388
411,1090,1501,0.1388
412,1090,1502,0.1388
407,1095,1502,0.1388
408,1101,1509,0.1388
395,1109,1504,0.1388
393,1112,1505,0.1388
389,1118,1507,0.1388
390,1108,1498,0.1388
395,1111,1506,0.1388
395,1129,1524,0.1388
395,1128,1523,0.1388
387,1132,1519,0.1388
390,1125,1515,0.1388
380,1133,1513,0.1388
380,1120,1500,0.1388
382,1120,1502,0.1388
383,1119,1502,0.1388
384,1120,1504,0.1388
389,1118,1507,0.1388
386,1116,1502,0.1388
389,1120,1509,0.1388
389,1129,1518,0.1388
384,1131,1515,0.1388
384,1127,1511,0.1388
382,1131,1513,0.1388
385,1140,1525,0.1388
381,1127,1508,0.1388
384,1121,1505,0.1388
381,1113,1494,0.1388
385,1112,1497,0.1388
384,1118,1502,0.1388
385,1122,1507,0.1388
378,1124,1502,0.1388
377,1116,1493,0.1388
377,1126,1503,0.1388
377,1127,1504,0.1388
377,1129,1506,0.1388
377,1127,1504,0.1388
377,1136,1513,0.1388
372,1137,1509,0.1388
370,1129,1499,0.1388
366,1140,1506,0.1388
372,1124,1496,0.1388
371,1133,1504,0.1388
375,1145,1520,0.1388
379,1143,1522,0.1388
374,1142,1516,0.1388
368,1136,1504,0.1388
369,1131,1500,0.1388
367,1138,1505,0.1388
368,1132,1500,0.1388
372,1128,1500,0.1388
368,1123,1491,0.1388
370,1127,1497,0.1388
368,1133,1501,0.1388
372,1133,1505,0.1388
369,1148,1517,0.1388
375,1150,1525,0.1388
377,1143,1520,0.1388
376,1151,1527,0.1388
371,1137,1508,0.1388
376,1130,1506,0.1388
364,1139,1503,0.1388
362,1138,1500,0.1388
366,1145,1511,0.1388
363,1152,1515,0.1388
360,1163,1523,0.1388
352,1161,1513,0.1388
356,1152,1508,0.1388
356,1147,1503,0.1388
350,1149,1499,0.1388
352,1161,1513,0.1388
355,1158,1513,0.1388
357,1157,1514,0.1388
357,1155,1512,0.1388
358,1148,1506,0.1388
365,1151,1516,0.1388
361,1163,1524,0.1388
370,1149,1519,0.1388
367,1153,1520,0.1388
366,1151,1517,0.1388
357,1165,1522,0.1388
357,1166,1523,0.1388
361,1157,1518,0.1388
353,1177,1530,0.1388
353,1172,1525,0.1388
338,1170,1508,0.1388
343,1162,1505,0.1388
342,1165,1507,0.1388
343,1178,1521,0.1388
347,1176,1523,0.1388
347,1173,1520,0.1388
350,1172,1522,0.1388
344,1175,1519,0.1388
346,1177,1523,0.1388
339,1168,1507,0.1388
331,1184,1515,0.1388
328,1187,1515,0.1388
331,1186,1517,0.1388
331,1193,1524,0.1388
330,1190,1520,0.1388
326,1185,1511,0.1388
324,1191,1515,0.1388
322,1197,1519,0.1388
323,1195,1518,0.1388
320,1194,1514,0.1388
321,1198,1519,0.1388
317,1189,1506,0.1388
314,1202,1516,0.1388
312,1208,1520,0.1388
309,1203,1512,0.1388
313,1215,1528,0.1388
308,1209,1517,0.1388
308,1214,1522,0.1388
313,1197,1510,0.1388
317,1195,1512,0.1388
316,1199,1515,0.1388
315,1213,1528,0.1388
304,1211,1515,0.1388
305,1201,1506,0.1388
306,1205,1511,0.1388
309,1217,1526,0.1388
312,1209,1521,0.1388
308,1211,1519,0.1388
309,1204,1513,0.1388
311,1218,1529,0.1388
309,1225,1534,0.1388
305,1223,1528,0.1388
301,1221,1522,0.1388
304,1216,1520,0.1388
302,1203,1505,0.1388
299,1207,1506,0.1388
304,1204,1508,0.1388
305,1201,1506,0.1388
304,1204,1508,0.1388
304,1198,1502,0.1388
304,1201,1505,0.1388
307,1208,1515,0.1388
310,1211,1521,0.1388
303,1206,1509,0.1388
309,1201,1510,0.1388
307,1204,1511,0.1388
303,1202,1505,0.1388
304,1206,1510,0.1388
308,1208,1516,0.1388
317,1203,1520,0.1388
319,1199,1518,0.1388
315,1194,1509,0.1388
311,1197,1508,0.1388
316,1198,1514,0.1388
309,1193,1502,0.1388
309,1203,1512,0.1388
308,1206,1514,0.1388
309,1205,1514,0.1388
312,1208,1520,0.1388
307,1200,1507,0.1388
305,1200,1505,0.1388
303,1208,1511,0.1388
301,1207,1508,0.1388
308,1207,1515,0.1388
305,1215,1520,0.1388
298,1211,1509,0.1388
297,1218,1515,0.1388
297,1211,1508,0.1388
296,1212,1508,0.1388
293,1225,1518,0.1388
295,1230,1525,0.1388
288,1231,1519,0.1388
291,1240,1531,0.1388
292,1234,1526,0.1388
294,1228,1522,0.1388
297,1228,1525,0.1388
299,1222,1521,0.1388
298,1221,1519,0.1388
302,1216,1518,0.1388
305,1213,1518,0.1388
304,1212,1516,0.1388
300,1207,1507,0.1388
300,1220,1520,0.1388
301,1213,1514,0.1388
297,1213,1510,0.1388
300,1225,1525,0.1388
298,1230,1528,0.1388
305,1220,1525,0.1388
305,1203,1508,0.1388
303,1202,1505,0.1388
306,1215,1521,0.1388
303,1220,1523,0.1388
303,1212,1515,0.1388
297,1218,1515,0.1388
294,1205,1499,0.1388
301,1208,1509,0.1388
303,1204,1507,0.1388
307,1204,1511,0.1388
301,1209,1510,0.1388
301,1206,1507,0.1388
303,1208,1511,0.1388
298,1216,1514,0.1388
297,1219,1516,0.1388
304,1212,1516,0.1388
309,1215,1524,0.1388
308,1217,1525,0.1388
310,1223,1533,0.1388
308,1208,1516,0.1388
307,1207,1514,0.1388
305,1198,1503,0.1388
311,1209,1520,0.1388
316,1200,1516,0.1388
313,1212,1525,0.1388
313,1213,1526,0.1388
319,1210,1529,0.1388
313,1207,1520,0.1388
304,1210,1514,0.1388
305,1204,1509,0.1388
305,1207,1512,0.1388
309,1222,1531,0.1388
306,1228,1534,0.1388
305,1222,1527,0.1388
308,1206,1514,0.1388
306,1219,1525,0.1388
302,1211,1513,0.1388
301,1204,1505,0.1388
301,1206,1507,0.1388
304,1201,1505,0.1388
302,1205,1507,0.1388
296,1210,1506,0.1388
308,1216,1524,0.1388
306,1206,1512,0.1388
310,1210,1520,0.1388
306,1212,1518,0.1388
306,1220,1526,0.1388
302,1219,1521,0.1388
303,1217,1520,0.1388
301,1213,1514,0.1388
296,1218,1514,0.1388
296,1222,1518,0.1388
297,1212,1509,0.1388
295,1228,1523,0.1388
287,1225,1512,0.1388
291,1212,1503,0.1388
293,1210,1503,0.1388
298,1220,1518,0.1388
293,1219,1512,0.1388
298,1214,1512,0.1388
301,1205,1506,0.1388
296,1204,1500,0.1388
301,1209,1510,0.1388
300,1203,1503,0.1388
301,1208,1509,0.1388
301,1205,1506,0.1388
304,1209,1513,0.1388
299,1196,1495,0.1388
303,1196,1499,0.1388
303,1197,1500,0.1388
308,1201,1509,0.1388
311,1199,1510,0.1388
309,1202,1511,0.1388
315,1200,1515,0.1388
312,1205,1517,0.1388
314,1207,1521,0.1388
313,1197,1510,0.1388
308,1217,1525,0.1388
307,1208,1515,0.1388
308,1206,1514,0.1388
304,1203,1507,0.1388
307,1197,1504,0.1388
301,1204,1505,0.1388
303,1204,1507,0.1388
307,1196,1503,0.1388
301,1206,1507,0.1388
298,1209,1507,0.1388
295,1208,1503,0.1388
293,1203,1496,0.1388
295,1203,1498,0.1388
299,1198,1497,0.1388
304,1209,1513,0.1388
300,1208,1508,0.1388
306,1204,1510,0.1388
306,1209,1515,0.1388
305,1203,1508,0.1388
303,1204,1507,0.1388
298,1202,1500,0.1388
296,1194,1490,0.1388
302,1193,1495,0.1388
301,1194,1495,0.1388
294,1201,1495,0.1388
292,1210,1502,0.1388
292,1223,1515,0.1388
295,1214,1509,0.1388
296,1196,1492,0.1388
297,1204,1501,0.1388
298,1211,1509,0.1388
301,1207,1508,0.1388
297,1213,1510,0.1388
301,1212,1513,0.1388
304,1204,1508,0.1388
305,1210,1515,0.1388
310,1226,1536,0.1388
305,1219,1524,0.1388
300,1221,1521,0.1388
300,1211,1511,0.1388
297,1218,1515,0.1388
297,1210,1507,0.1388
295,1211,1506,0.1388
296,1226,1522,0.1388
294,1213,1507,0.1388
292,1208,1500,0.1388
293,1210,1503,0.1388
293,1219,1512,0.1388
293,1214,1507,0.1388
292,1204,1496,0.1388
295,1193,1488,0.1388
293,1197,1490,0.1388
292,1204,1496,0.1388
287,1203,1490,0.1388
281,1212,1493,0.1388
280,1223,1503,0.1388
284,1219,1503,0.1388
286,1205,1491,0.1388
292,1212,1504,0.1388
287,1215,1502,0.1388
288,1212,1500,0.1388
283,1212,1495,0.1388
288,1217,1505,0.1388
290,1213,1503,0.1388
292,1217,1509,0.1388
290,1219,1509,0.1388
294,1221,1515,0.1388
294,1220,1514,0.1388
297,1222,1519,0.1388
291,1229,1520,0.1388
293,1233,1526,0.1388
292,1224,1516,0.1388
291,1215,1506,0.1388
293,1207,1500,0.1388
289,1223,1512,0.1388
289,1220,1509,0.1388
289,1225,1514,0.1388
284,1228,1512,0.1388
288,1217,1505,0.1388
289,1229,1518,0.1388
285,1233,1518,0.1388
286,1232,1518,0.1388
281,1235,1516,0.1388
282,1243,1525,0.1388
278,1249,1527,0.1388
273,1245,1518,0.1388
272,1242,1514,0.1388
272,1238,1510,0.1388
268,1237,1505,0.1388
262,1251,1513,0.1388
262,1256,1518,0.1388
263,1244,1507,0.1388
263,1239,1502,0.1388
264,1245,1509,0.1388
261,1243,1504,0.1388
258,1251,1509,0.1388
263,1246,1509,0.1388
264,1250,1514,0.1388
263,1252,1515,0.1388
263,1250,1513,0.1388
265,1263,1528,0.1388
263,1257,1520,0.1388
261,1251,1512,0.1388
262,1253,1515,0.1388
255,1251,1506,0.1388
256,1261,1517,0.1388
252,1262,1514,0.1388
249,1261,1510,0.1388
242,1270,1512,0.1388
241,1274,1515,0.1388
239,1274,1513,0.1388
234,1279,1513,0.1388
235,1282,1517,0.1388
230,1281,1511,0.1388
235,1284,1519,0.1388
234,1281,1515,0.1388
231,1273,1504,0.1388
231,1278,1509,0.1388
236,1262,1498,0.1388
237,1279,1516,0.1388
237,1282,1519,0.1388
238,1273,1511,0.1388
239,1266,1505,0.1388
244,1264,1508,0.1388
241,1271,1512,0.1388
234,1275,1509,0.1388
237,1267,1504,0.1388
234,1265,1499,0.1388
238,1262,1500,0.1388
236,1279,1515,0.1388
237,1271,1508,0.1388
233,1269,1502,0.1388
228,1271,1499,0.1388
232,1274,1506,0.1388
234,1277,1511,0.1388
229,1264,1493,0.1388
228,1274,1502,0.1388
232,1270,1502,0.1388
233,1272,1505,0.1388
235,1270,1505,0.1388
229,1272,1501,0.1388
228,1271,1499,0.1388
224,1282,1506,0.1388
227,1276,1503,0.1388
227,1268,1495,0.1388
228,1261,1489,0.1388
230,1272,1502,0.1388
225,1290,1515,0.1388
225,1293,1518,0.1388
225,1281,1506,0.1388
227,1297,1524,0.1388
219,1294,1513,0.1388
222,1295,1517,0.1388
225,1294,1519,0.1388
225,1288,1513,0.1388
225,1289,1514,0.1388
232,1293,1525,0.1388
225,1287,1512,0.1388
229,1288,1517,0.1388
228,1289,1517,0.1388
229,1288,1517,0.1388
222,1279,1501,0.1388
219,1286,1505,0.1388
224,1285,1509,0.1388
229,1293,1522,0.1388
225,1299,1524,0.1388
224,1297,1521,0.1388
222,1300,1522,0.1388
220,1295,1515,0.1388
218,1306,1524,0.1388
218,1304,1522,0.1388
218,1300,1518,0.1388
218,1303,1521,0.1388
208,1296,1504,0.1388
211,1291,1502,0.1388
214,1294,1508,0.1388
212,1296,1508,0.1388
218,1298,1516,0.1388
217,1281,1498,0.1388
215,1286,1501,0.1388
212,1294,1506,0.1388
211,1306,1517,0.1388
212,1302,1514,0.1388
207,1298,1505,0.1388
211,1291,1502,0.1388
207,1304,1511,0.1388
205,1300,1505,0.1388
213,1293,1506,0.1388
206,1290,1496,0.1388
204,1297,1501,0.1388
205,1316,1521,0.1388
205,1316,1521,0.1388
203,1311,1514,0.1388
207,1324,1531,0.1388
201,1304,1505,0.1388
207,1304,1511,0.1388
211,1310,1521,0.1388
207,1303,1510,0.1388
207,1295,1502,0.1388
207,1292,1499,0.1388
205,1292,1497,0.1388
211,1296,1507,0.1388
210,1292,1502,0.1388
208,1293,1501,0.1388
204,1302,1506,0.1388
204,1311,1515,0.1388
204,1302,1506,0.1388
203,1320,1523,0.1388
204,1327,1531,0.1388
202,1324,1526,0.1388
202,1322,1524,0.1388
199,1327,1526,0.1388
192,1331,1523,0.1388
191,1330,1521,0.1388
188,1329,1517,0.1388
192,1322,1514,0.1388
187,1317,1504,0.1388
186,1331,1517,0.1388
188,1322,1510,0.1388
192,1325,1517,0.1388
195,1321,1516,0.1388
195,1328,1523,0.1388
197,1326,1523,0.1388
194,1337,1531,0.1388
194,1337,1531,0.1388
195,1333,1528,0.1388
190,1341,1531,0.1388
188,1331,1519,0.1388
187,1333,1520,0.1388
185,1330,1515,0.1388
187,1337,1524,0.1388
185,1330,1515,0.1388
190,1321,1511,0.1388
188,1328,1516,0.1388
187,1321,1508,0.1388
190,1325,1515,0.1388
182,1317,1499,0.1388
184,1327,1511,0.1388
187,1323,1510,0.1388
187,1319,1506,0.1388
190,1329,1519,0.1388
186,1329,1515,0.1388
184,1323,1507,0.1388
187,1324,1511,0.1388
186,1336,1522,0.1388
183,1329,1512,0.1388
184,1321,1505,0.1388
179,1315,1494,0.1388
185,1316,1501,0.1388
184,1328,1512,0.1388
186,1338,1524,0.1388
187,1339,1526,0.1388
187,1340,1527,0.1388
185,1340,1525,0.1388
181,1343,1524,0.1388
177,1338,1515,0.1388
177,1343,1520,0.1388
170,1346,1516,0.1388
174,1349,1523,0.1388
173,1339,1512,0.1388
173,1343,1516,0.1388
171,1335,1506,0.1388
171,1343,1514,0.1388
169,1352,1521,0.1388
169,1339,1508,0.1388
167,1339,1506,0.1388
168,1331,1499,0.1388
171,1338,1509,0.1388
165,1330,1495,0.1388
167,1324,1491,0.1388
168,1326,1494,0.1388
167,1345,1512,0.1388
166,1346,1512,0.1388
166,1352,1518,0.1388
170,1344,1514,0.1388
165,1356,1521,0.1388
168,1351,1519,0.1388
168,1343,1511,0.1388
169,1341,1510,0.1388
175,1335,1510,0.1388
172,1329,1501,0.1388
173,1317,1490,0.1388
176,1332,1508,0.1388
178,1342,1520,0.1388
177,1342,1519,0.1388
177,1350,1527,0.1388
176,1346,1522,0.1388
169,1335,1504,0.1388
172,1342,1514,0.1388
172,1345,1517,0.1388
169,1347,1516,0.1388
164,1351,1515,0.1388
165,1351,1516,0.1388
163,1340,1503,0.1388
165,1353,1518,0.1388
166,1362,1528,0.1388
164,1348,1512,0.1388
164,1348,1512,0.1388
163,1354,1517,0.1388
166,1355,1521,0.1388
160,1355,1515,0.1388
159,1336,1495,0.1388
162,1350,1512,0.1388
162,1353,1515,0.1388
160,1352,1512,0.1388
162,1355,1517,0.1388
163,1345,1508,0.1388
161,1343,1504,0.1388
160,1342,1502,0.1388
163,1339,1502,0.1388
164,1344,1508,0.1388
167,1350,1517,0.1388
165,1352,1517,0.1388
163,1351,1514,0.1388
161,1358,1519,0.1388
164,1363,1527,0.1388
164,1354,1518,0.1388
162,1360,1522,0.1388
158,1361,1519,0.1388
156,1347,1503,0.1388
157,1337,1494,0.1388
157,1351,1508,0.1388
151,1358,1509,0.1388
151,1353,1504,0.1388
150,1348,1498,0.1388
154,1349,1503,0.1388
153,1352,1505,0.1388
151,1360,1511,0.1388
150,1362,1512,0.1388
148,1373,1521,0.1388
150,1362,1512,0.1388
152,1357,1509,0.1388
152,1357,1509,0.1388
156,1359,1515,0.1388
155,1364,1519,0.1388
154,1375,1529,0.1388
155,1374,1529,0.1388
156,1363,1519,0.1388
154,1367,1521,0.1388
153,1368,1521,0.1388
156,1370,1526,0.1388
155,1365,1520,0.1388
157,1370,1527,0.1388
156,1373,1529,0.1388
159,1359,1518,0.1388
154,1358,1512,0.1388
157,1360,1517,0.1388
159,1364,1523,0.1388
158,1365,1523,0.1388
158,1362,1520,0.1388
156,1359,1515,0.1388
154,1367,1521,0.1388
154,1365,1519,0.1388
149,1373,1522,0.1388
148,1365,1513,0.1388
149,1381,1530,0.1388
152,1379,1531,0.1388
146,1376,1522,0.1388
147,1368,1515,0.1388
147,1366,1513,0.1388
150,1370,1520,0.1388
148,1363,1511,0.1388
150,1383,1533,0.1388
149,1378,1527,0.1388
146,1370,1516,0.1388
145,1361,1506,0.1388
147,1362,1509,0.1388
145,1365,1510,0.1388
142,1371,1513,0.1388
145,1376,1521,0.1388
147,1377,1524,0.1388
144,1361,1505,0.1388
144,1361,1505,0.1388
145,1375,1520,0.1388
144,1361,1505,0.1388
144,1366,1510,0.1388
142,1377,1519,0.1388
142,1378,1520,0.1388
145,1370,1515,0.1388
144,1366,1510,0.1388
146,1369,1515,0.1388
143,1381,1524,0.1388
139,1380,1519,0.1388
140,1398,1538,0.1388
143,1402,1545,0.1388
142,1385,1527,0.1388
143,1384,1527,0.1388
143,1387,1530,0.1388
141,1388,1529,0.1388
143,1374,1517,0.1388
142,1361,1503,0.1388
135,1368,1503,0.1388
141,1357,1498,0.1388
141,1370,1511,0.1388
143,1366,1509,0.1388
140,1365,1505,0.1388
143,1359,1502,0.1388
143,1356,1499,0.1388
142,1352,1494,0.1388
142,1363,1505,0.1388
139,1371,1510,0.1388
142,1372,1514,0.1388
138,1374,1512,0.1388
139,1381,1520,0.1388
139,1377,1516,0.1388
143,1379,1522,0.1388
144,1376,1520,0.1388
141,1368,1509,0.1388
137,1374,1511,0.1388
137,1380,1517,0.1388
138,1378,1516,0.1388
136,1380,1516,0.1388
133,1373,1506,0.1388
137,1377,1514,0.1388
139,1378,1517,0.1388
143,1372,1515,0.1388
138,1371,1509,0.1388
135,1375,1510,0.1388
140,1370,1510,0.1388
138,1372,1510,0.1388
142,1371,1513,0.1388
145,1381,1526,0.1388
144,1374,1518,0.1388
147,1375,1522,0.1388
145,1370,1515,0.1388
149,1369,1518,0.1388
149,1361,1510,0.1388
145,1364,1509,0.1388
147,1373,1520,0.1388
140,1373,1513,0.1388
138,1369,1507,0.1388
139,1375,1514,0.1388
142,1366,1508,0.1388
148,1362,1510,0.1388
146,1356,1502,0.1388
146,1355,1501,0.1388
146,1356,1502,0.1388
148,1354,1502,0.1388
148,1360,1508,0.1388
150,1363,1513,0.1388
148,1350,1498,0.1388
152,1367,1519,0.1388
153,1370,1523,0.1388
152,1371,1523,0.1388
149,1369,1518,0.1388
149,1370,1519,0.1388
148,1364,1512,0.1388
146,1368,1514,0.1388
146,1372,1518,0.1388
145,1372,1517,0.1388
143,1376,1519,0.1388
142,1370,1512,0.1388
141,1372,1513,0.1388
138,1369,1507,0.1388
139,1354,1493,0.1388
138,1355,1493,0.1388
138,1360,1498,0.1388
143,1347,1490,0.1388
145,1357,1502,0.1388
142,1385,1527,0.1388
144,1378,1522,0.1388
144,1386,1530,0.1388
143,1385,1528,0.1388
147,1371,1518,0.1388
145,1377,1522,0.1388
146,1376,1522,0.1388
144,1379,1523,0.1388
138,1384,1522,0.1388
142,1378,1520,0.1388
140,1376,1516,0.1388
141,1371,1512,0.1388
142,1379,1521,0.1388
143,1375,1518,0.1388
140,1373,1513,0.1388
138,1365,1503,0.1388
140,1375,1515,0.1388
141,1376,1517,0.1388
143,1380,1523,0.1388
147,1375,1522,0.1388
145,1371,1516,0.1388
151,1365,1516,0.1388
150,1357,1507,0.1388
155,1353,1508,0.1388
151,1359,1510,0.1388
153,1364,1517,0.1388
153,1363,1516,0.1388
148,1358,1506,0.1388
146,1355,1501,0.1388
142,1373,1515,0.1388
143,1379,1522,0.1388
141,1368,1509,0.1388
140,1372,1512,0.1388
139,1361,1500,0.1388
142,1372,1514,0.1388
141,1383,1524,0.1388
141,1378,1519,0.1388
142,1377,1519,0.1388
143,1380,1523,0.1388
141,1391,1532,0.1388
140,1396,1536,0.1388
136,1396,1532,0.1388
138,1393,1531,0.1388
139,1372,1511,0.1388
138,1369,1507,0.1388
138,1385,1523,0.1388
138,1379,1517,0.1388
134,1373,1507,0.1388
133,1380,1513,0.1388
135,1389,1524,0.1388
132,1388,1520,0.1388
134,1399,1533,0.1388
133,1383,1516,0.1388
133,1383,1516,0.1388
137,1372,1509,0.1388
138,1377,1515,0.1388
136,1376,1512,0.1388
134,1385,1519,0.1388
139,1385,1524,0.1388
136,1381,1517,0.1388
139,1386,1525,0.1388
136,1385,1521,0.1388
137,1378,1515,0.1388
140,1373,1513,0.1388
144,1376,1520,0.1388
145,1382,1527,0.1388
146,1368,1514,0.1388
141,1374,1515,0.1388
140,1373,1513,0.1388
137,1387,1524,0.1388
138,1380,1518,0.1388
137,1379,1516,0.1388
136,1387,1523,0.1388
135,1392,1527,0.1388
134,1404,1538,0.1388
133,1399,1532,0.1388
133,1395,1528,0.1388
134,1381,1515,0.1388
132,1383,1515,0.1388
134,1390,1524,0.1388
133,1384,1517,0.1388
136,1381,1517,0.1388
137,1374,1511,0.1388
137,1381,1518,0.1388
136,1371,1507,0.1388
136,1377,1513,0.1388
132,1369,1501,0.1388
133,1376,1509,0.1388
134,1386,1520,0.1388
136,1384,1520,0.1388
137,1388,1525,0.1388
142,1380,1522,0.1388
140,1377,1517,0.1388
141,1387,1528,0.1388
142,1381,1523,0.1388
144,1363,1507,0.1388
143,1367,1510,0.1388
142,1375,1517,0.1388
141,1372,1513,0.1388
141,1369,1510,0.1388
143,1382,1525,0.1388
137,1372,1509,0.1388
139,1376,1515,0.1388
140,1388,1528,0.1388
140,1377,1517,0.1388
141,1369,1510,0.1388
139,1364,1503,0.1388
136,1361,1497,0.1388
133,1361,1494,0.1388
135,1373,1508,0.1388
134,1379,1513,0.1388
137,1390,1527,0.1388
139,1385,1524,0.1388
136,1371,1507,0.1388
138,1381,1519,0.1388
137,1374,1511,0.1388
137,1365,1502,0.1388
137,1364,1501,0.1388
133,1368,1501,0.1388
136,1365,1501,0.1388
139,1370,1509,0.1388
139,1365,1504,0.1388
141,1367,1508,0.1388
141,1361,1502,0.1388
139,1354,1493,0.1388
141,1367,1508,0.1388
145,1365,1510,0.1388
148,1372,1520,0.1388
148,1384,1532,0.1388
142,1381,1523,0.1388
143,1383,1526,0.1388
144,1381,1525,0.1388
140,1382,1522,0.1388
140,1364,1504,0.1388
147,1371,1518,0.1388
148,1376,1524,0.1388
147,1373,1520,0.1388
146,1377,1523,0.1388
145,1377,1522,0.1388
144,1379,1523,0.1388
142,1366,1508,0.1388
139,1365,1504,0.1388
138,1367,1505,0.1388
143,1364,1507,0.1388
143,1380,1523,0.1388
141,1384,1525,0.1388
144,1386,1530,0.1388
142,1389,1531,0.1388
135,1393,1528,0.1388
135,1388,1523,0.1388
135,1396,1531,0.1388
133,1388,1521,0.1388
136,1375,1511,0.1388
132,1374,1506,0.1388
126,1379,1505,0.1388
126,1378,1504,0.1388
128,1380,1508,0.1388
125,1380,1505,0.1388
129,1394,1523,0.1388
128,1389,1517,0.1388
126,1384,1510,0.1388
127,1381,1508,0.1388
123,1384,1507,0.1388
127,1390,1517,0.1388
129,1391,1520,0.1388
129,1386,1515,0.1388
132,1382,1514,0.1388
130,1382,1512,0.1388
132,1382,1514,0.1388
129,1383,1512,0.1388
128,1385,1513,0.1388
128,1388,1516,0.1388
128,1375,1503,0.1388
126,1385,1511,0.1388
126,1384,1510,0.1388
130,1387,1517,0.1388
126,1384,1510,0.1388
124,1387,1511,0.1388
125,1376,1501,0.1388
125,1383,1508,0.1388
124,1394,1518,0.1388
122,1391,1513,0.1388
118,1395,1513,0.1388
122,1389,1511,0.1388
123,1379,1502,0.1388
123,1390,1513,0.1388
126,1378,1504,0.1388
126,1377,1503,0.1388
124,1382,1506,0.1388
125,1384,1509,0.1388
128,1392,1520,0.1388
130,1396,1526,0.1388
129,1389,1518,0.1388
126,1395,1521,0.1388
122,1389,1511,0.1388
117,1396,1513,0.1388
120,1392,1512,0.1388
124,1394,1518,0.1388
126,1389,1515,0.1388
126,1407,1533,0.1388
130,1396,1526,0.1388
130,1381,1511,0.1388
131,1391,1522,0.1388
126,1392,1518,0.1388
121,1378,1499,0.1388
117,1381,1498,0.1388
125,1385,1510,0.1388
124,1388,1512,0.1388
124,1392,1516,0.1388
126,1391,1517,0.1388
131,1382,1513,0.1388
132,1386,1518,0.1388
131,1381,1512,0.1388
133,1376,1509,0.1388
135,1368,1503,0.1388
134,1384,1518,0.1388
131,1378,1509,0.1388
134,1380,1514,0.1388
132,1390,1522,0.1388
133,1386,1519,0.1388
132,1389,1521,0.1388
130,1392,1522,0.1388
127,1393,1520,0.1388
126,1382,1508,0.1388
131,1386,1517,0.1388
130,1392,1522,0.1388
128,1391,1519,0.1388
131,1395,1526,0.1388
129,1402,1531,0.1388
128,1392,1520,0.1388
126,1403,1529,0.1388
125,1395,1520,0.1388
120,1391,1511,0.1388
119,1391,1510,0.1388
117,1399,1516,0.1388
119,1386,1505,0.1388
115,1392,1507,0.1388
116,1380,1496,0.1388
116,1384,1500,0.1388
115,1397,1512,0.1388
114,1393,1507,0.1388
116,1387,1503,0.1388
116,1397,1513,0.1388
115,1405,1520,0.1388
115,1414,1529,0.1388
109,1410,1519,0.1388
112,1404,1516,0.1388
109,1412,1521,0.1388
111,1400,1511,0.1388
115,1399,1514,0.1388
114,1405,1519,0.1388
113,1405,1518,0.1388
109,1396,1505,0.1388
111,1397,1508,0.1388
108,1398,1506,0.1388
105,1405,1510,0.1388
105,1411,1516,0.1388
107,1406,1513,0.1388
105,1419,1524,0.1388
104,1410,1514,0.1388
104,1409,1513,0.1388
100,1403,1503,0.1388
96,1403,1499,0.1388
92,1400,1492,0.1388
95,1415,1510,0.1388
97,1415,1512,0.1388
99,1418,1517,0.1388
101,1417,1518,0.1388
97,1418,1515,0.1388
100,1414,1514,0.1388
97,1411,1508,0.1388
98,1413,1511,0.1388
98,1420,1518,0.1388
94,1411,1505,0.1388
93,1420,1513,0.1388
98,1416,1514,0.1388
94,1412,1506,0.1388
94,1403,1497,0.1388
94,1415,1509,0.1388
93,1417,1510,0.1388
96,1417,1513,0.1388
92,1426,1518,0.1388
91,1423,1514,0.1388
93,1415,1508,0.1388
92,1426,1518,0.1388
92,1421,1513,0.1388
93,1423,1516,0.1388
90,1423,1513,0.1388
95,1431,1526,0.1388
95,1428,1523,0.1388
94,1428,1522,0.1388
92,1428,1520,0.1388
92,1429,1521,0.1388
92,1416,1508,0.1388
93,1435,1528,0.1388
91,1414,1505,0.1388
89,1427,1516,0.1388
89,1430,1519,0.1388
88,1428,1516,0.1388
89,1422,1511,0.1388
89,1422,1511,0.1388
87,1436,1523,0.1388
86,1425,1511,0.1388
85,1433,1518,0.1388
84,1433,1517,0.1388
85,1426,1511,0.1388
84,1443,1527,0.1388
84,1431,1515,0.1388
83,1447,1530,0.1388
79,1443,1522,0.1388
78,1443,1521,0.1388
82,1454,1536,0.1388
81,1457,1538,0.1388
81,1442,1523,0.1388
81,1437,1518,0.1388
81,1442,1523,0.1388
81,1436,1517,0.1388
83,1440,1523,0.1388
78,1443,1521,0.1388
83,1427,1510,0.1388
81,1423,1504,0.1388
80,1430,1510,0.1388
75,1431,1506,0.1388
74,1422,1496,0.1388
74,1444,1518,0.1388
74,1443,1517,0.1388
73,1441,1514,0.1388
73,1436,1509,0.1388
72,1436,1508,0.1388
70,1438,1508,0.1388
73,1423,1496,0.1388
74,1440,1514,0.1388
75,1437,1512,0.1388
69,1448,1517,0.1388
72,1440,1512,0.1388
77,1438,1515,0.1388
75,1434,1509,0.1388
73,1434,1507,0.1388
75,1441,1516,0.1388
76,1444,1520,0.1388
73,1440,1513,0.1388
74,1427,1501,0.1388
77,1440,1517,0.1388
77,1434,1511,0.1388
78,1433,1511,0.1388
80,1442,1522,0.1388
82,1435,1517,0.1388
82,1423,1505,0.1388
81,1437,1518,0.1388
83,1430,1513,0.1388
84,1438,1522,0.1388
78,1430,1508,0.1388
81,1432,1513,0.1388
79,1438,1517,0.1388
78,1429,1507,0.1388
78,1428,1506,0.1388
78,1435,1513,0.1388
79,1442,1521,0.1388
82,1434,1516,0.1388
83,1431,1514,0.1388
84,1438,1522,0.1388
83,1428,1511,0.1388
84,1419,1503,0.1388
85,1423,1508,0.1388
85,1425,1510,0.1388
84,1432,1516,0.1388
83,1429,1512,0.1388
84,1418,1502,0.1388
83,1430,1513,0.1388
82,1428,1510,0.1388
83,1427,1510,0.1388
83,1419,1502,0.1388
81,1437,1518,0.1388
81,1423,1504,0.1388
78,1429,1507,0.1388
79,1437,1516,0.1388
76,1445,1521,0.1388
74,1431,1505,0.1388
74,1436,1510,0.1388
74,1436,1510,0.1388
74,1443,1517,0.1388
74,1444,1518,0.1388
73,1436,1509,0.1388
73,1439,1512,0.1388
73,1438,1511,0.1388
72,1443,1515,0.1388
70,1443,1513,0.1388
71,1445,1516,0.1388
71,1441,1512,0.1388
69,1443,1512,0.1388
69,1439,1508,0.1388
69,1449,1518,0.1388
69,1444,1513,0.1388
67,1439,1506,0.1388
65,1449,1514,0.1388
63,1466,1529,0.1388
60,1448,1508,0.1388
66,1452,1518,0.1388
67,1455,1522,0.1388
66,1450,1516,0.1388
64,1460,1524,0.1388
64,1449,1513,0.1388
65,1446,1511,0.1388
64,1445,1509,0.1388
66,1449,1515,0.1388
65,1443,1508,0.1388
67,1460,1527,0.1388
67,1453,1520,0.1388
64,1454,1518,0.1388
65,1453,1518,0.1388
64,1460,1524,0.1388
59,1449,1508,0.1388
62,1452,1514,0.1388
63,1455,1518,0.1388
62,1457,1519,0.1388
60,1457,1517,0.1388
64,1459,1523,0.1388
63,1440,1503,0.1388
63,1458,1521,0.1388
61,1449,1510,0.1388
61,1455,1516,0.1388
61,1453,1514,0.1388
64,1463,1527,0.1388
64,1450,1514,0.1388
63,1451,1514,0.1388
61,1453,1514,0.1388
60,1456,1516,0.1388
62,1449,1511,0.1388
62,1446,1508,0.1388
61,1446,1507,0.1388
60,1463,1523,0.1388
59,1455,1514,0.1388
62,1456,1518,0.1388
59,1470,1529,0.1388
60,1459,1519,0.1388
60,1460,1520,0.1388
61,1459,1520,0.1388
58,1462,1520,0.1388
59,1448,1507,0.1388
60,1439,1499,0.1388
58,1443,1501,0.1388
58,1460,1518,0.1388
58,1450,1508,0.1388
57,1453,1510,0.1388
57,1452,1509,0.1388
57,1451,1508,0.1388
56,1451,1507,0.1388
56,1447,1503,0.1388
55,1460,1515,0.1388
53,1469,1522,0.1388
57,1471,1528,0.1388
56,1467,1523,0.1388
57,1449,1506,0.1388
57,1447,1504,0.1388
56,1448,1504,0.1388
55,1460,1515,0.1388
53,1456,1509,0.1388
53,1464,1517,0.1388
55,1455,1510,0.1388
53,1459,1512,0.1388
52,1445,1497,0.1388
51,1452,1503,0.1388
52,1451,1503,0.1388
53,1462,1515,0.1388
53,1465,1518,0.1388
50,1464,1514,0.1388
49,1471,1520,0.1388
49,1477,1526,0.1388
51,1474,1525,0.1388
51,1465,1516,0.1388
51,1462,1513,0.1388
51,1459,1510,0.1388
49,1449,1498,0.1388
51,1450,1501,0.1388
51,1449,1500,0.1388
52,1450,1502,0.1388
52,1469,1521,0.1388
50,1475,1525,0.1388
52,1472,1524,0.1388
52,1471,1523,0.1388
49,1465,1514,0.1388
52,1461,1513,0.1388
51,1456,1507,0.1388
52,1462,1514,0.1388
51,1459,1510,0.1388
50,1473,1523,0.1388
51,1467,1518,0.1388
50,1466,1516,0.1388
49,1480,1529,0.1388
53,1473,1526,0.1388
53,1474,1527,0.1388
53,1460,1513,0.1388
51,1481,1532,0.1388
51,1472,1523,0.1388
50,1471,1521,0.1388
53,1475,1528,0.1388
52,1471,1523,0.1388
52,1466,1518,0.1388
52,1459,1511,0.1388
53,1459,1512,0.1388
53,1469,1522,0.1388
51,1476,1527,0.1388
51,1465,1516,0.1388
51,1468,1519,0.1388
49,1473,1522,0.1388
49,1469,1518,0.1388
50,1480,1530,0.1388
51,1468,1519,0.1388
50,1472,1522,0.1388
47,1465,1512,0.1388
49,1459,1508,0.1388
47,1458,1505,0.1388
50,1463,1513,0.1388
51,1447,1498,0.1388
52,1460,1512,0.1388
53,1467,1520,0.1388
53,1464,1517,0.1388
54,1458,1512,0.1388
52,1465,1517,0.1388
53,1466,1519,0.1388
55,1469,1524,0.1388
55,1480,1535,0.1388
54,1475,1529,0.1388
53,1477,1530,0.1388
50,1451,1501,0.1388
49,1437,1486,0.1388
49,1446,1495,0.1388
53,1452,1505,0.1388
52,1467,1519,0.1388
52,1467,1519,0.1388
49,1453,1502,0.1388
49,1467,1516,0.1388
52,1478,1530,0.1388
54,1476,1530,0.1388
53,1469,1522,0.1388
54,1471,1525,0.1388
55,1471,1526,0.1388
55,1465,1520,0.1388
55,1462,1517,0.1388
56,1457,1513,0.1388
56,1461,1517,0.1388
56,1467,1523,0.1388
56,1466,1522,0.1388
56,1458,1514,0.1388
55,1469,1524,0.1388
54,1461,1515,0.1388
53,1460,1513,0.1388
53,1461,1514,0.1388
55,1460,1515,0.1388
55,1462,1517,0.1388
55,1455,1510,0.1388
53,1455,1508,0.1388
54,1449,1503,0.1388
52,1471,1523,0.1388
54,1469,1523,0.1388
55,1460,1515,0.1388
53,1456,1509,0.1388
52,1463,1515,0.1388
52,1474,1526,0.1388
54,1465,1519,0.1388
53,1469,1522,0.1388
52,1476,1528,0.1388
51,1478,1529,0.1388
50,1480,1530,0.1388
52,1477,1529,0.1388
49,1472,1521,0.1388
50,1476,1526,0.1388
48,1468,1516,0.1388
48,1469,1517,0.1388
50,1471,1521,0.1388
48,1480,1528,0.1388
49,1476,1525,0.1388
49,1478,1527,0.1388
49,1466,1515,0.1388
49,1464,1513,0.1388
48,1463,1511,0.1388
49,1460,1509,0.1388
48,1464,1512,0.1388
47,1463,1510,0.1388
48,1464,1512,0.1388
48,1462,1510,0.1388
45,1465,1510,0.1388
44,1450,1494,0.1388
44,1451,1495,0.1388
45,1444,1489,0.1388
46,1455,1501,0.1388
49,1451,1500,0.1388
50,1458,1508,0.1388
49,1465,1514,0.1388
47,1459,1506,0.1388
52,1464,1516,0.1388
52,1461,1513,0.1388
53,1458,1511,0.1388
52,1460,1512,0.1388
53,1457,1510,0.1388
54,1470,1524,0.1388
54,1466,1520,0.1388
53,1465,1518,0.1388
52,1453,1505,0.1388
53,1445,1498,0.1388
55,1439,1494,0.1388
55,1456,1511,0.1388
57,1458,1515,0.1388
56,1450,1506,0.1388
58,1444,1502,0.1388
55,1474,1529,0.1388
55,1458,1513,0.1388
53,1471,1524,0.1388
51,1464,1515,0.1388
51,1472,1523,0.1388
49,1481,1530,0.1388
49,1474,1523,0.1388
48,1471,1519,0.1388
49,1481,1530,0.1388
48,1478,1526,0.1388
49,1480,1529,0.1388
49,1481,1530,0.1388
50,1481,1531,0.1388
49,1479,1528,0.1388
48,1473,1521,0.1388
49,1475,1524,0.1388
50,1473,1523,0.1388
50,1457,1507,0.1388
49,1452,1501,0.1388
48,1467,1515,0.1388
47,1475,1522,0.1388
48,1464,1512,0.1388
49,1473,1522,0.1388
49,1455,1504,0.1388
52,1463,1515,0.1388
53,1459,1512,0.1388
53,1465,1518,0.1388
54,1468,1522,0.1388
52,1480,1532,0.1388
52,1477,1529,0.1388
52,1473,1525,0.1388
51,1461,1512,0.1388
50,1469,1519,0.1388
50,1459,1509,0.1388
49,1463,1512,0.1388
48,1472,1520,0.1388
46,1461,1507,0.1388
46,1460,1506,0.1388
46,1472,1518,0.1388
48,1476,1524,0.1388
47,1466,1513,0.1388
48,1468,1516,0.1388
50,1480,1530,0.1388
50,1476,1526,0.1388
50,1475,1525,0.1388
49,1480,1529,0.1388
47,1475,1522,0.1388
45,1471,1516,0.1388
46,1460,1506,0.1388
43,1482,1525,0.1388
42,1476,1518,0.1388
42,1490,1532,0.1388
40,1475,1515,0.1388
40,1483,1523,0.1388
41,1461,1502,0.1388
41,1462,1503,0.1388
41,1468,1509,0.1388
41,1462,1503,0.1388
40,1457,1497,0.1388
41,1470,1511,0.1388
40,1479,1519,0.1388
37,1475,1512,0.1388
38,1476,1514,0.1388
38,1471,1509,0.1388
39,1484,1523,0.1388
39,1475,1514,0.1388
38,1477,1515,0.1388
38,1472,1510,0.1388
38,1471,1509,0.1388
37,1473,1510,0.1388
37,1486,1523,0.1388
37,1480,1517,0.1388
38,1486,1524,0.1388
40,1481,1521,0.1388
39,1491,1530,0.1388
37,1492,1529,0.1388
34,1488,1522,0.1388
36,1491,1527,0.1388
35,1487,1522,0.1388
35,1493,1528,0.1388
36,1489,1525,0.1388
35,1477,1512,0.1388
34,1472,1506,0.1388
34,1478,1512,0.1388
34,1477,1511,0.1388
32,1479,1511,0.1388
31,1491,1522,0.1388
32,1479,1511,0.1388
32,1480,1512,0.1388
32,1481,1513,0.1388
33,1481,1514,0.1388
34,1493,1527,0.1388
35,1486,1521,0.1388
34,1497,1531,0.1388
35,1505,1540,0.1388
32,1512,1544,0.1388
33,1499,1532,0.1388
34,1501,1535,0.1388
35,1490,1525,0.1388
36,1471,1507,0.1388
36,1479,1515,0.1388
37,1471,1508,0.1388
37,1463,1500,0.1388
38,1474,1512,0.1388
37,1476,1513,0.1388
40,1465,1505,0.1388
41,1486,1527,0.1388
43,1466,1509,0.1388
41,1472,1513,0.1388
42,1486,1528,0.1388
42,1481,1523,0.1388
41,1493,1534,0.1388
41,1491,1532,0.1388
41,1487,1528,0.1388
41,1483,1524,0.1388
38,1489,1527,0.1388
40,1486,1526,0.1388
37,1485,1522,0.1388
38,1483,1521,0.1388
38,1468,1506,0.1388
37,1467,1504,0.1388
38,1474,1512,0.1388
40,1478,1518,0.1388
41,1471,1512,0.1388
41,1473,1514,0.1388
41,1479,1520,0.1388
39,1467,1506,0.1388
40,1483,1523,0.1388
39,1473,1512,0.1388
36,1468,1504,0.1388
36,1478,1514,0.1388
37,1479,1516,0.1388
38,1486,1524,0.1388
36,1487,1523,0.1388
36,1497,1533,0.1388
34,1488,1522,0.1388
37,1486,1523,0.1388
37,1481,1518,0.1388
35,1488,1523,0.1388
35,1473,1508,0.1388
35,1470,1505,0.1388
35,1480,1515,0.1388
37,1495,1532,0.1388
36,1489,1525,0.1388
34,1494,1528,0.1388
34,1484,1518,0.1388
31,1490,1521,0.1388
32,1484,1516,0.1388
32,1496,1528,0.1388
33,1490,1523,0.1388
34,1482,1516,0.1388
33,1476,1509,0.1388
34,1476,1510,0.1388
31,1481,1512,0.1388
32,1472,1504,0.1388
33,1467,1500,0.1388
34,1472,1506,0.1388
34,1474,1508,0.1388
34,1482,1516,0.1388
31,1485,1516,0.1388
33,1485,1518,0.1388
32,1474,1506,0.1388
33,1488,1521,0.1388
32,1500,1532,0.1388
34,1483,1517,0.1388
35,1481,1516,0.1388
35,1489,1524,0.1388
33,1491,1524,0.1388
34,1490,1524,0.1388
35,1494,1529,0.1388
34,1500,1534,0.1388
34,1500,1534,0.1388
34,1491,1525,0.1388
32,1491,1523,0.1388
31,1492,1523,0.1388
31,1487,1518,0.1388
31,1465,1496,0.1388
31,1488,1519,0.1388
31,1482,1513,0.1388
30,1481,1511,0.1388
32,1490,1522,0.1388
31,1483,1514,0.1388
30,1480,1510,0.1388
31,1478,1509,0.1388
29,1473,1502,0.1388
31,1482,1513,0.1388
32,1480,1512,0.1388
32,1482,1514,0.1388
30,1468,1498,0.1388
30,1482,1512,0.1388
31,1482,1513,0.1388
30,1486,1516,0.1388
30,1491,1521,0.1388
29,1482,1511,0.1388
30,1481,1511,0.1388
31,1495,1526,0.1388
31,1491,1522,0.1388
28,1493,1521,0.1388
28,1481,1509,0.1388
28,1480,1508,0.1388
30,1481,1511,0.1388
31,1479,1510,0.1388
31,1474,1505,0.1388
32,1477,1509,0.1388
33,1484,1517,0.1388
35,1476,1511,0.1388
34,1462,1496,0.1388
34,1470,1504,0.1388
36,1471,1507,0.1388
35,1456,1491,0.1388
33,1471,1504,0.1388
33,1474,1507,0.1388
33,1481,1514,0.1388
31,1482,1513,0.1388
32,1483,1515,0.1388
33,1487,1520,0.1388
32,1475,1507,0.1388
34,1464,1498,0.1388
33,1470,1503,0.1388
33,1476,1509,0.1388
33,1475,1508,0.1388
32,1487,1519,0.1388
31,1489,1520,0.1388
29,1492,1521,0.1388
29,1497,1526,0.1388
28,1493,1521,0.1388
29,1495,1524,0.1388
28,1484,1512,0.1388
28,1502,1530,0.1388
26,1502,1528,0.1388
26,1511,1537,0.1388
27,1507,1534,0.1388
27,1514,1541,0.1388
27,1500,1527,0.1388
26,1494,1520,0.1388
28,1489,1517,0.1388
28,1490,1518,0.1388
27,1506,1533,0.1388
26,1501,1527,0.1388
26,1504,1530,0.1388
26,1497,1523,0.1388
26,1489,1515,0.1388
26,1478,1504,0.1388
26,1495,1521,0.1388
26,1504,1530,0.1388
23,1501,1524,0.1388
24,1489,1513,0.1388
23,1488,1511,0.1388
22,1496,1518,0.1388
22,1481,1503,0.1388
23,1491,1514,0.1388
25,1482,1507,0.1388
26,1483,1509,0.1388
26,1491,1517,0.1388
26,1497,1523,0.1388
27,1501,1528,0.1388
26,1501,1527,0.1388
26,1492,1518,0.1388
26,1495,1521,0.1388
27,1510,1537,0.1388
27,1492,1519,0.1388
27,1499,1526,0.1388
27,1492,1519,0.1388
26,1482,1508,0.1388
24,1480,1504,0.1388
23,1480,1503,0.1388
23,1469,1492,0.1388
23,1483,1506,0.1388
22,1494,1516,0.1388
23,1477,1500,0.1388
24,1485,1509,0.1388
24,1488,1512,0.1388
24,1495,1519,0.1388
24,1485,1509,0.1388
25,1479,1504,0.1388
24,1492,1516,0.1388
22,1488,1510,0.1388
25,1491,1516,0.1388
25,1479,1504,0.1388
24,1481,1505,0.1388
23,1480,1503,0.1388
24,1488,1512,0.1388
25,1462,1487,0.1388
24,1471,1495,0.1388
23,1481,1504,0.1388
24,1483,1507,0.1388
24,1485,1509,0.1388
24,1481,1505,0.1388
25,1482,1507,0.1388
25,1488,1513,0.1388
24,1482,1506,0.1388
25,1487,1512,0.1388
25,1497,1522,0.1388
23,1492,1515,0.1388
23,1492,1515,0.1388
25,1501,1526,0.1388
25,1512,1537,0.1388
25,1496,1521,0.1388
24,1501,1525,0.1388
24,1492,1516,0.1388
24,1492,1516,0.1388
23,1496,1519,0.1388
23,1495,1518,0.1388
22,1492,1514,0.1388
21,1484,1505,0.1388
20,1495,1515,0.1388
20,1491,1511,0.1388
20,1487,1507,0.1388
20,1489,1509,0.1388
19,1497,1516,0.1388
18,1501,1519,0.1388
18,1511,1529,0.1388
18,1499,1517,0.1388
18,1489,1507,0.1388
19,1482,1501,0.1388
20,1489,1509,0.1388
20,1495,1515,0.1388
20,1503,1523,0.1388
20,1500,1520,0.1388
20,1499,1519,0.1388
20,1503,1523,0.1388
20,1516,1536,0.1388
20,1513,1533,0.1388
20,1512,1532,0.1388
20,1508,1528,0.1388
20,1493,1513,0.1388
20,1498,1518,0.1388
20,1498,1518,0.1388
20,1502,1522,0.1388
20,1489,1509,0.1388
20,1507,1527,0.1388
21,1506,1527,0.1388
21,1509,1530,0.1388
21,1502,1523,0.1388
21,1493,1514,0.1388
21,1508,1529,0.1388
21,1491,1512,0.1388
21,1483,1504,0.1388
21,1481,1502,0.1388
21,1492,1513,0.1388
22,1490,1512,0.1388
22,1485,1507,0.1388
21,1492,1513,0.1388
18,1504,1522,0.1388
17,1499,1516,0.1388
15,1499,1514,0.1388
16,1505,1521,0.1388
17,1500,1517,0.1388
17,1498,1515,0.1388
17,1498,1515,0.1388
15,1508,1523,0.1388
15,1511,1526,0.1388
15,1511,1526,0.1388
13,1514,1527,0.1388
13,1494,1507,0.1388
11,1490,1501,0.1388
10,1510,1520,0.1388
10,1501,1511,0.1388
10,1504,1514,0.1388
11,1505,1516,0.1388
11,1508,1519,0.1388
12,1508,1520,0.1388
13,1511,1524,0.1388
13,1504,1517,0.1388
13,1509,1522,0.1388
12,1502,1514,0.1388
13,1506,1519,0.1388
13,1509,1522,0.1388
12,1500,1512,0.1388
12,1493,1505,0.1388
14,1504,1518,0.1388
15,1500,1515,0.1388
14,1518,1532,0.1388
13,1506,1519,0.1388
13,1507,1520,0.1388
14,1502,1516,0.1388
14,1496,1510,0.1388
15,1505,1520,0.1388
15,1517,1532,0.1388
14,1513,1527,0.1388
14,1512,1526,0.1388
13,1506,1519,0.1388
13,1505,1518,0.1388
13,1515,1528,0.1388
14,1510,1524,0.1388
14,1507,1521,0.1388
14,1506,1520,0.1388
14,1516,1530,0.1388
14,1518,1532,0.1388
14,1499,1513,0.1388
13,1488,1501,0.1388
12,1492,1504,0.1388
12,1495,1507,0.1388
12,1486,1498,0.1388
12,1499,1511,0.1388
12,1497,1509,0.1388
13,1496,1509,0.1388
14,1500,1514,0.1388
15,1508,1523,0.1388
15,1512,1527,0.1388
15,1490,1505,0.1388
15,1506,1521,0.1388
15,1495,1510,0.1388
16,1489,1505,0.1388
16,1491,1507,0.1388
17,1492,1509,0.1388
16,1489,1505,0.1388
14,1488,1502,0.1388
14,1500,1514,0.1388
15,1501,1516,0.1388
14,1518,1532,0.1388
14,1511,1525,0.1388
14,1511,1525,0.1388
14,1524,1538,0.1388
14,1521,1535,0.1388
14,1514,1528,0.1388
14,1516,1530,0.1388
15,1503,1518,0.1388
15,1498,1513,0.1388
14,1501,1515,0.1388
14,1498,1512,0.1388
13,1489,1502,0.1388
13,1504,1517,0.1388
12,1498,1510,0.1388
10,1497,1507,0.1388
10,1504,1514,0.1388
11,1499,1510,0.1388
11,1508,1519,0.1388
10,1508,1518,0.1388
9,1501,1510,0.1388
9,1493,1502,0.1388
9,1506,1515,0.1388
8,1510,1518,0.1388
8,1484,1492,0.1388
8,1497,1505,0.1388
9,1476,1485,0.1388
9,1491,1500,0.1388
10,1489,1499,0.1388
8,1482,1490,0.1388
8,1477,1485,0.1388
7,1488,1495,0.1388
7,1511,1518,0.1388
7,1518,1525,0.1388
7,1511,1518,0.1388
7,1518,1525,0.1388
7,1511,1518,0.1388
7,1517,1524,0.1388
7,1519,1526,0.1388
8,1509,1517,0.1388
8,1511,1519,0.1388
9,1508,1517,0.1388
9,1515,1524,0.1388
9,1516,1525,0.1388
8,1510,1518,0.1388
9,1513,1522,0.1388
9,1504,1513,0.1388
8,1503,1511,0.1388
7,1511,1518,0.1388
7,1502,1509,0.1388
8,1492,1500,0.1388
9,1500,1509,0.1388
10,1499,1509,0.1388
10,1500,1510,0.1388
9,1513,1522,0.1388
9,1515,1524,0.1388
10,1517,1527,0.1388
10,1512,1522,0.1388
10,1528,1538,0.1388
10,1522,1532,0.1388
10,1515,1525,0.1388
10,1508,1518,0.1388
10,1498,1508,0.1388
9,1516,1525,0.1388
10,1515,1525,0.1388
10,1511,1521,0.1388
10,1518,1528,0.1388
9,1509,1518,0.1388
11,1516,1527,0.1388
11,1517,1528,0.1388
10,1504,1514,0.1388
10,1503,1513,0.1388
10,1490,1500,0.1388
10,1491,1501,0.1388
9,1490,1499,0.1388
9,1500,1509,0.1388
9,1510,1519,0.1388
9,1509,1518,0.1388
9,1513,1522,0.1388
9,1507,1516,0.1388
8,1500,1508,0.1388
8,1509,1517,0.1388
9,1500,1509,0.1388
9,1498,1507,0.1388
9,1489,1498,0.1388
8,1482,1490,0.1388
9,1483,1492,0.1388
8,1499,1507,0.1388
8,1505,1513,0.1388
8,1497,1505,0.1388
9,1492,1501,0.1388
9,1490,1499,0.1388
9,1501,1510,0.1388
9,1501,1510,0.1388
9,1508,1517,0.1388
9,1506,1515,0.1388
9,1500,1509,0.1388
9,1497,1506,0.1388
9,1492,1501,0.1388
8,1506,1514,0.1388
8,1510,1518,0.1388
8,1508,1516,0.1388
8,1512,1520,0.1388
7,1517,1524,0.1388
7,1508,1515,0.1388
7,1510,1517,0.1388
7,1507,1514,0.1388
7,1500,1507,0.1388
7,1509,1516,0.1388
7,1504,1511,0.1388
8,1505,1513,0.1388
8,1483,1491,0.1388
8,1496,1504,0.1388
7,1495,1502,0.1388
8,1502,1510,0.1388
8,1511,1519,0.1388
7,1515,1522,0.1388
7,1509,1516,0.1388
6,1507,1513,0.1388
6,1507,1513,0.1388
6,1520,1526,0.1388
6,1513,1519,0.1388
6,1514,1520,0.1388
7,1495,1502,0.1388
9,1501,1510,0.1388
9,1500,1509,0.1388
9,1509,1518,0.1388
9,1510,1519,0.1388
9,1505,1514,0.1388
8,1519,1527,0.1388
7,1513,1520,0.1388
7,1509,1516,0.1388
7,1512,1519,0.1388
7,1516,1523,0.1388
7,1497,1504,0.1388
6,1500,1506,0.1388
5,1499,1504,0.1388
5,1516,1521,0.1388
5,1510,1515,0.1388
5,1516,1521,0.1388
5,1514,1519,0.1388
6,1520,1526,0.1388
6,1526,1532,0.1388
7,1509,1516,0.1388
7,1507,1514,0.1388
7,1504,1511,0.1388
5,1494,1499,0.1388
5,1498,1503,0.1388
5,1495,1500,0.1388
5,1496,1501,0.1388
5,1510,1515,0.1388
5,1497,1502,0.1388
5,1494,1499,0.1388
6,1494,1500,0.1388
6,1503,1509,0.1388
6,1500,1506,0.1388
6,1515,1521,0.1388
5,1511,1516,0.1388
5,1517,1522,0.1388
5,1503,1508,0.1388
5,1493,1498,0.1388
5,1515,1520,0.1388
5,1514,1519,0.1388
5,1515,1520,0.1388
5,1512,1517,0.1388
5,1531,1536,0.1388
5,1522,1527,0.1388
5,1505,1510,0.1388
5,1503,1508,0.1388
5,1496,1501,0.1388
5,1511,1516,0.1388
5,1508,1513,0.1388
5,1512,1517,0.1388
5,1512,1517,0.1388
5,1512,1517,0.1388
5,1517,1522,0.1388
5,1514,1519,0.1388
5,1517,1522,0.1388
4,1516,1520,0.1388
3,1531,1534,0.1388
3,1526,1529,0.1388
2,1520,1522,0.1388
2,1526,1528,0.1388
3,1523,1526,0.1388
3,1521,1524,0.1388
3,1523,1526,0.1388
3,1511,1514,0.1388
3,1512,1515,0.1388
3,1523,1526,0.1388
3,1525,1528,0.1388
3,1523,1526,0.1388
3,1511,1514,0.1388
3,1506,1509,0.1388
3,1506,1509,0.1388
4,1506,1510,0.1388
4,1512,1516,0.1388
3,1504,1507,0.1388
2,1509,1511,0.1388
2,1511,1513,0.1388
2,1504,1506,0.1388
2,1514,1516,0.1388
2,1503,1505,0.1388
2,1507,1509,0.1388
2,1514,1516,0.1388
2,1521,1523,0.1388
2,1531,1533,0.1388
1,1528,1529,0.1388
1,1531,1532,0.1388
1,1528,1529,0.1388
1,1537,1538,0.1388
1,1528,1529,0.1388
0,1525,1525,0.1388
