1367,30,1397,0.1388
1418,33,1451,0.1388
1433,33,1466,0.1388
1426,33,1459,0.1388
1434,34,1468,0.1388
1433,35,1468,0.1388
1454,35,1489,0.1388
1465,35,1500,0.1388
1459,34,1493,0.1388
1455,35,1490,0.1388
1456,34,1490,0.1388
1457,34,1491,0.1388
1453,36,1489,0.1388
1449,36,1485,0.1388
1458,39,1497,0.1388
1473,38,1511,0.1388
1460,37,1497,0.1388
1474,39,1513,0.1388
1476,39,1515,0.1388
1470,36,1506,0.1388
1460,35,1495,0.1388
1450,36,1486,0.1388
1451,36,1487,0.1388
1464,33,1497,0.1388
1461,35,1496,0.1388
1459,36,1495,0.1388
1461,36,1497,0.1388
1454,35,1489,0.1388
1448,35,1483,0.1388
1442,37,1479,0.1388
1443,38,1481,0.1388
1457,38,1495,0.1388
1443,38,1481,0.1388
1440,38,1478,0.1388
1456,37,1493,0.1388
1448,37,1485,0.1388
1453,35,1488,0.1388
1452,37,1489,0.1388
1460,36,1496,0.1388
1455,36,1491,0.1388
1444,38,1482,0.1388
1449,38,1487,0.1388
1436,39,1475,0.1388
1444,38,1482,0.1388
1459,38,1497,0.1388
1451,40,1491,0.1388
1429,36,1465,0.1388
1430,35,1465,0.1388
1440,35,1475,0.1388
1449,38,1487,0.1388
1446,40,1486,0.1388
1449,40,1489,0.1388
1448,40,1488,0.1388
1441,42,1483,0.1388
1443,42,1485,0.1388
1439,43,1482,0.1388
1447,43,1490,0.1388
1443,43,1486,0.1388
1444,44,1488,0.1388
1446,44,1490,0.1388
1452,47,1499,0.1388
1430,49,1479,0.1388
1433,50,1483,0.1388
1440,50,1490,0.1388
1431,48,1479,0.1388
1434,46,1480,0.1388
1441,49,1490,0.1388
1437,48,1485,0.1388
1446,48,1494,0.1388
1443,49,1492,0.1388
1450,48,1498,0.1388
1444,48,1492,0.1388
1443,47,1490,0.1388
1440,47,1487,0.1388
1433,44,1477,0.1388
1440,44,1484,0.1388
1428,46,1474,0.1388
1443,47,1490,0.1388
1433,51,1484,0.1388
1434,55,1489,0.1388
1457,55,1512,0.1388
1438,54,1492,0.1388
1437,54,1491,0.1388
1438,53,1491,0.1388
1446,54,1500,0.1388
1425,51,1476,0.1388
1435,50,1485,0.1388
1447,46,1493,0.1388
1439,48,1487,0.1388
1441,49,1490,0.1388
1443,48,1491,0.1388
1441,52,1493,0.1388
1441,49,1490,0.1388
1449,52,1501,0.1388
1453,53,1506,0.1388
1452,51,1503,0.1388
1459,49,1508,0.1388
1459,47,1506,0.1388
1450,45,1495,0.1388
1455,46,1501,0.1388
1442,47,1489,0.1388
1448,44,1492,0.1388
1449,43,1492,0.1388
1454,44,1498,0.1388
1446,47,1493,0.1388
1440,49,1489,0.1388
1434,47,1481,0.1388
1450,47,1497,0.1388
1448,46,1494,0.1388
1448,45,1493,0.1388
1437,51,1488,0.1388
1427,51,1478,0.1388
1429,50,1479,0.1388
1418,49,1467,0.1388
1424,47,1471,0.1388
1438,46,1484,0.1388
1450,47,1497,0.1388
1459,47,1506,0.1388
1458,45,1503,0.1388
1458,47,1505,0.1388
1447,46,1493,0.1388
1437,44,1481,0.1388
1436,42,1478,0.1388
1429,43,1472,0.1388
1438,41,1479,0.1388
1451,43,1494,0.1388
1465,42,1507,0.1388
1467,41,1508,0.1388
1450,42,1492,0.1388
1459,42,1501,0.1388
1447,45,1492,0.1388
1452,44,1496,0.1388
1458,44,1502,0.1388
1446,45,1491,0.1388
1446,44,1490,0.1388
1446,43,1489,0.1388
1447,41,1488,0.1388
1447,41,1488,0.1388
1453,40,1493,0.1388
1449,39,1488,0.1388
1450,37,1487,0.1388
1447,34,1481,0.1388
1452,31,1483,0.1388
1462,30,1492,0.1388
1454,29,1483,0.1388
1459,29,1488,0.1388
1469,28,1497,0.1388
1459,27,1486,0.1388
1464,27,1491,0.1388
1440,27,1467,0.1388
1457,30,1487,0.1388
1466,30,1496,0.1388
1462,32,1494,0.1388
1450,32,1482,0.1388
1460,32,1492,0.1388
1441,33,1474,0.1388
1444,34,1478,0.1388
1457,35,1492,0.1388
1454,36,1490,0.1388
1461,36,1497,0.1388
1460,36,1496,0.1388
1464,35,1499,0.1388
1472,35,1507,0.1388
1460,35,1495,0.1388
1466,35,1501,0.1388
1454,35,1489,0.1388
1455,35,1490,0.1388
1464,35,1499,0.1388
1469,34,1503,0.1388
1457,36,1493,0.1388
1465,37,1502,0.1388
1455,37,1492,0.1388
1452,39,1491,0.1388
1446,39,1485,0.1388
1450,39,1489,0.1388
1463,38,1501,0.1388
1470,38,1508,0.1388
1456,38,1494,0.1388
1458,38,1496,0.1388
1457,37,1494,0.1388
1456,35,1491,0.1388
1475,35,1510,0.1388
1458,35,1493,0.1388
1465,36,1501,0.1388
1456,36,1492,0.1388
1448,36,1484,0.1388
1453,38,1491,0.1388
1447,37,1484,0.1388
1446,37,1483,0.1388
1451,36,1487,0.1388
1458,37,1495,0.1388
1460,38,1498,0.1388
1470,38,1508,0.1388
1463,38,1501,0.1388
1457,36,1493,0.1388
1464,39,1503,0.1388
1469,39,1508,0.1388
1467,40,1507,0.1388
1452,40,1492,0.1388
1440,41,1481,0.1388
1437,42,1479,0.1388
1434,40,1474,0.1388
1437,39,1476,0.1388
1440,40,1480,0.1388
1449,43,1492,0.1388
1439,45,1484,0.1388
1440,46,1486,0.1388
1453,45,1498,0.1388
1446,46,1492,0.1388
1455,48,1503,0.1388
1444,50,1494,0.1388
1449,51,1500,0.1388
1445,51,1496,0.1388
1445,51,1496,0.1388
1441,53,1494,0.1388
1436,53,1489,0.1388
1436,50,1486,0.1388
1438,50,1488,0.1388
1439,50,1489,0.1388
1439,50,1489,0.1388
1451,52,1503,0.1388
1455,55,1510,0.1388
1445,54,1499,0.1388
1441,54,1495,0.1388
1435,55,1490,0.1388
1428,58,1486,0.1388
1427,58,1485,0.1388
1429,57,1486,0.1388
1430,58,1488,0.1388
1426,56,1482,0.1388
1432,55,1487,0.1388
1427,58,1485,0.1388
1429,58,1487,0.1388
1428,58,1486,0.1388
1432,58,1490,0.1388
1428,59,1487,0.1388
1435,61,1496,0.1388
1418,61,1479,0.1388
1427,62,1489,0.1388
1429,61,1490,0.1388
1426,62,1488,0.1388
1423,61,1484,0.1388
1427,62,1489,0.1388
1435,62,1497,0.1388
1435,64,1499,0.1388
1424,61,1485,0.1388
1420,62,1482,0.1388
1426,64,1490,0.1388
1435,61,1496,0.1388
1437,60,1497,0.1388
1439,62,1501,0.1388
1446,65,1511,0.1388
1450,63,1513,0.1388
1446,60,1506,0.1388
1438,59,1497,0.1388
1436,61,1497,0.1388
1445,58,1503,0.1388
1443,58,1501,0.1388
1436,57,1493,0.1388
1430,58,1488,0.1388
1425,60,1485,0.1388
1435,62,1497,0.1388
1437,64,1501,0.1388
1429,65,1494,0.1388
1430,65,1495,0.1388
1428,64,1492,0.1388
1434,65,1499,0.1388
1431,64,1495,0.1388
1424,63,1487,0.1388
1425,62,1487,0.1388
1432,60,1492,0.1388
1429,59,1488,0.1388
1429,57,1486,0.1388
1427,60,1487,0.1388
1435,59,1494,0.1388
1442,60,1502,0.1388
1431,61,1492,0.1388
1430,61,1491,0.1388
1437,63,1500,0.1388
1431,64,1495,0.1388
1431,64,1495,0.1388
1440,61,1501,0.1388
1440,60,1500,0.1388
1449,60,1509,0.1388
1454,60,1514,0.1388
1461,60,1521,0.1388
1444,58,1502,0.1388
1435,58,1493,0.1388
1440,58,1498,0.1388
1435,59,1494,0.1388
1429,61,1490,0.1388
1436,58,1494,0.1388
1433,60,1493,0.1388
1432,60,1492,0.1388
1425,57,1482,0.1388
1424,57,1481,0.1388
1423,58,1481,0.1388
1418,58,1476,0.1388
1423,61,1484,0.1388
1427,60,1487,0.1388
1436,61,1497,0.1388
1426,60,1486,0.1388
1430,61,1491,0.1388
1435,62,1497,0.1388
1432,64,1496,0.1388
1442,63,1505,0.1388
1441,61,1502,0.1388
1439,58,1497,0.1388
1448,60,1508,0.1388
1441,60,1501,0.1388
1432,60,1492,0.1388
1435,59,1494,0.1388
1428,58,1486,0.1388
1438,59,1497,0.1388
1430,60,1490,0.1388
1427,60,1487,0.1388
1433,59,1492,0.1388
1429,59,1488,0.1388
1431,58,1489,0.1388
1430,59,1489,0.1388
1424,60,1484,0.1388
1420,63,1483,0.1388
1431,64,1495,0.1388
1412,64,1476,0.1388
1418,65,1483,0.1388
1414,67,1481,0.1388
1415,70,1485,0.1388
1421,69,1490,0.1388
1423,71,1494,0.1388
1415,70,1485,0.1388
1413,72,1485,0.1388
1412,71,1483,0.1388
1426,72,1498,0.1388
1420,72,1492,0.1388
1418,75,1493,0.1388
1423,77,1500,0.1388
1426,75,1501,0.1388
1414,77,1491,0.1388
1425,79,1504,0.1388
1427,81,1508,0.1388
1427,82,1509,0.1388
1408,84,1492,0.1388
1406,86,1492,0.1388
1402,86,1488,0.1388
1399,86,1485,0.1388
1402,84,1486,0.1388
1405,85,1490,0.1388
1396,83,1479,0.1388
1393,88,1481,0.1388
1392,88,1480,0.1388
1392,89,1481,0.1388
1399,89,1488,0.1388
1394,90,1484,0.1388
1397,93,1490,0.1388
1402,93,1495,0.1388
1405,92,1497,0.1388
1401,93,1494,0.1388
1400,93,1493,0.1388
1391,91,1482,0.1388
1402,93,1495,0.1388
1394,93,1487,0.1388
1402,96,1498,0.1388
1396,94,1490,0.1388
1400,95,1495,0.1388
1396,91,1487,0.1388
1386,94,1480,0.1388
1389,91,1480,0.1388
1395,89,1484,0.1388
1385,93,1478,0.1388
1383,95,1478,0.1388
1393,95,1488,0.1388
1399,95,1494,0.1388
1401,93,1494,0.1388
1396,96,1492,0.1388
1403,96,1499,0.1388
1395,98,1493,0.1388
1422,97,1519,0.1388
1411,100,1511,0.1388
1400,100,1500,0.1388
1407,101,1508,0.1388
1404,97,1501,0.1388
1406,99,1505,0.1388
1410,99,1509,0.1388
1405,100,1505,0.1388
1400,99,1499,0.1388
1395,102,1497,0.1388
1398,102,1500,0.1388
1384,99,1483,0.1388
1391,99,1490,0.1388
1393,101,1494,0.1388
1393,102,1495,0.1388
1382,102,1484,0.1388
1387,100,1487,0.1388
1383,100,1483,0.1388
1367,104,1471,0.1388
1364,106,1470,0.1388
1366,107,1473,0.1388
1363,107,1470,0.1388
1370,109,1479,0.1388
1365,104,1469,0.1388
1374,101,1475,0.1388
1369,101,1470,0.1388
1380,106,1486,0.1388
1372,108,1480,0.1388
1374,111,1485,0.1388
1380,113,1493,0.1388
1380,112,1492,0.1388
1380,113,1493,0.1388
1378,115,1493,0.1388
1387,115,1502,0.1388
1385,116,1501,0.1388
1383,118,1501,0.1388
1382,115,1497,0.1388
1382,116,1498,0.1388
1377,120,1497,0.1388
1389,122,1511,0.1388
1372,117,1489,0.1388
1365,118,1483,0.1388
1357,119,1476,0.1388
1366,116,1482,0.1388
1350,112,1462,0.1388
1354,115,1469,0.1388
1359,121,1480,0.1388
1358,121,1479,0.1388
1364,121,1485,0.1388
1362,118,1480,0.1388
1357,121,1478,0.1388
1353,124,1477,0.1388
1356,123,1479,0.1388
1342,121,1463,0.1388
1349,123,1472,0.1388
1356,126,1482,0.1388
1371,127,1498,0.1388
1366,126,1492,0.1388
1360,127,1487,0.1388
1372,125,1497,0.1388
1377,126,1503,0.1388
1370,127,1497,0.1388
1369,129,1498,0.1388
1361,132,1493,0.1388
1356,136,1492,0.1388
1362,139,1501,0.1388
1360,138,1498,0.1388
1368,133,1501,0.1388
1376,138,1514,0.1388
1375,139,1514,0.1388
1381,145,1526,0.1388
1374,145,1519,0.1388
1366,142,1508,0.1388
1355,142,1497,0.1388
1348,143,1491,0.1388
1357,146,1503,0.1388
1346,145,1491,0.1388
1337,148,1485,0.1388
1340,148,1488,0.1388
1350,149,1499,0.1388
1343,153,1496,0.1388
1354,153,1507,0.1388
1335,162,1497,0.1388
1345,163,1508,0.1388
1341,162,1503,0.1388
1336,164,1500,0.1388
1312,164,1476,0.1388
1319,164,1483,0.1388
1325,162,1487,0.1388
1325,169,1494,0.1388
1319,173,1492,0.1388
1312,173,1485,0.1388
1324,172,1496,0.1388
1327,171,1498,0.1388
1329,175,1504,0.1388
1330,173,1503,0.1388
1319,178,1497,0.1388
1323,180,1503,0.1388
1325,184,1509,0.1388
1339,177,1516,0.1388
1340,176,1516,0.1388
1326,175,1501,0.1388
1323,175,1498,0.1388
1301,171,1472,0.1388
1288,173,1461,0.1388
1295,176,1471,0.1388
1308,173,1481,0.1388
1314,174,1488,0.1388
1310,172,1482,0.1388
1309,180,1489,0.1388
1316,180,1496,0.1388
1313,182,1495,0.1388
1316,180,1496,0.1388
1334,179,1513,0.1388
1314,180,1494,0.1388
1319,182,1501,0.1388
1322,187,1509,0.1388
1316,188,1504,0.1388
1312,190,1502,0.1388
1320,194,1514,0.1388
1321,193,1514,0.1388
1314,196,1510,0.1388
1317,193,1510,0.1388
1312,189,1501,0.1388
1300,194,1494,0.1388
1291,195,1486,0.1388
1288,197,1485,0.1388
1286,192,1478,0.1388
1274,195,1469,0.1388
1288,194,1482,0.1388
1291,194,1485,0.1388
1283,196,1479,0.1388
1276,199,1475,0.1388
1281,202,1483,0.1388
1275,207,1482,0.1388
1280,206,1486,0.1388
1279,207,1486,0.1388
1283,205,1488,0.1388
1285,210,1495,0.1388
1295,216,1511,0.1388
1288,220,1508,0.1388
1289,213,1502,0.1388
1286,209,1495,0.1388
1279,213,1492,0.1388
1275,215,1490,0.1388
1273,218,1491,0.1388
1284,220,1504,0.1388
1284,220,1504,0.1388
1287,222,1509,0.1388
1288,220,1508,0.1388
1289,225,1514,0.1388
1285,225,1510,0.1388
1282,227,1509,0.1388
1282,220,1502,0.1388
1274,225,1499,0.1388
1279,226,1505,0.1388
1273,225,1498,0.1388
1272,218,1490,0.1388
1273,219,1492,0.1388
1274,222,1496,0.1388
1272,222,1494,0.1388
1255,225,1480,0.1388
1261,230,1491,0.1388
1257,236,1493,0.1388
1255,240,1495,0.1388
1251,238,1489,0.1388
1256,235,1491,0.1388
1270,233,1503,0.1388
1267,232,1499,0.1388
1265,233,1498,0.1388
1261,229,1490,0.1388
1268,231,1499,0.1388
1278,234,1512,0.1388
1277,243,1520,0.1388
1265,240,1505,0.1388
1261,241,1502,0.1388
1257,238,1495,0.1388
1249,242,1491,0.1388
1240,241,1481,0.1388
1256,242,1498,0.1388
1254,245,1499,0.1388
1264,245,1509,0.1388
1260,247,1507,0.1388
1254,252,1506,0.1388
1251,251,1502,0.1388
1256,258,1514,0.1388
1248,257,1505,0.1388
1253,256,1509,0.1388
1257,257,1514,0.1388
1255,262,1517,0.1388
1245,260,1505,0.1388
1240,262,1502,0.1388
1236,258,1494,0.1388
1224,262,1486,0.1388
1221,263,1484,0.1388
1233,259,1492,0.1388
1223,259,1482,0.1388
1225,260,1485,0.1388
1228,262,1490,0.1388
1234,263,1497,0.1388
1239,266,1505,0.1388
1239,268,1507,0.1388
1248,270,1518,0.1388
1247,265,1512,0.1388
1237,262,1499,0.1388
1230,263,1493,0.1388
1226,265,1491,0.1388
1226,264,1490,0.1388
1224,270,1494,0.1388
1236,266,1502,0.1388
1239,250,1489,0.1388
1241,251,1492,0.1388
1251,248,1499,0.1388
1255,250,1505,0.1388
1241,249,1490,0.1388
1228,258,1486,0.1388
1232,258,1490,0.1388
1224,260,1484,0.1388
1225,259,1484,0.1388
1237,262,1499,0.1388
1235,261,1496,0.1388
1231,260,1491,0.1388
1222,264,1486,0.1388
1227,263,1490,0.1388
1220,267,1487,0.1388
1225,268,1493,0.1388
1221,272,1493,0.1388
1214,270,1484,0.1388
1210,271,1481,0.1388
1215,276,1491,0.1388
1217,275,1492,0.1388
1213,278,1491,0.1388
1238,282,1520,0.1388
1230,277,1507,0.1388
1223,276,1499,0.1388
1215,273,1488,0.1388
1204,276,1480,0.1388
1209,269,1478,0.1388
1207,268,1475,0.1388
1203,269,1472,0.1388
1208,270,1478,0.1388
1207,279,1486,0.1388
1209,278,1487,0.1388
1223,277,1500,0.1388
1213,280,1493,0.1388
1215,279,1494,0.1388
1205,281,1486,0.1388
1200,282,1482,0.1388
1202,276,1478,0.1388
1206,280,1486,0.1388
1219,281,1500,0.1388
1220,289,1509,0.1388
1221,286,1507,0.1388
1216,275,1491,0.1388
1211,278,1489,0.1388
1221,282,1503,0.1388
1210,287,1497,0.1388
1207,291,1498,0.1388
1203,287,1490,0.1388
1203,290,1493,0.1388
1200,295,1495,0.1388
1190,298,1488,0.1388
1189,300,1489,0.1388
1194,307,1501,0.1388
1195,305,1500,0.1388
1193,306,1499,0.1388
1184,307,1491,0.1388
1181,306,1487,0.1388
1174,308,1482,0.1388
1188,298,1486,0.1388
1188,304,1492,0.1388
1198,303,1501,0.1388
1197,298,1495,0.1388
1183,305,1488,0.1388
1172,310,1482,0.1388
1165,310,1475,0.1388
1173,302,1475,0.1388
1171,309,1480,0.1388
1188,310,1498,0.1388
1184,307,1491,0.1388
1182,309,1491,0.1388
1187,307,1494,0.1388
1176,311,1487,0.1388
1173,317,1490,0.1388
1189,309,1498,0.1388
1175,310,1485,0.1388
1178,314,1492,0.1388
1182,316,1498,0.1388
1173,316,1489,0.1388
1179,317,1496,0.1388
1173,321,1494,0.1388
1178,320,1498,0.1388
1180,314,1494,0.1388
1188,315,1503,0.1388
1194,318,1512,0.1388
1198,316,1514,0.1388
1199,314,1513,0.1388
1191,319,1510,0.1388
1192,323,1515,0.1388
1181,320,1501,0.1388
1180,323,1503,0.1388
1168,323,1491,0.1388
1166,324,1490,0.1388
1151,329,1480,0.1388
1147,332,1479,0.1388
1146,332,1478,0.1388
1151,336,1487,0.1388
1157,334,1491,0.1388
1155,342,1497,0.1388
1149,339,1488,0.1388
1143,339,1482,0.1388
1156,339,1495,0.1388
1160,333,1493,0.1388
1167,329,1496,0.1388
1165,334,1499,0.1388
1166,341,1507,0.1388
1165,341,1506,0.1388
1158,337,1495,0.1388
1162,334,1496,0.1388
1179,337,1516,0.1388
1181,333,1514,0.1388
1179,334,1513,0.1388
1188,329,1517,0.1388
1186,332,1518,0.1388
1183,332,1515,0.1388
1178,334,1512,0.1388
1178,335,1513,0.1388
1177,332,1509,0.1388
1178,332,1510,0.1388
1168,335,1503,0.1388
1165,331,1496,0.1388
1163,332,1495,0.1388
1161,331,1492,0.1388
1157,333,1490,0.1388
1155,337,1492,0.1388
1164,338,1502,0.1388
1174,336,1510,0.1388
1169,329,1498,0.1388
1171,329,1500,0.1388
1170,328,1498,0.1388
1166,334,1500,0.1388
1173,332,1505,0.1388
1174,327,1501,0.1388
1171,331,1502,0.1388
1162,335,1497,0.1388
1178,340,1518,0.1388
1165,337,1502,0.1388
1159,332,1491,0.1388
1163,331,1494,0.1388
1170,325,1495,0.1388
1171,325,1496,0.1388
1172,331,1503,0.1388
1171,333,1504,0.1388
1164,329,1493,0.1388
1175,329,1504,0.1388
1176,328,1504,0.1388
1186,330,1516,0.1388
1188,324,1512,0.1388
1190,321,1511,0.1388
1191,325,1516,0.1388
1188,327,1515,0.1388
1189,329,1518,0.1388
1186,326,1512,0.1388
1179,334,1513,0.1388
1170,334,1504,0.1388
1168,330,1498,0.1388
1176,330,1506,0.1388
1173,331,1504,0.1388
1171,329,1500,0.1388
1168,339,1507,0.1388
1165,339,1504,0.1388
1155,343,1498,0.1388
1139,348,1487,0.1388
1150,353,1503,0.1388
1152,352,1504,0.1388
1153,343,1496,0.1388
1146,350,1496,0.1388
1149,355,1504,0.1388
1133,355,1488,0.1388
1138,360,1498,0.1388
1149,356,1505,0.1388
1139,364,1503,0.1388
1134,368,1502,0.1388
1129,365,1494,0.1388
1129,370,1499,0.1388
1125,372,1497,0.1388
1124,375,1499,0.1388
1120,376,1496,0.1388
1124,379,1503,0.1388
1128,379,1507,0.1388
1119,383,1502,0.1388
1123,386,1509,0.1388
1122,383,1505,0.1388
1125,376,1501,0.1388
1130,376,1506,0.1388
1128,387,1515,0.1388
1130,383,1513,0.1388
1141,381,1522,0.1388
1138,386,1524,0.1388
1124,382,1506,0.1388
1128,383,1511,0.1388
1112,387,1499,0.1388
1106,392,1498,0.1388
1093,391,1484,0.1388
1102,394,1496,0.1388
1102,400,1502,0.1388
1103,404,1507,0.1388
1112,406,1518,0.1388
1115,410,1525,0.1388
1104,410,1514,0.1388
1105,408,1513,0.1388
1098,403,1501,0.1388
1103,406,1509,0.1388
1094,409,1503,0.1388
1091,410,1501,0.1388
1094,411,1505,0.1388
1094,417,1511,0.1388
1082,417,1499,0.1388
1062,411,1473,0.1388
1073,420,1493,0.1388
1065,422,1487,0.1388
1058,419,1477,0.1388
1082,417,1499,0.1388
1079,423,1502,0.1388
1069,421,1490,0.1388
1076,419,1495,0.1388
1074,426,1500,0.1388
1077,427,1504,0.1388
1079,424,1503,0.1388
1079,434,1513,0.1388
1076,430,1506,0.1388
1070,436,1506,0.1388
1076,424,1500,0.1388
1082,431,1513,0.1388
1079,436,1515,0.1388
1076,435,1511,0.1388
1067,441,1508,0.1388
1062,440,1502,0.1388
1065,437,1502,0.1388
1068,435,1503,0.1388
1072,431,1503,0.1388
1063,428,1491,0.1388
1075,429,1504,0.1388
1066,430,1496,0.1388
1069,432,1501,0.1388
1081,421,1502,0.1388
1086,433,1519,0.1388
1081,429,1510,0.1388
1096,426,1522,0.1388
1083,429,1512,0.1388
1097,422,1519,0.1388
1093,423,1516,0.1388
1082,432,1514,0.1388
1075,426,1501,0.1388
1075,427,1502,0.1388
1084,425,1509,0.1388
1072,432,1504,0.1388
1074,438,1512,0.1388
1076,430,1506,0.1388
1067,433,1500,0.1388
1067,441,1508,0.1388
1059,439,1498,0.1388
1051,444,1495,0.1388
1050,446,1496,0.1388
1050,454,1504,0.1388
1053,458,1511,0.1388
1053,458,1511,0.1388
1061,455,1516,0.1388
1043,455,1498,0.1388
1037,451,1488,0.1388
1053,452,1505,0.1388
1048,447,1495,0.1388
1057,445,1502,0.1388
1066,453,1519,0.1388
1062,460,1522,0.1388
1060,457,1517,0.1388
1068,456,1524,0.1388
1068,450,1518,0.1388
1055,450,1505,0.1388
1047,444,1491,0.1388
1054,452,1506,0.1388
1046,444,1490,0.1388
1059,449,1508,0.1388
1066,456,1522,0.1388
1062,448,1510,0.1388
1043,459,1502,0.1388
1043,458,1501,0.1388
1032,466,1498,0.1388
1031,467,1498,0.1388
1033,471,1504,0.1388
1027,460,1487,0.1388
1021,469,1490,0.1388
1023,469,1492,0.1388
1019,474,1493,0.1388
1025,471,1496,0.1388
1035,473,1508,0.1388
1033,475,1508,0.1388
1024,482,1506,0.1388
1016,478,1494,0.1388
1010,482,1492,0.1388
1008,481,1489,0.1388
1008,481,1489,0.1388
996,482,1478,0.1388
1009,486,1495,0.1388
1003,484,1487,0.1388
1004,487,1491,0.1388
1012,489,1501,0.1388
1006,483,1489,0.1388
1006,495,1501,0.1388
1001,497,1498,0.1388
1004,491,1495,0.1388
997,493,1490,0.1388
998,497,1495,0.1388
1002,500,1502,0.1388
999,502,1501,0.1388
1008,498,1506,0.1388
1006,495,1501,0.1388
1002,488,1490,0.1388
999,486,1485,0.1388
997,492,1489,0.1388
1006,505,1511,0.1388
1001,501,1502,0.1388
1001,513,1514,0.1388
990,513,1503,0.1388
983,511,1494,0.1388
991,517,1508,0.1388
993,523,1516,0.1388
978,531,1509,0.1388
979,531,1510,0.1388
980,529,1509,0.1388
977,534,1511,0.1388
968,538,1506,0.1388
961,539,1500,0.1388
961,532,1493,0.1388
958,528,1486,0.1388
965,535,1500,0.1388
957,534,1491,0.1388
964,539,1503,0.1388
955,535,1490,0.1388
951,536,1487,0.1388
962,533,1495,0.1388
970,534,1504,0.1388
972,544,1516,0.1388
962,544,1506,0.1388
969,545,1514,0.1388
967,542,1509,0.1388
974,547,1521,0.1388
964,545,1509,0.1388
960,542,1502,0.1388
959,549,1508,0.1388
949,544,1493,0.1388
944,545,1489,0.1388
937,546,1483,0.1388
944,541,1485,0.1388
948,540,1488,0.1388
956,537,1493,0.1388
959,549,1508,0.1388
955,559,1514,0.1388
951,554,1505,0.1388
948,554,1502,0.1388
949,560,1509,0.1388
958,557,1515,0.1388
955,556,1511,0.1388
960,551,1511,0.1388
959,550,1509,0.1388
948,552,1500,0.1388
956,553,1509,0.1388
946,560,1506,0.1388
940,559,1499,0.1388
958,557,1515,0.1388
951,550,1501,0.1388
950,550,1500,0.1388
956,558,1514,0.1388
952,559,1511,0.1388
955,550,1505,0.1388
961,548,1509,0.1388
951,551,1502,0.1388
957,549,1506,0.1388
942,557,1499,0.1388
947,549,1496,0.1388
948,546,1494,0.1388
938,545,1483,0.1388
938,543,1481,0.1388
947,552,1499,0.1388
938,539,1477,0.1388
940,538,1478,0.1388
942,539,1481,0.1388
947,549,1496,0.1388
952,547,1499,0.1388
956,548,1504,0.1388
957,561,1518,0.1388
956,564,1520,0.1388
955,563,1518,0.1388
948,556,1504,0.1388
944,554,1498,0.1388
949,541,1490,0.1388
946,548,1494,0.1388
950,550,1500,0.1388
938,557,1495,0.1388
941,552,1493,0.1388
941,566,1507,0.1388
949,567,1516,0.1388
953,580,1533,0.1388
943,580,1523,0.1388
936,573,1509,0.1388
927,571,1498,0.1388
931,575,1506,0.1388
937,575,1512,0.1388
943,580,1523,0.1388
937,571,1508,0.1388
943,574,1517,0.1388
948,575,1523,0.1388
941,571,1512,0.1388
944,572,1516,0.1388
933,574,1507,0.1388
932,572,1504,0.1388
930,570,1500,0.1388
929,569,1498,0.1388
926,573,1499,0.1388
906,574,1480,0.1388
904,573,1477,0.1388
909,589,1498,0.1388
916,590,1506,0.1388
903,596,1499,0.1388
909,592,1501,0.1388
906,600,1506,0.1388
911,593,1504,0.1388
919,593,1512,0.1388
915,592,1507,0.1388
917,586,1503,0.1388
925,589,1514,0.1388
918,587,1505,0.1388
917,582,1499,0.1388
929,591,1520,0.1388
933,591,1524,0.1388
926,591,1517,0.1388
919,592,1511,0.1388
911,593,1504,0.1388
913,593,1506,0.1388
908,588,1496,0.1388
903,591,1494,0.1388
888,587,1475,0.1388
890,584,1474,0.1388
903,588,1491,0.1388
902,593,1495,0.1388
907,595,1502,0.1388
914,601,1515,0.1388
918,613,1531,0.1388
914,606,1520,0.1388
909,600,1509,0.1388
906,602,1508,0.1388
912,602,1514,0.1388
910,601,1511,0.1388
917,591,1508,0.1388
906,598,1504,0.1388
908,594,1502,0.1388
913,594,1507,0.1388
905,611,1516,0.1388
910,611,1521,0.1388
911,602,1513,0.1388
907,605,1512,0.1388
898,605,1503,0.1388
905,606,1511,0.1388
898,611,1509,0.1388
890,614,1504,0.1388
892,607,1499,0.1388
905,614,1519,0.1388
903,616,1519,0.1388
904,614,1518,0.1388
901,625,1526,0.1388
905,622,1527,0.1388
896,627,1523,0.1388
893,625,1518,0.1388
884,620,1504,0.1388
887,628,1515,0.1388
878,621,1499,0.1388
870,627,1497,0.1388
861,635,1496,0.1388
856,636,1492,0.1388
851,634,1485,0.1388
845,634,1479,0.1388
859,639,1498,0.1388
853,643,1496,0.1388
858,645,1503,0.1388
864,640,1504,0.1388
865,645,1510,0.1388
861,657,1518,0.1388
843,655,1498,0.1388
831,667,1498,0.1388
834,666,1500,0.1388
840,672,1512,0.1388
839,676,1515,0.1388
842,664,1506,0.1388
833,666,1499,0.1388
828,657,1485,0.1388
822,659,1481,0.1388
823,665,1488,0.1388
822,671,1493,0.1388
820,676,1496,0.1388
821,675,1496,0.1388
826,667,1493,0.1388
835,671,1506,0.1388
843,668,1511,0.1388
844,673,1517,0.1388
840,674,1514,0.1388
838,680,1518,0.1388
834,683,1517,0.1388
836,684,1520,0.1388
841,677,1518,0.1388
845,676,1521,0.1388
842,671,1513,0.1388
835,662,1497,0.1388
842,660,1502,0.1388
843,662,1505,0.1388
839,666,1505,0.1388
849,664,1513,0.1388
849,660,1509,0.1388
852,668,1520,0.1388
850,669,1519,0.1388
842,667,1509,0.1388
841,669,1510,0.1388
842,661,1503,0.1388
832,667,1499,0.1388
826,670,1496,0.1388
817,671,1488,0.1388
828,679,1507,0.1388
824,677,1501,0.1388
830,681,1511,0.1388
831,673,1504,0.1388
822,678,1500,0.1388
830,678,1508,0.1388
824,681,1505,0.1388
824,677,1501,0.1388
827,688,1515,0.1388
826,691,1517,0.1388
815,687,1502,0.1388
808,692,1500,0.1388
811,686,1497,0.1388
798,687,1485,0.1388
791,690,1481,0.1388
797,692,1489,0.1388
794,693,1487,0.1388
792,694,1486,0.1388
801,704,1505,0.1388
798,702,1500,0.1388
810,691,1501,0.1388
808,697,1505,0.1388
799,699,1498,0.1388
809,704,1513,0.1388
802,706,1508,0.1388
798,717,1515,0.1388
793,723,1516,0.1388
794,721,1515,0.1388
795,726,1521,0.1388
791,718,1509,0.1388
792,715,1507,0.1388
789,718,1507,0.1388
787,724,1511,0.1388
779,724,1503,0.1388
775,719,1494,0.1388
779,726,1505,0.1388
773,727,1500,0.1388
766,722,1488,0.1388
768,722,1490,0.1388
783,715,1498,0.1388
780,731,1511,0.1388
768,726,1494,0.1388
774,728,1502,0.1388
768,725,1493,0.1388
771,730,1501,0.1388
764,737,1501,0.1388
765,737,1502,0.1388
760,749,1509,0.1388
764,747,1511,0.1388
760,737,1497,0.1388
762,744,1506,0.1388
757,749,1506,0.1388
750,754,1504,0.1388
746,752,1498,0.1388
739,760,1499,0.1388
735,758,1493,0.1388
733,758,1491,0.1388
731,761,1492,0.1388
727,768,1495,0.1388
726,775,1501,0.1388
721,774,1495,0.1388
727,772,1499,0.1388
717,779,1496,0.1388
720,785,1505,0.1388
717,791,1508,0.1388
711,789,1500,0.1388
724,784,1508,0.1388
718,781,1499,0.1388
720,784,1504,0.1388
721,778,1499,0.1388
726,772,1498,0.1388
717,773,1490,0.1388
717,781,1498,0.1388
712,785,1497,0.1388
714,786,1500,0.1388
710,797,1507,0.1388
701,808,1509,0.1388
702,811,1513,0.1388
703,814,1517,0.1388
696,815,1511,0.1388
692,811,1503,0.1388
688,807,1495,0.1388
687,811,1498,0.1388
689,814,1503,0.1388
681,821,1502,0.1388
673,812,1485,0.1388
671,812,1483,0.1388
665,811,1476,0.1388
673,821,1494,0.1388
682,820,1502,0.1388
679,820,1499,0.1388
677,821,1498,0.1388
676,825,1501,0.1388
677,832,1509,0.1388
665,836,1501,0.1388
659,825,1484,0.1388
657,835,1492,0.1388
664,839,1503,0.1388
659,835,1494,0.1388
661,842,1503,0.1388
666,837,1503,0.1388
663,836,1499,0.1388
673,835,1508,0.1388
671,839,1510,0.1388
660,847,1507,0.1388
669,858,1527,0.1388
664,852,1516,0.1388
661,850,1511,0.1388
653,854,1507,0.1388
660,850,1510,0.1388
655,856,1511,0.1388
658,857,1515,0.1388
655,848,1503,0.1388
646,842,1488,0.1388
649,847,1496,0.1388
647,838,1485,0.1388
647,844,1491,0.1388
647,845,1492,0.1388
649,856,1505,0.1388
643,853,1496,0.1388
642,856,1498,0.1388
647,855,1502,0.1388
646,852,1498,0.1388
644,855,1499,0.1388
648,864,1512,0.1388
638,875,1513,0.1388
639,874,1513,0.1388
637,880,1517,0.1388
634,880,1514,0.1388
637,880,1517,0.1388
635,884,1519,0.1388
631,887,1518,0.1388
632,887,1519,0.1388
632,889,1521,0.1388
626,883,1509,0.1388
629,886,1515,0.1388
626,892,1518,0.1388
633,888,1521,0.1388
626,884,1510,0.1388
628,873,1501,0.1388
624,876,1500,0.1388
632,884,1516,0.1388
625,881,1506,0.1388
621,885,1506,0.1388
621,896,1517,0.1388
612,898,1510,0.1388
610,894,1504,0.1388
612,893,1505,0.1388
611,890,1501,0.1388
611,907,1518,0.1388
601,916,1517,0.1388
602,924,1526,0.1388
611,925,1536,0.1388
603,921,1524,0.1388
601,918,1519,0.1388
598,916,1514,0.1388
596,916,1512,0.1388
594,920,1514,0.1388
587,918,1505,0.1388
585,916,1501,0.1388
587,919,1506,0.1388
583,923,1506,0.1388
586,918,1504,0.1388
578,920,1498,0.1388
589,918,1507,0.1388
594,923,1517,0.1388
587,923,1510,0.1388
585,912,1497,0.1388
588,913,1501,0.1388
587,908,1495,0.1388
586,901,1487,0.1388
585,908,1493,0.1388
578,917,1495,0.1388
582,927,1509,0.1388
575,915,1490,0.1388
578,915,1493,0.1388
586,910,1496,0.1388
591,920,1511,0.1388
594,926,1520,0.1388
586,933,1519,0.1388
587,936,1523,0.1388
589,934,1523,0.1388
584,929,1513,0.1388
582,931,1513,0.1388
583,927,1510,0.1388
580,927,1507,0.1388
579,931,1510,0.1388
577,934,1511,0.1388
572,939,1511,0.1388
570,943,1513,0.1388
571,939,1510,0.1388
567,936,1503,0.1388
568,934,1502,0.1388
561,942,1503,0.1388
561,940,1501,0.1388
562,950,1512,0.1388
564,942,1506,0.1388
559,950,1509,0.1388
555,950,1505,0.1388
555,952,1507,0.1388
563,941,1504,0.1388
554,954,1508,0.1388
555,954,1509,0.1388
559,954,1513,0.1388
552,955,1507,0.1388
552,960,1512,0.1388
558,965,1523,0.1388
563,957,1520,0.1388
562,958,1520,0.1388
560,945,1505,0.1388
569,931,1500,0.1388
568,930,1498,0.1388
566,944,1510,0.1388
566,938,1504,0.1388
572,934,1506,0.1388
568,931,1499,0.1388
574,926,1500,0.1388
571,942,1513,0.1388
559,942,1501,0.1388
555,937,1492,0.1388
557,938,1495,0.1388
558,935,1493,0.1388
556,942,1498,0.1388
559,941,1500,0.1388
558,951,1509,0.1388
557,953,1510,0.1388
553,961,1514,0.1388
561,959,1520,0.1388
557,948,1505,0.1388
555,960,1515,0.1388
542,960,1502,0.1388
552,956,1508,0.1388
552,952,1504,0.1388
546,961,1507,0.1388
542,955,1497,0.1388
540,963,1503,0.1388
531,964,1495,0.1388
531,970,1501,0.1388
531,975,1506,0.1388
533,978,1511,0.1388
530,984,1514,0.1388
528,984,1512,0.1388
538,978,1516,0.1388
540,973,1513,0.1388
543,977,1520,0.1388
546,977,1523,0.1388
544,979,1523,0.1388
544,980,1524,0.1388
535,978,1513,0.1388
527,975,1502,0.1388
524,973,1497,0.1388
523,980,1503,0.1388
514,984,1498,0.1388
515,986,1501,0.1388
508,995,1503,0.1388
511,992,1503,0.1388
515,993,1508,0.1388
511,993,1504,0.1388
513,989,1502,0.1388
512,993,1505,0.1388
507,1001,1508,0.1388
509,984,1493,0.1388
513,982,1495,0.1388
511,990,1501,0.1388
517,991,1508,0.1388
523,998,1521,0.1388
525,1001,1526,0.1388
518,998,1516,0.1388
516,1006,1522,0.1388
519,1018,1537,0.1388
514,1008,1522,0.1388
502,1008,1510,0.1388
505,1005,1510,0.1388
508,1005,1513,0.1388
500,995,1495,0.1388
496,1002,1498,0.1388
495,1005,1500,0.1388
497,1005,1502,0.1388
495,1012,1507,0.1388
500,1008,1508,0.1388
497,1014,1511,0.1388
497,1012,1509,0.1388
493,1016,1509,0.1388
496,1015,1511,0.1388
500,1015,1515,0.1388
502,1009,1511,0.1388
500,1022,1522,0.1388
499,1029,1528,0.1388
497,1016,1513,0.1388
499,1032,1531,0.1388
497,1022,1519,0.1388
498,1007,1505,0.1388
507,1001,1508,0.1388
501,1006,1507,0.1388
506,1019,1525,0.1388
500,1013,1513,0.1388
504,1009,1513,0.1388
488,1019,1507,0.1388
491,1018,1509,0.1388
488,1029,1517,0.1388
482,1019,1501,0.1388
487,1025,1512,0.1388
487,1029,1516,0.1388
486,1032,1518,0.1388
482,1018,1500,0.1388
486,1013,1499,0.1388
495,1012,1507,0.1388
492,1022,1514,0.1388
487,1022,1509,0.1388
493,1016,1509,0.1388
494,1020,1514,0.1388
491,1033,1524,0.1388
493,1027,1520,0.1388
492,1033,1525,0.1388
478,1044,1522,0.1388
473,1048,1521,0.1388
474,1042,1516,0.1388
473,1047,1520,0.1388
475,1052,1527,0.1388
470,1052,1522,0.1388
474,1052,1526,0.1388
473,1052,1525,0.1388
471,1055,1526,0.1388
468,1060,1528,0.1388
466,1045,1511,0.1388
471,1044,1515,0.1388
465,1047,1512,0.1388
465,1048,1513,0.1388
466,1045,1511,0.1388
472,1042,1514,0.1388
473,1038,1511,0.1388
469,1046,1515,0.1388
464,1050,1514,0.1388
458,1047,1505,0.1388
454,1033,1487,0.1388
454,1045,1499,0.1388
461,1046,1507,0.1388
454,1053,1507,0.1388
452,1054,1506,0.1388
453,1051,1504,0.1388
451,1059,1510,0.1388
447,1050,1497,0.1388
436,1048,1484,0.1388
445,1050,1495,0.1388
445,1051,1496,0.1388
447,1053,1500,0.1388
451,1049,1500,0.1388
451,1057,1508,0.1388
453,1065,1518,0.1388
441,1067,1508,0.1388
441,1071,1512,0.1388
447,1066,1513,0.1388
448,1064,1512,0.1388
450,1059,1509,0.1388
444,1052,1496,0.1388
445,1055,1500,0.1388
441,1064,1505,0.1388
435,1059,1494,0.1388
437,1069,1506,0.1388
434,1076,1510,0.1388
432,1072,1504,0.1388
433,1067,1500,0.1388
435,1065,1500,0.1388
438,1061,1499,0.1388
438,1072,1510,0.1388
440,1067,1507,0.1388
439,1077,1516,0.1388
441,1070,1511,0.1388
447,1085,1532,0.1388
442,1080,1522,0.1388
429,1082,1511,0.1388
440,1081,1521,0.1388
438,1076,1514,0.1388
431,1076,1507,0.1388
427,1091,1518,0.1388
416,1093,1509,0.1388
412,1084,1496,0.1388
418,1089,1507,0.1388
417,1089,1506,0.1388
416,1088,1504,0.1388
419,1092,1511,0.1388
419,1096,1515,0.1388
415,1096,1511,0.1388
408,1099,1507,0.1388
410,1109,1519,0.1388
412,1113,1525,0.1388
413,1106,1519,0.1388
414,1110,1524,0.1388
415,1109,1524,0.1388
408,1108,1516,0.1388
413,1110,1523,0.1388
414,1098,1512,0.1388
408,1087,1495,0.1388
414,1099,1513,0.1388
407,1100,1507,0.1388
410,1101,1511,0.1388
407,1096,1503,0.1388
400,1105,1505,0.1388
398,1109,1507,0.1388
405,1101,1506,0.1388
407,1093,1500,0.1388
414,1094,1508,0.1388
404,1092,1496,0.1388
405,1092,1497,0.1388
399,1088,1487,0.1388
404,1083,1487,0.1388
403,1105,1508,0.1388
396,1117,1513,0.1388
399,1120,1519,0.1388
398,1129,1527,0.1388
400,1112,1512,0.1388
400,1112,1512,0.1388
410,1110,1520,0.1388
410,1107,1517,0.1388
408,1116,1524,0.1388
393,1117,1510,0.1388
392,1128,1520,0.1388
390,1132,1522,0.1388
392,1135,1527,0.1388
395,1133,1528,0.1388
399,1129,1528,0.1388
397,1128,1525,0.1388
394,1140,1534,0.1388
389,1131,1520,0.1388
383,1122,1505,0.1388
392,1113,1505,0.1388
394,1124,1518,0.1388
390,1127,1517,0.1388
386,1127,1513,0.1388
381,1125,1506,0.1388
380,1130,1510,0.1388
387,1133,1520,0.1388
386,1133,1519,0.1388
381,1134,1515,0.1388
380,1128,1508,0.1388
376,1129,1505,0.1388
375,1127,1502,0.1388
373,1129,1502,0.1388
371,1137,1508,0.1388
372,1144,1516,0.1388
369,1145,1514,0.1388
377,1140,1517,0.1388
374,1146,1520,0.1388
376,1149,1525,0.1388
372,1151,1523,0.1388
375,1159,1534,0.1388
375,1148,1523,0.1388
370,1150,1520,0.1388
368,1153,1521,0.1388
367,1140,1507,0.1388
361,1142,1503,0.1388
367,1159,1526,0.1388
367,1154,1521,0.1388
361,1142,1503,0.1388
361,1138,1499,0.1388
362,1136,1498,0.1388
375,1130,1505,0.1388
380,1125,1505,0.1388
383,1126,1509,0.1388
379,1130,1509,0.1388
371,1139,1510,0.1388
367,1144,1511,0.1388
366,1147,1513,0.1388
356,1144,1500,0.1388
362,1151,1513,0.1388
360,1145,1505,0.1388
356,1154,1510,0.1388
360,1169,1529,0.1388
362,1160,1522,0.1388
359,1153,1512,0.1388
355,1157,1512,0.1388
357,1166,1523,0.1388
352,1154,1506,0.1388
346,1162,1508,0.1388
340,1153,1493,0.1388
340,1163,1503,0.1388
339,1172,1511,0.1388
343,1169,1512,0.1388
341,1170,1511,0.1388
337,1175,1512,0.1388
340,1185,1525,0.1388
341,1167,1508,0.1388
341,1171,1512,0.1388
336,1178,1514,0.1388
335,1168,1503,0.1388
337,1178,1515,0.1388
340,1178,1518,0.1388
336,1181,1517,0.1388
336,1181,1517,0.1388
337,1183,1520,0.1388
339,1181,1520,0.1388
341,1179,1520,0.1388
336,1177,1513,0.1388
333,1174,1507,0.1388
330,1178,1508,0.1388
334,1173,1507,0.1388
333,1167,1500,0.1388
333,1175,1508,0.1388
325,1173,1498,0.1388
324,1165,1489,0.1388
326,1162,1488,0.1388
328,1178,1506,0.1388
328,1178,1506,0.1388
326,1172,1498,0.1388
322,1186,1508,0.1388
326,1185,1511,0.1388
330,1189,1519,0.1388
327,1184,1511,0.1388
324,1188,1512,0.1388
317,1182,1499,0.1388
327,1190,1517,0.1388
323,1195,1518,0.1388
320,1201,1521,0.1388
317,1196,1513,0.1388
320,1188,1508,0.1388
317,1176,1493,0.1388
318,1175,1493,0.1388
317,1185,1502,0.1388
316,1181,1497,0.1388
313,1185,1498,0.1388
317,1180,1497,0.1388
315,1175,1490,0.1388
317,1190,1507,0.1388
310,1204,1514,0.1388
306,1203,1509,0.1388
306,1198,1504,0.1388
306,1204,1510,0.1388
308,1211,1519,0.1388
307,1204,1511,0.1388
304,1208,1512,0.1388
305,1201,1506,0.1388
302,1203,1505,0.1388
295,1203,1498,0.1388
293,1212,1505,0.1388
299,1221,1520,0.1388
294,1226,1520,0.1388
290,1220,1510,0.1388
289,1225,1514,0.1388
284,1228,1512,0.1388
278,1240,1518,0.1388
283,1241,1524,0.1388
285,1235,1520,0.1388
287,1243,1530,0.1388
292,1236,1528,0.1388
293,1245,1538,0.1388
290,1230,1520,0.1388
288,1227,1515,0.1388
290,1220,1510,0.1388
293,1223,1516,0.1388
289,1223,1512,0.1388
291,1225,1516,0.1388
290,1237,1527,0.1388
295,1231,1526,0.1388
287,1237,1524,0.1388
285,1236,1521,0.1388
278,1250,1528,0.1388
280,1242,1522,0.1388
277,1244,1521,0.1388
272,1247,1519,0.1388
274,1234,1508,0.1388
275,1242,1517,0.1388
276,1233,1509,0.1388
276,1238,1514,0.1388
277,1237,1514,0.1388
279,1230,1509,0.1388
277,1228,1505,0.1388
280,1238,1518,0.1388
278,1246,1524,0.1388
275,1247,1522,0.1388
266,1238,1504,0.1388
266,1242,1508,0.1388
269,1246,1515,0.1388
271,1248,1519,0.1388
276,1243,1519,0.1388
274,1238,1512,0.1388
269,1243,1512,0.1388
270,1255,1525,0.1388
267,1255,1522,0.1388
264,1262,1526,0.1388
261,1262,1523,0.1388
260,1259,1519,0.1388
268,1255,1523,0.1388
265,1247,1512,0.1388
262,1251,1513,0.1388
269,1234,1503,0.1388
275,1243,1518,0.1388
278,1244,1522,0.1388
277,1244,1521,0.1388
272,1252,1524,0.1388
268,1236,1504,0.1388
266,1231,1497,0.1388
264,1237,1501,0.1388
264,1237,1501,0.1388
266,1253,1519,0.1388
269,1246,1515,0.1388
265,1250,1515,0.1388
266,1244,1510,0.1388
267,1250,1517,0.1388
268,1238,1506,0.1388
267,1258,1525,0.1388
265,1254,1519,0.1388
263,1249,1512,0.1388
263,1249,1512,0.1388
259,1255,1514,0.1388
255,1259,1514,0.1388
252,1269,1521,0.1388
248,1270,1518,0.1388
250,1263,1513,0.1388
253,1257,1510,0.1388
258,1259,1517,0.1388
258,1267,1525,0.1388
251,1261,1512,0.1388
253,1247,1500,0.1388
261,1239,1500,0.1388
258,1250,1508,0.1388
255,1255,1510,0.1388
255,1249,1504,0.1388
255,1252,1507,0.1388
251,1253,1504,0.1388
246,1256,1502,0.1388
250,1265,1515,0.1388
253,1265,1518,0.1388
253,1263,1516,0.1388
251,1271,1522,0.1388
248,1275,1523,0.1388
247,1273,1520,0.1388
248,1278,1526,0.1388
244,1287,1531,0.1388
237,1290,1527,0.1388
238,1290,1528,0.1388
240,1282,1522,0.1388
248,1275,1523,0.1388
245,1284,1529,0.1388
241,1279,1520,0.1388
238,1290,1528,0.1388
241,1277,1518,0.1388
240,1282,1522,0.1388
243,1280,1523,0.1388
238,1285,1523,0.1388
238,1289,1527,0.1388
242,1289,1531,0.1388
241,1284,1525,0.1388
235,1290,1525,0.1388
231,1294,1525,0.1388
228,1288,1516,0.1388
225,1286,1511,0.1388
222,1279,1501,0.1388
221,1269,1490,0.1388
229,1264,1493,0.1388
231,1272,1503,0.1388
233,1282,1515,0.1388
234,1277,1511,0.1388
231,1284,1515,0.1388
228,1285,1513,0.1388
230,1286,1516,0.1388
230,1287,1517,0.1388
229,1286,1515,0.1388
228,1296,1524,0.1388
223,1295,1518,0.1388
225,1286,1511,0.1388
227,1285,1512,0.1388
224,1307,1531,0.1388
217,1302,1519,0.1388
217,1302,1519,0.1388
215,1300,1515,0.1388
217,1297,1514,0.1388
220,1296,1516,0.1388
219,1307,1526,0.1388
221,1294,1515,0.1388
221,1291,1512,0.1388
221,1286,1507,0.1388
222,1294,1516,0.1388
220,1294,1514,0.1388
217,1302,1519,0.1388
219,1310,1529,0.1388
220,1303,1523,0.1388
218,1305,1523,0.1388
215,1301,1516,0.1388
214,1305,1519,0.1388
214,1295,1509,0.1388
215,1300,1515,0.1388
217,1308,1525,0.1388
212,1310,1522,0.1388
211,1309,1520,0.1388
206,1327,1533,0.1388
210,1328,1538,0.1388
210,1314,1524,0.1388
207,1321,1528,0.1388
208,1319,1527,0.1388
209,1318,1527,0.1388
212,1323,1535,0.1388
211,1328,1539,0.1388
213,1326,1539,0.1388
215,1308,1523,0.1388
209,1311,1520,0.1388
212,1314,1526,0.1388
211,1304,1515,0.1388
210,1292,1502,0.1388
203,1300,1503,0.1388
205,1302,1507,0.1388
202,1299,1501,0.1388
199,1300,1499,0.1388
202,1304,1506,0.1388
201,1301,1502,0.1388
201,1312,1513,0.1388
199,1301,1500,0.1388
202,1308,1510,0.1388
203,1315,1518,0.1388
199,1312,1511,0.1388
196,1322,1518,0.1388
189,1321,1510,0.1388
188,1313,1501,0.1388
185,1311,1496,0.1388
188,1319,1507,0.1388
186,1327,1513,0.1388
189,1323,1512,0.1388
187,1333,1520,0.1388
188,1336,1524,0.1388
187,1331,1518,0.1388
183,1320,1503,0.1388
180,1325,1505,0.1388
180,1331,1511,0.1388
183,1335,1518,0.1388
183,1336,1519,0.1388
179,1327,1506,0.1388
182,1322,1504,0.1388
184,1334,1518,0.1388
184,1341,1525,0.1388
183,1336,1519,0.1388
184,1321,1505,0.1388
191,1328,1519,0.1388
189,1331,1520,0.1388
188,1334,1522,0.1388
189,1334,1523,0.1388
187,1341,1528,0.1388
185,1337,1522,0.1388
186,1333,1519,0.1388
185,1347,1532,0.1388
186,1327,1513,0.1388
187,1332,1519,0.1388
185,1324,1509,0.1388
184,1329,1513,0.1388
186,1327,1513,0.1388
185,1337,1522,0.1388
185,1339,1524,0.1388
185,1332,1517,0.1388
185,1326,1511,0.1388
184,1332,1516,0.1388
182,1330,1512,0.1388
180,1319,1499,0.1388
183,1335,1518,0.1388
179,1343,1522,0.1388
180,1337,1517,0.1388
178,1330,1508,0.1388
183,1322,1505,0.1388
189,1328,1517,0.1388
187,1328,1515,0.1388
187,1327,1514,0.1388
186,1327,1513,0.1388
183,1344,1527,0.1388
189,1341,1530,0.1388
191,1339,1530,0.1388
191,1339,1530,0.1388
190,1334,1524,0.1388
188,1346,1534,0.1388
187,1348,1535,0.1388
189,1323,1512,0.1388
193,1326,1519,0.1388
195,1340,1535,0.1388
191,1339,1530,0.1388
189,1349,1538,0.1388
186,1338,1524,0.1388
184,1333,1517,0.1388
184,1329,1513,0.1388
184,1330,1514,0.1388
187,1326,1513,0.1388
185,1314,1499,0.1388
181,1323,1504,0.1388
186,1322,1508,0.1388
182,1327,1509,0.1388
180,1326,1506,0.1388
181,1334,1515,0.1388
176,1330,1506,0.1388
174,1330,1504,0.1388
172,1326,1498,0.1388
176,1337,1513,0.1388
174,1336,1510,0.1388
170,1340,1510,0.1388
170,1328,1498,0.1388
175,1329,1504,0.1388
176,1341,1517,0.1388
170,1345,1515,0.1388
175,1339,1514,0.1388
174,1322,1496,0.1388
172,1327,1499,0.1388
173,1331,1504,0.1388
175,1334,1509,0.1388
178,1325,1503,0.1388
179,1335,1514,0.1388
178,1341,1519,0.1388
175,1345,1520,0.1388
172,1341,1513,0.1388
175,1346,1521,0.1388
176,1351,1527,0.1388
176,1341,1517,0.1388
175,1340,1515,0.1388
172,1336,1508,0.1388
166,1346,1512,0.1388
170,1344,1514,0.1388
172,1344,1516,0.1388
172,1354,1526,0.1388
170,1341,1511,0.1388
170,1343,1513,0.1388
167,1346,1513,0.1388
167,1348,1515,0.1388
165,1365,1530,0.1388
164,1367,1531,0.1388
165,1366,1531,0.1388
171,1359,1530,0.1388
166,1349,1515,0.1388
164,1336,1500,0.1388
162,1341,1503,0.1388
165,1348,1513,0.1388
165,1348,1513,0.1388
162,1346,1508,0.1388
161,1341,1502,0.1388
160,1353,1513,0.1388
158,1351,1509,0.1388
162,1359,1521,0.1388
167,1355,1522,0.1388
167,1351,1518,0.1388
167,1342,1509,0.1388
166,1343,1509,0.1388
162,1347,1509,0.1388
157,1351,1508,0.1388
158,1351,1509,0.1388
157,1360,1517,0.1388
156,1346,1502,0.1388
159,1335,1494,0.1388
156,1326,1482,0.1388
159,1333,1492,0.1388
156,1336,1492,0.1388
155,1342,1497,0.1388
155,1353,1508,0.1388
155,1357,1512,0.1388
157,1357,1514,0.1388
157,1367,1524,0.1388
155,1360,1515,0.1388
150,1373,1523,0.1388
151,1366,1517,0.1388
152,1354,1506,0.1388
151,1354,1505,0.1388
148,1357,1505,0.1388
147,1359,1506,0.1388
144,1360,1504,0.1388
145,1386,1531,0.1388
147,1360,1507,0.1388
145,1348,1493,0.1388
149,1348,1497,0.1388
148,1348,1496,0.1388
146,1356,1502,0.1388
146,1365,1511,0.1388
144,1374,1518,0.1388
140,1388,1528,0.1388
140,1390,1530,0.1388
139,1386,1525,0.1388
141,1387,1528,0.1388
138,1381,1519,0.1388
142,1369,1511,0.1388
144,1363,1507,0.1388
141,1369,1510,0.1388
141,1382,1523,0.1388
141,1386,1527,0.1388
139,1382,1521,0.1388
143,1377,1520,0.1388
146,1385,1531,0.1388
143,1386,1529,0.1388
142,1376,1518,0.1388
138,1374,1512,0.1388
139,1390,1529,0.1388
137,1386,1523,0.1388
135,1382,1517,0.1388
135,1391,1526,0.1388
131,1379,1510,0.1388
132,1372,1504,0.1388
133,1363,1496,0.1388
135,1382,1517,0.1388
134,1376,1510,0.1388
132,1373,1505,0.1388
130,1389,1519,0.1388
129,1390,1519,0.1388
126,1381,1507,0.1388
128,1384,1512,0.1388
128,1372,1500,0.1388
128,1368,1496,0.1388
129,1372,1501,0.1388
132,1383,1515,0.1388
134,1384,1518,0.1388
129,1391,1520,0.1388
128,1395,1523,0.1388
131,1396,1527,0.1388
129,1385,1514,0.1388
130,1390,1520,0.1388
132,1385,1517,0.1388
131,1378,1509,0.1388
127,1395,1522,0.1388
126,1382,1508,0.1388
129,1382,1511,0.1388
124,1382,1506,0.1388
126,1393,1519,0.1388
128,1398,1526,0.1388
126,1392,1518,0.1388
127,1388,1515,0.1388
125,1390,1515,0.1388
128,1384,1512,0.1388
126,1388,1514,0.1388
122,1382,1504,0.1388
126,1380,1506,0.1388
123,1379,1502,0.1388
123,1385,1508,0.1388
124,1388,1512,0.1388
123,1389,1512,0.1388
119,1391,1510,0.1388
121,1379,1500,0.1388
125,1384,1509,0.1388
128,1397,1525,0.1388
131,1391,1522,0.1388
126,1382,1508,0.1388
125,1392,1517,0.1388
124,1389,1513,0.1388
127,1395,1522,0.1388
129,1385,1514,0.1388
130,1393,1523,0.1388
131,1393,1524,0.1388
124,1389,1513,0.1388
129,1381,1510,0.1388
126,1372,1498,0.1388
123,1375,1498,0.1388
117,1374,1491,0.1388
116,1381,1497,0.1388
121,1396,1517,0.1388
116,1393,1509,0.1388
119,1398,1517,0.1388
119,1409,1528,0.1388
119,1411,1530,0.1388
116,1399,1515,0.1388
116,1397,1513,0.1388
118,1389,1507,0.1388
120,1389,1509,0.1388
119,1391,1510,0.1388
122,1398,1520,0.1388
122,1391,1513,0.1388
123,1383,1506,0.1388
118,1402,1520,0.1388
115,1391,1506,0.1388
115,1393,1508,0.1388
121,1396,1517,0.1388
121,1382,1503,0.1388
116,1395,1511,0.1388
115,1397,1512,0.1388
116,1395,1511,0.1388
116,1408,1524,0.1388
117,1390,1507,0.1388
118,1398,1516,0.1388
115,1393,1508,0.1388
115,1388,1503,0.1388
115,1395,1510,0.1388
113,1408,1521,0.1388
114,1411,1525,0.1388
111,1411,1522,0.1388
109,1403,1512,0.1388
111,1404,1515,0.1388
113,1411,1524,0.1388
111,1409,1520,0.1388
110,1414,1524,0.1388
112,1414,1526,0.1388
111,1406,1517,0.1388
108,1400,1508,0.1388
110,1394,1504,0.1388
106,1392,1498,0.1388
109,1397,1506,0.1388
110,1395,1505,0.1388
112,1410,1522,0.1388
115,1405,1520,0.1388
114,1410,1524,0.1388
110,1404,1514,0.1388
110,1400,1510,0.1388
111,1411,1522,0.1388
112,1399,1511,0.1388
113,1390,1503,0.1388
113,1401,1514,0.1388
108,1414,1522,0.1388
111,1412,1523,0.1388
107,1404,1511,0.1388
110,1405,1515,0.1388
117,1405,1522,0.1388
118,1406,1524,0.1388
117,1406,1523,0.1388
117,1405,1522,0.1388
116,1402,1518,0.1388
119,1408,1527,0.1388
116,1395,1511,0.1388
114,1406,1520,0.1388
116,1397,1513,0.1388
120,1395,1515,0.1388
120,1385,1505,0.1388
125,1377,1502,0.1388
124,1383,1507,0.1388
124,1380,1504,0.1388
123,1373,1496,0.1388
127,1379,1506,0.1388
127,1377,1504,0.1388
127,1391,1518,0.1388
123,1406,1529,0.1388
123,1395,1518,0.1388
124,1410,1534,0.1388
121,1409,1530,0.1388
121,1408,1529,0.1388
120,1408,1528,0.1388
120,1388,1508,0.1388
121,1389,1510,0.1388
122,1388,1510,0.1388
122,1386,1508,0.1388
120,1398,1518,0.1388
123,1395,1518,0.1388
121,1403,1524,0.1388
120,1403,1523,0.1388
122,1395,1517,0.1388
121,1389,1510,0.1388
118,1389,1507,0.1388
116,1389,1505,0.1388
116,1392,1508,0.1388
112,1389,1501,0.1388
110,1396,1506,0.1388
110,1404,1514,0.1388
110,1413,1523,0.1388
110,1418,1528,0.1388
109,1413,1522,0.1388
108,1407,1515,0.1388
107,1401,1508,0.1388
108,1402,1510,0.1388
106,1423,1529,0.1388
107,1410,1517,0.1388
105,1406,1511,0.1388
106,1409,1515,0.1388
105,1392,1497,0.1388
109,1393,1502,0.1388
107,1412,1519,0.1388
109,1411,1520,0.1388
103,1413,1516,0.1388
105,1407,1512,0.1388
103,1401,1504,0.1388
105,1407,1512,0.1388
106,1407,1513,0.1388
107,1409,1516,0.1388
107,1417,1524,0.1388
108,1428,1536,0.1388
107,1418,1525,0.1388
108,1413,1521,0.1388
104,1410,1514,0.1388
103,1407,1510,0.1388
103,1415,1518,0.1388
102,1412,1514,0.1388
102,1404,1506,0.1388
98,1405,1503,0.1388
101,1410,1511,0.1388
100,1404,1504,0.1388
101,1409,1510,0.1388
102,1405,1507,0.1388
99,1413,1512,0.1388
97,1405,1502,0.1388
95,1414,1509,0.1388
95,1416,1511,0.1388
99,1428,1527,0.1388
98,1427,1525,0.1388
101,1424,1525,0.1388
98,1414,1512,0.1388
101,1414,1515,0.1388
99,1422,1521,0.1388
96,1428,1524,0.1388
97,1418,1515,0.1388
97,1420,1517,0.1388
95,1420,1515,0.1388
96,1413,1509,0.1388
96,1415,1511,0.1388
93,1419,1512,0.1388
94,1416,1510,0.1388
95,1411,1506,0.1388
95,1412,1507,0.1388
97,1419,1516,0.1388
98,1424,1522,0.1388
98,1424,1522,0.1388
99,1423,1522,0.1388
100,1415,1515,0.1388
95,1422,1517,0.1388
92,1418,1510,0.1388
92,1418,1510,0.1388
89,1421,1510,0.1388
90,1429,1519,0.1388
91,1434,1525,0.1388
92,1428,1520,0.1388
92,1429,1521,0.1388
92,1429,1521,0.1388
95,1430,1525,0.1388
94,1420,1514,0.1388
91,1420,1511,0.1388
90,1427,1517,0.1388
89,1416,1505,0.1388
89,1431,1520,0.1388
94,1417,1511,0.1388
92,1418,1510,0.1388
92,1425,1517,0.1388
94,1429,1523,0.1388
88,1428,1516,0.1388
90,1429,1519,0.1388
87,1431,1518,0.1388
89,1423,1512,0.1388
92,1428,1520,0.1388
92,1419,1511,0.1388
88,1416,1504,0.1388
90,1421,1511,0.1388
88,1422,1510,0.1388
86,1427,1513,0.1388
87,1426,1513,0.1388
86,1427,1513,0.1388
90,1424,1514,0.1388
87,1423,1510,0.1388
86,1424,1510,0.1388
88,1436,1524,0.1388
87,1426,1513,0.1388
84,1421,1505,0.1388
81,1421,1502,0.1388
78,1400,1478,0.1388
83,1411,1494,0.1388
79,1410,1489,0.1388
78,1423,1501,0.1388
79,1438,1517,0.1388
81,1454,1535,0.1388
81,1449,1530,0.1388
78,1440,1518,0.1388
80,1453,1533,0.1388
80,1447,1527,0.1388
78,1446,1524,0.1388
78,1441,1519,0.1388
78,1440,1518,0.1388
77,1438,1515,0.1388
77,1439,1516,0.1388
77,1439,1516,0.1388
75,1424,1499,0.1388
74,1431,1505,0.1388
72,1440,1512,0.1388
74,1428,1502,0.1388
71,1431,1502,0.1388
70,1430,1500,0.1388
71,1423,1494,0.1388
70,1444,1514,0.1388
72,1433,1505,0.1388
74,1443,1517,0.1388
71,1449,1520,0.1388
67,1440,1507,0.1388
68,1445,1513,0.1388
70,1440,1510,0.1388
70,1433,1503,0.1388
67,1435,1502,0.1388
67,1438,1505,0.1388
69,1452,1521,0.1388
73,1449,1522,0.1388
72,1450,1522,0.1388
67,1447,1514,0.1388
66,1459,1525,0.1388
66,1458,1524,0.1388
66,1454,1520,0.1388
64,1456,1520,0.1388
61,1451,1512,0.1388
63,1440,1503,0.1388
68,1444,1512,0.1388
64,1447,1511,0.1388
66,1438,1504,0.1388
62,1438,1500,0.1388
63,1450,1513,0.1388
62,1447,1509,0.1388
65,1445,1510,0.1388
66,1453,1519,0.1388
67,1456,1523,0.1388
69,1458,1527,0.1388
67,1455,1522,0.1388
66,1460,1526,0.1388
68,1454,1522,0.1388
69,1452,1521,0.1388
69,1451,1520,0.1388
70,1452,1522,0.1388
70,1439,1509,0.1388
68,1445,1513,0.1388
70,1441,1511,0.1388
70,1445,1515,0.1388
67,1448,1515,0.1388
66,1459,1525,0.1388
68,1457,1525,0.1388
66,1462,1528,0.1388
68,1446,1514,0.1388
67,1448,1515,0.1388
69,1450,1519,0.1388
68,1449,1517,0.1388
67,1450,1517,0.1388
70,1438,1508,0.1388
70,1455,1525,0.1388
70,1446,1516,0.1388
68,1449,1517,0.1388
67,1453,1520,0.1388
68,1461,1529,0.1388
69,1464,1533,0.1388
70,1460,1530,0.1388
70,1447,1517,0.1388
70,1440,1510,0.1388
70,1449,1519,0.1388
68,1446,1514,0.1388
68,1444,1512,0.1388
66,1442,1508,0.1388
67,1439,1506,0.1388
70,1437,1507,0.1388
72,1438,1510,0.1388
73,1454,1527,0.1388
74,1454,1528,0.1388
73,1455,1528,0.1388
75,1447,1522,0.1388
75,1437,1512,0.1388
73,1448,1521,0.1388
72,1438,1510,0.1388
73,1436,1509,0.1388
75,1444,1519,0.1388
73,1434,1507,0.1388
77,1443,1520,0.1388
74,1432,1506,0.1388
75,1433,1508,0.1388
76,1447,1523,0.1388
76,1438,1514,0.1388
76,1436,1512,0.1388
73,1428,1501,0.1388
74,1428,1502,0.1388
76,1433,1509,0.1388
75,1438,1513,0.1388
75,1441,1516,0.1388
76,1429,1505,0.1388
77,1446,1523,0.1388
77,1443,1520,0.1388
78,1442,1520,0.1388
76,1456,1532,0.1388
75,1445,1520,0.1388
77,1443,1520,0.1388
78,1443,1521,0.1388
79,1434,1513,0.1388
83,1441,1524,0.1388
79,1432,1511,0.1388
79,1432,1511,0.1388
81,1437,1518,0.1388
78,1433,1511,0.1388
80,1446,1526,0.1388
77,1439,1516,0.1388
79,1428,1507,0.1388
78,1424,1502,0.1388
80,1432,1512,0.1388
82,1428,1510,0.1388
79,1435,1514,0.1388
77,1435,1512,0.1388
80,1429,1509,0.1388
81,1425,1506,0.1388
80,1430,1510,0.1388
80,1424,1504,0.1388
80,1426,1506,0.1388
80,1431,1511,0.1388
79,1424,1503,0.1388
79,1427,1506,0.1388
79,1437,1516,0.1388
80,1449,1529,0.1388
78,1462,1540,0.1388
76,1450,1526,0.1388
77,1431,1508,0.1388
79,1435,1514,0.1388
79,1435,1514,0.1388
79,1448,1527,0.1388
76,1436,1512,0.1388
76,1435,1511,0.1388
74,1429,1503,0.1388
72,1436,1508,0.1388
72,1456,1528,0.1388
72,1451,1523,0.1388
71,1456,1527,0.1388
71,1444,1515,0.1388
73,1439,1512,0.1388
70,1440,1510,0.1388
70,1437,1507,0.1388
75,1447,1522,0.1388
76,1448,1524,0.1388
74,1431,1505,0.1388
73,1430,1503,0.1388
72,1433,1505,0.1388
74,1436,1510,0.1388
73,1438,1511,0.1388
75,1454,1529,0.1388
75,1453,1528,0.1388
75,1448,1523,0.1388
75,1453,1528,0.1388
74,1445,1519,0.1388
72,1445,1517,0.1388
70,1453,1523,0.1388
70,1447,1517,0.1388
69,1447,1516,0.1388
72,1451,1523,0.1388
74,1449,1523,0.1388
71,1436,1507,0.1388
74,1431,1505,0.1388
74,1425,1499,0.1388
72,1439,1511,0.1388
66,1435,1501,0.1388
66,1437,1503,0.1388
64,1437,1501,0.1388
62,1442,1504,0.1388
62,1454,1516,0.1388
63,1451,1514,0.1388
65,1453,1518,0.1388
64,1455,1519,0.1388
63,1455,1518,0.1388
64,1447,1511,0.1388
62,1437,1499,0.1388
60,1433,1493,0.1388
64,1446,1510,0.1388
65,1453,1518,0.1388
64,1453,1517,0.1388
62,1453,1515,0.1388
64,1454,1518,0.1388
64,1457,1521,0.1388
66,1454,1520,0.1388
66,1449,1515,0.1388
66,1439,1505,0.1388
65,1445,1510,0.1388
67,1436,1503,0.1388
65,1428,1493,0.1388
63,1432,1495,0.1388
61,1455,1516,0.1388
63,1440,1503,0.1388
65,1434,1499,0.1388
67,1440,1507,0.1388
65,1445,1510,0.1388
68,1438,1506,0.1388
69,1441,1510,0.1388
66,1428,1494,0.1388
63,1447,1510,0.1388
62,1456,1518,0.1388
66,1454,1520,0.1388
65,1455,1520,0.1388
65,1455,1520,0.1388
68,1452,1520,0.1388
67,1449,1516,0.1388
69,1453,1522,0.1388
71,1448,1519,0.1388
70,1459,1529,0.1388
72,1447,1519,0.1388
72,1437,1509,0.1388
70,1454,1524,0.1388
70,1468,1538,0.1388
69,1456,1525,0.1388
70,1443,1513,0.1388
67,1453,1520,0.1388
67,1441,1508,0.1388
65,1441,1506,0.1388
63,1450,1513,0.1388
61,1455,1516,0.1388
62,1450,1512,0.1388
62,1453,1515,0.1388
63,1451,1514,0.1388
62,1447,1509,0.1388
65,1456,1521,0.1388
64,1444,1508,0.1388
63,1451,1514,0.1388
63,1455,1518,0.1388
61,1450,1511,0.1388
67,1448,1515,0.1388
67,1460,1527,0.1388
68,1454,1522,0.1388
68,1446,1514,0.1388
67,1442,1509,0.1388
69,1436,1505,0.1388
68,1435,1503,0.1388
69,1435,1504,0.1388
66,1442,1508,0.1388
64,1445,1509,0.1388
66,1444,1510,0.1388
64,1461,1525,0.1388
65,1458,1523,0.1388
66,1446,1512,0.1388
65,1441,1506,0.1388
63,1438,1501,0.1388
64,1451,1515,0.1388
63,1466,1529,0.1388
61,1449,1510,0.1388
56,1470,1526,0.1388
53,1457,1510,0.1388
54,1448,1502,0.1388
54,1450,1504,0.1388
56,1452,1508,0.1388
55,1453,1508,0.1388
53,1458,1511,0.1388
54,1459,1513,0.1388
58,1445,1503,0.1388
57,1455,1512,0.1388
57,1463,1520,0.1388
59,1472,1531,0.1388
58,1458,1516,0.1388
57,1461,1518,0.1388
59,1449,1508,0.1388
58,1464,1522,0.1388
59,1453,1512,0.1388
58,1448,1506,0.1388
56,1460,1516,0.1388
56,1462,1518,0.1388
56,1455,1511,0.1388
55,1461,1516,0.1388
56,1454,1510,0.1388
58,1451,1509,0.1388
58,1465,1523,0.1388
56,1462,1518,0.1388
56,1461,1517,0.1388
56,1460,1516,0.1388
58,1478,1536,0.1388
58,1477,1535,0.1388
56,1472,1528,0.1388
57,1452,1509,0.1388
58,1450,1508,0.1388
59,1452,1511,0.1388
58,1448,1506,0.1388
58,1448,1506,0.1388
58,1444,1502,0.1388
56,1452,1508,0.1388
56,1451,1507,0.1388
58,1458,1516,0.1388
57,1458,1515,0.1388
54,1450,1504,0.1388
55,1460,1515,0.1388
56,1454,1510,0.1388
54,1461,1515,0.1388
56,1453,1509,0.1388
56,1466,1522,0.1388
54,1472,1526,0.1388
54,1458,1512,0.1388
53,1454,1507,0.1388
52,1462,1514,0.1388
55,1462,1517,0.1388
56,1467,1523,0.1388
56,1471,1527,0.1388
56,1462,1518,0.1388
56,1464,1520,0.1388
53,1470,1523,0.1388
51,1478,1529,0.1388
52,1483,1535,0.1388
53,1478,1531,0.1388
51,1476,1527,0.1388
49,1477,1526,0.1388
50,1472,1522,0.1388
52,1462,1514,0.1388
50,1467,1517,0.1388
51,1463,1514,0.1388
52,1454,1506,0.1388
53,1446,1499,0.1388
53,1462,1515,0.1388
55,1458,1513,0.1388
54,1468,1522,0.1388
54,1456,1510,0.1388
54,1457,1511,0.1388
52,1445,1497,0.1388
54,1458,1512,0.1388
53,1458,1511,0.1388
52,1459,1511,0.1388
53,1458,1511,0.1388
51,1464,1515,0.1388
52,1458,1510,0.1388
50,1464,1514,0.1388
52,1461,1513,0.1388
53,1471,1524,0.1388
57,1461,1518,0.1388
58,1462,1520,0.1388
58,1461,1519,0.1388
56,1452,1508,0.1388
55,1459,1514,0.1388
56,1451,1507,0.1388
56,1451,1507,0.1388
55,1466,1521,0.1388
54,1464,1518,0.1388
53,1458,1511,0.1388
53,1455,1508,0.1388
52,1468,1520,0.1388
50,1461,1511,0.1388
50,1451,1501,0.1388
51,1465,1516,0.1388
51,1467,1518,0.1388
51,1467,1518,0.1388
53,1460,1513,0.1388
53,1454,1507,0.1388
53,1458,1511,0.1388
54,1457,1511,0.1388
53,1470,1523,0.1388
57,1468,1525,0.1388
58,1471,1529,0.1388
58,1466,1524,0.1388
56,1454,1510,0.1388
56,1461,1517,0.1388
56,1458,1514,0.1388
56,1467,1523,0.1388
53,1457,1510,0.1388
53,1460,1513,0.1388
52,1460,1512,0.1388
51,1445,1496,0.1388
53,1470,1523,0.1388
53,1479,1532,0.1388
51,1469,1520,0.1388
52,1463,1515,0.1388
53,1464,1517,0.1388
52,1457,1509,0.1388
50,1478,1528,0.1388
52,1467,1519,0.1388
50,1471,1521,0.1388
50,1473,1523,0.1388
51,1474,1525,0.1388
49,1469,1518,0.1388
52,1459,1511,0.1388
51,1453,1504,0.1388
53,1462,1515,0.1388
53,1466,1519,0.1388
53,1466,1519,0.1388
50,1469,1519,0.1388
52,1453,1505,0.1388
51,1457,1508,0.1388
50,1465,1515,0.1388
52,1466,1518,0.1388
50,1476,1526,0.1388
50,1476,1526,0.1388
52,1457,1509,0.1388
53,1453,1506,0.1388
52,1456,1508,0.1388
55,1460,1515,0.1388
55,1450,1505,0.1388
54,1462,1516,0.1388
54,1461,1515,0.1388
55,1461,1516,0.1388
53,1463,1516,0.1388
52,1457,1509,0.1388
52,1468,1520,0.1388
53,1470,1523,0.1388
51,1450,1501,0.1388
51,1451,1502,0.1388
51,1468,1519,0.1388
51,1460,1511,0.1388
49,1475,1524,0.1388
49,1469,1518,0.1388
50,1465,1515,0.1388
50,1474,1524,0.1388
49,1464,1513,0.1388
49,1464,1513,0.1388
50,1454,1504,0.1388
50,1461,1511,0.1388
49,1477,1526,0.1388
46,1471,1517,0.1388
47,1469,1516,0.1388
47,1457,1504,0.1388
49,1453,1502,0.1388
50,1452,1502,0.1388
49,1461,1510,0.1388
47,1470,1517,0.1388
43,1464,1507,0.1388
41,1455,1496,0.1388
44,1452,1496,0.1388
45,1467,1512,0.1388
43,1464,1507,0.1388
44,1477,1521,0.1388
41,1467,1508,0.1388
40,1478,1518,0.1388
39,1487,1526,0.1388
40,1486,1526,0.1388
42,1488,1530,0.1388
41,1476,1517,0.1388
42,1482,1524,0.1388
41,1464,1505,0.1388
42,1467,1509,0.1388
42,1478,1520,0.1388
39,1460,1499,0.1388
40,1465,1505,0.1388
40,1454,1494,0.1388
39,1465,1504,0.1388
37,1474,1511,0.1388
36,1470,1506,0.1388
39,1473,1512,0.1388
38,1472,1510,0.1388
38,1469,1507,0.1388
37,1484,1521,0.1388
35,1478,1513,0.1388
35,1488,1523,0.1388
37,1489,1526,0.1388
35,1484,1519,0.1388
36,1485,1521,0.1388
36,1486,1522,0.1388
35,1489,1524,0.1388
35,1497,1532,0.1388
32,1501,1533,0.1388
33,1486,1519,0.1388
32,1468,1500,0.1388
32,1468,1500,0.1388
32,1461,1493,0.1388
34,1473,1507,0.1388
33,1474,1507,0.1388
33,1468,1501,0.1388
33,1481,1514,0.1388
32,1481,1513,0.1388
31,1481,1512,0.1388
30,1483,1513,0.1388
31,1496,1527,0.1388
31,1496,1527,0.1388
30,1487,1517,0.1388
29,1497,1526,0.1388
30,1498,1528,0.1388
29,1495,1524,0.1388
29,1496,1525,0.1388
28,1479,1507,0.1388
25,1483,1508,0.1388
24,1491,1515,0.1388
24,1497,1521,0.1388
25,1494,1519,0.1388
24,1492,1516,0.1388
23,1484,1507,0.1388
22,1489,1511,0.1388
23,1483,1506,0.1388
23,1477,1500,0.1388
24,1478,1502,0.1388
24,1485,1509,0.1388
23,1503,1526,0.1388
23,1512,1535,0.1388
22,1506,1528,0.1388
21,1513,1534,0.1388
19,1519,1538,0.1388
19,1507,1526,0.1388
19,1515,1534,0.1388
19,1514,1533,0.1388
19,1515,1534,0.1388
18,1501,1519,0.1388
19,1500,1519,0.1388
18,1500,1518,0.1388
18,1497,1515,0.1388
18,1497,1515,0.1388
18,1497,1515,0.1388
19,1500,1519,0.1388
19,1503,1522,0.1388
18,1508,1526,0.1388
18,1510,1528,0.1388
18,1486,1504,0.1388
18,1488,1506,0.1388
18,1497,1515,0.1388
18,1503,1521,0.1388
17,1509,1526,0.1388
16,1502,1518,0.1388
18,1487,1505,0.1388
18,1482,1500,0.1388
20,1492,1512,0.1388
20,1496,1516,0.1388
20,1501,1521,0.1388
20,1498,1518,0.1388
20,1502,1522,0.1388
19,1489,1508,0.1388
20,1506,1526,0.1388
21,1495,1516,0.1388
20,1476,1496,0.1388
19,1478,1497,0.1388
20,1493,1513,0.1388
20,1493,1513,0.1388
20,1502,1522,0.1388
20,1490,1510,0.1388
20,1495,1515,0.1388
21,1489,1510,0.1388
20,1496,1516,0.1388
20,1488,1508,0.1388
20,1498,1518,0.1388
18,1495,1513,0.1388
20,1492,1512,0.1388
18,1483,1501,0.1388
16,1504,1520,0.1388
17,1523,1540,0.1388
17,1509,1526,0.1388
15,1513,1528,0.1388
14,1504,1518,0.1388
14,1510,1524,0.1388
15,1514,1529,0.1388
13,1503,1516,0.1388
14,1489,1503,0.1388
14,1500,1514,0.1388
14,1491,1505,0.1388
15,1501,1516,0.1388
15,1505,1520,0.1388
16,1507,1523,0.1388
16,1509,1525,0.1388
16,1495,1511,0.1388
17,1507,1524,0.1388
18,1509,1527,0.1388
18,1507,1525,0.1388
20,1502,1522,0.1388
20,1507,1527,0.1388
18,1502,1520,0.1388
18,1495,1513,0.1388
18,1495,1513,0.1388
19,1507,1526,0.1388
18,1500,1518,0.1388
17,1494,1511,0.1388
17,1492,1509,0.1388
17,1489,1506,0.1388
17,1496,1513,0.1388
17,1506,1523,0.1388
16,1511,1527,0.1388
17,1509,1526,0.1388
18,1496,1514,0.1388
16,1500,1516,0.1388
16,1500,1516,0.1388
16,1500,1516,0.1388
16,1494,1510,0.1388
14,1496,1510,0.1388
14,1498,1512,0.1388
12,1499,1511,0.1388
11,1489,1500,0.1388
11,1480,1491,0.1388
10,1495,1505,0.1388
10,1512,1522,0.1388
10,1521,1531,0.1388
10,1523,1533,0.1388
10,1523,1533,0.1388
11,1517,1528,0.1388
11,1524,1535,0.1388
10,1510,1520,0.1388
10,1512,1522,0.1388
10,1507,1517,0.1388
10,1504,1514,0.1388
9,1507,1516,0.1388
9,1530,1539,0.1388
9,1520,1529,0.1388
9,1513,1522,0.1388
9,1503,1512,0.1388
9,1507,1516,0.1388
9,1516,1525,0.1388
9,1503,1512,0.1388
9,1499,1508,0.1388
9,1502,1511,0.1388
9,1512,1521,0.1388
8,1521,1529,0.1388
7,1522,1529,0.1388
7,1522,1529,0.1388
7,1512,1519,0.1388
7,1514,1521,0.1388
7,1517,1524,0.1388
6,1506,1512,0.1388
6,1506,1512,0.1388
5,1502,1507,0.1388
5,1494,1499,0.1388
5,1500,1505,0.1388
5,1496,1501,0.1388
5,1518,1523,0.1388
5,1519,1524,0.1388
6,1516,1522,0.1388
6,1519,1525,0.1388
8,1518,1526,0.1388
8,1508,1516,0.1388
8,1510,1518,0.1388
8,1513,1521,0.1388
8,1512,1520,0.1388
7,1516,1523,0.1388
7,1504,1511,0.1388
8,1508,1516,0.1388
8,1505,1513,0.1388
9,1504,1513,0.1388
10,1497,1507,0.1388
10,1493,1503,0.1388
10,1496,1506,0.1388
11,1503,1514,0.1388
12,1512,1524,0.1388
12,1514,1526,0.1388
11,1507,1518,0.1388
11,1512,1523,0.1388
10,1503,1513,0.1388
10,1522,1532,0.1388
10,1516,1526,0.1388
10,1510,1520,0.1388
10,1501,1511,0.1388
10,1501,1511,0.1388
10,1514,1524,0.1388
9,1507,1516,0.1388
9,1501,1510,0.1388
7,1509,1516,0.1388
7,1497,1504,0.1388
7,1495,1502,0.1388
6,1502,1508,0.1388
6,1499,1505,0.1388
6,1509,1515,0.1388
6,1505,1511,0.1388
7,1508,1515,0.1388
7,1516,1523,0.1388
6,1519,1525,0.1388
6,1519,1525,0.1388
6,1527,1533,0.1388
7,1523,1530,0.1388
7,1503,1510,0.1388
8,1508,1516,0.1388
7,1501,1508,0.1388
7,1509,1516,0.1388
7,1505,1512,0.1388
7,1511,1518,0.1388
7,1510,1517,0.1388
8,1514,1522,0.1388
8,1496,1504,0.1388
8,1511,1519,0.1388
7,1513,1520,0.1388
6,1524,1530,0.1388
6,1510,1516,0.1388
6,1512,1518,0.1388
5,1525,1530,0.1388
5,1517,1522,0.1388
5,1517,1522,0.1388
5,1519,1524,0.1388
5,1521,1526,0.1388
5,1512,1517,0.1388
5,1520,1525,0.1388
5,1516,1521,0.1388
5,1504,1509,0.1388
5,1507,1512,0.1388
4,1506,1510,0.1388
4,1509,1513,0.1388
4,1507,1511,0.1388
4,1514,1518,0.1388
4,1510,1514,0.1388
4,1524,1528,0.1388
4,1512,1516,0.1388
4,1510,1514,0.1388
4,1510,1514,0.1388
4,1503,1507,0.1388
4,1504,1508,0.1388
4,1510,1514,0.1388
4,1512,1516,0.1388
4,1506,1510,0.1388
4,1521,1525,0.1388
4,1508,1512,0.1388
4,1513,1517,0.1388
4,1509,1513,0.1388
6,1505,1511,0.1388
6,1516,1522,0.1388
6,1507,1513,0.1388
7,1514,1521,0.1388
6,1505,1511,0.1388
6,1499,1505,0.1388
6,1505,1511,0.1388
5,1501,1506,0.1388
5,1510,1515,0.1388
5,1503,1508,0.1388
5,1503,1508,0.1388
5,1499,1504,0.1388
5,1501,1506,0.1388
4,1505,1509,0.1388
4,1511,1515,0.1388
5,1514,1519,0.1388
5,1513,1518,0.1388
5,1517,1522,0.1388
5,1525,1530,0.1388
5,1538,1543,0.1388
5,1523,1528,0.1388
5,1528,1533,0.1388
5,1524,1529,0.1388
5,1518,1523,0.1388
5,1517,1522,0.1388
5,1529,1534,0.1388
5,1524,1529,0.1388
5,1518,1523,0.1388
5,1519,1524,0.1388
5,1513,1518,0.1388
5,1502,1507,0.1388
5,1515,1520,0.1388
5,1508,1513,0.1388
5,1508,1513,0.1388
5,1527,1532,0.1388
5,1523,1528,0.1388
5,1516,1521,0.1388
5,1526,1531,0.1388
5,1515,1520,0.1388
5,1503,1508,0.1388
5,1517,1522,0.1388
5,1509,1514,0.1388
5,1519,1524,0.1388
5,1520,1525,0.1388
5,1495,1500,0.1388
5,1512,1517,0.1388
5,1524,1529,0.1388
5,1519,1524,0.1388
5,1503,1508,0.1388
5,1503,1508,0.1388
5,1505,1510,0.1388
5,1509,1514,0.1388
4,1510,1514,0.1388
4,1499,1503,0.1388
4,1515,1519,0.1388
4,1502,1506,0.1388
4,1506,1510,0.1388
4,1511,1515,0.1388
4,1511,1515,0.1388
4,1518,1522,0.1388
4,1510,1514,0.1388
4,1516,1520,0.1388
4,1518,1522,0.1388
4,1507,1511,0.1388
4,1517,1521,0.1388
4,1508,1512,0.1388
4,1499,1503,0.1388
4,1500,1504,0.1388
4,1502,1506,0.1388
4,1502,1506,0.1388
4,1488,1492,0.1388
5,1495,1500,0.1388
5,1493,1498,0.1388
6,1496,1502,0.1388
7,1508,1515,0.1388
7,1506,1513,0.1388
7,1504,1511,0.1388
6,1506,1512,0.1388
6,1503,1509,0.1388
6,1500,1506,0.1388
6,1508,1514,0.1388
7,1508,1515,0.1388
7,1511,1518,0.1388
8,1502,1510,0.1388
8,1499,1507,0.1388
7,1510,1517,0.1388
8,1511,1519,0.1388
9,1512,1521,0.1388
9,1508,1517,0.1388
9,1499,1508,0.1388
9,1497,1506,0.1388
9,1511,1520,0.1388
9,1512,1521,0.1388
9,1509,1518,0.1388
10,1510,1520,0.1388
10,1513,1523,0.1388
10,1508,1518,0.1388
11,1524,1535,0.1388
10,1520,1530,0.1388
9,1519,1528,0.1388
9,1522,1531,0.1388
8,1530,1538,0.1388
8,1522,1530,0.1388
8,1519,1527,0.1388
9,1506,1515,0.1388
8,1501,1509,0.1388
8,1499,1507,0.1388
8,1506,1514,0.1388
8,1512,1520,0.1388
8,1515,1523,0.1388
8,1507,1515,0.1388
8,1507,1515,0.1388
8,1505,1513,0.1388
9,1506,1515,0.1388
9,1503,1512,0.1388
9,1491,1500,0.1388
9,1505,1514,0.1388
9,1507,1516,0.1388
9,1498,1507,0.1388
9,1525,1534,0.1388
9,1519,1528,0.1388
8,1510,1518,0.1388
8,1516,1524,0.1388
8,1499,1507,0.1388
8,1499,1507,0.1388
8,1506,1514,0.1388
8,1507,1515,0.1388
9,1506,1515,0.1388
9,1504,1513,0.1388
9,1493,1502,0.1388
9,1496,1505,0.1388
9,1504,1513,0.1388
9,1508,1517,0.1388
9,1508,1517,0.1388
10,1507,1517,0.1388
10,1505,1515,0.1388
10,1507,1517,0.1388
11,1506,1517,0.1388
11,1508,1519,0.1388
11,1514,1525,0.1388
11,1505,1516,0.1388
11,1514,1525,0.1388
11,1522,1533,0.1388
12,1518,1530,0.1388
11,1516,1527,0.1388
11,1520,1531,0.1388
10,1505,1515,0.1388
10,1503,1513,0.1388
10,1513,1523,0.1388
10,1509,1519,0.1388
10,1490,1500,0.1388
10,1487,1497,0.1388
10,1497,1507,0.1388
10,1496,1506,0.1388
10,1493,1503,0.1388
11,1497,1508,0.1388
10,1499,1509,0.1388
10,1496,1506,0.1388
11,1506,1517,0.1388
12,1523,1535,0.1388
12,1508,1520,0.1388
11,1506,1517,0.1388
12,1498,1510,0.1388
12,1502,1514,0.1388
11,1511,1522,0.1388
11,1506,1517,0.1388
11,1497,1508,0.1388
11,1500,1511,0.1388
11,1499,1510,0.1388
10,1499,1509,0.1388
10,1507,1517,0.1388
11,1510,1521,0.1388
10,1505,1515,0.1388
10,1504,1514,0.1388
9,1506,1515,0.1388
8,1486,1494,0.1388
8,1498,1506,0.1388
8,1501,1509,0.1388
7,1512,1519,0.1388
6,1514,1520,0.1388
5,1504,1509,0.1388
5,1514,1519,0.1388
5,1505,1510,0.1388
5,1496,1501,0.1388
4,1500,1504,0.1388
4,1511,1515,0.1388
5,1522,1527,0.1388
5,1523,1528,0.1388
4,1515,1519,0.1388
4,1502,1506,0.1388
4,1501,1505,0.1388
4,1515,1519,0.1388
4,1509,1513,0.1388
4,1502,1506,0.1388
4,1510,1514,0.1388
4,1514,1518,0.1388
5,1502,1507,0.1388
5,1500,1505,0.1388
5,1506,1511,0.1388
5,1485,1490,0.1388
5,1495,1500,0.1388
5,1497,1502,0.1388
4,1509,1513,0.1388
4,1532,1536,0.1388
4,1524,1528,0.1388
4,1530,1534,0.1388
4,1530,1534,0.1388
4,1540,1544,0.1388
3,1536,1539,0.1388
3,1518,1521,0.1388
3,1516,1519,0.1388
3,1514,1517,0.1388
3,1523,1526,0.1388
3,1510,1513,0.1388
3,1506,1509,0.1388
3,1512,1515,0.1388
2,1518,1520,0.1388
2,1520,1522,0.1388
3,1533,1536,0.1388
3,1523,1526,0.1388
4,1515,1519,0.1388
4,1521,1525,0.1388
4,1533,1537,0.1388
4,1517,1521,0.1388
4,1506,1510,0.1388
4,1495,1499,0.1388
4,1504,1508,0.1388
4,1495,1499,0.1388
4,1496,1500,0.1388
4,1491,1495,0.1388
4,1507,1511,0.1388
4,1507,1511,0.1388
4,1511,1515,0.1388
4,1517,1521,0.1388
4,1512,1516,0.1388
4,1509,1513,0.1388
4,1515,1519,0.1388
4,1522,1526,0.1388
4,1511,1515,0.1388
3,1507,1510,0.1388
3,1507,1510,0.1388
3,1509,1512,0.1388
3,1512,1515,0.1388
3,1512,1515,0.1388
3,1512,1515,0.1388
3,1499,1502,0.1388
3,1512,1515,0.1388
3,1517,1520,0.1388
2,1516,1518,0.1388
2,1512,1514,0.1388
2,1508,1510,0.1388
2,1518,1520,0.1388
2,1522,1524,0.1388
2,1515,1517,0.1388
2,1515,1517,0.1388
2,1519,1521,0.1388
2,1512,1514,0.1388
2,1511,1513,0.1388
2,1520,1522,0.1388
2,1517,1519,0.1388
2,1513,1515,0.1388
2,1502,1504,0.1388
2,1510,1512,0.1388
2,1510,1512,0.1388
2,1511,1513,0.1388
2,1517,1519,0.1388
2,1524,1526,0.1388
2,1515,1517,0.1388
3,1513,1516,0.1388
3,1506,1509,0.1388
4,1508,1512,0.1388
5,1504,1509,0.1388
5,1503,1508,0.1388
5,1512,1517,0.1388
7,1509,1516,0.1388
7,1503,1510,0.1388
8,1501,1509,0.1388
7,1508,1515,0.1388
7,1507,1514,0.1388
7,1512,1519,0.1388
7,1520,1527,0.1388
7,1513,1520,0.1388
7,1514,1521,0.1388
6,1516,1522,0.1388
6,1517,1523,0.1388
6,1514,1520,0.1388
6,1503,1509,0.1388
5,1508,1513,0.1388
5,1506,1511,0.1388
5,1532,1537,0.1388
5,1521,1526,0.1388
5,1514,1519,0.1388
4,1505,1509,0.1388
4,1514,1518,0.1388
4,1512,1516,0.1388
4,1522,1526,0.1388
4,1515,1519,0.1388
4,1508,1512,0.1388
4,1513,1517,0.1388
4,1504,1508,0.1388
4,1503,1507,0.1388
4,1512,1516,0.1388
3,1495,1498,0.1388
3,1492,1495,0.1388
3,1513,1516,0.1388
3,1515,1518,0.1388
3,1510,1513,0.1388
3,1516,1519,0.1388
3,1505,1508,0.1388
3,1513,1516,0.1388
3,1517,1520,0.1388
3,1525,1528,0.1388
3,1521,1524,0.1388
2,1522,1524,0.1388
2,1528,1530,0.1388
2,1525,1527,0.1388
2,1534,1536,0.1388
2,1529,1531,0.1388
2,1544,1546,0.1388
2,1531,1533,0.1388
2,1522,1524,0.1388
2,1515,1517,0.1388
2,1528,1530,0.1388
2,1518,1520,0.1388
2,1517,1519,0.1388
2,1509,1511,0.1388
2,1513,1515,0.1388
2,1505,1507,0.1388
3,1496,1499,0.1388
3,1508,1511,0.1388
3,1509,1512,0.1388
3,1514,1517,0.1388
4,1499,1503,0.1388
4,1495,1499,0.1388
4,1504,1508,0.1388
4,1501,1505,0.1388
4,1494,1498,0.1388
4,1507,1511,0.1388
4,1502,1506,0.1388
4,1507,1511,0.1388
5,1515,1520,0.1388
5,1511,1516,0.1388
5,1510,1515,0.1388
5,1515,1520,0.1388
5,1521,1526,0.1388
5,1516,1521,0.1388
5,1515,1520,0.1388
5,1515,1520,0.1388
5,1508,1513,0.1388
5,1518,1523,0.1388
5,1520,1525,0.1388
5,1525,1530,0.1388
5,1529,1534,0.1388
5,1514,1519,0.1388
5,1505,1510,0.1388
5,1508,1513,0.1388
5,1516,1521,0.1388
5,1512,1517,0.1388
5,1488,1493,0.1388
5,1497,1502,0.1388
4,1505,1509,0.1388
4,1502,1506,0.1388
4,1510,1514,0.1388
4,1525,1529,0.1388
4,1528,1532,0.1388
4,1516,1520,0.1388
3,1516,1519,0.1388
3,1519,1522,0.1388
4,1519,1523,0.1388
4,1526,1530,0.1388
4,1523,1527,0.1388
4,1518,1522,0.1388
4,1524,1528,0.1388
4,1523,1527,0.1388
4,1515,1519,0.1388
4,1516,1520,0.1388
4,1527,1531,0.1388
4,1519,1523,0.1388
3,1512,1515,0.1388
3,1516,1519,0.1388
3,1526,1529,0.1388
3,1511,1514,0.1388
3,1512,1515,0.1388
4,1513,1517,0.1388
4,1497,1501,0.1388
4,1510,1514,0.1388
4,1503,1507,0.1388
4,1509,1513,0.1388
4,1496,1500,0.1388
3,1505,1508,0.1388
4,1514,1518,0.1388
4,1515,1519,0.1388
4,1496,1500,0.1388
5,1514,1519,0.1388
6,1509,1515,0.1388
6,1512,1518,0.1388
6,1512,1518,0.1388
6,1510,1516,0.1388
6,1515,1521,0.1388
6,1518,1524,0.1388
6,1514,1520,0.1388
6,1516,1522,0.1388
7,1531,1538,0.1388
7,1513,1520,0.1388
7,1518,1525,0.1388
5,1526,1531,0.1388
5,1515,1520,0.1388
5,1515,1520,0.1388
6,1505,1511,0.1388
6,1512,1518,0.1388
6,1523,1529,0.1388
6,1510,1516,0.1388
6,1510,1516,0.1388
7,1505,1512,0.1388
6,1505,1511,0.1388
6,1506,1512,0.1388
6,1509,1515,0.1388
7,1498,1505,0.1388
7,1497,1504,0.1388
7,1503,1510,0.1388
7,1502,1509,0.1388
7,1506,1513,0.1388
7,1513,1520,0.1388
7,1519,1526,0.1388
7,1521,1528,0.1388
8,1512,1520,0.1388
8,1498,1506,0.1388
8,1508,1516,0.1388
7,1502,1509,0.1388
7,1512,1519,0.1388
8,1526,1534,0.1388
8,1537,1545,0.1388
8,1528,1536,0.1388
8,1508,1516,0.1388
8,1513,1521,0.1388
8,1510,1518,0.1388
8,1518,1526,0.1388
8,1522,1530,0.1388
9,1504,1513,0.1388
9,1519,1528,0.1388
9,1515,1524,0.1388
9,1513,1522,0.1388
9,1509,1518,0.1388
9,1505,1514,0.1388
9,1500,1509,0.1388
9,1492,1501,0.1388
9,1514,1523,0.1388
8,1512,1520,0.1388
8,1500,1508,0.1388
7,1495,1502,0.1388
8,1507,1515,0.1388
8,1512,1520,0.1388
8,1510,1518,0.1388
8,1500,1508,0.1388
8,1502,1510,0.1388
8,1516,1524,0.1388
9,1517,1526,0.1388
8,1510,1518,0.1388
7,1506,1513,0.1388
7,1503,1510,0.1388
5,1510,1515,0.1388
5,1504,1509,0.1388
5,1514,1519,0.1388
5,1503,1508,0.1388
5,1509,1514,0.1388
5,1505,1510,0.1388
5,1511,1516,0.1388
5,1496,1501,0.1388
5,1513,1518,0.1388
7,1514,1521,0.1388
7,1517,1524,0.1388
7,1531,1538,0.1388
6,1525,1531,0.1388
6,1520,1526,0.1388
6,1512,1518,0.1388
6,1519,1525,0.1388
6,1519,1525,0.1388
6,1516,1522,0.1388
6,1525,1531,0.1388
6,1517,1523,0.1388
6,1508,1514,0.1388
6,1515,1521,0.1388
6,1513,1519,0.1388
6,1512,1518,0.1388
6,1508,1514,0.1388
6,1498,1504,0.1388
7,1504,1511,0.1388
7,1507,1514,0.1388
7,1505,1512,0.1388
7,1514,1521,0.1388
7,1517,1524,0.1388
7,1525,1532,0.1388
7,1522,1529,0.1388
7,1510,1517,0.1388
7,1520,1527,0.1388
8,1505,1513,0.1388
7,1510,1517,0.1388
7,1512,1519,0.1388
8,1501,1509,0.1388
8,1494,1502,0.1388
8,1512,1520,0.1388
8,1509,1517,0.1388
7,1497,1504,0.1388
7,1507,1514,0.1388
7,1508,1515,0.1388
7,1503,1510,0.1388
8,1500,1508,0.1388
8,1514,1522,0.1388
7,1511,1518,0.1388
7,1519,1526,0.1388
7,1512,1519,0.1388
7,1517,1524,0.1388
7,1511,1518,0.1388
7,1527,1534,0.1388
7,1519,1526,0.1388
6,1512,1518,0.1388
9,1517,1526,0.1388
9,1517,1526,0.1388
10,1511,1521,0.1388
10,1499,1509,0.1388
11,1489,1500,0.1388
11,1481,1492,0.1388
11,1489,1500,0.1388
13,1487,1500,0.1388
16,1489,1505,0.1388
17,1483,1500,0.1388
16,1479,1495,0.1388
15,1492,1507,0.1388
15,1495,1510,0.1388
15,1498,1513,0.1388
15,1485,1500,0.1388
15,1490,1505,0.1388
14,1499,1513,0.1388
13,1511,1524,0.1388
12,1518,1530,0.1388
12,1511,1523,0.1388
13,1507,1520,0.1388
13,1508,1521,0.1388
13,1510,1523,0.1388
11,1498,1509,0.1388
12,1490,1502,0.1388
13,1487,1500,0.1388
13,1504,1517,0.1388
12,1498,1510,0.1388
12,1495,1507,0.1388
13,1499,1512,0.1388
13,1496,1509,0.1388
13,1503,1516,0.1388
14,1503,1517,0.1388
14,1500,1514,0.1388
14,1491,1505,0.1388
14,1492,1506,0.1388
13,1504,1517,0.1388
13,1511,1524,0.1388
12,1526,1538,0.1388
12,1527,1539,0.1388
10,1522,1532,0.1388
10,1513,1523,0.1388
10,1508,1518,0.1388
9,1501,1510,0.1388
8,1512,1520,0.1388
9,1516,1525,0.1388
9,1505,1514,0.1388
8,1502,1510,0.1388
7,1507,1514,0.1388
7,1517,1524,0.1388
7,1508,1515,0.1388
7,1508,1515,0.1388
6,1516,1522,0.1388
6,1502,1508,0.1388
5,1496,1501,0.1388
5,1510,1515,0.1388
4,1503,1507,0.1388
5,1523,1528,0.1388
5,1529,1534,0.1388
5,1531,1536,0.1388
4,1531,1535,0.1388
5,1532,1537,0.1388
4,1533,1537,0.1388
4,1520,1524,0.1388
4,1531,1535,0.1388
5,1532,1537,0.1388
5,1519,1524,0.1388
5,1524,1529,0.1388
4,1515,1519,0.1388
5,1521,1526,0.1388
5,1527,1532,0.1388
5,1527,1532,0.1388
5,1524,1529,0.1388
5,1505,1510,0.1388
5,1503,1508,0.1388
4,1507,1511,0.1388
4,1508,1512,0.1388
4,1506,1510,0.1388
4,1499,1503,0.1388
4,1512,1516,0.1388
4,1504,1508,0.1388
4,1508,1512,0.1388
4,1531,1535,0.1388
4,1503,1507,0.1388
4,1511,1515,0.1388
4,1507,1511,0.1388
4,1516,1520,0.1388
4,1514,1518,0.1388
4,1519,1523,0.1388
4,1517,1521,0.1388
4,1500,1504,0.1388
5,1504,1509,0.1388
5,1507,1512,0.1388
4,1508,1512,0.1388
4,1505,1509,0.1388
4,1520,1524,0.1388
4,1521,1525,0.1388
4,1517,1521,0.1388
4,1518,1522,0.1388
4,1510,1514,0.1388
4,1520,1524,0.1388
4,1527,1531,0.1388
3,1512,1515,0.1388
3,1509,1512,0.1388
4,1514,1518,0.1388
4,1517,1521,0.1388
4,1520,1524,0.1388
3,1513,1516,0.1388
2,1509,1511,0.1388
2,1499,1501,0.1388
2,1510,1512,0.1388
2,1509,1511,0.1388
2,1519,1521,0.1388
2,1510,1512,0.1388
2,1499,1501,0.1388
2,1502,1504,0.1388
2,1511,1513,0.1388
2,1509,1511,0.1388
2,1510,1512,0.1388
2,1512,1514,0.1388
2,1528,1530,0.1388
2,1525,1527,0.1388
2,1512,1514,0.1388
2,1505,1507,0.1388
2,1506,1508,0.1388
2,1512,1514,0.1388
2,1512,1514,0.1388
2,1519,1521,0.1388
3,1514,1517,0.1388
3,1517,1520,0.1388
2,1516,1518,0.1388
2,1525,1527,0.1388
2,1512,1514,0.1388
2,1504,1506,0.1388
2,1504,1506,0.1388
2,1510,1512,0.1388
2,1509,1511,0.1388
2,1518,1520,0.1388
2,1522,1524,0.1388
2,1524,1526,0.1388
2,1523,1525,0.1388
2,1518,1520,0.1388
2,1498,1500,0.1388
2,1496,1498,0.1388
2,1498,1500,0.1388
2,1501,1503,0.1388
2,1519,1521,0.1388
2,1517,1519,0.1388
2,1522,1524,0.1388
2,1532,1534,0.1388
2,1535,1537,0.1388
2,1521,1523,0.1388
2,1521,1523,0.1388
1,1516,1517,0.1388
1,1510,1511,0.1388
1,1507,1508,0.1388
1,1514,1515,0.1388
1,1524,1525,0.1388
1,1519,1520,0.1388
1,1517,1518,0.1388
1,1506,1507,0.1388
1,1510,1511,0.1388
1,1516,1517,0.1388
1,1520,1521,0.1388
1,1531,1532,0.1388
1,1534,1535,0.1388
2,1528,1530,0.1388
2,1526,1528,0.1388
2,1528,1530,0.1388
2,1525,1527,0.1388
3,1530,1533,0.1388
3,1515,1518,0.1388
3,1521,1524,0.1388
3,1521,1524,0.1388
3,1514,1517,0.1388
3,1514,1517,0.1388
3,1517,1520,0.1388
3,1527,1530,0.1388
3,1532,1535,0.1388
3,1529,1532,0.1388
2,1518,1520,0.1388
2,1518,1520,0.1388
3,1509,1512,0.1388
4,1520,1524,0.1388
4,1523,1527,0.1388
4,1525,1529,0.1388
4,1523,1527,0.1388
3,1516,1519,0.1388
3,1521,1524,0.1388
3,1509,1512,0.1388
3,1517,1520,0.1388
3,1513,1516,0.1388
3,1505,1508,0.1388
3,1511,1514,0.1388
3,1506,1509,0.1388
3,1508,1511,0.1388
3,1522,1525,0.1388
3,1527,1530,0.1388
2,1517,1519,0.1388
2,1522,1524,0.1388
2,1509,1511,0.1388
2,1513,1515,0.1388
2,1509,1511,0.1388
1,1508,1509,0.1388
1,1505,1506,0.1388
2,1509,1511,0.1388
2,1497,1499,0.1388
2,1501,1503,0.1388
4,1493,1497,0.1388
3,1507,1510,0.1388
3,1504,1507,0.1388
4,1505,1509,0.1388
3,1513,1516,0.1388
3,1507,1510,0.1388
3,1511,1514,0.1388
3,1514,1517,0.1388
3,1505,1508,0.1388
3,1500,1503,0.1388
3,1492,1495,0.1388
3,1508,1511,0.1388
3,1503,1506,0.1388
3,1514,1517,0.1388
3,1504,1507,0.1388
3,1519,1522,0.1388
4,1512,1516,0.1388
4,1518,1522,0.1388
3,1511,1514,0.1388
3,1517,1520,0.1388
3,1520,1523,0.1388
3,1516,1519,0.1388
2,1511,1513,0.1388
2,1510,1512,0.1388
1,1523,1524,0.1388
1,1525,1526,0.1388
1,1509,1510,0.1388
1,1516,1517,0.1388
1,1524,1525,0.1388
1,1525,1526,0.1388
1,1529,1530,0.1388
1,1524,1525,0.1388
1,1518,1519,0.1388
2,1512,1514,0.1388
1,1520,1521,0.1388
1,1515,1516,0.1388
1,1520,1521,0.1388
1,1513,1514,0.1388
1,1515,1516,0.1388
1,1515,1516,0.1388
1,1522,1523,0.1388
1,1519,1520,0.1388
1,1518,1519,0.1388
1,1517,1518,0.1388
1,1523,1524,0.1388
1,1518,1519,0.1388
1,1521,1522,0.1388
1,1525,1526,0.1388
1,1524,1525,0.1388
1,1528,1529,0.1388
1,1523,1524,0.1388
1,1520,1521,0.1388
1,1533,1534,0.1388
1,1522,1523,0.1388
1,1532,1533,0.1388
1,1521,1522,0.1388
1,1518,1519,0.1388
1,1512,1513,0.1388
1,1514,1515,0.1388
1,1514,1515,0.1388
1,1516,1517,0.1388
1,1514,1515,0.1388
1,1512,1513,0.1388
1,1504,1505,0.1388
1,1498,1499,0.1388
1,1512,1513,0.1388
1,1510,1511,0.1388
1,1507,1508,0.1388
1,1505,1506,0.1388
1,1509,1510,0.1388
1,1504,1505,0.1388
1,1505,1506,0.1388
1,1501,1502,0.1388
1,1512,1513,0.1388
1,1528,1529,0.1388
0,1514,1514,0.1388
