1359,28,1387,0.1388
1404,30,1434,0.1388
1417,30,1447,0.1388
1437,32,1469,0.1388
1442,33,1475,0.1388
1437,34,1471,0.1388
1447,34,1481,0.1388
1441,33,1474,0.1388
1465,32,1497,0.1388
1477,32,1509,0.1388
1463,33,1496,0.1388
1449,33,1482,0.1388
1440,31,1471,0.1388
1439,32,1471,0.1388
1437,33,1470,0.1388
1443,34,1477,0.1388
1453,33,1486,0.1388
1453,32,1485,0.1388
1458,34,1492,0.1388
1461,35,1496,0.1388
1452,34,1486,0.1388
1457,34,1491,0.1388
1465,34,1499,0.1388
1450,35,1485,0.1388
1458,35,1493,0.1388
1457,35,1492,0.1388
1459,34,1493,0.1388
1457,34,1491,0.1388
1467,34,1501,0.1388
1467,31,1498,0.1388
1472,31,1503,0.1388
1465,33,1498,0.1388
1463,33,1496,0.1388
1462,31,1493,0.1388
1467,36,1503,0.1388
1467,35,1502,0.1388
1464,33,1497,0.1388
1470,33,1503,0.1388
1457,36,1493,0.1388
1450,38,1488,0.1388
1461,35,1496,0.1388
1449,36,1485,0.1388
1457,39,1496,0.1388
1458,38,1496,0.1388
1450,38,1488,0.1388
1455,38,1493,0.1388
1457,40,1497,0.1388
1463,43,1506,0.1388
1450,45,1495,0.1388
1441,46,1487,0.1388
1446,45,1491,0.1388
1444,47,1491,0.1388
1445,47,1492,0.1388
1427,45,1472,0.1388
1438,47,1485,0.1388
1449,48,1497,0.1388
1451,49,1500,0.1388
1461,46,1507,0.1388
1454,44,1498,0.1388
1452,46,1498,0.1388
1444,47,1491,0.1388
1455,48,1503,0.1388
1443,43,1486,0.1388
1445,43,1488,0.1388
1442,43,1485,0.1388
1450,43,1493,0.1388
1450,42,1492,0.1388
1448,43,1491,0.1388
1441,45,1486,0.1388
1444,43,1487,0.1388
1445,45,1490,0.1388
1443,46,1489,0.1388
1456,46,1502,0.1388
1455,44,1499,0.1388
1450,47,1497,0.1388
1455,46,1501,0.1388
1459,44,1503,0.1388
1454,44,1498,0.1388
1439,45,1484,0.1388
1442,46,1488,0.1388
1454,46,1500,0.1388
1458,47,1505,0.1388
1450,46,1496,0.1388
1457,45,1502,0.1388
1448,47,1495,0.1388
1448,48,1496,0.1388
1438,47,1485,0.1388
1429,46,1475,0.1388
1450,48,1498,0.1388
1455,48,1503,0.1388
1468,46,1514,0.1388
1471,46,1517,0.1388
1451,41,1492,0.1388
1467,41,1508,0.1388
1461,42,1503,0.1388
1459,40,1499,0.1388
1465,42,1507,0.1388
1468,44,1512,0.1388
1461,45,1506,0.1388
1473,44,1517,0.1388
1473,41,1514,0.1388
1465,42,1507,0.1388
1460,40,1500,0.1388
1451,45,1496,0.1388
1443,47,1490,0.1388
1447,49,1496,0.1388
1445,51,1496,0.1388
1440,51,1491,0.1388
1447,51,1498,0.1388
1441,52,1493,0.1388
1439,50,1489,0.1388
1443,51,1494,0.1388
1431,52,1483,0.1388
1417,55,1472,0.1388
1423,54,1477,0.1388
1425,56,1481,0.1388
1430,57,1487,0.1388
1438,56,1494,0.1388
1447,60,1507,0.1388
1444,61,1505,0.1388
1458,61,1519,0.1388
1461,61,1522,0.1388
1452,62,1514,0.1388
1449,62,1511,0.1388
1448,59,1507,0.1388
1447,59,1506,0.1388
1445,59,1504,0.1388
1435,60,1495,0.1388
1445,62,1507,0.1388
1432,59,1491,0.1388
1437,59,1496,0.1388
1427,58,1485,0.1388
1430,58,1488,0.1388
1440,57,1497,0.1388
1449,58,1507,0.1388
1446,61,1507,0.1388
1439,61,1500,0.1388
1438,63,1501,0.1388
1433,63,1496,0.1388
1443,63,1506,0.1388
1445,62,1507,0.1388
1444,62,1506,0.1388
1444,64,1508,0.1388
1441,64,1505,0.1388
1430,64,1494,0.1388
1439,65,1504,0.1388
1428,65,1493,0.1388
1430,66,1496,0.1388
1427,65,1492,0.1388
1433,66,1499,0.1388
1441,68,1509,0.1388
1436,65,1501,0.1388
1429,65,1494,0.1388
1431,66,1497,0.1388
1447,67,1514,0.1388
1439,69,1508,0.1388
1436,67,1503,0.1388
1436,71,1507,0.1388
1430,69,1499,0.1388
1417,69,1486,0.1388
1421,68,1489,0.1388
1410,70,1480,0.1388
1424,73,1497,0.1388
1422,72,1494,0.1388
1418,72,1490,0.1388
1418,74,1492,0.1388
1413,71,1484,0.1388
1414,71,1485,0.1388
1405,70,1475,0.1388
1415,68,1483,0.1388
1407,69,1476,0.1388
1414,68,1482,0.1388
1431,67,1498,0.1388
1426,70,1496,0.1388
1417,70,1487,0.1388
1419,74,1493,0.1388
1426,77,1503,0.1388
1430,79,1509,0.1388
1425,82,1507,0.1388
1424,82,1506,0.1388
1416,80,1496,0.1388
1410,79,1489,0.1388
1415,78,1493,0.1388
1415,79,1494,0.1388
1414,77,1491,0.1388
1415,80,1495,0.1388
1416,82,1498,0.1388
1403,85,1488,0.1388
1413,85,1498,0.1388
1415,88,1503,0.1388
1416,88,1504,0.1388
1407,88,1495,0.1388
1406,90,1496,0.1388
1400,93,1493,0.1388
1401,92,1493,0.1388
1401,96,1497,0.1388
1404,95,1499,0.1388
1403,93,1496,0.1388
1404,94,1498,0.1388
1397,98,1495,0.1388
1412,97,1509,0.1388
1409,96,1505,0.1388
1404,98,1502,0.1388
1411,102,1513,0.1388
1410,100,1510,0.1388
1393,99,1492,0.1388
1385,97,1482,0.1388
1392,94,1486,0.1388
1377,94,1471,0.1388
1385,96,1481,0.1388
1380,96,1476,0.1388
1387,95,1482,0.1388
1385,96,1481,0.1388
1392,98,1490,0.1388
1391,96,1487,0.1388
1404,97,1501,0.1388
1401,96,1497,0.1388
1413,96,1509,0.1388
1415,98,1513,0.1388
1390,101,1491,0.1388
1394,100,1494,0.1388
1398,100,1498,0.1388
1400,95,1495,0.1388
1382,98,1480,0.1388
1374,98,1472,0.1388
1372,103,1475,0.1388
1384,98,1482,0.1388
1396,98,1494,0.1388
1400,105,1505,0.1388
1391,108,1499,0.1388
1400,108,1508,0.1388
1404,112,1516,0.1388
1410,111,1521,0.1388
1404,111,1515,0.1388
1400,110,1510,0.1388
1388,107,1495,0.1388
1389,111,1500,0.1388
1384,115,1499,0.1388
1393,115,1508,0.1388
1397,115,1512,0.1388
1393,116,1509,0.1388
1393,114,1507,0.1388
1396,116,1512,0.1388
1379,117,1496,0.1388
1375,115,1490,0.1388
1371,113,1484,0.1388
1382,114,1496,0.1388
1381,113,1494,0.1388
1392,113,1505,0.1388
1395,112,1507,0.1388
1391,112,1503,0.1388
1380,110,1490,0.1388
1372,110,1482,0.1388
1382,109,1491,0.1388
1388,110,1498,0.1388
1386,107,1493,0.1388
1401,107,1508,0.1388
1395,110,1505,0.1388
1384,108,1492,0.1388
1387,110,1497,0.1388
1389,107,1496,0.1388
1388,108,1496,0.1388
1386,110,1496,0.1388
1387,113,1500,0.1388
1385,114,1499,0.1388
1376,114,1490,0.1388
1385,113,1498,0.1388
1388,116,1504,0.1388
1392,111,1503,0.1388
1395,110,1505,0.1388
1377,111,1488,0.1388
1384,112,1496,0.1388
1376,116,1492,0.1388
1371,117,1488,0.1388
1373,121,1494,0.1388
1375,121,1496,0.1388
1373,120,1493,0.1388
1374,122,1496,0.1388
1369,126,1495,0.1388
1369,123,1492,0.1388
1372,121,1493,0.1388
1385,118,1503,0.1388
1374,120,1494,0.1388
1375,125,1500,0.1388
1366,127,1493,0.1388
1355,129,1484,0.1388
1363,131,1494,0.1388
1360,130,1490,0.1388
1353,130,1483,0.1388
1358,132,1490,0.1388
1357,133,1490,0.1388
1352,133,1485,0.1388
1364,132,1496,0.1388
1365,131,1496,0.1388
1362,130,1492,0.1388
1368,130,1498,0.1388
1370,131,1501,0.1388
1365,129,1494,0.1388
1346,135,1481,0.1388
1347,133,1480,0.1388
1361,132,1493,0.1388
1357,129,1486,0.1388
1371,130,1501,0.1388
1362,131,1493,0.1388
1348,129,1477,0.1388
1345,128,1473,0.1388
1348,128,1476,0.1388
1355,134,1489,0.1388
1345,132,1477,0.1388
1351,135,1486,0.1388
1360,134,1494,0.1388
1356,136,1492,0.1388
1366,133,1499,0.1388
1363,136,1499,0.1388
1357,136,1493,0.1388
1354,140,1494,0.1388
1347,143,1490,0.1388
1351,143,1494,0.1388
1350,138,1488,0.1388
1349,137,1486,0.1388
1361,138,1499,0.1388
1349,140,1489,0.1388
1343,140,1483,0.1388
1340,139,1479,0.1388
1341,139,1480,0.1388
1334,133,1467,0.1388
1348,144,1492,0.1388
1346,139,1485,0.1388
1336,144,1480,0.1388
1344,147,1491,0.1388
1348,150,1498,0.1388
1343,150,1493,0.1388
1334,149,1483,0.1388
1335,149,1484,0.1388
1332,150,1482,0.1388
1335,152,1487,0.1388
1327,152,1479,0.1388
1332,152,1484,0.1388
1328,147,1475,0.1388
1343,146,1489,0.1388
1338,145,1483,0.1388
1330,142,1472,0.1388
1318,147,1465,0.1388
1335,149,1484,0.1388
1344,153,1497,0.1388
1341,153,1494,0.1388
1337,153,1490,0.1388
1339,154,1493,0.1388
1341,157,1498,0.1388
1348,156,1504,0.1388
1332,160,1492,0.1388
1332,162,1494,0.1388
1326,162,1488,0.1388
1324,165,1489,0.1388
1338,165,1503,0.1388
1333,165,1498,0.1388
1338,163,1501,0.1388
1337,164,1501,0.1388
1338,164,1502,0.1388
1340,168,1508,0.1388
1334,163,1497,0.1388
1339,161,1500,0.1388
1338,162,1500,0.1388
1338,164,1502,0.1388
1336,165,1501,0.1388
1326,173,1499,0.1388
1324,173,1497,0.1388
1325,172,1497,0.1388
1331,173,1504,0.1388
1338,172,1510,0.1388
1336,173,1509,0.1388
1338,174,1512,0.1388
1335,177,1512,0.1388
1330,178,1508,0.1388
1318,174,1492,0.1388
1326,179,1505,0.1388
1315,182,1497,0.1388
1296,179,1475,0.1388
1307,178,1485,0.1388
1313,179,1492,0.1388
1305,186,1491,0.1388
1313,191,1504,0.1388
1313,191,1504,0.1388
1296,193,1489,0.1388
1312,193,1505,0.1388
1317,192,1509,0.1388
1318,191,1509,0.1388
1329,185,1514,0.1388
1318,183,1501,0.1388
1313,185,1498,0.1388
1308,189,1497,0.1388
1308,188,1496,0.1388
1308,190,1498,0.1388
1301,187,1488,0.1388
1298,194,1492,0.1388
1298,193,1491,0.1388
1303,198,1501,0.1388
1296,194,1490,0.1388
1304,198,1502,0.1388
1298,197,1495,0.1388
1302,198,1500,0.1388
1296,193,1489,0.1388
1313,197,1510,0.1388
1309,194,1503,0.1388
1296,195,1491,0.1388
1303,204,1507,0.1388
1317,202,1519,0.1388
1307,205,1512,0.1388
1300,207,1507,0.1388
1301,209,1510,0.1388
1301,211,1512,0.1388
1302,209,1511,0.1388
1306,212,1518,0.1388
1295,214,1509,0.1388
1279,212,1491,0.1388
1286,212,1498,0.1388
1286,208,1494,0.1388
1290,213,1503,0.1388
1290,211,1501,0.1388
1283,218,1501,0.1388
1274,214,1488,0.1388
1292,215,1507,0.1388
1290,217,1507,0.1388
1279,214,1493,0.1388
1272,214,1486,0.1388
1277,220,1497,0.1388
1273,221,1494,0.1388
1282,219,1501,0.1388
1294,218,1512,0.1388
1290,217,1507,0.1388
1288,219,1507,0.1388
1290,227,1517,0.1388
1287,226,1513,0.1388
1284,226,1510,0.1388
1271,229,1500,0.1388
1264,229,1493,0.1388
1260,235,1495,0.1388
1260,235,1495,0.1388
1251,237,1488,0.1388
1250,236,1486,0.1388
1270,235,1505,0.1388
1269,230,1499,0.1388
1257,236,1493,0.1388
1249,243,1492,0.1388
1253,239,1492,0.1388
1241,248,1489,0.1388
1235,249,1484,0.1388
1226,256,1482,0.1388
1226,255,1481,0.1388
1223,253,1476,0.1388
1235,247,1482,0.1388
1241,246,1487,0.1388
1242,251,1493,0.1388
1242,255,1497,0.1388
1242,255,1497,0.1388
1242,258,1500,0.1388
1238,260,1498,0.1388
1242,261,1503,0.1388
1240,265,1505,0.1388
1239,259,1498,0.1388
1243,256,1499,0.1388
1262,253,1515,0.1388
1248,253,1501,0.1388
1251,260,1511,0.1388
1258,261,1519,0.1388
1264,263,1527,0.1388
1269,252,1521,0.1388
1272,256,1528,0.1388
1258,255,1513,0.1388
1257,248,1505,0.1388
1245,246,1491,0.1388
1249,249,1498,0.1388
1238,249,1487,0.1388
1246,253,1499,0.1388
1243,252,1495,0.1388
1237,249,1486,0.1388
1245,249,1494,0.1388
1248,250,1498,0.1388
1239,250,1489,0.1388
1226,251,1477,0.1388
1233,254,1487,0.1388
1245,251,1496,0.1388
1251,251,1502,0.1388
1245,256,1501,0.1388
1248,258,1506,0.1388
1242,264,1506,0.1388
1238,268,1506,0.1388
1252,269,1521,0.1388
1250,268,1518,0.1388
1243,271,1514,0.1388
1246,270,1516,0.1388
1240,267,1507,0.1388
1252,266,1518,0.1388
1239,267,1506,0.1388
1241,267,1508,0.1388
1232,269,1501,0.1388
1230,271,1501,0.1388
1232,275,1507,0.1388
1230,273,1503,0.1388
1231,268,1499,0.1388
1240,267,1507,0.1388
1231,269,1500,0.1388
1235,272,1507,0.1388
1240,273,1513,0.1388
1237,269,1506,0.1388
1241,266,1507,0.1388
1255,265,1520,0.1388
1253,263,1516,0.1388
1254,259,1513,0.1388
1248,264,1512,0.1388
1235,258,1493,0.1388
1229,255,1484,0.1388
1248,253,1501,0.1388
1252,258,1510,0.1388
1257,261,1518,0.1388
1241,257,1498,0.1388
1238,265,1503,0.1388
1232,262,1494,0.1388
1224,260,1484,0.1388
1227,261,1488,0.1388
1239,263,1502,0.1388
1232,268,1500,0.1388
1222,262,1484,0.1388
1235,268,1503,0.1388
1229,266,1495,0.1388
1224,270,1494,0.1388
1230,273,1503,0.1388
1231,269,1500,0.1388
1219,266,1485,0.1388
1224,271,1495,0.1388
1231,271,1502,0.1388
1230,273,1503,0.1388
1236,273,1509,0.1388
1235,273,1508,0.1388
1226,275,1501,0.1388
1210,271,1481,0.1388
1207,274,1481,0.1388
1221,283,1504,0.1388
1219,285,1504,0.1388
1223,277,1500,0.1388
1220,275,1495,0.1388
1222,275,1497,0.1388
1232,269,1501,0.1388
1229,271,1500,0.1388
1223,272,1495,0.1388
1217,277,1494,0.1388
1214,276,1490,0.1388
1217,276,1493,0.1388
1216,277,1493,0.1388
1214,280,1494,0.1388
1223,283,1506,0.1388
1214,278,1492,0.1388
1228,281,1509,0.1388
1216,281,1497,0.1388
1207,280,1487,0.1388
1212,275,1487,0.1388
1204,278,1482,0.1388
1196,284,1480,0.1388
1207,283,1490,0.1388
1203,278,1481,0.1388
1204,285,1489,0.1388
1204,284,1488,0.1388
1207,281,1488,0.1388
1200,287,1487,0.1388
1207,285,1492,0.1388
1202,287,1489,0.1388
1191,290,1481,0.1388
1190,292,1482,0.1388
1182,287,1469,0.1388
1182,291,1473,0.1388
1183,291,1474,0.1388
1174,291,1465,0.1388
1185,296,1481,0.1388
1185,299,1484,0.1388
1187,299,1486,0.1388
1182,298,1480,0.1388
1184,300,1484,0.1388
1174,305,1479,0.1388
1170,309,1479,0.1388
1173,305,1478,0.1388
1191,305,1496,0.1388
1200,305,1505,0.1388
1187,305,1492,0.1388
1194,308,1502,0.1388
1188,310,1498,0.1388
1186,322,1508,0.1388
1191,321,1512,0.1388
1191,316,1507,0.1388
1191,318,1509,0.1388
1183,317,1500,0.1388
1181,316,1497,0.1388
1171,318,1489,0.1388
1182,318,1500,0.1388
1179,326,1505,0.1388
1182,329,1511,0.1388
1182,327,1509,0.1388
1173,325,1498,0.1388
1170,314,1484,0.1388
1183,318,1501,0.1388
1178,321,1499,0.1388
1178,327,1505,0.1388
1193,324,1517,0.1388
1184,329,1513,0.1388
1192,322,1514,0.1388
1191,322,1513,0.1388
1185,327,1512,0.1388
1188,330,1518,0.1388
1174,318,1492,0.1388
1174,321,1495,0.1388
1168,327,1495,0.1388
1165,329,1494,0.1388
1156,326,1482,0.1388
1152,326,1478,0.1388
1164,326,1490,0.1388
1167,323,1490,0.1388
1169,324,1493,0.1388
1171,322,1493,0.1388
1168,332,1500,0.1388
1166,327,1493,0.1388
1155,337,1492,0.1388
1155,335,1490,0.1388
1160,339,1499,0.1388
1151,346,1497,0.1388
1163,348,1511,0.1388
1163,345,1508,0.1388
1164,345,1509,0.1388
1154,345,1499,0.1388
1151,348,1499,0.1388
1147,349,1496,0.1388
1149,347,1496,0.1388
1145,347,1492,0.1388
1148,349,1497,0.1388
1143,349,1492,0.1388
1143,357,1500,0.1388
1159,359,1518,0.1388
1149,361,1510,0.1388
1142,363,1505,0.1388
1136,365,1501,0.1388
1135,360,1495,0.1388
1140,357,1497,0.1388
1150,361,1511,0.1388
1146,353,1499,0.1388
1151,357,1508,0.1388
1149,356,1505,0.1388
1153,361,1514,0.1388
1167,359,1526,0.1388
1155,355,1510,0.1388
1157,357,1514,0.1388
1142,359,1501,0.1388
1136,361,1497,0.1388
1143,363,1506,0.1388
1140,370,1510,0.1388
1138,372,1510,0.1388
1133,376,1509,0.1388
1116,378,1494,0.1388
1125,375,1500,0.1388
1123,378,1501,0.1388
1126,377,1503,0.1388
1115,381,1496,0.1388
1113,383,1496,0.1388
1114,382,1496,0.1388
1117,376,1493,0.1388
1125,373,1498,0.1388
1131,371,1502,0.1388
1131,371,1502,0.1388
1136,367,1503,0.1388
1140,363,1503,0.1388
1136,365,1501,0.1388
1142,358,1500,0.1388
1147,348,1495,0.1388
1144,346,1490,0.1388
1155,353,1508,0.1388
1149,354,1503,0.1388
1154,357,1511,0.1388
1157,351,1508,0.1388
1155,349,1504,0.1388
1157,350,1507,0.1388
1165,348,1513,0.1388
1160,344,1504,0.1388
1161,347,1508,0.1388
1148,346,1494,0.1388
1149,342,1491,0.1388
1143,341,1484,0.1388
1148,344,1492,0.1388
1145,342,1487,0.1388
1147,341,1488,0.1388
1146,352,1498,0.1388
1153,352,1505,0.1388
1148,354,1502,0.1388
1143,365,1508,0.1388
1149,361,1510,0.1388
1153,362,1515,0.1388
1151,365,1516,0.1388
1152,374,1526,0.1388
1145,362,1507,0.1388
1143,362,1505,0.1388
1134,362,1496,0.1388
1128,360,1488,0.1388
1140,363,1503,0.1388
1143,367,1510,0.1388
1136,366,1502,0.1388
1134,371,1505,0.1388
1128,368,1496,0.1388
1130,370,1500,0.1388
1132,363,1495,0.1388
1127,367,1494,0.1388
1131,367,1498,0.1388
1129,367,1496,0.1388
1132,371,1503,0.1388
1140,373,1513,0.1388
1136,381,1517,0.1388
1133,377,1510,0.1388
1132,377,1509,0.1388
1131,375,1506,0.1388
1124,383,1507,0.1388
1114,379,1493,0.1388
1113,380,1493,0.1388
1115,373,1488,0.1388
1119,380,1499,0.1388
1118,375,1493,0.1388
1125,383,1508,0.1388
1115,384,1499,0.1388
1111,387,1498,0.1388
1113,391,1504,0.1388
1103,394,1497,0.1388
1107,397,1504,0.1388
1110,393,1503,0.1388
1112,399,1511,0.1388
1104,395,1499,0.1388
1109,397,1506,0.1388
1103,390,1493,0.1388
1097,390,1487,0.1388
1101,395,1496,0.1388
1094,399,1493,0.1388
1085,407,1492,0.1388
1091,404,1495,0.1388
1098,402,1500,0.1388
1101,398,1499,0.1388
1100,399,1499,0.1388
1105,402,1507,0.1388
1105,403,1508,0.1388
1098,407,1505,0.1388
1096,405,1501,0.1388
1087,412,1499,0.1388
1094,415,1509,0.1388
1102,409,1511,0.1388
1106,404,1510,0.1388
1116,408,1524,0.1388
1112,414,1526,0.1388
1106,416,1522,0.1388
1102,412,1514,0.1388
1095,417,1512,0.1388
1101,415,1516,0.1388
1099,417,1516,0.1388
1093,417,1510,0.1388
1089,412,1501,0.1388
1081,419,1500,0.1388
1076,427,1503,0.1388
1077,420,1497,0.1388
1071,424,1495,0.1388
1093,426,1519,0.1388
1085,428,1513,0.1388
1085,431,1516,0.1388
1082,439,1521,0.1388
1089,438,1527,0.1388
1085,438,1523,0.1388
1079,443,1522,0.1388
1076,441,1517,0.1388
1062,436,1498,0.1388
1060,437,1497,0.1388
1062,441,1503,0.1388
1057,436,1493,0.1388
1062,446,1508,0.1388
1066,441,1507,0.1388
1057,435,1492,0.1388
1056,435,1491,0.1388
1056,438,1494,0.1388
1052,444,1496,0.1388
1049,437,1486,0.1388
1056,441,1497,0.1388
1052,447,1499,0.1388
1059,443,1502,0.1388
1047,451,1498,0.1388
1033,449,1482,0.1388
1039,457,1496,0.1388
1032,461,1493,0.1388
1033,466,1499,0.1388
1029,472,1501,0.1388
1023,475,1498,0.1388
1032,479,1511,0.1388
1025,486,1511,0.1388
1014,480,1494,0.1388
1018,483,1501,0.1388
1013,491,1504,0.1388
1003,493,1496,0.1388
1007,500,1507,0.1388
1011,490,1501,0.1388
1017,491,1508,0.1388
1002,488,1490,0.1388
994,487,1481,0.1388
1005,491,1496,0.1388
1022,495,1517,0.1388
1017,490,1507,0.1388
1007,487,1494,0.1388
998,487,1485,0.1388
999,489,1488,0.1388
1006,491,1497,0.1388
1005,499,1504,0.1388
1008,504,1512,0.1388
1004,498,1502,0.1388
996,501,1497,0.1388
1003,494,1497,0.1388
998,493,1491,0.1388
1001,500,1501,0.1388
1005,501,1506,0.1388
1005,500,1505,0.1388
1008,496,1504,0.1388
999,503,1502,0.1388
996,507,1503,0.1388
990,510,1500,0.1388
1003,511,1514,0.1388
992,514,1506,0.1388
997,512,1509,0.1388
982,518,1500,0.1388
987,518,1505,0.1388
986,506,1492,0.1388
976,510,1486,0.1388
966,517,1483,0.1388
967,519,1486,0.1388
973,517,1490,0.1388
980,517,1497,0.1388
967,523,1490,0.1388
964,529,1493,0.1388
965,526,1491,0.1388
959,527,1486,0.1388
976,532,1508,0.1388
963,529,1492,0.1388
953,531,1484,0.1388
967,538,1505,0.1388
969,544,1513,0.1388
960,540,1500,0.1388
973,542,1515,0.1388
967,543,1510,0.1388
961,541,1502,0.1388
949,545,1494,0.1388
953,548,1501,0.1388
949,553,1502,0.1388
953,554,1507,0.1388
950,561,1511,0.1388
954,559,1513,0.1388
944,563,1507,0.1388
941,556,1497,0.1388
935,566,1501,0.1388
947,566,1513,0.1388
944,566,1510,0.1388
940,559,1499,0.1388
946,559,1505,0.1388
934,556,1490,0.1388
939,554,1493,0.1388
955,557,1512,0.1388
954,557,1511,0.1388
950,561,1511,0.1388
942,568,1510,0.1388
943,571,1514,0.1388
942,575,1517,0.1388
939,569,1508,0.1388
937,577,1514,0.1388
940,579,1519,0.1388
942,583,1525,0.1388
939,579,1518,0.1388
942,579,1521,0.1388
925,584,1509,0.1388
921,591,1512,0.1388
921,589,1510,0.1388
918,582,1500,0.1388
911,582,1493,0.1388
907,588,1495,0.1388
901,589,1490,0.1388
902,596,1498,0.1388
891,587,1478,0.1388
902,592,1494,0.1388
912,585,1497,0.1388
913,581,1494,0.1388
909,589,1498,0.1388
918,593,1511,0.1388
917,596,1513,0.1388
913,600,1513,0.1388
915,596,1511,0.1388
910,591,1501,0.1388
896,596,1492,0.1388
894,591,1485,0.1388
894,595,1489,0.1388
897,599,1496,0.1388
897,599,1496,0.1388
893,600,1493,0.1388
893,599,1492,0.1388
895,597,1492,0.1388
893,608,1501,0.1388
907,598,1505,0.1388
900,596,1496,0.1388
896,606,1502,0.1388
904,603,1507,0.1388
897,612,1509,0.1388
890,613,1503,0.1388
903,609,1512,0.1388
905,607,1512,0.1388
907,612,1519,0.1388
895,607,1502,0.1388
889,600,1489,0.1388
877,602,1479,0.1388
885,608,1493,0.1388
898,609,1507,0.1388
903,594,1497,0.1388
898,591,1489,0.1388
898,603,1501,0.1388
893,609,1502,0.1388
899,611,1510,0.1388
900,613,1513,0.1388
897,630,1527,0.1388
885,637,1522,0.1388
880,634,1514,0.1388
882,632,1514,0.1388
876,631,1507,0.1388
884,628,1512,0.1388
877,623,1500,0.1388
869,629,1498,0.1388
871,637,1508,0.1388
865,647,1512,0.1388
867,644,1511,0.1388
876,640,1516,0.1388
870,643,1513,0.1388
873,639,1512,0.1388
875,638,1513,0.1388
867,644,1511,0.1388
867,641,1508,0.1388
863,645,1508,0.1388
856,646,1502,0.1388
855,644,1499,0.1388
856,639,1495,0.1388
865,639,1504,0.1388
858,641,1499,0.1388
860,645,1505,0.1388
866,648,1514,0.1388
859,657,1516,0.1388
860,653,1513,0.1388
856,653,1509,0.1388
849,656,1505,0.1388
858,648,1506,0.1388
852,645,1497,0.1388
853,634,1487,0.1388
841,636,1477,0.1388
854,653,1507,0.1388
846,657,1503,0.1388
839,660,1499,0.1388
844,655,1499,0.1388
847,659,1506,0.1388
846,663,1509,0.1388
849,657,1506,0.1388
841,660,1501,0.1388
839,652,1491,0.1388
839,660,1499,0.1388
841,666,1507,0.1388
845,669,1514,0.1388
834,660,1494,0.1388
833,671,1504,0.1388
839,679,1518,0.1388
822,683,1505,0.1388
825,678,1503,0.1388
833,677,1510,0.1388
822,676,1498,0.1388
833,670,1503,0.1388
830,668,1498,0.1388
830,674,1504,0.1388
822,681,1503,0.1388
815,685,1500,0.1388
800,685,1485,0.1388
796,688,1484,0.1388
815,682,1497,0.1388
806,678,1484,0.1388
811,678,1489,0.1388
822,676,1498,0.1388
820,680,1500,0.1388
824,684,1508,0.1388
808,684,1492,0.1388
801,689,1490,0.1388
807,692,1499,0.1388
799,692,1491,0.1388
802,695,1497,0.1388
808,698,1506,0.1388
816,698,1514,0.1388
807,703,1510,0.1388
813,699,1512,0.1388
813,689,1502,0.1388
805,697,1502,0.1388
801,697,1498,0.1388
799,699,1498,0.1388
807,693,1500,0.1388
814,695,1509,0.1388
812,707,1519,0.1388
807,700,1507,0.1388
813,701,1514,0.1388
814,704,1518,0.1388
817,698,1515,0.1388
812,695,1507,0.1388
820,699,1519,0.1388
815,704,1519,0.1388
811,699,1510,0.1388
809,712,1521,0.1388
808,707,1515,0.1388
813,700,1513,0.1388
804,696,1500,0.1388
810,703,1513,0.1388
801,705,1506,0.1388
804,702,1506,0.1388
805,709,1514,0.1388
807,705,1512,0.1388
805,709,1514,0.1388
808,704,1512,0.1388
807,705,1512,0.1388
794,708,1502,0.1388
794,713,1507,0.1388
792,700,1492,0.1388
790,716,1506,0.1388
787,726,1513,0.1388
781,728,1509,0.1388
777,734,1511,0.1388
794,734,1528,0.1388
786,734,1520,0.1388
779,730,1509,0.1388
774,733,1507,0.1388
765,733,1498,0.1388
761,735,1496,0.1388
770,731,1501,0.1388
781,729,1510,0.1388
778,724,1502,0.1388
773,725,1498,0.1388
775,732,1507,0.1388
783,729,1512,0.1388
788,734,1522,0.1388
775,734,1509,0.1388
756,737,1493,0.1388
766,727,1493,0.1388
748,734,1482,0.1388
747,742,1489,0.1388
743,745,1488,0.1388
744,749,1493,0.1388
747,732,1479,0.1388
749,740,1489,0.1388
754,749,1503,0.1388
759,751,1510,0.1388
755,743,1498,0.1388
755,754,1509,0.1388
748,749,1497,0.1388
745,752,1497,0.1388
747,752,1499,0.1388
750,744,1494,0.1388
754,743,1497,0.1388
754,748,1502,0.1388
751,747,1498,0.1388
746,747,1493,0.1388
754,754,1508,0.1388
743,750,1493,0.1388
749,743,1492,0.1388
752,752,1504,0.1388
748,763,1511,0.1388
751,762,1513,0.1388
752,756,1508,0.1388
755,757,1512,0.1388
752,764,1516,0.1388
752,768,1520,0.1388
749,764,1513,0.1388
745,757,1502,0.1388
737,765,1502,0.1388
746,775,1521,0.1388
739,776,1515,0.1388
737,767,1504,0.1388
720,772,1492,0.1388
726,773,1499,0.1388
737,780,1517,0.1388
731,783,1514,0.1388
732,778,1510,0.1388
729,786,1515,0.1388
722,792,1514,0.1388
723,790,1513,0.1388
709,785,1494,0.1388
718,789,1507,0.1388
709,780,1489,0.1388
706,793,1499,0.1388
717,800,1517,0.1388
723,801,1524,0.1388
726,801,1527,0.1388
724,797,1521,0.1388
721,794,1515,0.1388
722,788,1510,0.1388
732,798,1530,0.1388
724,801,1525,0.1388
723,800,1523,0.1388
715,798,1513,0.1388
714,796,1510,0.1388
718,794,1512,0.1388
714,794,1508,0.1388
714,786,1500,0.1388
712,793,1505,0.1388
712,796,1508,0.1388
714,798,1512,0.1388
712,802,1514,0.1388
710,794,1504,0.1388
715,797,1512,0.1388
717,802,1519,0.1388
716,793,1509,0.1388
704,796,1500,0.1388
691,803,1494,0.1388
700,797,1497,0.1388
708,810,1518,0.1388
700,811,1511,0.1388
704,810,1514,0.1388
698,810,1508,0.1388
711,816,1527,0.1388
706,811,1517,0.1388
700,802,1502,0.1388
700,806,1506,0.1388
697,812,1509,0.1388
701,814,1515,0.1388
695,811,1506,0.1388
701,811,1512,0.1388
705,810,1515,0.1388
695,819,1514,0.1388
695,812,1507,0.1388
704,811,1515,0.1388
700,813,1513,0.1388
697,805,1502,0.1388
702,798,1500,0.1388
707,799,1506,0.1388
707,808,1515,0.1388
702,814,1516,0.1388
695,821,1516,0.1388
702,820,1522,0.1388
699,815,1514,0.1388
698,815,1513,0.1388
695,801,1496,0.1388
698,803,1501,0.1388
697,806,1503,0.1388
694,809,1503,0.1388
694,818,1512,0.1388
690,826,1516,0.1388
688,819,1507,0.1388
688,829,1517,0.1388
690,819,1509,0.1388
695,821,1516,0.1388
689,822,1511,0.1388
694,816,1510,0.1388
687,822,1509,0.1388
690,824,1514,0.1388
694,828,1522,0.1388
696,834,1530,0.1388
690,832,1522,0.1388
692,820,1512,0.1388
680,831,1511,0.1388
682,824,1506,0.1388
696,832,1528,0.1388
689,822,1511,0.1388
685,824,1509,0.1388
680,825,1505,0.1388
679,830,1509,0.1388
679,830,1509,0.1388
672,826,1498,0.1388
676,814,1490,0.1388
671,821,1492,0.1388
672,821,1493,0.1388
669,822,1491,0.1388
674,824,1498,0.1388
667,831,1498,0.1388
666,828,1494,0.1388
662,841,1503,0.1388
663,842,1505,0.1388
657,834,1491,0.1388
660,829,1489,0.1388
663,834,1497,0.1388
664,836,1500,0.1388
661,840,1501,0.1388
666,846,1512,0.1388
658,843,1501,0.1388
659,848,1507,0.1388
654,848,1502,0.1388
651,841,1492,0.1388
645,846,1491,0.1388
645,863,1508,0.1388
648,867,1515,0.1388
640,861,1501,0.1388
648,852,1500,0.1388
638,852,1490,0.1388
645,853,1498,0.1388
636,854,1490,0.1388
649,851,1500,0.1388
660,869,1529,0.1388
659,874,1533,0.1388
649,863,1512,0.1388
651,862,1513,0.1388
644,859,1503,0.1388
647,854,1501,0.1388
650,846,1496,0.1388
656,849,1505,0.1388
647,853,1500,0.1388
650,861,1511,0.1388
647,862,1509,0.1388
643,862,1505,0.1388
645,868,1513,0.1388
633,869,1502,0.1388
632,866,1498,0.1388
635,866,1501,0.1388
628,867,1495,0.1388
634,867,1501,0.1388
629,870,1499,0.1388
628,883,1511,0.1388
637,888,1525,0.1388
632,886,1518,0.1388
618,888,1506,0.1388
617,896,1513,0.1388
614,897,1511,0.1388
613,893,1506,0.1388
609,904,1513,0.1388
606,900,1506,0.1388
603,902,1505,0.1388
599,894,1493,0.1388
595,900,1495,0.1388
591,904,1495,0.1388
591,902,1493,0.1388
595,905,1500,0.1388
592,914,1506,0.1388
589,911,1500,0.1388
585,923,1508,0.1388
586,924,1510,0.1388
593,937,1530,0.1388
582,940,1522,0.1388
581,940,1521,0.1388
584,938,1522,0.1388
577,930,1507,0.1388
570,935,1505,0.1388
559,952,1511,0.1388
556,939,1495,0.1388
561,945,1506,0.1388
567,938,1505,0.1388
566,931,1497,0.1388
561,942,1503,0.1388
561,940,1501,0.1388
556,952,1508,0.1388
550,954,1504,0.1388
553,952,1505,0.1388
554,953,1507,0.1388
551,946,1497,0.1388
547,947,1494,0.1388
538,948,1486,0.1388
549,958,1507,0.1388
541,955,1496,0.1388
540,954,1494,0.1388
549,954,1503,0.1388
542,964,1506,0.1388
545,947,1492,0.1388
554,958,1512,0.1388
550,966,1516,0.1388
548,963,1511,0.1388
547,966,1513,0.1388
551,967,1518,0.1388
556,970,1526,0.1388
558,964,1522,0.1388
550,958,1508,0.1388
551,955,1506,0.1388
554,954,1508,0.1388
551,949,1500,0.1388
557,956,1513,0.1388
556,958,1514,0.1388
542,946,1488,0.1388
550,952,1502,0.1388
548,942,1490,0.1388
552,941,1493,0.1388
566,944,1510,0.1388
561,957,1518,0.1388
561,959,1520,0.1388
559,946,1505,0.1388
563,942,1505,0.1388
559,938,1497,0.1388
563,952,1515,0.1388
561,942,1503,0.1388
566,952,1518,0.1388
560,950,1510,0.1388
571,950,1521,0.1388
572,952,1524,0.1388
572,958,1530,0.1388
563,962,1525,0.1388
562,961,1523,0.1388
563,966,1529,0.1388
559,966,1525,0.1388
550,968,1518,0.1388
551,970,1521,0.1388
555,965,1520,0.1388
557,962,1519,0.1388
554,968,1522,0.1388
553,968,1521,0.1388
556,958,1514,0.1388
551,956,1507,0.1388
553,955,1508,0.1388
550,947,1497,0.1388
552,962,1514,0.1388
548,962,1510,0.1388
542,974,1516,0.1388
543,969,1512,0.1388
547,972,1519,0.1388
546,978,1524,0.1388
544,977,1521,0.1388
537,976,1513,0.1388
539,981,1520,0.1388
534,978,1512,0.1388
535,971,1506,0.1388
535,972,1507,0.1388
550,967,1517,0.1388
551,964,1515,0.1388
548,954,1502,0.1388
548,956,1504,0.1388
545,960,1505,0.1388
535,963,1498,0.1388
536,967,1503,0.1388
538,962,1500,0.1388
538,962,1500,0.1388
544,953,1497,0.1388
542,947,1489,0.1388
540,953,1493,0.1388
544,940,1484,0.1388
544,941,1485,0.1388
548,947,1495,0.1388
543,950,1493,0.1388
547,946,1493,0.1388
549,947,1496,0.1388
551,958,1509,0.1388
552,950,1502,0.1388
551,941,1492,0.1388
552,950,1502,0.1388
556,945,1501,0.1388
546,952,1498,0.1388
548,966,1514,0.1388
545,965,1510,0.1388
544,950,1494,0.1388
540,948,1488,0.1388
548,948,1496,0.1388
550,951,1501,0.1388
548,951,1499,0.1388
550,946,1496,0.1388
555,947,1502,0.1388
564,958,1522,0.1388
556,955,1511,0.1388
553,948,1501,0.1388
549,950,1499,0.1388
551,961,1512,0.1388
545,947,1492,0.1388
547,953,1500,0.1388
544,954,1498,0.1388
544,963,1507,0.1388
544,959,1503,0.1388
539,968,1507,0.1388
541,978,1519,0.1388
529,975,1504,0.1388
521,970,1491,0.1388
523,974,1497,0.1388
522,984,1506,0.1388
522,983,1505,0.1388
519,989,1508,0.1388
525,998,1523,0.1388
522,1002,1524,0.1388
521,1005,1526,0.1388
512,999,1511,0.1388
510,995,1505,0.1388
516,1005,1521,0.1388
516,981,1497,0.1388
515,993,1508,0.1388
510,996,1506,0.1388
514,989,1503,0.1388
512,987,1499,0.1388
507,995,1502,0.1388
500,998,1498,0.1388
508,987,1495,0.1388
501,993,1494,0.1388
506,988,1494,0.1388
497,998,1495,0.1388
501,1000,1501,0.1388
510,994,1504,0.1388
509,989,1498,0.1388
511,991,1502,0.1388
507,999,1506,0.1388
509,989,1498,0.1388
514,992,1506,0.1388
513,999,1512,0.1388
513,1003,1516,0.1388
506,1007,1513,0.1388
505,1014,1519,0.1388
505,1012,1517,0.1388
502,1004,1506,0.1388
503,999,1502,0.1388
504,1006,1510,0.1388
510,1013,1523,0.1388
499,1013,1512,0.1388
494,1015,1509,0.1388
490,1007,1497,0.1388
489,1015,1504,0.1388
488,1013,1501,0.1388
483,1021,1504,0.1388
494,1026,1520,0.1388
493,1032,1525,0.1388
491,1026,1517,0.1388
492,1011,1503,0.1388
486,1030,1516,0.1388
488,1035,1523,0.1388
486,1024,1510,0.1388
485,1026,1511,0.1388
491,1025,1516,0.1388
479,1030,1509,0.1388
478,1044,1522,0.1388
478,1038,1516,0.1388
477,1044,1521,0.1388
481,1039,1520,0.1388
474,1042,1516,0.1388
475,1043,1518,0.1388
478,1036,1514,0.1388
477,1038,1515,0.1388
474,1033,1507,0.1388
479,1032,1511,0.1388
477,1029,1506,0.1388
481,1031,1512,0.1388
481,1034,1515,0.1388
481,1025,1506,0.1388
477,1019,1496,0.1388
474,1019,1493,0.1388
477,1026,1503,0.1388
482,1017,1499,0.1388
481,1018,1499,0.1388
479,1018,1497,0.1388
479,1026,1505,0.1388
485,1038,1523,0.1388
484,1029,1513,0.1388
491,1018,1509,0.1388
488,1030,1518,0.1388
494,1022,1516,0.1388
490,1014,1504,0.1388
493,1009,1502,0.1388
501,1006,1507,0.1388
500,1010,1510,0.1388
489,1014,1503,0.1388
490,1015,1505,0.1388
491,1008,1499,0.1388
487,1013,1500,0.1388
490,1003,1493,0.1388
497,1017,1514,0.1388
495,1015,1510,0.1388
492,1020,1512,0.1388
485,1020,1505,0.1388
487,1011,1498,0.1388
483,1012,1495,0.1388
480,1026,1506,0.1388
480,1033,1513,0.1388
485,1028,1513,0.1388
482,1006,1488,0.1388
481,1007,1488,0.1388
479,1005,1484,0.1388
493,1006,1499,0.1388
489,1008,1497,0.1388
491,1006,1497,0.1388
488,1001,1489,0.1388
494,1013,1507,0.1388
493,1010,1503,0.1388
492,1011,1503,0.1388
484,1018,1502,0.1388
486,1019,1505,0.1388
487,1022,1509,0.1388
491,1022,1513,0.1388
484,1016,1500,0.1388
484,1024,1508,0.1388
480,1030,1510,0.1388
484,1030,1514,0.1388
484,1029,1513,0.1388
484,1024,1508,0.1388
486,1029,1515,0.1388
485,1025,1510,0.1388
487,1017,1504,0.1388
487,1037,1524,0.1388
489,1031,1520,0.1388
489,1024,1513,0.1388
486,1022,1508,0.1388
487,1018,1505,0.1388
489,1018,1507,0.1388
479,1021,1500,0.1388
475,1030,1505,0.1388
471,1016,1487,0.1388
475,1011,1486,0.1388
478,1025,1503,0.1388
487,1027,1514,0.1388
488,1029,1517,0.1388
478,1023,1501,0.1388
479,1027,1506,0.1388
481,1026,1507,0.1388
478,1023,1501,0.1388
479,1031,1510,0.1388
475,1032,1507,0.1388
472,1038,1510,0.1388
474,1046,1520,0.1388
471,1048,1519,0.1388
466,1044,1510,0.1388
464,1058,1522,0.1388
459,1051,1510,0.1388
465,1049,1514,0.1388
466,1051,1517,0.1388
468,1053,1521,0.1388
469,1042,1511,0.1388
471,1044,1515,0.1388
470,1042,1512,0.1388
468,1040,1508,0.1388
467,1033,1500,0.1388
477,1046,1523,0.1388
474,1049,1523,0.1388
466,1038,1504,0.1388
473,1041,1514,0.1388
470,1044,1514,0.1388
470,1043,1513,0.1388
456,1043,1499,0.1388
457,1045,1502,0.1388
460,1037,1497,0.1388
461,1034,1495,0.1388
460,1035,1495,0.1388
462,1035,1497,0.1388
461,1031,1492,0.1388
462,1033,1495,0.1388
466,1037,1503,0.1388
460,1038,1498,0.1388
455,1041,1496,0.1388
456,1056,1512,0.1388
459,1052,1511,0.1388
463,1054,1517,0.1388
466,1050,1516,0.1388
465,1047,1512,0.1388
457,1049,1506,0.1388
452,1056,1508,0.1388
455,1054,1509,0.1388
457,1045,1502,0.1388
459,1051,1510,0.1388
456,1057,1513,0.1388
453,1054,1507,0.1388
446,1059,1505,0.1388
442,1055,1497,0.1388
434,1056,1490,0.1388
432,1064,1496,0.1388
434,1065,1499,0.1388
438,1072,1510,0.1388
446,1076,1522,0.1388
444,1070,1514,0.1388
437,1075,1512,0.1388
437,1073,1510,0.1388
444,1076,1520,0.1388
444,1076,1520,0.1388
439,1086,1525,0.1388
439,1071,1510,0.1388
431,1069,1500,0.1388
427,1066,1493,0.1388
427,1062,1489,0.1388
437,1075,1512,0.1388
435,1072,1507,0.1388
431,1075,1506,0.1388
425,1087,1512,0.1388
428,1086,1514,0.1388
430,1077,1507,0.1388
427,1080,1507,0.1388
426,1090,1516,0.1388
426,1087,1513,0.1388
425,1084,1509,0.1388
421,1088,1509,0.1388
419,1084,1503,0.1388
426,1081,1507,0.1388
420,1081,1501,0.1388
417,1088,1505,0.1388
410,1084,1494,0.1388
410,1088,1498,0.1388
418,1090,1508,0.1388
415,1087,1502,0.1388
417,1092,1509,0.1388
419,1102,1521,0.1388
418,1099,1517,0.1388
424,1111,1535,0.1388
419,1095,1514,0.1388
418,1093,1511,0.1388
414,1102,1516,0.1388
412,1099,1511,0.1388
411,1107,1518,0.1388
410,1098,1508,0.1388
410,1089,1499,0.1388
414,1082,1496,0.1388
416,1073,1489,0.1388
418,1079,1497,0.1388
417,1091,1508,0.1388
417,1095,1512,0.1388
416,1095,1511,0.1388
409,1092,1501,0.1388
403,1096,1499,0.1388
403,1111,1514,0.1388
405,1109,1514,0.1388
398,1109,1507,0.1388
391,1112,1503,0.1388
396,1108,1504,0.1388
390,1111,1501,0.1388
382,1112,1494,0.1388
384,1133,1517,0.1388
386,1128,1514,0.1388
380,1117,1497,0.1388
379,1111,1490,0.1388
379,1120,1499,0.1388
391,1110,1501,0.1388
391,1109,1500,0.1388
391,1106,1497,0.1388
400,1110,1510,0.1388
398,1106,1504,0.1388
407,1102,1509,0.1388
402,1111,1513,0.1388
402,1125,1527,0.1388
396,1121,1517,0.1388
392,1122,1514,0.1388
388,1113,1501,0.1388
388,1114,1502,0.1388
392,1115,1507,0.1388
397,1108,1505,0.1388
397,1110,1507,0.1388
396,1109,1505,0.1388
396,1116,1512,0.1388
392,1116,1508,0.1388
396,1104,1500,0.1388
396,1109,1505,0.1388
396,1104,1500,0.1388
392,1112,1504,0.1388
391,1113,1504,0.1388
388,1120,1508,0.1388
389,1116,1505,0.1388
390,1110,1500,0.1388
395,1120,1515,0.1388
385,1119,1504,0.1388
386,1127,1513,0.1388
383,1120,1503,0.1388
383,1116,1499,0.1388
391,1119,1510,0.1388
384,1126,1510,0.1388
388,1132,1520,0.1388
389,1135,1524,0.1388
388,1134,1522,0.1388
382,1138,1520,0.1388
378,1134,1512,0.1388
383,1140,1523,0.1388
383,1134,1517,0.1388
381,1127,1508,0.1388
381,1125,1506,0.1388
380,1123,1503,0.1388
376,1125,1501,0.1388
372,1127,1499,0.1388
370,1126,1496,0.1388
372,1124,1496,0.1388
375,1139,1514,0.1388
373,1140,1513,0.1388
372,1145,1517,0.1388
371,1142,1513,0.1388
372,1139,1511,0.1388
375,1153,1528,0.1388
371,1146,1517,0.1388
374,1141,1515,0.1388
371,1131,1502,0.1388
381,1122,1503,0.1388
376,1138,1514,0.1388
367,1130,1497,0.1388
371,1136,1507,0.1388
368,1138,1506,0.1388
366,1142,1508,0.1388
366,1138,1504,0.1388
366,1141,1507,0.1388
365,1149,1514,0.1388
375,1155,1530,0.1388
370,1155,1525,0.1388
370,1161,1531,0.1388
360,1157,1517,0.1388
362,1155,1517,0.1388
357,1154,1511,0.1388
353,1141,1494,0.1388
358,1146,1504,0.1388
356,1159,1515,0.1388
356,1157,1513,0.1388
356,1163,1519,0.1388
352,1149,1501,0.1388
351,1164,1515,0.1388
347,1168,1515,0.1388
348,1170,1518,0.1388
342,1171,1513,0.1388
339,1177,1516,0.1388
344,1171,1515,0.1388
344,1172,1516,0.1388
345,1168,1513,0.1388
348,1167,1515,0.1388
351,1175,1526,0.1388
349,1177,1526,0.1388
351,1173,1524,0.1388
353,1172,1525,0.1388
352,1173,1525,0.1388
347,1175,1522,0.1388
352,1166,1518,0.1388
352,1162,1514,0.1388
355,1170,1525,0.1388
359,1170,1529,0.1388
364,1165,1529,0.1388
357,1161,1518,0.1388
354,1166,1520,0.1388
351,1162,1513,0.1388
349,1162,1511,0.1388
347,1164,1511,0.1388
347,1167,1514,0.1388
340,1158,1498,0.1388
341,1156,1497,0.1388
340,1159,1499,0.1388
343,1154,1497,0.1388
347,1154,1501,0.1388
344,1166,1510,0.1388
343,1166,1509,0.1388
339,1170,1509,0.1388
335,1168,1503,0.1388
332,1169,1501,0.1388
336,1169,1505,0.1388
337,1173,1510,0.1388
335,1169,1504,0.1388
334,1166,1500,0.1388
329,1175,1504,0.1388
323,1181,1504,0.1388
323,1184,1507,0.1388
321,1185,1506,0.1388
324,1190,1514,0.1388
328,1177,1505,0.1388
329,1188,1517,0.1388
333,1200,1533,0.1388
329,1187,1516,0.1388
330,1186,1516,0.1388
333,1194,1527,0.1388
331,1195,1526,0.1388
330,1195,1525,0.1388
331,1194,1525,0.1388
328,1191,1519,0.1388
323,1197,1520,0.1388
321,1204,1525,0.1388
318,1203,1521,0.1388
317,1205,1522,0.1388
319,1198,1517,0.1388
313,1194,1507,0.1388
316,1199,1515,0.1388
313,1203,1516,0.1388
308,1215,1523,0.1388
307,1202,1509,0.1388
300,1211,1511,0.1388
304,1196,1500,0.1388
307,1185,1492,0.1388
308,1196,1504,0.1388
308,1196,1504,0.1388
311,1187,1498,0.1388
311,1189,1500,0.1388
314,1182,1496,0.1388
313,1188,1501,0.1388
309,1184,1493,0.1388
308,1203,1511,0.1388
306,1206,1512,0.1388
310,1211,1521,0.1388
315,1198,1513,0.1388
316,1208,1524,0.1388
316,1204,1520,0.1388
315,1203,1518,0.1388
313,1198,1511,0.1388
313,1199,1512,0.1388
313,1209,1522,0.1388
308,1210,1518,0.1388
306,1210,1516,0.1388
305,1211,1516,0.1388
306,1215,1521,0.1388
299,1217,1516,0.1388
297,1222,1519,0.1388
293,1225,1518,0.1388
288,1227,1515,0.1388
286,1231,1517,0.1388
288,1227,1515,0.1388
290,1231,1521,0.1388
282,1237,1519,0.1388
282,1245,1527,0.1388
285,1227,1512,0.1388
283,1218,1501,0.1388
282,1229,1511,0.1388
283,1231,1514,0.1388
274,1230,1504,0.1388
284,1231,1515,0.1388
285,1229,1514,0.1388
291,1220,1511,0.1388
288,1222,1510,0.1388
288,1236,1524,0.1388
291,1243,1534,0.1388
290,1248,1538,0.1388
285,1245,1530,0.1388
286,1240,1526,0.1388
287,1230,1517,0.1388
286,1232,1518,0.1388
283,1233,1516,0.1388
288,1237,1525,0.1388
288,1241,1529,0.1388
291,1231,1522,0.1388
286,1222,1508,0.1388
293,1226,1519,0.1388
298,1219,1517,0.1388
297,1216,1513,0.1388
294,1222,1516,0.1388
296,1213,1509,0.1388
298,1226,1524,0.1388
302,1238,1540,0.1388
303,1238,1541,0.1388
300,1225,1525,0.1388
301,1213,1514,0.1388
302,1224,1526,0.1388
302,1217,1519,0.1388
300,1214,1514,0.1388
292,1213,1505,0.1388
295,1218,1513,0.1388
299,1211,1510,0.1388
296,1216,1512,0.1388
299,1222,1521,0.1388
295,1220,1515,0.1388
295,1222,1517,0.1388
293,1218,1511,0.1388
293,1210,1503,0.1388
289,1217,1506,0.1388
288,1221,1509,0.1388
282,1219,1501,0.1388
284,1242,1526,0.1388
283,1239,1522,0.1388
280,1250,1530,0.1388
282,1238,1520,0.1388
283,1245,1528,0.1388
277,1236,1513,0.1388
277,1244,1521,0.1388
273,1248,1521,0.1388
276,1246,1522,0.1388
275,1238,1513,0.1388
273,1248,1521,0.1388
276,1247,1523,0.1388
277,1239,1516,0.1388
278,1243,1521,0.1388
276,1238,1514,0.1388
270,1229,1499,0.1388
271,1234,1505,0.1388
266,1239,1505,0.1388
265,1245,1510,0.1388
265,1252,1517,0.1388
264,1243,1507,0.1388
264,1246,1510,0.1388
265,1242,1507,0.1388
269,1246,1515,0.1388
270,1254,1524,0.1388
266,1252,1518,0.1388
265,1246,1511,0.1388
264,1258,1522,0.1388
261,1265,1526,0.1388
261,1261,1522,0.1388
263,1258,1521,0.1388
257,1256,1513,0.1388
254,1261,1515,0.1388
256,1257,1513,0.1388
248,1258,1506,0.1388
245,1266,1511,0.1388
249,1272,1521,0.1388
244,1281,1525,0.1388
242,1285,1527,0.1388
245,1264,1509,0.1388
246,1266,1512,0.1388
246,1266,1512,0.1388
247,1267,1514,0.1388
248,1269,1517,0.1388
248,1279,1527,0.1388
243,1282,1525,0.1388
243,1278,1521,0.1388
244,1274,1518,0.1388
244,1278,1522,0.1388
239,1278,1517,0.1388
239,1280,1519,0.1388
237,1289,1526,0.1388
235,1287,1522,0.1388
235,1277,1512,0.1388
234,1284,1518,0.1388
231,1278,1509,0.1388
235,1267,1502,0.1388
234,1273,1507,0.1388
234,1280,1514,0.1388
236,1277,1513,0.1388
230,1288,1518,0.1388
230,1288,1518,0.1388
230,1296,1526,0.1388
227,1297,1524,0.1388
228,1303,1531,0.1388
230,1295,1525,0.1388
226,1304,1530,0.1388
232,1296,1528,0.1388
231,1292,1523,0.1388
229,1287,1516,0.1388
229,1300,1529,0.1388
228,1299,1527,0.1388
229,1306,1535,0.1388
227,1298,1525,0.1388
225,1303,1528,0.1388
221,1304,1525,0.1388
226,1289,1515,0.1388
224,1295,1519,0.1388
229,1290,1519,0.1388
223,1284,1507,0.1388
225,1286,1511,0.1388
228,1283,1511,0.1388
226,1292,1518,0.1388
231,1298,1529,0.1388
231,1286,1517,0.1388
228,1295,1523,0.1388
227,1295,1522,0.1388
222,1288,1510,0.1388
224,1300,1524,0.1388
225,1311,1536,0.1388
228,1295,1523,0.1388
229,1287,1516,0.1388
223,1293,1516,0.1388
213,1307,1520,0.1388
211,1298,1509,0.1388
211,1308,1519,0.1388
213,1310,1523,0.1388
216,1301,1517,0.1388
211,1293,1504,0.1388
212,1304,1516,0.1388
208,1299,1507,0.1388
207,1297,1504,0.1388
209,1297,1506,0.1388
208,1303,1511,0.1388
206,1308,1514,0.1388
205,1310,1515,0.1388
207,1308,1515,0.1388
204,1308,1512,0.1388
204,1306,1510,0.1388
204,1298,1502,0.1388
204,1299,1503,0.1388
200,1308,1508,0.1388
199,1316,1515,0.1388
195,1322,1517,0.1388
198,1323,1521,0.1388
200,1329,1529,0.1388
202,1330,1532,0.1388
202,1319,1521,0.1388
198,1310,1508,0.1388
193,1318,1511,0.1388
195,1316,1511,0.1388
198,1313,1511,0.1388
195,1314,1509,0.1388
202,1310,1512,0.1388
200,1309,1509,0.1388
194,1313,1507,0.1388
194,1321,1515,0.1388
193,1323,1516,0.1388
193,1320,1513,0.1388
192,1326,1518,0.1388
186,1325,1511,0.1388
187,1331,1518,0.1388
185,1320,1505,0.1388
185,1318,1503,0.1388
180,1330,1510,0.1388
176,1338,1514,0.1388
179,1340,1519,0.1388
180,1335,1515,0.1388
181,1332,1513,0.1388
180,1328,1508,0.1388
182,1318,1500,0.1388
181,1323,1504,0.1388
180,1325,1505,0.1388
182,1327,1509,0.1388
181,1323,1504,0.1388
184,1330,1514,0.1388
183,1330,1513,0.1388
180,1334,1514,0.1388
180,1323,1503,0.1388
180,1313,1493,0.1388
181,1319,1500,0.1388
175,1329,1504,0.1388
176,1323,1499,0.1388
173,1335,1508,0.1388
172,1344,1516,0.1388
177,1339,1516,0.1388
179,1340,1519,0.1388
179,1341,1520,0.1388
180,1328,1508,0.1388
181,1335,1516,0.1388
185,1328,1513,0.1388
188,1331,1519,0.1388
194,1331,1525,0.1388
192,1334,1526,0.1388
194,1323,1517,0.1388
193,1328,1521,0.1388
192,1325,1517,0.1388
190,1314,1504,0.1388
190,1329,1519,0.1388
187,1330,1517,0.1388
190,1322,1512,0.1388
187,1321,1508,0.1388
181,1319,1500,0.1388
176,1324,1500,0.1388
178,1324,1502,0.1388
174,1332,1506,0.1388
176,1331,1507,0.1388
176,1337,1513,0.1388
174,1349,1523,0.1388
173,1345,1518,0.1388
172,1341,1513,0.1388
169,1332,1501,0.1388
169,1350,1519,0.1388
170,1343,1513,0.1388
172,1352,1524,0.1388
170,1353,1523,0.1388
166,1359,1525,0.1388
163,1355,1518,0.1388
168,1366,1534,0.1388
167,1364,1531,0.1388
168,1353,1521,0.1388
160,1360,1520,0.1388
165,1362,1527,0.1388
164,1364,1528,0.1388
162,1361,1523,0.1388
159,1363,1522,0.1388
159,1367,1526,0.1388
158,1353,1511,0.1388
160,1359,1519,0.1388
161,1352,1513,0.1388
162,1346,1508,0.1388
161,1348,1509,0.1388
160,1347,1507,0.1388
156,1350,1506,0.1388
159,1354,1513,0.1388
157,1342,1499,0.1388
159,1351,1510,0.1388
157,1342,1499,0.1388
164,1339,1503,0.1388
164,1355,1519,0.1388
167,1348,1515,0.1388
165,1346,1511,0.1388
167,1360,1527,0.1388
163,1359,1522,0.1388
160,1361,1521,0.1388
161,1358,1519,0.1388
156,1341,1497,0.1388
161,1353,1514,0.1388
161,1348,1509,0.1388
161,1349,1510,0.1388
159,1345,1504,0.1388
160,1341,1501,0.1388
159,1348,1507,0.1388
161,1357,1518,0.1388
161,1350,1511,0.1388
160,1361,1521,0.1388
163,1355,1518,0.1388
160,1357,1517,0.1388
164,1359,1523,0.1388
164,1362,1526,0.1388
162,1372,1534,0.1388
160,1355,1515,0.1388
159,1352,1511,0.1388
164,1355,1519,0.1388
166,1354,1520,0.1388
171,1365,1536,0.1388
172,1369,1541,0.1388
172,1352,1524,0.1388
170,1351,1521,0.1388
168,1340,1508,0.1388
165,1336,1501,0.1388
167,1343,1510,0.1388
168,1348,1516,0.1388
167,1358,1525,0.1388
166,1363,1529,0.1388
161,1355,1516,0.1388
162,1361,1523,0.1388
160,1357,1517,0.1388
163,1361,1524,0.1388
163,1353,1516,0.1388
163,1358,1521,0.1388
160,1358,1518,0.1388
159,1360,1519,0.1388
157,1359,1516,0.1388
153,1362,1515,0.1388
150,1366,1516,0.1388
153,1356,1509,0.1388
151,1364,1515,0.1388
150,1369,1519,0.1388
148,1361,1509,0.1388
151,1362,1513,0.1388
150,1360,1510,0.1388
150,1363,1513,0.1388
148,1375,1523,0.1388
145,1364,1509,0.1388
148,1365,1513,0.1388
146,1366,1512,0.1388
150,1370,1520,0.1388
146,1377,1523,0.1388
151,1376,1527,0.1388
152,1363,1515,0.1388
152,1356,1508,0.1388
150,1359,1509,0.1388
147,1366,1513,0.1388
144,1366,1510,0.1388
146,1363,1509,0.1388
145,1376,1521,0.1388
141,1363,1504,0.1388
137,1354,1491,0.1388
137,1355,1492,0.1388
138,1377,1515,0.1388
135,1373,1508,0.1388
134,1374,1508,0.1388
136,1379,1515,0.1388
139,1380,1519,0.1388
135,1374,1509,0.1388
132,1367,1499,0.1388
134,1383,1517,0.1388
132,1395,1527,0.1388
126,1394,1520,0.1388
127,1396,1523,0.1388
126,1391,1517,0.1388
127,1385,1512,0.1388
125,1391,1516,0.1388
125,1394,1519,0.1388
123,1396,1519,0.1388
125,1400,1525,0.1388
122,1407,1529,0.1388
123,1392,1515,0.1388
125,1396,1521,0.1388
125,1403,1528,0.1388
125,1394,1519,0.1388
123,1390,1513,0.1388
121,1405,1526,0.1388
117,1400,1517,0.1388
116,1389,1505,0.1388
115,1389,1504,0.1388
112,1410,1522,0.1388
111,1400,1511,0.1388
109,1400,1509,0.1388
106,1407,1513,0.1388
109,1415,1524,0.1388
107,1413,1520,0.1388
108,1406,1514,0.1388
110,1399,1509,0.1388
110,1408,1518,0.1388
104,1410,1514,0.1388
103,1406,1509,0.1388
104,1408,1512,0.1388
104,1417,1521,0.1388
102,1419,1521,0.1388
103,1416,1519,0.1388
102,1407,1509,0.1388
102,1412,1514,0.1388
102,1410,1512,0.1388
100,1407,1507,0.1388
100,1416,1516,0.1388
100,1408,1508,0.1388
97,1412,1509,0.1388
95,1419,1514,0.1388
97,1412,1509,0.1388
98,1404,1502,0.1388
98,1417,1515,0.1388
99,1424,1523,0.1388
97,1429,1526,0.1388
96,1418,1514,0.1388
96,1423,1519,0.1388
96,1404,1500,0.1388
97,1408,1505,0.1388
97,1415,1512,0.1388
97,1411,1508,0.1388
95,1418,1513,0.1388
95,1426,1521,0.1388
92,1428,1520,0.1388
90,1425,1515,0.1388
90,1433,1523,0.1388
91,1434,1525,0.1388
90,1432,1522,0.1388
89,1438,1527,0.1388
93,1429,1522,0.1388
94,1436,1530,0.1388
91,1434,1525,0.1388
93,1426,1519,0.1388
92,1418,1510,0.1388
91,1421,1512,0.1388
89,1430,1519,0.1388
89,1431,1520,0.1388
91,1418,1509,0.1388
92,1418,1510,0.1388
92,1413,1505,0.1388
92,1411,1503,0.1388
93,1426,1519,0.1388
95,1422,1517,0.1388
95,1420,1515,0.1388
94,1407,1501,0.1388
94,1411,1505,0.1388
95,1418,1513,0.1388
97,1420,1517,0.1388
98,1425,1523,0.1388
95,1434,1529,0.1388
93,1427,1520,0.1388
91,1422,1513,0.1388
92,1414,1506,0.1388
89,1418,1507,0.1388
91,1416,1507,0.1388
90,1423,1513,0.1388
87,1434,1521,0.1388
88,1437,1525,0.1388
91,1443,1534,0.1388
95,1442,1537,0.1388
93,1426,1519,0.1388
94,1408,1502,0.1388
93,1419,1512,0.1388
97,1420,1517,0.1388
94,1429,1523,0.1388
95,1430,1525,0.1388
96,1427,1523,0.1388
96,1434,1530,0.1388
91,1424,1515,0.1388
91,1424,1515,0.1388
89,1429,1518,0.1388
91,1429,1520,0.1388
91,1433,1524,0.1388
93,1432,1525,0.1388
93,1428,1521,0.1388
95,1406,1501,0.1388
92,1406,1498,0.1388
93,1415,1508,0.1388
93,1409,1502,0.1388
91,1413,1504,0.1388
91,1415,1506,0.1388
92,1423,1515,0.1388
93,1430,1523,0.1388
95,1426,1521,0.1388
94,1413,1507,0.1388
92,1415,1507,0.1388
89,1427,1516,0.1388
91,1414,1505,0.1388
93,1415,1508,0.1388
92,1418,1510,0.1388
91,1415,1506,0.1388
92,1419,1511,0.1388
96,1421,1517,0.1388
97,1447,1544,0.1388
98,1431,1529,0.1388
98,1425,1523,0.1388
100,1423,1523,0.1388
100,1427,1527,0.1388
98,1432,1530,0.1388
96,1440,1536,0.1388
97,1427,1524,0.1388
97,1418,1515,0.1388
92,1416,1508,0.1388
91,1422,1513,0.1388
89,1430,1519,0.1388
92,1425,1517,0.1388
90,1425,1515,0.1388
89,1430,1519,0.1388
90,1421,1511,0.1388
92,1421,1513,0.1388
87,1418,1505,0.1388
84,1412,1496,0.1388
84,1420,1504,0.1388
82,1423,1505,0.1388
85,1425,1510,0.1388
85,1426,1511,0.1388
86,1442,1528,0.1388
83,1442,1525,0.1388
82,1450,1532,0.1388
82,1449,1531,0.1388
81,1445,1526,0.1388
80,1431,1511,0.1388
83,1435,1518,0.1388
81,1432,1513,0.1388
79,1438,1517,0.1388
79,1437,1516,0.1388
81,1435,1516,0.1388
79,1426,1505,0.1388
81,1433,1514,0.1388
82,1429,1511,0.1388
82,1428,1510,0.1388
82,1426,1508,0.1388
86,1432,1518,0.1388
86,1417,1503,0.1388
83,1426,1509,0.1388
86,1432,1518,0.1388
84,1427,1511,0.1388
86,1434,1520,0.1388
87,1429,1516,0.1388
86,1429,1515,0.1388
82,1437,1519,0.1388
77,1439,1516,0.1388
77,1449,1526,0.1388
79,1433,1512,0.1388
81,1435,1516,0.1388
80,1442,1522,0.1388
78,1456,1534,0.1388
74,1440,1514,0.1388
71,1432,1503,0.1388
70,1427,1497,0.1388
71,1434,1505,0.1388
71,1444,1515,0.1388
70,1453,1523,0.1388
71,1448,1519,0.1388
70,1465,1535,0.1388
68,1460,1528,0.1388
69,1461,1530,0.1388
68,1454,1522,0.1388
70,1454,1524,0.1388
69,1442,1511,0.1388
68,1448,1516,0.1388
67,1456,1523,0.1388
66,1456,1522,0.1388
63,1454,1517,0.1388
61,1440,1501,0.1388
63,1440,1503,0.1388
65,1461,1526,0.1388
65,1466,1531,0.1388
63,1468,1531,0.1388
64,1465,1529,0.1388
63,1456,1519,0.1388
62,1459,1521,0.1388
60,1459,1519,0.1388
58,1456,1514,0.1388
54,1462,1516,0.1388
55,1451,1506,0.1388
57,1459,1516,0.1388
57,1451,1508,0.1388
61,1455,1516,0.1388
57,1451,1508,0.1388
58,1450,1508,0.1388
57,1468,1525,0.1388
52,1462,1514,0.1388
52,1465,1517,0.1388
50,1448,1498,0.1388
51,1464,1515,0.1388
51,1472,1523,0.1388
52,1473,1525,0.1388
54,1464,1518,0.1388
52,1469,1521,0.1388
54,1472,1526,0.1388
56,1465,1521,0.1388
56,1473,1529,0.1388
57,1477,1534,0.1388
55,1478,1533,0.1388
54,1477,1531,0.1388
55,1478,1533,0.1388
58,1467,1525,0.1388
61,1468,1529,0.1388
58,1465,1523,0.1388
61,1462,1523,0.1388
62,1466,1528,0.1388
61,1458,1519,0.1388
63,1449,1512,0.1388
63,1445,1508,0.1388
64,1449,1513,0.1388
64,1455,1519,0.1388
62,1447,1509,0.1388
61,1457,1518,0.1388
58,1443,1501,0.1388
59,1440,1499,0.1388
59,1434,1493,0.1388
61,1454,1515,0.1388
59,1459,1518,0.1388
60,1456,1516,0.1388
62,1456,1518,0.1388
60,1460,1520,0.1388
58,1457,1515,0.1388
59,1459,1518,0.1388
57,1461,1518,0.1388
58,1455,1513,0.1388
60,1459,1519,0.1388
59,1453,1512,0.1388
57,1446,1503,0.1388
53,1456,1509,0.1388
54,1452,1506,0.1388
55,1462,1517,0.1388
55,1461,1516,0.1388
52,1476,1528,0.1388
52,1462,1514,0.1388
49,1459,1508,0.1388
48,1469,1517,0.1388
48,1469,1517,0.1388
48,1466,1514,0.1388
47,1470,1517,0.1388
48,1477,1525,0.1388
45,1469,1514,0.1388
43,1467,1510,0.1388
43,1466,1509,0.1388
43,1470,1513,0.1388
43,1473,1516,0.1388
44,1472,1516,0.1388
46,1464,1510,0.1388
47,1468,1515,0.1388
47,1466,1513,0.1388
45,1463,1508,0.1388
43,1468,1511,0.1388
46,1471,1517,0.1388
47,1470,1517,0.1388
46,1468,1514,0.1388
46,1481,1527,0.1388
45,1468,1513,0.1388
45,1469,1514,0.1388
45,1465,1510,0.1388
45,1457,1502,0.1388
45,1459,1504,0.1388
44,1458,1502,0.1388
42,1470,1512,0.1388
40,1473,1513,0.1388
40,1479,1519,0.1388
39,1477,1516,0.1388
37,1479,1516,0.1388
37,1490,1527,0.1388
36,1478,1514,0.1388
38,1485,1523,0.1388
37,1473,1510,0.1388
37,1468,1505,0.1388
39,1462,1501,0.1388
39,1469,1508,0.1388
40,1488,1528,0.1388
40,1485,1525,0.1388
41,1478,1519,0.1388
40,1482,1522,0.1388
38,1478,1516,0.1388
41,1484,1525,0.1388
40,1475,1515,0.1388
40,1471,1511,0.1388
40,1470,1510,0.1388
41,1486,1527,0.1388
41,1478,1519,0.1388
37,1482,1519,0.1388
37,1482,1519,0.1388
36,1478,1514,0.1388
38,1476,1514,0.1388
39,1468,1507,0.1388
39,1475,1514,0.1388
41,1461,1502,0.1388
40,1452,1492,0.1388
38,1465,1503,0.1388
37,1472,1509,0.1388
38,1477,1515,0.1388
36,1470,1506,0.1388
35,1476,1511,0.1388
35,1470,1505,0.1388
34,1464,1498,0.1388
35,1473,1508,0.1388
33,1474,1507,0.1388
33,1489,1522,0.1388
33,1485,1518,0.1388
34,1490,1524,0.1388
32,1486,1518,0.1388
32,1472,1504,0.1388
33,1474,1507,0.1388
34,1475,1509,0.1388
33,1476,1509,0.1388
35,1476,1511,0.1388
35,1472,1507,0.1388
34,1482,1516,0.1388
37,1472,1509,0.1388
37,1486,1523,0.1388
35,1473,1508,0.1388
38,1488,1526,0.1388
37,1482,1519,0.1388
37,1490,1527,0.1388
37,1495,1532,0.1388
37,1487,1524,0.1388
37,1478,1515,0.1388
36,1481,1517,0.1388
37,1478,1515,0.1388
36,1477,1513,0.1388
36,1481,1517,0.1388
36,1477,1513,0.1388
35,1472,1507,0.1388
36,1484,1520,0.1388
37,1494,1531,0.1388
37,1490,1527,0.1388
36,1484,1520,0.1388
34,1483,1517,0.1388
36,1480,1516,0.1388
35,1461,1496,0.1388
35,1466,1501,0.1388
35,1468,1503,0.1388
34,1470,1504,0.1388
34,1472,1506,0.1388
30,1468,1498,0.1388
30,1476,1506,0.1388
33,1470,1503,0.1388
31,1475,1506,0.1388
31,1482,1513,0.1388
30,1490,1520,0.1388
30,1474,1504,0.1388
30,1474,1504,0.1388
32,1482,1514,0.1388
32,1469,1501,0.1388
31,1483,1514,0.1388
31,1490,1521,0.1388
33,1488,1521,0.1388
33,1491,1524,0.1388
33,1497,1530,0.1388
34,1497,1531,0.1388
32,1497,1529,0.1388
31,1493,1524,0.1388
34,1479,1513,0.1388
33,1480,1513,0.1388
33,1477,1510,0.1388
33,1487,1520,0.1388
32,1486,1518,0.1388
32,1477,1509,0.1388
33,1487,1520,0.1388
32,1490,1522,0.1388
31,1495,1526,0.1388
31,1502,1533,0.1388
30,1491,1521,0.1388
31,1486,1517,0.1388
30,1482,1512,0.1388
25,1477,1502,0.1388
26,1484,1510,0.1388
27,1489,1516,0.1388
28,1499,1527,0.1388
27,1504,1531,0.1388
26,1494,1520,0.1388
28,1487,1515,0.1388
28,1489,1517,0.1388
28,1486,1514,0.1388
28,1484,1512,0.1388
29,1479,1508,0.1388
30,1487,1517,0.1388
29,1492,1521,0.1388
28,1487,1515,0.1388
28,1496,1524,0.1388
28,1491,1519,0.1388
25,1488,1513,0.1388
24,1480,1504,0.1388
22,1490,1512,0.1388
22,1486,1508,0.1388
21,1484,1505,0.1388
21,1481,1502,0.1388
22,1490,1512,0.1388
23,1485,1508,0.1388
22,1486,1508,0.1388
21,1479,1500,0.1388
20,1479,1499,0.1388
20,1476,1496,0.1388
19,1473,1492,0.1388
17,1472,1489,0.1388
17,1467,1484,0.1388
16,1466,1482,0.1388
17,1481,1498,0.1388
16,1491,1507,0.1388
16,1508,1524,0.1388
16,1509,1525,0.1388
16,1505,1521,0.1388
15,1490,1505,0.1388
15,1507,1522,0.1388
15,1511,1526,0.1388
15,1513,1528,0.1388
16,1511,1527,0.1388
16,1507,1523,0.1388
17,1503,1520,0.1388
16,1503,1519,0.1388
17,1505,1522,0.1388
17,1510,1527,0.1388
18,1502,1520,0.1388
18,1500,1518,0.1388
19,1503,1522,0.1388
18,1491,1509,0.1388
20,1504,1524,0.1388
20,1502,1522,0.1388
20,1493,1513,0.1388
19,1495,1514,0.1388
18,1493,1511,0.1388
18,1506,1524,0.1388
20,1510,1530,0.1388
19,1509,1528,0.1388
20,1518,1538,0.1388
19,1498,1517,0.1388
19,1496,1515,0.1388
19,1484,1503,0.1388
18,1486,1504,0.1388
18,1489,1507,0.1388
19,1484,1503,0.1388
19,1488,1507,0.1388
20,1495,1515,0.1388
21,1488,1509,0.1388
22,1489,1511,0.1388
22,1491,1513,0.1388
23,1493,1516,0.1388
23,1485,1508,0.1388
24,1485,1509,0.1388
24,1486,1510,0.1388
24,1496,1520,0.1388
25,1495,1520,0.1388
25,1493,1518,0.1388
24,1487,1511,0.1388
24,1500,1524,0.1388
24,1501,1525,0.1388
24,1500,1524,0.1388
23,1508,1531,0.1388
25,1500,1525,0.1388
25,1487,1512,0.1388
24,1494,1518,0.1388
24,1484,1508,0.1388
23,1486,1509,0.1388
25,1492,1517,0.1388
24,1486,1510,0.1388
24,1475,1499,0.1388
24,1492,1516,0.1388
24,1500,1524,0.1388
23,1484,1507,0.1388
21,1480,1501,0.1388
21,1492,1513,0.1388
21,1486,1507,0.1388
21,1491,1512,0.1388
22,1491,1513,0.1388
21,1497,1518,0.1388
21,1476,1497,0.1388
20,1494,1514,0.1388
20,1508,1528,0.1388
20,1501,1521,0.1388
20,1502,1522,0.1388
20,1486,1506,0.1388
20,1487,1507,0.1388
19,1489,1508,0.1388
19,1487,1506,0.1388
19,1490,1509,0.1388
19,1492,1511,0.1388
19,1511,1530,0.1388
19,1503,1522,0.1388
20,1509,1529,0.1388
22,1505,1527,0.1388
22,1506,1528,0.1388
21,1502,1523,0.1388
21,1500,1521,0.1388
20,1498,1518,0.1388
21,1510,1531,0.1388
20,1513,1533,0.1388
20,1490,1510,0.1388
21,1495,1516,0.1388
20,1481,1501,0.1388
20,1481,1501,0.1388
20,1486,1506,0.1388
19,1482,1501,0.1388
19,1491,1510,0.1388
20,1496,1516,0.1388
19,1492,1511,0.1388
20,1488,1508,0.1388
20,1490,1510,0.1388
19,1490,1509,0.1388
19,1512,1531,0.1388
18,1503,1521,0.1388
18,1504,1522,0.1388
17,1503,1520,0.1388
17,1514,1531,0.1388
17,1504,1521,0.1388
17,1507,1524,0.1388
17,1497,1514,0.1388
16,1481,1497,0.1388
15,1475,1490,0.1388
15,1486,1501,0.1388
15,1484,1499,0.1388
15,1491,1506,0.1388
16,1497,1513,0.1388
18,1498,1516,0.1388
19,1504,1523,0.1388
19,1496,1515,0.1388
18,1501,1519,0.1388
18,1489,1507,0.1388
18,1504,1522,0.1388
19,1505,1524,0.1388
18,1497,1515,0.1388
18,1492,1510,0.1388
19,1499,1518,0.1388
18,1509,1527,0.1388
19,1505,1524,0.1388
18,1508,1526,0.1388
17,1505,1522,0.1388
17,1511,1528,0.1388
17,1499,1516,0.1388
18,1500,1518,0.1388
18,1509,1527,0.1388
16,1501,1517,0.1388
17,1502,1519,0.1388
17,1499,1516,0.1388
15,1501,1516,0.1388
15,1506,1521,0.1388
16,1501,1517,0.1388
16,1491,1507,0.1388
14,1509,1523,0.1388
14,1515,1529,0.1388
14,1521,1535,0.1388
15,1514,1529,0.1388
16,1519,1535,0.1388
16,1504,1520,0.1388
15,1505,1520,0.1388
15,1496,1511,0.1388
15,1504,1519,0.1388
15,1499,1514,0.1388
15,1500,1515,0.1388
15,1492,1507,0.1388
15,1488,1503,0.1388
16,1499,1515,0.1388
16,1497,1513,0.1388
16,1503,1519,0.1388
17,1496,1513,0.1388
17,1508,1525,0.1388
17,1510,1527,0.1388
17,1501,1518,0.1388
16,1497,1513,0.1388
15,1494,1509,0.1388
16,1493,1509,0.1388
16,1503,1519,0.1388
17,1503,1520,0.1388
17,1498,1515,0.1388
17,1509,1526,0.1388
17,1502,1519,0.1388
19,1499,1518,0.1388
19,1501,1520,0.1388
18,1493,1511,0.1388
17,1490,1507,0.1388
18,1480,1498,0.1388
19,1494,1513,0.1388
19,1491,1510,0.1388
18,1502,1520,0.1388
18,1492,1510,0.1388
20,1505,1525,0.1388
20,1500,1520,0.1388
19,1508,1527,0.1388
19,1503,1522,0.1388
17,1502,1519,0.1388
18,1501,1519,0.1388
19,1495,1514,0.1388
19,1479,1498,0.1388
20,1477,1497,0.1388
21,1489,1510,0.1388
21,1494,1515,0.1388
20,1503,1523,0.1388
19,1495,1514,0.1388
17,1499,1516,0.1388
16,1498,1514,0.1388
15,1499,1514,0.1388
15,1499,1514,0.1388
16,1499,1515,0.1388
15,1492,1507,0.1388
15,1505,1520,0.1388
16,1501,1517,0.1388
16,1509,1525,0.1388
15,1499,1514,0.1388
16,1516,1532,0.1388
16,1513,1529,0.1388
17,1510,1527,0.1388
17,1507,1524,0.1388
16,1498,1514,0.1388
16,1518,1534,0.1388
16,1522,1538,0.1388
15,1511,1526,0.1388
15,1506,1521,0.1388
14,1503,1517,0.1388
13,1496,1509,0.1388
13,1503,1516,0.1388
12,1495,1507,0.1388
13,1505,1518,0.1388
13,1507,1520,0.1388
11,1511,1522,0.1388
11,1508,1519,0.1388
11,1497,1508,0.1388
11,1493,1504,0.1388
13,1500,1513,0.1388
13,1495,1508,0.1388
12,1491,1503,0.1388
12,1495,1507,0.1388
11,1484,1495,0.1388
11,1498,1509,0.1388
11,1497,1508,0.1388
11,1503,1514,0.1388
12,1494,1506,0.1388
11,1498,1509,0.1388
11,1502,1513,0.1388
10,1494,1504,0.1388
10,1498,1508,0.1388
10,1492,1502,0.1388
10,1507,1517,0.1388
10,1508,1518,0.1388
10,1497,1507,0.1388
10,1493,1503,0.1388
10,1504,1514,0.1388
10,1492,1502,0.1388
10,1496,1506,0.1388
9,1502,1511,0.1388
9,1502,1511,0.1388
9,1499,1508,0.1388
9,1507,1516,0.1388
9,1510,1519,0.1388
9,1488,1497,0.1388
9,1498,1507,0.1388
8,1494,1502,0.1388
9,1496,1505,0.1388
9,1508,1517,0.1388
10,1514,1524,0.1388
10,1526,1536,0.1388
10,1517,1527,0.1388
10,1504,1514,0.1388
10,1503,1513,0.1388
10,1498,1508,0.1388
10,1496,1506,0.1388
9,1497,1506,0.1388
10,1494,1504,0.1388
9,1506,1515,0.1388
8,1498,1506,0.1388
8,1502,1510,0.1388
8,1508,1516,0.1388
7,1513,1520,0.1388
7,1504,1511,0.1388
7,1515,1522,0.1388
7,1519,1526,0.1388
7,1509,1516,0.1388
7,1518,1525,0.1388
8,1506,1514,0.1388
7,1498,1505,0.1388
6,1489,1495,0.1388
6,1486,1492,0.1388
6,1505,1511,0.1388
6,1515,1521,0.1388
6,1516,1522,0.1388
6,1506,1512,0.1388
7,1500,1507,0.1388
8,1505,1513,0.1388
8,1518,1526,0.1388
8,1524,1532,0.1388
8,1510,1518,0.1388
8,1523,1531,0.1388
9,1527,1536,0.1388
7,1526,1533,0.1388
7,1529,1536,0.1388
8,1491,1499,0.1388
8,1505,1513,0.1388
8,1515,1523,0.1388
8,1507,1515,0.1388
9,1511,1520,0.1388
9,1505,1514,0.1388
9,1495,1504,0.1388
9,1514,1523,0.1388
8,1503,1511,0.1388
8,1496,1504,0.1388
8,1506,1514,0.1388
9,1510,1519,0.1388
8,1503,1511,0.1388
7,1505,1512,0.1388
7,1512,1519,0.1388
8,1512,1520,0.1388
7,1514,1521,0.1388
7,1501,1508,0.1388
8,1509,1517,0.1388
7,1516,1523,0.1388
8,1523,1531,0.1388
8,1519,1527,0.1388
8,1514,1522,0.1388
8,1507,1515,0.1388
8,1508,1516,0.1388
7,1507,1514,0.1388
7,1487,1494,0.1388
7,1496,1503,0.1388
9,1506,1515,0.1388
9,1517,1526,0.1388
9,1507,1516,0.1388
9,1502,1511,0.1388
9,1504,1513,0.1388
9,1492,1501,0.1388
9,1500,1509,0.1388
9,1493,1502,0.1388
10,1497,1507,0.1388
10,1502,1512,0.1388
10,1502,1512,0.1388
9,1500,1509,0.1388
9,1502,1511,0.1388
10,1487,1497,0.1388
10,1493,1503,0.1388
10,1481,1491,0.1388
10,1489,1499,0.1388
10,1510,1520,0.1388
10,1505,1515,0.1388
10,1498,1508,0.1388
10,1505,1515,0.1388
10,1508,1518,0.1388
10,1505,1515,0.1388
9,1505,1514,0.1388
8,1506,1514,0.1388
7,1500,1507,0.1388
6,1490,1496,0.1388
5,1499,1504,0.1388
5,1521,1526,0.1388
5,1521,1526,0.1388
5,1518,1523,0.1388
5,1518,1523,0.1388
5,1518,1523,0.1388
5,1519,1524,0.1388
5,1511,1516,0.1388
6,1515,1521,0.1388
5,1502,1507,0.1388
6,1494,1500,0.1388
6,1492,1498,0.1388
6,1498,1504,0.1388
6,1502,1508,0.1388
5,1511,1516,0.1388
5,1521,1526,0.1388
5,1520,1525,0.1388
5,1532,1537,0.1388
5,1532,1537,0.1388
4,1534,1538,0.1388
4,1535,1539,0.1388
5,1524,1529,0.1388
5,1517,1522,0.1388
5,1520,1525,0.1388
6,1520,1526,0.1388
6,1519,1525,0.1388
6,1519,1525,0.1388
6,1511,1517,0.1388
6,1507,1513,0.1388
6,1511,1517,0.1388
5,1510,1515,0.1388
5,1513,1518,0.1388
5,1513,1518,0.1388
6,1517,1523,0.1388
5,1514,1519,0.1388
5,1509,1514,0.1388
5,1508,1513,0.1388
5,1497,1502,0.1388
5,1506,1511,0.1388
4,1530,1534,0.1388
4,1534,1538,0.1388
4,1524,1528,0.1388
4,1518,1522,0.1388
5,1527,1532,0.1388
5,1513,1518,0.1388
5,1509,1514,0.1388
5,1500,1505,0.1388
5,1490,1495,0.1388
5,1485,1490,0.1388
6,1492,1498,0.1388
7,1498,1505,0.1388
6,1495,1501,0.1388
6,1510,1516,0.1388
6,1507,1513,0.1388
6,1512,1518,0.1388
6,1519,1525,0.1388
8,1520,1528,0.1388
8,1515,1523,0.1388
8,1504,1512,0.1388
9,1503,1512,0.1388
8,1506,1514,0.1388
8,1496,1504,0.1388
8,1491,1499,0.1388
8,1505,1513,0.1388
8,1507,1515,0.1388
8,1493,1501,0.1388
7,1498,1505,0.1388
7,1511,1518,0.1388
8,1505,1513,0.1388
7,1503,1510,0.1388
8,1515,1523,0.1388
8,1505,1513,0.1388
9,1501,1510,0.1388
8,1507,1515,0.1388
8,1502,1510,0.1388
8,1515,1523,0.1388
8,1520,1528,0.1388
8,1517,1525,0.1388
8,1522,1530,0.1388
8,1513,1521,0.1388
8,1509,1517,0.1388
7,1514,1521,0.1388
7,1514,1521,0.1388
7,1510,1517,0.1388
7,1518,1525,0.1388
7,1516,1523,0.1388
7,1511,1518,0.1388
7,1509,1516,0.1388
8,1504,1512,0.1388
8,1514,1522,0.1388
8,1510,1518,0.1388
8,1508,1516,0.1388
8,1513,1521,0.1388
8,1497,1505,0.1388
8,1502,1510,0.1388
8,1503,1511,0.1388
8,1497,1505,0.1388
8,1501,1509,0.1388
8,1505,1513,0.1388
9,1502,1511,0.1388
9,1498,1507,0.1388
9,1494,1503,0.1388
9,1497,1506,0.1388
9,1497,1506,0.1388
9,1504,1513,0.1388
9,1505,1514,0.1388
10,1514,1524,0.1388
10,1514,1524,0.1388
10,1509,1519,0.1388
10,1508,1518,0.1388
10,1523,1533,0.1388
9,1524,1533,0.1388
10,1516,1526,0.1388
10,1515,1525,0.1388
10,1513,1523,0.1388
10,1518,1528,0.1388
9,1513,1522,0.1388
9,1507,1516,0.1388
8,1515,1523,0.1388
7,1517,1524,0.1388
7,1509,1516,0.1388
7,1513,1520,0.1388
8,1510,1518,0.1388
7,1515,1522,0.1388
7,1514,1521,0.1388
6,1528,1534,0.1388
5,1522,1527,0.1388
5,1518,1523,0.1388
5,1511,1516,0.1388
6,1512,1518,0.1388
7,1506,1513,0.1388
7,1506,1513,0.1388
6,1509,1515,0.1388
6,1504,1510,0.1388
6,1511,1517,0.1388
6,1501,1507,0.1388
6,1493,1499,0.1388
6,1505,1511,0.1388
6,1517,1523,0.1388
6,1507,1513,0.1388
6,1513,1519,0.1388
6,1512,1518,0.1388
6,1514,1520,0.1388
6,1510,1516,0.1388
6,1508,1514,0.1388
5,1517,1522,0.1388
6,1507,1513,0.1388
7,1523,1530,0.1388
7,1515,1522,0.1388
7,1522,1529,0.1388
7,1525,1532,0.1388
9,1525,1534,0.1388
9,1518,1527,0.1388
9,1516,1525,0.1388
9,1513,1522,0.1388
9,1510,1519,0.1388
8,1510,1518,0.1388
8,1500,1508,0.1388
8,1497,1505,0.1388
8,1498,1506,0.1388
8,1494,1502,0.1388
8,1500,1508,0.1388
8,1515,1523,0.1388
8,1530,1538,0.1388
9,1519,1528,0.1388
9,1511,1520,0.1388
9,1507,1516,0.1388
10,1501,1511,0.1388
10,1498,1508,0.1388
10,1505,1515,0.1388
11,1495,1506,0.1388
11,1500,1511,0.1388
11,1507,1518,0.1388
12,1505,1517,0.1388
12,1513,1525,0.1388
12,1514,1526,0.1388
12,1515,1527,0.1388
12,1513,1525,0.1388
11,1519,1530,0.1388
11,1512,1523,0.1388
10,1500,1510,0.1388
10,1504,1514,0.1388
10,1507,1517,0.1388
12,1499,1511,0.1388
13,1494,1507,0.1388
13,1496,1509,0.1388
10,1500,1510,0.1388
10,1503,1513,0.1388
10,1512,1522,0.1388
10,1504,1514,0.1388
9,1505,1514,0.1388
9,1506,1515,0.1388
9,1515,1524,0.1388
8,1517,1525,0.1388
8,1522,1530,0.1388
8,1521,1529,0.1388
8,1511,1519,0.1388
8,1503,1511,0.1388
9,1497,1506,0.1388
9,1507,1516,0.1388
9,1499,1508,0.1388
8,1500,1508,0.1388
8,1511,1519,0.1388
7,1503,1510,0.1388
6,1504,1510,0.1388
6,1510,1516,0.1388
6,1506,1512,0.1388
5,1514,1519,0.1388
6,1517,1523,0.1388
6,1509,1515,0.1388
6,1515,1521,0.1388
6,1520,1526,0.1388
6,1512,1518,0.1388
8,1510,1518,0.1388
8,1510,1518,0.1388
11,1495,1506,0.1388
11,1502,1513,0.1388
11,1496,1507,0.1388
11,1496,1507,0.1388
12,1496,1508,0.1388
12,1505,1517,0.1388
12,1503,1515,0.1388
12,1507,1519,0.1388
13,1513,1526,0.1388
13,1511,1524,0.1388
13,1511,1524,0.1388
12,1505,1517,0.1388
12,1507,1519,0.1388
12,1506,1518,0.1388
14,1504,1518,0.1388
14,1510,1524,0.1388
12,1515,1527,0.1388
13,1510,1523,0.1388
14,1496,1510,0.1388
15,1505,1520,0.1388
16,1498,1514,0.1388
17,1494,1511,0.1388
15,1504,1519,0.1388
15,1511,1526,0.1388
15,1496,1511,0.1388
15,1512,1527,0.1388
12,1520,1532,0.1388
11,1511,1522,0.1388
12,1506,1518,0.1388
12,1509,1521,0.1388
12,1511,1523,0.1388
12,1515,1527,0.1388
12,1515,1527,0.1388
12,1502,1514,0.1388
11,1505,1516,0.1388
12,1515,1527,0.1388
11,1520,1531,0.1388
11,1524,1535,0.1388
9,1526,1535,0.1388
9,1533,1542,0.1388
8,1524,1532,0.1388
8,1534,1542,0.1388
7,1516,1523,0.1388
7,1514,1521,0.1388
7,1512,1519,0.1388
7,1509,1516,0.1388
7,1516,1523,0.1388
7,1511,1518,0.1388
6,1515,1521,0.1388
6,1504,1510,0.1388
7,1509,1516,0.1388
7,1509,1516,0.1388
7,1516,1523,0.1388
7,1525,1532,0.1388
7,1514,1521,0.1388
8,1516,1524,0.1388
8,1508,1516,0.1388
8,1499,1507,0.1388
8,1505,1513,0.1388
8,1506,1514,0.1388
10,1508,1518,0.1388
10,1505,1515,0.1388
10,1511,1521,0.1388
10,1527,1537,0.1388
9,1518,1527,0.1388
9,1509,1518,0.1388
9,1508,1517,0.1388
9,1494,1503,0.1388
7,1498,1505,0.1388
6,1506,1512,0.1388
6,1515,1521,0.1388
7,1513,1520,0.1388
7,1516,1523,0.1388
7,1518,1525,0.1388
7,1527,1534,0.1388
7,1514,1521,0.1388
7,1521,1528,0.1388
7,1520,1527,0.1388
7,1511,1518,0.1388
7,1511,1518,0.1388
7,1489,1496,0.1388
7,1497,1504,0.1388
7,1492,1499,0.1388
7,1507,1514,0.1388
7,1511,1518,0.1388
7,1516,1523,0.1388
8,1503,1511,0.1388
8,1516,1524,0.1388
7,1498,1505,0.1388
8,1499,1507,0.1388
8,1493,1501,0.1388
7,1498,1505,0.1388
7,1506,1513,0.1388
7,1506,1513,0.1388
7,1501,1508,0.1388
7,1504,1511,0.1388
8,1500,1508,0.1388
9,1492,1501,0.1388
9,1498,1507,0.1388
9,1501,1510,0.1388
9,1505,1514,0.1388
8,1511,1519,0.1388
8,1526,1534,0.1388
7,1526,1533,0.1388
7,1528,1535,0.1388
6,1518,1524,0.1388
7,1509,1516,0.1388
7,1511,1518,0.1388
6,1511,1517,0.1388
6,1508,1514,0.1388
6,1508,1514,0.1388
5,1513,1518,0.1388
5,1514,1519,0.1388
5,1511,1516,0.1388
5,1519,1524,0.1388
4,1515,1519,0.1388
4,1517,1521,0.1388
3,1510,1513,0.1388
3,1522,1525,0.1388
3,1520,1523,0.1388
3,1526,1529,0.1388
3,1527,1530,0.1388
4,1507,1511,0.1388
4,1513,1517,0.1388
4,1527,1531,0.1388
4,1525,1529,0.1388
4,1519,1523,0.1388
4,1515,1519,0.1388
4,1513,1517,0.1388
4,1508,1512,0.1388
4,1508,1512,0.1388
4,1510,1514,0.1388
4,1511,1515,0.1388
4,1516,1520,0.1388
3,1516,1519,0.1388
3,1499,1502,0.1388
3,1519,1522,0.1388
2,1529,1531,0.1388
2,1524,1526,0.1388
2,1522,1524,0.1388
2,1513,1515,0.1388
2,1513,1515,0.1388
2,1521,1523,0.1388
2,1521,1523,0.1388
2,1518,1520,0.1388
2,1524,1526,0.1388
2,1520,1522,0.1388
2,1521,1523,0.1388
2,1524,1526,0.1388
2,1507,1509,0.1388
2,1498,1500,0.1388
2,1496,1498,0.1388
2,1508,1510,0.1388
1,1517,1518,0.1388
1,1516,1517,0.1388
1,1515,1516,0.1388
1,1511,1512,0.1388
1,1522,1523,0.1388
1,1519,1520,0.1388
1,1529,1530,0.1388
1,1532,1533,0.1388
1,1519,1520,0.1388
1,1510,1511,0.1388
1,1528,1529,0.1388
1,1524,1525,0.1388
0,1521,1521,0.1388
