1372,29,1401,0.1388
1400,31,1431,0.1388
1428,34,1462,0.1388
1456,33,1489,0.1388
1442,31,1473,0.1388
1456,30,1486,0.1388
1455,30,1485,0.1388
1464,30,1494,0.1388
1483,30,1513,0.1388
1472,30,1502,0.1388
1479,29,1508,0.1388
1464,29,1493,0.1388
1470,30,1500,0.1388
1472,30,1502,0.1388
1475,33,1508,0.1388
1479,33,1512,0.1388
1463,32,1495,0.1388
1456,33,1489,0.1388
1440,33,1473,0.1388
1443,32,1475,0.1388
1445,32,1477,0.1388
1458,33,1491,0.1388
1458,34,1492,0.1388
1462,35,1497,0.1388
1455,36,1491,0.1388
1458,34,1492,0.1388
1462,36,1498,0.1388
1451,36,1487,0.1388
1456,36,1492,0.1388
1448,37,1485,0.1388
1452,36,1488,0.1388
1441,35,1476,0.1388
1448,34,1482,0.1388
1463,34,1497,0.1388
1472,34,1506,0.1388
1468,36,1504,0.1388
1452,36,1488,0.1388
1455,35,1490,0.1388
1448,37,1485,0.1388
1443,38,1481,0.1388
1437,40,1477,0.1388
1433,42,1475,0.1388
1438,44,1482,0.1388
1449,44,1493,0.1388
1438,47,1485,0.1388
1437,49,1486,0.1388
1451,50,1501,0.1388
1440,53,1493,0.1388
1433,50,1483,0.1388
1432,49,1481,0.1388
1431,48,1479,0.1388
1450,48,1498,0.1388
1446,50,1496,0.1388
1439,47,1486,0.1388
1443,48,1491,0.1388
1433,49,1482,0.1388
1445,50,1495,0.1388
1446,51,1497,0.1388
1449,51,1500,0.1388
1438,51,1489,0.1388
1437,53,1490,0.1388
1436,54,1490,0.1388
1447,53,1500,0.1388
1450,56,1506,0.1388
1455,55,1510,0.1388
1445,52,1497,0.1388
1439,51,1490,0.1388
1446,50,1496,0.1388
1455,48,1503,0.1388
1451,51,1502,0.1388
1446,52,1498,0.1388
1435,51,1486,0.1388
1456,51,1507,0.1388
1448,53,1501,0.1388
1442,52,1494,0.1388
1445,53,1498,0.1388
1445,54,1499,0.1388
1440,54,1494,0.1388
1438,55,1493,0.1388
1439,54,1493,0.1388
1449,55,1504,0.1388
1434,54,1488,0.1388
1432,57,1489,0.1388
1433,56,1489,0.1388
1433,53,1486,0.1388
1436,55,1491,0.1388
1439,60,1499,0.1388
1442,59,1501,0.1388
1433,58,1491,0.1388
1443,58,1501,0.1388
1445,58,1503,0.1388
1432,59,1491,0.1388
1428,60,1488,0.1388
1417,62,1479,0.1388
1416,62,1478,0.1388
1418,63,1481,0.1388
1427,64,1491,0.1388
1419,65,1484,0.1388
1408,66,1474,0.1388
1419,66,1485,0.1388
1424,64,1488,0.1388
1424,65,1489,0.1388
1433,65,1498,0.1388
1425,64,1489,0.1388
1421,64,1485,0.1388
1411,66,1477,0.1388
1429,66,1495,0.1388
1433,64,1497,0.1388
1423,65,1488,0.1388
1430,67,1497,0.1388
1435,68,1503,0.1388
1425,68,1493,0.1388
1419,66,1485,0.1388
1419,68,1487,0.1388
1403,63,1466,0.1388
1403,66,1469,0.1388
1418,68,1486,0.1388
1415,68,1483,0.1388
1416,65,1481,0.1388
1417,68,1485,0.1388
1415,70,1485,0.1388
1412,70,1482,0.1388
1402,70,1472,0.1388
1418,75,1493,0.1388
1419,78,1497,0.1388
1424,75,1499,0.1388
1421,79,1500,0.1388
1413,80,1493,0.1388
1418,81,1499,0.1388
1417,82,1499,0.1388
1426,82,1508,0.1388
1423,83,1506,0.1388
1429,84,1513,0.1388
1429,83,1512,0.1388
1419,82,1501,0.1388
1404,85,1489,0.1388
1397,90,1487,0.1388
1401,89,1490,0.1388
1413,90,1503,0.1388
1412,89,1501,0.1388
1414,85,1499,0.1388
1408,86,1494,0.1388
1407,87,1494,0.1388
1400,89,1489,0.1388
1402,90,1492,0.1388
1414,92,1506,0.1388
1413,99,1512,0.1388
1422,99,1521,0.1388
1422,91,1513,0.1388
1414,93,1507,0.1388
1425,95,1520,0.1388
1407,95,1502,0.1388
1412,99,1511,0.1388
1413,100,1513,0.1388
1414,100,1514,0.1388
1412,99,1511,0.1388
1404,99,1503,0.1388
1400,100,1500,0.1388
1403,101,1504,0.1388
1411,104,1515,0.1388
1409,104,1513,0.1388
1414,102,1516,0.1388
1398,102,1500,0.1388
1392,104,1496,0.1388
1392,102,1494,0.1388
1398,103,1501,0.1388
1386,106,1492,0.1388
1374,105,1479,0.1388
1368,105,1473,0.1388
1368,109,1477,0.1388
1373,107,1480,0.1388
1369,107,1476,0.1388
1384,106,1490,0.1388
1377,107,1484,0.1388
1385,103,1488,0.1388
1389,104,1493,0.1388
1386,104,1490,0.1388
1389,106,1495,0.1388
1389,106,1495,0.1388
1388,105,1493,0.1388
1384,106,1490,0.1388
1394,104,1498,0.1388
1401,105,1506,0.1388
1389,102,1491,0.1388
1388,100,1488,0.1388
1395,99,1494,0.1388
1401,102,1503,0.1388
1387,102,1489,0.1388
1380,105,1485,0.1388
1375,110,1485,0.1388
1382,110,1492,0.1388
1388,106,1494,0.1388
1384,106,1490,0.1388
1387,107,1494,0.1388
1392,112,1504,0.1388
1385,106,1491,0.1388
1388,107,1495,0.1388
1393,107,1500,0.1388
1390,103,1493,0.1388
1381,106,1487,0.1388
1379,105,1484,0.1388
1391,105,1496,0.1388
1392,114,1506,0.1388
1398,116,1514,0.1388
1403,115,1518,0.1388
1388,116,1504,0.1388
1390,115,1505,0.1388
1374,114,1488,0.1388
1377,116,1493,0.1388
1372,116,1488,0.1388
1366,119,1485,0.1388
1366,118,1484,0.1388
1362,115,1477,0.1388
1380,115,1495,0.1388
1378,115,1493,0.1388
1386,114,1500,0.1388
1382,113,1495,0.1388
1388,115,1503,0.1388
1385,115,1500,0.1388
1375,118,1493,0.1388
1368,116,1484,0.1388
1379,115,1494,0.1388
1366,121,1487,0.1388
1372,118,1490,0.1388
1376,118,1494,0.1388
1374,124,1498,0.1388
1391,122,1513,0.1388
1384,124,1508,0.1388
1379,129,1508,0.1388
1369,132,1501,0.1388
1351,131,1482,0.1388
1346,137,1483,0.1388
1348,135,1483,0.1388
1340,131,1471,0.1388
1340,132,1472,0.1388
1352,134,1486,0.1388
1351,135,1486,0.1388
1356,134,1490,0.1388
1357,134,1491,0.1388
1363,129,1492,0.1388
1366,125,1491,0.1388
1370,134,1504,0.1388
1360,138,1498,0.1388
1381,136,1517,0.1388
1376,132,1508,0.1388
1376,132,1508,0.1388
1363,132,1495,0.1388
1363,128,1491,0.1388
1367,128,1495,0.1388
1363,132,1495,0.1388
1353,134,1487,0.1388
1363,136,1499,0.1388
1367,136,1503,0.1388
1349,136,1485,0.1388
1347,136,1483,0.1388
1346,132,1478,0.1388
1348,134,1482,0.1388
1353,139,1492,0.1388
1349,140,1489,0.1388
1341,140,1481,0.1388
1342,140,1482,0.1388
1353,136,1489,0.1388
1359,139,1498,0.1388
1361,139,1500,0.1388
1353,139,1492,0.1388
1356,136,1492,0.1388
1351,140,1491,0.1388
1358,138,1496,0.1388
1353,140,1493,0.1388
1358,143,1501,0.1388
1357,142,1499,0.1388
1352,145,1497,0.1388
1352,145,1497,0.1388
1347,144,1491,0.1388
1342,142,1484,0.1388
1356,141,1497,0.1388
1351,142,1493,0.1388
1360,140,1500,0.1388
1358,146,1504,0.1388
1354,145,1499,0.1388
1354,146,1500,0.1388
1342,146,1488,0.1388
1339,147,1486,0.1388
1348,147,1495,0.1388
1356,148,1504,0.1388
1347,147,1494,0.1388
1348,150,1498,0.1388
1356,148,1504,0.1388
1352,145,1497,0.1388
1351,143,1494,0.1388
1337,141,1478,0.1388
1336,142,1478,0.1388
1342,143,1485,0.1388
1338,152,1490,0.1388
1344,153,1497,0.1388
1341,152,1493,0.1388
1335,154,1489,0.1388
1328,153,1481,0.1388
1326,150,1476,0.1388
1333,151,1484,0.1388
1334,152,1486,0.1388
1339,154,1493,0.1388
1333,154,1487,0.1388
1330,159,1489,0.1388
1330,157,1487,0.1388
1326,157,1483,0.1388
1331,166,1497,0.1388
1319,171,1490,0.1388
1313,171,1484,0.1388
1319,164,1483,0.1388
1328,163,1491,0.1388
1333,169,1502,0.1388
1343,172,1515,0.1388
1332,176,1508,0.1388
1323,177,1500,0.1388
1318,171,1489,0.1388
1321,174,1495,0.1388
1323,174,1497,0.1388
1329,177,1506,0.1388
1327,174,1501,0.1388
1320,178,1498,0.1388
1330,172,1502,0.1388
1312,171,1483,0.1388
1310,173,1483,0.1388
1283,172,1455,0.1388
1292,173,1465,0.1388
1295,179,1474,0.1388
1296,182,1478,0.1388
1287,185,1472,0.1388
1307,182,1489,0.1388
1307,182,1489,0.1388
1305,188,1493,0.1388
1302,187,1489,0.1388
1313,188,1501,0.1388
1315,187,1502,0.1388
1305,192,1497,0.1388
1309,186,1495,0.1388
1310,190,1500,0.1388
1302,188,1490,0.1388
1311,189,1500,0.1388
1311,180,1491,0.1388
1320,188,1508,0.1388
1322,187,1509,0.1388
1325,192,1517,0.1388
1322,189,1511,0.1388
1314,188,1502,0.1388
1314,182,1496,0.1388
1296,186,1482,0.1388
1291,186,1477,0.1388
1288,183,1471,0.1388
1292,187,1479,0.1388
1303,191,1494,0.1388
1318,190,1508,0.1388
1307,190,1497,0.1388
1308,186,1494,0.1388
1300,190,1490,0.1388
1298,183,1481,0.1388
1309,184,1493,0.1388
1316,183,1499,0.1388
1316,181,1497,0.1388
1307,187,1494,0.1388
1312,186,1498,0.1388
1296,181,1477,0.1388
1300,180,1480,0.1388
1320,186,1506,0.1388
1329,183,1512,0.1388
1315,182,1497,0.1388
1319,180,1499,0.1388
1319,175,1494,0.1388
1305,173,1478,0.1388
1293,175,1468,0.1388
1300,176,1476,0.1388
1302,177,1479,0.1388
1309,181,1490,0.1388
1320,181,1501,0.1388
1329,178,1507,0.1388
1323,182,1505,0.1388
1320,185,1505,0.1388
1310,185,1495,0.1388
1312,188,1500,0.1388
1313,188,1501,0.1388
1306,186,1492,0.1388
1308,186,1494,0.1388
1307,186,1493,0.1388
1298,183,1481,0.1388
1300,183,1483,0.1388
1318,184,1502,0.1388
1318,182,1500,0.1388
1319,182,1501,0.1388
1320,178,1498,0.1388
1322,183,1505,0.1388
1319,184,1503,0.1388
1322,189,1511,0.1388
1320,188,1508,0.1388
1314,183,1497,0.1388
1316,181,1497,0.1388
1309,183,1492,0.1388
1313,184,1497,0.1388
1304,189,1493,0.1388
1300,191,1491,0.1388
1292,192,1484,0.1388
1312,195,1507,0.1388
1306,195,1501,0.1388
1318,200,1518,0.1388
1297,195,1492,0.1388
1303,194,1497,0.1388
1293,192,1485,0.1388
1299,195,1494,0.1388
1305,200,1505,0.1388
1287,206,1493,0.1388
1284,206,1490,0.1388
1297,207,1504,0.1388
1294,214,1508,0.1388
1285,215,1500,0.1388
1271,209,1480,0.1388
1286,205,1491,0.1388
1286,206,1492,0.1388
1302,206,1508,0.1388
1305,201,1506,0.1388
1311,200,1511,0.1388
1309,201,1510,0.1388
1299,201,1500,0.1388
1305,207,1512,0.1388
1300,206,1506,0.1388
1293,212,1505,0.1388
1291,211,1502,0.1388
1293,209,1502,0.1388
1277,212,1489,0.1388
1288,216,1504,0.1388
1273,214,1487,0.1388
1286,219,1505,0.1388
1289,220,1509,0.1388
1290,219,1509,0.1388
1292,218,1510,0.1388
1303,222,1525,0.1388
1288,222,1510,0.1388
1267,224,1491,0.1388
1271,222,1493,0.1388
1263,223,1486,0.1388
1250,229,1479,0.1388
1258,233,1491,0.1388
1254,238,1492,0.1388
1256,240,1496,0.1388
1261,239,1500,0.1388
1244,238,1482,0.1388
1239,231,1470,0.1388
1251,234,1485,0.1388
1262,233,1495,0.1388
1250,234,1484,0.1388
1255,239,1494,0.1388
1261,241,1502,0.1388
1256,241,1497,0.1388
1254,244,1498,0.1388
1259,242,1501,0.1388
1255,248,1503,0.1388
1242,247,1489,0.1388
1246,246,1492,0.1388
1248,247,1495,0.1388
1257,248,1505,0.1388
1261,249,1510,0.1388
1260,249,1509,0.1388
1250,247,1497,0.1388
1252,249,1501,0.1388
1246,254,1500,0.1388
1253,258,1511,0.1388
1260,257,1517,0.1388
1252,252,1504,0.1388
1260,262,1522,0.1388
1260,259,1519,0.1388
1251,262,1513,0.1388
1249,260,1509,0.1388
1248,258,1506,0.1388
1251,257,1508,0.1388
1242,255,1497,0.1388
1243,253,1496,0.1388
1235,253,1488,0.1388
1238,252,1490,0.1388
1237,261,1498,0.1388
1226,267,1493,0.1388
1235,263,1498,0.1388
1227,261,1488,0.1388
1223,262,1485,0.1388
1234,267,1501,0.1388
1239,270,1509,0.1388
1241,270,1511,0.1388
1236,266,1502,0.1388
1232,261,1493,0.1388
1241,264,1505,0.1388
1241,262,1503,0.1388
1247,263,1510,0.1388
1244,260,1504,0.1388
1245,255,1500,0.1388
1247,253,1500,0.1388
1252,259,1511,0.1388
1253,262,1515,0.1388
1254,262,1516,0.1388
1248,264,1512,0.1388
1241,265,1506,0.1388
1228,272,1500,0.1388
1216,278,1494,0.1388
1222,282,1504,0.1388
1218,281,1499,0.1388
1221,283,1504,0.1388
1222,277,1499,0.1388
1217,277,1494,0.1388
1205,275,1480,0.1388
1203,276,1479,0.1388
1219,280,1499,0.1388
1219,286,1505,0.1388
1237,284,1521,0.1388
1220,278,1498,0.1388
1227,282,1509,0.1388
1224,283,1507,0.1388
1220,275,1495,0.1388
1216,281,1497,0.1388
1210,285,1495,0.1388
1209,288,1497,0.1388
1204,290,1494,0.1388
1212,291,1503,0.1388
1202,295,1497,0.1388
1207,291,1498,0.1388
1200,288,1488,0.1388
1204,292,1496,0.1388
1208,289,1497,0.1388
1207,289,1496,0.1388
1206,290,1496,0.1388
1200,291,1491,0.1388
1202,296,1498,0.1388
1198,301,1499,0.1388
1189,298,1487,0.1388
1178,298,1476,0.1388
1173,300,1473,0.1388
1173,300,1473,0.1388
1184,298,1482,0.1388
1187,301,1488,0.1388
1195,304,1499,0.1388
1201,298,1499,0.1388
1194,310,1504,0.1388
1194,305,1499,0.1388
1195,309,1504,0.1388
1200,310,1510,0.1388
1201,308,1509,0.1388
1189,305,1494,0.1388
1191,296,1487,0.1388
1182,304,1486,0.1388
1196,309,1505,0.1388
1192,308,1500,0.1388
1187,307,1494,0.1388
1195,303,1498,0.1388
1197,301,1498,0.1388
1195,306,1501,0.1388
1189,303,1492,0.1388
1191,306,1497,0.1388
1196,304,1500,0.1388
1199,299,1498,0.1388
1203,293,1496,0.1388
1205,292,1497,0.1388
1210,296,1506,0.1388
1198,296,1494,0.1388
1196,303,1499,0.1388
1194,301,1495,0.1388
1192,299,1491,0.1388
1193,309,1502,0.1388
1195,307,1502,0.1388
1200,308,1508,0.1388
1199,305,1504,0.1388
1195,305,1500,0.1388
1196,310,1506,0.1388
1197,313,1510,0.1388
1181,309,1490,0.1388
1183,312,1495,0.1388
1185,310,1495,0.1388
1184,318,1502,0.1388
1184,315,1499,0.1388
1180,314,1494,0.1388
1165,314,1479,0.1388
1173,315,1488,0.1388
1185,315,1500,0.1388
1185,320,1505,0.1388
1186,322,1508,0.1388
1185,324,1509,0.1388
1177,320,1497,0.1388
1171,316,1487,0.1388
1163,314,1477,0.1388
1169,315,1484,0.1388
1171,324,1495,0.1388
1169,322,1491,0.1388
1163,327,1490,0.1388
1158,328,1486,0.1388
1154,328,1482,0.1388
1152,328,1480,0.1388
1160,329,1489,0.1388
1167,328,1495,0.1388
1161,335,1496,0.1388
1165,333,1498,0.1388
1154,336,1490,0.1388
1158,338,1496,0.1388
1172,339,1511,0.1388
1177,344,1521,0.1388
1170,342,1512,0.1388
1179,333,1512,0.1388
1167,338,1505,0.1388
1176,338,1514,0.1388
1173,341,1514,0.1388
1169,346,1515,0.1388
1160,345,1505,0.1388
1158,341,1499,0.1388
1148,343,1491,0.1388
1149,350,1499,0.1388
1149,349,1498,0.1388
1149,355,1504,0.1388
1148,355,1503,0.1388
1138,357,1495,0.1388
1141,353,1494,0.1388
1139,349,1488,0.1388
1153,350,1503,0.1388
1144,347,1491,0.1388
1143,347,1490,0.1388
1140,353,1493,0.1388
1144,360,1504,0.1388
1139,361,1500,0.1388
1128,367,1495,0.1388
1119,369,1488,0.1388
1122,370,1492,0.1388
1144,377,1521,0.1388
1141,375,1516,0.1388
1127,375,1502,0.1388
1138,375,1513,0.1388
1148,371,1519,0.1388
1132,371,1503,0.1388
1136,374,1510,0.1388
1135,372,1507,0.1388
1123,374,1497,0.1388
1120,375,1495,0.1388
1121,370,1491,0.1388
1124,368,1492,0.1388
1118,377,1495,0.1388
1116,385,1501,0.1388
1111,387,1498,0.1388
1131,379,1510,0.1388
1129,379,1508,0.1388
1132,378,1510,0.1388
1124,380,1504,0.1388
1112,380,1492,0.1388
1110,383,1493,0.1388
1112,382,1494,0.1388
1114,376,1490,0.1388
1109,377,1486,0.1388
1110,379,1489,0.1388
1115,387,1502,0.1388
1115,386,1501,0.1388
1108,379,1487,0.1388
1106,383,1489,0.1388
1094,383,1477,0.1388
1096,383,1479,0.1388
1109,383,1492,0.1388
1109,383,1492,0.1388
1102,390,1492,0.1388
1095,394,1489,0.1388
1099,400,1499,0.1388
1100,395,1495,0.1388
1094,401,1495,0.1388
1088,400,1488,0.1388
1085,406,1491,0.1388
1079,403,1482,0.1388
1086,401,1487,0.1388
1093,403,1496,0.1388
1094,406,1500,0.1388
1088,410,1498,0.1388
1097,410,1507,0.1388
1102,412,1514,0.1388
1099,417,1516,0.1388
1094,417,1511,0.1388
1087,421,1508,0.1388
1090,425,1515,0.1388
1088,416,1504,0.1388
1095,418,1513,0.1388
1103,421,1524,0.1388
1101,421,1522,0.1388
1095,425,1520,0.1388
1087,426,1513,0.1388
1077,427,1504,0.1388
1065,431,1496,0.1388
1065,430,1495,0.1388
1070,436,1506,0.1388
1068,433,1501,0.1388
1077,443,1520,0.1388
1076,440,1516,0.1388
1066,441,1507,0.1388
1071,448,1519,0.1388
1059,444,1503,0.1388
1063,450,1513,0.1388
1056,446,1502,0.1388
1048,457,1505,0.1388
1037,458,1495,0.1388
1037,455,1492,0.1388
1044,454,1498,0.1388
1043,453,1496,0.1388
1051,453,1504,0.1388
1045,456,1501,0.1388
1052,451,1503,0.1388
1061,447,1508,0.1388
1056,455,1511,0.1388
1055,456,1511,0.1388
1051,458,1509,0.1388
1050,455,1505,0.1388
1033,459,1492,0.1388
1041,456,1497,0.1388
1037,455,1492,0.1388
1040,455,1495,0.1388
1029,464,1493,0.1388
1028,469,1497,0.1388
1044,468,1512,0.1388
1042,464,1506,0.1388
1036,468,1504,0.1388
1028,472,1500,0.1388
1010,469,1479,0.1388
1016,473,1489,0.1388
1012,478,1490,0.1388
1014,483,1497,0.1388
1013,480,1493,0.1388
1015,474,1489,0.1388
1010,486,1496,0.1388
1020,492,1512,0.1388
1020,490,1510,0.1388
1027,486,1513,0.1388
1034,483,1517,0.1388
1038,492,1530,0.1388
1037,490,1527,0.1388
1038,487,1525,0.1388
1040,490,1530,0.1388
1029,491,1520,0.1388
1021,495,1516,0.1388
1011,488,1499,0.1388
1008,490,1498,0.1388
1013,493,1506,0.1388
1002,495,1497,0.1388
1018,493,1511,0.1388
1012,486,1498,0.1388
1006,489,1495,0.1388
1003,489,1492,0.1388
1001,493,1494,0.1388
993,505,1498,0.1388
1004,505,1509,0.1388
1007,494,1501,0.1388
999,494,1493,0.1388
1000,488,1488,0.1388
1003,480,1483,0.1388
1005,490,1495,0.1388
991,491,1482,0.1388
989,498,1487,0.1388
1004,507,1511,0.1388
1005,510,1515,0.1388
988,503,1491,0.1388
992,503,1495,0.1388
990,514,1504,0.1388
989,510,1499,0.1388
987,520,1507,0.1388
986,522,1508,0.1388
988,512,1500,0.1388
989,509,1498,0.1388
986,515,1501,0.1388
975,516,1491,0.1388
982,516,1498,0.1388
983,512,1495,0.1388
975,513,1488,0.1388
978,518,1496,0.1388
967,520,1487,0.1388
971,523,1494,0.1388
972,514,1486,0.1388
970,511,1481,0.1388
967,515,1482,0.1388
967,517,1484,0.1388
959,520,1479,0.1388
965,522,1487,0.1388
967,517,1484,0.1388
982,515,1497,0.1388
968,515,1483,0.1388
979,520,1499,0.1388
970,518,1488,0.1388
966,519,1485,0.1388
980,518,1498,0.1388
977,518,1495,0.1388
983,520,1503,0.1388
980,517,1497,0.1388
976,513,1489,0.1388
976,529,1505,0.1388
982,531,1513,0.1388
979,534,1513,0.1388
974,538,1512,0.1388
979,530,1509,0.1388
968,535,1503,0.1388
974,536,1510,0.1388
966,531,1497,0.1388
965,529,1494,0.1388
961,522,1483,0.1388
960,524,1484,0.1388
959,535,1494,0.1388
967,539,1506,0.1388
969,534,1503,0.1388
980,539,1519,0.1388
977,533,1510,0.1388
967,537,1504,0.1388
959,548,1507,0.1388
957,549,1506,0.1388
949,547,1496,0.1388
962,544,1506,0.1388
963,548,1511,0.1388
950,548,1498,0.1388
953,547,1500,0.1388
944,552,1496,0.1388
945,554,1499,0.1388
943,547,1490,0.1388
947,555,1502,0.1388
950,556,1506,0.1388
949,556,1505,0.1388
946,558,1504,0.1388
947,556,1503,0.1388
938,556,1494,0.1388
929,568,1497,0.1388
933,561,1494,0.1388
936,565,1501,0.1388
933,566,1499,0.1388
932,569,1501,0.1388
935,568,1503,0.1388
941,565,1506,0.1388
938,570,1508,0.1388
934,576,1510,0.1388
939,572,1511,0.1388
917,575,1492,0.1388
915,578,1493,0.1388
919,569,1488,0.1388
922,570,1492,0.1388
917,571,1488,0.1388
935,573,1508,0.1388
937,585,1522,0.1388
937,584,1521,0.1388
933,579,1512,0.1388
944,587,1531,0.1388
934,586,1520,0.1388
935,579,1514,0.1388
931,579,1510,0.1388
935,581,1516,0.1388
936,576,1512,0.1388
939,575,1514,0.1388
931,580,1511,0.1388
924,582,1506,0.1388
922,580,1502,0.1388
930,581,1511,0.1388
936,583,1519,0.1388
930,586,1516,0.1388
923,584,1507,0.1388
915,586,1501,0.1388
901,585,1486,0.1388
904,589,1493,0.1388
901,584,1485,0.1388
903,589,1492,0.1388
908,590,1498,0.1388
915,592,1507,0.1388
920,585,1505,0.1388
920,589,1509,0.1388
914,584,1498,0.1388
924,586,1510,0.1388
911,584,1495,0.1388
916,596,1512,0.1388
910,597,1507,0.1388
906,592,1498,0.1388
912,596,1508,0.1388
913,598,1511,0.1388
921,590,1511,0.1388
925,592,1517,0.1388
915,589,1504,0.1388
902,579,1481,0.1388
910,590,1500,0.1388
913,602,1515,0.1388
908,595,1503,0.1388
905,603,1508,0.1388
910,601,1511,0.1388
910,602,1512,0.1388
912,600,1512,0.1388
901,599,1500,0.1388
917,599,1516,0.1388
908,600,1508,0.1388
913,601,1514,0.1388
910,598,1508,0.1388
904,601,1505,0.1388
897,599,1496,0.1388
896,601,1497,0.1388
888,602,1490,0.1388
895,603,1498,0.1388
892,609,1501,0.1388
894,609,1503,0.1388
902,611,1513,0.1388
898,608,1506,0.1388
888,606,1494,0.1388
880,601,1481,0.1388
887,613,1500,0.1388
898,612,1510,0.1388
878,603,1481,0.1388
888,611,1499,0.1388
890,606,1496,0.1388
885,612,1497,0.1388
892,613,1505,0.1388
881,620,1501,0.1388
885,624,1509,0.1388
883,618,1501,0.1388
888,617,1505,0.1388
871,622,1493,0.1388
872,626,1498,0.1388
869,628,1497,0.1388
870,634,1504,0.1388
862,640,1502,0.1388
856,644,1500,0.1388
859,635,1494,0.1388
855,634,1489,0.1388
858,646,1504,0.1388
857,645,1502,0.1388
847,641,1488,0.1388
845,638,1483,0.1388
855,634,1489,0.1388
856,634,1490,0.1388
861,645,1506,0.1388
848,638,1486,0.1388
851,644,1495,0.1388
855,634,1489,0.1388
863,629,1492,0.1388
867,631,1498,0.1388
864,630,1494,0.1388
862,641,1503,0.1388
871,639,1510,0.1388
876,634,1510,0.1388
869,635,1504,0.1388
858,635,1493,0.1388
864,639,1503,0.1388
861,647,1508,0.1388
867,647,1514,0.1388
868,652,1520,0.1388
864,654,1518,0.1388
861,649,1510,0.1388
861,644,1505,0.1388
861,657,1518,0.1388
841,655,1496,0.1388
843,660,1503,0.1388
846,659,1505,0.1388
848,658,1506,0.1388
849,663,1512,0.1388
845,660,1505,0.1388
832,671,1503,0.1388
826,656,1482,0.1388
825,662,1487,0.1388
834,665,1499,0.1388
836,661,1497,0.1388
839,668,1507,0.1388
841,663,1504,0.1388
844,663,1507,0.1388
855,660,1515,0.1388
849,662,1511,0.1388
850,665,1515,0.1388
844,664,1508,0.1388
851,664,1515,0.1388
846,670,1516,0.1388
841,662,1503,0.1388
846,656,1502,0.1388
847,658,1505,0.1388
854,655,1509,0.1388
846,669,1515,0.1388
846,668,1514,0.1388
840,667,1507,0.1388
832,670,1502,0.1388
831,671,1502,0.1388
823,672,1495,0.1388
835,681,1516,0.1388
827,682,1509,0.1388
831,685,1516,0.1388
823,686,1509,0.1388
830,694,1524,0.1388
837,694,1531,0.1388
836,682,1518,0.1388
839,676,1515,0.1388
835,686,1521,0.1388
826,690,1516,0.1388
809,683,1492,0.1388
813,687,1500,0.1388
813,688,1501,0.1388
806,689,1495,0.1388
823,693,1516,0.1388
825,688,1513,0.1388
821,692,1513,0.1388
823,686,1509,0.1388
824,693,1517,0.1388
822,691,1513,0.1388
818,689,1507,0.1388
810,690,1500,0.1388
809,696,1505,0.1388
803,700,1503,0.1388
801,699,1500,0.1388
795,711,1506,0.1388
792,725,1517,0.1388
781,727,1508,0.1388
775,724,1499,0.1388
778,720,1498,0.1388
787,723,1510,0.1388
786,717,1503,0.1388
779,721,1500,0.1388
777,723,1500,0.1388
781,730,1511,0.1388
780,733,1513,0.1388
772,726,1498,0.1388
764,734,1498,0.1388
769,741,1510,0.1388
759,733,1492,0.1388
756,736,1492,0.1388
757,737,1494,0.1388
759,734,1493,0.1388
771,743,1514,0.1388
775,732,1507,0.1388
775,741,1516,0.1388
769,741,1510,0.1388
759,741,1500,0.1388
756,749,1505,0.1388
747,744,1491,0.1388
745,749,1494,0.1388
754,740,1494,0.1388
756,743,1499,0.1388
757,749,1506,0.1388
754,746,1500,0.1388
759,752,1511,0.1388
755,748,1503,0.1388
748,749,1497,0.1388
749,754,1503,0.1388
747,751,1498,0.1388
751,757,1508,0.1388
746,752,1498,0.1388
749,749,1498,0.1388
750,739,1489,0.1388
744,744,1488,0.1388
745,757,1502,0.1388
738,761,1499,0.1388
736,767,1503,0.1388
750,772,1522,0.1388
750,763,1513,0.1388
743,760,1503,0.1388
743,770,1513,0.1388
734,770,1504,0.1388
731,781,1512,0.1388
732,774,1506,0.1388
737,774,1511,0.1388
738,775,1513,0.1388
735,772,1507,0.1388
733,771,1504,0.1388
736,778,1514,0.1388
743,774,1517,0.1388
733,779,1512,0.1388
743,771,1514,0.1388
735,770,1505,0.1388
733,774,1507,0.1388
734,779,1513,0.1388
730,770,1500,0.1388
722,770,1492,0.1388
714,780,1494,0.1388
717,789,1506,0.1388
718,799,1517,0.1388
727,797,1524,0.1388
722,792,1514,0.1388
724,794,1518,0.1388
727,789,1516,0.1388
726,788,1514,0.1388
724,784,1508,0.1388
721,784,1505,0.1388
721,786,1507,0.1388
719,783,1502,0.1388
717,786,1503,0.1388
717,782,1499,0.1388
716,786,1502,0.1388
715,775,1490,0.1388
706,788,1494,0.1388
707,796,1503,0.1388
708,798,1506,0.1388
710,801,1511,0.1388
705,804,1509,0.1388
710,797,1507,0.1388
707,809,1516,0.1388
710,807,1517,0.1388
708,802,1510,0.1388
699,814,1513,0.1388
710,804,1514,0.1388
707,797,1504,0.1388
704,801,1505,0.1388
702,809,1511,0.1388
701,813,1514,0.1388
698,815,1513,0.1388
690,818,1508,0.1388
681,823,1504,0.1388
677,826,1503,0.1388
682,830,1512,0.1388
682,829,1511,0.1388
687,820,1507,0.1388
689,828,1517,0.1388
686,823,1509,0.1388
678,821,1499,0.1388
680,823,1503,0.1388
689,822,1511,0.1388
694,834,1528,0.1388
693,833,1526,0.1388
685,839,1524,0.1388
674,831,1505,0.1388
668,834,1502,0.1388
669,821,1490,0.1388
679,823,1502,0.1388
681,832,1513,0.1388
677,831,1508,0.1388
681,837,1518,0.1388
689,839,1528,0.1388
686,832,1518,0.1388
681,833,1514,0.1388
674,839,1513,0.1388
671,824,1495,0.1388
673,833,1506,0.1388
676,830,1506,0.1388
680,836,1516,0.1388
678,833,1511,0.1388
675,828,1503,0.1388
684,830,1514,0.1388
685,837,1522,0.1388
678,841,1519,0.1388
671,848,1519,0.1388
674,853,1527,0.1388
673,855,1528,0.1388
665,854,1519,0.1388
652,858,1510,0.1388
656,856,1512,0.1388
651,854,1505,0.1388
652,847,1499,0.1388
659,843,1502,0.1388
649,853,1502,0.1388
648,855,1503,0.1388
650,861,1511,0.1388
652,850,1502,0.1388
647,854,1501,0.1388
646,859,1505,0.1388
639,860,1499,0.1388
637,866,1503,0.1388
625,854,1479,0.1388
623,858,1481,0.1388
622,866,1488,0.1388
631,867,1498,0.1388
638,861,1499,0.1388
634,872,1506,0.1388
636,856,1492,0.1388
634,860,1494,0.1388
630,863,1493,0.1388
630,870,1500,0.1388
628,883,1511,0.1388
633,889,1522,0.1388
628,887,1515,0.1388
626,889,1515,0.1388
629,885,1514,0.1388
624,888,1512,0.1388
631,881,1512,0.1388
627,878,1505,0.1388
620,875,1495,0.1388
619,885,1504,0.1388
617,882,1499,0.1388
619,877,1496,0.1388
606,890,1496,0.1388
610,889,1499,0.1388
590,896,1486,0.1388
594,900,1494,0.1388
596,898,1494,0.1388
595,901,1496,0.1388
600,908,1508,0.1388
607,913,1520,0.1388
607,903,1510,0.1388
603,898,1501,0.1388
606,909,1515,0.1388
604,913,1517,0.1388
598,911,1509,0.1388
587,910,1497,0.1388
591,909,1500,0.1388
588,910,1498,0.1388
586,905,1491,0.1388
572,914,1486,0.1388
576,911,1487,0.1388
577,915,1492,0.1388
573,910,1483,0.1388
576,915,1491,0.1388
585,918,1503,0.1388
590,918,1508,0.1388
584,916,1500,0.1388
578,927,1505,0.1388
569,927,1496,0.1388
568,926,1494,0.1388
562,929,1491,0.1388
562,929,1491,0.1388
563,928,1491,0.1388
560,934,1494,0.1388
561,933,1494,0.1388
563,945,1508,0.1388
564,935,1499,0.1388
560,944,1504,0.1388
560,947,1507,0.1388
559,953,1512,0.1388
560,950,1510,0.1388
560,957,1517,0.1388
565,941,1506,0.1388
556,951,1507,0.1388
549,962,1511,0.1388
546,956,1502,0.1388
552,957,1509,0.1388
551,954,1505,0.1388
537,955,1492,0.1388
544,973,1517,0.1388
536,978,1514,0.1388
538,969,1507,0.1388
535,978,1513,0.1388
537,972,1509,0.1388
543,969,1512,0.1388
531,960,1491,0.1388
535,968,1503,0.1388
530,968,1498,0.1388
521,968,1489,0.1388
535,974,1509,0.1388
540,977,1517,0.1388
540,972,1512,0.1388
543,977,1520,0.1388
539,986,1525,0.1388
536,984,1520,0.1388
534,987,1521,0.1388
536,978,1514,0.1388
530,975,1505,0.1388
528,978,1506,0.1388
526,978,1504,0.1388
527,983,1510,0.1388
523,987,1510,0.1388
530,973,1503,0.1388
537,984,1521,0.1388
533,990,1523,0.1388
529,985,1514,0.1388
520,980,1500,0.1388
526,972,1498,0.1388
522,977,1499,0.1388
523,974,1497,0.1388
528,978,1506,0.1388
516,982,1498,0.1388
521,978,1499,0.1388
522,973,1495,0.1388
517,976,1493,0.1388
510,990,1500,0.1388
513,976,1489,0.1388
509,987,1496,0.1388
510,993,1503,0.1388
504,994,1498,0.1388
510,1000,1510,0.1388
506,1000,1506,0.1388
506,1002,1508,0.1388
514,1010,1524,0.1388
516,1018,1534,0.1388
513,1006,1519,0.1388
515,1000,1515,0.1388
520,993,1513,0.1388
525,992,1517,0.1388
514,986,1500,0.1388
512,985,1497,0.1388
508,996,1504,0.1388
512,996,1508,0.1388
506,1004,1510,0.1388
507,1001,1508,0.1388
516,1010,1526,0.1388
517,994,1511,0.1388
509,991,1500,0.1388
503,994,1497,0.1388
505,1002,1507,0.1388
499,1003,1502,0.1388
506,1020,1526,0.1388
502,1023,1525,0.1388
500,1024,1524,0.1388
500,1024,1524,0.1388
496,1014,1510,0.1388
500,1006,1506,0.1388
501,1005,1506,0.1388
496,1017,1513,0.1388
498,1007,1505,0.1388
505,1009,1514,0.1388
505,1012,1517,0.1388
503,998,1501,0.1388
504,1014,1518,0.1388
495,1019,1514,0.1388
494,1026,1520,0.1388
490,1031,1521,0.1388
499,1027,1526,0.1388
498,1029,1527,0.1388
494,1031,1525,0.1388
499,1027,1526,0.1388
491,1026,1517,0.1388
490,1028,1518,0.1388
492,1018,1510,0.1388
493,1026,1519,0.1388
493,1020,1513,0.1388
488,1011,1499,0.1388
497,1015,1512,0.1388
492,1010,1502,0.1388
489,1004,1493,0.1388
489,1002,1491,0.1388
490,989,1479,0.1388
487,997,1484,0.1388
492,1012,1504,0.1388
496,1005,1501,0.1388
489,1011,1500,0.1388
491,1013,1504,0.1388
494,1018,1512,0.1388
497,1019,1516,0.1388
498,1018,1516,0.1388
492,1025,1517,0.1388
490,1019,1509,0.1388
499,1027,1526,0.1388
507,1016,1523,0.1388
500,1012,1512,0.1388
501,1011,1512,0.1388
503,1009,1512,0.1388
512,1003,1515,0.1388
508,1012,1520,0.1388
509,1012,1521,0.1388
501,1004,1505,0.1388
501,1011,1512,0.1388
500,1014,1514,0.1388
494,1017,1511,0.1388
493,1019,1512,0.1388
484,1019,1503,0.1388
484,1020,1504,0.1388
485,1016,1501,0.1388
492,1018,1510,0.1388
495,1023,1518,0.1388
487,1019,1506,0.1388
494,1027,1521,0.1388
490,1026,1516,0.1388
487,1028,1515,0.1388
485,1027,1512,0.1388
490,1010,1500,0.1388
488,1013,1501,0.1388
487,1019,1506,0.1388
479,1024,1503,0.1388
481,1021,1502,0.1388
481,1023,1504,0.1388
483,1033,1516,0.1388
482,1032,1514,0.1388
487,1034,1521,0.1388
488,1034,1522,0.1388
489,1032,1521,0.1388
480,1031,1511,0.1388
476,1031,1507,0.1388
483,1026,1509,0.1388
479,1017,1496,0.1388
486,1025,1511,0.1388
478,1027,1505,0.1388
472,1028,1500,0.1388
474,1035,1509,0.1388
480,1030,1510,0.1388
478,1031,1509,0.1388
480,1022,1502,0.1388
480,1025,1505,0.1388
477,1027,1504,0.1388
469,1040,1509,0.1388
461,1030,1491,0.1388
469,1032,1501,0.1388
467,1032,1499,0.1388
460,1032,1492,0.1388
464,1036,1500,0.1388
467,1045,1512,0.1388
472,1043,1515,0.1388
470,1045,1515,0.1388
462,1040,1502,0.1388
464,1027,1491,0.1388
466,1030,1496,0.1388
468,1041,1509,0.1388
473,1041,1514,0.1388
475,1044,1519,0.1388
474,1041,1515,0.1388
476,1037,1513,0.1388
473,1040,1513,0.1388
462,1046,1508,0.1388
455,1039,1494,0.1388
454,1036,1490,0.1388
461,1050,1511,0.1388
471,1045,1516,0.1388
468,1052,1520,0.1388
468,1051,1519,0.1388
472,1044,1516,0.1388
469,1046,1515,0.1388
470,1056,1526,0.1388
465,1050,1515,0.1388
467,1048,1515,0.1388
463,1044,1507,0.1388
455,1041,1496,0.1388
450,1053,1503,0.1388
453,1050,1503,0.1388
449,1052,1501,0.1388
450,1048,1498,0.1388
445,1054,1499,0.1388
445,1047,1492,0.1388
448,1052,1500,0.1388
446,1059,1505,0.1388
441,1061,1502,0.1388
450,1060,1510,0.1388
450,1061,1511,0.1388
451,1058,1509,0.1388
462,1064,1526,0.1388
465,1063,1528,0.1388
469,1065,1534,0.1388
460,1072,1532,0.1388
459,1063,1522,0.1388
455,1071,1526,0.1388
451,1066,1517,0.1388
448,1061,1509,0.1388
452,1060,1512,0.1388
450,1064,1514,0.1388
447,1071,1518,0.1388
450,1081,1531,0.1388
447,1066,1513,0.1388
443,1065,1508,0.1388
446,1057,1503,0.1388
443,1053,1496,0.1388
436,1054,1490,0.1388
440,1056,1496,0.1388
438,1059,1497,0.1388
440,1074,1514,0.1388
429,1076,1505,0.1388
432,1088,1520,0.1388
433,1086,1519,0.1388
441,1078,1519,0.1388
429,1083,1512,0.1388
430,1087,1517,0.1388
433,1080,1513,0.1388
423,1076,1499,0.1388
426,1069,1495,0.1388
431,1066,1497,0.1388
429,1062,1491,0.1388
434,1063,1497,0.1388
432,1056,1488,0.1388
438,1070,1508,0.1388
430,1069,1499,0.1388
433,1074,1507,0.1388
438,1073,1511,0.1388
439,1073,1512,0.1388
434,1082,1516,0.1388
432,1074,1506,0.1388
428,1080,1508,0.1388
430,1071,1501,0.1388
430,1069,1499,0.1388
430,1081,1511,0.1388
420,1076,1496,0.1388
431,1075,1506,0.1388
438,1078,1516,0.1388
434,1068,1502,0.1388
435,1074,1509,0.1388
428,1077,1505,0.1388
431,1075,1506,0.1388
433,1080,1513,0.1388
437,1070,1507,0.1388
442,1081,1523,0.1388
444,1081,1525,0.1388
440,1063,1503,0.1388
437,1077,1514,0.1388
435,1078,1513,0.1388
432,1086,1518,0.1388
434,1079,1513,0.1388
433,1075,1508,0.1388
431,1076,1507,0.1388
435,1073,1508,0.1388
431,1079,1510,0.1388
423,1096,1519,0.1388
425,1087,1512,0.1388
427,1090,1517,0.1388
425,1096,1521,0.1388
419,1103,1522,0.1388
420,1103,1523,0.1388
412,1101,1513,0.1388
419,1089,1508,0.1388
419,1089,1508,0.1388
426,1076,1502,0.1388
423,1072,1495,0.1388
412,1083,1495,0.1388
415,1093,1508,0.1388
411,1109,1520,0.1388
404,1116,1520,0.1388
402,1107,1509,0.1388
398,1102,1500,0.1388
398,1110,1508,0.1388
396,1115,1511,0.1388
397,1125,1522,0.1388
400,1123,1523,0.1388
395,1114,1509,0.1388
395,1103,1498,0.1388
402,1114,1516,0.1388
395,1113,1508,0.1388
400,1105,1505,0.1388
397,1109,1506,0.1388
391,1110,1501,0.1388
391,1107,1498,0.1388
396,1115,1511,0.1388
392,1125,1517,0.1388
394,1133,1527,0.1388
393,1130,1523,0.1388
390,1133,1523,0.1388
385,1128,1513,0.1388
388,1126,1514,0.1388
391,1131,1522,0.1388
396,1124,1520,0.1388
393,1127,1520,0.1388
385,1134,1519,0.1388
381,1141,1522,0.1388
380,1142,1522,0.1388
380,1141,1521,0.1388
378,1145,1523,0.1388
372,1140,1512,0.1388
371,1136,1507,0.1388
375,1137,1512,0.1388
376,1121,1497,0.1388
375,1131,1506,0.1388
375,1136,1511,0.1388
373,1133,1506,0.1388
375,1140,1515,0.1388
375,1137,1512,0.1388
370,1143,1513,0.1388
365,1140,1505,0.1388
364,1133,1497,0.1388
373,1145,1518,0.1388
368,1143,1511,0.1388
370,1137,1507,0.1388
367,1142,1509,0.1388
362,1151,1513,0.1388
357,1152,1509,0.1388
363,1152,1515,0.1388
367,1155,1522,0.1388
366,1155,1521,0.1388
371,1151,1522,0.1388
370,1140,1510,0.1388
368,1140,1508,0.1388
365,1146,1511,0.1388
363,1151,1514,0.1388
359,1150,1509,0.1388
364,1151,1515,0.1388
374,1143,1517,0.1388
371,1136,1507,0.1388
362,1138,1500,0.1388
360,1140,1500,0.1388
365,1148,1513,0.1388
362,1144,1506,0.1388
366,1146,1512,0.1388
371,1137,1508,0.1388
372,1149,1521,0.1388
373,1142,1515,0.1388
370,1135,1505,0.1388
373,1158,1531,0.1388
372,1151,1523,0.1388
371,1146,1517,0.1388
372,1135,1507,0.1388
371,1136,1507,0.1388
375,1130,1505,0.1388
378,1130,1508,0.1388
371,1143,1514,0.1388
373,1140,1513,0.1388
368,1143,1511,0.1388
371,1141,1512,0.1388
366,1140,1506,0.1388
366,1131,1497,0.1388
362,1138,1500,0.1388
366,1140,1506,0.1388
376,1137,1513,0.1388
369,1142,1511,0.1388
376,1140,1516,0.1388
372,1140,1512,0.1388
375,1135,1510,0.1388
368,1137,1505,0.1388
371,1144,1515,0.1388
372,1150,1522,0.1388
376,1149,1525,0.1388
380,1154,1534,0.1388
375,1144,1519,0.1388
375,1136,1511,0.1388
374,1135,1509,0.1388
371,1140,1511,0.1388
374,1143,1517,0.1388
372,1135,1507,0.1388
373,1129,1502,0.1388
375,1138,1513,0.1388
375,1122,1497,0.1388
380,1136,1516,0.1388
383,1129,1512,0.1388
382,1123,1505,0.1388
380,1131,1511,0.1388
385,1128,1513,0.1388
387,1129,1516,0.1388
391,1134,1525,0.1388
382,1136,1518,0.1388
383,1138,1521,0.1388
380,1130,1510,0.1388
375,1131,1506,0.1388
376,1146,1522,0.1388
376,1140,1516,0.1388
365,1140,1505,0.1388
365,1134,1499,0.1388
368,1144,1512,0.1388
368,1136,1504,0.1388
372,1147,1519,0.1388
363,1137,1500,0.1388
373,1136,1509,0.1388
370,1148,1518,0.1388
369,1143,1512,0.1388
365,1143,1508,0.1388
364,1143,1507,0.1388
366,1147,1513,0.1388
363,1149,1512,0.1388
359,1154,1513,0.1388
352,1153,1505,0.1388
357,1156,1513,0.1388
350,1150,1500,0.1388
355,1162,1517,0.1388
352,1163,1515,0.1388
353,1156,1509,0.1388
351,1152,1503,0.1388
347,1155,1502,0.1388
346,1153,1499,0.1388
343,1167,1510,0.1388
345,1158,1503,0.1388
337,1150,1487,0.1388
345,1157,1502,0.1388
343,1165,1508,0.1388
343,1168,1511,0.1388
338,1162,1500,0.1388
344,1157,1501,0.1388
342,1167,1509,0.1388
340,1168,1508,0.1388
338,1167,1505,0.1388
330,1166,1496,0.1388
332,1163,1495,0.1388
333,1166,1499,0.1388
335,1167,1502,0.1388
340,1164,1504,0.1388
344,1171,1515,0.1388
344,1170,1514,0.1388
341,1169,1510,0.1388
351,1177,1528,0.1388
348,1173,1521,0.1388
341,1173,1514,0.1388
343,1170,1513,0.1388
339,1158,1497,0.1388
341,1160,1501,0.1388
338,1166,1504,0.1388
331,1165,1496,0.1388
336,1174,1510,0.1388
335,1173,1508,0.1388
341,1169,1510,0.1388
344,1160,1504,0.1388
337,1172,1509,0.1388
336,1172,1508,0.1388
333,1176,1509,0.1388
336,1188,1524,0.1388
333,1190,1523,0.1388
334,1174,1508,0.1388
336,1169,1505,0.1388
331,1182,1513,0.1388
336,1168,1504,0.1388
334,1175,1509,0.1388
327,1179,1506,0.1388
325,1180,1505,0.1388
324,1181,1505,0.1388
329,1193,1522,0.1388
322,1180,1502,0.1388
324,1194,1518,0.1388
323,1203,1526,0.1388
322,1192,1514,0.1388
319,1193,1512,0.1388
323,1189,1512,0.1388
321,1186,1507,0.1388
319,1180,1499,0.1388
322,1190,1512,0.1388
322,1187,1509,0.1388
318,1198,1516,0.1388
325,1196,1521,0.1388
327,1178,1505,0.1388
322,1198,1520,0.1388
318,1203,1521,0.1388
307,1200,1507,0.1388
304,1207,1511,0.1388
301,1210,1511,0.1388
303,1223,1526,0.1388
301,1213,1514,0.1388
300,1213,1513,0.1388
303,1211,1514,0.1388
303,1221,1524,0.1388
304,1221,1525,0.1388
305,1217,1522,0.1388
306,1220,1526,0.1388
308,1214,1522,0.1388
307,1211,1518,0.1388
307,1211,1518,0.1388
304,1209,1513,0.1388
303,1212,1515,0.1388
302,1223,1525,0.1388
300,1216,1516,0.1388
304,1199,1503,0.1388
301,1208,1509,0.1388
307,1210,1517,0.1388
307,1201,1508,0.1388
305,1193,1498,0.1388
309,1206,1515,0.1388
316,1202,1518,0.1388
313,1197,1510,0.1388
308,1180,1488,0.1388
311,1181,1492,0.1388
313,1181,1494,0.1388
305,1195,1500,0.1388
303,1202,1505,0.1388
303,1201,1504,0.1388
305,1196,1501,0.1388
303,1201,1504,0.1388
301,1203,1504,0.1388
303,1201,1504,0.1388
303,1213,1516,0.1388
300,1219,1519,0.1388
299,1216,1515,0.1388
295,1210,1505,0.1388
297,1211,1508,0.1388
295,1217,1512,0.1388
296,1225,1521,0.1388
294,1219,1513,0.1388
299,1211,1510,0.1388
302,1209,1511,0.1388
302,1198,1500,0.1388
303,1207,1510,0.1388
308,1208,1516,0.1388
302,1211,1513,0.1388
298,1212,1510,0.1388
301,1217,1518,0.1388
300,1217,1517,0.1388
302,1215,1517,0.1388
306,1212,1518,0.1388
312,1198,1510,0.1388
306,1200,1506,0.1388
301,1218,1519,0.1388
297,1228,1525,0.1388
291,1234,1525,0.1388
291,1232,1523,0.1388
290,1227,1517,0.1388
295,1236,1531,0.1388
294,1239,1533,0.1388
289,1242,1531,0.1388
287,1243,1530,0.1388
290,1227,1517,0.1388
293,1224,1517,0.1388
295,1225,1520,0.1388
291,1227,1518,0.1388
297,1235,1532,0.1388
297,1240,1537,0.1388
290,1235,1525,0.1388
292,1228,1520,0.1388
293,1238,1531,0.1388
293,1239,1532,0.1388
286,1236,1522,0.1388
285,1235,1520,0.1388
276,1238,1514,0.1388
279,1241,1520,0.1388
275,1246,1521,0.1388
272,1243,1515,0.1388
267,1244,1511,0.1388
270,1243,1513,0.1388
277,1242,1519,0.1388
271,1253,1524,0.1388
274,1247,1521,0.1388
282,1243,1525,0.1388
282,1246,1528,0.1388
280,1237,1517,0.1388
276,1237,1513,0.1388
277,1229,1506,0.1388
276,1239,1515,0.1388
279,1239,1518,0.1388
275,1232,1507,0.1388
274,1234,1508,0.1388
268,1237,1505,0.1388
273,1219,1492,0.1388
271,1231,1502,0.1388
272,1232,1504,0.1388
273,1233,1506,0.1388
267,1223,1490,0.1388
274,1231,1505,0.1388
269,1239,1508,0.1388
272,1246,1518,0.1388
266,1244,1510,0.1388
270,1245,1515,0.1388
267,1241,1508,0.1388
275,1232,1507,0.1388
275,1233,1508,0.1388
276,1253,1529,0.1388
279,1251,1530,0.1388
273,1263,1536,0.1388
267,1263,1530,0.1388
268,1267,1535,0.1388
259,1273,1532,0.1388
263,1281,1544,0.1388
255,1266,1521,0.1388
257,1264,1521,0.1388
256,1255,1511,0.1388
253,1259,1512,0.1388
258,1250,1508,0.1388
262,1264,1526,0.1388
253,1255,1508,0.1388
258,1261,1519,0.1388
260,1261,1521,0.1388
258,1257,1515,0.1388
256,1254,1510,0.1388
254,1261,1515,0.1388
255,1265,1520,0.1388
254,1267,1521,0.1388
253,1272,1525,0.1388
256,1264,1520,0.1388
260,1258,1518,0.1388
258,1255,1513,0.1388
259,1264,1523,0.1388
262,1253,1515,0.1388
263,1249,1512,0.1388
260,1246,1506,0.1388
259,1251,1510,0.1388
254,1251,1505,0.1388
251,1247,1498,0.1388
253,1250,1503,0.1388
257,1250,1507,0.1388
252,1257,1509,0.1388
256,1257,1513,0.1388
250,1249,1499,0.1388
259,1236,1495,0.1388
254,1244,1498,0.1388
258,1243,1501,0.1388
256,1246,1502,0.1388
254,1244,1498,0.1388
257,1249,1506,0.1388
252,1255,1507,0.1388
254,1252,1506,0.1388
252,1243,1495,0.1388
250,1234,1484,0.1388
248,1247,1495,0.1388
245,1256,1501,0.1388
248,1247,1495,0.1388
245,1252,1497,0.1388
247,1256,1503,0.1388
241,1266,1507,0.1388
247,1266,1513,0.1388
246,1269,1515,0.1388
244,1268,1512,0.1388
249,1263,1512,0.1388
255,1258,1513,0.1388
253,1267,1520,0.1388
247,1262,1509,0.1388
241,1273,1514,0.1388
246,1272,1518,0.1388
241,1276,1517,0.1388
239,1263,1502,0.1388
245,1260,1505,0.1388
245,1268,1513,0.1388
246,1255,1501,0.1388
244,1266,1510,0.1388
246,1265,1511,0.1388
247,1255,1502,0.1388
247,1257,1504,0.1388
247,1282,1529,0.1388
251,1279,1530,0.1388
244,1275,1519,0.1388
243,1279,1522,0.1388
246,1282,1528,0.1388
248,1283,1531,0.1388
247,1283,1530,0.1388
245,1284,1529,0.1388
241,1283,1524,0.1388
238,1283,1521,0.1388
238,1287,1525,0.1388
241,1277,1518,0.1388
241,1285,1526,0.1388
239,1287,1526,0.1388
236,1291,1527,0.1388
234,1296,1530,0.1388
235,1272,1507,0.1388
233,1278,1511,0.1388
223,1274,1497,0.1388
220,1278,1498,0.1388
218,1288,1506,0.1388
215,1292,1507,0.1388
216,1297,1513,0.1388
217,1299,1516,0.1388
220,1294,1514,0.1388
217,1289,1506,0.1388
209,1290,1499,0.1388
210,1283,1493,0.1388
204,1299,1503,0.1388
204,1301,1505,0.1388
206,1290,1496,0.1388
207,1302,1509,0.1388
206,1305,1511,0.1388
204,1293,1497,0.1388
203,1295,1498,0.1388
206,1297,1503,0.1388
206,1292,1498,0.1388
207,1307,1514,0.1388
207,1305,1512,0.1388
207,1296,1503,0.1388
206,1302,1508,0.1388
203,1309,1512,0.1388
208,1305,1513,0.1388
205,1313,1518,0.1388
207,1305,1512,0.1388
208,1303,1511,0.1388
207,1303,1510,0.1388
213,1292,1505,0.1388
214,1294,1508,0.1388
211,1301,1512,0.1388
211,1315,1526,0.1388
211,1309,1520,0.1388
209,1310,1519,0.1388
201,1321,1522,0.1388
199,1309,1508,0.1388
202,1304,1506,0.1388
202,1327,1529,0.1388
200,1316,1516,0.1388
202,1322,1524,0.1388
206,1316,1522,0.1388
204,1319,1523,0.1388
203,1327,1530,0.1388
206,1326,1532,0.1388
205,1323,1528,0.1388
203,1315,1518,0.1388
202,1308,1510,0.1388
204,1304,1508,0.1388
203,1308,1511,0.1388
199,1303,1502,0.1388
207,1307,1514,0.1388
204,1303,1507,0.1388
204,1295,1499,0.1388
201,1301,1502,0.1388
202,1302,1504,0.1388
203,1304,1507,0.1388
211,1304,1515,0.1388
211,1310,1521,0.1388
211,1308,1519,0.1388
210,1311,1521,0.1388
209,1324,1533,0.1388
207,1321,1528,0.1388
205,1303,1508,0.1388
207,1314,1521,0.1388
208,1317,1525,0.1388
208,1314,1522,0.1388
210,1310,1520,0.1388
210,1302,1512,0.1388
208,1307,1515,0.1388
210,1307,1517,0.1388
211,1299,1510,0.1388
206,1305,1511,0.1388
202,1305,1507,0.1388
202,1312,1514,0.1388
208,1308,1516,0.1388
210,1311,1521,0.1388
212,1327,1539,0.1388
209,1324,1533,0.1388
209,1315,1524,0.1388
209,1319,1528,0.1388
210,1325,1535,0.1388
210,1321,1531,0.1388
209,1300,1509,0.1388
208,1301,1509,0.1388
208,1300,1508,0.1388
209,1313,1522,0.1388
206,1307,1513,0.1388
206,1305,1511,0.1388
206,1298,1504,0.1388
208,1292,1500,0.1388
207,1303,1510,0.1388
208,1295,1503,0.1388
207,1297,1504,0.1388
207,1301,1508,0.1388
203,1294,1497,0.1388
204,1294,1498,0.1388
201,1291,1492,0.1388
204,1299,1503,0.1388
204,1308,1512,0.1388
206,1309,1515,0.1388
205,1303,1508,0.1388
199,1289,1488,0.1388
200,1301,1501,0.1388
202,1306,1508,0.1388
196,1304,1500,0.1388
192,1298,1490,0.1388
196,1306,1502,0.1388
192,1302,1494,0.1388
192,1308,1500,0.1388
199,1318,1517,0.1388
204,1316,1520,0.1388
205,1322,1527,0.1388
204,1316,1520,0.1388
202,1314,1516,0.1388
203,1313,1516,0.1388
198,1320,1518,0.1388
200,1326,1526,0.1388
198,1337,1535,0.1388
198,1327,1525,0.1388
198,1322,1520,0.1388
197,1330,1527,0.1388
197,1316,1513,0.1388
200,1310,1510,0.1388
193,1315,1508,0.1388
190,1316,1506,0.1388
193,1321,1514,0.1388
195,1327,1522,0.1388
197,1328,1525,0.1388
195,1326,1521,0.1388
193,1324,1517,0.1388
192,1322,1514,0.1388
190,1324,1514,0.1388
192,1317,1509,0.1388
193,1311,1504,0.1388
195,1309,1504,0.1388
200,1315,1515,0.1388
197,1314,1511,0.1388
192,1322,1514,0.1388
194,1314,1508,0.1388
191,1328,1519,0.1388
188,1344,1532,0.1388
190,1339,1529,0.1388
188,1320,1508,0.1388
185,1318,1503,0.1388
191,1321,1512,0.1388
192,1324,1516,0.1388
196,1322,1518,0.1388
195,1326,1521,0.1388
194,1327,1521,0.1388
185,1322,1507,0.1388
186,1321,1507,0.1388
190,1326,1516,0.1388
186,1334,1520,0.1388
180,1339,1519,0.1388
185,1337,1522,0.1388
183,1347,1530,0.1388
180,1332,1512,0.1388
184,1335,1519,0.1388
184,1318,1502,0.1388
189,1312,1501,0.1388
189,1320,1509,0.1388
185,1332,1517,0.1388
186,1337,1523,0.1388
186,1325,1511,0.1388
185,1321,1506,0.1388
183,1332,1515,0.1388
181,1330,1511,0.1388
186,1326,1512,0.1388
180,1324,1504,0.1388
176,1328,1504,0.1388
180,1331,1511,0.1388
180,1343,1523,0.1388
180,1340,1520,0.1388
177,1325,1502,0.1388
182,1330,1512,0.1388
179,1340,1519,0.1388
174,1330,1504,0.1388
171,1336,1507,0.1388
173,1340,1513,0.1388
176,1339,1515,0.1388
171,1342,1513,0.1388
171,1338,1509,0.1388
175,1347,1522,0.1388
177,1340,1517,0.1388
174,1346,1520,0.1388
173,1344,1517,0.1388
178,1339,1517,0.1388
180,1326,1506,0.1388
184,1325,1509,0.1388
181,1334,1515,0.1388
180,1329,1509,0.1388
176,1337,1513,0.1388
179,1339,1518,0.1388
185,1327,1512,0.1388
181,1328,1509,0.1388
181,1339,1520,0.1388
181,1327,1508,0.1388
180,1340,1520,0.1388
180,1353,1533,0.1388
175,1357,1532,0.1388
173,1351,1524,0.1388
169,1345,1514,0.1388
171,1353,1524,0.1388
169,1355,1524,0.1388
171,1359,1530,0.1388
170,1367,1537,0.1388
162,1354,1516,0.1388
163,1356,1519,0.1388
167,1341,1508,0.1388
169,1346,1515,0.1388
167,1341,1508,0.1388
171,1339,1510,0.1388
164,1339,1503,0.1388
165,1344,1509,0.1388
165,1343,1508,0.1388
164,1340,1504,0.1388
161,1346,1507,0.1388
160,1342,1502,0.1388
161,1354,1515,0.1388
160,1354,1514,0.1388
156,1365,1521,0.1388
152,1364,1516,0.1388
154,1354,1508,0.1388
156,1363,1519,0.1388
154,1361,1515,0.1388
152,1374,1526,0.1388
152,1377,1529,0.1388
152,1370,1522,0.1388
150,1366,1516,0.1388
151,1349,1500,0.1388
151,1366,1517,0.1388
150,1365,1515,0.1388
150,1361,1511,0.1388
151,1372,1523,0.1388
153,1381,1534,0.1388
152,1376,1528,0.1388
149,1372,1521,0.1388
149,1372,1521,0.1388
153,1374,1527,0.1388
153,1364,1517,0.1388
149,1370,1519,0.1388
151,1362,1513,0.1388
147,1350,1497,0.1388
150,1369,1519,0.1388
148,1366,1514,0.1388
145,1362,1507,0.1388
146,1367,1513,0.1388
144,1381,1525,0.1388
141,1389,1530,0.1388
143,1376,1519,0.1388
140,1376,1516,0.1388
144,1369,1513,0.1388
142,1372,1514,0.1388
143,1375,1518,0.1388
142,1369,1511,0.1388
143,1377,1520,0.1388
143,1388,1531,0.1388
141,1384,1525,0.1388
138,1366,1504,0.1388
138,1368,1506,0.1388
135,1356,1491,0.1388
137,1363,1500,0.1388
135,1377,1512,0.1388
138,1363,1501,0.1388
138,1368,1506,0.1388
138,1372,1510,0.1388
139,1382,1521,0.1388
139,1390,1529,0.1388
139,1392,1531,0.1388
141,1377,1518,0.1388
138,1385,1523,0.1388
134,1378,1512,0.1388
132,1368,1500,0.1388
130,1373,1503,0.1388
129,1391,1520,0.1388
128,1393,1521,0.1388
127,1388,1515,0.1388
127,1383,1510,0.1388
123,1392,1515,0.1388
123,1385,1508,0.1388
123,1385,1508,0.1388
121,1396,1517,0.1388
121,1409,1530,0.1388
122,1402,1524,0.1388
119,1402,1521,0.1388
121,1404,1525,0.1388
124,1386,1510,0.1388
124,1386,1510,0.1388
125,1381,1506,0.1388
124,1385,1509,0.1388
124,1386,1510,0.1388
124,1386,1510,0.1388
123,1385,1508,0.1388
119,1387,1506,0.1388
120,1395,1515,0.1388
122,1401,1523,0.1388
120,1398,1518,0.1388
118,1395,1513,0.1388
122,1398,1520,0.1388
123,1405,1528,0.1388
122,1394,1516,0.1388
122,1397,1519,0.1388
119,1395,1514,0.1388
119,1393,1512,0.1388
118,1397,1515,0.1388
115,1400,1515,0.1388
114,1400,1514,0.1388
110,1405,1515,0.1388
110,1406,1516,0.1388
111,1401,1512,0.1388
117,1399,1516,0.1388
114,1402,1516,0.1388
115,1394,1509,0.1388
112,1386,1498,0.1388
114,1400,1514,0.1388
116,1408,1524,0.1388
115,1401,1516,0.1388
117,1384,1501,0.1388
117,1389,1506,0.1388
115,1406,1521,0.1388
115,1401,1516,0.1388
117,1398,1515,0.1388
118,1399,1517,0.1388
115,1400,1515,0.1388
113,1393,1506,0.1388
118,1408,1526,0.1388
119,1399,1518,0.1388
119,1405,1524,0.1388
117,1407,1524,0.1388
122,1405,1527,0.1388
115,1394,1509,0.1388
114,1388,1502,0.1388
114,1390,1504,0.1388
114,1392,1506,0.1388
111,1401,1512,0.1388
111,1400,1511,0.1388
111,1397,1508,0.1388
111,1407,1518,0.1388
110,1404,1514,0.1388
112,1405,1517,0.1388
116,1398,1514,0.1388
115,1400,1515,0.1388
115,1391,1506,0.1388
116,1394,1510,0.1388
117,1398,1515,0.1388
118,1403,1521,0.1388
114,1398,1512,0.1388
111,1400,1511,0.1388
112,1396,1508,0.1388
114,1386,1500,0.1388
111,1392,1503,0.1388
113,1383,1496,0.1388
112,1396,1508,0.1388
111,1402,1513,0.1388
111,1395,1506,0.1388
113,1402,1515,0.1388
113,1423,1536,0.1388
114,1414,1528,0.1388
114,1416,1530,0.1388
110,1414,1524,0.1388
115,1414,1529,0.1388
114,1411,1525,0.1388
111,1410,1521,0.1388
111,1400,1511,0.1388
115,1393,1508,0.1388
115,1406,1521,0.1388
114,1404,1518,0.1388
116,1405,1521,0.1388
120,1394,1514,0.1388
121,1405,1526,0.1388
121,1390,1511,0.1388
119,1406,1525,0.1388
119,1396,1515,0.1388
121,1397,1518,0.1388
120,1397,1517,0.1388
120,1390,1510,0.1388
119,1384,1503,0.1388
122,1392,1514,0.1388
120,1380,1500,0.1388
121,1384,1505,0.1388
120,1388,1508,0.1388
119,1393,1512,0.1388
121,1401,1522,0.1388
120,1398,1518,0.1388
118,1396,1514,0.1388
116,1395,1511,0.1388
115,1403,1518,0.1388
115,1408,1523,0.1388
117,1407,1524,0.1388
117,1413,1530,0.1388
117,1410,1527,0.1388
117,1413,1530,0.1388
117,1411,1528,0.1388
117,1411,1528,0.1388
118,1396,1514,0.1388
118,1407,1525,0.1388
115,1415,1530,0.1388
114,1417,1531,0.1388
110,1410,1520,0.1388
109,1413,1522,0.1388
108,1407,1515,0.1388
110,1408,1518,0.1388
109,1403,1512,0.1388
104,1404,1508,0.1388
104,1407,1511,0.1388
101,1405,1506,0.1388
100,1424,1524,0.1388
98,1409,1507,0.1388
100,1412,1512,0.1388
99,1421,1520,0.1388
99,1413,1512,0.1388
101,1423,1524,0.1388
99,1421,1520,0.1388
101,1425,1526,0.1388
99,1434,1533,0.1388
97,1439,1536,0.1388
97,1429,1526,0.1388
94,1421,1515,0.1388
95,1438,1533,0.1388
96,1433,1529,0.1388
96,1418,1514,0.1388
97,1415,1512,0.1388
94,1422,1516,0.1388
90,1408,1498,0.1388
94,1415,1509,0.1388
91,1408,1499,0.1388
94,1408,1502,0.1388
91,1424,1515,0.1388
95,1429,1524,0.1388
94,1411,1505,0.1388
95,1425,1520,0.1388
92,1421,1513,0.1388
95,1414,1509,0.1388
91,1421,1512,0.1388
88,1428,1516,0.1388
83,1415,1498,0.1388
80,1421,1501,0.1388
82,1420,1502,0.1388
83,1416,1499,0.1388
85,1412,1497,0.1388
89,1411,1500,0.1388
91,1430,1521,0.1388
91,1436,1527,0.1388
89,1441,1530,0.1388
88,1429,1517,0.1388
89,1439,1528,0.1388
90,1424,1514,0.1388
87,1421,1508,0.1388
89,1428,1517,0.1388
90,1443,1533,0.1388
89,1450,1539,0.1388
86,1446,1532,0.1388
82,1436,1518,0.1388
84,1430,1514,0.1388
88,1437,1525,0.1388
88,1437,1525,0.1388
86,1424,1510,0.1388
86,1421,1507,0.1388
85,1412,1497,0.1388
86,1418,1504,0.1388
90,1407,1497,0.1388
91,1409,1500,0.1388
90,1418,1508,0.1388
91,1418,1509,0.1388
88,1420,1508,0.1388
90,1415,1505,0.1388
91,1415,1506,0.1388
94,1414,1508,0.1388
97,1417,1514,0.1388
94,1424,1518,0.1388
97,1418,1515,0.1388
96,1423,1519,0.1388
95,1406,1501,0.1388
93,1417,1510,0.1388
94,1401,1495,0.1388
92,1382,1474,0.1388
87,1402,1489,0.1388
91,1407,1498,0.1388
93,1414,1507,0.1388
93,1417,1510,0.1388
95,1414,1509,0.1388
95,1423,1518,0.1388
94,1415,1509,0.1388
94,1422,1516,0.1388
94,1416,1510,0.1388
92,1421,1513,0.1388
91,1417,1508,0.1388
90,1426,1516,0.1388
89,1433,1522,0.1388
86,1430,1516,0.1388
87,1428,1515,0.1388
85,1438,1523,0.1388
79,1425,1504,0.1388
81,1429,1510,0.1388
80,1431,1511,0.1388
80,1438,1518,0.1388
81,1417,1498,0.1388
81,1427,1508,0.1388
82,1439,1521,0.1388
82,1440,1522,0.1388
83,1428,1511,0.1388
83,1437,1520,0.1388
83,1454,1537,0.1388
82,1446,1528,0.1388
84,1427,1511,0.1388
82,1434,1516,0.1388
81,1434,1515,0.1388
82,1426,1508,0.1388
82,1428,1510,0.1388
84,1422,1506,0.1388
83,1423,1506,0.1388
83,1426,1509,0.1388
87,1428,1515,0.1388
86,1431,1517,0.1388
85,1431,1516,0.1388
88,1433,1521,0.1388
88,1423,1511,0.1388
88,1420,1508,0.1388
83,1427,1510,0.1388
82,1441,1523,0.1388
81,1444,1525,0.1388
80,1443,1523,0.1388
81,1448,1529,0.1388
75,1451,1526,0.1388
74,1445,1519,0.1388
75,1446,1521,0.1388
74,1445,1519,0.1388
73,1438,1511,0.1388
75,1430,1505,0.1388
75,1439,1514,0.1388
73,1443,1516,0.1388
76,1449,1525,0.1388
76,1453,1529,0.1388
77,1447,1524,0.1388
75,1448,1523,0.1388
77,1451,1528,0.1388
79,1452,1531,0.1388
80,1450,1530,0.1388
80,1433,1513,0.1388
78,1446,1524,0.1388
83,1435,1518,0.1388
84,1435,1519,0.1388
83,1434,1517,0.1388
83,1447,1530,0.1388
81,1451,1532,0.1388
79,1444,1523,0.1388
80,1444,1524,0.1388
81,1448,1529,0.1388
84,1438,1522,0.1388
83,1440,1523,0.1388
84,1426,1510,0.1388
85,1437,1522,0.1388
87,1428,1515,0.1388
88,1425,1513,0.1388
86,1437,1523,0.1388
84,1440,1524,0.1388
82,1441,1523,0.1388
79,1441,1520,0.1388
78,1451,1529,0.1388
79,1445,1524,0.1388
80,1447,1527,0.1388
77,1442,1519,0.1388
77,1437,1514,0.1388
79,1426,1505,0.1388
78,1428,1506,0.1388
82,1431,1513,0.1388
82,1453,1535,0.1388
83,1439,1522,0.1388
83,1443,1526,0.1388
80,1442,1522,0.1388
80,1439,1519,0.1388
81,1435,1516,0.1388
82,1428,1510,0.1388
80,1450,1530,0.1388
79,1430,1509,0.1388
78,1424,1502,0.1388
80,1414,1494,0.1388
77,1425,1502,0.1388
77,1436,1513,0.1388
78,1433,1511,0.1388
77,1442,1519,0.1388
76,1431,1507,0.1388
77,1441,1518,0.1388
79,1440,1519,0.1388
81,1443,1524,0.1388
79,1444,1523,0.1388
79,1432,1511,0.1388
77,1420,1497,0.1388
81,1425,1506,0.1388
82,1419,1501,0.1388
85,1429,1514,0.1388
83,1424,1507,0.1388
81,1432,1513,0.1388
80,1436,1516,0.1388
78,1427,1505,0.1388
77,1430,1507,0.1388
75,1443,1518,0.1388
77,1443,1520,0.1388
77,1444,1521,0.1388
78,1439,1517,0.1388
81,1427,1508,0.1388
80,1424,1504,0.1388
80,1431,1511,0.1388
81,1427,1508,0.1388
80,1429,1509,0.1388
79,1438,1517,0.1388
80,1439,1519,0.1388
76,1434,1510,0.1388
79,1442,1521,0.1388
75,1438,1513,0.1388
74,1435,1509,0.1388
77,1436,1513,0.1388
74,1445,1519,0.1388
71,1436,1507,0.1388
72,1440,1512,0.1388
71,1437,1508,0.1388
72,1441,1513,0.1388
71,1450,1521,0.1388
69,1455,1524,0.1388
70,1450,1520,0.1388
70,1440,1510,0.1388
71,1444,1515,0.1388
74,1438,1512,0.1388
73,1431,1504,0.1388
72,1446,1518,0.1388
75,1446,1521,0.1388
76,1441,1517,0.1388
77,1437,1514,0.1388
82,1434,1516,0.1388
79,1426,1505,0.1388
81,1426,1507,0.1388
79,1421,1500,0.1388
82,1434,1516,0.1388
84,1436,1520,0.1388
83,1442,1525,0.1388
83,1445,1528,0.1388
81,1443,1524,0.1388
81,1442,1523,0.1388
79,1434,1513,0.1388
75,1442,1517,0.1388
77,1452,1529,0.1388
78,1461,1539,0.1388
80,1459,1539,0.1388
79,1460,1539,0.1388
76,1460,1536,0.1388
76,1466,1542,0.1388
75,1460,1535,0.1388
73,1450,1523,0.1388
71,1445,1516,0.1388
72,1455,1527,0.1388
71,1465,1536,0.1388
72,1466,1538,0.1388
67,1454,1521,0.1388
67,1456,1523,0.1388
67,1452,1519,0.1388
68,1442,1510,0.1388
69,1453,1522,0.1388
70,1446,1516,0.1388
72,1461,1533,0.1388
71,1455,1526,0.1388
73,1456,1529,0.1388
71,1453,1524,0.1388
71,1444,1515,0.1388
72,1436,1508,0.1388
72,1437,1509,0.1388
70,1453,1523,0.1388
70,1453,1523,0.1388
71,1438,1509,0.1388
73,1444,1517,0.1388
73,1441,1514,0.1388
68,1448,1516,0.1388
69,1461,1530,0.1388
70,1457,1527,0.1388
66,1459,1525,0.1388
65,1460,1525,0.1388
66,1457,1523,0.1388
66,1452,1518,0.1388
63,1452,1515,0.1388
63,1459,1522,0.1388
63,1456,1519,0.1388
63,1454,1517,0.1388
64,1456,1520,0.1388
64,1451,1515,0.1388
66,1451,1517,0.1388
65,1455,1520,0.1388
64,1449,1513,0.1388
62,1455,1517,0.1388
65,1454,1519,0.1388
63,1456,1519,0.1388
63,1459,1522,0.1388
61,1457,1518,0.1388
64,1454,1518,0.1388
59,1454,1513,0.1388
60,1457,1517,0.1388
59,1454,1513,0.1388
61,1461,1522,0.1388
62,1462,1524,0.1388
62,1450,1512,0.1388
62,1442,1504,0.1388
61,1454,1515,0.1388
59,1444,1503,0.1388
59,1436,1495,0.1388
56,1426,1482,0.1388
55,1432,1487,0.1388
54,1441,1495,0.1388
56,1458,1514,0.1388
58,1450,1508,0.1388
55,1447,1502,0.1388
57,1455,1512,0.1388
56,1470,1526,0.1388
55,1459,1514,0.1388
55,1455,1510,0.1388
55,1454,1509,0.1388
56,1462,1518,0.1388
55,1452,1507,0.1388
55,1457,1512,0.1388
56,1454,1510,0.1388
55,1460,1515,0.1388
53,1457,1510,0.1388
52,1467,1519,0.1388
50,1459,1509,0.1388
50,1465,1515,0.1388
51,1469,1520,0.1388
50,1481,1531,0.1388
51,1473,1524,0.1388
51,1472,1523,0.1388
52,1469,1521,0.1388
50,1461,1511,0.1388
48,1448,1496,0.1388
48,1461,1509,0.1388
48,1466,1514,0.1388
45,1478,1523,0.1388
45,1496,1541,0.1388
42,1486,1528,0.1388
43,1465,1508,0.1388
42,1467,1509,0.1388
44,1483,1527,0.1388
43,1483,1526,0.1388
43,1481,1524,0.1388
39,1477,1516,0.1388
38,1477,1515,0.1388
36,1478,1514,0.1388
36,1487,1523,0.1388
34,1477,1511,0.1388
33,1482,1515,0.1388
35,1502,1537,0.1388
36,1491,1527,0.1388
36,1480,1516,0.1388
34,1488,1522,0.1388
35,1479,1514,0.1388
36,1480,1516,0.1388
35,1475,1510,0.1388
35,1483,1518,0.1388
35,1485,1520,0.1388
38,1500,1538,0.1388
39,1485,1524,0.1388
38,1486,1524,0.1388
36,1481,1517,0.1388
37,1498,1535,0.1388
37,1500,1537,0.1388
39,1509,1548,0.1388
38,1497,1535,0.1388
35,1497,1532,0.1388
34,1498,1532,0.1388
33,1485,1518,0.1388
34,1483,1517,0.1388
34,1474,1508,0.1388
34,1466,1500,0.1388
36,1467,1503,0.1388
35,1473,1508,0.1388
34,1476,1510,0.1388
34,1469,1503,0.1388
33,1468,1501,0.1388
33,1481,1514,0.1388
33,1484,1517,0.1388
30,1492,1522,0.1388
29,1501,1530,0.1388
27,1488,1515,0.1388
27,1495,1522,0.1388
25,1503,1528,0.1388
23,1495,1518,0.1388
23,1507,1530,0.1388
24,1499,1523,0.1388
23,1490,1513,0.1388
24,1492,1516,0.1388
25,1479,1504,0.1388
26,1481,1507,0.1388
26,1486,1512,0.1388
27,1481,1508,0.1388
26,1486,1512,0.1388
25,1491,1516,0.1388
23,1497,1520,0.1388
25,1491,1516,0.1388
26,1492,1518,0.1388
27,1490,1517,0.1388
27,1476,1503,0.1388
27,1477,1504,0.1388
26,1491,1517,0.1388
25,1508,1533,0.1388
24,1493,1517,0.1388
22,1490,1512,0.1388
24,1491,1515,0.1388
23,1490,1513,0.1388
23,1490,1513,0.1388
24,1476,1500,0.1388
24,1478,1502,0.1388
23,1487,1510,0.1388
27,1502,1529,0.1388
27,1487,1514,0.1388
25,1504,1529,0.1388
25,1506,1531,0.1388
25,1491,1516,0.1388
25,1490,1515,0.1388
26,1488,1514,0.1388
27,1496,1523,0.1388
27,1500,1527,0.1388
28,1500,1528,0.1388
29,1492,1521,0.1388
30,1471,1501,0.1388
30,1480,1510,0.1388
30,1482,1512,0.1388
30,1488,1518,0.1388
29,1491,1520,0.1388
29,1483,1512,0.1388
29,1484,1513,0.1388
29,1476,1505,0.1388
29,1479,1508,0.1388
27,1483,1510,0.1388
27,1489,1516,0.1388
25,1483,1508,0.1388
25,1483,1508,0.1388
25,1477,1502,0.1388
25,1488,1513,0.1388
24,1495,1519,0.1388
23,1495,1518,0.1388
23,1497,1520,0.1388
21,1494,1515,0.1388
21,1499,1520,0.1388
21,1504,1525,0.1388
23,1497,1520,0.1388
22,1497,1519,0.1388
19,1497,1516,0.1388
19,1501,1520,0.1388
18,1511,1529,0.1388
17,1511,1528,0.1388
17,1494,1511,0.1388
16,1510,1526,0.1388
16,1500,1516,0.1388
17,1505,1522,0.1388
17,1511,1528,0.1388
17,1504,1521,0.1388
17,1498,1515,0.1388
17,1498,1515,0.1388
18,1484,1502,0.1388
18,1489,1507,0.1388
17,1483,1500,0.1388
17,1489,1506,0.1388
17,1493,1510,0.1388
17,1494,1511,0.1388
16,1500,1516,0.1388
17,1496,1513,0.1388
15,1507,1522,0.1388
15,1506,1521,0.1388
15,1511,1526,0.1388
15,1503,1518,0.1388
15,1505,1520,0.1388
16,1503,1519,0.1388
15,1490,1505,0.1388
17,1495,1512,0.1388
17,1499,1516,0.1388
17,1507,1524,0.1388
18,1502,1520,0.1388
16,1493,1509,0.1388
17,1496,1513,0.1388
18,1489,1507,0.1388
17,1491,1508,0.1388
17,1501,1518,0.1388
20,1492,1512,0.1388
19,1503,1522,0.1388
19,1505,1524,0.1388
18,1502,1520,0.1388
17,1499,1516,0.1388
17,1500,1517,0.1388
17,1510,1527,0.1388
18,1503,1521,0.1388
17,1502,1519,0.1388
18,1493,1511,0.1388
17,1497,1514,0.1388
15,1496,1511,0.1388
17,1500,1517,0.1388
18,1491,1509,0.1388
18,1491,1509,0.1388
18,1499,1517,0.1388
18,1503,1521,0.1388
18,1497,1515,0.1388
19,1490,1509,0.1388
20,1506,1526,0.1388
19,1498,1517,0.1388
19,1497,1516,0.1388
19,1493,1512,0.1388
18,1497,1515,0.1388
16,1494,1510,0.1388
16,1497,1513,0.1388
14,1504,1518,0.1388
14,1500,1514,0.1388
14,1512,1526,0.1388
14,1512,1526,0.1388
15,1509,1524,0.1388
14,1499,1513,0.1388
14,1488,1502,0.1388
14,1499,1513,0.1388
16,1496,1512,0.1388
15,1507,1522,0.1388
12,1521,1533,0.1388
14,1510,1524,0.1388
13,1501,1514,0.1388
13,1492,1505,0.1388
13,1489,1502,0.1388
14,1504,1518,0.1388
14,1510,1524,0.1388
13,1510,1523,0.1388
14,1506,1520,0.1388
14,1502,1516,0.1388
14,1509,1523,0.1388
14,1503,1517,0.1388
14,1487,1501,0.1388
14,1500,1514,0.1388
13,1490,1503,0.1388
13,1491,1504,0.1388
13,1491,1504,0.1388
12,1497,1509,0.1388
12,1507,1519,0.1388
12,1493,1505,0.1388
12,1502,1514,0.1388
12,1506,1518,0.1388
12,1507,1519,0.1388
13,1505,1518,0.1388
13,1510,1523,0.1388
13,1505,1518,0.1388
13,1516,1529,0.1388
15,1504,1519,0.1388
15,1500,1515,0.1388
17,1500,1517,0.1388
17,1489,1506,0.1388
18,1489,1507,0.1388
17,1498,1515,0.1388
16,1497,1513,0.1388
15,1485,1500,0.1388
16,1492,1508,0.1388
16,1504,1520,0.1388
15,1495,1510,0.1388
15,1505,1520,0.1388
15,1504,1519,0.1388
15,1506,1521,0.1388
15,1495,1510,0.1388
15,1501,1516,0.1388
15,1500,1515,0.1388
17,1507,1524,0.1388
16,1503,1519,0.1388
17,1500,1517,0.1388
17,1507,1524,0.1388
17,1508,1525,0.1388
17,1495,1512,0.1388
17,1494,1511,0.1388
16,1491,1507,0.1388
16,1497,1513,0.1388
16,1494,1510,0.1388
16,1488,1504,0.1388
16,1483,1499,0.1388
15,1482,1497,0.1388
15,1490,1505,0.1388
15,1498,1513,0.1388
15,1509,1524,0.1388
14,1514,1528,0.1388
14,1494,1508,0.1388
15,1491,1506,0.1388
15,1501,1516,0.1388
16,1502,1518,0.1388
14,1492,1506,0.1388
14,1501,1515,0.1388
15,1501,1516,0.1388
16,1495,1511,0.1388
17,1497,1514,0.1388
17,1486,1503,0.1388
16,1497,1513,0.1388
16,1489,1505,0.1388
17,1502,1519,0.1388
18,1492,1510,0.1388
18,1500,1518,0.1388
18,1506,1524,0.1388
17,1504,1521,0.1388
17,1499,1516,0.1388
17,1508,1525,0.1388
17,1506,1523,0.1388
16,1507,1523,0.1388
16,1503,1519,0.1388
16,1485,1501,0.1388
14,1484,1498,0.1388
14,1495,1509,0.1388
15,1491,1506,0.1388
16,1491,1507,0.1388
15,1488,1503,0.1388
16,1501,1517,0.1388
16,1506,1522,0.1388
15,1501,1516,0.1388
16,1506,1522,0.1388
16,1506,1522,0.1388
16,1507,1523,0.1388
16,1498,1514,0.1388
16,1489,1505,0.1388
16,1494,1510,0.1388
15,1495,1510,0.1388
15,1491,1506,0.1388
15,1485,1500,0.1388
14,1505,1519,0.1388
13,1505,1518,0.1388
13,1513,1526,0.1388
13,1514,1527,0.1388
12,1510,1522,0.1388
12,1507,1519,0.1388
12,1503,1515,0.1388
12,1505,1517,0.1388
12,1507,1519,0.1388
12,1507,1519,0.1388
12,1522,1534,0.1388
10,1514,1524,0.1388
10,1500,1510,0.1388
10,1500,1510,0.1388
10,1507,1517,0.1388
10,1509,1519,0.1388
10,1502,1512,0.1388
10,1509,1519,0.1388
9,1516,1525,0.1388
9,1528,1537,0.1388
9,1515,1524,0.1388
9,1516,1525,0.1388
8,1519,1527,0.1388
8,1519,1527,0.1388
8,1518,1526,0.1388
8,1523,1531,0.1388
8,1501,1509,0.1388
8,1518,1526,0.1388
8,1513,1521,0.1388
8,1506,1514,0.1388
8,1503,1511,0.1388
7,1500,1507,0.1388
8,1514,1522,0.1388
8,1526,1534,0.1388
8,1512,1520,0.1388
8,1510,1518,0.1388
7,1520,1527,0.1388
8,1511,1519,0.1388
7,1512,1519,0.1388
7,1522,1529,0.1388
7,1516,1523,0.1388
7,1500,1507,0.1388
7,1505,1512,0.1388
7,1510,1517,0.1388
6,1508,1514,0.1388
6,1514,1520,0.1388
6,1513,1519,0.1388
6,1516,1522,0.1388
7,1511,1518,0.1388
5,1507,1512,0.1388
6,1515,1521,0.1388
7,1506,1513,0.1388
9,1507,1516,0.1388
7,1497,1504,0.1388
7,1503,1510,0.1388
7,1508,1515,0.1388
6,1524,1530,0.1388
6,1510,1516,0.1388
6,1511,1517,0.1388
5,1522,1527,0.1388
5,1517,1522,0.1388
5,1524,1529,0.1388
5,1526,1531,0.1388
4,1520,1524,0.1388
4,1516,1520,0.1388
4,1514,1518,0.1388
4,1517,1521,0.1388
5,1510,1515,0.1388
5,1514,1519,0.1388
5,1523,1528,0.1388
5,1519,1524,0.1388
5,1506,1511,0.1388
5,1504,1509,0.1388
5,1498,1503,0.1388
5,1502,1507,0.1388
5,1508,1513,0.1388
5,1509,1514,0.1388
5,1512,1517,0.1388
5,1519,1524,0.1388
5,1511,1516,0.1388
5,1509,1514,0.1388
4,1502,1506,0.1388
4,1498,1502,0.1388
5,1498,1503,0.1388
6,1497,1503,0.1388
6,1495,1501,0.1388
6,1507,1513,0.1388
6,1507,1513,0.1388
6,1510,1516,0.1388
6,1512,1518,0.1388
6,1507,1513,0.1388
6,1515,1521,0.1388
6,1516,1522,0.1388
6,1516,1522,0.1388
6,1524,1530,0.1388
6,1513,1519,0.1388
6,1512,1518,0.1388
6,1513,1519,0.1388
7,1501,1508,0.1388
7,1501,1508,0.1388
7,1522,1529,0.1388
7,1524,1531,0.1388
7,1518,1525,0.1388
7,1511,1518,0.1388
7,1508,1515,0.1388
8,1508,1516,0.1388
8,1492,1500,0.1388
7,1494,1501,0.1388
7,1500,1507,0.1388
8,1506,1514,0.1388
8,1521,1529,0.1388
7,1524,1531,0.1388
7,1518,1525,0.1388
6,1519,1525,0.1388
6,1520,1526,0.1388
6,1522,1528,0.1388
6,1523,1529,0.1388
5,1514,1519,0.1388
5,1513,1518,0.1388
5,1513,1518,0.1388
5,1512,1517,0.1388
5,1509,1514,0.1388
5,1503,1508,0.1388
5,1505,1510,0.1388
5,1507,1512,0.1388
5,1511,1516,0.1388
5,1517,1522,0.1388
4,1504,1508,0.1388
4,1508,1512,0.1388
4,1511,1515,0.1388
4,1513,1517,0.1388
4,1518,1522,0.1388
4,1518,1522,0.1388
4,1517,1521,0.1388
4,1518,1522,0.1388
4,1505,1509,0.1388
4,1512,1516,0.1388
4,1504,1508,0.1388
4,1506,1510,0.1388
3,1511,1514,0.1388
3,1503,1506,0.1388
2,1496,1498,0.1388
2,1507,1509,0.1388
2,1514,1516,0.1388
2,1505,1507,0.1388
1,1518,1519,0.1388
1,1520,1521,0.1388
1,1512,1513,0.1388
1,1507,1508,0.1388
1,1511,1512,0.1388
1,1514,1515,0.1388
1,1521,1522,0.1388
1,1525,1526,0.1388
1,1518,1519,0.1388
2,1526,1528,0.1388
2,1526,1528,0.1388
2,1515,1517,0.1388
2,1529,1531,0.1388
1,1516,1517,0.1388
1,1515,1516,0.1388
1,1522,1523,0.1388
1,1513,1514,0.1388
1,1523,1524,0.1388
1,1526,1527,0.1388
1,1520,1521,0.1388
1,1523,1524,0.1388
1,1499,1500,0.1388
1,1500,1501,0.1388
1,1507,1508,0.1388
1,1517,1518,0.1388
1,1520,1521,0.1388
1,1518,1519,0.1388
1,1509,1510,0.1388
1,1501,1502,0.1388
1,1514,1515,0.1388
1,1511,1512,0.1388
1,1514,1515,0.1388
1,1517,1518,0.1388
1,1523,1524,0.1388
1,1515,1516,0.1388
1,1502,1503,0.1388
1,1506,1507,0.1388
1,1514,1515,0.1388
1,1504,1505,0.1388
1,1506,1507,0.1388
1,1506,1507,0.1388
1,1535,1536,0.1388
1,1531,1532,0.1388
1,1516,1517,0.1388
1,1527,1528,0.1388
1,1514,1515,0.1388
1,1508,1509,0.1388
1,1515,1516,0.1388
1,1506,1507,0.1388
1,1506,1507,0.1388
1,1515,1516,0.1388
1,1503,1504,0.1388
1,1514,1515,0.1388
1,1526,1527,0.1388
1,1529,1530,0.1388
1,1516,1517,0.1388
1,1524,1525,0.1388
1,1519,1520,0.1388
1,1522,1523,0.1388
1,1517,1518,0.1388
1,1522,1523,0.1388
1,1518,1519,0.1388
1,1510,1511,0.1388
1,1526,1527,0.1388
1,1528,1529,0.1388
1,1511,1512,0.1388
1,1502,1503,0.1388
1,1502,1503,0.1388
1,1503,1504,0.1388
1,1504,1505,0.1388
1,1510,1511,0.1388
1,1499,1500,0.1388
1,1507,1508,0.1388
2,1513,1515,0.1388
2,1514,1516,0.1388
2,1516,1518,0.1388
2,1515,1517,0.1388
2,1524,1526,0.1388
3,1520,1523,0.1388
3,1516,1519,0.1388
3,1525,1528,0.1388
3,1513,1516,0.1388
3,1519,1522,0.1388
4,1514,1518,0.1388
4,1511,1515,0.1388
4,1528,1532,0.1388
4,1524,1528,0.1388
4,1524,1528,0.1388
5,1530,1535,0.1388
5,1532,1537,0.1388
5,1535,1540,0.1388
5,1532,1537,0.1388
5,1520,1525,0.1388
5,1516,1521,0.1388
5,1504,1509,0.1388
4,1509,1513,0.1388
4,1506,1510,0.1388
4,1512,1516,0.1388
4,1506,1510,0.1388
4,1514,1518,0.1388
3,1510,1513,0.1388
3,1505,1508,0.1388
3,1491,1494,0.1388
2,1498,1500,0.1388
2,1515,1517,0.1388
2,1516,1518,0.1388
2,1532,1534,0.1388
2,1527,1529,0.1388
1,1520,1521,0.1388
1,1523,1524,0.1388
1,1519,1520,0.1388
1,1512,1513,0.1388
1,1510,1511,0.1388
1,1523,1524,0.1388
1,1523,1524,0.1388
1,1527,1528,0.1388
1,1527,1528,0.1388
1,1530,1531,0.1388
1,1527,1528,0.1388
1,1528,1529,0.1388
2,1523,1525,0.1388
2,1518,1520,0.1388
2,1517,1519,0.1388
1,1503,1504,0.1388
1,1507,1508,0.1388
1,1514,1515,0.1388
1,1507,1508,0.1388
1,1528,1529,0.1388
1,1527,1528,0.1388
1,1535,1536,0.1388
1,1529,1530,0.1388
1,1534,1535,0.1388
1,1519,1520,0.1388
1,1525,1526,0.1388
1,1515,1516,0.1388
1,1519,1520,0.1388
1,1510,1511,0.1388
1,1507,1508,0.1388
1,1499,1500,0.1388
1,1497,1498,0.1388
1,1505,1506,0.1388
1,1516,1517,0.1388
1,1515,1516,0.1388
1,1506,1507,0.1388
1,1519,1520,0.1388
1,1520,1521,0.1388
1,1515,1516,0.1388
1,1516,1517,0.1388
1,1515,1516,0.1388
1,1523,1524,0.1388
1,1525,1526,0.1388
1,1520,1521,0.1388
1,1531,1532,0.1388
1,1525,1526,0.1388
1,1523,1524,0.1388
1,1514,1515,0.1388
1,1527,1528,0.1388
1,1533,1534,0.1388
1,1524,1525,0.1388
1,1515,1516,0.1388
1,1512,1513,0.1388
1,1513,1514,0.1388
1,1519,1520,0.1388
1,1511,1512,0.1388
1,1517,1518,0.1388
1,1520,1521,0.1388
1,1528,1529,0.1388
1,1515,1516,0.1388
1,1512,1513,0.1388
1,1505,1506,0.1388
1,1517,1518,0.1388
1,1515,1516,0.1388
1,1523,1524,0.1388
1,1524,1525,0.1388
1,1516,1517,0.1388
1,1512,1513,0.1388
2,1508,1510,0.1388
2,1517,1519,0.1388
2,1527,1529,0.1388
2,1515,1517,0.1388
2,1513,1515,0.1388
2,1517,1519,0.1388
2,1519,1521,0.1388
2,1506,1508,0.1388
1,1509,1510,0.1388
1,1521,1522,0.1388
1,1517,1518,0.1388
1,1505,1506,0.1388
1,1501,1502,0.1388
1,1496,1497,0.1388
1,1498,1499,0.1388
1,1503,1504,0.1388
1,1503,1504,0.1388
1,1513,1514,0.1388
1,1503,1504,0.1388
1,1503,1504,0.1388
1,1502,1503,0.1388
1,1506,1507,0.1388
1,1502,1503,0.1388
1,1512,1513,0.1388
1,1512,1513,0.1388
1,1516,1517,0.1388
1,1514,1515,0.1388
1,1500,1501,0.1388
1,1513,1514,0.1388
1,1512,1513,0.1388
1,1526,1527,0.1388
1,1519,1520,0.1388
1,1515,1516,0.1388
1,1517,1518,0.1388
1,1510,1511,0.1388
1,1514,1515,0.1388
1,1513,1514,0.1388
1,1521,1522,0.1388
1,1515,1516,0.1388
1,1533,1534,0.1388
1,1532,1533,0.1388
1,1530,1531,0.1388
1,1524,1525,0.1388
1,1523,1524,0.1388
1,1513,1514,0.1388
1,1506,1507,0.1388
1,1504,1505,0.1388
1,1504,1505,0.1388
1,1516,1517,0.1388
1,1522,1523,0.1388
1,1515,1516,0.1388
1,1533,1534,0.1388
1,1521,1522,0.1388
1,1528,1529,0.1388
1,1518,1519,0.1388
1,1526,1527,0.1388
1,1530,1531,0.1388
1,1522,1523,0.1388
1,1523,1524,0.1388
1,1519,1520,0.1388
1,1514,1515,0.1388
1,1509,1510,0.1388
1,1504,1505,0.1388
0,1494,1494,0.1388
