1366,28,1394,0.1388
1402,28,1430,0.1388
1423,29,1452,0.1388
1433,30,1463,0.1388
1438,31,1469,0.1388
1444,31,1475,0.1388
1443,30,1473,0.1388
1437,28,1465,0.1388
1430,30,1460,0.1388
1454,31,1485,0.1388
1455,30,1485,0.1388
1470,30,1500,0.1388
1476,30,1506,0.1388
1464,32,1496,0.1388
1459,32,1491,0.1388
1460,31,1491,0.1388
1464,29,1493,0.1388
1469,29,1498,0.1388
1472,26,1498,0.1388
1470,27,1497,0.1388
1470,28,1498,0.1388
1470,27,1497,0.1388
1452,28,1480,0.1388
1453,28,1481,0.1388
1453,30,1483,0.1388
1454,30,1484,0.1388
1445,31,1476,0.1388
1444,32,1476,0.1388
1446,32,1478,0.1388
1451,31,1482,0.1388
1461,30,1491,0.1388
1451,34,1485,0.1388
1452,36,1488,0.1388
1463,35,1498,0.1388
1473,34,1507,0.1388
1467,33,1500,0.1388
1461,30,1491,0.1388
1457,29,1486,0.1388
1461,30,1491,0.1388
1465,30,1495,0.1388
1455,30,1485,0.1388
1459,29,1488,0.1388
1457,29,1486,0.1388
1459,31,1490,0.1388
1453,31,1484,0.1388
1456,33,1489,0.1388
1451,33,1484,0.1388
1461,34,1495,0.1388
1455,35,1490,0.1388
1449,35,1484,0.1388
1454,34,1488,0.1388
1455,33,1488,0.1388
1458,33,1491,0.1388
1456,35,1491,0.1388
1466,37,1503,0.1388
1462,36,1498,0.1388
1461,37,1498,0.1388
1469,34,1503,0.1388
1466,34,1500,0.1388
1456,35,1491,0.1388
1455,35,1490,0.1388
1460,36,1496,0.1388
1457,37,1494,0.1388
1460,37,1497,0.1388
1457,38,1495,0.1388
1448,36,1484,0.1388
1444,37,1481,0.1388
1441,37,1478,0.1388
1443,37,1480,0.1388
1435,41,1476,0.1388
1442,40,1482,0.1388
1455,40,1495,0.1388
1445,41,1486,0.1388
1450,42,1492,0.1388
1446,40,1486,0.1388
1448,40,1488,0.1388
1447,39,1486,0.1388
1458,43,1501,0.1388
1460,46,1506,0.1388
1464,46,1510,0.1388
1436,46,1482,0.1388
1457,44,1501,0.1388
1442,44,1486,0.1388
1443,43,1486,0.1388
1452,45,1497,0.1388
1445,47,1492,0.1388
1446,47,1493,0.1388
1452,48,1500,0.1388
1456,48,1504,0.1388
1450,47,1497,0.1388
1455,49,1504,0.1388
1457,49,1506,0.1388
1457,50,1507,0.1388
1453,47,1500,0.1388
1458,48,1506,0.1388
1449,47,1496,0.1388
1439,48,1487,0.1388
1444,48,1492,0.1388
1453,47,1500,0.1388
1457,48,1505,0.1388
1465,50,1515,0.1388
1465,51,1516,0.1388
1463,49,1512,0.1388
1461,49,1510,0.1388
1450,50,1500,0.1388
1448,50,1498,0.1388
1454,50,1504,0.1388
1454,52,1506,0.1388
1435,53,1488,0.1388
1452,55,1507,0.1388
1440,54,1494,0.1388
1448,53,1501,0.1388
1445,49,1494,0.1388
1441,49,1490,0.1388
1437,45,1482,0.1388
1440,44,1484,0.1388
1433,42,1475,0.1388
1423,47,1470,0.1388
1438,46,1484,0.1388
1435,46,1481,0.1388
1443,47,1490,0.1388
1434,47,1481,0.1388
1437,48,1485,0.1388
1438,49,1487,0.1388
1423,48,1471,0.1388
1432,48,1480,0.1388
1430,49,1479,0.1388
1439,50,1489,0.1388
1437,50,1487,0.1388
1440,50,1490,0.1388
1427,50,1477,0.1388
1435,54,1489,0.1388
1439,56,1495,0.1388
1439,56,1495,0.1388
1430,56,1486,0.1388
1426,53,1479,0.1388
1414,56,1470,0.1388
1419,55,1474,0.1388
1425,54,1479,0.1388
1412,53,1465,0.1388
1422,53,1475,0.1388
1431,54,1485,0.1388
1436,54,1490,0.1388
1441,54,1495,0.1388
1434,53,1487,0.1388
1448,54,1502,0.1388
1456,54,1510,0.1388
1446,56,1502,0.1388
1459,54,1513,0.1388
1459,56,1515,0.1388
1433,56,1489,0.1388
1436,59,1495,0.1388
1430,59,1489,0.1388
1430,61,1491,0.1388
1429,61,1490,0.1388
1420,62,1482,0.1388
1420,64,1484,0.1388
1431,63,1494,0.1388
1427,63,1490,0.1388
1420,65,1485,0.1388
1424,66,1490,0.1388
1422,68,1490,0.1388
1423,67,1490,0.1388
1428,67,1495,0.1388
1432,67,1499,0.1388
1428,69,1497,0.1388
1430,67,1497,0.1388
1415,66,1481,0.1388
1411,67,1478,0.1388
1418,68,1486,0.1388
1431,66,1497,0.1388
1440,67,1507,0.1388
1425,67,1492,0.1388
1437,66,1503,0.1388
1430,71,1501,0.1388
1416,70,1486,0.1388
1425,71,1496,0.1388
1423,72,1495,0.1388
1419,70,1489,0.1388
1420,69,1489,0.1388
1426,71,1497,0.1388
1426,70,1496,0.1388
1440,66,1506,0.1388
1420,64,1484,0.1388
1422,65,1487,0.1388
1410,64,1474,0.1388
1425,64,1489,0.1388
1430,64,1494,0.1388
1419,63,1482,0.1388
1414,59,1473,0.1388
1417,57,1474,0.1388
1417,58,1475,0.1388
1428,61,1489,0.1388
1436,63,1499,0.1388
1438,63,1501,0.1388
1446,61,1507,0.1388
1433,62,1495,0.1388
1430,61,1491,0.1388
1446,60,1506,0.1388
1446,61,1507,0.1388
1446,64,1510,0.1388
1442,63,1505,0.1388
1436,64,1500,0.1388
1437,63,1500,0.1388
1442,64,1506,0.1388
1447,67,1514,0.1388
1425,65,1490,0.1388
1440,64,1504,0.1388
1442,63,1505,0.1388
1440,67,1507,0.1388
1440,68,1508,0.1388
1427,71,1498,0.1388
1429,75,1504,0.1388
1428,74,1502,0.1388
1421,74,1495,0.1388
1419,73,1492,0.1388
1431,73,1504,0.1388
1413,72,1485,0.1388
1415,73,1488,0.1388
1413,74,1487,0.1388
1425,75,1500,0.1388
1423,75,1498,0.1388
1435,75,1510,0.1388
1424,73,1497,0.1388
1428,75,1503,0.1388
1424,74,1498,0.1388
1427,74,1501,0.1388
1424,75,1499,0.1388
1420,75,1495,0.1388
1418,74,1492,0.1388
1414,75,1489,0.1388
1425,72,1497,0.1388
1431,72,1503,0.1388
1429,74,1503,0.1388
1417,76,1493,0.1388
1417,78,1495,0.1388
1429,78,1507,0.1388
1438,77,1515,0.1388
1435,79,1514,0.1388
1437,81,1518,0.1388
1421,78,1499,0.1388
1431,79,1510,0.1388
1432,79,1511,0.1388
1421,76,1497,0.1388
1417,75,1492,0.1388
1400,75,1475,0.1388
1405,79,1484,0.1388
1405,76,1481,0.1388
1411,83,1494,0.1388
1413,81,1494,0.1388
1405,78,1483,0.1388
1412,79,1491,0.1388
1424,81,1505,0.1388
1420,79,1499,0.1388
1408,82,1490,0.1388
1403,79,1482,0.1388
1406,81,1487,0.1388
1396,81,1477,0.1388
1393,84,1477,0.1388
1401,84,1485,0.1388
1400,81,1481,0.1388
1410,80,1490,0.1388
1408,80,1488,0.1388
1417,81,1498,0.1388
1419,82,1501,0.1388
1395,83,1478,0.1388
1392,88,1480,0.1388
1390,90,1480,0.1388
1392,90,1482,0.1388
1399,89,1488,0.1388
1398,92,1490,0.1388
1390,90,1480,0.1388
1390,92,1482,0.1388
1399,89,1488,0.1388
1405,89,1494,0.1388
1399,93,1492,0.1388
1389,92,1481,0.1388
1403,92,1495,0.1388
1403,95,1498,0.1388
1404,94,1498,0.1388
1407,92,1499,0.1388
1404,94,1498,0.1388
1399,94,1493,0.1388
1398,96,1494,0.1388
1408,93,1501,0.1388
1409,90,1499,0.1388
1414,92,1506,0.1388
1409,92,1501,0.1388
1403,91,1494,0.1388
1402,92,1494,0.1388
1402,89,1491,0.1388
1394,91,1485,0.1388
1388,92,1480,0.1388
1389,94,1483,0.1388
1382,93,1475,0.1388
1392,92,1484,0.1388
1401,98,1499,0.1388
1399,99,1498,0.1388
1386,101,1487,0.1388
1390,104,1494,0.1388
1387,103,1490,0.1388
1385,101,1486,0.1388
1389,100,1489,0.1388
1392,95,1487,0.1388
1394,94,1488,0.1388
1388,95,1483,0.1388
1406,97,1503,0.1388
1398,98,1496,0.1388
1412,98,1510,0.1388
1402,103,1505,0.1388
1402,101,1503,0.1388
1394,105,1499,0.1388
1387,107,1494,0.1388
1382,106,1488,0.1388
1374,106,1480,0.1388
1382,109,1491,0.1388
1383,112,1495,0.1388
1377,110,1487,0.1388
1375,111,1486,0.1388
1371,114,1485,0.1388
1373,113,1486,0.1388
1370,113,1483,0.1388
1369,116,1485,0.1388
1371,118,1489,0.1388
1383,118,1501,0.1388
1373,118,1491,0.1388
1380,116,1496,0.1388
1386,115,1501,0.1388
1378,114,1492,0.1388
1374,110,1484,0.1388
1371,110,1481,0.1388
1381,107,1488,0.1388
1403,112,1515,0.1388
1399,113,1512,0.1388
1393,117,1510,0.1388
1389,118,1507,0.1388
1378,118,1496,0.1388
1384,120,1504,0.1388
1383,121,1504,0.1388
1370,121,1491,0.1388
1371,125,1496,0.1388
1374,125,1499,0.1388
1366,128,1494,0.1388
1365,129,1494,0.1388
1369,129,1498,0.1388
1364,127,1491,0.1388
1358,127,1485,0.1388
1374,122,1496,0.1388
1383,128,1511,0.1388
1366,130,1496,0.1388
1368,132,1500,0.1388
1356,131,1487,0.1388
1343,125,1468,0.1388
1341,129,1470,0.1388
1348,129,1477,0.1388
1362,130,1492,0.1388
1369,126,1495,0.1388
1368,127,1495,0.1388
1370,128,1498,0.1388
1359,128,1487,0.1388
1358,129,1487,0.1388
1357,128,1485,0.1388
1360,128,1488,0.1388
1351,130,1481,0.1388
1341,136,1477,0.1388
1351,134,1485,0.1388
1372,140,1512,0.1388
1373,143,1516,0.1388
1367,141,1508,0.1388
1357,140,1497,0.1388
1365,144,1509,0.1388
1360,142,1502,0.1388
1351,141,1492,0.1388
1350,143,1493,0.1388
1356,139,1495,0.1388
1347,139,1486,0.1388
1335,140,1475,0.1388
1351,144,1495,0.1388
1350,147,1497,0.1388
1342,146,1488,0.1388
1339,137,1476,0.1388
1328,137,1465,0.1388
1336,143,1479,0.1388
1342,144,1486,0.1388
1350,147,1497,0.1388
1343,148,1491,0.1388
1335,147,1482,0.1388
1355,145,1500,0.1388
1359,147,1506,0.1388
1368,148,1516,0.1388
1365,145,1510,0.1388
1363,141,1504,0.1388
1350,146,1496,0.1388
1348,144,1492,0.1388
1363,146,1509,0.1388
1359,143,1502,0.1388
1350,144,1494,0.1388
1347,142,1489,0.1388
1345,147,1492,0.1388
1347,152,1499,0.1388
1357,153,1510,0.1388
1366,155,1521,0.1388
1361,151,1512,0.1388
1358,153,1511,0.1388
1351,152,1503,0.1388
1347,154,1501,0.1388
1350,153,1503,0.1388
1342,150,1492,0.1388
1354,150,1504,0.1388
1341,149,1490,0.1388
1343,146,1489,0.1388
1347,149,1496,0.1388
1353,142,1495,0.1388
1348,143,1491,0.1388
1355,143,1498,0.1388
1355,141,1496,0.1388
1337,147,1484,0.1388
1345,150,1495,0.1388
1347,146,1493,0.1388
1358,148,1506,0.1388
1355,147,1502,0.1388
1346,149,1495,0.1388
1346,148,1494,0.1388
1359,147,1506,0.1388
1368,145,1513,0.1388
1372,149,1521,0.1388
1363,145,1508,0.1388
1358,151,1509,0.1388
1359,154,1513,0.1388
1359,152,1511,0.1388
1366,151,1517,0.1388
1363,152,1515,0.1388
1343,150,1493,0.1388
1333,146,1479,0.1388
1339,144,1483,0.1388
1341,148,1489,0.1388
1335,147,1482,0.1388
1332,149,1481,0.1388
1341,147,1488,0.1388
1347,153,1500,0.1388
1349,156,1505,0.1388
1349,157,1506,0.1388
1350,157,1507,0.1388
1340,161,1501,0.1388
1335,159,1494,0.1388
1329,159,1488,0.1388
1332,157,1489,0.1388
1339,158,1497,0.1388
1333,157,1490,0.1388
1330,160,1490,0.1388
1345,162,1507,0.1388
1349,155,1504,0.1388
1351,155,1506,0.1388
1337,161,1498,0.1388
1343,158,1501,0.1388
1343,155,1498,0.1388
1344,158,1502,0.1388
1349,159,1508,0.1388
1350,157,1507,0.1388
1341,158,1499,0.1388
1333,153,1486,0.1388
1342,150,1492,0.1388
1340,151,1491,0.1388
1322,150,1472,0.1388
1329,156,1485,0.1388
1326,154,1480,0.1388
1334,152,1486,0.1388
1346,150,1496,0.1388
1354,154,1508,0.1388
1345,152,1497,0.1388
1339,151,1490,0.1388
1355,150,1505,0.1388
1359,153,1512,0.1388
1352,149,1501,0.1388
1347,148,1495,0.1388
1341,150,1491,0.1388
1345,154,1499,0.1388
1347,153,1500,0.1388
1327,159,1486,0.1388
1332,160,1492,0.1388
1321,162,1483,0.1388
1312,165,1477,0.1388
1308,168,1476,0.1388
1320,166,1486,0.1388
1327,162,1489,0.1388
1322,164,1486,0.1388
1329,163,1492,0.1388
1331,164,1495,0.1388
1340,162,1502,0.1388
1343,159,1502,0.1388
1340,162,1502,0.1388
1328,162,1490,0.1388
1327,162,1489,0.1388
1333,166,1499,0.1388
1331,163,1494,0.1388
1329,162,1491,0.1388
1336,170,1506,0.1388
1326,172,1498,0.1388
1330,165,1495,0.1388
1315,164,1479,0.1388
1306,162,1468,0.1388
1308,165,1473,0.1388
1310,163,1473,0.1388
1317,159,1476,0.1388
1326,158,1484,0.1388
1315,164,1479,0.1388
1311,167,1478,0.1388
1313,169,1482,0.1388
1322,172,1494,0.1388
1338,169,1507,0.1388
1332,166,1498,0.1388
1318,170,1488,0.1388
1327,167,1494,0.1388
1332,167,1499,0.1388
1325,167,1492,0.1388
1336,166,1502,0.1388
1331,170,1501,0.1388
1333,170,1503,0.1388
1333,176,1509,0.1388
1336,173,1509,0.1388
1335,178,1513,0.1388
1342,181,1523,0.1388
1332,180,1512,0.1388
1330,181,1511,0.1388
1314,177,1491,0.1388
1308,178,1486,0.1388
1319,180,1499,0.1388
1316,182,1498,0.1388
1318,183,1501,0.1388
1311,185,1496,0.1388
1304,183,1487,0.1388
1324,184,1508,0.1388
1316,187,1503,0.1388
1305,185,1490,0.1388
1308,189,1497,0.1388
1316,190,1506,0.1388
1323,191,1514,0.1388
1305,188,1493,0.1388
1298,184,1482,0.1388
1305,187,1492,0.1388
1303,191,1494,0.1388
1316,195,1511,0.1388
1326,195,1521,0.1388
1315,198,1513,0.1388
1321,199,1520,0.1388
1317,193,1510,0.1388
1313,194,1507,0.1388
1304,200,1504,0.1388
1302,200,1502,0.1388
1297,205,1502,0.1388
1283,207,1490,0.1388
1299,208,1507,0.1388
1305,210,1515,0.1388
1286,213,1499,0.1388
1278,212,1490,0.1388
1281,214,1495,0.1388
1276,214,1490,0.1388
1279,214,1493,0.1388
1270,213,1483,0.1388
1280,216,1496,0.1388
1278,221,1499,0.1388
1264,219,1483,0.1388
1273,219,1492,0.1388
1276,218,1494,0.1388
1277,221,1498,0.1388
1272,224,1496,0.1388
1280,229,1509,0.1388
1265,230,1495,0.1388
1254,229,1483,0.1388
1269,225,1494,0.1388
1252,223,1475,0.1388
1259,221,1480,0.1388
1250,224,1474,0.1388
1257,228,1485,0.1388
1254,229,1483,0.1388
1251,232,1483,0.1388
1242,232,1474,0.1388
1226,234,1460,0.1388
1251,234,1485,0.1388
1250,237,1487,0.1388
1245,239,1484,0.1388
1255,241,1496,0.1388
1241,237,1478,0.1388
1235,242,1477,0.1388
1230,239,1469,0.1388
1248,238,1486,0.1388
1253,242,1495,0.1388
1247,246,1493,0.1388
1242,250,1492,0.1388
1247,245,1492,0.1388
1235,247,1482,0.1388
1242,243,1485,0.1388
1249,241,1490,0.1388
1264,240,1504,0.1388
1257,244,1501,0.1388
1260,246,1506,0.1388
1260,244,1504,0.1388
1256,242,1498,0.1388
1250,243,1493,0.1388
1243,242,1485,0.1388
1246,242,1488,0.1388
1237,245,1482,0.1388
1249,245,1494,0.1388
1246,248,1494,0.1388
1261,250,1511,0.1388
1258,251,1509,0.1388
1242,246,1488,0.1388
1240,242,1482,0.1388
1230,242,1472,0.1388
1239,246,1485,0.1388
1258,250,1508,0.1388
1256,251,1507,0.1388
1252,254,1506,0.1388
1247,251,1498,0.1388
1255,249,1504,0.1388
1252,250,1502,0.1388
1250,250,1500,0.1388
1246,249,1495,0.1388
1251,246,1497,0.1388
1248,240,1488,0.1388
1249,247,1496,0.1388
1246,247,1493,0.1388
1241,246,1487,0.1388
1248,238,1486,0.1388
1247,244,1491,0.1388
1245,247,1492,0.1388
1256,243,1499,0.1388
1251,246,1497,0.1388
1240,241,1481,0.1388
1244,244,1488,0.1388
1247,247,1494,0.1388
1246,251,1497,0.1388
1249,256,1505,0.1388
1248,249,1497,0.1388
1251,252,1503,0.1388
1258,252,1510,0.1388
1261,251,1512,0.1388
1256,253,1509,0.1388
1243,252,1495,0.1388
1245,251,1496,0.1388
1250,251,1501,0.1388
1255,247,1502,0.1388
1244,256,1500,0.1388
1245,260,1505,0.1388
1242,259,1501,0.1388
1238,262,1500,0.1388
1226,262,1488,0.1388
1236,261,1497,0.1388
1238,263,1501,0.1388
1241,258,1499,0.1388
1253,257,1510,0.1388
1235,259,1494,0.1388
1245,260,1505,0.1388
1230,261,1491,0.1388
1237,260,1497,0.1388
1240,261,1501,0.1388
1240,256,1496,0.1388
1240,260,1500,0.1388
1228,263,1491,0.1388
1229,268,1497,0.1388
1226,268,1494,0.1388
1228,266,1494,0.1388
1223,268,1491,0.1388
1233,272,1505,0.1388
1220,270,1490,0.1388
1223,273,1496,0.1388
1225,268,1493,0.1388
1226,266,1492,0.1388
1224,273,1497,0.1388
1220,274,1494,0.1388
1220,273,1493,0.1388
1212,278,1490,0.1388
1220,276,1496,0.1388
1235,280,1515,0.1388
1244,281,1525,0.1388
1237,275,1512,0.1388
1229,279,1508,0.1388
1221,273,1494,0.1388
1217,272,1489,0.1388
1221,270,1491,0.1388
1226,272,1498,0.1388
1229,278,1507,0.1388
1227,277,1504,0.1388
1221,276,1497,0.1388
1221,283,1504,0.1388
1220,280,1500,0.1388
1213,282,1495,0.1388
1214,280,1494,0.1388
1217,279,1496,0.1388
1222,283,1505,0.1388
1218,285,1503,0.1388
1214,289,1503,0.1388
1219,283,1502,0.1388
1219,282,1501,0.1388
1225,278,1503,0.1388
1224,274,1498,0.1388
1230,275,1505,0.1388
1214,278,1492,0.1388
1204,283,1487,0.1388
1207,278,1485,0.1388
1209,273,1482,0.1388
1233,273,1506,0.1388
1231,273,1504,0.1388
1239,274,1513,0.1388
1235,281,1516,0.1388
1226,282,1508,0.1388
1223,283,1506,0.1388
1208,276,1484,0.1388
1219,277,1496,0.1388
1220,280,1500,0.1388
1218,278,1496,0.1388
1219,279,1498,0.1388
1217,279,1496,0.1388
1194,274,1468,0.1388
1201,277,1478,0.1388
1203,281,1484,0.1388
1206,274,1480,0.1388
1203,281,1484,0.1388
1191,289,1480,0.1388
1193,291,1484,0.1388
1207,287,1494,0.1388
1210,289,1499,0.1388
1213,291,1504,0.1388
1218,294,1512,0.1388
1221,295,1516,0.1388
1222,297,1519,0.1388
1213,305,1518,0.1388
1199,306,1505,0.1388
1199,302,1501,0.1388
1194,303,1497,0.1388
1181,309,1490,0.1388
1178,312,1490,0.1388
1183,322,1505,0.1388
1180,318,1498,0.1388
1169,313,1482,0.1388
1169,316,1485,0.1388
1183,313,1496,0.1388
1183,313,1496,0.1388
1190,315,1505,0.1388
1176,315,1491,0.1388
1170,319,1489,0.1388
1175,316,1491,0.1388
1174,321,1495,0.1388
1170,320,1490,0.1388
1185,316,1501,0.1388
1193,316,1509,0.1388
1186,314,1500,0.1388
1175,314,1489,0.1388
1177,314,1491,0.1388
1175,316,1491,0.1388
1168,316,1484,0.1388
1183,317,1500,0.1388
1171,313,1484,0.1388
1161,317,1478,0.1388
1155,315,1470,0.1388
1152,313,1465,0.1388
1157,318,1475,0.1388
1167,322,1489,0.1388
1178,326,1504,0.1388
1178,326,1504,0.1388
1169,327,1496,0.1388
1172,327,1499,0.1388
1169,327,1496,0.1388
1168,329,1497,0.1388
1167,328,1495,0.1388
1170,337,1507,0.1388
1158,337,1495,0.1388
1166,335,1501,0.1388
1162,336,1498,0.1388
1152,336,1488,0.1388
1162,339,1501,0.1388
1164,338,1502,0.1388
1165,342,1507,0.1388
1163,335,1498,0.1388
1158,335,1493,0.1388
1164,337,1501,0.1388
1173,343,1516,0.1388
1151,344,1495,0.1388
1153,345,1498,0.1388
1154,342,1496,0.1388
1155,342,1497,0.1388
1164,344,1508,0.1388
1168,343,1511,0.1388
1157,343,1500,0.1388
1158,347,1505,0.1388
1145,342,1487,0.1388
1145,338,1483,0.1388
1152,345,1497,0.1388
1162,342,1504,0.1388
1164,340,1504,0.1388
1161,344,1505,0.1388
1150,340,1490,0.1388
1155,344,1499,0.1388
1154,339,1493,0.1388
1151,341,1492,0.1388
1158,341,1499,0.1388
1150,342,1492,0.1388
1149,347,1496,0.1388
1165,351,1516,0.1388
1158,349,1507,0.1388
1148,351,1499,0.1388
1141,351,1492,0.1388
1140,350,1490,0.1388
1152,351,1503,0.1388
1143,348,1491,0.1388
1146,346,1492,0.1388
1149,349,1498,0.1388
1158,350,1508,0.1388
1150,356,1506,0.1388
1141,353,1494,0.1388
1142,357,1499,0.1388
1149,354,1503,0.1388
1149,355,1504,0.1388
1152,354,1506,0.1388
1160,350,1510,0.1388
1162,353,1515,0.1388
1157,354,1511,0.1388
1152,349,1501,0.1388
1154,355,1509,0.1388
1144,357,1501,0.1388
1143,361,1504,0.1388
1138,359,1497,0.1388
1136,357,1493,0.1388
1151,364,1515,0.1388
1146,366,1512,0.1388
1149,358,1507,0.1388
1137,362,1499,0.1388
1140,367,1507,0.1388
1134,365,1499,0.1388
1141,365,1506,0.1388
1138,360,1498,0.1388
1136,356,1492,0.1388
1137,359,1496,0.1388
1138,362,1500,0.1388
1129,362,1491,0.1388
1131,361,1492,0.1388
1117,368,1485,0.1388
1129,370,1499,0.1388
1136,378,1514,0.1388
1132,380,1512,0.1388
1134,375,1509,0.1388
1124,372,1496,0.1388
1127,370,1497,0.1388
1130,370,1500,0.1388
1123,370,1493,0.1388
1113,372,1485,0.1388
1109,378,1487,0.1388
1124,378,1502,0.1388
1137,381,1518,0.1388
1128,393,1521,0.1388
1119,392,1511,0.1388
1108,392,1500,0.1388
1110,393,1503,0.1388
1098,391,1489,0.1388
1094,392,1486,0.1388
1087,393,1480,0.1388
1098,403,1501,0.1388
1093,404,1497,0.1388
1089,405,1494,0.1388
1084,404,1488,0.1388
1088,410,1498,0.1388
1086,407,1493,0.1388
1093,413,1506,0.1388
1106,409,1515,0.1388
1100,404,1504,0.1388
1089,400,1489,0.1388
1096,410,1506,0.1388
1100,405,1505,0.1388
1106,403,1509,0.1388
1087,407,1494,0.1388
1080,411,1491,0.1388
1082,411,1493,0.1388
1079,418,1497,0.1388
1066,420,1486,0.1388
1076,424,1500,0.1388
1082,420,1502,0.1388
1089,411,1500,0.1388
1086,417,1503,0.1388
1084,418,1502,0.1388
1066,422,1488,0.1388
1063,423,1486,0.1388
1055,429,1484,0.1388
1061,433,1494,0.1388
1068,432,1500,0.1388
1066,433,1499,0.1388
1057,431,1488,0.1388
1051,425,1476,0.1388
1045,426,1471,0.1388
1050,428,1478,0.1388
1055,431,1486,0.1388
1065,433,1498,0.1388
1063,443,1506,0.1388
1055,440,1495,0.1388
1056,444,1500,0.1388
1047,448,1495,0.1388
1047,447,1494,0.1388
1051,450,1501,0.1388
1047,446,1493,0.1388
1056,449,1505,0.1388
1059,451,1510,0.1388
1053,444,1497,0.1388
1056,447,1503,0.1388
1061,444,1505,0.1388
1048,453,1501,0.1388
1051,455,1506,0.1388
1046,453,1499,0.1388
1036,456,1492,0.1388
1036,456,1492,0.1388
1029,451,1480,0.1388
1030,455,1485,0.1388
1025,465,1490,0.1388
1018,463,1481,0.1388
1034,466,1500,0.1388
1033,464,1497,0.1388
1026,469,1495,0.1388
1033,472,1505,0.1388
1037,471,1508,0.1388
1033,479,1512,0.1388
1023,474,1497,0.1388
1022,474,1496,0.1388
1020,475,1495,0.1388
1019,467,1486,0.1388
1026,473,1499,0.1388
1006,463,1469,0.1388
1010,470,1480,0.1388
1010,478,1488,0.1388
1006,481,1487,0.1388
1019,476,1495,0.1388
1033,476,1509,0.1388
1031,482,1513,0.1388
1025,481,1506,0.1388
1020,481,1501,0.1388
1008,483,1491,0.1388
1023,486,1509,0.1388
1025,482,1507,0.1388
1023,488,1511,0.1388
1008,486,1494,0.1388
1012,490,1502,0.1388
1017,491,1508,0.1388
1006,481,1487,0.1388
996,485,1481,0.1388
1001,484,1485,0.1388
1002,489,1491,0.1388
997,495,1492,0.1388
995,490,1485,0.1388
992,488,1480,0.1388
994,488,1482,0.1388
983,494,1477,0.1388
978,498,1476,0.1388
988,510,1498,0.1388
987,520,1507,0.1388
982,528,1510,0.1388
980,530,1510,0.1388
984,533,1517,0.1388
982,535,1517,0.1388
982,526,1508,0.1388
969,529,1498,0.1388
965,526,1491,0.1388
973,530,1503,0.1388
975,535,1510,0.1388
966,534,1500,0.1388
967,538,1505,0.1388
967,539,1506,0.1388
974,538,1512,0.1388
971,538,1509,0.1388
970,538,1508,0.1388
975,544,1519,0.1388
974,542,1516,0.1388
976,542,1518,0.1388
971,539,1510,0.1388
966,544,1510,0.1388
959,547,1506,0.1388
951,552,1503,0.1388
950,556,1506,0.1388
947,554,1501,0.1388
957,550,1507,0.1388
945,553,1498,0.1388
938,549,1487,0.1388
944,553,1497,0.1388
931,555,1486,0.1388
932,563,1495,0.1388
923,570,1493,0.1388
925,574,1499,0.1388
924,578,1502,0.1388
926,581,1507,0.1388
928,584,1512,0.1388
918,580,1498,0.1388
919,589,1508,0.1388
915,581,1496,0.1388
916,580,1496,0.1388
914,583,1497,0.1388
917,581,1498,0.1388
914,592,1506,0.1388
920,596,1516,0.1388
919,593,1512,0.1388
914,586,1500,0.1388
912,587,1499,0.1388
912,591,1503,0.1388
913,592,1505,0.1388
914,589,1503,0.1388
920,595,1515,0.1388
907,595,1502,0.1388
900,596,1496,0.1388
905,599,1504,0.1388
903,596,1499,0.1388
897,594,1491,0.1388
899,587,1486,0.1388
898,587,1485,0.1388
893,587,1480,0.1388
888,584,1472,0.1388
891,588,1479,0.1388
887,591,1478,0.1388
890,586,1476,0.1388
899,585,1484,0.1388
910,588,1498,0.1388
904,585,1489,0.1388
914,601,1515,0.1388
903,598,1501,0.1388
905,592,1497,0.1388
902,597,1499,0.1388
898,599,1497,0.1388
908,597,1505,0.1388
912,599,1511,0.1388
921,590,1511,0.1388
919,582,1501,0.1388
929,584,1513,0.1388
926,586,1512,0.1388
927,583,1510,0.1388
925,580,1505,0.1388
925,579,1504,0.1388
911,592,1503,0.1388
919,590,1509,0.1388
914,592,1506,0.1388
920,588,1508,0.1388
916,591,1507,0.1388
901,598,1499,0.1388
908,601,1509,0.1388
896,604,1500,0.1388
891,597,1488,0.1388
895,599,1494,0.1388
885,597,1482,0.1388
874,601,1475,0.1388
881,613,1494,0.1388
883,614,1497,0.1388
893,607,1500,0.1388
887,606,1493,0.1388
895,607,1502,0.1388
896,616,1512,0.1388
899,610,1509,0.1388
893,605,1498,0.1388
898,604,1502,0.1388
901,608,1509,0.1388
900,607,1507,0.1388
899,603,1502,0.1388
892,604,1496,0.1388
899,601,1500,0.1388
896,610,1506,0.1388
899,623,1522,0.1388
897,624,1521,0.1388
903,622,1525,0.1388
896,619,1515,0.1388
893,624,1517,0.1388
885,620,1505,0.1388
887,619,1506,0.1388
877,613,1490,0.1388
886,615,1501,0.1388
889,611,1500,0.1388
901,615,1516,0.1388
905,616,1521,0.1388
891,606,1497,0.1388
893,611,1504,0.1388
896,609,1505,0.1388
891,619,1510,0.1388
886,624,1510,0.1388
886,623,1509,0.1388
889,615,1504,0.1388
891,605,1496,0.1388
884,605,1489,0.1388
874,614,1488,0.1388
870,612,1482,0.1388
877,619,1496,0.1388
875,619,1494,0.1388
879,620,1499,0.1388
875,627,1502,0.1388
884,622,1506,0.1388
869,617,1486,0.1388
868,616,1484,0.1388
866,621,1487,0.1388
874,619,1493,0.1388
884,621,1505,0.1388
875,632,1507,0.1388
884,625,1509,0.1388
875,631,1506,0.1388
880,632,1512,0.1388
874,633,1507,0.1388
873,642,1515,0.1388
861,631,1492,0.1388
864,634,1498,0.1388
870,642,1512,0.1388
856,642,1498,0.1388
858,646,1504,0.1388
862,655,1517,0.1388
853,657,1510,0.1388
849,653,1502,0.1388
841,647,1488,0.1388
836,653,1489,0.1388
835,664,1499,0.1388
837,660,1497,0.1388
826,659,1485,0.1388
827,656,1483,0.1388
832,658,1490,0.1388
837,658,1495,0.1388
840,651,1491,0.1388
848,649,1497,0.1388
845,662,1507,0.1388
845,667,1512,0.1388
834,666,1500,0.1388
824,666,1490,0.1388
827,670,1497,0.1388
840,671,1511,0.1388
834,672,1506,0.1388
836,669,1505,0.1388
845,671,1516,0.1388
847,663,1510,0.1388
844,663,1507,0.1388
848,666,1514,0.1388
846,662,1508,0.1388
842,664,1506,0.1388
840,660,1500,0.1388
840,667,1507,0.1388
837,668,1505,0.1388
835,665,1500,0.1388
839,676,1515,0.1388
836,665,1501,0.1388
850,663,1513,0.1388
846,661,1507,0.1388
849,665,1514,0.1388
855,660,1515,0.1388
856,666,1522,0.1388
858,663,1521,0.1388
847,669,1516,0.1388
850,668,1518,0.1388
854,660,1514,0.1388
861,665,1526,0.1388
859,669,1528,0.1388
843,670,1513,0.1388
842,674,1516,0.1388
840,676,1516,0.1388
832,682,1514,0.1388
823,691,1514,0.1388
814,685,1499,0.1388
807,689,1496,0.1388
818,686,1504,0.1388
824,692,1516,0.1388
816,685,1501,0.1388
823,684,1507,0.1388
821,691,1512,0.1388
825,688,1513,0.1388
824,689,1513,0.1388
827,685,1512,0.1388
822,685,1507,0.1388
821,688,1509,0.1388
817,694,1511,0.1388
816,694,1510,0.1388
816,693,1509,0.1388
815,690,1505,0.1388
811,690,1501,0.1388
807,694,1501,0.1388
810,694,1504,0.1388
814,700,1514,0.1388
801,706,1507,0.1388
791,705,1496,0.1388
788,713,1501,0.1388
783,703,1486,0.1388
784,702,1486,0.1388
785,706,1491,0.1388
792,717,1509,0.1388
784,728,1512,0.1388
786,722,1508,0.1388
792,718,1510,0.1388
796,719,1515,0.1388
797,714,1511,0.1388
796,721,1517,0.1388
793,725,1518,0.1388
784,724,1508,0.1388
783,724,1507,0.1388
790,731,1521,0.1388
785,737,1522,0.1388
784,728,1512,0.1388
788,721,1509,0.1388
783,721,1504,0.1388
781,733,1514,0.1388
781,731,1512,0.1388
784,725,1509,0.1388
773,731,1504,0.1388
768,733,1501,0.1388
769,736,1505,0.1388
775,736,1511,0.1388
771,721,1492,0.1388
775,729,1504,0.1388
772,730,1502,0.1388
765,728,1493,0.1388
769,739,1508,0.1388
758,735,1493,0.1388
761,727,1488,0.1388
764,732,1496,0.1388
764,727,1491,0.1388
753,744,1497,0.1388
752,742,1494,0.1388
749,751,1500,0.1388
750,755,1505,0.1388
748,755,1503,0.1388
739,757,1496,0.1388
755,762,1517,0.1388
756,760,1516,0.1388
743,759,1502,0.1388
734,746,1480,0.1388
740,757,1497,0.1388
746,762,1508,0.1388
747,744,1491,0.1388
752,752,1504,0.1388
749,751,1500,0.1388
754,752,1506,0.1388
753,756,1509,0.1388
755,764,1519,0.1388
756,760,1516,0.1388
746,749,1495,0.1388
750,755,1505,0.1388
754,758,1512,0.1388
758,743,1501,0.1388
751,744,1495,0.1388
745,753,1498,0.1388
743,759,1502,0.1388
730,761,1491,0.1388
732,770,1502,0.1388
736,769,1505,0.1388
729,770,1499,0.1388
730,772,1502,0.1388
734,770,1504,0.1388
740,773,1513,0.1388
736,774,1510,0.1388
729,781,1510,0.1388
727,780,1507,0.1388
732,779,1511,0.1388
732,775,1507,0.1388
734,769,1503,0.1388
739,776,1515,0.1388
731,789,1520,0.1388
725,788,1513,0.1388
731,777,1508,0.1388
733,774,1507,0.1388
724,780,1504,0.1388
726,785,1511,0.1388
720,779,1499,0.1388
723,780,1503,0.1388
722,778,1500,0.1388
729,780,1509,0.1388
725,780,1505,0.1388
720,779,1499,0.1388
720,788,1508,0.1388
716,788,1504,0.1388
719,796,1515,0.1388
715,792,1507,0.1388
718,799,1517,0.1388
723,800,1523,0.1388
713,798,1511,0.1388
708,802,1510,0.1388
712,790,1502,0.1388
706,792,1498,0.1388
706,800,1506,0.1388
706,808,1514,0.1388
712,809,1521,0.1388
709,802,1511,0.1388
713,795,1508,0.1388
719,798,1517,0.1388
722,798,1520,0.1388
712,795,1507,0.1388
712,804,1516,0.1388
706,810,1516,0.1388
704,821,1525,0.1388
694,820,1514,0.1388
694,814,1508,0.1388
688,806,1494,0.1388
690,801,1491,0.1388
683,813,1496,0.1388
687,817,1504,0.1388
688,820,1508,0.1388
693,814,1507,0.1388
694,808,1502,0.1388
696,826,1522,0.1388
698,828,1526,0.1388
682,823,1505,0.1388
680,814,1494,0.1388
675,822,1497,0.1388
677,818,1495,0.1388
683,815,1498,0.1388
683,813,1496,0.1388
679,823,1502,0.1388
677,815,1492,0.1388
680,818,1498,0.1388
680,820,1500,0.1388
683,819,1502,0.1388
684,818,1502,0.1388
690,828,1518,0.1388
694,827,1521,0.1388
692,825,1517,0.1388
685,820,1505,0.1388
681,826,1507,0.1388
675,828,1503,0.1388
675,820,1495,0.1388
671,834,1505,0.1388
675,839,1514,0.1388
667,830,1497,0.1388
662,836,1498,0.1388
665,823,1488,0.1388
675,821,1496,0.1388
676,825,1501,0.1388
679,833,1512,0.1388
680,843,1523,0.1388
684,838,1522,0.1388
681,840,1521,0.1388
676,840,1516,0.1388
666,844,1510,0.1388
667,845,1512,0.1388
667,852,1519,0.1388
658,855,1513,0.1388
665,842,1507,0.1388
669,846,1515,0.1388
664,844,1508,0.1388
661,841,1502,0.1388
657,851,1508,0.1388
656,860,1516,0.1388
654,861,1515,0.1388
653,859,1512,0.1388
640,865,1505,0.1388
638,866,1504,0.1388
635,878,1513,0.1388
637,880,1517,0.1388
629,874,1503,0.1388
634,875,1509,0.1388
630,874,1504,0.1388
623,882,1505,0.1388
616,884,1500,0.1388
610,891,1501,0.1388
620,900,1520,0.1388
617,885,1502,0.1388
618,885,1503,0.1388
620,882,1502,0.1388
622,881,1503,0.1388
627,879,1506,0.1388
625,884,1509,0.1388
621,878,1499,0.1388
633,874,1507,0.1388
625,876,1501,0.1388
627,878,1505,0.1388
634,884,1518,0.1388
636,891,1527,0.1388
632,901,1533,0.1388
636,895,1531,0.1388
622,897,1519,0.1388
622,885,1507,0.1388
615,895,1510,0.1388
617,898,1515,0.1388
620,894,1514,0.1388
609,899,1508,0.1388
607,889,1496,0.1388
613,888,1501,0.1388
607,886,1493,0.1388
613,884,1497,0.1388
601,887,1488,0.1388
605,879,1484,0.1388
605,887,1492,0.1388
601,890,1491,0.1388
603,898,1501,0.1388
602,906,1508,0.1388
599,907,1506,0.1388
603,898,1501,0.1388
602,894,1496,0.1388
606,901,1507,0.1388
614,901,1515,0.1388
607,895,1502,0.1388
602,899,1501,0.1388
606,891,1497,0.1388
610,907,1517,0.1388
604,904,1508,0.1388
606,908,1514,0.1388
610,909,1519,0.1388
607,905,1512,0.1388
607,912,1519,0.1388
605,912,1517,0.1388
599,907,1506,0.1388
601,908,1509,0.1388
598,911,1509,0.1388
591,915,1506,0.1388
592,915,1507,0.1388
587,915,1502,0.1388
584,921,1505,0.1388
587,922,1509,0.1388
588,924,1512,0.1388
588,932,1520,0.1388
575,922,1497,0.1388
584,922,1506,0.1388
585,934,1519,0.1388
577,937,1514,0.1388
581,942,1523,0.1388
577,934,1511,0.1388
577,932,1509,0.1388
581,936,1517,0.1388
581,934,1515,0.1388
581,926,1507,0.1388
582,927,1509,0.1388
577,924,1501,0.1388
570,912,1482,0.1388
568,918,1486,0.1388
569,924,1493,0.1388
570,937,1507,0.1388
575,937,1512,0.1388
569,939,1508,0.1388
578,937,1515,0.1388
585,932,1517,0.1388
577,931,1508,0.1388
575,927,1502,0.1388
576,922,1498,0.1388
583,926,1509,0.1388
578,931,1509,0.1388
570,929,1499,0.1388
567,923,1490,0.1388
568,929,1497,0.1388
565,924,1489,0.1388
563,933,1496,0.1388
564,927,1491,0.1388
563,935,1498,0.1388
558,937,1495,0.1388
560,938,1498,0.1388
569,939,1508,0.1388
562,939,1501,0.1388
565,944,1509,0.1388
561,937,1498,0.1388
558,943,1501,0.1388
556,939,1495,0.1388
553,952,1505,0.1388
554,945,1499,0.1388
564,948,1512,0.1388
561,945,1506,0.1388
560,948,1508,0.1388
563,947,1510,0.1388
557,951,1508,0.1388
565,957,1522,0.1388
567,950,1517,0.1388
567,952,1519,0.1388
568,946,1514,0.1388
565,940,1505,0.1388
562,951,1513,0.1388
556,949,1505,0.1388
560,956,1516,0.1388
556,953,1509,0.1388
558,957,1515,0.1388
561,957,1518,0.1388
557,960,1517,0.1388
550,958,1508,0.1388
551,954,1505,0.1388
561,959,1520,0.1388
562,953,1515,0.1388
560,961,1521,0.1388
557,966,1523,0.1388
553,969,1522,0.1388
550,975,1525,0.1388
548,958,1506,0.1388
538,962,1500,0.1388
549,963,1512,0.1388
554,964,1518,0.1388
543,968,1511,0.1388
540,973,1513,0.1388
539,970,1509,0.1388
544,979,1523,0.1388
541,970,1511,0.1388
536,966,1502,0.1388
531,963,1494,0.1388
532,973,1505,0.1388
540,974,1514,0.1388
542,962,1504,0.1388
545,963,1508,0.1388
539,959,1498,0.1388
552,961,1513,0.1388
554,973,1527,0.1388
544,976,1520,0.1388
540,981,1521,0.1388
536,985,1521,0.1388
536,990,1526,0.1388
536,999,1535,0.1388
538,999,1537,0.1388
535,990,1525,0.1388
530,991,1521,0.1388
524,1000,1524,0.1388
523,1000,1523,0.1388
528,988,1516,0.1388
531,981,1512,0.1388
523,975,1498,0.1388
523,980,1503,0.1388
523,970,1493,0.1388
521,973,1494,0.1388
524,975,1499,0.1388
529,981,1510,0.1388
530,982,1512,0.1388
533,978,1511,0.1388
526,977,1503,0.1388
521,993,1514,0.1388
533,992,1525,0.1388
524,993,1517,0.1388
517,987,1504,0.1388
520,997,1517,0.1388
524,993,1517,0.1388
520,997,1517,0.1388
516,1006,1522,0.1388
516,1007,1523,0.1388
514,1003,1517,0.1388
515,1004,1519,0.1388
510,1002,1512,0.1388
510,1010,1520,0.1388
515,1003,1518,0.1388
511,1010,1521,0.1388
515,1008,1523,0.1388
514,1005,1519,0.1388
508,1005,1513,0.1388
497,1017,1514,0.1388
493,1011,1504,0.1388
495,1010,1505,0.1388
502,1004,1506,0.1388
505,1006,1511,0.1388
512,1005,1517,0.1388
501,1014,1515,0.1388
493,1015,1508,0.1388
490,1002,1492,0.1388
482,1015,1497,0.1388
494,1015,1509,0.1388
494,1023,1517,0.1388
495,1027,1522,0.1388
490,1031,1521,0.1388
478,1037,1515,0.1388
482,1036,1518,0.1388
473,1033,1506,0.1388
476,1026,1502,0.1388
478,1032,1510,0.1388
474,1029,1503,0.1388
474,1013,1487,0.1388
473,1021,1494,0.1388
476,1026,1502,0.1388
482,1022,1504,0.1388
482,1022,1504,0.1388
490,1029,1519,0.1388
494,1034,1528,0.1388
492,1032,1524,0.1388
487,1035,1522,0.1388
486,1026,1512,0.1388
481,1037,1518,0.1388
475,1030,1505,0.1388
474,1027,1501,0.1388
468,1037,1505,0.1388
471,1033,1504,0.1388
471,1042,1513,0.1388
470,1046,1516,0.1388
472,1041,1513,0.1388
472,1037,1509,0.1388
462,1052,1514,0.1388
462,1053,1515,0.1388
459,1042,1501,0.1388
458,1049,1507,0.1388
446,1056,1502,0.1388
450,1065,1515,0.1388
445,1071,1516,0.1388
444,1064,1508,0.1388
450,1069,1519,0.1388
443,1061,1504,0.1388
441,1065,1506,0.1388
441,1068,1509,0.1388
445,1064,1509,0.1388
442,1069,1511,0.1388
438,1063,1501,0.1388
444,1069,1513,0.1388
445,1062,1507,0.1388
442,1060,1502,0.1388
443,1070,1513,0.1388
434,1081,1515,0.1388
429,1083,1512,0.1388
422,1078,1500,0.1388
423,1088,1511,0.1388
423,1086,1509,0.1388
422,1098,1520,0.1388
416,1103,1519,0.1388
416,1095,1511,0.1388
420,1105,1525,0.1388
426,1101,1527,0.1388
419,1105,1524,0.1388
416,1102,1518,0.1388
419,1099,1518,0.1388
416,1106,1522,0.1388
415,1104,1519,0.1388
416,1101,1517,0.1388
406,1108,1514,0.1388
403,1101,1504,0.1388
407,1100,1507,0.1388
403,1108,1511,0.1388
402,1112,1514,0.1388
404,1106,1510,0.1388
405,1109,1514,0.1388
410,1099,1509,0.1388
410,1105,1515,0.1388
404,1097,1501,0.1388
404,1106,1510,0.1388
403,1114,1517,0.1388
402,1113,1515,0.1388
393,1126,1519,0.1388
388,1126,1514,0.1388
388,1125,1513,0.1388
394,1120,1514,0.1388
396,1124,1520,0.1388
391,1129,1520,0.1388
394,1128,1522,0.1388
396,1124,1520,0.1388
391,1119,1510,0.1388
397,1124,1521,0.1388
397,1130,1527,0.1388
392,1132,1524,0.1388
397,1139,1536,0.1388
401,1126,1527,0.1388
399,1125,1524,0.1388
401,1117,1518,0.1388
401,1118,1519,0.1388
400,1115,1515,0.1388
402,1118,1520,0.1388
398,1126,1524,0.1388
388,1115,1503,0.1388
387,1106,1493,0.1388
384,1113,1497,0.1388
384,1117,1501,0.1388
385,1130,1515,0.1388
387,1131,1518,0.1388
390,1129,1519,0.1388
388,1128,1516,0.1388
385,1119,1504,0.1388
388,1122,1510,0.1388
374,1117,1491,0.1388
375,1127,1502,0.1388
373,1128,1501,0.1388
367,1120,1487,0.1388
375,1129,1504,0.1388
375,1130,1505,0.1388
381,1125,1506,0.1388
379,1140,1519,0.1388
379,1146,1525,0.1388
380,1144,1524,0.1388
379,1143,1522,0.1388
376,1149,1525,0.1388
377,1149,1526,0.1388
371,1150,1521,0.1388
359,1137,1496,0.1388
360,1136,1496,0.1388
356,1153,1509,0.1388
354,1141,1495,0.1388
353,1139,1492,0.1388
348,1150,1498,0.1388
352,1140,1492,0.1388
355,1146,1501,0.1388
350,1144,1494,0.1388
349,1155,1504,0.1388
344,1154,1498,0.1388
348,1157,1505,0.1388
348,1161,1509,0.1388
348,1170,1518,0.1388
345,1169,1514,0.1388
337,1172,1509,0.1388
338,1185,1523,0.1388
334,1175,1509,0.1388
334,1174,1508,0.1388
336,1184,1520,0.1388
332,1178,1510,0.1388
325,1191,1516,0.1388
323,1196,1519,0.1388
321,1194,1515,0.1388
317,1183,1500,0.1388
324,1190,1514,0.1388
321,1174,1495,0.1388
324,1186,1510,0.1388
323,1201,1524,0.1388
317,1199,1516,0.1388
321,1202,1523,0.1388
323,1200,1523,0.1388
318,1184,1502,0.1388
316,1190,1506,0.1388
314,1195,1509,0.1388
316,1192,1508,0.1388
316,1181,1497,0.1388
321,1180,1501,0.1388
323,1185,1508,0.1388
326,1181,1507,0.1388
325,1186,1511,0.1388
328,1187,1515,0.1388
326,1185,1511,0.1388
326,1185,1511,0.1388
325,1187,1512,0.1388
317,1190,1507,0.1388
315,1175,1490,0.1388
311,1167,1478,0.1388
312,1180,1492,0.1388
314,1176,1490,0.1388
308,1192,1500,0.1388
310,1198,1508,0.1388
312,1193,1505,0.1388
313,1202,1515,0.1388
310,1204,1514,0.1388
311,1189,1500,0.1388
316,1174,1490,0.1388
316,1177,1493,0.1388
315,1191,1506,0.1388
320,1177,1497,0.1388
321,1186,1507,0.1388
318,1189,1507,0.1388
319,1176,1495,0.1388
319,1186,1505,0.1388
312,1196,1508,0.1388
310,1194,1504,0.1388
310,1189,1499,0.1388
300,1187,1487,0.1388
301,1184,1485,0.1388
300,1195,1495,0.1388
305,1208,1513,0.1388
304,1202,1506,0.1388
307,1206,1513,0.1388
315,1209,1524,0.1388
312,1202,1514,0.1388
312,1203,1515,0.1388
314,1212,1526,0.1388
313,1189,1502,0.1388
311,1193,1504,0.1388
311,1204,1515,0.1388
321,1198,1519,0.1388
311,1212,1523,0.1388
312,1205,1517,0.1388
315,1220,1535,0.1388
313,1225,1538,0.1388
304,1214,1518,0.1388
308,1210,1518,0.1388
312,1209,1521,0.1388
305,1210,1515,0.1388
308,1208,1516,0.1388
308,1202,1510,0.1388
303,1211,1514,0.1388
302,1214,1516,0.1388
295,1213,1508,0.1388
297,1216,1513,0.1388
296,1218,1514,0.1388
296,1222,1518,0.1388
302,1223,1525,0.1388
295,1215,1510,0.1388
297,1209,1506,0.1388
290,1205,1495,0.1388
293,1208,1501,0.1388
294,1201,1495,0.1388
295,1206,1501,0.1388
292,1209,1501,0.1388
297,1210,1507,0.1388
295,1208,1503,0.1388
293,1207,1500,0.1388
293,1220,1513,0.1388
294,1220,1514,0.1388
291,1221,1512,0.1388
290,1208,1498,0.1388
288,1215,1503,0.1388
292,1221,1513,0.1388
290,1237,1527,0.1388
289,1244,1533,0.1388
291,1245,1536,0.1388
288,1245,1533,0.1388
277,1254,1531,0.1388
273,1252,1525,0.1388
265,1247,1512,0.1388
267,1235,1502,0.1388
270,1239,1509,0.1388
269,1242,1511,0.1388
265,1241,1506,0.1388
267,1247,1514,0.1388
261,1234,1495,0.1388
265,1247,1512,0.1388
261,1253,1514,0.1388
263,1264,1527,0.1388
265,1256,1521,0.1388
263,1259,1522,0.1388
264,1260,1524,0.1388
261,1255,1516,0.1388
258,1258,1516,0.1388
256,1258,1514,0.1388
258,1252,1510,0.1388
260,1260,1520,0.1388
264,1271,1535,0.1388
262,1266,1528,0.1388
257,1257,1514,0.1388
258,1249,1507,0.1388
255,1256,1511,0.1388
260,1266,1526,0.1388
258,1270,1528,0.1388
250,1265,1515,0.1388
256,1268,1524,0.1388
253,1270,1523,0.1388
250,1261,1511,0.1388
251,1267,1518,0.1388
250,1268,1518,0.1388
250,1270,1520,0.1388
248,1264,1512,0.1388
249,1258,1507,0.1388
246,1263,1509,0.1388
243,1257,1500,0.1388
239,1271,1510,0.1388
241,1274,1515,0.1388
240,1287,1527,0.1388
238,1281,1519,0.1388
246,1271,1517,0.1388
241,1266,1507,0.1388
241,1268,1509,0.1388
245,1268,1513,0.1388
248,1273,1521,0.1388
243,1270,1513,0.1388
245,1276,1521,0.1388
241,1272,1513,0.1388
239,1281,1520,0.1388
235,1283,1518,0.1388
240,1277,1517,0.1388
242,1280,1522,0.1388
242,1273,1515,0.1388
241,1273,1514,0.1388
240,1276,1516,0.1388
239,1279,1518,0.1388
240,1272,1512,0.1388
236,1276,1512,0.1388
235,1286,1521,0.1388
230,1272,1502,0.1388
233,1280,1513,0.1388
235,1275,1510,0.1388
233,1271,1504,0.1388
229,1276,1505,0.1388
229,1288,1517,0.1388
236,1275,1511,0.1388
239,1278,1517,0.1388
237,1284,1521,0.1388
235,1278,1513,0.1388
236,1286,1522,0.1388
242,1288,1530,0.1388
238,1280,1518,0.1388
241,1285,1526,0.1388
248,1281,1529,0.1388
244,1281,1525,0.1388
238,1277,1515,0.1388
238,1285,1523,0.1388
237,1277,1514,0.1388
233,1283,1516,0.1388
233,1277,1510,0.1388
236,1283,1519,0.1388
235,1277,1512,0.1388
241,1281,1522,0.1388
243,1293,1536,0.1388
240,1292,1532,0.1388
240,1289,1529,0.1388
235,1288,1523,0.1388
233,1284,1517,0.1388
234,1276,1510,0.1388
234,1268,1502,0.1388
236,1270,1506,0.1388
236,1267,1503,0.1388
237,1270,1507,0.1388
239,1270,1509,0.1388
238,1266,1504,0.1388
236,1275,1511,0.1388
231,1273,1504,0.1388
235,1280,1515,0.1388
233,1276,1509,0.1388
230,1270,1500,0.1388
227,1273,1500,0.1388
227,1283,1510,0.1388
228,1287,1515,0.1388
232,1283,1515,0.1388
229,1278,1507,0.1388
230,1283,1513,0.1388
229,1279,1508,0.1388
232,1282,1514,0.1388
231,1279,1510,0.1388
230,1284,1514,0.1388
230,1298,1528,0.1388
227,1292,1519,0.1388
232,1280,1512,0.1388
233,1291,1524,0.1388
232,1298,1530,0.1388
231,1303,1534,0.1388
231,1291,1522,0.1388
232,1289,1521,0.1388
228,1301,1529,0.1388
224,1298,1522,0.1388
219,1294,1513,0.1388
222,1303,1525,0.1388
217,1308,1525,0.1388
220,1298,1518,0.1388
222,1302,1524,0.1388
218,1299,1517,0.1388
214,1299,1513,0.1388
216,1281,1497,0.1388
216,1270,1486,0.1388
219,1288,1507,0.1388
220,1291,1511,0.1388
223,1300,1523,0.1388
216,1295,1511,0.1388
221,1293,1514,0.1388
221,1298,1519,0.1388
216,1281,1497,0.1388
221,1294,1515,0.1388
220,1305,1525,0.1388
215,1302,1517,0.1388
216,1310,1526,0.1388
219,1307,1526,0.1388
218,1301,1519,0.1388
219,1298,1517,0.1388
217,1299,1516,0.1388
214,1300,1514,0.1388
216,1301,1517,0.1388
220,1289,1509,0.1388
224,1297,1521,0.1388
224,1301,1525,0.1388
229,1281,1510,0.1388
228,1279,1507,0.1388
226,1275,1501,0.1388
226,1273,1499,0.1388
219,1278,1497,0.1388
224,1293,1517,0.1388
221,1293,1514,0.1388
227,1287,1514,0.1388
228,1293,1521,0.1388
227,1289,1516,0.1388
226,1292,1518,0.1388
225,1298,1523,0.1388
216,1306,1522,0.1388
212,1300,1512,0.1388
214,1307,1521,0.1388
216,1298,1514,0.1388
214,1299,1513,0.1388
215,1290,1505,0.1388
203,1296,1499,0.1388
209,1285,1494,0.1388
212,1285,1497,0.1388
216,1295,1511,0.1388
211,1288,1499,0.1388
216,1297,1513,0.1388
225,1299,1524,0.1388
220,1290,1510,0.1388
219,1286,1505,0.1388
219,1279,1498,0.1388
222,1294,1516,0.1388
224,1296,1520,0.1388
221,1287,1508,0.1388
220,1284,1504,0.1388
218,1286,1504,0.1388
220,1291,1511,0.1388
220,1305,1525,0.1388
220,1315,1535,0.1388
220,1304,1524,0.1388
222,1298,1520,0.1388
223,1310,1533,0.1388
222,1322,1544,0.1388
221,1311,1532,0.1388
220,1314,1534,0.1388
216,1304,1520,0.1388
217,1309,1526,0.1388
218,1301,1519,0.1388
219,1297,1516,0.1388
214,1298,1512,0.1388
217,1295,1512,0.1388
212,1297,1509,0.1388
213,1296,1509,0.1388
209,1297,1506,0.1388
206,1297,1503,0.1388
207,1295,1502,0.1388
208,1291,1499,0.1388
204,1296,1500,0.1388
211,1285,1496,0.1388
215,1281,1496,0.1388
213,1282,1495,0.1388
211,1303,1514,0.1388
209,1310,1519,0.1388
208,1309,1517,0.1388
210,1318,1528,0.1388
208,1321,1529,0.1388
209,1324,1533,0.1388
206,1326,1532,0.1388
205,1327,1532,0.1388
202,1317,1519,0.1388
198,1310,1508,0.1388
199,1307,1506,0.1388
202,1299,1501,0.1388
205,1306,1511,0.1388
199,1313,1512,0.1388
200,1301,1501,0.1388
199,1321,1520,0.1388
201,1305,1506,0.1388
201,1316,1517,0.1388
203,1318,1521,0.1388
202,1320,1522,0.1388
199,1317,1516,0.1388
198,1316,1514,0.1388
199,1330,1529,0.1388
194,1326,1520,0.1388
194,1314,1508,0.1388
196,1319,1515,0.1388
196,1314,1510,0.1388
196,1313,1509,0.1388
196,1322,1518,0.1388
195,1314,1509,0.1388
197,1304,1501,0.1388
194,1322,1516,0.1388
193,1315,1508,0.1388
193,1304,1497,0.1388
193,1300,1493,0.1388
191,1299,1490,0.1388
196,1307,1503,0.1388
191,1317,1508,0.1388
187,1324,1511,0.1388
187,1315,1502,0.1388
189,1315,1504,0.1388
189,1321,1510,0.1388
193,1315,1508,0.1388
196,1332,1528,0.1388
191,1332,1523,0.1388
189,1321,1510,0.1388
185,1314,1499,0.1388
184,1334,1518,0.1388
185,1343,1528,0.1388
182,1332,1514,0.1388
183,1342,1525,0.1388
185,1349,1534,0.1388
185,1326,1511,0.1388
181,1341,1522,0.1388
181,1345,1526,0.1388
183,1338,1521,0.1388
185,1336,1521,0.1388
180,1340,1520,0.1388
174,1341,1515,0.1388
177,1345,1522,0.1388
175,1335,1510,0.1388
176,1332,1508,0.1388
172,1335,1507,0.1388
169,1343,1512,0.1388
173,1341,1514,0.1388
179,1332,1511,0.1388
177,1339,1516,0.1388
174,1346,1520,0.1388
177,1351,1528,0.1388
177,1349,1526,0.1388
173,1342,1515,0.1388
169,1340,1509,0.1388
168,1336,1504,0.1388
170,1343,1513,0.1388
175,1348,1523,0.1388
180,1339,1519,0.1388
177,1349,1526,0.1388
180,1346,1526,0.1388
176,1343,1519,0.1388
174,1344,1518,0.1388
169,1341,1510,0.1388
165,1339,1504,0.1388
166,1341,1507,0.1388
165,1345,1510,0.1388
165,1352,1517,0.1388
164,1349,1513,0.1388
165,1343,1508,0.1388
167,1351,1518,0.1388
164,1348,1512,0.1388
163,1348,1511,0.1388
165,1354,1519,0.1388
158,1365,1523,0.1388
160,1356,1516,0.1388
156,1362,1518,0.1388
155,1360,1515,0.1388
155,1357,1512,0.1388
158,1359,1517,0.1388
158,1356,1514,0.1388
158,1359,1517,0.1388
154,1368,1522,0.1388
155,1370,1525,0.1388
158,1366,1524,0.1388
156,1369,1525,0.1388
152,1362,1514,0.1388
150,1362,1512,0.1388
147,1359,1506,0.1388
144,1363,1507,0.1388
140,1366,1506,0.1388
142,1358,1500,0.1388
145,1372,1517,0.1388
150,1362,1512,0.1388
148,1361,1509,0.1388
145,1366,1511,0.1388
144,1359,1503,0.1388
144,1367,1511,0.1388
145,1367,1512,0.1388
147,1374,1521,0.1388
150,1363,1513,0.1388
150,1359,1509,0.1388
152,1345,1497,0.1388
149,1352,1501,0.1388
152,1352,1504,0.1388
151,1355,1506,0.1388
152,1372,1524,0.1388
155,1361,1516,0.1388
153,1361,1514,0.1388
154,1357,1511,0.1388
150,1354,1504,0.1388
151,1359,1510,0.1388
156,1354,1510,0.1388
151,1365,1516,0.1388
150,1369,1519,0.1388
148,1372,1520,0.1388
147,1368,1515,0.1388
147,1377,1524,0.1388
148,1365,1513,0.1388
151,1375,1526,0.1388
156,1374,1530,0.1388
153,1374,1527,0.1388
155,1366,1521,0.1388
151,1378,1529,0.1388
150,1366,1516,0.1388
149,1355,1504,0.1388
151,1352,1503,0.1388
150,1354,1504,0.1388
156,1366,1522,0.1388
160,1349,1509,0.1388
159,1352,1511,0.1388
159,1357,1516,0.1388
159,1358,1517,0.1388
158,1365,1523,0.1388
156,1356,1512,0.1388
156,1355,1511,0.1388
158,1355,1513,0.1388
160,1359,1519,0.1388
156,1356,1512,0.1388
154,1365,1519,0.1388
153,1362,1515,0.1388
153,1370,1523,0.1388
147,1380,1527,0.1388
149,1368,1517,0.1388
149,1375,1524,0.1388
147,1367,1514,0.1388
147,1370,1517,0.1388
143,1385,1528,0.1388
145,1391,1536,0.1388
142,1379,1521,0.1388
142,1375,1517,0.1388
139,1375,1514,0.1388
141,1382,1523,0.1388
137,1379,1516,0.1388
133,1380,1513,0.1388
135,1372,1507,0.1388
132,1384,1516,0.1388
133,1377,1510,0.1388
134,1377,1511,0.1388
131,1369,1500,0.1388
130,1378,1508,0.1388
132,1386,1518,0.1388
133,1376,1509,0.1388
134,1386,1520,0.1388
130,1383,1513,0.1388
132,1383,1515,0.1388
130,1377,1507,0.1388
128,1400,1528,0.1388
127,1384,1511,0.1388
125,1387,1512,0.1388
122,1376,1498,0.1388
123,1393,1516,0.1388
124,1383,1507,0.1388
124,1393,1517,0.1388
124,1401,1525,0.1388
124,1410,1534,0.1388
125,1404,1529,0.1388
123,1405,1528,0.1388
123,1382,1505,0.1388
121,1384,1505,0.1388
117,1400,1517,0.1388
116,1398,1514,0.1388
115,1415,1530,0.1388
116,1407,1523,0.1388
116,1404,1520,0.1388
110,1406,1516,0.1388
111,1396,1507,0.1388
107,1405,1512,0.1388
106,1406,1512,0.1388
105,1418,1523,0.1388
104,1420,1524,0.1388
98,1423,1521,0.1388
99,1412,1511,0.1388
97,1415,1512,0.1388
97,1422,1519,0.1388
99,1429,1528,0.1388
98,1425,1523,0.1388
99,1420,1519,0.1388
98,1425,1523,0.1388
101,1426,1527,0.1388
97,1419,1516,0.1388
93,1424,1517,0.1388
91,1423,1514,0.1388
93,1408,1501,0.1388
98,1414,1512,0.1388
97,1410,1507,0.1388
99,1406,1505,0.1388
98,1410,1508,0.1388
99,1422,1521,0.1388
97,1428,1525,0.1388
96,1417,1513,0.1388
97,1428,1525,0.1388
101,1419,1520,0.1388
101,1427,1528,0.1388
101,1428,1529,0.1388
99,1426,1525,0.1388
100,1416,1516,0.1388
99,1420,1519,0.1388
101,1428,1529,0.1388
100,1426,1526,0.1388
101,1429,1530,0.1388
100,1429,1529,0.1388
100,1421,1521,0.1388
99,1426,1525,0.1388
99,1423,1522,0.1388
99,1431,1530,0.1388
100,1432,1532,0.1388
100,1432,1532,0.1388
102,1431,1533,0.1388
100,1429,1529,0.1388
98,1405,1503,0.1388
99,1419,1518,0.1388
100,1416,1516,0.1388
98,1416,1514,0.1388
97,1421,1518,0.1388
92,1412,1504,0.1388
91,1416,1507,0.1388
91,1418,1509,0.1388
92,1411,1503,0.1388
91,1428,1519,0.1388
91,1428,1519,0.1388
88,1422,1510,0.1388
91,1427,1518,0.1388
89,1423,1512,0.1388
90,1426,1516,0.1388
88,1424,1512,0.1388
87,1421,1508,0.1388
86,1432,1518,0.1388
87,1424,1511,0.1388
88,1426,1514,0.1388
82,1434,1516,0.1388
77,1437,1514,0.1388
77,1434,1511,0.1388
75,1425,1500,0.1388
73,1422,1495,0.1388
74,1417,1491,0.1388
79,1426,1505,0.1388
80,1446,1526,0.1388
81,1442,1523,0.1388
83,1436,1519,0.1388
82,1442,1524,0.1388
81,1437,1518,0.1388
84,1424,1508,0.1388
81,1417,1498,0.1388
76,1438,1514,0.1388
74,1454,1528,0.1388
76,1433,1509,0.1388
75,1442,1517,0.1388
79,1439,1518,0.1388
82,1451,1533,0.1388
76,1440,1516,0.1388
78,1440,1518,0.1388
81,1438,1519,0.1388
82,1438,1520,0.1388
83,1430,1513,0.1388
80,1420,1500,0.1388
81,1433,1514,0.1388
80,1429,1509,0.1388
81,1431,1512,0.1388
81,1432,1513,0.1388
78,1436,1514,0.1388
78,1428,1506,0.1388
75,1434,1509,0.1388
78,1435,1513,0.1388
78,1443,1521,0.1388
79,1438,1517,0.1388
77,1435,1512,0.1388
75,1431,1506,0.1388
71,1442,1513,0.1388
70,1443,1513,0.1388
69,1449,1518,0.1388
70,1451,1521,0.1388
69,1442,1511,0.1388
69,1448,1517,0.1388
68,1450,1518,0.1388
69,1445,1514,0.1388
71,1445,1516,0.1388
69,1439,1508,0.1388
68,1447,1515,0.1388
67,1441,1508,0.1388
67,1441,1508,0.1388
66,1444,1510,0.1388
65,1453,1518,0.1388
64,1458,1522,0.1388
62,1460,1522,0.1388
62,1455,1517,0.1388
60,1452,1512,0.1388
59,1446,1505,0.1388
53,1458,1511,0.1388
51,1460,1511,0.1388
52,1464,1516,0.1388
55,1461,1516,0.1388
56,1466,1522,0.1388
56,1467,1523,0.1388
56,1462,1518,0.1388
59,1460,1519,0.1388
56,1462,1518,0.1388
60,1455,1515,0.1388
63,1460,1523,0.1388
61,1466,1527,0.1388
59,1475,1534,0.1388
59,1473,1532,0.1388
61,1466,1527,0.1388
62,1469,1531,0.1388
63,1457,1520,0.1388
63,1456,1519,0.1388
62,1470,1532,0.1388
64,1458,1522,0.1388
66,1458,1524,0.1388
65,1448,1513,0.1388
68,1455,1523,0.1388
68,1450,1518,0.1388
67,1435,1502,0.1388
67,1448,1515,0.1388
65,1457,1522,0.1388
63,1466,1529,0.1388
64,1460,1524,0.1388
64,1448,1512,0.1388
61,1442,1503,0.1388
63,1445,1508,0.1388
62,1439,1501,0.1388
59,1448,1507,0.1388
60,1454,1514,0.1388
59,1463,1522,0.1388
55,1462,1517,0.1388
55,1454,1509,0.1388
53,1465,1518,0.1388
53,1458,1511,0.1388
53,1471,1524,0.1388
54,1464,1518,0.1388
56,1468,1524,0.1388
55,1474,1529,0.1388
53,1480,1533,0.1388
51,1457,1508,0.1388
49,1449,1498,0.1388
49,1447,1496,0.1388
52,1458,1510,0.1388
50,1468,1518,0.1388
50,1470,1520,0.1388
54,1466,1520,0.1388
55,1458,1513,0.1388
55,1448,1503,0.1388
57,1459,1516,0.1388
56,1449,1505,0.1388
53,1445,1498,0.1388
55,1456,1511,0.1388
53,1456,1509,0.1388
52,1457,1509,0.1388
53,1453,1506,0.1388
51,1458,1509,0.1388
51,1466,1517,0.1388
51,1481,1532,0.1388
50,1481,1531,0.1388
49,1488,1537,0.1388
49,1477,1526,0.1388
48,1475,1523,0.1388
48,1473,1521,0.1388
47,1470,1517,0.1388
47,1467,1514,0.1388
48,1475,1523,0.1388
49,1483,1532,0.1388
48,1479,1527,0.1388
47,1482,1529,0.1388
46,1481,1527,0.1388
45,1475,1520,0.1388
44,1479,1523,0.1388
45,1474,1519,0.1388
46,1474,1520,0.1388
45,1465,1510,0.1388
45,1453,1498,0.1388
46,1457,1503,0.1388
45,1459,1504,0.1388
43,1475,1518,0.1388
41,1477,1518,0.1388
40,1475,1515,0.1388
39,1469,1508,0.1388
40,1480,1520,0.1388
41,1481,1522,0.1388
41,1471,1512,0.1388
40,1475,1515,0.1388
39,1468,1507,0.1388
39,1465,1504,0.1388
39,1483,1522,0.1388
39,1478,1517,0.1388
38,1472,1510,0.1388
37,1473,1510,0.1388
36,1476,1512,0.1388
36,1484,1520,0.1388
34,1478,1512,0.1388
37,1463,1500,0.1388
36,1476,1512,0.1388
37,1479,1516,0.1388
36,1476,1512,0.1388
37,1474,1511,0.1388
37,1483,1520,0.1388
38,1485,1523,0.1388
37,1495,1532,0.1388
37,1483,1520,0.1388
37,1485,1522,0.1388
37,1490,1527,0.1388
37,1491,1528,0.1388
36,1495,1531,0.1388
36,1498,1534,0.1388
35,1483,1518,0.1388
34,1475,1509,0.1388
34,1480,1514,0.1388
35,1476,1511,0.1388
35,1481,1516,0.1388
34,1489,1523,0.1388
33,1480,1513,0.1388
35,1479,1514,0.1388
35,1471,1506,0.1388
35,1474,1509,0.1388
36,1466,1502,0.1388
37,1469,1506,0.1388
34,1480,1514,0.1388
33,1475,1508,0.1388
32,1476,1508,0.1388
32,1481,1513,0.1388
32,1476,1508,0.1388
32,1467,1499,0.1388
35,1485,1520,0.1388
35,1478,1513,0.1388
35,1473,1508,0.1388
35,1464,1499,0.1388
34,1459,1493,0.1388
36,1470,1506,0.1388
34,1478,1512,0.1388
33,1462,1495,0.1388
33,1472,1505,0.1388
32,1476,1508,0.1388
32,1489,1521,0.1388
33,1489,1522,0.1388
34,1489,1523,0.1388
36,1487,1523,0.1388
37,1471,1508,0.1388
37,1479,1516,0.1388
38,1479,1517,0.1388
38,1475,1513,0.1388
39,1471,1510,0.1388
36,1464,1500,0.1388
38,1456,1494,0.1388
38,1459,1497,0.1388
38,1459,1497,0.1388
41,1468,1509,0.1388
40,1485,1525,0.1388
40,1482,1522,0.1388
41,1462,1503,0.1388
40,1472,1512,0.1388
39,1464,1503,0.1388
39,1471,1510,0.1388
38,1464,1502,0.1388
35,1463,1498,0.1388
37,1471,1508,0.1388
37,1473,1510,0.1388
38,1474,1512,0.1388
38,1480,1518,0.1388
39,1480,1519,0.1388
40,1484,1524,0.1388
40,1479,1519,0.1388
40,1476,1516,0.1388
40,1467,1507,0.1388
39,1470,1509,0.1388
39,1470,1509,0.1388
40,1464,1504,0.1388
40,1467,1507,0.1388
42,1475,1517,0.1388
42,1469,1511,0.1388
42,1469,1511,0.1388
42,1482,1524,0.1388
42,1478,1520,0.1388
42,1484,1526,0.1388
43,1482,1525,0.1388
41,1469,1510,0.1388
41,1474,1515,0.1388
42,1475,1517,0.1388
44,1473,1517,0.1388
41,1479,1520,0.1388
41,1486,1527,0.1388
39,1491,1530,0.1388
42,1488,1530,0.1388
44,1491,1535,0.1388
44,1483,1527,0.1388
43,1475,1518,0.1388
40,1462,1502,0.1388
40,1453,1493,0.1388
39,1468,1507,0.1388
37,1476,1513,0.1388
38,1467,1505,0.1388
38,1464,1502,0.1388
38,1477,1515,0.1388
38,1488,1526,0.1388
37,1481,1518,0.1388
38,1482,1520,0.1388
38,1473,1511,0.1388
38,1472,1510,0.1388
39,1468,1507,0.1388
40,1475,1515,0.1388
35,1477,1512,0.1388
35,1498,1533,0.1388
35,1498,1533,0.1388
35,1484,1519,0.1388
35,1490,1525,0.1388
37,1487,1524,0.1388
36,1488,1524,0.1388
34,1498,1532,0.1388
34,1501,1535,0.1388
34,1491,1525,0.1388
34,1488,1522,0.1388
34,1494,1528,0.1388
34,1488,1522,0.1388
31,1492,1523,0.1388
29,1489,1518,0.1388
31,1486,1517,0.1388
31,1495,1526,0.1388
34,1492,1526,0.1388
33,1475,1508,0.1388
33,1483,1516,0.1388
34,1486,1520,0.1388
35,1472,1507,0.1388
38,1478,1516,0.1388
37,1481,1518,0.1388
37,1477,1514,0.1388
35,1481,1516,0.1388
35,1483,1518,0.1388
35,1491,1526,0.1388
34,1479,1513,0.1388
35,1481,1516,0.1388
37,1483,1520,0.1388
38,1492,1530,0.1388
38,1483,1521,0.1388
35,1477,1512,0.1388
35,1490,1525,0.1388
35,1480,1515,0.1388
33,1490,1523,0.1388
33,1482,1515,0.1388
32,1475,1507,0.1388
30,1493,1523,0.1388
28,1489,1517,0.1388
27,1499,1526,0.1388
23,1495,1518,0.1388
24,1496,1520,0.1388
24,1498,1522,0.1388
25,1495,1520,0.1388
25,1495,1520,0.1388
25,1510,1535,0.1388
23,1503,1526,0.1388
23,1507,1530,0.1388
22,1498,1520,0.1388
21,1498,1519,0.1388
21,1490,1511,0.1388
21,1497,1518,0.1388
22,1496,1518,0.1388
21,1494,1515,0.1388
21,1494,1515,0.1388
20,1492,1512,0.1388
20,1493,1513,0.1388
20,1496,1516,0.1388
21,1495,1516,0.1388
20,1507,1527,0.1388
20,1504,1524,0.1388
20,1506,1526,0.1388
20,1498,1518,0.1388
20,1489,1509,0.1388
21,1501,1522,0.1388
22,1503,1525,0.1388
21,1509,1530,0.1388
20,1511,1531,0.1388
20,1512,1532,0.1388
22,1508,1530,0.1388
23,1498,1521,0.1388
22,1486,1508,0.1388
22,1494,1516,0.1388
23,1501,1524,0.1388
22,1488,1510,0.1388
21,1481,1502,0.1388
21,1489,1510,0.1388
22,1490,1512,0.1388
22,1494,1516,0.1388
24,1501,1525,0.1388
23,1495,1518,0.1388
23,1488,1511,0.1388
23,1491,1514,0.1388
21,1487,1508,0.1388
19,1496,1515,0.1388
19,1499,1518,0.1388
19,1487,1506,0.1388
19,1494,1513,0.1388
18,1503,1521,0.1388
17,1505,1522,0.1388
19,1505,1524,0.1388
19,1490,1509,0.1388
19,1483,1502,0.1388
19,1477,1496,0.1388
19,1504,1523,0.1388
19,1496,1515,0.1388
18,1490,1508,0.1388
18,1493,1511,0.1388
18,1491,1509,0.1388
18,1489,1507,0.1388
18,1492,1510,0.1388
18,1486,1504,0.1388
17,1497,1514,0.1388
17,1506,1523,0.1388
18,1495,1513,0.1388
18,1494,1512,0.1388
18,1499,1517,0.1388
17,1500,1517,0.1388
15,1497,1512,0.1388
14,1501,1515,0.1388
13,1498,1511,0.1388
13,1506,1519,0.1388
14,1515,1529,0.1388
13,1512,1525,0.1388
12,1504,1516,0.1388
13,1523,1536,0.1388
13,1520,1533,0.1388
14,1513,1527,0.1388
14,1518,1532,0.1388
15,1516,1531,0.1388
14,1509,1523,0.1388
14,1513,1527,0.1388
13,1501,1514,0.1388
13,1504,1517,0.1388
13,1496,1509,0.1388
14,1504,1518,0.1388
14,1491,1505,0.1388
14,1500,1514,0.1388
14,1495,1509,0.1388
15,1489,1504,0.1388
16,1490,1506,0.1388
16,1498,1514,0.1388
16,1483,1499,0.1388
16,1480,1496,0.1388
16,1488,1504,0.1388
16,1488,1504,0.1388
14,1495,1509,0.1388
13,1491,1504,0.1388
13,1496,1509,0.1388
13,1499,1512,0.1388
11,1490,1501,0.1388
14,1511,1525,0.1388
14,1502,1516,0.1388
14,1503,1517,0.1388
15,1502,1517,0.1388
16,1507,1523,0.1388
16,1503,1519,0.1388
16,1504,1520,0.1388
14,1503,1517,0.1388
14,1501,1515,0.1388
14,1493,1507,0.1388
14,1496,1510,0.1388
15,1509,1524,0.1388
14,1507,1521,0.1388
15,1513,1528,0.1388
14,1517,1531,0.1388
13,1510,1523,0.1388
15,1508,1523,0.1388
16,1503,1519,0.1388
17,1503,1520,0.1388
18,1505,1523,0.1388
16,1503,1519,0.1388
17,1506,1523,0.1388
17,1503,1520,0.1388
18,1503,1521,0.1388
18,1486,1504,0.1388
18,1502,1520,0.1388
16,1502,1518,0.1388
16,1502,1518,0.1388
17,1505,1522,0.1388
17,1498,1515,0.1388
17,1501,1518,0.1388
16,1483,1499,0.1388
15,1491,1506,0.1388
15,1504,1519,0.1388
16,1495,1511,0.1388
16,1509,1525,0.1388
16,1506,1522,0.1388
16,1498,1514,0.1388
15,1495,1510,0.1388
14,1490,1504,0.1388
14,1492,1506,0.1388
14,1487,1501,0.1388
14,1483,1497,0.1388
15,1485,1500,0.1388
16,1477,1493,0.1388
16,1484,1500,0.1388
17,1490,1507,0.1388
18,1496,1514,0.1388
18,1487,1505,0.1388
17,1495,1512,0.1388
17,1503,1520,0.1388
16,1504,1520,0.1388
17,1498,1515,0.1388
16,1512,1528,0.1388
16,1520,1536,0.1388
15,1513,1528,0.1388
16,1516,1532,0.1388
16,1511,1527,0.1388
17,1509,1526,0.1388
17,1497,1514,0.1388
17,1491,1508,0.1388
17,1495,1512,0.1388
17,1502,1519,0.1388
18,1509,1527,0.1388
19,1493,1512,0.1388
17,1511,1528,0.1388
16,1507,1523,0.1388
18,1498,1516,0.1388
18,1500,1518,0.1388
18,1507,1525,0.1388
18,1509,1527,0.1388
18,1506,1524,0.1388
17,1498,1515,0.1388
19,1503,1522,0.1388
21,1503,1524,0.1388
20,1502,1522,0.1388
20,1499,1519,0.1388
20,1499,1519,0.1388
20,1503,1523,0.1388
21,1496,1517,0.1388
21,1506,1527,0.1388
21,1510,1531,0.1388
21,1503,1524,0.1388
21,1492,1513,0.1388
20,1489,1509,0.1388
19,1492,1511,0.1388
20,1496,1516,0.1388
20,1498,1518,0.1388
18,1502,1520,0.1388
18,1500,1518,0.1388
17,1500,1517,0.1388
16,1502,1518,0.1388
16,1502,1518,0.1388
17,1506,1523,0.1388
17,1507,1524,0.1388
17,1498,1515,0.1388
18,1487,1505,0.1388
18,1498,1516,0.1388
18,1500,1518,0.1388
17,1501,1518,0.1388
18,1512,1530,0.1388
18,1515,1533,0.1388
18,1512,1530,0.1388
17,1512,1529,0.1388
16,1512,1528,0.1388
16,1504,1520,0.1388
17,1515,1532,0.1388
16,1495,1511,0.1388
16,1509,1525,0.1388
16,1515,1531,0.1388
16,1521,1537,0.1388
16,1512,1528,0.1388
16,1515,1531,0.1388
16,1510,1526,0.1388
14,1502,1516,0.1388
14,1503,1517,0.1388
13,1506,1519,0.1388
13,1501,1514,0.1388
13,1513,1526,0.1388
13,1510,1523,0.1388
13,1509,1522,0.1388
13,1499,1512,0.1388
13,1508,1521,0.1388
13,1507,1520,0.1388
13,1505,1518,0.1388
13,1513,1526,0.1388
12,1503,1515,0.1388
12,1509,1521,0.1388
10,1519,1529,0.1388
9,1518,1527,0.1388
9,1496,1505,0.1388
8,1506,1514,0.1388
7,1518,1525,0.1388
7,1518,1525,0.1388
6,1520,1526,0.1388
6,1507,1513,0.1388
6,1516,1522,0.1388
6,1520,1526,0.1388
6,1502,1508,0.1388
8,1509,1517,0.1388
8,1520,1528,0.1388
8,1521,1529,0.1388
8,1512,1520,0.1388
7,1509,1516,0.1388
7,1507,1514,0.1388
7,1510,1517,0.1388
7,1503,1510,0.1388
8,1514,1522,0.1388
8,1506,1514,0.1388
8,1515,1523,0.1388
9,1516,1525,0.1388
9,1500,1509,0.1388
9,1490,1499,0.1388
8,1504,1512,0.1388
7,1499,1506,0.1388
7,1506,1513,0.1388
8,1501,1509,0.1388
8,1506,1514,0.1388
9,1518,1527,0.1388
9,1509,1518,0.1388
9,1510,1519,0.1388
9,1513,1522,0.1388
8,1509,1517,0.1388
9,1505,1514,0.1388
10,1515,1525,0.1388
10,1521,1531,0.1388
10,1516,1526,0.1388
8,1500,1508,0.1388
7,1498,1505,0.1388
7,1491,1498,0.1388
8,1504,1512,0.1388
8,1502,1510,0.1388
8,1503,1511,0.1388
7,1502,1509,0.1388
8,1501,1509,0.1388
8,1505,1513,0.1388
10,1509,1519,0.1388
9,1513,1522,0.1388
10,1510,1520,0.1388
10,1510,1520,0.1388
10,1518,1528,0.1388
9,1503,1512,0.1388
9,1500,1509,0.1388
9,1507,1516,0.1388
9,1508,1517,0.1388
9,1519,1528,0.1388
9,1527,1536,0.1388
11,1511,1522,0.1388
11,1499,1510,0.1388
11,1496,1507,0.1388
11,1502,1513,0.1388
11,1495,1506,0.1388
11,1497,1508,0.1388
11,1500,1511,0.1388
12,1505,1517,0.1388
12,1507,1519,0.1388
11,1498,1509,0.1388
11,1507,1518,0.1388
11,1505,1516,0.1388
10,1497,1507,0.1388
8,1498,1506,0.1388
8,1499,1507,0.1388
8,1503,1511,0.1388
8,1494,1502,0.1388
8,1497,1505,0.1388
8,1503,1511,0.1388
9,1495,1504,0.1388
9,1504,1513,0.1388
9,1503,1512,0.1388
11,1515,1526,0.1388
12,1507,1519,0.1388
11,1511,1522,0.1388
11,1510,1521,0.1388
11,1521,1532,0.1388
10,1504,1514,0.1388
10,1497,1507,0.1388
9,1498,1507,0.1388
9,1501,1510,0.1388
9,1489,1498,0.1388
8,1491,1499,0.1388
8,1503,1511,0.1388
9,1509,1518,0.1388
9,1506,1515,0.1388
9,1520,1529,0.1388
9,1508,1517,0.1388
10,1503,1513,0.1388
10,1505,1515,0.1388
11,1505,1516,0.1388
11,1499,1510,0.1388
11,1495,1506,0.1388
11,1499,1510,0.1388
11,1490,1501,0.1388
11,1500,1511,0.1388
10,1497,1507,0.1388
10,1511,1521,0.1388
11,1500,1511,0.1388
10,1509,1519,0.1388
11,1503,1514,0.1388
11,1496,1507,0.1388
11,1503,1514,0.1388
11,1499,1510,0.1388
11,1512,1523,0.1388
11,1513,1524,0.1388
12,1511,1523,0.1388
12,1517,1529,0.1388
12,1518,1530,0.1388
11,1516,1527,0.1388
11,1516,1527,0.1388
11,1511,1522,0.1388
10,1507,1517,0.1388
10,1512,1522,0.1388
11,1516,1527,0.1388
10,1511,1521,0.1388
11,1526,1537,0.1388
10,1511,1521,0.1388
10,1502,1512,0.1388
10,1497,1507,0.1388
10,1499,1509,0.1388
10,1496,1506,0.1388
9,1497,1506,0.1388
9,1508,1517,0.1388
10,1500,1510,0.1388
10,1502,1512,0.1388
11,1504,1515,0.1388
11,1506,1517,0.1388
11,1504,1515,0.1388
11,1501,1512,0.1388
10,1502,1512,0.1388
9,1505,1514,0.1388
9,1498,1507,0.1388
8,1495,1503,0.1388
8,1504,1512,0.1388
8,1514,1522,0.1388
8,1523,1531,0.1388
8,1519,1527,0.1388
8,1509,1517,0.1388
8,1504,1512,0.1388
8,1513,1521,0.1388
8,1507,1515,0.1388
7,1517,1524,0.1388
8,1520,1528,0.1388
8,1516,1524,0.1388
8,1510,1518,0.1388
8,1515,1523,0.1388
8,1509,1517,0.1388
8,1506,1514,0.1388
7,1501,1508,0.1388
7,1515,1522,0.1388
7,1512,1519,0.1388
6,1518,1524,0.1388
6,1516,1522,0.1388
6,1506,1512,0.1388
6,1506,1512,0.1388
6,1509,1515,0.1388
6,1520,1526,0.1388
6,1522,1528,0.1388
6,1508,1514,0.1388
6,1507,1513,0.1388
6,1508,1514,0.1388
6,1518,1524,0.1388
6,1522,1528,0.1388
5,1508,1513,0.1388
6,1510,1516,0.1388
7,1501,1508,0.1388
7,1493,1500,0.1388
8,1500,1508,0.1388
9,1508,1517,0.1388
9,1519,1528,0.1388
9,1512,1521,0.1388
9,1498,1507,0.1388
8,1499,1507,0.1388
8,1516,1524,0.1388
8,1500,1508,0.1388
7,1502,1509,0.1388
7,1495,1502,0.1388
6,1510,1516,0.1388
6,1508,1514,0.1388
6,1505,1511,0.1388
6,1501,1507,0.1388
4,1513,1517,0.1388
4,1496,1500,0.1388
4,1498,1502,0.1388
4,1507,1511,0.1388
4,1500,1504,0.1388
4,1504,1508,0.1388
5,1498,1503,0.1388
5,1492,1497,0.1388
5,1490,1495,0.1388
5,1511,1516,0.1388
5,1514,1519,0.1388
5,1508,1513,0.1388
5,1506,1511,0.1388
5,1509,1514,0.1388
5,1495,1500,0.1388
5,1513,1518,0.1388
5,1513,1518,0.1388
5,1502,1507,0.1388
4,1506,1510,0.1388
3,1508,1511,0.1388
3,1512,1515,0.1388
3,1530,1533,0.1388
3,1532,1535,0.1388
3,1512,1515,0.1388
3,1508,1511,0.1388
3,1514,1517,0.1388
3,1506,1509,0.1388
3,1501,1504,0.1388
3,1494,1497,0.1388
3,1503,1506,0.1388
3,1495,1498,0.1388
3,1508,1511,0.1388
3,1507,1510,0.1388
3,1490,1493,0.1388
3,1508,1511,0.1388
3,1510,1513,0.1388
3,1506,1509,0.1388
3,1511,1514,0.1388
3,1524,1527,0.1388
3,1528,1531,0.1388
3,1511,1514,0.1388
3,1510,1513,0.1388
3,1504,1507,0.1388
3,1523,1526,0.1388
3,1518,1521,0.1388
3,1512,1515,0.1388
3,1525,1528,0.1388
3,1526,1529,0.1388
2,1524,1526,0.1388
2,1525,1527,0.1388
2,1516,1518,0.1388
2,1504,1506,0.1388
2,1494,1496,0.1388
2,1514,1516,0.1388
2,1510,1512,0.1388
2,1503,1505,0.1388
2,1521,1523,0.1388
2,1526,1528,0.1388
2,1523,1525,0.1388
2,1521,1523,0.1388
1,1524,1525,0.1388
1,1516,1517,0.1388
1,1501,1502,0.1388
1,1512,1513,0.1388
1,1507,1508,0.1388
1,1500,1501,0.1388
1,1514,1515,0.1388
2,1506,1508,0.1388
2,1511,1513,0.1388
2,1513,1515,0.1388
2,1516,1518,0.1388
2,1513,1515,0.1388
2,1511,1513,0.1388
2,1532,1534,0.1388
2,1530,1532,0.1388
3,1528,1531,0.1388
3,1534,1537,0.1388
3,1517,1520,0.1388
3,1513,1516,0.1388
3,1506,1509,0.1388
3,1522,1525,0.1388
3,1510,1513,0.1388
2,1522,1524,0.1388
2,1515,1517,0.1388
1,1513,1514,0.1388
1,1497,1498,0.1388
1,1511,1512,0.1388
1,1503,1504,0.1388
1,1508,1509,0.1388
1,1501,1502,0.1388
0,1510,1510,0.1388
