1365,28,1393,0.1388
1394,30,1424,0.1388
1405,32,1437,0.1388
1417,32,1449,0.1388
1431,31,1462,0.1388
1444,34,1478,0.1388
1441,33,1474,0.1388
1445,34,1479,0.1388
1443,35,1478,0.1388
1445,36,1481,0.1388
1465,36,1501,0.1388
1459,36,1495,0.1388
1465,35,1500,0.1388
1462,35,1497,0.1388
1457,35,1492,0.1388
1459,37,1496,0.1388
1463,37,1500,0.1388
1454,37,1491,0.1388
1447,37,1484,0.1388
1453,39,1492,0.1388
1449,40,1489,0.1388
1446,39,1485,0.1388
1435,38,1473,0.1388
1428,38,1466,0.1388
1428,38,1466,0.1388
1440,38,1478,0.1388
1433,35,1468,0.1388
1443,36,1479,0.1388
1443,38,1481,0.1388
1442,38,1480,0.1388
1441,39,1480,0.1388
1438,38,1476,0.1388
1445,39,1484,0.1388
1447,39,1486,0.1388
1452,37,1489,0.1388
1445,36,1481,0.1388
1451,34,1485,0.1388
1467,33,1500,0.1388
1477,34,1511,0.1388
1484,34,1518,0.1388
1480,34,1514,0.1388
1482,35,1517,0.1388
1471,34,1505,0.1388
1460,35,1495,0.1388
1454,36,1490,0.1388
1451,37,1488,0.1388
1444,37,1481,0.1388
1434,40,1474,0.1388
1427,39,1466,0.1388
1435,39,1474,0.1388
1449,38,1487,0.1388
1452,39,1491,0.1388
1453,40,1493,0.1388
1463,41,1504,0.1388
1457,42,1499,0.1388
1456,42,1498,0.1388
1452,43,1495,0.1388
1444,45,1489,0.1388
1432,44,1476,0.1388
1450,44,1494,0.1388
1449,44,1493,0.1388
1445,49,1494,0.1388
1437,49,1486,0.1388
1434,54,1488,0.1388
1442,54,1496,0.1388
1441,56,1497,0.1388
1447,56,1503,0.1388
1447,56,1503,0.1388
1436,54,1490,0.1388
1458,56,1514,0.1388
1457,57,1514,0.1388
1447,59,1506,0.1388
1460,59,1519,0.1388
1450,56,1506,0.1388
1452,55,1507,0.1388
1442,56,1498,0.1388
1444,55,1499,0.1388
1430,57,1487,0.1388
1429,56,1485,0.1388
1424,58,1482,0.1388
1428,60,1488,0.1388
1428,61,1489,0.1388
1428,62,1490,0.1388
1427,65,1492,0.1388
1449,65,1514,0.1388
1452,63,1515,0.1388
1451,63,1514,0.1388
1447,62,1509,0.1388
1441,61,1502,0.1388
1439,66,1505,0.1388
1439,65,1504,0.1388
1437,65,1502,0.1388
1434,66,1500,0.1388
1440,67,1507,0.1388
1441,66,1507,0.1388
1433,67,1500,0.1388
1430,69,1499,0.1388
1433,70,1503,0.1388
1422,70,1492,0.1388
1425,72,1497,0.1388
1429,70,1499,0.1388
1428,73,1501,0.1388
1427,72,1499,0.1388
1428,73,1501,0.1388
1409,73,1482,0.1388
1416,71,1487,0.1388
1435,69,1504,0.1388
1430,70,1500,0.1388
1434,72,1506,0.1388
1436,69,1505,0.1388
1427,69,1496,0.1388
1417,65,1482,0.1388
1428,65,1493,0.1388
1424,70,1494,0.1388
1425,73,1498,0.1388
1431,76,1507,0.1388
1422,76,1498,0.1388
1416,78,1494,0.1388
1412,77,1489,0.1388
1415,78,1493,0.1388
1403,83,1486,0.1388
1414,83,1497,0.1388
1427,81,1508,0.1388
1415,81,1496,0.1388
1418,81,1499,0.1388
1432,80,1512,0.1388
1430,76,1506,0.1388
1421,79,1500,0.1388
1416,83,1499,0.1388
1421,81,1502,0.1388
1410,80,1490,0.1388
1428,80,1508,0.1388
1423,81,1504,0.1388
1412,80,1492,0.1388
1414,78,1492,0.1388
1410,78,1488,0.1388
1413,79,1492,0.1388
1414,80,1494,0.1388
1417,82,1499,0.1388
1412,80,1492,0.1388
1410,81,1491,0.1388
1405,80,1485,0.1388
1413,79,1492,0.1388
1433,78,1511,0.1388
1434,78,1512,0.1388
1428,77,1505,0.1388
1433,74,1507,0.1388
1421,72,1493,0.1388
1425,69,1494,0.1388
1413,73,1486,0.1388
1411,71,1482,0.1388
1429,71,1500,0.1388
1421,74,1495,0.1388
1426,77,1503,0.1388
1410,78,1488,0.1388
1419,80,1499,0.1388
1416,81,1497,0.1388
1417,82,1499,0.1388
1425,81,1506,0.1388
1426,78,1504,0.1388
1420,76,1496,0.1388
1420,77,1497,0.1388
1420,76,1496,0.1388
1425,79,1504,0.1388
1430,76,1506,0.1388
1411,77,1488,0.1388
1409,77,1486,0.1388
1418,77,1495,0.1388
1415,77,1492,0.1388
1413,73,1486,0.1388
1416,75,1491,0.1388
1413,76,1489,0.1388
1413,79,1492,0.1388
1424,76,1500,0.1388
1417,77,1494,0.1388
1413,78,1491,0.1388
1408,75,1483,0.1388
1423,79,1502,0.1388
1411,80,1491,0.1388
1412,79,1491,0.1388
1416,80,1496,0.1388
1423,78,1501,0.1388
1409,79,1488,0.1388
1406,80,1486,0.1388
1414,80,1494,0.1388
1413,81,1494,0.1388
1408,85,1493,0.1388
1410,84,1494,0.1388
1410,82,1492,0.1388
1415,84,1499,0.1388
1425,84,1509,0.1388
1427,82,1509,0.1388
1412,82,1494,0.1388
1415,82,1497,0.1388
1406,83,1489,0.1388
1408,82,1490,0.1388
1411,83,1494,0.1388
1414,79,1493,0.1388
1405,80,1485,0.1388
1416,84,1500,0.1388
1419,82,1501,0.1388
1406,82,1488,0.1388
1405,83,1488,0.1388
1410,86,1496,0.1388
1421,89,1510,0.1388
1424,87,1511,0.1388
1419,87,1506,0.1388
1408,88,1496,0.1388
1402,88,1490,0.1388
1412,88,1500,0.1388
1411,90,1501,0.1388
1389,93,1482,0.1388
1400,92,1492,0.1388
1392,94,1486,0.1388
1391,94,1485,0.1388
1392,93,1485,0.1388
1393,95,1488,0.1388
1393,94,1487,0.1388
1392,100,1492,0.1388
1401,104,1505,0.1388
1404,104,1508,0.1388
1398,100,1498,0.1388
1391,99,1490,0.1388
1381,100,1481,0.1388
1386,98,1484,0.1388
1391,101,1492,0.1388
1400,101,1501,0.1388
1393,105,1498,0.1388
1393,108,1501,0.1388
1383,105,1488,0.1388
1389,109,1498,0.1388
1405,109,1514,0.1388
1414,106,1520,0.1388
1405,105,1510,0.1388
1395,103,1498,0.1388
1379,102,1481,0.1388
1370,105,1475,0.1388
1366,109,1475,0.1388
1375,110,1485,0.1388
1386,113,1499,0.1388
1385,116,1501,0.1388
1386,113,1499,0.1388
1383,115,1498,0.1388
1383,113,1496,0.1388
1378,112,1490,0.1388
1375,110,1485,0.1388
1380,113,1493,0.1388
1370,116,1486,0.1388
1377,113,1490,0.1388
1391,111,1502,0.1388
1382,113,1495,0.1388
1388,114,1502,0.1388
1383,116,1499,0.1388
1377,117,1494,0.1388
1367,114,1481,0.1388
1368,115,1483,0.1388
1376,111,1487,0.1388
1376,111,1487,0.1388
1373,111,1484,0.1388
1374,110,1484,0.1388
1377,106,1483,0.1388
1374,107,1481,0.1388
1385,116,1501,0.1388
1382,120,1502,0.1388
1389,121,1510,0.1388
1390,119,1509,0.1388
1392,119,1511,0.1388
1372,115,1487,0.1388
1380,118,1498,0.1388
1378,117,1495,0.1388
1372,117,1489,0.1388
1380,118,1498,0.1388
1377,121,1498,0.1388
1372,121,1493,0.1388
1375,122,1497,0.1388
1390,125,1515,0.1388
1388,126,1514,0.1388
1377,127,1504,0.1388
1366,131,1497,0.1388
1367,129,1496,0.1388
1378,132,1510,0.1388
1378,128,1506,0.1388
1369,128,1497,0.1388
1364,127,1491,0.1388
1368,129,1497,0.1388
1370,128,1498,0.1388
1368,125,1493,0.1388
1375,128,1503,0.1388
1376,128,1504,0.1388
1372,132,1504,0.1388
1369,133,1502,0.1388
1384,139,1523,0.1388
1375,139,1514,0.1388
1373,136,1509,0.1388
1369,134,1503,0.1388
1363,134,1497,0.1388
1348,135,1483,0.1388
1340,135,1475,0.1388
1350,134,1484,0.1388
1351,139,1490,0.1388
1353,137,1490,0.1388
1345,140,1485,0.1388
1342,141,1483,0.1388
1358,143,1501,0.1388
1339,141,1480,0.1388
1358,140,1498,0.1388
1366,142,1508,0.1388
1380,144,1524,0.1388
1365,142,1507,0.1388
1354,143,1497,0.1388
1368,144,1512,0.1388
1369,148,1517,0.1388
1345,151,1496,0.1388
1345,154,1499,0.1388
1333,154,1487,0.1388
1338,157,1495,0.1388
1345,161,1506,0.1388
1351,160,1511,0.1388
1359,162,1521,0.1388
1345,158,1503,0.1388
1338,162,1500,0.1388
1335,159,1494,0.1388
1341,160,1501,0.1388
1338,162,1500,0.1388
1338,161,1499,0.1388
1331,162,1493,0.1388
1321,157,1478,0.1388
1342,164,1506,0.1388
1344,164,1508,0.1388
1339,161,1500,0.1388
1341,164,1505,0.1388
1332,164,1496,0.1388
1338,162,1500,0.1388
1319,163,1482,0.1388
1331,164,1495,0.1388
1327,164,1491,0.1388
1322,166,1488,0.1388
1328,169,1497,0.1388
1329,168,1497,0.1388
1323,166,1489,0.1388
1313,169,1482,0.1388
1312,169,1481,0.1388
1307,166,1473,0.1388
1300,170,1470,0.1388
1306,170,1476,0.1388
1317,171,1488,0.1388
1310,173,1483,0.1388
1311,174,1485,0.1388
1316,174,1490,0.1388
1307,176,1483,0.1388
1308,175,1483,0.1388
1318,175,1493,0.1388
1319,178,1497,0.1388
1307,172,1479,0.1388
1317,179,1496,0.1388
1317,179,1496,0.1388
1313,178,1491,0.1388
1330,181,1511,0.1388
1317,182,1499,0.1388
1321,181,1502,0.1388
1308,186,1494,0.1388
1294,182,1476,0.1388
1306,182,1488,0.1388
1310,183,1493,0.1388
1305,186,1491,0.1388
1312,186,1498,0.1388
1320,183,1503,0.1388
1323,184,1507,0.1388
1327,186,1513,0.1388
1319,190,1509,0.1388
1313,182,1495,0.1388
1307,183,1490,0.1388
1312,183,1495,0.1388
1314,189,1503,0.1388
1318,188,1506,0.1388
1297,189,1486,0.1388
1293,187,1480,0.1388
1287,187,1474,0.1388
1308,186,1494,0.1388
1306,187,1493,0.1388
1298,192,1490,0.1388
1299,192,1491,0.1388
1306,189,1495,0.1388
1303,189,1492,0.1388
1314,187,1501,0.1388
1309,182,1491,0.1388
1303,182,1485,0.1388
1300,183,1483,0.1388
1308,187,1495,0.1388
1301,187,1488,0.1388
1309,188,1497,0.1388
1303,190,1493,0.1388
1300,192,1492,0.1388
1318,196,1514,0.1388
1315,194,1509,0.1388
1313,196,1509,0.1388
1305,195,1500,0.1388
1304,197,1501,0.1388
1284,194,1478,0.1388
1294,204,1498,0.1388
1298,202,1500,0.1388
1285,202,1487,0.1388
1294,203,1497,0.1388
1306,202,1508,0.1388
1296,203,1499,0.1388
1279,207,1486,0.1388
1279,207,1486,0.1388
1278,211,1489,0.1388
1286,205,1491,0.1388
1294,209,1503,0.1388
1276,218,1494,0.1388
1273,218,1491,0.1388
1277,217,1494,0.1388
1263,214,1477,0.1388
1270,213,1483,0.1388
1275,221,1496,0.1388
1263,223,1486,0.1388
1255,223,1478,0.1388
1256,226,1482,0.1388
1257,228,1485,0.1388
1257,228,1485,0.1388
1251,231,1482,0.1388
1261,235,1496,0.1388
1262,235,1497,0.1388
1249,241,1490,0.1388
1256,241,1497,0.1388
1252,243,1495,0.1388
1259,237,1496,0.1388
1267,234,1501,0.1388
1279,233,1512,0.1388
1278,229,1507,0.1388
1269,226,1495,0.1388
1275,230,1505,0.1388
1279,230,1509,0.1388
1267,228,1495,0.1388
1259,229,1488,0.1388
1256,232,1488,0.1388
1260,235,1495,0.1388
1253,237,1490,0.1388
1250,239,1489,0.1388
1247,243,1490,0.1388
1258,240,1498,0.1388
1263,243,1506,0.1388
1274,245,1519,0.1388
1261,241,1502,0.1388
1259,252,1511,0.1388
1250,247,1497,0.1388
1247,250,1497,0.1388
1253,245,1498,0.1388
1245,244,1489,0.1388
1245,251,1496,0.1388
1244,253,1497,0.1388
1245,250,1495,0.1388
1254,255,1509,0.1388
1243,264,1507,0.1388
1245,261,1506,0.1388
1253,258,1511,0.1388
1238,266,1504,0.1388
1237,264,1501,0.1388
1217,265,1482,0.1388
1214,265,1479,0.1388
1210,269,1479,0.1388
1207,268,1475,0.1388
1216,268,1484,0.1388
1222,263,1485,0.1388
1214,263,1477,0.1388
1228,266,1494,0.1388
1243,266,1509,0.1388
1231,273,1504,0.1388
1224,272,1496,0.1388
1227,277,1504,0.1388
1222,279,1501,0.1388
1243,278,1521,0.1388
1232,280,1512,0.1388
1217,285,1502,0.1388
1225,283,1508,0.1388
1224,285,1509,0.1388
1226,284,1510,0.1388
1231,282,1513,0.1388
1235,282,1517,0.1388
1222,283,1505,0.1388
1223,288,1511,0.1388
1221,289,1510,0.1388
1207,289,1496,0.1388
1206,285,1491,0.1388
1198,286,1484,0.1388
1202,290,1492,0.1388
1197,296,1493,0.1388
1201,301,1502,0.1388
1192,302,1494,0.1388
1181,300,1481,0.1388
1176,305,1481,0.1388
1196,309,1505,0.1388
1198,313,1511,0.1388
1192,307,1499,0.1388
1197,301,1498,0.1388
1195,300,1495,0.1388
1199,304,1503,0.1388
1186,301,1487,0.1388
1185,302,1487,0.1388
1179,305,1484,0.1388
1182,303,1485,0.1388
1189,303,1492,0.1388
1188,309,1497,0.1388
1189,305,1494,0.1388
1192,305,1497,0.1388
1193,303,1496,0.1388
1205,303,1508,0.1388
1206,298,1504,0.1388
1205,298,1503,0.1388
1196,303,1499,0.1388
1183,307,1490,0.1388
1180,309,1489,0.1388
1167,308,1475,0.1388
1161,311,1472,0.1388
1168,308,1476,0.1388
1176,302,1478,0.1388
1186,296,1482,0.1388
1180,302,1482,0.1388
1184,308,1492,0.1388
1184,306,1490,0.1388
1196,308,1504,0.1388
1190,310,1500,0.1388
1189,313,1502,0.1388
1189,311,1500,0.1388
1181,313,1494,0.1388
1172,304,1476,0.1388
1171,303,1474,0.1388
1184,306,1490,0.1388
1183,313,1496,0.1388
1179,311,1490,0.1388
1189,308,1497,0.1388
1192,301,1493,0.1388
1200,304,1504,0.1388
1190,304,1494,0.1388
1192,305,1497,0.1388
1191,307,1498,0.1388
1197,304,1501,0.1388
1185,306,1491,0.1388
1202,307,1509,0.1388
1207,302,1509,0.1388
1192,309,1501,0.1388
1182,313,1495,0.1388
1182,310,1492,0.1388
1191,308,1499,0.1388
1189,309,1498,0.1388
1194,308,1502,0.1388
1194,303,1497,0.1388
1198,299,1497,0.1388
1203,306,1509,0.1388
1186,305,1491,0.1388
1175,316,1491,0.1388
1179,316,1495,0.1388
1183,319,1502,0.1388
1167,321,1488,0.1388
1165,317,1482,0.1388
1162,321,1483,0.1388
1162,321,1483,0.1388
1148,326,1474,0.1388
1160,331,1491,0.1388
1153,330,1483,0.1388
1151,335,1486,0.1388
1157,334,1491,0.1388
1152,330,1482,0.1388
1160,333,1493,0.1388
1161,332,1493,0.1388
1165,329,1494,0.1388
1164,331,1495,0.1388
1162,328,1490,0.1388
1152,337,1489,0.1388
1147,338,1485,0.1388
1138,340,1478,0.1388
1144,336,1480,0.1388
1157,344,1501,0.1388
1159,342,1501,0.1388
1146,347,1493,0.1388
1148,348,1496,0.1388
1160,351,1511,0.1388
1151,347,1498,0.1388
1150,354,1504,0.1388
1156,357,1513,0.1388
1136,350,1486,0.1388
1139,351,1490,0.1388
1139,357,1496,0.1388
1127,354,1481,0.1388
1137,356,1493,0.1388
1140,350,1490,0.1388
1134,352,1486,0.1388
1137,360,1497,0.1388
1134,366,1500,0.1388
1143,357,1500,0.1388
1134,358,1492,0.1388
1136,356,1492,0.1388
1128,359,1487,0.1388
1138,360,1498,0.1388
1139,356,1495,0.1388
1140,360,1500,0.1388
1141,367,1508,0.1388
1145,369,1514,0.1388
1129,371,1500,0.1388
1125,380,1505,0.1388
1112,375,1487,0.1388
1106,375,1481,0.1388
1107,374,1481,0.1388
1110,380,1490,0.1388
1099,385,1484,0.1388
1100,385,1485,0.1388
1114,385,1499,0.1388
1098,396,1494,0.1388
1102,399,1501,0.1388
1096,393,1489,0.1388
1100,394,1494,0.1388
1100,405,1505,0.1388
1101,402,1503,0.1388
1098,399,1497,0.1388
1089,405,1494,0.1388
1088,418,1506,0.1388
1086,413,1499,0.1388
1080,411,1491,0.1388
1090,407,1497,0.1388
1084,416,1500,0.1388
1090,421,1511,0.1388
1086,417,1503,0.1388
1086,422,1508,0.1388
1085,420,1505,0.1388
1087,423,1510,0.1388
1093,426,1519,0.1388
1078,423,1501,0.1388
1087,428,1515,0.1388
1096,427,1523,0.1388
1100,418,1518,0.1388
1097,423,1520,0.1388
1095,423,1518,0.1388
1086,430,1516,0.1388
1083,433,1516,0.1388
1086,431,1517,0.1388
1083,428,1511,0.1388
1081,421,1502,0.1388
1069,421,1490,0.1388
1068,417,1485,0.1388
1083,419,1502,0.1388
1082,413,1495,0.1388
1066,420,1486,0.1388
1061,429,1490,0.1388
1057,427,1484,0.1388
1052,432,1484,0.1388
1056,432,1488,0.1388
1051,432,1483,0.1388
1048,436,1484,0.1388
1031,444,1475,0.1388
1035,446,1481,0.1388
1036,445,1481,0.1388
1029,453,1482,0.1388
1043,457,1500,0.1388
1032,456,1488,0.1388
1039,459,1498,0.1388
1034,457,1491,0.1388
1027,454,1481,0.1388
1031,469,1500,0.1388
1021,473,1494,0.1388
1014,477,1491,0.1388
1017,481,1498,0.1388
1029,496,1525,0.1388
1021,497,1518,0.1388
1020,497,1517,0.1388
1018,498,1516,0.1388
1026,489,1515,0.1388
1017,488,1505,0.1388
1020,490,1510,0.1388
1020,492,1512,0.1388
1004,496,1500,0.1388
1002,498,1500,0.1388
1001,500,1501,0.1388
1012,493,1505,0.1388
1002,492,1494,0.1388
1003,497,1500,0.1388
1002,497,1499,0.1388
1011,497,1508,0.1388
1015,486,1501,0.1388
1012,489,1501,0.1388
1010,496,1506,0.1388
1014,496,1510,0.1388
1023,495,1518,0.1388
1019,497,1516,0.1388
1011,495,1506,0.1388
994,504,1498,0.1388
995,506,1501,0.1388
1007,499,1506,0.1388
1003,502,1505,0.1388
995,500,1495,0.1388
1002,506,1508,0.1388
1000,507,1507,0.1388
994,501,1495,0.1388
991,504,1495,0.1388
989,509,1498,0.1388
981,513,1494,0.1388
991,514,1505,0.1388
974,518,1492,0.1388
974,511,1485,0.1388
971,509,1480,0.1388
970,514,1484,0.1388
980,515,1495,0.1388
975,521,1496,0.1388
976,525,1501,0.1388
974,525,1499,0.1388
974,524,1498,0.1388
981,524,1505,0.1388
975,524,1499,0.1388
975,521,1496,0.1388
974,525,1499,0.1388
970,528,1498,0.1388
972,522,1494,0.1388
971,524,1495,0.1388
970,531,1501,0.1388
965,531,1496,0.1388
975,531,1506,0.1388
962,528,1490,0.1388
964,523,1487,0.1388
966,532,1498,0.1388
976,532,1508,0.1388
972,536,1508,0.1388
957,537,1494,0.1388
959,543,1502,0.1388
973,539,1512,0.1388
965,540,1505,0.1388
965,544,1509,0.1388
960,549,1509,0.1388
951,546,1497,0.1388
957,546,1503,0.1388
954,539,1493,0.1388
945,543,1488,0.1388
954,543,1497,0.1388
965,550,1515,0.1388
955,550,1505,0.1388
958,552,1510,0.1388
952,553,1505,0.1388
952,555,1507,0.1388
954,545,1499,0.1388
951,542,1493,0.1388
946,549,1495,0.1388
943,556,1499,0.1388
930,562,1492,0.1388
936,561,1497,0.1388
941,565,1506,0.1388
937,558,1495,0.1388
940,553,1493,0.1388
939,556,1495,0.1388
926,559,1485,0.1388
914,558,1472,0.1388
924,567,1491,0.1388
933,571,1504,0.1388
930,575,1505,0.1388
926,573,1499,0.1388
930,575,1505,0.1388
932,580,1512,0.1388
927,584,1511,0.1388
935,585,1520,0.1388
929,585,1514,0.1388
920,584,1504,0.1388
926,590,1516,0.1388
924,587,1511,0.1388
924,581,1505,0.1388
926,581,1507,0.1388
913,586,1499,0.1388
911,584,1495,0.1388
909,582,1491,0.1388
908,586,1494,0.1388
897,594,1491,0.1388
902,603,1505,0.1388
905,597,1502,0.1388
898,602,1500,0.1388
900,602,1502,0.1388
905,599,1504,0.1388
903,588,1491,0.1388
900,595,1495,0.1388
903,592,1495,0.1388
905,593,1498,0.1388
905,597,1502,0.1388
894,600,1494,0.1388
898,601,1499,0.1388
902,601,1503,0.1388
905,598,1503,0.1388
908,604,1512,0.1388
908,604,1512,0.1388
904,608,1512,0.1388
891,608,1499,0.1388
893,609,1502,0.1388
894,608,1502,0.1388
901,622,1523,0.1388
891,616,1507,0.1388
892,611,1503,0.1388
881,603,1484,0.1388
892,611,1503,0.1388
882,613,1495,0.1388
882,618,1500,0.1388
891,612,1503,0.1388
881,619,1500,0.1388
876,621,1497,0.1388
883,612,1495,0.1388
884,618,1502,0.1388
882,618,1500,0.1388
883,623,1506,0.1388
883,629,1512,0.1388
882,623,1505,0.1388
892,617,1509,0.1388
884,613,1497,0.1388
881,614,1495,0.1388
878,613,1491,0.1388
870,614,1484,0.1388
877,616,1493,0.1388
880,620,1500,0.1388
880,623,1503,0.1388
868,624,1492,0.1388
867,638,1505,0.1388
857,638,1495,0.1388
847,650,1497,0.1388
851,647,1498,0.1388
853,653,1506,0.1388
860,638,1498,0.1388
856,645,1501,0.1388
854,645,1499,0.1388
852,658,1510,0.1388
848,661,1509,0.1388
856,667,1523,0.1388
848,661,1509,0.1388
851,653,1504,0.1388
846,653,1499,0.1388
844,649,1493,0.1388
843,653,1496,0.1388
848,660,1508,0.1388
853,649,1502,0.1388
856,653,1509,0.1388
844,658,1502,0.1388
841,664,1505,0.1388
848,661,1509,0.1388
852,660,1512,0.1388
853,663,1516,0.1388
846,666,1512,0.1388
847,662,1509,0.1388
846,661,1507,0.1388
834,655,1489,0.1388
836,650,1486,0.1388
846,661,1507,0.1388
846,665,1511,0.1388
848,667,1515,0.1388
847,670,1517,0.1388
840,673,1513,0.1388
843,667,1510,0.1388
830,670,1500,0.1388
829,683,1512,0.1388
826,687,1513,0.1388
813,682,1495,0.1388
814,685,1499,0.1388
811,687,1498,0.1388
814,688,1502,0.1388
807,690,1497,0.1388
813,691,1504,0.1388
800,691,1491,0.1388
814,691,1505,0.1388
812,687,1499,0.1388
807,686,1493,0.1388
806,690,1496,0.1388
812,693,1505,0.1388
806,692,1498,0.1388
810,688,1498,0.1388
815,695,1510,0.1388
810,690,1500,0.1388
805,696,1501,0.1388
792,698,1490,0.1388
788,709,1497,0.1388
788,712,1500,0.1388
791,713,1504,0.1388
794,717,1511,0.1388
780,726,1506,0.1388
779,719,1498,0.1388
767,730,1497,0.1388
761,736,1497,0.1388
765,740,1505,0.1388
758,747,1505,0.1388
749,747,1496,0.1388
751,748,1499,0.1388
753,752,1505,0.1388
747,751,1498,0.1388
751,755,1506,0.1388
752,757,1509,0.1388
744,759,1503,0.1388
741,756,1497,0.1388
742,753,1495,0.1388
742,753,1495,0.1388
733,757,1490,0.1388
737,763,1500,0.1388
731,758,1489,0.1388
731,756,1487,0.1388
725,753,1478,0.1388
722,769,1491,0.1388
725,764,1489,0.1388
727,763,1490,0.1388
726,758,1484,0.1388
725,764,1489,0.1388
732,755,1487,0.1388
727,763,1490,0.1388
725,764,1489,0.1388
737,761,1498,0.1388
742,764,1506,0.1388
727,756,1483,0.1388
724,765,1489,0.1388
727,751,1478,0.1388
734,756,1490,0.1388
740,765,1505,0.1388
751,764,1515,0.1388
729,765,1494,0.1388
725,764,1489,0.1388
728,765,1493,0.1388
740,767,1507,0.1388
741,766,1507,0.1388
736,772,1508,0.1388
738,776,1514,0.1388
731,775,1506,0.1388
733,782,1515,0.1388
729,787,1516,0.1388
718,788,1506,0.1388
714,785,1499,0.1388
711,778,1489,0.1388
717,778,1495,0.1388
716,779,1495,0.1388
711,783,1494,0.1388
723,788,1511,0.1388
721,778,1499,0.1388
721,785,1506,0.1388
707,785,1492,0.1388
715,784,1499,0.1388
715,784,1499,0.1388
710,795,1505,0.1388
713,795,1508,0.1388
714,790,1504,0.1388
714,794,1508,0.1388
707,797,1504,0.1388
703,807,1510,0.1388
703,807,1510,0.1388
718,804,1522,0.1388
709,806,1515,0.1388
709,803,1512,0.1388
702,813,1515,0.1388
697,809,1506,0.1388
700,805,1505,0.1388
689,806,1495,0.1388
690,807,1497,0.1388
687,813,1500,0.1388
680,822,1502,0.1388
688,822,1510,0.1388
688,823,1511,0.1388
681,831,1512,0.1388
678,841,1519,0.1388
676,836,1512,0.1388
674,837,1511,0.1388
676,850,1526,0.1388
667,850,1517,0.1388
669,846,1515,0.1388
657,845,1502,0.1388
660,846,1506,0.1388
667,842,1509,0.1388
667,838,1505,0.1388
669,843,1512,0.1388
657,850,1507,0.1388
660,851,1511,0.1388
663,844,1507,0.1388
658,847,1505,0.1388
655,852,1507,0.1388
646,856,1502,0.1388
648,855,1503,0.1388
646,848,1494,0.1388
660,843,1503,0.1388
657,839,1496,0.1388
660,846,1506,0.1388
658,846,1504,0.1388
654,855,1509,0.1388
646,843,1489,0.1388
648,845,1493,0.1388
647,852,1499,0.1388
646,855,1501,0.1388
649,855,1504,0.1388
646,855,1501,0.1388
644,870,1514,0.1388
648,867,1515,0.1388
644,874,1518,0.1388
640,879,1519,0.1388
642,878,1520,0.1388
636,884,1520,0.1388
635,880,1515,0.1388
640,876,1516,0.1388
634,882,1516,0.1388
631,874,1505,0.1388
638,872,1510,0.1388
632,877,1509,0.1388
628,888,1516,0.1388
623,892,1515,0.1388
616,896,1512,0.1388
623,893,1516,0.1388
626,897,1523,0.1388
625,890,1515,0.1388
617,900,1517,0.1388
614,897,1511,0.1388
623,900,1523,0.1388
622,912,1534,0.1388
606,915,1521,0.1388
603,917,1520,0.1388
604,917,1521,0.1388
606,915,1521,0.1388
599,920,1519,0.1388
592,917,1509,0.1388
587,915,1502,0.1388
592,925,1517,0.1388
589,928,1517,0.1388
591,925,1516,0.1388
593,917,1510,0.1388
587,912,1499,0.1388
587,916,1503,0.1388
579,925,1504,0.1388
585,939,1524,0.1388
581,925,1506,0.1388
574,935,1509,0.1388
573,925,1498,0.1388
569,930,1499,0.1388
562,931,1493,0.1388
558,939,1497,0.1388
549,949,1498,0.1388
552,950,1502,0.1388
550,954,1504,0.1388
550,963,1513,0.1388
558,957,1515,0.1388
554,970,1524,0.1388
547,970,1517,0.1388
545,973,1518,0.1388
559,972,1531,0.1388
547,959,1506,0.1388
546,952,1498,0.1388
546,943,1489,0.1388
538,954,1492,0.1388
546,957,1503,0.1388
543,973,1516,0.1388
544,972,1516,0.1388
538,969,1507,0.1388
532,973,1505,0.1388
529,972,1501,0.1388
524,975,1499,0.1388
519,986,1505,0.1388
522,989,1511,0.1388
512,993,1505,0.1388
513,993,1506,0.1388
517,1000,1517,0.1388
517,988,1505,0.1388
511,988,1499,0.1388
504,990,1494,0.1388
504,991,1495,0.1388
507,994,1501,0.1388
508,995,1503,0.1388
498,1006,1504,0.1388
488,1012,1500,0.1388
487,1018,1505,0.1388
489,1024,1513,0.1388
489,1027,1516,0.1388
494,1020,1514,0.1388
498,1018,1516,0.1388
503,1012,1515,0.1388
498,1016,1514,0.1388
498,1022,1520,0.1388
492,1013,1505,0.1388
493,1022,1515,0.1388
492,1015,1507,0.1388
493,1021,1514,0.1388
492,1020,1512,0.1388
488,1034,1522,0.1388
492,1038,1530,0.1388
485,1034,1519,0.1388
476,1031,1507,0.1388
481,1033,1514,0.1388
476,1038,1514,0.1388
475,1042,1517,0.1388
474,1052,1526,0.1388
470,1055,1525,0.1388
468,1057,1525,0.1388
458,1050,1508,0.1388
461,1052,1513,0.1388
465,1055,1520,0.1388
463,1054,1517,0.1388
460,1047,1507,0.1388
464,1043,1507,0.1388
467,1049,1516,0.1388
463,1042,1505,0.1388
469,1040,1509,0.1388
461,1054,1515,0.1388
460,1053,1513,0.1388
469,1047,1516,0.1388
471,1038,1509,0.1388
474,1043,1517,0.1388
473,1046,1519,0.1388
468,1037,1505,0.1388
474,1038,1512,0.1388
479,1042,1521,0.1388
474,1039,1513,0.1388
475,1043,1518,0.1388
473,1055,1528,0.1388
474,1055,1529,0.1388
469,1058,1527,0.1388
466,1063,1529,0.1388
468,1057,1525,0.1388
455,1067,1522,0.1388
458,1054,1512,0.1388
456,1059,1515,0.1388
453,1060,1513,0.1388
455,1048,1503,0.1388
451,1051,1502,0.1388
450,1062,1512,0.1388
445,1061,1506,0.1388
447,1058,1505,0.1388
437,1048,1485,0.1388
441,1063,1504,0.1388
442,1065,1507,0.1388
438,1083,1521,0.1388
436,1079,1515,0.1388
430,1090,1520,0.1388
432,1084,1516,0.1388
435,1083,1518,0.1388
436,1084,1520,0.1388
435,1090,1525,0.1388
439,1091,1530,0.1388
431,1095,1526,0.1388
427,1103,1530,0.1388
422,1091,1513,0.1388
425,1086,1511,0.1388
418,1093,1511,0.1388
428,1099,1527,0.1388
434,1094,1528,0.1388
429,1088,1517,0.1388
427,1096,1523,0.1388
414,1097,1511,0.1388
411,1093,1504,0.1388
408,1101,1509,0.1388
403,1102,1505,0.1388
402,1106,1508,0.1388
407,1099,1506,0.1388
404,1099,1503,0.1388
401,1108,1509,0.1388
401,1101,1502,0.1388
399,1113,1512,0.1388
398,1112,1510,0.1388
396,1114,1510,0.1388
401,1119,1520,0.1388
397,1123,1520,0.1388
396,1131,1527,0.1388
389,1124,1513,0.1388
392,1115,1507,0.1388
388,1130,1518,0.1388
386,1133,1519,0.1388
382,1133,1515,0.1388
383,1129,1512,0.1388
383,1142,1525,0.1388
379,1141,1520,0.1388
372,1147,1519,0.1388
368,1151,1519,0.1388
363,1152,1515,0.1388
363,1148,1511,0.1388
366,1152,1518,0.1388
367,1147,1514,0.1388
360,1139,1499,0.1388
357,1139,1496,0.1388
359,1132,1491,0.1388
350,1133,1483,0.1388
350,1144,1494,0.1388
354,1152,1506,0.1388
355,1157,1512,0.1388
356,1148,1504,0.1388
359,1145,1504,0.1388
357,1155,1512,0.1388
360,1154,1514,0.1388
359,1158,1517,0.1388
362,1147,1509,0.1388
367,1140,1507,0.1388
359,1148,1507,0.1388
362,1142,1504,0.1388
357,1138,1495,0.1388
354,1145,1499,0.1388
356,1143,1499,0.1388
360,1144,1504,0.1388
354,1151,1505,0.1388
359,1147,1506,0.1388
358,1135,1493,0.1388
353,1142,1495,0.1388
348,1163,1511,0.1388
350,1167,1517,0.1388
352,1161,1513,0.1388
350,1163,1513,0.1388
344,1163,1507,0.1388
350,1164,1514,0.1388
347,1170,1517,0.1388
350,1162,1512,0.1388
355,1145,1500,0.1388
353,1147,1500,0.1388
356,1151,1507,0.1388
348,1165,1513,0.1388
338,1176,1514,0.1388
346,1154,1500,0.1388
349,1159,1508,0.1388
338,1164,1502,0.1388
339,1173,1512,0.1388
347,1172,1519,0.1388
345,1178,1523,0.1388
348,1186,1534,0.1388
340,1190,1530,0.1388
336,1182,1518,0.1388
336,1177,1513,0.1388
329,1176,1505,0.1388
329,1178,1507,0.1388
328,1172,1500,0.1388
332,1189,1521,0.1388
329,1195,1524,0.1388
327,1189,1516,0.1388
321,1188,1509,0.1388
319,1199,1518,0.1388
321,1194,1515,0.1388
322,1190,1512,0.1388
323,1194,1517,0.1388
316,1200,1516,0.1388
312,1202,1514,0.1388
305,1200,1505,0.1388
305,1217,1522,0.1388
306,1211,1517,0.1388
305,1217,1522,0.1388
306,1205,1511,0.1388
308,1190,1498,0.1388
308,1193,1501,0.1388
310,1195,1505,0.1388
310,1206,1516,0.1388
311,1217,1528,0.1388
309,1207,1516,0.1388
311,1211,1522,0.1388
309,1209,1518,0.1388
308,1207,1515,0.1388
302,1205,1507,0.1388
301,1199,1500,0.1388
301,1197,1498,0.1388
307,1200,1507,0.1388
310,1209,1519,0.1388
310,1213,1523,0.1388
305,1209,1514,0.1388
301,1210,1511,0.1388
298,1214,1512,0.1388
301,1214,1515,0.1388
299,1212,1511,0.1388
291,1216,1507,0.1388
297,1212,1509,0.1388
297,1221,1518,0.1388
298,1216,1514,0.1388
297,1229,1526,0.1388
302,1221,1523,0.1388
299,1204,1503,0.1388
297,1212,1509,0.1388
297,1214,1511,0.1388
298,1200,1498,0.1388
296,1211,1507,0.1388
292,1200,1492,0.1388
288,1215,1503,0.1388
287,1225,1512,0.1388
284,1218,1502,0.1388
284,1222,1506,0.1388
281,1218,1499,0.1388
276,1225,1501,0.1388
271,1234,1505,0.1388
271,1232,1503,0.1388
270,1235,1505,0.1388
266,1227,1493,0.1388
265,1245,1510,0.1388
267,1248,1515,0.1388
268,1250,1518,0.1388
267,1242,1509,0.1388
272,1244,1516,0.1388
271,1250,1521,0.1388
264,1262,1526,0.1388
258,1254,1512,0.1388
257,1255,1512,0.1388
265,1255,1520,0.1388
259,1251,1510,0.1388
260,1240,1500,0.1388
258,1245,1503,0.1388
266,1253,1519,0.1388
271,1249,1520,0.1388
269,1260,1529,0.1388
268,1261,1529,0.1388
270,1267,1537,0.1388
270,1257,1527,0.1388
266,1255,1521,0.1388
260,1243,1503,0.1388
257,1245,1502,0.1388
255,1253,1508,0.1388
257,1247,1504,0.1388
255,1259,1514,0.1388
250,1259,1509,0.1388
252,1262,1514,0.1388
247,1250,1497,0.1388
251,1270,1521,0.1388
250,1279,1529,0.1388
251,1273,1524,0.1388
248,1266,1514,0.1388
243,1274,1517,0.1388
241,1263,1504,0.1388
241,1265,1506,0.1388
239,1270,1509,0.1388
236,1254,1490,0.1388
237,1263,1500,0.1388
235,1272,1507,0.1388
232,1264,1496,0.1388
236,1270,1506,0.1388
236,1263,1499,0.1388
241,1268,1509,0.1388
239,1265,1504,0.1388
240,1271,1511,0.1388
236,1278,1514,0.1388
235,1274,1509,0.1388
237,1274,1511,0.1388
239,1285,1524,0.1388
238,1266,1504,0.1388
242,1271,1513,0.1388
242,1275,1517,0.1388
241,1269,1510,0.1388
235,1272,1507,0.1388
234,1266,1500,0.1388
236,1281,1517,0.1388
235,1280,1515,0.1388
237,1276,1513,0.1388
242,1278,1520,0.1388
245,1270,1515,0.1388
242,1264,1506,0.1388
240,1272,1512,0.1388
236,1275,1511,0.1388
233,1273,1506,0.1388
233,1272,1505,0.1388
232,1261,1493,0.1388
235,1263,1498,0.1388
243,1266,1509,0.1388
238,1279,1517,0.1388
238,1279,1517,0.1388
230,1286,1516,0.1388
227,1294,1521,0.1388
228,1294,1522,0.1388
228,1293,1521,0.1388
223,1284,1507,0.1388
225,1295,1520,0.1388
225,1295,1520,0.1388
221,1300,1521,0.1388
220,1301,1521,0.1388
217,1297,1514,0.1388
216,1284,1500,0.1388
213,1309,1522,0.1388
210,1305,1515,0.1388
206,1301,1507,0.1388
207,1299,1506,0.1388
210,1299,1509,0.1388
207,1297,1504,0.1388
205,1303,1508,0.1388
202,1320,1522,0.1388
193,1323,1516,0.1388
200,1331,1531,0.1388
199,1327,1526,0.1388
198,1319,1517,0.1388
197,1313,1510,0.1388
194,1312,1506,0.1388
194,1323,1517,0.1388
193,1329,1522,0.1388
192,1321,1513,0.1388
191,1331,1522,0.1388
189,1333,1522,0.1388
188,1330,1518,0.1388
193,1324,1517,0.1388
195,1332,1527,0.1388
189,1329,1518,0.1388
184,1335,1519,0.1388
184,1338,1522,0.1388
183,1330,1513,0.1388
181,1323,1504,0.1388
184,1319,1503,0.1388
190,1319,1509,0.1388
194,1325,1519,0.1388
192,1336,1528,0.1388
193,1327,1520,0.1388
193,1330,1523,0.1388
199,1313,1512,0.1388
195,1308,1503,0.1388
197,1307,1504,0.1388
202,1309,1511,0.1388
201,1315,1516,0.1388
197,1318,1515,0.1388
197,1337,1534,0.1388
202,1328,1530,0.1388
200,1330,1530,0.1388
197,1323,1520,0.1388
199,1332,1531,0.1388
196,1329,1525,0.1388
192,1328,1520,0.1388
193,1326,1519,0.1388
197,1324,1521,0.1388
198,1326,1524,0.1388
196,1315,1511,0.1388
191,1322,1513,0.1388
192,1316,1508,0.1388
193,1327,1520,0.1388
189,1332,1521,0.1388
190,1328,1518,0.1388
187,1328,1515,0.1388
187,1327,1514,0.1388
190,1332,1522,0.1388
189,1328,1517,0.1388
189,1332,1521,0.1388
191,1333,1524,0.1388
190,1326,1516,0.1388
196,1327,1523,0.1388
192,1320,1512,0.1388
189,1331,1520,0.1388
190,1321,1511,0.1388
191,1317,1508,0.1388
188,1324,1512,0.1388
190,1326,1516,0.1388
186,1319,1505,0.1388
186,1310,1496,0.1388
185,1329,1514,0.1388
180,1318,1498,0.1388
185,1334,1519,0.1388
184,1343,1527,0.1388
185,1341,1526,0.1388
185,1342,1527,0.1388
183,1339,1522,0.1388
177,1342,1519,0.1388
189,1345,1534,0.1388
188,1337,1525,0.1388
184,1335,1519,0.1388
182,1328,1510,0.1388
181,1344,1525,0.1388
180,1335,1515,0.1388
175,1335,1510,0.1388
170,1346,1516,0.1388
173,1347,1520,0.1388
175,1342,1517,0.1388
175,1336,1511,0.1388
174,1341,1515,0.1388
176,1333,1509,0.1388
176,1339,1515,0.1388
178,1348,1526,0.1388
176,1349,1525,0.1388
181,1352,1533,0.1388
177,1340,1517,0.1388
180,1350,1530,0.1388
178,1341,1519,0.1388
174,1341,1515,0.1388
177,1336,1513,0.1388
176,1328,1504,0.1388
177,1331,1508,0.1388
177,1331,1508,0.1388
182,1336,1518,0.1388
184,1334,1518,0.1388
183,1347,1530,0.1388
183,1344,1527,0.1388
183,1338,1521,0.1388
184,1337,1521,0.1388
184,1337,1521,0.1388
186,1340,1526,0.1388
184,1330,1514,0.1388
186,1331,1517,0.1388
185,1341,1526,0.1388
180,1341,1521,0.1388
181,1336,1517,0.1388
185,1340,1525,0.1388
184,1333,1517,0.1388
184,1334,1518,0.1388
184,1325,1509,0.1388
187,1323,1510,0.1388
185,1326,1511,0.1388
182,1330,1512,0.1388
185,1324,1509,0.1388
183,1317,1500,0.1388
183,1323,1506,0.1388
187,1319,1506,0.1388
187,1329,1516,0.1388
183,1337,1520,0.1388
177,1325,1502,0.1388
175,1328,1503,0.1388
177,1332,1509,0.1388
169,1329,1498,0.1388
171,1335,1506,0.1388
168,1324,1492,0.1388
167,1334,1501,0.1388
166,1345,1511,0.1388
168,1346,1514,0.1388
172,1342,1514,0.1388
170,1338,1508,0.1388
174,1332,1506,0.1388
173,1337,1510,0.1388
175,1342,1517,0.1388
172,1347,1519,0.1388
173,1345,1518,0.1388
168,1352,1520,0.1388
169,1357,1526,0.1388
170,1344,1514,0.1388
168,1341,1509,0.1388
171,1343,1514,0.1388
169,1335,1504,0.1388
165,1337,1502,0.1388
167,1338,1505,0.1388
168,1334,1502,0.1388
168,1336,1504,0.1388
168,1344,1512,0.1388
170,1333,1503,0.1388
170,1355,1525,0.1388
165,1361,1526,0.1388
166,1365,1531,0.1388
164,1368,1532,0.1388
167,1369,1536,0.1388
161,1360,1521,0.1388
162,1362,1524,0.1388
158,1363,1521,0.1388
161,1364,1525,0.1388
161,1354,1515,0.1388
161,1352,1513,0.1388
159,1363,1522,0.1388
157,1360,1517,0.1388
149,1365,1514,0.1388
150,1355,1505,0.1388
149,1365,1514,0.1388
149,1362,1511,0.1388
158,1353,1511,0.1388
160,1353,1513,0.1388
155,1354,1509,0.1388
160,1353,1513,0.1388
162,1365,1527,0.1388
161,1360,1521,0.1388
161,1357,1518,0.1388
163,1349,1512,0.1388
162,1348,1510,0.1388
159,1348,1507,0.1388
158,1351,1509,0.1388
161,1357,1518,0.1388
161,1362,1523,0.1388
166,1361,1527,0.1388
166,1360,1526,0.1388
168,1360,1528,0.1388
165,1357,1522,0.1388
163,1347,1510,0.1388
163,1349,1512,0.1388
161,1355,1516,0.1388
163,1363,1526,0.1388
162,1355,1517,0.1388
160,1358,1518,0.1388
160,1356,1516,0.1388
157,1361,1518,0.1388
159,1359,1518,0.1388
163,1355,1518,0.1388
166,1345,1511,0.1388
166,1349,1515,0.1388
166,1350,1516,0.1388
169,1355,1524,0.1388
166,1355,1521,0.1388
168,1362,1530,0.1388
164,1357,1521,0.1388
156,1360,1516,0.1388
158,1364,1522,0.1388
158,1361,1519,0.1388
158,1357,1515,0.1388
159,1362,1521,0.1388
156,1357,1513,0.1388
156,1363,1519,0.1388
159,1364,1523,0.1388
156,1363,1519,0.1388
156,1356,1512,0.1388
157,1361,1518,0.1388
152,1359,1511,0.1388
154,1362,1516,0.1388
152,1351,1503,0.1388
146,1353,1499,0.1388
144,1353,1497,0.1388
144,1356,1500,0.1388
142,1362,1504,0.1388
142,1351,1493,0.1388
141,1359,1500,0.1388
137,1369,1506,0.1388
133,1384,1517,0.1388
133,1387,1520,0.1388
133,1369,1502,0.1388
131,1380,1511,0.1388
132,1380,1512,0.1388
133,1388,1521,0.1388
135,1386,1521,0.1388
128,1385,1513,0.1388
129,1393,1522,0.1388
127,1393,1520,0.1388
125,1392,1517,0.1388
124,1399,1523,0.1388
130,1405,1535,0.1388
127,1394,1521,0.1388
129,1393,1522,0.1388
127,1390,1517,0.1388
128,1383,1511,0.1388
127,1397,1524,0.1388
131,1399,1530,0.1388
127,1398,1525,0.1388
129,1391,1520,0.1388
124,1402,1526,0.1388
119,1407,1526,0.1388
116,1392,1508,0.1388
116,1394,1510,0.1388
115,1385,1500,0.1388
112,1384,1496,0.1388
113,1398,1511,0.1388
108,1403,1511,0.1388
111,1410,1521,0.1388
112,1407,1519,0.1388
114,1416,1530,0.1388
116,1409,1525,0.1388
112,1404,1516,0.1388
112,1405,1517,0.1388
109,1408,1517,0.1388
108,1417,1525,0.1388
103,1416,1519,0.1388
104,1409,1513,0.1388
108,1405,1513,0.1388
107,1404,1511,0.1388
106,1409,1515,0.1388
109,1406,1515,0.1388
109,1400,1509,0.1388
111,1412,1523,0.1388
113,1408,1521,0.1388
112,1406,1518,0.1388
110,1407,1517,0.1388
107,1399,1506,0.1388
109,1398,1507,0.1388
112,1401,1513,0.1388
112,1403,1515,0.1388
109,1398,1507,0.1388
108,1409,1517,0.1388
110,1418,1528,0.1388
110,1414,1524,0.1388
109,1416,1525,0.1388
109,1415,1524,0.1388
110,1421,1531,0.1388
110,1418,1528,0.1388
114,1411,1525,0.1388
118,1427,1545,0.1388
117,1405,1522,0.1388
114,1415,1529,0.1388
117,1405,1522,0.1388
120,1401,1521,0.1388
124,1393,1517,0.1388
118,1383,1501,0.1388
113,1387,1500,0.1388
117,1399,1516,0.1388
120,1397,1517,0.1388
120,1408,1528,0.1388
117,1423,1540,0.1388
117,1422,1539,0.1388
117,1423,1540,0.1388
121,1409,1530,0.1388
117,1388,1505,0.1388
115,1391,1506,0.1388
111,1414,1525,0.1388
112,1416,1528,0.1388
109,1408,1517,0.1388
109,1417,1526,0.1388
108,1412,1520,0.1388
110,1409,1519,0.1388
111,1413,1524,0.1388
113,1413,1526,0.1388
114,1405,1519,0.1388
111,1403,1514,0.1388
111,1405,1516,0.1388
114,1397,1511,0.1388
113,1398,1511,0.1388
112,1395,1507,0.1388
113,1383,1496,0.1388
113,1384,1497,0.1388
113,1384,1497,0.1388
117,1388,1505,0.1388
112,1378,1490,0.1388
111,1392,1503,0.1388
111,1378,1489,0.1388
108,1386,1494,0.1388
105,1394,1499,0.1388
108,1398,1506,0.1388
110,1401,1511,0.1388
107,1407,1514,0.1388
106,1404,1510,0.1388
102,1407,1509,0.1388
104,1402,1506,0.1388
105,1383,1488,0.1388
103,1410,1513,0.1388
101,1415,1516,0.1388
101,1424,1525,0.1388
107,1416,1523,0.1388
105,1401,1506,0.1388
103,1407,1510,0.1388
103,1418,1521,0.1388
101,1417,1518,0.1388
99,1426,1525,0.1388
100,1427,1527,0.1388
96,1415,1511,0.1388
95,1404,1499,0.1388
95,1420,1515,0.1388
93,1426,1519,0.1388
91,1428,1519,0.1388
97,1430,1527,0.1388
95,1433,1528,0.1388
90,1426,1516,0.1388
86,1423,1509,0.1388
90,1424,1514,0.1388
88,1418,1506,0.1388
91,1419,1510,0.1388
94,1416,1510,0.1388
91,1414,1505,0.1388
92,1408,1500,0.1388
90,1410,1500,0.1388
89,1409,1498,0.1388
91,1413,1504,0.1388
93,1418,1511,0.1388
93,1424,1517,0.1388
94,1419,1513,0.1388
90,1419,1509,0.1388
89,1420,1509,0.1388
86,1426,1512,0.1388
86,1424,1510,0.1388
88,1422,1510,0.1388
86,1437,1523,0.1388
86,1430,1516,0.1388
85,1432,1517,0.1388
85,1441,1526,0.1388
84,1450,1534,0.1388
83,1436,1519,0.1388
83,1433,1516,0.1388
83,1440,1523,0.1388
81,1435,1516,0.1388
83,1444,1527,0.1388
84,1440,1524,0.1388
85,1439,1524,0.1388
87,1430,1517,0.1388
88,1425,1513,0.1388
88,1437,1525,0.1388
88,1433,1521,0.1388
88,1435,1523,0.1388
87,1436,1523,0.1388
89,1425,1514,0.1388
88,1417,1505,0.1388
85,1433,1518,0.1388
88,1423,1511,0.1388
90,1426,1516,0.1388
90,1420,1510,0.1388
92,1411,1503,0.1388
93,1417,1510,0.1388
94,1411,1505,0.1388
94,1411,1505,0.1388
91,1412,1503,0.1388
85,1427,1512,0.1388
84,1433,1517,0.1388
84,1435,1519,0.1388
86,1428,1514,0.1388
87,1425,1512,0.1388
84,1425,1509,0.1388
84,1420,1504,0.1388
84,1423,1507,0.1388
83,1420,1503,0.1388
83,1414,1497,0.1388
88,1433,1521,0.1388
85,1427,1512,0.1388
87,1416,1503,0.1388
87,1421,1508,0.1388
92,1433,1525,0.1388
91,1427,1518,0.1388
93,1434,1527,0.1388
93,1423,1516,0.1388
94,1418,1512,0.1388
90,1433,1523,0.1388
92,1430,1522,0.1388
93,1436,1529,0.1388
90,1435,1525,0.1388
89,1432,1521,0.1388
90,1433,1523,0.1388
87,1426,1513,0.1388
87,1421,1508,0.1388
87,1419,1506,0.1388
86,1426,1512,0.1388
86,1418,1504,0.1388
83,1425,1508,0.1388
79,1429,1508,0.1388
76,1435,1511,0.1388
76,1437,1513,0.1388
78,1436,1514,0.1388
80,1433,1513,0.1388
82,1433,1515,0.1388
78,1438,1516,0.1388
78,1438,1516,0.1388
77,1423,1500,0.1388
77,1424,1501,0.1388
76,1423,1499,0.1388
74,1445,1519,0.1388
74,1464,1538,0.1388
74,1467,1541,0.1388
71,1454,1525,0.1388
72,1444,1516,0.1388
72,1436,1508,0.1388
72,1436,1508,0.1388
72,1437,1509,0.1388
70,1445,1515,0.1388
70,1443,1513,0.1388
70,1446,1516,0.1388
69,1456,1525,0.1388
72,1453,1525,0.1388
71,1449,1520,0.1388
74,1459,1533,0.1388
73,1454,1527,0.1388
70,1455,1525,0.1388
68,1453,1521,0.1388
67,1443,1510,0.1388
67,1449,1516,0.1388
65,1438,1503,0.1388
65,1442,1507,0.1388
63,1454,1517,0.1388
61,1449,1510,0.1388
60,1454,1514,0.1388
60,1449,1509,0.1388
57,1448,1505,0.1388
59,1458,1517,0.1388
58,1462,1520,0.1388
56,1457,1513,0.1388
57,1443,1500,0.1388
59,1446,1505,0.1388
60,1455,1515,0.1388
59,1451,1510,0.1388
59,1448,1507,0.1388
55,1443,1498,0.1388
58,1441,1499,0.1388
58,1443,1501,0.1388
60,1448,1508,0.1388
60,1456,1516,0.1388
60,1467,1527,0.1388
56,1469,1525,0.1388
55,1455,1510,0.1388
55,1469,1524,0.1388
53,1456,1509,0.1388
54,1455,1509,0.1388
54,1458,1512,0.1388
55,1464,1519,0.1388
54,1462,1516,0.1388
54,1451,1505,0.1388
54,1457,1511,0.1388
53,1459,1512,0.1388
58,1453,1511,0.1388
58,1468,1526,0.1388
58,1466,1524,0.1388
53,1457,1510,0.1388
53,1453,1506,0.1388
49,1464,1513,0.1388
53,1476,1529,0.1388
51,1473,1524,0.1388
49,1462,1511,0.1388
48,1459,1507,0.1388
48,1473,1521,0.1388
47,1472,1519,0.1388
47,1472,1519,0.1388
47,1467,1514,0.1388
48,1468,1516,0.1388
50,1469,1519,0.1388
50,1476,1526,0.1388
51,1474,1525,0.1388
52,1477,1529,0.1388
48,1472,1520,0.1388
50,1470,1520,0.1388
54,1460,1514,0.1388
53,1456,1509,0.1388
52,1457,1509,0.1388
53,1460,1513,0.1388
52,1465,1517,0.1388
52,1473,1525,0.1388
52,1473,1525,0.1388
50,1477,1527,0.1388
48,1481,1529,0.1388
49,1473,1522,0.1388
50,1467,1517,0.1388
53,1468,1521,0.1388
51,1466,1517,0.1388
47,1468,1515,0.1388
46,1468,1514,0.1388
42,1464,1506,0.1388
44,1468,1512,0.1388
44,1473,1517,0.1388
42,1477,1519,0.1388
40,1474,1514,0.1388
40,1469,1509,0.1388
38,1475,1513,0.1388
40,1469,1509,0.1388
40,1468,1508,0.1388
39,1466,1505,0.1388
38,1466,1504,0.1388
36,1464,1500,0.1388
37,1469,1506,0.1388
35,1462,1497,0.1388
38,1474,1512,0.1388
40,1475,1515,0.1388
40,1473,1513,0.1388
41,1484,1525,0.1388
40,1484,1524,0.1388
42,1481,1523,0.1388
41,1467,1508,0.1388
40,1470,1510,0.1388
39,1470,1509,0.1388
38,1481,1519,0.1388
38,1480,1518,0.1388
39,1485,1524,0.1388
40,1474,1514,0.1388
39,1462,1501,0.1388
39,1465,1504,0.1388
38,1470,1508,0.1388
38,1476,1514,0.1388
36,1479,1515,0.1388
37,1468,1505,0.1388
37,1473,1510,0.1388
38,1481,1519,0.1388
39,1475,1514,0.1388
39,1463,1502,0.1388
37,1469,1506,0.1388
36,1466,1502,0.1388
37,1474,1511,0.1388
40,1472,1512,0.1388
39,1492,1531,0.1388
38,1476,1514,0.1388
40,1466,1506,0.1388
42,1475,1517,0.1388
42,1474,1516,0.1388
42,1467,1509,0.1388
44,1466,1510,0.1388
43,1466,1509,0.1388
42,1469,1511,0.1388
40,1467,1507,0.1388
38,1474,1512,0.1388
42,1488,1530,0.1388
39,1482,1521,0.1388
38,1486,1524,0.1388
38,1474,1512,0.1388
37,1492,1529,0.1388
38,1489,1527,0.1388
39,1478,1517,0.1388
37,1468,1505,0.1388
37,1460,1497,0.1388
39,1464,1503,0.1388
38,1462,1500,0.1388
40,1470,1510,0.1388
40,1476,1516,0.1388
40,1474,1514,0.1388
43,1479,1522,0.1388
41,1482,1523,0.1388
42,1478,1520,0.1388
44,1474,1518,0.1388
44,1474,1518,0.1388
44,1465,1509,0.1388
44,1474,1518,0.1388
42,1483,1525,0.1388
40,1468,1508,0.1388
38,1472,1510,0.1388
36,1478,1514,0.1388
37,1471,1508,0.1388
38,1474,1512,0.1388
36,1471,1507,0.1388
38,1456,1494,0.1388
39,1453,1492,0.1388
38,1465,1503,0.1388
37,1462,1499,0.1388
38,1466,1504,0.1388
35,1483,1518,0.1388
37,1482,1519,0.1388
37,1490,1527,0.1388
36,1491,1527,0.1388
36,1472,1508,0.1388
35,1481,1516,0.1388
35,1483,1518,0.1388
33,1497,1530,0.1388
32,1499,1531,0.1388
33,1493,1526,0.1388
32,1488,1520,0.1388
31,1483,1514,0.1388
29,1479,1508,0.1388
29,1480,1509,0.1388
30,1484,1514,0.1388
29,1478,1507,0.1388
26,1474,1500,0.1388
29,1472,1501,0.1388
30,1480,1510,0.1388
29,1474,1503,0.1388
30,1471,1501,0.1388
28,1468,1496,0.1388
30,1461,1491,0.1388
30,1474,1504,0.1388
30,1469,1499,0.1388
30,1473,1503,0.1388
29,1481,1510,0.1388
29,1487,1516,0.1388
29,1494,1523,0.1388
29,1486,1515,0.1388
29,1479,1508,0.1388
28,1483,1511,0.1388
26,1495,1521,0.1388
26,1495,1521,0.1388
29,1485,1514,0.1388
29,1487,1516,0.1388
30,1481,1511,0.1388
31,1489,1520,0.1388
30,1494,1524,0.1388
30,1510,1540,0.1388
29,1509,1538,0.1388
29,1497,1526,0.1388
29,1510,1539,0.1388
27,1505,1532,0.1388
27,1496,1523,0.1388
26,1488,1514,0.1388
26,1483,1509,0.1388
27,1484,1511,0.1388
29,1488,1517,0.1388
27,1487,1514,0.1388
26,1489,1515,0.1388
26,1484,1510,0.1388
25,1483,1508,0.1388
25,1478,1503,0.1388
26,1480,1506,0.1388
27,1487,1514,0.1388
27,1487,1514,0.1388
27,1474,1501,0.1388
26,1487,1513,0.1388
26,1481,1507,0.1388
26,1495,1521,0.1388
26,1491,1517,0.1388
28,1488,1516,0.1388
29,1487,1516,0.1388
25,1500,1525,0.1388
26,1506,1532,0.1388
26,1489,1515,0.1388
25,1483,1508,0.1388
25,1476,1501,0.1388
25,1481,1506,0.1388
25,1474,1499,0.1388
23,1476,1499,0.1388
22,1471,1493,0.1388
22,1481,1503,0.1388
22,1483,1505,0.1388
21,1479,1500,0.1388
23,1484,1507,0.1388
22,1497,1519,0.1388
20,1498,1518,0.1388
18,1509,1527,0.1388
17,1499,1516,0.1388
19,1491,1510,0.1388
18,1498,1516,0.1388
18,1500,1518,0.1388
18,1498,1516,0.1388
17,1499,1516,0.1388
16,1501,1517,0.1388
16,1508,1524,0.1388
16,1504,1520,0.1388
16,1497,1513,0.1388
16,1503,1519,0.1388
16,1509,1525,0.1388
16,1511,1527,0.1388
15,1501,1516,0.1388
15,1500,1515,0.1388
14,1502,1516,0.1388
16,1517,1533,0.1388
15,1501,1516,0.1388
16,1481,1497,0.1388
14,1498,1512,0.1388
15,1491,1506,0.1388
15,1498,1513,0.1388
15,1499,1514,0.1388
16,1498,1514,0.1388
16,1490,1506,0.1388
16,1512,1528,0.1388
16,1507,1523,0.1388
14,1515,1529,0.1388
13,1513,1526,0.1388
13,1511,1524,0.1388
14,1508,1522,0.1388
15,1520,1535,0.1388
15,1512,1527,0.1388
15,1525,1540,0.1388
14,1510,1524,0.1388
14,1511,1525,0.1388
13,1498,1511,0.1388
14,1500,1514,0.1388
13,1516,1529,0.1388
13,1510,1523,0.1388
12,1501,1513,0.1388
12,1507,1519,0.1388
12,1517,1529,0.1388
13,1511,1524,0.1388
14,1530,1544,0.1388
14,1519,1533,0.1388
14,1514,1528,0.1388
14,1502,1516,0.1388
12,1493,1505,0.1388
10,1504,1514,0.1388
10,1522,1532,0.1388
10,1521,1531,0.1388
10,1518,1528,0.1388
10,1512,1522,0.1388
10,1520,1530,0.1388
9,1512,1521,0.1388
8,1514,1522,0.1388
10,1508,1518,0.1388
10,1503,1513,0.1388
11,1513,1524,0.1388
11,1516,1527,0.1388
11,1515,1526,0.1388
12,1520,1532,0.1388
11,1522,1533,0.1388
11,1519,1530,0.1388
11,1520,1531,0.1388
10,1511,1521,0.1388
10,1517,1527,0.1388
10,1524,1534,0.1388
10,1501,1511,0.1388
10,1494,1504,0.1388
9,1501,1510,0.1388
9,1516,1525,0.1388
8,1507,1515,0.1388
8,1515,1523,0.1388
8,1507,1515,0.1388
9,1511,1520,0.1388
8,1507,1515,0.1388
9,1505,1514,0.1388
9,1507,1516,0.1388
9,1502,1511,0.1388
8,1510,1518,0.1388
9,1512,1521,0.1388
9,1503,1512,0.1388
10,1517,1527,0.1388
10,1503,1513,0.1388
10,1500,1510,0.1388
10,1496,1506,0.1388
12,1500,1512,0.1388
13,1500,1513,0.1388
13,1495,1508,0.1388
13,1505,1518,0.1388
13,1515,1528,0.1388
12,1525,1537,0.1388
14,1517,1531,0.1388
13,1503,1516,0.1388
12,1511,1523,0.1388
11,1500,1511,0.1388
12,1503,1515,0.1388
12,1496,1508,0.1388
13,1494,1507,0.1388
13,1506,1519,0.1388
13,1492,1505,0.1388
13,1497,1510,0.1388
13,1504,1517,0.1388
13,1492,1505,0.1388
13,1501,1514,0.1388
12,1505,1517,0.1388
13,1516,1529,0.1388
13,1500,1513,0.1388
13,1493,1506,0.1388
12,1495,1507,0.1388
12,1496,1508,0.1388
12,1508,1520,0.1388
12,1516,1528,0.1388
13,1519,1532,0.1388
14,1501,1515,0.1388
14,1495,1509,0.1388
14,1491,1505,0.1388
14,1501,1515,0.1388
15,1503,1518,0.1388
14,1498,1512,0.1388
16,1493,1509,0.1388
16,1490,1506,0.1388
16,1491,1507,0.1388
15,1507,1522,0.1388
15,1508,1523,0.1388
15,1514,1529,0.1388
14,1522,1536,0.1388
14,1518,1532,0.1388
14,1512,1526,0.1388
14,1504,1518,0.1388
14,1495,1509,0.1388
14,1495,1509,0.1388
14,1490,1504,0.1388
14,1497,1511,0.1388
14,1499,1513,0.1388
13,1503,1516,0.1388
12,1514,1526,0.1388
14,1525,1539,0.1388
15,1515,1530,0.1388
14,1524,1538,0.1388
14,1514,1528,0.1388
15,1505,1520,0.1388
14,1510,1524,0.1388
16,1513,1529,0.1388
15,1502,1517,0.1388
15,1507,1522,0.1388
15,1509,1524,0.1388
15,1503,1518,0.1388
16,1500,1516,0.1388
15,1503,1518,0.1388
15,1503,1518,0.1388
16,1502,1518,0.1388
15,1498,1513,0.1388
15,1500,1515,0.1388
15,1499,1514,0.1388
13,1499,1512,0.1388
13,1508,1521,0.1388
13,1509,1522,0.1388
14,1509,1523,0.1388
14,1496,1510,0.1388
14,1501,1515,0.1388
13,1511,1524,0.1388
14,1518,1532,0.1388
13,1511,1524,0.1388
13,1519,1532,0.1388
14,1504,1518,0.1388
14,1502,1516,0.1388
16,1496,1512,0.1388
18,1505,1523,0.1388
17,1511,1528,0.1388
18,1511,1529,0.1388
18,1515,1533,0.1388
17,1511,1528,0.1388
16,1508,1524,0.1388
16,1508,1524,0.1388
16,1498,1514,0.1388
17,1503,1520,0.1388
17,1516,1533,0.1388
15,1521,1536,0.1388
14,1511,1525,0.1388
14,1505,1519,0.1388
13,1499,1512,0.1388
11,1508,1519,0.1388
11,1504,1515,0.1388
11,1509,1520,0.1388
11,1512,1523,0.1388
13,1511,1524,0.1388
12,1493,1505,0.1388
12,1498,1510,0.1388
12,1510,1522,0.1388
12,1502,1514,0.1388
11,1500,1511,0.1388
10,1500,1510,0.1388
11,1516,1527,0.1388
11,1505,1516,0.1388
10,1510,1520,0.1388
10,1507,1517,0.1388
12,1505,1517,0.1388
11,1497,1508,0.1388
11,1494,1505,0.1388
10,1504,1514,0.1388
9,1496,1505,0.1388
8,1501,1509,0.1388
9,1500,1509,0.1388
8,1502,1510,0.1388
8,1503,1511,0.1388
8,1517,1525,0.1388
9,1515,1524,0.1388
9,1518,1527,0.1388
9,1510,1519,0.1388
9,1511,1520,0.1388
9,1508,1517,0.1388
9,1508,1517,0.1388
9,1506,1515,0.1388
9,1498,1507,0.1388
8,1489,1497,0.1388
9,1486,1495,0.1388
9,1486,1495,0.1388
9,1490,1499,0.1388
8,1501,1509,0.1388
7,1502,1509,0.1388
8,1508,1516,0.1388
8,1508,1516,0.1388
6,1512,1518,0.1388
6,1517,1523,0.1388
7,1510,1517,0.1388
7,1501,1508,0.1388
7,1505,1512,0.1388
7,1504,1511,0.1388
7,1505,1512,0.1388
7,1506,1513,0.1388
7,1509,1516,0.1388
7,1520,1527,0.1388
7,1517,1524,0.1388
7,1508,1515,0.1388
6,1514,1520,0.1388
6,1510,1516,0.1388
6,1511,1517,0.1388
6,1510,1516,0.1388
6,1502,1508,0.1388
5,1497,1502,0.1388
5,1504,1509,0.1388
5,1502,1507,0.1388
5,1504,1509,0.1388
5,1503,1508,0.1388
5,1489,1494,0.1388
5,1502,1507,0.1388
5,1505,1510,0.1388
5,1506,1511,0.1388
5,1507,1512,0.1388
5,1508,1513,0.1388
4,1518,1522,0.1388
4,1524,1528,0.1388
4,1515,1519,0.1388
4,1506,1510,0.1388
5,1510,1515,0.1388
4,1517,1521,0.1388
5,1518,1523,0.1388
5,1521,1526,0.1388
5,1510,1515,0.1388
6,1507,1513,0.1388
6,1505,1511,0.1388
6,1509,1515,0.1388
6,1509,1515,0.1388
6,1519,1525,0.1388
6,1519,1525,0.1388
6,1517,1523,0.1388
6,1531,1537,0.1388
6,1523,1529,0.1388
7,1514,1521,0.1388
7,1503,1510,0.1388
7,1503,1510,0.1388
7,1496,1503,0.1388
7,1508,1515,0.1388
7,1508,1515,0.1388
7,1506,1513,0.1388
7,1511,1518,0.1388
7,1519,1526,0.1388
8,1513,1521,0.1388
8,1525,1533,0.1388
7,1520,1527,0.1388
7,1525,1532,0.1388
7,1510,1517,0.1388
7,1509,1516,0.1388
6,1511,1517,0.1388
7,1510,1517,0.1388
8,1517,1525,0.1388
7,1522,1529,0.1388
7,1513,1520,0.1388
7,1522,1529,0.1388
6,1517,1523,0.1388
5,1503,1508,0.1388
5,1496,1501,0.1388
5,1493,1498,0.1388
5,1503,1508,0.1388
5,1512,1517,0.1388
4,1512,1516,0.1388
4,1514,1518,0.1388
4,1517,1521,0.1388
4,1523,1527,0.1388
3,1525,1528,0.1388
3,1511,1514,0.1388
3,1511,1514,0.1388
3,1532,1535,0.1388
3,1525,1528,0.1388
3,1516,1519,0.1388
3,1516,1519,0.1388
3,1518,1521,0.1388
3,1502,1505,0.1388
3,1493,1496,0.1388
3,1503,1506,0.1388
3,1503,1506,0.1388
3,1505,1508,0.1388
3,1511,1514,0.1388
3,1511,1514,0.1388
3,1508,1511,0.1388
3,1520,1523,0.1388
3,1516,1519,0.1388
3,1516,1519,0.1388
3,1523,1526,0.1388
3,1506,1509,0.1388
3,1516,1519,0.1388
3,1517,1520,0.1388
3,1525,1528,0.1388
3,1524,1527,0.1388
3,1520,1523,0.1388
3,1502,1505,0.1388
2,1507,1509,0.1388
3,1519,1522,0.1388
3,1514,1517,0.1388
3,1512,1515,0.1388
4,1511,1515,0.1388
4,1509,1513,0.1388
4,1522,1526,0.1388
4,1521,1525,0.1388
4,1508,1512,0.1388
4,1503,1507,0.1388
4,1511,1515,0.1388
4,1506,1510,0.1388
5,1503,1508,0.1388
5,1504,1509,0.1388
4,1497,1501,0.1388
4,1503,1507,0.1388
4,1510,1514,0.1388
4,1523,1527,0.1388
4,1509,1513,0.1388
4,1493,1497,0.1388
4,1496,1500,0.1388
4,1505,1509,0.1388
4,1512,1516,0.1388
4,1511,1515,0.1388
4,1502,1506,0.1388
4,1499,1503,0.1388
4,1502,1506,0.1388
4,1508,1512,0.1388
5,1518,1523,0.1388
5,1523,1528,0.1388
5,1507,1512,0.1388
5,1512,1517,0.1388
4,1524,1528,0.1388
4,1517,1521,0.1388
4,1526,1530,0.1388
2,1518,1520,0.1388
2,1519,1521,0.1388
2,1513,1515,0.1388
2,1514,1516,0.1388
2,1513,1515,0.1388
2,1505,1507,0.1388
2,1495,1497,0.1388
2,1501,1503,0.1388
2,1505,1507,0.1388
2,1510,1512,0.1388
2,1501,1503,0.1388
2,1497,1499,0.1388
2,1508,1510,0.1388
2,1527,1529,0.1388
2,1534,1536,0.1388
2,1526,1528,0.1388
2,1526,1528,0.1388
2,1528,1530,0.1388
2,1533,1535,0.1388
2,1528,1530,0.1388
2,1533,1535,0.1388
2,1526,1528,0.1388
2,1519,1521,0.1388
2,1506,1508,0.1388
1,1504,1505,0.1388
1,1518,1519,0.1388
1,1514,1515,0.1388
0,1521,1521,0.1388
