1387,33,1420,0.1388
1409,34,1443,0.1388
1440,35,1475,0.1388
1432,40,1472,0.1388
1433,42,1475,0.1388
1439,44,1483,0.1388
1445,42,1487,0.1388
1445,44,1489,0.1388
1453,44,1497,0.1388
1453,44,1497,0.1388
1460,46,1506,0.1388
1448,44,1492,0.1388
1462,44,1506,0.1388
1461,44,1505,0.1388
1453,44,1497,0.1388
1448,46,1494,0.1388
1445,44,1489,0.1388
1446,44,1490,0.1388
1436,44,1480,0.1388
1436,46,1482,0.1388
1448,48,1496,0.1388
1454,49,1503,0.1388
1447,50,1497,0.1388
1436,49,1485,0.1388
1431,51,1482,0.1388
1430,53,1483,0.1388
1424,53,1477,0.1388
1419,53,1472,0.1388
1429,52,1481,0.1388
1437,53,1490,0.1388
1440,55,1495,0.1388
1429,54,1483,0.1388
1426,54,1480,0.1388
1437,53,1490,0.1388
1442,53,1495,0.1388
1434,51,1485,0.1388
1434,52,1486,0.1388
1430,56,1486,0.1388
1425,61,1486,0.1388
1418,62,1480,0.1388
1419,63,1482,0.1388
1421,64,1485,0.1388
1420,64,1484,0.1388
1417,62,1479,0.1388
1437,64,1501,0.1388
1422,63,1485,0.1388
1418,61,1479,0.1388
1426,64,1490,0.1388
1438,65,1503,0.1388
1422,65,1487,0.1388
1446,63,1509,0.1388
1451,62,1513,0.1388
1440,61,1501,0.1388
1432,62,1494,0.1388
1439,62,1501,0.1388
1444,60,1504,0.1388
1433,63,1496,0.1388
1431,66,1497,0.1388
1421,67,1488,0.1388
1434,68,1502,0.1388
1438,65,1503,0.1388
1429,65,1494,0.1388
1437,64,1501,0.1388
1430,63,1493,0.1388
1438,60,1498,0.1388
1439,62,1501,0.1388
1431,60,1491,0.1388
1423,58,1481,0.1388
1416,62,1478,0.1388
1432,62,1494,0.1388
1429,64,1493,0.1388
1424,64,1488,0.1388
1421,65,1486,0.1388
1411,64,1475,0.1388
1416,67,1483,0.1388
1421,70,1491,0.1388
1414,69,1483,0.1388
1417,68,1485,0.1388
1424,66,1490,0.1388
1420,70,1490,0.1388
1421,69,1490,0.1388
1419,68,1487,0.1388
1409,72,1481,0.1388
1406,73,1479,0.1388
1415,69,1484,0.1388
1411,68,1479,0.1388
1413,71,1484,0.1388
1418,73,1491,0.1388
1422,74,1496,0.1388
1404,73,1477,0.1388
1406,72,1478,0.1388
1413,72,1485,0.1388
1415,74,1489,0.1388
1417,75,1492,0.1388
1412,76,1488,0.1388
1410,76,1486,0.1388
1423,76,1499,0.1388
1433,79,1512,0.1388
1430,78,1508,0.1388
1429,76,1505,0.1388
1427,78,1505,0.1388
1424,76,1500,0.1388
1411,78,1489,0.1388
1408,75,1483,0.1388
1410,76,1486,0.1388
1410,79,1489,0.1388
1406,83,1489,0.1388
1394,86,1480,0.1388
1406,88,1494,0.1388
1400,88,1488,0.1388
1394,89,1483,0.1388
1386,92,1478,0.1388
1380,94,1474,0.1388
1380,94,1474,0.1388
1388,94,1482,0.1388
1394,95,1489,0.1388
1388,100,1488,0.1388
1402,99,1501,0.1388
1387,97,1484,0.1388
1390,99,1489,0.1388
1392,100,1492,0.1388
1392,97,1489,0.1388
1387,96,1483,0.1388
1388,97,1485,0.1388
1395,97,1492,0.1388
1402,100,1502,0.1388
1398,98,1496,0.1388
1397,99,1496,0.1388
1405,99,1504,0.1388
1393,97,1490,0.1388
1387,96,1483,0.1388
1380,98,1478,0.1388
1392,100,1492,0.1388
1376,100,1476,0.1388
1383,104,1487,0.1388
1402,102,1504,0.1388
1391,103,1494,0.1388
1389,103,1492,0.1388
1382,103,1485,0.1388
1380,105,1485,0.1388
1380,106,1486,0.1388
1377,101,1478,0.1388
1385,103,1488,0.1388
1380,104,1484,0.1388
1379,103,1482,0.1388
1381,103,1484,0.1388
1386,101,1487,0.1388
1389,101,1490,0.1388
1386,99,1485,0.1388
1389,96,1485,0.1388
1388,99,1487,0.1388
1395,101,1496,0.1388
1394,102,1496,0.1388
1397,102,1499,0.1388
1399,103,1502,0.1388
1395,103,1498,0.1388
1398,104,1502,0.1388
1402,104,1506,0.1388
1403,105,1508,0.1388
1389,106,1495,0.1388
1390,110,1500,0.1388
1404,110,1514,0.1388
1394,109,1503,0.1388
1399,103,1502,0.1388
1397,101,1498,0.1388
1396,101,1497,0.1388
1389,103,1492,0.1388
1387,99,1486,0.1388
1401,102,1503,0.1388
1402,97,1499,0.1388
1405,94,1499,0.1388
1401,97,1498,0.1388
1388,97,1485,0.1388
1395,96,1491,0.1388
1401,98,1499,0.1388
1393,97,1490,0.1388
1395,92,1487,0.1388
1395,92,1487,0.1388
1397,93,1490,0.1388
1399,93,1492,0.1388
1388,94,1482,0.1388
1396,95,1491,0.1388
1403,96,1499,0.1388
1410,102,1512,0.1388
1413,100,1513,0.1388
1406,93,1499,0.1388
1414,96,1510,0.1388
1395,99,1494,0.1388
1396,99,1495,0.1388
1404,102,1506,0.1388
1407,103,1510,0.1388
1401,100,1501,0.1388
1385,104,1489,0.1388
1379,106,1485,0.1388
1397,108,1505,0.1388
1394,107,1501,0.1388
1394,105,1499,0.1388
1382,105,1487,0.1388
1384,101,1485,0.1388
1384,105,1489,0.1388
1383,103,1486,0.1388
1390,106,1496,0.1388
1392,105,1497,0.1388
1387,107,1494,0.1388
1394,105,1499,0.1388
1374,105,1479,0.1388
1379,110,1489,0.1388
1382,109,1491,0.1388
1382,110,1492,0.1388
1379,109,1488,0.1388
1368,112,1480,0.1388
1371,114,1485,0.1388
1381,111,1492,0.1388
1389,110,1499,0.1388
1385,110,1495,0.1388
1378,114,1492,0.1388
1365,110,1475,0.1388
1367,112,1479,0.1388
1367,113,1480,0.1388
1386,114,1500,0.1388
1372,115,1487,0.1388
1355,115,1470,0.1388
1348,119,1467,0.1388
1352,119,1471,0.1388
1362,121,1483,0.1388
1369,122,1491,0.1388
1362,122,1484,0.1388
1358,122,1480,0.1388
1372,125,1497,0.1388
1380,124,1504,0.1388
1379,124,1503,0.1388
1381,123,1504,0.1388
1386,121,1507,0.1388
1380,119,1499,0.1388
1388,115,1503,0.1388
1383,119,1502,0.1388
1383,121,1504,0.1388
1375,125,1500,0.1388
1378,126,1504,0.1388
1382,123,1505,0.1388
1372,125,1497,0.1388
1364,128,1492,0.1388
1359,125,1484,0.1388
1357,128,1485,0.1388
1369,132,1501,0.1388
1367,134,1501,0.1388
1363,132,1495,0.1388
1365,134,1499,0.1388
1370,138,1508,0.1388
1360,139,1499,0.1388
1361,142,1503,0.1388
1352,148,1500,0.1388
1352,144,1496,0.1388
1351,146,1497,0.1388
1344,148,1492,0.1388
1344,147,1491,0.1388
1347,146,1493,0.1388
1341,148,1489,0.1388
1338,152,1490,0.1388
1338,152,1490,0.1388
1348,151,1499,0.1388
1341,152,1493,0.1388
1332,157,1489,0.1388
1320,160,1480,0.1388
1320,163,1483,0.1388
1329,166,1495,0.1388
1343,164,1507,0.1388
1325,168,1493,0.1388
1313,167,1480,0.1388
1315,168,1483,0.1388
1311,165,1476,0.1388
1311,166,1477,0.1388
1327,166,1493,0.1388
1330,163,1493,0.1388
1330,162,1492,0.1388
1339,162,1501,0.1388
1328,162,1490,0.1388
1328,169,1497,0.1388
1326,169,1495,0.1388
1331,171,1502,0.1388
1317,174,1491,0.1388
1323,174,1497,0.1388
1323,173,1496,0.1388
1318,169,1487,0.1388
1312,171,1483,0.1388
1317,177,1494,0.1388
1316,181,1497,0.1388
1311,183,1494,0.1388
1315,180,1495,0.1388
1304,182,1486,0.1388
1311,180,1491,0.1388
1308,184,1492,0.1388
1296,183,1479,0.1388
1310,182,1492,0.1388
1327,183,1510,0.1388
1329,183,1512,0.1388
1324,189,1513,0.1388
1321,191,1512,0.1388
1307,193,1500,0.1388
1298,194,1492,0.1388
1302,200,1502,0.1388
1294,203,1497,0.1388
1291,200,1491,0.1388
1302,201,1503,0.1388
1297,198,1495,0.1388
1304,197,1501,0.1388
1304,203,1507,0.1388
1287,203,1490,0.1388
1289,207,1496,0.1388
1282,203,1485,0.1388
1276,203,1479,0.1388
1274,205,1479,0.1388
1279,205,1484,0.1388
1292,206,1498,0.1388
1296,208,1504,0.1388
1290,206,1496,0.1388
1292,206,1498,0.1388
1276,211,1487,0.1388
1279,207,1486,0.1388
1279,206,1485,0.1388
1281,208,1489,0.1388
1282,211,1493,0.1388
1290,206,1496,0.1388
1292,205,1497,0.1388
1301,204,1505,0.1388
1302,208,1510,0.1388
1282,208,1490,0.1388
1285,210,1495,0.1388
1285,206,1491,0.1388
1294,213,1507,0.1388
1291,213,1504,0.1388
1287,215,1502,0.1388
1286,216,1502,0.1388
1283,215,1498,0.1388
1281,212,1493,0.1388
1285,215,1500,0.1388
1287,214,1501,0.1388
1279,216,1495,0.1388
1280,218,1498,0.1388
1290,215,1505,0.1388
1289,213,1502,0.1388
1288,215,1503,0.1388
1286,216,1502,0.1388
1280,219,1499,0.1388
1277,215,1492,0.1388
1282,221,1503,0.1388
1282,221,1503,0.1388
1288,219,1507,0.1388
1284,216,1500,0.1388
1289,215,1504,0.1388
1278,216,1494,0.1388
1280,218,1498,0.1388
1277,218,1495,0.1388
1276,225,1501,0.1388
1277,227,1504,0.1388
1279,225,1504,0.1388
1284,227,1511,0.1388
1284,226,1510,0.1388
1293,226,1519,0.1388
1272,228,1500,0.1388
1271,228,1499,0.1388
1270,229,1499,0.1388
1266,232,1498,0.1388
1264,228,1492,0.1388
1271,232,1503,0.1388
1273,232,1505,0.1388
1272,232,1504,0.1388
1264,229,1493,0.1388
1258,233,1491,0.1388
1256,235,1491,0.1388
1251,238,1489,0.1388
1256,239,1495,0.1388
1257,238,1495,0.1388
1253,244,1497,0.1388
1253,244,1497,0.1388
1250,243,1493,0.1388
1253,247,1500,0.1388
1257,244,1501,0.1388
1262,244,1506,0.1388
1259,245,1504,0.1388
1265,240,1505,0.1388
1254,238,1492,0.1388
1256,240,1496,0.1388
1250,243,1493,0.1388
1235,242,1477,0.1388
1239,247,1486,0.1388
1243,243,1486,0.1388
1250,247,1497,0.1388
1263,247,1510,0.1388
1245,243,1488,0.1388
1251,250,1501,0.1388
1245,255,1500,0.1388
1248,254,1502,0.1388
1255,250,1505,0.1388
1247,250,1497,0.1388
1249,251,1500,0.1388
1241,254,1495,0.1388
1244,255,1499,0.1388
1241,256,1497,0.1388
1240,258,1498,0.1388
1238,254,1492,0.1388
1256,258,1514,0.1388
1257,252,1509,0.1388
1260,249,1509,0.1388
1252,248,1500,0.1388
1239,253,1492,0.1388
1245,260,1505,0.1388
1254,255,1509,0.1388
1246,262,1508,0.1388
1250,260,1510,0.1388
1251,259,1510,0.1388
1263,253,1516,0.1388
1253,254,1507,0.1388
1238,260,1498,0.1388
1229,262,1491,0.1388
1240,254,1494,0.1388
1229,257,1486,0.1388
1228,260,1488,0.1388
1242,261,1503,0.1388
1233,257,1490,0.1388
1250,259,1509,0.1388
1253,256,1509,0.1388
1253,253,1506,0.1388
1253,250,1503,0.1388
1249,250,1499,0.1388
1242,256,1498,0.1388
1232,263,1495,0.1388
1232,264,1496,0.1388
1217,265,1482,0.1388
1218,260,1478,0.1388
1223,263,1486,0.1388
1208,265,1473,0.1388
1208,264,1472,0.1388
1214,271,1485,0.1388
1211,264,1475,0.1388
1194,268,1462,0.1388
1205,264,1469,0.1388
1212,264,1476,0.1388
1220,261,1481,0.1388
1223,266,1489,0.1388
1225,265,1490,0.1388
1238,263,1501,0.1388
1229,262,1491,0.1388
1243,261,1504,0.1388
1258,260,1518,0.1388
1245,262,1507,0.1388
1238,260,1498,0.1388
1221,264,1485,0.1388
1227,258,1485,0.1388
1230,254,1484,0.1388
1228,254,1482,0.1388
1243,249,1492,0.1388
1244,246,1490,0.1388
1234,242,1476,0.1388
1238,252,1490,0.1388
1236,254,1490,0.1388
1239,255,1494,0.1388
1247,256,1503,0.1388
1246,257,1503,0.1388
1245,256,1501,0.1388
1247,259,1506,0.1388
1238,258,1496,0.1388
1227,259,1486,0.1388
1222,254,1476,0.1388
1233,254,1487,0.1388
1234,257,1491,0.1388
1232,251,1483,0.1388
1231,258,1489,0.1388
1228,260,1488,0.1388
1231,260,1491,0.1388
1239,263,1502,0.1388
1236,264,1500,0.1388
1226,259,1485,0.1388
1223,265,1488,0.1388
1225,260,1485,0.1388
1227,257,1484,0.1388
1236,253,1489,0.1388
1246,248,1494,0.1388
1242,249,1491,0.1388
1243,253,1496,0.1388
1237,260,1497,0.1388
1242,254,1496,0.1388
1245,254,1499,0.1388
1234,263,1497,0.1388
1230,260,1490,0.1388
1235,260,1495,0.1388
1237,261,1498,0.1388
1234,259,1493,0.1388
1228,263,1491,0.1388
1227,261,1488,0.1388
1239,257,1496,0.1388
1237,265,1502,0.1388
1235,265,1500,0.1388
1236,270,1506,0.1388
1231,269,1500,0.1388
1215,274,1489,0.1388
1225,278,1503,0.1388
1235,278,1513,0.1388
1234,279,1513,0.1388
1228,282,1510,0.1388
1233,280,1513,0.1388
1226,283,1509,0.1388
1223,284,1507,0.1388
1228,278,1506,0.1388
1216,282,1498,0.1388
1213,280,1493,0.1388
1210,283,1493,0.1388
1216,284,1500,0.1388
1224,280,1504,0.1388
1217,274,1491,0.1388
1219,276,1495,0.1388
1220,276,1496,0.1388
1223,269,1492,0.1388
1229,272,1501,0.1388
1225,273,1498,0.1388
1225,275,1500,0.1388
1221,274,1495,0.1388
1236,277,1513,0.1388
1223,272,1495,0.1388
1223,270,1493,0.1388
1216,272,1488,0.1388
1216,276,1492,0.1388
1215,275,1490,0.1388
1216,276,1492,0.1388
1208,276,1484,0.1388
1204,283,1487,0.1388
1197,282,1479,0.1388
1212,291,1503,0.1388
1212,289,1501,0.1388
1214,290,1504,0.1388
1204,289,1493,0.1388
1214,295,1509,0.1388
1213,289,1502,0.1388
1218,292,1510,0.1388
1208,296,1504,0.1388
1193,289,1482,0.1388
1200,292,1492,0.1388
1194,290,1484,0.1388
1195,290,1485,0.1388
1209,291,1500,0.1388
1219,293,1512,0.1388
1211,292,1503,0.1388
1196,286,1482,0.1388
1213,289,1502,0.1388
1213,295,1508,0.1388
1208,291,1499,0.1388
1203,298,1501,0.1388
1210,298,1508,0.1388
1208,295,1503,0.1388
1205,290,1495,0.1388
1199,294,1493,0.1388
1209,297,1506,0.1388
1200,296,1496,0.1388
1205,291,1496,0.1388
1206,290,1496,0.1388
1200,295,1495,0.1388
1207,295,1502,0.1388
1210,295,1505,0.1388
1204,300,1504,0.1388
1207,298,1505,0.1388
1216,295,1511,0.1388
1208,298,1506,0.1388
1203,298,1501,0.1388
1206,294,1500,0.1388
1200,290,1490,0.1388
1193,296,1489,0.1388
1187,297,1484,0.1388
1190,298,1488,0.1388
1197,299,1496,0.1388
1191,297,1488,0.1388
1190,292,1482,0.1388
1188,299,1487,0.1388
1188,298,1486,0.1388
1194,301,1495,0.1388
1196,306,1502,0.1388
1194,307,1501,0.1388
1189,313,1502,0.1388
1191,311,1502,0.1388
1188,305,1493,0.1388
1200,308,1508,0.1388
1192,308,1500,0.1388
1203,311,1514,0.1388
1196,308,1504,0.1388
1196,308,1504,0.1388
1195,312,1507,0.1388
1198,305,1503,0.1388
1204,305,1509,0.1388
1209,313,1522,0.1388
1206,314,1520,0.1388
1200,311,1511,0.1388
1182,311,1493,0.1388
1184,313,1497,0.1388
1180,311,1491,0.1388
1183,309,1492,0.1388
1182,316,1498,0.1388
1184,323,1507,0.1388
1190,315,1505,0.1388
1178,320,1498,0.1388
1178,321,1499,0.1388
1168,322,1490,0.1388
1169,314,1483,0.1388
1175,314,1489,0.1388
1165,322,1487,0.1388
1183,318,1501,0.1388
1183,319,1502,0.1388
1183,316,1499,0.1388
1181,325,1506,0.1388
1189,329,1518,0.1388
1172,330,1502,0.1388
1172,331,1503,0.1388
1175,331,1506,0.1388
1160,337,1497,0.1388
1153,335,1488,0.1388
1163,330,1493,0.1388
1165,332,1497,0.1388
1160,330,1490,0.1388
1159,328,1487,0.1388
1167,332,1499,0.1388
1173,330,1503,0.1388
1171,333,1504,0.1388
1168,338,1506,0.1388
1159,338,1497,0.1388
1161,337,1498,0.1388
1152,333,1485,0.1388
1159,337,1496,0.1388
1161,334,1495,0.1388
1162,337,1499,0.1388
1152,338,1490,0.1388
1140,335,1475,0.1388
1145,341,1486,0.1388
1147,339,1486,0.1388
1143,334,1477,0.1388
1159,337,1496,0.1388
1155,332,1487,0.1388
1142,330,1472,0.1388
1147,336,1483,0.1388
1145,339,1484,0.1388
1143,343,1486,0.1388
1144,346,1490,0.1388
1147,348,1495,0.1388
1152,350,1502,0.1388
1155,354,1509,0.1388
1155,353,1508,0.1388
1165,353,1518,0.1388
1173,349,1522,0.1388
1158,350,1508,0.1388
1165,348,1513,0.1388
1161,350,1511,0.1388
1157,348,1505,0.1388
1139,350,1489,0.1388
1139,351,1490,0.1388
1142,354,1496,0.1388
1157,349,1506,0.1388
1158,358,1516,0.1388
1154,357,1511,0.1388
1143,353,1496,0.1388
1146,349,1495,0.1388
1146,351,1497,0.1388
1155,352,1507,0.1388
1139,352,1491,0.1388
1136,358,1494,0.1388
1154,355,1509,0.1388
1137,353,1490,0.1388
1137,356,1493,0.1388
1135,350,1485,0.1388
1139,357,1496,0.1388
1126,356,1482,0.1388
1118,361,1479,0.1388
1127,356,1483,0.1388
1134,357,1491,0.1388
1142,360,1502,0.1388
1136,363,1499,0.1388
1128,360,1488,0.1388
1126,363,1489,0.1388
1110,362,1472,0.1388
1103,363,1466,0.1388
1104,365,1469,0.1388
1116,370,1486,0.1388
1114,376,1490,0.1388
1120,380,1500,0.1388
1109,380,1489,0.1388
1103,382,1485,0.1388
1108,379,1487,0.1388
1110,381,1491,0.1388
1107,380,1487,0.1388
1106,383,1489,0.1388
1113,382,1495,0.1388
1123,379,1502,0.1388
1110,383,1493,0.1388
1109,383,1492,0.1388
1113,383,1496,0.1388
1111,380,1491,0.1388
1119,377,1496,0.1388
1109,380,1489,0.1388
1101,379,1480,0.1388
1099,378,1477,0.1388
1114,378,1492,0.1388
1110,383,1493,0.1388
1100,383,1483,0.1388
1112,381,1493,0.1388
1102,381,1483,0.1388
1100,371,1471,0.1388
1105,378,1483,0.1388
1112,376,1488,0.1388
1112,379,1491,0.1388
1122,379,1501,0.1388
1127,378,1505,0.1388
1118,383,1501,0.1388
1129,380,1509,0.1388
1134,379,1513,0.1388
1129,381,1510,0.1388
1121,379,1500,0.1388
1127,381,1508,0.1388
1125,376,1501,0.1388
1124,377,1501,0.1388
1119,377,1496,0.1388
1119,374,1493,0.1388
1115,375,1490,0.1388
1123,374,1497,0.1388
1123,378,1501,0.1388
1118,378,1496,0.1388
1112,376,1488,0.1388
1118,379,1497,0.1388
1130,381,1511,0.1388
1122,384,1506,0.1388
1121,387,1508,0.1388
1117,383,1500,0.1388
1125,381,1506,0.1388
1118,377,1495,0.1388
1113,380,1493,0.1388
1101,382,1483,0.1388
1115,385,1500,0.1388
1106,377,1483,0.1388
1117,379,1496,0.1388
1121,382,1503,0.1388
1124,388,1512,0.1388
1121,387,1508,0.1388
1112,382,1494,0.1388
1108,385,1493,0.1388
1109,382,1491,0.1388
1121,380,1501,0.1388
1112,384,1496,0.1388
1106,392,1498,0.1388
1101,389,1490,0.1388
1111,390,1501,0.1388
1099,393,1492,0.1388
1107,388,1495,0.1388
1101,389,1490,0.1388
1104,390,1494,0.1388
1090,392,1482,0.1388
1087,397,1484,0.1388
1087,399,1486,0.1388
1087,407,1494,0.1388
1094,403,1497,0.1388
1085,415,1500,0.1388
1075,416,1491,0.1388
1078,416,1494,0.1388
1070,418,1488,0.1388
1078,421,1499,0.1388
1095,417,1512,0.1388
1092,419,1511,0.1388
1091,422,1513,0.1388
1093,430,1523,0.1388
1096,421,1517,0.1388
1080,416,1496,0.1388
1070,417,1487,0.1388
1079,416,1495,0.1388
1079,414,1493,0.1388
1076,417,1493,0.1388
1071,422,1493,0.1388
1075,430,1505,0.1388
1078,428,1506,0.1388
1067,430,1497,0.1388
1063,433,1496,0.1388
1068,436,1504,0.1388
1070,435,1505,0.1388
1067,436,1503,0.1388
1066,433,1499,0.1388
1070,437,1507,0.1388
1067,439,1506,0.1388
1070,437,1507,0.1388
1072,446,1518,0.1388
1074,439,1513,0.1388
1064,443,1507,0.1388
1057,441,1498,0.1388
1061,438,1499,0.1388
1064,435,1499,0.1388
1064,438,1502,0.1388
1056,444,1500,0.1388
1057,445,1502,0.1388
1060,450,1510,0.1388
1049,451,1500,0.1388
1055,458,1513,0.1388
1039,458,1497,0.1388
1048,453,1501,0.1388
1054,446,1500,0.1388
1060,438,1498,0.1388
1053,446,1499,0.1388
1043,444,1487,0.1388
1046,445,1491,0.1388
1047,449,1496,0.1388
1038,454,1492,0.1388
1029,457,1486,0.1388
1031,458,1489,0.1388
1028,466,1494,0.1388
1032,465,1497,0.1388
1036,474,1510,0.1388
1026,472,1498,0.1388
1018,467,1485,0.1388
1020,473,1493,0.1388
1025,477,1502,0.1388
1020,472,1492,0.1388
1008,477,1485,0.1388
1012,476,1488,0.1388
1019,469,1488,0.1388
1021,476,1497,0.1388
1017,475,1492,0.1388
1024,476,1500,0.1388
1018,481,1499,0.1388
1022,471,1493,0.1388
1018,471,1489,0.1388
1023,487,1510,0.1388
1018,490,1508,0.1388
1016,492,1508,0.1388
1014,489,1503,0.1388
1014,488,1502,0.1388
1020,488,1508,0.1388
1015,487,1502,0.1388
1008,490,1498,0.1388
1004,487,1491,0.1388
1011,489,1500,0.1388
1014,489,1503,0.1388
1015,482,1497,0.1388
1020,487,1507,0.1388
1011,484,1495,0.1388
1023,479,1502,0.1388
1020,484,1504,0.1388
1011,490,1501,0.1388
1004,494,1498,0.1388
1003,491,1494,0.1388
1007,486,1493,0.1388
1000,487,1487,0.1388
996,491,1487,0.1388
1001,489,1490,0.1388
1008,484,1492,0.1388
1014,483,1497,0.1388
999,487,1486,0.1388
998,491,1489,0.1388
998,491,1489,0.1388
998,495,1493,0.1388
984,496,1480,0.1388
992,493,1485,0.1388
974,506,1480,0.1388
976,515,1491,0.1388
994,514,1508,0.1388
988,521,1509,0.1388
980,526,1506,0.1388
988,520,1508,0.1388
986,521,1507,0.1388
1000,506,1506,0.1388
1002,505,1507,0.1388
1008,510,1518,0.1388
990,516,1506,0.1388
990,516,1506,0.1388
981,517,1498,0.1388
985,519,1504,0.1388
985,522,1507,0.1388
984,520,1504,0.1388
970,525,1495,0.1388
983,525,1508,0.1388
984,524,1508,0.1388
982,524,1506,0.1388
988,528,1516,0.1388
989,530,1519,0.1388
996,522,1518,0.1388
991,516,1507,0.1388
983,528,1511,0.1388
969,528,1497,0.1388
971,519,1490,0.1388
966,525,1491,0.1388
978,518,1496,0.1388
981,518,1499,0.1388
977,530,1507,0.1388
974,534,1508,0.1388
982,538,1520,0.1388
973,539,1512,0.1388
969,534,1503,0.1388
965,541,1506,0.1388
956,546,1502,0.1388
954,547,1501,0.1388
939,551,1490,0.1388
939,554,1493,0.1388
938,562,1500,0.1388
939,555,1494,0.1388
935,559,1494,0.1388
942,564,1506,0.1388
935,563,1498,0.1388
929,564,1493,0.1388
935,571,1506,0.1388
934,572,1506,0.1388
941,566,1507,0.1388
935,565,1500,0.1388
940,570,1510,0.1388
930,572,1502,0.1388
932,582,1514,0.1388
926,583,1509,0.1388
919,570,1489,0.1388
920,581,1501,0.1388
915,580,1495,0.1388
924,582,1506,0.1388
913,592,1505,0.1388
920,584,1504,0.1388
929,586,1515,0.1388
924,583,1507,0.1388
910,586,1496,0.1388
927,587,1514,0.1388
922,599,1521,0.1388
915,596,1511,0.1388
918,598,1516,0.1388
922,593,1515,0.1388
920,589,1509,0.1388
911,591,1502,0.1388
910,577,1487,0.1388
904,587,1491,0.1388
911,583,1494,0.1388
897,586,1483,0.1388
897,586,1483,0.1388
901,573,1474,0.1388
901,584,1485,0.1388
902,589,1491,0.1388
901,590,1491,0.1388
909,596,1505,0.1388
905,603,1508,0.1388
901,599,1500,0.1388
894,600,1494,0.1388
908,602,1510,0.1388
916,596,1512,0.1388
915,583,1498,0.1388
916,582,1498,0.1388
915,593,1508,0.1388
913,596,1509,0.1388
900,595,1495,0.1388
892,598,1490,0.1388
886,600,1486,0.1388
892,593,1485,0.1388
900,593,1493,0.1388
893,584,1477,0.1388
895,596,1491,0.1388
907,596,1503,0.1388
904,593,1497,0.1388
899,601,1500,0.1388
902,603,1505,0.1388
898,603,1501,0.1388
892,598,1490,0.1388
887,604,1491,0.1388
884,604,1488,0.1388
894,611,1505,0.1388
896,604,1500,0.1388
888,600,1488,0.1388
893,601,1494,0.1388
881,611,1492,0.1388
885,618,1503,0.1388
894,623,1517,0.1388
882,629,1511,0.1388
869,619,1488,0.1388
874,624,1498,0.1388
878,624,1502,0.1388
883,625,1508,0.1388
876,618,1494,0.1388
877,620,1497,0.1388
878,619,1497,0.1388
879,629,1508,0.1388
875,636,1511,0.1388
882,624,1506,0.1388
895,617,1512,0.1388
882,626,1508,0.1388
878,637,1515,0.1388
877,632,1509,0.1388
872,629,1501,0.1388
874,635,1509,0.1388
866,629,1495,0.1388
875,634,1509,0.1388
877,627,1504,0.1388
868,625,1493,0.1388
876,633,1509,0.1388
878,633,1511,0.1388
876,635,1511,0.1388
872,633,1505,0.1388
873,634,1507,0.1388
863,625,1488,0.1388
876,621,1497,0.1388
884,624,1508,0.1388
886,631,1517,0.1388
881,635,1516,0.1388
876,637,1513,0.1388
874,638,1512,0.1388
863,642,1505,0.1388
860,646,1506,0.1388
868,653,1521,0.1388
863,642,1505,0.1388
860,650,1510,0.1388
859,651,1510,0.1388
856,648,1504,0.1388
851,659,1510,0.1388
839,661,1500,0.1388
841,662,1503,0.1388
845,661,1506,0.1388
851,663,1514,0.1388
851,662,1513,0.1388
837,668,1505,0.1388
831,669,1500,0.1388
832,658,1490,0.1388
832,656,1488,0.1388
845,662,1507,0.1388
845,655,1500,0.1388
850,656,1506,0.1388
855,655,1510,0.1388
854,653,1507,0.1388
847,658,1505,0.1388
844,662,1506,0.1388
850,659,1509,0.1388
848,651,1499,0.1388
844,653,1497,0.1388
834,650,1484,0.1388
822,664,1486,0.1388
825,669,1494,0.1388
826,674,1500,0.1388
818,672,1490,0.1388
823,673,1496,0.1388
828,674,1502,0.1388
833,673,1506,0.1388
832,672,1504,0.1388
835,671,1506,0.1388
828,679,1507,0.1388
830,678,1508,0.1388
824,679,1503,0.1388
826,685,1511,0.1388
830,677,1507,0.1388
837,686,1523,0.1388
833,681,1514,0.1388
834,674,1508,0.1388
826,666,1492,0.1388
830,669,1499,0.1388
827,671,1498,0.1388
814,687,1501,0.1388
810,689,1499,0.1388
815,686,1501,0.1388
812,687,1499,0.1388
799,693,1492,0.1388
799,701,1500,0.1388
787,707,1494,0.1388
804,706,1510,0.1388
800,707,1507,0.1388
798,711,1509,0.1388
798,713,1511,0.1388
807,697,1504,0.1388
795,698,1493,0.1388
800,694,1494,0.1388
792,700,1492,0.1388
793,716,1509,0.1388
797,711,1508,0.1388
804,714,1518,0.1388
796,716,1512,0.1388
787,715,1502,0.1388
777,709,1486,0.1388
777,709,1486,0.1388
776,719,1495,0.1388
782,716,1498,0.1388
785,715,1500,0.1388
787,710,1497,0.1388
787,697,1484,0.1388
798,705,1503,0.1388
803,707,1510,0.1388
804,711,1515,0.1388
804,711,1515,0.1388
796,709,1505,0.1388
798,703,1501,0.1388
795,712,1507,0.1388
793,710,1503,0.1388
800,716,1516,0.1388
801,718,1519,0.1388
803,717,1520,0.1388
798,715,1513,0.1388
789,719,1508,0.1388
807,722,1529,0.1388
804,723,1527,0.1388
800,723,1523,0.1388
792,715,1507,0.1388
788,714,1502,0.1388
779,723,1502,0.1388
785,719,1504,0.1388
790,725,1515,0.1388
784,723,1507,0.1388
778,717,1495,0.1388
784,721,1505,0.1388
780,716,1496,0.1388
777,727,1504,0.1388
781,727,1508,0.1388
776,729,1505,0.1388
776,723,1499,0.1388
764,724,1488,0.1388
766,731,1497,0.1388
769,734,1503,0.1388
774,743,1517,0.1388
775,735,1510,0.1388
778,737,1515,0.1388
769,737,1506,0.1388
773,735,1508,0.1388
770,730,1500,0.1388
772,741,1513,0.1388
770,742,1512,0.1388
774,738,1512,0.1388
770,737,1507,0.1388
759,749,1508,0.1388
761,744,1505,0.1388
755,757,1512,0.1388
749,765,1514,0.1388
746,767,1513,0.1388
741,768,1509,0.1388
747,766,1513,0.1388
747,758,1505,0.1388
744,742,1486,0.1388
745,747,1492,0.1388
745,745,1490,0.1388
741,747,1488,0.1388
740,752,1492,0.1388
748,741,1489,0.1388
750,749,1499,0.1388
745,742,1487,0.1388
748,751,1499,0.1388
743,758,1501,0.1388
744,755,1499,0.1388
747,749,1496,0.1388
744,758,1502,0.1388
751,768,1519,0.1388
751,770,1521,0.1388
751,772,1523,0.1388
750,762,1512,0.1388
743,760,1503,0.1388
763,759,1522,0.1388
760,761,1521,0.1388
743,762,1505,0.1388
746,755,1501,0.1388
748,766,1514,0.1388
740,761,1501,0.1388
743,774,1517,0.1388
738,772,1510,0.1388
740,778,1518,0.1388
734,779,1513,0.1388
731,784,1515,0.1388
718,780,1498,0.1388
716,776,1492,0.1388
716,771,1487,0.1388
721,767,1488,0.1388
728,758,1486,0.1388
724,763,1487,0.1388
723,760,1483,0.1388
735,761,1496,0.1388
735,764,1499,0.1388
729,774,1503,0.1388
718,768,1486,0.1388
714,771,1485,0.1388
716,779,1495,0.1388
717,783,1500,0.1388
715,779,1494,0.1388
713,782,1495,0.1388
712,785,1497,0.1388
706,790,1496,0.1388
704,780,1484,0.1388
703,784,1487,0.1388
711,788,1499,0.1388
711,798,1509,0.1388
711,806,1517,0.1388
721,809,1530,0.1388
728,804,1532,0.1388
718,803,1521,0.1388
713,807,1520,0.1388
708,804,1512,0.1388
705,801,1506,0.1388
703,804,1507,0.1388
698,809,1507,0.1388
693,809,1502,0.1388
688,813,1501,0.1388
698,808,1506,0.1388
697,813,1510,0.1388
696,817,1513,0.1388
695,827,1522,0.1388
701,829,1530,0.1388
701,826,1527,0.1388
700,823,1523,0.1388
699,824,1523,0.1388
695,822,1517,0.1388
693,825,1518,0.1388
683,827,1510,0.1388
681,823,1504,0.1388
675,820,1495,0.1388
685,822,1507,0.1388
677,818,1495,0.1388
667,823,1490,0.1388
665,839,1504,0.1388
662,828,1490,0.1388
665,825,1490,0.1388
670,830,1500,0.1388
670,829,1499,0.1388
659,829,1488,0.1388
664,829,1493,0.1388
664,829,1493,0.1388
668,834,1502,0.1388
666,831,1497,0.1388
662,832,1494,0.1388
664,819,1483,0.1388
661,819,1480,0.1388
660,822,1482,0.1388
663,838,1501,0.1388
669,836,1505,0.1388
668,842,1510,0.1388
672,840,1512,0.1388
684,824,1508,0.1388
679,831,1510,0.1388
679,836,1515,0.1388
683,834,1517,0.1388
675,834,1509,0.1388
679,831,1510,0.1388
677,839,1516,0.1388
673,839,1512,0.1388
671,848,1519,0.1388
670,842,1512,0.1388
669,836,1505,0.1388
673,838,1511,0.1388
677,833,1510,0.1388
680,842,1522,0.1388
678,842,1520,0.1388
681,833,1514,0.1388
676,844,1520,0.1388
669,838,1507,0.1388
664,842,1506,0.1388
662,846,1508,0.1388
664,840,1504,0.1388
668,847,1515,0.1388
661,844,1505,0.1388
667,842,1509,0.1388
664,845,1509,0.1388
653,849,1502,0.1388
656,843,1499,0.1388
664,847,1511,0.1388
654,841,1495,0.1388
655,844,1499,0.1388
647,844,1491,0.1388
648,860,1508,0.1388
648,863,1511,0.1388
654,857,1511,0.1388
652,859,1511,0.1388
652,863,1515,0.1388
648,861,1509,0.1388
656,862,1518,0.1388
655,868,1523,0.1388
643,873,1516,0.1388
646,869,1515,0.1388
640,860,1500,0.1388
638,857,1495,0.1388
647,864,1511,0.1388
652,868,1520,0.1388
643,863,1506,0.1388
636,862,1498,0.1388
651,865,1516,0.1388
643,868,1511,0.1388
645,863,1508,0.1388
648,864,1512,0.1388
648,873,1521,0.1388
639,874,1513,0.1388
638,880,1518,0.1388
633,875,1508,0.1388
632,875,1507,0.1388
630,871,1501,0.1388
632,881,1513,0.1388
631,875,1506,0.1388
635,873,1508,0.1388
638,875,1513,0.1388
634,881,1515,0.1388
627,880,1507,0.1388
621,881,1502,0.1388
620,870,1490,0.1388
630,877,1507,0.1388
620,891,1511,0.1388
616,883,1499,0.1388
613,887,1500,0.1388
618,899,1517,0.1388
608,896,1504,0.1388
600,898,1498,0.1388
601,901,1502,0.1388
610,904,1514,0.1388
599,895,1494,0.1388
609,891,1500,0.1388
598,886,1484,0.1388
593,900,1493,0.1388
594,888,1482,0.1388
597,895,1492,0.1388
601,904,1505,0.1388
601,902,1503,0.1388
591,895,1486,0.1388
597,895,1492,0.1388
597,899,1496,0.1388
596,911,1507,0.1388
594,913,1507,0.1388
595,916,1511,0.1388
600,911,1511,0.1388
597,913,1510,0.1388
593,910,1503,0.1388
584,910,1494,0.1388
585,910,1495,0.1388
594,913,1507,0.1388
592,900,1492,0.1388
583,908,1491,0.1388
584,914,1498,0.1388
577,904,1481,0.1388
579,916,1495,0.1388
586,923,1509,0.1388
588,923,1511,0.1388
590,930,1520,0.1388
589,927,1516,0.1388
589,921,1510,0.1388
584,921,1505,0.1388
591,938,1529,0.1388
596,942,1538,0.1388
595,938,1533,0.1388
598,930,1528,0.1388
592,931,1523,0.1388
590,927,1517,0.1388
590,929,1519,0.1388
591,940,1531,0.1388
584,935,1519,0.1388
576,928,1504,0.1388
576,935,1511,0.1388
573,932,1505,0.1388
561,942,1503,0.1388
558,946,1504,0.1388
564,952,1516,0.1388
563,954,1517,0.1388
563,954,1517,0.1388
564,960,1524,0.1388
550,966,1516,0.1388
557,972,1529,0.1388
556,972,1528,0.1388
554,965,1519,0.1388
559,967,1526,0.1388
552,961,1513,0.1388
555,960,1515,0.1388
556,964,1520,0.1388
554,958,1512,0.1388
549,962,1511,0.1388
548,957,1505,0.1388
546,958,1504,0.1388
544,951,1495,0.1388
536,951,1487,0.1388
539,954,1493,0.1388
539,959,1498,0.1388
532,968,1500,0.1388
532,969,1501,0.1388
531,978,1509,0.1388
534,982,1516,0.1388
535,976,1511,0.1388
529,978,1507,0.1388
533,979,1512,0.1388
534,977,1511,0.1388
539,987,1526,0.1388
537,980,1517,0.1388
537,986,1523,0.1388
531,985,1516,0.1388
530,972,1502,0.1388
527,975,1502,0.1388
528,982,1510,0.1388
522,985,1507,0.1388
518,987,1505,0.1388
521,990,1511,0.1388
523,987,1510,0.1388
524,978,1502,0.1388
515,981,1496,0.1388
513,981,1494,0.1388
517,981,1498,0.1388
510,983,1493,0.1388
524,983,1507,0.1388
514,976,1490,0.1388
516,983,1499,0.1388
515,990,1505,0.1388
512,994,1506,0.1388
518,1000,1518,0.1388
521,995,1516,0.1388
523,981,1504,0.1388
531,986,1517,0.1388
525,984,1509,0.1388
525,980,1505,0.1388
520,996,1516,0.1388
521,1005,1526,0.1388
514,1001,1515,0.1388
517,998,1515,0.1388
514,990,1504,0.1388
505,995,1500,0.1388
504,1006,1510,0.1388
499,1014,1513,0.1388
488,1023,1511,0.1388
488,1018,1506,0.1388
483,1018,1501,0.1388
486,1018,1504,0.1388
484,1016,1500,0.1388
493,1024,1517,0.1388
498,1019,1517,0.1388
497,1023,1520,0.1388
498,1030,1528,0.1388
498,1020,1518,0.1388
493,1026,1519,0.1388
491,1024,1515,0.1388
491,1032,1523,0.1388
492,1026,1518,0.1388
484,1015,1499,0.1388
486,1014,1500,0.1388
481,1023,1504,0.1388
484,1031,1515,0.1388
478,1033,1511,0.1388
481,1035,1516,0.1388
482,1033,1515,0.1388
485,1032,1517,0.1388
483,1030,1513,0.1388
485,1040,1525,0.1388
477,1029,1506,0.1388
493,1034,1527,0.1388
491,1040,1531,0.1388
482,1035,1517,0.1388
482,1029,1511,0.1388
474,1034,1508,0.1388
478,1032,1510,0.1388
472,1039,1511,0.1388
478,1030,1508,0.1388
472,1037,1509,0.1388
467,1031,1498,0.1388
471,1035,1506,0.1388
469,1028,1497,0.1388
468,1025,1493,0.1388
468,1028,1496,0.1388
462,1037,1499,0.1388
455,1036,1491,0.1388
458,1038,1496,0.1388
465,1035,1500,0.1388
461,1033,1494,0.1388
462,1038,1500,0.1388
465,1045,1510,0.1388
469,1050,1519,0.1388
470,1067,1537,0.1388
468,1062,1530,0.1388
459,1058,1517,0.1388
460,1057,1517,0.1388
463,1058,1521,0.1388
459,1059,1518,0.1388
461,1053,1514,0.1388
455,1051,1506,0.1388
455,1055,1510,0.1388
454,1060,1514,0.1388
453,1049,1502,0.1388
456,1061,1517,0.1388
459,1063,1522,0.1388
452,1061,1513,0.1388
453,1060,1513,0.1388
450,1048,1498,0.1388
444,1050,1494,0.1388
441,1043,1484,0.1388
448,1064,1512,0.1388
448,1070,1518,0.1388
446,1064,1510,0.1388
441,1070,1511,0.1388
441,1052,1493,0.1388
435,1041,1476,0.1388
437,1038,1475,0.1388
439,1050,1489,0.1388
441,1050,1491,0.1388
443,1064,1507,0.1388
443,1076,1519,0.1388
440,1072,1512,0.1388
436,1077,1513,0.1388
437,1079,1516,0.1388
435,1078,1513,0.1388
433,1087,1520,0.1388
431,1093,1524,0.1388
435,1088,1523,0.1388
435,1076,1511,0.1388
435,1086,1521,0.1388
437,1085,1522,0.1388
441,1079,1520,0.1388
440,1080,1520,0.1388
437,1088,1525,0.1388
432,1079,1511,0.1388
439,1081,1520,0.1388
443,1079,1522,0.1388
432,1071,1503,0.1388
430,1079,1509,0.1388
432,1079,1511,0.1388
426,1068,1494,0.1388
427,1074,1501,0.1388
417,1077,1494,0.1388
427,1092,1519,0.1388
426,1093,1519,0.1388
423,1085,1508,0.1388
425,1094,1519,0.1388
420,1086,1506,0.1388
422,1084,1506,0.1388
425,1084,1509,0.1388
433,1089,1522,0.1388
430,1083,1513,0.1388
436,1083,1519,0.1388
429,1077,1506,0.1388
421,1083,1504,0.1388
420,1079,1499,0.1388
417,1093,1510,0.1388
429,1092,1521,0.1388
427,1098,1525,0.1388
428,1090,1518,0.1388
426,1093,1519,0.1388
428,1095,1523,0.1388
423,1079,1502,0.1388
415,1084,1499,0.1388
415,1090,1505,0.1388
411,1084,1495,0.1388
414,1080,1494,0.1388
406,1091,1497,0.1388
405,1098,1503,0.1388
406,1091,1497,0.1388
399,1089,1488,0.1388
405,1085,1490,0.1388
408,1099,1507,0.1388
409,1099,1508,0.1388
410,1106,1516,0.1388
412,1117,1529,0.1388
412,1110,1522,0.1388
409,1107,1516,0.1388
403,1108,1511,0.1388
407,1104,1511,0.1388
406,1102,1508,0.1388
399,1102,1501,0.1388
402,1099,1501,0.1388
402,1091,1493,0.1388
398,1084,1482,0.1388
398,1085,1483,0.1388
402,1091,1493,0.1388
405,1095,1500,0.1388
403,1104,1507,0.1388
390,1095,1485,0.1388
393,1107,1500,0.1388
396,1107,1503,0.1388
397,1099,1496,0.1388
392,1101,1493,0.1388
396,1099,1495,0.1388
395,1114,1509,0.1388
392,1119,1511,0.1388
386,1134,1520,0.1388
381,1129,1510,0.1388
386,1129,1515,0.1388
380,1128,1508,0.1388
379,1128,1507,0.1388
377,1127,1504,0.1388
385,1125,1510,0.1388
391,1122,1513,0.1388
396,1122,1518,0.1388
391,1113,1504,0.1388
389,1102,1491,0.1388
385,1112,1497,0.1388
390,1121,1511,0.1388
386,1118,1504,0.1388
391,1123,1514,0.1388
393,1107,1500,0.1388
399,1112,1511,0.1388
399,1121,1520,0.1388
397,1125,1522,0.1388
394,1121,1515,0.1388
390,1128,1518,0.1388
388,1112,1500,0.1388
386,1124,1510,0.1388
385,1124,1509,0.1388
388,1122,1510,0.1388
380,1125,1505,0.1388
374,1127,1501,0.1388
375,1142,1517,0.1388
379,1145,1524,0.1388
376,1135,1511,0.1388
376,1134,1510,0.1388
368,1116,1484,0.1388
376,1125,1501,0.1388
378,1123,1501,0.1388
378,1130,1508,0.1388
376,1128,1504,0.1388
377,1128,1505,0.1388
374,1140,1514,0.1388
377,1141,1518,0.1388
380,1139,1519,0.1388
379,1142,1521,0.1388
378,1135,1513,0.1388
379,1131,1510,0.1388
375,1134,1509,0.1388
373,1132,1505,0.1388
376,1133,1509,0.1388
375,1142,1517,0.1388
373,1135,1508,0.1388
373,1148,1521,0.1388
371,1162,1533,0.1388
369,1155,1524,0.1388
367,1156,1523,0.1388
370,1156,1526,0.1388
366,1150,1516,0.1388
358,1150,1508,0.1388
359,1140,1499,0.1388
358,1147,1505,0.1388
362,1158,1520,0.1388
365,1144,1509,0.1388
366,1156,1522,0.1388
364,1150,1514,0.1388
363,1150,1513,0.1388
366,1150,1516,0.1388
360,1149,1509,0.1388
362,1156,1518,0.1388
356,1143,1499,0.1388
354,1135,1489,0.1388
357,1145,1502,0.1388
360,1144,1504,0.1388
356,1141,1497,0.1388
359,1136,1495,0.1388
350,1131,1481,0.1388
355,1140,1495,0.1388
357,1140,1497,0.1388
359,1146,1505,0.1388
365,1146,1511,0.1388
366,1140,1506,0.1388
361,1148,1509,0.1388
361,1150,1511,0.1388
355,1162,1517,0.1388
354,1159,1513,0.1388
349,1156,1505,0.1388
354,1163,1517,0.1388
358,1156,1514,0.1388
351,1156,1507,0.1388
350,1164,1514,0.1388
350,1155,1505,0.1388
351,1164,1515,0.1388
348,1153,1501,0.1388
344,1167,1511,0.1388
348,1158,1506,0.1388
341,1154,1495,0.1388
340,1166,1506,0.1388
340,1170,1510,0.1388
341,1181,1522,0.1388
345,1179,1524,0.1388
341,1176,1517,0.1388
344,1175,1519,0.1388
342,1170,1512,0.1388
345,1174,1519,0.1388
344,1168,1512,0.1388
337,1176,1513,0.1388
333,1172,1505,0.1388
332,1176,1508,0.1388
332,1182,1514,0.1388
333,1183,1516,0.1388
335,1191,1526,0.1388
343,1182,1525,0.1388
339,1171,1510,0.1388
350,1165,1515,0.1388
346,1158,1504,0.1388
345,1159,1504,0.1388
349,1174,1523,0.1388
344,1183,1527,0.1388
343,1172,1515,0.1388
345,1176,1521,0.1388
340,1173,1513,0.1388
343,1173,1516,0.1388
338,1172,1510,0.1388
344,1170,1514,0.1388
336,1176,1512,0.1388
333,1185,1518,0.1388
329,1184,1513,0.1388
334,1182,1516,0.1388
333,1184,1517,0.1388
333,1191,1524,0.1388
332,1191,1523,0.1388
335,1192,1527,0.1388
330,1184,1514,0.1388
329,1185,1514,0.1388
330,1189,1519,0.1388
328,1194,1522,0.1388
328,1191,1519,0.1388
319,1186,1505,0.1388
317,1177,1494,0.1388
314,1183,1497,0.1388
317,1190,1507,0.1388
324,1191,1515,0.1388
324,1187,1511,0.1388
318,1184,1502,0.1388
317,1179,1496,0.1388
321,1169,1490,0.1388
314,1174,1488,0.1388
313,1169,1482,0.1388
317,1175,1492,0.1388
326,1167,1493,0.1388
322,1161,1483,0.1388
324,1159,1483,0.1388
331,1162,1493,0.1388
326,1164,1490,0.1388
321,1157,1478,0.1388
323,1179,1502,0.1388
326,1187,1513,0.1388
330,1181,1511,0.1388
329,1186,1515,0.1388
335,1179,1514,0.1388
336,1184,1520,0.1388
340,1183,1523,0.1388
341,1183,1524,0.1388
337,1187,1524,0.1388
330,1185,1515,0.1388
331,1183,1514,0.1388
328,1178,1506,0.1388
327,1173,1500,0.1388
324,1174,1498,0.1388
320,1176,1496,0.1388
318,1174,1492,0.1388
322,1172,1494,0.1388
318,1177,1495,0.1388
324,1183,1507,0.1388
321,1177,1498,0.1388
321,1189,1510,0.1388
314,1187,1501,0.1388
316,1199,1515,0.1388
317,1203,1520,0.1388
311,1194,1505,0.1388
311,1188,1499,0.1388
308,1208,1516,0.1388
314,1191,1505,0.1388
316,1194,1510,0.1388
312,1195,1507,0.1388
317,1194,1511,0.1388
321,1193,1514,0.1388
324,1199,1523,0.1388
316,1199,1515,0.1388
310,1179,1489,0.1388
316,1186,1502,0.1388
323,1198,1521,0.1388
321,1198,1519,0.1388
315,1192,1507,0.1388
310,1201,1511,0.1388
299,1201,1500,0.1388
301,1198,1499,0.1388
306,1193,1499,0.1388
307,1204,1511,0.1388
313,1191,1504,0.1388
309,1199,1508,0.1388
302,1210,1512,0.1388
300,1204,1504,0.1388
303,1203,1506,0.1388
308,1203,1511,0.1388
304,1208,1512,0.1388
305,1212,1517,0.1388
298,1208,1506,0.1388
301,1219,1520,0.1388
307,1213,1520,0.1388
302,1208,1510,0.1388
306,1214,1520,0.1388
309,1218,1527,0.1388
309,1221,1530,0.1388
308,1224,1532,0.1388
303,1217,1520,0.1388
302,1208,1510,0.1388
307,1213,1520,0.1388
301,1212,1513,0.1388
301,1216,1517,0.1388
303,1218,1521,0.1388
294,1219,1513,0.1388
291,1214,1505,0.1388
290,1220,1510,0.1388
282,1224,1506,0.1388
281,1227,1508,0.1388
277,1232,1509,0.1388
277,1236,1513,0.1388
273,1236,1509,0.1388
274,1229,1503,0.1388
274,1231,1505,0.1388
279,1230,1509,0.1388
283,1223,1506,0.1388
283,1233,1516,0.1388
283,1227,1510,0.1388
283,1234,1517,0.1388
284,1248,1532,0.1388
284,1244,1528,0.1388
285,1230,1515,0.1388
286,1227,1513,0.1388
284,1217,1501,0.1388
282,1227,1509,0.1388
283,1234,1517,0.1388
281,1240,1521,0.1388
282,1230,1512,0.1388
283,1240,1523,0.1388
280,1238,1518,0.1388
283,1242,1525,0.1388
279,1237,1516,0.1388
272,1240,1512,0.1388
273,1241,1514,0.1388
269,1248,1517,0.1388
268,1252,1520,0.1388
266,1243,1509,0.1388
266,1243,1509,0.1388
265,1251,1516,0.1388
265,1252,1517,0.1388
258,1248,1506,0.1388
261,1253,1514,0.1388
260,1255,1515,0.1388
254,1249,1503,0.1388
256,1267,1523,0.1388
257,1265,1522,0.1388
259,1273,1532,0.1388
255,1274,1529,0.1388
249,1263,1512,0.1388
247,1265,1512,0.1388
247,1261,1508,0.1388
250,1272,1522,0.1388
250,1275,1525,0.1388
246,1263,1509,0.1388
246,1262,1508,0.1388
244,1252,1496,0.1388
251,1255,1506,0.1388
249,1251,1500,0.1388
257,1251,1508,0.1388
258,1258,1516,0.1388
259,1252,1511,0.1388
256,1259,1515,0.1388
253,1248,1501,0.1388
251,1247,1498,0.1388
250,1256,1506,0.1388
248,1261,1509,0.1388
245,1250,1495,0.1388
245,1249,1494,0.1388
240,1256,1496,0.1388
240,1247,1487,0.1388
247,1250,1497,0.1388
239,1262,1501,0.1388
234,1261,1495,0.1388
236,1271,1507,0.1388
237,1269,1506,0.1388
239,1265,1504,0.1388
241,1272,1513,0.1388
245,1260,1505,0.1388
244,1261,1505,0.1388
246,1263,1509,0.1388
245,1264,1509,0.1388
239,1267,1506,0.1388
245,1259,1504,0.1388
241,1256,1497,0.1388
244,1257,1501,0.1388
246,1263,1509,0.1388
243,1275,1518,0.1388
239,1282,1521,0.1388
234,1278,1512,0.1388
239,1280,1519,0.1388
234,1283,1517,0.1388
243,1285,1528,0.1388
247,1272,1519,0.1388
242,1254,1496,0.1388
239,1266,1505,0.1388
238,1270,1508,0.1388
243,1272,1515,0.1388
245,1275,1520,0.1388
245,1278,1523,0.1388
243,1268,1511,0.1388
240,1279,1519,0.1388
240,1281,1521,0.1388
237,1286,1523,0.1388
233,1272,1505,0.1388
230,1275,1505,0.1388
227,1278,1505,0.1388
227,1281,1508,0.1388
223,1282,1505,0.1388
230,1280,1510,0.1388
229,1282,1511,0.1388
223,1281,1504,0.1388
225,1285,1510,0.1388
229,1280,1509,0.1388
228,1285,1513,0.1388
229,1278,1507,0.1388
226,1280,1506,0.1388
225,1268,1493,0.1388
225,1258,1483,0.1388
225,1282,1507,0.1388
224,1278,1502,0.1388
223,1288,1511,0.1388
223,1287,1510,0.1388
224,1287,1511,0.1388
218,1287,1505,0.1388
222,1282,1504,0.1388
223,1278,1501,0.1388
226,1273,1499,0.1388
226,1272,1498,0.1388
226,1284,1510,0.1388
222,1285,1507,0.1388
227,1280,1507,0.1388
226,1283,1509,0.1388
228,1286,1514,0.1388
237,1277,1514,0.1388
232,1278,1510,0.1388
230,1286,1516,0.1388
233,1294,1527,0.1388
236,1293,1529,0.1388
236,1288,1524,0.1388
233,1293,1526,0.1388
229,1294,1523,0.1388
228,1282,1510,0.1388
228,1282,1510,0.1388
229,1279,1508,0.1388
228,1282,1510,0.1388
226,1284,1510,0.1388
224,1290,1514,0.1388
225,1288,1513,0.1388
222,1278,1500,0.1388
223,1274,1497,0.1388
222,1274,1496,0.1388
222,1279,1501,0.1388
224,1305,1529,0.1388
224,1302,1526,0.1388
224,1297,1521,0.1388
221,1296,1517,0.1388
226,1295,1521,0.1388
222,1296,1518,0.1388
217,1301,1518,0.1388
224,1309,1533,0.1388
220,1307,1527,0.1388
222,1299,1521,0.1388
225,1290,1515,0.1388
225,1283,1508,0.1388
226,1284,1510,0.1388
221,1288,1509,0.1388
222,1295,1517,0.1388
227,1301,1528,0.1388
221,1299,1520,0.1388
215,1301,1516,0.1388
217,1293,1510,0.1388
212,1302,1514,0.1388
213,1299,1512,0.1388
210,1298,1508,0.1388
213,1299,1512,0.1388
213,1289,1502,0.1388
215,1280,1495,0.1388
212,1287,1499,0.1388
216,1287,1503,0.1388
219,1295,1514,0.1388
219,1290,1509,0.1388
220,1289,1509,0.1388
222,1294,1516,0.1388
224,1295,1519,0.1388
218,1303,1521,0.1388
215,1285,1500,0.1388
216,1299,1515,0.1388
218,1297,1515,0.1388
219,1295,1514,0.1388
218,1286,1504,0.1388
217,1297,1514,0.1388
215,1301,1516,0.1388
216,1313,1529,0.1388
215,1308,1523,0.1388
216,1297,1513,0.1388
212,1304,1516,0.1388
212,1313,1525,0.1388
210,1305,1515,0.1388
208,1294,1502,0.1388
204,1295,1499,0.1388
207,1302,1509,0.1388
202,1310,1512,0.1388
203,1312,1515,0.1388
201,1313,1514,0.1388
206,1318,1524,0.1388
206,1313,1519,0.1388
206,1306,1512,0.1388
205,1307,1512,0.1388
206,1311,1517,0.1388
206,1317,1523,0.1388
200,1315,1515,0.1388
200,1315,1515,0.1388
199,1318,1517,0.1388
201,1316,1517,0.1388
192,1325,1517,0.1388
192,1322,1514,0.1388
191,1326,1517,0.1388
192,1329,1521,0.1388
195,1337,1532,0.1388
193,1321,1514,0.1388
194,1327,1521,0.1388
195,1337,1532,0.1388
196,1333,1529,0.1388
187,1333,1520,0.1388
188,1336,1524,0.1388
193,1340,1533,0.1388
195,1326,1521,0.1388
192,1321,1513,0.1388
192,1311,1503,0.1388
195,1303,1498,0.1388
197,1310,1507,0.1388
195,1317,1512,0.1388
195,1311,1506,0.1388
195,1319,1514,0.1388
194,1314,1508,0.1388
189,1312,1501,0.1388
189,1319,1508,0.1388
188,1320,1508,0.1388
192,1326,1518,0.1388
191,1327,1518,0.1388
192,1314,1506,0.1388
197,1317,1514,0.1388
198,1329,1527,0.1388
197,1333,1530,0.1388
194,1328,1522,0.1388
194,1325,1519,0.1388
193,1318,1511,0.1388
189,1320,1509,0.1388
192,1324,1516,0.1388
191,1341,1532,0.1388
186,1344,1530,0.1388
186,1337,1523,0.1388
189,1325,1514,0.1388
189,1329,1518,0.1388
192,1328,1520,0.1388
195,1327,1522,0.1388
195,1322,1517,0.1388
192,1317,1509,0.1388
195,1317,1512,0.1388
196,1309,1505,0.1388
193,1308,1501,0.1388
193,1309,1502,0.1388
191,1323,1514,0.1388
189,1335,1524,0.1388
193,1339,1532,0.1388
193,1331,1524,0.1388
197,1326,1523,0.1388
189,1324,1513,0.1388
187,1322,1509,0.1388
187,1314,1501,0.1388
189,1316,1505,0.1388
188,1318,1506,0.1388
191,1310,1501,0.1388
196,1315,1511,0.1388
194,1325,1519,0.1388
193,1330,1523,0.1388
192,1318,1510,0.1388
192,1313,1505,0.1388
190,1309,1499,0.1388
187,1317,1504,0.1388
184,1325,1509,0.1388
180,1329,1509,0.1388
185,1329,1514,0.1388
189,1329,1518,0.1388
184,1329,1513,0.1388
182,1346,1528,0.1388
178,1345,1523,0.1388
180,1347,1527,0.1388
185,1325,1510,0.1388
183,1326,1509,0.1388
185,1331,1516,0.1388
183,1334,1517,0.1388
181,1328,1509,0.1388
180,1337,1517,0.1388
183,1333,1516,0.1388
179,1334,1513,0.1388
176,1335,1511,0.1388
174,1333,1507,0.1388
176,1340,1516,0.1388
172,1329,1501,0.1388
171,1342,1513,0.1388
174,1341,1515,0.1388
172,1342,1514,0.1388
170,1353,1523,0.1388
165,1354,1519,0.1388
163,1346,1509,0.1388
165,1353,1518,0.1388
170,1347,1517,0.1388
165,1348,1513,0.1388
167,1344,1511,0.1388
169,1341,1510,0.1388
170,1346,1516,0.1388
172,1356,1528,0.1388
172,1350,1522,0.1388
170,1344,1514,0.1388
166,1344,1510,0.1388
163,1351,1514,0.1388
159,1345,1504,0.1388
158,1349,1507,0.1388
165,1349,1514,0.1388
167,1344,1511,0.1388
165,1343,1508,0.1388
166,1327,1493,0.1388
161,1337,1498,0.1388
162,1340,1502,0.1388
154,1331,1485,0.1388
154,1347,1501,0.1388
152,1347,1499,0.1388
152,1351,1503,0.1388
154,1351,1505,0.1388
155,1351,1506,0.1388
155,1351,1506,0.1388
151,1355,1506,0.1388
151,1353,1504,0.1388
151,1352,1503,0.1388
149,1364,1513,0.1388
150,1352,1502,0.1388
152,1350,1502,0.1388
150,1365,1515,0.1388
149,1368,1517,0.1388
145,1369,1514,0.1388
144,1376,1520,0.1388
142,1372,1514,0.1388
139,1370,1509,0.1388
137,1378,1515,0.1388
137,1378,1515,0.1388
138,1375,1513,0.1388
144,1381,1525,0.1388
145,1376,1521,0.1388
143,1374,1517,0.1388
141,1364,1505,0.1388
142,1366,1508,0.1388
139,1363,1502,0.1388
139,1366,1505,0.1388
141,1376,1517,0.1388
137,1382,1519,0.1388
140,1393,1533,0.1388
137,1396,1533,0.1388
139,1401,1540,0.1388
142,1404,1546,0.1388
142,1403,1545,0.1388
145,1383,1528,0.1388
141,1395,1536,0.1388
137,1379,1516,0.1388
137,1376,1513,0.1388
139,1373,1512,0.1388
135,1371,1506,0.1388
135,1374,1509,0.1388
135,1375,1510,0.1388
132,1366,1498,0.1388
131,1361,1492,0.1388
130,1365,1495,0.1388
131,1370,1501,0.1388
130,1365,1495,0.1388
130,1355,1485,0.1388
133,1356,1489,0.1388
136,1372,1508,0.1388
135,1362,1497,0.1388
133,1362,1495,0.1388
133,1360,1493,0.1388
137,1369,1506,0.1388
139,1378,1517,0.1388
141,1372,1513,0.1388
140,1377,1517,0.1388
139,1382,1521,0.1388
140,1376,1516,0.1388
139,1379,1518,0.1388
137,1368,1505,0.1388
131,1383,1514,0.1388
135,1384,1519,0.1388
136,1376,1512,0.1388
134,1376,1510,0.1388
136,1378,1514,0.1388
135,1384,1519,0.1388
134,1399,1533,0.1388
130,1389,1519,0.1388
133,1404,1537,0.1388
130,1407,1537,0.1388
132,1398,1530,0.1388
126,1391,1517,0.1388
127,1408,1535,0.1388
126,1397,1523,0.1388
126,1399,1525,0.1388
129,1399,1528,0.1388
130,1399,1529,0.1388
130,1399,1529,0.1388
129,1389,1518,0.1388
126,1394,1520,0.1388
126,1388,1514,0.1388
125,1386,1511,0.1388
124,1392,1516,0.1388
123,1407,1530,0.1388
125,1401,1526,0.1388
124,1395,1519,0.1388
121,1390,1511,0.1388
122,1391,1513,0.1388
125,1390,1515,0.1388
121,1398,1519,0.1388
120,1390,1510,0.1388
120,1396,1516,0.1388
125,1377,1502,0.1388
123,1386,1509,0.1388
119,1388,1507,0.1388
117,1387,1504,0.1388
113,1395,1508,0.1388
115,1402,1517,0.1388
116,1404,1520,0.1388
110,1402,1512,0.1388
109,1396,1505,0.1388
111,1404,1515,0.1388
110,1405,1515,0.1388
105,1410,1515,0.1388
109,1415,1524,0.1388
105,1411,1516,0.1388
101,1420,1521,0.1388
99,1414,1513,0.1388
94,1416,1510,0.1388
93,1418,1511,0.1388
91,1411,1502,0.1388
92,1412,1504,0.1388
91,1408,1499,0.1388
92,1396,1488,0.1388
95,1401,1496,0.1388
94,1408,1502,0.1388
94,1416,1510,0.1388
91,1437,1528,0.1388
89,1435,1524,0.1388
86,1440,1526,0.1388
89,1416,1505,0.1388
88,1416,1504,0.1388
88,1413,1501,0.1388
88,1422,1510,0.1388
87,1422,1509,0.1388
86,1427,1513,0.1388
84,1432,1516,0.1388
84,1436,1520,0.1388
82,1436,1518,0.1388
85,1437,1522,0.1388
79,1435,1514,0.1388
79,1442,1521,0.1388
77,1455,1532,0.1388
74,1446,1520,0.1388
77,1446,1523,0.1388
74,1436,1510,0.1388
74,1446,1520,0.1388
73,1450,1523,0.1388
70,1439,1509,0.1388
71,1442,1513,0.1388
66,1447,1513,0.1388
67,1446,1513,0.1388
67,1450,1517,0.1388
69,1436,1505,0.1388
69,1427,1496,0.1388
68,1437,1505,0.1388
72,1439,1511,0.1388
71,1433,1504,0.1388
73,1437,1510,0.1388
72,1436,1508,0.1388
74,1447,1521,0.1388
75,1448,1523,0.1388
77,1438,1515,0.1388
77,1428,1505,0.1388
75,1434,1509,0.1388
75,1427,1502,0.1388
75,1434,1509,0.1388
76,1437,1513,0.1388
77,1439,1516,0.1388
76,1442,1518,0.1388
77,1436,1513,0.1388
77,1436,1513,0.1388
76,1442,1518,0.1388
76,1443,1519,0.1388
74,1441,1515,0.1388
73,1444,1517,0.1388
70,1440,1510,0.1388
71,1450,1521,0.1388
68,1467,1535,0.1388
66,1455,1521,0.1388
68,1451,1519,0.1388
68,1452,1520,0.1388
67,1446,1513,0.1388
62,1440,1502,0.1388
65,1442,1507,0.1388
64,1451,1515,0.1388
66,1459,1525,0.1388
67,1449,1516,0.1388
67,1445,1512,0.1388
67,1429,1496,0.1388
66,1445,1511,0.1388
68,1443,1511,0.1388
69,1452,1521,0.1388
71,1464,1535,0.1388
72,1471,1543,0.1388
71,1476,1547,0.1388
70,1468,1538,0.1388
70,1449,1519,0.1388
68,1458,1526,0.1388
67,1463,1530,0.1388
65,1462,1527,0.1388
66,1450,1516,0.1388
63,1450,1513,0.1388
62,1456,1518,0.1388
63,1463,1526,0.1388
61,1465,1526,0.1388
62,1463,1525,0.1388
63,1462,1525,0.1388
60,1460,1520,0.1388
60,1473,1533,0.1388
57,1466,1523,0.1388
55,1467,1522,0.1388
55,1466,1521,0.1388
52,1468,1520,0.1388
52,1473,1525,0.1388
55,1472,1527,0.1388
53,1477,1530,0.1388
50,1466,1516,0.1388
52,1467,1519,0.1388
51,1466,1517,0.1388
49,1471,1520,0.1388
50,1469,1519,0.1388
52,1475,1527,0.1388
51,1470,1521,0.1388
55,1461,1516,0.1388
55,1476,1531,0.1388
56,1464,1520,0.1388
55,1463,1518,0.1388
51,1464,1515,0.1388
52,1457,1509,0.1388
53,1460,1513,0.1388
53,1463,1516,0.1388
53,1442,1495,0.1388
54,1450,1504,0.1388
55,1462,1517,0.1388
54,1467,1521,0.1388
51,1462,1513,0.1388
52,1473,1525,0.1388
53,1461,1514,0.1388
53,1463,1516,0.1388
53,1467,1520,0.1388
52,1458,1510,0.1388
52,1458,1510,0.1388
52,1465,1517,0.1388
53,1463,1516,0.1388
55,1461,1516,0.1388
53,1457,1510,0.1388
52,1454,1506,0.1388
52,1458,1510,0.1388
52,1457,1509,0.1388
51,1465,1516,0.1388
50,1462,1512,0.1388
50,1455,1505,0.1388
51,1453,1504,0.1388
51,1453,1504,0.1388
49,1460,1509,0.1388
47,1471,1518,0.1388
48,1462,1510,0.1388
47,1461,1508,0.1388
47,1470,1517,0.1388
47,1467,1514,0.1388
46,1471,1517,0.1388
44,1464,1508,0.1388
44,1470,1514,0.1388
44,1467,1511,0.1388
44,1455,1499,0.1388
42,1465,1507,0.1388
42,1464,1506,0.1388
42,1459,1501,0.1388
39,1467,1506,0.1388
38,1482,1520,0.1388
37,1478,1515,0.1388
38,1483,1521,0.1388
40,1487,1527,0.1388
39,1493,1532,0.1388
40,1481,1521,0.1388
39,1470,1509,0.1388
39,1482,1521,0.1388
38,1478,1516,0.1388
37,1483,1520,0.1388
37,1471,1508,0.1388
39,1474,1513,0.1388
40,1474,1514,0.1388
41,1475,1516,0.1388
40,1476,1516,0.1388
39,1478,1517,0.1388
40,1475,1515,0.1388
39,1481,1520,0.1388
40,1473,1513,0.1388
40,1468,1508,0.1388
39,1473,1512,0.1388
38,1467,1505,0.1388
37,1478,1515,0.1388
35,1483,1518,0.1388
37,1489,1526,0.1388
35,1487,1522,0.1388
32,1473,1505,0.1388
32,1462,1494,0.1388
30,1465,1495,0.1388
30,1468,1498,0.1388
28,1482,1510,0.1388
25,1487,1512,0.1388
27,1482,1509,0.1388
27,1478,1505,0.1388
25,1495,1520,0.1388
25,1494,1519,0.1388
25,1477,1502,0.1388
26,1475,1501,0.1388
28,1489,1517,0.1388
24,1498,1522,0.1388
25,1484,1509,0.1388
25,1498,1523,0.1388
24,1509,1533,0.1388
24,1510,1534,0.1388
24,1506,1530,0.1388
23,1497,1520,0.1388
24,1502,1526,0.1388
25,1505,1530,0.1388
24,1517,1541,0.1388
23,1512,1535,0.1388
23,1510,1533,0.1388
27,1496,1523,0.1388
28,1501,1529,0.1388
27,1495,1522,0.1388
27,1487,1514,0.1388
27,1477,1504,0.1388
30,1475,1505,0.1388
33,1483,1516,0.1388
34,1478,1512,0.1388
34,1489,1523,0.1388
32,1487,1519,0.1388
31,1485,1516,0.1388
30,1474,1504,0.1388
30,1488,1518,0.1388
30,1491,1521,0.1388
30,1481,1511,0.1388
29,1477,1506,0.1388
30,1476,1506,0.1388
30,1477,1507,0.1388
28,1498,1526,0.1388
28,1487,1515,0.1388
31,1499,1530,0.1388
30,1496,1526,0.1388
32,1502,1534,0.1388
31,1494,1525,0.1388
30,1493,1523,0.1388
32,1503,1535,0.1388
29,1499,1528,0.1388
27,1495,1522,0.1388
27,1498,1525,0.1388
26,1503,1529,0.1388
26,1491,1517,0.1388
29,1497,1526,0.1388
29,1493,1522,0.1388
28,1480,1508,0.1388
28,1478,1506,0.1388
28,1486,1514,0.1388
28,1492,1520,0.1388
28,1492,1520,0.1388
25,1482,1507,0.1388
26,1475,1501,0.1388
25,1487,1512,0.1388
23,1491,1514,0.1388
24,1490,1514,0.1388
24,1491,1515,0.1388
24,1485,1509,0.1388
22,1494,1516,0.1388
23,1503,1526,0.1388
22,1489,1511,0.1388
22,1478,1500,0.1388
21,1491,1512,0.1388
20,1480,1500,0.1388
19,1488,1507,0.1388
18,1496,1514,0.1388
18,1497,1515,0.1388
17,1511,1528,0.1388
15,1512,1527,0.1388
14,1503,1517,0.1388
15,1514,1529,0.1388
16,1496,1512,0.1388
16,1499,1515,0.1388
15,1493,1508,0.1388
16,1499,1515,0.1388
16,1493,1509,0.1388
16,1487,1503,0.1388
15,1484,1499,0.1388
15,1495,1510,0.1388
15,1489,1504,0.1388
15,1490,1505,0.1388
18,1491,1509,0.1388
17,1502,1519,0.1388
16,1495,1511,0.1388
18,1507,1525,0.1388
17,1490,1507,0.1388
17,1484,1501,0.1388
17,1499,1516,0.1388
18,1486,1504,0.1388
16,1480,1496,0.1388
16,1497,1513,0.1388
17,1495,1512,0.1388
17,1500,1517,0.1388
17,1496,1513,0.1388
17,1496,1513,0.1388
17,1510,1527,0.1388
17,1492,1509,0.1388
17,1495,1512,0.1388
18,1499,1517,0.1388
17,1499,1516,0.1388
17,1500,1517,0.1388
16,1507,1523,0.1388
18,1499,1517,0.1388
18,1494,1512,0.1388
18,1484,1502,0.1388
18,1493,1511,0.1388
17,1501,1518,0.1388
17,1496,1513,0.1388
18,1498,1516,0.1388
17,1512,1529,0.1388
16,1503,1519,0.1388
16,1508,1524,0.1388
16,1496,1512,0.1388
16,1508,1524,0.1388
15,1510,1525,0.1388
15,1503,1518,0.1388
14,1505,1519,0.1388
14,1494,1508,0.1388
14,1497,1511,0.1388
14,1494,1508,0.1388
14,1484,1498,0.1388
14,1488,1502,0.1388
14,1504,1518,0.1388
14,1494,1508,0.1388
14,1500,1514,0.1388
14,1505,1519,0.1388
14,1490,1504,0.1388
14,1486,1500,0.1388
13,1495,1508,0.1388
12,1484,1496,0.1388
13,1485,1498,0.1388
14,1487,1501,0.1388
14,1490,1504,0.1388
14,1501,1515,0.1388
14,1497,1511,0.1388
15,1496,1511,0.1388
15,1487,1502,0.1388
17,1505,1522,0.1388
18,1500,1518,0.1388
16,1502,1518,0.1388
16,1502,1518,0.1388
16,1486,1502,0.1388
15,1490,1505,0.1388
15,1496,1511,0.1388
16,1495,1511,0.1388
16,1497,1513,0.1388
16,1504,1520,0.1388
16,1499,1515,0.1388
16,1507,1523,0.1388
14,1514,1528,0.1388
13,1507,1520,0.1388
13,1505,1518,0.1388
13,1492,1505,0.1388
13,1496,1509,0.1388
14,1492,1506,0.1388
14,1498,1512,0.1388
14,1495,1509,0.1388
14,1489,1503,0.1388
13,1495,1508,0.1388
13,1488,1501,0.1388
13,1502,1515,0.1388
14,1502,1516,0.1388
13,1493,1506,0.1388
12,1495,1507,0.1388
12,1501,1513,0.1388
12,1510,1522,0.1388
12,1498,1510,0.1388
12,1504,1516,0.1388
13,1509,1522,0.1388
13,1522,1535,0.1388
13,1520,1533,0.1388
13,1506,1519,0.1388
14,1509,1523,0.1388
13,1500,1513,0.1388
13,1504,1517,0.1388
15,1507,1522,0.1388
14,1502,1516,0.1388
14,1510,1524,0.1388
14,1495,1509,0.1388
14,1502,1516,0.1388
15,1513,1528,0.1388
15,1507,1522,0.1388
14,1503,1517,0.1388
14,1507,1521,0.1388
14,1511,1525,0.1388
13,1518,1531,0.1388
13,1513,1526,0.1388
12,1513,1525,0.1388
12,1519,1531,0.1388
14,1507,1521,0.1388
14,1512,1526,0.1388
13,1514,1527,0.1388
13,1510,1523,0.1388
13,1508,1521,0.1388
12,1509,1521,0.1388
12,1517,1529,0.1388
11,1503,1514,0.1388
11,1510,1521,0.1388
8,1513,1521,0.1388
9,1513,1522,0.1388
10,1511,1521,0.1388
10,1510,1520,0.1388
9,1514,1523,0.1388
9,1506,1515,0.1388
9,1502,1511,0.1388
9,1508,1517,0.1388
9,1497,1506,0.1388
10,1494,1504,0.1388
10,1512,1522,0.1388
10,1514,1524,0.1388
10,1506,1516,0.1388
8,1500,1508,0.1388
8,1489,1497,0.1388
8,1494,1502,0.1388
8,1493,1501,0.1388
7,1498,1505,0.1388
7,1508,1515,0.1388
7,1505,1512,0.1388
7,1514,1521,0.1388
7,1503,1510,0.1388
7,1500,1507,0.1388
7,1515,1522,0.1388
6,1512,1518,0.1388
6,1510,1516,0.1388
6,1509,1515,0.1388
6,1509,1515,0.1388
6,1512,1518,0.1388
5,1505,1510,0.1388
5,1506,1511,0.1388
4,1505,1509,0.1388
4,1507,1511,0.1388
4,1507,1511,0.1388
3,1505,1508,0.1388
3,1500,1503,0.1388
3,1502,1505,0.1388
3,1502,1505,0.1388
3,1499,1502,0.1388
3,1491,1494,0.1388
3,1499,1502,0.1388
3,1505,1508,0.1388
2,1509,1511,0.1388
2,1503,1505,0.1388
2,1504,1506,0.1388
2,1504,1506,0.1388
2,1502,1504,0.1388
2,1508,1510,0.1388
2,1511,1513,0.1388
2,1507,1509,0.1388
2,1520,1522,0.1388
2,1508,1510,0.1388
2,1512,1514,0.1388
2,1516,1518,0.1388
2,1515,1517,0.1388
2,1510,1512,0.1388
2,1505,1507,0.1388
2,1513,1515,0.1388
2,1517,1519,0.1388
2,1510,1512,0.1388
2,1524,1526,0.1388
2,1514,1516,0.1388
2,1506,1508,0.1388
2,1505,1507,0.1388
2,1505,1507,0.1388
2,1510,1512,0.1388
2,1516,1518,0.1388
2,1521,1523,0.1388
1,1528,1529,0.1388
1,1507,1508,0.1388
1,1499,1500,0.1388
1,1501,1502,0.1388
1,1500,1501,0.1388
1,1522,1523,0.1388
1,1528,1529,0.1388
1,1529,1530,0.1388
1,1520,1521,0.1388
1,1527,1528,0.1388
1,1513,1514,0.1388
1,1500,1501,0.1388
1,1496,1497,0.1388
1,1498,1499,0.1388
1,1488,1489,0.1388
1,1503,1504,0.1388
1,1521,1522,0.1388
1,1516,1517,0.1388
1,1517,1518,0.1388
1,1520,1521,0.1388
1,1507,1508,0.1388
1,1516,1517,0.1388
1,1511,1512,0.1388
1,1513,1514,0.1388
1,1519,1520,0.1388
1,1510,1511,0.1388
1,1524,1525,0.1388
1,1525,1526,0.1388
1,1506,1507,0.1388
1,1507,1508,0.1388
1,1521,1522,0.1388
1,1515,1516,0.1388
1,1525,1526,0.1388
1,1521,1522,0.1388
1,1504,1505,0.1388
1,1515,1516,0.1388
1,1511,1512,0.1388
1,1523,1524,0.1388
1,1518,1519,0.1388
1,1524,1525,0.1388
0,1531,1531,0.1388
