1367,31,1398,0.1388
1403,32,1435,0.1388
1428,30,1458,0.1388
1447,32,1479,0.1388
1441,33,1474,0.1388
1433,32,1465,0.1388
1445,33,1478,0.1388
1441,33,1474,0.1388
1447,35,1482,0.1388
1441,33,1474,0.1388
1457,34,1491,0.1388
1461,36,1497,0.1388
1468,37,1505,0.1388
1462,37,1499,0.1388
1456,37,1493,0.1388
1451,37,1488,0.1388
1454,38,1492,0.1388
1462,40,1502,0.1388
1452,41,1493,0.1388
1450,39,1489,0.1388
1441,43,1484,0.1388
1451,40,1491,0.1388
1453,40,1493,0.1388
1468,39,1507,0.1388
1473,37,1510,0.1388
1470,35,1505,0.1388
1457,38,1495,0.1388
1460,38,1498,0.1388
1447,36,1483,0.1388
1463,38,1501,0.1388
1460,38,1498,0.1388
1453,36,1489,0.1388
1456,34,1490,0.1388
1466,34,1500,0.1388
1458,35,1493,0.1388
1457,33,1490,0.1388
1450,32,1482,0.1388
1459,33,1492,0.1388
1450,34,1484,0.1388
1457,34,1491,0.1388
1441,36,1477,0.1388
1456,36,1492,0.1388
1459,35,1494,0.1388
1466,34,1500,0.1388
1461,33,1494,0.1388
1460,32,1492,0.1388
1467,32,1499,0.1388
1473,31,1504,0.1388
1467,32,1499,0.1388
1464,32,1496,0.1388
1462,29,1491,0.1388
1470,29,1499,0.1388
1478,29,1507,0.1388
1481,28,1509,0.1388
1481,27,1508,0.1388
1472,29,1501,0.1388
1488,28,1516,0.1388
1482,27,1509,0.1388
1472,27,1499,0.1388
1460,29,1489,0.1388
1462,28,1490,0.1388
1470,29,1499,0.1388
1480,28,1508,0.1388
1478,27,1505,0.1388
1481,26,1507,0.1388
1480,25,1505,0.1388
1479,26,1505,0.1388
1478,22,1500,0.1388
1473,20,1493,0.1388
1474,23,1497,0.1388
1466,24,1490,0.1388
1467,24,1491,0.1388
1459,24,1483,0.1388
1460,24,1484,0.1388
1472,25,1497,0.1388
1462,25,1487,0.1388
1468,25,1493,0.1388
1454,28,1482,0.1388
1455,32,1487,0.1388
1457,32,1489,0.1388
1455,35,1490,0.1388
1444,36,1480,0.1388
1452,39,1491,0.1388
1443,40,1483,0.1388
1459,40,1499,0.1388
1464,40,1504,0.1388
1459,41,1500,0.1388
1454,41,1495,0.1388
1458,41,1499,0.1388
1468,41,1509,0.1388
1468,43,1511,0.1388
1456,47,1503,0.1388
1456,46,1502,0.1388
1456,45,1501,0.1388
1449,45,1494,0.1388
1457,45,1502,0.1388
1460,45,1505,0.1388
1457,44,1501,0.1388
1459,45,1504,0.1388
1458,44,1502,0.1388
1448,46,1494,0.1388
1447,48,1495,0.1388
1461,46,1507,0.1388
1448,44,1492,0.1388
1458,47,1505,0.1388
1457,46,1503,0.1388
1434,47,1481,0.1388
1441,47,1488,0.1388
1433,46,1479,0.1388
1437,46,1483,0.1388
1450,44,1494,0.1388
1432,45,1477,0.1388
1441,45,1486,0.1388
1441,45,1486,0.1388
1448,47,1495,0.1388
1458,45,1503,0.1388
1453,46,1499,0.1388
1445,46,1491,0.1388
1452,46,1498,0.1388
1457,45,1502,0.1388
1455,46,1501,0.1388
1453,45,1498,0.1388
1438,47,1485,0.1388
1441,47,1488,0.1388
1462,47,1509,0.1388
1461,45,1506,0.1388
1446,45,1491,0.1388
1445,48,1493,0.1388
1456,48,1504,0.1388
1456,49,1505,0.1388
1454,49,1503,0.1388
1454,51,1505,0.1388
1462,50,1512,0.1388
1447,49,1496,0.1388
1452,51,1503,0.1388
1441,53,1494,0.1388
1436,58,1494,0.1388
1434,55,1489,0.1388
1440,57,1497,0.1388
1442,59,1501,0.1388
1443,60,1503,0.1388
1440,61,1501,0.1388
1433,61,1494,0.1388
1435,63,1498,0.1388
1447,64,1511,0.1388
1433,63,1496,0.1388
1427,65,1492,0.1388
1419,65,1484,0.1388
1420,67,1487,0.1388
1420,63,1483,0.1388
1424,62,1486,0.1388
1436,61,1497,0.1388
1428,64,1492,0.1388
1435,67,1502,0.1388
1448,62,1510,0.1388
1436,64,1500,0.1388
1445,64,1509,0.1388
1428,63,1491,0.1388
1428,60,1488,0.1388
1430,63,1493,0.1388
1417,60,1477,0.1388
1421,62,1483,0.1388
1429,63,1492,0.1388
1426,60,1486,0.1388
1427,59,1486,0.1388
1426,58,1484,0.1388
1442,57,1499,0.1388
1446,55,1501,0.1388
1440,56,1496,0.1388
1435,56,1491,0.1388
1446,55,1501,0.1388
1431,54,1485,0.1388
1441,55,1496,0.1388
1433,54,1487,0.1388
1440,55,1495,0.1388
1442,56,1498,0.1388
1434,59,1493,0.1388
1434,59,1493,0.1388
1437,62,1499,0.1388
1435,64,1499,0.1388
1442,65,1507,0.1388
1439,65,1504,0.1388
1440,64,1504,0.1388
1424,66,1490,0.1388
1427,68,1495,0.1388
1419,66,1485,0.1388
1415,67,1482,0.1388
1422,66,1488,0.1388
1414,67,1481,0.1388
1419,68,1487,0.1388
1418,72,1490,0.1388
1422,69,1491,0.1388
1424,71,1495,0.1388
1427,71,1498,0.1388
1435,73,1508,0.1388
1432,74,1506,0.1388
1428,74,1502,0.1388
1421,75,1496,0.1388
1421,75,1496,0.1388
1425,75,1500,0.1388
1431,75,1506,0.1388
1420,80,1500,0.1388
1416,81,1497,0.1388
1428,82,1510,0.1388
1415,81,1496,0.1388
1417,84,1501,0.1388
1419,85,1504,0.1388
1419,81,1500,0.1388
1411,83,1494,0.1388
1416,82,1498,0.1388
1423,81,1504,0.1388
1426,81,1507,0.1388
1415,81,1496,0.1388
1415,80,1495,0.1388
1414,86,1500,0.1388
1415,89,1504,0.1388
1413,87,1500,0.1388
1407,89,1496,0.1388
1408,90,1498,0.1388
1400,89,1489,0.1388
1409,88,1497,0.1388
1409,85,1494,0.1388
1415,84,1499,0.1388
1396,87,1483,0.1388
1392,86,1478,0.1388
1399,87,1486,0.1388
1394,86,1480,0.1388
1400,88,1488,0.1388
1405,89,1494,0.1388
1413,92,1505,0.1388
1399,92,1491,0.1388
1397,89,1486,0.1388
1386,87,1473,0.1388
1399,90,1489,0.1388
1380,90,1470,0.1388
1390,91,1481,0.1388
1384,93,1477,0.1388
1391,94,1485,0.1388
1388,96,1484,0.1388
1391,93,1484,0.1388
1381,93,1474,0.1388
1396,93,1489,0.1388
1397,96,1493,0.1388
1388,95,1483,0.1388
1390,100,1490,0.1388
1398,101,1499,0.1388
1418,100,1518,0.1388
1399,100,1499,0.1388
1407,101,1508,0.1388
1400,103,1503,0.1388
1402,101,1503,0.1388
1400,101,1501,0.1388
1406,102,1508,0.1388
1400,102,1502,0.1388
1391,105,1496,0.1388
1399,106,1505,0.1388
1402,101,1503,0.1388
1399,99,1498,0.1388
1386,100,1486,0.1388
1389,100,1489,0.1388
1396,99,1495,0.1388
1387,100,1487,0.1388
1397,95,1492,0.1388
1404,102,1506,0.1388
1401,101,1502,0.1388
1399,102,1501,0.1388
1404,102,1506,0.1388
1400,104,1504,0.1388
1393,103,1496,0.1388
1386,104,1490,0.1388
1401,102,1503,0.1388
1398,104,1502,0.1388
1391,106,1497,0.1388
1388,107,1495,0.1388
1384,110,1494,0.1388
1389,110,1499,0.1388
1381,106,1487,0.1388
1386,109,1495,0.1388
1381,109,1490,0.1388
1381,108,1489,0.1388
1383,112,1495,0.1388
1384,114,1498,0.1388
1395,116,1511,0.1388
1392,110,1502,0.1388
1395,115,1510,0.1388
1385,112,1497,0.1388
1378,110,1488,0.1388
1383,111,1494,0.1388
1384,108,1492,0.1388
1376,114,1490,0.1388
1372,117,1489,0.1388
1368,113,1481,0.1388
1363,114,1477,0.1388
1373,111,1484,0.1388
1375,113,1488,0.1388
1364,115,1479,0.1388
1362,119,1481,0.1388
1366,118,1484,0.1388
1371,123,1494,0.1388
1371,123,1494,0.1388
1389,121,1510,0.1388
1391,121,1512,0.1388
1383,121,1504,0.1388
1378,121,1499,0.1388
1364,121,1485,0.1388
1372,122,1494,0.1388
1377,125,1502,0.1388
1367,122,1489,0.1388
1374,119,1493,0.1388
1391,115,1506,0.1388
1388,113,1501,0.1388
1386,109,1495,0.1388
1380,114,1494,0.1388
1383,113,1496,0.1388
1373,118,1491,0.1388
1374,119,1493,0.1388
1360,121,1481,0.1388
1363,124,1487,0.1388
1374,122,1496,0.1388
1370,127,1497,0.1388
1368,129,1497,0.1388
1364,130,1494,0.1388
1360,129,1489,0.1388
1362,126,1488,0.1388
1362,127,1489,0.1388
1362,129,1491,0.1388
1369,123,1492,0.1388
1377,123,1500,0.1388
1365,125,1490,0.1388
1350,128,1478,0.1388
1355,130,1485,0.1388
1348,128,1476,0.1388
1344,129,1473,0.1388
1354,126,1480,0.1388
1374,125,1499,0.1388
1367,126,1493,0.1388
1373,127,1500,0.1388
1381,130,1511,0.1388
1382,131,1513,0.1388
1376,132,1508,0.1388
1362,133,1495,0.1388
1357,136,1493,0.1388
1366,139,1505,0.1388
1368,138,1506,0.1388
1360,135,1495,0.1388
1337,134,1471,0.1388
1335,138,1473,0.1388
1344,138,1482,0.1388
1351,139,1490,0.1388
1369,136,1505,0.1388
1361,138,1499,0.1388
1355,141,1496,0.1388
1350,143,1493,0.1388
1344,145,1489,0.1388
1345,146,1491,0.1388
1344,146,1490,0.1388
1346,145,1491,0.1388
1360,151,1511,0.1388
1351,146,1497,0.1388
1346,147,1493,0.1388
1330,150,1480,0.1388
1341,154,1495,0.1388
1346,156,1502,0.1388
1348,155,1503,0.1388
1333,154,1487,0.1388
1341,155,1496,0.1388
1352,156,1508,0.1388
1356,163,1519,0.1388
1358,155,1513,0.1388
1346,158,1504,0.1388
1350,157,1507,0.1388
1357,162,1519,0.1388
1351,156,1507,0.1388
1348,163,1511,0.1388
1340,166,1506,0.1388
1334,166,1500,0.1388
1329,166,1495,0.1388
1337,159,1496,0.1388
1321,156,1477,0.1388
1322,157,1479,0.1388
1315,163,1478,0.1388
1321,167,1488,0.1388
1318,165,1483,0.1388
1326,164,1490,0.1388
1327,160,1487,0.1388
1326,159,1485,0.1388
1325,154,1479,0.1388
1320,153,1473,0.1388
1339,154,1493,0.1388
1353,152,1505,0.1388
1346,154,1500,0.1388
1348,149,1497,0.1388
1350,147,1497,0.1388
1335,148,1483,0.1388
1339,152,1491,0.1388
1345,152,1497,0.1388
1335,157,1492,0.1388
1340,157,1497,0.1388
1341,156,1497,0.1388
1332,156,1488,0.1388
1348,156,1504,0.1388
1354,154,1508,0.1388
1352,155,1507,0.1388
1343,155,1498,0.1388
1343,158,1501,0.1388
1357,158,1515,0.1388
1358,157,1515,0.1388
1343,157,1500,0.1388
1347,155,1502,0.1388
1346,155,1501,0.1388
1358,154,1512,0.1388
1347,155,1502,0.1388
1339,157,1496,0.1388
1335,153,1488,0.1388
1326,151,1477,0.1388
1328,151,1479,0.1388
1324,148,1472,0.1388
1334,148,1482,0.1388
1335,147,1482,0.1388
1337,149,1486,0.1388
1345,149,1494,0.1388
1337,159,1496,0.1388
1342,161,1503,0.1388
1347,163,1510,0.1388
1334,160,1494,0.1388
1342,162,1504,0.1388
1348,165,1513,0.1388
1347,168,1515,0.1388
1339,164,1503,0.1388
1339,163,1502,0.1388
1339,164,1503,0.1388
1333,167,1500,0.1388
1330,167,1497,0.1388
1341,170,1511,0.1388
1338,167,1505,0.1388
1324,167,1491,0.1388
1333,169,1502,0.1388
1336,171,1507,0.1388
1335,170,1505,0.1388
1324,172,1496,0.1388
1337,169,1506,0.1388
1331,166,1497,0.1388
1335,165,1500,0.1388
1317,169,1486,0.1388
1321,167,1488,0.1388
1323,167,1490,0.1388
1321,169,1490,0.1388
1333,171,1504,0.1388
1319,176,1495,0.1388
1320,179,1499,0.1388
1316,177,1493,0.1388
1318,182,1500,0.1388
1320,181,1501,0.1388
1318,180,1498,0.1388
1309,180,1489,0.1388
1320,180,1500,0.1388
1313,179,1492,0.1388
1314,180,1494,0.1388
1330,182,1512,0.1388
1324,180,1504,0.1388
1326,179,1505,0.1388
1322,183,1505,0.1388
1315,186,1501,0.1388
1304,190,1494,0.1388
1299,187,1486,0.1388
1299,182,1481,0.1388
1298,185,1483,0.1388
1304,190,1494,0.1388
1297,193,1490,0.1388
1300,193,1493,0.1388
1311,192,1503,0.1388
1312,185,1497,0.1388
1308,185,1493,0.1388
1315,187,1502,0.1388
1316,189,1505,0.1388
1317,196,1513,0.1388
1315,197,1512,0.1388
1316,195,1511,0.1388
1316,195,1511,0.1388
1299,197,1496,0.1388
1295,196,1491,0.1388
1298,193,1491,0.1388
1297,191,1488,0.1388
1305,195,1500,0.1388
1314,195,1509,0.1388
1309,193,1502,0.1388
1308,191,1499,0.1388
1303,196,1499,0.1388
1301,199,1500,0.1388
1304,203,1507,0.1388
1300,208,1508,0.1388
1290,214,1504,0.1388
1280,211,1491,0.1388
1277,213,1490,0.1388
1273,209,1482,0.1388
1271,209,1480,0.1388
1274,210,1484,0.1388
1283,215,1498,0.1388
1273,214,1487,0.1388
1277,213,1490,0.1388
1283,211,1494,0.1388
1275,215,1490,0.1388
1281,217,1498,0.1388
1282,215,1497,0.1388
1272,219,1491,0.1388
1271,221,1492,0.1388
1274,224,1498,0.1388
1282,225,1507,0.1388
1278,222,1500,0.1388
1277,230,1507,0.1388
1275,225,1500,0.1388
1281,217,1498,0.1388
1271,219,1490,0.1388
1281,221,1502,0.1388
1275,224,1499,0.1388
1283,223,1506,0.1388
1282,225,1507,0.1388
1279,220,1499,0.1388
1278,221,1499,0.1388
1279,224,1503,0.1388
1287,222,1509,0.1388
1275,221,1496,0.1388
1278,223,1501,0.1388
1269,222,1491,0.1388
1277,222,1499,0.1388
1273,225,1498,0.1388
1276,218,1494,0.1388
1265,218,1483,0.1388
1275,216,1491,0.1388
1261,217,1478,0.1388
1273,219,1492,0.1388
1264,217,1481,0.1388
1270,219,1489,0.1388
1273,215,1488,0.1388
1272,221,1493,0.1388
1264,218,1482,0.1388
1261,221,1482,0.1388
1261,224,1485,0.1388
1257,228,1485,0.1388
1252,227,1479,0.1388
1260,230,1490,0.1388
1267,232,1499,0.1388
1265,228,1493,0.1388
1270,222,1492,0.1388
1253,226,1479,0.1388
1264,227,1491,0.1388
1270,226,1496,0.1388
1265,223,1488,0.1388
1259,230,1489,0.1388
1259,226,1485,0.1388
1262,226,1488,0.1388
1263,224,1487,0.1388
1266,221,1487,0.1388
1270,224,1494,0.1388
1274,223,1497,0.1388
1277,229,1506,0.1388
1267,227,1494,0.1388
1258,223,1481,0.1388
1267,225,1492,0.1388
1260,231,1491,0.1388
1263,236,1499,0.1388
1253,238,1491,0.1388
1256,238,1494,0.1388
1250,243,1493,0.1388
1244,242,1486,0.1388
1240,246,1486,0.1388
1229,253,1482,0.1388
1232,248,1480,0.1388
1236,249,1485,0.1388
1249,250,1499,0.1388
1243,247,1490,0.1388
1242,251,1493,0.1388
1247,244,1491,0.1388
1232,252,1484,0.1388
1230,257,1487,0.1388
1234,258,1492,0.1388
1235,259,1494,0.1388
1241,264,1505,0.1388
1231,267,1498,0.1388
1228,261,1489,0.1388
1232,266,1498,0.1388
1241,265,1506,0.1388
1235,265,1500,0.1388
1233,264,1497,0.1388
1245,263,1508,0.1388
1249,264,1513,0.1388
1252,264,1516,0.1388
1249,264,1513,0.1388
1249,265,1514,0.1388
1248,265,1513,0.1388
1239,264,1503,0.1388
1247,267,1514,0.1388
1238,274,1512,0.1388
1237,274,1511,0.1388
1228,273,1501,0.1388
1227,273,1500,0.1388
1221,271,1492,0.1388
1224,265,1489,0.1388
1224,268,1492,0.1388
1218,261,1479,0.1388
1226,270,1496,0.1388
1207,278,1485,0.1388
1206,276,1482,0.1388
1221,280,1501,0.1388
1221,285,1506,0.1388
1213,279,1492,0.1388
1209,271,1480,0.1388
1218,270,1488,0.1388
1222,273,1495,0.1388
1222,280,1502,0.1388
1227,285,1512,0.1388
1233,282,1515,0.1388
1224,286,1510,0.1388
1223,287,1510,0.1388
1226,288,1514,0.1388
1231,285,1516,0.1388
1221,273,1494,0.1388
1213,274,1487,0.1388
1217,275,1492,0.1388
1226,277,1503,0.1388
1217,278,1495,0.1388
1206,275,1481,0.1388
1202,281,1483,0.1388
1191,283,1474,0.1388
1200,281,1481,0.1388
1204,281,1485,0.1388
1209,282,1491,0.1388
1216,286,1502,0.1388
1222,287,1509,0.1388
1218,290,1508,0.1388
1222,289,1511,0.1388
1209,293,1502,0.1388
1211,291,1502,0.1388
1208,287,1495,0.1388
1200,286,1486,0.1388
1190,280,1470,0.1388
1189,277,1466,0.1388
1211,285,1496,0.1388
1211,287,1498,0.1388
1208,282,1490,0.1388
1213,285,1498,0.1388
1206,279,1485,0.1388
1201,281,1482,0.1388
1194,283,1477,0.1388
1197,290,1487,0.1388
1205,290,1495,0.1388
1204,288,1492,0.1388
1196,290,1486,0.1388
1193,293,1486,0.1388
1183,297,1480,0.1388
1169,299,1468,0.1388
1170,294,1464,0.1388
1183,299,1482,0.1388
1182,298,1480,0.1388
1194,296,1490,0.1388
1196,295,1491,0.1388
1183,299,1482,0.1388
1184,299,1483,0.1388
1192,303,1495,0.1388
1196,310,1506,0.1388
1196,310,1506,0.1388
1205,304,1509,0.1388
1203,307,1510,0.1388
1203,305,1508,0.1388
1209,305,1514,0.1388
1193,308,1501,0.1388
1195,306,1501,0.1388
1185,304,1489,0.1388
1179,299,1478,0.1388
1183,297,1480,0.1388
1188,307,1495,0.1388
1195,306,1501,0.1388
1179,308,1487,0.1388
1180,309,1489,0.1388
1169,316,1485,0.1388
1162,321,1483,0.1388
1163,323,1486,0.1388
1169,327,1496,0.1388
1162,322,1484,0.1388
1163,321,1484,0.1388
1164,323,1487,0.1388
1165,327,1492,0.1388
1166,331,1497,0.1388
1162,332,1494,0.1388
1147,332,1479,0.1388
1157,330,1487,0.1388
1156,328,1484,0.1388
1161,332,1493,0.1388
1154,340,1494,0.1388
1156,338,1494,0.1388
1146,336,1482,0.1388
1141,338,1479,0.1388
1150,343,1493,0.1388
1156,337,1493,0.1388
1155,335,1490,0.1388
1156,342,1498,0.1388
1165,348,1513,0.1388
1156,341,1497,0.1388
1155,339,1494,0.1388
1148,339,1487,0.1388
1154,342,1496,0.1388
1146,346,1492,0.1388
1152,345,1497,0.1388
1151,346,1497,0.1388
1137,347,1484,0.1388
1137,350,1487,0.1388
1135,351,1486,0.1388
1131,353,1484,0.1388
1150,350,1500,0.1388
1148,347,1495,0.1388
1146,353,1499,0.1388
1144,346,1490,0.1388
1146,350,1496,0.1388
1142,355,1497,0.1388
1146,360,1506,0.1388
1146,356,1502,0.1388
1141,364,1505,0.1388
1142,365,1507,0.1388
1134,373,1507,0.1388
1129,373,1502,0.1388
1119,369,1488,0.1388
1120,368,1488,0.1388
1130,366,1496,0.1388
1139,367,1506,0.1388
1150,371,1521,0.1388
1145,369,1514,0.1388
1138,370,1508,0.1388
1131,371,1502,0.1388
1134,365,1499,0.1388
1130,372,1502,0.1388
1134,366,1500,0.1388
1135,361,1496,0.1388
1148,357,1505,0.1388
1156,363,1519,0.1388
1147,362,1509,0.1388
1148,363,1511,0.1388
1136,361,1497,0.1388
1134,361,1495,0.1388
1131,368,1499,0.1388
1125,371,1496,0.1388
1128,370,1498,0.1388
1130,372,1502,0.1388
1139,370,1509,0.1388
1144,370,1514,0.1388
1153,369,1522,0.1388
1141,364,1505,0.1388
1132,373,1505,0.1388
1128,374,1502,0.1388
1121,376,1497,0.1388
1116,375,1491,0.1388
1110,370,1480,0.1388
1106,375,1481,0.1388
1114,380,1494,0.1388
1124,378,1502,0.1388
1122,374,1496,0.1388
1120,375,1495,0.1388
1111,372,1483,0.1388
1098,383,1481,0.1388
1089,387,1476,0.1388
1095,382,1477,0.1388
1094,383,1477,0.1388
1091,383,1474,0.1388
1097,384,1481,0.1388
1096,385,1481,0.1388
1113,376,1489,0.1388
1120,381,1501,0.1388
1114,385,1499,0.1388
1106,393,1499,0.1388
1106,398,1504,0.1388
1115,400,1515,0.1388
1115,406,1521,0.1388
1103,408,1511,0.1388
1100,409,1509,0.1388
1097,409,1506,0.1388
1093,406,1499,0.1388
1080,410,1490,0.1388
1086,414,1500,0.1388
1082,420,1502,0.1388
1091,414,1505,0.1388
1088,410,1498,0.1388
1099,405,1504,0.1388
1096,410,1506,0.1388
1100,402,1502,0.1388
1095,408,1503,0.1388
1078,413,1491,0.1388
1072,411,1483,0.1388
1080,409,1489,0.1388
1070,414,1484,0.1388
1079,409,1488,0.1388
1082,410,1492,0.1388
1090,410,1500,0.1388
1088,414,1502,0.1388
1072,419,1491,0.1388
1079,420,1499,0.1388
1076,418,1494,0.1388
1083,414,1497,0.1388
1081,419,1500,0.1388
1081,412,1493,0.1388
1073,419,1492,0.1388
1069,423,1492,0.1388
1073,427,1500,0.1388
1076,425,1501,0.1388
1085,422,1507,0.1388
1079,419,1498,0.1388
1083,421,1504,0.1388
1098,424,1522,0.1388
1093,426,1519,0.1388
1083,426,1509,0.1388
1077,432,1509,0.1388
1067,424,1491,0.1388
1065,427,1492,0.1388
1059,428,1487,0.1388
1072,425,1497,0.1388
1068,431,1499,0.1388
1072,434,1506,0.1388
1068,431,1499,0.1388
1067,433,1500,0.1388
1060,430,1490,0.1388
1054,427,1481,0.1388
1043,439,1482,0.1388
1043,444,1487,0.1388
1040,446,1486,0.1388
1048,447,1495,0.1388
1039,445,1484,0.1388
1036,445,1481,0.1388
1055,438,1493,0.1388
1053,444,1497,0.1388
1053,454,1507,0.1388
1054,445,1499,0.1388
1050,449,1499,0.1388
1039,450,1489,0.1388
1031,451,1482,0.1388
1042,443,1485,0.1388
1039,446,1485,0.1388
1038,451,1489,0.1388
1044,456,1500,0.1388
1046,463,1509,0.1388
1044,457,1501,0.1388
1037,467,1504,0.1388
1034,461,1495,0.1388
1039,462,1501,0.1388
1035,461,1496,0.1388
1023,468,1491,0.1388
1037,474,1511,0.1388
1036,476,1512,0.1388
1036,480,1516,0.1388
1035,472,1507,0.1388
1030,472,1502,0.1388
1022,474,1496,0.1388
1013,478,1491,0.1388
1017,480,1497,0.1388
1014,479,1493,0.1388
1023,477,1500,0.1388
1016,476,1492,0.1388
1019,481,1500,0.1388
1020,478,1498,0.1388
1021,483,1504,0.1388
1022,477,1499,0.1388
1018,479,1497,0.1388
1014,493,1507,0.1388
1009,498,1507,0.1388
1016,488,1504,0.1388
1026,486,1512,0.1388
1020,490,1510,0.1388
1013,486,1499,0.1388
1021,491,1512,0.1388
1024,495,1519,0.1388
1017,496,1513,0.1388
1007,497,1504,0.1388
999,500,1499,0.1388
999,483,1482,0.1388
1000,473,1473,0.1388
995,484,1479,0.1388
987,493,1480,0.1388
999,488,1487,0.1388
1000,491,1491,0.1388
1004,491,1495,0.1388
1005,495,1500,0.1388
999,494,1493,0.1388
1002,498,1500,0.1388
989,499,1488,0.1388
1003,490,1493,0.1388
1001,486,1487,0.1388
1011,487,1498,0.1388
1017,487,1504,0.1388
1028,488,1516,0.1388
1020,478,1498,0.1388
997,480,1477,0.1388
1001,497,1498,0.1388
993,493,1486,0.1388
993,491,1484,0.1388
990,489,1479,0.1388
996,497,1493,0.1388
994,501,1495,0.1388
989,496,1485,0.1388
1012,493,1505,0.1388
1011,500,1511,0.1388
998,503,1501,0.1388
995,499,1494,0.1388
999,500,1499,0.1388
998,501,1499,0.1388
1002,505,1507,0.1388
999,516,1515,0.1388
1001,506,1507,0.1388
995,505,1500,0.1388
975,505,1480,0.1388
975,504,1479,0.1388
984,510,1494,0.1388
987,512,1499,0.1388
980,512,1492,0.1388
979,509,1488,0.1388
985,518,1503,0.1388
986,529,1515,0.1388
990,530,1520,0.1388
983,529,1512,0.1388
990,523,1513,0.1388
976,526,1502,0.1388
980,518,1498,0.1388
974,526,1500,0.1388
980,521,1501,0.1388
979,517,1496,0.1388
976,518,1494,0.1388
977,521,1498,0.1388
979,533,1512,0.1388
982,533,1515,0.1388
981,538,1519,0.1388
983,535,1518,0.1388
977,542,1519,0.1388
971,538,1509,0.1388
975,547,1522,0.1388
964,542,1506,0.1388
963,547,1510,0.1388
959,550,1509,0.1388
954,546,1500,0.1388
958,549,1507,0.1388
955,554,1509,0.1388
954,555,1509,0.1388
940,556,1496,0.1388
943,555,1498,0.1388
943,558,1501,0.1388
937,557,1494,0.1388
928,554,1482,0.1388
938,552,1490,0.1388
933,548,1481,0.1388
933,558,1491,0.1388
928,558,1486,0.1388
924,560,1484,0.1388
925,568,1493,0.1388
920,573,1493,0.1388
916,573,1489,0.1388
909,581,1490,0.1388
914,576,1490,0.1388
915,568,1483,0.1388
925,571,1496,0.1388
927,586,1513,0.1388
927,578,1505,0.1388
936,582,1518,0.1388
932,583,1515,0.1388
922,593,1515,0.1388
911,593,1504,0.1388
912,590,1502,0.1388
907,592,1499,0.1388
894,594,1488,0.1388
900,578,1478,0.1388
911,584,1495,0.1388
917,589,1506,0.1388
904,593,1497,0.1388
900,593,1493,0.1388
889,603,1492,0.1388
880,600,1480,0.1388
883,599,1482,0.1388
901,611,1512,0.1388
882,611,1493,0.1388
890,606,1496,0.1388
889,609,1498,0.1388
897,616,1513,0.1388
896,617,1513,0.1388
875,620,1495,0.1388
884,618,1502,0.1388
887,622,1509,0.1388
889,621,1510,0.1388
892,615,1507,0.1388
880,619,1499,0.1388
877,621,1498,0.1388
874,630,1504,0.1388
877,630,1507,0.1388
875,631,1506,0.1388
878,630,1508,0.1388
875,639,1514,0.1388
878,643,1521,0.1388
872,641,1513,0.1388
876,640,1516,0.1388
871,639,1510,0.1388
871,647,1518,0.1388
869,650,1519,0.1388
866,651,1517,0.1388
868,640,1508,0.1388
862,631,1493,0.1388
857,639,1496,0.1388
862,651,1513,0.1388
858,644,1502,0.1388
859,647,1506,0.1388
859,654,1513,0.1388
858,650,1508,0.1388
854,657,1511,0.1388
856,661,1517,0.1388
859,657,1516,0.1388
861,649,1510,0.1388
855,655,1510,0.1388
848,663,1511,0.1388
842,669,1511,0.1388
841,665,1506,0.1388
840,665,1505,0.1388
836,661,1497,0.1388
837,664,1501,0.1388
837,667,1504,0.1388
827,669,1496,0.1388
823,677,1500,0.1388
823,669,1492,0.1388
821,680,1501,0.1388
814,682,1496,0.1388
822,682,1504,0.1388
821,676,1497,0.1388
814,685,1499,0.1388
819,688,1507,0.1388
810,690,1500,0.1388
804,690,1494,0.1388
804,692,1496,0.1388
811,684,1495,0.1388
806,688,1494,0.1388
813,686,1499,0.1388
806,697,1503,0.1388
818,703,1521,0.1388
815,705,1520,0.1388
813,703,1516,0.1388
801,699,1500,0.1388
799,698,1497,0.1388
797,700,1497,0.1388
791,697,1488,0.1388
800,697,1497,0.1388
804,697,1501,0.1388
794,702,1496,0.1388
794,703,1497,0.1388
800,699,1499,0.1388
801,708,1509,0.1388
799,708,1507,0.1388
793,713,1506,0.1388
788,711,1499,0.1388
780,714,1494,0.1388
781,722,1503,0.1388
785,726,1511,0.1388
791,725,1516,0.1388
785,725,1510,0.1388
789,718,1507,0.1388
792,723,1515,0.1388
798,727,1525,0.1388
800,723,1523,0.1388
798,712,1510,0.1388
800,717,1517,0.1388
792,717,1509,0.1388
785,717,1502,0.1388
792,710,1502,0.1388
790,714,1504,0.1388
777,712,1489,0.1388
774,718,1492,0.1388
772,720,1492,0.1388
783,716,1499,0.1388
783,710,1493,0.1388
782,718,1500,0.1388
776,726,1502,0.1388
792,728,1520,0.1388
796,720,1516,0.1388
796,726,1522,0.1388
783,729,1512,0.1388
781,716,1497,0.1388
790,704,1494,0.1388
785,698,1483,0.1388
782,716,1498,0.1388
786,723,1509,0.1388
781,727,1508,0.1388
783,725,1508,0.1388
785,725,1510,0.1388
789,727,1516,0.1388
781,725,1506,0.1388
788,729,1517,0.1388
784,733,1517,0.1388
784,731,1515,0.1388
787,736,1523,0.1388
784,730,1514,0.1388
779,732,1511,0.1388
771,738,1509,0.1388
767,744,1511,0.1388
757,743,1500,0.1388
762,745,1507,0.1388
760,735,1495,0.1388
762,737,1499,0.1388
762,748,1510,0.1388
765,746,1511,0.1388
760,754,1514,0.1388
748,750,1498,0.1388
746,751,1497,0.1388
751,738,1489,0.1388
750,740,1490,0.1388
768,743,1511,0.1388
775,748,1523,0.1388
762,747,1509,0.1388
770,740,1510,0.1388
770,741,1511,0.1388
764,741,1505,0.1388
759,749,1508,0.1388
758,743,1501,0.1388
763,754,1517,0.1388
757,752,1509,0.1388
746,752,1498,0.1388
747,758,1505,0.1388
736,761,1497,0.1388
743,764,1507,0.1388
736,771,1507,0.1388
726,770,1496,0.1388
735,775,1510,0.1388
722,773,1495,0.1388
731,777,1508,0.1388
731,783,1514,0.1388
728,776,1504,0.1388
728,787,1515,0.1388
730,787,1517,0.1388
724,785,1509,0.1388
722,795,1517,0.1388
712,803,1515,0.1388
714,810,1524,0.1388
708,803,1511,0.1388
691,803,1494,0.1388
684,812,1496,0.1388
675,817,1492,0.1388
681,811,1492,0.1388
685,812,1497,0.1388
677,810,1487,0.1388
682,818,1500,0.1388
690,822,1512,0.1388
696,825,1521,0.1388
691,823,1514,0.1388
698,826,1524,0.1388
694,824,1518,0.1388
701,823,1524,0.1388
698,815,1513,0.1388
687,814,1501,0.1388
682,813,1495,0.1388
688,803,1491,0.1388
687,803,1490,0.1388
690,812,1502,0.1388
694,802,1496,0.1388
690,807,1497,0.1388
681,822,1503,0.1388
689,809,1498,0.1388
683,817,1500,0.1388
681,820,1501,0.1388
683,817,1500,0.1388
683,825,1508,0.1388
666,829,1495,0.1388
678,831,1509,0.1388
667,834,1501,0.1388
654,833,1487,0.1388
652,850,1502,0.1388
653,855,1508,0.1388
659,847,1506,0.1388
656,862,1518,0.1388
660,855,1515,0.1388
663,851,1514,0.1388
675,848,1523,0.1388
670,842,1512,0.1388
670,834,1504,0.1388
674,836,1510,0.1388
670,832,1502,0.1388
677,826,1503,0.1388
674,832,1506,0.1388
675,836,1511,0.1388
664,839,1503,0.1388
655,853,1508,0.1388
661,845,1506,0.1388
653,854,1507,0.1388
668,858,1526,0.1388
665,870,1535,0.1388
646,867,1513,0.1388
647,860,1507,0.1388
645,861,1506,0.1388
642,863,1505,0.1388
638,868,1506,0.1388
637,870,1507,0.1388
638,872,1510,0.1388
642,868,1510,0.1388
636,875,1511,0.1388
638,870,1508,0.1388
638,879,1517,0.1388
635,870,1505,0.1388
627,875,1502,0.1388
632,878,1510,0.1388
623,876,1499,0.1388
621,875,1496,0.1388
619,884,1503,0.1388
617,878,1495,0.1388
616,885,1501,0.1388
613,897,1510,0.1388
619,891,1510,0.1388
616,889,1505,0.1388
611,894,1505,0.1388
610,906,1516,0.1388
605,901,1506,0.1388
609,903,1512,0.1388
604,908,1512,0.1388
610,905,1515,0.1388
601,898,1499,0.1388
594,916,1510,0.1388
595,912,1507,0.1388
588,912,1500,0.1388
589,913,1502,0.1388
586,909,1495,0.1388
588,905,1493,0.1388
594,915,1509,0.1388
592,914,1506,0.1388
582,923,1505,0.1388
585,929,1514,0.1388
582,931,1513,0.1388
589,929,1518,0.1388
589,933,1522,0.1388
579,934,1513,0.1388
583,912,1495,0.1388
577,927,1504,0.1388
574,920,1494,0.1388
581,927,1508,0.1388
578,931,1509,0.1388
578,926,1504,0.1388
574,913,1487,0.1388
577,911,1488,0.1388
584,911,1495,0.1388
582,918,1500,0.1388
584,920,1504,0.1388
576,917,1493,0.1388
573,917,1490,0.1388
578,926,1504,0.1388
578,932,1510,0.1388
574,940,1514,0.1388
566,939,1505,0.1388
558,937,1495,0.1388
555,939,1494,0.1388
551,946,1497,0.1388
555,952,1507,0.1388
555,948,1503,0.1388
556,944,1500,0.1388
566,951,1517,0.1388
570,950,1520,0.1388
572,951,1523,0.1388
570,949,1519,0.1388
567,953,1520,0.1388
565,956,1521,0.1388
560,966,1526,0.1388
557,960,1517,0.1388
550,951,1501,0.1388
556,964,1520,0.1388
566,971,1537,0.1388
565,963,1528,0.1388
558,963,1521,0.1388
556,959,1515,0.1388
549,953,1502,0.1388
546,957,1503,0.1388
548,954,1502,0.1388
542,953,1495,0.1388
537,958,1495,0.1388
536,959,1495,0.1388
539,968,1507,0.1388
532,973,1505,0.1388
524,972,1496,0.1388
526,980,1506,0.1388
532,977,1509,0.1388
531,974,1505,0.1388
529,966,1495,0.1388
525,976,1501,0.1388
520,990,1510,0.1388
516,991,1507,0.1388
518,991,1509,0.1388
523,995,1518,0.1388
520,1002,1522,0.1388
523,990,1513,0.1388
524,983,1507,0.1388
519,1002,1521,0.1388
507,1000,1507,0.1388
516,1002,1518,0.1388
516,999,1515,0.1388
509,996,1505,0.1388
506,1005,1511,0.1388
506,1014,1520,0.1388
503,1004,1507,0.1388
513,999,1512,0.1388
510,1010,1520,0.1388
504,1017,1521,0.1388
510,1013,1523,0.1388
509,1002,1511,0.1388
507,1003,1510,0.1388
514,1011,1525,0.1388
515,1012,1527,0.1388
517,1008,1525,0.1388
507,1010,1517,0.1388
502,1000,1502,0.1388
502,1000,1502,0.1388
506,998,1504,0.1388
503,998,1501,0.1388
507,999,1506,0.1388
503,999,1502,0.1388
501,1002,1503,0.1388
497,1007,1504,0.1388
501,1001,1502,0.1388
503,1000,1503,0.1388
504,1001,1505,0.1388
501,1012,1513,0.1388
501,1012,1513,0.1388
498,1007,1505,0.1388
495,1009,1504,0.1388
490,1014,1504,0.1388
483,1009,1492,0.1388
491,1012,1503,0.1388
492,1021,1513,0.1388
495,1019,1514,0.1388
489,1020,1509,0.1388
485,1025,1510,0.1388
483,1028,1511,0.1388
486,1017,1503,0.1388
491,1020,1511,0.1388
493,1025,1518,0.1388
492,1027,1519,0.1388
492,1027,1519,0.1388
487,1016,1503,0.1388
492,1016,1508,0.1388
491,1012,1503,0.1388
489,1013,1502,0.1388
484,1024,1508,0.1388
488,1028,1516,0.1388
499,1029,1528,0.1388
486,1031,1517,0.1388
481,1018,1499,0.1388
481,1023,1504,0.1388
486,1015,1501,0.1388
481,1017,1498,0.1388
483,1018,1501,0.1388
486,1009,1495,0.1388
492,1023,1515,0.1388
487,1027,1514,0.1388
490,1021,1511,0.1388
492,1018,1510,0.1388
484,1024,1508,0.1388
487,1035,1522,0.1388
487,1027,1514,0.1388
488,1024,1512,0.1388
485,1032,1517,0.1388
477,1033,1510,0.1388
479,1036,1515,0.1388
470,1038,1508,0.1388
471,1044,1515,0.1388
475,1034,1509,0.1388
471,1035,1506,0.1388
457,1035,1492,0.1388
459,1036,1495,0.1388
457,1040,1497,0.1388
448,1028,1476,0.1388
456,1042,1498,0.1388
453,1036,1489,0.1388
455,1037,1492,0.1388
458,1037,1495,0.1388
462,1039,1501,0.1388
461,1045,1506,0.1388
457,1052,1509,0.1388
458,1061,1519,0.1388
456,1072,1528,0.1388
461,1069,1530,0.1388
461,1077,1538,0.1388
454,1074,1528,0.1388
451,1073,1524,0.1388
454,1062,1516,0.1388
450,1071,1521,0.1388
454,1060,1514,0.1388
450,1059,1509,0.1388
447,1062,1509,0.1388
437,1058,1495,0.1388
445,1059,1504,0.1388
447,1064,1511,0.1388
448,1064,1512,0.1388
450,1070,1520,0.1388
446,1067,1513,0.1388
447,1056,1503,0.1388
455,1055,1510,0.1388
453,1070,1523,0.1388
457,1059,1516,0.1388
453,1062,1515,0.1388
447,1062,1509,0.1388
443,1055,1498,0.1388
449,1048,1497,0.1388
452,1061,1513,0.1388
453,1056,1509,0.1388
457,1062,1519,0.1388
456,1062,1518,0.1388
448,1067,1515,0.1388
440,1069,1509,0.1388
445,1077,1522,0.1388
442,1074,1516,0.1388
449,1072,1521,0.1388
445,1070,1515,0.1388
446,1071,1517,0.1388
449,1065,1514,0.1388
452,1053,1505,0.1388
450,1055,1505,0.1388
446,1048,1494,0.1388
442,1049,1491,0.1388
447,1055,1502,0.1388
450,1049,1499,0.1388
462,1052,1514,0.1388
460,1054,1514,0.1388
466,1061,1527,0.1388
467,1056,1523,0.1388
463,1052,1515,0.1388
455,1055,1510,0.1388
456,1056,1512,0.1388
449,1033,1482,0.1388
448,1054,1502,0.1388
446,1060,1506,0.1388
448,1061,1509,0.1388
450,1060,1510,0.1388
451,1064,1515,0.1388
457,1067,1524,0.1388
452,1061,1513,0.1388
445,1065,1510,0.1388
446,1070,1516,0.1388
444,1062,1506,0.1388
445,1066,1511,0.1388
441,1065,1506,0.1388
445,1069,1514,0.1388
448,1074,1522,0.1388
457,1070,1527,0.1388
453,1065,1518,0.1388
453,1073,1526,0.1388
454,1076,1530,0.1388
459,1072,1531,0.1388
454,1074,1528,0.1388
443,1076,1519,0.1388
446,1070,1516,0.1388
447,1067,1514,0.1388
442,1082,1524,0.1388
439,1080,1519,0.1388
436,1082,1518,0.1388
434,1072,1506,0.1388
436,1082,1518,0.1388
433,1071,1504,0.1388
435,1089,1524,0.1388
427,1092,1519,0.1388
434,1097,1531,0.1388
430,1090,1520,0.1388
423,1089,1512,0.1388
424,1091,1515,0.1388
427,1099,1526,0.1388
427,1088,1515,0.1388
424,1082,1506,0.1388
416,1087,1503,0.1388
413,1093,1506,0.1388
411,1094,1505,0.1388
412,1097,1509,0.1388
409,1104,1513,0.1388
413,1097,1510,0.1388
414,1095,1509,0.1388
406,1099,1505,0.1388
403,1105,1508,0.1388
406,1113,1519,0.1388
402,1121,1523,0.1388
402,1118,1520,0.1388
399,1121,1520,0.1388
400,1119,1519,0.1388
395,1110,1505,0.1388
387,1121,1508,0.1388
379,1124,1503,0.1388
380,1125,1505,0.1388
386,1121,1507,0.1388
381,1126,1507,0.1388
379,1135,1514,0.1388
386,1131,1517,0.1388
381,1131,1512,0.1388
385,1136,1521,0.1388
386,1134,1520,0.1388
385,1129,1514,0.1388
388,1108,1496,0.1388
390,1097,1487,0.1388
394,1099,1493,0.1388
397,1100,1497,0.1388
393,1102,1495,0.1388
393,1101,1494,0.1388
400,1109,1509,0.1388
399,1109,1508,0.1388
386,1116,1502,0.1388
386,1125,1511,0.1388
385,1121,1506,0.1388
389,1116,1505,0.1388
388,1124,1512,0.1388
382,1146,1528,0.1388
383,1152,1535,0.1388
381,1142,1523,0.1388
389,1132,1521,0.1388
384,1120,1504,0.1388
380,1128,1508,0.1388
373,1121,1494,0.1388
374,1125,1499,0.1388
370,1120,1490,0.1388
369,1135,1504,0.1388
365,1136,1501,0.1388
362,1129,1491,0.1388
361,1137,1498,0.1388
359,1135,1494,0.1388
359,1148,1507,0.1388
360,1146,1506,0.1388
360,1150,1510,0.1388
362,1156,1518,0.1388
360,1148,1508,0.1388
360,1155,1515,0.1388
352,1162,1514,0.1388
352,1169,1521,0.1388
351,1173,1524,0.1388
350,1171,1521,0.1388
344,1168,1512,0.1388
343,1175,1518,0.1388
347,1177,1524,0.1388
344,1174,1518,0.1388
338,1170,1508,0.1388
334,1173,1507,0.1388
333,1164,1497,0.1388
322,1172,1494,0.1388
329,1176,1505,0.1388
321,1180,1501,0.1388
315,1173,1488,0.1388
324,1187,1511,0.1388
327,1180,1507,0.1388
325,1193,1518,0.1388
326,1193,1519,0.1388
325,1195,1520,0.1388
314,1197,1511,0.1388
311,1187,1498,0.1388
329,1201,1530,0.1388
330,1195,1525,0.1388
328,1190,1518,0.1388
329,1186,1515,0.1388
320,1187,1507,0.1388
320,1190,1510,0.1388
318,1190,1508,0.1388
315,1187,1502,0.1388
318,1177,1495,0.1388
315,1189,1504,0.1388
318,1198,1516,0.1388
321,1194,1515,0.1388
319,1202,1521,0.1388
316,1202,1518,0.1388
312,1202,1514,0.1388
304,1199,1503,0.1388
306,1204,1510,0.1388
310,1213,1523,0.1388
308,1215,1523,0.1388
305,1212,1517,0.1388
302,1222,1524,0.1388
306,1212,1518,0.1388
302,1218,1520,0.1388
300,1205,1505,0.1388
300,1199,1499,0.1388
295,1193,1488,0.1388
296,1197,1493,0.1388
296,1203,1499,0.1388
298,1221,1519,0.1388
297,1213,1510,0.1388
300,1214,1514,0.1388
299,1215,1514,0.1388
293,1222,1515,0.1388
296,1218,1514,0.1388
297,1211,1508,0.1388
296,1204,1500,0.1388
297,1207,1504,0.1388
297,1206,1503,0.1388
294,1224,1518,0.1388
290,1220,1510,0.1388
293,1218,1511,0.1388
297,1226,1523,0.1388
294,1224,1518,0.1388
292,1230,1522,0.1388
293,1228,1521,0.1388
288,1240,1528,0.1388
281,1240,1521,0.1388
286,1239,1525,0.1388
283,1227,1510,0.1388
280,1239,1519,0.1388
275,1237,1512,0.1388
272,1242,1514,0.1388
271,1233,1504,0.1388
275,1227,1502,0.1388
275,1232,1507,0.1388
276,1231,1507,0.1388
279,1227,1506,0.1388
274,1233,1507,0.1388
275,1227,1502,0.1388
271,1238,1509,0.1388
270,1248,1518,0.1388
263,1252,1515,0.1388
261,1237,1498,0.1388
262,1246,1508,0.1388
260,1247,1507,0.1388
263,1251,1514,0.1388
265,1255,1520,0.1388
261,1243,1504,0.1388
256,1242,1498,0.1388
255,1254,1509,0.1388
258,1258,1516,0.1388
256,1267,1523,0.1388
254,1253,1507,0.1388
254,1263,1517,0.1388
252,1263,1515,0.1388
251,1254,1505,0.1388
255,1251,1506,0.1388
256,1251,1507,0.1388
257,1268,1525,0.1388
256,1248,1504,0.1388
253,1269,1522,0.1388
259,1276,1535,0.1388
255,1274,1529,0.1388
257,1269,1526,0.1388
258,1255,1513,0.1388
253,1255,1508,0.1388
254,1249,1503,0.1388
256,1251,1507,0.1388
254,1260,1514,0.1388
252,1270,1522,0.1388
251,1271,1522,0.1388
253,1273,1526,0.1388
250,1277,1527,0.1388
248,1277,1525,0.1388
247,1276,1523,0.1388
246,1275,1521,0.1388
247,1279,1526,0.1388
243,1274,1517,0.1388
238,1271,1509,0.1388
242,1277,1519,0.1388
234,1280,1514,0.1388
235,1265,1500,0.1388
235,1264,1499,0.1388
242,1275,1517,0.1388
240,1267,1507,0.1388
241,1257,1498,0.1388
238,1260,1498,0.1388
236,1273,1509,0.1388
236,1275,1511,0.1388
233,1283,1516,0.1388
237,1289,1526,0.1388
242,1284,1526,0.1388
242,1266,1508,0.1388
245,1277,1522,0.1388
242,1289,1531,0.1388
237,1281,1518,0.1388
236,1281,1517,0.1388
232,1285,1517,0.1388
234,1284,1518,0.1388
239,1282,1521,0.1388
233,1278,1511,0.1388
228,1285,1513,0.1388
230,1290,1520,0.1388
227,1280,1507,0.1388
227,1278,1505,0.1388
230,1277,1507,0.1388
231,1285,1516,0.1388
222,1293,1515,0.1388
217,1299,1516,0.1388
218,1292,1510,0.1388
218,1284,1502,0.1388
219,1276,1495,0.1388
218,1298,1516,0.1388
214,1303,1517,0.1388
215,1317,1532,0.1388
218,1303,1521,0.1388
217,1316,1533,0.1388
210,1312,1522,0.1388
210,1311,1521,0.1388
214,1307,1521,0.1388
213,1309,1522,0.1388
211,1309,1520,0.1388
216,1311,1527,0.1388
209,1314,1523,0.1388
205,1312,1517,0.1388
202,1292,1494,0.1388
207,1296,1503,0.1388
205,1313,1518,0.1388
206,1308,1514,0.1388
207,1318,1525,0.1388
211,1309,1520,0.1388
210,1311,1521,0.1388
209,1301,1510,0.1388
210,1300,1510,0.1388
211,1308,1519,0.1388
205,1301,1506,0.1388
207,1308,1515,0.1388
203,1315,1518,0.1388
204,1309,1513,0.1388
209,1298,1507,0.1388
203,1299,1502,0.1388
206,1312,1518,0.1388
210,1306,1516,0.1388
211,1308,1519,0.1388
215,1311,1526,0.1388
212,1307,1519,0.1388
209,1311,1520,0.1388
209,1311,1520,0.1388
203,1307,1510,0.1388
199,1304,1503,0.1388
192,1309,1501,0.1388
198,1298,1496,0.1388
201,1298,1499,0.1388
204,1314,1518,0.1388
202,1314,1516,0.1388
199,1314,1513,0.1388
199,1314,1513,0.1388
197,1306,1503,0.1388
199,1300,1499,0.1388
203,1320,1523,0.1388
201,1320,1521,0.1388
200,1327,1527,0.1388
199,1331,1530,0.1388
201,1313,1514,0.1388
201,1305,1506,0.1388
196,1307,1503,0.1388
194,1301,1495,0.1388
196,1314,1510,0.1388
193,1308,1501,0.1388
193,1326,1519,0.1388
191,1319,1510,0.1388
188,1318,1506,0.1388
188,1320,1508,0.1388
194,1316,1510,0.1388
195,1311,1506,0.1388
195,1322,1517,0.1388
195,1323,1518,0.1388
194,1326,1520,0.1388
194,1326,1520,0.1388
192,1323,1515,0.1388
197,1323,1520,0.1388
195,1316,1511,0.1388
197,1317,1514,0.1388
195,1310,1505,0.1388
200,1318,1518,0.1388
198,1316,1514,0.1388
197,1322,1519,0.1388
192,1325,1517,0.1388
192,1323,1515,0.1388
190,1318,1508,0.1388
190,1317,1507,0.1388
188,1321,1509,0.1388
189,1329,1518,0.1388
187,1320,1507,0.1388
187,1328,1515,0.1388
182,1330,1512,0.1388
178,1332,1510,0.1388
175,1343,1518,0.1388
172,1345,1517,0.1388
169,1356,1525,0.1388
165,1350,1515,0.1388
168,1341,1509,0.1388
166,1341,1507,0.1388
168,1337,1505,0.1388
167,1327,1494,0.1388
167,1335,1502,0.1388
168,1331,1499,0.1388
169,1337,1506,0.1388
171,1332,1503,0.1388
172,1337,1509,0.1388
171,1337,1508,0.1388
170,1334,1504,0.1388
168,1325,1493,0.1388
176,1335,1511,0.1388
176,1347,1523,0.1388
178,1345,1523,0.1388
172,1344,1516,0.1388
171,1338,1509,0.1388
171,1332,1503,0.1388
171,1334,1505,0.1388
169,1344,1513,0.1388
166,1339,1505,0.1388
170,1342,1512,0.1388
175,1334,1509,0.1388
174,1338,1512,0.1388
173,1341,1514,0.1388
173,1345,1518,0.1388
172,1345,1517,0.1388
176,1342,1518,0.1388
175,1345,1520,0.1388
174,1350,1524,0.1388
170,1359,1529,0.1388
171,1352,1523,0.1388
173,1353,1526,0.1388
173,1351,1524,0.1388
169,1348,1517,0.1388
169,1349,1518,0.1388
173,1352,1525,0.1388
168,1349,1517,0.1388
168,1362,1530,0.1388
164,1346,1510,0.1388
162,1350,1512,0.1388
163,1343,1506,0.1388
163,1337,1500,0.1388
167,1350,1517,0.1388
167,1355,1522,0.1388
166,1343,1509,0.1388
162,1335,1497,0.1388
164,1338,1502,0.1388
161,1344,1505,0.1388
162,1337,1499,0.1388
168,1348,1516,0.1388
171,1342,1513,0.1388
168,1338,1506,0.1388
168,1339,1507,0.1388
170,1331,1501,0.1388
173,1329,1502,0.1388
171,1337,1508,0.1388
172,1343,1515,0.1388
173,1342,1515,0.1388
172,1341,1513,0.1388
169,1325,1494,0.1388
169,1329,1498,0.1388
168,1341,1509,0.1388
168,1344,1512,0.1388
166,1343,1509,0.1388
163,1349,1512,0.1388
163,1353,1516,0.1388
164,1347,1511,0.1388
163,1345,1508,0.1388
159,1342,1501,0.1388
164,1342,1506,0.1388
164,1352,1516,0.1388
164,1344,1508,0.1388
162,1353,1515,0.1388
163,1356,1519,0.1388
166,1358,1524,0.1388
160,1359,1519,0.1388
161,1346,1507,0.1388
162,1353,1515,0.1388
162,1355,1517,0.1388
161,1355,1516,0.1388
160,1361,1521,0.1388
160,1367,1527,0.1388
158,1371,1529,0.1388
154,1359,1513,0.1388
150,1364,1514,0.1388
153,1370,1523,0.1388
151,1355,1506,0.1388
150,1361,1511,0.1388
152,1371,1523,0.1388
145,1368,1513,0.1388
142,1373,1515,0.1388
145,1366,1511,0.1388
143,1362,1505,0.1388
143,1351,1494,0.1388
140,1378,1518,0.1388
140,1373,1513,0.1388
139,1372,1511,0.1388
136,1368,1504,0.1388
136,1377,1513,0.1388
133,1367,1500,0.1388
132,1354,1486,0.1388
134,1362,1496,0.1388
133,1378,1511,0.1388
130,1387,1517,0.1388
129,1386,1515,0.1388
131,1392,1523,0.1388
132,1389,1521,0.1388
128,1397,1525,0.1388
126,1384,1510,0.1388
125,1395,1520,0.1388
120,1398,1518,0.1388
120,1386,1506,0.1388
121,1389,1510,0.1388
122,1392,1514,0.1388
121,1396,1517,0.1388
119,1399,1518,0.1388
117,1393,1510,0.1388
116,1400,1516,0.1388
117,1401,1518,0.1388
118,1404,1522,0.1388
116,1409,1525,0.1388
114,1410,1524,0.1388
112,1413,1525,0.1388
109,1407,1516,0.1388
106,1401,1507,0.1388
109,1391,1500,0.1388
108,1397,1505,0.1388
112,1413,1525,0.1388
112,1405,1517,0.1388
112,1405,1517,0.1388
111,1395,1506,0.1388
111,1383,1494,0.1388
111,1392,1503,0.1388
109,1396,1505,0.1388
108,1401,1509,0.1388
106,1402,1508,0.1388
103,1414,1517,0.1388
103,1415,1518,0.1388
105,1418,1523,0.1388
106,1416,1522,0.1388
106,1413,1519,0.1388
103,1421,1524,0.1388
105,1417,1522,0.1388
103,1409,1512,0.1388
99,1405,1504,0.1388
96,1429,1525,0.1388
94,1441,1535,0.1388
93,1435,1528,0.1388
93,1439,1532,0.1388
90,1427,1517,0.1388
91,1430,1521,0.1388
92,1422,1514,0.1388
91,1425,1516,0.1388
91,1413,1504,0.1388
94,1425,1519,0.1388
95,1416,1511,0.1388
93,1416,1509,0.1388
91,1428,1519,0.1388
90,1430,1520,0.1388
90,1445,1535,0.1388
89,1428,1517,0.1388
91,1434,1525,0.1388
93,1422,1515,0.1388
95,1436,1531,0.1388
94,1440,1534,0.1388
94,1426,1520,0.1388
93,1419,1512,0.1388
94,1431,1525,0.1388
97,1433,1530,0.1388
97,1427,1524,0.1388
93,1424,1517,0.1388
94,1417,1511,0.1388
96,1411,1507,0.1388
95,1409,1504,0.1388
93,1419,1512,0.1388
92,1424,1516,0.1388
97,1426,1523,0.1388
97,1406,1503,0.1388
100,1405,1505,0.1388
99,1406,1505,0.1388
99,1419,1518,0.1388
96,1421,1517,0.1388
92,1424,1516,0.1388
91,1425,1516,0.1388
95,1425,1520,0.1388
98,1422,1520,0.1388
96,1428,1524,0.1388
96,1426,1522,0.1388
97,1429,1526,0.1388
104,1418,1522,0.1388
99,1420,1519,0.1388
100,1425,1525,0.1388
100,1424,1524,0.1388
102,1439,1541,0.1388
101,1430,1531,0.1388
101,1425,1526,0.1388
97,1424,1521,0.1388
99,1417,1516,0.1388
99,1417,1516,0.1388
96,1421,1517,0.1388
98,1421,1519,0.1388
98,1419,1517,0.1388
98,1410,1508,0.1388
101,1428,1529,0.1388
102,1424,1526,0.1388
103,1413,1516,0.1388
102,1408,1510,0.1388
101,1411,1512,0.1388
102,1408,1510,0.1388
99,1409,1508,0.1388
102,1419,1521,0.1388
102,1415,1517,0.1388
101,1424,1525,0.1388
100,1431,1531,0.1388
100,1416,1516,0.1388
100,1397,1497,0.1388
101,1409,1510,0.1388
100,1410,1510,0.1388
99,1425,1524,0.1388
100,1429,1529,0.1388
99,1433,1532,0.1388
96,1424,1520,0.1388
93,1409,1502,0.1388
92,1426,1518,0.1388
91,1427,1518,0.1388
86,1423,1509,0.1388
90,1430,1520,0.1388
89,1425,1514,0.1388
85,1422,1507,0.1388
82,1428,1510,0.1388
84,1433,1517,0.1388
82,1435,1517,0.1388
80,1444,1524,0.1388
78,1442,1520,0.1388
77,1445,1522,0.1388
74,1434,1508,0.1388
74,1433,1507,0.1388
72,1444,1516,0.1388
71,1441,1512,0.1388
71,1453,1524,0.1388
73,1445,1518,0.1388
73,1448,1521,0.1388
72,1457,1529,0.1388
70,1454,1524,0.1388
68,1441,1509,0.1388
66,1448,1514,0.1388
61,1459,1520,0.1388
61,1453,1514,0.1388
61,1453,1514,0.1388
59,1469,1528,0.1388
59,1463,1522,0.1388
56,1469,1525,0.1388
56,1470,1526,0.1388
52,1456,1508,0.1388
53,1458,1511,0.1388
52,1450,1502,0.1388
51,1467,1518,0.1388
51,1465,1516,0.1388
51,1459,1510,0.1388
52,1459,1511,0.1388
53,1449,1502,0.1388
54,1455,1509,0.1388
56,1470,1526,0.1388
58,1462,1520,0.1388
58,1471,1529,0.1388
58,1480,1538,0.1388
56,1473,1529,0.1388
57,1461,1518,0.1388
56,1460,1516,0.1388
57,1457,1514,0.1388
56,1459,1515,0.1388
55,1463,1518,0.1388
56,1459,1515,0.1388
58,1456,1514,0.1388
58,1456,1514,0.1388
58,1455,1513,0.1388
57,1455,1512,0.1388
56,1454,1510,0.1388
58,1453,1511,0.1388
58,1451,1509,0.1388
60,1440,1500,0.1388
61,1442,1503,0.1388
60,1436,1496,0.1388
62,1444,1506,0.1388
62,1457,1519,0.1388
59,1462,1521,0.1388
59,1459,1518,0.1388
62,1457,1519,0.1388
64,1446,1510,0.1388
61,1440,1501,0.1388
65,1440,1505,0.1388
67,1426,1493,0.1388
66,1437,1503,0.1388
66,1447,1513,0.1388
65,1441,1506,0.1388
66,1461,1527,0.1388
65,1456,1521,0.1388
63,1445,1508,0.1388
64,1447,1511,0.1388
63,1440,1503,0.1388
62,1438,1500,0.1388
61,1439,1500,0.1388
62,1442,1504,0.1388
64,1452,1516,0.1388
64,1437,1501,0.1388
65,1433,1498,0.1388
62,1434,1496,0.1388
60,1445,1505,0.1388
60,1439,1499,0.1388
58,1455,1513,0.1388
57,1444,1501,0.1388
60,1453,1513,0.1388
63,1463,1526,0.1388
63,1451,1514,0.1388
65,1450,1515,0.1388
62,1459,1521,0.1388
59,1460,1519,0.1388
58,1462,1520,0.1388
58,1452,1510,0.1388
56,1455,1511,0.1388
55,1467,1522,0.1388
52,1469,1521,0.1388
51,1457,1508,0.1388
51,1452,1503,0.1388
52,1449,1501,0.1388
52,1460,1512,0.1388
54,1462,1516,0.1388
53,1478,1531,0.1388
54,1473,1527,0.1388
54,1474,1528,0.1388
55,1475,1530,0.1388
54,1466,1520,0.1388
53,1459,1512,0.1388
55,1473,1528,0.1388
54,1477,1531,0.1388
54,1472,1526,0.1388
53,1468,1521,0.1388
54,1461,1515,0.1388
52,1479,1531,0.1388
50,1473,1523,0.1388
48,1471,1519,0.1388
48,1481,1529,0.1388
48,1463,1511,0.1388
48,1472,1520,0.1388
47,1476,1523,0.1388
47,1476,1523,0.1388
47,1467,1514,0.1388
47,1467,1514,0.1388
48,1473,1521,0.1388
46,1488,1534,0.1388
45,1482,1527,0.1388
45,1479,1524,0.1388
46,1476,1522,0.1388
46,1479,1525,0.1388
46,1478,1524,0.1388
43,1480,1523,0.1388
43,1483,1526,0.1388
43,1473,1516,0.1388
46,1472,1518,0.1388
45,1477,1522,0.1388
46,1474,1520,0.1388
47,1468,1515,0.1388
47,1468,1515,0.1388
47,1469,1516,0.1388
46,1471,1517,0.1388
46,1475,1521,0.1388
42,1474,1516,0.1388
43,1474,1517,0.1388
41,1460,1501,0.1388
41,1472,1513,0.1388
41,1473,1514,0.1388
42,1476,1518,0.1388
42,1470,1512,0.1388
45,1462,1507,0.1388
45,1447,1492,0.1388
45,1458,1503,0.1388
45,1468,1513,0.1388
45,1458,1503,0.1388
44,1474,1518,0.1388
43,1478,1521,0.1388
44,1476,1520,0.1388
44,1464,1508,0.1388
44,1465,1509,0.1388
41,1460,1501,0.1388
40,1468,1508,0.1388
38,1468,1506,0.1388
38,1465,1503,0.1388
38,1489,1527,0.1388
38,1497,1535,0.1388
37,1490,1527,0.1388
38,1496,1534,0.1388
38,1497,1535,0.1388
39,1491,1530,0.1388
40,1491,1531,0.1388
40,1489,1529,0.1388
41,1490,1531,0.1388
41,1496,1537,0.1388
39,1484,1523,0.1388
42,1475,1517,0.1388
42,1473,1515,0.1388
41,1475,1516,0.1388
39,1475,1514,0.1388
37,1485,1522,0.1388
37,1473,1510,0.1388
35,1475,1510,0.1388
34,1482,1516,0.1388
35,1469,1504,0.1388
38,1477,1515,0.1388
39,1473,1512,0.1388
39,1477,1516,0.1388
38,1467,1505,0.1388
36,1467,1503,0.1388
36,1471,1507,0.1388
35,1475,1510,0.1388
37,1466,1503,0.1388
37,1464,1501,0.1388
36,1459,1495,0.1388
37,1482,1519,0.1388
38,1488,1526,0.1388
38,1479,1517,0.1388
35,1474,1509,0.1388
35,1475,1510,0.1388
36,1485,1521,0.1388
36,1474,1510,0.1388
37,1485,1522,0.1388
39,1478,1517,0.1388
39,1480,1519,0.1388
38,1482,1520,0.1388
38,1469,1507,0.1388
38,1474,1512,0.1388
36,1479,1515,0.1388
36,1478,1514,0.1388
38,1467,1505,0.1388
37,1462,1499,0.1388
38,1476,1514,0.1388
39,1483,1522,0.1388
39,1489,1528,0.1388
39,1485,1524,0.1388
38,1491,1529,0.1388
37,1485,1522,0.1388
37,1474,1511,0.1388
37,1467,1504,0.1388
37,1468,1505,0.1388
39,1465,1504,0.1388
41,1468,1509,0.1388
40,1469,1509,0.1388
40,1475,1515,0.1388
38,1466,1504,0.1388
39,1492,1531,0.1388
38,1498,1536,0.1388
37,1499,1536,0.1388
36,1485,1521,0.1388
38,1480,1518,0.1388
39,1483,1522,0.1388
36,1490,1526,0.1388
36,1497,1533,0.1388
36,1489,1525,0.1388
37,1473,1510,0.1388
35,1473,1508,0.1388
36,1476,1512,0.1388
32,1481,1513,0.1388
32,1480,1512,0.1388
32,1484,1516,0.1388
30,1471,1501,0.1388
33,1467,1500,0.1388
33,1475,1508,0.1388
34,1469,1503,0.1388
35,1459,1494,0.1388
35,1460,1495,0.1388
32,1486,1518,0.1388
32,1490,1522,0.1388
32,1493,1525,0.1388
33,1479,1512,0.1388
34,1475,1509,0.1388
34,1477,1511,0.1388
36,1478,1514,0.1388
36,1468,1504,0.1388
38,1475,1513,0.1388
38,1480,1518,0.1388
37,1487,1524,0.1388
38,1482,1520,0.1388
39,1486,1525,0.1388
37,1477,1514,0.1388
39,1472,1511,0.1388
39,1483,1522,0.1388
38,1479,1517,0.1388
38,1488,1526,0.1388
37,1474,1511,0.1388
37,1469,1506,0.1388
38,1475,1513,0.1388
38,1464,1502,0.1388
38,1475,1513,0.1388
37,1474,1511,0.1388
37,1487,1524,0.1388
40,1477,1517,0.1388
38,1482,1520,0.1388
38,1490,1528,0.1388
38,1472,1510,0.1388
40,1487,1527,0.1388
39,1475,1514,0.1388
38,1474,1512,0.1388
38,1478,1516,0.1388
35,1490,1525,0.1388
36,1490,1526,0.1388
36,1500,1536,0.1388
35,1494,1529,0.1388
33,1495,1528,0.1388
34,1487,1521,0.1388
33,1496,1529,0.1388
33,1487,1520,0.1388
33,1470,1503,0.1388
34,1477,1511,0.1388
35,1495,1530,0.1388
34,1484,1518,0.1388
35,1499,1534,0.1388
32,1482,1514,0.1388
34,1491,1525,0.1388
32,1475,1507,0.1388
34,1474,1508,0.1388
32,1474,1506,0.1388
32,1486,1518,0.1388
34,1481,1515,0.1388
35,1473,1508,0.1388
36,1470,1506,0.1388
36,1466,1502,0.1388
33,1476,1509,0.1388
32,1473,1505,0.1388
31,1452,1483,0.1388
31,1481,1512,0.1388
30,1485,1515,0.1388
28,1490,1518,0.1388
27,1487,1514,0.1388
26,1484,1510,0.1388
25,1492,1517,0.1388
25,1492,1517,0.1388
22,1497,1519,0.1388
21,1505,1526,0.1388
21,1499,1520,0.1388
21,1502,1523,0.1388
21,1493,1514,0.1388
21,1497,1518,0.1388
20,1496,1516,0.1388
19,1493,1512,0.1388
21,1499,1520,0.1388
21,1488,1509,0.1388
20,1491,1511,0.1388
20,1488,1508,0.1388
20,1502,1522,0.1388
18,1488,1506,0.1388
18,1493,1511,0.1388
18,1493,1511,0.1388
18,1499,1517,0.1388
18,1504,1522,0.1388
18,1495,1513,0.1388
18,1495,1513,0.1388
18,1488,1506,0.1388
18,1507,1525,0.1388
17,1502,1519,0.1388
18,1515,1533,0.1388
17,1520,1537,0.1388
19,1515,1534,0.1388
19,1507,1526,0.1388
19,1496,1515,0.1388
19,1502,1521,0.1388
19,1491,1510,0.1388
18,1486,1504,0.1388
19,1483,1502,0.1388
19,1495,1514,0.1388
18,1496,1514,0.1388
19,1498,1517,0.1388
19,1491,1510,0.1388
18,1503,1521,0.1388
17,1508,1525,0.1388
16,1507,1523,0.1388
16,1505,1521,0.1388
16,1501,1517,0.1388
14,1503,1517,0.1388
16,1501,1517,0.1388
15,1506,1521,0.1388
14,1515,1529,0.1388
14,1512,1526,0.1388
14,1500,1514,0.1388
14,1510,1524,0.1388
14,1495,1509,0.1388
14,1494,1508,0.1388
14,1505,1519,0.1388
12,1512,1524,0.1388
12,1517,1529,0.1388
11,1518,1529,0.1388
10,1522,1532,0.1388
10,1510,1520,0.1388
10,1504,1514,0.1388
10,1501,1511,0.1388
10,1498,1508,0.1388
12,1497,1509,0.1388
12,1489,1501,0.1388
13,1481,1494,0.1388
11,1493,1504,0.1388
11,1500,1511,0.1388
11,1499,1510,0.1388
12,1505,1517,0.1388
11,1496,1507,0.1388
12,1515,1527,0.1388
12,1513,1525,0.1388
11,1509,1520,0.1388
11,1507,1518,0.1388
11,1503,1514,0.1388
12,1511,1523,0.1388
12,1514,1526,0.1388
12,1500,1512,0.1388
12,1505,1517,0.1388
13,1495,1508,0.1388
13,1505,1518,0.1388
13,1517,1530,0.1388
13,1514,1527,0.1388
13,1516,1529,0.1388
14,1502,1516,0.1388
14,1504,1518,0.1388
14,1498,1512,0.1388
14,1492,1506,0.1388
14,1493,1507,0.1388
14,1505,1519,0.1388
13,1507,1520,0.1388
14,1500,1514,0.1388
14,1494,1508,0.1388
15,1491,1506,0.1388
16,1504,1520,0.1388
16,1508,1524,0.1388
16,1502,1518,0.1388
16,1511,1527,0.1388
16,1488,1504,0.1388
13,1499,1512,0.1388
13,1490,1503,0.1388
11,1498,1509,0.1388
12,1495,1507,0.1388
12,1494,1506,0.1388
14,1504,1518,0.1388
12,1521,1533,0.1388
12,1510,1522,0.1388
12,1507,1519,0.1388
12,1509,1521,0.1388
11,1509,1520,0.1388
10,1506,1516,0.1388
10,1510,1520,0.1388
11,1513,1524,0.1388
11,1514,1525,0.1388
10,1513,1523,0.1388
10,1503,1513,0.1388
10,1525,1535,0.1388
10,1515,1525,0.1388
9,1511,1520,0.1388
9,1500,1509,0.1388
9,1501,1510,0.1388
10,1504,1514,0.1388
10,1499,1509,0.1388
10,1500,1510,0.1388
10,1501,1511,0.1388
12,1499,1511,0.1388
11,1508,1519,0.1388
11,1502,1513,0.1388
12,1492,1504,0.1388
13,1494,1507,0.1388
13,1491,1504,0.1388
13,1496,1509,0.1388
12,1505,1517,0.1388
13,1505,1518,0.1388
13,1521,1534,0.1388
10,1516,1526,0.1388
10,1512,1522,0.1388
10,1508,1518,0.1388
10,1502,1512,0.1388
11,1513,1524,0.1388
12,1508,1520,0.1388
12,1508,1520,0.1388
12,1501,1513,0.1388
12,1502,1514,0.1388
13,1510,1523,0.1388
13,1514,1527,0.1388
12,1502,1514,0.1388
10,1498,1508,0.1388
10,1506,1516,0.1388
10,1513,1523,0.1388
10,1517,1527,0.1388
10,1511,1521,0.1388
10,1508,1518,0.1388
10,1517,1527,0.1388
11,1508,1519,0.1388
12,1500,1512,0.1388
12,1509,1521,0.1388
12,1512,1524,0.1388
12,1509,1521,0.1388
12,1495,1507,0.1388
12,1490,1502,0.1388
11,1499,1510,0.1388
11,1504,1515,0.1388
12,1513,1525,0.1388
12,1508,1520,0.1388
12,1509,1521,0.1388
12,1500,1512,0.1388
13,1494,1507,0.1388
12,1493,1505,0.1388
11,1495,1506,0.1388
11,1504,1515,0.1388
11,1500,1511,0.1388
11,1499,1510,0.1388
11,1490,1501,0.1388
12,1480,1492,0.1388
12,1482,1494,0.1388
12,1478,1490,0.1388
12,1479,1491,0.1388
13,1475,1488,0.1388
13,1492,1505,0.1388
14,1488,1502,0.1388
14,1477,1491,0.1388
14,1502,1516,0.1388
13,1508,1521,0.1388
13,1491,1504,0.1388
13,1502,1515,0.1388
13,1501,1514,0.1388
13,1511,1524,0.1388
13,1512,1525,0.1388
14,1507,1521,0.1388
14,1505,1519,0.1388
15,1504,1519,0.1388
14,1507,1521,0.1388
14,1500,1514,0.1388
14,1501,1515,0.1388
14,1504,1518,0.1388
13,1504,1517,0.1388
14,1504,1518,0.1388
15,1496,1511,0.1388
15,1502,1517,0.1388
14,1488,1502,0.1388
14,1500,1514,0.1388
13,1490,1503,0.1388
12,1494,1506,0.1388
11,1500,1511,0.1388
11,1501,1512,0.1388
11,1510,1521,0.1388
11,1504,1515,0.1388
11,1494,1505,0.1388
10,1506,1516,0.1388
9,1504,1513,0.1388
9,1511,1520,0.1388
9,1523,1532,0.1388
8,1526,1534,0.1388
8,1521,1529,0.1388
9,1512,1521,0.1388
9,1502,1511,0.1388
10,1511,1521,0.1388
10,1512,1522,0.1388
9,1500,1509,0.1388
9,1490,1499,0.1388
10,1489,1499,0.1388
10,1495,1505,0.1388
10,1498,1508,0.1388
11,1488,1499,0.1388
11,1493,1504,0.1388
11,1498,1509,0.1388
9,1504,1513,0.1388
8,1496,1504,0.1388
8,1498,1506,0.1388
8,1490,1498,0.1388
8,1492,1500,0.1388
8,1503,1511,0.1388
8,1504,1512,0.1388
7,1499,1506,0.1388
7,1491,1498,0.1388
6,1500,1506,0.1388
5,1512,1517,0.1388
4,1516,1520,0.1388
4,1518,1522,0.1388
4,1510,1514,0.1388
4,1508,1512,0.1388
4,1515,1519,0.1388
3,1506,1509,0.1388
3,1516,1519,0.1388
3,1513,1516,0.1388
5,1516,1521,0.1388
5,1518,1523,0.1388
5,1514,1519,0.1388
5,1511,1516,0.1388
4,1519,1523,0.1388
5,1517,1522,0.1388
4,1521,1525,0.1388
4,1517,1521,0.1388
4,1517,1521,0.1388
5,1511,1516,0.1388
5,1516,1521,0.1388
5,1516,1521,0.1388
6,1503,1509,0.1388
6,1510,1516,0.1388
7,1520,1527,0.1388
7,1519,1526,0.1388
7,1517,1524,0.1388
7,1521,1528,0.1388
8,1507,1515,0.1388
9,1513,1522,0.1388
9,1511,1520,0.1388
10,1501,1511,0.1388
10,1511,1521,0.1388
9,1498,1507,0.1388
9,1495,1504,0.1388
10,1494,1504,0.1388
11,1497,1508,0.1388
10,1502,1512,0.1388
10,1506,1516,0.1388
10,1501,1511,0.1388
9,1500,1509,0.1388
11,1496,1507,0.1388
11,1510,1521,0.1388
12,1516,1528,0.1388
13,1513,1526,0.1388
12,1519,1531,0.1388
11,1525,1536,0.1388
13,1509,1522,0.1388
13,1508,1521,0.1388
14,1515,1529,0.1388
15,1511,1526,0.1388
15,1521,1536,0.1388
15,1513,1528,0.1388
15,1521,1536,0.1388
15,1512,1527,0.1388
15,1500,1515,0.1388
15,1502,1517,0.1388
14,1507,1521,0.1388
13,1492,1505,0.1388
13,1497,1510,0.1388
11,1491,1502,0.1388
11,1503,1514,0.1388
10,1508,1518,0.1388
12,1512,1524,0.1388
11,1514,1525,0.1388
11,1518,1529,0.1388
11,1521,1532,0.1388
12,1510,1522,0.1388
12,1506,1518,0.1388
12,1510,1522,0.1388
13,1500,1513,0.1388
12,1507,1519,0.1388
11,1511,1522,0.1388
13,1501,1514,0.1388
12,1498,1510,0.1388
12,1504,1516,0.1388
13,1497,1510,0.1388
13,1494,1507,0.1388
13,1512,1525,0.1388
11,1518,1529,0.1388
11,1512,1523,0.1388
12,1509,1521,0.1388
12,1502,1514,0.1388
12,1512,1524,0.1388
12,1517,1529,0.1388
11,1510,1521,0.1388
11,1510,1521,0.1388
11,1504,1515,0.1388
11,1499,1510,0.1388
10,1513,1523,0.1388
10,1514,1524,0.1388
10,1506,1516,0.1388
10,1501,1511,0.1388
10,1489,1499,0.1388
10,1504,1514,0.1388
9,1515,1524,0.1388
8,1521,1529,0.1388
8,1528,1536,0.1388
7,1523,1530,0.1388
7,1526,1533,0.1388
7,1526,1533,0.1388
7,1517,1524,0.1388
7,1516,1523,0.1388
7,1513,1520,0.1388
7,1509,1516,0.1388
7,1510,1517,0.1388
6,1505,1511,0.1388
6,1512,1518,0.1388
7,1514,1521,0.1388
7,1511,1518,0.1388
6,1506,1512,0.1388
6,1503,1509,0.1388
6,1505,1511,0.1388
6,1505,1511,0.1388
6,1494,1500,0.1388
7,1504,1511,0.1388
7,1494,1501,0.1388
7,1494,1501,0.1388
7,1503,1510,0.1388
6,1507,1513,0.1388
7,1505,1512,0.1388
7,1511,1518,0.1388
7,1506,1513,0.1388
7,1507,1514,0.1388
7,1517,1524,0.1388
8,1513,1521,0.1388
8,1510,1518,0.1388
8,1514,1522,0.1388
8,1513,1521,0.1388
8,1518,1526,0.1388
8,1513,1521,0.1388
8,1515,1523,0.1388
8,1509,1517,0.1388
7,1498,1505,0.1388
7,1517,1524,0.1388
7,1514,1521,0.1388
7,1512,1519,0.1388
7,1519,1526,0.1388
7,1507,1514,0.1388
7,1506,1513,0.1388
5,1514,1519,0.1388
5,1504,1509,0.1388
5,1518,1523,0.1388
5,1523,1528,0.1388
5,1518,1523,0.1388
4,1520,1524,0.1388
4,1528,1532,0.1388
4,1511,1515,0.1388
4,1520,1524,0.1388
4,1515,1519,0.1388
4,1528,1532,0.1388
4,1515,1519,0.1388
4,1518,1522,0.1388
4,1520,1524,0.1388
4,1526,1530,0.1388
4,1501,1505,0.1388
5,1510,1515,0.1388
6,1513,1519,0.1388
6,1509,1515,0.1388
6,1521,1527,0.1388
6,1515,1521,0.1388
6,1515,1521,0.1388
6,1519,1525,0.1388
5,1518,1523,0.1388
4,1517,1521,0.1388
5,1518,1523,0.1388
5,1516,1521,0.1388
5,1516,1521,0.1388
5,1517,1522,0.1388
5,1514,1519,0.1388
4,1511,1515,0.1388
4,1518,1522,0.1388
4,1508,1512,0.1388
4,1505,1509,0.1388
4,1519,1523,0.1388
4,1519,1523,0.1388
4,1522,1526,0.1388
4,1525,1529,0.1388
4,1529,1533,0.1388
4,1517,1521,0.1388
4,1523,1527,0.1388
4,1530,1534,0.1388
4,1525,1529,0.1388
4,1522,1526,0.1388
4,1523,1527,0.1388
4,1513,1517,0.1388
4,1508,1512,0.1388
3,1502,1505,0.1388
3,1494,1497,0.1388
3,1515,1518,0.1388
3,1512,1515,0.1388
3,1505,1508,0.1388
2,1499,1501,0.1388
2,1504,1506,0.1388
2,1513,1515,0.1388
2,1520,1522,0.1388
2,1503,1505,0.1388
3,1496,1499,0.1388
3,1503,1506,0.1388
3,1510,1513,0.1388
3,1504,1507,0.1388
3,1505,1508,0.1388
3,1499,1502,0.1388
3,1503,1506,0.1388
3,1525,1528,0.1388
3,1512,1515,0.1388
3,1498,1501,0.1388
3,1502,1505,0.1388
3,1505,1508,0.1388
3,1514,1517,0.1388
2,1525,1527,0.1388
2,1515,1517,0.1388
2,1514,1516,0.1388
2,1515,1517,0.1388
2,1520,1522,0.1388
2,1521,1523,0.1388
2,1529,1531,0.1388
2,1528,1530,0.1388
2,1505,1507,0.1388
2,1494,1496,0.1388
1,1492,1493,0.1388
1,1510,1511,0.1388
1,1524,1525,0.1388
1,1523,1524,0.1388
1,1527,1528,0.1388
1,1523,1524,0.1388
1,1513,1514,0.1388
1,1518,1519,0.1388
1,1522,1523,0.1388
1,1521,1522,0.1388
1,1518,1519,0.1388
0,1520,1520,0.1388
