1374,28,1402,0.1388
1403,33,1436,0.1388
1423,33,1456,0.1388
1424,32,1456,0.1388
1437,36,1473,0.1388
1457,34,1491,0.1388
1477,36,1513,0.1388
1480,37,1517,0.1388
1471,36,1507,0.1388
1457,34,1491,0.1388
1448,31,1479,0.1388
1438,30,1468,0.1388
1452,33,1485,0.1388
1458,35,1493,0.1388
1459,34,1493,0.1388
1459,35,1494,0.1388
1454,34,1488,0.1388
1446,34,1480,0.1388
1453,36,1489,0.1388
1447,39,1486,0.1388
1437,41,1478,0.1388
1433,42,1475,0.1388
1432,42,1474,0.1388
1430,42,1472,0.1388
1451,42,1493,0.1388
1459,43,1502,0.1388
1459,42,1501,0.1388
1451,41,1492,0.1388
1444,41,1485,0.1388
1444,41,1485,0.1388
1437,44,1481,0.1388
1440,42,1482,0.1388
1448,40,1488,0.1388
1456,40,1496,0.1388
1451,41,1492,0.1388
1449,44,1493,0.1388
1450,44,1494,0.1388
1453,45,1498,0.1388
1455,46,1501,0.1388
1455,48,1503,0.1388
1453,48,1501,0.1388
1464,49,1513,0.1388
1455,52,1507,0.1388
1432,52,1484,0.1388
1441,52,1493,0.1388
1439,52,1491,0.1388
1447,52,1499,0.1388
1454,52,1506,0.1388
1439,54,1493,0.1388
1425,54,1479,0.1388
1429,54,1483,0.1388
1425,53,1478,0.1388
1431,56,1487,0.1388
1420,57,1477,0.1388
1423,58,1481,0.1388
1415,57,1472,0.1388
1412,55,1467,0.1388
1412,55,1467,0.1388
1422,55,1477,0.1388
1422,55,1477,0.1388
1424,58,1482,0.1388
1425,57,1482,0.1388
1437,60,1497,0.1388
1424,64,1488,0.1388
1427,66,1493,0.1388
1422,65,1487,0.1388
1424,65,1489,0.1388
1426,66,1492,0.1388
1425,65,1490,0.1388
1421,67,1488,0.1388
1416,68,1484,0.1388
1426,67,1493,0.1388
1427,68,1495,0.1388
1432,68,1500,0.1388
1437,69,1506,0.1388
1444,68,1512,0.1388
1437,70,1507,0.1388
1449,68,1517,0.1388
1441,68,1509,0.1388
1442,70,1512,0.1388
1433,68,1501,0.1388
1430,66,1496,0.1388
1431,70,1501,0.1388
1433,67,1500,0.1388
1439,64,1503,0.1388
1432,63,1495,0.1388
1438,62,1500,0.1388
1427,61,1488,0.1388
1429,62,1491,0.1388
1437,63,1500,0.1388
1449,61,1510,0.1388
1435,61,1496,0.1388
1443,63,1506,0.1388
1445,64,1509,0.1388
1429,64,1493,0.1388
1424,62,1486,0.1388
1425,65,1490,0.1388
1421,64,1485,0.1388
1422,67,1489,0.1388
1415,65,1480,0.1388
1427,66,1493,0.1388
1427,65,1492,0.1388
1427,64,1491,0.1388
1426,65,1491,0.1388
1418,68,1486,0.1388
1417,68,1485,0.1388
1424,69,1493,0.1388
1424,67,1491,0.1388
1418,63,1481,0.1388
1426,63,1489,0.1388
1426,69,1495,0.1388
1425,69,1494,0.1388
1433,70,1503,0.1388
1428,71,1499,0.1388
1423,71,1494,0.1388
1415,70,1485,0.1388
1411,72,1483,0.1388
1410,73,1483,0.1388
1422,76,1498,0.1388
1425,76,1501,0.1388
1417,77,1494,0.1388
1419,76,1495,0.1388
1417,77,1494,0.1388
1429,76,1505,0.1388
1420,77,1497,0.1388
1413,77,1490,0.1388
1430,74,1504,0.1388
1413,73,1486,0.1388
1412,77,1489,0.1388
1406,79,1485,0.1388
1407,78,1485,0.1388
1407,78,1485,0.1388
1413,80,1493,0.1388
1420,80,1500,0.1388
1415,79,1494,0.1388
1402,77,1479,0.1388
1392,77,1469,0.1388
1411,80,1491,0.1388
1408,81,1489,0.1388
1398,83,1481,0.1388
1410,82,1492,0.1388
1401,85,1486,0.1388
1409,85,1494,0.1388
1420,83,1503,0.1388
1409,84,1493,0.1388
1405,86,1491,0.1388
1404,85,1489,0.1388
1403,82,1485,0.1388
1418,84,1502,0.1388
1401,87,1488,0.1388
1417,83,1500,0.1388
1424,83,1507,0.1388
1418,82,1500,0.1388
1423,83,1506,0.1388
1425,84,1509,0.1388
1417,83,1500,0.1388
1410,80,1490,0.1388
1417,80,1497,0.1388
1408,81,1489,0.1388
1415,79,1494,0.1388
1417,79,1496,0.1388
1401,81,1482,0.1388
1407,81,1488,0.1388
1408,83,1491,0.1388
1404,84,1488,0.1388
1408,86,1494,0.1388
1410,90,1500,0.1388
1410,88,1498,0.1388
1408,88,1496,0.1388
1399,88,1487,0.1388
1406,89,1495,0.1388
1401,91,1492,0.1388
1396,92,1488,0.1388
1393,91,1484,0.1388
1406,92,1498,0.1388
1401,93,1494,0.1388
1406,93,1499,0.1388
1400,88,1488,0.1388
1394,93,1487,0.1388
1391,91,1482,0.1388
1395,94,1489,0.1388
1390,95,1485,0.1388
1404,96,1500,0.1388
1394,99,1493,0.1388
1398,98,1496,0.1388
1391,99,1490,0.1388
1394,96,1490,0.1388
1382,101,1483,0.1388
1394,102,1496,0.1388
1394,99,1493,0.1388
1394,97,1491,0.1388
1393,97,1490,0.1388
1399,93,1492,0.1388
1399,100,1499,0.1388
1396,100,1496,0.1388
1404,95,1499,0.1388
1403,97,1500,0.1388
1404,95,1499,0.1388
1390,94,1484,0.1388
1405,97,1502,0.1388
1397,95,1492,0.1388
1407,95,1502,0.1388
1400,98,1498,0.1388
1408,93,1501,0.1388
1408,95,1503,0.1388
1401,96,1497,0.1388
1408,93,1501,0.1388
1405,92,1497,0.1388
1396,93,1489,0.1388
1411,94,1505,0.1388
1420,96,1516,0.1388
1419,97,1516,0.1388
1408,101,1509,0.1388
1409,103,1512,0.1388
1398,98,1496,0.1388
1384,97,1481,0.1388
1401,101,1502,0.1388
1397,107,1504,0.1388
1382,114,1496,0.1388
1391,116,1507,0.1388
1390,113,1503,0.1388
1383,116,1499,0.1388
1380,119,1499,0.1388
1381,118,1499,0.1388
1375,115,1490,0.1388
1381,119,1500,0.1388
1380,114,1494,0.1388
1375,111,1486,0.1388
1382,114,1496,0.1388
1373,116,1489,0.1388
1368,118,1486,0.1388
1362,121,1483,0.1388
1366,125,1491,0.1388
1377,124,1501,0.1388
1378,124,1502,0.1388
1361,125,1486,0.1388
1368,126,1494,0.1388
1369,126,1495,0.1388
1377,126,1503,0.1388
1375,129,1504,0.1388
1372,132,1504,0.1388
1364,132,1496,0.1388
1368,133,1501,0.1388
1369,133,1502,0.1388
1355,130,1485,0.1388
1366,133,1499,0.1388
1350,132,1482,0.1388
1360,136,1496,0.1388
1350,139,1489,0.1388
1352,138,1490,0.1388
1347,135,1482,0.1388
1352,138,1490,0.1388
1355,135,1490,0.1388
1354,132,1486,0.1388
1367,130,1497,0.1388
1361,129,1490,0.1388
1372,132,1504,0.1388
1365,132,1497,0.1388
1363,136,1499,0.1388
1357,136,1493,0.1388
1350,140,1490,0.1388
1340,140,1480,0.1388
1346,143,1489,0.1388
1345,146,1491,0.1388
1336,150,1486,0.1388
1333,149,1482,0.1388
1333,148,1481,0.1388
1346,150,1496,0.1388
1344,149,1493,0.1388
1351,150,1501,0.1388
1349,152,1501,0.1388
1360,153,1513,0.1388
1358,151,1509,0.1388
1351,156,1507,0.1388
1337,158,1495,0.1388
1331,161,1492,0.1388
1324,156,1480,0.1388
1320,156,1476,0.1388
1326,157,1483,0.1388
1328,158,1486,0.1388
1338,156,1494,0.1388
1347,159,1506,0.1388
1333,166,1499,0.1388
1316,173,1489,0.1388
1305,177,1482,0.1388
1306,179,1485,0.1388
1315,184,1499,0.1388
1300,183,1483,0.1388
1319,186,1505,0.1388
1318,184,1502,0.1388
1313,188,1501,0.1388
1326,187,1513,0.1388
1321,185,1506,0.1388
1314,184,1498,0.1388
1315,182,1497,0.1388
1310,187,1497,0.1388
1309,190,1499,0.1388
1310,197,1507,0.1388
1320,196,1516,0.1388
1301,196,1497,0.1388
1300,200,1500,0.1388
1298,196,1494,0.1388
1293,195,1488,0.1388
1292,189,1481,0.1388
1289,194,1483,0.1388
1295,198,1493,0.1388
1293,197,1490,0.1388
1288,203,1491,0.1388
1302,202,1504,0.1388
1303,205,1508,0.1388
1293,208,1501,0.1388
1298,206,1504,0.1388
1296,210,1506,0.1388
1301,212,1513,0.1388
1303,211,1514,0.1388
1286,215,1501,0.1388
1282,216,1498,0.1388
1276,217,1493,0.1388
1281,218,1499,0.1388
1290,216,1506,0.1388
1288,219,1507,0.1388
1282,221,1503,0.1388
1287,221,1508,0.1388
1276,219,1495,0.1388
1272,224,1496,0.1388
1268,227,1495,0.1388
1264,224,1488,0.1388
1264,228,1492,0.1388
1268,228,1496,0.1388
1279,225,1504,0.1388
1274,226,1500,0.1388
1269,227,1496,0.1388
1267,221,1488,0.1388
1270,229,1499,0.1388
1269,230,1499,0.1388
1263,230,1493,0.1388
1270,229,1499,0.1388
1263,230,1493,0.1388
1277,234,1511,0.1388
1269,236,1505,0.1388
1271,234,1505,0.1388
1260,234,1494,0.1388
1272,243,1515,0.1388
1281,246,1527,0.1388
1279,244,1523,0.1388
1277,246,1523,0.1388
1270,245,1515,0.1388
1259,247,1506,0.1388
1265,250,1515,0.1388
1262,250,1512,0.1388
1240,247,1487,0.1388
1247,247,1494,0.1388
1244,249,1493,0.1388
1250,251,1501,0.1388
1242,258,1500,0.1388
1245,257,1502,0.1388
1254,246,1500,0.1388
1258,250,1508,0.1388
1246,249,1495,0.1388
1238,254,1492,0.1388
1255,256,1511,0.1388
1247,255,1502,0.1388
1254,248,1502,0.1388
1264,245,1509,0.1388
1255,243,1498,0.1388
1248,246,1494,0.1388
1261,250,1511,0.1388
1262,253,1515,0.1388
1260,255,1515,0.1388
1250,259,1509,0.1388
1246,256,1502,0.1388
1248,257,1505,0.1388
1239,254,1493,0.1388
1237,254,1491,0.1388
1241,260,1501,0.1388
1245,263,1508,0.1388
1244,267,1511,0.1388
1227,271,1498,0.1388
1226,271,1497,0.1388
1235,275,1510,0.1388
1239,276,1515,0.1388
1234,281,1515,0.1388
1225,284,1509,0.1388
1224,277,1501,0.1388
1228,273,1501,0.1388
1230,270,1500,0.1388
1235,264,1499,0.1388
1237,271,1508,0.1388
1240,264,1504,0.1388
1237,261,1498,0.1388
1240,265,1505,0.1388
1241,264,1505,0.1388
1239,271,1510,0.1388
1227,277,1504,0.1388
1234,277,1511,0.1388
1243,275,1518,0.1388
1244,275,1519,0.1388
1249,270,1519,0.1388
1235,269,1504,0.1388
1232,265,1497,0.1388
1233,266,1499,0.1388
1243,270,1513,0.1388
1236,272,1508,0.1388
1237,283,1520,0.1388
1232,284,1516,0.1388
1230,284,1514,0.1388
1215,282,1497,0.1388
1212,285,1497,0.1388
1228,283,1511,0.1388
1226,283,1509,0.1388
1223,281,1504,0.1388
1224,281,1505,0.1388
1219,283,1502,0.1388
1210,287,1497,0.1388
1213,286,1499,0.1388
1218,288,1506,0.1388
1217,286,1503,0.1388
1221,296,1517,0.1388
1218,299,1517,0.1388
1212,291,1503,0.1388
1193,289,1482,0.1388
1199,294,1493,0.1388
1198,290,1488,0.1388
1193,293,1486,0.1388
1204,291,1495,0.1388
1203,290,1493,0.1388
1203,294,1497,0.1388
1202,300,1502,0.1388
1202,300,1502,0.1388
1189,301,1490,0.1388
1186,303,1489,0.1388
1181,302,1483,0.1388
1193,300,1493,0.1388
1188,292,1480,0.1388
1177,292,1469,0.1388
1173,297,1470,0.1388
1179,303,1482,0.1388
1179,312,1491,0.1388
1181,316,1497,0.1388
1181,324,1505,0.1388
1192,325,1517,0.1388
1194,324,1518,0.1388
1177,326,1503,0.1388
1161,329,1490,0.1388
1165,322,1487,0.1388
1171,324,1495,0.1388
1164,324,1488,0.1388
1173,323,1496,0.1388
1164,332,1496,0.1388
1163,334,1497,0.1388
1144,332,1476,0.1388
1157,331,1488,0.1388
1161,337,1498,0.1388
1160,339,1499,0.1388
1160,345,1505,0.1388
1143,346,1489,0.1388
1145,342,1487,0.1388
1141,341,1482,0.1388
1141,343,1484,0.1388
1148,342,1490,0.1388
1153,344,1497,0.1388
1164,341,1505,0.1388
1162,342,1504,0.1388
1148,344,1492,0.1388
1154,346,1500,0.1388
1167,351,1518,0.1388
1169,349,1518,0.1388
1157,351,1508,0.1388
1150,353,1503,0.1388
1139,357,1496,0.1388
1137,350,1487,0.1388
1139,357,1496,0.1388
1134,359,1493,0.1388
1144,363,1507,0.1388
1143,368,1511,0.1388
1139,364,1503,0.1388
1141,375,1516,0.1388
1141,374,1515,0.1388
1141,372,1513,0.1388
1138,370,1508,0.1388
1126,370,1496,0.1388
1128,368,1496,0.1388
1104,368,1472,0.1388
1098,371,1469,0.1388
1100,374,1474,0.1388
1091,379,1470,0.1388
1095,381,1476,0.1388
1102,379,1481,0.1388
1117,381,1498,0.1388
1126,380,1506,0.1388
1125,375,1500,0.1388
1127,374,1501,0.1388
1114,381,1495,0.1388
1129,384,1513,0.1388
1118,381,1499,0.1388
1114,382,1496,0.1388
1118,381,1499,0.1388
1123,377,1500,0.1388
1130,374,1504,0.1388
1121,375,1496,0.1388
1125,378,1503,0.1388
1137,377,1514,0.1388
1131,381,1512,0.1388
1128,373,1501,0.1388
1112,376,1488,0.1388
1125,369,1494,0.1388
1124,379,1503,0.1388
1129,381,1510,0.1388
1128,379,1507,0.1388
1117,379,1496,0.1388
1112,383,1495,0.1388
1105,391,1496,0.1388
1111,387,1498,0.1388
1108,394,1502,0.1388
1113,399,1512,0.1388
1119,403,1522,0.1388
1115,402,1517,0.1388
1114,399,1513,0.1388
1107,399,1506,0.1388
1105,397,1502,0.1388
1105,397,1502,0.1388
1102,400,1502,0.1388
1103,403,1506,0.1388
1107,402,1509,0.1388
1098,398,1496,0.1388
1103,403,1506,0.1388
1112,409,1521,0.1388
1103,408,1511,0.1388
1097,395,1492,0.1388
1103,400,1503,0.1388
1096,393,1489,0.1388
1105,395,1500,0.1388
1106,398,1504,0.1388
1107,394,1501,0.1388
1100,396,1496,0.1388
1122,400,1522,0.1388
1112,406,1518,0.1388
1113,408,1521,0.1388
1105,408,1513,0.1388
1111,406,1517,0.1388
1102,400,1502,0.1388
1106,393,1499,0.1388
1101,400,1501,0.1388
1089,387,1476,0.1388
1078,390,1468,0.1388
1087,398,1485,0.1388
1091,397,1488,0.1388
1090,404,1494,0.1388
1096,407,1503,0.1388
1097,416,1513,0.1388
1091,415,1506,0.1388
1080,413,1493,0.1388
1081,412,1493,0.1388
1075,412,1487,0.1388
1067,418,1485,0.1388
1086,419,1505,0.1388
1081,420,1501,0.1388
1075,418,1493,0.1388
1072,411,1483,0.1388
1081,421,1502,0.1388
1088,420,1508,0.1388
1072,419,1491,0.1388
1073,419,1492,0.1388
1073,428,1501,0.1388
1079,431,1510,0.1388
1078,427,1505,0.1388
1072,428,1500,0.1388
1079,441,1520,0.1388
1072,438,1510,0.1388
1066,443,1509,0.1388
1064,439,1503,0.1388
1051,445,1496,0.1388
1046,458,1504,0.1388
1046,460,1506,0.1388
1052,456,1508,0.1388
1058,458,1516,0.1388
1048,459,1507,0.1388
1047,457,1504,0.1388
1043,456,1499,0.1388
1042,459,1501,0.1388
1040,459,1499,0.1388
1035,447,1482,0.1388
1038,455,1493,0.1388
1047,462,1509,0.1388
1039,462,1501,0.1388
1045,458,1503,0.1388
1032,461,1493,0.1388
1026,474,1500,0.1388
1025,463,1488,0.1388
1032,462,1494,0.1388
1026,462,1488,0.1388
1026,465,1491,0.1388
1031,468,1499,0.1388
1033,477,1510,0.1388
1033,470,1503,0.1388
1029,476,1505,0.1388
1027,476,1503,0.1388
1026,471,1497,0.1388
1033,482,1515,0.1388
1028,480,1508,0.1388
1035,486,1521,0.1388
1031,482,1513,0.1388
1031,485,1516,0.1388
1024,492,1516,0.1388
1021,492,1513,0.1388
1015,491,1506,0.1388
1020,488,1508,0.1388
1026,483,1509,0.1388
1020,483,1503,0.1388
1019,498,1517,0.1388
1013,491,1504,0.1388
1006,490,1496,0.1388
996,496,1492,0.1388
999,501,1500,0.1388
995,499,1494,0.1388
995,506,1501,0.1388
1005,510,1515,0.1388
1003,507,1510,0.1388
996,505,1501,0.1388
996,511,1507,0.1388
999,514,1513,0.1388
1003,516,1519,0.1388
997,513,1510,0.1388
988,523,1511,0.1388
986,517,1503,0.1388
977,525,1502,0.1388
975,524,1499,0.1388
966,523,1489,0.1388
959,531,1490,0.1388
951,530,1481,0.1388
952,526,1478,0.1388
958,525,1483,0.1388
964,522,1486,0.1388
957,532,1489,0.1388
963,531,1494,0.1388
959,526,1485,0.1388
968,529,1497,0.1388
972,530,1502,0.1388
970,533,1503,0.1388
965,533,1498,0.1388
973,541,1514,0.1388
963,549,1512,0.1388
961,537,1498,0.1388
960,544,1504,0.1388
961,540,1501,0.1388
970,543,1513,0.1388
976,542,1518,0.1388
979,542,1521,0.1388
966,544,1510,0.1388
962,532,1494,0.1388
952,539,1491,0.1388
951,536,1487,0.1388
946,550,1496,0.1388
937,554,1491,0.1388
930,562,1492,0.1388
933,573,1506,0.1388
934,574,1508,0.1388
930,570,1500,0.1388
926,574,1500,0.1388
927,571,1498,0.1388
924,577,1501,0.1388
927,575,1502,0.1388
934,567,1501,0.1388
927,573,1500,0.1388
933,572,1505,0.1388
928,576,1504,0.1388
924,575,1499,0.1388
923,576,1499,0.1388
927,577,1504,0.1388
918,585,1503,0.1388
905,593,1498,0.1388
904,592,1496,0.1388
900,599,1499,0.1388
897,591,1488,0.1388
902,591,1493,0.1388
901,594,1495,0.1388
916,593,1509,0.1388
909,595,1504,0.1388
914,602,1516,0.1388
896,602,1498,0.1388
904,605,1509,0.1388
903,598,1501,0.1388
900,599,1499,0.1388
903,604,1507,0.1388
902,604,1506,0.1388
903,602,1505,0.1388
906,597,1503,0.1388
897,598,1495,0.1388
900,599,1499,0.1388
901,602,1503,0.1388
895,610,1505,0.1388
888,605,1493,0.1388
877,607,1484,0.1388
880,600,1480,0.1388
885,599,1484,0.1388
877,603,1480,0.1388
895,599,1494,0.1388
897,606,1503,0.1388
902,611,1513,0.1388
904,615,1519,0.1388
902,608,1510,0.1388
903,606,1509,0.1388
918,609,1527,0.1388
905,611,1516,0.1388
912,613,1525,0.1388
914,614,1528,0.1388
911,612,1523,0.1388
906,601,1507,0.1388
901,612,1513,0.1388
899,608,1507,0.1388
900,604,1504,0.1388
908,606,1514,0.1388
905,602,1507,0.1388
901,610,1511,0.1388
901,612,1513,0.1388
901,618,1519,0.1388
896,618,1514,0.1388
891,626,1517,0.1388
887,631,1518,0.1388
893,626,1519,0.1388
887,612,1499,0.1388
888,609,1497,0.1388
888,620,1508,0.1388
872,613,1485,0.1388
876,621,1497,0.1388
875,616,1491,0.1388
879,617,1496,0.1388
889,615,1504,0.1388
883,604,1487,0.1388
887,619,1506,0.1388
891,610,1501,0.1388
890,617,1507,0.1388
884,620,1504,0.1388
871,628,1499,0.1388
870,632,1502,0.1388
873,627,1500,0.1388
865,629,1494,0.1388
865,631,1496,0.1388
864,631,1495,0.1388
865,639,1504,0.1388
869,636,1505,0.1388
865,637,1502,0.1388
859,638,1497,0.1388
852,632,1484,0.1388
849,638,1487,0.1388
849,635,1484,0.1388
849,642,1491,0.1388
844,637,1481,0.1388
847,638,1485,0.1388
851,637,1488,0.1388
851,646,1497,0.1388
847,636,1483,0.1388
848,636,1484,0.1388
858,634,1492,0.1388
855,630,1485,0.1388
867,631,1498,0.1388
863,638,1501,0.1388
856,646,1502,0.1388
855,649,1504,0.1388
858,650,1508,0.1388
850,650,1500,0.1388
838,652,1490,0.1388
842,666,1508,0.1388
840,669,1509,0.1388
839,665,1504,0.1388
837,663,1500,0.1388
837,658,1495,0.1388
835,660,1495,0.1388
832,655,1487,0.1388
837,654,1491,0.1388
843,667,1510,0.1388
845,666,1511,0.1388
841,672,1513,0.1388
840,670,1510,0.1388
837,667,1504,0.1388
826,670,1496,0.1388
831,670,1501,0.1388
832,669,1501,0.1388
828,677,1505,0.1388
826,674,1500,0.1388
828,674,1502,0.1388
825,670,1495,0.1388
817,677,1494,0.1388
818,686,1504,0.1388
835,690,1525,0.1388
836,677,1513,0.1388
835,676,1511,0.1388
826,671,1497,0.1388
819,681,1500,0.1388
821,687,1508,0.1388
807,686,1493,0.1388
811,685,1496,0.1388
813,685,1498,0.1388
822,688,1510,0.1388
828,682,1510,0.1388
832,680,1512,0.1388
829,678,1507,0.1388
823,677,1500,0.1388
826,675,1501,0.1388
814,668,1482,0.1388
812,680,1492,0.1388
823,670,1493,0.1388
819,673,1492,0.1388
826,676,1502,0.1388
835,671,1506,0.1388
837,676,1513,0.1388
829,675,1504,0.1388
828,679,1507,0.1388
828,686,1514,0.1388
827,684,1511,0.1388
822,687,1509,0.1388
826,684,1510,0.1388
822,684,1506,0.1388
819,687,1506,0.1388
817,685,1502,0.1388
815,691,1506,0.1388
818,695,1513,0.1388
823,688,1511,0.1388
826,686,1512,0.1388
832,689,1521,0.1388
839,687,1526,0.1388
836,687,1523,0.1388
826,685,1511,0.1388
833,675,1508,0.1388
835,678,1513,0.1388
831,687,1518,0.1388
827,680,1507,0.1388
822,673,1495,0.1388
819,675,1494,0.1388
819,673,1492,0.1388
818,671,1489,0.1388
816,679,1495,0.1388
806,676,1482,0.1388
804,681,1485,0.1388
807,676,1483,0.1388
810,678,1488,0.1388
806,686,1492,0.1388
799,688,1487,0.1388
806,687,1493,0.1388
797,689,1486,0.1388
804,699,1503,0.1388
802,698,1500,0.1388
799,697,1496,0.1388
799,696,1495,0.1388
802,705,1507,0.1388
805,701,1506,0.1388
808,698,1506,0.1388
806,697,1503,0.1388
797,698,1495,0.1388
796,696,1492,0.1388
796,691,1487,0.1388
788,691,1479,0.1388
795,695,1490,0.1388
800,700,1500,0.1388
797,696,1493,0.1388
796,692,1488,0.1388
796,701,1497,0.1388
793,707,1500,0.1388
800,702,1502,0.1388
807,702,1509,0.1388
807,708,1515,0.1388
813,709,1522,0.1388
803,709,1512,0.1388
799,708,1507,0.1388
802,706,1508,0.1388
792,713,1505,0.1388
785,708,1493,0.1388
791,716,1507,0.1388
794,716,1510,0.1388
784,715,1499,0.1388
786,721,1507,0.1388
786,719,1505,0.1388
788,721,1509,0.1388
782,724,1506,0.1388
784,727,1511,0.1388
786,724,1510,0.1388
784,729,1513,0.1388
774,725,1499,0.1388
775,734,1509,0.1388
764,738,1502,0.1388
764,740,1504,0.1388
763,742,1505,0.1388
749,734,1483,0.1388
752,728,1480,0.1388
740,737,1477,0.1388
748,740,1488,0.1388
757,734,1491,0.1388
759,744,1503,0.1388
749,748,1497,0.1388
752,759,1511,0.1388
748,759,1507,0.1388
747,764,1511,0.1388
750,762,1512,0.1388
750,769,1519,0.1388
744,770,1514,0.1388
739,773,1512,0.1388
729,772,1501,0.1388
734,760,1494,0.1388
746,766,1512,0.1388
740,767,1507,0.1388
739,764,1503,0.1388
740,765,1505,0.1388
734,760,1494,0.1388
726,765,1491,0.1388
735,760,1495,0.1388
747,763,1510,0.1388
759,761,1520,0.1388
752,763,1515,0.1388
741,767,1508,0.1388
737,766,1503,0.1388
741,769,1510,0.1388
743,770,1513,0.1388
733,775,1508,0.1388
719,778,1497,0.1388
724,785,1509,0.1388
711,786,1497,0.1388
707,787,1494,0.1388
709,794,1503,0.1388
705,802,1507,0.1388
703,809,1512,0.1388
698,820,1518,0.1388
699,816,1515,0.1388
700,816,1516,0.1388
703,808,1511,0.1388
707,813,1520,0.1388
703,808,1511,0.1388
696,805,1501,0.1388
701,800,1501,0.1388
695,808,1503,0.1388
698,804,1502,0.1388
703,807,1510,0.1388
690,814,1504,0.1388
686,809,1495,0.1388
692,814,1506,0.1388
699,826,1525,0.1388
697,817,1514,0.1388
685,817,1502,0.1388
672,823,1495,0.1388
676,836,1512,0.1388
672,836,1508,0.1388
663,827,1490,0.1388
658,833,1491,0.1388
662,840,1502,0.1388
664,843,1507,0.1388
666,843,1509,0.1388
658,857,1515,0.1388
649,846,1495,0.1388
649,843,1492,0.1388
642,841,1483,0.1388
637,837,1474,0.1388
650,841,1491,0.1388
652,848,1500,0.1388
649,856,1505,0.1388
653,842,1495,0.1388
648,858,1506,0.1388
652,856,1508,0.1388
655,849,1504,0.1388
660,852,1512,0.1388
650,867,1517,0.1388
656,865,1521,0.1388
647,863,1510,0.1388
636,856,1492,0.1388
638,864,1502,0.1388
629,875,1504,0.1388
631,880,1511,0.1388
624,884,1508,0.1388
627,899,1526,0.1388
620,891,1511,0.1388
621,894,1515,0.1388
619,899,1518,0.1388
612,907,1519,0.1388
607,912,1519,0.1388
593,902,1495,0.1388
593,899,1492,0.1388
602,918,1520,0.1388
597,929,1526,0.1388
596,913,1509,0.1388
593,917,1510,0.1388
591,922,1513,0.1388
593,920,1513,0.1388
592,921,1513,0.1388
588,931,1519,0.1388
584,931,1515,0.1388
582,920,1502,0.1388
580,930,1510,0.1388
590,933,1523,0.1388
591,916,1507,0.1388
586,923,1509,0.1388
586,929,1515,0.1388
585,924,1509,0.1388
582,930,1512,0.1388
582,928,1510,0.1388
585,926,1511,0.1388
584,931,1515,0.1388
588,926,1514,0.1388
585,925,1510,0.1388
583,918,1501,0.1388
582,924,1506,0.1388
577,922,1499,0.1388
583,926,1509,0.1388
579,931,1510,0.1388
576,934,1510,0.1388
567,935,1502,0.1388
566,939,1505,0.1388
566,939,1505,0.1388
557,947,1504,0.1388
564,945,1509,0.1388
562,940,1502,0.1388
565,946,1511,0.1388
567,950,1517,0.1388
554,943,1497,0.1388
561,945,1506,0.1388
559,950,1509,0.1388
556,955,1511,0.1388
554,950,1504,0.1388
553,952,1505,0.1388
548,966,1514,0.1388
545,955,1500,0.1388
550,955,1505,0.1388
550,957,1507,0.1388
554,963,1517,0.1388
552,961,1513,0.1388
548,958,1506,0.1388
550,954,1504,0.1388
560,939,1499,0.1388
563,947,1510,0.1388
548,957,1505,0.1388
553,957,1510,0.1388
564,958,1522,0.1388
572,945,1517,0.1388
571,946,1517,0.1388
560,939,1499,0.1388
556,941,1497,0.1388
562,936,1498,0.1388
564,954,1518,0.1388
553,955,1508,0.1388
556,963,1519,0.1388
557,946,1503,0.1388
554,942,1496,0.1388
557,943,1500,0.1388
558,950,1508,0.1388
561,940,1501,0.1388
560,943,1503,0.1388
558,931,1489,0.1388
556,943,1499,0.1388
556,953,1509,0.1388
557,952,1509,0.1388
553,948,1501,0.1388
560,952,1512,0.1388
556,948,1504,0.1388
559,942,1501,0.1388
557,941,1498,0.1388
558,952,1510,0.1388
569,948,1517,0.1388
568,947,1515,0.1388
560,947,1507,0.1388
549,953,1502,0.1388
550,951,1501,0.1388
550,950,1500,0.1388
554,955,1509,0.1388
552,950,1502,0.1388
556,947,1503,0.1388
555,960,1515,0.1388
554,957,1511,0.1388
560,952,1512,0.1388
557,947,1504,0.1388
560,949,1509,0.1388
559,962,1521,0.1388
565,965,1530,0.1388
567,962,1529,0.1388
562,966,1528,0.1388
553,951,1504,0.1388
555,954,1509,0.1388
561,954,1515,0.1388
571,954,1525,0.1388
564,960,1524,0.1388
553,968,1521,0.1388
553,960,1513,0.1388
550,951,1501,0.1388
548,938,1486,0.1388
549,952,1501,0.1388
553,947,1500,0.1388
548,950,1498,0.1388
551,943,1494,0.1388
544,952,1496,0.1388
534,953,1487,0.1388
533,970,1503,0.1388
529,978,1507,0.1388
542,974,1516,0.1388
541,977,1518,0.1388
532,974,1506,0.1388
547,975,1522,0.1388
534,968,1502,0.1388
530,976,1506,0.1388
526,976,1502,0.1388
535,971,1506,0.1388
528,969,1497,0.1388
520,977,1497,0.1388
516,986,1502,0.1388
515,990,1505,0.1388
510,995,1505,0.1388
510,992,1502,0.1388
516,983,1499,0.1388
513,989,1502,0.1388
507,992,1499,0.1388
506,999,1505,0.1388
510,1005,1515,0.1388
509,1007,1516,0.1388
501,1013,1514,0.1388
500,1000,1500,0.1388
498,996,1494,0.1388
493,1009,1502,0.1388
500,1006,1506,0.1388
496,1012,1508,0.1388
496,1003,1499,0.1388
498,1009,1507,0.1388
500,1010,1510,0.1388
494,1015,1509,0.1388
500,1009,1509,0.1388
506,1006,1512,0.1388
503,1004,1507,0.1388
499,1003,1502,0.1388
504,1007,1511,0.1388
502,1018,1520,0.1388
501,1016,1517,0.1388
505,1013,1518,0.1388
502,998,1500,0.1388
502,1003,1505,0.1388
498,1012,1510,0.1388
496,1020,1516,0.1388
491,1021,1512,0.1388
494,1018,1512,0.1388
488,1019,1507,0.1388
487,1013,1500,0.1388
485,1019,1504,0.1388
488,1020,1508,0.1388
487,1009,1496,0.1388
484,1018,1502,0.1388
485,1011,1496,0.1388
493,1014,1507,0.1388
488,1011,1499,0.1388
488,1018,1506,0.1388
479,1016,1495,0.1388
490,1020,1510,0.1388
479,1026,1505,0.1388
475,1025,1500,0.1388
480,1030,1510,0.1388
481,1034,1515,0.1388
477,1031,1508,0.1388
478,1025,1503,0.1388
483,1031,1514,0.1388
486,1034,1520,0.1388
483,1031,1514,0.1388
482,1024,1506,0.1388
487,1025,1512,0.1388
492,1019,1511,0.1388
483,1020,1503,0.1388
484,1018,1502,0.1388
484,1030,1514,0.1388
479,1035,1514,0.1388
485,1040,1525,0.1388
474,1031,1505,0.1388
474,1015,1489,0.1388
481,1026,1507,0.1388
484,1025,1509,0.1388
484,1026,1510,0.1388
479,1022,1501,0.1388
481,1020,1501,0.1388
476,1034,1510,0.1388
479,1033,1512,0.1388
476,1034,1510,0.1388
480,1034,1514,0.1388
479,1033,1512,0.1388
474,1046,1520,0.1388
473,1031,1504,0.1388
479,1039,1518,0.1388
473,1045,1518,0.1388
468,1043,1511,0.1388
463,1038,1501,0.1388
467,1032,1499,0.1388
458,1039,1497,0.1388
463,1040,1503,0.1388
467,1038,1505,0.1388
461,1040,1501,0.1388
462,1030,1492,0.1388
462,1042,1504,0.1388
461,1049,1510,0.1388
462,1054,1516,0.1388
464,1044,1508,0.1388
460,1051,1511,0.1388
459,1056,1515,0.1388
448,1049,1497,0.1388
452,1062,1514,0.1388
447,1059,1506,0.1388
446,1062,1508,0.1388
448,1059,1507,0.1388
447,1058,1505,0.1388
444,1063,1507,0.1388
440,1067,1507,0.1388
443,1070,1513,0.1388
436,1074,1510,0.1388
440,1072,1512,0.1388
437,1080,1517,0.1388
436,1070,1506,0.1388
432,1077,1509,0.1388
433,1084,1517,0.1388
423,1082,1505,0.1388
424,1066,1490,0.1388
430,1073,1503,0.1388
427,1080,1507,0.1388
421,1086,1507,0.1388
420,1081,1501,0.1388
414,1088,1502,0.1388
416,1078,1494,0.1388
408,1084,1492,0.1388
413,1087,1500,0.1388
416,1096,1512,0.1388
421,1082,1503,0.1388
421,1090,1511,0.1388
415,1087,1502,0.1388
415,1097,1512,0.1388
412,1106,1518,0.1388
404,1105,1509,0.1388
403,1107,1510,0.1388
398,1106,1504,0.1388
400,1114,1514,0.1388
397,1116,1513,0.1388
396,1113,1509,0.1388
395,1102,1497,0.1388
397,1105,1502,0.1388
400,1109,1509,0.1388
407,1115,1522,0.1388
399,1125,1524,0.1388
392,1121,1513,0.1388
390,1114,1504,0.1388
393,1114,1507,0.1388
383,1130,1513,0.1388
378,1136,1514,0.1388
377,1125,1502,0.1388
372,1123,1495,0.1388
374,1119,1493,0.1388
374,1122,1496,0.1388
372,1130,1502,0.1388
377,1127,1504,0.1388
375,1127,1502,0.1388
371,1132,1503,0.1388
381,1139,1520,0.1388
381,1136,1517,0.1388
379,1140,1519,0.1388
372,1141,1513,0.1388
373,1137,1510,0.1388
365,1135,1500,0.1388
365,1138,1503,0.1388
363,1146,1509,0.1388
363,1137,1500,0.1388
363,1140,1503,0.1388
367,1140,1507,0.1388
370,1135,1505,0.1388
360,1147,1507,0.1388
364,1144,1508,0.1388
370,1153,1523,0.1388
368,1153,1521,0.1388
370,1144,1514,0.1388
365,1140,1505,0.1388
367,1151,1518,0.1388
366,1155,1521,0.1388
366,1152,1518,0.1388
363,1153,1516,0.1388
365,1150,1515,0.1388
360,1151,1511,0.1388
363,1150,1513,0.1388
366,1150,1516,0.1388
356,1156,1512,0.1388
360,1153,1513,0.1388
358,1163,1521,0.1388
352,1158,1510,0.1388
358,1165,1523,0.1388
359,1173,1532,0.1388
361,1160,1521,0.1388
357,1151,1508,0.1388
351,1149,1500,0.1388
353,1151,1504,0.1388
354,1145,1499,0.1388
351,1143,1494,0.1388
357,1144,1501,0.1388
352,1151,1503,0.1388
351,1145,1496,0.1388
352,1156,1508,0.1388
352,1164,1516,0.1388
349,1161,1510,0.1388
346,1178,1524,0.1388
346,1178,1524,0.1388
346,1179,1525,0.1388
346,1175,1521,0.1388
348,1194,1542,0.1388
350,1167,1517,0.1388
344,1172,1516,0.1388
341,1172,1513,0.1388
341,1164,1505,0.1388
339,1173,1512,0.1388
335,1170,1505,0.1388
327,1176,1503,0.1388
333,1189,1522,0.1388
334,1175,1509,0.1388
334,1164,1498,0.1388
338,1181,1519,0.1388
334,1181,1515,0.1388
335,1173,1508,0.1388
327,1168,1495,0.1388
330,1169,1499,0.1388
332,1162,1494,0.1388
326,1175,1501,0.1388
322,1177,1499,0.1388
319,1183,1502,0.1388
318,1181,1499,0.1388
323,1184,1507,0.1388
318,1189,1507,0.1388
323,1183,1506,0.1388
323,1185,1508,0.1388
322,1185,1507,0.1388
320,1187,1507,0.1388
316,1181,1497,0.1388
318,1177,1495,0.1388
316,1176,1492,0.1388
315,1191,1506,0.1388
316,1195,1511,0.1388
318,1189,1507,0.1388
315,1189,1504,0.1388
315,1178,1493,0.1388
320,1188,1508,0.1388
319,1187,1506,0.1388
319,1188,1507,0.1388
319,1200,1519,0.1388
317,1205,1522,0.1388
316,1204,1520,0.1388
312,1213,1525,0.1388
307,1201,1508,0.1388
313,1196,1509,0.1388
304,1205,1509,0.1388
306,1206,1512,0.1388
314,1200,1514,0.1388
310,1198,1508,0.1388
307,1198,1505,0.1388
307,1209,1516,0.1388
310,1200,1510,0.1388
307,1207,1514,0.1388
303,1222,1525,0.1388
302,1210,1512,0.1388
297,1201,1498,0.1388
297,1222,1519,0.1388
292,1221,1513,0.1388
293,1216,1509,0.1388
298,1215,1513,0.1388
296,1222,1518,0.1388
292,1216,1508,0.1388
304,1223,1527,0.1388
308,1225,1533,0.1388
305,1221,1526,0.1388
297,1217,1514,0.1388
306,1213,1519,0.1388
308,1204,1512,0.1388
307,1205,1512,0.1388
306,1222,1528,0.1388
304,1214,1518,0.1388
300,1215,1515,0.1388
303,1207,1510,0.1388
296,1206,1502,0.1388
301,1215,1516,0.1388
298,1217,1515,0.1388
303,1221,1524,0.1388
303,1201,1504,0.1388
304,1208,1512,0.1388
300,1217,1517,0.1388
298,1216,1514,0.1388
297,1212,1509,0.1388
292,1215,1507,0.1388
290,1217,1507,0.1388
289,1213,1502,0.1388
294,1215,1509,0.1388
287,1228,1515,0.1388
281,1239,1520,0.1388
274,1235,1509,0.1388
279,1227,1506,0.1388
275,1234,1509,0.1388
276,1243,1519,0.1388
278,1244,1522,0.1388
273,1249,1522,0.1388
274,1247,1521,0.1388
273,1229,1502,0.1388
277,1223,1500,0.1388
277,1228,1505,0.1388
276,1224,1500,0.1388
276,1241,1517,0.1388
270,1240,1510,0.1388
273,1245,1518,0.1388
272,1244,1516,0.1388
272,1249,1521,0.1388
268,1244,1512,0.1388
269,1250,1519,0.1388
267,1240,1507,0.1388
263,1237,1500,0.1388
264,1240,1504,0.1388
265,1251,1516,0.1388
267,1255,1522,0.1388
265,1243,1508,0.1388
268,1255,1523,0.1388
271,1250,1521,0.1388
268,1251,1519,0.1388
266,1249,1515,0.1388
269,1246,1515,0.1388
268,1242,1510,0.1388
266,1265,1531,0.1388
266,1259,1525,0.1388
269,1255,1524,0.1388
268,1257,1525,0.1388
266,1256,1522,0.1388
269,1262,1531,0.1388
269,1244,1513,0.1388
272,1240,1512,0.1388
268,1231,1499,0.1388
269,1238,1507,0.1388
269,1238,1507,0.1388
262,1243,1505,0.1388
259,1246,1505,0.1388
255,1258,1513,0.1388
255,1250,1505,0.1388
259,1246,1505,0.1388
256,1261,1517,0.1388
247,1250,1497,0.1388
248,1248,1496,0.1388
252,1259,1511,0.1388
254,1273,1527,0.1388
253,1266,1519,0.1388
252,1258,1510,0.1388
254,1269,1523,0.1388
251,1269,1520,0.1388
250,1260,1510,0.1388
250,1271,1521,0.1388
248,1279,1527,0.1388
247,1252,1499,0.1388
245,1248,1493,0.1388
248,1254,1502,0.1388
253,1262,1515,0.1388
254,1271,1525,0.1388
259,1253,1512,0.1388
256,1265,1521,0.1388
256,1249,1505,0.1388
255,1242,1497,0.1388
257,1243,1500,0.1388
259,1246,1505,0.1388
261,1242,1503,0.1388
265,1246,1511,0.1388
263,1256,1519,0.1388
261,1260,1521,0.1388
261,1260,1521,0.1388
258,1258,1516,0.1388
257,1259,1516,0.1388
259,1269,1528,0.1388
255,1260,1515,0.1388
252,1261,1513,0.1388
254,1274,1528,0.1388
256,1272,1528,0.1388
256,1257,1513,0.1388
257,1262,1519,0.1388
257,1270,1527,0.1388
257,1256,1513,0.1388
256,1247,1503,0.1388
251,1250,1501,0.1388
249,1268,1517,0.1388
244,1266,1510,0.1388
244,1258,1502,0.1388
244,1266,1510,0.1388
242,1266,1508,0.1388
244,1275,1519,0.1388
252,1275,1527,0.1388
257,1270,1527,0.1388
249,1262,1511,0.1388
246,1267,1513,0.1388
251,1257,1508,0.1388
253,1266,1519,0.1388
248,1270,1518,0.1388
253,1269,1522,0.1388
249,1257,1506,0.1388
248,1244,1492,0.1388
246,1258,1504,0.1388
253,1267,1520,0.1388
250,1259,1509,0.1388
247,1257,1504,0.1388
246,1269,1515,0.1388
240,1271,1511,0.1388
240,1282,1522,0.1388
241,1275,1516,0.1388
244,1270,1514,0.1388
242,1272,1514,0.1388
244,1265,1509,0.1388
245,1266,1511,0.1388
249,1265,1514,0.1388
246,1276,1522,0.1388
247,1275,1522,0.1388
243,1266,1509,0.1388
241,1274,1515,0.1388
237,1278,1515,0.1388
233,1272,1505,0.1388
236,1264,1500,0.1388
237,1276,1513,0.1388
239,1281,1520,0.1388
237,1278,1515,0.1388
239,1273,1512,0.1388
238,1285,1523,0.1388
232,1284,1516,0.1388
231,1282,1513,0.1388
230,1283,1513,0.1388
234,1275,1509,0.1388
231,1287,1518,0.1388
233,1289,1522,0.1388
228,1286,1514,0.1388
228,1287,1515,0.1388
230,1288,1518,0.1388
228,1285,1513,0.1388
230,1293,1523,0.1388
232,1279,1511,0.1388
236,1279,1515,0.1388
236,1280,1516,0.1388
239,1266,1505,0.1388
240,1277,1517,0.1388
236,1297,1533,0.1388
226,1290,1516,0.1388
233,1290,1523,0.1388
228,1295,1523,0.1388
225,1291,1516,0.1388
226,1290,1516,0.1388
227,1274,1501,0.1388
225,1273,1498,0.1388
225,1275,1500,0.1388
225,1283,1508,0.1388
225,1269,1494,0.1388
225,1270,1495,0.1388
227,1278,1505,0.1388
233,1282,1515,0.1388
231,1280,1511,0.1388
236,1284,1520,0.1388
232,1293,1525,0.1388
235,1291,1526,0.1388
228,1279,1507,0.1388
224,1275,1499,0.1388
224,1286,1510,0.1388
226,1278,1504,0.1388
224,1275,1499,0.1388
225,1275,1500,0.1388
228,1291,1519,0.1388
225,1291,1516,0.1388
226,1281,1507,0.1388
228,1272,1500,0.1388
224,1281,1505,0.1388
230,1273,1503,0.1388
231,1270,1501,0.1388
231,1271,1502,0.1388
234,1276,1510,0.1388
233,1269,1502,0.1388
232,1262,1494,0.1388
233,1259,1492,0.1388
235,1264,1499,0.1388
236,1290,1526,0.1388
238,1277,1515,0.1388
236,1273,1509,0.1388
235,1281,1516,0.1388
236,1282,1518,0.1388
238,1281,1519,0.1388
237,1285,1522,0.1388
234,1289,1523,0.1388
232,1282,1514,0.1388
231,1283,1514,0.1388
230,1281,1511,0.1388
228,1284,1512,0.1388
228,1284,1512,0.1388
227,1283,1510,0.1388
229,1270,1499,0.1388
229,1277,1506,0.1388
227,1284,1511,0.1388
229,1296,1525,0.1388
230,1290,1520,0.1388
234,1280,1514,0.1388
232,1272,1504,0.1388
234,1277,1511,0.1388
232,1291,1523,0.1388
229,1299,1528,0.1388
229,1294,1523,0.1388
235,1289,1524,0.1388
232,1294,1526,0.1388
228,1292,1520,0.1388
225,1286,1511,0.1388
216,1294,1510,0.1388
217,1286,1503,0.1388
221,1277,1498,0.1388
226,1280,1506,0.1388
226,1286,1512,0.1388
226,1293,1519,0.1388
222,1292,1514,0.1388
223,1289,1512,0.1388
216,1290,1506,0.1388
219,1286,1505,0.1388
221,1283,1504,0.1388
220,1296,1516,0.1388
219,1305,1524,0.1388
220,1302,1522,0.1388
224,1304,1528,0.1388
227,1307,1534,0.1388
223,1308,1531,0.1388
221,1314,1535,0.1388
214,1308,1522,0.1388
218,1297,1515,0.1388
225,1305,1530,0.1388
221,1310,1531,0.1388
219,1303,1522,0.1388
219,1293,1512,0.1388
221,1296,1517,0.1388
217,1293,1510,0.1388
221,1292,1513,0.1388
219,1289,1508,0.1388
220,1289,1509,0.1388
221,1288,1509,0.1388
220,1290,1510,0.1388
221,1292,1513,0.1388
218,1300,1518,0.1388
218,1299,1517,0.1388
217,1301,1518,0.1388
217,1292,1509,0.1388
220,1300,1520,0.1388
221,1294,1515,0.1388
221,1293,1514,0.1388
218,1294,1512,0.1388
216,1292,1508,0.1388
212,1284,1496,0.1388
214,1283,1497,0.1388
217,1298,1515,0.1388
221,1301,1522,0.1388
221,1294,1515,0.1388
218,1308,1526,0.1388
219,1291,1510,0.1388
223,1309,1532,0.1388
223,1304,1527,0.1388
217,1313,1530,0.1388
213,1299,1512,0.1388
211,1308,1519,0.1388
210,1304,1514,0.1388
212,1303,1515,0.1388
210,1307,1517,0.1388
206,1311,1517,0.1388
210,1309,1519,0.1388
210,1307,1517,0.1388
209,1310,1519,0.1388
211,1326,1537,0.1388
203,1313,1516,0.1388
204,1312,1516,0.1388
201,1314,1515,0.1388
201,1315,1516,0.1388
200,1310,1510,0.1388
203,1296,1499,0.1388
206,1283,1489,0.1388
203,1287,1490,0.1388
210,1297,1507,0.1388
204,1324,1528,0.1388
199,1324,1523,0.1388
196,1330,1526,0.1388
193,1322,1515,0.1388
191,1324,1515,0.1388
192,1311,1503,0.1388
194,1317,1511,0.1388
195,1320,1515,0.1388
193,1321,1514,0.1388
193,1317,1510,0.1388
190,1320,1510,0.1388
193,1319,1512,0.1388
191,1326,1517,0.1388
189,1333,1522,0.1388
189,1325,1514,0.1388
183,1332,1515,0.1388
181,1332,1513,0.1388
183,1319,1502,0.1388
184,1312,1496,0.1388
185,1322,1507,0.1388
188,1309,1497,0.1388
187,1314,1501,0.1388
190,1319,1509,0.1388
191,1319,1510,0.1388
189,1320,1509,0.1388
190,1321,1511,0.1388
183,1313,1496,0.1388
186,1319,1505,0.1388
184,1309,1493,0.1388
182,1326,1508,0.1388
180,1325,1505,0.1388
178,1325,1503,0.1388
176,1338,1514,0.1388
173,1343,1516,0.1388
175,1338,1513,0.1388
177,1353,1530,0.1388
174,1339,1513,0.1388
176,1333,1509,0.1388
175,1343,1518,0.1388
172,1343,1515,0.1388
171,1348,1519,0.1388
170,1353,1523,0.1388
166,1363,1529,0.1388
167,1362,1529,0.1388
166,1354,1520,0.1388
170,1348,1518,0.1388
173,1347,1520,0.1388
167,1344,1511,0.1388
166,1342,1508,0.1388
163,1332,1495,0.1388
164,1342,1506,0.1388
160,1346,1506,0.1388
158,1352,1510,0.1388
158,1366,1524,0.1388
160,1369,1529,0.1388
159,1364,1523,0.1388
157,1354,1511,0.1388
157,1345,1502,0.1388
153,1346,1499,0.1388
155,1358,1513,0.1388
158,1355,1513,0.1388
160,1347,1507,0.1388
158,1341,1499,0.1388
148,1343,1491,0.1388
152,1339,1491,0.1388
156,1357,1513,0.1388
159,1359,1518,0.1388
160,1359,1519,0.1388
157,1364,1521,0.1388
157,1364,1521,0.1388
156,1366,1522,0.1388
159,1371,1530,0.1388
155,1369,1524,0.1388
156,1360,1516,0.1388
151,1362,1513,0.1388
150,1358,1508,0.1388
146,1363,1509,0.1388
147,1362,1509,0.1388
147,1366,1513,0.1388
150,1381,1531,0.1388
152,1377,1529,0.1388
149,1387,1536,0.1388
148,1384,1532,0.1388
147,1396,1543,0.1388
145,1372,1517,0.1388
148,1378,1526,0.1388
145,1378,1523,0.1388
143,1378,1521,0.1388
145,1378,1523,0.1388
145,1378,1523,0.1388
143,1375,1518,0.1388
140,1367,1507,0.1388
141,1361,1502,0.1388
144,1368,1512,0.1388
141,1382,1523,0.1388
145,1387,1532,0.1388
144,1399,1543,0.1388
141,1383,1524,0.1388
138,1389,1527,0.1388
138,1379,1517,0.1388
136,1386,1522,0.1388
132,1394,1526,0.1388
131,1394,1525,0.1388
129,1384,1513,0.1388
125,1380,1505,0.1388
127,1390,1517,0.1388
127,1387,1514,0.1388
126,1395,1521,0.1388
129,1386,1515,0.1388
132,1383,1515,0.1388
129,1392,1521,0.1388
128,1379,1507,0.1388
132,1366,1498,0.1388
136,1368,1504,0.1388
133,1373,1506,0.1388
133,1373,1506,0.1388
130,1371,1501,0.1388
128,1383,1511,0.1388
126,1380,1506,0.1388
126,1369,1495,0.1388
123,1367,1490,0.1388
124,1385,1509,0.1388
119,1391,1510,0.1388
122,1384,1506,0.1388
127,1385,1512,0.1388
127,1388,1515,0.1388
126,1383,1509,0.1388
125,1388,1513,0.1388
125,1390,1515,0.1388
123,1382,1505,0.1388
125,1374,1499,0.1388
125,1374,1499,0.1388
126,1382,1508,0.1388
127,1397,1524,0.1388
127,1390,1517,0.1388
128,1383,1511,0.1388
128,1392,1520,0.1388
131,1386,1517,0.1388
132,1386,1518,0.1388
126,1385,1511,0.1388
124,1396,1520,0.1388
124,1389,1513,0.1388
124,1398,1522,0.1388
124,1393,1517,0.1388
118,1391,1509,0.1388
114,1389,1503,0.1388
115,1392,1507,0.1388
118,1400,1518,0.1388
116,1393,1509,0.1388
114,1402,1516,0.1388
113,1398,1511,0.1388
119,1399,1518,0.1388
113,1401,1514,0.1388
111,1396,1507,0.1388
115,1400,1515,0.1388
112,1396,1508,0.1388
114,1402,1516,0.1388
114,1399,1513,0.1388
114,1407,1521,0.1388
111,1404,1515,0.1388
110,1407,1517,0.1388
111,1412,1523,0.1388
111,1404,1515,0.1388
116,1390,1506,0.1388
116,1400,1516,0.1388
113,1408,1521,0.1388
112,1415,1527,0.1388
111,1393,1504,0.1388
109,1409,1518,0.1388
101,1416,1517,0.1388
101,1408,1509,0.1388
100,1403,1503,0.1388
99,1406,1505,0.1388
97,1408,1505,0.1388
97,1415,1512,0.1388
94,1408,1502,0.1388
93,1410,1503,0.1388
96,1426,1522,0.1388
94,1412,1506,0.1388
93,1410,1503,0.1388
95,1413,1508,0.1388
94,1407,1501,0.1388
95,1414,1509,0.1388
92,1413,1505,0.1388
94,1421,1515,0.1388
92,1422,1514,0.1388
90,1426,1516,0.1388
92,1436,1528,0.1388
92,1426,1518,0.1388
92,1426,1518,0.1388
92,1414,1506,0.1388
92,1425,1517,0.1388
91,1423,1514,0.1388
90,1431,1521,0.1388
90,1441,1531,0.1388
88,1448,1536,0.1388
92,1445,1537,0.1388
89,1432,1521,0.1388
88,1440,1528,0.1388
86,1435,1521,0.1388
86,1438,1524,0.1388
86,1424,1510,0.1388
86,1442,1528,0.1388
83,1436,1519,0.1388
79,1421,1500,0.1388
74,1426,1500,0.1388
76,1434,1510,0.1388
75,1442,1517,0.1388
76,1446,1522,0.1388
75,1446,1521,0.1388
74,1451,1525,0.1388
75,1456,1531,0.1388
76,1446,1522,0.1388
77,1445,1522,0.1388
75,1440,1515,0.1388
73,1438,1511,0.1388
72,1437,1509,0.1388
70,1437,1507,0.1388
71,1442,1513,0.1388
69,1446,1515,0.1388
67,1442,1509,0.1388
65,1461,1526,0.1388
64,1461,1525,0.1388
66,1453,1519,0.1388
63,1460,1523,0.1388
63,1457,1520,0.1388
64,1454,1518,0.1388
65,1458,1523,0.1388
65,1456,1521,0.1388
66,1450,1516,0.1388
68,1448,1516,0.1388
67,1437,1504,0.1388
67,1438,1505,0.1388
68,1429,1497,0.1388
66,1450,1516,0.1388
65,1451,1516,0.1388
64,1451,1515,0.1388
65,1440,1505,0.1388
62,1447,1509,0.1388
63,1449,1512,0.1388
62,1447,1509,0.1388
61,1449,1510,0.1388
61,1442,1503,0.1388
61,1442,1503,0.1388
61,1451,1512,0.1388
60,1450,1510,0.1388
63,1451,1514,0.1388
65,1458,1523,0.1388
65,1456,1521,0.1388
66,1441,1507,0.1388
64,1443,1507,0.1388
63,1444,1507,0.1388
62,1445,1507,0.1388
61,1454,1515,0.1388
62,1448,1510,0.1388
59,1453,1512,0.1388
59,1452,1511,0.1388
60,1457,1517,0.1388
62,1463,1525,0.1388
61,1458,1519,0.1388
58,1453,1511,0.1388
60,1453,1513,0.1388
59,1453,1512,0.1388
57,1470,1527,0.1388
58,1461,1519,0.1388
61,1456,1517,0.1388
61,1452,1513,0.1388
59,1464,1523,0.1388
61,1460,1521,0.1388
61,1450,1511,0.1388
57,1459,1516,0.1388
55,1454,1509,0.1388
53,1465,1518,0.1388
52,1462,1514,0.1388
51,1459,1510,0.1388
50,1462,1512,0.1388
51,1475,1526,0.1388
47,1469,1516,0.1388
48,1467,1515,0.1388
49,1469,1518,0.1388
45,1466,1511,0.1388
45,1462,1507,0.1388
46,1472,1518,0.1388
43,1477,1520,0.1388
42,1479,1521,0.1388
42,1489,1531,0.1388
39,1482,1521,0.1388
38,1482,1520,0.1388
38,1490,1528,0.1388
38,1494,1532,0.1388
39,1485,1524,0.1388
39,1486,1525,0.1388
38,1501,1539,0.1388
38,1484,1522,0.1388
39,1484,1523,0.1388
38,1490,1528,0.1388
38,1500,1538,0.1388
38,1492,1530,0.1388
37,1487,1524,0.1388
37,1492,1529,0.1388
38,1496,1534,0.1388
38,1486,1524,0.1388
38,1489,1527,0.1388
38,1481,1519,0.1388
36,1479,1515,0.1388
36,1487,1523,0.1388
37,1486,1523,0.1388
38,1497,1535,0.1388
39,1479,1518,0.1388
39,1483,1522,0.1388
37,1484,1521,0.1388
35,1479,1514,0.1388
35,1488,1523,0.1388
34,1492,1526,0.1388
34,1492,1526,0.1388
34,1491,1525,0.1388
32,1489,1521,0.1388
33,1489,1522,0.1388
32,1480,1512,0.1388
29,1460,1489,0.1388
29,1472,1501,0.1388
30,1472,1502,0.1388
31,1481,1512,0.1388
30,1484,1514,0.1388
30,1480,1510,0.1388
31,1483,1514,0.1388
30,1492,1522,0.1388
29,1493,1522,0.1388
30,1496,1526,0.1388
28,1492,1520,0.1388
29,1478,1507,0.1388
29,1465,1494,0.1388
28,1481,1509,0.1388
27,1480,1507,0.1388
27,1481,1508,0.1388
28,1489,1517,0.1388
26,1491,1517,0.1388
29,1498,1527,0.1388
29,1492,1521,0.1388
28,1501,1529,0.1388
27,1495,1522,0.1388
27,1498,1525,0.1388
27,1495,1522,0.1388
27,1503,1530,0.1388
27,1507,1534,0.1388
25,1497,1522,0.1388
25,1496,1521,0.1388
25,1497,1522,0.1388
25,1486,1511,0.1388
24,1490,1514,0.1388
24,1483,1507,0.1388
23,1489,1512,0.1388
23,1492,1515,0.1388
24,1483,1507,0.1388
25,1483,1508,0.1388
24,1491,1515,0.1388
24,1486,1510,0.1388
23,1488,1511,0.1388
23,1498,1521,0.1388
23,1493,1516,0.1388
22,1488,1510,0.1388
21,1494,1515,0.1388
20,1487,1507,0.1388
20,1494,1514,0.1388
20,1498,1518,0.1388
20,1489,1509,0.1388
18,1484,1502,0.1388
19,1497,1516,0.1388
20,1504,1524,0.1388
19,1516,1535,0.1388
19,1510,1529,0.1388
20,1517,1537,0.1388
18,1517,1535,0.1388
18,1515,1533,0.1388
18,1508,1526,0.1388
19,1497,1516,0.1388
19,1507,1526,0.1388
17,1497,1514,0.1388
16,1503,1519,0.1388
16,1493,1509,0.1388
15,1502,1517,0.1388
16,1494,1510,0.1388
16,1480,1496,0.1388
18,1480,1498,0.1388
18,1495,1513,0.1388
19,1496,1515,0.1388
18,1500,1518,0.1388
17,1490,1507,0.1388
16,1492,1508,0.1388
16,1500,1516,0.1388
15,1499,1514,0.1388
15,1502,1517,0.1388
16,1506,1522,0.1388
17,1517,1534,0.1388
16,1509,1525,0.1388
16,1507,1523,0.1388
17,1497,1514,0.1388
17,1496,1513,0.1388
17,1506,1523,0.1388
16,1510,1526,0.1388
15,1497,1512,0.1388
15,1497,1512,0.1388
14,1500,1514,0.1388
14,1515,1529,0.1388
14,1510,1524,0.1388
14,1515,1529,0.1388
13,1505,1518,0.1388
13,1495,1508,0.1388
13,1507,1520,0.1388
14,1516,1530,0.1388
14,1500,1514,0.1388
14,1496,1510,0.1388
14,1492,1506,0.1388
12,1492,1504,0.1388
12,1480,1492,0.1388
12,1487,1499,0.1388
12,1501,1513,0.1388
12,1509,1521,0.1388
12,1495,1507,0.1388
10,1500,1510,0.1388
10,1503,1513,0.1388
10,1521,1531,0.1388
9,1523,1532,0.1388
10,1512,1522,0.1388
9,1522,1531,0.1388
9,1524,1533,0.1388
9,1523,1532,0.1388
9,1513,1522,0.1388
9,1504,1513,0.1388
9,1498,1507,0.1388
9,1498,1507,0.1388
9,1500,1509,0.1388
9,1506,1515,0.1388
8,1506,1514,0.1388
8,1508,1516,0.1388
10,1490,1500,0.1388
10,1495,1505,0.1388
9,1493,1502,0.1388
9,1505,1514,0.1388
7,1513,1520,0.1388
8,1513,1521,0.1388
9,1515,1524,0.1388
10,1523,1533,0.1388
10,1519,1529,0.1388
8,1520,1528,0.1388
8,1523,1531,0.1388
8,1511,1519,0.1388
8,1504,1512,0.1388
8,1509,1517,0.1388
8,1507,1515,0.1388
7,1508,1515,0.1388
7,1514,1521,0.1388
7,1513,1520,0.1388
7,1510,1517,0.1388
7,1513,1520,0.1388
7,1518,1525,0.1388
7,1519,1526,0.1388
6,1512,1518,0.1388
7,1509,1516,0.1388
7,1508,1515,0.1388
7,1511,1518,0.1388
7,1508,1515,0.1388
7,1497,1504,0.1388
8,1497,1505,0.1388
8,1508,1516,0.1388
9,1516,1525,0.1388
9,1512,1521,0.1388
9,1499,1508,0.1388
9,1496,1505,0.1388
10,1499,1509,0.1388
10,1498,1508,0.1388
10,1496,1506,0.1388
10,1497,1507,0.1388
10,1498,1508,0.1388
9,1503,1512,0.1388
9,1493,1502,0.1388
10,1503,1513,0.1388
11,1520,1531,0.1388
11,1517,1528,0.1388
11,1515,1526,0.1388
11,1502,1513,0.1388
11,1508,1519,0.1388
11,1506,1517,0.1388
11,1494,1505,0.1388
11,1503,1514,0.1388
11,1508,1519,0.1388
10,1504,1514,0.1388
10,1506,1516,0.1388
9,1509,1518,0.1388
9,1513,1522,0.1388
9,1502,1511,0.1388
9,1510,1519,0.1388
9,1512,1521,0.1388
8,1518,1526,0.1388
8,1522,1530,0.1388
7,1521,1528,0.1388
7,1520,1527,0.1388
7,1521,1528,0.1388
7,1501,1508,0.1388
5,1516,1521,0.1388
5,1497,1502,0.1388
5,1506,1511,0.1388
5,1519,1524,0.1388
5,1522,1527,0.1388
5,1519,1524,0.1388
5,1509,1514,0.1388
5,1503,1508,0.1388
5,1506,1511,0.1388
4,1507,1511,0.1388
5,1504,1509,0.1388
5,1505,1510,0.1388
4,1504,1508,0.1388
4,1510,1514,0.1388
4,1508,1512,0.1388
3,1504,1507,0.1388
2,1508,1510,0.1388
2,1515,1517,0.1388
2,1510,1512,0.1388
2,1505,1507,0.1388
1,1511,1512,0.1388
1,1525,1526,0.1388
1,1527,1528,0.1388
1,1530,1531,0.1388
1,1519,1520,0.1388
1,1527,1528,0.1388
1,1517,1518,0.1388
1,1514,1515,0.1388
1,1520,1521,0.1388
1,1512,1513,0.1388
1,1504,1505,0.1388
1,1506,1507,0.1388
1,1507,1508,0.1388
1,1520,1521,0.1388
1,1516,1517,0.1388
0,1511,1511,0.1388
