1376,28,1404,0.1388
1413,30,1443,0.1388
1423,32,1455,0.1388
1433,30,1463,0.1388
1441,31,1472,0.1388
1445,31,1476,0.1388
1454,29,1483,0.1388
1452,30,1482,0.1388
1453,28,1481,0.1388
1461,29,1490,0.1388
1462,29,1491,0.1388
1455,28,1483,0.1388
1446,30,1476,0.1388
1450,29,1479,0.1388
1450,29,1479,0.1388
1453,29,1482,0.1388
1461,29,1490,0.1388
1468,27,1495,0.1388
1467,26,1493,0.1388
1480,28,1508,0.1388
1472,30,1502,0.1388
1475,31,1506,0.1388
1488,30,1518,0.1388
1471,29,1500,0.1388
1464,26,1490,0.1388
1465,26,1491,0.1388
1455,28,1483,0.1388
1450,29,1479,0.1388
1461,29,1490,0.1388
1456,28,1484,0.1388
1461,26,1487,0.1388
1457,27,1484,0.1388
1448,28,1476,0.1388
1458,30,1488,0.1388
1469,28,1497,0.1388
1473,29,1502,0.1388
1465,31,1496,0.1388
1462,32,1494,0.1388
1462,32,1494,0.1388
1458,34,1492,0.1388
1459,33,1492,0.1388
1455,32,1487,0.1388
1458,33,1491,0.1388
1456,33,1489,0.1388
1451,32,1483,0.1388
1446,37,1483,0.1388
1454,34,1488,0.1388
1451,36,1487,0.1388
1458,37,1495,0.1388
1447,37,1484,0.1388
1453,38,1491,0.1388
1464,40,1504,0.1388
1451,41,1492,0.1388
1458,42,1500,0.1388
1445,42,1487,0.1388
1447,43,1490,0.1388
1444,39,1483,0.1388
1441,38,1479,0.1388
1452,36,1488,0.1388
1461,34,1495,0.1388
1464,36,1500,0.1388
1451,39,1490,0.1388
1452,41,1493,0.1388
1456,42,1498,0.1388
1452,46,1498,0.1388
1439,47,1486,0.1388
1437,46,1483,0.1388
1433,48,1481,0.1388
1425,49,1474,0.1388
1443,49,1492,0.1388
1437,49,1486,0.1388
1427,51,1478,0.1388
1444,49,1493,0.1388
1450,53,1503,0.1388
1457,54,1511,0.1388
1452,53,1505,0.1388
1459,54,1513,0.1388
1455,55,1510,0.1388
1451,55,1506,0.1388
1456,56,1512,0.1388
1448,53,1501,0.1388
1435,49,1484,0.1388
1437,54,1491,0.1388
1431,54,1485,0.1388
1429,56,1485,0.1388
1433,58,1491,0.1388
1439,58,1497,0.1388
1439,58,1497,0.1388
1441,58,1499,0.1388
1446,56,1502,0.1388
1441,53,1494,0.1388
1447,56,1503,0.1388
1434,58,1492,0.1388
1439,61,1500,0.1388
1438,60,1498,0.1388
1441,59,1500,0.1388
1446,60,1506,0.1388
1437,61,1498,0.1388
1427,61,1488,0.1388
1426,64,1490,0.1388
1422,63,1485,0.1388
1416,63,1479,0.1388
1421,62,1483,0.1388
1427,63,1490,0.1388
1438,67,1505,0.1388
1429,69,1498,0.1388
1425,70,1495,0.1388
1420,73,1493,0.1388
1426,69,1495,0.1388
1427,67,1494,0.1388
1437,69,1506,0.1388
1423,69,1492,0.1388
1405,71,1476,0.1388
1400,74,1474,0.1388
1399,77,1476,0.1388
1393,81,1474,0.1388
1399,81,1480,0.1388
1409,81,1490,0.1388
1406,81,1487,0.1388
1409,80,1489,0.1388
1406,82,1488,0.1388
1407,84,1491,0.1388
1407,84,1491,0.1388
1420,81,1501,0.1388
1424,82,1506,0.1388
1426,86,1512,0.1388
1425,84,1509,0.1388
1429,83,1512,0.1388
1432,86,1518,0.1388
1419,85,1504,0.1388
1421,83,1504,0.1388
1414,84,1498,0.1388
1414,83,1497,0.1388
1413,86,1499,0.1388
1406,84,1490,0.1388
1420,85,1505,0.1388
1413,87,1500,0.1388
1416,87,1503,0.1388
1424,84,1508,0.1388
1419,83,1502,0.1388
1419,83,1502,0.1388
1408,83,1491,0.1388
1409,85,1494,0.1388
1415,83,1498,0.1388
1412,80,1492,0.1388
1415,78,1493,0.1388
1413,80,1493,0.1388
1417,78,1495,0.1388
1422,80,1502,0.1388
1443,79,1522,0.1388
1424,78,1502,0.1388
1409,80,1489,0.1388
1411,78,1489,0.1388
1408,77,1485,0.1388
1401,79,1480,0.1388
1414,79,1493,0.1388
1415,82,1497,0.1388
1406,84,1490,0.1388
1420,83,1503,0.1388
1428,81,1509,0.1388
1419,83,1502,0.1388
1409,83,1492,0.1388
1399,80,1479,0.1388
1399,79,1478,0.1388
1416,80,1496,0.1388
1428,80,1508,0.1388
1422,80,1502,0.1388
1404,80,1484,0.1388
1417,80,1497,0.1388
1418,82,1500,0.1388
1401,82,1483,0.1388
1411,85,1496,0.1388
1411,84,1495,0.1388
1405,83,1488,0.1388
1408,84,1492,0.1388
1407,84,1491,0.1388
1412,87,1499,0.1388
1399,86,1485,0.1388
1408,84,1492,0.1388
1413,85,1498,0.1388
1402,87,1489,0.1388
1403,87,1490,0.1388
1413,86,1499,0.1388
1415,88,1503,0.1388
1410,91,1501,0.1388
1415,89,1504,0.1388
1423,88,1511,0.1388
1417,87,1504,0.1388
1405,90,1495,0.1388
1409,89,1498,0.1388
1427,90,1517,0.1388
1415,91,1506,0.1388
1417,92,1509,0.1388
1404,90,1494,0.1388
1402,90,1492,0.1388
1388,89,1477,0.1388
1395,87,1482,0.1388
1410,88,1498,0.1388
1403,89,1492,0.1388
1409,88,1497,0.1388
1400,87,1487,0.1388
1413,86,1499,0.1388
1404,87,1491,0.1388
1405,88,1493,0.1388
1399,88,1487,0.1388
1409,91,1500,0.1388
1406,91,1497,0.1388
1418,89,1507,0.1388
1410,93,1503,0.1388
1414,92,1506,0.1388
1414,92,1506,0.1388
1403,93,1496,0.1388
1415,90,1505,0.1388
1411,87,1498,0.1388
1409,88,1497,0.1388
1400,87,1487,0.1388
1403,88,1491,0.1388
1385,90,1475,0.1388
1389,90,1479,0.1388
1380,87,1467,0.1388
1377,88,1465,0.1388
1382,92,1474,0.1388
1396,92,1488,0.1388
1408,92,1500,0.1388
1411,93,1504,0.1388
1401,95,1496,0.1388
1407,100,1507,0.1388
1394,102,1496,0.1388
1381,104,1485,0.1388
1391,102,1493,0.1388
1393,102,1495,0.1388
1388,101,1489,0.1388
1389,99,1488,0.1388
1400,100,1500,0.1388
1407,97,1504,0.1388
1400,97,1497,0.1388
1391,98,1489,0.1388
1406,98,1504,0.1388
1417,100,1517,0.1388
1411,100,1511,0.1388
1403,99,1502,0.1388
1398,100,1498,0.1388
1386,103,1489,0.1388
1387,103,1490,0.1388
1377,107,1484,0.1388
1383,106,1489,0.1388
1381,108,1489,0.1388
1378,110,1488,0.1388
1374,112,1486,0.1388
1378,112,1490,0.1388
1378,110,1488,0.1388
1378,108,1486,0.1388
1373,112,1485,0.1388
1373,110,1483,0.1388
1378,110,1488,0.1388
1379,110,1489,0.1388
1375,116,1491,0.1388
1379,114,1493,0.1388
1390,116,1506,0.1388
1389,115,1504,0.1388
1367,115,1482,0.1388
1372,118,1490,0.1388
1372,119,1491,0.1388
1379,122,1501,0.1388
1387,123,1510,0.1388
1375,124,1499,0.1388
1373,121,1494,0.1388
1369,121,1490,0.1388
1376,123,1499,0.1388
1375,125,1500,0.1388
1367,124,1491,0.1388
1348,125,1473,0.1388
1344,123,1467,0.1388
1353,119,1472,0.1388
1364,121,1485,0.1388
1359,122,1481,0.1388
1359,123,1482,0.1388
1355,124,1479,0.1388
1363,122,1485,0.1388
1364,128,1492,0.1388
1365,128,1493,0.1388
1371,129,1500,0.1388
1364,130,1494,0.1388
1356,129,1485,0.1388
1371,127,1498,0.1388
1367,126,1493,0.1388
1354,125,1479,0.1388
1350,129,1479,0.1388
1354,132,1486,0.1388
1347,129,1476,0.1388
1352,132,1484,0.1388
1358,133,1491,0.1388
1352,134,1486,0.1388
1354,129,1483,0.1388
1348,127,1475,0.1388
1345,121,1466,0.1388
1344,118,1462,0.1388
1339,129,1468,0.1388
1347,135,1482,0.1388
1357,135,1492,0.1388
1352,136,1488,0.1388
1358,132,1490,0.1388
1363,134,1497,0.1388
1355,132,1487,0.1388
1363,130,1493,0.1388
1360,131,1491,0.1388
1346,133,1479,0.1388
1350,129,1479,0.1388
1342,133,1475,0.1388
1348,135,1483,0.1388
1354,134,1488,0.1388
1353,135,1488,0.1388
1351,133,1484,0.1388
1344,130,1474,0.1388
1339,130,1469,0.1388
1353,132,1485,0.1388
1351,134,1485,0.1388
1362,135,1497,0.1388
1361,136,1497,0.1388
1351,136,1487,0.1388
1348,139,1487,0.1388
1346,139,1485,0.1388
1351,144,1495,0.1388
1342,143,1485,0.1388
1344,144,1488,0.1388
1329,142,1471,0.1388
1342,138,1480,0.1388
1345,137,1482,0.1388
1363,136,1499,0.1388
1353,136,1489,0.1388
1361,136,1497,0.1388
1351,138,1489,0.1388
1354,136,1490,0.1388
1355,135,1490,0.1388
1353,136,1489,0.1388
1341,137,1478,0.1388
1346,139,1485,0.1388
1356,139,1495,0.1388
1347,140,1487,0.1388
1350,143,1493,0.1388
1353,146,1499,0.1388
1343,143,1486,0.1388
1341,146,1487,0.1388
1345,152,1497,0.1388
1342,152,1494,0.1388
1341,150,1491,0.1388
1357,152,1509,0.1388
1356,148,1504,0.1388
1340,151,1491,0.1388
1338,151,1489,0.1388
1344,153,1497,0.1388
1339,154,1493,0.1388
1339,156,1495,0.1388
1349,161,1510,0.1388
1352,162,1514,0.1388
1346,157,1503,0.1388
1345,155,1500,0.1388
1351,153,1504,0.1388
1357,155,1512,0.1388
1359,158,1517,0.1388
1363,155,1518,0.1388
1355,155,1510,0.1388
1346,150,1496,0.1388
1346,151,1497,0.1388
1346,150,1496,0.1388
1355,150,1505,0.1388
1346,149,1495,0.1388
1346,147,1493,0.1388
1333,148,1481,0.1388
1340,148,1488,0.1388
1338,152,1490,0.1388
1345,158,1503,0.1388
1333,160,1493,0.1388
1322,163,1485,0.1388
1325,162,1487,0.1388
1326,158,1484,0.1388
1331,161,1492,0.1388
1323,162,1485,0.1388
1339,165,1504,0.1388
1339,167,1506,0.1388
1329,166,1495,0.1388
1330,166,1496,0.1388
1337,171,1508,0.1388
1331,170,1501,0.1388
1337,165,1502,0.1388
1332,167,1499,0.1388
1339,164,1503,0.1388
1334,166,1500,0.1388
1344,173,1517,0.1388
1338,170,1508,0.1388
1334,173,1507,0.1388
1334,172,1506,0.1388
1323,172,1495,0.1388
1319,171,1490,0.1388
1314,168,1482,0.1388
1317,171,1488,0.1388
1319,170,1489,0.1388
1315,178,1493,0.1388
1310,180,1490,0.1388
1321,179,1500,0.1388
1312,182,1494,0.1388
1305,185,1490,0.1388
1319,185,1504,0.1388
1317,181,1498,0.1388
1312,183,1495,0.1388
1320,178,1498,0.1388
1318,180,1498,0.1388
1313,178,1491,0.1388
1311,180,1491,0.1388
1323,177,1500,0.1388
1318,175,1493,0.1388
1299,167,1466,0.1388
1316,166,1482,0.1388
1324,167,1491,0.1388
1331,167,1498,0.1388
1313,165,1478,0.1388
1321,166,1487,0.1388
1327,171,1498,0.1388
1344,178,1522,0.1388
1355,177,1532,0.1388
1354,178,1532,0.1388
1336,180,1516,0.1388
1321,179,1500,0.1388
1310,177,1487,0.1388
1298,177,1475,0.1388
1316,180,1496,0.1388
1312,181,1493,0.1388
1300,180,1480,0.1388
1306,180,1486,0.1388
1295,179,1474,0.1388
1296,180,1476,0.1388
1303,183,1486,0.1388
1296,184,1480,0.1388
1287,186,1473,0.1388
1300,185,1485,0.1388
1304,187,1491,0.1388
1302,184,1486,0.1388
1305,182,1487,0.1388
1304,185,1489,0.1388
1300,186,1486,0.1388
1305,186,1491,0.1388
1312,188,1500,0.1388
1309,189,1498,0.1388
1298,190,1488,0.1388
1281,190,1471,0.1388
1293,191,1484,0.1388
1289,193,1482,0.1388
1294,196,1490,0.1388
1300,197,1497,0.1388
1293,202,1495,0.1388
1290,201,1491,0.1388
1279,201,1480,0.1388
1291,199,1490,0.1388
1306,200,1506,0.1388
1296,203,1499,0.1388
1300,205,1505,0.1388
1286,204,1490,0.1388
1293,199,1492,0.1388
1290,205,1495,0.1388
1282,201,1483,0.1388
1282,203,1485,0.1388
1284,201,1485,0.1388
1286,193,1479,0.1388
1295,194,1489,0.1388
1308,197,1505,0.1388
1315,200,1515,0.1388
1316,202,1518,0.1388
1315,201,1516,0.1388
1321,196,1517,0.1388
1304,198,1502,0.1388
1302,197,1499,0.1388
1293,202,1495,0.1388
1293,200,1493,0.1388
1291,200,1491,0.1388
1277,203,1480,0.1388
1277,207,1484,0.1388
1283,205,1488,0.1388
1284,215,1499,0.1388
1282,214,1496,0.1388
1301,214,1515,0.1388
1302,211,1513,0.1388
1289,216,1505,0.1388
1287,214,1501,0.1388
1275,217,1492,0.1388
1279,215,1494,0.1388
1287,216,1503,0.1388
1280,213,1493,0.1388
1281,216,1497,0.1388
1270,215,1485,0.1388
1251,218,1469,0.1388
1270,219,1489,0.1388
1277,215,1492,0.1388
1282,213,1495,0.1388
1282,215,1497,0.1388
1277,210,1487,0.1388
1283,211,1494,0.1388
1282,213,1495,0.1388
1274,217,1491,0.1388
1275,217,1492,0.1388
1267,219,1486,0.1388
1274,217,1491,0.1388
1275,212,1487,0.1388
1288,213,1501,0.1388
1284,215,1499,0.1388
1292,215,1507,0.1388
1293,214,1507,0.1388
1292,211,1503,0.1388
1299,212,1511,0.1388
1283,213,1496,0.1388
1284,215,1499,0.1388
1279,219,1498,0.1388
1277,219,1496,0.1388
1279,212,1491,0.1388
1293,214,1507,0.1388
1290,217,1507,0.1388
1289,218,1507,0.1388
1286,220,1506,0.1388
1283,217,1500,0.1388
1274,218,1492,0.1388
1276,224,1500,0.1388
1296,231,1527,0.1388
1282,226,1508,0.1388
1280,224,1504,0.1388
1271,231,1502,0.1388
1267,230,1497,0.1388
1270,227,1497,0.1388
1271,233,1504,0.1388
1261,235,1496,0.1388
1261,232,1493,0.1388
1263,236,1499,0.1388
1262,237,1499,0.1388
1259,235,1494,0.1388
1270,229,1499,0.1388
1278,230,1508,0.1388
1261,231,1492,0.1388
1263,235,1498,0.1388
1258,237,1495,0.1388
1251,240,1491,0.1388
1271,242,1513,0.1388
1279,243,1522,0.1388
1272,241,1513,0.1388
1268,232,1500,0.1388
1275,236,1511,0.1388
1264,234,1498,0.1388
1263,235,1498,0.1388
1256,234,1490,0.1388
1257,232,1489,0.1388
1258,236,1494,0.1388
1254,237,1491,0.1388
1251,239,1490,0.1388
1255,241,1496,0.1388
1264,240,1504,0.1388
1255,239,1494,0.1388
1255,239,1494,0.1388
1258,245,1503,0.1388
1252,249,1501,0.1388
1253,254,1507,0.1388
1248,253,1501,0.1388
1240,249,1489,0.1388
1246,251,1497,0.1388
1241,254,1495,0.1388
1248,260,1508,0.1388
1251,259,1510,0.1388
1235,257,1492,0.1388
1242,258,1500,0.1388
1256,263,1519,0.1388
1255,265,1520,0.1388
1239,264,1503,0.1388
1240,263,1503,0.1388
1247,263,1510,0.1388
1238,259,1497,0.1388
1237,261,1498,0.1388
1241,260,1501,0.1388
1242,263,1505,0.1388
1240,260,1500,0.1388
1253,265,1518,0.1388
1252,264,1516,0.1388
1250,262,1512,0.1388
1232,265,1497,0.1388
1237,264,1501,0.1388
1245,262,1507,0.1388
1237,260,1497,0.1388
1236,255,1491,0.1388
1237,255,1492,0.1388
1241,262,1503,0.1388
1228,261,1489,0.1388
1226,259,1485,0.1388
1221,261,1482,0.1388
1218,258,1476,0.1388
1218,260,1478,0.1388
1230,268,1498,0.1388
1229,267,1496,0.1388
1235,269,1504,0.1388
1248,267,1515,0.1388
1235,261,1496,0.1388
1239,264,1503,0.1388
1243,264,1507,0.1388
1245,259,1504,0.1388
1245,257,1502,0.1388
1246,262,1508,0.1388
1241,261,1502,0.1388
1249,265,1514,0.1388
1245,265,1510,0.1388
1241,267,1508,0.1388
1236,273,1509,0.1388
1240,270,1510,0.1388
1250,268,1518,0.1388
1247,263,1510,0.1388
1240,260,1500,0.1388
1231,267,1498,0.1388
1231,268,1499,0.1388
1229,270,1499,0.1388
1236,268,1504,0.1388
1226,260,1486,0.1388
1221,259,1480,0.1388
1219,262,1481,0.1388
1234,259,1493,0.1388
1229,259,1488,0.1388
1221,264,1485,0.1388
1218,267,1485,0.1388
1217,274,1491,0.1388
1228,263,1491,0.1388
1230,261,1491,0.1388
1222,264,1486,0.1388
1230,272,1502,0.1388
1235,269,1504,0.1388
1237,268,1505,0.1388
1223,272,1495,0.1388
1229,277,1506,0.1388
1222,275,1497,0.1388
1223,278,1501,0.1388
1230,276,1506,0.1388
1230,276,1506,0.1388
1230,275,1505,0.1388
1225,278,1503,0.1388
1226,273,1499,0.1388
1227,279,1506,0.1388
1226,278,1504,0.1388
1238,274,1512,0.1388
1234,273,1507,0.1388
1234,272,1506,0.1388
1228,276,1504,0.1388
1219,271,1490,0.1388
1217,270,1487,0.1388
1215,277,1492,0.1388
1225,277,1502,0.1388
1219,280,1499,0.1388
1222,280,1502,0.1388
1220,275,1495,0.1388
1225,278,1503,0.1388
1226,281,1507,0.1388
1222,277,1499,0.1388
1203,278,1481,0.1388
1205,280,1485,0.1388
1206,283,1489,0.1388
1217,286,1503,0.1388
1221,288,1509,0.1388
1228,290,1518,0.1388
1217,289,1506,0.1388
1220,289,1509,0.1388
1202,297,1499,0.1388
1201,301,1502,0.1388
1200,305,1505,0.1388
1200,303,1503,0.1388
1200,299,1499,0.1388
1209,292,1501,0.1388
1214,295,1509,0.1388
1198,295,1493,0.1388
1206,289,1495,0.1388
1205,295,1500,0.1388
1214,301,1515,0.1388
1207,304,1511,0.1388
1203,307,1510,0.1388
1193,307,1500,0.1388
1197,301,1498,0.1388
1206,305,1511,0.1388
1206,313,1519,0.1388
1198,312,1510,0.1388
1190,310,1500,0.1388
1185,313,1498,0.1388
1187,309,1496,0.1388
1183,313,1496,0.1388
1173,302,1475,0.1388
1172,304,1476,0.1388
1169,311,1480,0.1388
1167,313,1480,0.1388
1165,326,1491,0.1388
1156,327,1483,0.1388
1159,325,1484,0.1388
1174,323,1497,0.1388
1176,329,1505,0.1388
1179,333,1512,0.1388
1186,330,1516,0.1388
1168,333,1501,0.1388
1166,332,1498,0.1388
1161,340,1501,0.1388
1148,340,1488,0.1388
1139,333,1472,0.1388
1149,338,1487,0.1388
1145,337,1482,0.1388
1139,337,1476,0.1388
1136,340,1476,0.1388
1152,336,1488,0.1388
1157,336,1493,0.1388
1166,336,1502,0.1388
1152,336,1488,0.1388
1155,346,1501,0.1388
1159,346,1505,0.1388
1163,346,1509,0.1388
1158,345,1503,0.1388
1150,345,1495,0.1388
1152,346,1498,0.1388
1147,347,1494,0.1388
1152,353,1505,0.1388
1154,353,1507,0.1388
1163,361,1524,0.1388
1160,358,1518,0.1388
1160,359,1519,0.1388
1145,354,1499,0.1388
1140,352,1492,0.1388
1151,353,1504,0.1388
1144,353,1497,0.1388
1139,356,1495,0.1388
1146,353,1499,0.1388
1139,365,1504,0.1388
1139,364,1503,0.1388
1145,369,1514,0.1388
1139,367,1506,0.1388
1126,361,1487,0.1388
1132,363,1495,0.1388
1131,362,1493,0.1388
1130,364,1494,0.1388
1140,361,1501,0.1388
1144,361,1505,0.1388
1145,361,1506,0.1388
1143,359,1502,0.1388
1138,359,1497,0.1388
1133,368,1501,0.1388
1131,369,1500,0.1388
1135,363,1498,0.1388
1131,368,1499,0.1388
1133,369,1502,0.1388
1131,367,1498,0.1388
1128,366,1494,0.1388
1128,368,1496,0.1388
1129,365,1494,0.1388
1127,369,1496,0.1388
1123,380,1503,0.1388
1118,383,1501,0.1388
1120,394,1514,0.1388
1107,393,1500,0.1388
1113,396,1509,0.1388
1116,400,1516,0.1388
1121,392,1513,0.1388
1117,398,1515,0.1388
1105,395,1500,0.1388
1097,403,1500,0.1388
1096,397,1493,0.1388
1101,399,1500,0.1388
1091,399,1490,0.1388
1089,393,1482,0.1388
1081,396,1477,0.1388
1094,405,1499,0.1388
1087,398,1485,0.1388
1072,408,1480,0.1388
1073,399,1472,0.1388
1067,411,1478,0.1388
1074,415,1489,0.1388
1077,414,1491,0.1388
1077,413,1490,0.1388
1075,429,1504,0.1388
1071,433,1504,0.1388
1081,433,1514,0.1388
1075,431,1506,0.1388
1081,425,1506,0.1388
1086,419,1505,0.1388
1096,417,1513,0.1388
1093,421,1514,0.1388
1072,423,1495,0.1388
1071,433,1504,0.1388
1073,429,1502,0.1388
1064,436,1500,0.1388
1065,429,1494,0.1388
1061,437,1498,0.1388
1066,442,1508,0.1388
1062,442,1504,0.1388
1065,442,1507,0.1388
1077,436,1513,0.1388
1071,433,1504,0.1388
1067,431,1498,0.1388
1058,442,1500,0.1388
1054,441,1495,0.1388
1061,439,1500,0.1388
1072,439,1511,0.1388
1070,441,1511,0.1388
1062,441,1503,0.1388
1056,442,1498,0.1388
1055,444,1499,0.1388
1052,445,1497,0.1388
1046,451,1497,0.1388
1049,454,1503,0.1388
1056,455,1511,0.1388
1062,451,1513,0.1388
1054,454,1508,0.1388
1058,453,1511,0.1388
1055,445,1500,0.1388
1052,449,1501,0.1388
1044,449,1493,0.1388
1047,455,1502,0.1388
1026,460,1486,0.1388
1029,460,1489,0.1388
1033,460,1493,0.1388
1045,460,1505,0.1388
1043,459,1502,0.1388
1036,467,1503,0.1388
1030,472,1502,0.1388
1023,473,1496,0.1388
1020,481,1501,0.1388
1014,478,1492,0.1388
1015,476,1491,0.1388
1013,480,1493,0.1388
1010,475,1485,0.1388
1020,478,1498,0.1388
1023,485,1508,0.1388
1024,490,1514,0.1388
1016,494,1510,0.1388
1020,489,1509,0.1388
1007,485,1492,0.1388
1006,493,1499,0.1388
998,504,1502,0.1388
1004,503,1507,0.1388
1008,497,1505,0.1388
1016,494,1510,0.1388
1014,500,1514,0.1388
1010,499,1509,0.1388
1001,503,1504,0.1388
1002,501,1503,0.1388
1004,497,1501,0.1388
1004,493,1497,0.1388
1002,497,1499,0.1388
994,502,1496,0.1388
985,496,1481,0.1388
1001,498,1499,0.1388
995,500,1495,0.1388
999,500,1499,0.1388
1000,497,1497,0.1388
995,502,1497,0.1388
1000,503,1503,0.1388
1003,506,1509,0.1388
992,504,1496,0.1388
991,508,1499,0.1388
985,505,1490,0.1388
985,510,1495,0.1388
978,524,1502,0.1388
968,523,1491,0.1388
965,517,1482,0.1388
970,524,1494,0.1388
977,528,1505,0.1388
967,526,1493,0.1388
967,537,1504,0.1388
973,539,1512,0.1388
967,544,1511,0.1388
968,539,1507,0.1388
975,540,1515,0.1388
963,546,1509,0.1388
960,549,1509,0.1388
959,549,1508,0.1388
956,547,1503,0.1388
960,543,1503,0.1388
963,544,1507,0.1388
968,542,1510,0.1388
962,539,1501,0.1388
945,539,1484,0.1388
954,541,1495,0.1388
943,543,1486,0.1388
954,544,1498,0.1388
966,554,1520,0.1388
952,546,1498,0.1388
966,547,1513,0.1388
962,554,1516,0.1388
957,562,1519,0.1388
959,564,1523,0.1388
958,548,1506,0.1388
961,549,1510,0.1388
962,544,1506,0.1388
960,544,1504,0.1388
966,550,1516,0.1388
960,555,1515,0.1388
956,554,1510,0.1388
950,546,1496,0.1388
946,548,1494,0.1388
949,549,1498,0.1388
948,548,1496,0.1388
944,545,1489,0.1388
955,552,1507,0.1388
954,546,1500,0.1388
944,542,1486,0.1388
944,542,1486,0.1388
952,548,1500,0.1388
960,547,1507,0.1388
944,551,1495,0.1388
946,553,1499,0.1388
943,562,1505,0.1388
939,560,1499,0.1388
944,557,1501,0.1388
946,555,1501,0.1388
948,561,1509,0.1388
942,561,1503,0.1388
941,565,1506,0.1388
937,569,1506,0.1388
939,576,1515,0.1388
940,573,1513,0.1388
944,569,1513,0.1388
946,574,1520,0.1388
930,570,1500,0.1388
923,572,1495,0.1388
929,581,1510,0.1388
924,575,1499,0.1388
923,568,1491,0.1388
925,570,1495,0.1388
926,567,1493,0.1388
923,566,1489,0.1388
928,559,1487,0.1388
943,567,1510,0.1388
933,567,1500,0.1388
925,577,1502,0.1388
926,578,1504,0.1388
925,583,1508,0.1388
925,578,1503,0.1388
915,573,1488,0.1388
912,573,1485,0.1388
897,592,1489,0.1388
897,603,1500,0.1388
906,602,1508,0.1388
895,612,1507,0.1388
895,608,1503,0.1388
894,613,1507,0.1388
899,613,1512,0.1388
894,610,1504,0.1388
884,614,1498,0.1388
882,613,1495,0.1388
890,608,1498,0.1388
893,600,1493,0.1388
894,609,1503,0.1388
891,607,1498,0.1388
902,615,1517,0.1388
886,623,1509,0.1388
892,624,1516,0.1388
890,632,1522,0.1388
890,624,1514,0.1388
890,624,1514,0.1388
886,627,1513,0.1388
879,629,1508,0.1388
878,627,1505,0.1388
887,633,1520,0.1388
886,638,1524,0.1388
873,635,1508,0.1388
876,635,1511,0.1388
859,641,1500,0.1388
854,647,1501,0.1388
863,642,1505,0.1388
874,650,1524,0.1388
873,649,1522,0.1388
867,645,1512,0.1388
864,643,1507,0.1388
866,642,1508,0.1388
865,655,1520,0.1388
875,647,1522,0.1388
876,649,1525,0.1388
877,644,1521,0.1388
863,646,1509,0.1388
861,649,1510,0.1388
849,647,1496,0.1388
863,643,1506,0.1388
865,647,1512,0.1388
869,643,1512,0.1388
869,654,1523,0.1388
868,656,1524,0.1388
871,651,1522,0.1388
882,655,1537,0.1388
865,646,1511,0.1388
859,641,1500,0.1388
853,638,1491,0.1388
854,643,1497,0.1388
861,646,1507,0.1388
862,650,1512,0.1388
863,647,1510,0.1388
866,653,1519,0.1388
863,658,1521,0.1388
855,661,1516,0.1388
857,657,1514,0.1388
864,651,1515,0.1388
863,658,1521,0.1388
848,656,1504,0.1388
851,652,1503,0.1388
843,647,1490,0.1388
848,652,1500,0.1388
851,653,1504,0.1388
856,655,1511,0.1388
847,659,1506,0.1388
842,656,1498,0.1388
838,655,1493,0.1388
829,648,1477,0.1388
839,656,1495,0.1388
831,670,1501,0.1388
830,664,1494,0.1388
843,660,1503,0.1388
836,657,1493,0.1388
833,662,1495,0.1388
829,667,1496,0.1388
833,660,1493,0.1388
827,666,1493,0.1388
828,672,1500,0.1388
825,682,1507,0.1388
823,685,1508,0.1388
816,680,1496,0.1388
808,675,1483,0.1388
813,680,1493,0.1388
820,685,1505,0.1388
826,700,1526,0.1388
829,704,1533,0.1388
813,695,1508,0.1388
817,693,1510,0.1388
833,700,1533,0.1388
823,683,1506,0.1388
826,686,1512,0.1388
815,684,1499,0.1388
820,684,1504,0.1388
814,683,1497,0.1388
811,691,1502,0.1388
805,700,1505,0.1388
805,701,1506,0.1388
803,697,1500,0.1388
795,696,1491,0.1388
796,694,1490,0.1388
801,703,1504,0.1388
804,706,1510,0.1388
811,698,1509,0.1388
813,694,1507,0.1388
809,689,1498,0.1388
803,695,1498,0.1388
802,695,1497,0.1388
806,694,1500,0.1388
803,698,1501,0.1388
795,693,1488,0.1388
785,706,1491,0.1388
797,706,1503,0.1388
789,706,1495,0.1388
789,703,1492,0.1388
793,709,1502,0.1388
791,714,1505,0.1388
788,709,1497,0.1388
783,704,1487,0.1388
777,717,1494,0.1388
777,721,1498,0.1388
788,732,1520,0.1388
793,728,1521,0.1388
779,728,1507,0.1388
777,730,1507,0.1388
778,721,1499,0.1388
776,729,1505,0.1388
779,730,1509,0.1388
767,733,1500,0.1388
764,734,1498,0.1388
756,731,1487,0.1388
762,735,1497,0.1388
766,735,1501,0.1388
761,729,1490,0.1388
770,731,1501,0.1388
776,726,1502,0.1388
768,724,1492,0.1388
772,732,1504,0.1388
778,734,1512,0.1388
778,735,1513,0.1388
775,731,1506,0.1388
772,730,1502,0.1388
773,721,1494,0.1388
772,724,1496,0.1388
759,719,1478,0.1388
763,732,1495,0.1388
756,735,1491,0.1388
756,742,1498,0.1388
749,756,1505,0.1388
747,752,1499,0.1388
750,753,1503,0.1388
754,758,1512,0.1388
744,749,1493,0.1388
750,757,1507,0.1388
742,762,1504,0.1388
743,755,1498,0.1388
741,764,1505,0.1388
753,776,1529,0.1388
748,767,1515,0.1388
742,768,1510,0.1388
746,762,1508,0.1388
747,767,1514,0.1388
753,763,1516,0.1388
748,757,1505,0.1388
739,768,1507,0.1388
740,775,1515,0.1388
733,768,1501,0.1388
733,762,1495,0.1388
730,763,1493,0.1388
733,773,1506,0.1388
736,772,1508,0.1388
729,770,1499,0.1388
730,772,1502,0.1388
729,765,1494,0.1388
729,766,1495,0.1388
735,765,1500,0.1388
732,759,1491,0.1388
730,769,1499,0.1388
730,765,1495,0.1388
727,766,1493,0.1388
722,765,1487,0.1388
728,767,1495,0.1388
725,768,1493,0.1388
729,772,1501,0.1388
733,760,1493,0.1388
743,765,1508,0.1388
743,766,1509,0.1388
740,780,1520,0.1388
739,777,1516,0.1388
740,770,1510,0.1388
735,779,1514,0.1388
731,777,1508,0.1388
722,777,1499,0.1388
722,782,1504,0.1388
731,782,1513,0.1388
733,782,1515,0.1388
738,774,1512,0.1388
728,782,1510,0.1388
724,788,1512,0.1388
718,796,1514,0.1388
717,789,1506,0.1388
714,789,1503,0.1388
721,793,1514,0.1388
718,797,1515,0.1388
718,805,1523,0.1388
726,790,1516,0.1388
721,795,1516,0.1388
708,799,1507,0.1388
702,794,1496,0.1388
706,805,1511,0.1388
713,797,1510,0.1388
716,802,1518,0.1388
710,801,1511,0.1388
707,805,1512,0.1388
722,803,1525,0.1388
708,804,1512,0.1388
709,806,1515,0.1388
716,798,1514,0.1388
725,800,1525,0.1388
725,791,1516,0.1388
715,790,1505,0.1388
724,799,1523,0.1388
726,786,1512,0.1388
730,792,1522,0.1388
720,787,1507,0.1388
717,796,1513,0.1388
707,796,1503,0.1388
701,783,1484,0.1388
707,783,1490,0.1388
710,795,1505,0.1388
707,803,1510,0.1388
704,806,1510,0.1388
717,811,1528,0.1388
707,797,1504,0.1388
713,803,1516,0.1388
703,806,1509,0.1388
702,805,1507,0.1388
710,798,1508,0.1388
707,806,1513,0.1388
713,805,1518,0.1388
712,802,1514,0.1388
709,802,1511,0.1388
705,806,1511,0.1388
704,794,1498,0.1388
694,813,1507,0.1388
696,812,1508,0.1388
708,797,1505,0.1388
711,798,1509,0.1388
703,809,1512,0.1388
705,811,1516,0.1388
707,813,1520,0.1388
704,807,1511,0.1388
698,810,1508,0.1388
689,815,1504,0.1388
694,810,1504,0.1388
703,811,1514,0.1388
688,823,1511,0.1388
680,822,1502,0.1388
671,823,1494,0.1388
677,826,1503,0.1388
667,828,1495,0.1388
670,833,1503,0.1388
672,828,1500,0.1388
678,831,1509,0.1388
681,835,1516,0.1388
680,835,1515,0.1388
676,835,1511,0.1388
673,843,1516,0.1388
677,852,1529,0.1388
667,849,1516,0.1388
667,849,1516,0.1388
668,853,1521,0.1388
665,854,1519,0.1388
663,849,1512,0.1388
657,847,1504,0.1388
656,837,1493,0.1388
664,830,1494,0.1388
653,834,1487,0.1388
665,829,1494,0.1388
664,845,1509,0.1388
666,842,1508,0.1388
666,847,1513,0.1388
666,843,1509,0.1388
671,837,1508,0.1388
671,839,1510,0.1388
667,848,1515,0.1388
656,845,1501,0.1388
657,842,1499,0.1388
658,837,1495,0.1388
665,842,1507,0.1388
665,843,1508,0.1388
670,840,1510,0.1388
666,833,1499,0.1388
667,846,1513,0.1388
661,839,1500,0.1388
655,835,1490,0.1388
667,839,1506,0.1388
667,845,1512,0.1388
663,848,1511,0.1388
663,846,1509,0.1388
659,844,1503,0.1388
658,845,1503,0.1388
655,852,1507,0.1388
658,858,1516,0.1388
651,868,1519,0.1388
650,873,1523,0.1388
644,861,1505,0.1388
638,863,1501,0.1388
633,854,1487,0.1388
633,870,1503,0.1388
633,881,1514,0.1388
632,876,1508,0.1388
631,869,1500,0.1388
627,879,1506,0.1388
631,883,1514,0.1388
629,882,1511,0.1388
632,892,1524,0.1388
629,898,1527,0.1388
623,888,1511,0.1388
623,889,1512,0.1388
628,891,1519,0.1388
621,893,1514,0.1388
618,900,1518,0.1388
620,901,1521,0.1388
616,899,1515,0.1388
613,902,1515,0.1388
616,893,1509,0.1388
614,897,1511,0.1388
613,898,1511,0.1388
610,895,1505,0.1388
612,887,1499,0.1388
613,894,1507,0.1388
614,898,1512,0.1388
611,892,1503,0.1388
608,906,1514,0.1388
613,905,1518,0.1388
602,903,1505,0.1388
602,894,1496,0.1388
596,886,1482,0.1388
602,898,1500,0.1388
600,910,1510,0.1388
605,899,1504,0.1388
603,897,1500,0.1388
614,900,1514,0.1388
615,890,1505,0.1388
614,886,1500,0.1388
612,894,1506,0.1388
604,895,1499,0.1388
605,900,1505,0.1388
605,913,1518,0.1388
606,913,1519,0.1388
597,916,1513,0.1388
594,904,1498,0.1388
601,913,1514,0.1388
593,907,1500,0.1388
595,912,1507,0.1388
598,911,1509,0.1388
597,904,1501,0.1388
589,908,1497,0.1388
580,911,1491,0.1388
587,923,1510,0.1388
581,916,1497,0.1388
581,918,1499,0.1388
578,931,1509,0.1388
576,930,1506,0.1388
574,922,1496,0.1388
576,927,1503,0.1388
578,919,1497,0.1388
575,918,1493,0.1388
573,925,1498,0.1388
567,937,1504,0.1388
566,941,1507,0.1388
570,934,1504,0.1388
568,937,1505,0.1388
560,937,1497,0.1388
558,936,1494,0.1388
553,949,1502,0.1388
560,962,1522,0.1388
560,962,1522,0.1388
561,979,1540,0.1388
553,979,1532,0.1388
556,974,1530,0.1388
559,969,1528,0.1388
541,967,1508,0.1388
541,972,1513,0.1388
537,979,1516,0.1388
529,977,1506,0.1388
524,988,1512,0.1388
522,997,1519,0.1388
521,1009,1530,0.1388
519,1008,1527,0.1388
514,1014,1528,0.1388
514,1014,1528,0.1388
513,1007,1520,0.1388
512,1004,1516,0.1388
515,999,1514,0.1388
510,1005,1515,0.1388
513,1008,1521,0.1388
509,1012,1521,0.1388
509,1016,1525,0.1388
509,1020,1529,0.1388
509,1019,1528,0.1388
509,1019,1528,0.1388
511,1008,1519,0.1388
503,988,1491,0.1388
505,995,1500,0.1388
498,1006,1504,0.1388
501,1007,1508,0.1388
504,1012,1516,0.1388
498,1018,1516,0.1388
500,1011,1511,0.1388
498,1011,1509,0.1388
497,1007,1504,0.1388
490,1009,1499,0.1388
499,1018,1517,0.1388
502,1014,1516,0.1388
501,1017,1518,0.1388
491,1015,1506,0.1388
481,1021,1502,0.1388
479,1034,1513,0.1388
477,1025,1502,0.1388
486,1021,1507,0.1388
487,1035,1522,0.1388
481,1038,1519,0.1388
475,1043,1518,0.1388
473,1031,1504,0.1388
476,1033,1509,0.1388
482,1033,1515,0.1388
481,1025,1506,0.1388
479,1018,1497,0.1388
478,1036,1514,0.1388
476,1038,1514,0.1388
481,1039,1520,0.1388
472,1041,1513,0.1388
478,1032,1510,0.1388
481,1034,1515,0.1388
487,1033,1520,0.1388
480,1034,1514,0.1388
473,1038,1511,0.1388
477,1035,1512,0.1388
474,1023,1497,0.1388
479,1028,1507,0.1388
475,1041,1516,0.1388
479,1053,1532,0.1388
475,1048,1523,0.1388
478,1054,1532,0.1388
468,1050,1518,0.1388
468,1049,1517,0.1388
473,1050,1523,0.1388
471,1052,1523,0.1388
472,1050,1522,0.1388
471,1049,1520,0.1388
465,1041,1506,0.1388
467,1037,1504,0.1388
474,1035,1509,0.1388
475,1037,1512,0.1388
478,1037,1515,0.1388
468,1039,1507,0.1388
461,1053,1514,0.1388
468,1049,1517,0.1388
461,1041,1502,0.1388
461,1044,1505,0.1388
463,1044,1507,0.1388
465,1061,1526,0.1388
473,1050,1523,0.1388
467,1051,1518,0.1388
463,1049,1512,0.1388
459,1036,1495,0.1388
458,1043,1501,0.1388
461,1051,1512,0.1388
459,1050,1509,0.1388
462,1052,1514,0.1388
464,1044,1508,0.1388
471,1042,1513,0.1388
468,1045,1513,0.1388
467,1050,1517,0.1388
472,1047,1519,0.1388
478,1051,1529,0.1388
476,1056,1532,0.1388
470,1060,1530,0.1388
469,1053,1522,0.1388
465,1060,1525,0.1388
464,1057,1521,0.1388
459,1057,1516,0.1388
460,1053,1513,0.1388
464,1050,1514,0.1388
460,1049,1509,0.1388
461,1054,1515,0.1388
458,1059,1517,0.1388
463,1054,1517,0.1388
470,1054,1524,0.1388
467,1038,1505,0.1388
465,1035,1500,0.1388
460,1039,1499,0.1388
459,1040,1499,0.1388
454,1048,1502,0.1388
461,1056,1517,0.1388
466,1058,1524,0.1388
451,1053,1504,0.1388
449,1065,1514,0.1388
445,1070,1515,0.1388
442,1084,1526,0.1388
449,1073,1522,0.1388
445,1085,1530,0.1388
442,1071,1513,0.1388
446,1075,1521,0.1388
441,1079,1520,0.1388
445,1077,1522,0.1388
446,1081,1527,0.1388
441,1073,1514,0.1388
447,1055,1502,0.1388
448,1059,1507,0.1388
439,1057,1496,0.1388
439,1062,1501,0.1388
443,1077,1520,0.1388
441,1081,1522,0.1388
443,1076,1519,0.1388
443,1077,1520,0.1388
437,1077,1514,0.1388
441,1077,1518,0.1388
439,1076,1515,0.1388
437,1077,1514,0.1388
431,1072,1503,0.1388
434,1073,1507,0.1388
428,1084,1512,0.1388
428,1087,1515,0.1388
429,1088,1517,0.1388
426,1088,1514,0.1388
439,1081,1520,0.1388
437,1079,1516,0.1388
428,1079,1507,0.1388
423,1082,1505,0.1388
420,1087,1507,0.1388
424,1095,1519,0.1388
420,1087,1507,0.1388
417,1093,1510,0.1388
413,1082,1495,0.1388
413,1090,1503,0.1388
415,1093,1508,0.1388
415,1083,1498,0.1388
414,1095,1509,0.1388
404,1101,1505,0.1388
412,1104,1516,0.1388
410,1102,1512,0.1388
409,1099,1508,0.1388
404,1112,1516,0.1388
399,1106,1505,0.1388
402,1105,1507,0.1388
402,1108,1510,0.1388
391,1113,1504,0.1388
392,1117,1509,0.1388
392,1102,1494,0.1388
394,1114,1508,0.1388
389,1113,1502,0.1388
390,1119,1509,0.1388
394,1125,1519,0.1388
396,1125,1521,0.1388
388,1115,1503,0.1388
389,1114,1503,0.1388
393,1111,1504,0.1388
390,1118,1508,0.1388
386,1114,1500,0.1388
384,1117,1501,0.1388
378,1127,1505,0.1388
377,1140,1517,0.1388
379,1135,1514,0.1388
379,1139,1518,0.1388
379,1138,1517,0.1388
378,1137,1515,0.1388
378,1133,1511,0.1388
377,1126,1503,0.1388
374,1128,1502,0.1388
377,1137,1514,0.1388
374,1126,1500,0.1388
377,1127,1504,0.1388
379,1146,1525,0.1388
381,1156,1537,0.1388
377,1148,1525,0.1388
373,1140,1513,0.1388
366,1151,1517,0.1388
359,1149,1508,0.1388
363,1158,1521,0.1388
363,1154,1517,0.1388
358,1150,1508,0.1388
361,1150,1511,0.1388
367,1151,1518,0.1388
366,1146,1512,0.1388
361,1144,1505,0.1388
366,1149,1515,0.1388
357,1148,1505,0.1388
356,1140,1496,0.1388
352,1155,1507,0.1388
350,1163,1513,0.1388
344,1163,1507,0.1388
344,1164,1508,0.1388
342,1167,1509,0.1388
342,1173,1515,0.1388
332,1175,1507,0.1388
326,1180,1506,0.1388
318,1181,1499,0.1388
327,1190,1517,0.1388
325,1188,1513,0.1388
321,1177,1498,0.1388
318,1187,1505,0.1388
323,1196,1519,0.1388
319,1198,1517,0.1388
319,1200,1519,0.1388
321,1187,1508,0.1388
320,1197,1517,0.1388
317,1194,1511,0.1388
316,1189,1505,0.1388
317,1181,1498,0.1388
315,1180,1495,0.1388
316,1190,1506,0.1388
321,1195,1516,0.1388
306,1183,1489,0.1388
308,1187,1495,0.1388
310,1203,1513,0.1388
307,1216,1523,0.1388
301,1206,1507,0.1388
305,1216,1521,0.1388
304,1226,1530,0.1388
301,1220,1521,0.1388
293,1214,1507,0.1388
296,1213,1509,0.1388
285,1200,1485,0.1388
285,1206,1491,0.1388
280,1212,1492,0.1388
289,1212,1501,0.1388
291,1215,1506,0.1388
292,1213,1505,0.1388
291,1211,1502,0.1388
291,1212,1503,0.1388
295,1208,1503,0.1388
294,1218,1512,0.1388
286,1224,1510,0.1388
288,1222,1510,0.1388
283,1220,1503,0.1388
287,1228,1515,0.1388
289,1234,1523,0.1388
294,1235,1529,0.1388
295,1234,1529,0.1388
294,1225,1519,0.1388
288,1239,1527,0.1388
283,1237,1520,0.1388
281,1233,1514,0.1388
286,1231,1517,0.1388
281,1228,1509,0.1388
279,1220,1499,0.1388
277,1222,1499,0.1388
281,1240,1521,0.1388
275,1236,1511,0.1388
269,1248,1517,0.1388
269,1247,1516,0.1388
267,1257,1524,0.1388
269,1245,1514,0.1388
272,1260,1532,0.1388
265,1250,1515,0.1388
269,1237,1506,0.1388
263,1247,1510,0.1388
263,1258,1521,0.1388
255,1263,1518,0.1388
253,1259,1512,0.1388
250,1268,1518,0.1388
249,1269,1518,0.1388
246,1263,1509,0.1388
247,1272,1519,0.1388
247,1270,1517,0.1388
246,1270,1516,0.1388
245,1259,1504,0.1388
246,1256,1502,0.1388
240,1256,1496,0.1388
236,1271,1507,0.1388
234,1277,1511,0.1388
236,1278,1514,0.1388
233,1281,1514,0.1388
227,1284,1511,0.1388
230,1279,1509,0.1388
227,1286,1513,0.1388
233,1276,1509,0.1388
238,1278,1516,0.1388
238,1283,1521,0.1388
235,1287,1522,0.1388
234,1288,1522,0.1388
230,1289,1519,0.1388
226,1289,1515,0.1388
225,1293,1518,0.1388
224,1283,1507,0.1388
223,1302,1525,0.1388
223,1296,1519,0.1388
225,1283,1508,0.1388
219,1301,1520,0.1388
218,1308,1526,0.1388
213,1307,1520,0.1388
214,1303,1517,0.1388
216,1304,1520,0.1388
216,1291,1507,0.1388
220,1285,1505,0.1388
222,1288,1510,0.1388
220,1286,1506,0.1388
225,1286,1511,0.1388
222,1274,1496,0.1388
217,1285,1502,0.1388
215,1289,1504,0.1388
213,1281,1494,0.1388
210,1288,1498,0.1388
213,1294,1507,0.1388
206,1303,1509,0.1388
210,1295,1505,0.1388
205,1300,1505,0.1388
203,1303,1506,0.1388
198,1299,1497,0.1388
204,1299,1503,0.1388
202,1308,1510,0.1388
204,1299,1503,0.1388
203,1308,1511,0.1388
207,1296,1503,0.1388
208,1296,1504,0.1388
209,1299,1508,0.1388
209,1306,1515,0.1388
205,1293,1498,0.1388
208,1297,1505,0.1388
208,1311,1519,0.1388
208,1305,1513,0.1388
205,1321,1526,0.1388
205,1323,1528,0.1388
199,1315,1514,0.1388
196,1309,1505,0.1388
193,1300,1493,0.1388
196,1298,1494,0.1388
203,1316,1519,0.1388
199,1314,1513,0.1388
195,1320,1515,0.1388
194,1312,1506,0.1388
190,1328,1518,0.1388
197,1326,1523,0.1388
196,1336,1532,0.1388
195,1335,1530,0.1388
198,1334,1532,0.1388
194,1327,1521,0.1388
189,1325,1514,0.1388
181,1328,1509,0.1388
182,1329,1511,0.1388
184,1337,1521,0.1388
186,1335,1521,0.1388
187,1335,1522,0.1388
188,1322,1510,0.1388
188,1316,1504,0.1388
189,1327,1516,0.1388
192,1335,1527,0.1388
191,1337,1528,0.1388
193,1335,1528,0.1388
189,1334,1523,0.1388
190,1337,1527,0.1388
188,1323,1511,0.1388
189,1334,1523,0.1388
188,1318,1506,0.1388
185,1338,1523,0.1388
183,1353,1536,0.1388
185,1347,1532,0.1388
183,1344,1527,0.1388
182,1341,1523,0.1388
180,1340,1520,0.1388
184,1339,1523,0.1388
182,1343,1525,0.1388
180,1343,1523,0.1388
178,1339,1517,0.1388
179,1343,1522,0.1388
177,1338,1515,0.1388
174,1341,1515,0.1388
177,1345,1522,0.1388
180,1332,1512,0.1388
179,1335,1514,0.1388
180,1336,1516,0.1388
182,1331,1513,0.1388
184,1331,1515,0.1388
181,1321,1502,0.1388
181,1315,1496,0.1388
177,1318,1495,0.1388
179,1327,1506,0.1388
175,1334,1509,0.1388
174,1337,1511,0.1388
174,1331,1505,0.1388
179,1324,1503,0.1388
177,1327,1504,0.1388
172,1335,1507,0.1388
172,1329,1501,0.1388
179,1319,1498,0.1388
178,1315,1493,0.1388
176,1340,1516,0.1388
179,1332,1511,0.1388
177,1328,1505,0.1388
178,1326,1504,0.1388
175,1328,1503,0.1388
169,1344,1513,0.1388
173,1349,1522,0.1388
170,1350,1520,0.1388
164,1352,1516,0.1388
169,1356,1525,0.1388
172,1355,1527,0.1388
167,1353,1520,0.1388
161,1349,1510,0.1388
156,1345,1501,0.1388
154,1349,1503,0.1388
152,1355,1507,0.1388
155,1352,1507,0.1388
162,1348,1510,0.1388
157,1353,1510,0.1388
156,1349,1505,0.1388
158,1361,1519,0.1388
157,1356,1513,0.1388
157,1354,1511,0.1388
156,1359,1515,0.1388
149,1357,1506,0.1388
146,1362,1508,0.1388
146,1362,1508,0.1388
142,1379,1521,0.1388
141,1378,1519,0.1388
140,1376,1516,0.1388
142,1378,1520,0.1388
143,1380,1523,0.1388
142,1368,1510,0.1388
143,1377,1520,0.1388
141,1378,1519,0.1388
144,1386,1530,0.1388
146,1390,1536,0.1388
142,1386,1528,0.1388
137,1389,1526,0.1388
135,1401,1536,0.1388
134,1398,1532,0.1388
135,1392,1527,0.1388
139,1383,1522,0.1388
137,1391,1528,0.1388
134,1390,1524,0.1388
135,1392,1527,0.1388
137,1387,1524,0.1388
133,1390,1523,0.1388
134,1385,1519,0.1388
129,1394,1523,0.1388
131,1399,1530,0.1388
136,1385,1521,0.1388
136,1382,1518,0.1388
134,1388,1522,0.1388
132,1381,1513,0.1388
135,1389,1524,0.1388
132,1380,1512,0.1388
133,1388,1521,0.1388
129,1385,1514,0.1388
129,1387,1516,0.1388
124,1396,1520,0.1388
123,1388,1511,0.1388
126,1393,1519,0.1388
125,1391,1516,0.1388
125,1386,1511,0.1388
124,1386,1510,0.1388
122,1386,1508,0.1388
122,1388,1510,0.1388
119,1395,1514,0.1388
124,1390,1514,0.1388
118,1371,1489,0.1388
119,1371,1490,0.1388
116,1370,1486,0.1388
112,1377,1489,0.1388
116,1391,1507,0.1388
116,1378,1494,0.1388
113,1386,1499,0.1388
111,1386,1497,0.1388
113,1411,1524,0.1388
112,1419,1531,0.1388
112,1416,1528,0.1388
113,1414,1527,0.1388
111,1404,1515,0.1388
110,1405,1515,0.1388
110,1411,1521,0.1388
109,1411,1520,0.1388
108,1415,1523,0.1388
111,1422,1533,0.1388
111,1409,1520,0.1388
107,1410,1517,0.1388
104,1409,1513,0.1388
103,1397,1500,0.1388
106,1404,1510,0.1388
106,1416,1522,0.1388
106,1401,1507,0.1388
103,1410,1513,0.1388
101,1409,1510,0.1388
100,1414,1514,0.1388
99,1411,1510,0.1388
95,1416,1511,0.1388
97,1411,1508,0.1388
98,1414,1512,0.1388
97,1413,1510,0.1388
97,1428,1525,0.1388
95,1424,1519,0.1388
96,1420,1516,0.1388
97,1427,1524,0.1388
95,1425,1520,0.1388
94,1419,1513,0.1388
94,1414,1508,0.1388
94,1420,1514,0.1388
92,1409,1501,0.1388
89,1406,1495,0.1388
93,1419,1512,0.1388
94,1413,1507,0.1388
96,1405,1501,0.1388
98,1400,1498,0.1388
98,1407,1505,0.1388
94,1400,1494,0.1388
95,1406,1501,0.1388
98,1420,1518,0.1388
99,1418,1517,0.1388
100,1403,1503,0.1388
100,1416,1516,0.1388
99,1412,1511,0.1388
101,1418,1519,0.1388
103,1415,1518,0.1388
104,1421,1525,0.1388
103,1416,1519,0.1388
105,1404,1509,0.1388
105,1410,1515,0.1388
100,1401,1501,0.1388
102,1409,1511,0.1388
102,1405,1507,0.1388
100,1407,1507,0.1388
101,1420,1521,0.1388
99,1425,1524,0.1388
96,1425,1521,0.1388
96,1422,1518,0.1388
98,1425,1523,0.1388
98,1428,1526,0.1388
100,1428,1528,0.1388
99,1423,1522,0.1388
102,1409,1511,0.1388
101,1415,1516,0.1388
107,1414,1521,0.1388
108,1414,1522,0.1388
109,1416,1525,0.1388
109,1421,1530,0.1388
105,1411,1516,0.1388
106,1405,1511,0.1388
100,1407,1507,0.1388
102,1401,1503,0.1388
103,1402,1505,0.1388
102,1421,1523,0.1388
97,1432,1529,0.1388
98,1429,1527,0.1388
93,1440,1533,0.1388
91,1433,1524,0.1388
89,1436,1525,0.1388
88,1438,1526,0.1388
85,1427,1512,0.1388
84,1437,1521,0.1388
85,1435,1520,0.1388
85,1438,1523,0.1388
84,1433,1517,0.1388
81,1443,1524,0.1388
82,1434,1516,0.1388
80,1434,1514,0.1388
78,1437,1515,0.1388
76,1445,1521,0.1388
75,1448,1523,0.1388
71,1442,1513,0.1388
76,1433,1509,0.1388
73,1443,1516,0.1388
73,1441,1514,0.1388
74,1436,1510,0.1388
74,1442,1516,0.1388
75,1445,1520,0.1388
72,1453,1525,0.1388
72,1449,1521,0.1388
72,1446,1518,0.1388
72,1440,1512,0.1388
72,1438,1510,0.1388
73,1422,1495,0.1388
74,1440,1514,0.1388
70,1451,1521,0.1388
73,1455,1528,0.1388
74,1451,1525,0.1388
74,1448,1522,0.1388
74,1457,1531,0.1388
77,1462,1539,0.1388
80,1453,1533,0.1388
79,1433,1512,0.1388
76,1439,1515,0.1388
79,1448,1527,0.1388
79,1441,1520,0.1388
80,1442,1522,0.1388
82,1432,1514,0.1388
80,1433,1513,0.1388
79,1443,1522,0.1388
81,1446,1527,0.1388
80,1438,1518,0.1388
79,1446,1525,0.1388
76,1448,1524,0.1388
73,1452,1525,0.1388
76,1447,1523,0.1388
77,1441,1518,0.1388
77,1443,1520,0.1388
76,1444,1520,0.1388
77,1435,1512,0.1388
78,1443,1521,0.1388
75,1445,1520,0.1388
74,1437,1511,0.1388
74,1440,1514,0.1388
76,1435,1511,0.1388
75,1432,1507,0.1388
76,1438,1514,0.1388
75,1448,1523,0.1388
78,1447,1525,0.1388
76,1445,1521,0.1388
76,1434,1510,0.1388
78,1440,1518,0.1388
77,1439,1516,0.1388
74,1445,1519,0.1388
74,1446,1520,0.1388
74,1443,1517,0.1388
70,1462,1532,0.1388
69,1447,1516,0.1388
69,1457,1526,0.1388
68,1460,1528,0.1388
64,1456,1520,0.1388
65,1444,1509,0.1388
64,1447,1511,0.1388
66,1445,1511,0.1388
66,1450,1516,0.1388
66,1447,1513,0.1388
70,1450,1520,0.1388
69,1456,1525,0.1388
70,1455,1525,0.1388
69,1458,1527,0.1388
66,1458,1524,0.1388
65,1446,1511,0.1388
63,1442,1505,0.1388
65,1441,1506,0.1388
62,1449,1511,0.1388
59,1457,1516,0.1388
58,1452,1510,0.1388
56,1455,1511,0.1388
56,1441,1497,0.1388
54,1448,1502,0.1388
57,1459,1516,0.1388
56,1453,1509,0.1388
58,1442,1500,0.1388
57,1436,1493,0.1388
58,1457,1515,0.1388
56,1473,1529,0.1388
57,1460,1517,0.1388
54,1462,1516,0.1388
55,1464,1519,0.1388
55,1466,1521,0.1388
54,1461,1515,0.1388
51,1447,1498,0.1388
54,1450,1504,0.1388
54,1466,1520,0.1388
59,1451,1510,0.1388
58,1455,1513,0.1388
57,1468,1525,0.1388
56,1466,1522,0.1388
55,1476,1531,0.1388
53,1487,1540,0.1388
54,1468,1522,0.1388
51,1460,1511,0.1388
51,1456,1507,0.1388
49,1466,1515,0.1388
48,1481,1529,0.1388
49,1471,1520,0.1388
47,1474,1521,0.1388
47,1480,1527,0.1388
45,1483,1528,0.1388
45,1479,1524,0.1388
43,1485,1528,0.1388
42,1478,1520,0.1388
42,1481,1523,0.1388
41,1479,1520,0.1388
39,1469,1508,0.1388
39,1467,1506,0.1388
39,1473,1512,0.1388
38,1472,1510,0.1388
40,1479,1519,0.1388
39,1470,1509,0.1388
39,1485,1524,0.1388
38,1482,1520,0.1388
39,1484,1523,0.1388
40,1482,1522,0.1388
38,1477,1515,0.1388
39,1469,1508,0.1388
39,1478,1517,0.1388
40,1478,1518,0.1388
41,1472,1513,0.1388
41,1464,1505,0.1388
43,1462,1505,0.1388
42,1457,1499,0.1388
41,1461,1502,0.1388
40,1476,1516,0.1388
39,1474,1513,0.1388
35,1479,1514,0.1388
35,1497,1532,0.1388
35,1495,1530,0.1388
35,1496,1531,0.1388
34,1496,1530,0.1388
35,1480,1515,0.1388
34,1472,1506,0.1388
34,1477,1511,0.1388
35,1481,1516,0.1388
36,1487,1523,0.1388
37,1474,1511,0.1388
37,1475,1512,0.1388
37,1492,1529,0.1388
36,1481,1517,0.1388
36,1488,1524,0.1388
34,1483,1517,0.1388
34,1462,1496,0.1388
36,1472,1508,0.1388
35,1480,1515,0.1388
35,1489,1524,0.1388
35,1477,1512,0.1388
35,1481,1516,0.1388
34,1477,1511,0.1388
34,1480,1514,0.1388
33,1479,1512,0.1388
33,1477,1510,0.1388
33,1479,1512,0.1388
33,1485,1518,0.1388
34,1489,1523,0.1388
35,1484,1519,0.1388
34,1480,1514,0.1388
34,1475,1509,0.1388
32,1483,1515,0.1388
31,1487,1518,0.1388
28,1502,1530,0.1388
27,1487,1514,0.1388
26,1487,1513,0.1388
28,1489,1517,0.1388
29,1497,1526,0.1388
27,1495,1522,0.1388
29,1509,1538,0.1388
28,1520,1548,0.1388
27,1507,1534,0.1388
29,1509,1538,0.1388
29,1498,1527,0.1388
29,1489,1518,0.1388
28,1487,1515,0.1388
29,1477,1506,0.1388
29,1478,1507,0.1388
29,1475,1504,0.1388
27,1466,1493,0.1388
25,1483,1508,0.1388
24,1483,1507,0.1388
22,1495,1517,0.1388
23,1489,1512,0.1388
24,1487,1511,0.1388
23,1486,1509,0.1388
23,1484,1507,0.1388
25,1469,1494,0.1388
25,1486,1511,0.1388
24,1483,1507,0.1388
23,1497,1520,0.1388
22,1486,1508,0.1388
22,1482,1504,0.1388
22,1486,1508,0.1388
21,1495,1516,0.1388
21,1491,1512,0.1388
21,1500,1521,0.1388
22,1497,1519,0.1388
22,1492,1514,0.1388
23,1499,1522,0.1388
23,1507,1530,0.1388
21,1501,1522,0.1388
21,1498,1519,0.1388
22,1492,1514,0.1388
21,1497,1518,0.1388
22,1499,1521,0.1388
22,1494,1516,0.1388
20,1489,1509,0.1388
21,1491,1512,0.1388
21,1510,1531,0.1388
21,1516,1537,0.1388
21,1511,1532,0.1388
20,1507,1527,0.1388
20,1499,1519,0.1388
20,1503,1523,0.1388
21,1512,1533,0.1388
21,1494,1515,0.1388
21,1489,1510,0.1388
22,1488,1510,0.1388
22,1491,1513,0.1388
23,1490,1513,0.1388
23,1483,1506,0.1388
24,1499,1523,0.1388
24,1496,1520,0.1388
25,1491,1516,0.1388
27,1490,1517,0.1388
27,1487,1514,0.1388
25,1488,1513,0.1388
25,1494,1519,0.1388
24,1501,1525,0.1388
21,1496,1517,0.1388
22,1492,1514,0.1388
21,1492,1513,0.1388
21,1499,1520,0.1388
21,1509,1530,0.1388
21,1508,1529,0.1388
20,1503,1523,0.1388
21,1501,1522,0.1388
20,1497,1517,0.1388
22,1498,1520,0.1388
23,1493,1516,0.1388
24,1482,1506,0.1388
26,1490,1516,0.1388
26,1499,1525,0.1388
27,1485,1512,0.1388
27,1493,1520,0.1388
27,1495,1522,0.1388
27,1493,1520,0.1388
27,1490,1517,0.1388
29,1493,1522,0.1388
30,1487,1517,0.1388
28,1488,1516,0.1388
27,1490,1517,0.1388
26,1475,1501,0.1388
25,1490,1515,0.1388
29,1484,1513,0.1388
28,1500,1528,0.1388
28,1504,1532,0.1388
26,1498,1524,0.1388
26,1499,1525,0.1388
26,1500,1526,0.1388
25,1496,1521,0.1388
25,1482,1507,0.1388
24,1492,1516,0.1388
25,1484,1509,0.1388
25,1491,1516,0.1388
24,1506,1530,0.1388
23,1506,1529,0.1388
23,1494,1517,0.1388
23,1470,1493,0.1388
24,1498,1522,0.1388
22,1494,1516,0.1388
21,1489,1510,0.1388
21,1492,1513,0.1388
20,1494,1514,0.1388
20,1496,1516,0.1388
20,1501,1521,0.1388
19,1492,1511,0.1388
18,1489,1507,0.1388
17,1486,1503,0.1388
17,1496,1513,0.1388
18,1498,1516,0.1388
18,1490,1508,0.1388
18,1490,1508,0.1388
18,1488,1506,0.1388
17,1482,1499,0.1388
17,1490,1507,0.1388
17,1510,1527,0.1388
18,1507,1525,0.1388
19,1502,1521,0.1388
18,1496,1514,0.1388
19,1501,1520,0.1388
19,1501,1520,0.1388
19,1488,1507,0.1388
18,1493,1511,0.1388
18,1488,1506,0.1388
19,1477,1496,0.1388
21,1482,1503,0.1388
22,1486,1508,0.1388
21,1478,1499,0.1388
20,1476,1496,0.1388
20,1485,1505,0.1388
20,1498,1518,0.1388
19,1514,1533,0.1388
17,1513,1530,0.1388
18,1507,1525,0.1388
18,1494,1512,0.1388
18,1501,1519,0.1388
17,1498,1515,0.1388
16,1511,1527,0.1388
15,1501,1516,0.1388
15,1508,1523,0.1388
14,1508,1522,0.1388
13,1509,1522,0.1388
14,1501,1515,0.1388
13,1497,1510,0.1388
12,1494,1506,0.1388
13,1491,1504,0.1388
13,1503,1516,0.1388
13,1498,1511,0.1388
14,1505,1519,0.1388
14,1511,1525,0.1388
14,1508,1522,0.1388
13,1507,1520,0.1388
13,1490,1503,0.1388
13,1491,1504,0.1388
12,1503,1515,0.1388
12,1503,1515,0.1388
11,1505,1516,0.1388
12,1500,1512,0.1388
12,1499,1511,0.1388
12,1498,1510,0.1388
11,1498,1509,0.1388
10,1517,1527,0.1388
10,1524,1534,0.1388
10,1513,1523,0.1388
9,1511,1520,0.1388
10,1514,1524,0.1388
10,1496,1506,0.1388
11,1499,1510,0.1388
11,1500,1511,0.1388
10,1498,1508,0.1388
10,1492,1502,0.1388
9,1498,1507,0.1388
8,1511,1519,0.1388
9,1515,1524,0.1388
8,1513,1521,0.1388
8,1509,1517,0.1388
8,1521,1529,0.1388
7,1502,1509,0.1388
6,1507,1513,0.1388
6,1490,1496,0.1388
7,1506,1513,0.1388
7,1509,1516,0.1388
7,1493,1500,0.1388
6,1501,1507,0.1388
5,1506,1511,0.1388
5,1511,1516,0.1388
6,1518,1524,0.1388
6,1518,1524,0.1388
6,1525,1531,0.1388
6,1517,1523,0.1388
6,1522,1528,0.1388
6,1507,1513,0.1388
5,1510,1515,0.1388
4,1510,1514,0.1388
4,1507,1511,0.1388
5,1516,1521,0.1388
5,1522,1527,0.1388
4,1520,1524,0.1388
4,1524,1528,0.1388
4,1530,1534,0.1388
4,1514,1518,0.1388
4,1517,1521,0.1388
3,1516,1519,0.1388
3,1519,1522,0.1388
3,1520,1523,0.1388
3,1530,1533,0.1388
4,1535,1539,0.1388
5,1527,1532,0.1388
5,1516,1521,0.1388
5,1518,1523,0.1388
5,1516,1521,0.1388
5,1512,1517,0.1388
5,1502,1507,0.1388
5,1520,1525,0.1388
5,1511,1516,0.1388
5,1514,1519,0.1388
5,1526,1531,0.1388
6,1507,1513,0.1388
6,1514,1520,0.1388
6,1511,1517,0.1388
6,1519,1525,0.1388
5,1512,1517,0.1388
5,1510,1515,0.1388
5,1511,1516,0.1388
4,1513,1517,0.1388
4,1521,1525,0.1388
4,1516,1520,0.1388
4,1522,1526,0.1388
4,1521,1525,0.1388
4,1521,1525,0.1388
4,1524,1528,0.1388
4,1510,1514,0.1388
3,1509,1512,0.1388
3,1490,1493,0.1388
2,1514,1516,0.1388
2,1526,1528,0.1388
2,1522,1524,0.1388
2,1511,1513,0.1388
2,1508,1510,0.1388
2,1515,1517,0.1388
2,1507,1509,0.1388
2,1514,1516,0.1388
2,1511,1513,0.1388
2,1513,1515,0.1388
1,1505,1506,0.1388
1,1512,1513,0.1388
1,1508,1509,0.1388
1,1509,1510,0.1388
1,1510,1511,0.1388
1,1503,1504,0.1388
1,1499,1500,0.1388
1,1511,1512,0.1388
1,1514,1515,0.1388
1,1514,1515,0.1388
1,1520,1521,0.1388
1,1503,1504,0.1388
1,1513,1514,0.1388
1,1503,1504,0.1388
1,1512,1513,0.1388
1,1510,1511,0.1388
1,1520,1521,0.1388
1,1515,1516,0.1388
1,1519,1520,0.1388
1,1512,1513,0.1388
1,1517,1518,0.1388
1,1522,1523,0.1388
1,1529,1530,0.1388
1,1527,1528,0.1388
1,1519,1520,0.1388
1,1508,1509,0.1388
1,1503,1504,0.1388
1,1509,1510,0.1388
1,1500,1501,0.1388
1,1511,1512,0.1388
1,1506,1507,0.1388
1,1524,1525,0.1388
1,1520,1521,0.1388
1,1501,1502,0.1388
0,1517,1517,0.1388
