1363,28,1391,0.1388
1399,30,1429,0.1388
1423,32,1455,0.1388
1426,32,1458,0.1388
1459,33,1492,0.1388
1445,36,1481,0.1388
1455,34,1489,0.1388
1459,34,1493,0.1388
1462,34,1496,0.1388
1450,34,1484,0.1388
1464,39,1503,0.1388
1455,40,1495,0.1388
1447,41,1488,0.1388
1447,40,1487,0.1388
1439,42,1481,0.1388
1444,44,1488,0.1388
1452,45,1497,0.1388
1448,46,1494,0.1388
1437,46,1483,0.1388
1433,48,1481,0.1388
1444,51,1495,0.1388
1449,54,1503,0.1388
1458,54,1512,0.1388
1449,55,1504,0.1388
1440,55,1495,0.1388
1437,57,1494,0.1388
1428,58,1486,0.1388
1420,62,1482,0.1388
1423,61,1484,0.1388
1417,60,1477,0.1388
1433,60,1493,0.1388
1426,61,1487,0.1388
1433,64,1497,0.1388
1439,63,1502,0.1388
1432,61,1493,0.1388
1433,60,1493,0.1388
1438,57,1495,0.1388
1437,56,1493,0.1388
1443,56,1499,0.1388
1439,57,1496,0.1388
1428,55,1483,0.1388
1448,57,1505,0.1388
1449,60,1509,0.1388
1443,60,1503,0.1388
1432,60,1492,0.1388
1442,58,1500,0.1388
1432,59,1491,0.1388
1432,57,1489,0.1388
1444,58,1502,0.1388
1437,59,1496,0.1388
1457,54,1511,0.1388
1448,52,1500,0.1388
1442,55,1497,0.1388
1443,55,1498,0.1388
1442,58,1500,0.1388
1442,59,1501,0.1388
1436,61,1497,0.1388
1444,58,1502,0.1388
1452,60,1512,0.1388
1460,59,1519,0.1388
1438,61,1499,0.1388
1437,62,1499,0.1388
1436,66,1502,0.1388
1437,66,1503,0.1388
1429,63,1492,0.1388
1429,65,1494,0.1388
1423,66,1489,0.1388
1422,68,1490,0.1388
1430,70,1500,0.1388
1428,70,1498,0.1388
1422,67,1489,0.1388
1415,69,1484,0.1388
1418,70,1488,0.1388
1416,71,1487,0.1388
1415,70,1485,0.1388
1420,67,1487,0.1388
1427,71,1498,0.1388
1426,72,1498,0.1388
1425,76,1501,0.1388
1419,76,1495,0.1388
1421,77,1498,0.1388
1417,78,1495,0.1388
1424,77,1501,0.1388
1423,79,1502,0.1388
1422,82,1504,0.1388
1428,86,1514,0.1388
1429,89,1518,0.1388
1417,89,1506,0.1388
1414,91,1505,0.1388
1409,92,1501,0.1388
1405,91,1496,0.1388
1395,91,1486,0.1388
1390,93,1483,0.1388
1411,95,1506,0.1388
1416,96,1512,0.1388
1408,94,1502,0.1388
1406,94,1500,0.1388
1404,95,1499,0.1388
1413,99,1512,0.1388
1416,99,1515,0.1388
1410,100,1510,0.1388
1406,103,1509,0.1388
1395,105,1500,0.1388
1385,109,1494,0.1388
1384,111,1495,0.1388
1390,109,1499,0.1388
1397,108,1505,0.1388
1398,110,1508,0.1388
1389,111,1500,0.1388
1391,114,1505,0.1388
1388,114,1502,0.1388
1387,114,1501,0.1388
1394,113,1507,0.1388
1396,116,1512,0.1388
1378,117,1495,0.1388
1383,117,1500,0.1388
1384,115,1499,0.1388
1387,115,1502,0.1388
1383,118,1501,0.1388
1379,114,1493,0.1388
1372,117,1489,0.1388
1370,117,1487,0.1388
1370,118,1488,0.1388
1375,117,1492,0.1388
1365,117,1482,0.1388
1371,117,1488,0.1388
1374,118,1492,0.1388
1381,118,1499,0.1388
1376,120,1496,0.1388
1376,117,1493,0.1388
1377,120,1497,0.1388
1381,119,1500,0.1388
1382,117,1499,0.1388
1381,116,1497,0.1388
1373,116,1489,0.1388
1367,115,1482,0.1388
1389,113,1502,0.1388
1389,111,1500,0.1388
1397,115,1512,0.1388
1385,116,1501,0.1388
1383,115,1498,0.1388
1388,117,1505,0.1388
1394,110,1504,0.1388
1401,116,1517,0.1388
1400,120,1520,0.1388
1393,118,1511,0.1388
1393,117,1510,0.1388
1388,117,1505,0.1388
1369,115,1484,0.1388
1380,114,1494,0.1388
1371,111,1482,0.1388
1364,114,1478,0.1388
1358,111,1469,0.1388
1367,115,1482,0.1388
1377,111,1488,0.1388
1376,111,1487,0.1388
1383,110,1493,0.1388
1378,111,1489,0.1388
1385,113,1498,0.1388
1383,118,1501,0.1388
1372,117,1489,0.1388
1382,117,1499,0.1388
1385,117,1502,0.1388
1389,119,1508,0.1388
1392,118,1510,0.1388
1395,119,1514,0.1388
1387,119,1506,0.1388
1379,117,1496,0.1388
1378,117,1495,0.1388
1386,113,1499,0.1388
1382,111,1493,0.1388
1388,113,1501,0.1388
1379,110,1489,0.1388
1388,114,1502,0.1388
1391,111,1502,0.1388
1388,110,1498,0.1388
1400,109,1509,0.1388
1382,109,1491,0.1388
1390,109,1499,0.1388
1388,110,1498,0.1388
1383,109,1492,0.1388
1384,113,1497,0.1388
1391,114,1505,0.1388
1378,114,1492,0.1388
1380,114,1494,0.1388
1379,116,1495,0.1388
1378,114,1492,0.1388
1376,118,1494,0.1388
1372,119,1491,0.1388
1370,124,1494,0.1388
1368,128,1496,0.1388
1378,129,1507,0.1388
1364,133,1497,0.1388
1370,132,1502,0.1388
1375,138,1513,0.1388
1371,139,1510,0.1388
1363,139,1502,0.1388
1346,141,1487,0.1388
1356,137,1493,0.1388
1358,138,1496,0.1388
1360,139,1499,0.1388
1348,141,1489,0.1388
1346,138,1484,0.1388
1345,143,1488,0.1388
1349,140,1489,0.1388
1357,137,1494,0.1388
1352,141,1493,0.1388
1339,139,1478,0.1388
1340,140,1480,0.1388
1347,140,1487,0.1388
1358,136,1494,0.1388
1359,139,1498,0.1388
1357,138,1495,0.1388
1360,139,1499,0.1388
1353,141,1494,0.1388
1346,143,1489,0.1388
1337,141,1478,0.1388
1344,143,1487,0.1388
1347,142,1489,0.1388
1340,143,1483,0.1388
1332,144,1476,0.1388
1336,141,1477,0.1388
1344,144,1488,0.1388
1346,141,1487,0.1388
1339,146,1485,0.1388
1346,142,1488,0.1388
1342,139,1481,0.1388
1341,137,1478,0.1388
1346,141,1487,0.1388
1339,137,1476,0.1388
1340,140,1480,0.1388
1342,142,1484,0.1388
1346,142,1488,0.1388
1350,144,1494,0.1388
1347,143,1490,0.1388
1345,148,1493,0.1388
1349,145,1494,0.1388
1343,146,1489,0.1388
1342,142,1484,0.1388
1342,143,1485,0.1388
1329,144,1473,0.1388
1342,145,1487,0.1388
1337,151,1488,0.1388
1346,153,1499,0.1388
1339,156,1495,0.1388
1340,155,1495,0.1388
1339,159,1498,0.1388
1341,159,1500,0.1388
1343,159,1502,0.1388
1349,160,1509,0.1388
1340,161,1501,0.1388
1336,164,1500,0.1388
1337,162,1499,0.1388
1343,161,1504,0.1388
1343,158,1501,0.1388
1337,161,1498,0.1388
1329,162,1491,0.1388
1328,161,1489,0.1388
1333,166,1499,0.1388
1334,165,1499,0.1388
1332,166,1498,0.1388
1330,167,1497,0.1388
1325,164,1489,0.1388
1323,164,1487,0.1388
1338,167,1505,0.1388
1329,165,1494,0.1388
1337,165,1502,0.1388
1329,164,1493,0.1388
1333,164,1497,0.1388
1321,165,1486,0.1388
1327,165,1492,0.1388
1323,165,1488,0.1388
1322,164,1486,0.1388
1335,166,1501,0.1388
1331,168,1499,0.1388
1320,166,1486,0.1388
1326,166,1492,0.1388
1331,159,1490,0.1388
1336,162,1498,0.1388
1328,160,1488,0.1388
1335,158,1493,0.1388
1334,164,1498,0.1388
1337,170,1507,0.1388
1338,168,1506,0.1388
1329,170,1499,0.1388
1340,167,1507,0.1388
1339,166,1505,0.1388
1333,168,1501,0.1388
1336,172,1508,0.1388
1323,169,1492,0.1388
1320,169,1489,0.1388
1325,173,1498,0.1388
1330,170,1500,0.1388
1340,168,1508,0.1388
1336,171,1507,0.1388
1327,174,1501,0.1388
1318,171,1489,0.1388
1321,168,1489,0.1388
1328,172,1500,0.1388
1325,173,1498,0.1388
1325,172,1497,0.1388
1322,175,1497,0.1388
1332,178,1510,0.1388
1332,178,1510,0.1388
1328,170,1498,0.1388
1315,170,1485,0.1388
1306,174,1480,0.1388
1308,182,1490,0.1388
1308,188,1496,0.1388
1293,191,1484,0.1388
1295,194,1489,0.1388
1310,191,1501,0.1388
1301,190,1491,0.1388
1301,192,1493,0.1388
1299,192,1491,0.1388
1300,190,1490,0.1388
1303,188,1491,0.1388
1310,183,1493,0.1388
1305,183,1488,0.1388
1310,183,1493,0.1388
1309,188,1497,0.1388
1318,186,1504,0.1388
1299,189,1488,0.1388
1299,188,1487,0.1388
1296,190,1486,0.1388
1302,190,1492,0.1388
1302,186,1488,0.1388
1299,194,1493,0.1388
1286,191,1477,0.1388
1297,188,1485,0.1388
1306,190,1496,0.1388
1301,189,1490,0.1388
1302,192,1494,0.1388
1303,194,1497,0.1388
1313,190,1503,0.1388
1308,194,1502,0.1388
1305,198,1503,0.1388
1289,197,1486,0.1388
1288,196,1484,0.1388
1283,197,1480,0.1388
1288,197,1485,0.1388
1274,196,1470,0.1388
1274,196,1470,0.1388
1271,198,1469,0.1388
1280,199,1479,0.1388
1294,206,1500,0.1388
1277,211,1488,0.1388
1279,216,1495,0.1388
1286,216,1502,0.1388
1294,217,1511,0.1388
1289,212,1501,0.1388
1283,214,1497,0.1388
1278,215,1493,0.1388
1286,217,1503,0.1388
1279,215,1494,0.1388
1291,217,1508,0.1388
1277,217,1494,0.1388
1270,218,1488,0.1388
1274,215,1489,0.1388
1273,215,1488,0.1388
1265,217,1482,0.1388
1269,223,1492,0.1388
1275,222,1497,0.1388
1268,223,1491,0.1388
1276,225,1501,0.1388
1266,226,1492,0.1388
1262,222,1484,0.1388
1268,223,1491,0.1388
1261,229,1490,0.1388
1271,228,1499,0.1388
1268,223,1491,0.1388
1277,216,1493,0.1388
1287,221,1508,0.1388
1271,223,1494,0.1388
1267,222,1489,0.1388
1270,225,1495,0.1388
1278,226,1504,0.1388
1272,227,1499,0.1388
1263,230,1493,0.1388
1274,228,1502,0.1388
1280,231,1511,0.1388
1286,227,1513,0.1388
1290,225,1515,0.1388
1293,226,1519,0.1388
1285,228,1513,0.1388
1287,223,1510,0.1388
1287,223,1510,0.1388
1282,220,1502,0.1388
1278,225,1503,0.1388
1274,229,1503,0.1388
1264,228,1492,0.1388
1264,234,1498,0.1388
1266,244,1510,0.1388
1258,244,1502,0.1388
1274,241,1515,0.1388
1264,247,1511,0.1388
1255,247,1502,0.1388
1247,248,1495,0.1388
1252,248,1500,0.1388
1242,251,1493,0.1388
1247,252,1499,0.1388
1248,254,1502,0.1388
1253,256,1509,0.1388
1247,254,1501,0.1388
1249,253,1502,0.1388
1247,255,1502,0.1388
1259,250,1509,0.1388
1257,252,1509,0.1388
1248,250,1498,0.1388
1239,252,1491,0.1388
1240,254,1494,0.1388
1239,255,1494,0.1388
1221,254,1475,0.1388
1226,256,1482,0.1388
1229,257,1486,0.1388
1226,255,1481,0.1388
1230,258,1488,0.1388
1241,258,1499,0.1388
1242,259,1501,0.1388
1252,256,1508,0.1388
1239,255,1494,0.1388
1231,253,1484,0.1388
1234,253,1487,0.1388
1236,249,1485,0.1388
1242,245,1487,0.1388
1248,239,1487,0.1388
1260,240,1500,0.1388
1257,241,1498,0.1388
1260,240,1500,0.1388
1258,233,1491,0.1388
1256,237,1493,0.1388
1265,234,1499,0.1388
1262,227,1489,0.1388
1257,228,1485,0.1388
1251,237,1488,0.1388
1255,238,1493,0.1388
1245,236,1481,0.1388
1248,233,1481,0.1388
1265,237,1502,0.1388
1267,236,1503,0.1388
1276,232,1508,0.1388
1286,230,1516,0.1388
1273,229,1502,0.1388
1266,225,1491,0.1388
1262,226,1488,0.1388
1268,227,1495,0.1388
1269,229,1498,0.1388
1268,229,1497,0.1388
1263,232,1495,0.1388
1276,228,1504,0.1388
1273,232,1505,0.1388
1273,235,1508,0.1388
1270,233,1503,0.1388
1264,235,1499,0.1388
1254,238,1492,0.1388
1237,239,1476,0.1388
1250,238,1488,0.1388
1251,236,1487,0.1388
1260,230,1490,0.1388
1261,230,1491,0.1388
1256,236,1492,0.1388
1269,239,1508,0.1388
1271,237,1508,0.1388
1274,238,1512,0.1388
1259,238,1497,0.1388
1264,244,1508,0.1388
1257,240,1497,0.1388
1261,241,1502,0.1388
1258,239,1497,0.1388
1252,243,1495,0.1388
1259,240,1499,0.1388
1245,241,1486,0.1388
1257,242,1499,0.1388
1258,241,1499,0.1388
1249,242,1491,0.1388
1243,241,1484,0.1388
1246,237,1483,0.1388
1254,235,1489,0.1388
1251,234,1485,0.1388
1249,235,1484,0.1388
1263,240,1503,0.1388
1260,244,1504,0.1388
1273,242,1515,0.1388
1278,240,1518,0.1388
1273,239,1512,0.1388
1269,236,1505,0.1388
1260,234,1494,0.1388
1246,232,1478,0.1388
1252,236,1488,0.1388
1251,232,1483,0.1388
1247,229,1476,0.1388
1244,233,1477,0.1388
1246,239,1485,0.1388
1254,242,1496,0.1388
1261,236,1497,0.1388
1248,241,1489,0.1388
1255,241,1496,0.1388
1259,241,1500,0.1388
1257,238,1495,0.1388
1253,237,1490,0.1388
1242,241,1483,0.1388
1249,244,1493,0.1388
1246,247,1493,0.1388
1245,247,1492,0.1388
1245,252,1497,0.1388
1238,252,1490,0.1388
1236,250,1486,0.1388
1242,243,1485,0.1388
1251,245,1496,0.1388
1249,242,1491,0.1388
1248,245,1493,0.1388
1254,250,1504,0.1388
1265,245,1510,0.1388
1278,245,1523,0.1388
1277,239,1516,0.1388
1271,239,1510,0.1388
1272,237,1509,0.1388
1277,233,1510,0.1388
1264,238,1502,0.1388
1264,241,1505,0.1388
1263,235,1498,0.1388
1264,232,1496,0.1388
1256,234,1490,0.1388
1273,236,1509,0.1388
1268,239,1507,0.1388
1261,235,1496,0.1388
1264,241,1505,0.1388
1258,240,1498,0.1388
1258,241,1499,0.1388
1266,241,1507,0.1388
1256,236,1492,0.1388
1257,244,1501,0.1388
1263,243,1506,0.1388
1256,251,1507,0.1388
1249,260,1509,0.1388
1248,261,1509,0.1388
1243,259,1502,0.1388
1248,260,1508,0.1388
1239,262,1501,0.1388
1237,252,1489,0.1388
1242,249,1491,0.1388
1227,254,1481,0.1388
1220,258,1478,0.1388
1229,261,1490,0.1388
1222,258,1480,0.1388
1224,262,1486,0.1388
1226,263,1489,0.1388
1240,263,1503,0.1388
1242,256,1498,0.1388
1236,256,1492,0.1388
1245,254,1499,0.1388
1242,257,1499,0.1388
1235,262,1497,0.1388
1238,266,1504,0.1388
1233,267,1500,0.1388
1245,260,1505,0.1388
1244,264,1508,0.1388
1239,268,1507,0.1388
1244,269,1513,0.1388
1239,267,1506,0.1388
1250,267,1517,0.1388
1246,261,1507,0.1388
1248,264,1512,0.1388
1245,264,1509,0.1388
1255,265,1520,0.1388
1248,271,1519,0.1388
1247,271,1518,0.1388
1237,274,1511,0.1388
1240,276,1516,0.1388
1233,274,1507,0.1388
1216,273,1489,0.1388
1216,270,1486,0.1388
1230,268,1498,0.1388
1239,266,1505,0.1388
1235,263,1498,0.1388
1230,261,1491,0.1388
1237,264,1501,0.1388
1231,260,1491,0.1388
1234,259,1493,0.1388
1228,257,1485,0.1388
1218,257,1475,0.1388
1216,256,1472,0.1388
1234,250,1484,0.1388
1240,254,1494,0.1388
1230,249,1479,0.1388
1217,256,1473,0.1388
1212,263,1475,0.1388
1216,271,1487,0.1388
1209,282,1491,0.1388
1218,276,1494,0.1388
1226,276,1502,0.1388
1227,284,1511,0.1388
1230,285,1515,0.1388
1222,284,1506,0.1388
1213,285,1498,0.1388
1208,283,1491,0.1388
1212,286,1498,0.1388
1207,284,1491,0.1388
1194,287,1481,0.1388
1192,289,1481,0.1388
1187,297,1484,0.1388
1196,291,1487,0.1388
1202,291,1493,0.1388
1207,304,1511,0.1388
1205,299,1504,0.1388
1201,302,1503,0.1388
1196,299,1495,0.1388
1205,301,1506,0.1388
1195,300,1495,0.1388
1192,302,1494,0.1388
1201,301,1502,0.1388
1195,297,1492,0.1388
1195,300,1495,0.1388
1194,305,1499,0.1388
1194,310,1504,0.1388
1187,312,1499,0.1388
1180,312,1492,0.1388
1170,320,1490,0.1388
1182,321,1503,0.1388
1188,314,1502,0.1388
1181,319,1500,0.1388
1181,322,1503,0.1388
1168,328,1496,0.1388
1172,325,1497,0.1388
1178,329,1507,0.1388
1174,335,1509,0.1388
1169,330,1499,0.1388
1173,329,1502,0.1388
1167,327,1494,0.1388
1151,334,1485,0.1388
1157,340,1497,0.1388
1156,336,1492,0.1388
1158,338,1496,0.1388
1162,342,1504,0.1388
1151,349,1500,0.1388
1147,352,1499,0.1388
1150,349,1499,0.1388
1161,345,1506,0.1388
1142,347,1489,0.1388
1144,344,1488,0.1388
1147,349,1496,0.1388
1142,362,1504,0.1388
1139,361,1500,0.1388
1127,359,1486,0.1388
1128,357,1485,0.1388
1131,360,1491,0.1388
1131,367,1498,0.1388
1138,360,1498,0.1388
1143,365,1508,0.1388
1133,362,1495,0.1388
1133,368,1501,0.1388
1135,369,1504,0.1388
1132,367,1499,0.1388
1128,368,1496,0.1388
1138,363,1501,0.1388
1135,366,1501,0.1388
1125,373,1498,0.1388
1123,370,1493,0.1388
1127,373,1500,0.1388
1132,379,1511,0.1388
1117,380,1497,0.1388
1125,379,1504,0.1388
1135,375,1510,0.1388
1132,379,1511,0.1388
1117,377,1494,0.1388
1121,372,1493,0.1388
1120,369,1489,0.1388
1122,370,1492,0.1388
1139,372,1511,0.1388
1138,367,1505,0.1388
1132,370,1502,0.1388
1118,372,1490,0.1388
1113,378,1491,0.1388
1112,372,1484,0.1388
1106,370,1476,0.1388
1124,367,1491,0.1388
1129,361,1490,0.1388
1120,363,1483,0.1388
1122,368,1490,0.1388
1116,370,1486,0.1388
1114,377,1491,0.1388
1093,377,1470,0.1388
1110,381,1491,0.1388
1109,386,1495,0.1388
1116,386,1502,0.1388
1109,384,1493,0.1388
1098,387,1485,0.1388
1095,386,1481,0.1388
1097,380,1477,0.1388
1111,381,1492,0.1388
1110,382,1492,0.1388
1114,376,1490,0.1388
1123,379,1502,0.1388
1124,388,1512,0.1388
1130,381,1511,0.1388
1132,391,1523,0.1388
1127,390,1517,0.1388
1117,387,1504,0.1388
1116,380,1496,0.1388
1114,376,1490,0.1388
1115,385,1500,0.1388
1115,395,1510,0.1388
1103,402,1505,0.1388
1105,400,1505,0.1388
1102,400,1502,0.1388
1099,396,1495,0.1388
1100,394,1494,0.1388
1095,401,1496,0.1388
1100,407,1507,0.1388
1093,404,1497,0.1388
1107,405,1512,0.1388
1109,406,1515,0.1388
1114,401,1515,0.1388
1111,396,1507,0.1388
1100,396,1496,0.1388
1109,397,1506,0.1388
1116,399,1515,0.1388
1125,405,1530,0.1388
1133,404,1537,0.1388
1126,403,1529,0.1388
1109,398,1507,0.1388
1115,395,1510,0.1388
1101,394,1495,0.1388
1107,396,1503,0.1388
1104,385,1489,0.1388
1100,393,1493,0.1388
1102,392,1494,0.1388
1097,398,1495,0.1388
1099,406,1505,0.1388
1104,403,1507,0.1388
1102,406,1508,0.1388
1097,402,1499,0.1388
1094,405,1499,0.1388
1103,403,1506,0.1388
1097,407,1504,0.1388
1103,403,1506,0.1388
1098,408,1506,0.1388
1091,412,1503,0.1388
1078,410,1488,0.1388
1082,402,1484,0.1388
1099,401,1500,0.1388
1098,407,1505,0.1388
1100,408,1508,0.1388
1087,416,1503,0.1388
1086,418,1504,0.1388
1090,418,1508,0.1388
1075,422,1497,0.1388
1075,421,1496,0.1388
1070,415,1485,0.1388
1057,423,1480,0.1388
1055,419,1474,0.1388
1064,425,1489,0.1388
1065,422,1487,0.1388
1059,421,1480,0.1388
1048,425,1473,0.1388
1049,427,1476,0.1388
1053,435,1488,0.1388
1063,430,1493,0.1388
1061,430,1491,0.1388
1067,422,1489,0.1388
1070,419,1489,0.1388
1076,428,1504,0.1388
1076,426,1502,0.1388
1074,424,1498,0.1388
1075,433,1508,0.1388
1073,429,1502,0.1388
1076,429,1505,0.1388
1064,425,1489,0.1388
1066,435,1501,0.1388
1055,442,1497,0.1388
1053,443,1496,0.1388
1044,443,1487,0.1388
1049,440,1489,0.1388
1047,439,1486,0.1388
1056,443,1499,0.1388
1058,436,1494,0.1388
1057,432,1489,0.1388
1058,437,1495,0.1388
1078,439,1517,0.1388
1079,433,1512,0.1388
1072,435,1507,0.1388
1073,426,1499,0.1388
1061,432,1493,0.1388
1063,435,1498,0.1388
1056,430,1486,0.1388
1067,425,1492,0.1388
1082,426,1508,0.1388
1080,429,1509,0.1388
1075,430,1505,0.1388
1070,430,1500,0.1388
1064,439,1503,0.1388
1068,441,1509,0.1388
1069,443,1512,0.1388
1064,448,1512,0.1388
1060,437,1497,0.1388
1057,438,1495,0.1388
1060,441,1501,0.1388
1049,441,1490,0.1388
1051,443,1494,0.1388
1052,439,1491,0.1388
1054,435,1489,0.1388
1050,435,1485,0.1388
1055,437,1492,0.1388
1062,440,1502,0.1388
1059,446,1505,0.1388
1051,448,1499,0.1388
1055,450,1505,0.1388
1045,445,1490,0.1388
1038,446,1484,0.1388
1043,453,1496,0.1388
1041,453,1494,0.1388
1046,449,1495,0.1388
1043,454,1497,0.1388
1046,458,1504,0.1388
1046,455,1501,0.1388
1030,448,1478,0.1388
1036,453,1489,0.1388
1025,468,1493,0.1388
1020,470,1490,0.1388
1003,465,1468,0.1388
1004,475,1479,0.1388
1006,477,1483,0.1388
1003,481,1484,0.1388
1002,487,1489,0.1388
1000,488,1488,0.1388
999,491,1490,0.1388
1012,496,1508,0.1388
1002,501,1503,0.1388
993,508,1501,0.1388
998,504,1502,0.1388
1001,504,1505,0.1388
1000,508,1508,0.1388
998,515,1513,0.1388
999,519,1518,0.1388
999,513,1512,0.1388
995,516,1511,0.1388
996,518,1514,0.1388
992,519,1511,0.1388
975,515,1490,0.1388
986,512,1498,0.1388
997,516,1513,0.1388
1000,517,1517,0.1388
988,517,1505,0.1388
980,515,1495,0.1388
992,520,1512,0.1388
993,516,1509,0.1388
994,516,1510,0.1388
996,511,1507,0.1388
993,522,1515,0.1388
978,517,1495,0.1388
981,516,1497,0.1388
977,518,1495,0.1388
970,524,1494,0.1388
974,521,1495,0.1388
982,519,1501,0.1388
974,523,1497,0.1388
970,523,1493,0.1388
965,530,1495,0.1388
978,523,1501,0.1388
975,516,1491,0.1388
976,513,1489,0.1388
972,517,1489,0.1388
969,516,1485,0.1388
967,515,1482,0.1388
968,515,1483,0.1388
977,511,1488,0.1388
986,514,1500,0.1388
989,511,1500,0.1388
988,502,1490,0.1388
985,507,1492,0.1388
973,509,1482,0.1388
971,516,1487,0.1388
970,517,1487,0.1388
966,528,1494,0.1388
954,522,1476,0.1388
966,530,1496,0.1388
969,531,1500,0.1388
976,525,1501,0.1388
985,532,1517,0.1388
973,527,1500,0.1388
965,526,1491,0.1388
970,526,1496,0.1388
966,537,1503,0.1388
964,542,1506,0.1388
962,541,1503,0.1388
959,541,1500,0.1388
950,542,1492,0.1388
956,539,1495,0.1388
953,537,1490,0.1388
950,544,1494,0.1388
952,544,1496,0.1388
954,541,1495,0.1388
955,544,1499,0.1388
959,551,1510,0.1388
947,551,1498,0.1388
936,557,1493,0.1388
941,564,1505,0.1388
930,562,1492,0.1388
929,554,1483,0.1388
925,561,1486,0.1388
928,563,1491,0.1388
929,571,1500,0.1388
931,573,1504,0.1388
934,574,1508,0.1388
934,578,1512,0.1388
931,574,1505,0.1388
919,568,1487,0.1388
921,572,1493,0.1388
915,563,1478,0.1388
922,569,1491,0.1388
923,570,1493,0.1388
921,578,1499,0.1388
921,581,1502,0.1388
928,588,1516,0.1388
927,583,1510,0.1388
919,592,1511,0.1388
907,600,1507,0.1388
905,598,1503,0.1388
903,597,1500,0.1388
908,597,1505,0.1388
914,604,1518,0.1388
908,593,1501,0.1388
904,593,1497,0.1388
901,591,1492,0.1388
886,601,1487,0.1388
887,598,1485,0.1388
896,600,1496,0.1388
884,604,1488,0.1388
890,604,1494,0.1388
881,605,1486,0.1388
884,610,1494,0.1388
886,609,1495,0.1388
884,611,1495,0.1388
879,612,1491,0.1388
887,616,1503,0.1388
887,624,1511,0.1388
884,625,1509,0.1388
886,622,1508,0.1388
871,627,1498,0.1388
864,625,1489,0.1388
865,621,1486,0.1388
870,619,1489,0.1388
869,621,1490,0.1388
867,620,1487,0.1388
859,631,1490,0.1388
855,634,1489,0.1388
852,633,1485,0.1388
846,650,1496,0.1388
834,661,1495,0.1388
838,669,1507,0.1388
834,658,1492,0.1388
834,662,1496,0.1388
845,665,1510,0.1388
852,667,1519,0.1388
849,670,1519,0.1388
832,671,1503,0.1388
828,673,1501,0.1388
820,675,1495,0.1388
815,668,1483,0.1388
815,684,1499,0.1388
811,683,1494,0.1388
812,684,1496,0.1388
808,693,1501,0.1388
801,696,1497,0.1388
800,693,1493,0.1388
813,690,1503,0.1388
811,688,1499,0.1388
803,681,1484,0.1388
806,688,1494,0.1388
801,693,1494,0.1388
802,701,1503,0.1388
802,699,1501,0.1388
805,700,1505,0.1388
810,701,1511,0.1388
799,696,1495,0.1388
799,700,1499,0.1388
793,699,1492,0.1388
793,702,1495,0.1388
788,704,1492,0.1388
796,706,1502,0.1388
796,715,1511,0.1388
794,704,1498,0.1388
797,702,1499,0.1388
800,698,1498,0.1388
800,702,1502,0.1388
809,705,1514,0.1388
798,702,1500,0.1388
795,700,1495,0.1388
804,713,1517,0.1388
802,711,1513,0.1388
793,711,1504,0.1388
780,711,1491,0.1388
782,710,1492,0.1388
781,711,1492,0.1388
781,719,1500,0.1388
783,714,1497,0.1388
789,719,1508,0.1388
793,722,1515,0.1388
787,725,1512,0.1388
797,721,1518,0.1388
796,715,1511,0.1388
795,709,1504,0.1388
792,713,1505,0.1388
801,719,1520,0.1388
786,722,1508,0.1388
773,721,1494,0.1388
779,723,1502,0.1388
784,718,1502,0.1388
782,720,1502,0.1388
791,721,1512,0.1388
785,728,1513,0.1388
775,723,1498,0.1388
775,728,1503,0.1388
777,736,1513,0.1388
777,738,1515,0.1388
783,747,1530,0.1388
773,732,1505,0.1388
782,727,1509,0.1388
780,727,1507,0.1388
777,722,1499,0.1388
771,717,1488,0.1388
768,730,1498,0.1388
768,741,1509,0.1388
769,746,1515,0.1388
768,751,1519,0.1388
764,742,1506,0.1388
759,749,1508,0.1388
764,749,1513,0.1388
769,738,1507,0.1388
768,745,1513,0.1388
768,739,1507,0.1388
753,746,1499,0.1388
746,744,1490,0.1388
746,748,1494,0.1388
748,759,1507,0.1388
754,756,1510,0.1388
748,763,1511,0.1388
742,767,1509,0.1388
736,773,1509,0.1388
743,773,1516,0.1388
742,770,1512,0.1388
744,772,1516,0.1388
747,767,1514,0.1388
737,766,1503,0.1388
731,758,1489,0.1388
739,761,1500,0.1388
742,758,1500,0.1388
738,758,1496,0.1388
743,764,1507,0.1388
752,754,1506,0.1388
755,739,1494,0.1388
763,742,1505,0.1388
766,743,1509,0.1388
760,747,1507,0.1388
761,749,1510,0.1388
751,760,1511,0.1388
749,765,1514,0.1388
752,765,1517,0.1388
735,765,1500,0.1388
746,762,1508,0.1388
748,771,1519,0.1388
754,762,1516,0.1388
755,757,1512,0.1388
746,755,1501,0.1388
742,755,1497,0.1388
737,767,1504,0.1388
735,766,1501,0.1388
741,764,1505,0.1388
743,768,1511,0.1388
745,767,1512,0.1388
757,770,1527,0.1388
742,771,1513,0.1388
743,766,1509,0.1388
748,763,1511,0.1388
745,762,1507,0.1388
746,771,1517,0.1388
750,771,1521,0.1388
749,772,1521,0.1388
744,773,1517,0.1388
746,774,1520,0.1388
739,782,1521,0.1388
727,782,1509,0.1388
718,785,1503,0.1388
725,781,1506,0.1388
717,778,1495,0.1388
720,774,1494,0.1388
725,786,1511,0.1388
715,785,1500,0.1388
707,784,1491,0.1388
715,770,1485,0.1388
717,777,1494,0.1388
721,785,1506,0.1388
712,785,1497,0.1388
712,787,1499,0.1388
707,780,1487,0.1388
708,778,1486,0.1388
706,793,1499,0.1388
705,794,1499,0.1388
702,797,1499,0.1388
700,781,1481,0.1388
697,797,1494,0.1388
706,801,1507,0.1388
710,803,1513,0.1388
713,799,1512,0.1388
719,795,1514,0.1388
713,796,1509,0.1388
707,799,1506,0.1388
704,808,1512,0.1388
698,806,1504,0.1388
703,809,1512,0.1388
706,810,1516,0.1388
691,820,1511,0.1388
693,815,1508,0.1388
692,823,1515,0.1388
696,829,1525,0.1388
692,832,1524,0.1388
678,826,1504,0.1388
679,836,1515,0.1388
687,836,1523,0.1388
688,822,1510,0.1388
684,830,1514,0.1388
673,832,1505,0.1388
674,830,1504,0.1388
669,830,1499,0.1388
658,835,1493,0.1388
657,838,1495,0.1388
652,835,1487,0.1388
657,846,1503,0.1388
663,852,1515,0.1388
661,858,1519,0.1388
655,857,1512,0.1388
658,863,1521,0.1388
658,861,1519,0.1388
654,851,1505,0.1388
643,849,1492,0.1388
641,855,1496,0.1388
653,855,1508,0.1388
649,854,1503,0.1388
641,853,1494,0.1388
643,865,1508,0.1388
643,857,1500,0.1388
645,859,1504,0.1388
644,863,1507,0.1388
639,867,1506,0.1388
643,872,1515,0.1388
641,870,1511,0.1388
633,882,1515,0.1388
625,880,1505,0.1388
632,860,1492,0.1388
634,873,1507,0.1388
628,878,1506,0.1388
630,862,1492,0.1388
646,866,1512,0.1388
645,874,1519,0.1388
641,881,1522,0.1388
638,882,1520,0.1388
641,879,1520,0.1388
640,880,1520,0.1388
636,874,1510,0.1388
633,873,1506,0.1388
638,874,1512,0.1388
637,879,1516,0.1388
640,882,1522,0.1388
636,875,1511,0.1388
635,880,1515,0.1388
631,882,1513,0.1388
622,883,1505,0.1388
624,868,1492,0.1388
626,879,1505,0.1388
632,882,1514,0.1388
632,879,1511,0.1388
623,872,1495,0.1388
624,871,1495,0.1388
616,883,1499,0.1388
608,888,1496,0.1388
610,900,1510,0.1388
612,891,1503,0.1388
611,895,1506,0.1388
601,890,1491,0.1388
608,904,1512,0.1388
610,893,1503,0.1388
606,889,1495,0.1388
596,902,1498,0.1388
592,898,1490,0.1388
594,901,1495,0.1388
591,908,1499,0.1388
594,909,1503,0.1388
591,920,1511,0.1388
589,914,1503,0.1388
587,920,1507,0.1388
584,917,1501,0.1388
584,924,1508,0.1388
592,917,1509,0.1388
588,912,1500,0.1388
599,911,1510,0.1388
601,910,1511,0.1388
598,918,1516,0.1388
590,910,1500,0.1388
598,912,1510,0.1388
596,915,1511,0.1388
598,915,1513,0.1388
591,909,1500,0.1388
597,915,1512,0.1388
593,921,1514,0.1388
599,912,1511,0.1388
600,908,1508,0.1388
604,915,1519,0.1388
595,914,1509,0.1388
602,919,1521,0.1388
601,919,1520,0.1388
606,913,1519,0.1388
603,911,1514,0.1388
600,902,1502,0.1388
604,909,1513,0.1388
604,907,1511,0.1388
605,907,1512,0.1388
609,911,1520,0.1388
601,910,1511,0.1388
597,908,1505,0.1388
603,902,1505,0.1388
602,910,1512,0.1388
618,904,1522,0.1388
618,911,1529,0.1388
617,912,1529,0.1388
621,907,1528,0.1388
621,911,1532,0.1388
619,901,1520,0.1388
610,900,1510,0.1388
616,892,1508,0.1388
617,890,1507,0.1388
615,897,1512,0.1388
602,894,1496,0.1388
606,899,1505,0.1388
603,902,1505,0.1388
598,905,1503,0.1388
599,911,1510,0.1388
601,911,1512,0.1388
604,918,1522,0.1388
612,901,1513,0.1388
609,912,1521,0.1388
603,918,1521,0.1388
603,913,1516,0.1388
606,912,1518,0.1388
596,909,1505,0.1388
599,911,1510,0.1388
598,906,1504,0.1388
592,921,1513,0.1388
590,915,1505,0.1388
581,922,1503,0.1388
580,927,1507,0.1388
573,932,1505,0.1388
572,929,1501,0.1388
572,935,1507,0.1388
567,935,1502,0.1388
565,938,1503,0.1388
568,943,1511,0.1388
563,948,1511,0.1388
563,941,1504,0.1388
571,942,1513,0.1388
571,938,1509,0.1388
574,935,1509,0.1388
569,930,1499,0.1388
572,924,1496,0.1388
575,919,1494,0.1388
575,933,1508,0.1388
570,933,1503,0.1388
563,938,1501,0.1388
568,944,1512,0.1388
567,947,1514,0.1388
567,934,1501,0.1388
575,927,1502,0.1388
578,927,1505,0.1388
574,926,1500,0.1388
575,927,1502,0.1388
572,928,1500,0.1388
569,928,1497,0.1388
574,932,1506,0.1388
575,932,1507,0.1388
561,936,1497,0.1388
561,949,1510,0.1388
562,944,1506,0.1388
551,955,1506,0.1388
544,939,1483,0.1388
552,933,1485,0.1388
553,948,1501,0.1388
546,953,1499,0.1388
545,959,1504,0.1388
547,958,1505,0.1388
544,965,1509,0.1388
548,962,1510,0.1388
544,967,1511,0.1388
543,970,1513,0.1388
549,961,1510,0.1388
557,962,1519,0.1388
547,958,1505,0.1388
549,971,1520,0.1388
552,969,1521,0.1388
549,962,1511,0.1388
550,968,1518,0.1388
547,967,1514,0.1388
539,966,1505,0.1388
544,973,1517,0.1388
541,981,1522,0.1388
537,980,1517,0.1388
530,982,1512,0.1388
536,973,1509,0.1388
533,974,1507,0.1388
532,967,1499,0.1388
530,964,1494,0.1388
527,972,1499,0.1388
525,974,1499,0.1388
531,968,1499,0.1388
522,972,1494,0.1388
529,969,1498,0.1388
531,976,1507,0.1388
542,977,1519,0.1388
536,970,1506,0.1388
535,984,1519,0.1388
536,980,1516,0.1388
530,989,1519,0.1388
533,988,1521,0.1388
526,992,1518,0.1388
531,996,1527,0.1388
526,996,1522,0.1388
523,997,1520,0.1388
521,1002,1523,0.1388
520,1004,1524,0.1388
513,1001,1514,0.1388
507,998,1505,0.1388
510,1006,1516,0.1388
506,1007,1513,0.1388
498,1014,1512,0.1388
501,1011,1512,0.1388
500,1008,1508,0.1388
501,999,1500,0.1388
507,1011,1518,0.1388
507,1012,1519,0.1388
505,1001,1506,0.1388
505,1002,1507,0.1388
502,1003,1505,0.1388
501,1001,1502,0.1388
493,1009,1502,0.1388
500,1012,1512,0.1388
496,1015,1511,0.1388
493,1024,1517,0.1388
499,1018,1517,0.1388
491,1012,1503,0.1388
495,1020,1515,0.1388
498,1022,1520,0.1388
486,1021,1507,0.1388
491,1021,1512,0.1388
489,1020,1509,0.1388
492,1023,1515,0.1388
487,1018,1505,0.1388
486,1015,1501,0.1388
486,1022,1508,0.1388
481,1026,1507,0.1388
480,1024,1504,0.1388
482,1029,1511,0.1388
473,1028,1501,0.1388
483,1027,1510,0.1388
482,1025,1507,0.1388
473,1023,1496,0.1388
471,1036,1507,0.1388
469,1034,1503,0.1388
467,1033,1500,0.1388
468,1038,1506,0.1388
467,1045,1512,0.1388
471,1045,1516,0.1388
466,1034,1500,0.1388
458,1036,1494,0.1388
461,1053,1514,0.1388
447,1062,1509,0.1388
445,1069,1514,0.1388
448,1076,1524,0.1388
450,1064,1514,0.1388
448,1065,1513,0.1388
443,1064,1507,0.1388
453,1055,1508,0.1388
453,1054,1507,0.1388
449,1057,1506,0.1388
454,1057,1511,0.1388
449,1065,1514,0.1388
437,1074,1511,0.1388
438,1072,1510,0.1388
431,1085,1516,0.1388
419,1089,1508,0.1388
416,1093,1509,0.1388
417,1103,1520,0.1388
419,1111,1530,0.1388
407,1096,1503,0.1388
410,1104,1514,0.1388
408,1101,1509,0.1388
409,1102,1511,0.1388
411,1107,1518,0.1388
409,1103,1512,0.1388
410,1101,1511,0.1388
406,1102,1508,0.1388
402,1105,1507,0.1388
394,1114,1508,0.1388
391,1125,1516,0.1388
383,1127,1510,0.1388
380,1134,1514,0.1388
371,1122,1493,0.1388
370,1135,1505,0.1388
370,1130,1500,0.1388
361,1136,1497,0.1388
359,1142,1501,0.1388
361,1148,1509,0.1388
358,1142,1500,0.1388
360,1150,1510,0.1388
357,1144,1501,0.1388
356,1154,1510,0.1388
355,1156,1511,0.1388
346,1154,1500,0.1388
348,1158,1506,0.1388
356,1152,1508,0.1388
355,1150,1505,0.1388
344,1153,1497,0.1388
347,1156,1503,0.1388
355,1152,1507,0.1388
352,1166,1518,0.1388
359,1169,1528,0.1388
360,1166,1526,0.1388
359,1175,1534,0.1388
353,1166,1519,0.1388
345,1159,1504,0.1388
347,1169,1516,0.1388
345,1172,1517,0.1388
343,1174,1517,0.1388
341,1165,1506,0.1388
340,1169,1509,0.1388
340,1187,1527,0.1388
337,1186,1523,0.1388
328,1184,1512,0.1388
335,1193,1528,0.1388
338,1177,1515,0.1388
337,1175,1512,0.1388
340,1180,1520,0.1388
330,1181,1511,0.1388
326,1175,1501,0.1388
329,1177,1506,0.1388
323,1180,1503,0.1388
322,1176,1498,0.1388
324,1189,1513,0.1388
320,1189,1509,0.1388
319,1190,1509,0.1388
319,1198,1517,0.1388
312,1193,1505,0.1388
310,1193,1503,0.1388
301,1204,1505,0.1388
298,1205,1503,0.1388
298,1202,1500,0.1388
303,1205,1508,0.1388
301,1221,1522,0.1388
304,1213,1517,0.1388
304,1212,1516,0.1388
303,1204,1507,0.1388
308,1211,1519,0.1388
303,1215,1518,0.1388
299,1227,1526,0.1388
300,1226,1526,0.1388
293,1221,1514,0.1388
294,1223,1517,0.1388
290,1220,1510,0.1388
289,1226,1515,0.1388
285,1227,1512,0.1388
288,1230,1518,0.1388
286,1234,1520,0.1388
284,1240,1524,0.1388
278,1234,1512,0.1388
282,1248,1530,0.1388
282,1233,1515,0.1388
280,1226,1506,0.1388
277,1235,1512,0.1388
273,1226,1499,0.1388
274,1230,1504,0.1388
273,1230,1503,0.1388
269,1249,1518,0.1388
269,1240,1509,0.1388
271,1238,1509,0.1388
269,1254,1523,0.1388
267,1267,1534,0.1388
265,1265,1530,0.1388
263,1272,1535,0.1388
266,1265,1531,0.1388
266,1273,1539,0.1388
266,1258,1524,0.1388
262,1257,1519,0.1388
262,1260,1522,0.1388
262,1265,1527,0.1388
264,1261,1525,0.1388
259,1263,1522,0.1388
252,1262,1514,0.1388
246,1276,1522,0.1388
248,1269,1517,0.1388
247,1269,1516,0.1388
243,1272,1515,0.1388
246,1279,1525,0.1388
246,1280,1526,0.1388
245,1273,1518,0.1388
240,1277,1517,0.1388
241,1270,1511,0.1388
238,1282,1520,0.1388
237,1274,1511,0.1388
243,1265,1508,0.1388
242,1263,1505,0.1388
238,1262,1500,0.1388
234,1261,1495,0.1388
234,1281,1515,0.1388
232,1280,1512,0.1388
229,1284,1513,0.1388
232,1293,1525,0.1388
228,1293,1521,0.1388
227,1288,1515,0.1388
230,1302,1532,0.1388
229,1297,1526,0.1388
225,1294,1519,0.1388
226,1293,1519,0.1388
222,1293,1515,0.1388
219,1287,1506,0.1388
212,1294,1506,0.1388
211,1294,1505,0.1388
219,1301,1520,0.1388
221,1285,1506,0.1388
221,1286,1507,0.1388
222,1282,1504,0.1388
220,1284,1504,0.1388
219,1286,1505,0.1388
221,1280,1501,0.1388
221,1297,1518,0.1388
217,1313,1530,0.1388
222,1292,1514,0.1388
219,1289,1508,0.1388
219,1289,1508,0.1388
221,1287,1508,0.1388
216,1290,1506,0.1388
205,1296,1501,0.1388
211,1303,1514,0.1388
212,1292,1504,0.1388
211,1299,1510,0.1388
214,1293,1507,0.1388
214,1299,1513,0.1388
214,1290,1504,0.1388
213,1294,1507,0.1388
211,1285,1496,0.1388
210,1295,1505,0.1388
206,1295,1501,0.1388
208,1295,1503,0.1388
207,1288,1495,0.1388
208,1300,1508,0.1388
208,1304,1512,0.1388
203,1310,1513,0.1388
206,1309,1515,0.1388
203,1310,1513,0.1388
199,1313,1512,0.1388
195,1314,1509,0.1388
194,1321,1515,0.1388
197,1318,1515,0.1388
194,1319,1513,0.1388
191,1316,1507,0.1388
188,1334,1522,0.1388
185,1323,1508,0.1388
183,1325,1508,0.1388
185,1335,1520,0.1388
188,1331,1519,0.1388
192,1336,1528,0.1388
191,1334,1525,0.1388
190,1333,1523,0.1388
193,1331,1524,0.1388
195,1328,1523,0.1388
192,1310,1502,0.1388
194,1327,1521,0.1388
192,1332,1524,0.1388
193,1330,1523,0.1388
191,1345,1536,0.1388
190,1345,1535,0.1388
185,1336,1521,0.1388
186,1331,1517,0.1388
186,1330,1516,0.1388
188,1334,1522,0.1388
189,1332,1521,0.1388
190,1329,1519,0.1388
190,1327,1517,0.1388
192,1338,1530,0.1388
193,1334,1527,0.1388
189,1325,1514,0.1388
191,1330,1521,0.1388
193,1327,1520,0.1388
191,1320,1511,0.1388
179,1326,1505,0.1388
171,1331,1502,0.1388
177,1340,1517,0.1388
177,1335,1512,0.1388
176,1325,1501,0.1388
178,1335,1513,0.1388
174,1340,1514,0.1388
174,1339,1513,0.1388
176,1347,1523,0.1388
177,1344,1521,0.1388
179,1321,1500,0.1388
183,1317,1500,0.1388
180,1330,1510,0.1388
184,1328,1512,0.1388
191,1327,1518,0.1388
190,1321,1511,0.1388
185,1326,1511,0.1388
185,1334,1519,0.1388
182,1336,1518,0.1388
183,1332,1515,0.1388
182,1338,1520,0.1388
182,1333,1515,0.1388
181,1340,1521,0.1388
181,1338,1519,0.1388
184,1325,1509,0.1388
185,1333,1518,0.1388
184,1326,1510,0.1388
186,1334,1520,0.1388
180,1337,1517,0.1388
181,1344,1525,0.1388
180,1333,1513,0.1388
181,1339,1520,0.1388
184,1336,1520,0.1388
181,1343,1524,0.1388
181,1338,1519,0.1388
180,1335,1515,0.1388
184,1326,1510,0.1388
185,1332,1517,0.1388
188,1333,1521,0.1388
186,1329,1515,0.1388
186,1315,1501,0.1388
185,1309,1494,0.1388
186,1323,1509,0.1388
180,1313,1493,0.1388
185,1325,1510,0.1388
184,1336,1520,0.1388
185,1341,1526,0.1388
185,1335,1520,0.1388
183,1334,1517,0.1388
183,1341,1524,0.1388
184,1345,1529,0.1388
185,1334,1519,0.1388
189,1336,1525,0.1388
186,1332,1518,0.1388
186,1325,1511,0.1388
185,1332,1517,0.1388
185,1337,1522,0.1388
185,1332,1517,0.1388
186,1332,1518,0.1388
190,1332,1522,0.1388
191,1339,1530,0.1388
190,1327,1517,0.1388
192,1328,1520,0.1388
187,1343,1530,0.1388
189,1342,1531,0.1388
185,1341,1526,0.1388
184,1341,1525,0.1388
178,1337,1515,0.1388
181,1329,1510,0.1388
179,1323,1502,0.1388
182,1326,1508,0.1388
176,1329,1505,0.1388
175,1342,1517,0.1388
173,1347,1520,0.1388
183,1349,1532,0.1388
186,1340,1526,0.1388
185,1332,1517,0.1388
184,1337,1521,0.1388
183,1336,1519,0.1388
185,1332,1517,0.1388
182,1331,1513,0.1388
183,1332,1515,0.1388
180,1338,1518,0.1388
176,1335,1511,0.1388
176,1348,1524,0.1388
179,1340,1519,0.1388
176,1338,1514,0.1388
176,1337,1513,0.1388
173,1328,1501,0.1388
171,1320,1491,0.1388
172,1326,1498,0.1388
167,1330,1497,0.1388
167,1333,1500,0.1388
168,1348,1516,0.1388
167,1359,1526,0.1388
164,1352,1516,0.1388
167,1344,1511,0.1388
165,1357,1522,0.1388
161,1343,1504,0.1388
160,1333,1493,0.1388
161,1346,1507,0.1388
157,1346,1503,0.1388
153,1346,1499,0.1388
152,1352,1504,0.1388
152,1348,1500,0.1388
147,1351,1498,0.1388
149,1343,1492,0.1388
154,1349,1503,0.1388
154,1362,1516,0.1388
154,1357,1511,0.1388
154,1364,1518,0.1388
150,1363,1513,0.1388
148,1361,1509,0.1388
150,1378,1528,0.1388
149,1373,1522,0.1388
150,1383,1533,0.1388
152,1379,1531,0.1388
150,1372,1522,0.1388
153,1360,1513,0.1388
151,1375,1526,0.1388
153,1371,1524,0.1388
156,1362,1518,0.1388
155,1359,1514,0.1388
156,1344,1500,0.1388
158,1347,1505,0.1388
158,1350,1508,0.1388
155,1350,1505,0.1388
157,1355,1512,0.1388
156,1378,1534,0.1388
153,1377,1530,0.1388
154,1366,1520,0.1388
151,1364,1515,0.1388
153,1367,1520,0.1388
152,1375,1527,0.1388
154,1380,1534,0.1388
151,1373,1524,0.1388
148,1365,1513,0.1388
146,1373,1519,0.1388
146,1373,1519,0.1388
148,1383,1531,0.1388
147,1380,1527,0.1388
152,1379,1531,0.1388
153,1376,1529,0.1388
145,1368,1513,0.1388
142,1371,1513,0.1388
140,1373,1513,0.1388
141,1375,1516,0.1388
136,1369,1505,0.1388
135,1373,1508,0.1388
135,1380,1515,0.1388
133,1386,1519,0.1388
129,1385,1514,0.1388
128,1385,1513,0.1388
128,1390,1518,0.1388
128,1386,1514,0.1388
128,1387,1515,0.1388
132,1393,1525,0.1388
131,1379,1510,0.1388
134,1372,1506,0.1388
137,1384,1521,0.1388
137,1383,1520,0.1388
133,1380,1513,0.1388
132,1390,1522,0.1388
123,1391,1514,0.1388
128,1393,1521,0.1388
128,1380,1508,0.1388
133,1382,1515,0.1388
135,1369,1504,0.1388
136,1371,1507,0.1388
132,1375,1507,0.1388
129,1366,1495,0.1388
130,1363,1493,0.1388
130,1375,1505,0.1388
131,1374,1505,0.1388
131,1374,1505,0.1388
130,1392,1522,0.1388
127,1388,1515,0.1388
127,1398,1525,0.1388
129,1391,1520,0.1388
127,1393,1520,0.1388
124,1407,1531,0.1388
118,1393,1511,0.1388
119,1395,1514,0.1388
125,1391,1516,0.1388
128,1401,1529,0.1388
126,1410,1536,0.1388
127,1397,1524,0.1388
125,1398,1523,0.1388
124,1400,1524,0.1388
123,1395,1518,0.1388
122,1394,1516,0.1388
123,1401,1524,0.1388
119,1403,1522,0.1388
117,1414,1531,0.1388
116,1419,1535,0.1388
114,1420,1534,0.1388
113,1413,1526,0.1388
119,1415,1534,0.1388
119,1398,1517,0.1388
121,1399,1520,0.1388
121,1390,1511,0.1388
120,1391,1511,0.1388
118,1399,1517,0.1388
118,1377,1495,0.1388
121,1393,1514,0.1388
119,1389,1508,0.1388
123,1383,1506,0.1388
123,1391,1514,0.1388
121,1390,1511,0.1388
119,1388,1507,0.1388
119,1390,1509,0.1388
119,1374,1493,0.1388
115,1382,1497,0.1388
118,1383,1501,0.1388
117,1389,1506,0.1388
116,1378,1494,0.1388
116,1379,1495,0.1388
111,1384,1495,0.1388
111,1386,1497,0.1388
113,1397,1510,0.1388
112,1404,1516,0.1388
113,1407,1520,0.1388
115,1403,1518,0.1388
115,1410,1525,0.1388
117,1422,1539,0.1388
114,1415,1529,0.1388
115,1410,1525,0.1388
111,1415,1526,0.1388
115,1416,1531,0.1388
110,1399,1509,0.1388
111,1408,1519,0.1388
109,1402,1511,0.1388
104,1407,1511,0.1388
103,1408,1511,0.1388
103,1421,1524,0.1388
103,1423,1526,0.1388
103,1412,1515,0.1388
108,1397,1505,0.1388
112,1398,1510,0.1388
111,1387,1498,0.1388
110,1403,1513,0.1388
111,1405,1516,0.1388
108,1404,1512,0.1388
110,1400,1510,0.1388
111,1408,1519,0.1388
111,1416,1527,0.1388
113,1409,1522,0.1388
108,1416,1524,0.1388
106,1407,1513,0.1388
105,1410,1515,0.1388
107,1409,1516,0.1388
103,1420,1523,0.1388
100,1412,1512,0.1388
99,1418,1517,0.1388
97,1411,1508,0.1388
99,1412,1511,0.1388
101,1402,1503,0.1388
103,1396,1499,0.1388
109,1409,1518,0.1388
109,1413,1522,0.1388
109,1424,1533,0.1388
107,1422,1529,0.1388
104,1427,1531,0.1388
99,1429,1528,0.1388
96,1431,1527,0.1388
95,1423,1518,0.1388
93,1434,1527,0.1388
99,1429,1528,0.1388
95,1423,1518,0.1388
96,1430,1526,0.1388
95,1429,1524,0.1388
95,1418,1513,0.1388
97,1413,1510,0.1388
90,1421,1511,0.1388
87,1427,1514,0.1388
89,1434,1523,0.1388
90,1431,1521,0.1388
94,1427,1521,0.1388
95,1429,1524,0.1388
89,1427,1516,0.1388
89,1422,1511,0.1388
87,1425,1512,0.1388
87,1425,1512,0.1388
89,1429,1518,0.1388
88,1432,1520,0.1388
88,1424,1512,0.1388
91,1432,1523,0.1388
90,1440,1530,0.1388
89,1443,1532,0.1388
89,1443,1532,0.1388
89,1436,1525,0.1388
91,1425,1516,0.1388
88,1423,1511,0.1388
87,1430,1517,0.1388
87,1431,1518,0.1388
88,1426,1514,0.1388
89,1414,1503,0.1388
92,1420,1512,0.1388
89,1436,1525,0.1388
93,1434,1527,0.1388
91,1434,1525,0.1388
92,1428,1520,0.1388
91,1431,1522,0.1388
90,1439,1529,0.1388
90,1442,1532,0.1388
89,1430,1519,0.1388
86,1422,1508,0.1388
89,1434,1523,0.1388
93,1437,1530,0.1388
90,1433,1523,0.1388
91,1432,1523,0.1388
89,1439,1528,0.1388
90,1433,1523,0.1388
90,1431,1521,0.1388
88,1431,1519,0.1388
86,1432,1518,0.1388
87,1417,1504,0.1388
86,1422,1508,0.1388
86,1437,1523,0.1388
86,1427,1513,0.1388
82,1420,1502,0.1388
79,1430,1509,0.1388
84,1429,1513,0.1388
84,1425,1509,0.1388
83,1421,1504,0.1388
85,1425,1510,0.1388
81,1428,1509,0.1388
79,1418,1497,0.1388
79,1424,1503,0.1388
78,1429,1507,0.1388
73,1434,1507,0.1388
73,1440,1513,0.1388
69,1454,1523,0.1388
69,1448,1517,0.1388
74,1429,1503,0.1388
72,1430,1502,0.1388
72,1435,1507,0.1388
72,1444,1516,0.1388
72,1441,1513,0.1388
74,1434,1508,0.1388
75,1436,1511,0.1388
71,1440,1511,0.1388
71,1435,1506,0.1388
66,1439,1505,0.1388
71,1447,1518,0.1388
72,1446,1518,0.1388
73,1441,1514,0.1388
76,1447,1523,0.1388
77,1425,1502,0.1388
81,1426,1507,0.1388
79,1430,1509,0.1388
78,1427,1505,0.1388
81,1437,1518,0.1388
77,1431,1508,0.1388
78,1433,1511,0.1388
81,1432,1513,0.1388
79,1445,1524,0.1388
73,1446,1519,0.1388
73,1456,1529,0.1388
72,1452,1524,0.1388
73,1446,1519,0.1388
73,1449,1522,0.1388
72,1434,1506,0.1388
71,1440,1511,0.1388
73,1452,1525,0.1388
72,1450,1522,0.1388
74,1457,1531,0.1388
74,1445,1519,0.1388
68,1453,1521,0.1388
70,1448,1518,0.1388
68,1438,1506,0.1388
70,1431,1501,0.1388
70,1433,1503,0.1388
72,1449,1521,0.1388
67,1453,1520,0.1388
70,1447,1517,0.1388
69,1453,1522,0.1388
71,1454,1525,0.1388
72,1444,1516,0.1388
73,1436,1509,0.1388
74,1431,1505,0.1388
75,1442,1517,0.1388
75,1444,1519,0.1388
74,1452,1526,0.1388
73,1458,1531,0.1388
74,1447,1521,0.1388
77,1451,1528,0.1388
78,1442,1520,0.1388
79,1429,1508,0.1388
78,1432,1510,0.1388
78,1426,1504,0.1388
79,1432,1511,0.1388
79,1441,1520,0.1388
77,1448,1525,0.1388
79,1457,1536,0.1388
76,1450,1526,0.1388
74,1428,1502,0.1388
75,1430,1505,0.1388
75,1434,1509,0.1388
75,1441,1516,0.1388
79,1440,1519,0.1388
77,1439,1516,0.1388
78,1440,1518,0.1388
76,1440,1516,0.1388
75,1453,1528,0.1388
75,1454,1529,0.1388
73,1439,1512,0.1388
71,1441,1512,0.1388
67,1459,1526,0.1388
68,1446,1514,0.1388
68,1452,1520,0.1388
69,1456,1525,0.1388
71,1450,1521,0.1388
70,1448,1518,0.1388
71,1439,1510,0.1388
73,1430,1503,0.1388
74,1434,1508,0.1388
72,1437,1509,0.1388
72,1433,1505,0.1388
71,1442,1513,0.1388
70,1439,1509,0.1388
75,1447,1522,0.1388
74,1430,1504,0.1388
72,1433,1505,0.1388
72,1435,1507,0.1388
71,1444,1515,0.1388
68,1457,1525,0.1388
67,1464,1531,0.1388
63,1462,1525,0.1388
66,1458,1524,0.1388
66,1456,1522,0.1388
65,1460,1525,0.1388
67,1447,1514,0.1388
67,1462,1529,0.1388
68,1445,1513,0.1388
66,1451,1517,0.1388
63,1447,1510,0.1388
61,1447,1508,0.1388
59,1460,1519,0.1388
58,1465,1523,0.1388
55,1457,1512,0.1388
57,1462,1519,0.1388
57,1463,1520,0.1388
58,1448,1506,0.1388
57,1437,1494,0.1388
58,1454,1512,0.1388
58,1456,1514,0.1388
56,1454,1510,0.1388
55,1448,1503,0.1388
54,1454,1508,0.1388
55,1466,1521,0.1388
55,1462,1517,0.1388
55,1460,1515,0.1388
56,1466,1522,0.1388
55,1453,1508,0.1388
54,1462,1516,0.1388
52,1465,1517,0.1388
54,1463,1517,0.1388
54,1464,1518,0.1388
54,1463,1517,0.1388
56,1467,1523,0.1388
54,1458,1512,0.1388
55,1468,1523,0.1388
55,1458,1513,0.1388
54,1455,1509,0.1388
50,1462,1512,0.1388
50,1460,1510,0.1388
51,1460,1511,0.1388
49,1451,1500,0.1388
48,1443,1491,0.1388
44,1446,1490,0.1388
44,1470,1514,0.1388
42,1478,1520,0.1388
44,1475,1519,0.1388
47,1463,1510,0.1388
47,1458,1505,0.1388
47,1467,1514,0.1388
47,1468,1515,0.1388
48,1482,1530,0.1388
46,1489,1535,0.1388
45,1485,1530,0.1388
48,1472,1520,0.1388
52,1466,1518,0.1388
49,1485,1534,0.1388
50,1465,1515,0.1388
50,1466,1516,0.1388
50,1473,1523,0.1388
51,1467,1518,0.1388
49,1481,1530,0.1388
50,1479,1529,0.1388
51,1482,1533,0.1388
50,1468,1518,0.1388
47,1463,1510,0.1388
50,1459,1509,0.1388
54,1463,1517,0.1388
54,1473,1527,0.1388
56,1455,1511,0.1388
55,1451,1506,0.1388
56,1457,1513,0.1388
57,1473,1530,0.1388
56,1465,1521,0.1388
58,1467,1525,0.1388
56,1458,1514,0.1388
53,1461,1514,0.1388
52,1448,1500,0.1388
52,1459,1511,0.1388
52,1460,1512,0.1388
53,1469,1522,0.1388
53,1476,1529,0.1388
51,1466,1517,0.1388
52,1455,1507,0.1388
54,1451,1505,0.1388
52,1454,1506,0.1388
50,1466,1516,0.1388
54,1464,1518,0.1388
52,1462,1514,0.1388
52,1474,1526,0.1388
52,1472,1524,0.1388
51,1470,1521,0.1388
52,1469,1521,0.1388
52,1467,1519,0.1388
49,1467,1516,0.1388
46,1476,1522,0.1388
47,1483,1530,0.1388
48,1483,1531,0.1388
49,1476,1525,0.1388
50,1468,1518,0.1388
48,1467,1515,0.1388
48,1455,1503,0.1388
48,1450,1498,0.1388
47,1462,1509,0.1388
47,1462,1509,0.1388
47,1465,1512,0.1388
48,1467,1515,0.1388
47,1459,1506,0.1388
47,1457,1504,0.1388
49,1444,1493,0.1388
47,1455,1502,0.1388
45,1462,1507,0.1388
46,1455,1501,0.1388
45,1472,1517,0.1388
46,1469,1515,0.1388
50,1466,1516,0.1388
49,1464,1513,0.1388
49,1461,1510,0.1388
46,1470,1516,0.1388
47,1456,1503,0.1388
44,1466,1510,0.1388
45,1473,1518,0.1388
44,1469,1513,0.1388
43,1470,1513,0.1388
44,1483,1527,0.1388
44,1482,1526,0.1388
44,1489,1533,0.1388
44,1493,1537,0.1388
43,1480,1523,0.1388
45,1485,1530,0.1388
43,1477,1520,0.1388
43,1477,1520,0.1388
44,1481,1525,0.1388
44,1487,1531,0.1388
43,1489,1532,0.1388
43,1481,1524,0.1388
41,1475,1516,0.1388
38,1482,1520,0.1388
38,1476,1514,0.1388
38,1481,1519,0.1388
39,1484,1523,0.1388
39,1487,1526,0.1388
39,1490,1529,0.1388
39,1469,1508,0.1388
38,1469,1507,0.1388
36,1472,1508,0.1388
36,1475,1511,0.1388
33,1474,1507,0.1388
31,1469,1500,0.1388
31,1470,1501,0.1388
32,1485,1517,0.1388
34,1486,1520,0.1388
32,1484,1516,0.1388
32,1481,1513,0.1388
32,1476,1508,0.1388
34,1475,1509,0.1388
36,1483,1519,0.1388
36,1480,1516,0.1388
37,1480,1517,0.1388
36,1480,1516,0.1388
35,1496,1531,0.1388
33,1491,1524,0.1388
35,1492,1527,0.1388
32,1494,1526,0.1388
32,1493,1525,0.1388
32,1494,1526,0.1388
32,1503,1535,0.1388
31,1492,1523,0.1388
31,1499,1530,0.1388
30,1488,1518,0.1388
30,1487,1517,0.1388
29,1486,1515,0.1388
28,1493,1521,0.1388
30,1497,1527,0.1388
29,1490,1519,0.1388
30,1472,1502,0.1388
30,1482,1512,0.1388
29,1489,1518,0.1388
29,1498,1527,0.1388
29,1495,1524,0.1388
29,1497,1526,0.1388
28,1506,1534,0.1388
27,1505,1532,0.1388
27,1503,1530,0.1388
28,1486,1514,0.1388
28,1497,1525,0.1388
27,1497,1524,0.1388
25,1502,1527,0.1388
26,1501,1527,0.1388
27,1498,1525,0.1388
26,1497,1523,0.1388
26,1494,1520,0.1388
27,1478,1505,0.1388
28,1481,1509,0.1388
26,1472,1498,0.1388
25,1486,1511,0.1388
26,1485,1511,0.1388
27,1489,1516,0.1388
27,1487,1514,0.1388
28,1500,1528,0.1388
25,1500,1525,0.1388
22,1492,1514,0.1388
19,1488,1507,0.1388
19,1486,1505,0.1388
20,1489,1509,0.1388
20,1500,1520,0.1388
23,1500,1523,0.1388
23,1501,1524,0.1388
23,1504,1527,0.1388
22,1500,1522,0.1388
21,1504,1525,0.1388
20,1498,1518,0.1388
22,1497,1519,0.1388
20,1486,1506,0.1388
20,1490,1510,0.1388
19,1502,1521,0.1388
19,1501,1520,0.1388
18,1494,1512,0.1388
19,1490,1509,0.1388
19,1483,1502,0.1388
18,1500,1518,0.1388
18,1507,1525,0.1388
18,1507,1525,0.1388
20,1483,1503,0.1388
20,1487,1507,0.1388
20,1499,1519,0.1388
21,1486,1507,0.1388
21,1501,1522,0.1388
21,1500,1521,0.1388
20,1501,1521,0.1388
20,1493,1513,0.1388
19,1497,1516,0.1388
19,1513,1532,0.1388
19,1505,1524,0.1388
18,1501,1519,0.1388
18,1503,1521,0.1388
18,1503,1521,0.1388
19,1495,1514,0.1388
20,1498,1518,0.1388
18,1489,1507,0.1388
17,1486,1503,0.1388
18,1498,1516,0.1388
17,1487,1504,0.1388
18,1497,1515,0.1388
18,1495,1513,0.1388
19,1486,1505,0.1388
18,1500,1518,0.1388
16,1504,1520,0.1388
16,1499,1515,0.1388
14,1507,1521,0.1388
13,1508,1521,0.1388
15,1510,1525,0.1388
15,1503,1518,0.1388
16,1514,1530,0.1388
18,1511,1529,0.1388
19,1490,1509,0.1388
19,1489,1508,0.1388
17,1491,1508,0.1388
17,1481,1498,0.1388
16,1484,1500,0.1388
15,1495,1510,0.1388
15,1489,1504,0.1388
15,1498,1513,0.1388
14,1492,1506,0.1388
13,1488,1501,0.1388
14,1494,1508,0.1388
15,1500,1515,0.1388
15,1504,1519,0.1388
16,1500,1516,0.1388
16,1502,1518,0.1388
15,1507,1522,0.1388
15,1496,1511,0.1388
15,1508,1523,0.1388
15,1495,1510,0.1388
15,1517,1532,0.1388
14,1506,1520,0.1388
12,1510,1522,0.1388
12,1500,1512,0.1388
12,1497,1509,0.1388
12,1495,1507,0.1388
12,1498,1510,0.1388
12,1500,1512,0.1388
11,1497,1508,0.1388
11,1515,1526,0.1388
11,1516,1527,0.1388
9,1506,1515,0.1388
9,1500,1509,0.1388
9,1508,1517,0.1388
10,1482,1492,0.1388
10,1487,1497,0.1388
10,1509,1519,0.1388
10,1504,1514,0.1388
10,1506,1516,0.1388
10,1497,1507,0.1388
10,1494,1504,0.1388
9,1503,1512,0.1388
9,1510,1519,0.1388
9,1514,1523,0.1388
9,1520,1529,0.1388
8,1517,1525,0.1388
8,1509,1517,0.1388
8,1487,1495,0.1388
9,1480,1489,0.1388
9,1502,1511,0.1388
9,1507,1516,0.1388
9,1510,1519,0.1388
9,1515,1524,0.1388
9,1528,1537,0.1388
8,1513,1521,0.1388
7,1512,1519,0.1388
6,1510,1516,0.1388
6,1502,1508,0.1388
6,1514,1520,0.1388
6,1515,1521,0.1388
6,1523,1529,0.1388
6,1516,1522,0.1388
6,1516,1522,0.1388
6,1520,1526,0.1388
6,1505,1511,0.1388
6,1499,1505,0.1388
5,1494,1499,0.1388
5,1516,1521,0.1388
5,1506,1511,0.1388
5,1501,1506,0.1388
5,1495,1500,0.1388
6,1500,1506,0.1388
6,1508,1514,0.1388
8,1512,1520,0.1388
7,1508,1515,0.1388
7,1506,1513,0.1388
7,1508,1515,0.1388
7,1503,1510,0.1388
7,1508,1515,0.1388
7,1502,1509,0.1388
7,1499,1506,0.1388
7,1498,1505,0.1388
6,1501,1507,0.1388
5,1506,1511,0.1388
4,1498,1502,0.1388
4,1491,1495,0.1388
4,1506,1510,0.1388
4,1511,1515,0.1388
4,1523,1527,0.1388
4,1504,1508,0.1388
3,1501,1504,0.1388
3,1514,1517,0.1388
4,1514,1518,0.1388
4,1521,1525,0.1388
3,1520,1523,0.1388
3,1518,1521,0.1388
3,1533,1536,0.1388
3,1527,1530,0.1388
3,1526,1529,0.1388
3,1506,1509,0.1388
3,1523,1526,0.1388
3,1508,1511,0.1388
3,1512,1515,0.1388
3,1520,1523,0.1388
3,1524,1527,0.1388
3,1519,1522,0.1388
3,1507,1510,0.1388
3,1501,1504,0.1388
4,1509,1513,0.1388
4,1518,1522,0.1388
4,1507,1511,0.1388
4,1510,1514,0.1388
4,1494,1498,0.1388
5,1516,1521,0.1388
4,1503,1507,0.1388
3,1510,1513,0.1388
4,1507,1511,0.1388
4,1503,1507,0.1388
4,1517,1521,0.1388
5,1520,1525,0.1388
5,1518,1523,0.1388
5,1503,1508,0.1388
5,1506,1511,0.1388
5,1501,1506,0.1388
5,1504,1509,0.1388
4,1507,1511,0.1388
4,1499,1503,0.1388
3,1510,1513,0.1388
3,1517,1520,0.1388
3,1519,1522,0.1388
4,1507,1511,0.1388
5,1513,1518,0.1388
5,1520,1525,0.1388
5,1518,1523,0.1388
5,1524,1529,0.1388
5,1526,1531,0.1388
5,1515,1520,0.1388
5,1516,1521,0.1388
5,1506,1511,0.1388
5,1515,1520,0.1388
5,1511,1516,0.1388
5,1513,1518,0.1388
5,1521,1526,0.1388
5,1508,1513,0.1388
4,1515,1519,0.1388
6,1510,1516,0.1388
6,1509,1515,0.1388
6,1509,1515,0.1388
6,1496,1502,0.1388
6,1491,1497,0.1388
7,1497,1504,0.1388
7,1495,1502,0.1388
7,1506,1513,0.1388
7,1498,1505,0.1388
7,1499,1506,0.1388
7,1495,1502,0.1388
5,1498,1503,0.1388
5,1487,1492,0.1388
5,1484,1489,0.1388
4,1492,1496,0.1388
4,1507,1511,0.1388
4,1500,1504,0.1388
4,1494,1498,0.1388
5,1506,1511,0.1388
5,1515,1520,0.1388
5,1510,1515,0.1388
6,1512,1518,0.1388
6,1509,1515,0.1388
6,1504,1510,0.1388
7,1499,1506,0.1388
7,1502,1509,0.1388
8,1512,1520,0.1388
8,1512,1520,0.1388
8,1511,1519,0.1388
7,1513,1520,0.1388
8,1514,1522,0.1388
8,1503,1511,0.1388
8,1504,1512,0.1388
8,1510,1518,0.1388
8,1498,1506,0.1388
8,1505,1513,0.1388
8,1497,1505,0.1388
8,1505,1513,0.1388
8,1507,1515,0.1388
8,1496,1504,0.1388
9,1505,1514,0.1388
8,1516,1524,0.1388
8,1509,1517,0.1388
7,1521,1528,0.1388
7,1522,1529,0.1388
7,1506,1513,0.1388
7,1500,1507,0.1388
7,1498,1505,0.1388
7,1517,1524,0.1388
7,1519,1526,0.1388
7,1496,1503,0.1388
7,1488,1495,0.1388
7,1490,1497,0.1388
7,1498,1505,0.1388
7,1510,1517,0.1388
7,1508,1515,0.1388
7,1512,1519,0.1388
7,1510,1517,0.1388
7,1505,1512,0.1388
7,1516,1523,0.1388
7,1507,1514,0.1388
7,1511,1518,0.1388
7,1521,1528,0.1388
7,1517,1524,0.1388
7,1510,1517,0.1388
7,1507,1514,0.1388
7,1501,1508,0.1388
7,1513,1520,0.1388
7,1510,1517,0.1388
7,1509,1516,0.1388
7,1509,1516,0.1388
7,1520,1527,0.1388
7,1500,1507,0.1388
7,1493,1500,0.1388
7,1491,1498,0.1388
6,1496,1502,0.1388
6,1502,1508,0.1388
7,1517,1524,0.1388
6,1526,1532,0.1388
6,1524,1530,0.1388
6,1513,1519,0.1388
6,1515,1521,0.1388
6,1517,1523,0.1388
6,1529,1535,0.1388
6,1515,1521,0.1388
5,1510,1515,0.1388
5,1502,1507,0.1388
5,1510,1515,0.1388
5,1507,1512,0.1388
6,1512,1518,0.1388
6,1519,1525,0.1388
6,1511,1517,0.1388
6,1515,1521,0.1388
6,1514,1520,0.1388
6,1503,1509,0.1388
7,1503,1510,0.1388
7,1505,1512,0.1388
8,1501,1509,0.1388
8,1500,1508,0.1388
7,1500,1507,0.1388
7,1501,1508,0.1388
7,1510,1517,0.1388
7,1509,1516,0.1388
9,1501,1510,0.1388
9,1496,1505,0.1388
9,1507,1516,0.1388
8,1509,1517,0.1388
8,1512,1520,0.1388
8,1497,1505,0.1388
8,1493,1501,0.1388
7,1480,1487,0.1388
7,1484,1491,0.1388
7,1498,1505,0.1388
7,1516,1523,0.1388
6,1521,1527,0.1388
7,1525,1532,0.1388
8,1513,1521,0.1388
8,1505,1513,0.1388
8,1507,1515,0.1388
8,1508,1516,0.1388
8,1503,1511,0.1388
8,1502,1510,0.1388
8,1505,1513,0.1388
8,1505,1513,0.1388
8,1493,1501,0.1388
8,1506,1514,0.1388
8,1507,1515,0.1388
8,1497,1505,0.1388
9,1495,1504,0.1388
7,1512,1519,0.1388
7,1498,1505,0.1388
7,1506,1513,0.1388
6,1502,1508,0.1388
6,1510,1516,0.1388
6,1507,1513,0.1388
6,1510,1516,0.1388
5,1515,1520,0.1388
5,1521,1526,0.1388
4,1519,1523,0.1388
5,1517,1522,0.1388
5,1525,1530,0.1388
6,1505,1511,0.1388
6,1508,1514,0.1388
6,1516,1522,0.1388
6,1510,1516,0.1388
6,1508,1514,0.1388
7,1516,1523,0.1388
7,1506,1513,0.1388
7,1505,1512,0.1388
7,1502,1509,0.1388
7,1502,1509,0.1388
7,1514,1521,0.1388
7,1498,1505,0.1388
7,1508,1515,0.1388
7,1501,1508,0.1388
6,1498,1504,0.1388
6,1509,1515,0.1388
5,1510,1515,0.1388
5,1508,1513,0.1388
5,1507,1512,0.1388
5,1513,1518,0.1388
5,1509,1514,0.1388
5,1502,1507,0.1388
5,1505,1510,0.1388
5,1497,1502,0.1388
5,1508,1513,0.1388
5,1503,1508,0.1388
5,1511,1516,0.1388
5,1515,1520,0.1388
5,1516,1521,0.1388
6,1512,1518,0.1388
6,1505,1511,0.1388
6,1503,1509,0.1388
6,1512,1518,0.1388
6,1513,1519,0.1388
6,1509,1515,0.1388
6,1508,1514,0.1388
7,1502,1509,0.1388
6,1514,1520,0.1388
6,1497,1503,0.1388
7,1502,1509,0.1388
7,1509,1516,0.1388
7,1504,1511,0.1388
7,1502,1509,0.1388
7,1488,1495,0.1388
7,1484,1491,0.1388
6,1504,1510,0.1388
6,1512,1518,0.1388
6,1509,1515,0.1388
6,1510,1516,0.1388
7,1511,1518,0.1388
6,1507,1513,0.1388
6,1513,1519,0.1388
6,1511,1517,0.1388
6,1523,1529,0.1388
6,1511,1517,0.1388
6,1515,1521,0.1388
6,1511,1517,0.1388
8,1518,1526,0.1388
8,1513,1521,0.1388
8,1512,1520,0.1388
7,1513,1520,0.1388
7,1518,1525,0.1388
7,1501,1508,0.1388
7,1510,1517,0.1388
7,1507,1514,0.1388
6,1513,1519,0.1388
6,1505,1511,0.1388
7,1526,1533,0.1388
7,1522,1529,0.1388
7,1517,1524,0.1388
7,1504,1511,0.1388
7,1508,1515,0.1388
7,1516,1523,0.1388
7,1517,1524,0.1388
7,1513,1520,0.1388
7,1529,1536,0.1388
7,1521,1528,0.1388
7,1519,1526,0.1388
7,1511,1518,0.1388
7,1512,1519,0.1388
5,1511,1516,0.1388
5,1515,1520,0.1388
5,1515,1520,0.1388
5,1511,1516,0.1388
5,1522,1527,0.1388
4,1518,1522,0.1388
4,1526,1530,0.1388
4,1521,1525,0.1388
4,1525,1529,0.1388
4,1525,1529,0.1388
4,1525,1529,0.1388
3,1520,1523,0.1388
3,1525,1528,0.1388
3,1518,1521,0.1388
3,1529,1532,0.1388
2,1514,1516,0.1388
0,1519,1519,0.1388
