1387,27,1414,0.1388
1408,28,1436,0.1388
1431,28,1459,0.1388
1429,32,1461,0.1388
1465,35,1500,0.1388
1463,33,1496,0.1388
1467,37,1504,0.1388
1451,36,1487,0.1388
1449,41,1490,0.1388
1441,39,1480,0.1388
1450,39,1489,0.1388
1460,39,1499,0.1388
1449,39,1488,0.1388
1449,40,1489,0.1388
1449,40,1489,0.1388
1453,40,1493,0.1388
1446,41,1487,0.1388
1442,38,1480,0.1388
1450,37,1487,0.1388
1470,36,1506,0.1388
1463,36,1499,0.1388
1459,36,1495,0.1388
1444,37,1481,0.1388
1452,37,1489,0.1388
1454,39,1493,0.1388
1459,39,1498,0.1388
1458,40,1498,0.1388
1460,42,1502,0.1388
1465,44,1509,0.1388
1458,44,1502,0.1388
1451,43,1494,0.1388
1442,41,1483,0.1388
1450,43,1493,0.1388
1456,41,1497,0.1388
1463,43,1506,0.1388
1457,43,1500,0.1388
1448,43,1491,0.1388
1458,41,1499,0.1388
1453,43,1496,0.1388
1462,42,1504,0.1388
1453,41,1494,0.1388
1469,39,1508,0.1388
1472,40,1512,0.1388
1472,40,1512,0.1388
1448,41,1489,0.1388
1463,42,1505,0.1388
1453,44,1497,0.1388
1445,45,1490,0.1388
1461,47,1508,0.1388
1457,48,1505,0.1388
1460,47,1507,0.1388
1456,48,1504,0.1388
1457,49,1506,0.1388
1463,47,1510,0.1388
1456,49,1505,0.1388
1460,49,1509,0.1388
1450,50,1500,0.1388
1447,49,1496,0.1388
1451,49,1500,0.1388
1457,48,1505,0.1388
1443,46,1489,0.1388
1444,42,1486,0.1388
1445,43,1488,0.1388
1435,42,1477,0.1388
1447,40,1487,0.1388
1447,37,1484,0.1388
1453,40,1493,0.1388
1459,39,1498,0.1388
1462,42,1504,0.1388
1462,41,1503,0.1388
1467,41,1508,0.1388
1472,42,1514,0.1388
1477,42,1519,0.1388
1455,44,1499,0.1388
1455,43,1498,0.1388
1449,43,1492,0.1388
1443,45,1488,0.1388
1451,43,1494,0.1388
1439,42,1481,0.1388
1440,44,1484,0.1388
1439,45,1484,0.1388
1435,46,1481,0.1388
1436,48,1484,0.1388
1453,47,1500,0.1388
1422,49,1471,0.1388
1431,48,1479,0.1388
1447,49,1496,0.1388
1456,49,1505,0.1388
1442,52,1494,0.1388
1437,50,1487,0.1388
1430,50,1480,0.1388
1429,51,1480,0.1388
1429,52,1481,0.1388
1416,53,1469,0.1388
1436,54,1490,0.1388
1434,54,1488,0.1388
1419,57,1476,0.1388
1425,53,1478,0.1388
1440,53,1493,0.1388
1427,52,1479,0.1388
1437,54,1491,0.1388
1460,53,1513,0.1388
1463,55,1518,0.1388
1464,55,1519,0.1388
1450,57,1507,0.1388
1445,59,1504,0.1388
1432,62,1494,0.1388
1430,61,1491,0.1388
1425,59,1484,0.1388
1431,62,1493,0.1388
1427,61,1488,0.1388
1425,63,1488,0.1388
1429,63,1492,0.1388
1427,61,1488,0.1388
1426,63,1489,0.1388
1426,65,1491,0.1388
1425,69,1494,0.1388
1425,70,1495,0.1388
1427,70,1497,0.1388
1427,67,1494,0.1388
1423,68,1491,0.1388
1417,69,1486,0.1388
1412,69,1481,0.1388
1423,70,1493,0.1388
1421,69,1490,0.1388
1419,63,1482,0.1388
1426,67,1493,0.1388
1420,67,1487,0.1388
1412,68,1480,0.1388
1419,68,1487,0.1388
1425,69,1494,0.1388
1431,67,1498,0.1388
1425,68,1493,0.1388
1433,71,1504,0.1388
1439,72,1511,0.1388
1429,74,1503,0.1388
1421,78,1499,0.1388
1404,81,1485,0.1388
1397,84,1481,0.1388
1412,85,1497,0.1388
1421,85,1506,0.1388
1423,84,1507,0.1388
1411,85,1496,0.1388
1402,87,1489,0.1388
1403,88,1491,0.1388
1399,86,1485,0.1388
1398,86,1484,0.1388
1405,85,1490,0.1388
1415,84,1499,0.1388
1405,85,1490,0.1388
1397,85,1482,0.1388
1392,85,1477,0.1388
1389,88,1477,0.1388
1384,86,1470,0.1388
1400,88,1488,0.1388
1400,87,1487,0.1388
1401,88,1489,0.1388
1408,87,1495,0.1388
1406,86,1492,0.1388
1412,90,1502,0.1388
1399,88,1487,0.1388
1382,88,1470,0.1388
1395,87,1482,0.1388
1403,86,1489,0.1388
1401,88,1489,0.1388
1401,86,1487,0.1388
1405,85,1490,0.1388
1398,83,1481,0.1388
1409,83,1492,0.1388
1414,83,1497,0.1388
1414,80,1494,0.1388
1427,80,1507,0.1388
1417,82,1499,0.1388
1427,80,1507,0.1388
1434,81,1515,0.1388
1431,81,1512,0.1388
1423,81,1504,0.1388
1412,80,1492,0.1388
1406,78,1484,0.1388
1405,79,1484,0.1388
1407,82,1489,0.1388
1413,82,1495,0.1388
1407,82,1489,0.1388
1407,81,1488,0.1388
1401,85,1486,0.1388
1392,81,1473,0.1388
1392,83,1475,0.1388
1393,83,1476,0.1388
1407,80,1487,0.1388
1406,82,1488,0.1388
1407,82,1489,0.1388
1414,87,1501,0.1388
1412,84,1496,0.1388
1423,84,1507,0.1388
1427,81,1508,0.1388
1412,79,1491,0.1388
1417,78,1495,0.1388
1426,83,1509,0.1388
1409,80,1489,0.1388
1416,85,1501,0.1388
1426,86,1512,0.1388
1422,87,1509,0.1388
1410,85,1495,0.1388
1391,87,1478,0.1388
1388,91,1479,0.1388
1403,95,1498,0.1388
1391,96,1487,0.1388
1398,95,1493,0.1388
1408,92,1500,0.1388
1402,89,1491,0.1388
1405,91,1496,0.1388
1411,89,1500,0.1388
1412,92,1504,0.1388
1407,88,1495,0.1388
1402,88,1490,0.1388
1406,93,1499,0.1388
1404,96,1500,0.1388
1407,96,1503,0.1388
1412,96,1508,0.1388
1407,99,1506,0.1388
1410,96,1506,0.1388
1410,97,1507,0.1388
1409,100,1509,0.1388
1408,100,1508,0.1388
1406,100,1506,0.1388
1408,100,1508,0.1388
1411,101,1512,0.1388
1410,101,1511,0.1388
1411,97,1508,0.1388
1416,99,1515,0.1388
1411,99,1510,0.1388
1407,100,1507,0.1388
1412,101,1513,0.1388
1399,99,1498,0.1388
1395,101,1496,0.1388
1398,108,1506,0.1388
1395,106,1501,0.1388
1399,106,1505,0.1388
1394,106,1500,0.1388
1389,109,1498,0.1388
1406,108,1514,0.1388
1394,108,1502,0.1388
1381,108,1489,0.1388
1381,110,1491,0.1388
1387,107,1494,0.1388
1378,107,1485,0.1388
1365,111,1476,0.1388
1368,112,1480,0.1388
1372,113,1485,0.1388
1378,119,1497,0.1388
1383,116,1499,0.1388
1370,118,1488,0.1388
1374,118,1492,0.1388
1387,118,1505,0.1388
1393,119,1512,0.1388
1399,120,1519,0.1388
1388,121,1509,0.1388
1380,119,1499,0.1388
1383,115,1498,0.1388
1385,118,1503,0.1388
1382,117,1499,0.1388
1385,119,1504,0.1388
1384,119,1503,0.1388
1394,121,1515,0.1388
1383,123,1506,0.1388
1378,121,1499,0.1388
1379,116,1495,0.1388
1371,122,1493,0.1388
1366,121,1487,0.1388
1375,123,1498,0.1388
1366,121,1487,0.1388
1363,119,1482,0.1388
1369,118,1487,0.1388
1365,120,1485,0.1388
1359,120,1479,0.1388
1373,118,1491,0.1388
1369,122,1491,0.1388
1356,124,1480,0.1388
1368,125,1493,0.1388
1361,128,1489,0.1388
1367,131,1498,0.1388
1361,124,1485,0.1388
1361,126,1487,0.1388
1362,123,1485,0.1388
1361,124,1485,0.1388
1357,126,1483,0.1388
1349,125,1474,0.1388
1349,127,1476,0.1388
1348,128,1476,0.1388
1359,129,1488,0.1388
1343,129,1472,0.1388
1344,130,1474,0.1388
1336,128,1464,0.1388
1343,134,1477,0.1388
1347,137,1484,0.1388
1355,137,1492,0.1388
1351,134,1485,0.1388
1355,132,1487,0.1388
1360,134,1494,0.1388
1346,137,1483,0.1388
1357,138,1495,0.1388
1346,137,1483,0.1388
1353,140,1493,0.1388
1345,140,1485,0.1388
1357,144,1501,0.1388
1335,148,1483,0.1388
1349,151,1500,0.1388
1364,152,1516,0.1388
1356,155,1511,0.1388
1349,157,1506,0.1388
1350,161,1511,0.1388
1339,157,1496,0.1388
1339,154,1493,0.1388
1344,160,1504,0.1388
1335,162,1497,0.1388
1327,159,1486,0.1388
1335,157,1492,0.1388
1330,163,1493,0.1388
1328,168,1496,0.1388
1319,167,1486,0.1388
1318,160,1478,0.1388
1321,161,1482,0.1388
1333,168,1501,0.1388
1321,168,1489,0.1388
1316,173,1489,0.1388
1321,170,1491,0.1388
1329,167,1496,0.1388
1322,169,1491,0.1388
1325,165,1490,0.1388
1320,165,1485,0.1388
1332,168,1500,0.1388
1340,168,1508,0.1388
1333,171,1504,0.1388
1330,174,1504,0.1388
1319,176,1495,0.1388
1322,176,1498,0.1388
1325,174,1499,0.1388
1318,170,1488,0.1388
1321,168,1489,0.1388
1311,172,1483,0.1388
1306,175,1481,0.1388
1303,175,1478,0.1388
1320,174,1494,0.1388
1311,171,1482,0.1388
1303,169,1472,0.1388
1320,171,1491,0.1388
1310,173,1483,0.1388
1323,171,1494,0.1388
1312,177,1489,0.1388
1307,176,1483,0.1388
1309,172,1481,0.1388
1314,168,1482,0.1388
1323,174,1497,0.1388
1302,175,1477,0.1388
1319,176,1495,0.1388
1326,182,1508,0.1388
1332,179,1511,0.1388
1327,184,1511,0.1388
1328,187,1515,0.1388
1316,178,1494,0.1388
1324,180,1504,0.1388
1328,180,1508,0.1388
1318,179,1497,0.1388
1335,179,1514,0.1388
1333,176,1509,0.1388
1316,175,1491,0.1388
1307,179,1486,0.1388
1311,187,1498,0.1388
1309,190,1499,0.1388
1319,189,1508,0.1388
1309,194,1503,0.1388
1301,194,1495,0.1388
1298,196,1494,0.1388
1303,196,1499,0.1388
1300,189,1489,0.1388
1305,193,1498,0.1388
1300,191,1491,0.1388
1303,196,1499,0.1388
1305,194,1499,0.1388
1309,195,1504,0.1388
1305,196,1501,0.1388
1305,195,1500,0.1388
1291,196,1487,0.1388
1277,199,1476,0.1388
1288,203,1491,0.1388
1280,204,1484,0.1388
1287,212,1499,0.1388
1283,216,1499,0.1388
1295,214,1509,0.1388
1291,213,1504,0.1388
1282,210,1492,0.1388
1283,214,1497,0.1388
1280,213,1493,0.1388
1290,210,1500,0.1388
1286,213,1499,0.1388
1278,212,1490,0.1388
1273,214,1487,0.1388
1272,214,1486,0.1388
1268,211,1479,0.1388
1265,216,1481,0.1388
1261,211,1472,0.1388
1272,215,1487,0.1388
1268,211,1479,0.1388
1280,215,1495,0.1388
1275,216,1491,0.1388
1274,217,1491,0.1388
1280,220,1500,0.1388
1274,223,1497,0.1388
1264,228,1492,0.1388
1252,228,1480,0.1388
1266,230,1496,0.1388
1256,227,1483,0.1388
1269,225,1494,0.1388
1263,224,1487,0.1388
1266,233,1499,0.1388
1272,233,1505,0.1388
1266,233,1499,0.1388
1258,233,1491,0.1388
1249,229,1478,0.1388
1258,225,1483,0.1388
1248,224,1472,0.1388
1253,228,1481,0.1388
1249,233,1482,0.1388
1265,235,1500,0.1388
1241,239,1480,0.1388
1248,240,1488,0.1388
1261,238,1499,0.1388
1258,239,1497,0.1388
1249,242,1491,0.1388
1249,240,1489,0.1388
1255,240,1495,0.1388
1258,243,1501,0.1388
1257,252,1509,0.1388
1256,250,1506,0.1388
1261,253,1514,0.1388
1262,253,1515,0.1388
1253,251,1504,0.1388
1236,252,1488,0.1388
1236,250,1486,0.1388
1224,254,1478,0.1388
1234,253,1487,0.1388
1240,251,1491,0.1388
1247,247,1494,0.1388
1252,251,1503,0.1388
1258,255,1513,0.1388
1241,258,1499,0.1388
1251,253,1504,0.1388
1256,259,1515,0.1388
1247,262,1509,0.1388
1235,258,1493,0.1388
1240,259,1499,0.1388
1221,266,1487,0.1388
1216,266,1482,0.1388
1214,268,1482,0.1388
1207,269,1476,0.1388
1201,269,1470,0.1388
1206,271,1477,0.1388
1217,266,1483,0.1388
1210,262,1472,0.1388
1208,268,1476,0.1388
1215,269,1484,0.1388
1218,268,1486,0.1388
1228,269,1497,0.1388
1228,265,1493,0.1388
1232,271,1503,0.1388
1236,270,1506,0.1388
1232,267,1499,0.1388
1226,271,1497,0.1388
1237,270,1507,0.1388
1226,272,1498,0.1388
1212,272,1484,0.1388
1230,270,1500,0.1388
1236,264,1500,0.1388
1243,276,1519,0.1388
1234,272,1506,0.1388
1231,276,1507,0.1388
1220,276,1496,0.1388
1213,279,1492,0.1388
1211,281,1492,0.1388
1217,283,1500,0.1388
1226,291,1517,0.1388
1220,288,1508,0.1388
1216,283,1499,0.1388
1220,286,1506,0.1388
1205,286,1491,0.1388
1207,288,1495,0.1388
1210,294,1504,0.1388
1214,292,1506,0.1388
1218,290,1508,0.1388
1214,295,1509,0.1388
1214,296,1510,0.1388
1205,292,1497,0.1388
1208,285,1493,0.1388
1216,279,1495,0.1388
1205,283,1488,0.1388
1198,289,1487,0.1388
1200,293,1493,0.1388
1205,294,1499,0.1388
1193,299,1492,0.1388
1197,303,1500,0.1388
1193,299,1492,0.1388
1208,296,1504,0.1388
1200,300,1500,0.1388
1197,299,1496,0.1388
1200,297,1497,0.1388
1196,293,1489,0.1388
1204,297,1501,0.1388
1201,295,1496,0.1388
1199,299,1498,0.1388
1194,294,1488,0.1388
1206,298,1504,0.1388
1198,298,1496,0.1388
1216,304,1520,0.1388
1210,303,1513,0.1388
1207,301,1508,0.1388
1193,299,1492,0.1388
1193,304,1497,0.1388
1191,306,1497,0.1388
1188,311,1499,0.1388
1186,315,1501,0.1388
1186,319,1505,0.1388
1182,314,1496,0.1388
1191,307,1498,0.1388
1188,309,1497,0.1388
1197,309,1506,0.1388
1203,311,1514,0.1388
1191,307,1498,0.1388
1187,305,1492,0.1388
1174,298,1472,0.1388
1174,304,1478,0.1388
1181,305,1486,0.1388
1184,308,1492,0.1388
1183,302,1485,0.1388
1177,306,1483,0.1388
1191,309,1500,0.1388
1191,315,1506,0.1388
1190,313,1503,0.1388
1191,304,1495,0.1388
1187,302,1489,0.1388
1193,302,1495,0.1388
1195,306,1501,0.1388
1189,304,1493,0.1388
1187,304,1491,0.1388
1187,308,1495,0.1388
1197,309,1506,0.1388
1197,307,1504,0.1388
1188,305,1493,0.1388
1204,309,1513,0.1388
1204,313,1517,0.1388
1193,315,1508,0.1388
1193,315,1508,0.1388
1195,311,1506,0.1388
1190,316,1506,0.1388
1189,315,1504,0.1388
1186,317,1503,0.1388
1197,310,1507,0.1388
1204,310,1514,0.1388
1189,309,1498,0.1388
1186,307,1493,0.1388
1175,308,1483,0.1388
1180,310,1490,0.1388
1169,303,1472,0.1388
1187,306,1493,0.1388
1192,310,1502,0.1388
1186,320,1506,0.1388
1190,312,1502,0.1388
1179,314,1493,0.1388
1178,321,1499,0.1388
1186,315,1501,0.1388
1185,316,1501,0.1388
1184,312,1496,0.1388
1188,305,1493,0.1388
1190,310,1500,0.1388
1176,307,1483,0.1388
1185,307,1492,0.1388
1190,302,1492,0.1388
1186,306,1492,0.1388
1181,309,1490,0.1388
1178,305,1483,0.1388
1185,304,1489,0.1388
1190,312,1502,0.1388
1188,315,1503,0.1388
1182,312,1494,0.1388
1177,311,1488,0.1388
1187,325,1512,0.1388
1181,329,1510,0.1388
1183,326,1509,0.1388
1184,315,1499,0.1388
1189,315,1504,0.1388
1189,314,1503,0.1388
1173,317,1490,0.1388
1181,321,1502,0.1388
1179,323,1502,0.1388
1173,325,1498,0.1388
1172,320,1492,0.1388
1182,317,1499,0.1388
1173,324,1497,0.1388
1180,321,1501,0.1388
1183,316,1499,0.1388
1179,315,1494,0.1388
1178,314,1492,0.1388
1183,319,1502,0.1388
1177,320,1497,0.1388
1175,313,1488,0.1388
1180,319,1499,0.1388
1171,316,1487,0.1388
1169,316,1485,0.1388
1167,312,1479,0.1388
1158,307,1465,0.1388
1175,312,1487,0.1388
1190,316,1506,0.1388
1180,309,1489,0.1388
1194,305,1499,0.1388
1197,309,1506,0.1388
1196,310,1506,0.1388
1200,311,1511,0.1388
1198,311,1509,0.1388
1202,312,1514,0.1388
1199,304,1503,0.1388
1187,308,1495,0.1388
1182,310,1492,0.1388
1197,308,1505,0.1388
1197,309,1506,0.1388
1188,315,1503,0.1388
1199,313,1512,0.1388
1213,315,1528,0.1388
1197,317,1514,0.1388
1202,321,1523,0.1388
1196,321,1517,0.1388
1192,329,1521,0.1388
1184,327,1511,0.1388
1186,328,1514,0.1388
1174,324,1498,0.1388
1171,320,1491,0.1388
1174,327,1501,0.1388
1183,333,1516,0.1388
1182,332,1514,0.1388
1184,327,1511,0.1388
1185,329,1514,0.1388
1181,331,1512,0.1388
1181,340,1521,0.1388
1162,343,1505,0.1388
1159,339,1498,0.1388
1165,332,1497,0.1388
1167,326,1493,0.1388
1169,330,1499,0.1388
1164,335,1499,0.1388
1168,335,1503,0.1388
1160,342,1502,0.1388
1155,344,1499,0.1388
1158,340,1498,0.1388
1158,339,1497,0.1388
1163,340,1503,0.1388
1150,348,1498,0.1388
1155,343,1498,0.1388
1152,347,1499,0.1388
1156,350,1506,0.1388
1145,350,1495,0.1388
1132,352,1484,0.1388
1142,356,1498,0.1388
1147,348,1495,0.1388
1157,346,1503,0.1388
1151,351,1502,0.1388
1158,346,1504,0.1388
1151,344,1495,0.1388
1158,344,1502,0.1388
1152,343,1495,0.1388
1153,349,1502,0.1388
1147,353,1500,0.1388
1148,353,1501,0.1388
1148,359,1507,0.1388
1141,361,1502,0.1388
1137,360,1497,0.1388
1118,355,1473,0.1388
1122,353,1475,0.1388
1123,359,1482,0.1388
1130,358,1488,0.1388
1118,360,1478,0.1388
1106,363,1469,0.1388
1110,361,1471,0.1388
1118,357,1475,0.1388
1124,366,1490,0.1388
1117,368,1485,0.1388
1117,375,1492,0.1388
1122,375,1497,0.1388
1120,369,1489,0.1388
1116,366,1482,0.1388
1113,374,1487,0.1388
1114,381,1495,0.1388
1125,377,1502,0.1388
1124,375,1499,0.1388
1120,376,1496,0.1388
1125,376,1501,0.1388
1130,374,1504,0.1388
1117,376,1493,0.1388
1113,387,1500,0.1388
1116,393,1509,0.1388
1113,387,1500,0.1388
1110,393,1503,0.1388
1110,386,1496,0.1388
1108,396,1504,0.1388
1115,395,1510,0.1388
1109,394,1503,0.1388
1103,381,1484,0.1388
1114,382,1496,0.1388
1117,385,1502,0.1388
1121,390,1511,0.1388
1117,388,1505,0.1388
1114,386,1500,0.1388
1124,384,1508,0.1388
1123,376,1499,0.1388
1130,382,1512,0.1388
1116,380,1496,0.1388
1101,383,1484,0.1388
1102,392,1494,0.1388
1104,397,1501,0.1388
1110,394,1504,0.1388
1100,393,1493,0.1388
1088,391,1479,0.1388
1103,396,1499,0.1388
1094,404,1498,0.1388
1097,408,1505,0.1388
1089,406,1495,0.1388
1090,406,1496,0.1388
1087,403,1490,0.1388
1096,401,1497,0.1388
1098,398,1496,0.1388
1086,397,1483,0.1388
1090,404,1494,0.1388
1097,402,1499,0.1388
1101,405,1506,0.1388
1092,405,1497,0.1388
1091,409,1500,0.1388
1089,413,1502,0.1388
1085,416,1501,0.1388
1091,417,1508,0.1388
1088,411,1499,0.1388
1082,412,1494,0.1388
1085,419,1504,0.1388
1093,413,1506,0.1388
1084,408,1492,0.1388
1070,413,1483,0.1388
1076,409,1485,0.1388
1075,416,1491,0.1388
1073,418,1491,0.1388
1076,420,1496,0.1388
1078,423,1501,0.1388
1078,425,1503,0.1388
1075,431,1506,0.1388
1073,433,1506,0.1388
1078,428,1506,0.1388
1074,431,1505,0.1388
1080,426,1506,0.1388
1084,433,1517,0.1388
1071,438,1509,0.1388
1066,440,1506,0.1388
1062,439,1501,0.1388
1068,439,1507,0.1388
1052,438,1490,0.1388
1058,440,1498,0.1388
1058,444,1502,0.1388
1044,438,1482,0.1388
1052,431,1483,0.1388
1052,435,1487,0.1388
1063,442,1505,0.1388
1058,444,1502,0.1388
1054,437,1491,0.1388
1066,443,1509,0.1388
1060,442,1502,0.1388
1062,444,1506,0.1388
1064,439,1503,0.1388
1065,434,1499,0.1388
1066,439,1505,0.1388
1062,444,1506,0.1388
1058,446,1504,0.1388
1056,445,1501,0.1388
1051,447,1498,0.1388
1053,452,1505,0.1388
1041,455,1496,0.1388
1039,458,1497,0.1388
1037,460,1497,0.1388
1034,464,1498,0.1388
1046,458,1504,0.1388
1039,449,1488,0.1388
1038,457,1495,0.1388
1028,466,1494,0.1388
1036,464,1500,0.1388
1035,457,1492,0.1388
1034,464,1498,0.1388
1035,463,1498,0.1388
1043,470,1513,0.1388
1042,466,1508,0.1388
1048,469,1517,0.1388
1034,480,1514,0.1388
1022,476,1498,0.1388
1017,480,1497,0.1388
1023,480,1503,0.1388
1012,483,1495,0.1388
1013,480,1493,0.1388
1007,485,1492,0.1388
1017,484,1501,0.1388
1017,487,1504,0.1388
1012,487,1499,0.1388
1014,490,1504,0.1388
1008,492,1500,0.1388
1014,487,1501,0.1388
1011,496,1507,0.1388
1001,497,1498,0.1388
998,496,1494,0.1388
996,496,1492,0.1388
998,492,1490,0.1388
996,493,1489,0.1388
1002,502,1504,0.1388
1007,490,1497,0.1388
1020,494,1514,0.1388
1013,491,1504,0.1388
1010,493,1503,0.1388
1009,498,1507,0.1388
1000,510,1510,0.1388
1006,498,1504,0.1388
1014,498,1512,0.1388
1013,505,1518,0.1388
1020,504,1524,0.1388
1023,503,1526,0.1388
1016,510,1526,0.1388
1011,513,1524,0.1388
1006,509,1515,0.1388
1007,503,1510,0.1388
1006,496,1502,0.1388
1000,505,1505,0.1388
1000,509,1509,0.1388
996,507,1503,0.1388
998,506,1504,0.1388
998,520,1518,0.1388
1005,512,1517,0.1388
995,524,1519,0.1388
991,521,1512,0.1388
991,523,1514,0.1388
969,529,1498,0.1388
963,533,1496,0.1388
957,534,1491,0.1388
953,544,1497,0.1388
951,544,1495,0.1388
957,544,1501,0.1388
957,545,1502,0.1388
956,547,1503,0.1388
956,551,1507,0.1388
956,557,1513,0.1388
961,554,1515,0.1388
954,553,1507,0.1388
955,560,1515,0.1388
950,558,1508,0.1388
949,554,1503,0.1388
954,552,1506,0.1388
949,555,1504,0.1388
954,555,1509,0.1388
958,553,1511,0.1388
943,564,1507,0.1388
946,560,1506,0.1388
937,564,1501,0.1388
944,565,1509,0.1388
931,563,1494,0.1388
933,571,1504,0.1388
933,567,1500,0.1388
940,560,1500,0.1388
940,559,1499,0.1388
944,567,1511,0.1388
940,571,1511,0.1388
937,566,1503,0.1388
941,574,1515,0.1388
944,575,1519,0.1388
932,575,1507,0.1388
927,578,1505,0.1388
920,579,1499,0.1388
918,578,1496,0.1388
919,582,1501,0.1388
926,577,1503,0.1388
921,580,1501,0.1388
913,586,1499,0.1388
913,580,1493,0.1388
917,582,1499,0.1388
919,576,1495,0.1388
912,568,1480,0.1388
913,580,1493,0.1388
917,594,1511,0.1388
910,593,1503,0.1388
908,599,1507,0.1388
901,596,1497,0.1388
903,597,1500,0.1388
913,591,1504,0.1388
906,599,1505,0.1388
905,601,1506,0.1388
903,602,1505,0.1388
906,598,1504,0.1388
906,594,1500,0.1388
901,604,1505,0.1388
903,609,1512,0.1388
895,598,1493,0.1388
909,605,1514,0.1388
906,609,1515,0.1388
906,610,1516,0.1388
907,610,1517,0.1388
908,604,1512,0.1388
903,607,1510,0.1388
903,610,1513,0.1388
896,617,1513,0.1388
894,616,1510,0.1388
893,616,1509,0.1388
883,607,1490,0.1388
892,610,1502,0.1388
896,601,1497,0.1388
894,594,1488,0.1388
907,589,1496,0.1388
915,592,1507,0.1388
914,599,1513,0.1388
902,595,1497,0.1388
909,608,1517,0.1388
907,599,1506,0.1388
899,598,1497,0.1388
901,603,1504,0.1388
906,601,1507,0.1388
901,611,1512,0.1388
902,608,1510,0.1388
910,602,1512,0.1388
906,604,1510,0.1388
902,609,1511,0.1388
898,614,1512,0.1388
908,608,1516,0.1388
903,604,1507,0.1388
905,606,1511,0.1388
893,605,1498,0.1388
893,607,1500,0.1388
891,610,1501,0.1388
894,605,1499,0.1388
894,613,1507,0.1388
892,615,1507,0.1388
883,610,1493,0.1388
884,611,1495,0.1388
874,608,1482,0.1388
874,607,1481,0.1388
874,616,1490,0.1388
886,618,1504,0.1388
877,628,1505,0.1388
882,627,1509,0.1388
888,627,1515,0.1388
881,629,1510,0.1388
879,623,1502,0.1388
883,623,1506,0.1388
880,625,1505,0.1388
884,622,1506,0.1388
892,626,1518,0.1388
884,627,1511,0.1388
875,621,1496,0.1388
879,616,1495,0.1388
880,624,1504,0.1388
890,632,1522,0.1388
886,631,1517,0.1388
884,624,1508,0.1388
873,634,1507,0.1388
870,640,1510,0.1388
877,639,1516,0.1388
872,642,1514,0.1388
876,636,1512,0.1388
875,640,1515,0.1388
876,642,1518,0.1388
873,641,1514,0.1388
876,638,1514,0.1388
867,633,1500,0.1388
866,637,1503,0.1388
867,639,1506,0.1388
862,645,1507,0.1388
864,634,1498,0.1388
877,624,1501,0.1388
854,632,1486,0.1388
865,643,1508,0.1388
859,644,1503,0.1388
847,648,1495,0.1388
853,647,1500,0.1388
850,645,1495,0.1388
857,647,1504,0.1388
860,648,1508,0.1388
841,642,1483,0.1388
835,651,1486,0.1388
840,656,1496,0.1388
848,652,1500,0.1388
848,654,1502,0.1388
848,650,1498,0.1388
849,652,1501,0.1388
844,650,1494,0.1388
854,655,1509,0.1388
860,652,1512,0.1388
861,661,1522,0.1388
865,658,1523,0.1388
856,659,1515,0.1388
854,654,1508,0.1388
852,659,1511,0.1388
849,662,1511,0.1388
845,668,1513,0.1388
842,682,1524,0.1388
830,683,1513,0.1388
825,689,1514,0.1388
828,692,1520,0.1388
821,700,1521,0.1388
810,700,1510,0.1388
815,703,1518,0.1388
808,702,1510,0.1388
809,703,1512,0.1388
796,696,1492,0.1388
802,697,1499,0.1388
812,702,1514,0.1388
803,702,1505,0.1388
801,715,1516,0.1388
802,719,1521,0.1388
795,716,1511,0.1388
791,716,1507,0.1388
792,713,1505,0.1388
792,725,1517,0.1388
801,727,1528,0.1388
793,728,1521,0.1388
799,718,1517,0.1388
793,716,1509,0.1388
782,721,1503,0.1388
777,727,1504,0.1388
777,728,1505,0.1388
784,729,1513,0.1388
776,730,1506,0.1388
773,732,1505,0.1388
765,734,1499,0.1388
768,730,1498,0.1388
777,742,1519,0.1388
776,735,1511,0.1388
783,734,1517,0.1388
778,731,1509,0.1388
776,729,1505,0.1388
767,735,1502,0.1388
764,745,1509,0.1388
749,740,1489,0.1388
760,750,1510,0.1388
762,758,1520,0.1388
770,760,1530,0.1388
762,763,1525,0.1388
753,757,1510,0.1388
745,762,1507,0.1388
734,761,1495,0.1388
722,755,1477,0.1388
734,748,1482,0.1388
741,749,1490,0.1388
737,749,1486,0.1388
742,755,1497,0.1388
741,749,1490,0.1388
747,755,1502,0.1388
733,752,1485,0.1388
730,755,1485,0.1388
728,751,1479,0.1388
731,748,1479,0.1388
742,760,1502,0.1388
739,752,1491,0.1388
742,765,1507,0.1388
741,756,1497,0.1388
730,753,1483,0.1388
735,748,1483,0.1388
731,757,1488,0.1388
731,757,1488,0.1388
738,771,1509,0.1388
729,768,1497,0.1388
733,787,1520,0.1388
729,786,1515,0.1388
730,786,1516,0.1388
729,792,1521,0.1388
734,779,1513,0.1388
728,773,1501,0.1388
726,784,1510,0.1388
724,781,1505,0.1388
709,788,1497,0.1388
711,792,1503,0.1388
719,791,1510,0.1388
729,793,1522,0.1388
725,791,1516,0.1388
716,800,1516,0.1388
708,804,1512,0.1388
715,807,1522,0.1388
705,810,1515,0.1388
711,804,1515,0.1388
710,801,1511,0.1388
714,797,1511,0.1388
708,801,1509,0.1388
706,800,1506,0.1388
710,797,1507,0.1388
703,793,1496,0.1388
688,796,1484,0.1388
696,799,1495,0.1388
699,804,1503,0.1388
691,813,1504,0.1388
692,814,1506,0.1388
689,809,1498,0.1388
681,807,1488,0.1388
688,820,1508,0.1388
687,823,1510,0.1388
687,826,1513,0.1388
683,828,1511,0.1388
680,830,1510,0.1388
677,825,1502,0.1388
678,821,1499,0.1388
676,826,1502,0.1388
681,831,1512,0.1388
677,833,1510,0.1388
665,828,1493,0.1388
673,828,1501,0.1388
676,840,1516,0.1388
676,844,1520,0.1388
668,854,1522,0.1388
666,849,1515,0.1388
677,849,1526,0.1388
674,852,1526,0.1388
671,844,1515,0.1388
665,831,1496,0.1388
661,848,1509,0.1388
665,853,1518,0.1388
664,845,1509,0.1388
667,841,1508,0.1388
664,850,1514,0.1388
666,849,1515,0.1388
670,841,1511,0.1388
669,841,1510,0.1388
668,849,1517,0.1388
662,849,1511,0.1388
661,834,1495,0.1388
664,832,1496,0.1388
663,843,1506,0.1388
670,842,1512,0.1388
668,835,1503,0.1388
672,835,1507,0.1388
677,842,1519,0.1388
676,846,1522,0.1388
669,852,1521,0.1388
674,848,1522,0.1388
665,850,1515,0.1388
657,848,1505,0.1388
648,850,1498,0.1388
643,854,1497,0.1388
650,846,1496,0.1388
656,847,1503,0.1388
670,842,1512,0.1388
665,850,1515,0.1388
659,852,1511,0.1388
660,854,1514,0.1388
666,847,1513,0.1388
660,846,1506,0.1388
654,834,1488,0.1388
651,829,1480,0.1388
650,834,1484,0.1388
652,824,1476,0.1388
669,829,1498,0.1388
671,835,1506,0.1388
674,831,1505,0.1388
676,831,1507,0.1388
678,834,1512,0.1388
672,840,1512,0.1388
671,841,1512,0.1388
673,845,1518,0.1388
669,836,1505,0.1388
663,846,1509,0.1388
661,860,1521,0.1388
655,849,1504,0.1388
662,855,1517,0.1388
660,857,1517,0.1388
651,856,1507,0.1388
640,847,1487,0.1388
650,843,1493,0.1388
647,850,1497,0.1388
646,866,1512,0.1388
640,868,1508,0.1388
644,863,1507,0.1388
652,864,1516,0.1388
656,859,1515,0.1388
659,865,1524,0.1388
647,858,1505,0.1388
650,861,1511,0.1388
647,863,1510,0.1388
649,867,1516,0.1388
649,863,1512,0.1388
654,869,1523,0.1388
653,866,1519,0.1388
650,873,1523,0.1388
648,869,1517,0.1388
638,873,1511,0.1388
635,872,1507,0.1388
638,867,1505,0.1388
647,863,1510,0.1388
648,867,1515,0.1388
641,861,1502,0.1388
637,858,1495,0.1388
626,864,1490,0.1388
624,867,1491,0.1388
632,871,1503,0.1388
622,875,1497,0.1388
616,895,1511,0.1388
618,877,1495,0.1388
625,877,1502,0.1388
629,879,1508,0.1388
624,867,1491,0.1388
635,865,1500,0.1388
633,869,1502,0.1388
636,880,1516,0.1388
637,878,1515,0.1388
630,877,1507,0.1388
625,887,1512,0.1388
618,889,1507,0.1388
609,880,1489,0.1388
612,870,1482,0.1388
616,870,1486,0.1388
619,883,1502,0.1388
618,880,1498,0.1388
614,877,1491,0.1388
615,891,1506,0.1388
621,899,1520,0.1388
615,904,1519,0.1388
614,906,1520,0.1388
610,905,1515,0.1388
613,898,1511,0.1388
608,903,1511,0.1388
603,907,1510,0.1388
602,910,1512,0.1388
603,903,1506,0.1388
600,911,1511,0.1388
604,904,1508,0.1388
610,907,1517,0.1388
607,906,1513,0.1388
607,901,1508,0.1388
612,911,1523,0.1388
612,907,1519,0.1388
604,905,1509,0.1388
606,912,1518,0.1388
601,900,1501,0.1388
604,908,1512,0.1388
606,903,1509,0.1388
605,905,1510,0.1388
593,909,1502,0.1388
596,920,1516,0.1388
592,921,1513,0.1388
589,918,1507,0.1388
585,928,1513,0.1388
584,924,1508,0.1388
584,921,1505,0.1388
589,910,1499,0.1388
581,913,1494,0.1388
575,912,1487,0.1388
570,925,1495,0.1388
573,924,1497,0.1388
572,928,1500,0.1388
578,928,1506,0.1388
573,925,1498,0.1388
578,927,1505,0.1388
569,931,1500,0.1388
566,938,1504,0.1388
570,938,1508,0.1388
577,943,1520,0.1388
570,940,1510,0.1388
560,936,1496,0.1388
559,944,1503,0.1388
566,942,1508,0.1388
557,943,1500,0.1388
546,949,1495,0.1388
553,948,1501,0.1388
553,940,1493,0.1388
544,945,1489,0.1388
554,949,1503,0.1388
549,943,1492,0.1388
556,953,1509,0.1388
561,962,1523,0.1388
557,960,1517,0.1388
556,954,1510,0.1388
556,967,1523,0.1388
550,958,1508,0.1388
556,955,1511,0.1388
551,950,1501,0.1388
555,958,1513,0.1388
559,960,1519,0.1388
555,958,1513,0.1388
552,953,1505,0.1388
550,947,1497,0.1388
549,963,1512,0.1388
541,961,1502,0.1388
540,964,1504,0.1388
541,972,1513,0.1388
549,979,1528,0.1388
541,963,1504,0.1388
543,966,1509,0.1388
548,958,1506,0.1388
551,957,1508,0.1388
553,958,1511,0.1388
551,965,1516,0.1388
544,963,1507,0.1388
537,970,1507,0.1388
535,972,1507,0.1388
539,961,1500,0.1388
537,961,1498,0.1388
536,961,1497,0.1388
532,965,1497,0.1388
539,982,1521,0.1388
541,985,1526,0.1388
538,974,1512,0.1388
538,962,1500,0.1388
530,977,1507,0.1388
524,971,1495,0.1388
523,963,1486,0.1388
518,959,1477,0.1388
521,957,1478,0.1388
524,961,1485,0.1388
535,968,1503,0.1388
537,964,1501,0.1388
530,974,1504,0.1388
533,982,1515,0.1388
541,976,1517,0.1388
543,974,1517,0.1388
539,976,1515,0.1388
536,971,1507,0.1388
533,979,1512,0.1388
538,982,1520,0.1388
542,986,1528,0.1388
534,988,1522,0.1388
532,981,1513,0.1388
529,977,1506,0.1388
525,990,1515,0.1388
518,998,1516,0.1388
515,997,1512,0.1388
516,997,1513,0.1388
520,1003,1523,0.1388
520,1005,1525,0.1388
518,1004,1522,0.1388
521,1003,1524,0.1388
524,999,1523,0.1388
521,991,1512,0.1388
517,1000,1517,0.1388
518,1009,1527,0.1388
506,1014,1520,0.1388
508,1007,1515,0.1388
495,1008,1503,0.1388
493,1009,1502,0.1388
501,1001,1502,0.1388
492,1009,1501,0.1388
503,1002,1505,0.1388
499,996,1495,0.1388
498,1001,1499,0.1388
497,1010,1507,0.1388
494,1020,1514,0.1388
485,1019,1504,0.1388
479,1020,1499,0.1388
479,1019,1498,0.1388
479,1021,1500,0.1388
485,1027,1512,0.1388
489,1017,1506,0.1388
483,1024,1507,0.1388
485,1037,1522,0.1388
477,1039,1516,0.1388
482,1030,1512,0.1388
477,1027,1504,0.1388
482,1029,1511,0.1388
486,1028,1514,0.1388
491,1033,1524,0.1388
492,1026,1518,0.1388
486,1036,1522,0.1388
492,1041,1533,0.1388
485,1022,1507,0.1388
484,1021,1505,0.1388
480,1030,1510,0.1388
479,1023,1502,0.1388
472,1033,1505,0.1388
469,1028,1497,0.1388
465,1018,1483,0.1388
465,1015,1480,0.1388
467,1031,1498,0.1388
469,1039,1508,0.1388
468,1038,1506,0.1388
466,1037,1503,0.1388
470,1038,1508,0.1388
474,1048,1522,0.1388
471,1051,1522,0.1388
470,1045,1515,0.1388
475,1044,1519,0.1388
479,1043,1522,0.1388
477,1040,1517,0.1388
476,1039,1515,0.1388
473,1040,1513,0.1388
473,1043,1516,0.1388
468,1036,1504,0.1388
459,1049,1508,0.1388
461,1046,1507,0.1388
465,1045,1510,0.1388
460,1042,1502,0.1388
465,1052,1517,0.1388
466,1057,1523,0.1388
466,1049,1515,0.1388
467,1050,1517,0.1388
464,1044,1508,0.1388
460,1036,1496,0.1388
468,1040,1508,0.1388
465,1055,1520,0.1388
464,1049,1513,0.1388
466,1038,1504,0.1388
465,1038,1503,0.1388
460,1046,1506,0.1388
473,1040,1513,0.1388
467,1040,1507,0.1388
463,1041,1504,0.1388
468,1044,1512,0.1388
457,1040,1497,0.1388
456,1050,1506,0.1388
450,1056,1506,0.1388
452,1056,1508,0.1388
456,1051,1507,0.1388
453,1040,1493,0.1388
447,1050,1497,0.1388
448,1056,1504,0.1388
450,1055,1505,0.1388
453,1047,1500,0.1388
457,1047,1504,0.1388
454,1061,1515,0.1388
453,1057,1510,0.1388
451,1062,1513,0.1388
450,1057,1507,0.1388
459,1069,1528,0.1388
453,1073,1526,0.1388
446,1072,1518,0.1388
439,1073,1512,0.1388
444,1073,1517,0.1388
440,1079,1519,0.1388
437,1071,1508,0.1388
433,1085,1518,0.1388
431,1073,1504,0.1388
439,1081,1520,0.1388
436,1077,1513,0.1388
439,1087,1526,0.1388
436,1086,1522,0.1388
428,1088,1516,0.1388
434,1087,1521,0.1388
436,1083,1519,0.1388
426,1087,1513,0.1388
432,1085,1517,0.1388
431,1085,1516,0.1388
424,1085,1509,0.1388
432,1085,1517,0.1388
427,1089,1516,0.1388
424,1087,1511,0.1388
423,1089,1512,0.1388
427,1089,1516,0.1388
420,1095,1515,0.1388
413,1093,1506,0.1388
407,1096,1503,0.1388
413,1104,1517,0.1388
412,1099,1511,0.1388
408,1098,1506,0.1388
412,1094,1506,0.1388
417,1089,1506,0.1388
420,1084,1504,0.1388
424,1091,1515,0.1388
425,1097,1522,0.1388
424,1080,1504,0.1388
425,1084,1509,0.1388
429,1092,1521,0.1388
437,1086,1523,0.1388
437,1075,1512,0.1388
438,1080,1518,0.1388
426,1083,1509,0.1388
435,1079,1514,0.1388
439,1083,1522,0.1388
438,1068,1506,0.1388
441,1083,1524,0.1388
439,1070,1509,0.1388
431,1083,1514,0.1388
441,1085,1526,0.1388
432,1085,1517,0.1388
432,1093,1525,0.1388
426,1089,1515,0.1388
431,1088,1519,0.1388
423,1083,1506,0.1388
417,1085,1502,0.1388
423,1086,1509,0.1388
431,1074,1505,0.1388
430,1083,1513,0.1388
429,1088,1517,0.1388
428,1090,1518,0.1388
423,1093,1516,0.1388
430,1085,1515,0.1388
427,1080,1507,0.1388
428,1087,1515,0.1388
425,1087,1512,0.1388
420,1091,1511,0.1388
417,1099,1516,0.1388
415,1092,1507,0.1388
411,1101,1512,0.1388
414,1101,1515,0.1388
412,1106,1518,0.1388
412,1107,1519,0.1388
409,1104,1513,0.1388
413,1104,1517,0.1388
418,1108,1526,0.1388
418,1103,1521,0.1388
419,1099,1518,0.1388
421,1097,1518,0.1388
416,1092,1508,0.1388
416,1089,1505,0.1388
417,1080,1497,0.1388
409,1084,1493,0.1388
409,1096,1505,0.1388
406,1094,1500,0.1388
408,1104,1512,0.1388
410,1105,1515,0.1388
408,1114,1522,0.1388
412,1115,1527,0.1388
413,1115,1528,0.1388
410,1104,1514,0.1388
407,1103,1510,0.1388
411,1103,1514,0.1388
410,1096,1506,0.1388
408,1108,1516,0.1388
406,1115,1521,0.1388
404,1105,1509,0.1388
404,1104,1508,0.1388
408,1111,1519,0.1388
406,1110,1516,0.1388
406,1124,1530,0.1388
402,1119,1521,0.1388
404,1118,1522,0.1388
404,1118,1522,0.1388
398,1122,1520,0.1388
401,1115,1516,0.1388
400,1105,1505,0.1388
397,1101,1498,0.1388
400,1104,1504,0.1388
387,1096,1483,0.1388
389,1099,1488,0.1388
394,1117,1511,0.1388
402,1119,1521,0.1388
403,1111,1514,0.1388
398,1117,1515,0.1388
395,1120,1515,0.1388
389,1108,1497,0.1388
391,1126,1517,0.1388
390,1117,1507,0.1388
388,1124,1512,0.1388
388,1104,1492,0.1388
395,1098,1493,0.1388
398,1090,1488,0.1388
394,1109,1503,0.1388
404,1113,1517,0.1388
402,1113,1515,0.1388
401,1115,1516,0.1388
386,1124,1510,0.1388
393,1117,1510,0.1388
392,1108,1500,0.1388
390,1112,1502,0.1388
388,1112,1500,0.1388
384,1124,1508,0.1388
381,1118,1499,0.1388
381,1116,1497,0.1388
379,1112,1491,0.1388
383,1106,1489,0.1388
387,1118,1505,0.1388
387,1120,1507,0.1388
381,1130,1511,0.1388
383,1128,1511,0.1388
380,1127,1507,0.1388
380,1135,1515,0.1388
382,1136,1518,0.1388
379,1139,1518,0.1388
377,1123,1500,0.1388
378,1124,1502,0.1388
375,1129,1504,0.1388
376,1125,1501,0.1388
375,1125,1500,0.1388
370,1136,1506,0.1388
368,1128,1496,0.1388
371,1142,1513,0.1388
371,1131,1502,0.1388
363,1153,1516,0.1388
367,1145,1512,0.1388
367,1138,1505,0.1388
365,1138,1503,0.1388
358,1145,1503,0.1388
359,1153,1512,0.1388
366,1152,1518,0.1388
360,1141,1501,0.1388
358,1142,1500,0.1388
357,1146,1503,0.1388
362,1151,1513,0.1388
358,1152,1510,0.1388
354,1160,1514,0.1388
350,1160,1510,0.1388
348,1159,1507,0.1388
342,1154,1496,0.1388
338,1153,1491,0.1388
339,1158,1497,0.1388
346,1157,1503,0.1388
342,1160,1502,0.1388
351,1150,1501,0.1388
352,1151,1503,0.1388
350,1161,1511,0.1388
350,1147,1497,0.1388
353,1151,1504,0.1388
347,1157,1504,0.1388
346,1162,1508,0.1388
345,1157,1502,0.1388
348,1154,1502,0.1388
352,1155,1507,0.1388
359,1150,1509,0.1388
359,1146,1505,0.1388
356,1147,1503,0.1388
357,1154,1511,0.1388
356,1160,1516,0.1388
356,1164,1520,0.1388
347,1153,1500,0.1388
347,1141,1488,0.1388
343,1155,1498,0.1388
342,1153,1495,0.1388
339,1166,1505,0.1388
335,1166,1501,0.1388
338,1171,1509,0.1388
335,1170,1505,0.1388
333,1169,1502,0.1388
336,1174,1510,0.1388
335,1188,1523,0.1388
334,1186,1520,0.1388
330,1179,1509,0.1388
334,1177,1511,0.1388
333,1174,1507,0.1388
333,1175,1508,0.1388
326,1183,1509,0.1388
329,1187,1516,0.1388
329,1193,1522,0.1388
325,1200,1525,0.1388
325,1209,1534,0.1388
322,1218,1540,0.1388
325,1209,1534,0.1388
331,1197,1528,0.1388
331,1191,1522,0.1388
329,1197,1526,0.1388
320,1197,1517,0.1388
314,1192,1506,0.1388
309,1191,1500,0.1388
307,1183,1490,0.1388
312,1183,1495,0.1388
317,1189,1506,0.1388
320,1190,1510,0.1388
318,1167,1485,0.1388
314,1172,1486,0.1388
314,1183,1497,0.1388
318,1182,1500,0.1388
321,1191,1512,0.1388
318,1187,1505,0.1388
318,1192,1510,0.1388
314,1198,1512,0.1388
315,1196,1511,0.1388
315,1200,1515,0.1388
318,1196,1514,0.1388
321,1191,1512,0.1388
320,1203,1523,0.1388
320,1199,1519,0.1388
319,1202,1521,0.1388
318,1195,1513,0.1388
322,1193,1515,0.1388
322,1189,1511,0.1388
325,1200,1525,0.1388
326,1190,1516,0.1388
324,1187,1511,0.1388
323,1192,1515,0.1388
320,1197,1517,0.1388
323,1195,1518,0.1388
325,1196,1521,0.1388
321,1197,1518,0.1388
320,1197,1517,0.1388
308,1208,1516,0.1388
303,1208,1511,0.1388
303,1203,1506,0.1388
311,1201,1512,0.1388
311,1202,1513,0.1388
308,1198,1506,0.1388
300,1203,1503,0.1388
301,1204,1505,0.1388
298,1194,1492,0.1388
303,1201,1504,0.1388
297,1209,1506,0.1388
298,1214,1512,0.1388
299,1204,1503,0.1388
297,1201,1498,0.1388
298,1202,1500,0.1388
299,1198,1497,0.1388
293,1196,1489,0.1388
304,1198,1502,0.1388
303,1194,1497,0.1388
302,1201,1503,0.1388
300,1211,1511,0.1388
297,1216,1513,0.1388
294,1225,1519,0.1388
296,1232,1528,0.1388
301,1222,1523,0.1388
308,1208,1516,0.1388
308,1212,1520,0.1388
302,1214,1516,0.1388
299,1221,1520,0.1388
294,1217,1511,0.1388
290,1220,1510,0.1388
291,1220,1511,0.1388
291,1229,1520,0.1388
294,1233,1527,0.1388
292,1240,1532,0.1388
301,1231,1532,0.1388
296,1235,1531,0.1388
293,1242,1535,0.1388
288,1226,1514,0.1388
288,1231,1519,0.1388
289,1225,1514,0.1388
284,1224,1508,0.1388
281,1222,1503,0.1388
275,1234,1509,0.1388
275,1218,1493,0.1388
273,1211,1484,0.1388
274,1222,1496,0.1388
272,1228,1500,0.1388
274,1232,1506,0.1388
272,1221,1493,0.1388
273,1231,1504,0.1388
271,1229,1500,0.1388
266,1228,1494,0.1388
267,1242,1509,0.1388
259,1242,1501,0.1388
256,1249,1505,0.1388
264,1264,1528,0.1388
262,1261,1523,0.1388
263,1255,1518,0.1388
259,1266,1525,0.1388
259,1261,1520,0.1388
254,1257,1511,0.1388
253,1249,1502,0.1388
253,1257,1510,0.1388
254,1268,1522,0.1388
257,1268,1525,0.1388
259,1272,1531,0.1388
257,1255,1512,0.1388
256,1264,1520,0.1388
252,1270,1522,0.1388
255,1265,1520,0.1388
253,1264,1517,0.1388
252,1261,1513,0.1388
251,1253,1504,0.1388
245,1257,1502,0.1388
243,1256,1499,0.1388
244,1256,1500,0.1388
250,1255,1505,0.1388
250,1260,1510,0.1388
247,1253,1500,0.1388
247,1259,1506,0.1388
242,1268,1510,0.1388
249,1265,1514,0.1388
247,1268,1515,0.1388
249,1274,1523,0.1388
243,1286,1529,0.1388
244,1267,1511,0.1388
246,1277,1523,0.1388
254,1279,1533,0.1388
254,1270,1524,0.1388
246,1262,1508,0.1388
245,1253,1498,0.1388
251,1249,1500,0.1388
248,1251,1499,0.1388
248,1255,1503,0.1388
256,1248,1504,0.1388
254,1252,1506,0.1388
259,1248,1507,0.1388
262,1248,1510,0.1388
253,1257,1510,0.1388
255,1257,1512,0.1388
254,1264,1518,0.1388
254,1265,1519,0.1388
248,1261,1509,0.1388
244,1267,1511,0.1388
248,1257,1505,0.1388
243,1258,1501,0.1388
245,1262,1507,0.1388
251,1269,1520,0.1388
248,1253,1501,0.1388
251,1253,1504,0.1388
245,1251,1496,0.1388
247,1258,1505,0.1388
253,1266,1519,0.1388
248,1260,1508,0.1388
250,1261,1511,0.1388
251,1270,1521,0.1388
247,1252,1499,0.1388
247,1259,1506,0.1388
249,1257,1506,0.1388
257,1267,1524,0.1388
249,1260,1509,0.1388
248,1263,1511,0.1388
249,1262,1511,0.1388
241,1264,1505,0.1388
244,1262,1506,0.1388
240,1260,1500,0.1388
239,1261,1500,0.1388
235,1266,1501,0.1388
236,1271,1507,0.1388
243,1258,1501,0.1388
238,1273,1511,0.1388
241,1277,1518,0.1388
246,1257,1503,0.1388
245,1261,1506,0.1388
238,1265,1503,0.1388
235,1268,1503,0.1388
235,1282,1517,0.1388
238,1278,1516,0.1388
239,1293,1532,0.1388
239,1277,1516,0.1388
237,1260,1497,0.1388
238,1259,1497,0.1388
236,1277,1513,0.1388
225,1279,1504,0.1388
222,1282,1504,0.1388
229,1262,1491,0.1388
229,1267,1496,0.1388
235,1267,1502,0.1388
236,1262,1498,0.1388
235,1260,1495,0.1388
228,1250,1478,0.1388
229,1265,1494,0.1388
230,1269,1499,0.1388
231,1264,1495,0.1388
230,1256,1486,0.1388
226,1279,1505,0.1388
226,1279,1505,0.1388
222,1275,1497,0.1388
225,1285,1510,0.1388
225,1291,1516,0.1388
225,1304,1529,0.1388
220,1298,1518,0.1388
220,1285,1505,0.1388
220,1295,1515,0.1388
217,1301,1518,0.1388
215,1306,1521,0.1388
216,1298,1514,0.1388
208,1302,1510,0.1388
206,1294,1500,0.1388
211,1296,1507,0.1388
213,1293,1506,0.1388
214,1293,1507,0.1388
215,1290,1505,0.1388
211,1301,1512,0.1388
207,1307,1514,0.1388
208,1306,1514,0.1388
209,1303,1512,0.1388
213,1298,1511,0.1388
208,1294,1502,0.1388
216,1299,1515,0.1388
217,1293,1510,0.1388
215,1294,1509,0.1388
218,1291,1509,0.1388
216,1311,1527,0.1388
214,1304,1518,0.1388
218,1303,1521,0.1388
213,1300,1513,0.1388
213,1300,1513,0.1388
216,1288,1504,0.1388
211,1299,1510,0.1388
206,1313,1519,0.1388
205,1307,1512,0.1388
201,1299,1500,0.1388
198,1307,1505,0.1388
203,1295,1498,0.1388
205,1305,1510,0.1388
202,1299,1501,0.1388
204,1299,1503,0.1388
206,1310,1516,0.1388
204,1306,1510,0.1388
199,1317,1516,0.1388
199,1330,1529,0.1388
207,1321,1528,0.1388
205,1317,1522,0.1388
202,1308,1510,0.1388
203,1312,1515,0.1388
204,1325,1529,0.1388
201,1336,1537,0.1388
201,1323,1524,0.1388
197,1327,1524,0.1388
196,1320,1516,0.1388
196,1330,1526,0.1388
196,1329,1525,0.1388
193,1318,1511,0.1388
193,1324,1517,0.1388
183,1318,1501,0.1388
184,1329,1513,0.1388
183,1329,1512,0.1388
193,1336,1529,0.1388
197,1331,1528,0.1388
196,1321,1517,0.1388
202,1322,1524,0.1388
196,1329,1525,0.1388
196,1327,1523,0.1388
199,1334,1533,0.1388
197,1342,1539,0.1388
199,1330,1529,0.1388
194,1323,1517,0.1388
191,1324,1515,0.1388
192,1324,1516,0.1388
189,1311,1500,0.1388
188,1310,1498,0.1388
190,1313,1503,0.1388
196,1315,1511,0.1388
197,1308,1505,0.1388
196,1315,1511,0.1388
191,1313,1504,0.1388
190,1314,1504,0.1388
195,1317,1512,0.1388
199,1317,1516,0.1388
202,1316,1518,0.1388
207,1325,1532,0.1388
207,1320,1527,0.1388
211,1313,1524,0.1388
209,1307,1516,0.1388
209,1300,1509,0.1388
204,1295,1499,0.1388
205,1305,1510,0.1388
203,1301,1504,0.1388
203,1303,1506,0.1388
196,1309,1505,0.1388
193,1314,1507,0.1388
198,1310,1508,0.1388
197,1321,1518,0.1388
199,1313,1512,0.1388
196,1322,1518,0.1388
192,1316,1508,0.1388
191,1316,1507,0.1388
195,1322,1517,0.1388
195,1326,1521,0.1388
196,1323,1519,0.1388
194,1335,1529,0.1388
194,1321,1515,0.1388
185,1332,1517,0.1388
185,1320,1505,0.1388
181,1325,1506,0.1388
181,1327,1508,0.1388
183,1332,1515,0.1388
185,1332,1517,0.1388
183,1329,1512,0.1388
183,1334,1517,0.1388
185,1330,1515,0.1388
184,1318,1502,0.1388
185,1329,1514,0.1388
183,1316,1499,0.1388
187,1325,1512,0.1388
185,1313,1498,0.1388
184,1318,1502,0.1388
178,1337,1515,0.1388
181,1326,1507,0.1388
180,1330,1510,0.1388
178,1337,1515,0.1388
179,1331,1510,0.1388
175,1327,1502,0.1388
180,1314,1494,0.1388
181,1315,1496,0.1388
186,1328,1514,0.1388
187,1326,1513,0.1388
189,1333,1522,0.1388
179,1333,1512,0.1388
180,1325,1505,0.1388
182,1328,1510,0.1388
178,1333,1511,0.1388
180,1337,1517,0.1388
182,1329,1511,0.1388
186,1312,1498,0.1388
190,1320,1510,0.1388
181,1307,1488,0.1388
180,1319,1499,0.1388
182,1316,1498,0.1388
185,1320,1505,0.1388
184,1316,1500,0.1388
187,1312,1499,0.1388
187,1329,1516,0.1388
184,1333,1517,0.1388
181,1317,1498,0.1388
183,1311,1494,0.1388
191,1313,1504,0.1388
190,1306,1496,0.1388
189,1316,1505,0.1388
189,1335,1524,0.1388
189,1329,1518,0.1388
187,1331,1518,0.1388
187,1328,1515,0.1388
187,1324,1511,0.1388
193,1318,1511,0.1388
195,1323,1518,0.1388
190,1326,1516,0.1388
194,1332,1526,0.1388
194,1325,1519,0.1388
191,1334,1525,0.1388
194,1331,1525,0.1388
191,1329,1520,0.1388
190,1335,1525,0.1388
190,1336,1526,0.1388
190,1324,1514,0.1388
184,1323,1507,0.1388
190,1324,1514,0.1388
186,1324,1510,0.1388
185,1325,1510,0.1388
189,1342,1531,0.1388
185,1339,1524,0.1388
189,1330,1519,0.1388
188,1314,1502,0.1388
187,1341,1528,0.1388
180,1342,1522,0.1388
184,1349,1533,0.1388
184,1352,1536,0.1388
183,1339,1522,0.1388
183,1344,1527,0.1388
177,1348,1525,0.1388
174,1335,1509,0.1388
172,1334,1506,0.1388
171,1322,1493,0.1388
172,1333,1505,0.1388
171,1340,1511,0.1388
172,1322,1494,0.1388
171,1342,1513,0.1388
173,1343,1516,0.1388
171,1340,1511,0.1388
169,1348,1517,0.1388
169,1344,1513,0.1388
173,1351,1524,0.1388
170,1347,1517,0.1388
169,1350,1519,0.1388
167,1345,1512,0.1388
166,1349,1515,0.1388
166,1351,1517,0.1388
159,1351,1510,0.1388
161,1347,1508,0.1388
167,1350,1517,0.1388
168,1348,1516,0.1388
166,1347,1513,0.1388
164,1361,1525,0.1388
161,1342,1503,0.1388
154,1336,1490,0.1388
154,1345,1499,0.1388
157,1346,1503,0.1388
155,1351,1506,0.1388
153,1368,1521,0.1388
153,1363,1516,0.1388
150,1377,1527,0.1388
152,1368,1520,0.1388
153,1369,1522,0.1388
149,1373,1522,0.1388
147,1370,1517,0.1388
150,1377,1527,0.1388
147,1382,1529,0.1388
148,1369,1517,0.1388
145,1363,1508,0.1388
148,1369,1517,0.1388
151,1357,1508,0.1388
152,1357,1509,0.1388
147,1362,1509,0.1388
146,1351,1497,0.1388
146,1353,1499,0.1388
147,1351,1498,0.1388
146,1359,1505,0.1388
147,1371,1518,0.1388
147,1376,1523,0.1388
149,1372,1521,0.1388
146,1375,1521,0.1388
144,1386,1530,0.1388
145,1380,1525,0.1388
150,1381,1531,0.1388
155,1382,1537,0.1388
153,1364,1517,0.1388
151,1365,1516,0.1388
150,1354,1504,0.1388
152,1356,1508,0.1388
150,1362,1512,0.1388
149,1366,1515,0.1388
145,1368,1513,0.1388
147,1367,1514,0.1388
147,1379,1526,0.1388
145,1367,1512,0.1388
149,1367,1516,0.1388
150,1364,1514,0.1388
150,1367,1517,0.1388
149,1362,1511,0.1388
145,1371,1516,0.1388
143,1365,1508,0.1388
145,1378,1523,0.1388
144,1378,1522,0.1388
141,1376,1517,0.1388
143,1372,1515,0.1388
148,1369,1517,0.1388
142,1369,1511,0.1388
141,1364,1505,0.1388
139,1368,1507,0.1388
137,1372,1509,0.1388
138,1396,1534,0.1388
135,1386,1521,0.1388
135,1381,1516,0.1388
138,1370,1508,0.1388
142,1365,1507,0.1388
139,1368,1507,0.1388
137,1373,1510,0.1388
137,1362,1499,0.1388
138,1375,1513,0.1388
145,1373,1518,0.1388
145,1373,1518,0.1388
143,1374,1517,0.1388
146,1383,1529,0.1388
145,1382,1527,0.1388
146,1369,1515,0.1388
144,1365,1509,0.1388
147,1364,1511,0.1388
146,1360,1506,0.1388
144,1361,1505,0.1388
144,1361,1505,0.1388
141,1376,1517,0.1388
143,1377,1520,0.1388
145,1378,1523,0.1388
143,1372,1515,0.1388
140,1379,1519,0.1388
140,1381,1521,0.1388
138,1385,1523,0.1388
134,1375,1509,0.1388
136,1370,1506,0.1388
138,1366,1504,0.1388
136,1370,1506,0.1388
140,1382,1522,0.1388
138,1384,1522,0.1388
138,1376,1514,0.1388
137,1390,1527,0.1388
137,1379,1516,0.1388
140,1382,1522,0.1388
140,1388,1528,0.1388
138,1380,1518,0.1388
139,1379,1518,0.1388
139,1377,1516,0.1388
139,1383,1522,0.1388
140,1378,1518,0.1388
141,1371,1512,0.1388
139,1374,1513,0.1388
137,1365,1502,0.1388
135,1371,1506,0.1388
130,1372,1502,0.1388
129,1372,1501,0.1388
128,1388,1516,0.1388
128,1388,1516,0.1388
124,1403,1527,0.1388
129,1387,1516,0.1388
127,1384,1511,0.1388
129,1380,1509,0.1388
129,1384,1513,0.1388
127,1388,1515,0.1388
132,1386,1518,0.1388
130,1393,1523,0.1388
129,1394,1523,0.1388
129,1381,1510,0.1388
125,1383,1508,0.1388
128,1386,1514,0.1388
127,1386,1513,0.1388
125,1391,1516,0.1388
124,1397,1521,0.1388
123,1381,1504,0.1388
120,1395,1515,0.1388
119,1401,1520,0.1388
122,1403,1525,0.1388
119,1396,1515,0.1388
120,1393,1513,0.1388
123,1398,1521,0.1388
123,1411,1534,0.1388
125,1413,1538,0.1388
125,1404,1529,0.1388
124,1404,1528,0.1388
124,1407,1531,0.1388
128,1406,1534,0.1388
125,1401,1526,0.1388
131,1384,1515,0.1388
126,1392,1518,0.1388
124,1374,1498,0.1388
127,1385,1512,0.1388
129,1390,1519,0.1388
123,1396,1519,0.1388
121,1392,1513,0.1388
124,1390,1514,0.1388
121,1389,1510,0.1388
119,1398,1517,0.1388
116,1397,1513,0.1388
119,1398,1517,0.1388
118,1397,1515,0.1388
118,1399,1517,0.1388
122,1411,1533,0.1388
118,1405,1523,0.1388
116,1397,1513,0.1388
116,1409,1525,0.1388
115,1403,1518,0.1388
112,1401,1513,0.1388
112,1413,1525,0.1388
109,1395,1504,0.1388
112,1394,1506,0.1388
109,1404,1513,0.1388
111,1408,1519,0.1388
110,1403,1513,0.1388
108,1401,1509,0.1388
107,1408,1515,0.1388
107,1410,1517,0.1388
100,1422,1522,0.1388
101,1419,1520,0.1388
103,1425,1528,0.1388
101,1411,1512,0.1388
100,1410,1510,0.1388
99,1424,1523,0.1388
98,1416,1514,0.1388
98,1420,1518,0.1388
102,1408,1510,0.1388
103,1401,1504,0.1388
102,1408,1510,0.1388
105,1398,1503,0.1388
104,1407,1511,0.1388
107,1428,1535,0.1388
104,1430,1534,0.1388
103,1411,1514,0.1388
102,1424,1526,0.1388
100,1421,1521,0.1388
100,1418,1518,0.1388
100,1410,1510,0.1388
101,1418,1519,0.1388
95,1418,1513,0.1388
94,1413,1507,0.1388
96,1402,1498,0.1388
96,1410,1506,0.1388
96,1423,1519,0.1388
94,1426,1520,0.1388
95,1419,1514,0.1388
95,1416,1511,0.1388
96,1413,1509,0.1388
95,1428,1523,0.1388
93,1427,1520,0.1388
91,1435,1526,0.1388
90,1426,1516,0.1388
89,1444,1533,0.1388
91,1433,1524,0.1388
90,1429,1519,0.1388
91,1432,1523,0.1388
93,1430,1523,0.1388
94,1432,1526,0.1388
92,1434,1526,0.1388
89,1423,1512,0.1388
93,1427,1520,0.1388
89,1428,1517,0.1388
91,1430,1521,0.1388
89,1441,1530,0.1388
87,1428,1515,0.1388
88,1435,1523,0.1388
86,1436,1522,0.1388
86,1432,1518,0.1388
88,1429,1517,0.1388
90,1425,1515,0.1388
87,1415,1502,0.1388
89,1406,1495,0.1388
89,1418,1507,0.1388
89,1420,1509,0.1388
93,1415,1508,0.1388
95,1433,1528,0.1388
96,1432,1528,0.1388
95,1433,1528,0.1388
96,1428,1524,0.1388
95,1421,1516,0.1388
93,1418,1511,0.1388
93,1414,1507,0.1388
90,1431,1521,0.1388
89,1424,1513,0.1388
88,1426,1514,0.1388
88,1435,1523,0.1388
90,1432,1522,0.1388
88,1423,1511,0.1388
90,1422,1512,0.1388
88,1425,1513,0.1388
86,1423,1509,0.1388
86,1438,1524,0.1388
85,1443,1528,0.1388
86,1436,1522,0.1388
85,1433,1518,0.1388
82,1424,1506,0.1388
79,1429,1508,0.1388
81,1414,1495,0.1388
84,1422,1506,0.1388
85,1416,1501,0.1388
81,1429,1510,0.1388
84,1434,1518,0.1388
85,1434,1519,0.1388
82,1420,1502,0.1388
80,1418,1498,0.1388
78,1423,1501,0.1388
75,1437,1512,0.1388
76,1433,1509,0.1388
75,1449,1524,0.1388
72,1459,1531,0.1388
74,1456,1530,0.1388
76,1449,1525,0.1388
76,1449,1525,0.1388
78,1439,1517,0.1388
80,1435,1515,0.1388
80,1431,1511,0.1388
78,1436,1514,0.1388
80,1441,1521,0.1388
80,1435,1515,0.1388
82,1419,1501,0.1388
78,1419,1497,0.1388
81,1426,1507,0.1388
82,1436,1518,0.1388
83,1436,1519,0.1388
83,1439,1522,0.1388
83,1443,1526,0.1388
83,1445,1528,0.1388
84,1446,1530,0.1388
84,1435,1519,0.1388
83,1435,1518,0.1388
83,1427,1510,0.1388
82,1433,1515,0.1388
81,1432,1513,0.1388
80,1432,1512,0.1388
84,1443,1527,0.1388
84,1445,1529,0.1388
84,1442,1526,0.1388
81,1445,1526,0.1388
78,1443,1521,0.1388
77,1442,1519,0.1388
78,1437,1515,0.1388
77,1452,1529,0.1388
80,1448,1528,0.1388
77,1449,1526,0.1388
77,1442,1519,0.1388
75,1453,1528,0.1388
77,1457,1534,0.1388
76,1439,1515,0.1388
72,1442,1514,0.1388
70,1443,1513,0.1388
69,1443,1512,0.1388
73,1444,1517,0.1388
69,1434,1503,0.1388
71,1442,1513,0.1388
66,1452,1518,0.1388
66,1455,1521,0.1388
70,1454,1524,0.1388
71,1464,1535,0.1388
71,1449,1520,0.1388
70,1460,1530,0.1388
67,1455,1522,0.1388
64,1453,1517,0.1388
64,1454,1518,0.1388
63,1456,1519,0.1388
61,1450,1511,0.1388
60,1457,1517,0.1388
58,1467,1525,0.1388
58,1468,1526,0.1388
55,1468,1523,0.1388
54,1474,1528,0.1388
50,1458,1508,0.1388
54,1458,1512,0.1388
55,1459,1514,0.1388
57,1455,1512,0.1388
56,1467,1523,0.1388
53,1462,1515,0.1388
56,1469,1525,0.1388
58,1458,1516,0.1388
60,1451,1511,0.1388
62,1437,1499,0.1388
60,1452,1512,0.1388
62,1463,1525,0.1388
59,1460,1519,0.1388
55,1465,1520,0.1388
56,1457,1513,0.1388
58,1453,1511,0.1388
59,1456,1515,0.1388
58,1454,1512,0.1388
59,1460,1519,0.1388
58,1456,1514,0.1388
61,1452,1513,0.1388
59,1441,1500,0.1388
59,1443,1502,0.1388
58,1453,1511,0.1388
59,1472,1531,0.1388
56,1460,1516,0.1388
56,1464,1520,0.1388
57,1464,1521,0.1388
58,1473,1531,0.1388
58,1471,1529,0.1388
55,1470,1525,0.1388
56,1458,1514,0.1388
57,1451,1508,0.1388
55,1445,1500,0.1388
55,1459,1514,0.1388
55,1460,1515,0.1388
55,1457,1512,0.1388
54,1456,1510,0.1388
55,1463,1518,0.1388
54,1466,1520,0.1388
53,1478,1531,0.1388
54,1473,1527,0.1388
54,1470,1524,0.1388
56,1463,1519,0.1388
58,1450,1508,0.1388
59,1440,1499,0.1388
58,1443,1501,0.1388
58,1447,1505,0.1388
58,1442,1500,0.1388
54,1449,1503,0.1388
54,1450,1504,0.1388
55,1450,1505,0.1388
55,1456,1511,0.1388
56,1463,1519,0.1388
52,1458,1510,0.1388
50,1457,1507,0.1388
47,1456,1503,0.1388
48,1461,1509,0.1388
47,1458,1505,0.1388
48,1454,1502,0.1388
49,1464,1513,0.1388
49,1469,1518,0.1388
49,1479,1528,0.1388
48,1464,1512,0.1388
47,1473,1520,0.1388
47,1467,1514,0.1388
48,1472,1520,0.1388
47,1477,1524,0.1388
46,1484,1530,0.1388
46,1481,1527,0.1388
47,1483,1530,0.1388
47,1468,1515,0.1388
48,1469,1517,0.1388
49,1478,1527,0.1388
48,1478,1526,0.1388
46,1473,1519,0.1388
44,1465,1509,0.1388
46,1461,1507,0.1388
48,1471,1519,0.1388
48,1463,1511,0.1388
52,1454,1506,0.1388
49,1442,1491,0.1388
48,1447,1495,0.1388
48,1442,1490,0.1388
48,1444,1492,0.1388
48,1445,1493,0.1388
47,1443,1490,0.1388
49,1445,1494,0.1388
50,1451,1501,0.1388
50,1468,1518,0.1388
49,1474,1523,0.1388
48,1469,1517,0.1388
49,1459,1508,0.1388
47,1464,1511,0.1388
48,1455,1503,0.1388
46,1445,1491,0.1388
46,1467,1513,0.1388
48,1472,1520,0.1388
48,1478,1526,0.1388
48,1479,1527,0.1388
48,1483,1531,0.1388
47,1475,1522,0.1388
48,1477,1525,0.1388
47,1474,1521,0.1388
48,1471,1519,0.1388
46,1468,1514,0.1388
47,1467,1514,0.1388
48,1466,1514,0.1388
48,1453,1501,0.1388
49,1463,1512,0.1388
51,1464,1515,0.1388
51,1449,1500,0.1388
51,1452,1503,0.1388
51,1453,1504,0.1388
51,1458,1509,0.1388
49,1470,1519,0.1388
48,1468,1516,0.1388
48,1471,1519,0.1388
47,1472,1519,0.1388
48,1455,1503,0.1388
49,1460,1509,0.1388
48,1477,1525,0.1388
47,1474,1521,0.1388
47,1474,1521,0.1388
47,1483,1530,0.1388
47,1473,1520,0.1388
49,1461,1510,0.1388
47,1464,1511,0.1388
49,1473,1522,0.1388
47,1467,1514,0.1388
46,1474,1520,0.1388
43,1464,1507,0.1388
41,1468,1509,0.1388
40,1480,1520,0.1388
39,1485,1524,0.1388
39,1471,1510,0.1388
37,1467,1504,0.1388
36,1469,1505,0.1388
38,1461,1499,0.1388
41,1470,1511,0.1388
44,1476,1520,0.1388
43,1477,1520,0.1388
42,1465,1507,0.1388
43,1463,1506,0.1388
41,1466,1507,0.1388
42,1469,1511,0.1388
44,1461,1505,0.1388
44,1469,1513,0.1388
45,1461,1506,0.1388
44,1475,1519,0.1388
45,1475,1520,0.1388
45,1475,1520,0.1388
46,1471,1517,0.1388
46,1469,1515,0.1388
47,1459,1506,0.1388
46,1460,1506,0.1388
44,1463,1507,0.1388
44,1468,1512,0.1388
46,1465,1511,0.1388
42,1465,1507,0.1388
40,1469,1509,0.1388
43,1456,1499,0.1388
41,1467,1508,0.1388
43,1484,1527,0.1388
42,1492,1534,0.1388
42,1493,1535,0.1388
42,1484,1526,0.1388
42,1475,1517,0.1388
42,1470,1512,0.1388
40,1472,1512,0.1388
39,1482,1521,0.1388
39,1480,1519,0.1388
38,1491,1529,0.1388
38,1480,1518,0.1388
38,1482,1520,0.1388
38,1477,1515,0.1388
38,1475,1513,0.1388
36,1484,1520,0.1388
36,1484,1520,0.1388
36,1477,1513,0.1388
39,1479,1518,0.1388
37,1478,1515,0.1388
38,1468,1506,0.1388
41,1470,1511,0.1388
41,1478,1519,0.1388
41,1478,1519,0.1388
42,1483,1525,0.1388
44,1483,1527,0.1388
44,1488,1532,0.1388
43,1475,1518,0.1388
42,1456,1498,0.1388
42,1457,1499,0.1388
41,1463,1504,0.1388
41,1466,1507,0.1388
37,1476,1513,0.1388
39,1464,1503,0.1388
38,1472,1510,0.1388
40,1484,1524,0.1388
39,1486,1525,0.1388
39,1483,1522,0.1388
38,1471,1509,0.1388
38,1463,1501,0.1388
37,1465,1502,0.1388
36,1483,1519,0.1388
33,1495,1528,0.1388
34,1502,1536,0.1388
34,1497,1531,0.1388
36,1495,1531,0.1388
35,1476,1511,0.1388
35,1479,1514,0.1388
34,1460,1494,0.1388
33,1471,1504,0.1388
34,1484,1518,0.1388
35,1474,1509,0.1388
34,1474,1508,0.1388
33,1473,1506,0.1388
33,1474,1507,0.1388
34,1470,1504,0.1388
34,1469,1503,0.1388
33,1476,1509,0.1388
36,1479,1515,0.1388
36,1488,1524,0.1388
36,1483,1519,0.1388
37,1481,1518,0.1388
35,1489,1524,0.1388
35,1489,1524,0.1388
34,1494,1528,0.1388
33,1492,1525,0.1388
35,1497,1532,0.1388
36,1477,1513,0.1388
36,1479,1515,0.1388
35,1476,1511,0.1388
34,1483,1517,0.1388
32,1484,1516,0.1388
33,1483,1516,0.1388
33,1478,1511,0.1388
34,1482,1516,0.1388
35,1487,1522,0.1388
36,1480,1516,0.1388
37,1467,1504,0.1388
39,1470,1509,0.1388
38,1474,1512,0.1388
37,1481,1518,0.1388
38,1480,1518,0.1388
37,1484,1521,0.1388
37,1485,1522,0.1388
37,1488,1525,0.1388
36,1476,1512,0.1388
35,1482,1517,0.1388
35,1481,1516,0.1388
34,1484,1518,0.1388
34,1494,1528,0.1388
33,1485,1518,0.1388
32,1478,1510,0.1388
34,1486,1520,0.1388
35,1487,1522,0.1388
34,1485,1519,0.1388
33,1481,1514,0.1388
32,1482,1514,0.1388
31,1470,1501,0.1388
32,1468,1500,0.1388
30,1466,1496,0.1388
29,1475,1504,0.1388
28,1484,1512,0.1388
30,1485,1515,0.1388
30,1490,1520,0.1388
30,1495,1525,0.1388
31,1495,1526,0.1388
31,1502,1533,0.1388
31,1498,1529,0.1388
32,1486,1518,0.1388
33,1486,1519,0.1388
32,1487,1519,0.1388
32,1472,1504,0.1388
32,1473,1505,0.1388
32,1474,1506,0.1388
31,1476,1507,0.1388
30,1479,1509,0.1388
34,1476,1510,0.1388
34,1483,1517,0.1388
33,1480,1513,0.1388
32,1491,1523,0.1388
32,1499,1531,0.1388
35,1492,1527,0.1388
35,1485,1520,0.1388
35,1484,1519,0.1388
36,1482,1518,0.1388
37,1471,1508,0.1388
36,1473,1509,0.1388
35,1493,1528,0.1388
35,1492,1527,0.1388
34,1485,1519,0.1388
35,1481,1516,0.1388
35,1480,1515,0.1388
32,1485,1517,0.1388
30,1490,1520,0.1388
31,1490,1521,0.1388
31,1486,1517,0.1388
30,1496,1526,0.1388
31,1482,1513,0.1388
32,1479,1511,0.1388
31,1485,1516,0.1388
31,1479,1510,0.1388
30,1479,1509,0.1388
27,1486,1513,0.1388
27,1478,1505,0.1388
27,1485,1512,0.1388
30,1485,1515,0.1388
27,1494,1521,0.1388
26,1493,1519,0.1388
27,1488,1515,0.1388
27,1485,1512,0.1388
27,1481,1508,0.1388
27,1487,1514,0.1388
28,1486,1514,0.1388
28,1493,1521,0.1388
27,1484,1511,0.1388
26,1488,1514,0.1388
25,1483,1508,0.1388
25,1467,1492,0.1388
25,1486,1511,0.1388
25,1496,1521,0.1388
25,1500,1525,0.1388
26,1504,1530,0.1388
27,1492,1519,0.1388
26,1500,1526,0.1388
27,1502,1529,0.1388
27,1495,1522,0.1388
27,1493,1520,0.1388
27,1500,1527,0.1388
26,1492,1518,0.1388
26,1474,1500,0.1388
27,1476,1503,0.1388
27,1465,1492,0.1388
26,1475,1501,0.1388
27,1487,1514,0.1388
25,1486,1511,0.1388
22,1488,1510,0.1388
20,1488,1508,0.1388
21,1486,1507,0.1388
21,1487,1508,0.1388
22,1487,1509,0.1388
21,1482,1503,0.1388
22,1482,1504,0.1388
22,1481,1503,0.1388
20,1483,1503,0.1388
20,1499,1519,0.1388
21,1501,1522,0.1388
23,1513,1536,0.1388
23,1498,1521,0.1388
24,1477,1501,0.1388
24,1477,1501,0.1388
25,1488,1513,0.1388
23,1490,1513,0.1388
23,1505,1528,0.1388
23,1486,1509,0.1388
24,1490,1514,0.1388
22,1477,1499,0.1388
22,1491,1513,0.1388
23,1498,1521,0.1388
23,1482,1505,0.1388
25,1483,1508,0.1388
25,1471,1496,0.1388
25,1479,1504,0.1388
23,1474,1497,0.1388
21,1489,1510,0.1388
21,1500,1521,0.1388
22,1500,1522,0.1388
22,1505,1527,0.1388
21,1502,1523,0.1388
22,1478,1500,0.1388
22,1481,1503,0.1388
22,1479,1501,0.1388
20,1486,1506,0.1388
20,1501,1521,0.1388
19,1500,1519,0.1388
19,1498,1517,0.1388
19,1502,1521,0.1388
19,1498,1517,0.1388
19,1509,1528,0.1388
19,1492,1511,0.1388
20,1494,1514,0.1388
21,1499,1520,0.1388
21,1500,1521,0.1388
24,1496,1520,0.1388
24,1504,1528,0.1388
24,1501,1525,0.1388
25,1498,1523,0.1388
24,1498,1522,0.1388
23,1493,1516,0.1388
23,1491,1514,0.1388
22,1490,1512,0.1388
24,1484,1508,0.1388
22,1489,1511,0.1388
22,1496,1518,0.1388
23,1500,1523,0.1388
23,1494,1517,0.1388
24,1499,1523,0.1388
23,1503,1526,0.1388
22,1502,1524,0.1388
23,1496,1519,0.1388
24,1490,1514,0.1388
24,1495,1519,0.1388
24,1491,1515,0.1388
25,1493,1518,0.1388
24,1497,1521,0.1388
23,1503,1526,0.1388
22,1498,1520,0.1388
21,1502,1523,0.1388
23,1493,1516,0.1388
20,1492,1512,0.1388
21,1504,1525,0.1388
20,1504,1524,0.1388
20,1499,1519,0.1388
18,1499,1517,0.1388
19,1493,1512,0.1388
19,1499,1518,0.1388
19,1503,1522,0.1388
19,1488,1507,0.1388
20,1486,1506,0.1388
20,1484,1504,0.1388
20,1483,1503,0.1388
18,1488,1506,0.1388
17,1483,1500,0.1388
16,1475,1491,0.1388
16,1484,1500,0.1388
15,1498,1513,0.1388
15,1498,1513,0.1388
14,1492,1506,0.1388
14,1503,1517,0.1388
15,1498,1513,0.1388
15,1499,1514,0.1388
15,1503,1518,0.1388
15,1491,1506,0.1388
15,1510,1525,0.1388
15,1509,1524,0.1388
15,1497,1512,0.1388
15,1518,1533,0.1388
15,1515,1530,0.1388
15,1523,1538,0.1388
16,1522,1538,0.1388
16,1510,1526,0.1388
16,1517,1533,0.1388
16,1512,1528,0.1388
16,1512,1528,0.1388
16,1494,1510,0.1388
16,1495,1511,0.1388
16,1494,1510,0.1388
15,1497,1512,0.1388
16,1498,1514,0.1388
16,1488,1504,0.1388
15,1502,1517,0.1388
15,1498,1513,0.1388
15,1491,1506,0.1388
15,1494,1509,0.1388
15,1499,1514,0.1388
13,1501,1514,0.1388
14,1502,1516,0.1388
13,1501,1514,0.1388
13,1502,1515,0.1388
15,1515,1530,0.1388
15,1515,1530,0.1388
14,1513,1527,0.1388
13,1503,1516,0.1388
13,1495,1508,0.1388
13,1502,1515,0.1388
14,1526,1540,0.1388
14,1508,1522,0.1388
14,1497,1511,0.1388
14,1515,1529,0.1388
14,1508,1522,0.1388
13,1506,1519,0.1388
14,1510,1524,0.1388
13,1512,1525,0.1388
13,1506,1519,0.1388
14,1520,1534,0.1388
15,1507,1522,0.1388
16,1501,1517,0.1388
16,1502,1518,0.1388
16,1498,1514,0.1388
17,1503,1520,0.1388
17,1503,1520,0.1388
17,1507,1524,0.1388
17,1515,1532,0.1388
16,1509,1525,0.1388
17,1513,1530,0.1388
17,1509,1526,0.1388
17,1498,1515,0.1388
17,1493,1510,0.1388
16,1493,1509,0.1388
17,1496,1513,0.1388
17,1500,1517,0.1388
18,1497,1515,0.1388
18,1504,1522,0.1388
18,1503,1521,0.1388
17,1498,1515,0.1388
17,1508,1525,0.1388
15,1514,1529,0.1388
16,1500,1516,0.1388
16,1492,1508,0.1388
17,1496,1513,0.1388
16,1501,1517,0.1388
17,1495,1512,0.1388
17,1490,1507,0.1388
16,1494,1510,0.1388
17,1493,1510,0.1388
17,1500,1517,0.1388
17,1507,1524,0.1388
17,1519,1536,0.1388
17,1509,1526,0.1388
17,1520,1537,0.1388
16,1507,1523,0.1388
16,1510,1526,0.1388
16,1506,1522,0.1388
17,1500,1517,0.1388
17,1495,1512,0.1388
16,1493,1509,0.1388
16,1504,1520,0.1388
14,1503,1517,0.1388
14,1498,1512,0.1388
15,1513,1528,0.1388
15,1511,1526,0.1388
14,1514,1528,0.1388
14,1499,1513,0.1388
14,1511,1525,0.1388
13,1513,1526,0.1388
13,1509,1522,0.1388
12,1509,1521,0.1388
12,1486,1498,0.1388
12,1506,1518,0.1388
12,1503,1515,0.1388
11,1505,1516,0.1388
12,1513,1525,0.1388
12,1500,1512,0.1388
11,1500,1511,0.1388
11,1511,1522,0.1388
11,1510,1521,0.1388
9,1498,1507,0.1388
9,1496,1505,0.1388
8,1495,1503,0.1388
9,1498,1507,0.1388
9,1497,1506,0.1388
9,1508,1517,0.1388
9,1512,1521,0.1388
9,1503,1512,0.1388
10,1506,1516,0.1388
10,1495,1505,0.1388
10,1501,1511,0.1388
10,1506,1516,0.1388
10,1501,1511,0.1388
10,1500,1510,0.1388
11,1485,1496,0.1388
11,1492,1503,0.1388
11,1508,1519,0.1388
11,1508,1519,0.1388
11,1516,1527,0.1388
10,1509,1519,0.1388
10,1513,1523,0.1388
10,1516,1526,0.1388
11,1514,1525,0.1388
11,1505,1516,0.1388
13,1499,1512,0.1388
13,1500,1513,0.1388
13,1503,1516,0.1388
13,1500,1513,0.1388
14,1504,1518,0.1388
14,1499,1513,0.1388
13,1492,1505,0.1388
12,1503,1515,0.1388
13,1503,1516,0.1388
13,1510,1523,0.1388
15,1507,1522,0.1388
16,1504,1520,0.1388
16,1509,1525,0.1388
16,1504,1520,0.1388
16,1504,1520,0.1388
15,1505,1520,0.1388
16,1492,1508,0.1388
15,1497,1512,0.1388
15,1489,1504,0.1388
15,1492,1507,0.1388
11,1499,1510,0.1388
11,1498,1509,0.1388
11,1501,1512,0.1388
12,1505,1517,0.1388
12,1519,1531,0.1388
11,1513,1524,0.1388
11,1504,1515,0.1388
9,1501,1510,0.1388
8,1501,1509,0.1388
9,1501,1510,0.1388
9,1509,1518,0.1388
10,1506,1516,0.1388
10,1514,1524,0.1388
10,1497,1507,0.1388
10,1490,1500,0.1388
9,1496,1505,0.1388
9,1496,1505,0.1388
9,1503,1512,0.1388
8,1514,1522,0.1388
8,1519,1527,0.1388
8,1510,1518,0.1388
8,1512,1520,0.1388
8,1500,1508,0.1388
8,1502,1510,0.1388
8,1510,1518,0.1388
8,1504,1512,0.1388
8,1516,1524,0.1388
9,1516,1525,0.1388
10,1508,1518,0.1388
10,1505,1515,0.1388
10,1502,1512,0.1388
12,1505,1517,0.1388
12,1508,1520,0.1388
12,1506,1518,0.1388
11,1503,1514,0.1388
11,1494,1505,0.1388
11,1486,1497,0.1388
11,1499,1510,0.1388
11,1504,1515,0.1388
11,1502,1513,0.1388
12,1527,1539,0.1388
12,1524,1536,0.1388
13,1523,1536,0.1388
12,1508,1520,0.1388
11,1511,1522,0.1388
11,1517,1528,0.1388
11,1515,1526,0.1388
12,1513,1525,0.1388
12,1503,1515,0.1388
12,1497,1509,0.1388
9,1500,1509,0.1388
10,1494,1504,0.1388
9,1484,1493,0.1388
9,1478,1487,0.1388
10,1488,1498,0.1388
10,1506,1516,0.1388
10,1507,1517,0.1388
10,1516,1526,0.1388
10,1510,1520,0.1388
10,1513,1523,0.1388
10,1513,1523,0.1388
10,1519,1529,0.1388
9,1516,1525,0.1388
9,1512,1521,0.1388
8,1485,1493,0.1388
8,1492,1500,0.1388
8,1502,1510,0.1388
7,1492,1499,0.1388
7,1507,1514,0.1388
7,1509,1516,0.1388
7,1511,1518,0.1388
8,1505,1513,0.1388
8,1508,1516,0.1388
8,1507,1515,0.1388
7,1500,1507,0.1388
7,1501,1508,0.1388
7,1503,1510,0.1388
7,1499,1506,0.1388
8,1491,1499,0.1388
8,1490,1498,0.1388
8,1502,1510,0.1388
8,1503,1511,0.1388
8,1506,1514,0.1388
8,1507,1515,0.1388
8,1504,1512,0.1388
8,1501,1509,0.1388
8,1500,1508,0.1388
8,1496,1504,0.1388
8,1495,1503,0.1388
7,1499,1506,0.1388
8,1498,1506,0.1388
8,1492,1500,0.1388
8,1508,1516,0.1388
8,1508,1516,0.1388
9,1510,1519,0.1388
9,1516,1525,0.1388
9,1515,1524,0.1388
10,1511,1521,0.1388
10,1501,1511,0.1388
11,1514,1525,0.1388
11,1513,1524,0.1388
11,1515,1526,0.1388
11,1509,1520,0.1388
11,1508,1519,0.1388
11,1510,1521,0.1388
10,1504,1514,0.1388
10,1494,1504,0.1388
12,1512,1524,0.1388
12,1508,1520,0.1388
12,1502,1514,0.1388
11,1507,1518,0.1388
11,1508,1519,0.1388
11,1509,1520,0.1388
11,1512,1523,0.1388
11,1509,1520,0.1388
10,1505,1515,0.1388
10,1510,1520,0.1388
10,1509,1519,0.1388
10,1506,1516,0.1388
10,1512,1522,0.1388
9,1512,1521,0.1388
9,1512,1521,0.1388
9,1518,1527,0.1388
8,1498,1506,0.1388
8,1501,1509,0.1388
8,1494,1502,0.1388
8,1507,1515,0.1388
8,1495,1503,0.1388
8,1489,1497,0.1388
8,1497,1505,0.1388
8,1494,1502,0.1388
8,1508,1516,0.1388
8,1506,1514,0.1388
8,1495,1503,0.1388
9,1488,1497,0.1388
9,1492,1501,0.1388
8,1500,1508,0.1388
8,1499,1507,0.1388
8,1502,1510,0.1388
7,1513,1520,0.1388
7,1503,1510,0.1388
7,1503,1510,0.1388
10,1516,1526,0.1388
11,1500,1511,0.1388
12,1516,1528,0.1388
12,1508,1520,0.1388
12,1505,1517,0.1388
12,1502,1514,0.1388
11,1505,1516,0.1388
12,1500,1512,0.1388
12,1494,1506,0.1388
12,1501,1513,0.1388
12,1514,1526,0.1388
12,1507,1519,0.1388
11,1491,1502,0.1388
10,1494,1504,0.1388
10,1488,1498,0.1388
10,1487,1497,0.1388
9,1502,1511,0.1388
9,1514,1523,0.1388
9,1526,1535,0.1388
9,1524,1533,0.1388
9,1512,1521,0.1388
9,1523,1532,0.1388
10,1515,1525,0.1388
10,1502,1512,0.1388
11,1498,1509,0.1388
11,1504,1515,0.1388
11,1516,1527,0.1388
11,1498,1509,0.1388
11,1498,1509,0.1388
11,1503,1514,0.1388
11,1505,1516,0.1388
8,1509,1517,0.1388
8,1514,1522,0.1388
8,1527,1535,0.1388
7,1506,1513,0.1388
7,1501,1508,0.1388
7,1498,1505,0.1388
7,1497,1504,0.1388
6,1507,1513,0.1388
7,1509,1516,0.1388
7,1510,1517,0.1388
7,1509,1516,0.1388
6,1509,1515,0.1388
5,1508,1513,0.1388
6,1516,1522,0.1388
7,1506,1513,0.1388
8,1507,1515,0.1388
8,1499,1507,0.1388
8,1485,1493,0.1388
8,1478,1486,0.1388
7,1500,1507,0.1388
7,1504,1511,0.1388
7,1510,1517,0.1388
8,1509,1517,0.1388
6,1509,1515,0.1388
6,1513,1519,0.1388
5,1512,1517,0.1388
4,1515,1519,0.1388
4,1517,1521,0.1388
4,1522,1526,0.1388
4,1503,1507,0.1388
5,1509,1514,0.1388
6,1507,1513,0.1388
6,1490,1496,0.1388
7,1506,1513,0.1388
7,1497,1504,0.1388
7,1496,1503,0.1388
6,1504,1510,0.1388
5,1501,1506,0.1388
5,1492,1497,0.1388
5,1506,1511,0.1388
5,1512,1517,0.1388
5,1500,1505,0.1388
5,1502,1507,0.1388
5,1504,1509,0.1388
5,1507,1512,0.1388
5,1503,1508,0.1388
4,1503,1507,0.1388
4,1506,1510,0.1388
4,1516,1520,0.1388
4,1514,1518,0.1388
4,1512,1516,0.1388
4,1515,1519,0.1388
5,1506,1511,0.1388
5,1507,1512,0.1388
5,1510,1515,0.1388
5,1516,1521,0.1388
5,1517,1522,0.1388
5,1501,1506,0.1388
5,1508,1513,0.1388
5,1505,1510,0.1388
4,1516,1520,0.1388
4,1508,1512,0.1388
2,1525,1527,0.1388
2,1510,1512,0.1388
2,1518,1520,0.1388
2,1524,1526,0.1388
2,1535,1537,0.1388
1,1526,1527,0.1388
1,1524,1525,0.1388
1,1518,1519,0.1388
1,1513,1514,0.1388
1,1521,1522,0.1388
1,1501,1502,0.1388
1,1504,1505,0.1388
1,1498,1499,0.1388
1,1510,1511,0.1388
1,1510,1511,0.1388
1,1505,1506,0.1388
1,1512,1513,0.1388
1,1526,1527,0.1388
1,1528,1529,0.1388
1,1539,1540,0.1388
1,1526,1527,0.1388
1,1537,1538,0.1388
1,1526,1527,0.1388
1,1516,1517,0.1388
1,1517,1518,0.1388
1,1517,1518,0.1388
1,1515,1516,0.1388
1,1517,1518,0.1388
1,1505,1506,0.1388
1,1512,1513,0.1388
1,1527,1528,0.1388
1,1521,1522,0.1388
1,1519,1520,0.1388
1,1520,1521,0.1388
1,1525,1526,0.1388
1,1529,1530,0.1388
1,1524,1525,0.1388
1,1523,1524,0.1388
1,1527,1528,0.1388
1,1526,1527,0.1388
1,1520,1521,0.1388
1,1513,1514,0.1388
1,1516,1517,0.1388
1,1506,1507,0.1388
1,1513,1514,0.1388
1,1512,1513,0.1388
1,1522,1523,0.1388
1,1511,1512,0.1388
1,1507,1508,0.1388
1,1513,1514,0.1388
1,1521,1522,0.1388
1,1523,1524,0.1388
1,1533,1534,0.1388
1,1531,1532,0.1388
1,1531,1532,0.1388
1,1518,1519,0.1388
1,1506,1507,0.1388
1,1521,1522,0.1388
1,1522,1523,0.1388
1,1520,1521,0.1388
1,1510,1511,0.1388
1,1518,1519,0.1388
1,1526,1527,0.1388
1,1523,1524,0.1388
1,1512,1513,0.1388
1,1516,1517,0.1388
2,1514,1516,0.1388
2,1512,1514,0.1388
2,1507,1509,0.1388
2,1499,1501,0.1388
2,1503,1505,0.1388
2,1508,1510,0.1388
2,1497,1499,0.1388
2,1501,1503,0.1388
2,1508,1510,0.1388
2,1511,1513,0.1388
2,1506,1508,0.1388
2,1509,1511,0.1388
2,1506,1508,0.1388
2,1502,1504,0.1388
2,1516,1518,0.1388
2,1504,1506,0.1388
1,1499,1500,0.1388
1,1492,1493,0.1388
1,1505,1506,0.1388
1,1500,1501,0.1388
1,1501,1502,0.1388
0,1504,1504,0.1388
