1377,26,1403,0.1388
1419,26,1445,0.1388
1430,28,1458,0.1388
1432,27,1459,0.1388
1447,27,1474,0.1388
1450,28,1478,0.1388
1446,26,1472,0.1388
1454,26,1480,0.1388
1458,28,1486,0.1388
1464,31,1495,0.1388
1460,31,1491,0.1388
1449,29,1478,0.1388
1452,27,1479,0.1388
1456,29,1485,0.1388
1443,30,1473,0.1388
1468,28,1496,0.1388
1461,29,1490,0.1388
1448,30,1478,0.1388
1459,27,1486,0.1388
1462,27,1489,0.1388
1457,27,1484,0.1388
1460,28,1488,0.1388
1459,28,1487,0.1388
1463,28,1491,0.1388
1476,27,1503,0.1388
1482,27,1509,0.1388
1486,27,1513,0.1388
1464,28,1492,0.1388
1456,28,1484,0.1388
1456,28,1484,0.1388
1470,30,1500,0.1388
1478,31,1509,0.1388
1454,32,1486,0.1388
1460,30,1490,0.1388
1465,29,1494,0.1388
1457,31,1488,0.1388
1476,31,1507,0.1388
1480,32,1512,0.1388
1475,32,1507,0.1388
1456,33,1489,0.1388
1445,34,1479,0.1388
1452,36,1488,0.1388
1459,37,1496,0.1388
1466,35,1501,0.1388
1464,33,1497,0.1388
1460,31,1491,0.1388
1469,32,1501,0.1388
1472,32,1504,0.1388
1480,34,1514,0.1388
1471,36,1507,0.1388
1471,35,1506,0.1388
1465,36,1501,0.1388
1461,37,1498,0.1388
1465,39,1504,0.1388
1449,38,1487,0.1388
1461,40,1501,0.1388
1438,42,1480,0.1388
1442,42,1484,0.1388
1446,44,1490,0.1388
1450,44,1494,0.1388
1451,45,1496,0.1388
1457,46,1503,0.1388
1452,45,1497,0.1388
1462,48,1510,0.1388
1464,47,1511,0.1388
1445,46,1491,0.1388
1450,46,1496,0.1388
1459,46,1505,0.1388
1465,44,1509,0.1388
1451,45,1496,0.1388
1458,45,1503,0.1388
1462,45,1507,0.1388
1474,43,1517,0.1388
1465,43,1508,0.1388
1464,43,1507,0.1388
1447,42,1489,0.1388
1461,41,1502,0.1388
1444,42,1486,0.1388
1449,43,1492,0.1388
1459,42,1501,0.1388
1451,42,1493,0.1388
1442,43,1485,0.1388
1444,43,1487,0.1388
1453,43,1496,0.1388
1459,42,1501,0.1388
1459,42,1501,0.1388
1463,42,1505,0.1388
1467,41,1508,0.1388
1465,41,1506,0.1388
1461,40,1501,0.1388
1465,38,1503,0.1388
1455,37,1492,0.1388
1466,36,1502,0.1388
1474,35,1509,0.1388
1468,34,1502,0.1388
1474,35,1509,0.1388
1472,36,1508,0.1388
1474,36,1510,0.1388
1477,36,1513,0.1388
1472,39,1511,0.1388
1465,39,1504,0.1388
1452,39,1491,0.1388
1441,40,1481,0.1388
1449,41,1490,0.1388
1441,43,1484,0.1388
1451,42,1493,0.1388
1447,41,1488,0.1388
1453,42,1495,0.1388
1441,44,1485,0.1388
1455,44,1499,0.1388
1450,43,1493,0.1388
1446,44,1490,0.1388
1448,43,1491,0.1388
1448,45,1493,0.1388
1458,43,1501,0.1388
1458,44,1502,0.1388
1461,43,1504,0.1388
1457,42,1499,0.1388
1461,39,1500,0.1388
1458,38,1496,0.1388
1459,41,1500,0.1388
1463,41,1504,0.1388
1445,40,1485,0.1388
1453,39,1492,0.1388
1453,39,1492,0.1388
1456,39,1495,0.1388
1448,37,1485,0.1388
1463,37,1500,0.1388
1457,41,1498,0.1388
1457,42,1499,0.1388
1452,44,1496,0.1388
1444,45,1489,0.1388
1448,46,1494,0.1388
1452,45,1497,0.1388
1443,50,1493,0.1388
1460,52,1512,0.1388
1455,52,1507,0.1388
1450,50,1500,0.1388
1451,47,1498,0.1388
1446,47,1493,0.1388
1447,48,1495,0.1388
1426,49,1475,0.1388
1440,51,1491,0.1388
1453,51,1504,0.1388
1460,51,1511,0.1388
1452,50,1502,0.1388
1442,53,1495,0.1388
1439,53,1492,0.1388
1436,54,1490,0.1388
1425,54,1479,0.1388
1431,51,1482,0.1388
1412,52,1464,0.1388
1426,58,1484,0.1388
1435,58,1493,0.1388
1433,60,1493,0.1388
1439,62,1501,0.1388
1434,61,1495,0.1388
1433,61,1494,0.1388
1423,59,1482,0.1388
1435,61,1496,0.1388
1419,63,1482,0.1388
1423,62,1485,0.1388
1437,65,1502,0.1388
1446,65,1511,0.1388
1434,64,1498,0.1388
1422,62,1484,0.1388
1423,61,1484,0.1388
1418,60,1478,0.1388
1422,64,1486,0.1388
1434,63,1497,0.1388
1425,59,1484,0.1388
1424,61,1485,0.1388
1429,64,1493,0.1388
1420,64,1484,0.1388
1412,64,1476,0.1388
1417,59,1476,0.1388
1440,61,1501,0.1388
1443,63,1506,0.1388
1438,62,1500,0.1388
1439,61,1500,0.1388
1439,60,1499,0.1388
1436,63,1499,0.1388
1426,65,1491,0.1388
1434,64,1498,0.1388
1435,66,1501,0.1388
1439,66,1505,0.1388
1448,66,1514,0.1388
1430,62,1492,0.1388
1422,60,1482,0.1388
1439,61,1500,0.1388
1433,62,1495,0.1388
1433,60,1493,0.1388
1438,58,1496,0.1388
1445,59,1504,0.1388
1448,59,1507,0.1388
1443,57,1500,0.1388
1442,57,1499,0.1388
1432,58,1490,0.1388
1430,56,1486,0.1388
1445,57,1502,0.1388
1443,57,1500,0.1388
1450,57,1507,0.1388
1460,55,1515,0.1388
1445,54,1499,0.1388
1457,53,1510,0.1388
1435,53,1488,0.1388
1441,54,1495,0.1388
1439,54,1493,0.1388
1462,55,1517,0.1388
1453,57,1510,0.1388
1439,55,1494,0.1388
1434,58,1492,0.1388
1430,60,1490,0.1388
1426,59,1485,0.1388
1426,58,1484,0.1388
1427,57,1484,0.1388
1426,57,1483,0.1388
1449,56,1505,0.1388
1438,58,1496,0.1388
1440,55,1495,0.1388
1428,54,1482,0.1388
1442,54,1496,0.1388
1448,53,1501,0.1388
1449,55,1504,0.1388
1431,54,1485,0.1388
1439,58,1497,0.1388
1435,57,1492,0.1388
1439,57,1496,0.1388
1447,57,1504,0.1388
1451,60,1511,0.1388
1452,60,1512,0.1388
1441,60,1501,0.1388
1434,60,1494,0.1388
1441,61,1502,0.1388
1449,62,1511,0.1388
1445,63,1508,0.1388
1442,61,1503,0.1388
1437,62,1499,0.1388
1446,62,1508,0.1388
1464,60,1524,0.1388
1450,61,1511,0.1388
1446,61,1507,0.1388
1443,61,1504,0.1388
1428,62,1490,0.1388
1428,64,1492,0.1388
1430,62,1492,0.1388
1425,62,1487,0.1388
1416,62,1478,0.1388
1420,64,1484,0.1388
1420,67,1487,0.1388
1413,70,1483,0.1388
1433,72,1505,0.1388
1422,72,1494,0.1388
1420,74,1494,0.1388
1414,74,1488,0.1388
1408,73,1481,0.1388
1413,74,1487,0.1388
1419,74,1493,0.1388
1423,71,1494,0.1388
1426,73,1499,0.1388
1439,71,1510,0.1388
1433,72,1505,0.1388
1416,74,1490,0.1388
1418,75,1493,0.1388
1417,77,1494,0.1388
1424,78,1502,0.1388
1421,78,1499,0.1388
1407,75,1482,0.1388
1410,77,1487,0.1388
1419,78,1497,0.1388
1416,76,1492,0.1388
1429,76,1505,0.1388
1436,75,1511,0.1388
1429,74,1503,0.1388
1423,79,1502,0.1388
1419,79,1498,0.1388
1435,78,1513,0.1388
1432,79,1511,0.1388
1434,84,1518,0.1388
1420,85,1505,0.1388
1407,84,1491,0.1388
1402,86,1488,0.1388
1402,90,1492,0.1388
1390,93,1483,0.1388
1375,95,1470,0.1388
1380,92,1472,0.1388
1392,89,1481,0.1388
1390,89,1479,0.1388
1397,88,1485,0.1388
1389,85,1474,0.1388
1403,87,1490,0.1388
1394,88,1482,0.1388
1390,91,1481,0.1388
1390,94,1484,0.1388
1391,96,1487,0.1388
1403,94,1497,0.1388
1392,95,1487,0.1388
1396,97,1493,0.1388
1388,99,1487,0.1388
1390,97,1487,0.1388
1378,96,1474,0.1388
1371,96,1467,0.1388
1390,95,1485,0.1388
1391,95,1486,0.1388
1391,95,1486,0.1388
1385,100,1485,0.1388
1380,101,1481,0.1388
1390,99,1489,0.1388
1378,102,1480,0.1388
1377,102,1479,0.1388
1368,104,1472,0.1388
1379,107,1486,0.1388
1388,103,1491,0.1388
1381,98,1479,0.1388
1390,98,1488,0.1388
1401,98,1499,0.1388
1399,99,1498,0.1388
1393,98,1491,0.1388
1393,98,1491,0.1388
1386,99,1485,0.1388
1377,98,1475,0.1388
1386,95,1481,0.1388
1388,93,1481,0.1388
1398,93,1491,0.1388
1391,97,1488,0.1388
1393,96,1489,0.1388
1399,99,1498,0.1388
1405,97,1502,0.1388
1395,98,1493,0.1388
1398,101,1499,0.1388
1391,101,1492,0.1388
1392,102,1494,0.1388
1385,101,1486,0.1388
1399,99,1498,0.1388
1407,98,1505,0.1388
1406,99,1505,0.1388
1397,98,1495,0.1388
1412,96,1508,0.1388
1413,98,1511,0.1388
1415,99,1514,0.1388
1412,99,1511,0.1388
1399,100,1499,0.1388
1406,102,1508,0.1388
1409,100,1509,0.1388
1406,100,1506,0.1388
1390,98,1488,0.1388
1395,99,1494,0.1388
1394,97,1491,0.1388
1391,98,1489,0.1388
1393,95,1488,0.1388
1390,94,1484,0.1388
1389,99,1488,0.1388
1384,100,1484,0.1388
1393,102,1495,0.1388
1403,100,1503,0.1388
1391,102,1493,0.1388
1396,101,1497,0.1388
1393,103,1496,0.1388
1399,100,1499,0.1388
1410,101,1511,0.1388
1412,100,1512,0.1388
1404,102,1506,0.1388
1400,100,1500,0.1388
1389,104,1493,0.1388
1381,110,1491,0.1388
1376,111,1487,0.1388
1381,113,1494,0.1388
1378,114,1492,0.1388
1376,114,1490,0.1388
1374,117,1491,0.1388
1379,119,1498,0.1388
1371,118,1489,0.1388
1372,117,1489,0.1388
1367,117,1484,0.1388
1356,119,1475,0.1388
1356,113,1469,0.1388
1346,116,1462,0.1388
1348,114,1462,0.1388
1344,115,1459,0.1388
1344,116,1460,0.1388
1359,115,1474,0.1388
1367,117,1484,0.1388
1373,116,1489,0.1388
1380,115,1495,0.1388
1380,114,1494,0.1388
1374,113,1487,0.1388
1388,114,1502,0.1388
1391,114,1505,0.1388
1379,113,1492,0.1388
1379,111,1490,0.1388
1370,110,1480,0.1388
1371,110,1481,0.1388
1373,109,1482,0.1388
1376,115,1491,0.1388
1371,116,1487,0.1388
1380,115,1495,0.1388
1384,114,1498,0.1388
1380,113,1493,0.1388
1387,115,1502,0.1388
1381,113,1494,0.1388
1371,111,1482,0.1388
1372,112,1484,0.1388
1367,114,1481,0.1388
1372,117,1489,0.1388
1374,119,1493,0.1388
1378,116,1494,0.1388
1367,117,1484,0.1388
1360,119,1479,0.1388
1356,119,1475,0.1388
1358,122,1480,0.1388
1374,119,1493,0.1388
1386,118,1504,0.1388
1387,119,1506,0.1388
1383,120,1503,0.1388
1383,123,1506,0.1388
1377,126,1503,0.1388
1373,126,1499,0.1388
1368,126,1494,0.1388
1376,126,1502,0.1388
1371,125,1496,0.1388
1367,128,1495,0.1388
1369,127,1496,0.1388
1365,127,1492,0.1388
1371,128,1499,0.1388
1361,132,1493,0.1388
1366,134,1500,0.1388
1358,134,1492,0.1388
1356,132,1488,0.1388
1359,134,1493,0.1388
1376,131,1507,0.1388
1359,134,1493,0.1388
1372,132,1504,0.1388
1365,130,1495,0.1388
1379,133,1512,0.1388
1368,131,1499,0.1388
1365,134,1499,0.1388
1375,133,1508,0.1388
1373,128,1501,0.1388
1370,130,1500,0.1388
1352,135,1487,0.1388
1357,137,1494,0.1388
1353,140,1493,0.1388
1345,143,1488,0.1388
1356,146,1502,0.1388
1358,147,1505,0.1388
1347,153,1500,0.1388
1350,152,1502,0.1388
1338,153,1491,0.1388
1345,150,1495,0.1388
1356,152,1508,0.1388
1348,153,1501,0.1388
1352,153,1505,0.1388
1352,154,1506,0.1388
1347,156,1503,0.1388
1342,155,1497,0.1388
1343,151,1494,0.1388
1355,153,1508,0.1388
1342,151,1493,0.1388
1335,149,1484,0.1388
1342,149,1491,0.1388
1340,150,1490,0.1388
1336,149,1485,0.1388
1333,147,1480,0.1388
1338,150,1488,0.1388
1338,152,1490,0.1388
1331,155,1486,0.1388
1341,154,1495,0.1388
1341,160,1501,0.1388
1343,157,1500,0.1388
1337,158,1495,0.1388
1335,158,1493,0.1388
1328,159,1487,0.1388
1335,160,1495,0.1388
1341,157,1498,0.1388
1336,161,1497,0.1388
1334,163,1497,0.1388
1336,166,1502,0.1388
1332,168,1500,0.1388
1333,165,1498,0.1388
1335,164,1499,0.1388
1326,162,1488,0.1388
1314,166,1480,0.1388
1323,168,1491,0.1388
1316,167,1483,0.1388
1322,167,1489,0.1388
1326,171,1497,0.1388
1328,172,1500,0.1388
1326,178,1504,0.1388
1315,175,1490,0.1388
1319,174,1493,0.1388
1321,172,1493,0.1388
1327,172,1499,0.1388
1322,174,1496,0.1388
1327,175,1502,0.1388
1323,170,1493,0.1388
1307,171,1478,0.1388
1324,173,1497,0.1388
1323,174,1497,0.1388
1327,177,1504,0.1388
1329,178,1507,0.1388
1325,176,1501,0.1388
1324,175,1499,0.1388
1324,174,1498,0.1388
1313,176,1489,0.1388
1326,172,1498,0.1388
1315,175,1490,0.1388
1318,172,1490,0.1388
1322,180,1502,0.1388
1326,183,1509,0.1388
1318,182,1500,0.1388
1314,183,1497,0.1388
1308,178,1486,0.1388
1306,184,1490,0.1388
1315,187,1502,0.1388
1321,186,1507,0.1388
1321,185,1506,0.1388
1329,184,1513,0.1388
1313,178,1491,0.1388
1316,176,1492,0.1388
1321,175,1496,0.1388
1311,172,1483,0.1388
1329,175,1504,0.1388
1324,176,1500,0.1388
1325,174,1499,0.1388
1319,177,1496,0.1388
1318,175,1493,0.1388
1311,179,1490,0.1388
1312,182,1494,0.1388
1314,186,1500,0.1388
1304,187,1491,0.1388
1303,183,1486,0.1388
1304,182,1486,0.1388
1302,184,1486,0.1388
1314,180,1494,0.1388
1311,181,1492,0.1388
1309,178,1487,0.1388
1299,178,1477,0.1388
1310,179,1489,0.1388
1310,180,1490,0.1388
1318,180,1498,0.1388
1313,188,1501,0.1388
1314,186,1500,0.1388
1311,182,1493,0.1388
1298,179,1477,0.1388
1302,177,1479,0.1388
1319,178,1497,0.1388
1311,175,1486,0.1388
1307,177,1484,0.1388
1296,180,1476,0.1388
1308,181,1489,0.1388
1315,191,1506,0.1388
1309,187,1496,0.1388
1300,187,1487,0.1388
1302,183,1485,0.1388
1316,185,1501,0.1388
1310,190,1500,0.1388
1302,187,1489,0.1388
1300,192,1492,0.1388
1287,189,1476,0.1388
1292,194,1486,0.1388
1292,199,1491,0.1388
1291,203,1494,0.1388
1291,205,1496,0.1388
1300,211,1511,0.1388
1280,212,1492,0.1388
1278,215,1493,0.1388
1268,209,1477,0.1388
1277,214,1491,0.1388
1281,219,1500,0.1388
1285,214,1499,0.1388
1271,213,1484,0.1388
1281,212,1493,0.1388
1295,210,1505,0.1388
1281,217,1498,0.1388
1281,220,1501,0.1388
1282,219,1501,0.1388
1290,224,1514,0.1388
1291,225,1516,0.1388
1287,227,1514,0.1388
1281,227,1508,0.1388
1277,222,1499,0.1388
1279,223,1502,0.1388
1265,220,1485,0.1388
1264,225,1489,0.1388
1253,227,1480,0.1388
1267,231,1498,0.1388
1266,227,1493,0.1388
1246,230,1476,0.1388
1260,231,1491,0.1388
1257,229,1486,0.1388
1255,237,1492,0.1388
1253,241,1494,0.1388
1246,238,1484,0.1388
1259,240,1499,0.1388
1272,241,1513,0.1388
1279,243,1522,0.1388
1280,242,1522,0.1388
1279,241,1520,0.1388
1265,242,1507,0.1388
1259,236,1495,0.1388
1260,242,1502,0.1388
1250,244,1494,0.1388
1255,244,1499,0.1388
1249,248,1497,0.1388
1253,246,1499,0.1388
1247,245,1492,0.1388
1243,250,1493,0.1388
1240,244,1484,0.1388
1235,248,1483,0.1388
1245,251,1496,0.1388
1253,247,1500,0.1388
1250,246,1496,0.1388
1257,242,1499,0.1388
1249,242,1491,0.1388
1251,246,1497,0.1388
1254,241,1495,0.1388
1267,245,1512,0.1388
1257,245,1502,0.1388
1260,242,1502,0.1388
1258,242,1500,0.1388
1264,243,1507,0.1388
1262,246,1508,0.1388
1267,242,1509,0.1388
1265,242,1507,0.1388
1264,245,1509,0.1388
1257,249,1506,0.1388
1254,251,1505,0.1388
1262,251,1513,0.1388
1260,252,1512,0.1388
1272,247,1519,0.1388
1266,245,1511,0.1388
1266,253,1519,0.1388
1270,251,1521,0.1388
1281,251,1532,0.1388
1268,251,1519,0.1388
1260,252,1512,0.1388
1265,251,1516,0.1388
1265,253,1518,0.1388
1252,251,1503,0.1388
1241,250,1491,0.1388
1244,248,1492,0.1388
1239,249,1488,0.1388
1243,254,1497,0.1388
1242,251,1493,0.1388
1240,247,1487,0.1388
1233,251,1484,0.1388
1225,257,1482,0.1388
1233,255,1488,0.1388
1236,252,1488,0.1388
1232,261,1493,0.1388
1230,266,1496,0.1388
1231,266,1497,0.1388
1237,265,1502,0.1388
1231,270,1501,0.1388
1227,273,1500,0.1388
1231,277,1508,0.1388
1215,276,1491,0.1388
1208,281,1489,0.1388
1206,281,1487,0.1388
1197,282,1479,0.1388
1200,284,1484,0.1388
1201,289,1490,0.1388
1203,288,1491,0.1388
1197,296,1493,0.1388
1191,302,1493,0.1388
1200,301,1501,0.1388
1191,304,1495,0.1388
1203,304,1507,0.1388
1190,306,1496,0.1388
1189,300,1489,0.1388
1190,299,1489,0.1388
1189,293,1482,0.1388
1178,300,1478,0.1388
1193,303,1496,0.1388
1192,302,1494,0.1388
1200,298,1498,0.1388
1187,300,1487,0.1388
1182,298,1480,0.1388
1194,303,1497,0.1388
1192,305,1497,0.1388
1205,308,1513,0.1388
1206,314,1520,0.1388
1211,312,1523,0.1388
1198,308,1506,0.1388
1192,316,1508,0.1388
1185,320,1505,0.1388
1190,320,1510,0.1388
1198,323,1521,0.1388
1191,329,1520,0.1388
1191,326,1517,0.1388
1182,328,1510,0.1388
1167,327,1494,0.1388
1166,329,1495,0.1388
1170,332,1502,0.1388
1153,325,1478,0.1388
1171,330,1501,0.1388
1169,329,1498,0.1388
1169,329,1498,0.1388
1166,326,1492,0.1388
1166,332,1498,0.1388
1156,334,1490,0.1388
1157,342,1499,0.1388
1149,346,1495,0.1388
1152,349,1501,0.1388
1167,344,1511,0.1388
1169,348,1517,0.1388
1167,350,1517,0.1388
1154,353,1507,0.1388
1144,352,1496,0.1388
1149,356,1505,0.1388
1144,354,1498,0.1388
1140,359,1499,0.1388
1144,360,1504,0.1388
1129,358,1487,0.1388
1133,360,1493,0.1388
1122,363,1485,0.1388
1129,373,1502,0.1388
1131,369,1500,0.1388
1130,364,1494,0.1388
1127,366,1493,0.1388
1126,364,1490,0.1388
1134,364,1498,0.1388
1131,373,1504,0.1388
1123,373,1496,0.1388
1139,379,1518,0.1388
1134,382,1516,0.1388
1136,382,1518,0.1388
1137,377,1514,0.1388
1132,383,1515,0.1388
1135,380,1515,0.1388
1128,375,1503,0.1388
1134,370,1504,0.1388
1136,374,1510,0.1388
1131,377,1508,0.1388
1140,374,1514,0.1388
1135,374,1509,0.1388
1121,371,1492,0.1388
1118,377,1495,0.1388
1119,374,1493,0.1388
1131,378,1509,0.1388
1130,383,1513,0.1388
1124,379,1503,0.1388
1116,378,1494,0.1388
1111,384,1495,0.1388
1116,386,1502,0.1388
1121,382,1503,0.1388
1127,377,1504,0.1388
1104,380,1484,0.1388
1107,382,1489,0.1388
1114,386,1500,0.1388
1107,392,1499,0.1388
1113,391,1504,0.1388
1111,386,1497,0.1388
1114,384,1498,0.1388
1112,384,1496,0.1388
1114,379,1493,0.1388
1120,378,1498,0.1388
1106,378,1484,0.1388
1098,382,1480,0.1388
1102,391,1493,0.1388
1102,390,1492,0.1388
1097,385,1482,0.1388
1097,396,1493,0.1388
1091,401,1492,0.1388
1095,401,1496,0.1388
1090,397,1487,0.1388
1103,393,1496,0.1388
1095,399,1494,0.1388
1104,402,1506,0.1388
1111,410,1521,0.1388
1111,411,1522,0.1388
1106,406,1512,0.1388
1097,413,1510,0.1388
1099,419,1518,0.1388
1088,419,1507,0.1388
1082,426,1508,0.1388
1069,425,1494,0.1388
1073,427,1500,0.1388
1072,434,1506,0.1388
1085,427,1512,0.1388
1073,436,1509,0.1388
1077,437,1514,0.1388
1072,434,1506,0.1388
1066,424,1490,0.1388
1064,430,1494,0.1388
1065,427,1492,0.1388
1067,428,1495,0.1388
1068,432,1500,0.1388
1075,433,1508,0.1388
1086,429,1515,0.1388
1082,432,1514,0.1388
1077,427,1504,0.1388
1087,429,1516,0.1388
1082,420,1502,0.1388
1086,423,1509,0.1388
1079,425,1504,0.1388
1082,418,1500,0.1388
1072,415,1487,0.1388
1080,414,1494,0.1388
1094,419,1513,0.1388
1080,425,1505,0.1388
1084,431,1515,0.1388
1080,435,1515,0.1388
1072,431,1503,0.1388
1052,438,1490,0.1388
1053,436,1489,0.1388
1065,429,1494,0.1388
1067,426,1493,0.1388
1066,434,1500,0.1388
1060,437,1497,0.1388
1066,437,1503,0.1388
1063,442,1505,0.1388
1053,439,1492,0.1388
1048,439,1487,0.1388
1042,443,1485,0.1388
1046,443,1489,0.1388
1048,445,1493,0.1388
1050,443,1493,0.1388
1039,446,1485,0.1388
1051,449,1500,0.1388
1057,452,1509,0.1388
1053,450,1503,0.1388
1047,442,1489,0.1388
1043,443,1486,0.1388
1042,449,1491,0.1388
1037,448,1485,0.1388
1044,452,1496,0.1388
1042,450,1492,0.1388
1042,450,1492,0.1388
1040,452,1492,0.1388
1039,452,1491,0.1388
1041,451,1492,0.1388
1042,457,1499,0.1388
1046,456,1502,0.1388
1050,464,1514,0.1388
1060,467,1527,0.1388
1039,462,1501,0.1388
1044,459,1503,0.1388
1034,461,1495,0.1388
1043,464,1507,0.1388
1037,456,1493,0.1388
1046,461,1507,0.1388
1041,467,1508,0.1388
1042,473,1515,0.1388
1044,468,1512,0.1388
1041,474,1515,0.1388
1027,477,1504,0.1388
1025,476,1501,0.1388
1031,484,1515,0.1388
1038,484,1522,0.1388
1033,477,1510,0.1388
1030,475,1505,0.1388
1016,480,1496,0.1388
1012,481,1493,0.1388
1010,487,1497,0.1388
1009,481,1490,0.1388
1002,478,1480,0.1388
1009,478,1487,0.1388
1017,473,1490,0.1388
1012,475,1487,0.1388
996,480,1476,0.1388
998,484,1482,0.1388
997,478,1475,0.1388
995,480,1475,0.1388
993,478,1471,0.1388
998,482,1480,0.1388
1003,491,1494,0.1388
1014,491,1505,0.1388
1031,493,1524,0.1388
1021,485,1506,0.1388
1009,490,1499,0.1388
1008,491,1499,0.1388
999,494,1493,0.1388
996,498,1494,0.1388
980,501,1481,0.1388
992,505,1497,0.1388
991,499,1490,0.1388
992,507,1499,0.1388
984,512,1496,0.1388
991,510,1501,0.1388
991,515,1506,0.1388
993,514,1507,0.1388
992,513,1505,0.1388
986,515,1501,0.1388
988,516,1504,0.1388
979,522,1501,0.1388
965,520,1485,0.1388
972,522,1494,0.1388
966,524,1490,0.1388
967,526,1493,0.1388
973,526,1499,0.1388
960,523,1483,0.1388
955,524,1479,0.1388
961,537,1498,0.1388
963,543,1506,0.1388
967,544,1511,0.1388
969,539,1508,0.1388
957,541,1498,0.1388
951,550,1501,0.1388
949,543,1492,0.1388
949,540,1489,0.1388
951,534,1485,0.1388
951,537,1488,0.1388
952,539,1491,0.1388
945,526,1471,0.1388
960,530,1490,0.1388
956,536,1492,0.1388
952,540,1492,0.1388
960,541,1501,0.1388
964,542,1506,0.1388
963,542,1505,0.1388
961,539,1500,0.1388
966,538,1504,0.1388
961,540,1501,0.1388
966,541,1507,0.1388
971,544,1515,0.1388
969,544,1513,0.1388
957,546,1503,0.1388
956,543,1499,0.1388
950,548,1498,0.1388
937,554,1491,0.1388
932,552,1484,0.1388
920,546,1466,0.1388
929,554,1483,0.1388
931,558,1489,0.1388
922,559,1481,0.1388
922,559,1481,0.1388
938,552,1490,0.1388
939,558,1497,0.1388
943,557,1500,0.1388
929,557,1486,0.1388
934,558,1492,0.1388
936,561,1497,0.1388
943,561,1504,0.1388
933,570,1503,0.1388
941,574,1515,0.1388
936,571,1507,0.1388
928,571,1499,0.1388
925,573,1498,0.1388
927,569,1496,0.1388
916,571,1487,0.1388
920,575,1495,0.1388
913,578,1491,0.1388
912,585,1497,0.1388
916,590,1506,0.1388
919,590,1509,0.1388
920,594,1514,0.1388
913,591,1504,0.1388
914,593,1507,0.1388
917,588,1505,0.1388
922,590,1512,0.1388
910,587,1497,0.1388
916,589,1505,0.1388
919,589,1508,0.1388
917,599,1516,0.1388
909,604,1513,0.1388
903,597,1500,0.1388
903,598,1501,0.1388
905,604,1509,0.1388
906,606,1512,0.1388
904,610,1514,0.1388
890,611,1501,0.1388
880,604,1484,0.1388
880,609,1489,0.1388
883,610,1493,0.1388
891,620,1511,0.1388
893,614,1507,0.1388
888,614,1502,0.1388
884,617,1501,0.1388
880,621,1501,0.1388
883,608,1491,0.1388
875,625,1500,0.1388
888,616,1504,0.1388
886,625,1511,0.1388
878,628,1506,0.1388
870,630,1500,0.1388
868,633,1501,0.1388
870,636,1506,0.1388
870,638,1508,0.1388
862,630,1492,0.1388
872,639,1511,0.1388
872,639,1511,0.1388
866,645,1511,0.1388
861,640,1501,0.1388
860,635,1495,0.1388
859,640,1499,0.1388
863,645,1508,0.1388
855,647,1502,0.1388
851,647,1498,0.1388
847,641,1488,0.1388
846,654,1500,0.1388
854,655,1509,0.1388
846,663,1509,0.1388
846,675,1521,0.1388
843,669,1512,0.1388
842,673,1515,0.1388
839,672,1511,0.1388
843,664,1507,0.1388
838,670,1508,0.1388
837,675,1512,0.1388
845,671,1516,0.1388
839,669,1508,0.1388
834,670,1504,0.1388
833,661,1494,0.1388
826,672,1498,0.1388
834,676,1510,0.1388
827,679,1506,0.1388
816,681,1497,0.1388
817,677,1494,0.1388
822,674,1496,0.1388
823,678,1501,0.1388
827,674,1501,0.1388
830,669,1499,0.1388
826,676,1502,0.1388
823,676,1499,0.1388
822,679,1501,0.1388
824,690,1514,0.1388
824,678,1502,0.1388
814,680,1494,0.1388
817,687,1504,0.1388
815,691,1506,0.1388
822,697,1519,0.1388
819,684,1503,0.1388
822,689,1511,0.1388
826,693,1519,0.1388
816,702,1518,0.1388
818,705,1523,0.1388
819,701,1520,0.1388
818,704,1522,0.1388
802,701,1503,0.1388
796,706,1502,0.1388
791,696,1487,0.1388
795,703,1498,0.1388
798,704,1502,0.1388
801,700,1501,0.1388
801,702,1503,0.1388
806,704,1510,0.1388
796,701,1497,0.1388
789,708,1497,0.1388
789,716,1505,0.1388
788,715,1503,0.1388
775,719,1494,0.1388
777,717,1494,0.1388
796,714,1510,0.1388
792,716,1508,0.1388
790,714,1504,0.1388
789,720,1509,0.1388
785,720,1505,0.1388
790,720,1510,0.1388
789,718,1507,0.1388
787,715,1502,0.1388
783,718,1501,0.1388
786,716,1502,0.1388
784,717,1501,0.1388
788,727,1515,0.1388
785,729,1514,0.1388
780,730,1510,0.1388
774,733,1507,0.1388
784,730,1514,0.1388
791,728,1519,0.1388
786,725,1511,0.1388
776,727,1503,0.1388
772,733,1505,0.1388
771,724,1495,0.1388
766,732,1498,0.1388
769,733,1502,0.1388
770,732,1502,0.1388
782,732,1514,0.1388
779,722,1501,0.1388
780,723,1503,0.1388
776,720,1496,0.1388
774,725,1499,0.1388
775,717,1492,0.1388
787,724,1511,0.1388
788,725,1513,0.1388
792,729,1521,0.1388
789,722,1511,0.1388
775,726,1501,0.1388
773,718,1491,0.1388
769,721,1490,0.1388
771,727,1498,0.1388
777,721,1498,0.1388
771,728,1499,0.1388
779,733,1512,0.1388
771,737,1508,0.1388
767,738,1505,0.1388
768,738,1506,0.1388
774,735,1509,0.1388
773,735,1508,0.1388
767,737,1504,0.1388
762,745,1507,0.1388
764,752,1516,0.1388
762,758,1520,0.1388
754,757,1511,0.1388
760,765,1525,0.1388
763,764,1527,0.1388
753,763,1516,0.1388
751,761,1512,0.1388
757,754,1511,0.1388
754,749,1503,0.1388
758,741,1499,0.1388
761,745,1506,0.1388
753,762,1515,0.1388
751,757,1508,0.1388
750,758,1508,0.1388
755,768,1523,0.1388
750,771,1521,0.1388
755,764,1519,0.1388
752,754,1506,0.1388
740,762,1502,0.1388
740,763,1503,0.1388
730,768,1498,0.1388
729,763,1492,0.1388
739,756,1495,0.1388
727,763,1490,0.1388
726,762,1488,0.1388
733,764,1497,0.1388
734,769,1503,0.1388
726,773,1499,0.1388
718,772,1490,0.1388
714,766,1480,0.1388
721,770,1491,0.1388
722,770,1492,0.1388
729,771,1500,0.1388
731,770,1501,0.1388
731,766,1497,0.1388
733,771,1504,0.1388
740,766,1506,0.1388
739,765,1504,0.1388
743,772,1515,0.1388
742,770,1512,0.1388
745,768,1513,0.1388
744,775,1519,0.1388
738,776,1514,0.1388
738,778,1516,0.1388
736,780,1516,0.1388
733,785,1518,0.1388
732,782,1514,0.1388
723,778,1501,0.1388
725,779,1504,0.1388
731,779,1510,0.1388
730,785,1515,0.1388
737,781,1518,0.1388
732,783,1515,0.1388
721,784,1505,0.1388
727,783,1510,0.1388
731,784,1515,0.1388
727,771,1498,0.1388
722,788,1510,0.1388
725,789,1514,0.1388
728,793,1521,0.1388
731,790,1521,0.1388
726,780,1506,0.1388
720,770,1490,0.1388
716,773,1489,0.1388
720,774,1494,0.1388
719,786,1505,0.1388
715,777,1492,0.1388
719,782,1501,0.1388
713,786,1499,0.1388
712,787,1499,0.1388
704,782,1486,0.1388
708,794,1502,0.1388
705,788,1493,0.1388
710,790,1500,0.1388
704,792,1496,0.1388
703,791,1494,0.1388
708,795,1503,0.1388
713,800,1513,0.1388
712,793,1505,0.1388
718,783,1501,0.1388
705,775,1480,0.1388
699,787,1486,0.1388
700,789,1489,0.1388
700,780,1480,0.1388
699,785,1484,0.1388
699,794,1493,0.1388
706,798,1504,0.1388
713,796,1509,0.1388
719,796,1515,0.1388
712,786,1498,0.1388
714,788,1502,0.1388
713,796,1509,0.1388
703,786,1489,0.1388
705,786,1491,0.1388
707,796,1503,0.1388
701,786,1487,0.1388
702,788,1490,0.1388
699,795,1494,0.1388
697,798,1495,0.1388
687,797,1484,0.1388
686,802,1488,0.1388
700,806,1506,0.1388
705,797,1502,0.1388
710,804,1514,0.1388
705,802,1507,0.1388
707,797,1504,0.1388
704,797,1501,0.1388
699,800,1499,0.1388
692,801,1493,0.1388
689,799,1488,0.1388
689,809,1498,0.1388
690,803,1493,0.1388
686,810,1496,0.1388
690,823,1513,0.1388
686,826,1512,0.1388
694,816,1510,0.1388
687,821,1508,0.1388
689,819,1508,0.1388
692,819,1511,0.1388
687,812,1499,0.1388
692,797,1489,0.1388
693,809,1502,0.1388
696,808,1504,0.1388
698,814,1512,0.1388
690,819,1509,0.1388
687,818,1505,0.1388
679,817,1496,0.1388
681,821,1502,0.1388
688,828,1516,0.1388
684,824,1508,0.1388
691,819,1510,0.1388
678,823,1501,0.1388
668,828,1496,0.1388
667,833,1500,0.1388
670,833,1503,0.1388
676,836,1512,0.1388
678,829,1507,0.1388
677,823,1500,0.1388
683,828,1511,0.1388
680,813,1493,0.1388
677,806,1483,0.1388
681,817,1498,0.1388
686,821,1507,0.1388
680,837,1517,0.1388
684,841,1525,0.1388
679,831,1510,0.1388
680,836,1516,0.1388
674,824,1498,0.1388
676,828,1504,0.1388
676,827,1503,0.1388
674,825,1499,0.1388
678,828,1506,0.1388
681,825,1506,0.1388
682,840,1522,0.1388
674,841,1515,0.1388
673,841,1514,0.1388
674,848,1522,0.1388
677,841,1518,0.1388
677,843,1520,0.1388
672,832,1504,0.1388
673,830,1503,0.1388
670,835,1505,0.1388
661,843,1504,0.1388
663,840,1503,0.1388
676,847,1523,0.1388
678,833,1511,0.1388
687,827,1514,0.1388
682,820,1502,0.1388
681,828,1509,0.1388
679,831,1510,0.1388
679,825,1504,0.1388
673,829,1502,0.1388
673,828,1501,0.1388
675,830,1505,0.1388
681,844,1525,0.1388
680,841,1521,0.1388
671,846,1517,0.1388
668,841,1509,0.1388
667,840,1507,0.1388
678,839,1517,0.1388
669,828,1497,0.1388
664,832,1496,0.1388
667,827,1494,0.1388
671,842,1513,0.1388
671,842,1513,0.1388
667,848,1515,0.1388
664,840,1504,0.1388
675,831,1506,0.1388
666,829,1495,0.1388
662,837,1499,0.1388
662,841,1503,0.1388
658,850,1508,0.1388
658,844,1502,0.1388
655,839,1494,0.1388
656,846,1502,0.1388
654,849,1503,0.1388
646,849,1495,0.1388
659,844,1503,0.1388
652,840,1492,0.1388
658,841,1499,0.1388
658,837,1495,0.1388
663,847,1510,0.1388
670,845,1515,0.1388
669,838,1507,0.1388
659,840,1499,0.1388
668,834,1502,0.1388
673,830,1503,0.1388
667,840,1507,0.1388
666,839,1505,0.1388
657,841,1498,0.1388
653,834,1487,0.1388
662,844,1506,0.1388
654,839,1493,0.1388
659,845,1504,0.1388
657,848,1505,0.1388
661,837,1498,0.1388
649,842,1491,0.1388
651,847,1498,0.1388
655,851,1506,0.1388
652,853,1505,0.1388
643,857,1500,0.1388
643,855,1498,0.1388
645,858,1503,0.1388
656,855,1511,0.1388
650,855,1505,0.1388
657,859,1516,0.1388
649,855,1504,0.1388
650,863,1513,0.1388
644,861,1505,0.1388
641,866,1507,0.1388
641,859,1500,0.1388
634,871,1505,0.1388
634,870,1504,0.1388
632,880,1512,0.1388
627,878,1505,0.1388
617,880,1497,0.1388
618,889,1507,0.1388
615,880,1495,0.1388
619,877,1496,0.1388
617,893,1510,0.1388
617,891,1508,0.1388
619,888,1507,0.1388
620,888,1508,0.1388
618,889,1507,0.1388
624,896,1520,0.1388
623,893,1516,0.1388
625,899,1524,0.1388
616,898,1514,0.1388
625,899,1524,0.1388
625,899,1524,0.1388
613,896,1509,0.1388
613,895,1508,0.1388
614,895,1509,0.1388
607,898,1505,0.1388
607,902,1509,0.1388
611,909,1520,0.1388
613,903,1516,0.1388
604,898,1502,0.1388
608,898,1506,0.1388
603,892,1495,0.1388
599,899,1498,0.1388
593,907,1500,0.1388
596,904,1500,0.1388
598,904,1502,0.1388
608,906,1514,0.1388
600,911,1511,0.1388
601,907,1508,0.1388
607,911,1518,0.1388
606,908,1514,0.1388
604,907,1511,0.1388
606,914,1520,0.1388
603,919,1522,0.1388
603,913,1516,0.1388
598,907,1505,0.1388
597,915,1512,0.1388
587,911,1498,0.1388
594,919,1513,0.1388
598,919,1517,0.1388
590,918,1508,0.1388
586,904,1490,0.1388
588,913,1501,0.1388
581,923,1504,0.1388
576,930,1506,0.1388
581,922,1503,0.1388
579,915,1494,0.1388
581,924,1505,0.1388
578,928,1506,0.1388
576,935,1511,0.1388
573,939,1512,0.1388
578,931,1509,0.1388
585,940,1525,0.1388
586,939,1525,0.1388
591,940,1531,0.1388
584,949,1533,0.1388
585,939,1524,0.1388
583,931,1514,0.1388
591,922,1513,0.1388
589,923,1512,0.1388
594,924,1518,0.1388
596,911,1507,0.1388
589,915,1504,0.1388
588,915,1503,0.1388
582,922,1504,0.1388
583,927,1510,0.1388
578,924,1502,0.1388
583,952,1535,0.1388
575,948,1523,0.1388
570,942,1512,0.1388
570,926,1496,0.1388
576,922,1498,0.1388
571,928,1499,0.1388
570,944,1514,0.1388
564,946,1510,0.1388
570,944,1514,0.1388
574,937,1511,0.1388
562,942,1504,0.1388
558,949,1507,0.1388
556,943,1499,0.1388
559,947,1506,0.1388
568,941,1509,0.1388
568,932,1500,0.1388
559,936,1495,0.1388
555,945,1500,0.1388
562,944,1506,0.1388
569,936,1505,0.1388
562,939,1501,0.1388
566,946,1512,0.1388
566,947,1513,0.1388
561,952,1513,0.1388
560,959,1519,0.1388
560,962,1522,0.1388
560,950,1510,0.1388
569,948,1517,0.1388
569,946,1515,0.1388
570,942,1512,0.1388
570,936,1506,0.1388
568,943,1511,0.1388
566,944,1510,0.1388
561,952,1513,0.1388
557,948,1505,0.1388
555,948,1503,0.1388
548,951,1499,0.1388
551,948,1499,0.1388
557,949,1506,0.1388
557,954,1511,0.1388
557,956,1513,0.1388
562,949,1511,0.1388
560,951,1511,0.1388
563,953,1516,0.1388
552,938,1490,0.1388
546,946,1492,0.1388
542,944,1486,0.1388
541,961,1502,0.1388
528,958,1486,0.1388
536,965,1501,0.1388
543,954,1497,0.1388
543,963,1506,0.1388
538,966,1504,0.1388
532,973,1505,0.1388
532,975,1507,0.1388
539,985,1524,0.1388
539,979,1518,0.1388
536,972,1508,0.1388
533,966,1499,0.1388
533,973,1506,0.1388
526,973,1499,0.1388
529,976,1505,0.1388
530,982,1512,0.1388
523,979,1502,0.1388
520,968,1488,0.1388
531,972,1503,0.1388
523,969,1492,0.1388
523,977,1500,0.1388
528,978,1506,0.1388
530,980,1510,0.1388
523,985,1508,0.1388
515,983,1498,0.1388
510,992,1502,0.1388
505,992,1497,0.1388
494,994,1488,0.1388
495,1004,1499,0.1388
491,994,1485,0.1388
495,1001,1496,0.1388
500,1011,1511,0.1388
498,1001,1499,0.1388
499,1006,1505,0.1388
499,993,1492,0.1388
504,1003,1507,0.1388
502,1017,1519,0.1388
500,1025,1525,0.1388
497,1027,1524,0.1388
493,1030,1523,0.1388
491,1020,1511,0.1388
488,1020,1508,0.1388
474,1018,1492,0.1388
478,1018,1496,0.1388
483,1033,1516,0.1388
490,1020,1510,0.1388
484,1040,1524,0.1388
486,1036,1522,0.1388
483,1035,1518,0.1388
488,1028,1516,0.1388
483,1032,1515,0.1388
479,1034,1513,0.1388
478,1027,1505,0.1388
472,1026,1498,0.1388
476,1039,1515,0.1388
476,1037,1513,0.1388
471,1037,1508,0.1388
466,1033,1499,0.1388
459,1029,1488,0.1388
468,1026,1494,0.1388
468,1037,1505,0.1388
462,1024,1486,0.1388
470,1017,1487,0.1388
462,1024,1486,0.1388
458,1029,1487,0.1388
468,1023,1491,0.1388
475,1030,1505,0.1388
479,1024,1503,0.1388
476,1030,1506,0.1388
470,1038,1508,0.1388
466,1027,1493,0.1388
463,1042,1505,0.1388
465,1047,1512,0.1388
461,1058,1519,0.1388
458,1058,1516,0.1388
456,1049,1505,0.1388
453,1044,1497,0.1388
458,1056,1514,0.1388
462,1062,1524,0.1388
464,1061,1525,0.1388
464,1061,1525,0.1388
457,1062,1519,0.1388
455,1073,1528,0.1388
449,1055,1504,0.1388
447,1059,1506,0.1388
453,1058,1511,0.1388
448,1051,1499,0.1388
447,1066,1513,0.1388
454,1077,1531,0.1388
455,1067,1522,0.1388
451,1057,1508,0.1388
452,1057,1509,0.1388
456,1059,1515,0.1388
458,1057,1515,0.1388
460,1054,1514,0.1388
457,1051,1508,0.1388
454,1057,1511,0.1388
458,1066,1524,0.1388
458,1068,1526,0.1388
462,1061,1523,0.1388
453,1060,1513,0.1388
449,1065,1514,0.1388
448,1072,1520,0.1388
438,1065,1503,0.1388
437,1065,1502,0.1388
436,1077,1513,0.1388
440,1077,1517,0.1388
441,1079,1520,0.1388
441,1074,1515,0.1388
430,1077,1507,0.1388
429,1079,1508,0.1388
428,1076,1504,0.1388
426,1075,1501,0.1388
433,1076,1509,0.1388
427,1077,1504,0.1388
433,1084,1517,0.1388
432,1077,1509,0.1388
434,1074,1508,0.1388
431,1077,1508,0.1388
434,1080,1514,0.1388
421,1079,1500,0.1388
431,1084,1515,0.1388
433,1085,1518,0.1388
424,1084,1508,0.1388
419,1089,1508,0.1388
411,1094,1505,0.1388
412,1097,1509,0.1388
412,1089,1501,0.1388
416,1093,1509,0.1388
421,1091,1512,0.1388
423,1088,1511,0.1388
426,1086,1512,0.1388
421,1086,1507,0.1388
433,1090,1523,0.1388
434,1105,1539,0.1388
428,1096,1524,0.1388
431,1089,1520,0.1388
430,1075,1505,0.1388
424,1084,1508,0.1388
426,1079,1505,0.1388
427,1076,1503,0.1388
423,1085,1508,0.1388
418,1088,1506,0.1388
421,1076,1497,0.1388
421,1079,1500,0.1388
420,1085,1505,0.1388
420,1091,1511,0.1388
418,1102,1520,0.1388
406,1115,1521,0.1388
403,1122,1525,0.1388
402,1119,1521,0.1388
404,1124,1528,0.1388
405,1123,1528,0.1388
397,1117,1514,0.1388
407,1127,1534,0.1388
402,1127,1529,0.1388
395,1109,1504,0.1388
394,1101,1495,0.1388
389,1102,1491,0.1388
388,1112,1500,0.1388
387,1120,1507,0.1388
387,1111,1498,0.1388
389,1113,1502,0.1388
391,1110,1501,0.1388
385,1111,1496,0.1388
387,1112,1499,0.1388
387,1117,1504,0.1388
386,1117,1503,0.1388
381,1115,1496,0.1388
386,1114,1500,0.1388
391,1111,1502,0.1388
387,1110,1497,0.1388
387,1119,1506,0.1388
384,1122,1506,0.1388
377,1126,1503,0.1388
373,1122,1495,0.1388
369,1129,1498,0.1388
370,1130,1500,0.1388
367,1135,1502,0.1388
367,1146,1513,0.1388
369,1147,1516,0.1388
370,1147,1517,0.1388
367,1149,1516,0.1388
364,1147,1511,0.1388
372,1151,1523,0.1388
369,1150,1519,0.1388
369,1147,1516,0.1388
366,1140,1506,0.1388
364,1143,1507,0.1388
363,1149,1512,0.1388
365,1155,1520,0.1388
360,1161,1521,0.1388
358,1164,1522,0.1388
361,1148,1509,0.1388
361,1156,1517,0.1388
363,1158,1521,0.1388
361,1151,1512,0.1388
364,1155,1519,0.1388
365,1144,1509,0.1388
367,1141,1508,0.1388
357,1137,1494,0.1388
366,1146,1512,0.1388
369,1143,1512,0.1388
369,1144,1513,0.1388
364,1152,1516,0.1388
359,1153,1512,0.1388
359,1157,1516,0.1388
353,1142,1495,0.1388
349,1148,1497,0.1388
349,1157,1506,0.1388
357,1168,1525,0.1388
354,1154,1508,0.1388
342,1161,1503,0.1388
345,1161,1506,0.1388
343,1168,1511,0.1388
344,1173,1517,0.1388
338,1171,1509,0.1388
337,1168,1505,0.1388
340,1173,1513,0.1388
338,1183,1521,0.1388
333,1182,1515,0.1388
329,1201,1530,0.1388
331,1196,1527,0.1388
341,1193,1534,0.1388
339,1189,1528,0.1388
341,1190,1531,0.1388
341,1195,1536,0.1388
341,1182,1523,0.1388
346,1174,1520,0.1388
339,1173,1512,0.1388
338,1167,1505,0.1388
337,1159,1496,0.1388
337,1180,1517,0.1388
334,1172,1506,0.1388
339,1180,1519,0.1388
332,1180,1512,0.1388
329,1184,1513,0.1388
326,1174,1500,0.1388
328,1169,1497,0.1388
328,1184,1512,0.1388
329,1185,1514,0.1388
342,1187,1529,0.1388
338,1188,1526,0.1388
335,1193,1528,0.1388
336,1187,1523,0.1388
332,1182,1514,0.1388
332,1173,1505,0.1388
335,1176,1511,0.1388
318,1185,1503,0.1388
315,1188,1503,0.1388
309,1199,1508,0.1388
312,1195,1507,0.1388
313,1197,1510,0.1388
307,1204,1511,0.1388
308,1199,1507,0.1388
310,1199,1509,0.1388
316,1200,1516,0.1388
313,1192,1505,0.1388
308,1201,1509,0.1388
307,1205,1512,0.1388
297,1214,1511,0.1388
291,1227,1518,0.1388
292,1223,1515,0.1388
292,1222,1514,0.1388
292,1214,1506,0.1388
285,1214,1499,0.1388
293,1209,1502,0.1388
290,1216,1506,0.1388
291,1228,1519,0.1388
292,1219,1511,0.1388
294,1223,1517,0.1388
291,1225,1516,0.1388
293,1221,1514,0.1388
297,1225,1522,0.1388
294,1224,1518,0.1388
295,1216,1511,0.1388
298,1223,1521,0.1388
295,1223,1518,0.1388
289,1221,1510,0.1388
285,1222,1507,0.1388
288,1225,1513,0.1388
284,1231,1515,0.1388
283,1234,1517,0.1388
284,1227,1511,0.1388
281,1237,1518,0.1388
282,1235,1517,0.1388
282,1235,1517,0.1388
280,1220,1500,0.1388
281,1224,1505,0.1388
276,1226,1502,0.1388
279,1242,1521,0.1388
279,1243,1522,0.1388
279,1233,1512,0.1388
278,1237,1515,0.1388
275,1235,1510,0.1388
278,1241,1519,0.1388
275,1240,1515,0.1388
278,1236,1514,0.1388
282,1225,1507,0.1388
281,1221,1502,0.1388
276,1224,1500,0.1388
278,1224,1502,0.1388
281,1232,1513,0.1388
279,1241,1520,0.1388
277,1234,1511,0.1388
273,1231,1504,0.1388
265,1228,1493,0.1388
268,1228,1496,0.1388
270,1237,1507,0.1388
273,1239,1512,0.1388
271,1238,1509,0.1388
269,1231,1500,0.1388
269,1232,1501,0.1388
269,1235,1504,0.1388
268,1239,1507,0.1388
268,1244,1512,0.1388
264,1243,1507,0.1388
263,1236,1499,0.1388
265,1243,1508,0.1388
268,1250,1518,0.1388
260,1260,1520,0.1388
259,1259,1518,0.1388
259,1266,1525,0.1388
257,1261,1518,0.1388
254,1264,1518,0.1388
258,1250,1508,0.1388
254,1238,1492,0.1388
256,1242,1498,0.1388
251,1241,1492,0.1388
252,1245,1497,0.1388
251,1246,1497,0.1388
252,1249,1501,0.1388
243,1256,1499,0.1388
247,1252,1499,0.1388
248,1268,1516,0.1388
248,1271,1519,0.1388
250,1265,1515,0.1388
250,1266,1516,0.1388
246,1268,1514,0.1388
246,1281,1527,0.1388
246,1272,1518,0.1388
245,1275,1520,0.1388
245,1264,1509,0.1388
239,1271,1510,0.1388
237,1279,1516,0.1388
234,1281,1515,0.1388
229,1282,1511,0.1388
222,1282,1504,0.1388
222,1296,1518,0.1388
225,1285,1510,0.1388
221,1287,1508,0.1388
224,1290,1514,0.1388
228,1287,1515,0.1388
228,1290,1518,0.1388
232,1291,1523,0.1388
230,1289,1519,0.1388
224,1292,1516,0.1388
221,1295,1516,0.1388
220,1290,1510,0.1388
221,1293,1514,0.1388
215,1293,1508,0.1388
210,1295,1505,0.1388
208,1297,1505,0.1388
207,1293,1500,0.1388
205,1303,1508,0.1388
210,1299,1509,0.1388
208,1313,1521,0.1388
208,1323,1531,0.1388
207,1315,1522,0.1388
201,1306,1507,0.1388
198,1296,1494,0.1388
198,1302,1500,0.1388
196,1307,1503,0.1388
201,1310,1511,0.1388
196,1314,1510,0.1388
196,1314,1510,0.1388
200,1315,1515,0.1388
201,1307,1508,0.1388
202,1322,1524,0.1388
199,1320,1519,0.1388
199,1326,1525,0.1388
199,1321,1520,0.1388
196,1303,1499,0.1388
200,1301,1501,0.1388
198,1302,1500,0.1388
199,1299,1498,0.1388
201,1310,1511,0.1388
195,1304,1499,0.1388
197,1326,1523,0.1388
195,1333,1528,0.1388
196,1322,1518,0.1388
199,1320,1519,0.1388
198,1322,1520,0.1388
201,1315,1516,0.1388
201,1313,1514,0.1388
201,1312,1513,0.1388
200,1328,1528,0.1388
199,1324,1523,0.1388
195,1320,1515,0.1388
192,1320,1512,0.1388
195,1311,1506,0.1388
196,1298,1494,0.1388
197,1310,1507,0.1388
199,1309,1508,0.1388
198,1310,1508,0.1388
196,1312,1508,0.1388
196,1309,1505,0.1388
195,1306,1501,0.1388
200,1309,1509,0.1388
196,1316,1512,0.1388
201,1317,1518,0.1388
199,1313,1512,0.1388
194,1324,1518,0.1388
189,1324,1513,0.1388
186,1330,1516,0.1388
188,1335,1523,0.1388
183,1340,1523,0.1388
177,1350,1527,0.1388
175,1343,1518,0.1388
177,1329,1506,0.1388
177,1318,1495,0.1388
181,1325,1506,0.1388
182,1338,1520,0.1388
185,1335,1520,0.1388
186,1332,1518,0.1388
183,1337,1520,0.1388
177,1333,1510,0.1388
179,1335,1514,0.1388
177,1329,1506,0.1388
177,1332,1509,0.1388
175,1342,1517,0.1388
170,1356,1526,0.1388
164,1357,1521,0.1388
162,1358,1520,0.1388
161,1348,1509,0.1388
159,1353,1512,0.1388
164,1359,1523,0.1388
165,1353,1518,0.1388
167,1347,1514,0.1388
167,1355,1522,0.1388
168,1346,1514,0.1388
168,1349,1517,0.1388
167,1347,1514,0.1388
171,1343,1514,0.1388
166,1346,1512,0.1388
166,1348,1514,0.1388
163,1355,1518,0.1388
157,1350,1507,0.1388
160,1355,1515,0.1388
156,1350,1506,0.1388
156,1347,1503,0.1388
155,1355,1510,0.1388
152,1365,1517,0.1388
153,1370,1523,0.1388
147,1370,1517,0.1388
148,1355,1503,0.1388
152,1356,1508,0.1388
154,1375,1529,0.1388
155,1379,1534,0.1388
153,1360,1513,0.1388
152,1360,1512,0.1388
151,1362,1513,0.1388
154,1367,1521,0.1388
153,1363,1516,0.1388
158,1371,1529,0.1388
157,1368,1525,0.1388
153,1357,1510,0.1388
149,1362,1511,0.1388
152,1365,1517,0.1388
151,1356,1507,0.1388
153,1356,1509,0.1388
158,1358,1516,0.1388
155,1369,1524,0.1388
155,1363,1518,0.1388
156,1370,1526,0.1388
153,1362,1515,0.1388
147,1363,1510,0.1388
149,1353,1502,0.1388
151,1356,1507,0.1388
155,1344,1499,0.1388
154,1344,1498,0.1388
150,1352,1502,0.1388
154,1369,1523,0.1388
153,1367,1520,0.1388
157,1368,1525,0.1388
153,1374,1527,0.1388
148,1359,1507,0.1388
143,1364,1507,0.1388
143,1359,1502,0.1388
142,1371,1513,0.1388
141,1364,1505,0.1388
142,1375,1517,0.1388
140,1380,1520,0.1388
139,1373,1512,0.1388
140,1384,1524,0.1388
138,1374,1512,0.1388
141,1369,1510,0.1388
140,1382,1522,0.1388
137,1369,1506,0.1388
134,1366,1500,0.1388
131,1369,1500,0.1388
132,1373,1505,0.1388
136,1372,1508,0.1388
136,1373,1509,0.1388
134,1379,1513,0.1388
135,1393,1528,0.1388
137,1383,1520,0.1388
133,1396,1529,0.1388
128,1397,1525,0.1388
124,1395,1519,0.1388
125,1389,1514,0.1388
128,1383,1511,0.1388
128,1372,1500,0.1388
127,1384,1511,0.1388
126,1392,1518,0.1388
127,1398,1525,0.1388
124,1384,1508,0.1388
123,1397,1520,0.1388
125,1397,1522,0.1388
123,1395,1518,0.1388
126,1405,1531,0.1388
124,1402,1526,0.1388
121,1393,1514,0.1388
118,1392,1510,0.1388
117,1399,1516,0.1388
115,1395,1510,0.1388
116,1414,1530,0.1388
112,1416,1528,0.1388
110,1405,1515,0.1388
107,1411,1518,0.1388
108,1398,1506,0.1388
107,1407,1514,0.1388
105,1405,1510,0.1388
104,1418,1522,0.1388
102,1425,1527,0.1388
96,1427,1523,0.1388
97,1425,1522,0.1388
96,1415,1511,0.1388
97,1408,1505,0.1388
100,1418,1518,0.1388
100,1408,1508,0.1388
102,1418,1520,0.1388
104,1415,1519,0.1388
104,1425,1529,0.1388
102,1423,1525,0.1388
103,1420,1523,0.1388
103,1411,1514,0.1388
102,1408,1510,0.1388
102,1410,1512,0.1388
102,1412,1514,0.1388
103,1411,1514,0.1388
102,1403,1505,0.1388
102,1405,1507,0.1388
99,1415,1514,0.1388
99,1409,1508,0.1388
102,1393,1495,0.1388
106,1392,1498,0.1388
106,1397,1503,0.1388
104,1401,1505,0.1388
100,1404,1504,0.1388
102,1414,1516,0.1388
102,1421,1523,0.1388
101,1421,1522,0.1388
104,1411,1515,0.1388
102,1385,1487,0.1388
101,1391,1492,0.1388
100,1407,1507,0.1388
98,1410,1508,0.1388
96,1416,1512,0.1388
96,1406,1502,0.1388
98,1415,1513,0.1388
95,1416,1511,0.1388
94,1423,1517,0.1388
92,1428,1520,0.1388
93,1427,1520,0.1388
94,1426,1520,0.1388
95,1436,1531,0.1388
97,1425,1522,0.1388
100,1420,1520,0.1388
99,1409,1508,0.1388
99,1401,1500,0.1388
96,1408,1504,0.1388
94,1413,1507,0.1388
97,1414,1511,0.1388
96,1411,1507,0.1388
97,1423,1520,0.1388
95,1418,1513,0.1388
94,1418,1512,0.1388
95,1405,1500,0.1388
98,1401,1499,0.1388
95,1404,1499,0.1388
90,1407,1497,0.1388
90,1401,1491,0.1388
90,1424,1514,0.1388
92,1415,1507,0.1388
90,1423,1513,0.1388
85,1427,1512,0.1388
83,1432,1515,0.1388
86,1443,1529,0.1388
84,1439,1523,0.1388
82,1429,1511,0.1388
80,1431,1511,0.1388
85,1429,1514,0.1388
86,1426,1512,0.1388
86,1428,1514,0.1388
86,1442,1528,0.1388
85,1446,1531,0.1388
83,1451,1534,0.1388
84,1437,1521,0.1388
85,1431,1516,0.1388
80,1430,1510,0.1388
80,1436,1516,0.1388
81,1448,1529,0.1388
82,1448,1530,0.1388
83,1442,1525,0.1388
81,1439,1520,0.1388
82,1438,1520,0.1388
81,1439,1520,0.1388
79,1455,1534,0.1388
76,1443,1519,0.1388
74,1454,1528,0.1388
73,1445,1518,0.1388
71,1442,1513,0.1388
71,1439,1510,0.1388
71,1432,1503,0.1388
73,1427,1500,0.1388
72,1431,1503,0.1388
66,1438,1504,0.1388
63,1449,1512,0.1388
62,1468,1530,0.1388
63,1469,1532,0.1388
60,1473,1533,0.1388
62,1465,1527,0.1388
61,1452,1513,0.1388
59,1435,1494,0.1388
57,1448,1505,0.1388
57,1455,1512,0.1388
59,1453,1512,0.1388
62,1456,1518,0.1388
64,1451,1515,0.1388
60,1455,1515,0.1388
60,1457,1517,0.1388
60,1453,1513,0.1388
59,1457,1516,0.1388
56,1445,1501,0.1388
56,1446,1502,0.1388
58,1449,1507,0.1388
59,1458,1517,0.1388
59,1451,1510,0.1388
57,1456,1513,0.1388
60,1455,1515,0.1388
60,1465,1525,0.1388
60,1475,1535,0.1388
60,1471,1531,0.1388
57,1453,1510,0.1388
60,1462,1522,0.1388
61,1458,1519,0.1388
56,1448,1504,0.1388
55,1443,1498,0.1388
57,1448,1505,0.1388
58,1460,1518,0.1388
56,1455,1511,0.1388
59,1454,1513,0.1388
57,1455,1512,0.1388
59,1455,1514,0.1388
57,1448,1505,0.1388
58,1453,1511,0.1388
57,1451,1508,0.1388
57,1449,1506,0.1388
56,1461,1517,0.1388
55,1452,1507,0.1388
57,1462,1519,0.1388
55,1471,1526,0.1388
53,1464,1517,0.1388
55,1463,1518,0.1388
55,1457,1512,0.1388
56,1456,1512,0.1388
53,1456,1509,0.1388
53,1465,1518,0.1388
55,1468,1523,0.1388
54,1463,1517,0.1388
54,1462,1516,0.1388
54,1468,1522,0.1388
54,1465,1519,0.1388
53,1464,1517,0.1388
53,1455,1508,0.1388
53,1461,1514,0.1388
54,1463,1517,0.1388
49,1460,1509,0.1388
49,1459,1508,0.1388
49,1463,1512,0.1388
53,1462,1515,0.1388
52,1472,1524,0.1388
51,1476,1527,0.1388
47,1469,1516,0.1388
47,1487,1534,0.1388
46,1477,1523,0.1388
47,1489,1536,0.1388
49,1482,1531,0.1388
48,1468,1516,0.1388
45,1454,1499,0.1388
45,1466,1511,0.1388
43,1466,1509,0.1388
43,1470,1513,0.1388
42,1471,1513,0.1388
40,1484,1524,0.1388
40,1483,1523,0.1388
38,1483,1521,0.1388
38,1488,1526,0.1388
38,1484,1522,0.1388
38,1487,1525,0.1388
36,1480,1516,0.1388
39,1464,1503,0.1388
41,1475,1516,0.1388
44,1482,1526,0.1388
44,1468,1512,0.1388
44,1460,1504,0.1388
43,1472,1515,0.1388
40,1487,1527,0.1388
37,1470,1507,0.1388
39,1468,1507,0.1388
40,1463,1503,0.1388
38,1472,1510,0.1388
40,1474,1514,0.1388
37,1472,1509,0.1388
36,1476,1512,0.1388
37,1474,1511,0.1388
37,1487,1524,0.1388
38,1474,1512,0.1388
39,1477,1516,0.1388
38,1478,1516,0.1388
38,1490,1528,0.1388
38,1486,1524,0.1388
39,1471,1510,0.1388
37,1447,1484,0.1388
37,1459,1496,0.1388
37,1465,1502,0.1388
38,1469,1507,0.1388
38,1469,1507,0.1388
36,1467,1503,0.1388
38,1475,1513,0.1388
38,1475,1513,0.1388
36,1475,1511,0.1388
37,1469,1506,0.1388
37,1471,1508,0.1388
36,1471,1507,0.1388
35,1469,1504,0.1388
36,1471,1507,0.1388
36,1476,1512,0.1388
33,1477,1510,0.1388
34,1479,1513,0.1388
31,1484,1515,0.1388
30,1480,1510,0.1388
32,1494,1526,0.1388
35,1488,1523,0.1388
37,1486,1523,0.1388
37,1489,1526,0.1388
38,1489,1527,0.1388
37,1498,1535,0.1388
35,1502,1537,0.1388
35,1485,1520,0.1388
30,1484,1514,0.1388
29,1481,1510,0.1388
29,1493,1522,0.1388
27,1482,1509,0.1388
26,1504,1530,0.1388
25,1488,1513,0.1388
26,1505,1531,0.1388
26,1493,1519,0.1388
27,1493,1520,0.1388
27,1489,1516,0.1388
28,1469,1497,0.1388
27,1486,1513,0.1388
26,1483,1509,0.1388
26,1487,1513,0.1388
27,1482,1509,0.1388
27,1469,1496,0.1388
28,1468,1496,0.1388
27,1472,1499,0.1388
29,1480,1509,0.1388
29,1485,1514,0.1388
28,1469,1497,0.1388
26,1484,1510,0.1388
25,1473,1498,0.1388
26,1484,1510,0.1388
24,1494,1518,0.1388
24,1487,1511,0.1388
24,1492,1516,0.1388
24,1496,1520,0.1388
26,1488,1514,0.1388
26,1487,1513,0.1388
29,1492,1521,0.1388
30,1496,1526,0.1388
31,1496,1527,0.1388
32,1489,1521,0.1388
33,1483,1516,0.1388
33,1493,1526,0.1388
33,1478,1511,0.1388
32,1483,1515,0.1388
33,1479,1512,0.1388
34,1486,1520,0.1388
34,1487,1521,0.1388
33,1487,1520,0.1388
33,1485,1518,0.1388
32,1478,1510,0.1388
32,1486,1518,0.1388
33,1499,1532,0.1388
32,1497,1529,0.1388
32,1503,1535,0.1388
31,1493,1524,0.1388
31,1486,1517,0.1388
29,1485,1514,0.1388
30,1484,1514,0.1388
30,1480,1510,0.1388
29,1478,1507,0.1388
29,1476,1505,0.1388
30,1474,1504,0.1388
31,1474,1505,0.1388
31,1482,1513,0.1388
30,1473,1503,0.1388
30,1488,1518,0.1388
26,1479,1505,0.1388
27,1479,1506,0.1388
27,1490,1517,0.1388
26,1485,1511,0.1388
25,1494,1519,0.1388
25,1484,1509,0.1388
26,1482,1508,0.1388
26,1475,1501,0.1388
24,1481,1505,0.1388
24,1488,1512,0.1388
25,1485,1510,0.1388
25,1482,1507,0.1388
25,1493,1518,0.1388
26,1503,1529,0.1388
27,1510,1537,0.1388
29,1507,1536,0.1388
29,1507,1536,0.1388
28,1499,1527,0.1388
27,1498,1525,0.1388
25,1497,1522,0.1388
26,1498,1524,0.1388
25,1498,1523,0.1388
24,1499,1523,0.1388
24,1503,1527,0.1388
24,1501,1525,0.1388
23,1495,1518,0.1388
23,1494,1517,0.1388
23,1489,1512,0.1388
24,1480,1504,0.1388
26,1492,1518,0.1388
25,1486,1511,0.1388
26,1479,1505,0.1388
27,1475,1502,0.1388
28,1470,1498,0.1388
28,1477,1505,0.1388
29,1484,1513,0.1388
26,1481,1507,0.1388
27,1480,1507,0.1388
26,1480,1506,0.1388
24,1472,1496,0.1388
25,1483,1508,0.1388
25,1485,1510,0.1388
24,1483,1507,0.1388
25,1483,1508,0.1388
24,1484,1508,0.1388
23,1487,1510,0.1388
22,1496,1518,0.1388
23,1479,1502,0.1388
21,1492,1513,0.1388
21,1483,1504,0.1388
22,1494,1516,0.1388
21,1500,1521,0.1388
21,1490,1511,0.1388
20,1484,1504,0.1388
20,1483,1503,0.1388
20,1487,1507,0.1388
19,1491,1510,0.1388
18,1508,1526,0.1388
18,1495,1513,0.1388
20,1488,1508,0.1388
21,1492,1513,0.1388
21,1501,1522,0.1388
19,1502,1521,0.1388
18,1504,1522,0.1388
18,1498,1516,0.1388
17,1499,1516,0.1388
16,1497,1513,0.1388
16,1511,1527,0.1388
16,1502,1518,0.1388
17,1486,1503,0.1388
16,1484,1500,0.1388
15,1489,1504,0.1388
18,1500,1518,0.1388
21,1500,1521,0.1388
22,1495,1517,0.1388
23,1506,1529,0.1388
23,1504,1527,0.1388
23,1505,1528,0.1388
23,1510,1533,0.1388
22,1496,1518,0.1388
22,1505,1527,0.1388
24,1501,1525,0.1388
24,1504,1528,0.1388
24,1500,1524,0.1388
23,1483,1506,0.1388
24,1494,1518,0.1388
24,1492,1516,0.1388
24,1500,1524,0.1388
24,1499,1523,0.1388
23,1499,1522,0.1388
22,1500,1522,0.1388
22,1497,1519,0.1388
21,1498,1519,0.1388
21,1487,1508,0.1388
20,1494,1514,0.1388
21,1489,1510,0.1388
19,1489,1508,0.1388
19,1485,1504,0.1388
17,1495,1512,0.1388
17,1509,1526,0.1388
17,1496,1513,0.1388
18,1495,1513,0.1388
18,1494,1512,0.1388
17,1490,1507,0.1388
18,1488,1506,0.1388
18,1482,1500,0.1388
19,1501,1520,0.1388
18,1498,1516,0.1388
17,1508,1525,0.1388
17,1500,1517,0.1388
17,1494,1511,0.1388
18,1482,1500,0.1388
18,1486,1504,0.1388
18,1483,1501,0.1388
18,1488,1506,0.1388
19,1501,1520,0.1388
18,1501,1519,0.1388
18,1510,1528,0.1388
18,1518,1536,0.1388
18,1499,1517,0.1388
18,1502,1520,0.1388
17,1512,1529,0.1388
16,1495,1511,0.1388
16,1490,1506,0.1388
16,1502,1518,0.1388
17,1506,1523,0.1388
17,1498,1515,0.1388
15,1495,1510,0.1388
15,1492,1507,0.1388
15,1485,1500,0.1388
16,1494,1510,0.1388
15,1498,1513,0.1388
14,1505,1519,0.1388
15,1502,1517,0.1388
16,1502,1518,0.1388
17,1496,1513,0.1388
16,1498,1514,0.1388
17,1505,1522,0.1388
16,1509,1525,0.1388
16,1494,1510,0.1388
17,1494,1511,0.1388
18,1495,1513,0.1388
17,1501,1518,0.1388
17,1499,1516,0.1388
18,1498,1516,0.1388
18,1495,1513,0.1388
19,1495,1514,0.1388
19,1494,1513,0.1388
19,1502,1521,0.1388
19,1505,1524,0.1388
20,1498,1518,0.1388
20,1498,1518,0.1388
19,1501,1520,0.1388
18,1506,1524,0.1388
18,1504,1522,0.1388
18,1493,1511,0.1388
20,1501,1521,0.1388
20,1505,1525,0.1388
20,1503,1523,0.1388
20,1509,1529,0.1388
17,1505,1522,0.1388
17,1500,1517,0.1388
16,1502,1518,0.1388
16,1497,1513,0.1388
17,1497,1514,0.1388
18,1506,1524,0.1388
18,1497,1515,0.1388
18,1488,1506,0.1388
19,1495,1514,0.1388
21,1494,1515,0.1388
22,1496,1518,0.1388
22,1502,1524,0.1388
24,1496,1520,0.1388
24,1495,1519,0.1388
23,1494,1517,0.1388
23,1493,1516,0.1388
21,1489,1510,0.1388
20,1494,1514,0.1388
18,1497,1515,0.1388
18,1499,1517,0.1388
17,1491,1508,0.1388
18,1484,1502,0.1388
18,1500,1518,0.1388
18,1504,1522,0.1388
17,1491,1508,0.1388
18,1493,1511,0.1388
18,1487,1505,0.1388
19,1490,1509,0.1388
20,1489,1509,0.1388
19,1493,1512,0.1388
19,1497,1516,0.1388
19,1490,1509,0.1388
18,1486,1504,0.1388
18,1492,1510,0.1388
18,1508,1526,0.1388
17,1504,1521,0.1388
17,1501,1518,0.1388
17,1502,1519,0.1388
16,1500,1516,0.1388
17,1505,1522,0.1388
18,1492,1510,0.1388
17,1490,1507,0.1388
16,1477,1493,0.1388
15,1489,1504,0.1388
15,1492,1507,0.1388
13,1482,1495,0.1388
13,1484,1497,0.1388
13,1492,1505,0.1388
12,1489,1501,0.1388
12,1488,1500,0.1388
12,1512,1524,0.1388
12,1522,1534,0.1388
13,1521,1534,0.1388
14,1507,1521,0.1388
13,1500,1513,0.1388
12,1510,1522,0.1388
12,1501,1513,0.1388
12,1501,1513,0.1388
11,1496,1507,0.1388
10,1502,1512,0.1388
11,1511,1522,0.1388
11,1510,1521,0.1388
11,1509,1520,0.1388
11,1512,1523,0.1388
11,1497,1508,0.1388
11,1486,1497,0.1388
11,1494,1505,0.1388
11,1495,1506,0.1388
12,1504,1516,0.1388
12,1497,1509,0.1388
12,1512,1524,0.1388
12,1500,1512,0.1388
13,1501,1514,0.1388
14,1491,1505,0.1388
14,1497,1511,0.1388
15,1499,1514,0.1388
15,1487,1502,0.1388
13,1495,1508,0.1388
14,1492,1506,0.1388
13,1493,1506,0.1388
13,1504,1517,0.1388
13,1517,1530,0.1388
12,1513,1525,0.1388
12,1500,1512,0.1388
11,1501,1512,0.1388
11,1516,1527,0.1388
12,1508,1520,0.1388
12,1507,1519,0.1388
12,1519,1531,0.1388
12,1504,1516,0.1388
13,1511,1524,0.1388
13,1505,1518,0.1388
13,1504,1517,0.1388
13,1492,1505,0.1388
14,1500,1514,0.1388
14,1496,1510,0.1388
15,1498,1513,0.1388
14,1500,1514,0.1388
13,1507,1520,0.1388
13,1501,1514,0.1388
13,1504,1517,0.1388
13,1500,1513,0.1388
13,1492,1505,0.1388
13,1495,1508,0.1388
13,1500,1513,0.1388
11,1498,1509,0.1388
10,1508,1518,0.1388
10,1508,1518,0.1388
10,1499,1509,0.1388
10,1504,1514,0.1388
9,1506,1515,0.1388
9,1503,1512,0.1388
8,1499,1507,0.1388
9,1514,1523,0.1388
9,1502,1511,0.1388
9,1491,1500,0.1388
8,1510,1518,0.1388
9,1509,1518,0.1388
9,1511,1520,0.1388
9,1514,1523,0.1388
9,1500,1509,0.1388
8,1508,1516,0.1388
9,1499,1508,0.1388
10,1507,1517,0.1388
11,1504,1515,0.1388
11,1506,1517,0.1388
8,1505,1513,0.1388
8,1511,1519,0.1388
7,1500,1507,0.1388
7,1506,1513,0.1388
7,1495,1502,0.1388
8,1500,1508,0.1388
9,1496,1505,0.1388
8,1507,1515,0.1388
9,1504,1513,0.1388
10,1508,1518,0.1388
9,1509,1518,0.1388
7,1494,1501,0.1388
7,1504,1511,0.1388
8,1514,1522,0.1388
10,1516,1526,0.1388
10,1508,1518,0.1388
10,1507,1517,0.1388
12,1502,1514,0.1388
12,1502,1514,0.1388
11,1505,1516,0.1388
11,1506,1517,0.1388
11,1507,1518,0.1388
11,1502,1513,0.1388
11,1509,1520,0.1388
11,1513,1524,0.1388
12,1523,1535,0.1388
13,1501,1514,0.1388
12,1502,1514,0.1388
13,1509,1522,0.1388
12,1507,1519,0.1388
12,1493,1505,0.1388
12,1487,1499,0.1388
12,1489,1501,0.1388
11,1505,1516,0.1388
11,1506,1517,0.1388
11,1507,1518,0.1388
10,1504,1514,0.1388
10,1508,1518,0.1388
9,1507,1516,0.1388
9,1511,1520,0.1388
7,1511,1518,0.1388
8,1515,1523,0.1388
9,1505,1514,0.1388
8,1510,1518,0.1388
9,1494,1503,0.1388
9,1498,1507,0.1388
9,1488,1497,0.1388
9,1497,1506,0.1388
8,1496,1504,0.1388
8,1498,1506,0.1388
8,1495,1503,0.1388
8,1508,1516,0.1388
8,1495,1503,0.1388
8,1490,1498,0.1388
9,1500,1509,0.1388
9,1489,1498,0.1388
9,1498,1507,0.1388
8,1502,1510,0.1388
8,1499,1507,0.1388
8,1505,1513,0.1388
8,1507,1515,0.1388
8,1516,1524,0.1388
9,1518,1527,0.1388
8,1498,1506,0.1388
8,1522,1530,0.1388
8,1504,1512,0.1388
8,1494,1502,0.1388
9,1498,1507,0.1388
8,1506,1514,0.1388
8,1518,1526,0.1388
7,1519,1526,0.1388
7,1517,1524,0.1388
7,1510,1517,0.1388
7,1515,1522,0.1388
8,1493,1501,0.1388
8,1503,1511,0.1388
8,1509,1517,0.1388
9,1516,1525,0.1388
9,1503,1512,0.1388
8,1518,1526,0.1388
8,1520,1528,0.1388
9,1521,1530,0.1388
9,1521,1530,0.1388
9,1507,1516,0.1388
9,1516,1525,0.1388
9,1521,1530,0.1388
9,1513,1522,0.1388
9,1510,1519,0.1388
9,1517,1526,0.1388
9,1525,1534,0.1388
9,1530,1539,0.1388
9,1528,1537,0.1388
9,1518,1527,0.1388
9,1504,1513,0.1388
9,1498,1507,0.1388
9,1500,1509,0.1388
9,1487,1496,0.1388
9,1498,1507,0.1388
9,1500,1509,0.1388
9,1499,1508,0.1388
9,1509,1518,0.1388
9,1510,1519,0.1388
8,1513,1521,0.1388
7,1507,1514,0.1388
6,1513,1519,0.1388
6,1507,1513,0.1388
6,1513,1519,0.1388
6,1502,1508,0.1388
6,1505,1511,0.1388
7,1501,1508,0.1388
6,1511,1517,0.1388
6,1506,1512,0.1388
6,1497,1503,0.1388
6,1502,1508,0.1388
5,1503,1508,0.1388
5,1505,1510,0.1388
5,1503,1508,0.1388
6,1502,1508,0.1388
5,1504,1509,0.1388
5,1502,1507,0.1388
4,1506,1510,0.1388
4,1514,1518,0.1388
5,1512,1517,0.1388
5,1512,1517,0.1388
5,1514,1519,0.1388
5,1522,1527,0.1388
5,1520,1525,0.1388
5,1521,1526,0.1388
7,1511,1518,0.1388
7,1509,1516,0.1388
7,1516,1523,0.1388
7,1512,1519,0.1388
7,1526,1533,0.1388
7,1510,1517,0.1388
7,1512,1519,0.1388
7,1512,1519,0.1388
7,1501,1508,0.1388
7,1515,1522,0.1388
7,1527,1534,0.1388
8,1535,1543,0.1388
9,1527,1536,0.1388
8,1519,1527,0.1388
8,1519,1527,0.1388
8,1517,1525,0.1388
8,1513,1521,0.1388
7,1522,1529,0.1388
7,1522,1529,0.1388
6,1508,1514,0.1388
6,1511,1517,0.1388
6,1507,1513,0.1388
7,1512,1519,0.1388
8,1504,1512,0.1388
6,1490,1496,0.1388
6,1501,1507,0.1388
6,1505,1511,0.1388
6,1506,1512,0.1388
6,1502,1508,0.1388
6,1504,1510,0.1388
6,1501,1507,0.1388
6,1496,1502,0.1388
6,1498,1504,0.1388
5,1507,1512,0.1388
5,1518,1523,0.1388
5,1513,1518,0.1388
5,1513,1518,0.1388
5,1519,1524,0.1388
5,1521,1526,0.1388
6,1517,1523,0.1388
5,1508,1513,0.1388
5,1508,1513,0.1388
5,1500,1505,0.1388
5,1507,1512,0.1388
5,1514,1519,0.1388
5,1519,1524,0.1388
4,1513,1517,0.1388
5,1502,1507,0.1388
5,1485,1490,0.1388
5,1498,1503,0.1388
5,1510,1515,0.1388
5,1505,1510,0.1388
5,1504,1509,0.1388
5,1516,1521,0.1388
5,1519,1524,0.1388
5,1517,1522,0.1388
5,1519,1524,0.1388
5,1516,1521,0.1388
5,1515,1520,0.1388
5,1508,1513,0.1388
5,1508,1513,0.1388
5,1522,1527,0.1388
5,1512,1517,0.1388
5,1518,1523,0.1388
5,1514,1519,0.1388
5,1501,1506,0.1388
5,1520,1525,0.1388
5,1509,1514,0.1388
6,1513,1519,0.1388
6,1507,1513,0.1388
6,1515,1521,0.1388
6,1508,1514,0.1388
6,1502,1508,0.1388
6,1510,1516,0.1388
5,1502,1507,0.1388
5,1506,1511,0.1388
5,1515,1520,0.1388
6,1518,1524,0.1388
6,1516,1522,0.1388
7,1515,1522,0.1388
7,1514,1521,0.1388
6,1512,1518,0.1388
6,1506,1512,0.1388
6,1511,1517,0.1388
6,1511,1517,0.1388
6,1501,1507,0.1388
7,1508,1515,0.1388
7,1513,1520,0.1388
7,1507,1514,0.1388
6,1499,1505,0.1388
6,1508,1514,0.1388
6,1504,1510,0.1388
5,1514,1519,0.1388
5,1516,1521,0.1388
6,1523,1529,0.1388
6,1511,1517,0.1388
6,1502,1508,0.1388
6,1499,1505,0.1388
7,1507,1514,0.1388
7,1509,1516,0.1388
8,1504,1512,0.1388
8,1511,1519,0.1388
8,1505,1513,0.1388
7,1506,1513,0.1388
7,1502,1509,0.1388
7,1513,1520,0.1388
9,1515,1524,0.1388
9,1505,1514,0.1388
9,1496,1505,0.1388
9,1509,1518,0.1388
9,1508,1517,0.1388
9,1517,1526,0.1388
9,1511,1520,0.1388
9,1504,1513,0.1388
8,1500,1508,0.1388
8,1493,1501,0.1388
8,1501,1509,0.1388
8,1497,1505,0.1388
8,1506,1514,0.1388
9,1510,1519,0.1388
9,1512,1521,0.1388
9,1498,1507,0.1388
10,1503,1513,0.1388
10,1497,1507,0.1388
10,1503,1513,0.1388
10,1501,1511,0.1388
10,1496,1506,0.1388
9,1497,1506,0.1388
9,1510,1519,0.1388
8,1513,1521,0.1388
9,1501,1510,0.1388
10,1497,1507,0.1388
10,1497,1507,0.1388
10,1506,1516,0.1388
10,1507,1517,0.1388
10,1510,1520,0.1388
10,1509,1519,0.1388
10,1510,1520,0.1388
9,1507,1516,0.1388
11,1505,1516,0.1388
11,1496,1507,0.1388
11,1504,1515,0.1388
12,1507,1519,0.1388
12,1489,1501,0.1388
11,1479,1490,0.1388
12,1479,1491,0.1388
12,1487,1499,0.1388
12,1494,1506,0.1388
12,1505,1517,0.1388
12,1506,1518,0.1388
12,1514,1526,0.1388
11,1501,1512,0.1388
11,1504,1515,0.1388
11,1512,1523,0.1388
12,1508,1520,0.1388
12,1502,1514,0.1388
11,1494,1505,0.1388
11,1481,1492,0.1388
11,1495,1506,0.1388
13,1487,1500,0.1388
14,1484,1498,0.1388
14,1483,1497,0.1388
14,1491,1505,0.1388
14,1503,1517,0.1388
16,1494,1510,0.1388
16,1496,1512,0.1388
16,1498,1514,0.1388
16,1492,1508,0.1388
16,1506,1522,0.1388
16,1522,1538,0.1388
16,1512,1528,0.1388
15,1517,1532,0.1388
15,1515,1530,0.1388
16,1522,1538,0.1388
16,1503,1519,0.1388
16,1509,1525,0.1388
16,1504,1520,0.1388
16,1495,1511,0.1388
16,1488,1504,0.1388
16,1488,1504,0.1388
16,1488,1504,0.1388
16,1498,1514,0.1388
15,1503,1518,0.1388
14,1507,1521,0.1388
15,1501,1516,0.1388
15,1500,1515,0.1388
15,1506,1521,0.1388
16,1506,1522,0.1388
16,1496,1512,0.1388
16,1492,1508,0.1388
17,1486,1503,0.1388
15,1478,1493,0.1388
17,1475,1492,0.1388
17,1473,1490,0.1388
16,1451,1467,0.1388
16,1473,1489,0.1388
16,1479,1495,0.1388
16,1496,1512,0.1388
16,1492,1508,0.1388
15,1505,1520,0.1388
15,1502,1517,0.1388
15,1497,1512,0.1388
15,1494,1509,0.1388
15,1513,1528,0.1388
17,1507,1524,0.1388
17,1509,1526,0.1388
15,1507,1522,0.1388
14,1508,1522,0.1388
13,1520,1533,0.1388
12,1514,1526,0.1388
11,1498,1509,0.1388
11,1490,1501,0.1388
11,1503,1514,0.1388
11,1506,1517,0.1388
11,1501,1512,0.1388
11,1499,1510,0.1388
11,1491,1502,0.1388
10,1487,1497,0.1388
10,1505,1515,0.1388
9,1511,1520,0.1388
9,1504,1513,0.1388
9,1494,1503,0.1388
10,1508,1518,0.1388
10,1503,1513,0.1388
10,1517,1527,0.1388
11,1528,1539,0.1388
10,1514,1524,0.1388
10,1516,1526,0.1388
9,1518,1527,0.1388
10,1515,1525,0.1388
10,1515,1525,0.1388
10,1510,1520,0.1388
10,1516,1526,0.1388
10,1515,1525,0.1388
11,1513,1524,0.1388
11,1507,1518,0.1388
11,1505,1516,0.1388
11,1503,1514,0.1388
12,1499,1511,0.1388
12,1502,1514,0.1388
13,1505,1518,0.1388
13,1518,1531,0.1388
13,1514,1527,0.1388
13,1522,1535,0.1388
13,1525,1538,0.1388
13,1519,1532,0.1388
12,1520,1532,0.1388
13,1522,1535,0.1388
13,1516,1529,0.1388
12,1531,1543,0.1388
13,1522,1535,0.1388
13,1518,1531,0.1388
13,1511,1524,0.1388
13,1512,1525,0.1388
13,1511,1524,0.1388
13,1508,1521,0.1388
15,1507,1522,0.1388
15,1483,1498,0.1388
14,1502,1516,0.1388
13,1497,1510,0.1388
14,1502,1516,0.1388
14,1492,1506,0.1388
14,1496,1510,0.1388
14,1503,1517,0.1388
14,1489,1503,0.1388
14,1490,1504,0.1388
13,1493,1506,0.1388
11,1498,1509,0.1388
9,1495,1504,0.1388
9,1502,1511,0.1388
9,1498,1507,0.1388
9,1500,1509,0.1388
9,1503,1512,0.1388
9,1505,1514,0.1388
10,1514,1524,0.1388
9,1512,1521,0.1388
8,1523,1531,0.1388
8,1507,1515,0.1388
8,1510,1518,0.1388
8,1498,1506,0.1388
8,1508,1516,0.1388
7,1515,1522,0.1388
7,1514,1521,0.1388
7,1527,1534,0.1388
7,1520,1527,0.1388
7,1526,1533,0.1388
6,1535,1541,0.1388
6,1527,1533,0.1388
6,1519,1525,0.1388
6,1511,1517,0.1388
5,1490,1495,0.1388
5,1501,1506,0.1388
5,1498,1503,0.1388
6,1492,1498,0.1388
6,1500,1506,0.1388
6,1507,1513,0.1388
6,1516,1522,0.1388
5,1505,1510,0.1388
5,1496,1501,0.1388
6,1507,1513,0.1388
6,1513,1519,0.1388
6,1493,1499,0.1388
6,1496,1502,0.1388
5,1498,1503,0.1388
5,1494,1499,0.1388
4,1510,1514,0.1388
4,1524,1528,0.1388
4,1516,1520,0.1388
4,1511,1515,0.1388
4,1508,1512,0.1388
4,1505,1509,0.1388
4,1507,1511,0.1388
4,1520,1524,0.1388
4,1520,1524,0.1388
4,1513,1517,0.1388
4,1513,1517,0.1388
3,1494,1497,0.1388
3,1499,1502,0.1388
3,1505,1508,0.1388
3,1515,1518,0.1388
3,1502,1505,0.1388
3,1513,1516,0.1388
3,1508,1511,0.1388
3,1502,1505,0.1388
3,1489,1492,0.1388
4,1491,1495,0.1388
4,1496,1500,0.1388
4,1505,1509,0.1388
4,1501,1505,0.1388
4,1513,1517,0.1388
4,1500,1504,0.1388
4,1507,1511,0.1388
4,1525,1529,0.1388
5,1523,1528,0.1388
5,1514,1519,0.1388
5,1525,1530,0.1388
5,1506,1511,0.1388
5,1509,1514,0.1388
5,1528,1533,0.1388
5,1525,1530,0.1388
5,1519,1524,0.1388
5,1518,1523,0.1388
5,1515,1520,0.1388
5,1519,1524,0.1388
4,1515,1519,0.1388
4,1521,1525,0.1388
4,1501,1505,0.1388
3,1508,1511,0.1388
3,1509,1512,0.1388
3,1518,1521,0.1388
3,1532,1535,0.1388
2,1525,1527,0.1388
2,1506,1508,0.1388
2,1493,1495,0.1388
2,1495,1497,0.1388
2,1507,1509,0.1388
2,1516,1518,0.1388
2,1510,1512,0.1388
2,1513,1515,0.1388
2,1506,1508,0.1388
2,1513,1515,0.1388
2,1516,1518,0.1388
2,1509,1511,0.1388
2,1505,1507,0.1388
2,1516,1518,0.1388
2,1514,1516,0.1388
2,1519,1521,0.1388
1,1510,1511,0.1388
0,1518,1518,0.1388
