1375,27,1402,0.1388
1410,29,1439,0.1388
1444,34,1478,0.1388
1445,37,1482,0.1388
1446,38,1484,0.1388
1450,40,1490,0.1388
1457,39,1496,0.1388
1471,36,1507,0.1388
1477,36,1513,0.1388
1474,34,1508,0.1388
1477,34,1511,0.1388
1468,34,1502,0.1388
1467,34,1501,0.1388
1466,37,1503,0.1388
1452,39,1491,0.1388
1445,44,1489,0.1388
1442,45,1487,0.1388
1455,47,1502,0.1388
1457,50,1507,0.1388
1459,51,1510,0.1388
1443,50,1493,0.1388
1444,52,1496,0.1388
1443,50,1493,0.1388
1428,55,1483,0.1388
1435,55,1490,0.1388
1428,54,1482,0.1388
1421,57,1478,0.1388
1434,58,1492,0.1388
1434,61,1495,0.1388
1428,62,1490,0.1388
1433,65,1498,0.1388
1428,65,1493,0.1388
1438,66,1504,0.1388
1430,68,1498,0.1388
1433,70,1503,0.1388
1434,71,1505,0.1388
1428,72,1500,0.1388
1424,73,1497,0.1388
1425,76,1501,0.1388
1421,77,1498,0.1388
1433,78,1511,0.1388
1424,80,1504,0.1388
1429,80,1509,0.1388
1419,78,1497,0.1388
1428,80,1508,0.1388
1426,83,1509,0.1388
1424,86,1510,0.1388
1430,83,1513,0.1388
1420,85,1505,0.1388
1420,84,1504,0.1388
1414,86,1500,0.1388
1412,85,1497,0.1388
1407,85,1492,0.1388
1394,86,1480,0.1388
1404,88,1492,0.1388
1403,84,1487,0.1388
1401,89,1490,0.1388
1412,89,1501,0.1388
1409,92,1501,0.1388
1411,90,1501,0.1388
1402,93,1495,0.1388
1401,91,1492,0.1388
1402,92,1494,0.1388
1392,91,1483,0.1388
1395,96,1491,0.1388
1392,95,1487,0.1388
1385,96,1481,0.1388
1367,96,1463,0.1388
1386,99,1485,0.1388
1388,99,1487,0.1388
1395,101,1496,0.1388
1388,106,1494,0.1388
1383,107,1490,0.1388
1377,108,1485,0.1388
1370,110,1480,0.1388
1370,104,1474,0.1388
1382,108,1490,0.1388
1389,108,1497,0.1388
1380,111,1491,0.1388
1369,112,1481,0.1388
1367,112,1479,0.1388
1387,116,1503,0.1388
1393,119,1512,0.1388
1383,119,1502,0.1388
1381,119,1500,0.1388
1388,113,1501,0.1388
1400,115,1515,0.1388
1392,117,1509,0.1388
1375,119,1494,0.1388
1373,122,1495,0.1388
1360,125,1485,0.1388
1359,125,1484,0.1388
1357,124,1481,0.1388
1363,127,1490,0.1388
1364,129,1493,0.1388
1355,130,1485,0.1388
1362,127,1489,0.1388
1366,124,1490,0.1388
1370,128,1498,0.1388
1388,130,1518,0.1388
1375,129,1504,0.1388
1370,131,1501,0.1388
1370,133,1503,0.1388
1368,133,1501,0.1388
1361,135,1496,0.1388
1361,138,1499,0.1388
1360,140,1500,0.1388
1359,138,1497,0.1388
1355,140,1495,0.1388
1342,140,1482,0.1388
1342,137,1479,0.1388
1340,143,1483,0.1388
1343,143,1486,0.1388
1340,144,1484,0.1388
1341,146,1487,0.1388
1348,149,1497,0.1388
1345,151,1496,0.1388
1348,153,1501,0.1388
1345,154,1499,0.1388
1340,151,1491,0.1388
1333,151,1484,0.1388
1346,152,1498,0.1388
1345,156,1501,0.1388
1343,154,1497,0.1388
1346,158,1504,0.1388
1339,155,1494,0.1388
1335,154,1489,0.1388
1324,159,1483,0.1388
1327,161,1488,0.1388
1337,158,1495,0.1388
1338,161,1499,0.1388
1336,158,1494,0.1388
1340,159,1499,0.1388
1341,159,1500,0.1388
1345,157,1502,0.1388
1336,161,1497,0.1388
1330,161,1491,0.1388
1318,159,1477,0.1388
1331,164,1495,0.1388
1328,167,1495,0.1388
1325,166,1491,0.1388
1328,173,1501,0.1388
1324,173,1497,0.1388
1335,172,1507,0.1388
1324,167,1491,0.1388
1323,168,1491,0.1388
1320,164,1484,0.1388
1326,164,1490,0.1388
1330,162,1492,0.1388
1343,160,1503,0.1388
1341,157,1498,0.1388
1329,156,1485,0.1388
1320,153,1473,0.1388
1334,159,1493,0.1388
1330,157,1487,0.1388
1327,161,1488,0.1388
1318,162,1480,0.1388
1325,167,1492,0.1388
1334,169,1503,0.1388
1338,174,1512,0.1388
1335,173,1508,0.1388
1326,171,1497,0.1388
1326,172,1498,0.1388
1320,174,1494,0.1388
1320,169,1489,0.1388
1323,174,1497,0.1388
1309,182,1491,0.1388
1309,183,1492,0.1388
1323,183,1506,0.1388
1307,185,1492,0.1388
1318,185,1503,0.1388
1309,187,1496,0.1388
1300,192,1492,0.1388
1306,188,1494,0.1388
1303,187,1490,0.1388
1292,194,1486,0.1388
1303,195,1498,0.1388
1284,197,1481,0.1388
1293,201,1494,0.1388
1300,203,1503,0.1388
1307,208,1515,0.1388
1307,206,1513,0.1388
1301,203,1504,0.1388
1305,198,1503,0.1388
1305,200,1505,0.1388
1303,204,1507,0.1388
1295,208,1503,0.1388
1287,207,1494,0.1388
1278,207,1485,0.1388
1293,208,1501,0.1388
1287,204,1491,0.1388
1311,199,1510,0.1388
1308,201,1509,0.1388
1311,204,1515,0.1388
1314,208,1522,0.1388
1305,209,1514,0.1388
1299,206,1505,0.1388
1298,205,1503,0.1388
1285,210,1495,0.1388
1279,211,1490,0.1388
1277,210,1487,0.1388
1275,213,1488,0.1388
1271,217,1488,0.1388
1277,220,1497,0.1388
1284,221,1505,0.1388
1277,223,1500,0.1388
1278,222,1500,0.1388
1282,220,1502,0.1388
1273,222,1495,0.1388
1274,226,1500,0.1388
1273,220,1493,0.1388
1264,222,1486,0.1388
1277,221,1498,0.1388
1276,223,1499,0.1388
1260,223,1483,0.1388
1255,221,1476,0.1388
1255,214,1469,0.1388
1258,217,1475,0.1388
1254,224,1478,0.1388
1251,226,1477,0.1388
1261,237,1498,0.1388
1256,234,1490,0.1388
1251,235,1486,0.1388
1246,236,1482,0.1388
1259,240,1499,0.1388
1255,239,1494,0.1388
1249,243,1492,0.1388
1243,246,1489,0.1388
1232,249,1481,0.1388
1234,249,1483,0.1388
1246,254,1500,0.1388
1246,260,1506,0.1388
1239,262,1501,0.1388
1239,262,1501,0.1388
1231,263,1494,0.1388
1236,259,1495,0.1388
1229,258,1487,0.1388
1230,260,1490,0.1388
1224,260,1484,0.1388
1238,263,1501,0.1388
1236,264,1500,0.1388
1245,271,1516,0.1388
1233,273,1506,0.1388
1234,267,1501,0.1388
1233,263,1496,0.1388
1216,268,1484,0.1388
1220,271,1491,0.1388
1220,274,1494,0.1388
1208,279,1487,0.1388
1219,281,1500,0.1388
1221,278,1499,0.1388
1223,275,1498,0.1388
1207,274,1481,0.1388
1199,284,1483,0.1388
1191,282,1473,0.1388
1195,292,1487,0.1388
1193,291,1484,0.1388
1193,296,1489,0.1388
1207,297,1504,0.1388
1214,298,1512,0.1388
1204,296,1500,0.1388
1199,302,1501,0.1388
1210,296,1506,0.1388
1214,297,1511,0.1388
1198,295,1493,0.1388
1200,297,1497,0.1388
1199,295,1494,0.1388
1191,296,1487,0.1388
1196,296,1492,0.1388
1202,294,1496,0.1388
1219,290,1509,0.1388
1219,288,1507,0.1388
1225,286,1511,0.1388
1227,292,1519,0.1388
1226,286,1512,0.1388
1213,286,1499,0.1388
1213,289,1502,0.1388
1216,291,1507,0.1388
1215,290,1505,0.1388
1212,291,1503,0.1388
1218,287,1505,0.1388
1220,292,1512,0.1388
1215,293,1508,0.1388
1209,294,1503,0.1388
1215,295,1510,0.1388
1215,292,1507,0.1388
1223,291,1514,0.1388
1199,295,1494,0.1388
1213,293,1506,0.1388
1201,293,1494,0.1388
1201,290,1491,0.1388
1204,285,1489,0.1388
1201,291,1492,0.1388
1197,291,1488,0.1388
1197,300,1497,0.1388
1193,298,1491,0.1388
1193,298,1491,0.1388
1193,304,1497,0.1388
1202,308,1510,0.1388
1193,314,1507,0.1388
1193,311,1504,0.1388
1186,316,1502,0.1388
1180,322,1502,0.1388
1176,322,1498,0.1388
1176,321,1497,0.1388
1176,320,1496,0.1388
1171,318,1489,0.1388
1176,322,1498,0.1388
1168,324,1492,0.1388
1175,325,1500,0.1388
1168,327,1495,0.1388
1162,327,1489,0.1388
1159,331,1490,0.1388
1146,328,1474,0.1388
1163,325,1488,0.1388
1166,330,1496,0.1388
1167,329,1496,0.1388
1171,330,1501,0.1388
1165,336,1501,0.1388
1164,332,1496,0.1388
1170,327,1497,0.1388
1165,333,1498,0.1388
1170,327,1497,0.1388
1172,330,1502,0.1388
1179,327,1506,0.1388
1176,327,1503,0.1388
1175,327,1502,0.1388
1177,323,1500,0.1388
1188,327,1515,0.1388
1180,331,1511,0.1388
1175,330,1505,0.1388
1169,339,1508,0.1388
1174,337,1511,0.1388
1164,335,1499,0.1388
1156,336,1492,0.1388
1158,332,1490,0.1388
1162,333,1495,0.1388
1161,333,1494,0.1388
1159,342,1501,0.1388
1161,342,1503,0.1388
1150,342,1492,0.1388
1153,343,1496,0.1388
1160,344,1504,0.1388
1161,342,1503,0.1388
1163,345,1508,0.1388
1155,342,1497,0.1388
1160,346,1506,0.1388
1135,352,1487,0.1388
1143,349,1492,0.1388
1133,349,1482,0.1388
1139,351,1490,0.1388
1143,358,1501,0.1388
1135,363,1498,0.1388
1132,360,1492,0.1388
1136,366,1502,0.1388
1142,373,1515,0.1388
1135,370,1505,0.1388
1136,372,1508,0.1388
1139,375,1514,0.1388
1134,370,1504,0.1388
1138,369,1507,0.1388
1131,368,1499,0.1388
1129,365,1494,0.1388
1132,381,1513,0.1388
1130,378,1508,0.1388
1127,379,1506,0.1388
1125,372,1497,0.1388
1131,369,1500,0.1388
1122,368,1490,0.1388
1123,372,1495,0.1388
1127,371,1498,0.1388
1128,367,1495,0.1388
1131,373,1504,0.1388
1139,380,1519,0.1388
1130,371,1501,0.1388
1130,378,1508,0.1388
1134,373,1507,0.1388
1123,372,1495,0.1388
1136,373,1509,0.1388
1142,374,1516,0.1388
1129,377,1506,0.1388
1128,372,1500,0.1388
1139,385,1524,0.1388
1140,386,1526,0.1388
1126,391,1517,0.1388
1114,388,1502,0.1388
1108,388,1496,0.1388
1115,391,1506,0.1388
1102,385,1487,0.1388
1102,383,1485,0.1388
1112,387,1499,0.1388
1106,388,1494,0.1388
1099,394,1493,0.1388
1110,390,1500,0.1388
1100,392,1492,0.1388
1103,389,1492,0.1388
1095,398,1493,0.1388
1102,395,1497,0.1388
1112,395,1507,0.1388
1107,389,1496,0.1388
1114,393,1507,0.1388
1103,400,1503,0.1388
1102,399,1501,0.1388
1102,408,1510,0.1388
1100,406,1506,0.1388
1100,408,1508,0.1388
1104,414,1518,0.1388
1098,412,1510,0.1388
1098,411,1509,0.1388
1079,410,1489,0.1388
1077,410,1487,0.1388
1077,405,1482,0.1388
1071,410,1481,0.1388
1077,406,1483,0.1388
1085,421,1506,0.1388
1088,410,1498,0.1388
1091,399,1490,0.1388
1099,400,1499,0.1388
1088,406,1494,0.1388
1088,407,1495,0.1388
1085,404,1489,0.1388
1076,409,1485,0.1388
1087,420,1507,0.1388
1089,425,1514,0.1388
1084,421,1505,0.1388
1082,425,1507,0.1388
1081,429,1510,0.1388
1080,426,1506,0.1388
1082,431,1513,0.1388
1086,436,1522,0.1388
1075,437,1512,0.1388
1067,443,1510,0.1388
1047,441,1488,0.1388
1055,443,1498,0.1388
1060,435,1495,0.1388
1059,439,1498,0.1388
1065,441,1506,0.1388
1060,440,1500,0.1388
1048,444,1492,0.1388
1047,449,1496,0.1388
1044,450,1494,0.1388
1046,450,1496,0.1388
1050,455,1505,0.1388
1043,456,1499,0.1388
1039,461,1500,0.1388
1033,455,1488,0.1388
1035,464,1499,0.1388
1034,467,1501,0.1388
1051,463,1514,0.1388
1052,466,1518,0.1388
1045,460,1505,0.1388
1043,473,1516,0.1388
1033,470,1503,0.1388
1032,475,1507,0.1388
1038,477,1515,0.1388
1040,476,1516,0.1388
1034,467,1501,0.1388
1030,472,1502,0.1388
1031,475,1506,0.1388
1025,483,1508,0.1388
1020,491,1511,0.1388
1019,487,1506,0.1388
1005,489,1494,0.1388
998,494,1492,0.1388
1000,498,1498,0.1388
1003,504,1507,0.1388
1003,502,1505,0.1388
1000,495,1495,0.1388
989,490,1479,0.1388
990,498,1488,0.1388
994,503,1497,0.1388
988,506,1494,0.1388
983,509,1492,0.1388
980,516,1496,0.1388
983,520,1503,0.1388
979,531,1510,0.1388
970,539,1509,0.1388
959,535,1494,0.1388
966,532,1498,0.1388
973,544,1517,0.1388
965,549,1514,0.1388
945,543,1488,0.1388
951,549,1500,0.1388
956,544,1500,0.1388
951,545,1496,0.1388
956,551,1507,0.1388
958,548,1506,0.1388
957,554,1511,0.1388
955,560,1515,0.1388
949,559,1508,0.1388
946,550,1496,0.1388
932,541,1473,0.1388
928,549,1477,0.1388
935,558,1493,0.1388
940,555,1495,0.1388
921,562,1483,0.1388
930,567,1497,0.1388
928,567,1495,0.1388
932,569,1501,0.1388
934,563,1497,0.1388
941,565,1506,0.1388
943,569,1512,0.1388
949,576,1525,0.1388
944,578,1522,0.1388
939,576,1515,0.1388
931,574,1505,0.1388
938,570,1508,0.1388
935,577,1512,0.1388
929,572,1501,0.1388
915,573,1488,0.1388
918,583,1501,0.1388
913,579,1492,0.1388
922,581,1503,0.1388
918,582,1500,0.1388
910,583,1493,0.1388
906,588,1494,0.1388
897,588,1485,0.1388
905,590,1495,0.1388
906,594,1500,0.1388
889,597,1486,0.1388
886,594,1480,0.1388
884,600,1484,0.1388
885,601,1486,0.1388
886,605,1491,0.1388
885,599,1484,0.1388
881,600,1481,0.1388
891,606,1497,0.1388
899,607,1506,0.1388
915,614,1529,0.1388
913,605,1518,0.1388
910,612,1522,0.1388
901,613,1514,0.1388
910,616,1526,0.1388
912,619,1531,0.1388
894,610,1504,0.1388
894,615,1509,0.1388
894,615,1509,0.1388
898,612,1510,0.1388
888,618,1506,0.1388
887,623,1510,0.1388
894,613,1507,0.1388
884,616,1500,0.1388
889,617,1506,0.1388
894,619,1513,0.1388
890,616,1506,0.1388
888,618,1506,0.1388
878,618,1496,0.1388
873,618,1491,0.1388
872,620,1492,0.1388
871,629,1500,0.1388
873,630,1503,0.1388
870,636,1506,0.1388
863,630,1493,0.1388
857,627,1484,0.1388
864,629,1493,0.1388
853,631,1484,0.1388
841,642,1483,0.1388
849,644,1493,0.1388
855,655,1510,0.1388
854,652,1506,0.1388
859,650,1509,0.1388
844,650,1494,0.1388
857,638,1495,0.1388
855,648,1503,0.1388
848,657,1505,0.1388
844,652,1496,0.1388
843,659,1502,0.1388
846,653,1499,0.1388
849,646,1495,0.1388
840,647,1487,0.1388
849,647,1496,0.1388
841,652,1493,0.1388
842,660,1502,0.1388
840,662,1502,0.1388
842,664,1506,0.1388
834,664,1498,0.1388
842,657,1499,0.1388
841,665,1506,0.1388
831,665,1496,0.1388
829,669,1498,0.1388
829,686,1515,0.1388
825,684,1509,0.1388
824,684,1508,0.1388
819,688,1507,0.1388
821,683,1504,0.1388
825,682,1507,0.1388
820,688,1508,0.1388
809,687,1496,0.1388
810,690,1500,0.1388
813,683,1496,0.1388
804,688,1492,0.1388
815,697,1512,0.1388
813,707,1520,0.1388
806,707,1513,0.1388
797,710,1507,0.1388
795,713,1508,0.1388
805,709,1514,0.1388
793,719,1512,0.1388
788,727,1515,0.1388
782,727,1509,0.1388
791,725,1516,0.1388
798,722,1520,0.1388
790,721,1511,0.1388
785,723,1508,0.1388
789,732,1521,0.1388
786,730,1516,0.1388
787,724,1511,0.1388
786,721,1507,0.1388
780,720,1500,0.1388
770,729,1499,0.1388
762,733,1495,0.1388
758,728,1486,0.1388
755,719,1474,0.1388
762,717,1479,0.1388
763,730,1493,0.1388
765,743,1508,0.1388
770,743,1513,0.1388
764,741,1505,0.1388
764,741,1505,0.1388
764,747,1511,0.1388
772,749,1521,0.1388
770,749,1519,0.1388
761,748,1509,0.1388
762,743,1505,0.1388
758,745,1503,0.1388
756,750,1506,0.1388
758,753,1511,0.1388
755,758,1513,0.1388
749,757,1506,0.1388
742,745,1487,0.1388
733,764,1497,0.1388
721,781,1502,0.1388
730,784,1514,0.1388
728,790,1518,0.1388
734,792,1526,0.1388
728,785,1513,0.1388
722,780,1502,0.1388
726,777,1503,0.1388
731,785,1516,0.1388
732,787,1519,0.1388
727,793,1520,0.1388
723,801,1524,0.1388
714,802,1516,0.1388
708,801,1509,0.1388
709,789,1498,0.1388
714,787,1501,0.1388
719,789,1508,0.1388
724,792,1516,0.1388
719,788,1507,0.1388
720,789,1509,0.1388
711,791,1502,0.1388
700,795,1495,0.1388
712,796,1508,0.1388
705,799,1504,0.1388
708,798,1506,0.1388
700,808,1508,0.1388
702,811,1513,0.1388
689,807,1496,0.1388
687,808,1495,0.1388
681,807,1488,0.1388
686,812,1498,0.1388
691,809,1500,0.1388
692,815,1507,0.1388
677,818,1495,0.1388
679,820,1499,0.1388
682,829,1511,0.1388
692,822,1514,0.1388
695,821,1516,0.1388
688,824,1512,0.1388
689,823,1512,0.1388
690,821,1511,0.1388
697,822,1519,0.1388
698,817,1515,0.1388
691,812,1503,0.1388
695,809,1504,0.1388
688,819,1507,0.1388
687,821,1508,0.1388
682,823,1505,0.1388
681,823,1504,0.1388
675,825,1500,0.1388
678,826,1504,0.1388
677,819,1496,0.1388
676,822,1498,0.1388
669,840,1509,0.1388
667,834,1501,0.1388
659,824,1483,0.1388
666,838,1504,0.1388
663,839,1502,0.1388
663,831,1494,0.1388
664,825,1489,0.1388
673,838,1511,0.1388
669,838,1507,0.1388
669,843,1512,0.1388
660,855,1515,0.1388
654,861,1515,0.1388
657,855,1512,0.1388
655,856,1511,0.1388
649,856,1505,0.1388
644,856,1500,0.1388
648,860,1508,0.1388
636,865,1501,0.1388
650,865,1515,0.1388
649,865,1514,0.1388
651,866,1517,0.1388
648,859,1507,0.1388
649,873,1522,0.1388
645,868,1513,0.1388
635,875,1510,0.1388
647,878,1525,0.1388
652,875,1527,0.1388
642,866,1508,0.1388
633,849,1482,0.1388
634,849,1483,0.1388
639,847,1486,0.1388
634,863,1497,0.1388
643,872,1515,0.1388
630,877,1507,0.1388
624,872,1496,0.1388
622,877,1499,0.1388
615,878,1493,0.1388
621,877,1498,0.1388
614,871,1485,0.1388
615,879,1494,0.1388
623,888,1511,0.1388
622,882,1504,0.1388
624,879,1503,0.1388
613,878,1491,0.1388
617,880,1497,0.1388
615,888,1503,0.1388
609,882,1491,0.1388
612,874,1486,0.1388
624,871,1495,0.1388
623,877,1500,0.1388
623,875,1498,0.1388
615,881,1496,0.1388
616,881,1497,0.1388
615,888,1503,0.1388
611,894,1505,0.1388
610,902,1512,0.1388
611,896,1507,0.1388
616,884,1500,0.1388
616,883,1499,0.1388
610,882,1492,0.1388
610,880,1490,0.1388
605,884,1489,0.1388
612,893,1505,0.1388
612,891,1503,0.1388
611,894,1505,0.1388
616,905,1521,0.1388
615,900,1515,0.1388
620,888,1508,0.1388
623,886,1509,0.1388
620,902,1522,0.1388
615,885,1500,0.1388
615,894,1509,0.1388
611,894,1505,0.1388
612,894,1506,0.1388
616,902,1518,0.1388
611,897,1508,0.1388
610,895,1505,0.1388
605,910,1515,0.1388
603,918,1521,0.1388
603,909,1512,0.1388
602,906,1508,0.1388
599,910,1509,0.1388
603,907,1510,0.1388
607,909,1516,0.1388
609,900,1509,0.1388
605,915,1520,0.1388
597,911,1508,0.1388
598,901,1499,0.1388
600,906,1506,0.1388
594,914,1508,0.1388
589,918,1507,0.1388
593,925,1518,0.1388
585,930,1515,0.1388
588,942,1530,0.1388
590,934,1524,0.1388
592,938,1530,0.1388
595,934,1529,0.1388
590,930,1520,0.1388
583,939,1522,0.1388
578,933,1511,0.1388
573,940,1513,0.1388
576,931,1507,0.1388
574,922,1496,0.1388
570,930,1500,0.1388
569,942,1511,0.1388
572,939,1511,0.1388
564,949,1513,0.1388
565,960,1525,0.1388
569,949,1518,0.1388
567,947,1514,0.1388
571,952,1523,0.1388
572,954,1526,0.1388
565,957,1522,0.1388
556,956,1512,0.1388
548,956,1504,0.1388
551,952,1503,0.1388
549,953,1502,0.1388
542,956,1498,0.1388
545,961,1506,0.1388
540,968,1508,0.1388
536,960,1496,0.1388
527,956,1483,0.1388
530,948,1478,0.1388
535,972,1507,0.1388
542,975,1517,0.1388
540,983,1523,0.1388
545,979,1524,0.1388
545,979,1524,0.1388
538,976,1514,0.1388
533,979,1512,0.1388
531,977,1508,0.1388
523,986,1509,0.1388
528,989,1517,0.1388
526,985,1511,0.1388
523,987,1510,0.1388
521,988,1509,0.1388
519,992,1511,0.1388
523,989,1512,0.1388
527,984,1511,0.1388
523,980,1503,0.1388
521,986,1507,0.1388
520,999,1519,0.1388
517,998,1515,0.1388
512,992,1504,0.1388
509,1000,1509,0.1388
511,1003,1514,0.1388
508,986,1494,0.1388
505,987,1492,0.1388
509,991,1500,0.1388
506,996,1502,0.1388
503,1002,1505,0.1388
503,996,1499,0.1388
503,998,1501,0.1388
502,1003,1505,0.1388
497,998,1495,0.1388
497,1002,1499,0.1388
502,1000,1502,0.1388
508,993,1501,0.1388
514,985,1499,0.1388
509,992,1501,0.1388
505,1006,1511,0.1388
508,1016,1524,0.1388
505,1023,1528,0.1388
498,1021,1519,0.1388
492,1015,1507,0.1388
486,1010,1496,0.1388
487,1014,1501,0.1388
487,1009,1496,0.1388
484,1023,1507,0.1388
482,1027,1509,0.1388
477,1034,1511,0.1388
476,1033,1509,0.1388
476,1024,1500,0.1388
476,1020,1496,0.1388
478,1017,1495,0.1388
465,1018,1483,0.1388
466,1019,1485,0.1388
467,1016,1483,0.1388
466,1038,1504,0.1388
466,1049,1515,0.1388
463,1051,1514,0.1388
460,1050,1510,0.1388
454,1048,1502,0.1388
457,1060,1517,0.1388
449,1051,1500,0.1388
436,1064,1500,0.1388
443,1060,1503,0.1388
443,1063,1506,0.1388
445,1066,1511,0.1388
439,1084,1523,0.1388
439,1085,1524,0.1388
441,1089,1530,0.1388
432,1093,1525,0.1388
429,1092,1521,0.1388
428,1094,1522,0.1388
423,1097,1520,0.1388
428,1087,1515,0.1388
421,1086,1507,0.1388
419,1066,1485,0.1388
421,1072,1493,0.1388
421,1076,1497,0.1388
423,1085,1508,0.1388
421,1082,1503,0.1388
424,1095,1519,0.1388
424,1097,1521,0.1388
427,1093,1520,0.1388
423,1089,1512,0.1388
417,1086,1503,0.1388
414,1085,1499,0.1388
408,1090,1498,0.1388
409,1086,1495,0.1388
405,1099,1504,0.1388
407,1101,1508,0.1388
416,1105,1521,0.1388
412,1101,1513,0.1388
414,1106,1520,0.1388
402,1111,1513,0.1388
399,1110,1509,0.1388
399,1115,1514,0.1388
394,1118,1512,0.1388
403,1115,1518,0.1388
401,1111,1512,0.1388
405,1108,1513,0.1388
400,1116,1516,0.1388
400,1115,1515,0.1388
401,1122,1523,0.1388
401,1131,1532,0.1388
393,1142,1535,0.1388
386,1134,1520,0.1388
390,1129,1519,0.1388
384,1135,1519,0.1388
382,1132,1514,0.1388
380,1142,1522,0.1388
382,1145,1527,0.1388
380,1136,1516,0.1388
369,1145,1514,0.1388
366,1138,1504,0.1388
371,1133,1504,0.1388
367,1139,1506,0.1388
371,1143,1514,0.1388
370,1139,1509,0.1388
368,1143,1511,0.1388
370,1141,1511,0.1388
374,1148,1522,0.1388
375,1144,1519,0.1388
368,1140,1508,0.1388
370,1137,1507,0.1388
378,1138,1516,0.1388
381,1126,1507,0.1388
375,1139,1514,0.1388
375,1146,1521,0.1388
368,1154,1522,0.1388
364,1147,1511,0.1388
366,1148,1514,0.1388
372,1152,1524,0.1388
366,1157,1523,0.1388
362,1152,1514,0.1388
362,1158,1520,0.1388
363,1163,1526,0.1388
358,1158,1516,0.1388
349,1145,1494,0.1388
351,1142,1493,0.1388
348,1157,1505,0.1388
347,1159,1506,0.1388
348,1152,1500,0.1388
347,1158,1505,0.1388
349,1154,1503,0.1388
345,1163,1508,0.1388
346,1167,1513,0.1388
342,1176,1518,0.1388
344,1171,1515,0.1388
341,1180,1521,0.1388
342,1183,1525,0.1388
343,1182,1525,0.1388
338,1196,1534,0.1388
328,1193,1521,0.1388
328,1186,1514,0.1388
328,1194,1522,0.1388
330,1185,1515,0.1388
335,1178,1513,0.1388
337,1175,1512,0.1388
336,1178,1514,0.1388
327,1196,1523,0.1388
330,1194,1524,0.1388
331,1197,1528,0.1388
326,1195,1521,0.1388
325,1196,1521,0.1388
329,1189,1518,0.1388
330,1190,1520,0.1388
331,1189,1520,0.1388
332,1186,1518,0.1388
329,1190,1519,0.1388
336,1185,1521,0.1388
335,1176,1511,0.1388
337,1179,1516,0.1388
325,1177,1502,0.1388
330,1167,1497,0.1388
329,1158,1487,0.1388
330,1166,1496,0.1388
325,1167,1492,0.1388
333,1172,1505,0.1388
328,1178,1506,0.1388
328,1184,1512,0.1388
334,1179,1513,0.1388
328,1187,1515,0.1388
328,1184,1512,0.1388
327,1181,1508,0.1388
327,1190,1517,0.1388
322,1179,1501,0.1388
318,1177,1495,0.1388
325,1181,1506,0.1388
324,1181,1505,0.1388
324,1184,1508,0.1388
317,1183,1500,0.1388
317,1190,1507,0.1388
315,1198,1513,0.1388
313,1204,1517,0.1388
312,1215,1527,0.1388
304,1215,1519,0.1388
307,1208,1515,0.1388
302,1221,1523,0.1388
306,1211,1517,0.1388
309,1210,1519,0.1388
307,1213,1520,0.1388
315,1204,1519,0.1388
313,1197,1510,0.1388
314,1212,1526,0.1388
307,1204,1511,0.1388
310,1196,1506,0.1388
314,1197,1511,0.1388
316,1198,1514,0.1388
309,1205,1514,0.1388
308,1207,1515,0.1388
312,1207,1519,0.1388
316,1194,1510,0.1388
322,1214,1536,0.1388
317,1209,1526,0.1388
308,1209,1517,0.1388
303,1208,1511,0.1388
301,1212,1513,0.1388
299,1217,1516,0.1388
296,1204,1500,0.1388
298,1223,1521,0.1388
300,1227,1527,0.1388
298,1217,1515,0.1388
292,1223,1515,0.1388
293,1218,1511,0.1388
288,1221,1509,0.1388
287,1212,1499,0.1388
290,1222,1512,0.1388
285,1228,1513,0.1388
283,1213,1496,0.1388
278,1218,1496,0.1388
277,1230,1507,0.1388
274,1223,1497,0.1388
282,1221,1503,0.1388
286,1237,1523,0.1388
285,1227,1512,0.1388
281,1228,1509,0.1388
281,1225,1506,0.1388
278,1217,1495,0.1388
283,1207,1490,0.1388
285,1226,1511,0.1388
282,1225,1507,0.1388
284,1227,1511,0.1388
285,1228,1513,0.1388
283,1231,1514,0.1388
283,1238,1521,0.1388
278,1234,1512,0.1388
284,1231,1515,0.1388
282,1235,1517,0.1388
277,1237,1514,0.1388
278,1228,1506,0.1388
276,1233,1509,0.1388
277,1225,1502,0.1388
274,1224,1498,0.1388
270,1245,1515,0.1388
263,1248,1511,0.1388
267,1257,1524,0.1388
265,1259,1524,0.1388
261,1248,1509,0.1388
268,1246,1514,0.1388
267,1250,1517,0.1388
268,1248,1516,0.1388
263,1251,1514,0.1388
260,1251,1511,0.1388
257,1253,1510,0.1388
256,1259,1515,0.1388
254,1241,1495,0.1388
251,1247,1498,0.1388
253,1254,1507,0.1388
255,1255,1510,0.1388
250,1266,1516,0.1388
248,1264,1512,0.1388
250,1273,1523,0.1388
249,1269,1518,0.1388
251,1270,1521,0.1388
252,1263,1515,0.1388
247,1265,1512,0.1388
248,1267,1515,0.1388
251,1265,1516,0.1388
250,1270,1520,0.1388
248,1270,1518,0.1388
251,1256,1507,0.1388
254,1258,1512,0.1388
248,1269,1517,0.1388
249,1265,1514,0.1388
251,1270,1521,0.1388
255,1259,1514,0.1388
249,1268,1517,0.1388
247,1270,1517,0.1388
248,1269,1517,0.1388
244,1264,1508,0.1388
242,1273,1515,0.1388
242,1274,1516,0.1388
236,1273,1509,0.1388
237,1272,1509,0.1388
234,1280,1514,0.1388
232,1283,1515,0.1388
227,1281,1508,0.1388
223,1287,1510,0.1388
226,1275,1501,0.1388
226,1272,1498,0.1388
230,1281,1511,0.1388
226,1282,1508,0.1388
230,1293,1523,0.1388
226,1305,1531,0.1388
222,1303,1525,0.1388
223,1292,1515,0.1388
220,1283,1503,0.1388
219,1273,1492,0.1388
222,1277,1499,0.1388
221,1288,1509,0.1388
225,1290,1515,0.1388
224,1293,1517,0.1388
224,1296,1520,0.1388
221,1292,1513,0.1388
220,1293,1513,0.1388
218,1298,1516,0.1388
218,1288,1506,0.1388
219,1285,1504,0.1388
226,1269,1495,0.1388
228,1264,1492,0.1388
225,1270,1495,0.1388
223,1282,1505,0.1388
221,1292,1513,0.1388
216,1301,1517,0.1388
220,1293,1513,0.1388
219,1302,1521,0.1388
220,1309,1529,0.1388
217,1305,1522,0.1388
214,1292,1506,0.1388
219,1286,1505,0.1388
225,1307,1532,0.1388
224,1293,1517,0.1388
224,1289,1513,0.1388
223,1287,1510,0.1388
226,1290,1516,0.1388
229,1294,1523,0.1388
228,1303,1531,0.1388
231,1301,1532,0.1388
230,1311,1541,0.1388
225,1295,1520,0.1388
218,1294,1512,0.1388
226,1279,1505,0.1388
217,1284,1501,0.1388
214,1293,1507,0.1388
215,1287,1502,0.1388
215,1284,1499,0.1388
210,1295,1505,0.1388
207,1295,1502,0.1388
206,1289,1495,0.1388
210,1296,1506,0.1388
210,1305,1515,0.1388
209,1309,1518,0.1388
208,1311,1519,0.1388
205,1301,1506,0.1388
211,1297,1508,0.1388
217,1296,1513,0.1388
218,1308,1526,0.1388
217,1304,1521,0.1388
212,1304,1516,0.1388
215,1310,1525,0.1388
209,1318,1527,0.1388
209,1305,1514,0.1388
209,1310,1519,0.1388
206,1303,1509,0.1388
211,1301,1512,0.1388
216,1296,1512,0.1388
219,1292,1511,0.1388
215,1300,1515,0.1388
210,1305,1515,0.1388
212,1309,1521,0.1388
215,1310,1525,0.1388
218,1309,1527,0.1388
224,1308,1532,0.1388
220,1294,1514,0.1388
217,1307,1524,0.1388
213,1308,1521,0.1388
205,1308,1513,0.1388
206,1313,1519,0.1388
200,1313,1513,0.1388
202,1321,1523,0.1388
208,1329,1537,0.1388
208,1321,1529,0.1388
210,1319,1529,0.1388
204,1308,1512,0.1388
203,1303,1506,0.1388
207,1301,1508,0.1388
208,1300,1508,0.1388
205,1305,1510,0.1388
202,1302,1504,0.1388
203,1298,1501,0.1388
199,1312,1511,0.1388
199,1312,1511,0.1388
203,1322,1525,0.1388
201,1312,1513,0.1388
198,1307,1505,0.1388
196,1322,1518,0.1388
202,1325,1527,0.1388
202,1308,1510,0.1388
198,1312,1510,0.1388
194,1322,1516,0.1388
198,1319,1517,0.1388
197,1320,1517,0.1388
194,1325,1519,0.1388
193,1336,1529,0.1388
188,1334,1522,0.1388
190,1339,1529,0.1388
184,1336,1520,0.1388
179,1340,1519,0.1388
182,1339,1521,0.1388
177,1337,1514,0.1388
178,1327,1505,0.1388
179,1339,1518,0.1388
179,1359,1538,0.1388
180,1346,1526,0.1388
183,1341,1524,0.1388
184,1343,1527,0.1388
186,1336,1522,0.1388
185,1343,1528,0.1388
185,1351,1536,0.1388
183,1342,1525,0.1388
185,1347,1532,0.1388
183,1353,1536,0.1388
184,1349,1533,0.1388
183,1344,1527,0.1388
185,1340,1525,0.1388
182,1335,1517,0.1388
183,1330,1513,0.1388
181,1342,1523,0.1388
181,1346,1527,0.1388
176,1350,1526,0.1388
173,1341,1514,0.1388
171,1336,1507,0.1388
172,1342,1514,0.1388
174,1348,1522,0.1388
169,1327,1496,0.1388
165,1336,1501,0.1388
169,1336,1505,0.1388
166,1335,1501,0.1388
167,1319,1486,0.1388
170,1337,1507,0.1388
169,1335,1504,0.1388
172,1331,1503,0.1388
168,1350,1518,0.1388
166,1340,1506,0.1388
171,1350,1521,0.1388
169,1354,1523,0.1388
172,1345,1517,0.1388
169,1361,1530,0.1388
167,1344,1511,0.1388
169,1352,1521,0.1388
171,1348,1519,0.1388
171,1345,1516,0.1388
168,1336,1504,0.1388
168,1339,1507,0.1388
168,1343,1511,0.1388
169,1330,1499,0.1388
169,1328,1497,0.1388
169,1319,1488,0.1388
175,1315,1490,0.1388
174,1325,1499,0.1388
173,1326,1499,0.1388
170,1327,1497,0.1388
169,1341,1510,0.1388
170,1337,1507,0.1388
169,1343,1512,0.1388
175,1337,1512,0.1388
176,1349,1525,0.1388
174,1336,1510,0.1388
173,1338,1511,0.1388
168,1335,1503,0.1388
166,1334,1500,0.1388
164,1350,1514,0.1388
165,1366,1531,0.1388
164,1351,1515,0.1388
162,1358,1520,0.1388
160,1371,1531,0.1388
156,1368,1524,0.1388
160,1358,1518,0.1388
158,1366,1524,0.1388
159,1370,1529,0.1388
158,1368,1526,0.1388
159,1360,1519,0.1388
163,1356,1519,0.1388
166,1348,1514,0.1388
172,1340,1512,0.1388
167,1330,1497,0.1388
168,1325,1493,0.1388
171,1341,1512,0.1388
169,1333,1502,0.1388
170,1337,1507,0.1388
177,1337,1514,0.1388
176,1350,1526,0.1388
178,1355,1533,0.1388
176,1348,1524,0.1388
174,1350,1524,0.1388
170,1340,1510,0.1388
164,1332,1496,0.1388
172,1323,1495,0.1388
175,1338,1513,0.1388
176,1345,1521,0.1388
179,1342,1521,0.1388
173,1331,1504,0.1388
178,1329,1507,0.1388
180,1329,1509,0.1388
178,1327,1505,0.1388
178,1337,1515,0.1388
176,1341,1517,0.1388
173,1338,1511,0.1388
175,1329,1504,0.1388
175,1331,1506,0.1388
170,1327,1497,0.1388
169,1328,1497,0.1388
173,1340,1513,0.1388
171,1340,1511,0.1388
171,1336,1507,0.1388
172,1337,1509,0.1388
171,1337,1508,0.1388
170,1337,1507,0.1388
170,1348,1518,0.1388
168,1343,1511,0.1388
166,1346,1512,0.1388
165,1353,1518,0.1388
164,1339,1503,0.1388
162,1341,1503,0.1388
161,1332,1493,0.1388
160,1336,1496,0.1388
156,1341,1497,0.1388
152,1354,1506,0.1388
156,1358,1514,0.1388
155,1369,1524,0.1388
153,1366,1519,0.1388
153,1368,1521,0.1388
153,1374,1527,0.1388
148,1376,1524,0.1388
147,1369,1516,0.1388
145,1368,1513,0.1388
143,1370,1513,0.1388
142,1366,1508,0.1388
140,1361,1501,0.1388
139,1362,1501,0.1388
138,1373,1511,0.1388
138,1381,1519,0.1388
138,1379,1517,0.1388
135,1390,1525,0.1388
133,1387,1520,0.1388
131,1395,1526,0.1388
131,1393,1524,0.1388
132,1389,1521,0.1388
129,1387,1516,0.1388
128,1392,1520,0.1388
128,1396,1524,0.1388
129,1393,1522,0.1388
123,1382,1505,0.1388
120,1389,1509,0.1388
119,1392,1511,0.1388
118,1399,1517,0.1388
116,1386,1502,0.1388
117,1385,1502,0.1388
119,1375,1494,0.1388
120,1389,1509,0.1388
123,1374,1497,0.1388
126,1374,1500,0.1388
127,1372,1499,0.1388
127,1379,1506,0.1388
126,1374,1500,0.1388
126,1374,1500,0.1388
122,1378,1500,0.1388
119,1380,1499,0.1388
118,1390,1508,0.1388
118,1398,1516,0.1388
120,1399,1519,0.1388
120,1399,1519,0.1388
117,1398,1515,0.1388
116,1387,1503,0.1388
122,1391,1513,0.1388
124,1399,1523,0.1388
127,1396,1523,0.1388
127,1389,1516,0.1388
131,1378,1509,0.1388
130,1384,1514,0.1388
129,1385,1514,0.1388
125,1379,1504,0.1388
125,1382,1507,0.1388
126,1377,1503,0.1388
127,1386,1513,0.1388
125,1388,1513,0.1388
119,1392,1511,0.1388
113,1395,1508,0.1388
114,1395,1509,0.1388
114,1387,1501,0.1388
109,1394,1503,0.1388
111,1395,1506,0.1388
108,1399,1507,0.1388
105,1397,1502,0.1388
108,1388,1496,0.1388
105,1390,1495,0.1388
105,1395,1500,0.1388
107,1398,1505,0.1388
105,1402,1507,0.1388
105,1390,1495,0.1388
99,1401,1500,0.1388
99,1396,1495,0.1388
101,1407,1508,0.1388
106,1412,1518,0.1388
105,1415,1520,0.1388
105,1411,1516,0.1388
106,1402,1508,0.1388
109,1403,1512,0.1388
106,1408,1514,0.1388
112,1412,1524,0.1388
109,1409,1518,0.1388
110,1414,1524,0.1388
109,1408,1517,0.1388
108,1398,1506,0.1388
109,1412,1521,0.1388
107,1401,1508,0.1388
107,1406,1513,0.1388
105,1402,1507,0.1388
105,1400,1505,0.1388
108,1406,1514,0.1388
105,1412,1517,0.1388
105,1421,1526,0.1388
107,1428,1535,0.1388
106,1420,1526,0.1388
103,1417,1520,0.1388
103,1410,1513,0.1388
104,1414,1518,0.1388
102,1413,1515,0.1388
100,1431,1531,0.1388
99,1423,1522,0.1388
98,1432,1530,0.1388
97,1441,1538,0.1388
97,1431,1528,0.1388
91,1430,1521,0.1388
90,1415,1505,0.1388
88,1426,1514,0.1388
90,1421,1511,0.1388
87,1425,1512,0.1388
85,1421,1506,0.1388
85,1433,1518,0.1388
83,1432,1515,0.1388
81,1419,1500,0.1388
79,1418,1497,0.1388
82,1412,1494,0.1388
77,1433,1510,0.1388
80,1435,1515,0.1388
79,1439,1518,0.1388
79,1437,1516,0.1388
76,1447,1523,0.1388
75,1448,1523,0.1388
75,1455,1530,0.1388
74,1441,1515,0.1388
74,1433,1507,0.1388
75,1435,1510,0.1388
70,1419,1489,0.1388
77,1429,1506,0.1388
80,1435,1515,0.1388
81,1431,1512,0.1388
81,1434,1515,0.1388
81,1420,1501,0.1388
78,1422,1500,0.1388
79,1428,1507,0.1388
82,1432,1514,0.1388
83,1430,1513,0.1388
84,1414,1498,0.1388
83,1427,1510,0.1388
84,1411,1495,0.1388
86,1406,1492,0.1388
87,1418,1505,0.1388
90,1422,1512,0.1388
91,1431,1522,0.1388
88,1426,1514,0.1388
88,1431,1519,0.1388
87,1441,1528,0.1388
86,1433,1519,0.1388
87,1440,1527,0.1388
89,1446,1535,0.1388
89,1442,1531,0.1388
90,1434,1524,0.1388
89,1423,1512,0.1388
89,1429,1518,0.1388
90,1423,1513,0.1388
91,1409,1500,0.1388
86,1425,1511,0.1388
85,1422,1507,0.1388
84,1414,1498,0.1388
84,1411,1495,0.1388
85,1425,1510,0.1388
81,1428,1509,0.1388
84,1429,1513,0.1388
84,1435,1519,0.1388
84,1439,1523,0.1388
85,1437,1522,0.1388
84,1445,1529,0.1388
86,1434,1520,0.1388
84,1430,1514,0.1388
85,1413,1498,0.1388
83,1423,1506,0.1388
87,1418,1505,0.1388
91,1420,1511,0.1388
92,1415,1507,0.1388
93,1431,1524,0.1388
93,1423,1516,0.1388
90,1421,1511,0.1388
88,1438,1526,0.1388
89,1424,1513,0.1388
90,1427,1517,0.1388
90,1430,1520,0.1388
88,1424,1512,0.1388
88,1423,1511,0.1388
87,1428,1515,0.1388
87,1431,1518,0.1388
85,1425,1510,0.1388
84,1429,1513,0.1388
85,1421,1506,0.1388
83,1427,1510,0.1388
83,1423,1506,0.1388
84,1414,1498,0.1388
85,1420,1505,0.1388
84,1429,1513,0.1388
84,1433,1517,0.1388
86,1431,1517,0.1388
83,1440,1523,0.1388
85,1440,1525,0.1388
84,1436,1520,0.1388
86,1445,1531,0.1388
82,1454,1536,0.1388
77,1455,1532,0.1388
80,1459,1539,0.1388
79,1457,1536,0.1388
81,1446,1527,0.1388
76,1427,1503,0.1388
76,1437,1513,0.1388
77,1454,1531,0.1388
77,1443,1520,0.1388
76,1460,1536,0.1388
77,1452,1529,0.1388
75,1456,1531,0.1388
76,1450,1526,0.1388
75,1449,1524,0.1388
79,1445,1524,0.1388
76,1444,1520,0.1388
78,1452,1530,0.1388
78,1442,1520,0.1388
78,1436,1514,0.1388
76,1433,1509,0.1388
74,1434,1508,0.1388
74,1428,1502,0.1388
75,1429,1504,0.1388
70,1429,1499,0.1388
67,1430,1497,0.1388
70,1433,1503,0.1388
71,1444,1515,0.1388
71,1453,1524,0.1388
71,1453,1524,0.1388
71,1458,1529,0.1388
67,1452,1519,0.1388
65,1451,1516,0.1388
66,1452,1518,0.1388
67,1453,1520,0.1388
65,1447,1512,0.1388
66,1463,1529,0.1388
67,1466,1533,0.1388
69,1467,1536,0.1388
69,1463,1532,0.1388
70,1461,1531,0.1388
69,1467,1536,0.1388
69,1468,1537,0.1388
66,1448,1514,0.1388
65,1441,1506,0.1388
62,1451,1513,0.1388
63,1451,1514,0.1388
63,1447,1510,0.1388
63,1457,1520,0.1388
61,1464,1525,0.1388
59,1464,1523,0.1388
56,1471,1527,0.1388
57,1469,1526,0.1388
59,1461,1520,0.1388
59,1453,1512,0.1388
56,1453,1509,0.1388
57,1452,1509,0.1388
58,1465,1523,0.1388
56,1458,1514,0.1388
56,1454,1510,0.1388
55,1467,1522,0.1388
57,1469,1526,0.1388
55,1472,1527,0.1388
56,1468,1524,0.1388
57,1455,1512,0.1388
56,1456,1512,0.1388
54,1448,1502,0.1388
55,1449,1504,0.1388
56,1449,1505,0.1388
53,1442,1495,0.1388
54,1460,1514,0.1388
53,1456,1509,0.1388
54,1467,1521,0.1388
53,1453,1506,0.1388
54,1449,1503,0.1388
50,1458,1508,0.1388
52,1465,1517,0.1388
53,1457,1510,0.1388
53,1458,1511,0.1388
53,1479,1532,0.1388
53,1478,1531,0.1388
52,1474,1526,0.1388
54,1474,1528,0.1388
54,1472,1526,0.1388
54,1463,1517,0.1388
52,1461,1513,0.1388
50,1470,1520,0.1388
49,1478,1527,0.1388
50,1471,1521,0.1388
50,1465,1515,0.1388
53,1467,1520,0.1388
49,1461,1510,0.1388
48,1471,1519,0.1388
48,1465,1513,0.1388
51,1466,1517,0.1388
54,1459,1513,0.1388
53,1462,1515,0.1388
53,1453,1506,0.1388
49,1447,1496,0.1388
50,1460,1510,0.1388
53,1475,1528,0.1388
53,1481,1534,0.1388
52,1458,1510,0.1388
51,1472,1523,0.1388
47,1476,1523,0.1388
44,1461,1505,0.1388
44,1458,1502,0.1388
46,1463,1509,0.1388
44,1473,1517,0.1388
42,1466,1508,0.1388
40,1462,1502,0.1388
43,1475,1518,0.1388
39,1486,1525,0.1388
40,1487,1527,0.1388
42,1488,1530,0.1388
44,1485,1529,0.1388
45,1478,1523,0.1388
45,1476,1521,0.1388
46,1459,1505,0.1388
44,1470,1514,0.1388
43,1460,1503,0.1388
43,1471,1514,0.1388
44,1465,1509,0.1388
43,1474,1517,0.1388
43,1468,1511,0.1388
43,1468,1511,0.1388
43,1460,1503,0.1388
43,1471,1514,0.1388
43,1470,1513,0.1388
43,1479,1522,0.1388
47,1470,1517,0.1388
46,1467,1513,0.1388
47,1465,1512,0.1388
47,1471,1518,0.1388
45,1480,1525,0.1388
44,1479,1523,0.1388
44,1483,1527,0.1388
43,1505,1548,0.1388
40,1494,1534,0.1388
40,1489,1529,0.1388
41,1490,1531,0.1388
41,1471,1512,0.1388
43,1488,1531,0.1388
43,1480,1523,0.1388
41,1480,1521,0.1388
40,1487,1527,0.1388
41,1477,1518,0.1388
43,1475,1518,0.1388
40,1477,1517,0.1388
39,1482,1521,0.1388
39,1479,1518,0.1388
40,1469,1509,0.1388
40,1470,1510,0.1388
41,1467,1508,0.1388
39,1465,1504,0.1388
40,1466,1506,0.1388
40,1459,1499,0.1388
40,1477,1517,0.1388
39,1467,1506,0.1388
42,1474,1516,0.1388
41,1470,1511,0.1388
41,1486,1527,0.1388
40,1488,1528,0.1388
41,1485,1526,0.1388
40,1489,1529,0.1388
39,1493,1532,0.1388
39,1490,1529,0.1388
37,1469,1506,0.1388
38,1475,1513,0.1388
37,1481,1518,0.1388
37,1487,1524,0.1388
33,1483,1516,0.1388
34,1485,1519,0.1388
34,1487,1521,0.1388
35,1489,1524,0.1388
35,1483,1518,0.1388
35,1492,1527,0.1388
32,1474,1506,0.1388
32,1480,1512,0.1388
32,1472,1504,0.1388
31,1478,1509,0.1388
29,1486,1515,0.1388
29,1497,1526,0.1388
28,1489,1517,0.1388
29,1485,1514,0.1388
30,1483,1513,0.1388
31,1474,1505,0.1388
29,1471,1500,0.1388
31,1472,1503,0.1388
33,1485,1518,0.1388
35,1466,1501,0.1388
35,1479,1514,0.1388
35,1475,1510,0.1388
35,1477,1512,0.1388
37,1478,1515,0.1388
38,1483,1521,0.1388
38,1498,1536,0.1388
38,1495,1533,0.1388
37,1486,1523,0.1388
37,1483,1520,0.1388
36,1480,1516,0.1388
34,1469,1503,0.1388
34,1474,1508,0.1388
33,1476,1509,0.1388
33,1471,1504,0.1388
33,1464,1497,0.1388
33,1476,1509,0.1388
33,1487,1520,0.1388
32,1492,1524,0.1388
32,1499,1531,0.1388
32,1488,1520,0.1388
33,1483,1516,0.1388
34,1477,1511,0.1388
33,1488,1521,0.1388
32,1488,1520,0.1388
31,1491,1522,0.1388
30,1487,1517,0.1388
31,1469,1500,0.1388
31,1472,1503,0.1388
30,1473,1503,0.1388
30,1486,1516,0.1388
28,1479,1507,0.1388
28,1477,1505,0.1388
28,1480,1508,0.1388
26,1482,1508,0.1388
28,1489,1517,0.1388
29,1494,1523,0.1388
28,1486,1514,0.1388
26,1480,1506,0.1388
25,1488,1513,0.1388
24,1502,1526,0.1388
26,1489,1515,0.1388
26,1493,1519,0.1388
25,1482,1507,0.1388
27,1472,1499,0.1388
27,1487,1514,0.1388
26,1491,1517,0.1388
26,1494,1520,0.1388
28,1488,1516,0.1388
27,1495,1522,0.1388
27,1494,1521,0.1388
28,1495,1523,0.1388
28,1478,1506,0.1388
28,1483,1511,0.1388
28,1490,1518,0.1388
26,1496,1522,0.1388
27,1483,1510,0.1388
25,1485,1510,0.1388
25,1493,1518,0.1388
25,1502,1527,0.1388
28,1501,1529,0.1388
28,1498,1526,0.1388
27,1510,1537,0.1388
27,1499,1526,0.1388
27,1487,1514,0.1388
24,1478,1502,0.1388
25,1477,1502,0.1388
25,1490,1515,0.1388
25,1480,1505,0.1388
25,1489,1514,0.1388
24,1480,1504,0.1388
24,1472,1496,0.1388
24,1481,1505,0.1388
23,1485,1508,0.1388
24,1493,1517,0.1388
23,1501,1524,0.1388
22,1481,1503,0.1388
22,1491,1513,0.1388
23,1488,1511,0.1388
23,1484,1507,0.1388
21,1493,1514,0.1388
21,1493,1514,0.1388
22,1484,1506,0.1388
22,1495,1517,0.1388
23,1479,1502,0.1388
22,1478,1500,0.1388
22,1477,1499,0.1388
23,1480,1503,0.1388
24,1497,1521,0.1388
24,1491,1515,0.1388
24,1495,1519,0.1388
24,1501,1525,0.1388
24,1504,1528,0.1388
24,1502,1526,0.1388
23,1504,1527,0.1388
23,1485,1508,0.1388
23,1483,1506,0.1388
24,1488,1512,0.1388
24,1490,1514,0.1388
25,1494,1519,0.1388
24,1477,1501,0.1388
22,1493,1515,0.1388
22,1499,1521,0.1388
21,1498,1519,0.1388
22,1494,1516,0.1388
22,1499,1521,0.1388
22,1493,1515,0.1388
22,1489,1511,0.1388
23,1485,1508,0.1388
24,1489,1513,0.1388
23,1482,1505,0.1388
24,1485,1509,0.1388
25,1500,1525,0.1388
25,1489,1514,0.1388
25,1498,1523,0.1388
24,1495,1519,0.1388
24,1488,1512,0.1388
24,1502,1526,0.1388
24,1499,1523,0.1388
23,1490,1513,0.1388
24,1492,1516,0.1388
23,1499,1522,0.1388
23,1498,1521,0.1388
24,1503,1527,0.1388
23,1483,1506,0.1388
24,1498,1522,0.1388
22,1485,1507,0.1388
23,1505,1528,0.1388
24,1496,1520,0.1388
21,1489,1510,0.1388
21,1495,1516,0.1388
22,1493,1515,0.1388
22,1496,1518,0.1388
22,1492,1514,0.1388
24,1484,1508,0.1388
25,1487,1512,0.1388
26,1495,1521,0.1388
25,1477,1502,0.1388
26,1495,1521,0.1388
26,1493,1519,0.1388
25,1493,1518,0.1388
24,1497,1521,0.1388
24,1491,1515,0.1388
25,1500,1525,0.1388
25,1499,1524,0.1388
24,1500,1524,0.1388
23,1504,1527,0.1388
22,1485,1507,0.1388
22,1478,1500,0.1388
21,1485,1506,0.1388
22,1492,1514,0.1388
21,1491,1512,0.1388
20,1488,1508,0.1388
20,1499,1519,0.1388
20,1490,1510,0.1388
20,1494,1514,0.1388
20,1505,1525,0.1388
20,1501,1521,0.1388
20,1508,1528,0.1388
19,1508,1527,0.1388
18,1503,1521,0.1388
18,1507,1525,0.1388
19,1512,1531,0.1388
19,1513,1532,0.1388
19,1507,1526,0.1388
19,1501,1520,0.1388
19,1505,1524,0.1388
19,1498,1517,0.1388
19,1494,1513,0.1388
19,1497,1516,0.1388
19,1505,1524,0.1388
20,1510,1530,0.1388
19,1497,1516,0.1388
17,1493,1510,0.1388
16,1478,1494,0.1388
15,1491,1506,0.1388
15,1500,1515,0.1388
14,1503,1517,0.1388
12,1508,1520,0.1388
12,1510,1522,0.1388
12,1510,1522,0.1388
12,1503,1515,0.1388
12,1509,1521,0.1388
12,1499,1511,0.1388
11,1526,1537,0.1388
11,1514,1525,0.1388
11,1507,1518,0.1388
11,1509,1520,0.1388
11,1513,1524,0.1388
11,1504,1515,0.1388
10,1507,1517,0.1388
10,1511,1521,0.1388
10,1521,1531,0.1388
10,1516,1526,0.1388
10,1512,1522,0.1388
10,1516,1526,0.1388
11,1501,1512,0.1388
10,1502,1512,0.1388
10,1504,1514,0.1388
10,1519,1529,0.1388
10,1511,1521,0.1388
10,1516,1526,0.1388
10,1511,1521,0.1388
10,1507,1517,0.1388
9,1505,1514,0.1388
9,1510,1519,0.1388
9,1522,1531,0.1388
9,1519,1528,0.1388
9,1499,1508,0.1388
9,1509,1518,0.1388
9,1498,1507,0.1388
9,1504,1513,0.1388
9,1510,1519,0.1388
8,1499,1507,0.1388
9,1501,1510,0.1388
9,1496,1505,0.1388
9,1500,1509,0.1388
9,1503,1512,0.1388
9,1515,1524,0.1388
9,1509,1518,0.1388
11,1508,1519,0.1388
10,1516,1526,0.1388
10,1513,1523,0.1388
10,1513,1523,0.1388
10,1502,1512,0.1388
9,1511,1520,0.1388
10,1504,1514,0.1388
10,1492,1502,0.1388
10,1503,1513,0.1388
10,1510,1520,0.1388
10,1508,1518,0.1388
10,1514,1524,0.1388
9,1520,1529,0.1388
9,1526,1535,0.1388
9,1520,1529,0.1388
9,1525,1534,0.1388
9,1518,1527,0.1388
9,1504,1513,0.1388
9,1503,1512,0.1388
9,1510,1519,0.1388
9,1505,1514,0.1388
9,1513,1522,0.1388
8,1513,1521,0.1388
8,1506,1514,0.1388
8,1522,1530,0.1388
7,1508,1515,0.1388
8,1510,1518,0.1388
8,1520,1528,0.1388
8,1519,1527,0.1388
8,1510,1518,0.1388
8,1512,1520,0.1388
8,1504,1512,0.1388
8,1515,1523,0.1388
8,1510,1518,0.1388
8,1516,1524,0.1388
8,1521,1529,0.1388
10,1515,1525,0.1388
9,1489,1498,0.1388
8,1502,1510,0.1388
8,1504,1512,0.1388
9,1515,1524,0.1388
9,1506,1515,0.1388
9,1515,1524,0.1388
11,1510,1521,0.1388
10,1498,1508,0.1388
10,1493,1503,0.1388
11,1500,1511,0.1388
11,1494,1505,0.1388
11,1505,1516,0.1388
9,1505,1514,0.1388
9,1496,1505,0.1388
9,1507,1516,0.1388
9,1503,1512,0.1388
9,1513,1522,0.1388
9,1504,1513,0.1388
9,1503,1512,0.1388
10,1497,1507,0.1388
11,1499,1510,0.1388
10,1501,1511,0.1388
12,1518,1530,0.1388
12,1508,1520,0.1388
13,1508,1521,0.1388
13,1509,1522,0.1388
12,1508,1520,0.1388
12,1497,1509,0.1388
12,1501,1513,0.1388
12,1501,1513,0.1388
14,1507,1521,0.1388
13,1511,1524,0.1388
13,1503,1516,0.1388
13,1517,1530,0.1388
11,1506,1517,0.1388
11,1504,1515,0.1388
11,1502,1513,0.1388
11,1521,1532,0.1388
11,1508,1519,0.1388
11,1506,1517,0.1388
10,1517,1527,0.1388
10,1511,1521,0.1388
10,1499,1509,0.1388
11,1499,1510,0.1388
10,1508,1518,0.1388
10,1507,1517,0.1388
10,1498,1508,0.1388
9,1491,1500,0.1388
9,1498,1507,0.1388
9,1506,1515,0.1388
9,1506,1515,0.1388
7,1504,1511,0.1388
7,1494,1501,0.1388
7,1497,1504,0.1388
9,1484,1493,0.1388
9,1488,1497,0.1388
9,1501,1510,0.1388
8,1507,1515,0.1388
7,1503,1510,0.1388
7,1500,1507,0.1388
6,1484,1490,0.1388
4,1502,1506,0.1388
3,1508,1511,0.1388
3,1508,1511,0.1388
3,1521,1524,0.1388
3,1516,1519,0.1388
3,1503,1506,0.1388
3,1508,1511,0.1388
3,1513,1516,0.1388
3,1519,1522,0.1388
2,1525,1527,0.1388
2,1527,1529,0.1388
2,1510,1512,0.1388
2,1521,1523,0.1388
2,1510,1512,0.1388
2,1509,1511,0.1388
2,1515,1517,0.1388
2,1526,1528,0.1388
1,1531,1532,0.1388
0,1526,1526,0.1388
