1358,26,1384,0.1388
1390,27,1417,0.1388
1425,26,1451,0.1388
1430,25,1455,0.1388
1453,28,1481,0.1388
1453,32,1485,0.1388
1450,31,1481,0.1388
1453,29,1482,0.1388
1468,30,1498,0.1388
1475,29,1504,0.1388
1462,30,1492,0.1388
1467,31,1498,0.1388
1457,31,1488,0.1388
1465,31,1496,0.1388
1453,31,1484,0.1388
1463,31,1494,0.1388
1449,33,1482,0.1388
1455,36,1491,0.1388
1454,36,1490,0.1388
1466,36,1502,0.1388
1450,38,1488,0.1388
1456,36,1492,0.1388
1456,37,1493,0.1388
1463,37,1500,0.1388
1471,37,1508,0.1388
1464,37,1501,0.1388
1459,41,1500,0.1388
1450,39,1489,0.1388
1463,41,1504,0.1388
1463,41,1504,0.1388
1455,41,1496,0.1388
1471,40,1511,0.1388
1466,40,1506,0.1388
1461,38,1499,0.1388
1453,41,1494,0.1388
1459,44,1503,0.1388
1464,47,1511,0.1388
1457,45,1502,0.1388
1452,46,1498,0.1388
1452,46,1498,0.1388
1449,47,1496,0.1388
1451,49,1500,0.1388
1437,48,1485,0.1388
1431,47,1478,0.1388
1441,48,1489,0.1388
1447,48,1495,0.1388
1447,50,1497,0.1388
1454,50,1504,0.1388
1451,49,1500,0.1388
1435,50,1485,0.1388
1428,51,1479,0.1388
1431,51,1482,0.1388
1437,50,1487,0.1388
1434,49,1483,0.1388
1436,50,1486,0.1388
1448,53,1501,0.1388
1433,52,1485,0.1388
1433,52,1485,0.1388
1432,55,1487,0.1388
1434,55,1489,0.1388
1444,53,1497,0.1388
1444,56,1500,0.1388
1431,57,1488,0.1388
1441,59,1500,0.1388
1430,60,1490,0.1388
1423,60,1483,0.1388
1430,58,1488,0.1388
1422,58,1480,0.1388
1426,58,1484,0.1388
1430,59,1489,0.1388
1437,59,1496,0.1388
1430,59,1489,0.1388
1430,60,1490,0.1388
1432,61,1493,0.1388
1430,62,1492,0.1388
1452,63,1515,0.1388
1447,64,1511,0.1388
1433,62,1495,0.1388
1428,65,1493,0.1388
1433,62,1495,0.1388
1421,63,1484,0.1388
1433,63,1496,0.1388
1429,63,1492,0.1388
1417,65,1482,0.1388
1420,63,1483,0.1388
1427,65,1492,0.1388
1421,66,1487,0.1388
1425,67,1492,0.1388
1433,66,1499,0.1388
1424,66,1490,0.1388
1424,66,1490,0.1388
1421,67,1488,0.1388
1416,68,1484,0.1388
1415,68,1483,0.1388
1424,69,1493,0.1388
1428,72,1500,0.1388
1423,69,1492,0.1388
1421,67,1488,0.1388
1425,72,1497,0.1388
1417,70,1487,0.1388
1414,68,1482,0.1388
1420,67,1487,0.1388
1416,69,1485,0.1388
1398,68,1466,0.1388
1397,68,1465,0.1388
1415,67,1482,0.1388
1420,67,1487,0.1388
1419,71,1490,0.1388
1408,70,1478,0.1388
1415,68,1483,0.1388
1418,73,1491,0.1388
1420,73,1493,0.1388
1435,71,1506,0.1388
1435,73,1508,0.1388
1423,76,1499,0.1388
1426,75,1501,0.1388
1429,76,1505,0.1388
1417,77,1494,0.1388
1404,76,1480,0.1388
1414,78,1492,0.1388
1405,76,1481,0.1388
1418,76,1494,0.1388
1416,78,1494,0.1388
1417,79,1496,0.1388
1417,79,1496,0.1388
1412,83,1495,0.1388
1410,82,1492,0.1388
1404,81,1485,0.1388
1390,80,1470,0.1388
1392,81,1473,0.1388
1409,80,1489,0.1388
1411,80,1491,0.1388
1402,80,1482,0.1388
1389,79,1468,0.1388
1389,75,1464,0.1388
1412,74,1486,0.1388
1420,73,1493,0.1388
1426,74,1500,0.1388
1429,73,1502,0.1388
1429,71,1500,0.1388
1419,68,1487,0.1388
1421,73,1494,0.1388
1415,76,1491,0.1388
1408,76,1484,0.1388
1395,76,1471,0.1388
1394,80,1474,0.1388
1406,77,1483,0.1388
1400,79,1479,0.1388
1399,76,1475,0.1388
1409,76,1485,0.1388
1405,78,1483,0.1388
1408,80,1488,0.1388
1401,82,1483,0.1388
1402,81,1483,0.1388
1404,83,1487,0.1388
1402,85,1487,0.1388
1398,88,1486,0.1388
1402,93,1495,0.1388
1391,96,1487,0.1388
1383,95,1478,0.1388
1389,98,1487,0.1388
1385,99,1484,0.1388
1386,100,1486,0.1388
1376,98,1474,0.1388
1386,97,1483,0.1388
1388,102,1490,0.1388
1388,99,1487,0.1388
1376,106,1482,0.1388
1375,108,1483,0.1388
1378,106,1484,0.1388
1382,106,1488,0.1388
1385,110,1495,0.1388
1390,111,1501,0.1388
1383,111,1494,0.1388
1389,117,1506,0.1388
1378,116,1494,0.1388
1382,114,1496,0.1388
1376,114,1490,0.1388
1390,113,1503,0.1388
1390,111,1501,0.1388
1398,105,1503,0.1388
1391,108,1499,0.1388
1394,110,1504,0.1388
1399,108,1507,0.1388
1387,106,1493,0.1388
1382,107,1489,0.1388
1371,109,1480,0.1388
1383,111,1494,0.1388
1384,110,1494,0.1388
1387,111,1498,0.1388
1376,116,1492,0.1388
1377,116,1493,0.1388
1365,117,1482,0.1388
1367,123,1490,0.1388
1374,123,1497,0.1388
1390,121,1511,0.1388
1378,119,1497,0.1388
1365,119,1484,0.1388
1374,119,1493,0.1388
1367,117,1484,0.1388
1370,119,1489,0.1388
1366,122,1488,0.1388
1374,120,1494,0.1388
1370,118,1488,0.1388
1367,121,1488,0.1388
1354,121,1475,0.1388
1367,125,1492,0.1388
1377,120,1497,0.1388
1387,119,1506,0.1388
1381,121,1502,0.1388
1375,124,1499,0.1388
1363,122,1485,0.1388
1360,115,1475,0.1388
1370,117,1487,0.1388
1358,117,1475,0.1388
1377,119,1496,0.1388
1369,120,1489,0.1388
1358,121,1479,0.1388
1372,120,1492,0.1388
1374,121,1495,0.1388
1365,122,1487,0.1388
1359,121,1480,0.1388
1365,119,1484,0.1388
1380,119,1499,0.1388
1371,119,1490,0.1388
1379,114,1493,0.1388
1390,112,1502,0.1388
1387,113,1500,0.1388
1382,115,1497,0.1388
1379,118,1497,0.1388
1384,124,1508,0.1388
1389,127,1516,0.1388
1375,130,1505,0.1388
1370,132,1502,0.1388
1360,127,1487,0.1388
1369,130,1499,0.1388
1380,130,1510,0.1388
1374,127,1501,0.1388
1371,127,1498,0.1388
1376,123,1499,0.1388
1380,123,1503,0.1388
1393,125,1518,0.1388
1365,125,1490,0.1388
1369,128,1497,0.1388
1376,125,1501,0.1388
1384,127,1511,0.1388
1380,128,1508,0.1388
1371,130,1501,0.1388
1365,130,1495,0.1388
1355,127,1482,0.1388
1351,127,1478,0.1388
1372,129,1501,0.1388
1369,133,1502,0.1388
1363,134,1497,0.1388
1358,139,1497,0.1388
1360,143,1503,0.1388
1359,139,1498,0.1388
1348,142,1490,0.1388
1351,140,1491,0.1388
1350,138,1488,0.1388
1353,139,1492,0.1388
1363,138,1501,0.1388
1362,134,1496,0.1388
1345,137,1482,0.1388
1352,137,1489,0.1388
1357,140,1497,0.1388
1349,147,1496,0.1388
1352,150,1502,0.1388
1363,151,1514,0.1388
1354,150,1504,0.1388
1361,151,1512,0.1388
1349,156,1505,0.1388
1341,152,1493,0.1388
1340,156,1496,0.1388
1334,155,1489,0.1388
1341,156,1497,0.1388
1350,157,1507,0.1388
1346,158,1504,0.1388
1350,153,1503,0.1388
1349,153,1502,0.1388
1335,153,1488,0.1388
1331,154,1485,0.1388
1349,157,1506,0.1388
1335,157,1492,0.1388
1327,157,1484,0.1388
1337,157,1494,0.1388
1338,151,1489,0.1388
1345,152,1497,0.1388
1342,155,1497,0.1388
1331,155,1486,0.1388
1336,158,1494,0.1388
1333,160,1493,0.1388
1315,160,1475,0.1388
1322,163,1485,0.1388
1332,163,1495,0.1388
1332,161,1493,0.1388
1340,167,1507,0.1388
1335,161,1496,0.1388
1332,166,1498,0.1388
1325,166,1491,0.1388
1319,164,1483,0.1388
1303,172,1475,0.1388
1312,174,1486,0.1388
1318,177,1495,0.1388
1305,178,1483,0.1388
1309,178,1487,0.1388
1314,176,1490,0.1388
1319,182,1501,0.1388
1322,185,1507,0.1388
1321,186,1507,0.1388
1308,187,1495,0.1388
1302,189,1491,0.1388
1304,185,1489,0.1388
1302,187,1489,0.1388
1290,187,1477,0.1388
1290,189,1479,0.1388
1266,189,1455,0.1388
1273,196,1469,0.1388
1279,199,1478,0.1388
1277,201,1478,0.1388
1271,203,1474,0.1388
1276,206,1482,0.1388
1274,204,1478,0.1388
1273,213,1486,0.1388
1277,208,1485,0.1388
1275,205,1480,0.1388
1277,215,1492,0.1388
1289,211,1500,0.1388
1295,211,1506,0.1388
1283,213,1496,0.1388
1290,212,1502,0.1388
1278,215,1493,0.1388
1271,218,1489,0.1388
1263,217,1480,0.1388
1276,210,1486,0.1388
1279,214,1493,0.1388
1273,216,1489,0.1388
1271,218,1489,0.1388
1270,216,1486,0.1388
1277,221,1498,0.1388
1278,219,1497,0.1388
1277,222,1499,0.1388
1270,227,1497,0.1388
1270,230,1500,0.1388
1254,232,1486,0.1388
1252,234,1486,0.1388
1267,234,1501,0.1388
1276,235,1511,0.1388
1277,233,1510,0.1388
1265,236,1501,0.1388
1263,238,1501,0.1388
1257,236,1493,0.1388
1256,241,1497,0.1388
1257,245,1502,0.1388
1249,253,1502,0.1388
1242,253,1495,0.1388
1232,255,1487,0.1388
1224,256,1480,0.1388
1242,254,1496,0.1388
1244,255,1499,0.1388
1240,256,1496,0.1388
1233,262,1495,0.1388
1231,265,1496,0.1388
1225,265,1490,0.1388
1220,261,1481,0.1388
1221,269,1490,0.1388
1218,275,1493,0.1388
1221,269,1490,0.1388
1224,270,1494,0.1388
1218,266,1484,0.1388
1213,267,1480,0.1388
1206,269,1475,0.1388
1215,264,1479,0.1388
1229,265,1494,0.1388
1239,266,1505,0.1388
1233,273,1506,0.1388
1226,278,1504,0.1388
1229,281,1510,0.1388
1220,276,1496,0.1388
1209,279,1488,0.1388
1222,277,1499,0.1388
1224,277,1501,0.1388
1227,275,1502,0.1388
1236,275,1511,0.1388
1243,272,1515,0.1388
1231,270,1501,0.1388
1216,272,1488,0.1388
1221,272,1493,0.1388
1225,274,1499,0.1388
1220,270,1490,0.1388
1215,266,1481,0.1388
1218,268,1486,0.1388
1218,272,1490,0.1388
1198,280,1478,0.1388
1202,283,1485,0.1388
1211,276,1487,0.1388
1219,279,1498,0.1388
1206,283,1489,0.1388
1209,284,1493,0.1388
1215,283,1498,0.1388
1216,289,1505,0.1388
1208,286,1494,0.1388
1205,286,1491,0.1388
1212,288,1500,0.1388
1216,292,1508,0.1388
1206,293,1499,0.1388
1213,297,1510,0.1388
1217,295,1512,0.1388
1216,289,1505,0.1388
1214,286,1500,0.1388
1214,287,1501,0.1388
1212,286,1498,0.1388
1211,290,1501,0.1388
1206,286,1492,0.1388
1198,284,1482,0.1388
1202,285,1487,0.1388
1210,287,1497,0.1388
1208,293,1501,0.1388
1188,296,1484,0.1388
1189,291,1480,0.1388
1184,297,1481,0.1388
1175,301,1476,0.1388
1175,308,1483,0.1388
1177,304,1481,0.1388
1173,309,1482,0.1388
1179,312,1491,0.1388
1176,317,1493,0.1388
1164,318,1482,0.1388
1161,322,1483,0.1388
1165,322,1487,0.1388
1179,324,1503,0.1388
1159,320,1479,0.1388
1160,320,1480,0.1388
1171,325,1496,0.1388
1171,322,1493,0.1388
1170,325,1495,0.1388
1160,336,1496,0.1388
1168,333,1501,0.1388
1163,332,1495,0.1388
1177,337,1514,0.1388
1172,336,1508,0.1388
1173,332,1505,0.1388
1169,337,1506,0.1388
1170,338,1508,0.1388
1165,335,1500,0.1388
1154,332,1486,0.1388
1163,328,1491,0.1388
1173,333,1506,0.1388
1175,332,1507,0.1388
1174,328,1502,0.1388
1175,330,1505,0.1388
1154,341,1495,0.1388
1156,333,1489,0.1388
1164,336,1500,0.1388
1175,337,1512,0.1388
1180,338,1518,0.1388
1175,342,1517,0.1388
1173,343,1516,0.1388
1164,350,1514,0.1388
1159,348,1507,0.1388
1169,340,1509,0.1388
1156,347,1503,0.1388
1160,346,1506,0.1388
1162,352,1514,0.1388
1162,353,1515,0.1388
1156,345,1501,0.1388
1160,345,1505,0.1388
1156,341,1497,0.1388
1161,341,1502,0.1388
1147,346,1493,0.1388
1153,353,1506,0.1388
1153,349,1502,0.1388
1151,351,1502,0.1388
1141,354,1495,0.1388
1145,355,1500,0.1388
1145,350,1495,0.1388
1145,351,1496,0.1388
1136,357,1493,0.1388
1126,356,1482,0.1388
1129,346,1475,0.1388
1136,355,1491,0.1388
1136,354,1490,0.1388
1127,356,1483,0.1388
1139,353,1492,0.1388
1125,359,1484,0.1388
1137,359,1496,0.1388
1128,358,1486,0.1388
1126,355,1481,0.1388
1132,359,1491,0.1388
1133,356,1489,0.1388
1135,359,1494,0.1388
1127,368,1495,0.1388
1124,376,1500,0.1388
1124,375,1499,0.1388
1126,378,1504,0.1388
1115,384,1499,0.1388
1113,379,1492,0.1388
1118,376,1494,0.1388
1112,374,1486,0.1388
1126,375,1501,0.1388
1118,377,1495,0.1388
1109,380,1489,0.1388
1107,390,1497,0.1388
1108,391,1499,0.1388
1088,393,1481,0.1388
1086,398,1484,0.1388
1101,392,1493,0.1388
1101,395,1496,0.1388
1101,396,1497,0.1388
1101,397,1498,0.1388
1116,400,1516,0.1388
1102,403,1505,0.1388
1099,408,1507,0.1388
1094,406,1500,0.1388
1079,402,1481,0.1388
1087,410,1497,0.1388
1086,409,1495,0.1388
1086,416,1502,0.1388
1069,422,1491,0.1388
1076,416,1492,0.1388
1082,417,1499,0.1388
1080,421,1501,0.1388
1082,412,1494,0.1388
1085,415,1500,0.1388
1077,422,1499,0.1388
1071,417,1488,0.1388
1069,416,1485,0.1388
1065,416,1481,0.1388
1083,408,1491,0.1388
1080,422,1502,0.1388
1091,419,1510,0.1388
1091,419,1510,0.1388
1101,421,1522,0.1388
1092,419,1511,0.1388
1079,425,1504,0.1388
1074,424,1498,0.1388
1077,430,1507,0.1388
1071,436,1507,0.1388
1066,436,1502,0.1388
1065,435,1500,0.1388
1059,432,1491,0.1388
1063,434,1497,0.1388
1060,441,1501,0.1388
1060,440,1500,0.1388
1064,435,1499,0.1388
1054,438,1492,0.1388
1058,440,1498,0.1388
1050,437,1487,0.1388
1055,430,1485,0.1388
1054,432,1486,0.1388
1062,431,1493,0.1388
1059,429,1488,0.1388
1062,425,1487,0.1388
1067,433,1500,0.1388
1057,440,1497,0.1388
1057,442,1499,0.1388
1071,439,1510,0.1388
1062,428,1490,0.1388
1069,431,1500,0.1388
1061,429,1490,0.1388
1055,434,1489,0.1388
1057,442,1499,0.1388
1063,438,1501,0.1388
1068,440,1508,0.1388
1063,442,1505,0.1388
1054,445,1499,0.1388
1060,444,1504,0.1388
1061,439,1500,0.1388
1071,432,1503,0.1388
1067,431,1498,0.1388
1054,436,1490,0.1388
1060,438,1498,0.1388
1049,445,1494,0.1388
1059,444,1503,0.1388
1039,446,1485,0.1388
1038,443,1481,0.1388
1048,447,1495,0.1388
1055,453,1508,0.1388
1061,461,1522,0.1388
1065,459,1524,0.1388
1056,458,1514,0.1388
1042,459,1501,0.1388
1046,463,1509,0.1388
1028,466,1494,0.1388
1037,455,1492,0.1388
1028,459,1487,0.1388
1018,462,1480,0.1388
1022,464,1486,0.1388
1032,465,1497,0.1388
1043,468,1511,0.1388
1038,464,1502,0.1388
1038,466,1504,0.1388
1037,471,1508,0.1388
1029,474,1503,0.1388
1026,476,1502,0.1388
1032,480,1512,0.1388
1013,478,1491,0.1388
1013,476,1489,0.1388
1020,479,1499,0.1388
1027,472,1499,0.1388
1026,472,1498,0.1388
1036,478,1514,0.1388
1019,474,1493,0.1388
1015,474,1489,0.1388
1018,476,1494,0.1388
1016,480,1496,0.1388
1016,483,1499,0.1388
1024,477,1501,0.1388
1019,479,1498,0.1388
1017,485,1502,0.1388
1015,492,1507,0.1388
1012,494,1506,0.1388
1016,497,1513,0.1388
1021,492,1513,0.1388
1027,493,1520,0.1388
1029,491,1520,0.1388
1033,492,1525,0.1388
1025,489,1514,0.1388
1017,491,1508,0.1388
1016,497,1513,0.1388
1020,490,1510,0.1388
1024,483,1507,0.1388
1021,484,1505,0.1388
1016,491,1507,0.1388
1015,496,1511,0.1388
1013,495,1508,0.1388
996,489,1485,0.1388
1005,488,1493,0.1388
998,488,1486,0.1388
988,493,1481,0.1388
986,498,1484,0.1388
991,504,1495,0.1388
992,508,1500,0.1388
995,506,1501,0.1388
985,511,1496,0.1388
985,505,1490,0.1388
988,515,1503,0.1388
997,514,1511,0.1388
996,511,1507,0.1388
995,511,1506,0.1388
993,509,1502,0.1388
991,516,1507,0.1388
982,510,1492,0.1388
992,513,1505,0.1388
982,512,1494,0.1388
984,521,1505,0.1388
986,519,1505,0.1388
990,528,1518,0.1388
991,527,1518,0.1388
980,531,1511,0.1388
966,530,1496,0.1388
971,525,1496,0.1388
961,526,1487,0.1388
976,534,1510,0.1388
964,539,1503,0.1388
969,539,1508,0.1388
970,538,1508,0.1388
968,532,1500,0.1388
955,535,1490,0.1388
958,539,1497,0.1388
955,537,1492,0.1388
953,542,1495,0.1388
946,544,1490,0.1388
955,549,1504,0.1388
953,546,1499,0.1388
949,556,1505,0.1388
931,553,1484,0.1388
940,550,1490,0.1388
941,539,1480,0.1388
944,549,1493,0.1388
938,546,1484,0.1388
934,549,1483,0.1388
945,555,1500,0.1388
938,553,1491,0.1388
946,559,1505,0.1388
948,546,1494,0.1388
940,550,1490,0.1388
939,552,1491,0.1388
950,548,1498,0.1388
947,546,1493,0.1388
949,548,1497,0.1388
954,545,1499,0.1388
950,544,1494,0.1388
948,549,1497,0.1388
944,549,1493,0.1388
945,551,1496,0.1388
939,554,1493,0.1388
946,555,1501,0.1388
944,559,1503,0.1388
949,563,1512,0.1388
946,562,1508,0.1388
943,557,1500,0.1388
931,558,1489,0.1388
935,555,1490,0.1388
944,555,1499,0.1388
944,562,1506,0.1388
943,554,1497,0.1388
944,557,1501,0.1388
955,562,1517,0.1388
948,561,1509,0.1388
946,557,1503,0.1388
947,553,1500,0.1388
937,554,1491,0.1388
946,555,1501,0.1388
946,549,1495,0.1388
944,550,1494,0.1388
956,549,1505,0.1388
942,546,1488,0.1388
948,556,1504,0.1388
943,559,1502,0.1388
944,558,1502,0.1388
939,560,1499,0.1388
940,562,1502,0.1388
928,562,1490,0.1388
927,572,1499,0.1388
922,575,1497,0.1388
912,573,1485,0.1388
916,575,1491,0.1388
914,580,1494,0.1388
915,581,1496,0.1388
918,582,1500,0.1388
913,584,1497,0.1388
914,581,1495,0.1388
917,582,1499,0.1388
909,584,1493,0.1388
909,583,1492,0.1388
909,587,1496,0.1388
914,575,1489,0.1388
910,573,1483,0.1388
896,588,1484,0.1388
897,595,1492,0.1388
898,597,1495,0.1388
894,587,1481,0.1388
901,586,1487,0.1388
909,589,1498,0.1388
910,591,1501,0.1388
915,588,1503,0.1388
920,584,1504,0.1388
914,599,1513,0.1388
907,595,1502,0.1388
905,600,1505,0.1388
896,600,1496,0.1388
898,601,1499,0.1388
896,602,1498,0.1388
901,612,1513,0.1388
901,617,1518,0.1388
909,620,1529,0.1388
900,621,1521,0.1388
896,626,1522,0.1388
901,622,1523,0.1388
893,617,1510,0.1388
897,621,1518,0.1388
899,619,1518,0.1388
895,618,1513,0.1388
893,625,1518,0.1388
885,629,1514,0.1388
867,624,1491,0.1388
877,631,1508,0.1388
875,632,1507,0.1388
873,622,1495,0.1388
876,619,1495,0.1388
886,624,1510,0.1388
894,624,1518,0.1388
890,628,1518,0.1388
883,623,1506,0.1388
877,620,1497,0.1388
879,623,1502,0.1388
879,619,1498,0.1388
883,619,1502,0.1388
892,618,1510,0.1388
880,617,1497,0.1388
886,620,1506,0.1388
897,619,1516,0.1388
893,624,1517,0.1388
894,620,1514,0.1388
886,617,1503,0.1388
880,619,1499,0.1388
869,618,1487,0.1388
868,617,1485,0.1388
861,627,1488,0.1388
867,623,1490,0.1388
870,628,1498,0.1388
869,631,1500,0.1388
871,633,1504,0.1388
868,635,1503,0.1388
864,643,1507,0.1388
874,647,1521,0.1388
870,645,1515,0.1388
873,642,1515,0.1388
871,639,1510,0.1388
863,636,1499,0.1388
871,640,1511,0.1388
865,641,1506,0.1388
864,649,1513,0.1388
860,645,1505,0.1388
860,642,1502,0.1388
857,645,1502,0.1388
861,648,1509,0.1388
853,651,1504,0.1388
863,652,1515,0.1388
857,651,1508,0.1388
855,650,1505,0.1388
839,636,1475,0.1388
844,637,1481,0.1388
848,647,1495,0.1388
854,650,1504,0.1388
850,652,1502,0.1388
850,649,1499,0.1388
856,656,1512,0.1388
847,659,1506,0.1388
846,654,1500,0.1388
853,651,1504,0.1388
864,649,1513,0.1388
853,650,1503,0.1388
848,658,1506,0.1388
855,664,1519,0.1388
853,664,1517,0.1388
859,656,1515,0.1388
851,648,1499,0.1388
841,652,1493,0.1388
840,648,1488,0.1388
850,656,1506,0.1388
843,658,1501,0.1388
843,656,1499,0.1388
844,655,1499,0.1388
848,651,1499,0.1388
847,649,1496,0.1388
853,649,1502,0.1388
855,648,1503,0.1388
849,652,1501,0.1388
853,659,1512,0.1388
850,658,1508,0.1388
842,651,1493,0.1388
846,660,1506,0.1388
845,660,1505,0.1388
848,660,1508,0.1388
854,662,1516,0.1388
851,664,1515,0.1388
837,661,1498,0.1388
833,663,1496,0.1388
841,657,1498,0.1388
839,652,1491,0.1388
841,659,1500,0.1388
851,666,1517,0.1388
850,666,1516,0.1388
845,677,1522,0.1388
836,675,1511,0.1388
839,675,1514,0.1388
835,674,1509,0.1388
836,666,1502,0.1388
836,666,1502,0.1388
842,671,1513,0.1388
838,667,1505,0.1388
833,672,1505,0.1388
825,676,1501,0.1388
826,674,1500,0.1388
831,676,1507,0.1388
838,671,1509,0.1388
831,676,1507,0.1388
828,674,1502,0.1388
810,671,1481,0.1388
810,681,1491,0.1388
810,685,1495,0.1388
804,686,1490,0.1388
809,695,1504,0.1388
817,696,1513,0.1388
808,702,1510,0.1388
813,691,1504,0.1388
812,689,1501,0.1388
807,687,1494,0.1388
793,685,1478,0.1388
803,691,1494,0.1388
788,680,1468,0.1388
793,685,1478,0.1388
801,679,1480,0.1388
803,685,1488,0.1388
805,685,1490,0.1388
806,688,1494,0.1388
804,702,1506,0.1388
804,709,1513,0.1388
804,702,1506,0.1388
788,708,1496,0.1388
788,706,1494,0.1388
795,714,1509,0.1388
790,723,1513,0.1388
786,723,1509,0.1388
781,729,1510,0.1388
769,718,1487,0.1388
772,720,1492,0.1388
770,719,1489,0.1388
777,723,1500,0.1388
767,737,1504,0.1388
770,742,1512,0.1388
766,739,1505,0.1388
775,731,1506,0.1388
772,725,1497,0.1388
763,748,1511,0.1388
753,741,1494,0.1388
752,737,1489,0.1388
760,751,1511,0.1388
760,752,1512,0.1388
769,755,1524,0.1388
761,760,1521,0.1388
752,758,1510,0.1388
747,757,1504,0.1388
740,759,1499,0.1388
748,771,1519,0.1388
754,763,1517,0.1388
753,768,1521,0.1388
742,764,1506,0.1388
754,777,1531,0.1388
746,766,1512,0.1388
749,762,1511,0.1388
741,764,1505,0.1388
735,764,1499,0.1388
736,761,1497,0.1388
741,760,1501,0.1388
743,763,1506,0.1388
741,764,1505,0.1388
733,761,1494,0.1388
721,761,1482,0.1388
724,768,1492,0.1388
721,775,1496,0.1388
713,773,1486,0.1388
721,777,1498,0.1388
724,778,1502,0.1388
725,775,1500,0.1388
731,785,1516,0.1388
727,770,1497,0.1388
722,773,1495,0.1388
721,771,1492,0.1388
730,765,1495,0.1388
726,774,1500,0.1388
729,777,1506,0.1388
727,779,1506,0.1388
728,784,1512,0.1388
732,784,1516,0.1388
731,790,1521,0.1388
741,800,1541,0.1388
722,797,1519,0.1388
719,800,1519,0.1388
712,794,1506,0.1388
712,799,1511,0.1388
703,806,1509,0.1388
692,811,1503,0.1388
698,807,1505,0.1388
689,810,1499,0.1388
687,803,1490,0.1388
685,812,1497,0.1388
684,819,1503,0.1388
673,830,1503,0.1388
679,827,1506,0.1388
675,830,1505,0.1388
685,835,1520,0.1388
684,829,1513,0.1388
673,828,1501,0.1388
679,825,1504,0.1388
680,830,1510,0.1388
684,827,1511,0.1388
670,824,1494,0.1388
672,827,1499,0.1388
667,824,1491,0.1388
666,840,1506,0.1388
664,841,1505,0.1388
667,838,1505,0.1388
666,849,1515,0.1388
657,851,1508,0.1388
664,850,1514,0.1388
660,859,1519,0.1388
657,845,1502,0.1388
658,852,1510,0.1388
661,867,1528,0.1388
656,861,1517,0.1388
663,852,1515,0.1388
649,852,1501,0.1388
650,853,1503,0.1388
666,840,1506,0.1388
676,840,1516,0.1388
674,856,1530,0.1388
666,846,1512,0.1388
671,841,1512,0.1388
665,833,1498,0.1388
674,839,1513,0.1388
667,839,1506,0.1388
662,837,1499,0.1388
665,834,1499,0.1388
672,832,1504,0.1388
666,826,1492,0.1388
673,836,1509,0.1388
667,839,1506,0.1388
663,838,1501,0.1388
670,848,1518,0.1388
669,854,1523,0.1388
657,854,1511,0.1388
665,850,1515,0.1388
662,852,1514,0.1388
670,859,1529,0.1388
670,849,1519,0.1388
677,845,1522,0.1388
675,838,1513,0.1388
664,838,1502,0.1388
668,841,1509,0.1388
672,846,1518,0.1388
671,842,1513,0.1388
672,838,1510,0.1388
663,844,1507,0.1388
658,845,1503,0.1388
655,847,1502,0.1388
648,849,1497,0.1388
652,857,1509,0.1388
655,857,1512,0.1388
654,861,1515,0.1388
652,860,1512,0.1388
651,854,1505,0.1388
642,859,1501,0.1388
643,856,1499,0.1388
649,862,1511,0.1388
647,870,1517,0.1388
636,878,1514,0.1388
650,869,1519,0.1388
649,866,1515,0.1388
642,870,1512,0.1388
647,866,1513,0.1388
647,857,1504,0.1388
641,855,1496,0.1388
640,865,1505,0.1388
646,872,1518,0.1388
634,883,1517,0.1388
637,874,1511,0.1388
640,874,1514,0.1388
642,877,1519,0.1388
641,869,1510,0.1388
638,881,1519,0.1388
641,867,1508,0.1388
646,868,1514,0.1388
643,864,1507,0.1388
651,862,1513,0.1388
650,867,1517,0.1388
637,873,1510,0.1388
620,874,1494,0.1388
622,869,1491,0.1388
626,880,1506,0.1388
618,880,1498,0.1388
634,878,1512,0.1388
634,887,1521,0.1388
631,893,1524,0.1388
623,885,1508,0.1388
634,879,1513,0.1388
635,880,1515,0.1388
631,890,1521,0.1388
625,884,1509,0.1388
615,883,1498,0.1388
608,885,1493,0.1388
604,894,1498,0.1388
608,899,1507,0.1388
605,911,1516,0.1388
601,910,1511,0.1388
594,919,1513,0.1388
598,913,1511,0.1388
599,922,1521,0.1388
604,914,1518,0.1388
602,909,1511,0.1388
604,906,1510,0.1388
597,908,1505,0.1388
596,910,1506,0.1388
601,914,1515,0.1388
600,917,1517,0.1388
597,906,1503,0.1388
593,904,1497,0.1388
588,904,1492,0.1388
588,900,1488,0.1388
596,903,1499,0.1388
596,914,1510,0.1388
594,913,1507,0.1388
587,923,1510,0.1388
592,913,1505,0.1388
594,910,1504,0.1388
594,913,1507,0.1388
590,917,1507,0.1388
585,920,1505,0.1388
582,917,1499,0.1388
587,916,1503,0.1388
589,920,1509,0.1388
581,931,1512,0.1388
587,921,1508,0.1388
586,914,1500,0.1388
585,915,1500,0.1388
583,923,1506,0.1388
590,925,1515,0.1388
588,910,1498,0.1388
582,924,1506,0.1388
589,928,1517,0.1388
593,934,1527,0.1388
596,922,1518,0.1388
596,930,1526,0.1388
593,940,1533,0.1388
585,938,1523,0.1388
575,935,1510,0.1388
574,935,1509,0.1388
571,933,1504,0.1388
569,936,1505,0.1388
555,943,1498,0.1388
547,956,1503,0.1388
551,948,1499,0.1388
548,954,1502,0.1388
546,964,1510,0.1388
553,969,1522,0.1388
546,957,1503,0.1388
541,964,1505,0.1388
539,970,1509,0.1388
547,973,1520,0.1388
552,979,1531,0.1388
543,970,1513,0.1388
546,968,1514,0.1388
548,978,1526,0.1388
556,978,1534,0.1388
553,974,1527,0.1388
544,973,1517,0.1388
547,976,1523,0.1388
545,978,1523,0.1388
540,976,1516,0.1388
538,980,1518,0.1388
544,970,1514,0.1388
541,973,1514,0.1388
542,967,1509,0.1388
543,974,1517,0.1388
534,964,1498,0.1388
534,973,1507,0.1388
546,975,1521,0.1388
547,967,1514,0.1388
546,977,1523,0.1388
535,986,1521,0.1388
535,987,1522,0.1388
531,987,1518,0.1388
532,988,1520,0.1388
532,987,1519,0.1388
538,994,1532,0.1388
524,991,1515,0.1388
527,985,1512,0.1388
528,982,1510,0.1388
527,978,1505,0.1388
522,979,1501,0.1388
523,973,1496,0.1388
522,960,1482,0.1388
533,966,1499,0.1388
534,973,1507,0.1388
531,981,1512,0.1388
531,980,1511,0.1388
535,989,1524,0.1388
530,984,1514,0.1388
527,974,1501,0.1388
530,968,1498,0.1388
536,959,1495,0.1388
536,952,1488,0.1388
538,954,1492,0.1388
539,967,1506,0.1388
537,972,1509,0.1388
542,961,1503,0.1388
544,962,1506,0.1388
546,970,1516,0.1388
541,973,1514,0.1388
536,977,1513,0.1388
527,970,1497,0.1388
523,980,1503,0.1388
521,986,1507,0.1388
525,976,1501,0.1388
528,973,1501,0.1388
535,978,1513,0.1388
530,976,1506,0.1388
527,976,1503,0.1388
525,977,1502,0.1388
525,981,1506,0.1388
530,982,1512,0.1388
536,977,1513,0.1388
537,987,1524,0.1388
527,976,1503,0.1388
525,977,1502,0.1388
521,971,1492,0.1388
524,984,1508,0.1388
529,984,1513,0.1388
532,984,1516,0.1388
534,977,1511,0.1388
534,983,1517,0.1388
529,986,1515,0.1388
524,990,1514,0.1388
521,981,1502,0.1388
510,990,1500,0.1388
513,988,1501,0.1388
521,977,1498,0.1388
515,986,1501,0.1388
512,989,1501,0.1388
517,987,1504,0.1388
522,997,1519,0.1388
516,987,1503,0.1388
513,989,1502,0.1388
512,983,1495,0.1388
521,1002,1523,0.1388
520,1012,1532,0.1388
517,1011,1528,0.1388
509,1005,1514,0.1388
504,998,1502,0.1388
502,1004,1506,0.1388
506,1010,1516,0.1388
507,1016,1523,0.1388
507,1013,1520,0.1388
504,1010,1514,0.1388
506,997,1503,0.1388
511,999,1510,0.1388
508,996,1504,0.1388
510,1003,1513,0.1388
505,1001,1506,0.1388
499,1000,1499,0.1388
506,1011,1517,0.1388
497,1000,1497,0.1388
497,1002,1499,0.1388
496,1010,1506,0.1388
492,997,1489,0.1388
488,1001,1489,0.1388
479,1007,1486,0.1388
477,1005,1482,0.1388
474,1011,1485,0.1388
480,1026,1506,0.1388
473,1031,1504,0.1388
471,1029,1500,0.1388
464,1036,1500,0.1388
470,1041,1511,0.1388
476,1040,1516,0.1388
478,1040,1518,0.1388
475,1034,1509,0.1388
471,1042,1513,0.1388
462,1047,1509,0.1388
457,1065,1522,0.1388
449,1061,1510,0.1388
452,1057,1509,0.1388
457,1062,1519,0.1388
448,1065,1513,0.1388
449,1051,1500,0.1388
455,1044,1499,0.1388
447,1054,1501,0.1388
446,1061,1507,0.1388
448,1065,1513,0.1388
443,1068,1511,0.1388
433,1073,1506,0.1388
428,1082,1510,0.1388
428,1074,1502,0.1388
431,1084,1515,0.1388
431,1089,1520,0.1388
433,1084,1517,0.1388
439,1087,1526,0.1388
443,1085,1528,0.1388
434,1088,1522,0.1388
433,1091,1524,0.1388
426,1081,1507,0.1388
411,1089,1500,0.1388
414,1094,1508,0.1388
414,1095,1509,0.1388
416,1091,1507,0.1388
417,1088,1505,0.1388
411,1083,1494,0.1388
418,1093,1511,0.1388
421,1094,1515,0.1388
421,1095,1516,0.1388
420,1090,1510,0.1388
419,1086,1505,0.1388
414,1095,1509,0.1388
414,1102,1516,0.1388
414,1087,1501,0.1388
422,1092,1514,0.1388
416,1092,1508,0.1388
418,1092,1510,0.1388
422,1099,1521,0.1388
420,1109,1529,0.1388
418,1105,1523,0.1388
411,1098,1509,0.1388
414,1087,1501,0.1388
414,1097,1511,0.1388
421,1090,1511,0.1388
418,1096,1514,0.1388
415,1086,1501,0.1388
407,1090,1497,0.1388
401,1087,1488,0.1388
407,1101,1508,0.1388
414,1097,1511,0.1388
405,1094,1499,0.1388
414,1109,1523,0.1388
411,1116,1527,0.1388
403,1115,1518,0.1388
402,1118,1520,0.1388
402,1101,1503,0.1388
399,1091,1490,0.1388
401,1105,1506,0.1388
396,1108,1504,0.1388
385,1098,1483,0.1388
394,1097,1491,0.1388
398,1109,1507,0.1388
392,1104,1496,0.1388
389,1105,1494,0.1388
389,1107,1496,0.1388
390,1111,1501,0.1388
388,1115,1503,0.1388
390,1116,1506,0.1388
391,1113,1504,0.1388
396,1109,1505,0.1388
393,1098,1491,0.1388
398,1113,1511,0.1388
399,1108,1507,0.1388
404,1111,1515,0.1388
404,1115,1519,0.1388
401,1111,1512,0.1388
404,1108,1512,0.1388
402,1111,1513,0.1388
395,1125,1520,0.1388
393,1123,1516,0.1388
391,1119,1510,0.1388
389,1113,1502,0.1388
391,1114,1505,0.1388
390,1118,1508,0.1388
389,1122,1511,0.1388
385,1129,1514,0.1388
385,1127,1512,0.1388
387,1129,1516,0.1388
389,1112,1501,0.1388
386,1104,1490,0.1388
387,1118,1505,0.1388
383,1122,1505,0.1388
378,1136,1514,0.1388
382,1134,1516,0.1388
380,1132,1512,0.1388
376,1141,1517,0.1388
373,1148,1521,0.1388
375,1142,1517,0.1388
378,1131,1509,0.1388
381,1134,1515,0.1388
378,1131,1509,0.1388
371,1127,1498,0.1388
371,1131,1502,0.1388
366,1138,1504,0.1388
373,1139,1512,0.1388
370,1134,1504,0.1388
373,1147,1520,0.1388
367,1141,1508,0.1388
361,1149,1510,0.1388
357,1148,1505,0.1388
360,1151,1511,0.1388
356,1152,1508,0.1388
354,1155,1509,0.1388
353,1154,1507,0.1388
355,1157,1512,0.1388
351,1157,1508,0.1388
354,1151,1505,0.1388
348,1156,1504,0.1388
343,1154,1497,0.1388
340,1150,1490,0.1388
351,1155,1506,0.1388
349,1152,1501,0.1388
350,1148,1498,0.1388
345,1156,1501,0.1388
340,1170,1510,0.1388
344,1171,1515,0.1388
347,1175,1522,0.1388
343,1171,1514,0.1388
340,1151,1491,0.1388
340,1169,1509,0.1388
343,1161,1504,0.1388
344,1173,1517,0.1388
347,1171,1518,0.1388
345,1172,1517,0.1388
343,1161,1504,0.1388
341,1161,1502,0.1388
345,1166,1511,0.1388
340,1157,1497,0.1388
340,1156,1496,0.1388
334,1168,1502,0.1388
334,1170,1504,0.1388
339,1171,1510,0.1388
342,1175,1517,0.1388
340,1178,1518,0.1388
337,1165,1502,0.1388
339,1158,1497,0.1388
338,1172,1510,0.1388
340,1173,1513,0.1388
332,1174,1506,0.1388
323,1176,1499,0.1388
322,1171,1493,0.1388
317,1164,1481,0.1388
314,1174,1488,0.1388
319,1184,1503,0.1388
324,1182,1506,0.1388
324,1187,1511,0.1388
321,1190,1511,0.1388
316,1198,1514,0.1388
314,1203,1517,0.1388
316,1205,1521,0.1388
314,1199,1513,0.1388
315,1198,1513,0.1388
313,1205,1518,0.1388
313,1200,1513,0.1388
310,1190,1500,0.1388
310,1196,1506,0.1388
316,1203,1519,0.1388
312,1209,1521,0.1388
308,1203,1511,0.1388
309,1203,1512,0.1388
301,1190,1491,0.1388
303,1199,1502,0.1388
302,1205,1507,0.1388
301,1208,1509,0.1388
297,1215,1512,0.1388
311,1213,1524,0.1388
312,1210,1522,0.1388
310,1204,1514,0.1388
304,1199,1503,0.1388
302,1205,1507,0.1388
302,1205,1507,0.1388
307,1208,1515,0.1388
305,1191,1496,0.1388
308,1207,1515,0.1388
308,1198,1506,0.1388
312,1203,1515,0.1388
303,1202,1505,0.1388
303,1204,1507,0.1388
301,1195,1496,0.1388
300,1198,1498,0.1388
303,1186,1489,0.1388
315,1191,1506,0.1388
318,1194,1512,0.1388
313,1196,1509,0.1388
316,1205,1521,0.1388
316,1208,1524,0.1388
313,1215,1528,0.1388
305,1216,1521,0.1388
301,1205,1506,0.1388
303,1204,1507,0.1388
303,1194,1497,0.1388
296,1206,1502,0.1388
295,1204,1499,0.1388
294,1205,1499,0.1388
295,1212,1507,0.1388
296,1216,1512,0.1388
286,1198,1484,0.1388
288,1210,1498,0.1388
290,1215,1505,0.1388
292,1218,1510,0.1388
291,1215,1506,0.1388
290,1222,1512,0.1388
295,1232,1527,0.1388
287,1231,1518,0.1388
292,1226,1518,0.1388
290,1233,1523,0.1388
282,1231,1513,0.1388
281,1234,1515,0.1388
275,1235,1510,0.1388
273,1227,1500,0.1388
274,1235,1509,0.1388
275,1220,1495,0.1388
280,1225,1505,0.1388
284,1245,1529,0.1388
288,1244,1532,0.1388
284,1238,1522,0.1388
280,1245,1525,0.1388
280,1235,1515,0.1388
282,1235,1517,0.1388
277,1231,1508,0.1388
271,1244,1515,0.1388
279,1249,1528,0.1388
277,1251,1528,0.1388
276,1236,1512,0.1388
279,1238,1517,0.1388
281,1243,1524,0.1388
273,1237,1510,0.1388
273,1243,1516,0.1388
274,1248,1522,0.1388
271,1241,1512,0.1388
273,1242,1515,0.1388
273,1246,1519,0.1388
271,1245,1516,0.1388
268,1255,1523,0.1388
274,1245,1519,0.1388
275,1239,1514,0.1388
278,1228,1506,0.1388
275,1230,1505,0.1388
273,1231,1504,0.1388
267,1251,1518,0.1388
267,1245,1512,0.1388
262,1246,1508,0.1388
265,1247,1512,0.1388
264,1258,1522,0.1388
268,1252,1520,0.1388
267,1258,1525,0.1388
265,1256,1521,0.1388
263,1262,1525,0.1388
261,1258,1519,0.1388
256,1254,1510,0.1388
257,1246,1503,0.1388
259,1249,1508,0.1388
260,1256,1516,0.1388
252,1266,1518,0.1388
260,1265,1525,0.1388
261,1259,1520,0.1388
259,1260,1519,0.1388
261,1263,1524,0.1388
252,1275,1527,0.1388
250,1259,1509,0.1388
250,1248,1498,0.1388
249,1257,1506,0.1388
246,1259,1505,0.1388
239,1253,1492,0.1388
240,1255,1495,0.1388
245,1257,1502,0.1388
244,1251,1495,0.1388
247,1257,1504,0.1388
247,1254,1501,0.1388
246,1272,1518,0.1388
248,1273,1521,0.1388
244,1271,1515,0.1388
247,1274,1521,0.1388
246,1277,1523,0.1388
250,1272,1522,0.1388
246,1262,1508,0.1388
243,1273,1516,0.1388
245,1264,1509,0.1388
249,1267,1516,0.1388
242,1287,1529,0.1388
235,1282,1517,0.1388
234,1289,1523,0.1388
236,1277,1513,0.1388
239,1282,1521,0.1388
239,1275,1514,0.1388
232,1278,1510,0.1388
225,1294,1519,0.1388
225,1299,1524,0.1388
225,1286,1511,0.1388
222,1289,1511,0.1388
230,1294,1524,0.1388
227,1296,1523,0.1388
227,1305,1532,0.1388
224,1297,1521,0.1388
226,1295,1521,0.1388
228,1293,1521,0.1388
227,1298,1525,0.1388
222,1302,1524,0.1388
220,1311,1531,0.1388
215,1308,1523,0.1388
219,1300,1519,0.1388
221,1295,1516,0.1388
221,1283,1504,0.1388
219,1294,1513,0.1388
218,1298,1516,0.1388
214,1307,1521,0.1388
213,1302,1515,0.1388
216,1303,1519,0.1388
212,1299,1511,0.1388
208,1307,1515,0.1388
202,1318,1520,0.1388
205,1309,1514,0.1388
200,1324,1524,0.1388
205,1326,1531,0.1388
201,1327,1528,0.1388
199,1318,1517,0.1388
205,1308,1513,0.1388
208,1309,1517,0.1388
211,1295,1506,0.1388
211,1286,1497,0.1388
210,1288,1498,0.1388
213,1295,1508,0.1388
210,1300,1510,0.1388
210,1294,1504,0.1388
210,1290,1500,0.1388
215,1300,1515,0.1388
214,1311,1525,0.1388
217,1315,1532,0.1388
216,1317,1533,0.1388
215,1315,1530,0.1388
215,1309,1524,0.1388
214,1301,1515,0.1388
211,1284,1495,0.1388
215,1288,1503,0.1388
212,1297,1509,0.1388
216,1287,1503,0.1388
213,1288,1501,0.1388
211,1298,1509,0.1388
209,1306,1515,0.1388
203,1296,1499,0.1388
201,1293,1494,0.1388
211,1305,1516,0.1388
208,1314,1522,0.1388
209,1314,1523,0.1388
208,1306,1514,0.1388
208,1309,1517,0.1388
206,1305,1511,0.1388
204,1322,1526,0.1388
201,1314,1515,0.1388
196,1305,1501,0.1388
195,1324,1519,0.1388
201,1319,1520,0.1388
203,1323,1526,0.1388
203,1313,1516,0.1388
197,1316,1513,0.1388
190,1324,1514,0.1388
192,1330,1522,0.1388
193,1317,1510,0.1388
196,1319,1515,0.1388
196,1318,1514,0.1388
192,1321,1513,0.1388
185,1316,1501,0.1388
183,1327,1510,0.1388
179,1333,1512,0.1388
182,1330,1512,0.1388
179,1318,1497,0.1388
182,1311,1493,0.1388
182,1333,1515,0.1388
180,1324,1504,0.1388
176,1334,1510,0.1388
176,1332,1508,0.1388
175,1324,1499,0.1388
175,1341,1516,0.1388
171,1347,1518,0.1388
175,1343,1518,0.1388
175,1349,1524,0.1388
174,1337,1511,0.1388
175,1343,1518,0.1388
169,1350,1519,0.1388
172,1354,1526,0.1388
174,1354,1528,0.1388
172,1352,1524,0.1388
164,1366,1530,0.1388
161,1350,1511,0.1388
163,1349,1512,0.1388
164,1338,1502,0.1388
169,1344,1513,0.1388
168,1345,1513,0.1388
168,1343,1511,0.1388
169,1340,1509,0.1388
168,1348,1516,0.1388
167,1361,1528,0.1388
169,1356,1525,0.1388
162,1342,1504,0.1388
163,1350,1513,0.1388
164,1359,1523,0.1388
161,1359,1520,0.1388
163,1349,1512,0.1388
162,1350,1512,0.1388
161,1358,1519,0.1388
161,1352,1513,0.1388
159,1354,1513,0.1388
164,1350,1514,0.1388
164,1359,1523,0.1388
163,1354,1517,0.1388
162,1346,1508,0.1388
161,1349,1510,0.1388
157,1344,1501,0.1388
157,1356,1513,0.1388
156,1362,1518,0.1388
158,1351,1509,0.1388
162,1348,1510,0.1388
159,1335,1494,0.1388
161,1337,1498,0.1388
165,1347,1512,0.1388
164,1347,1511,0.1388
166,1353,1519,0.1388
163,1359,1522,0.1388
165,1355,1520,0.1388
159,1354,1513,0.1388
165,1354,1519,0.1388
165,1351,1516,0.1388
163,1352,1515,0.1388
166,1351,1517,0.1388
163,1352,1515,0.1388
164,1343,1507,0.1388
165,1343,1508,0.1388
167,1348,1515,0.1388
165,1352,1517,0.1388
165,1337,1502,0.1388
168,1347,1515,0.1388
166,1347,1513,0.1388
167,1338,1505,0.1388
169,1352,1521,0.1388
166,1346,1512,0.1388
164,1348,1512,0.1388
165,1356,1521,0.1388
163,1352,1515,0.1388
164,1354,1518,0.1388
165,1359,1524,0.1388
162,1355,1517,0.1388
164,1355,1519,0.1388
165,1361,1526,0.1388
164,1358,1522,0.1388
165,1348,1513,0.1388
164,1356,1520,0.1388
166,1349,1515,0.1388
162,1350,1512,0.1388
161,1362,1523,0.1388
163,1358,1521,0.1388
168,1354,1522,0.1388
167,1354,1521,0.1388
166,1349,1515,0.1388
161,1367,1528,0.1388
161,1356,1517,0.1388
159,1357,1516,0.1388
160,1349,1509,0.1388
157,1357,1514,0.1388
160,1362,1522,0.1388
157,1367,1524,0.1388
156,1362,1518,0.1388
156,1357,1513,0.1388
158,1361,1519,0.1388
151,1360,1511,0.1388
155,1351,1506,0.1388
158,1356,1514,0.1388
162,1348,1510,0.1388
161,1347,1508,0.1388
158,1350,1508,0.1388
154,1353,1507,0.1388
154,1348,1502,0.1388
152,1359,1511,0.1388
154,1353,1507,0.1388
157,1359,1516,0.1388
156,1360,1516,0.1388
158,1356,1514,0.1388
157,1360,1517,0.1388
163,1364,1527,0.1388
161,1357,1518,0.1388
157,1361,1518,0.1388
153,1363,1516,0.1388
155,1357,1512,0.1388
155,1357,1512,0.1388
154,1362,1516,0.1388
153,1368,1521,0.1388
152,1365,1517,0.1388
146,1367,1513,0.1388
145,1364,1509,0.1388
146,1361,1507,0.1388
146,1360,1506,0.1388
141,1367,1508,0.1388
140,1374,1514,0.1388
134,1370,1504,0.1388
136,1376,1512,0.1388
137,1385,1522,0.1388
141,1392,1533,0.1388
140,1393,1533,0.1388
141,1376,1517,0.1388
140,1373,1513,0.1388
139,1363,1502,0.1388
142,1366,1508,0.1388
143,1371,1514,0.1388
140,1372,1512,0.1388
139,1368,1507,0.1388
139,1369,1508,0.1388
143,1377,1520,0.1388
141,1370,1511,0.1388
140,1379,1519,0.1388
139,1387,1526,0.1388
139,1375,1514,0.1388
140,1388,1528,0.1388
137,1394,1531,0.1388
137,1388,1525,0.1388
134,1376,1510,0.1388
135,1385,1520,0.1388
136,1381,1517,0.1388
135,1376,1511,0.1388
136,1376,1512,0.1388
135,1380,1515,0.1388
132,1379,1511,0.1388
134,1381,1515,0.1388
135,1380,1515,0.1388
132,1386,1518,0.1388
129,1387,1516,0.1388
127,1386,1513,0.1388
130,1377,1507,0.1388
126,1365,1491,0.1388
125,1380,1505,0.1388
123,1385,1508,0.1388
122,1386,1508,0.1388
118,1382,1500,0.1388
115,1382,1497,0.1388
114,1384,1498,0.1388
114,1399,1513,0.1388
110,1385,1495,0.1388
114,1394,1508,0.1388
112,1386,1498,0.1388
112,1387,1499,0.1388
110,1393,1503,0.1388
112,1406,1518,0.1388
117,1405,1522,0.1388
117,1393,1510,0.1388
117,1390,1507,0.1388
115,1398,1513,0.1388
115,1394,1509,0.1388
117,1421,1538,0.1388
116,1413,1529,0.1388
112,1408,1520,0.1388
111,1415,1526,0.1388
111,1400,1511,0.1388
108,1401,1509,0.1388
106,1408,1514,0.1388
109,1403,1512,0.1388
111,1389,1500,0.1388
112,1405,1517,0.1388
115,1410,1525,0.1388
117,1408,1525,0.1388
121,1399,1520,0.1388
122,1390,1512,0.1388
121,1401,1522,0.1388
122,1399,1521,0.1388
124,1391,1515,0.1388
123,1391,1514,0.1388
119,1390,1509,0.1388
120,1402,1522,0.1388
121,1387,1508,0.1388
122,1390,1512,0.1388
123,1400,1523,0.1388
119,1402,1521,0.1388
117,1402,1519,0.1388
116,1391,1507,0.1388
113,1404,1517,0.1388
114,1389,1503,0.1388
112,1383,1495,0.1388
110,1396,1506,0.1388
110,1400,1510,0.1388
110,1398,1508,0.1388
111,1398,1509,0.1388
111,1409,1520,0.1388
111,1419,1530,0.1388
109,1422,1531,0.1388
105,1418,1523,0.1388
108,1417,1525,0.1388
106,1423,1529,0.1388
107,1415,1522,0.1388
107,1424,1531,0.1388
106,1428,1534,0.1388
105,1427,1532,0.1388
101,1416,1517,0.1388
100,1401,1501,0.1388
101,1406,1507,0.1388
104,1413,1517,0.1388
104,1411,1515,0.1388
106,1415,1521,0.1388
105,1425,1530,0.1388
104,1437,1541,0.1388
108,1427,1535,0.1388
103,1416,1519,0.1388
101,1411,1512,0.1388
101,1412,1513,0.1388
98,1426,1524,0.1388
100,1437,1537,0.1388
98,1438,1536,0.1388
96,1432,1528,0.1388
96,1434,1530,0.1388
95,1428,1523,0.1388
93,1431,1524,0.1388
92,1422,1514,0.1388
93,1426,1519,0.1388
92,1436,1528,0.1388
95,1432,1527,0.1388
96,1429,1525,0.1388
98,1428,1526,0.1388
101,1406,1507,0.1388
100,1416,1516,0.1388
101,1413,1514,0.1388
99,1401,1500,0.1388
97,1400,1497,0.1388
91,1410,1501,0.1388
93,1394,1487,0.1388
92,1394,1486,0.1388
96,1387,1483,0.1388
95,1413,1508,0.1388
93,1419,1512,0.1388
94,1419,1513,0.1388
93,1433,1526,0.1388
91,1438,1529,0.1388
94,1427,1521,0.1388
92,1420,1512,0.1388
92,1426,1518,0.1388
93,1425,1518,0.1388
90,1424,1514,0.1388
89,1431,1520,0.1388
88,1426,1514,0.1388
88,1439,1527,0.1388
89,1427,1516,0.1388
88,1434,1522,0.1388
88,1436,1524,0.1388
88,1430,1518,0.1388
84,1441,1525,0.1388
83,1429,1512,0.1388
83,1420,1503,0.1388
85,1427,1512,0.1388
81,1419,1500,0.1388
81,1410,1491,0.1388
83,1417,1500,0.1388
85,1423,1508,0.1388
88,1423,1511,0.1388
88,1430,1518,0.1388
90,1407,1497,0.1388
91,1398,1489,0.1388
93,1413,1506,0.1388
91,1413,1504,0.1388
93,1423,1516,0.1388
93,1423,1516,0.1388
93,1439,1532,0.1388
89,1430,1519,0.1388
88,1426,1514,0.1388
90,1424,1514,0.1388
89,1421,1510,0.1388
89,1417,1506,0.1388
85,1431,1516,0.1388
84,1425,1509,0.1388
82,1429,1511,0.1388
81,1427,1508,0.1388
81,1428,1509,0.1388
80,1428,1508,0.1388
82,1422,1504,0.1388
82,1414,1496,0.1388
79,1426,1505,0.1388
78,1445,1523,0.1388
75,1445,1520,0.1388
76,1437,1513,0.1388
79,1448,1527,0.1388
80,1440,1520,0.1388
76,1436,1512,0.1388
74,1433,1507,0.1388
72,1435,1507,0.1388
72,1439,1511,0.1388
71,1437,1508,0.1388
71,1433,1504,0.1388
70,1433,1503,0.1388
64,1441,1505,0.1388
61,1459,1520,0.1388
60,1465,1525,0.1388
59,1471,1530,0.1388
58,1462,1520,0.1388
57,1459,1516,0.1388
58,1450,1508,0.1388
61,1447,1508,0.1388
62,1444,1506,0.1388
63,1447,1510,0.1388
62,1456,1518,0.1388
59,1450,1509,0.1388
60,1462,1522,0.1388
57,1466,1523,0.1388
58,1455,1513,0.1388
55,1455,1510,0.1388
56,1457,1513,0.1388
54,1463,1517,0.1388
52,1456,1508,0.1388
54,1465,1519,0.1388
50,1470,1520,0.1388
50,1459,1509,0.1388
50,1447,1497,0.1388
50,1454,1504,0.1388
46,1451,1497,0.1388
45,1452,1497,0.1388
42,1462,1504,0.1388
43,1469,1512,0.1388
44,1450,1494,0.1388
46,1446,1492,0.1388
46,1444,1490,0.1388
48,1471,1519,0.1388
47,1472,1519,0.1388
47,1462,1509,0.1388
48,1465,1513,0.1388
49,1458,1507,0.1388
51,1452,1503,0.1388
56,1457,1513,0.1388
57,1450,1507,0.1388
55,1476,1531,0.1388
54,1460,1514,0.1388
54,1453,1507,0.1388
51,1462,1513,0.1388
51,1450,1501,0.1388
50,1455,1505,0.1388
50,1459,1509,0.1388
51,1458,1509,0.1388
50,1466,1516,0.1388
48,1461,1509,0.1388
49,1471,1520,0.1388
49,1471,1520,0.1388
52,1476,1528,0.1388
50,1465,1515,0.1388
47,1467,1514,0.1388
45,1451,1496,0.1388
47,1445,1492,0.1388
49,1455,1504,0.1388
50,1464,1514,0.1388
52,1465,1517,0.1388
52,1471,1523,0.1388
52,1465,1517,0.1388
52,1460,1512,0.1388
49,1467,1516,0.1388
51,1461,1512,0.1388
49,1469,1518,0.1388
48,1464,1512,0.1388
48,1480,1528,0.1388
46,1477,1523,0.1388
49,1457,1506,0.1388
52,1469,1521,0.1388
55,1474,1529,0.1388
58,1474,1532,0.1388
57,1461,1518,0.1388
56,1468,1524,0.1388
53,1453,1506,0.1388
52,1462,1514,0.1388
54,1471,1525,0.1388
55,1471,1526,0.1388
54,1475,1529,0.1388
53,1462,1515,0.1388
52,1475,1527,0.1388
50,1472,1522,0.1388
51,1477,1528,0.1388
48,1479,1527,0.1388
49,1476,1525,0.1388
51,1475,1526,0.1388
51,1465,1516,0.1388
50,1471,1521,0.1388
49,1459,1508,0.1388
49,1455,1504,0.1388
48,1452,1500,0.1388
46,1464,1510,0.1388
47,1466,1513,0.1388
44,1466,1510,0.1388
42,1472,1514,0.1388
44,1470,1514,0.1388
46,1467,1513,0.1388
46,1457,1503,0.1388
45,1456,1501,0.1388
45,1477,1522,0.1388
45,1464,1509,0.1388
42,1472,1514,0.1388
42,1477,1519,0.1388
41,1471,1512,0.1388
41,1467,1508,0.1388
42,1472,1514,0.1388
40,1480,1520,0.1388
38,1478,1516,0.1388
37,1480,1517,0.1388
37,1481,1518,0.1388
36,1485,1521,0.1388
36,1482,1518,0.1388
33,1486,1519,0.1388
33,1478,1511,0.1388
35,1466,1501,0.1388
34,1487,1521,0.1388
33,1481,1514,0.1388
33,1479,1512,0.1388
35,1461,1496,0.1388
35,1463,1498,0.1388
37,1474,1511,0.1388
35,1465,1500,0.1388
38,1474,1512,0.1388
38,1475,1513,0.1388
38,1477,1515,0.1388
39,1467,1506,0.1388
38,1460,1498,0.1388
38,1474,1512,0.1388
39,1467,1506,0.1388
39,1488,1527,0.1388
38,1478,1516,0.1388
38,1482,1520,0.1388
38,1492,1530,0.1388
39,1486,1525,0.1388
39,1483,1522,0.1388
38,1485,1523,0.1388
36,1477,1513,0.1388
36,1488,1524,0.1388
36,1492,1528,0.1388
36,1497,1533,0.1388
35,1487,1522,0.1388
34,1472,1506,0.1388
35,1473,1508,0.1388
36,1470,1506,0.1388
35,1470,1505,0.1388
37,1475,1512,0.1388
35,1480,1515,0.1388
36,1486,1522,0.1388
38,1469,1507,0.1388
37,1464,1501,0.1388
35,1483,1518,0.1388
36,1484,1520,0.1388
32,1481,1513,0.1388
31,1466,1497,0.1388
31,1473,1504,0.1388
34,1481,1515,0.1388
34,1476,1510,0.1388
36,1492,1528,0.1388
36,1496,1532,0.1388
35,1484,1519,0.1388
36,1480,1516,0.1388
36,1483,1519,0.1388
37,1495,1532,0.1388
35,1494,1529,0.1388
37,1487,1524,0.1388
37,1476,1513,0.1388
37,1476,1513,0.1388
38,1474,1512,0.1388
39,1478,1517,0.1388
39,1458,1497,0.1388
39,1471,1510,0.1388
37,1474,1511,0.1388
38,1478,1516,0.1388
38,1477,1515,0.1388
36,1487,1523,0.1388
36,1491,1527,0.1388
36,1491,1527,0.1388
36,1483,1519,0.1388
36,1473,1509,0.1388
36,1472,1508,0.1388
35,1471,1506,0.1388
34,1473,1507,0.1388
35,1476,1511,0.1388
36,1478,1514,0.1388
37,1472,1509,0.1388
38,1477,1515,0.1388
36,1494,1530,0.1388
36,1485,1521,0.1388
36,1474,1510,0.1388
37,1474,1511,0.1388
37,1493,1530,0.1388
35,1476,1511,0.1388
35,1484,1519,0.1388
34,1478,1512,0.1388
33,1479,1512,0.1388
33,1481,1514,0.1388
30,1468,1498,0.1388
29,1482,1511,0.1388
29,1473,1502,0.1388
28,1487,1515,0.1388
29,1486,1515,0.1388
29,1474,1503,0.1388
28,1478,1506,0.1388
28,1482,1510,0.1388
28,1495,1523,0.1388
27,1499,1526,0.1388
27,1485,1512,0.1388
27,1499,1526,0.1388
26,1488,1514,0.1388
27,1492,1519,0.1388
28,1496,1524,0.1388
27,1495,1522,0.1388
25,1500,1525,0.1388
23,1499,1522,0.1388
23,1491,1514,0.1388
23,1511,1534,0.1388
23,1496,1519,0.1388
23,1499,1522,0.1388
23,1504,1527,0.1388
23,1515,1538,0.1388
23,1496,1519,0.1388
22,1501,1523,0.1388
22,1495,1517,0.1388
21,1497,1518,0.1388
21,1501,1522,0.1388
21,1493,1514,0.1388
21,1490,1511,0.1388
21,1487,1508,0.1388
20,1489,1509,0.1388
19,1497,1516,0.1388
19,1488,1507,0.1388
18,1484,1502,0.1388
18,1489,1507,0.1388
18,1501,1519,0.1388
18,1497,1515,0.1388
18,1506,1524,0.1388
18,1489,1507,0.1388
18,1493,1511,0.1388
19,1494,1513,0.1388
20,1483,1503,0.1388
20,1490,1510,0.1388
19,1482,1501,0.1388
19,1486,1505,0.1388
18,1480,1498,0.1388
18,1487,1505,0.1388
18,1493,1511,0.1388
18,1498,1516,0.1388
17,1498,1515,0.1388
19,1505,1524,0.1388
18,1504,1522,0.1388
17,1502,1519,0.1388
17,1510,1527,0.1388
15,1500,1515,0.1388
19,1508,1527,0.1388
18,1496,1514,0.1388
19,1496,1515,0.1388
19,1492,1511,0.1388
18,1497,1515,0.1388
18,1498,1516,0.1388
19,1498,1517,0.1388
19,1489,1508,0.1388
18,1485,1503,0.1388
20,1489,1509,0.1388
18,1496,1514,0.1388
20,1489,1509,0.1388
21,1485,1506,0.1388
21,1487,1508,0.1388
20,1493,1513,0.1388
20,1499,1519,0.1388
19,1500,1519,0.1388
19,1489,1508,0.1388
19,1486,1505,0.1388
19,1492,1511,0.1388
19,1487,1506,0.1388
19,1488,1507,0.1388
18,1485,1503,0.1388
19,1483,1502,0.1388
16,1490,1506,0.1388
17,1503,1520,0.1388
19,1506,1525,0.1388
19,1510,1529,0.1388
19,1511,1530,0.1388
18,1515,1533,0.1388
18,1514,1532,0.1388
18,1517,1535,0.1388
18,1515,1533,0.1388
18,1519,1537,0.1388
18,1503,1521,0.1388
17,1497,1514,0.1388
16,1509,1525,0.1388
17,1505,1522,0.1388
17,1504,1521,0.1388
18,1492,1510,0.1388
18,1495,1513,0.1388
17,1501,1518,0.1388
17,1495,1512,0.1388
16,1495,1511,0.1388
17,1514,1531,0.1388
16,1507,1523,0.1388
17,1501,1518,0.1388
17,1515,1532,0.1388
16,1500,1516,0.1388
17,1485,1502,0.1388
17,1493,1510,0.1388
17,1507,1524,0.1388
17,1503,1520,0.1388
15,1505,1520,0.1388
15,1511,1526,0.1388
16,1507,1523,0.1388
16,1491,1507,0.1388
16,1494,1510,0.1388
15,1507,1522,0.1388
14,1510,1524,0.1388
15,1499,1514,0.1388
15,1503,1518,0.1388
14,1512,1526,0.1388
15,1505,1520,0.1388
15,1509,1524,0.1388
16,1502,1518,0.1388
16,1497,1513,0.1388
16,1492,1508,0.1388
18,1491,1509,0.1388
18,1485,1503,0.1388
18,1487,1505,0.1388
17,1478,1495,0.1388
17,1475,1492,0.1388
16,1485,1501,0.1388
16,1490,1506,0.1388
17,1485,1502,0.1388
17,1498,1515,0.1388
16,1505,1521,0.1388
16,1498,1514,0.1388
17,1506,1523,0.1388
19,1501,1520,0.1388
19,1497,1516,0.1388
18,1495,1513,0.1388
17,1493,1510,0.1388
15,1496,1511,0.1388
15,1504,1519,0.1388
15,1510,1525,0.1388
14,1505,1519,0.1388
14,1505,1519,0.1388
14,1505,1519,0.1388
14,1514,1528,0.1388
14,1522,1536,0.1388
14,1515,1529,0.1388
16,1507,1523,0.1388
17,1510,1527,0.1388
17,1500,1517,0.1388
18,1508,1526,0.1388
17,1510,1527,0.1388
17,1500,1517,0.1388
16,1495,1511,0.1388
16,1495,1511,0.1388
15,1503,1518,0.1388
14,1505,1519,0.1388
14,1505,1519,0.1388
14,1500,1514,0.1388
13,1499,1512,0.1388
11,1491,1502,0.1388
11,1493,1504,0.1388
11,1483,1494,0.1388
11,1495,1506,0.1388
11,1507,1518,0.1388
11,1512,1523,0.1388
10,1509,1519,0.1388
11,1526,1537,0.1388
11,1518,1529,0.1388
11,1505,1516,0.1388
11,1500,1511,0.1388
11,1510,1521,0.1388
11,1510,1521,0.1388
12,1503,1515,0.1388
12,1505,1517,0.1388
12,1509,1521,0.1388
14,1509,1523,0.1388
14,1505,1519,0.1388
14,1505,1519,0.1388
14,1505,1519,0.1388
14,1487,1501,0.1388
14,1480,1494,0.1388
14,1489,1503,0.1388
14,1476,1490,0.1388
14,1493,1507,0.1388
15,1505,1520,0.1388
15,1501,1516,0.1388
15,1504,1519,0.1388
16,1507,1523,0.1388
17,1497,1514,0.1388
17,1506,1523,0.1388
17,1503,1520,0.1388
17,1506,1523,0.1388
18,1501,1519,0.1388
18,1489,1507,0.1388
17,1500,1517,0.1388
17,1507,1524,0.1388
16,1507,1523,0.1388
16,1499,1515,0.1388
17,1506,1523,0.1388
16,1500,1516,0.1388
15,1496,1511,0.1388
15,1508,1523,0.1388
14,1498,1512,0.1388
15,1508,1523,0.1388
17,1504,1521,0.1388
17,1502,1519,0.1388
16,1498,1514,0.1388
16,1499,1515,0.1388
16,1514,1530,0.1388
14,1505,1519,0.1388
16,1507,1523,0.1388
16,1492,1508,0.1388
15,1492,1507,0.1388
16,1496,1512,0.1388
15,1491,1506,0.1388
15,1500,1515,0.1388
16,1496,1512,0.1388
17,1505,1522,0.1388
16,1509,1525,0.1388
16,1513,1529,0.1388
16,1508,1524,0.1388
17,1508,1525,0.1388
17,1511,1528,0.1388
16,1530,1546,0.1388
16,1515,1531,0.1388
14,1517,1531,0.1388
16,1505,1521,0.1388
16,1507,1523,0.1388
14,1495,1509,0.1388
15,1493,1508,0.1388
15,1479,1494,0.1388
16,1501,1517,0.1388
18,1497,1515,0.1388
18,1489,1507,0.1388
18,1494,1512,0.1388
18,1506,1524,0.1388
19,1500,1519,0.1388
19,1491,1510,0.1388
19,1493,1512,0.1388
19,1502,1521,0.1388
20,1509,1529,0.1388
21,1513,1534,0.1388
20,1494,1514,0.1388
21,1509,1530,0.1388
21,1500,1521,0.1388
21,1499,1520,0.1388
19,1510,1529,0.1388
18,1502,1520,0.1388
18,1509,1527,0.1388
19,1510,1529,0.1388
19,1501,1520,0.1388
19,1503,1522,0.1388
19,1506,1525,0.1388
19,1497,1516,0.1388
18,1498,1516,0.1388
18,1497,1515,0.1388
18,1493,1511,0.1388
17,1503,1520,0.1388
17,1504,1521,0.1388
17,1499,1516,0.1388
17,1499,1516,0.1388
17,1504,1521,0.1388
19,1492,1511,0.1388
20,1500,1520,0.1388
20,1493,1513,0.1388
20,1505,1525,0.1388
22,1494,1516,0.1388
23,1505,1528,0.1388
22,1499,1521,0.1388
20,1502,1522,0.1388
20,1495,1515,0.1388
20,1502,1522,0.1388
20,1493,1513,0.1388
19,1499,1518,0.1388
19,1509,1528,0.1388
19,1494,1513,0.1388
20,1507,1527,0.1388
20,1503,1523,0.1388
20,1503,1523,0.1388
21,1503,1524,0.1388
21,1508,1529,0.1388
20,1511,1531,0.1388
21,1505,1526,0.1388
20,1498,1518,0.1388
21,1504,1525,0.1388
21,1492,1513,0.1388
21,1485,1506,0.1388
21,1492,1513,0.1388
20,1486,1506,0.1388
23,1499,1522,0.1388
23,1499,1522,0.1388
24,1496,1520,0.1388
24,1495,1519,0.1388
25,1490,1515,0.1388
24,1482,1506,0.1388
22,1475,1497,0.1388
21,1478,1499,0.1388
21,1495,1516,0.1388
21,1481,1502,0.1388
21,1483,1504,0.1388
20,1488,1508,0.1388
20,1504,1524,0.1388
22,1497,1519,0.1388
22,1491,1513,0.1388
23,1498,1521,0.1388
23,1501,1524,0.1388
22,1510,1532,0.1388
23,1510,1533,0.1388
23,1505,1528,0.1388
25,1497,1522,0.1388
25,1499,1524,0.1388
26,1492,1518,0.1388
27,1495,1522,0.1388
28,1484,1512,0.1388
27,1488,1515,0.1388
30,1498,1528,0.1388
28,1502,1530,0.1388
29,1497,1526,0.1388
29,1495,1524,0.1388
30,1483,1513,0.1388
29,1487,1516,0.1388
30,1481,1511,0.1388
28,1476,1504,0.1388
29,1492,1521,0.1388
28,1487,1515,0.1388
28,1480,1508,0.1388
29,1477,1506,0.1388
31,1483,1514,0.1388
31,1480,1511,0.1388
31,1477,1508,0.1388
30,1473,1503,0.1388
28,1467,1495,0.1388
27,1479,1506,0.1388
28,1489,1517,0.1388
28,1479,1507,0.1388
28,1482,1510,0.1388
28,1489,1517,0.1388
28,1492,1520,0.1388
28,1480,1508,0.1388
28,1482,1510,0.1388
27,1464,1491,0.1388
27,1480,1507,0.1388
27,1477,1504,0.1388
27,1487,1514,0.1388
28,1488,1516,0.1388
27,1489,1516,0.1388
27,1500,1527,0.1388
27,1496,1523,0.1388
26,1507,1533,0.1388
28,1496,1524,0.1388
28,1496,1524,0.1388
28,1486,1514,0.1388
28,1476,1504,0.1388
28,1484,1512,0.1388
30,1488,1518,0.1388
30,1492,1522,0.1388
30,1494,1524,0.1388
29,1506,1535,0.1388
30,1495,1525,0.1388
29,1502,1531,0.1388
30,1495,1525,0.1388
31,1478,1509,0.1388
30,1482,1512,0.1388
31,1490,1521,0.1388
31,1492,1523,0.1388
31,1485,1516,0.1388
32,1486,1518,0.1388
34,1479,1513,0.1388
35,1471,1506,0.1388
33,1479,1512,0.1388
32,1480,1512,0.1388
29,1483,1512,0.1388
29,1483,1512,0.1388
30,1500,1530,0.1388
28,1504,1532,0.1388
28,1509,1537,0.1388
29,1502,1531,0.1388
29,1493,1522,0.1388
29,1495,1524,0.1388
29,1491,1520,0.1388
28,1490,1518,0.1388
28,1497,1525,0.1388
27,1493,1520,0.1388
26,1496,1522,0.1388
26,1491,1517,0.1388
26,1475,1501,0.1388
25,1480,1505,0.1388
26,1489,1515,0.1388
25,1493,1518,0.1388
25,1488,1513,0.1388
23,1487,1510,0.1388
26,1492,1518,0.1388
26,1499,1525,0.1388
26,1485,1511,0.1388
27,1492,1519,0.1388
28,1471,1499,0.1388
27,1481,1508,0.1388
27,1496,1523,0.1388
26,1496,1522,0.1388
28,1489,1517,0.1388
30,1497,1527,0.1388
30,1501,1531,0.1388
30,1477,1507,0.1388
30,1482,1512,0.1388
29,1488,1517,0.1388
31,1491,1522,0.1388
32,1477,1509,0.1388
34,1478,1512,0.1388
33,1472,1505,0.1388
33,1486,1519,0.1388
32,1476,1508,0.1388
32,1486,1518,0.1388
33,1486,1519,0.1388
31,1476,1507,0.1388
30,1492,1522,0.1388
30,1484,1514,0.1388
29,1485,1514,0.1388
31,1486,1517,0.1388
32,1487,1519,0.1388
33,1489,1522,0.1388
33,1490,1523,0.1388
34,1487,1521,0.1388
33,1490,1523,0.1388
32,1483,1515,0.1388
31,1468,1499,0.1388
30,1487,1517,0.1388
31,1490,1521,0.1388
31,1485,1516,0.1388
33,1490,1523,0.1388
32,1475,1507,0.1388
31,1478,1509,0.1388
31,1498,1529,0.1388
32,1482,1514,0.1388
32,1472,1504,0.1388
33,1484,1517,0.1388
32,1489,1521,0.1388
31,1489,1520,0.1388
30,1484,1514,0.1388
28,1488,1516,0.1388
30,1483,1513,0.1388
30,1476,1506,0.1388
31,1484,1515,0.1388
31,1494,1525,0.1388
32,1496,1528,0.1388
32,1496,1528,0.1388
31,1495,1526,0.1388
32,1490,1522,0.1388
30,1499,1529,0.1388
28,1508,1536,0.1388
27,1491,1518,0.1388
26,1495,1521,0.1388
24,1507,1531,0.1388
24,1508,1532,0.1388
24,1503,1527,0.1388
25,1499,1524,0.1388
25,1503,1528,0.1388
25,1491,1516,0.1388
26,1487,1513,0.1388
26,1492,1518,0.1388
26,1481,1507,0.1388
25,1472,1497,0.1388
24,1480,1504,0.1388
25,1485,1510,0.1388
26,1484,1510,0.1388
27,1491,1518,0.1388
29,1485,1514,0.1388
30,1483,1513,0.1388
31,1478,1509,0.1388
30,1486,1516,0.1388
30,1480,1510,0.1388
30,1488,1518,0.1388
28,1487,1515,0.1388
28,1475,1503,0.1388
29,1482,1511,0.1388
30,1491,1521,0.1388
31,1487,1518,0.1388
28,1487,1515,0.1388
29,1488,1517,0.1388
30,1491,1521,0.1388
30,1492,1522,0.1388
30,1480,1510,0.1388
30,1492,1522,0.1388
32,1492,1524,0.1388
31,1489,1520,0.1388
33,1476,1509,0.1388
33,1478,1511,0.1388
34,1486,1520,0.1388
35,1477,1512,0.1388
36,1476,1512,0.1388
36,1485,1521,0.1388
34,1488,1522,0.1388
36,1493,1529,0.1388
35,1490,1525,0.1388
35,1493,1528,0.1388
34,1487,1521,0.1388
33,1486,1519,0.1388
32,1489,1521,0.1388
31,1495,1526,0.1388
30,1495,1525,0.1388
32,1491,1523,0.1388
33,1488,1521,0.1388
33,1496,1529,0.1388
33,1489,1522,0.1388
33,1488,1521,0.1388
34,1480,1514,0.1388
33,1496,1529,0.1388
33,1487,1520,0.1388
35,1493,1528,0.1388
34,1492,1526,0.1388
31,1488,1519,0.1388
30,1488,1518,0.1388
29,1474,1503,0.1388
30,1484,1514,0.1388
31,1499,1530,0.1388
32,1485,1517,0.1388
32,1492,1524,0.1388
32,1486,1518,0.1388
32,1489,1521,0.1388
31,1497,1528,0.1388
31,1489,1520,0.1388
31,1488,1519,0.1388
29,1478,1507,0.1388
30,1478,1508,0.1388
32,1484,1516,0.1388
33,1479,1512,0.1388
34,1475,1509,0.1388
34,1484,1518,0.1388
34,1469,1503,0.1388
34,1477,1511,0.1388
34,1467,1501,0.1388
34,1466,1500,0.1388
36,1465,1501,0.1388
37,1466,1503,0.1388
38,1470,1508,0.1388
38,1472,1510,0.1388
37,1474,1511,0.1388
36,1472,1508,0.1388
36,1484,1520,0.1388
37,1480,1517,0.1388
36,1474,1510,0.1388
37,1481,1518,0.1388
37,1475,1512,0.1388
38,1476,1514,0.1388
37,1481,1518,0.1388
35,1485,1520,0.1388
34,1490,1524,0.1388
36,1487,1523,0.1388
36,1488,1524,0.1388
34,1478,1512,0.1388
35,1474,1509,0.1388
35,1483,1518,0.1388
34,1490,1524,0.1388
34,1484,1518,0.1388
35,1487,1522,0.1388
36,1485,1521,0.1388
35,1485,1520,0.1388
34,1472,1506,0.1388
33,1486,1519,0.1388
34,1476,1510,0.1388
34,1478,1512,0.1388
35,1488,1523,0.1388
34,1485,1519,0.1388
32,1492,1524,0.1388
32,1490,1522,0.1388
33,1496,1529,0.1388
32,1507,1539,0.1388
32,1495,1527,0.1388
32,1482,1514,0.1388
33,1482,1515,0.1388
33,1487,1520,0.1388
32,1500,1532,0.1388
32,1496,1528,0.1388
33,1494,1527,0.1388
34,1491,1525,0.1388
33,1477,1510,0.1388
34,1472,1506,0.1388
38,1478,1516,0.1388
38,1470,1508,0.1388
37,1482,1519,0.1388
36,1464,1500,0.1388
37,1468,1505,0.1388
38,1487,1525,0.1388
39,1477,1516,0.1388
38,1477,1515,0.1388
37,1470,1507,0.1388
37,1468,1505,0.1388
36,1473,1509,0.1388
35,1485,1520,0.1388
35,1485,1520,0.1388
34,1479,1513,0.1388
35,1474,1509,0.1388
34,1479,1513,0.1388
33,1490,1523,0.1388
32,1488,1520,0.1388
34,1473,1507,0.1388
34,1474,1508,0.1388
34,1478,1512,0.1388
33,1480,1513,0.1388
31,1477,1508,0.1388
33,1484,1517,0.1388
34,1485,1519,0.1388
35,1478,1513,0.1388
35,1475,1510,0.1388
35,1480,1515,0.1388
38,1484,1522,0.1388
38,1476,1514,0.1388
40,1467,1507,0.1388
40,1468,1508,0.1388
39,1466,1505,0.1388
41,1470,1511,0.1388
41,1466,1507,0.1388
41,1466,1507,0.1388
42,1466,1508,0.1388
44,1466,1510,0.1388
43,1463,1506,0.1388
43,1475,1518,0.1388
44,1486,1530,0.1388
44,1481,1525,0.1388
43,1466,1509,0.1388
44,1475,1519,0.1388
44,1474,1518,0.1388
44,1467,1511,0.1388
44,1472,1516,0.1388
46,1478,1524,0.1388
46,1469,1515,0.1388
47,1464,1511,0.1388
45,1468,1513,0.1388
44,1480,1524,0.1388
44,1466,1510,0.1388
42,1465,1507,0.1388
45,1451,1496,0.1388
43,1454,1497,0.1388
43,1472,1515,0.1388
45,1470,1515,0.1388
45,1458,1503,0.1388
44,1470,1514,0.1388
44,1464,1508,0.1388
46,1465,1511,0.1388
44,1465,1509,0.1388
45,1470,1515,0.1388
43,1479,1522,0.1388
43,1470,1513,0.1388
43,1471,1514,0.1388
42,1486,1528,0.1388
43,1487,1530,0.1388
43,1489,1532,0.1388
43,1487,1530,0.1388
41,1478,1519,0.1388
41,1479,1520,0.1388
40,1480,1520,0.1388
40,1485,1525,0.1388
40,1478,1518,0.1388
42,1488,1530,0.1388
41,1479,1520,0.1388
41,1484,1525,0.1388
39,1461,1500,0.1388
40,1462,1502,0.1388
39,1462,1501,0.1388
38,1487,1525,0.1388
38,1482,1520,0.1388
37,1466,1503,0.1388
37,1476,1513,0.1388
36,1479,1515,0.1388
36,1489,1525,0.1388
33,1497,1530,0.1388
34,1493,1527,0.1388
34,1475,1509,0.1388
34,1488,1522,0.1388
32,1499,1531,0.1388
30,1492,1522,0.1388
28,1489,1517,0.1388
28,1493,1521,0.1388
29,1493,1522,0.1388
29,1485,1514,0.1388
29,1470,1499,0.1388
27,1469,1496,0.1388
26,1480,1506,0.1388
22,1494,1516,0.1388
21,1489,1510,0.1388
21,1504,1525,0.1388
20,1503,1523,0.1388
20,1501,1521,0.1388
21,1501,1522,0.1388
21,1497,1518,0.1388
19,1498,1517,0.1388
19,1496,1515,0.1388
17,1512,1529,0.1388
17,1514,1531,0.1388
17,1513,1530,0.1388
17,1515,1532,0.1388
18,1528,1546,0.1388
17,1510,1527,0.1388
17,1507,1524,0.1388
17,1506,1523,0.1388
17,1500,1517,0.1388
16,1510,1526,0.1388
17,1506,1523,0.1388
17,1500,1517,0.1388
15,1497,1512,0.1388
14,1483,1497,0.1388
14,1495,1509,0.1388
14,1503,1517,0.1388
14,1503,1517,0.1388
14,1507,1521,0.1388
14,1494,1508,0.1388
15,1498,1513,0.1388
16,1499,1515,0.1388
15,1486,1501,0.1388
15,1505,1520,0.1388
15,1494,1509,0.1388
15,1499,1514,0.1388
15,1505,1520,0.1388
15,1502,1517,0.1388
15,1507,1522,0.1388
15,1514,1529,0.1388
16,1515,1531,0.1388
17,1508,1525,0.1388
17,1509,1526,0.1388
16,1502,1518,0.1388
17,1509,1526,0.1388
17,1492,1509,0.1388
18,1501,1519,0.1388
18,1509,1527,0.1388
19,1503,1522,0.1388
20,1511,1531,0.1388
21,1506,1527,0.1388
21,1496,1517,0.1388
22,1499,1521,0.1388
22,1490,1512,0.1388
20,1495,1515,0.1388
20,1498,1518,0.1388
20,1492,1512,0.1388
21,1508,1529,0.1388
19,1490,1509,0.1388
20,1493,1513,0.1388
19,1488,1507,0.1388
19,1498,1517,0.1388
20,1496,1516,0.1388
20,1480,1500,0.1388
20,1491,1511,0.1388
20,1490,1510,0.1388
21,1489,1510,0.1388
21,1482,1503,0.1388
19,1493,1512,0.1388
22,1475,1497,0.1388
22,1486,1508,0.1388
21,1499,1520,0.1388
21,1492,1513,0.1388
21,1494,1515,0.1388
21,1498,1519,0.1388
22,1499,1521,0.1388
22,1502,1524,0.1388
22,1493,1515,0.1388
22,1492,1514,0.1388
23,1494,1517,0.1388
24,1505,1529,0.1388
26,1505,1531,0.1388
25,1499,1524,0.1388
24,1491,1515,0.1388
25,1487,1512,0.1388
23,1492,1515,0.1388
24,1501,1525,0.1388
24,1493,1517,0.1388
24,1508,1532,0.1388
24,1501,1525,0.1388
24,1490,1514,0.1388
23,1482,1505,0.1388
23,1488,1511,0.1388
23,1481,1504,0.1388
22,1491,1513,0.1388
22,1487,1509,0.1388
21,1493,1514,0.1388
22,1490,1512,0.1388
21,1512,1533,0.1388
21,1497,1518,0.1388
21,1505,1526,0.1388
22,1496,1518,0.1388
22,1498,1520,0.1388
23,1496,1519,0.1388
22,1499,1521,0.1388
23,1503,1526,0.1388
22,1485,1507,0.1388
22,1502,1524,0.1388
22,1502,1524,0.1388
22,1502,1524,0.1388
22,1520,1542,0.1388
22,1502,1524,0.1388
22,1511,1533,0.1388
23,1509,1532,0.1388
21,1504,1525,0.1388
21,1496,1517,0.1388
19,1502,1521,0.1388
18,1498,1516,0.1388
18,1501,1519,0.1388
19,1498,1517,0.1388
21,1500,1521,0.1388
22,1500,1522,0.1388
22,1497,1519,0.1388
20,1496,1516,0.1388
20,1493,1513,0.1388
21,1499,1520,0.1388
19,1492,1511,0.1388
20,1496,1516,0.1388
21,1492,1513,0.1388
22,1501,1523,0.1388
21,1501,1522,0.1388
22,1499,1521,0.1388
22,1495,1517,0.1388
22,1495,1517,0.1388
24,1499,1523,0.1388
27,1492,1519,0.1388
26,1491,1517,0.1388
26,1496,1522,0.1388
27,1499,1526,0.1388
27,1493,1520,0.1388
26,1483,1509,0.1388
25,1491,1516,0.1388
24,1487,1511,0.1388
23,1481,1504,0.1388
24,1482,1506,0.1388
25,1494,1519,0.1388
24,1481,1505,0.1388
23,1491,1514,0.1388
24,1501,1525,0.1388
21,1488,1509,0.1388
23,1495,1518,0.1388
23,1490,1513,0.1388
23,1493,1516,0.1388
24,1502,1526,0.1388
24,1498,1522,0.1388
24,1496,1520,0.1388
25,1494,1519,0.1388
24,1490,1514,0.1388
23,1491,1514,0.1388
23,1497,1520,0.1388
21,1486,1507,0.1388
23,1485,1508,0.1388
23,1489,1512,0.1388
23,1499,1522,0.1388
24,1495,1519,0.1388
22,1502,1524,0.1388
21,1504,1525,0.1388
21,1500,1521,0.1388
21,1492,1513,0.1388
23,1485,1508,0.1388
22,1491,1513,0.1388
22,1494,1516,0.1388
22,1503,1525,0.1388
21,1509,1530,0.1388
21,1520,1541,0.1388
22,1510,1532,0.1388
22,1513,1535,0.1388
24,1506,1530,0.1388
26,1496,1522,0.1388
28,1492,1520,0.1388
29,1484,1513,0.1388
29,1491,1520,0.1388
28,1496,1524,0.1388
28,1487,1515,0.1388
29,1490,1519,0.1388
29,1480,1509,0.1388
29,1493,1522,0.1388
29,1497,1526,0.1388
28,1491,1519,0.1388
28,1483,1511,0.1388
27,1491,1518,0.1388
29,1495,1524,0.1388
30,1505,1535,0.1388
31,1504,1535,0.1388
30,1502,1532,0.1388
31,1495,1526,0.1388
31,1486,1517,0.1388
30,1491,1521,0.1388
30,1493,1523,0.1388
29,1491,1520,0.1388
30,1501,1531,0.1388
30,1492,1522,0.1388
30,1491,1521,0.1388
31,1494,1525,0.1388
32,1494,1526,0.1388
32,1485,1517,0.1388
32,1479,1511,0.1388
31,1474,1505,0.1388
31,1476,1507,0.1388
32,1472,1504,0.1388
32,1467,1499,0.1388
32,1462,1494,0.1388
30,1472,1502,0.1388
32,1492,1524,0.1388
33,1495,1528,0.1388
35,1493,1528,0.1388
35,1497,1532,0.1388
36,1494,1530,0.1388
34,1490,1524,0.1388
34,1489,1523,0.1388
33,1493,1526,0.1388
30,1493,1523,0.1388
30,1496,1526,0.1388
30,1487,1517,0.1388
32,1492,1524,0.1388
32,1486,1518,0.1388
31,1492,1523,0.1388
30,1484,1514,0.1388
30,1479,1509,0.1388
28,1487,1515,0.1388
27,1488,1515,0.1388
28,1490,1518,0.1388
29,1480,1509,0.1388
29,1480,1509,0.1388
30,1486,1516,0.1388
30,1491,1521,0.1388
30,1491,1521,0.1388
29,1489,1518,0.1388
28,1494,1522,0.1388
30,1498,1528,0.1388
30,1475,1505,0.1388
28,1472,1500,0.1388
29,1478,1507,0.1388
25,1484,1509,0.1388
25,1491,1516,0.1388
26,1489,1515,0.1388
27,1490,1517,0.1388
26,1489,1515,0.1388
26,1494,1520,0.1388
28,1499,1527,0.1388
27,1513,1540,0.1388
27,1506,1533,0.1388
29,1497,1526,0.1388
29,1494,1523,0.1388
28,1500,1528,0.1388
26,1483,1509,0.1388
23,1479,1502,0.1388
24,1481,1505,0.1388
26,1496,1522,0.1388
26,1495,1521,0.1388
26,1490,1516,0.1388
27,1487,1514,0.1388
26,1495,1521,0.1388
25,1492,1517,0.1388
24,1498,1522,0.1388
24,1486,1510,0.1388
23,1487,1510,0.1388
23,1490,1513,0.1388
23,1493,1516,0.1388
24,1506,1530,0.1388
24,1505,1529,0.1388
22,1501,1523,0.1388
21,1507,1528,0.1388
21,1508,1529,0.1388
20,1504,1524,0.1388
20,1514,1534,0.1388
18,1509,1527,0.1388
19,1508,1527,0.1388
18,1519,1537,0.1388
18,1516,1534,0.1388
17,1501,1518,0.1388
17,1520,1537,0.1388
16,1501,1517,0.1388
16,1502,1518,0.1388
16,1497,1513,0.1388
15,1493,1508,0.1388
13,1500,1513,0.1388
13,1503,1516,0.1388
14,1506,1520,0.1388
14,1498,1512,0.1388
17,1501,1518,0.1388
17,1500,1517,0.1388
17,1499,1516,0.1388
17,1506,1523,0.1388
16,1490,1506,0.1388
16,1505,1521,0.1388
16,1496,1512,0.1388
17,1491,1508,0.1388
18,1493,1511,0.1388
18,1492,1510,0.1388
18,1486,1504,0.1388
18,1492,1510,0.1388
17,1493,1510,0.1388
17,1482,1499,0.1388
20,1478,1498,0.1388
20,1482,1502,0.1388
20,1494,1514,0.1388
20,1480,1500,0.1388
21,1493,1514,0.1388
21,1484,1505,0.1388
21,1483,1504,0.1388
21,1482,1503,0.1388
22,1480,1502,0.1388
21,1477,1498,0.1388
20,1496,1516,0.1388
19,1503,1522,0.1388
17,1494,1511,0.1388
17,1503,1520,0.1388
17,1491,1508,0.1388
17,1482,1499,0.1388
19,1487,1506,0.1388
19,1487,1506,0.1388
16,1488,1504,0.1388
17,1491,1508,0.1388
16,1492,1508,0.1388
16,1488,1504,0.1388
17,1494,1511,0.1388
17,1492,1509,0.1388
18,1485,1503,0.1388
17,1493,1510,0.1388
17,1494,1511,0.1388
18,1497,1515,0.1388
18,1490,1508,0.1388
17,1494,1511,0.1388
17,1495,1512,0.1388
17,1499,1516,0.1388
16,1477,1493,0.1388
16,1476,1492,0.1388
17,1484,1501,0.1388
19,1494,1513,0.1388
18,1488,1506,0.1388
17,1489,1506,0.1388
17,1513,1530,0.1388
16,1510,1526,0.1388
15,1502,1517,0.1388
15,1486,1501,0.1388
13,1495,1508,0.1388
14,1500,1514,0.1388
15,1500,1515,0.1388
15,1495,1510,0.1388
15,1491,1506,0.1388
15,1499,1514,0.1388
15,1502,1517,0.1388
15,1496,1511,0.1388
16,1490,1506,0.1388
16,1492,1508,0.1388
15,1501,1516,0.1388
15,1499,1514,0.1388
15,1504,1519,0.1388
14,1499,1513,0.1388
13,1501,1514,0.1388
13,1501,1514,0.1388
14,1508,1522,0.1388
14,1508,1522,0.1388
14,1510,1524,0.1388
14,1501,1515,0.1388
15,1499,1514,0.1388
14,1504,1518,0.1388
14,1503,1517,0.1388
14,1502,1516,0.1388
13,1514,1527,0.1388
13,1512,1525,0.1388
13,1502,1515,0.1388
14,1498,1512,0.1388
14,1507,1521,0.1388
14,1502,1516,0.1388
14,1510,1524,0.1388
14,1497,1511,0.1388
14,1490,1504,0.1388
13,1504,1517,0.1388
13,1502,1515,0.1388
13,1489,1502,0.1388
14,1493,1507,0.1388
13,1495,1508,0.1388
12,1487,1499,0.1388
12,1495,1507,0.1388
12,1480,1492,0.1388
12,1473,1485,0.1388
12,1494,1506,0.1388
13,1503,1516,0.1388
13,1505,1518,0.1388
13,1512,1525,0.1388
13,1509,1522,0.1388
12,1504,1516,0.1388
11,1508,1519,0.1388
10,1514,1524,0.1388
9,1511,1520,0.1388
9,1505,1514,0.1388
9,1512,1521,0.1388
9,1525,1534,0.1388
9,1524,1533,0.1388
9,1509,1518,0.1388
9,1518,1527,0.1388
9,1519,1528,0.1388
9,1508,1517,0.1388
9,1498,1507,0.1388
7,1498,1505,0.1388
7,1494,1501,0.1388
9,1492,1501,0.1388
9,1510,1519,0.1388
8,1505,1513,0.1388
9,1517,1526,0.1388
9,1505,1514,0.1388
9,1500,1509,0.1388
9,1507,1516,0.1388
9,1499,1508,0.1388
9,1498,1507,0.1388
9,1511,1520,0.1388
9,1528,1537,0.1388
8,1515,1523,0.1388
8,1524,1532,0.1388
7,1513,1520,0.1388
8,1510,1518,0.1388
7,1514,1521,0.1388
7,1510,1517,0.1388
8,1512,1520,0.1388
9,1507,1516,0.1388
9,1513,1522,0.1388
9,1514,1523,0.1388
8,1504,1512,0.1388
8,1508,1516,0.1388
7,1502,1509,0.1388
7,1501,1508,0.1388
7,1504,1511,0.1388
7,1500,1507,0.1388
6,1501,1507,0.1388
7,1500,1507,0.1388
7,1513,1520,0.1388
7,1504,1511,0.1388
7,1507,1514,0.1388
7,1505,1512,0.1388
7,1514,1521,0.1388
7,1506,1513,0.1388
7,1507,1514,0.1388
7,1494,1501,0.1388
6,1497,1503,0.1388
6,1499,1505,0.1388
6,1502,1508,0.1388
5,1505,1510,0.1388
5,1516,1521,0.1388
5,1520,1525,0.1388
5,1524,1529,0.1388
4,1514,1518,0.1388
4,1515,1519,0.1388
4,1521,1525,0.1388
4,1526,1530,0.1388
4,1532,1536,0.1388
4,1531,1535,0.1388
4,1513,1517,0.1388
3,1523,1526,0.1388
2,1518,1520,0.1388
3,1513,1516,0.1388
2,1502,1504,0.1388
2,1517,1519,0.1388
2,1510,1512,0.1388
2,1519,1521,0.1388
2,1505,1507,0.1388
2,1503,1505,0.1388
2,1511,1513,0.1388
2,1510,1512,0.1388
2,1510,1512,0.1388
1,1508,1509,0.1388
1,1524,1525,0.1388
1,1523,1524,0.1388
1,1520,1521,0.1388
1,1510,1511,0.1388
1,1508,1509,0.1388
1,1521,1522,0.1388
1,1520,1521,0.1388
1,1500,1501,0.1388
1,1501,1502,0.1388
1,1516,1517,0.1388
1,1511,1512,0.1388
1,1504,1505,0.1388
1,1515,1516,0.1388
1,1515,1516,0.1388
1,1518,1519,0.1388
1,1525,1526,0.1388
1,1524,1525,0.1388
1,1520,1521,0.1388
1,1509,1510,0.1388
1,1499,1500,0.1388
1,1502,1503,0.1388
1,1516,1517,0.1388
1,1522,1523,0.1388
1,1525,1526,0.1388
1,1521,1522,0.1388
1,1515,1516,0.1388
1,1509,1510,0.1388
1,1516,1517,0.1388
1,1514,1515,0.1388
1,1516,1517,0.1388
1,1525,1526,0.1388
1,1517,1518,0.1388
1,1511,1512,0.1388
1,1501,1502,0.1388
1,1505,1506,0.1388
1,1505,1506,0.1388
1,1510,1511,0.1388
1,1517,1518,0.1388
1,1522,1523,0.1388
1,1526,1527,0.1388
1,1526,1527,0.1388
1,1531,1532,0.1388
1,1511,1512,0.1388
1,1512,1513,0.1388
1,1507,1508,0.1388
1,1515,1516,0.1388
1,1515,1516,0.1388
1,1513,1514,0.1388
1,1510,1511,0.1388
1,1512,1513,0.1388
1,1516,1517,0.1388
1,1515,1516,0.1388
1,1512,1513,0.1388
1,1507,1508,0.1388
0,1526,1526,0.1388
