1370,29,1399,0.1388
1396,25,1421,0.1388
1415,28,1443,0.1388
1416,27,1443,0.1388
1443,28,1471,0.1388
1443,28,1471,0.1388
1456,29,1485,0.1388
1459,31,1490,0.1388
1456,31,1487,0.1388
1462,33,1495,0.1388
1461,34,1495,0.1388
1457,35,1492,0.1388
1443,34,1477,0.1388
1457,34,1491,0.1388
1451,37,1488,0.1388
1446,37,1483,0.1388
1441,37,1478,0.1388
1429,39,1468,0.1388
1428,38,1466,0.1388
1439,38,1477,0.1388
1460,39,1499,0.1388
1463,39,1502,0.1388
1453,40,1493,0.1388
1455,42,1497,0.1388
1459,42,1501,0.1388
1448,43,1491,0.1388
1459,43,1502,0.1388
1453,44,1497,0.1388
1464,43,1507,0.1388
1461,44,1505,0.1388
1466,44,1510,0.1388
1461,47,1508,0.1388
1464,47,1511,0.1388
1472,46,1518,0.1388
1461,47,1508,0.1388
1462,48,1510,0.1388
1458,46,1504,0.1388
1452,46,1498,0.1388
1458,42,1500,0.1388
1455,44,1499,0.1388
1442,42,1484,0.1388
1454,41,1495,0.1388
1464,40,1504,0.1388
1450,43,1493,0.1388
1464,44,1508,0.1388
1462,45,1507,0.1388
1440,44,1484,0.1388
1451,45,1496,0.1388
1455,43,1498,0.1388
1450,43,1493,0.1388
1451,42,1493,0.1388
1457,40,1497,0.1388
1461,38,1499,0.1388
1448,41,1489,0.1388
1452,40,1492,0.1388
1456,38,1494,0.1388
1449,40,1489,0.1388
1437,42,1479,0.1388
1450,42,1492,0.1388
1452,41,1493,0.1388
1459,36,1495,0.1388
1475,37,1512,0.1388
1474,37,1511,0.1388
1471,36,1507,0.1388
1468,35,1503,0.1388
1459,33,1492,0.1388
1457,35,1492,0.1388
1457,35,1492,0.1388
1460,37,1497,0.1388
1451,37,1488,0.1388
1449,35,1484,0.1388
1451,35,1486,0.1388
1445,36,1481,0.1388
1444,38,1482,0.1388
1440,37,1477,0.1388
1431,38,1469,0.1388
1441,38,1479,0.1388
1456,37,1493,0.1388
1450,37,1487,0.1388
1450,38,1488,0.1388
1456,39,1495,0.1388
1452,39,1491,0.1388
1458,41,1499,0.1388
1443,40,1483,0.1388
1449,42,1491,0.1388
1443,43,1486,0.1388
1434,44,1478,0.1388
1440,45,1485,0.1388
1445,45,1490,0.1388
1436,48,1484,0.1388
1422,48,1470,0.1388
1429,48,1477,0.1388
1418,49,1467,0.1388
1430,48,1478,0.1388
1426,49,1475,0.1388
1439,51,1490,0.1388
1434,50,1484,0.1388
1422,51,1473,0.1388
1432,50,1482,0.1388
1429,48,1477,0.1388
1427,49,1476,0.1388
1425,48,1473,0.1388
1443,46,1489,0.1388
1447,46,1493,0.1388
1438,45,1483,0.1388
1441,45,1486,0.1388
1447,46,1493,0.1388
1438,50,1488,0.1388
1436,51,1487,0.1388
1452,51,1503,0.1388
1441,50,1491,0.1388
1447,50,1497,0.1388
1429,49,1478,0.1388
1436,52,1488,0.1388
1432,52,1484,0.1388
1438,52,1490,0.1388
1446,53,1499,0.1388
1429,53,1482,0.1388
1421,54,1475,0.1388
1416,53,1469,0.1388
1418,53,1471,0.1388
1438,54,1492,0.1388
1433,56,1489,0.1388
1435,56,1491,0.1388
1433,55,1488,0.1388
1440,57,1497,0.1388
1430,56,1486,0.1388
1439,56,1495,0.1388
1426,58,1484,0.1388
1433,55,1488,0.1388
1441,53,1494,0.1388
1432,53,1485,0.1388
1426,52,1478,0.1388
1434,54,1488,0.1388
1443,50,1493,0.1388
1451,50,1501,0.1388
1435,50,1485,0.1388
1425,49,1474,0.1388
1436,51,1487,0.1388
1440,50,1490,0.1388
1431,49,1480,0.1388
1432,51,1483,0.1388
1431,51,1482,0.1388
1427,50,1477,0.1388
1436,52,1488,0.1388
1446,50,1496,0.1388
1440,51,1491,0.1388
1452,54,1506,0.1388
1455,55,1510,0.1388
1453,56,1509,0.1388
1450,58,1508,0.1388
1441,57,1498,0.1388
1423,57,1480,0.1388
1432,62,1494,0.1388
1416,62,1478,0.1388
1426,62,1488,0.1388
1423,65,1488,0.1388
1432,64,1496,0.1388
1427,64,1491,0.1388
1427,61,1488,0.1388
1419,63,1482,0.1388
1427,64,1491,0.1388
1416,63,1479,0.1388
1422,62,1484,0.1388
1425,60,1485,0.1388
1434,61,1495,0.1388
1439,59,1498,0.1388
1443,61,1504,0.1388
1426,59,1485,0.1388
1429,59,1488,0.1388
1427,59,1486,0.1388
1432,61,1493,0.1388
1438,60,1498,0.1388
1443,59,1502,0.1388
1450,59,1509,0.1388
1441,62,1503,0.1388
1422,63,1485,0.1388
1435,65,1500,0.1388
1431,65,1496,0.1388
1444,65,1509,0.1388
1428,68,1496,0.1388
1432,65,1497,0.1388
1434,64,1498,0.1388
1419,67,1486,0.1388
1418,66,1484,0.1388
1429,66,1495,0.1388
1432,64,1496,0.1388
1417,66,1483,0.1388
1418,68,1486,0.1388
1410,71,1481,0.1388
1409,70,1479,0.1388
1404,70,1474,0.1388
1412,68,1480,0.1388
1411,72,1483,0.1388
1417,69,1486,0.1388
1412,70,1482,0.1388
1409,69,1478,0.1388
1424,70,1494,0.1388
1422,71,1493,0.1388
1416,74,1490,0.1388
1417,74,1491,0.1388
1422,75,1497,0.1388
1417,76,1493,0.1388
1409,74,1483,0.1388
1417,74,1491,0.1388
1410,74,1484,0.1388
1417,73,1490,0.1388
1414,74,1488,0.1388
1418,73,1491,0.1388
1423,78,1501,0.1388
1400,82,1482,0.1388
1395,82,1477,0.1388
1410,88,1498,0.1388
1404,86,1490,0.1388
1406,88,1494,0.1388
1398,88,1486,0.1388
1387,90,1477,0.1388
1392,91,1483,0.1388
1394,93,1487,0.1388
1397,94,1491,0.1388
1387,96,1483,0.1388
1377,95,1472,0.1388
1385,98,1483,0.1388
1390,97,1487,0.1388
1401,96,1497,0.1388
1399,97,1496,0.1388
1392,94,1486,0.1388
1405,91,1496,0.1388
1416,91,1507,0.1388
1416,92,1508,0.1388
1397,89,1486,0.1388
1406,96,1502,0.1388
1408,96,1504,0.1388
1411,98,1509,0.1388
1401,97,1498,0.1388
1406,96,1502,0.1388
1394,101,1495,0.1388
1404,105,1509,0.1388
1394,103,1497,0.1388
1389,102,1491,0.1388
1385,100,1485,0.1388
1392,102,1494,0.1388
1396,102,1498,0.1388
1397,102,1499,0.1388
1401,107,1508,0.1388
1394,106,1500,0.1388
1388,104,1492,0.1388
1395,106,1501,0.1388
1389,104,1493,0.1388
1380,102,1482,0.1388
1375,99,1474,0.1388
1374,101,1475,0.1388
1373,102,1475,0.1388
1376,106,1482,0.1388
1378,106,1484,0.1388
1379,107,1486,0.1388
1368,112,1480,0.1388
1382,116,1498,0.1388
1389,117,1506,0.1388
1386,115,1501,0.1388
1396,114,1510,0.1388
1396,113,1509,0.1388
1395,113,1508,0.1388
1383,117,1500,0.1388
1376,119,1495,0.1388
1385,121,1506,0.1388
1368,121,1489,0.1388
1367,121,1488,0.1388
1374,114,1488,0.1388
1383,113,1496,0.1388
1363,117,1480,0.1388
1354,120,1474,0.1388
1361,124,1485,0.1388
1364,120,1484,0.1388
1366,121,1487,0.1388
1370,123,1493,0.1388
1368,126,1494,0.1388
1368,125,1493,0.1388
1383,122,1505,0.1388
1372,124,1496,0.1388
1375,123,1498,0.1388
1375,126,1501,0.1388
1378,126,1504,0.1388
1369,129,1498,0.1388
1374,131,1505,0.1388
1373,129,1502,0.1388
1368,132,1500,0.1388
1365,133,1498,0.1388
1366,132,1498,0.1388
1366,133,1499,0.1388
1358,133,1491,0.1388
1363,135,1498,0.1388
1361,135,1496,0.1388
1373,135,1508,0.1388
1370,135,1505,0.1388
1370,130,1500,0.1388
1373,135,1508,0.1388
1368,132,1500,0.1388
1352,133,1485,0.1388
1349,136,1485,0.1388
1365,142,1507,0.1388
1355,143,1498,0.1388
1335,142,1477,0.1388
1337,144,1481,0.1388
1329,146,1475,0.1388
1328,141,1469,0.1388
1336,139,1475,0.1388
1337,141,1478,0.1388
1329,149,1478,0.1388
1345,150,1495,0.1388
1348,150,1498,0.1388
1350,151,1501,0.1388
1341,149,1490,0.1388
1348,153,1501,0.1388
1344,155,1499,0.1388
1338,151,1489,0.1388
1345,155,1500,0.1388
1333,156,1489,0.1388
1347,156,1503,0.1388
1346,156,1502,0.1388
1339,157,1496,0.1388
1326,156,1482,0.1388
1331,154,1485,0.1388
1338,154,1492,0.1388
1350,158,1508,0.1388
1350,157,1507,0.1388
1351,158,1509,0.1388
1359,157,1516,0.1388
1336,156,1492,0.1388
1333,158,1491,0.1388
1332,159,1491,0.1388
1337,162,1499,0.1388
1340,164,1504,0.1388
1344,166,1510,0.1388
1345,162,1507,0.1388
1340,160,1500,0.1388
1348,158,1506,0.1388
1344,159,1503,0.1388
1325,159,1484,0.1388
1334,158,1492,0.1388
1338,157,1495,0.1388
1338,156,1494,0.1388
1341,153,1494,0.1388
1344,155,1499,0.1388
1333,158,1491,0.1388
1334,159,1493,0.1388
1332,156,1488,0.1388
1324,159,1483,0.1388
1320,162,1482,0.1388
1321,163,1484,0.1388
1319,161,1480,0.1388
1313,163,1476,0.1388
1311,165,1476,0.1388
1323,167,1490,0.1388
1323,163,1486,0.1388
1320,163,1483,0.1388
1320,164,1484,0.1388
1327,165,1492,0.1388
1317,169,1486,0.1388
1327,167,1494,0.1388
1318,173,1491,0.1388
1326,174,1500,0.1388
1316,174,1490,0.1388
1312,172,1484,0.1388
1314,173,1487,0.1388
1311,177,1488,0.1388
1321,176,1497,0.1388
1328,170,1498,0.1388
1330,171,1501,0.1388
1338,172,1510,0.1388
1327,172,1499,0.1388
1328,176,1504,0.1388
1323,177,1500,0.1388
1315,174,1489,0.1388
1316,178,1494,0.1388
1319,176,1495,0.1388
1319,176,1495,0.1388
1324,179,1503,0.1388
1319,181,1500,0.1388
1315,183,1498,0.1388
1312,189,1501,0.1388
1325,190,1515,0.1388
1315,192,1507,0.1388
1312,194,1506,0.1388
1316,190,1506,0.1388
1318,193,1511,0.1388
1302,191,1493,0.1388
1304,191,1495,0.1388
1309,193,1502,0.1388
1310,195,1505,0.1388
1312,200,1512,0.1388
1296,194,1490,0.1388
1306,195,1501,0.1388
1294,199,1493,0.1388
1295,200,1495,0.1388
1293,197,1490,0.1388
1299,192,1491,0.1388
1297,194,1491,0.1388
1298,201,1499,0.1388
1299,199,1498,0.1388
1300,194,1494,0.1388
1299,204,1503,0.1388
1304,210,1514,0.1388
1298,207,1505,0.1388
1289,209,1498,0.1388
1288,208,1496,0.1388
1287,206,1493,0.1388
1295,206,1501,0.1388
1285,205,1490,0.1388
1276,206,1482,0.1388
1278,211,1489,0.1388
1275,207,1482,0.1388
1269,208,1477,0.1388
1269,211,1480,0.1388
1279,213,1492,0.1388
1277,216,1493,0.1388
1279,218,1497,0.1388
1286,219,1505,0.1388
1291,220,1511,0.1388
1286,223,1509,0.1388
1283,218,1501,0.1388
1275,220,1495,0.1388
1280,221,1501,0.1388
1279,227,1506,0.1388
1275,223,1498,0.1388
1278,223,1501,0.1388
1284,217,1501,0.1388
1284,217,1501,0.1388
1289,216,1505,0.1388
1286,215,1501,0.1388
1279,216,1495,0.1388
1273,213,1486,0.1388
1271,219,1490,0.1388
1278,213,1491,0.1388
1268,214,1482,0.1388
1279,223,1502,0.1388
1277,224,1501,0.1388
1265,227,1492,0.1388
1261,230,1491,0.1388
1270,228,1498,0.1388
1265,227,1492,0.1388
1263,230,1493,0.1388
1265,225,1490,0.1388
1257,231,1488,0.1388
1259,225,1484,0.1388
1254,225,1479,0.1388
1255,230,1485,0.1388
1256,222,1478,0.1388
1247,226,1473,0.1388
1255,226,1481,0.1388
1261,231,1492,0.1388
1263,234,1497,0.1388
1268,232,1500,0.1388
1269,235,1504,0.1388
1267,233,1500,0.1388
1264,234,1498,0.1388
1259,241,1500,0.1388
1267,241,1508,0.1388
1250,243,1493,0.1388
1246,243,1489,0.1388
1256,238,1494,0.1388
1256,236,1492,0.1388
1248,234,1482,0.1388
1263,235,1498,0.1388
1274,235,1509,0.1388
1267,231,1498,0.1388
1253,234,1487,0.1388
1240,241,1481,0.1388
1242,246,1488,0.1388
1235,252,1487,0.1388
1226,250,1476,0.1388
1230,249,1479,0.1388
1229,252,1481,0.1388
1236,258,1494,0.1388
1230,259,1489,0.1388
1234,263,1497,0.1388
1241,266,1507,0.1388
1243,268,1511,0.1388
1238,268,1506,0.1388
1239,270,1509,0.1388
1228,272,1500,0.1388
1219,272,1491,0.1388
1218,269,1487,0.1388
1222,272,1494,0.1388
1230,279,1509,0.1388
1224,284,1508,0.1388
1220,278,1498,0.1388
1218,276,1494,0.1388
1233,275,1508,0.1388
1218,282,1500,0.1388
1214,279,1493,0.1388
1209,286,1495,0.1388
1212,288,1500,0.1388
1223,290,1513,0.1388
1223,287,1510,0.1388
1217,288,1505,0.1388
1205,290,1495,0.1388
1197,295,1492,0.1388
1210,290,1500,0.1388
1211,290,1501,0.1388
1224,290,1514,0.1388
1224,290,1514,0.1388
1217,285,1502,0.1388
1213,285,1498,0.1388
1214,288,1502,0.1388
1212,287,1499,0.1388
1202,292,1494,0.1388
1202,293,1495,0.1388
1197,284,1481,0.1388
1200,286,1486,0.1388
1204,289,1493,0.1388
1210,297,1507,0.1388
1210,301,1511,0.1388
1206,301,1507,0.1388
1204,300,1504,0.1388
1200,294,1494,0.1388
1204,295,1499,0.1388
1208,296,1504,0.1388
1198,296,1494,0.1388
1205,299,1504,0.1388
1208,306,1514,0.1388
1194,304,1498,0.1388
1200,310,1510,0.1388
1210,315,1525,0.1388
1205,308,1513,0.1388
1205,307,1512,0.1388
1206,305,1511,0.1388
1198,306,1504,0.1388
1199,305,1504,0.1388
1197,308,1505,0.1388
1194,309,1503,0.1388
1196,312,1508,0.1388
1182,315,1497,0.1388
1185,310,1495,0.1388
1178,309,1487,0.1388
1173,305,1478,0.1388
1173,302,1475,0.1388
1177,300,1477,0.1388
1188,296,1484,0.1388
1199,301,1500,0.1388
1199,307,1506,0.1388
1205,306,1511,0.1388
1210,307,1517,0.1388
1190,312,1502,0.1388
1178,313,1491,0.1388
1178,311,1489,0.1388
1179,305,1484,0.1388
1177,304,1481,0.1388
1179,311,1490,0.1388
1186,312,1498,0.1388
1193,314,1507,0.1388
1183,317,1500,0.1388
1190,317,1507,0.1388
1193,316,1509,0.1388
1193,316,1509,0.1388
1195,320,1515,0.1388
1186,318,1504,0.1388
1184,318,1502,0.1388
1171,319,1490,0.1388
1170,317,1487,0.1388
1162,320,1482,0.1388
1164,318,1482,0.1388
1158,316,1474,0.1388
1174,319,1493,0.1388
1168,321,1489,0.1388
1173,328,1501,0.1388
1172,320,1492,0.1388
1173,320,1493,0.1388
1168,317,1485,0.1388
1170,318,1488,0.1388
1170,318,1488,0.1388
1180,316,1496,0.1388
1182,316,1498,0.1388
1182,317,1499,0.1388
1178,310,1488,0.1388
1182,311,1493,0.1388
1185,312,1497,0.1388
1186,314,1500,0.1388
1182,318,1500,0.1388
1197,320,1517,0.1388
1195,318,1513,0.1388
1198,316,1514,0.1388
1193,319,1512,0.1388
1199,316,1515,0.1388
1193,314,1507,0.1388
1200,307,1507,0.1388
1196,308,1504,0.1388
1188,315,1503,0.1388
1193,316,1509,0.1388
1190,315,1505,0.1388
1178,318,1496,0.1388
1166,320,1486,0.1388
1175,321,1496,0.1388
1170,323,1493,0.1388
1184,327,1511,0.1388
1184,326,1510,0.1388
1183,325,1508,0.1388
1182,323,1505,0.1388
1189,323,1512,0.1388
1190,321,1511,0.1388
1188,322,1510,0.1388
1180,319,1499,0.1388
1179,320,1499,0.1388
1181,320,1501,0.1388
1164,322,1486,0.1388
1177,323,1500,0.1388
1178,322,1500,0.1388
1178,323,1501,0.1388
1168,322,1490,0.1388
1179,319,1498,0.1388
1178,321,1499,0.1388
1176,319,1495,0.1388
1182,324,1506,0.1388
1188,323,1511,0.1388
1180,326,1506,0.1388
1186,321,1507,0.1388
1174,317,1491,0.1388
1183,319,1502,0.1388
1176,318,1494,0.1388
1176,317,1493,0.1388
1184,315,1499,0.1388
1179,316,1495,0.1388
1190,314,1504,0.1388
1184,316,1500,0.1388
1179,314,1493,0.1388
1174,319,1493,0.1388
1176,316,1492,0.1388
1164,315,1479,0.1388
1156,312,1468,0.1388
1164,312,1476,0.1388
1155,319,1474,0.1388
1163,322,1485,0.1388
1168,326,1494,0.1388
1164,322,1486,0.1388
1165,325,1490,0.1388
1188,325,1513,0.1388
1191,319,1510,0.1388
1179,315,1494,0.1388
1182,316,1498,0.1388
1181,318,1499,0.1388
1194,320,1514,0.1388
1191,314,1505,0.1388
1197,320,1517,0.1388
1195,315,1510,0.1388
1194,316,1510,0.1388
1192,315,1507,0.1388
1180,315,1495,0.1388
1185,316,1501,0.1388
1179,311,1490,0.1388
1170,313,1483,0.1388
1165,314,1479,0.1388
1172,315,1487,0.1388
1176,313,1489,0.1388
1186,315,1501,0.1388
1180,319,1499,0.1388
1185,320,1505,0.1388
1175,323,1498,0.1388
1174,326,1500,0.1388
1172,324,1496,0.1388
1171,322,1493,0.1388
1184,329,1513,0.1388
1187,330,1517,0.1388
1184,326,1510,0.1388
1176,334,1510,0.1388
1171,330,1501,0.1388
1158,327,1485,0.1388
1164,330,1494,0.1388
1157,329,1486,0.1388
1163,334,1497,0.1388
1167,339,1506,0.1388
1169,341,1510,0.1388
1153,342,1495,0.1388
1151,344,1495,0.1388
1164,346,1510,0.1388
1148,347,1495,0.1388
1134,342,1476,0.1388
1148,345,1493,0.1388
1151,343,1494,0.1388
1163,341,1504,0.1388
1168,341,1509,0.1388
1155,341,1496,0.1388
1156,339,1495,0.1388
1145,340,1485,0.1388
1149,348,1497,0.1388
1142,347,1489,0.1388
1141,346,1487,0.1388
1146,340,1486,0.1388
1154,350,1504,0.1388
1135,351,1486,0.1388
1130,353,1483,0.1388
1134,351,1485,0.1388
1139,361,1500,0.1388
1140,362,1502,0.1388
1146,364,1510,0.1388
1148,371,1519,0.1388
1153,367,1520,0.1388
1161,362,1523,0.1388
1155,355,1510,0.1388
1149,359,1508,0.1388
1150,360,1510,0.1388
1155,366,1521,0.1388
1146,370,1516,0.1388
1145,368,1513,0.1388
1131,369,1500,0.1388
1126,369,1495,0.1388
1134,362,1496,0.1388
1135,367,1502,0.1388
1132,367,1499,0.1388
1130,369,1499,0.1388
1134,370,1504,0.1388
1127,375,1502,0.1388
1130,373,1503,0.1388
1125,371,1496,0.1388
1118,372,1490,0.1388
1128,367,1495,0.1388
1127,366,1493,0.1388
1136,367,1503,0.1388
1124,371,1495,0.1388
1121,368,1489,0.1388
1122,373,1495,0.1388
1137,374,1511,0.1388
1144,371,1515,0.1388
1149,373,1522,0.1388
1148,370,1518,0.1388
1139,369,1508,0.1388
1146,365,1511,0.1388
1141,371,1512,0.1388
1121,376,1497,0.1388
1115,376,1491,0.1388
1131,381,1512,0.1388
1140,380,1520,0.1388
1141,379,1520,0.1388
1143,383,1526,0.1388
1144,384,1528,0.1388
1133,381,1514,0.1388
1127,377,1504,0.1388
1135,380,1515,0.1388
1123,378,1501,0.1388
1118,380,1498,0.1388
1120,381,1501,0.1388
1109,378,1487,0.1388
1114,384,1498,0.1388
1118,384,1502,0.1388
1115,385,1500,0.1388
1113,380,1493,0.1388
1104,382,1486,0.1388
1104,391,1495,0.1388
1111,389,1500,0.1388
1129,387,1516,0.1388
1130,389,1519,0.1388
1121,391,1512,0.1388
1120,387,1507,0.1388
1119,386,1505,0.1388
1103,388,1491,0.1388
1114,390,1504,0.1388
1110,399,1509,0.1388
1110,394,1504,0.1388
1113,389,1502,0.1388
1111,389,1500,0.1388
1109,386,1495,0.1388
1118,390,1508,0.1388
1111,394,1505,0.1388
1110,389,1499,0.1388
1112,394,1506,0.1388
1114,394,1508,0.1388
1127,394,1521,0.1388
1113,399,1512,0.1388
1110,395,1505,0.1388
1110,401,1511,0.1388
1116,406,1522,0.1388
1106,405,1511,0.1388
1109,402,1511,0.1388
1100,403,1503,0.1388
1089,406,1495,0.1388
1087,412,1499,0.1388
1084,412,1496,0.1388
1092,409,1501,0.1388
1092,407,1499,0.1388
1092,413,1505,0.1388
1091,415,1506,0.1388
1094,418,1512,0.1388
1094,417,1511,0.1388
1103,419,1522,0.1388
1103,417,1520,0.1388
1101,408,1509,0.1388
1096,406,1502,0.1388
1107,411,1518,0.1388
1096,413,1509,0.1388
1100,412,1512,0.1388
1092,413,1505,0.1388
1097,416,1513,0.1388
1092,421,1513,0.1388
1090,416,1506,0.1388
1089,423,1512,0.1388
1086,434,1520,0.1388
1087,432,1519,0.1388
1084,435,1519,0.1388
1079,428,1507,0.1388
1076,426,1502,0.1388
1070,428,1498,0.1388
1079,425,1504,0.1388
1092,420,1512,0.1388
1081,426,1507,0.1388
1072,421,1493,0.1388
1072,420,1492,0.1388
1068,423,1491,0.1388
1075,427,1502,0.1388
1071,426,1497,0.1388
1079,425,1504,0.1388
1070,432,1502,0.1388
1072,438,1510,0.1388
1070,430,1500,0.1388
1066,431,1497,0.1388
1062,430,1492,0.1388
1065,433,1498,0.1388
1067,429,1496,0.1388
1069,431,1500,0.1388
1066,433,1499,0.1388
1059,433,1492,0.1388
1058,439,1497,0.1388
1057,427,1484,0.1388
1061,427,1488,0.1388
1057,434,1491,0.1388
1055,429,1484,0.1388
1045,440,1485,0.1388
1054,446,1500,0.1388
1046,443,1489,0.1388
1052,441,1493,0.1388
1052,448,1500,0.1388
1055,453,1508,0.1388
1049,455,1504,0.1388
1052,453,1505,0.1388
1057,455,1512,0.1388
1055,455,1510,0.1388
1049,458,1507,0.1388
1050,459,1509,0.1388
1050,465,1515,0.1388
1060,464,1524,0.1388
1065,468,1533,0.1388
1039,461,1500,0.1388
1033,466,1499,0.1388
1043,470,1513,0.1388
1038,469,1507,0.1388
1042,470,1512,0.1388
1028,470,1498,0.1388
1027,475,1502,0.1388
1023,474,1497,0.1388
1021,475,1496,0.1388
1020,479,1499,0.1388
1017,481,1498,0.1388
1017,478,1495,0.1388
1007,472,1479,0.1388
1015,476,1491,0.1388
1015,475,1490,0.1388
1020,475,1495,0.1388
1022,472,1494,0.1388
1000,469,1469,0.1388
1005,477,1482,0.1388
1005,474,1479,0.1388
1003,475,1478,0.1388
999,482,1481,0.1388
1001,484,1485,0.1388
999,478,1477,0.1388
1010,492,1502,0.1388
1018,483,1501,0.1388
1017,490,1507,0.1388
1013,487,1500,0.1388
1015,482,1497,0.1388
1019,487,1506,0.1388
1024,483,1507,0.1388
1024,493,1517,0.1388
1008,500,1508,0.1388
1001,491,1492,0.1388
1007,485,1492,0.1388
1006,474,1480,0.1388
1008,479,1487,0.1388
1006,483,1489,0.1388
1008,479,1487,0.1388
1012,483,1495,0.1388
1014,490,1504,0.1388
1019,489,1508,0.1388
1014,483,1497,0.1388
1021,479,1500,0.1388
1020,478,1498,0.1388
1017,482,1499,0.1388
1016,487,1503,0.1388
1025,489,1514,0.1388
1026,483,1509,0.1388
1022,492,1514,0.1388
1005,485,1490,0.1388
992,490,1482,0.1388
995,491,1486,0.1388
993,490,1483,0.1388
998,485,1483,0.1388
1005,481,1486,0.1388
993,489,1482,0.1388
1002,498,1500,0.1388
1006,511,1517,0.1388
997,514,1511,0.1388
994,510,1504,0.1388
1001,507,1508,0.1388
1001,505,1506,0.1388
991,498,1489,0.1388
997,503,1500,0.1388
1002,513,1515,0.1388
1004,509,1513,0.1388
1015,507,1522,0.1388
1001,506,1507,0.1388
1009,506,1515,0.1388
993,510,1503,0.1388
997,512,1509,0.1388
998,509,1507,0.1388
999,507,1506,0.1388
1006,502,1508,0.1388
994,494,1488,0.1388
1005,500,1505,0.1388
1003,498,1501,0.1388
999,498,1497,0.1388
1003,500,1503,0.1388
1001,504,1505,0.1388
997,507,1504,0.1388
992,509,1501,0.1388
1000,509,1509,0.1388
1001,513,1514,0.1388
994,506,1500,0.1388
983,505,1488,0.1388
993,499,1492,0.1388
999,507,1506,0.1388
995,508,1503,0.1388
990,510,1500,0.1388
1000,508,1508,0.1388
992,504,1496,0.1388
1001,504,1505,0.1388
997,503,1500,0.1388
1002,505,1507,0.1388
1002,503,1505,0.1388
1007,499,1506,0.1388
1011,502,1513,0.1388
1004,500,1504,0.1388
1000,504,1504,0.1388
1004,509,1513,0.1388
1009,511,1520,0.1388
1010,501,1511,0.1388
1006,503,1509,0.1388
1006,502,1508,0.1388
989,504,1493,0.1388
989,505,1494,0.1388
987,508,1495,0.1388
991,515,1506,0.1388
972,528,1500,0.1388
980,524,1504,0.1388
989,530,1519,0.1388
983,528,1511,0.1388
981,525,1506,0.1388
983,518,1501,0.1388
983,505,1488,0.1388
988,510,1498,0.1388
991,512,1503,0.1388
987,514,1501,0.1388
983,517,1500,0.1388
976,526,1502,0.1388
982,526,1508,0.1388
974,531,1505,0.1388
972,533,1505,0.1388
972,530,1502,0.1388
966,538,1504,0.1388
964,535,1499,0.1388
971,532,1503,0.1388
974,542,1516,0.1388
973,539,1512,0.1388
962,535,1497,0.1388
957,542,1499,0.1388
964,541,1505,0.1388
969,538,1507,0.1388
968,543,1511,0.1388
962,537,1499,0.1388
965,541,1506,0.1388
968,539,1507,0.1388
959,539,1498,0.1388
950,538,1488,0.1388
963,536,1499,0.1388
966,546,1512,0.1388
957,543,1500,0.1388
957,546,1503,0.1388
955,555,1510,0.1388
954,554,1508,0.1388
952,554,1506,0.1388
946,553,1499,0.1388
947,555,1502,0.1388
943,557,1500,0.1388
952,557,1509,0.1388
945,552,1497,0.1388
940,550,1490,0.1388
928,551,1479,0.1388
936,551,1487,0.1388
940,553,1493,0.1388
927,557,1484,0.1388
921,564,1485,0.1388
922,567,1489,0.1388
931,568,1499,0.1388
935,567,1502,0.1388
939,570,1509,0.1388
929,571,1500,0.1388
930,571,1501,0.1388
933,571,1504,0.1388
935,569,1504,0.1388
937,575,1512,0.1388
939,574,1513,0.1388
940,572,1512,0.1388
938,569,1507,0.1388
944,573,1517,0.1388
939,571,1510,0.1388
940,572,1512,0.1388
942,568,1510,0.1388
937,567,1504,0.1388
934,567,1501,0.1388
931,571,1502,0.1388
935,569,1504,0.1388
925,571,1496,0.1388
912,568,1480,0.1388
924,573,1497,0.1388
919,560,1479,0.1388
936,561,1497,0.1388
929,567,1496,0.1388
921,566,1487,0.1388
928,569,1497,0.1388
924,571,1495,0.1388
919,576,1495,0.1388
914,578,1492,0.1388
917,573,1490,0.1388
923,576,1499,0.1388
931,574,1505,0.1388
930,585,1515,0.1388
922,581,1503,0.1388
918,575,1493,0.1388
919,577,1496,0.1388
908,582,1490,0.1388
917,584,1501,0.1388
915,582,1497,0.1388
925,581,1506,0.1388
915,585,1500,0.1388
921,588,1509,0.1388
923,587,1510,0.1388
927,593,1520,0.1388
931,592,1523,0.1388
930,588,1518,0.1388
929,589,1518,0.1388
929,589,1518,0.1388
927,586,1513,0.1388
926,581,1507,0.1388
921,579,1500,0.1388
929,579,1508,0.1388
926,577,1503,0.1388
946,573,1519,0.1388
950,575,1525,0.1388
945,571,1516,0.1388
936,572,1508,0.1388
940,563,1503,0.1388
946,559,1505,0.1388
940,554,1494,0.1388
952,555,1507,0.1388
952,567,1519,0.1388
943,569,1512,0.1388
934,572,1506,0.1388
921,579,1500,0.1388
926,574,1500,0.1388
921,580,1501,0.1388
915,579,1494,0.1388
913,584,1497,0.1388
907,584,1491,0.1388
912,591,1503,0.1388
910,592,1502,0.1388
911,593,1504,0.1388
910,602,1512,0.1388
915,606,1521,0.1388
913,606,1519,0.1388
911,610,1521,0.1388
913,601,1514,0.1388
912,599,1511,0.1388
904,599,1503,0.1388
892,596,1488,0.1388
904,599,1503,0.1388
897,609,1506,0.1388
898,605,1503,0.1388
895,601,1496,0.1388
889,612,1501,0.1388
890,617,1507,0.1388
886,612,1498,0.1388
864,610,1474,0.1388
862,622,1484,0.1388
865,630,1495,0.1388
871,628,1499,0.1388
881,625,1506,0.1388
880,634,1514,0.1388
879,632,1511,0.1388
878,634,1512,0.1388
887,621,1508,0.1388
886,621,1507,0.1388
875,629,1504,0.1388
873,627,1500,0.1388
877,633,1510,0.1388
869,628,1497,0.1388
867,625,1492,0.1388
869,629,1498,0.1388
872,637,1509,0.1388
869,634,1503,0.1388
867,632,1499,0.1388
858,632,1490,0.1388
860,627,1487,0.1388
863,631,1494,0.1388
865,633,1498,0.1388
857,636,1493,0.1388
857,636,1493,0.1388
857,647,1504,0.1388
856,645,1501,0.1388
861,650,1511,0.1388
861,649,1510,0.1388
853,645,1498,0.1388
854,645,1499,0.1388
854,634,1488,0.1388
859,640,1499,0.1388
860,651,1511,0.1388
860,648,1508,0.1388
861,648,1509,0.1388
856,654,1510,0.1388
859,652,1511,0.1388
844,658,1502,0.1388
849,667,1516,0.1388
849,662,1511,0.1388
850,655,1505,0.1388
844,662,1506,0.1388
843,673,1516,0.1388
838,673,1511,0.1388
828,680,1508,0.1388
826,682,1508,0.1388
814,687,1501,0.1388
814,693,1507,0.1388
808,696,1504,0.1388
802,711,1513,0.1388
803,713,1516,0.1388
814,715,1529,0.1388
813,709,1522,0.1388
805,706,1511,0.1388
801,705,1506,0.1388
805,701,1506,0.1388
798,707,1505,0.1388
790,706,1496,0.1388
789,702,1491,0.1388
793,696,1489,0.1388
782,706,1488,0.1388
792,713,1505,0.1388
786,716,1502,0.1388
788,706,1494,0.1388
790,705,1495,0.1388
796,703,1499,0.1388
804,703,1507,0.1388
804,696,1500,0.1388
797,704,1501,0.1388
797,699,1496,0.1388
792,704,1496,0.1388
783,718,1501,0.1388
785,723,1508,0.1388
778,716,1494,0.1388
784,715,1499,0.1388
780,717,1497,0.1388
791,718,1509,0.1388
784,717,1501,0.1388
785,718,1503,0.1388
780,723,1503,0.1388
787,716,1503,0.1388
782,721,1503,0.1388
780,718,1498,0.1388
777,718,1495,0.1388
788,720,1508,0.1388
783,728,1511,0.1388
784,742,1526,0.1388
770,737,1507,0.1388
768,734,1502,0.1388
769,730,1499,0.1388
773,734,1507,0.1388
773,729,1502,0.1388
769,733,1502,0.1388
773,746,1519,0.1388
777,741,1518,0.1388
785,742,1527,0.1388
785,737,1522,0.1388
782,734,1516,0.1388
773,733,1506,0.1388
762,730,1492,0.1388
764,736,1500,0.1388
768,732,1500,0.1388
767,746,1513,0.1388
759,750,1509,0.1388
762,749,1511,0.1388
754,748,1502,0.1388
762,740,1502,0.1388
767,727,1494,0.1388
770,737,1507,0.1388
768,745,1513,0.1388
768,741,1509,0.1388
765,745,1510,0.1388
763,738,1501,0.1388
766,749,1515,0.1388
754,756,1510,0.1388
751,755,1506,0.1388
752,755,1507,0.1388
750,755,1505,0.1388
745,756,1501,0.1388
743,764,1507,0.1388
746,760,1506,0.1388
743,767,1510,0.1388
738,776,1514,0.1388
730,777,1507,0.1388
720,772,1492,0.1388
727,772,1499,0.1388
723,779,1502,0.1388
727,777,1504,0.1388
720,777,1497,0.1388
728,778,1506,0.1388
727,771,1498,0.1388
729,787,1516,0.1388
729,779,1508,0.1388
729,776,1505,0.1388
730,774,1504,0.1388
728,773,1501,0.1388
726,774,1500,0.1388
725,779,1504,0.1388
712,784,1496,0.1388
717,782,1499,0.1388
717,784,1501,0.1388
725,788,1513,0.1388
724,792,1516,0.1388
718,789,1507,0.1388
720,781,1501,0.1388
718,787,1505,0.1388
718,788,1506,0.1388
714,787,1501,0.1388
717,793,1510,0.1388
719,792,1511,0.1388
717,793,1510,0.1388
711,796,1507,0.1388
711,795,1506,0.1388
715,803,1518,0.1388
715,803,1518,0.1388
719,800,1519,0.1388
720,799,1519,0.1388
714,795,1509,0.1388
717,804,1521,0.1388
720,792,1512,0.1388
716,792,1508,0.1388
720,796,1516,0.1388
722,794,1516,0.1388
725,792,1517,0.1388
721,791,1512,0.1388
712,794,1506,0.1388
710,791,1501,0.1388
704,790,1494,0.1388
702,793,1495,0.1388
702,786,1488,0.1388
699,801,1500,0.1388
711,792,1503,0.1388
717,785,1502,0.1388
718,781,1499,0.1388
722,785,1507,0.1388
724,793,1517,0.1388
729,787,1516,0.1388
732,789,1521,0.1388
734,790,1524,0.1388
732,786,1518,0.1388
728,782,1510,0.1388
726,788,1514,0.1388
724,791,1515,0.1388
708,788,1496,0.1388
700,798,1498,0.1388
702,806,1508,0.1388
698,805,1503,0.1388
707,811,1518,0.1388
702,811,1513,0.1388
700,807,1507,0.1388
702,799,1501,0.1388
695,804,1499,0.1388
691,811,1502,0.1388
695,808,1503,0.1388
699,796,1495,0.1388
694,797,1491,0.1388
695,803,1498,0.1388
693,815,1508,0.1388
690,806,1496,0.1388
688,813,1501,0.1388
685,802,1487,0.1388
688,806,1494,0.1388
688,814,1502,0.1388
691,817,1508,0.1388
691,813,1504,0.1388
690,813,1503,0.1388
687,822,1509,0.1388
681,815,1496,0.1388
685,821,1506,0.1388
695,815,1510,0.1388
692,810,1502,0.1388
693,803,1496,0.1388
691,812,1503,0.1388
681,815,1496,0.1388
682,810,1492,0.1388
679,826,1505,0.1388
684,817,1501,0.1388
693,816,1509,0.1388
692,813,1505,0.1388
696,817,1513,0.1388
692,819,1511,0.1388
688,809,1497,0.1388
683,811,1494,0.1388
683,813,1496,0.1388
687,826,1513,0.1388
691,828,1519,0.1388
690,831,1521,0.1388
695,827,1522,0.1388
700,830,1530,0.1388
698,821,1519,0.1388
692,820,1512,0.1388
695,821,1516,0.1388
692,821,1513,0.1388
683,822,1505,0.1388
685,833,1518,0.1388
680,832,1512,0.1388
678,829,1507,0.1388
674,828,1502,0.1388
679,836,1515,0.1388
688,825,1513,0.1388
680,826,1506,0.1388
678,830,1508,0.1388
680,835,1515,0.1388
675,834,1509,0.1388
666,826,1492,0.1388
666,834,1500,0.1388
670,834,1504,0.1388
671,837,1508,0.1388
675,837,1512,0.1388
673,839,1512,0.1388
670,840,1510,0.1388
670,834,1504,0.1388
663,835,1498,0.1388
654,837,1491,0.1388
655,847,1502,0.1388
655,849,1504,0.1388
662,842,1504,0.1388
663,835,1498,0.1388
653,842,1495,0.1388
651,844,1495,0.1388
648,845,1493,0.1388
649,857,1506,0.1388
648,865,1513,0.1388
653,862,1515,0.1388
648,861,1509,0.1388
657,853,1510,0.1388
659,853,1512,0.1388
659,855,1514,0.1388
666,853,1519,0.1388
667,857,1524,0.1388
659,859,1518,0.1388
644,854,1498,0.1388
643,848,1491,0.1388
653,856,1509,0.1388
653,861,1514,0.1388
650,858,1508,0.1388
645,855,1500,0.1388
649,856,1505,0.1388
652,858,1510,0.1388
653,860,1513,0.1388
643,864,1507,0.1388
651,866,1517,0.1388
644,865,1509,0.1388
633,869,1502,0.1388
625,864,1489,0.1388
637,874,1511,0.1388
631,869,1500,0.1388
624,876,1500,0.1388
621,880,1501,0.1388
623,883,1506,0.1388
623,876,1499,0.1388
622,885,1507,0.1388
628,884,1512,0.1388
628,881,1509,0.1388
635,877,1512,0.1388
636,867,1503,0.1388
639,875,1514,0.1388
636,870,1506,0.1388
649,870,1519,0.1388
649,871,1520,0.1388
651,869,1520,0.1388
648,867,1515,0.1388
638,866,1504,0.1388
630,857,1487,0.1388
636,851,1487,0.1388
648,847,1495,0.1388
645,861,1506,0.1388
637,875,1512,0.1388
632,865,1497,0.1388
632,873,1505,0.1388
632,871,1503,0.1388
639,875,1514,0.1388
646,876,1522,0.1388
638,874,1512,0.1388
634,881,1515,0.1388
631,878,1509,0.1388
630,881,1511,0.1388
635,878,1513,0.1388
631,874,1505,0.1388
629,872,1501,0.1388
621,869,1490,0.1388
627,878,1505,0.1388
633,879,1512,0.1388
626,885,1511,0.1388
619,895,1514,0.1388
611,891,1502,0.1388
615,888,1503,0.1388
616,896,1512,0.1388
608,904,1512,0.1388
602,901,1503,0.1388
602,894,1496,0.1388
604,886,1490,0.1388
601,896,1497,0.1388
604,889,1493,0.1388
608,907,1515,0.1388
599,904,1503,0.1388
599,905,1504,0.1388
602,906,1508,0.1388
600,916,1516,0.1388
597,912,1509,0.1388
598,919,1517,0.1388
604,917,1521,0.1388
599,914,1513,0.1388
606,914,1520,0.1388
602,918,1520,0.1388
603,920,1523,0.1388
597,926,1523,0.1388
600,922,1522,0.1388
597,925,1522,0.1388
592,922,1514,0.1388
595,924,1519,0.1388
591,927,1518,0.1388
599,926,1525,0.1388
593,923,1516,0.1388
584,920,1504,0.1388
592,927,1519,0.1388
587,925,1512,0.1388
588,915,1503,0.1388
589,915,1504,0.1388
578,917,1495,0.1388
586,926,1512,0.1388
585,935,1520,0.1388
590,934,1524,0.1388
587,937,1524,0.1388
578,923,1501,0.1388
575,929,1504,0.1388
568,936,1504,0.1388
569,938,1507,0.1388
567,932,1499,0.1388
572,939,1511,0.1388
571,935,1506,0.1388
573,925,1498,0.1388
573,925,1498,0.1388
578,934,1512,0.1388
577,925,1502,0.1388
571,917,1488,0.1388
565,930,1495,0.1388
574,946,1520,0.1388
573,936,1509,0.1388
575,941,1516,0.1388
575,953,1528,0.1388
573,943,1516,0.1388
564,956,1520,0.1388
564,960,1524,0.1388
558,961,1519,0.1388
559,955,1514,0.1388
561,955,1516,0.1388
566,941,1507,0.1388
567,945,1512,0.1388
566,955,1521,0.1388
565,953,1518,0.1388
573,963,1536,0.1388
560,962,1522,0.1388
567,959,1526,0.1388
568,957,1525,0.1388
564,945,1509,0.1388
562,950,1512,0.1388
566,953,1519,0.1388
572,952,1524,0.1388
568,948,1516,0.1388
564,961,1525,0.1388
572,956,1528,0.1388
568,954,1522,0.1388
567,958,1525,0.1388
562,950,1512,0.1388
561,951,1512,0.1388
563,953,1516,0.1388
566,954,1520,0.1388
573,953,1526,0.1388
569,954,1523,0.1388
565,953,1518,0.1388
568,944,1512,0.1388
571,944,1515,0.1388
565,936,1501,0.1388
560,935,1495,0.1388
559,955,1514,0.1388
551,958,1509,0.1388
557,950,1507,0.1388
558,955,1513,0.1388
559,953,1512,0.1388
552,956,1508,0.1388
551,943,1494,0.1388
553,960,1513,0.1388
552,960,1512,0.1388
549,960,1509,0.1388
553,957,1510,0.1388
550,951,1501,0.1388
555,958,1513,0.1388
552,963,1515,0.1388
541,968,1509,0.1388
547,967,1514,0.1388
538,963,1501,0.1388
532,966,1498,0.1388
533,973,1506,0.1388
527,970,1497,0.1388
535,974,1509,0.1388
539,974,1513,0.1388
535,980,1515,0.1388
539,982,1521,0.1388
534,982,1516,0.1388
529,992,1521,0.1388
531,979,1510,0.1388
538,979,1517,0.1388
540,980,1520,0.1388
536,975,1511,0.1388
525,977,1502,0.1388
529,977,1506,0.1388
530,963,1493,0.1388
535,955,1490,0.1388
538,965,1503,0.1388
535,976,1511,0.1388
531,973,1504,0.1388
527,973,1500,0.1388
529,974,1503,0.1388
532,982,1514,0.1388
533,988,1521,0.1388
529,975,1504,0.1388
524,987,1511,0.1388
530,981,1511,0.1388
530,964,1494,0.1388
528,960,1488,0.1388
521,968,1489,0.1388
523,973,1496,0.1388
514,977,1491,0.1388
508,991,1499,0.1388
509,988,1497,0.1388
503,993,1496,0.1388
498,989,1487,0.1388
492,1000,1492,0.1388
500,998,1498,0.1388
493,992,1485,0.1388
495,1004,1499,0.1388
494,1010,1504,0.1388
490,1016,1506,0.1388
497,1021,1518,0.1388
491,1033,1524,0.1388
493,1022,1515,0.1388
493,1030,1523,0.1388
500,1031,1531,0.1388
493,1025,1518,0.1388
497,1020,1517,0.1388
499,1021,1520,0.1388
497,1024,1521,0.1388
499,1019,1518,0.1388
507,1023,1530,0.1388
504,1016,1520,0.1388
504,1020,1524,0.1388
503,1017,1520,0.1388
493,1020,1513,0.1388
494,1024,1518,0.1388
491,1025,1516,0.1388
487,1037,1524,0.1388
483,1039,1522,0.1388
485,1024,1509,0.1388
479,1039,1518,0.1388
478,1038,1516,0.1388
475,1045,1520,0.1388
472,1046,1518,0.1388
472,1040,1512,0.1388
474,1041,1515,0.1388
476,1042,1518,0.1388
474,1030,1504,0.1388
480,1035,1515,0.1388
492,1041,1533,0.1388
481,1026,1507,0.1388
474,1026,1500,0.1388
475,1038,1513,0.1388
472,1043,1515,0.1388
467,1033,1500,0.1388
462,1037,1499,0.1388
463,1034,1497,0.1388
474,1045,1519,0.1388
468,1042,1510,0.1388
461,1044,1505,0.1388
460,1041,1501,0.1388
462,1039,1501,0.1388
466,1034,1500,0.1388
469,1045,1514,0.1388
469,1050,1519,0.1388
467,1051,1518,0.1388
469,1044,1513,0.1388
465,1037,1502,0.1388
458,1043,1501,0.1388
454,1060,1514,0.1388
452,1068,1520,0.1388
458,1069,1527,0.1388
454,1072,1526,0.1388
451,1061,1512,0.1388
456,1064,1520,0.1388
451,1064,1515,0.1388
450,1068,1518,0.1388
452,1066,1518,0.1388
454,1071,1525,0.1388
446,1064,1510,0.1388
443,1078,1521,0.1388
434,1089,1523,0.1388
436,1087,1523,0.1388
435,1078,1513,0.1388
432,1086,1518,0.1388
429,1082,1511,0.1388
434,1081,1515,0.1388
438,1081,1519,0.1388
440,1074,1514,0.1388
438,1069,1507,0.1388
434,1077,1511,0.1388
429,1083,1512,0.1388
430,1069,1499,0.1388
424,1072,1496,0.1388
433,1070,1503,0.1388
420,1069,1489,0.1388
432,1070,1502,0.1388
435,1065,1500,0.1388
439,1064,1503,0.1388
443,1071,1514,0.1388
442,1077,1519,0.1388
438,1082,1520,0.1388
437,1081,1518,0.1388
438,1087,1525,0.1388
434,1092,1526,0.1388
427,1087,1514,0.1388
429,1090,1519,0.1388
428,1102,1530,0.1388
423,1091,1514,0.1388
423,1101,1524,0.1388
419,1110,1529,0.1388
409,1105,1514,0.1388
408,1101,1509,0.1388
413,1099,1512,0.1388
415,1104,1519,0.1388
417,1097,1514,0.1388
416,1095,1511,0.1388
416,1091,1507,0.1388
407,1094,1501,0.1388
411,1096,1507,0.1388
407,1097,1504,0.1388
403,1101,1504,0.1388
394,1095,1489,0.1388
398,1097,1495,0.1388
392,1098,1490,0.1388
389,1106,1495,0.1388
390,1109,1499,0.1388
398,1117,1515,0.1388
401,1121,1522,0.1388
398,1122,1520,0.1388
400,1100,1500,0.1388
399,1099,1498,0.1388
402,1101,1503,0.1388
404,1107,1511,0.1388
400,1099,1499,0.1388
402,1101,1503,0.1388
405,1104,1509,0.1388
402,1104,1506,0.1388
402,1105,1507,0.1388
409,1108,1517,0.1388
404,1097,1501,0.1388
404,1106,1510,0.1388
407,1106,1513,0.1388
409,1108,1517,0.1388
400,1103,1503,0.1388
401,1107,1508,0.1388
394,1103,1497,0.1388
386,1102,1488,0.1388
390,1102,1492,0.1388
393,1108,1501,0.1388
391,1115,1506,0.1388
391,1115,1506,0.1388
386,1120,1506,0.1388
384,1125,1509,0.1388
379,1131,1510,0.1388
384,1118,1502,0.1388
381,1128,1509,0.1388
381,1141,1522,0.1388
379,1147,1526,0.1388
377,1137,1514,0.1388
376,1136,1512,0.1388
370,1133,1503,0.1388
382,1144,1526,0.1388
379,1134,1513,0.1388
383,1116,1499,0.1388
380,1136,1516,0.1388
375,1136,1511,0.1388
374,1131,1505,0.1388
370,1144,1514,0.1388
362,1137,1499,0.1388
370,1140,1510,0.1388
369,1133,1502,0.1388
375,1138,1513,0.1388
376,1138,1514,0.1388
374,1137,1511,0.1388
369,1138,1507,0.1388
373,1148,1521,0.1388
369,1146,1515,0.1388
371,1149,1520,0.1388
371,1140,1511,0.1388
369,1144,1513,0.1388
374,1148,1522,0.1388
375,1150,1525,0.1388
365,1150,1515,0.1388
363,1155,1518,0.1388
358,1145,1503,0.1388
357,1142,1499,0.1388
353,1156,1509,0.1388
354,1157,1511,0.1388
355,1159,1514,0.1388
348,1156,1504,0.1388
344,1163,1507,0.1388
342,1150,1492,0.1388
344,1160,1504,0.1388
341,1157,1498,0.1388
339,1152,1491,0.1388
336,1147,1483,0.1388
339,1156,1495,0.1388
342,1163,1505,0.1388
343,1166,1509,0.1388
340,1184,1524,0.1388
342,1191,1533,0.1388
339,1192,1531,0.1388
337,1185,1522,0.1388
336,1186,1522,0.1388
335,1180,1515,0.1388
334,1187,1521,0.1388
334,1175,1509,0.1388
327,1178,1505,0.1388
329,1173,1502,0.1388
328,1180,1508,0.1388
329,1174,1503,0.1388
327,1179,1506,0.1388
322,1191,1513,0.1388
318,1191,1509,0.1388
324,1186,1510,0.1388
328,1184,1512,0.1388
329,1207,1536,0.1388
324,1193,1517,0.1388
325,1178,1503,0.1388
324,1178,1502,0.1388
319,1183,1502,0.1388
314,1192,1506,0.1388
312,1199,1511,0.1388
318,1215,1533,0.1388
315,1199,1514,0.1388
311,1202,1513,0.1388
307,1194,1501,0.1388
306,1210,1516,0.1388
305,1203,1508,0.1388
302,1196,1498,0.1388
303,1192,1495,0.1388
299,1194,1493,0.1388
290,1202,1492,0.1388
293,1199,1492,0.1388
298,1205,1503,0.1388
296,1217,1513,0.1388
291,1221,1512,0.1388
286,1218,1504,0.1388
285,1224,1509,0.1388
284,1212,1496,0.1388
290,1208,1498,0.1388
294,1219,1513,0.1388
289,1214,1503,0.1388
287,1221,1508,0.1388
284,1217,1501,0.1388
289,1223,1512,0.1388
290,1222,1512,0.1388
284,1225,1509,0.1388
287,1227,1514,0.1388
281,1227,1508,0.1388
279,1223,1502,0.1388
277,1221,1498,0.1388
277,1224,1501,0.1388
272,1237,1509,0.1388
267,1241,1508,0.1388
269,1246,1515,0.1388
267,1246,1513,0.1388
270,1249,1519,0.1388
270,1250,1520,0.1388
265,1251,1516,0.1388
266,1251,1517,0.1388
265,1245,1510,0.1388
265,1258,1523,0.1388
269,1250,1519,0.1388
260,1254,1514,0.1388
256,1252,1508,0.1388
258,1252,1510,0.1388
263,1260,1523,0.1388
262,1258,1520,0.1388
261,1236,1497,0.1388
257,1246,1503,0.1388
256,1248,1504,0.1388
261,1256,1517,0.1388
254,1259,1513,0.1388
256,1256,1512,0.1388
257,1266,1523,0.1388
254,1271,1525,0.1388
255,1276,1531,0.1388
242,1277,1519,0.1388
247,1285,1532,0.1388
250,1269,1519,0.1388
249,1270,1519,0.1388
247,1273,1520,0.1388
241,1273,1514,0.1388
241,1268,1509,0.1388
243,1279,1522,0.1388
240,1279,1519,0.1388
239,1280,1519,0.1388
234,1282,1516,0.1388
239,1284,1523,0.1388
241,1292,1533,0.1388
243,1295,1538,0.1388
239,1286,1525,0.1388
235,1291,1526,0.1388
239,1283,1522,0.1388
237,1290,1527,0.1388
238,1275,1513,0.1388
237,1285,1522,0.1388
236,1283,1519,0.1388
236,1282,1518,0.1388
238,1278,1516,0.1388
238,1287,1525,0.1388
242,1280,1522,0.1388
239,1276,1515,0.1388
243,1276,1519,0.1388
244,1274,1518,0.1388
242,1274,1516,0.1388
240,1283,1523,0.1388
238,1282,1520,0.1388
235,1280,1515,0.1388
232,1289,1521,0.1388
233,1287,1520,0.1388
235,1283,1518,0.1388
233,1279,1512,0.1388
233,1284,1517,0.1388
230,1281,1511,0.1388
230,1281,1511,0.1388
228,1283,1511,0.1388
224,1287,1511,0.1388
228,1292,1520,0.1388
230,1295,1525,0.1388
230,1283,1513,0.1388
228,1275,1503,0.1388
231,1280,1511,0.1388
233,1281,1514,0.1388
231,1290,1521,0.1388
228,1303,1531,0.1388
223,1309,1532,0.1388
220,1306,1526,0.1388
217,1313,1530,0.1388
212,1303,1515,0.1388
213,1308,1521,0.1388
212,1310,1522,0.1388
210,1309,1519,0.1388
207,1303,1510,0.1388
205,1300,1505,0.1388
202,1298,1500,0.1388
204,1299,1503,0.1388
204,1310,1514,0.1388
202,1300,1502,0.1388
198,1300,1498,0.1388
195,1296,1491,0.1388
196,1298,1494,0.1388
199,1313,1512,0.1388
194,1311,1505,0.1388
188,1310,1498,0.1388
192,1315,1507,0.1388
190,1324,1514,0.1388
189,1315,1504,0.1388
189,1317,1506,0.1388
190,1312,1502,0.1388
189,1321,1510,0.1388
192,1337,1529,0.1388
191,1333,1524,0.1388
196,1337,1533,0.1388
190,1335,1525,0.1388
189,1319,1508,0.1388
190,1323,1513,0.1388
192,1319,1511,0.1388
195,1322,1517,0.1388
191,1323,1514,0.1388
191,1317,1508,0.1388
189,1315,1504,0.1388
188,1320,1508,0.1388
187,1320,1507,0.1388
191,1308,1499,0.1388
191,1322,1513,0.1388
187,1326,1513,0.1388
187,1333,1520,0.1388
190,1330,1520,0.1388
189,1335,1524,0.1388
186,1338,1524,0.1388
181,1334,1515,0.1388
182,1349,1531,0.1388
181,1339,1520,0.1388
182,1333,1515,0.1388
184,1337,1521,0.1388
185,1329,1514,0.1388
182,1318,1500,0.1388
183,1333,1516,0.1388
180,1338,1518,0.1388
178,1333,1511,0.1388
180,1327,1507,0.1388
183,1342,1525,0.1388
185,1334,1519,0.1388
182,1323,1505,0.1388
185,1320,1505,0.1388
182,1322,1504,0.1388
183,1324,1507,0.1388
182,1321,1503,0.1388
180,1327,1507,0.1388
182,1310,1492,0.1388
182,1318,1500,0.1388
182,1321,1503,0.1388
183,1336,1519,0.1388
185,1326,1511,0.1388
187,1317,1504,0.1388
187,1332,1519,0.1388
190,1332,1522,0.1388
179,1335,1514,0.1388
180,1339,1519,0.1388
183,1337,1520,0.1388
181,1340,1521,0.1388
176,1327,1503,0.1388
174,1336,1510,0.1388
172,1335,1507,0.1388
172,1329,1501,0.1388
170,1336,1506,0.1388
173,1339,1512,0.1388
168,1342,1510,0.1388
165,1349,1514,0.1388
167,1345,1512,0.1388
168,1358,1526,0.1388
165,1351,1516,0.1388
163,1346,1509,0.1388
165,1344,1509,0.1388
169,1349,1518,0.1388
165,1335,1500,0.1388
165,1340,1505,0.1388
164,1345,1509,0.1388
162,1344,1506,0.1388
163,1352,1515,0.1388
159,1343,1502,0.1388
159,1349,1508,0.1388
160,1352,1512,0.1388
163,1338,1501,0.1388
166,1343,1509,0.1388
167,1345,1512,0.1388
162,1340,1502,0.1388
166,1352,1518,0.1388
165,1347,1512,0.1388
166,1348,1514,0.1388
169,1355,1524,0.1388
168,1349,1517,0.1388
169,1352,1521,0.1388
167,1356,1523,0.1388
170,1336,1506,0.1388
172,1329,1501,0.1388
169,1316,1485,0.1388
172,1339,1511,0.1388
173,1338,1511,0.1388
165,1331,1496,0.1388
166,1336,1502,0.1388
167,1340,1507,0.1388
166,1336,1502,0.1388
164,1339,1503,0.1388
169,1338,1507,0.1388
174,1337,1511,0.1388
173,1336,1509,0.1388
175,1328,1503,0.1388
178,1333,1511,0.1388
176,1328,1504,0.1388
178,1339,1517,0.1388
180,1346,1526,0.1388
178,1341,1519,0.1388
179,1328,1507,0.1388
180,1333,1513,0.1388
177,1329,1506,0.1388
175,1338,1513,0.1388
172,1345,1517,0.1388
174,1338,1512,0.1388
169,1351,1520,0.1388
169,1350,1519,0.1388
169,1339,1508,0.1388
175,1336,1511,0.1388
177,1349,1526,0.1388
176,1348,1524,0.1388
172,1338,1510,0.1388
174,1339,1513,0.1388
172,1344,1516,0.1388
172,1338,1510,0.1388
172,1333,1505,0.1388
174,1344,1518,0.1388
167,1340,1507,0.1388
167,1341,1508,0.1388
170,1345,1515,0.1388
168,1346,1514,0.1388
170,1352,1522,0.1388
167,1362,1529,0.1388
169,1367,1536,0.1388
171,1359,1530,0.1388
168,1358,1526,0.1388
166,1356,1522,0.1388
166,1362,1528,0.1388
168,1353,1521,0.1388
171,1359,1530,0.1388
172,1355,1527,0.1388
173,1362,1535,0.1388
173,1360,1533,0.1388
175,1351,1526,0.1388
174,1343,1517,0.1388
174,1344,1518,0.1388
176,1341,1517,0.1388
169,1341,1510,0.1388
168,1339,1507,0.1388
164,1341,1505,0.1388
162,1347,1509,0.1388
163,1352,1515,0.1388
167,1353,1520,0.1388
169,1351,1520,0.1388
171,1347,1518,0.1388
168,1354,1522,0.1388
168,1348,1516,0.1388
169,1342,1511,0.1388
166,1334,1500,0.1388
167,1333,1500,0.1388
167,1343,1510,0.1388
163,1345,1508,0.1388
166,1333,1499,0.1388
165,1344,1509,0.1388
166,1345,1511,0.1388
165,1347,1512,0.1388
165,1331,1496,0.1388
167,1343,1510,0.1388
169,1348,1517,0.1388
167,1346,1513,0.1388
168,1350,1518,0.1388
165,1357,1522,0.1388
160,1356,1516,0.1388
161,1367,1528,0.1388
164,1364,1528,0.1388
165,1373,1538,0.1388
169,1365,1534,0.1388
164,1371,1535,0.1388
160,1362,1522,0.1388
157,1363,1520,0.1388
157,1374,1531,0.1388
160,1361,1521,0.1388
155,1359,1514,0.1388
157,1362,1519,0.1388
158,1350,1508,0.1388
154,1355,1509,0.1388
157,1369,1526,0.1388
155,1359,1514,0.1388
159,1353,1512,0.1388
162,1343,1505,0.1388
158,1351,1509,0.1388
159,1358,1517,0.1388
158,1352,1510,0.1388
155,1342,1497,0.1388
158,1341,1499,0.1388
152,1351,1503,0.1388
153,1344,1497,0.1388
152,1353,1505,0.1388
153,1352,1505,0.1388
150,1353,1503,0.1388
149,1367,1516,0.1388
149,1358,1507,0.1388
150,1354,1504,0.1388
145,1350,1495,0.1388
146,1359,1505,0.1388
147,1366,1513,0.1388
144,1362,1506,0.1388
139,1361,1500,0.1388
143,1358,1501,0.1388
148,1369,1517,0.1388
145,1376,1521,0.1388
144,1375,1519,0.1388
146,1360,1506,0.1388
146,1362,1508,0.1388
146,1370,1516,0.1388
146,1354,1500,0.1388
151,1354,1505,0.1388
150,1353,1503,0.1388
149,1349,1498,0.1388
153,1339,1492,0.1388
154,1355,1509,0.1388
158,1352,1510,0.1388
156,1353,1509,0.1388
157,1360,1517,0.1388
151,1364,1515,0.1388
150,1363,1513,0.1388
152,1370,1522,0.1388
154,1377,1531,0.1388
152,1369,1521,0.1388
154,1366,1520,0.1388
147,1364,1511,0.1388
150,1359,1509,0.1388
156,1370,1526,0.1388
155,1349,1504,0.1388
155,1358,1513,0.1388
159,1362,1521,0.1388
160,1358,1518,0.1388
157,1358,1515,0.1388
160,1359,1519,0.1388
159,1359,1518,0.1388
154,1364,1518,0.1388
157,1362,1519,0.1388
156,1368,1524,0.1388
156,1362,1518,0.1388
155,1367,1522,0.1388
156,1358,1514,0.1388
160,1350,1510,0.1388
166,1340,1506,0.1388
167,1351,1518,0.1388
163,1352,1515,0.1388
167,1364,1531,0.1388
170,1357,1527,0.1388
167,1363,1530,0.1388
164,1361,1525,0.1388
158,1362,1520,0.1388
160,1378,1538,0.1388
159,1365,1524,0.1388
155,1355,1510,0.1388
156,1347,1503,0.1388
153,1360,1513,0.1388
152,1360,1512,0.1388
152,1356,1508,0.1388
158,1363,1521,0.1388
159,1365,1524,0.1388
160,1357,1517,0.1388
162,1347,1509,0.1388
163,1358,1521,0.1388
161,1372,1533,0.1388
162,1366,1528,0.1388
163,1362,1525,0.1388
164,1356,1520,0.1388
162,1351,1513,0.1388
160,1351,1511,0.1388
159,1357,1516,0.1388
160,1349,1509,0.1388
157,1370,1527,0.1388
160,1362,1522,0.1388
159,1372,1531,0.1388
155,1359,1514,0.1388
159,1333,1492,0.1388
157,1337,1494,0.1388
156,1338,1494,0.1388
155,1344,1499,0.1388
152,1343,1495,0.1388
153,1341,1494,0.1388
152,1353,1505,0.1388
151,1360,1511,0.1388
153,1357,1510,0.1388
153,1361,1514,0.1388
152,1369,1521,0.1388
152,1378,1530,0.1388
155,1366,1521,0.1388
153,1367,1520,0.1388
155,1371,1526,0.1388
158,1371,1529,0.1388
159,1373,1532,0.1388
159,1376,1535,0.1388
158,1369,1527,0.1388
156,1355,1511,0.1388
158,1349,1507,0.1388
157,1349,1506,0.1388
156,1353,1509,0.1388
155,1357,1512,0.1388
154,1356,1510,0.1388
153,1358,1511,0.1388
153,1372,1525,0.1388
157,1370,1527,0.1388
157,1377,1534,0.1388
157,1381,1538,0.1388
154,1390,1544,0.1388
151,1387,1538,0.1388
151,1382,1533,0.1388
148,1389,1537,0.1388
147,1387,1534,0.1388
146,1375,1521,0.1388
142,1359,1501,0.1388
144,1375,1519,0.1388
145,1372,1517,0.1388
144,1375,1519,0.1388
145,1380,1525,0.1388
147,1378,1525,0.1388
147,1365,1512,0.1388
142,1369,1511,0.1388
143,1385,1528,0.1388
144,1379,1523,0.1388
142,1381,1523,0.1388
145,1376,1521,0.1388
145,1374,1519,0.1388
140,1370,1510,0.1388
141,1378,1519,0.1388
146,1376,1522,0.1388
147,1382,1529,0.1388
146,1392,1538,0.1388
150,1383,1533,0.1388
145,1367,1512,0.1388
148,1370,1518,0.1388
143,1350,1493,0.1388
143,1356,1499,0.1388
147,1379,1526,0.1388
146,1371,1517,0.1388
143,1367,1510,0.1388
144,1375,1519,0.1388
142,1367,1509,0.1388
142,1372,1514,0.1388
141,1381,1522,0.1388
141,1373,1514,0.1388
141,1372,1513,0.1388
141,1380,1521,0.1388
140,1373,1513,0.1388
139,1376,1515,0.1388
136,1370,1506,0.1388
135,1384,1519,0.1388
133,1376,1509,0.1388
131,1380,1511,0.1388
130,1380,1510,0.1388
132,1380,1512,0.1388
127,1380,1507,0.1388
130,1374,1504,0.1388
128,1381,1509,0.1388
131,1387,1518,0.1388
133,1387,1520,0.1388
132,1395,1527,0.1388
134,1390,1524,0.1388
133,1390,1523,0.1388
131,1382,1513,0.1388
137,1380,1517,0.1388
136,1381,1517,0.1388
135,1392,1527,0.1388
137,1394,1531,0.1388
136,1384,1520,0.1388
137,1381,1518,0.1388
136,1382,1518,0.1388
134,1383,1517,0.1388
138,1379,1517,0.1388
135,1364,1499,0.1388
136,1366,1502,0.1388
131,1361,1492,0.1388
133,1372,1505,0.1388
134,1390,1524,0.1388
133,1381,1514,0.1388
132,1377,1509,0.1388
135,1387,1522,0.1388
132,1385,1517,0.1388
132,1374,1506,0.1388
133,1379,1512,0.1388
135,1389,1524,0.1388
136,1383,1519,0.1388
135,1391,1526,0.1388
139,1391,1530,0.1388
139,1388,1527,0.1388
136,1384,1520,0.1388
134,1375,1509,0.1388
136,1390,1526,0.1388
130,1373,1503,0.1388
131,1384,1515,0.1388
137,1379,1516,0.1388
140,1379,1519,0.1388
136,1372,1508,0.1388
137,1373,1510,0.1388
135,1374,1509,0.1388
134,1377,1511,0.1388
137,1380,1517,0.1388
139,1376,1515,0.1388
132,1373,1505,0.1388
134,1368,1502,0.1388
135,1362,1497,0.1388
134,1373,1507,0.1388
135,1372,1507,0.1388
133,1383,1516,0.1388
129,1387,1516,0.1388
128,1381,1509,0.1388
133,1390,1523,0.1388
132,1379,1511,0.1388
129,1376,1505,0.1388
133,1377,1510,0.1388
131,1381,1512,0.1388
132,1390,1522,0.1388
130,1392,1522,0.1388
129,1403,1532,0.1388
124,1392,1516,0.1388
125,1385,1510,0.1388
127,1384,1511,0.1388
127,1375,1502,0.1388
126,1372,1498,0.1388
129,1382,1511,0.1388
129,1385,1514,0.1388
128,1385,1513,0.1388
129,1386,1515,0.1388
129,1382,1511,0.1388
125,1381,1506,0.1388
127,1383,1510,0.1388
127,1387,1514,0.1388
127,1394,1521,0.1388
127,1384,1511,0.1388
126,1397,1523,0.1388
122,1400,1522,0.1388
125,1396,1521,0.1388
121,1391,1512,0.1388
120,1390,1510,0.1388
121,1384,1505,0.1388
120,1404,1524,0.1388
124,1394,1518,0.1388
125,1395,1520,0.1388
122,1395,1517,0.1388
126,1385,1511,0.1388
127,1391,1518,0.1388
127,1394,1521,0.1388
127,1395,1522,0.1388
123,1395,1518,0.1388
125,1389,1514,0.1388
124,1402,1526,0.1388
122,1403,1525,0.1388
123,1398,1521,0.1388
124,1392,1516,0.1388
124,1393,1517,0.1388
120,1394,1514,0.1388
119,1397,1516,0.1388
116,1403,1519,0.1388
112,1410,1522,0.1388
112,1413,1525,0.1388
110,1405,1515,0.1388
113,1393,1506,0.1388
111,1398,1509,0.1388
113,1409,1522,0.1388
113,1414,1527,0.1388
113,1408,1521,0.1388
113,1403,1516,0.1388
111,1400,1511,0.1388
112,1396,1508,0.1388
114,1398,1512,0.1388
115,1401,1516,0.1388
119,1413,1532,0.1388
116,1417,1533,0.1388
114,1416,1530,0.1388
115,1408,1523,0.1388
116,1413,1529,0.1388
118,1403,1521,0.1388
110,1403,1513,0.1388
113,1395,1508,0.1388
113,1390,1503,0.1388
112,1387,1499,0.1388
111,1406,1517,0.1388
113,1413,1526,0.1388
115,1413,1528,0.1388
111,1405,1516,0.1388
117,1406,1523,0.1388
116,1396,1512,0.1388
115,1393,1508,0.1388
110,1405,1515,0.1388
113,1410,1523,0.1388
113,1403,1516,0.1388
111,1415,1526,0.1388
111,1402,1513,0.1388
108,1407,1515,0.1388
111,1415,1526,0.1388
110,1419,1529,0.1388
107,1400,1507,0.1388
111,1404,1515,0.1388
109,1416,1525,0.1388
110,1414,1524,0.1388
111,1411,1522,0.1388
108,1417,1525,0.1388
108,1410,1518,0.1388
109,1407,1516,0.1388
104,1413,1517,0.1388
103,1411,1514,0.1388
103,1411,1514,0.1388
101,1422,1523,0.1388
102,1426,1528,0.1388
105,1436,1541,0.1388
105,1437,1542,0.1388
105,1433,1538,0.1388
105,1420,1525,0.1388
106,1421,1527,0.1388
106,1428,1534,0.1388
108,1430,1538,0.1388
108,1420,1528,0.1388
104,1426,1530,0.1388
102,1425,1527,0.1388
100,1425,1525,0.1388
102,1422,1524,0.1388
99,1428,1527,0.1388
98,1433,1531,0.1388
103,1414,1517,0.1388
101,1418,1519,0.1388
100,1416,1516,0.1388
100,1413,1513,0.1388
104,1421,1525,0.1388
101,1409,1510,0.1388
100,1415,1515,0.1388
102,1412,1514,0.1388
106,1413,1519,0.1388
108,1423,1531,0.1388
105,1419,1524,0.1388
105,1416,1521,0.1388
103,1415,1518,0.1388
104,1407,1511,0.1388
102,1408,1510,0.1388
102,1411,1513,0.1388
101,1404,1505,0.1388
100,1413,1513,0.1388
101,1411,1512,0.1388
101,1400,1501,0.1388
99,1408,1507,0.1388
100,1416,1516,0.1388
97,1419,1516,0.1388
97,1414,1511,0.1388
97,1407,1504,0.1388
93,1413,1506,0.1388
94,1424,1518,0.1388
96,1422,1518,0.1388
93,1429,1522,0.1388
95,1429,1524,0.1388
99,1431,1530,0.1388
98,1431,1529,0.1388
95,1426,1521,0.1388
92,1421,1513,0.1388
93,1425,1518,0.1388
93,1414,1507,0.1388
90,1401,1491,0.1388
93,1421,1514,0.1388
89,1425,1514,0.1388
86,1427,1513,0.1388
84,1426,1510,0.1388
85,1428,1513,0.1388
85,1444,1529,0.1388
86,1440,1526,0.1388
86,1419,1505,0.1388
85,1439,1524,0.1388
87,1438,1525,0.1388
89,1424,1513,0.1388
88,1419,1507,0.1388
90,1415,1505,0.1388
88,1426,1514,0.1388
87,1424,1511,0.1388
87,1422,1509,0.1388
90,1437,1527,0.1388
91,1429,1520,0.1388
93,1425,1518,0.1388
91,1417,1508,0.1388
92,1420,1512,0.1388
85,1420,1505,0.1388
84,1426,1510,0.1388
85,1433,1518,0.1388
85,1439,1524,0.1388
84,1433,1517,0.1388
85,1444,1529,0.1388
84,1439,1523,0.1388
83,1434,1517,0.1388
85,1429,1514,0.1388
84,1426,1510,0.1388
83,1426,1509,0.1388
83,1426,1509,0.1388
86,1428,1514,0.1388
81,1426,1507,0.1388
83,1425,1508,0.1388
85,1426,1511,0.1388
86,1443,1529,0.1388
85,1438,1523,0.1388
85,1429,1514,0.1388
86,1422,1508,0.1388
83,1439,1522,0.1388
83,1442,1525,0.1388
84,1438,1522,0.1388
83,1435,1518,0.1388
84,1436,1520,0.1388
86,1426,1512,0.1388
86,1441,1527,0.1388
84,1423,1507,0.1388
84,1424,1508,0.1388
85,1431,1516,0.1388
85,1420,1505,0.1388
88,1423,1511,0.1388
87,1427,1514,0.1388
89,1427,1516,0.1388
89,1431,1520,0.1388
85,1432,1517,0.1388
86,1431,1517,0.1388
84,1435,1519,0.1388
83,1429,1512,0.1388
82,1426,1508,0.1388
82,1434,1516,0.1388
81,1422,1503,0.1388
79,1428,1507,0.1388
78,1435,1513,0.1388
77,1444,1521,0.1388
77,1433,1510,0.1388
77,1440,1517,0.1388
77,1450,1527,0.1388
75,1454,1529,0.1388
76,1445,1521,0.1388
78,1437,1515,0.1388
76,1424,1500,0.1388
76,1438,1514,0.1388
76,1416,1492,0.1388
74,1411,1485,0.1388
74,1425,1499,0.1388
74,1423,1497,0.1388
75,1429,1504,0.1388
71,1419,1490,0.1388
69,1425,1494,0.1388
69,1423,1492,0.1388
70,1435,1505,0.1388
72,1443,1515,0.1388
76,1436,1512,0.1388
75,1425,1500,0.1388
74,1430,1504,0.1388
70,1416,1486,0.1388
72,1428,1500,0.1388
71,1437,1508,0.1388
73,1437,1510,0.1388
72,1434,1506,0.1388
75,1431,1506,0.1388
74,1438,1512,0.1388
74,1446,1520,0.1388
73,1452,1525,0.1388
75,1446,1521,0.1388
72,1451,1523,0.1388
68,1449,1517,0.1388
70,1446,1516,0.1388
70,1446,1516,0.1388
69,1433,1502,0.1388
71,1452,1523,0.1388
67,1461,1528,0.1388
67,1457,1524,0.1388
64,1449,1513,0.1388
65,1438,1503,0.1388
65,1440,1505,0.1388
64,1457,1521,0.1388
66,1450,1516,0.1388
69,1456,1525,0.1388
70,1447,1517,0.1388
68,1435,1503,0.1388
67,1436,1503,0.1388
64,1439,1503,0.1388
61,1448,1509,0.1388
57,1442,1499,0.1388
58,1430,1488,0.1388
58,1433,1491,0.1388
58,1446,1504,0.1388
62,1444,1506,0.1388
62,1438,1500,0.1388
62,1443,1505,0.1388
63,1438,1501,0.1388
62,1449,1511,0.1388
61,1437,1498,0.1388
60,1443,1503,0.1388
57,1438,1495,0.1388
58,1461,1519,0.1388
56,1467,1523,0.1388
58,1466,1524,0.1388
54,1447,1501,0.1388
52,1445,1497,0.1388
54,1451,1505,0.1388
53,1460,1513,0.1388
54,1454,1508,0.1388
49,1469,1518,0.1388
48,1461,1509,0.1388
48,1459,1507,0.1388
46,1449,1495,0.1388
48,1453,1501,0.1388
51,1446,1497,0.1388
50,1464,1514,0.1388
50,1463,1513,0.1388
49,1459,1508,0.1388
50,1460,1510,0.1388
51,1459,1510,0.1388
51,1474,1525,0.1388
52,1482,1534,0.1388
52,1479,1531,0.1388
49,1477,1526,0.1388
49,1477,1526,0.1388
48,1481,1529,0.1388
45,1472,1517,0.1388
46,1465,1511,0.1388
43,1465,1508,0.1388
44,1476,1520,0.1388
45,1471,1516,0.1388
47,1476,1523,0.1388
47,1469,1516,0.1388
48,1477,1525,0.1388
43,1478,1521,0.1388
43,1479,1522,0.1388
42,1483,1525,0.1388
41,1473,1514,0.1388
40,1477,1517,0.1388
38,1492,1530,0.1388
39,1481,1520,0.1388
39,1472,1511,0.1388
39,1478,1517,0.1388
39,1482,1521,0.1388
39,1478,1517,0.1388
38,1482,1520,0.1388
37,1492,1529,0.1388
36,1486,1522,0.1388
37,1478,1515,0.1388
37,1477,1514,0.1388
37,1482,1519,0.1388
39,1484,1523,0.1388
39,1480,1519,0.1388
37,1482,1519,0.1388
35,1481,1516,0.1388
37,1473,1510,0.1388
36,1466,1502,0.1388
38,1488,1526,0.1388
34,1486,1520,0.1388
34,1495,1529,0.1388
34,1489,1523,0.1388
34,1482,1516,0.1388
34,1485,1519,0.1388
34,1472,1506,0.1388
31,1468,1499,0.1388
30,1483,1513,0.1388
29,1478,1507,0.1388
31,1473,1504,0.1388
32,1484,1516,0.1388
31,1470,1501,0.1388
30,1482,1512,0.1388
32,1472,1504,0.1388
31,1489,1520,0.1388
32,1482,1514,0.1388
31,1479,1510,0.1388
31,1480,1511,0.1388
33,1477,1510,0.1388
31,1478,1509,0.1388
31,1463,1494,0.1388
30,1470,1500,0.1388
29,1475,1504,0.1388
27,1478,1505,0.1388
29,1477,1506,0.1388
27,1474,1501,0.1388
28,1475,1503,0.1388
30,1475,1505,0.1388
27,1471,1498,0.1388
26,1496,1522,0.1388
26,1491,1517,0.1388
26,1477,1503,0.1388
26,1474,1500,0.1388
25,1485,1510,0.1388
26,1486,1512,0.1388
25,1489,1514,0.1388
26,1486,1512,0.1388
25,1495,1520,0.1388
24,1488,1512,0.1388
26,1486,1512,0.1388
26,1492,1518,0.1388
27,1488,1515,0.1388
26,1491,1517,0.1388
24,1491,1515,0.1388
25,1498,1523,0.1388
22,1504,1526,0.1388
19,1503,1522,0.1388
19,1491,1510,0.1388
18,1488,1506,0.1388
19,1485,1504,0.1388
20,1491,1511,0.1388
20,1501,1521,0.1388
20,1489,1509,0.1388
22,1481,1503,0.1388
22,1497,1519,0.1388
22,1500,1522,0.1388
23,1502,1525,0.1388
24,1500,1524,0.1388
24,1490,1514,0.1388
24,1485,1509,0.1388
24,1500,1524,0.1388
24,1486,1510,0.1388
24,1490,1514,0.1388
25,1484,1509,0.1388
24,1489,1513,0.1388
24,1472,1496,0.1388
23,1488,1511,0.1388
25,1499,1524,0.1388
25,1479,1504,0.1388
25,1486,1511,0.1388
24,1495,1519,0.1388
25,1492,1517,0.1388
26,1484,1510,0.1388
25,1494,1519,0.1388
25,1499,1524,0.1388
25,1484,1509,0.1388
25,1490,1515,0.1388
26,1506,1532,0.1388
25,1504,1529,0.1388
25,1490,1515,0.1388
22,1484,1506,0.1388
22,1494,1516,0.1388
21,1493,1514,0.1388
21,1494,1515,0.1388
21,1499,1520,0.1388
22,1494,1516,0.1388
22,1499,1521,0.1388
22,1507,1529,0.1388
21,1492,1513,0.1388
20,1497,1517,0.1388
20,1505,1525,0.1388
19,1496,1515,0.1388
17,1484,1501,0.1388
18,1505,1523,0.1388
17,1508,1525,0.1388
16,1499,1515,0.1388
17,1499,1516,0.1388
18,1504,1522,0.1388
18,1496,1514,0.1388
19,1503,1522,0.1388
19,1512,1531,0.1388
19,1503,1522,0.1388
18,1498,1516,0.1388
18,1511,1529,0.1388
18,1502,1520,0.1388
17,1509,1526,0.1388
18,1498,1516,0.1388
18,1498,1516,0.1388
17,1491,1508,0.1388
17,1488,1505,0.1388
16,1503,1519,0.1388
16,1496,1512,0.1388
13,1498,1511,0.1388
13,1498,1511,0.1388
13,1499,1512,0.1388
14,1501,1515,0.1388
15,1503,1518,0.1388
14,1504,1518,0.1388
14,1508,1522,0.1388
13,1497,1510,0.1388
13,1495,1508,0.1388
14,1498,1512,0.1388
14,1501,1515,0.1388
14,1504,1518,0.1388
14,1501,1515,0.1388
14,1506,1520,0.1388
14,1505,1519,0.1388
14,1501,1515,0.1388
13,1509,1522,0.1388
14,1503,1517,0.1388
13,1507,1520,0.1388
13,1505,1518,0.1388
13,1507,1520,0.1388
13,1504,1517,0.1388
13,1498,1511,0.1388
12,1498,1510,0.1388
12,1491,1503,0.1388
12,1496,1508,0.1388
12,1498,1510,0.1388
12,1503,1515,0.1388
12,1501,1513,0.1388
12,1494,1506,0.1388
13,1499,1512,0.1388
13,1517,1530,0.1388
13,1501,1514,0.1388
13,1500,1513,0.1388
13,1511,1524,0.1388
13,1506,1519,0.1388
13,1496,1509,0.1388
12,1485,1497,0.1388
12,1506,1518,0.1388
11,1500,1511,0.1388
11,1505,1516,0.1388
8,1514,1522,0.1388
9,1519,1528,0.1388
8,1507,1515,0.1388
8,1507,1515,0.1388
8,1508,1516,0.1388
8,1507,1515,0.1388
7,1516,1523,0.1388
7,1508,1515,0.1388
7,1508,1515,0.1388
8,1509,1517,0.1388
8,1514,1522,0.1388
8,1507,1515,0.1388
8,1505,1513,0.1388
8,1497,1505,0.1388
8,1502,1510,0.1388
7,1498,1505,0.1388
7,1502,1509,0.1388
6,1498,1504,0.1388
5,1504,1509,0.1388
5,1504,1509,0.1388
5,1508,1513,0.1388
4,1518,1522,0.1388
4,1512,1516,0.1388
4,1523,1527,0.1388
5,1531,1536,0.1388
5,1514,1519,0.1388
5,1517,1522,0.1388
5,1511,1516,0.1388
5,1505,1510,0.1388
5,1505,1510,0.1388
5,1513,1518,0.1388
5,1515,1520,0.1388
5,1512,1517,0.1388
5,1510,1515,0.1388
5,1510,1515,0.1388
5,1503,1508,0.1388
5,1501,1506,0.1388
5,1488,1493,0.1388
5,1488,1493,0.1388
5,1493,1498,0.1388
5,1493,1498,0.1388
5,1498,1503,0.1388
5,1506,1511,0.1388
5,1507,1512,0.1388
5,1497,1502,0.1388
5,1490,1495,0.1388
5,1510,1515,0.1388
5,1510,1515,0.1388
5,1521,1526,0.1388
5,1519,1524,0.1388
5,1522,1527,0.1388
5,1532,1537,0.1388
5,1533,1538,0.1388
5,1528,1533,0.1388
6,1505,1511,0.1388
6,1514,1520,0.1388
7,1518,1525,0.1388
7,1527,1534,0.1388
7,1515,1522,0.1388
7,1507,1514,0.1388
6,1521,1527,0.1388
5,1513,1518,0.1388
5,1526,1531,0.1388
5,1508,1513,0.1388
6,1506,1512,0.1388
5,1485,1490,0.1388
5,1505,1510,0.1388
5,1512,1517,0.1388
5,1507,1512,0.1388
5,1510,1515,0.1388
5,1513,1518,0.1388
4,1510,1514,0.1388
5,1501,1506,0.1388
4,1514,1518,0.1388
4,1508,1512,0.1388
5,1501,1506,0.1388
6,1503,1509,0.1388
7,1497,1504,0.1388
7,1505,1512,0.1388
8,1505,1513,0.1388
9,1513,1522,0.1388
10,1514,1524,0.1388
10,1510,1520,0.1388
9,1505,1514,0.1388
9,1502,1511,0.1388
9,1495,1504,0.1388
9,1506,1515,0.1388
9,1504,1513,0.1388
8,1493,1501,0.1388
8,1499,1507,0.1388
8,1507,1515,0.1388
8,1500,1508,0.1388
8,1486,1494,0.1388
8,1487,1495,0.1388
8,1498,1506,0.1388
8,1503,1511,0.1388
9,1510,1519,0.1388
9,1499,1508,0.1388
7,1519,1526,0.1388
8,1526,1534,0.1388
8,1523,1531,0.1388
8,1519,1527,0.1388
8,1518,1526,0.1388
8,1520,1528,0.1388
8,1499,1507,0.1388
8,1499,1507,0.1388
8,1511,1519,0.1388
8,1505,1513,0.1388
8,1505,1513,0.1388
8,1486,1494,0.1388
7,1487,1494,0.1388
7,1505,1512,0.1388
7,1512,1519,0.1388
7,1510,1517,0.1388
7,1506,1513,0.1388
7,1509,1516,0.1388
7,1513,1520,0.1388
7,1518,1525,0.1388
8,1504,1512,0.1388
8,1513,1521,0.1388
8,1498,1506,0.1388
8,1498,1506,0.1388
8,1504,1512,0.1388
8,1494,1502,0.1388
8,1500,1508,0.1388
8,1501,1509,0.1388
8,1508,1516,0.1388
8,1503,1511,0.1388
8,1503,1511,0.1388
8,1503,1511,0.1388
8,1498,1506,0.1388
8,1515,1523,0.1388
8,1507,1515,0.1388
8,1515,1523,0.1388
8,1524,1532,0.1388
8,1514,1522,0.1388
8,1512,1520,0.1388
8,1507,1515,0.1388
8,1510,1518,0.1388
8,1517,1525,0.1388
8,1514,1522,0.1388
8,1497,1505,0.1388
8,1509,1517,0.1388
8,1515,1523,0.1388
8,1509,1517,0.1388
8,1527,1535,0.1388
8,1520,1528,0.1388
7,1525,1532,0.1388
7,1510,1517,0.1388
7,1501,1508,0.1388
7,1511,1518,0.1388
7,1518,1525,0.1388
6,1508,1514,0.1388
7,1504,1511,0.1388
7,1516,1523,0.1388
6,1530,1536,0.1388
6,1516,1522,0.1388
6,1511,1517,0.1388
6,1512,1518,0.1388
7,1521,1528,0.1388
7,1519,1526,0.1388
7,1510,1517,0.1388
7,1514,1521,0.1388
7,1511,1518,0.1388
7,1502,1509,0.1388
7,1516,1523,0.1388
6,1516,1522,0.1388
6,1508,1514,0.1388
6,1508,1514,0.1388
6,1505,1511,0.1388
6,1519,1525,0.1388
6,1540,1546,0.1388
6,1523,1529,0.1388
4,1511,1515,0.1388
4,1508,1512,0.1388
4,1505,1509,0.1388
4,1517,1521,0.1388
4,1513,1517,0.1388
3,1518,1521,0.1388
3,1499,1502,0.1388
2,1497,1499,0.1388
3,1500,1503,0.1388
3,1489,1492,0.1388
3,1505,1508,0.1388
3,1494,1497,0.1388
3,1519,1522,0.1388
3,1511,1514,0.1388
3,1499,1502,0.1388
2,1507,1509,0.1388
2,1518,1520,0.1388
2,1522,1524,0.1388
1,1512,1513,0.1388
1,1514,1515,0.1388
2,1506,1508,0.1388
2,1522,1524,0.1388
2,1512,1514,0.1388
2,1506,1508,0.1388
2,1518,1520,0.1388
2,1523,1525,0.1388
2,1527,1529,0.1388
2,1523,1525,0.1388
2,1527,1529,0.1388
2,1519,1521,0.1388
2,1531,1533,0.1388
2,1523,1525,0.1388
2,1513,1515,0.1388
3,1507,1510,0.1388
3,1510,1513,0.1388
3,1504,1507,0.1388
3,1508,1511,0.1388
3,1509,1512,0.1388
3,1505,1508,0.1388
3,1495,1498,0.1388
3,1509,1512,0.1388
3,1516,1519,0.1388
3,1522,1525,0.1388
3,1521,1524,0.1388
3,1520,1523,0.1388
3,1512,1515,0.1388
3,1512,1515,0.1388
3,1512,1515,0.1388
3,1523,1526,0.1388
2,1519,1521,0.1388
3,1522,1525,0.1388
3,1511,1514,0.1388
3,1509,1512,0.1388
3,1511,1514,0.1388
3,1496,1499,0.1388
3,1485,1488,0.1388
3,1495,1498,0.1388
3,1492,1495,0.1388
4,1496,1500,0.1388
4,1492,1496,0.1388
4,1506,1510,0.1388
4,1505,1509,0.1388
4,1520,1524,0.1388
3,1507,1510,0.1388
3,1516,1519,0.1388
3,1502,1505,0.1388
3,1503,1506,0.1388
4,1495,1499,0.1388
4,1508,1512,0.1388
4,1503,1507,0.1388
4,1509,1513,0.1388
4,1511,1515,0.1388
4,1511,1515,0.1388
4,1515,1519,0.1388
4,1514,1518,0.1388
4,1511,1515,0.1388
4,1515,1519,0.1388
4,1514,1518,0.1388
4,1522,1526,0.1388
3,1513,1516,0.1388
3,1514,1517,0.1388
3,1514,1517,0.1388
3,1515,1518,0.1388
3,1514,1517,0.1388
3,1523,1526,0.1388
3,1526,1529,0.1388
3,1517,1520,0.1388
3,1518,1521,0.1388
3,1506,1509,0.1388
3,1492,1495,0.1388
3,1507,1510,0.1388
3,1504,1507,0.1388
4,1508,1512,0.1388
4,1516,1520,0.1388
4,1514,1518,0.1388
5,1514,1519,0.1388
5,1509,1514,0.1388
5,1523,1528,0.1388
5,1520,1525,0.1388
5,1512,1517,0.1388
5,1496,1501,0.1388
6,1495,1501,0.1388
6,1498,1504,0.1388
6,1502,1508,0.1388
7,1502,1509,0.1388
8,1505,1513,0.1388
7,1507,1514,0.1388
7,1505,1512,0.1388
7,1514,1521,0.1388
7,1513,1520,0.1388
7,1515,1522,0.1388
7,1516,1523,0.1388
7,1517,1524,0.1388
7,1508,1515,0.1388
7,1510,1517,0.1388
7,1520,1527,0.1388
6,1524,1530,0.1388
6,1521,1527,0.1388
6,1521,1527,0.1388
6,1509,1515,0.1388
5,1493,1498,0.1388
5,1495,1500,0.1388
6,1506,1512,0.1388
7,1503,1510,0.1388
6,1509,1515,0.1388
6,1511,1517,0.1388
6,1503,1509,0.1388
8,1507,1515,0.1388
8,1505,1513,0.1388
8,1492,1500,0.1388
10,1508,1518,0.1388
10,1511,1521,0.1388
8,1515,1523,0.1388
9,1507,1516,0.1388
10,1502,1512,0.1388
9,1488,1497,0.1388
10,1491,1501,0.1388
12,1495,1507,0.1388
12,1500,1512,0.1388
11,1489,1500,0.1388
11,1496,1507,0.1388
10,1500,1510,0.1388
10,1517,1527,0.1388
10,1505,1515,0.1388
9,1515,1524,0.1388
10,1522,1532,0.1388
10,1510,1520,0.1388
10,1511,1521,0.1388
11,1505,1516,0.1388
10,1506,1516,0.1388
11,1503,1514,0.1388
12,1510,1522,0.1388
12,1502,1514,0.1388
12,1505,1517,0.1388
12,1512,1524,0.1388
12,1522,1534,0.1388
12,1516,1528,0.1388
11,1519,1530,0.1388
10,1520,1530,0.1388
10,1500,1510,0.1388
10,1497,1507,0.1388
10,1497,1507,0.1388
10,1509,1519,0.1388
11,1504,1515,0.1388
10,1508,1518,0.1388
11,1526,1537,0.1388
12,1520,1532,0.1388
12,1505,1517,0.1388
12,1494,1506,0.1388
12,1494,1506,0.1388
12,1491,1503,0.1388
12,1502,1514,0.1388
12,1496,1508,0.1388
12,1495,1507,0.1388
11,1494,1505,0.1388
12,1503,1515,0.1388
12,1501,1513,0.1388
12,1493,1505,0.1388
12,1505,1517,0.1388
12,1515,1527,0.1388
12,1517,1529,0.1388
11,1504,1515,0.1388
12,1506,1518,0.1388
12,1507,1519,0.1388
12,1494,1506,0.1388
12,1497,1509,0.1388
13,1498,1511,0.1388
13,1498,1511,0.1388
14,1493,1507,0.1388
14,1495,1509,0.1388
14,1505,1519,0.1388
14,1504,1518,0.1388
15,1499,1514,0.1388
15,1506,1521,0.1388
15,1498,1513,0.1388
14,1509,1523,0.1388
15,1517,1532,0.1388
16,1526,1542,0.1388
16,1513,1529,0.1388
15,1505,1520,0.1388
15,1511,1526,0.1388
15,1513,1528,0.1388
15,1510,1525,0.1388
16,1517,1533,0.1388
17,1507,1524,0.1388
17,1499,1516,0.1388
17,1502,1519,0.1388
19,1503,1522,0.1388
19,1507,1526,0.1388
18,1492,1510,0.1388
18,1492,1510,0.1388
18,1480,1498,0.1388
19,1493,1512,0.1388
19,1493,1512,0.1388
18,1493,1511,0.1388
18,1490,1508,0.1388
19,1503,1522,0.1388
18,1506,1524,0.1388
17,1513,1530,0.1388
17,1501,1518,0.1388
18,1494,1512,0.1388
19,1495,1514,0.1388
19,1491,1510,0.1388
18,1497,1515,0.1388
17,1509,1526,0.1388
17,1509,1526,0.1388
17,1503,1520,0.1388
16,1492,1508,0.1388
16,1500,1516,0.1388
17,1510,1527,0.1388
16,1506,1522,0.1388
16,1521,1537,0.1388
16,1520,1536,0.1388
15,1517,1532,0.1388
17,1509,1526,0.1388
17,1507,1524,0.1388
16,1501,1517,0.1388
16,1502,1518,0.1388
15,1500,1515,0.1388
15,1487,1502,0.1388
16,1491,1507,0.1388
16,1492,1508,0.1388
16,1502,1518,0.1388
15,1500,1515,0.1388
15,1510,1525,0.1388
15,1504,1519,0.1388
14,1507,1521,0.1388
14,1507,1521,0.1388
14,1508,1522,0.1388
14,1498,1512,0.1388
13,1500,1513,0.1388
14,1504,1518,0.1388
14,1497,1511,0.1388
14,1499,1513,0.1388
16,1498,1514,0.1388
16,1497,1513,0.1388
16,1485,1501,0.1388
15,1500,1515,0.1388
14,1497,1511,0.1388
15,1501,1516,0.1388
15,1493,1508,0.1388
15,1490,1505,0.1388
15,1491,1506,0.1388
16,1486,1502,0.1388
16,1489,1505,0.1388
16,1512,1528,0.1388
16,1504,1520,0.1388
16,1488,1504,0.1388
16,1490,1506,0.1388
15,1506,1521,0.1388
15,1509,1524,0.1388
14,1511,1525,0.1388
14,1496,1510,0.1388
16,1495,1511,0.1388
16,1503,1519,0.1388
15,1491,1506,0.1388
16,1490,1506,0.1388
16,1494,1510,0.1388
16,1498,1514,0.1388
14,1511,1525,0.1388
14,1488,1502,0.1388
14,1498,1512,0.1388
13,1496,1509,0.1388
12,1497,1509,0.1388
12,1500,1512,0.1388
13,1512,1525,0.1388
14,1503,1517,0.1388
12,1503,1515,0.1388
13,1499,1512,0.1388
12,1516,1528,0.1388
12,1488,1500,0.1388
12,1486,1498,0.1388
12,1481,1493,0.1388
13,1482,1495,0.1388
13,1487,1500,0.1388
13,1500,1513,0.1388
13,1498,1511,0.1388
14,1499,1513,0.1388
14,1496,1510,0.1388
16,1503,1519,0.1388
15,1506,1521,0.1388
16,1497,1513,0.1388
14,1491,1505,0.1388
12,1498,1510,0.1388
13,1503,1516,0.1388
14,1516,1530,0.1388
14,1507,1521,0.1388
14,1505,1519,0.1388
13,1485,1498,0.1388
13,1489,1502,0.1388
13,1497,1510,0.1388
12,1503,1515,0.1388
12,1514,1526,0.1388
12,1517,1529,0.1388
12,1503,1515,0.1388
12,1500,1512,0.1388
11,1490,1501,0.1388
11,1497,1508,0.1388
10,1518,1528,0.1388
9,1517,1526,0.1388
9,1517,1526,0.1388
10,1516,1526,0.1388
10,1522,1532,0.1388
10,1520,1530,0.1388
10,1514,1524,0.1388
10,1515,1525,0.1388
10,1503,1513,0.1388
10,1505,1515,0.1388
10,1489,1499,0.1388
10,1490,1500,0.1388
10,1497,1507,0.1388
9,1492,1501,0.1388
9,1498,1507,0.1388
10,1501,1511,0.1388
10,1498,1508,0.1388
8,1503,1511,0.1388
8,1511,1519,0.1388
8,1512,1520,0.1388
8,1525,1533,0.1388
8,1527,1535,0.1388
7,1512,1519,0.1388
7,1511,1518,0.1388
7,1499,1506,0.1388
7,1511,1518,0.1388
7,1515,1522,0.1388
7,1507,1514,0.1388
7,1520,1527,0.1388
7,1511,1518,0.1388
7,1514,1521,0.1388
8,1495,1503,0.1388
9,1506,1515,0.1388
9,1516,1525,0.1388
9,1509,1518,0.1388
10,1513,1523,0.1388
11,1502,1513,0.1388
12,1514,1526,0.1388
12,1510,1522,0.1388
11,1501,1512,0.1388
11,1513,1524,0.1388
11,1507,1518,0.1388
11,1515,1526,0.1388
11,1507,1518,0.1388
10,1513,1523,0.1388
10,1525,1535,0.1388
9,1522,1531,0.1388
8,1515,1523,0.1388
9,1513,1522,0.1388
9,1515,1524,0.1388
9,1506,1515,0.1388
8,1507,1515,0.1388
8,1516,1524,0.1388
9,1510,1519,0.1388
9,1507,1516,0.1388
9,1506,1515,0.1388
9,1488,1497,0.1388
9,1487,1496,0.1388
11,1494,1505,0.1388
11,1496,1507,0.1388
11,1497,1508,0.1388
11,1490,1501,0.1388
12,1473,1485,0.1388
12,1486,1498,0.1388
13,1487,1500,0.1388
12,1489,1501,0.1388
11,1495,1506,0.1388
11,1504,1515,0.1388
12,1506,1518,0.1388
12,1503,1515,0.1388
12,1498,1510,0.1388
11,1484,1495,0.1388
12,1489,1501,0.1388
12,1494,1506,0.1388
12,1501,1513,0.1388
12,1509,1521,0.1388
12,1511,1523,0.1388
13,1498,1511,0.1388
13,1495,1508,0.1388
13,1505,1518,0.1388
13,1516,1529,0.1388
12,1518,1530,0.1388
10,1517,1527,0.1388
10,1518,1528,0.1388
10,1518,1528,0.1388
10,1510,1520,0.1388
10,1519,1529,0.1388
10,1519,1529,0.1388
11,1516,1527,0.1388
11,1512,1523,0.1388
11,1502,1513,0.1388
11,1502,1513,0.1388
11,1500,1511,0.1388
12,1504,1516,0.1388
12,1491,1503,0.1388
12,1499,1511,0.1388
12,1503,1515,0.1388
12,1507,1519,0.1388
12,1506,1518,0.1388
12,1501,1513,0.1388
11,1504,1515,0.1388
11,1508,1519,0.1388
11,1507,1518,0.1388
11,1498,1509,0.1388
11,1505,1516,0.1388
11,1514,1525,0.1388
11,1510,1521,0.1388
10,1499,1509,0.1388
9,1510,1519,0.1388
9,1504,1513,0.1388
8,1507,1515,0.1388
8,1517,1525,0.1388
8,1511,1519,0.1388
8,1510,1518,0.1388
8,1497,1505,0.1388
8,1500,1508,0.1388
8,1501,1509,0.1388
8,1513,1521,0.1388
8,1523,1531,0.1388
8,1518,1526,0.1388
7,1515,1522,0.1388
7,1494,1501,0.1388
7,1497,1504,0.1388
7,1508,1515,0.1388
8,1505,1513,0.1388
8,1500,1508,0.1388
8,1517,1525,0.1388
7,1521,1528,0.1388
6,1520,1526,0.1388
7,1522,1529,0.1388
7,1510,1517,0.1388
8,1516,1524,0.1388
8,1513,1521,0.1388
8,1515,1523,0.1388
8,1508,1516,0.1388
8,1514,1522,0.1388
8,1515,1523,0.1388
8,1523,1531,0.1388
8,1517,1525,0.1388
8,1503,1511,0.1388
8,1497,1505,0.1388
8,1496,1504,0.1388
8,1511,1519,0.1388
8,1499,1507,0.1388
8,1484,1492,0.1388
7,1500,1507,0.1388
9,1509,1518,0.1388
9,1516,1525,0.1388
9,1519,1528,0.1388
9,1518,1527,0.1388
8,1514,1522,0.1388
7,1507,1514,0.1388
7,1512,1519,0.1388
7,1522,1529,0.1388
7,1516,1523,0.1388
7,1497,1504,0.1388
6,1501,1507,0.1388
7,1493,1500,0.1388
7,1500,1507,0.1388
7,1497,1504,0.1388
8,1519,1527,0.1388
8,1518,1526,0.1388
8,1512,1520,0.1388
7,1504,1511,0.1388
7,1506,1513,0.1388
7,1519,1526,0.1388
7,1512,1519,0.1388
7,1515,1522,0.1388
7,1510,1517,0.1388
7,1519,1526,0.1388
7,1518,1525,0.1388
7,1510,1517,0.1388
7,1505,1512,0.1388
7,1513,1520,0.1388
7,1500,1507,0.1388
8,1499,1507,0.1388
7,1499,1506,0.1388
7,1503,1510,0.1388
6,1508,1514,0.1388
5,1526,1531,0.1388
5,1524,1529,0.1388
5,1509,1514,0.1388
5,1514,1519,0.1388
5,1521,1526,0.1388
5,1521,1526,0.1388
5,1513,1518,0.1388
5,1529,1534,0.1388
5,1532,1537,0.1388
5,1530,1535,0.1388
5,1515,1520,0.1388
5,1516,1521,0.1388
6,1514,1520,0.1388
7,1507,1514,0.1388
8,1511,1519,0.1388
8,1507,1515,0.1388
8,1509,1517,0.1388
8,1504,1512,0.1388
8,1505,1513,0.1388
7,1512,1519,0.1388
8,1509,1517,0.1388
9,1507,1516,0.1388
9,1508,1517,0.1388
9,1512,1521,0.1388
9,1515,1524,0.1388
9,1501,1510,0.1388
10,1518,1528,0.1388
10,1509,1519,0.1388
10,1513,1523,0.1388
10,1518,1528,0.1388
9,1512,1521,0.1388
8,1520,1528,0.1388
8,1512,1520,0.1388
8,1513,1521,0.1388
7,1515,1522,0.1388
7,1508,1515,0.1388
8,1514,1522,0.1388
8,1509,1517,0.1388
8,1511,1519,0.1388
7,1503,1510,0.1388
7,1503,1510,0.1388
7,1513,1520,0.1388
7,1514,1521,0.1388
7,1501,1508,0.1388
7,1506,1513,0.1388
7,1508,1515,0.1388
6,1502,1508,0.1388
6,1517,1523,0.1388
6,1517,1523,0.1388
6,1509,1515,0.1388
6,1514,1520,0.1388
4,1506,1510,0.1388
4,1508,1512,0.1388
4,1502,1506,0.1388
4,1503,1507,0.1388
4,1504,1508,0.1388
4,1503,1507,0.1388
4,1497,1501,0.1388
4,1487,1491,0.1388
3,1496,1499,0.1388
3,1498,1501,0.1388
3,1501,1504,0.1388
3,1526,1529,0.1388
3,1525,1528,0.1388
3,1522,1525,0.1388
3,1524,1527,0.1388
3,1517,1520,0.1388
3,1505,1508,0.1388
3,1502,1505,0.1388
3,1502,1505,0.1388
3,1509,1512,0.1388
3,1508,1511,0.1388
3,1523,1526,0.1388
3,1527,1530,0.1388
3,1521,1524,0.1388
4,1517,1521,0.1388
3,1504,1507,0.1388
3,1509,1512,0.1388
3,1528,1531,0.1388
3,1529,1532,0.1388
2,1534,1536,0.1388
2,1527,1529,0.1388
2,1518,1520,0.1388
2,1523,1525,0.1388
2,1513,1515,0.1388
2,1514,1516,0.1388
2,1501,1503,0.1388
2,1513,1515,0.1388
2,1508,1510,0.1388
2,1507,1509,0.1388
2,1516,1518,0.1388
2,1520,1522,0.1388
2,1518,1520,0.1388
2,1511,1513,0.1388
2,1509,1511,0.1388
2,1514,1516,0.1388
2,1522,1524,0.1388
2,1526,1528,0.1388
2,1515,1517,0.1388
2,1511,1513,0.1388
3,1518,1521,0.1388
3,1512,1515,0.1388
3,1513,1516,0.1388
3,1507,1510,0.1388
2,1506,1508,0.1388
2,1532,1534,0.1388
2,1518,1520,0.1388
2,1510,1512,0.1388
2,1520,1522,0.1388
2,1505,1507,0.1388
2,1508,1510,0.1388
2,1510,1512,0.1388
2,1501,1503,0.1388
1,1519,1520,0.1388
1,1513,1514,0.1388
1,1518,1519,0.1388
1,1517,1518,0.1388
1,1515,1516,0.1388
1,1517,1518,0.1388
1,1513,1514,0.1388
1,1513,1514,0.1388
1,1513,1514,0.1388
2,1521,1523,0.1388
2,1513,1515,0.1388
1,1511,1512,0.1388
1,1516,1517,0.1388
1,1520,1521,0.1388
1,1516,1517,0.1388
1,1512,1513,0.1388
1,1518,1519,0.1388
1,1509,1510,0.1388
1,1500,1501,0.1388
1,1510,1511,0.1388
1,1508,1509,0.1388
1,1508,1509,0.1388
1,1515,1516,0.1388
1,1515,1516,0.1388
1,1515,1516,0.1388
1,1512,1513,0.1388
1,1518,1519,0.1388
1,1525,1526,0.1388
1,1517,1518,0.1388
1,1502,1503,0.1388
1,1499,1500,0.1388
1,1501,1502,0.1388
1,1503,1504,0.1388
1,1504,1505,0.1388
1,1502,1503,0.1388
1,1518,1519,0.1388
1,1527,1528,0.1388
1,1516,1517,0.1388
1,1516,1517,0.1388
1,1520,1521,0.1388
1,1508,1509,0.1388
1,1511,1512,0.1388
1,1512,1513,0.1388
1,1518,1519,0.1388
1,1523,1524,0.1388
1,1534,1535,0.1388
1,1517,1518,0.1388
1,1517,1518,0.1388
1,1513,1514,0.1388
1,1524,1525,0.1388
1,1534,1535,0.1388
1,1528,1529,0.1388
1,1516,1517,0.1388
1,1518,1519,0.1388
1,1522,1523,0.1388
1,1523,1524,0.1388
1,1523,1524,0.1388
1,1524,1525,0.1388
1,1525,1526,0.1388
1,1524,1525,0.1388
1,1516,1517,0.1388
1,1531,1532,0.1388
1,1518,1519,0.1388
1,1520,1521,0.1388
1,1507,1508,0.1388
1,1505,1506,0.1388
1,1510,1511,0.1388
1,1519,1520,0.1388
1,1517,1518,0.1388
1,1518,1519,0.1388
1,1519,1520,0.1388
1,1520,1521,0.1388
1,1515,1516,0.1388
1,1513,1514,0.1388
1,1519,1520,0.1388
1,1517,1518,0.1388
1,1512,1513,0.1388
1,1520,1521,0.1388
1,1519,1520,0.1388
1,1521,1522,0.1388
1,1507,1508,0.1388
1,1520,1521,0.1388
1,1525,1526,0.1388
1,1521,1522,0.1388
1,1518,1519,0.1388
1,1520,1521,0.1388
1,1523,1524,0.1388
1,1518,1519,0.1388
1,1521,1522,0.1388
1,1529,1530,0.1388
1,1521,1522,0.1388
1,1528,1529,0.1388
2,1533,1535,0.1388
2,1520,1522,0.1388
2,1521,1523,0.1388
2,1519,1521,0.1388
2,1530,1532,0.1388
2,1524,1526,0.1388
2,1507,1509,0.1388
2,1509,1511,0.1388
1,1509,1510,0.1388
1,1510,1511,0.1388
1,1508,1509,0.1388
1,1512,1513,0.1388
1,1517,1518,0.1388
1,1508,1509,0.1388
2,1519,1521,0.1388
2,1516,1518,0.1388
2,1498,1500,0.1388
2,1508,1510,0.1388
2,1509,1511,0.1388
2,1514,1516,0.1388
2,1513,1515,0.1388
2,1511,1513,0.1388
2,1512,1514,0.1388
1,1525,1526,0.1388
1,1507,1508,0.1388
1,1504,1505,0.1388
1,1515,1516,0.1388
1,1517,1518,0.1388
1,1518,1519,0.1388
1,1517,1518,0.1388
1,1521,1522,0.1388
1,1531,1532,0.1388
1,1519,1520,0.1388
1,1522,1523,0.1388
1,1515,1516,0.1388
1,1517,1518,0.1388
1,1503,1504,0.1388
1,1508,1509,0.1388
1,1506,1507,0.1388
1,1513,1514,0.1388
1,1501,1502,0.1388
1,1516,1517,0.1388
1,1518,1519,0.1388
1,1506,1507,0.1388
1,1508,1509,0.1388
1,1508,1509,0.1388
1,1500,1501,0.1388
1,1503,1504,0.1388
1,1515,1516,0.1388
1,1514,1515,0.1388
0,1502,1502,0.1388
