1376,26,1402,0.1388
1412,24,1436,0.1388
1429,24,1453,0.1388
1446,25,1471,0.1388
1451,23,1474,0.1388
1443,24,1467,0.1388
1451,23,1474,0.1388
1456,23,1479,0.1388
1447,23,1470,0.1388
1444,21,1465,0.1388
1452,21,1473,0.1388
1458,22,1480,0.1388
1456,23,1479,0.1388
1451,23,1474,0.1388
1455,22,1477,0.1388
1469,24,1493,0.1388
1467,25,1492,0.1388
1462,25,1487,0.1388
1464,26,1490,0.1388
1461,28,1489,0.1388
1458,29,1487,0.1388
1466,29,1495,0.1388
1464,27,1491,0.1388
1456,26,1482,0.1388
1468,24,1492,0.1388
1463,24,1487,0.1388
1463,24,1487,0.1388
1472,23,1495,0.1388
1472,23,1495,0.1388
1471,25,1496,0.1388
1480,25,1505,0.1388
1472,24,1496,0.1388
1477,26,1503,0.1388
1454,24,1478,0.1388
1449,25,1474,0.1388
1455,27,1482,0.1388
1461,27,1488,0.1388
1457,27,1484,0.1388
1462,26,1488,0.1388
1453,25,1478,0.1388
1481,26,1507,0.1388
1486,27,1513,0.1388
1476,25,1501,0.1388
1480,25,1505,0.1388
1474,24,1498,0.1388
1473,24,1497,0.1388
1461,26,1487,0.1388
1470,27,1497,0.1388
1467,27,1494,0.1388
1462,28,1490,0.1388
1454,26,1480,0.1388
1447,25,1472,0.1388
1451,26,1477,0.1388
1454,31,1485,0.1388
1471,29,1500,0.1388
1475,28,1503,0.1388
1474,28,1502,0.1388
1457,26,1483,0.1388
1466,26,1492,0.1388
1465,26,1491,0.1388
1467,26,1493,0.1388
1468,25,1493,0.1388
1466,26,1492,0.1388
1477,26,1503,0.1388
1475,27,1502,0.1388
1483,25,1508,0.1388
1485,26,1511,0.1388
1477,26,1503,0.1388
1474,26,1500,0.1388
1473,24,1497,0.1388
1468,26,1494,0.1388
1468,26,1494,0.1388
1459,27,1486,0.1388
1447,27,1474,0.1388
1454,26,1480,0.1388
1461,26,1487,0.1388
1457,26,1483,0.1388
1465,26,1491,0.1388
1482,26,1508,0.1388
1478,26,1504,0.1388
1478,27,1505,0.1388
1482,26,1508,0.1388
1476,27,1503,0.1388
1476,26,1502,0.1388
1478,26,1504,0.1388
1486,26,1512,0.1388
1484,27,1511,0.1388
1484,27,1511,0.1388
1486,27,1513,0.1388
1478,27,1505,0.1388
1464,28,1492,0.1388
1460,30,1490,0.1388
1464,29,1493,0.1388
1459,28,1487,0.1388
1456,31,1487,0.1388
1455,32,1487,0.1388
1462,31,1493,0.1388
1470,28,1498,0.1388
1472,30,1502,0.1388
1470,32,1502,0.1388
1461,33,1494,0.1388
1457,34,1491,0.1388
1451,35,1486,0.1388
1459,34,1493,0.1388
1440,31,1471,0.1388
1459,35,1494,0.1388
1450,35,1485,0.1388
1454,38,1492,0.1388
1460,37,1497,0.1388
1460,37,1497,0.1388
1464,39,1503,0.1388
1466,40,1506,0.1388
1462,40,1502,0.1388
1463,41,1504,0.1388
1454,43,1497,0.1388
1468,42,1510,0.1388
1468,41,1509,0.1388
1457,41,1498,0.1388
1453,42,1495,0.1388
1462,43,1505,0.1388
1459,42,1501,0.1388
1451,43,1494,0.1388
1444,44,1488,0.1388
1452,45,1497,0.1388
1452,46,1498,0.1388
1445,44,1489,0.1388
1464,44,1508,0.1388
1444,45,1489,0.1388
1439,47,1486,0.1388
1435,47,1482,0.1388
1439,46,1485,0.1388
1437,46,1483,0.1388
1454,45,1499,0.1388
1444,47,1491,0.1388
1444,48,1492,0.1388
1448,49,1497,0.1388
1457,47,1504,0.1388
1463,47,1510,0.1388
1454,48,1502,0.1388
1462,50,1512,0.1388
1463,51,1514,0.1388
1457,50,1507,0.1388
1448,51,1499,0.1388
1454,52,1506,0.1388
1444,50,1494,0.1388
1453,48,1501,0.1388
1443,51,1494,0.1388
1442,50,1492,0.1388
1446,51,1497,0.1388
1447,50,1497,0.1388
1447,50,1497,0.1388
1467,48,1515,0.1388
1457,49,1506,0.1388
1443,49,1492,0.1388
1443,49,1492,0.1388
1447,50,1497,0.1388
1438,51,1489,0.1388
1439,50,1489,0.1388
1450,50,1500,0.1388
1456,49,1505,0.1388
1460,51,1511,0.1388
1440,50,1490,0.1388
1445,50,1495,0.1388
1455,50,1505,0.1388
1455,51,1506,0.1388
1454,54,1508,0.1388
1448,54,1502,0.1388
1438,55,1493,0.1388
1438,58,1496,0.1388
1435,56,1491,0.1388
1444,53,1497,0.1388
1450,58,1508,0.1388
1445,59,1504,0.1388
1444,56,1500,0.1388
1450,56,1506,0.1388
1441,59,1500,0.1388
1443,56,1499,0.1388
1422,59,1481,0.1388
1419,60,1479,0.1388
1432,62,1494,0.1388
1428,61,1489,0.1388
1429,61,1490,0.1388
1433,62,1495,0.1388
1423,63,1486,0.1388
1414,65,1479,0.1388
1414,64,1478,0.1388
1427,64,1491,0.1388
1429,65,1494,0.1388
1426,67,1493,0.1388
1438,67,1505,0.1388
1445,68,1513,0.1388
1438,67,1505,0.1388
1436,66,1502,0.1388
1428,67,1495,0.1388
1405,64,1469,0.1388
1413,66,1479,0.1388
1423,63,1486,0.1388
1426,64,1490,0.1388
1428,62,1490,0.1388
1423,62,1485,0.1388
1433,62,1495,0.1388
1428,63,1491,0.1388
1431,63,1494,0.1388
1439,65,1504,0.1388
1426,68,1494,0.1388
1428,69,1497,0.1388
1440,68,1508,0.1388
1428,71,1499,0.1388
1423,71,1494,0.1388
1428,71,1499,0.1388
1413,72,1485,0.1388
1407,74,1481,0.1388
1412,73,1485,0.1388
1404,76,1480,0.1388
1410,77,1487,0.1388
1404,77,1481,0.1388
1401,79,1480,0.1388
1402,77,1479,0.1388
1403,77,1480,0.1388
1408,75,1483,0.1388
1405,73,1478,0.1388
1405,74,1479,0.1388
1425,76,1501,0.1388
1414,79,1493,0.1388
1402,79,1481,0.1388
1408,80,1488,0.1388
1416,79,1495,0.1388
1408,81,1489,0.1388
1414,79,1493,0.1388
1415,79,1494,0.1388
1423,78,1501,0.1388
1423,75,1498,0.1388
1422,75,1497,0.1388
1417,76,1493,0.1388
1423,76,1499,0.1388
1412,74,1486,0.1388
1419,75,1494,0.1388
1418,75,1493,0.1388
1425,76,1501,0.1388
1408,73,1481,0.1388
1413,77,1490,0.1388
1416,76,1492,0.1388
1419,77,1496,0.1388
1414,78,1492,0.1388
1414,78,1492,0.1388
1406,75,1481,0.1388
1405,78,1483,0.1388
1401,77,1478,0.1388
1405,80,1485,0.1388
1410,84,1494,0.1388
1395,85,1480,0.1388
1393,86,1479,0.1388
1397,88,1485,0.1388
1403,86,1489,0.1388
1406,87,1493,0.1388
1413,89,1502,0.1388
1413,87,1500,0.1388
1409,85,1494,0.1388
1407,86,1493,0.1388
1407,85,1492,0.1388
1407,83,1490,0.1388
1404,85,1489,0.1388
1406,85,1491,0.1388
1403,85,1488,0.1388
1410,87,1497,0.1388
1402,85,1487,0.1388
1408,87,1495,0.1388
1411,88,1499,0.1388
1404,83,1487,0.1388
1410,82,1492,0.1388
1418,85,1503,0.1388
1417,88,1505,0.1388
1415,86,1501,0.1388
1409,90,1499,0.1388
1400,85,1485,0.1388
1410,83,1493,0.1388
1411,84,1495,0.1388
1403,82,1485,0.1388
1399,84,1483,0.1388
1399,86,1485,0.1388
1402,86,1488,0.1388
1401,88,1489,0.1388
1399,87,1486,0.1388
1409,88,1497,0.1388
1412,87,1499,0.1388
1413,89,1502,0.1388
1418,90,1508,0.1388
1412,92,1504,0.1388
1404,92,1496,0.1388
1404,90,1494,0.1388
1400,90,1490,0.1388
1413,94,1507,0.1388
1415,94,1509,0.1388
1414,93,1507,0.1388
1409,86,1495,0.1388
1402,88,1490,0.1388
1397,88,1485,0.1388
1407,89,1496,0.1388
1406,90,1496,0.1388
1415,91,1506,0.1388
1399,91,1490,0.1388
1402,90,1492,0.1388
1409,90,1499,0.1388
1415,89,1504,0.1388
1416,87,1503,0.1388
1417,85,1502,0.1388
1420,87,1507,0.1388
1421,86,1507,0.1388
1414,86,1500,0.1388
1416,89,1505,0.1388
1411,87,1498,0.1388
1402,86,1488,0.1388
1406,87,1493,0.1388
1398,84,1482,0.1388
1411,86,1497,0.1388
1387,90,1477,0.1388
1385,95,1480,0.1388
1389,96,1485,0.1388
1398,98,1496,0.1388
1400,99,1499,0.1388
1411,98,1509,0.1388
1396,103,1499,0.1388
1396,103,1499,0.1388
1399,101,1500,0.1388
1403,104,1507,0.1388
1414,104,1518,0.1388
1402,100,1502,0.1388
1393,96,1489,0.1388
1395,94,1489,0.1388
1397,97,1494,0.1388
1394,99,1493,0.1388
1390,99,1489,0.1388
1388,102,1490,0.1388
1372,99,1471,0.1388
1388,101,1489,0.1388
1388,99,1487,0.1388
1385,105,1490,0.1388
1392,109,1501,0.1388
1389,109,1498,0.1388
1380,108,1488,0.1388
1399,107,1506,0.1388
1387,104,1491,0.1388
1389,105,1494,0.1388
1384,104,1488,0.1388
1386,103,1489,0.1388
1375,104,1479,0.1388
1378,110,1488,0.1388
1385,113,1498,0.1388
1392,111,1503,0.1388
1393,108,1501,0.1388
1381,110,1491,0.1388
1371,108,1479,0.1388
1381,109,1490,0.1388
1386,110,1496,0.1388
1389,111,1500,0.1388
1382,109,1491,0.1388
1389,111,1500,0.1388
1395,109,1504,0.1388
1399,107,1506,0.1388
1391,106,1497,0.1388
1393,108,1501,0.1388
1381,105,1486,0.1388
1372,107,1479,0.1388
1370,106,1476,0.1388
1383,110,1493,0.1388
1387,110,1497,0.1388
1387,108,1495,0.1388
1378,111,1489,0.1388
1386,111,1497,0.1388
1396,113,1509,0.1388
1381,108,1489,0.1388
1377,110,1487,0.1388
1379,115,1494,0.1388
1390,116,1506,0.1388
1386,119,1505,0.1388
1376,116,1492,0.1388
1383,118,1501,0.1388
1373,117,1490,0.1388
1360,120,1480,0.1388
1364,124,1488,0.1388
1352,124,1476,0.1388
1352,123,1475,0.1388
1354,129,1483,0.1388
1367,130,1497,0.1388
1379,131,1510,0.1388
1389,134,1523,0.1388
1388,136,1524,0.1388
1374,136,1510,0.1388
1361,133,1494,0.1388
1362,129,1491,0.1388
1363,130,1493,0.1388
1378,133,1511,0.1388
1362,131,1493,0.1388
1367,133,1500,0.1388
1354,132,1486,0.1388
1353,137,1490,0.1388
1372,136,1508,0.1388
1361,138,1499,0.1388
1358,139,1497,0.1388
1353,137,1490,0.1388
1363,136,1499,0.1388
1364,139,1503,0.1388
1366,136,1502,0.1388
1365,138,1503,0.1388
1363,136,1499,0.1388
1366,135,1501,0.1388
1369,131,1500,0.1388
1358,134,1492,0.1388
1359,135,1494,0.1388
1366,134,1500,0.1388
1355,135,1490,0.1388
1365,133,1498,0.1388
1356,134,1490,0.1388
1365,134,1499,0.1388
1369,131,1500,0.1388
1364,129,1493,0.1388
1358,126,1484,0.1388
1365,126,1491,0.1388
1372,127,1499,0.1388
1355,127,1482,0.1388
1355,126,1481,0.1388
1360,126,1486,0.1388
1353,127,1480,0.1388
1364,126,1490,0.1388
1363,127,1490,0.1388
1347,127,1474,0.1388
1355,131,1486,0.1388
1359,133,1492,0.1388
1352,132,1484,0.1388
1346,131,1477,0.1388
1354,135,1489,0.1388
1351,137,1488,0.1388
1354,138,1492,0.1388
1357,139,1496,0.1388
1358,139,1497,0.1388
1373,137,1510,0.1388
1367,139,1506,0.1388
1351,137,1488,0.1388
1348,139,1487,0.1388
1354,138,1492,0.1388
1343,139,1482,0.1388
1350,135,1485,0.1388
1355,138,1493,0.1388
1342,139,1481,0.1388
1349,137,1486,0.1388
1358,137,1495,0.1388
1364,138,1502,0.1388
1348,135,1483,0.1388
1346,138,1484,0.1388
1367,137,1504,0.1388
1367,137,1504,0.1388
1377,132,1509,0.1388
1370,135,1505,0.1388
1369,140,1509,0.1388
1365,142,1507,0.1388
1369,144,1513,0.1388
1360,145,1505,0.1388
1341,144,1485,0.1388
1336,143,1479,0.1388
1343,141,1484,0.1388
1347,143,1490,0.1388
1355,142,1497,0.1388
1360,141,1501,0.1388
1359,138,1497,0.1388
1349,140,1489,0.1388
1366,141,1507,0.1388
1359,142,1501,0.1388
1362,146,1508,0.1388
1350,149,1499,0.1388
1352,147,1499,0.1388
1348,146,1494,0.1388
1348,147,1495,0.1388
1343,148,1491,0.1388
1342,150,1492,0.1388
1337,143,1480,0.1388
1334,147,1481,0.1388
1343,150,1493,0.1388
1348,152,1500,0.1388
1353,153,1506,0.1388
1357,152,1509,0.1388
1334,152,1486,0.1388
1341,154,1495,0.1388
1331,156,1487,0.1388
1326,154,1480,0.1388
1344,152,1496,0.1388
1332,151,1483,0.1388
1339,155,1494,0.1388
1338,155,1493,0.1388
1338,158,1496,0.1388
1334,159,1493,0.1388
1329,162,1491,0.1388
1335,160,1495,0.1388
1332,167,1499,0.1388
1341,164,1505,0.1388
1337,158,1495,0.1388
1338,157,1495,0.1388
1344,160,1504,0.1388
1351,164,1515,0.1388
1347,165,1512,0.1388
1345,165,1510,0.1388
1341,162,1503,0.1388
1339,163,1502,0.1388
1332,164,1496,0.1388
1323,165,1488,0.1388
1321,168,1489,0.1388
1316,169,1485,0.1388
1332,169,1501,0.1388
1330,171,1501,0.1388
1340,176,1516,0.1388
1329,173,1502,0.1388
1317,168,1485,0.1388
1312,167,1479,0.1388
1318,163,1481,0.1388
1317,168,1485,0.1388
1324,170,1494,0.1388
1325,170,1495,0.1388
1312,171,1483,0.1388
1328,171,1499,0.1388
1321,173,1494,0.1388
1318,173,1491,0.1388
1315,173,1488,0.1388
1325,175,1500,0.1388
1324,173,1497,0.1388
1320,168,1488,0.1388
1322,170,1492,0.1388
1315,169,1484,0.1388
1309,169,1478,0.1388
1317,162,1479,0.1388
1330,169,1499,0.1388
1336,172,1508,0.1388
1328,169,1497,0.1388
1316,176,1492,0.1388
1327,178,1505,0.1388
1329,176,1505,0.1388
1324,173,1497,0.1388
1308,175,1483,0.1388
1310,176,1486,0.1388
1315,176,1491,0.1388
1332,172,1504,0.1388
1328,178,1506,0.1388
1320,185,1505,0.1388
1323,185,1508,0.1388
1316,186,1502,0.1388
1312,185,1497,0.1388
1311,186,1497,0.1388
1302,193,1495,0.1388
1310,192,1502,0.1388
1312,196,1508,0.1388
1299,195,1494,0.1388
1291,198,1489,0.1388
1296,199,1495,0.1388
1302,197,1499,0.1388
1310,194,1504,0.1388
1307,193,1500,0.1388
1321,191,1512,0.1388
1300,193,1493,0.1388
1302,194,1496,0.1388
1306,195,1501,0.1388
1314,192,1506,0.1388
1305,201,1506,0.1388
1293,199,1492,0.1388
1293,199,1492,0.1388
1298,199,1497,0.1388
1313,202,1515,0.1388
1313,201,1514,0.1388
1303,199,1502,0.1388
1300,197,1497,0.1388
1307,198,1505,0.1388
1315,197,1512,0.1388
1293,195,1488,0.1388
1301,197,1498,0.1388
1288,200,1488,0.1388
1294,200,1494,0.1388
1288,201,1489,0.1388
1288,200,1488,0.1388
1303,196,1499,0.1388
1299,196,1495,0.1388
1309,191,1500,0.1388
1312,199,1511,0.1388
1316,198,1514,0.1388
1313,202,1515,0.1388
1311,202,1513,0.1388
1320,202,1522,0.1388
1315,202,1517,0.1388
1319,203,1522,0.1388
1298,199,1497,0.1388
1291,204,1495,0.1388
1281,208,1489,0.1388
1284,205,1489,0.1388
1304,208,1512,0.1388
1308,203,1511,0.1388
1291,203,1494,0.1388
1294,202,1496,0.1388
1294,202,1496,0.1388
1288,199,1487,0.1388
1276,200,1476,0.1388
1291,204,1495,0.1388
1279,206,1485,0.1388
1281,206,1487,0.1388
1283,209,1492,0.1388
1283,216,1499,0.1388
1282,220,1502,0.1388
1287,224,1511,0.1388
1281,225,1506,0.1388
1271,222,1493,0.1388
1269,218,1487,0.1388
1273,222,1495,0.1388
1272,215,1487,0.1388
1269,217,1486,0.1388
1278,220,1498,0.1388
1277,218,1495,0.1388
1283,214,1497,0.1388
1278,218,1496,0.1388
1280,216,1496,0.1388
1287,217,1504,0.1388
1274,218,1492,0.1388
1269,225,1494,0.1388
1263,226,1489,0.1388
1270,234,1504,0.1388
1266,230,1496,0.1388
1251,225,1476,0.1388
1243,235,1478,0.1388
1240,233,1473,0.1388
1237,240,1477,0.1388
1245,238,1483,0.1388
1249,237,1486,0.1388
1239,238,1477,0.1388
1246,239,1485,0.1388
1249,241,1490,0.1388
1258,243,1501,0.1388
1262,236,1498,0.1388
1260,241,1501,0.1388
1256,248,1504,0.1388
1257,249,1506,0.1388
1256,245,1501,0.1388
1256,242,1498,0.1388
1267,239,1506,0.1388
1269,238,1507,0.1388
1276,235,1511,0.1388
1266,238,1504,0.1388
1268,236,1504,0.1388
1263,239,1502,0.1388
1254,246,1500,0.1388
1247,250,1497,0.1388
1247,253,1500,0.1388
1228,256,1484,0.1388
1231,252,1483,0.1388
1225,252,1477,0.1388
1244,251,1495,0.1388
1244,255,1499,0.1388
1244,254,1498,0.1388
1233,256,1489,0.1388
1223,257,1480,0.1388
1217,254,1471,0.1388
1219,256,1475,0.1388
1222,260,1482,0.1388
1227,262,1489,0.1388
1221,263,1484,0.1388
1226,256,1482,0.1388
1217,266,1483,0.1388
1215,265,1480,0.1388
1220,267,1487,0.1388
1220,268,1488,0.1388
1229,270,1499,0.1388
1235,274,1509,0.1388
1218,271,1489,0.1388
1213,270,1483,0.1388
1210,269,1479,0.1388
1219,268,1487,0.1388
1221,263,1484,0.1388
1223,260,1483,0.1388
1225,267,1492,0.1388
1226,260,1486,0.1388
1219,258,1477,0.1388
1231,250,1481,0.1388
1235,252,1487,0.1388
1232,249,1481,0.1388
1221,249,1470,0.1388
1226,248,1474,0.1388
1236,256,1492,0.1388
1236,266,1502,0.1388
1238,265,1503,0.1388
1236,268,1504,0.1388
1246,263,1509,0.1388
1245,265,1510,0.1388
1241,264,1505,0.1388
1239,261,1500,0.1388
1242,265,1507,0.1388
1244,263,1507,0.1388
1244,267,1511,0.1388
1236,262,1498,0.1388
1247,265,1512,0.1388
1245,258,1503,0.1388
1248,257,1505,0.1388
1234,255,1489,0.1388
1229,257,1486,0.1388
1242,253,1495,0.1388
1244,255,1499,0.1388
1254,254,1508,0.1388
1243,253,1496,0.1388
1244,255,1499,0.1388
1242,256,1498,0.1388
1246,256,1502,0.1388
1240,257,1497,0.1388
1245,257,1502,0.1388
1243,261,1504,0.1388
1232,261,1493,0.1388
1237,259,1496,0.1388
1236,258,1494,0.1388
1233,260,1493,0.1388
1238,261,1499,0.1388
1245,255,1500,0.1388
1248,256,1504,0.1388
1245,260,1505,0.1388
1243,262,1505,0.1388
1238,264,1502,0.1388
1241,260,1501,0.1388
1244,257,1501,0.1388
1254,259,1513,0.1388
1266,256,1522,0.1388
1255,256,1511,0.1388
1263,258,1521,0.1388
1243,259,1502,0.1388
1237,263,1500,0.1388
1221,265,1486,0.1388
1222,263,1485,0.1388
1239,257,1496,0.1388
1232,260,1492,0.1388
1226,261,1487,0.1388
1238,259,1497,0.1388
1228,255,1483,0.1388
1222,261,1483,0.1388
1229,264,1493,0.1388
1228,264,1492,0.1388
1223,262,1485,0.1388
1224,262,1486,0.1388
1218,260,1478,0.1388
1223,260,1483,0.1388
1243,264,1507,0.1388
1238,263,1501,0.1388
1244,264,1508,0.1388
1241,257,1498,0.1388
1231,258,1489,0.1388
1223,259,1482,0.1388
1234,265,1499,0.1388
1223,266,1489,0.1388
1224,257,1481,0.1388
1241,259,1500,0.1388
1247,259,1506,0.1388
1248,257,1505,0.1388
1249,253,1502,0.1388
1233,253,1486,0.1388
1233,254,1487,0.1388
1234,259,1493,0.1388
1237,260,1497,0.1388
1225,264,1489,0.1388
1227,266,1493,0.1388
1226,265,1491,0.1388
1218,267,1485,0.1388
1222,264,1486,0.1388
1222,265,1487,0.1388
1233,268,1501,0.1388
1234,272,1506,0.1388
1239,274,1513,0.1388
1231,283,1514,0.1388
1226,275,1501,0.1388
1229,274,1503,0.1388
1239,275,1514,0.1388
1235,268,1503,0.1388
1228,263,1491,0.1388
1226,266,1492,0.1388
1220,269,1489,0.1388
1218,274,1492,0.1388
1211,267,1478,0.1388
1213,266,1479,0.1388
1233,266,1499,0.1388
1230,263,1493,0.1388
1226,266,1492,0.1388
1230,269,1499,0.1388
1228,270,1498,0.1388
1209,271,1480,0.1388
1216,276,1492,0.1388
1219,273,1492,0.1388
1221,279,1500,0.1388
1217,275,1492,0.1388
1211,268,1479,0.1388
1211,274,1485,0.1388
1215,274,1489,0.1388
1214,275,1489,0.1388
1212,278,1490,0.1388
1220,282,1502,0.1388
1223,284,1507,0.1388
1216,279,1495,0.1388
1219,281,1500,0.1388
1222,278,1500,0.1388
1220,281,1501,0.1388
1221,283,1504,0.1388
1212,284,1496,0.1388
1213,286,1499,0.1388
1214,289,1503,0.1388
1210,287,1497,0.1388
1209,289,1498,0.1388
1192,290,1482,0.1388
1189,283,1472,0.1388
1195,284,1479,0.1388
1192,286,1478,0.1388
1189,291,1480,0.1388
1189,296,1485,0.1388
1186,299,1485,0.1388
1188,299,1487,0.1388
1180,295,1475,0.1388
1183,296,1479,0.1388
1194,296,1490,0.1388
1195,292,1487,0.1388
1201,295,1496,0.1388
1199,295,1494,0.1388
1205,289,1494,0.1388
1201,294,1495,0.1388
1191,294,1485,0.1388
1196,291,1487,0.1388
1190,289,1479,0.1388
1212,289,1501,0.1388
1212,293,1505,0.1388
1210,289,1499,0.1388
1205,287,1492,0.1388
1197,289,1486,0.1388
1201,291,1492,0.1388
1197,295,1492,0.1388
1202,298,1500,0.1388
1199,300,1499,0.1388
1205,297,1502,0.1388
1212,299,1511,0.1388
1203,303,1506,0.1388
1197,306,1503,0.1388
1193,313,1506,0.1388
1181,307,1488,0.1388
1181,310,1491,0.1388
1177,311,1488,0.1388
1181,315,1496,0.1388
1179,313,1492,0.1388
1179,318,1497,0.1388
1175,324,1499,0.1388
1174,323,1497,0.1388
1180,322,1502,0.1388
1187,314,1501,0.1388
1176,325,1501,0.1388
1175,323,1498,0.1388
1181,323,1504,0.1388
1177,326,1503,0.1388
1181,324,1505,0.1388
1169,325,1494,0.1388
1183,325,1508,0.1388
1165,327,1492,0.1388
1169,323,1492,0.1388
1180,326,1506,0.1388
1187,324,1511,0.1388
1186,324,1510,0.1388
1182,327,1509,0.1388
1206,325,1531,0.1388
1191,324,1515,0.1388
1197,332,1529,0.1388
1186,328,1514,0.1388
1176,332,1508,0.1388
1178,331,1509,0.1388
1172,334,1506,0.1388
1160,336,1496,0.1388
1155,337,1492,0.1388
1176,336,1512,0.1388
1170,330,1500,0.1388
1169,334,1503,0.1388
1163,337,1500,0.1388
1155,337,1492,0.1388
1163,342,1505,0.1388
1160,343,1503,0.1388
1146,344,1490,0.1388
1141,347,1488,0.1388
1145,345,1490,0.1388
1157,339,1496,0.1388
1150,341,1491,0.1388
1147,347,1494,0.1388
1141,342,1483,0.1388
1150,341,1491,0.1388
1153,348,1501,0.1388
1145,347,1492,0.1388
1154,347,1501,0.1388
1150,351,1501,0.1388
1150,347,1497,0.1388
1147,346,1493,0.1388
1155,347,1502,0.1388
1166,338,1504,0.1388
1150,347,1497,0.1388
1150,351,1501,0.1388
1149,351,1500,0.1388
1149,352,1501,0.1388
1137,354,1491,0.1388
1132,357,1489,0.1388
1140,349,1489,0.1388
1147,355,1502,0.1388
1133,356,1489,0.1388
1141,355,1496,0.1388
1137,355,1492,0.1388
1136,357,1493,0.1388
1144,357,1501,0.1388
1132,360,1492,0.1388
1130,354,1484,0.1388
1122,354,1476,0.1388
1122,361,1483,0.1388
1113,362,1475,0.1388
1118,362,1480,0.1388
1128,359,1487,0.1388
1131,363,1494,0.1388
1141,356,1497,0.1388
1140,355,1495,0.1388
1144,357,1501,0.1388
1144,353,1497,0.1388
1148,355,1503,0.1388
1138,352,1490,0.1388
1134,356,1490,0.1388
1137,357,1494,0.1388
1138,350,1488,0.1388
1132,346,1478,0.1388
1140,349,1489,0.1388
1142,345,1487,0.1388
1141,346,1487,0.1388
1147,344,1491,0.1388
1145,357,1502,0.1388
1141,352,1493,0.1388
1146,343,1489,0.1388
1150,342,1492,0.1388
1156,339,1495,0.1388
1154,337,1491,0.1388
1148,341,1489,0.1388
1148,342,1490,0.1388
1149,342,1491,0.1388
1141,338,1479,0.1388
1150,342,1492,0.1388
1156,344,1500,0.1388
1136,347,1483,0.1388
1147,348,1495,0.1388
1145,355,1500,0.1388
1152,350,1502,0.1388
1149,352,1501,0.1388
1154,353,1507,0.1388
1152,355,1507,0.1388
1161,355,1516,0.1388
1153,355,1508,0.1388
1150,347,1497,0.1388
1148,347,1495,0.1388
1147,353,1500,0.1388
1147,345,1492,0.1388
1146,349,1495,0.1388
1148,350,1498,0.1388
1155,356,1511,0.1388
1164,358,1522,0.1388
1159,352,1511,0.1388
1152,356,1508,0.1388
1148,355,1503,0.1388
1151,362,1513,0.1388
1153,360,1513,0.1388
1144,362,1506,0.1388
1130,359,1489,0.1388
1126,367,1493,0.1388
1130,372,1502,0.1388
1137,368,1505,0.1388
1130,366,1496,0.1388
1132,365,1497,0.1388
1136,365,1501,0.1388
1133,367,1500,0.1388
1126,366,1492,0.1388
1128,371,1499,0.1388
1135,371,1506,0.1388
1143,366,1509,0.1388
1141,362,1503,0.1388
1139,360,1499,0.1388
1142,361,1503,0.1388
1139,364,1503,0.1388
1129,365,1494,0.1388
1132,365,1497,0.1388
1126,371,1497,0.1388
1126,372,1498,0.1388
1134,371,1505,0.1388
1136,368,1504,0.1388
1127,369,1496,0.1388
1136,369,1505,0.1388
1141,365,1506,0.1388
1130,358,1488,0.1388
1137,366,1503,0.1388
1139,366,1505,0.1388
1138,377,1515,0.1388
1122,368,1490,0.1388
1121,375,1496,0.1388
1124,372,1496,0.1388
1127,373,1500,0.1388
1133,378,1511,0.1388
1125,372,1497,0.1388
1126,376,1502,0.1388
1113,381,1494,0.1388
1115,373,1488,0.1388
1114,376,1490,0.1388
1121,378,1499,0.1388
1112,390,1502,0.1388
1115,387,1502,0.1388
1110,390,1500,0.1388
1115,384,1499,0.1388
1118,388,1506,0.1388
1117,383,1500,0.1388
1115,370,1485,0.1388
1113,373,1486,0.1388
1117,376,1493,0.1388
1113,378,1491,0.1388
1108,381,1489,0.1388
1107,385,1492,0.1388
1102,383,1485,0.1388
1109,382,1491,0.1388
1110,388,1498,0.1388
1106,392,1498,0.1388
1099,395,1494,0.1388
1103,391,1494,0.1388
1103,404,1507,0.1388
1104,406,1510,0.1388
1109,407,1516,0.1388
1109,415,1524,0.1388
1093,412,1505,0.1388
1097,412,1509,0.1388
1093,410,1503,0.1388
1088,411,1499,0.1388
1094,414,1508,0.1388
1093,408,1501,0.1388
1100,411,1511,0.1388
1099,413,1512,0.1388
1101,416,1517,0.1388
1079,405,1484,0.1388
1080,407,1487,0.1388
1094,408,1502,0.1388
1089,409,1498,0.1388
1091,410,1501,0.1388
1092,409,1501,0.1388
1098,412,1510,0.1388
1095,412,1507,0.1388
1103,406,1509,0.1388
1095,409,1504,0.1388
1101,406,1507,0.1388
1107,407,1514,0.1388
1107,410,1517,0.1388
1097,409,1506,0.1388
1090,413,1503,0.1388
1091,415,1506,0.1388
1097,416,1513,0.1388
1098,410,1508,0.1388
1093,402,1495,0.1388
1098,399,1497,0.1388
1094,401,1495,0.1388
1085,399,1484,0.1388
1080,398,1478,0.1388
1083,400,1483,0.1388
1096,400,1496,0.1388
1102,395,1497,0.1388
1087,390,1477,0.1388
1091,400,1491,0.1388
1085,397,1482,0.1388
1084,401,1485,0.1388
1090,400,1490,0.1388
1088,410,1498,0.1388
1087,411,1498,0.1388
1097,417,1514,0.1388
1096,423,1519,0.1388
1096,423,1519,0.1388
1095,423,1518,0.1388
1081,422,1503,0.1388
1073,422,1495,0.1388
1078,426,1504,0.1388
1072,431,1503,0.1388
1064,429,1493,0.1388
1054,426,1480,0.1388
1060,435,1495,0.1388
1055,436,1491,0.1388
1057,440,1497,0.1388
1055,436,1491,0.1388
1054,438,1492,0.1388
1042,432,1474,0.1388
1042,432,1474,0.1388
1051,426,1477,0.1388
1066,426,1492,0.1388
1055,428,1483,0.1388
1065,435,1500,0.1388
1067,435,1502,0.1388
1067,440,1507,0.1388
1067,434,1501,0.1388
1076,438,1514,0.1388
1073,434,1507,0.1388
1078,433,1511,0.1388
1066,431,1497,0.1388
1071,438,1509,0.1388
1066,437,1503,0.1388
1072,440,1512,0.1388
1062,449,1511,0.1388
1061,445,1506,0.1388
1067,437,1504,0.1388
1070,436,1506,0.1388
1068,439,1507,0.1388
1059,431,1490,0.1388
1066,437,1503,0.1388
1070,433,1503,0.1388
1062,433,1495,0.1388
1054,440,1494,0.1388
1057,436,1493,0.1388
1062,445,1507,0.1388
1055,440,1495,0.1388
1059,444,1503,0.1388
1062,440,1502,0.1388
1063,447,1510,0.1388
1053,443,1496,0.1388
1058,439,1497,0.1388
1069,439,1508,0.1388
1067,430,1497,0.1388
1080,433,1513,0.1388
1072,427,1499,0.1388
1079,433,1512,0.1388
1075,437,1512,0.1388
1081,432,1513,0.1388
1070,436,1506,0.1388
1070,446,1516,0.1388
1072,439,1511,0.1388
1049,437,1486,0.1388
1049,437,1486,0.1388
1052,431,1483,0.1388
1047,436,1483,0.1388
1043,436,1479,0.1388
1054,438,1492,0.1388
1063,434,1497,0.1388
1071,441,1512,0.1388
1075,443,1518,0.1388
1065,438,1503,0.1388
1062,441,1503,0.1388
1056,436,1492,0.1388
1059,438,1497,0.1388
1053,438,1491,0.1388
1054,436,1490,0.1388
1071,437,1508,0.1388
1065,438,1503,0.1388
1077,438,1515,0.1388
1078,442,1520,0.1388
1070,435,1505,0.1388
1065,438,1503,0.1388
1065,436,1501,0.1388
1062,438,1500,0.1388
1062,439,1501,0.1388
1053,442,1495,0.1388
1060,440,1500,0.1388
1053,435,1488,0.1388
1051,433,1484,0.1388
1049,436,1485,0.1388
1051,438,1489,0.1388
1050,435,1485,0.1388
1058,432,1490,0.1388
1064,437,1501,0.1388
1072,435,1507,0.1388
1062,434,1496,0.1388
1070,438,1508,0.1388
1069,441,1510,0.1388
1071,432,1503,0.1388
1071,438,1509,0.1388
1068,438,1506,0.1388
1057,442,1499,0.1388
1050,441,1491,0.1388
1051,439,1490,0.1388
1055,439,1494,0.1388
1054,435,1489,0.1388
1057,440,1497,0.1388
1061,443,1504,0.1388
1065,440,1505,0.1388
1065,435,1500,0.1388
1059,445,1504,0.1388
1051,449,1500,0.1388
1056,442,1498,0.1388
1048,452,1500,0.1388
1053,450,1503,0.1388
1052,449,1501,0.1388
1049,453,1502,0.1388
1051,447,1498,0.1388
1046,448,1494,0.1388
1046,453,1499,0.1388
1042,455,1497,0.1388
1047,453,1500,0.1388
1044,447,1491,0.1388
1047,455,1502,0.1388
1044,455,1499,0.1388
1046,449,1495,0.1388
1050,453,1503,0.1388
1051,444,1495,0.1388
1056,447,1503,0.1388
1041,455,1496,0.1388
1043,454,1497,0.1388
1047,453,1500,0.1388
1040,451,1491,0.1388
1048,451,1499,0.1388
1051,453,1504,0.1388
1053,446,1499,0.1388
1051,452,1503,0.1388
1048,450,1498,0.1388
1045,453,1498,0.1388
1043,455,1498,0.1388
1052,455,1507,0.1388
1054,455,1509,0.1388
1058,452,1510,0.1388
1045,457,1502,0.1388
1040,450,1490,0.1388
1045,450,1495,0.1388
1033,454,1487,0.1388
1028,460,1488,0.1388
1036,461,1497,0.1388
1029,456,1485,0.1388
1030,455,1485,0.1388
1035,456,1491,0.1388
1039,453,1492,0.1388
1034,450,1484,0.1388
1039,458,1497,0.1388
1040,463,1503,0.1388
1030,458,1488,0.1388
1035,461,1496,0.1388
1030,457,1487,0.1388
1030,456,1486,0.1388
1024,461,1485,0.1388
1023,463,1486,0.1388
1046,473,1519,0.1388
1040,473,1513,0.1388
1036,471,1507,0.1388
1031,476,1507,0.1388
1035,479,1514,0.1388
1024,478,1502,0.1388
1023,475,1498,0.1388
1029,480,1509,0.1388
1021,481,1502,0.1388
1026,484,1510,0.1388
1032,482,1514,0.1388
1016,481,1497,0.1388
1011,487,1498,0.1388
1011,485,1496,0.1388
1010,486,1496,0.1388
1008,486,1494,0.1388
1007,491,1498,0.1388
999,491,1490,0.1388
988,500,1488,0.1388
984,504,1488,0.1388
975,500,1475,0.1388
980,499,1479,0.1388
992,503,1495,0.1388
1001,504,1505,0.1388
1011,499,1510,0.1388
1010,497,1507,0.1388
1004,499,1503,0.1388
996,501,1497,0.1388
988,512,1500,0.1388
994,501,1495,0.1388
981,507,1488,0.1388
988,514,1502,0.1388
984,516,1500,0.1388
982,514,1496,0.1388
985,518,1503,0.1388
987,522,1509,0.1388
974,519,1493,0.1388
977,509,1486,0.1388
977,509,1486,0.1388
997,522,1519,0.1388
1007,518,1525,0.1388
998,515,1513,0.1388
998,512,1510,0.1388
993,512,1505,0.1388
986,518,1504,0.1388
983,520,1503,0.1388
985,521,1506,0.1388
995,513,1508,0.1388
973,509,1482,0.1388
982,513,1495,0.1388
990,516,1506,0.1388
979,522,1501,0.1388
986,526,1512,0.1388
984,522,1506,0.1388
983,521,1504,0.1388
990,528,1518,0.1388
984,534,1518,0.1388
986,524,1510,0.1388
978,530,1508,0.1388
968,531,1499,0.1388
971,529,1500,0.1388
967,529,1496,0.1388
961,527,1488,0.1388
968,526,1494,0.1388
971,525,1496,0.1388
964,530,1494,0.1388
973,529,1502,0.1388
975,538,1513,0.1388
974,536,1510,0.1388
963,535,1498,0.1388
968,534,1502,0.1388
962,535,1497,0.1388
955,533,1488,0.1388
948,533,1481,0.1388
961,537,1498,0.1388
964,533,1497,0.1388
966,521,1487,0.1388
968,528,1496,0.1388
970,528,1498,0.1388
961,529,1490,0.1388
969,534,1503,0.1388
968,544,1512,0.1388
969,543,1512,0.1388
965,537,1502,0.1388
971,541,1512,0.1388
975,535,1510,0.1388
968,544,1512,0.1388
968,545,1513,0.1388
958,541,1499,0.1388
965,541,1506,0.1388
964,530,1494,0.1388
965,527,1492,0.1388
959,530,1489,0.1388
956,534,1490,0.1388
957,538,1495,0.1388
955,538,1493,0.1388
967,532,1499,0.1388
970,533,1503,0.1388
965,534,1499,0.1388
960,540,1500,0.1388
962,545,1507,0.1388
963,556,1519,0.1388
958,555,1513,0.1388
958,545,1503,0.1388
956,548,1504,0.1388
960,547,1507,0.1388
944,550,1494,0.1388
948,560,1508,0.1388
940,562,1502,0.1388
947,549,1496,0.1388
955,551,1506,0.1388
958,546,1504,0.1388
959,544,1503,0.1388
962,547,1509,0.1388
951,543,1494,0.1388
961,540,1501,0.1388
947,549,1496,0.1388
956,545,1501,0.1388
953,541,1494,0.1388
952,550,1502,0.1388
961,552,1513,0.1388
951,556,1507,0.1388
956,557,1513,0.1388
958,557,1515,0.1388
968,560,1528,0.1388
967,557,1524,0.1388
973,557,1530,0.1388
957,553,1510,0.1388
954,551,1505,0.1388
943,550,1493,0.1388
936,563,1499,0.1388
927,565,1492,0.1388
930,569,1499,0.1388
930,580,1510,0.1388
922,576,1498,0.1388
923,577,1500,0.1388
926,577,1503,0.1388
930,576,1506,0.1388
927,579,1506,0.1388
908,584,1492,0.1388
911,587,1498,0.1388
904,593,1497,0.1388
895,595,1490,0.1388
896,590,1486,0.1388
891,589,1480,0.1388
896,585,1481,0.1388
910,578,1488,0.1388
907,586,1493,0.1388
910,592,1502,0.1388
900,597,1497,0.1388
900,598,1498,0.1388
888,599,1487,0.1388
890,610,1500,0.1388
887,613,1500,0.1388
894,618,1512,0.1388
890,618,1508,0.1388
889,619,1508,0.1388
886,617,1503,0.1388
887,610,1497,0.1388
882,614,1496,0.1388
887,612,1499,0.1388
882,622,1504,0.1388
888,621,1509,0.1388
873,629,1502,0.1388
873,631,1504,0.1388
870,632,1502,0.1388
861,630,1491,0.1388
865,633,1498,0.1388
872,635,1507,0.1388
875,634,1509,0.1388
872,632,1504,0.1388
871,635,1506,0.1388
860,633,1493,0.1388
858,630,1488,0.1388
862,641,1503,0.1388
863,641,1504,0.1388
872,638,1510,0.1388
867,644,1511,0.1388
860,634,1494,0.1388
867,620,1487,0.1388
865,633,1498,0.1388
864,629,1493,0.1388
858,625,1483,0.1388
866,628,1494,0.1388
867,632,1499,0.1388
862,635,1497,0.1388
859,642,1501,0.1388
862,633,1495,0.1388
860,632,1492,0.1388
847,646,1493,0.1388
847,647,1494,0.1388
847,645,1492,0.1388
856,639,1495,0.1388
856,643,1499,0.1388
841,658,1499,0.1388
838,663,1501,0.1388
843,662,1505,0.1388
840,668,1508,0.1388
843,666,1509,0.1388
842,668,1510,0.1388
835,663,1498,0.1388
840,663,1503,0.1388
847,668,1515,0.1388
856,666,1522,0.1388
845,672,1517,0.1388
839,673,1512,0.1388
834,679,1513,0.1388
841,677,1518,0.1388
828,671,1499,0.1388
827,678,1505,0.1388
826,670,1496,0.1388
824,681,1505,0.1388
818,691,1509,0.1388
819,694,1513,0.1388
818,679,1497,0.1388
823,684,1507,0.1388
819,690,1509,0.1388
820,698,1518,0.1388
825,698,1523,0.1388
830,692,1522,0.1388
830,691,1521,0.1388
830,692,1522,0.1388
828,693,1521,0.1388
825,686,1511,0.1388
825,689,1514,0.1388
818,690,1508,0.1388
825,683,1508,0.1388
830,679,1509,0.1388
829,685,1514,0.1388
816,691,1507,0.1388
808,704,1512,0.1388
806,703,1509,0.1388
805,700,1505,0.1388
796,704,1500,0.1388
802,708,1510,0.1388
799,700,1499,0.1388
794,707,1501,0.1388
796,715,1511,0.1388
795,714,1509,0.1388
798,707,1505,0.1388
804,704,1508,0.1388
809,701,1510,0.1388
813,701,1514,0.1388
808,694,1502,0.1388
800,697,1497,0.1388
804,698,1502,0.1388
796,704,1500,0.1388
802,705,1507,0.1388
810,707,1517,0.1388
805,704,1509,0.1388
795,702,1497,0.1388
791,707,1498,0.1388
785,714,1499,0.1388
770,720,1490,0.1388
778,719,1497,0.1388
777,716,1493,0.1388
776,721,1497,0.1388
772,718,1490,0.1388
776,722,1498,0.1388
766,725,1491,0.1388
760,727,1487,0.1388
764,731,1495,0.1388
759,735,1494,0.1388
761,736,1497,0.1388
760,734,1494,0.1388
768,730,1498,0.1388
764,736,1500,0.1388
760,738,1498,0.1388
760,750,1510,0.1388
757,758,1515,0.1388
766,756,1522,0.1388
762,755,1517,0.1388
764,749,1513,0.1388
761,750,1511,0.1388
761,756,1517,0.1388
750,759,1509,0.1388
751,751,1502,0.1388
739,759,1498,0.1388
739,759,1498,0.1388
744,759,1503,0.1388
737,769,1506,0.1388
733,763,1496,0.1388
740,752,1492,0.1388
744,754,1498,0.1388
748,762,1510,0.1388
741,760,1501,0.1388
746,766,1512,0.1388
746,759,1505,0.1388
749,752,1501,0.1388
749,760,1509,0.1388
755,756,1511,0.1388
747,757,1504,0.1388
751,756,1507,0.1388
754,764,1518,0.1388
754,768,1522,0.1388
756,771,1527,0.1388
745,757,1502,0.1388
745,762,1507,0.1388
742,757,1499,0.1388
743,768,1511,0.1388
736,771,1507,0.1388
737,770,1507,0.1388
730,768,1498,0.1388
726,766,1492,0.1388
727,766,1493,0.1388
726,764,1490,0.1388
723,767,1490,0.1388
722,762,1484,0.1388
730,761,1491,0.1388
731,773,1504,0.1388
726,766,1492,0.1388
727,761,1488,0.1388
730,763,1493,0.1388
731,768,1499,0.1388
731,768,1499,0.1388
726,765,1491,0.1388
727,776,1503,0.1388
728,771,1499,0.1388
735,776,1511,0.1388
743,773,1516,0.1388
737,772,1509,0.1388
727,779,1506,0.1388
730,774,1504,0.1388
730,764,1494,0.1388
726,778,1504,0.1388
732,773,1505,0.1388
723,781,1504,0.1388
718,790,1508,0.1388
724,785,1509,0.1388
716,776,1492,0.1388
716,783,1499,0.1388
711,792,1503,0.1388
717,787,1504,0.1388
706,797,1503,0.1388
709,795,1504,0.1388
710,798,1508,0.1388
705,792,1497,0.1388
708,796,1504,0.1388
699,797,1496,0.1388
712,798,1510,0.1388
708,788,1496,0.1388
702,791,1493,0.1388
697,792,1489,0.1388
696,802,1498,0.1388
699,802,1501,0.1388
694,805,1499,0.1388
690,807,1497,0.1388
684,801,1485,0.1388
687,804,1491,0.1388
698,799,1497,0.1388
698,805,1503,0.1388
701,804,1505,0.1388
704,814,1518,0.1388
703,802,1505,0.1388
703,806,1509,0.1388
705,805,1510,0.1388
708,808,1516,0.1388
706,806,1512,0.1388
707,805,1512,0.1388
699,801,1500,0.1388
704,803,1507,0.1388
701,800,1501,0.1388
706,803,1509,0.1388
704,806,1510,0.1388
690,808,1498,0.1388
682,800,1482,0.1388
688,805,1493,0.1388
702,805,1507,0.1388
710,808,1518,0.1388
708,806,1514,0.1388
696,801,1497,0.1388
702,792,1494,0.1388
704,791,1495,0.1388
701,802,1503,0.1388
703,807,1510,0.1388
694,809,1503,0.1388
691,811,1502,0.1388
693,815,1508,0.1388
692,823,1515,0.1388
691,829,1520,0.1388
689,827,1516,0.1388
688,822,1510,0.1388
685,827,1512,0.1388
682,828,1510,0.1388
683,826,1509,0.1388
677,824,1501,0.1388
679,831,1510,0.1388
677,825,1502,0.1388
673,832,1505,0.1388
671,833,1504,0.1388
666,828,1494,0.1388
671,829,1500,0.1388
653,838,1491,0.1388
653,838,1491,0.1388
659,842,1501,0.1388
661,838,1499,0.1388
653,846,1499,0.1388
657,847,1504,0.1388
655,853,1508,0.1388
653,852,1505,0.1388
655,860,1515,0.1388
654,855,1509,0.1388
652,850,1502,0.1388
644,859,1503,0.1388
646,859,1505,0.1388
640,858,1498,0.1388
631,860,1491,0.1388
623,852,1475,0.1388
628,862,1490,0.1388
630,873,1503,0.1388
624,871,1495,0.1388
629,877,1506,0.1388
625,879,1504,0.1388
626,883,1509,0.1388
627,879,1506,0.1388
633,874,1507,0.1388
635,871,1506,0.1388
634,861,1495,0.1388
630,864,1494,0.1388
637,871,1508,0.1388
629,872,1501,0.1388
626,870,1496,0.1388
618,885,1503,0.1388
628,886,1514,0.1388
623,886,1509,0.1388
625,882,1507,0.1388
615,893,1508,0.1388
612,884,1496,0.1388
618,885,1503,0.1388
611,890,1501,0.1388
612,885,1497,0.1388
612,899,1511,0.1388
610,899,1509,0.1388
606,907,1513,0.1388
595,914,1509,0.1388
583,920,1503,0.1388
602,900,1502,0.1388
593,899,1492,0.1388
581,909,1490,0.1388
594,908,1502,0.1388
597,900,1497,0.1388
592,902,1494,0.1388
596,896,1492,0.1388
591,904,1495,0.1388
595,919,1514,0.1388
593,930,1523,0.1388
591,926,1517,0.1388
591,925,1516,0.1388
591,918,1509,0.1388
584,911,1495,0.1388
583,909,1492,0.1388
576,910,1486,0.1388
579,911,1490,0.1388
575,915,1490,0.1388
580,912,1492,0.1388
587,927,1514,0.1388
581,940,1521,0.1388
587,934,1521,0.1388
585,937,1522,0.1388
589,926,1515,0.1388
583,937,1520,0.1388
580,935,1515,0.1388
570,932,1502,0.1388
552,931,1483,0.1388
566,941,1507,0.1388
563,939,1502,0.1388
555,937,1492,0.1388
567,947,1514,0.1388
569,948,1517,0.1388
559,943,1502,0.1388
562,931,1493,0.1388
565,931,1496,0.1388
570,926,1496,0.1388
561,935,1496,0.1388
556,943,1499,0.1388
564,947,1511,0.1388
562,937,1499,0.1388
561,929,1490,0.1388
560,936,1496,0.1388
555,945,1500,0.1388
551,957,1508,0.1388
548,959,1507,0.1388
556,951,1507,0.1388
551,954,1505,0.1388
551,950,1501,0.1388
548,955,1503,0.1388
551,965,1516,0.1388
557,970,1527,0.1388
557,965,1522,0.1388
555,972,1527,0.1388
543,969,1512,0.1388
534,972,1506,0.1388
537,965,1502,0.1388
535,971,1506,0.1388
540,972,1512,0.1388
536,974,1510,0.1388
539,974,1513,0.1388
533,970,1503,0.1388
534,979,1513,0.1388
536,989,1525,0.1388
531,996,1527,0.1388
540,991,1531,0.1388
537,988,1525,0.1388
533,983,1516,0.1388
528,989,1517,0.1388
537,987,1524,0.1388
539,981,1520,0.1388
531,966,1497,0.1388
525,964,1489,0.1388
529,968,1497,0.1388
527,969,1496,0.1388
528,971,1499,0.1388
519,980,1499,0.1388
526,981,1507,0.1388
525,991,1516,0.1388
523,992,1515,0.1388
523,992,1515,0.1388
524,992,1516,0.1388
531,990,1521,0.1388
531,981,1512,0.1388
526,995,1521,0.1388
520,995,1515,0.1388
523,1004,1527,0.1388
517,1002,1519,0.1388
524,1000,1524,0.1388
523,995,1518,0.1388
522,992,1514,0.1388
513,991,1504,0.1388
516,992,1508,0.1388
514,994,1508,0.1388
518,1001,1519,0.1388
514,994,1508,0.1388
515,989,1504,0.1388
513,993,1506,0.1388
512,987,1499,0.1388
509,998,1507,0.1388
502,993,1495,0.1388
504,1004,1508,0.1388
502,995,1497,0.1388
493,1006,1499,0.1388
494,1017,1511,0.1388
493,1023,1516,0.1388
482,1025,1507,0.1388
489,1029,1518,0.1388
484,1034,1518,0.1388
484,1026,1510,0.1388
483,1033,1516,0.1388
491,1029,1520,0.1388
490,1022,1512,0.1388
485,1035,1520,0.1388
488,1024,1512,0.1388
487,1021,1508,0.1388
484,1023,1507,0.1388
488,1020,1508,0.1388
486,1022,1508,0.1388
487,1024,1511,0.1388
489,1013,1502,0.1388
489,1021,1510,0.1388
484,1010,1494,0.1388
479,1014,1493,0.1388
486,1028,1514,0.1388
487,1031,1518,0.1388
482,1030,1512,0.1388
479,1027,1506,0.1388
476,1031,1507,0.1388
463,1038,1501,0.1388
465,1043,1508,0.1388
466,1050,1516,0.1388
477,1041,1518,0.1388
476,1041,1517,0.1388
468,1044,1512,0.1388
467,1043,1510,0.1388
468,1040,1508,0.1388
471,1044,1515,0.1388
475,1049,1524,0.1388
471,1043,1514,0.1388
473,1038,1511,0.1388
471,1051,1522,0.1388
465,1050,1515,0.1388
462,1041,1503,0.1388
460,1049,1509,0.1388
461,1057,1518,0.1388
454,1050,1504,0.1388
452,1043,1495,0.1388
466,1051,1517,0.1388
464,1060,1524,0.1388
462,1057,1519,0.1388
456,1064,1520,0.1388
451,1059,1510,0.1388
450,1056,1506,0.1388
446,1057,1503,0.1388
444,1057,1501,0.1388
443,1064,1507,0.1388
445,1070,1515,0.1388
440,1068,1508,0.1388
444,1062,1506,0.1388
439,1073,1512,0.1388
439,1073,1512,0.1388
439,1073,1512,0.1388
438,1070,1508,0.1388
433,1074,1507,0.1388
433,1068,1501,0.1388
439,1080,1519,0.1388
434,1075,1509,0.1388
435,1069,1504,0.1388
428,1065,1493,0.1388
425,1076,1501,0.1388
423,1080,1503,0.1388
434,1063,1497,0.1388
429,1070,1499,0.1388
434,1074,1508,0.1388
429,1061,1490,0.1388
431,1063,1494,0.1388
436,1062,1498,0.1388
435,1058,1493,0.1388
434,1064,1498,0.1388
444,1084,1528,0.1388
434,1089,1523,0.1388
432,1078,1510,0.1388
435,1069,1504,0.1388
437,1067,1504,0.1388
432,1081,1513,0.1388
433,1086,1519,0.1388
436,1082,1518,0.1388
438,1072,1510,0.1388
432,1070,1502,0.1388
429,1081,1510,0.1388
421,1079,1500,0.1388
418,1064,1482,0.1388
422,1068,1490,0.1388
425,1062,1487,0.1388
431,1071,1502,0.1388
433,1075,1508,0.1388
428,1077,1505,0.1388
431,1095,1526,0.1388
428,1086,1514,0.1388
435,1087,1522,0.1388
425,1069,1494,0.1388
427,1088,1515,0.1388
429,1103,1532,0.1388
426,1094,1520,0.1388
421,1088,1509,0.1388
418,1086,1504,0.1388
427,1096,1523,0.1388
425,1095,1520,0.1388
417,1093,1510,0.1388
421,1104,1525,0.1388
425,1095,1520,0.1388
422,1093,1515,0.1388
422,1099,1521,0.1388
421,1097,1518,0.1388
418,1095,1513,0.1388
419,1094,1513,0.1388
415,1100,1515,0.1388
413,1095,1508,0.1388
412,1083,1495,0.1388
409,1094,1503,0.1388
412,1105,1517,0.1388
415,1106,1521,0.1388
421,1099,1520,0.1388
421,1109,1530,0.1388
421,1106,1527,0.1388
422,1102,1524,0.1388
420,1101,1521,0.1388
415,1093,1508,0.1388
409,1100,1509,0.1388
407,1100,1507,0.1388
407,1100,1507,0.1388
405,1105,1510,0.1388
399,1108,1507,0.1388
402,1114,1516,0.1388
408,1116,1524,0.1388
406,1114,1520,0.1388
408,1117,1525,0.1388
409,1107,1516,0.1388
412,1108,1520,0.1388
401,1112,1513,0.1388
403,1107,1510,0.1388
401,1114,1515,0.1388
394,1103,1497,0.1388
392,1112,1504,0.1388
388,1111,1499,0.1388
394,1114,1508,0.1388
392,1118,1510,0.1388
394,1121,1515,0.1388
397,1114,1511,0.1388
391,1120,1511,0.1388
389,1129,1518,0.1388
390,1123,1513,0.1388
391,1116,1507,0.1388
393,1109,1502,0.1388
389,1106,1495,0.1388
390,1118,1508,0.1388
397,1124,1521,0.1388
395,1107,1502,0.1388
394,1118,1512,0.1388
394,1121,1515,0.1388
383,1122,1505,0.1388
384,1124,1508,0.1388
383,1114,1497,0.1388
382,1112,1494,0.1388
379,1119,1498,0.1388
378,1128,1506,0.1388
383,1141,1524,0.1388
380,1146,1526,0.1388
381,1141,1522,0.1388
374,1132,1506,0.1388
372,1142,1514,0.1388
376,1148,1524,0.1388
382,1151,1533,0.1388
381,1139,1520,0.1388
382,1133,1515,0.1388
378,1150,1528,0.1388
377,1143,1520,0.1388
381,1143,1524,0.1388
379,1151,1530,0.1388
381,1148,1529,0.1388
377,1137,1514,0.1388
368,1136,1504,0.1388
366,1138,1504,0.1388
363,1127,1490,0.1388
367,1147,1514,0.1388
365,1147,1512,0.1388
359,1148,1507,0.1388
354,1150,1504,0.1388
356,1135,1491,0.1388
362,1126,1488,0.1388
364,1132,1496,0.1388
366,1132,1498,0.1388
362,1140,1502,0.1388
367,1149,1516,0.1388
372,1152,1524,0.1388
371,1150,1521,0.1388
374,1153,1527,0.1388
381,1154,1535,0.1388
373,1148,1521,0.1388
380,1134,1514,0.1388
387,1126,1513,0.1388
384,1142,1526,0.1388
388,1142,1530,0.1388
386,1147,1533,0.1388
373,1146,1519,0.1388
374,1143,1517,0.1388
373,1152,1525,0.1388
369,1141,1510,0.1388
372,1148,1520,0.1388
370,1152,1522,0.1388
368,1140,1508,0.1388
372,1150,1522,0.1388
379,1148,1527,0.1388
367,1145,1512,0.1388
369,1149,1518,0.1388
372,1150,1522,0.1388
377,1154,1531,0.1388
370,1154,1524,0.1388
367,1154,1521,0.1388
362,1145,1507,0.1388
359,1142,1501,0.1388
361,1141,1502,0.1388
364,1139,1503,0.1388
366,1142,1508,0.1388
366,1146,1512,0.1388
359,1150,1509,0.1388
364,1154,1518,0.1388
354,1160,1514,0.1388
351,1159,1510,0.1388
355,1155,1510,0.1388
360,1165,1525,0.1388
361,1157,1518,0.1388
357,1147,1504,0.1388
356,1145,1501,0.1388
361,1141,1502,0.1388
361,1146,1507,0.1388
355,1140,1495,0.1388
356,1146,1502,0.1388
357,1165,1522,0.1388
352,1163,1515,0.1388
347,1162,1509,0.1388
345,1169,1514,0.1388
348,1170,1518,0.1388
347,1169,1516,0.1388
351,1174,1525,0.1388
346,1173,1519,0.1388
352,1166,1518,0.1388
356,1163,1519,0.1388
360,1173,1533,0.1388
351,1172,1523,0.1388
353,1175,1528,0.1388
352,1188,1540,0.1388
355,1175,1530,0.1388
355,1168,1523,0.1388
351,1165,1516,0.1388
344,1161,1505,0.1388
354,1159,1513,0.1388
352,1158,1510,0.1388
356,1159,1515,0.1388
354,1161,1515,0.1388
353,1163,1516,0.1388
356,1165,1521,0.1388
357,1160,1517,0.1388
352,1167,1519,0.1388
359,1167,1526,0.1388
360,1165,1525,0.1388
357,1146,1503,0.1388
355,1151,1506,0.1388
348,1163,1511,0.1388
341,1160,1501,0.1388
340,1173,1513,0.1388
334,1163,1497,0.1388
329,1165,1494,0.1388
334,1169,1503,0.1388
329,1175,1504,0.1388
336,1179,1515,0.1388
333,1171,1504,0.1388
339,1182,1521,0.1388
335,1185,1520,0.1388
337,1191,1528,0.1388
335,1183,1518,0.1388
335,1184,1519,0.1388
341,1176,1517,0.1388
343,1178,1521,0.1388
343,1173,1516,0.1388
344,1169,1513,0.1388
342,1173,1515,0.1388
345,1174,1519,0.1388
341,1173,1514,0.1388
334,1180,1514,0.1388
335,1169,1504,0.1388
335,1159,1494,0.1388
340,1167,1507,0.1388
336,1169,1505,0.1388
340,1166,1506,0.1388
339,1172,1511,0.1388
339,1177,1516,0.1388
344,1174,1518,0.1388
346,1170,1516,0.1388
347,1169,1516,0.1388
347,1173,1520,0.1388
341,1168,1509,0.1388
343,1168,1511,0.1388
340,1176,1516,0.1388
342,1173,1515,0.1388
340,1173,1513,0.1388
339,1152,1491,0.1388
341,1168,1509,0.1388
342,1164,1506,0.1388
343,1159,1502,0.1388
342,1175,1517,0.1388
341,1165,1506,0.1388
351,1156,1507,0.1388
347,1169,1516,0.1388
340,1168,1508,0.1388
340,1160,1500,0.1388
335,1175,1510,0.1388
341,1177,1518,0.1388
340,1180,1520,0.1388
339,1165,1504,0.1388
340,1156,1496,0.1388
340,1170,1510,0.1388
343,1177,1520,0.1388
343,1160,1503,0.1388
346,1172,1518,0.1388
343,1173,1516,0.1388
341,1171,1512,0.1388
338,1171,1509,0.1388
342,1174,1516,0.1388
342,1182,1524,0.1388
335,1173,1508,0.1388
329,1176,1505,0.1388
327,1174,1501,0.1388
331,1181,1512,0.1388
330,1173,1503,0.1388
338,1182,1520,0.1388
336,1184,1520,0.1388
329,1178,1507,0.1388
323,1188,1511,0.1388
332,1184,1516,0.1388
332,1180,1512,0.1388
326,1184,1510,0.1388
327,1186,1513,0.1388
329,1181,1510,0.1388
329,1182,1511,0.1388
332,1191,1523,0.1388
334,1187,1521,0.1388
335,1185,1520,0.1388
335,1187,1522,0.1388
337,1189,1526,0.1388
337,1177,1514,0.1388
334,1174,1508,0.1388
334,1181,1515,0.1388
334,1181,1515,0.1388
331,1170,1501,0.1388
330,1176,1506,0.1388
328,1180,1508,0.1388
327,1183,1510,0.1388
331,1190,1521,0.1388
333,1195,1528,0.1388
329,1183,1512,0.1388
325,1183,1508,0.1388
324,1175,1499,0.1388
324,1172,1496,0.1388
328,1183,1511,0.1388
326,1179,1505,0.1388
326,1182,1508,0.1388
328,1175,1503,0.1388
323,1195,1518,0.1388
320,1198,1518,0.1388
323,1192,1515,0.1388
314,1204,1518,0.1388
312,1207,1519,0.1388
322,1213,1535,0.1388
321,1217,1538,0.1388
320,1214,1534,0.1388
315,1205,1520,0.1388
318,1201,1519,0.1388
323,1198,1521,0.1388
318,1179,1497,0.1388
317,1195,1512,0.1388
317,1195,1512,0.1388
306,1193,1499,0.1388
310,1208,1518,0.1388
311,1198,1509,0.1388
308,1193,1501,0.1388
309,1199,1508,0.1388
307,1197,1504,0.1388
305,1203,1508,0.1388
312,1196,1508,0.1388
313,1185,1498,0.1388
318,1179,1497,0.1388
320,1186,1506,0.1388
313,1193,1506,0.1388
311,1203,1514,0.1388
313,1189,1502,0.1388
311,1190,1501,0.1388
307,1207,1514,0.1388
313,1206,1519,0.1388
312,1201,1513,0.1388
312,1206,1518,0.1388
305,1204,1509,0.1388
305,1206,1511,0.1388
302,1210,1512,0.1388
307,1202,1509,0.1388
312,1210,1522,0.1388
311,1216,1527,0.1388
308,1219,1527,0.1388
306,1215,1521,0.1388
308,1224,1532,0.1388
310,1214,1524,0.1388
307,1216,1523,0.1388
302,1225,1527,0.1388
298,1228,1526,0.1388
295,1230,1525,0.1388
289,1212,1501,0.1388
291,1220,1511,0.1388
295,1223,1518,0.1388
295,1221,1516,0.1388
293,1223,1516,0.1388
290,1232,1522,0.1388
290,1232,1522,0.1388
292,1230,1522,0.1388
288,1228,1516,0.1388
287,1221,1508,0.1388
288,1215,1503,0.1388
285,1212,1497,0.1388
280,1211,1491,0.1388
276,1227,1503,0.1388
279,1233,1512,0.1388
279,1231,1510,0.1388
272,1225,1497,0.1388
274,1235,1509,0.1388
276,1239,1515,0.1388
280,1235,1515,0.1388
280,1230,1510,0.1388
271,1246,1517,0.1388
271,1240,1511,0.1388
275,1249,1524,0.1388
273,1247,1520,0.1388
272,1243,1515,0.1388
274,1222,1496,0.1388
276,1224,1500,0.1388
276,1233,1509,0.1388
274,1238,1512,0.1388
275,1232,1507,0.1388
265,1241,1506,0.1388
263,1247,1510,0.1388
264,1250,1514,0.1388
264,1243,1507,0.1388
264,1233,1497,0.1388
262,1239,1501,0.1388
260,1233,1493,0.1388
263,1244,1507,0.1388
260,1250,1510,0.1388
258,1264,1522,0.1388
258,1268,1526,0.1388
260,1282,1542,0.1388
259,1273,1532,0.1388
260,1276,1536,0.1388
258,1279,1537,0.1388
257,1270,1527,0.1388
254,1259,1513,0.1388
252,1257,1509,0.1388
255,1261,1516,0.1388
259,1270,1529,0.1388
258,1268,1526,0.1388
254,1264,1518,0.1388
256,1261,1517,0.1388
251,1267,1518,0.1388
249,1256,1505,0.1388
241,1264,1505,0.1388
239,1257,1496,0.1388
238,1261,1499,0.1388
240,1260,1500,0.1388
239,1264,1503,0.1388
234,1273,1507,0.1388
232,1272,1504,0.1388
232,1280,1512,0.1388
230,1282,1512,0.1388
226,1286,1512,0.1388
224,1287,1511,0.1388
225,1287,1512,0.1388
222,1294,1516,0.1388
223,1292,1515,0.1388
216,1285,1501,0.1388
218,1288,1506,0.1388
222,1289,1511,0.1388
222,1291,1513,0.1388
220,1296,1516,0.1388
218,1297,1515,0.1388
219,1298,1517,0.1388
215,1298,1513,0.1388
209,1304,1513,0.1388
208,1299,1507,0.1388
205,1301,1506,0.1388
204,1320,1524,0.1388
206,1317,1523,0.1388
204,1324,1528,0.1388
203,1310,1513,0.1388
203,1302,1505,0.1388
204,1295,1499,0.1388
206,1304,1510,0.1388
205,1316,1521,0.1388
205,1325,1530,0.1388
202,1329,1531,0.1388
199,1314,1513,0.1388
201,1314,1515,0.1388
202,1318,1520,0.1388
201,1300,1501,0.1388
199,1301,1500,0.1388
200,1299,1499,0.1388
196,1311,1507,0.1388
198,1306,1504,0.1388
196,1314,1510,0.1388
201,1298,1499,0.1388
202,1296,1498,0.1388
193,1310,1503,0.1388
198,1314,1512,0.1388
201,1309,1510,0.1388
202,1305,1507,0.1388
205,1309,1514,0.1388
201,1299,1500,0.1388
200,1308,1508,0.1388
202,1319,1521,0.1388
202,1312,1514,0.1388
202,1320,1522,0.1388
199,1320,1519,0.1388
199,1311,1510,0.1388
198,1314,1512,0.1388
199,1307,1506,0.1388
203,1301,1504,0.1388
201,1301,1502,0.1388
206,1307,1513,0.1388
205,1316,1521,0.1388
211,1308,1519,0.1388
211,1305,1516,0.1388
210,1303,1513,0.1388
211,1300,1511,0.1388
212,1294,1506,0.1388
210,1299,1509,0.1388
211,1296,1507,0.1388
209,1291,1500,0.1388
208,1292,1500,0.1388
207,1297,1504,0.1388
212,1288,1500,0.1388
209,1288,1497,0.1388
205,1299,1504,0.1388
207,1298,1505,0.1388
204,1291,1495,0.1388
208,1303,1511,0.1388
210,1308,1518,0.1388
210,1305,1515,0.1388
209,1292,1501,0.1388
205,1317,1522,0.1388
202,1316,1518,0.1388
197,1315,1512,0.1388
200,1304,1504,0.1388
202,1314,1516,0.1388
199,1300,1499,0.1388
201,1303,1504,0.1388
198,1319,1517,0.1388
196,1323,1519,0.1388
194,1337,1531,0.1388
191,1340,1531,0.1388
185,1326,1511,0.1388
184,1323,1507,0.1388
184,1324,1508,0.1388
181,1321,1502,0.1388
184,1321,1505,0.1388
187,1320,1507,0.1388
188,1331,1519,0.1388
186,1329,1515,0.1388
187,1347,1534,0.1388
188,1338,1526,0.1388
187,1329,1516,0.1388
189,1328,1517,0.1388
188,1320,1508,0.1388
187,1313,1500,0.1388
186,1327,1513,0.1388
187,1319,1506,0.1388
189,1332,1521,0.1388
187,1320,1507,0.1388
187,1326,1513,0.1388
183,1329,1512,0.1388
179,1341,1520,0.1388
180,1346,1526,0.1388
175,1341,1516,0.1388
170,1335,1505,0.1388
172,1335,1507,0.1388
167,1336,1503,0.1388
170,1332,1502,0.1388
169,1343,1512,0.1388
174,1348,1522,0.1388
169,1344,1513,0.1388
173,1345,1518,0.1388
172,1345,1517,0.1388
172,1343,1515,0.1388
174,1344,1518,0.1388
172,1353,1525,0.1388
170,1365,1535,0.1388
167,1353,1520,0.1388
166,1339,1505,0.1388
167,1352,1519,0.1388
166,1354,1520,0.1388
166,1358,1524,0.1388
169,1357,1526,0.1388
165,1359,1524,0.1388
166,1348,1514,0.1388
163,1342,1505,0.1388
164,1348,1512,0.1388
165,1353,1518,0.1388
166,1344,1510,0.1388
166,1353,1519,0.1388
168,1355,1523,0.1388
169,1361,1530,0.1388
161,1353,1514,0.1388
160,1367,1527,0.1388
159,1366,1525,0.1388
159,1367,1526,0.1388
158,1370,1528,0.1388
159,1375,1534,0.1388
159,1361,1520,0.1388
162,1354,1516,0.1388
157,1362,1519,0.1388
159,1360,1519,0.1388
158,1354,1512,0.1388
156,1356,1512,0.1388
160,1356,1516,0.1388
162,1367,1529,0.1388
157,1362,1519,0.1388
158,1347,1505,0.1388
156,1343,1499,0.1388
153,1364,1517,0.1388
152,1358,1510,0.1388
154,1367,1521,0.1388
151,1372,1523,0.1388
155,1372,1527,0.1388
156,1368,1524,0.1388
155,1346,1501,0.1388
155,1354,1509,0.1388
153,1347,1500,0.1388
153,1341,1494,0.1388
152,1361,1513,0.1388
150,1369,1519,0.1388
153,1360,1513,0.1388
154,1364,1518,0.1388
149,1358,1507,0.1388
153,1355,1508,0.1388
153,1369,1522,0.1388
151,1364,1515,0.1388
152,1357,1509,0.1388
160,1360,1520,0.1388
156,1353,1509,0.1388
156,1353,1509,0.1388
156,1355,1511,0.1388
155,1354,1509,0.1388
153,1367,1520,0.1388
154,1365,1519,0.1388
151,1372,1523,0.1388
155,1367,1522,0.1388
157,1356,1513,0.1388
156,1354,1510,0.1388
157,1368,1525,0.1388
156,1363,1519,0.1388
156,1357,1513,0.1388
155,1363,1518,0.1388
155,1363,1518,0.1388
155,1360,1515,0.1388
153,1366,1519,0.1388
152,1364,1516,0.1388
149,1364,1513,0.1388
146,1357,1503,0.1388
147,1365,1512,0.1388
147,1365,1512,0.1388
144,1372,1516,0.1388
146,1375,1521,0.1388
147,1351,1498,0.1388
152,1365,1517,0.1388
147,1351,1498,0.1388
149,1366,1515,0.1388
151,1368,1519,0.1388
149,1360,1509,0.1388
151,1361,1512,0.1388
146,1364,1510,0.1388
146,1348,1494,0.1388
146,1354,1500,0.1388
150,1361,1511,0.1388
151,1365,1516,0.1388
149,1379,1528,0.1388
147,1382,1529,0.1388
143,1379,1522,0.1388
144,1372,1516,0.1388
143,1368,1511,0.1388
141,1375,1516,0.1388
141,1382,1523,0.1388
144,1370,1514,0.1388
141,1363,1504,0.1388
141,1369,1510,0.1388
141,1371,1512,0.1388
145,1355,1500,0.1388
143,1363,1506,0.1388
138,1365,1503,0.1388
135,1365,1500,0.1388
137,1363,1500,0.1388
144,1378,1522,0.1388
143,1376,1519,0.1388
143,1387,1530,0.1388
137,1386,1523,0.1388
138,1384,1522,0.1388
136,1373,1509,0.1388
133,1369,1502,0.1388
135,1371,1506,0.1388
132,1379,1511,0.1388
134,1382,1516,0.1388
133,1393,1526,0.1388
129,1405,1534,0.1388
129,1401,1530,0.1388
127,1389,1516,0.1388
126,1397,1523,0.1388
123,1391,1514,0.1388
126,1375,1501,0.1388
128,1371,1499,0.1388
127,1380,1507,0.1388
124,1385,1509,0.1388
124,1388,1512,0.1388
127,1389,1516,0.1388
126,1406,1532,0.1388
127,1397,1524,0.1388
127,1399,1526,0.1388
124,1391,1515,0.1388
122,1392,1514,0.1388
121,1390,1511,0.1388
114,1400,1514,0.1388
112,1397,1509,0.1388
113,1389,1502,0.1388
113,1405,1518,0.1388
110,1393,1503,0.1388
108,1400,1508,0.1388
109,1412,1521,0.1388
109,1416,1525,0.1388
107,1409,1516,0.1388
107,1413,1520,0.1388
107,1413,1520,0.1388
109,1422,1531,0.1388
110,1421,1531,0.1388
108,1408,1516,0.1388
108,1400,1508,0.1388
110,1405,1515,0.1388
112,1411,1523,0.1388
112,1410,1522,0.1388
109,1411,1520,0.1388
109,1411,1520,0.1388
107,1408,1515,0.1388
106,1408,1514,0.1388
105,1406,1511,0.1388
104,1404,1508,0.1388
104,1411,1515,0.1388
103,1410,1513,0.1388
105,1408,1513,0.1388
108,1407,1515,0.1388
103,1406,1509,0.1388
102,1403,1505,0.1388
102,1405,1507,0.1388
105,1396,1501,0.1388
104,1410,1514,0.1388
108,1407,1515,0.1388
106,1412,1518,0.1388
111,1407,1518,0.1388
112,1400,1512,0.1388
109,1408,1517,0.1388
108,1393,1501,0.1388
108,1406,1514,0.1388
109,1402,1511,0.1388
110,1417,1527,0.1388
109,1430,1539,0.1388
108,1417,1525,0.1388
109,1419,1528,0.1388
105,1412,1517,0.1388
107,1404,1511,0.1388
108,1393,1501,0.1388
108,1408,1516,0.1388
108,1404,1512,0.1388
108,1411,1519,0.1388
107,1422,1529,0.1388
106,1412,1518,0.1388
106,1404,1510,0.1388
105,1401,1506,0.1388
104,1392,1496,0.1388
103,1399,1502,0.1388
100,1406,1506,0.1388
96,1410,1506,0.1388
97,1427,1524,0.1388
97,1421,1518,0.1388
98,1435,1533,0.1388
95,1432,1527,0.1388
90,1429,1519,0.1388
95,1422,1517,0.1388
92,1414,1506,0.1388
90,1408,1498,0.1388
90,1417,1507,0.1388
90,1420,1510,0.1388
90,1417,1507,0.1388
92,1427,1519,0.1388
89,1424,1513,0.1388
90,1416,1506,0.1388
89,1425,1514,0.1388
90,1426,1516,0.1388
87,1422,1509,0.1388
88,1426,1514,0.1388
88,1410,1498,0.1388
90,1414,1504,0.1388
93,1432,1525,0.1388
96,1426,1522,0.1388
96,1426,1522,0.1388
93,1429,1522,0.1388
93,1431,1524,0.1388
90,1430,1520,0.1388
90,1423,1513,0.1388
93,1429,1522,0.1388
93,1439,1532,0.1388
93,1439,1532,0.1388
89,1435,1524,0.1388
91,1439,1530,0.1388
92,1431,1523,0.1388
92,1427,1519,0.1388
87,1433,1520,0.1388
84,1432,1516,0.1388
81,1432,1513,0.1388
81,1429,1510,0.1388
80,1423,1503,0.1388
79,1420,1499,0.1388
79,1423,1502,0.1388
81,1431,1512,0.1388
79,1424,1503,0.1388
84,1432,1516,0.1388
82,1426,1508,0.1388
82,1431,1513,0.1388
85,1418,1503,0.1388
83,1415,1498,0.1388
83,1427,1510,0.1388
81,1426,1507,0.1388
80,1435,1515,0.1388
80,1432,1512,0.1388
78,1428,1506,0.1388
79,1435,1514,0.1388
78,1435,1513,0.1388
77,1434,1511,0.1388
80,1454,1534,0.1388
79,1451,1530,0.1388
81,1453,1534,0.1388
80,1446,1526,0.1388
77,1442,1519,0.1388
77,1435,1512,0.1388
80,1444,1524,0.1388
78,1435,1513,0.1388
77,1434,1511,0.1388
77,1442,1519,0.1388
76,1436,1512,0.1388
76,1438,1514,0.1388
78,1435,1513,0.1388
76,1434,1510,0.1388
74,1432,1506,0.1388
73,1430,1503,0.1388
76,1441,1517,0.1388
76,1445,1521,0.1388
75,1441,1516,0.1388
75,1445,1520,0.1388
73,1440,1513,0.1388
72,1431,1503,0.1388
70,1434,1504,0.1388
71,1434,1505,0.1388
70,1446,1516,0.1388
69,1454,1523,0.1388
68,1447,1515,0.1388
66,1446,1512,0.1388
64,1441,1505,0.1388
60,1454,1514,0.1388
60,1457,1517,0.1388
60,1453,1513,0.1388
60,1460,1520,0.1388
61,1470,1531,0.1388
62,1467,1529,0.1388
63,1466,1529,0.1388
62,1472,1534,0.1388
57,1472,1529,0.1388
58,1458,1516,0.1388
59,1468,1527,0.1388
58,1464,1522,0.1388
62,1451,1513,0.1388
62,1458,1520,0.1388
60,1461,1521,0.1388
59,1454,1513,0.1388
60,1445,1505,0.1388
61,1442,1503,0.1388
60,1447,1507,0.1388
62,1446,1508,0.1388
63,1441,1504,0.1388
62,1436,1498,0.1388
63,1445,1508,0.1388
62,1459,1521,0.1388
61,1465,1526,0.1388
61,1447,1508,0.1388
64,1457,1521,0.1388
66,1461,1527,0.1388
66,1464,1530,0.1388
64,1460,1524,0.1388
65,1454,1519,0.1388
61,1458,1519,0.1388
61,1463,1524,0.1388
60,1460,1520,0.1388
60,1464,1524,0.1388
61,1463,1524,0.1388
59,1448,1507,0.1388
60,1448,1508,0.1388
60,1445,1505,0.1388
60,1437,1497,0.1388
60,1445,1505,0.1388
60,1461,1521,0.1388
61,1459,1520,0.1388
60,1472,1532,0.1388
58,1463,1521,0.1388
56,1454,1510,0.1388
55,1446,1501,0.1388
53,1443,1496,0.1388
52,1441,1493,0.1388
52,1449,1501,0.1388
49,1450,1499,0.1388
50,1465,1515,0.1388
49,1473,1522,0.1388
52,1464,1516,0.1388
52,1469,1521,0.1388
50,1478,1528,0.1388
50,1468,1518,0.1388
52,1459,1511,0.1388
52,1467,1519,0.1388
53,1462,1515,0.1388
52,1465,1517,0.1388
55,1473,1528,0.1388
55,1486,1541,0.1388
54,1478,1532,0.1388
55,1479,1534,0.1388
51,1481,1532,0.1388
51,1492,1543,0.1388
51,1482,1533,0.1388
53,1476,1529,0.1388
53,1471,1524,0.1388
52,1468,1520,0.1388
52,1468,1520,0.1388
51,1455,1506,0.1388
54,1455,1509,0.1388
50,1465,1515,0.1388
50,1460,1510,0.1388
50,1452,1502,0.1388
49,1463,1512,0.1388
48,1460,1508,0.1388
48,1460,1508,0.1388
48,1466,1514,0.1388
46,1467,1513,0.1388
44,1478,1522,0.1388
41,1474,1515,0.1388
39,1467,1506,0.1388
37,1477,1514,0.1388
40,1487,1527,0.1388
42,1482,1524,0.1388
41,1479,1520,0.1388
42,1482,1524,0.1388
42,1488,1530,0.1388
44,1470,1514,0.1388
43,1473,1516,0.1388
42,1480,1522,0.1388
40,1471,1511,0.1388
40,1470,1510,0.1388
39,1477,1516,0.1388
39,1475,1514,0.1388
37,1475,1512,0.1388
37,1477,1514,0.1388
36,1475,1511,0.1388
35,1477,1512,0.1388
34,1482,1516,0.1388
35,1491,1526,0.1388
35,1496,1531,0.1388
34,1487,1521,0.1388
34,1497,1531,0.1388
34,1475,1509,0.1388
34,1472,1506,0.1388
32,1477,1509,0.1388
33,1484,1517,0.1388
32,1485,1517,0.1388
33,1486,1519,0.1388
33,1490,1523,0.1388
32,1484,1516,0.1388
32,1478,1510,0.1388
32,1477,1509,0.1388
30,1477,1507,0.1388
27,1479,1506,0.1388
29,1489,1518,0.1388
29,1488,1517,0.1388
31,1485,1516,0.1388
32,1485,1517,0.1388
31,1482,1513,0.1388
32,1490,1522,0.1388
32,1484,1516,0.1388
30,1492,1522,0.1388
30,1486,1516,0.1388
30,1481,1511,0.1388
30,1481,1511,0.1388
29,1491,1520,0.1388
30,1476,1506,0.1388
31,1496,1527,0.1388
32,1498,1530,0.1388
32,1493,1525,0.1388
30,1500,1530,0.1388
29,1506,1535,0.1388
28,1494,1522,0.1388
29,1495,1524,0.1388
29,1506,1535,0.1388
30,1502,1532,0.1388
25,1505,1530,0.1388
22,1506,1528,0.1388
22,1498,1520,0.1388
23,1485,1508,0.1388
26,1491,1517,0.1388
26,1498,1524,0.1388
26,1496,1522,0.1388
26,1503,1529,0.1388
26,1481,1507,0.1388
27,1484,1511,0.1388
25,1485,1510,0.1388
25,1477,1502,0.1388
25,1475,1500,0.1388
25,1491,1516,0.1388
24,1490,1514,0.1388
24,1493,1517,0.1388
23,1490,1513,0.1388
24,1498,1522,0.1388
23,1487,1510,0.1388
24,1491,1515,0.1388
23,1504,1527,0.1388
23,1493,1516,0.1388
23,1493,1516,0.1388
23,1492,1515,0.1388
21,1489,1510,0.1388
20,1490,1510,0.1388
20,1486,1506,0.1388
20,1500,1520,0.1388
20,1494,1514,0.1388
21,1489,1510,0.1388
21,1496,1517,0.1388
21,1485,1506,0.1388
22,1486,1508,0.1388
22,1481,1503,0.1388
22,1498,1520,0.1388
22,1495,1517,0.1388
22,1497,1519,0.1388
21,1492,1513,0.1388
20,1498,1518,0.1388
20,1488,1508,0.1388
20,1491,1511,0.1388
20,1489,1509,0.1388
21,1486,1507,0.1388
20,1495,1515,0.1388
20,1491,1511,0.1388
20,1487,1507,0.1388
20,1486,1506,0.1388
19,1493,1512,0.1388
21,1493,1514,0.1388
22,1485,1507,0.1388
21,1503,1524,0.1388
21,1494,1515,0.1388
21,1488,1509,0.1388
20,1490,1510,0.1388
20,1490,1510,0.1388
20,1484,1504,0.1388
20,1496,1516,0.1388
18,1494,1512,0.1388
19,1502,1521,0.1388
17,1489,1506,0.1388
19,1482,1501,0.1388
19,1473,1492,0.1388
19,1484,1503,0.1388
18,1489,1507,0.1388
18,1491,1509,0.1388
20,1501,1521,0.1388
21,1505,1526,0.1388
20,1509,1529,0.1388
20,1519,1539,0.1388
19,1505,1524,0.1388
19,1500,1519,0.1388
17,1518,1535,0.1388
17,1516,1533,0.1388
16,1509,1525,0.1388
14,1511,1525,0.1388
14,1503,1517,0.1388
14,1494,1508,0.1388
14,1484,1498,0.1388
13,1491,1504,0.1388
11,1511,1522,0.1388
12,1517,1529,0.1388
12,1513,1525,0.1388
12,1507,1519,0.1388
12,1504,1516,0.1388
12,1506,1518,0.1388
12,1505,1517,0.1388
14,1488,1502,0.1388
14,1503,1517,0.1388
15,1506,1521,0.1388
15,1511,1526,0.1388
15,1519,1534,0.1388
15,1507,1522,0.1388
14,1507,1521,0.1388
14,1503,1517,0.1388
14,1508,1522,0.1388
14,1494,1508,0.1388
14,1517,1531,0.1388
13,1511,1524,0.1388
11,1507,1518,0.1388
10,1509,1519,0.1388
10,1512,1522,0.1388
10,1510,1520,0.1388
10,1512,1522,0.1388
10,1514,1524,0.1388
10,1508,1518,0.1388
10,1511,1521,0.1388
10,1502,1512,0.1388
10,1508,1518,0.1388
10,1520,1530,0.1388
9,1515,1524,0.1388
8,1510,1518,0.1388
8,1513,1521,0.1388
8,1510,1518,0.1388
8,1508,1516,0.1388
8,1505,1513,0.1388
8,1504,1512,0.1388
9,1502,1511,0.1388
9,1513,1522,0.1388
9,1501,1510,0.1388
10,1505,1515,0.1388
11,1510,1521,0.1388
11,1509,1520,0.1388
13,1502,1515,0.1388
13,1506,1519,0.1388
13,1513,1526,0.1388
13,1516,1529,0.1388
13,1518,1531,0.1388
13,1514,1527,0.1388
13,1515,1528,0.1388
14,1506,1520,0.1388
13,1491,1504,0.1388
12,1489,1501,0.1388
12,1490,1502,0.1388
12,1504,1516,0.1388
11,1499,1510,0.1388
11,1508,1519,0.1388
11,1504,1515,0.1388
10,1500,1510,0.1388
10,1497,1507,0.1388
9,1486,1495,0.1388
11,1489,1500,0.1388
11,1485,1496,0.1388
11,1502,1513,0.1388
11,1506,1517,0.1388
11,1510,1521,0.1388
10,1514,1524,0.1388
10,1525,1535,0.1388
9,1530,1539,0.1388
9,1517,1526,0.1388
9,1512,1521,0.1388
9,1514,1523,0.1388
9,1513,1522,0.1388
9,1516,1525,0.1388
9,1521,1530,0.1388
8,1509,1517,0.1388
8,1515,1523,0.1388
8,1495,1503,0.1388
8,1499,1507,0.1388
9,1511,1520,0.1388
9,1507,1516,0.1388
7,1504,1511,0.1388
7,1501,1508,0.1388
7,1509,1516,0.1388
7,1496,1503,0.1388
8,1522,1530,0.1388
8,1517,1525,0.1388
8,1517,1525,0.1388
8,1511,1519,0.1388
8,1499,1507,0.1388
8,1506,1514,0.1388
8,1500,1508,0.1388
8,1505,1513,0.1388
9,1499,1508,0.1388
9,1496,1505,0.1388
10,1507,1517,0.1388
10,1496,1506,0.1388
10,1497,1507,0.1388
10,1493,1503,0.1388
11,1502,1513,0.1388
11,1509,1520,0.1388
11,1509,1520,0.1388
12,1504,1516,0.1388
12,1497,1509,0.1388
11,1510,1521,0.1388
11,1509,1520,0.1388
10,1506,1516,0.1388
9,1517,1526,0.1388
9,1498,1507,0.1388
9,1499,1508,0.1388
8,1502,1510,0.1388
7,1501,1508,0.1388
7,1506,1513,0.1388
8,1514,1522,0.1388
7,1520,1527,0.1388
7,1504,1511,0.1388
7,1508,1515,0.1388
8,1510,1518,0.1388
8,1493,1501,0.1388
8,1508,1516,0.1388
7,1506,1513,0.1388
6,1510,1516,0.1388
5,1497,1502,0.1388
5,1491,1496,0.1388
4,1496,1500,0.1388
4,1507,1511,0.1388
3,1494,1497,0.1388
3,1509,1512,0.1388
3,1514,1517,0.1388
4,1511,1515,0.1388
4,1515,1519,0.1388
4,1515,1519,0.1388
4,1520,1524,0.1388
4,1516,1520,0.1388
3,1520,1523,0.1388
3,1505,1508,0.1388
3,1514,1517,0.1388
4,1518,1522,0.1388
4,1498,1502,0.1388
4,1492,1496,0.1388
3,1488,1491,0.1388
3,1499,1502,0.1388
3,1509,1512,0.1388
3,1502,1505,0.1388
3,1498,1501,0.1388
3,1512,1515,0.1388
3,1513,1516,0.1388
3,1506,1509,0.1388
3,1513,1516,0.1388
3,1517,1520,0.1388
3,1506,1509,0.1388
3,1516,1519,0.1388
3,1520,1523,0.1388
3,1516,1519,0.1388
3,1505,1508,0.1388
3,1511,1514,0.1388
3,1521,1524,0.1388
3,1520,1523,0.1388
3,1522,1525,0.1388
3,1509,1512,0.1388
3,1517,1520,0.1388
3,1517,1520,0.1388
3,1511,1514,0.1388
3,1511,1514,0.1388
3,1500,1503,0.1388
3,1504,1507,0.1388
3,1498,1501,0.1388
3,1516,1519,0.1388
3,1518,1521,0.1388
3,1518,1521,0.1388
3,1512,1515,0.1388
3,1516,1519,0.1388
3,1516,1519,0.1388
3,1495,1498,0.1388
3,1503,1506,0.1388
3,1517,1520,0.1388
3,1520,1523,0.1388
3,1514,1517,0.1388
5,1515,1520,0.1388
5,1510,1515,0.1388
5,1505,1510,0.1388
2,1517,1519,0.1388
2,1519,1521,0.1388
2,1515,1517,0.1388
2,1496,1498,0.1388
2,1499,1501,0.1388
2,1489,1491,0.1388
2,1499,1501,0.1388
2,1501,1503,0.1388
2,1493,1495,0.1388
2,1495,1497,0.1388
2,1494,1496,0.1388
2,1509,1511,0.1388
2,1520,1522,0.1388
2,1528,1530,0.1388
2,1513,1515,0.1388
2,1521,1523,0.1388
2,1525,1527,0.1388
2,1509,1511,0.1388
2,1511,1513,0.1388
1,1525,1526,0.1388
1,1518,1519,0.1388
1,1519,1520,0.1388
1,1512,1513,0.1388
1,1516,1517,0.1388
1,1525,1526,0.1388
1,1521,1522,0.1388
1,1521,1522,0.1388
1,1524,1525,0.1388
1,1526,1527,0.1388
1,1511,1512,0.1388
1,1509,1510,0.1388
1,1505,1506,0.1388
1,1513,1514,0.1388
1,1503,1504,0.1388
1,1520,1521,0.1388
1,1525,1526,0.1388
1,1521,1522,0.1388
1,1532,1533,0.1388
1,1528,1529,0.1388
1,1506,1507,0.1388
1,1503,1504,0.1388
1,1518,1519,0.1388
1,1523,1524,0.1388
1,1522,1523,0.1388
1,1513,1514,0.1388
1,1505,1506,0.1388
1,1511,1512,0.1388
1,1524,1525,0.1388
1,1539,1540,0.1388
1,1532,1533,0.1388
1,1525,1526,0.1388
1,1516,1517,0.1388
1,1518,1519,0.1388
1,1520,1521,0.1388
1,1535,1536,0.1388
1,1531,1532,0.1388
1,1514,1515,0.1388
1,1514,1515,0.1388
1,1510,1511,0.1388
1,1527,1528,0.1388
1,1523,1524,0.1388
1,1515,1516,0.1388
1,1521,1522,0.1388
1,1526,1527,0.1388
1,1511,1512,0.1388
1,1504,1505,0.1388
1,1501,1502,0.1388
1,1509,1510,0.1388
1,1508,1509,0.1388
1,1509,1510,0.1388
1,1506,1507,0.1388
0,1528,1528,0.1388
