1379,26,1405,0.1388
1410,28,1438,0.1388
1431,29,1460,0.1388
1446,29,1475,0.1388
1449,28,1477,0.1388
1445,27,1472,0.1388
1451,27,1478,0.1388
1447,27,1474,0.1388
1457,26,1483,0.1388
1466,24,1490,0.1388
1463,24,1487,0.1388
1481,21,1502,0.1388
1477,20,1497,0.1388
1490,20,1510,0.1388
1480,21,1501,0.1388
1484,21,1505,0.1388
1478,21,1499,0.1388
1488,21,1509,0.1388
1475,21,1496,0.1388
1478,20,1498,0.1388
1479,21,1500,0.1388
1485,19,1504,0.1388
1490,18,1508,0.1388
1501,18,1519,0.1388
1490,18,1508,0.1388
1481,19,1500,0.1388
1484,19,1503,0.1388
1480,19,1499,0.1388
1480,21,1501,0.1388
1466,21,1487,0.1388
1484,21,1505,0.1388
1489,21,1510,0.1388
1480,19,1499,0.1388
1484,21,1505,0.1388
1473,20,1493,0.1388
1483,19,1502,0.1388
1470,20,1490,0.1388
1481,19,1500,0.1388
1483,21,1504,0.1388
1478,21,1499,0.1388
1466,22,1488,0.1388
1475,22,1497,0.1388
1472,23,1495,0.1388
1476,24,1500,0.1388
1483,24,1507,0.1388
1474,23,1497,0.1388
1482,23,1505,0.1388
1467,24,1491,0.1388
1463,24,1487,0.1388
1457,23,1480,0.1388
1458,26,1484,0.1388
1463,26,1489,0.1388
1460,25,1485,0.1388
1464,25,1489,0.1388
1477,26,1503,0.1388
1461,25,1486,0.1388
1459,24,1483,0.1388
1456,24,1480,0.1388
1454,24,1478,0.1388
1460,25,1485,0.1388
1453,27,1480,0.1388
1447,25,1472,0.1388
1453,26,1479,0.1388
1459,26,1485,0.1388
1463,24,1487,0.1388
1470,24,1494,0.1388
1461,25,1486,0.1388
1439,25,1464,0.1388
1451,27,1478,0.1388
1455,27,1482,0.1388
1452,27,1479,0.1388
1472,27,1499,0.1388
1460,28,1488,0.1388
1463,28,1491,0.1388
1471,27,1498,0.1388
1481,26,1507,0.1388
1469,25,1494,0.1388
1456,26,1482,0.1388
1449,26,1475,0.1388
1437,26,1463,0.1388
1438,28,1466,0.1388
1435,28,1463,0.1388
1442,29,1471,0.1388
1442,28,1470,0.1388
1450,28,1478,0.1388
1456,27,1483,0.1388
1453,27,1480,0.1388
1444,29,1473,0.1388
1456,30,1486,0.1388
1452,31,1483,0.1388
1449,32,1481,0.1388
1454,32,1486,0.1388
1441,33,1474,0.1388
1442,32,1474,0.1388
1450,33,1483,0.1388
1462,31,1493,0.1388
1456,31,1487,0.1388
1449,30,1479,0.1388
1449,30,1479,0.1388
1455,31,1486,0.1388
1464,32,1496,0.1388
1462,32,1494,0.1388
1462,31,1493,0.1388
1465,32,1497,0.1388
1461,32,1493,0.1388
1459,33,1492,0.1388
1466,33,1499,0.1388
1464,33,1497,0.1388
1478,33,1511,0.1388
1476,32,1508,0.1388
1463,32,1495,0.1388
1463,31,1494,0.1388
1468,32,1500,0.1388
1465,32,1497,0.1388
1451,33,1484,0.1388
1450,31,1481,0.1388
1451,31,1482,0.1388
1438,31,1469,0.1388
1452,31,1483,0.1388
1461,32,1493,0.1388
1466,31,1497,0.1388
1474,30,1504,0.1388
1463,31,1494,0.1388
1451,31,1482,0.1388
1455,30,1485,0.1388
1465,31,1496,0.1388
1477,32,1509,0.1388
1466,34,1500,0.1388
1466,31,1497,0.1388
1455,36,1491,0.1388
1473,40,1513,0.1388
1463,38,1501,0.1388
1455,38,1493,0.1388
1469,37,1506,0.1388
1476,38,1514,0.1388
1458,39,1497,0.1388
1447,39,1486,0.1388
1461,38,1499,0.1388
1475,38,1513,0.1388
1493,39,1532,0.1388
1482,39,1521,0.1388
1472,39,1511,0.1388
1470,38,1508,0.1388
1473,37,1510,0.1388
1473,37,1510,0.1388
1467,38,1505,0.1388
1443,38,1481,0.1388
1456,37,1493,0.1388
1449,37,1486,0.1388
1464,39,1503,0.1388
1463,40,1503,0.1388
1470,39,1509,0.1388
1464,39,1503,0.1388
1460,37,1497,0.1388
1442,40,1482,0.1388
1441,42,1483,0.1388
1439,42,1481,0.1388
1428,43,1471,0.1388
1425,43,1468,0.1388
1443,43,1486,0.1388
1436,45,1481,0.1388
1446,45,1491,0.1388
1442,46,1488,0.1388
1448,49,1497,0.1388
1447,50,1497,0.1388
1444,50,1494,0.1388
1454,50,1504,0.1388
1445,49,1494,0.1388
1436,48,1484,0.1388
1435,50,1485,0.1388
1437,50,1487,0.1388
1437,51,1488,0.1388
1434,53,1487,0.1388
1422,55,1477,0.1388
1415,51,1466,0.1388
1416,51,1467,0.1388
1411,53,1464,0.1388
1410,52,1462,0.1388
1416,54,1470,0.1388
1419,52,1471,0.1388
1428,51,1479,0.1388
1444,52,1496,0.1388
1452,52,1504,0.1388
1450,50,1500,0.1388
1455,51,1506,0.1388
1443,47,1490,0.1388
1440,49,1489,0.1388
1447,48,1495,0.1388
1449,49,1498,0.1388
1450,50,1500,0.1388
1447,50,1497,0.1388
1446,55,1501,0.1388
1440,54,1494,0.1388
1438,55,1493,0.1388
1445,53,1498,0.1388
1445,51,1496,0.1388
1447,54,1501,0.1388
1432,54,1486,0.1388
1437,54,1491,0.1388
1441,53,1494,0.1388
1434,53,1487,0.1388
1442,49,1491,0.1388
1431,48,1479,0.1388
1441,49,1490,0.1388
1434,48,1482,0.1388
1434,51,1485,0.1388
1431,50,1481,0.1388
1422,49,1471,0.1388
1431,48,1479,0.1388
1436,52,1488,0.1388
1443,51,1494,0.1388
1451,50,1501,0.1388
1451,53,1504,0.1388
1445,51,1496,0.1388
1464,49,1513,0.1388
1477,45,1522,0.1388
1458,46,1504,0.1388
1451,46,1497,0.1388
1450,44,1494,0.1388
1441,42,1483,0.1388
1439,41,1480,0.1388
1444,40,1484,0.1388
1455,40,1495,0.1388
1444,39,1483,0.1388
1463,40,1503,0.1388
1456,40,1496,0.1388
1462,42,1504,0.1388
1462,41,1503,0.1388
1458,42,1500,0.1388
1449,43,1492,0.1388
1450,43,1493,0.1388
1448,41,1489,0.1388
1453,40,1493,0.1388
1444,41,1485,0.1388
1459,41,1500,0.1388
1443,41,1484,0.1388
1452,41,1493,0.1388
1453,42,1495,0.1388
1465,42,1507,0.1388
1470,46,1516,0.1388
1462,45,1507,0.1388
1459,47,1506,0.1388
1446,49,1495,0.1388
1445,50,1495,0.1388
1456,51,1507,0.1388
1444,51,1495,0.1388
1450,52,1502,0.1388
1430,53,1483,0.1388
1455,52,1507,0.1388
1443,51,1494,0.1388
1450,52,1502,0.1388
1450,53,1503,0.1388
1445,53,1498,0.1388
1452,54,1506,0.1388
1447,53,1500,0.1388
1448,54,1502,0.1388
1435,56,1491,0.1388
1433,57,1490,0.1388
1443,59,1502,0.1388
1448,59,1507,0.1388
1440,63,1503,0.1388
1437,63,1500,0.1388
1413,63,1476,0.1388
1413,63,1476,0.1388
1425,62,1487,0.1388
1427,64,1491,0.1388
1429,62,1491,0.1388
1423,61,1484,0.1388
1433,66,1499,0.1388
1445,66,1511,0.1388
1435,65,1500,0.1388
1428,65,1493,0.1388
1419,63,1482,0.1388
1441,60,1501,0.1388
1458,64,1522,0.1388
1449,64,1513,0.1388
1443,63,1506,0.1388
1431,63,1494,0.1388
1424,61,1485,0.1388
1428,59,1487,0.1388
1440,58,1498,0.1388
1423,59,1482,0.1388
1426,59,1485,0.1388
1412,59,1471,0.1388
1420,64,1484,0.1388
1431,62,1493,0.1388
1440,66,1506,0.1388
1429,67,1496,0.1388
1431,65,1496,0.1388
1437,65,1502,0.1388
1429,66,1495,0.1388
1424,66,1490,0.1388
1434,64,1498,0.1388
1435,63,1498,0.1388
1424,63,1487,0.1388
1432,63,1495,0.1388
1448,63,1511,0.1388
1444,62,1506,0.1388
1435,63,1498,0.1388
1421,65,1486,0.1388
1428,61,1489,0.1388
1418,63,1481,0.1388
1428,63,1491,0.1388
1408,63,1471,0.1388
1430,64,1494,0.1388
1430,63,1493,0.1388
1422,63,1485,0.1388
1432,62,1494,0.1388
1426,61,1487,0.1388
1413,61,1474,0.1388
1428,62,1490,0.1388
1427,64,1491,0.1388
1423,65,1488,0.1388
1427,62,1489,0.1388
1437,62,1499,0.1388
1434,63,1497,0.1388
1446,63,1509,0.1388
1454,59,1513,0.1388
1438,57,1495,0.1388
1441,57,1498,0.1388
1457,55,1512,0.1388
1456,54,1510,0.1388
1458,54,1512,0.1388
1431,54,1485,0.1388
1430,56,1486,0.1388
1445,57,1502,0.1388
1453,56,1509,0.1388
1448,57,1505,0.1388
1440,57,1497,0.1388
1433,56,1489,0.1388
1447,56,1503,0.1388
1433,56,1489,0.1388
1432,54,1486,0.1388
1436,50,1486,0.1388
1450,51,1501,0.1388
1444,53,1497,0.1388
1447,54,1501,0.1388
1426,55,1481,0.1388
1439,55,1494,0.1388
1433,57,1490,0.1388
1433,60,1493,0.1388
1429,61,1490,0.1388
1435,64,1499,0.1388
1430,65,1495,0.1388
1420,63,1483,0.1388
1423,63,1486,0.1388
1426,64,1490,0.1388
1417,68,1485,0.1388
1416,67,1483,0.1388
1411,68,1479,0.1388
1424,67,1491,0.1388
1414,64,1478,0.1388
1401,65,1466,0.1388
1416,63,1479,0.1388
1417,63,1480,0.1388
1425,61,1486,0.1388
1417,60,1477,0.1388
1415,59,1474,0.1388
1423,59,1482,0.1388
1413,59,1472,0.1388
1427,58,1485,0.1388
1440,58,1498,0.1388
1455,55,1510,0.1388
1450,54,1504,0.1388
1441,54,1495,0.1388
1449,55,1504,0.1388
1452,56,1508,0.1388
1453,56,1509,0.1388
1455,56,1511,0.1388
1447,57,1504,0.1388
1463,56,1519,0.1388
1444,58,1502,0.1388
1440,57,1497,0.1388
1437,58,1495,0.1388
1442,57,1499,0.1388
1435,56,1491,0.1388
1427,58,1485,0.1388
1428,59,1487,0.1388
1433,60,1493,0.1388
1440,60,1500,0.1388
1444,58,1502,0.1388
1444,57,1501,0.1388
1437,61,1498,0.1388
1423,63,1486,0.1388
1429,61,1490,0.1388
1430,62,1492,0.1388
1439,61,1500,0.1388
1429,60,1489,0.1388
1431,60,1491,0.1388
1421,57,1478,0.1388
1423,55,1478,0.1388
1424,55,1479,0.1388
1426,59,1485,0.1388
1437,60,1497,0.1388
1437,60,1497,0.1388
1445,58,1503,0.1388
1450,58,1508,0.1388
1450,59,1509,0.1388
1451,59,1510,0.1388
1445,57,1502,0.1388
1445,57,1502,0.1388
1445,55,1500,0.1388
1443,58,1501,0.1388
1436,59,1495,0.1388
1434,60,1494,0.1388
1429,60,1489,0.1388
1435,62,1497,0.1388
1442,60,1502,0.1388
1443,60,1503,0.1388
1446,60,1506,0.1388
1442,61,1503,0.1388
1445,61,1506,0.1388
1450,61,1511,0.1388
1443,62,1505,0.1388
1436,61,1497,0.1388
1436,61,1497,0.1388
1447,58,1505,0.1388
1444,57,1501,0.1388
1431,56,1487,0.1388
1428,55,1483,0.1388
1438,58,1496,0.1388
1431,59,1490,0.1388
1425,61,1486,0.1388
1422,60,1482,0.1388
1413,62,1475,0.1388
1416,62,1478,0.1388
1417,63,1480,0.1388
1418,65,1483,0.1388
1428,66,1494,0.1388
1419,67,1486,0.1388
1421,67,1488,0.1388
1429,69,1498,0.1388
1435,69,1504,0.1388
1425,71,1496,0.1388
1420,70,1490,0.1388
1422,69,1491,0.1388
1410,71,1481,0.1388
1411,69,1480,0.1388
1409,69,1478,0.1388
1403,69,1472,0.1388
1410,71,1481,0.1388
1419,72,1491,0.1388
1427,70,1497,0.1388
1421,69,1490,0.1388
1437,71,1508,0.1388
1435,74,1509,0.1388
1429,76,1505,0.1388
1409,72,1481,0.1388
1405,73,1478,0.1388
1399,75,1474,0.1388
1390,78,1468,0.1388
1400,80,1480,0.1388
1398,80,1478,0.1388
1409,82,1491,0.1388
1410,84,1494,0.1388
1407,88,1495,0.1388
1408,89,1497,0.1388
1411,90,1501,0.1388
1390,91,1481,0.1388
1396,89,1485,0.1388
1397,91,1488,0.1388
1392,91,1483,0.1388
1397,92,1489,0.1388
1405,92,1497,0.1388
1387,93,1480,0.1388
1392,93,1485,0.1388
1385,97,1482,0.1388
1391,99,1490,0.1388
1393,103,1496,0.1388
1380,105,1485,0.1388
1398,103,1501,0.1388
1401,103,1504,0.1388
1400,104,1504,0.1388
1391,104,1495,0.1388
1376,105,1481,0.1388
1372,105,1477,0.1388
1381,107,1488,0.1388
1382,109,1491,0.1388
1387,108,1495,0.1388
1383,109,1492,0.1388
1403,109,1512,0.1388
1401,108,1509,0.1388
1407,109,1516,0.1388
1400,112,1512,0.1388
1387,107,1494,0.1388
1385,106,1491,0.1388
1370,111,1481,0.1388
1379,112,1491,0.1388
1377,115,1492,0.1388
1377,118,1495,0.1388
1389,118,1507,0.1388
1372,120,1492,0.1388
1383,121,1504,0.1388
1383,122,1505,0.1388
1368,122,1490,0.1388
1371,123,1494,0.1388
1373,126,1499,0.1388
1375,124,1499,0.1388
1365,122,1487,0.1388
1368,126,1494,0.1388
1358,129,1487,0.1388
1365,131,1496,0.1388
1360,135,1495,0.1388
1362,139,1501,0.1388
1369,137,1506,0.1388
1368,138,1506,0.1388
1368,136,1504,0.1388
1359,136,1495,0.1388
1365,134,1499,0.1388
1365,130,1495,0.1388
1370,128,1498,0.1388
1362,133,1495,0.1388
1369,135,1504,0.1388
1364,134,1498,0.1388
1370,140,1510,0.1388
1374,138,1512,0.1388
1366,136,1502,0.1388
1366,135,1501,0.1388
1384,135,1519,0.1388
1379,137,1516,0.1388
1383,132,1515,0.1388
1383,132,1515,0.1388
1379,131,1510,0.1388
1371,129,1500,0.1388
1367,129,1496,0.1388
1374,133,1507,0.1388
1372,137,1509,0.1388
1361,137,1498,0.1388
1355,134,1489,0.1388
1353,134,1487,0.1388
1367,135,1502,0.1388
1352,132,1484,0.1388
1364,131,1495,0.1388
1361,126,1487,0.1388
1365,128,1493,0.1388
1363,131,1494,0.1388
1359,131,1490,0.1388
1363,131,1494,0.1388
1359,133,1492,0.1388
1358,132,1490,0.1388
1366,132,1498,0.1388
1363,131,1494,0.1388
1373,130,1503,0.1388
1355,126,1481,0.1388
1347,125,1472,0.1388
1348,129,1477,0.1388
1356,133,1489,0.1388
1362,136,1498,0.1388
1346,136,1482,0.1388
1350,136,1486,0.1388
1347,144,1491,0.1388
1354,142,1496,0.1388
1352,137,1489,0.1388
1348,139,1487,0.1388
1354,139,1493,0.1388
1366,135,1501,0.1388
1340,132,1472,0.1388
1356,136,1492,0.1388
1346,137,1483,0.1388
1340,138,1478,0.1388
1336,136,1472,0.1388
1365,136,1501,0.1388
1366,135,1501,0.1388
1352,132,1484,0.1388
1337,129,1466,0.1388
1333,132,1465,0.1388
1344,133,1477,0.1388
1339,131,1470,0.1388
1342,135,1477,0.1388
1349,137,1486,0.1388
1364,135,1499,0.1388
1352,133,1485,0.1388
1359,128,1487,0.1388
1360,132,1492,0.1388
1361,138,1499,0.1388
1373,141,1514,0.1388
1368,140,1508,0.1388
1366,139,1505,0.1388
1368,137,1505,0.1388
1370,137,1507,0.1388
1370,137,1507,0.1388
1369,137,1506,0.1388
1370,136,1506,0.1388
1375,135,1510,0.1388
1374,138,1512,0.1388
1366,136,1502,0.1388
1356,136,1492,0.1388
1356,135,1491,0.1388
1354,136,1490,0.1388
1341,140,1481,0.1388
1348,139,1487,0.1388
1328,139,1467,0.1388
1336,141,1477,0.1388
1339,140,1479,0.1388
1346,132,1478,0.1388
1349,135,1484,0.1388
1338,139,1477,0.1388
1347,139,1486,0.1388
1349,139,1488,0.1388
1356,138,1494,0.1388
1354,138,1492,0.1388
1373,140,1513,0.1388
1366,143,1509,0.1388
1363,143,1506,0.1388
1365,139,1504,0.1388
1368,141,1509,0.1388
1358,145,1503,0.1388
1357,144,1501,0.1388
1355,141,1496,0.1388
1350,141,1491,0.1388
1349,142,1491,0.1388
1352,139,1491,0.1388
1349,140,1489,0.1388
1343,144,1487,0.1388
1352,139,1491,0.1388
1359,140,1499,0.1388
1358,141,1499,0.1388
1347,143,1490,0.1388
1364,140,1504,0.1388
1361,141,1502,0.1388
1354,143,1497,0.1388
1368,142,1510,0.1388
1370,139,1509,0.1388
1354,141,1495,0.1388
1354,140,1494,0.1388
1339,142,1481,0.1388
1346,144,1490,0.1388
1355,145,1500,0.1388
1355,146,1501,0.1388
1345,146,1491,0.1388
1338,148,1486,0.1388
1346,146,1492,0.1388
1339,144,1483,0.1388
1338,142,1480,0.1388
1337,139,1476,0.1388
1339,142,1481,0.1388
1334,145,1479,0.1388
1344,146,1490,0.1388
1332,150,1482,0.1388
1343,147,1490,0.1388
1352,148,1500,0.1388
1354,148,1502,0.1388
1360,150,1510,0.1388
1354,150,1504,0.1388
1344,149,1493,0.1388
1349,151,1500,0.1388
1343,153,1496,0.1388
1346,155,1501,0.1388
1338,156,1494,0.1388
1329,159,1488,0.1388
1338,155,1493,0.1388
1344,154,1498,0.1388
1341,155,1496,0.1388
1339,159,1498,0.1388
1336,159,1495,0.1388
1334,156,1490,0.1388
1338,159,1497,0.1388
1340,162,1502,0.1388
1330,157,1487,0.1388
1330,162,1492,0.1388
1319,159,1478,0.1388
1319,163,1482,0.1388
1322,160,1482,0.1388
1321,160,1481,0.1388
1326,157,1483,0.1388
1335,163,1498,0.1388
1322,162,1484,0.1388
1324,161,1485,0.1388
1321,166,1487,0.1388
1334,171,1505,0.1388
1325,174,1499,0.1388
1315,174,1489,0.1388
1311,173,1484,0.1388
1317,172,1489,0.1388
1314,177,1491,0.1388
1306,182,1488,0.1388
1294,182,1476,0.1388
1297,182,1479,0.1388
1298,184,1482,0.1388
1303,188,1491,0.1388
1305,187,1492,0.1388
1310,185,1495,0.1388
1313,180,1493,0.1388
1321,184,1505,0.1388
1308,189,1497,0.1388
1300,189,1489,0.1388
1297,192,1489,0.1388
1302,192,1494,0.1388
1298,195,1493,0.1388
1305,193,1498,0.1388
1315,193,1508,0.1388
1314,191,1505,0.1388
1324,192,1516,0.1388
1324,190,1514,0.1388
1312,192,1504,0.1388
1308,193,1501,0.1388
1307,196,1503,0.1388
1299,193,1492,0.1388
1309,190,1499,0.1388
1318,192,1510,0.1388
1309,193,1502,0.1388
1291,194,1485,0.1388
1299,194,1493,0.1388
1300,197,1497,0.1388
1295,190,1485,0.1388
1297,192,1489,0.1388
1306,191,1497,0.1388
1311,190,1501,0.1388
1312,192,1504,0.1388
1313,191,1504,0.1388
1303,190,1493,0.1388
1317,188,1505,0.1388
1303,186,1489,0.1388
1307,188,1495,0.1388
1300,187,1487,0.1388
1307,189,1496,0.1388
1305,192,1497,0.1388
1295,192,1487,0.1388
1294,195,1489,0.1388
1299,192,1491,0.1388
1300,197,1497,0.1388
1305,192,1497,0.1388
1305,193,1498,0.1388
1300,195,1495,0.1388
1300,197,1497,0.1388
1302,204,1506,0.1388
1284,208,1492,0.1388
1294,207,1501,0.1388
1290,206,1496,0.1388
1279,204,1483,0.1388
1280,205,1485,0.1388
1275,210,1485,0.1388
1269,207,1476,0.1388
1290,206,1496,0.1388
1276,203,1479,0.1388
1264,209,1473,0.1388
1283,210,1493,0.1388
1278,206,1484,0.1388
1280,209,1489,0.1388
1276,211,1487,0.1388
1291,211,1502,0.1388
1292,212,1504,0.1388
1270,210,1480,0.1388
1278,209,1487,0.1388
1268,210,1478,0.1388
1264,208,1472,0.1388
1268,215,1483,0.1388
1273,219,1492,0.1388
1273,219,1492,0.1388
1270,221,1491,0.1388
1274,219,1493,0.1388
1279,219,1498,0.1388
1271,219,1490,0.1388
1265,219,1484,0.1388
1272,221,1493,0.1388
1274,218,1492,0.1388
1264,217,1481,0.1388
1258,214,1472,0.1388
1255,216,1471,0.1388
1262,213,1475,0.1388
1261,212,1473,0.1388
1260,218,1478,0.1388
1274,216,1490,0.1388
1266,214,1480,0.1388
1269,214,1483,0.1388
1267,209,1476,0.1388
1265,211,1476,0.1388
1277,207,1484,0.1388
1273,211,1484,0.1388
1282,215,1497,0.1388
1290,215,1505,0.1388
1270,214,1484,0.1388
1277,213,1490,0.1388
1275,215,1490,0.1388
1277,221,1498,0.1388
1274,223,1497,0.1388
1297,225,1522,0.1388
1297,224,1521,0.1388
1293,226,1519,0.1388
1279,222,1501,0.1388
1272,223,1495,0.1388
1272,220,1492,0.1388
1269,226,1495,0.1388
1274,227,1501,0.1388
1260,230,1490,0.1388
1272,228,1500,0.1388
1270,225,1495,0.1388
1264,225,1489,0.1388
1267,222,1489,0.1388
1269,227,1496,0.1388
1257,231,1488,0.1388
1252,235,1487,0.1388
1256,231,1487,0.1388
1252,230,1482,0.1388
1255,236,1491,0.1388
1255,237,1492,0.1388
1255,241,1496,0.1388
1236,245,1481,0.1388
1245,245,1490,0.1388
1251,249,1500,0.1388
1245,250,1495,0.1388
1232,255,1487,0.1388
1236,251,1487,0.1388
1236,258,1494,0.1388
1227,262,1489,0.1388
1227,262,1489,0.1388
1236,265,1501,0.1388
1233,260,1493,0.1388
1242,264,1506,0.1388
1240,261,1501,0.1388
1238,269,1507,0.1388
1234,267,1501,0.1388
1230,267,1497,0.1388
1222,271,1493,0.1388
1226,268,1494,0.1388
1222,269,1491,0.1388
1220,271,1491,0.1388
1222,272,1494,0.1388
1210,273,1483,0.1388
1219,269,1488,0.1388
1219,269,1488,0.1388
1227,269,1496,0.1388
1232,268,1500,0.1388
1224,275,1499,0.1388
1217,277,1494,0.1388
1204,279,1483,0.1388
1203,281,1484,0.1388
1212,284,1496,0.1388
1220,279,1499,0.1388
1220,283,1503,0.1388
1223,278,1501,0.1388
1229,279,1508,0.1388
1227,277,1504,0.1388
1226,282,1508,0.1388
1217,284,1501,0.1388
1216,286,1502,0.1388
1215,288,1503,0.1388
1208,290,1498,0.1388
1205,288,1493,0.1388
1213,288,1501,0.1388
1209,290,1499,0.1388
1211,286,1497,0.1388
1212,284,1496,0.1388
1208,287,1495,0.1388
1207,293,1500,0.1388
1205,296,1501,0.1388
1197,298,1495,0.1388
1187,305,1492,0.1388
1184,309,1493,0.1388
1188,312,1500,0.1388
1193,313,1506,0.1388
1184,316,1500,0.1388
1176,322,1498,0.1388
1162,319,1481,0.1388
1164,316,1480,0.1388
1183,314,1497,0.1388
1183,313,1496,0.1388
1185,307,1492,0.1388
1170,301,1471,0.1388
1184,305,1489,0.1388
1188,308,1496,0.1388
1187,312,1499,0.1388
1188,309,1497,0.1388
1176,311,1487,0.1388
1177,309,1486,0.1388
1186,314,1500,0.1388
1177,320,1497,0.1388
1184,320,1504,0.1388
1176,315,1491,0.1388
1180,310,1490,0.1388
1180,315,1495,0.1388
1175,314,1489,0.1388
1192,321,1513,0.1388
1182,320,1502,0.1388
1191,321,1512,0.1388
1194,318,1512,0.1388
1193,315,1508,0.1388
1187,313,1500,0.1388
1176,311,1487,0.1388
1186,313,1499,0.1388
1173,309,1482,0.1388
1172,318,1490,0.1388
1169,325,1494,0.1388
1175,326,1501,0.1388
1187,325,1512,0.1388
1185,325,1510,0.1388
1181,323,1504,0.1388
1180,320,1500,0.1388
1177,319,1496,0.1388
1170,325,1495,0.1388
1164,319,1483,0.1388
1182,323,1505,0.1388
1187,323,1510,0.1388
1181,327,1508,0.1388
1189,326,1515,0.1388
1191,323,1514,0.1388
1182,329,1511,0.1388
1180,326,1506,0.1388
1179,329,1508,0.1388
1165,330,1495,0.1388
1168,320,1488,0.1388
1162,319,1481,0.1388
1160,327,1487,0.1388
1138,329,1467,0.1388
1144,330,1474,0.1388
1132,332,1464,0.1388
1138,335,1473,0.1388
1152,341,1493,0.1388
1164,333,1497,0.1388
1169,319,1488,0.1388
1171,324,1495,0.1388
1165,328,1493,0.1388
1164,324,1488,0.1388
1163,321,1484,0.1388
1168,326,1494,0.1388
1159,326,1485,0.1388
1146,322,1468,0.1388
1142,325,1467,0.1388
1153,331,1484,0.1388
1163,335,1498,0.1388
1153,342,1495,0.1388
1144,342,1486,0.1388
1145,343,1488,0.1388
1143,348,1491,0.1388
1143,349,1492,0.1388
1132,359,1491,0.1388
1136,356,1492,0.1388
1133,358,1491,0.1388
1142,361,1503,0.1388
1139,367,1506,0.1388
1135,366,1501,0.1388
1129,361,1490,0.1388
1131,361,1492,0.1388
1128,360,1488,0.1388
1128,361,1489,0.1388
1138,364,1502,0.1388
1129,367,1496,0.1388
1126,370,1496,0.1388
1127,370,1497,0.1388
1129,369,1498,0.1388
1130,370,1500,0.1388
1135,371,1506,0.1388
1141,368,1509,0.1388
1136,371,1507,0.1388
1132,367,1499,0.1388
1124,369,1493,0.1388
1136,370,1506,0.1388
1132,375,1507,0.1388
1135,368,1503,0.1388
1138,373,1511,0.1388
1144,364,1508,0.1388
1143,367,1510,0.1388
1155,371,1526,0.1388
1135,377,1512,0.1388
1131,372,1503,0.1388
1124,367,1491,0.1388
1140,370,1510,0.1388
1133,372,1505,0.1388
1128,375,1503,0.1388
1121,381,1502,0.1388
1130,377,1507,0.1388
1126,370,1496,0.1388
1134,371,1505,0.1388
1139,374,1513,0.1388
1140,372,1512,0.1388
1143,374,1517,0.1388
1135,380,1515,0.1388
1137,381,1518,0.1388
1132,378,1510,0.1388
1123,376,1499,0.1388
1132,370,1502,0.1388
1135,368,1503,0.1388
1139,369,1508,0.1388
1126,368,1494,0.1388
1109,369,1478,0.1388
1119,365,1484,0.1388
1135,365,1500,0.1388
1137,369,1506,0.1388
1132,374,1506,0.1388
1132,373,1505,0.1388
1130,372,1502,0.1388
1137,378,1515,0.1388
1133,374,1507,0.1388
1129,375,1504,0.1388
1124,381,1505,0.1388
1129,376,1505,0.1388
1126,375,1501,0.1388
1127,373,1500,0.1388
1123,375,1498,0.1388
1118,380,1498,0.1388
1113,375,1488,0.1388
1127,379,1506,0.1388
1120,385,1505,0.1388
1125,383,1508,0.1388
1121,380,1501,0.1388
1122,377,1499,0.1388
1116,378,1494,0.1388
1117,386,1503,0.1388
1124,383,1507,0.1388
1128,383,1511,0.1388
1119,377,1496,0.1388
1121,377,1498,0.1388
1118,375,1493,0.1388
1119,387,1506,0.1388
1120,388,1508,0.1388
1119,387,1506,0.1388
1114,388,1502,0.1388
1102,383,1485,0.1388
1108,385,1493,0.1388
1111,378,1489,0.1388
1114,392,1506,0.1388
1111,395,1506,0.1388
1102,398,1500,0.1388
1101,395,1496,0.1388
1089,396,1485,0.1388
1094,395,1489,0.1388
1089,397,1486,0.1388
1093,406,1499,0.1388
1090,404,1494,0.1388
1081,404,1485,0.1388
1078,415,1493,0.1388
1080,410,1490,0.1388
1080,410,1490,0.1388
1071,415,1486,0.1388
1065,423,1488,0.1388
1070,419,1489,0.1388
1061,423,1484,0.1388
1066,419,1485,0.1388
1078,419,1497,0.1388
1080,414,1494,0.1388
1079,419,1498,0.1388
1082,419,1501,0.1388
1080,412,1492,0.1388
1075,417,1492,0.1388
1084,424,1508,0.1388
1072,420,1492,0.1388
1081,421,1502,0.1388
1081,428,1509,0.1388
1074,423,1497,0.1388
1071,424,1495,0.1388
1086,419,1505,0.1388
1081,413,1494,0.1388
1082,426,1508,0.1388
1085,428,1513,0.1388
1082,434,1516,0.1388
1076,431,1507,0.1388
1063,433,1496,0.1388
1056,426,1482,0.1388
1056,428,1484,0.1388
1064,434,1498,0.1388
1060,443,1503,0.1388
1047,444,1491,0.1388
1054,445,1499,0.1388
1048,447,1495,0.1388
1037,448,1485,0.1388
1038,448,1486,0.1388
1041,450,1491,0.1388
1051,454,1505,0.1388
1054,448,1502,0.1388
1035,455,1490,0.1388
1044,456,1500,0.1388
1035,456,1491,0.1388
1038,449,1487,0.1388
1036,459,1495,0.1388
1029,458,1487,0.1388
1036,463,1499,0.1388
1037,449,1486,0.1388
1046,446,1492,0.1388
1040,454,1494,0.1388
1038,462,1500,0.1388
1028,466,1494,0.1388
1028,471,1499,0.1388
1033,474,1507,0.1388
1030,473,1503,0.1388
1030,479,1509,0.1388
1037,483,1520,0.1388
1023,489,1512,0.1388
1026,482,1508,0.1388
1032,479,1511,0.1388
1022,478,1500,0.1388
1018,484,1502,0.1388
1020,485,1505,0.1388
1014,491,1505,0.1388
1010,492,1502,0.1388
1006,487,1493,0.1388
1007,487,1494,0.1388
1011,489,1500,0.1388
1016,489,1505,0.1388
1016,495,1511,0.1388
995,490,1485,0.1388
1000,496,1496,0.1388
994,482,1476,0.1388
999,493,1492,0.1388
1003,486,1489,0.1388
1008,489,1497,0.1388
1005,490,1495,0.1388
1006,493,1499,0.1388
999,490,1489,0.1388
1011,491,1502,0.1388
1011,494,1505,0.1388
1010,501,1511,0.1388
1004,501,1505,0.1388
991,500,1491,0.1388
1008,504,1512,0.1388
1003,500,1503,0.1388
998,501,1499,0.1388
1005,502,1507,0.1388
1005,499,1504,0.1388
1000,499,1499,0.1388
997,502,1499,0.1388
991,503,1494,0.1388
996,507,1503,0.1388
996,507,1503,0.1388
996,510,1506,0.1388
989,512,1501,0.1388
981,508,1489,0.1388
986,509,1495,0.1388
992,510,1502,0.1388
986,514,1500,0.1388
985,512,1497,0.1388
974,514,1488,0.1388
977,514,1491,0.1388
982,511,1493,0.1388
996,515,1511,0.1388
998,508,1506,0.1388
996,505,1501,0.1388
994,509,1503,0.1388
981,515,1496,0.1388
991,508,1499,0.1388
997,509,1506,0.1388
991,516,1507,0.1388
990,512,1502,0.1388
979,522,1501,0.1388
980,517,1497,0.1388
976,521,1497,0.1388
980,517,1497,0.1388
978,521,1499,0.1388
992,516,1508,0.1388
984,516,1500,0.1388
984,512,1496,0.1388
989,515,1504,0.1388
985,518,1503,0.1388
989,515,1504,0.1388
990,513,1503,0.1388
984,518,1502,0.1388
983,517,1500,0.1388
966,514,1480,0.1388
960,516,1476,0.1388
954,520,1474,0.1388
952,520,1472,0.1388
959,531,1490,0.1388
978,540,1518,0.1388
982,540,1522,0.1388
972,538,1510,0.1388
963,533,1496,0.1388
968,524,1492,0.1388
966,533,1499,0.1388
957,541,1498,0.1388
957,540,1497,0.1388
959,539,1498,0.1388
961,542,1503,0.1388
954,548,1502,0.1388
952,547,1499,0.1388
953,538,1491,0.1388
950,546,1496,0.1388
950,541,1491,0.1388
941,534,1475,0.1388
942,535,1477,0.1388
947,537,1484,0.1388
954,543,1497,0.1388
961,555,1516,0.1388
955,547,1502,0.1388
941,548,1489,0.1388
941,553,1494,0.1388
941,548,1489,0.1388
936,543,1479,0.1388
937,541,1478,0.1388
942,544,1486,0.1388
939,543,1482,0.1388
941,544,1485,0.1388
938,546,1484,0.1388
940,551,1491,0.1388
940,542,1482,0.1388
945,539,1484,0.1388
951,530,1481,0.1388
939,548,1487,0.1388
936,548,1484,0.1388
940,547,1487,0.1388
943,551,1494,0.1388
954,554,1508,0.1388
954,553,1507,0.1388
949,551,1500,0.1388
949,552,1501,0.1388
943,555,1498,0.1388
940,555,1495,0.1388
941,564,1505,0.1388
935,560,1495,0.1388
938,562,1500,0.1388
936,563,1499,0.1388
937,563,1500,0.1388
958,564,1522,0.1388
954,553,1507,0.1388
949,561,1510,0.1388
952,558,1510,0.1388
951,564,1515,0.1388
938,556,1494,0.1388
942,555,1497,0.1388
950,561,1511,0.1388
946,556,1502,0.1388
944,555,1499,0.1388
954,557,1511,0.1388
949,561,1510,0.1388
936,562,1498,0.1388
928,563,1491,0.1388
931,557,1488,0.1388
919,560,1479,0.1388
929,540,1469,0.1388
931,549,1480,0.1388
933,545,1478,0.1388
946,552,1498,0.1388
951,544,1495,0.1388
955,540,1495,0.1388
956,534,1490,0.1388
951,531,1482,0.1388
952,531,1483,0.1388
949,527,1476,0.1388
954,532,1486,0.1388
955,535,1490,0.1388
954,537,1491,0.1388
952,537,1489,0.1388
951,545,1496,0.1388
962,539,1501,0.1388
962,541,1503,0.1388
944,540,1484,0.1388
947,546,1493,0.1388
947,552,1499,0.1388
948,555,1503,0.1388
951,550,1501,0.1388
943,545,1488,0.1388
949,554,1503,0.1388
935,550,1485,0.1388
935,556,1491,0.1388
934,560,1494,0.1388
944,554,1498,0.1388
946,559,1505,0.1388
937,564,1501,0.1388
925,557,1482,0.1388
916,568,1484,0.1388
925,567,1492,0.1388
923,560,1483,0.1388
929,562,1491,0.1388
929,568,1497,0.1388
929,568,1497,0.1388
937,576,1513,0.1388
927,587,1514,0.1388
916,591,1507,0.1388
924,588,1512,0.1388
914,591,1505,0.1388
905,594,1499,0.1388
902,601,1503,0.1388
908,594,1502,0.1388
906,597,1503,0.1388
898,592,1490,0.1388
895,585,1480,0.1388
890,593,1483,0.1388
897,589,1486,0.1388
898,593,1491,0.1388
905,592,1497,0.1388
898,588,1486,0.1388
891,591,1482,0.1388
891,589,1480,0.1388
886,595,1481,0.1388
891,594,1485,0.1388
890,595,1485,0.1388
888,599,1487,0.1388
876,592,1468,0.1388
882,596,1478,0.1388
893,602,1495,0.1388
890,607,1497,0.1388
896,613,1509,0.1388
897,621,1518,0.1388
888,626,1514,0.1388
888,615,1503,0.1388
885,624,1509,0.1388
884,621,1505,0.1388
873,616,1489,0.1388
864,617,1481,0.1388
866,617,1483,0.1388
868,608,1476,0.1388
868,614,1482,0.1388
871,617,1488,0.1388
876,623,1499,0.1388
873,625,1498,0.1388
865,621,1486,0.1388
879,623,1502,0.1388
872,630,1502,0.1388
866,633,1499,0.1388
874,631,1505,0.1388
866,626,1492,0.1388
870,631,1501,0.1388
869,642,1511,0.1388
876,637,1513,0.1388
879,630,1509,0.1388
883,633,1516,0.1388
882,638,1520,0.1388
887,632,1519,0.1388
878,635,1513,0.1388
872,630,1502,0.1388
880,632,1512,0.1388
874,628,1502,0.1388
873,640,1513,0.1388
876,637,1513,0.1388
884,636,1520,0.1388
882,638,1520,0.1388
870,642,1512,0.1388
865,644,1509,0.1388
861,653,1514,0.1388
855,654,1509,0.1388
857,650,1507,0.1388
851,650,1501,0.1388
847,651,1498,0.1388
859,649,1508,0.1388
851,645,1496,0.1388
849,636,1485,0.1388
840,641,1481,0.1388
837,646,1483,0.1388
848,642,1490,0.1388
849,638,1487,0.1388
852,645,1497,0.1388
863,651,1514,0.1388
851,655,1506,0.1388
847,649,1496,0.1388
845,648,1493,0.1388
853,652,1505,0.1388
850,659,1509,0.1388
846,653,1499,0.1388
842,648,1490,0.1388
843,655,1498,0.1388
849,655,1504,0.1388
848,660,1508,0.1388
843,666,1509,0.1388
845,669,1514,0.1388
842,680,1522,0.1388
841,677,1518,0.1388
847,670,1517,0.1388
844,669,1513,0.1388
834,680,1514,0.1388
835,677,1512,0.1388
841,675,1516,0.1388
834,672,1506,0.1388
831,667,1498,0.1388
831,665,1496,0.1388
839,657,1496,0.1388
851,654,1505,0.1388
852,653,1505,0.1388
846,654,1500,0.1388
855,648,1503,0.1388
839,658,1497,0.1388
832,661,1493,0.1388
844,664,1508,0.1388
844,654,1498,0.1388
832,663,1495,0.1388
828,675,1503,0.1388
833,665,1498,0.1388
836,664,1500,0.1388
843,671,1514,0.1388
847,667,1514,0.1388
832,666,1498,0.1388
833,664,1497,0.1388
834,666,1500,0.1388
833,671,1504,0.1388
830,670,1500,0.1388
841,672,1513,0.1388
841,662,1503,0.1388
830,669,1499,0.1388
824,665,1489,0.1388
828,671,1499,0.1388
820,663,1483,0.1388
830,670,1500,0.1388
829,678,1507,0.1388
813,688,1501,0.1388
816,689,1505,0.1388
811,694,1505,0.1388
817,685,1502,0.1388
826,679,1505,0.1388
823,684,1507,0.1388
817,675,1492,0.1388
827,677,1504,0.1388
829,671,1500,0.1388
827,681,1508,0.1388
823,686,1509,0.1388
816,686,1502,0.1388
812,686,1498,0.1388
811,685,1496,0.1388
814,693,1507,0.1388
806,687,1493,0.1388
793,696,1489,0.1388
793,702,1495,0.1388
784,701,1485,0.1388
779,709,1488,0.1388
775,705,1480,0.1388
786,711,1497,0.1388
791,714,1505,0.1388
795,717,1512,0.1388
791,710,1501,0.1388
785,702,1487,0.1388
785,697,1482,0.1388
778,707,1485,0.1388
789,711,1500,0.1388
795,708,1503,0.1388
787,712,1499,0.1388
789,716,1505,0.1388
788,716,1504,0.1388
799,714,1513,0.1388
794,709,1503,0.1388
786,714,1500,0.1388
788,713,1501,0.1388
785,710,1495,0.1388
774,720,1494,0.1388
771,722,1493,0.1388
775,718,1493,0.1388
780,720,1500,0.1388
789,724,1513,0.1388
780,718,1498,0.1388
780,726,1506,0.1388
765,733,1498,0.1388
763,740,1503,0.1388
757,743,1500,0.1388
770,743,1513,0.1388
765,748,1513,0.1388
759,748,1507,0.1388
759,751,1510,0.1388
753,752,1505,0.1388
761,752,1513,0.1388
749,747,1496,0.1388
749,757,1506,0.1388
745,745,1490,0.1388
750,759,1509,0.1388
756,764,1520,0.1388
755,761,1516,0.1388
739,757,1496,0.1388
753,758,1511,0.1388
735,760,1495,0.1388
735,753,1488,0.1388
739,754,1493,0.1388
732,752,1484,0.1388
733,747,1480,0.1388
746,755,1501,0.1388
739,759,1498,0.1388
731,770,1501,0.1388
723,773,1496,0.1388
728,760,1488,0.1388
733,757,1490,0.1388
737,766,1503,0.1388
735,770,1505,0.1388
732,770,1502,0.1388
729,770,1499,0.1388
725,767,1492,0.1388
723,772,1495,0.1388
719,782,1501,0.1388
725,791,1516,0.1388
735,788,1523,0.1388
728,784,1512,0.1388
733,784,1517,0.1388
728,780,1508,0.1388
726,790,1516,0.1388
722,789,1511,0.1388
728,798,1526,0.1388
731,798,1529,0.1388
724,796,1520,0.1388
726,799,1525,0.1388
719,802,1521,0.1388
719,798,1517,0.1388
716,799,1515,0.1388
715,796,1511,0.1388
707,791,1498,0.1388
710,797,1507,0.1388
708,799,1507,0.1388
709,802,1511,0.1388
707,801,1508,0.1388
704,805,1509,0.1388
694,796,1490,0.1388
703,801,1504,0.1388
704,799,1503,0.1388
699,802,1501,0.1388
695,800,1495,0.1388
699,793,1492,0.1388
701,799,1500,0.1388
704,805,1509,0.1388
706,803,1509,0.1388
699,805,1504,0.1388
697,809,1506,0.1388
693,811,1504,0.1388
684,807,1491,0.1388
683,808,1491,0.1388
686,805,1491,0.1388
679,807,1486,0.1388
677,818,1495,0.1388
677,827,1504,0.1388
683,829,1512,0.1388
679,824,1503,0.1388
673,832,1505,0.1388
676,828,1504,0.1388
680,829,1509,0.1388
687,823,1510,0.1388
679,829,1508,0.1388
676,833,1509,0.1388
673,841,1514,0.1388
676,840,1516,0.1388
682,846,1528,0.1388
684,834,1518,0.1388
679,834,1513,0.1388
673,839,1512,0.1388
674,837,1511,0.1388
680,839,1519,0.1388
680,844,1524,0.1388
665,844,1509,0.1388
668,836,1504,0.1388
654,851,1505,0.1388
653,839,1492,0.1388
662,844,1506,0.1388
662,851,1513,0.1388
662,843,1505,0.1388
669,840,1509,0.1388
664,836,1500,0.1388
657,846,1503,0.1388
658,845,1503,0.1388
653,849,1502,0.1388
654,853,1507,0.1388
659,851,1510,0.1388
652,852,1504,0.1388
664,864,1528,0.1388
660,865,1525,0.1388
650,865,1515,0.1388
652,867,1519,0.1388
644,860,1504,0.1388
644,866,1510,0.1388
638,870,1508,0.1388
623,867,1490,0.1388
626,872,1498,0.1388
632,861,1493,0.1388
627,864,1491,0.1388
629,862,1491,0.1388
628,862,1490,0.1388
626,870,1496,0.1388
626,875,1501,0.1388
624,876,1500,0.1388
625,877,1502,0.1388
631,875,1506,0.1388
629,875,1504,0.1388
628,867,1495,0.1388
627,875,1502,0.1388
621,881,1502,0.1388
617,883,1500,0.1388
617,884,1501,0.1388
626,886,1512,0.1388
625,890,1515,0.1388
627,885,1512,0.1388
622,885,1507,0.1388
618,874,1492,0.1388
610,880,1490,0.1388
609,885,1494,0.1388
605,892,1497,0.1388
609,884,1493,0.1388
610,887,1497,0.1388
604,886,1490,0.1388
608,898,1506,0.1388
607,901,1508,0.1388
614,903,1517,0.1388
608,904,1512,0.1388
603,916,1519,0.1388
599,919,1518,0.1388
600,907,1507,0.1388
600,919,1519,0.1388
598,923,1521,0.1388
599,920,1519,0.1388
597,919,1516,0.1388
599,917,1516,0.1388
597,909,1506,0.1388
599,911,1510,0.1388
597,913,1510,0.1388
596,915,1511,0.1388
592,906,1498,0.1388
594,916,1510,0.1388
589,906,1495,0.1388
597,907,1504,0.1388
597,910,1507,0.1388
597,912,1509,0.1388
598,916,1514,0.1388
597,923,1520,0.1388
601,913,1514,0.1388
602,917,1519,0.1388
592,913,1505,0.1388
586,920,1506,0.1388
592,920,1512,0.1388
598,919,1517,0.1388
593,915,1508,0.1388
598,910,1508,0.1388
599,907,1506,0.1388
598,917,1515,0.1388
591,921,1512,0.1388
590,926,1516,0.1388
598,917,1515,0.1388
601,917,1518,0.1388
600,915,1515,0.1388
597,920,1517,0.1388
598,919,1517,0.1388
591,922,1513,0.1388
588,913,1501,0.1388
584,906,1490,0.1388
579,906,1485,0.1388
580,907,1487,0.1388
577,917,1494,0.1388
575,911,1486,0.1388
574,916,1490,0.1388
575,919,1494,0.1388
582,928,1510,0.1388
592,942,1534,0.1388
583,936,1519,0.1388
580,930,1510,0.1388
581,933,1514,0.1388
574,943,1517,0.1388
572,944,1516,0.1388
580,936,1516,0.1388
573,939,1512,0.1388
568,928,1496,0.1388
568,928,1496,0.1388
572,931,1503,0.1388
577,935,1512,0.1388
580,943,1523,0.1388
579,951,1530,0.1388
583,955,1538,0.1388
571,962,1533,0.1388
567,952,1519,0.1388
566,942,1508,0.1388
564,931,1495,0.1388
561,943,1504,0.1388
561,943,1504,0.1388
563,935,1498,0.1388
558,935,1493,0.1388
560,934,1494,0.1388
563,924,1487,0.1388
561,926,1487,0.1388
568,934,1502,0.1388
563,943,1506,0.1388
555,948,1503,0.1388
557,949,1506,0.1388
558,949,1507,0.1388
563,950,1513,0.1388
567,952,1519,0.1388
574,947,1521,0.1388
571,952,1523,0.1388
557,955,1512,0.1388
552,954,1506,0.1388
549,947,1496,0.1388
555,953,1508,0.1388
558,949,1507,0.1388
561,952,1513,0.1388
560,957,1517,0.1388
557,954,1511,0.1388
560,949,1509,0.1388
565,956,1521,0.1388
557,950,1507,0.1388
552,949,1501,0.1388
548,944,1492,0.1388
538,943,1481,0.1388
546,948,1494,0.1388
540,943,1483,0.1388
539,951,1490,0.1388
551,956,1507,0.1388
555,966,1521,0.1388
550,954,1504,0.1388
548,968,1516,0.1388
548,967,1515,0.1388
558,961,1519,0.1388
558,963,1521,0.1388
548,973,1521,0.1388
548,978,1526,0.1388
547,973,1520,0.1388
545,957,1502,0.1388
537,953,1490,0.1388
545,950,1495,0.1388
545,955,1500,0.1388
544,958,1502,0.1388
538,963,1501,0.1388
538,970,1508,0.1388
537,968,1505,0.1388
537,970,1507,0.1388
544,970,1514,0.1388
545,976,1521,0.1388
543,975,1518,0.1388
536,996,1532,0.1388
536,985,1521,0.1388
534,971,1505,0.1388
537,975,1512,0.1388
529,978,1507,0.1388
526,977,1503,0.1388
523,986,1509,0.1388
517,988,1505,0.1388
519,987,1506,0.1388
522,986,1508,0.1388
516,983,1499,0.1388
515,978,1493,0.1388
522,986,1508,0.1388
516,997,1513,0.1388
515,988,1503,0.1388
514,986,1500,0.1388
517,987,1504,0.1388
517,992,1509,0.1388
517,982,1499,0.1388
514,994,1508,0.1388
514,999,1513,0.1388
513,1004,1517,0.1388
513,1000,1513,0.1388
518,995,1513,0.1388
518,990,1508,0.1388
513,983,1496,0.1388
508,991,1499,0.1388
515,999,1514,0.1388
519,1004,1523,0.1388
511,1010,1521,0.1388
517,1005,1522,0.1388
517,996,1513,0.1388
518,993,1511,0.1388
513,1000,1513,0.1388
514,1006,1520,0.1388
523,1004,1527,0.1388
532,1005,1537,0.1388
520,998,1518,0.1388
515,985,1500,0.1388
509,980,1489,0.1388
510,979,1489,0.1388
508,982,1490,0.1388
506,981,1487,0.1388
510,999,1509,0.1388
508,996,1504,0.1388
516,998,1514,0.1388
519,1004,1523,0.1388
508,1010,1518,0.1388
512,1011,1523,0.1388
505,1003,1508,0.1388
509,994,1503,0.1388
510,1011,1521,0.1388
517,1003,1520,0.1388
516,1004,1520,0.1388
514,1014,1528,0.1388
505,1015,1520,0.1388
504,1008,1512,0.1388
502,1000,1502,0.1388
500,994,1494,0.1388
496,994,1490,0.1388
493,1002,1495,0.1388
497,1005,1502,0.1388
486,996,1482,0.1388
495,1002,1497,0.1388
492,1001,1493,0.1388
484,992,1476,0.1388
483,1003,1486,0.1388
494,997,1491,0.1388
494,1007,1501,0.1388
493,1007,1500,0.1388
499,1015,1514,0.1388
496,1019,1515,0.1388
490,1020,1510,0.1388
486,1023,1509,0.1388
477,1022,1499,0.1388
486,1012,1498,0.1388
484,1030,1514,0.1388
490,1026,1516,0.1388
496,1017,1513,0.1388
488,1016,1504,0.1388
489,1028,1517,0.1388
476,1037,1513,0.1388
471,1041,1512,0.1388
469,1045,1514,0.1388
466,1044,1510,0.1388
474,1049,1523,0.1388
469,1041,1510,0.1388
473,1041,1514,0.1388
471,1040,1511,0.1388
470,1032,1502,0.1388
469,1014,1483,0.1388
473,1028,1501,0.1388
477,1048,1525,0.1388
473,1043,1516,0.1388
470,1027,1497,0.1388
466,1046,1512,0.1388
475,1038,1513,0.1388
470,1042,1512,0.1388
472,1042,1514,0.1388
468,1044,1512,0.1388
470,1031,1501,0.1388
471,1034,1505,0.1388
472,1043,1515,0.1388
468,1037,1505,0.1388
473,1035,1508,0.1388
467,1045,1512,0.1388
477,1047,1524,0.1388
473,1040,1513,0.1388
478,1033,1511,0.1388
491,1029,1520,0.1388
484,1039,1523,0.1388
490,1031,1521,0.1388
480,1040,1520,0.1388
478,1046,1524,0.1388
476,1048,1524,0.1388
474,1044,1518,0.1388
471,1044,1515,0.1388
476,1050,1526,0.1388
465,1053,1518,0.1388
465,1057,1522,0.1388
457,1040,1497,0.1388
458,1050,1508,0.1388
461,1043,1504,0.1388
462,1036,1498,0.1388
461,1045,1506,0.1388
454,1045,1499,0.1388
453,1057,1510,0.1388
451,1055,1506,0.1388
457,1056,1513,0.1388
454,1047,1501,0.1388
447,1050,1497,0.1388
448,1050,1498,0.1388
441,1051,1492,0.1388
442,1056,1498,0.1388
446,1044,1490,0.1388
444,1046,1490,0.1388
443,1050,1493,0.1388
447,1054,1501,0.1388
448,1064,1512,0.1388
451,1056,1507,0.1388
445,1071,1516,0.1388
451,1063,1514,0.1388
456,1055,1511,0.1388
456,1058,1514,0.1388
453,1061,1514,0.1388
446,1071,1517,0.1388
456,1072,1528,0.1388
447,1075,1522,0.1388
444,1083,1527,0.1388
443,1080,1523,0.1388
441,1078,1519,0.1388
440,1071,1511,0.1388
439,1072,1511,0.1388
429,1079,1508,0.1388
432,1071,1503,0.1388
433,1065,1498,0.1388
425,1064,1489,0.1388
422,1073,1495,0.1388
422,1083,1505,0.1388
424,1069,1493,0.1388
428,1070,1498,0.1388
423,1074,1497,0.1388
420,1081,1501,0.1388
424,1083,1507,0.1388
427,1087,1514,0.1388
420,1093,1513,0.1388
418,1094,1512,0.1388
419,1085,1504,0.1388
417,1085,1502,0.1388
415,1090,1505,0.1388
411,1092,1503,0.1388
415,1092,1507,0.1388
425,1092,1517,0.1388
423,1087,1510,0.1388
423,1083,1506,0.1388
422,1086,1508,0.1388
423,1089,1512,0.1388
424,1095,1519,0.1388
425,1092,1517,0.1388
429,1093,1522,0.1388
436,1093,1529,0.1388
432,1084,1516,0.1388
419,1081,1500,0.1388
423,1085,1508,0.1388
419,1096,1515,0.1388
422,1100,1522,0.1388
412,1096,1508,0.1388
410,1094,1504,0.1388
406,1100,1506,0.1388
404,1104,1508,0.1388
409,1105,1514,0.1388
421,1099,1520,0.1388
412,1089,1501,0.1388
407,1099,1506,0.1388
415,1103,1518,0.1388
413,1113,1526,0.1388
415,1103,1518,0.1388
406,1106,1512,0.1388
405,1105,1510,0.1388
400,1105,1505,0.1388
404,1106,1510,0.1388
408,1115,1523,0.1388
420,1103,1523,0.1388
419,1106,1525,0.1388
422,1112,1534,0.1388
418,1114,1532,0.1388
411,1117,1528,0.1388
419,1114,1533,0.1388
416,1114,1530,0.1388
416,1109,1525,0.1388
409,1108,1517,0.1388
404,1106,1510,0.1388
400,1114,1514,0.1388
401,1115,1516,0.1388
399,1126,1525,0.1388
403,1122,1525,0.1388
410,1118,1528,0.1388
403,1113,1516,0.1388
404,1111,1515,0.1388
399,1110,1509,0.1388
391,1115,1506,0.1388
392,1117,1509,0.1388
401,1124,1525,0.1388
399,1117,1516,0.1388
394,1114,1508,0.1388
401,1121,1522,0.1388
401,1116,1517,0.1388
402,1113,1515,0.1388
403,1116,1519,0.1388
405,1099,1504,0.1388
407,1108,1515,0.1388
408,1111,1519,0.1388
408,1109,1517,0.1388
405,1113,1518,0.1388
396,1122,1518,0.1388
388,1119,1507,0.1388
392,1115,1507,0.1388
390,1123,1513,0.1388
394,1114,1508,0.1388
389,1118,1507,0.1388
392,1115,1507,0.1388
392,1116,1508,0.1388
397,1116,1513,0.1388
390,1123,1513,0.1388
388,1124,1512,0.1388
382,1125,1507,0.1388
376,1134,1510,0.1388
376,1137,1513,0.1388
384,1130,1514,0.1388
393,1125,1518,0.1388
395,1132,1527,0.1388
391,1131,1522,0.1388
387,1126,1513,0.1388
390,1131,1521,0.1388
388,1134,1522,0.1388
375,1139,1514,0.1388
377,1126,1503,0.1388
387,1119,1506,0.1388
381,1124,1505,0.1388
380,1128,1508,0.1388
378,1139,1517,0.1388
381,1136,1517,0.1388
377,1135,1512,0.1388
374,1132,1506,0.1388
373,1133,1506,0.1388
380,1142,1522,0.1388
374,1141,1515,0.1388
379,1139,1518,0.1388
379,1135,1514,0.1388
388,1130,1518,0.1388
382,1128,1510,0.1388
378,1126,1504,0.1388
380,1130,1510,0.1388
374,1123,1497,0.1388
375,1125,1500,0.1388
378,1135,1513,0.1388
373,1135,1508,0.1388
360,1133,1493,0.1388
363,1130,1493,0.1388
373,1134,1507,0.1388
373,1133,1506,0.1388
373,1142,1515,0.1388
373,1146,1519,0.1388
375,1147,1522,0.1388
375,1136,1511,0.1388
375,1144,1519,0.1388
375,1148,1523,0.1388
372,1151,1523,0.1388
381,1159,1540,0.1388
381,1149,1530,0.1388
383,1137,1520,0.1388
374,1141,1515,0.1388
375,1145,1520,0.1388
373,1151,1524,0.1388
377,1151,1528,0.1388
371,1157,1528,0.1388
370,1149,1519,0.1388
365,1152,1517,0.1388
365,1141,1506,0.1388
363,1145,1508,0.1388
361,1139,1500,0.1388
362,1141,1503,0.1388
362,1152,1514,0.1388
351,1159,1510,0.1388
355,1152,1507,0.1388
359,1155,1514,0.1388
362,1157,1519,0.1388
367,1150,1517,0.1388
363,1149,1512,0.1388
353,1155,1508,0.1388
357,1162,1519,0.1388
360,1168,1528,0.1388
362,1164,1526,0.1388
361,1161,1522,0.1388
354,1163,1517,0.1388
359,1165,1524,0.1388
360,1157,1517,0.1388
360,1154,1514,0.1388
356,1150,1506,0.1388
363,1154,1517,0.1388
361,1150,1511,0.1388
362,1159,1521,0.1388
355,1153,1508,0.1388
352,1159,1511,0.1388
352,1146,1498,0.1388
353,1151,1504,0.1388
353,1166,1519,0.1388
351,1153,1504,0.1388
349,1154,1503,0.1388
348,1157,1505,0.1388
347,1165,1512,0.1388
346,1160,1506,0.1388
350,1172,1522,0.1388
349,1165,1514,0.1388
348,1163,1511,0.1388
339,1160,1499,0.1388
345,1156,1501,0.1388
332,1163,1495,0.1388
333,1168,1501,0.1388
332,1157,1489,0.1388
332,1165,1497,0.1388
333,1165,1498,0.1388
332,1172,1504,0.1388
329,1165,1494,0.1388
330,1171,1501,0.1388
332,1173,1505,0.1388
334,1179,1513,0.1388
336,1173,1509,0.1388
336,1178,1514,0.1388
331,1182,1513,0.1388
332,1173,1505,0.1388
333,1176,1509,0.1388
334,1189,1523,0.1388
336,1185,1521,0.1388
340,1179,1519,0.1388
333,1182,1515,0.1388
330,1183,1513,0.1388
332,1182,1514,0.1388
331,1170,1501,0.1388
340,1160,1500,0.1388
341,1165,1506,0.1388
333,1163,1496,0.1388
333,1182,1515,0.1388
332,1182,1514,0.1388
331,1179,1510,0.1388
330,1188,1518,0.1388
329,1196,1525,0.1388
331,1186,1517,0.1388
334,1190,1524,0.1388
332,1184,1516,0.1388
338,1184,1522,0.1388
332,1189,1521,0.1388
334,1179,1513,0.1388
337,1176,1513,0.1388
337,1181,1518,0.1388
335,1176,1511,0.1388
337,1181,1518,0.1388
330,1187,1517,0.1388
327,1189,1516,0.1388
328,1185,1513,0.1388
332,1178,1510,0.1388
332,1178,1510,0.1388
335,1177,1512,0.1388
335,1189,1524,0.1388
334,1194,1528,0.1388
333,1186,1519,0.1388
327,1183,1510,0.1388
325,1184,1509,0.1388
322,1184,1506,0.1388
322,1192,1514,0.1388
321,1183,1504,0.1388
323,1182,1505,0.1388
324,1196,1520,0.1388
328,1199,1527,0.1388
328,1199,1527,0.1388
325,1206,1531,0.1388
321,1199,1520,0.1388
319,1197,1516,0.1388
315,1198,1513,0.1388
310,1205,1515,0.1388
306,1209,1515,0.1388
305,1204,1509,0.1388
306,1204,1510,0.1388
308,1202,1510,0.1388
302,1203,1505,0.1388
298,1204,1502,0.1388
300,1211,1511,0.1388
295,1209,1504,0.1388
294,1216,1510,0.1388
294,1214,1508,0.1388
297,1220,1517,0.1388
303,1217,1520,0.1388
301,1215,1516,0.1388
298,1217,1515,0.1388
301,1212,1513,0.1388
305,1216,1521,0.1388
299,1219,1518,0.1388
294,1218,1512,0.1388
291,1204,1495,0.1388
294,1211,1505,0.1388
291,1203,1494,0.1388
289,1207,1496,0.1388
294,1224,1518,0.1388
293,1224,1517,0.1388
293,1216,1509,0.1388
290,1218,1508,0.1388
288,1212,1500,0.1388
291,1215,1506,0.1388
291,1221,1512,0.1388
290,1228,1518,0.1388
290,1217,1507,0.1388
289,1208,1497,0.1388
292,1224,1516,0.1388
295,1241,1536,0.1388
294,1222,1516,0.1388
295,1209,1504,0.1388
297,1215,1512,0.1388
291,1203,1494,0.1388
294,1200,1494,0.1388
294,1221,1515,0.1388
293,1207,1500,0.1388
300,1221,1521,0.1388
293,1212,1505,0.1388
293,1218,1511,0.1388
297,1218,1515,0.1388
299,1216,1515,0.1388
296,1218,1514,0.1388
295,1221,1516,0.1388
294,1214,1508,0.1388
290,1225,1515,0.1388
296,1221,1517,0.1388
298,1222,1520,0.1388
299,1230,1529,0.1388
297,1219,1516,0.1388
289,1216,1505,0.1388
296,1216,1512,0.1388
296,1212,1508,0.1388
295,1199,1494,0.1388
295,1214,1509,0.1388
295,1218,1513,0.1388
293,1221,1514,0.1388
298,1215,1513,0.1388
296,1223,1519,0.1388
294,1221,1515,0.1388
288,1220,1508,0.1388
290,1233,1523,0.1388
294,1221,1515,0.1388
294,1225,1519,0.1388
286,1217,1503,0.1388
288,1228,1516,0.1388
289,1231,1520,0.1388
292,1212,1504,0.1388
293,1202,1495,0.1388
293,1216,1509,0.1388
294,1217,1511,0.1388
294,1218,1512,0.1388
297,1217,1514,0.1388
297,1231,1528,0.1388
295,1224,1519,0.1388
290,1237,1527,0.1388
288,1226,1514,0.1388
285,1232,1517,0.1388
288,1233,1521,0.1388
285,1231,1516,0.1388
278,1236,1514,0.1388
276,1241,1517,0.1388
278,1236,1514,0.1388
278,1244,1522,0.1388
286,1253,1539,0.1388
281,1236,1517,0.1388
283,1240,1523,0.1388
284,1236,1520,0.1388
282,1239,1521,0.1388
275,1230,1505,0.1388
274,1239,1513,0.1388
274,1236,1510,0.1388
275,1235,1510,0.1388
272,1242,1514,0.1388
271,1243,1514,0.1388
266,1245,1511,0.1388
260,1246,1506,0.1388
258,1247,1505,0.1388
264,1241,1505,0.1388
263,1237,1500,0.1388
264,1233,1497,0.1388
260,1239,1499,0.1388
261,1243,1504,0.1388
262,1244,1506,0.1388
265,1251,1516,0.1388
262,1248,1510,0.1388
260,1248,1508,0.1388
257,1253,1510,0.1388
253,1252,1505,0.1388
249,1257,1506,0.1388
246,1269,1515,0.1388
246,1264,1510,0.1388
247,1254,1501,0.1388
250,1266,1516,0.1388
253,1277,1530,0.1388
254,1275,1529,0.1388
252,1276,1528,0.1388
255,1283,1538,0.1388
255,1265,1520,0.1388
258,1256,1514,0.1388
252,1257,1509,0.1388
252,1250,1502,0.1388
252,1238,1490,0.1388
247,1247,1494,0.1388
248,1254,1502,0.1388
252,1277,1529,0.1388
248,1276,1524,0.1388
251,1259,1510,0.1388
246,1256,1502,0.1388
240,1246,1486,0.1388
245,1248,1493,0.1388
239,1254,1493,0.1388
235,1251,1486,0.1388
231,1258,1489,0.1388
235,1263,1498,0.1388
238,1269,1507,0.1388
240,1283,1523,0.1388
239,1273,1512,0.1388
241,1273,1514,0.1388
239,1267,1506,0.1388
246,1264,1510,0.1388
246,1268,1514,0.1388
243,1276,1519,0.1388
242,1280,1522,0.1388
238,1275,1513,0.1388
238,1272,1510,0.1388
236,1273,1509,0.1388
238,1269,1507,0.1388
228,1262,1490,0.1388
227,1265,1492,0.1388
227,1275,1502,0.1388
229,1283,1512,0.1388
231,1276,1507,0.1388
233,1280,1513,0.1388
227,1288,1515,0.1388
221,1294,1515,0.1388
223,1282,1505,0.1388
228,1282,1510,0.1388
230,1280,1510,0.1388
231,1283,1514,0.1388
231,1293,1524,0.1388
231,1275,1506,0.1388
230,1280,1510,0.1388
230,1283,1513,0.1388
232,1272,1504,0.1388
236,1278,1514,0.1388
229,1293,1522,0.1388
224,1297,1521,0.1388
224,1301,1525,0.1388
226,1291,1517,0.1388
225,1294,1519,0.1388
221,1292,1513,0.1388
223,1289,1512,0.1388
222,1297,1519,0.1388
223,1291,1514,0.1388
221,1293,1514,0.1388
222,1304,1526,0.1388
220,1301,1521,0.1388
212,1302,1514,0.1388
212,1304,1516,0.1388
212,1299,1511,0.1388
213,1292,1505,0.1388
211,1289,1500,0.1388
207,1293,1500,0.1388
205,1302,1507,0.1388
207,1293,1500,0.1388
210,1293,1503,0.1388
208,1302,1510,0.1388
217,1300,1517,0.1388
212,1301,1513,0.1388
207,1286,1493,0.1388
204,1281,1485,0.1388
202,1286,1488,0.1388
203,1296,1499,0.1388
202,1297,1499,0.1388
199,1307,1506,0.1388
204,1303,1507,0.1388
203,1297,1500,0.1388
207,1298,1505,0.1388
207,1292,1499,0.1388
207,1289,1496,0.1388
209,1294,1503,0.1388
209,1306,1515,0.1388
206,1311,1517,0.1388
204,1313,1517,0.1388
209,1310,1519,0.1388
205,1308,1513,0.1388
199,1316,1515,0.1388
201,1321,1522,0.1388
199,1312,1511,0.1388
201,1308,1509,0.1388
202,1300,1502,0.1388
206,1306,1512,0.1388
209,1298,1507,0.1388
208,1308,1516,0.1388
211,1310,1521,0.1388
213,1307,1520,0.1388
211,1300,1511,0.1388
210,1308,1518,0.1388
206,1309,1515,0.1388
205,1318,1523,0.1388
198,1310,1508,0.1388
200,1311,1511,0.1388
201,1300,1501,0.1388
199,1305,1504,0.1388
193,1314,1507,0.1388
193,1311,1504,0.1388
195,1318,1513,0.1388
194,1323,1517,0.1388
187,1325,1512,0.1388
188,1315,1503,0.1388
186,1326,1512,0.1388
188,1324,1512,0.1388
189,1332,1521,0.1388
193,1318,1511,0.1388
193,1322,1515,0.1388
196,1331,1527,0.1388
195,1329,1524,0.1388
190,1313,1503,0.1388
186,1322,1508,0.1388
189,1318,1507,0.1388
186,1305,1491,0.1388
191,1307,1498,0.1388
184,1324,1508,0.1388
186,1313,1499,0.1388
187,1318,1505,0.1388
186,1325,1511,0.1388
189,1340,1529,0.1388
196,1326,1522,0.1388
199,1334,1533,0.1388
195,1333,1528,0.1388
192,1333,1525,0.1388
187,1322,1509,0.1388
186,1329,1515,0.1388
183,1334,1517,0.1388
182,1352,1534,0.1388
183,1347,1530,0.1388
182,1350,1532,0.1388
182,1341,1523,0.1388
183,1343,1526,0.1388
183,1332,1515,0.1388
187,1333,1520,0.1388
179,1341,1520,0.1388
182,1337,1519,0.1388
178,1336,1514,0.1388
179,1345,1524,0.1388
183,1329,1512,0.1388
185,1322,1507,0.1388
185,1330,1515,0.1388
186,1323,1509,0.1388
183,1338,1521,0.1388
182,1331,1513,0.1388
183,1339,1522,0.1388
183,1317,1500,0.1388
180,1328,1508,0.1388
177,1337,1514,0.1388
172,1325,1497,0.1388
171,1326,1497,0.1388
171,1337,1508,0.1388
168,1334,1502,0.1388
166,1336,1502,0.1388
166,1327,1493,0.1388
169,1341,1510,0.1388
168,1333,1501,0.1388
164,1342,1506,0.1388
172,1349,1521,0.1388
171,1347,1518,0.1388
171,1351,1522,0.1388
169,1358,1527,0.1388
168,1351,1519,0.1388
165,1354,1519,0.1388
162,1351,1513,0.1388
163,1351,1514,0.1388
160,1351,1511,0.1388
158,1346,1504,0.1388
159,1357,1516,0.1388
158,1366,1524,0.1388
160,1364,1524,0.1388
165,1365,1530,0.1388
165,1367,1532,0.1388
163,1361,1524,0.1388
157,1364,1521,0.1388
158,1364,1522,0.1388
155,1371,1526,0.1388
155,1363,1518,0.1388
153,1360,1513,0.1388
150,1361,1511,0.1388
151,1369,1520,0.1388
148,1365,1513,0.1388
147,1359,1506,0.1388
143,1374,1517,0.1388
142,1376,1518,0.1388
148,1377,1525,0.1388
144,1379,1523,0.1388
141,1364,1505,0.1388
142,1361,1503,0.1388
144,1368,1512,0.1388
144,1377,1521,0.1388
143,1380,1523,0.1388
141,1372,1513,0.1388
142,1373,1515,0.1388
147,1365,1512,0.1388
144,1353,1497,0.1388
142,1359,1501,0.1388
143,1363,1506,0.1388
145,1357,1502,0.1388
141,1361,1502,0.1388
143,1360,1503,0.1388
142,1363,1505,0.1388
141,1373,1514,0.1388
144,1372,1516,0.1388
139,1378,1517,0.1388
140,1381,1521,0.1388
140,1377,1517,0.1388
138,1375,1513,0.1388
135,1365,1500,0.1388
136,1360,1496,0.1388
140,1381,1521,0.1388
138,1388,1526,0.1388
138,1379,1517,0.1388
135,1383,1518,0.1388
133,1374,1507,0.1388
135,1383,1518,0.1388
135,1391,1526,0.1388
130,1379,1509,0.1388
132,1369,1501,0.1388
135,1380,1515,0.1388
140,1385,1525,0.1388
140,1372,1512,0.1388
136,1367,1503,0.1388
136,1376,1512,0.1388
137,1380,1517,0.1388
140,1379,1519,0.1388
140,1368,1508,0.1388
136,1376,1512,0.1388
132,1377,1509,0.1388
130,1371,1501,0.1388
132,1380,1512,0.1388
129,1368,1497,0.1388
129,1367,1496,0.1388
125,1380,1505,0.1388
122,1375,1497,0.1388
122,1388,1510,0.1388
121,1393,1514,0.1388
119,1398,1517,0.1388
120,1396,1516,0.1388
120,1399,1519,0.1388
121,1395,1516,0.1388
118,1387,1505,0.1388
118,1396,1514,0.1388
118,1395,1513,0.1388
116,1393,1509,0.1388
114,1404,1518,0.1388
112,1399,1511,0.1388
114,1400,1514,0.1388
114,1409,1523,0.1388
114,1412,1526,0.1388
112,1412,1524,0.1388
112,1420,1532,0.1388
107,1424,1531,0.1388
110,1414,1524,0.1388
112,1409,1521,0.1388
109,1405,1514,0.1388
105,1401,1506,0.1388
105,1407,1512,0.1388
107,1409,1516,0.1388
103,1404,1507,0.1388
104,1398,1502,0.1388
100,1408,1508,0.1388
101,1402,1503,0.1388
102,1399,1501,0.1388
100,1413,1513,0.1388
103,1419,1522,0.1388
101,1423,1524,0.1388
101,1404,1505,0.1388
105,1390,1495,0.1388
106,1391,1497,0.1388
104,1402,1506,0.1388
103,1396,1499,0.1388
102,1401,1503,0.1388
97,1421,1518,0.1388
94,1433,1527,0.1388
93,1417,1510,0.1388
90,1413,1503,0.1388
90,1416,1506,0.1388
92,1411,1503,0.1388
92,1412,1504,0.1388
95,1408,1503,0.1388
93,1438,1531,0.1388
90,1420,1510,0.1388
94,1413,1507,0.1388
92,1417,1509,0.1388
92,1423,1515,0.1388
86,1443,1529,0.1388
83,1433,1516,0.1388
84,1427,1511,0.1388
84,1423,1507,0.1388
85,1435,1520,0.1388
82,1446,1528,0.1388
80,1445,1525,0.1388
81,1444,1525,0.1388
76,1435,1511,0.1388
73,1437,1510,0.1388
75,1425,1500,0.1388
77,1431,1508,0.1388
78,1429,1507,0.1388
81,1428,1509,0.1388
76,1433,1509,0.1388
78,1433,1511,0.1388
80,1430,1510,0.1388
84,1424,1508,0.1388
85,1424,1509,0.1388
85,1425,1510,0.1388
82,1412,1494,0.1388
82,1430,1512,0.1388
83,1429,1512,0.1388
81,1429,1510,0.1388
81,1426,1507,0.1388
82,1434,1516,0.1388
83,1436,1519,0.1388
84,1432,1516,0.1388
84,1437,1521,0.1388
82,1437,1519,0.1388
80,1422,1502,0.1388
78,1429,1507,0.1388
74,1431,1505,0.1388
78,1435,1513,0.1388
75,1442,1517,0.1388
75,1440,1515,0.1388
73,1434,1507,0.1388
72,1431,1503,0.1388
77,1431,1508,0.1388
78,1426,1504,0.1388
78,1423,1501,0.1388
79,1428,1507,0.1388
76,1422,1498,0.1388
76,1431,1507,0.1388
79,1435,1514,0.1388
77,1437,1514,0.1388
76,1436,1512,0.1388
73,1426,1499,0.1388
72,1419,1491,0.1388
71,1431,1502,0.1388
73,1425,1498,0.1388
72,1430,1502,0.1388
73,1436,1509,0.1388
74,1434,1508,0.1388
70,1435,1505,0.1388
69,1437,1506,0.1388
66,1445,1511,0.1388
64,1443,1507,0.1388
63,1448,1511,0.1388
66,1451,1517,0.1388
64,1429,1493,0.1388
66,1434,1500,0.1388
69,1441,1510,0.1388
71,1440,1511,0.1388
69,1448,1517,0.1388
67,1434,1501,0.1388
68,1434,1502,0.1388
68,1445,1513,0.1388
69,1447,1516,0.1388
68,1452,1520,0.1388
66,1452,1518,0.1388
68,1442,1510,0.1388
70,1448,1518,0.1388
69,1453,1522,0.1388
67,1459,1526,0.1388
68,1455,1523,0.1388
68,1433,1501,0.1388
68,1441,1509,0.1388
67,1449,1516,0.1388
63,1436,1499,0.1388
66,1448,1514,0.1388
66,1446,1512,0.1388
67,1425,1492,0.1388
65,1444,1509,0.1388
67,1434,1501,0.1388
66,1433,1499,0.1388
66,1443,1509,0.1388
64,1453,1517,0.1388
65,1452,1517,0.1388
65,1442,1507,0.1388
64,1437,1501,0.1388
61,1447,1508,0.1388
62,1441,1503,0.1388
62,1450,1512,0.1388
56,1459,1515,0.1388
60,1455,1515,0.1388
56,1454,1510,0.1388
55,1457,1512,0.1388
58,1464,1522,0.1388
59,1448,1507,0.1388
58,1451,1509,0.1388
59,1432,1491,0.1388
59,1454,1513,0.1388
58,1461,1519,0.1388
56,1459,1515,0.1388
53,1461,1514,0.1388
52,1467,1519,0.1388
52,1472,1524,0.1388
52,1467,1519,0.1388
52,1468,1520,0.1388
49,1467,1516,0.1388
50,1462,1512,0.1388
50,1461,1511,0.1388
51,1463,1514,0.1388
50,1457,1507,0.1388
48,1457,1505,0.1388
52,1450,1502,0.1388
51,1458,1509,0.1388
50,1467,1517,0.1388
48,1470,1518,0.1388
48,1469,1517,0.1388
44,1477,1521,0.1388
48,1484,1532,0.1388
47,1466,1513,0.1388
46,1473,1519,0.1388
46,1468,1514,0.1388
46,1475,1521,0.1388
47,1467,1514,0.1388
50,1455,1505,0.1388
52,1456,1508,0.1388
52,1449,1501,0.1388
52,1456,1508,0.1388
51,1451,1502,0.1388
50,1463,1513,0.1388
52,1439,1491,0.1388
52,1455,1507,0.1388
51,1469,1520,0.1388
51,1474,1525,0.1388
50,1476,1526,0.1388
55,1475,1530,0.1388
52,1482,1534,0.1388
53,1478,1531,0.1388
53,1466,1519,0.1388
55,1470,1525,0.1388
51,1482,1533,0.1388
50,1480,1530,0.1388
52,1464,1516,0.1388
52,1472,1524,0.1388
52,1469,1521,0.1388
52,1449,1501,0.1388
53,1453,1506,0.1388
52,1463,1515,0.1388
51,1471,1522,0.1388
51,1436,1487,0.1388
52,1439,1491,0.1388
50,1454,1504,0.1388
50,1459,1509,0.1388
49,1468,1517,0.1388
53,1472,1525,0.1388
55,1467,1522,0.1388
55,1457,1512,0.1388
56,1444,1500,0.1388
56,1450,1506,0.1388
55,1449,1504,0.1388
55,1451,1506,0.1388
54,1446,1500,0.1388
54,1448,1502,0.1388
51,1455,1506,0.1388
51,1467,1518,0.1388
51,1465,1516,0.1388
49,1469,1518,0.1388
49,1462,1511,0.1388
47,1457,1504,0.1388
45,1470,1515,0.1388
46,1464,1510,0.1388
48,1458,1506,0.1388
48,1454,1502,0.1388
53,1452,1505,0.1388
53,1458,1511,0.1388
55,1477,1532,0.1388
55,1459,1514,0.1388
56,1462,1518,0.1388
58,1454,1512,0.1388
58,1459,1517,0.1388
57,1464,1521,0.1388
58,1473,1531,0.1388
58,1480,1538,0.1388
59,1475,1534,0.1388
58,1470,1528,0.1388
59,1465,1524,0.1388
57,1475,1532,0.1388
55,1474,1529,0.1388
52,1472,1524,0.1388
50,1483,1533,0.1388
49,1482,1531,0.1388
48,1480,1528,0.1388
50,1479,1529,0.1388
50,1488,1538,0.1388
48,1480,1528,0.1388
45,1477,1522,0.1388
46,1466,1512,0.1388
46,1472,1518,0.1388
44,1457,1501,0.1388
42,1463,1505,0.1388
43,1482,1525,0.1388
44,1481,1525,0.1388
45,1478,1523,0.1388
45,1484,1529,0.1388
42,1483,1525,0.1388
40,1486,1526,0.1388
39,1480,1519,0.1388
40,1473,1513,0.1388
39,1472,1511,0.1388
41,1486,1527,0.1388
41,1480,1521,0.1388
41,1478,1519,0.1388
42,1474,1516,0.1388
41,1472,1513,0.1388
39,1472,1511,0.1388
37,1467,1504,0.1388
36,1459,1495,0.1388
36,1448,1484,0.1388
37,1459,1496,0.1388
37,1462,1499,0.1388
38,1471,1509,0.1388
38,1471,1509,0.1388
38,1477,1515,0.1388
38,1476,1514,0.1388
35,1473,1508,0.1388
34,1472,1506,0.1388
35,1472,1507,0.1388
35,1468,1503,0.1388
36,1470,1506,0.1388
35,1471,1506,0.1388
35,1468,1503,0.1388
37,1466,1503,0.1388
37,1469,1506,0.1388
36,1483,1519,0.1388
34,1488,1522,0.1388
35,1484,1519,0.1388
35,1482,1517,0.1388
35,1485,1520,0.1388
32,1494,1526,0.1388
31,1489,1520,0.1388
29,1495,1524,0.1388
29,1484,1513,0.1388
29,1485,1514,0.1388
28,1489,1517,0.1388
30,1485,1515,0.1388
28,1484,1512,0.1388
28,1482,1510,0.1388
28,1488,1516,0.1388
28,1491,1519,0.1388
30,1494,1524,0.1388
30,1496,1526,0.1388
29,1485,1514,0.1388
29,1477,1506,0.1388
30,1483,1513,0.1388
30,1497,1527,0.1388
29,1491,1520,0.1388
28,1490,1518,0.1388
30,1494,1524,0.1388
31,1493,1524,0.1388
31,1489,1520,0.1388
28,1490,1518,0.1388
28,1491,1519,0.1388
29,1481,1510,0.1388
30,1487,1517,0.1388
31,1492,1523,0.1388
29,1500,1529,0.1388
30,1504,1534,0.1388
29,1495,1524,0.1388
27,1487,1514,0.1388
28,1491,1519,0.1388
27,1485,1512,0.1388
27,1486,1513,0.1388
25,1495,1520,0.1388
25,1494,1519,0.1388
25,1493,1518,0.1388
24,1498,1522,0.1388
23,1493,1516,0.1388
25,1484,1509,0.1388
24,1473,1497,0.1388
24,1478,1502,0.1388
23,1485,1508,0.1388
23,1493,1516,0.1388
22,1487,1509,0.1388
20,1489,1509,0.1388
19,1495,1514,0.1388
19,1492,1511,0.1388
18,1492,1510,0.1388
18,1504,1522,0.1388
18,1508,1526,0.1388
17,1507,1524,0.1388
17,1495,1512,0.1388
17,1511,1528,0.1388
17,1517,1534,0.1388
15,1512,1527,0.1388
15,1503,1518,0.1388
14,1493,1507,0.1388
16,1494,1510,0.1388
15,1504,1519,0.1388
13,1508,1521,0.1388
14,1498,1512,0.1388
14,1499,1513,0.1388
13,1497,1510,0.1388
13,1499,1512,0.1388
13,1497,1510,0.1388
13,1503,1516,0.1388
15,1509,1524,0.1388
15,1506,1521,0.1388
16,1500,1516,0.1388
16,1491,1507,0.1388
16,1499,1515,0.1388
16,1506,1522,0.1388
16,1504,1520,0.1388
16,1501,1517,0.1388
16,1506,1522,0.1388
16,1502,1518,0.1388
16,1500,1516,0.1388
16,1503,1519,0.1388
15,1509,1524,0.1388
15,1511,1526,0.1388
13,1527,1540,0.1388
14,1530,1544,0.1388
14,1520,1534,0.1388
13,1518,1531,0.1388
14,1514,1528,0.1388
14,1510,1524,0.1388
14,1507,1521,0.1388
14,1500,1514,0.1388
14,1517,1531,0.1388
15,1512,1527,0.1388
15,1504,1519,0.1388
16,1510,1526,0.1388
15,1499,1514,0.1388
17,1488,1505,0.1388
17,1498,1515,0.1388
17,1516,1533,0.1388
17,1509,1526,0.1388
15,1494,1509,0.1388
16,1495,1511,0.1388
17,1495,1512,0.1388
18,1493,1511,0.1388
18,1493,1511,0.1388
18,1500,1518,0.1388
18,1507,1525,0.1388
17,1502,1519,0.1388
16,1509,1525,0.1388
16,1495,1511,0.1388
17,1514,1531,0.1388
17,1507,1524,0.1388
17,1488,1505,0.1388
17,1501,1518,0.1388
18,1506,1524,0.1388
18,1498,1516,0.1388
18,1498,1516,0.1388
17,1499,1516,0.1388
18,1501,1519,0.1388
18,1505,1523,0.1388
18,1496,1514,0.1388
18,1489,1507,0.1388
18,1508,1526,0.1388
18,1506,1524,0.1388
18,1486,1504,0.1388
17,1472,1489,0.1388
16,1485,1501,0.1388
19,1486,1505,0.1388
19,1478,1497,0.1388
18,1481,1499,0.1388
20,1497,1517,0.1388
22,1504,1526,0.1388
21,1508,1529,0.1388
21,1497,1518,0.1388
22,1489,1511,0.1388
21,1490,1511,0.1388
21,1476,1497,0.1388
22,1470,1492,0.1388
24,1485,1509,0.1388
25,1493,1518,0.1388
23,1498,1521,0.1388
25,1498,1523,0.1388
24,1484,1508,0.1388
24,1490,1514,0.1388
26,1507,1533,0.1388
25,1499,1524,0.1388
24,1496,1520,0.1388
22,1495,1517,0.1388
23,1483,1506,0.1388
24,1478,1502,0.1388
24,1475,1499,0.1388
25,1480,1505,0.1388
25,1478,1503,0.1388
25,1485,1510,0.1388
25,1486,1511,0.1388
25,1479,1504,0.1388
25,1479,1504,0.1388
25,1483,1508,0.1388
24,1486,1510,0.1388
22,1481,1503,0.1388
20,1497,1517,0.1388
20,1502,1522,0.1388
20,1488,1508,0.1388
19,1478,1497,0.1388
20,1489,1509,0.1388
20,1488,1508,0.1388
19,1502,1521,0.1388
19,1505,1524,0.1388
20,1505,1525,0.1388
20,1496,1516,0.1388
20,1502,1522,0.1388
19,1515,1534,0.1388
17,1517,1534,0.1388
17,1509,1526,0.1388
18,1494,1512,0.1388
17,1509,1526,0.1388
16,1499,1515,0.1388
16,1500,1516,0.1388
15,1498,1513,0.1388
15,1502,1517,0.1388
15,1492,1507,0.1388
15,1505,1520,0.1388
16,1505,1521,0.1388
16,1498,1514,0.1388
18,1502,1520,0.1388
19,1498,1517,0.1388
19,1508,1527,0.1388
20,1502,1522,0.1388
20,1508,1528,0.1388
20,1501,1521,0.1388
20,1497,1517,0.1388
20,1489,1509,0.1388
20,1499,1519,0.1388
20,1498,1518,0.1388
18,1500,1518,0.1388
18,1488,1506,0.1388
18,1499,1517,0.1388
17,1503,1520,0.1388
17,1501,1518,0.1388
17,1489,1506,0.1388
17,1486,1503,0.1388
18,1503,1521,0.1388
18,1493,1511,0.1388
17,1497,1514,0.1388
18,1497,1515,0.1388
18,1491,1509,0.1388
18,1490,1508,0.1388
18,1495,1513,0.1388
18,1488,1506,0.1388
17,1501,1518,0.1388
17,1496,1513,0.1388
17,1503,1520,0.1388
17,1509,1526,0.1388
17,1502,1519,0.1388
16,1500,1516,0.1388
16,1502,1518,0.1388
17,1501,1518,0.1388
18,1508,1526,0.1388
18,1500,1518,0.1388
17,1492,1509,0.1388
17,1489,1506,0.1388
17,1491,1508,0.1388
17,1498,1515,0.1388
17,1485,1502,0.1388
18,1490,1508,0.1388
18,1498,1516,0.1388
17,1496,1513,0.1388
17,1507,1524,0.1388
17,1499,1516,0.1388
16,1507,1523,0.1388
15,1505,1520,0.1388
15,1495,1510,0.1388
16,1497,1513,0.1388
16,1503,1519,0.1388
16,1506,1522,0.1388
16,1504,1520,0.1388
16,1508,1524,0.1388
16,1508,1524,0.1388
16,1505,1521,0.1388
16,1506,1522,0.1388
16,1504,1520,0.1388
16,1498,1514,0.1388
18,1497,1515,0.1388
16,1499,1515,0.1388
15,1487,1502,0.1388
15,1499,1514,0.1388
17,1497,1514,0.1388
17,1498,1515,0.1388
16,1500,1516,0.1388
17,1504,1521,0.1388
18,1482,1500,0.1388
18,1493,1511,0.1388
18,1498,1516,0.1388
19,1490,1509,0.1388
19,1486,1505,0.1388
20,1482,1502,0.1388
20,1476,1496,0.1388
20,1488,1508,0.1388
21,1502,1523,0.1388
20,1484,1504,0.1388
16,1488,1504,0.1388
17,1496,1513,0.1388
17,1491,1508,0.1388
17,1496,1513,0.1388
16,1506,1522,0.1388
15,1504,1519,0.1388
16,1503,1519,0.1388
16,1503,1519,0.1388
14,1499,1513,0.1388
15,1496,1511,0.1388
14,1491,1505,0.1388
14,1476,1490,0.1388
15,1486,1501,0.1388
16,1518,1534,0.1388
16,1519,1535,0.1388
16,1507,1523,0.1388
15,1495,1510,0.1388
15,1495,1510,0.1388
14,1482,1496,0.1388
14,1502,1516,0.1388
14,1498,1512,0.1388
14,1503,1517,0.1388
15,1502,1517,0.1388
14,1500,1514,0.1388
13,1500,1513,0.1388
13,1495,1508,0.1388
15,1482,1497,0.1388
14,1499,1513,0.1388
12,1504,1516,0.1388
13,1501,1514,0.1388
14,1498,1512,0.1388
14,1511,1525,0.1388
15,1482,1497,0.1388
16,1495,1511,0.1388
16,1505,1521,0.1388
16,1513,1529,0.1388
15,1523,1538,0.1388
14,1507,1521,0.1388
14,1509,1523,0.1388
14,1508,1522,0.1388
13,1500,1513,0.1388
13,1502,1515,0.1388
13,1506,1519,0.1388
14,1509,1523,0.1388
15,1496,1511,0.1388
15,1505,1520,0.1388
16,1485,1501,0.1388
15,1485,1500,0.1388
16,1484,1500,0.1388
16,1489,1505,0.1388
16,1499,1515,0.1388
16,1488,1504,0.1388
16,1501,1517,0.1388
15,1504,1519,0.1388
15,1491,1506,0.1388
15,1484,1499,0.1388
16,1503,1519,0.1388
16,1494,1510,0.1388
15,1495,1510,0.1388
14,1495,1509,0.1388
15,1500,1515,0.1388
16,1497,1513,0.1388
15,1506,1521,0.1388
16,1492,1508,0.1388
17,1498,1515,0.1388
16,1502,1518,0.1388
16,1504,1520,0.1388
16,1501,1517,0.1388
16,1514,1530,0.1388
18,1507,1525,0.1388
19,1502,1521,0.1388
18,1509,1527,0.1388
18,1505,1523,0.1388
18,1505,1523,0.1388
18,1499,1517,0.1388
16,1506,1522,0.1388
16,1498,1514,0.1388
16,1486,1502,0.1388
16,1481,1497,0.1388
15,1495,1510,0.1388
16,1505,1521,0.1388
15,1497,1512,0.1388
15,1500,1515,0.1388
14,1497,1511,0.1388
15,1494,1509,0.1388
15,1493,1508,0.1388
15,1486,1501,0.1388
15,1497,1512,0.1388
15,1503,1518,0.1388
15,1491,1506,0.1388
15,1487,1502,0.1388
15,1488,1503,0.1388
15,1491,1506,0.1388
13,1497,1510,0.1388
13,1499,1512,0.1388
13,1510,1523,0.1388
12,1489,1501,0.1388
13,1502,1515,0.1388
12,1502,1514,0.1388
10,1489,1499,0.1388
9,1496,1505,0.1388
9,1499,1508,0.1388
10,1507,1517,0.1388
10,1516,1526,0.1388
11,1501,1512,0.1388
12,1500,1512,0.1388
12,1508,1520,0.1388
12,1495,1507,0.1388
12,1502,1514,0.1388
12,1506,1518,0.1388
13,1513,1526,0.1388
13,1520,1533,0.1388
13,1519,1532,0.1388
13,1518,1531,0.1388
12,1501,1513,0.1388
12,1507,1519,0.1388
11,1509,1520,0.1388
11,1509,1520,0.1388
11,1503,1514,0.1388
10,1509,1519,0.1388
11,1516,1527,0.1388
11,1511,1522,0.1388
11,1503,1514,0.1388
12,1503,1515,0.1388
12,1500,1512,0.1388
12,1493,1505,0.1388
12,1496,1508,0.1388
12,1503,1515,0.1388
12,1502,1514,0.1388
10,1505,1515,0.1388
10,1507,1517,0.1388
10,1502,1512,0.1388
10,1499,1509,0.1388
10,1499,1509,0.1388
11,1507,1518,0.1388
11,1492,1503,0.1388
11,1507,1518,0.1388
11,1509,1520,0.1388
11,1514,1525,0.1388
11,1516,1527,0.1388
11,1516,1527,0.1388
11,1519,1530,0.1388
11,1519,1530,0.1388
10,1496,1506,0.1388
8,1502,1510,0.1388
9,1498,1507,0.1388
9,1518,1527,0.1388
9,1505,1514,0.1388
9,1519,1528,0.1388
8,1516,1524,0.1388
8,1514,1522,0.1388
8,1499,1507,0.1388
8,1494,1502,0.1388
9,1507,1516,0.1388
9,1510,1519,0.1388
8,1519,1527,0.1388
7,1492,1499,0.1388
7,1497,1504,0.1388
6,1509,1515,0.1388
6,1514,1520,0.1388
6,1513,1519,0.1388
6,1495,1501,0.1388
6,1496,1502,0.1388
7,1497,1504,0.1388
7,1500,1507,0.1388
7,1512,1519,0.1388
7,1513,1520,0.1388
7,1508,1515,0.1388
6,1510,1516,0.1388
6,1505,1511,0.1388
5,1525,1530,0.1388
6,1511,1517,0.1388
6,1494,1500,0.1388
6,1505,1511,0.1388
5,1493,1498,0.1388
5,1510,1515,0.1388
5,1509,1514,0.1388
5,1511,1516,0.1388
5,1521,1526,0.1388
5,1519,1524,0.1388
4,1512,1516,0.1388
4,1504,1508,0.1388
4,1517,1521,0.1388
4,1511,1515,0.1388
4,1518,1522,0.1388
4,1509,1513,0.1388
4,1526,1530,0.1388
4,1522,1526,0.1388
4,1526,1530,0.1388
4,1534,1538,0.1388
4,1533,1537,0.1388
4,1526,1530,0.1388
5,1515,1520,0.1388
5,1509,1514,0.1388
5,1521,1526,0.1388
5,1531,1536,0.1388
5,1521,1526,0.1388
5,1515,1520,0.1388
5,1524,1529,0.1388
5,1509,1514,0.1388
5,1521,1526,0.1388
5,1522,1527,0.1388
5,1515,1520,0.1388
5,1519,1524,0.1388
5,1524,1529,0.1388
5,1528,1533,0.1388
5,1523,1528,0.1388
5,1526,1531,0.1388
5,1515,1520,0.1388
6,1519,1525,0.1388
6,1517,1523,0.1388
6,1525,1531,0.1388
7,1507,1514,0.1388
7,1501,1508,0.1388
7,1501,1508,0.1388
8,1500,1508,0.1388
8,1484,1492,0.1388
8,1481,1489,0.1388
8,1486,1494,0.1388
8,1490,1498,0.1388
8,1494,1502,0.1388
8,1485,1493,0.1388
9,1498,1507,0.1388
10,1498,1508,0.1388
10,1498,1508,0.1388
11,1507,1518,0.1388
11,1515,1526,0.1388
11,1508,1519,0.1388
9,1506,1515,0.1388
10,1503,1513,0.1388
9,1506,1515,0.1388
9,1502,1511,0.1388
9,1501,1510,0.1388
8,1496,1504,0.1388
8,1503,1511,0.1388
8,1503,1511,0.1388
8,1507,1515,0.1388
9,1508,1517,0.1388
9,1505,1514,0.1388
10,1499,1509,0.1388
10,1505,1515,0.1388
10,1510,1520,0.1388
11,1519,1530,0.1388
11,1506,1517,0.1388
11,1502,1513,0.1388
11,1507,1518,0.1388
11,1500,1511,0.1388
11,1493,1504,0.1388
12,1496,1508,0.1388
11,1497,1508,0.1388
12,1501,1513,0.1388
12,1498,1510,0.1388
11,1509,1520,0.1388
10,1500,1510,0.1388
10,1505,1515,0.1388
10,1511,1521,0.1388
10,1511,1521,0.1388
9,1504,1513,0.1388
9,1518,1527,0.1388
9,1520,1529,0.1388
10,1503,1513,0.1388
10,1499,1509,0.1388
10,1503,1513,0.1388
10,1497,1507,0.1388
11,1487,1498,0.1388
11,1486,1497,0.1388
11,1491,1502,0.1388
12,1500,1512,0.1388
12,1506,1518,0.1388
11,1504,1515,0.1388
11,1487,1498,0.1388
9,1490,1499,0.1388
9,1498,1507,0.1388
9,1497,1506,0.1388
10,1505,1515,0.1388
11,1493,1504,0.1388
10,1521,1531,0.1388
10,1513,1523,0.1388
10,1520,1530,0.1388
10,1520,1530,0.1388
10,1511,1521,0.1388
10,1522,1532,0.1388
10,1511,1521,0.1388
10,1500,1510,0.1388
9,1501,1510,0.1388
9,1504,1513,0.1388
8,1506,1514,0.1388
8,1513,1521,0.1388
8,1513,1521,0.1388
8,1505,1513,0.1388
8,1509,1517,0.1388
7,1514,1521,0.1388
8,1502,1510,0.1388
8,1513,1521,0.1388
8,1509,1517,0.1388
8,1512,1520,0.1388
7,1517,1524,0.1388
6,1518,1524,0.1388
6,1520,1526,0.1388
6,1502,1508,0.1388
6,1499,1505,0.1388
6,1487,1493,0.1388
6,1481,1487,0.1388
6,1476,1482,0.1388
6,1494,1500,0.1388
6,1494,1500,0.1388
6,1506,1512,0.1388
6,1518,1524,0.1388
6,1517,1523,0.1388
6,1510,1516,0.1388
6,1519,1525,0.1388
6,1521,1527,0.1388
6,1520,1526,0.1388
6,1516,1522,0.1388
6,1522,1528,0.1388
6,1526,1532,0.1388
6,1516,1522,0.1388
6,1500,1506,0.1388
6,1515,1521,0.1388
6,1510,1516,0.1388
7,1520,1527,0.1388
7,1514,1521,0.1388
7,1499,1506,0.1388
7,1499,1506,0.1388
7,1507,1514,0.1388
7,1517,1524,0.1388
7,1521,1528,0.1388
7,1529,1536,0.1388
6,1529,1535,0.1388
7,1517,1524,0.1388
7,1516,1523,0.1388
7,1496,1503,0.1388
7,1500,1507,0.1388
5,1503,1508,0.1388
5,1502,1507,0.1388
5,1501,1506,0.1388
5,1507,1512,0.1388
6,1512,1518,0.1388
6,1505,1511,0.1388
7,1504,1511,0.1388
8,1502,1510,0.1388
8,1501,1509,0.1388
9,1499,1508,0.1388
8,1512,1520,0.1388
7,1512,1519,0.1388
8,1506,1514,0.1388
8,1513,1521,0.1388
8,1508,1516,0.1388
8,1505,1513,0.1388
9,1513,1522,0.1388
7,1521,1528,0.1388
7,1514,1521,0.1388
8,1511,1519,0.1388
8,1505,1513,0.1388
8,1520,1528,0.1388
8,1512,1520,0.1388
7,1489,1496,0.1388
7,1504,1511,0.1388
8,1491,1499,0.1388
6,1505,1511,0.1388
6,1504,1510,0.1388
6,1513,1519,0.1388
5,1521,1526,0.1388
5,1514,1519,0.1388
5,1518,1523,0.1388
5,1505,1510,0.1388
5,1501,1506,0.1388
5,1496,1501,0.1388
6,1508,1514,0.1388
6,1498,1504,0.1388
6,1500,1506,0.1388
7,1510,1517,0.1388
7,1514,1521,0.1388
7,1518,1525,0.1388
7,1505,1512,0.1388
7,1508,1515,0.1388
7,1503,1510,0.1388
7,1509,1516,0.1388
7,1493,1500,0.1388
7,1524,1531,0.1388
7,1509,1516,0.1388
7,1503,1510,0.1388
7,1516,1523,0.1388
7,1498,1505,0.1388
7,1499,1506,0.1388
8,1499,1507,0.1388
8,1503,1511,0.1388
8,1495,1503,0.1388
8,1495,1503,0.1388
8,1503,1511,0.1388
7,1510,1517,0.1388
7,1510,1517,0.1388
7,1524,1531,0.1388
7,1489,1496,0.1388
7,1495,1502,0.1388
7,1491,1498,0.1388
7,1497,1504,0.1388
6,1514,1520,0.1388
6,1515,1521,0.1388
6,1510,1516,0.1388
7,1503,1510,0.1388
7,1496,1503,0.1388
7,1508,1515,0.1388
8,1504,1512,0.1388
8,1510,1518,0.1388
8,1520,1528,0.1388
8,1530,1538,0.1388
7,1524,1531,0.1388
8,1505,1513,0.1388
8,1511,1519,0.1388
8,1503,1511,0.1388
7,1496,1503,0.1388
6,1484,1490,0.1388
6,1496,1502,0.1388
6,1494,1500,0.1388
6,1501,1507,0.1388
6,1501,1507,0.1388
7,1506,1513,0.1388
7,1516,1523,0.1388
7,1509,1516,0.1388
7,1489,1496,0.1388
6,1499,1505,0.1388
6,1503,1509,0.1388
6,1508,1514,0.1388
7,1512,1519,0.1388
8,1497,1505,0.1388
9,1492,1501,0.1388
10,1501,1511,0.1388
9,1498,1507,0.1388
9,1506,1515,0.1388
9,1509,1518,0.1388
7,1508,1515,0.1388
8,1520,1528,0.1388
9,1539,1548,0.1388
9,1526,1535,0.1388
8,1520,1528,0.1388
8,1522,1530,0.1388
8,1525,1533,0.1388
9,1538,1547,0.1388
9,1528,1537,0.1388
9,1508,1517,0.1388
8,1512,1520,0.1388
8,1506,1514,0.1388
8,1500,1508,0.1388
8,1501,1509,0.1388
8,1494,1502,0.1388
8,1497,1505,0.1388
7,1509,1516,0.1388
7,1510,1517,0.1388
7,1515,1522,0.1388
6,1519,1525,0.1388
6,1514,1520,0.1388
7,1526,1533,0.1388
7,1508,1515,0.1388
7,1499,1506,0.1388
7,1510,1517,0.1388
7,1513,1520,0.1388
7,1501,1508,0.1388
7,1501,1508,0.1388
7,1497,1504,0.1388
7,1511,1518,0.1388
7,1508,1515,0.1388
7,1496,1503,0.1388
7,1496,1503,0.1388
7,1504,1511,0.1388
8,1514,1522,0.1388
7,1506,1513,0.1388
7,1493,1500,0.1388
6,1493,1499,0.1388
6,1485,1491,0.1388
5,1495,1500,0.1388
4,1505,1509,0.1388
4,1507,1511,0.1388
5,1502,1507,0.1388
5,1503,1508,0.1388
5,1494,1499,0.1388
5,1500,1505,0.1388
4,1491,1495,0.1388
4,1495,1499,0.1388
4,1521,1525,0.1388
4,1523,1527,0.1388
4,1522,1526,0.1388
4,1527,1531,0.1388
4,1525,1529,0.1388
4,1531,1535,0.1388
4,1519,1523,0.1388
4,1513,1517,0.1388
4,1515,1519,0.1388
4,1523,1527,0.1388
4,1514,1518,0.1388
4,1519,1523,0.1388
3,1523,1526,0.1388
3,1527,1530,0.1388
5,1522,1527,0.1388
6,1515,1521,0.1388
6,1512,1518,0.1388
6,1517,1523,0.1388
6,1502,1508,0.1388
6,1503,1509,0.1388
6,1504,1510,0.1388
6,1504,1510,0.1388
6,1502,1508,0.1388
6,1510,1516,0.1388
6,1499,1505,0.1388
6,1497,1503,0.1388
5,1497,1502,0.1388
3,1499,1502,0.1388
3,1496,1499,0.1388
3,1504,1507,0.1388
3,1500,1503,0.1388
3,1504,1507,0.1388
4,1494,1498,0.1388
4,1495,1499,0.1388
5,1503,1508,0.1388
5,1504,1509,0.1388
5,1502,1507,0.1388
4,1509,1513,0.1388
5,1507,1512,0.1388
5,1511,1516,0.1388
5,1507,1512,0.1388
6,1507,1513,0.1388
7,1518,1525,0.1388
7,1510,1517,0.1388
6,1496,1502,0.1388
6,1498,1504,0.1388
7,1488,1495,0.1388
6,1505,1511,0.1388
7,1503,1510,0.1388
7,1499,1506,0.1388
7,1518,1525,0.1388
7,1516,1523,0.1388
7,1524,1531,0.1388
7,1512,1519,0.1388
7,1515,1522,0.1388
7,1506,1513,0.1388
7,1516,1523,0.1388
8,1510,1518,0.1388
8,1502,1510,0.1388
8,1495,1503,0.1388
8,1502,1510,0.1388
7,1499,1506,0.1388
8,1500,1508,0.1388
8,1499,1507,0.1388
8,1502,1510,0.1388
8,1495,1503,0.1388
11,1527,1538,0.1388
11,1522,1533,0.1388
10,1515,1525,0.1388
9,1502,1511,0.1388
8,1513,1521,0.1388
8,1511,1519,0.1388
7,1512,1519,0.1388
8,1518,1526,0.1388
7,1512,1519,0.1388
7,1499,1506,0.1388
8,1490,1498,0.1388
7,1493,1500,0.1388
8,1489,1497,0.1388
8,1493,1501,0.1388
9,1512,1521,0.1388
9,1509,1518,0.1388
9,1515,1524,0.1388
9,1515,1524,0.1388
9,1521,1530,0.1388
9,1515,1524,0.1388
8,1517,1525,0.1388
8,1510,1518,0.1388
9,1519,1528,0.1388
9,1505,1514,0.1388
9,1504,1513,0.1388
9,1514,1523,0.1388
9,1513,1522,0.1388
10,1508,1518,0.1388
11,1502,1513,0.1388
11,1508,1519,0.1388
11,1509,1520,0.1388
11,1509,1520,0.1388
10,1513,1523,0.1388
10,1519,1529,0.1388
10,1508,1518,0.1388
10,1519,1529,0.1388
8,1522,1530,0.1388
8,1523,1531,0.1388
8,1526,1534,0.1388
8,1509,1517,0.1388
8,1502,1510,0.1388
6,1501,1507,0.1388
6,1522,1528,0.1388
7,1501,1508,0.1388
8,1509,1517,0.1388
8,1501,1509,0.1388
8,1501,1509,0.1388
8,1498,1506,0.1388
7,1491,1498,0.1388
7,1502,1509,0.1388
6,1519,1525,0.1388
6,1511,1517,0.1388
6,1515,1521,0.1388
8,1502,1510,0.1388
9,1494,1503,0.1388
8,1496,1504,0.1388
8,1500,1508,0.1388
8,1509,1517,0.1388
8,1493,1501,0.1388
7,1508,1515,0.1388
7,1511,1518,0.1388
7,1513,1520,0.1388
7,1513,1520,0.1388
6,1507,1513,0.1388
6,1523,1529,0.1388
6,1518,1524,0.1388
7,1521,1528,0.1388
7,1527,1534,0.1388
7,1517,1524,0.1388
7,1509,1516,0.1388
7,1508,1515,0.1388
8,1523,1531,0.1388
9,1512,1521,0.1388
9,1503,1512,0.1388
10,1512,1522,0.1388
10,1496,1506,0.1388
10,1501,1511,0.1388
10,1517,1527,0.1388
11,1522,1533,0.1388
11,1495,1506,0.1388
10,1498,1508,0.1388
10,1502,1512,0.1388
10,1491,1501,0.1388
12,1495,1507,0.1388
12,1495,1507,0.1388
12,1509,1521,0.1388
12,1506,1518,0.1388
12,1502,1514,0.1388
12,1512,1524,0.1388
11,1512,1523,0.1388
10,1495,1505,0.1388
11,1503,1514,0.1388
11,1512,1523,0.1388
12,1503,1515,0.1388
10,1510,1520,0.1388
9,1503,1512,0.1388
11,1507,1518,0.1388
11,1501,1512,0.1388
12,1505,1517,0.1388
11,1498,1509,0.1388
11,1490,1501,0.1388
10,1498,1508,0.1388
10,1501,1511,0.1388
9,1497,1506,0.1388
8,1495,1503,0.1388
8,1496,1504,0.1388
8,1504,1512,0.1388
8,1514,1522,0.1388
8,1518,1526,0.1388
9,1511,1520,0.1388
9,1512,1521,0.1388
10,1508,1518,0.1388
9,1517,1526,0.1388
9,1517,1526,0.1388
9,1520,1529,0.1388
9,1513,1522,0.1388
9,1523,1532,0.1388
9,1513,1522,0.1388
9,1518,1527,0.1388
8,1511,1519,0.1388
8,1512,1520,0.1388
8,1509,1517,0.1388
8,1504,1512,0.1388
9,1508,1517,0.1388
9,1508,1517,0.1388
10,1502,1512,0.1388
10,1503,1513,0.1388
10,1493,1503,0.1388
10,1496,1506,0.1388
10,1498,1508,0.1388
11,1503,1514,0.1388
11,1498,1509,0.1388
9,1501,1510,0.1388
9,1504,1513,0.1388
8,1497,1505,0.1388
8,1491,1499,0.1388
8,1502,1510,0.1388
8,1514,1522,0.1388
9,1515,1524,0.1388
9,1510,1519,0.1388
9,1518,1527,0.1388
9,1519,1528,0.1388
9,1504,1513,0.1388
9,1502,1511,0.1388
9,1501,1510,0.1388
10,1493,1503,0.1388
9,1492,1501,0.1388
9,1500,1509,0.1388
9,1500,1509,0.1388
9,1515,1524,0.1388
9,1518,1527,0.1388
9,1505,1514,0.1388
9,1504,1513,0.1388
9,1506,1515,0.1388
9,1501,1510,0.1388
8,1507,1515,0.1388
8,1518,1526,0.1388
7,1508,1515,0.1388
7,1522,1529,0.1388
7,1521,1528,0.1388
7,1503,1510,0.1388
7,1513,1520,0.1388
8,1505,1513,0.1388
9,1512,1521,0.1388
10,1506,1516,0.1388
9,1515,1524,0.1388
9,1508,1517,0.1388
9,1512,1521,0.1388
10,1509,1519,0.1388
10,1522,1532,0.1388
10,1523,1533,0.1388
10,1519,1529,0.1388
10,1519,1529,0.1388
10,1518,1528,0.1388
11,1521,1532,0.1388
11,1513,1524,0.1388
11,1509,1520,0.1388
11,1504,1515,0.1388
12,1509,1521,0.1388
13,1504,1517,0.1388
11,1500,1511,0.1388
12,1498,1510,0.1388
11,1517,1528,0.1388
12,1513,1525,0.1388
12,1528,1540,0.1388
11,1517,1528,0.1388
11,1508,1519,0.1388
11,1504,1515,0.1388
11,1505,1516,0.1388
10,1500,1510,0.1388
10,1518,1528,0.1388
11,1523,1534,0.1388
11,1514,1525,0.1388
10,1506,1516,0.1388
11,1507,1518,0.1388
11,1517,1528,0.1388
11,1497,1508,0.1388
12,1506,1518,0.1388
12,1500,1512,0.1388
13,1504,1517,0.1388
13,1505,1518,0.1388
15,1506,1521,0.1388
15,1503,1518,0.1388
14,1501,1515,0.1388
14,1496,1510,0.1388
14,1492,1506,0.1388
15,1508,1523,0.1388
13,1516,1529,0.1388
13,1504,1517,0.1388
13,1503,1516,0.1388
12,1509,1521,0.1388
11,1506,1517,0.1388
11,1496,1507,0.1388
11,1496,1507,0.1388
11,1491,1502,0.1388
11,1488,1499,0.1388
11,1490,1501,0.1388
12,1485,1497,0.1388
14,1489,1503,0.1388
15,1501,1516,0.1388
15,1505,1520,0.1388
16,1506,1522,0.1388
16,1505,1521,0.1388
15,1504,1519,0.1388
15,1516,1531,0.1388
16,1515,1531,0.1388
15,1519,1534,0.1388
14,1505,1519,0.1388
13,1510,1523,0.1388
14,1504,1518,0.1388
15,1503,1518,0.1388
15,1497,1512,0.1388
14,1497,1511,0.1388
15,1497,1512,0.1388
11,1509,1520,0.1388
11,1502,1513,0.1388
10,1509,1519,0.1388
10,1513,1523,0.1388
10,1510,1520,0.1388
10,1512,1522,0.1388
10,1510,1520,0.1388
11,1514,1525,0.1388
11,1502,1513,0.1388
11,1514,1525,0.1388
10,1509,1519,0.1388
10,1515,1525,0.1388
10,1520,1530,0.1388
10,1517,1527,0.1388
10,1505,1515,0.1388
9,1508,1517,0.1388
9,1510,1519,0.1388
7,1511,1518,0.1388
8,1521,1529,0.1388
8,1514,1522,0.1388
7,1502,1509,0.1388
7,1499,1506,0.1388
7,1508,1515,0.1388
6,1508,1514,0.1388
6,1522,1528,0.1388
6,1512,1518,0.1388
7,1514,1521,0.1388
7,1513,1520,0.1388
7,1521,1528,0.1388
7,1516,1523,0.1388
7,1516,1523,0.1388
8,1517,1525,0.1388
8,1522,1530,0.1388
8,1519,1527,0.1388
8,1512,1520,0.1388
8,1506,1514,0.1388
8,1500,1508,0.1388
7,1509,1516,0.1388
6,1504,1510,0.1388
6,1501,1507,0.1388
5,1513,1518,0.1388
5,1504,1509,0.1388
5,1516,1521,0.1388
6,1518,1524,0.1388
6,1522,1528,0.1388
8,1511,1519,0.1388
9,1504,1513,0.1388
8,1517,1525,0.1388
8,1511,1519,0.1388
6,1496,1502,0.1388
6,1499,1505,0.1388
6,1498,1504,0.1388
6,1508,1514,0.1388
7,1499,1506,0.1388
8,1498,1506,0.1388
8,1511,1519,0.1388
8,1525,1533,0.1388
8,1507,1515,0.1388
8,1508,1516,0.1388
8,1500,1508,0.1388
8,1498,1506,0.1388
9,1487,1496,0.1388
9,1497,1506,0.1388
10,1507,1517,0.1388
9,1499,1508,0.1388
9,1495,1504,0.1388
8,1498,1506,0.1388
8,1500,1508,0.1388
8,1509,1517,0.1388
8,1512,1520,0.1388
8,1510,1518,0.1388
8,1499,1507,0.1388
8,1493,1501,0.1388
9,1504,1513,0.1388
9,1500,1509,0.1388
8,1503,1511,0.1388
9,1501,1510,0.1388
10,1501,1511,0.1388
10,1501,1511,0.1388
9,1499,1508,0.1388
10,1498,1508,0.1388
10,1492,1502,0.1388
10,1510,1520,0.1388
10,1509,1519,0.1388
10,1491,1501,0.1388
9,1483,1492,0.1388
9,1485,1494,0.1388
10,1490,1500,0.1388
10,1496,1506,0.1388
10,1499,1509,0.1388
10,1503,1513,0.1388
9,1496,1505,0.1388
8,1510,1518,0.1388
8,1501,1509,0.1388
10,1508,1518,0.1388
9,1516,1525,0.1388
9,1514,1523,0.1388
9,1521,1530,0.1388
8,1506,1514,0.1388
8,1517,1525,0.1388
8,1501,1509,0.1388
8,1503,1511,0.1388
7,1505,1512,0.1388
7,1506,1513,0.1388
7,1491,1498,0.1388
9,1488,1497,0.1388
9,1499,1508,0.1388
8,1512,1520,0.1388
8,1509,1517,0.1388
8,1502,1510,0.1388
8,1502,1510,0.1388
8,1506,1514,0.1388
8,1516,1524,0.1388
8,1517,1525,0.1388
7,1519,1526,0.1388
7,1518,1525,0.1388
7,1507,1514,0.1388
8,1512,1520,0.1388
7,1512,1519,0.1388
8,1500,1508,0.1388
8,1508,1516,0.1388
9,1510,1519,0.1388
9,1507,1516,0.1388
12,1506,1518,0.1388
12,1510,1522,0.1388
12,1515,1527,0.1388
12,1509,1521,0.1388
13,1517,1530,0.1388
13,1506,1519,0.1388
13,1508,1521,0.1388
14,1506,1520,0.1388
14,1507,1521,0.1388
14,1511,1525,0.1388
14,1510,1524,0.1388
14,1514,1528,0.1388
14,1513,1527,0.1388
14,1502,1516,0.1388
13,1501,1514,0.1388
12,1504,1516,0.1388
11,1504,1515,0.1388
11,1517,1528,0.1388
11,1510,1521,0.1388
9,1501,1510,0.1388
9,1515,1524,0.1388
9,1520,1529,0.1388
9,1514,1523,0.1388
9,1510,1519,0.1388
9,1518,1527,0.1388
9,1516,1525,0.1388
9,1508,1517,0.1388
9,1501,1510,0.1388
9,1499,1508,0.1388
9,1498,1507,0.1388
9,1517,1526,0.1388
9,1506,1515,0.1388
9,1507,1516,0.1388
9,1502,1511,0.1388
9,1506,1515,0.1388
9,1503,1512,0.1388
10,1501,1511,0.1388
10,1496,1506,0.1388
9,1504,1513,0.1388
9,1522,1531,0.1388
8,1507,1515,0.1388
7,1502,1509,0.1388
7,1498,1505,0.1388
8,1510,1518,0.1388
8,1516,1524,0.1388
8,1499,1507,0.1388
8,1491,1499,0.1388
7,1489,1496,0.1388
8,1506,1514,0.1388
8,1500,1508,0.1388
8,1501,1509,0.1388
8,1494,1502,0.1388
9,1505,1514,0.1388
9,1510,1519,0.1388
9,1497,1506,0.1388
9,1508,1517,0.1388
9,1516,1525,0.1388
9,1509,1518,0.1388
9,1511,1520,0.1388
8,1518,1526,0.1388
8,1533,1541,0.1388
9,1527,1536,0.1388
8,1523,1531,0.1388
8,1511,1519,0.1388
8,1516,1524,0.1388
8,1508,1516,0.1388
8,1511,1519,0.1388
8,1519,1527,0.1388
8,1518,1526,0.1388
7,1513,1520,0.1388
7,1523,1530,0.1388
6,1522,1528,0.1388
6,1515,1521,0.1388
6,1511,1517,0.1388
6,1512,1518,0.1388
6,1524,1530,0.1388
6,1511,1517,0.1388
6,1518,1524,0.1388
6,1506,1512,0.1388
6,1515,1521,0.1388
6,1520,1526,0.1388
7,1503,1510,0.1388
6,1513,1519,0.1388
6,1519,1525,0.1388
6,1516,1522,0.1388
5,1512,1517,0.1388
5,1492,1497,0.1388
5,1502,1507,0.1388
5,1498,1503,0.1388
6,1506,1512,0.1388
6,1506,1512,0.1388
6,1512,1518,0.1388
6,1513,1519,0.1388
5,1512,1517,0.1388
5,1516,1521,0.1388
5,1524,1529,0.1388
5,1525,1530,0.1388
3,1529,1532,0.1388
3,1515,1518,0.1388
3,1510,1513,0.1388
3,1515,1518,0.1388
3,1513,1516,0.1388
3,1513,1516,0.1388
3,1514,1517,0.1388
3,1516,1519,0.1388
3,1512,1515,0.1388
3,1517,1520,0.1388
3,1508,1511,0.1388
3,1516,1519,0.1388
3,1519,1522,0.1388
3,1525,1528,0.1388
3,1523,1526,0.1388
3,1527,1530,0.1388
3,1515,1518,0.1388
3,1522,1525,0.1388
3,1526,1529,0.1388
3,1521,1524,0.1388
3,1518,1521,0.1388
3,1515,1518,0.1388
3,1511,1514,0.1388
3,1511,1514,0.1388
3,1506,1509,0.1388
3,1514,1517,0.1388
3,1522,1525,0.1388
3,1525,1528,0.1388
3,1526,1529,0.1388
1,1528,1529,0.1388
1,1515,1516,0.1388
1,1518,1519,0.1388
1,1520,1521,0.1388
1,1524,1525,0.1388
1,1522,1523,0.1388
1,1521,1522,0.1388
1,1508,1509,0.1388
1,1515,1516,0.1388
0,1509,1509,0.1388
