1366,30,1396,0.1388
1389,31,1420,0.1388
1419,31,1450,0.1388
1419,32,1451,0.1388
1439,33,1472,0.1388
1440,33,1473,0.1388
1446,33,1479,0.1388
1443,36,1479,0.1388
1465,35,1500,0.1388
1476,33,1509,0.1388
1471,33,1504,0.1388
1478,31,1509,0.1388
1474,30,1504,0.1388
1463,29,1492,0.1388
1469,29,1498,0.1388
1473,28,1501,0.1388
1453,30,1483,0.1388
1453,33,1486,0.1388
1456,33,1489,0.1388
1456,33,1489,0.1388
1470,30,1500,0.1388
1457,32,1489,0.1388
1456,34,1490,0.1388
1442,35,1477,0.1388
1448,38,1486,0.1388
1445,38,1483,0.1388
1433,41,1474,0.1388
1438,43,1481,0.1388
1456,44,1500,0.1388
1455,43,1498,0.1388
1458,40,1498,0.1388
1459,42,1501,0.1388
1454,43,1497,0.1388
1450,42,1492,0.1388
1455,41,1496,0.1388
1428,39,1467,0.1388
1429,38,1467,0.1388
1447,36,1483,0.1388
1447,40,1487,0.1388
1457,37,1494,0.1388
1462,38,1500,0.1388
1468,36,1504,0.1388
1467,35,1502,0.1388
1472,35,1507,0.1388
1472,35,1507,0.1388
1472,32,1504,0.1388
1474,34,1508,0.1388
1460,34,1494,0.1388
1459,35,1494,0.1388
1460,37,1497,0.1388
1462,35,1497,0.1388
1460,36,1496,0.1388
1441,36,1477,0.1388
1440,38,1478,0.1388
1455,37,1492,0.1388
1460,36,1496,0.1388
1470,37,1507,0.1388
1486,39,1525,0.1388
1478,37,1515,0.1388
1460,38,1498,0.1388
1454,39,1493,0.1388
1447,39,1486,0.1388
1441,38,1479,0.1388
1450,40,1490,0.1388
1447,40,1487,0.1388
1450,41,1491,0.1388
1453,42,1495,0.1388
1460,42,1502,0.1388
1459,45,1504,0.1388
1451,43,1494,0.1388
1452,42,1494,0.1388
1428,43,1471,0.1388
1436,43,1479,0.1388
1440,40,1480,0.1388
1452,38,1490,0.1388
1454,40,1494,0.1388
1474,41,1515,0.1388
1458,42,1500,0.1388
1451,44,1495,0.1388
1445,42,1487,0.1388
1448,41,1489,0.1388
1447,39,1486,0.1388
1441,41,1482,0.1388
1427,42,1469,0.1388
1431,43,1474,0.1388
1435,45,1480,0.1388
1437,46,1483,0.1388
1444,46,1490,0.1388
1447,47,1494,0.1388
1446,49,1495,0.1388
1455,49,1504,0.1388
1445,47,1492,0.1388
1446,48,1494,0.1388
1463,47,1510,0.1388
1455,47,1502,0.1388
1444,45,1489,0.1388
1448,44,1492,0.1388
1456,47,1503,0.1388
1456,48,1504,0.1388
1455,48,1503,0.1388
1449,49,1498,0.1388
1451,49,1500,0.1388
1447,49,1496,0.1388
1440,49,1489,0.1388
1445,50,1495,0.1388
1442,52,1494,0.1388
1447,53,1500,0.1388
1446,53,1499,0.1388
1447,53,1500,0.1388
1438,53,1491,0.1388
1429,55,1484,0.1388
1439,55,1494,0.1388
1428,56,1484,0.1388
1429,54,1483,0.1388
1440,52,1492,0.1388
1433,49,1482,0.1388
1436,50,1486,0.1388
1437,51,1488,0.1388
1441,50,1491,0.1388
1442,50,1492,0.1388
1447,49,1496,0.1388
1443,48,1491,0.1388
1451,44,1495,0.1388
1448,45,1493,0.1388
1445,48,1493,0.1388
1451,50,1501,0.1388
1442,49,1491,0.1388
1447,49,1496,0.1388
1442,48,1490,0.1388
1443,46,1489,0.1388
1439,45,1484,0.1388
1446,46,1492,0.1388
1444,43,1487,0.1388
1432,45,1477,0.1388
1415,49,1464,0.1388
1430,50,1480,0.1388
1435,51,1486,0.1388
1434,52,1486,0.1388
1420,51,1471,0.1388
1441,51,1492,0.1388
1445,51,1496,0.1388
1443,52,1495,0.1388
1439,52,1491,0.1388
1425,53,1478,0.1388
1420,52,1472,0.1388
1420,51,1471,0.1388
1420,49,1469,0.1388
1427,50,1477,0.1388
1427,55,1482,0.1388
1430,56,1486,0.1388
1412,56,1468,0.1388
1425,55,1480,0.1388
1425,55,1480,0.1388
1419,55,1474,0.1388
1416,56,1472,0.1388
1419,59,1478,0.1388
1417,56,1473,0.1388
1425,56,1481,0.1388
1433,56,1489,0.1388
1435,58,1493,0.1388
1436,57,1493,0.1388
1432,55,1487,0.1388
1441,58,1499,0.1388
1449,58,1507,0.1388
1449,58,1507,0.1388
1435,59,1494,0.1388
1434,58,1492,0.1388
1424,60,1484,0.1388
1418,62,1480,0.1388
1422,64,1486,0.1388
1421,63,1484,0.1388
1427,61,1488,0.1388
1428,62,1490,0.1388
1442,60,1502,0.1388
1443,57,1500,0.1388
1437,61,1498,0.1388
1447,63,1510,0.1388
1447,62,1509,0.1388
1439,61,1500,0.1388
1437,58,1495,0.1388
1418,58,1476,0.1388
1424,62,1486,0.1388
1431,62,1493,0.1388
1438,60,1498,0.1388
1435,58,1493,0.1388
1413,63,1476,0.1388
1418,64,1482,0.1388
1423,64,1487,0.1388
1410,64,1474,0.1388
1426,61,1487,0.1388
1423,62,1485,0.1388
1419,68,1487,0.1388
1431,72,1503,0.1388
1417,73,1490,0.1388
1430,73,1503,0.1388
1415,73,1488,0.1388
1418,74,1492,0.1388
1415,76,1491,0.1388
1408,78,1486,0.1388
1400,80,1480,0.1388
1409,82,1491,0.1388
1399,81,1480,0.1388
1408,84,1492,0.1388
1400,82,1482,0.1388
1404,81,1485,0.1388
1410,85,1495,0.1388
1404,82,1486,0.1388
1420,80,1500,0.1388
1427,79,1506,0.1388
1425,79,1504,0.1388
1423,79,1502,0.1388
1424,78,1502,0.1388
1409,79,1488,0.1388
1418,79,1497,0.1388
1414,80,1494,0.1388
1417,83,1500,0.1388
1411,84,1495,0.1388
1422,86,1508,0.1388
1410,87,1497,0.1388
1404,85,1489,0.1388
1414,86,1500,0.1388
1420,89,1509,0.1388
1414,91,1505,0.1388
1405,88,1493,0.1388
1407,88,1495,0.1388
1409,88,1497,0.1388
1418,89,1507,0.1388
1425,88,1513,0.1388
1426,83,1509,0.1388
1419,84,1503,0.1388
1408,87,1495,0.1388
1409,93,1502,0.1388
1409,95,1504,0.1388
1419,96,1515,0.1388
1419,92,1511,0.1388
1409,95,1504,0.1388
1397,95,1492,0.1388
1417,93,1510,0.1388
1405,98,1503,0.1388
1411,102,1513,0.1388
1388,100,1488,0.1388
1392,98,1490,0.1388
1389,99,1488,0.1388
1389,99,1488,0.1388
1403,100,1503,0.1388
1403,102,1505,0.1388
1409,103,1512,0.1388
1412,105,1517,0.1388
1398,104,1502,0.1388
1396,105,1501,0.1388
1391,106,1497,0.1388
1387,105,1492,0.1388
1387,102,1489,0.1388
1395,106,1501,0.1388
1387,107,1494,0.1388
1388,112,1500,0.1388
1393,113,1506,0.1388
1385,119,1504,0.1388
1376,116,1492,0.1388
1392,117,1509,0.1388
1377,118,1495,0.1388
1365,124,1489,0.1388
1363,125,1488,0.1388
1356,122,1478,0.1388
1371,126,1497,0.1388
1374,124,1498,0.1388
1366,125,1491,0.1388
1366,129,1495,0.1388
1373,130,1503,0.1388
1368,135,1503,0.1388
1360,129,1489,0.1388
1359,126,1485,0.1388
1366,130,1496,0.1388
1372,131,1503,0.1388
1373,130,1503,0.1388
1377,129,1506,0.1388
1366,133,1499,0.1388
1372,134,1506,0.1388
1367,133,1500,0.1388
1363,132,1495,0.1388
1340,131,1471,0.1388
1353,132,1485,0.1388
1351,132,1483,0.1388
1356,132,1488,0.1388
1347,135,1482,0.1388
1348,133,1481,0.1388
1358,136,1494,0.1388
1366,137,1503,0.1388
1368,137,1505,0.1388
1361,138,1499,0.1388
1370,135,1505,0.1388
1381,137,1518,0.1388
1364,139,1503,0.1388
1369,137,1506,0.1388
1356,139,1495,0.1388
1351,136,1487,0.1388
1360,143,1503,0.1388
1363,145,1508,0.1388
1358,148,1506,0.1388
1350,147,1497,0.1388
1344,152,1496,0.1388
1333,149,1482,0.1388
1335,147,1482,0.1388
1335,145,1480,0.1388
1347,146,1493,0.1388
1347,144,1491,0.1388
1358,146,1504,0.1388
1337,146,1483,0.1388
1357,150,1507,0.1388
1357,149,1506,0.1388
1354,148,1502,0.1388
1353,148,1501,0.1388
1340,155,1495,0.1388
1346,159,1505,0.1388
1339,161,1500,0.1388
1343,155,1498,0.1388
1331,152,1483,0.1388
1322,156,1478,0.1388
1329,156,1485,0.1388
1330,156,1486,0.1388
1317,158,1475,0.1388
1323,160,1483,0.1388
1319,163,1482,0.1388
1299,161,1460,0.1388
1331,166,1497,0.1388
1339,168,1507,0.1388
1335,166,1501,0.1388
1319,161,1480,0.1388
1328,159,1487,0.1388
1340,156,1496,0.1388
1340,160,1500,0.1388
1341,154,1495,0.1388
1340,154,1494,0.1388
1340,151,1491,0.1388
1333,154,1487,0.1388
1331,159,1490,0.1388
1339,156,1495,0.1388
1345,157,1502,0.1388
1332,159,1491,0.1388
1319,166,1485,0.1388
1324,163,1487,0.1388
1342,168,1510,0.1388
1333,169,1502,0.1388
1332,174,1506,0.1388
1331,174,1505,0.1388
1314,174,1488,0.1388
1303,180,1483,0.1388
1299,178,1477,0.1388
1299,176,1475,0.1388
1304,176,1480,0.1388
1309,178,1487,0.1388
1315,179,1494,0.1388
1309,190,1499,0.1388
1304,186,1490,0.1388
1299,183,1482,0.1388
1300,183,1483,0.1388
1294,186,1480,0.1388
1296,187,1483,0.1388
1306,185,1491,0.1388
1307,190,1497,0.1388
1301,192,1493,0.1388
1307,187,1494,0.1388
1311,187,1498,0.1388
1316,186,1502,0.1388
1301,188,1489,0.1388
1291,188,1479,0.1388
1289,189,1478,0.1388
1303,190,1493,0.1388
1307,195,1502,0.1388
1313,193,1506,0.1388
1302,193,1495,0.1388
1294,195,1489,0.1388
1313,195,1508,0.1388
1319,200,1519,0.1388
1314,202,1516,0.1388
1299,208,1507,0.1388
1281,212,1493,0.1388
1295,210,1505,0.1388
1286,206,1492,0.1388
1286,208,1494,0.1388
1290,206,1496,0.1388
1290,213,1503,0.1388
1283,213,1496,0.1388
1267,218,1485,0.1388
1271,219,1490,0.1388
1277,222,1499,0.1388
1266,215,1481,0.1388
1254,212,1466,0.1388
1264,216,1480,0.1388
1267,219,1486,0.1388
1277,225,1502,0.1388
1259,227,1486,0.1388
1260,223,1483,0.1388
1265,231,1496,0.1388
1270,224,1494,0.1388
1262,228,1490,0.1388
1265,228,1493,0.1388
1266,232,1498,0.1388
1277,233,1510,0.1388
1268,239,1507,0.1388
1256,234,1490,0.1388
1257,239,1496,0.1388
1248,235,1483,0.1388
1248,238,1486,0.1388
1245,243,1488,0.1388
1249,242,1491,0.1388
1240,244,1484,0.1388
1244,249,1493,0.1388
1241,251,1492,0.1388
1225,250,1475,0.1388
1230,254,1484,0.1388
1245,245,1490,0.1388
1243,248,1491,0.1388
1232,243,1475,0.1388
1238,242,1480,0.1388
1252,243,1495,0.1388
1255,243,1498,0.1388
1254,243,1497,0.1388
1250,245,1495,0.1388
1245,247,1492,0.1388
1253,251,1504,0.1388
1255,248,1503,0.1388
1268,249,1517,0.1388
1271,248,1519,0.1388
1266,247,1513,0.1388
1251,251,1502,0.1388
1254,250,1504,0.1388
1255,247,1502,0.1388
1264,243,1507,0.1388
1248,247,1495,0.1388
1255,243,1498,0.1388
1242,252,1494,0.1388
1232,255,1487,0.1388
1237,252,1489,0.1388
1249,251,1500,0.1388
1254,255,1509,0.1388
1251,255,1506,0.1388
1243,251,1494,0.1388
1240,255,1495,0.1388
1236,261,1497,0.1388
1237,263,1500,0.1388
1237,262,1499,0.1388
1239,259,1498,0.1388
1237,263,1500,0.1388
1233,263,1496,0.1388
1215,264,1479,0.1388
1217,266,1483,0.1388
1206,263,1469,0.1388
1210,266,1476,0.1388
1218,264,1482,0.1388
1212,268,1480,0.1388
1227,266,1493,0.1388
1226,267,1493,0.1388
1226,268,1494,0.1388
1226,267,1493,0.1388
1224,272,1496,0.1388
1224,266,1490,0.1388
1228,267,1495,0.1388
1214,267,1481,0.1388
1223,266,1489,0.1388
1215,267,1482,0.1388
1218,266,1484,0.1388
1224,273,1497,0.1388
1235,270,1505,0.1388
1242,273,1515,0.1388
1238,274,1512,0.1388
1230,272,1502,0.1388
1237,269,1506,0.1388
1224,268,1492,0.1388
1234,271,1505,0.1388
1227,269,1496,0.1388
1228,265,1493,0.1388
1231,268,1499,0.1388
1227,275,1502,0.1388
1220,277,1497,0.1388
1228,273,1501,0.1388
1239,273,1512,0.1388
1218,273,1491,0.1388
1216,273,1489,0.1388
1208,274,1482,0.1388
1213,280,1493,0.1388
1206,280,1486,0.1388
1190,278,1468,0.1388
1189,283,1472,0.1388
1212,283,1495,0.1388
1215,284,1499,0.1388
1214,281,1495,0.1388
1211,282,1493,0.1388
1216,287,1503,0.1388
1215,289,1504,0.1388
1205,287,1492,0.1388
1195,290,1485,0.1388
1196,285,1481,0.1388
1198,290,1488,0.1388
1201,285,1486,0.1388
1199,294,1493,0.1388
1198,298,1496,0.1388
1195,303,1498,0.1388
1203,303,1506,0.1388
1198,313,1511,0.1388
1205,308,1513,0.1388
1203,312,1515,0.1388
1200,310,1510,0.1388
1202,314,1516,0.1388
1201,307,1508,0.1388
1191,320,1511,0.1388
1190,318,1508,0.1388
1180,318,1498,0.1388
1168,324,1492,0.1388
1183,320,1503,0.1388
1185,325,1510,0.1388
1180,328,1508,0.1388
1177,332,1509,0.1388
1179,336,1515,0.1388
1168,333,1501,0.1388
1166,330,1496,0.1388
1169,329,1498,0.1388
1176,329,1505,0.1388
1176,326,1502,0.1388
1175,328,1503,0.1388
1168,326,1494,0.1388
1170,329,1499,0.1388
1166,329,1495,0.1388
1171,328,1499,0.1388
1165,338,1503,0.1388
1171,328,1499,0.1388
1178,329,1507,0.1388
1163,331,1494,0.1388
1162,332,1494,0.1388
1153,335,1488,0.1388
1164,341,1505,0.1388
1169,335,1504,0.1388
1165,333,1498,0.1388
1174,337,1511,0.1388
1166,337,1503,0.1388
1168,342,1510,0.1388
1163,352,1515,0.1388
1158,354,1512,0.1388
1156,351,1507,0.1388
1144,354,1498,0.1388
1134,353,1487,0.1388
1143,353,1496,0.1388
1137,358,1495,0.1388
1130,363,1493,0.1388
1133,362,1495,0.1388
1133,363,1496,0.1388
1141,363,1504,0.1388
1142,360,1502,0.1388
1150,358,1508,0.1388
1145,363,1508,0.1388
1139,362,1501,0.1388
1142,362,1504,0.1388
1152,363,1515,0.1388
1147,364,1511,0.1388
1139,375,1514,0.1388
1145,369,1514,0.1388
1137,373,1510,0.1388
1122,376,1498,0.1388
1127,381,1508,0.1388
1132,382,1514,0.1388
1120,380,1500,0.1388
1109,384,1493,0.1388
1112,391,1503,0.1388
1110,391,1501,0.1388
1112,387,1499,0.1388
1115,392,1507,0.1388
1111,380,1491,0.1388
1098,388,1486,0.1388
1105,385,1490,0.1388
1115,382,1497,0.1388
1104,387,1491,0.1388
1110,396,1506,0.1388
1113,397,1510,0.1388
1110,398,1508,0.1388
1106,408,1514,0.1388
1114,403,1517,0.1388
1107,393,1500,0.1388
1102,389,1491,0.1388
1106,382,1488,0.1388
1116,391,1507,0.1388
1111,390,1501,0.1388
1106,395,1501,0.1388
1098,402,1500,0.1388
1102,400,1502,0.1388
1098,396,1494,0.1388
1102,406,1508,0.1388
1101,401,1502,0.1388
1106,402,1508,0.1388
1112,401,1513,0.1388
1097,403,1500,0.1388
1096,410,1506,0.1388
1092,403,1495,0.1388
1102,406,1508,0.1388
1097,410,1507,0.1388
1092,407,1499,0.1388
1098,407,1505,0.1388
1084,412,1496,0.1388
1081,414,1495,0.1388
1079,422,1501,0.1388
1085,422,1507,0.1388
1087,418,1505,0.1388
1080,417,1497,0.1388
1079,423,1502,0.1388
1070,421,1491,0.1388
1067,418,1485,0.1388
1067,422,1489,0.1388
1080,422,1502,0.1388
1069,424,1493,0.1388
1067,429,1496,0.1388
1076,431,1507,0.1388
1090,426,1516,0.1388
1097,427,1524,0.1388
1076,425,1501,0.1388
1073,427,1500,0.1388
1077,435,1512,0.1388
1075,440,1515,0.1388
1068,440,1508,0.1388
1057,438,1495,0.1388
1064,430,1494,0.1388
1065,438,1503,0.1388
1062,441,1503,0.1388
1059,446,1505,0.1388
1053,445,1498,0.1388
1047,446,1493,0.1388
1041,454,1495,0.1388
1047,456,1503,0.1388
1040,462,1502,0.1388
1037,463,1500,0.1388
1042,468,1510,0.1388
1025,471,1496,0.1388
1032,469,1501,0.1388
1043,462,1505,0.1388
1041,461,1502,0.1388
1040,463,1503,0.1388
1043,462,1505,0.1388
1045,467,1512,0.1388
1040,471,1511,0.1388
1045,473,1518,0.1388
1039,467,1506,0.1388
1031,458,1489,0.1388
1027,461,1488,0.1388
1027,460,1487,0.1388
1030,455,1485,0.1388
1031,455,1486,0.1388
1028,463,1491,0.1388
1036,461,1497,0.1388
1043,460,1503,0.1388
1041,462,1503,0.1388
1029,468,1497,0.1388
1027,475,1502,0.1388
1032,472,1504,0.1388
1035,471,1506,0.1388
1037,470,1507,0.1388
1031,477,1508,0.1388
1033,470,1503,0.1388
1019,473,1492,0.1388
1022,471,1493,0.1388
1024,477,1501,0.1388
1023,478,1501,0.1388
1027,472,1499,0.1388
1030,481,1511,0.1388
1031,480,1511,0.1388
1030,477,1507,0.1388
1026,487,1513,0.1388
1023,487,1510,0.1388
1026,481,1507,0.1388
1004,477,1481,0.1388
1001,484,1485,0.1388
1007,490,1497,0.1388
1004,489,1493,0.1388
1021,488,1509,0.1388
1012,483,1495,0.1388
1007,492,1499,0.1388
1004,498,1502,0.1388
998,497,1495,0.1388
994,499,1493,0.1388
984,498,1482,0.1388
982,498,1480,0.1388
989,495,1484,0.1388
989,506,1495,0.1388
978,507,1485,0.1388
980,513,1493,0.1388
991,514,1505,0.1388
992,514,1506,0.1388
1002,517,1519,0.1388
1006,514,1520,0.1388
996,512,1508,0.1388
987,506,1493,0.1388
985,515,1500,0.1388
983,513,1496,0.1388
979,515,1494,0.1388
989,512,1501,0.1388
992,517,1509,0.1388
989,511,1500,0.1388
1001,517,1518,0.1388
997,521,1518,0.1388
995,521,1516,0.1388
987,519,1506,0.1388
981,523,1504,0.1388
984,516,1500,0.1388
989,515,1504,0.1388
992,511,1503,0.1388
991,509,1500,0.1388
982,507,1489,0.1388
980,514,1494,0.1388
984,511,1495,0.1388
983,523,1506,0.1388
980,522,1502,0.1388
972,530,1502,0.1388
972,531,1503,0.1388
971,537,1508,0.1388
963,544,1507,0.1388
954,547,1501,0.1388
941,557,1498,0.1388
940,564,1504,0.1388
951,562,1513,0.1388
950,559,1509,0.1388
951,557,1508,0.1388
946,563,1509,0.1388
948,564,1512,0.1388
953,563,1516,0.1388
946,563,1509,0.1388
944,566,1510,0.1388
935,568,1503,0.1388
940,563,1503,0.1388
951,567,1518,0.1388
943,569,1512,0.1388
946,570,1516,0.1388
960,575,1535,0.1388
963,574,1537,0.1388
963,579,1542,0.1388
949,579,1528,0.1388
946,570,1516,0.1388
942,580,1522,0.1388
932,579,1511,0.1388
929,575,1504,0.1388
917,578,1495,0.1388
911,578,1489,0.1388
911,579,1490,0.1388
914,575,1489,0.1388
922,577,1499,0.1388
928,576,1504,0.1388
924,578,1502,0.1388
927,571,1498,0.1388
920,569,1489,0.1388
910,578,1488,0.1388
912,574,1486,0.1388
924,574,1498,0.1388
924,573,1497,0.1388
920,577,1497,0.1388
923,578,1501,0.1388
923,571,1494,0.1388
918,580,1498,0.1388
914,585,1499,0.1388
921,579,1500,0.1388
918,582,1500,0.1388
918,580,1498,0.1388
920,582,1502,0.1388
916,586,1502,0.1388
911,575,1486,0.1388
915,583,1498,0.1388
913,591,1504,0.1388
905,586,1491,0.1388
906,586,1492,0.1388
901,589,1490,0.1388
909,599,1508,0.1388
920,603,1523,0.1388
910,598,1508,0.1388
899,599,1498,0.1388
904,610,1514,0.1388
904,608,1512,0.1388
900,602,1502,0.1388
899,605,1504,0.1388
892,609,1501,0.1388
906,600,1506,0.1388
896,600,1496,0.1388
906,587,1493,0.1388
906,594,1500,0.1388
892,600,1492,0.1388
895,604,1499,0.1388
897,607,1504,0.1388
889,593,1482,0.1388
896,597,1493,0.1388
903,596,1499,0.1388
904,602,1506,0.1388
899,593,1492,0.1388
896,594,1490,0.1388
892,605,1497,0.1388
887,604,1491,0.1388
890,618,1508,0.1388
880,614,1494,0.1388
886,619,1505,0.1388
884,618,1502,0.1388
887,618,1505,0.1388
885,616,1501,0.1388
881,623,1504,0.1388
874,625,1499,0.1388
867,619,1486,0.1388
865,624,1489,0.1388
864,621,1485,0.1388
866,622,1488,0.1388
863,624,1487,0.1388
882,633,1515,0.1388
890,625,1515,0.1388
893,628,1521,0.1388
892,621,1513,0.1388
891,625,1516,0.1388
889,618,1507,0.1388
882,619,1501,0.1388
877,626,1503,0.1388
868,631,1499,0.1388
872,620,1492,0.1388
872,618,1490,0.1388
869,620,1489,0.1388
874,628,1502,0.1388
880,627,1507,0.1388
871,638,1509,0.1388
861,643,1504,0.1388
859,638,1497,0.1388
853,645,1498,0.1388
860,645,1505,0.1388
856,653,1509,0.1388
851,647,1498,0.1388
854,649,1503,0.1388
850,645,1495,0.1388
850,651,1501,0.1388
844,656,1500,0.1388
840,657,1497,0.1388
845,656,1501,0.1388
850,651,1501,0.1388
850,653,1503,0.1388
850,652,1502,0.1388
846,657,1503,0.1388
836,665,1501,0.1388
839,658,1497,0.1388
832,662,1494,0.1388
826,662,1488,0.1388
827,671,1498,0.1388
823,668,1491,0.1388
834,675,1509,0.1388
838,678,1516,0.1388
846,676,1522,0.1388
832,685,1517,0.1388
817,693,1510,0.1388
815,683,1498,0.1388
825,689,1514,0.1388
822,693,1515,0.1388
821,692,1513,0.1388
817,677,1494,0.1388
826,668,1494,0.1388
821,679,1500,0.1388
816,687,1503,0.1388
808,690,1498,0.1388
811,697,1508,0.1388
815,695,1510,0.1388
816,687,1503,0.1388
816,686,1502,0.1388
820,687,1507,0.1388
809,691,1500,0.1388
810,694,1504,0.1388
810,690,1500,0.1388
805,686,1491,0.1388
801,699,1500,0.1388
789,699,1488,0.1388
796,703,1499,0.1388
799,700,1499,0.1388
799,701,1500,0.1388
804,696,1500,0.1388
809,701,1510,0.1388
810,706,1516,0.1388
802,703,1505,0.1388
801,705,1506,0.1388
792,705,1497,0.1388
802,698,1500,0.1388
807,714,1521,0.1388
802,713,1515,0.1388
803,712,1515,0.1388
800,711,1511,0.1388
799,721,1520,0.1388
794,724,1518,0.1388
791,708,1499,0.1388
788,711,1499,0.1388
791,705,1496,0.1388
783,699,1482,0.1388
779,700,1479,0.1388
787,699,1486,0.1388
780,713,1493,0.1388
779,713,1492,0.1388
783,716,1499,0.1388
779,719,1498,0.1388
788,716,1504,0.1388
783,729,1512,0.1388
784,727,1511,0.1388
777,731,1508,0.1388
777,736,1513,0.1388
778,733,1511,0.1388
777,728,1505,0.1388
768,734,1502,0.1388
770,729,1499,0.1388
773,724,1497,0.1388
777,724,1501,0.1388
780,726,1506,0.1388
778,723,1501,0.1388
780,725,1505,0.1388
776,732,1508,0.1388
772,725,1497,0.1388
769,720,1489,0.1388
777,729,1506,0.1388
776,731,1507,0.1388
781,739,1520,0.1388
773,745,1518,0.1388
771,740,1511,0.1388
766,732,1498,0.1388
759,739,1498,0.1388
767,749,1516,0.1388
768,751,1519,0.1388
767,747,1514,0.1388
777,746,1523,0.1388
774,747,1521,0.1388
774,748,1522,0.1388
764,748,1512,0.1388
765,744,1509,0.1388
763,752,1515,0.1388
759,744,1503,0.1388
765,739,1504,0.1388
762,745,1507,0.1388
755,727,1482,0.1388
754,734,1488,0.1388
749,748,1497,0.1388
747,756,1503,0.1388
744,754,1498,0.1388
746,762,1508,0.1388
744,757,1501,0.1388
739,748,1487,0.1388
739,755,1494,0.1388
737,751,1488,0.1388
733,761,1494,0.1388
736,765,1501,0.1388
735,767,1502,0.1388
735,779,1514,0.1388
737,780,1517,0.1388
739,783,1522,0.1388
728,779,1507,0.1388
727,776,1503,0.1388
722,782,1504,0.1388
712,783,1495,0.1388
705,788,1493,0.1388
704,797,1501,0.1388
700,800,1500,0.1388
709,789,1498,0.1388
718,786,1504,0.1388
709,792,1501,0.1388
703,801,1504,0.1388
707,805,1512,0.1388
706,804,1510,0.1388
705,809,1514,0.1388
711,810,1521,0.1388
703,801,1504,0.1388
709,801,1510,0.1388
697,809,1506,0.1388
698,808,1506,0.1388
697,802,1499,0.1388
707,807,1514,0.1388
703,818,1521,0.1388
701,820,1521,0.1388
699,826,1525,0.1388
685,824,1509,0.1388
683,829,1512,0.1388
689,827,1516,0.1388
685,828,1513,0.1388
683,829,1512,0.1388
683,827,1510,0.1388
684,831,1515,0.1388
677,834,1511,0.1388
675,833,1508,0.1388
668,844,1512,0.1388
664,843,1507,0.1388
670,837,1507,0.1388
665,835,1500,0.1388
666,835,1501,0.1388
669,832,1501,0.1388
664,839,1503,0.1388
666,830,1496,0.1388
658,833,1491,0.1388
674,833,1507,0.1388
675,833,1508,0.1388
674,824,1498,0.1388
676,828,1504,0.1388
671,832,1503,0.1388
679,834,1513,0.1388
676,829,1505,0.1388
670,820,1490,0.1388
672,832,1504,0.1388
676,837,1513,0.1388
673,838,1511,0.1388
673,842,1515,0.1388
664,845,1509,0.1388
664,827,1491,0.1388
670,830,1500,0.1388
670,835,1505,0.1388
676,827,1503,0.1388
672,838,1510,0.1388
674,833,1507,0.1388
679,837,1516,0.1388
676,837,1513,0.1388
672,843,1515,0.1388
677,842,1519,0.1388
678,852,1530,0.1388
675,852,1527,0.1388
675,858,1533,0.1388
662,848,1510,0.1388
658,856,1514,0.1388
658,862,1520,0.1388
659,861,1520,0.1388
665,859,1524,0.1388
657,864,1521,0.1388
652,858,1510,0.1388
646,858,1504,0.1388
650,857,1507,0.1388
644,862,1506,0.1388
642,871,1513,0.1388
642,872,1514,0.1388
656,872,1528,0.1388
649,868,1517,0.1388
649,865,1514,0.1388
650,874,1524,0.1388
644,878,1522,0.1388
634,881,1515,0.1388
634,878,1512,0.1388
624,871,1495,0.1388
629,873,1502,0.1388
622,882,1504,0.1388
622,888,1510,0.1388
617,887,1504,0.1388
619,887,1506,0.1388
621,883,1504,0.1388
614,882,1496,0.1388
617,895,1512,0.1388
620,893,1513,0.1388
607,900,1507,0.1388
614,905,1519,0.1388
611,904,1515,0.1388
607,916,1523,0.1388
604,905,1509,0.1388
603,909,1512,0.1388
607,903,1510,0.1388
611,901,1512,0.1388
614,902,1516,0.1388
611,898,1509,0.1388
610,897,1507,0.1388
605,913,1518,0.1388
600,911,1511,0.1388
592,910,1502,0.1388
580,913,1493,0.1388
588,916,1504,0.1388
585,911,1496,0.1388
588,905,1493,0.1388
588,909,1497,0.1388
585,917,1502,0.1388
586,915,1501,0.1388
585,907,1492,0.1388
593,915,1508,0.1388
593,915,1508,0.1388
590,916,1506,0.1388
580,923,1503,0.1388
573,941,1514,0.1388
567,936,1503,0.1388
564,940,1504,0.1388
571,944,1515,0.1388
565,946,1511,0.1388
565,941,1506,0.1388
566,940,1506,0.1388
564,944,1508,0.1388
558,944,1502,0.1388
559,945,1504,0.1388
552,956,1508,0.1388
549,961,1510,0.1388
545,965,1510,0.1388
551,965,1516,0.1388
547,966,1513,0.1388
547,971,1518,0.1388
552,969,1521,0.1388
552,974,1526,0.1388
555,975,1530,0.1388
544,970,1514,0.1388
546,972,1518,0.1388
546,960,1506,0.1388
547,958,1505,0.1388
551,958,1509,0.1388
553,960,1513,0.1388
552,958,1510,0.1388
548,966,1514,0.1388
535,966,1501,0.1388
531,970,1501,0.1388
525,969,1494,0.1388
518,985,1503,0.1388
527,993,1520,0.1388
530,995,1525,0.1388
523,997,1520,0.1388
523,1000,1523,0.1388
527,985,1512,0.1388
523,973,1496,0.1388
519,975,1494,0.1388
525,966,1491,0.1388
523,962,1485,0.1388
518,964,1482,0.1388
524,963,1487,0.1388
517,972,1489,0.1388
520,986,1506,0.1388
523,983,1506,0.1388
523,984,1507,0.1388
532,983,1515,0.1388
533,990,1523,0.1388
536,989,1525,0.1388
524,991,1515,0.1388
525,988,1513,0.1388
515,988,1503,0.1388
508,981,1489,0.1388
509,982,1491,0.1388
505,990,1495,0.1388
515,1003,1518,0.1388
511,1000,1511,0.1388
514,995,1509,0.1388
508,998,1506,0.1388
512,993,1505,0.1388
510,997,1507,0.1388
514,993,1507,0.1388
518,988,1506,0.1388
515,984,1499,0.1388
511,990,1501,0.1388
511,996,1507,0.1388
508,997,1505,0.1388
502,1001,1503,0.1388
500,1000,1500,0.1388
505,1005,1510,0.1388
509,998,1507,0.1388
506,998,1504,0.1388
504,998,1502,0.1388
499,998,1497,0.1388
507,1005,1512,0.1388
513,997,1510,0.1388
507,996,1503,0.1388
503,1003,1506,0.1388
504,1005,1509,0.1388
507,999,1506,0.1388
500,1004,1504,0.1388
506,1002,1508,0.1388
507,995,1502,0.1388
497,1001,1498,0.1388
492,1021,1513,0.1388
487,1013,1500,0.1388
483,1022,1505,0.1388
480,1029,1509,0.1388
488,1025,1513,0.1388
483,1021,1504,0.1388
480,1033,1513,0.1388
488,1031,1519,0.1388
485,1040,1525,0.1388
486,1031,1517,0.1388
481,1037,1518,0.1388
482,1043,1525,0.1388
486,1040,1526,0.1388
482,1037,1519,0.1388
481,1039,1520,0.1388
481,1036,1517,0.1388
480,1049,1529,0.1388
477,1049,1526,0.1388
477,1048,1525,0.1388
477,1031,1508,0.1388
473,1037,1510,0.1388
471,1050,1521,0.1388
465,1056,1521,0.1388
464,1063,1527,0.1388
465,1056,1521,0.1388
467,1057,1524,0.1388
471,1050,1521,0.1388
461,1037,1498,0.1388
461,1049,1510,0.1388
460,1051,1511,0.1388
467,1056,1523,0.1388
462,1053,1515,0.1388
463,1048,1511,0.1388
460,1046,1506,0.1388
462,1049,1511,0.1388
458,1047,1505,0.1388
454,1049,1503,0.1388
451,1043,1494,0.1388
459,1040,1499,0.1388
455,1048,1503,0.1388
456,1048,1504,0.1388
463,1043,1506,0.1388
461,1050,1511,0.1388
455,1059,1514,0.1388
459,1065,1524,0.1388
453,1057,1510,0.1388
457,1056,1513,0.1388
460,1054,1514,0.1388
460,1058,1518,0.1388
455,1062,1517,0.1388
447,1060,1507,0.1388
448,1066,1514,0.1388
445,1068,1513,0.1388
440,1084,1524,0.1388
442,1067,1509,0.1388
437,1072,1509,0.1388
441,1068,1509,0.1388
445,1068,1513,0.1388
446,1068,1514,0.1388
455,1055,1510,0.1388
457,1051,1508,0.1388
457,1057,1514,0.1388
460,1058,1518,0.1388
467,1053,1520,0.1388
464,1053,1517,0.1388
465,1056,1521,0.1388
455,1068,1523,0.1388
453,1066,1519,0.1388
449,1066,1515,0.1388
447,1060,1507,0.1388
440,1065,1505,0.1388
440,1073,1513,0.1388
442,1078,1520,0.1388
440,1077,1517,0.1388
433,1083,1516,0.1388
426,1074,1500,0.1388
426,1079,1505,0.1388
414,1089,1503,0.1388
416,1098,1514,0.1388
416,1098,1514,0.1388
413,1094,1507,0.1388
415,1097,1512,0.1388
411,1088,1499,0.1388
415,1075,1490,0.1388
414,1069,1483,0.1388
403,1078,1481,0.1388
399,1094,1493,0.1388
408,1092,1500,0.1388
414,1090,1504,0.1388
408,1091,1499,0.1388
408,1101,1509,0.1388
404,1109,1513,0.1388
398,1111,1509,0.1388
392,1113,1505,0.1388
395,1119,1514,0.1388
399,1124,1523,0.1388
397,1132,1529,0.1388
391,1112,1503,0.1388
393,1113,1506,0.1388
400,1104,1504,0.1388
397,1106,1503,0.1388
401,1115,1516,0.1388
406,1123,1529,0.1388
403,1125,1528,0.1388
399,1127,1526,0.1388
405,1127,1532,0.1388
397,1119,1516,0.1388
395,1125,1520,0.1388
391,1130,1521,0.1388
390,1129,1519,0.1388
387,1134,1521,0.1388
390,1126,1516,0.1388
390,1117,1507,0.1388
387,1117,1504,0.1388
384,1111,1495,0.1388
379,1114,1493,0.1388
380,1118,1498,0.1388
379,1115,1494,0.1388
381,1117,1498,0.1388
380,1112,1492,0.1388
380,1119,1499,0.1388
385,1120,1505,0.1388
377,1133,1510,0.1388
362,1134,1496,0.1388
361,1139,1500,0.1388
365,1150,1515,0.1388
361,1151,1512,0.1388
362,1155,1517,0.1388
363,1159,1522,0.1388
366,1153,1519,0.1388
364,1150,1514,0.1388
369,1157,1526,0.1388
371,1141,1512,0.1388
374,1125,1499,0.1388
374,1130,1504,0.1388
367,1120,1487,0.1388
362,1131,1493,0.1388
364,1152,1516,0.1388
367,1153,1520,0.1388
366,1154,1520,0.1388
365,1146,1511,0.1388
360,1150,1510,0.1388
364,1150,1514,0.1388
366,1152,1518,0.1388
365,1138,1503,0.1388
372,1135,1507,0.1388
370,1142,1512,0.1388
373,1145,1518,0.1388
371,1143,1514,0.1388
372,1147,1519,0.1388
365,1150,1515,0.1388
364,1157,1521,0.1388
369,1152,1521,0.1388
372,1143,1515,0.1388
368,1135,1503,0.1388
367,1141,1508,0.1388
362,1140,1502,0.1388
364,1139,1503,0.1388
364,1126,1490,0.1388
358,1133,1491,0.1388
359,1144,1503,0.1388
363,1148,1511,0.1388
357,1150,1507,0.1388
363,1151,1514,0.1388
365,1154,1519,0.1388
363,1159,1522,0.1388
364,1166,1530,0.1388
363,1155,1518,0.1388
365,1156,1521,0.1388
363,1146,1509,0.1388
364,1149,1513,0.1388
365,1157,1522,0.1388
360,1148,1508,0.1388
364,1151,1515,0.1388
356,1153,1509,0.1388
353,1143,1496,0.1388
360,1144,1504,0.1388
363,1143,1506,0.1388
371,1161,1532,0.1388
363,1159,1522,0.1388
355,1154,1509,0.1388
362,1150,1512,0.1388
357,1148,1505,0.1388
360,1149,1509,0.1388
357,1157,1514,0.1388
350,1155,1505,0.1388
349,1155,1504,0.1388
344,1159,1503,0.1388
338,1163,1501,0.1388
340,1158,1498,0.1388
339,1170,1509,0.1388
337,1176,1513,0.1388
335,1173,1508,0.1388
333,1176,1509,0.1388
343,1173,1516,0.1388
347,1176,1523,0.1388
346,1181,1527,0.1388
341,1176,1517,0.1388
338,1169,1507,0.1388
336,1162,1498,0.1388
338,1169,1507,0.1388
333,1176,1509,0.1388
332,1165,1497,0.1388
333,1156,1489,0.1388
335,1166,1501,0.1388
331,1182,1513,0.1388
334,1183,1517,0.1388
327,1188,1515,0.1388
333,1193,1526,0.1388
325,1195,1520,0.1388
323,1180,1503,0.1388
317,1188,1505,0.1388
313,1197,1510,0.1388
311,1197,1508,0.1388
310,1192,1502,0.1388
307,1195,1502,0.1388
310,1201,1511,0.1388
305,1203,1508,0.1388
306,1207,1513,0.1388
302,1201,1503,0.1388
299,1205,1504,0.1388
299,1211,1510,0.1388
297,1212,1509,0.1388
291,1214,1505,0.1388
289,1219,1508,0.1388
287,1231,1518,0.1388
289,1220,1509,0.1388
287,1223,1510,0.1388
290,1232,1522,0.1388
288,1228,1516,0.1388
285,1213,1498,0.1388
282,1219,1501,0.1388
280,1226,1506,0.1388
275,1238,1513,0.1388
273,1246,1519,0.1388
273,1236,1509,0.1388
273,1235,1508,0.1388
273,1223,1496,0.1388
272,1246,1518,0.1388
275,1259,1534,0.1388
275,1245,1520,0.1388
276,1235,1511,0.1388
274,1228,1502,0.1388
271,1234,1505,0.1388
273,1227,1500,0.1388
268,1244,1512,0.1388
268,1244,1512,0.1388
266,1247,1513,0.1388
266,1240,1506,0.1388
261,1233,1494,0.1388
258,1238,1496,0.1388
265,1239,1504,0.1388
267,1237,1504,0.1388
265,1244,1509,0.1388
263,1256,1519,0.1388
263,1266,1529,0.1388
265,1247,1512,0.1388
263,1252,1515,0.1388
269,1268,1537,0.1388
265,1268,1533,0.1388
266,1250,1516,0.1388
269,1244,1513,0.1388
263,1238,1501,0.1388
263,1247,1510,0.1388
254,1250,1504,0.1388
255,1246,1501,0.1388
257,1253,1510,0.1388
257,1251,1508,0.1388
255,1249,1504,0.1388
254,1256,1510,0.1388
255,1265,1520,0.1388
252,1255,1507,0.1388
255,1267,1522,0.1388
259,1263,1522,0.1388
256,1268,1524,0.1388
252,1266,1518,0.1388
246,1262,1508,0.1388
246,1266,1512,0.1388
249,1258,1507,0.1388
247,1265,1512,0.1388
241,1265,1506,0.1388
242,1270,1512,0.1388
242,1274,1516,0.1388
239,1271,1510,0.1388
238,1277,1515,0.1388
237,1272,1509,0.1388
238,1269,1507,0.1388
242,1270,1512,0.1388
241,1270,1511,0.1388
242,1266,1508,0.1388
242,1277,1519,0.1388
239,1284,1523,0.1388
239,1288,1527,0.1388
244,1280,1524,0.1388
244,1283,1527,0.1388
241,1274,1515,0.1388
243,1273,1516,0.1388
239,1288,1527,0.1388
236,1278,1514,0.1388
237,1278,1515,0.1388
237,1279,1516,0.1388
237,1279,1516,0.1388
242,1274,1516,0.1388
233,1272,1505,0.1388
230,1271,1501,0.1388
229,1292,1521,0.1388
224,1284,1508,0.1388
226,1278,1504,0.1388
223,1267,1490,0.1388
223,1280,1503,0.1388
223,1293,1516,0.1388
224,1291,1515,0.1388
229,1284,1513,0.1388
228,1283,1511,0.1388
225,1291,1516,0.1388
225,1300,1525,0.1388
226,1285,1511,0.1388
226,1289,1515,0.1388
228,1282,1510,0.1388
224,1275,1499,0.1388
219,1280,1499,0.1388
218,1293,1511,0.1388
215,1295,1510,0.1388
215,1297,1512,0.1388
212,1299,1511,0.1388
216,1301,1517,0.1388
213,1299,1512,0.1388
210,1298,1508,0.1388
209,1313,1522,0.1388
210,1310,1520,0.1388
208,1318,1526,0.1388
207,1315,1522,0.1388
201,1323,1524,0.1388
198,1316,1514,0.1388
198,1327,1525,0.1388
192,1321,1513,0.1388
193,1310,1503,0.1388
196,1316,1512,0.1388
193,1312,1505,0.1388
194,1307,1501,0.1388
193,1315,1508,0.1388
193,1319,1512,0.1388
194,1319,1513,0.1388
194,1324,1518,0.1388
195,1319,1514,0.1388
194,1316,1510,0.1388
196,1320,1516,0.1388
195,1321,1516,0.1388
194,1308,1502,0.1388
196,1308,1504,0.1388
199,1308,1507,0.1388
196,1308,1504,0.1388
197,1304,1501,0.1388
195,1306,1501,0.1388
196,1320,1516,0.1388
191,1335,1526,0.1388
186,1335,1521,0.1388
185,1325,1510,0.1388
185,1328,1513,0.1388
186,1336,1522,0.1388
187,1328,1515,0.1388
186,1332,1518,0.1388
183,1337,1520,0.1388
183,1348,1531,0.1388
185,1351,1536,0.1388
177,1357,1534,0.1388
177,1349,1526,0.1388
172,1348,1520,0.1388
171,1348,1519,0.1388
168,1348,1516,0.1388
168,1336,1504,0.1388
168,1350,1518,0.1388
166,1348,1514,0.1388
169,1358,1527,0.1388
165,1348,1513,0.1388
163,1356,1519,0.1388
168,1360,1528,0.1388
170,1352,1522,0.1388
168,1344,1512,0.1388
167,1349,1516,0.1388
168,1352,1520,0.1388
168,1350,1518,0.1388
169,1348,1517,0.1388
172,1347,1519,0.1388
170,1343,1513,0.1388
168,1339,1507,0.1388
167,1353,1520,0.1388
169,1350,1519,0.1388
168,1341,1509,0.1388
162,1356,1518,0.1388
163,1359,1522,0.1388
161,1358,1519,0.1388
159,1361,1520,0.1388
159,1376,1535,0.1388
161,1376,1537,0.1388
161,1361,1522,0.1388
157,1358,1515,0.1388
157,1357,1514,0.1388
153,1368,1521,0.1388
157,1363,1520,0.1388
158,1365,1523,0.1388
159,1358,1517,0.1388
160,1362,1522,0.1388
155,1352,1507,0.1388
153,1358,1511,0.1388
159,1375,1534,0.1388
159,1367,1526,0.1388
160,1351,1511,0.1388
162,1352,1514,0.1388
155,1354,1509,0.1388
153,1360,1513,0.1388
154,1356,1510,0.1388
144,1350,1494,0.1388
148,1371,1519,0.1388
152,1366,1518,0.1388
153,1371,1524,0.1388
155,1375,1530,0.1388
159,1373,1532,0.1388
157,1371,1528,0.1388
155,1372,1527,0.1388
153,1377,1530,0.1388
149,1373,1522,0.1388
146,1381,1527,0.1388
150,1376,1526,0.1388
153,1375,1528,0.1388
150,1361,1511,0.1388
151,1372,1523,0.1388
151,1359,1510,0.1388
154,1369,1523,0.1388
158,1378,1536,0.1388
156,1368,1524,0.1388
154,1361,1515,0.1388
151,1350,1501,0.1388
148,1359,1507,0.1388
150,1350,1500,0.1388
148,1350,1498,0.1388
150,1358,1508,0.1388
148,1355,1503,0.1388
151,1362,1513,0.1388
144,1359,1503,0.1388
141,1374,1515,0.1388
139,1374,1513,0.1388
135,1366,1501,0.1388
136,1366,1502,0.1388
144,1372,1516,0.1388
142,1377,1519,0.1388
139,1375,1514,0.1388
141,1368,1509,0.1388
138,1366,1504,0.1388
139,1368,1507,0.1388
142,1372,1514,0.1388
140,1372,1512,0.1388
136,1379,1515,0.1388
134,1375,1509,0.1388
133,1373,1506,0.1388
130,1382,1512,0.1388
135,1379,1514,0.1388
138,1387,1525,0.1388
137,1387,1524,0.1388
134,1387,1521,0.1388
135,1391,1526,0.1388
133,1391,1524,0.1388
127,1389,1516,0.1388
126,1391,1517,0.1388
122,1392,1514,0.1388
119,1395,1514,0.1388
118,1387,1505,0.1388
120,1395,1515,0.1388
116,1390,1506,0.1388
115,1397,1512,0.1388
116,1400,1516,0.1388
112,1401,1513,0.1388
111,1401,1512,0.1388
113,1402,1515,0.1388
112,1413,1525,0.1388
109,1416,1525,0.1388
110,1406,1516,0.1388
111,1416,1527,0.1388
112,1407,1519,0.1388
113,1415,1528,0.1388
111,1404,1515,0.1388
110,1393,1503,0.1388
107,1396,1503,0.1388
106,1398,1504,0.1388
105,1393,1498,0.1388
106,1396,1502,0.1388
106,1407,1513,0.1388
106,1404,1510,0.1388
107,1404,1511,0.1388
107,1400,1507,0.1388
106,1412,1518,0.1388
106,1403,1509,0.1388
105,1401,1506,0.1388
104,1397,1501,0.1388
105,1395,1500,0.1388
107,1403,1510,0.1388
106,1414,1520,0.1388
106,1410,1516,0.1388
106,1409,1515,0.1388
102,1408,1510,0.1388
104,1404,1508,0.1388
102,1407,1509,0.1388
96,1416,1512,0.1388
95,1422,1517,0.1388
93,1416,1509,0.1388
96,1429,1525,0.1388
96,1429,1525,0.1388
95,1423,1518,0.1388
99,1422,1521,0.1388
100,1419,1519,0.1388
99,1426,1525,0.1388
96,1421,1517,0.1388
91,1415,1506,0.1388
95,1408,1503,0.1388
96,1411,1507,0.1388
95,1418,1513,0.1388
98,1397,1495,0.1388
101,1417,1518,0.1388
103,1424,1527,0.1388
100,1429,1529,0.1388
98,1434,1532,0.1388
97,1414,1511,0.1388
97,1413,1510,0.1388
98,1422,1520,0.1388
95,1422,1517,0.1388
91,1424,1515,0.1388
93,1432,1525,0.1388
91,1421,1512,0.1388
91,1422,1513,0.1388
92,1420,1512,0.1388
92,1421,1513,0.1388
92,1420,1512,0.1388
94,1419,1513,0.1388
95,1429,1524,0.1388
95,1435,1530,0.1388
94,1426,1520,0.1388
92,1418,1510,0.1388
92,1419,1511,0.1388
90,1434,1524,0.1388
89,1434,1523,0.1388
88,1426,1514,0.1388
84,1434,1518,0.1388
85,1439,1524,0.1388
84,1433,1517,0.1388
84,1429,1513,0.1388
86,1417,1503,0.1388
85,1425,1510,0.1388
82,1403,1485,0.1388
81,1413,1494,0.1388
84,1420,1504,0.1388
84,1428,1512,0.1388
87,1423,1510,0.1388
84,1417,1501,0.1388
85,1425,1510,0.1388
84,1429,1513,0.1388
82,1435,1517,0.1388
81,1421,1502,0.1388
77,1428,1505,0.1388
76,1428,1504,0.1388
76,1437,1513,0.1388
74,1435,1509,0.1388
74,1446,1520,0.1388
76,1443,1519,0.1388
75,1448,1523,0.1388
77,1446,1523,0.1388
78,1446,1524,0.1388
74,1444,1518,0.1388
76,1436,1512,0.1388
78,1436,1514,0.1388
78,1442,1520,0.1388
75,1448,1523,0.1388
75,1445,1520,0.1388
74,1452,1526,0.1388
77,1450,1527,0.1388
76,1438,1514,0.1388
76,1433,1509,0.1388
76,1438,1514,0.1388
75,1434,1509,0.1388
76,1426,1502,0.1388
78,1436,1514,0.1388
79,1447,1526,0.1388
79,1434,1513,0.1388
77,1439,1516,0.1388
76,1437,1513,0.1388
78,1436,1514,0.1388
75,1425,1500,0.1388
75,1436,1511,0.1388
73,1446,1519,0.1388
76,1431,1507,0.1388
75,1443,1518,0.1388
73,1452,1525,0.1388
72,1444,1516,0.1388
71,1440,1511,0.1388
69,1445,1514,0.1388
69,1431,1500,0.1388
69,1438,1507,0.1388
65,1435,1500,0.1388
69,1442,1511,0.1388
69,1439,1508,0.1388
69,1456,1525,0.1388
64,1450,1514,0.1388
65,1441,1506,0.1388
67,1435,1502,0.1388
65,1449,1514,0.1388
69,1455,1524,0.1388
69,1434,1503,0.1388
67,1434,1501,0.1388
67,1438,1505,0.1388
70,1446,1516,0.1388
73,1431,1504,0.1388
71,1435,1506,0.1388
70,1439,1509,0.1388
71,1444,1515,0.1388
67,1444,1511,0.1388
68,1461,1529,0.1388
70,1452,1522,0.1388
70,1459,1529,0.1388
67,1451,1518,0.1388
66,1432,1498,0.1388
63,1448,1511,0.1388
63,1450,1513,0.1388
63,1452,1515,0.1388
63,1461,1524,0.1388
64,1450,1514,0.1388
62,1453,1515,0.1388
62,1463,1525,0.1388
62,1459,1521,0.1388
59,1459,1518,0.1388
58,1447,1505,0.1388
56,1451,1507,0.1388
57,1451,1508,0.1388
58,1448,1506,0.1388
59,1452,1511,0.1388
58,1457,1515,0.1388
60,1451,1511,0.1388
58,1454,1512,0.1388
57,1447,1504,0.1388
62,1459,1521,0.1388
61,1452,1513,0.1388
61,1441,1502,0.1388
62,1455,1517,0.1388
60,1461,1521,0.1388
60,1452,1512,0.1388
58,1454,1512,0.1388
58,1465,1523,0.1388
56,1465,1521,0.1388
56,1462,1518,0.1388
56,1465,1521,0.1388
57,1468,1525,0.1388
57,1464,1521,0.1388
56,1468,1524,0.1388
54,1466,1520,0.1388
54,1487,1541,0.1388
54,1480,1534,0.1388
54,1479,1533,0.1388
54,1475,1529,0.1388
52,1472,1524,0.1388
52,1472,1524,0.1388
55,1463,1518,0.1388
54,1463,1517,0.1388
53,1458,1511,0.1388
54,1467,1521,0.1388
56,1472,1528,0.1388
56,1472,1528,0.1388
56,1468,1524,0.1388
53,1471,1524,0.1388
55,1467,1522,0.1388
55,1469,1524,0.1388
55,1475,1530,0.1388
58,1479,1537,0.1388
57,1473,1530,0.1388
58,1476,1534,0.1388
57,1470,1527,0.1388
56,1477,1533,0.1388
57,1478,1535,0.1388
57,1466,1523,0.1388
58,1463,1521,0.1388
59,1460,1519,0.1388
59,1462,1521,0.1388
61,1460,1521,0.1388
58,1463,1521,0.1388
60,1465,1525,0.1388
59,1462,1521,0.1388
56,1445,1501,0.1388
55,1456,1511,0.1388
53,1464,1517,0.1388
54,1473,1527,0.1388
55,1479,1534,0.1388
55,1475,1530,0.1388
55,1474,1529,0.1388
54,1482,1536,0.1388
55,1476,1531,0.1388
54,1467,1521,0.1388
54,1468,1522,0.1388
51,1466,1517,0.1388
49,1460,1509,0.1388
51,1474,1525,0.1388
51,1479,1530,0.1388
48,1480,1528,0.1388
47,1475,1522,0.1388
46,1470,1516,0.1388
45,1467,1512,0.1388
44,1457,1501,0.1388
42,1461,1503,0.1388
43,1464,1507,0.1388
45,1469,1514,0.1388
45,1467,1512,0.1388
47,1468,1515,0.1388
46,1475,1521,0.1388
45,1464,1509,0.1388
45,1468,1513,0.1388
45,1463,1508,0.1388
45,1473,1518,0.1388
44,1461,1505,0.1388
43,1467,1510,0.1388
42,1462,1504,0.1388
43,1457,1500,0.1388
46,1460,1506,0.1388
48,1468,1516,0.1388
47,1469,1516,0.1388
49,1470,1519,0.1388
49,1477,1526,0.1388
50,1470,1520,0.1388
49,1460,1509,0.1388
49,1465,1514,0.1388
46,1473,1519,0.1388
46,1464,1510,0.1388
45,1470,1515,0.1388
45,1464,1509,0.1388
43,1468,1511,0.1388
47,1474,1521,0.1388
47,1471,1518,0.1388
47,1482,1529,0.1388
47,1481,1528,0.1388
50,1472,1522,0.1388
51,1482,1533,0.1388
49,1482,1531,0.1388
50,1472,1522,0.1388
48,1467,1515,0.1388
48,1464,1512,0.1388
47,1467,1514,0.1388
48,1458,1506,0.1388
47,1460,1507,0.1388
49,1462,1511,0.1388
50,1482,1532,0.1388
49,1468,1517,0.1388
48,1480,1528,0.1388
49,1487,1536,0.1388
48,1480,1528,0.1388
47,1479,1526,0.1388
48,1477,1525,0.1388
49,1469,1518,0.1388
49,1475,1524,0.1388
48,1470,1518,0.1388
46,1471,1517,0.1388
46,1473,1519,0.1388
45,1469,1514,0.1388
44,1474,1518,0.1388
44,1477,1521,0.1388
44,1460,1504,0.1388
47,1459,1506,0.1388
46,1474,1520,0.1388
43,1485,1528,0.1388
44,1484,1528,0.1388
46,1477,1523,0.1388
45,1470,1515,0.1388
45,1460,1505,0.1388
43,1455,1498,0.1388
42,1459,1501,0.1388
43,1461,1504,0.1388
44,1459,1503,0.1388
44,1475,1519,0.1388
43,1476,1519,0.1388
43,1464,1507,0.1388
42,1463,1505,0.1388
43,1470,1513,0.1388
43,1472,1515,0.1388
43,1487,1530,0.1388
44,1488,1532,0.1388
43,1489,1532,0.1388
42,1488,1530,0.1388
42,1488,1530,0.1388
43,1478,1521,0.1388
42,1481,1523,0.1388
41,1475,1516,0.1388
40,1471,1511,0.1388
39,1466,1505,0.1388
40,1473,1513,0.1388
40,1482,1522,0.1388
40,1476,1516,0.1388
40,1484,1524,0.1388
41,1473,1514,0.1388
43,1473,1516,0.1388
43,1466,1509,0.1388
43,1475,1518,0.1388
42,1480,1522,0.1388
39,1481,1520,0.1388
40,1468,1508,0.1388
40,1481,1521,0.1388
41,1478,1519,0.1388
41,1484,1525,0.1388
41,1484,1525,0.1388
40,1476,1516,0.1388
42,1475,1517,0.1388
41,1469,1510,0.1388
41,1462,1503,0.1388
40,1474,1514,0.1388
39,1468,1507,0.1388
40,1469,1509,0.1388
37,1478,1515,0.1388
37,1483,1520,0.1388
38,1476,1514,0.1388
39,1478,1517,0.1388
39,1473,1512,0.1388
37,1477,1514,0.1388
37,1474,1511,0.1388
38,1478,1516,0.1388
38,1476,1514,0.1388
42,1484,1526,0.1388
41,1475,1516,0.1388
40,1472,1512,0.1388
40,1471,1511,0.1388
43,1459,1502,0.1388
42,1469,1511,0.1388
41,1472,1513,0.1388
40,1477,1517,0.1388
42,1471,1513,0.1388
41,1473,1514,0.1388
43,1475,1518,0.1388
39,1481,1520,0.1388
40,1476,1516,0.1388
40,1467,1507,0.1388
42,1483,1525,0.1388
40,1469,1509,0.1388
40,1466,1506,0.1388
41,1472,1513,0.1388
39,1465,1504,0.1388
39,1467,1506,0.1388
39,1473,1512,0.1388
37,1471,1508,0.1388
36,1484,1520,0.1388
36,1480,1516,0.1388
36,1487,1523,0.1388
38,1492,1530,0.1388
38,1476,1514,0.1388
36,1477,1513,0.1388
35,1485,1520,0.1388
38,1476,1514,0.1388
37,1490,1527,0.1388
37,1488,1525,0.1388
37,1485,1522,0.1388
36,1483,1519,0.1388
35,1462,1497,0.1388
34,1458,1492,0.1388
33,1463,1496,0.1388
30,1469,1499,0.1388
28,1481,1509,0.1388
28,1474,1502,0.1388
29,1482,1511,0.1388
29,1480,1509,0.1388
31,1475,1506,0.1388
30,1471,1501,0.1388
30,1478,1508,0.1388
32,1475,1507,0.1388
33,1483,1516,0.1388
32,1496,1528,0.1388
32,1493,1525,0.1388
34,1482,1516,0.1388
34,1479,1513,0.1388
33,1477,1510,0.1388
32,1488,1520,0.1388
33,1475,1508,0.1388
31,1479,1510,0.1388
32,1480,1512,0.1388
32,1484,1516,0.1388
31,1487,1518,0.1388
30,1484,1514,0.1388
27,1481,1508,0.1388
27,1468,1495,0.1388
28,1491,1519,0.1388
28,1499,1527,0.1388
29,1495,1524,0.1388
27,1482,1509,0.1388
26,1502,1528,0.1388
27,1483,1510,0.1388
25,1482,1507,0.1388
27,1483,1510,0.1388
26,1480,1506,0.1388
25,1487,1512,0.1388
25,1483,1508,0.1388
24,1500,1524,0.1388
26,1496,1522,0.1388
27,1490,1517,0.1388
27,1477,1504,0.1388
27,1482,1509,0.1388
27,1501,1528,0.1388
27,1506,1533,0.1388
27,1491,1518,0.1388
26,1491,1517,0.1388
27,1497,1524,0.1388
26,1496,1522,0.1388
25,1499,1524,0.1388
25,1483,1508,0.1388
25,1479,1504,0.1388
24,1482,1506,0.1388
26,1492,1518,0.1388
27,1487,1514,0.1388
27,1493,1520,0.1388
27,1485,1512,0.1388
27,1485,1512,0.1388
27,1490,1517,0.1388
28,1481,1509,0.1388
26,1488,1514,0.1388
26,1486,1512,0.1388
27,1484,1511,0.1388
27,1496,1523,0.1388
27,1482,1509,0.1388
27,1474,1501,0.1388
27,1475,1502,0.1388
28,1463,1491,0.1388
24,1474,1498,0.1388
25,1479,1504,0.1388
23,1482,1505,0.1388
24,1484,1508,0.1388
24,1498,1522,0.1388
24,1513,1537,0.1388
24,1508,1532,0.1388
25,1513,1538,0.1388
26,1504,1530,0.1388
25,1497,1522,0.1388
24,1494,1518,0.1388
23,1500,1523,0.1388
22,1498,1520,0.1388
24,1498,1522,0.1388
22,1494,1516,0.1388
21,1501,1522,0.1388
21,1510,1531,0.1388
21,1517,1538,0.1388
21,1517,1538,0.1388
21,1506,1527,0.1388
22,1509,1531,0.1388
21,1500,1521,0.1388
20,1492,1512,0.1388
21,1494,1515,0.1388
21,1494,1515,0.1388
20,1492,1512,0.1388
20,1492,1512,0.1388
19,1497,1516,0.1388
19,1499,1518,0.1388
19,1498,1517,0.1388
19,1508,1527,0.1388
20,1504,1524,0.1388
20,1497,1517,0.1388
20,1485,1505,0.1388
20,1493,1513,0.1388
19,1488,1507,0.1388
19,1492,1511,0.1388
19,1490,1509,0.1388
17,1476,1493,0.1388
17,1478,1495,0.1388
17,1495,1512,0.1388
16,1493,1509,0.1388
16,1497,1513,0.1388
16,1494,1510,0.1388
14,1514,1528,0.1388
14,1491,1505,0.1388
14,1483,1497,0.1388
13,1493,1506,0.1388
14,1494,1508,0.1388
13,1492,1505,0.1388
14,1496,1510,0.1388
13,1497,1510,0.1388
13,1503,1516,0.1388
12,1508,1520,0.1388
12,1522,1534,0.1388
12,1505,1517,0.1388
12,1505,1517,0.1388
12,1508,1520,0.1388
12,1501,1513,0.1388
12,1516,1528,0.1388
13,1516,1529,0.1388
13,1509,1522,0.1388
12,1514,1526,0.1388
12,1501,1513,0.1388
12,1492,1504,0.1388
12,1498,1510,0.1388
11,1509,1520,0.1388
10,1508,1518,0.1388
10,1521,1531,0.1388
10,1514,1524,0.1388
10,1518,1528,0.1388
10,1512,1522,0.1388
9,1511,1520,0.1388
10,1500,1510,0.1388
10,1508,1518,0.1388
9,1500,1509,0.1388
7,1519,1526,0.1388
7,1510,1517,0.1388
7,1497,1504,0.1388
7,1497,1504,0.1388
7,1497,1504,0.1388
8,1491,1499,0.1388
8,1512,1520,0.1388
10,1516,1526,0.1388
10,1522,1532,0.1388
10,1509,1519,0.1388
11,1497,1508,0.1388
12,1517,1529,0.1388
11,1510,1521,0.1388
11,1494,1505,0.1388
11,1499,1510,0.1388
12,1509,1521,0.1388
12,1500,1512,0.1388
12,1503,1515,0.1388
14,1487,1501,0.1388
13,1489,1502,0.1388
14,1493,1507,0.1388
14,1493,1507,0.1388
14,1501,1515,0.1388
15,1506,1521,0.1388
15,1500,1515,0.1388
15,1506,1521,0.1388
16,1498,1514,0.1388
16,1506,1522,0.1388
15,1497,1512,0.1388
16,1510,1526,0.1388
16,1503,1519,0.1388
15,1507,1522,0.1388
14,1504,1518,0.1388
14,1505,1519,0.1388
13,1502,1515,0.1388
14,1502,1516,0.1388
15,1507,1522,0.1388
14,1504,1518,0.1388
15,1500,1515,0.1388
16,1498,1514,0.1388
16,1495,1511,0.1388
15,1493,1508,0.1388
14,1498,1512,0.1388
14,1513,1527,0.1388
14,1505,1519,0.1388
12,1506,1518,0.1388
12,1508,1520,0.1388
12,1510,1522,0.1388
12,1499,1511,0.1388
11,1502,1513,0.1388
11,1509,1520,0.1388
12,1507,1519,0.1388
11,1499,1510,0.1388
11,1497,1508,0.1388
12,1497,1509,0.1388
13,1503,1516,0.1388
12,1489,1501,0.1388
11,1489,1500,0.1388
11,1496,1507,0.1388
11,1504,1515,0.1388
10,1499,1509,0.1388
11,1499,1510,0.1388
11,1503,1514,0.1388
11,1511,1522,0.1388
11,1516,1527,0.1388
10,1511,1521,0.1388
10,1512,1522,0.1388
7,1514,1521,0.1388
8,1512,1520,0.1388
8,1514,1522,0.1388
10,1512,1522,0.1388
8,1507,1515,0.1388
8,1495,1503,0.1388
9,1493,1502,0.1388
9,1489,1498,0.1388
9,1497,1506,0.1388
8,1489,1497,0.1388
8,1491,1499,0.1388
8,1496,1504,0.1388
8,1503,1511,0.1388
9,1516,1525,0.1388
9,1507,1516,0.1388
9,1499,1508,0.1388
10,1491,1501,0.1388
10,1501,1511,0.1388
10,1503,1513,0.1388
9,1515,1524,0.1388
10,1502,1512,0.1388
10,1510,1520,0.1388
10,1505,1515,0.1388
10,1504,1514,0.1388
10,1499,1509,0.1388
10,1513,1523,0.1388
9,1514,1523,0.1388
9,1514,1523,0.1388
9,1508,1517,0.1388
9,1504,1513,0.1388
8,1518,1526,0.1388
8,1506,1514,0.1388
7,1499,1506,0.1388
7,1504,1511,0.1388
7,1517,1524,0.1388
7,1503,1510,0.1388
7,1513,1520,0.1388
7,1509,1516,0.1388
7,1507,1514,0.1388
7,1506,1513,0.1388
7,1509,1516,0.1388
7,1509,1516,0.1388
7,1515,1522,0.1388
7,1516,1523,0.1388
7,1509,1516,0.1388
7,1497,1504,0.1388
7,1496,1503,0.1388
6,1499,1505,0.1388
6,1491,1497,0.1388
6,1511,1517,0.1388
5,1515,1520,0.1388
5,1514,1519,0.1388
5,1514,1519,0.1388
5,1509,1514,0.1388
5,1495,1500,0.1388
5,1485,1490,0.1388
5,1491,1496,0.1388
5,1487,1492,0.1388
5,1482,1487,0.1388
5,1489,1494,0.1388
5,1486,1491,0.1388
3,1499,1502,0.1388
3,1499,1502,0.1388
3,1494,1497,0.1388
3,1498,1501,0.1388
3,1498,1501,0.1388
3,1500,1503,0.1388
3,1495,1498,0.1388
3,1502,1505,0.1388
3,1504,1507,0.1388
3,1515,1518,0.1388
3,1512,1515,0.1388
3,1512,1515,0.1388
3,1506,1509,0.1388
3,1517,1520,0.1388
3,1514,1517,0.1388
3,1516,1519,0.1388
3,1510,1513,0.1388
3,1521,1524,0.1388
4,1527,1531,0.1388
4,1532,1536,0.1388
4,1523,1527,0.1388
6,1519,1525,0.1388
6,1508,1514,0.1388
6,1513,1519,0.1388
6,1514,1520,0.1388
5,1517,1522,0.1388
5,1517,1522,0.1388
5,1520,1525,0.1388
5,1516,1521,0.1388
4,1513,1517,0.1388
5,1505,1510,0.1388
5,1506,1511,0.1388
4,1504,1508,0.1388
4,1500,1504,0.1388
4,1498,1502,0.1388
4,1497,1501,0.1388
4,1521,1525,0.1388
4,1527,1531,0.1388
5,1522,1527,0.1388
5,1515,1520,0.1388
5,1510,1515,0.1388
5,1504,1509,0.1388
7,1504,1511,0.1388
6,1512,1518,0.1388
6,1502,1508,0.1388
6,1501,1507,0.1388
6,1508,1514,0.1388
6,1508,1514,0.1388
6,1506,1512,0.1388
6,1492,1498,0.1388
6,1502,1508,0.1388
6,1502,1508,0.1388
6,1523,1529,0.1388
6,1516,1522,0.1388
6,1507,1513,0.1388
7,1514,1521,0.1388
7,1505,1512,0.1388
8,1495,1503,0.1388
8,1504,1512,0.1388
9,1494,1503,0.1388
8,1505,1513,0.1388
8,1509,1517,0.1388
7,1497,1504,0.1388
8,1500,1508,0.1388
8,1520,1528,0.1388
8,1513,1521,0.1388
8,1513,1521,0.1388
8,1498,1506,0.1388
9,1495,1504,0.1388
7,1504,1511,0.1388
7,1502,1509,0.1388
7,1505,1512,0.1388
5,1503,1508,0.1388
6,1505,1511,0.1388
6,1510,1516,0.1388
6,1500,1506,0.1388
6,1495,1501,0.1388
6,1503,1509,0.1388
5,1505,1510,0.1388
6,1508,1514,0.1388
6,1504,1510,0.1388
6,1517,1523,0.1388
5,1508,1513,0.1388
5,1508,1513,0.1388
5,1515,1520,0.1388
5,1512,1517,0.1388
5,1516,1521,0.1388
5,1525,1530,0.1388
5,1525,1530,0.1388
5,1535,1540,0.1388
5,1531,1536,0.1388
4,1511,1515,0.1388
5,1518,1523,0.1388
5,1501,1506,0.1388
5,1527,1532,0.1388
5,1511,1516,0.1388
5,1503,1508,0.1388
5,1501,1506,0.1388
4,1499,1503,0.1388
4,1499,1503,0.1388
4,1492,1496,0.1388
4,1502,1506,0.1388
4,1517,1521,0.1388
3,1512,1515,0.1388
3,1509,1512,0.1388
3,1519,1522,0.1388
3,1520,1523,0.1388
3,1521,1524,0.1388
3,1516,1519,0.1388
3,1518,1521,0.1388
3,1513,1516,0.1388
3,1520,1523,0.1388
3,1520,1523,0.1388
3,1515,1518,0.1388
3,1518,1521,0.1388
3,1528,1531,0.1388
3,1524,1527,0.1388
3,1515,1518,0.1388
3,1515,1518,0.1388
3,1509,1512,0.1388
3,1506,1509,0.1388
3,1509,1512,0.1388
3,1510,1513,0.1388
3,1514,1517,0.1388
3,1508,1511,0.1388
3,1507,1510,0.1388
2,1504,1506,0.1388
2,1511,1513,0.1388
2,1525,1527,0.1388
2,1522,1524,0.1388
2,1518,1520,0.1388
2,1524,1526,0.1388
2,1522,1524,0.1388
2,1516,1518,0.1388
2,1524,1526,0.1388
2,1527,1529,0.1388
2,1520,1522,0.1388
2,1521,1523,0.1388
2,1513,1515,0.1388
2,1525,1527,0.1388
2,1517,1519,0.1388
2,1522,1524,0.1388
2,1520,1522,0.1388
2,1520,1522,0.1388
2,1519,1521,0.1388
2,1508,1510,0.1388
2,1522,1524,0.1388
2,1511,1513,0.1388
2,1507,1509,0.1388
2,1506,1508,0.1388
2,1504,1506,0.1388
2,1510,1512,0.1388
2,1508,1510,0.1388
2,1506,1508,0.1388
2,1496,1498,0.1388
2,1504,1506,0.1388
2,1526,1528,0.1388
2,1516,1518,0.1388
2,1509,1511,0.1388
2,1518,1520,0.1388
2,1518,1520,0.1388
2,1511,1513,0.1388
2,1513,1515,0.1388
2,1525,1527,0.1388
2,1511,1513,0.1388
2,1520,1522,0.1388
2,1507,1509,0.1388
2,1507,1509,0.1388
2,1510,1512,0.1388
2,1511,1513,0.1388
2,1503,1505,0.1388
2,1506,1508,0.1388
2,1502,1504,0.1388
2,1500,1502,0.1388
2,1501,1503,0.1388
2,1509,1511,0.1388
2,1513,1515,0.1388
2,1520,1522,0.1388
2,1523,1525,0.1388
2,1520,1522,0.1388
2,1512,1514,0.1388
2,1496,1498,0.1388
2,1511,1513,0.1388
2,1524,1526,0.1388
2,1513,1515,0.1388
2,1506,1508,0.1388
2,1513,1515,0.1388
2,1518,1520,0.1388
2,1513,1515,0.1388
2,1488,1490,0.1388
2,1502,1504,0.1388
2,1503,1505,0.1388
2,1497,1499,0.1388
2,1504,1506,0.1388
2,1502,1504,0.1388
2,1503,1505,0.1388
2,1499,1501,0.1388
2,1498,1500,0.1388
1,1514,1515,0.1388
1,1512,1513,0.1388
1,1507,1508,0.1388
1,1498,1499,0.1388
1,1506,1507,0.1388
1,1510,1511,0.1388
1,1522,1523,0.1388
1,1518,1519,0.1388
1,1503,1504,0.1388
1,1511,1512,0.1388
1,1504,1505,0.1388
1,1502,1503,0.1388
1,1515,1516,0.1388
1,1509,1510,0.1388
1,1497,1498,0.1388
1,1494,1495,0.1388
1,1520,1521,0.1388
1,1516,1517,0.1388
1,1518,1519,0.1388
1,1524,1525,0.1388
1,1521,1522,0.1388
1,1519,1520,0.1388
1,1500,1501,0.1388
2,1510,1512,0.1388
2,1517,1519,0.1388
2,1526,1528,0.1388
2,1498,1500,0.1388
2,1498,1500,0.1388
2,1509,1511,0.1388
2,1512,1514,0.1388
2,1514,1516,0.1388
1,1520,1521,0.1388
1,1509,1510,0.1388
1,1510,1511,0.1388
1,1508,1509,0.1388
1,1506,1507,0.1388
1,1512,1513,0.1388
1,1518,1519,0.1388
1,1512,1513,0.1388
1,1500,1501,0.1388
1,1509,1510,0.1388
1,1498,1499,0.1388
1,1504,1505,0.1388
1,1491,1492,0.1388
1,1512,1513,0.1388
1,1523,1524,0.1388
2,1516,1518,0.1388
1,1524,1525,0.1388
2,1517,1519,0.1388
2,1517,1519,0.1388
3,1519,1522,0.1388
3,1512,1515,0.1388
3,1512,1515,0.1388
4,1524,1528,0.1388
4,1516,1520,0.1388
4,1512,1516,0.1388
4,1512,1516,0.1388
2,1515,1517,0.1388
2,1522,1524,0.1388
2,1525,1527,0.1388
2,1530,1532,0.1388
2,1521,1523,0.1388
2,1514,1516,0.1388
2,1512,1514,0.1388
3,1527,1530,0.1388
3,1508,1511,0.1388
3,1517,1520,0.1388
3,1521,1524,0.1388
3,1524,1527,0.1388
3,1521,1524,0.1388
3,1511,1514,0.1388
4,1523,1527,0.1388
4,1516,1520,0.1388
4,1518,1522,0.1388
4,1502,1506,0.1388
4,1517,1521,0.1388
4,1512,1516,0.1388
4,1517,1521,0.1388
3,1521,1524,0.1388
3,1529,1532,0.1388
3,1535,1538,0.1388
3,1519,1522,0.1388
3,1499,1502,0.1388
3,1505,1508,0.1388
3,1512,1515,0.1388
2,1519,1521,0.1388
2,1507,1509,0.1388
2,1500,1502,0.1388
2,1508,1510,0.1388
2,1507,1509,0.1388
2,1504,1506,0.1388
2,1513,1515,0.1388
2,1516,1518,0.1388
2,1522,1524,0.1388
2,1528,1530,0.1388
2,1517,1519,0.1388
2,1512,1514,0.1388
2,1516,1518,0.1388
2,1525,1527,0.1388
2,1537,1539,0.1388
2,1529,1531,0.1388
2,1517,1519,0.1388
2,1515,1517,0.1388
2,1513,1515,0.1388
2,1510,1512,0.1388
2,1511,1513,0.1388
2,1505,1507,0.1388
2,1504,1506,0.1388
2,1509,1511,0.1388
2,1513,1515,0.1388
2,1521,1523,0.1388
2,1508,1510,0.1388
2,1515,1517,0.1388
2,1518,1520,0.1388
2,1524,1526,0.1388
2,1529,1531,0.1388
2,1522,1524,0.1388
2,1515,1517,0.1388
2,1515,1517,0.1388
3,1522,1525,0.1388
3,1514,1517,0.1388
3,1512,1515,0.1388
3,1510,1513,0.1388
4,1524,1528,0.1388
4,1521,1525,0.1388
4,1524,1528,0.1388
5,1514,1519,0.1388
5,1514,1519,0.1388
5,1515,1520,0.1388
5,1501,1506,0.1388
5,1500,1505,0.1388
5,1498,1503,0.1388
5,1506,1511,0.1388
5,1517,1522,0.1388
5,1509,1514,0.1388
5,1502,1507,0.1388
5,1503,1508,0.1388
5,1506,1511,0.1388
5,1510,1515,0.1388
5,1515,1520,0.1388
5,1510,1515,0.1388
5,1511,1516,0.1388
5,1524,1529,0.1388
5,1525,1530,0.1388
5,1513,1518,0.1388
5,1519,1524,0.1388
5,1531,1536,0.1388
5,1519,1524,0.1388
5,1506,1511,0.1388
5,1511,1516,0.1388
4,1504,1508,0.1388
4,1506,1510,0.1388
4,1511,1515,0.1388
4,1514,1518,0.1388
4,1513,1517,0.1388
4,1512,1516,0.1388
5,1508,1513,0.1388
5,1500,1505,0.1388
5,1505,1510,0.1388
5,1515,1520,0.1388
6,1515,1521,0.1388
6,1512,1518,0.1388
6,1511,1517,0.1388
6,1523,1529,0.1388
6,1516,1522,0.1388
6,1530,1536,0.1388
6,1520,1526,0.1388
6,1524,1530,0.1388
6,1534,1540,0.1388
5,1526,1531,0.1388
5,1521,1526,0.1388
4,1515,1519,0.1388
5,1520,1525,0.1388
5,1510,1515,0.1388
5,1521,1526,0.1388
4,1515,1519,0.1388
4,1509,1513,0.1388
5,1511,1516,0.1388
5,1506,1511,0.1388
5,1503,1508,0.1388
4,1490,1494,0.1388
4,1500,1504,0.1388
5,1507,1512,0.1388
5,1509,1514,0.1388
5,1509,1514,0.1388
5,1499,1504,0.1388
5,1501,1506,0.1388
5,1513,1518,0.1388
4,1519,1523,0.1388
4,1526,1530,0.1388
4,1524,1528,0.1388
4,1525,1529,0.1388
3,1521,1524,0.1388
3,1509,1512,0.1388
3,1493,1496,0.1388
3,1508,1511,0.1388
2,1521,1523,0.1388
2,1520,1522,0.1388
3,1518,1521,0.1388
3,1523,1526,0.1388
4,1513,1517,0.1388
4,1494,1498,0.1388
4,1505,1509,0.1388
4,1507,1511,0.1388
5,1512,1517,0.1388
5,1505,1510,0.1388
5,1512,1517,0.1388
5,1514,1519,0.1388
5,1516,1521,0.1388
6,1516,1522,0.1388
6,1518,1524,0.1388
6,1518,1524,0.1388
6,1503,1509,0.1388
7,1508,1515,0.1388
7,1525,1532,0.1388
7,1521,1528,0.1388
7,1525,1532,0.1388
7,1510,1517,0.1388
7,1506,1513,0.1388
8,1500,1508,0.1388
8,1494,1502,0.1388
7,1501,1508,0.1388
7,1495,1502,0.1388
7,1496,1503,0.1388
7,1505,1512,0.1388
6,1511,1517,0.1388
7,1512,1519,0.1388
7,1512,1519,0.1388
6,1515,1521,0.1388
6,1515,1521,0.1388
6,1512,1518,0.1388
6,1519,1525,0.1388
7,1515,1522,0.1388
6,1503,1509,0.1388
6,1517,1523,0.1388
7,1523,1530,0.1388
7,1524,1531,0.1388
7,1508,1515,0.1388
7,1499,1506,0.1388
7,1499,1506,0.1388
7,1523,1530,0.1388
7,1529,1536,0.1388
7,1523,1530,0.1388
7,1499,1506,0.1388
7,1500,1507,0.1388
7,1503,1510,0.1388
8,1503,1511,0.1388
8,1514,1522,0.1388
8,1505,1513,0.1388
8,1508,1516,0.1388
8,1514,1522,0.1388
8,1504,1512,0.1388
7,1500,1507,0.1388
8,1495,1503,0.1388
7,1498,1505,0.1388
7,1515,1522,0.1388
6,1508,1514,0.1388
6,1504,1510,0.1388
6,1517,1523,0.1388
6,1513,1519,0.1388
7,1505,1512,0.1388
7,1504,1511,0.1388
7,1513,1520,0.1388
7,1510,1517,0.1388
7,1510,1517,0.1388
7,1509,1516,0.1388
7,1519,1526,0.1388
7,1517,1524,0.1388
7,1509,1516,0.1388
7,1524,1531,0.1388
7,1516,1523,0.1388
8,1513,1521,0.1388
8,1508,1516,0.1388
8,1504,1512,0.1388
8,1493,1501,0.1388
10,1494,1504,0.1388
10,1494,1504,0.1388
9,1494,1503,0.1388
10,1507,1517,0.1388
10,1500,1510,0.1388
10,1509,1519,0.1388
9,1512,1521,0.1388
9,1498,1507,0.1388
9,1499,1508,0.1388
9,1513,1522,0.1388
9,1507,1516,0.1388
9,1500,1509,0.1388
9,1506,1515,0.1388
9,1513,1522,0.1388
8,1513,1521,0.1388
8,1503,1511,0.1388
9,1506,1515,0.1388
9,1498,1507,0.1388
9,1508,1517,0.1388
8,1510,1518,0.1388
9,1504,1513,0.1388
9,1500,1509,0.1388
9,1496,1505,0.1388
9,1496,1505,0.1388
8,1500,1508,0.1388
8,1502,1510,0.1388
7,1503,1510,0.1388
6,1504,1510,0.1388
7,1509,1516,0.1388
9,1506,1515,0.1388
9,1505,1514,0.1388
9,1511,1520,0.1388
11,1508,1519,0.1388
11,1506,1517,0.1388
11,1507,1518,0.1388
11,1514,1525,0.1388
11,1519,1530,0.1388
9,1527,1536,0.1388
9,1518,1527,0.1388
9,1519,1528,0.1388
9,1513,1522,0.1388
10,1520,1530,0.1388
9,1516,1525,0.1388
9,1520,1529,0.1388
9,1510,1519,0.1388
10,1497,1507,0.1388
11,1507,1518,0.1388
10,1505,1515,0.1388
9,1485,1494,0.1388
10,1497,1507,0.1388
11,1500,1511,0.1388
11,1502,1513,0.1388
11,1501,1512,0.1388
11,1505,1516,0.1388
12,1496,1508,0.1388
12,1512,1524,0.1388
12,1507,1519,0.1388
12,1499,1511,0.1388
12,1495,1507,0.1388
12,1498,1510,0.1388
12,1493,1505,0.1388
12,1505,1517,0.1388
10,1503,1513,0.1388
11,1501,1512,0.1388
11,1497,1508,0.1388
10,1497,1507,0.1388
10,1500,1510,0.1388
10,1501,1511,0.1388
10,1488,1498,0.1388
10,1493,1503,0.1388
10,1499,1509,0.1388
10,1502,1512,0.1388
11,1497,1508,0.1388
11,1509,1520,0.1388
11,1505,1516,0.1388
11,1493,1504,0.1388
11,1494,1505,0.1388
11,1499,1510,0.1388
10,1503,1513,0.1388
9,1508,1517,0.1388
10,1506,1516,0.1388
11,1502,1513,0.1388
11,1505,1516,0.1388
10,1499,1509,0.1388
10,1501,1511,0.1388
10,1508,1518,0.1388
9,1499,1508,0.1388
9,1496,1505,0.1388
9,1509,1518,0.1388
11,1498,1509,0.1388
10,1503,1513,0.1388
9,1503,1512,0.1388
9,1514,1523,0.1388
9,1514,1523,0.1388
9,1519,1528,0.1388
9,1517,1526,0.1388
8,1517,1525,0.1388
8,1517,1525,0.1388
8,1512,1520,0.1388
8,1530,1538,0.1388
8,1521,1529,0.1388
8,1514,1522,0.1388
8,1515,1523,0.1388
7,1507,1514,0.1388
7,1500,1507,0.1388
7,1515,1522,0.1388
7,1514,1521,0.1388
6,1505,1511,0.1388
8,1512,1520,0.1388
8,1516,1524,0.1388
7,1508,1515,0.1388
7,1503,1510,0.1388
8,1492,1500,0.1388
8,1489,1497,0.1388
8,1488,1496,0.1388
8,1503,1511,0.1388
8,1522,1530,0.1388
8,1505,1513,0.1388
8,1507,1515,0.1388
8,1507,1515,0.1388
8,1506,1514,0.1388
8,1499,1507,0.1388
8,1510,1518,0.1388
8,1508,1516,0.1388
8,1506,1514,0.1388
9,1500,1509,0.1388
10,1502,1512,0.1388
9,1503,1512,0.1388
9,1499,1508,0.1388
9,1520,1529,0.1388
9,1515,1524,0.1388
9,1515,1524,0.1388
9,1508,1517,0.1388
9,1506,1515,0.1388
8,1512,1520,0.1388
8,1516,1524,0.1388
8,1518,1526,0.1388
8,1517,1525,0.1388
6,1520,1526,0.1388
6,1521,1527,0.1388
7,1527,1534,0.1388
7,1513,1520,0.1388
7,1522,1529,0.1388
7,1504,1511,0.1388
6,1508,1514,0.1388
7,1501,1508,0.1388
7,1509,1516,0.1388
7,1521,1528,0.1388
6,1514,1520,0.1388
7,1509,1516,0.1388
7,1496,1503,0.1388
7,1502,1509,0.1388
7,1507,1514,0.1388
7,1507,1514,0.1388
9,1501,1510,0.1388
8,1501,1509,0.1388
9,1512,1521,0.1388
9,1520,1529,0.1388
8,1526,1534,0.1388
8,1507,1515,0.1388
7,1507,1514,0.1388
7,1527,1534,0.1388
7,1517,1524,0.1388
7,1500,1507,0.1388
7,1496,1503,0.1388
7,1511,1518,0.1388
7,1515,1522,0.1388
7,1518,1525,0.1388
7,1508,1515,0.1388
7,1514,1521,0.1388
8,1518,1526,0.1388
8,1510,1518,0.1388
8,1511,1519,0.1388
7,1526,1533,0.1388
7,1512,1519,0.1388
7,1490,1497,0.1388
7,1503,1510,0.1388
8,1498,1506,0.1388
8,1502,1510,0.1388
8,1500,1508,0.1388
6,1509,1515,0.1388
8,1520,1528,0.1388
8,1513,1521,0.1388
8,1523,1531,0.1388
8,1511,1519,0.1388
8,1509,1517,0.1388
8,1511,1519,0.1388
8,1514,1522,0.1388
8,1523,1531,0.1388
7,1517,1524,0.1388
7,1524,1531,0.1388
7,1525,1532,0.1388
7,1522,1529,0.1388
6,1510,1516,0.1388
6,1512,1518,0.1388
6,1515,1521,0.1388
6,1524,1530,0.1388
6,1520,1526,0.1388
6,1519,1525,0.1388
6,1523,1529,0.1388
6,1525,1531,0.1388
6,1519,1525,0.1388
6,1509,1515,0.1388
6,1498,1504,0.1388
6,1502,1508,0.1388
6,1514,1520,0.1388
5,1509,1514,0.1388
5,1505,1510,0.1388
5,1515,1520,0.1388
5,1519,1524,0.1388
5,1514,1519,0.1388
5,1503,1508,0.1388
5,1517,1522,0.1388
5,1521,1526,0.1388
5,1516,1521,0.1388
5,1511,1516,0.1388
5,1507,1512,0.1388
4,1507,1511,0.1388
3,1511,1514,0.1388
3,1502,1505,0.1388
3,1500,1503,0.1388
3,1509,1512,0.1388
3,1512,1515,0.1388
3,1500,1503,0.1388
3,1503,1506,0.1388
3,1492,1495,0.1388
3,1497,1500,0.1388
3,1498,1501,0.1388
3,1507,1510,0.1388
3,1513,1516,0.1388
3,1513,1516,0.1388
3,1519,1522,0.1388
3,1520,1523,0.1388
4,1521,1525,0.1388
4,1523,1527,0.1388
4,1518,1522,0.1388
4,1517,1521,0.1388
3,1518,1521,0.1388
3,1517,1520,0.1388
3,1515,1518,0.1388
3,1517,1520,0.1388
3,1511,1514,0.1388
3,1512,1515,0.1388
3,1528,1531,0.1388
3,1517,1520,0.1388
3,1530,1533,0.1388
3,1538,1541,0.1388
3,1523,1526,0.1388
3,1504,1507,0.1388
3,1504,1507,0.1388
3,1508,1511,0.1388
3,1514,1517,0.1388
3,1521,1524,0.1388
3,1532,1535,0.1388
3,1512,1515,0.1388
3,1516,1519,0.1388
3,1512,1515,0.1388
3,1511,1514,0.1388
3,1501,1504,0.1388
3,1516,1519,0.1388
3,1510,1513,0.1388
3,1516,1519,0.1388
3,1512,1515,0.1388
3,1508,1511,0.1388
3,1524,1527,0.1388
3,1505,1508,0.1388
4,1514,1518,0.1388
5,1521,1526,0.1388
5,1505,1510,0.1388
5,1512,1517,0.1388
5,1513,1518,0.1388
5,1523,1528,0.1388
5,1517,1522,0.1388
5,1521,1526,0.1388
5,1514,1519,0.1388
5,1520,1525,0.1388
5,1510,1515,0.1388
5,1511,1516,0.1388
5,1498,1503,0.1388
5,1500,1505,0.1388
5,1518,1523,0.1388
4,1507,1511,0.1388
4,1518,1522,0.1388
3,1517,1520,0.1388
3,1533,1536,0.1388
3,1527,1530,0.1388
3,1526,1529,0.1388
3,1514,1517,0.1388
3,1512,1515,0.1388
3,1510,1513,0.1388
3,1515,1518,0.1388
3,1522,1525,0.1388
3,1519,1522,0.1388
3,1525,1528,0.1388
3,1514,1517,0.1388
3,1513,1516,0.1388
3,1516,1519,0.1388
3,1502,1505,0.1388
3,1508,1511,0.1388
3,1507,1510,0.1388
3,1519,1522,0.1388
4,1512,1516,0.1388
4,1514,1518,0.1388
4,1521,1525,0.1388
4,1528,1532,0.1388
4,1510,1514,0.1388
4,1509,1513,0.1388
5,1507,1512,0.1388
5,1508,1513,0.1388
5,1524,1529,0.1388
5,1520,1525,0.1388
5,1515,1520,0.1388
5,1519,1524,0.1388
4,1525,1529,0.1388
4,1519,1523,0.1388
4,1528,1532,0.1388
4,1511,1515,0.1388
4,1516,1520,0.1388
4,1511,1515,0.1388
4,1503,1507,0.1388
4,1508,1512,0.1388
5,1514,1519,0.1388
5,1521,1526,0.1388
5,1529,1534,0.1388
4,1514,1518,0.1388
5,1512,1517,0.1388
5,1524,1529,0.1388
5,1522,1527,0.1388
5,1516,1521,0.1388
5,1523,1528,0.1388
5,1520,1525,0.1388
5,1518,1523,0.1388
5,1519,1524,0.1388
5,1509,1514,0.1388
5,1499,1504,0.1388
5,1503,1508,0.1388
5,1515,1520,0.1388
6,1522,1528,0.1388
6,1508,1514,0.1388
6,1519,1525,0.1388
5,1517,1522,0.1388
4,1532,1536,0.1388
4,1516,1520,0.1388
4,1520,1524,0.1388
4,1515,1519,0.1388
4,1516,1520,0.1388
4,1518,1522,0.1388
4,1511,1515,0.1388
4,1519,1523,0.1388
4,1518,1522,0.1388
4,1525,1529,0.1388
4,1511,1515,0.1388
4,1512,1516,0.1388
4,1515,1519,0.1388
4,1506,1510,0.1388
3,1513,1516,0.1388
3,1509,1512,0.1388
3,1510,1513,0.1388
3,1518,1521,0.1388
3,1512,1515,0.1388
3,1502,1505,0.1388
3,1511,1514,0.1388
2,1519,1521,0.1388
2,1534,1536,0.1388
2,1525,1527,0.1388
2,1528,1530,0.1388
2,1527,1529,0.1388
2,1515,1517,0.1388
2,1509,1511,0.1388
2,1509,1511,0.1388
2,1515,1517,0.1388
2,1514,1516,0.1388
2,1513,1515,0.1388
2,1518,1520,0.1388
2,1513,1515,0.1388
2,1515,1517,0.1388
2,1520,1522,0.1388
2,1517,1519,0.1388
1,1518,1519,0.1388
1,1514,1515,0.1388
1,1522,1523,0.1388
1,1506,1507,0.1388
1,1511,1512,0.1388
1,1501,1502,0.1388
1,1506,1507,0.1388
1,1510,1511,0.1388
1,1505,1506,0.1388
1,1503,1504,0.1388
1,1503,1504,0.1388
1,1497,1498,0.1388
1,1512,1513,0.1388
1,1510,1511,0.1388
1,1512,1513,0.1388
1,1510,1511,0.1388
1,1502,1503,0.1388
1,1502,1503,0.1388
1,1519,1520,0.1388
1,1519,1520,0.1388
1,1513,1514,0.1388
1,1513,1514,0.1388
1,1507,1508,0.1388
1,1518,1519,0.1388
1,1516,1517,0.1388
1,1507,1508,0.1388
1,1508,1509,0.1388
1,1514,1515,0.1388
0,1513,1513,0.1388
