1378,32,1410,0.1388
1394,34,1428,0.1388
1427,37,1464,0.1388
1435,38,1473,0.1388
1439,37,1476,0.1388
1445,39,1484,0.1388
1445,39,1484,0.1388
1453,39,1492,0.1388
1455,39,1494,0.1388
1440,40,1480,0.1388
1442,40,1482,0.1388
1443,41,1484,0.1388
1445,43,1488,0.1388
1444,45,1489,0.1388
1437,45,1482,0.1388
1428,45,1473,0.1388
1431,43,1474,0.1388
1437,43,1480,0.1388
1446,42,1488,0.1388
1446,42,1488,0.1388
1446,45,1491,0.1388
1444,45,1489,0.1388
1442,46,1488,0.1388
1443,46,1489,0.1388
1431,49,1480,0.1388
1427,51,1478,0.1388
1427,50,1477,0.1388
1433,50,1483,0.1388
1443,50,1493,0.1388
1429,53,1482,0.1388
1439,54,1493,0.1388
1442,53,1495,0.1388
1447,51,1498,0.1388
1448,50,1498,0.1388
1450,49,1499,0.1388
1440,45,1485,0.1388
1425,48,1473,0.1388
1426,49,1475,0.1388
1418,48,1466,0.1388
1440,49,1489,0.1388
1449,48,1497,0.1388
1446,50,1496,0.1388
1447,51,1498,0.1388
1430,50,1480,0.1388
1448,50,1498,0.1388
1437,52,1489,0.1388
1442,54,1496,0.1388
1439,56,1495,0.1388
1433,59,1492,0.1388
1439,58,1497,0.1388
1433,59,1492,0.1388
1431,56,1487,0.1388
1433,53,1486,0.1388
1444,52,1496,0.1388
1438,52,1490,0.1388
1447,54,1501,0.1388
1448,54,1502,0.1388
1442,55,1497,0.1388
1457,55,1512,0.1388
1438,53,1491,0.1388
1439,53,1492,0.1388
1443,54,1497,0.1388
1447,56,1503,0.1388
1447,56,1503,0.1388
1440,56,1496,0.1388
1450,59,1509,0.1388
1445,58,1503,0.1388
1445,54,1499,0.1388
1447,52,1499,0.1388
1450,53,1503,0.1388
1446,53,1499,0.1388
1447,54,1501,0.1388
1453,56,1509,0.1388
1448,54,1502,0.1388
1439,54,1493,0.1388
1430,56,1486,0.1388
1429,57,1486,0.1388
1420,58,1478,0.1388
1416,58,1474,0.1388
1429,59,1488,0.1388
1438,56,1494,0.1388
1446,60,1506,0.1388
1444,60,1504,0.1388
1433,61,1494,0.1388
1439,61,1500,0.1388
1449,61,1510,0.1388
1443,66,1509,0.1388
1439,62,1501,0.1388
1444,65,1509,0.1388
1425,66,1491,0.1388
1430,65,1495,0.1388
1431,66,1497,0.1388
1426,67,1493,0.1388
1436,66,1502,0.1388
1421,64,1485,0.1388
1419,66,1485,0.1388
1416,66,1482,0.1388
1407,65,1472,0.1388
1431,62,1493,0.1388
1417,62,1479,0.1388
1406,63,1469,0.1388
1410,58,1468,0.1388
1413,60,1473,0.1388
1406,60,1466,0.1388
1414,61,1475,0.1388
1401,62,1463,0.1388
1435,59,1494,0.1388
1425,63,1488,0.1388
1431,62,1493,0.1388
1438,59,1497,0.1388
1451,61,1512,0.1388
1446,61,1507,0.1388
1448,60,1508,0.1388
1435,66,1501,0.1388
1439,64,1503,0.1388
1433,66,1499,0.1388
1442,69,1511,0.1388
1436,67,1503,0.1388
1431,70,1501,0.1388
1432,73,1505,0.1388
1434,76,1510,0.1388
1431,74,1505,0.1388
1416,75,1491,0.1388
1411,74,1485,0.1388
1421,72,1493,0.1388
1417,73,1490,0.1388
1422,75,1497,0.1388
1417,78,1495,0.1388
1403,79,1482,0.1388
1414,80,1494,0.1388
1433,81,1514,0.1388
1416,81,1497,0.1388
1423,77,1500,0.1388
1416,76,1492,0.1388
1406,78,1484,0.1388
1394,80,1474,0.1388
1377,79,1456,0.1388
1394,80,1474,0.1388
1403,84,1487,0.1388
1405,83,1488,0.1388
1414,80,1494,0.1388
1405,78,1483,0.1388
1415,83,1498,0.1388
1409,80,1489,0.1388
1420,86,1506,0.1388
1428,84,1512,0.1388
1411,83,1494,0.1388
1393,84,1477,0.1388
1396,85,1481,0.1388
1407,85,1492,0.1388
1423,84,1507,0.1388
1410,84,1494,0.1388
1410,83,1493,0.1388
1415,83,1498,0.1388
1406,82,1488,0.1388
1402,82,1484,0.1388
1391,79,1470,0.1388
1393,81,1474,0.1388
1395,85,1480,0.1388
1384,83,1467,0.1388
1390,86,1476,0.1388
1393,90,1483,0.1388
1413,88,1501,0.1388
1411,89,1500,0.1388
1409,88,1497,0.1388
1410,90,1500,0.1388
1398,93,1491,0.1388
1395,91,1486,0.1388
1393,92,1485,0.1388
1393,93,1486,0.1388
1395,91,1486,0.1388
1394,93,1487,0.1388
1382,93,1475,0.1388
1388,93,1481,0.1388
1395,99,1494,0.1388
1406,98,1504,0.1388
1413,98,1511,0.1388
1395,98,1493,0.1388
1391,100,1491,0.1388
1391,100,1491,0.1388
1399,100,1499,0.1388
1391,100,1491,0.1388
1392,103,1495,0.1388
1390,104,1494,0.1388
1396,102,1498,0.1388
1394,105,1499,0.1388
1384,104,1488,0.1388
1379,103,1482,0.1388
1383,104,1487,0.1388
1387,102,1489,0.1388
1384,101,1485,0.1388
1372,102,1474,0.1388
1384,101,1485,0.1388
1384,102,1486,0.1388
1379,99,1478,0.1388
1383,110,1493,0.1388
1375,108,1483,0.1388
1390,108,1498,0.1388
1393,111,1504,0.1388
1384,108,1492,0.1388
1377,106,1483,0.1388
1386,111,1497,0.1388
1389,112,1501,0.1388
1388,113,1501,0.1388
1380,116,1496,0.1388
1387,117,1504,0.1388
1385,117,1502,0.1388
1396,107,1503,0.1388
1400,109,1509,0.1388
1393,113,1506,0.1388
1390,112,1502,0.1388
1388,113,1501,0.1388
1387,109,1496,0.1388
1385,112,1497,0.1388
1382,113,1495,0.1388
1379,116,1495,0.1388
1388,117,1505,0.1388
1385,117,1502,0.1388
1399,112,1511,0.1388
1397,115,1512,0.1388
1395,117,1512,0.1388
1394,114,1508,0.1388
1386,115,1501,0.1388
1387,113,1500,0.1388
1385,115,1500,0.1388
1382,120,1502,0.1388
1374,117,1491,0.1388
1372,115,1487,0.1388
1376,117,1493,0.1388
1375,118,1493,0.1388
1372,116,1488,0.1388
1376,118,1494,0.1388
1376,120,1496,0.1388
1374,120,1494,0.1388
1375,119,1494,0.1388
1365,118,1483,0.1388
1370,116,1486,0.1388
1374,115,1489,0.1388
1373,120,1493,0.1388
1369,122,1491,0.1388
1371,123,1494,0.1388
1378,126,1504,0.1388
1381,123,1504,0.1388
1378,122,1500,0.1388
1380,124,1504,0.1388
1368,122,1490,0.1388
1371,123,1494,0.1388
1384,126,1510,0.1388
1387,126,1513,0.1388
1376,127,1503,0.1388
1378,126,1504,0.1388
1375,125,1500,0.1388
1378,121,1499,0.1388
1380,120,1500,0.1388
1377,120,1497,0.1388
1383,120,1503,0.1388
1394,122,1516,0.1388
1381,123,1504,0.1388
1380,120,1500,0.1388
1382,123,1505,0.1388
1376,122,1498,0.1388
1375,121,1496,0.1388
1367,120,1487,0.1388
1383,119,1502,0.1388
1370,118,1488,0.1388
1361,119,1480,0.1388
1359,116,1475,0.1388
1364,119,1483,0.1388
1381,119,1500,0.1388
1378,118,1496,0.1388
1387,119,1506,0.1388
1377,121,1498,0.1388
1369,119,1488,0.1388
1369,122,1491,0.1388
1370,125,1495,0.1388
1376,123,1499,0.1388
1379,122,1501,0.1388
1400,122,1522,0.1388
1393,120,1513,0.1388
1387,120,1507,0.1388
1386,120,1506,0.1388
1385,119,1504,0.1388
1383,119,1502,0.1388
1367,119,1486,0.1388
1373,117,1490,0.1388
1366,115,1481,0.1388
1357,118,1475,0.1388
1360,120,1480,0.1388
1370,119,1489,0.1388
1380,121,1501,0.1388
1375,122,1497,0.1388
1373,120,1493,0.1388
1372,117,1489,0.1388
1372,123,1495,0.1388
1378,122,1500,0.1388
1375,127,1502,0.1388
1372,123,1495,0.1388
1384,120,1504,0.1388
1376,119,1495,0.1388
1371,120,1491,0.1388
1378,117,1495,0.1388
1377,118,1495,0.1388
1375,114,1489,0.1388
1373,113,1486,0.1388
1376,113,1489,0.1388
1365,114,1479,0.1388
1374,114,1488,0.1388
1368,114,1482,0.1388
1374,112,1486,0.1388
1370,113,1483,0.1388
1340,117,1457,0.1388
1349,117,1466,0.1388
1375,118,1493,0.1388
1378,114,1492,0.1388
1372,115,1487,0.1388
1369,120,1489,0.1388
1379,126,1505,0.1388
1375,126,1501,0.1388
1378,126,1504,0.1388
1372,131,1503,0.1388
1373,134,1507,0.1388
1361,136,1497,0.1388
1356,137,1493,0.1388
1359,139,1498,0.1388
1365,138,1503,0.1388
1375,139,1514,0.1388
1365,139,1504,0.1388
1371,135,1506,0.1388
1368,135,1503,0.1388
1352,134,1486,0.1388
1340,135,1475,0.1388
1355,136,1491,0.1388
1344,132,1476,0.1388
1342,128,1470,0.1388
1333,131,1464,0.1388
1343,131,1474,0.1388
1338,132,1470,0.1388
1357,135,1492,0.1388
1345,137,1482,0.1388
1353,137,1490,0.1388
1363,139,1502,0.1388
1364,137,1501,0.1388
1344,142,1486,0.1388
1343,139,1482,0.1388
1355,139,1494,0.1388
1348,139,1487,0.1388
1358,139,1497,0.1388
1334,139,1473,0.1388
1340,141,1481,0.1388
1352,145,1497,0.1388
1356,144,1500,0.1388
1352,140,1492,0.1388
1350,144,1494,0.1388
1353,146,1499,0.1388
1347,150,1497,0.1388
1348,152,1500,0.1388
1350,150,1500,0.1388
1360,150,1510,0.1388
1347,151,1498,0.1388
1352,150,1502,0.1388
1342,152,1494,0.1388
1338,151,1489,0.1388
1337,152,1489,0.1388
1360,156,1516,0.1388
1363,156,1519,0.1388
1359,154,1513,0.1388
1351,154,1505,0.1388
1349,150,1499,0.1388
1350,153,1503,0.1388
1349,153,1502,0.1388
1348,154,1502,0.1388
1342,158,1500,0.1388
1336,157,1493,0.1388
1336,159,1495,0.1388
1333,159,1492,0.1388
1347,159,1506,0.1388
1344,158,1502,0.1388
1342,159,1501,0.1388
1338,161,1499,0.1388
1331,162,1493,0.1388
1330,163,1493,0.1388
1328,167,1495,0.1388
1317,167,1484,0.1388
1310,171,1481,0.1388
1308,168,1476,0.1388
1304,171,1475,0.1388
1325,174,1499,0.1388
1322,172,1494,0.1388
1317,174,1491,0.1388
1323,181,1504,0.1388
1314,181,1495,0.1388
1314,182,1496,0.1388
1304,177,1481,0.1388
1312,182,1494,0.1388
1306,184,1490,0.1388
1315,186,1501,0.1388
1328,188,1516,0.1388
1330,186,1516,0.1388
1332,186,1518,0.1388
1327,184,1511,0.1388
1331,184,1515,0.1388
1330,183,1513,0.1388
1339,180,1519,0.1388
1341,180,1521,0.1388
1326,187,1513,0.1388
1330,188,1518,0.1388
1318,189,1507,0.1388
1321,187,1508,0.1388
1316,189,1505,0.1388
1321,186,1507,0.1388
1313,188,1501,0.1388
1310,189,1499,0.1388
1305,192,1497,0.1388
1301,188,1489,0.1388
1298,190,1488,0.1388
1309,194,1503,0.1388
1316,195,1511,0.1388
1323,192,1515,0.1388
1311,189,1500,0.1388
1296,193,1489,0.1388
1297,198,1495,0.1388
1294,194,1488,0.1388
1298,197,1495,0.1388
1299,196,1495,0.1388
1293,197,1490,0.1388
1292,195,1487,0.1388
1296,196,1492,0.1388
1300,198,1498,0.1388
1296,193,1489,0.1388
1301,192,1493,0.1388
1299,195,1494,0.1388
1314,196,1510,0.1388
1302,198,1500,0.1388
1299,201,1500,0.1388
1304,202,1506,0.1388
1311,202,1513,0.1388
1304,201,1505,0.1388
1304,196,1500,0.1388
1314,200,1514,0.1388
1322,203,1525,0.1388
1314,202,1516,0.1388
1321,196,1517,0.1388
1321,198,1519,0.1388
1315,193,1508,0.1388
1299,193,1492,0.1388
1289,189,1478,0.1388
1287,191,1478,0.1388
1286,195,1481,0.1388
1282,202,1484,0.1388
1292,207,1499,0.1388
1302,206,1508,0.1388
1314,209,1523,0.1388
1310,205,1515,0.1388
1315,206,1521,0.1388
1302,213,1515,0.1388
1300,213,1513,0.1388
1293,214,1507,0.1388
1281,213,1494,0.1388
1282,212,1494,0.1388
1291,213,1504,0.1388
1291,216,1507,0.1388
1302,215,1517,0.1388
1291,218,1509,0.1388
1273,215,1488,0.1388
1267,217,1484,0.1388
1266,218,1484,0.1388
1280,211,1491,0.1388
1269,213,1482,0.1388
1273,216,1489,0.1388
1266,220,1486,0.1388
1272,220,1492,0.1388
1278,228,1506,0.1388
1273,230,1503,0.1388
1272,227,1499,0.1388
1262,230,1492,0.1388
1267,236,1503,0.1388
1267,239,1506,0.1388
1269,243,1512,0.1388
1261,241,1502,0.1388
1265,238,1503,0.1388
1266,237,1503,0.1388
1261,240,1501,0.1388
1253,238,1491,0.1388
1238,237,1475,0.1388
1249,240,1489,0.1388
1244,239,1483,0.1388
1256,240,1496,0.1388
1252,237,1489,0.1388
1255,236,1491,0.1388
1249,239,1488,0.1388
1263,243,1506,0.1388
1263,243,1506,0.1388
1254,243,1497,0.1388
1259,238,1497,0.1388
1260,235,1495,0.1388
1264,234,1498,0.1388
1263,236,1499,0.1388
1264,230,1494,0.1388
1255,234,1489,0.1388
1263,231,1494,0.1388
1260,238,1498,0.1388
1261,241,1502,0.1388
1258,240,1498,0.1388
1258,243,1501,0.1388
1256,242,1498,0.1388
1239,244,1483,0.1388
1234,241,1475,0.1388
1246,244,1490,0.1388
1255,242,1497,0.1388
1265,240,1505,0.1388
1255,239,1494,0.1388
1261,242,1503,0.1388
1262,239,1501,0.1388
1262,238,1500,0.1388
1265,236,1501,0.1388
1262,236,1498,0.1388
1261,242,1503,0.1388
1255,247,1502,0.1388
1263,242,1505,0.1388
1257,243,1500,0.1388
1263,246,1509,0.1388
1261,244,1505,0.1388
1261,247,1508,0.1388
1256,243,1499,0.1388
1246,245,1491,0.1388
1243,252,1495,0.1388
1252,252,1504,0.1388
1266,252,1518,0.1388
1253,252,1505,0.1388
1249,249,1498,0.1388
1242,248,1490,0.1388
1235,252,1487,0.1388
1233,256,1489,0.1388
1247,256,1503,0.1388
1243,262,1505,0.1388
1237,265,1502,0.1388
1236,261,1497,0.1388
1222,259,1481,0.1388
1235,268,1503,0.1388
1234,274,1508,0.1388
1235,267,1502,0.1388
1233,272,1505,0.1388
1232,280,1512,0.1388
1234,278,1512,0.1388
1224,275,1499,0.1388
1222,281,1503,0.1388
1223,281,1504,0.1388
1229,285,1514,0.1388
1220,291,1511,0.1388
1218,292,1510,0.1388
1218,291,1509,0.1388
1191,292,1483,0.1388
1202,290,1492,0.1388
1204,289,1493,0.1388
1195,290,1485,0.1388
1195,294,1489,0.1388
1216,297,1513,0.1388
1215,301,1516,0.1388
1213,302,1515,0.1388
1205,298,1503,0.1388
1195,301,1496,0.1388
1196,303,1499,0.1388
1199,309,1508,0.1388
1194,314,1508,0.1388
1191,316,1507,0.1388
1188,318,1506,0.1388
1193,318,1511,0.1388
1187,320,1507,0.1388
1176,318,1494,0.1388
1173,316,1489,0.1388
1188,316,1504,0.1388
1176,316,1492,0.1388
1184,318,1502,0.1388
1180,318,1498,0.1388
1183,320,1503,0.1388
1187,320,1507,0.1388
1185,323,1508,0.1388
1184,325,1509,0.1388
1179,325,1504,0.1388
1167,329,1496,0.1388
1180,332,1512,0.1388
1177,337,1514,0.1388
1175,343,1518,0.1388
1163,342,1505,0.1388
1150,339,1489,0.1388
1151,341,1492,0.1388
1137,346,1483,0.1388
1138,340,1478,0.1388
1143,344,1487,0.1388
1150,336,1486,0.1388
1153,346,1499,0.1388
1149,348,1497,0.1388
1155,346,1501,0.1388
1147,342,1489,0.1388
1158,350,1508,0.1388
1154,349,1503,0.1388
1159,347,1506,0.1388
1150,344,1494,0.1388
1152,334,1486,0.1388
1145,342,1487,0.1388
1143,347,1490,0.1388
1154,349,1503,0.1388
1149,346,1495,0.1388
1149,346,1495,0.1388
1144,354,1498,0.1388
1151,355,1506,0.1388
1146,353,1499,0.1388
1150,353,1503,0.1388
1150,344,1494,0.1388
1151,352,1503,0.1388
1155,359,1514,0.1388
1155,365,1520,0.1388
1146,361,1507,0.1388
1134,363,1497,0.1388
1136,374,1510,0.1388
1136,370,1506,0.1388
1125,366,1491,0.1388
1125,366,1491,0.1388
1131,372,1503,0.1388
1120,377,1497,0.1388
1120,372,1492,0.1388
1115,386,1501,0.1388
1123,381,1504,0.1388
1125,382,1507,0.1388
1110,384,1494,0.1388
1108,385,1493,0.1388
1110,381,1491,0.1388
1111,377,1488,0.1388
1103,379,1482,0.1388
1115,381,1496,0.1388
1114,381,1495,0.1388
1113,384,1497,0.1388
1116,391,1507,0.1388
1113,388,1501,0.1388
1114,390,1504,0.1388
1116,385,1501,0.1388
1105,384,1489,0.1388
1102,384,1486,0.1388
1108,385,1493,0.1388
1103,385,1488,0.1388
1105,384,1489,0.1388
1109,383,1492,0.1388
1114,382,1496,0.1388
1113,379,1492,0.1388
1120,379,1499,0.1388
1117,376,1493,0.1388
1101,386,1487,0.1388
1109,389,1498,0.1388
1105,392,1497,0.1388
1113,391,1504,0.1388
1107,392,1499,0.1388
1101,393,1494,0.1388
1099,399,1498,0.1388
1095,395,1490,0.1388
1113,392,1505,0.1388
1107,394,1501,0.1388
1121,399,1520,0.1388
1111,398,1509,0.1388
1120,403,1523,0.1388
1107,402,1509,0.1388
1111,393,1504,0.1388
1111,391,1502,0.1388
1111,393,1504,0.1388
1118,392,1510,0.1388
1103,386,1489,0.1388
1103,392,1495,0.1388
1104,393,1497,0.1388
1092,390,1482,0.1388
1095,404,1499,0.1388
1107,403,1510,0.1388
1111,404,1515,0.1388
1105,404,1509,0.1388
1090,401,1491,0.1388
1078,405,1483,0.1388
1068,409,1477,0.1388
1071,408,1479,0.1388
1085,403,1488,0.1388
1080,402,1482,0.1388
1086,404,1490,0.1388
1093,406,1499,0.1388
1095,415,1510,0.1388
1092,413,1505,0.1388
1093,408,1501,0.1388
1096,403,1499,0.1388
1097,404,1501,0.1388
1098,409,1507,0.1388
1093,410,1503,0.1388
1097,415,1512,0.1388
1106,423,1529,0.1388
1106,424,1530,0.1388
1107,419,1526,0.1388
1116,415,1531,0.1388
1099,411,1510,0.1388
1107,413,1520,0.1388
1111,414,1525,0.1388
1106,411,1517,0.1388
1116,411,1527,0.1388
1121,408,1529,0.1388
1133,400,1533,0.1388
1114,399,1513,0.1388
1116,394,1510,0.1388
1118,399,1517,0.1388
1120,396,1516,0.1388
1126,388,1514,0.1388
1118,399,1517,0.1388
1107,398,1505,0.1388
1093,394,1487,0.1388
1074,403,1477,0.1388
1074,408,1482,0.1388
1074,404,1478,0.1388
1078,405,1483,0.1388
1081,400,1481,0.1388
1086,399,1485,0.1388
1081,403,1484,0.1388
1081,402,1483,0.1388
1086,413,1499,0.1388
1085,414,1499,0.1388
1073,416,1489,0.1388
1078,422,1500,0.1388
1086,413,1499,0.1388
1078,418,1496,0.1388
1075,421,1496,0.1388
1074,422,1496,0.1388
1079,424,1503,0.1388
1075,425,1500,0.1388
1072,424,1496,0.1388
1075,417,1492,0.1388
1067,422,1489,0.1388
1065,431,1496,0.1388
1066,435,1501,0.1388
1063,429,1492,0.1388
1069,433,1502,0.1388
1070,428,1498,0.1388
1070,434,1504,0.1388
1070,429,1499,0.1388
1072,435,1507,0.1388
1062,434,1496,0.1388
1060,431,1491,0.1388
1065,441,1506,0.1388
1066,439,1505,0.1388
1060,441,1501,0.1388
1052,437,1489,0.1388
1051,444,1495,0.1388
1062,448,1510,0.1388
1058,446,1504,0.1388
1056,444,1500,0.1388
1045,444,1489,0.1388
1039,449,1488,0.1388
1039,450,1489,0.1388
1034,451,1485,0.1388
1051,444,1495,0.1388
1057,452,1509,0.1388
1043,454,1497,0.1388
1040,453,1493,0.1388
1040,451,1491,0.1388
1047,448,1495,0.1388
1045,446,1491,0.1388
1047,444,1491,0.1388
1036,452,1488,0.1388
1029,451,1480,0.1388
1036,456,1492,0.1388
1035,460,1495,0.1388
1034,462,1496,0.1388
1026,469,1495,0.1388
1016,469,1485,0.1388
1010,469,1479,0.1388
1018,475,1493,0.1388
1025,479,1504,0.1388
1018,484,1502,0.1388
1032,484,1516,0.1388
1032,484,1516,0.1388
1026,481,1507,0.1388
1018,485,1503,0.1388
1025,483,1508,0.1388
1020,488,1508,0.1388
1027,488,1515,0.1388
1024,492,1516,0.1388
1019,489,1508,0.1388
1010,490,1500,0.1388
1005,490,1495,0.1388
1000,495,1495,0.1388
1006,500,1506,0.1388
996,496,1492,0.1388
995,498,1493,0.1388
996,496,1492,0.1388
985,495,1480,0.1388
997,491,1488,0.1388
1012,493,1505,0.1388
1005,501,1506,0.1388
994,505,1499,0.1388
990,504,1494,0.1388
991,511,1502,0.1388
988,507,1495,0.1388
989,518,1507,0.1388
997,522,1519,0.1388
979,521,1500,0.1388
980,522,1502,0.1388
978,518,1496,0.1388
978,524,1502,0.1388
975,523,1498,0.1388
973,523,1496,0.1388
975,520,1495,0.1388
980,520,1500,0.1388
979,527,1506,0.1388
969,527,1496,0.1388
980,526,1506,0.1388
976,531,1507,0.1388
982,521,1503,0.1388
981,520,1501,0.1388
971,523,1494,0.1388
964,520,1484,0.1388
960,528,1488,0.1388
971,526,1497,0.1388
969,526,1495,0.1388
974,532,1506,0.1388
974,534,1508,0.1388
979,528,1507,0.1388
966,532,1498,0.1388
963,534,1497,0.1388
962,535,1497,0.1388
964,532,1496,0.1388
946,535,1481,0.1388
958,531,1489,0.1388
956,534,1490,0.1388
972,531,1503,0.1388
973,525,1498,0.1388
966,527,1493,0.1388
970,526,1496,0.1388
962,532,1494,0.1388
950,524,1474,0.1388
951,532,1483,0.1388
949,535,1484,0.1388
954,535,1489,0.1388
948,542,1490,0.1388
959,544,1503,0.1388
951,558,1509,0.1388
947,555,1502,0.1388
949,565,1514,0.1388
946,559,1505,0.1388
947,561,1508,0.1388
954,560,1514,0.1388
949,554,1503,0.1388
940,557,1497,0.1388
937,558,1495,0.1388
933,560,1493,0.1388
932,552,1484,0.1388
943,555,1498,0.1388
940,554,1494,0.1388
935,557,1492,0.1388
951,560,1511,0.1388
953,558,1511,0.1388
946,558,1504,0.1388
939,565,1504,0.1388
942,562,1504,0.1388
933,567,1500,0.1388
924,571,1495,0.1388
921,570,1491,0.1388
923,568,1491,0.1388
919,575,1494,0.1388
921,577,1498,0.1388
923,583,1506,0.1388
926,579,1505,0.1388
922,579,1501,0.1388
921,577,1498,0.1388
918,581,1499,0.1388
918,579,1497,0.1388
918,574,1492,0.1388
928,579,1507,0.1388
923,578,1501,0.1388
916,577,1493,0.1388
917,583,1500,0.1388
919,581,1500,0.1388
922,582,1504,0.1388
919,590,1509,0.1388
919,575,1494,0.1388
912,586,1498,0.1388
925,586,1511,0.1388
920,583,1503,0.1388
922,579,1501,0.1388
919,581,1500,0.1388
917,585,1502,0.1388
926,574,1500,0.1388
918,567,1485,0.1388
909,586,1495,0.1388
915,598,1513,0.1388
907,594,1501,0.1388
903,591,1494,0.1388
914,590,1504,0.1388
910,593,1503,0.1388
904,591,1495,0.1388
909,592,1501,0.1388
913,596,1509,0.1388
908,595,1503,0.1388
914,593,1507,0.1388
907,590,1497,0.1388
908,589,1497,0.1388
901,601,1502,0.1388
899,607,1506,0.1388
895,609,1504,0.1388
892,618,1510,0.1388
885,614,1499,0.1388
882,613,1495,0.1388
885,603,1488,0.1388
879,616,1495,0.1388
886,615,1501,0.1388
882,616,1498,0.1388
872,621,1493,0.1388
881,622,1503,0.1388
887,628,1515,0.1388
890,632,1522,0.1388
873,635,1508,0.1388
869,640,1509,0.1388
860,646,1506,0.1388
870,637,1507,0.1388
868,636,1504,0.1388
872,640,1512,0.1388
869,634,1503,0.1388
869,637,1506,0.1388
874,626,1500,0.1388
870,638,1508,0.1388
866,636,1502,0.1388
871,642,1513,0.1388
871,644,1515,0.1388
865,640,1505,0.1388
871,642,1513,0.1388
855,647,1502,0.1388
849,645,1494,0.1388
862,644,1506,0.1388
866,646,1512,0.1388
867,652,1519,0.1388
855,648,1503,0.1388
860,637,1497,0.1388
860,636,1496,0.1388
857,633,1490,0.1388
862,639,1501,0.1388
857,654,1511,0.1388
858,653,1511,0.1388
852,658,1510,0.1388
834,656,1490,0.1388
825,656,1481,0.1388
829,664,1493,0.1388
833,650,1483,0.1388
840,650,1490,0.1388
837,667,1504,0.1388
838,668,1506,0.1388
833,662,1495,0.1388
832,666,1498,0.1388
828,666,1494,0.1388
829,673,1502,0.1388
830,676,1506,0.1388
824,668,1492,0.1388
829,671,1500,0.1388
826,681,1507,0.1388
825,681,1506,0.1388
830,682,1512,0.1388
825,689,1514,0.1388
818,689,1507,0.1388
827,697,1524,0.1388
821,696,1517,0.1388
821,697,1518,0.1388
820,688,1508,0.1388
812,693,1505,0.1388
799,685,1484,0.1388
796,692,1488,0.1388
792,708,1500,0.1388
796,713,1509,0.1388
790,711,1501,0.1388
798,713,1511,0.1388
804,717,1521,0.1388
807,711,1518,0.1388
805,713,1518,0.1388
803,711,1514,0.1388
798,707,1505,0.1388
796,709,1505,0.1388
801,716,1517,0.1388
804,708,1512,0.1388
794,710,1504,0.1388
796,711,1507,0.1388
779,710,1489,0.1388
783,721,1504,0.1388
778,725,1503,0.1388
777,734,1511,0.1388
779,732,1511,0.1388
789,727,1516,0.1388
789,735,1524,0.1388
775,727,1502,0.1388
761,731,1492,0.1388
764,732,1496,0.1388
766,724,1490,0.1388
761,727,1488,0.1388
760,731,1491,0.1388
773,731,1504,0.1388
766,730,1496,0.1388
757,740,1497,0.1388
757,740,1497,0.1388
767,753,1520,0.1388
773,752,1525,0.1388
764,752,1516,0.1388
754,750,1504,0.1388
760,748,1508,0.1388
759,752,1511,0.1388
748,758,1506,0.1388
749,759,1508,0.1388
741,762,1503,0.1388
736,773,1509,0.1388
724,781,1505,0.1388
731,787,1518,0.1388
735,783,1518,0.1388
738,784,1522,0.1388
733,783,1516,0.1388
729,784,1513,0.1388
731,778,1509,0.1388
717,789,1506,0.1388
708,794,1502,0.1388
714,796,1510,0.1388
704,802,1506,0.1388
702,791,1493,0.1388
703,787,1490,0.1388
700,785,1485,0.1388
701,794,1495,0.1388
702,803,1505,0.1388
706,802,1508,0.1388
707,805,1512,0.1388
697,810,1507,0.1388
692,819,1511,0.1388
697,816,1513,0.1388
696,819,1515,0.1388
690,817,1507,0.1388
693,824,1517,0.1388
688,829,1517,0.1388
687,820,1507,0.1388
688,824,1512,0.1388
679,823,1502,0.1388
693,824,1517,0.1388
690,818,1508,0.1388
695,820,1515,0.1388
693,827,1520,0.1388
682,814,1496,0.1388
676,813,1489,0.1388
678,818,1496,0.1388
676,821,1497,0.1388
676,826,1502,0.1388
676,827,1503,0.1388
669,830,1499,0.1388
659,833,1492,0.1388
653,834,1487,0.1388
654,829,1483,0.1388
654,837,1491,0.1388
665,842,1507,0.1388
661,849,1510,0.1388
668,850,1518,0.1388
666,853,1519,0.1388
673,853,1526,0.1388
664,851,1515,0.1388
648,848,1496,0.1388
659,848,1507,0.1388
651,844,1495,0.1388
653,854,1507,0.1388
661,844,1505,0.1388
661,832,1493,0.1388
665,837,1502,0.1388
663,842,1505,0.1388
658,849,1507,0.1388
666,843,1509,0.1388
661,842,1503,0.1388
652,852,1504,0.1388
649,849,1498,0.1388
660,858,1518,0.1388
648,856,1504,0.1388
646,857,1503,0.1388
642,855,1497,0.1388
635,863,1498,0.1388
627,869,1496,0.1388
631,871,1502,0.1388
630,871,1501,0.1388
639,873,1512,0.1388
646,876,1522,0.1388
644,878,1522,0.1388
634,873,1507,0.1388
629,876,1505,0.1388
624,877,1501,0.1388
617,876,1493,0.1388
622,878,1500,0.1388
619,880,1499,0.1388
620,887,1507,0.1388
616,871,1487,0.1388
611,880,1491,0.1388
606,887,1493,0.1388
606,900,1506,0.1388
607,898,1505,0.1388
605,897,1502,0.1388
603,910,1513,0.1388
599,919,1518,0.1388
603,909,1512,0.1388
605,913,1518,0.1388
605,907,1512,0.1388
598,914,1512,0.1388
594,909,1503,0.1388
603,905,1508,0.1388
606,900,1506,0.1388
605,911,1516,0.1388
601,913,1514,0.1388
598,918,1516,0.1388
593,922,1515,0.1388
596,928,1524,0.1388
592,920,1512,0.1388
579,920,1499,0.1388
586,926,1512,0.1388
584,912,1496,0.1388
594,913,1507,0.1388
596,919,1515,0.1388
584,921,1505,0.1388
581,929,1510,0.1388
585,921,1506,0.1388
584,922,1506,0.1388
577,919,1496,0.1388
576,917,1493,0.1388
580,919,1499,0.1388
582,933,1515,0.1388
577,928,1505,0.1388
575,918,1493,0.1388
572,922,1494,0.1388
587,925,1512,0.1388
584,912,1496,0.1388
581,920,1501,0.1388
571,919,1490,0.1388
574,923,1497,0.1388
585,925,1510,0.1388
580,930,1510,0.1388
582,924,1506,0.1388
586,923,1509,0.1388
589,921,1510,0.1388
586,921,1507,0.1388
593,928,1521,0.1388
592,930,1522,0.1388
590,920,1510,0.1388
590,927,1517,0.1388
589,929,1518,0.1388
586,923,1509,0.1388
581,926,1507,0.1388
576,929,1505,0.1388
581,924,1505,0.1388
574,920,1494,0.1388
573,932,1505,0.1388
572,939,1511,0.1388
572,936,1508,0.1388
577,927,1504,0.1388
573,931,1504,0.1388
573,928,1501,0.1388
577,922,1499,0.1388
574,924,1498,0.1388
571,938,1509,0.1388
559,926,1485,0.1388
558,941,1499,0.1388
556,925,1481,0.1388
560,940,1500,0.1388
561,946,1507,0.1388
562,946,1508,0.1388
549,945,1494,0.1388
559,949,1508,0.1388
564,945,1509,0.1388
556,946,1502,0.1388
557,937,1494,0.1388
555,945,1500,0.1388
562,947,1509,0.1388
569,951,1520,0.1388
560,956,1516,0.1388
555,954,1509,0.1388
552,958,1510,0.1388
550,958,1508,0.1388
542,965,1507,0.1388
546,964,1510,0.1388
550,962,1512,0.1388
556,956,1512,0.1388
551,958,1509,0.1388
557,962,1519,0.1388
548,958,1506,0.1388
537,970,1507,0.1388
535,979,1514,0.1388
528,976,1504,0.1388
539,976,1515,0.1388
543,967,1510,0.1388
535,969,1504,0.1388
534,970,1504,0.1388
537,973,1510,0.1388
531,969,1500,0.1388
536,964,1500,0.1388
542,968,1510,0.1388
535,973,1508,0.1388
532,969,1501,0.1388
529,973,1502,0.1388
535,972,1507,0.1388
537,961,1498,0.1388
536,967,1503,0.1388
535,980,1515,0.1388
532,977,1509,0.1388
533,981,1514,0.1388
528,973,1501,0.1388
526,977,1503,0.1388
529,977,1506,0.1388
526,980,1506,0.1388
522,986,1508,0.1388
526,994,1520,0.1388
530,1004,1534,0.1388
525,997,1522,0.1388
527,989,1516,0.1388
523,992,1515,0.1388
512,982,1494,0.1388
520,988,1508,0.1388
517,981,1498,0.1388
511,978,1489,0.1388
518,980,1498,0.1388
520,984,1504,0.1388
522,967,1489,0.1388
521,989,1510,0.1388
506,990,1496,0.1388
508,991,1499,0.1388
512,993,1505,0.1388
512,996,1508,0.1388
508,998,1506,0.1388
505,994,1499,0.1388
507,995,1502,0.1388
504,996,1500,0.1388
508,1005,1513,0.1388
505,1000,1505,0.1388
506,988,1494,0.1388
501,998,1499,0.1388
502,1007,1509,0.1388
497,1010,1507,0.1388
498,1009,1507,0.1388
498,1003,1501,0.1388
493,1001,1494,0.1388
495,1000,1495,0.1388
488,997,1485,0.1388
500,998,1498,0.1388
500,1005,1505,0.1388
486,1014,1500,0.1388
488,1016,1504,0.1388
494,1025,1519,0.1388
494,1019,1513,0.1388
492,1023,1515,0.1388
487,1019,1506,0.1388
489,1031,1520,0.1388
492,1031,1523,0.1388
480,1037,1517,0.1388
486,1042,1528,0.1388
482,1026,1508,0.1388
483,1028,1511,0.1388
477,1038,1515,0.1388
478,1038,1516,0.1388
483,1033,1516,0.1388
485,1023,1508,0.1388
480,1035,1515,0.1388
487,1044,1531,0.1388
475,1035,1510,0.1388
485,1034,1519,0.1388
483,1031,1514,0.1388
478,1037,1515,0.1388
473,1044,1517,0.1388
471,1041,1512,0.1388
473,1042,1515,0.1388
469,1040,1509,0.1388
462,1044,1506,0.1388
456,1042,1498,0.1388
453,1047,1500,0.1388
454,1031,1485,0.1388
450,1042,1492,0.1388
445,1048,1493,0.1388
446,1063,1509,0.1388
456,1057,1513,0.1388
459,1045,1504,0.1388
456,1043,1499,0.1388
454,1053,1507,0.1388
447,1050,1497,0.1388
455,1055,1510,0.1388
459,1064,1523,0.1388
458,1065,1523,0.1388
457,1059,1516,0.1388
456,1051,1507,0.1388
464,1050,1514,0.1388
468,1059,1527,0.1388
462,1073,1535,0.1388
456,1067,1523,0.1388
455,1057,1512,0.1388
455,1061,1516,0.1388
459,1061,1520,0.1388
454,1057,1511,0.1388
461,1054,1515,0.1388
453,1054,1507,0.1388
453,1052,1505,0.1388
448,1051,1499,0.1388
445,1054,1499,0.1388
444,1063,1507,0.1388
451,1056,1507,0.1388
453,1058,1511,0.1388
453,1063,1516,0.1388
454,1054,1508,0.1388
449,1060,1509,0.1388
445,1062,1507,0.1388
444,1059,1503,0.1388
445,1060,1505,0.1388
445,1054,1499,0.1388
445,1043,1488,0.1388
443,1043,1486,0.1388
447,1055,1502,0.1388
440,1067,1507,0.1388
447,1061,1508,0.1388
447,1057,1504,0.1388
445,1059,1504,0.1388
448,1058,1506,0.1388
450,1060,1510,0.1388
443,1060,1503,0.1388
443,1061,1504,0.1388
442,1064,1506,0.1388
444,1072,1516,0.1388
447,1074,1521,0.1388
454,1060,1514,0.1388
452,1068,1520,0.1388
454,1062,1516,0.1388
458,1057,1515,0.1388
457,1067,1524,0.1388
456,1068,1524,0.1388
454,1060,1514,0.1388
452,1051,1503,0.1388
453,1042,1495,0.1388
456,1043,1499,0.1388
462,1050,1512,0.1388
455,1040,1495,0.1388
454,1048,1502,0.1388
457,1050,1507,0.1388
463,1043,1506,0.1388
470,1044,1514,0.1388
468,1043,1511,0.1388
472,1037,1509,0.1388
464,1033,1497,0.1388
461,1046,1507,0.1388
457,1050,1507,0.1388
455,1051,1506,0.1388
459,1055,1514,0.1388
457,1057,1514,0.1388
459,1054,1513,0.1388
460,1052,1512,0.1388
460,1054,1514,0.1388
453,1068,1521,0.1388
453,1069,1522,0.1388
451,1064,1515,0.1388
448,1060,1508,0.1388
448,1061,1509,0.1388
447,1062,1509,0.1388
441,1073,1514,0.1388
437,1066,1503,0.1388
436,1075,1511,0.1388
439,1072,1511,0.1388
445,1069,1514,0.1388
443,1067,1510,0.1388
444,1065,1509,0.1388
441,1054,1495,0.1388
436,1055,1491,0.1388
438,1054,1492,0.1388
438,1062,1500,0.1388
437,1070,1507,0.1388
432,1081,1513,0.1388
428,1073,1501,0.1388
428,1086,1514,0.1388
431,1088,1519,0.1388
424,1071,1495,0.1388
421,1064,1485,0.1388
424,1068,1492,0.1388
426,1069,1495,0.1388
423,1070,1493,0.1388
426,1060,1486,0.1388
414,1077,1491,0.1388
424,1080,1504,0.1388
421,1072,1493,0.1388
433,1069,1502,0.1388
444,1068,1512,0.1388
435,1065,1500,0.1388
434,1067,1501,0.1388
422,1055,1477,0.1388
426,1061,1487,0.1388
420,1065,1485,0.1388
417,1081,1498,0.1388
417,1082,1499,0.1388
427,1090,1517,0.1388
417,1092,1509,0.1388
412,1093,1505,0.1388
417,1092,1509,0.1388
420,1092,1512,0.1388
417,1096,1513,0.1388
416,1092,1508,0.1388
424,1088,1512,0.1388
426,1090,1516,0.1388
428,1080,1508,0.1388
434,1080,1514,0.1388
434,1066,1500,0.1388
431,1081,1512,0.1388
433,1081,1514,0.1388
429,1077,1506,0.1388
425,1073,1498,0.1388
429,1077,1506,0.1388
433,1073,1506,0.1388
443,1051,1494,0.1388
448,1059,1507,0.1388
449,1061,1510,0.1388
450,1067,1517,0.1388
440,1066,1506,0.1388
445,1065,1510,0.1388
444,1075,1519,0.1388
436,1071,1507,0.1388
432,1072,1504,0.1388
434,1073,1507,0.1388
443,1067,1510,0.1388
440,1065,1505,0.1388
442,1064,1506,0.1388
437,1066,1503,0.1388
436,1081,1517,0.1388
435,1078,1513,0.1388
437,1084,1521,0.1388
432,1077,1509,0.1388
435,1075,1510,0.1388
429,1078,1507,0.1388
427,1083,1510,0.1388
416,1100,1516,0.1388
422,1094,1516,0.1388
424,1106,1530,0.1388
417,1107,1524,0.1388
413,1099,1512,0.1388
411,1105,1516,0.1388
398,1106,1504,0.1388
401,1105,1506,0.1388
405,1111,1516,0.1388
397,1117,1514,0.1388
401,1109,1510,0.1388
400,1097,1497,0.1388
402,1098,1500,0.1388
402,1100,1502,0.1388
407,1096,1503,0.1388
412,1103,1515,0.1388
409,1107,1516,0.1388
404,1120,1524,0.1388
410,1120,1530,0.1388
416,1118,1534,0.1388
407,1113,1520,0.1388
403,1115,1518,0.1388
400,1120,1520,0.1388
398,1126,1524,0.1388
403,1125,1528,0.1388
400,1128,1528,0.1388
398,1134,1532,0.1388
398,1126,1524,0.1388
399,1114,1513,0.1388
405,1112,1517,0.1388
404,1124,1528,0.1388
397,1119,1516,0.1388
393,1110,1503,0.1388
390,1113,1503,0.1388
395,1121,1516,0.1388
397,1128,1525,0.1388
394,1135,1529,0.1388
394,1122,1516,0.1388
399,1120,1519,0.1388
395,1126,1521,0.1388
388,1129,1517,0.1388
386,1133,1519,0.1388
394,1131,1525,0.1388
394,1134,1528,0.1388
382,1134,1516,0.1388
384,1130,1514,0.1388
383,1122,1505,0.1388
386,1117,1503,0.1388
379,1117,1496,0.1388
383,1119,1502,0.1388
383,1127,1510,0.1388
390,1125,1515,0.1388
395,1119,1514,0.1388
393,1117,1510,0.1388
390,1115,1505,0.1388
398,1112,1510,0.1388
399,1117,1516,0.1388
390,1110,1500,0.1388
393,1120,1513,0.1388
395,1122,1517,0.1388
395,1121,1516,0.1388
389,1115,1504,0.1388
390,1119,1509,0.1388
397,1127,1524,0.1388
389,1123,1512,0.1388
388,1130,1518,0.1388
392,1117,1509,0.1388
390,1111,1501,0.1388
398,1113,1511,0.1388
398,1113,1511,0.1388
392,1114,1506,0.1388
391,1112,1503,0.1388
386,1115,1501,0.1388
382,1123,1505,0.1388
383,1118,1501,0.1388
378,1119,1497,0.1388
387,1118,1505,0.1388
400,1120,1520,0.1388
396,1125,1521,0.1388
394,1116,1510,0.1388
391,1113,1504,0.1388
387,1117,1504,0.1388
384,1112,1496,0.1388
392,1109,1501,0.1388
394,1127,1521,0.1388
391,1112,1503,0.1388
385,1120,1505,0.1388
388,1119,1507,0.1388
380,1113,1493,0.1388
384,1127,1511,0.1388
378,1126,1504,0.1388
386,1132,1518,0.1388
382,1125,1507,0.1388
383,1138,1521,0.1388
376,1135,1511,0.1388
383,1131,1514,0.1388
378,1131,1509,0.1388
380,1130,1510,0.1388
385,1136,1521,0.1388
382,1134,1516,0.1388
372,1131,1503,0.1388
369,1134,1503,0.1388
367,1138,1505,0.1388
373,1153,1526,0.1388
370,1150,1520,0.1388
371,1142,1513,0.1388
366,1142,1508,0.1388
369,1143,1512,0.1388
364,1151,1515,0.1388
361,1147,1508,0.1388
360,1152,1512,0.1388
363,1159,1522,0.1388
366,1161,1527,0.1388
365,1155,1520,0.1388
364,1160,1524,0.1388
364,1143,1507,0.1388
362,1141,1503,0.1388
359,1143,1502,0.1388
357,1157,1514,0.1388
343,1157,1500,0.1388
349,1167,1516,0.1388
349,1167,1516,0.1388
345,1164,1509,0.1388
347,1171,1518,0.1388
347,1174,1521,0.1388
347,1178,1525,0.1388
344,1171,1515,0.1388
346,1163,1509,0.1388
355,1160,1515,0.1388
346,1174,1520,0.1388
346,1163,1509,0.1388
347,1162,1509,0.1388
344,1167,1511,0.1388
349,1156,1505,0.1388
352,1163,1515,0.1388
348,1176,1524,0.1388
346,1171,1517,0.1388
335,1176,1511,0.1388
337,1169,1506,0.1388
334,1160,1494,0.1388
330,1165,1495,0.1388
330,1170,1500,0.1388
331,1179,1510,0.1388
328,1180,1508,0.1388
332,1179,1511,0.1388
337,1175,1512,0.1388
330,1163,1493,0.1388
324,1172,1496,0.1388
314,1177,1491,0.1388
320,1178,1498,0.1388
324,1183,1507,0.1388
329,1189,1518,0.1388
330,1187,1517,0.1388
326,1181,1507,0.1388
316,1180,1496,0.1388
316,1179,1495,0.1388
316,1194,1510,0.1388
312,1191,1503,0.1388
325,1180,1505,0.1388
325,1188,1513,0.1388
325,1192,1517,0.1388
325,1199,1524,0.1388
321,1198,1519,0.1388
325,1195,1520,0.1388
318,1195,1513,0.1388
320,1193,1513,0.1388
323,1190,1513,0.1388
317,1198,1515,0.1388
314,1177,1491,0.1388
313,1183,1496,0.1388
315,1195,1510,0.1388
314,1199,1513,0.1388
313,1208,1521,0.1388
309,1210,1519,0.1388
299,1199,1498,0.1388
296,1201,1497,0.1388
298,1211,1509,0.1388
295,1199,1494,0.1388
292,1203,1495,0.1388
299,1214,1513,0.1388
299,1213,1512,0.1388
297,1218,1515,0.1388
293,1224,1517,0.1388
290,1226,1516,0.1388
290,1217,1507,0.1388
294,1217,1511,0.1388
296,1207,1503,0.1388
301,1208,1509,0.1388
300,1205,1505,0.1388
298,1205,1503,0.1388
299,1206,1505,0.1388
299,1204,1503,0.1388
295,1206,1501,0.1388
293,1214,1507,0.1388
295,1212,1507,0.1388
295,1217,1512,0.1388
305,1194,1499,0.1388
298,1201,1499,0.1388
298,1205,1503,0.1388
305,1202,1507,0.1388
307,1217,1524,0.1388
304,1207,1511,0.1388
301,1202,1503,0.1388
300,1208,1508,0.1388
300,1210,1510,0.1388
302,1210,1512,0.1388
303,1205,1508,0.1388
296,1198,1494,0.1388
297,1195,1492,0.1388
304,1205,1509,0.1388
303,1207,1510,0.1388
305,1209,1514,0.1388
308,1205,1513,0.1388
310,1205,1515,0.1388
304,1211,1515,0.1388
304,1210,1514,0.1388
308,1208,1516,0.1388
301,1194,1495,0.1388
297,1213,1510,0.1388
306,1214,1520,0.1388
302,1219,1521,0.1388
302,1212,1514,0.1388
300,1210,1510,0.1388
299,1214,1513,0.1388
302,1215,1517,0.1388
300,1210,1510,0.1388
299,1213,1512,0.1388
295,1211,1506,0.1388
296,1210,1506,0.1388
294,1217,1511,0.1388
286,1211,1497,0.1388
292,1226,1518,0.1388
288,1218,1506,0.1388
290,1231,1521,0.1388
287,1233,1520,0.1388
287,1229,1516,0.1388
284,1225,1509,0.1388
283,1228,1511,0.1388
288,1217,1505,0.1388
287,1222,1509,0.1388
279,1215,1494,0.1388
283,1200,1483,0.1388
289,1210,1499,0.1388
296,1216,1512,0.1388
295,1208,1503,0.1388
291,1213,1504,0.1388
292,1212,1504,0.1388
289,1220,1509,0.1388
291,1227,1518,0.1388
288,1224,1512,0.1388
284,1221,1505,0.1388
284,1226,1510,0.1388
274,1228,1502,0.1388
267,1223,1490,0.1388
267,1233,1500,0.1388
271,1220,1491,0.1388
269,1228,1497,0.1388
265,1245,1510,0.1388
265,1243,1508,0.1388
269,1248,1517,0.1388
271,1251,1522,0.1388
272,1249,1521,0.1388
269,1250,1519,0.1388
266,1256,1522,0.1388
257,1261,1518,0.1388
255,1255,1510,0.1388
258,1261,1519,0.1388
256,1263,1519,0.1388
262,1267,1529,0.1388
259,1262,1521,0.1388
258,1261,1519,0.1388
255,1261,1516,0.1388
258,1249,1507,0.1388
262,1252,1514,0.1388
264,1249,1513,0.1388
266,1257,1523,0.1388
264,1261,1525,0.1388
262,1251,1513,0.1388
260,1256,1516,0.1388
264,1249,1513,0.1388
255,1240,1495,0.1388
255,1258,1513,0.1388
252,1267,1519,0.1388
258,1270,1528,0.1388
259,1264,1523,0.1388
256,1266,1522,0.1388
247,1253,1500,0.1388
250,1266,1516,0.1388
251,1270,1521,0.1388
249,1271,1520,0.1388
247,1272,1519,0.1388
241,1266,1507,0.1388
244,1271,1515,0.1388
244,1278,1522,0.1388
231,1262,1493,0.1388
236,1266,1502,0.1388
241,1265,1506,0.1388
239,1268,1507,0.1388
234,1272,1506,0.1388
242,1265,1507,0.1388
243,1261,1504,0.1388
239,1251,1490,0.1388
240,1256,1496,0.1388
242,1261,1503,0.1388
246,1274,1520,0.1388
248,1276,1524,0.1388
247,1277,1524,0.1388
247,1276,1523,0.1388
245,1282,1527,0.1388
244,1292,1536,0.1388
239,1293,1532,0.1388
239,1292,1531,0.1388
239,1276,1515,0.1388
236,1286,1522,0.1388
242,1293,1535,0.1388
243,1287,1530,0.1388
241,1276,1517,0.1388
241,1270,1511,0.1388
238,1263,1501,0.1388
238,1263,1501,0.1388
236,1260,1496,0.1388
234,1275,1509,0.1388
236,1285,1521,0.1388
235,1276,1511,0.1388
232,1272,1504,0.1388
233,1281,1514,0.1388
227,1266,1493,0.1388
232,1273,1505,0.1388
237,1279,1516,0.1388
235,1275,1510,0.1388
235,1269,1504,0.1388
236,1264,1500,0.1388
239,1266,1505,0.1388
232,1280,1512,0.1388
223,1288,1511,0.1388
221,1294,1515,0.1388
227,1274,1501,0.1388
227,1279,1506,0.1388
226,1282,1508,0.1388
224,1290,1514,0.1388
219,1292,1511,0.1388
224,1297,1521,0.1388
218,1283,1501,0.1388
222,1274,1496,0.1388
220,1276,1496,0.1388
218,1287,1505,0.1388
209,1296,1505,0.1388
211,1289,1500,0.1388
214,1295,1509,0.1388
214,1304,1518,0.1388
210,1305,1515,0.1388
210,1294,1504,0.1388
212,1292,1504,0.1388
214,1298,1512,0.1388
206,1304,1510,0.1388
205,1305,1510,0.1388
207,1312,1519,0.1388
206,1313,1519,0.1388
205,1303,1508,0.1388
206,1298,1504,0.1388
206,1317,1523,0.1388
206,1315,1521,0.1388
208,1308,1516,0.1388
205,1302,1507,0.1388
205,1301,1506,0.1388
212,1293,1505,0.1388
209,1306,1515,0.1388
208,1295,1503,0.1388
209,1301,1510,0.1388
207,1305,1512,0.1388
209,1315,1524,0.1388
204,1317,1521,0.1388
206,1321,1527,0.1388
206,1324,1530,0.1388
204,1324,1528,0.1388
203,1314,1517,0.1388
202,1310,1512,0.1388
204,1311,1515,0.1388
202,1313,1515,0.1388
199,1306,1505,0.1388
199,1315,1514,0.1388
199,1307,1506,0.1388
199,1305,1504,0.1388
199,1308,1507,0.1388
204,1303,1507,0.1388
211,1308,1519,0.1388
210,1310,1520,0.1388
213,1317,1530,0.1388
216,1310,1526,0.1388
216,1302,1518,0.1388
210,1300,1510,0.1388
210,1288,1498,0.1388
212,1292,1504,0.1388
213,1300,1513,0.1388
218,1302,1520,0.1388
217,1296,1513,0.1388
212,1303,1515,0.1388
212,1309,1521,0.1388
212,1309,1521,0.1388
207,1311,1518,0.1388
209,1307,1516,0.1388
214,1291,1505,0.1388
214,1298,1512,0.1388
209,1311,1520,0.1388
211,1309,1520,0.1388
213,1308,1521,0.1388
215,1306,1521,0.1388
217,1309,1526,0.1388
211,1310,1521,0.1388
209,1309,1518,0.1388
204,1319,1523,0.1388
204,1308,1512,0.1388
204,1316,1520,0.1388
201,1318,1519,0.1388
202,1319,1521,0.1388
203,1321,1524,0.1388
202,1311,1513,0.1388
204,1316,1520,0.1388
207,1314,1521,0.1388
210,1303,1513,0.1388
207,1305,1512,0.1388
209,1295,1504,0.1388
208,1299,1507,0.1388
206,1299,1505,0.1388
208,1287,1495,0.1388
210,1300,1510,0.1388
206,1296,1502,0.1388
206,1301,1507,0.1388
209,1304,1513,0.1388
210,1295,1505,0.1388
209,1295,1504,0.1388
201,1298,1499,0.1388
204,1310,1514,0.1388
206,1311,1517,0.1388
210,1302,1512,0.1388
206,1305,1511,0.1388
204,1313,1517,0.1388
209,1309,1518,0.1388
205,1307,1512,0.1388
198,1316,1514,0.1388
197,1316,1513,0.1388
195,1309,1504,0.1388
202,1312,1514,0.1388
199,1316,1515,0.1388
202,1316,1518,0.1388
198,1319,1517,0.1388
199,1321,1520,0.1388
199,1321,1520,0.1388
193,1330,1523,0.1388
195,1329,1524,0.1388
201,1316,1517,0.1388
197,1320,1517,0.1388
197,1321,1518,0.1388
198,1336,1534,0.1388
198,1334,1532,0.1388
197,1325,1522,0.1388
198,1322,1520,0.1388
196,1329,1525,0.1388
196,1330,1526,0.1388
196,1329,1525,0.1388
195,1329,1524,0.1388
192,1323,1515,0.1388
188,1316,1504,0.1388
186,1313,1499,0.1388
187,1328,1515,0.1388
190,1331,1521,0.1388
194,1329,1523,0.1388
189,1332,1521,0.1388
191,1340,1531,0.1388
190,1334,1524,0.1388
190,1321,1511,0.1388
193,1317,1510,0.1388
193,1322,1515,0.1388
195,1324,1519,0.1388
194,1327,1521,0.1388
193,1326,1519,0.1388
194,1329,1523,0.1388
191,1316,1507,0.1388
188,1305,1493,0.1388
190,1313,1503,0.1388
190,1311,1501,0.1388
193,1303,1496,0.1388
193,1311,1504,0.1388
195,1322,1517,0.1388
193,1324,1517,0.1388
192,1315,1507,0.1388
197,1314,1511,0.1388
195,1321,1516,0.1388
197,1314,1511,0.1388
200,1319,1519,0.1388
200,1318,1518,0.1388
196,1319,1515,0.1388
194,1313,1507,0.1388
193,1318,1511,0.1388
194,1306,1500,0.1388
196,1309,1505,0.1388
195,1308,1503,0.1388
196,1318,1514,0.1388
189,1332,1521,0.1388
189,1322,1511,0.1388
188,1313,1501,0.1388
191,1312,1503,0.1388
187,1312,1499,0.1388
189,1331,1520,0.1388
190,1325,1515,0.1388
194,1330,1524,0.1388
192,1328,1520,0.1388
193,1329,1522,0.1388
194,1324,1518,0.1388
195,1328,1523,0.1388
194,1328,1522,0.1388
193,1322,1515,0.1388
192,1336,1528,0.1388
184,1319,1503,0.1388
182,1329,1511,0.1388
185,1329,1514,0.1388
180,1322,1502,0.1388
180,1327,1507,0.1388
178,1335,1513,0.1388
183,1345,1528,0.1388
184,1338,1522,0.1388
179,1339,1518,0.1388
180,1336,1516,0.1388
176,1329,1505,0.1388
180,1336,1516,0.1388
188,1327,1515,0.1388
190,1324,1514,0.1388
190,1318,1508,0.1388
187,1326,1513,0.1388
184,1315,1499,0.1388
184,1317,1501,0.1388
183,1329,1512,0.1388
188,1326,1514,0.1388
184,1326,1510,0.1388
183,1336,1519,0.1388
183,1337,1520,0.1388
181,1335,1516,0.1388
180,1329,1509,0.1388
179,1326,1505,0.1388
181,1330,1511,0.1388
180,1345,1525,0.1388
179,1339,1518,0.1388
176,1341,1517,0.1388
175,1335,1510,0.1388
175,1338,1513,0.1388
169,1348,1517,0.1388
171,1340,1511,0.1388
170,1359,1529,0.1388
168,1339,1507,0.1388
164,1343,1507,0.1388
163,1350,1513,0.1388
163,1345,1508,0.1388
163,1359,1522,0.1388
163,1356,1519,0.1388
162,1352,1514,0.1388
159,1336,1495,0.1388
163,1341,1504,0.1388
164,1338,1502,0.1388
160,1338,1498,0.1388
161,1342,1503,0.1388
162,1347,1509,0.1388
162,1357,1519,0.1388
164,1362,1526,0.1388
160,1363,1523,0.1388
158,1350,1508,0.1388
158,1357,1515,0.1388
157,1359,1516,0.1388
152,1365,1517,0.1388
151,1356,1507,0.1388
152,1356,1508,0.1388
152,1360,1512,0.1388
153,1367,1520,0.1388
154,1354,1508,0.1388
156,1347,1503,0.1388
150,1364,1514,0.1388
149,1372,1521,0.1388
155,1379,1534,0.1388
155,1380,1535,0.1388
151,1370,1521,0.1388
151,1367,1518,0.1388
150,1374,1524,0.1388
147,1372,1519,0.1388
147,1365,1512,0.1388
150,1358,1508,0.1388
153,1370,1523,0.1388
153,1371,1524,0.1388
150,1372,1522,0.1388
152,1359,1511,0.1388
152,1376,1528,0.1388
152,1377,1529,0.1388
150,1384,1534,0.1388
146,1382,1528,0.1388
148,1370,1518,0.1388
147,1367,1514,0.1388
149,1373,1522,0.1388
148,1374,1522,0.1388
144,1365,1509,0.1388
138,1367,1505,0.1388
138,1355,1493,0.1388
139,1364,1503,0.1388
138,1367,1505,0.1388
142,1382,1524,0.1388
143,1373,1516,0.1388
144,1384,1528,0.1388
146,1381,1527,0.1388
145,1377,1522,0.1388
140,1371,1511,0.1388
138,1362,1500,0.1388
138,1370,1508,0.1388
139,1367,1506,0.1388
137,1368,1505,0.1388
137,1366,1503,0.1388
138,1381,1519,0.1388
138,1380,1518,0.1388
137,1382,1519,0.1388
137,1379,1516,0.1388
135,1392,1527,0.1388
130,1384,1514,0.1388
128,1387,1515,0.1388
131,1374,1505,0.1388
125,1393,1518,0.1388
132,1386,1518,0.1388
133,1381,1514,0.1388
135,1375,1510,0.1388
135,1379,1514,0.1388
136,1385,1521,0.1388
134,1382,1516,0.1388
129,1384,1513,0.1388
125,1380,1505,0.1388
123,1390,1513,0.1388
125,1384,1509,0.1388
124,1392,1516,0.1388
127,1401,1528,0.1388
119,1388,1507,0.1388
122,1401,1523,0.1388
123,1393,1516,0.1388
123,1389,1512,0.1388
120,1386,1506,0.1388
117,1402,1519,0.1388
112,1395,1507,0.1388
116,1395,1511,0.1388
117,1404,1521,0.1388
117,1396,1513,0.1388
116,1400,1516,0.1388
116,1409,1525,0.1388
114,1416,1530,0.1388
115,1411,1526,0.1388
114,1413,1527,0.1388
116,1404,1520,0.1388
119,1413,1532,0.1388
118,1402,1520,0.1388
118,1401,1519,0.1388
118,1399,1517,0.1388
118,1405,1523,0.1388
119,1398,1517,0.1388
120,1387,1507,0.1388
119,1394,1513,0.1388
117,1396,1513,0.1388
116,1387,1503,0.1388
114,1388,1502,0.1388
116,1391,1507,0.1388
113,1403,1516,0.1388
115,1403,1518,0.1388
112,1418,1530,0.1388
112,1414,1526,0.1388
113,1406,1519,0.1388
110,1408,1518,0.1388
108,1404,1512,0.1388
111,1407,1518,0.1388
110,1403,1513,0.1388
107,1410,1517,0.1388
106,1409,1515,0.1388
106,1402,1508,0.1388
106,1415,1521,0.1388
108,1403,1511,0.1388
109,1405,1514,0.1388
107,1404,1511,0.1388
105,1413,1518,0.1388
103,1419,1522,0.1388
101,1419,1520,0.1388
104,1430,1534,0.1388
103,1423,1526,0.1388
100,1415,1515,0.1388
98,1417,1515,0.1388
100,1417,1517,0.1388
97,1414,1511,0.1388
93,1418,1511,0.1388
96,1425,1521,0.1388
95,1417,1512,0.1388
99,1418,1517,0.1388
94,1418,1512,0.1388
94,1417,1511,0.1388
94,1423,1517,0.1388
96,1418,1514,0.1388
96,1424,1520,0.1388
93,1429,1522,0.1388
95,1428,1523,0.1388
97,1428,1525,0.1388
93,1416,1509,0.1388
94,1421,1515,0.1388
92,1415,1507,0.1388
94,1422,1516,0.1388
95,1418,1513,0.1388
96,1427,1523,0.1388
91,1423,1514,0.1388
94,1422,1516,0.1388
92,1436,1528,0.1388
92,1435,1527,0.1388
93,1435,1528,0.1388
93,1421,1514,0.1388
92,1423,1515,0.1388
94,1424,1518,0.1388
95,1424,1519,0.1388
96,1417,1513,0.1388
98,1410,1508,0.1388
104,1413,1517,0.1388
106,1411,1517,0.1388
104,1408,1512,0.1388
104,1405,1509,0.1388
105,1412,1517,0.1388
105,1412,1517,0.1388
105,1406,1511,0.1388
102,1403,1505,0.1388
100,1415,1515,0.1388
101,1419,1520,0.1388
103,1418,1521,0.1388
101,1418,1519,0.1388
106,1399,1505,0.1388
102,1411,1513,0.1388
102,1409,1511,0.1388
100,1412,1512,0.1388
99,1420,1519,0.1388
99,1417,1516,0.1388
102,1410,1512,0.1388
102,1403,1505,0.1388
99,1405,1504,0.1388
101,1417,1518,0.1388
99,1429,1528,0.1388
99,1430,1529,0.1388
101,1423,1524,0.1388
100,1424,1524,0.1388
103,1413,1516,0.1388
105,1416,1521,0.1388
105,1413,1518,0.1388
106,1425,1531,0.1388
106,1423,1529,0.1388
107,1423,1530,0.1388
105,1419,1524,0.1388
105,1421,1526,0.1388
106,1425,1531,0.1388
101,1423,1524,0.1388
102,1412,1514,0.1388
104,1410,1514,0.1388
106,1418,1524,0.1388
104,1412,1516,0.1388
103,1399,1502,0.1388
104,1400,1504,0.1388
105,1409,1514,0.1388
103,1407,1510,0.1388
104,1403,1507,0.1388
102,1411,1513,0.1388
93,1408,1501,0.1388
94,1413,1507,0.1388
95,1415,1510,0.1388
98,1417,1515,0.1388
97,1432,1529,0.1388
98,1422,1520,0.1388
99,1425,1524,0.1388
98,1428,1526,0.1388
95,1427,1522,0.1388
94,1427,1521,0.1388
94,1426,1520,0.1388
91,1419,1510,0.1388
94,1408,1502,0.1388
98,1419,1517,0.1388
98,1415,1513,0.1388
102,1416,1518,0.1388
106,1420,1526,0.1388
104,1407,1511,0.1388
106,1415,1521,0.1388
101,1428,1529,0.1388
101,1425,1526,0.1388
103,1414,1517,0.1388
103,1418,1521,0.1388
104,1419,1523,0.1388
100,1416,1516,0.1388
101,1420,1521,0.1388
107,1419,1526,0.1388
108,1410,1518,0.1388
105,1403,1508,0.1388
101,1408,1509,0.1388
100,1413,1513,0.1388
101,1414,1515,0.1388
101,1398,1499,0.1388
104,1405,1509,0.1388
103,1412,1515,0.1388
100,1407,1507,0.1388
97,1411,1508,0.1388
99,1397,1496,0.1388
96,1408,1504,0.1388
98,1412,1510,0.1388
97,1417,1514,0.1388
97,1409,1506,0.1388
97,1394,1491,0.1388
97,1415,1512,0.1388
93,1413,1506,0.1388
92,1421,1513,0.1388
92,1425,1517,0.1388
95,1430,1525,0.1388
95,1419,1514,0.1388
93,1430,1523,0.1388
95,1429,1524,0.1388
95,1433,1528,0.1388
96,1432,1528,0.1388
97,1421,1518,0.1388
96,1420,1516,0.1388
91,1423,1514,0.1388
91,1420,1511,0.1388
90,1416,1506,0.1388
93,1410,1503,0.1388
91,1409,1500,0.1388
92,1416,1508,0.1388
93,1411,1504,0.1388
90,1413,1503,0.1388
91,1422,1513,0.1388
94,1429,1523,0.1388
91,1401,1492,0.1388
94,1422,1516,0.1388
93,1422,1515,0.1388
93,1421,1514,0.1388
92,1431,1523,0.1388
91,1429,1520,0.1388
87,1435,1522,0.1388
83,1453,1536,0.1388
91,1452,1543,0.1388
92,1428,1520,0.1388
91,1425,1516,0.1388
89,1427,1516,0.1388
88,1435,1523,0.1388
89,1418,1507,0.1388
89,1415,1504,0.1388
89,1426,1515,0.1388
89,1421,1510,0.1388
85,1420,1505,0.1388
86,1423,1509,0.1388
88,1437,1525,0.1388
92,1437,1529,0.1388
92,1436,1528,0.1388
92,1430,1522,0.1388
92,1424,1516,0.1388
94,1419,1513,0.1388
94,1432,1526,0.1388
96,1429,1525,0.1388
95,1418,1513,0.1388
95,1429,1524,0.1388
93,1415,1508,0.1388
89,1412,1501,0.1388
91,1413,1504,0.1388
90,1412,1502,0.1388
90,1413,1503,0.1388
92,1430,1522,0.1388
88,1426,1514,0.1388
92,1424,1516,0.1388
90,1428,1518,0.1388
90,1432,1522,0.1388
92,1438,1530,0.1388
94,1426,1520,0.1388
94,1427,1521,0.1388
93,1433,1526,0.1388
95,1436,1531,0.1388
94,1429,1523,0.1388
94,1429,1523,0.1388
91,1424,1515,0.1388
92,1426,1518,0.1388
91,1426,1517,0.1388
93,1423,1516,0.1388
91,1427,1518,0.1388
93,1435,1528,0.1388
97,1420,1517,0.1388
94,1425,1519,0.1388
93,1424,1517,0.1388
92,1424,1516,0.1388
92,1442,1534,0.1388
93,1437,1530,0.1388
93,1419,1512,0.1388
93,1433,1526,0.1388
92,1418,1510,0.1388
94,1431,1525,0.1388
97,1426,1523,0.1388
97,1422,1519,0.1388
95,1426,1521,0.1388
92,1426,1518,0.1388
91,1427,1518,0.1388
90,1420,1510,0.1388
89,1417,1506,0.1388
88,1416,1504,0.1388
89,1406,1495,0.1388
88,1427,1515,0.1388
92,1438,1530,0.1388
94,1426,1520,0.1388
92,1433,1525,0.1388
92,1427,1519,0.1388
91,1422,1513,0.1388
91,1423,1514,0.1388
94,1431,1525,0.1388
93,1424,1517,0.1388
92,1428,1520,0.1388
90,1416,1506,0.1388
93,1409,1502,0.1388
97,1417,1514,0.1388
95,1419,1514,0.1388
94,1429,1523,0.1388
91,1416,1507,0.1388
93,1413,1506,0.1388
91,1419,1510,0.1388
90,1419,1509,0.1388
91,1423,1514,0.1388
88,1429,1517,0.1388
87,1429,1516,0.1388
91,1435,1526,0.1388
90,1432,1522,0.1388
86,1421,1507,0.1388
89,1428,1517,0.1388
91,1419,1510,0.1388
89,1425,1514,0.1388
91,1430,1521,0.1388
91,1432,1523,0.1388
89,1426,1515,0.1388
91,1424,1515,0.1388
89,1429,1518,0.1388
84,1426,1510,0.1388
89,1428,1517,0.1388
90,1435,1525,0.1388
92,1432,1524,0.1388
93,1429,1522,0.1388
93,1421,1514,0.1388
94,1419,1513,0.1388
94,1427,1521,0.1388
90,1421,1511,0.1388
91,1419,1510,0.1388
94,1411,1505,0.1388
95,1430,1525,0.1388
97,1443,1540,0.1388
96,1433,1529,0.1388
97,1427,1524,0.1388
94,1424,1518,0.1388
95,1424,1519,0.1388
93,1419,1512,0.1388
97,1407,1504,0.1388
97,1408,1505,0.1388
96,1419,1515,0.1388
94,1413,1507,0.1388
91,1410,1501,0.1388
88,1417,1505,0.1388
86,1432,1518,0.1388
83,1434,1517,0.1388
85,1434,1519,0.1388
87,1429,1516,0.1388
91,1435,1526,0.1388
92,1443,1535,0.1388
90,1434,1524,0.1388
90,1433,1523,0.1388
87,1424,1511,0.1388
86,1430,1516,0.1388
85,1426,1511,0.1388
84,1423,1507,0.1388
83,1409,1492,0.1388
84,1412,1496,0.1388
82,1413,1495,0.1388
81,1421,1502,0.1388
81,1431,1512,0.1388
82,1426,1508,0.1388
81,1429,1510,0.1388
79,1415,1494,0.1388
81,1433,1514,0.1388
81,1427,1508,0.1388
83,1434,1517,0.1388
83,1444,1527,0.1388
84,1438,1522,0.1388
87,1444,1531,0.1388
83,1438,1521,0.1388
88,1428,1516,0.1388
87,1418,1505,0.1388
87,1420,1507,0.1388
84,1433,1517,0.1388
81,1432,1513,0.1388
78,1431,1509,0.1388
79,1438,1517,0.1388
84,1432,1516,0.1388
83,1438,1521,0.1388
85,1445,1530,0.1388
85,1440,1525,0.1388
82,1437,1519,0.1388
83,1439,1522,0.1388
82,1434,1516,0.1388
80,1435,1515,0.1388
81,1436,1517,0.1388
79,1436,1515,0.1388
79,1431,1510,0.1388
78,1427,1505,0.1388
80,1421,1501,0.1388
75,1426,1501,0.1388
80,1416,1496,0.1388
79,1431,1510,0.1388
76,1426,1502,0.1388
77,1434,1511,0.1388
77,1436,1513,0.1388
77,1434,1511,0.1388
79,1419,1498,0.1388
82,1425,1507,0.1388
81,1432,1513,0.1388
79,1431,1510,0.1388
81,1420,1501,0.1388
81,1425,1506,0.1388
79,1432,1511,0.1388
77,1438,1515,0.1388
81,1442,1523,0.1388
84,1444,1528,0.1388
85,1427,1512,0.1388
87,1441,1528,0.1388
85,1423,1508,0.1388
84,1411,1495,0.1388
88,1400,1488,0.1388
87,1415,1502,0.1388
84,1430,1514,0.1388
81,1445,1526,0.1388
81,1442,1523,0.1388
81,1432,1513,0.1388
84,1436,1520,0.1388
86,1440,1526,0.1388
88,1418,1506,0.1388
87,1432,1519,0.1388
87,1434,1521,0.1388
88,1429,1517,0.1388
86,1436,1522,0.1388
85,1437,1522,0.1388
85,1425,1510,0.1388
83,1431,1514,0.1388
82,1420,1502,0.1388
81,1433,1514,0.1388
82,1435,1517,0.1388
82,1430,1512,0.1388
82,1437,1519,0.1388
80,1435,1515,0.1388
80,1430,1510,0.1388
81,1425,1506,0.1388
78,1428,1506,0.1388
78,1424,1502,0.1388
76,1426,1502,0.1388
77,1437,1514,0.1388
79,1437,1516,0.1388
79,1432,1511,0.1388
81,1444,1525,0.1388
79,1437,1516,0.1388
80,1422,1502,0.1388
79,1426,1505,0.1388
76,1434,1510,0.1388
77,1433,1510,0.1388
73,1430,1503,0.1388
76,1435,1511,0.1388
76,1426,1502,0.1388
74,1430,1504,0.1388
73,1424,1497,0.1388
70,1430,1500,0.1388
71,1436,1507,0.1388
74,1438,1512,0.1388
72,1452,1524,0.1388
72,1449,1521,0.1388
74,1449,1523,0.1388
73,1439,1512,0.1388
70,1448,1518,0.1388
71,1426,1497,0.1388
67,1428,1495,0.1388
67,1449,1516,0.1388
66,1446,1512,0.1388
65,1452,1517,0.1388
62,1449,1511,0.1388
62,1451,1513,0.1388
61,1452,1513,0.1388
58,1445,1503,0.1388
56,1452,1508,0.1388
57,1453,1510,0.1388
58,1452,1510,0.1388
57,1458,1515,0.1388
54,1457,1511,0.1388
55,1468,1523,0.1388
56,1462,1518,0.1388
58,1461,1519,0.1388
58,1452,1510,0.1388
57,1451,1508,0.1388
56,1470,1526,0.1388
57,1470,1527,0.1388
57,1462,1519,0.1388
58,1454,1512,0.1388
59,1458,1517,0.1388
59,1463,1522,0.1388
56,1463,1519,0.1388
56,1447,1503,0.1388
56,1452,1508,0.1388
56,1455,1511,0.1388
53,1454,1507,0.1388
52,1445,1497,0.1388
54,1458,1512,0.1388
52,1466,1518,0.1388
50,1465,1515,0.1388
52,1461,1513,0.1388
52,1462,1514,0.1388
52,1467,1519,0.1388
48,1466,1514,0.1388
45,1474,1519,0.1388
47,1470,1517,0.1388
49,1476,1525,0.1388
48,1463,1511,0.1388
46,1474,1520,0.1388
46,1475,1521,0.1388
43,1470,1513,0.1388
46,1465,1511,0.1388
46,1460,1506,0.1388
44,1463,1507,0.1388
44,1474,1518,0.1388
45,1470,1515,0.1388
43,1465,1508,0.1388
42,1470,1512,0.1388
46,1466,1512,0.1388
45,1476,1521,0.1388
43,1477,1520,0.1388
43,1491,1534,0.1388
42,1477,1519,0.1388
42,1476,1518,0.1388
45,1468,1513,0.1388
45,1461,1506,0.1388
45,1465,1510,0.1388
44,1463,1507,0.1388
43,1474,1517,0.1388
42,1473,1515,0.1388
42,1463,1505,0.1388
42,1467,1509,0.1388
44,1476,1520,0.1388
43,1483,1526,0.1388
43,1480,1523,0.1388
43,1472,1515,0.1388
41,1468,1509,0.1388
40,1470,1510,0.1388
38,1475,1513,0.1388
39,1471,1510,0.1388
42,1464,1506,0.1388
41,1470,1511,0.1388
42,1476,1518,0.1388
40,1461,1501,0.1388
41,1465,1506,0.1388
39,1463,1502,0.1388
38,1470,1508,0.1388
39,1468,1507,0.1388
38,1470,1508,0.1388
37,1476,1513,0.1388
39,1469,1508,0.1388
39,1475,1514,0.1388
35,1476,1511,0.1388
35,1481,1516,0.1388
33,1469,1502,0.1388
32,1463,1495,0.1388
32,1462,1494,0.1388
34,1470,1504,0.1388
35,1458,1493,0.1388
35,1478,1513,0.1388
35,1475,1510,0.1388
36,1480,1516,0.1388
35,1485,1520,0.1388
35,1490,1525,0.1388
34,1482,1516,0.1388
34,1481,1515,0.1388
32,1475,1507,0.1388
33,1480,1513,0.1388
31,1489,1520,0.1388
32,1486,1518,0.1388
31,1463,1494,0.1388
33,1471,1504,0.1388
31,1477,1508,0.1388
32,1480,1512,0.1388
34,1489,1523,0.1388
33,1483,1516,0.1388
35,1488,1523,0.1388
35,1478,1513,0.1388
35,1471,1506,0.1388
36,1488,1524,0.1388
36,1477,1513,0.1388
36,1482,1518,0.1388
37,1474,1511,0.1388
39,1489,1528,0.1388
38,1495,1533,0.1388
39,1479,1518,0.1388
39,1473,1512,0.1388
38,1479,1517,0.1388
37,1480,1517,0.1388
38,1485,1523,0.1388
39,1473,1512,0.1388
38,1484,1522,0.1388
38,1484,1522,0.1388
35,1495,1530,0.1388
36,1482,1518,0.1388
36,1474,1510,0.1388
37,1477,1514,0.1388
39,1476,1515,0.1388
39,1476,1515,0.1388
38,1487,1525,0.1388
38,1490,1528,0.1388
39,1479,1518,0.1388
39,1475,1514,0.1388
38,1480,1518,0.1388
37,1468,1505,0.1388
40,1472,1512,0.1388
40,1470,1510,0.1388
40,1475,1515,0.1388
38,1486,1524,0.1388
35,1484,1519,0.1388
37,1484,1521,0.1388
32,1481,1513,0.1388
32,1478,1510,0.1388
33,1480,1513,0.1388
30,1490,1520,0.1388
29,1475,1504,0.1388
29,1478,1507,0.1388
28,1482,1510,0.1388
27,1483,1510,0.1388
28,1482,1510,0.1388
27,1477,1504,0.1388
27,1485,1512,0.1388
26,1488,1514,0.1388
26,1483,1509,0.1388
25,1497,1522,0.1388
25,1483,1508,0.1388
25,1477,1502,0.1388
24,1480,1504,0.1388
23,1491,1514,0.1388
24,1483,1507,0.1388
23,1468,1491,0.1388
24,1472,1496,0.1388
24,1460,1484,0.1388
23,1477,1500,0.1388
22,1493,1515,0.1388
22,1495,1517,0.1388
24,1488,1512,0.1388
24,1471,1495,0.1388
21,1474,1495,0.1388
21,1485,1506,0.1388
22,1492,1514,0.1388
22,1494,1516,0.1388
22,1494,1516,0.1388
23,1488,1511,0.1388
22,1485,1507,0.1388
25,1492,1517,0.1388
25,1492,1517,0.1388
25,1481,1506,0.1388
23,1488,1511,0.1388
23,1488,1511,0.1388
24,1482,1506,0.1388
21,1468,1489,0.1388
21,1476,1497,0.1388
21,1478,1499,0.1388
20,1466,1486,0.1388
20,1490,1510,0.1388
21,1483,1504,0.1388
22,1479,1501,0.1388
22,1487,1509,0.1388
22,1496,1518,0.1388
20,1495,1515,0.1388
20,1484,1504,0.1388
20,1494,1514,0.1388
18,1487,1505,0.1388
18,1486,1504,0.1388
16,1493,1509,0.1388
16,1502,1518,0.1388
15,1507,1522,0.1388
16,1497,1513,0.1388
16,1509,1525,0.1388
16,1506,1522,0.1388
16,1492,1508,0.1388
15,1503,1518,0.1388
15,1506,1521,0.1388
15,1502,1517,0.1388
16,1502,1518,0.1388
17,1503,1520,0.1388
17,1490,1507,0.1388
17,1488,1505,0.1388
17,1481,1498,0.1388
18,1493,1511,0.1388
19,1502,1521,0.1388
19,1500,1519,0.1388
19,1507,1526,0.1388
19,1511,1530,0.1388
20,1509,1529,0.1388
19,1493,1512,0.1388
17,1495,1512,0.1388
20,1495,1515,0.1388
19,1486,1505,0.1388
19,1500,1519,0.1388
20,1485,1505,0.1388
20,1493,1513,0.1388
21,1496,1517,0.1388
20,1502,1522,0.1388
21,1498,1519,0.1388
23,1498,1521,0.1388
22,1505,1527,0.1388
22,1496,1518,0.1388
23,1495,1518,0.1388
21,1482,1503,0.1388
21,1471,1492,0.1388
23,1470,1493,0.1388
24,1476,1500,0.1388
22,1481,1503,0.1388
21,1496,1517,0.1388
21,1485,1506,0.1388
21,1486,1507,0.1388
21,1490,1511,0.1388
19,1491,1510,0.1388
19,1492,1511,0.1388
18,1501,1519,0.1388
19,1489,1508,0.1388
19,1505,1524,0.1388
19,1491,1510,0.1388
21,1506,1527,0.1388
22,1503,1525,0.1388
22,1500,1522,0.1388
23,1494,1517,0.1388
23,1495,1518,0.1388
23,1492,1515,0.1388
24,1498,1522,0.1388
26,1486,1512,0.1388
24,1488,1512,0.1388
24,1493,1517,0.1388
24,1478,1502,0.1388
24,1495,1519,0.1388
25,1497,1522,0.1388
24,1495,1519,0.1388
24,1489,1513,0.1388
24,1492,1516,0.1388
25,1495,1520,0.1388
25,1491,1516,0.1388
26,1485,1511,0.1388
25,1503,1528,0.1388
26,1498,1524,0.1388
27,1495,1522,0.1388
26,1491,1517,0.1388
27,1483,1510,0.1388
28,1489,1517,0.1388
28,1490,1518,0.1388
29,1495,1524,0.1388
28,1488,1516,0.1388
30,1495,1525,0.1388
30,1496,1526,0.1388
31,1492,1523,0.1388
30,1479,1509,0.1388
30,1480,1510,0.1388
29,1472,1501,0.1388
29,1485,1514,0.1388
27,1491,1518,0.1388
30,1492,1522,0.1388
31,1497,1528,0.1388
30,1487,1517,0.1388
32,1491,1523,0.1388
31,1495,1526,0.1388
31,1488,1519,0.1388
31,1481,1512,0.1388
33,1484,1517,0.1388
32,1490,1522,0.1388
31,1483,1514,0.1388
32,1485,1517,0.1388
32,1472,1504,0.1388
31,1476,1507,0.1388
30,1476,1506,0.1388
30,1477,1507,0.1388
28,1480,1508,0.1388
28,1484,1512,0.1388
28,1488,1516,0.1388
29,1484,1513,0.1388
30,1506,1536,0.1388
30,1486,1516,0.1388
31,1484,1515,0.1388
30,1497,1527,0.1388
29,1495,1524,0.1388
29,1495,1524,0.1388
29,1507,1536,0.1388
30,1493,1523,0.1388
29,1493,1522,0.1388
29,1484,1513,0.1388
29,1489,1518,0.1388
29,1490,1519,0.1388
28,1497,1525,0.1388
27,1483,1510,0.1388
28,1482,1510,0.1388
29,1491,1520,0.1388
28,1504,1532,0.1388
29,1499,1528,0.1388
29,1495,1524,0.1388
29,1501,1530,0.1388
28,1501,1529,0.1388
28,1488,1516,0.1388
27,1485,1512,0.1388
26,1481,1507,0.1388
23,1475,1498,0.1388
21,1482,1503,0.1388
21,1487,1508,0.1388
22,1490,1512,0.1388
24,1500,1524,0.1388
24,1492,1516,0.1388
24,1489,1513,0.1388
24,1496,1520,0.1388
24,1486,1510,0.1388
25,1501,1526,0.1388
25,1502,1527,0.1388
25,1503,1528,0.1388
25,1510,1535,0.1388
24,1518,1542,0.1388
24,1500,1524,0.1388
24,1497,1521,0.1388
24,1506,1530,0.1388
24,1507,1531,0.1388
25,1495,1520,0.1388
26,1500,1526,0.1388
26,1496,1522,0.1388
25,1496,1521,0.1388
26,1489,1515,0.1388
24,1490,1514,0.1388
25,1491,1516,0.1388
25,1506,1531,0.1388
26,1499,1525,0.1388
24,1497,1521,0.1388
22,1494,1516,0.1388
21,1507,1528,0.1388
21,1508,1529,0.1388
21,1497,1518,0.1388
19,1501,1520,0.1388
20,1502,1522,0.1388
20,1506,1526,0.1388
20,1511,1531,0.1388
20,1526,1546,0.1388
20,1515,1535,0.1388
20,1497,1517,0.1388
20,1493,1513,0.1388
20,1492,1512,0.1388
20,1489,1509,0.1388
20,1501,1521,0.1388
21,1497,1518,0.1388
21,1494,1515,0.1388
21,1485,1506,0.1388
19,1492,1511,0.1388
19,1492,1511,0.1388
19,1507,1526,0.1388
19,1510,1529,0.1388
19,1497,1516,0.1388
19,1496,1515,0.1388
18,1494,1512,0.1388
19,1494,1513,0.1388
18,1494,1512,0.1388
19,1476,1495,0.1388
19,1495,1514,0.1388
21,1477,1498,0.1388
22,1485,1507,0.1388
21,1480,1501,0.1388
21,1493,1514,0.1388
21,1496,1517,0.1388
21,1511,1532,0.1388
22,1507,1529,0.1388
22,1500,1522,0.1388
21,1480,1501,0.1388
20,1472,1492,0.1388
21,1471,1492,0.1388
22,1481,1503,0.1388
23,1477,1500,0.1388
23,1475,1498,0.1388
24,1489,1513,0.1388
24,1494,1518,0.1388
25,1495,1520,0.1388
25,1499,1524,0.1388
28,1494,1522,0.1388
29,1486,1515,0.1388
29,1495,1524,0.1388
28,1484,1512,0.1388
28,1478,1506,0.1388
25,1476,1501,0.1388
26,1478,1504,0.1388
26,1481,1507,0.1388
25,1474,1499,0.1388
26,1489,1515,0.1388
26,1491,1517,0.1388
26,1482,1508,0.1388
26,1494,1520,0.1388
26,1492,1518,0.1388
26,1485,1511,0.1388
26,1493,1519,0.1388
27,1491,1518,0.1388
27,1485,1512,0.1388
28,1493,1521,0.1388
28,1497,1525,0.1388
27,1508,1535,0.1388
26,1498,1524,0.1388
25,1494,1519,0.1388
24,1486,1510,0.1388
24,1482,1506,0.1388
22,1488,1510,0.1388
20,1493,1513,0.1388
20,1475,1495,0.1388
17,1481,1498,0.1388
18,1487,1505,0.1388
18,1504,1522,0.1388
19,1511,1530,0.1388
19,1512,1531,0.1388
19,1509,1528,0.1388
19,1506,1525,0.1388
18,1496,1514,0.1388
19,1499,1518,0.1388
18,1495,1513,0.1388
16,1512,1528,0.1388
14,1496,1510,0.1388
15,1491,1506,0.1388
17,1491,1508,0.1388
17,1488,1505,0.1388
17,1477,1494,0.1388
16,1505,1521,0.1388
16,1510,1526,0.1388
15,1499,1514,0.1388
16,1508,1524,0.1388
16,1507,1523,0.1388
14,1502,1516,0.1388
11,1483,1494,0.1388
10,1479,1489,0.1388
12,1479,1491,0.1388
12,1483,1495,0.1388
12,1487,1499,0.1388
12,1482,1494,0.1388
12,1491,1503,0.1388
12,1483,1495,0.1388
12,1496,1508,0.1388
12,1487,1499,0.1388
11,1490,1501,0.1388
12,1492,1504,0.1388
12,1499,1511,0.1388
12,1496,1508,0.1388
12,1505,1517,0.1388
11,1518,1529,0.1388
12,1510,1522,0.1388
12,1507,1519,0.1388
12,1516,1528,0.1388
12,1511,1523,0.1388
10,1507,1517,0.1388
11,1514,1525,0.1388
12,1518,1530,0.1388
12,1507,1519,0.1388
12,1509,1521,0.1388
12,1506,1518,0.1388
11,1522,1533,0.1388
11,1517,1528,0.1388
11,1511,1522,0.1388
11,1513,1524,0.1388
10,1514,1524,0.1388
9,1512,1521,0.1388
9,1516,1525,0.1388
9,1513,1522,0.1388
9,1520,1529,0.1388
9,1503,1512,0.1388
8,1511,1519,0.1388
8,1513,1521,0.1388
8,1509,1517,0.1388
8,1530,1538,0.1388
8,1530,1538,0.1388
8,1517,1525,0.1388
8,1513,1521,0.1388
8,1506,1514,0.1388
9,1520,1529,0.1388
9,1524,1533,0.1388
10,1523,1533,0.1388
8,1516,1524,0.1388
8,1511,1519,0.1388
9,1517,1526,0.1388
8,1511,1519,0.1388
7,1516,1523,0.1388
7,1512,1519,0.1388
7,1507,1514,0.1388
8,1508,1516,0.1388
8,1495,1503,0.1388
8,1498,1506,0.1388
8,1494,1502,0.1388
7,1506,1513,0.1388
7,1508,1515,0.1388
7,1505,1512,0.1388
7,1504,1511,0.1388
7,1508,1515,0.1388
7,1507,1514,0.1388
7,1508,1515,0.1388
6,1519,1525,0.1388
6,1523,1529,0.1388
6,1513,1519,0.1388
5,1515,1520,0.1388
4,1518,1522,0.1388
4,1516,1520,0.1388
4,1529,1533,0.1388
4,1516,1520,0.1388
4,1512,1516,0.1388
5,1502,1507,0.1388
5,1507,1512,0.1388
4,1509,1513,0.1388
4,1520,1524,0.1388
4,1509,1513,0.1388
4,1501,1505,0.1388
4,1492,1496,0.1388
4,1515,1519,0.1388
4,1533,1537,0.1388
4,1526,1530,0.1388
3,1526,1529,0.1388
3,1525,1528,0.1388
3,1524,1527,0.1388
3,1511,1514,0.1388
3,1518,1521,0.1388
3,1507,1510,0.1388
3,1514,1517,0.1388
3,1515,1518,0.1388
3,1512,1515,0.1388
3,1514,1517,0.1388
3,1503,1506,0.1388
3,1514,1517,0.1388
3,1509,1512,0.1388
3,1515,1518,0.1388
3,1533,1536,0.1388
2,1521,1523,0.1388
2,1517,1519,0.1388
2,1515,1517,0.1388
2,1509,1511,0.1388
3,1516,1519,0.1388
3,1513,1516,0.1388
3,1510,1513,0.1388
3,1506,1509,0.1388
3,1500,1503,0.1388
4,1520,1524,0.1388
4,1520,1524,0.1388
4,1515,1519,0.1388
4,1507,1511,0.1388
4,1514,1518,0.1388
4,1514,1518,0.1388
4,1531,1535,0.1388
4,1525,1529,0.1388
4,1512,1516,0.1388
4,1522,1526,0.1388
4,1532,1536,0.1388
5,1517,1522,0.1388
5,1509,1514,0.1388
5,1514,1519,0.1388
5,1502,1507,0.1388
5,1508,1513,0.1388
5,1512,1517,0.1388
5,1515,1520,0.1388
5,1506,1511,0.1388
5,1507,1512,0.1388
5,1501,1506,0.1388
5,1504,1509,0.1388
5,1511,1516,0.1388
5,1507,1512,0.1388
5,1521,1526,0.1388
5,1514,1519,0.1388
5,1508,1513,0.1388
5,1511,1516,0.1388
5,1510,1515,0.1388
5,1507,1512,0.1388
5,1512,1517,0.1388
5,1513,1518,0.1388
5,1512,1517,0.1388
5,1514,1519,0.1388
5,1525,1530,0.1388
5,1517,1522,0.1388
4,1507,1511,0.1388
5,1504,1509,0.1388
5,1512,1517,0.1388
5,1516,1521,0.1388
5,1522,1527,0.1388
5,1519,1524,0.1388
5,1523,1528,0.1388
5,1520,1525,0.1388
5,1526,1531,0.1388
6,1524,1530,0.1388
6,1517,1523,0.1388
6,1527,1533,0.1388
6,1522,1528,0.1388
6,1513,1519,0.1388
6,1514,1520,0.1388
6,1513,1519,0.1388
6,1507,1513,0.1388
6,1506,1512,0.1388
6,1506,1512,0.1388
6,1517,1523,0.1388
6,1514,1520,0.1388
6,1505,1511,0.1388
6,1514,1520,0.1388
6,1507,1513,0.1388
6,1520,1526,0.1388
6,1523,1529,0.1388
6,1526,1532,0.1388
6,1525,1531,0.1388
6,1523,1529,0.1388
5,1521,1526,0.1388
5,1512,1517,0.1388
5,1516,1521,0.1388
5,1525,1530,0.1388
5,1511,1516,0.1388
5,1513,1518,0.1388
5,1522,1527,0.1388
5,1519,1524,0.1388
5,1524,1529,0.1388
5,1524,1529,0.1388
5,1521,1526,0.1388
5,1514,1519,0.1388
5,1519,1524,0.1388
5,1526,1531,0.1388
4,1510,1514,0.1388
4,1498,1502,0.1388
3,1512,1515,0.1388
3,1511,1514,0.1388
3,1505,1508,0.1388
3,1510,1513,0.1388
4,1508,1512,0.1388
3,1523,1526,0.1388
3,1517,1520,0.1388
3,1513,1516,0.1388
3,1504,1507,0.1388
4,1508,1512,0.1388
4,1526,1530,0.1388
4,1535,1539,0.1388
4,1532,1536,0.1388
4,1515,1519,0.1388
4,1522,1526,0.1388
4,1516,1520,0.1388
4,1522,1526,0.1388
4,1511,1515,0.1388
4,1517,1521,0.1388
4,1524,1528,0.1388
4,1521,1525,0.1388
4,1506,1510,0.1388
4,1501,1505,0.1388
4,1509,1513,0.1388
4,1514,1518,0.1388
4,1505,1509,0.1388
4,1516,1520,0.1388
4,1509,1513,0.1388
4,1515,1519,0.1388
4,1511,1515,0.1388
4,1521,1525,0.1388
4,1523,1527,0.1388
4,1518,1522,0.1388
4,1517,1521,0.1388
4,1522,1526,0.1388
4,1521,1525,0.1388
4,1514,1518,0.1388
4,1519,1523,0.1388
4,1511,1515,0.1388
4,1514,1518,0.1388
4,1511,1515,0.1388
4,1527,1531,0.1388
3,1521,1524,0.1388
3,1523,1526,0.1388
3,1506,1509,0.1388
3,1503,1506,0.1388
3,1502,1505,0.1388
4,1502,1506,0.1388
4,1514,1518,0.1388
4,1521,1525,0.1388
3,1527,1530,0.1388
3,1524,1527,0.1388
3,1519,1522,0.1388
3,1511,1514,0.1388
3,1502,1505,0.1388
3,1504,1507,0.1388
3,1512,1515,0.1388
4,1509,1513,0.1388
4,1503,1507,0.1388
3,1509,1512,0.1388
3,1513,1516,0.1388
5,1513,1518,0.1388
5,1503,1508,0.1388
5,1510,1515,0.1388
5,1516,1521,0.1388
5,1519,1524,0.1388
5,1513,1518,0.1388
5,1519,1524,0.1388
5,1522,1527,0.1388
5,1538,1543,0.1388
5,1535,1540,0.1388
5,1530,1535,0.1388
5,1517,1522,0.1388
6,1516,1522,0.1388
6,1510,1516,0.1388
6,1511,1517,0.1388
6,1511,1517,0.1388
7,1517,1524,0.1388
7,1526,1533,0.1388
7,1521,1528,0.1388
7,1510,1517,0.1388
8,1516,1524,0.1388
8,1507,1515,0.1388
8,1513,1521,0.1388
9,1512,1521,0.1388
7,1516,1523,0.1388
8,1527,1535,0.1388
8,1514,1522,0.1388
8,1510,1518,0.1388
8,1514,1522,0.1388
10,1522,1532,0.1388
10,1506,1516,0.1388
10,1517,1527,0.1388
10,1518,1528,0.1388
10,1518,1528,0.1388
10,1531,1541,0.1388
10,1509,1519,0.1388
9,1501,1510,0.1388
9,1494,1503,0.1388
10,1509,1519,0.1388
11,1515,1526,0.1388
11,1513,1524,0.1388
11,1509,1520,0.1388
11,1496,1507,0.1388
12,1498,1510,0.1388
12,1509,1521,0.1388
12,1503,1515,0.1388
12,1510,1522,0.1388
13,1516,1529,0.1388
13,1513,1526,0.1388
12,1505,1517,0.1388
12,1503,1515,0.1388
12,1502,1514,0.1388
12,1503,1515,0.1388
13,1510,1523,0.1388
14,1503,1517,0.1388
14,1496,1510,0.1388
14,1507,1521,0.1388
14,1501,1515,0.1388
13,1495,1508,0.1388
13,1509,1522,0.1388
15,1510,1525,0.1388
14,1516,1530,0.1388
15,1508,1523,0.1388
15,1513,1528,0.1388
16,1499,1515,0.1388
16,1495,1511,0.1388
15,1499,1514,0.1388
16,1501,1517,0.1388
16,1500,1516,0.1388
16,1489,1505,0.1388
16,1493,1509,0.1388
15,1501,1516,0.1388
15,1505,1520,0.1388
16,1509,1525,0.1388
16,1495,1511,0.1388
16,1498,1514,0.1388
16,1499,1515,0.1388
14,1490,1504,0.1388
14,1494,1508,0.1388
13,1510,1523,0.1388
13,1506,1519,0.1388
13,1510,1523,0.1388
13,1508,1521,0.1388
13,1514,1527,0.1388
13,1507,1520,0.1388
13,1512,1525,0.1388
14,1508,1522,0.1388
14,1519,1533,0.1388
14,1502,1516,0.1388
13,1506,1519,0.1388
13,1500,1513,0.1388
13,1490,1503,0.1388
13,1494,1507,0.1388
13,1506,1519,0.1388
12,1513,1525,0.1388
11,1512,1523,0.1388
12,1515,1527,0.1388
13,1515,1528,0.1388
13,1513,1526,0.1388
13,1513,1526,0.1388
14,1508,1522,0.1388
13,1520,1533,0.1388
13,1502,1515,0.1388
13,1509,1522,0.1388
12,1509,1521,0.1388
11,1498,1509,0.1388
11,1496,1507,0.1388
12,1508,1520,0.1388
13,1517,1530,0.1388
12,1497,1509,0.1388
11,1510,1521,0.1388
11,1504,1515,0.1388
10,1520,1530,0.1388
12,1517,1529,0.1388
12,1518,1530,0.1388
12,1514,1526,0.1388
11,1510,1521,0.1388
11,1521,1532,0.1388
11,1516,1527,0.1388
11,1517,1528,0.1388
9,1506,1515,0.1388
9,1496,1505,0.1388
9,1505,1514,0.1388
8,1513,1521,0.1388
8,1527,1535,0.1388
8,1519,1527,0.1388
8,1520,1528,0.1388
8,1519,1527,0.1388
8,1517,1525,0.1388
8,1518,1526,0.1388
8,1505,1513,0.1388
8,1498,1506,0.1388
8,1506,1514,0.1388
8,1499,1507,0.1388
9,1507,1516,0.1388
9,1503,1512,0.1388
8,1503,1511,0.1388
8,1512,1520,0.1388
6,1512,1518,0.1388
6,1508,1514,0.1388
6,1499,1505,0.1388
6,1507,1513,0.1388
6,1510,1516,0.1388
5,1523,1528,0.1388
5,1511,1516,0.1388
5,1509,1514,0.1388
6,1514,1520,0.1388
5,1496,1501,0.1388
5,1491,1496,0.1388
5,1496,1501,0.1388
5,1514,1519,0.1388
5,1506,1511,0.1388
5,1513,1518,0.1388
4,1514,1518,0.1388
4,1523,1527,0.1388
4,1524,1528,0.1388
4,1512,1516,0.1388
4,1518,1522,0.1388
4,1506,1510,0.1388
5,1513,1518,0.1388
5,1517,1522,0.1388
5,1511,1516,0.1388
5,1502,1507,0.1388
5,1499,1504,0.1388
5,1513,1518,0.1388
5,1518,1523,0.1388
5,1504,1509,0.1388
5,1500,1505,0.1388
4,1510,1514,0.1388
4,1515,1519,0.1388
4,1519,1523,0.1388
4,1522,1526,0.1388
4,1519,1523,0.1388
3,1511,1514,0.1388
2,1505,1507,0.1388
2,1515,1517,0.1388
2,1506,1508,0.1388
2,1506,1508,0.1388
2,1508,1510,0.1388
2,1519,1521,0.1388
2,1509,1511,0.1388
2,1509,1511,0.1388
1,1505,1506,0.1388
1,1513,1514,0.1388
1,1518,1519,0.1388
1,1518,1519,0.1388
1,1524,1525,0.1388
1,1526,1527,0.1388
1,1522,1523,0.1388
1,1527,1528,0.1388
1,1528,1529,0.1388
1,1519,1520,0.1388
1,1525,1526,0.1388
1,1527,1528,0.1388
1,1531,1532,0.1388
1,1518,1519,0.1388
1,1505,1506,0.1388
1,1517,1518,0.1388
1,1521,1522,0.1388
1,1510,1511,0.1388
1,1515,1516,0.1388
1,1518,1519,0.1388
1,1509,1510,0.1388
1,1514,1515,0.1388
1,1501,1502,0.1388
1,1513,1514,0.1388
1,1522,1523,0.1388
1,1506,1507,0.1388
1,1510,1511,0.1388
1,1506,1507,0.1388
1,1512,1513,0.1388
1,1505,1506,0.1388
1,1514,1515,0.1388
1,1511,1512,0.1388
1,1524,1525,0.1388
1,1522,1523,0.1388
1,1512,1513,0.1388
1,1521,1522,0.1388
1,1518,1519,0.1388
1,1515,1516,0.1388
1,1525,1526,0.1388
1,1517,1518,0.1388
1,1505,1506,0.1388
1,1511,1512,0.1388
1,1521,1522,0.1388
1,1533,1534,0.1388
1,1528,1529,0.1388
1,1525,1526,0.1388
1,1527,1528,0.1388
1,1520,1521,0.1388
1,1518,1519,0.1388
1,1514,1515,0.1388
1,1512,1513,0.1388
1,1508,1509,0.1388
2,1508,1510,0.1388
2,1519,1521,0.1388
2,1513,1515,0.1388
2,1511,1513,0.1388
2,1505,1507,0.1388
2,1503,1505,0.1388
2,1496,1498,0.1388
2,1505,1507,0.1388
2,1524,1526,0.1388
2,1522,1524,0.1388
2,1520,1522,0.1388
2,1517,1519,0.1388
2,1503,1505,0.1388
2,1510,1512,0.1388
2,1512,1514,0.1388
2,1508,1510,0.1388
2,1486,1488,0.1388
2,1497,1499,0.1388
2,1501,1503,0.1388
2,1504,1506,0.1388
2,1515,1517,0.1388
1,1503,1504,0.1388
1,1502,1503,0.1388
1,1510,1511,0.1388
1,1523,1524,0.1388
1,1510,1511,0.1388
1,1523,1524,0.1388
1,1516,1517,0.1388
1,1512,1513,0.1388
1,1505,1506,0.1388
1,1510,1511,0.1388
1,1512,1513,0.1388
1,1513,1514,0.1388
1,1507,1508,0.1388
1,1510,1511,0.1388
1,1512,1513,0.1388
1,1511,1512,0.1388
1,1523,1524,0.1388
1,1523,1524,0.1388
1,1518,1519,0.1388
1,1523,1524,0.1388
1,1523,1524,0.1388
1,1520,1521,0.1388
1,1509,1510,0.1388
1,1510,1511,0.1388
1,1510,1511,0.1388
1,1523,1524,0.1388
1,1525,1526,0.1388
1,1522,1523,0.1388
1,1506,1507,0.1388
1,1513,1514,0.1388
1,1514,1515,0.1388
1,1516,1517,0.1388
1,1521,1522,0.1388
1,1522,1523,0.1388
1,1512,1513,0.1388
1,1522,1523,0.1388
1,1516,1517,0.1388
1,1524,1525,0.1388
1,1520,1521,0.1388
1,1516,1517,0.1388
0,1503,1503,0.1388
