1388,29,1417,0.1388
1420,28,1448,0.1388
1437,30,1467,0.1388
1442,30,1472,0.1388
1454,28,1482,0.1388
1467,30,1497,0.1388
1469,29,1498,0.1388
1462,28,1490,0.1388
1471,26,1497,0.1388
1465,26,1491,0.1388
1474,26,1500,0.1388
1470,25,1495,0.1388
1472,25,1497,0.1388
1463,26,1489,0.1388
1484,26,1510,0.1388
1486,25,1511,0.1388
1480,24,1504,0.1388
1474,25,1499,0.1388
1487,24,1511,0.1388
1470,24,1494,0.1388
1467,25,1492,0.1388
1474,24,1498,0.1388
1476,23,1499,0.1388
1467,24,1491,0.1388
1462,24,1486,0.1388
1464,26,1490,0.1388
1453,27,1480,0.1388
1470,27,1497,0.1388
1466,28,1494,0.1388
1473,28,1501,0.1388
1485,28,1513,0.1388
1494,27,1521,0.1388
1475,27,1502,0.1388
1462,26,1488,0.1388
1460,26,1486,0.1388
1471,27,1498,0.1388
1468,29,1497,0.1388
1484,29,1513,0.1388
1474,29,1503,0.1388
1461,29,1490,0.1388
1464,29,1493,0.1388
1470,30,1500,0.1388
1483,29,1512,0.1388
1481,30,1511,0.1388
1481,31,1512,0.1388
1467,27,1494,0.1388
1458,29,1487,0.1388
1474,30,1504,0.1388
1465,31,1496,0.1388
1465,32,1497,0.1388
1467,32,1499,0.1388
1477,32,1509,0.1388
1465,32,1497,0.1388
1461,34,1495,0.1388
1461,37,1498,0.1388
1465,37,1502,0.1388
1458,38,1496,0.1388
1446,37,1483,0.1388
1447,39,1486,0.1388
1455,42,1497,0.1388
1445,40,1485,0.1388
1445,38,1483,0.1388
1433,40,1473,0.1388
1442,43,1485,0.1388
1427,43,1470,0.1388
1439,44,1483,0.1388
1443,45,1488,0.1388
1469,46,1515,0.1388
1457,48,1505,0.1388
1453,48,1501,0.1388
1458,48,1506,0.1388
1446,48,1494,0.1388
1453,47,1500,0.1388
1467,46,1513,0.1388
1463,43,1506,0.1388
1459,43,1502,0.1388
1469,42,1511,0.1388
1466,42,1508,0.1388
1450,44,1494,0.1388
1456,47,1503,0.1388
1446,47,1493,0.1388
1457,49,1506,0.1388
1455,47,1502,0.1388
1468,48,1516,0.1388
1462,47,1509,0.1388
1450,45,1495,0.1388
1449,45,1494,0.1388
1450,45,1495,0.1388
1455,44,1499,0.1388
1450,45,1495,0.1388
1440,44,1484,0.1388
1453,47,1500,0.1388
1448,49,1497,0.1388
1438,46,1484,0.1388
1416,51,1467,0.1388
1422,51,1473,0.1388
1424,50,1474,0.1388
1438,51,1489,0.1388
1433,51,1484,0.1388
1443,51,1494,0.1388
1459,50,1509,0.1388
1469,50,1519,0.1388
1471,47,1518,0.1388
1459,48,1507,0.1388
1459,50,1509,0.1388
1459,50,1509,0.1388
1450,50,1500,0.1388
1447,47,1494,0.1388
1453,48,1501,0.1388
1455,47,1502,0.1388
1457,48,1505,0.1388
1466,46,1512,0.1388
1472,47,1519,0.1388
1465,47,1512,0.1388
1457,49,1506,0.1388
1444,50,1494,0.1388
1442,49,1491,0.1388
1443,49,1492,0.1388
1435,48,1483,0.1388
1447,50,1497,0.1388
1444,48,1492,0.1388
1456,51,1507,0.1388
1446,52,1498,0.1388
1437,55,1492,0.1388
1433,54,1487,0.1388
1432,54,1486,0.1388
1438,53,1491,0.1388
1449,50,1499,0.1388
1452,52,1504,0.1388
1460,53,1513,0.1388
1464,54,1518,0.1388
1442,54,1496,0.1388
1447,54,1501,0.1388
1433,53,1486,0.1388
1436,56,1492,0.1388
1438,56,1494,0.1388
1442,56,1498,0.1388
1437,57,1494,0.1388
1432,57,1489,0.1388
1435,56,1491,0.1388
1440,56,1496,0.1388
1453,55,1508,0.1388
1452,55,1507,0.1388
1453,54,1507,0.1388
1439,55,1494,0.1388
1434,57,1491,0.1388
1434,57,1491,0.1388
1442,57,1499,0.1388
1446,57,1503,0.1388
1441,55,1496,0.1388
1450,54,1504,0.1388
1454,56,1510,0.1388
1448,57,1505,0.1388
1450,56,1506,0.1388
1457,56,1513,0.1388
1447,58,1505,0.1388
1438,57,1495,0.1388
1441,58,1499,0.1388
1441,59,1500,0.1388
1433,58,1491,0.1388
1428,59,1487,0.1388
1442,59,1501,0.1388
1432,55,1487,0.1388
1414,54,1468,0.1388
1410,58,1468,0.1388
1410,59,1469,0.1388
1428,61,1489,0.1388
1420,61,1481,0.1388
1425,59,1484,0.1388
1429,60,1489,0.1388
1428,58,1486,0.1388
1440,57,1497,0.1388
1461,56,1517,0.1388
1440,57,1497,0.1388
1437,57,1494,0.1388
1444,59,1503,0.1388
1427,60,1487,0.1388
1445,60,1505,0.1388
1451,59,1510,0.1388
1423,59,1482,0.1388
1423,61,1484,0.1388
1433,63,1496,0.1388
1428,66,1494,0.1388
1423,67,1490,0.1388
1406,68,1474,0.1388
1416,67,1483,0.1388
1416,72,1488,0.1388
1413,71,1484,0.1388
1408,72,1480,0.1388
1422,74,1496,0.1388
1416,73,1489,0.1388
1419,71,1490,0.1388
1427,70,1497,0.1388
1434,74,1508,0.1388
1436,72,1508,0.1388
1435,75,1510,0.1388
1424,73,1497,0.1388
1419,75,1494,0.1388
1433,73,1506,0.1388
1430,71,1501,0.1388
1449,72,1521,0.1388
1449,70,1519,0.1388
1443,71,1514,0.1388
1439,73,1512,0.1388
1445,71,1516,0.1388
1433,68,1501,0.1388
1416,68,1484,0.1388
1426,67,1493,0.1388
1438,66,1504,0.1388
1441,66,1507,0.1388
1433,65,1498,0.1388
1440,65,1505,0.1388
1437,66,1503,0.1388
1462,67,1529,0.1388
1456,67,1523,0.1388
1442,70,1512,0.1388
1430,71,1501,0.1388
1434,71,1505,0.1388
1422,72,1494,0.1388
1420,73,1493,0.1388
1428,71,1499,0.1388
1434,73,1507,0.1388
1425,69,1494,0.1388
1418,71,1489,0.1388
1398,72,1470,0.1388
1394,70,1464,0.1388
1406,71,1477,0.1388
1410,72,1482,0.1388
1409,73,1482,0.1388
1419,73,1492,0.1388
1444,73,1517,0.1388
1442,74,1516,0.1388
1425,76,1501,0.1388
1424,76,1500,0.1388
1425,74,1499,0.1388
1417,74,1491,0.1388
1424,74,1498,0.1388
1423,72,1495,0.1388
1414,73,1487,0.1388
1411,73,1484,0.1388
1415,70,1485,0.1388
1413,68,1481,0.1388
1424,70,1494,0.1388
1420,73,1493,0.1388
1430,69,1499,0.1388
1428,70,1498,0.1388
1426,69,1495,0.1388
1416,68,1484,0.1388
1416,69,1485,0.1388
1438,69,1507,0.1388
1437,70,1507,0.1388
1425,73,1498,0.1388
1423,71,1494,0.1388
1421,75,1496,0.1388
1427,80,1507,0.1388
1418,81,1499,0.1388
1408,84,1492,0.1388
1399,83,1482,0.1388
1403,86,1489,0.1388
1392,85,1477,0.1388
1396,85,1481,0.1388
1410,88,1498,0.1388
1408,90,1498,0.1388
1417,89,1506,0.1388
1410,86,1496,0.1388
1400,88,1488,0.1388
1399,87,1486,0.1388
1402,85,1487,0.1388
1396,83,1479,0.1388
1396,86,1482,0.1388
1407,88,1495,0.1388
1404,88,1492,0.1388
1408,88,1496,0.1388
1417,89,1506,0.1388
1413,92,1505,0.1388
1418,91,1509,0.1388
1404,95,1499,0.1388
1404,97,1501,0.1388
1394,94,1488,0.1388
1400,94,1494,0.1388
1399,95,1494,0.1388
1392,99,1491,0.1388
1392,100,1492,0.1388
1391,100,1491,0.1388
1392,101,1493,0.1388
1393,99,1492,0.1388
1383,100,1483,0.1388
1382,99,1481,0.1388
1391,100,1491,0.1388
1388,101,1489,0.1388
1380,100,1480,0.1388
1397,99,1496,0.1388
1403,99,1502,0.1388
1401,97,1498,0.1388
1389,95,1484,0.1388
1383,96,1479,0.1388
1375,98,1473,0.1388
1382,97,1479,0.1388
1384,95,1479,0.1388
1396,94,1490,0.1388
1395,95,1490,0.1388
1398,93,1491,0.1388
1401,94,1495,0.1388
1404,92,1496,0.1388
1417,90,1507,0.1388
1417,94,1511,0.1388
1401,90,1491,0.1388
1417,90,1507,0.1388
1405,93,1498,0.1388
1408,92,1500,0.1388
1414,94,1508,0.1388
1407,96,1503,0.1388
1404,97,1501,0.1388
1407,99,1506,0.1388
1387,99,1486,0.1388
1383,99,1482,0.1388
1390,101,1491,0.1388
1395,98,1493,0.1388
1401,102,1503,0.1388
1395,103,1498,0.1388
1393,106,1499,0.1388
1387,102,1489,0.1388
1388,104,1492,0.1388
1398,101,1499,0.1388
1383,101,1484,0.1388
1396,100,1496,0.1388
1400,100,1500,0.1388
1403,101,1504,0.1388
1399,102,1501,0.1388
1397,103,1500,0.1388
1393,102,1495,0.1388
1387,100,1487,0.1388
1401,99,1500,0.1388
1401,97,1498,0.1388
1406,96,1502,0.1388
1396,103,1499,0.1388
1385,102,1487,0.1388
1389,100,1489,0.1388
1392,99,1491,0.1388
1393,99,1492,0.1388
1393,99,1492,0.1388
1393,99,1492,0.1388
1398,96,1494,0.1388
1400,96,1496,0.1388
1384,95,1479,0.1388
1403,93,1496,0.1388
1392,98,1490,0.1388
1402,98,1500,0.1388
1392,96,1488,0.1388
1399,99,1498,0.1388
1396,99,1495,0.1388
1409,99,1508,0.1388
1415,103,1518,0.1388
1415,104,1519,0.1388
1408,102,1510,0.1388
1403,104,1507,0.1388
1399,106,1505,0.1388
1405,103,1508,0.1388
1414,107,1521,0.1388
1410,102,1512,0.1388
1402,101,1503,0.1388
1405,101,1506,0.1388
1406,99,1505,0.1388
1405,101,1506,0.1388
1405,98,1503,0.1388
1408,103,1511,0.1388
1397,106,1503,0.1388
1390,105,1495,0.1388
1400,104,1504,0.1388
1402,104,1506,0.1388
1406,102,1508,0.1388
1399,102,1501,0.1388
1392,99,1491,0.1388
1396,100,1496,0.1388
1393,102,1495,0.1388
1395,105,1500,0.1388
1395,105,1500,0.1388
1387,99,1486,0.1388
1394,97,1491,0.1388
1404,100,1504,0.1388
1409,99,1508,0.1388
1403,99,1502,0.1388
1408,100,1508,0.1388
1396,103,1499,0.1388
1399,104,1503,0.1388
1397,101,1498,0.1388
1403,101,1504,0.1388
1397,101,1498,0.1388
1398,100,1498,0.1388
1391,101,1492,0.1388
1393,101,1494,0.1388
1396,101,1497,0.1388
1385,106,1491,0.1388
1375,109,1484,0.1388
1380,109,1489,0.1388
1389,112,1501,0.1388
1391,115,1506,0.1388
1375,116,1491,0.1388
1381,113,1494,0.1388
1379,110,1489,0.1388
1382,114,1496,0.1388
1374,118,1492,0.1388
1382,118,1500,0.1388
1378,119,1497,0.1388
1380,115,1495,0.1388
1374,111,1485,0.1388
1371,114,1485,0.1388
1383,114,1497,0.1388
1393,112,1505,0.1388
1390,113,1503,0.1388
1377,110,1487,0.1388
1376,112,1488,0.1388
1370,111,1481,0.1388
1373,110,1483,0.1388
1380,116,1496,0.1388
1385,119,1504,0.1388
1377,120,1497,0.1388
1379,118,1497,0.1388
1381,122,1503,0.1388
1377,116,1493,0.1388
1364,114,1478,0.1388
1377,122,1499,0.1388
1371,120,1491,0.1388
1385,118,1503,0.1388
1380,117,1497,0.1388
1368,116,1484,0.1388
1360,114,1474,0.1388
1360,115,1475,0.1388
1358,111,1469,0.1388
1357,114,1471,0.1388
1366,118,1484,0.1388
1373,116,1489,0.1388
1383,116,1499,0.1388
1373,118,1491,0.1388
1382,118,1500,0.1388
1370,119,1489,0.1388
1361,120,1481,0.1388
1350,126,1476,0.1388
1353,128,1481,0.1388
1350,128,1478,0.1388
1367,127,1494,0.1388
1351,125,1476,0.1388
1358,132,1490,0.1388
1362,132,1494,0.1388
1371,133,1504,0.1388
1378,130,1508,0.1388
1369,130,1499,0.1388
1375,129,1504,0.1388
1378,125,1503,0.1388
1379,126,1505,0.1388
1369,127,1496,0.1388
1362,127,1489,0.1388
1362,127,1489,0.1388
1367,131,1498,0.1388
1358,131,1489,0.1388
1349,128,1477,0.1388
1348,124,1472,0.1388
1348,130,1478,0.1388
1350,130,1480,0.1388
1346,129,1475,0.1388
1354,130,1484,0.1388
1356,128,1484,0.1388
1357,131,1488,0.1388
1363,133,1496,0.1388
1372,131,1503,0.1388
1373,132,1505,0.1388
1381,134,1515,0.1388
1377,133,1510,0.1388
1367,131,1498,0.1388
1364,133,1497,0.1388
1359,132,1491,0.1388
1353,131,1484,0.1388
1363,134,1497,0.1388
1360,130,1490,0.1388
1353,130,1483,0.1388
1355,131,1486,0.1388
1355,131,1486,0.1388
1358,133,1491,0.1388
1364,130,1494,0.1388
1356,134,1490,0.1388
1364,137,1501,0.1388
1357,135,1492,0.1388
1361,132,1493,0.1388
1370,141,1511,0.1388
1361,137,1498,0.1388
1364,137,1501,0.1388
1363,137,1500,0.1388
1361,133,1494,0.1388
1358,136,1494,0.1388
1348,135,1483,0.1388
1367,136,1503,0.1388
1348,137,1485,0.1388
1361,137,1498,0.1388
1350,140,1490,0.1388
1349,142,1491,0.1388
1346,141,1487,0.1388
1368,134,1502,0.1388
1374,129,1503,0.1388
1363,131,1494,0.1388
1359,125,1484,0.1388
1351,126,1477,0.1388
1347,129,1476,0.1388
1358,129,1487,0.1388
1362,129,1491,0.1388
1367,132,1499,0.1388
1374,131,1505,0.1388
1363,132,1495,0.1388
1365,133,1498,0.1388
1372,135,1507,0.1388
1377,136,1513,0.1388
1369,138,1507,0.1388
1364,137,1501,0.1388
1377,135,1512,0.1388
1390,130,1520,0.1388
1390,124,1514,0.1388
1383,124,1507,0.1388
1390,129,1519,0.1388
1376,129,1505,0.1388
1383,128,1511,0.1388
1374,127,1501,0.1388
1373,125,1498,0.1388
1376,128,1504,0.1388
1375,130,1505,0.1388
1363,131,1494,0.1388
1366,129,1495,0.1388
1350,128,1478,0.1388
1360,125,1485,0.1388
1360,129,1489,0.1388
1363,133,1496,0.1388
1360,130,1490,0.1388
1356,126,1482,0.1388
1359,128,1487,0.1388
1359,129,1488,0.1388
1359,129,1488,0.1388
1353,128,1481,0.1388
1356,130,1486,0.1388
1368,129,1497,0.1388
1358,128,1486,0.1388
1354,135,1489,0.1388
1363,133,1496,0.1388
1354,136,1490,0.1388
1366,133,1499,0.1388
1369,136,1505,0.1388
1368,134,1502,0.1388
1367,133,1500,0.1388
1362,133,1495,0.1388
1369,137,1506,0.1388
1355,133,1488,0.1388
1357,135,1492,0.1388
1359,134,1493,0.1388
1352,138,1490,0.1388
1372,134,1506,0.1388
1357,129,1486,0.1388
1352,129,1481,0.1388
1354,134,1488,0.1388
1353,134,1487,0.1388
1361,129,1490,0.1388
1364,130,1494,0.1388
1372,131,1503,0.1388
1369,133,1502,0.1388
1370,131,1501,0.1388
1368,136,1504,0.1388
1362,140,1502,0.1388
1359,139,1498,0.1388
1369,141,1510,0.1388
1364,140,1504,0.1388
1371,142,1513,0.1388
1367,138,1505,0.1388
1358,136,1494,0.1388
1360,140,1500,0.1388
1362,139,1501,0.1388
1369,143,1512,0.1388
1360,140,1500,0.1388
1359,144,1503,0.1388
1355,146,1501,0.1388
1354,149,1503,0.1388
1351,149,1500,0.1388
1352,150,1502,0.1388
1348,150,1498,0.1388
1346,151,1497,0.1388
1346,152,1498,0.1388
1343,152,1495,0.1388
1354,154,1508,0.1388
1352,157,1509,0.1388
1351,156,1507,0.1388
1342,153,1495,0.1388
1334,152,1486,0.1388
1340,149,1489,0.1388
1343,151,1494,0.1388
1343,152,1495,0.1388
1348,155,1503,0.1388
1356,151,1507,0.1388
1348,151,1499,0.1388
1351,150,1501,0.1388
1351,152,1503,0.1388
1351,153,1504,0.1388
1358,152,1510,0.1388
1353,150,1503,0.1388
1360,154,1514,0.1388
1354,152,1506,0.1388
1347,157,1504,0.1388
1338,157,1495,0.1388
1347,153,1500,0.1388
1334,153,1487,0.1388
1337,156,1493,0.1388
1338,158,1496,0.1388
1346,161,1507,0.1388
1340,159,1499,0.1388
1346,157,1503,0.1388
1333,157,1490,0.1388
1331,151,1482,0.1388
1322,159,1481,0.1388
1308,161,1469,0.1388
1299,162,1461,0.1388
1321,164,1485,0.1388
1341,162,1503,0.1388
1333,164,1497,0.1388
1342,168,1510,0.1388
1332,167,1499,0.1388
1335,168,1503,0.1388
1322,172,1494,0.1388
1323,170,1493,0.1388
1326,167,1493,0.1388
1317,166,1483,0.1388
1317,164,1481,0.1388
1315,166,1481,0.1388
1311,165,1476,0.1388
1333,163,1496,0.1388
1331,166,1497,0.1388
1335,164,1499,0.1388
1332,164,1496,0.1388
1334,162,1496,0.1388
1339,160,1499,0.1388
1343,162,1505,0.1388
1345,159,1504,0.1388
1347,158,1505,0.1388
1332,158,1490,0.1388
1336,162,1498,0.1388
1333,163,1496,0.1388
1340,162,1502,0.1388
1338,164,1502,0.1388
1326,169,1495,0.1388
1318,170,1488,0.1388
1322,177,1499,0.1388
1320,178,1498,0.1388
1312,175,1487,0.1388
1305,171,1476,0.1388
1311,175,1486,0.1388
1306,175,1481,0.1388
1318,173,1491,0.1388
1303,174,1477,0.1388
1299,181,1480,0.1388
1289,184,1473,0.1388
1297,188,1485,0.1388
1300,186,1486,0.1388
1299,193,1492,0.1388
1293,196,1489,0.1388
1304,192,1496,0.1388
1287,192,1479,0.1388
1286,198,1484,0.1388
1289,198,1487,0.1388
1292,202,1494,0.1388
1293,203,1496,0.1388
1299,207,1506,0.1388
1300,206,1506,0.1388
1294,209,1503,0.1388
1286,210,1496,0.1388
1286,209,1495,0.1388
1288,212,1500,0.1388
1303,212,1515,0.1388
1305,215,1520,0.1388
1304,215,1519,0.1388
1293,213,1506,0.1388
1284,213,1497,0.1388
1275,213,1488,0.1388
1268,215,1483,0.1388
1270,215,1485,0.1388
1273,213,1486,0.1388
1284,210,1494,0.1388
1278,208,1486,0.1388
1285,211,1496,0.1388
1281,213,1494,0.1388
1276,212,1488,0.1388
1280,208,1488,0.1388
1291,207,1498,0.1388
1301,211,1512,0.1388
1301,215,1516,0.1388
1288,215,1503,0.1388
1296,213,1509,0.1388
1294,215,1509,0.1388
1295,215,1510,0.1388
1294,221,1515,0.1388
1285,223,1508,0.1388
1275,219,1494,0.1388
1266,222,1488,0.1388
1260,227,1487,0.1388
1263,229,1492,0.1388
1262,237,1499,0.1388
1259,242,1501,0.1388
1251,246,1497,0.1388
1250,236,1486,0.1388
1253,241,1494,0.1388
1254,246,1500,0.1388
1248,247,1495,0.1388
1242,246,1488,0.1388
1249,246,1495,0.1388
1242,246,1488,0.1388
1235,250,1485,0.1388
1234,251,1485,0.1388
1237,250,1487,0.1388
1235,253,1488,0.1388
1231,259,1490,0.1388
1231,260,1491,0.1388
1244,253,1497,0.1388
1249,253,1502,0.1388
1238,257,1495,0.1388
1241,255,1496,0.1388
1243,254,1497,0.1388
1251,253,1504,0.1388
1258,260,1518,0.1388
1250,263,1513,0.1388
1244,261,1505,0.1388
1237,264,1501,0.1388
1240,264,1504,0.1388
1243,262,1505,0.1388
1243,270,1513,0.1388
1245,268,1513,0.1388
1243,267,1510,0.1388
1232,267,1499,0.1388
1218,266,1484,0.1388
1215,272,1487,0.1388
1221,274,1495,0.1388
1218,273,1491,0.1388
1228,273,1501,0.1388
1215,275,1490,0.1388
1225,282,1507,0.1388
1222,285,1507,0.1388
1221,285,1506,0.1388
1219,286,1505,0.1388
1217,289,1506,0.1388
1202,291,1493,0.1388
1206,295,1501,0.1388
1200,294,1494,0.1388
1202,298,1500,0.1388
1198,305,1503,0.1388
1198,307,1505,0.1388
1199,303,1502,0.1388
1185,304,1489,0.1388
1194,300,1494,0.1388
1201,302,1503,0.1388
1202,301,1503,0.1388
1196,299,1495,0.1388
1197,305,1502,0.1388
1193,305,1498,0.1388
1188,306,1494,0.1388
1189,309,1498,0.1388
1187,308,1495,0.1388
1172,308,1480,0.1388
1171,316,1487,0.1388
1169,324,1493,0.1388
1183,323,1506,0.1388
1182,326,1508,0.1388
1169,324,1493,0.1388
1157,329,1486,0.1388
1158,334,1492,0.1388
1162,331,1493,0.1388
1161,329,1490,0.1388
1172,332,1504,0.1388
1168,336,1504,0.1388
1173,333,1506,0.1388
1171,333,1504,0.1388
1168,335,1503,0.1388
1168,342,1510,0.1388
1166,342,1508,0.1388
1174,339,1513,0.1388
1175,340,1515,0.1388
1183,336,1519,0.1388
1172,329,1501,0.1388
1178,327,1505,0.1388
1174,324,1498,0.1388
1177,330,1507,0.1388
1185,331,1516,0.1388
1178,329,1507,0.1388
1177,330,1507,0.1388
1169,339,1508,0.1388
1163,337,1500,0.1388
1167,338,1505,0.1388
1168,343,1511,0.1388
1170,336,1506,0.1388
1167,334,1501,0.1388
1160,336,1496,0.1388
1161,340,1501,0.1388
1142,345,1487,0.1388
1148,351,1499,0.1388
1157,349,1506,0.1388
1155,348,1503,0.1388
1144,343,1487,0.1388
1144,350,1494,0.1388
1144,348,1492,0.1388
1160,355,1515,0.1388
1152,355,1507,0.1388
1153,353,1506,0.1388
1145,352,1497,0.1388
1138,351,1489,0.1388
1148,355,1503,0.1388
1154,355,1509,0.1388
1157,354,1511,0.1388
1154,355,1509,0.1388
1153,346,1499,0.1388
1145,351,1496,0.1388
1144,347,1491,0.1388
1149,344,1493,0.1388
1145,343,1488,0.1388
1147,342,1489,0.1388
1149,349,1498,0.1388
1148,351,1499,0.1388
1156,347,1503,0.1388
1144,348,1492,0.1388
1150,354,1504,0.1388
1152,355,1507,0.1388
1144,358,1502,0.1388
1136,353,1489,0.1388
1150,355,1505,0.1388
1156,355,1511,0.1388
1147,355,1502,0.1388
1151,355,1506,0.1388
1143,351,1494,0.1388
1140,353,1493,0.1388
1137,353,1490,0.1388
1139,354,1493,0.1388
1133,360,1493,0.1388
1133,366,1499,0.1388
1131,361,1492,0.1388
1122,357,1479,0.1388
1125,359,1484,0.1388
1124,354,1478,0.1388
1127,357,1484,0.1388
1121,360,1481,0.1388
1139,362,1501,0.1388
1148,355,1503,0.1388
1148,352,1500,0.1388
1139,355,1494,0.1388
1143,351,1494,0.1388
1148,357,1505,0.1388
1146,363,1509,0.1388
1146,357,1503,0.1388
1142,357,1499,0.1388
1123,353,1476,0.1388
1124,355,1479,0.1388
1129,361,1490,0.1388
1128,366,1494,0.1388
1125,373,1498,0.1388
1133,374,1507,0.1388
1119,377,1496,0.1388
1108,378,1486,0.1388
1117,373,1490,0.1388
1113,380,1493,0.1388
1100,380,1480,0.1388
1101,388,1489,0.1388
1107,391,1498,0.1388
1104,389,1493,0.1388
1090,390,1480,0.1388
1090,385,1475,0.1388
1092,383,1475,0.1388
1109,385,1494,0.1388
1110,387,1497,0.1388
1118,389,1507,0.1388
1108,393,1501,0.1388
1103,389,1492,0.1388
1090,390,1480,0.1388
1097,392,1489,0.1388
1081,394,1475,0.1388
1099,397,1496,0.1388
1097,388,1485,0.1388
1099,395,1494,0.1388
1081,399,1480,0.1388
1073,399,1472,0.1388
1079,395,1474,0.1388
1092,394,1486,0.1388
1086,404,1490,0.1388
1091,401,1492,0.1388
1094,405,1499,0.1388
1089,413,1502,0.1388
1097,416,1513,0.1388
1090,415,1505,0.1388
1100,416,1516,0.1388
1099,417,1516,0.1388
1089,421,1510,0.1388
1093,414,1507,0.1388
1093,414,1507,0.1388
1092,412,1504,0.1388
1089,419,1508,0.1388
1084,420,1504,0.1388
1076,415,1491,0.1388
1074,415,1489,0.1388
1077,420,1497,0.1388
1080,423,1503,0.1388
1084,422,1506,0.1388
1076,419,1495,0.1388
1070,424,1494,0.1388
1064,424,1488,0.1388
1065,424,1489,0.1388
1067,429,1496,0.1388
1063,419,1482,0.1388
1058,424,1482,0.1388
1053,436,1489,0.1388
1050,442,1492,0.1388
1047,444,1491,0.1388
1059,444,1503,0.1388
1049,448,1497,0.1388
1057,444,1501,0.1388
1055,451,1506,0.1388
1057,449,1506,0.1388
1053,456,1509,0.1388
1051,451,1502,0.1388
1046,441,1487,0.1388
1044,440,1484,0.1388
1038,448,1486,0.1388
1040,444,1484,0.1388
1048,439,1487,0.1388
1052,438,1490,0.1388
1056,441,1497,0.1388
1048,440,1488,0.1388
1050,451,1501,0.1388
1055,447,1502,0.1388
1065,442,1507,0.1388
1056,448,1504,0.1388
1049,454,1503,0.1388
1056,454,1510,0.1388
1049,452,1501,0.1388
1040,448,1488,0.1388
1049,453,1502,0.1388
1057,454,1511,0.1388
1056,445,1501,0.1388
1055,452,1507,0.1388
1056,452,1508,0.1388
1057,454,1511,0.1388
1042,457,1499,0.1388
1025,462,1487,0.1388
1029,471,1500,0.1388
1028,475,1503,0.1388
1028,472,1500,0.1388
1036,471,1507,0.1388
1042,464,1506,0.1388
1047,463,1510,0.1388
1045,465,1510,0.1388
1036,463,1499,0.1388
1042,460,1502,0.1388
1036,461,1497,0.1388
1041,468,1509,0.1388
1032,467,1499,0.1388
1028,473,1501,0.1388
1028,471,1499,0.1388
1027,475,1502,0.1388
1031,472,1503,0.1388
1033,478,1511,0.1388
1032,484,1516,0.1388
1033,486,1519,0.1388
1021,481,1502,0.1388
1023,479,1502,0.1388
1014,483,1497,0.1388
1011,483,1494,0.1388
1012,487,1499,0.1388
1024,488,1512,0.1388
1024,483,1507,0.1388
1023,489,1512,0.1388
1012,504,1516,0.1388
1008,502,1510,0.1388
996,498,1494,0.1388
1004,502,1506,0.1388
998,500,1498,0.1388
1006,502,1508,0.1388
1000,503,1503,0.1388
1003,507,1510,0.1388
990,514,1504,0.1388
985,502,1487,0.1388
992,509,1501,0.1388
1000,512,1512,0.1388
1000,518,1518,0.1388
989,517,1506,0.1388
988,511,1499,0.1388
972,515,1487,0.1388
973,525,1498,0.1388
972,523,1495,0.1388
977,524,1501,0.1388
961,530,1491,0.1388
960,521,1481,0.1388
963,527,1490,0.1388
962,523,1485,0.1388
971,522,1493,0.1388
970,524,1494,0.1388
958,529,1487,0.1388
960,527,1487,0.1388
960,524,1484,0.1388
963,525,1488,0.1388
970,536,1506,0.1388
963,534,1497,0.1388
971,528,1499,0.1388
981,526,1507,0.1388
969,524,1493,0.1388
979,528,1507,0.1388
983,524,1507,0.1388
994,523,1517,0.1388
992,521,1513,0.1388
983,523,1506,0.1388
970,527,1497,0.1388
976,528,1504,0.1388
978,526,1504,0.1388
981,522,1503,0.1388
975,516,1491,0.1388
984,526,1510,0.1388
984,519,1503,0.1388
974,530,1504,0.1388
975,527,1502,0.1388
974,524,1498,0.1388
971,530,1501,0.1388
974,524,1498,0.1388
987,523,1510,0.1388
988,527,1515,0.1388
989,523,1512,0.1388
977,527,1504,0.1388
990,525,1515,0.1388
987,531,1518,0.1388
981,534,1515,0.1388
971,540,1511,0.1388
972,533,1505,0.1388
973,536,1509,0.1388
964,544,1508,0.1388
965,545,1510,0.1388
960,544,1504,0.1388
956,545,1501,0.1388
943,546,1489,0.1388
943,544,1487,0.1388
940,550,1490,0.1388
945,547,1492,0.1388
946,547,1493,0.1388
947,545,1492,0.1388
941,557,1498,0.1388
937,557,1494,0.1388
930,556,1486,0.1388
923,563,1486,0.1388
933,563,1496,0.1388
933,560,1493,0.1388
933,566,1499,0.1388
930,566,1496,0.1388
927,562,1489,0.1388
932,565,1497,0.1388
932,563,1495,0.1388
930,564,1494,0.1388
930,567,1497,0.1388
929,563,1492,0.1388
922,560,1482,0.1388
928,558,1486,0.1388
924,562,1486,0.1388
917,561,1478,0.1388
927,565,1492,0.1388
939,572,1511,0.1388
946,575,1521,0.1388
952,567,1519,0.1388
950,569,1519,0.1388
934,565,1499,0.1388
931,564,1495,0.1388
922,565,1487,0.1388
907,571,1478,0.1388
911,573,1484,0.1388
914,576,1490,0.1388
918,581,1499,0.1388
917,580,1497,0.1388
918,580,1498,0.1388
917,587,1504,0.1388
922,573,1495,0.1388
926,582,1508,0.1388
924,579,1503,0.1388
925,581,1506,0.1388
932,584,1516,0.1388
915,594,1509,0.1388
915,588,1503,0.1388
921,585,1506,0.1388
905,588,1493,0.1388
911,594,1505,0.1388
917,585,1502,0.1388
908,584,1492,0.1388
904,591,1495,0.1388
898,601,1499,0.1388
906,592,1498,0.1388
907,589,1496,0.1388
898,595,1493,0.1388
895,601,1496,0.1388
895,605,1500,0.1388
896,606,1502,0.1388
890,603,1493,0.1388
898,613,1511,0.1388
894,607,1501,0.1388
897,605,1502,0.1388
890,621,1511,0.1388
879,627,1506,0.1388
885,634,1519,0.1388
881,628,1509,0.1388
886,634,1520,0.1388
885,630,1515,0.1388
875,639,1514,0.1388
873,638,1511,0.1388
872,638,1510,0.1388
868,634,1502,0.1388
867,636,1503,0.1388
862,637,1499,0.1388
867,642,1509,0.1388
856,632,1488,0.1388
854,635,1489,0.1388
859,638,1497,0.1388
860,637,1497,0.1388
863,634,1497,0.1388
867,642,1509,0.1388
859,640,1499,0.1388
861,643,1504,0.1388
867,641,1508,0.1388
865,632,1497,0.1388
863,630,1493,0.1388
858,627,1485,0.1388
855,625,1480,0.1388
864,638,1502,0.1388
854,635,1489,0.1388
852,633,1485,0.1388
852,639,1491,0.1388
851,643,1494,0.1388
838,641,1479,0.1388
836,646,1482,0.1388
836,644,1480,0.1388
839,646,1485,0.1388
838,648,1486,0.1388
835,647,1482,0.1388
839,660,1499,0.1388
842,659,1501,0.1388
838,669,1507,0.1388
840,664,1504,0.1388
840,664,1504,0.1388
847,666,1513,0.1388
837,665,1502,0.1388
826,676,1502,0.1388
829,679,1508,0.1388
832,682,1514,0.1388
828,683,1511,0.1388
829,684,1513,0.1388
828,690,1518,0.1388
830,681,1511,0.1388
823,679,1502,0.1388
826,689,1515,0.1388
815,700,1515,0.1388
823,691,1514,0.1388
820,687,1507,0.1388
819,680,1499,0.1388
804,693,1497,0.1388
809,707,1516,0.1388
798,702,1500,0.1388
811,692,1503,0.1388
806,706,1512,0.1388
808,705,1513,0.1388
817,706,1523,0.1388
812,719,1531,0.1388
808,714,1522,0.1388
798,710,1508,0.1388
798,711,1509,0.1388
797,708,1505,0.1388
804,702,1506,0.1388
806,706,1512,0.1388
811,706,1517,0.1388
811,707,1518,0.1388
812,696,1508,0.1388
808,693,1501,0.1388
816,697,1513,0.1388
811,703,1514,0.1388
806,718,1524,0.1388
801,712,1513,0.1388
787,707,1494,0.1388
791,712,1503,0.1388
800,708,1508,0.1388
800,712,1512,0.1388
791,718,1509,0.1388
788,706,1494,0.1388
783,709,1492,0.1388
783,722,1505,0.1388
786,726,1512,0.1388
782,732,1514,0.1388
780,727,1507,0.1388
788,712,1500,0.1388
794,710,1504,0.1388
796,712,1508,0.1388
782,713,1495,0.1388
780,710,1490,0.1388
782,722,1504,0.1388
784,712,1496,0.1388
785,720,1505,0.1388
789,719,1508,0.1388
789,725,1514,0.1388
795,734,1529,0.1388
786,725,1511,0.1388
777,720,1497,0.1388
765,718,1483,0.1388
785,728,1513,0.1388
776,738,1514,0.1388
773,729,1502,0.1388
769,727,1496,0.1388
764,735,1499,0.1388
764,731,1495,0.1388
766,726,1492,0.1388
768,741,1509,0.1388
773,746,1519,0.1388
770,740,1510,0.1388
763,734,1497,0.1388
767,752,1519,0.1388
763,748,1511,0.1388
768,758,1526,0.1388
759,760,1519,0.1388
746,759,1505,0.1388
749,763,1512,0.1388
750,758,1508,0.1388
752,758,1510,0.1388
744,769,1513,0.1388
741,766,1507,0.1388
740,765,1505,0.1388
737,771,1508,0.1388
736,777,1513,0.1388
737,774,1511,0.1388
740,766,1506,0.1388
732,767,1499,0.1388
730,770,1500,0.1388
734,777,1511,0.1388
732,779,1511,0.1388
724,787,1511,0.1388
720,784,1504,0.1388
722,777,1499,0.1388
731,777,1508,0.1388
729,780,1509,0.1388
734,786,1520,0.1388
730,784,1514,0.1388
727,776,1503,0.1388
725,780,1505,0.1388
727,788,1515,0.1388
724,791,1515,0.1388
717,792,1509,0.1388
713,786,1499,0.1388
713,782,1495,0.1388
705,783,1488,0.1388
709,780,1489,0.1388
710,795,1505,0.1388
713,794,1507,0.1388
711,790,1501,0.1388
710,799,1509,0.1388
709,786,1495,0.1388
705,796,1501,0.1388
706,789,1495,0.1388
709,778,1487,0.1388
710,781,1491,0.1388
716,797,1513,0.1388
712,801,1513,0.1388
715,795,1510,0.1388
711,802,1513,0.1388
705,802,1507,0.1388
714,810,1524,0.1388
706,804,1510,0.1388
714,794,1508,0.1388
718,794,1512,0.1388
715,784,1499,0.1388
712,781,1493,0.1388
707,793,1500,0.1388
707,794,1501,0.1388
707,797,1504,0.1388
708,796,1504,0.1388
704,794,1498,0.1388
702,799,1501,0.1388
700,804,1504,0.1388
687,813,1500,0.1388
687,811,1498,0.1388
686,809,1495,0.1388
688,811,1499,0.1388
698,822,1520,0.1388
681,813,1494,0.1388
680,817,1497,0.1388
677,817,1494,0.1388
682,812,1494,0.1388
682,809,1491,0.1388
686,818,1504,0.1388
687,813,1500,0.1388
680,811,1491,0.1388
681,818,1499,0.1388
679,808,1487,0.1388
681,800,1481,0.1388
676,808,1484,0.1388
682,806,1488,0.1388
686,806,1492,0.1388
690,818,1508,0.1388
682,825,1507,0.1388
679,824,1503,0.1388
685,817,1502,0.1388
682,822,1504,0.1388
677,816,1493,0.1388
681,807,1488,0.1388
673,806,1479,0.1388
668,822,1490,0.1388
659,836,1495,0.1388
667,842,1509,0.1388
676,831,1507,0.1388
679,827,1506,0.1388
680,832,1512,0.1388
674,831,1505,0.1388
674,831,1505,0.1388
668,843,1511,0.1388
671,837,1508,0.1388
671,835,1506,0.1388
664,844,1508,0.1388
664,841,1505,0.1388
664,840,1504,0.1388
663,843,1506,0.1388
661,850,1511,0.1388
660,845,1505,0.1388
652,858,1510,0.1388
658,847,1505,0.1388
649,855,1504,0.1388
644,859,1503,0.1388
637,878,1515,0.1388
637,873,1510,0.1388
636,874,1510,0.1388
641,869,1510,0.1388
643,875,1518,0.1388
633,869,1502,0.1388
629,866,1495,0.1388
630,877,1507,0.1388
628,890,1518,0.1388
628,892,1520,0.1388
625,887,1512,0.1388
626,891,1517,0.1388
620,894,1514,0.1388
620,894,1514,0.1388
627,897,1524,0.1388
618,890,1508,0.1388
615,896,1511,0.1388
616,897,1513,0.1388
615,894,1509,0.1388
611,887,1498,0.1388
608,885,1493,0.1388
626,878,1504,0.1388
630,878,1508,0.1388
630,875,1505,0.1388
629,874,1503,0.1388
628,877,1505,0.1388
621,870,1491,0.1388
628,868,1496,0.1388
629,876,1505,0.1388
631,884,1515,0.1388
631,885,1516,0.1388
623,881,1504,0.1388
621,876,1497,0.1388
617,863,1480,0.1388
611,866,1477,0.1388
611,883,1494,0.1388
621,875,1496,0.1388
623,877,1500,0.1388
621,889,1510,0.1388
624,896,1520,0.1388
617,900,1517,0.1388
615,900,1515,0.1388
604,892,1496,0.1388
598,887,1485,0.1388
601,900,1501,0.1388
596,904,1500,0.1388
601,900,1501,0.1388
606,903,1509,0.1388
608,911,1519,0.1388
611,904,1515,0.1388
606,905,1511,0.1388
613,904,1517,0.1388
607,898,1505,0.1388
606,913,1519,0.1388
596,897,1493,0.1388
598,896,1494,0.1388
585,907,1492,0.1388
594,918,1512,0.1388
589,911,1500,0.1388
585,907,1492,0.1388
579,921,1500,0.1388
581,922,1503,0.1388
574,922,1496,0.1388
566,920,1486,0.1388
570,923,1493,0.1388
574,926,1500,0.1388
576,908,1484,0.1388
583,921,1504,0.1388
583,920,1503,0.1388
586,920,1506,0.1388
579,924,1503,0.1388
577,935,1512,0.1388
571,939,1510,0.1388
578,930,1508,0.1388
578,926,1504,0.1388
576,935,1511,0.1388
572,941,1513,0.1388
565,932,1497,0.1388
560,932,1492,0.1388
562,926,1488,0.1388
566,931,1497,0.1388
569,941,1510,0.1388
563,951,1514,0.1388
565,949,1514,0.1388
563,948,1511,0.1388
574,942,1516,0.1388
575,943,1518,0.1388
573,940,1513,0.1388
565,941,1506,0.1388
555,941,1496,0.1388
562,947,1509,0.1388
561,951,1512,0.1388
569,940,1509,0.1388
561,947,1508,0.1388
565,941,1506,0.1388
563,950,1513,0.1388
558,954,1512,0.1388
560,959,1519,0.1388
558,963,1521,0.1388
555,956,1511,0.1388
558,956,1514,0.1388
562,965,1527,0.1388
556,950,1506,0.1388
553,959,1512,0.1388
556,957,1513,0.1388
558,956,1514,0.1388
552,955,1507,0.1388
547,958,1505,0.1388
558,966,1524,0.1388
557,965,1522,0.1388
550,958,1508,0.1388
549,953,1502,0.1388
545,954,1499,0.1388
546,957,1503,0.1388
550,958,1508,0.1388
550,965,1515,0.1388
547,962,1509,0.1388
547,965,1512,0.1388
542,966,1508,0.1388
543,971,1514,0.1388
539,970,1509,0.1388
545,965,1510,0.1388
533,966,1499,0.1388
544,957,1501,0.1388
537,950,1487,0.1388
542,958,1500,0.1388
540,956,1496,0.1388
538,961,1499,0.1388
534,954,1488,0.1388
528,947,1475,0.1388
528,953,1481,0.1388
530,954,1484,0.1388
537,963,1500,0.1388
537,973,1510,0.1388
533,978,1511,0.1388
534,972,1506,0.1388
533,973,1506,0.1388
533,984,1517,0.1388
528,981,1509,0.1388
528,979,1507,0.1388
521,984,1505,0.1388
521,981,1502,0.1388
527,978,1505,0.1388
527,989,1516,0.1388
524,994,1518,0.1388
522,984,1506,0.1388
522,982,1504,0.1388
520,984,1504,0.1388
525,993,1518,0.1388
515,995,1510,0.1388
525,999,1524,0.1388
524,988,1512,0.1388
524,997,1521,0.1388
521,1010,1531,0.1388
517,999,1516,0.1388
507,1001,1508,0.1388
503,1002,1505,0.1388
501,996,1497,0.1388
507,1013,1520,0.1388
507,1014,1521,0.1388
504,1009,1513,0.1388
498,1011,1509,0.1388
502,993,1495,0.1388
504,996,1500,0.1388
503,1011,1514,0.1388
500,1020,1520,0.1388
491,1017,1508,0.1388
490,1015,1505,0.1388
495,1010,1505,0.1388
498,1012,1510,0.1388
496,1008,1504,0.1388
501,997,1498,0.1388
495,992,1487,0.1388
492,997,1489,0.1388
487,1012,1499,0.1388
484,1023,1507,0.1388
486,1019,1505,0.1388
491,1022,1513,0.1388
495,1008,1503,0.1388
496,1029,1525,0.1388
489,1036,1525,0.1388
488,1034,1522,0.1388
480,1032,1512,0.1388
479,1042,1521,0.1388
478,1026,1504,0.1388
474,1015,1489,0.1388
482,1019,1501,0.1388
480,1018,1498,0.1388
472,1026,1498,0.1388
482,1026,1508,0.1388
477,1041,1518,0.1388
473,1050,1523,0.1388
467,1050,1517,0.1388
464,1044,1508,0.1388
460,1042,1502,0.1388
457,1041,1498,0.1388
457,1049,1506,0.1388
454,1043,1497,0.1388
461,1051,1512,0.1388
462,1046,1508,0.1388
464,1046,1510,0.1388
468,1044,1512,0.1388
464,1041,1505,0.1388
464,1046,1510,0.1388
457,1049,1506,0.1388
458,1034,1492,0.1388
459,1048,1507,0.1388
459,1053,1512,0.1388
453,1059,1512,0.1388
457,1057,1514,0.1388
452,1055,1507,0.1388
445,1057,1502,0.1388
446,1059,1505,0.1388
445,1053,1498,0.1388
439,1053,1492,0.1388
438,1059,1497,0.1388
447,1078,1525,0.1388
442,1065,1507,0.1388
442,1070,1512,0.1388
440,1065,1505,0.1388
432,1074,1506,0.1388
432,1069,1501,0.1388
433,1072,1505,0.1388
434,1074,1508,0.1388
428,1092,1520,0.1388
431,1097,1528,0.1388
430,1099,1529,0.1388
432,1087,1519,0.1388
430,1087,1517,0.1388
427,1083,1510,0.1388
421,1088,1509,0.1388
417,1093,1510,0.1388
421,1100,1521,0.1388
418,1100,1518,0.1388
414,1104,1518,0.1388
412,1099,1511,0.1388
406,1102,1508,0.1388
402,1104,1506,0.1388
400,1112,1512,0.1388
399,1120,1519,0.1388
405,1120,1525,0.1388
410,1120,1530,0.1388
410,1107,1517,0.1388
411,1102,1513,0.1388
409,1111,1520,0.1388
413,1107,1520,0.1388
413,1112,1525,0.1388
408,1108,1516,0.1388
402,1095,1497,0.1388
395,1095,1490,0.1388
402,1098,1500,0.1388
399,1105,1504,0.1388
407,1100,1507,0.1388
408,1111,1519,0.1388
407,1119,1526,0.1388
399,1109,1508,0.1388
402,1114,1516,0.1388
391,1121,1512,0.1388
382,1118,1500,0.1388
388,1114,1502,0.1388
388,1124,1512,0.1388
391,1124,1515,0.1388
387,1122,1509,0.1388
387,1126,1513,0.1388
386,1126,1512,0.1388
392,1124,1516,0.1388
388,1133,1521,0.1388
385,1121,1506,0.1388
385,1123,1508,0.1388
377,1131,1508,0.1388
379,1133,1512,0.1388
373,1130,1503,0.1388
374,1142,1516,0.1388
375,1136,1511,0.1388
367,1147,1514,0.1388
358,1144,1502,0.1388
359,1147,1506,0.1388
355,1140,1495,0.1388
365,1141,1506,0.1388
368,1143,1511,0.1388
366,1154,1520,0.1388
357,1146,1503,0.1388
355,1145,1500,0.1388
354,1156,1510,0.1388
349,1157,1506,0.1388
345,1150,1495,0.1388
348,1145,1493,0.1388
349,1146,1495,0.1388
351,1145,1496,0.1388
359,1151,1510,0.1388
361,1137,1498,0.1388
359,1151,1510,0.1388
354,1156,1510,0.1388
347,1159,1506,0.1388
351,1170,1521,0.1388
346,1176,1522,0.1388
357,1174,1531,0.1388
357,1177,1534,0.1388
358,1168,1526,0.1388
354,1159,1513,0.1388
350,1169,1519,0.1388
343,1163,1506,0.1388
339,1158,1497,0.1388
337,1160,1497,0.1388
342,1163,1505,0.1388
344,1171,1515,0.1388
341,1167,1508,0.1388
338,1173,1511,0.1388
332,1167,1499,0.1388
330,1170,1500,0.1388
327,1172,1499,0.1388
331,1166,1497,0.1388
333,1166,1499,0.1388
340,1175,1515,0.1388
337,1187,1524,0.1388
334,1185,1519,0.1388
336,1183,1519,0.1388
338,1186,1524,0.1388
328,1175,1503,0.1388
325,1178,1503,0.1388
327,1185,1512,0.1388
322,1176,1498,0.1388
321,1189,1510,0.1388
322,1184,1506,0.1388
321,1181,1502,0.1388
318,1186,1504,0.1388
317,1189,1506,0.1388
308,1196,1504,0.1388
305,1202,1507,0.1388
305,1196,1501,0.1388
308,1188,1496,0.1388
309,1192,1501,0.1388
307,1203,1510,0.1388
312,1204,1516,0.1388
310,1199,1509,0.1388
304,1206,1510,0.1388
301,1217,1518,0.1388
304,1213,1517,0.1388
306,1210,1516,0.1388
306,1223,1529,0.1388
297,1226,1523,0.1388
297,1215,1512,0.1388
293,1203,1496,0.1388
288,1207,1495,0.1388
288,1219,1507,0.1388
287,1230,1517,0.1388
286,1216,1502,0.1388
289,1212,1501,0.1388
290,1217,1507,0.1388
282,1224,1506,0.1388
281,1220,1501,0.1388
279,1227,1506,0.1388
272,1233,1505,0.1388
276,1237,1513,0.1388
277,1230,1507,0.1388
272,1246,1518,0.1388
273,1238,1511,0.1388
268,1238,1506,0.1388
266,1237,1503,0.1388
267,1236,1503,0.1388
273,1230,1503,0.1388
274,1232,1506,0.1388
278,1244,1522,0.1388
276,1235,1511,0.1388
273,1244,1517,0.1388
272,1237,1509,0.1388
270,1241,1511,0.1388
276,1230,1506,0.1388
272,1234,1506,0.1388
272,1238,1510,0.1388
268,1230,1498,0.1388
267,1236,1503,0.1388
272,1232,1504,0.1388
270,1225,1495,0.1388
273,1237,1510,0.1388
270,1245,1515,0.1388
266,1260,1526,0.1388
270,1264,1534,0.1388
261,1258,1519,0.1388
258,1247,1505,0.1388
258,1251,1509,0.1388
255,1248,1503,0.1388
256,1259,1515,0.1388
256,1258,1514,0.1388
258,1254,1512,0.1388
260,1250,1510,0.1388
257,1252,1509,0.1388
250,1252,1502,0.1388
246,1254,1500,0.1388
244,1258,1502,0.1388
243,1252,1495,0.1388
240,1256,1496,0.1388
234,1267,1501,0.1388
232,1268,1500,0.1388
236,1260,1496,0.1388
239,1257,1496,0.1388
233,1260,1493,0.1388
232,1273,1505,0.1388
237,1280,1517,0.1388
237,1275,1512,0.1388
231,1294,1525,0.1388
231,1286,1517,0.1388
234,1296,1530,0.1388
235,1297,1532,0.1388
233,1288,1521,0.1388
231,1289,1520,0.1388
229,1299,1528,0.1388
233,1298,1531,0.1388
234,1304,1538,0.1388
235,1310,1545,0.1388
232,1300,1532,0.1388
230,1299,1529,0.1388
235,1298,1533,0.1388
233,1294,1527,0.1388
236,1296,1532,0.1388
233,1294,1527,0.1388
228,1289,1517,0.1388
230,1294,1524,0.1388
224,1307,1531,0.1388
226,1295,1521,0.1388
227,1292,1519,0.1388
224,1289,1513,0.1388
219,1297,1516,0.1388
219,1288,1507,0.1388
220,1283,1503,0.1388
217,1288,1505,0.1388
214,1283,1497,0.1388
214,1279,1493,0.1388
213,1294,1507,0.1388
212,1300,1512,0.1388
212,1311,1523,0.1388
212,1292,1504,0.1388
216,1298,1514,0.1388
215,1299,1514,0.1388
212,1310,1522,0.1388
215,1308,1523,0.1388
216,1307,1523,0.1388
215,1297,1512,0.1388
214,1292,1506,0.1388
212,1297,1509,0.1388
204,1291,1495,0.1388
203,1309,1512,0.1388
202,1315,1517,0.1388
199,1322,1521,0.1388
206,1318,1524,0.1388
205,1308,1513,0.1388
198,1307,1505,0.1388
197,1308,1505,0.1388
195,1315,1510,0.1388
199,1313,1512,0.1388
194,1320,1514,0.1388
201,1308,1509,0.1388
199,1324,1523,0.1388
195,1315,1510,0.1388
196,1326,1522,0.1388
186,1330,1516,0.1388
184,1325,1509,0.1388
190,1325,1515,0.1388
190,1326,1516,0.1388
183,1332,1515,0.1388
187,1324,1511,0.1388
188,1325,1513,0.1388
189,1333,1522,0.1388
189,1336,1525,0.1388
187,1331,1518,0.1388
192,1331,1523,0.1388
198,1316,1514,0.1388
193,1323,1516,0.1388
190,1322,1512,0.1388
184,1334,1518,0.1388
180,1327,1507,0.1388
179,1333,1512,0.1388
180,1329,1509,0.1388
176,1337,1513,0.1388
181,1349,1530,0.1388
182,1343,1525,0.1388
176,1344,1520,0.1388
174,1341,1515,0.1388
179,1344,1523,0.1388
182,1347,1529,0.1388
183,1338,1521,0.1388
178,1345,1523,0.1388
175,1339,1514,0.1388
174,1347,1521,0.1388
177,1345,1522,0.1388
174,1355,1529,0.1388
173,1349,1522,0.1388
172,1347,1519,0.1388
171,1334,1505,0.1388
172,1333,1505,0.1388
170,1332,1502,0.1388
166,1333,1499,0.1388
163,1338,1501,0.1388
163,1354,1517,0.1388
160,1355,1515,0.1388
162,1359,1521,0.1388
164,1350,1514,0.1388
158,1349,1507,0.1388
159,1356,1515,0.1388
161,1358,1519,0.1388
159,1353,1512,0.1388
157,1354,1511,0.1388
154,1348,1502,0.1388
148,1360,1508,0.1388
145,1353,1498,0.1388
141,1354,1495,0.1388
147,1369,1516,0.1388
146,1377,1523,0.1388
146,1364,1510,0.1388
147,1361,1508,0.1388
146,1371,1517,0.1388
142,1359,1501,0.1388
136,1357,1493,0.1388
139,1359,1498,0.1388
137,1364,1501,0.1388
140,1367,1507,0.1388
138,1364,1502,0.1388
133,1370,1503,0.1388
130,1378,1508,0.1388
133,1384,1517,0.1388
134,1390,1524,0.1388
133,1394,1527,0.1388
133,1378,1511,0.1388
135,1383,1518,0.1388
137,1395,1532,0.1388
135,1387,1522,0.1388
134,1379,1513,0.1388
131,1386,1517,0.1388
126,1393,1519,0.1388
124,1384,1508,0.1388
123,1393,1516,0.1388
125,1385,1510,0.1388
130,1392,1522,0.1388
130,1384,1514,0.1388
132,1390,1522,0.1388
133,1401,1534,0.1388
131,1399,1530,0.1388
129,1393,1522,0.1388
127,1384,1511,0.1388
127,1380,1507,0.1388
125,1386,1511,0.1388
125,1384,1509,0.1388
124,1388,1512,0.1388
126,1385,1511,0.1388
124,1376,1500,0.1388
124,1382,1506,0.1388
125,1384,1509,0.1388
127,1377,1504,0.1388
126,1378,1504,0.1388
127,1374,1501,0.1388
126,1387,1513,0.1388
122,1394,1516,0.1388
121,1400,1521,0.1388
121,1400,1521,0.1388
122,1397,1519,0.1388
121,1402,1523,0.1388
117,1412,1529,0.1388
117,1406,1523,0.1388
115,1405,1520,0.1388
114,1404,1518,0.1388
110,1410,1520,0.1388
110,1401,1511,0.1388
106,1413,1519,0.1388
103,1410,1513,0.1388
103,1415,1518,0.1388
103,1415,1518,0.1388
102,1410,1512,0.1388
102,1422,1524,0.1388
104,1417,1521,0.1388
104,1425,1529,0.1388
104,1421,1525,0.1388
107,1409,1516,0.1388
103,1400,1503,0.1388
102,1405,1507,0.1388
101,1418,1519,0.1388
96,1418,1514,0.1388
96,1422,1518,0.1388
97,1417,1514,0.1388
98,1418,1516,0.1388
96,1424,1520,0.1388
98,1416,1514,0.1388
95,1406,1501,0.1388
95,1405,1500,0.1388
98,1404,1502,0.1388
97,1420,1517,0.1388
96,1415,1511,0.1388
98,1419,1517,0.1388
97,1424,1521,0.1388
97,1427,1524,0.1388
96,1424,1520,0.1388
95,1419,1514,0.1388
97,1420,1517,0.1388
94,1422,1516,0.1388
95,1428,1523,0.1388
97,1430,1527,0.1388
95,1419,1514,0.1388
91,1417,1508,0.1388
93,1419,1512,0.1388
90,1422,1512,0.1388
91,1417,1508,0.1388
95,1424,1519,0.1388
94,1422,1516,0.1388
91,1425,1516,0.1388
90,1428,1518,0.1388
89,1439,1528,0.1388
87,1450,1537,0.1388
89,1440,1529,0.1388
90,1443,1533,0.1388
91,1443,1534,0.1388
90,1429,1519,0.1388
89,1429,1518,0.1388
87,1418,1505,0.1388
89,1403,1492,0.1388
90,1414,1504,0.1388
90,1416,1506,0.1388
92,1417,1509,0.1388
91,1417,1508,0.1388
91,1413,1504,0.1388
94,1414,1508,0.1388
92,1422,1514,0.1388
95,1409,1504,0.1388
98,1405,1503,0.1388
97,1409,1506,0.1388
98,1410,1508,0.1388
93,1399,1492,0.1388
93,1409,1502,0.1388
96,1411,1507,0.1388
100,1420,1520,0.1388
99,1424,1523,0.1388
100,1416,1516,0.1388
100,1405,1505,0.1388
98,1425,1523,0.1388
100,1418,1518,0.1388
101,1421,1522,0.1388
98,1420,1518,0.1388
93,1416,1509,0.1388
95,1414,1509,0.1388
96,1424,1520,0.1388
96,1413,1509,0.1388
93,1421,1514,0.1388
93,1420,1513,0.1388
93,1424,1517,0.1388
93,1417,1510,0.1388
96,1408,1504,0.1388
97,1408,1505,0.1388
95,1412,1507,0.1388
96,1416,1512,0.1388
96,1409,1505,0.1388
96,1412,1508,0.1388
92,1417,1509,0.1388
92,1424,1516,0.1388
93,1426,1519,0.1388
89,1429,1518,0.1388
89,1426,1515,0.1388
89,1419,1508,0.1388
90,1422,1512,0.1388
94,1421,1515,0.1388
94,1423,1517,0.1388
94,1422,1516,0.1388
95,1430,1525,0.1388
94,1432,1526,0.1388
93,1433,1526,0.1388
92,1429,1521,0.1388
90,1429,1519,0.1388
90,1422,1512,0.1388
90,1419,1509,0.1388
91,1419,1510,0.1388
92,1420,1512,0.1388
95,1427,1522,0.1388
93,1432,1525,0.1388
91,1421,1512,0.1388
91,1433,1524,0.1388
93,1429,1522,0.1388
94,1439,1533,0.1388
93,1431,1524,0.1388
94,1431,1525,0.1388
93,1410,1503,0.1388
94,1424,1518,0.1388
94,1418,1512,0.1388
95,1421,1516,0.1388
92,1427,1519,0.1388
95,1422,1517,0.1388
94,1424,1518,0.1388
91,1440,1531,0.1388
92,1428,1520,0.1388
93,1428,1521,0.1388
93,1422,1515,0.1388
93,1415,1508,0.1388
92,1416,1508,0.1388
90,1420,1510,0.1388
90,1410,1500,0.1388
91,1401,1492,0.1388
91,1401,1492,0.1388
91,1400,1491,0.1388
89,1424,1513,0.1388
89,1434,1523,0.1388
85,1429,1514,0.1388
87,1431,1518,0.1388
87,1440,1527,0.1388
88,1432,1520,0.1388
89,1425,1514,0.1388
92,1431,1523,0.1388
91,1426,1517,0.1388
91,1436,1527,0.1388
93,1431,1524,0.1388
91,1442,1533,0.1388
89,1451,1540,0.1388
89,1425,1514,0.1388
89,1441,1530,0.1388
89,1437,1526,0.1388
89,1424,1513,0.1388
86,1435,1521,0.1388
86,1450,1536,0.1388
86,1434,1520,0.1388
85,1427,1512,0.1388
86,1427,1513,0.1388
84,1424,1508,0.1388
88,1409,1497,0.1388
87,1414,1501,0.1388
84,1419,1503,0.1388
85,1424,1509,0.1388
85,1421,1506,0.1388
86,1420,1506,0.1388
86,1416,1502,0.1388
86,1419,1505,0.1388
86,1423,1509,0.1388
90,1419,1509,0.1388
89,1420,1509,0.1388
89,1428,1517,0.1388
88,1436,1524,0.1388
88,1435,1523,0.1388
85,1430,1515,0.1388
88,1420,1508,0.1388
84,1425,1509,0.1388
86,1421,1507,0.1388
86,1440,1526,0.1388
85,1432,1517,0.1388
86,1428,1514,0.1388
87,1432,1519,0.1388
83,1425,1508,0.1388
84,1432,1516,0.1388
82,1439,1521,0.1388
83,1439,1522,0.1388
82,1431,1513,0.1388
84,1422,1506,0.1388
85,1430,1515,0.1388
85,1426,1511,0.1388
85,1428,1513,0.1388
83,1445,1528,0.1388
84,1441,1525,0.1388
81,1443,1524,0.1388
80,1452,1532,0.1388
80,1458,1538,0.1388
79,1450,1529,0.1388
81,1444,1525,0.1388
80,1435,1515,0.1388
78,1424,1502,0.1388
73,1425,1498,0.1388
75,1416,1491,0.1388
75,1408,1483,0.1388
73,1417,1490,0.1388
73,1431,1504,0.1388
72,1434,1506,0.1388
72,1438,1510,0.1388
74,1446,1520,0.1388
72,1433,1505,0.1388
70,1425,1495,0.1388
70,1430,1500,0.1388
73,1430,1503,0.1388
71,1427,1498,0.1388
72,1423,1495,0.1388
73,1427,1500,0.1388
71,1433,1504,0.1388
74,1436,1510,0.1388
75,1439,1514,0.1388
75,1431,1506,0.1388
74,1449,1523,0.1388
75,1445,1520,0.1388
75,1440,1515,0.1388
73,1452,1525,0.1388
75,1451,1526,0.1388
75,1458,1533,0.1388
73,1446,1519,0.1388
73,1444,1517,0.1388
70,1434,1504,0.1388
70,1431,1501,0.1388
68,1436,1504,0.1388
64,1439,1503,0.1388
64,1444,1508,0.1388
64,1453,1517,0.1388
66,1458,1524,0.1388
66,1455,1521,0.1388
65,1439,1504,0.1388
63,1437,1500,0.1388
62,1449,1511,0.1388
61,1439,1500,0.1388
63,1452,1515,0.1388
65,1452,1517,0.1388
66,1455,1521,0.1388
65,1445,1510,0.1388
67,1449,1516,0.1388
65,1456,1521,0.1388
63,1459,1522,0.1388
64,1446,1510,0.1388
65,1453,1518,0.1388
66,1435,1501,0.1388
68,1454,1522,0.1388
69,1454,1523,0.1388
68,1449,1517,0.1388
70,1455,1525,0.1388
67,1444,1511,0.1388
68,1460,1528,0.1388
68,1454,1522,0.1388
67,1442,1509,0.1388
68,1441,1509,0.1388
67,1449,1516,0.1388
67,1436,1503,0.1388
67,1431,1498,0.1388
66,1433,1499,0.1388
62,1430,1492,0.1388
63,1443,1506,0.1388
60,1447,1507,0.1388
61,1453,1514,0.1388
61,1461,1522,0.1388
60,1452,1512,0.1388
61,1453,1514,0.1388
62,1448,1510,0.1388
61,1449,1510,0.1388
62,1457,1519,0.1388
60,1453,1513,0.1388
56,1448,1504,0.1388
58,1447,1505,0.1388
60,1454,1514,0.1388
59,1458,1517,0.1388
61,1470,1531,0.1388
63,1468,1531,0.1388
60,1459,1519,0.1388
58,1453,1511,0.1388
58,1463,1521,0.1388
57,1472,1529,0.1388
59,1469,1528,0.1388
59,1452,1511,0.1388
61,1466,1527,0.1388
59,1470,1529,0.1388
61,1473,1534,0.1388
58,1460,1518,0.1388
59,1462,1521,0.1388
57,1456,1513,0.1388
54,1469,1523,0.1388
54,1461,1515,0.1388
54,1455,1509,0.1388
52,1454,1506,0.1388
53,1456,1509,0.1388
55,1455,1510,0.1388
55,1457,1512,0.1388
52,1461,1513,0.1388
51,1462,1513,0.1388
53,1458,1511,0.1388
59,1464,1523,0.1388
57,1471,1528,0.1388
60,1463,1523,0.1388
62,1466,1528,0.1388
60,1464,1524,0.1388
58,1464,1522,0.1388
57,1467,1524,0.1388
55,1461,1516,0.1388
56,1454,1510,0.1388
55,1455,1510,0.1388
54,1444,1498,0.1388
55,1445,1500,0.1388
55,1449,1504,0.1388
53,1436,1489,0.1388
54,1454,1508,0.1388
54,1456,1510,0.1388
57,1454,1511,0.1388
61,1461,1522,0.1388
61,1462,1523,0.1388
57,1469,1526,0.1388
56,1451,1507,0.1388
55,1456,1511,0.1388
55,1470,1525,0.1388
56,1468,1524,0.1388
56,1474,1530,0.1388
54,1462,1516,0.1388
55,1459,1514,0.1388
55,1463,1518,0.1388
54,1461,1515,0.1388
55,1455,1510,0.1388
53,1452,1505,0.1388
54,1452,1506,0.1388
52,1453,1505,0.1388
53,1461,1514,0.1388
52,1458,1510,0.1388
49,1446,1495,0.1388
47,1455,1502,0.1388
45,1448,1493,0.1388
47,1458,1505,0.1388
47,1480,1527,0.1388
47,1477,1524,0.1388
46,1460,1506,0.1388
47,1464,1511,0.1388
47,1474,1521,0.1388
49,1471,1520,0.1388
51,1448,1499,0.1388
50,1455,1505,0.1388
49,1456,1505,0.1388
47,1455,1502,0.1388
49,1472,1521,0.1388
48,1481,1529,0.1388
47,1466,1513,0.1388
44,1470,1514,0.1388
43,1467,1510,0.1388
43,1474,1517,0.1388
46,1476,1522,0.1388
47,1466,1513,0.1388
43,1467,1510,0.1388
43,1456,1499,0.1388
45,1473,1518,0.1388
43,1467,1510,0.1388
45,1462,1507,0.1388
45,1478,1523,0.1388
45,1488,1533,0.1388
47,1480,1527,0.1388
47,1483,1530,0.1388
46,1465,1511,0.1388
47,1444,1491,0.1388
46,1463,1509,0.1388
44,1450,1494,0.1388
44,1467,1511,0.1388
44,1459,1503,0.1388
44,1453,1497,0.1388
43,1476,1519,0.1388
42,1466,1508,0.1388
41,1466,1507,0.1388
40,1463,1503,0.1388
41,1454,1495,0.1388
40,1462,1502,0.1388
40,1460,1500,0.1388
42,1468,1510,0.1388
43,1477,1520,0.1388
43,1477,1520,0.1388
42,1468,1510,0.1388
45,1468,1513,0.1388
46,1464,1510,0.1388
47,1471,1518,0.1388
47,1484,1531,0.1388
45,1463,1508,0.1388
42,1462,1504,0.1388
43,1474,1517,0.1388
43,1465,1508,0.1388
43,1454,1497,0.1388
42,1465,1507,0.1388
42,1471,1513,0.1388
42,1470,1512,0.1388
42,1471,1513,0.1388
42,1475,1517,0.1388
43,1479,1522,0.1388
41,1483,1524,0.1388
41,1478,1519,0.1388
41,1472,1513,0.1388
37,1485,1522,0.1388
36,1474,1510,0.1388
35,1466,1501,0.1388
34,1476,1510,0.1388
34,1478,1512,0.1388
32,1484,1516,0.1388
34,1478,1512,0.1388
34,1473,1507,0.1388
34,1475,1509,0.1388
34,1485,1519,0.1388
36,1493,1529,0.1388
37,1475,1512,0.1388
38,1477,1515,0.1388
41,1474,1515,0.1388
41,1461,1502,0.1388
42,1470,1512,0.1388
43,1474,1517,0.1388
40,1474,1514,0.1388
40,1471,1511,0.1388
39,1468,1507,0.1388
39,1470,1509,0.1388
39,1459,1498,0.1388
39,1459,1498,0.1388
38,1454,1492,0.1388
40,1471,1511,0.1388
40,1479,1519,0.1388
40,1475,1515,0.1388
38,1483,1521,0.1388
39,1480,1519,0.1388
37,1476,1513,0.1388
37,1473,1510,0.1388
39,1471,1510,0.1388
37,1468,1505,0.1388
37,1461,1498,0.1388
36,1479,1515,0.1388
34,1481,1515,0.1388
35,1471,1506,0.1388
34,1467,1501,0.1388
35,1463,1498,0.1388
37,1471,1508,0.1388
36,1470,1506,0.1388
38,1466,1504,0.1388
38,1476,1514,0.1388
36,1469,1505,0.1388
38,1469,1507,0.1388
39,1476,1515,0.1388
42,1481,1523,0.1388
41,1489,1530,0.1388
40,1473,1513,0.1388
44,1466,1510,0.1388
43,1474,1517,0.1388
42,1476,1518,0.1388
41,1478,1519,0.1388
42,1478,1520,0.1388
39,1485,1524,0.1388
40,1479,1519,0.1388
38,1474,1512,0.1388
37,1479,1516,0.1388
36,1464,1500,0.1388
36,1474,1510,0.1388
37,1482,1519,0.1388
37,1488,1525,0.1388
36,1487,1523,0.1388
36,1481,1517,0.1388
36,1489,1525,0.1388
36,1490,1526,0.1388
35,1500,1535,0.1388
33,1498,1531,0.1388
33,1484,1517,0.1388
33,1476,1509,0.1388
33,1489,1522,0.1388
33,1474,1507,0.1388
31,1476,1507,0.1388
30,1479,1509,0.1388
29,1482,1511,0.1388
29,1475,1504,0.1388
27,1486,1513,0.1388
27,1479,1506,0.1388
26,1479,1505,0.1388
29,1482,1511,0.1388
30,1481,1511,0.1388
32,1469,1501,0.1388
30,1482,1512,0.1388
30,1471,1501,0.1388
30,1472,1502,0.1388
29,1484,1513,0.1388
29,1489,1518,0.1388
28,1480,1508,0.1388
28,1489,1517,0.1388
28,1480,1508,0.1388
27,1488,1515,0.1388
25,1487,1512,0.1388
24,1480,1504,0.1388
24,1487,1511,0.1388
23,1499,1522,0.1388
24,1491,1515,0.1388
24,1487,1511,0.1388
24,1490,1514,0.1388
23,1489,1512,0.1388
23,1495,1518,0.1388
24,1490,1514,0.1388
25,1493,1518,0.1388
24,1501,1525,0.1388
22,1489,1511,0.1388
22,1489,1511,0.1388
20,1504,1524,0.1388
20,1503,1523,0.1388
20,1490,1510,0.1388
20,1483,1503,0.1388
20,1493,1513,0.1388
19,1489,1508,0.1388
17,1486,1503,0.1388
17,1474,1491,0.1388
18,1479,1497,0.1388
18,1492,1510,0.1388
18,1488,1506,0.1388
17,1500,1517,0.1388
16,1503,1519,0.1388
16,1516,1532,0.1388
17,1496,1513,0.1388
17,1502,1519,0.1388
17,1501,1518,0.1388
20,1508,1528,0.1388
20,1500,1520,0.1388
20,1495,1515,0.1388
18,1508,1526,0.1388
20,1498,1518,0.1388
20,1498,1518,0.1388
22,1482,1504,0.1388
19,1497,1516,0.1388
19,1501,1520,0.1388
18,1491,1509,0.1388
17,1476,1493,0.1388
18,1489,1507,0.1388
19,1485,1504,0.1388
19,1493,1512,0.1388
19,1497,1516,0.1388
18,1475,1493,0.1388
20,1481,1501,0.1388
20,1481,1501,0.1388
20,1480,1500,0.1388
23,1486,1509,0.1388
25,1494,1519,0.1388
25,1491,1516,0.1388
24,1492,1516,0.1388
24,1506,1530,0.1388
24,1507,1531,0.1388
23,1496,1519,0.1388
23,1484,1507,0.1388
22,1493,1515,0.1388
21,1497,1518,0.1388
20,1494,1514,0.1388
20,1498,1518,0.1388
19,1492,1511,0.1388
20,1487,1507,0.1388
20,1480,1500,0.1388
21,1488,1509,0.1388
21,1496,1517,0.1388
20,1496,1516,0.1388
20,1501,1521,0.1388
20,1498,1518,0.1388
21,1502,1523,0.1388
20,1498,1518,0.1388
21,1489,1510,0.1388
19,1483,1502,0.1388
18,1492,1510,0.1388
18,1506,1524,0.1388
19,1493,1512,0.1388
18,1495,1513,0.1388
20,1486,1506,0.1388
20,1482,1502,0.1388
21,1488,1509,0.1388
21,1496,1517,0.1388
20,1506,1526,0.1388
21,1500,1521,0.1388
20,1500,1520,0.1388
20,1492,1512,0.1388
20,1494,1514,0.1388
19,1502,1521,0.1388
19,1491,1510,0.1388
19,1492,1511,0.1388
19,1495,1514,0.1388
18,1507,1525,0.1388
17,1501,1518,0.1388
19,1513,1532,0.1388
19,1510,1529,0.1388
19,1511,1530,0.1388
20,1516,1536,0.1388
20,1513,1533,0.1388
19,1502,1521,0.1388
19,1498,1517,0.1388
19,1503,1522,0.1388
19,1497,1516,0.1388
18,1507,1525,0.1388
20,1509,1529,0.1388
20,1510,1530,0.1388
20,1507,1527,0.1388
19,1505,1524,0.1388
18,1501,1519,0.1388
17,1500,1517,0.1388
17,1503,1520,0.1388
17,1510,1527,0.1388
17,1495,1512,0.1388
16,1505,1521,0.1388
17,1510,1527,0.1388
16,1516,1532,0.1388
16,1515,1531,0.1388
17,1499,1516,0.1388
17,1502,1519,0.1388
16,1509,1525,0.1388
16,1514,1530,0.1388
16,1508,1524,0.1388
16,1517,1533,0.1388
16,1525,1541,0.1388
16,1524,1540,0.1388
16,1513,1529,0.1388
17,1497,1514,0.1388
16,1504,1520,0.1388
18,1501,1519,0.1388
18,1500,1518,0.1388
17,1506,1523,0.1388
16,1501,1517,0.1388
16,1487,1503,0.1388
15,1495,1510,0.1388
16,1483,1499,0.1388
18,1496,1514,0.1388
18,1497,1515,0.1388
19,1508,1527,0.1388
18,1506,1524,0.1388
18,1506,1524,0.1388
17,1502,1519,0.1388
18,1495,1513,0.1388
18,1486,1504,0.1388
22,1486,1508,0.1388
21,1498,1519,0.1388
22,1486,1508,0.1388
22,1485,1507,0.1388
23,1493,1516,0.1388
24,1498,1522,0.1388
24,1487,1511,0.1388
22,1482,1504,0.1388
22,1493,1515,0.1388
22,1490,1512,0.1388
21,1495,1516,0.1388
22,1480,1502,0.1388
22,1496,1518,0.1388
21,1496,1517,0.1388
21,1493,1514,0.1388
24,1492,1516,0.1388
23,1489,1512,0.1388
24,1491,1515,0.1388
24,1491,1515,0.1388
26,1488,1514,0.1388
27,1468,1495,0.1388
29,1487,1516,0.1388
28,1488,1516,0.1388
26,1492,1518,0.1388
27,1501,1528,0.1388
27,1493,1520,0.1388
27,1492,1519,0.1388
27,1491,1518,0.1388
28,1489,1517,0.1388
28,1491,1519,0.1388
29,1490,1519,0.1388
31,1496,1527,0.1388
32,1496,1528,0.1388
32,1490,1522,0.1388
32,1486,1518,0.1388
31,1482,1513,0.1388
32,1481,1513,0.1388
31,1495,1526,0.1388
31,1497,1528,0.1388
31,1488,1519,0.1388
29,1485,1514,0.1388
31,1492,1523,0.1388
31,1497,1528,0.1388
30,1486,1516,0.1388
29,1483,1512,0.1388
30,1493,1523,0.1388
30,1498,1528,0.1388
28,1501,1529,0.1388
28,1483,1511,0.1388
29,1497,1526,0.1388
29,1495,1524,0.1388
28,1490,1518,0.1388
28,1477,1505,0.1388
29,1483,1512,0.1388
28,1474,1502,0.1388
27,1481,1508,0.1388
27,1477,1504,0.1388
25,1486,1511,0.1388
24,1484,1508,0.1388
24,1492,1516,0.1388
23,1488,1511,0.1388
23,1483,1506,0.1388
20,1491,1511,0.1388
20,1485,1505,0.1388
20,1488,1508,0.1388
20,1515,1535,0.1388
20,1504,1524,0.1388
21,1507,1528,0.1388
20,1504,1524,0.1388
20,1502,1522,0.1388
21,1500,1521,0.1388
21,1491,1512,0.1388
21,1481,1502,0.1388
22,1492,1514,0.1388
20,1500,1520,0.1388
18,1501,1519,0.1388
17,1508,1525,0.1388
17,1501,1518,0.1388
16,1509,1525,0.1388
17,1494,1511,0.1388
17,1498,1515,0.1388
16,1506,1522,0.1388
15,1501,1516,0.1388
15,1495,1510,0.1388
14,1477,1491,0.1388
14,1496,1510,0.1388
14,1493,1507,0.1388
14,1499,1513,0.1388
14,1495,1509,0.1388
14,1493,1507,0.1388
14,1494,1508,0.1388
13,1509,1522,0.1388
13,1507,1520,0.1388
12,1503,1515,0.1388
12,1503,1515,0.1388
11,1499,1510,0.1388
11,1499,1510,0.1388
11,1507,1518,0.1388
12,1502,1514,0.1388
13,1511,1524,0.1388
12,1511,1523,0.1388
12,1516,1528,0.1388
12,1513,1525,0.1388
12,1510,1522,0.1388
12,1512,1524,0.1388
12,1514,1526,0.1388
11,1513,1524,0.1388
11,1508,1519,0.1388
9,1508,1517,0.1388
9,1505,1514,0.1388
9,1483,1492,0.1388
9,1495,1504,0.1388
9,1497,1506,0.1388
9,1503,1512,0.1388
9,1509,1518,0.1388
9,1495,1504,0.1388
9,1499,1508,0.1388
9,1503,1512,0.1388
9,1505,1514,0.1388
9,1500,1509,0.1388
8,1508,1516,0.1388
7,1504,1511,0.1388
8,1504,1512,0.1388
10,1512,1522,0.1388
10,1515,1525,0.1388
10,1517,1527,0.1388
9,1496,1505,0.1388
9,1501,1510,0.1388
9,1494,1503,0.1388
9,1498,1507,0.1388
9,1502,1511,0.1388
9,1505,1514,0.1388
9,1518,1527,0.1388
9,1513,1522,0.1388
9,1510,1519,0.1388
9,1513,1522,0.1388
11,1505,1516,0.1388
11,1509,1520,0.1388
10,1502,1512,0.1388
10,1504,1514,0.1388
9,1502,1511,0.1388
9,1497,1506,0.1388
10,1493,1503,0.1388
10,1496,1506,0.1388
10,1494,1504,0.1388
10,1495,1505,0.1388
11,1509,1520,0.1388
11,1504,1515,0.1388
11,1503,1514,0.1388
10,1509,1519,0.1388
9,1507,1516,0.1388
9,1526,1535,0.1388
9,1517,1526,0.1388
10,1507,1517,0.1388
10,1519,1529,0.1388
11,1509,1520,0.1388
11,1505,1516,0.1388
11,1494,1505,0.1388
11,1486,1497,0.1388
11,1485,1496,0.1388
10,1498,1508,0.1388
10,1500,1510,0.1388
10,1496,1506,0.1388
11,1506,1517,0.1388
10,1494,1504,0.1388
10,1491,1501,0.1388
10,1501,1511,0.1388
10,1517,1527,0.1388
10,1517,1527,0.1388
10,1511,1521,0.1388
10,1522,1532,0.1388
8,1528,1536,0.1388
7,1524,1531,0.1388
7,1532,1539,0.1388
5,1532,1537,0.1388
5,1512,1517,0.1388
5,1507,1512,0.1388
5,1503,1508,0.1388
5,1497,1502,0.1388
5,1514,1519,0.1388
5,1504,1509,0.1388
4,1525,1529,0.1388
4,1524,1528,0.1388
4,1517,1521,0.1388
4,1513,1517,0.1388
4,1515,1519,0.1388
4,1511,1515,0.1388
5,1507,1512,0.1388
4,1521,1525,0.1388
4,1523,1527,0.1388
4,1517,1521,0.1388
5,1516,1521,0.1388
5,1511,1516,0.1388
5,1508,1513,0.1388
5,1507,1512,0.1388
5,1509,1514,0.1388
5,1509,1514,0.1388
5,1512,1517,0.1388
5,1517,1522,0.1388
4,1521,1525,0.1388
4,1517,1521,0.1388
5,1507,1512,0.1388
5,1526,1531,0.1388
4,1514,1518,0.1388
4,1526,1530,0.1388
4,1519,1523,0.1388
3,1525,1528,0.1388
3,1522,1525,0.1388
2,1521,1523,0.1388
2,1527,1529,0.1388
2,1528,1530,0.1388
1,1519,1520,0.1388
1,1521,1522,0.1388
1,1519,1520,0.1388
1,1520,1521,0.1388
2,1518,1520,0.1388
2,1526,1528,0.1388
3,1527,1530,0.1388
3,1535,1538,0.1388
3,1535,1538,0.1388
3,1525,1528,0.1388
3,1517,1520,0.1388
3,1519,1522,0.1388
3,1523,1526,0.1388
3,1525,1528,0.1388
2,1505,1507,0.1388
2,1515,1517,0.1388
2,1518,1520,0.1388
2,1512,1514,0.1388
2,1512,1514,0.1388
2,1507,1509,0.1388
1,1520,1521,0.1388
1,1502,1503,0.1388
1,1490,1491,0.1388
1,1504,1505,0.1388
1,1498,1499,0.1388
1,1500,1501,0.1388
1,1501,1502,0.1388
1,1499,1500,0.1388
1,1490,1491,0.1388
1,1503,1504,0.1388
1,1497,1498,0.1388
1,1505,1506,0.1388
1,1526,1527,0.1388
1,1516,1517,0.1388
1,1505,1506,0.1388
1,1497,1498,0.1388
1,1503,1504,0.1388
1,1511,1512,0.1388
1,1512,1513,0.1388
1,1527,1528,0.1388
1,1536,1537,0.1388
1,1531,1532,0.1388
1,1528,1529,0.1388
1,1529,1530,0.1388
1,1521,1522,0.1388
1,1516,1517,0.1388
0,1508,1508,0.1388
