1376,28,1404,0.1388
1384,30,1414,0.1388
1400,34,1434,0.1388
1414,37,1451,0.1388
1420,41,1461,0.1388
1435,41,1476,0.1388
1440,39,1479,0.1388
1460,38,1498,0.1388
1460,40,1500,0.1388
1449,39,1488,0.1388
1460,38,1498,0.1388
1455,38,1493,0.1388
1472,38,1510,0.1388
1464,37,1501,0.1388
1458,36,1494,0.1388
1468,34,1502,0.1388
1459,35,1494,0.1388
1460,36,1496,0.1388
1458,36,1494,0.1388
1466,33,1499,0.1388
1467,31,1498,0.1388
1470,32,1502,0.1388
1463,33,1496,0.1388
1481,32,1513,0.1388
1483,31,1514,0.1388
1484,28,1512,0.1388
1481,29,1510,0.1388
1476,29,1505,0.1388
1484,30,1514,0.1388
1472,30,1502,0.1388
1466,32,1498,0.1388
1463,32,1495,0.1388
1449,32,1481,0.1388
1465,31,1496,0.1388
1462,29,1491,0.1388
1462,26,1488,0.1388
1455,28,1483,0.1388
1459,29,1488,0.1388
1450,30,1480,0.1388
1456,32,1488,0.1388
1449,32,1481,0.1388
1434,31,1465,0.1388
1440,32,1472,0.1388
1447,33,1480,0.1388
1436,32,1468,0.1388
1449,33,1482,0.1388
1456,33,1489,0.1388
1456,32,1488,0.1388
1458,33,1491,0.1388
1451,35,1486,0.1388
1459,36,1495,0.1388
1479,36,1515,0.1388
1467,37,1504,0.1388
1476,34,1510,0.1388
1468,32,1500,0.1388
1473,31,1504,0.1388
1471,33,1504,0.1388
1455,35,1490,0.1388
1454,36,1490,0.1388
1453,37,1490,0.1388
1452,37,1489,0.1388
1455,36,1491,0.1388
1445,35,1480,0.1388
1442,33,1475,0.1388
1443,36,1479,0.1388
1446,36,1482,0.1388
1444,34,1478,0.1388
1448,37,1485,0.1388
1435,36,1471,0.1388
1443,40,1483,0.1388
1435,42,1477,0.1388
1454,42,1496,0.1388
1449,47,1496,0.1388
1445,50,1495,0.1388
1443,48,1491,0.1388
1447,47,1494,0.1388
1446,49,1495,0.1388
1436,52,1488,0.1388
1435,53,1488,0.1388
1435,52,1487,0.1388
1445,53,1498,0.1388
1451,57,1508,0.1388
1457,57,1514,0.1388
1460,56,1516,0.1388
1454,60,1514,0.1388
1459,61,1520,0.1388
1452,61,1513,0.1388
1434,63,1497,0.1388
1430,63,1493,0.1388
1431,62,1493,0.1388
1415,64,1479,0.1388
1427,62,1489,0.1388
1434,60,1494,0.1388
1414,61,1475,0.1388
1414,60,1474,0.1388
1425,58,1483,0.1388
1433,59,1492,0.1388
1435,59,1494,0.1388
1426,63,1489,0.1388
1424,64,1488,0.1388
1430,62,1492,0.1388
1440,64,1504,0.1388
1437,66,1503,0.1388
1432,67,1499,0.1388
1429,67,1496,0.1388
1424,65,1489,0.1388
1436,68,1504,0.1388
1441,70,1511,0.1388
1431,72,1503,0.1388
1434,71,1505,0.1388
1437,71,1508,0.1388
1436,72,1508,0.1388
1438,71,1509,0.1388
1438,72,1510,0.1388
1414,73,1487,0.1388
1416,70,1486,0.1388
1409,72,1481,0.1388
1411,73,1484,0.1388
1410,79,1489,0.1388
1424,78,1502,0.1388
1420,78,1498,0.1388
1413,77,1490,0.1388
1424,78,1502,0.1388
1415,79,1494,0.1388
1420,80,1500,0.1388
1413,81,1494,0.1388
1400,80,1480,0.1388
1421,80,1501,0.1388
1417,79,1496,0.1388
1420,81,1501,0.1388
1430,81,1511,0.1388
1423,80,1503,0.1388
1415,81,1496,0.1388
1406,82,1488,0.1388
1408,84,1492,0.1388
1421,85,1506,0.1388
1419,86,1505,0.1388
1415,88,1503,0.1388
1408,87,1495,0.1388
1393,84,1477,0.1388
1404,86,1490,0.1388
1408,87,1495,0.1388
1406,88,1494,0.1388
1409,83,1492,0.1388
1408,84,1492,0.1388
1406,87,1493,0.1388
1412,88,1500,0.1388
1408,94,1502,0.1388
1413,93,1506,0.1388
1403,94,1497,0.1388
1414,94,1508,0.1388
1385,91,1476,0.1388
1381,93,1474,0.1388
1387,93,1480,0.1388
1394,93,1487,0.1388
1392,92,1484,0.1388
1405,93,1498,0.1388
1415,94,1509,0.1388
1414,96,1510,0.1388
1409,99,1508,0.1388
1413,100,1513,0.1388
1409,99,1508,0.1388
1397,100,1497,0.1388
1392,100,1492,0.1388
1401,100,1501,0.1388
1397,97,1494,0.1388
1397,98,1495,0.1388
1408,95,1503,0.1388
1405,94,1499,0.1388
1397,96,1493,0.1388
1394,97,1491,0.1388
1406,94,1500,0.1388
1405,94,1499,0.1388
1408,95,1503,0.1388
1388,102,1490,0.1388
1384,100,1484,0.1388
1386,102,1488,0.1388
1388,102,1490,0.1388
1394,104,1498,0.1388
1393,102,1495,0.1388
1392,101,1493,0.1388
1399,104,1503,0.1388
1403,99,1502,0.1388
1402,105,1507,0.1388
1400,108,1508,0.1388
1388,109,1497,0.1388
1401,110,1511,0.1388
1406,109,1515,0.1388
1399,107,1506,0.1388
1401,110,1511,0.1388
1403,113,1516,0.1388
1408,115,1523,0.1388
1396,111,1507,0.1388
1389,111,1500,0.1388
1380,111,1491,0.1388
1388,109,1497,0.1388
1392,114,1506,0.1388
1385,117,1502,0.1388
1388,113,1501,0.1388
1380,115,1495,0.1388
1370,112,1482,0.1388
1377,114,1491,0.1388
1385,115,1500,0.1388
1394,114,1508,0.1388
1385,118,1503,0.1388
1388,120,1508,0.1388
1394,120,1514,0.1388
1388,119,1507,0.1388
1384,118,1502,0.1388
1384,120,1504,0.1388
1380,125,1505,0.1388
1378,126,1504,0.1388
1379,125,1504,0.1388
1392,127,1519,0.1388
1391,127,1518,0.1388
1377,124,1501,0.1388
1363,129,1492,0.1388
1370,128,1498,0.1388
1378,131,1509,0.1388
1371,133,1504,0.1388
1366,134,1500,0.1388
1361,136,1497,0.1388
1374,135,1509,0.1388
1379,134,1513,0.1388
1370,133,1503,0.1388
1368,135,1503,0.1388
1368,139,1507,0.1388
1368,136,1504,0.1388
1370,136,1506,0.1388
1367,138,1505,0.1388
1362,135,1497,0.1388
1368,131,1499,0.1388
1356,135,1491,0.1388
1353,134,1487,0.1388
1348,135,1483,0.1388
1368,136,1504,0.1388
1368,136,1504,0.1388
1367,133,1500,0.1388
1365,131,1496,0.1388
1356,130,1486,0.1388
1365,131,1496,0.1388
1383,131,1514,0.1388
1383,128,1511,0.1388
1369,132,1501,0.1388
1364,130,1494,0.1388
1361,127,1488,0.1388
1356,130,1486,0.1388
1359,132,1491,0.1388
1353,135,1488,0.1388
1357,138,1495,0.1388
1342,141,1483,0.1388
1334,143,1477,0.1388
1329,145,1474,0.1388
1332,144,1476,0.1388
1323,148,1471,0.1388
1336,144,1480,0.1388
1342,147,1489,0.1388
1349,156,1505,0.1388
1349,158,1507,0.1388
1356,160,1516,0.1388
1369,161,1530,0.1388
1361,163,1524,0.1388
1355,159,1514,0.1388
1348,160,1508,0.1388
1337,160,1497,0.1388
1316,162,1478,0.1388
1294,162,1456,0.1388
1305,159,1464,0.1388
1318,157,1475,0.1388
1321,157,1478,0.1388
1313,160,1473,0.1388
1329,162,1491,0.1388
1339,158,1497,0.1388
1339,161,1500,0.1388
1342,166,1508,0.1388
1342,163,1505,0.1388
1341,160,1501,0.1388
1338,158,1496,0.1388
1346,159,1505,0.1388
1346,168,1514,0.1388
1342,168,1510,0.1388
1327,167,1494,0.1388
1326,166,1492,0.1388
1316,166,1482,0.1388
1324,164,1488,0.1388
1318,164,1482,0.1388
1324,166,1490,0.1388
1328,169,1497,0.1388
1321,168,1489,0.1388
1323,170,1493,0.1388
1324,173,1497,0.1388
1324,174,1498,0.1388
1308,174,1482,0.1388
1316,180,1496,0.1388
1329,180,1509,0.1388
1328,179,1507,0.1388
1334,183,1517,0.1388
1318,184,1502,0.1388
1306,190,1496,0.1388
1304,190,1494,0.1388
1295,189,1484,0.1388
1287,188,1475,0.1388
1299,188,1487,0.1388
1310,192,1502,0.1388
1309,190,1499,0.1388
1298,188,1486,0.1388
1306,190,1496,0.1388
1306,196,1502,0.1388
1303,200,1503,0.1388
1296,201,1497,0.1388
1290,200,1490,0.1388
1291,204,1495,0.1388
1293,205,1498,0.1388
1292,205,1497,0.1388
1300,206,1506,0.1388
1299,208,1507,0.1388
1285,211,1496,0.1388
1284,204,1488,0.1388
1272,205,1477,0.1388
1261,197,1458,0.1388
1267,209,1476,0.1388
1279,207,1486,0.1388
1293,208,1501,0.1388
1288,206,1494,0.1388
1283,205,1488,0.1388
1298,206,1504,0.1388
1293,204,1497,0.1388
1290,201,1491,0.1388
1287,201,1488,0.1388
1291,200,1491,0.1388
1292,201,1493,0.1388
1295,204,1499,0.1388
1299,206,1505,0.1388
1291,210,1501,0.1388
1283,212,1495,0.1388
1282,215,1497,0.1388
1281,211,1492,0.1388
1289,213,1502,0.1388
1291,215,1506,0.1388
1283,216,1499,0.1388
1280,215,1495,0.1388
1284,215,1499,0.1388
1276,220,1496,0.1388
1275,219,1494,0.1388
1265,218,1483,0.1388
1252,218,1470,0.1388
1268,217,1485,0.1388
1266,219,1485,0.1388
1268,220,1488,0.1388
1267,221,1488,0.1388
1267,230,1497,0.1388
1266,229,1495,0.1388
1261,232,1493,0.1388
1256,237,1493,0.1388
1256,232,1488,0.1388
1261,234,1495,0.1388
1259,236,1495,0.1388
1261,237,1498,0.1388
1266,232,1498,0.1388
1265,231,1496,0.1388
1258,231,1489,0.1388
1245,234,1479,0.1388
1245,239,1484,0.1388
1249,233,1482,0.1388
1242,236,1478,0.1388
1235,231,1466,0.1388
1246,224,1470,0.1388
1257,233,1490,0.1388
1264,231,1495,0.1388
1268,229,1497,0.1388
1257,233,1490,0.1388
1257,231,1488,0.1388
1254,233,1487,0.1388
1256,237,1493,0.1388
1262,236,1498,0.1388
1268,237,1505,0.1388
1275,237,1512,0.1388
1259,239,1498,0.1388
1261,244,1505,0.1388
1263,243,1506,0.1388
1266,246,1512,0.1388
1262,248,1510,0.1388
1257,254,1511,0.1388
1248,256,1504,0.1388
1249,249,1498,0.1388
1251,254,1505,0.1388
1227,255,1482,0.1388
1234,259,1493,0.1388
1238,260,1498,0.1388
1231,256,1487,0.1388
1231,254,1485,0.1388
1238,259,1497,0.1388
1236,261,1497,0.1388
1228,262,1490,0.1388
1235,260,1495,0.1388
1232,262,1494,0.1388
1240,266,1506,0.1388
1242,266,1508,0.1388
1244,264,1508,0.1388
1249,266,1515,0.1388
1238,262,1500,0.1388
1238,264,1502,0.1388
1237,264,1501,0.1388
1242,267,1509,0.1388
1238,265,1503,0.1388
1235,264,1499,0.1388
1254,263,1517,0.1388
1248,263,1511,0.1388
1237,269,1506,0.1388
1240,269,1509,0.1388
1230,272,1502,0.1388
1226,271,1497,0.1388
1229,268,1497,0.1388
1226,269,1495,0.1388
1234,268,1502,0.1388
1217,266,1483,0.1388
1225,269,1494,0.1388
1217,270,1487,0.1388
1218,271,1489,0.1388
1221,278,1499,0.1388
1228,279,1507,0.1388
1217,281,1498,0.1388
1214,288,1502,0.1388
1216,288,1504,0.1388
1203,293,1496,0.1388
1194,299,1493,0.1388
1183,298,1481,0.1388
1176,298,1474,0.1388
1176,300,1476,0.1388
1182,306,1488,0.1388
1187,303,1490,0.1388
1188,305,1493,0.1388
1182,308,1490,0.1388
1178,312,1490,0.1388
1183,308,1491,0.1388
1174,304,1478,0.1388
1174,303,1477,0.1388
1179,308,1487,0.1388
1171,314,1485,0.1388
1170,317,1487,0.1388
1170,310,1480,0.1388
1188,309,1497,0.1388
1183,313,1496,0.1388
1184,314,1498,0.1388
1180,318,1498,0.1388
1180,326,1506,0.1388
1176,325,1501,0.1388
1178,324,1502,0.1388
1175,329,1504,0.1388
1165,336,1501,0.1388
1164,326,1490,0.1388
1167,325,1492,0.1388
1157,333,1490,0.1388
1154,332,1486,0.1388
1149,335,1484,0.1388
1144,336,1480,0.1388
1150,338,1488,0.1388
1154,344,1498,0.1388
1159,347,1506,0.1388
1141,345,1486,0.1388
1140,352,1492,0.1388
1142,359,1501,0.1388
1144,353,1497,0.1388
1147,355,1502,0.1388
1140,351,1491,0.1388
1149,351,1500,0.1388
1143,362,1505,0.1388
1139,361,1500,0.1388
1139,365,1504,0.1388
1138,365,1503,0.1388
1147,365,1512,0.1388
1138,360,1498,0.1388
1138,360,1498,0.1388
1129,361,1490,0.1388
1123,364,1487,0.1388
1127,357,1484,0.1388
1121,365,1486,0.1388
1126,361,1487,0.1388
1118,374,1492,0.1388
1117,378,1495,0.1388
1128,377,1505,0.1388
1139,378,1517,0.1388
1141,377,1518,0.1388
1125,378,1503,0.1388
1128,379,1507,0.1388
1117,381,1498,0.1388
1116,378,1494,0.1388
1114,383,1497,0.1388
1100,385,1485,0.1388
1102,385,1487,0.1388
1097,391,1488,0.1388
1112,390,1502,0.1388
1112,399,1511,0.1388
1118,404,1522,0.1388
1114,398,1512,0.1388
1104,397,1501,0.1388
1123,400,1523,0.1388
1111,401,1512,0.1388
1101,399,1500,0.1388
1097,394,1491,0.1388
1107,397,1504,0.1388
1108,396,1504,0.1388
1098,395,1493,0.1388
1088,396,1484,0.1388
1080,399,1479,0.1388
1077,399,1476,0.1388
1087,403,1490,0.1388
1086,400,1486,0.1388
1099,401,1500,0.1388
1082,401,1483,0.1388
1085,407,1492,0.1388
1089,406,1495,0.1388
1103,403,1506,0.1388
1090,405,1495,0.1388
1095,405,1500,0.1388
1090,398,1488,0.1388
1096,395,1491,0.1388
1092,398,1490,0.1388
1090,407,1497,0.1388
1088,406,1494,0.1388
1087,411,1498,0.1388
1081,413,1494,0.1388
1074,416,1490,0.1388
1074,412,1486,0.1388
1078,419,1497,0.1388
1095,421,1516,0.1388
1087,417,1504,0.1388
1091,419,1510,0.1388
1091,419,1510,0.1388
1098,414,1512,0.1388
1098,407,1505,0.1388
1088,406,1494,0.1388
1091,412,1503,0.1388
1103,412,1515,0.1388
1107,418,1525,0.1388
1101,417,1518,0.1388
1100,413,1513,0.1388
1097,408,1505,0.1388
1106,415,1521,0.1388
1093,421,1514,0.1388
1098,422,1520,0.1388
1087,426,1513,0.1388
1082,428,1510,0.1388
1080,423,1503,0.1388
1069,419,1488,0.1388
1074,428,1502,0.1388
1082,433,1515,0.1388
1076,427,1503,0.1388
1077,428,1505,0.1388
1076,422,1498,0.1388
1079,431,1510,0.1388
1069,432,1501,0.1388
1071,442,1513,0.1388
1056,440,1496,0.1388
1066,443,1509,0.1388
1078,441,1519,0.1388
1067,442,1509,0.1388
1069,442,1511,0.1388
1060,445,1505,0.1388
1050,445,1495,0.1388
1041,445,1486,0.1388
1040,447,1487,0.1388
1040,457,1497,0.1388
1052,456,1508,0.1388
1062,459,1521,0.1388
1056,458,1514,0.1388
1047,457,1504,0.1388
1053,456,1509,0.1388
1053,455,1508,0.1388
1045,447,1492,0.1388
1039,447,1486,0.1388
1038,453,1491,0.1388
1037,458,1495,0.1388
1043,467,1510,0.1388
1040,471,1511,0.1388
1034,469,1503,0.1388
1034,475,1509,0.1388
1037,475,1512,0.1388
1045,476,1521,0.1388
1033,485,1518,0.1388
1024,479,1503,0.1388
1019,478,1497,0.1388
1019,479,1498,0.1388
1017,473,1490,0.1388
1014,479,1493,0.1388
1016,478,1494,0.1388
1012,481,1493,0.1388
1019,488,1507,0.1388
1010,492,1502,0.1388
1007,485,1492,0.1388
1010,492,1502,0.1388
1006,493,1499,0.1388
1004,499,1503,0.1388
1008,494,1502,0.1388
1009,498,1507,0.1388
1021,506,1527,0.1388
1022,500,1522,0.1388
1030,502,1532,0.1388
1025,498,1523,0.1388
1020,493,1513,0.1388
1019,488,1507,0.1388
1006,496,1502,0.1388
1005,500,1505,0.1388
1012,495,1507,0.1388
1017,489,1506,0.1388
1018,489,1507,0.1388
1008,491,1499,0.1388
1010,493,1503,0.1388
987,493,1480,0.1388
989,494,1483,0.1388
993,503,1496,0.1388
983,503,1486,0.1388
979,503,1482,0.1388
972,509,1481,0.1388
974,513,1487,0.1388
979,516,1495,0.1388
984,515,1499,0.1388
983,514,1497,0.1388
982,515,1497,0.1388
971,527,1498,0.1388
967,524,1491,0.1388
961,522,1483,0.1388
963,530,1493,0.1388
964,534,1498,0.1388
965,528,1493,0.1388
964,529,1493,0.1388
970,531,1501,0.1388
966,531,1497,0.1388
969,529,1498,0.1388
961,526,1487,0.1388
975,525,1500,0.1388
983,526,1509,0.1388
974,526,1500,0.1388
965,532,1497,0.1388
965,537,1502,0.1388
960,538,1498,0.1388
960,538,1498,0.1388
963,532,1495,0.1388
960,530,1490,0.1388
951,530,1481,0.1388
948,537,1485,0.1388
950,539,1489,0.1388
940,542,1482,0.1388
942,554,1496,0.1388
952,549,1501,0.1388
958,554,1512,0.1388
960,555,1515,0.1388
961,552,1513,0.1388
951,547,1498,0.1388
952,556,1508,0.1388
957,550,1507,0.1388
962,549,1511,0.1388
953,553,1506,0.1388
944,554,1498,0.1388
945,557,1502,0.1388
938,550,1488,0.1388
941,549,1490,0.1388
938,547,1485,0.1388
941,554,1495,0.1388
931,565,1496,0.1388
928,563,1491,0.1388
940,571,1511,0.1388
936,567,1503,0.1388
932,567,1499,0.1388
930,570,1500,0.1388
923,566,1489,0.1388
930,557,1487,0.1388
928,566,1494,0.1388
925,581,1506,0.1388
911,579,1490,0.1388
896,583,1479,0.1388
905,582,1487,0.1388
896,580,1476,0.1388
897,585,1482,0.1388
892,593,1485,0.1388
901,593,1494,0.1388
914,600,1514,0.1388
899,605,1504,0.1388
901,604,1505,0.1388
899,611,1510,0.1388
897,609,1506,0.1388
901,600,1501,0.1388
903,604,1507,0.1388
894,604,1498,0.1388
897,612,1509,0.1388
889,611,1500,0.1388
882,623,1505,0.1388
894,621,1515,0.1388
884,623,1507,0.1388
884,625,1509,0.1388
886,623,1509,0.1388
887,617,1504,0.1388
887,615,1502,0.1388
893,618,1511,0.1388
891,614,1505,0.1388
883,620,1503,0.1388
877,626,1503,0.1388
868,625,1493,0.1388
869,628,1497,0.1388
884,633,1517,0.1388
877,638,1515,0.1388
879,639,1518,0.1388
875,632,1507,0.1388
883,633,1516,0.1388
890,638,1528,0.1388
882,640,1522,0.1388
873,634,1507,0.1388
872,640,1512,0.1388
866,647,1513,0.1388
869,645,1514,0.1388
871,642,1513,0.1388
863,631,1494,0.1388
863,631,1494,0.1388
855,640,1495,0.1388
854,639,1493,0.1388
877,643,1520,0.1388
869,638,1507,0.1388
870,629,1499,0.1388
877,626,1503,0.1388
877,623,1500,0.1388
880,623,1503,0.1388
868,634,1502,0.1388
871,637,1508,0.1388
868,635,1503,0.1388
876,635,1511,0.1388
867,635,1502,0.1388
862,631,1493,0.1388
853,638,1491,0.1388
848,640,1488,0.1388
853,644,1497,0.1388
837,636,1473,0.1388
841,645,1486,0.1388
844,643,1487,0.1388
846,645,1491,0.1388
835,653,1488,0.1388
832,655,1487,0.1388
834,664,1498,0.1388
834,670,1504,0.1388
837,661,1498,0.1388
843,663,1506,0.1388
846,669,1515,0.1388
838,665,1503,0.1388
840,663,1503,0.1388
837,669,1506,0.1388
828,677,1505,0.1388
830,677,1507,0.1388
820,676,1496,0.1388
826,679,1505,0.1388
825,676,1501,0.1388
827,674,1501,0.1388
828,680,1508,0.1388
823,686,1509,0.1388
820,682,1502,0.1388
819,694,1513,0.1388
814,692,1506,0.1388
817,683,1500,0.1388
810,690,1500,0.1388
811,694,1505,0.1388
813,698,1511,0.1388
807,693,1500,0.1388
811,701,1512,0.1388
807,709,1516,0.1388
818,708,1526,0.1388
814,714,1528,0.1388
806,709,1515,0.1388
794,718,1512,0.1388
791,719,1510,0.1388
800,716,1516,0.1388
784,725,1509,0.1388
792,714,1506,0.1388
799,722,1521,0.1388
790,721,1511,0.1388
783,719,1502,0.1388
781,723,1504,0.1388
776,736,1512,0.1388
778,731,1509,0.1388
781,726,1507,0.1388
774,733,1507,0.1388
777,720,1497,0.1388
773,724,1497,0.1388
772,727,1499,0.1388
769,726,1495,0.1388
759,719,1478,0.1388
759,730,1489,0.1388
766,730,1496,0.1388
771,729,1500,0.1388
776,729,1505,0.1388
770,720,1490,0.1388
768,726,1494,0.1388
773,733,1506,0.1388
779,734,1513,0.1388
781,733,1514,0.1388
788,728,1516,0.1388
784,725,1509,0.1388
776,732,1508,0.1388
776,726,1502,0.1388
784,732,1516,0.1388
768,742,1510,0.1388
774,737,1511,0.1388
757,739,1496,0.1388
759,739,1498,0.1388
749,739,1488,0.1388
742,736,1478,0.1388
740,749,1489,0.1388
742,754,1496,0.1388
740,765,1505,0.1388
744,766,1510,0.1388
741,776,1517,0.1388
734,776,1510,0.1388
738,768,1506,0.1388
732,768,1500,0.1388
733,772,1505,0.1388
741,778,1519,0.1388
746,774,1520,0.1388
741,771,1512,0.1388
742,769,1511,0.1388
742,763,1505,0.1388
746,766,1512,0.1388
738,770,1508,0.1388
737,771,1508,0.1388
738,773,1511,0.1388
738,775,1513,0.1388
726,769,1495,0.1388
726,771,1497,0.1388
721,784,1505,0.1388
726,778,1504,0.1388
733,774,1507,0.1388
730,772,1502,0.1388
731,768,1499,0.1388
737,778,1515,0.1388
725,775,1500,0.1388
724,782,1506,0.1388
720,779,1499,0.1388
722,782,1504,0.1388
725,787,1512,0.1388
723,789,1512,0.1388
722,787,1509,0.1388
731,788,1519,0.1388
724,791,1515,0.1388
731,783,1514,0.1388
737,783,1520,0.1388
742,778,1520,0.1388
735,775,1510,0.1388
737,782,1519,0.1388
730,785,1515,0.1388
732,778,1510,0.1388
719,782,1501,0.1388
725,772,1497,0.1388
725,774,1499,0.1388
729,774,1503,0.1388
731,761,1492,0.1388
722,770,1492,0.1388
729,771,1500,0.1388
736,779,1515,0.1388
727,782,1509,0.1388
717,785,1502,0.1388
719,790,1509,0.1388
719,785,1504,0.1388
728,792,1520,0.1388
730,787,1517,0.1388
715,786,1501,0.1388
715,791,1506,0.1388
711,791,1502,0.1388
714,796,1510,0.1388
721,788,1509,0.1388
714,791,1505,0.1388
708,795,1503,0.1388
712,790,1502,0.1388
706,794,1500,0.1388
707,802,1509,0.1388
709,803,1512,0.1388
706,799,1505,0.1388
705,808,1513,0.1388
699,814,1513,0.1388
699,812,1511,0.1388
705,821,1526,0.1388
716,819,1535,0.1388
708,819,1527,0.1388
706,817,1523,0.1388
697,819,1516,0.1388
700,809,1509,0.1388
694,816,1510,0.1388
688,809,1497,0.1388
689,808,1497,0.1388
691,808,1499,0.1388
689,806,1495,0.1388
683,815,1498,0.1388
681,811,1492,0.1388
681,820,1501,0.1388
682,820,1502,0.1388
680,831,1511,0.1388
680,828,1508,0.1388
678,841,1519,0.1388
674,841,1515,0.1388
665,844,1509,0.1388
669,849,1518,0.1388
666,845,1511,0.1388
673,835,1508,0.1388
670,837,1507,0.1388
674,855,1529,0.1388
674,851,1525,0.1388
681,847,1528,0.1388
676,852,1528,0.1388
662,854,1516,0.1388
669,840,1509,0.1388
668,845,1513,0.1388
665,843,1508,0.1388
671,846,1517,0.1388
673,843,1516,0.1388
676,837,1513,0.1388
671,835,1506,0.1388
681,828,1509,0.1388
673,839,1512,0.1388
658,838,1496,0.1388
653,845,1498,0.1388
656,836,1492,0.1388
662,835,1497,0.1388
664,830,1494,0.1388
666,837,1503,0.1388
652,842,1494,0.1388
643,846,1489,0.1388
645,850,1495,0.1388
653,854,1507,0.1388
660,861,1521,0.1388
663,850,1513,0.1388
659,852,1511,0.1388
660,856,1516,0.1388
658,856,1514,0.1388
655,861,1516,0.1388
651,859,1510,0.1388
646,866,1512,0.1388
644,862,1506,0.1388
641,861,1502,0.1388
639,868,1507,0.1388
635,872,1507,0.1388
628,864,1492,0.1388
621,874,1495,0.1388
627,886,1513,0.1388
622,880,1502,0.1388
613,874,1487,0.1388
611,866,1477,0.1388
619,873,1492,0.1388
629,876,1505,0.1388
629,887,1516,0.1388
624,886,1510,0.1388
614,896,1510,0.1388
618,896,1514,0.1388
616,889,1505,0.1388
622,880,1502,0.1388
626,884,1510,0.1388
619,898,1517,0.1388
623,896,1519,0.1388
620,895,1515,0.1388
619,889,1508,0.1388
624,880,1504,0.1388
619,884,1503,0.1388
616,887,1503,0.1388
618,874,1492,0.1388
631,879,1510,0.1388
625,886,1511,0.1388
623,873,1496,0.1388
620,878,1498,0.1388
611,892,1503,0.1388
609,897,1506,0.1388
611,889,1500,0.1388
608,883,1491,0.1388
606,898,1504,0.1388
600,896,1496,0.1388
606,894,1500,0.1388
602,891,1493,0.1388
606,900,1506,0.1388
610,893,1503,0.1388
612,900,1512,0.1388
597,900,1497,0.1388
599,896,1495,0.1388
598,900,1498,0.1388
606,901,1507,0.1388
609,896,1505,0.1388
605,897,1502,0.1388
616,897,1513,0.1388
608,897,1505,0.1388
604,901,1505,0.1388
599,895,1494,0.1388
604,902,1506,0.1388
604,895,1499,0.1388
603,892,1495,0.1388
609,895,1504,0.1388
602,905,1507,0.1388
600,898,1498,0.1388
606,900,1506,0.1388
608,901,1509,0.1388
598,917,1515,0.1388
595,921,1516,0.1388
592,930,1522,0.1388
588,931,1519,0.1388
582,918,1500,0.1388
583,922,1505,0.1388
586,922,1508,0.1388
584,918,1502,0.1388
584,927,1511,0.1388
582,912,1494,0.1388
582,916,1498,0.1388
581,915,1496,0.1388
585,908,1493,0.1388
595,920,1515,0.1388
592,918,1510,0.1388
586,919,1505,0.1388
585,920,1505,0.1388
596,919,1515,0.1388
599,924,1523,0.1388
586,913,1499,0.1388
584,920,1504,0.1388
585,920,1505,0.1388
591,913,1504,0.1388
587,926,1513,0.1388
586,923,1509,0.1388
591,928,1519,0.1388
595,931,1526,0.1388
596,922,1518,0.1388
597,918,1515,0.1388
596,910,1506,0.1388
598,915,1513,0.1388
597,903,1500,0.1388
592,916,1508,0.1388
593,920,1513,0.1388
581,911,1492,0.1388
587,932,1519,0.1388
572,933,1505,0.1388
579,943,1522,0.1388
571,944,1515,0.1388
560,944,1504,0.1388
554,939,1493,0.1388
558,944,1502,0.1388
557,944,1501,0.1388
556,942,1498,0.1388
547,943,1490,0.1388
549,950,1499,0.1388
550,957,1507,0.1388
552,950,1502,0.1388
560,951,1511,0.1388
554,957,1511,0.1388
552,967,1519,0.1388
550,967,1517,0.1388
550,977,1527,0.1388
555,972,1527,0.1388
542,966,1508,0.1388
548,962,1510,0.1388
543,960,1503,0.1388
547,974,1521,0.1388
548,964,1512,0.1388
546,961,1507,0.1388
555,952,1507,0.1388
552,950,1502,0.1388
552,949,1501,0.1388
546,950,1496,0.1388
544,955,1499,0.1388
542,960,1502,0.1388
540,951,1491,0.1388
540,960,1500,0.1388
542,959,1501,0.1388
548,958,1506,0.1388
534,971,1505,0.1388
544,970,1514,0.1388
548,965,1513,0.1388
548,968,1516,0.1388
550,962,1512,0.1388
549,969,1518,0.1388
551,967,1518,0.1388
538,968,1506,0.1388
538,967,1505,0.1388
535,959,1494,0.1388
543,969,1512,0.1388
548,976,1524,0.1388
543,982,1525,0.1388
528,979,1507,0.1388
528,971,1499,0.1388
531,968,1499,0.1388
536,981,1517,0.1388
537,982,1519,0.1388
534,974,1508,0.1388
526,978,1504,0.1388
522,984,1506,0.1388
523,982,1505,0.1388
519,978,1497,0.1388
518,984,1502,0.1388
518,990,1508,0.1388
522,986,1508,0.1388
520,985,1505,0.1388
521,980,1501,0.1388
522,975,1497,0.1388
524,971,1495,0.1388
520,970,1490,0.1388
527,975,1502,0.1388
526,973,1499,0.1388
522,986,1508,0.1388
527,987,1514,0.1388
519,983,1502,0.1388
517,993,1510,0.1388
521,990,1511,0.1388
517,979,1496,0.1388
520,972,1492,0.1388
529,970,1499,0.1388
525,976,1501,0.1388
525,966,1491,0.1388
527,980,1507,0.1388
529,988,1517,0.1388
525,988,1513,0.1388
516,985,1501,0.1388
522,983,1505,0.1388
513,995,1508,0.1388
503,989,1492,0.1388
506,989,1495,0.1388
501,995,1496,0.1388
503,1012,1515,0.1388
503,1015,1518,0.1388
502,1003,1505,0.1388
503,1012,1515,0.1388
501,1001,1502,0.1388
501,1001,1502,0.1388
509,1011,1520,0.1388
508,1009,1517,0.1388
505,1009,1514,0.1388
500,1010,1510,0.1388
500,1009,1509,0.1388
501,1007,1508,0.1388
502,1001,1503,0.1388
505,997,1502,0.1388
501,1008,1509,0.1388
496,1025,1521,0.1388
495,1020,1515,0.1388
498,1021,1519,0.1388
493,1017,1510,0.1388
493,1012,1505,0.1388
491,1019,1510,0.1388
486,1024,1510,0.1388
476,1030,1506,0.1388
472,1037,1509,0.1388
474,1031,1505,0.1388
487,1032,1519,0.1388
489,1039,1528,0.1388
478,1041,1519,0.1388
482,1040,1522,0.1388
477,1046,1523,0.1388
481,1043,1524,0.1388
483,1039,1522,0.1388
486,1025,1511,0.1388
484,1026,1510,0.1388
482,1028,1510,0.1388
485,1041,1526,0.1388
482,1042,1524,0.1388
481,1033,1514,0.1388
480,1033,1513,0.1388
474,1032,1506,0.1388
484,1033,1517,0.1388
488,1039,1527,0.1388
492,1034,1526,0.1388
481,1037,1518,0.1388
475,1051,1526,0.1388
475,1031,1506,0.1388
476,1026,1502,0.1388
479,1023,1502,0.1388
488,1021,1509,0.1388
475,1021,1496,0.1388
473,1032,1505,0.1388
477,1028,1505,0.1388
478,1038,1516,0.1388
483,1049,1532,0.1388
480,1051,1531,0.1388
472,1052,1524,0.1388
470,1054,1524,0.1388
466,1058,1524,0.1388
467,1055,1522,0.1388
463,1052,1515,0.1388
456,1050,1506,0.1388
460,1054,1514,0.1388
456,1048,1504,0.1388
453,1047,1500,0.1388
453,1043,1496,0.1388
447,1055,1502,0.1388
447,1052,1499,0.1388
441,1056,1497,0.1388
442,1063,1505,0.1388
445,1075,1520,0.1388
444,1080,1524,0.1388
443,1076,1519,0.1388
447,1077,1524,0.1388
443,1077,1520,0.1388
440,1079,1519,0.1388
440,1084,1524,0.1388
426,1087,1513,0.1388
418,1075,1493,0.1388
423,1082,1505,0.1388
427,1077,1504,0.1388
428,1083,1511,0.1388
430,1080,1510,0.1388
439,1088,1527,0.1388
434,1100,1534,0.1388
432,1097,1529,0.1388
434,1101,1535,0.1388
425,1105,1530,0.1388
425,1103,1528,0.1388
423,1097,1520,0.1388
418,1092,1510,0.1388
420,1091,1511,0.1388
423,1096,1519,0.1388
415,1094,1509,0.1388
416,1095,1511,0.1388
419,1082,1501,0.1388
418,1093,1511,0.1388
420,1093,1513,0.1388
413,1096,1509,0.1388
407,1098,1505,0.1388
407,1098,1505,0.1388
399,1099,1498,0.1388
404,1098,1502,0.1388
403,1097,1500,0.1388
408,1104,1512,0.1388
399,1114,1513,0.1388
397,1117,1514,0.1388
398,1114,1512,0.1388
405,1117,1522,0.1388
407,1130,1537,0.1388
409,1126,1535,0.1388
403,1129,1532,0.1388
404,1124,1528,0.1388
402,1120,1522,0.1388
396,1112,1508,0.1388
404,1102,1506,0.1388
399,1108,1507,0.1388
396,1111,1507,0.1388
394,1106,1500,0.1388
398,1127,1525,0.1388
393,1130,1523,0.1388
391,1126,1517,0.1388
389,1127,1516,0.1388
391,1131,1522,0.1388
386,1130,1516,0.1388
387,1118,1505,0.1388
387,1108,1495,0.1388
386,1122,1508,0.1388
385,1129,1514,0.1388
388,1138,1526,0.1388
385,1135,1520,0.1388
384,1135,1519,0.1388
388,1125,1513,0.1388
388,1127,1515,0.1388
388,1120,1508,0.1388
378,1131,1509,0.1388
368,1148,1516,0.1388
361,1146,1507,0.1388
362,1147,1509,0.1388
358,1160,1518,0.1388
356,1145,1501,0.1388
365,1136,1501,0.1388
367,1142,1509,0.1388
372,1141,1513,0.1388
373,1146,1519,0.1388
372,1150,1522,0.1388
369,1149,1518,0.1388
361,1140,1501,0.1388
362,1139,1501,0.1388
365,1141,1506,0.1388
363,1147,1510,0.1388
355,1137,1492,0.1388
352,1136,1488,0.1388
353,1145,1498,0.1388
349,1146,1495,0.1388
355,1153,1508,0.1388
357,1155,1512,0.1388
356,1142,1498,0.1388
358,1150,1508,0.1388
363,1155,1518,0.1388
370,1156,1526,0.1388
367,1153,1520,0.1388
363,1158,1521,0.1388
360,1150,1510,0.1388
361,1167,1528,0.1388
359,1164,1523,0.1388
353,1168,1521,0.1388
346,1167,1513,0.1388
347,1163,1510,0.1388
349,1163,1512,0.1388
352,1157,1509,0.1388
353,1164,1517,0.1388
343,1167,1510,0.1388
344,1156,1500,0.1388
345,1158,1503,0.1388
352,1146,1498,0.1388
355,1155,1510,0.1388
349,1152,1501,0.1388
348,1157,1505,0.1388
349,1140,1489,0.1388
346,1142,1488,0.1388
344,1147,1491,0.1388
351,1144,1495,0.1388
347,1162,1509,0.1388
351,1158,1509,0.1388
346,1148,1494,0.1388
344,1149,1493,0.1388
350,1159,1509,0.1388
347,1148,1495,0.1388
344,1158,1502,0.1388
349,1152,1501,0.1388
350,1140,1490,0.1388
356,1152,1508,0.1388
357,1148,1505,0.1388
351,1149,1500,0.1388
353,1154,1507,0.1388
351,1156,1507,0.1388
348,1155,1503,0.1388
339,1166,1505,0.1388
340,1171,1511,0.1388
342,1176,1518,0.1388
346,1172,1518,0.1388
343,1177,1520,0.1388
339,1165,1504,0.1388
338,1161,1499,0.1388
344,1171,1515,0.1388
343,1172,1515,0.1388
332,1163,1495,0.1388
335,1173,1508,0.1388
335,1170,1505,0.1388
346,1173,1519,0.1388
341,1184,1525,0.1388
341,1182,1523,0.1388
339,1174,1513,0.1388
336,1173,1509,0.1388
342,1169,1511,0.1388
341,1161,1502,0.1388
343,1161,1504,0.1388
340,1175,1515,0.1388
344,1178,1522,0.1388
341,1175,1516,0.1388
335,1171,1506,0.1388
338,1164,1502,0.1388
339,1167,1506,0.1388
339,1171,1510,0.1388
335,1187,1522,0.1388
330,1189,1519,0.1388
324,1182,1506,0.1388
331,1179,1510,0.1388
334,1186,1520,0.1388
331,1189,1520,0.1388
331,1186,1517,0.1388
331,1175,1506,0.1388
326,1170,1496,0.1388
326,1180,1506,0.1388
322,1186,1508,0.1388
321,1191,1512,0.1388
320,1205,1525,0.1388
322,1203,1525,0.1388
316,1208,1524,0.1388
321,1199,1520,0.1388
318,1193,1511,0.1388
316,1189,1505,0.1388
322,1175,1497,0.1388
317,1174,1491,0.1388
325,1177,1502,0.1388
324,1170,1494,0.1388
320,1174,1494,0.1388
317,1184,1501,0.1388
318,1195,1513,0.1388
316,1196,1512,0.1388
317,1197,1514,0.1388
322,1192,1514,0.1388
323,1195,1518,0.1388
317,1191,1508,0.1388
320,1199,1519,0.1388
321,1193,1514,0.1388
318,1177,1495,0.1388
311,1188,1499,0.1388
314,1201,1515,0.1388
317,1193,1510,0.1388
319,1184,1503,0.1388
319,1192,1511,0.1388
318,1188,1506,0.1388
319,1183,1502,0.1388
317,1185,1502,0.1388
314,1186,1500,0.1388
315,1186,1501,0.1388
319,1195,1514,0.1388
316,1200,1516,0.1388
311,1200,1511,0.1388
303,1212,1515,0.1388
300,1209,1509,0.1388
300,1215,1515,0.1388
295,1220,1515,0.1388
296,1217,1513,0.1388
295,1221,1516,0.1388
296,1217,1513,0.1388
295,1215,1510,0.1388
294,1219,1513,0.1388
293,1206,1499,0.1388
288,1206,1494,0.1388
296,1203,1499,0.1388
289,1209,1498,0.1388
291,1219,1510,0.1388
294,1220,1514,0.1388
297,1215,1512,0.1388
292,1216,1508,0.1388
291,1220,1511,0.1388
288,1224,1512,0.1388
282,1235,1517,0.1388
283,1237,1520,0.1388
280,1225,1505,0.1388
283,1222,1505,0.1388
275,1222,1497,0.1388
271,1218,1489,0.1388
279,1213,1492,0.1388
280,1215,1495,0.1388
279,1221,1500,0.1388
272,1221,1493,0.1388
270,1239,1509,0.1388
272,1234,1506,0.1388
275,1226,1501,0.1388
272,1234,1506,0.1388
273,1223,1496,0.1388
267,1231,1498,0.1388
268,1244,1512,0.1388
269,1250,1519,0.1388
265,1237,1502,0.1388
268,1235,1503,0.1388
264,1238,1502,0.1388
260,1239,1499,0.1388
263,1242,1505,0.1388
269,1253,1522,0.1388
265,1255,1520,0.1388
262,1250,1512,0.1388
265,1258,1523,0.1388
265,1253,1518,0.1388
263,1251,1514,0.1388
267,1245,1512,0.1388
266,1241,1507,0.1388
263,1249,1512,0.1388
260,1250,1510,0.1388
265,1249,1514,0.1388
265,1249,1514,0.1388
268,1243,1511,0.1388
263,1248,1511,0.1388
257,1248,1505,0.1388
259,1247,1506,0.1388
258,1253,1511,0.1388
258,1258,1516,0.1388
252,1257,1509,0.1388
257,1254,1511,0.1388
260,1244,1504,0.1388
263,1242,1505,0.1388
255,1253,1508,0.1388
258,1255,1513,0.1388
257,1250,1507,0.1388
252,1248,1500,0.1388
258,1251,1509,0.1388
257,1260,1517,0.1388
259,1251,1510,0.1388
257,1256,1513,0.1388
254,1259,1513,0.1388
251,1256,1507,0.1388
252,1255,1507,0.1388
251,1246,1497,0.1388
249,1256,1505,0.1388
242,1265,1507,0.1388
237,1259,1496,0.1388
240,1256,1496,0.1388
238,1260,1498,0.1388
241,1256,1497,0.1388
236,1268,1504,0.1388
229,1271,1500,0.1388
231,1276,1507,0.1388
231,1277,1508,0.1388
231,1276,1507,0.1388
232,1280,1512,0.1388
234,1282,1516,0.1388
237,1280,1517,0.1388
241,1284,1525,0.1388
237,1286,1523,0.1388
238,1274,1512,0.1388
232,1266,1498,0.1388
232,1282,1514,0.1388
226,1275,1501,0.1388
224,1265,1489,0.1388
225,1276,1501,0.1388
222,1279,1501,0.1388
225,1280,1505,0.1388
226,1279,1505,0.1388
222,1289,1511,0.1388
222,1300,1522,0.1388
220,1293,1513,0.1388
216,1285,1501,0.1388
217,1288,1505,0.1388
211,1301,1512,0.1388
210,1305,1515,0.1388
218,1301,1519,0.1388
223,1303,1526,0.1388
223,1302,1525,0.1388
219,1290,1509,0.1388
224,1278,1502,0.1388
223,1292,1515,0.1388
227,1294,1521,0.1388
229,1285,1514,0.1388
226,1281,1507,0.1388
224,1279,1503,0.1388
224,1293,1517,0.1388
224,1293,1517,0.1388
225,1297,1522,0.1388
228,1292,1520,0.1388
228,1304,1532,0.1388
230,1297,1527,0.1388
226,1300,1526,0.1388
227,1302,1529,0.1388
230,1295,1525,0.1388
227,1283,1510,0.1388
221,1287,1508,0.1388
221,1280,1501,0.1388
222,1287,1509,0.1388
217,1310,1527,0.1388
214,1308,1522,0.1388
212,1300,1512,0.1388
211,1312,1523,0.1388
208,1315,1523,0.1388
211,1302,1513,0.1388
211,1306,1517,0.1388
209,1301,1510,0.1388
216,1303,1519,0.1388
211,1302,1513,0.1388
210,1307,1517,0.1388
211,1303,1514,0.1388
212,1295,1507,0.1388
216,1311,1527,0.1388
214,1312,1526,0.1388
214,1303,1517,0.1388
215,1300,1515,0.1388
211,1298,1509,0.1388
212,1300,1512,0.1388
211,1293,1504,0.1388
212,1290,1502,0.1388
213,1289,1502,0.1388
215,1290,1505,0.1388
220,1301,1521,0.1388
216,1308,1524,0.1388
213,1302,1515,0.1388
214,1299,1513,0.1388
209,1297,1506,0.1388
210,1302,1512,0.1388
209,1305,1514,0.1388
213,1294,1507,0.1388
213,1290,1503,0.1388
214,1295,1509,0.1388
218,1284,1502,0.1388
215,1287,1502,0.1388
210,1300,1510,0.1388
207,1304,1511,0.1388
211,1308,1519,0.1388
210,1299,1509,0.1388
212,1304,1516,0.1388
209,1320,1529,0.1388
205,1313,1518,0.1388
204,1305,1509,0.1388
206,1311,1517,0.1388
206,1316,1522,0.1388
209,1310,1519,0.1388
208,1299,1507,0.1388
209,1305,1514,0.1388
203,1297,1500,0.1388
209,1307,1516,0.1388
206,1295,1501,0.1388
203,1296,1499,0.1388
199,1305,1504,0.1388
194,1301,1495,0.1388
195,1310,1505,0.1388
198,1316,1514,0.1388
199,1320,1519,0.1388
197,1297,1494,0.1388
197,1304,1501,0.1388
195,1292,1487,0.1388
197,1298,1495,0.1388
196,1309,1505,0.1388
202,1312,1514,0.1388
201,1310,1511,0.1388
201,1321,1522,0.1388
201,1309,1510,0.1388
198,1308,1506,0.1388
198,1306,1504,0.1388
199,1308,1507,0.1388
196,1306,1502,0.1388
201,1313,1514,0.1388
198,1314,1512,0.1388
195,1322,1517,0.1388
195,1309,1504,0.1388
189,1305,1494,0.1388
191,1313,1504,0.1388
193,1313,1506,0.1388
196,1307,1503,0.1388
193,1320,1513,0.1388
193,1317,1510,0.1388
195,1313,1508,0.1388
193,1310,1503,0.1388
187,1312,1499,0.1388
189,1307,1496,0.1388
189,1299,1488,0.1388
189,1306,1495,0.1388
192,1307,1499,0.1388
189,1310,1499,0.1388
190,1319,1509,0.1388
191,1322,1513,0.1388
191,1317,1508,0.1388
192,1323,1515,0.1388
199,1315,1514,0.1388
197,1315,1512,0.1388
198,1310,1508,0.1388
194,1316,1510,0.1388
193,1324,1517,0.1388
184,1327,1511,0.1388
187,1328,1515,0.1388
184,1348,1532,0.1388
181,1338,1519,0.1388
179,1335,1514,0.1388
184,1324,1508,0.1388
187,1329,1516,0.1388
186,1330,1516,0.1388
186,1338,1524,0.1388
192,1342,1534,0.1388
191,1347,1538,0.1388
186,1342,1528,0.1388
186,1349,1535,0.1388
183,1345,1528,0.1388
181,1336,1517,0.1388
181,1321,1502,0.1388
184,1317,1501,0.1388
183,1326,1509,0.1388
185,1322,1507,0.1388
188,1331,1519,0.1388
187,1334,1521,0.1388
189,1322,1511,0.1388
193,1323,1516,0.1388
186,1328,1514,0.1388
184,1335,1519,0.1388
180,1336,1516,0.1388
177,1337,1514,0.1388
177,1336,1513,0.1388
178,1326,1504,0.1388
178,1329,1507,0.1388
175,1332,1507,0.1388
177,1323,1500,0.1388
175,1327,1502,0.1388
180,1330,1510,0.1388
179,1327,1506,0.1388
178,1329,1507,0.1388
174,1340,1514,0.1388
177,1346,1523,0.1388
178,1345,1523,0.1388
177,1345,1522,0.1388
177,1351,1528,0.1388
178,1352,1530,0.1388
179,1344,1523,0.1388
176,1347,1523,0.1388
172,1353,1525,0.1388
166,1351,1517,0.1388
168,1354,1522,0.1388
169,1355,1524,0.1388
167,1349,1516,0.1388
166,1346,1512,0.1388
170,1338,1508,0.1388
169,1337,1506,0.1388
174,1350,1524,0.1388
172,1347,1519,0.1388
169,1356,1525,0.1388
169,1358,1527,0.1388
174,1351,1525,0.1388
172,1340,1512,0.1388
167,1356,1523,0.1388
167,1353,1520,0.1388
168,1345,1513,0.1388
168,1357,1525,0.1388
174,1349,1523,0.1388
175,1347,1522,0.1388
175,1343,1518,0.1388
174,1344,1518,0.1388
170,1355,1525,0.1388
164,1334,1498,0.1388
170,1328,1498,0.1388
177,1322,1499,0.1388
178,1332,1510,0.1388
176,1342,1518,0.1388
178,1335,1513,0.1388
176,1347,1523,0.1388
178,1342,1520,0.1388
174,1328,1502,0.1388
175,1338,1513,0.1388
179,1333,1512,0.1388
177,1332,1509,0.1388
175,1327,1502,0.1388
173,1332,1505,0.1388
169,1334,1503,0.1388
166,1349,1515,0.1388
165,1335,1500,0.1388
159,1347,1506,0.1388
162,1343,1505,0.1388
168,1354,1522,0.1388
167,1340,1507,0.1388
173,1329,1502,0.1388
166,1334,1500,0.1388
170,1351,1521,0.1388
166,1355,1521,0.1388
169,1345,1514,0.1388
170,1350,1520,0.1388
170,1332,1502,0.1388
169,1337,1506,0.1388
164,1346,1510,0.1388
169,1352,1521,0.1388
174,1342,1516,0.1388
171,1336,1507,0.1388
172,1336,1508,0.1388
168,1332,1500,0.1388
172,1317,1489,0.1388
171,1317,1488,0.1388
171,1322,1493,0.1388
172,1335,1507,0.1388
171,1346,1517,0.1388
172,1352,1524,0.1388
172,1358,1530,0.1388
166,1352,1518,0.1388
168,1344,1512,0.1388
170,1347,1517,0.1388
173,1353,1526,0.1388
179,1351,1530,0.1388
179,1343,1522,0.1388
180,1343,1523,0.1388
179,1355,1534,0.1388
173,1347,1520,0.1388
170,1359,1529,0.1388
168,1357,1525,0.1388
168,1346,1514,0.1388
165,1350,1515,0.1388
165,1368,1533,0.1388
167,1357,1524,0.1388
168,1349,1517,0.1388
164,1336,1500,0.1388
164,1340,1504,0.1388
162,1352,1514,0.1388
163,1351,1514,0.1388
156,1352,1508,0.1388
155,1346,1501,0.1388
156,1344,1500,0.1388
157,1357,1514,0.1388
157,1354,1511,0.1388
155,1351,1506,0.1388
154,1355,1509,0.1388
156,1351,1507,0.1388
152,1368,1520,0.1388
155,1367,1522,0.1388
155,1367,1522,0.1388
153,1367,1520,0.1388
151,1361,1512,0.1388
150,1341,1491,0.1388
147,1348,1495,0.1388
148,1354,1502,0.1388
152,1367,1519,0.1388
153,1362,1515,0.1388
150,1357,1507,0.1388
148,1359,1507,0.1388
151,1368,1519,0.1388
146,1362,1508,0.1388
145,1366,1511,0.1388
147,1365,1512,0.1388
147,1371,1518,0.1388
150,1375,1525,0.1388
149,1367,1516,0.1388
149,1361,1510,0.1388
146,1364,1510,0.1388
147,1367,1514,0.1388
145,1374,1519,0.1388
148,1367,1515,0.1388
144,1373,1517,0.1388
139,1374,1513,0.1388
137,1381,1518,0.1388
138,1365,1503,0.1388
140,1345,1485,0.1388
140,1367,1507,0.1388
142,1366,1508,0.1388
142,1371,1513,0.1388
140,1370,1510,0.1388
140,1371,1511,0.1388
136,1370,1506,0.1388
137,1378,1515,0.1388
141,1381,1522,0.1388
139,1380,1519,0.1388
140,1385,1525,0.1388
139,1375,1514,0.1388
137,1373,1510,0.1388
136,1371,1507,0.1388
135,1375,1510,0.1388
131,1376,1507,0.1388
132,1368,1500,0.1388
134,1378,1512,0.1388
135,1373,1508,0.1388
134,1376,1510,0.1388
130,1388,1518,0.1388
133,1395,1528,0.1388
131,1393,1524,0.1388
131,1388,1519,0.1388
128,1388,1516,0.1388
121,1381,1502,0.1388
122,1379,1501,0.1388
124,1384,1508,0.1388
118,1386,1504,0.1388
120,1374,1494,0.1388
120,1372,1492,0.1388
121,1383,1504,0.1388
119,1393,1512,0.1388
120,1390,1510,0.1388
119,1392,1511,0.1388
118,1401,1519,0.1388
119,1405,1524,0.1388
122,1395,1517,0.1388
119,1398,1517,0.1388
118,1388,1506,0.1388
118,1398,1516,0.1388
118,1391,1509,0.1388
117,1398,1515,0.1388
115,1401,1516,0.1388
117,1396,1513,0.1388
115,1406,1521,0.1388
116,1401,1517,0.1388
113,1402,1515,0.1388
109,1405,1514,0.1388
111,1403,1514,0.1388
109,1400,1509,0.1388
109,1411,1520,0.1388
109,1416,1525,0.1388
112,1417,1529,0.1388
110,1417,1527,0.1388
106,1420,1526,0.1388
106,1417,1523,0.1388
106,1421,1527,0.1388
104,1408,1512,0.1388
106,1406,1512,0.1388
104,1392,1496,0.1388
106,1404,1510,0.1388
111,1401,1512,0.1388
107,1405,1512,0.1388
106,1388,1494,0.1388
109,1402,1511,0.1388
109,1395,1504,0.1388
106,1400,1506,0.1388
104,1386,1490,0.1388
107,1393,1500,0.1388
108,1403,1511,0.1388
108,1416,1524,0.1388
107,1411,1518,0.1388
110,1407,1517,0.1388
111,1402,1513,0.1388
108,1412,1520,0.1388
110,1413,1523,0.1388
108,1415,1523,0.1388
107,1404,1511,0.1388
108,1401,1509,0.1388
108,1402,1510,0.1388
106,1408,1514,0.1388
106,1413,1519,0.1388
103,1411,1514,0.1388
100,1408,1508,0.1388
101,1407,1508,0.1388
107,1406,1513,0.1388
108,1404,1512,0.1388
105,1410,1515,0.1388
102,1410,1512,0.1388
101,1417,1518,0.1388
102,1413,1515,0.1388
106,1410,1516,0.1388
106,1422,1528,0.1388
105,1412,1517,0.1388
102,1414,1516,0.1388
98,1424,1522,0.1388
91,1418,1509,0.1388
90,1419,1509,0.1388
87,1420,1507,0.1388
91,1417,1508,0.1388
85,1429,1514,0.1388
84,1431,1515,0.1388
85,1435,1520,0.1388
82,1431,1513,0.1388
82,1431,1513,0.1388
79,1431,1510,0.1388
82,1436,1518,0.1388
80,1428,1508,0.1388
79,1434,1513,0.1388
76,1448,1524,0.1388
72,1456,1528,0.1388
71,1455,1526,0.1388
68,1442,1510,0.1388
72,1443,1515,0.1388
68,1431,1499,0.1388
69,1419,1488,0.1388
71,1435,1506,0.1388
70,1437,1507,0.1388
69,1439,1508,0.1388
72,1440,1512,0.1388
71,1439,1510,0.1388
70,1441,1511,0.1388
69,1443,1512,0.1388
65,1443,1508,0.1388
63,1453,1516,0.1388
65,1453,1518,0.1388
65,1455,1520,0.1388
66,1446,1512,0.1388
62,1458,1520,0.1388
61,1455,1516,0.1388
61,1452,1513,0.1388
59,1451,1510,0.1388
60,1442,1502,0.1388
60,1443,1503,0.1388
61,1452,1513,0.1388
58,1444,1502,0.1388
59,1445,1504,0.1388
58,1464,1522,0.1388
59,1462,1521,0.1388
59,1469,1528,0.1388
59,1455,1514,0.1388
60,1456,1516,0.1388
59,1451,1510,0.1388
59,1454,1513,0.1388
62,1443,1505,0.1388
58,1436,1494,0.1388
57,1451,1508,0.1388
58,1465,1523,0.1388
58,1459,1517,0.1388
54,1452,1506,0.1388
56,1461,1517,0.1388
55,1465,1520,0.1388
56,1456,1512,0.1388
57,1458,1515,0.1388
59,1465,1524,0.1388
60,1456,1516,0.1388
61,1464,1525,0.1388
60,1462,1522,0.1388
58,1462,1520,0.1388
57,1458,1515,0.1388
58,1457,1515,0.1388
59,1451,1510,0.1388
57,1457,1514,0.1388
58,1452,1510,0.1388
57,1469,1526,0.1388
58,1461,1519,0.1388
61,1466,1527,0.1388
61,1459,1520,0.1388
62,1462,1524,0.1388
59,1468,1527,0.1388
59,1465,1524,0.1388
58,1464,1522,0.1388
57,1462,1519,0.1388
56,1466,1522,0.1388
56,1467,1523,0.1388
57,1464,1521,0.1388
59,1463,1522,0.1388
60,1459,1519,0.1388
61,1458,1519,0.1388
61,1454,1515,0.1388
60,1440,1500,0.1388
63,1440,1503,0.1388
61,1441,1502,0.1388
61,1453,1514,0.1388
61,1451,1512,0.1388
63,1460,1523,0.1388
61,1464,1525,0.1388
62,1475,1537,0.1388
61,1463,1524,0.1388
61,1456,1517,0.1388
58,1459,1517,0.1388
57,1459,1516,0.1388
55,1472,1527,0.1388
57,1464,1521,0.1388
54,1464,1518,0.1388
56,1445,1501,0.1388
53,1458,1511,0.1388
54,1457,1511,0.1388
57,1450,1507,0.1388
58,1458,1516,0.1388
58,1442,1500,0.1388
59,1440,1499,0.1388
59,1440,1499,0.1388
56,1447,1503,0.1388
53,1459,1512,0.1388
54,1459,1513,0.1388
52,1466,1518,0.1388
52,1471,1523,0.1388
51,1458,1509,0.1388
51,1447,1498,0.1388
50,1451,1501,0.1388
48,1448,1496,0.1388
46,1465,1511,0.1388
48,1453,1501,0.1388
50,1452,1502,0.1388
52,1454,1506,0.1388
51,1463,1514,0.1388
50,1458,1508,0.1388
50,1455,1505,0.1388
49,1462,1511,0.1388
49,1459,1508,0.1388
51,1459,1510,0.1388
49,1455,1504,0.1388
49,1457,1506,0.1388
49,1463,1512,0.1388
52,1466,1518,0.1388
51,1464,1515,0.1388
49,1471,1520,0.1388
49,1455,1504,0.1388
47,1443,1490,0.1388
49,1459,1508,0.1388
52,1453,1505,0.1388
49,1444,1493,0.1388
49,1446,1495,0.1388
48,1452,1500,0.1388
49,1451,1500,0.1388
50,1448,1498,0.1388
52,1454,1506,0.1388
51,1461,1512,0.1388
50,1466,1516,0.1388
50,1482,1532,0.1388
49,1488,1537,0.1388
48,1477,1525,0.1388
48,1470,1518,0.1388
47,1476,1523,0.1388
47,1467,1514,0.1388
48,1463,1511,0.1388
48,1457,1505,0.1388
49,1450,1499,0.1388
48,1455,1503,0.1388
50,1461,1511,0.1388
50,1469,1519,0.1388
50,1465,1515,0.1388
50,1467,1517,0.1388
49,1465,1514,0.1388
47,1474,1521,0.1388
49,1474,1523,0.1388
50,1471,1521,0.1388
49,1478,1527,0.1388
49,1473,1522,0.1388
51,1462,1513,0.1388
52,1482,1534,0.1388
49,1469,1518,0.1388
46,1469,1515,0.1388
50,1462,1512,0.1388
49,1473,1522,0.1388
49,1485,1534,0.1388
50,1470,1520,0.1388
50,1473,1523,0.1388
49,1475,1524,0.1388
49,1473,1522,0.1388
51,1470,1521,0.1388
51,1471,1522,0.1388
50,1469,1519,0.1388
49,1477,1526,0.1388
51,1464,1515,0.1388
50,1452,1502,0.1388
52,1467,1519,0.1388
50,1462,1512,0.1388
51,1474,1525,0.1388
50,1482,1532,0.1388
49,1478,1527,0.1388
46,1476,1522,0.1388
48,1459,1507,0.1388
46,1464,1510,0.1388
44,1470,1514,0.1388
45,1464,1509,0.1388
46,1446,1492,0.1388
46,1454,1500,0.1388
47,1459,1506,0.1388
45,1467,1512,0.1388
44,1474,1518,0.1388
46,1476,1522,0.1388
44,1474,1518,0.1388
43,1478,1521,0.1388
42,1472,1514,0.1388
40,1479,1519,0.1388
37,1476,1513,0.1388
37,1468,1505,0.1388
36,1472,1508,0.1388
33,1481,1514,0.1388
33,1473,1506,0.1388
33,1483,1516,0.1388
34,1489,1523,0.1388
32,1496,1528,0.1388
33,1478,1511,0.1388
34,1482,1516,0.1388
35,1473,1508,0.1388
35,1467,1502,0.1388
34,1474,1508,0.1388
36,1475,1511,0.1388
33,1476,1509,0.1388
33,1492,1525,0.1388
32,1491,1523,0.1388
32,1494,1526,0.1388
33,1495,1528,0.1388
32,1492,1524,0.1388
31,1491,1522,0.1388
33,1483,1516,0.1388
33,1483,1516,0.1388
32,1483,1515,0.1388
33,1491,1524,0.1388
32,1500,1532,0.1388
30,1482,1512,0.1388
30,1488,1518,0.1388
31,1490,1521,0.1388
31,1485,1516,0.1388
33,1488,1521,0.1388
29,1484,1513,0.1388
31,1481,1512,0.1388
32,1486,1518,0.1388
32,1489,1521,0.1388
31,1508,1539,0.1388
31,1504,1535,0.1388
31,1504,1535,0.1388
31,1498,1529,0.1388
32,1484,1516,0.1388
33,1484,1517,0.1388
33,1485,1518,0.1388
33,1479,1512,0.1388
33,1478,1511,0.1388
37,1473,1510,0.1388
37,1473,1510,0.1388
37,1488,1525,0.1388
37,1497,1534,0.1388
34,1477,1511,0.1388
32,1488,1520,0.1388
32,1485,1517,0.1388
32,1486,1518,0.1388
32,1485,1517,0.1388
32,1479,1511,0.1388
32,1487,1519,0.1388
32,1494,1526,0.1388
29,1482,1511,0.1388
28,1489,1517,0.1388
28,1480,1508,0.1388
27,1470,1497,0.1388
29,1477,1506,0.1388
27,1487,1514,0.1388
27,1495,1522,0.1388
27,1487,1514,0.1388
26,1477,1503,0.1388
25,1484,1509,0.1388
24,1492,1516,0.1388
24,1487,1511,0.1388
23,1480,1503,0.1388
24,1466,1490,0.1388
24,1481,1505,0.1388
24,1486,1510,0.1388
26,1484,1510,0.1388
27,1481,1508,0.1388
28,1479,1507,0.1388
28,1472,1500,0.1388
28,1479,1507,0.1388
27,1486,1513,0.1388
28,1481,1509,0.1388
27,1495,1522,0.1388
29,1493,1522,0.1388
29,1492,1521,0.1388
29,1476,1505,0.1388
29,1481,1510,0.1388
29,1487,1516,0.1388
30,1491,1521,0.1388
30,1494,1524,0.1388
30,1489,1519,0.1388
31,1495,1526,0.1388
31,1497,1528,0.1388
32,1489,1521,0.1388
33,1491,1524,0.1388
35,1486,1521,0.1388
34,1480,1514,0.1388
34,1496,1530,0.1388
36,1486,1522,0.1388
35,1497,1532,0.1388
34,1499,1533,0.1388
33,1484,1517,0.1388
33,1479,1512,0.1388
31,1473,1504,0.1388
34,1464,1498,0.1388
32,1476,1508,0.1388
31,1481,1512,0.1388
30,1471,1501,0.1388
27,1481,1508,0.1388
28,1471,1499,0.1388
29,1479,1508,0.1388
30,1491,1521,0.1388
29,1511,1540,0.1388
28,1490,1518,0.1388
28,1479,1507,0.1388
30,1476,1506,0.1388
31,1476,1507,0.1388
29,1487,1516,0.1388
27,1481,1508,0.1388
27,1478,1505,0.1388
26,1488,1514,0.1388
26,1493,1519,0.1388
26,1486,1512,0.1388
24,1493,1517,0.1388
24,1492,1516,0.1388
25,1485,1510,0.1388
25,1494,1519,0.1388
24,1494,1518,0.1388
23,1491,1514,0.1388
22,1485,1507,0.1388
22,1491,1513,0.1388
20,1491,1511,0.1388
22,1498,1520,0.1388
22,1492,1514,0.1388
22,1495,1517,0.1388
22,1507,1529,0.1388
22,1503,1525,0.1388
21,1497,1518,0.1388
20,1506,1526,0.1388
19,1507,1526,0.1388
19,1513,1532,0.1388
18,1511,1529,0.1388
19,1493,1512,0.1388
18,1494,1512,0.1388
18,1499,1517,0.1388
19,1502,1521,0.1388
20,1495,1515,0.1388
20,1494,1514,0.1388
20,1513,1533,0.1388
19,1506,1525,0.1388
18,1510,1528,0.1388
18,1488,1506,0.1388
18,1500,1518,0.1388
18,1496,1514,0.1388
19,1501,1520,0.1388
19,1509,1528,0.1388
19,1516,1535,0.1388
19,1506,1525,0.1388
19,1504,1523,0.1388
18,1504,1522,0.1388
18,1507,1525,0.1388
17,1507,1524,0.1388
18,1507,1525,0.1388
19,1498,1517,0.1388
18,1504,1522,0.1388
16,1504,1520,0.1388
17,1506,1523,0.1388
18,1497,1515,0.1388
19,1497,1516,0.1388
17,1500,1517,0.1388
16,1491,1507,0.1388
15,1510,1525,0.1388
15,1510,1525,0.1388
13,1501,1514,0.1388
13,1509,1522,0.1388
15,1510,1525,0.1388
15,1502,1517,0.1388
15,1500,1515,0.1388
14,1500,1514,0.1388
14,1489,1503,0.1388
13,1501,1514,0.1388
13,1503,1516,0.1388
13,1503,1516,0.1388
13,1499,1512,0.1388
13,1503,1516,0.1388
13,1503,1516,0.1388
13,1511,1524,0.1388
13,1504,1517,0.1388
13,1505,1518,0.1388
13,1503,1516,0.1388
13,1507,1520,0.1388
13,1520,1533,0.1388
13,1520,1533,0.1388
13,1509,1522,0.1388
13,1500,1513,0.1388
13,1508,1521,0.1388
13,1504,1517,0.1388
13,1508,1521,0.1388
13,1508,1521,0.1388
12,1504,1516,0.1388
12,1506,1518,0.1388
12,1507,1519,0.1388
12,1501,1513,0.1388
13,1503,1516,0.1388
12,1512,1524,0.1388
12,1499,1511,0.1388
12,1494,1506,0.1388
11,1501,1512,0.1388
11,1507,1518,0.1388
11,1512,1523,0.1388
12,1510,1522,0.1388
12,1497,1509,0.1388
12,1488,1500,0.1388
13,1494,1507,0.1388
13,1489,1502,0.1388
13,1491,1504,0.1388
13,1483,1496,0.1388
13,1486,1499,0.1388
14,1495,1509,0.1388
12,1489,1501,0.1388
11,1493,1504,0.1388
10,1494,1504,0.1388
10,1495,1505,0.1388
10,1489,1499,0.1388
11,1498,1509,0.1388
11,1509,1520,0.1388
12,1517,1529,0.1388
10,1495,1505,0.1388
11,1494,1505,0.1388
11,1507,1518,0.1388
11,1502,1513,0.1388
11,1505,1516,0.1388
11,1509,1520,0.1388
11,1502,1513,0.1388
11,1513,1524,0.1388
11,1513,1524,0.1388
11,1514,1525,0.1388
11,1523,1534,0.1388
10,1510,1520,0.1388
9,1515,1524,0.1388
8,1523,1531,0.1388
8,1525,1533,0.1388
8,1517,1525,0.1388
9,1515,1524,0.1388
9,1513,1522,0.1388
9,1509,1518,0.1388
9,1511,1520,0.1388
9,1514,1523,0.1388
7,1497,1504,0.1388
8,1496,1504,0.1388
8,1506,1514,0.1388
8,1504,1512,0.1388
8,1500,1508,0.1388
8,1494,1502,0.1388
9,1487,1496,0.1388
10,1489,1499,0.1388
10,1497,1507,0.1388
10,1509,1519,0.1388
10,1509,1519,0.1388
8,1502,1510,0.1388
7,1518,1525,0.1388
7,1513,1520,0.1388
7,1514,1521,0.1388
8,1509,1517,0.1388
7,1520,1527,0.1388
7,1527,1534,0.1388
8,1520,1528,0.1388
8,1500,1508,0.1388
6,1494,1500,0.1388
6,1492,1498,0.1388
8,1503,1511,0.1388
8,1520,1528,0.1388
6,1511,1517,0.1388
6,1513,1519,0.1388
6,1506,1512,0.1388
7,1511,1518,0.1388
7,1520,1527,0.1388
7,1509,1516,0.1388
7,1501,1508,0.1388
7,1495,1502,0.1388
5,1508,1513,0.1388
5,1501,1506,0.1388
7,1495,1502,0.1388
7,1514,1521,0.1388
8,1515,1523,0.1388
8,1509,1517,0.1388
8,1499,1507,0.1388
7,1513,1520,0.1388
7,1504,1511,0.1388
7,1518,1525,0.1388
6,1511,1517,0.1388
5,1522,1527,0.1388
5,1519,1524,0.1388
5,1513,1518,0.1388
5,1495,1500,0.1388
5,1484,1489,0.1388
5,1504,1509,0.1388
5,1514,1519,0.1388
5,1514,1519,0.1388
5,1520,1525,0.1388
5,1518,1523,0.1388
4,1523,1527,0.1388
5,1522,1527,0.1388
4,1532,1536,0.1388
4,1525,1529,0.1388
4,1513,1517,0.1388
4,1514,1518,0.1388
4,1511,1515,0.1388
4,1512,1516,0.1388
4,1512,1516,0.1388
4,1518,1522,0.1388
4,1522,1526,0.1388
4,1515,1519,0.1388
4,1520,1524,0.1388
4,1525,1529,0.1388
4,1520,1524,0.1388
4,1518,1522,0.1388
4,1516,1520,0.1388
4,1501,1505,0.1388
4,1506,1510,0.1388
4,1503,1507,0.1388
4,1505,1509,0.1388
4,1510,1514,0.1388
4,1519,1523,0.1388
4,1512,1516,0.1388
4,1507,1511,0.1388
3,1506,1509,0.1388
3,1503,1506,0.1388
3,1507,1510,0.1388
3,1507,1510,0.1388
3,1522,1525,0.1388
2,1519,1521,0.1388
2,1531,1533,0.1388
2,1522,1524,0.1388
2,1520,1522,0.1388
2,1511,1513,0.1388
2,1508,1510,0.1388
2,1509,1511,0.1388
2,1504,1506,0.1388
2,1517,1519,0.1388
1,1510,1511,0.1388
1,1517,1518,0.1388
1,1521,1522,0.1388
1,1531,1532,0.1388
1,1530,1531,0.1388
1,1527,1528,0.1388
1,1525,1526,0.1388
1,1524,1525,0.1388
1,1510,1511,0.1388
1,1506,1507,0.1388
1,1524,1525,0.1388
1,1519,1520,0.1388
1,1516,1517,0.1388
1,1507,1508,0.1388
1,1514,1515,0.1388
1,1512,1513,0.1388
1,1508,1509,0.1388
1,1508,1509,0.1388
1,1507,1508,0.1388
1,1501,1502,0.1388
2,1511,1513,0.1388
2,1518,1520,0.1388
2,1524,1526,0.1388
2,1510,1512,0.1388
2,1511,1513,0.1388
2,1518,1520,0.1388
2,1512,1514,0.1388
1,1519,1520,0.1388
1,1507,1508,0.1388
1,1507,1508,0.1388
1,1521,1522,0.1388
1,1532,1533,0.1388
1,1520,1521,0.1388
1,1506,1507,0.1388
1,1509,1510,0.1388
1,1504,1505,0.1388
1,1511,1512,0.1388
1,1523,1524,0.1388
1,1524,1525,0.1388
1,1517,1518,0.1388
1,1516,1517,0.1388
1,1516,1517,0.1388
1,1514,1515,0.1388
1,1538,1539,0.1388
1,1523,1524,0.1388
1,1518,1519,0.1388
1,1510,1511,0.1388
1,1517,1518,0.1388
1,1516,1517,0.1388
1,1514,1515,0.1388
1,1519,1520,0.1388
1,1510,1511,0.1388
1,1517,1518,0.1388
1,1522,1523,0.1388
1,1529,1530,0.1388
1,1527,1528,0.1388
1,1524,1525,0.1388
1,1506,1507,0.1388
1,1509,1510,0.1388
1,1486,1487,0.1388
1,1496,1497,0.1388
1,1492,1493,0.1388
1,1489,1490,0.1388
1,1493,1494,0.1388
1,1498,1499,0.1388
1,1503,1504,0.1388
1,1499,1500,0.1388
1,1512,1513,0.1388
1,1520,1521,0.1388
1,1513,1514,0.1388
1,1525,1526,0.1388
1,1518,1519,0.1388
1,1524,1525,0.1388
1,1526,1527,0.1388
1,1518,1519,0.1388
1,1529,1530,0.1388
1,1529,1530,0.1388
1,1523,1524,0.1388
1,1510,1511,0.1388
1,1504,1505,0.1388
1,1509,1510,0.1388
1,1511,1512,0.1388
1,1510,1511,0.1388
1,1515,1516,0.1388
1,1510,1511,0.1388
1,1515,1516,0.1388
1,1505,1506,0.1388
0,1515,1515,0.1388
