1368,28,1396,0.1388
1387,29,1416,0.1388
1412,32,1444,0.1388
1425,31,1456,0.1388
1426,35,1461,0.1388
1427,33,1460,0.1388
1442,32,1474,0.1388
1446,33,1479,0.1388
1452,32,1484,0.1388
1456,33,1489,0.1388
1461,35,1496,0.1388
1456,36,1492,0.1388
1456,36,1492,0.1388
1461,35,1496,0.1388
1452,35,1487,0.1388
1448,34,1482,0.1388
1453,32,1485,0.1388
1458,33,1491,0.1388
1458,34,1492,0.1388
1454,34,1488,0.1388
1448,35,1483,0.1388
1450,37,1487,0.1388
1448,38,1486,0.1388
1442,39,1481,0.1388
1446,39,1485,0.1388
1433,40,1473,0.1388
1450,40,1490,0.1388
1451,41,1492,0.1388
1456,41,1497,0.1388
1448,40,1488,0.1388
1462,41,1503,0.1388
1464,41,1505,0.1388
1466,43,1509,0.1388
1457,43,1500,0.1388
1447,41,1488,0.1388
1448,44,1492,0.1388
1460,41,1501,0.1388
1466,41,1507,0.1388
1474,43,1517,0.1388
1465,41,1506,0.1388
1463,41,1504,0.1388
1453,41,1494,0.1388
1449,42,1491,0.1388
1461,41,1502,0.1388
1456,41,1497,0.1388
1437,42,1479,0.1388
1443,43,1486,0.1388
1440,44,1484,0.1388
1454,44,1498,0.1388
1463,43,1506,0.1388
1451,44,1495,0.1388
1463,41,1504,0.1388
1468,42,1510,0.1388
1465,39,1504,0.1388
1467,39,1506,0.1388
1449,40,1489,0.1388
1447,40,1487,0.1388
1458,40,1498,0.1388
1451,40,1491,0.1388
1448,40,1488,0.1388
1448,41,1489,0.1388
1448,40,1488,0.1388
1457,39,1496,0.1388
1471,38,1509,0.1388
1461,39,1500,0.1388
1476,41,1517,0.1388
1475,38,1513,0.1388
1463,39,1502,0.1388
1444,38,1482,0.1388
1446,38,1484,0.1388
1455,38,1493,0.1388
1457,40,1497,0.1388
1451,40,1491,0.1388
1446,42,1488,0.1388
1447,41,1488,0.1388
1444,43,1487,0.1388
1441,45,1486,0.1388
1448,46,1494,0.1388
1455,46,1501,0.1388
1446,49,1495,0.1388
1446,53,1499,0.1388
1454,49,1503,0.1388
1444,50,1494,0.1388
1431,50,1481,0.1388
1435,49,1484,0.1388
1433,50,1483,0.1388
1443,51,1494,0.1388
1448,48,1496,0.1388
1435,51,1486,0.1388
1434,52,1486,0.1388
1437,51,1488,0.1388
1437,53,1490,0.1388
1437,56,1493,0.1388
1422,59,1481,0.1388
1431,61,1492,0.1388
1446,61,1507,0.1388
1438,60,1498,0.1388
1432,59,1491,0.1388
1427,62,1489,0.1388
1426,62,1488,0.1388
1420,62,1482,0.1388
1421,64,1485,0.1388
1417,66,1483,0.1388
1431,66,1497,0.1388
1433,68,1501,0.1388
1439,67,1506,0.1388
1443,66,1509,0.1388
1432,70,1502,0.1388
1424,70,1494,0.1388
1433,70,1503,0.1388
1429,75,1504,0.1388
1426,76,1502,0.1388
1422,75,1497,0.1388
1417,76,1493,0.1388
1425,77,1502,0.1388
1422,74,1496,0.1388
1429,77,1506,0.1388
1408,79,1487,0.1388
1402,76,1478,0.1388
1421,80,1501,0.1388
1417,76,1493,0.1388
1395,76,1471,0.1388
1398,76,1474,0.1388
1384,79,1463,0.1388
1398,81,1479,0.1388
1412,81,1493,0.1388
1409,79,1488,0.1388
1427,78,1505,0.1388
1418,79,1497,0.1388
1409,84,1493,0.1388
1407,82,1489,0.1388
1400,86,1486,0.1388
1401,85,1486,0.1388
1402,83,1485,0.1388
1412,87,1499,0.1388
1410,88,1498,0.1388
1404,90,1494,0.1388
1395,88,1483,0.1388
1408,88,1496,0.1388
1405,88,1493,0.1388
1387,91,1478,0.1388
1382,94,1476,0.1388
1392,95,1487,0.1388
1400,96,1496,0.1388
1402,96,1498,0.1388
1405,99,1504,0.1388
1390,98,1488,0.1388
1397,101,1498,0.1388
1397,99,1496,0.1388
1401,102,1503,0.1388
1397,104,1501,0.1388
1396,103,1499,0.1388
1392,107,1499,0.1388
1394,110,1504,0.1388
1401,108,1509,0.1388
1398,109,1507,0.1388
1398,107,1505,0.1388
1392,107,1499,0.1388
1388,108,1496,0.1388
1402,106,1508,0.1388
1403,106,1509,0.1388
1410,104,1514,0.1388
1410,103,1513,0.1388
1407,104,1511,0.1388
1403,101,1504,0.1388
1397,100,1497,0.1388
1393,101,1494,0.1388
1383,103,1486,0.1388
1377,102,1479,0.1388
1387,100,1487,0.1388
1391,96,1487,0.1388
1400,98,1498,0.1388
1398,97,1495,0.1388
1391,99,1490,0.1388
1395,99,1494,0.1388
1390,100,1490,0.1388
1393,102,1495,0.1388
1391,98,1489,0.1388
1400,99,1499,0.1388
1393,100,1493,0.1388
1395,101,1496,0.1388
1385,106,1491,0.1388
1394,109,1503,0.1388
1392,107,1499,0.1388
1381,107,1488,0.1388
1394,107,1501,0.1388
1380,107,1487,0.1388
1374,106,1480,0.1388
1385,106,1491,0.1388
1390,105,1495,0.1388
1392,105,1497,0.1388
1402,103,1505,0.1388
1393,105,1498,0.1388
1397,105,1502,0.1388
1396,103,1499,0.1388
1398,100,1498,0.1388
1391,99,1490,0.1388
1395,102,1497,0.1388
1393,105,1498,0.1388
1404,104,1508,0.1388
1400,105,1505,0.1388
1396,106,1502,0.1388
1382,106,1488,0.1388
1387,105,1492,0.1388
1392,108,1500,0.1388
1380,104,1484,0.1388
1391,105,1496,0.1388
1394,100,1494,0.1388
1384,100,1484,0.1388
1384,102,1486,0.1388
1378,104,1482,0.1388
1374,105,1479,0.1388
1368,105,1473,0.1388
1369,104,1473,0.1388
1377,104,1481,0.1388
1371,107,1478,0.1388
1379,107,1486,0.1388
1377,109,1486,0.1388
1386,108,1494,0.1388
1384,112,1496,0.1388
1389,110,1499,0.1388
1376,109,1485,0.1388
1374,108,1482,0.1388
1377,108,1485,0.1388
1377,108,1485,0.1388
1384,105,1489,0.1388
1375,108,1483,0.1388
1383,108,1491,0.1388
1394,106,1500,0.1388
1394,107,1501,0.1388
1396,108,1504,0.1388
1398,106,1504,0.1388
1394,112,1506,0.1388
1394,112,1506,0.1388
1386,112,1498,0.1388
1382,114,1496,0.1388
1386,117,1503,0.1388
1393,119,1512,0.1388
1393,123,1516,0.1388
1388,119,1507,0.1388
1396,114,1510,0.1388
1388,121,1509,0.1388
1385,122,1507,0.1388
1384,122,1506,0.1388
1378,120,1498,0.1388
1365,128,1493,0.1388
1368,129,1497,0.1388
1367,128,1495,0.1388
1359,127,1486,0.1388
1357,129,1486,0.1388
1368,130,1498,0.1388
1359,132,1491,0.1388
1367,130,1497,0.1388
1369,130,1499,0.1388
1362,132,1494,0.1388
1373,132,1505,0.1388
1372,130,1502,0.1388
1374,132,1506,0.1388
1375,133,1508,0.1388
1381,133,1514,0.1388
1376,132,1508,0.1388
1368,135,1503,0.1388
1367,132,1499,0.1388
1373,131,1504,0.1388
1370,132,1502,0.1388
1366,138,1504,0.1388
1360,141,1501,0.1388
1352,141,1493,0.1388
1349,140,1489,0.1388
1364,137,1501,0.1388
1370,137,1507,0.1388
1373,141,1514,0.1388
1368,145,1513,0.1388
1369,143,1512,0.1388
1366,144,1510,0.1388
1361,143,1504,0.1388
1371,141,1512,0.1388
1368,137,1505,0.1388
1375,138,1513,0.1388
1362,133,1495,0.1388
1370,133,1503,0.1388
1356,133,1489,0.1388
1354,134,1488,0.1388
1358,133,1491,0.1388
1358,132,1490,0.1388
1361,136,1497,0.1388
1348,133,1481,0.1388
1343,133,1476,0.1388
1345,133,1478,0.1388
1356,133,1489,0.1388
1347,134,1481,0.1388
1359,135,1494,0.1388
1354,136,1490,0.1388
1346,143,1489,0.1388
1349,142,1491,0.1388
1365,144,1509,0.1388
1364,145,1509,0.1388
1365,146,1511,0.1388
1356,151,1507,0.1388
1349,150,1499,0.1388
1352,155,1507,0.1388
1355,158,1513,0.1388
1357,155,1512,0.1388
1362,154,1516,0.1388
1345,149,1494,0.1388
1356,148,1504,0.1388
1346,147,1493,0.1388
1348,150,1498,0.1388
1353,150,1503,0.1388
1353,145,1498,0.1388
1354,147,1501,0.1388
1357,142,1499,0.1388
1365,143,1508,0.1388
1358,139,1497,0.1388
1351,142,1493,0.1388
1358,138,1496,0.1388
1351,140,1491,0.1388
1354,143,1497,0.1388
1347,145,1492,0.1388
1354,150,1504,0.1388
1364,151,1515,0.1388
1373,154,1527,0.1388
1354,153,1507,0.1388
1354,155,1509,0.1388
1349,159,1508,0.1388
1354,163,1517,0.1388
1346,164,1510,0.1388
1334,163,1497,0.1388
1336,163,1499,0.1388
1328,164,1492,0.1388
1327,166,1493,0.1388
1325,168,1493,0.1388
1325,167,1492,0.1388
1329,166,1495,0.1388
1333,167,1500,0.1388
1322,168,1490,0.1388
1325,170,1495,0.1388
1324,168,1492,0.1388
1333,161,1494,0.1388
1317,162,1479,0.1388
1330,164,1494,0.1388
1333,162,1495,0.1388
1333,160,1493,0.1388
1336,162,1498,0.1388
1335,163,1498,0.1388
1337,169,1506,0.1388
1341,169,1510,0.1388
1333,167,1500,0.1388
1332,171,1503,0.1388
1332,171,1503,0.1388
1327,178,1505,0.1388
1317,175,1492,0.1388
1309,175,1484,0.1388
1300,181,1481,0.1388
1295,185,1480,0.1388
1297,186,1483,0.1388
1290,183,1473,0.1388
1294,193,1487,0.1388
1274,189,1463,0.1388
1279,185,1464,0.1388
1278,185,1463,0.1388
1281,184,1465,0.1388
1293,183,1476,0.1388
1297,182,1479,0.1388
1313,182,1495,0.1388
1313,185,1498,0.1388
1301,189,1490,0.1388
1302,187,1489,0.1388
1302,191,1493,0.1388
1301,188,1489,0.1388
1306,184,1490,0.1388
1316,189,1505,0.1388
1320,188,1508,0.1388
1297,191,1488,0.1388
1295,187,1482,0.1388
1310,189,1499,0.1388
1316,187,1503,0.1388
1322,187,1509,0.1388
1311,185,1496,0.1388
1306,183,1489,0.1388
1314,182,1496,0.1388
1315,186,1501,0.1388
1311,180,1491,0.1388
1315,187,1502,0.1388
1304,191,1495,0.1388
1307,188,1495,0.1388
1292,191,1483,0.1388
1304,190,1494,0.1388
1303,195,1498,0.1388
1309,197,1506,0.1388
1293,194,1487,0.1388
1289,193,1482,0.1388
1286,197,1483,0.1388
1288,203,1491,0.1388
1290,202,1492,0.1388
1283,200,1483,0.1388
1282,200,1482,0.1388
1279,202,1481,0.1388
1284,204,1488,0.1388
1283,201,1484,0.1388
1293,205,1498,0.1388
1286,205,1491,0.1388
1283,208,1491,0.1388
1288,207,1495,0.1388
1277,200,1477,0.1388
1288,198,1486,0.1388
1300,195,1495,0.1388
1286,199,1485,0.1388
1285,204,1489,0.1388
1274,205,1479,0.1388
1287,204,1491,0.1388
1307,203,1510,0.1388
1293,206,1499,0.1388
1285,203,1488,0.1388
1280,202,1482,0.1388
1276,205,1481,0.1388
1273,204,1477,0.1388
1266,208,1474,0.1388
1272,214,1486,0.1388
1278,207,1485,0.1388
1281,212,1493,0.1388
1288,211,1499,0.1388
1280,212,1492,0.1388
1277,215,1492,0.1388
1274,221,1495,0.1388
1286,221,1507,0.1388
1276,224,1500,0.1388
1279,228,1507,0.1388
1271,222,1493,0.1388
1274,220,1494,0.1388
1277,228,1505,0.1388
1261,226,1487,0.1388
1256,224,1480,0.1388
1257,222,1479,0.1388
1259,223,1482,0.1388
1261,227,1488,0.1388
1274,228,1502,0.1388
1273,222,1495,0.1388
1253,219,1472,0.1388
1241,220,1461,0.1388
1244,226,1470,0.1388
1249,225,1474,0.1388
1261,220,1481,0.1388
1266,220,1486,0.1388
1273,221,1494,0.1388
1278,215,1493,0.1388
1276,220,1496,0.1388
1275,222,1497,0.1388
1268,227,1495,0.1388
1263,231,1494,0.1388
1275,229,1504,0.1388
1263,231,1494,0.1388
1263,232,1495,0.1388
1265,239,1504,0.1388
1272,238,1510,0.1388
1271,235,1506,0.1388
1256,239,1495,0.1388
1256,241,1497,0.1388
1257,245,1502,0.1388
1258,244,1502,0.1388
1255,246,1501,0.1388
1248,250,1498,0.1388
1243,253,1496,0.1388
1241,251,1492,0.1388
1241,256,1497,0.1388
1239,258,1497,0.1388
1238,255,1493,0.1388
1245,254,1499,0.1388
1245,254,1499,0.1388
1246,260,1506,0.1388
1246,257,1503,0.1388
1247,250,1497,0.1388
1249,254,1503,0.1388
1249,256,1505,0.1388
1250,257,1507,0.1388
1244,253,1497,0.1388
1237,252,1489,0.1388
1241,252,1493,0.1388
1240,249,1489,0.1388
1238,254,1492,0.1388
1247,255,1502,0.1388
1245,257,1502,0.1388
1251,259,1510,0.1388
1233,263,1496,0.1388
1226,264,1490,0.1388
1233,259,1492,0.1388
1235,263,1498,0.1388
1237,261,1498,0.1388
1238,264,1502,0.1388
1235,268,1503,0.1388
1243,268,1511,0.1388
1237,267,1504,0.1388
1230,263,1493,0.1388
1236,269,1505,0.1388
1239,269,1508,0.1388
1240,268,1508,0.1388
1235,265,1500,0.1388
1235,266,1501,0.1388
1228,264,1492,0.1388
1226,267,1493,0.1388
1230,271,1501,0.1388
1240,275,1515,0.1388
1235,281,1516,0.1388
1227,282,1509,0.1388
1230,281,1511,0.1388
1217,282,1499,0.1388
1223,286,1509,0.1388
1211,284,1495,0.1388
1212,289,1501,0.1388
1223,289,1512,0.1388
1230,285,1515,0.1388
1218,285,1503,0.1388
1208,292,1500,0.1388
1206,290,1496,0.1388
1194,287,1481,0.1388
1200,281,1481,0.1388
1196,280,1476,0.1388
1207,277,1484,0.1388
1209,271,1480,0.1388
1201,276,1477,0.1388
1205,276,1481,0.1388
1207,270,1477,0.1388
1201,273,1474,0.1388
1217,273,1490,0.1388
1222,273,1495,0.1388
1238,275,1513,0.1388
1234,274,1508,0.1388
1235,273,1508,0.1388
1230,272,1502,0.1388
1217,270,1487,0.1388
1204,264,1468,0.1388
1210,272,1482,0.1388
1207,282,1489,0.1388
1209,283,1492,0.1388
1218,279,1497,0.1388
1227,278,1505,0.1388
1219,281,1500,0.1388
1212,281,1493,0.1388
1215,283,1498,0.1388
1219,282,1501,0.1388
1225,280,1505,0.1388
1228,283,1511,0.1388
1236,284,1520,0.1388
1234,284,1518,0.1388
1224,276,1500,0.1388
1224,280,1504,0.1388
1216,280,1496,0.1388
1216,284,1500,0.1388
1207,286,1493,0.1388
1220,285,1505,0.1388
1213,279,1492,0.1388
1221,285,1506,0.1388
1212,282,1494,0.1388
1223,285,1508,0.1388
1219,289,1508,0.1388
1219,296,1515,0.1388
1213,290,1503,0.1388
1216,292,1508,0.1388
1217,289,1506,0.1388
1212,289,1501,0.1388
1220,289,1509,0.1388
1221,294,1515,0.1388
1204,294,1498,0.1388
1208,294,1502,0.1388
1209,292,1501,0.1388
1199,301,1500,0.1388
1201,298,1499,0.1388
1212,300,1512,0.1388
1215,295,1510,0.1388
1205,298,1503,0.1388
1204,306,1510,0.1388
1206,302,1508,0.1388
1202,299,1501,0.1388
1201,294,1495,0.1388
1192,295,1487,0.1388
1188,300,1488,0.1388
1178,298,1476,0.1388
1185,303,1488,0.1388
1179,306,1485,0.1388
1188,301,1489,0.1388
1180,303,1483,0.1388
1185,299,1484,0.1388
1195,296,1491,0.1388
1198,296,1494,0.1388
1209,298,1507,0.1388
1208,300,1508,0.1388
1210,300,1510,0.1388
1207,308,1515,0.1388
1198,309,1507,0.1388
1211,315,1526,0.1388
1205,312,1517,0.1388
1196,314,1510,0.1388
1194,313,1507,0.1388
1190,314,1504,0.1388
1191,314,1505,0.1388
1186,315,1501,0.1388
1182,318,1500,0.1388
1175,318,1493,0.1388
1182,320,1502,0.1388
1186,328,1514,0.1388
1188,331,1519,0.1388
1178,321,1499,0.1388
1188,322,1510,0.1388
1183,328,1511,0.1388
1177,329,1506,0.1388
1184,327,1511,0.1388
1181,328,1509,0.1388
1187,333,1520,0.1388
1186,337,1523,0.1388
1180,339,1519,0.1388
1181,337,1518,0.1388
1177,337,1514,0.1388
1165,329,1494,0.1388
1157,334,1491,0.1388
1148,334,1482,0.1388
1154,330,1484,0.1388
1157,328,1485,0.1388
1147,335,1482,0.1388
1152,330,1482,0.1388
1147,327,1474,0.1388
1143,330,1473,0.1388
1155,337,1492,0.1388
1157,340,1497,0.1388
1161,335,1496,0.1388
1157,340,1497,0.1388
1160,341,1501,0.1388
1174,338,1512,0.1388
1179,333,1512,0.1388
1173,341,1514,0.1388
1172,336,1508,0.1388
1160,332,1492,0.1388
1152,332,1484,0.1388
1158,333,1491,0.1388
1161,337,1498,0.1388
1148,341,1489,0.1388
1141,346,1487,0.1388
1154,345,1499,0.1388
1157,344,1501,0.1388
1161,340,1501,0.1388
1152,339,1491,0.1388
1155,346,1501,0.1388
1159,339,1498,0.1388
1157,344,1501,0.1388
1150,341,1491,0.1388
1139,345,1484,0.1388
1135,336,1471,0.1388
1135,338,1473,0.1388
1140,338,1478,0.1388
1148,341,1489,0.1388
1159,342,1501,0.1388
1160,346,1506,0.1388
1153,350,1503,0.1388
1144,355,1499,0.1388
1148,352,1500,0.1388
1155,351,1506,0.1388
1156,350,1506,0.1388
1145,350,1495,0.1388
1137,355,1492,0.1388
1128,361,1489,0.1388
1136,356,1492,0.1388
1141,359,1500,0.1388
1148,356,1504,0.1388
1143,364,1507,0.1388
1159,357,1516,0.1388
1152,361,1513,0.1388
1153,361,1514,0.1388
1135,365,1500,0.1388
1132,362,1494,0.1388
1135,359,1494,0.1388
1141,356,1497,0.1388
1133,358,1491,0.1388
1141,359,1500,0.1388
1142,359,1501,0.1388
1134,365,1499,0.1388
1132,365,1497,0.1388
1134,365,1499,0.1388
1129,372,1501,0.1388
1132,363,1495,0.1388
1133,368,1501,0.1388
1130,364,1494,0.1388
1130,368,1498,0.1388
1134,369,1503,0.1388
1139,364,1503,0.1388
1142,371,1513,0.1388
1148,378,1526,0.1388
1127,367,1494,0.1388
1119,371,1490,0.1388
1114,378,1492,0.1388
1123,375,1498,0.1388
1121,379,1500,0.1388
1115,376,1491,0.1388
1127,386,1513,0.1388
1130,382,1512,0.1388
1123,389,1512,0.1388
1114,392,1506,0.1388
1114,388,1502,0.1388
1117,385,1502,0.1388
1112,387,1499,0.1388
1108,393,1501,0.1388
1109,394,1503,0.1388
1114,387,1501,0.1388
1115,391,1506,0.1388
1110,391,1501,0.1388
1105,390,1495,0.1388
1104,387,1491,0.1388
1099,390,1489,0.1388
1088,396,1484,0.1388
1095,394,1489,0.1388
1087,390,1477,0.1388
1099,397,1496,0.1388
1097,397,1494,0.1388
1090,401,1491,0.1388
1082,405,1487,0.1388
1098,408,1506,0.1388
1098,410,1508,0.1388
1108,408,1516,0.1388
1098,406,1504,0.1388
1094,412,1506,0.1388
1091,410,1501,0.1388
1081,408,1489,0.1388
1087,413,1500,0.1388
1083,411,1494,0.1388
1085,408,1493,0.1388
1086,410,1496,0.1388
1087,402,1489,0.1388
1091,402,1493,0.1388
1088,413,1501,0.1388
1083,413,1496,0.1388
1079,409,1488,0.1388
1092,409,1501,0.1388
1099,400,1499,0.1388
1103,402,1505,0.1388
1106,405,1511,0.1388
1110,407,1517,0.1388
1115,404,1519,0.1388
1103,410,1513,0.1388
1095,407,1502,0.1388
1085,406,1491,0.1388
1089,404,1493,0.1388
1076,413,1489,0.1388
1089,413,1502,0.1388
1093,415,1508,0.1388
1087,410,1497,0.1388
1080,414,1494,0.1388
1079,417,1496,0.1388
1089,411,1500,0.1388
1087,416,1503,0.1388
1071,419,1490,0.1388
1066,422,1488,0.1388
1062,416,1478,0.1388
1058,413,1471,0.1388
1071,417,1488,0.1388
1074,419,1493,0.1388
1081,422,1503,0.1388
1068,419,1487,0.1388
1068,420,1488,0.1388
1071,420,1491,0.1388
1070,427,1497,0.1388
1074,426,1500,0.1388
1071,432,1503,0.1388
1070,433,1503,0.1388
1069,439,1508,0.1388
1068,434,1502,0.1388
1073,437,1510,0.1388
1082,436,1518,0.1388
1078,432,1510,0.1388
1072,444,1516,0.1388
1066,438,1504,0.1388
1058,438,1496,0.1388
1064,440,1504,0.1388
1063,441,1504,0.1388
1066,432,1498,0.1388
1063,427,1490,0.1388
1054,430,1484,0.1388
1057,441,1498,0.1388
1067,438,1505,0.1388
1069,438,1507,0.1388
1058,440,1498,0.1388
1060,439,1499,0.1388
1047,444,1491,0.1388
1051,441,1492,0.1388
1057,436,1493,0.1388
1061,438,1499,0.1388
1062,434,1496,0.1388
1050,441,1491,0.1388
1051,437,1488,0.1388
1055,432,1487,0.1388
1052,431,1483,0.1388
1060,431,1491,0.1388
1051,434,1485,0.1388
1060,439,1499,0.1388
1058,442,1500,0.1388
1058,438,1496,0.1388
1068,433,1501,0.1388
1078,431,1509,0.1388
1086,433,1519,0.1388
1074,436,1510,0.1388
1066,435,1501,0.1388
1073,432,1505,0.1388
1066,432,1498,0.1388
1053,437,1490,0.1388
1059,436,1495,0.1388
1069,439,1508,0.1388
1062,436,1498,0.1388
1070,440,1510,0.1388
1055,445,1500,0.1388
1059,448,1507,0.1388
1059,443,1502,0.1388
1057,449,1506,0.1388
1046,455,1501,0.1388
1047,455,1502,0.1388
1042,449,1491,0.1388
1048,452,1500,0.1388
1051,456,1507,0.1388
1052,460,1512,0.1388
1046,464,1510,0.1388
1039,459,1498,0.1388
1038,453,1491,0.1388
1044,463,1507,0.1388
1041,462,1503,0.1388
1028,467,1495,0.1388
1025,467,1492,0.1388
1041,469,1510,0.1388
1037,475,1512,0.1388
1033,474,1507,0.1388
1039,472,1511,0.1388
1039,466,1505,0.1388
1033,470,1503,0.1388
1031,470,1501,0.1388
1030,463,1493,0.1388
1032,468,1500,0.1388
1034,468,1502,0.1388
1024,476,1500,0.1388
1027,478,1505,0.1388
1018,480,1498,0.1388
1015,479,1494,0.1388
1011,478,1489,0.1388
1013,474,1487,0.1388
1009,479,1488,0.1388
1018,479,1497,0.1388
1007,488,1495,0.1388
1007,486,1493,0.1388
996,486,1482,0.1388
1004,490,1494,0.1388
992,492,1484,0.1388
1002,496,1498,0.1388
994,494,1488,0.1388
1007,498,1505,0.1388
1010,503,1513,0.1388
1002,506,1508,0.1388
1011,506,1517,0.1388
1009,509,1518,0.1388
998,504,1502,0.1388
994,504,1498,0.1388
996,506,1502,0.1388
993,509,1502,0.1388
995,516,1511,0.1388
987,524,1511,0.1388
999,508,1507,0.1388
994,511,1505,0.1388
983,512,1495,0.1388
990,506,1496,0.1388
980,507,1487,0.1388
991,498,1489,0.1388
990,505,1495,0.1388
991,502,1493,0.1388
985,511,1496,0.1388
997,516,1513,0.1388
985,515,1500,0.1388
981,508,1489,0.1388
985,511,1496,0.1388
988,513,1501,0.1388
990,518,1508,0.1388
987,525,1512,0.1388
983,518,1501,0.1388
980,526,1506,0.1388
984,520,1504,0.1388
971,519,1490,0.1388
974,527,1501,0.1388
961,522,1483,0.1388
965,523,1488,0.1388
970,531,1501,0.1388
972,520,1492,0.1388
962,533,1495,0.1388
953,538,1491,0.1388
946,539,1485,0.1388
959,537,1496,0.1388
951,537,1488,0.1388
960,534,1494,0.1388
956,548,1504,0.1388
954,550,1504,0.1388
958,556,1514,0.1388
958,551,1509,0.1388
968,546,1514,0.1388
956,546,1502,0.1388
953,550,1503,0.1388
951,544,1495,0.1388
948,551,1499,0.1388
946,556,1502,0.1388
951,551,1502,0.1388
942,554,1496,0.1388
929,550,1479,0.1388
935,554,1489,0.1388
948,556,1504,0.1388
940,561,1501,0.1388
937,558,1495,0.1388
930,555,1485,0.1388
922,555,1477,0.1388
924,552,1476,0.1388
932,550,1482,0.1388
933,547,1480,0.1388
935,549,1484,0.1388
944,559,1503,0.1388
945,557,1502,0.1388
932,552,1484,0.1388
935,561,1496,0.1388
930,565,1495,0.1388
938,567,1505,0.1388
941,562,1503,0.1388
930,567,1497,0.1388
928,564,1492,0.1388
943,573,1516,0.1388
948,579,1527,0.1388
936,577,1513,0.1388
930,580,1510,0.1388
936,576,1512,0.1388
935,576,1511,0.1388
934,570,1504,0.1388
929,572,1501,0.1388
931,574,1505,0.1388
919,570,1489,0.1388
930,574,1504,0.1388
929,571,1500,0.1388
930,573,1503,0.1388
927,573,1500,0.1388
927,578,1505,0.1388
923,582,1505,0.1388
915,586,1501,0.1388
921,582,1503,0.1388
919,584,1503,0.1388
920,581,1501,0.1388
921,589,1510,0.1388
915,579,1494,0.1388
925,582,1507,0.1388
920,582,1502,0.1388
932,582,1514,0.1388
933,582,1515,0.1388
926,585,1511,0.1388
928,588,1516,0.1388
922,587,1509,0.1388
919,586,1505,0.1388
918,588,1506,0.1388
926,587,1513,0.1388
930,579,1509,0.1388
925,576,1501,0.1388
923,577,1500,0.1388
922,582,1504,0.1388
925,578,1503,0.1388
920,585,1505,0.1388
921,587,1508,0.1388
918,601,1519,0.1388
914,600,1514,0.1388
918,598,1516,0.1388
915,611,1526,0.1388
908,609,1517,0.1388
898,609,1507,0.1388
896,616,1512,0.1388
894,616,1510,0.1388
896,614,1510,0.1388
896,596,1492,0.1388
906,601,1507,0.1388
912,603,1515,0.1388
908,596,1504,0.1388
908,606,1514,0.1388
916,603,1519,0.1388
909,597,1506,0.1388
911,598,1509,0.1388
907,600,1507,0.1388
906,590,1496,0.1388
904,596,1500,0.1388
903,601,1504,0.1388
904,589,1493,0.1388
904,586,1490,0.1388
895,590,1485,0.1388
903,597,1500,0.1388
890,601,1491,0.1388
905,600,1505,0.1388
901,601,1502,0.1388
910,604,1514,0.1388
911,597,1508,0.1388
904,591,1495,0.1388
909,589,1498,0.1388
918,594,1512,0.1388
916,598,1514,0.1388
905,593,1498,0.1388
908,596,1504,0.1388
892,595,1487,0.1388
887,591,1478,0.1388
889,594,1483,0.1388
894,595,1489,0.1388
897,602,1499,0.1388
896,595,1491,0.1388
885,594,1479,0.1388
878,597,1475,0.1388
882,597,1479,0.1388
896,607,1503,0.1388
884,606,1490,0.1388
890,609,1499,0.1388
891,611,1502,0.1388
888,607,1495,0.1388
879,615,1494,0.1388
890,611,1501,0.1388
892,613,1505,0.1388
894,609,1503,0.1388
886,604,1490,0.1388
888,608,1496,0.1388
883,612,1495,0.1388
873,612,1485,0.1388
872,622,1494,0.1388
870,623,1493,0.1388
880,624,1504,0.1388
882,621,1503,0.1388
880,619,1499,0.1388
884,620,1504,0.1388
879,624,1503,0.1388
872,623,1495,0.1388
872,619,1491,0.1388
876,613,1489,0.1388
879,621,1500,0.1388
875,621,1496,0.1388
876,620,1496,0.1388
866,622,1488,0.1388
867,622,1489,0.1388
880,626,1506,0.1388
880,627,1507,0.1388
878,625,1503,0.1388
880,626,1506,0.1388
882,634,1516,0.1388
878,626,1504,0.1388
880,627,1507,0.1388
859,627,1486,0.1388
856,637,1493,0.1388
858,643,1501,0.1388
856,638,1494,0.1388
858,635,1493,0.1388
855,635,1490,0.1388
857,636,1493,0.1388
862,644,1506,0.1388
862,647,1509,0.1388
857,645,1502,0.1388
855,637,1492,0.1388
858,637,1495,0.1388
857,635,1492,0.1388
852,643,1495,0.1388
853,638,1491,0.1388
849,642,1491,0.1388
840,652,1492,0.1388
846,649,1495,0.1388
845,652,1497,0.1388
845,648,1493,0.1388
843,656,1499,0.1388
845,657,1502,0.1388
835,661,1496,0.1388
835,670,1505,0.1388
821,673,1494,0.1388
818,674,1492,0.1388
823,666,1489,0.1388
833,669,1502,0.1388
830,663,1493,0.1388
832,661,1493,0.1388
822,678,1500,0.1388
832,673,1505,0.1388
824,678,1502,0.1388
824,681,1505,0.1388
820,679,1499,0.1388
807,685,1492,0.1388
815,690,1505,0.1388
821,693,1514,0.1388
825,685,1510,0.1388
829,679,1508,0.1388
821,678,1499,0.1388
826,675,1501,0.1388
827,676,1503,0.1388
824,671,1495,0.1388
827,683,1510,0.1388
826,687,1513,0.1388
821,701,1522,0.1388
818,697,1515,0.1388
815,706,1521,0.1388
807,703,1510,0.1388
806,710,1516,0.1388
816,711,1527,0.1388
813,702,1515,0.1388
804,700,1504,0.1388
792,700,1492,0.1388
800,698,1498,0.1388
808,708,1516,0.1388
797,703,1500,0.1388
794,702,1496,0.1388
785,693,1478,0.1388
787,695,1482,0.1388
791,690,1481,0.1388
782,686,1468,0.1388
788,687,1475,0.1388
796,698,1494,0.1388
808,699,1507,0.1388
807,697,1504,0.1388
810,695,1505,0.1388
802,702,1504,0.1388
803,702,1505,0.1388
795,703,1498,0.1388
794,701,1495,0.1388
796,699,1495,0.1388
793,704,1497,0.1388
798,715,1513,0.1388
798,714,1512,0.1388
791,708,1499,0.1388
800,711,1511,0.1388
793,706,1499,0.1388
791,706,1497,0.1388
802,705,1507,0.1388
786,710,1496,0.1388
790,712,1502,0.1388
782,721,1503,0.1388
782,717,1499,0.1388
763,729,1492,0.1388
758,723,1481,0.1388
748,728,1476,0.1388
755,725,1480,0.1388
756,734,1490,0.1388
756,740,1496,0.1388
761,748,1509,0.1388
756,755,1511,0.1388
752,748,1500,0.1388
757,737,1494,0.1388
764,751,1515,0.1388
764,755,1519,0.1388
757,757,1514,0.1388
761,745,1506,0.1388
753,748,1501,0.1388
753,740,1493,0.1388
761,741,1502,0.1388
763,746,1509,0.1388
761,740,1501,0.1388
758,748,1506,0.1388
759,748,1507,0.1388
757,758,1515,0.1388
762,751,1513,0.1388
756,760,1516,0.1388
747,754,1501,0.1388
754,768,1522,0.1388
752,773,1525,0.1388
746,778,1524,0.1388
741,773,1514,0.1388
743,781,1524,0.1388
747,775,1522,0.1388
748,770,1518,0.1388
746,772,1518,0.1388
740,773,1513,0.1388
736,770,1506,0.1388
742,769,1511,0.1388
744,765,1509,0.1388
742,759,1501,0.1388
742,762,1504,0.1388
748,765,1513,0.1388
743,771,1514,0.1388
739,775,1514,0.1388
739,777,1516,0.1388
731,771,1502,0.1388
727,773,1500,0.1388
726,773,1499,0.1388
715,773,1488,0.1388
715,772,1487,0.1388
714,771,1485,0.1388
716,776,1492,0.1388
720,777,1497,0.1388
720,777,1497,0.1388
722,776,1498,0.1388
730,777,1507,0.1388
722,783,1505,0.1388
718,794,1512,0.1388
715,792,1507,0.1388
708,789,1497,0.1388
707,790,1497,0.1388
705,786,1491,0.1388
700,780,1480,0.1388
698,798,1496,0.1388
705,807,1512,0.1388
702,803,1505,0.1388
703,797,1500,0.1388
707,797,1504,0.1388
713,797,1510,0.1388
699,790,1489,0.1388
697,791,1488,0.1388
692,799,1491,0.1388
696,793,1489,0.1388
697,803,1500,0.1388
704,805,1509,0.1388
706,810,1516,0.1388
707,806,1513,0.1388
705,806,1511,0.1388
701,815,1516,0.1388
701,815,1516,0.1388
703,820,1523,0.1388
707,815,1522,0.1388
701,820,1521,0.1388
697,810,1507,0.1388
694,810,1504,0.1388
686,815,1501,0.1388
689,813,1502,0.1388
687,823,1510,0.1388
683,818,1501,0.1388
686,810,1496,0.1388
692,814,1506,0.1388
691,815,1506,0.1388
688,805,1493,0.1388
684,818,1502,0.1388
689,817,1506,0.1388
686,803,1489,0.1388
685,809,1494,0.1388
683,813,1496,0.1388
687,808,1495,0.1388
679,824,1503,0.1388
678,829,1507,0.1388
682,830,1512,0.1388
685,828,1513,0.1388
682,837,1519,0.1388
679,835,1514,0.1388
677,847,1524,0.1388
683,845,1528,0.1388
671,845,1516,0.1388
661,833,1494,0.1388
665,833,1498,0.1388
673,837,1510,0.1388
668,833,1501,0.1388
677,834,1511,0.1388
679,829,1508,0.1388
675,836,1511,0.1388
681,826,1507,0.1388
679,829,1508,0.1388
671,839,1510,0.1388
662,843,1505,0.1388
657,837,1494,0.1388
666,838,1504,0.1388
665,845,1510,0.1388
666,836,1502,0.1388
664,835,1499,0.1388
670,825,1495,0.1388
675,834,1509,0.1388
686,832,1518,0.1388
676,826,1502,0.1388
674,836,1510,0.1388
680,841,1521,0.1388
666,834,1500,0.1388
666,841,1507,0.1388
662,848,1510,0.1388
667,853,1520,0.1388
674,854,1528,0.1388
678,849,1527,0.1388
673,850,1523,0.1388
680,846,1526,0.1388
679,843,1522,0.1388
665,846,1511,0.1388
664,840,1504,0.1388
659,845,1504,0.1388
658,852,1510,0.1388
656,859,1515,0.1388
662,850,1512,0.1388
661,842,1503,0.1388
658,856,1514,0.1388
648,850,1498,0.1388
646,846,1492,0.1388
642,849,1491,0.1388
644,848,1492,0.1388
645,856,1501,0.1388
642,864,1506,0.1388
647,870,1517,0.1388
639,868,1507,0.1388
638,869,1507,0.1388
628,873,1501,0.1388
634,883,1517,0.1388
633,882,1515,0.1388
633,883,1516,0.1388
634,888,1522,0.1388
624,885,1509,0.1388
630,872,1502,0.1388
626,873,1499,0.1388
617,869,1486,0.1388
615,864,1479,0.1388
620,865,1485,0.1388
616,871,1487,0.1388
616,884,1500,0.1388
623,879,1502,0.1388
629,876,1505,0.1388
620,880,1500,0.1388
624,891,1515,0.1388
623,883,1506,0.1388
629,878,1507,0.1388
633,890,1523,0.1388
630,891,1521,0.1388
625,896,1521,0.1388
626,901,1527,0.1388
626,902,1528,0.1388
632,892,1524,0.1388
625,889,1514,0.1388
617,891,1508,0.1388
624,880,1504,0.1388
617,876,1493,0.1388
617,888,1505,0.1388
612,891,1503,0.1388
616,896,1512,0.1388
622,895,1517,0.1388
613,897,1510,0.1388
612,900,1512,0.1388
613,902,1515,0.1388
598,898,1496,0.1388
602,900,1502,0.1388
598,904,1502,0.1388
598,904,1502,0.1388
594,915,1509,0.1388
587,917,1504,0.1388
590,913,1503,0.1388
591,924,1515,0.1388
592,909,1501,0.1388
592,919,1511,0.1388
590,911,1501,0.1388
587,910,1497,0.1388
595,907,1502,0.1388
592,910,1502,0.1388
584,904,1488,0.1388
582,914,1496,0.1388
589,924,1513,0.1388
597,914,1511,0.1388
599,926,1525,0.1388
598,912,1510,0.1388
597,909,1506,0.1388
584,916,1500,0.1388
587,915,1502,0.1388
592,917,1509,0.1388
596,910,1506,0.1388
593,908,1501,0.1388
595,914,1509,0.1388
591,915,1506,0.1388
594,918,1512,0.1388
590,914,1504,0.1388
595,920,1515,0.1388
595,915,1510,0.1388
591,910,1501,0.1388
589,913,1502,0.1388
589,912,1501,0.1388
581,912,1493,0.1388
577,911,1488,0.1388
588,913,1501,0.1388
579,917,1496,0.1388
579,920,1499,0.1388
588,919,1507,0.1388
589,916,1505,0.1388
592,912,1504,0.1388
599,913,1512,0.1388
599,902,1501,0.1388
590,910,1500,0.1388
589,919,1508,0.1388
592,925,1517,0.1388
592,923,1515,0.1388
592,919,1511,0.1388
592,922,1514,0.1388
593,929,1522,0.1388
593,919,1512,0.1388
591,916,1507,0.1388
595,913,1508,0.1388
587,930,1517,0.1388
590,935,1525,0.1388
592,927,1519,0.1388
583,916,1499,0.1388
583,912,1495,0.1388
581,919,1500,0.1388
580,923,1503,0.1388
592,921,1513,0.1388
585,920,1505,0.1388
582,927,1509,0.1388
595,927,1522,0.1388
599,922,1521,0.1388
597,922,1519,0.1388
597,912,1509,0.1388
589,908,1497,0.1388
588,915,1503,0.1388
588,913,1501,0.1388
586,918,1504,0.1388
582,911,1493,0.1388
576,916,1492,0.1388
579,927,1506,0.1388
576,932,1508,0.1388
578,939,1517,0.1388
582,936,1518,0.1388
589,951,1540,0.1388
585,949,1534,0.1388
587,940,1527,0.1388
585,933,1518,0.1388
576,929,1505,0.1388
572,927,1499,0.1388
564,928,1492,0.1388
554,933,1487,0.1388
562,938,1500,0.1388
563,937,1500,0.1388
565,937,1502,0.1388
569,936,1505,0.1388
571,934,1505,0.1388
566,939,1505,0.1388
554,948,1502,0.1388
558,954,1512,0.1388
561,957,1518,0.1388
558,944,1502,0.1388
562,941,1503,0.1388
567,947,1514,0.1388
566,950,1516,0.1388
558,946,1504,0.1388
560,949,1509,0.1388
559,948,1507,0.1388
559,948,1507,0.1388
558,956,1514,0.1388
558,952,1510,0.1388
562,952,1514,0.1388
557,949,1506,0.1388
561,945,1506,0.1388
558,950,1508,0.1388
555,948,1503,0.1388
553,951,1504,0.1388
545,959,1504,0.1388
544,975,1519,0.1388
547,968,1515,0.1388
552,973,1525,0.1388
549,957,1506,0.1388
552,958,1510,0.1388
551,972,1523,0.1388
549,964,1513,0.1388
548,957,1505,0.1388
544,962,1506,0.1388
543,972,1515,0.1388
551,961,1512,0.1388
550,970,1520,0.1388
553,968,1521,0.1388
556,974,1530,0.1388
551,959,1510,0.1388
547,959,1506,0.1388
549,953,1502,0.1388
547,956,1503,0.1388
549,954,1503,0.1388
556,952,1508,0.1388
559,958,1517,0.1388
548,954,1502,0.1388
539,967,1506,0.1388
540,958,1498,0.1388
541,962,1503,0.1388
545,974,1519,0.1388
542,966,1508,0.1388
545,977,1522,0.1388
540,972,1512,0.1388
539,969,1508,0.1388
532,966,1498,0.1388
536,966,1502,0.1388
535,987,1522,0.1388
540,993,1533,0.1388
536,985,1521,0.1388
533,983,1516,0.1388
523,985,1508,0.1388
522,990,1512,0.1388
516,985,1501,0.1388
513,984,1497,0.1388
512,993,1505,0.1388
503,1001,1504,0.1388
504,992,1496,0.1388
505,1000,1505,0.1388
508,1011,1519,0.1388
509,1008,1517,0.1388
503,1003,1506,0.1388
503,1006,1509,0.1388
493,998,1491,0.1388
483,994,1477,0.1388
479,999,1478,0.1388
481,1010,1491,0.1388
473,1003,1476,0.1388
476,1009,1485,0.1388
486,1006,1492,0.1388
494,1010,1504,0.1388
490,1022,1512,0.1388
483,1032,1515,0.1388
486,1030,1516,0.1388
484,1022,1506,0.1388
487,1014,1501,0.1388
479,1009,1488,0.1388
487,1018,1505,0.1388
489,1018,1507,0.1388
491,1010,1501,0.1388
494,1008,1502,0.1388
489,1016,1505,0.1388
486,1007,1493,0.1388
488,1023,1511,0.1388
488,1027,1515,0.1388
488,1020,1508,0.1388
484,1022,1506,0.1388
491,1029,1520,0.1388
485,1021,1506,0.1388
488,1034,1522,0.1388
487,1030,1517,0.1388
488,1023,1511,0.1388
490,1028,1518,0.1388
491,1037,1528,0.1388
486,1030,1516,0.1388
485,1024,1509,0.1388
484,1033,1517,0.1388
476,1032,1508,0.1388
473,1038,1511,0.1388
472,1038,1510,0.1388
479,1024,1503,0.1388
474,1031,1505,0.1388
466,1039,1505,0.1388
479,1036,1515,0.1388
473,1029,1502,0.1388
471,1029,1500,0.1388
475,1048,1523,0.1388
470,1050,1520,0.1388
472,1038,1510,0.1388
467,1026,1493,0.1388
456,1038,1494,0.1388
456,1058,1514,0.1388
450,1055,1505,0.1388
447,1052,1499,0.1388
442,1053,1495,0.1388
450,1043,1493,0.1388
448,1050,1498,0.1388
458,1055,1513,0.1388
458,1055,1513,0.1388
451,1049,1500,0.1388
453,1060,1513,0.1388
452,1044,1496,0.1388
448,1051,1499,0.1388
453,1055,1508,0.1388
452,1051,1503,0.1388
451,1044,1495,0.1388
460,1040,1500,0.1388
462,1047,1509,0.1388
465,1039,1504,0.1388
464,1047,1511,0.1388
456,1053,1509,0.1388
455,1051,1506,0.1388
454,1060,1514,0.1388
457,1046,1503,0.1388
467,1044,1511,0.1388
466,1035,1501,0.1388
464,1041,1505,0.1388
467,1048,1515,0.1388
463,1036,1499,0.1388
462,1038,1500,0.1388
462,1049,1511,0.1388
456,1056,1512,0.1388
449,1053,1502,0.1388
450,1063,1513,0.1388
450,1056,1506,0.1388
453,1060,1513,0.1388
452,1067,1519,0.1388
449,1067,1516,0.1388
448,1057,1505,0.1388
449,1051,1500,0.1388
457,1047,1504,0.1388
458,1057,1515,0.1388
455,1048,1503,0.1388
448,1052,1500,0.1388
446,1057,1503,0.1388
438,1064,1502,0.1388
442,1076,1518,0.1388
442,1074,1516,0.1388
435,1071,1506,0.1388
434,1068,1502,0.1388
439,1079,1518,0.1388
436,1077,1513,0.1388
439,1086,1525,0.1388
437,1082,1519,0.1388
438,1086,1524,0.1388
436,1075,1511,0.1388
432,1076,1508,0.1388
430,1075,1505,0.1388
433,1074,1507,0.1388
426,1077,1503,0.1388
424,1086,1510,0.1388
425,1085,1510,0.1388
423,1085,1508,0.1388
428,1088,1516,0.1388
431,1091,1522,0.1388
424,1092,1516,0.1388
419,1096,1515,0.1388
419,1087,1506,0.1388
417,1083,1500,0.1388
421,1089,1510,0.1388
415,1085,1500,0.1388
418,1085,1503,0.1388
419,1093,1512,0.1388
411,1110,1521,0.1388
402,1120,1522,0.1388
398,1124,1522,0.1388
392,1130,1522,0.1388
391,1130,1521,0.1388
387,1127,1514,0.1388
378,1129,1507,0.1388
370,1137,1507,0.1388
370,1138,1508,0.1388
368,1124,1492,0.1388
370,1133,1503,0.1388
369,1130,1499,0.1388
370,1136,1506,0.1388
366,1139,1505,0.1388
367,1140,1507,0.1388
365,1148,1513,0.1388
366,1138,1504,0.1388
371,1145,1516,0.1388
378,1136,1514,0.1388
380,1134,1514,0.1388
388,1129,1517,0.1388
387,1124,1511,0.1388
379,1127,1506,0.1388
384,1119,1503,0.1388
383,1117,1500,0.1388
392,1129,1521,0.1388
382,1141,1523,0.1388
379,1128,1507,0.1388
375,1132,1507,0.1388
368,1139,1507,0.1388
372,1143,1515,0.1388
374,1145,1519,0.1388
370,1137,1507,0.1388
369,1140,1509,0.1388
369,1136,1505,0.1388
367,1141,1508,0.1388
366,1149,1515,0.1388
368,1149,1517,0.1388
365,1153,1518,0.1388
361,1144,1505,0.1388
364,1143,1507,0.1388
362,1144,1506,0.1388
367,1140,1507,0.1388
374,1139,1513,0.1388
371,1144,1515,0.1388
374,1131,1505,0.1388
372,1134,1506,0.1388
368,1144,1512,0.1388
358,1162,1520,0.1388
360,1164,1524,0.1388
360,1157,1517,0.1388
368,1157,1525,0.1388
366,1149,1515,0.1388
364,1145,1509,0.1388
361,1142,1503,0.1388
361,1147,1508,0.1388
355,1159,1514,0.1388
360,1160,1520,0.1388
349,1163,1512,0.1388
355,1169,1524,0.1388
355,1156,1511,0.1388
353,1169,1522,0.1388
353,1166,1519,0.1388
362,1179,1541,0.1388
354,1164,1518,0.1388
350,1167,1517,0.1388
354,1152,1506,0.1388
353,1142,1495,0.1388
354,1137,1491,0.1388
357,1148,1505,0.1388
359,1144,1503,0.1388
359,1165,1524,0.1388
357,1171,1528,0.1388
352,1180,1532,0.1388
355,1169,1524,0.1388
350,1152,1502,0.1388
346,1165,1511,0.1388
353,1162,1515,0.1388
359,1162,1521,0.1388
363,1161,1524,0.1388
357,1156,1513,0.1388
355,1169,1524,0.1388
363,1158,1521,0.1388
360,1160,1520,0.1388
356,1156,1512,0.1388
362,1162,1524,0.1388
360,1169,1529,0.1388
357,1161,1518,0.1388
354,1157,1511,0.1388
351,1159,1510,0.1388
353,1157,1510,0.1388
344,1164,1508,0.1388
349,1160,1509,0.1388
356,1166,1522,0.1388
348,1166,1514,0.1388
350,1162,1512,0.1388
346,1158,1504,0.1388
349,1156,1505,0.1388
350,1159,1509,0.1388
345,1168,1513,0.1388
342,1164,1506,0.1388
342,1165,1507,0.1388
339,1178,1517,0.1388
339,1175,1514,0.1388
336,1181,1517,0.1388
338,1181,1519,0.1388
332,1182,1514,0.1388
330,1193,1523,0.1388
337,1181,1518,0.1388
335,1175,1510,0.1388
335,1183,1518,0.1388
332,1179,1511,0.1388
335,1186,1521,0.1388
333,1179,1512,0.1388
334,1187,1521,0.1388
329,1187,1516,0.1388
331,1184,1515,0.1388
334,1188,1522,0.1388
333,1193,1526,0.1388
336,1176,1512,0.1388
337,1177,1514,0.1388
340,1180,1520,0.1388
333,1183,1516,0.1388
337,1184,1521,0.1388
342,1175,1517,0.1388
340,1184,1524,0.1388
338,1185,1523,0.1388
335,1179,1514,0.1388
329,1189,1518,0.1388
329,1184,1513,0.1388
327,1192,1519,0.1388
329,1183,1512,0.1388
335,1182,1517,0.1388
330,1175,1505,0.1388
330,1184,1514,0.1388
325,1178,1503,0.1388
322,1177,1499,0.1388
335,1191,1526,0.1388
334,1196,1530,0.1388
336,1196,1532,0.1388
327,1192,1519,0.1388
334,1192,1526,0.1388
329,1193,1522,0.1388
322,1183,1505,0.1388
322,1178,1500,0.1388
318,1180,1498,0.1388
321,1195,1516,0.1388
315,1197,1512,0.1388
312,1197,1509,0.1388
315,1187,1502,0.1388
315,1201,1516,0.1388
313,1201,1514,0.1388
318,1210,1528,0.1388
324,1207,1531,0.1388
314,1209,1523,0.1388
315,1206,1521,0.1388
321,1199,1520,0.1388
315,1203,1518,0.1388
312,1192,1504,0.1388
311,1191,1502,0.1388
310,1215,1525,0.1388
301,1223,1524,0.1388
299,1199,1498,0.1388
296,1201,1497,0.1388
298,1205,1503,0.1388
301,1206,1507,0.1388
297,1217,1514,0.1388
296,1208,1504,0.1388
295,1203,1498,0.1388
299,1210,1509,0.1388
302,1213,1515,0.1388
307,1216,1523,0.1388
301,1217,1518,0.1388
297,1228,1525,0.1388
295,1226,1521,0.1388
295,1225,1520,0.1388
297,1218,1515,0.1388
300,1213,1513,0.1388
296,1215,1511,0.1388
295,1203,1498,0.1388
295,1214,1509,0.1388
291,1216,1507,0.1388
293,1219,1512,0.1388
284,1209,1493,0.1388
283,1218,1501,0.1388
289,1211,1500,0.1388
286,1221,1507,0.1388
288,1222,1510,0.1388
288,1222,1510,0.1388
287,1219,1506,0.1388
285,1229,1514,0.1388
281,1220,1501,0.1388
285,1222,1507,0.1388
285,1232,1517,0.1388
284,1238,1522,0.1388
289,1225,1514,0.1388
285,1218,1503,0.1388
285,1219,1504,0.1388
285,1227,1512,0.1388
287,1224,1511,0.1388
284,1226,1510,0.1388
279,1244,1523,0.1388
276,1247,1523,0.1388
279,1237,1516,0.1388
281,1232,1513,0.1388
280,1244,1524,0.1388
281,1238,1519,0.1388
279,1231,1510,0.1388
282,1227,1509,0.1388
280,1228,1508,0.1388
280,1226,1506,0.1388
275,1230,1505,0.1388
268,1239,1507,0.1388
270,1242,1512,0.1388
274,1254,1528,0.1388
272,1260,1532,0.1388
268,1248,1516,0.1388
263,1251,1514,0.1388
261,1244,1505,0.1388
263,1243,1506,0.1388
265,1248,1513,0.1388
268,1252,1520,0.1388
268,1246,1514,0.1388
267,1246,1513,0.1388
269,1241,1510,0.1388
265,1250,1515,0.1388
268,1255,1523,0.1388
260,1254,1514,0.1388
258,1258,1516,0.1388
253,1255,1508,0.1388
257,1270,1527,0.1388
252,1277,1529,0.1388
250,1262,1512,0.1388
247,1274,1521,0.1388
253,1275,1528,0.1388
258,1276,1534,0.1388
258,1276,1534,0.1388
256,1274,1530,0.1388
256,1279,1535,0.1388
252,1273,1525,0.1388
252,1266,1518,0.1388
254,1262,1516,0.1388
253,1255,1508,0.1388
243,1266,1509,0.1388
239,1259,1498,0.1388
238,1254,1492,0.1388
241,1262,1503,0.1388
242,1270,1512,0.1388
239,1271,1510,0.1388
237,1277,1514,0.1388
233,1272,1505,0.1388
233,1281,1514,0.1388
233,1284,1517,0.1388
234,1282,1516,0.1388
236,1276,1512,0.1388
232,1278,1510,0.1388
225,1279,1504,0.1388
226,1279,1505,0.1388
231,1286,1517,0.1388
227,1267,1494,0.1388
230,1281,1511,0.1388
228,1268,1496,0.1388
227,1276,1503,0.1388
231,1278,1509,0.1388
230,1284,1514,0.1388
233,1277,1510,0.1388
227,1282,1509,0.1388
230,1290,1520,0.1388
230,1267,1497,0.1388
233,1266,1499,0.1388
233,1282,1515,0.1388
230,1286,1516,0.1388
229,1278,1507,0.1388
228,1280,1508,0.1388
231,1286,1517,0.1388
229,1294,1523,0.1388
233,1293,1526,0.1388
236,1301,1537,0.1388
235,1291,1526,0.1388
230,1289,1519,0.1388
226,1289,1515,0.1388
226,1293,1519,0.1388
228,1286,1514,0.1388
227,1288,1515,0.1388
231,1299,1530,0.1388
226,1281,1507,0.1388
227,1276,1503,0.1388
226,1275,1501,0.1388
232,1276,1508,0.1388
232,1273,1505,0.1388
238,1284,1522,0.1388
228,1296,1524,0.1388
229,1299,1528,0.1388
233,1286,1519,0.1388
239,1284,1523,0.1388
233,1295,1528,0.1388
234,1295,1529,0.1388
237,1282,1519,0.1388
234,1287,1521,0.1388
237,1287,1524,0.1388
238,1293,1531,0.1388
237,1290,1527,0.1388
240,1279,1519,0.1388
245,1268,1513,0.1388
243,1263,1506,0.1388
246,1281,1527,0.1388
248,1273,1521,0.1388
247,1265,1512,0.1388
246,1259,1505,0.1388
244,1260,1504,0.1388
247,1250,1497,0.1388
243,1261,1504,0.1388
237,1265,1502,0.1388
237,1280,1517,0.1388
234,1285,1519,0.1388
230,1286,1516,0.1388
226,1288,1514,0.1388
223,1273,1496,0.1388
226,1289,1515,0.1388
234,1287,1521,0.1388
235,1284,1519,0.1388
236,1287,1523,0.1388
235,1278,1513,0.1388
231,1286,1517,0.1388
229,1286,1515,0.1388
229,1281,1510,0.1388
230,1284,1514,0.1388
228,1292,1520,0.1388
229,1283,1512,0.1388
231,1289,1520,0.1388
232,1295,1527,0.1388
230,1297,1527,0.1388
226,1291,1517,0.1388
224,1290,1514,0.1388
217,1288,1505,0.1388
223,1293,1516,0.1388
218,1301,1519,0.1388
223,1298,1521,0.1388
224,1306,1530,0.1388
221,1293,1514,0.1388
223,1293,1516,0.1388
217,1302,1519,0.1388
214,1303,1517,0.1388
210,1298,1508,0.1388
204,1289,1493,0.1388
208,1285,1493,0.1388
207,1285,1492,0.1388
207,1302,1509,0.1388
204,1300,1504,0.1388
206,1287,1493,0.1388
202,1299,1501,0.1388
203,1304,1507,0.1388
200,1313,1513,0.1388
204,1310,1514,0.1388
202,1313,1515,0.1388
198,1309,1507,0.1388
202,1317,1519,0.1388
206,1317,1523,0.1388
205,1320,1525,0.1388
202,1310,1512,0.1388
204,1325,1529,0.1388
202,1313,1515,0.1388
200,1300,1500,0.1388
203,1308,1511,0.1388
201,1325,1526,0.1388
199,1315,1514,0.1388
199,1312,1511,0.1388
200,1319,1519,0.1388
200,1331,1531,0.1388
204,1319,1523,0.1388
204,1313,1517,0.1388
198,1304,1502,0.1388
202,1312,1514,0.1388
203,1310,1513,0.1388
202,1304,1506,0.1388
199,1289,1488,0.1388
197,1290,1487,0.1388
200,1303,1503,0.1388
203,1301,1504,0.1388
197,1308,1505,0.1388
200,1306,1506,0.1388
200,1314,1514,0.1388
202,1310,1512,0.1388
205,1315,1520,0.1388
208,1307,1515,0.1388
203,1310,1513,0.1388
205,1302,1507,0.1388
208,1309,1517,0.1388
208,1312,1520,0.1388
207,1309,1516,0.1388
207,1304,1511,0.1388
203,1297,1500,0.1388
204,1297,1501,0.1388
207,1303,1510,0.1388
209,1300,1509,0.1388
205,1285,1490,0.1388
206,1286,1492,0.1388
201,1300,1501,0.1388
202,1313,1515,0.1388
200,1309,1509,0.1388
201,1315,1516,0.1388
198,1319,1517,0.1388
197,1324,1521,0.1388
195,1312,1507,0.1388
193,1299,1492,0.1388
193,1318,1511,0.1388
191,1316,1507,0.1388
195,1313,1508,0.1388
194,1321,1515,0.1388
187,1328,1515,0.1388
185,1326,1511,0.1388
186,1317,1503,0.1388
184,1328,1512,0.1388
183,1337,1520,0.1388
182,1341,1523,0.1388
186,1329,1515,0.1388
185,1333,1518,0.1388
180,1339,1519,0.1388
181,1339,1520,0.1388
182,1337,1519,0.1388
184,1341,1525,0.1388
183,1331,1514,0.1388
181,1347,1528,0.1388
182,1340,1522,0.1388
179,1344,1523,0.1388
182,1339,1521,0.1388
182,1347,1529,0.1388
179,1349,1528,0.1388
181,1353,1534,0.1388
180,1343,1523,0.1388
180,1356,1536,0.1388
180,1356,1536,0.1388
180,1358,1538,0.1388
179,1346,1525,0.1388
181,1347,1528,0.1388
182,1331,1513,0.1388
183,1331,1514,0.1388
183,1330,1513,0.1388
179,1330,1509,0.1388
178,1324,1502,0.1388
175,1332,1507,0.1388
168,1321,1489,0.1388
167,1323,1490,0.1388
175,1337,1512,0.1388
172,1327,1499,0.1388
176,1332,1508,0.1388
174,1346,1520,0.1388
177,1332,1509,0.1388
175,1337,1512,0.1388
178,1345,1523,0.1388
171,1344,1515,0.1388
169,1333,1502,0.1388
173,1338,1511,0.1388
173,1339,1512,0.1388
171,1345,1516,0.1388
167,1349,1516,0.1388
165,1352,1517,0.1388
165,1358,1523,0.1388
161,1358,1519,0.1388
166,1350,1516,0.1388
169,1353,1522,0.1388
169,1353,1522,0.1388
173,1360,1533,0.1388
169,1347,1516,0.1388
169,1347,1516,0.1388
170,1356,1526,0.1388
168,1356,1524,0.1388
166,1360,1526,0.1388
165,1353,1518,0.1388
164,1356,1520,0.1388
164,1345,1509,0.1388
164,1345,1509,0.1388
164,1350,1514,0.1388
163,1351,1514,0.1388
163,1361,1524,0.1388
164,1373,1537,0.1388
162,1354,1516,0.1388
162,1351,1513,0.1388
165,1346,1511,0.1388
169,1354,1523,0.1388
170,1349,1519,0.1388
164,1352,1516,0.1388
162,1357,1519,0.1388
166,1352,1518,0.1388
163,1358,1521,0.1388
160,1355,1515,0.1388
159,1353,1512,0.1388
156,1360,1516,0.1388
154,1363,1517,0.1388
153,1366,1519,0.1388
155,1362,1517,0.1388
155,1366,1521,0.1388
151,1357,1508,0.1388
154,1356,1510,0.1388
153,1357,1510,0.1388
150,1363,1513,0.1388
151,1360,1511,0.1388
150,1362,1512,0.1388
153,1364,1517,0.1388
152,1369,1521,0.1388
151,1360,1511,0.1388
148,1358,1506,0.1388
150,1367,1517,0.1388
150,1356,1506,0.1388
150,1363,1513,0.1388
149,1368,1517,0.1388
148,1357,1505,0.1388
146,1349,1495,0.1388
144,1372,1516,0.1388
142,1367,1509,0.1388
144,1383,1527,0.1388
146,1383,1529,0.1388
143,1384,1527,0.1388
140,1379,1519,0.1388
135,1367,1502,0.1388
135,1369,1504,0.1388
135,1377,1512,0.1388
133,1371,1504,0.1388
130,1365,1495,0.1388
131,1363,1494,0.1388
132,1360,1492,0.1388
134,1362,1496,0.1388
134,1365,1499,0.1388
137,1365,1502,0.1388
139,1373,1512,0.1388
136,1374,1510,0.1388
137,1372,1509,0.1388
136,1380,1516,0.1388
137,1380,1517,0.1388
138,1377,1515,0.1388
139,1377,1516,0.1388
137,1379,1516,0.1388
137,1387,1524,0.1388
134,1384,1518,0.1388
131,1382,1513,0.1388
133,1383,1516,0.1388
135,1387,1522,0.1388
137,1389,1526,0.1388
136,1382,1518,0.1388
138,1376,1514,0.1388
142,1375,1517,0.1388
144,1381,1525,0.1388
141,1369,1510,0.1388
143,1386,1529,0.1388
140,1382,1522,0.1388
141,1376,1517,0.1388
141,1371,1512,0.1388
140,1383,1523,0.1388
145,1379,1524,0.1388
145,1379,1524,0.1388
141,1378,1519,0.1388
140,1376,1516,0.1388
142,1387,1529,0.1388
139,1389,1528,0.1388
140,1381,1521,0.1388
136,1382,1518,0.1388
143,1376,1519,0.1388
149,1366,1515,0.1388
148,1376,1524,0.1388
151,1369,1520,0.1388
152,1364,1516,0.1388
145,1373,1518,0.1388
150,1376,1526,0.1388
145,1364,1509,0.1388
146,1370,1516,0.1388
144,1360,1504,0.1388
151,1366,1517,0.1388
147,1363,1510,0.1388
146,1369,1515,0.1388
144,1377,1521,0.1388
144,1373,1517,0.1388
139,1367,1506,0.1388
137,1368,1505,0.1388
137,1375,1512,0.1388
138,1377,1515,0.1388
139,1382,1521,0.1388
138,1369,1507,0.1388
135,1363,1498,0.1388
136,1380,1516,0.1388
134,1374,1508,0.1388
133,1384,1517,0.1388
134,1387,1521,0.1388
130,1394,1524,0.1388
131,1387,1518,0.1388
128,1391,1519,0.1388
126,1393,1519,0.1388
124,1388,1512,0.1388
127,1387,1514,0.1388
128,1379,1507,0.1388
129,1373,1502,0.1388
125,1376,1501,0.1388
126,1389,1515,0.1388
125,1405,1530,0.1388
125,1408,1533,0.1388
129,1407,1536,0.1388
122,1395,1517,0.1388
120,1402,1522,0.1388
120,1412,1532,0.1388
117,1397,1514,0.1388
119,1403,1522,0.1388
117,1398,1515,0.1388
117,1397,1514,0.1388
116,1397,1513,0.1388
113,1394,1507,0.1388
112,1411,1523,0.1388
112,1414,1526,0.1388
111,1412,1523,0.1388
105,1409,1514,0.1388
105,1396,1501,0.1388
106,1394,1500,0.1388
97,1403,1500,0.1388
101,1390,1491,0.1388
96,1410,1506,0.1388
94,1420,1514,0.1388
98,1424,1522,0.1388
95,1416,1511,0.1388
92,1434,1526,0.1388
85,1422,1507,0.1388
87,1423,1510,0.1388
87,1427,1514,0.1388
86,1430,1516,0.1388
82,1426,1508,0.1388
81,1427,1508,0.1388
81,1431,1512,0.1388
77,1445,1522,0.1388
77,1445,1522,0.1388
79,1449,1528,0.1388
80,1446,1526,0.1388
78,1442,1520,0.1388
78,1437,1515,0.1388
76,1437,1513,0.1388
77,1441,1518,0.1388
77,1432,1509,0.1388
77,1434,1511,0.1388
77,1440,1517,0.1388
80,1450,1530,0.1388
77,1447,1524,0.1388
78,1446,1524,0.1388
80,1453,1533,0.1388
79,1445,1524,0.1388
78,1440,1518,0.1388
77,1451,1528,0.1388
75,1440,1515,0.1388
77,1427,1504,0.1388
78,1431,1509,0.1388
77,1437,1514,0.1388
77,1433,1510,0.1388
77,1427,1504,0.1388
77,1433,1510,0.1388
79,1433,1512,0.1388
78,1432,1510,0.1388
80,1431,1511,0.1388
79,1434,1513,0.1388
78,1441,1519,0.1388
72,1444,1516,0.1388
76,1429,1505,0.1388
72,1445,1517,0.1388
76,1434,1510,0.1388
76,1446,1522,0.1388
78,1419,1497,0.1388
80,1421,1501,0.1388
79,1431,1510,0.1388
77,1444,1521,0.1388
74,1432,1506,0.1388
71,1452,1523,0.1388
67,1455,1522,0.1388
67,1448,1515,0.1388
67,1447,1514,0.1388
68,1452,1520,0.1388
68,1462,1530,0.1388
70,1442,1512,0.1388
70,1450,1520,0.1388
68,1452,1520,0.1388
66,1453,1519,0.1388
64,1443,1507,0.1388
65,1437,1502,0.1388
66,1440,1506,0.1388
66,1447,1513,0.1388
65,1451,1516,0.1388
64,1444,1508,0.1388
66,1448,1514,0.1388
67,1462,1529,0.1388
68,1442,1510,0.1388
66,1438,1504,0.1388
66,1442,1508,0.1388
66,1444,1510,0.1388
66,1441,1507,0.1388
65,1446,1511,0.1388
66,1449,1515,0.1388
68,1453,1521,0.1388
66,1457,1523,0.1388
66,1450,1516,0.1388
68,1449,1517,0.1388
68,1453,1521,0.1388
66,1443,1509,0.1388
66,1456,1522,0.1388
65,1456,1521,0.1388
71,1430,1501,0.1388
70,1429,1499,0.1388
71,1443,1514,0.1388
71,1438,1509,0.1388
72,1436,1508,0.1388
69,1428,1497,0.1388
70,1448,1518,0.1388
69,1450,1519,0.1388
71,1440,1511,0.1388
71,1442,1513,0.1388
70,1448,1518,0.1388
69,1450,1519,0.1388
65,1445,1510,0.1388
64,1447,1511,0.1388
63,1428,1491,0.1388
62,1438,1500,0.1388
64,1444,1508,0.1388
66,1459,1525,0.1388
67,1464,1531,0.1388
65,1458,1523,0.1388
65,1452,1517,0.1388
63,1468,1531,0.1388
65,1456,1521,0.1388
66,1455,1521,0.1388
65,1449,1514,0.1388
63,1452,1515,0.1388
64,1456,1520,0.1388
63,1467,1530,0.1388
61,1463,1524,0.1388
61,1466,1527,0.1388
60,1472,1532,0.1388
60,1453,1513,0.1388
60,1451,1511,0.1388
58,1444,1502,0.1388
57,1441,1498,0.1388
58,1440,1498,0.1388
59,1452,1511,0.1388
58,1459,1517,0.1388
59,1459,1518,0.1388
59,1464,1523,0.1388
59,1454,1513,0.1388
61,1451,1512,0.1388
59,1444,1503,0.1388
61,1433,1494,0.1388
61,1434,1495,0.1388
62,1434,1496,0.1388
62,1454,1516,0.1388
60,1466,1526,0.1388
61,1465,1526,0.1388
61,1461,1522,0.1388
58,1459,1517,0.1388
58,1464,1522,0.1388
57,1472,1529,0.1388
57,1463,1520,0.1388
53,1454,1507,0.1388
54,1453,1507,0.1388
51,1468,1519,0.1388
51,1455,1506,0.1388
50,1456,1506,0.1388
53,1455,1508,0.1388
54,1456,1510,0.1388
56,1459,1515,0.1388
56,1457,1513,0.1388
53,1466,1519,0.1388
51,1467,1518,0.1388
51,1465,1516,0.1388
51,1470,1521,0.1388
50,1470,1520,0.1388
47,1481,1528,0.1388
47,1463,1510,0.1388
49,1473,1522,0.1388
52,1457,1509,0.1388
52,1446,1498,0.1388
52,1454,1506,0.1388
52,1466,1518,0.1388
51,1451,1502,0.1388
52,1453,1505,0.1388
53,1466,1519,0.1388
55,1455,1510,0.1388
53,1463,1516,0.1388
56,1464,1520,0.1388
56,1470,1526,0.1388
55,1464,1519,0.1388
54,1455,1509,0.1388
58,1454,1512,0.1388
59,1449,1508,0.1388
58,1447,1505,0.1388
59,1438,1497,0.1388
58,1444,1502,0.1388
56,1460,1516,0.1388
57,1457,1514,0.1388
57,1460,1517,0.1388
57,1457,1514,0.1388
62,1453,1515,0.1388
62,1468,1530,0.1388
60,1463,1523,0.1388
59,1461,1520,0.1388
60,1456,1516,0.1388
61,1453,1514,0.1388
60,1453,1513,0.1388
60,1457,1517,0.1388
57,1459,1516,0.1388
58,1453,1511,0.1388
60,1454,1514,0.1388
60,1450,1510,0.1388
61,1454,1515,0.1388
59,1449,1508,0.1388
59,1453,1512,0.1388
60,1449,1509,0.1388
60,1463,1523,0.1388
59,1460,1519,0.1388
56,1456,1512,0.1388
58,1461,1519,0.1388
60,1461,1521,0.1388
61,1463,1524,0.1388
58,1464,1522,0.1388
58,1461,1519,0.1388
57,1453,1510,0.1388
58,1445,1503,0.1388
55,1462,1517,0.1388
55,1462,1517,0.1388
54,1459,1513,0.1388
53,1447,1500,0.1388
55,1452,1507,0.1388
52,1433,1485,0.1388
51,1432,1483,0.1388
52,1438,1490,0.1388
53,1456,1509,0.1388
54,1461,1515,0.1388
54,1459,1513,0.1388
52,1457,1509,0.1388
52,1461,1513,0.1388
51,1462,1513,0.1388
51,1470,1521,0.1388
52,1460,1512,0.1388
50,1471,1521,0.1388
50,1463,1513,0.1388
51,1483,1534,0.1388
51,1477,1528,0.1388
50,1475,1525,0.1388
48,1471,1519,0.1388
52,1458,1510,0.1388
46,1466,1512,0.1388
47,1468,1515,0.1388
47,1467,1514,0.1388
48,1467,1515,0.1388
48,1474,1522,0.1388
48,1456,1504,0.1388
45,1463,1508,0.1388
44,1459,1503,0.1388
43,1463,1506,0.1388
45,1473,1518,0.1388
45,1469,1514,0.1388
45,1462,1507,0.1388
49,1460,1509,0.1388
52,1474,1526,0.1388
51,1478,1529,0.1388
51,1475,1526,0.1388
50,1481,1531,0.1388
50,1471,1521,0.1388
51,1451,1502,0.1388
51,1470,1521,0.1388
49,1484,1533,0.1388
49,1466,1515,0.1388
47,1472,1519,0.1388
46,1478,1524,0.1388
46,1478,1524,0.1388
45,1480,1525,0.1388
43,1483,1526,0.1388
43,1480,1523,0.1388
43,1489,1532,0.1388
44,1485,1529,0.1388
45,1484,1529,0.1388
45,1489,1534,0.1388
46,1478,1524,0.1388
48,1467,1515,0.1388
47,1476,1523,0.1388
45,1468,1513,0.1388
45,1466,1511,0.1388
41,1460,1501,0.1388
44,1469,1513,0.1388
41,1468,1509,0.1388
43,1468,1511,0.1388
44,1473,1517,0.1388
44,1465,1509,0.1388
45,1462,1507,0.1388
43,1477,1520,0.1388
44,1483,1527,0.1388
43,1496,1539,0.1388
43,1492,1535,0.1388
41,1494,1535,0.1388
42,1485,1527,0.1388
41,1469,1510,0.1388
41,1469,1510,0.1388
39,1473,1512,0.1388
41,1478,1519,0.1388
41,1470,1511,0.1388
40,1472,1512,0.1388
39,1460,1499,0.1388
39,1472,1511,0.1388
39,1486,1525,0.1388
38,1464,1502,0.1388
38,1465,1503,0.1388
37,1477,1514,0.1388
38,1473,1511,0.1388
37,1486,1523,0.1388
37,1479,1516,0.1388
39,1471,1510,0.1388
40,1475,1515,0.1388
40,1482,1522,0.1388
41,1493,1534,0.1388
39,1495,1534,0.1388
38,1498,1536,0.1388
39,1478,1517,0.1388
38,1472,1510,0.1388
41,1469,1510,0.1388
37,1480,1517,0.1388
37,1487,1524,0.1388
36,1489,1525,0.1388
33,1489,1522,0.1388
34,1491,1525,0.1388
34,1480,1514,0.1388
33,1489,1522,0.1388
31,1497,1528,0.1388
30,1493,1523,0.1388
29,1498,1527,0.1388
28,1499,1527,0.1388
28,1497,1525,0.1388
27,1490,1517,0.1388
28,1486,1514,0.1388
28,1490,1518,0.1388
29,1490,1519,0.1388
29,1480,1509,0.1388
29,1492,1521,0.1388
29,1489,1518,0.1388
30,1494,1524,0.1388
30,1497,1527,0.1388
29,1500,1529,0.1388
30,1493,1523,0.1388
28,1490,1518,0.1388
30,1476,1506,0.1388
29,1480,1509,0.1388
29,1490,1519,0.1388
29,1479,1508,0.1388
29,1498,1527,0.1388
29,1483,1512,0.1388
28,1483,1511,0.1388
28,1483,1511,0.1388
29,1492,1521,0.1388
28,1489,1517,0.1388
28,1494,1522,0.1388
28,1512,1540,0.1388
27,1510,1537,0.1388
26,1505,1531,0.1388
25,1498,1523,0.1388
24,1502,1526,0.1388
23,1494,1517,0.1388
23,1495,1518,0.1388
20,1488,1508,0.1388
20,1502,1522,0.1388
21,1498,1519,0.1388
21,1496,1517,0.1388
19,1507,1526,0.1388
19,1503,1522,0.1388
20,1495,1515,0.1388
20,1491,1511,0.1388
20,1470,1490,0.1388
19,1486,1505,0.1388
20,1491,1511,0.1388
23,1496,1519,0.1388
22,1501,1523,0.1388
22,1497,1519,0.1388
21,1488,1509,0.1388
21,1493,1514,0.1388
19,1486,1505,0.1388
19,1491,1510,0.1388
18,1505,1523,0.1388
16,1504,1520,0.1388
14,1503,1517,0.1388
13,1507,1520,0.1388
12,1519,1531,0.1388
11,1514,1525,0.1388
11,1504,1515,0.1388
11,1503,1514,0.1388
12,1502,1514,0.1388
11,1495,1506,0.1388
11,1501,1512,0.1388
11,1497,1508,0.1388
11,1503,1514,0.1388
11,1522,1533,0.1388
11,1516,1527,0.1388
13,1496,1509,0.1388
13,1495,1508,0.1388
13,1506,1519,0.1388
13,1507,1520,0.1388
14,1509,1523,0.1388
16,1493,1509,0.1388
16,1494,1510,0.1388
16,1512,1528,0.1388
15,1512,1527,0.1388
16,1523,1539,0.1388
16,1516,1532,0.1388
16,1490,1506,0.1388
15,1504,1519,0.1388
15,1497,1512,0.1388
14,1504,1518,0.1388
14,1507,1521,0.1388
14,1509,1523,0.1388
14,1495,1509,0.1388
14,1515,1529,0.1388
14,1512,1526,0.1388
13,1502,1515,0.1388
13,1504,1517,0.1388
12,1498,1510,0.1388
13,1504,1517,0.1388
13,1505,1518,0.1388
13,1500,1513,0.1388
12,1513,1525,0.1388
13,1515,1528,0.1388
12,1514,1526,0.1388
12,1516,1528,0.1388
13,1513,1526,0.1388
13,1518,1531,0.1388
13,1514,1527,0.1388
13,1506,1519,0.1388
14,1514,1528,0.1388
14,1498,1512,0.1388
14,1505,1519,0.1388
14,1512,1526,0.1388
11,1511,1522,0.1388
9,1512,1521,0.1388
9,1519,1528,0.1388
10,1508,1518,0.1388
11,1493,1504,0.1388
12,1489,1501,0.1388
12,1494,1506,0.1388
13,1490,1503,0.1388
12,1506,1518,0.1388
12,1514,1526,0.1388
12,1508,1520,0.1388
12,1507,1519,0.1388
12,1513,1525,0.1388
13,1508,1521,0.1388
14,1511,1525,0.1388
14,1512,1526,0.1388
13,1502,1515,0.1388
14,1506,1520,0.1388
14,1508,1522,0.1388
13,1506,1519,0.1388
13,1511,1524,0.1388
13,1510,1523,0.1388
13,1505,1518,0.1388
12,1512,1524,0.1388
11,1511,1522,0.1388
11,1511,1522,0.1388
12,1507,1519,0.1388
12,1496,1508,0.1388
12,1499,1511,0.1388
12,1500,1512,0.1388
11,1514,1525,0.1388
9,1507,1516,0.1388
10,1509,1519,0.1388
11,1506,1517,0.1388
10,1502,1512,0.1388
10,1514,1524,0.1388
9,1513,1522,0.1388
9,1499,1508,0.1388
10,1509,1519,0.1388
10,1500,1510,0.1388
11,1508,1519,0.1388
11,1512,1523,0.1388
11,1508,1519,0.1388
11,1505,1516,0.1388
12,1512,1524,0.1388
12,1506,1518,0.1388
12,1500,1512,0.1388
12,1502,1514,0.1388
12,1518,1530,0.1388
14,1512,1526,0.1388
14,1512,1526,0.1388
15,1505,1520,0.1388
15,1511,1526,0.1388
15,1496,1511,0.1388
15,1503,1518,0.1388
14,1515,1529,0.1388
16,1496,1512,0.1388
16,1498,1514,0.1388
16,1500,1516,0.1388
16,1490,1506,0.1388
16,1504,1520,0.1388
15,1502,1517,0.1388
17,1496,1513,0.1388
16,1497,1513,0.1388
18,1495,1513,0.1388
15,1501,1516,0.1388
16,1512,1528,0.1388
18,1500,1518,0.1388
16,1499,1515,0.1388
16,1503,1519,0.1388
16,1507,1523,0.1388
18,1498,1516,0.1388
18,1502,1520,0.1388
19,1485,1504,0.1388
18,1482,1500,0.1388
18,1494,1512,0.1388
19,1497,1516,0.1388
19,1501,1520,0.1388
18,1496,1514,0.1388
18,1495,1513,0.1388
17,1501,1518,0.1388
17,1498,1515,0.1388
17,1497,1514,0.1388
17,1506,1523,0.1388
17,1487,1504,0.1388
17,1489,1506,0.1388
17,1492,1509,0.1388
15,1500,1515,0.1388
16,1505,1521,0.1388
16,1504,1520,0.1388
16,1503,1519,0.1388
16,1497,1513,0.1388
16,1498,1514,0.1388
16,1482,1498,0.1388
16,1494,1510,0.1388
17,1500,1517,0.1388
16,1499,1515,0.1388
16,1484,1500,0.1388
15,1489,1504,0.1388
15,1504,1519,0.1388
12,1501,1513,0.1388
13,1501,1514,0.1388
13,1501,1514,0.1388
13,1495,1508,0.1388
13,1492,1505,0.1388
13,1501,1514,0.1388
12,1486,1498,0.1388
12,1487,1499,0.1388
12,1502,1514,0.1388
12,1514,1526,0.1388
12,1506,1518,0.1388
11,1513,1524,0.1388
11,1507,1518,0.1388
11,1498,1509,0.1388
14,1507,1521,0.1388
13,1504,1517,0.1388
12,1517,1529,0.1388
12,1505,1517,0.1388
12,1499,1511,0.1388
12,1503,1515,0.1388
13,1514,1527,0.1388
13,1504,1517,0.1388
13,1510,1523,0.1388
11,1512,1523,0.1388
12,1517,1529,0.1388
11,1512,1523,0.1388
11,1521,1532,0.1388
11,1518,1529,0.1388
11,1512,1523,0.1388
11,1508,1519,0.1388
11,1510,1521,0.1388
11,1509,1520,0.1388
10,1507,1517,0.1388
11,1501,1512,0.1388
11,1495,1506,0.1388
11,1492,1503,0.1388
11,1490,1501,0.1388
11,1502,1513,0.1388
11,1504,1515,0.1388
11,1499,1510,0.1388
11,1499,1510,0.1388
11,1502,1513,0.1388
11,1500,1511,0.1388
13,1493,1506,0.1388
13,1497,1510,0.1388
13,1494,1507,0.1388
13,1508,1521,0.1388
13,1502,1515,0.1388
12,1491,1503,0.1388
12,1506,1518,0.1388
12,1508,1520,0.1388
12,1510,1522,0.1388
12,1508,1520,0.1388
13,1500,1513,0.1388
13,1501,1514,0.1388
12,1500,1512,0.1388
11,1514,1525,0.1388
11,1512,1523,0.1388
11,1519,1530,0.1388
11,1512,1523,0.1388
12,1492,1504,0.1388
11,1497,1508,0.1388
11,1492,1503,0.1388
11,1490,1501,0.1388
11,1511,1522,0.1388
12,1511,1523,0.1388
11,1523,1534,0.1388
11,1513,1524,0.1388
11,1510,1521,0.1388
12,1508,1520,0.1388
11,1506,1517,0.1388
9,1500,1509,0.1388
8,1525,1533,0.1388
9,1508,1517,0.1388
9,1500,1509,0.1388
8,1513,1521,0.1388
9,1502,1511,0.1388
9,1499,1508,0.1388
8,1500,1508,0.1388
8,1511,1519,0.1388
8,1512,1520,0.1388
7,1505,1512,0.1388
7,1504,1511,0.1388
7,1507,1514,0.1388
7,1500,1507,0.1388
7,1495,1502,0.1388
7,1505,1512,0.1388
7,1504,1511,0.1388
7,1513,1520,0.1388
7,1511,1518,0.1388
6,1502,1508,0.1388
7,1512,1519,0.1388
6,1516,1522,0.1388
6,1505,1511,0.1388
6,1513,1519,0.1388
6,1519,1525,0.1388
6,1535,1541,0.1388
6,1532,1538,0.1388
6,1522,1528,0.1388
6,1526,1532,0.1388
5,1522,1527,0.1388
5,1524,1529,0.1388
5,1523,1528,0.1388
5,1518,1523,0.1388
5,1523,1528,0.1388
5,1527,1532,0.1388
4,1518,1522,0.1388
4,1509,1513,0.1388
4,1498,1502,0.1388
4,1499,1503,0.1388
4,1506,1510,0.1388
3,1504,1507,0.1388
3,1505,1508,0.1388
3,1504,1507,0.1388
3,1523,1526,0.1388
3,1532,1535,0.1388
3,1525,1528,0.1388
3,1524,1527,0.1388
3,1517,1520,0.1388
3,1508,1511,0.1388
3,1514,1517,0.1388
3,1516,1519,0.1388
3,1512,1515,0.1388
3,1512,1515,0.1388
2,1525,1527,0.1388
2,1507,1509,0.1388
2,1509,1511,0.1388
2,1519,1521,0.1388
2,1517,1519,0.1388
2,1514,1516,0.1388
2,1507,1509,0.1388
2,1503,1505,0.1388
2,1486,1488,0.1388
2,1505,1507,0.1388
2,1512,1514,0.1388
2,1505,1507,0.1388
2,1514,1516,0.1388
2,1507,1509,0.1388
2,1514,1516,0.1388
2,1529,1531,0.1388
2,1519,1521,0.1388
3,1521,1524,0.1388
3,1525,1528,0.1388
3,1521,1524,0.1388
3,1518,1521,0.1388
3,1506,1509,0.1388
3,1517,1520,0.1388
3,1510,1513,0.1388
3,1506,1509,0.1388
3,1511,1514,0.1388
3,1500,1503,0.1388
3,1501,1504,0.1388
2,1503,1505,0.1388
2,1506,1508,0.1388
3,1509,1512,0.1388
3,1515,1518,0.1388
3,1514,1517,0.1388
3,1514,1517,0.1388
3,1507,1510,0.1388
3,1507,1510,0.1388
3,1503,1506,0.1388
3,1518,1521,0.1388
3,1516,1519,0.1388
3,1504,1507,0.1388
3,1508,1511,0.1388
3,1509,1512,0.1388
3,1519,1522,0.1388
3,1522,1525,0.1388
3,1519,1522,0.1388
3,1509,1512,0.1388
3,1509,1512,0.1388
3,1532,1535,0.1388
3,1516,1519,0.1388
3,1533,1536,0.1388
2,1532,1534,0.1388
2,1524,1526,0.1388
2,1520,1522,0.1388
2,1526,1528,0.1388
2,1524,1526,0.1388
2,1531,1533,0.1388
2,1528,1530,0.1388
1,1520,1521,0.1388
1,1523,1524,0.1388
1,1521,1522,0.1388
1,1524,1525,0.1388
1,1518,1519,0.1388
1,1510,1511,0.1388
1,1518,1519,0.1388
1,1514,1515,0.1388
1,1519,1520,0.1388
1,1524,1525,0.1388
1,1528,1529,0.1388
1,1519,1520,0.1388
0,1518,1518,0.1388
