1372,27,1399,0.1388
1415,26,1441,0.1388
1421,26,1447,0.1388
1435,27,1462,0.1388
1450,26,1476,0.1388
1465,24,1489,0.1388
1473,24,1497,0.1388
1466,22,1488,0.1388
1481,19,1500,0.1388
1488,19,1507,0.1388
1469,18,1487,0.1388
1466,18,1484,0.1388
1472,17,1489,0.1388
1458,17,1475,0.1388
1451,17,1468,0.1388
1447,17,1464,0.1388
1454,18,1472,0.1388
1441,17,1458,0.1388
1455,17,1472,0.1388
1460,15,1475,0.1388
1476,14,1490,0.1388
1470,16,1486,0.1388
1477,15,1492,0.1388
1479,14,1493,0.1388
1473,15,1488,0.1388
1481,14,1495,0.1388
1462,16,1478,0.1388
1469,17,1486,0.1388
1473,18,1491,0.1388
1479,20,1499,0.1388
1483,19,1502,0.1388
1481,19,1500,0.1388
1487,19,1506,0.1388
1497,18,1515,0.1388
1480,18,1498,0.1388
1480,18,1498,0.1388
1478,17,1495,0.1388
1479,19,1498,0.1388
1466,18,1484,0.1388
1465,20,1485,0.1388
1471,20,1491,0.1388
1459,21,1480,0.1388
1472,24,1496,0.1388
1468,22,1490,0.1388
1475,23,1498,0.1388
1488,22,1510,0.1388
1480,24,1504,0.1388
1484,24,1508,0.1388
1477,23,1500,0.1388
1465,23,1488,0.1388
1472,25,1497,0.1388
1471,24,1495,0.1388
1467,25,1492,0.1388
1467,24,1491,0.1388
1457,24,1481,0.1388
1463,22,1485,0.1388
1473,18,1491,0.1388
1487,20,1507,0.1388
1484,20,1504,0.1388
1484,21,1505,0.1388
1493,21,1514,0.1388
1488,22,1510,0.1388
1486,22,1508,0.1388
1480,21,1501,0.1388
1481,21,1502,0.1388
1472,21,1493,0.1388
1474,20,1494,0.1388
1474,23,1497,0.1388
1469,25,1494,0.1388
1477,28,1505,0.1388
1478,29,1507,0.1388
1475,30,1505,0.1388
1475,32,1507,0.1388
1463,31,1494,0.1388
1460,31,1491,0.1388
1463,29,1492,0.1388
1461,27,1488,0.1388
1462,28,1490,0.1388
1451,28,1479,0.1388
1458,29,1487,0.1388
1465,29,1494,0.1388
1459,32,1491,0.1388
1470,33,1503,0.1388
1449,34,1483,0.1388
1448,34,1482,0.1388
1445,33,1478,0.1388
1445,32,1477,0.1388
1460,28,1488,0.1388
1468,31,1499,0.1388
1482,31,1513,0.1388
1480,32,1512,0.1388
1467,30,1497,0.1388
1459,29,1488,0.1388
1459,29,1488,0.1388
1449,27,1476,0.1388
1450,27,1477,0.1388
1463,26,1489,0.1388
1462,24,1486,0.1388
1455,24,1479,0.1388
1463,23,1486,0.1388
1454,24,1478,0.1388
1466,24,1490,0.1388
1469,26,1495,0.1388
1472,26,1498,0.1388
1458,27,1485,0.1388
1466,28,1494,0.1388
1475,27,1502,0.1388
1458,28,1486,0.1388
1462,28,1490,0.1388
1452,28,1480,0.1388
1453,30,1483,0.1388
1465,32,1497,0.1388
1465,32,1497,0.1388
1464,32,1496,0.1388
1467,32,1499,0.1388
1485,32,1517,0.1388
1462,31,1493,0.1388
1451,31,1482,0.1388
1450,32,1482,0.1388
1448,32,1480,0.1388
1462,33,1495,0.1388
1450,33,1483,0.1388
1468,33,1501,0.1388
1459,34,1493,0.1388
1448,34,1482,0.1388
1450,37,1487,0.1388
1451,36,1487,0.1388
1446,33,1479,0.1388
1448,32,1480,0.1388
1444,32,1476,0.1388
1455,32,1487,0.1388
1461,33,1494,0.1388
1464,34,1498,0.1388
1444,36,1480,0.1388
1451,35,1486,0.1388
1459,35,1494,0.1388
1472,33,1505,0.1388
1476,32,1508,0.1388
1485,33,1518,0.1388
1476,32,1508,0.1388
1460,33,1493,0.1388
1453,33,1486,0.1388
1462,35,1497,0.1388
1459,34,1493,0.1388
1467,36,1503,0.1388
1478,37,1515,0.1388
1469,37,1506,0.1388
1452,37,1489,0.1388
1453,37,1490,0.1388
1436,37,1473,0.1388
1437,37,1474,0.1388
1446,39,1485,0.1388
1449,39,1488,0.1388
1458,39,1497,0.1388
1442,37,1479,0.1388
1442,37,1479,0.1388
1450,38,1488,0.1388
1449,39,1488,0.1388
1433,39,1472,0.1388
1448,40,1488,0.1388
1461,42,1503,0.1388
1462,40,1502,0.1388
1459,38,1497,0.1388
1465,38,1503,0.1388
1466,45,1511,0.1388
1453,43,1496,0.1388
1454,43,1497,0.1388
1458,45,1503,0.1388
1454,47,1501,0.1388
1447,46,1493,0.1388
1448,51,1499,0.1388
1430,54,1484,0.1388
1437,57,1494,0.1388
1436,54,1490,0.1388
1443,58,1501,0.1388
1437,57,1494,0.1388
1431,59,1490,0.1388
1438,57,1495,0.1388
1457,55,1512,0.1388
1453,55,1508,0.1388
1445,52,1497,0.1388
1439,55,1494,0.1388
1449,54,1503,0.1388
1441,52,1493,0.1388
1432,55,1487,0.1388
1425,56,1481,0.1388
1413,56,1469,0.1388
1418,56,1474,0.1388
1420,56,1476,0.1388
1422,53,1475,0.1388
1438,57,1495,0.1388
1431,55,1486,0.1388
1431,53,1484,0.1388
1433,52,1485,0.1388
1436,53,1489,0.1388
1430,55,1485,0.1388
1437,55,1492,0.1388
1432,55,1487,0.1388
1435,58,1493,0.1388
1427,62,1489,0.1388
1428,62,1490,0.1388
1429,57,1486,0.1388
1425,60,1485,0.1388
1432,58,1490,0.1388
1429,57,1486,0.1388
1422,56,1478,0.1388
1411,54,1465,0.1388
1420,57,1477,0.1388
1432,59,1491,0.1388
1426,60,1486,0.1388
1417,59,1476,0.1388
1433,62,1495,0.1388
1419,63,1482,0.1388
1421,60,1481,0.1388
1418,64,1482,0.1388
1430,63,1493,0.1388
1425,67,1492,0.1388
1423,67,1490,0.1388
1433,66,1499,0.1388
1417,65,1482,0.1388
1416,66,1482,0.1388
1420,65,1485,0.1388
1411,68,1479,0.1388
1413,67,1480,0.1388
1413,67,1480,0.1388
1410,70,1480,0.1388
1421,70,1491,0.1388
1415,70,1485,0.1388
1435,70,1505,0.1388
1425,71,1496,0.1388
1424,70,1494,0.1388
1421,71,1492,0.1388
1424,68,1492,0.1388
1417,68,1485,0.1388
1409,68,1477,0.1388
1412,69,1481,0.1388
1433,70,1503,0.1388
1423,66,1489,0.1388
1435,66,1501,0.1388
1433,66,1499,0.1388
1432,65,1497,0.1388
1414,66,1480,0.1388
1416,68,1484,0.1388
1418,67,1485,0.1388
1415,69,1484,0.1388
1430,67,1497,0.1388
1424,67,1491,0.1388
1425,69,1494,0.1388
1416,70,1486,0.1388
1419,66,1485,0.1388
1445,66,1511,0.1388
1446,68,1514,0.1388
1446,69,1515,0.1388
1453,67,1520,0.1388
1442,69,1511,0.1388
1427,68,1495,0.1388
1425,67,1492,0.1388
1421,65,1486,0.1388
1418,66,1484,0.1388
1409,64,1473,0.1388
1419,64,1483,0.1388
1409,63,1472,0.1388
1404,67,1471,0.1388
1407,69,1476,0.1388
1424,70,1494,0.1388
1424,74,1498,0.1388
1421,74,1495,0.1388
1419,74,1493,0.1388
1413,72,1485,0.1388
1415,72,1487,0.1388
1420,73,1493,0.1388
1411,74,1485,0.1388
1413,72,1485,0.1388
1425,73,1498,0.1388
1414,78,1492,0.1388
1405,79,1484,0.1388
1402,78,1480,0.1388
1395,81,1476,0.1388
1396,82,1478,0.1388
1403,82,1485,0.1388
1414,81,1495,0.1388
1420,80,1500,0.1388
1408,78,1486,0.1388
1406,80,1486,0.1388
1403,80,1483,0.1388
1399,82,1481,0.1388
1404,82,1486,0.1388
1414,82,1496,0.1388
1407,81,1488,0.1388
1421,80,1501,0.1388
1418,81,1499,0.1388
1417,82,1499,0.1388
1419,83,1502,0.1388
1408,84,1492,0.1388
1406,85,1491,0.1388
1406,88,1494,0.1388
1406,88,1494,0.1388
1401,87,1488,0.1388
1406,89,1495,0.1388
1412,90,1502,0.1388
1405,90,1495,0.1388
1401,91,1492,0.1388
1397,91,1488,0.1388
1401,93,1494,0.1388
1395,91,1486,0.1388
1401,92,1493,0.1388
1409,91,1500,0.1388
1409,89,1498,0.1388
1400,91,1491,0.1388
1395,91,1486,0.1388
1397,96,1493,0.1388
1407,98,1505,0.1388
1398,98,1496,0.1388
1392,101,1493,0.1388
1401,103,1504,0.1388
1397,101,1498,0.1388
1385,103,1488,0.1388
1381,105,1486,0.1388
1376,101,1477,0.1388
1371,105,1476,0.1388
1379,104,1483,0.1388
1393,102,1495,0.1388
1392,97,1489,0.1388
1384,94,1478,0.1388
1379,97,1476,0.1388
1388,98,1486,0.1388
1380,98,1478,0.1388
1382,101,1483,0.1388
1389,105,1494,0.1388
1387,103,1490,0.1388
1386,103,1489,0.1388
1385,102,1487,0.1388
1383,100,1483,0.1388
1386,104,1490,0.1388
1388,104,1492,0.1388
1371,103,1474,0.1388
1376,108,1484,0.1388
1374,109,1483,0.1388
1383,108,1491,0.1388
1388,108,1496,0.1388
1368,109,1477,0.1388
1371,111,1482,0.1388
1369,108,1477,0.1388
1378,106,1484,0.1388
1390,110,1500,0.1388
1390,108,1498,0.1388
1402,105,1507,0.1388
1397,108,1505,0.1388
1380,107,1487,0.1388
1380,108,1488,0.1388
1389,108,1497,0.1388
1389,110,1499,0.1388
1384,113,1497,0.1388
1401,110,1511,0.1388
1392,109,1501,0.1388
1387,106,1493,0.1388
1385,105,1490,0.1388
1381,106,1487,0.1388
1387,105,1492,0.1388
1398,100,1498,0.1388
1391,106,1497,0.1388
1385,108,1493,0.1388
1377,105,1482,0.1388
1374,110,1484,0.1388
1381,109,1490,0.1388
1368,109,1477,0.1388
1379,111,1490,0.1388
1389,108,1497,0.1388
1395,110,1505,0.1388
1398,110,1508,0.1388
1397,110,1507,0.1388
1390,113,1503,0.1388
1367,110,1477,0.1388
1365,111,1476,0.1388
1376,108,1484,0.1388
1391,108,1499,0.1388
1397,110,1507,0.1388
1390,110,1500,0.1388
1399,111,1510,0.1388
1394,108,1502,0.1388
1399,108,1507,0.1388
1391,108,1499,0.1388
1384,107,1491,0.1388
1378,110,1488,0.1388
1377,110,1487,0.1388
1392,111,1503,0.1388
1389,110,1499,0.1388
1378,113,1491,0.1388
1385,112,1497,0.1388
1388,110,1498,0.1388
1398,113,1511,0.1388
1402,110,1512,0.1388
1394,110,1504,0.1388
1400,114,1514,0.1388
1392,113,1505,0.1388
1385,113,1498,0.1388
1399,115,1514,0.1388
1388,116,1504,0.1388
1380,117,1497,0.1388
1376,121,1497,0.1388
1376,122,1498,0.1388
1373,121,1494,0.1388
1377,121,1498,0.1388
1387,123,1510,0.1388
1377,124,1501,0.1388
1378,123,1501,0.1388
1379,129,1508,0.1388
1378,130,1508,0.1388
1374,129,1503,0.1388
1376,129,1505,0.1388
1371,132,1503,0.1388
1367,131,1498,0.1388
1362,132,1494,0.1388
1367,132,1499,0.1388
1362,133,1495,0.1388
1362,131,1493,0.1388
1371,133,1504,0.1388
1379,131,1510,0.1388
1369,135,1504,0.1388
1362,135,1497,0.1388
1363,136,1499,0.1388
1371,141,1512,0.1388
1361,137,1498,0.1388
1344,138,1482,0.1388
1345,141,1486,0.1388
1338,140,1478,0.1388
1342,144,1486,0.1388
1340,146,1486,0.1388
1347,150,1497,0.1388
1350,148,1498,0.1388
1345,147,1492,0.1388
1349,145,1494,0.1388
1348,143,1491,0.1388
1347,145,1492,0.1388
1354,145,1499,0.1388
1356,141,1497,0.1388
1348,143,1491,0.1388
1343,143,1486,0.1388
1342,139,1481,0.1388
1340,142,1482,0.1388
1341,138,1479,0.1388
1341,142,1483,0.1388
1335,143,1478,0.1388
1355,145,1500,0.1388
1354,149,1503,0.1388
1357,145,1502,0.1388
1354,151,1505,0.1388
1353,156,1509,0.1388
1349,153,1502,0.1388
1348,156,1504,0.1388
1350,159,1509,0.1388
1347,155,1502,0.1388
1350,154,1504,0.1388
1342,156,1498,0.1388
1349,160,1509,0.1388
1353,161,1514,0.1388
1360,160,1520,0.1388
1362,159,1521,0.1388
1359,159,1518,0.1388
1357,158,1515,0.1388
1351,155,1506,0.1388
1349,156,1505,0.1388
1354,154,1508,0.1388
1350,149,1499,0.1388
1322,151,1473,0.1388
1323,155,1478,0.1388
1338,158,1496,0.1388
1331,156,1487,0.1388
1340,154,1494,0.1388
1330,153,1483,0.1388
1311,158,1469,0.1388
1322,159,1481,0.1388
1308,161,1469,0.1388
1304,165,1469,0.1388
1302,164,1466,0.1388
1305,165,1470,0.1388
1320,167,1487,0.1388
1325,169,1494,0.1388
1334,171,1505,0.1388
1329,172,1501,0.1388
1334,176,1510,0.1388
1336,174,1510,0.1388
1330,173,1503,0.1388
1328,173,1501,0.1388
1327,174,1501,0.1388
1314,176,1490,0.1388
1318,177,1495,0.1388
1321,177,1498,0.1388
1312,181,1493,0.1388
1316,181,1497,0.1388
1325,181,1506,0.1388
1321,183,1504,0.1388
1327,182,1509,0.1388
1313,186,1499,0.1388
1314,185,1499,0.1388
1317,186,1503,0.1388
1309,186,1495,0.1388
1313,185,1498,0.1388
1304,179,1483,0.1388
1319,179,1498,0.1388
1312,183,1495,0.1388
1322,178,1500,0.1388
1311,172,1483,0.1388
1309,174,1483,0.1388
1313,175,1488,0.1388
1308,174,1482,0.1388
1311,171,1482,0.1388
1304,179,1483,0.1388
1311,179,1490,0.1388
1305,179,1484,0.1388
1307,181,1488,0.1388
1303,183,1486,0.1388
1306,181,1487,0.1388
1312,179,1491,0.1388
1308,175,1483,0.1388
1323,177,1500,0.1388
1322,180,1502,0.1388
1318,181,1499,0.1388
1313,179,1492,0.1388
1316,182,1498,0.1388
1317,182,1499,0.1388
1321,180,1501,0.1388
1317,176,1493,0.1388
1321,179,1500,0.1388
1327,181,1508,0.1388
1323,185,1508,0.1388
1320,187,1507,0.1388
1312,188,1500,0.1388
1315,193,1508,0.1388
1311,195,1506,0.1388
1298,193,1491,0.1388
1297,194,1491,0.1388
1282,195,1477,0.1388
1288,197,1485,0.1388
1290,195,1485,0.1388
1305,196,1501,0.1388
1317,196,1513,0.1388
1308,190,1498,0.1388
1316,187,1503,0.1388
1317,190,1507,0.1388
1311,192,1503,0.1388
1312,190,1502,0.1388
1305,192,1497,0.1388
1298,189,1487,0.1388
1298,191,1489,0.1388
1304,193,1497,0.1388
1301,198,1499,0.1388
1292,200,1492,0.1388
1296,202,1498,0.1388
1289,201,1490,0.1388
1296,201,1497,0.1388
1284,200,1484,0.1388
1285,204,1489,0.1388
1288,204,1492,0.1388
1292,205,1497,0.1388
1304,206,1510,0.1388
1286,208,1494,0.1388
1267,209,1476,0.1388
1272,209,1481,0.1388
1278,205,1483,0.1388
1280,196,1476,0.1388
1281,202,1483,0.1388
1287,204,1491,0.1388
1299,205,1504,0.1388
1286,200,1486,0.1388
1294,204,1498,0.1388
1291,198,1489,0.1388
1293,196,1489,0.1388
1289,196,1485,0.1388
1294,189,1483,0.1388
1297,192,1489,0.1388
1305,192,1497,0.1388
1296,194,1490,0.1388
1295,200,1495,0.1388
1296,200,1496,0.1388
1300,199,1499,0.1388
1303,196,1499,0.1388
1294,195,1489,0.1388
1292,200,1492,0.1388
1299,203,1502,0.1388
1303,202,1505,0.1388
1300,205,1505,0.1388
1294,204,1498,0.1388
1293,208,1501,0.1388
1288,202,1490,0.1388
1290,208,1498,0.1388
1273,206,1479,0.1388
1274,206,1480,0.1388
1271,208,1479,0.1388
1280,207,1487,0.1388
1281,207,1488,0.1388
1295,209,1504,0.1388
1293,208,1501,0.1388
1295,210,1505,0.1388
1293,207,1500,0.1388
1293,205,1498,0.1388
1289,206,1495,0.1388
1288,207,1495,0.1388
1284,213,1497,0.1388
1294,220,1514,0.1388
1295,217,1512,0.1388
1296,210,1506,0.1388
1293,210,1503,0.1388
1296,215,1511,0.1388
1286,215,1501,0.1388
1282,217,1499,0.1388
1293,216,1509,0.1388
1286,220,1506,0.1388
1291,219,1510,0.1388
1279,219,1498,0.1388
1279,218,1497,0.1388
1281,217,1498,0.1388
1273,219,1492,0.1388
1281,218,1499,0.1388
1275,217,1492,0.1388
1277,211,1488,0.1388
1275,213,1488,0.1388
1288,212,1500,0.1388
1281,215,1496,0.1388
1275,219,1494,0.1388
1265,219,1484,0.1388
1254,220,1474,0.1388
1265,225,1490,0.1388
1275,228,1503,0.1388
1270,227,1497,0.1388
1268,226,1494,0.1388
1263,232,1495,0.1388
1263,234,1497,0.1388
1270,233,1503,0.1388
1267,231,1498,0.1388
1267,240,1507,0.1388
1277,236,1513,0.1388
1270,236,1506,0.1388
1272,240,1512,0.1388
1270,240,1510,0.1388
1262,237,1499,0.1388
1256,241,1497,0.1388
1249,244,1493,0.1388
1242,242,1484,0.1388
1248,238,1486,0.1388
1241,243,1484,0.1388
1236,245,1481,0.1388
1231,242,1473,0.1388
1237,243,1480,0.1388
1233,249,1482,0.1388
1232,252,1484,0.1388
1246,257,1503,0.1388
1241,253,1494,0.1388
1255,253,1508,0.1388
1261,255,1516,0.1388
1264,256,1520,0.1388
1255,249,1504,0.1388
1247,251,1498,0.1388
1249,251,1500,0.1388
1238,251,1489,0.1388
1243,252,1495,0.1388
1238,260,1498,0.1388
1235,254,1489,0.1388
1233,260,1493,0.1388
1230,260,1490,0.1388
1237,259,1496,0.1388
1241,261,1502,0.1388
1244,262,1506,0.1388
1239,266,1505,0.1388
1232,269,1501,0.1388
1236,271,1507,0.1388
1235,272,1507,0.1388
1221,267,1488,0.1388
1222,276,1498,0.1388
1231,274,1505,0.1388
1235,277,1512,0.1388
1218,275,1493,0.1388
1212,278,1490,0.1388
1213,274,1487,0.1388
1196,280,1476,0.1388
1196,284,1480,0.1388
1192,283,1475,0.1388
1190,293,1483,0.1388
1189,296,1485,0.1388
1196,298,1494,0.1388
1192,300,1492,0.1388
1199,305,1504,0.1388
1196,301,1497,0.1388
1199,301,1500,0.1388
1198,304,1502,0.1388
1202,309,1511,0.1388
1202,307,1509,0.1388
1194,309,1503,0.1388
1178,310,1488,0.1388
1171,310,1481,0.1388
1157,320,1477,0.1388
1164,319,1483,0.1388
1159,320,1479,0.1388
1159,317,1476,0.1388
1169,320,1489,0.1388
1173,320,1493,0.1388
1183,320,1503,0.1388
1169,325,1494,0.1388
1159,328,1487,0.1388
1171,334,1505,0.1388
1170,332,1502,0.1388
1161,333,1494,0.1388
1161,336,1497,0.1388
1161,336,1497,0.1388
1151,329,1480,0.1388
1144,328,1472,0.1388
1160,333,1493,0.1388
1173,338,1511,0.1388
1167,341,1508,0.1388
1167,340,1507,0.1388
1167,341,1508,0.1388
1165,342,1507,0.1388
1166,344,1510,0.1388
1166,347,1513,0.1388
1169,348,1517,0.1388
1172,344,1516,0.1388
1163,344,1507,0.1388
1164,349,1513,0.1388
1160,348,1508,0.1388
1170,354,1524,0.1388
1166,357,1523,0.1388
1159,360,1519,0.1388
1154,359,1513,0.1388
1151,349,1500,0.1388
1142,353,1495,0.1388
1142,357,1499,0.1388
1143,357,1500,0.1388
1137,355,1492,0.1388
1138,357,1495,0.1388
1134,365,1499,0.1388
1139,361,1500,0.1388
1122,359,1481,0.1388
1131,366,1497,0.1388
1128,364,1492,0.1388
1130,365,1495,0.1388
1128,364,1492,0.1388
1128,363,1491,0.1388
1134,365,1499,0.1388
1139,361,1500,0.1388
1138,356,1494,0.1388
1137,350,1487,0.1388
1135,354,1489,0.1388
1138,350,1488,0.1388
1134,360,1494,0.1388
1135,363,1498,0.1388
1134,370,1504,0.1388
1131,365,1496,0.1388
1130,367,1497,0.1388
1137,357,1494,0.1388
1132,355,1487,0.1388
1145,364,1509,0.1388
1143,367,1510,0.1388
1144,369,1513,0.1388
1124,365,1489,0.1388
1119,377,1496,0.1388
1118,372,1490,0.1388
1128,371,1499,0.1388
1131,360,1491,0.1388
1121,364,1485,0.1388
1135,368,1503,0.1388
1124,378,1502,0.1388
1113,377,1490,0.1388
1116,376,1492,0.1388
1124,381,1505,0.1388
1116,378,1494,0.1388
1109,377,1486,0.1388
1115,374,1489,0.1388
1125,382,1507,0.1388
1120,383,1503,0.1388
1126,380,1506,0.1388
1123,386,1509,0.1388
1129,387,1516,0.1388
1126,394,1520,0.1388
1129,399,1528,0.1388
1119,395,1514,0.1388
1110,397,1507,0.1388
1119,396,1515,0.1388
1116,394,1510,0.1388
1127,393,1520,0.1388
1120,389,1509,0.1388
1109,387,1496,0.1388
1116,386,1502,0.1388
1125,386,1511,0.1388
1124,390,1514,0.1388
1122,396,1518,0.1388
1123,394,1517,0.1388
1119,393,1512,0.1388
1114,397,1511,0.1388
1105,395,1500,0.1388
1099,394,1493,0.1388
1101,399,1500,0.1388
1095,401,1496,0.1388
1096,395,1491,0.1388
1097,389,1486,0.1388
1102,389,1491,0.1388
1098,391,1489,0.1388
1092,394,1486,0.1388
1089,397,1486,0.1388
1088,401,1489,0.1388
1097,404,1501,0.1388
1099,406,1505,0.1388
1099,404,1503,0.1388
1087,405,1492,0.1388
1082,408,1490,0.1388
1083,406,1489,0.1388
1082,405,1487,0.1388
1079,404,1483,0.1388
1077,406,1483,0.1388
1079,410,1489,0.1388
1082,413,1495,0.1388
1082,419,1501,0.1388
1083,421,1504,0.1388
1085,421,1506,0.1388
1082,429,1511,0.1388
1068,429,1497,0.1388
1063,433,1496,0.1388
1060,435,1495,0.1388
1061,432,1493,0.1388
1057,421,1478,0.1388
1069,424,1493,0.1388
1064,430,1494,0.1388
1065,427,1492,0.1388
1078,430,1508,0.1388
1066,431,1497,0.1388
1056,436,1492,0.1388
1051,437,1488,0.1388
1047,441,1488,0.1388
1053,443,1496,0.1388
1058,446,1504,0.1388
1058,442,1500,0.1388
1054,439,1493,0.1388
1049,442,1491,0.1388
1062,451,1513,0.1388
1062,441,1503,0.1388
1060,437,1497,0.1388
1049,439,1488,0.1388
1053,439,1492,0.1388
1051,447,1498,0.1388
1046,447,1493,0.1388
1051,451,1502,0.1388
1055,449,1504,0.1388
1046,456,1502,0.1388
1044,455,1499,0.1388
1040,455,1495,0.1388
1033,459,1492,0.1388
1043,457,1500,0.1388
1040,462,1502,0.1388
1036,460,1496,0.1388
1041,460,1501,0.1388
1051,466,1517,0.1388
1045,468,1513,0.1388
1036,473,1509,0.1388
1045,472,1517,0.1388
1029,483,1512,0.1388
1039,482,1521,0.1388
1036,477,1513,0.1388
1029,471,1500,0.1388
1031,466,1497,0.1388
1039,471,1510,0.1388
1035,478,1513,0.1388
1023,471,1494,0.1388
1028,477,1505,0.1388
1014,473,1487,0.1388
1009,482,1491,0.1388
1013,486,1499,0.1388
1017,483,1500,0.1388
1017,478,1495,0.1388
1014,466,1480,0.1388
1014,469,1483,0.1388
1015,473,1488,0.1388
1022,473,1495,0.1388
1013,467,1480,0.1388
1010,478,1488,0.1388
997,487,1484,0.1388
1013,486,1499,0.1388
1015,484,1499,0.1388
1014,486,1500,0.1388
1003,482,1485,0.1388
996,488,1484,0.1388
987,491,1478,0.1388
992,501,1493,0.1388
995,503,1498,0.1388
998,497,1495,0.1388
997,497,1494,0.1388
998,502,1500,0.1388
1004,505,1509,0.1388
999,510,1509,0.1388
1002,512,1514,0.1388
1013,502,1515,0.1388
1019,500,1519,0.1388
1014,494,1508,0.1388
1009,496,1505,0.1388
1005,503,1508,0.1388
997,503,1500,0.1388
992,500,1492,0.1388
1000,505,1505,0.1388
997,496,1493,0.1388
1004,500,1504,0.1388
999,506,1505,0.1388
1002,503,1505,0.1388
1007,503,1510,0.1388
1002,508,1510,0.1388
996,507,1503,0.1388
1010,500,1510,0.1388
1000,506,1506,0.1388
1002,503,1505,0.1388
998,511,1509,0.1388
1001,516,1517,0.1388
994,509,1503,0.1388
997,508,1505,0.1388
993,499,1492,0.1388
988,513,1501,0.1388
983,507,1490,0.1388
978,521,1499,0.1388
971,530,1501,0.1388
974,530,1504,0.1388
972,531,1503,0.1388
969,531,1500,0.1388
976,533,1509,0.1388
971,534,1505,0.1388
973,546,1519,0.1388
966,547,1513,0.1388
967,548,1515,0.1388
956,547,1503,0.1388
960,544,1504,0.1388
943,546,1489,0.1388
936,554,1490,0.1388
940,556,1496,0.1388
941,554,1495,0.1388
943,554,1497,0.1388
942,555,1497,0.1388
940,559,1499,0.1388
946,559,1505,0.1388
945,558,1503,0.1388
945,564,1509,0.1388
938,561,1499,0.1388
947,561,1508,0.1388
950,560,1510,0.1388
956,567,1523,0.1388
946,575,1521,0.1388
948,579,1527,0.1388
942,568,1510,0.1388
928,568,1496,0.1388
924,566,1490,0.1388
923,569,1492,0.1388
930,573,1503,0.1388
938,573,1511,0.1388
940,567,1507,0.1388
931,572,1503,0.1388
928,575,1503,0.1388
939,568,1507,0.1388
936,571,1507,0.1388
939,569,1508,0.1388
944,562,1506,0.1388
941,563,1504,0.1388
934,568,1502,0.1388
930,569,1499,0.1388
934,577,1511,0.1388
933,578,1511,0.1388
922,577,1499,0.1388
924,577,1501,0.1388
911,582,1493,0.1388
914,591,1505,0.1388
927,590,1517,0.1388
925,586,1511,0.1388
923,591,1514,0.1388
922,599,1521,0.1388
917,597,1514,0.1388
921,596,1517,0.1388
918,589,1507,0.1388
918,589,1507,0.1388
914,593,1507,0.1388
906,593,1499,0.1388
910,600,1510,0.1388
914,601,1515,0.1388
925,605,1530,0.1388
921,598,1519,0.1388
914,595,1509,0.1388
920,601,1521,0.1388
919,601,1520,0.1388
912,601,1513,0.1388
910,598,1508,0.1388
904,602,1506,0.1388
902,611,1513,0.1388
901,606,1507,0.1388
891,605,1496,0.1388
883,612,1495,0.1388
896,619,1515,0.1388
890,617,1507,0.1388
889,626,1515,0.1388
891,629,1520,0.1388
894,616,1510,0.1388
898,621,1519,0.1388
885,611,1496,0.1388
878,612,1490,0.1388
887,620,1507,0.1388
887,623,1510,0.1388
889,622,1511,0.1388
895,625,1520,0.1388
884,629,1513,0.1388
874,623,1497,0.1388
875,623,1498,0.1388
874,623,1497,0.1388
874,628,1502,0.1388
875,637,1512,0.1388
867,637,1504,0.1388
867,631,1498,0.1388
865,633,1498,0.1388
876,632,1508,0.1388
878,629,1507,0.1388
864,620,1484,0.1388
877,620,1497,0.1388
880,629,1509,0.1388
875,627,1502,0.1388
880,624,1504,0.1388
886,630,1516,0.1388
880,623,1503,0.1388
875,631,1506,0.1388
881,619,1500,0.1388
887,623,1510,0.1388
885,627,1512,0.1388
863,627,1490,0.1388
866,631,1497,0.1388
874,626,1500,0.1388
872,624,1496,0.1388
874,626,1500,0.1388
872,629,1501,0.1388
870,633,1503,0.1388
862,628,1490,0.1388
863,637,1500,0.1388
869,634,1503,0.1388
864,636,1500,0.1388
868,635,1503,0.1388
869,635,1504,0.1388
874,640,1514,0.1388
863,645,1508,0.1388
868,641,1509,0.1388
869,645,1514,0.1388
864,642,1506,0.1388
865,643,1508,0.1388
871,638,1509,0.1388
868,640,1508,0.1388
863,643,1506,0.1388
867,646,1513,0.1388
859,640,1499,0.1388
866,643,1509,0.1388
863,643,1506,0.1388
864,653,1517,0.1388
860,650,1510,0.1388
854,646,1500,0.1388
862,644,1506,0.1388
869,651,1520,0.1388
874,653,1527,0.1388
870,648,1518,0.1388
865,655,1520,0.1388
856,651,1507,0.1388
852,653,1505,0.1388
848,653,1501,0.1388
857,643,1500,0.1388
849,644,1493,0.1388
844,653,1497,0.1388
835,650,1485,0.1388
839,651,1490,0.1388
839,657,1496,0.1388
836,664,1500,0.1388
845,663,1508,0.1388
843,658,1501,0.1388
850,663,1513,0.1388
845,663,1508,0.1388
839,663,1502,0.1388
846,662,1508,0.1388
836,657,1493,0.1388
844,659,1503,0.1388
847,661,1508,0.1388
848,654,1502,0.1388
850,652,1502,0.1388
847,653,1500,0.1388
846,645,1491,0.1388
847,649,1496,0.1388
849,661,1510,0.1388
840,666,1506,0.1388
831,669,1500,0.1388
827,665,1492,0.1388
823,665,1488,0.1388
824,661,1485,0.1388
828,662,1490,0.1388
825,671,1496,0.1388
826,677,1503,0.1388
829,681,1510,0.1388
835,682,1517,0.1388
836,682,1518,0.1388
836,679,1515,0.1388
835,675,1510,0.1388
828,675,1503,0.1388
818,681,1499,0.1388
821,680,1501,0.1388
825,697,1522,0.1388
822,684,1506,0.1388
827,682,1509,0.1388
822,688,1510,0.1388
817,693,1510,0.1388
821,694,1515,0.1388
812,687,1499,0.1388
821,693,1514,0.1388
819,689,1508,0.1388
817,693,1510,0.1388
817,694,1511,0.1388
812,693,1505,0.1388
816,689,1505,0.1388
808,693,1501,0.1388
814,690,1504,0.1388
815,693,1508,0.1388
818,697,1515,0.1388
818,683,1501,0.1388
815,686,1501,0.1388
811,690,1501,0.1388
815,685,1500,0.1388
818,685,1503,0.1388
820,693,1513,0.1388
818,695,1513,0.1388
813,690,1503,0.1388
817,689,1506,0.1388
815,689,1504,0.1388
815,697,1512,0.1388
808,695,1503,0.1388
810,702,1512,0.1388
800,704,1504,0.1388
803,705,1508,0.1388
799,702,1501,0.1388
810,712,1522,0.1388
798,705,1503,0.1388
805,710,1515,0.1388
800,711,1511,0.1388
795,709,1504,0.1388
793,707,1500,0.1388
791,713,1504,0.1388
797,712,1509,0.1388
795,703,1498,0.1388
807,699,1506,0.1388
805,706,1511,0.1388
799,707,1506,0.1388
800,707,1507,0.1388
794,708,1502,0.1388
802,707,1509,0.1388
802,701,1503,0.1388
799,712,1511,0.1388
801,705,1506,0.1388
803,713,1516,0.1388
804,707,1511,0.1388
802,698,1500,0.1388
794,702,1496,0.1388
791,708,1499,0.1388
801,702,1503,0.1388
795,708,1503,0.1388
799,709,1508,0.1388
791,708,1499,0.1388
781,707,1488,0.1388
777,704,1481,0.1388
785,702,1487,0.1388
794,712,1506,0.1388
796,712,1508,0.1388
799,702,1501,0.1388
788,714,1502,0.1388
788,721,1509,0.1388
797,707,1504,0.1388
791,713,1504,0.1388
792,718,1510,0.1388
787,721,1508,0.1388
790,722,1512,0.1388
784,735,1519,0.1388
778,741,1519,0.1388
777,735,1512,0.1388
779,740,1519,0.1388
775,745,1520,0.1388
777,746,1523,0.1388
773,736,1509,0.1388
773,742,1515,0.1388
766,740,1506,0.1388
759,737,1496,0.1388
757,737,1494,0.1388
754,738,1492,0.1388
748,747,1495,0.1388
755,748,1503,0.1388
763,748,1511,0.1388
761,748,1509,0.1388
749,755,1504,0.1388
743,762,1505,0.1388
749,762,1511,0.1388
745,759,1504,0.1388
755,755,1510,0.1388
754,747,1501,0.1388
750,757,1507,0.1388
748,754,1502,0.1388
750,751,1501,0.1388
752,753,1505,0.1388
741,748,1489,0.1388
738,754,1492,0.1388
731,752,1483,0.1388
739,760,1499,0.1388
737,762,1499,0.1388
740,769,1509,0.1388
742,777,1519,0.1388
742,776,1518,0.1388
739,781,1520,0.1388
730,769,1499,0.1388
730,777,1507,0.1388
742,781,1523,0.1388
730,783,1513,0.1388
732,783,1515,0.1388
729,778,1507,0.1388
728,782,1510,0.1388
724,782,1506,0.1388
721,786,1507,0.1388
719,791,1510,0.1388
724,782,1506,0.1388
727,785,1512,0.1388
727,785,1512,0.1388
719,788,1507,0.1388
715,789,1504,0.1388
719,794,1513,0.1388
715,783,1498,0.1388
716,793,1509,0.1388
713,789,1502,0.1388
693,792,1485,0.1388
693,805,1498,0.1388
700,799,1499,0.1388
703,801,1504,0.1388
702,801,1503,0.1388
704,801,1505,0.1388
706,808,1514,0.1388
704,805,1509,0.1388
713,806,1519,0.1388
706,806,1512,0.1388
700,810,1510,0.1388
709,812,1521,0.1388
706,802,1508,0.1388
699,802,1501,0.1388
696,797,1493,0.1388
704,802,1506,0.1388
704,799,1503,0.1388
700,806,1506,0.1388
697,813,1510,0.1388
695,806,1501,0.1388
701,803,1504,0.1388
689,810,1499,0.1388
695,801,1496,0.1388
687,810,1497,0.1388
678,814,1492,0.1388
683,812,1495,0.1388
667,815,1482,0.1388
683,815,1498,0.1388
693,814,1507,0.1388
697,812,1509,0.1388
695,818,1513,0.1388
696,812,1508,0.1388
693,811,1504,0.1388
690,802,1492,0.1388
692,797,1489,0.1388
682,800,1482,0.1388
686,806,1492,0.1388
681,807,1488,0.1388
684,807,1491,0.1388
678,806,1484,0.1388
674,811,1485,0.1388
674,810,1484,0.1388
675,805,1480,0.1388
682,797,1479,0.1388
684,791,1475,0.1388
683,810,1493,0.1388
682,817,1499,0.1388
692,820,1512,0.1388
689,821,1510,0.1388
679,816,1495,0.1388
679,820,1499,0.1388
677,816,1493,0.1388
666,824,1490,0.1388
661,813,1474,0.1388
662,824,1486,0.1388
675,831,1506,0.1388
681,824,1505,0.1388
675,833,1508,0.1388
670,821,1491,0.1388
667,827,1494,0.1388
674,827,1501,0.1388
677,837,1514,0.1388
668,835,1503,0.1388
668,842,1510,0.1388
671,847,1518,0.1388
670,849,1519,0.1388
668,852,1520,0.1388
670,853,1523,0.1388
673,855,1528,0.1388
673,837,1510,0.1388
672,842,1514,0.1388
669,849,1518,0.1388
664,843,1507,0.1388
657,843,1500,0.1388
658,852,1510,0.1388
651,848,1499,0.1388
651,852,1503,0.1388
661,840,1501,0.1388
654,842,1496,0.1388
660,844,1504,0.1388
651,856,1507,0.1388
659,850,1509,0.1388
657,854,1511,0.1388
652,860,1512,0.1388
655,860,1515,0.1388
657,855,1512,0.1388
653,863,1516,0.1388
649,861,1510,0.1388
649,869,1518,0.1388
652,850,1502,0.1388
640,854,1494,0.1388
648,862,1510,0.1388
638,867,1505,0.1388
639,868,1507,0.1388
634,869,1503,0.1388
633,862,1495,0.1388
641,861,1502,0.1388
640,864,1504,0.1388
633,868,1501,0.1388
636,861,1497,0.1388
636,871,1507,0.1388
644,873,1517,0.1388
639,881,1520,0.1388
624,883,1507,0.1388
634,879,1513,0.1388
631,874,1505,0.1388
635,874,1509,0.1388
636,873,1509,0.1388
630,881,1511,0.1388
623,876,1499,0.1388
620,878,1498,0.1388
612,880,1492,0.1388
610,873,1483,0.1388
614,883,1497,0.1388
609,894,1503,0.1388
611,896,1507,0.1388
618,896,1514,0.1388
617,905,1522,0.1388
623,890,1513,0.1388
620,892,1512,0.1388
620,879,1499,0.1388
620,875,1495,0.1388
614,871,1485,0.1388
624,875,1499,0.1388
629,886,1515,0.1388
631,887,1518,0.1388
630,889,1519,0.1388
614,889,1503,0.1388
623,895,1518,0.1388
626,885,1511,0.1388
619,887,1506,0.1388
612,893,1505,0.1388
616,907,1523,0.1388
613,901,1514,0.1388
604,901,1505,0.1388
610,897,1507,0.1388
609,897,1506,0.1388
608,903,1511,0.1388
601,901,1502,0.1388
601,899,1500,0.1388
602,894,1496,0.1388
603,886,1489,0.1388
606,891,1497,0.1388
602,901,1503,0.1388
606,905,1511,0.1388
594,902,1496,0.1388
601,907,1508,0.1388
597,910,1507,0.1388
593,916,1509,0.1388
591,915,1506,0.1388
585,918,1503,0.1388
589,923,1512,0.1388
592,930,1522,0.1388
602,924,1526,0.1388
591,931,1522,0.1388
595,923,1518,0.1388
592,924,1516,0.1388
599,917,1516,0.1388
591,925,1516,0.1388
590,918,1508,0.1388
594,916,1510,0.1388
599,927,1526,0.1388
599,928,1527,0.1388
597,930,1527,0.1388
584,934,1518,0.1388
580,935,1515,0.1388
583,931,1514,0.1388
582,923,1505,0.1388
574,931,1505,0.1388
569,926,1495,0.1388
559,938,1497,0.1388
566,937,1503,0.1388
567,937,1504,0.1388
572,947,1519,0.1388
564,941,1505,0.1388
565,926,1491,0.1388
568,928,1496,0.1388
563,928,1491,0.1388
565,939,1504,0.1388
563,939,1502,0.1388
554,945,1499,0.1388
561,962,1523,0.1388
552,967,1519,0.1388
551,968,1519,0.1388
545,972,1517,0.1388
540,963,1503,0.1388
540,960,1500,0.1388
540,970,1510,0.1388
546,968,1514,0.1388
540,971,1511,0.1388
541,980,1521,0.1388
536,982,1518,0.1388
532,976,1508,0.1388
525,970,1495,0.1388
522,975,1497,0.1388
529,969,1498,0.1388
534,973,1507,0.1388
534,960,1494,0.1388
532,963,1495,0.1388
527,969,1496,0.1388
532,971,1503,0.1388
524,974,1498,0.1388
529,975,1504,0.1388
536,985,1521,0.1388
523,989,1512,0.1388
513,984,1497,0.1388
513,972,1485,0.1388
519,973,1492,0.1388
519,984,1503,0.1388
524,984,1508,0.1388
533,981,1514,0.1388
536,982,1518,0.1388
533,975,1508,0.1388
532,973,1505,0.1388
527,971,1498,0.1388
532,976,1508,0.1388
533,972,1505,0.1388
528,979,1507,0.1388
524,996,1520,0.1388
522,992,1514,0.1388
516,983,1499,0.1388
521,984,1505,0.1388
523,997,1520,0.1388
529,990,1519,0.1388
538,985,1523,0.1388
540,987,1527,0.1388
536,988,1524,0.1388
534,994,1528,0.1388
521,996,1517,0.1388
523,991,1514,0.1388
516,980,1496,0.1388
516,986,1502,0.1388
521,984,1505,0.1388
528,983,1511,0.1388
532,976,1508,0.1388
536,974,1510,0.1388
538,988,1526,0.1388
533,989,1522,0.1388
528,985,1513,0.1388
523,988,1511,0.1388
519,991,1510,0.1388
523,986,1509,0.1388
520,979,1499,0.1388
525,988,1513,0.1388
530,1000,1530,0.1388
522,1001,1523,0.1388
516,996,1512,0.1388
508,998,1506,0.1388
507,995,1502,0.1388
506,995,1501,0.1388
502,1003,1505,0.1388
498,1004,1502,0.1388
500,997,1497,0.1388
507,1000,1507,0.1388
505,1011,1516,0.1388
505,1011,1516,0.1388
510,1010,1520,0.1388
505,1002,1507,0.1388
501,1001,1502,0.1388
494,1006,1500,0.1388
500,1013,1513,0.1388
498,1025,1523,0.1388
494,1030,1524,0.1388
490,1024,1514,0.1388
488,1015,1503,0.1388
494,1025,1519,0.1388
486,1028,1514,0.1388
478,1027,1505,0.1388
477,1027,1504,0.1388
471,1018,1489,0.1388
481,1016,1497,0.1388
487,1024,1511,0.1388
489,1024,1513,0.1388
483,1011,1494,0.1388
481,1018,1499,0.1388
488,1014,1502,0.1388
487,1012,1499,0.1388
480,1004,1484,0.1388
476,1014,1490,0.1388
472,1024,1496,0.1388
474,1029,1503,0.1388
479,1024,1503,0.1388
480,1041,1521,0.1388
480,1041,1521,0.1388
476,1039,1515,0.1388
471,1047,1518,0.1388
469,1036,1505,0.1388
471,1027,1498,0.1388
470,1038,1508,0.1388
460,1051,1511,0.1388
458,1053,1511,0.1388
463,1060,1523,0.1388
469,1055,1524,0.1388
468,1049,1517,0.1388
466,1053,1519,0.1388
460,1058,1518,0.1388
456,1059,1515,0.1388
455,1059,1514,0.1388
448,1064,1512,0.1388
448,1078,1526,0.1388
446,1069,1515,0.1388
447,1067,1514,0.1388
446,1068,1514,0.1388
442,1057,1499,0.1388
439,1049,1488,0.1388
438,1065,1503,0.1388
437,1067,1504,0.1388
436,1068,1504,0.1388
439,1071,1510,0.1388
427,1070,1497,0.1388
425,1086,1511,0.1388
431,1078,1509,0.1388
431,1071,1502,0.1388
434,1073,1507,0.1388
432,1071,1503,0.1388
441,1076,1517,0.1388
441,1067,1508,0.1388
435,1077,1512,0.1388
432,1075,1507,0.1388
433,1059,1492,0.1388
436,1062,1498,0.1388
436,1069,1505,0.1388
433,1074,1507,0.1388
427,1067,1494,0.1388
423,1068,1491,0.1388
420,1087,1507,0.1388
418,1085,1503,0.1388
419,1084,1503,0.1388
418,1079,1497,0.1388
421,1077,1498,0.1388
428,1085,1513,0.1388
428,1081,1509,0.1388
425,1092,1517,0.1388
424,1084,1508,0.1388
427,1077,1504,0.1388
423,1084,1507,0.1388
424,1083,1507,0.1388
423,1097,1520,0.1388
423,1092,1515,0.1388
419,1089,1508,0.1388
422,1089,1511,0.1388
419,1086,1505,0.1388
417,1082,1499,0.1388
421,1086,1507,0.1388
415,1069,1484,0.1388
426,1076,1502,0.1388
420,1077,1497,0.1388
421,1083,1504,0.1388
419,1089,1508,0.1388
422,1091,1513,0.1388
418,1086,1504,0.1388
418,1091,1509,0.1388
413,1084,1497,0.1388
412,1100,1512,0.1388
419,1086,1505,0.1388
418,1082,1500,0.1388
417,1085,1502,0.1388
424,1084,1508,0.1388
415,1076,1491,0.1388
415,1088,1503,0.1388
410,1084,1494,0.1388
419,1080,1499,0.1388
421,1089,1510,0.1388
421,1086,1507,0.1388
423,1091,1514,0.1388
420,1093,1513,0.1388
413,1097,1510,0.1388
414,1100,1514,0.1388
418,1096,1514,0.1388
413,1091,1504,0.1388
411,1093,1504,0.1388
413,1090,1503,0.1388
411,1088,1499,0.1388
402,1097,1499,0.1388
405,1099,1504,0.1388
400,1095,1495,0.1388
395,1113,1508,0.1388
391,1112,1503,0.1388
394,1117,1511,0.1388
394,1112,1506,0.1388
398,1113,1511,0.1388
392,1124,1516,0.1388
404,1129,1533,0.1388
403,1116,1519,0.1388
394,1125,1519,0.1388
392,1124,1516,0.1388
396,1139,1535,0.1388
387,1129,1516,0.1388
392,1121,1513,0.1388
389,1128,1517,0.1388
390,1124,1514,0.1388
396,1101,1497,0.1388
396,1097,1493,0.1388
403,1090,1493,0.1388
409,1093,1502,0.1388
412,1085,1497,0.1388
416,1078,1494,0.1388
415,1088,1503,0.1388
418,1092,1510,0.1388
413,1096,1509,0.1388
410,1096,1506,0.1388
413,1096,1509,0.1388
414,1099,1513,0.1388
419,1091,1510,0.1388
418,1088,1506,0.1388
419,1110,1529,0.1388
417,1100,1517,0.1388
419,1100,1519,0.1388
410,1102,1512,0.1388
405,1100,1505,0.1388
405,1109,1514,0.1388
408,1107,1515,0.1388
407,1104,1511,0.1388
410,1108,1518,0.1388
406,1106,1512,0.1388
400,1107,1507,0.1388
402,1117,1519,0.1388
402,1115,1517,0.1388
401,1110,1511,0.1388
398,1108,1506,0.1388
397,1105,1502,0.1388
402,1096,1498,0.1388
403,1100,1503,0.1388
408,1103,1511,0.1388
405,1111,1516,0.1388
397,1110,1507,0.1388
402,1111,1513,0.1388
402,1108,1510,0.1388
398,1107,1505,0.1388
397,1098,1495,0.1388
391,1100,1491,0.1388
392,1107,1499,0.1388
381,1114,1495,0.1388
383,1134,1517,0.1388
385,1117,1502,0.1388
389,1121,1510,0.1388
378,1117,1495,0.1388
384,1129,1513,0.1388
391,1125,1516,0.1388
388,1121,1509,0.1388
389,1113,1502,0.1388
394,1120,1514,0.1388
392,1119,1511,0.1388
391,1132,1523,0.1388
396,1130,1526,0.1388
396,1131,1527,0.1388
395,1113,1508,0.1388
393,1116,1509,0.1388
396,1110,1506,0.1388
385,1117,1502,0.1388
389,1119,1508,0.1388
378,1127,1505,0.1388
385,1135,1520,0.1388
391,1130,1521,0.1388
390,1135,1525,0.1388
382,1130,1512,0.1388
377,1131,1508,0.1388
375,1126,1501,0.1388
376,1111,1487,0.1388
378,1119,1497,0.1388
374,1128,1502,0.1388
370,1127,1497,0.1388
377,1133,1510,0.1388
379,1129,1508,0.1388
373,1119,1492,0.1388
375,1126,1501,0.1388
370,1141,1511,0.1388
377,1135,1512,0.1388
373,1144,1517,0.1388
371,1141,1512,0.1388
367,1132,1499,0.1388
362,1137,1499,0.1388
360,1137,1497,0.1388
364,1138,1502,0.1388
375,1147,1522,0.1388
373,1145,1518,0.1388
375,1136,1511,0.1388
376,1125,1501,0.1388
370,1139,1509,0.1388
371,1145,1516,0.1388
370,1142,1512,0.1388
360,1145,1505,0.1388
354,1149,1503,0.1388
353,1146,1499,0.1388
361,1158,1519,0.1388
351,1153,1504,0.1388
353,1153,1506,0.1388
355,1158,1513,0.1388
363,1152,1515,0.1388
357,1154,1511,0.1388
355,1147,1502,0.1388
360,1143,1503,0.1388
353,1154,1507,0.1388
354,1160,1514,0.1388
353,1164,1517,0.1388
355,1156,1511,0.1388
354,1162,1516,0.1388
365,1154,1519,0.1388
355,1167,1522,0.1388
353,1161,1514,0.1388
348,1167,1515,0.1388
341,1163,1504,0.1388
338,1159,1497,0.1388
340,1160,1500,0.1388
338,1164,1502,0.1388
332,1166,1498,0.1388
340,1171,1511,0.1388
344,1177,1521,0.1388
345,1161,1506,0.1388
341,1160,1501,0.1388
336,1168,1504,0.1388
339,1178,1517,0.1388
337,1174,1511,0.1388
341,1172,1513,0.1388
341,1157,1498,0.1388
337,1163,1500,0.1388
338,1162,1500,0.1388
338,1165,1503,0.1388
329,1167,1496,0.1388
334,1174,1508,0.1388
343,1170,1513,0.1388
337,1168,1505,0.1388
334,1184,1518,0.1388
336,1185,1521,0.1388
332,1172,1504,0.1388
334,1179,1513,0.1388
334,1171,1505,0.1388
331,1183,1514,0.1388
332,1181,1513,0.1388
336,1167,1503,0.1388
332,1173,1505,0.1388
333,1177,1510,0.1388
332,1172,1504,0.1388
337,1179,1516,0.1388
341,1187,1528,0.1388
341,1184,1525,0.1388
340,1175,1515,0.1388
337,1172,1509,0.1388
337,1184,1521,0.1388
334,1175,1509,0.1388
331,1184,1515,0.1388
334,1173,1507,0.1388
336,1184,1520,0.1388
339,1184,1523,0.1388
335,1183,1518,0.1388
333,1188,1521,0.1388
330,1186,1516,0.1388
335,1178,1513,0.1388
337,1188,1525,0.1388
335,1186,1521,0.1388
332,1182,1514,0.1388
330,1194,1524,0.1388
327,1199,1526,0.1388
323,1181,1504,0.1388
321,1182,1503,0.1388
317,1177,1494,0.1388
316,1181,1497,0.1388
324,1179,1503,0.1388
331,1189,1520,0.1388
331,1182,1513,0.1388
329,1181,1510,0.1388
333,1182,1515,0.1388
324,1179,1503,0.1388
331,1178,1509,0.1388
330,1180,1510,0.1388
335,1192,1527,0.1388
335,1186,1521,0.1388
331,1186,1517,0.1388
334,1192,1526,0.1388
331,1190,1521,0.1388
323,1200,1523,0.1388
327,1188,1515,0.1388
331,1189,1520,0.1388
325,1187,1512,0.1388
323,1194,1517,0.1388
327,1183,1510,0.1388
328,1192,1520,0.1388
326,1194,1520,0.1388
328,1197,1525,0.1388
327,1181,1508,0.1388
328,1182,1510,0.1388
325,1186,1511,0.1388
324,1179,1503,0.1388
326,1177,1503,0.1388
326,1179,1505,0.1388
325,1188,1513,0.1388
330,1187,1517,0.1388
333,1189,1522,0.1388
330,1182,1512,0.1388
323,1187,1510,0.1388
324,1194,1518,0.1388
325,1191,1516,0.1388
315,1187,1502,0.1388
320,1181,1501,0.1388
318,1185,1503,0.1388
315,1187,1502,0.1388
312,1190,1502,0.1388
313,1186,1499,0.1388
316,1196,1512,0.1388
314,1202,1516,0.1388
310,1197,1507,0.1388
304,1193,1497,0.1388
310,1191,1501,0.1388
313,1190,1503,0.1388
322,1205,1527,0.1388
319,1208,1527,0.1388
318,1209,1527,0.1388
318,1204,1522,0.1388
315,1202,1517,0.1388
325,1207,1532,0.1388
319,1191,1510,0.1388
322,1208,1530,0.1388
321,1206,1527,0.1388
316,1207,1523,0.1388
318,1199,1517,0.1388
316,1201,1517,0.1388
320,1192,1512,0.1388
319,1206,1525,0.1388
319,1207,1526,0.1388
317,1203,1520,0.1388
316,1205,1521,0.1388
316,1216,1532,0.1388
319,1211,1530,0.1388
318,1209,1527,0.1388
316,1197,1513,0.1388
311,1194,1505,0.1388
315,1197,1512,0.1388
312,1193,1505,0.1388
312,1197,1509,0.1388
306,1201,1507,0.1388
303,1208,1511,0.1388
306,1199,1505,0.1388
310,1204,1514,0.1388
314,1191,1505,0.1388
307,1209,1516,0.1388
305,1201,1506,0.1388
308,1197,1505,0.1388
309,1191,1500,0.1388
311,1201,1512,0.1388
305,1214,1519,0.1388
302,1212,1514,0.1388
306,1220,1526,0.1388
313,1207,1520,0.1388
311,1211,1522,0.1388
307,1202,1509,0.1388
301,1205,1506,0.1388
301,1210,1511,0.1388
307,1212,1519,0.1388
302,1224,1526,0.1388
302,1225,1527,0.1388
302,1220,1522,0.1388
297,1215,1512,0.1388
296,1203,1499,0.1388
295,1206,1501,0.1388
295,1218,1513,0.1388
298,1219,1517,0.1388
298,1208,1506,0.1388
301,1206,1507,0.1388
294,1209,1503,0.1388
300,1217,1517,0.1388
299,1216,1515,0.1388
300,1198,1498,0.1388
290,1203,1493,0.1388
294,1200,1494,0.1388
299,1209,1508,0.1388
296,1212,1508,0.1388
295,1199,1494,0.1388
294,1201,1495,0.1388
292,1213,1505,0.1388
297,1213,1510,0.1388
289,1215,1504,0.1388
291,1215,1506,0.1388
289,1210,1499,0.1388
284,1213,1497,0.1388
285,1228,1513,0.1388
286,1234,1520,0.1388
285,1226,1511,0.1388
284,1232,1516,0.1388
284,1226,1510,0.1388
288,1217,1505,0.1388
285,1242,1527,0.1388
286,1240,1526,0.1388
282,1238,1520,0.1388
272,1238,1510,0.1388
268,1239,1507,0.1388
273,1238,1511,0.1388
272,1245,1517,0.1388
273,1248,1521,0.1388
278,1242,1520,0.1388
280,1250,1530,0.1388
286,1248,1534,0.1388
287,1245,1532,0.1388
283,1236,1519,0.1388
283,1229,1512,0.1388
278,1232,1510,0.1388
277,1232,1509,0.1388
276,1231,1507,0.1388
275,1235,1510,0.1388
273,1239,1512,0.1388
270,1247,1517,0.1388
270,1234,1504,0.1388
263,1241,1504,0.1388
263,1235,1498,0.1388
266,1240,1506,0.1388
265,1247,1512,0.1388
270,1236,1506,0.1388
271,1240,1511,0.1388
268,1243,1511,0.1388
270,1251,1521,0.1388
268,1234,1502,0.1388
265,1226,1491,0.1388
261,1226,1487,0.1388
260,1228,1488,0.1388
264,1241,1505,0.1388
267,1242,1509,0.1388
266,1237,1503,0.1388
259,1238,1497,0.1388
263,1240,1503,0.1388
263,1252,1515,0.1388
259,1242,1501,0.1388
255,1256,1511,0.1388
247,1239,1486,0.1388
246,1248,1494,0.1388
250,1271,1521,0.1388
247,1271,1518,0.1388
247,1268,1515,0.1388
246,1258,1504,0.1388
240,1256,1496,0.1388
245,1248,1493,0.1388
249,1257,1506,0.1388
246,1259,1505,0.1388
253,1262,1515,0.1388
254,1255,1509,0.1388
254,1250,1504,0.1388
251,1258,1509,0.1388
255,1260,1515,0.1388
257,1258,1515,0.1388
250,1267,1517,0.1388
245,1261,1506,0.1388
241,1252,1493,0.1388
249,1243,1492,0.1388
253,1252,1505,0.1388
253,1254,1507,0.1388
252,1277,1529,0.1388
250,1270,1520,0.1388
254,1257,1511,0.1388
252,1270,1522,0.1388
253,1276,1529,0.1388
248,1259,1507,0.1388
249,1269,1518,0.1388
247,1261,1508,0.1388
249,1265,1514,0.1388
250,1259,1509,0.1388
249,1269,1518,0.1388
246,1269,1515,0.1388
249,1264,1513,0.1388
250,1268,1518,0.1388
243,1264,1507,0.1388
237,1273,1510,0.1388
236,1271,1507,0.1388
237,1268,1505,0.1388
235,1266,1501,0.1388
235,1271,1506,0.1388
232,1279,1511,0.1388
225,1288,1513,0.1388
227,1280,1507,0.1388
229,1278,1507,0.1388
227,1276,1503,0.1388
230,1273,1503,0.1388
226,1284,1510,0.1388
227,1285,1512,0.1388
229,1282,1511,0.1388
226,1288,1514,0.1388
225,1288,1513,0.1388
222,1282,1504,0.1388
223,1294,1517,0.1388
222,1283,1505,0.1388
224,1297,1521,0.1388
220,1294,1514,0.1388
226,1290,1516,0.1388
229,1285,1514,0.1388
226,1287,1513,0.1388
229,1284,1513,0.1388
229,1286,1515,0.1388
223,1289,1512,0.1388
226,1285,1511,0.1388
226,1290,1516,0.1388
223,1288,1511,0.1388
221,1290,1511,0.1388
222,1288,1510,0.1388
223,1290,1513,0.1388
225,1304,1529,0.1388
222,1300,1522,0.1388
226,1291,1517,0.1388
221,1297,1518,0.1388
216,1291,1507,0.1388
215,1285,1500,0.1388
217,1281,1498,0.1388
215,1294,1509,0.1388
219,1294,1513,0.1388
223,1291,1514,0.1388
221,1289,1510,0.1388
226,1298,1524,0.1388
227,1284,1511,0.1388
227,1282,1509,0.1388
220,1278,1498,0.1388
219,1277,1496,0.1388
213,1292,1505,0.1388
218,1296,1514,0.1388
225,1289,1514,0.1388
225,1282,1507,0.1388
225,1282,1507,0.1388
222,1277,1499,0.1388
223,1285,1508,0.1388
225,1291,1516,0.1388
223,1289,1512,0.1388
219,1284,1503,0.1388
218,1288,1506,0.1388
220,1290,1510,0.1388
222,1278,1500,0.1388
217,1271,1488,0.1388
218,1284,1502,0.1388
216,1298,1514,0.1388
214,1297,1511,0.1388
214,1296,1510,0.1388
213,1311,1524,0.1388
210,1311,1521,0.1388
204,1304,1508,0.1388
209,1317,1526,0.1388
207,1314,1521,0.1388
207,1312,1519,0.1388
205,1312,1517,0.1388
199,1320,1519,0.1388
201,1309,1510,0.1388
204,1328,1532,0.1388
204,1312,1516,0.1388
202,1310,1512,0.1388
202,1315,1517,0.1388
197,1323,1520,0.1388
201,1315,1516,0.1388
205,1317,1522,0.1388
203,1311,1514,0.1388
203,1308,1511,0.1388
205,1319,1524,0.1388
205,1318,1523,0.1388
206,1316,1522,0.1388
205,1310,1515,0.1388
207,1300,1507,0.1388
204,1302,1506,0.1388
202,1306,1508,0.1388
203,1308,1511,0.1388
205,1311,1516,0.1388
201,1309,1510,0.1388
203,1304,1507,0.1388
205,1305,1510,0.1388
205,1301,1506,0.1388
204,1315,1519,0.1388
201,1313,1514,0.1388
195,1320,1515,0.1388
195,1310,1505,0.1388
191,1317,1508,0.1388
191,1326,1517,0.1388
192,1326,1518,0.1388
196,1327,1523,0.1388
195,1320,1515,0.1388
194,1317,1511,0.1388
194,1314,1508,0.1388
194,1321,1515,0.1388
193,1327,1520,0.1388
195,1325,1520,0.1388
190,1320,1510,0.1388
193,1325,1518,0.1388
195,1323,1518,0.1388
199,1323,1522,0.1388
197,1319,1516,0.1388
194,1319,1513,0.1388
189,1323,1512,0.1388
193,1331,1524,0.1388
197,1337,1534,0.1388
197,1334,1531,0.1388
199,1311,1510,0.1388
196,1316,1512,0.1388
199,1316,1515,0.1388
198,1315,1513,0.1388
201,1319,1520,0.1388
200,1308,1508,0.1388
202,1306,1508,0.1388
200,1309,1509,0.1388
197,1302,1499,0.1388
196,1300,1496,0.1388
202,1307,1509,0.1388
203,1301,1504,0.1388
195,1302,1497,0.1388
192,1310,1502,0.1388
196,1325,1521,0.1388
190,1327,1517,0.1388
192,1322,1514,0.1388
194,1318,1512,0.1388
195,1332,1527,0.1388
193,1329,1522,0.1388
196,1343,1539,0.1388
192,1334,1526,0.1388
188,1330,1518,0.1388
187,1331,1518,0.1388
185,1328,1513,0.1388
185,1324,1509,0.1388
183,1322,1505,0.1388
186,1333,1519,0.1388
186,1334,1520,0.1388
183,1327,1510,0.1388
186,1336,1522,0.1388
184,1344,1528,0.1388
184,1347,1531,0.1388
185,1348,1533,0.1388
183,1350,1533,0.1388
185,1347,1532,0.1388
185,1344,1529,0.1388
184,1334,1518,0.1388
184,1332,1516,0.1388
179,1344,1523,0.1388
179,1347,1526,0.1388
180,1354,1534,0.1388
184,1346,1530,0.1388
187,1338,1525,0.1388
186,1344,1530,0.1388
184,1344,1528,0.1388
181,1341,1522,0.1388
179,1343,1522,0.1388
183,1343,1526,0.1388
180,1331,1511,0.1388
179,1337,1516,0.1388
176,1337,1513,0.1388
175,1334,1509,0.1388
174,1327,1501,0.1388
175,1324,1499,0.1388
175,1328,1503,0.1388
177,1323,1500,0.1388
172,1329,1501,0.1388
175,1335,1510,0.1388
173,1347,1520,0.1388
176,1340,1516,0.1388
177,1349,1526,0.1388
179,1333,1512,0.1388
179,1329,1508,0.1388
180,1333,1513,0.1388
184,1338,1522,0.1388
179,1349,1528,0.1388
181,1346,1527,0.1388
177,1351,1528,0.1388
177,1334,1511,0.1388
177,1331,1508,0.1388
182,1334,1516,0.1388
183,1335,1518,0.1388
188,1329,1517,0.1388
184,1329,1513,0.1388
182,1318,1500,0.1388
183,1336,1519,0.1388
184,1342,1526,0.1388
183,1345,1528,0.1388
183,1346,1529,0.1388
183,1339,1522,0.1388
179,1324,1503,0.1388
179,1330,1509,0.1388
182,1338,1520,0.1388
184,1338,1522,0.1388
186,1336,1522,0.1388
191,1331,1522,0.1388
193,1326,1519,0.1388
192,1331,1523,0.1388
190,1309,1499,0.1388
190,1329,1519,0.1388
187,1325,1512,0.1388
184,1336,1520,0.1388
185,1333,1518,0.1388
180,1330,1510,0.1388
180,1333,1513,0.1388
183,1322,1505,0.1388
182,1324,1506,0.1388
182,1318,1500,0.1388
180,1329,1509,0.1388
176,1315,1491,0.1388
180,1318,1498,0.1388
189,1322,1511,0.1388
187,1321,1508,0.1388
187,1324,1511,0.1388
182,1332,1514,0.1388
181,1326,1507,0.1388
177,1334,1511,0.1388
180,1329,1509,0.1388
184,1325,1509,0.1388
183,1329,1512,0.1388
184,1321,1505,0.1388
185,1324,1509,0.1388
183,1335,1518,0.1388
185,1341,1526,0.1388
183,1336,1519,0.1388
189,1342,1531,0.1388
189,1351,1540,0.1388
190,1338,1528,0.1388
192,1326,1518,0.1388
192,1321,1513,0.1388
194,1333,1527,0.1388
192,1327,1519,0.1388
194,1320,1514,0.1388
194,1326,1520,0.1388
194,1332,1526,0.1388
191,1332,1523,0.1388
195,1336,1531,0.1388
191,1335,1526,0.1388
188,1328,1516,0.1388
189,1322,1511,0.1388
192,1327,1519,0.1388
190,1320,1510,0.1388
188,1324,1512,0.1388
181,1330,1511,0.1388
184,1327,1511,0.1388
187,1325,1512,0.1388
183,1340,1523,0.1388
186,1328,1514,0.1388
190,1330,1520,0.1388
191,1323,1514,0.1388
192,1325,1517,0.1388
191,1325,1516,0.1388
187,1332,1519,0.1388
182,1340,1522,0.1388
184,1337,1521,0.1388
181,1342,1523,0.1388
176,1339,1515,0.1388
177,1322,1499,0.1388
184,1331,1515,0.1388
187,1336,1523,0.1388
191,1323,1514,0.1388
192,1330,1522,0.1388
190,1328,1518,0.1388
194,1321,1515,0.1388
187,1317,1504,0.1388
187,1325,1512,0.1388
184,1327,1511,0.1388
186,1332,1518,0.1388
189,1332,1521,0.1388
195,1322,1517,0.1388
192,1329,1521,0.1388
190,1337,1527,0.1388
191,1338,1529,0.1388
194,1340,1534,0.1388
191,1329,1520,0.1388
191,1325,1516,0.1388
191,1324,1515,0.1388
192,1319,1511,0.1388
191,1320,1511,0.1388
193,1307,1500,0.1388
194,1306,1500,0.1388
188,1305,1493,0.1388
187,1307,1494,0.1388
191,1312,1503,0.1388
191,1320,1511,0.1388
190,1331,1521,0.1388
190,1330,1520,0.1388
194,1334,1528,0.1388
196,1318,1514,0.1388
193,1322,1515,0.1388
194,1323,1517,0.1388
194,1336,1530,0.1388
196,1338,1534,0.1388
196,1332,1528,0.1388
198,1328,1526,0.1388
196,1328,1524,0.1388
193,1326,1519,0.1388
193,1332,1525,0.1388
193,1324,1517,0.1388
192,1331,1523,0.1388
191,1324,1515,0.1388
191,1330,1521,0.1388
193,1330,1523,0.1388
192,1327,1519,0.1388
191,1319,1510,0.1388
188,1313,1501,0.1388
184,1300,1484,0.1388
187,1308,1495,0.1388
188,1315,1503,0.1388
188,1319,1507,0.1388
191,1329,1520,0.1388
196,1330,1526,0.1388
192,1323,1515,0.1388
195,1314,1509,0.1388
193,1311,1504,0.1388
194,1326,1520,0.1388
193,1310,1503,0.1388
193,1311,1504,0.1388
192,1315,1507,0.1388
185,1320,1505,0.1388
186,1315,1501,0.1388
186,1320,1506,0.1388
186,1336,1522,0.1388
186,1322,1508,0.1388
181,1334,1515,0.1388
177,1340,1517,0.1388
179,1330,1509,0.1388
179,1324,1503,0.1388
178,1339,1517,0.1388
177,1329,1506,0.1388
182,1343,1525,0.1388
183,1323,1506,0.1388
180,1330,1510,0.1388
180,1324,1504,0.1388
183,1331,1514,0.1388
184,1317,1501,0.1388
182,1319,1501,0.1388
186,1321,1507,0.1388
186,1319,1505,0.1388
189,1324,1513,0.1388
189,1330,1519,0.1388
185,1335,1520,0.1388
185,1322,1507,0.1388
183,1328,1511,0.1388
186,1325,1511,0.1388
189,1329,1518,0.1388
183,1327,1510,0.1388
185,1338,1523,0.1388
185,1339,1524,0.1388
185,1337,1522,0.1388
179,1342,1521,0.1388
180,1344,1524,0.1388
178,1345,1523,0.1388
182,1338,1520,0.1388
178,1340,1518,0.1388
173,1338,1511,0.1388
170,1336,1506,0.1388
173,1333,1506,0.1388
176,1333,1509,0.1388
177,1345,1522,0.1388
181,1337,1518,0.1388
180,1336,1516,0.1388
178,1350,1528,0.1388
180,1339,1519,0.1388
178,1333,1511,0.1388
174,1332,1506,0.1388
173,1347,1520,0.1388
173,1340,1513,0.1388
175,1339,1514,0.1388
180,1334,1514,0.1388
180,1341,1521,0.1388
180,1332,1512,0.1388
178,1337,1515,0.1388
174,1344,1518,0.1388
176,1348,1524,0.1388
174,1347,1521,0.1388
172,1354,1526,0.1388
174,1353,1527,0.1388
173,1353,1526,0.1388
170,1357,1527,0.1388
170,1353,1523,0.1388
169,1354,1523,0.1388
172,1355,1527,0.1388
173,1349,1522,0.1388
172,1356,1528,0.1388
173,1357,1530,0.1388
170,1351,1521,0.1388
172,1351,1523,0.1388
170,1354,1524,0.1388
168,1349,1517,0.1388
173,1350,1523,0.1388
174,1347,1521,0.1388
172,1360,1532,0.1388
166,1356,1522,0.1388
161,1355,1516,0.1388
163,1343,1506,0.1388
161,1343,1504,0.1388
162,1338,1500,0.1388
164,1330,1494,0.1388
167,1339,1506,0.1388
172,1344,1516,0.1388
170,1347,1517,0.1388
168,1343,1511,0.1388
166,1346,1512,0.1388
167,1340,1507,0.1388
171,1343,1514,0.1388
167,1335,1502,0.1388
167,1326,1493,0.1388
167,1338,1505,0.1388
168,1347,1515,0.1388
166,1353,1519,0.1388
170,1362,1532,0.1388
169,1367,1536,0.1388
169,1358,1527,0.1388
167,1347,1514,0.1388
163,1341,1504,0.1388
163,1354,1517,0.1388
166,1346,1512,0.1388
167,1335,1502,0.1388
168,1340,1508,0.1388
165,1359,1524,0.1388
163,1352,1515,0.1388
166,1356,1522,0.1388
168,1357,1525,0.1388
167,1357,1524,0.1388
168,1350,1518,0.1388
170,1347,1517,0.1388
167,1355,1522,0.1388
167,1357,1524,0.1388
167,1350,1517,0.1388
167,1343,1510,0.1388
162,1333,1495,0.1388
158,1341,1499,0.1388
160,1351,1511,0.1388
160,1353,1513,0.1388
156,1345,1501,0.1388
158,1355,1513,0.1388
164,1351,1515,0.1388
165,1354,1519,0.1388
162,1355,1517,0.1388
158,1363,1521,0.1388
159,1360,1519,0.1388
158,1358,1516,0.1388
156,1351,1507,0.1388
155,1362,1517,0.1388
159,1358,1517,0.1388
158,1352,1510,0.1388
157,1359,1516,0.1388
157,1376,1533,0.1388
158,1368,1526,0.1388
160,1367,1527,0.1388
161,1362,1523,0.1388
160,1363,1523,0.1388
161,1361,1522,0.1388
159,1355,1514,0.1388
154,1348,1502,0.1388
144,1368,1512,0.1388
143,1357,1500,0.1388
142,1358,1500,0.1388
142,1354,1496,0.1388
146,1342,1488,0.1388
147,1365,1512,0.1388
153,1372,1525,0.1388
154,1374,1528,0.1388
154,1374,1528,0.1388
152,1367,1519,0.1388
151,1360,1511,0.1388
153,1354,1507,0.1388
151,1367,1518,0.1388
147,1362,1509,0.1388
150,1370,1520,0.1388
150,1363,1513,0.1388
153,1351,1504,0.1388
155,1369,1524,0.1388
149,1371,1520,0.1388
149,1369,1518,0.1388
150,1364,1514,0.1388
150,1364,1514,0.1388
154,1361,1515,0.1388
154,1357,1511,0.1388
157,1343,1500,0.1388
156,1345,1501,0.1388
157,1333,1490,0.1388
159,1331,1490,0.1388
156,1346,1502,0.1388
156,1353,1509,0.1388
153,1360,1513,0.1388
155,1361,1516,0.1388
158,1363,1521,0.1388
154,1358,1512,0.1388
156,1359,1515,0.1388
157,1365,1522,0.1388
154,1359,1513,0.1388
155,1362,1517,0.1388
156,1367,1523,0.1388
157,1360,1517,0.1388
158,1355,1513,0.1388
161,1353,1514,0.1388
159,1353,1512,0.1388
156,1355,1511,0.1388
159,1372,1531,0.1388
155,1363,1518,0.1388
153,1364,1517,0.1388
158,1357,1515,0.1388
160,1366,1526,0.1388
156,1348,1504,0.1388
158,1359,1517,0.1388
158,1355,1513,0.1388
155,1346,1501,0.1388
158,1345,1503,0.1388
160,1352,1512,0.1388
161,1355,1516,0.1388
160,1367,1527,0.1388
158,1363,1521,0.1388
152,1359,1511,0.1388
150,1355,1505,0.1388
155,1355,1510,0.1388
154,1359,1513,0.1388
154,1363,1517,0.1388
155,1366,1521,0.1388
156,1372,1528,0.1388
155,1360,1515,0.1388
156,1363,1519,0.1388
155,1360,1515,0.1388
159,1358,1517,0.1388
158,1372,1530,0.1388
158,1372,1530,0.1388
158,1372,1530,0.1388
154,1353,1507,0.1388
155,1358,1513,0.1388
150,1354,1504,0.1388
154,1346,1500,0.1388
152,1354,1506,0.1388
156,1355,1511,0.1388
156,1355,1511,0.1388
157,1349,1506,0.1388
154,1362,1516,0.1388
153,1377,1530,0.1388
159,1376,1535,0.1388
157,1360,1517,0.1388
156,1351,1507,0.1388
157,1355,1512,0.1388
154,1361,1515,0.1388
158,1367,1525,0.1388
157,1374,1531,0.1388
157,1374,1531,0.1388
159,1355,1514,0.1388
157,1353,1510,0.1388
156,1364,1520,0.1388
151,1372,1523,0.1388
153,1367,1520,0.1388
154,1358,1512,0.1388
153,1363,1516,0.1388
151,1366,1517,0.1388
150,1366,1516,0.1388
153,1367,1520,0.1388
152,1369,1521,0.1388
152,1371,1523,0.1388
150,1371,1521,0.1388
150,1365,1515,0.1388
152,1363,1515,0.1388
148,1355,1503,0.1388
150,1352,1502,0.1388
147,1357,1504,0.1388
148,1364,1512,0.1388
147,1378,1525,0.1388
148,1386,1534,0.1388
154,1372,1526,0.1388
150,1365,1515,0.1388
150,1353,1503,0.1388
151,1363,1514,0.1388
148,1351,1499,0.1388
150,1354,1504,0.1388
150,1351,1501,0.1388
151,1351,1502,0.1388
152,1356,1508,0.1388
153,1368,1521,0.1388
149,1381,1530,0.1388
153,1373,1526,0.1388
150,1376,1526,0.1388
152,1382,1534,0.1388
149,1373,1522,0.1388
145,1382,1527,0.1388
146,1379,1525,0.1388
152,1371,1523,0.1388
151,1366,1517,0.1388
154,1365,1519,0.1388
152,1359,1511,0.1388
152,1352,1504,0.1388
154,1370,1524,0.1388
148,1371,1519,0.1388
147,1369,1516,0.1388
149,1365,1514,0.1388
147,1369,1516,0.1388
145,1370,1515,0.1388
151,1366,1517,0.1388
154,1357,1511,0.1388
153,1363,1516,0.1388
152,1354,1506,0.1388
146,1367,1513,0.1388
147,1366,1513,0.1388
144,1378,1522,0.1388
146,1386,1532,0.1388
144,1380,1524,0.1388
144,1366,1510,0.1388
147,1359,1506,0.1388
146,1364,1510,0.1388
145,1368,1513,0.1388
147,1355,1502,0.1388
150,1358,1508,0.1388
150,1368,1518,0.1388
150,1353,1503,0.1388
151,1347,1498,0.1388
148,1359,1507,0.1388
145,1369,1514,0.1388
145,1376,1521,0.1388
143,1377,1520,0.1388
145,1364,1509,0.1388
145,1371,1516,0.1388
149,1375,1524,0.1388
150,1378,1528,0.1388
150,1365,1515,0.1388
152,1364,1516,0.1388
146,1361,1507,0.1388
142,1360,1502,0.1388
143,1379,1522,0.1388
147,1387,1534,0.1388
145,1388,1533,0.1388
144,1381,1525,0.1388
139,1380,1519,0.1388
139,1370,1509,0.1388
142,1379,1521,0.1388
139,1384,1523,0.1388
142,1376,1518,0.1388
140,1372,1512,0.1388
141,1371,1512,0.1388
139,1371,1510,0.1388
142,1372,1514,0.1388
141,1382,1523,0.1388
138,1382,1520,0.1388
139,1375,1514,0.1388
141,1379,1520,0.1388
142,1376,1518,0.1388
141,1379,1520,0.1388
141,1373,1514,0.1388
138,1379,1517,0.1388
138,1374,1512,0.1388
138,1373,1511,0.1388
140,1376,1516,0.1388
150,1373,1523,0.1388
153,1379,1532,0.1388
148,1378,1526,0.1388
149,1355,1504,0.1388
145,1358,1503,0.1388
144,1355,1499,0.1388
145,1362,1507,0.1388
146,1353,1499,0.1388
149,1362,1511,0.1388
149,1367,1516,0.1388
150,1364,1514,0.1388
150,1371,1521,0.1388
150,1365,1515,0.1388
149,1354,1503,0.1388
146,1369,1515,0.1388
150,1362,1512,0.1388
148,1367,1515,0.1388
150,1372,1522,0.1388
151,1370,1521,0.1388
148,1372,1520,0.1388
151,1368,1519,0.1388
151,1374,1525,0.1388
149,1366,1515,0.1388
149,1384,1533,0.1388
150,1365,1515,0.1388
147,1367,1514,0.1388
148,1364,1512,0.1388
150,1369,1519,0.1388
147,1376,1523,0.1388
147,1376,1523,0.1388
147,1365,1512,0.1388
150,1373,1523,0.1388
144,1374,1518,0.1388
147,1374,1521,0.1388
145,1371,1516,0.1388
148,1363,1511,0.1388
145,1359,1504,0.1388
139,1378,1517,0.1388
137,1373,1510,0.1388
140,1363,1503,0.1388
140,1365,1505,0.1388
138,1381,1519,0.1388
134,1392,1526,0.1388
135,1376,1511,0.1388
136,1379,1515,0.1388
136,1378,1514,0.1388
135,1376,1511,0.1388
133,1378,1511,0.1388
132,1380,1512,0.1388
133,1388,1521,0.1388
138,1372,1510,0.1388
139,1373,1512,0.1388
137,1364,1501,0.1388
135,1366,1501,0.1388
136,1372,1508,0.1388
138,1362,1500,0.1388
142,1376,1518,0.1388
143,1374,1517,0.1388
142,1377,1519,0.1388
135,1378,1513,0.1388
135,1381,1516,0.1388
134,1377,1511,0.1388
131,1387,1518,0.1388
133,1389,1522,0.1388
137,1390,1527,0.1388
136,1392,1528,0.1388
136,1396,1532,0.1388
134,1395,1529,0.1388
135,1389,1524,0.1388
137,1398,1535,0.1388
136,1397,1533,0.1388
141,1395,1536,0.1388
140,1399,1539,0.1388
135,1394,1529,0.1388
133,1392,1525,0.1388
131,1394,1525,0.1388
125,1395,1520,0.1388
121,1397,1518,0.1388
123,1400,1523,0.1388
125,1388,1513,0.1388
126,1392,1518,0.1388
123,1389,1512,0.1388
125,1397,1522,0.1388
127,1403,1530,0.1388
128,1391,1519,0.1388
127,1397,1524,0.1388
126,1392,1518,0.1388
125,1403,1528,0.1388
128,1392,1520,0.1388
128,1384,1512,0.1388
127,1391,1518,0.1388
126,1390,1516,0.1388
126,1390,1516,0.1388
126,1385,1511,0.1388
131,1392,1523,0.1388
131,1389,1520,0.1388
130,1386,1516,0.1388
127,1391,1518,0.1388
126,1390,1516,0.1388
127,1376,1503,0.1388
128,1388,1516,0.1388
131,1389,1520,0.1388
133,1389,1522,0.1388
131,1374,1505,0.1388
132,1369,1501,0.1388
130,1377,1507,0.1388
131,1373,1504,0.1388
129,1373,1502,0.1388
125,1388,1513,0.1388
128,1371,1499,0.1388
125,1373,1498,0.1388
124,1388,1512,0.1388
120,1391,1511,0.1388
118,1390,1508,0.1388
117,1402,1519,0.1388
116,1388,1504,0.1388
120,1386,1506,0.1388
119,1390,1509,0.1388
119,1385,1504,0.1388
120,1383,1503,0.1388
119,1403,1522,0.1388
120,1393,1513,0.1388
118,1398,1516,0.1388
117,1405,1522,0.1388
117,1392,1509,0.1388
117,1396,1513,0.1388
114,1384,1498,0.1388
115,1388,1503,0.1388
119,1398,1517,0.1388
121,1403,1524,0.1388
119,1405,1524,0.1388
116,1411,1527,0.1388
112,1420,1532,0.1388
112,1407,1519,0.1388
115,1399,1514,0.1388
118,1402,1520,0.1388
117,1407,1524,0.1388
117,1411,1528,0.1388
118,1398,1516,0.1388
118,1410,1528,0.1388
116,1410,1526,0.1388
110,1416,1526,0.1388
109,1410,1519,0.1388
113,1417,1530,0.1388
110,1417,1527,0.1388
109,1410,1519,0.1388
109,1416,1525,0.1388
104,1413,1517,0.1388
105,1403,1508,0.1388
106,1416,1522,0.1388
106,1412,1518,0.1388
109,1409,1518,0.1388
107,1417,1524,0.1388
107,1422,1529,0.1388
107,1403,1510,0.1388
109,1405,1514,0.1388
107,1401,1508,0.1388
105,1414,1519,0.1388
102,1418,1520,0.1388
102,1419,1521,0.1388
106,1413,1519,0.1388
105,1411,1516,0.1388
103,1412,1515,0.1388
104,1422,1526,0.1388
103,1416,1519,0.1388
103,1409,1512,0.1388
106,1406,1512,0.1388
106,1401,1507,0.1388
105,1406,1511,0.1388
104,1409,1513,0.1388
103,1399,1502,0.1388
108,1411,1519,0.1388
104,1409,1513,0.1388
104,1406,1510,0.1388
103,1412,1515,0.1388
103,1419,1522,0.1388
106,1425,1531,0.1388
105,1427,1532,0.1388
105,1422,1527,0.1388
107,1421,1528,0.1388
102,1423,1525,0.1388
103,1419,1522,0.1388
100,1409,1509,0.1388
101,1403,1504,0.1388
98,1410,1508,0.1388
96,1412,1508,0.1388
94,1412,1506,0.1388
97,1422,1519,0.1388
98,1423,1521,0.1388
99,1426,1525,0.1388
96,1418,1514,0.1388
95,1417,1512,0.1388
93,1417,1510,0.1388
93,1422,1515,0.1388
92,1423,1515,0.1388
94,1431,1525,0.1388
94,1434,1528,0.1388
94,1438,1532,0.1388
93,1438,1531,0.1388
90,1426,1516,0.1388
87,1438,1525,0.1388
91,1441,1532,0.1388
91,1439,1530,0.1388
91,1427,1518,0.1388
91,1438,1529,0.1388
88,1429,1517,0.1388
89,1423,1512,0.1388
88,1416,1504,0.1388
85,1415,1500,0.1388
85,1427,1512,0.1388
85,1424,1509,0.1388
84,1428,1512,0.1388
86,1421,1507,0.1388
84,1433,1517,0.1388
80,1433,1513,0.1388
78,1434,1512,0.1388
77,1430,1507,0.1388
82,1438,1520,0.1388
81,1432,1513,0.1388
81,1434,1515,0.1388
79,1425,1504,0.1388
77,1435,1512,0.1388
77,1438,1515,0.1388
75,1438,1513,0.1388
76,1434,1510,0.1388
74,1436,1510,0.1388
75,1443,1518,0.1388
75,1447,1522,0.1388
78,1438,1516,0.1388
73,1435,1508,0.1388
73,1447,1520,0.1388
73,1440,1513,0.1388
74,1440,1514,0.1388
74,1429,1503,0.1388
74,1432,1506,0.1388
70,1429,1499,0.1388
69,1443,1512,0.1388
69,1449,1518,0.1388
69,1451,1520,0.1388
71,1443,1514,0.1388
72,1446,1518,0.1388
71,1447,1518,0.1388
73,1445,1518,0.1388
74,1436,1510,0.1388
76,1436,1512,0.1388
75,1444,1519,0.1388
76,1438,1514,0.1388
78,1446,1524,0.1388
77,1446,1523,0.1388
79,1438,1517,0.1388
79,1439,1518,0.1388
76,1433,1509,0.1388
76,1430,1506,0.1388
77,1422,1499,0.1388
76,1435,1511,0.1388
79,1430,1509,0.1388
84,1431,1515,0.1388
80,1427,1507,0.1388
79,1426,1505,0.1388
78,1422,1500,0.1388
80,1429,1509,0.1388
79,1431,1510,0.1388
77,1444,1521,0.1388
74,1451,1525,0.1388
74,1444,1518,0.1388
77,1444,1521,0.1388
77,1442,1519,0.1388
75,1441,1516,0.1388
76,1449,1525,0.1388
78,1452,1530,0.1388
78,1444,1522,0.1388
78,1454,1532,0.1388
79,1438,1517,0.1388
80,1429,1509,0.1388
80,1449,1529,0.1388
80,1451,1531,0.1388
79,1447,1526,0.1388
79,1438,1517,0.1388
74,1440,1514,0.1388
74,1433,1507,0.1388
75,1451,1526,0.1388
73,1445,1518,0.1388
71,1458,1529,0.1388
70,1445,1515,0.1388
68,1450,1518,0.1388
66,1454,1520,0.1388
65,1464,1529,0.1388
66,1460,1526,0.1388
67,1452,1519,0.1388
65,1441,1506,0.1388
67,1451,1518,0.1388
67,1458,1525,0.1388
65,1440,1505,0.1388
63,1447,1510,0.1388
62,1453,1515,0.1388
62,1446,1508,0.1388
58,1445,1503,0.1388
59,1446,1505,0.1388
61,1453,1514,0.1388
60,1448,1508,0.1388
65,1445,1510,0.1388
63,1459,1522,0.1388
63,1454,1517,0.1388
62,1464,1526,0.1388
65,1455,1520,0.1388
64,1455,1519,0.1388
66,1448,1514,0.1388
68,1444,1512,0.1388
66,1441,1507,0.1388
65,1448,1513,0.1388
65,1457,1522,0.1388
65,1455,1520,0.1388
65,1440,1505,0.1388
66,1436,1502,0.1388
66,1423,1489,0.1388
71,1440,1511,0.1388
72,1446,1518,0.1388
69,1460,1529,0.1388
66,1462,1528,0.1388
65,1447,1512,0.1388
70,1450,1520,0.1388
70,1446,1516,0.1388
70,1448,1518,0.1388
71,1430,1501,0.1388
71,1434,1505,0.1388
70,1435,1505,0.1388
70,1457,1527,0.1388
70,1451,1521,0.1388
70,1462,1532,0.1388
68,1460,1528,0.1388
70,1459,1529,0.1388
70,1455,1525,0.1388
71,1446,1517,0.1388
70,1443,1513,0.1388
69,1442,1511,0.1388
70,1438,1508,0.1388
69,1439,1508,0.1388
70,1418,1488,0.1388
71,1421,1492,0.1388
72,1451,1523,0.1388
71,1459,1530,0.1388
73,1446,1519,0.1388
73,1447,1520,0.1388
71,1447,1518,0.1388
69,1461,1530,0.1388
70,1445,1515,0.1388
66,1444,1510,0.1388
67,1431,1498,0.1388
64,1434,1498,0.1388
67,1448,1515,0.1388
65,1439,1504,0.1388
66,1436,1502,0.1388
63,1429,1492,0.1388
64,1439,1503,0.1388
63,1450,1513,0.1388
65,1433,1498,0.1388
66,1442,1508,0.1388
66,1449,1515,0.1388
64,1456,1520,0.1388
63,1455,1518,0.1388
61,1451,1512,0.1388
60,1455,1515,0.1388
60,1451,1511,0.1388
59,1456,1515,0.1388
60,1460,1520,0.1388
60,1447,1507,0.1388
60,1454,1514,0.1388
62,1457,1519,0.1388
63,1448,1511,0.1388
63,1447,1510,0.1388
62,1452,1514,0.1388
58,1456,1514,0.1388
60,1447,1507,0.1388
61,1452,1513,0.1388
60,1458,1518,0.1388
65,1455,1520,0.1388
66,1453,1519,0.1388
64,1447,1511,0.1388
64,1466,1530,0.1388
64,1464,1528,0.1388
63,1478,1541,0.1388
63,1475,1538,0.1388
61,1472,1533,0.1388
66,1471,1537,0.1388
65,1461,1526,0.1388
65,1454,1519,0.1388
65,1461,1526,0.1388
67,1465,1532,0.1388
67,1465,1532,0.1388
64,1457,1521,0.1388
60,1458,1518,0.1388
61,1458,1519,0.1388
59,1450,1509,0.1388
60,1446,1506,0.1388
62,1442,1504,0.1388
62,1439,1501,0.1388
63,1445,1508,0.1388
68,1455,1523,0.1388
69,1436,1505,0.1388
69,1437,1506,0.1388
69,1437,1506,0.1388
69,1449,1518,0.1388
68,1436,1504,0.1388
68,1438,1506,0.1388
67,1446,1513,0.1388
68,1460,1528,0.1388
68,1453,1521,0.1388
69,1454,1523,0.1388
69,1453,1522,0.1388
69,1443,1512,0.1388
69,1455,1524,0.1388
67,1449,1516,0.1388
68,1456,1524,0.1388
65,1453,1518,0.1388
66,1459,1525,0.1388
66,1443,1509,0.1388
65,1451,1516,0.1388
66,1461,1527,0.1388
65,1453,1518,0.1388
66,1461,1527,0.1388
65,1462,1527,0.1388
65,1462,1527,0.1388
64,1454,1518,0.1388
66,1456,1522,0.1388
67,1454,1521,0.1388
70,1462,1532,0.1388
70,1456,1526,0.1388
70,1451,1521,0.1388
70,1444,1514,0.1388
69,1434,1503,0.1388
70,1434,1504,0.1388
67,1429,1496,0.1388
66,1436,1502,0.1388
67,1447,1514,0.1388
65,1435,1500,0.1388
64,1444,1508,0.1388
63,1454,1517,0.1388
66,1441,1507,0.1388
68,1434,1502,0.1388
70,1428,1498,0.1388
71,1433,1504,0.1388
72,1445,1517,0.1388
72,1431,1503,0.1388
70,1424,1494,0.1388
69,1437,1506,0.1388
67,1461,1528,0.1388
69,1455,1524,0.1388
68,1455,1523,0.1388
69,1449,1518,0.1388
66,1455,1521,0.1388
64,1451,1515,0.1388
66,1451,1517,0.1388
65,1443,1508,0.1388
65,1453,1518,0.1388
64,1467,1531,0.1388
64,1466,1530,0.1388
62,1468,1530,0.1388
63,1462,1525,0.1388
63,1455,1518,0.1388
66,1454,1520,0.1388
66,1455,1521,0.1388
66,1453,1519,0.1388
67,1452,1519,0.1388
67,1448,1515,0.1388
67,1439,1506,0.1388
69,1436,1505,0.1388
68,1441,1509,0.1388
69,1445,1514,0.1388
67,1443,1510,0.1388
64,1444,1508,0.1388
65,1444,1509,0.1388
64,1443,1507,0.1388
61,1446,1507,0.1388
66,1450,1516,0.1388
66,1458,1524,0.1388
64,1459,1523,0.1388
67,1457,1524,0.1388
62,1459,1521,0.1388
64,1452,1516,0.1388
65,1455,1520,0.1388
64,1456,1520,0.1388
64,1443,1507,0.1388
63,1453,1516,0.1388
60,1453,1513,0.1388
57,1461,1518,0.1388
59,1471,1530,0.1388
59,1467,1526,0.1388
61,1458,1519,0.1388
62,1460,1522,0.1388
60,1443,1503,0.1388
58,1450,1508,0.1388
57,1444,1501,0.1388
57,1441,1498,0.1388
64,1447,1511,0.1388
64,1450,1514,0.1388
65,1445,1510,0.1388
62,1448,1510,0.1388
60,1449,1509,0.1388
62,1447,1509,0.1388
58,1456,1514,0.1388
58,1455,1513,0.1388
59,1463,1522,0.1388
59,1473,1532,0.1388
58,1478,1536,0.1388
54,1466,1520,0.1388
56,1455,1511,0.1388
58,1456,1514,0.1388
59,1462,1521,0.1388
62,1458,1520,0.1388
61,1441,1502,0.1388
61,1450,1511,0.1388
62,1449,1511,0.1388
58,1460,1518,0.1388
62,1464,1526,0.1388
62,1455,1517,0.1388
61,1455,1516,0.1388
60,1459,1519,0.1388
58,1458,1516,0.1388
57,1453,1510,0.1388
58,1451,1509,0.1388
57,1458,1515,0.1388
58,1463,1521,0.1388
56,1464,1520,0.1388
56,1461,1517,0.1388
55,1454,1509,0.1388
55,1472,1527,0.1388
55,1464,1519,0.1388
57,1464,1521,0.1388
55,1462,1517,0.1388
56,1449,1505,0.1388
55,1448,1503,0.1388
55,1442,1497,0.1388
57,1451,1508,0.1388
55,1469,1524,0.1388
53,1473,1526,0.1388
54,1478,1532,0.1388
56,1476,1532,0.1388
55,1466,1521,0.1388
56,1458,1514,0.1388
58,1465,1523,0.1388
58,1469,1527,0.1388
60,1457,1517,0.1388
62,1458,1520,0.1388
60,1463,1523,0.1388
60,1460,1520,0.1388
59,1460,1519,0.1388
57,1458,1515,0.1388
54,1447,1501,0.1388
54,1458,1512,0.1388
54,1480,1534,0.1388
56,1476,1532,0.1388
57,1473,1530,0.1388
57,1470,1527,0.1388
54,1466,1520,0.1388
56,1452,1508,0.1388
54,1450,1504,0.1388
54,1451,1505,0.1388
58,1456,1514,0.1388
57,1457,1514,0.1388
59,1450,1509,0.1388
58,1445,1503,0.1388
58,1448,1506,0.1388
56,1451,1507,0.1388
58,1466,1524,0.1388
55,1462,1517,0.1388
59,1452,1511,0.1388
54,1460,1514,0.1388
54,1470,1524,0.1388
55,1461,1516,0.1388
50,1455,1505,0.1388
49,1447,1496,0.1388
52,1466,1518,0.1388
54,1475,1529,0.1388
56,1468,1524,0.1388
56,1470,1526,0.1388
56,1477,1533,0.1388
56,1467,1523,0.1388
54,1468,1522,0.1388
53,1470,1523,0.1388
53,1473,1526,0.1388
53,1466,1519,0.1388
53,1461,1514,0.1388
49,1456,1505,0.1388
51,1460,1511,0.1388
51,1462,1513,0.1388
50,1464,1514,0.1388
51,1457,1508,0.1388
50,1461,1511,0.1388
49,1463,1512,0.1388
47,1457,1504,0.1388
48,1469,1517,0.1388
49,1466,1515,0.1388
50,1471,1521,0.1388
51,1475,1526,0.1388
52,1467,1519,0.1388
53,1477,1530,0.1388
55,1466,1521,0.1388
57,1460,1517,0.1388
57,1465,1522,0.1388
58,1452,1510,0.1388
55,1450,1505,0.1388
57,1461,1518,0.1388
58,1457,1515,0.1388
59,1466,1525,0.1388
60,1452,1512,0.1388
57,1457,1514,0.1388
56,1469,1525,0.1388
55,1459,1514,0.1388
57,1463,1520,0.1388
57,1467,1524,0.1388
57,1459,1516,0.1388
57,1458,1515,0.1388
57,1466,1523,0.1388
56,1467,1523,0.1388
58,1461,1519,0.1388
58,1462,1520,0.1388
54,1467,1521,0.1388
51,1471,1522,0.1388
51,1456,1507,0.1388
54,1463,1517,0.1388
53,1456,1509,0.1388
54,1464,1518,0.1388
55,1469,1524,0.1388
54,1478,1532,0.1388
51,1471,1522,0.1388
49,1461,1510,0.1388
50,1454,1504,0.1388
51,1440,1491,0.1388
50,1454,1504,0.1388
49,1453,1502,0.1388
49,1468,1517,0.1388
49,1477,1526,0.1388
47,1459,1506,0.1388
46,1466,1512,0.1388
47,1476,1523,0.1388
49,1471,1520,0.1388
46,1474,1520,0.1388
46,1477,1523,0.1388
45,1473,1518,0.1388
47,1476,1523,0.1388
48,1472,1520,0.1388
47,1470,1517,0.1388
47,1481,1528,0.1388
46,1463,1509,0.1388
45,1455,1500,0.1388
47,1460,1507,0.1388
47,1458,1505,0.1388
46,1460,1506,0.1388
45,1455,1500,0.1388
45,1453,1498,0.1388
46,1467,1513,0.1388
47,1463,1510,0.1388
49,1465,1514,0.1388
48,1471,1519,0.1388
46,1472,1518,0.1388
42,1476,1518,0.1388
41,1490,1531,0.1388
40,1491,1531,0.1388
38,1481,1519,0.1388
40,1477,1517,0.1388
38,1490,1528,0.1388
42,1492,1534,0.1388
45,1494,1539,0.1388
44,1480,1524,0.1388
43,1481,1524,0.1388
42,1470,1512,0.1388
39,1481,1520,0.1388
39,1479,1518,0.1388
37,1480,1517,0.1388
37,1482,1519,0.1388
39,1477,1516,0.1388
37,1472,1509,0.1388
38,1476,1514,0.1388
37,1471,1508,0.1388
37,1471,1508,0.1388
36,1475,1511,0.1388
37,1476,1513,0.1388
36,1477,1513,0.1388
38,1486,1524,0.1388
39,1476,1515,0.1388
38,1484,1522,0.1388
36,1485,1521,0.1388
37,1493,1530,0.1388
37,1487,1524,0.1388
38,1488,1526,0.1388
41,1477,1518,0.1388
40,1468,1508,0.1388
42,1470,1512,0.1388
42,1474,1516,0.1388
40,1482,1522,0.1388
42,1479,1521,0.1388
43,1480,1523,0.1388
43,1477,1520,0.1388
43,1485,1528,0.1388
43,1477,1520,0.1388
43,1479,1522,0.1388
42,1472,1514,0.1388
41,1481,1522,0.1388
43,1490,1533,0.1388
43,1496,1539,0.1388
45,1487,1532,0.1388
44,1485,1529,0.1388
42,1497,1539,0.1388
42,1481,1523,0.1388
42,1470,1512,0.1388
42,1466,1508,0.1388
43,1482,1525,0.1388
43,1478,1521,0.1388
40,1472,1512,0.1388
41,1481,1522,0.1388
41,1481,1522,0.1388
41,1482,1523,0.1388
41,1468,1509,0.1388
41,1474,1515,0.1388
41,1473,1514,0.1388
43,1474,1517,0.1388
44,1470,1514,0.1388
44,1476,1520,0.1388
44,1459,1503,0.1388
43,1461,1504,0.1388
42,1478,1520,0.1388
44,1483,1527,0.1388
43,1470,1513,0.1388
42,1470,1512,0.1388
42,1474,1516,0.1388
41,1466,1507,0.1388
41,1477,1518,0.1388
43,1487,1530,0.1388
40,1481,1521,0.1388
43,1478,1521,0.1388
41,1472,1513,0.1388
39,1480,1519,0.1388
38,1485,1523,0.1388
40,1492,1532,0.1388
40,1470,1510,0.1388
42,1483,1525,0.1388
43,1479,1522,0.1388
42,1475,1517,0.1388
42,1477,1519,0.1388
43,1481,1524,0.1388
45,1478,1523,0.1388
45,1449,1494,0.1388
44,1454,1498,0.1388
44,1461,1505,0.1388
45,1484,1529,0.1388
44,1493,1537,0.1388
44,1483,1527,0.1388
46,1471,1517,0.1388
43,1475,1518,0.1388
47,1477,1524,0.1388
45,1461,1506,0.1388
45,1462,1507,0.1388
45,1454,1499,0.1388
46,1464,1510,0.1388
45,1466,1511,0.1388
46,1467,1513,0.1388
45,1468,1513,0.1388
45,1471,1516,0.1388
46,1474,1520,0.1388
45,1474,1519,0.1388
43,1483,1526,0.1388
40,1479,1519,0.1388
37,1460,1497,0.1388
43,1468,1511,0.1388
41,1471,1512,0.1388
44,1464,1508,0.1388
45,1456,1501,0.1388
45,1466,1511,0.1388
45,1472,1517,0.1388
43,1467,1510,0.1388
43,1473,1516,0.1388
43,1473,1516,0.1388
43,1477,1520,0.1388
41,1486,1527,0.1388
43,1482,1525,0.1388
42,1489,1531,0.1388
43,1477,1520,0.1388
44,1471,1515,0.1388
43,1480,1523,0.1388
41,1480,1521,0.1388
39,1485,1524,0.1388
38,1485,1523,0.1388
38,1482,1520,0.1388
35,1486,1521,0.1388
37,1477,1514,0.1388
38,1481,1519,0.1388
38,1476,1514,0.1388
39,1477,1516,0.1388
37,1476,1513,0.1388
36,1475,1511,0.1388
37,1472,1509,0.1388
36,1483,1519,0.1388
34,1479,1513,0.1388
32,1481,1513,0.1388
34,1484,1518,0.1388
35,1468,1503,0.1388
37,1478,1515,0.1388
37,1481,1518,0.1388
37,1477,1514,0.1388
36,1478,1514,0.1388
34,1484,1518,0.1388
32,1473,1505,0.1388
33,1473,1506,0.1388
33,1470,1503,0.1388
33,1473,1506,0.1388
33,1478,1511,0.1388
31,1477,1508,0.1388
34,1468,1502,0.1388
30,1469,1499,0.1388
30,1470,1500,0.1388
33,1468,1501,0.1388
35,1469,1504,0.1388
34,1460,1494,0.1388
33,1457,1490,0.1388
34,1473,1507,0.1388
35,1464,1499,0.1388
38,1465,1503,0.1388
38,1465,1503,0.1388
36,1474,1510,0.1388
35,1472,1507,0.1388
35,1489,1524,0.1388
32,1479,1511,0.1388
31,1478,1509,0.1388
30,1484,1514,0.1388
31,1484,1515,0.1388
31,1482,1513,0.1388
31,1484,1515,0.1388
31,1490,1521,0.1388
29,1499,1528,0.1388
29,1492,1521,0.1388
28,1483,1511,0.1388
29,1496,1525,0.1388
31,1477,1508,0.1388
31,1472,1503,0.1388
33,1480,1513,0.1388
34,1486,1520,0.1388
34,1484,1518,0.1388
35,1482,1517,0.1388
37,1473,1510,0.1388
37,1481,1518,0.1388
38,1484,1522,0.1388
38,1470,1508,0.1388
37,1487,1524,0.1388
37,1484,1521,0.1388
39,1492,1531,0.1388
39,1482,1521,0.1388
38,1466,1504,0.1388
37,1479,1516,0.1388
37,1479,1516,0.1388
38,1482,1520,0.1388
36,1484,1520,0.1388
36,1482,1518,0.1388
36,1479,1515,0.1388
36,1478,1514,0.1388
38,1474,1512,0.1388
37,1478,1515,0.1388
39,1486,1525,0.1388
39,1493,1532,0.1388
39,1479,1518,0.1388
38,1482,1520,0.1388
38,1486,1524,0.1388
39,1474,1513,0.1388
39,1457,1496,0.1388
38,1452,1490,0.1388
39,1464,1503,0.1388
40,1460,1500,0.1388
40,1471,1511,0.1388
38,1474,1512,0.1388
35,1472,1507,0.1388
34,1471,1505,0.1388
36,1476,1512,0.1388
31,1463,1494,0.1388
31,1472,1503,0.1388
31,1470,1501,0.1388
33,1482,1515,0.1388
33,1477,1510,0.1388
34,1473,1507,0.1388
32,1481,1513,0.1388
32,1478,1510,0.1388
32,1478,1510,0.1388
33,1474,1507,0.1388
34,1480,1514,0.1388
34,1477,1511,0.1388
33,1474,1507,0.1388
33,1486,1519,0.1388
31,1481,1512,0.1388
29,1488,1517,0.1388
30,1496,1526,0.1388
31,1493,1524,0.1388
31,1493,1524,0.1388
30,1488,1518,0.1388
29,1488,1517,0.1388
31,1484,1515,0.1388
32,1499,1531,0.1388
30,1490,1520,0.1388
30,1493,1523,0.1388
30,1485,1515,0.1388
28,1485,1513,0.1388
29,1479,1508,0.1388
29,1484,1513,0.1388
29,1493,1522,0.1388
30,1492,1522,0.1388
29,1494,1523,0.1388
28,1496,1524,0.1388
29,1486,1515,0.1388
28,1486,1514,0.1388
28,1487,1515,0.1388
27,1481,1508,0.1388
26,1485,1511,0.1388
30,1474,1504,0.1388
30,1487,1517,0.1388
30,1477,1507,0.1388
30,1488,1518,0.1388
30,1483,1513,0.1388
30,1482,1512,0.1388
32,1486,1518,0.1388
32,1494,1526,0.1388
33,1491,1524,0.1388
32,1490,1522,0.1388
32,1485,1517,0.1388
32,1475,1507,0.1388
31,1491,1522,0.1388
30,1493,1523,0.1388
30,1492,1522,0.1388
28,1482,1510,0.1388
28,1483,1511,0.1388
28,1487,1515,0.1388
25,1487,1512,0.1388
26,1496,1522,0.1388
26,1497,1523,0.1388
28,1491,1519,0.1388
29,1492,1521,0.1388
29,1473,1502,0.1388
28,1479,1507,0.1388
26,1485,1511,0.1388
27,1490,1517,0.1388
26,1493,1519,0.1388
26,1496,1522,0.1388
28,1477,1505,0.1388
28,1486,1514,0.1388
29,1494,1523,0.1388
30,1497,1527,0.1388
31,1495,1526,0.1388
31,1495,1526,0.1388
30,1493,1523,0.1388
31,1483,1514,0.1388
29,1485,1514,0.1388
31,1474,1505,0.1388
30,1469,1499,0.1388
29,1465,1494,0.1388
29,1461,1490,0.1388
28,1470,1498,0.1388
27,1491,1518,0.1388
28,1484,1512,0.1388
23,1501,1524,0.1388
23,1493,1516,0.1388
24,1504,1528,0.1388
24,1494,1518,0.1388
24,1500,1524,0.1388
22,1490,1512,0.1388
21,1494,1515,0.1388
22,1496,1518,0.1388
23,1484,1507,0.1388
24,1499,1523,0.1388
24,1482,1506,0.1388
24,1478,1502,0.1388
24,1477,1501,0.1388
24,1473,1497,0.1388
24,1481,1505,0.1388
24,1502,1526,0.1388
21,1499,1520,0.1388
22,1488,1510,0.1388
22,1497,1519,0.1388
23,1496,1519,0.1388
23,1491,1514,0.1388
23,1474,1497,0.1388
23,1474,1497,0.1388
23,1486,1509,0.1388
22,1506,1528,0.1388
22,1494,1516,0.1388
20,1494,1514,0.1388
22,1501,1523,0.1388
23,1503,1526,0.1388
23,1499,1522,0.1388
22,1498,1520,0.1388
22,1502,1524,0.1388
21,1502,1523,0.1388
21,1506,1527,0.1388
21,1503,1524,0.1388
19,1495,1514,0.1388
17,1493,1510,0.1388
16,1486,1502,0.1388
16,1503,1519,0.1388
16,1504,1520,0.1388
15,1511,1526,0.1388
15,1505,1520,0.1388
14,1487,1501,0.1388
10,1486,1496,0.1388
10,1501,1511,0.1388
10,1504,1514,0.1388
10,1503,1513,0.1388
10,1498,1508,0.1388
10,1497,1507,0.1388
11,1509,1520,0.1388
11,1503,1514,0.1388
11,1516,1527,0.1388
11,1508,1519,0.1388
11,1506,1517,0.1388
10,1508,1518,0.1388
10,1504,1514,0.1388
9,1520,1529,0.1388
9,1521,1530,0.1388
9,1515,1524,0.1388
9,1521,1530,0.1388
9,1506,1515,0.1388
8,1511,1519,0.1388
6,1502,1508,0.1388
7,1513,1520,0.1388
7,1512,1519,0.1388
7,1518,1525,0.1388
7,1503,1510,0.1388
5,1503,1508,0.1388
5,1510,1515,0.1388
5,1504,1509,0.1388
5,1506,1511,0.1388
5,1504,1509,0.1388
5,1502,1507,0.1388
5,1506,1511,0.1388
6,1510,1516,0.1388
6,1507,1513,0.1388
6,1518,1524,0.1388
6,1516,1522,0.1388
6,1518,1524,0.1388
6,1512,1518,0.1388
6,1499,1505,0.1388
7,1519,1526,0.1388
7,1519,1526,0.1388
7,1508,1515,0.1388
7,1515,1522,0.1388
7,1518,1525,0.1388
6,1528,1534,0.1388
6,1516,1522,0.1388
6,1507,1513,0.1388
6,1516,1522,0.1388
6,1518,1524,0.1388
6,1520,1526,0.1388
6,1520,1526,0.1388
7,1501,1508,0.1388
7,1492,1499,0.1388
7,1493,1500,0.1388
8,1492,1500,0.1388
8,1495,1503,0.1388
8,1491,1499,0.1388
8,1504,1512,0.1388
8,1497,1505,0.1388
7,1493,1500,0.1388
7,1506,1513,0.1388
7,1505,1512,0.1388
7,1515,1522,0.1388
7,1511,1518,0.1388
8,1509,1517,0.1388
8,1514,1522,0.1388
8,1509,1517,0.1388
9,1512,1521,0.1388
9,1523,1532,0.1388
9,1514,1523,0.1388
9,1514,1523,0.1388
9,1504,1513,0.1388
9,1512,1521,0.1388
9,1520,1529,0.1388
9,1516,1525,0.1388
8,1508,1516,0.1388
9,1503,1512,0.1388
9,1506,1515,0.1388
9,1506,1515,0.1388
9,1504,1513,0.1388
9,1494,1503,0.1388
10,1499,1509,0.1388
10,1490,1500,0.1388
10,1498,1508,0.1388
10,1504,1514,0.1388
10,1505,1515,0.1388
10,1504,1514,0.1388
10,1509,1519,0.1388
10,1503,1513,0.1388
10,1508,1518,0.1388
9,1503,1512,0.1388
9,1520,1529,0.1388
8,1524,1532,0.1388
8,1514,1522,0.1388
8,1501,1509,0.1388
8,1517,1525,0.1388
9,1526,1535,0.1388
10,1527,1537,0.1388
10,1517,1527,0.1388
10,1511,1521,0.1388
10,1511,1521,0.1388
11,1506,1517,0.1388
10,1498,1508,0.1388
10,1505,1515,0.1388
10,1518,1528,0.1388
11,1514,1525,0.1388
11,1508,1519,0.1388
11,1512,1523,0.1388
11,1492,1503,0.1388
11,1496,1507,0.1388
12,1499,1511,0.1388
14,1494,1508,0.1388
14,1483,1497,0.1388
16,1498,1514,0.1388
17,1502,1519,0.1388
17,1499,1516,0.1388
16,1484,1500,0.1388
15,1473,1488,0.1388
14,1481,1495,0.1388
15,1498,1513,0.1388
15,1498,1513,0.1388
15,1494,1509,0.1388
14,1495,1509,0.1388
14,1489,1503,0.1388
14,1493,1507,0.1388
11,1504,1515,0.1388
12,1505,1517,0.1388
11,1503,1514,0.1388
12,1503,1515,0.1388
12,1511,1523,0.1388
12,1512,1524,0.1388
11,1504,1515,0.1388
8,1518,1526,0.1388
8,1515,1523,0.1388
8,1509,1517,0.1388
10,1510,1520,0.1388
10,1497,1507,0.1388
10,1505,1515,0.1388
10,1486,1496,0.1388
10,1499,1509,0.1388
10,1501,1511,0.1388
10,1500,1510,0.1388
10,1504,1514,0.1388
10,1499,1509,0.1388
9,1504,1513,0.1388
10,1499,1509,0.1388
9,1492,1501,0.1388
9,1508,1517,0.1388
10,1493,1503,0.1388
10,1511,1521,0.1388
10,1515,1525,0.1388
10,1514,1524,0.1388
9,1512,1521,0.1388
9,1518,1527,0.1388
9,1520,1529,0.1388
9,1509,1518,0.1388
9,1507,1516,0.1388
10,1511,1521,0.1388
10,1514,1524,0.1388
10,1498,1508,0.1388
11,1510,1521,0.1388
11,1504,1515,0.1388
11,1508,1519,0.1388
11,1496,1507,0.1388
12,1493,1505,0.1388
12,1497,1509,0.1388
11,1505,1516,0.1388
11,1505,1516,0.1388
12,1505,1517,0.1388
11,1513,1524,0.1388
11,1508,1519,0.1388
11,1498,1509,0.1388
11,1502,1513,0.1388
11,1500,1511,0.1388
9,1516,1525,0.1388
9,1520,1529,0.1388
9,1520,1529,0.1388
10,1521,1531,0.1388
10,1518,1528,0.1388
10,1512,1522,0.1388
10,1513,1523,0.1388
10,1518,1528,0.1388
10,1518,1528,0.1388
10,1511,1521,0.1388
10,1512,1522,0.1388
10,1509,1519,0.1388
10,1499,1509,0.1388
9,1503,1512,0.1388
9,1499,1508,0.1388
9,1499,1508,0.1388
9,1498,1507,0.1388
8,1495,1503,0.1388
9,1496,1505,0.1388
9,1496,1505,0.1388
8,1508,1516,0.1388
8,1516,1524,0.1388
9,1524,1533,0.1388
9,1510,1519,0.1388
9,1501,1510,0.1388
9,1499,1508,0.1388
9,1508,1517,0.1388
9,1514,1523,0.1388
8,1517,1525,0.1388
8,1519,1527,0.1388
7,1515,1522,0.1388
7,1508,1515,0.1388
7,1510,1517,0.1388
7,1518,1525,0.1388
7,1518,1525,0.1388
7,1524,1531,0.1388
7,1522,1529,0.1388
8,1511,1519,0.1388
8,1518,1526,0.1388
8,1511,1519,0.1388
8,1508,1516,0.1388
8,1512,1520,0.1388
8,1507,1515,0.1388
8,1506,1514,0.1388
7,1511,1518,0.1388
7,1516,1523,0.1388
7,1512,1519,0.1388
7,1505,1512,0.1388
7,1502,1509,0.1388
7,1498,1505,0.1388
7,1502,1509,0.1388
6,1496,1502,0.1388
5,1502,1507,0.1388
6,1500,1506,0.1388
5,1491,1496,0.1388
6,1496,1502,0.1388
6,1500,1506,0.1388
8,1501,1509,0.1388
8,1490,1498,0.1388
8,1504,1512,0.1388
8,1508,1516,0.1388
8,1510,1518,0.1388
8,1513,1521,0.1388
7,1521,1528,0.1388
8,1514,1522,0.1388
9,1514,1523,0.1388
9,1516,1525,0.1388
8,1512,1520,0.1388
8,1513,1521,0.1388
8,1505,1513,0.1388
8,1507,1515,0.1388
9,1496,1505,0.1388
9,1501,1510,0.1388
10,1509,1519,0.1388
9,1505,1514,0.1388
9,1513,1522,0.1388
9,1499,1508,0.1388
9,1503,1512,0.1388
9,1511,1520,0.1388
9,1519,1528,0.1388
8,1517,1525,0.1388
8,1524,1532,0.1388
8,1526,1534,0.1388
8,1512,1520,0.1388
8,1494,1502,0.1388
8,1513,1521,0.1388
9,1507,1516,0.1388
9,1512,1521,0.1388
9,1523,1532,0.1388
9,1512,1521,0.1388
9,1513,1522,0.1388
10,1502,1512,0.1388
10,1516,1526,0.1388
10,1510,1520,0.1388
10,1502,1512,0.1388
10,1497,1507,0.1388
10,1503,1513,0.1388
9,1522,1531,0.1388
8,1513,1521,0.1388
8,1513,1521,0.1388
7,1532,1539,0.1388
7,1524,1531,0.1388
7,1528,1535,0.1388
7,1516,1523,0.1388
7,1516,1523,0.1388
7,1512,1519,0.1388
7,1504,1511,0.1388
7,1502,1509,0.1388
7,1516,1523,0.1388
6,1517,1523,0.1388
5,1513,1518,0.1388
5,1514,1519,0.1388
5,1522,1527,0.1388
5,1522,1527,0.1388
6,1528,1534,0.1388
5,1515,1520,0.1388
4,1519,1523,0.1388
4,1518,1522,0.1388
4,1520,1524,0.1388
4,1511,1515,0.1388
4,1523,1527,0.1388
4,1518,1522,0.1388
4,1513,1517,0.1388
4,1515,1519,0.1388
4,1495,1499,0.1388
4,1484,1488,0.1388
4,1491,1495,0.1388
4,1505,1509,0.1388
2,1516,1518,0.1388
2,1509,1511,0.1388
2,1514,1516,0.1388
2,1510,1512,0.1388
2,1526,1528,0.1388
2,1526,1528,0.1388
2,1513,1515,0.1388
2,1518,1520,0.1388
2,1526,1528,0.1388
2,1523,1525,0.1388
2,1509,1511,0.1388
2,1512,1514,0.1388
2,1514,1516,0.1388
2,1519,1521,0.1388
2,1521,1523,0.1388
2,1517,1519,0.1388
2,1521,1523,0.1388
2,1516,1518,0.1388
2,1517,1519,0.1388
2,1520,1522,0.1388
3,1507,1510,0.1388
3,1519,1522,0.1388
3,1526,1529,0.1388
3,1525,1528,0.1388
3,1510,1513,0.1388
3,1514,1517,0.1388
3,1512,1515,0.1388
3,1521,1524,0.1388
3,1508,1511,0.1388
3,1524,1527,0.1388
3,1519,1522,0.1388
3,1519,1522,0.1388
2,1519,1521,0.1388
2,1509,1511,0.1388
2,1516,1518,0.1388
1,1507,1508,0.1388
1,1514,1515,0.1388
1,1523,1524,0.1388
1,1516,1517,0.1388
1,1508,1509,0.1388
1,1517,1518,0.1388
1,1515,1516,0.1388
1,1517,1518,0.1388
1,1525,1526,0.1388
1,1530,1531,0.1388
1,1522,1523,0.1388
1,1522,1523,0.1388
1,1531,1532,0.1388
0,1526,1526,0.1388
