1364,29,1393,0.1388
1395,30,1425,0.1388
1430,30,1460,0.1388
1438,30,1468,0.1388
1442,30,1472,0.1388
1451,30,1481,0.1388
1451,30,1481,0.1388
1467,33,1500,0.1388
1470,32,1502,0.1388
1477,30,1507,0.1388
1478,29,1507,0.1388
1472,30,1502,0.1388
1469,30,1499,0.1388
1466,30,1496,0.1388
1471,30,1501,0.1388
1474,32,1506,0.1388
1470,30,1500,0.1388
1475,33,1508,0.1388
1471,35,1506,0.1388
1472,36,1508,0.1388
1461,36,1497,0.1388
1453,36,1489,0.1388
1448,38,1486,0.1388
1460,38,1498,0.1388
1453,38,1491,0.1388
1464,37,1501,0.1388
1451,39,1490,0.1388
1438,39,1477,0.1388
1440,37,1477,0.1388
1443,37,1480,0.1388
1450,38,1488,0.1388
1455,39,1494,0.1388
1443,42,1485,0.1388
1456,40,1496,0.1388
1461,38,1499,0.1388
1465,39,1504,0.1388
1470,40,1510,0.1388
1476,39,1515,0.1388
1463,38,1501,0.1388
1466,35,1501,0.1388
1471,35,1506,0.1388
1467,32,1499,0.1388
1469,35,1504,0.1388
1453,36,1489,0.1388
1453,34,1487,0.1388
1457,35,1492,0.1388
1459,35,1494,0.1388
1468,37,1505,0.1388
1467,36,1503,0.1388
1464,37,1501,0.1388
1467,39,1506,0.1388
1459,39,1498,0.1388
1462,39,1501,0.1388
1447,38,1485,0.1388
1453,39,1492,0.1388
1473,39,1512,0.1388
1472,40,1512,0.1388
1461,39,1500,0.1388
1469,39,1508,0.1388
1446,40,1486,0.1388
1439,40,1479,0.1388
1457,39,1496,0.1388
1455,36,1491,0.1388
1460,35,1495,0.1388
1454,37,1491,0.1388
1452,40,1492,0.1388
1441,40,1481,0.1388
1439,37,1476,0.1388
1467,31,1498,0.1388
1458,31,1489,0.1388
1459,30,1489,0.1388
1461,30,1491,0.1388
1459,30,1489,0.1388
1462,29,1491,0.1388
1455,29,1484,0.1388
1458,29,1487,0.1388
1456,28,1484,0.1388
1444,29,1473,0.1388
1450,30,1480,0.1388
1448,32,1480,0.1388
1447,33,1480,0.1388
1452,33,1485,0.1388
1449,33,1482,0.1388
1457,31,1488,0.1388
1461,30,1491,0.1388
1463,31,1494,0.1388
1469,28,1497,0.1388
1465,29,1494,0.1388
1467,28,1495,0.1388
1468,29,1497,0.1388
1476,28,1504,0.1388
1475,26,1501,0.1388
1475,27,1502,0.1388
1472,27,1499,0.1388
1460,26,1486,0.1388
1455,24,1479,0.1388
1457,24,1481,0.1388
1462,26,1488,0.1388
1472,25,1497,0.1388
1474,25,1499,0.1388
1472,26,1498,0.1388
1468,27,1495,0.1388
1456,28,1484,0.1388
1453,26,1479,0.1388
1452,31,1483,0.1388
1460,29,1489,0.1388
1465,31,1496,0.1388
1461,33,1494,0.1388
1465,33,1498,0.1388
1453,32,1485,0.1388
1457,34,1491,0.1388
1463,38,1501,0.1388
1446,38,1484,0.1388
1453,38,1491,0.1388
1448,38,1486,0.1388
1450,35,1485,0.1388
1451,35,1486,0.1388
1462,32,1494,0.1388
1468,31,1499,0.1388
1462,32,1494,0.1388
1469,32,1501,0.1388
1462,32,1494,0.1388
1450,32,1482,0.1388
1453,30,1483,0.1388
1472,30,1502,0.1388
1463,31,1494,0.1388
1457,32,1489,0.1388
1458,33,1491,0.1388
1451,32,1483,0.1388
1461,31,1492,0.1388
1456,31,1487,0.1388
1476,29,1505,0.1388
1467,29,1496,0.1388
1461,30,1491,0.1388
1459,32,1491,0.1388
1457,34,1491,0.1388
1458,34,1492,0.1388
1467,35,1502,0.1388
1470,34,1504,0.1388
1450,36,1486,0.1388
1448,37,1485,0.1388
1444,36,1480,0.1388
1453,36,1489,0.1388
1462,35,1497,0.1388
1462,34,1496,0.1388
1468,35,1503,0.1388
1461,35,1496,0.1388
1466,38,1504,0.1388
1471,38,1509,0.1388
1476,37,1513,0.1388
1463,38,1501,0.1388
1468,39,1507,0.1388
1471,40,1511,0.1388
1457,40,1497,0.1388
1467,40,1507,0.1388
1465,41,1506,0.1388
1461,43,1504,0.1388
1475,43,1518,0.1388
1473,39,1512,0.1388
1458,40,1498,0.1388
1465,41,1506,0.1388
1449,42,1491,0.1388
1447,42,1489,0.1388
1450,43,1493,0.1388
1444,43,1487,0.1388
1446,44,1490,0.1388
1441,44,1485,0.1388
1445,45,1490,0.1388
1440,44,1484,0.1388
1434,48,1482,0.1388
1442,48,1490,0.1388
1433,52,1485,0.1388
1427,52,1479,0.1388
1426,52,1478,0.1388
1432,52,1484,0.1388
1432,52,1484,0.1388
1423,56,1479,0.1388
1424,52,1476,0.1388
1424,52,1476,0.1388
1436,53,1489,0.1388
1443,55,1498,0.1388
1439,55,1494,0.1388
1438,55,1493,0.1388
1450,55,1505,0.1388
1440,57,1497,0.1388
1452,53,1505,0.1388
1451,52,1503,0.1388
1445,53,1498,0.1388
1438,55,1493,0.1388
1431,54,1485,0.1388
1438,54,1492,0.1388
1434,55,1489,0.1388
1426,56,1482,0.1388
1433,54,1487,0.1388
1437,55,1492,0.1388
1442,55,1497,0.1388
1436,59,1495,0.1388
1432,60,1492,0.1388
1428,58,1486,0.1388
1415,63,1478,0.1388
1429,62,1491,0.1388
1416,64,1480,0.1388
1413,66,1479,0.1388
1420,61,1481,0.1388
1430,62,1492,0.1388
1436,65,1501,0.1388
1439,62,1501,0.1388
1433,63,1496,0.1388
1430,62,1492,0.1388
1433,66,1499,0.1388
1423,68,1491,0.1388
1425,68,1493,0.1388
1426,69,1495,0.1388
1419,69,1488,0.1388
1425,69,1494,0.1388
1427,71,1498,0.1388
1436,72,1508,0.1388
1442,73,1515,0.1388
1439,73,1512,0.1388
1435,75,1510,0.1388
1441,73,1514,0.1388
1438,70,1508,0.1388
1441,67,1508,0.1388
1431,72,1503,0.1388
1433,74,1507,0.1388
1432,72,1504,0.1388
1423,72,1495,0.1388
1416,72,1488,0.1388
1412,75,1487,0.1388
1418,76,1494,0.1388
1405,76,1481,0.1388
1412,75,1487,0.1388
1409,72,1481,0.1388
1412,68,1480,0.1388
1401,69,1470,0.1388
1409,71,1480,0.1388
1409,72,1481,0.1388
1405,76,1481,0.1388
1401,73,1474,0.1388
1396,76,1472,0.1388
1418,75,1493,0.1388
1415,76,1491,0.1388
1424,79,1503,0.1388
1421,82,1503,0.1388
1419,84,1503,0.1388
1417,82,1499,0.1388
1414,83,1497,0.1388
1409,83,1492,0.1388
1412,83,1495,0.1388
1416,83,1499,0.1388
1417,81,1498,0.1388
1413,80,1493,0.1388
1406,81,1487,0.1388
1410,82,1492,0.1388
1412,82,1494,0.1388
1403,81,1484,0.1388
1400,83,1483,0.1388
1400,81,1481,0.1388
1392,82,1474,0.1388
1404,79,1483,0.1388
1420,83,1503,0.1388
1427,80,1507,0.1388
1414,78,1492,0.1388
1420,79,1499,0.1388
1419,81,1500,0.1388
1406,79,1485,0.1388
1417,81,1498,0.1388
1419,83,1502,0.1388
1425,84,1509,0.1388
1426,82,1508,0.1388
1415,82,1497,0.1388
1419,83,1502,0.1388
1413,82,1495,0.1388
1401,82,1483,0.1388
1404,79,1483,0.1388
1398,76,1474,0.1388
1396,79,1475,0.1388
1401,85,1486,0.1388
1397,86,1483,0.1388
1400,87,1487,0.1388
1406,88,1494,0.1388
1402,88,1490,0.1388
1398,85,1483,0.1388
1407,83,1490,0.1388
1411,84,1495,0.1388
1413,82,1495,0.1388
1410,84,1494,0.1388
1408,82,1490,0.1388
1412,83,1495,0.1388
1405,84,1489,0.1388
1409,84,1493,0.1388
1402,82,1484,0.1388
1404,86,1490,0.1388
1403,87,1490,0.1388
1403,85,1488,0.1388
1411,86,1497,0.1388
1405,90,1495,0.1388
1404,88,1492,0.1388
1398,89,1487,0.1388
1406,89,1495,0.1388
1415,87,1502,0.1388
1411,84,1495,0.1388
1407,83,1490,0.1388
1402,84,1486,0.1388
1398,80,1478,0.1388
1410,83,1493,0.1388
1423,80,1503,0.1388
1410,80,1490,0.1388
1413,78,1491,0.1388
1410,78,1488,0.1388
1418,76,1494,0.1388
1418,76,1494,0.1388
1419,73,1492,0.1388
1412,72,1484,0.1388
1418,73,1491,0.1388
1411,75,1486,0.1388
1406,76,1482,0.1388
1420,76,1496,0.1388
1422,75,1497,0.1388
1415,76,1491,0.1388
1422,75,1497,0.1388
1422,74,1496,0.1388
1437,73,1510,0.1388
1431,71,1502,0.1388
1424,73,1497,0.1388
1439,75,1514,0.1388
1432,73,1505,0.1388
1428,74,1502,0.1388
1428,76,1504,0.1388
1413,78,1491,0.1388
1410,75,1485,0.1388
1408,74,1482,0.1388
1410,73,1483,0.1388
1424,73,1497,0.1388
1424,73,1497,0.1388
1437,74,1511,0.1388
1431,73,1504,0.1388
1419,73,1492,0.1388
1410,74,1484,0.1388
1407,72,1479,0.1388
1417,72,1489,0.1388
1414,70,1484,0.1388
1403,71,1474,0.1388
1418,74,1492,0.1388
1414,73,1487,0.1388
1415,71,1486,0.1388
1411,69,1480,0.1388
1411,71,1482,0.1388
1414,77,1491,0.1388
1422,75,1497,0.1388
1419,76,1495,0.1388
1418,76,1494,0.1388
1427,76,1503,0.1388
1422,72,1494,0.1388
1410,70,1480,0.1388
1411,70,1481,0.1388
1411,69,1480,0.1388
1412,69,1481,0.1388
1415,69,1484,0.1388
1400,70,1470,0.1388
1395,70,1465,0.1388
1407,67,1474,0.1388
1405,68,1473,0.1388
1413,68,1481,0.1388
1422,66,1488,0.1388
1426,68,1494,0.1388
1434,71,1505,0.1388
1424,70,1494,0.1388
1438,71,1509,0.1388
1442,73,1515,0.1388
1414,72,1486,0.1388
1407,74,1481,0.1388
1410,75,1485,0.1388
1419,78,1497,0.1388
1431,81,1512,0.1388
1411,82,1493,0.1388
1420,83,1503,0.1388
1407,85,1492,0.1388
1397,84,1481,0.1388
1394,80,1474,0.1388
1397,81,1478,0.1388
1399,82,1481,0.1388
1408,86,1494,0.1388
1416,85,1501,0.1388
1411,85,1496,0.1388
1414,85,1499,0.1388
1412,83,1495,0.1388
1412,82,1494,0.1388
1411,79,1490,0.1388
1413,78,1491,0.1388
1402,83,1485,0.1388
1404,83,1487,0.1388
1404,87,1491,0.1388
1424,85,1509,0.1388
1432,84,1516,0.1388
1423,82,1505,0.1388
1435,82,1517,0.1388
1429,81,1510,0.1388
1413,81,1494,0.1388
1409,79,1488,0.1388
1413,81,1494,0.1388
1415,83,1498,0.1388
1414,83,1497,0.1388
1405,83,1488,0.1388
1407,85,1492,0.1388
1401,85,1486,0.1388
1392,83,1475,0.1388
1396,84,1480,0.1388
1415,83,1498,0.1388
1399,84,1483,0.1388
1406,85,1491,0.1388
1400,83,1483,0.1388
1398,83,1481,0.1388
1415,83,1498,0.1388
1421,84,1505,0.1388
1431,86,1517,0.1388
1432,84,1516,0.1388
1429,84,1513,0.1388
1428,86,1514,0.1388
1421,84,1505,0.1388
1408,84,1492,0.1388
1408,87,1495,0.1388
1402,87,1489,0.1388
1417,85,1502,0.1388
1399,84,1483,0.1388
1403,88,1491,0.1388
1407,88,1495,0.1388
1421,88,1509,0.1388
1420,89,1509,0.1388
1410,88,1498,0.1388
1402,90,1492,0.1388
1405,87,1492,0.1388
1408,88,1496,0.1388
1415,87,1502,0.1388
1407,84,1491,0.1388
1408,84,1492,0.1388
1406,86,1492,0.1388
1406,85,1491,0.1388
1412,85,1497,0.1388
1416,84,1500,0.1388
1409,82,1491,0.1388
1407,82,1489,0.1388
1391,81,1472,0.1388
1383,85,1468,0.1388
1398,87,1485,0.1388
1392,84,1476,0.1388
1406,87,1493,0.1388
1402,88,1490,0.1388
1407,88,1495,0.1388
1395,88,1483,0.1388
1400,90,1490,0.1388
1405,90,1495,0.1388
1401,85,1486,0.1388
1405,88,1493,0.1388
1398,85,1483,0.1388
1417,86,1503,0.1388
1413,85,1498,0.1388
1424,84,1508,0.1388
1414,82,1496,0.1388
1412,87,1499,0.1388
1414,86,1500,0.1388
1411,87,1498,0.1388
1401,90,1491,0.1388
1379,89,1468,0.1388
1382,92,1474,0.1388
1391,93,1484,0.1388
1389,94,1483,0.1388
1380,97,1477,0.1388
1378,97,1475,0.1388
1379,96,1475,0.1388
1375,98,1473,0.1388
1396,96,1492,0.1388
1387,98,1485,0.1388
1388,98,1486,0.1388
1395,100,1495,0.1388
1379,100,1479,0.1388
1377,100,1477,0.1388
1396,102,1498,0.1388
1382,101,1483,0.1388
1386,101,1487,0.1388
1387,101,1488,0.1388
1383,102,1485,0.1388
1389,100,1489,0.1388
1376,104,1480,0.1388
1384,106,1490,0.1388
1378,106,1484,0.1388
1384,109,1493,0.1388
1393,109,1502,0.1388
1393,107,1500,0.1388
1395,108,1503,0.1388
1389,108,1497,0.1388
1385,108,1493,0.1388
1393,108,1501,0.1388
1401,110,1511,0.1388
1397,109,1506,0.1388
1395,104,1499,0.1388
1386,109,1495,0.1388
1377,110,1487,0.1388
1384,112,1496,0.1388
1388,115,1503,0.1388
1387,113,1500,0.1388
1383,114,1497,0.1388
1372,113,1485,0.1388
1372,112,1484,0.1388
1382,112,1494,0.1388
1377,113,1490,0.1388
1385,113,1498,0.1388
1386,109,1495,0.1388
1391,106,1497,0.1388
1395,107,1502,0.1388
1382,108,1490,0.1388
1379,109,1488,0.1388
1381,108,1489,0.1388
1382,112,1494,0.1388
1376,110,1486,0.1388
1374,110,1484,0.1388
1386,110,1496,0.1388
1381,109,1490,0.1388
1376,107,1483,0.1388
1383,113,1496,0.1388
1377,110,1487,0.1388
1375,110,1485,0.1388
1374,111,1485,0.1388
1386,111,1497,0.1388
1381,115,1496,0.1388
1377,116,1493,0.1388
1377,117,1494,0.1388
1381,113,1494,0.1388
1365,118,1483,0.1388
1359,118,1477,0.1388
1352,120,1472,0.1388
1360,120,1480,0.1388
1364,123,1487,0.1388
1358,126,1484,0.1388
1364,128,1492,0.1388
1370,131,1501,0.1388
1380,128,1508,0.1388
1372,127,1499,0.1388
1364,131,1495,0.1388
1366,128,1494,0.1388
1361,130,1491,0.1388
1372,134,1506,0.1388
1369,130,1499,0.1388
1362,135,1497,0.1388
1361,137,1498,0.1388
1345,134,1479,0.1388
1350,130,1480,0.1388
1363,131,1494,0.1388
1360,131,1491,0.1388
1359,128,1487,0.1388
1360,135,1495,0.1388
1341,137,1478,0.1388
1349,141,1490,0.1388
1355,138,1493,0.1388
1359,136,1495,0.1388
1352,137,1489,0.1388
1346,142,1488,0.1388
1357,144,1501,0.1388
1345,146,1491,0.1388
1350,150,1500,0.1388
1338,145,1483,0.1388
1337,143,1480,0.1388
1335,148,1483,0.1388
1331,148,1479,0.1388
1332,142,1474,0.1388
1334,148,1482,0.1388
1355,147,1502,0.1388
1360,148,1508,0.1388
1353,147,1500,0.1388
1344,147,1491,0.1388
1354,149,1503,0.1388
1356,147,1503,0.1388
1349,154,1503,0.1388
1344,156,1500,0.1388
1356,156,1512,0.1388
1340,158,1498,0.1388
1346,152,1498,0.1388
1343,157,1500,0.1388
1326,156,1482,0.1388
1337,155,1492,0.1388
1330,154,1484,0.1388
1344,151,1495,0.1388
1349,156,1505,0.1388
1354,161,1515,0.1388
1352,163,1515,0.1388
1347,162,1509,0.1388
1340,165,1505,0.1388
1339,169,1508,0.1388
1329,170,1499,0.1388
1316,169,1485,0.1388
1327,167,1494,0.1388
1322,165,1487,0.1388
1326,165,1491,0.1388
1331,165,1496,0.1388
1334,169,1503,0.1388
1325,169,1494,0.1388
1319,170,1489,0.1388
1313,176,1489,0.1388
1314,175,1489,0.1388
1307,175,1482,0.1388
1308,174,1482,0.1388
1304,183,1487,0.1388
1299,187,1486,0.1388
1307,182,1489,0.1388
1297,179,1476,0.1388
1307,183,1490,0.1388
1317,183,1500,0.1388
1316,188,1504,0.1388
1311,181,1492,0.1388
1315,183,1498,0.1388
1321,181,1502,0.1388
1320,180,1500,0.1388
1320,180,1500,0.1388
1313,183,1496,0.1388
1319,181,1500,0.1388
1291,176,1467,0.1388
1300,178,1478,0.1388
1309,179,1488,0.1388
1318,179,1497,0.1388
1315,184,1499,0.1388
1305,182,1487,0.1388
1304,184,1488,0.1388
1317,184,1501,0.1388
1313,189,1502,0.1388
1313,193,1506,0.1388
1314,189,1503,0.1388
1305,186,1491,0.1388
1290,191,1481,0.1388
1295,199,1494,0.1388
1307,191,1498,0.1388
1303,194,1497,0.1388
1300,192,1492,0.1388
1303,192,1495,0.1388
1308,191,1499,0.1388
1310,188,1498,0.1388
1323,182,1505,0.1388
1327,173,1500,0.1388
1327,172,1499,0.1388
1307,177,1484,0.1388
1323,174,1497,0.1388
1326,174,1500,0.1388
1315,178,1493,0.1388
1331,182,1513,0.1388
1320,180,1500,0.1388
1312,179,1491,0.1388
1310,176,1486,0.1388
1317,180,1497,0.1388
1316,174,1490,0.1388
1312,173,1485,0.1388
1312,183,1495,0.1388
1314,181,1495,0.1388
1328,179,1507,0.1388
1326,179,1505,0.1388
1314,181,1495,0.1388
1292,179,1471,0.1388
1306,179,1485,0.1388
1324,180,1504,0.1388
1334,180,1514,0.1388
1332,176,1508,0.1388
1307,180,1487,0.1388
1319,180,1499,0.1388
1324,185,1509,0.1388
1339,187,1526,0.1388
1333,185,1518,0.1388
1323,184,1507,0.1388
1307,186,1493,0.1388
1312,181,1493,0.1388
1310,176,1486,0.1388
1307,174,1481,0.1388
1308,179,1487,0.1388
1312,177,1489,0.1388
1310,176,1486,0.1388
1317,173,1490,0.1388
1313,171,1484,0.1388
1308,174,1482,0.1388
1306,176,1482,0.1388
1313,171,1484,0.1388
1305,176,1481,0.1388
1302,175,1477,0.1388
1308,177,1485,0.1388
1315,177,1492,0.1388
1321,173,1494,0.1388
1316,170,1486,0.1388
1307,174,1481,0.1388
1314,173,1487,0.1388
1312,177,1489,0.1388
1316,184,1500,0.1388
1307,181,1488,0.1388
1321,179,1500,0.1388
1314,175,1489,0.1388
1301,176,1477,0.1388
1312,176,1488,0.1388
1320,177,1497,0.1388
1318,178,1496,0.1388
1325,179,1504,0.1388
1323,177,1500,0.1388
1326,177,1503,0.1388
1329,177,1506,0.1388
1326,176,1502,0.1388
1324,178,1502,0.1388
1313,175,1488,0.1388
1315,173,1488,0.1388
1316,176,1492,0.1388
1321,177,1498,0.1388
1318,176,1494,0.1388
1326,172,1498,0.1388
1323,173,1496,0.1388
1331,173,1504,0.1388
1335,173,1508,0.1388
1328,172,1500,0.1388
1333,177,1510,0.1388
1316,176,1492,0.1388
1311,179,1490,0.1388
1311,183,1494,0.1388
1325,180,1505,0.1388
1332,183,1515,0.1388
1326,181,1507,0.1388
1311,183,1494,0.1388
1309,181,1490,0.1388
1320,180,1500,0.1388
1322,180,1502,0.1388
1314,181,1495,0.1388
1306,185,1491,0.1388
1302,180,1482,0.1388
1313,180,1493,0.1388
1319,181,1500,0.1388
1317,182,1499,0.1388
1314,181,1495,0.1388
1308,186,1494,0.1388
1310,182,1492,0.1388
1309,184,1493,0.1388
1313,186,1499,0.1388
1300,185,1485,0.1388
1318,186,1504,0.1388
1305,185,1490,0.1388
1302,183,1485,0.1388
1303,183,1486,0.1388
1301,187,1488,0.1388
1308,184,1492,0.1388
1303,185,1488,0.1388
1292,191,1483,0.1388
1291,186,1477,0.1388
1307,184,1491,0.1388
1308,181,1489,0.1388
1316,182,1498,0.1388
1310,178,1488,0.1388
1312,184,1496,0.1388
1316,186,1502,0.1388
1313,183,1496,0.1388
1295,189,1484,0.1388
1302,192,1494,0.1388
1292,194,1486,0.1388
1301,199,1500,0.1388
1306,201,1507,0.1388
1306,204,1510,0.1388
1295,201,1496,0.1388
1286,201,1487,0.1388
1287,200,1487,0.1388
1286,205,1491,0.1388
1289,204,1493,0.1388
1293,203,1496,0.1388
1282,204,1486,0.1388
1285,207,1492,0.1388
1284,206,1490,0.1388
1280,200,1480,0.1388
1280,209,1489,0.1388
1281,206,1487,0.1388
1285,210,1495,0.1388
1287,214,1501,0.1388
1303,210,1513,0.1388
1287,207,1494,0.1388
1298,203,1501,0.1388
1308,202,1510,0.1388
1299,199,1498,0.1388
1296,200,1496,0.1388
1292,202,1494,0.1388
1299,202,1501,0.1388
1295,208,1503,0.1388
1295,205,1500,0.1388
1299,200,1499,0.1388
1287,201,1488,0.1388
1292,205,1497,0.1388
1297,209,1506,0.1388
1287,210,1497,0.1388
1291,218,1509,0.1388
1269,220,1489,0.1388
1288,216,1504,0.1388
1284,219,1503,0.1388
1272,218,1490,0.1388
1269,220,1489,0.1388
1274,217,1491,0.1388
1266,221,1487,0.1388
1261,221,1482,0.1388
1261,220,1481,0.1388
1265,219,1484,0.1388
1253,217,1470,0.1388
1253,219,1472,0.1388
1261,220,1481,0.1388
1250,215,1465,0.1388
1262,220,1482,0.1388
1272,222,1494,0.1388
1260,229,1489,0.1388
1261,232,1493,0.1388
1271,234,1505,0.1388
1274,228,1502,0.1388
1266,228,1494,0.1388
1269,229,1498,0.1388
1269,230,1499,0.1388
1259,230,1489,0.1388
1263,229,1492,0.1388
1260,231,1491,0.1388
1260,236,1496,0.1388
1264,238,1502,0.1388
1266,235,1501,0.1388
1254,234,1488,0.1388
1257,237,1494,0.1388
1269,236,1505,0.1388
1268,235,1503,0.1388
1256,239,1495,0.1388
1257,240,1497,0.1388
1262,248,1510,0.1388
1259,249,1508,0.1388
1251,250,1501,0.1388
1249,244,1493,0.1388
1255,247,1502,0.1388
1254,242,1496,0.1388
1247,242,1489,0.1388
1235,238,1473,0.1388
1235,243,1478,0.1388
1233,246,1479,0.1388
1235,252,1487,0.1388
1240,247,1487,0.1388
1258,247,1505,0.1388
1258,253,1511,0.1388
1261,258,1519,0.1388
1260,256,1516,0.1388
1267,256,1523,0.1388
1269,247,1516,0.1388
1256,247,1503,0.1388
1250,252,1502,0.1388
1258,257,1515,0.1388
1248,255,1503,0.1388
1251,252,1503,0.1388
1240,255,1495,0.1388
1240,258,1498,0.1388
1229,261,1490,0.1388
1228,264,1492,0.1388
1228,267,1495,0.1388
1223,271,1494,0.1388
1220,272,1492,0.1388
1224,273,1497,0.1388
1221,278,1499,0.1388
1225,278,1503,0.1388
1223,278,1501,0.1388
1215,282,1497,0.1388
1217,282,1499,0.1388
1209,281,1490,0.1388
1194,282,1476,0.1388
1194,283,1477,0.1388
1187,294,1481,0.1388
1183,300,1483,0.1388
1191,298,1489,0.1388
1192,303,1495,0.1388
1184,304,1488,0.1388
1180,306,1486,0.1388
1180,302,1482,0.1388
1180,305,1485,0.1388
1182,301,1483,0.1388
1178,304,1482,0.1388
1195,298,1493,0.1388
1195,301,1496,0.1388
1193,304,1497,0.1388
1198,304,1502,0.1388
1190,302,1492,0.1388
1189,309,1498,0.1388
1183,312,1495,0.1388
1171,310,1481,0.1388
1179,311,1490,0.1388
1190,316,1506,0.1388
1181,313,1494,0.1388
1173,318,1491,0.1388
1176,324,1500,0.1388
1172,322,1494,0.1388
1181,318,1499,0.1388
1181,317,1498,0.1388
1168,319,1487,0.1388
1170,320,1490,0.1388
1175,321,1496,0.1388
1181,320,1501,0.1388
1185,320,1505,0.1388
1188,321,1509,0.1388
1178,319,1497,0.1388
1183,320,1503,0.1388
1182,326,1508,0.1388
1173,335,1508,0.1388
1158,336,1494,0.1388
1154,343,1497,0.1388
1147,348,1495,0.1388
1139,357,1496,0.1388
1153,350,1503,0.1388
1153,347,1500,0.1388
1148,350,1498,0.1388
1145,345,1490,0.1388
1155,340,1495,0.1388
1154,337,1491,0.1388
1151,337,1488,0.1388
1145,330,1475,0.1388
1151,333,1484,0.1388
1143,347,1490,0.1388
1142,343,1485,0.1388
1146,350,1496,0.1388
1141,356,1497,0.1388
1143,358,1501,0.1388
1141,360,1501,0.1388
1131,362,1493,0.1388
1134,362,1496,0.1388
1126,358,1484,0.1388
1133,359,1492,0.1388
1136,364,1500,0.1388
1131,368,1499,0.1388
1130,367,1497,0.1388
1123,366,1489,0.1388
1119,367,1486,0.1388
1121,367,1488,0.1388
1134,368,1502,0.1388
1134,364,1498,0.1388
1131,369,1500,0.1388
1131,368,1499,0.1388
1120,374,1494,0.1388
1133,374,1507,0.1388
1122,377,1499,0.1388
1126,373,1499,0.1388
1126,373,1499,0.1388
1121,368,1489,0.1388
1113,367,1480,0.1388
1122,366,1488,0.1388
1120,372,1492,0.1388
1116,368,1484,0.1388
1117,369,1486,0.1388
1116,366,1482,0.1388
1113,370,1483,0.1388
1121,370,1491,0.1388
1116,368,1484,0.1388
1126,374,1500,0.1388
1127,371,1498,0.1388
1122,374,1496,0.1388
1121,378,1499,0.1388
1121,373,1494,0.1388
1116,375,1491,0.1388
1115,373,1488,0.1388
1110,368,1478,0.1388
1122,369,1491,0.1388
1131,370,1501,0.1388
1141,363,1504,0.1388
1135,367,1502,0.1388
1126,370,1496,0.1388
1116,371,1487,0.1388
1107,367,1474,0.1388
1126,361,1487,0.1388
1135,364,1499,0.1388
1121,368,1489,0.1388
1134,372,1506,0.1388
1134,370,1504,0.1388
1141,368,1509,0.1388
1136,364,1500,0.1388
1140,369,1509,0.1388
1144,372,1516,0.1388
1135,377,1512,0.1388
1135,378,1513,0.1388
1133,379,1512,0.1388
1121,385,1506,0.1388
1112,387,1499,0.1388
1105,384,1489,0.1388
1104,390,1494,0.1388
1114,391,1505,0.1388
1106,388,1494,0.1388
1107,396,1503,0.1388
1112,395,1507,0.1388
1111,397,1508,0.1388
1105,396,1501,0.1388
1109,400,1509,0.1388
1115,404,1519,0.1388
1104,403,1507,0.1388
1095,408,1503,0.1388
1110,406,1516,0.1388
1109,401,1510,0.1388
1107,405,1512,0.1388
1095,403,1498,0.1388
1099,405,1504,0.1388
1108,405,1513,0.1388
1100,406,1506,0.1388
1090,401,1491,0.1388
1089,411,1500,0.1388
1081,408,1489,0.1388
1079,404,1483,0.1388
1085,406,1491,0.1388
1082,410,1492,0.1388
1079,412,1491,0.1388
1073,410,1483,0.1388
1078,410,1488,0.1388
1083,409,1492,0.1388
1092,409,1501,0.1388
1096,408,1504,0.1388
1089,410,1499,0.1388
1086,414,1500,0.1388
1072,406,1478,0.1388
1085,409,1494,0.1388
1089,413,1502,0.1388
1096,411,1507,0.1388
1103,413,1516,0.1388
1103,410,1513,0.1388
1095,412,1507,0.1388
1098,410,1508,0.1388
1095,418,1513,0.1388
1089,415,1504,0.1388
1080,415,1495,0.1388
1082,421,1503,0.1388
1086,425,1511,0.1388
1090,418,1508,0.1388
1083,423,1506,0.1388
1089,429,1518,0.1388
1084,429,1513,0.1388
1090,434,1524,0.1388
1089,433,1522,0.1388
1084,436,1520,0.1388
1075,437,1512,0.1388
1072,443,1515,0.1388
1072,444,1516,0.1388
1073,440,1513,0.1388
1072,439,1511,0.1388
1060,438,1498,0.1388
1055,437,1492,0.1388
1054,425,1479,0.1388
1064,431,1495,0.1388
1062,435,1497,0.1388
1064,441,1505,0.1388
1069,440,1509,0.1388
1080,448,1528,0.1388
1071,446,1517,0.1388
1070,442,1512,0.1388
1073,446,1519,0.1388
1071,447,1518,0.1388
1064,442,1506,0.1388
1064,452,1516,0.1388
1061,445,1506,0.1388
1065,453,1518,0.1388
1073,454,1527,0.1388
1068,456,1524,0.1388
1072,450,1522,0.1388
1062,449,1511,0.1388
1050,450,1500,0.1388
1048,449,1497,0.1388
1036,450,1486,0.1388
1021,455,1476,0.1388
1033,456,1489,0.1388
1032,451,1483,0.1388
1032,452,1484,0.1388
1041,451,1492,0.1388
1021,454,1475,0.1388
1043,461,1504,0.1388
1045,462,1507,0.1388
1036,463,1499,0.1388
1031,463,1494,0.1388
1037,466,1503,0.1388
1041,467,1508,0.1388
1036,471,1507,0.1388
1031,476,1507,0.1388
1031,479,1510,0.1388
1040,475,1515,0.1388
1022,482,1504,0.1388
1031,480,1511,0.1388
1023,481,1504,0.1388
1024,476,1500,0.1388
1023,481,1504,0.1388
1024,480,1504,0.1388
1025,484,1509,0.1388
1015,479,1494,0.1388
1017,479,1496,0.1388
1019,479,1498,0.1388
1011,481,1492,0.1388
1012,475,1487,0.1388
1011,483,1494,0.1388
1020,482,1502,0.1388
1017,489,1506,0.1388
1009,490,1499,0.1388
1007,486,1493,0.1388
998,496,1494,0.1388
997,494,1491,0.1388
1006,494,1500,0.1388
1002,494,1496,0.1388
997,498,1495,0.1388
1010,494,1504,0.1388
1006,497,1503,0.1388
1005,496,1501,0.1388
998,506,1504,0.1388
994,509,1503,0.1388
997,513,1510,0.1388
992,504,1496,0.1388
1003,505,1508,0.1388
1000,495,1495,0.1388
997,499,1496,0.1388
997,500,1497,0.1388
992,508,1500,0.1388
994,507,1501,0.1388
982,506,1488,0.1388
979,501,1480,0.1388
992,505,1497,0.1388
990,506,1496,0.1388
994,497,1491,0.1388
993,495,1488,0.1388
984,494,1478,0.1388
987,497,1484,0.1388
989,501,1490,0.1388
989,510,1499,0.1388
1000,503,1503,0.1388
1002,502,1504,0.1388
999,501,1500,0.1388
1002,502,1504,0.1388
999,503,1502,0.1388
991,515,1506,0.1388
977,517,1494,0.1388
968,518,1486,0.1388
957,530,1487,0.1388
962,520,1482,0.1388
966,529,1495,0.1388
965,533,1498,0.1388
979,536,1515,0.1388
977,537,1514,0.1388
954,538,1492,0.1388
960,534,1494,0.1388
962,537,1499,0.1388
962,535,1497,0.1388
970,543,1513,0.1388
969,543,1512,0.1388
967,546,1513,0.1388
965,540,1505,0.1388
963,533,1496,0.1388
967,533,1500,0.1388
959,547,1506,0.1388
959,547,1506,0.1388
954,542,1496,0.1388
950,543,1493,0.1388
948,549,1497,0.1388
939,549,1488,0.1388
942,548,1490,0.1388
939,551,1490,0.1388
938,555,1493,0.1388
938,551,1489,0.1388
950,552,1502,0.1388
945,554,1499,0.1388
936,558,1494,0.1388
939,556,1495,0.1388
929,555,1484,0.1388
930,553,1483,0.1388
940,562,1502,0.1388
938,563,1501,0.1388
934,559,1493,0.1388
929,557,1486,0.1388
937,559,1496,0.1388
943,558,1501,0.1388
944,553,1497,0.1388
935,556,1491,0.1388
941,559,1500,0.1388
936,560,1496,0.1388
930,562,1492,0.1388
936,557,1493,0.1388
938,559,1497,0.1388
931,560,1491,0.1388
938,562,1500,0.1388
932,563,1495,0.1388
940,564,1504,0.1388
938,563,1501,0.1388
948,553,1501,0.1388
945,553,1498,0.1388
940,560,1500,0.1388
942,562,1504,0.1388
935,567,1502,0.1388
932,568,1500,0.1388
937,565,1502,0.1388
940,570,1510,0.1388
942,563,1505,0.1388
940,568,1508,0.1388
941,576,1517,0.1388
930,575,1505,0.1388
925,576,1501,0.1388
929,580,1509,0.1388
930,586,1516,0.1388
933,590,1523,0.1388
919,596,1515,0.1388
905,582,1487,0.1388
915,594,1509,0.1388
918,588,1506,0.1388
905,592,1497,0.1388
899,597,1496,0.1388
909,601,1510,0.1388
905,600,1505,0.1388
905,598,1503,0.1388
900,600,1500,0.1388
907,607,1514,0.1388
901,603,1504,0.1388
902,602,1504,0.1388
902,610,1512,0.1388
900,610,1510,0.1388
902,610,1512,0.1388
893,621,1514,0.1388
892,615,1507,0.1388
891,621,1512,0.1388
884,614,1498,0.1388
887,618,1505,0.1388
880,623,1503,0.1388
872,619,1491,0.1388
867,624,1491,0.1388
862,631,1493,0.1388
855,639,1494,0.1388
848,642,1490,0.1388
858,644,1502,0.1388
864,644,1508,0.1388
865,640,1505,0.1388
868,636,1504,0.1388
863,638,1501,0.1388
864,634,1498,0.1388
858,631,1489,0.1388
867,633,1500,0.1388
873,635,1508,0.1388
873,636,1509,0.1388
866,632,1498,0.1388
865,638,1503,0.1388
856,640,1496,0.1388
856,642,1498,0.1388
868,651,1519,0.1388
863,655,1518,0.1388
860,655,1515,0.1388
855,651,1506,0.1388
851,646,1497,0.1388
848,656,1504,0.1388
846,657,1503,0.1388
840,648,1488,0.1388
846,652,1498,0.1388
830,655,1485,0.1388
830,658,1488,0.1388
835,648,1483,0.1388
833,647,1480,0.1388
825,654,1479,0.1388
826,663,1489,0.1388
831,667,1498,0.1388
841,670,1511,0.1388
848,671,1519,0.1388
849,672,1521,0.1388
845,675,1520,0.1388
838,681,1519,0.1388
836,676,1512,0.1388
828,676,1504,0.1388
824,683,1507,0.1388
825,685,1510,0.1388
826,695,1521,0.1388
828,695,1523,0.1388
828,684,1512,0.1388
829,682,1511,0.1388
827,688,1515,0.1388
829,695,1524,0.1388
825,683,1508,0.1388
824,682,1506,0.1388
812,684,1496,0.1388
812,687,1499,0.1388
819,691,1510,0.1388
823,695,1518,0.1388
825,695,1520,0.1388
828,695,1523,0.1388
814,694,1508,0.1388
800,691,1491,0.1388
802,692,1494,0.1388
810,689,1499,0.1388
818,686,1504,0.1388
820,689,1509,0.1388
818,697,1515,0.1388
821,691,1512,0.1388
818,692,1510,0.1388
811,688,1499,0.1388
814,686,1500,0.1388
814,687,1501,0.1388
812,682,1494,0.1388
807,685,1492,0.1388
809,693,1502,0.1388
806,694,1500,0.1388
808,691,1499,0.1388
807,697,1504,0.1388
811,704,1515,0.1388
810,698,1508,0.1388
810,704,1514,0.1388
811,705,1516,0.1388
815,699,1514,0.1388
806,708,1514,0.1388
801,707,1508,0.1388
803,710,1513,0.1388
799,709,1508,0.1388
796,709,1505,0.1388
788,707,1495,0.1388
794,716,1510,0.1388
797,716,1513,0.1388
797,712,1509,0.1388
796,710,1506,0.1388
783,708,1491,0.1388
776,710,1486,0.1388
788,706,1494,0.1388
794,704,1498,0.1388
792,708,1500,0.1388
801,709,1510,0.1388
802,705,1507,0.1388
812,698,1510,0.1388
804,699,1503,0.1388
799,692,1491,0.1388
792,705,1497,0.1388
785,712,1497,0.1388
786,712,1498,0.1388
785,710,1495,0.1388
793,716,1509,0.1388
797,713,1510,0.1388
797,719,1516,0.1388
806,713,1519,0.1388
800,717,1517,0.1388
798,730,1528,0.1388
791,726,1517,0.1388
805,716,1521,0.1388
799,712,1511,0.1388
801,700,1501,0.1388
789,704,1493,0.1388
787,710,1497,0.1388
781,711,1492,0.1388
776,720,1496,0.1388
782,722,1504,0.1388
785,720,1505,0.1388
784,728,1512,0.1388
784,729,1513,0.1388
775,732,1507,0.1388
767,730,1497,0.1388
773,728,1501,0.1388
774,718,1492,0.1388
764,723,1487,0.1388
770,731,1501,0.1388
754,728,1482,0.1388
764,729,1493,0.1388
758,734,1492,0.1388
755,739,1494,0.1388
759,742,1501,0.1388
772,735,1507,0.1388
773,732,1505,0.1388
774,737,1511,0.1388
760,736,1496,0.1388
759,733,1492,0.1388
769,738,1507,0.1388
771,741,1512,0.1388
769,745,1514,0.1388
767,739,1506,0.1388
772,744,1516,0.1388
772,742,1514,0.1388
772,750,1522,0.1388
770,752,1522,0.1388
764,743,1507,0.1388
777,739,1516,0.1388
773,740,1513,0.1388
774,735,1509,0.1388
766,739,1505,0.1388
772,739,1511,0.1388
767,744,1511,0.1388
769,741,1510,0.1388
774,729,1503,0.1388
772,732,1504,0.1388
776,728,1504,0.1388
762,724,1486,0.1388
766,731,1497,0.1388
772,726,1498,0.1388
772,730,1502,0.1388
775,730,1505,0.1388
769,722,1491,0.1388
762,728,1490,0.1388
759,735,1494,0.1388
758,739,1497,0.1388
771,748,1519,0.1388
772,747,1519,0.1388
767,749,1516,0.1388
760,743,1503,0.1388
770,744,1514,0.1388
768,749,1517,0.1388
754,750,1504,0.1388
751,754,1505,0.1388
746,748,1494,0.1388
741,734,1475,0.1388
738,741,1479,0.1388
733,751,1484,0.1388
740,755,1495,0.1388
732,761,1493,0.1388
733,764,1497,0.1388
741,768,1509,0.1388
738,765,1503,0.1388
733,765,1498,0.1388
739,756,1495,0.1388
739,754,1493,0.1388
742,753,1495,0.1388
739,753,1492,0.1388
734,763,1497,0.1388
739,768,1507,0.1388
751,761,1512,0.1388
750,757,1507,0.1388
745,759,1504,0.1388
745,757,1502,0.1388
739,752,1491,0.1388
746,756,1502,0.1388
742,756,1498,0.1388
739,762,1501,0.1388
753,762,1515,0.1388
759,756,1515,0.1388
749,754,1503,0.1388
751,753,1504,0.1388
751,753,1504,0.1388
747,754,1501,0.1388
744,761,1505,0.1388
746,769,1515,0.1388
749,768,1517,0.1388
757,751,1508,0.1388
753,735,1488,0.1388
752,754,1506,0.1388
755,748,1503,0.1388
756,745,1501,0.1388
762,747,1509,0.1388
759,741,1500,0.1388
750,744,1494,0.1388
750,744,1494,0.1388
745,751,1496,0.1388
743,763,1506,0.1388
740,758,1498,0.1388
748,755,1503,0.1388
747,756,1503,0.1388
751,748,1499,0.1388
750,760,1510,0.1388
743,768,1511,0.1388
747,778,1525,0.1388
744,777,1521,0.1388
745,774,1519,0.1388
736,770,1506,0.1388
732,775,1507,0.1388
737,778,1515,0.1388
733,781,1514,0.1388
736,777,1513,0.1388
736,778,1514,0.1388
735,774,1509,0.1388
738,777,1515,0.1388
735,778,1513,0.1388
728,775,1503,0.1388
723,771,1494,0.1388
718,778,1496,0.1388
723,776,1499,0.1388
725,778,1503,0.1388
729,779,1508,0.1388
720,780,1500,0.1388
734,780,1514,0.1388
730,782,1512,0.1388
729,775,1504,0.1388
737,769,1506,0.1388
737,771,1508,0.1388
725,773,1498,0.1388
720,774,1494,0.1388
728,779,1507,0.1388
730,789,1519,0.1388
732,775,1507,0.1388
729,782,1511,0.1388
724,790,1514,0.1388
714,798,1512,0.1388
717,792,1509,0.1388
715,794,1509,0.1388
711,798,1509,0.1388
716,797,1513,0.1388
714,804,1518,0.1388
706,799,1505,0.1388
699,798,1497,0.1388
691,801,1492,0.1388
686,801,1487,0.1388
675,815,1490,0.1388
678,816,1494,0.1388
688,816,1504,0.1388
686,818,1504,0.1388
698,818,1516,0.1388
693,821,1514,0.1388
695,816,1511,0.1388
696,821,1517,0.1388
694,826,1520,0.1388
688,825,1513,0.1388
686,827,1513,0.1388
682,824,1506,0.1388
683,823,1506,0.1388
677,840,1517,0.1388
680,836,1516,0.1388
686,830,1516,0.1388
682,832,1514,0.1388
683,827,1510,0.1388
685,834,1519,0.1388
691,832,1523,0.1388
682,837,1519,0.1388
686,832,1518,0.1388
690,830,1520,0.1388
688,824,1512,0.1388
686,830,1516,0.1388
678,829,1507,0.1388
677,832,1509,0.1388
674,833,1507,0.1388
669,827,1496,0.1388
666,833,1499,0.1388
650,829,1479,0.1388
658,837,1495,0.1388
656,842,1498,0.1388
660,842,1502,0.1388
660,841,1501,0.1388
661,842,1503,0.1388
657,852,1509,0.1388
658,854,1512,0.1388
657,853,1510,0.1388
655,863,1518,0.1388
645,856,1501,0.1388
640,851,1491,0.1388
634,851,1485,0.1388
639,857,1496,0.1388
632,848,1480,0.1388
628,843,1471,0.1388
633,861,1494,0.1388
637,866,1503,0.1388
641,864,1505,0.1388
640,860,1500,0.1388
644,865,1509,0.1388
642,863,1505,0.1388
647,867,1514,0.1388
640,867,1507,0.1388
642,860,1502,0.1388
637,865,1502,0.1388
645,870,1515,0.1388
640,864,1504,0.1388
638,851,1489,0.1388
634,860,1494,0.1388
631,860,1491,0.1388
631,858,1489,0.1388
631,856,1487,0.1388
634,851,1485,0.1388
627,860,1487,0.1388
630,870,1500,0.1388
634,874,1508,0.1388
636,877,1513,0.1388
639,871,1510,0.1388
622,866,1488,0.1388
626,871,1497,0.1388
631,875,1506,0.1388
629,866,1495,0.1388
636,865,1501,0.1388
631,875,1506,0.1388
627,882,1509,0.1388
623,869,1492,0.1388
629,871,1500,0.1388
628,867,1495,0.1388
629,879,1508,0.1388
633,870,1503,0.1388
638,881,1519,0.1388
631,887,1518,0.1388
639,885,1524,0.1388
641,890,1531,0.1388
635,890,1525,0.1388
638,884,1522,0.1388
634,881,1515,0.1388
630,877,1507,0.1388
625,876,1501,0.1388
630,881,1511,0.1388
630,876,1506,0.1388
620,878,1498,0.1388
627,885,1512,0.1388
619,887,1506,0.1388
618,891,1509,0.1388
615,885,1500,0.1388
611,894,1505,0.1388
623,896,1519,0.1388
628,899,1527,0.1388
628,893,1521,0.1388
623,891,1514,0.1388
623,887,1510,0.1388
620,884,1504,0.1388
624,888,1512,0.1388
624,886,1510,0.1388
617,883,1500,0.1388
614,895,1509,0.1388
614,900,1514,0.1388
616,880,1496,0.1388
624,877,1501,0.1388
622,887,1509,0.1388
619,886,1505,0.1388
622,887,1509,0.1388
612,885,1497,0.1388
616,901,1517,0.1388
615,891,1506,0.1388
616,888,1504,0.1388
615,890,1505,0.1388
611,895,1506,0.1388
603,900,1503,0.1388
609,902,1511,0.1388
607,901,1508,0.1388
599,898,1497,0.1388
602,890,1492,0.1388
607,889,1496,0.1388
611,901,1512,0.1388
616,898,1514,0.1388
607,890,1497,0.1388
604,900,1504,0.1388
597,901,1498,0.1388
591,902,1493,0.1388
594,899,1493,0.1388
594,901,1495,0.1388
594,910,1504,0.1388
591,913,1504,0.1388
593,920,1513,0.1388
592,908,1500,0.1388
595,914,1509,0.1388
599,910,1509,0.1388
602,913,1515,0.1388
598,910,1508,0.1388
596,900,1496,0.1388
599,912,1511,0.1388
597,915,1512,0.1388
598,908,1506,0.1388
604,908,1512,0.1388
600,911,1511,0.1388
605,908,1513,0.1388
602,904,1506,0.1388
602,911,1513,0.1388
599,916,1515,0.1388
601,911,1512,0.1388
599,921,1520,0.1388
593,917,1510,0.1388
586,922,1508,0.1388
580,937,1517,0.1388
586,944,1530,0.1388
591,944,1535,0.1388
591,942,1533,0.1388
575,947,1522,0.1388
577,945,1522,0.1388
578,946,1524,0.1388
578,946,1524,0.1388
583,939,1522,0.1388
586,923,1509,0.1388
578,920,1498,0.1388
576,920,1496,0.1388
572,932,1504,0.1388
564,931,1495,0.1388
560,933,1493,0.1388
556,947,1503,0.1388
558,951,1509,0.1388
550,957,1507,0.1388
547,954,1501,0.1388
547,960,1507,0.1388
554,963,1517,0.1388
562,951,1513,0.1388
558,958,1516,0.1388
564,965,1529,0.1388
564,959,1523,0.1388
562,953,1515,0.1388
558,954,1512,0.1388
558,957,1515,0.1388
555,949,1504,0.1388
552,951,1503,0.1388
556,947,1503,0.1388
556,949,1505,0.1388
563,949,1512,0.1388
564,951,1515,0.1388
561,958,1519,0.1388
554,947,1501,0.1388
552,956,1508,0.1388
556,954,1510,0.1388
560,950,1510,0.1388
557,962,1519,0.1388
562,962,1524,0.1388
557,964,1521,0.1388
557,952,1509,0.1388
563,955,1518,0.1388
561,956,1517,0.1388
555,955,1510,0.1388
557,950,1507,0.1388
558,949,1507,0.1388
563,955,1518,0.1388
559,957,1516,0.1388
558,952,1510,0.1388
560,972,1532,0.1388
565,951,1516,0.1388
565,949,1514,0.1388
561,948,1509,0.1388
556,949,1505,0.1388
556,955,1511,0.1388
555,960,1515,0.1388
558,968,1526,0.1388
554,971,1525,0.1388
557,963,1520,0.1388
556,971,1527,0.1388
555,960,1515,0.1388
560,966,1526,0.1388
560,968,1528,0.1388
549,970,1519,0.1388
547,967,1514,0.1388
549,967,1516,0.1388
544,970,1514,0.1388
538,971,1509,0.1388
541,971,1512,0.1388
539,968,1507,0.1388
542,956,1498,0.1388
543,959,1502,0.1388
543,959,1502,0.1388
532,967,1499,0.1388
537,968,1505,0.1388
530,963,1493,0.1388
535,975,1510,0.1388
532,974,1506,0.1388
534,983,1517,0.1388
547,977,1524,0.1388
542,970,1512,0.1388
539,977,1516,0.1388
534,966,1500,0.1388
539,976,1515,0.1388
540,988,1528,0.1388
534,983,1517,0.1388
529,985,1514,0.1388
526,984,1510,0.1388
532,989,1521,0.1388
527,984,1511,0.1388
527,988,1515,0.1388
528,990,1518,0.1388
514,978,1492,0.1388
514,970,1484,0.1388
523,985,1508,0.1388
519,981,1500,0.1388
516,984,1500,0.1388
521,998,1519,0.1388
521,995,1516,0.1388
526,980,1506,0.1388
533,975,1508,0.1388
534,975,1509,0.1388
538,984,1522,0.1388
533,975,1508,0.1388
529,988,1517,0.1388
528,990,1518,0.1388
524,983,1507,0.1388
516,971,1487,0.1388
520,981,1501,0.1388
528,982,1510,0.1388
526,982,1508,0.1388
529,980,1509,0.1388
534,980,1514,0.1388
533,970,1503,0.1388
530,966,1496,0.1388
534,963,1497,0.1388
535,980,1515,0.1388
540,985,1525,0.1388
534,971,1505,0.1388
539,967,1506,0.1388
541,974,1515,0.1388
539,981,1520,0.1388
542,979,1521,0.1388
534,980,1514,0.1388
530,975,1505,0.1388
532,972,1504,0.1388
531,980,1511,0.1388
529,989,1518,0.1388
527,986,1513,0.1388
526,991,1517,0.1388
530,991,1521,0.1388
529,981,1510,0.1388
521,992,1513,0.1388
523,988,1511,0.1388
526,982,1508,0.1388
518,1001,1519,0.1388
516,997,1513,0.1388
513,991,1504,0.1388
510,993,1503,0.1388
513,995,1508,0.1388
510,996,1506,0.1388
508,1008,1516,0.1388
500,1003,1503,0.1388
507,1011,1518,0.1388
502,1020,1522,0.1388
503,1017,1520,0.1388
500,1019,1519,0.1388
491,1017,1508,0.1388
489,1026,1515,0.1388
488,1022,1510,0.1388
492,1008,1500,0.1388
498,1016,1514,0.1388
492,1025,1517,0.1388
492,1011,1503,0.1388
482,1012,1494,0.1388
478,1008,1486,0.1388
476,1013,1489,0.1388
490,1012,1502,0.1388
488,1009,1497,0.1388
491,1013,1504,0.1388
480,1012,1492,0.1388
479,1020,1499,0.1388
483,1034,1517,0.1388
478,1043,1521,0.1388
473,1036,1509,0.1388
466,1036,1502,0.1388
473,1040,1513,0.1388
469,1041,1510,0.1388
482,1033,1515,0.1388
486,1046,1532,0.1388
478,1041,1519,0.1388
478,1039,1517,0.1388
466,1027,1493,0.1388
474,1028,1502,0.1388
475,1039,1514,0.1388
474,1036,1510,0.1388
469,1037,1506,0.1388
468,1044,1512,0.1388
470,1037,1507,0.1388
474,1044,1518,0.1388
476,1035,1511,0.1388
466,1044,1510,0.1388
460,1045,1505,0.1388
462,1048,1510,0.1388
465,1057,1522,0.1388
457,1050,1507,0.1388
459,1048,1507,0.1388
473,1048,1521,0.1388
472,1047,1519,0.1388
465,1046,1511,0.1388
465,1045,1510,0.1388
457,1053,1510,0.1388
463,1052,1515,0.1388
466,1053,1519,0.1388
457,1048,1505,0.1388
450,1061,1511,0.1388
449,1042,1491,0.1388
458,1045,1503,0.1388
458,1049,1507,0.1388
463,1037,1500,0.1388
459,1046,1505,0.1388
459,1054,1513,0.1388
463,1049,1512,0.1388
457,1053,1510,0.1388
460,1057,1517,0.1388
454,1046,1500,0.1388
454,1052,1506,0.1388
457,1050,1507,0.1388
462,1050,1512,0.1388
459,1055,1514,0.1388
457,1048,1505,0.1388
460,1049,1509,0.1388
460,1040,1500,0.1388
454,1039,1493,0.1388
458,1045,1503,0.1388
464,1049,1513,0.1388
464,1041,1505,0.1388
452,1048,1500,0.1388
457,1051,1508,0.1388
456,1054,1510,0.1388
451,1042,1493,0.1388
458,1055,1513,0.1388
457,1049,1506,0.1388
455,1048,1503,0.1388
448,1052,1500,0.1388
450,1052,1502,0.1388
439,1058,1497,0.1388
446,1062,1508,0.1388
445,1064,1509,0.1388
437,1058,1495,0.1388
440,1056,1496,0.1388
442,1051,1493,0.1388
446,1052,1498,0.1388
446,1052,1498,0.1388
449,1065,1514,0.1388
444,1074,1518,0.1388
440,1063,1503,0.1388
431,1069,1500,0.1388
436,1072,1508,0.1388
434,1080,1514,0.1388
431,1093,1524,0.1388
430,1092,1522,0.1388
427,1094,1521,0.1388
426,1083,1509,0.1388
423,1069,1492,0.1388
426,1068,1494,0.1388
433,1050,1483,0.1388
431,1074,1505,0.1388
431,1081,1512,0.1388
434,1084,1518,0.1388
428,1079,1507,0.1388
428,1081,1509,0.1388
426,1094,1520,0.1388
420,1097,1517,0.1388
421,1085,1506,0.1388
417,1097,1514,0.1388
421,1106,1527,0.1388
416,1117,1533,0.1388
412,1113,1525,0.1388
405,1113,1518,0.1388
413,1104,1517,0.1388
415,1100,1515,0.1388
415,1096,1511,0.1388
414,1081,1495,0.1388
414,1090,1504,0.1388
412,1086,1498,0.1388
418,1096,1514,0.1388
411,1098,1509,0.1388
416,1100,1516,0.1388
409,1094,1503,0.1388
405,1099,1504,0.1388
410,1100,1510,0.1388
416,1113,1529,0.1388
412,1109,1521,0.1388
416,1097,1513,0.1388
421,1101,1522,0.1388
417,1098,1515,0.1388
414,1096,1510,0.1388
409,1098,1507,0.1388
403,1100,1503,0.1388
410,1102,1512,0.1388
419,1108,1527,0.1388
420,1105,1525,0.1388
418,1093,1511,0.1388
417,1090,1507,0.1388
421,1086,1507,0.1388
420,1090,1510,0.1388
416,1099,1515,0.1388
419,1100,1519,0.1388
416,1091,1507,0.1388
417,1079,1496,0.1388
413,1093,1506,0.1388
412,1097,1509,0.1388
411,1103,1514,0.1388
411,1102,1513,0.1388
407,1100,1507,0.1388
408,1107,1515,0.1388
396,1109,1505,0.1388
399,1125,1524,0.1388
406,1122,1528,0.1388
405,1122,1527,0.1388
410,1119,1529,0.1388
413,1123,1536,0.1388
416,1119,1535,0.1388
404,1111,1515,0.1388
405,1097,1502,0.1388
400,1101,1501,0.1388
394,1115,1509,0.1388
395,1110,1505,0.1388
393,1125,1518,0.1388
390,1130,1520,0.1388
391,1122,1513,0.1388
388,1117,1505,0.1388
387,1124,1511,0.1388
386,1120,1506,0.1388
392,1114,1506,0.1388
386,1126,1512,0.1388
386,1131,1517,0.1388
381,1130,1511,0.1388
374,1129,1503,0.1388
372,1130,1502,0.1388
381,1129,1510,0.1388
380,1136,1516,0.1388
380,1132,1512,0.1388
377,1139,1516,0.1388
377,1148,1525,0.1388
380,1139,1519,0.1388
377,1126,1503,0.1388
373,1118,1491,0.1388
378,1118,1496,0.1388
381,1120,1501,0.1388
384,1117,1501,0.1388
394,1123,1517,0.1388
388,1117,1505,0.1388
392,1121,1513,0.1388
391,1114,1505,0.1388
391,1116,1507,0.1388
381,1118,1499,0.1388
380,1122,1502,0.1388
381,1120,1501,0.1388
380,1134,1514,0.1388
380,1137,1517,0.1388
372,1126,1498,0.1388
367,1137,1504,0.1388
372,1143,1515,0.1388
374,1128,1502,0.1388
376,1137,1513,0.1388
376,1136,1512,0.1388
375,1144,1519,0.1388
379,1141,1520,0.1388
375,1133,1508,0.1388
377,1143,1520,0.1388
374,1132,1506,0.1388
374,1140,1514,0.1388
375,1141,1516,0.1388
365,1148,1513,0.1388
364,1151,1515,0.1388
358,1147,1505,0.1388
360,1153,1513,0.1388
360,1156,1516,0.1388
366,1152,1518,0.1388
363,1140,1503,0.1388
360,1136,1496,0.1388
370,1141,1511,0.1388
370,1153,1523,0.1388
369,1153,1522,0.1388
365,1162,1527,0.1388
361,1168,1529,0.1388
356,1151,1507,0.1388
352,1154,1506,0.1388
353,1160,1513,0.1388
354,1152,1506,0.1388
354,1162,1516,0.1388
356,1161,1517,0.1388
356,1167,1523,0.1388
357,1158,1515,0.1388
357,1172,1529,0.1388
361,1162,1523,0.1388
359,1166,1525,0.1388
359,1166,1525,0.1388
351,1174,1525,0.1388
357,1180,1537,0.1388
355,1176,1531,0.1388
359,1168,1527,0.1388
357,1162,1519,0.1388
354,1171,1525,0.1388
355,1180,1535,0.1388
350,1178,1528,0.1388
346,1185,1531,0.1388
344,1185,1529,0.1388
340,1180,1520,0.1388
337,1173,1510,0.1388
335,1170,1505,0.1388
336,1181,1517,0.1388
347,1167,1514,0.1388
344,1158,1502,0.1388
340,1168,1508,0.1388
336,1183,1519,0.1388
335,1188,1523,0.1388
332,1187,1519,0.1388
338,1176,1514,0.1388
336,1175,1511,0.1388
330,1167,1497,0.1388
327,1170,1497,0.1388
331,1175,1506,0.1388
334,1182,1516,0.1388
334,1183,1517,0.1388
333,1179,1512,0.1388
331,1181,1512,0.1388
330,1182,1512,0.1388
324,1174,1498,0.1388
327,1189,1516,0.1388
326,1191,1517,0.1388
323,1181,1504,0.1388
327,1172,1499,0.1388
323,1178,1501,0.1388
324,1174,1498,0.1388
319,1180,1499,0.1388
326,1187,1513,0.1388
324,1189,1513,0.1388
333,1186,1519,0.1388
331,1188,1519,0.1388
323,1188,1511,0.1388
323,1181,1504,0.1388
325,1176,1501,0.1388
330,1177,1507,0.1388
328,1169,1497,0.1388
331,1170,1501,0.1388
333,1175,1508,0.1388
336,1172,1508,0.1388
340,1168,1508,0.1388
329,1179,1508,0.1388
333,1180,1513,0.1388
343,1163,1506,0.1388
337,1177,1514,0.1388
330,1175,1505,0.1388
324,1172,1496,0.1388
330,1177,1507,0.1388
331,1164,1495,0.1388
334,1177,1511,0.1388
331,1182,1513,0.1388
328,1173,1501,0.1388
328,1175,1503,0.1388
326,1186,1512,0.1388
327,1187,1514,0.1388
320,1192,1512,0.1388
322,1179,1501,0.1388
327,1190,1517,0.1388
331,1187,1518,0.1388
331,1195,1526,0.1388
328,1192,1520,0.1388
326,1196,1522,0.1388
328,1189,1517,0.1388
327,1193,1520,0.1388
326,1193,1519,0.1388
321,1192,1513,0.1388
319,1197,1516,0.1388
321,1197,1518,0.1388
324,1194,1518,0.1388
317,1184,1501,0.1388
317,1197,1514,0.1388
318,1191,1509,0.1388
316,1181,1497,0.1388
312,1200,1512,0.1388
315,1201,1516,0.1388
314,1202,1516,0.1388
312,1205,1517,0.1388
316,1216,1532,0.1388
314,1204,1518,0.1388
319,1197,1516,0.1388
314,1197,1511,0.1388
313,1205,1518,0.1388
307,1207,1514,0.1388
300,1207,1507,0.1388
301,1217,1518,0.1388
299,1235,1534,0.1388
297,1227,1524,0.1388
296,1219,1515,0.1388
295,1232,1527,0.1388
289,1231,1520,0.1388
288,1235,1523,0.1388
289,1226,1515,0.1388
285,1223,1508,0.1388
281,1224,1505,0.1388
282,1227,1509,0.1388
276,1226,1502,0.1388
278,1237,1515,0.1388
281,1236,1517,0.1388
274,1240,1514,0.1388
274,1255,1529,0.1388
270,1251,1521,0.1388
276,1246,1522,0.1388
273,1248,1521,0.1388
269,1249,1518,0.1388
268,1259,1527,0.1388
260,1270,1530,0.1388
259,1271,1530,0.1388
257,1265,1522,0.1388
258,1260,1518,0.1388
264,1248,1512,0.1388
265,1228,1493,0.1388
261,1232,1493,0.1388
262,1240,1502,0.1388
263,1242,1505,0.1388
272,1231,1503,0.1388
274,1234,1508,0.1388
269,1244,1513,0.1388
264,1229,1493,0.1388
264,1234,1498,0.1388
262,1245,1507,0.1388
258,1249,1507,0.1388
256,1260,1516,0.1388
257,1262,1519,0.1388
255,1259,1514,0.1388
261,1249,1510,0.1388
265,1263,1528,0.1388
266,1263,1529,0.1388
257,1247,1504,0.1388
259,1249,1508,0.1388
258,1240,1498,0.1388
253,1246,1499,0.1388
258,1244,1502,0.1388
258,1248,1506,0.1388
259,1253,1512,0.1388
258,1256,1514,0.1388
260,1259,1519,0.1388
260,1259,1519,0.1388
254,1267,1521,0.1388
253,1255,1508,0.1388
256,1268,1524,0.1388
250,1267,1517,0.1388
250,1267,1517,0.1388
250,1265,1515,0.1388
251,1262,1513,0.1388
253,1258,1511,0.1388
254,1260,1514,0.1388
257,1255,1512,0.1388
253,1250,1503,0.1388
251,1251,1502,0.1388
254,1254,1508,0.1388
252,1244,1496,0.1388
258,1239,1497,0.1388
255,1240,1495,0.1388
251,1254,1505,0.1388
246,1248,1494,0.1388
253,1249,1502,0.1388
254,1250,1504,0.1388
256,1251,1507,0.1388
257,1257,1514,0.1388
253,1270,1523,0.1388
247,1279,1526,0.1388
238,1278,1516,0.1388
246,1278,1524,0.1388
241,1274,1515,0.1388
254,1277,1531,0.1388
250,1273,1523,0.1388
247,1268,1515,0.1388
244,1278,1522,0.1388
245,1277,1522,0.1388
241,1278,1519,0.1388
246,1270,1516,0.1388
247,1265,1512,0.1388
245,1263,1508,0.1388
242,1271,1513,0.1388
243,1279,1522,0.1388
244,1284,1528,0.1388
242,1287,1529,0.1388
239,1274,1513,0.1388
238,1276,1514,0.1388
238,1270,1508,0.1388
234,1281,1515,0.1388
238,1283,1521,0.1388
237,1276,1513,0.1388
237,1279,1516,0.1388
232,1285,1517,0.1388
226,1280,1506,0.1388
225,1272,1497,0.1388
228,1261,1489,0.1388
226,1253,1479,0.1388
226,1258,1484,0.1388
228,1259,1487,0.1388
231,1259,1490,0.1388
233,1268,1501,0.1388
235,1285,1520,0.1388
231,1282,1513,0.1388
232,1273,1505,0.1388
236,1289,1525,0.1388
232,1280,1512,0.1388
236,1277,1513,0.1388
235,1285,1520,0.1388
234,1283,1517,0.1388
228,1277,1505,0.1388
228,1284,1512,0.1388
224,1282,1506,0.1388
224,1283,1507,0.1388
223,1283,1506,0.1388
225,1278,1503,0.1388
229,1283,1512,0.1388
223,1299,1522,0.1388
220,1302,1522,0.1388
220,1304,1524,0.1388
225,1293,1518,0.1388
225,1293,1518,0.1388
218,1295,1513,0.1388
219,1302,1521,0.1388
220,1292,1512,0.1388
223,1293,1516,0.1388
219,1300,1519,0.1388
224,1292,1516,0.1388
226,1287,1513,0.1388
228,1288,1516,0.1388
218,1307,1525,0.1388
218,1303,1521,0.1388
222,1291,1513,0.1388
224,1305,1529,0.1388
223,1298,1521,0.1388
223,1296,1519,0.1388
222,1296,1518,0.1388
220,1299,1519,0.1388
221,1298,1519,0.1388
213,1292,1505,0.1388
216,1291,1507,0.1388
215,1302,1517,0.1388
212,1304,1516,0.1388
214,1310,1524,0.1388
215,1310,1525,0.1388
218,1312,1530,0.1388
216,1313,1529,0.1388
214,1310,1524,0.1388
211,1301,1512,0.1388
211,1304,1515,0.1388
208,1299,1507,0.1388
207,1307,1514,0.1388
209,1307,1516,0.1388
210,1309,1519,0.1388
211,1290,1501,0.1388
213,1299,1512,0.1388
212,1294,1506,0.1388
213,1297,1510,0.1388
215,1297,1512,0.1388
213,1297,1510,0.1388
215,1303,1518,0.1388
212,1308,1520,0.1388
204,1305,1509,0.1388
204,1301,1505,0.1388
206,1305,1511,0.1388
202,1317,1519,0.1388
203,1310,1513,0.1388
205,1304,1509,0.1388
208,1306,1514,0.1388
205,1318,1523,0.1388
205,1312,1517,0.1388
201,1318,1519,0.1388
204,1323,1527,0.1388
204,1313,1517,0.1388
200,1315,1515,0.1388
203,1326,1529,0.1388
202,1319,1521,0.1388
206,1326,1532,0.1388
204,1329,1533,0.1388
203,1328,1531,0.1388
203,1317,1520,0.1388
202,1328,1530,0.1388
206,1323,1529,0.1388
209,1308,1517,0.1388
208,1304,1512,0.1388
209,1300,1509,0.1388
206,1302,1508,0.1388
201,1296,1497,0.1388
200,1308,1508,0.1388
197,1305,1502,0.1388
193,1315,1508,0.1388
195,1310,1505,0.1388
195,1316,1511,0.1388
190,1312,1502,0.1388
191,1326,1517,0.1388
188,1324,1512,0.1388
189,1324,1513,0.1388
186,1323,1509,0.1388
187,1328,1515,0.1388
185,1329,1514,0.1388
184,1330,1514,0.1388
177,1331,1508,0.1388
174,1334,1508,0.1388
180,1338,1518,0.1388
182,1342,1524,0.1388
182,1345,1527,0.1388
183,1343,1526,0.1388
185,1348,1533,0.1388
181,1340,1521,0.1388
178,1340,1518,0.1388
179,1334,1513,0.1388
180,1330,1510,0.1388
181,1323,1504,0.1388
179,1339,1518,0.1388
177,1344,1521,0.1388
175,1332,1507,0.1388
174,1328,1502,0.1388
174,1333,1507,0.1388
176,1324,1500,0.1388
177,1328,1505,0.1388
180,1333,1513,0.1388
179,1340,1519,0.1388
177,1343,1520,0.1388
182,1334,1516,0.1388
185,1332,1517,0.1388
183,1326,1509,0.1388
179,1337,1516,0.1388
177,1350,1527,0.1388
178,1343,1521,0.1388
178,1343,1521,0.1388
175,1343,1518,0.1388
179,1327,1506,0.1388
182,1328,1510,0.1388
180,1337,1517,0.1388
184,1344,1528,0.1388
180,1332,1512,0.1388
174,1330,1504,0.1388
176,1337,1513,0.1388
180,1338,1518,0.1388
175,1346,1521,0.1388
175,1348,1523,0.1388
172,1334,1506,0.1388
173,1340,1513,0.1388
169,1325,1494,0.1388
166,1342,1508,0.1388
160,1344,1504,0.1388
160,1346,1506,0.1388
165,1359,1524,0.1388
165,1351,1516,0.1388
166,1362,1528,0.1388
163,1356,1519,0.1388
162,1357,1519,0.1388
162,1359,1521,0.1388
163,1354,1517,0.1388
159,1351,1510,0.1388
157,1371,1528,0.1388
153,1362,1515,0.1388
156,1356,1512,0.1388
160,1354,1514,0.1388
163,1347,1510,0.1388
158,1347,1505,0.1388
156,1352,1508,0.1388
162,1355,1517,0.1388
159,1363,1522,0.1388
159,1349,1508,0.1388
155,1359,1514,0.1388
156,1369,1525,0.1388
153,1353,1506,0.1388
158,1350,1508,0.1388
156,1351,1507,0.1388
159,1349,1508,0.1388
158,1355,1513,0.1388
160,1346,1506,0.1388
158,1348,1506,0.1388
158,1358,1516,0.1388
158,1351,1509,0.1388
153,1366,1519,0.1388
151,1372,1523,0.1388
148,1371,1519,0.1388
150,1354,1504,0.1388
151,1361,1512,0.1388
153,1356,1509,0.1388
155,1351,1506,0.1388
155,1352,1507,0.1388
150,1365,1515,0.1388
147,1375,1522,0.1388
142,1379,1521,0.1388
141,1381,1522,0.1388
144,1372,1516,0.1388
145,1377,1522,0.1388
147,1391,1538,0.1388
149,1374,1523,0.1388
150,1378,1528,0.1388
150,1380,1530,0.1388
152,1366,1518,0.1388
150,1365,1515,0.1388
146,1366,1512,0.1388
147,1363,1510,0.1388
144,1362,1506,0.1388
142,1365,1507,0.1388
145,1370,1515,0.1388
142,1365,1507,0.1388
139,1361,1500,0.1388
143,1364,1507,0.1388
140,1355,1495,0.1388
139,1383,1522,0.1388
138,1376,1514,0.1388
133,1368,1501,0.1388
136,1374,1510,0.1388
137,1370,1507,0.1388
138,1373,1511,0.1388
133,1374,1507,0.1388
134,1367,1501,0.1388
134,1382,1516,0.1388
131,1384,1515,0.1388
135,1382,1517,0.1388
133,1394,1527,0.1388
136,1388,1524,0.1388
139,1380,1519,0.1388
140,1383,1523,0.1388
140,1389,1529,0.1388
141,1394,1535,0.1388
140,1375,1515,0.1388
140,1376,1516,0.1388
139,1377,1516,0.1388
139,1373,1512,0.1388
137,1384,1521,0.1388
136,1376,1512,0.1388
134,1380,1514,0.1388
141,1361,1502,0.1388
138,1374,1512,0.1388
140,1368,1508,0.1388
140,1362,1502,0.1388
139,1365,1504,0.1388
136,1373,1509,0.1388
141,1382,1523,0.1388
140,1379,1519,0.1388
139,1382,1521,0.1388
139,1379,1518,0.1388
139,1373,1512,0.1388
137,1375,1512,0.1388
140,1385,1525,0.1388
146,1385,1531,0.1388
146,1371,1517,0.1388
145,1359,1504,0.1388
146,1370,1516,0.1388
149,1373,1522,0.1388
147,1380,1527,0.1388
146,1377,1523,0.1388
148,1385,1533,0.1388
145,1388,1533,0.1388
148,1375,1523,0.1388
149,1380,1529,0.1388
148,1376,1524,0.1388
148,1368,1516,0.1388
150,1364,1514,0.1388
152,1365,1517,0.1388
151,1362,1513,0.1388
151,1340,1491,0.1388
153,1349,1502,0.1388
150,1355,1505,0.1388
154,1360,1514,0.1388
151,1345,1496,0.1388
156,1353,1509,0.1388
153,1355,1508,0.1388
153,1366,1519,0.1388
150,1360,1510,0.1388
150,1357,1507,0.1388
151,1350,1501,0.1388
148,1354,1502,0.1388
147,1364,1511,0.1388
143,1370,1513,0.1388
144,1363,1507,0.1388
142,1371,1513,0.1388
141,1372,1513,0.1388
144,1365,1509,0.1388
150,1356,1506,0.1388
148,1363,1511,0.1388
148,1346,1494,0.1388
151,1352,1503,0.1388
147,1350,1497,0.1388
145,1371,1516,0.1388
144,1360,1504,0.1388
147,1357,1504,0.1388
146,1355,1501,0.1388
151,1363,1514,0.1388
149,1367,1516,0.1388
149,1365,1514,0.1388
148,1381,1529,0.1388
146,1369,1515,0.1388
149,1376,1525,0.1388
154,1370,1524,0.1388
152,1367,1519,0.1388
153,1371,1524,0.1388
149,1382,1531,0.1388
153,1381,1534,0.1388
154,1372,1526,0.1388
151,1372,1523,0.1388
149,1375,1524,0.1388
149,1369,1518,0.1388
150,1367,1517,0.1388
147,1377,1524,0.1388
149,1367,1516,0.1388
147,1357,1504,0.1388
146,1361,1507,0.1388
144,1365,1509,0.1388
145,1376,1521,0.1388
144,1374,1518,0.1388
144,1358,1502,0.1388
146,1365,1511,0.1388
149,1370,1519,0.1388
150,1377,1527,0.1388
146,1371,1517,0.1388
145,1380,1525,0.1388
143,1391,1534,0.1388
141,1368,1509,0.1388
138,1366,1504,0.1388
133,1366,1499,0.1388
136,1377,1513,0.1388
134,1374,1508,0.1388
128,1387,1515,0.1388
123,1382,1505,0.1388
123,1385,1508,0.1388
124,1401,1525,0.1388
125,1402,1527,0.1388
121,1394,1515,0.1388
122,1400,1522,0.1388
121,1399,1520,0.1388
120,1401,1521,0.1388
120,1416,1536,0.1388
120,1410,1530,0.1388
118,1400,1518,0.1388
116,1394,1510,0.1388
118,1391,1509,0.1388
116,1401,1517,0.1388
117,1397,1514,0.1388
121,1409,1530,0.1388
122,1403,1525,0.1388
126,1398,1524,0.1388
126,1388,1514,0.1388
123,1401,1524,0.1388
125,1389,1514,0.1388
122,1385,1507,0.1388
120,1395,1515,0.1388
118,1399,1517,0.1388
119,1397,1516,0.1388
120,1395,1515,0.1388
121,1401,1522,0.1388
125,1402,1527,0.1388
128,1390,1518,0.1388
127,1396,1523,0.1388
121,1406,1527,0.1388
123,1402,1525,0.1388
120,1393,1513,0.1388
116,1397,1513,0.1388
120,1386,1506,0.1388
119,1385,1504,0.1388
119,1394,1513,0.1388
119,1395,1514,0.1388
116,1393,1509,0.1388
116,1395,1511,0.1388
116,1391,1507,0.1388
117,1385,1502,0.1388
119,1395,1514,0.1388
121,1397,1518,0.1388
123,1403,1526,0.1388
118,1396,1514,0.1388
118,1400,1518,0.1388
115,1402,1517,0.1388
114,1412,1526,0.1388
116,1411,1527,0.1388
114,1401,1515,0.1388
115,1404,1519,0.1388
118,1391,1509,0.1388
118,1397,1515,0.1388
117,1417,1534,0.1388
118,1431,1549,0.1388
116,1418,1534,0.1388
113,1406,1519,0.1388
113,1407,1520,0.1388
110,1411,1521,0.1388
111,1408,1519,0.1388
111,1393,1504,0.1388
112,1386,1498,0.1388
115,1392,1507,0.1388
114,1398,1512,0.1388
116,1396,1512,0.1388
113,1401,1514,0.1388
113,1408,1521,0.1388
112,1410,1522,0.1388
113,1406,1519,0.1388
110,1403,1513,0.1388
108,1402,1510,0.1388
111,1386,1497,0.1388
112,1398,1510,0.1388
111,1389,1500,0.1388
110,1382,1492,0.1388
110,1379,1489,0.1388
106,1387,1493,0.1388
105,1378,1483,0.1388
102,1394,1496,0.1388
102,1409,1511,0.1388
102,1420,1522,0.1388
100,1428,1528,0.1388
101,1415,1516,0.1388
103,1424,1527,0.1388
102,1422,1524,0.1388
98,1425,1523,0.1388
98,1425,1523,0.1388
98,1416,1514,0.1388
98,1419,1517,0.1388
99,1401,1500,0.1388
100,1406,1506,0.1388
104,1413,1517,0.1388
104,1421,1525,0.1388
101,1408,1509,0.1388
100,1415,1515,0.1388
99,1416,1515,0.1388
101,1409,1510,0.1388
98,1414,1512,0.1388
99,1406,1505,0.1388
97,1410,1507,0.1388
100,1418,1518,0.1388
100,1419,1519,0.1388
100,1417,1517,0.1388
101,1419,1520,0.1388
97,1423,1520,0.1388
100,1418,1518,0.1388
99,1409,1508,0.1388
98,1409,1507,0.1388
96,1406,1502,0.1388
95,1420,1515,0.1388
93,1414,1507,0.1388
99,1409,1508,0.1388
99,1409,1508,0.1388
101,1402,1503,0.1388
101,1390,1491,0.1388
98,1404,1502,0.1388
100,1409,1509,0.1388
100,1415,1515,0.1388
101,1409,1510,0.1388
99,1406,1505,0.1388
101,1403,1504,0.1388
102,1403,1505,0.1388
102,1417,1519,0.1388
104,1413,1517,0.1388
102,1426,1528,0.1388
103,1425,1528,0.1388
105,1429,1534,0.1388
100,1425,1525,0.1388
98,1420,1518,0.1388
99,1415,1514,0.1388
93,1420,1513,0.1388
94,1413,1507,0.1388
94,1420,1514,0.1388
95,1428,1523,0.1388
94,1431,1525,0.1388
94,1426,1520,0.1388
95,1418,1513,0.1388
93,1421,1514,0.1388
94,1421,1515,0.1388
89,1426,1515,0.1388
87,1429,1516,0.1388
88,1421,1509,0.1388
87,1423,1510,0.1388
89,1416,1505,0.1388
92,1410,1502,0.1388
91,1423,1514,0.1388
89,1440,1529,0.1388
88,1426,1514,0.1388
86,1419,1505,0.1388
87,1422,1509,0.1388
87,1428,1515,0.1388
88,1431,1519,0.1388
85,1418,1503,0.1388
86,1423,1509,0.1388
88,1418,1506,0.1388
88,1421,1509,0.1388
87,1422,1509,0.1388
89,1434,1523,0.1388
90,1434,1524,0.1388
91,1433,1524,0.1388
91,1423,1514,0.1388
90,1426,1516,0.1388
94,1428,1522,0.1388
94,1429,1523,0.1388
95,1434,1529,0.1388
95,1429,1524,0.1388
94,1422,1516,0.1388
91,1422,1513,0.1388
93,1422,1515,0.1388
92,1424,1516,0.1388
95,1421,1516,0.1388
93,1435,1528,0.1388
91,1425,1516,0.1388
94,1424,1518,0.1388
96,1425,1521,0.1388
95,1424,1519,0.1388
94,1422,1516,0.1388
92,1418,1510,0.1388
91,1416,1507,0.1388
90,1432,1522,0.1388
90,1419,1509,0.1388
91,1422,1513,0.1388
88,1424,1512,0.1388
89,1419,1508,0.1388
86,1422,1508,0.1388
86,1421,1507,0.1388
86,1419,1505,0.1388
84,1412,1496,0.1388
85,1422,1507,0.1388
88,1430,1518,0.1388
84,1426,1510,0.1388
85,1434,1519,0.1388
82,1431,1513,0.1388
83,1428,1511,0.1388
88,1422,1510,0.1388
86,1414,1500,0.1388
85,1413,1498,0.1388
88,1420,1508,0.1388
89,1420,1509,0.1388
92,1429,1521,0.1388
89,1431,1520,0.1388
88,1432,1520,0.1388
91,1444,1535,0.1388
91,1424,1515,0.1388
91,1429,1520,0.1388
92,1429,1521,0.1388
92,1426,1518,0.1388
95,1430,1525,0.1388
91,1427,1518,0.1388
88,1426,1514,0.1388
88,1420,1508,0.1388
89,1423,1512,0.1388
88,1426,1514,0.1388
88,1421,1509,0.1388
88,1416,1504,0.1388
87,1430,1517,0.1388
84,1428,1512,0.1388
83,1428,1511,0.1388
85,1416,1501,0.1388
85,1419,1504,0.1388
83,1424,1507,0.1388
83,1425,1508,0.1388
84,1413,1497,0.1388
86,1427,1513,0.1388
86,1430,1516,0.1388
88,1428,1516,0.1388
86,1436,1522,0.1388
86,1432,1518,0.1388
88,1426,1514,0.1388
85,1433,1518,0.1388
86,1440,1526,0.1388
82,1437,1519,0.1388
82,1441,1523,0.1388
80,1449,1529,0.1388
77,1438,1515,0.1388
78,1437,1515,0.1388
75,1441,1516,0.1388
76,1449,1525,0.1388
80,1448,1528,0.1388
74,1449,1523,0.1388
75,1438,1513,0.1388
74,1445,1519,0.1388
74,1456,1530,0.1388
75,1439,1514,0.1388
72,1438,1510,0.1388
72,1434,1506,0.1388
68,1452,1520,0.1388
69,1469,1538,0.1388
67,1458,1525,0.1388
66,1443,1509,0.1388
65,1449,1514,0.1388
66,1451,1517,0.1388
69,1458,1527,0.1388
69,1454,1523,0.1388
67,1464,1531,0.1388
59,1458,1517,0.1388
59,1454,1513,0.1388
63,1453,1516,0.1388
62,1463,1525,0.1388
60,1455,1515,0.1388
61,1462,1523,0.1388
62,1466,1528,0.1388
65,1458,1523,0.1388
67,1453,1520,0.1388
67,1447,1514,0.1388
67,1441,1508,0.1388
69,1431,1500,0.1388
69,1438,1507,0.1388
71,1435,1506,0.1388
70,1433,1503,0.1388
71,1456,1527,0.1388
71,1461,1532,0.1388
67,1459,1526,0.1388
68,1456,1524,0.1388
64,1464,1528,0.1388
64,1454,1518,0.1388
63,1455,1518,0.1388
63,1430,1493,0.1388
62,1436,1498,0.1388
65,1440,1505,0.1388
63,1442,1505,0.1388
61,1450,1511,0.1388
63,1454,1517,0.1388
66,1466,1532,0.1388
64,1456,1520,0.1388
61,1450,1511,0.1388
62,1449,1511,0.1388
59,1457,1516,0.1388
58,1454,1512,0.1388
60,1454,1514,0.1388
60,1457,1517,0.1388
62,1463,1525,0.1388
59,1459,1518,0.1388
61,1460,1521,0.1388
61,1445,1506,0.1388
61,1462,1523,0.1388
59,1458,1517,0.1388
61,1452,1513,0.1388
58,1460,1518,0.1388
57,1475,1532,0.1388
55,1469,1524,0.1388
54,1459,1513,0.1388
52,1463,1515,0.1388
53,1472,1525,0.1388
50,1470,1520,0.1388
53,1459,1512,0.1388
53,1458,1511,0.1388
51,1452,1503,0.1388
52,1457,1509,0.1388
51,1441,1492,0.1388
49,1443,1492,0.1388
49,1458,1507,0.1388
52,1446,1498,0.1388
52,1448,1500,0.1388
52,1458,1510,0.1388
51,1456,1507,0.1388
52,1460,1512,0.1388
54,1447,1501,0.1388
54,1460,1514,0.1388
54,1460,1514,0.1388
54,1452,1506,0.1388
52,1455,1507,0.1388
53,1457,1510,0.1388
54,1445,1499,0.1388
56,1454,1510,0.1388
58,1457,1515,0.1388
58,1459,1517,0.1388
59,1463,1522,0.1388
59,1464,1523,0.1388
59,1457,1516,0.1388
56,1474,1530,0.1388
58,1473,1531,0.1388
59,1462,1521,0.1388
57,1460,1517,0.1388
58,1470,1528,0.1388
58,1468,1526,0.1388
57,1457,1514,0.1388
57,1471,1528,0.1388
58,1468,1526,0.1388
54,1461,1515,0.1388
51,1472,1523,0.1388
50,1456,1506,0.1388
51,1465,1516,0.1388
55,1461,1516,0.1388
56,1466,1522,0.1388
55,1475,1530,0.1388
58,1456,1514,0.1388
59,1460,1519,0.1388
60,1456,1516,0.1388
62,1467,1529,0.1388
65,1449,1514,0.1388
67,1439,1506,0.1388
67,1435,1502,0.1388
68,1446,1514,0.1388
67,1450,1517,0.1388
65,1455,1520,0.1388
64,1454,1518,0.1388
62,1447,1509,0.1388
65,1455,1520,0.1388
62,1460,1522,0.1388
62,1457,1519,0.1388
61,1451,1512,0.1388
60,1463,1523,0.1388
59,1458,1517,0.1388
58,1458,1516,0.1388
57,1456,1513,0.1388
56,1462,1518,0.1388
56,1448,1504,0.1388
55,1448,1503,0.1388
53,1454,1507,0.1388
52,1458,1510,0.1388
53,1457,1510,0.1388
54,1459,1513,0.1388
53,1467,1520,0.1388
54,1462,1516,0.1388
54,1466,1520,0.1388
55,1476,1531,0.1388
51,1473,1524,0.1388
50,1466,1516,0.1388
50,1467,1517,0.1388
50,1472,1522,0.1388
49,1465,1514,0.1388
48,1464,1512,0.1388
48,1462,1510,0.1388
51,1469,1520,0.1388
50,1467,1517,0.1388
49,1453,1502,0.1388
49,1457,1506,0.1388
47,1469,1516,0.1388
46,1472,1518,0.1388
49,1461,1510,0.1388
48,1471,1519,0.1388
48,1467,1515,0.1388
49,1464,1513,0.1388
51,1464,1515,0.1388
50,1474,1524,0.1388
48,1485,1533,0.1388
47,1478,1525,0.1388
44,1485,1529,0.1388
44,1477,1521,0.1388
46,1485,1531,0.1388
47,1478,1525,0.1388
42,1477,1519,0.1388
42,1474,1516,0.1388
43,1483,1526,0.1388
44,1474,1518,0.1388
43,1467,1510,0.1388
45,1462,1507,0.1388
44,1460,1504,0.1388
43,1465,1508,0.1388
42,1467,1509,0.1388
40,1482,1522,0.1388
41,1491,1532,0.1388
42,1483,1525,0.1388
40,1478,1518,0.1388
40,1474,1514,0.1388
40,1473,1513,0.1388
41,1482,1523,0.1388
43,1475,1518,0.1388
45,1472,1517,0.1388
45,1485,1530,0.1388
44,1479,1523,0.1388
45,1478,1523,0.1388
46,1486,1532,0.1388
49,1479,1528,0.1388
49,1472,1521,0.1388
48,1478,1526,0.1388
48,1477,1525,0.1388
48,1468,1516,0.1388
47,1479,1526,0.1388
47,1469,1516,0.1388
48,1462,1510,0.1388
47,1471,1518,0.1388
48,1473,1521,0.1388
48,1459,1507,0.1388
46,1469,1515,0.1388
45,1474,1519,0.1388
45,1486,1531,0.1388
42,1484,1526,0.1388
40,1480,1520,0.1388
41,1478,1519,0.1388
41,1473,1514,0.1388
42,1467,1509,0.1388
46,1470,1516,0.1388
43,1471,1514,0.1388
45,1479,1524,0.1388
46,1476,1522,0.1388
46,1473,1519,0.1388
44,1483,1527,0.1388
41,1475,1516,0.1388
42,1486,1528,0.1388
43,1484,1527,0.1388
42,1458,1500,0.1388
44,1463,1507,0.1388
45,1462,1507,0.1388
45,1467,1512,0.1388
43,1474,1517,0.1388
43,1476,1519,0.1388
43,1489,1532,0.1388
43,1476,1519,0.1388
43,1468,1511,0.1388
42,1467,1509,0.1388
43,1473,1516,0.1388
42,1475,1517,0.1388
43,1472,1515,0.1388
43,1470,1513,0.1388
47,1480,1527,0.1388
47,1486,1533,0.1388
46,1474,1520,0.1388
45,1472,1517,0.1388
45,1477,1522,0.1388
44,1467,1511,0.1388
43,1470,1513,0.1388
42,1468,1510,0.1388
43,1482,1525,0.1388
45,1477,1522,0.1388
47,1483,1530,0.1388
46,1474,1520,0.1388
47,1470,1517,0.1388
44,1481,1525,0.1388
42,1476,1518,0.1388
43,1470,1513,0.1388
44,1475,1519,0.1388
44,1473,1517,0.1388
45,1482,1527,0.1388
47,1482,1529,0.1388
46,1470,1516,0.1388
46,1460,1506,0.1388
47,1460,1507,0.1388
46,1457,1503,0.1388
47,1465,1512,0.1388
47,1459,1506,0.1388
49,1460,1509,0.1388
48,1456,1504,0.1388
45,1458,1503,0.1388
45,1462,1507,0.1388
41,1456,1497,0.1388
42,1463,1505,0.1388
42,1466,1508,0.1388
46,1476,1522,0.1388
47,1480,1527,0.1388
46,1485,1531,0.1388
46,1477,1523,0.1388
47,1471,1518,0.1388
48,1475,1523,0.1388
47,1467,1514,0.1388
47,1469,1516,0.1388
47,1465,1512,0.1388
46,1462,1508,0.1388
45,1474,1519,0.1388
46,1462,1508,0.1388
46,1466,1512,0.1388
45,1480,1525,0.1388
42,1482,1524,0.1388
43,1466,1509,0.1388
43,1474,1517,0.1388
43,1483,1526,0.1388
42,1472,1514,0.1388
41,1480,1521,0.1388
41,1481,1522,0.1388
43,1467,1510,0.1388
39,1468,1507,0.1388
40,1464,1504,0.1388
43,1488,1531,0.1388
42,1492,1534,0.1388
41,1491,1532,0.1388
39,1489,1528,0.1388
40,1481,1521,0.1388
41,1486,1527,0.1388
39,1488,1527,0.1388
39,1486,1525,0.1388
39,1484,1523,0.1388
40,1492,1532,0.1388
39,1500,1539,0.1388
37,1492,1529,0.1388
36,1473,1509,0.1388
38,1486,1524,0.1388
38,1479,1517,0.1388
38,1474,1512,0.1388
38,1475,1513,0.1388
38,1479,1517,0.1388
36,1479,1515,0.1388
37,1493,1530,0.1388
36,1483,1519,0.1388
37,1493,1530,0.1388
38,1488,1526,0.1388
37,1479,1516,0.1388
36,1484,1520,0.1388
35,1480,1515,0.1388
34,1484,1518,0.1388
32,1488,1520,0.1388
34,1490,1524,0.1388
34,1486,1520,0.1388
34,1479,1513,0.1388
32,1473,1505,0.1388
30,1464,1494,0.1388
32,1485,1517,0.1388
32,1493,1525,0.1388
32,1487,1519,0.1388
30,1475,1505,0.1388
28,1478,1506,0.1388
29,1481,1510,0.1388
29,1483,1512,0.1388
30,1490,1520,0.1388
31,1482,1513,0.1388
31,1486,1517,0.1388
31,1485,1516,0.1388
30,1459,1489,0.1388
28,1471,1499,0.1388
31,1455,1486,0.1388
32,1470,1502,0.1388
32,1483,1515,0.1388
33,1484,1517,0.1388
34,1488,1522,0.1388
34,1476,1510,0.1388
31,1496,1527,0.1388
31,1492,1523,0.1388
30,1487,1517,0.1388
30,1501,1531,0.1388
29,1494,1523,0.1388
29,1479,1508,0.1388
29,1488,1517,0.1388
28,1490,1518,0.1388
28,1502,1530,0.1388
26,1497,1523,0.1388
23,1496,1519,0.1388
23,1494,1517,0.1388
25,1486,1511,0.1388
24,1486,1510,0.1388
23,1494,1517,0.1388
23,1487,1510,0.1388
23,1488,1511,0.1388
24,1496,1520,0.1388
23,1495,1518,0.1388
22,1501,1523,0.1388
20,1494,1514,0.1388
20,1495,1515,0.1388
20,1498,1518,0.1388
17,1497,1514,0.1388
16,1505,1521,0.1388
17,1494,1511,0.1388
17,1495,1512,0.1388
16,1496,1512,0.1388
17,1500,1517,0.1388
16,1494,1510,0.1388
15,1492,1507,0.1388
15,1494,1509,0.1388
16,1487,1503,0.1388
16,1492,1508,0.1388
16,1493,1509,0.1388
17,1489,1506,0.1388
17,1487,1504,0.1388
20,1495,1515,0.1388
20,1495,1515,0.1388
22,1502,1524,0.1388
22,1510,1532,0.1388
22,1504,1526,0.1388
22,1498,1520,0.1388
21,1501,1522,0.1388
20,1511,1531,0.1388
20,1511,1531,0.1388
19,1505,1524,0.1388
20,1515,1535,0.1388
18,1494,1512,0.1388
19,1500,1519,0.1388
20,1505,1525,0.1388
20,1509,1529,0.1388
19,1501,1520,0.1388
20,1493,1513,0.1388
20,1502,1522,0.1388
20,1512,1532,0.1388
19,1500,1519,0.1388
19,1503,1522,0.1388
19,1506,1525,0.1388
18,1510,1528,0.1388
18,1502,1520,0.1388
18,1504,1522,0.1388
19,1513,1532,0.1388
19,1502,1521,0.1388
19,1491,1510,0.1388
19,1500,1519,0.1388
17,1501,1518,0.1388
18,1511,1529,0.1388
17,1509,1526,0.1388
18,1503,1521,0.1388
18,1501,1519,0.1388
18,1492,1510,0.1388
18,1498,1516,0.1388
18,1487,1505,0.1388
17,1490,1507,0.1388
17,1497,1514,0.1388
16,1496,1512,0.1388
16,1509,1525,0.1388
17,1499,1516,0.1388
18,1493,1511,0.1388
17,1495,1512,0.1388
16,1492,1508,0.1388
17,1505,1522,0.1388
17,1509,1526,0.1388
16,1500,1516,0.1388
17,1491,1508,0.1388
18,1503,1521,0.1388
17,1505,1522,0.1388
16,1506,1522,0.1388
15,1503,1518,0.1388
15,1492,1507,0.1388
14,1510,1524,0.1388
14,1497,1511,0.1388
12,1510,1522,0.1388
11,1504,1515,0.1388
12,1498,1510,0.1388
12,1497,1509,0.1388
12,1500,1512,0.1388
11,1496,1507,0.1388
10,1500,1510,0.1388
10,1517,1527,0.1388
10,1520,1530,0.1388
11,1520,1531,0.1388
11,1510,1521,0.1388
10,1524,1534,0.1388
11,1509,1520,0.1388
10,1510,1520,0.1388
11,1498,1509,0.1388
11,1502,1513,0.1388
11,1510,1521,0.1388
11,1507,1518,0.1388
11,1504,1515,0.1388
10,1510,1520,0.1388
10,1505,1515,0.1388
11,1510,1521,0.1388
11,1507,1518,0.1388
11,1505,1516,0.1388
12,1498,1510,0.1388
10,1503,1513,0.1388
10,1508,1518,0.1388
10,1504,1514,0.1388
10,1503,1513,0.1388
11,1488,1499,0.1388
10,1489,1499,0.1388
10,1493,1503,0.1388
10,1513,1523,0.1388
12,1518,1530,0.1388
12,1505,1517,0.1388
12,1501,1513,0.1388
11,1511,1522,0.1388
12,1511,1523,0.1388
12,1507,1519,0.1388
12,1496,1508,0.1388
12,1498,1510,0.1388
12,1501,1513,0.1388
11,1502,1513,0.1388
12,1507,1519,0.1388
11,1508,1519,0.1388
11,1508,1519,0.1388
11,1521,1532,0.1388
10,1512,1522,0.1388
9,1517,1526,0.1388
9,1506,1515,0.1388
9,1493,1502,0.1388
9,1503,1512,0.1388
9,1490,1499,0.1388
9,1507,1516,0.1388
10,1515,1525,0.1388
11,1507,1518,0.1388
11,1515,1526,0.1388
11,1502,1513,0.1388
10,1515,1525,0.1388
10,1514,1524,0.1388
11,1518,1529,0.1388
12,1527,1539,0.1388
12,1517,1529,0.1388
12,1514,1526,0.1388
11,1514,1525,0.1388
11,1511,1522,0.1388
10,1510,1520,0.1388
10,1509,1519,0.1388
10,1498,1508,0.1388
10,1500,1510,0.1388
10,1517,1527,0.1388
10,1497,1507,0.1388
10,1495,1505,0.1388
10,1501,1511,0.1388
10,1504,1514,0.1388
10,1507,1517,0.1388
10,1516,1526,0.1388
10,1516,1526,0.1388
10,1502,1512,0.1388
10,1516,1526,0.1388
10,1517,1527,0.1388
11,1520,1531,0.1388
10,1511,1521,0.1388
11,1501,1512,0.1388
11,1520,1531,0.1388
11,1515,1526,0.1388
9,1506,1515,0.1388
9,1501,1510,0.1388
10,1504,1514,0.1388
10,1514,1524,0.1388
9,1523,1532,0.1388
10,1520,1530,0.1388
10,1510,1520,0.1388
10,1512,1522,0.1388
10,1505,1515,0.1388
10,1510,1520,0.1388
10,1507,1517,0.1388
10,1501,1511,0.1388
10,1497,1507,0.1388
9,1498,1507,0.1388
9,1507,1516,0.1388
9,1513,1522,0.1388
10,1534,1544,0.1388
10,1516,1526,0.1388
10,1525,1535,0.1388
12,1522,1534,0.1388
13,1526,1539,0.1388
13,1517,1530,0.1388
14,1506,1520,0.1388
15,1503,1518,0.1388
14,1498,1512,0.1388
13,1497,1510,0.1388
13,1505,1518,0.1388
12,1506,1518,0.1388
12,1509,1521,0.1388
11,1496,1507,0.1388
11,1505,1516,0.1388
11,1509,1520,0.1388
11,1521,1532,0.1388
11,1520,1531,0.1388
11,1515,1526,0.1388
10,1522,1532,0.1388
10,1520,1530,0.1388
10,1530,1540,0.1388
9,1531,1540,0.1388
10,1518,1528,0.1388
10,1513,1523,0.1388
9,1507,1516,0.1388
9,1502,1511,0.1388
9,1499,1508,0.1388
11,1493,1504,0.1388
11,1487,1498,0.1388
10,1504,1514,0.1388
11,1506,1517,0.1388
11,1500,1511,0.1388
12,1516,1528,0.1388
12,1497,1509,0.1388
12,1493,1505,0.1388
11,1495,1506,0.1388
10,1496,1506,0.1388
11,1501,1512,0.1388
12,1499,1511,0.1388
13,1503,1516,0.1388
13,1493,1506,0.1388
13,1494,1507,0.1388
13,1500,1513,0.1388
13,1500,1513,0.1388
11,1496,1507,0.1388
11,1505,1516,0.1388
11,1515,1526,0.1388
11,1520,1531,0.1388
11,1500,1511,0.1388
11,1508,1519,0.1388
11,1504,1515,0.1388
11,1509,1520,0.1388
12,1503,1515,0.1388
11,1494,1505,0.1388
11,1497,1508,0.1388
12,1502,1514,0.1388
13,1494,1507,0.1388
12,1505,1517,0.1388
12,1507,1519,0.1388
11,1514,1525,0.1388
10,1505,1515,0.1388
12,1509,1521,0.1388
13,1495,1508,0.1388
15,1498,1513,0.1388
15,1500,1515,0.1388
15,1505,1520,0.1388
15,1502,1517,0.1388
15,1497,1512,0.1388
15,1510,1525,0.1388
15,1511,1526,0.1388
15,1490,1505,0.1388
15,1507,1522,0.1388
15,1505,1520,0.1388
15,1503,1518,0.1388
14,1501,1515,0.1388
14,1504,1518,0.1388
14,1506,1520,0.1388
14,1508,1522,0.1388
14,1499,1513,0.1388
14,1507,1521,0.1388
14,1506,1520,0.1388
13,1507,1520,0.1388
12,1500,1512,0.1388
12,1498,1510,0.1388
12,1516,1528,0.1388
12,1514,1526,0.1388
12,1506,1518,0.1388
12,1509,1521,0.1388
12,1494,1506,0.1388
12,1495,1507,0.1388
12,1524,1536,0.1388
12,1509,1521,0.1388
12,1499,1511,0.1388
12,1500,1512,0.1388
11,1511,1522,0.1388
10,1508,1518,0.1388
11,1495,1506,0.1388
11,1487,1498,0.1388
11,1505,1516,0.1388
12,1504,1516,0.1388
12,1491,1503,0.1388
12,1487,1499,0.1388
12,1490,1502,0.1388
12,1507,1519,0.1388
12,1514,1526,0.1388
12,1517,1529,0.1388
12,1508,1520,0.1388
12,1503,1515,0.1388
10,1508,1518,0.1388
11,1511,1522,0.1388
11,1496,1507,0.1388
11,1487,1498,0.1388
12,1494,1506,0.1388
12,1495,1507,0.1388
12,1495,1507,0.1388
12,1494,1506,0.1388
10,1488,1498,0.1388
11,1481,1492,0.1388
10,1490,1500,0.1388
10,1496,1506,0.1388
10,1495,1505,0.1388
11,1500,1511,0.1388
11,1503,1514,0.1388
11,1502,1513,0.1388
11,1506,1517,0.1388
11,1506,1517,0.1388
10,1503,1513,0.1388
10,1510,1520,0.1388
9,1509,1518,0.1388
9,1517,1526,0.1388
8,1507,1515,0.1388
8,1508,1516,0.1388
8,1502,1510,0.1388
8,1488,1496,0.1388
8,1486,1494,0.1388
7,1491,1498,0.1388
7,1496,1503,0.1388
7,1494,1501,0.1388
7,1493,1500,0.1388
7,1509,1516,0.1388
7,1511,1518,0.1388
8,1501,1509,0.1388
8,1502,1510,0.1388
8,1497,1505,0.1388
9,1496,1505,0.1388
9,1500,1509,0.1388
9,1508,1517,0.1388
9,1502,1511,0.1388
9,1515,1524,0.1388
9,1509,1518,0.1388
10,1495,1505,0.1388
10,1489,1499,0.1388
10,1489,1499,0.1388
10,1490,1500,0.1388
10,1494,1504,0.1388
10,1496,1506,0.1388
10,1492,1502,0.1388
10,1502,1512,0.1388
9,1498,1507,0.1388
9,1490,1499,0.1388
9,1497,1506,0.1388
9,1511,1520,0.1388
9,1524,1533,0.1388
9,1509,1518,0.1388
8,1510,1518,0.1388
8,1513,1521,0.1388
8,1519,1527,0.1388
8,1511,1519,0.1388
8,1505,1513,0.1388
8,1514,1522,0.1388
8,1512,1520,0.1388
7,1513,1520,0.1388
7,1519,1526,0.1388
7,1513,1520,0.1388
7,1514,1521,0.1388
6,1514,1520,0.1388
6,1521,1527,0.1388
6,1514,1520,0.1388
6,1510,1516,0.1388
5,1501,1506,0.1388
5,1510,1515,0.1388
5,1503,1508,0.1388
5,1505,1510,0.1388
5,1508,1513,0.1388
6,1494,1500,0.1388
6,1511,1517,0.1388
6,1526,1532,0.1388
6,1520,1526,0.1388
6,1512,1518,0.1388
7,1502,1509,0.1388
7,1504,1511,0.1388
6,1509,1515,0.1388
6,1509,1515,0.1388
6,1513,1519,0.1388
6,1517,1523,0.1388
6,1511,1517,0.1388
5,1515,1520,0.1388
5,1517,1522,0.1388
5,1522,1527,0.1388
5,1511,1516,0.1388
6,1503,1509,0.1388
5,1496,1501,0.1388
6,1506,1512,0.1388
7,1510,1517,0.1388
7,1507,1514,0.1388
7,1515,1522,0.1388
7,1520,1527,0.1388
7,1519,1526,0.1388
7,1520,1527,0.1388
7,1524,1531,0.1388
7,1512,1519,0.1388
7,1514,1521,0.1388
7,1526,1533,0.1388
7,1516,1523,0.1388
7,1513,1520,0.1388
6,1504,1510,0.1388
7,1512,1519,0.1388
7,1518,1525,0.1388
7,1504,1511,0.1388
7,1497,1504,0.1388
7,1515,1522,0.1388
7,1527,1534,0.1388
7,1542,1549,0.1388
7,1532,1539,0.1388
7,1529,1536,0.1388
7,1523,1530,0.1388
7,1511,1518,0.1388
7,1520,1527,0.1388
8,1514,1522,0.1388
7,1523,1530,0.1388
7,1524,1531,0.1388
7,1520,1527,0.1388
7,1526,1533,0.1388
7,1518,1525,0.1388
7,1529,1536,0.1388
7,1515,1522,0.1388
8,1503,1511,0.1388
8,1496,1504,0.1388
8,1511,1519,0.1388
7,1519,1526,0.1388
6,1514,1520,0.1388
6,1513,1519,0.1388
6,1511,1517,0.1388
6,1512,1518,0.1388
6,1511,1517,0.1388
7,1503,1510,0.1388
7,1502,1509,0.1388
7,1514,1521,0.1388
7,1506,1513,0.1388
7,1522,1529,0.1388
6,1526,1532,0.1388
6,1513,1519,0.1388
6,1494,1500,0.1388
6,1491,1497,0.1388
6,1507,1513,0.1388
6,1507,1513,0.1388
6,1504,1510,0.1388
6,1508,1514,0.1388
6,1499,1505,0.1388
7,1510,1517,0.1388
8,1511,1519,0.1388
8,1510,1518,0.1388
8,1506,1514,0.1388
9,1507,1516,0.1388
9,1503,1512,0.1388
10,1491,1501,0.1388
10,1497,1507,0.1388
10,1499,1509,0.1388
10,1507,1517,0.1388
10,1501,1511,0.1388
9,1490,1499,0.1388
9,1492,1501,0.1388
9,1483,1492,0.1388
9,1489,1498,0.1388
9,1500,1509,0.1388
9,1493,1502,0.1388
10,1496,1506,0.1388
9,1496,1505,0.1388
10,1504,1514,0.1388
10,1505,1515,0.1388
10,1494,1504,0.1388
10,1493,1503,0.1388
10,1496,1506,0.1388
12,1501,1513,0.1388
11,1513,1524,0.1388
10,1508,1518,0.1388
10,1515,1525,0.1388
10,1517,1527,0.1388
11,1514,1525,0.1388
11,1509,1520,0.1388
11,1498,1509,0.1388
12,1506,1518,0.1388
12,1501,1513,0.1388
12,1500,1512,0.1388
11,1508,1519,0.1388
11,1515,1526,0.1388
11,1515,1526,0.1388
11,1508,1519,0.1388
10,1495,1505,0.1388
10,1507,1517,0.1388
9,1509,1518,0.1388
9,1508,1517,0.1388
9,1503,1512,0.1388
10,1512,1522,0.1388
10,1515,1525,0.1388
12,1508,1520,0.1388
12,1510,1522,0.1388
12,1496,1508,0.1388
12,1505,1517,0.1388
11,1512,1523,0.1388
12,1502,1514,0.1388
12,1510,1522,0.1388
12,1516,1528,0.1388
12,1513,1525,0.1388
13,1486,1499,0.1388
15,1500,1515,0.1388
15,1501,1516,0.1388
16,1486,1502,0.1388
14,1494,1508,0.1388
15,1497,1512,0.1388
16,1498,1514,0.1388
16,1494,1510,0.1388
16,1498,1514,0.1388
17,1509,1526,0.1388
16,1514,1530,0.1388
16,1505,1521,0.1388
14,1485,1499,0.1388
14,1495,1509,0.1388
14,1496,1510,0.1388
14,1493,1507,0.1388
14,1499,1513,0.1388
12,1495,1507,0.1388
12,1501,1513,0.1388
14,1504,1518,0.1388
15,1505,1520,0.1388
16,1503,1519,0.1388
17,1492,1509,0.1388
17,1497,1514,0.1388
17,1509,1526,0.1388
18,1497,1515,0.1388
18,1498,1516,0.1388
19,1492,1511,0.1388
19,1503,1522,0.1388
19,1502,1521,0.1388
21,1495,1516,0.1388
20,1512,1532,0.1388
20,1507,1527,0.1388
21,1502,1523,0.1388
22,1499,1521,0.1388
23,1499,1522,0.1388
23,1503,1526,0.1388
23,1484,1507,0.1388
22,1486,1508,0.1388
23,1496,1519,0.1388
22,1488,1510,0.1388
19,1491,1510,0.1388
19,1494,1513,0.1388
18,1494,1512,0.1388
19,1497,1516,0.1388
18,1504,1522,0.1388
18,1491,1509,0.1388
21,1487,1508,0.1388
22,1493,1515,0.1388
21,1496,1517,0.1388
20,1480,1500,0.1388
20,1471,1491,0.1388
21,1482,1503,0.1388
21,1493,1514,0.1388
20,1493,1513,0.1388
19,1503,1522,0.1388
18,1506,1524,0.1388
19,1504,1523,0.1388
18,1500,1518,0.1388
17,1514,1531,0.1388
17,1516,1533,0.1388
15,1515,1530,0.1388
14,1499,1513,0.1388
15,1495,1510,0.1388
15,1490,1505,0.1388
14,1493,1507,0.1388
13,1500,1513,0.1388
13,1514,1527,0.1388
13,1510,1523,0.1388
13,1501,1514,0.1388
13,1509,1522,0.1388
13,1484,1497,0.1388
13,1484,1497,0.1388
12,1486,1498,0.1388
13,1495,1508,0.1388
12,1503,1515,0.1388
12,1494,1506,0.1388
11,1507,1518,0.1388
11,1502,1513,0.1388
11,1525,1536,0.1388
11,1516,1527,0.1388
10,1514,1524,0.1388
10,1516,1526,0.1388
10,1513,1523,0.1388
10,1496,1506,0.1388
9,1499,1508,0.1388
9,1507,1516,0.1388
9,1505,1514,0.1388
9,1503,1512,0.1388
9,1500,1509,0.1388
9,1500,1509,0.1388
8,1502,1510,0.1388
8,1515,1523,0.1388
8,1518,1526,0.1388
8,1502,1510,0.1388
8,1506,1514,0.1388
8,1512,1520,0.1388
8,1511,1519,0.1388
8,1504,1512,0.1388
8,1509,1517,0.1388
9,1512,1521,0.1388
9,1504,1513,0.1388
10,1494,1504,0.1388
10,1498,1508,0.1388
10,1519,1529,0.1388
8,1525,1533,0.1388
8,1531,1539,0.1388
8,1523,1531,0.1388
9,1516,1525,0.1388
9,1505,1514,0.1388
9,1503,1512,0.1388
8,1496,1504,0.1388
8,1497,1505,0.1388
8,1510,1518,0.1388
8,1511,1519,0.1388
8,1513,1521,0.1388
7,1501,1508,0.1388
7,1498,1505,0.1388
7,1512,1519,0.1388
7,1513,1520,0.1388
7,1514,1521,0.1388
7,1521,1528,0.1388
7,1511,1518,0.1388
7,1511,1518,0.1388
7,1501,1508,0.1388
7,1511,1518,0.1388
7,1512,1519,0.1388
7,1509,1516,0.1388
7,1505,1512,0.1388
7,1508,1515,0.1388
8,1511,1519,0.1388
8,1529,1537,0.1388
7,1514,1521,0.1388
7,1511,1518,0.1388
7,1504,1511,0.1388
7,1511,1518,0.1388
9,1519,1528,0.1388
8,1505,1513,0.1388
7,1520,1527,0.1388
6,1516,1522,0.1388
6,1504,1510,0.1388
6,1513,1519,0.1388
6,1509,1515,0.1388
6,1493,1499,0.1388
7,1507,1514,0.1388
7,1515,1522,0.1388
7,1522,1529,0.1388
7,1509,1516,0.1388
7,1502,1509,0.1388
7,1502,1509,0.1388
7,1496,1503,0.1388
7,1504,1511,0.1388
7,1514,1521,0.1388
7,1524,1531,0.1388
7,1505,1512,0.1388
7,1499,1506,0.1388
7,1504,1511,0.1388
7,1504,1511,0.1388
7,1493,1500,0.1388
6,1498,1504,0.1388
6,1500,1506,0.1388
7,1505,1512,0.1388
7,1506,1513,0.1388
7,1506,1513,0.1388
6,1503,1509,0.1388
6,1497,1503,0.1388
6,1493,1499,0.1388
6,1499,1505,0.1388
6,1502,1508,0.1388
6,1511,1517,0.1388
6,1497,1503,0.1388
6,1506,1512,0.1388
6,1495,1501,0.1388
6,1494,1500,0.1388
6,1494,1500,0.1388
6,1510,1516,0.1388
6,1511,1517,0.1388
6,1509,1515,0.1388
7,1513,1520,0.1388
7,1517,1524,0.1388
5,1520,1525,0.1388
5,1511,1516,0.1388
6,1510,1516,0.1388
7,1511,1518,0.1388
7,1500,1507,0.1388
7,1487,1494,0.1388
7,1500,1507,0.1388
7,1502,1509,0.1388
8,1491,1499,0.1388
8,1487,1495,0.1388
8,1479,1487,0.1388
8,1496,1504,0.1388
9,1496,1505,0.1388
9,1502,1511,0.1388
9,1500,1509,0.1388
9,1506,1515,0.1388
9,1501,1510,0.1388
8,1489,1497,0.1388
8,1510,1518,0.1388
8,1506,1514,0.1388
10,1504,1514,0.1388
10,1494,1504,0.1388
10,1500,1510,0.1388
10,1510,1520,0.1388
8,1514,1522,0.1388
7,1518,1525,0.1388
7,1519,1526,0.1388
6,1518,1524,0.1388
6,1517,1523,0.1388
6,1503,1509,0.1388
7,1508,1515,0.1388
8,1522,1530,0.1388
8,1523,1531,0.1388
8,1519,1527,0.1388
8,1524,1532,0.1388
8,1525,1533,0.1388
9,1501,1510,0.1388
9,1506,1515,0.1388
9,1515,1524,0.1388
8,1509,1517,0.1388
8,1493,1501,0.1388
8,1503,1511,0.1388
8,1510,1518,0.1388
8,1507,1515,0.1388
8,1507,1515,0.1388
8,1513,1521,0.1388
8,1511,1519,0.1388
8,1522,1530,0.1388
8,1522,1530,0.1388
8,1517,1525,0.1388
7,1510,1517,0.1388
7,1498,1505,0.1388
7,1509,1516,0.1388
7,1507,1514,0.1388
7,1515,1522,0.1388
7,1509,1516,0.1388
7,1510,1517,0.1388
7,1507,1514,0.1388
7,1504,1511,0.1388
7,1510,1517,0.1388
7,1513,1520,0.1388
8,1515,1523,0.1388
8,1514,1522,0.1388
8,1511,1519,0.1388
8,1514,1522,0.1388
6,1498,1504,0.1388
6,1500,1506,0.1388
6,1497,1503,0.1388
6,1505,1511,0.1388
7,1515,1522,0.1388
6,1535,1541,0.1388
6,1532,1538,0.1388
8,1516,1524,0.1388
8,1511,1519,0.1388
8,1516,1524,0.1388
8,1528,1536,0.1388
8,1522,1530,0.1388
8,1515,1523,0.1388
8,1507,1515,0.1388
8,1512,1520,0.1388
8,1508,1516,0.1388
8,1498,1506,0.1388
9,1493,1502,0.1388
8,1494,1502,0.1388
8,1503,1511,0.1388
8,1507,1515,0.1388
8,1505,1513,0.1388
8,1501,1509,0.1388
8,1505,1513,0.1388
7,1517,1524,0.1388
8,1503,1511,0.1388
8,1496,1504,0.1388
7,1501,1508,0.1388
7,1509,1516,0.1388
7,1509,1516,0.1388
7,1503,1510,0.1388
7,1504,1511,0.1388
7,1506,1513,0.1388
7,1517,1524,0.1388
7,1517,1524,0.1388
6,1523,1529,0.1388
6,1523,1529,0.1388
6,1512,1518,0.1388
6,1516,1522,0.1388
6,1522,1528,0.1388
6,1518,1524,0.1388
6,1518,1524,0.1388
5,1506,1511,0.1388
5,1512,1517,0.1388
6,1512,1518,0.1388
6,1513,1519,0.1388
6,1509,1515,0.1388
6,1498,1504,0.1388
6,1498,1504,0.1388
5,1495,1500,0.1388
4,1493,1497,0.1388
4,1494,1498,0.1388
4,1493,1497,0.1388
4,1502,1506,0.1388
3,1509,1512,0.1388
3,1504,1507,0.1388
3,1508,1511,0.1388
3,1511,1514,0.1388
2,1495,1497,0.1388
2,1506,1508,0.1388
2,1505,1507,0.1388
2,1508,1510,0.1388
2,1511,1513,0.1388
2,1509,1511,0.1388
2,1509,1511,0.1388
1,1509,1510,0.1388
1,1523,1524,0.1388
1,1518,1519,0.1388
1,1509,1510,0.1388
1,1508,1509,0.1388
1,1498,1499,0.1388
1,1521,1522,0.1388
1,1526,1527,0.1388
1,1521,1522,0.1388
1,1524,1525,0.1388
1,1510,1511,0.1388
1,1519,1520,0.1388
1,1527,1528,0.1388
1,1517,1518,0.1388
1,1533,1534,0.1388
1,1540,1541,0.1388
1,1525,1526,0.1388
1,1518,1519,0.1388
1,1519,1520,0.1388
1,1520,1521,0.1388
1,1530,1531,0.1388
1,1518,1519,0.1388
1,1518,1519,0.1388
1,1512,1513,0.1388
1,1498,1499,0.1388
1,1504,1505,0.1388
1,1515,1516,0.1388
1,1511,1512,0.1388
1,1501,1502,0.1388
2,1517,1519,0.1388
2,1509,1511,0.1388
2,1510,1512,0.1388
2,1515,1517,0.1388
1,1517,1518,0.1388
1,1517,1518,0.1388
1,1508,1509,0.1388
1,1512,1513,0.1388
0,1508,1508,0.1388
