1378,26,1404,0.1388
1415,25,1440,0.1388
1440,25,1465,0.1388
1455,25,1480,0.1388
1471,26,1497,0.1388
1467,26,1493,0.1388
1475,24,1499,0.1388
1486,24,1510,0.1388
1479,24,1503,0.1388
1466,25,1491,0.1388
1465,24,1489,0.1388
1467,28,1495,0.1388
1469,27,1496,0.1388
1477,28,1505,0.1388
1470,30,1500,0.1388
1483,31,1514,0.1388
1479,31,1510,0.1388
1477,33,1510,0.1388
1475,30,1505,0.1388
1468,30,1498,0.1388
1469,29,1498,0.1388
1480,30,1510,0.1388
1461,30,1491,0.1388
1462,29,1491,0.1388
1466,28,1494,0.1388
1447,26,1473,0.1388
1459,25,1484,0.1388
1456,25,1481,0.1388
1455,25,1480,0.1388
1465,25,1490,0.1388
1474,25,1499,0.1388
1462,25,1487,0.1388
1468,27,1495,0.1388
1462,27,1489,0.1388
1464,28,1492,0.1388
1465,25,1490,0.1388
1467,27,1494,0.1388
1463,27,1490,0.1388
1467,27,1494,0.1388
1458,29,1487,0.1388
1461,28,1489,0.1388
1464,29,1493,0.1388
1471,29,1500,0.1388
1473,30,1503,0.1388
1471,30,1501,0.1388
1471,30,1501,0.1388
1463,30,1493,0.1388
1453,31,1484,0.1388
1456,32,1488,0.1388
1451,33,1484,0.1388
1455,34,1489,0.1388
1457,32,1489,0.1388
1467,34,1501,0.1388
1467,35,1502,0.1388
1467,34,1501,0.1388
1461,33,1494,0.1388
1449,37,1486,0.1388
1448,37,1485,0.1388
1457,43,1500,0.1388
1442,45,1487,0.1388
1443,45,1488,0.1388
1441,44,1485,0.1388
1443,44,1487,0.1388
1448,46,1494,0.1388
1455,44,1499,0.1388
1456,44,1500,0.1388
1454,44,1498,0.1388
1451,46,1497,0.1388
1451,43,1494,0.1388
1443,44,1487,0.1388
1443,45,1488,0.1388
1450,45,1495,0.1388
1445,46,1491,0.1388
1460,47,1507,0.1388
1431,47,1478,0.1388
1441,48,1489,0.1388
1441,47,1488,0.1388
1436,47,1483,0.1388
1448,49,1497,0.1388
1452,48,1500,0.1388
1449,47,1496,0.1388
1458,45,1503,0.1388
1457,46,1503,0.1388
1460,46,1506,0.1388
1456,46,1502,0.1388
1452,48,1500,0.1388
1448,46,1494,0.1388
1441,47,1488,0.1388
1432,49,1481,0.1388
1436,50,1486,0.1388
1438,48,1486,0.1388
1449,49,1498,0.1388
1462,50,1512,0.1388
1441,52,1493,0.1388
1433,54,1487,0.1388
1428,52,1480,0.1388
1438,51,1489,0.1388
1450,52,1502,0.1388
1448,50,1498,0.1388
1440,52,1492,0.1388
1439,51,1490,0.1388
1459,50,1509,0.1388
1467,49,1516,0.1388
1464,48,1512,0.1388
1450,51,1501,0.1388
1447,51,1498,0.1388
1443,51,1494,0.1388
1443,55,1498,0.1388
1444,53,1497,0.1388
1450,54,1504,0.1388
1453,57,1510,0.1388
1451,55,1506,0.1388
1444,55,1499,0.1388
1434,52,1486,0.1388
1430,51,1481,0.1388
1441,51,1492,0.1388
1455,53,1508,0.1388
1453,52,1505,0.1388
1456,55,1511,0.1388
1449,57,1506,0.1388
1441,59,1500,0.1388
1450,57,1507,0.1388
1448,57,1505,0.1388
1445,55,1500,0.1388
1444,53,1497,0.1388
1440,55,1495,0.1388
1447,53,1500,0.1388
1441,54,1495,0.1388
1438,54,1492,0.1388
1439,54,1493,0.1388
1451,55,1506,0.1388
1447,54,1501,0.1388
1444,54,1498,0.1388
1431,55,1486,0.1388
1424,55,1479,0.1388
1438,56,1494,0.1388
1440,51,1491,0.1388
1424,52,1476,0.1388
1432,56,1488,0.1388
1450,57,1507,0.1388
1441,55,1496,0.1388
1441,55,1496,0.1388
1430,55,1485,0.1388
1428,55,1483,0.1388
1438,59,1497,0.1388
1421,54,1475,0.1388
1436,59,1495,0.1388
1417,59,1476,0.1388
1421,58,1479,0.1388
1438,56,1494,0.1388
1442,55,1497,0.1388
1430,54,1484,0.1388
1435,54,1489,0.1388
1440,57,1497,0.1388
1435,58,1493,0.1388
1437,60,1497,0.1388
1432,61,1493,0.1388
1420,59,1479,0.1388
1428,64,1492,0.1388
1431,65,1496,0.1388
1431,65,1496,0.1388
1417,63,1480,0.1388
1400,63,1463,0.1388
1426,64,1490,0.1388
1412,62,1474,0.1388
1429,66,1495,0.1388
1431,65,1496,0.1388
1430,66,1496,0.1388
1426,66,1492,0.1388
1433,67,1500,0.1388
1432,66,1498,0.1388
1446,67,1513,0.1388
1435,66,1501,0.1388
1436,66,1502,0.1388
1439,66,1505,0.1388
1430,68,1498,0.1388
1426,66,1492,0.1388
1429,66,1495,0.1388
1428,66,1494,0.1388
1429,62,1491,0.1388
1435,62,1497,0.1388
1432,63,1495,0.1388
1435,64,1499,0.1388
1443,62,1505,0.1388
1428,65,1493,0.1388
1419,66,1485,0.1388
1415,67,1482,0.1388
1418,70,1488,0.1388
1416,67,1483,0.1388
1430,68,1498,0.1388
1434,73,1507,0.1388
1418,73,1491,0.1388
1418,72,1490,0.1388
1427,69,1496,0.1388
1431,67,1498,0.1388
1441,67,1508,0.1388
1432,70,1502,0.1388
1437,70,1507,0.1388
1426,70,1496,0.1388
1430,69,1499,0.1388
1421,70,1491,0.1388
1427,70,1497,0.1388
1431,69,1500,0.1388
1423,67,1490,0.1388
1422,68,1490,0.1388
1422,67,1489,0.1388
1419,69,1488,0.1388
1419,69,1488,0.1388
1428,70,1498,0.1388
1413,68,1481,0.1388
1416,68,1484,0.1388
1424,69,1493,0.1388
1415,76,1491,0.1388
1413,74,1487,0.1388
1412,74,1486,0.1388
1404,76,1480,0.1388
1412,75,1487,0.1388
1412,79,1491,0.1388
1414,77,1491,0.1388
1413,78,1491,0.1388
1426,80,1506,0.1388
1429,78,1507,0.1388
1428,78,1506,0.1388
1433,75,1508,0.1388
1430,77,1507,0.1388
1428,74,1502,0.1388
1430,75,1505,0.1388
1427,75,1502,0.1388
1418,75,1493,0.1388
1417,76,1493,0.1388
1410,77,1487,0.1388
1414,76,1490,0.1388
1423,77,1500,0.1388
1414,79,1493,0.1388
1415,78,1493,0.1388
1419,76,1495,0.1388
1430,75,1505,0.1388
1420,76,1496,0.1388
1420,74,1494,0.1388
1408,75,1483,0.1388
1410,74,1484,0.1388
1406,74,1480,0.1388
1419,76,1495,0.1388
1419,75,1494,0.1388
1417,77,1494,0.1388
1420,77,1497,0.1388
1430,81,1511,0.1388
1426,83,1509,0.1388
1425,85,1510,0.1388
1422,82,1504,0.1388
1426,86,1512,0.1388
1412,88,1500,0.1388
1413,90,1503,0.1388
1418,90,1508,0.1388
1415,91,1506,0.1388
1409,92,1501,0.1388
1415,89,1504,0.1388
1413,85,1498,0.1388
1408,87,1495,0.1388
1411,87,1498,0.1388
1412,89,1501,0.1388
1407,89,1496,0.1388
1401,89,1490,0.1388
1399,89,1488,0.1388
1404,88,1492,0.1388
1410,91,1501,0.1388
1390,94,1484,0.1388
1397,93,1490,0.1388
1403,92,1495,0.1388
1406,91,1497,0.1388
1407,90,1497,0.1388
1406,92,1498,0.1388
1390,89,1479,0.1388
1398,88,1486,0.1388
1408,88,1496,0.1388
1399,91,1490,0.1388
1403,91,1494,0.1388
1395,93,1488,0.1388
1408,95,1503,0.1388
1415,94,1509,0.1388
1413,95,1508,0.1388
1407,95,1502,0.1388
1403,99,1502,0.1388
1397,102,1499,0.1388
1397,100,1497,0.1388
1403,102,1505,0.1388
1396,103,1499,0.1388
1385,103,1488,0.1388
1384,103,1487,0.1388
1382,106,1488,0.1388
1388,111,1499,0.1388
1392,112,1504,0.1388
1390,113,1503,0.1388
1378,111,1489,0.1388
1376,110,1486,0.1388
1376,111,1487,0.1388
1387,108,1495,0.1388
1379,107,1486,0.1388
1382,112,1494,0.1388
1385,111,1496,0.1388
1386,115,1501,0.1388
1380,117,1497,0.1388
1373,115,1488,0.1388
1379,113,1492,0.1388
1384,115,1499,0.1388
1390,118,1508,0.1388
1375,123,1498,0.1388
1364,125,1489,0.1388
1365,125,1490,0.1388
1365,124,1489,0.1388
1373,126,1499,0.1388
1385,126,1511,0.1388
1390,126,1516,0.1388
1381,125,1506,0.1388
1368,125,1493,0.1388
1363,124,1487,0.1388
1360,120,1480,0.1388
1359,122,1481,0.1388
1365,121,1486,0.1388
1372,126,1498,0.1388
1378,128,1506,0.1388
1382,124,1506,0.1388
1370,123,1493,0.1388
1366,121,1487,0.1388
1371,123,1494,0.1388
1376,127,1503,0.1388
1372,128,1500,0.1388
1384,127,1511,0.1388
1384,129,1513,0.1388
1388,128,1516,0.1388
1377,128,1505,0.1388
1371,127,1498,0.1388
1369,129,1498,0.1388
1360,126,1486,0.1388
1359,129,1488,0.1388
1353,126,1479,0.1388
1353,127,1480,0.1388
1357,124,1481,0.1388
1364,120,1484,0.1388
1382,119,1501,0.1388
1380,123,1503,0.1388
1384,122,1506,0.1388
1379,123,1502,0.1388
1376,122,1498,0.1388
1367,123,1490,0.1388
1362,119,1481,0.1388
1383,122,1505,0.1388
1380,121,1501,0.1388
1370,123,1493,0.1388
1387,124,1511,0.1388
1376,125,1501,0.1388
1380,124,1504,0.1388
1379,123,1502,0.1388
1382,122,1504,0.1388
1370,123,1493,0.1388
1381,128,1509,0.1388
1378,124,1502,0.1388
1388,123,1511,0.1388
1384,121,1505,0.1388
1385,126,1511,0.1388
1382,121,1503,0.1388
1388,122,1510,0.1388
1379,124,1503,0.1388
1373,122,1495,0.1388
1366,124,1490,0.1388
1368,126,1494,0.1388
1366,126,1492,0.1388
1370,129,1499,0.1388
1373,136,1509,0.1388
1372,140,1512,0.1388
1363,139,1502,0.1388
1358,138,1496,0.1388
1357,137,1494,0.1388
1350,136,1486,0.1388
1342,139,1481,0.1388
1338,139,1477,0.1388
1344,132,1476,0.1388
1350,135,1485,0.1388
1372,135,1507,0.1388
1370,136,1506,0.1388
1369,139,1508,0.1388
1359,142,1501,0.1388
1349,139,1488,0.1388
1335,139,1474,0.1388
1336,136,1472,0.1388
1353,136,1489,0.1388
1361,135,1496,0.1388
1343,135,1478,0.1388
1346,137,1483,0.1388
1349,140,1489,0.1388
1361,139,1500,0.1388
1357,138,1495,0.1388
1344,138,1482,0.1388
1351,137,1488,0.1388
1365,138,1503,0.1388
1351,140,1491,0.1388
1351,136,1487,0.1388
1363,138,1501,0.1388
1362,138,1500,0.1388
1364,140,1504,0.1388
1350,140,1490,0.1388
1352,142,1494,0.1388
1357,142,1499,0.1388
1346,142,1488,0.1388
1351,140,1491,0.1388
1363,139,1502,0.1388
1357,142,1499,0.1388
1356,142,1498,0.1388
1352,137,1489,0.1388
1350,140,1490,0.1388
1336,142,1478,0.1388
1356,144,1500,0.1388
1341,148,1489,0.1388
1343,152,1495,0.1388
1347,155,1502,0.1388
1335,157,1492,0.1388
1334,155,1489,0.1388
1325,156,1481,0.1388
1328,155,1483,0.1388
1324,158,1482,0.1388
1326,154,1480,0.1388
1325,157,1482,0.1388
1333,159,1492,0.1388
1328,160,1488,0.1388
1333,163,1496,0.1388
1318,165,1483,0.1388
1322,161,1483,0.1388
1309,167,1476,0.1388
1317,171,1488,0.1388
1313,172,1485,0.1388
1311,173,1484,0.1388
1321,179,1500,0.1388
1328,185,1513,0.1388
1316,187,1503,0.1388
1319,191,1510,0.1388
1310,189,1499,0.1388
1311,191,1502,0.1388
1300,190,1490,0.1388
1297,192,1489,0.1388
1298,192,1490,0.1388
1291,190,1481,0.1388
1300,185,1485,0.1388
1304,187,1491,0.1388
1302,187,1489,0.1388
1304,188,1492,0.1388
1293,191,1484,0.1388
1290,194,1484,0.1388
1294,194,1488,0.1388
1286,194,1480,0.1388
1291,196,1487,0.1388
1287,201,1488,0.1388
1294,203,1497,0.1388
1290,202,1492,0.1388
1295,203,1498,0.1388
1292,204,1496,0.1388
1299,207,1506,0.1388
1298,208,1506,0.1388
1287,207,1494,0.1388
1277,210,1487,0.1388
1280,214,1494,0.1388
1275,211,1486,0.1388
1266,210,1476,0.1388
1259,204,1463,0.1388
1275,206,1481,0.1388
1278,211,1489,0.1388
1274,212,1486,0.1388
1267,207,1474,0.1388
1275,208,1483,0.1388
1278,213,1491,0.1388
1268,213,1481,0.1388
1277,209,1486,0.1388
1283,212,1495,0.1388
1289,209,1498,0.1388
1287,212,1499,0.1388
1277,211,1488,0.1388
1289,215,1504,0.1388
1287,213,1500,0.1388
1281,212,1493,0.1388
1280,208,1488,0.1388
1281,207,1488,0.1388
1280,211,1491,0.1388
1287,214,1501,0.1388
1277,215,1492,0.1388
1281,215,1496,0.1388
1286,214,1500,0.1388
1281,211,1492,0.1388
1284,209,1493,0.1388
1292,212,1504,0.1388
1285,220,1505,0.1388
1293,220,1513,0.1388
1284,219,1503,0.1388
1277,218,1495,0.1388
1277,219,1496,0.1388
1272,216,1488,0.1388
1271,217,1488,0.1388
1289,221,1510,0.1388
1284,220,1504,0.1388
1284,214,1498,0.1388
1281,214,1495,0.1388
1279,221,1500,0.1388
1276,217,1493,0.1388
1272,216,1488,0.1388
1276,217,1493,0.1388
1293,216,1509,0.1388
1288,218,1506,0.1388
1286,220,1506,0.1388
1287,223,1510,0.1388
1286,223,1509,0.1388
1286,214,1500,0.1388
1283,215,1498,0.1388
1271,218,1489,0.1388
1270,219,1489,0.1388
1283,220,1503,0.1388
1285,220,1505,0.1388
1286,218,1504,0.1388
1282,219,1501,0.1388
1278,219,1497,0.1388
1282,224,1506,0.1388
1280,225,1505,0.1388
1275,228,1503,0.1388
1254,228,1482,0.1388
1265,230,1495,0.1388
1268,232,1500,0.1388
1254,236,1490,0.1388
1257,239,1496,0.1388
1271,237,1508,0.1388
1273,239,1512,0.1388
1273,236,1509,0.1388
1277,235,1512,0.1388
1279,237,1516,0.1388
1264,242,1506,0.1388
1269,246,1515,0.1388
1259,247,1506,0.1388
1273,247,1520,0.1388
1271,247,1518,0.1388
1264,249,1513,0.1388
1251,247,1498,0.1388
1259,245,1504,0.1388
1263,246,1509,0.1388
1267,243,1510,0.1388
1266,238,1504,0.1388
1265,240,1505,0.1388
1263,243,1506,0.1388
1255,243,1498,0.1388
1259,247,1506,0.1388
1254,251,1505,0.1388
1254,249,1503,0.1388
1253,253,1506,0.1388
1235,250,1485,0.1388
1244,249,1493,0.1388
1254,250,1504,0.1388
1251,247,1498,0.1388
1235,244,1479,0.1388
1237,244,1481,0.1388
1244,241,1485,0.1388
1249,244,1493,0.1388
1249,249,1498,0.1388
1243,254,1497,0.1388
1231,256,1487,0.1388
1222,252,1474,0.1388
1232,250,1482,0.1388
1234,253,1487,0.1388
1233,262,1495,0.1388
1239,262,1501,0.1388
1224,261,1485,0.1388
1221,262,1483,0.1388
1226,269,1495,0.1388
1224,271,1495,0.1388
1233,265,1498,0.1388
1233,271,1504,0.1388
1221,272,1493,0.1388
1216,272,1488,0.1388
1215,278,1493,0.1388
1215,272,1487,0.1388
1214,274,1488,0.1388
1224,273,1497,0.1388
1227,275,1502,0.1388
1225,276,1501,0.1388
1230,276,1506,0.1388
1236,275,1511,0.1388
1231,272,1503,0.1388
1243,269,1512,0.1388
1245,271,1516,0.1388
1243,272,1515,0.1388
1238,270,1508,0.1388
1233,267,1500,0.1388
1224,272,1496,0.1388
1225,272,1497,0.1388
1207,277,1484,0.1388
1208,279,1487,0.1388
1214,278,1492,0.1388
1222,280,1502,0.1388
1206,288,1494,0.1388
1208,290,1498,0.1388
1199,286,1485,0.1388
1203,286,1489,0.1388
1206,289,1495,0.1388
1201,290,1491,0.1388
1195,293,1488,0.1388
1206,293,1499,0.1388
1210,304,1514,0.1388
1204,306,1510,0.1388
1198,309,1507,0.1388
1202,307,1509,0.1388
1181,299,1480,0.1388
1181,308,1489,0.1388
1194,306,1500,0.1388
1190,309,1499,0.1388
1190,305,1495,0.1388
1187,308,1495,0.1388
1183,309,1492,0.1388
1171,307,1478,0.1388
1174,310,1484,0.1388
1185,308,1493,0.1388
1184,313,1497,0.1388
1189,317,1506,0.1388
1180,315,1495,0.1388
1182,310,1492,0.1388
1182,311,1493,0.1388
1186,304,1490,0.1388
1189,311,1500,0.1388
1190,315,1505,0.1388
1189,311,1500,0.1388
1193,311,1504,0.1388
1203,313,1516,0.1388
1206,314,1520,0.1388
1187,317,1504,0.1388
1186,321,1507,0.1388
1180,324,1504,0.1388
1179,322,1501,0.1388
1187,322,1509,0.1388
1193,330,1523,0.1388
1177,321,1498,0.1388
1174,317,1491,0.1388
1187,322,1509,0.1388
1187,322,1509,0.1388
1176,324,1500,0.1388
1165,326,1491,0.1388
1163,333,1496,0.1388
1172,335,1507,0.1388
1166,336,1502,0.1388
1167,332,1499,0.1388
1160,332,1492,0.1388
1162,327,1489,0.1388
1167,325,1492,0.1388
1149,336,1485,0.1388
1161,329,1490,0.1388
1154,328,1482,0.1388
1163,330,1493,0.1388
1165,336,1501,0.1388
1156,339,1495,0.1388
1166,336,1502,0.1388
1166,339,1505,0.1388
1161,340,1501,0.1388
1158,341,1499,0.1388
1168,337,1505,0.1388
1164,336,1500,0.1388
1167,338,1505,0.1388
1163,336,1499,0.1388
1153,338,1491,0.1388
1156,334,1490,0.1388
1151,339,1490,0.1388
1167,338,1505,0.1388
1166,339,1505,0.1388
1153,340,1493,0.1388
1149,344,1493,0.1388
1147,346,1493,0.1388
1138,356,1494,0.1388
1148,349,1497,0.1388
1138,350,1488,0.1388
1148,353,1501,0.1388
1144,354,1498,0.1388
1133,357,1490,0.1388
1138,355,1493,0.1388
1142,356,1498,0.1388
1143,349,1492,0.1388
1146,347,1493,0.1388
1142,352,1494,0.1388
1136,352,1488,0.1388
1134,359,1493,0.1388
1144,361,1505,0.1388
1136,361,1497,0.1388
1135,360,1495,0.1388
1136,360,1496,0.1388
1134,360,1494,0.1388
1117,361,1478,0.1388
1113,366,1479,0.1388
1108,372,1480,0.1388
1110,375,1485,0.1388
1115,369,1484,0.1388
1109,369,1478,0.1388
1108,374,1482,0.1388
1121,377,1498,0.1388
1130,377,1507,0.1388
1127,376,1503,0.1388
1124,375,1499,0.1388
1133,375,1508,0.1388
1137,369,1506,0.1388
1142,371,1513,0.1388
1144,368,1512,0.1388
1132,367,1499,0.1388
1124,364,1488,0.1388
1130,362,1492,0.1388
1134,362,1496,0.1388
1135,364,1499,0.1388
1135,369,1504,0.1388
1143,372,1515,0.1388
1141,375,1516,0.1388
1149,375,1524,0.1388
1143,374,1517,0.1388
1134,374,1508,0.1388
1135,366,1501,0.1388
1141,362,1503,0.1388
1144,359,1503,0.1388
1148,363,1511,0.1388
1150,363,1513,0.1388
1131,369,1500,0.1388
1128,368,1496,0.1388
1123,358,1481,0.1388
1113,361,1474,0.1388
1117,355,1472,0.1388
1125,361,1486,0.1388
1120,363,1483,0.1388
1127,365,1492,0.1388
1128,365,1493,0.1388
1120,365,1485,0.1388
1126,358,1484,0.1388
1129,363,1492,0.1388
1123,358,1481,0.1388
1130,364,1494,0.1388
1127,356,1483,0.1388
1127,356,1483,0.1388
1142,355,1497,0.1388
1157,364,1521,0.1388
1144,367,1511,0.1388
1133,367,1500,0.1388
1136,367,1503,0.1388
1128,368,1496,0.1388
1119,380,1499,0.1388
1111,380,1491,0.1388
1115,377,1492,0.1388
1117,383,1500,0.1388
1123,384,1507,0.1388
1111,384,1495,0.1388
1104,381,1485,0.1388
1099,390,1489,0.1388
1104,397,1501,0.1388
1102,398,1500,0.1388
1107,408,1515,0.1388
1106,402,1508,0.1388
1104,403,1507,0.1388
1097,397,1494,0.1388
1110,392,1502,0.1388
1116,396,1512,0.1388
1113,401,1514,0.1388
1101,400,1501,0.1388
1094,406,1500,0.1388
1095,399,1494,0.1388
1091,397,1488,0.1388
1082,395,1477,0.1388
1090,398,1488,0.1388
1086,407,1493,0.1388
1082,409,1491,0.1388
1084,412,1496,0.1388
1080,407,1487,0.1388
1089,412,1501,0.1388
1085,423,1508,0.1388
1079,425,1504,0.1388
1087,421,1508,0.1388
1076,421,1497,0.1388
1075,417,1492,0.1388
1065,413,1478,0.1388
1072,411,1483,0.1388
1079,412,1491,0.1388
1075,413,1488,0.1388
1071,414,1485,0.1388
1081,419,1500,0.1388
1086,423,1509,0.1388
1089,425,1514,0.1388
1088,427,1515,0.1388
1077,419,1496,0.1388
1081,423,1504,0.1388
1070,426,1496,0.1388
1067,420,1487,0.1388
1057,427,1484,0.1388
1056,429,1485,0.1388
1072,437,1509,0.1388
1066,446,1512,0.1388
1059,445,1504,0.1388
1063,452,1515,0.1388
1061,456,1517,0.1388
1053,454,1507,0.1388
1054,453,1507,0.1388
1062,455,1517,0.1388
1046,459,1505,0.1388
1047,462,1509,0.1388
1041,460,1501,0.1388
1043,455,1498,0.1388
1028,455,1483,0.1388
1039,458,1497,0.1388
1040,458,1498,0.1388
1039,462,1501,0.1388
1045,460,1505,0.1388
1052,460,1512,0.1388
1048,465,1513,0.1388
1045,473,1518,0.1388
1047,470,1517,0.1388
1046,470,1516,0.1388
1047,468,1515,0.1388
1036,470,1506,0.1388
1039,471,1510,0.1388
1041,471,1512,0.1388
1036,468,1504,0.1388
1026,471,1497,0.1388
1022,474,1496,0.1388
1017,474,1491,0.1388
1008,477,1485,0.1388
1004,475,1479,0.1388
1014,479,1493,0.1388
1019,487,1506,0.1388
1017,481,1498,0.1388
1023,477,1500,0.1388
1011,482,1493,0.1388
1011,487,1498,0.1388
1008,494,1502,0.1388
1010,494,1504,0.1388
1021,490,1511,0.1388
1015,487,1502,0.1388
1024,479,1503,0.1388
1017,473,1490,0.1388
1026,479,1505,0.1388
1019,481,1500,0.1388
1021,492,1513,0.1388
1006,495,1501,0.1388
1001,488,1489,0.1388
1004,484,1488,0.1388
1009,480,1489,0.1388
1028,483,1511,0.1388
1031,492,1523,0.1388
1029,493,1522,0.1388
1016,491,1507,0.1388
1010,488,1498,0.1388
1010,484,1494,0.1388
1009,485,1494,0.1388
1013,483,1496,0.1388
1007,486,1493,0.1388
1016,493,1509,0.1388
1014,501,1515,0.1388
996,501,1497,0.1388
1000,497,1497,0.1388
988,502,1490,0.1388
990,498,1488,0.1388
995,492,1487,0.1388
1006,492,1498,0.1388
1011,495,1506,0.1388
1004,496,1500,0.1388
993,500,1493,0.1388
995,500,1495,0.1388
997,499,1496,0.1388
1000,503,1503,0.1388
1003,504,1507,0.1388
990,499,1489,0.1388
988,499,1487,0.1388
987,499,1486,0.1388
996,496,1492,0.1388
991,503,1494,0.1388
983,502,1485,0.1388
988,503,1491,0.1388
988,517,1505,0.1388
979,526,1505,0.1388
974,529,1503,0.1388
972,528,1500,0.1388
973,531,1504,0.1388
979,534,1513,0.1388
973,525,1498,0.1388
972,525,1497,0.1388
965,519,1484,0.1388
967,528,1495,0.1388
952,530,1482,0.1388
944,529,1473,0.1388
959,535,1494,0.1388
954,535,1489,0.1388
953,533,1486,0.1388
964,538,1502,0.1388
955,543,1498,0.1388
959,537,1496,0.1388
957,540,1497,0.1388
954,541,1495,0.1388
959,539,1498,0.1388
964,550,1514,0.1388
964,553,1517,0.1388
976,547,1523,0.1388
982,547,1529,0.1388
970,543,1513,0.1388
955,542,1497,0.1388
949,539,1488,0.1388
940,542,1482,0.1388
927,540,1467,0.1388
927,542,1469,0.1388
928,552,1480,0.1388
936,560,1496,0.1388
946,563,1509,0.1388
945,566,1511,0.1388
941,572,1513,0.1388
946,571,1517,0.1388
943,576,1519,0.1388
939,567,1506,0.1388
946,569,1515,0.1388
943,570,1513,0.1388
934,570,1504,0.1388
944,566,1510,0.1388
933,571,1504,0.1388
928,568,1496,0.1388
940,572,1512,0.1388
945,573,1518,0.1388
945,566,1511,0.1388
947,562,1509,0.1388
947,560,1507,0.1388
941,561,1502,0.1388
933,566,1499,0.1388
928,568,1496,0.1388
930,566,1496,0.1388
920,570,1490,0.1388
923,569,1492,0.1388
923,572,1495,0.1388
939,565,1504,0.1388
941,573,1514,0.1388
935,561,1496,0.1388
927,566,1493,0.1388
929,575,1504,0.1388
916,581,1497,0.1388
913,589,1502,0.1388
914,583,1497,0.1388
907,590,1497,0.1388
895,588,1483,0.1388
900,599,1499,0.1388
915,594,1509,0.1388
914,590,1504,0.1388
915,584,1499,0.1388
909,578,1487,0.1388
919,578,1497,0.1388
938,582,1520,0.1388
930,593,1523,0.1388
920,593,1513,0.1388
909,586,1495,0.1388
908,587,1495,0.1388
916,583,1499,0.1388
914,586,1500,0.1388
902,597,1499,0.1388
920,601,1521,0.1388
904,599,1503,0.1388
902,605,1507,0.1388
912,605,1517,0.1388
905,608,1513,0.1388
902,611,1513,0.1388
891,609,1500,0.1388
888,607,1495,0.1388
900,608,1508,0.1388
902,615,1517,0.1388
905,611,1516,0.1388
892,615,1507,0.1388
890,618,1508,0.1388
891,619,1510,0.1388
897,616,1513,0.1388
895,610,1505,0.1388
895,613,1508,0.1388
897,615,1512,0.1388
890,621,1511,0.1388
884,623,1507,0.1388
887,621,1508,0.1388
883,616,1499,0.1388
883,613,1496,0.1388
882,606,1488,0.1388
896,595,1491,0.1388
894,606,1500,0.1388
894,610,1504,0.1388
892,615,1507,0.1388
888,613,1501,0.1388
881,610,1491,0.1388
879,618,1497,0.1388
872,625,1497,0.1388
872,623,1495,0.1388
881,620,1501,0.1388
884,627,1511,0.1388
875,624,1499,0.1388
880,620,1500,0.1388
877,617,1494,0.1388
885,624,1509,0.1388
891,621,1512,0.1388
889,624,1513,0.1388
900,623,1523,0.1388
898,624,1522,0.1388
895,616,1511,0.1388
886,619,1505,0.1388
884,615,1499,0.1388
882,618,1500,0.1388
890,616,1506,0.1388
884,625,1509,0.1388
895,623,1518,0.1388
899,618,1517,0.1388
895,614,1509,0.1388
891,615,1506,0.1388
888,610,1498,0.1388
887,605,1492,0.1388
887,608,1495,0.1388
886,619,1505,0.1388
893,626,1519,0.1388
892,634,1526,0.1388
891,633,1524,0.1388
884,639,1523,0.1388
878,625,1503,0.1388
880,625,1505,0.1388
875,624,1499,0.1388
879,626,1505,0.1388
873,633,1506,0.1388
865,630,1495,0.1388
856,635,1491,0.1388
857,636,1493,0.1388
872,633,1505,0.1388
873,635,1508,0.1388
863,639,1502,0.1388
869,642,1511,0.1388
870,638,1508,0.1388
869,635,1504,0.1388
871,638,1509,0.1388
877,647,1524,0.1388
868,648,1516,0.1388
867,630,1497,0.1388
856,634,1490,0.1388
857,633,1490,0.1388
868,634,1502,0.1388
853,640,1493,0.1388
865,636,1501,0.1388
871,641,1512,0.1388
880,639,1519,0.1388
876,639,1515,0.1388
869,640,1509,0.1388
865,639,1504,0.1388
868,640,1508,0.1388
870,640,1510,0.1388
876,631,1507,0.1388
872,630,1502,0.1388
858,631,1489,0.1388
860,627,1487,0.1388
867,629,1496,0.1388
868,629,1497,0.1388
868,631,1499,0.1388
862,624,1486,0.1388
857,636,1493,0.1388
872,635,1507,0.1388
871,641,1512,0.1388
865,636,1501,0.1388
865,634,1499,0.1388
872,631,1503,0.1388
875,632,1507,0.1388
874,635,1509,0.1388
879,632,1511,0.1388
869,630,1499,0.1388
867,635,1502,0.1388
866,633,1499,0.1388
876,636,1512,0.1388
874,642,1516,0.1388
874,636,1510,0.1388
876,637,1513,0.1388
868,646,1514,0.1388
867,647,1514,0.1388
873,654,1527,0.1388
875,656,1531,0.1388
874,654,1528,0.1388
873,652,1525,0.1388
869,653,1522,0.1388
861,652,1513,0.1388
863,649,1512,0.1388
869,649,1518,0.1388
863,647,1510,0.1388
858,641,1499,0.1388
857,645,1502,0.1388
862,655,1517,0.1388
845,659,1504,0.1388
855,650,1505,0.1388
854,650,1504,0.1388
847,648,1495,0.1388
844,655,1499,0.1388
846,653,1499,0.1388
837,659,1496,0.1388
840,659,1499,0.1388
844,658,1502,0.1388
841,663,1504,0.1388
845,648,1493,0.1388
833,656,1489,0.1388
837,655,1492,0.1388
829,658,1487,0.1388
815,655,1470,0.1388
812,655,1467,0.1388
824,665,1489,0.1388
836,672,1508,0.1388
833,672,1505,0.1388
834,671,1505,0.1388
839,669,1508,0.1388
834,678,1512,0.1388
838,681,1519,0.1388
843,671,1514,0.1388
845,669,1514,0.1388
843,662,1505,0.1388
831,678,1509,0.1388
832,677,1509,0.1388
839,675,1514,0.1388
832,672,1504,0.1388
848,655,1503,0.1388
844,664,1508,0.1388
839,664,1503,0.1388
839,667,1506,0.1388
834,661,1495,0.1388
819,668,1487,0.1388
829,671,1500,0.1388
821,670,1491,0.1388
824,664,1488,0.1388
826,673,1499,0.1388
814,672,1486,0.1388
824,672,1496,0.1388
820,667,1487,0.1388
821,673,1494,0.1388
829,679,1508,0.1388
830,682,1512,0.1388
825,687,1512,0.1388
823,685,1508,0.1388
813,691,1504,0.1388
810,695,1505,0.1388
808,694,1502,0.1388
811,690,1501,0.1388
804,695,1499,0.1388
814,688,1502,0.1388
824,694,1518,0.1388
817,702,1519,0.1388
822,701,1523,0.1388
824,703,1527,0.1388
819,700,1519,0.1388
813,707,1520,0.1388
811,697,1508,0.1388
813,694,1507,0.1388
814,703,1517,0.1388
814,696,1510,0.1388
816,704,1520,0.1388
807,695,1502,0.1388
794,696,1490,0.1388
802,694,1496,0.1388
798,691,1489,0.1388
805,693,1498,0.1388
789,702,1491,0.1388
783,700,1483,0.1388
785,706,1491,0.1388
789,701,1490,0.1388
787,710,1497,0.1388
785,705,1490,0.1388
786,708,1494,0.1388
793,713,1506,0.1388
800,708,1508,0.1388
795,714,1509,0.1388
782,721,1503,0.1388
781,726,1507,0.1388
771,729,1500,0.1388
777,724,1501,0.1388
772,727,1499,0.1388
761,726,1487,0.1388
764,723,1487,0.1388
771,722,1493,0.1388
780,719,1499,0.1388
772,727,1499,0.1388
771,727,1498,0.1388
784,733,1517,0.1388
784,724,1508,0.1388
781,726,1507,0.1388
784,735,1519,0.1388
784,725,1509,0.1388
777,728,1505,0.1388
778,728,1506,0.1388
777,732,1509,0.1388
777,732,1509,0.1388
774,740,1514,0.1388
768,734,1502,0.1388
766,744,1510,0.1388
763,733,1496,0.1388
758,729,1487,0.1388
760,731,1491,0.1388
761,740,1501,0.1388
754,730,1484,0.1388
757,740,1497,0.1388
762,737,1499,0.1388
748,741,1489,0.1388
754,737,1491,0.1388
753,752,1505,0.1388
756,753,1509,0.1388
766,750,1516,0.1388
760,754,1514,0.1388
768,749,1517,0.1388
764,750,1514,0.1388
759,756,1515,0.1388
759,748,1507,0.1388
760,748,1508,0.1388
753,753,1506,0.1388
752,764,1516,0.1388
749,758,1507,0.1388
749,755,1504,0.1388
741,769,1510,0.1388
737,768,1505,0.1388
741,766,1507,0.1388
743,771,1514,0.1388
743,771,1514,0.1388
743,770,1513,0.1388
738,773,1511,0.1388
734,765,1499,0.1388
736,774,1510,0.1388
725,777,1502,0.1388
729,773,1502,0.1388
732,769,1501,0.1388
732,768,1500,0.1388
730,776,1506,0.1388
737,774,1511,0.1388
738,778,1516,0.1388
726,780,1506,0.1388
728,773,1501,0.1388
733,769,1502,0.1388
738,768,1506,0.1388
737,776,1513,0.1388
727,782,1509,0.1388
715,778,1493,0.1388
726,790,1516,0.1388
735,789,1524,0.1388
730,771,1501,0.1388
731,780,1511,0.1388
736,772,1508,0.1388
739,777,1516,0.1388
730,782,1512,0.1388
729,788,1517,0.1388
722,788,1510,0.1388
728,782,1510,0.1388
714,782,1496,0.1388
718,791,1509,0.1388
726,788,1514,0.1388
727,779,1506,0.1388
729,789,1518,0.1388
726,796,1522,0.1388
727,801,1528,0.1388
714,797,1511,0.1388
715,798,1513,0.1388
715,787,1502,0.1388
708,800,1508,0.1388
712,794,1506,0.1388
702,792,1494,0.1388
695,796,1491,0.1388
699,803,1502,0.1388
687,807,1494,0.1388
695,808,1503,0.1388
702,805,1507,0.1388
707,802,1509,0.1388
705,795,1500,0.1388
698,802,1500,0.1388
703,802,1505,0.1388
701,807,1508,0.1388
696,811,1507,0.1388
697,816,1513,0.1388
694,821,1515,0.1388
683,827,1510,0.1388
688,821,1509,0.1388
689,816,1505,0.1388
682,809,1491,0.1388
684,818,1502,0.1388
700,818,1518,0.1388
696,822,1518,0.1388
701,820,1521,0.1388
695,822,1517,0.1388
691,820,1511,0.1388
697,821,1518,0.1388
695,817,1512,0.1388
692,810,1502,0.1388
698,802,1500,0.1388
694,816,1510,0.1388
693,817,1510,0.1388
699,813,1512,0.1388
703,819,1522,0.1388
694,822,1516,0.1388
687,824,1511,0.1388
685,820,1505,0.1388
682,824,1506,0.1388
679,832,1511,0.1388
689,826,1515,0.1388
695,810,1505,0.1388
692,803,1495,0.1388
695,807,1502,0.1388
685,808,1493,0.1388
688,808,1496,0.1388
685,817,1502,0.1388
684,822,1506,0.1388
675,825,1500,0.1388
670,825,1495,0.1388
678,830,1508,0.1388
680,831,1511,0.1388
688,812,1500,0.1388
680,827,1507,0.1388
680,832,1512,0.1388
677,842,1519,0.1388
682,843,1525,0.1388
674,848,1522,0.1388
671,848,1519,0.1388
671,839,1510,0.1388
661,833,1494,0.1388
672,829,1501,0.1388
671,844,1515,0.1388
658,848,1506,0.1388
655,851,1506,0.1388
649,856,1505,0.1388
647,855,1502,0.1388
649,852,1501,0.1388
653,859,1512,0.1388
653,858,1511,0.1388
649,853,1502,0.1388
652,853,1505,0.1388
652,852,1504,0.1388
658,852,1510,0.1388
654,859,1513,0.1388
655,856,1511,0.1388
653,856,1509,0.1388
656,847,1503,0.1388
657,860,1517,0.1388
658,866,1524,0.1388
654,862,1516,0.1388
654,856,1510,0.1388
655,852,1507,0.1388
655,861,1516,0.1388
660,863,1523,0.1388
652,859,1511,0.1388
649,862,1511,0.1388
648,856,1504,0.1388
649,869,1518,0.1388
646,865,1511,0.1388
643,863,1506,0.1388
648,864,1512,0.1388
643,865,1508,0.1388
642,856,1498,0.1388
646,848,1494,0.1388
651,863,1514,0.1388
643,870,1513,0.1388
630,875,1505,0.1388
629,886,1515,0.1388
634,878,1512,0.1388
633,881,1514,0.1388
636,881,1517,0.1388
629,871,1500,0.1388
630,885,1515,0.1388
628,883,1511,0.1388
627,882,1509,0.1388
631,883,1514,0.1388
627,893,1520,0.1388
628,890,1518,0.1388
620,884,1504,0.1388
611,884,1495,0.1388
612,878,1490,0.1388
616,887,1503,0.1388
609,889,1498,0.1388
610,893,1503,0.1388
612,896,1508,0.1388
606,892,1498,0.1388
608,894,1502,0.1388
589,897,1486,0.1388
601,898,1499,0.1388
604,899,1503,0.1388
602,900,1502,0.1388
616,900,1516,0.1388
618,892,1510,0.1388
624,896,1520,0.1388
619,892,1511,0.1388
606,898,1504,0.1388
609,900,1509,0.1388
608,905,1513,0.1388
603,912,1515,0.1388
603,906,1509,0.1388
598,909,1507,0.1388
596,904,1500,0.1388
591,917,1508,0.1388
596,915,1511,0.1388
598,913,1511,0.1388
593,912,1505,0.1388
586,914,1500,0.1388
587,914,1501,0.1388
585,909,1494,0.1388
590,913,1503,0.1388
582,923,1505,0.1388
582,923,1505,0.1388
587,918,1505,0.1388
583,908,1491,0.1388
586,915,1501,0.1388
588,910,1498,0.1388
589,909,1498,0.1388
587,906,1493,0.1388
596,917,1513,0.1388
601,924,1525,0.1388
601,921,1522,0.1388
592,925,1517,0.1388
589,936,1525,0.1388
587,928,1515,0.1388
596,928,1524,0.1388
596,919,1515,0.1388
593,917,1510,0.1388
591,932,1523,0.1388
591,937,1528,0.1388
585,934,1519,0.1388
586,928,1514,0.1388
593,923,1516,0.1388
590,927,1517,0.1388
584,935,1519,0.1388
576,933,1509,0.1388
581,943,1524,0.1388
575,951,1526,0.1388
574,943,1517,0.1388
570,934,1504,0.1388
574,946,1520,0.1388
567,935,1502,0.1388
561,940,1501,0.1388
559,955,1514,0.1388
554,955,1509,0.1388
551,948,1499,0.1388
551,967,1518,0.1388
551,959,1510,0.1388
558,956,1514,0.1388
557,944,1501,0.1388
560,947,1507,0.1388
564,953,1517,0.1388
565,929,1494,0.1388
571,938,1509,0.1388
573,940,1513,0.1388
567,946,1513,0.1388
564,939,1503,0.1388
565,930,1495,0.1388
565,936,1501,0.1388
559,945,1504,0.1388
562,941,1503,0.1388
565,941,1506,0.1388
565,946,1511,0.1388
562,940,1502,0.1388
560,940,1500,0.1388
562,940,1502,0.1388
554,936,1490,0.1388
567,945,1512,0.1388
562,951,1513,0.1388
562,943,1505,0.1388
565,936,1501,0.1388
563,954,1517,0.1388
562,961,1523,0.1388
554,956,1510,0.1388
552,958,1510,0.1388
552,946,1498,0.1388
555,947,1502,0.1388
561,957,1518,0.1388
559,950,1509,0.1388
561,949,1510,0.1388
558,949,1507,0.1388
565,956,1521,0.1388
561,956,1517,0.1388
553,954,1507,0.1388
554,963,1517,0.1388
539,970,1509,0.1388
547,962,1509,0.1388
551,955,1506,0.1388
563,958,1521,0.1388
565,950,1515,0.1388
565,944,1509,0.1388
555,956,1511,0.1388
553,944,1497,0.1388
555,949,1504,0.1388
549,951,1500,0.1388
555,952,1507,0.1388
550,960,1510,0.1388
547,955,1502,0.1388
553,947,1500,0.1388
551,950,1501,0.1388
549,955,1504,0.1388
542,962,1504,0.1388
544,956,1500,0.1388
537,972,1509,0.1388
529,974,1503,0.1388
531,969,1500,0.1388
537,972,1509,0.1388
533,972,1505,0.1388
533,969,1502,0.1388
531,982,1513,0.1388
531,985,1516,0.1388
534,982,1516,0.1388
542,969,1511,0.1388
547,975,1522,0.1388
547,965,1512,0.1388
541,972,1513,0.1388
540,962,1502,0.1388
536,964,1500,0.1388
546,960,1506,0.1388
545,970,1515,0.1388
545,965,1510,0.1388
537,970,1507,0.1388
541,981,1522,0.1388
535,968,1503,0.1388
532,969,1501,0.1388
536,972,1508,0.1388
541,966,1507,0.1388
539,960,1499,0.1388
534,961,1495,0.1388
539,958,1497,0.1388
529,963,1492,0.1388
529,974,1503,0.1388
528,974,1502,0.1388
531,970,1501,0.1388
530,966,1496,0.1388
524,972,1496,0.1388
539,965,1504,0.1388
545,968,1513,0.1388
551,973,1524,0.1388
543,979,1522,0.1388
529,968,1497,0.1388
533,967,1500,0.1388
534,975,1509,0.1388
534,975,1509,0.1388
537,981,1518,0.1388
537,977,1514,0.1388
541,975,1516,0.1388
539,974,1513,0.1388
536,977,1513,0.1388
528,974,1502,0.1388
526,963,1489,0.1388
521,975,1496,0.1388
522,970,1492,0.1388
524,973,1497,0.1388
524,983,1507,0.1388
524,983,1507,0.1388
516,986,1502,0.1388
507,983,1490,0.1388
514,976,1490,0.1388
521,977,1498,0.1388
515,976,1491,0.1388
516,989,1505,0.1388
526,980,1506,0.1388
523,984,1507,0.1388
525,982,1507,0.1388
526,983,1509,0.1388
529,984,1513,0.1388
521,993,1514,0.1388
517,984,1501,0.1388
512,983,1495,0.1388
515,992,1507,0.1388
514,991,1505,0.1388
518,1000,1518,0.1388
518,1002,1520,0.1388
515,995,1510,0.1388
517,994,1511,0.1388
517,999,1516,0.1388
521,1001,1522,0.1388
517,1008,1525,0.1388
515,1005,1520,0.1388
516,1003,1519,0.1388
521,1004,1525,0.1388
512,996,1508,0.1388
515,1001,1516,0.1388
510,1006,1516,0.1388
505,1016,1521,0.1388
502,1006,1508,0.1388
506,1002,1508,0.1388
501,1007,1508,0.1388
498,1009,1507,0.1388
491,1018,1509,0.1388
495,1017,1512,0.1388
496,1018,1514,0.1388
497,1006,1503,0.1388
495,1012,1507,0.1388
496,1027,1523,0.1388
499,1028,1527,0.1388
500,1022,1522,0.1388
493,1018,1511,0.1388
491,1006,1497,0.1388
493,1005,1498,0.1388
487,1003,1490,0.1388
494,1001,1495,0.1388
495,1009,1504,0.1388
496,1013,1509,0.1388
501,1014,1515,0.1388
498,1011,1509,0.1388
492,1009,1501,0.1388
491,1012,1503,0.1388
494,1013,1507,0.1388
492,1019,1511,0.1388
489,1024,1513,0.1388
492,1022,1514,0.1388
487,1006,1493,0.1388
492,1013,1505,0.1388
489,1010,1499,0.1388
489,1009,1498,0.1388
481,1017,1498,0.1388
488,1013,1501,0.1388
488,1018,1506,0.1388
483,1032,1515,0.1388
482,1030,1512,0.1388
476,1026,1502,0.1388
483,1031,1514,0.1388
479,1032,1511,0.1388
472,1030,1502,0.1388
480,1023,1503,0.1388
480,1010,1490,0.1388
481,1009,1490,0.1388
492,1010,1502,0.1388
488,1006,1494,0.1388
494,1014,1508,0.1388
496,1021,1517,0.1388
495,1019,1514,0.1388
492,1016,1508,0.1388
483,1019,1502,0.1388
476,1026,1502,0.1388
475,1022,1497,0.1388
471,1021,1492,0.1388
477,1022,1499,0.1388
476,1020,1496,0.1388
470,1028,1498,0.1388
475,1019,1494,0.1388
474,1021,1495,0.1388
475,1035,1510,0.1388
473,1035,1508,0.1388
474,1036,1510,0.1388
479,1035,1514,0.1388
481,1041,1522,0.1388
487,1034,1521,0.1388
483,1025,1508,0.1388
481,1020,1501,0.1388
470,1028,1498,0.1388
469,1029,1498,0.1388
455,1027,1482,0.1388
458,1034,1492,0.1388
470,1040,1510,0.1388
468,1037,1505,0.1388
463,1038,1501,0.1388
466,1046,1512,0.1388
470,1044,1514,0.1388
470,1041,1511,0.1388
457,1044,1501,0.1388
461,1056,1517,0.1388
456,1057,1513,0.1388
456,1054,1510,0.1388
448,1064,1512,0.1388
448,1059,1507,0.1388
449,1058,1507,0.1388
447,1072,1519,0.1388
451,1079,1530,0.1388
452,1076,1528,0.1388
450,1067,1517,0.1388
440,1075,1515,0.1388
433,1063,1496,0.1388
433,1076,1509,0.1388
439,1077,1516,0.1388
438,1079,1517,0.1388
437,1076,1513,0.1388
437,1078,1515,0.1388
439,1070,1509,0.1388
443,1066,1509,0.1388
434,1081,1515,0.1388
430,1082,1512,0.1388
428,1084,1512,0.1388
431,1089,1520,0.1388
421,1091,1512,0.1388
429,1097,1526,0.1388
432,1094,1526,0.1388
429,1095,1524,0.1388
431,1091,1522,0.1388
432,1095,1527,0.1388
435,1087,1522,0.1388
429,1091,1520,0.1388
434,1089,1523,0.1388
436,1093,1529,0.1388
431,1079,1510,0.1388
433,1081,1514,0.1388
431,1091,1522,0.1388
430,1091,1521,0.1388
429,1071,1500,0.1388
434,1068,1502,0.1388
436,1068,1504,0.1388
436,1074,1510,0.1388
433,1077,1510,0.1388
426,1084,1510,0.1388
427,1077,1504,0.1388
422,1080,1502,0.1388
417,1092,1509,0.1388
412,1077,1489,0.1388
411,1082,1493,0.1388
411,1081,1492,0.1388
421,1086,1507,0.1388
416,1094,1510,0.1388
422,1094,1516,0.1388
423,1109,1532,0.1388
417,1102,1519,0.1388
406,1108,1514,0.1388
407,1099,1506,0.1388
412,1098,1510,0.1388
408,1098,1506,0.1388
403,1097,1500,0.1388
400,1103,1503,0.1388
397,1107,1504,0.1388
398,1109,1507,0.1388
407,1105,1512,0.1388
401,1103,1504,0.1388
398,1107,1505,0.1388
404,1103,1507,0.1388
406,1110,1516,0.1388
395,1110,1505,0.1388
396,1118,1514,0.1388
395,1112,1507,0.1388
396,1115,1511,0.1388
389,1112,1501,0.1388
400,1113,1513,0.1388
392,1106,1498,0.1388
383,1110,1493,0.1388
389,1116,1505,0.1388
384,1106,1490,0.1388
388,1100,1488,0.1388
397,1101,1498,0.1388
399,1110,1509,0.1388
396,1107,1503,0.1388
390,1112,1502,0.1388
398,1120,1518,0.1388
402,1118,1520,0.1388
393,1110,1503,0.1388
390,1112,1502,0.1388
395,1121,1516,0.1388
393,1117,1510,0.1388
401,1117,1518,0.1388
402,1115,1517,0.1388
406,1108,1514,0.1388
398,1109,1507,0.1388
397,1101,1498,0.1388
395,1098,1493,0.1388
387,1103,1490,0.1388
386,1114,1500,0.1388
389,1122,1511,0.1388
391,1117,1508,0.1388
396,1103,1499,0.1388
393,1101,1494,0.1388
396,1102,1498,0.1388
394,1107,1501,0.1388
389,1107,1496,0.1388
392,1112,1504,0.1388
395,1111,1506,0.1388
393,1105,1498,0.1388
388,1122,1510,0.1388
381,1117,1498,0.1388
382,1112,1494,0.1388
387,1119,1506,0.1388
389,1126,1515,0.1388
391,1127,1518,0.1388
386,1122,1508,0.1388
379,1130,1509,0.1388
382,1122,1504,0.1388
382,1125,1507,0.1388
382,1126,1508,0.1388
385,1127,1512,0.1388
387,1118,1505,0.1388
392,1118,1510,0.1388
391,1125,1516,0.1388
389,1103,1492,0.1388
388,1112,1500,0.1388
395,1104,1499,0.1388
390,1097,1487,0.1388
388,1106,1494,0.1388
386,1116,1502,0.1388
385,1123,1508,0.1388
387,1131,1518,0.1388
390,1133,1523,0.1388
384,1116,1500,0.1388
397,1126,1523,0.1388
394,1119,1513,0.1388
392,1125,1517,0.1388
393,1107,1500,0.1388
391,1120,1511,0.1388
392,1120,1512,0.1388
393,1117,1510,0.1388
381,1113,1494,0.1388
381,1110,1491,0.1388
376,1121,1497,0.1388
377,1129,1506,0.1388
386,1130,1516,0.1388
391,1127,1518,0.1388
389,1140,1529,0.1388
386,1128,1514,0.1388
375,1126,1501,0.1388
378,1120,1498,0.1388
387,1127,1514,0.1388
392,1131,1523,0.1388
391,1140,1531,0.1388
391,1132,1523,0.1388
391,1126,1517,0.1388
385,1132,1517,0.1388
386,1136,1522,0.1388
378,1131,1509,0.1388
381,1129,1510,0.1388
380,1120,1500,0.1388
378,1125,1503,0.1388
376,1130,1506,0.1388
370,1127,1497,0.1388
373,1122,1495,0.1388
372,1129,1501,0.1388
377,1118,1495,0.1388
369,1127,1496,0.1388
371,1128,1499,0.1388
369,1129,1498,0.1388
363,1139,1502,0.1388
367,1138,1505,0.1388
368,1144,1512,0.1388
367,1137,1504,0.1388
371,1144,1515,0.1388
368,1142,1510,0.1388
370,1149,1519,0.1388
371,1148,1519,0.1388
370,1143,1513,0.1388
369,1136,1505,0.1388
369,1141,1510,0.1388
368,1142,1510,0.1388
364,1134,1498,0.1388
364,1144,1508,0.1388
363,1144,1507,0.1388
365,1140,1505,0.1388
362,1147,1509,0.1388
363,1145,1508,0.1388
351,1145,1496,0.1388
348,1145,1493,0.1388
355,1151,1506,0.1388
358,1154,1512,0.1388
354,1155,1509,0.1388
352,1149,1501,0.1388
351,1162,1513,0.1388
344,1164,1508,0.1388
356,1165,1521,0.1388
352,1148,1500,0.1388
352,1150,1502,0.1388
353,1152,1505,0.1388
359,1154,1513,0.1388
365,1154,1519,0.1388
361,1154,1515,0.1388
364,1149,1513,0.1388
363,1144,1507,0.1388
360,1168,1528,0.1388
363,1163,1526,0.1388
361,1152,1513,0.1388
351,1146,1497,0.1388
353,1148,1501,0.1388
349,1161,1510,0.1388
349,1166,1515,0.1388
347,1170,1517,0.1388
345,1168,1513,0.1388
351,1168,1519,0.1388
348,1159,1507,0.1388
348,1171,1519,0.1388
349,1169,1518,0.1388
353,1167,1520,0.1388
352,1159,1511,0.1388
347,1163,1510,0.1388
350,1168,1518,0.1388
342,1176,1518,0.1388
341,1169,1510,0.1388
334,1170,1504,0.1388
338,1170,1508,0.1388
337,1168,1505,0.1388
340,1169,1509,0.1388
339,1175,1514,0.1388
347,1174,1521,0.1388
346,1179,1525,0.1388
344,1178,1522,0.1388
341,1174,1515,0.1388
337,1180,1517,0.1388
334,1167,1501,0.1388
334,1165,1499,0.1388
336,1171,1507,0.1388
337,1180,1517,0.1388
341,1177,1518,0.1388
344,1168,1512,0.1388
342,1172,1514,0.1388
346,1184,1530,0.1388
342,1183,1525,0.1388
341,1178,1519,0.1388
339,1179,1518,0.1388
338,1185,1523,0.1388
336,1172,1508,0.1388
337,1177,1514,0.1388
332,1187,1519,0.1388
334,1188,1522,0.1388
332,1181,1513,0.1388
337,1179,1516,0.1388
336,1171,1507,0.1388
336,1175,1511,0.1388
331,1173,1504,0.1388
331,1166,1497,0.1388
332,1163,1495,0.1388
329,1172,1501,0.1388
329,1175,1504,0.1388
332,1177,1509,0.1388
331,1181,1512,0.1388
332,1182,1514,0.1388
332,1186,1518,0.1388
332,1185,1517,0.1388
325,1185,1510,0.1388
325,1173,1498,0.1388
324,1188,1512,0.1388
325,1200,1525,0.1388
323,1192,1515,0.1388
320,1202,1522,0.1388
321,1197,1518,0.1388
318,1188,1506,0.1388
322,1186,1508,0.1388
323,1184,1507,0.1388
326,1190,1516,0.1388
326,1195,1521,0.1388
322,1195,1517,0.1388
323,1184,1507,0.1388
320,1193,1513,0.1388
317,1182,1499,0.1388
319,1187,1506,0.1388
315,1195,1510,0.1388
321,1187,1508,0.1388
317,1188,1505,0.1388
310,1193,1503,0.1388
318,1200,1518,0.1388
320,1204,1524,0.1388
314,1198,1512,0.1388
310,1201,1511,0.1388
313,1204,1517,0.1388
319,1207,1526,0.1388
313,1197,1510,0.1388
311,1201,1512,0.1388
313,1195,1508,0.1388
309,1196,1505,0.1388
307,1207,1514,0.1388
312,1215,1527,0.1388
306,1206,1512,0.1388
311,1203,1514,0.1388
314,1213,1527,0.1388
309,1218,1527,0.1388
305,1217,1522,0.1388
302,1217,1519,0.1388
304,1222,1526,0.1388
303,1225,1528,0.1388
295,1225,1520,0.1388
298,1231,1529,0.1388
300,1216,1516,0.1388
299,1208,1507,0.1388
300,1213,1513,0.1388
299,1217,1516,0.1388
301,1227,1528,0.1388
305,1218,1523,0.1388
297,1226,1523,0.1388
298,1223,1521,0.1388
297,1217,1514,0.1388
296,1215,1511,0.1388
298,1211,1509,0.1388
294,1219,1513,0.1388
292,1215,1507,0.1388
298,1221,1519,0.1388
298,1216,1514,0.1388
297,1224,1521,0.1388
290,1225,1515,0.1388
289,1226,1515,0.1388
286,1229,1515,0.1388
284,1205,1489,0.1388
287,1207,1494,0.1388
286,1212,1498,0.1388
287,1213,1500,0.1388
283,1222,1505,0.1388
282,1218,1500,0.1388
285,1228,1513,0.1388
281,1224,1505,0.1388
278,1240,1518,0.1388
282,1241,1523,0.1388
283,1232,1515,0.1388
281,1240,1521,0.1388
288,1238,1526,0.1388
288,1243,1531,0.1388
287,1245,1532,0.1388
285,1232,1517,0.1388
283,1222,1505,0.1388
285,1226,1511,0.1388
284,1224,1508,0.1388
285,1227,1512,0.1388
284,1235,1519,0.1388
284,1242,1526,0.1388
286,1238,1524,0.1388
288,1247,1535,0.1388
289,1250,1539,0.1388
282,1249,1531,0.1388
283,1232,1515,0.1388
273,1230,1503,0.1388
276,1223,1499,0.1388
275,1235,1510,0.1388
271,1242,1513,0.1388
266,1244,1510,0.1388
266,1252,1518,0.1388
268,1249,1517,0.1388
269,1253,1522,0.1388
264,1246,1510,0.1388
262,1252,1514,0.1388
261,1240,1501,0.1388
264,1226,1490,0.1388
266,1234,1500,0.1388
268,1235,1503,0.1388
267,1252,1519,0.1388
271,1250,1521,0.1388
268,1251,1519,0.1388
261,1257,1518,0.1388
256,1250,1506,0.1388
252,1255,1507,0.1388
255,1260,1515,0.1388
256,1266,1522,0.1388
259,1269,1528,0.1388
256,1277,1533,0.1388
258,1277,1535,0.1388
258,1275,1533,0.1388
260,1276,1536,0.1388
258,1259,1517,0.1388
265,1255,1520,0.1388
261,1265,1526,0.1388
261,1250,1511,0.1388
258,1245,1503,0.1388
260,1239,1499,0.1388
260,1236,1496,0.1388
259,1247,1506,0.1388
258,1254,1512,0.1388
261,1253,1514,0.1388
262,1266,1528,0.1388
256,1258,1514,0.1388
256,1241,1497,0.1388
263,1251,1514,0.1388
263,1251,1514,0.1388
263,1253,1516,0.1388
263,1248,1511,0.1388
262,1257,1519,0.1388
258,1256,1514,0.1388
258,1250,1508,0.1388
255,1243,1498,0.1388
249,1252,1501,0.1388
250,1248,1498,0.1388
255,1253,1508,0.1388
256,1258,1514,0.1388
257,1249,1506,0.1388
250,1258,1508,0.1388
250,1254,1504,0.1388
253,1270,1523,0.1388
253,1269,1522,0.1388
252,1264,1516,0.1388
244,1267,1511,0.1388
248,1270,1518,0.1388
244,1262,1506,0.1388
240,1263,1503,0.1388
244,1255,1499,0.1388
248,1261,1509,0.1388
246,1258,1504,0.1388
254,1271,1525,0.1388
249,1274,1523,0.1388
243,1276,1519,0.1388
243,1265,1508,0.1388
238,1264,1502,0.1388
239,1267,1506,0.1388
238,1275,1513,0.1388
244,1283,1527,0.1388
241,1280,1521,0.1388
244,1274,1518,0.1388
238,1270,1508,0.1388
232,1259,1491,0.1388
233,1284,1517,0.1388
231,1278,1509,0.1388
231,1289,1520,0.1388
237,1278,1515,0.1388
231,1277,1508,0.1388
229,1283,1512,0.1388
228,1280,1508,0.1388
228,1282,1510,0.1388
233,1283,1516,0.1388
230,1285,1515,0.1388
230,1262,1492,0.1388
227,1283,1510,0.1388
227,1289,1516,0.1388
229,1280,1509,0.1388
232,1288,1520,0.1388
232,1284,1516,0.1388
233,1281,1514,0.1388
231,1286,1517,0.1388
223,1282,1505,0.1388
224,1284,1508,0.1388
222,1290,1512,0.1388
226,1293,1519,0.1388
225,1297,1522,0.1388
227,1293,1520,0.1388
224,1302,1526,0.1388
222,1306,1528,0.1388
218,1294,1512,0.1388
212,1289,1501,0.1388
216,1294,1510,0.1388
216,1301,1517,0.1388
212,1308,1520,0.1388
216,1310,1526,0.1388
214,1301,1515,0.1388
214,1305,1519,0.1388
211,1306,1517,0.1388
205,1300,1505,0.1388
207,1298,1505,0.1388
207,1293,1500,0.1388
206,1298,1504,0.1388
219,1302,1521,0.1388
219,1296,1515,0.1388
220,1296,1516,0.1388
224,1294,1518,0.1388
223,1288,1511,0.1388
222,1284,1506,0.1388
226,1287,1513,0.1388
228,1288,1516,0.1388
227,1290,1517,0.1388
223,1298,1521,0.1388
223,1289,1512,0.1388
226,1290,1516,0.1388
224,1279,1503,0.1388
226,1273,1499,0.1388
224,1278,1502,0.1388
221,1287,1508,0.1388
215,1293,1508,0.1388
211,1299,1510,0.1388
215,1303,1518,0.1388
215,1302,1517,0.1388
213,1304,1517,0.1388
215,1313,1528,0.1388
215,1308,1523,0.1388
212,1308,1520,0.1388
212,1309,1521,0.1388
211,1313,1524,0.1388
206,1302,1508,0.1388
206,1302,1508,0.1388
210,1303,1513,0.1388
214,1302,1516,0.1388
215,1291,1506,0.1388
211,1297,1508,0.1388
211,1289,1500,0.1388
207,1291,1498,0.1388
208,1279,1487,0.1388
206,1286,1492,0.1388
202,1296,1498,0.1388
203,1298,1501,0.1388
210,1298,1508,0.1388
210,1293,1503,0.1388
209,1302,1511,0.1388
210,1312,1522,0.1388
206,1308,1514,0.1388
205,1312,1517,0.1388
203,1321,1524,0.1388
205,1314,1519,0.1388
203,1333,1536,0.1388
204,1333,1537,0.1388
202,1330,1532,0.1388
199,1342,1541,0.1388
193,1328,1521,0.1388
192,1324,1516,0.1388
194,1317,1511,0.1388
190,1308,1498,0.1388
192,1302,1494,0.1388
196,1314,1510,0.1388
200,1312,1512,0.1388
201,1306,1507,0.1388
195,1311,1506,0.1388
197,1316,1513,0.1388
196,1309,1505,0.1388
194,1307,1501,0.1388
196,1313,1509,0.1388
193,1310,1503,0.1388
188,1307,1495,0.1388
189,1307,1496,0.1388
189,1318,1507,0.1388
185,1308,1493,0.1388
188,1314,1502,0.1388
191,1328,1519,0.1388
195,1326,1521,0.1388
194,1336,1530,0.1388
195,1330,1525,0.1388
190,1325,1515,0.1388
193,1321,1514,0.1388
197,1320,1517,0.1388
194,1323,1517,0.1388
194,1314,1508,0.1388
192,1332,1524,0.1388
193,1329,1522,0.1388
190,1327,1517,0.1388
191,1332,1523,0.1388
190,1320,1510,0.1388
191,1316,1507,0.1388
189,1320,1509,0.1388
196,1324,1520,0.1388
193,1321,1514,0.1388
195,1325,1520,0.1388
194,1329,1523,0.1388
196,1326,1522,0.1388
199,1334,1533,0.1388
194,1326,1520,0.1388
193,1325,1518,0.1388
198,1322,1520,0.1388
194,1331,1525,0.1388
195,1317,1512,0.1388
194,1314,1508,0.1388
194,1321,1515,0.1388
197,1314,1511,0.1388
200,1329,1529,0.1388
200,1335,1535,0.1388
199,1327,1526,0.1388
198,1329,1527,0.1388
193,1338,1531,0.1388
194,1338,1532,0.1388
194,1326,1520,0.1388
191,1327,1518,0.1388
189,1322,1511,0.1388
193,1315,1508,0.1388
190,1323,1513,0.1388
190,1330,1520,0.1388
189,1339,1528,0.1388
187,1340,1527,0.1388
185,1336,1521,0.1388
185,1334,1519,0.1388
186,1317,1503,0.1388
187,1329,1516,0.1388
186,1331,1517,0.1388
190,1328,1518,0.1388
192,1322,1514,0.1388
193,1325,1518,0.1388
193,1314,1507,0.1388
196,1314,1510,0.1388
191,1321,1512,0.1388
188,1314,1502,0.1388
187,1325,1512,0.1388
184,1332,1516,0.1388
182,1339,1521,0.1388
176,1336,1512,0.1388
174,1332,1506,0.1388
179,1339,1518,0.1388
177,1342,1519,0.1388
178,1340,1518,0.1388
177,1332,1509,0.1388
173,1333,1506,0.1388
174,1326,1500,0.1388
174,1329,1503,0.1388
177,1327,1504,0.1388
180,1332,1512,0.1388
174,1347,1521,0.1388
172,1347,1519,0.1388
168,1338,1506,0.1388
170,1346,1516,0.1388
167,1346,1513,0.1388
166,1353,1519,0.1388
165,1350,1515,0.1388
168,1354,1522,0.1388
170,1350,1520,0.1388
167,1349,1516,0.1388
164,1350,1514,0.1388
168,1334,1502,0.1388
169,1333,1502,0.1388
167,1340,1507,0.1388
168,1343,1511,0.1388
168,1352,1520,0.1388
167,1364,1531,0.1388
165,1350,1515,0.1388
168,1353,1521,0.1388
165,1350,1515,0.1388
163,1353,1516,0.1388
165,1353,1518,0.1388
156,1357,1513,0.1388
163,1361,1524,0.1388
159,1359,1518,0.1388
155,1364,1519,0.1388
154,1353,1507,0.1388
160,1363,1523,0.1388
161,1363,1524,0.1388
158,1354,1512,0.1388
161,1350,1511,0.1388
160,1344,1504,0.1388
154,1345,1499,0.1388
161,1358,1519,0.1388
159,1365,1524,0.1388
158,1357,1515,0.1388
154,1347,1501,0.1388
159,1352,1511,0.1388
159,1359,1518,0.1388
160,1363,1523,0.1388
155,1358,1513,0.1388
156,1351,1507,0.1388
154,1351,1505,0.1388
155,1333,1488,0.1388
160,1338,1498,0.1388
164,1328,1492,0.1388
166,1345,1511,0.1388
167,1349,1516,0.1388
164,1344,1508,0.1388
157,1356,1513,0.1388
158,1348,1506,0.1388
160,1347,1507,0.1388
160,1339,1499,0.1388
158,1339,1497,0.1388
157,1341,1498,0.1388
156,1346,1502,0.1388
156,1341,1497,0.1388
155,1356,1511,0.1388
156,1362,1518,0.1388
155,1369,1524,0.1388
155,1372,1527,0.1388
151,1367,1518,0.1388
154,1366,1520,0.1388
155,1365,1520,0.1388
157,1374,1531,0.1388
159,1366,1525,0.1388
155,1350,1505,0.1388
157,1358,1515,0.1388
153,1351,1504,0.1388
154,1351,1505,0.1388
156,1363,1519,0.1388
156,1361,1517,0.1388
154,1359,1513,0.1388
152,1364,1516,0.1388
151,1367,1518,0.1388
150,1366,1516,0.1388
147,1373,1520,0.1388
145,1371,1516,0.1388
143,1352,1495,0.1388
143,1378,1521,0.1388
142,1379,1521,0.1388
142,1382,1524,0.1388
144,1371,1515,0.1388
142,1373,1515,0.1388
143,1381,1524,0.1388
145,1390,1535,0.1388
145,1380,1525,0.1388
145,1374,1519,0.1388
149,1381,1530,0.1388
148,1367,1515,0.1388
148,1368,1516,0.1388
146,1374,1520,0.1388
145,1378,1523,0.1388
145,1387,1532,0.1388
148,1384,1532,0.1388
145,1380,1525,0.1388
146,1368,1514,0.1388
145,1373,1518,0.1388
144,1383,1527,0.1388
145,1370,1515,0.1388
147,1356,1503,0.1388
147,1359,1506,0.1388
143,1370,1513,0.1388
143,1381,1524,0.1388
146,1378,1524,0.1388
147,1366,1513,0.1388
150,1382,1532,0.1388
150,1380,1530,0.1388
147,1365,1512,0.1388
146,1366,1512,0.1388
151,1352,1503,0.1388
150,1356,1506,0.1388
148,1366,1514,0.1388
145,1358,1503,0.1388
144,1379,1523,0.1388
144,1372,1516,0.1388
144,1385,1529,0.1388
148,1389,1537,0.1388
149,1373,1522,0.1388
151,1369,1520,0.1388
149,1378,1527,0.1388
150,1378,1528,0.1388
147,1373,1520,0.1388
145,1381,1526,0.1388
148,1373,1521,0.1388
149,1394,1543,0.1388
144,1388,1532,0.1388
142,1381,1523,0.1388
140,1390,1530,0.1388
138,1383,1521,0.1388
136,1376,1512,0.1388
134,1374,1508,0.1388
136,1387,1523,0.1388
137,1384,1521,0.1388
138,1384,1522,0.1388
137,1380,1517,0.1388
135,1379,1514,0.1388
134,1372,1506,0.1388
136,1378,1514,0.1388
130,1385,1515,0.1388
130,1378,1508,0.1388
135,1380,1515,0.1388
134,1379,1513,0.1388
132,1393,1525,0.1388
132,1384,1516,0.1388
134,1382,1516,0.1388
132,1384,1516,0.1388
128,1396,1524,0.1388
127,1379,1506,0.1388
127,1389,1516,0.1388
131,1383,1514,0.1388
130,1389,1519,0.1388
129,1381,1510,0.1388
131,1379,1510,0.1388
131,1381,1512,0.1388
129,1388,1517,0.1388
131,1399,1530,0.1388
133,1402,1535,0.1388
128,1394,1522,0.1388
129,1400,1529,0.1388
127,1392,1519,0.1388
127,1380,1507,0.1388
126,1373,1499,0.1388
126,1377,1503,0.1388
128,1380,1508,0.1388
127,1382,1509,0.1388
127,1383,1510,0.1388
127,1384,1511,0.1388
127,1386,1513,0.1388
128,1391,1519,0.1388
132,1381,1513,0.1388
131,1374,1505,0.1388
131,1370,1501,0.1388
132,1373,1505,0.1388
129,1377,1506,0.1388
130,1380,1510,0.1388
129,1376,1505,0.1388
128,1390,1518,0.1388
123,1389,1512,0.1388
125,1392,1517,0.1388
120,1389,1509,0.1388
119,1405,1524,0.1388
117,1396,1513,0.1388
114,1400,1514,0.1388
119,1412,1531,0.1388
118,1395,1513,0.1388
118,1397,1515,0.1388
119,1387,1506,0.1388
123,1381,1504,0.1388
123,1386,1509,0.1388
124,1380,1504,0.1388
123,1389,1512,0.1388
124,1396,1520,0.1388
128,1398,1526,0.1388
126,1397,1523,0.1388
127,1396,1523,0.1388
125,1404,1529,0.1388
127,1397,1524,0.1388
123,1398,1521,0.1388
122,1394,1516,0.1388
118,1397,1515,0.1388
118,1411,1529,0.1388
117,1414,1531,0.1388
117,1410,1527,0.1388
117,1397,1514,0.1388
118,1396,1514,0.1388
121,1398,1519,0.1388
120,1390,1510,0.1388
121,1386,1507,0.1388
121,1393,1514,0.1388
121,1389,1510,0.1388
118,1396,1514,0.1388
116,1392,1508,0.1388
120,1396,1516,0.1388
116,1405,1521,0.1388
116,1399,1515,0.1388
117,1402,1519,0.1388
118,1403,1521,0.1388
114,1390,1504,0.1388
112,1412,1524,0.1388
114,1415,1529,0.1388
113,1405,1518,0.1388
114,1408,1522,0.1388
115,1401,1516,0.1388
115,1400,1515,0.1388
113,1389,1502,0.1388
113,1392,1505,0.1388
112,1392,1504,0.1388
117,1395,1512,0.1388
117,1394,1511,0.1388
117,1403,1520,0.1388
115,1397,1512,0.1388
115,1408,1523,0.1388
113,1400,1513,0.1388
111,1404,1515,0.1388
112,1406,1518,0.1388
116,1408,1524,0.1388
110,1403,1513,0.1388
110,1399,1509,0.1388
112,1406,1518,0.1388
110,1399,1509,0.1388
108,1387,1495,0.1388
108,1397,1505,0.1388
110,1408,1518,0.1388
114,1411,1525,0.1388
114,1418,1532,0.1388
111,1401,1512,0.1388
110,1409,1519,0.1388
107,1424,1531,0.1388
107,1416,1523,0.1388
107,1409,1516,0.1388
106,1404,1510,0.1388
104,1399,1503,0.1388
106,1408,1514,0.1388
104,1412,1516,0.1388
107,1413,1520,0.1388
110,1416,1526,0.1388
109,1414,1523,0.1388
108,1404,1512,0.1388
109,1403,1512,0.1388
112,1398,1510,0.1388
113,1413,1526,0.1388
113,1414,1527,0.1388
110,1416,1526,0.1388
107,1404,1511,0.1388
108,1412,1520,0.1388
109,1402,1511,0.1388
109,1404,1513,0.1388
107,1380,1487,0.1388
106,1383,1489,0.1388
108,1394,1502,0.1388
108,1404,1512,0.1388
108,1390,1498,0.1388
109,1391,1500,0.1388
108,1387,1495,0.1388
109,1403,1512,0.1388
107,1400,1507,0.1388
110,1404,1514,0.1388
114,1403,1517,0.1388
112,1407,1519,0.1388
109,1403,1512,0.1388
110,1412,1522,0.1388
112,1411,1523,0.1388
111,1407,1518,0.1388
112,1404,1516,0.1388
111,1396,1507,0.1388
110,1394,1504,0.1388
112,1404,1516,0.1388
114,1394,1508,0.1388
116,1395,1511,0.1388
118,1382,1500,0.1388
118,1384,1502,0.1388
114,1382,1496,0.1388
110,1398,1508,0.1388
115,1388,1503,0.1388
114,1393,1507,0.1388
114,1394,1508,0.1388
113,1395,1508,0.1388
114,1397,1511,0.1388
115,1397,1512,0.1388
112,1400,1512,0.1388
113,1403,1516,0.1388
108,1396,1504,0.1388
111,1398,1509,0.1388
113,1400,1513,0.1388
114,1395,1509,0.1388
118,1407,1525,0.1388
119,1403,1522,0.1388
116,1417,1533,0.1388
114,1410,1524,0.1388
112,1404,1516,0.1388
110,1396,1506,0.1388
113,1385,1498,0.1388
116,1385,1501,0.1388
113,1393,1506,0.1388
111,1396,1507,0.1388
106,1394,1500,0.1388
107,1399,1506,0.1388
105,1403,1508,0.1388
102,1412,1514,0.1388
103,1409,1512,0.1388
105,1404,1509,0.1388
104,1410,1514,0.1388
100,1419,1519,0.1388
101,1419,1520,0.1388
104,1409,1513,0.1388
98,1413,1511,0.1388
99,1415,1514,0.1388
100,1416,1516,0.1388
100,1418,1518,0.1388
100,1418,1518,0.1388
101,1417,1518,0.1388
99,1419,1518,0.1388
100,1428,1528,0.1388
107,1422,1529,0.1388
108,1411,1519,0.1388
106,1409,1515,0.1388
106,1412,1518,0.1388
99,1421,1520,0.1388
100,1419,1519,0.1388
100,1430,1530,0.1388
101,1425,1526,0.1388
99,1429,1528,0.1388
99,1430,1529,0.1388
97,1421,1518,0.1388
98,1420,1518,0.1388
98,1428,1526,0.1388
99,1422,1521,0.1388
99,1419,1518,0.1388
97,1419,1516,0.1388
100,1413,1513,0.1388
99,1421,1520,0.1388
99,1442,1541,0.1388
98,1429,1527,0.1388
102,1410,1512,0.1388
101,1413,1514,0.1388
99,1436,1535,0.1388
96,1428,1524,0.1388
97,1430,1527,0.1388
98,1412,1510,0.1388
98,1412,1510,0.1388
100,1406,1506,0.1388
99,1411,1510,0.1388
99,1437,1536,0.1388
99,1428,1527,0.1388
96,1419,1515,0.1388
96,1424,1520,0.1388
93,1420,1513,0.1388
89,1431,1520,0.1388
93,1419,1512,0.1388
97,1429,1526,0.1388
95,1429,1524,0.1388
94,1439,1533,0.1388
94,1421,1515,0.1388
92,1433,1525,0.1388
90,1427,1517,0.1388
91,1446,1537,0.1388
94,1433,1527,0.1388
92,1429,1521,0.1388
90,1430,1520,0.1388
86,1428,1514,0.1388
85,1432,1517,0.1388
87,1445,1532,0.1388
84,1432,1516,0.1388
85,1428,1513,0.1388
87,1422,1509,0.1388
88,1442,1530,0.1388
91,1444,1535,0.1388
91,1438,1529,0.1388
89,1445,1534,0.1388
90,1445,1535,0.1388
91,1438,1529,0.1388
90,1437,1527,0.1388
91,1434,1525,0.1388
92,1428,1520,0.1388
94,1427,1521,0.1388
93,1440,1533,0.1388
92,1434,1526,0.1388
91,1426,1517,0.1388
90,1431,1521,0.1388
87,1432,1519,0.1388
87,1424,1511,0.1388
88,1431,1519,0.1388
87,1423,1510,0.1388
85,1422,1507,0.1388
86,1424,1510,0.1388
89,1424,1513,0.1388
92,1429,1521,0.1388
92,1431,1523,0.1388
93,1419,1512,0.1388
95,1415,1510,0.1388
92,1427,1519,0.1388
92,1436,1528,0.1388
91,1436,1527,0.1388
88,1430,1518,0.1388
88,1425,1513,0.1388
91,1428,1519,0.1388
90,1436,1526,0.1388
93,1430,1523,0.1388
91,1419,1510,0.1388
93,1418,1511,0.1388
94,1413,1507,0.1388
96,1417,1513,0.1388
95,1417,1512,0.1388
95,1411,1506,0.1388
93,1420,1513,0.1388
94,1419,1513,0.1388
97,1429,1526,0.1388
98,1428,1526,0.1388
97,1423,1520,0.1388
97,1417,1514,0.1388
94,1422,1516,0.1388
93,1429,1522,0.1388
91,1431,1522,0.1388
88,1442,1530,0.1388
87,1431,1518,0.1388
88,1430,1518,0.1388
92,1414,1506,0.1388
92,1420,1512,0.1388
91,1421,1512,0.1388
92,1423,1515,0.1388
93,1430,1523,0.1388
93,1418,1511,0.1388
91,1430,1521,0.1388
93,1436,1529,0.1388
90,1427,1517,0.1388
89,1428,1517,0.1388
88,1424,1512,0.1388
92,1425,1517,0.1388
93,1421,1514,0.1388
91,1423,1514,0.1388
90,1423,1513,0.1388
93,1435,1528,0.1388
95,1435,1530,0.1388
91,1427,1518,0.1388
90,1431,1521,0.1388
88,1438,1526,0.1388
90,1431,1521,0.1388
88,1419,1507,0.1388
90,1424,1514,0.1388
90,1424,1514,0.1388
91,1422,1513,0.1388
91,1443,1534,0.1388
88,1437,1525,0.1388
90,1433,1523,0.1388
90,1438,1528,0.1388
88,1427,1515,0.1388
86,1431,1517,0.1388
87,1425,1512,0.1388
86,1426,1512,0.1388
84,1426,1510,0.1388
85,1427,1512,0.1388
86,1434,1520,0.1388
84,1424,1508,0.1388
83,1426,1509,0.1388
83,1429,1512,0.1388
81,1432,1513,0.1388
78,1429,1507,0.1388
74,1438,1512,0.1388
76,1443,1519,0.1388
77,1449,1526,0.1388
81,1437,1518,0.1388
80,1436,1516,0.1388
81,1441,1522,0.1388
80,1441,1521,0.1388
81,1439,1520,0.1388
78,1441,1519,0.1388
78,1441,1519,0.1388
80,1430,1510,0.1388
80,1436,1516,0.1388
77,1438,1515,0.1388
75,1437,1512,0.1388
78,1433,1511,0.1388
79,1428,1507,0.1388
76,1424,1500,0.1388
73,1435,1508,0.1388
75,1429,1504,0.1388
74,1430,1504,0.1388
75,1428,1503,0.1388
71,1427,1498,0.1388
75,1428,1503,0.1388
74,1437,1511,0.1388
69,1437,1506,0.1388
68,1446,1514,0.1388
72,1449,1521,0.1388
71,1435,1506,0.1388
72,1435,1507,0.1388
68,1441,1509,0.1388
67,1442,1509,0.1388
65,1446,1511,0.1388
65,1441,1506,0.1388
65,1446,1511,0.1388
63,1451,1514,0.1388
64,1449,1513,0.1388
65,1448,1513,0.1388
64,1446,1510,0.1388
66,1437,1503,0.1388
67,1453,1520,0.1388
67,1456,1523,0.1388
67,1451,1518,0.1388
68,1440,1508,0.1388
68,1449,1517,0.1388
68,1448,1516,0.1388
69,1436,1505,0.1388
67,1437,1504,0.1388
68,1436,1504,0.1388
71,1436,1507,0.1388
69,1450,1519,0.1388
70,1447,1517,0.1388
72,1447,1519,0.1388
71,1442,1513,0.1388
73,1437,1510,0.1388
72,1440,1512,0.1388
72,1431,1503,0.1388
72,1438,1510,0.1388
71,1427,1498,0.1388
74,1434,1508,0.1388
73,1440,1513,0.1388
74,1431,1505,0.1388
73,1434,1507,0.1388
76,1436,1512,0.1388
73,1438,1511,0.1388
74,1443,1517,0.1388
72,1445,1517,0.1388
73,1446,1519,0.1388
74,1438,1512,0.1388
76,1435,1511,0.1388
76,1428,1504,0.1388
75,1431,1506,0.1388
73,1437,1510,0.1388
70,1435,1505,0.1388
68,1437,1505,0.1388
68,1423,1491,0.1388
68,1434,1502,0.1388
69,1453,1522,0.1388
72,1448,1520,0.1388
70,1444,1514,0.1388
67,1438,1505,0.1388
65,1445,1510,0.1388
66,1446,1512,0.1388
67,1454,1521,0.1388
68,1445,1513,0.1388
69,1451,1520,0.1388
67,1453,1520,0.1388
67,1456,1523,0.1388
63,1449,1512,0.1388
63,1443,1506,0.1388
63,1456,1519,0.1388
63,1455,1518,0.1388
61,1460,1521,0.1388
62,1448,1510,0.1388
64,1457,1521,0.1388
66,1452,1518,0.1388
65,1428,1493,0.1388
64,1444,1508,0.1388
66,1439,1505,0.1388
66,1439,1505,0.1388
68,1438,1506,0.1388
67,1450,1517,0.1388
67,1448,1515,0.1388
65,1446,1511,0.1388
63,1439,1502,0.1388
64,1450,1514,0.1388
63,1454,1517,0.1388
66,1453,1519,0.1388
66,1444,1510,0.1388
65,1460,1525,0.1388
64,1446,1510,0.1388
66,1441,1507,0.1388
69,1448,1517,0.1388
70,1443,1513,0.1388
67,1464,1531,0.1388
67,1450,1517,0.1388
65,1449,1514,0.1388
65,1463,1528,0.1388
63,1459,1522,0.1388
60,1441,1501,0.1388
57,1443,1500,0.1388
56,1440,1496,0.1388
56,1431,1487,0.1388
57,1431,1488,0.1388
58,1457,1515,0.1388
60,1451,1511,0.1388
60,1451,1511,0.1388
62,1447,1509,0.1388
58,1445,1503,0.1388
56,1452,1508,0.1388
58,1446,1504,0.1388
60,1465,1525,0.1388
62,1465,1527,0.1388
60,1463,1523,0.1388
61,1470,1531,0.1388
60,1459,1519,0.1388
61,1465,1526,0.1388
62,1457,1519,0.1388
61,1454,1515,0.1388
61,1447,1508,0.1388
59,1463,1522,0.1388
58,1463,1521,0.1388
58,1453,1511,0.1388
59,1455,1514,0.1388
55,1455,1510,0.1388
55,1462,1517,0.1388
54,1472,1526,0.1388
55,1469,1524,0.1388
54,1472,1526,0.1388
56,1463,1519,0.1388
54,1457,1511,0.1388
54,1476,1530,0.1388
51,1489,1540,0.1388
51,1479,1530,0.1388
52,1478,1530,0.1388
52,1472,1524,0.1388
53,1458,1511,0.1388
54,1465,1519,0.1388
50,1469,1519,0.1388
50,1477,1527,0.1388
52,1478,1530,0.1388
51,1476,1527,0.1388
53,1460,1513,0.1388
55,1448,1503,0.1388
55,1462,1517,0.1388
54,1459,1513,0.1388
54,1454,1508,0.1388
51,1460,1511,0.1388
51,1461,1512,0.1388
52,1456,1508,0.1388
54,1453,1507,0.1388
53,1468,1521,0.1388
55,1464,1519,0.1388
56,1463,1519,0.1388
56,1464,1520,0.1388
57,1465,1522,0.1388
55,1462,1517,0.1388
54,1449,1503,0.1388
50,1437,1487,0.1388
50,1443,1493,0.1388
50,1441,1491,0.1388
49,1450,1499,0.1388
51,1451,1502,0.1388
51,1459,1510,0.1388
53,1452,1505,0.1388
53,1452,1505,0.1388
54,1462,1516,0.1388
54,1458,1512,0.1388
54,1460,1514,0.1388
55,1465,1520,0.1388
57,1467,1524,0.1388
55,1464,1519,0.1388
57,1443,1500,0.1388
57,1440,1497,0.1388
57,1461,1518,0.1388
55,1454,1509,0.1388
53,1448,1501,0.1388
53,1466,1519,0.1388
49,1459,1508,0.1388
50,1460,1510,0.1388
46,1469,1515,0.1388
47,1454,1501,0.1388
46,1452,1498,0.1388
47,1469,1516,0.1388
48,1466,1514,0.1388
48,1464,1512,0.1388
50,1464,1514,0.1388
50,1475,1525,0.1388
51,1466,1517,0.1388
51,1472,1523,0.1388
48,1480,1528,0.1388
48,1469,1517,0.1388
47,1479,1526,0.1388
47,1458,1505,0.1388
51,1455,1506,0.1388
51,1456,1507,0.1388
51,1448,1499,0.1388
51,1456,1507,0.1388
49,1457,1506,0.1388
50,1458,1508,0.1388
50,1453,1503,0.1388
50,1453,1503,0.1388
49,1460,1509,0.1388
46,1465,1511,0.1388
46,1470,1516,0.1388
46,1467,1513,0.1388
47,1472,1519,0.1388
44,1480,1524,0.1388
46,1483,1529,0.1388
47,1468,1515,0.1388
47,1474,1521,0.1388
48,1465,1513,0.1388
50,1471,1521,0.1388
52,1459,1511,0.1388
54,1460,1514,0.1388
53,1469,1522,0.1388
52,1467,1519,0.1388
51,1475,1526,0.1388
52,1469,1521,0.1388
51,1472,1523,0.1388
51,1471,1522,0.1388
49,1476,1525,0.1388
46,1472,1518,0.1388
47,1479,1526,0.1388
44,1474,1518,0.1388
46,1472,1518,0.1388
46,1480,1526,0.1388
45,1466,1511,0.1388
44,1478,1522,0.1388
45,1460,1505,0.1388
45,1460,1505,0.1388
42,1467,1509,0.1388
44,1455,1499,0.1388
46,1456,1502,0.1388
46,1454,1500,0.1388
45,1471,1516,0.1388
46,1465,1511,0.1388
46,1458,1504,0.1388
42,1467,1509,0.1388
43,1473,1516,0.1388
42,1475,1517,0.1388
43,1480,1523,0.1388
42,1481,1523,0.1388
45,1479,1524,0.1388
44,1476,1520,0.1388
46,1482,1528,0.1388
47,1489,1536,0.1388
46,1484,1530,0.1388
46,1474,1520,0.1388
45,1468,1513,0.1388
44,1463,1507,0.1388
44,1460,1504,0.1388
43,1462,1505,0.1388
43,1467,1510,0.1388
42,1472,1514,0.1388
43,1458,1501,0.1388
46,1458,1504,0.1388
47,1454,1501,0.1388
47,1471,1518,0.1388
46,1475,1521,0.1388
45,1476,1521,0.1388
46,1467,1513,0.1388
45,1456,1501,0.1388
46,1460,1506,0.1388
46,1475,1521,0.1388
47,1461,1508,0.1388
48,1476,1524,0.1388
49,1473,1522,0.1388
50,1473,1523,0.1388
50,1463,1513,0.1388
47,1471,1518,0.1388
46,1472,1518,0.1388
47,1474,1521,0.1388
48,1472,1520,0.1388
46,1485,1531,0.1388
48,1483,1531,0.1388
44,1472,1516,0.1388
45,1478,1523,0.1388
45,1485,1530,0.1388
45,1485,1530,0.1388
43,1481,1524,0.1388
44,1475,1519,0.1388
41,1464,1505,0.1388
42,1465,1507,0.1388
43,1481,1524,0.1388
43,1480,1523,0.1388
40,1480,1520,0.1388
42,1484,1526,0.1388
43,1483,1526,0.1388
42,1477,1519,0.1388
41,1482,1523,0.1388
42,1478,1520,0.1388
40,1480,1520,0.1388
39,1475,1514,0.1388
40,1483,1523,0.1388
39,1476,1515,0.1388
38,1485,1523,0.1388
38,1478,1516,0.1388
38,1482,1520,0.1388
39,1484,1523,0.1388
40,1486,1526,0.1388
39,1475,1514,0.1388
39,1480,1519,0.1388
35,1477,1512,0.1388
33,1498,1531,0.1388
32,1476,1508,0.1388
34,1481,1515,0.1388
31,1482,1513,0.1388
30,1475,1505,0.1388
31,1485,1516,0.1388
27,1498,1525,0.1388
27,1493,1520,0.1388
27,1500,1527,0.1388
28,1501,1529,0.1388
28,1486,1514,0.1388
27,1485,1512,0.1388
27,1487,1514,0.1388
27,1492,1519,0.1388
27,1483,1510,0.1388
27,1483,1510,0.1388
27,1484,1511,0.1388
28,1491,1519,0.1388
27,1493,1520,0.1388
28,1494,1522,0.1388
29,1499,1528,0.1388
30,1491,1521,0.1388
30,1493,1523,0.1388
27,1491,1518,0.1388
26,1493,1519,0.1388
25,1487,1512,0.1388
23,1488,1511,0.1388
22,1495,1517,0.1388
20,1494,1514,0.1388
17,1488,1505,0.1388
16,1487,1503,0.1388
16,1494,1510,0.1388
16,1495,1511,0.1388
15,1497,1512,0.1388
15,1506,1521,0.1388
16,1513,1529,0.1388
15,1500,1515,0.1388
15,1498,1513,0.1388
15,1505,1520,0.1388
15,1511,1526,0.1388
14,1493,1507,0.1388
14,1485,1499,0.1388
14,1488,1502,0.1388
14,1493,1507,0.1388
14,1496,1510,0.1388
15,1505,1520,0.1388
15,1502,1517,0.1388
15,1519,1534,0.1388
15,1514,1529,0.1388
15,1525,1540,0.1388
15,1519,1534,0.1388
15,1507,1522,0.1388
15,1506,1521,0.1388
15,1506,1521,0.1388
15,1496,1511,0.1388
15,1516,1531,0.1388
14,1523,1537,0.1388
15,1523,1538,0.1388
13,1526,1539,0.1388
13,1516,1529,0.1388
14,1508,1522,0.1388
15,1521,1536,0.1388
15,1500,1515,0.1388
16,1501,1517,0.1388
14,1494,1508,0.1388
13,1505,1518,0.1388
13,1497,1510,0.1388
13,1503,1516,0.1388
13,1507,1520,0.1388
13,1513,1526,0.1388
12,1505,1517,0.1388
11,1521,1532,0.1388
13,1515,1528,0.1388
13,1507,1520,0.1388
13,1497,1510,0.1388
13,1488,1501,0.1388
14,1494,1508,0.1388
13,1495,1508,0.1388
13,1511,1524,0.1388
13,1511,1524,0.1388
13,1510,1523,0.1388
13,1502,1515,0.1388
14,1502,1516,0.1388
13,1507,1520,0.1388
14,1513,1527,0.1388
13,1504,1517,0.1388
13,1524,1537,0.1388
12,1520,1532,0.1388
12,1517,1529,0.1388
14,1507,1521,0.1388
14,1498,1512,0.1388
15,1520,1535,0.1388
14,1520,1534,0.1388
11,1506,1517,0.1388
12,1493,1505,0.1388
11,1508,1519,0.1388
10,1516,1526,0.1388
10,1508,1518,0.1388
12,1513,1525,0.1388
12,1522,1534,0.1388
12,1512,1524,0.1388
12,1524,1536,0.1388
12,1522,1534,0.1388
12,1507,1519,0.1388
12,1519,1531,0.1388
11,1536,1547,0.1388
11,1528,1539,0.1388
11,1519,1530,0.1388
11,1519,1530,0.1388
11,1526,1537,0.1388
12,1523,1535,0.1388
12,1516,1528,0.1388
11,1520,1531,0.1388
11,1521,1532,0.1388
11,1519,1530,0.1388
11,1516,1527,0.1388
10,1514,1524,0.1388
9,1506,1515,0.1388
9,1506,1515,0.1388
9,1500,1509,0.1388
8,1498,1506,0.1388
8,1496,1504,0.1388
9,1499,1508,0.1388
9,1498,1507,0.1388
9,1491,1500,0.1388
8,1497,1505,0.1388
8,1503,1511,0.1388
8,1511,1519,0.1388
8,1499,1507,0.1388
8,1513,1521,0.1388
9,1506,1515,0.1388
9,1507,1516,0.1388
9,1525,1534,0.1388
10,1515,1525,0.1388
10,1517,1527,0.1388
10,1510,1520,0.1388
9,1510,1519,0.1388
10,1497,1507,0.1388
10,1509,1519,0.1388
9,1515,1524,0.1388
9,1508,1517,0.1388
10,1518,1528,0.1388
10,1521,1531,0.1388
9,1506,1515,0.1388
10,1510,1520,0.1388
10,1503,1513,0.1388
10,1504,1514,0.1388
11,1497,1508,0.1388
12,1482,1494,0.1388
11,1492,1503,0.1388
12,1490,1502,0.1388
12,1491,1503,0.1388
11,1499,1510,0.1388
11,1512,1523,0.1388
11,1514,1525,0.1388
11,1511,1522,0.1388
11,1506,1517,0.1388
12,1503,1515,0.1388
12,1511,1523,0.1388
12,1503,1515,0.1388
12,1513,1525,0.1388
12,1497,1509,0.1388
12,1509,1521,0.1388
12,1509,1521,0.1388
11,1499,1510,0.1388
12,1511,1523,0.1388
12,1498,1510,0.1388
10,1506,1516,0.1388
11,1496,1507,0.1388
10,1490,1500,0.1388
11,1498,1509,0.1388
11,1497,1508,0.1388
12,1501,1513,0.1388
12,1498,1510,0.1388
12,1501,1513,0.1388
12,1506,1518,0.1388
13,1503,1516,0.1388
13,1507,1520,0.1388
13,1506,1519,0.1388
13,1508,1521,0.1388
12,1508,1520,0.1388
11,1520,1531,0.1388
11,1522,1533,0.1388
11,1514,1525,0.1388
12,1507,1519,0.1388
13,1513,1526,0.1388
13,1506,1519,0.1388
11,1502,1513,0.1388
11,1492,1503,0.1388
11,1491,1502,0.1388
11,1500,1511,0.1388
11,1492,1503,0.1388
11,1505,1516,0.1388
11,1504,1515,0.1388
10,1507,1517,0.1388
11,1501,1512,0.1388
11,1510,1521,0.1388
10,1526,1536,0.1388
10,1509,1519,0.1388
9,1519,1528,0.1388
10,1527,1537,0.1388
10,1514,1524,0.1388
10,1497,1507,0.1388
9,1511,1520,0.1388
9,1519,1528,0.1388
10,1522,1532,0.1388
10,1514,1524,0.1388
10,1522,1532,0.1388
10,1521,1531,0.1388
10,1506,1516,0.1388
9,1501,1510,0.1388
9,1509,1518,0.1388
9,1519,1528,0.1388
9,1507,1516,0.1388
10,1491,1501,0.1388
10,1486,1496,0.1388
10,1508,1518,0.1388
9,1518,1527,0.1388
10,1509,1519,0.1388
10,1516,1526,0.1388
9,1512,1521,0.1388
10,1518,1528,0.1388
10,1508,1518,0.1388
10,1518,1528,0.1388
11,1500,1511,0.1388
11,1497,1508,0.1388
10,1504,1514,0.1388
9,1516,1525,0.1388
9,1525,1534,0.1388
9,1517,1526,0.1388
9,1520,1529,0.1388
10,1524,1534,0.1388
10,1521,1531,0.1388
9,1525,1534,0.1388
9,1510,1519,0.1388
8,1517,1525,0.1388
8,1518,1526,0.1388
7,1518,1525,0.1388
7,1502,1509,0.1388
7,1516,1523,0.1388
7,1506,1513,0.1388
7,1502,1509,0.1388
7,1499,1506,0.1388
7,1506,1513,0.1388
6,1503,1509,0.1388
6,1517,1523,0.1388
6,1513,1519,0.1388
8,1508,1516,0.1388
8,1515,1523,0.1388
6,1515,1521,0.1388
6,1507,1513,0.1388
7,1506,1513,0.1388
7,1497,1504,0.1388
7,1516,1523,0.1388
6,1523,1529,0.1388
6,1520,1526,0.1388
6,1531,1537,0.1388
6,1516,1522,0.1388
6,1506,1512,0.1388
5,1510,1515,0.1388
4,1511,1515,0.1388
4,1495,1499,0.1388
4,1484,1488,0.1388
5,1510,1515,0.1388
5,1525,1530,0.1388
5,1526,1531,0.1388
5,1513,1518,0.1388
4,1521,1525,0.1388
5,1525,1530,0.1388
5,1507,1512,0.1388
5,1513,1518,0.1388
5,1509,1514,0.1388
4,1505,1509,0.1388
4,1493,1497,0.1388
3,1505,1508,0.1388
3,1513,1516,0.1388
3,1508,1511,0.1388
3,1497,1500,0.1388
2,1504,1506,0.1388
2,1508,1510,0.1388
2,1512,1514,0.1388
2,1499,1501,0.1388
2,1495,1497,0.1388
2,1508,1510,0.1388
2,1519,1521,0.1388
2,1525,1527,0.1388
2,1523,1525,0.1388
2,1518,1520,0.1388
2,1523,1525,0.1388
2,1510,1512,0.1388
2,1505,1507,0.1388
2,1514,1516,0.1388
2,1508,1510,0.1388
2,1513,1515,0.1388
2,1511,1513,0.1388
2,1521,1523,0.1388
2,1524,1526,0.1388
2,1519,1521,0.1388
2,1530,1532,0.1388
2,1538,1540,0.1388
2,1519,1521,0.1388
2,1521,1523,0.1388
2,1521,1523,0.1388
2,1526,1528,0.1388
2,1521,1523,0.1388
2,1517,1519,0.1388
2,1526,1528,0.1388
2,1513,1515,0.1388
2,1513,1515,0.1388
2,1510,1512,0.1388
2,1514,1516,0.1388
3,1513,1516,0.1388
3,1506,1509,0.1388
3,1519,1522,0.1388
3,1518,1521,0.1388
2,1516,1518,0.1388
2,1521,1523,0.1388
2,1509,1511,0.1388
2,1491,1493,0.1388
2,1504,1506,0.1388
2,1510,1512,0.1388
2,1514,1516,0.1388
2,1505,1507,0.1388
2,1513,1515,0.1388
1,1514,1515,0.1388
1,1512,1513,0.1388
0,1516,1516,0.1388
