1372,29,1401,0.1388
1389,32,1421,0.1388
1421,32,1453,0.1388
1442,34,1476,0.1388
1454,33,1487,0.1388
1453,32,1485,0.1388
1458,32,1490,0.1388
1451,33,1484,0.1388
1452,32,1484,0.1388
1456,34,1490,0.1388
1459,34,1493,0.1388
1467,32,1499,0.1388
1458,36,1494,0.1388
1469,36,1505,0.1388
1484,36,1520,0.1388
1467,35,1502,0.1388
1461,36,1497,0.1388
1456,36,1492,0.1388
1459,38,1497,0.1388
1465,40,1505,0.1388
1474,40,1514,0.1388
1482,42,1524,0.1388
1468,44,1512,0.1388
1452,42,1494,0.1388
1465,44,1509,0.1388
1462,42,1504,0.1388
1460,43,1503,0.1388
1441,42,1483,0.1388
1449,42,1491,0.1388
1453,45,1498,0.1388
1443,45,1488,0.1388
1431,45,1476,0.1388
1452,45,1497,0.1388
1434,47,1481,0.1388
1430,48,1478,0.1388
1420,48,1468,0.1388
1417,48,1465,0.1388
1439,48,1487,0.1388
1449,47,1496,0.1388
1445,47,1492,0.1388
1450,50,1500,0.1388
1437,55,1492,0.1388
1428,57,1485,0.1388
1429,59,1488,0.1388
1439,60,1499,0.1388
1428,61,1489,0.1388
1425,59,1484,0.1388
1431,59,1490,0.1388
1441,60,1501,0.1388
1446,62,1508,0.1388
1446,62,1508,0.1388
1448,59,1507,0.1388
1443,60,1503,0.1388
1434,59,1493,0.1388
1423,61,1484,0.1388
1411,63,1474,0.1388
1424,64,1488,0.1388
1431,63,1494,0.1388
1435,67,1502,0.1388
1430,67,1497,0.1388
1416,68,1484,0.1388
1412,72,1484,0.1388
1417,74,1491,0.1388
1419,77,1496,0.1388
1408,78,1486,0.1388
1409,73,1482,0.1388
1420,72,1492,0.1388
1412,74,1486,0.1388
1422,77,1499,0.1388
1426,78,1504,0.1388
1415,76,1491,0.1388
1411,78,1489,0.1388
1405,79,1484,0.1388
1409,78,1487,0.1388
1416,73,1489,0.1388
1420,70,1490,0.1388
1428,72,1500,0.1388
1419,71,1490,0.1388
1416,69,1485,0.1388
1404,68,1472,0.1388
1421,70,1491,0.1388
1412,70,1482,0.1388
1414,70,1484,0.1388
1404,72,1476,0.1388
1397,76,1473,0.1388
1410,74,1484,0.1388
1408,75,1483,0.1388
1402,76,1478,0.1388
1396,75,1471,0.1388
1406,77,1483,0.1388
1402,81,1483,0.1388
1403,83,1486,0.1388
1406,88,1494,0.1388
1414,86,1500,0.1388
1405,87,1492,0.1388
1396,86,1482,0.1388
1408,84,1492,0.1388
1411,88,1499,0.1388
1410,87,1497,0.1388
1403,88,1491,0.1388
1403,88,1491,0.1388
1406,87,1493,0.1388
1407,86,1493,0.1388
1417,83,1500,0.1388
1422,81,1503,0.1388
1412,79,1491,0.1388
1414,81,1495,0.1388
1421,84,1505,0.1388
1416,84,1500,0.1388
1400,85,1485,0.1388
1404,88,1492,0.1388
1408,90,1498,0.1388
1416,89,1505,0.1388
1409,90,1499,0.1388
1406,88,1494,0.1388
1409,88,1497,0.1388
1405,86,1491,0.1388
1406,85,1491,0.1388
1401,88,1489,0.1388
1398,89,1487,0.1388
1407,84,1491,0.1388
1407,87,1494,0.1388
1400,87,1487,0.1388
1411,91,1502,0.1388
1403,92,1495,0.1388
1402,94,1496,0.1388
1399,93,1492,0.1388
1409,93,1502,0.1388
1404,93,1497,0.1388
1403,95,1498,0.1388
1404,96,1500,0.1388
1406,99,1505,0.1388
1401,100,1501,0.1388
1405,103,1508,0.1388
1401,104,1505,0.1388
1401,106,1507,0.1388
1391,104,1495,0.1388
1406,104,1510,0.1388
1396,105,1501,0.1388
1399,103,1502,0.1388
1392,100,1492,0.1388
1382,101,1483,0.1388
1382,101,1483,0.1388
1386,107,1493,0.1388
1386,108,1494,0.1388
1389,107,1496,0.1388
1390,108,1498,0.1388
1387,112,1499,0.1388
1383,114,1497,0.1388
1377,109,1486,0.1388
1386,111,1497,0.1388
1369,112,1481,0.1388
1377,111,1488,0.1388
1384,114,1498,0.1388
1377,116,1493,0.1388
1381,117,1498,0.1388
1386,116,1502,0.1388
1382,111,1493,0.1388
1389,110,1499,0.1388
1378,111,1489,0.1388
1374,112,1486,0.1388
1383,111,1494,0.1388
1376,113,1489,0.1388
1365,118,1483,0.1388
1354,115,1469,0.1388
1369,123,1492,0.1388
1364,123,1487,0.1388
1367,121,1488,0.1388
1359,120,1479,0.1388
1355,123,1478,0.1388
1360,128,1488,0.1388
1360,127,1487,0.1388
1366,126,1492,0.1388
1366,127,1493,0.1388
1362,131,1493,0.1388
1355,135,1490,0.1388
1348,134,1482,0.1388
1345,136,1481,0.1388
1349,132,1481,0.1388
1354,136,1490,0.1388
1345,136,1481,0.1388
1344,132,1476,0.1388
1349,133,1482,0.1388
1350,134,1484,0.1388
1340,134,1474,0.1388
1343,141,1484,0.1388
1348,139,1487,0.1388
1354,140,1494,0.1388
1372,141,1513,0.1388
1364,139,1503,0.1388
1365,138,1503,0.1388
1368,136,1504,0.1388
1370,137,1507,0.1388
1356,133,1489,0.1388
1353,132,1485,0.1388
1354,128,1482,0.1388
1360,135,1495,0.1388
1369,143,1512,0.1388
1365,143,1508,0.1388
1374,141,1515,0.1388
1370,142,1512,0.1388
1364,139,1503,0.1388
1364,138,1502,0.1388
1351,138,1489,0.1388
1357,136,1493,0.1388
1351,140,1491,0.1388
1361,143,1504,0.1388
1369,139,1508,0.1388
1379,134,1513,0.1388
1378,133,1511,0.1388
1363,133,1496,0.1388
1367,135,1502,0.1388
1360,139,1499,0.1388
1367,136,1503,0.1388
1360,141,1501,0.1388
1353,141,1494,0.1388
1343,139,1482,0.1388
1353,137,1490,0.1388
1347,143,1490,0.1388
1338,143,1481,0.1388
1329,144,1473,0.1388
1328,146,1474,0.1388
1327,144,1471,0.1388
1339,150,1489,0.1388
1336,151,1487,0.1388
1344,146,1490,0.1388
1324,145,1469,0.1388
1332,146,1478,0.1388
1327,151,1478,0.1388
1337,154,1491,0.1388
1327,162,1489,0.1388
1334,161,1495,0.1388
1328,164,1492,0.1388
1336,165,1501,0.1388
1323,162,1485,0.1388
1324,159,1483,0.1388
1323,159,1482,0.1388
1325,160,1485,0.1388
1328,161,1489,0.1388
1325,165,1490,0.1388
1325,170,1495,0.1388
1316,173,1489,0.1388
1316,173,1489,0.1388
1311,171,1482,0.1388
1305,172,1477,0.1388
1328,174,1502,0.1388
1336,169,1505,0.1388
1324,168,1492,0.1388
1320,170,1490,0.1388
1320,168,1488,0.1388
1315,169,1484,0.1388
1313,167,1480,0.1388
1320,169,1489,0.1388
1320,167,1487,0.1388
1326,167,1493,0.1388
1322,164,1486,0.1388
1314,165,1479,0.1388
1316,165,1481,0.1388
1317,163,1480,0.1388
1318,161,1479,0.1388
1326,161,1487,0.1388
1330,163,1493,0.1388
1323,162,1485,0.1388
1318,163,1481,0.1388
1331,160,1491,0.1388
1339,164,1503,0.1388
1344,164,1508,0.1388
1341,165,1506,0.1388
1347,167,1514,0.1388
1338,169,1507,0.1388
1338,171,1509,0.1388
1329,167,1496,0.1388
1317,169,1486,0.1388
1314,171,1485,0.1388
1328,169,1497,0.1388
1323,167,1490,0.1388
1327,168,1495,0.1388
1327,172,1499,0.1388
1336,169,1505,0.1388
1321,174,1495,0.1388
1317,171,1488,0.1388
1319,171,1490,0.1388
1317,171,1488,0.1388
1324,172,1496,0.1388
1332,170,1502,0.1388
1320,177,1497,0.1388
1333,172,1505,0.1388
1334,181,1515,0.1388
1322,186,1508,0.1388
1305,182,1487,0.1388
1302,188,1490,0.1388
1298,183,1481,0.1388
1305,182,1487,0.1388
1315,181,1496,0.1388
1318,177,1495,0.1388
1309,185,1494,0.1388
1304,182,1486,0.1388
1305,180,1485,0.1388
1304,185,1489,0.1388
1300,187,1487,0.1388
1311,190,1501,0.1388
1318,190,1508,0.1388
1320,188,1508,0.1388
1325,184,1509,0.1388
1318,187,1505,0.1388
1322,188,1510,0.1388
1322,193,1515,0.1388
1318,192,1510,0.1388
1314,192,1506,0.1388
1315,193,1508,0.1388
1301,194,1495,0.1388
1293,196,1489,0.1388
1286,197,1483,0.1388
1282,199,1481,0.1388
1282,199,1481,0.1388
1297,205,1502,0.1388
1296,208,1504,0.1388
1293,210,1503,0.1388
1297,210,1507,0.1388
1289,209,1498,0.1388
1289,208,1497,0.1388
1285,206,1491,0.1388
1278,210,1488,0.1388
1289,211,1500,0.1388
1292,213,1505,0.1388
1296,213,1509,0.1388
1293,211,1504,0.1388
1292,212,1504,0.1388
1290,211,1501,0.1388
1285,211,1496,0.1388
1283,212,1495,0.1388
1282,213,1495,0.1388
1279,217,1496,0.1388
1283,213,1496,0.1388
1272,210,1482,0.1388
1271,205,1476,0.1388
1262,204,1466,0.1388
1281,203,1484,0.1388
1287,199,1486,0.1388
1297,202,1499,0.1388
1285,199,1484,0.1388
1296,202,1498,0.1388
1290,207,1497,0.1388
1280,210,1490,0.1388
1286,208,1494,0.1388
1293,212,1505,0.1388
1284,214,1498,0.1388
1272,216,1488,0.1388
1272,215,1487,0.1388
1274,216,1490,0.1388
1282,217,1499,0.1388
1272,221,1493,0.1388
1279,216,1495,0.1388
1267,222,1489,0.1388
1263,222,1485,0.1388
1276,222,1498,0.1388
1272,220,1492,0.1388
1278,221,1499,0.1388
1289,221,1510,0.1388
1276,224,1500,0.1388
1279,225,1504,0.1388
1267,219,1486,0.1388
1265,219,1484,0.1388
1264,220,1484,0.1388
1271,215,1486,0.1388
1262,218,1480,0.1388
1265,218,1483,0.1388
1270,219,1489,0.1388
1275,218,1493,0.1388
1274,213,1487,0.1388
1277,214,1491,0.1388
1260,218,1478,0.1388
1264,222,1486,0.1388
1260,230,1490,0.1388
1249,233,1482,0.1388
1255,230,1485,0.1388
1254,234,1488,0.1388
1258,236,1494,0.1388
1265,236,1501,0.1388
1246,237,1483,0.1388
1252,233,1485,0.1388
1257,238,1495,0.1388
1267,238,1505,0.1388
1268,236,1504,0.1388
1257,238,1495,0.1388
1254,236,1490,0.1388
1257,236,1493,0.1388
1261,241,1502,0.1388
1265,245,1510,0.1388
1250,248,1498,0.1388
1240,248,1488,0.1388
1237,252,1489,0.1388
1236,249,1485,0.1388
1244,246,1490,0.1388
1248,245,1493,0.1388
1249,240,1489,0.1388
1241,242,1483,0.1388
1240,243,1483,0.1388
1249,243,1492,0.1388
1253,241,1494,0.1388
1251,239,1490,0.1388
1257,237,1494,0.1388
1257,236,1493,0.1388
1256,237,1493,0.1388
1252,238,1490,0.1388
1254,235,1489,0.1388
1268,232,1500,0.1388
1269,230,1499,0.1388
1269,233,1502,0.1388
1272,222,1494,0.1388
1277,223,1500,0.1388
1263,226,1489,0.1388
1262,226,1488,0.1388
1259,229,1488,0.1388
1238,233,1471,0.1388
1248,227,1475,0.1388
1255,236,1491,0.1388
1261,243,1504,0.1388
1255,241,1496,0.1388
1255,244,1499,0.1388
1250,240,1490,0.1388
1249,236,1485,0.1388
1258,234,1492,0.1388
1259,241,1500,0.1388
1257,243,1500,0.1388
1261,246,1507,0.1388
1258,245,1503,0.1388
1266,241,1507,0.1388
1267,235,1502,0.1388
1254,237,1491,0.1388
1252,242,1494,0.1388
1244,247,1491,0.1388
1245,247,1492,0.1388
1243,246,1489,0.1388
1251,241,1492,0.1388
1250,242,1492,0.1388
1255,243,1498,0.1388
1277,243,1520,0.1388
1263,248,1511,0.1388
1251,249,1500,0.1388
1251,251,1502,0.1388
1250,249,1499,0.1388
1254,245,1499,0.1388
1243,247,1490,0.1388
1236,249,1485,0.1388
1235,253,1488,0.1388
1232,258,1490,0.1388
1233,259,1492,0.1388
1234,261,1495,0.1388
1233,263,1496,0.1388
1236,265,1501,0.1388
1226,262,1488,0.1388
1227,261,1488,0.1388
1223,262,1485,0.1388
1217,261,1478,0.1388
1217,261,1478,0.1388
1219,267,1486,0.1388
1215,275,1490,0.1388
1223,274,1497,0.1388
1218,275,1493,0.1388
1224,273,1497,0.1388
1221,274,1495,0.1388
1216,277,1493,0.1388
1215,278,1493,0.1388
1220,282,1502,0.1388
1213,286,1499,0.1388
1229,283,1512,0.1388
1216,286,1502,0.1388
1215,284,1499,0.1388
1217,285,1502,0.1388
1226,281,1507,0.1388
1230,288,1518,0.1388
1218,289,1507,0.1388
1205,290,1495,0.1388
1205,290,1495,0.1388
1205,288,1493,0.1388
1207,290,1497,0.1388
1204,288,1492,0.1388
1208,285,1493,0.1388
1209,288,1497,0.1388
1222,289,1511,0.1388
1205,292,1497,0.1388
1193,285,1478,0.1388
1206,285,1491,0.1388
1214,284,1498,0.1388
1212,291,1503,0.1388
1197,293,1490,0.1388
1202,291,1493,0.1388
1205,291,1496,0.1388
1195,299,1494,0.1388
1192,300,1492,0.1388
1185,301,1486,0.1388
1180,301,1481,0.1388
1180,310,1490,0.1388
1175,307,1482,0.1388
1186,309,1495,0.1388
1189,312,1501,0.1388
1189,306,1495,0.1388
1182,306,1488,0.1388
1191,306,1497,0.1388
1190,305,1495,0.1388
1182,308,1490,0.1388
1179,307,1486,0.1388
1187,308,1495,0.1388
1193,312,1505,0.1388
1197,318,1515,0.1388
1200,322,1522,0.1388
1184,321,1505,0.1388
1177,317,1494,0.1388
1171,322,1493,0.1388
1176,317,1493,0.1388
1169,318,1487,0.1388
1184,317,1501,0.1388
1189,313,1502,0.1388
1177,304,1481,0.1388
1190,301,1491,0.1388
1180,309,1489,0.1388
1165,315,1480,0.1388
1177,313,1490,0.1388
1179,317,1496,0.1388
1182,319,1501,0.1388
1181,323,1504,0.1388
1179,328,1507,0.1388
1180,324,1504,0.1388
1181,321,1502,0.1388
1174,319,1493,0.1388
1180,320,1500,0.1388
1186,318,1504,0.1388
1192,318,1510,0.1388
1201,317,1518,0.1388
1197,323,1520,0.1388
1201,327,1528,0.1388
1191,327,1518,0.1388
1183,324,1507,0.1388
1186,320,1506,0.1388
1176,315,1491,0.1388
1171,311,1482,0.1388
1176,311,1487,0.1388
1176,312,1488,0.1388
1176,312,1488,0.1388
1186,315,1501,0.1388
1181,312,1493,0.1388
1202,317,1519,0.1388
1190,326,1516,0.1388
1188,326,1514,0.1388
1180,328,1508,0.1388
1175,320,1495,0.1388
1168,326,1494,0.1388
1160,328,1488,0.1388
1162,325,1487,0.1388
1163,331,1494,0.1388
1165,335,1500,0.1388
1165,336,1501,0.1388
1154,336,1490,0.1388
1144,340,1484,0.1388
1143,344,1487,0.1388
1152,342,1494,0.1388
1152,340,1492,0.1388
1141,339,1480,0.1388
1143,343,1486,0.1388
1145,345,1490,0.1388
1141,340,1481,0.1388
1137,344,1481,0.1388
1131,351,1482,0.1388
1138,357,1495,0.1388
1138,359,1497,0.1388
1122,357,1479,0.1388
1131,353,1484,0.1388
1138,357,1495,0.1388
1146,359,1505,0.1388
1142,360,1502,0.1388
1151,356,1507,0.1388
1156,357,1513,0.1388
1141,357,1498,0.1388
1146,361,1507,0.1388
1142,364,1506,0.1388
1142,359,1501,0.1388
1140,358,1498,0.1388
1133,362,1495,0.1388
1132,364,1496,0.1388
1133,363,1496,0.1388
1142,361,1503,0.1388
1143,367,1510,0.1388
1135,373,1508,0.1388
1137,372,1509,0.1388
1128,371,1499,0.1388
1127,375,1502,0.1388
1130,380,1510,0.1388
1113,382,1495,0.1388
1112,383,1495,0.1388
1123,387,1510,0.1388
1133,382,1515,0.1388
1133,379,1512,0.1388
1125,379,1504,0.1388
1125,388,1513,0.1388
1124,386,1510,0.1388
1120,391,1511,0.1388
1113,394,1507,0.1388
1126,396,1522,0.1388
1118,389,1507,0.1388
1118,387,1505,0.1388
1107,392,1499,0.1388
1100,398,1498,0.1388
1094,399,1493,0.1388
1093,401,1494,0.1388
1096,402,1498,0.1388
1092,407,1499,0.1388
1094,407,1501,0.1388
1093,409,1502,0.1388
1100,412,1512,0.1388
1093,412,1505,0.1388
1084,416,1500,0.1388
1084,409,1493,0.1388
1087,413,1500,0.1388
1087,420,1507,0.1388
1088,414,1502,0.1388
1079,404,1483,0.1388
1082,408,1490,0.1388
1076,415,1491,0.1388
1081,416,1497,0.1388
1089,414,1503,0.1388
1093,422,1515,0.1388
1097,423,1520,0.1388
1082,416,1498,0.1388
1076,419,1495,0.1388
1082,414,1496,0.1388
1078,417,1495,0.1388
1072,409,1481,0.1388
1074,406,1480,0.1388
1074,405,1479,0.1388
1087,402,1489,0.1388
1084,400,1484,0.1388
1101,406,1507,0.1388
1107,405,1512,0.1388
1091,408,1499,0.1388
1088,410,1498,0.1388
1093,416,1509,0.1388
1084,420,1504,0.1388
1087,427,1514,0.1388
1077,427,1504,0.1388
1074,418,1492,0.1388
1076,415,1491,0.1388
1077,418,1495,0.1388
1085,424,1509,0.1388
1081,416,1497,0.1388
1085,424,1509,0.1388
1091,420,1511,0.1388
1083,425,1508,0.1388
1082,422,1504,0.1388
1078,434,1512,0.1388
1075,426,1501,0.1388
1076,426,1502,0.1388
1076,432,1508,0.1388
1072,434,1506,0.1388
1076,432,1508,0.1388
1075,423,1498,0.1388
1068,426,1494,0.1388
1070,425,1495,0.1388
1085,423,1508,0.1388
1077,422,1499,0.1388
1079,418,1497,0.1388
1077,427,1504,0.1388
1077,423,1500,0.1388
1074,425,1499,0.1388
1069,424,1493,0.1388
1071,428,1499,0.1388
1077,427,1504,0.1388
1080,427,1507,0.1388
1067,427,1494,0.1388
1062,436,1498,0.1388
1059,432,1491,0.1388
1060,430,1490,0.1388
1070,429,1499,0.1388
1067,437,1504,0.1388
1055,440,1495,0.1388
1051,444,1495,0.1388
1050,450,1500,0.1388
1042,446,1488,0.1388
1043,451,1494,0.1388
1036,454,1490,0.1388
1041,455,1496,0.1388
1047,454,1501,0.1388
1045,459,1504,0.1388
1032,458,1490,0.1388
1024,461,1485,0.1388
1023,469,1492,0.1388
1024,460,1484,0.1388
1029,466,1495,0.1388
1035,464,1499,0.1388
1032,464,1496,0.1388
1035,458,1493,0.1388
1035,457,1492,0.1388
1034,455,1489,0.1388
1039,462,1501,0.1388
1037,462,1499,0.1388
1030,460,1490,0.1388
1042,461,1503,0.1388
1053,463,1516,0.1388
1058,467,1525,0.1388
1052,470,1522,0.1388
1049,469,1518,0.1388
1045,477,1522,0.1388
1036,471,1507,0.1388
1032,473,1505,0.1388
1027,473,1500,0.1388
1025,474,1499,0.1388
1027,479,1506,0.1388
1018,483,1501,0.1388
1028,481,1509,0.1388
1016,487,1503,0.1388
1008,487,1495,0.1388
999,489,1488,0.1388
1007,490,1497,0.1388
1008,496,1504,0.1388
1005,495,1500,0.1388
1002,491,1493,0.1388
1004,499,1503,0.1388
1006,493,1499,0.1388
1005,496,1501,0.1388
999,502,1501,0.1388
986,508,1494,0.1388
986,508,1494,0.1388
982,512,1494,0.1388
992,514,1506,0.1388
993,512,1505,0.1388
996,510,1506,0.1388
986,517,1503,0.1388
980,516,1496,0.1388
978,514,1492,0.1388
983,524,1507,0.1388
981,526,1507,0.1388
978,525,1503,0.1388
987,517,1504,0.1388
977,524,1501,0.1388
978,523,1501,0.1388
982,530,1512,0.1388
986,534,1520,0.1388
984,527,1511,0.1388
989,531,1520,0.1388
986,531,1517,0.1388
976,535,1511,0.1388
980,525,1505,0.1388
970,529,1499,0.1388
981,527,1508,0.1388
973,533,1506,0.1388
983,537,1520,0.1388
977,535,1512,0.1388
965,538,1503,0.1388
956,548,1504,0.1388
967,549,1516,0.1388
968,546,1514,0.1388
961,540,1501,0.1388
966,540,1506,0.1388
953,551,1504,0.1388
966,551,1517,0.1388
956,549,1505,0.1388
965,541,1506,0.1388
956,543,1499,0.1388
959,544,1503,0.1388
971,545,1516,0.1388
967,546,1513,0.1388
964,556,1520,0.1388
962,552,1514,0.1388
961,554,1515,0.1388
968,550,1518,0.1388
948,551,1499,0.1388
954,552,1506,0.1388
951,544,1495,0.1388
954,550,1504,0.1388
954,550,1504,0.1388
966,546,1512,0.1388
965,550,1515,0.1388
961,552,1513,0.1388
956,552,1508,0.1388
945,549,1494,0.1388
943,548,1491,0.1388
944,560,1504,0.1388
939,556,1495,0.1388
940,551,1491,0.1388
950,560,1510,0.1388
944,566,1510,0.1388
947,563,1510,0.1388
948,568,1516,0.1388
953,560,1513,0.1388
953,569,1522,0.1388
937,574,1511,0.1388
945,563,1508,0.1388
937,557,1494,0.1388
933,560,1493,0.1388
929,562,1491,0.1388
931,566,1497,0.1388
935,570,1505,0.1388
939,571,1510,0.1388
932,571,1503,0.1388
933,581,1514,0.1388
938,579,1517,0.1388
926,583,1509,0.1388
915,576,1491,0.1388
906,585,1491,0.1388
911,579,1490,0.1388
920,579,1499,0.1388
933,577,1510,0.1388
927,588,1515,0.1388
923,596,1519,0.1388
917,599,1516,0.1388
909,598,1507,0.1388
912,591,1503,0.1388
914,598,1512,0.1388
915,596,1511,0.1388
917,589,1506,0.1388
919,591,1510,0.1388
919,599,1518,0.1388
910,590,1500,0.1388
909,598,1507,0.1388
915,602,1517,0.1388
908,598,1506,0.1388
911,595,1506,0.1388
908,597,1505,0.1388
903,590,1493,0.1388
901,595,1496,0.1388
902,599,1501,0.1388
909,587,1496,0.1388
906,594,1500,0.1388
899,586,1485,0.1388
898,573,1471,0.1388
892,581,1473,0.1388
896,592,1488,0.1388
903,601,1504,0.1388
897,602,1499,0.1388
894,604,1498,0.1388
891,592,1483,0.1388
898,607,1505,0.1388
895,606,1501,0.1388
908,613,1521,0.1388
907,615,1522,0.1388
895,615,1510,0.1388
889,610,1499,0.1388
876,621,1497,0.1388
891,624,1515,0.1388
886,618,1504,0.1388
884,616,1500,0.1388
886,615,1501,0.1388
896,610,1506,0.1388
885,612,1497,0.1388
885,615,1500,0.1388
887,612,1499,0.1388
882,606,1488,0.1388
888,615,1503,0.1388
880,612,1492,0.1388
893,610,1503,0.1388
890,607,1497,0.1388
891,614,1505,0.1388
887,610,1497,0.1388
891,612,1503,0.1388
886,613,1499,0.1388
880,617,1497,0.1388
881,616,1497,0.1388
879,624,1503,0.1388
868,628,1496,0.1388
868,621,1489,0.1388
865,620,1485,0.1388
880,629,1509,0.1388
876,630,1506,0.1388
869,627,1496,0.1388
858,638,1496,0.1388
860,638,1498,0.1388
862,634,1496,0.1388
871,627,1498,0.1388
877,626,1503,0.1388
881,626,1507,0.1388
878,630,1508,0.1388
883,637,1520,0.1388
871,634,1505,0.1388
876,641,1517,0.1388
870,637,1507,0.1388
871,637,1508,0.1388
869,637,1506,0.1388
870,634,1504,0.1388
852,645,1497,0.1388
849,648,1497,0.1388
848,653,1501,0.1388
855,651,1506,0.1388
845,654,1499,0.1388
842,661,1503,0.1388
840,658,1498,0.1388
838,652,1490,0.1388
844,665,1509,0.1388
846,662,1508,0.1388
843,665,1508,0.1388
840,669,1509,0.1388
835,669,1504,0.1388
819,679,1498,0.1388
829,673,1502,0.1388
827,675,1502,0.1388
831,674,1505,0.1388
840,682,1522,0.1388
832,679,1511,0.1388
824,673,1497,0.1388
816,682,1498,0.1388
811,688,1499,0.1388
809,686,1495,0.1388
803,684,1487,0.1388
803,689,1492,0.1388
810,683,1493,0.1388
810,684,1494,0.1388
804,686,1490,0.1388
809,698,1507,0.1388
805,700,1505,0.1388
798,693,1491,0.1388
797,704,1501,0.1388
797,710,1507,0.1388
793,705,1498,0.1388
797,715,1512,0.1388
791,713,1504,0.1388
789,706,1495,0.1388
789,699,1488,0.1388
789,712,1501,0.1388
783,713,1496,0.1388
782,713,1495,0.1388
776,716,1492,0.1388
776,720,1496,0.1388
771,733,1504,0.1388
768,724,1492,0.1388
773,722,1495,0.1388
781,716,1497,0.1388
778,713,1491,0.1388
768,729,1497,0.1388
772,725,1497,0.1388
762,721,1483,0.1388
762,719,1481,0.1388
764,724,1488,0.1388
764,732,1496,0.1388
768,738,1506,0.1388
769,746,1515,0.1388
767,741,1508,0.1388
776,741,1517,0.1388
769,741,1510,0.1388
774,736,1510,0.1388
767,744,1511,0.1388
766,733,1499,0.1388
766,738,1504,0.1388
764,751,1515,0.1388
754,755,1509,0.1388
742,753,1495,0.1388
735,747,1482,0.1388
745,740,1485,0.1388
753,737,1490,0.1388
743,745,1488,0.1388
741,765,1506,0.1388
745,756,1501,0.1388
739,771,1510,0.1388
740,767,1507,0.1388
740,758,1498,0.1388
743,755,1498,0.1388
749,758,1507,0.1388
746,757,1503,0.1388
746,762,1508,0.1388
747,764,1511,0.1388
739,764,1503,0.1388
737,763,1500,0.1388
738,761,1499,0.1388
737,764,1501,0.1388
732,768,1500,0.1388
734,778,1512,0.1388
727,785,1512,0.1388
718,777,1495,0.1388
721,780,1501,0.1388
722,785,1507,0.1388
716,780,1496,0.1388
717,787,1504,0.1388
718,773,1491,0.1388
736,773,1509,0.1388
731,777,1508,0.1388
723,776,1499,0.1388
726,789,1515,0.1388
720,786,1506,0.1388
712,790,1502,0.1388
721,795,1516,0.1388
720,794,1514,0.1388
725,789,1514,0.1388
727,793,1520,0.1388
723,796,1519,0.1388
712,784,1496,0.1388
714,781,1495,0.1388
701,794,1495,0.1388
703,801,1504,0.1388
709,812,1521,0.1388
693,811,1504,0.1388
691,807,1498,0.1388
692,802,1494,0.1388
695,813,1508,0.1388
698,814,1512,0.1388
686,822,1508,0.1388
678,812,1490,0.1388
686,815,1501,0.1388
685,807,1492,0.1388
693,801,1494,0.1388
689,813,1502,0.1388
687,816,1503,0.1388
689,815,1504,0.1388
693,816,1509,0.1388
694,823,1517,0.1388
699,823,1522,0.1388
698,823,1521,0.1388
695,817,1512,0.1388
693,827,1520,0.1388
680,827,1507,0.1388
677,826,1503,0.1388
678,827,1505,0.1388
676,819,1495,0.1388
678,824,1502,0.1388
674,827,1501,0.1388
669,841,1510,0.1388
671,827,1498,0.1388
677,830,1507,0.1388
687,827,1514,0.1388
688,830,1518,0.1388
688,831,1519,0.1388
684,835,1519,0.1388
684,829,1513,0.1388
687,832,1519,0.1388
678,838,1516,0.1388
667,842,1509,0.1388
673,844,1517,0.1388
673,838,1511,0.1388
676,847,1523,0.1388
670,839,1509,0.1388
682,836,1518,0.1388
681,833,1514,0.1388
676,827,1503,0.1388
674,824,1498,0.1388
685,835,1520,0.1388
686,833,1519,0.1388
682,831,1513,0.1388
684,826,1510,0.1388
676,830,1506,0.1388
673,838,1511,0.1388
669,839,1508,0.1388
673,835,1508,0.1388
676,829,1505,0.1388
679,836,1515,0.1388
677,833,1510,0.1388
690,834,1524,0.1388
684,831,1515,0.1388
680,823,1503,0.1388
673,833,1506,0.1388
677,824,1501,0.1388
677,819,1496,0.1388
674,824,1498,0.1388
674,832,1506,0.1388
667,830,1497,0.1388
665,827,1492,0.1388
670,834,1504,0.1388
672,845,1517,0.1388
677,846,1523,0.1388
673,837,1510,0.1388
678,838,1516,0.1388
669,840,1509,0.1388
677,829,1506,0.1388
676,835,1511,0.1388
673,836,1509,0.1388
668,843,1511,0.1388
664,848,1512,0.1388
663,853,1516,0.1388
656,844,1500,0.1388
652,852,1504,0.1388
654,851,1505,0.1388
654,850,1504,0.1388
645,858,1503,0.1388
632,850,1482,0.1388
643,847,1490,0.1388
646,849,1495,0.1388
647,856,1503,0.1388
651,850,1501,0.1388
656,851,1507,0.1388
653,845,1498,0.1388
654,851,1505,0.1388
650,859,1509,0.1388
638,869,1507,0.1388
641,857,1498,0.1388
648,857,1505,0.1388
645,859,1504,0.1388
647,848,1495,0.1388
653,860,1513,0.1388
658,865,1523,0.1388
652,856,1508,0.1388
651,870,1521,0.1388
646,868,1514,0.1388
644,862,1506,0.1388
642,866,1508,0.1388
648,857,1505,0.1388
646,858,1504,0.1388
649,855,1504,0.1388
655,863,1518,0.1388
644,863,1507,0.1388
649,863,1512,0.1388
635,873,1508,0.1388
648,862,1510,0.1388
649,857,1506,0.1388
648,873,1521,0.1388
644,871,1515,0.1388
640,877,1517,0.1388
629,877,1506,0.1388
625,866,1491,0.1388
626,872,1498,0.1388
625,866,1491,0.1388
630,874,1504,0.1388
628,886,1514,0.1388
619,888,1507,0.1388
614,889,1503,0.1388
615,882,1497,0.1388
613,886,1499,0.1388
615,881,1496,0.1388
615,879,1494,0.1388
618,872,1490,0.1388
625,885,1510,0.1388
620,896,1516,0.1388
617,900,1517,0.1388
615,907,1522,0.1388
615,908,1523,0.1388
616,895,1511,0.1388
616,907,1523,0.1388
612,904,1516,0.1388
605,898,1503,0.1388
610,910,1520,0.1388
611,900,1511,0.1388
615,888,1503,0.1388
608,893,1501,0.1388
608,892,1500,0.1388
602,884,1486,0.1388
601,882,1483,0.1388
599,898,1497,0.1388
602,902,1504,0.1388
603,896,1499,0.1388
601,906,1507,0.1388
597,914,1511,0.1388
595,912,1507,0.1388
594,909,1503,0.1388
602,916,1518,0.1388
600,924,1524,0.1388
600,913,1513,0.1388
587,923,1510,0.1388
586,918,1504,0.1388
579,926,1505,0.1388
579,922,1501,0.1388
590,929,1519,0.1388
584,916,1500,0.1388
589,912,1501,0.1388
581,915,1496,0.1388
577,924,1501,0.1388
583,919,1502,0.1388
575,920,1495,0.1388
583,920,1503,0.1388
590,920,1510,0.1388
593,918,1511,0.1388
589,906,1495,0.1388
577,908,1485,0.1388
576,923,1499,0.1388
574,929,1503,0.1388
572,929,1501,0.1388
571,925,1496,0.1388
572,930,1502,0.1388
573,938,1511,0.1388
579,929,1508,0.1388
574,921,1495,0.1388
574,931,1505,0.1388
577,933,1510,0.1388
576,930,1506,0.1388
569,933,1502,0.1388
574,923,1497,0.1388
573,923,1496,0.1388
566,938,1504,0.1388
571,947,1518,0.1388
573,935,1508,0.1388
574,936,1510,0.1388
579,933,1512,0.1388
565,941,1506,0.1388
552,943,1495,0.1388
557,951,1508,0.1388
559,950,1509,0.1388
557,954,1511,0.1388
547,950,1497,0.1388
553,944,1497,0.1388
562,935,1497,0.1388
558,944,1502,0.1388
568,942,1510,0.1388
569,938,1507,0.1388
560,941,1501,0.1388
561,934,1495,0.1388
561,946,1507,0.1388
556,952,1508,0.1388
553,963,1516,0.1388
550,955,1505,0.1388
548,956,1504,0.1388
546,955,1501,0.1388
543,960,1503,0.1388
538,958,1496,0.1388
535,949,1484,0.1388
537,949,1486,0.1388
540,950,1490,0.1388
539,956,1495,0.1388
543,957,1500,0.1388
542,966,1508,0.1388
535,956,1491,0.1388
530,962,1492,0.1388
535,973,1508,0.1388
536,973,1509,0.1388
533,974,1507,0.1388
536,978,1514,0.1388
537,969,1506,0.1388
528,963,1491,0.1388
529,964,1493,0.1388
519,973,1492,0.1388
515,980,1495,0.1388
515,986,1501,0.1388
518,995,1513,0.1388
522,992,1514,0.1388
521,978,1499,0.1388
527,982,1509,0.1388
529,984,1513,0.1388
529,966,1495,0.1388
535,973,1508,0.1388
536,977,1513,0.1388
528,966,1494,0.1388
528,978,1506,0.1388
526,979,1505,0.1388
519,992,1511,0.1388
521,998,1519,0.1388
520,998,1518,0.1388
514,1000,1514,0.1388
517,993,1510,0.1388
516,996,1512,0.1388
513,985,1498,0.1388
511,989,1500,0.1388
507,986,1493,0.1388
513,990,1503,0.1388
513,998,1511,0.1388
511,1006,1517,0.1388
518,1005,1523,0.1388
519,994,1513,0.1388
521,988,1509,0.1388
514,997,1511,0.1388
511,997,1508,0.1388
508,1001,1509,0.1388
506,1000,1506,0.1388
494,993,1487,0.1388
495,998,1493,0.1388
498,996,1494,0.1388
489,1015,1504,0.1388
493,1017,1510,0.1388
488,1009,1497,0.1388
491,1020,1511,0.1388
499,1012,1511,0.1388
492,1016,1508,0.1388
489,1017,1506,0.1388
487,1024,1511,0.1388
483,1033,1516,0.1388
474,1041,1515,0.1388
480,1027,1507,0.1388
477,1028,1505,0.1388
488,1012,1500,0.1388
479,1016,1495,0.1388
481,1012,1493,0.1388
482,1010,1492,0.1388
484,1020,1504,0.1388
481,1014,1495,0.1388
478,1017,1495,0.1388
479,1026,1505,0.1388
471,1030,1501,0.1388
474,1028,1502,0.1388
478,1029,1507,0.1388
474,1023,1497,0.1388
475,1030,1505,0.1388
474,1041,1515,0.1388
477,1042,1519,0.1388
474,1034,1508,0.1388
471,1041,1512,0.1388
470,1041,1511,0.1388
474,1033,1507,0.1388
471,1041,1512,0.1388
472,1034,1506,0.1388
461,1047,1508,0.1388
459,1039,1498,0.1388
464,1035,1499,0.1388
472,1042,1514,0.1388
469,1047,1516,0.1388
473,1044,1517,0.1388
464,1038,1502,0.1388
460,1041,1501,0.1388
461,1049,1510,0.1388
468,1032,1500,0.1388
477,1037,1514,0.1388
468,1041,1509,0.1388
465,1041,1506,0.1388
467,1052,1519,0.1388
471,1047,1518,0.1388
472,1045,1517,0.1388
468,1044,1512,0.1388
462,1038,1500,0.1388
461,1044,1505,0.1388
460,1048,1508,0.1388
461,1048,1509,0.1388
456,1052,1508,0.1388
453,1051,1504,0.1388
458,1052,1510,0.1388
458,1052,1510,0.1388
450,1047,1497,0.1388
455,1049,1504,0.1388
453,1057,1510,0.1388
448,1053,1501,0.1388
448,1055,1503,0.1388
445,1061,1506,0.1388
442,1060,1502,0.1388
436,1064,1500,0.1388
439,1062,1501,0.1388
446,1062,1508,0.1388
447,1065,1512,0.1388
452,1069,1521,0.1388
450,1062,1512,0.1388
448,1064,1512,0.1388
453,1062,1515,0.1388
451,1067,1518,0.1388
449,1062,1511,0.1388
444,1064,1508,0.1388
439,1062,1501,0.1388
434,1069,1503,0.1388
438,1056,1494,0.1388
431,1063,1494,0.1388
433,1070,1503,0.1388
429,1073,1502,0.1388
437,1062,1499,0.1388
439,1080,1519,0.1388
436,1078,1514,0.1388
438,1079,1517,0.1388
428,1072,1500,0.1388
432,1076,1508,0.1388
432,1077,1509,0.1388
436,1076,1512,0.1388
440,1071,1511,0.1388
439,1065,1504,0.1388
440,1079,1519,0.1388
434,1066,1500,0.1388
432,1072,1504,0.1388
436,1076,1512,0.1388
437,1077,1514,0.1388
437,1076,1513,0.1388
426,1072,1498,0.1388
422,1075,1497,0.1388
427,1085,1512,0.1388
428,1095,1523,0.1388
422,1093,1515,0.1388
416,1086,1502,0.1388
414,1093,1507,0.1388
410,1080,1490,0.1388
415,1089,1504,0.1388
420,1093,1513,0.1388
420,1086,1506,0.1388
419,1100,1519,0.1388
413,1095,1508,0.1388
409,1102,1511,0.1388
411,1098,1509,0.1388
406,1085,1491,0.1388
400,1097,1497,0.1388
412,1093,1505,0.1388
414,1099,1513,0.1388
410,1115,1525,0.1388
408,1101,1509,0.1388
406,1098,1504,0.1388
410,1095,1505,0.1388
410,1096,1506,0.1388
409,1105,1514,0.1388
417,1097,1514,0.1388
416,1103,1519,0.1388
408,1105,1513,0.1388
408,1104,1512,0.1388
403,1102,1505,0.1388
401,1111,1512,0.1388
416,1102,1518,0.1388
419,1104,1523,0.1388
412,1100,1512,0.1388
409,1102,1511,0.1388
413,1095,1508,0.1388
412,1108,1520,0.1388
407,1092,1499,0.1388
405,1090,1495,0.1388
404,1092,1496,0.1388
402,1100,1502,0.1388
405,1107,1512,0.1388
407,1103,1510,0.1388
410,1101,1511,0.1388
408,1105,1513,0.1388
401,1099,1500,0.1388
400,1101,1501,0.1388
391,1098,1489,0.1388
400,1109,1509,0.1388
411,1106,1517,0.1388
407,1100,1507,0.1388
410,1103,1513,0.1388
413,1115,1528,0.1388
407,1113,1520,0.1388
408,1109,1517,0.1388
411,1118,1529,0.1388
409,1111,1520,0.1388
412,1125,1537,0.1388
405,1120,1525,0.1388
405,1110,1515,0.1388
398,1108,1506,0.1388
402,1103,1505,0.1388
392,1110,1502,0.1388
393,1104,1497,0.1388
391,1104,1495,0.1388
388,1114,1502,0.1388
391,1116,1507,0.1388
391,1114,1505,0.1388
387,1123,1510,0.1388
388,1118,1506,0.1388
384,1115,1499,0.1388
381,1122,1503,0.1388
383,1124,1507,0.1388
385,1126,1511,0.1388
388,1125,1513,0.1388
390,1136,1526,0.1388
386,1143,1529,0.1388
382,1139,1521,0.1388
380,1135,1515,0.1388
379,1139,1518,0.1388
380,1130,1510,0.1388
375,1135,1510,0.1388
373,1134,1507,0.1388
371,1138,1509,0.1388
368,1140,1508,0.1388
366,1142,1508,0.1388
365,1138,1503,0.1388
363,1140,1503,0.1388
371,1127,1498,0.1388
376,1135,1511,0.1388
375,1133,1508,0.1388
365,1133,1498,0.1388
370,1137,1507,0.1388
368,1134,1502,0.1388
361,1138,1499,0.1388
361,1147,1508,0.1388
353,1137,1490,0.1388
358,1148,1506,0.1388
366,1148,1514,0.1388
366,1152,1518,0.1388
365,1140,1505,0.1388
364,1141,1505,0.1388
369,1149,1518,0.1388
370,1146,1516,0.1388
370,1150,1520,0.1388
366,1135,1501,0.1388
371,1132,1503,0.1388
375,1127,1502,0.1388
378,1125,1503,0.1388
373,1133,1506,0.1388
373,1149,1522,0.1388
376,1143,1519,0.1388
365,1136,1501,0.1388
363,1141,1504,0.1388
365,1146,1511,0.1388
362,1143,1505,0.1388
362,1144,1506,0.1388
364,1152,1516,0.1388
365,1152,1517,0.1388
361,1162,1523,0.1388
361,1146,1507,0.1388
359,1143,1502,0.1388
360,1146,1506,0.1388
357,1144,1501,0.1388
357,1147,1504,0.1388
358,1151,1509,0.1388
357,1155,1512,0.1388
365,1160,1525,0.1388
364,1166,1530,0.1388
362,1161,1523,0.1388
358,1167,1525,0.1388
354,1177,1531,0.1388
349,1172,1521,0.1388
351,1163,1514,0.1388
353,1151,1504,0.1388
344,1164,1508,0.1388
347,1162,1509,0.1388
345,1167,1512,0.1388
347,1168,1515,0.1388
350,1150,1500,0.1388
352,1144,1496,0.1388
347,1148,1495,0.1388
348,1147,1495,0.1388
349,1148,1497,0.1388
350,1157,1507,0.1388
354,1163,1517,0.1388
353,1154,1507,0.1388
348,1154,1502,0.1388
346,1143,1489,0.1388
347,1155,1502,0.1388
346,1151,1497,0.1388
344,1147,1491,0.1388
346,1161,1507,0.1388
348,1156,1504,0.1388
352,1157,1509,0.1388
354,1166,1520,0.1388
350,1173,1523,0.1388
345,1171,1516,0.1388
341,1179,1520,0.1388
334,1177,1511,0.1388
334,1179,1513,0.1388
340,1181,1521,0.1388
340,1179,1519,0.1388
337,1176,1513,0.1388
335,1166,1501,0.1388
333,1161,1494,0.1388
337,1176,1513,0.1388
338,1182,1520,0.1388
339,1191,1530,0.1388
340,1166,1506,0.1388
337,1170,1507,0.1388
333,1181,1514,0.1388
329,1181,1510,0.1388
329,1177,1506,0.1388
325,1182,1507,0.1388
328,1172,1500,0.1388
322,1181,1503,0.1388
323,1186,1509,0.1388
332,1184,1516,0.1388
333,1184,1517,0.1388
337,1186,1523,0.1388
333,1167,1500,0.1388
330,1166,1496,0.1388
327,1168,1495,0.1388
331,1172,1503,0.1388
324,1185,1509,0.1388
324,1188,1512,0.1388
323,1190,1513,0.1388
322,1198,1520,0.1388
316,1188,1504,0.1388
315,1175,1490,0.1388
318,1194,1512,0.1388
313,1193,1506,0.1388
317,1188,1505,0.1388
315,1185,1500,0.1388
313,1193,1506,0.1388
313,1197,1510,0.1388
310,1189,1499,0.1388
310,1200,1510,0.1388
308,1199,1507,0.1388
310,1202,1512,0.1388
309,1191,1500,0.1388
313,1201,1514,0.1388
315,1206,1521,0.1388
316,1203,1519,0.1388
315,1202,1517,0.1388
314,1203,1517,0.1388
314,1199,1513,0.1388
313,1194,1507,0.1388
314,1192,1506,0.1388
310,1195,1505,0.1388
310,1198,1508,0.1388
312,1193,1505,0.1388
317,1192,1509,0.1388
310,1189,1499,0.1388
310,1183,1493,0.1388
310,1191,1501,0.1388
305,1187,1492,0.1388
304,1197,1501,0.1388
308,1198,1506,0.1388
312,1203,1515,0.1388
313,1205,1518,0.1388
310,1214,1524,0.1388
311,1203,1514,0.1388
301,1209,1510,0.1388
300,1198,1498,0.1388
297,1202,1499,0.1388
302,1200,1502,0.1388
300,1206,1506,0.1388
297,1214,1511,0.1388
296,1226,1522,0.1388
295,1204,1499,0.1388
292,1198,1490,0.1388
296,1211,1507,0.1388
291,1213,1504,0.1388
289,1209,1498,0.1388
295,1213,1508,0.1388
285,1225,1510,0.1388
284,1232,1516,0.1388
280,1227,1507,0.1388
281,1225,1506,0.1388
279,1222,1501,0.1388
282,1218,1500,0.1388
281,1227,1508,0.1388
281,1239,1520,0.1388
286,1234,1520,0.1388
285,1236,1521,0.1388
281,1241,1522,0.1388
290,1231,1521,0.1388
282,1235,1517,0.1388
285,1245,1530,0.1388
281,1232,1513,0.1388
281,1233,1514,0.1388
276,1236,1512,0.1388
266,1243,1509,0.1388
262,1253,1515,0.1388
257,1240,1497,0.1388
255,1249,1504,0.1388
261,1243,1504,0.1388
261,1249,1510,0.1388
260,1255,1515,0.1388
260,1262,1522,0.1388
260,1259,1519,0.1388
260,1262,1522,0.1388
257,1267,1524,0.1388
250,1264,1514,0.1388
246,1256,1502,0.1388
250,1249,1499,0.1388
251,1262,1513,0.1388
253,1260,1513,0.1388
254,1255,1509,0.1388
255,1263,1518,0.1388
250,1264,1514,0.1388
253,1258,1511,0.1388
253,1257,1510,0.1388
248,1258,1506,0.1388
246,1246,1492,0.1388
243,1257,1500,0.1388
247,1262,1509,0.1388
246,1258,1504,0.1388
246,1264,1510,0.1388
244,1263,1507,0.1388
248,1275,1523,0.1388
247,1272,1519,0.1388
247,1276,1523,0.1388
242,1286,1528,0.1388
239,1273,1512,0.1388
242,1274,1516,0.1388
241,1252,1493,0.1388
244,1266,1510,0.1388
242,1277,1519,0.1388
236,1275,1511,0.1388
238,1268,1506,0.1388
241,1281,1522,0.1388
242,1271,1513,0.1388
239,1278,1517,0.1388
239,1264,1503,0.1388
234,1264,1498,0.1388
233,1266,1499,0.1388
236,1264,1500,0.1388
240,1270,1510,0.1388
242,1270,1512,0.1388
245,1271,1516,0.1388
244,1263,1507,0.1388
246,1262,1508,0.1388
235,1276,1511,0.1388
244,1270,1514,0.1388
241,1273,1514,0.1388
244,1262,1506,0.1388
246,1263,1509,0.1388
247,1259,1506,0.1388
252,1251,1503,0.1388
251,1255,1506,0.1388
247,1258,1505,0.1388
241,1252,1493,0.1388
236,1248,1484,0.1388
235,1259,1494,0.1388
237,1262,1499,0.1388
238,1272,1510,0.1388
238,1277,1515,0.1388
242,1275,1517,0.1388
238,1268,1506,0.1388
233,1277,1510,0.1388
232,1270,1502,0.1388
231,1269,1500,0.1388
231,1281,1512,0.1388
238,1284,1522,0.1388
239,1279,1518,0.1388
239,1285,1524,0.1388
239,1277,1516,0.1388
235,1273,1508,0.1388
234,1281,1515,0.1388
235,1280,1515,0.1388
228,1283,1511,0.1388
231,1273,1504,0.1388
227,1293,1520,0.1388
229,1285,1514,0.1388
234,1273,1507,0.1388
233,1280,1513,0.1388
226,1279,1505,0.1388
226,1280,1506,0.1388
226,1281,1507,0.1388
229,1299,1528,0.1388
231,1304,1535,0.1388
228,1288,1516,0.1388
222,1291,1513,0.1388
220,1295,1515,0.1388
220,1290,1510,0.1388
222,1285,1507,0.1388
217,1300,1517,0.1388
220,1302,1522,0.1388
222,1305,1527,0.1388
217,1304,1521,0.1388
214,1299,1513,0.1388
215,1306,1521,0.1388
213,1297,1510,0.1388
212,1297,1509,0.1388
211,1293,1504,0.1388
209,1292,1501,0.1388
210,1281,1491,0.1388
209,1285,1494,0.1388
210,1282,1492,0.1388
211,1293,1504,0.1388
205,1305,1510,0.1388
205,1295,1500,0.1388
207,1297,1504,0.1388
209,1308,1517,0.1388
206,1309,1515,0.1388
208,1311,1519,0.1388
209,1308,1517,0.1388
207,1314,1521,0.1388
207,1306,1513,0.1388
211,1301,1512,0.1388
210,1300,1510,0.1388
202,1307,1509,0.1388
201,1309,1510,0.1388
203,1302,1505,0.1388
196,1300,1496,0.1388
204,1311,1515,0.1388
211,1298,1509,0.1388
215,1306,1521,0.1388
213,1311,1524,0.1388
212,1312,1524,0.1388
209,1312,1521,0.1388
206,1306,1512,0.1388
198,1307,1505,0.1388
197,1311,1508,0.1388
200,1302,1502,0.1388
200,1325,1525,0.1388
200,1313,1513,0.1388
205,1314,1519,0.1388
202,1312,1514,0.1388
199,1310,1509,0.1388
195,1323,1518,0.1388
191,1332,1523,0.1388
188,1320,1508,0.1388
188,1324,1512,0.1388
189,1338,1527,0.1388
189,1330,1519,0.1388
190,1334,1524,0.1388
189,1336,1525,0.1388
186,1338,1524,0.1388
185,1336,1521,0.1388
183,1338,1521,0.1388
181,1337,1518,0.1388
182,1327,1509,0.1388
184,1336,1520,0.1388
179,1341,1520,0.1388
180,1345,1525,0.1388
177,1342,1519,0.1388
175,1340,1515,0.1388
177,1345,1522,0.1388
180,1339,1519,0.1388
179,1332,1511,0.1388
184,1336,1520,0.1388
186,1328,1514,0.1388
187,1320,1507,0.1388
187,1322,1509,0.1388
186,1321,1507,0.1388
186,1312,1498,0.1388
188,1326,1514,0.1388
191,1328,1519,0.1388
187,1319,1506,0.1388
185,1327,1512,0.1388
184,1308,1492,0.1388
185,1335,1520,0.1388
184,1338,1522,0.1388
184,1332,1516,0.1388
183,1335,1518,0.1388
181,1324,1505,0.1388
178,1334,1512,0.1388
179,1322,1501,0.1388
177,1342,1519,0.1388
181,1341,1522,0.1388
184,1331,1515,0.1388
186,1325,1511,0.1388
189,1326,1515,0.1388
184,1337,1521,0.1388
188,1333,1521,0.1388
184,1341,1525,0.1388
186,1343,1529,0.1388
184,1346,1530,0.1388
181,1350,1531,0.1388
181,1342,1523,0.1388
178,1338,1516,0.1388
181,1348,1529,0.1388
185,1344,1529,0.1388
183,1341,1524,0.1388
183,1335,1518,0.1388
184,1318,1502,0.1388
184,1317,1501,0.1388
183,1331,1514,0.1388
188,1326,1514,0.1388
191,1324,1515,0.1388
191,1339,1530,0.1388
191,1336,1527,0.1388
191,1325,1516,0.1388
191,1330,1521,0.1388
190,1337,1527,0.1388
190,1327,1517,0.1388
187,1330,1517,0.1388
186,1336,1522,0.1388
183,1333,1516,0.1388
184,1332,1516,0.1388
182,1337,1519,0.1388
180,1338,1518,0.1388
180,1336,1516,0.1388
181,1329,1510,0.1388
180,1321,1501,0.1388
183,1322,1505,0.1388
183,1337,1520,0.1388
184,1334,1518,0.1388
177,1334,1511,0.1388
177,1336,1513,0.1388
179,1341,1520,0.1388
179,1353,1532,0.1388
179,1341,1520,0.1388
180,1331,1511,0.1388
175,1332,1507,0.1388
177,1338,1515,0.1388
172,1334,1506,0.1388
174,1343,1517,0.1388
175,1350,1525,0.1388
173,1353,1526,0.1388
176,1356,1532,0.1388
175,1351,1526,0.1388
172,1347,1519,0.1388
169,1345,1514,0.1388
171,1342,1513,0.1388
170,1346,1516,0.1388
171,1360,1531,0.1388
169,1362,1531,0.1388
166,1367,1533,0.1388
168,1364,1532,0.1388
170,1362,1532,0.1388
167,1350,1517,0.1388
165,1344,1509,0.1388
162,1355,1517,0.1388
159,1366,1525,0.1388
160,1368,1528,0.1388
164,1358,1522,0.1388
160,1353,1513,0.1388
158,1352,1510,0.1388
159,1343,1502,0.1388
162,1360,1522,0.1388
163,1356,1519,0.1388
162,1354,1516,0.1388
161,1345,1506,0.1388
162,1350,1512,0.1388
162,1346,1508,0.1388
164,1354,1518,0.1388
164,1356,1520,0.1388
164,1349,1513,0.1388
165,1340,1505,0.1388
165,1343,1508,0.1388
164,1352,1516,0.1388
160,1355,1515,0.1388
161,1359,1520,0.1388
162,1360,1522,0.1388
160,1350,1510,0.1388
162,1355,1517,0.1388
166,1347,1513,0.1388
166,1353,1519,0.1388
164,1358,1522,0.1388
165,1362,1527,0.1388
168,1363,1531,0.1388
166,1349,1515,0.1388
165,1358,1523,0.1388
166,1353,1519,0.1388
161,1343,1504,0.1388
162,1352,1514,0.1388
159,1355,1514,0.1388
160,1348,1508,0.1388
161,1350,1511,0.1388
162,1356,1518,0.1388
162,1358,1520,0.1388
160,1352,1512,0.1388
160,1351,1511,0.1388
162,1347,1509,0.1388
160,1357,1517,0.1388
159,1353,1512,0.1388
160,1345,1505,0.1388
161,1347,1508,0.1388
161,1350,1511,0.1388
159,1357,1516,0.1388
156,1367,1523,0.1388
155,1360,1515,0.1388
156,1350,1506,0.1388
156,1360,1516,0.1388
155,1349,1504,0.1388
155,1358,1513,0.1388
154,1365,1519,0.1388
156,1350,1506,0.1388
157,1352,1509,0.1388
157,1350,1507,0.1388
156,1348,1504,0.1388
157,1355,1512,0.1388
155,1365,1520,0.1388
154,1371,1525,0.1388
155,1368,1523,0.1388
155,1364,1519,0.1388
159,1354,1513,0.1388
157,1366,1523,0.1388
159,1366,1525,0.1388
156,1357,1513,0.1388
152,1367,1519,0.1388
151,1359,1510,0.1388
153,1366,1519,0.1388
155,1355,1510,0.1388
155,1357,1512,0.1388
151,1354,1505,0.1388
147,1352,1499,0.1388
148,1353,1501,0.1388
145,1367,1512,0.1388
149,1363,1512,0.1388
150,1374,1524,0.1388
148,1362,1510,0.1388
150,1357,1507,0.1388
152,1365,1517,0.1388
153,1353,1506,0.1388
154,1354,1508,0.1388
154,1351,1505,0.1388
155,1353,1508,0.1388
154,1353,1507,0.1388
153,1354,1507,0.1388
152,1351,1503,0.1388
155,1357,1512,0.1388
153,1362,1515,0.1388
153,1372,1525,0.1388
153,1372,1525,0.1388
154,1360,1514,0.1388
147,1366,1513,0.1388
152,1358,1510,0.1388
151,1356,1507,0.1388
155,1359,1514,0.1388
155,1358,1513,0.1388
154,1369,1523,0.1388
154,1374,1528,0.1388
154,1364,1518,0.1388
153,1366,1519,0.1388
153,1380,1533,0.1388
151,1378,1529,0.1388
147,1373,1520,0.1388
148,1371,1519,0.1388
147,1362,1509,0.1388
150,1363,1513,0.1388
151,1369,1520,0.1388
149,1362,1511,0.1388
148,1357,1505,0.1388
152,1356,1508,0.1388
150,1347,1497,0.1388
149,1350,1499,0.1388
150,1361,1511,0.1388
150,1364,1514,0.1388
149,1366,1515,0.1388
147,1369,1516,0.1388
148,1371,1519,0.1388
145,1369,1514,0.1388
143,1373,1516,0.1388
144,1370,1514,0.1388
146,1377,1523,0.1388
145,1376,1521,0.1388
141,1378,1519,0.1388
138,1379,1517,0.1388
136,1378,1514,0.1388
135,1370,1505,0.1388
141,1368,1509,0.1388
142,1355,1497,0.1388
140,1368,1508,0.1388
135,1367,1502,0.1388
135,1370,1505,0.1388
141,1383,1524,0.1388
142,1385,1527,0.1388
141,1379,1520,0.1388
137,1379,1516,0.1388
137,1379,1516,0.1388
134,1374,1508,0.1388
139,1378,1517,0.1388
139,1385,1524,0.1388
140,1374,1514,0.1388
139,1384,1523,0.1388
136,1384,1520,0.1388
138,1374,1512,0.1388
137,1374,1511,0.1388
137,1358,1495,0.1388
140,1373,1513,0.1388
139,1373,1512,0.1388
140,1369,1509,0.1388
142,1372,1514,0.1388
141,1371,1512,0.1388
146,1371,1517,0.1388
147,1376,1523,0.1388
146,1375,1521,0.1388
147,1371,1518,0.1388
148,1388,1536,0.1388
144,1374,1518,0.1388
144,1387,1531,0.1388
146,1369,1515,0.1388
141,1370,1511,0.1388
136,1381,1517,0.1388
136,1382,1518,0.1388
137,1376,1513,0.1388
136,1378,1514,0.1388
139,1376,1515,0.1388
137,1381,1518,0.1388
135,1372,1507,0.1388
134,1369,1503,0.1388
137,1362,1499,0.1388
138,1359,1497,0.1388
138,1359,1497,0.1388
142,1357,1499,0.1388
142,1364,1506,0.1388
139,1362,1501,0.1388
136,1361,1497,0.1388
137,1371,1508,0.1388
139,1367,1506,0.1388
139,1380,1519,0.1388
137,1386,1523,0.1388
134,1372,1506,0.1388
135,1363,1498,0.1388
140,1364,1504,0.1388
135,1376,1511,0.1388
133,1370,1503,0.1388
135,1360,1495,0.1388
137,1365,1502,0.1388
140,1374,1514,0.1388
138,1379,1517,0.1388
140,1380,1520,0.1388
142,1375,1517,0.1388
140,1380,1520,0.1388
139,1382,1521,0.1388
143,1378,1521,0.1388
141,1376,1517,0.1388
138,1376,1514,0.1388
137,1387,1524,0.1388
135,1390,1525,0.1388
134,1382,1516,0.1388
133,1371,1504,0.1388
135,1377,1512,0.1388
129,1375,1504,0.1388
129,1389,1518,0.1388
129,1381,1510,0.1388
128,1381,1509,0.1388
126,1382,1508,0.1388
125,1383,1508,0.1388
125,1391,1516,0.1388
123,1388,1511,0.1388
123,1395,1518,0.1388
125,1389,1514,0.1388
121,1378,1499,0.1388
122,1383,1505,0.1388
121,1386,1507,0.1388
119,1392,1511,0.1388
121,1399,1520,0.1388
122,1394,1516,0.1388
124,1386,1510,0.1388
119,1399,1518,0.1388
118,1403,1521,0.1388
120,1404,1524,0.1388
121,1407,1528,0.1388
120,1405,1525,0.1388
122,1399,1521,0.1388
119,1395,1514,0.1388
124,1407,1531,0.1388
126,1401,1527,0.1388
124,1388,1512,0.1388
125,1396,1521,0.1388
124,1388,1512,0.1388
125,1401,1526,0.1388
125,1399,1524,0.1388
122,1396,1518,0.1388
119,1388,1507,0.1388
117,1392,1509,0.1388
116,1403,1519,0.1388
110,1415,1525,0.1388
111,1407,1518,0.1388
112,1400,1512,0.1388
114,1392,1506,0.1388
114,1406,1520,0.1388
115,1416,1531,0.1388
114,1406,1520,0.1388
116,1403,1519,0.1388
117,1401,1518,0.1388
116,1409,1525,0.1388
113,1404,1517,0.1388
112,1404,1516,0.1388
109,1395,1504,0.1388
108,1403,1511,0.1388
104,1407,1511,0.1388
103,1400,1503,0.1388
104,1410,1514,0.1388
106,1391,1497,0.1388
106,1408,1514,0.1388
105,1411,1516,0.1388
104,1403,1507,0.1388
103,1412,1515,0.1388
105,1413,1518,0.1388
106,1421,1527,0.1388
108,1412,1520,0.1388
106,1409,1515,0.1388
104,1422,1526,0.1388
104,1415,1519,0.1388
102,1415,1517,0.1388
99,1424,1523,0.1388
100,1423,1523,0.1388
102,1422,1524,0.1388
96,1422,1518,0.1388
97,1411,1508,0.1388
92,1396,1488,0.1388
96,1409,1505,0.1388
95,1425,1520,0.1388
97,1427,1524,0.1388
97,1433,1530,0.1388
95,1419,1514,0.1388
94,1405,1499,0.1388
96,1402,1498,0.1388
99,1421,1520,0.1388
99,1412,1511,0.1388
98,1408,1506,0.1388
97,1409,1506,0.1388
95,1415,1510,0.1388
93,1424,1517,0.1388
90,1424,1514,0.1388
91,1421,1512,0.1388
93,1420,1513,0.1388
89,1410,1499,0.1388
90,1426,1516,0.1388
93,1421,1514,0.1388
93,1425,1518,0.1388
97,1422,1519,0.1388
97,1417,1514,0.1388
98,1410,1508,0.1388
100,1413,1513,0.1388
99,1417,1516,0.1388
96,1424,1520,0.1388
96,1427,1523,0.1388
94,1416,1510,0.1388
96,1422,1518,0.1388
96,1415,1511,0.1388
96,1422,1518,0.1388
95,1425,1520,0.1388
93,1428,1521,0.1388
93,1409,1502,0.1388
92,1416,1508,0.1388
91,1426,1517,0.1388
97,1435,1532,0.1388
98,1431,1529,0.1388
97,1436,1533,0.1388
96,1431,1527,0.1388
96,1419,1515,0.1388
96,1429,1525,0.1388
99,1428,1527,0.1388
100,1430,1530,0.1388
102,1425,1527,0.1388
101,1410,1511,0.1388
105,1422,1527,0.1388
104,1406,1510,0.1388
103,1399,1502,0.1388
104,1397,1501,0.1388
102,1407,1509,0.1388
102,1405,1507,0.1388
101,1403,1504,0.1388
102,1397,1499,0.1388
101,1399,1500,0.1388
100,1414,1514,0.1388
101,1420,1521,0.1388
103,1410,1513,0.1388
102,1410,1512,0.1388
95,1405,1500,0.1388
95,1406,1501,0.1388
94,1401,1495,0.1388
92,1407,1499,0.1388
90,1416,1506,0.1388
89,1426,1515,0.1388
89,1434,1523,0.1388
90,1428,1518,0.1388
89,1415,1504,0.1388
95,1419,1514,0.1388
97,1438,1535,0.1388
96,1427,1523,0.1388
95,1430,1525,0.1388
95,1433,1528,0.1388
95,1427,1522,0.1388
98,1419,1517,0.1388
97,1416,1513,0.1388
94,1420,1514,0.1388
94,1412,1506,0.1388
97,1419,1516,0.1388
98,1415,1513,0.1388
96,1422,1518,0.1388
96,1422,1518,0.1388
96,1410,1506,0.1388
97,1411,1508,0.1388
97,1421,1518,0.1388
100,1410,1510,0.1388
98,1429,1527,0.1388
95,1437,1532,0.1388
93,1429,1522,0.1388
88,1436,1524,0.1388
88,1430,1518,0.1388
86,1426,1512,0.1388
89,1435,1524,0.1388
86,1425,1511,0.1388
87,1424,1511,0.1388
89,1407,1496,0.1388
91,1399,1490,0.1388
92,1394,1486,0.1388
94,1397,1491,0.1388
90,1406,1496,0.1388
94,1418,1512,0.1388
93,1431,1524,0.1388
93,1426,1519,0.1388
92,1434,1526,0.1388
93,1434,1527,0.1388
92,1429,1521,0.1388
89,1421,1510,0.1388
90,1422,1512,0.1388
91,1413,1504,0.1388
90,1420,1510,0.1388
88,1429,1517,0.1388
89,1417,1506,0.1388
86,1415,1501,0.1388
89,1418,1507,0.1388
87,1426,1513,0.1388
89,1422,1511,0.1388
89,1428,1517,0.1388
89,1439,1528,0.1388
91,1446,1537,0.1388
90,1435,1525,0.1388
90,1422,1512,0.1388
90,1435,1525,0.1388
88,1435,1523,0.1388
87,1429,1516,0.1388
89,1431,1520,0.1388
92,1430,1522,0.1388
93,1416,1509,0.1388
96,1424,1520,0.1388
93,1405,1498,0.1388
95,1400,1495,0.1388
94,1411,1505,0.1388
96,1421,1517,0.1388
92,1424,1516,0.1388
90,1422,1512,0.1388
87,1411,1498,0.1388
88,1419,1507,0.1388
87,1426,1513,0.1388
83,1419,1502,0.1388
84,1424,1508,0.1388
84,1429,1513,0.1388
84,1435,1519,0.1388
86,1427,1513,0.1388
81,1427,1508,0.1388
82,1431,1513,0.1388
83,1435,1518,0.1388
86,1443,1529,0.1388
84,1432,1516,0.1388
83,1414,1497,0.1388
80,1417,1497,0.1388
84,1424,1508,0.1388
81,1429,1510,0.1388
81,1435,1516,0.1388
80,1447,1527,0.1388
79,1430,1509,0.1388
81,1418,1499,0.1388
81,1423,1504,0.1388
85,1414,1499,0.1388
86,1419,1505,0.1388
86,1405,1491,0.1388
85,1414,1499,0.1388
87,1433,1520,0.1388
86,1434,1520,0.1388
86,1441,1527,0.1388
85,1437,1522,0.1388
83,1430,1513,0.1388
84,1423,1507,0.1388
84,1425,1509,0.1388
82,1412,1494,0.1388
82,1409,1491,0.1388
82,1418,1500,0.1388
81,1432,1513,0.1388
83,1427,1510,0.1388
81,1436,1517,0.1388
81,1450,1531,0.1388
81,1450,1531,0.1388
79,1452,1531,0.1388
76,1449,1525,0.1388
75,1456,1531,0.1388
74,1452,1526,0.1388
74,1439,1513,0.1388
77,1442,1519,0.1388
74,1426,1500,0.1388
73,1431,1504,0.1388
79,1441,1520,0.1388
75,1443,1518,0.1388
77,1443,1520,0.1388
76,1438,1514,0.1388
75,1441,1516,0.1388
76,1448,1524,0.1388
75,1431,1506,0.1388
77,1440,1517,0.1388
76,1435,1511,0.1388
76,1444,1520,0.1388
77,1438,1515,0.1388
71,1436,1507,0.1388
75,1439,1514,0.1388
74,1433,1507,0.1388
71,1444,1515,0.1388
67,1439,1506,0.1388
70,1457,1527,0.1388
70,1453,1523,0.1388
73,1441,1514,0.1388
76,1436,1512,0.1388
73,1436,1509,0.1388
76,1427,1503,0.1388
77,1434,1511,0.1388
77,1437,1514,0.1388
76,1432,1508,0.1388
73,1431,1504,0.1388
72,1419,1491,0.1388
74,1443,1517,0.1388
75,1449,1524,0.1388
74,1454,1528,0.1388
72,1448,1520,0.1388
71,1446,1517,0.1388
69,1441,1510,0.1388
64,1444,1508,0.1388
64,1445,1509,0.1388
64,1451,1515,0.1388
62,1456,1518,0.1388
64,1456,1520,0.1388
62,1460,1522,0.1388
63,1461,1524,0.1388
63,1448,1511,0.1388
64,1449,1513,0.1388
63,1457,1520,0.1388
59,1453,1512,0.1388
60,1465,1525,0.1388
57,1455,1512,0.1388
59,1457,1516,0.1388
59,1465,1524,0.1388
59,1452,1511,0.1388
61,1438,1499,0.1388
61,1457,1518,0.1388
60,1457,1517,0.1388
61,1443,1504,0.1388
64,1437,1501,0.1388
63,1450,1513,0.1388
63,1454,1517,0.1388
63,1452,1515,0.1388
65,1454,1519,0.1388
65,1459,1524,0.1388
66,1456,1522,0.1388
65,1446,1511,0.1388
66,1450,1516,0.1388
64,1449,1513,0.1388
67,1461,1528,0.1388
66,1465,1531,0.1388
68,1467,1535,0.1388
67,1464,1531,0.1388
68,1458,1526,0.1388
68,1454,1522,0.1388
69,1449,1518,0.1388
67,1451,1518,0.1388
70,1451,1521,0.1388
69,1445,1514,0.1388
68,1446,1514,0.1388
70,1452,1522,0.1388
72,1454,1526,0.1388
70,1441,1511,0.1388
73,1447,1520,0.1388
75,1458,1533,0.1388
73,1446,1519,0.1388
72,1445,1517,0.1388
71,1448,1519,0.1388
71,1460,1531,0.1388
71,1444,1515,0.1388
70,1438,1508,0.1388
70,1442,1512,0.1388
69,1443,1512,0.1388
70,1454,1524,0.1388
65,1441,1506,0.1388
66,1440,1506,0.1388
67,1439,1506,0.1388
64,1444,1508,0.1388
61,1449,1510,0.1388
62,1449,1511,0.1388
60,1452,1512,0.1388
62,1442,1504,0.1388
60,1454,1514,0.1388
61,1445,1506,0.1388
63,1451,1514,0.1388
62,1448,1510,0.1388
63,1447,1510,0.1388
62,1456,1518,0.1388
64,1461,1525,0.1388
64,1455,1519,0.1388
62,1453,1515,0.1388
60,1455,1515,0.1388
57,1453,1510,0.1388
58,1451,1509,0.1388
62,1444,1506,0.1388
62,1449,1511,0.1388
58,1446,1504,0.1388
59,1452,1511,0.1388
61,1454,1515,0.1388
57,1462,1519,0.1388
55,1439,1494,0.1388
55,1447,1502,0.1388
59,1450,1509,0.1388
60,1448,1508,0.1388
62,1460,1522,0.1388
63,1441,1504,0.1388
65,1448,1513,0.1388
63,1430,1493,0.1388
63,1446,1509,0.1388
63,1450,1513,0.1388
63,1450,1513,0.1388
63,1448,1511,0.1388
64,1460,1524,0.1388
61,1452,1513,0.1388
61,1449,1510,0.1388
63,1444,1507,0.1388
64,1454,1518,0.1388
63,1449,1512,0.1388
62,1452,1514,0.1388
60,1460,1520,0.1388
58,1464,1522,0.1388
60,1459,1519,0.1388
62,1455,1517,0.1388
64,1463,1527,0.1388
64,1455,1519,0.1388
63,1461,1524,0.1388
63,1458,1521,0.1388
60,1443,1503,0.1388
61,1454,1515,0.1388
61,1454,1515,0.1388
62,1452,1514,0.1388
61,1448,1509,0.1388
62,1460,1522,0.1388
60,1468,1528,0.1388
62,1455,1517,0.1388
63,1452,1515,0.1388
63,1444,1507,0.1388
62,1450,1512,0.1388
62,1442,1504,0.1388
61,1455,1516,0.1388
60,1450,1510,0.1388
60,1464,1524,0.1388
59,1458,1517,0.1388
56,1466,1522,0.1388
56,1458,1514,0.1388
54,1465,1519,0.1388
53,1467,1520,0.1388
53,1469,1522,0.1388
55,1477,1532,0.1388
52,1466,1518,0.1388
52,1476,1528,0.1388
52,1472,1524,0.1388
52,1483,1535,0.1388
52,1484,1536,0.1388
50,1475,1525,0.1388
52,1479,1531,0.1388
53,1466,1519,0.1388
51,1465,1516,0.1388
47,1462,1509,0.1388
48,1472,1520,0.1388
48,1471,1519,0.1388
47,1467,1514,0.1388
48,1478,1526,0.1388
48,1467,1515,0.1388
50,1476,1526,0.1388
48,1472,1520,0.1388
49,1468,1517,0.1388
48,1476,1524,0.1388
46,1468,1514,0.1388
43,1473,1516,0.1388
45,1469,1514,0.1388
47,1484,1531,0.1388
46,1463,1509,0.1388
45,1460,1505,0.1388
46,1472,1518,0.1388
45,1479,1524,0.1388
43,1478,1521,0.1388
43,1480,1523,0.1388
43,1461,1504,0.1388
42,1463,1505,0.1388
42,1478,1520,0.1388
39,1483,1522,0.1388
40,1484,1524,0.1388
39,1469,1508,0.1388
38,1486,1524,0.1388
37,1476,1513,0.1388
41,1490,1531,0.1388
41,1488,1529,0.1388
42,1480,1522,0.1388
42,1468,1510,0.1388
42,1465,1507,0.1388
41,1469,1510,0.1388
41,1471,1512,0.1388
42,1478,1520,0.1388
43,1484,1527,0.1388
42,1478,1520,0.1388
42,1473,1515,0.1388
40,1477,1517,0.1388
39,1475,1514,0.1388
40,1497,1537,0.1388
41,1490,1531,0.1388
39,1483,1522,0.1388
39,1483,1522,0.1388
38,1482,1520,0.1388
38,1473,1511,0.1388
37,1473,1510,0.1388
40,1465,1505,0.1388
38,1467,1505,0.1388
41,1453,1494,0.1388
39,1476,1515,0.1388
41,1486,1527,0.1388
41,1485,1526,0.1388
37,1473,1510,0.1388
37,1483,1520,0.1388
38,1482,1520,0.1388
39,1486,1525,0.1388
37,1490,1527,0.1388
35,1475,1510,0.1388
35,1470,1505,0.1388
35,1469,1504,0.1388
37,1459,1496,0.1388
38,1469,1507,0.1388
37,1471,1508,0.1388
36,1474,1510,0.1388
36,1465,1501,0.1388
35,1489,1524,0.1388
34,1475,1509,0.1388
33,1477,1510,0.1388
33,1466,1499,0.1388
35,1475,1510,0.1388
35,1480,1515,0.1388
35,1491,1526,0.1388
34,1482,1516,0.1388
33,1474,1507,0.1388
32,1481,1513,0.1388
33,1486,1519,0.1388
34,1476,1510,0.1388
34,1482,1516,0.1388
34,1477,1511,0.1388
33,1459,1492,0.1388
32,1471,1503,0.1388
33,1473,1506,0.1388
31,1491,1522,0.1388
30,1487,1517,0.1388
32,1482,1514,0.1388
33,1488,1521,0.1388
33,1491,1524,0.1388
35,1488,1523,0.1388
33,1494,1527,0.1388
31,1482,1513,0.1388
32,1490,1522,0.1388
30,1490,1520,0.1388
29,1490,1519,0.1388
29,1488,1517,0.1388
30,1474,1504,0.1388
30,1465,1495,0.1388
29,1475,1504,0.1388
27,1482,1509,0.1388
26,1487,1513,0.1388
26,1493,1519,0.1388
25,1490,1515,0.1388
23,1487,1510,0.1388
22,1480,1502,0.1388
21,1475,1496,0.1388
20,1488,1508,0.1388
21,1491,1512,0.1388
22,1489,1511,0.1388
21,1483,1504,0.1388
22,1480,1502,0.1388
23,1493,1516,0.1388
21,1499,1520,0.1388
19,1497,1516,0.1388
17,1492,1509,0.1388
19,1499,1518,0.1388
19,1502,1521,0.1388
19,1502,1521,0.1388
19,1512,1531,0.1388
20,1511,1531,0.1388
19,1501,1520,0.1388
19,1501,1520,0.1388
19,1511,1530,0.1388
18,1505,1523,0.1388
18,1493,1511,0.1388
18,1486,1504,0.1388
17,1493,1510,0.1388
17,1503,1520,0.1388
18,1506,1524,0.1388
17,1493,1510,0.1388
17,1496,1513,0.1388
16,1480,1496,0.1388
17,1497,1514,0.1388
15,1507,1522,0.1388
15,1504,1519,0.1388
15,1508,1523,0.1388
17,1507,1524,0.1388
16,1508,1524,0.1388
16,1497,1513,0.1388
15,1496,1511,0.1388
15,1504,1519,0.1388
16,1511,1527,0.1388
16,1507,1523,0.1388
16,1505,1521,0.1388
15,1495,1510,0.1388
15,1507,1522,0.1388
14,1491,1505,0.1388
14,1491,1505,0.1388
16,1487,1503,0.1388
16,1487,1503,0.1388
17,1490,1507,0.1388
17,1495,1512,0.1388
16,1486,1502,0.1388
16,1496,1512,0.1388
16,1501,1517,0.1388
15,1507,1522,0.1388
15,1513,1528,0.1388
15,1504,1519,0.1388
15,1503,1518,0.1388
14,1507,1521,0.1388
14,1507,1521,0.1388
14,1501,1515,0.1388
14,1505,1519,0.1388
13,1512,1525,0.1388
13,1508,1521,0.1388
13,1517,1530,0.1388
13,1515,1528,0.1388
14,1506,1520,0.1388
14,1497,1511,0.1388
14,1505,1519,0.1388
14,1504,1518,0.1388
14,1497,1511,0.1388
14,1495,1509,0.1388
14,1498,1512,0.1388
13,1502,1515,0.1388
13,1502,1515,0.1388
13,1502,1515,0.1388
13,1511,1524,0.1388
13,1513,1526,0.1388
13,1518,1531,0.1388
13,1513,1526,0.1388
13,1514,1527,0.1388
12,1507,1519,0.1388
11,1510,1521,0.1388
11,1513,1524,0.1388
13,1508,1521,0.1388
13,1498,1511,0.1388
13,1505,1518,0.1388
13,1504,1517,0.1388
14,1486,1500,0.1388
14,1504,1518,0.1388
14,1517,1531,0.1388
15,1506,1521,0.1388
16,1494,1510,0.1388
15,1501,1516,0.1388
15,1497,1512,0.1388
15,1499,1514,0.1388
14,1509,1523,0.1388
13,1493,1506,0.1388
13,1494,1507,0.1388
12,1488,1500,0.1388
12,1497,1509,0.1388
13,1502,1515,0.1388
14,1500,1514,0.1388
15,1495,1510,0.1388
16,1497,1513,0.1388
16,1498,1514,0.1388
17,1488,1505,0.1388
17,1490,1507,0.1388
17,1507,1524,0.1388
14,1508,1522,0.1388
15,1511,1526,0.1388
15,1503,1518,0.1388
15,1495,1510,0.1388
15,1493,1508,0.1388
15,1500,1515,0.1388
14,1514,1528,0.1388
14,1516,1530,0.1388
14,1511,1525,0.1388
15,1505,1520,0.1388
14,1489,1503,0.1388
14,1493,1507,0.1388
13,1493,1506,0.1388
14,1494,1508,0.1388
14,1504,1518,0.1388
14,1501,1515,0.1388
14,1487,1501,0.1388
14,1495,1509,0.1388
12,1478,1490,0.1388
11,1494,1505,0.1388
11,1509,1520,0.1388
12,1493,1505,0.1388
10,1497,1507,0.1388
10,1494,1504,0.1388
10,1492,1502,0.1388
10,1494,1504,0.1388
10,1487,1497,0.1388
9,1496,1505,0.1388
10,1491,1501,0.1388
10,1501,1511,0.1388
10,1499,1509,0.1388
10,1502,1512,0.1388
10,1498,1508,0.1388
10,1498,1508,0.1388
10,1500,1510,0.1388
9,1504,1513,0.1388
8,1499,1507,0.1388
8,1492,1500,0.1388
8,1508,1516,0.1388
8,1515,1523,0.1388
8,1515,1523,0.1388
9,1516,1525,0.1388
9,1524,1533,0.1388
9,1519,1528,0.1388
9,1521,1530,0.1388
10,1511,1521,0.1388
9,1510,1519,0.1388
10,1502,1512,0.1388
9,1511,1520,0.1388
9,1497,1506,0.1388
10,1505,1515,0.1388
10,1498,1508,0.1388
10,1502,1512,0.1388
9,1496,1505,0.1388
9,1492,1501,0.1388
9,1518,1527,0.1388
9,1522,1531,0.1388
9,1509,1518,0.1388
8,1505,1513,0.1388
7,1497,1504,0.1388
8,1488,1496,0.1388
8,1487,1495,0.1388
8,1494,1502,0.1388
8,1495,1503,0.1388
7,1501,1508,0.1388
7,1509,1516,0.1388
7,1521,1528,0.1388
7,1506,1513,0.1388
6,1504,1510,0.1388
6,1517,1523,0.1388
5,1518,1523,0.1388
5,1519,1524,0.1388
5,1521,1526,0.1388
5,1522,1527,0.1388
5,1529,1534,0.1388
5,1519,1524,0.1388
5,1511,1516,0.1388
5,1501,1506,0.1388
5,1494,1499,0.1388
5,1512,1517,0.1388
3,1520,1523,0.1388
3,1492,1495,0.1388
3,1494,1497,0.1388
3,1497,1500,0.1388
3,1515,1518,0.1388
3,1521,1524,0.1388
3,1517,1520,0.1388
2,1506,1508,0.1388
3,1515,1518,0.1388
3,1514,1517,0.1388
3,1515,1518,0.1388
3,1503,1506,0.1388
5,1509,1514,0.1388
5,1510,1515,0.1388
5,1509,1514,0.1388
5,1506,1511,0.1388
5,1504,1509,0.1388
5,1495,1500,0.1388
5,1508,1513,0.1388
5,1506,1511,0.1388
4,1505,1509,0.1388
4,1505,1509,0.1388
4,1518,1522,0.1388
5,1512,1517,0.1388
5,1517,1522,0.1388
5,1522,1527,0.1388
5,1508,1513,0.1388
5,1508,1513,0.1388
4,1506,1510,0.1388
4,1503,1507,0.1388
4,1503,1507,0.1388
4,1511,1515,0.1388
4,1515,1519,0.1388
4,1503,1507,0.1388
4,1500,1504,0.1388
4,1501,1505,0.1388
4,1499,1503,0.1388
4,1523,1527,0.1388
4,1519,1523,0.1388
4,1507,1511,0.1388
4,1510,1514,0.1388
4,1517,1521,0.1388
4,1513,1517,0.1388
4,1507,1511,0.1388
4,1501,1505,0.1388
4,1504,1508,0.1388
4,1513,1517,0.1388
3,1503,1506,0.1388
3,1501,1504,0.1388
4,1504,1508,0.1388
4,1519,1523,0.1388
4,1515,1519,0.1388
4,1520,1524,0.1388
4,1514,1518,0.1388
4,1510,1514,0.1388
4,1516,1520,0.1388
4,1513,1517,0.1388
4,1512,1516,0.1388
4,1507,1511,0.1388
4,1498,1502,0.1388
4,1498,1502,0.1388
4,1509,1513,0.1388
5,1519,1524,0.1388
5,1517,1522,0.1388
6,1518,1524,0.1388
6,1523,1529,0.1388
6,1525,1531,0.1388
5,1518,1523,0.1388
6,1515,1521,0.1388
6,1508,1514,0.1388
7,1513,1520,0.1388
7,1512,1519,0.1388
7,1515,1522,0.1388
7,1509,1516,0.1388
6,1509,1515,0.1388
6,1505,1511,0.1388
7,1509,1516,0.1388
7,1503,1510,0.1388
7,1504,1511,0.1388
7,1495,1502,0.1388
7,1509,1516,0.1388
6,1513,1519,0.1388
6,1511,1517,0.1388
6,1509,1515,0.1388
6,1519,1525,0.1388
5,1527,1532,0.1388
6,1518,1524,0.1388
6,1518,1524,0.1388
6,1521,1527,0.1388
6,1509,1515,0.1388
7,1506,1513,0.1388
7,1503,1510,0.1388
6,1507,1513,0.1388
6,1499,1505,0.1388
7,1497,1504,0.1388
7,1506,1513,0.1388
7,1513,1520,0.1388
6,1527,1533,0.1388
6,1512,1518,0.1388
7,1498,1505,0.1388
7,1503,1510,0.1388
7,1502,1509,0.1388
7,1486,1493,0.1388
7,1490,1497,0.1388
8,1485,1493,0.1388
8,1486,1494,0.1388
8,1492,1500,0.1388
8,1503,1511,0.1388
8,1510,1518,0.1388
8,1504,1512,0.1388
6,1500,1506,0.1388
6,1485,1491,0.1388
6,1479,1485,0.1388
6,1502,1508,0.1388
6,1510,1516,0.1388
6,1515,1521,0.1388
6,1509,1515,0.1388
6,1513,1519,0.1388
6,1499,1505,0.1388
5,1508,1513,0.1388
5,1503,1508,0.1388
5,1516,1521,0.1388
5,1511,1516,0.1388
5,1505,1510,0.1388
5,1514,1519,0.1388
5,1514,1519,0.1388
5,1506,1511,0.1388
6,1504,1510,0.1388
6,1517,1523,0.1388
6,1518,1524,0.1388
6,1515,1521,0.1388
6,1527,1533,0.1388
6,1519,1525,0.1388
6,1515,1521,0.1388
6,1519,1525,0.1388
6,1520,1526,0.1388
7,1508,1515,0.1388
7,1510,1517,0.1388
7,1505,1512,0.1388
6,1497,1503,0.1388
6,1497,1503,0.1388
6,1512,1518,0.1388
6,1515,1521,0.1388
6,1511,1517,0.1388
6,1507,1513,0.1388
6,1514,1520,0.1388
6,1482,1488,0.1388
6,1498,1504,0.1388
6,1503,1509,0.1388
6,1496,1502,0.1388
6,1500,1506,0.1388
6,1506,1512,0.1388
6,1513,1519,0.1388
6,1520,1526,0.1388
6,1499,1505,0.1388
6,1500,1506,0.1388
7,1510,1517,0.1388
7,1506,1513,0.1388
8,1516,1524,0.1388
6,1511,1517,0.1388
6,1516,1522,0.1388
6,1514,1520,0.1388
6,1515,1521,0.1388
6,1507,1513,0.1388
6,1517,1523,0.1388
5,1511,1516,0.1388
5,1503,1508,0.1388
5,1501,1506,0.1388
5,1511,1516,0.1388
5,1504,1509,0.1388
5,1506,1511,0.1388
5,1496,1501,0.1388
5,1507,1512,0.1388
5,1511,1516,0.1388
5,1509,1514,0.1388
5,1510,1515,0.1388
5,1520,1525,0.1388
5,1522,1527,0.1388
4,1523,1527,0.1388
5,1525,1530,0.1388
4,1501,1505,0.1388
4,1503,1507,0.1388
4,1497,1501,0.1388
4,1511,1515,0.1388
4,1509,1513,0.1388
3,1515,1518,0.1388
3,1506,1509,0.1388
3,1515,1518,0.1388
4,1521,1525,0.1388
4,1520,1524,0.1388
4,1517,1521,0.1388
4,1516,1520,0.1388
4,1513,1517,0.1388
4,1516,1520,0.1388
3,1507,1510,0.1388
4,1521,1525,0.1388
4,1510,1514,0.1388
4,1505,1509,0.1388
4,1518,1522,0.1388
5,1509,1514,0.1388
5,1515,1520,0.1388
5,1499,1504,0.1388
5,1496,1501,0.1388
5,1491,1496,0.1388
5,1512,1517,0.1388
5,1519,1524,0.1388
5,1511,1516,0.1388
5,1507,1512,0.1388
4,1508,1512,0.1388
5,1502,1507,0.1388
5,1504,1509,0.1388
5,1503,1508,0.1388
5,1507,1512,0.1388
4,1509,1513,0.1388
3,1504,1507,0.1388
3,1511,1514,0.1388
3,1505,1508,0.1388
3,1519,1522,0.1388
3,1508,1511,0.1388
3,1520,1523,0.1388
3,1515,1518,0.1388
3,1508,1511,0.1388
3,1518,1521,0.1388
3,1526,1529,0.1388
3,1507,1510,0.1388
3,1505,1508,0.1388
2,1513,1515,0.1388
2,1519,1521,0.1388
2,1518,1520,0.1388
1,1519,1520,0.1388
1,1530,1531,0.1388
1,1530,1531,0.1388
1,1510,1511,0.1388
1,1511,1512,0.1388
1,1520,1521,0.1388
1,1514,1515,0.1388
1,1515,1516,0.1388
1,1510,1511,0.1388
1,1513,1514,0.1388
1,1521,1522,0.1388
1,1527,1528,0.1388
1,1529,1530,0.1388
2,1512,1514,0.1388
2,1511,1513,0.1388
2,1510,1512,0.1388
2,1518,1520,0.1388
2,1510,1512,0.1388
1,1511,1512,0.1388
1,1505,1506,0.1388
1,1518,1519,0.1388
1,1503,1504,0.1388
1,1499,1500,0.1388
1,1500,1501,0.1388
1,1487,1488,0.1388
1,1496,1497,0.1388
1,1495,1496,0.1388
2,1500,1502,0.1388
2,1507,1509,0.1388
2,1517,1519,0.1388
2,1507,1509,0.1388
2,1508,1510,0.1388
2,1504,1506,0.1388
2,1508,1510,0.1388
2,1507,1509,0.1388
2,1515,1517,0.1388
1,1513,1514,0.1388
1,1514,1515,0.1388
1,1508,1509,0.1388
1,1510,1511,0.1388
1,1524,1525,0.1388
1,1509,1510,0.1388
1,1508,1509,0.1388
1,1513,1514,0.1388
1,1524,1525,0.1388
1,1526,1527,0.1388
1,1522,1523,0.1388
1,1527,1528,0.1388
1,1524,1525,0.1388
1,1520,1521,0.1388
1,1523,1524,0.1388
1,1527,1528,0.1388
1,1527,1528,0.1388
1,1522,1523,0.1388
1,1516,1517,0.1388
1,1502,1503,0.1388
1,1504,1505,0.1388
1,1516,1517,0.1388
1,1525,1526,0.1388
1,1529,1530,0.1388
1,1522,1523,0.1388
1,1527,1528,0.1388
1,1514,1515,0.1388
1,1521,1522,0.1388
1,1516,1517,0.1388
1,1525,1526,0.1388
1,1535,1536,0.1388
1,1534,1535,0.1388
2,1519,1521,0.1388
2,1530,1532,0.1388
2,1518,1520,0.1388
2,1518,1520,0.1388
1,1523,1524,0.1388
1,1518,1519,0.1388
1,1512,1513,0.1388
1,1516,1517,0.1388
1,1516,1517,0.1388
1,1530,1531,0.1388
1,1534,1535,0.1388
1,1525,1526,0.1388
0,1527,1527,0.1388
