1366,27,1393,0.1388
1377,29,1406,0.1388
1394,28,1422,0.1388
1429,31,1460,0.1388
1426,31,1457,0.1388
1436,34,1470,0.1388
1442,36,1478,0.1388
1449,36,1485,0.1388
1453,36,1489,0.1388
1454,37,1491,0.1388
1461,36,1497,0.1388
1455,36,1491,0.1388
1442,35,1477,0.1388
1452,34,1486,0.1388
1461,35,1496,0.1388
1456,35,1491,0.1388
1451,36,1487,0.1388
1453,34,1487,0.1388
1446,35,1481,0.1388
1459,36,1495,0.1388
1468,37,1505,0.1388
1462,37,1499,0.1388
1465,37,1502,0.1388
1450,37,1487,0.1388
1454,36,1490,0.1388
1454,36,1490,0.1388
1452,36,1488,0.1388
1450,34,1484,0.1388
1440,34,1474,0.1388
1443,37,1480,0.1388
1453,36,1489,0.1388
1462,35,1497,0.1388
1463,35,1498,0.1388
1449,35,1484,0.1388
1451,36,1487,0.1388
1454,35,1489,0.1388
1454,35,1489,0.1388
1453,34,1487,0.1388
1450,35,1485,0.1388
1442,34,1476,0.1388
1441,33,1474,0.1388
1451,33,1484,0.1388
1456,33,1489,0.1388
1462,35,1497,0.1388
1469,36,1505,0.1388
1460,35,1495,0.1388
1464,36,1500,0.1388
1456,35,1491,0.1388
1449,34,1483,0.1388
1455,35,1490,0.1388
1449,36,1485,0.1388
1461,36,1497,0.1388
1465,36,1501,0.1388
1462,35,1497,0.1388
1462,34,1496,0.1388
1469,33,1502,0.1388
1462,35,1497,0.1388
1463,33,1496,0.1388
1453,33,1486,0.1388
1455,33,1488,0.1388
1446,33,1479,0.1388
1454,32,1486,0.1388
1451,31,1482,0.1388
1457,34,1491,0.1388
1460,34,1494,0.1388
1459,34,1493,0.1388
1449,34,1483,0.1388
1456,33,1489,0.1388
1467,33,1500,0.1388
1475,31,1506,0.1388
1466,30,1496,0.1388
1461,31,1492,0.1388
1456,29,1485,0.1388
1463,28,1491,0.1388
1462,26,1488,0.1388
1453,28,1481,0.1388
1463,29,1492,0.1388
1455,29,1484,0.1388
1455,30,1485,0.1388
1450,29,1479,0.1388
1434,30,1464,0.1388
1440,30,1470,0.1388
1457,31,1488,0.1388
1451,31,1482,0.1388
1445,33,1478,0.1388
1448,33,1481,0.1388
1452,33,1485,0.1388
1442,33,1475,0.1388
1440,33,1473,0.1388
1453,31,1484,0.1388
1469,29,1498,0.1388
1461,31,1492,0.1388
1448,31,1479,0.1388
1448,32,1480,0.1388
1450,33,1483,0.1388
1461,34,1495,0.1388
1454,35,1489,0.1388
1462,36,1498,0.1388
1468,34,1502,0.1388
1479,35,1514,0.1388
1488,37,1525,0.1388
1470,36,1506,0.1388
1478,34,1512,0.1388
1481,36,1517,0.1388
1479,36,1515,0.1388
1472,36,1508,0.1388
1458,37,1495,0.1388
1450,36,1486,0.1388
1456,37,1493,0.1388
1458,37,1495,0.1388
1450,37,1487,0.1388
1444,39,1483,0.1388
1432,40,1472,0.1388
1438,41,1479,0.1388
1447,39,1486,0.1388
1438,39,1477,0.1388
1435,40,1475,0.1388
1448,41,1489,0.1388
1445,41,1486,0.1388
1453,42,1495,0.1388
1451,41,1492,0.1388
1455,39,1494,0.1388
1459,40,1499,0.1388
1453,39,1492,0.1388
1448,40,1488,0.1388
1456,40,1496,0.1388
1452,41,1493,0.1388
1453,42,1495,0.1388
1453,41,1494,0.1388
1456,41,1497,0.1388
1443,43,1486,0.1388
1452,43,1495,0.1388
1458,42,1500,0.1388
1455,43,1498,0.1388
1451,43,1494,0.1388
1458,43,1501,0.1388
1463,45,1508,0.1388
1466,44,1510,0.1388
1438,44,1482,0.1388
1434,43,1477,0.1388
1444,43,1487,0.1388
1436,44,1480,0.1388
1447,45,1492,0.1388
1448,44,1492,0.1388
1449,43,1492,0.1388
1440,43,1483,0.1388
1440,46,1486,0.1388
1442,46,1488,0.1388
1431,50,1481,0.1388
1444,52,1496,0.1388
1442,54,1496,0.1388
1426,53,1479,0.1388
1430,54,1484,0.1388
1423,56,1479,0.1388
1424,54,1478,0.1388
1419,54,1473,0.1388
1416,56,1472,0.1388
1420,55,1475,0.1388
1424,58,1482,0.1388
1414,56,1470,0.1388
1411,56,1467,0.1388
1414,56,1470,0.1388
1417,57,1474,0.1388
1414,59,1473,0.1388
1407,62,1469,0.1388
1410,63,1473,0.1388
1426,64,1490,0.1388
1433,68,1501,0.1388
1447,71,1518,0.1388
1441,72,1513,0.1388
1423,70,1493,0.1388
1417,73,1490,0.1388
1419,75,1494,0.1388
1409,74,1483,0.1388
1412,75,1487,0.1388
1409,72,1481,0.1388
1408,72,1480,0.1388
1404,72,1476,0.1388
1421,71,1492,0.1388
1422,70,1492,0.1388
1421,73,1494,0.1388
1411,71,1482,0.1388
1407,74,1481,0.1388
1422,75,1497,0.1388
1418,79,1497,0.1388
1411,77,1488,0.1388
1404,80,1484,0.1388
1403,77,1480,0.1388
1391,76,1467,0.1388
1407,75,1482,0.1388
1414,74,1488,0.1388
1419,73,1492,0.1388
1422,73,1495,0.1388
1426,73,1499,0.1388
1424,73,1497,0.1388
1423,70,1493,0.1388
1409,72,1481,0.1388
1417,73,1490,0.1388
1420,71,1491,0.1388
1436,70,1506,0.1388
1427,68,1495,0.1388
1419,70,1489,0.1388
1404,72,1476,0.1388
1403,74,1477,0.1388
1403,75,1478,0.1388
1404,76,1480,0.1388
1410,78,1488,0.1388
1427,79,1506,0.1388
1422,80,1502,0.1388
1415,77,1492,0.1388
1405,80,1485,0.1388
1415,78,1493,0.1388
1402,81,1483,0.1388
1416,81,1497,0.1388
1411,83,1494,0.1388
1423,87,1510,0.1388
1412,86,1498,0.1388
1413,85,1498,0.1388
1408,87,1495,0.1388
1403,83,1486,0.1388
1410,84,1494,0.1388
1396,84,1480,0.1388
1393,82,1475,0.1388
1397,81,1478,0.1388
1409,85,1494,0.1388
1409,86,1495,0.1388
1410,86,1496,0.1388
1405,87,1492,0.1388
1404,87,1491,0.1388
1404,90,1494,0.1388
1392,88,1480,0.1388
1408,92,1500,0.1388
1398,92,1490,0.1388
1377,89,1466,0.1388
1383,92,1475,0.1388
1393,95,1488,0.1388
1396,98,1494,0.1388
1387,96,1483,0.1388
1376,97,1473,0.1388
1374,98,1472,0.1388
1380,97,1477,0.1388
1389,98,1487,0.1388
1399,101,1500,0.1388
1394,103,1497,0.1388
1395,104,1499,0.1388
1380,105,1485,0.1388
1372,104,1476,0.1388
1367,105,1472,0.1388
1368,103,1471,0.1388
1385,107,1492,0.1388
1389,106,1495,0.1388
1397,108,1505,0.1388
1395,105,1500,0.1388
1392,104,1496,0.1388
1408,107,1515,0.1388
1395,108,1503,0.1388
1399,109,1508,0.1388
1407,108,1515,0.1388
1401,111,1512,0.1388
1399,108,1507,0.1388
1405,107,1512,0.1388
1408,106,1514,0.1388
1394,111,1505,0.1388
1382,109,1491,0.1388
1395,113,1508,0.1388
1385,114,1499,0.1388
1394,115,1509,0.1388
1399,114,1513,0.1388
1388,112,1500,0.1388
1380,113,1493,0.1388
1395,114,1509,0.1388
1396,115,1511,0.1388
1397,116,1513,0.1388
1391,115,1506,0.1388
1392,113,1505,0.1388
1385,115,1500,0.1388
1378,113,1491,0.1388
1376,115,1491,0.1388
1379,115,1494,0.1388
1377,118,1495,0.1388
1376,118,1494,0.1388
1369,121,1490,0.1388
1370,123,1493,0.1388
1369,125,1494,0.1388
1367,125,1492,0.1388
1360,125,1485,0.1388
1359,125,1484,0.1388
1358,123,1481,0.1388
1366,125,1491,0.1388
1350,125,1475,0.1388
1359,125,1484,0.1388
1353,132,1485,0.1388
1373,130,1503,0.1388
1368,132,1500,0.1388
1356,137,1493,0.1388
1346,138,1484,0.1388
1354,138,1492,0.1388
1355,141,1496,0.1388
1355,143,1498,0.1388
1353,146,1499,0.1388
1342,148,1490,0.1388
1352,144,1496,0.1388
1339,145,1484,0.1388
1348,146,1494,0.1388
1341,147,1488,0.1388
1348,146,1494,0.1388
1350,145,1495,0.1388
1348,147,1495,0.1388
1343,146,1489,0.1388
1356,147,1503,0.1388
1355,148,1503,0.1388
1363,148,1511,0.1388
1363,149,1512,0.1388
1362,147,1509,0.1388
1352,148,1500,0.1388
1349,150,1499,0.1388
1346,152,1498,0.1388
1338,150,1488,0.1388
1350,154,1504,0.1388
1367,155,1522,0.1388
1364,154,1518,0.1388
1356,150,1506,0.1388
1354,149,1503,0.1388
1357,150,1507,0.1388
1338,148,1486,0.1388
1337,147,1484,0.1388
1331,156,1487,0.1388
1335,156,1491,0.1388
1308,154,1462,0.1388
1318,153,1471,0.1388
1324,157,1481,0.1388
1335,158,1493,0.1388
1335,160,1495,0.1388
1334,164,1498,0.1388
1343,172,1515,0.1388
1329,173,1502,0.1388
1334,173,1507,0.1388
1327,171,1498,0.1388
1327,173,1500,0.1388
1316,167,1483,0.1388
1318,166,1484,0.1388
1333,166,1499,0.1388
1331,170,1501,0.1388
1325,171,1496,0.1388
1321,174,1495,0.1388
1317,178,1495,0.1388
1320,173,1493,0.1388
1326,172,1498,0.1388
1317,176,1493,0.1388
1313,175,1488,0.1388
1325,176,1501,0.1388
1326,178,1504,0.1388
1303,184,1487,0.1388
1311,186,1497,0.1388
1310,189,1499,0.1388
1318,192,1510,0.1388
1308,195,1503,0.1388
1315,188,1503,0.1388
1311,191,1502,0.1388
1311,187,1498,0.1388
1316,187,1503,0.1388
1300,192,1492,0.1388
1290,190,1480,0.1388
1293,191,1484,0.1388
1303,194,1497,0.1388
1304,195,1499,0.1388
1311,196,1507,0.1388
1308,189,1497,0.1388
1307,187,1494,0.1388
1303,197,1500,0.1388
1288,197,1485,0.1388
1300,200,1500,0.1388
1302,203,1505,0.1388
1302,204,1506,0.1388
1311,204,1515,0.1388
1303,206,1509,0.1388
1290,211,1501,0.1388
1288,215,1503,0.1388
1282,214,1496,0.1388
1284,221,1505,0.1388
1294,222,1516,0.1388
1290,221,1511,0.1388
1297,219,1516,0.1388
1298,220,1518,0.1388
1295,222,1517,0.1388
1285,219,1504,0.1388
1290,222,1512,0.1388
1296,217,1513,0.1388
1292,216,1508,0.1388
1296,214,1510,0.1388
1289,223,1512,0.1388
1290,222,1512,0.1388
1286,222,1508,0.1388
1276,229,1505,0.1388
1281,226,1507,0.1388
1290,230,1520,0.1388
1281,231,1512,0.1388
1283,228,1511,0.1388
1275,229,1504,0.1388
1265,229,1494,0.1388
1259,229,1488,0.1388
1264,236,1500,0.1388
1262,233,1495,0.1388
1273,238,1511,0.1388
1263,238,1501,0.1388
1267,239,1506,0.1388
1271,242,1513,0.1388
1271,240,1511,0.1388
1269,233,1502,0.1388
1263,234,1497,0.1388
1261,234,1495,0.1388
1260,237,1497,0.1388
1252,238,1490,0.1388
1263,245,1508,0.1388
1257,248,1505,0.1388
1251,245,1496,0.1388
1252,246,1498,0.1388
1245,253,1498,0.1388
1242,249,1491,0.1388
1245,249,1494,0.1388
1241,249,1490,0.1388
1239,248,1487,0.1388
1252,255,1507,0.1388
1238,254,1492,0.1388
1235,248,1483,0.1388
1244,253,1497,0.1388
1232,250,1482,0.1388
1235,248,1483,0.1388
1247,254,1501,0.1388
1248,260,1508,0.1388
1240,260,1500,0.1388
1244,261,1505,0.1388
1246,260,1506,0.1388
1248,252,1500,0.1388
1249,260,1509,0.1388
1241,266,1507,0.1388
1238,261,1499,0.1388
1241,261,1502,0.1388
1234,263,1497,0.1388
1226,264,1490,0.1388
1245,261,1506,0.1388
1233,261,1494,0.1388
1240,263,1503,0.1388
1238,265,1503,0.1388
1229,264,1493,0.1388
1234,264,1498,0.1388
1225,259,1484,0.1388
1229,257,1486,0.1388
1224,258,1482,0.1388
1223,260,1483,0.1388
1224,267,1491,0.1388
1226,267,1493,0.1388
1225,266,1491,0.1388
1221,268,1489,0.1388
1219,272,1491,0.1388
1224,274,1498,0.1388
1219,275,1494,0.1388
1215,274,1489,0.1388
1220,277,1497,0.1388
1231,276,1507,0.1388
1227,279,1506,0.1388
1210,279,1489,0.1388
1210,287,1497,0.1388
1222,282,1504,0.1388
1204,286,1490,0.1388
1205,285,1490,0.1388
1215,285,1500,0.1388
1209,279,1488,0.1388
1215,275,1490,0.1388
1209,281,1490,0.1388
1209,279,1488,0.1388
1206,277,1483,0.1388
1195,284,1479,0.1388
1205,291,1496,0.1388
1194,295,1489,0.1388
1189,296,1485,0.1388
1202,299,1501,0.1388
1201,302,1503,0.1388
1194,305,1499,0.1388
1192,307,1499,0.1388
1191,307,1498,0.1388
1191,303,1494,0.1388
1198,304,1502,0.1388
1202,302,1504,0.1388
1218,291,1509,0.1388
1202,299,1501,0.1388
1209,304,1513,0.1388
1213,306,1519,0.1388
1203,300,1503,0.1388
1207,300,1507,0.1388
1205,301,1506,0.1388
1206,299,1505,0.1388
1197,298,1495,0.1388
1201,305,1506,0.1388
1179,301,1480,0.1388
1189,296,1485,0.1388
1196,298,1494,0.1388
1189,305,1494,0.1388
1181,295,1476,0.1388
1177,297,1474,0.1388
1183,303,1486,0.1388
1198,305,1503,0.1388
1198,299,1497,0.1388
1203,297,1500,0.1388
1202,294,1496,0.1388
1203,293,1496,0.1388
1214,290,1504,0.1388
1211,295,1506,0.1388
1211,292,1503,0.1388
1225,290,1515,0.1388
1216,286,1502,0.1388
1210,287,1497,0.1388
1210,280,1490,0.1388
1215,275,1490,0.1388
1221,278,1499,0.1388
1221,284,1505,0.1388
1215,287,1502,0.1388
1225,288,1513,0.1388
1217,286,1503,0.1388
1206,285,1491,0.1388
1211,284,1495,0.1388
1219,284,1503,0.1388
1211,292,1503,0.1388
1209,292,1501,0.1388
1209,291,1500,0.1388
1201,297,1498,0.1388
1209,295,1504,0.1388
1198,293,1491,0.1388
1207,294,1501,0.1388
1203,294,1497,0.1388
1195,293,1488,0.1388
1200,291,1491,0.1388
1204,295,1499,0.1388
1209,294,1503,0.1388
1204,300,1504,0.1388
1199,304,1503,0.1388
1207,301,1508,0.1388
1206,299,1505,0.1388
1199,293,1492,0.1388
1195,293,1488,0.1388
1191,298,1489,0.1388
1196,298,1494,0.1388
1194,297,1491,0.1388
1195,302,1497,0.1388
1192,309,1501,0.1388
1196,306,1502,0.1388
1185,308,1493,0.1388
1196,315,1511,0.1388
1195,314,1509,0.1388
1191,312,1503,0.1388
1190,307,1497,0.1388
1200,309,1509,0.1388
1186,310,1496,0.1388
1190,310,1500,0.1388
1192,310,1502,0.1388
1184,316,1500,0.1388
1190,314,1504,0.1388
1195,311,1506,0.1388
1189,309,1498,0.1388
1183,311,1494,0.1388
1189,309,1498,0.1388
1193,313,1506,0.1388
1188,312,1500,0.1388
1188,312,1500,0.1388
1185,318,1503,0.1388
1174,310,1484,0.1388
1181,312,1493,0.1388
1180,316,1496,0.1388
1185,315,1500,0.1388
1183,318,1501,0.1388
1179,313,1492,0.1388
1184,320,1504,0.1388
1183,330,1513,0.1388
1178,327,1505,0.1388
1185,329,1514,0.1388
1184,325,1509,0.1388
1185,326,1511,0.1388
1177,328,1505,0.1388
1181,324,1505,0.1388
1178,323,1501,0.1388
1185,330,1515,0.1388
1175,327,1502,0.1388
1170,330,1500,0.1388
1169,330,1499,0.1388
1159,334,1493,0.1388
1153,331,1484,0.1388
1144,338,1482,0.1388
1151,342,1493,0.1388
1152,337,1489,0.1388
1145,339,1484,0.1388
1140,347,1487,0.1388
1141,345,1486,0.1388
1130,342,1472,0.1388
1132,352,1484,0.1388
1139,357,1496,0.1388
1137,361,1498,0.1388
1142,369,1511,0.1388
1137,365,1502,0.1388
1136,366,1502,0.1388
1138,370,1508,0.1388
1120,374,1494,0.1388
1117,373,1490,0.1388
1121,379,1500,0.1388
1113,379,1492,0.1388
1133,379,1512,0.1388
1134,381,1515,0.1388
1121,374,1495,0.1388
1108,384,1492,0.1388
1113,383,1496,0.1388
1100,385,1485,0.1388
1089,386,1475,0.1388
1092,387,1479,0.1388
1094,387,1481,0.1388
1096,393,1489,0.1388
1098,387,1485,0.1388
1093,392,1485,0.1388
1093,400,1493,0.1388
1088,403,1491,0.1388
1078,407,1485,0.1388
1085,406,1491,0.1388
1080,407,1487,0.1388
1081,408,1489,0.1388
1099,411,1510,0.1388
1095,408,1503,0.1388
1085,407,1492,0.1388
1098,411,1509,0.1388
1100,417,1517,0.1388
1101,417,1518,0.1388
1090,416,1506,0.1388
1084,416,1500,0.1388
1085,414,1499,0.1388
1080,417,1497,0.1388
1084,418,1502,0.1388
1085,414,1499,0.1388
1081,407,1488,0.1388
1076,407,1483,0.1388
1070,411,1481,0.1388
1083,409,1492,0.1388
1091,412,1503,0.1388
1078,414,1492,0.1388
1076,413,1489,0.1388
1087,418,1505,0.1388
1076,423,1499,0.1388
1081,423,1504,0.1388
1075,417,1492,0.1388
1069,420,1489,0.1388
1074,420,1494,0.1388
1068,421,1489,0.1388
1063,427,1490,0.1388
1066,424,1490,0.1388
1074,433,1507,0.1388
1064,426,1490,0.1388
1066,426,1492,0.1388
1062,425,1487,0.1388
1062,424,1486,0.1388
1067,422,1489,0.1388
1077,425,1502,0.1388
1076,421,1497,0.1388
1075,424,1499,0.1388
1082,421,1503,0.1388
1082,422,1504,0.1388
1068,423,1491,0.1388
1073,417,1490,0.1388
1064,427,1491,0.1388
1057,431,1488,0.1388
1050,435,1485,0.1388
1055,438,1493,0.1388
1069,439,1508,0.1388
1068,441,1509,0.1388
1070,440,1510,0.1388
1066,441,1507,0.1388
1060,440,1500,0.1388
1055,445,1500,0.1388
1046,451,1497,0.1388
1054,455,1509,0.1388
1047,455,1502,0.1388
1033,445,1478,0.1388
1048,444,1492,0.1388
1035,445,1480,0.1388
1047,444,1491,0.1388
1032,444,1476,0.1388
1032,448,1480,0.1388
1039,448,1487,0.1388
1033,459,1492,0.1388
1031,461,1492,0.1388
1031,453,1484,0.1388
1032,454,1486,0.1388
1030,454,1484,0.1388
1031,457,1488,0.1388
1036,464,1500,0.1388
1032,463,1495,0.1388
1024,475,1499,0.1388
1029,476,1505,0.1388
1037,479,1516,0.1388
1039,471,1510,0.1388
1036,463,1499,0.1388
1041,465,1506,0.1388
1032,457,1489,0.1388
1021,465,1486,0.1388
1020,467,1487,0.1388
1026,462,1488,0.1388
1030,466,1496,0.1388
1026,469,1495,0.1388
1024,460,1484,0.1388
1033,474,1507,0.1388
1030,472,1502,0.1388
1029,473,1502,0.1388
1028,470,1498,0.1388
1029,475,1504,0.1388
1018,474,1492,0.1388
1012,473,1485,0.1388
1012,481,1493,0.1388
1016,480,1496,0.1388
1009,487,1496,0.1388
1004,484,1488,0.1388
1000,491,1491,0.1388
1006,493,1499,0.1388
1000,491,1491,0.1388
1001,490,1491,0.1388
996,491,1487,0.1388
999,493,1492,0.1388
1001,482,1483,0.1388
993,487,1480,0.1388
1004,484,1488,0.1388
1004,495,1499,0.1388
1014,504,1518,0.1388
1005,508,1513,0.1388
1000,509,1509,0.1388
1000,511,1511,0.1388
1007,512,1519,0.1388
1008,519,1527,0.1388
995,516,1511,0.1388
973,527,1500,0.1388
954,523,1477,0.1388
956,536,1492,0.1388
958,543,1501,0.1388
970,543,1513,0.1388
972,536,1508,0.1388
969,545,1514,0.1388
958,542,1500,0.1388
970,545,1515,0.1388
966,548,1514,0.1388
967,552,1519,0.1388
961,553,1514,0.1388
967,551,1518,0.1388
964,552,1516,0.1388
954,552,1506,0.1388
939,553,1492,0.1388
948,561,1509,0.1388
948,569,1517,0.1388
952,565,1517,0.1388
952,565,1517,0.1388
942,566,1508,0.1388
953,568,1521,0.1388
947,567,1514,0.1388
942,566,1508,0.1388
928,562,1490,0.1388
930,568,1498,0.1388
930,569,1499,0.1388
925,579,1504,0.1388
937,574,1511,0.1388
941,573,1514,0.1388
932,569,1501,0.1388
936,571,1507,0.1388
943,572,1515,0.1388
927,579,1506,0.1388
934,573,1507,0.1388
945,580,1525,0.1388
927,576,1503,0.1388
922,584,1506,0.1388
917,592,1509,0.1388
907,591,1498,0.1388
900,590,1490,0.1388
913,594,1507,0.1388
913,598,1511,0.1388
909,597,1506,0.1388
914,599,1513,0.1388
905,596,1501,0.1388
907,594,1501,0.1388
900,588,1488,0.1388
900,591,1491,0.1388
902,590,1492,0.1388
905,600,1505,0.1388
905,596,1501,0.1388
918,591,1509,0.1388
911,584,1495,0.1388
914,595,1509,0.1388
905,600,1505,0.1388
900,597,1497,0.1388
894,603,1497,0.1388
893,601,1494,0.1388
893,598,1491,0.1388
893,604,1497,0.1388
907,603,1510,0.1388
905,604,1509,0.1388
899,601,1500,0.1388
903,599,1502,0.1388
899,599,1498,0.1388
904,601,1505,0.1388
899,602,1501,0.1388
899,617,1516,0.1388
899,608,1507,0.1388
906,614,1520,0.1388
902,615,1517,0.1388
908,615,1523,0.1388
910,611,1521,0.1388
912,608,1520,0.1388
903,610,1513,0.1388
896,620,1516,0.1388
889,624,1513,0.1388
896,622,1518,0.1388
886,624,1510,0.1388
878,633,1511,0.1388
866,629,1495,0.1388
869,632,1501,0.1388
870,637,1507,0.1388
853,640,1493,0.1388
853,642,1495,0.1388
859,633,1492,0.1388
867,635,1502,0.1388
877,636,1513,0.1388
868,636,1504,0.1388
884,629,1513,0.1388
882,627,1509,0.1388
881,630,1511,0.1388
884,630,1514,0.1388
882,635,1517,0.1388
888,636,1524,0.1388
881,624,1505,0.1388
886,621,1507,0.1388
885,621,1506,0.1388
882,634,1516,0.1388
879,631,1510,0.1388
875,630,1505,0.1388
880,629,1509,0.1388
881,639,1520,0.1388
867,637,1504,0.1388
869,640,1509,0.1388
862,638,1500,0.1388
867,641,1508,0.1388
863,640,1503,0.1388
862,640,1502,0.1388
861,639,1500,0.1388
863,644,1507,0.1388
858,656,1514,0.1388
856,662,1518,0.1388
851,659,1510,0.1388
852,659,1511,0.1388
832,650,1482,0.1388
837,654,1491,0.1388
844,667,1511,0.1388
843,675,1518,0.1388
845,674,1519,0.1388
841,661,1502,0.1388
841,674,1515,0.1388
840,676,1516,0.1388
833,674,1507,0.1388
832,676,1508,0.1388
835,667,1502,0.1388
841,664,1505,0.1388
826,665,1491,0.1388
822,661,1483,0.1388
823,672,1495,0.1388
825,676,1501,0.1388
824,686,1510,0.1388
835,685,1520,0.1388
817,685,1502,0.1388
816,693,1509,0.1388
812,698,1510,0.1388
817,689,1506,0.1388
814,690,1504,0.1388
814,696,1510,0.1388
804,701,1505,0.1388
805,708,1513,0.1388
804,708,1512,0.1388
795,713,1508,0.1388
796,708,1504,0.1388
792,718,1510,0.1388
796,720,1516,0.1388
790,712,1502,0.1388
799,711,1510,0.1388
799,714,1513,0.1388
798,723,1521,0.1388
788,722,1510,0.1388
781,717,1498,0.1388
785,722,1507,0.1388
792,724,1516,0.1388
783,724,1507,0.1388
784,721,1505,0.1388
788,720,1508,0.1388
788,720,1508,0.1388
786,717,1503,0.1388
782,720,1502,0.1388
785,727,1512,0.1388
782,723,1505,0.1388
778,718,1496,0.1388
783,722,1505,0.1388
780,723,1503,0.1388
769,731,1500,0.1388
774,734,1508,0.1388
774,739,1513,0.1388
766,742,1508,0.1388
771,735,1506,0.1388
770,740,1510,0.1388
768,735,1503,0.1388
772,740,1512,0.1388
771,746,1517,0.1388
775,754,1529,0.1388
763,761,1524,0.1388
761,769,1530,0.1388
751,765,1516,0.1388
761,764,1525,0.1388
745,765,1510,0.1388
744,769,1513,0.1388
740,772,1512,0.1388
743,772,1515,0.1388
739,777,1516,0.1388
737,771,1508,0.1388
737,774,1511,0.1388
733,777,1510,0.1388
722,772,1494,0.1388
731,767,1498,0.1388
730,776,1506,0.1388
721,783,1504,0.1388
725,779,1504,0.1388
730,780,1510,0.1388
735,768,1503,0.1388
726,766,1492,0.1388
728,771,1499,0.1388
732,778,1510,0.1388
728,766,1494,0.1388
727,771,1498,0.1388
709,773,1482,0.1388
704,790,1494,0.1388
705,785,1490,0.1388
704,791,1495,0.1388
710,799,1509,0.1388
712,803,1515,0.1388
711,802,1513,0.1388
704,799,1503,0.1388
698,805,1503,0.1388
690,808,1498,0.1388
691,807,1498,0.1388
694,814,1508,0.1388
694,821,1515,0.1388
697,821,1518,0.1388
694,828,1522,0.1388
687,827,1514,0.1388
675,829,1504,0.1388
681,839,1520,0.1388
678,839,1517,0.1388
673,839,1512,0.1388
682,842,1524,0.1388
679,834,1513,0.1388
670,846,1516,0.1388
668,855,1523,0.1388
667,854,1521,0.1388
668,853,1521,0.1388
663,845,1508,0.1388
667,849,1516,0.1388
670,846,1516,0.1388
668,851,1519,0.1388
667,853,1520,0.1388
664,854,1518,0.1388
657,867,1524,0.1388
663,861,1524,0.1388
668,858,1526,0.1388
667,858,1525,0.1388
664,859,1523,0.1388
656,850,1506,0.1388
655,853,1508,0.1388
661,860,1521,0.1388
649,852,1501,0.1388
646,859,1505,0.1388
639,858,1497,0.1388
638,864,1502,0.1388
641,856,1497,0.1388
649,866,1515,0.1388
656,855,1511,0.1388
653,856,1509,0.1388
650,856,1506,0.1388
652,852,1504,0.1388
643,854,1497,0.1388
640,851,1491,0.1388
642,857,1499,0.1388
626,859,1485,0.1388
630,859,1489,0.1388
633,872,1505,0.1388
637,868,1505,0.1388
649,871,1520,0.1388
658,865,1523,0.1388
661,863,1524,0.1388
654,861,1515,0.1388
638,872,1510,0.1388
637,874,1511,0.1388
644,874,1518,0.1388
643,881,1524,0.1388
637,872,1509,0.1388
637,876,1513,0.1388
642,876,1518,0.1388
639,872,1511,0.1388
640,870,1510,0.1388
638,878,1516,0.1388
640,882,1522,0.1388
639,878,1517,0.1388
629,872,1501,0.1388
632,880,1512,0.1388
631,884,1515,0.1388
630,874,1504,0.1388
626,880,1506,0.1388
619,887,1506,0.1388
609,880,1489,0.1388
613,890,1503,0.1388
612,881,1493,0.1388
613,887,1500,0.1388
614,892,1506,0.1388
611,899,1510,0.1388
599,898,1497,0.1388
594,899,1493,0.1388
594,909,1503,0.1388
595,907,1502,0.1388
591,920,1511,0.1388
584,905,1489,0.1388
591,911,1502,0.1388
593,915,1508,0.1388
591,912,1503,0.1388
586,915,1501,0.1388
585,931,1516,0.1388
583,929,1512,0.1388
582,933,1515,0.1388
575,938,1513,0.1388
566,939,1505,0.1388
579,949,1528,0.1388
583,943,1526,0.1388
588,933,1521,0.1388
582,933,1515,0.1388
583,928,1511,0.1388
580,938,1518,0.1388
580,928,1508,0.1388
583,943,1526,0.1388
578,938,1516,0.1388
571,932,1503,0.1388
569,931,1500,0.1388
572,935,1507,0.1388
568,929,1497,0.1388
563,938,1501,0.1388
561,942,1503,0.1388
563,946,1509,0.1388
559,950,1509,0.1388
553,965,1518,0.1388
548,971,1519,0.1388
547,966,1513,0.1388
544,961,1505,0.1388
539,957,1496,0.1388
540,954,1494,0.1388
539,954,1493,0.1388
541,966,1507,0.1388
535,972,1507,0.1388
529,976,1505,0.1388
528,984,1512,0.1388
521,982,1503,0.1388
520,978,1498,0.1388
518,982,1500,0.1388
519,991,1510,0.1388
527,985,1512,0.1388
529,984,1513,0.1388
527,990,1517,0.1388
529,990,1519,0.1388
515,992,1507,0.1388
509,1001,1510,0.1388
496,998,1494,0.1388
484,990,1474,0.1388
488,1013,1501,0.1388
486,1021,1507,0.1388
477,1020,1497,0.1388
484,1023,1507,0.1388
480,1029,1509,0.1388
482,1018,1500,0.1388
489,1022,1511,0.1388
482,1025,1507,0.1388
477,1025,1502,0.1388
477,1029,1506,0.1388
477,1032,1509,0.1388
481,1039,1520,0.1388
478,1035,1513,0.1388
473,1037,1510,0.1388
473,1032,1505,0.1388
464,1043,1507,0.1388
469,1050,1519,0.1388
467,1052,1519,0.1388
469,1045,1514,0.1388
463,1043,1506,0.1388
458,1046,1504,0.1388
460,1045,1505,0.1388
466,1033,1499,0.1388
463,1040,1503,0.1388
462,1035,1497,0.1388
466,1034,1500,0.1388
471,1031,1502,0.1388
463,1045,1508,0.1388
454,1048,1502,0.1388
449,1053,1502,0.1388
450,1054,1504,0.1388
456,1058,1514,0.1388
453,1071,1524,0.1388
447,1064,1511,0.1388
445,1063,1508,0.1388
448,1067,1515,0.1388
448,1069,1517,0.1388
445,1057,1502,0.1388
440,1067,1507,0.1388
439,1070,1509,0.1388
438,1078,1516,0.1388
440,1081,1521,0.1388
440,1079,1519,0.1388
438,1087,1525,0.1388
435,1075,1510,0.1388
432,1083,1515,0.1388
429,1084,1513,0.1388
426,1078,1504,0.1388
425,1080,1505,0.1388
423,1090,1513,0.1388
417,1084,1501,0.1388
416,1089,1505,0.1388
416,1098,1514,0.1388
416,1098,1514,0.1388
412,1111,1523,0.1388
417,1101,1518,0.1388
416,1106,1522,0.1388
408,1107,1515,0.1388
406,1109,1515,0.1388
405,1096,1501,0.1388
397,1096,1493,0.1388
401,1103,1504,0.1388
401,1097,1498,0.1388
401,1099,1500,0.1388
402,1093,1495,0.1388
396,1091,1487,0.1388
392,1098,1490,0.1388
388,1102,1490,0.1388
391,1107,1498,0.1388
389,1104,1493,0.1388
388,1110,1498,0.1388
392,1119,1511,0.1388
384,1134,1518,0.1388
385,1119,1504,0.1388
384,1121,1505,0.1388
383,1125,1508,0.1388
380,1133,1513,0.1388
381,1133,1514,0.1388
373,1129,1502,0.1388
373,1123,1496,0.1388
380,1125,1505,0.1388
381,1119,1500,0.1388
367,1113,1480,0.1388
368,1134,1502,0.1388
371,1119,1490,0.1388
369,1120,1489,0.1388
364,1113,1477,0.1388
362,1125,1487,0.1388
362,1132,1494,0.1388
360,1139,1499,0.1388
355,1156,1511,0.1388
359,1155,1514,0.1388
356,1153,1509,0.1388
352,1165,1517,0.1388
354,1163,1517,0.1388
349,1155,1504,0.1388
350,1148,1498,0.1388
343,1149,1492,0.1388
346,1157,1503,0.1388
353,1162,1515,0.1388
349,1165,1514,0.1388
349,1156,1505,0.1388
349,1154,1503,0.1388
358,1154,1512,0.1388
347,1152,1499,0.1388
343,1166,1509,0.1388
344,1161,1505,0.1388
342,1159,1501,0.1388
346,1161,1507,0.1388
352,1159,1511,0.1388
347,1155,1502,0.1388
345,1160,1505,0.1388
354,1159,1513,0.1388
349,1154,1503,0.1388
357,1160,1517,0.1388
356,1162,1518,0.1388
354,1159,1513,0.1388
350,1150,1500,0.1388
354,1148,1502,0.1388
354,1155,1509,0.1388
356,1155,1511,0.1388
352,1154,1506,0.1388
354,1144,1498,0.1388
347,1159,1506,0.1388
346,1164,1510,0.1388
346,1168,1514,0.1388
343,1162,1505,0.1388
342,1159,1501,0.1388
344,1162,1506,0.1388
341,1158,1499,0.1388
333,1166,1499,0.1388
331,1163,1494,0.1388
326,1157,1483,0.1388
328,1168,1496,0.1388
327,1173,1500,0.1388
327,1186,1513,0.1388
325,1181,1506,0.1388
329,1173,1502,0.1388
329,1174,1503,0.1388
329,1172,1501,0.1388
320,1172,1492,0.1388
319,1181,1500,0.1388
323,1183,1506,0.1388
322,1194,1516,0.1388
320,1196,1516,0.1388
318,1188,1506,0.1388
317,1195,1512,0.1388
321,1199,1520,0.1388
312,1202,1514,0.1388
309,1203,1512,0.1388
310,1197,1507,0.1388
310,1199,1509,0.1388
308,1206,1514,0.1388
306,1208,1514,0.1388
303,1203,1506,0.1388
299,1204,1503,0.1388
296,1225,1521,0.1388
301,1225,1526,0.1388
296,1229,1525,0.1388
297,1227,1524,0.1388
296,1214,1510,0.1388
300,1210,1510,0.1388
302,1216,1518,0.1388
293,1209,1502,0.1388
302,1215,1517,0.1388
303,1212,1515,0.1388
298,1210,1508,0.1388
301,1218,1519,0.1388
301,1216,1517,0.1388
295,1210,1505,0.1388
299,1223,1522,0.1388
303,1229,1532,0.1388
309,1220,1529,0.1388
305,1221,1526,0.1388
296,1213,1509,0.1388
303,1202,1505,0.1388
306,1205,1511,0.1388
307,1210,1517,0.1388
307,1202,1509,0.1388
312,1206,1518,0.1388
310,1192,1502,0.1388
311,1191,1502,0.1388
306,1203,1509,0.1388
307,1212,1519,0.1388
308,1197,1505,0.1388
300,1214,1514,0.1388
293,1214,1507,0.1388
290,1220,1510,0.1388
295,1216,1511,0.1388
296,1224,1520,0.1388
297,1220,1517,0.1388
297,1219,1516,0.1388
289,1214,1503,0.1388
292,1215,1507,0.1388
288,1222,1510,0.1388
291,1211,1502,0.1388
288,1213,1501,0.1388
288,1230,1518,0.1388
282,1224,1506,0.1388
275,1229,1504,0.1388
277,1234,1511,0.1388
283,1242,1525,0.1388
285,1238,1523,0.1388
287,1237,1524,0.1388
286,1233,1519,0.1388
285,1230,1515,0.1388
284,1232,1516,0.1388
279,1243,1522,0.1388
279,1245,1524,0.1388
280,1238,1518,0.1388
281,1223,1504,0.1388
284,1231,1515,0.1388
281,1238,1519,0.1388
278,1229,1507,0.1388
276,1237,1513,0.1388
279,1251,1530,0.1388
281,1264,1545,0.1388
269,1245,1514,0.1388
271,1240,1511,0.1388
271,1245,1516,0.1388
274,1234,1508,0.1388
271,1249,1520,0.1388
265,1246,1511,0.1388
267,1244,1511,0.1388
269,1250,1519,0.1388
267,1247,1514,0.1388
268,1248,1516,0.1388
268,1244,1512,0.1388
265,1245,1510,0.1388
266,1252,1518,0.1388
256,1252,1508,0.1388
256,1257,1513,0.1388
255,1246,1501,0.1388
255,1252,1507,0.1388
259,1266,1525,0.1388
257,1262,1519,0.1388
255,1246,1501,0.1388
254,1246,1500,0.1388
248,1241,1489,0.1388
254,1246,1500,0.1388
249,1257,1506,0.1388
248,1242,1490,0.1388
249,1244,1493,0.1388
254,1244,1498,0.1388
259,1244,1503,0.1388
260,1249,1509,0.1388
255,1243,1498,0.1388
253,1257,1510,0.1388
257,1268,1525,0.1388
254,1272,1526,0.1388
253,1266,1519,0.1388
251,1256,1507,0.1388
243,1260,1503,0.1388
249,1256,1505,0.1388
250,1269,1519,0.1388
248,1275,1523,0.1388
255,1280,1535,0.1388
253,1264,1517,0.1388
249,1254,1503,0.1388
244,1255,1499,0.1388
249,1246,1495,0.1388
246,1247,1493,0.1388
242,1255,1497,0.1388
248,1246,1494,0.1388
250,1251,1501,0.1388
250,1241,1491,0.1388
251,1247,1498,0.1388
249,1250,1499,0.1388
254,1246,1500,0.1388
253,1253,1506,0.1388
256,1260,1516,0.1388
256,1277,1533,0.1388
253,1277,1530,0.1388
248,1271,1519,0.1388
246,1254,1500,0.1388
242,1253,1495,0.1388
239,1266,1505,0.1388
233,1281,1514,0.1388
241,1287,1528,0.1388
244,1284,1528,0.1388
240,1272,1512,0.1388
243,1262,1505,0.1388
244,1263,1507,0.1388
242,1263,1505,0.1388
241,1258,1499,0.1388
238,1259,1497,0.1388
237,1274,1511,0.1388
238,1282,1520,0.1388
233,1276,1509,0.1388
227,1271,1498,0.1388
229,1274,1503,0.1388
226,1282,1508,0.1388
228,1284,1512,0.1388
231,1284,1515,0.1388
225,1286,1511,0.1388
225,1272,1497,0.1388
221,1276,1497,0.1388
221,1280,1501,0.1388
221,1280,1501,0.1388
224,1288,1512,0.1388
228,1276,1504,0.1388
228,1279,1507,0.1388
226,1273,1499,0.1388
225,1283,1508,0.1388
226,1288,1514,0.1388
226,1287,1513,0.1388
224,1297,1521,0.1388
226,1305,1531,0.1388
226,1292,1518,0.1388
224,1305,1529,0.1388
219,1314,1533,0.1388
217,1310,1527,0.1388
213,1300,1513,0.1388
210,1302,1512,0.1388
207,1313,1520,0.1388
204,1307,1511,0.1388
203,1295,1498,0.1388
198,1300,1498,0.1388
205,1303,1508,0.1388
205,1306,1511,0.1388
207,1310,1517,0.1388
212,1297,1509,0.1388
212,1306,1518,0.1388
211,1313,1524,0.1388
209,1307,1516,0.1388
208,1302,1510,0.1388
204,1301,1505,0.1388
204,1301,1505,0.1388
206,1308,1514,0.1388
208,1320,1528,0.1388
214,1311,1525,0.1388
210,1318,1528,0.1388
208,1314,1522,0.1388
206,1308,1514,0.1388
210,1305,1515,0.1388
210,1310,1520,0.1388
202,1308,1510,0.1388
201,1299,1500,0.1388
198,1304,1502,0.1388
202,1308,1510,0.1388
204,1304,1508,0.1388
204,1310,1514,0.1388
201,1310,1511,0.1388
199,1317,1516,0.1388
200,1314,1514,0.1388
201,1311,1512,0.1388
199,1318,1517,0.1388
202,1321,1523,0.1388
198,1311,1509,0.1388
199,1306,1505,0.1388
196,1307,1503,0.1388
192,1301,1493,0.1388
191,1304,1495,0.1388
190,1317,1507,0.1388
188,1334,1522,0.1388
183,1338,1521,0.1388
182,1333,1515,0.1388
180,1335,1515,0.1388
182,1338,1520,0.1388
181,1335,1516,0.1388
182,1337,1519,0.1388
183,1335,1518,0.1388
187,1333,1520,0.1388
184,1318,1502,0.1388
183,1328,1511,0.1388
181,1326,1507,0.1388
183,1323,1506,0.1388
180,1308,1488,0.1388
178,1323,1501,0.1388
179,1323,1502,0.1388
181,1324,1505,0.1388
179,1327,1506,0.1388
180,1325,1505,0.1388
178,1336,1514,0.1388
180,1339,1519,0.1388
181,1340,1521,0.1388
180,1342,1522,0.1388
179,1343,1522,0.1388
183,1337,1520,0.1388
184,1332,1516,0.1388
184,1335,1519,0.1388
180,1339,1519,0.1388
179,1337,1516,0.1388
184,1328,1512,0.1388
183,1331,1514,0.1388
179,1332,1511,0.1388
183,1336,1519,0.1388
183,1329,1512,0.1388
183,1329,1512,0.1388
184,1324,1508,0.1388
184,1316,1500,0.1388
176,1328,1504,0.1388
177,1327,1504,0.1388
181,1339,1520,0.1388
179,1334,1513,0.1388
176,1339,1515,0.1388
176,1338,1514,0.1388
170,1342,1512,0.1388
173,1343,1516,0.1388
174,1339,1513,0.1388
176,1334,1510,0.1388
175,1327,1502,0.1388
171,1331,1502,0.1388
169,1335,1504,0.1388
167,1348,1515,0.1388
167,1365,1532,0.1388
161,1363,1524,0.1388
160,1362,1522,0.1388
158,1352,1510,0.1388
153,1359,1512,0.1388
158,1350,1508,0.1388
161,1353,1514,0.1388
160,1350,1510,0.1388
160,1347,1507,0.1388
158,1350,1508,0.1388
154,1352,1506,0.1388
152,1357,1509,0.1388
153,1356,1509,0.1388
159,1363,1522,0.1388
159,1359,1518,0.1388
159,1375,1534,0.1388
159,1370,1529,0.1388
155,1364,1519,0.1388
151,1364,1515,0.1388
148,1356,1504,0.1388
144,1367,1511,0.1388
146,1370,1516,0.1388
148,1374,1522,0.1388
145,1387,1532,0.1388
144,1379,1523,0.1388
149,1374,1523,0.1388
149,1376,1525,0.1388
149,1376,1525,0.1388
150,1370,1520,0.1388
151,1358,1509,0.1388
150,1374,1524,0.1388
148,1377,1525,0.1388
142,1365,1507,0.1388
142,1367,1509,0.1388
141,1376,1517,0.1388
142,1379,1521,0.1388
141,1385,1526,0.1388
142,1366,1508,0.1388
140,1370,1510,0.1388
142,1368,1510,0.1388
141,1364,1505,0.1388
141,1366,1507,0.1388
141,1381,1522,0.1388
141,1381,1522,0.1388
144,1368,1512,0.1388
143,1368,1511,0.1388
144,1367,1511,0.1388
141,1378,1519,0.1388
139,1372,1511,0.1388
141,1384,1525,0.1388
145,1383,1528,0.1388
144,1372,1516,0.1388
139,1394,1533,0.1388
139,1389,1528,0.1388
139,1387,1526,0.1388
135,1377,1512,0.1388
134,1367,1501,0.1388
131,1372,1503,0.1388
129,1372,1501,0.1388
126,1367,1493,0.1388
127,1378,1505,0.1388
129,1384,1513,0.1388
130,1378,1508,0.1388
128,1380,1508,0.1388
125,1393,1518,0.1388
128,1396,1524,0.1388
127,1388,1515,0.1388
123,1383,1506,0.1388
124,1370,1494,0.1388
129,1364,1493,0.1388
127,1388,1515,0.1388
125,1387,1512,0.1388
124,1396,1520,0.1388
126,1403,1529,0.1388
126,1399,1525,0.1388
124,1388,1512,0.1388
124,1393,1517,0.1388
125,1389,1514,0.1388
125,1380,1505,0.1388
126,1398,1524,0.1388
124,1391,1515,0.1388
122,1401,1523,0.1388
121,1404,1525,0.1388
120,1394,1514,0.1388
121,1392,1513,0.1388
121,1401,1522,0.1388
122,1398,1520,0.1388
123,1393,1516,0.1388
116,1389,1505,0.1388
118,1387,1505,0.1388
124,1390,1514,0.1388
121,1398,1519,0.1388
123,1392,1515,0.1388
127,1380,1507,0.1388
126,1390,1516,0.1388
126,1395,1521,0.1388
128,1382,1510,0.1388
125,1385,1510,0.1388
130,1368,1498,0.1388
127,1369,1496,0.1388
126,1376,1502,0.1388
125,1388,1513,0.1388
123,1393,1516,0.1388
121,1391,1512,0.1388
124,1384,1508,0.1388
120,1388,1508,0.1388
119,1393,1512,0.1388
116,1394,1510,0.1388
113,1399,1512,0.1388
108,1403,1511,0.1388
106,1408,1514,0.1388
104,1407,1511,0.1388
100,1408,1508,0.1388
98,1415,1513,0.1388
98,1418,1516,0.1388
94,1411,1505,0.1388
92,1412,1504,0.1388
93,1426,1519,0.1388
95,1417,1512,0.1388
91,1402,1493,0.1388
89,1425,1514,0.1388
91,1414,1505,0.1388
90,1411,1501,0.1388
87,1406,1493,0.1388
93,1412,1505,0.1388
92,1429,1521,0.1388
92,1435,1527,0.1388
92,1430,1522,0.1388
90,1428,1518,0.1388
90,1441,1531,0.1388
91,1428,1519,0.1388
89,1432,1521,0.1388
91,1424,1515,0.1388
93,1428,1521,0.1388
91,1424,1515,0.1388
90,1428,1518,0.1388
87,1429,1516,0.1388
83,1420,1503,0.1388
82,1420,1502,0.1388
83,1431,1514,0.1388
83,1438,1521,0.1388
83,1436,1519,0.1388
84,1445,1529,0.1388
84,1437,1521,0.1388
82,1436,1518,0.1388
81,1440,1521,0.1388
81,1440,1521,0.1388
80,1439,1519,0.1388
78,1439,1517,0.1388
79,1434,1513,0.1388
78,1421,1499,0.1388
79,1430,1509,0.1388
81,1445,1526,0.1388
79,1458,1537,0.1388
76,1461,1537,0.1388
76,1450,1526,0.1388
77,1444,1521,0.1388
77,1446,1523,0.1388
77,1440,1517,0.1388
78,1426,1504,0.1388
85,1423,1508,0.1388
87,1427,1514,0.1388
83,1433,1516,0.1388
87,1432,1519,0.1388
83,1443,1526,0.1388
86,1441,1527,0.1388
88,1439,1527,0.1388
88,1435,1523,0.1388
89,1434,1523,0.1388
86,1433,1519,0.1388
88,1429,1517,0.1388
89,1428,1517,0.1388
90,1425,1515,0.1388
86,1421,1507,0.1388
88,1421,1509,0.1388
87,1426,1513,0.1388
87,1435,1522,0.1388
87,1431,1518,0.1388
83,1422,1505,0.1388
86,1421,1507,0.1388
83,1419,1502,0.1388
83,1427,1510,0.1388
79,1440,1519,0.1388
83,1432,1515,0.1388
81,1434,1515,0.1388
79,1439,1518,0.1388
79,1439,1518,0.1388
79,1437,1516,0.1388
80,1436,1516,0.1388
81,1432,1513,0.1388
78,1428,1506,0.1388
78,1418,1496,0.1388
78,1425,1503,0.1388
78,1428,1506,0.1388
82,1436,1518,0.1388
82,1436,1518,0.1388
86,1426,1512,0.1388
84,1428,1512,0.1388
80,1424,1504,0.1388
79,1432,1511,0.1388
80,1429,1509,0.1388
79,1436,1515,0.1388
79,1420,1499,0.1388
79,1424,1503,0.1388
81,1436,1517,0.1388
80,1448,1528,0.1388
77,1441,1518,0.1388
75,1446,1521,0.1388
76,1442,1518,0.1388
78,1439,1517,0.1388
76,1432,1508,0.1388
75,1440,1515,0.1388
74,1451,1525,0.1388
75,1448,1523,0.1388
75,1449,1524,0.1388
75,1448,1523,0.1388
74,1454,1528,0.1388
73,1450,1523,0.1388
72,1443,1515,0.1388
70,1442,1512,0.1388
70,1443,1513,0.1388
69,1446,1515,0.1388
70,1450,1520,0.1388
70,1446,1516,0.1388
70,1442,1512,0.1388
72,1436,1508,0.1388
70,1435,1505,0.1388
70,1456,1526,0.1388
69,1451,1520,0.1388
65,1441,1506,0.1388
67,1447,1514,0.1388
64,1472,1536,0.1388
66,1470,1536,0.1388
68,1465,1533,0.1388
68,1464,1532,0.1388
66,1467,1533,0.1388
64,1457,1521,0.1388
65,1470,1535,0.1388
68,1461,1529,0.1388
68,1462,1530,0.1388
65,1457,1522,0.1388
66,1457,1523,0.1388
67,1447,1514,0.1388
67,1451,1518,0.1388
68,1447,1515,0.1388
67,1441,1508,0.1388
66,1455,1521,0.1388
66,1466,1532,0.1388
65,1463,1528,0.1388
63,1458,1521,0.1388
63,1453,1516,0.1388
65,1443,1508,0.1388
64,1445,1509,0.1388
62,1454,1516,0.1388
62,1461,1523,0.1388
59,1463,1522,0.1388
58,1458,1516,0.1388
60,1467,1527,0.1388
62,1464,1526,0.1388
62,1461,1523,0.1388
62,1457,1519,0.1388
61,1462,1523,0.1388
60,1458,1518,0.1388
59,1455,1514,0.1388
57,1452,1509,0.1388
57,1455,1512,0.1388
58,1461,1519,0.1388
60,1462,1522,0.1388
59,1466,1525,0.1388
60,1452,1512,0.1388
58,1450,1508,0.1388
59,1460,1519,0.1388
59,1452,1511,0.1388
57,1458,1515,0.1388
59,1455,1514,0.1388
59,1462,1521,0.1388
58,1463,1521,0.1388
58,1468,1526,0.1388
59,1457,1516,0.1388
59,1454,1513,0.1388
59,1461,1520,0.1388
58,1458,1516,0.1388
56,1462,1518,0.1388
54,1464,1518,0.1388
52,1457,1509,0.1388
51,1466,1517,0.1388
52,1480,1532,0.1388
54,1471,1525,0.1388
57,1477,1534,0.1388
54,1477,1531,0.1388
54,1477,1531,0.1388
54,1489,1543,0.1388
53,1474,1527,0.1388
53,1470,1523,0.1388
54,1476,1530,0.1388
53,1472,1525,0.1388
53,1466,1519,0.1388
53,1463,1516,0.1388
53,1442,1495,0.1388
54,1450,1504,0.1388
54,1454,1508,0.1388
54,1464,1518,0.1388
53,1472,1525,0.1388
53,1474,1527,0.1388
53,1474,1527,0.1388
55,1459,1514,0.1388
54,1455,1509,0.1388
54,1450,1504,0.1388
56,1457,1513,0.1388
57,1451,1508,0.1388
57,1460,1517,0.1388
58,1470,1528,0.1388
58,1472,1530,0.1388
57,1489,1546,0.1388
58,1477,1535,0.1388
57,1465,1522,0.1388
55,1464,1519,0.1388
54,1466,1520,0.1388
53,1468,1521,0.1388
54,1475,1529,0.1388
52,1475,1527,0.1388
51,1468,1519,0.1388
52,1477,1529,0.1388
49,1475,1524,0.1388
51,1483,1534,0.1388
47,1476,1523,0.1388
49,1474,1523,0.1388
49,1475,1524,0.1388
49,1474,1523,0.1388
51,1452,1503,0.1388
50,1468,1518,0.1388
50,1474,1524,0.1388
49,1465,1514,0.1388
49,1471,1520,0.1388
50,1463,1513,0.1388
49,1449,1498,0.1388
47,1448,1495,0.1388
48,1448,1496,0.1388
47,1438,1485,0.1388
46,1437,1483,0.1388
46,1444,1490,0.1388
46,1448,1494,0.1388
47,1459,1506,0.1388
48,1458,1506,0.1388
48,1457,1505,0.1388
44,1465,1509,0.1388
44,1470,1514,0.1388
43,1462,1505,0.1388
43,1467,1510,0.1388
42,1476,1518,0.1388
45,1477,1522,0.1388
43,1466,1509,0.1388
44,1456,1500,0.1388
45,1477,1522,0.1388
44,1469,1513,0.1388
44,1464,1508,0.1388
43,1456,1499,0.1388
42,1458,1500,0.1388
44,1465,1509,0.1388
42,1474,1516,0.1388
42,1481,1523,0.1388
41,1471,1512,0.1388
42,1473,1515,0.1388
42,1474,1516,0.1388
39,1470,1509,0.1388
41,1477,1518,0.1388
42,1474,1516,0.1388
41,1478,1519,0.1388
40,1475,1515,0.1388
40,1497,1537,0.1388
40,1489,1529,0.1388
39,1480,1519,0.1388
36,1490,1526,0.1388
35,1493,1528,0.1388
36,1484,1520,0.1388
36,1485,1521,0.1388
37,1483,1520,0.1388
37,1475,1512,0.1388
37,1484,1521,0.1388
36,1475,1511,0.1388
34,1478,1512,0.1388
34,1488,1522,0.1388
37,1488,1525,0.1388
37,1482,1519,0.1388
37,1476,1513,0.1388
38,1484,1522,0.1388
36,1474,1510,0.1388
37,1482,1519,0.1388
37,1489,1526,0.1388
37,1475,1512,0.1388
37,1471,1508,0.1388
36,1473,1509,0.1388
36,1478,1514,0.1388
36,1475,1511,0.1388
36,1476,1512,0.1388
35,1477,1512,0.1388
35,1464,1499,0.1388
35,1477,1512,0.1388
34,1480,1514,0.1388
35,1480,1515,0.1388
35,1488,1523,0.1388
35,1492,1527,0.1388
34,1490,1524,0.1388
34,1477,1511,0.1388
33,1463,1496,0.1388
32,1469,1501,0.1388
34,1474,1508,0.1388
33,1474,1507,0.1388
31,1502,1533,0.1388
33,1483,1516,0.1388
32,1469,1501,0.1388
32,1474,1506,0.1388
31,1477,1508,0.1388
31,1485,1516,0.1388
32,1492,1524,0.1388
31,1494,1525,0.1388
30,1488,1518,0.1388
29,1483,1512,0.1388
26,1493,1519,0.1388
26,1492,1518,0.1388
27,1486,1513,0.1388
27,1488,1515,0.1388
26,1509,1535,0.1388
26,1512,1538,0.1388
24,1500,1524,0.1388
25,1497,1522,0.1388
26,1504,1530,0.1388
26,1498,1524,0.1388
26,1489,1515,0.1388
24,1482,1506,0.1388
23,1497,1520,0.1388
22,1495,1517,0.1388
23,1479,1502,0.1388
23,1478,1501,0.1388
24,1491,1515,0.1388
23,1501,1524,0.1388
26,1486,1512,0.1388
25,1487,1512,0.1388
25,1483,1508,0.1388
25,1479,1504,0.1388
24,1483,1507,0.1388
23,1493,1516,0.1388
24,1504,1528,0.1388
24,1496,1520,0.1388
25,1498,1523,0.1388
25,1498,1523,0.1388
25,1495,1520,0.1388
25,1491,1516,0.1388
24,1478,1502,0.1388
24,1490,1514,0.1388
24,1496,1520,0.1388
26,1500,1526,0.1388
26,1494,1520,0.1388
26,1495,1521,0.1388
26,1493,1519,0.1388
27,1505,1532,0.1388
27,1497,1524,0.1388
26,1492,1518,0.1388
27,1484,1511,0.1388
27,1489,1516,0.1388
29,1493,1522,0.1388
29,1497,1526,0.1388
28,1496,1524,0.1388
28,1487,1515,0.1388
27,1487,1514,0.1388
27,1487,1514,0.1388
29,1474,1503,0.1388
30,1487,1517,0.1388
30,1500,1530,0.1388
29,1492,1521,0.1388
28,1500,1528,0.1388
28,1498,1526,0.1388
28,1505,1533,0.1388
27,1494,1521,0.1388
24,1492,1516,0.1388
24,1477,1501,0.1388
24,1480,1504,0.1388
23,1477,1500,0.1388
22,1485,1507,0.1388
22,1486,1508,0.1388
20,1481,1501,0.1388
19,1469,1488,0.1388
22,1486,1508,0.1388
22,1489,1511,0.1388
21,1485,1506,0.1388
21,1498,1519,0.1388
21,1487,1508,0.1388
21,1490,1511,0.1388
21,1501,1522,0.1388
20,1499,1519,0.1388
19,1487,1506,0.1388
18,1498,1516,0.1388
19,1501,1520,0.1388
18,1504,1522,0.1388
19,1494,1513,0.1388
19,1492,1511,0.1388
20,1502,1522,0.1388
20,1478,1498,0.1388
19,1477,1496,0.1388
19,1474,1493,0.1388
19,1479,1498,0.1388
19,1484,1503,0.1388
18,1492,1510,0.1388
17,1494,1511,0.1388
17,1503,1520,0.1388
17,1505,1522,0.1388
16,1497,1513,0.1388
17,1493,1510,0.1388
16,1489,1505,0.1388
17,1490,1507,0.1388
16,1487,1503,0.1388
16,1487,1503,0.1388
17,1489,1506,0.1388
18,1480,1498,0.1388
18,1490,1508,0.1388
18,1492,1510,0.1388
18,1493,1511,0.1388
18,1492,1510,0.1388
17,1498,1515,0.1388
16,1498,1514,0.1388
15,1494,1509,0.1388
14,1497,1511,0.1388
13,1498,1511,0.1388
14,1495,1509,0.1388
14,1509,1523,0.1388
15,1516,1531,0.1388
14,1513,1527,0.1388
13,1517,1530,0.1388
11,1508,1519,0.1388
11,1498,1509,0.1388
11,1484,1495,0.1388
11,1503,1514,0.1388
9,1506,1515,0.1388
10,1514,1524,0.1388
10,1522,1532,0.1388
10,1511,1521,0.1388
10,1500,1510,0.1388
12,1504,1516,0.1388
12,1498,1510,0.1388
11,1497,1508,0.1388
9,1508,1517,0.1388
12,1511,1523,0.1388
12,1516,1528,0.1388
12,1501,1513,0.1388
11,1499,1510,0.1388
11,1486,1497,0.1388
11,1494,1505,0.1388
11,1508,1519,0.1388
11,1497,1508,0.1388
12,1500,1512,0.1388
11,1522,1533,0.1388
12,1512,1524,0.1388
12,1522,1534,0.1388
12,1504,1516,0.1388
11,1505,1516,0.1388
10,1513,1523,0.1388
10,1509,1519,0.1388
11,1496,1507,0.1388
11,1494,1505,0.1388
11,1498,1509,0.1388
11,1508,1519,0.1388
9,1505,1514,0.1388
11,1513,1524,0.1388
11,1504,1515,0.1388
10,1498,1508,0.1388
10,1489,1499,0.1388
10,1499,1509,0.1388
10,1508,1518,0.1388
10,1497,1507,0.1388
10,1510,1520,0.1388
10,1514,1524,0.1388
10,1507,1517,0.1388
10,1497,1507,0.1388
11,1510,1521,0.1388
9,1498,1507,0.1388
9,1494,1503,0.1388
9,1512,1521,0.1388
9,1504,1513,0.1388
10,1504,1514,0.1388
10,1500,1510,0.1388
10,1490,1500,0.1388
10,1487,1497,0.1388
10,1510,1520,0.1388
10,1500,1510,0.1388
9,1498,1507,0.1388
9,1501,1510,0.1388
9,1507,1516,0.1388
9,1502,1511,0.1388
9,1511,1520,0.1388
9,1515,1524,0.1388
9,1517,1526,0.1388
9,1512,1521,0.1388
9,1519,1528,0.1388
9,1523,1532,0.1388
9,1515,1524,0.1388
9,1520,1529,0.1388
9,1518,1527,0.1388
9,1527,1536,0.1388
9,1520,1529,0.1388
9,1514,1523,0.1388
9,1501,1510,0.1388
10,1501,1511,0.1388
9,1518,1527,0.1388
9,1517,1526,0.1388
9,1520,1529,0.1388
8,1509,1517,0.1388
8,1527,1535,0.1388
8,1512,1520,0.1388
8,1508,1516,0.1388
8,1522,1530,0.1388
8,1530,1538,0.1388
6,1524,1530,0.1388
7,1517,1524,0.1388
7,1507,1514,0.1388
7,1512,1519,0.1388
7,1505,1512,0.1388
7,1512,1519,0.1388
7,1519,1526,0.1388
7,1516,1523,0.1388
7,1518,1525,0.1388
7,1513,1520,0.1388
6,1518,1524,0.1388
7,1511,1518,0.1388
7,1501,1508,0.1388
7,1499,1506,0.1388
7,1508,1515,0.1388
6,1514,1520,0.1388
5,1499,1504,0.1388
6,1510,1516,0.1388
6,1526,1532,0.1388
6,1524,1530,0.1388
6,1526,1532,0.1388
6,1517,1523,0.1388
7,1513,1520,0.1388
7,1506,1513,0.1388
7,1506,1513,0.1388
6,1500,1506,0.1388
6,1506,1512,0.1388
6,1504,1510,0.1388
6,1511,1517,0.1388
7,1512,1519,0.1388
7,1518,1525,0.1388
8,1517,1525,0.1388
8,1513,1521,0.1388
9,1515,1524,0.1388
9,1512,1521,0.1388
8,1518,1526,0.1388
8,1514,1522,0.1388
8,1515,1523,0.1388
8,1521,1529,0.1388
8,1509,1517,0.1388
7,1505,1512,0.1388
7,1511,1518,0.1388
7,1515,1522,0.1388
8,1521,1529,0.1388
8,1522,1530,0.1388
8,1513,1521,0.1388
7,1515,1522,0.1388
8,1511,1519,0.1388
7,1506,1513,0.1388
7,1517,1524,0.1388
7,1523,1530,0.1388
7,1522,1529,0.1388
6,1512,1518,0.1388
6,1517,1523,0.1388
6,1505,1511,0.1388
7,1514,1521,0.1388
6,1502,1508,0.1388
6,1512,1518,0.1388
6,1513,1519,0.1388
6,1503,1509,0.1388
6,1505,1511,0.1388
7,1498,1505,0.1388
7,1508,1515,0.1388
7,1529,1536,0.1388
7,1529,1536,0.1388
7,1526,1533,0.1388
7,1519,1526,0.1388
7,1516,1523,0.1388
7,1527,1534,0.1388
8,1509,1517,0.1388
8,1515,1523,0.1388
8,1514,1522,0.1388
8,1510,1518,0.1388
8,1500,1508,0.1388
8,1500,1508,0.1388
8,1507,1515,0.1388
9,1519,1528,0.1388
9,1516,1525,0.1388
9,1515,1524,0.1388
9,1510,1519,0.1388
7,1498,1505,0.1388
6,1503,1509,0.1388
6,1502,1508,0.1388
8,1504,1512,0.1388
8,1498,1506,0.1388
7,1504,1511,0.1388
9,1508,1517,0.1388
9,1515,1524,0.1388
9,1493,1502,0.1388
9,1506,1515,0.1388
9,1506,1515,0.1388
7,1499,1506,0.1388
8,1500,1508,0.1388
8,1506,1514,0.1388
8,1521,1529,0.1388
7,1531,1538,0.1388
8,1517,1525,0.1388
9,1507,1516,0.1388
9,1504,1513,0.1388
8,1506,1514,0.1388
8,1519,1527,0.1388
8,1515,1523,0.1388
8,1522,1530,0.1388
8,1518,1526,0.1388
9,1520,1529,0.1388
9,1527,1536,0.1388
8,1528,1536,0.1388
8,1517,1525,0.1388
8,1510,1518,0.1388
8,1515,1523,0.1388
9,1501,1510,0.1388
9,1499,1508,0.1388
8,1494,1502,0.1388
8,1503,1511,0.1388
8,1498,1506,0.1388
8,1514,1522,0.1388
8,1505,1513,0.1388
7,1505,1512,0.1388
7,1496,1503,0.1388
7,1499,1506,0.1388
7,1486,1493,0.1388
7,1480,1487,0.1388
7,1491,1498,0.1388
7,1506,1513,0.1388
8,1509,1517,0.1388
9,1510,1519,0.1388
9,1508,1517,0.1388
8,1510,1518,0.1388
9,1518,1527,0.1388
9,1519,1528,0.1388
9,1513,1522,0.1388
9,1525,1534,0.1388
9,1527,1536,0.1388
8,1527,1535,0.1388
8,1529,1537,0.1388
7,1515,1522,0.1388
7,1502,1509,0.1388
7,1512,1519,0.1388
7,1522,1529,0.1388
7,1516,1523,0.1388
7,1509,1516,0.1388
7,1503,1510,0.1388
7,1501,1508,0.1388
7,1501,1508,0.1388
6,1508,1514,0.1388
6,1514,1520,0.1388
5,1517,1522,0.1388
5,1512,1517,0.1388
5,1509,1514,0.1388
5,1512,1517,0.1388
5,1506,1511,0.1388
5,1509,1514,0.1388
5,1516,1521,0.1388
5,1497,1502,0.1388
6,1499,1505,0.1388
6,1510,1516,0.1388
6,1496,1502,0.1388
6,1508,1514,0.1388
5,1496,1501,0.1388
5,1494,1499,0.1388
5,1497,1502,0.1388
5,1510,1515,0.1388
6,1503,1509,0.1388
6,1515,1521,0.1388
6,1510,1516,0.1388
6,1495,1501,0.1388
6,1497,1503,0.1388
6,1513,1519,0.1388
5,1520,1525,0.1388
4,1513,1517,0.1388
5,1519,1524,0.1388
5,1523,1528,0.1388
4,1517,1521,0.1388
4,1509,1513,0.1388
4,1514,1518,0.1388
5,1516,1521,0.1388
5,1505,1510,0.1388
5,1488,1493,0.1388
5,1496,1501,0.1388
5,1497,1502,0.1388
5,1494,1499,0.1388
5,1503,1508,0.1388
5,1498,1503,0.1388
5,1502,1507,0.1388
5,1520,1525,0.1388
5,1514,1519,0.1388
5,1519,1524,0.1388
5,1507,1512,0.1388
5,1517,1522,0.1388
4,1511,1515,0.1388
3,1510,1513,0.1388
3,1504,1507,0.1388
3,1507,1510,0.1388
4,1523,1527,0.1388
5,1518,1523,0.1388
5,1518,1523,0.1388
5,1505,1510,0.1388
5,1510,1515,0.1388
5,1525,1530,0.1388
5,1525,1530,0.1388
5,1528,1533,0.1388
5,1523,1528,0.1388
5,1516,1521,0.1388
4,1512,1516,0.1388
5,1508,1513,0.1388
4,1510,1514,0.1388
5,1514,1519,0.1388
5,1519,1524,0.1388
5,1529,1534,0.1388
5,1532,1537,0.1388
5,1531,1536,0.1388
5,1529,1534,0.1388
5,1526,1531,0.1388
5,1526,1531,0.1388
5,1520,1525,0.1388
5,1525,1530,0.1388
5,1521,1526,0.1388
5,1511,1516,0.1388
5,1507,1512,0.1388
5,1504,1509,0.1388
5,1495,1500,0.1388
6,1497,1503,0.1388
6,1503,1509,0.1388
6,1507,1513,0.1388
6,1517,1523,0.1388
6,1516,1522,0.1388
6,1526,1532,0.1388
7,1519,1526,0.1388
6,1514,1520,0.1388
5,1507,1512,0.1388
5,1512,1517,0.1388
5,1514,1519,0.1388
5,1513,1518,0.1388
5,1512,1517,0.1388
5,1518,1523,0.1388
5,1522,1527,0.1388
5,1529,1534,0.1388
5,1519,1524,0.1388
5,1515,1520,0.1388
5,1500,1505,0.1388
5,1498,1503,0.1388
5,1497,1502,0.1388
5,1500,1505,0.1388
4,1513,1517,0.1388
5,1508,1513,0.1388
4,1519,1523,0.1388
5,1515,1520,0.1388
5,1526,1531,0.1388
5,1519,1524,0.1388
5,1519,1524,0.1388
5,1520,1525,0.1388
5,1508,1513,0.1388
5,1506,1511,0.1388
5,1516,1521,0.1388
5,1509,1514,0.1388
5,1505,1510,0.1388
5,1493,1498,0.1388
6,1505,1511,0.1388
5,1497,1502,0.1388
5,1497,1502,0.1388
5,1509,1514,0.1388
5,1513,1518,0.1388
6,1519,1525,0.1388
6,1523,1529,0.1388
6,1520,1526,0.1388
7,1525,1532,0.1388
6,1514,1520,0.1388
6,1515,1521,0.1388
6,1508,1514,0.1388
7,1528,1535,0.1388
7,1521,1528,0.1388
7,1510,1517,0.1388
7,1509,1516,0.1388
7,1516,1523,0.1388
7,1508,1515,0.1388
7,1513,1520,0.1388
7,1511,1518,0.1388
7,1512,1519,0.1388
7,1505,1512,0.1388
7,1512,1519,0.1388
7,1498,1505,0.1388
7,1508,1515,0.1388
7,1494,1501,0.1388
7,1503,1510,0.1388
7,1503,1510,0.1388
6,1507,1513,0.1388
6,1515,1521,0.1388
7,1518,1525,0.1388
7,1514,1521,0.1388
7,1515,1522,0.1388
7,1516,1523,0.1388
7,1509,1516,0.1388
7,1524,1531,0.1388
7,1514,1521,0.1388
7,1503,1510,0.1388
6,1495,1501,0.1388
7,1499,1506,0.1388
8,1508,1516,0.1388
7,1498,1505,0.1388
7,1495,1502,0.1388
6,1493,1499,0.1388
6,1494,1500,0.1388
6,1503,1509,0.1388
7,1496,1503,0.1388
5,1500,1505,0.1388
5,1510,1515,0.1388
5,1498,1503,0.1388
6,1499,1505,0.1388
6,1508,1514,0.1388
6,1514,1520,0.1388
5,1516,1521,0.1388
6,1503,1509,0.1388
6,1509,1515,0.1388
6,1518,1524,0.1388
6,1516,1522,0.1388
6,1510,1516,0.1388
5,1511,1516,0.1388
5,1529,1534,0.1388
5,1520,1525,0.1388
7,1506,1513,0.1388
7,1510,1517,0.1388
8,1510,1518,0.1388
8,1515,1523,0.1388
8,1498,1506,0.1388
8,1496,1504,0.1388
8,1515,1523,0.1388
8,1516,1524,0.1388
8,1518,1526,0.1388
8,1505,1513,0.1388
7,1502,1509,0.1388
7,1519,1526,0.1388
7,1518,1525,0.1388
7,1516,1523,0.1388
7,1519,1526,0.1388
7,1523,1530,0.1388
7,1518,1525,0.1388
7,1518,1525,0.1388
7,1523,1530,0.1388
7,1525,1532,0.1388
7,1521,1528,0.1388
7,1517,1524,0.1388
7,1501,1508,0.1388
7,1498,1505,0.1388
7,1520,1527,0.1388
7,1518,1525,0.1388
5,1512,1517,0.1388
5,1520,1525,0.1388
5,1517,1522,0.1388
5,1518,1523,0.1388
5,1502,1507,0.1388
5,1502,1507,0.1388
5,1511,1516,0.1388
5,1513,1518,0.1388
5,1517,1522,0.1388
5,1507,1512,0.1388
5,1500,1505,0.1388
5,1510,1515,0.1388
6,1507,1513,0.1388
6,1505,1511,0.1388
5,1513,1518,0.1388
6,1511,1517,0.1388
6,1508,1514,0.1388
6,1510,1516,0.1388
6,1518,1524,0.1388
5,1504,1509,0.1388
5,1502,1507,0.1388
5,1503,1508,0.1388
5,1514,1519,0.1388
5,1514,1519,0.1388
5,1511,1516,0.1388
6,1513,1519,0.1388
7,1508,1515,0.1388
7,1518,1525,0.1388
7,1511,1518,0.1388
7,1514,1521,0.1388
7,1512,1519,0.1388
7,1510,1517,0.1388
7,1518,1525,0.1388
7,1511,1518,0.1388
7,1512,1519,0.1388
7,1517,1524,0.1388
7,1508,1515,0.1388
7,1518,1525,0.1388
7,1517,1524,0.1388
7,1518,1525,0.1388
6,1522,1528,0.1388
6,1520,1526,0.1388
6,1510,1516,0.1388
6,1509,1515,0.1388
6,1521,1527,0.1388
6,1500,1506,0.1388
6,1498,1504,0.1388
6,1490,1496,0.1388
7,1490,1497,0.1388
7,1493,1500,0.1388
7,1516,1523,0.1388
5,1521,1526,0.1388
5,1523,1528,0.1388
5,1526,1531,0.1388
5,1528,1533,0.1388
5,1524,1529,0.1388
5,1520,1525,0.1388
5,1515,1520,0.1388
4,1516,1520,0.1388
4,1515,1519,0.1388
5,1521,1526,0.1388
5,1527,1532,0.1388
5,1529,1534,0.1388
5,1518,1523,0.1388
5,1522,1527,0.1388
5,1507,1512,0.1388
5,1500,1505,0.1388
4,1488,1492,0.1388
4,1482,1486,0.1388
5,1487,1492,0.1388
5,1500,1505,0.1388
3,1501,1504,0.1388
4,1490,1494,0.1388
4,1497,1501,0.1388
4,1496,1500,0.1388
4,1512,1516,0.1388
4,1516,1520,0.1388
4,1510,1514,0.1388
4,1513,1517,0.1388
4,1516,1520,0.1388
4,1519,1523,0.1388
4,1503,1507,0.1388
4,1499,1503,0.1388
4,1501,1505,0.1388
4,1512,1516,0.1388
4,1510,1514,0.1388
4,1493,1497,0.1388
4,1499,1503,0.1388
5,1502,1507,0.1388
6,1515,1521,0.1388
6,1514,1520,0.1388
7,1510,1517,0.1388
7,1507,1514,0.1388
6,1500,1506,0.1388
5,1500,1505,0.1388
5,1499,1504,0.1388
5,1504,1509,0.1388
4,1516,1520,0.1388
4,1523,1527,0.1388
4,1522,1526,0.1388
4,1521,1525,0.1388
4,1530,1534,0.1388
4,1534,1538,0.1388
3,1528,1531,0.1388
3,1519,1522,0.1388
3,1509,1512,0.1388
3,1505,1508,0.1388
3,1518,1521,0.1388
3,1511,1514,0.1388
3,1501,1504,0.1388
3,1496,1499,0.1388
3,1503,1506,0.1388
3,1503,1506,0.1388
3,1511,1514,0.1388
3,1520,1523,0.1388
3,1515,1518,0.1388
3,1529,1532,0.1388
3,1520,1523,0.1388
3,1522,1525,0.1388
3,1537,1540,0.1388
4,1515,1519,0.1388
4,1514,1518,0.1388
4,1525,1529,0.1388
4,1519,1523,0.1388
4,1515,1519,0.1388
4,1518,1522,0.1388
4,1508,1512,0.1388
4,1489,1493,0.1388
5,1481,1486,0.1388
5,1494,1499,0.1388
5,1497,1502,0.1388
6,1489,1495,0.1388
6,1507,1513,0.1388
6,1518,1524,0.1388
6,1522,1528,0.1388
6,1527,1533,0.1388
6,1523,1529,0.1388
6,1520,1526,0.1388
5,1515,1520,0.1388
4,1511,1515,0.1388
4,1521,1525,0.1388
4,1489,1493,0.1388
4,1504,1508,0.1388
4,1514,1518,0.1388
5,1515,1520,0.1388
5,1505,1510,0.1388
5,1505,1510,0.1388
5,1518,1523,0.1388
5,1512,1517,0.1388
5,1516,1521,0.1388
4,1502,1506,0.1388
4,1504,1508,0.1388
4,1516,1520,0.1388
4,1507,1511,0.1388
4,1527,1531,0.1388
3,1527,1530,0.1388
3,1507,1510,0.1388
3,1503,1506,0.1388
2,1510,1512,0.1388
2,1501,1503,0.1388
2,1501,1503,0.1388
2,1502,1504,0.1388
2,1513,1515,0.1388
2,1518,1520,0.1388
2,1515,1517,0.1388
2,1510,1512,0.1388
2,1501,1503,0.1388
2,1511,1513,0.1388
2,1504,1506,0.1388
2,1508,1510,0.1388
2,1497,1499,0.1388
2,1516,1518,0.1388
2,1521,1523,0.1388
2,1508,1510,0.1388
2,1508,1510,0.1388
2,1519,1521,0.1388
2,1503,1505,0.1388
2,1496,1498,0.1388
2,1507,1509,0.1388
2,1503,1505,0.1388
2,1504,1506,0.1388
2,1509,1511,0.1388
2,1509,1511,0.1388
2,1515,1517,0.1388
2,1512,1514,0.1388
2,1505,1507,0.1388
2,1506,1508,0.1388
2,1512,1514,0.1388
2,1521,1523,0.1388
2,1526,1528,0.1388
2,1520,1522,0.1388
2,1522,1524,0.1388
2,1522,1524,0.1388
2,1514,1516,0.1388
2,1522,1524,0.1388
1,1520,1521,0.1388
1,1522,1523,0.1388
1,1521,1522,0.1388
1,1523,1524,0.1388
1,1523,1524,0.1388
1,1520,1521,0.1388
1,1507,1508,0.1388
1,1502,1503,0.1388
1,1518,1519,0.1388
1,1517,1518,0.1388
1,1514,1515,0.1388
1,1512,1513,0.1388
1,1517,1518,0.1388
1,1526,1527,0.1388
1,1521,1522,0.1388
1,1511,1512,0.1388
1,1513,1514,0.1388
1,1506,1507,0.1388
1,1523,1524,0.1388
1,1522,1523,0.1388
1,1522,1523,0.1388
1,1516,1517,0.1388
1,1520,1521,0.1388
1,1512,1513,0.1388
1,1515,1516,0.1388
1,1510,1511,0.1388
1,1507,1508,0.1388
1,1507,1508,0.1388
1,1506,1507,0.1388
1,1513,1514,0.1388
1,1527,1528,0.1388
1,1530,1531,0.1388
1,1506,1507,0.1388
1,1516,1517,0.1388
1,1520,1521,0.1388
1,1517,1518,0.1388
1,1516,1517,0.1388
1,1523,1524,0.1388
0,1528,1528,0.1388
