1363,26,1389,0.1388
1400,25,1425,0.1388
1429,27,1456,0.1388
1453,25,1478,0.1388
1469,26,1495,0.1388
1472,26,1498,0.1388
1465,26,1491,0.1388
1472,26,1498,0.1388
1465,27,1492,0.1388
1468,27,1495,0.1388
1459,27,1486,0.1388
1452,29,1481,0.1388
1457,29,1486,0.1388
1469,30,1499,0.1388
1466,29,1495,0.1388
1473,27,1500,0.1388
1464,27,1491,0.1388
1459,26,1485,0.1388
1460,27,1487,0.1388
1460,27,1487,0.1388
1460,27,1487,0.1388
1452,26,1478,0.1388
1454,26,1480,0.1388
1472,27,1499,0.1388
1471,29,1500,0.1388
1462,29,1491,0.1388
1461,29,1490,0.1388
1483,28,1511,0.1388
1464,28,1492,0.1388
1463,30,1493,0.1388
1452,30,1482,0.1388
1444,31,1475,0.1388
1460,31,1491,0.1388
1440,33,1473,0.1388
1455,32,1487,0.1388
1448,35,1483,0.1388
1454,35,1489,0.1388
1468,34,1502,0.1388
1465,34,1499,0.1388
1469,33,1502,0.1388
1445,33,1478,0.1388
1450,31,1481,0.1388
1448,31,1479,0.1388
1461,33,1494,0.1388
1462,32,1494,0.1388
1466,34,1500,0.1388
1446,33,1479,0.1388
1452,34,1486,0.1388
1469,31,1500,0.1388
1472,30,1502,0.1388
1474,27,1501,0.1388
1472,30,1502,0.1388
1467,30,1497,0.1388
1452,31,1483,0.1388
1460,30,1490,0.1388
1458,31,1489,0.1388
1465,31,1496,0.1388
1484,31,1515,0.1388
1479,31,1510,0.1388
1477,31,1508,0.1388
1458,31,1489,0.1388
1475,29,1504,0.1388
1471,28,1499,0.1388
1479,27,1506,0.1388
1482,26,1508,0.1388
1485,26,1511,0.1388
1474,28,1502,0.1388
1462,29,1491,0.1388
1458,30,1488,0.1388
1426,32,1458,0.1388
1428,34,1462,0.1388
1425,35,1460,0.1388
1432,35,1467,0.1388
1451,38,1489,0.1388
1460,39,1499,0.1388
1456,39,1495,0.1388
1452,36,1488,0.1388
1453,32,1485,0.1388
1458,31,1489,0.1388
1462,28,1490,0.1388
1463,28,1491,0.1388
1469,27,1496,0.1388
1467,27,1494,0.1388
1472,29,1501,0.1388
1469,29,1498,0.1388
1475,30,1505,0.1388
1463,32,1495,0.1388
1453,30,1483,0.1388
1467,28,1495,0.1388
1461,32,1493,0.1388
1456,28,1484,0.1388
1460,29,1489,0.1388
1460,28,1488,0.1388
1462,29,1491,0.1388
1463,28,1491,0.1388
1457,28,1485,0.1388
1454,28,1482,0.1388
1444,28,1472,0.1388
1469,28,1497,0.1388
1465,30,1495,0.1388
1454,29,1483,0.1388
1466,30,1496,0.1388
1465,30,1495,0.1388
1461,30,1491,0.1388
1459,31,1490,0.1388
1451,30,1481,0.1388
1465,31,1496,0.1388
1462,30,1492,0.1388
1460,31,1491,0.1388
1469,30,1499,0.1388
1474,29,1503,0.1388
1467,29,1496,0.1388
1468,30,1498,0.1388
1476,31,1507,0.1388
1472,31,1503,0.1388
1462,32,1494,0.1388
1461,33,1494,0.1388
1456,33,1489,0.1388
1462,35,1497,0.1388
1457,34,1491,0.1388
1455,34,1489,0.1388
1453,36,1489,0.1388
1466,35,1501,0.1388
1464,33,1497,0.1388
1463,34,1497,0.1388
1473,33,1506,0.1388
1473,34,1507,0.1388
1461,33,1494,0.1388
1458,33,1491,0.1388
1467,33,1500,0.1388
1475,32,1507,0.1388
1467,34,1501,0.1388
1471,34,1505,0.1388
1461,34,1495,0.1388
1468,33,1501,0.1388
1477,33,1510,0.1388
1471,33,1504,0.1388
1463,34,1497,0.1388
1462,34,1496,0.1388
1463,34,1497,0.1388
1460,34,1494,0.1388
1461,36,1497,0.1388
1471,35,1506,0.1388
1471,35,1506,0.1388
1469,36,1505,0.1388
1463,35,1498,0.1388
1449,34,1483,0.1388
1439,35,1474,0.1388
1439,35,1474,0.1388
1450,36,1486,0.1388
1450,35,1485,0.1388
1445,35,1480,0.1388
1445,38,1483,0.1388
1469,37,1506,0.1388
1462,35,1497,0.1388
1467,34,1501,0.1388
1470,34,1504,0.1388
1473,35,1508,0.1388
1462,36,1498,0.1388
1465,36,1501,0.1388
1467,34,1501,0.1388
1472,36,1508,0.1388
1477,37,1514,0.1388
1467,37,1504,0.1388
1468,39,1507,0.1388
1469,40,1509,0.1388
1474,40,1514,0.1388
1465,39,1504,0.1388
1464,36,1500,0.1388
1455,35,1490,0.1388
1467,34,1501,0.1388
1452,34,1486,0.1388
1444,36,1480,0.1388
1452,36,1488,0.1388
1456,36,1492,0.1388
1457,35,1492,0.1388
1451,35,1486,0.1388
1454,34,1488,0.1388
1460,32,1492,0.1388
1446,32,1478,0.1388
1467,32,1499,0.1388
1473,33,1506,0.1388
1471,33,1504,0.1388
1460,33,1493,0.1388
1461,32,1493,0.1388
1460,31,1491,0.1388
1472,33,1505,0.1388
1464,34,1498,0.1388
1465,34,1499,0.1388
1460,33,1493,0.1388
1447,33,1480,0.1388
1452,34,1486,0.1388
1443,33,1476,0.1388
1454,34,1488,0.1388
1450,34,1484,0.1388
1446,33,1479,0.1388
1459,33,1492,0.1388
1480,33,1513,0.1388
1475,33,1508,0.1388
1471,33,1504,0.1388
1467,34,1501,0.1388
1466,37,1503,0.1388
1465,36,1501,0.1388
1463,35,1498,0.1388
1451,33,1484,0.1388
1453,34,1487,0.1388
1439,35,1474,0.1388
1428,33,1461,0.1388
1448,34,1482,0.1388
1444,37,1481,0.1388
1461,40,1501,0.1388
1451,39,1490,0.1388
1460,40,1500,0.1388
1458,41,1499,0.1388
1450,40,1490,0.1388
1456,43,1499,0.1388
1438,43,1481,0.1388
1447,43,1490,0.1388
1456,44,1500,0.1388
1454,45,1499,0.1388
1448,47,1495,0.1388
1442,47,1489,0.1388
1442,46,1488,0.1388
1445,48,1493,0.1388
1435,50,1485,0.1388
1444,51,1495,0.1388
1441,52,1493,0.1388
1456,52,1508,0.1388
1442,51,1493,0.1388
1428,47,1475,0.1388
1421,49,1470,0.1388
1429,51,1480,0.1388
1427,50,1477,0.1388
1441,49,1490,0.1388
1448,49,1497,0.1388
1448,45,1493,0.1388
1436,46,1482,0.1388
1442,47,1489,0.1388
1443,46,1489,0.1388
1439,46,1485,0.1388
1440,47,1487,0.1388
1449,46,1495,0.1388
1452,45,1497,0.1388
1456,45,1501,0.1388
1443,44,1487,0.1388
1450,43,1493,0.1388
1446,43,1489,0.1388
1454,43,1497,0.1388
1473,43,1516,0.1388
1465,43,1508,0.1388
1455,41,1496,0.1388
1460,41,1501,0.1388
1446,38,1484,0.1388
1448,40,1488,0.1388
1473,41,1514,0.1388
1474,44,1518,0.1388
1462,41,1503,0.1388
1469,41,1510,0.1388
1453,41,1494,0.1388
1441,42,1483,0.1388
1432,43,1475,0.1388
1431,46,1477,0.1388
1457,48,1505,0.1388
1451,49,1500,0.1388
1451,50,1501,0.1388
1453,51,1504,0.1388
1441,53,1494,0.1388
1437,57,1494,0.1388
1434,56,1490,0.1388
1434,55,1489,0.1388
1429,56,1485,0.1388
1420,54,1474,0.1388
1433,56,1489,0.1388
1447,57,1504,0.1388
1450,59,1509,0.1388
1454,55,1509,0.1388
1447,58,1505,0.1388
1442,56,1498,0.1388
1437,55,1492,0.1388
1429,57,1486,0.1388
1431,57,1488,0.1388
1441,57,1498,0.1388
1432,57,1489,0.1388
1449,56,1505,0.1388
1458,55,1513,0.1388
1448,55,1503,0.1388
1442,57,1499,0.1388
1433,54,1487,0.1388
1442,53,1495,0.1388
1445,53,1498,0.1388
1447,51,1498,0.1388
1445,52,1497,0.1388
1444,52,1496,0.1388
1437,52,1489,0.1388
1450,51,1501,0.1388
1442,55,1497,0.1388
1446,56,1502,0.1388
1447,55,1502,0.1388
1434,55,1489,0.1388
1433,56,1489,0.1388
1451,55,1506,0.1388
1452,54,1506,0.1388
1443,54,1497,0.1388
1445,51,1496,0.1388
1445,49,1494,0.1388
1446,48,1494,0.1388
1433,49,1482,0.1388
1424,50,1474,0.1388
1435,52,1487,0.1388
1433,52,1485,0.1388
1431,52,1483,0.1388
1429,53,1482,0.1388
1442,52,1494,0.1388
1451,51,1502,0.1388
1458,48,1506,0.1388
1449,47,1496,0.1388
1450,45,1495,0.1388
1446,49,1495,0.1388
1442,48,1490,0.1388
1452,49,1501,0.1388
1451,47,1498,0.1388
1459,47,1506,0.1388
1471,44,1515,0.1388
1456,43,1499,0.1388
1449,42,1491,0.1388
1446,43,1489,0.1388
1440,42,1482,0.1388
1433,43,1476,0.1388
1440,44,1484,0.1388
1459,46,1505,0.1388
1450,45,1495,0.1388
1450,43,1493,0.1388
1441,45,1486,0.1388
1445,46,1491,0.1388
1437,46,1483,0.1388
1437,46,1483,0.1388
1436,45,1481,0.1388
1438,47,1485,0.1388
1447,48,1495,0.1388
1443,47,1490,0.1388
1445,49,1494,0.1388
1438,49,1487,0.1388
1443,48,1491,0.1388
1448,49,1497,0.1388
1446,47,1493,0.1388
1446,47,1493,0.1388
1449,47,1496,0.1388
1453,47,1500,0.1388
1450,44,1494,0.1388
1447,43,1490,0.1388
1446,43,1489,0.1388
1430,46,1476,0.1388
1423,44,1467,0.1388
1430,43,1473,0.1388
1458,43,1501,0.1388
1464,43,1507,0.1388
1462,45,1507,0.1388
1457,44,1501,0.1388
1455,45,1500,0.1388
1446,45,1491,0.1388
1442,45,1487,0.1388
1445,42,1487,0.1388
1452,42,1494,0.1388
1448,42,1490,0.1388
1435,43,1478,0.1388
1448,45,1493,0.1388
1435,43,1478,0.1388
1437,43,1480,0.1388
1439,43,1482,0.1388
1454,42,1496,0.1388
1465,43,1508,0.1388
1466,43,1509,0.1388
1474,44,1518,0.1388
1469,42,1511,0.1388
1449,44,1493,0.1388
1449,41,1490,0.1388
1442,42,1484,0.1388
1451,44,1495,0.1388
1441,42,1483,0.1388
1442,41,1483,0.1388
1451,40,1491,0.1388
1456,40,1496,0.1388
1458,39,1497,0.1388
1464,38,1502,0.1388
1460,38,1498,0.1388
1449,37,1486,0.1388
1458,36,1494,0.1388
1459,37,1496,0.1388
1457,38,1495,0.1388
1460,38,1498,0.1388
1449,37,1486,0.1388
1447,37,1484,0.1388
1445,38,1483,0.1388
1452,38,1490,0.1388
1452,40,1492,0.1388
1456,40,1496,0.1388
1463,41,1504,0.1388
1467,41,1508,0.1388
1458,39,1497,0.1388
1445,40,1485,0.1388
1449,40,1489,0.1388
1450,37,1487,0.1388
1459,36,1495,0.1388
1464,38,1502,0.1388
1466,38,1504,0.1388
1460,37,1497,0.1388
1455,38,1493,0.1388
1456,40,1496,0.1388
1461,41,1502,0.1388
1454,42,1496,0.1388
1461,41,1502,0.1388
1459,42,1501,0.1388
1453,40,1493,0.1388
1456,40,1496,0.1388
1437,41,1478,0.1388
1439,41,1480,0.1388
1438,41,1479,0.1388
1439,40,1479,0.1388
1446,39,1485,0.1388
1438,37,1475,0.1388
1421,34,1455,0.1388
1445,36,1481,0.1388
1427,37,1464,0.1388
1443,38,1481,0.1388
1441,38,1479,0.1388
1440,39,1479,0.1388
1444,39,1483,0.1388
1447,43,1490,0.1388
1453,44,1497,0.1388
1457,44,1501,0.1388
1455,44,1499,0.1388
1459,44,1503,0.1388
1444,44,1488,0.1388
1445,42,1487,0.1388
1440,42,1482,0.1388
1445,42,1487,0.1388
1457,43,1500,0.1388
1465,41,1506,0.1388
1450,41,1491,0.1388
1449,41,1490,0.1388
1465,42,1507,0.1388
1454,43,1497,0.1388
1441,42,1483,0.1388
1452,41,1493,0.1388
1455,42,1497,0.1388
1459,41,1500,0.1388
1461,41,1502,0.1388
1460,40,1500,0.1388
1468,43,1511,0.1388
1449,43,1492,0.1388
1449,43,1492,0.1388
1449,43,1492,0.1388
1450,43,1493,0.1388
1449,44,1493,0.1388
1446,45,1491,0.1388
1444,45,1489,0.1388
1443,44,1487,0.1388
1440,45,1485,0.1388
1438,44,1482,0.1388
1441,42,1483,0.1388
1441,42,1483,0.1388
1441,46,1487,0.1388
1440,46,1486,0.1388
1448,45,1493,0.1388
1437,44,1481,0.1388
1434,44,1478,0.1388
1447,41,1488,0.1388
1457,45,1502,0.1388
1454,45,1499,0.1388
1447,43,1490,0.1388
1453,41,1494,0.1388
1443,40,1483,0.1388
1441,42,1483,0.1388
1442,44,1486,0.1388
1446,46,1492,0.1388
1446,46,1492,0.1388
1434,46,1480,0.1388
1432,46,1478,0.1388
1439,44,1483,0.1388
1453,43,1496,0.1388
1459,44,1503,0.1388
1469,45,1514,0.1388
1447,45,1492,0.1388
1433,48,1481,0.1388
1443,47,1490,0.1388
1437,50,1487,0.1388
1429,51,1480,0.1388
1427,53,1480,0.1388
1427,54,1481,0.1388
1425,54,1479,0.1388
1428,57,1485,0.1388
1420,59,1479,0.1388
1438,59,1497,0.1388
1437,58,1495,0.1388
1419,59,1478,0.1388
1428,60,1488,0.1388
1435,60,1495,0.1388
1445,59,1504,0.1388
1440,59,1499,0.1388
1442,58,1500,0.1388
1439,58,1497,0.1388
1446,57,1503,0.1388
1439,57,1496,0.1388
1448,56,1504,0.1388
1450,58,1508,0.1388
1450,58,1508,0.1388
1437,57,1494,0.1388
1429,58,1487,0.1388
1446,58,1504,0.1388
1450,58,1508,0.1388
1450,57,1507,0.1388
1434,59,1493,0.1388
1416,60,1476,0.1388
1421,61,1482,0.1388
1420,60,1480,0.1388
1430,59,1489,0.1388
1431,61,1492,0.1388
1432,61,1493,0.1388
1441,63,1504,0.1388
1441,63,1504,0.1388
1439,61,1500,0.1388
1429,62,1491,0.1388
1425,62,1487,0.1388
1431,59,1490,0.1388
1424,63,1487,0.1388
1431,64,1495,0.1388
1435,65,1500,0.1388
1441,69,1510,0.1388
1439,71,1510,0.1388
1427,69,1496,0.1388
1432,70,1502,0.1388
1424,68,1492,0.1388
1418,68,1486,0.1388
1416,66,1482,0.1388
1423,65,1488,0.1388
1420,64,1484,0.1388
1423,68,1491,0.1388
1425,69,1494,0.1388
1432,68,1500,0.1388
1421,69,1490,0.1388
1432,68,1500,0.1388
1424,67,1491,0.1388
1429,66,1495,0.1388
1432,70,1502,0.1388
1425,69,1494,0.1388
1432,70,1502,0.1388
1420,71,1491,0.1388
1423,68,1491,0.1388
1434,69,1503,0.1388
1422,70,1492,0.1388
1417,69,1486,0.1388
1420,65,1485,0.1388
1433,66,1499,0.1388
1429,63,1492,0.1388
1425,65,1490,0.1388
1429,66,1495,0.1388
1431,67,1498,0.1388
1424,68,1492,0.1388
1433,67,1500,0.1388
1440,68,1508,0.1388
1437,69,1506,0.1388
1441,68,1509,0.1388
1447,71,1518,0.1388
1437,70,1507,0.1388
1433,72,1505,0.1388
1433,74,1507,0.1388
1431,70,1501,0.1388
1436,68,1504,0.1388
1438,68,1506,0.1388
1441,69,1510,0.1388
1440,68,1508,0.1388
1427,66,1493,0.1388
1429,65,1494,0.1388
1426,64,1490,0.1388
1419,65,1484,0.1388
1423,66,1489,0.1388
1427,66,1493,0.1388
1436,67,1503,0.1388
1434,67,1501,0.1388
1425,67,1492,0.1388
1428,67,1495,0.1388
1439,65,1504,0.1388
1442,62,1504,0.1388
1449,61,1510,0.1388
1435,63,1498,0.1388
1421,63,1484,0.1388
1410,66,1476,0.1388
1412,65,1477,0.1388
1420,64,1484,0.1388
1406,65,1471,0.1388
1406,65,1471,0.1388
1401,63,1464,0.1388
1429,65,1494,0.1388
1449,64,1513,0.1388
1446,64,1510,0.1388
1445,62,1507,0.1388
1445,61,1506,0.1388
1453,65,1518,0.1388
1453,61,1514,0.1388
1438,64,1502,0.1388
1432,65,1497,0.1388
1437,64,1501,0.1388
1441,64,1505,0.1388
1434,62,1496,0.1388
1440,63,1503,0.1388
1434,63,1497,0.1388
1431,64,1495,0.1388
1423,61,1484,0.1388
1419,59,1478,0.1388
1428,58,1486,0.1388
1435,59,1494,0.1388
1452,59,1511,0.1388
1447,60,1507,0.1388
1451,58,1509,0.1388
1439,59,1498,0.1388
1437,56,1493,0.1388
1458,58,1516,0.1388
1446,55,1501,0.1388
1444,53,1497,0.1388
1433,51,1484,0.1388
1439,53,1492,0.1388
1440,56,1496,0.1388
1429,59,1488,0.1388
1429,62,1491,0.1388
1433,62,1495,0.1388
1439,62,1501,0.1388
1441,65,1506,0.1388
1442,64,1506,0.1388
1426,66,1492,0.1388
1423,66,1489,0.1388
1424,67,1491,0.1388
1436,69,1505,0.1388
1439,66,1505,0.1388
1445,68,1513,0.1388
1444,69,1513,0.1388
1427,68,1495,0.1388
1431,68,1499,0.1388
1420,68,1488,0.1388
1429,70,1499,0.1388
1429,67,1496,0.1388
1423,70,1493,0.1388
1414,73,1487,0.1388
1424,71,1495,0.1388
1432,72,1504,0.1388
1439,69,1508,0.1388
1423,72,1495,0.1388
1423,71,1494,0.1388
1426,71,1497,0.1388
1431,70,1501,0.1388
1438,72,1510,0.1388
1427,72,1499,0.1388
1421,72,1493,0.1388
1427,69,1496,0.1388
1434,70,1504,0.1388
1425,71,1496,0.1388
1431,68,1499,0.1388
1436,68,1504,0.1388
1430,70,1500,0.1388
1425,68,1493,0.1388
1426,68,1494,0.1388
1428,68,1496,0.1388
1443,70,1513,0.1388
1433,70,1503,0.1388
1423,70,1493,0.1388
1430,69,1499,0.1388
1420,70,1490,0.1388
1409,71,1480,0.1388
1410,72,1482,0.1388
1400,70,1470,0.1388
1406,68,1474,0.1388
1412,68,1480,0.1388
1410,72,1482,0.1388
1405,73,1478,0.1388
1414,75,1489,0.1388
1409,73,1482,0.1388
1420,67,1487,0.1388
1424,71,1495,0.1388
1410,70,1480,0.1388
1424,73,1497,0.1388
1426,73,1499,0.1388
1420,74,1494,0.1388
1434,76,1510,0.1388
1435,76,1511,0.1388
1432,78,1510,0.1388
1424,78,1502,0.1388
1422,77,1499,0.1388
1427,75,1502,0.1388
1445,72,1517,0.1388
1435,74,1509,0.1388
1433,77,1510,0.1388
1428,76,1504,0.1388
1426,76,1502,0.1388
1422,74,1496,0.1388
1413,72,1485,0.1388
1429,72,1501,0.1388
1413,73,1486,0.1388
1407,77,1484,0.1388
1408,80,1488,0.1388
1399,81,1480,0.1388
1409,81,1490,0.1388
1415,81,1496,0.1388
1421,80,1501,0.1388
1422,81,1503,0.1388
1424,82,1506,0.1388
1429,82,1511,0.1388
1417,80,1497,0.1388
1416,81,1497,0.1388
1412,83,1495,0.1388
1399,81,1480,0.1388
1398,83,1481,0.1388
1403,85,1488,0.1388
1397,86,1483,0.1388
1393,86,1479,0.1388
1395,86,1481,0.1388
1401,88,1489,0.1388
1386,86,1472,0.1388
1393,88,1481,0.1388
1389,92,1481,0.1388
1395,93,1488,0.1388
1407,92,1499,0.1388
1390,91,1481,0.1388
1404,89,1493,0.1388
1401,94,1495,0.1388
1397,95,1492,0.1388
1402,91,1493,0.1388
1399,90,1489,0.1388
1405,90,1495,0.1388
1388,91,1479,0.1388
1386,93,1479,0.1388
1388,94,1482,0.1388
1393,96,1489,0.1388
1394,95,1489,0.1388
1389,93,1482,0.1388
1395,93,1488,0.1388
1397,92,1489,0.1388
1410,89,1499,0.1388
1414,87,1501,0.1388
1406,85,1491,0.1388
1413,87,1500,0.1388
1403,88,1491,0.1388
1401,90,1491,0.1388
1399,92,1491,0.1388
1404,93,1497,0.1388
1404,89,1493,0.1388
1401,90,1491,0.1388
1404,87,1491,0.1388
1412,86,1498,0.1388
1409,84,1493,0.1388
1409,85,1494,0.1388
1415,87,1502,0.1388
1411,89,1500,0.1388
1408,92,1500,0.1388
1402,93,1495,0.1388
1394,92,1486,0.1388
1390,92,1482,0.1388
1391,92,1483,0.1388
1385,90,1475,0.1388
1403,92,1495,0.1388
1399,91,1490,0.1388
1390,91,1481,0.1388
1385,94,1479,0.1388
1389,94,1483,0.1388
1392,92,1484,0.1388
1388,94,1482,0.1388
1403,92,1495,0.1388
1405,93,1498,0.1388
1397,88,1485,0.1388
1401,92,1493,0.1388
1404,88,1492,0.1388
1409,86,1495,0.1388
1408,84,1492,0.1388
1402,88,1490,0.1388
1408,90,1498,0.1388
1408,86,1494,0.1388
1411,92,1503,0.1388
1408,97,1505,0.1388
1405,95,1500,0.1388
1400,94,1494,0.1388
1400,99,1499,0.1388
1404,94,1498,0.1388
1409,93,1502,0.1388
1420,93,1513,0.1388
1405,95,1500,0.1388
1411,97,1508,0.1388
1397,99,1496,0.1388
1404,96,1500,0.1388
1395,97,1492,0.1388
1390,97,1487,0.1388
1389,99,1488,0.1388
1389,98,1487,0.1388
1388,100,1488,0.1388
1380,99,1479,0.1388
1380,103,1483,0.1388
1383,103,1486,0.1388
1384,107,1491,0.1388
1373,108,1481,0.1388
1384,107,1491,0.1388
1392,105,1497,0.1388
1384,101,1485,0.1388
1381,101,1482,0.1388
1400,100,1500,0.1388
1390,97,1487,0.1388
1387,94,1481,0.1388
1396,99,1495,0.1388
1396,97,1493,0.1388
1384,101,1485,0.1388
1395,102,1497,0.1388
1408,106,1514,0.1388
1419,106,1525,0.1388
1405,103,1508,0.1388
1411,105,1516,0.1388
1405,107,1512,0.1388
1410,104,1514,0.1388
1407,102,1509,0.1388
1399,102,1501,0.1388
1401,101,1502,0.1388
1402,101,1503,0.1388
1395,101,1496,0.1388
1412,103,1515,0.1388
1409,104,1513,0.1388
1406,101,1507,0.1388
1405,104,1509,0.1388
1402,104,1506,0.1388
1393,103,1496,0.1388
1377,103,1480,0.1388
1385,102,1487,0.1388
1397,103,1500,0.1388
1392,102,1494,0.1388
1391,102,1493,0.1388
1390,103,1493,0.1388
1385,102,1487,0.1388
1385,102,1487,0.1388
1378,105,1483,0.1388
1380,105,1485,0.1388
1380,107,1487,0.1388
1378,108,1486,0.1388
1387,105,1492,0.1388
1381,104,1485,0.1388
1377,104,1481,0.1388
1388,104,1492,0.1388
1381,102,1483,0.1388
1373,105,1478,0.1388
1369,111,1480,0.1388
1369,113,1482,0.1388
1373,113,1486,0.1388
1384,116,1500,0.1388
1387,117,1504,0.1388
1366,115,1481,0.1388
1361,115,1476,0.1388
1368,117,1485,0.1388
1352,112,1464,0.1388
1362,115,1477,0.1388
1361,118,1479,0.1388
1367,118,1485,0.1388
1381,123,1504,0.1388
1377,122,1499,0.1388
1368,124,1492,0.1388
1356,127,1483,0.1388
1346,128,1474,0.1388
1342,130,1472,0.1388
1342,132,1474,0.1388
1344,132,1476,0.1388
1359,132,1491,0.1388
1352,131,1483,0.1388
1357,133,1490,0.1388
1368,133,1501,0.1388
1351,134,1485,0.1388
1346,134,1480,0.1388
1353,132,1485,0.1388
1363,133,1496,0.1388
1369,132,1501,0.1388
1366,127,1493,0.1388
1360,128,1488,0.1388
1356,127,1483,0.1388
1356,124,1480,0.1388
1363,125,1488,0.1388
1358,126,1484,0.1388
1350,126,1476,0.1388
1359,128,1487,0.1388
1358,123,1481,0.1388
1360,124,1484,0.1388
1358,125,1483,0.1388
1358,125,1483,0.1388
1352,126,1478,0.1388
1349,126,1475,0.1388
1351,131,1482,0.1388
1342,133,1475,0.1388
1350,134,1484,0.1388
1348,133,1481,0.1388
1354,135,1489,0.1388
1347,134,1481,0.1388
1360,132,1492,0.1388
1373,131,1504,0.1388
1381,128,1509,0.1388
1382,134,1516,0.1388
1373,134,1507,0.1388
1372,134,1506,0.1388
1358,139,1497,0.1388
1355,142,1497,0.1388
1366,143,1509,0.1388
1367,140,1507,0.1388
1354,137,1491,0.1388
1347,138,1485,0.1388
1344,137,1481,0.1388
1352,144,1496,0.1388
1351,141,1492,0.1388
1351,142,1493,0.1388
1358,131,1489,0.1388
1358,132,1490,0.1388
1351,130,1481,0.1388
1356,127,1483,0.1388
1358,130,1488,0.1388
1360,132,1492,0.1388
1361,128,1489,0.1388
1363,128,1491,0.1388
1364,132,1496,0.1388
1362,131,1493,0.1388
1361,135,1496,0.1388
1355,136,1491,0.1388
1350,139,1489,0.1388
1365,139,1504,0.1388
1367,139,1506,0.1388
1359,140,1499,0.1388
1348,143,1491,0.1388
1353,150,1503,0.1388
1345,150,1495,0.1388
1361,146,1507,0.1388
1378,143,1521,0.1388
1373,143,1516,0.1388
1371,144,1515,0.1388
1375,147,1522,0.1388
1367,147,1514,0.1388
1358,145,1503,0.1388
1349,144,1493,0.1388
1349,142,1491,0.1388
1334,143,1477,0.1388
1339,148,1487,0.1388
1327,150,1477,0.1388
1338,146,1484,0.1388
1347,149,1496,0.1388
1344,148,1492,0.1388
1350,147,1497,0.1388
1363,146,1509,0.1388
1364,147,1511,0.1388
1373,148,1521,0.1388
1361,148,1509,0.1388
1352,149,1501,0.1388
1342,149,1491,0.1388
1335,148,1483,0.1388
1338,148,1486,0.1388
1340,152,1492,0.1388
1331,151,1482,0.1388
1324,152,1476,0.1388
1328,153,1481,0.1388
1342,151,1493,0.1388
1344,149,1493,0.1388
1335,152,1487,0.1388
1342,151,1493,0.1388
1342,157,1499,0.1388
1339,153,1492,0.1388
1342,156,1498,0.1388
1350,158,1508,0.1388
1356,164,1520,0.1388
1350,160,1510,0.1388
1347,160,1507,0.1388
1342,159,1501,0.1388
1340,163,1503,0.1388
1333,163,1496,0.1388
1335,164,1499,0.1388
1335,166,1501,0.1388
1328,170,1498,0.1388
1312,169,1481,0.1388
1304,167,1471,0.1388
1304,170,1474,0.1388
1327,170,1497,0.1388
1321,164,1485,0.1388
1323,166,1489,0.1388
1326,165,1491,0.1388
1330,163,1493,0.1388
1328,168,1496,0.1388
1324,163,1487,0.1388
1320,162,1482,0.1388
1306,160,1466,0.1388
1319,161,1480,0.1388
1320,163,1483,0.1388
1313,162,1475,0.1388
1331,163,1494,0.1388
1333,162,1495,0.1388
1328,160,1488,0.1388
1327,158,1485,0.1388
1327,156,1483,0.1388
1333,160,1493,0.1388
1327,169,1496,0.1388
1333,167,1500,0.1388
1348,165,1513,0.1388
1341,166,1507,0.1388
1333,164,1497,0.1388
1327,166,1493,0.1388
1327,167,1494,0.1388
1320,169,1489,0.1388
1317,170,1487,0.1388
1316,177,1493,0.1388
1306,176,1482,0.1388
1307,183,1490,0.1388
1309,184,1493,0.1388
1320,180,1500,0.1388
1313,180,1493,0.1388
1311,186,1497,0.1388
1299,189,1488,0.1388
1302,187,1489,0.1388
1298,185,1483,0.1388
1316,185,1501,0.1388
1309,181,1490,0.1388
1313,183,1496,0.1388
1300,184,1484,0.1388
1294,185,1479,0.1388
1295,190,1485,0.1388
1304,187,1491,0.1388
1313,184,1497,0.1388
1325,181,1506,0.1388
1329,178,1507,0.1388
1313,178,1491,0.1388
1315,176,1491,0.1388
1317,186,1503,0.1388
1312,186,1498,0.1388
1314,183,1497,0.1388
1308,185,1493,0.1388
1303,187,1490,0.1388
1308,188,1496,0.1388
1312,188,1500,0.1388
1309,190,1499,0.1388
1315,189,1504,0.1388
1315,190,1505,0.1388
1334,188,1522,0.1388
1319,187,1506,0.1388
1306,184,1490,0.1388
1308,192,1500,0.1388
1304,188,1492,0.1388
1294,188,1482,0.1388
1290,190,1480,0.1388
1293,187,1480,0.1388
1299,185,1484,0.1388
1302,193,1495,0.1388
1305,193,1498,0.1388
1309,191,1500,0.1388
1309,195,1504,0.1388
1307,193,1500,0.1388
1320,195,1515,0.1388
1308,192,1500,0.1388
1303,191,1494,0.1388
1300,188,1488,0.1388
1293,189,1482,0.1388
1293,194,1487,0.1388
1302,197,1499,0.1388
1293,201,1494,0.1388
1293,203,1496,0.1388
1291,203,1494,0.1388
1293,207,1500,0.1388
1284,207,1491,0.1388
1294,206,1500,0.1388
1298,211,1509,0.1388
1301,211,1512,0.1388
1298,214,1512,0.1388
1281,212,1493,0.1388
1281,214,1495,0.1388
1282,221,1503,0.1388
1286,219,1505,0.1388
1276,218,1494,0.1388
1274,215,1489,0.1388
1264,213,1477,0.1388
1276,211,1487,0.1388
1276,209,1485,0.1388
1273,211,1484,0.1388
1280,214,1494,0.1388
1277,217,1494,0.1388
1283,215,1498,0.1388
1290,216,1506,0.1388
1293,213,1506,0.1388
1281,210,1491,0.1388
1284,206,1490,0.1388
1279,207,1486,0.1388
1284,208,1492,0.1388
1280,209,1489,0.1388
1272,207,1479,0.1388
1279,207,1486,0.1388
1273,209,1482,0.1388
1270,208,1478,0.1388
1270,212,1482,0.1388
1276,211,1487,0.1388
1274,212,1486,0.1388
1279,218,1497,0.1388
1282,219,1501,0.1388
1279,222,1501,0.1388
1280,220,1500,0.1388
1283,218,1501,0.1388
1284,213,1497,0.1388
1291,211,1502,0.1388
1280,212,1492,0.1388
1284,216,1500,0.1388
1270,218,1488,0.1388
1265,221,1486,0.1388
1271,220,1491,0.1388
1284,223,1507,0.1388
1275,227,1502,0.1388
1266,227,1493,0.1388
1275,222,1497,0.1388
1285,222,1507,0.1388
1285,220,1505,0.1388
1283,218,1501,0.1388
1295,220,1515,0.1388
1286,219,1505,0.1388
1281,219,1500,0.1388
1278,222,1500,0.1388
1276,224,1500,0.1388
1281,225,1506,0.1388
1278,222,1500,0.1388
1276,226,1502,0.1388
1270,222,1492,0.1388
1275,220,1495,0.1388
1277,220,1497,0.1388
1288,218,1506,0.1388
1279,222,1501,0.1388
1271,229,1500,0.1388
1266,231,1497,0.1388
1269,229,1498,0.1388
1262,234,1496,0.1388
1259,238,1497,0.1388
1256,232,1488,0.1388
1273,231,1504,0.1388
1269,228,1497,0.1388
1275,234,1509,0.1388
1259,231,1490,0.1388
1263,228,1491,0.1388
1268,230,1498,0.1388
1266,230,1496,0.1388
1252,236,1488,0.1388
1255,240,1495,0.1388
1255,240,1495,0.1388
1251,237,1488,0.1388
1259,236,1495,0.1388
1263,239,1502,0.1388
1256,238,1494,0.1388
1253,239,1492,0.1388
1266,236,1502,0.1388
1258,244,1502,0.1388
1245,246,1491,0.1388
1247,256,1503,0.1388
1248,250,1498,0.1388
1241,248,1489,0.1388
1234,253,1487,0.1388
1237,247,1484,0.1388
1233,252,1485,0.1388
1233,255,1488,0.1388
1235,253,1488,0.1388
1250,249,1499,0.1388
1251,255,1506,0.1388
1243,254,1497,0.1388
1247,253,1500,0.1388
1250,255,1505,0.1388
1249,253,1502,0.1388
1261,251,1512,0.1388
1256,249,1505,0.1388
1243,248,1491,0.1388
1251,253,1504,0.1388
1236,247,1483,0.1388
1241,248,1489,0.1388
1237,249,1486,0.1388
1244,246,1490,0.1388
1241,258,1499,0.1388
1249,256,1505,0.1388
1239,254,1493,0.1388
1233,255,1488,0.1388
1233,261,1494,0.1388
1229,259,1488,0.1388
1238,261,1499,0.1388
1227,255,1482,0.1388
1233,256,1489,0.1388
1227,267,1494,0.1388
1244,270,1514,0.1388
1240,272,1512,0.1388
1234,266,1500,0.1388
1241,265,1506,0.1388
1244,266,1510,0.1388
1243,266,1509,0.1388
1238,277,1515,0.1388
1233,276,1509,0.1388
1240,276,1516,0.1388
1218,278,1496,0.1388
1204,282,1486,0.1388
1203,284,1487,0.1388
1201,288,1489,0.1388
1205,283,1488,0.1388
1203,283,1486,0.1388
1221,283,1504,0.1388
1208,286,1494,0.1388
1200,274,1474,0.1388
1199,283,1482,0.1388
1196,286,1482,0.1388
1202,287,1489,0.1388
1204,285,1489,0.1388
1200,288,1488,0.1388
1191,289,1480,0.1388
1188,288,1476,0.1388
1189,292,1481,0.1388
1197,296,1493,0.1388
1210,296,1506,0.1388
1201,295,1496,0.1388
1199,297,1496,0.1388
1200,300,1500,0.1388
1196,302,1498,0.1388
1189,301,1490,0.1388
1212,293,1505,0.1388
1208,284,1492,0.1388
1212,286,1498,0.1388
1207,288,1495,0.1388
1211,295,1506,0.1388
1201,300,1501,0.1388
1203,305,1508,0.1388
1187,305,1492,0.1388
1197,305,1502,0.1388
1195,305,1500,0.1388
1185,304,1489,0.1388
1179,306,1485,0.1388
1172,307,1479,0.1388
1176,309,1485,0.1388
1178,312,1490,0.1388
1176,316,1492,0.1388
1180,317,1497,0.1388
1186,317,1503,0.1388
1183,321,1504,0.1388
1183,318,1501,0.1388
1187,320,1507,0.1388
1180,319,1499,0.1388
1176,324,1500,0.1388
1181,329,1510,0.1388
1180,327,1507,0.1388
1181,327,1508,0.1388
1179,316,1495,0.1388
1188,323,1511,0.1388
1173,327,1500,0.1388
1167,328,1495,0.1388
1169,333,1502,0.1388
1157,333,1490,0.1388
1156,331,1487,0.1388
1158,335,1493,0.1388
1161,332,1493,0.1388
1165,334,1499,0.1388
1162,334,1496,0.1388
1163,337,1500,0.1388
1162,338,1500,0.1388
1160,332,1492,0.1388
1153,341,1494,0.1388
1160,347,1507,0.1388
1161,341,1502,0.1388
1160,339,1499,0.1388
1171,343,1514,0.1388
1163,342,1505,0.1388
1147,342,1489,0.1388
1139,345,1484,0.1388
1146,352,1498,0.1388
1152,349,1501,0.1388
1155,350,1505,0.1388
1166,354,1520,0.1388
1166,354,1520,0.1388
1172,352,1524,0.1388
1166,350,1516,0.1388
1152,350,1502,0.1388
1149,355,1504,0.1388
1149,355,1504,0.1388
1148,357,1505,0.1388
1135,351,1486,0.1388
1128,351,1479,0.1388
1124,354,1478,0.1388
1122,356,1478,0.1388
1132,348,1480,0.1388
1137,353,1490,0.1388
1145,353,1498,0.1388
1144,354,1498,0.1388
1153,354,1507,0.1388
1137,353,1490,0.1388
1130,352,1482,0.1388
1150,361,1511,0.1388
1153,360,1513,0.1388
1149,359,1508,0.1388
1133,357,1490,0.1388
1124,362,1486,0.1388
1136,362,1498,0.1388
1129,363,1492,0.1388
1140,359,1499,0.1388
1142,368,1510,0.1388
1142,368,1510,0.1388
1144,370,1514,0.1388
1149,360,1509,0.1388
1136,361,1497,0.1388
1141,361,1502,0.1388
1139,361,1500,0.1388
1147,366,1513,0.1388
1137,362,1499,0.1388
1130,363,1493,0.1388
1126,359,1485,0.1388
1136,362,1498,0.1388
1125,362,1487,0.1388
1116,361,1477,0.1388
1111,366,1477,0.1388
1116,362,1478,0.1388
1121,351,1472,0.1388
1132,359,1491,0.1388
1133,357,1490,0.1388
1125,360,1485,0.1388
1124,360,1484,0.1388
1118,363,1481,0.1388
1132,368,1500,0.1388
1133,370,1503,0.1388
1129,373,1502,0.1388
1128,371,1499,0.1388
1132,373,1505,0.1388
1129,370,1499,0.1388
1127,372,1499,0.1388
1130,380,1510,0.1388
1122,376,1498,0.1388
1126,376,1502,0.1388
1127,380,1507,0.1388
1121,385,1506,0.1388
1129,380,1509,0.1388
1119,379,1498,0.1388
1123,376,1499,0.1388
1133,378,1511,0.1388
1131,372,1503,0.1388
1130,371,1501,0.1388
1128,363,1491,0.1388
1118,363,1481,0.1388
1123,367,1490,0.1388
1124,367,1491,0.1388
1122,370,1492,0.1388
1118,376,1494,0.1388
1107,372,1479,0.1388
1126,369,1495,0.1388
1125,368,1493,0.1388
1117,359,1476,0.1388
1125,362,1487,0.1388
1125,374,1499,0.1388
1124,375,1499,0.1388
1122,372,1494,0.1388
1122,379,1501,0.1388
1125,381,1506,0.1388
1122,384,1506,0.1388
1111,388,1499,0.1388
1118,392,1510,0.1388
1121,389,1510,0.1388
1118,390,1508,0.1388
1115,389,1504,0.1388
1113,397,1510,0.1388
1105,400,1505,0.1388
1112,391,1503,0.1388
1104,393,1497,0.1388
1112,398,1510,0.1388
1100,397,1497,0.1388
1107,393,1500,0.1388
1114,387,1501,0.1388
1113,383,1496,0.1388
1115,385,1500,0.1388
1116,384,1500,0.1388
1106,384,1490,0.1388
1112,387,1499,0.1388
1107,384,1491,0.1388
1105,389,1494,0.1388
1114,384,1498,0.1388
1108,385,1493,0.1388
1108,383,1491,0.1388
1107,390,1497,0.1388
1107,391,1498,0.1388
1113,393,1506,0.1388
1116,385,1501,0.1388
1122,387,1509,0.1388
1117,390,1507,0.1388
1111,392,1503,0.1388
1110,393,1503,0.1388
1101,395,1496,0.1388
1105,397,1502,0.1388
1101,392,1493,0.1388
1084,389,1473,0.1388
1094,401,1495,0.1388
1097,402,1499,0.1388
1102,404,1506,0.1388
1091,400,1491,0.1388
1081,399,1480,0.1388
1093,393,1486,0.1388
1080,394,1474,0.1388
1075,397,1472,0.1388
1081,399,1480,0.1388
1075,400,1475,0.1388
1069,401,1470,0.1388
1076,401,1477,0.1388
1081,401,1482,0.1388
1080,408,1488,0.1388
1084,405,1489,0.1388
1079,407,1486,0.1388
1071,411,1482,0.1388
1076,415,1491,0.1388
1088,415,1503,0.1388
1081,420,1501,0.1388
1091,421,1512,0.1388
1101,418,1519,0.1388
1104,419,1523,0.1388
1094,417,1511,0.1388
1098,414,1512,0.1388
1104,412,1516,0.1388
1104,412,1516,0.1388
1084,411,1495,0.1388
1075,408,1483,0.1388
1081,412,1493,0.1388
1089,416,1505,0.1388
1088,406,1494,0.1388
1092,408,1500,0.1388
1089,411,1500,0.1388
1097,415,1512,0.1388
1083,420,1503,0.1388
1081,419,1500,0.1388
1073,422,1495,0.1388
1068,422,1490,0.1388
1068,429,1497,0.1388
1057,439,1496,0.1388
1081,437,1518,0.1388
1080,438,1518,0.1388
1075,440,1515,0.1388
1076,435,1511,0.1388
1071,430,1501,0.1388
1060,432,1492,0.1388
1065,425,1490,0.1388
1067,428,1495,0.1388
1056,432,1488,0.1388
1060,433,1493,0.1388
1065,433,1498,0.1388
1073,436,1509,0.1388
1066,434,1500,0.1388
1067,434,1501,0.1388
1068,432,1500,0.1388
1071,428,1499,0.1388
1081,426,1507,0.1388
1091,421,1512,0.1388
1084,419,1503,0.1388
1099,415,1514,0.1388
1093,416,1509,0.1388
1084,417,1501,0.1388
1086,418,1504,0.1388
1090,415,1505,0.1388
1101,412,1513,0.1388
1099,415,1514,0.1388
1087,419,1506,0.1388
1084,417,1501,0.1388
1086,424,1510,0.1388
1093,431,1524,0.1388
1089,420,1509,0.1388
1084,423,1507,0.1388
1066,423,1489,0.1388
1076,427,1503,0.1388
1077,428,1505,0.1388
1067,433,1500,0.1388
1069,440,1509,0.1388
1072,438,1510,0.1388
1069,437,1506,0.1388
1071,431,1502,0.1388
1074,430,1504,0.1388
1067,429,1496,0.1388
1050,435,1485,0.1388
1058,436,1494,0.1388
1069,436,1505,0.1388
1074,441,1515,0.1388
1085,439,1524,0.1388
1073,434,1507,0.1388
1069,437,1506,0.1388
1064,440,1504,0.1388
1063,438,1501,0.1388
1062,440,1502,0.1388
1051,435,1486,0.1388
1045,436,1481,0.1388
1056,432,1488,0.1388
1049,433,1482,0.1388
1070,431,1501,0.1388
1072,431,1503,0.1388
1065,435,1500,0.1388
1071,436,1507,0.1388
1067,436,1503,0.1388
1066,437,1503,0.1388
1066,428,1494,0.1388
1071,430,1501,0.1388
1076,432,1508,0.1388
1074,440,1514,0.1388
1083,441,1524,0.1388
1074,438,1512,0.1388
1073,436,1509,0.1388
1066,439,1505,0.1388
1066,441,1507,0.1388
1075,440,1515,0.1388
1074,444,1518,0.1388
1083,439,1522,0.1388
1077,434,1511,0.1388
1078,433,1511,0.1388
1067,435,1502,0.1388
1058,440,1498,0.1388
1064,443,1507,0.1388
1053,437,1490,0.1388
1071,438,1509,0.1388
1074,439,1513,0.1388
1073,440,1513,0.1388
1067,442,1509,0.1388
1069,440,1509,0.1388
1070,436,1506,0.1388
1063,434,1497,0.1388
1058,434,1492,0.1388
1059,429,1488,0.1388
1059,425,1484,0.1388
1069,425,1494,0.1388
1069,423,1492,0.1388
1070,430,1500,0.1388
1073,435,1508,0.1388
1069,435,1504,0.1388
1080,437,1517,0.1388
1076,429,1505,0.1388
1079,438,1517,0.1388
1075,436,1511,0.1388
1063,430,1493,0.1388
1067,431,1498,0.1388
1070,438,1508,0.1388
1074,436,1510,0.1388
1069,433,1502,0.1388
1066,436,1502,0.1388
1069,441,1510,0.1388
1069,439,1508,0.1388
1059,440,1499,0.1388
1059,443,1502,0.1388
1059,446,1505,0.1388
1051,454,1505,0.1388
1049,453,1502,0.1388
1048,454,1502,0.1388
1037,454,1491,0.1388
1042,452,1494,0.1388
1047,452,1499,0.1388
1045,450,1495,0.1388
1054,457,1511,0.1388
1051,454,1505,0.1388
1042,450,1492,0.1388
1037,445,1482,0.1388
1045,444,1489,0.1388
1057,448,1505,0.1388
1051,455,1506,0.1388
1049,457,1506,0.1388
1057,455,1512,0.1388
1049,459,1508,0.1388
1041,455,1496,0.1388
1040,460,1500,0.1388
1038,463,1501,0.1388
1037,467,1504,0.1388
1039,462,1501,0.1388
1036,466,1502,0.1388
1032,469,1501,0.1388
1033,466,1499,0.1388
1020,469,1489,0.1388
1024,470,1494,0.1388
1035,461,1496,0.1388
1045,463,1508,0.1388
1046,465,1511,0.1388
1052,461,1513,0.1388
1048,458,1506,0.1388
1050,463,1513,0.1388
1046,462,1508,0.1388
1039,473,1512,0.1388
1034,467,1501,0.1388
1031,469,1500,0.1388
1039,477,1516,0.1388
1039,479,1518,0.1388
1028,483,1511,0.1388
1026,479,1505,0.1388
1037,479,1516,0.1388
1016,476,1492,0.1388
1025,478,1503,0.1388
1025,490,1515,0.1388
1016,486,1502,0.1388
1022,478,1500,0.1388
1019,478,1497,0.1388
1019,478,1497,0.1388
1016,472,1488,0.1388
1020,474,1494,0.1388
1015,477,1492,0.1388
1020,484,1504,0.1388
1019,491,1510,0.1388
1012,485,1497,0.1388
1019,485,1504,0.1388
1013,486,1499,0.1388
1024,491,1515,0.1388
1011,498,1509,0.1388
1017,496,1513,0.1388
1027,489,1516,0.1388
1016,489,1505,0.1388
1015,491,1506,0.1388
1012,489,1501,0.1388
1006,492,1498,0.1388
1007,491,1498,0.1388
1015,494,1509,0.1388
1008,502,1510,0.1388
1008,503,1511,0.1388
1007,495,1502,0.1388
1009,504,1513,0.1388
1002,498,1500,0.1388
1005,499,1504,0.1388
1007,492,1499,0.1388
1008,493,1501,0.1388
1001,497,1498,0.1388
995,496,1491,0.1388
1004,499,1503,0.1388
1017,494,1511,0.1388
1009,499,1508,0.1388
1012,500,1512,0.1388
1004,504,1508,0.1388
1008,502,1510,0.1388
1014,504,1518,0.1388
1022,511,1533,0.1388
1017,508,1525,0.1388
1012,498,1510,0.1388
1012,509,1521,0.1388
1001,505,1506,0.1388
1002,495,1497,0.1388
1008,498,1506,0.1388
1018,499,1517,0.1388
1018,502,1520,0.1388
1010,503,1513,0.1388
1009,503,1512,0.1388
1002,504,1506,0.1388
1007,502,1509,0.1388
999,503,1502,0.1388
1001,505,1506,0.1388
1000,495,1495,0.1388
999,494,1493,0.1388
1001,503,1504,0.1388
988,501,1489,0.1388
996,505,1501,0.1388
993,501,1494,0.1388
993,500,1493,0.1388
996,495,1491,0.1388
992,494,1486,0.1388
997,505,1502,0.1388
977,505,1482,0.1388
970,515,1485,0.1388
978,511,1489,0.1388
991,512,1503,0.1388
987,519,1506,0.1388
989,510,1499,0.1388
1004,511,1515,0.1388
997,517,1514,0.1388
999,515,1514,0.1388
997,511,1508,0.1388
988,512,1500,0.1388
984,516,1500,0.1388
975,518,1493,0.1388
992,513,1505,0.1388
994,511,1505,0.1388
988,515,1503,0.1388
985,526,1511,0.1388
987,531,1518,0.1388
978,529,1507,0.1388
973,526,1499,0.1388
973,532,1505,0.1388
968,537,1505,0.1388
966,533,1499,0.1388
961,529,1490,0.1388
958,539,1497,0.1388
963,541,1504,0.1388
948,537,1485,0.1388
951,539,1490,0.1388
965,537,1502,0.1388
957,534,1491,0.1388
952,541,1493,0.1388
952,547,1499,0.1388
954,541,1495,0.1388
954,555,1509,0.1388
950,551,1501,0.1388
949,555,1504,0.1388
945,555,1500,0.1388
948,548,1496,0.1388
948,549,1497,0.1388
955,557,1512,0.1388
947,549,1496,0.1388
942,550,1492,0.1388
942,561,1503,0.1388
941,551,1492,0.1388
955,547,1502,0.1388
950,549,1499,0.1388
953,552,1505,0.1388
951,553,1504,0.1388
959,556,1515,0.1388
943,559,1502,0.1388
942,564,1506,0.1388
932,561,1493,0.1388
926,567,1493,0.1388
928,566,1494,0.1388
934,560,1494,0.1388
940,567,1507,0.1388
937,571,1508,0.1388
942,568,1510,0.1388
936,566,1502,0.1388
939,574,1513,0.1388
928,577,1505,0.1388
929,574,1503,0.1388
925,573,1498,0.1388
938,570,1508,0.1388
938,569,1507,0.1388
935,567,1502,0.1388
927,564,1491,0.1388
923,567,1490,0.1388
929,570,1499,0.1388
935,562,1497,0.1388
920,563,1483,0.1388
911,568,1479,0.1388
916,564,1480,0.1388
916,571,1487,0.1388
910,569,1479,0.1388
902,568,1470,0.1388
915,571,1486,0.1388
916,573,1489,0.1388
918,576,1494,0.1388
926,574,1500,0.1388
926,569,1495,0.1388
938,588,1526,0.1388
926,592,1518,0.1388
924,599,1523,0.1388
918,592,1510,0.1388
912,591,1503,0.1388
916,588,1504,0.1388
911,585,1496,0.1388
912,589,1501,0.1388
902,585,1487,0.1388
900,595,1495,0.1388
896,598,1494,0.1388
897,602,1499,0.1388
900,600,1500,0.1388
913,602,1515,0.1388
918,602,1520,0.1388
913,604,1517,0.1388
923,603,1526,0.1388
920,601,1521,0.1388
913,603,1516,0.1388
908,594,1502,0.1388
917,593,1510,0.1388
919,597,1516,0.1388
915,594,1509,0.1388
913,600,1513,0.1388
915,595,1510,0.1388
906,604,1510,0.1388
908,603,1511,0.1388
913,603,1516,0.1388
905,604,1509,0.1388
905,605,1510,0.1388
905,602,1507,0.1388
911,598,1509,0.1388
905,600,1505,0.1388
906,595,1501,0.1388
907,597,1504,0.1388
898,605,1503,0.1388
893,601,1494,0.1388
884,607,1491,0.1388
884,606,1490,0.1388
896,610,1506,0.1388
890,612,1502,0.1388
881,615,1496,0.1388
877,612,1489,0.1388
882,614,1496,0.1388
887,611,1498,0.1388
885,608,1493,0.1388
886,607,1493,0.1388
883,610,1493,0.1388
887,610,1497,0.1388
883,606,1489,0.1388
883,613,1496,0.1388
883,610,1493,0.1388
892,619,1511,0.1388
895,621,1516,0.1388
898,623,1521,0.1388
896,628,1524,0.1388
886,618,1504,0.1388
883,614,1497,0.1388
883,607,1490,0.1388
890,612,1502,0.1388
887,608,1495,0.1388
893,605,1498,0.1388
897,606,1503,0.1388
881,606,1487,0.1388
873,598,1471,0.1388
879,606,1485,0.1388
881,610,1491,0.1388
872,610,1482,0.1388
872,614,1486,0.1388
864,608,1472,0.1388
872,619,1491,0.1388
879,623,1502,0.1388
873,615,1488,0.1388
885,614,1499,0.1388
885,614,1499,0.1388
890,608,1498,0.1388
898,616,1514,0.1388
897,615,1512,0.1388
883,614,1497,0.1388
869,614,1483,0.1388
871,627,1498,0.1388
870,631,1501,0.1388
867,640,1507,0.1388
866,631,1497,0.1388
860,639,1499,0.1388
860,643,1503,0.1388
852,644,1496,0.1388
852,642,1494,0.1388
857,649,1506,0.1388
860,652,1512,0.1388
852,658,1510,0.1388
844,658,1502,0.1388
852,663,1515,0.1388
844,662,1506,0.1388
840,673,1513,0.1388
851,672,1523,0.1388
845,666,1511,0.1388
851,653,1504,0.1388
858,653,1511,0.1388
852,661,1513,0.1388
845,661,1506,0.1388
832,654,1486,0.1388
842,651,1493,0.1388
840,663,1503,0.1388
835,663,1498,0.1388
827,663,1490,0.1388
829,656,1485,0.1388
837,653,1490,0.1388
838,653,1491,0.1388
841,664,1505,0.1388
846,655,1501,0.1388
838,662,1500,0.1388
842,661,1503,0.1388
843,657,1500,0.1388
845,655,1500,0.1388
842,658,1500,0.1388
840,657,1497,0.1388
844,659,1503,0.1388
840,662,1502,0.1388
848,663,1511,0.1388
845,660,1505,0.1388
849,671,1520,0.1388
853,666,1519,0.1388
845,662,1507,0.1388
842,665,1507,0.1388
847,666,1513,0.1388
841,667,1508,0.1388
841,672,1513,0.1388
833,670,1503,0.1388
836,665,1501,0.1388
833,667,1500,0.1388
834,678,1512,0.1388
830,675,1505,0.1388
830,665,1495,0.1388
830,667,1497,0.1388
833,677,1510,0.1388
829,678,1507,0.1388
833,676,1509,0.1388
829,673,1502,0.1388
833,674,1507,0.1388
839,673,1512,0.1388
833,675,1508,0.1388
841,676,1517,0.1388
840,679,1519,0.1388
835,684,1519,0.1388
827,677,1504,0.1388
828,680,1508,0.1388
826,676,1502,0.1388
834,668,1502,0.1388
831,669,1500,0.1388
820,673,1493,0.1388
818,679,1497,0.1388
812,687,1499,0.1388
813,697,1510,0.1388
807,693,1500,0.1388
816,681,1497,0.1388
814,683,1497,0.1388
820,680,1500,0.1388
813,687,1500,0.1388
803,690,1493,0.1388
803,689,1492,0.1388
799,687,1486,0.1388
801,689,1490,0.1388
805,690,1495,0.1388
800,685,1485,0.1388
805,691,1496,0.1388
803,697,1500,0.1388
809,697,1506,0.1388
804,698,1502,0.1388
805,698,1503,0.1388
801,697,1498,0.1388
793,694,1487,0.1388
795,697,1492,0.1388
788,705,1493,0.1388
782,706,1488,0.1388
783,710,1493,0.1388
790,712,1502,0.1388
776,712,1488,0.1388
779,706,1485,0.1388
773,714,1487,0.1388
767,732,1499,0.1388
773,736,1509,0.1388
770,730,1500,0.1388
754,727,1481,0.1388
761,735,1496,0.1388
765,739,1504,0.1388
775,743,1518,0.1388
768,740,1508,0.1388
764,733,1497,0.1388
777,729,1506,0.1388
767,724,1491,0.1388
775,726,1501,0.1388
786,717,1503,0.1388
785,724,1509,0.1388
781,725,1506,0.1388
773,732,1505,0.1388
770,733,1503,0.1388
768,734,1502,0.1388
765,734,1499,0.1388
761,724,1485,0.1388
769,717,1486,0.1388
766,722,1488,0.1388
768,721,1489,0.1388
772,734,1506,0.1388
763,736,1499,0.1388
767,733,1500,0.1388
763,730,1493,0.1388
763,726,1489,0.1388
763,727,1490,0.1388
763,749,1512,0.1388
758,751,1509,0.1388
762,751,1513,0.1388
758,746,1504,0.1388
757,742,1499,0.1388
755,747,1502,0.1388
751,754,1505,0.1388
751,749,1500,0.1388
746,752,1498,0.1388
748,748,1496,0.1388
753,757,1510,0.1388
753,761,1514,0.1388
754,763,1517,0.1388
756,760,1516,0.1388
746,759,1505,0.1388
738,761,1499,0.1388
741,763,1504,0.1388
735,765,1500,0.1388
738,768,1506,0.1388
738,762,1500,0.1388
725,769,1494,0.1388
731,772,1503,0.1388
742,765,1507,0.1388
735,774,1509,0.1388
737,775,1512,0.1388
736,779,1515,0.1388
732,764,1496,0.1388
741,762,1503,0.1388
733,769,1502,0.1388
740,771,1511,0.1388
746,772,1518,0.1388
742,764,1506,0.1388
736,780,1516,0.1388
731,768,1499,0.1388
726,770,1496,0.1388
726,776,1502,0.1388
720,781,1501,0.1388
727,773,1500,0.1388
720,774,1494,0.1388
721,772,1493,0.1388
718,769,1487,0.1388
710,773,1483,0.1388
707,773,1480,0.1388
719,777,1496,0.1388
713,780,1493,0.1388
724,797,1521,0.1388
717,801,1518,0.1388
709,796,1505,0.1388
700,794,1494,0.1388
707,788,1495,0.1388
705,798,1503,0.1388
705,816,1521,0.1388
707,807,1514,0.1388
709,798,1507,0.1388
715,794,1509,0.1388
713,795,1508,0.1388
715,798,1513,0.1388
707,796,1503,0.1388
702,792,1494,0.1388
704,797,1501,0.1388
709,803,1512,0.1388
711,805,1516,0.1388
713,809,1522,0.1388
708,805,1513,0.1388
710,804,1514,0.1388
706,808,1514,0.1388
701,806,1507,0.1388
696,799,1495,0.1388
696,812,1508,0.1388
698,816,1514,0.1388
695,806,1501,0.1388
697,806,1503,0.1388
700,816,1516,0.1388
695,809,1504,0.1388
697,806,1503,0.1388
691,818,1509,0.1388
684,811,1495,0.1388
689,804,1493,0.1388
693,810,1503,0.1388
690,806,1496,0.1388
689,802,1491,0.1388
685,810,1495,0.1388
688,808,1496,0.1388
696,820,1516,0.1388
685,824,1509,0.1388
683,816,1499,0.1388
688,816,1504,0.1388
694,820,1514,0.1388
699,822,1521,0.1388
707,817,1524,0.1388
692,817,1509,0.1388
690,823,1513,0.1388
688,823,1511,0.1388
681,821,1502,0.1388
684,823,1507,0.1388
680,824,1504,0.1388
676,823,1499,0.1388
681,830,1511,0.1388
675,831,1506,0.1388
675,836,1511,0.1388
675,836,1511,0.1388
675,826,1501,0.1388
670,831,1501,0.1388
672,832,1504,0.1388
684,826,1510,0.1388
680,827,1507,0.1388
688,824,1512,0.1388
681,823,1504,0.1388
677,817,1494,0.1388
686,819,1505,0.1388
692,817,1509,0.1388
691,816,1507,0.1388
683,824,1507,0.1388
679,822,1501,0.1388
678,823,1501,0.1388
672,813,1485,0.1388
674,812,1486,0.1388
672,815,1487,0.1388
672,814,1486,0.1388
679,814,1493,0.1388
687,816,1503,0.1388
688,808,1496,0.1388
680,807,1487,0.1388
686,809,1495,0.1388
681,818,1499,0.1388
681,819,1500,0.1388
687,820,1507,0.1388
688,816,1504,0.1388
678,816,1494,0.1388
683,815,1498,0.1388
680,823,1503,0.1388
682,830,1512,0.1388
676,835,1511,0.1388
684,838,1522,0.1388
687,840,1527,0.1388
686,839,1525,0.1388
683,845,1528,0.1388
679,843,1522,0.1388
685,837,1522,0.1388
684,844,1528,0.1388
675,837,1512,0.1388
671,837,1508,0.1388
671,844,1515,0.1388
671,840,1511,0.1388
668,848,1516,0.1388
667,847,1514,0.1388
657,843,1500,0.1388
658,853,1511,0.1388
658,850,1508,0.1388
658,847,1505,0.1388
661,846,1507,0.1388
662,863,1525,0.1388
663,867,1530,0.1388
665,864,1529,0.1388
665,856,1521,0.1388
670,857,1527,0.1388
671,841,1512,0.1388
672,848,1520,0.1388
673,846,1519,0.1388
671,852,1523,0.1388
667,855,1522,0.1388
670,848,1518,0.1388
683,829,1512,0.1388
679,833,1512,0.1388
673,849,1522,0.1388
681,847,1528,0.1388
674,844,1518,0.1388
683,836,1519,0.1388
683,833,1516,0.1388
677,835,1512,0.1388
678,836,1514,0.1388
682,832,1514,0.1388
684,835,1519,0.1388
678,834,1512,0.1388
677,841,1518,0.1388
681,853,1534,0.1388
682,851,1533,0.1388
676,839,1515,0.1388
666,838,1504,0.1388
662,836,1498,0.1388
658,841,1499,0.1388
649,842,1491,0.1388
653,834,1487,0.1388
654,832,1486,0.1388
653,840,1493,0.1388
657,844,1501,0.1388
655,852,1507,0.1388
654,845,1499,0.1388
650,835,1485,0.1388
654,834,1488,0.1388
657,847,1504,0.1388
659,846,1505,0.1388
652,849,1501,0.1388
648,844,1492,0.1388
648,858,1506,0.1388
652,857,1509,0.1388
655,859,1514,0.1388
654,863,1517,0.1388
643,864,1507,0.1388
642,862,1504,0.1388
644,871,1515,0.1388
642,881,1523,0.1388
629,870,1499,0.1388
625,864,1489,0.1388
629,860,1489,0.1388
635,862,1497,0.1388
634,868,1502,0.1388
628,865,1493,0.1388
628,876,1504,0.1388
636,882,1518,0.1388
638,876,1514,0.1388
636,873,1509,0.1388
631,882,1513,0.1388
630,873,1503,0.1388
625,877,1502,0.1388
626,888,1514,0.1388
624,880,1504,0.1388
626,877,1503,0.1388
623,879,1502,0.1388
617,888,1505,0.1388
611,889,1500,0.1388
609,874,1483,0.1388
613,883,1496,0.1388
614,885,1499,0.1388
621,880,1501,0.1388
624,879,1503,0.1388
617,895,1512,0.1388
608,888,1496,0.1388
609,894,1503,0.1388
609,899,1508,0.1388
619,896,1515,0.1388
610,900,1510,0.1388
614,892,1506,0.1388
608,901,1509,0.1388
603,898,1501,0.1388
604,896,1500,0.1388
610,903,1513,0.1388
612,900,1512,0.1388
611,897,1508,0.1388
608,891,1499,0.1388
599,900,1499,0.1388
602,905,1507,0.1388
596,906,1502,0.1388
600,905,1505,0.1388
600,912,1512,0.1388
600,904,1504,0.1388
596,909,1505,0.1388
591,911,1502,0.1388
596,915,1511,0.1388
597,911,1508,0.1388
596,918,1514,0.1388
596,914,1510,0.1388
597,903,1500,0.1388
600,899,1499,0.1388
602,909,1511,0.1388
610,908,1518,0.1388
607,908,1515,0.1388
603,908,1511,0.1388
602,903,1505,0.1388
613,895,1508,0.1388
616,903,1519,0.1388
612,903,1515,0.1388
606,908,1514,0.1388
604,912,1516,0.1388
604,900,1504,0.1388
603,898,1501,0.1388
597,896,1493,0.1388
600,893,1493,0.1388
600,901,1501,0.1388
599,904,1503,0.1388
590,912,1502,0.1388
593,918,1511,0.1388
606,926,1532,0.1388
607,922,1529,0.1388
606,917,1523,0.1388
605,926,1531,0.1388
605,921,1526,0.1388
602,914,1516,0.1388
605,913,1518,0.1388
605,900,1505,0.1388
610,899,1509,0.1388
611,893,1504,0.1388
620,894,1514,0.1388
618,886,1504,0.1388
622,887,1509,0.1388
625,882,1507,0.1388
620,879,1499,0.1388
617,894,1511,0.1388
622,902,1524,0.1388
608,898,1506,0.1388
616,899,1515,0.1388
617,900,1517,0.1388
615,903,1518,0.1388
608,899,1507,0.1388
616,895,1511,0.1388
608,908,1516,0.1388
602,906,1508,0.1388
597,899,1496,0.1388
596,895,1491,0.1388
602,897,1499,0.1388
602,896,1498,0.1388
599,882,1481,0.1388
593,895,1488,0.1388
600,896,1496,0.1388
601,896,1497,0.1388
601,902,1503,0.1388
603,898,1501,0.1388
604,900,1504,0.1388
608,900,1508,0.1388
603,904,1507,0.1388
601,914,1515,0.1388
603,901,1504,0.1388
599,905,1504,0.1388
604,910,1514,0.1388
596,899,1495,0.1388
600,892,1492,0.1388
595,904,1499,0.1388
581,905,1486,0.1388
578,915,1493,0.1388
576,928,1504,0.1388
579,926,1505,0.1388
589,912,1501,0.1388
585,913,1498,0.1388
592,910,1502,0.1388
591,918,1509,0.1388
588,912,1500,0.1388
586,912,1498,0.1388
579,902,1481,0.1388
578,910,1488,0.1388
573,917,1490,0.1388
578,912,1490,0.1388
580,912,1492,0.1388
589,913,1502,0.1388
587,917,1504,0.1388
589,919,1508,0.1388
586,912,1498,0.1388
587,921,1508,0.1388
585,911,1496,0.1388
581,928,1509,0.1388
588,929,1517,0.1388
581,923,1504,0.1388
582,919,1501,0.1388
589,916,1505,0.1388
588,915,1503,0.1388
596,920,1516,0.1388
598,918,1516,0.1388
591,914,1505,0.1388
594,912,1506,0.1388
590,904,1494,0.1388
590,915,1505,0.1388
587,909,1496,0.1388
586,927,1513,0.1388
581,918,1499,0.1388
582,915,1497,0.1388
591,911,1502,0.1388
586,924,1510,0.1388
587,925,1512,0.1388
581,921,1502,0.1388
576,927,1503,0.1388
578,921,1499,0.1388
574,934,1508,0.1388
569,936,1505,0.1388
566,945,1511,0.1388
566,942,1508,0.1388
569,936,1505,0.1388
564,922,1486,0.1388
559,935,1494,0.1388
560,937,1497,0.1388
559,932,1491,0.1388
561,933,1494,0.1388
564,933,1497,0.1388
557,944,1501,0.1388
559,947,1506,0.1388
547,945,1492,0.1388
552,952,1504,0.1388
549,955,1504,0.1388
539,964,1503,0.1388
535,961,1496,0.1388
535,958,1493,0.1388
547,949,1496,0.1388
549,960,1509,0.1388
544,975,1519,0.1388
544,976,1520,0.1388
547,981,1528,0.1388
543,977,1520,0.1388
542,966,1508,0.1388
538,969,1507,0.1388
537,969,1506,0.1388
535,968,1503,0.1388
541,974,1515,0.1388
541,971,1512,0.1388
538,968,1506,0.1388
535,977,1512,0.1388
532,978,1510,0.1388
524,977,1501,0.1388
532,983,1515,0.1388
532,993,1525,0.1388
545,979,1524,0.1388
541,980,1521,0.1388
542,975,1517,0.1388
541,974,1515,0.1388
536,983,1519,0.1388
537,985,1522,0.1388
530,987,1517,0.1388
527,981,1508,0.1388
527,967,1494,0.1388
532,980,1512,0.1388
530,984,1514,0.1388
536,987,1523,0.1388
532,993,1525,0.1388
532,986,1518,0.1388
529,985,1514,0.1388
531,985,1516,0.1388
524,980,1504,0.1388
526,978,1504,0.1388
524,984,1508,0.1388
528,994,1522,0.1388
521,995,1516,0.1388
516,995,1511,0.1388
520,1004,1524,0.1388
520,996,1516,0.1388
512,1013,1525,0.1388
510,1013,1523,0.1388
511,1017,1528,0.1388
506,1016,1522,0.1388
507,1013,1520,0.1388
502,1006,1508,0.1388
502,991,1493,0.1388
507,1004,1511,0.1388
503,1008,1511,0.1388
495,1009,1504,0.1388
491,1003,1494,0.1388
499,1004,1503,0.1388
499,1005,1504,0.1388
501,998,1499,0.1388
498,1005,1503,0.1388
502,1008,1510,0.1388
498,1006,1504,0.1388
505,1012,1517,0.1388
504,1012,1516,0.1388
496,1016,1512,0.1388
496,1014,1510,0.1388
496,1018,1514,0.1388
496,1024,1520,0.1388
499,1012,1511,0.1388
500,1007,1507,0.1388
501,999,1500,0.1388
507,1009,1516,0.1388
506,1023,1529,0.1388
508,1007,1515,0.1388
508,1002,1510,0.1388
511,1009,1520,0.1388
515,1002,1517,0.1388
520,998,1518,0.1388
521,1004,1525,0.1388
517,1001,1518,0.1388
512,997,1509,0.1388
514,993,1507,0.1388
511,992,1503,0.1388
514,996,1510,0.1388
511,985,1496,0.1388
513,985,1498,0.1388
509,1000,1509,0.1388
516,1002,1518,0.1388
513,1009,1522,0.1388
512,999,1511,0.1388
516,980,1496,0.1388
510,985,1495,0.1388
501,994,1495,0.1388
505,1007,1512,0.1388
505,997,1502,0.1388
504,1007,1511,0.1388
505,993,1498,0.1388
506,1006,1512,0.1388
503,1017,1520,0.1388
502,1024,1526,0.1388
504,1018,1522,0.1388
512,1013,1525,0.1388
508,1022,1530,0.1388
509,1018,1527,0.1388
504,1001,1505,0.1388
499,1003,1502,0.1388
503,1007,1510,0.1388
500,1019,1519,0.1388
498,1011,1509,0.1388
505,1015,1520,0.1388
506,1014,1520,0.1388
500,1028,1528,0.1388
492,1031,1523,0.1388
488,1024,1512,0.1388
490,1020,1510,0.1388
496,1019,1515,0.1388
491,1015,1506,0.1388
487,1013,1500,0.1388
487,1013,1500,0.1388
487,1019,1506,0.1388
489,1021,1510,0.1388
492,1015,1507,0.1388
493,1027,1520,0.1388
487,1017,1504,0.1388
486,1015,1501,0.1388
485,1019,1504,0.1388
484,1035,1519,0.1388
483,1039,1522,0.1388
483,1037,1520,0.1388
488,1031,1519,0.1388
486,1025,1511,0.1388
486,1012,1498,0.1388
485,1012,1497,0.1388
485,1022,1507,0.1388
487,1022,1509,0.1388
489,1016,1505,0.1388
486,1022,1508,0.1388
485,1024,1509,0.1388
481,1018,1499,0.1388
481,1014,1495,0.1388
486,1007,1493,0.1388
483,1015,1498,0.1388
481,1016,1497,0.1388
489,1029,1518,0.1388
487,1018,1505,0.1388
480,1026,1506,0.1388
487,1022,1509,0.1388
486,1021,1507,0.1388
486,1024,1510,0.1388
482,1034,1516,0.1388
479,1037,1516,0.1388
489,1040,1529,0.1388
488,1036,1524,0.1388
494,1029,1523,0.1388
489,1037,1526,0.1388
490,1035,1525,0.1388
486,1030,1516,0.1388
483,1034,1517,0.1388
480,1025,1505,0.1388
484,1030,1514,0.1388
483,1022,1505,0.1388
485,1020,1505,0.1388
484,1012,1496,0.1388
482,1020,1502,0.1388
479,1008,1487,0.1388
487,1024,1511,0.1388
486,1049,1535,0.1388
481,1043,1524,0.1388
471,1045,1516,0.1388
472,1050,1522,0.1388
480,1041,1521,0.1388
477,1041,1518,0.1388
467,1043,1510,0.1388
473,1042,1515,0.1388
471,1045,1516,0.1388
467,1056,1523,0.1388
477,1048,1525,0.1388
475,1038,1513,0.1388
472,1027,1499,0.1388
471,1026,1497,0.1388
475,1023,1498,0.1388
478,1030,1508,0.1388
477,1035,1512,0.1388
475,1042,1517,0.1388
487,1045,1532,0.1388
486,1032,1518,0.1388
482,1029,1511,0.1388
480,1031,1511,0.1388
483,1025,1508,0.1388
485,1026,1511,0.1388
482,1017,1499,0.1388
477,1022,1499,0.1388
477,1019,1496,0.1388
479,1022,1501,0.1388
475,1018,1493,0.1388
479,1017,1496,0.1388
486,1012,1498,0.1388
488,1010,1498,0.1388
488,1011,1499,0.1388
491,1019,1510,0.1388
490,1024,1514,0.1388
491,1027,1518,0.1388
495,1037,1532,0.1388
491,1022,1513,0.1388
486,1028,1514,0.1388
479,1015,1494,0.1388
487,1017,1504,0.1388
489,1006,1495,0.1388
495,1020,1515,0.1388
490,1029,1519,0.1388
488,1033,1521,0.1388
487,1032,1519,0.1388
490,1036,1526,0.1388
480,1029,1509,0.1388
480,1025,1505,0.1388
486,1045,1531,0.1388
485,1040,1525,0.1388
481,1030,1511,0.1388
480,1033,1513,0.1388
476,1025,1501,0.1388
473,1040,1513,0.1388
475,1040,1515,0.1388
474,1032,1506,0.1388
471,1041,1512,0.1388
479,1037,1516,0.1388
490,1030,1520,0.1388
494,1024,1518,0.1388
498,1024,1522,0.1388
500,1021,1521,0.1388
497,1024,1521,0.1388
496,1020,1516,0.1388
489,1024,1513,0.1388
485,1028,1513,0.1388
487,1025,1512,0.1388
487,1025,1512,0.1388
486,1020,1506,0.1388
478,1024,1502,0.1388
466,1032,1498,0.1388
479,1032,1511,0.1388
478,1039,1517,0.1388
478,1040,1518,0.1388
480,1043,1523,0.1388
482,1047,1529,0.1388
474,1029,1503,0.1388
479,1040,1519,0.1388
478,1041,1519,0.1388
481,1045,1526,0.1388
478,1033,1511,0.1388
478,1037,1515,0.1388
468,1031,1499,0.1388
478,1035,1513,0.1388
480,1032,1512,0.1388
477,1039,1516,0.1388
474,1041,1515,0.1388
474,1040,1514,0.1388
469,1041,1510,0.1388
467,1042,1509,0.1388
468,1040,1508,0.1388
474,1035,1509,0.1388
466,1030,1496,0.1388
469,1039,1508,0.1388
460,1047,1507,0.1388
462,1049,1511,0.1388
462,1042,1504,0.1388
462,1036,1498,0.1388
458,1031,1489,0.1388
457,1036,1493,0.1388
456,1038,1494,0.1388
468,1041,1509,0.1388
466,1054,1520,0.1388
464,1047,1511,0.1388
455,1039,1494,0.1388
464,1040,1504,0.1388
461,1039,1500,0.1388
461,1041,1502,0.1388
457,1052,1509,0.1388
454,1052,1506,0.1388
464,1040,1504,0.1388
468,1042,1510,0.1388
469,1048,1517,0.1388
470,1048,1518,0.1388
472,1049,1521,0.1388
475,1049,1524,0.1388
466,1048,1514,0.1388
463,1059,1522,0.1388
456,1051,1507,0.1388
448,1038,1486,0.1388
455,1050,1505,0.1388
449,1051,1500,0.1388
449,1052,1501,0.1388
442,1045,1487,0.1388
449,1054,1503,0.1388
448,1057,1505,0.1388
444,1063,1507,0.1388
445,1049,1494,0.1388
440,1062,1502,0.1388
442,1059,1501,0.1388
445,1065,1510,0.1388
449,1071,1520,0.1388
449,1061,1510,0.1388
449,1064,1513,0.1388
454,1072,1526,0.1388
458,1061,1519,0.1388
450,1075,1525,0.1388
443,1067,1510,0.1388
439,1066,1505,0.1388
437,1071,1508,0.1388
437,1066,1503,0.1388
431,1070,1501,0.1388
439,1078,1517,0.1388
437,1078,1515,0.1388
432,1083,1515,0.1388
435,1086,1521,0.1388
435,1084,1519,0.1388
433,1072,1505,0.1388
432,1082,1514,0.1388
432,1090,1522,0.1388
437,1085,1522,0.1388
434,1088,1522,0.1388
426,1084,1510,0.1388
426,1075,1501,0.1388
415,1076,1491,0.1388
408,1066,1474,0.1388
418,1077,1495,0.1388
424,1087,1511,0.1388
423,1088,1511,0.1388
426,1096,1522,0.1388
423,1100,1523,0.1388
416,1100,1516,0.1388
421,1098,1519,0.1388
420,1089,1509,0.1388
420,1095,1515,0.1388
421,1102,1523,0.1388
414,1092,1506,0.1388
409,1085,1494,0.1388
410,1089,1499,0.1388
404,1095,1499,0.1388
408,1103,1511,0.1388
419,1098,1517,0.1388
413,1099,1512,0.1388
421,1098,1519,0.1388
413,1079,1492,0.1388
421,1080,1501,0.1388
414,1083,1497,0.1388
412,1080,1492,0.1388
416,1094,1510,0.1388
412,1086,1498,0.1388
412,1079,1491,0.1388
409,1088,1497,0.1388
409,1106,1515,0.1388
409,1094,1503,0.1388
401,1096,1497,0.1388
398,1108,1506,0.1388
388,1112,1500,0.1388
390,1116,1506,0.1388
382,1106,1488,0.1388
383,1111,1494,0.1388
383,1111,1494,0.1388
386,1111,1497,0.1388
382,1119,1501,0.1388
378,1124,1502,0.1388
380,1130,1510,0.1388
381,1137,1518,0.1388
388,1133,1521,0.1388
376,1126,1502,0.1388
377,1131,1508,0.1388
381,1127,1508,0.1388
380,1131,1511,0.1388
382,1129,1511,0.1388
383,1132,1515,0.1388
383,1134,1517,0.1388
377,1135,1512,0.1388
384,1129,1513,0.1388
384,1131,1515,0.1388
381,1135,1516,0.1388
381,1132,1513,0.1388
381,1131,1512,0.1388
380,1130,1510,0.1388
380,1148,1528,0.1388
379,1155,1534,0.1388
379,1143,1522,0.1388
376,1142,1518,0.1388
374,1137,1511,0.1388
373,1138,1511,0.1388
374,1150,1524,0.1388
372,1149,1521,0.1388
368,1147,1515,0.1388
368,1144,1512,0.1388
366,1147,1513,0.1388
366,1147,1513,0.1388
362,1147,1509,0.1388
364,1141,1505,0.1388
363,1145,1508,0.1388
355,1147,1502,0.1388
358,1155,1513,0.1388
360,1155,1515,0.1388
355,1155,1510,0.1388
355,1156,1511,0.1388
352,1146,1498,0.1388
351,1150,1501,0.1388
357,1153,1510,0.1388
354,1143,1497,0.1388
353,1146,1499,0.1388
354,1156,1510,0.1388
363,1151,1514,0.1388
362,1139,1501,0.1388
362,1163,1525,0.1388
352,1164,1516,0.1388
354,1174,1528,0.1388
357,1167,1524,0.1388
362,1164,1526,0.1388
353,1159,1512,0.1388
351,1157,1508,0.1388
352,1160,1512,0.1388
350,1168,1518,0.1388
349,1170,1519,0.1388
348,1169,1517,0.1388
352,1160,1512,0.1388
351,1162,1513,0.1388
356,1161,1517,0.1388
356,1166,1522,0.1388
354,1162,1516,0.1388
350,1168,1518,0.1388
347,1175,1522,0.1388
345,1170,1515,0.1388
336,1161,1497,0.1388
330,1159,1489,0.1388
335,1158,1493,0.1388
334,1161,1495,0.1388
334,1158,1492,0.1388
343,1159,1502,0.1388
343,1161,1504,0.1388
338,1160,1498,0.1388
344,1159,1503,0.1388
338,1167,1505,0.1388
343,1173,1516,0.1388
341,1174,1515,0.1388
347,1168,1515,0.1388
349,1164,1513,0.1388
351,1171,1522,0.1388
350,1173,1523,0.1388
345,1170,1515,0.1388
349,1152,1501,0.1388
353,1149,1502,0.1388
358,1155,1513,0.1388
358,1160,1518,0.1388
366,1162,1528,0.1388
361,1152,1513,0.1388
363,1146,1509,0.1388
356,1146,1502,0.1388
350,1157,1507,0.1388
346,1158,1504,0.1388
350,1153,1503,0.1388
345,1154,1499,0.1388
343,1164,1507,0.1388
346,1171,1517,0.1388
349,1171,1520,0.1388
350,1185,1535,0.1388
349,1180,1529,0.1388
347,1179,1526,0.1388
346,1179,1525,0.1388
347,1178,1525,0.1388
346,1177,1523,0.1388
349,1173,1522,0.1388
344,1157,1501,0.1388
346,1163,1509,0.1388
349,1161,1510,0.1388
346,1169,1515,0.1388
347,1168,1515,0.1388
343,1173,1516,0.1388
342,1165,1507,0.1388
343,1164,1507,0.1388
341,1165,1506,0.1388
337,1183,1520,0.1388
336,1176,1512,0.1388
337,1161,1498,0.1388
330,1165,1495,0.1388
335,1167,1502,0.1388
338,1183,1521,0.1388
337,1169,1506,0.1388
329,1178,1507,0.1388
322,1182,1504,0.1388
328,1180,1508,0.1388
331,1179,1510,0.1388
335,1170,1505,0.1388
332,1180,1512,0.1388
329,1178,1507,0.1388
331,1180,1511,0.1388
333,1180,1513,0.1388
335,1188,1523,0.1388
328,1175,1503,0.1388
329,1174,1503,0.1388
333,1170,1503,0.1388
326,1172,1498,0.1388
332,1170,1502,0.1388
327,1168,1495,0.1388
320,1182,1502,0.1388
327,1189,1516,0.1388
324,1183,1507,0.1388
322,1191,1513,0.1388
322,1191,1513,0.1388
324,1192,1516,0.1388
326,1187,1513,0.1388
327,1185,1512,0.1388
324,1186,1510,0.1388
326,1191,1517,0.1388
325,1194,1519,0.1388
322,1182,1504,0.1388
321,1179,1500,0.1388
320,1188,1508,0.1388
325,1193,1518,0.1388
319,1186,1505,0.1388
319,1202,1521,0.1388
320,1194,1514,0.1388
314,1198,1512,0.1388
319,1201,1520,0.1388
315,1184,1499,0.1388
322,1179,1501,0.1388
328,1182,1510,0.1388
332,1172,1504,0.1388
334,1175,1509,0.1388
334,1185,1519,0.1388
336,1182,1518,0.1388
337,1182,1519,0.1388
329,1176,1505,0.1388
332,1182,1514,0.1388
326,1175,1501,0.1388
326,1177,1503,0.1388
319,1182,1501,0.1388
323,1182,1505,0.1388
325,1194,1519,0.1388
319,1195,1514,0.1388
317,1192,1509,0.1388
323,1199,1522,0.1388
322,1198,1520,0.1388
328,1196,1524,0.1388
327,1193,1520,0.1388
329,1198,1527,0.1388
323,1191,1514,0.1388
325,1186,1511,0.1388
324,1197,1521,0.1388
322,1178,1500,0.1388
322,1186,1508,0.1388
323,1186,1509,0.1388
325,1187,1512,0.1388
328,1173,1501,0.1388
331,1185,1516,0.1388
333,1179,1512,0.1388
331,1173,1504,0.1388
324,1175,1499,0.1388
326,1196,1522,0.1388
327,1206,1533,0.1388
331,1206,1537,0.1388
330,1198,1528,0.1388
327,1194,1521,0.1388
318,1196,1514,0.1388
324,1198,1522,0.1388
323,1207,1530,0.1388
323,1210,1533,0.1388
320,1203,1523,0.1388
317,1192,1509,0.1388
316,1184,1500,0.1388
314,1185,1499,0.1388
307,1181,1488,0.1388
309,1184,1493,0.1388
309,1177,1486,0.1388
309,1172,1481,0.1388
309,1193,1502,0.1388
314,1194,1508,0.1388
316,1192,1508,0.1388
319,1200,1519,0.1388
322,1182,1504,0.1388
315,1193,1508,0.1388
312,1197,1509,0.1388
314,1214,1528,0.1388
315,1215,1530,0.1388
314,1201,1515,0.1388
314,1200,1514,0.1388
306,1197,1503,0.1388
303,1202,1505,0.1388
308,1199,1507,0.1388
309,1188,1497,0.1388
312,1197,1509,0.1388
308,1193,1501,0.1388
306,1194,1500,0.1388
309,1188,1497,0.1388
313,1197,1510,0.1388
315,1196,1511,0.1388
313,1206,1519,0.1388
305,1211,1516,0.1388
301,1212,1513,0.1388
300,1227,1527,0.1388
309,1221,1530,0.1388
301,1210,1511,0.1388
298,1224,1522,0.1388
292,1218,1510,0.1388
289,1215,1504,0.1388
286,1221,1507,0.1388
291,1221,1512,0.1388
292,1215,1507,0.1388
294,1205,1499,0.1388
299,1202,1501,0.1388
304,1200,1504,0.1388
301,1215,1516,0.1388
300,1205,1505,0.1388
303,1215,1518,0.1388
302,1216,1518,0.1388
296,1217,1513,0.1388
292,1226,1518,0.1388
291,1224,1515,0.1388
290,1223,1513,0.1388
295,1219,1514,0.1388
294,1211,1505,0.1388
294,1208,1502,0.1388
289,1203,1492,0.1388
292,1214,1506,0.1388
290,1218,1508,0.1388
291,1216,1507,0.1388
294,1223,1517,0.1388
287,1225,1512,0.1388
293,1227,1520,0.1388
294,1237,1531,0.1388
293,1237,1530,0.1388
294,1241,1535,0.1388
286,1237,1523,0.1388
280,1250,1530,0.1388
281,1254,1535,0.1388
280,1244,1524,0.1388
274,1233,1507,0.1388
270,1234,1504,0.1388
268,1246,1514,0.1388
269,1239,1508,0.1388
272,1241,1513,0.1388
272,1233,1505,0.1388
270,1216,1486,0.1388
268,1229,1497,0.1388
265,1239,1504,0.1388
262,1237,1499,0.1388
262,1238,1500,0.1388
266,1241,1507,0.1388
267,1237,1504,0.1388
263,1245,1508,0.1388
269,1242,1511,0.1388
273,1233,1506,0.1388
280,1230,1510,0.1388
282,1235,1517,0.1388
280,1240,1520,0.1388
277,1244,1521,0.1388
272,1247,1519,0.1388
272,1244,1516,0.1388
274,1245,1519,0.1388
270,1252,1522,0.1388
271,1247,1518,0.1388
273,1241,1514,0.1388
278,1252,1530,0.1388
272,1250,1522,0.1388
269,1241,1510,0.1388
267,1247,1514,0.1388
267,1246,1513,0.1388
265,1239,1504,0.1388
267,1237,1504,0.1388
268,1239,1507,0.1388
270,1243,1513,0.1388
272,1239,1511,0.1388
267,1233,1500,0.1388
268,1228,1496,0.1388
264,1242,1506,0.1388
268,1245,1513,0.1388
270,1242,1512,0.1388
262,1243,1505,0.1388
259,1245,1504,0.1388
258,1247,1505,0.1388
265,1241,1506,0.1388
266,1236,1502,0.1388
267,1235,1502,0.1388
267,1250,1517,0.1388
268,1240,1508,0.1388
262,1244,1506,0.1388
262,1256,1518,0.1388
262,1239,1501,0.1388
257,1247,1504,0.1388
257,1239,1496,0.1388
257,1246,1503,0.1388
259,1248,1507,0.1388
262,1253,1515,0.1388
257,1250,1507,0.1388
258,1257,1515,0.1388
257,1254,1511,0.1388
260,1260,1520,0.1388
258,1264,1522,0.1388
260,1262,1522,0.1388
258,1277,1535,0.1388
255,1274,1529,0.1388
256,1257,1513,0.1388
248,1268,1516,0.1388
244,1257,1501,0.1388
243,1275,1518,0.1388
243,1286,1529,0.1388
238,1278,1516,0.1388
242,1287,1529,0.1388
240,1284,1524,0.1388
239,1275,1514,0.1388
240,1278,1518,0.1388
242,1272,1514,0.1388
238,1269,1507,0.1388
238,1272,1510,0.1388
239,1268,1507,0.1388
238,1277,1515,0.1388
241,1277,1518,0.1388
242,1273,1515,0.1388
245,1277,1522,0.1388
241,1265,1506,0.1388
245,1280,1525,0.1388
243,1273,1516,0.1388
241,1284,1525,0.1388
243,1286,1529,0.1388
241,1286,1527,0.1388
237,1286,1523,0.1388
234,1288,1522,0.1388
234,1288,1522,0.1388
235,1293,1528,0.1388
235,1280,1515,0.1388
231,1281,1512,0.1388
229,1286,1515,0.1388
227,1284,1511,0.1388
228,1291,1519,0.1388
230,1284,1514,0.1388
230,1285,1515,0.1388
236,1275,1511,0.1388
232,1275,1507,0.1388
229,1280,1509,0.1388
230,1287,1517,0.1388
227,1277,1504,0.1388
231,1264,1495,0.1388
229,1273,1502,0.1388
227,1271,1498,0.1388
232,1269,1501,0.1388
231,1265,1496,0.1388
229,1269,1498,0.1388
233,1279,1512,0.1388
234,1270,1504,0.1388
237,1267,1504,0.1388
235,1271,1506,0.1388
235,1267,1502,0.1388
238,1274,1512,0.1388
238,1271,1509,0.1388
239,1271,1510,0.1388
237,1272,1509,0.1388
239,1270,1509,0.1388
237,1264,1501,0.1388
238,1263,1501,0.1388
242,1259,1501,0.1388
243,1258,1501,0.1388
246,1252,1498,0.1388
248,1253,1501,0.1388
243,1257,1500,0.1388
245,1263,1508,0.1388
254,1274,1528,0.1388
248,1266,1514,0.1388
247,1260,1507,0.1388
246,1257,1503,0.1388
242,1272,1514,0.1388
238,1262,1500,0.1388
242,1254,1496,0.1388
241,1261,1502,0.1388
240,1263,1503,0.1388
242,1266,1508,0.1388
247,1278,1525,0.1388
248,1279,1527,0.1388
240,1279,1519,0.1388
244,1285,1529,0.1388
242,1288,1530,0.1388
244,1281,1525,0.1388
242,1282,1524,0.1388
240,1272,1512,0.1388
234,1269,1503,0.1388
229,1273,1502,0.1388
230,1268,1498,0.1388
230,1264,1494,0.1388
227,1269,1496,0.1388
229,1274,1503,0.1388
231,1281,1512,0.1388
228,1284,1512,0.1388
231,1285,1516,0.1388
235,1279,1514,0.1388
236,1273,1509,0.1388
234,1270,1504,0.1388
235,1277,1512,0.1388
231,1282,1513,0.1388
229,1291,1520,0.1388
228,1288,1516,0.1388
228,1283,1511,0.1388
229,1286,1515,0.1388
222,1293,1515,0.1388
221,1291,1512,0.1388
230,1291,1521,0.1388
230,1286,1516,0.1388
230,1285,1515,0.1388
229,1288,1517,0.1388
227,1284,1511,0.1388
228,1279,1507,0.1388
231,1278,1509,0.1388
228,1274,1502,0.1388
227,1281,1508,0.1388
225,1285,1510,0.1388
221,1287,1508,0.1388
222,1294,1516,0.1388
224,1292,1516,0.1388
223,1298,1521,0.1388
221,1295,1516,0.1388
224,1299,1523,0.1388
221,1304,1525,0.1388
215,1303,1518,0.1388
213,1300,1513,0.1388
207,1301,1508,0.1388
210,1308,1518,0.1388
207,1310,1517,0.1388
207,1313,1520,0.1388
205,1319,1524,0.1388
206,1320,1526,0.1388
209,1313,1522,0.1388
202,1316,1518,0.1388
200,1325,1525,0.1388
202,1311,1513,0.1388
202,1310,1512,0.1388
203,1309,1512,0.1388
201,1302,1503,0.1388
204,1309,1513,0.1388
210,1306,1516,0.1388
204,1314,1518,0.1388
203,1302,1505,0.1388
202,1298,1500,0.1388
199,1303,1502,0.1388
199,1304,1503,0.1388
204,1306,1510,0.1388
203,1316,1519,0.1388
200,1315,1515,0.1388
198,1314,1512,0.1388
202,1302,1504,0.1388
198,1309,1507,0.1388
198,1303,1501,0.1388
202,1318,1520,0.1388
203,1314,1517,0.1388
198,1326,1524,0.1388
201,1326,1527,0.1388
196,1324,1520,0.1388
192,1333,1525,0.1388
194,1333,1527,0.1388
195,1334,1529,0.1388
193,1333,1526,0.1388
189,1338,1527,0.1388
185,1328,1513,0.1388
190,1330,1520,0.1388
186,1320,1506,0.1388
189,1311,1500,0.1388
189,1316,1505,0.1388
184,1316,1500,0.1388
181,1322,1503,0.1388
176,1335,1511,0.1388
180,1327,1507,0.1388
181,1323,1504,0.1388
182,1322,1504,0.1388
181,1322,1503,0.1388
184,1324,1508,0.1388
183,1313,1496,0.1388
184,1313,1497,0.1388
178,1321,1499,0.1388
180,1317,1497,0.1388
177,1326,1503,0.1388
178,1322,1500,0.1388
178,1339,1517,0.1388
181,1328,1509,0.1388
181,1326,1507,0.1388
180,1320,1500,0.1388
182,1324,1506,0.1388
180,1327,1507,0.1388
182,1325,1507,0.1388
180,1328,1508,0.1388
182,1326,1508,0.1388
181,1329,1510,0.1388
178,1333,1511,0.1388
180,1327,1507,0.1388
180,1324,1504,0.1388
180,1323,1503,0.1388
179,1325,1504,0.1388
180,1325,1505,0.1388
181,1333,1514,0.1388
178,1334,1512,0.1388
176,1345,1521,0.1388
176,1331,1507,0.1388
176,1324,1500,0.1388
178,1332,1510,0.1388
179,1319,1498,0.1388
181,1321,1502,0.1388
179,1328,1507,0.1388
176,1341,1517,0.1388
179,1331,1510,0.1388
180,1323,1503,0.1388
181,1325,1506,0.1388
181,1322,1503,0.1388
181,1325,1506,0.1388
179,1330,1509,0.1388
177,1350,1527,0.1388
177,1348,1525,0.1388
176,1349,1525,0.1388
178,1354,1532,0.1388
177,1348,1525,0.1388
178,1338,1516,0.1388
178,1335,1513,0.1388
180,1353,1533,0.1388
171,1344,1515,0.1388
169,1347,1516,0.1388
170,1340,1510,0.1388
172,1336,1508,0.1388
173,1341,1514,0.1388
170,1340,1510,0.1388
168,1339,1507,0.1388
164,1346,1510,0.1388
163,1337,1500,0.1388
168,1344,1512,0.1388
168,1343,1511,0.1388
172,1342,1514,0.1388
170,1337,1507,0.1388
174,1340,1514,0.1388
170,1335,1505,0.1388
167,1348,1515,0.1388
164,1349,1513,0.1388
163,1346,1509,0.1388
165,1359,1524,0.1388
159,1354,1513,0.1388
157,1346,1503,0.1388
155,1354,1509,0.1388
155,1361,1516,0.1388
156,1348,1504,0.1388
159,1345,1504,0.1388
163,1349,1512,0.1388
163,1342,1505,0.1388
161,1363,1524,0.1388
162,1355,1517,0.1388
163,1352,1515,0.1388
160,1354,1514,0.1388
159,1352,1511,0.1388
162,1363,1525,0.1388
157,1361,1518,0.1388
158,1366,1524,0.1388
160,1352,1512,0.1388
162,1350,1512,0.1388
168,1348,1516,0.1388
164,1358,1522,0.1388
163,1354,1517,0.1388
160,1363,1523,0.1388
158,1353,1511,0.1388
159,1348,1507,0.1388
158,1352,1510,0.1388
157,1362,1519,0.1388
154,1362,1516,0.1388
158,1359,1517,0.1388
157,1349,1506,0.1388
156,1361,1517,0.1388
159,1369,1528,0.1388
162,1366,1528,0.1388
156,1354,1510,0.1388
156,1351,1507,0.1388
156,1354,1510,0.1388
158,1357,1515,0.1388
158,1355,1513,0.1388
151,1359,1510,0.1388
154,1354,1508,0.1388
152,1350,1502,0.1388
156,1361,1517,0.1388
155,1361,1516,0.1388
151,1363,1514,0.1388
149,1361,1510,0.1388
150,1363,1513,0.1388
151,1367,1518,0.1388
150,1367,1517,0.1388
150,1375,1525,0.1388
149,1368,1517,0.1388
147,1372,1519,0.1388
142,1367,1509,0.1388
143,1378,1521,0.1388
143,1384,1527,0.1388
140,1398,1538,0.1388
137,1379,1516,0.1388
139,1371,1510,0.1388
143,1364,1507,0.1388
147,1376,1523,0.1388
149,1370,1519,0.1388
148,1370,1518,0.1388
144,1375,1519,0.1388
146,1369,1515,0.1388
146,1376,1522,0.1388
145,1383,1528,0.1388
148,1384,1532,0.1388
145,1392,1537,0.1388
143,1374,1517,0.1388
143,1373,1516,0.1388
144,1380,1524,0.1388
144,1374,1518,0.1388
144,1368,1512,0.1388
146,1374,1520,0.1388
144,1371,1515,0.1388
147,1377,1524,0.1388
147,1371,1518,0.1388
146,1363,1509,0.1388
147,1365,1512,0.1388
142,1353,1495,0.1388
147,1373,1520,0.1388
144,1377,1521,0.1388
142,1369,1511,0.1388
138,1376,1514,0.1388
138,1363,1501,0.1388
135,1358,1493,0.1388
137,1361,1498,0.1388
142,1377,1519,0.1388
143,1374,1517,0.1388
139,1378,1517,0.1388
144,1379,1523,0.1388
142,1380,1522,0.1388
144,1377,1521,0.1388
146,1370,1516,0.1388
146,1372,1518,0.1388
147,1387,1534,0.1388
147,1396,1543,0.1388
146,1392,1538,0.1388
147,1387,1534,0.1388
145,1380,1525,0.1388
144,1381,1525,0.1388
144,1385,1529,0.1388
148,1378,1526,0.1388
143,1363,1506,0.1388
145,1349,1494,0.1388
144,1357,1501,0.1388
144,1362,1506,0.1388
143,1358,1501,0.1388
149,1361,1510,0.1388
147,1361,1508,0.1388
145,1372,1517,0.1388
145,1367,1512,0.1388
148,1374,1522,0.1388
146,1368,1514,0.1388
145,1352,1497,0.1388
142,1355,1497,0.1388
141,1359,1500,0.1388
138,1355,1493,0.1388
136,1372,1508,0.1388
140,1385,1525,0.1388
141,1384,1525,0.1388
141,1397,1538,0.1388
139,1386,1525,0.1388
137,1387,1524,0.1388
139,1390,1529,0.1388
137,1397,1534,0.1388
139,1367,1506,0.1388
136,1378,1514,0.1388
135,1383,1518,0.1388
130,1386,1516,0.1388
128,1387,1515,0.1388
127,1384,1511,0.1388
128,1388,1516,0.1388
125,1394,1519,0.1388
125,1388,1513,0.1388
124,1394,1518,0.1388
122,1386,1508,0.1388
121,1392,1513,0.1388
119,1395,1514,0.1388
117,1381,1498,0.1388
115,1395,1510,0.1388
117,1393,1510,0.1388
118,1405,1523,0.1388
117,1411,1528,0.1388
114,1396,1510,0.1388
118,1384,1502,0.1388
117,1380,1497,0.1388
118,1376,1494,0.1388
122,1366,1488,0.1388
120,1392,1512,0.1388
120,1386,1506,0.1388
123,1380,1503,0.1388
119,1386,1505,0.1388
116,1384,1500,0.1388
118,1401,1519,0.1388
120,1400,1520,0.1388
117,1408,1525,0.1388
118,1391,1509,0.1388
114,1387,1501,0.1388
121,1383,1504,0.1388
116,1375,1491,0.1388
116,1373,1489,0.1388
117,1387,1504,0.1388
118,1395,1513,0.1388
120,1393,1513,0.1388
122,1387,1509,0.1388
118,1392,1510,0.1388
116,1398,1514,0.1388
113,1384,1497,0.1388
117,1380,1497,0.1388
123,1397,1520,0.1388
120,1380,1500,0.1388
118,1379,1497,0.1388
121,1393,1514,0.1388
117,1395,1512,0.1388
119,1408,1527,0.1388
118,1398,1516,0.1388
116,1411,1527,0.1388
111,1408,1519,0.1388
108,1414,1522,0.1388
110,1401,1511,0.1388
115,1405,1520,0.1388
117,1396,1513,0.1388
117,1398,1515,0.1388
113,1405,1518,0.1388
111,1407,1518,0.1388
112,1412,1524,0.1388
110,1401,1511,0.1388
111,1410,1521,0.1388
107,1407,1514,0.1388
106,1415,1521,0.1388
106,1418,1524,0.1388
104,1419,1523,0.1388
105,1414,1519,0.1388
108,1417,1525,0.1388
105,1418,1523,0.1388
104,1420,1524,0.1388
105,1419,1524,0.1388
107,1421,1528,0.1388
105,1413,1518,0.1388
108,1415,1523,0.1388
105,1398,1503,0.1388
105,1409,1514,0.1388
102,1408,1510,0.1388
99,1408,1507,0.1388
101,1416,1517,0.1388
94,1425,1519,0.1388
93,1417,1510,0.1388
95,1417,1512,0.1388
96,1409,1505,0.1388
99,1405,1504,0.1388
99,1414,1513,0.1388
99,1408,1507,0.1388
94,1415,1509,0.1388
97,1417,1514,0.1388
94,1425,1519,0.1388
93,1422,1515,0.1388
97,1414,1511,0.1388
98,1418,1516,0.1388
96,1411,1507,0.1388
90,1408,1498,0.1388
94,1409,1503,0.1388
92,1407,1499,0.1388
96,1410,1506,0.1388
99,1404,1503,0.1388
102,1407,1509,0.1388
101,1413,1514,0.1388
101,1410,1511,0.1388
99,1418,1517,0.1388
99,1403,1502,0.1388
101,1415,1516,0.1388
99,1408,1507,0.1388
102,1417,1519,0.1388
102,1417,1519,0.1388
103,1407,1510,0.1388
100,1400,1500,0.1388
102,1410,1512,0.1388
104,1418,1522,0.1388
102,1418,1520,0.1388
102,1406,1508,0.1388
106,1405,1511,0.1388
105,1405,1510,0.1388
101,1397,1498,0.1388
99,1405,1504,0.1388
98,1410,1508,0.1388
99,1404,1503,0.1388
98,1412,1510,0.1388
99,1422,1521,0.1388
99,1412,1511,0.1388
97,1415,1512,0.1388
95,1416,1511,0.1388
97,1417,1514,0.1388
98,1428,1526,0.1388
98,1435,1533,0.1388
96,1427,1523,0.1388
97,1430,1527,0.1388
97,1415,1512,0.1388
95,1423,1518,0.1388
96,1430,1526,0.1388
96,1424,1520,0.1388
95,1409,1504,0.1388
97,1425,1522,0.1388
98,1427,1525,0.1388
95,1433,1528,0.1388
94,1432,1526,0.1388
93,1441,1534,0.1388
92,1420,1512,0.1388
87,1430,1517,0.1388
82,1435,1517,0.1388
89,1437,1526,0.1388
89,1436,1525,0.1388
89,1431,1520,0.1388
87,1437,1524,0.1388
89,1431,1520,0.1388
90,1431,1521,0.1388
86,1426,1512,0.1388
86,1423,1509,0.1388
87,1422,1509,0.1388
83,1423,1506,0.1388
83,1421,1504,0.1388
81,1417,1498,0.1388
83,1437,1520,0.1388
84,1434,1518,0.1388
86,1422,1508,0.1388
89,1418,1507,0.1388
89,1428,1517,0.1388
91,1428,1519,0.1388
89,1410,1499,0.1388
82,1415,1497,0.1388
84,1425,1509,0.1388
85,1423,1508,0.1388
82,1410,1492,0.1388
81,1412,1493,0.1388
80,1431,1511,0.1388
77,1436,1513,0.1388
78,1432,1510,0.1388
80,1432,1512,0.1388
80,1427,1507,0.1388
78,1425,1503,0.1388
78,1436,1514,0.1388
76,1439,1515,0.1388
79,1434,1513,0.1388
82,1444,1526,0.1388
79,1435,1514,0.1388
76,1435,1511,0.1388
78,1438,1516,0.1388
74,1443,1517,0.1388
77,1441,1518,0.1388
74,1443,1517,0.1388
72,1444,1516,0.1388
69,1436,1505,0.1388
71,1439,1510,0.1388
75,1443,1518,0.1388
75,1438,1513,0.1388
72,1440,1512,0.1388
73,1439,1512,0.1388
73,1427,1500,0.1388
75,1430,1505,0.1388
72,1435,1507,0.1388
69,1430,1499,0.1388
71,1428,1499,0.1388
67,1428,1495,0.1388
69,1432,1501,0.1388
70,1426,1496,0.1388
73,1430,1503,0.1388
75,1445,1520,0.1388
72,1447,1519,0.1388
74,1442,1516,0.1388
75,1446,1521,0.1388
70,1435,1505,0.1388
72,1439,1511,0.1388
69,1439,1508,0.1388
69,1424,1493,0.1388
68,1447,1515,0.1388
66,1441,1507,0.1388
67,1450,1517,0.1388
69,1453,1522,0.1388
68,1456,1524,0.1388
68,1451,1519,0.1388
65,1459,1524,0.1388
68,1462,1530,0.1388
69,1456,1525,0.1388
69,1450,1519,0.1388
69,1444,1513,0.1388
68,1449,1517,0.1388
68,1449,1517,0.1388
66,1460,1526,0.1388
67,1461,1528,0.1388
70,1471,1541,0.1388
70,1457,1527,0.1388
68,1451,1519,0.1388
68,1442,1510,0.1388
70,1443,1513,0.1388
70,1443,1513,0.1388
71,1439,1510,0.1388
65,1450,1515,0.1388
63,1450,1513,0.1388
64,1444,1508,0.1388
64,1442,1506,0.1388
65,1443,1508,0.1388
67,1445,1512,0.1388
64,1464,1528,0.1388
67,1462,1529,0.1388
63,1454,1517,0.1388
64,1436,1500,0.1388
65,1444,1509,0.1388
63,1453,1516,0.1388
61,1445,1506,0.1388
59,1462,1521,0.1388
58,1461,1519,0.1388
54,1449,1503,0.1388
55,1442,1497,0.1388
54,1440,1494,0.1388
53,1450,1503,0.1388
53,1461,1514,0.1388
53,1467,1520,0.1388
55,1464,1519,0.1388
54,1463,1517,0.1388
53,1465,1518,0.1388
51,1450,1501,0.1388
52,1454,1506,0.1388
52,1452,1504,0.1388
53,1461,1514,0.1388
52,1466,1518,0.1388
53,1463,1516,0.1388
54,1464,1518,0.1388
51,1480,1531,0.1388
49,1471,1520,0.1388
49,1458,1507,0.1388
52,1466,1518,0.1388
53,1473,1526,0.1388
52,1479,1531,0.1388
50,1479,1529,0.1388
52,1472,1524,0.1388
50,1475,1525,0.1388
53,1467,1520,0.1388
54,1474,1528,0.1388
55,1476,1531,0.1388
55,1465,1520,0.1388
53,1461,1514,0.1388
53,1461,1514,0.1388
54,1463,1517,0.1388
52,1473,1525,0.1388
50,1473,1523,0.1388
51,1476,1527,0.1388
51,1477,1528,0.1388
51,1481,1532,0.1388
50,1467,1517,0.1388
48,1468,1516,0.1388
50,1475,1525,0.1388
50,1464,1514,0.1388
50,1473,1523,0.1388
50,1470,1520,0.1388
48,1458,1506,0.1388
46,1464,1510,0.1388
47,1466,1513,0.1388
48,1475,1523,0.1388
47,1480,1527,0.1388
48,1471,1519,0.1388
46,1467,1513,0.1388
45,1479,1524,0.1388
46,1483,1529,0.1388
46,1480,1526,0.1388
45,1470,1515,0.1388
45,1470,1515,0.1388
46,1478,1524,0.1388
48,1470,1518,0.1388
47,1466,1513,0.1388
47,1456,1503,0.1388
48,1472,1520,0.1388
48,1469,1517,0.1388
45,1469,1514,0.1388
43,1474,1517,0.1388
43,1478,1521,0.1388
44,1471,1515,0.1388
43,1475,1518,0.1388
40,1469,1509,0.1388
41,1466,1507,0.1388
45,1468,1513,0.1388
44,1465,1509,0.1388
43,1469,1512,0.1388
42,1472,1514,0.1388
43,1481,1524,0.1388
45,1464,1509,0.1388
43,1473,1516,0.1388
43,1480,1523,0.1388
42,1478,1520,0.1388
43,1477,1520,0.1388
45,1468,1513,0.1388
44,1464,1508,0.1388
44,1467,1511,0.1388
45,1478,1523,0.1388
46,1481,1527,0.1388
47,1488,1535,0.1388
46,1477,1523,0.1388
47,1478,1525,0.1388
47,1471,1518,0.1388
46,1483,1529,0.1388
44,1481,1525,0.1388
46,1489,1535,0.1388
46,1479,1525,0.1388
45,1482,1527,0.1388
44,1467,1511,0.1388
41,1477,1518,0.1388
39,1478,1517,0.1388
41,1467,1508,0.1388
42,1478,1520,0.1388
40,1475,1515,0.1388
39,1475,1514,0.1388
40,1477,1517,0.1388
38,1485,1523,0.1388
37,1477,1514,0.1388
37,1476,1513,0.1388
35,1478,1513,0.1388
32,1477,1509,0.1388
33,1483,1516,0.1388
31,1488,1519,0.1388
32,1484,1516,0.1388
30,1483,1513,0.1388
30,1495,1525,0.1388
31,1496,1527,0.1388
33,1494,1527,0.1388
33,1480,1513,0.1388
34,1481,1515,0.1388
34,1482,1516,0.1388
33,1477,1510,0.1388
33,1476,1509,0.1388
33,1484,1517,0.1388
33,1482,1515,0.1388
33,1470,1503,0.1388
32,1476,1508,0.1388
33,1479,1512,0.1388
31,1478,1509,0.1388
31,1486,1517,0.1388
31,1481,1512,0.1388
31,1491,1522,0.1388
31,1484,1515,0.1388
29,1485,1514,0.1388
31,1489,1520,0.1388
32,1478,1510,0.1388
29,1471,1500,0.1388
30,1482,1512,0.1388
29,1483,1512,0.1388
29,1493,1522,0.1388
32,1493,1525,0.1388
34,1493,1527,0.1388
34,1490,1524,0.1388
33,1484,1517,0.1388
32,1491,1523,0.1388
31,1486,1517,0.1388
33,1490,1523,0.1388
34,1486,1520,0.1388
33,1490,1523,0.1388
32,1494,1526,0.1388
32,1491,1523,0.1388
32,1484,1516,0.1388
30,1489,1519,0.1388
30,1482,1512,0.1388
29,1483,1512,0.1388
29,1492,1521,0.1388
29,1481,1510,0.1388
29,1474,1503,0.1388
29,1464,1493,0.1388
29,1469,1498,0.1388
28,1477,1505,0.1388
27,1484,1511,0.1388
29,1481,1510,0.1388
30,1486,1516,0.1388
29,1470,1499,0.1388
29,1483,1512,0.1388
27,1473,1500,0.1388
28,1481,1509,0.1388
30,1478,1508,0.1388
31,1488,1519,0.1388
31,1485,1516,0.1388
31,1485,1516,0.1388
30,1492,1522,0.1388
30,1492,1522,0.1388
30,1474,1504,0.1388
29,1492,1521,0.1388
29,1486,1515,0.1388
30,1479,1509,0.1388
29,1479,1508,0.1388
29,1484,1513,0.1388
29,1477,1506,0.1388
27,1475,1502,0.1388
27,1480,1507,0.1388
27,1473,1500,0.1388
28,1473,1501,0.1388
29,1466,1495,0.1388
27,1476,1503,0.1388
25,1483,1508,0.1388
26,1481,1507,0.1388
27,1479,1506,0.1388
29,1479,1508,0.1388
30,1482,1512,0.1388
32,1504,1536,0.1388
32,1502,1534,0.1388
33,1489,1522,0.1388
33,1483,1516,0.1388
32,1485,1517,0.1388
32,1484,1516,0.1388
32,1482,1514,0.1388
32,1490,1522,0.1388
31,1494,1525,0.1388
29,1496,1525,0.1388
29,1495,1524,0.1388
29,1487,1516,0.1388
26,1505,1531,0.1388
27,1505,1532,0.1388
28,1503,1531,0.1388
28,1494,1522,0.1388
28,1489,1517,0.1388
30,1470,1500,0.1388
30,1484,1514,0.1388
30,1486,1516,0.1388
30,1488,1518,0.1388
28,1493,1521,0.1388
27,1481,1508,0.1388
28,1494,1522,0.1388
28,1487,1515,0.1388
28,1500,1528,0.1388
28,1494,1522,0.1388
29,1507,1536,0.1388
26,1496,1522,0.1388
27,1493,1520,0.1388
28,1487,1515,0.1388
28,1488,1516,0.1388
29,1491,1520,0.1388
29,1488,1517,0.1388
28,1482,1510,0.1388
27,1481,1508,0.1388
29,1463,1492,0.1388
28,1470,1498,0.1388
27,1485,1512,0.1388
28,1489,1517,0.1388
27,1484,1511,0.1388
27,1487,1514,0.1388
27,1490,1517,0.1388
25,1490,1515,0.1388
26,1475,1501,0.1388
24,1479,1503,0.1388
23,1475,1498,0.1388
27,1479,1506,0.1388
26,1467,1493,0.1388
26,1476,1502,0.1388
26,1477,1503,0.1388
26,1478,1504,0.1388
25,1481,1506,0.1388
25,1482,1507,0.1388
25,1483,1508,0.1388
25,1477,1502,0.1388
26,1481,1507,0.1388
26,1494,1520,0.1388
26,1489,1515,0.1388
26,1495,1521,0.1388
25,1501,1526,0.1388
25,1506,1531,0.1388
24,1500,1524,0.1388
24,1492,1516,0.1388
22,1482,1504,0.1388
23,1485,1508,0.1388
21,1490,1511,0.1388
21,1489,1510,0.1388
21,1490,1511,0.1388
20,1478,1498,0.1388
19,1490,1509,0.1388
18,1493,1511,0.1388
19,1498,1517,0.1388
19,1507,1526,0.1388
19,1507,1526,0.1388
19,1504,1523,0.1388
21,1499,1520,0.1388
21,1500,1521,0.1388
21,1506,1527,0.1388
21,1504,1525,0.1388
21,1499,1520,0.1388
22,1493,1515,0.1388
20,1502,1522,0.1388
20,1500,1520,0.1388
19,1504,1523,0.1388
19,1509,1528,0.1388
19,1498,1517,0.1388
20,1498,1518,0.1388
21,1504,1525,0.1388
21,1492,1513,0.1388
21,1493,1514,0.1388
21,1489,1510,0.1388
21,1481,1502,0.1388
20,1487,1507,0.1388
21,1489,1510,0.1388
22,1492,1514,0.1388
21,1492,1513,0.1388
20,1495,1515,0.1388
21,1499,1520,0.1388
21,1491,1512,0.1388
19,1507,1526,0.1388
21,1489,1510,0.1388
21,1495,1516,0.1388
20,1489,1509,0.1388
17,1486,1503,0.1388
17,1487,1504,0.1388
19,1487,1506,0.1388
17,1493,1510,0.1388
17,1496,1513,0.1388
18,1498,1516,0.1388
17,1500,1517,0.1388
17,1492,1509,0.1388
18,1506,1524,0.1388
18,1501,1519,0.1388
18,1489,1507,0.1388
17,1499,1516,0.1388
17,1490,1507,0.1388
16,1486,1502,0.1388
15,1498,1513,0.1388
16,1505,1521,0.1388
16,1512,1528,0.1388
16,1505,1521,0.1388
15,1514,1529,0.1388
15,1505,1520,0.1388
14,1525,1539,0.1388
13,1511,1524,0.1388
14,1510,1524,0.1388
12,1505,1517,0.1388
12,1491,1503,0.1388
12,1504,1516,0.1388
13,1498,1511,0.1388
13,1500,1513,0.1388
12,1502,1514,0.1388
12,1510,1522,0.1388
12,1510,1522,0.1388
12,1514,1526,0.1388
12,1510,1522,0.1388
12,1517,1529,0.1388
12,1509,1521,0.1388
12,1520,1532,0.1388
12,1525,1537,0.1388
12,1499,1511,0.1388
12,1507,1519,0.1388
12,1505,1517,0.1388
12,1489,1501,0.1388
13,1492,1505,0.1388
14,1500,1514,0.1388
13,1504,1517,0.1388
14,1500,1514,0.1388
15,1499,1514,0.1388
15,1483,1498,0.1388
14,1498,1512,0.1388
14,1497,1511,0.1388
14,1511,1525,0.1388
14,1506,1520,0.1388
14,1503,1517,0.1388
14,1514,1528,0.1388
15,1516,1531,0.1388
14,1531,1545,0.1388
13,1522,1535,0.1388
13,1520,1533,0.1388
13,1508,1521,0.1388
12,1505,1517,0.1388
12,1510,1522,0.1388
11,1506,1517,0.1388
11,1512,1523,0.1388
11,1505,1516,0.1388
12,1496,1508,0.1388
11,1502,1513,0.1388
11,1504,1515,0.1388
11,1503,1514,0.1388
12,1497,1509,0.1388
12,1488,1500,0.1388
12,1504,1516,0.1388
11,1510,1521,0.1388
11,1511,1522,0.1388
11,1506,1517,0.1388
12,1512,1524,0.1388
12,1498,1510,0.1388
12,1512,1524,0.1388
12,1492,1504,0.1388
12,1501,1513,0.1388
12,1510,1522,0.1388
11,1507,1518,0.1388
11,1496,1507,0.1388
11,1505,1516,0.1388
11,1501,1512,0.1388
11,1495,1506,0.1388
12,1504,1516,0.1388
11,1507,1518,0.1388
11,1505,1516,0.1388
12,1494,1506,0.1388
12,1498,1510,0.1388
10,1499,1509,0.1388
9,1512,1521,0.1388
8,1509,1517,0.1388
8,1523,1531,0.1388
8,1517,1525,0.1388
8,1518,1526,0.1388
8,1519,1527,0.1388
7,1513,1520,0.1388
6,1506,1512,0.1388
6,1483,1489,0.1388
6,1490,1496,0.1388
6,1521,1527,0.1388
6,1508,1514,0.1388
6,1502,1508,0.1388
7,1508,1515,0.1388
7,1498,1505,0.1388
7,1517,1524,0.1388
7,1529,1536,0.1388
6,1513,1519,0.1388
6,1513,1519,0.1388
6,1515,1521,0.1388
6,1505,1511,0.1388
6,1504,1510,0.1388
7,1494,1501,0.1388
7,1495,1502,0.1388
7,1501,1508,0.1388
7,1520,1527,0.1388
7,1517,1524,0.1388
7,1509,1516,0.1388
6,1513,1519,0.1388
6,1507,1513,0.1388
6,1513,1519,0.1388
6,1518,1524,0.1388
6,1516,1522,0.1388
9,1508,1517,0.1388
9,1492,1501,0.1388
9,1510,1519,0.1388
9,1516,1525,0.1388
10,1508,1518,0.1388
9,1499,1508,0.1388
8,1507,1515,0.1388
7,1511,1518,0.1388
7,1517,1524,0.1388
7,1522,1529,0.1388
6,1512,1518,0.1388
6,1507,1513,0.1388
6,1514,1520,0.1388
6,1518,1524,0.1388
6,1512,1518,0.1388
6,1508,1514,0.1388
6,1512,1518,0.1388
6,1506,1512,0.1388
6,1507,1513,0.1388
6,1510,1516,0.1388
6,1504,1510,0.1388
5,1511,1516,0.1388
5,1502,1507,0.1388
4,1512,1516,0.1388
5,1505,1510,0.1388
5,1508,1513,0.1388
5,1510,1515,0.1388
5,1517,1522,0.1388
5,1501,1506,0.1388
5,1510,1515,0.1388
5,1506,1511,0.1388
5,1500,1505,0.1388
4,1520,1524,0.1388
4,1515,1519,0.1388
5,1507,1512,0.1388
5,1513,1518,0.1388
5,1522,1527,0.1388
5,1508,1513,0.1388
3,1526,1529,0.1388
4,1529,1533,0.1388
4,1514,1518,0.1388
4,1529,1533,0.1388
4,1526,1530,0.1388
4,1520,1524,0.1388
4,1509,1513,0.1388
4,1515,1519,0.1388
4,1507,1511,0.1388
3,1508,1511,0.1388
3,1509,1512,0.1388
3,1520,1523,0.1388
3,1526,1529,0.1388
3,1510,1513,0.1388
3,1509,1512,0.1388
4,1496,1500,0.1388
4,1507,1511,0.1388
4,1500,1504,0.1388
4,1502,1506,0.1388
4,1507,1511,0.1388
4,1510,1514,0.1388
4,1514,1518,0.1388
4,1513,1517,0.1388
4,1512,1516,0.1388
4,1517,1521,0.1388
4,1511,1515,0.1388
4,1509,1513,0.1388
4,1521,1525,0.1388
4,1529,1533,0.1388
5,1523,1528,0.1388
4,1524,1528,0.1388
4,1518,1522,0.1388
4,1518,1522,0.1388
4,1518,1522,0.1388
4,1514,1518,0.1388
4,1503,1507,0.1388
2,1508,1510,0.1388
2,1506,1508,0.1388
2,1518,1520,0.1388
2,1513,1515,0.1388
2,1505,1507,0.1388
2,1506,1508,0.1388
2,1507,1509,0.1388
2,1508,1510,0.1388
2,1503,1505,0.1388
2,1519,1521,0.1388
2,1520,1522,0.1388
2,1515,1517,0.1388
3,1512,1515,0.1388
3,1519,1522,0.1388
3,1520,1523,0.1388
3,1509,1512,0.1388
3,1506,1509,0.1388
3,1502,1505,0.1388
4,1508,1512,0.1388
4,1515,1519,0.1388
4,1513,1517,0.1388
4,1506,1510,0.1388
4,1513,1517,0.1388
4,1514,1518,0.1388
4,1523,1527,0.1388
4,1517,1521,0.1388
4,1515,1519,0.1388
4,1513,1517,0.1388
4,1520,1524,0.1388
4,1523,1527,0.1388
4,1528,1532,0.1388
4,1527,1531,0.1388
5,1510,1515,0.1388
5,1501,1506,0.1388
5,1501,1506,0.1388
5,1513,1518,0.1388
5,1520,1525,0.1388
5,1508,1513,0.1388
5,1501,1506,0.1388
5,1505,1510,0.1388
5,1515,1520,0.1388
5,1516,1521,0.1388
4,1521,1525,0.1388
5,1525,1530,0.1388
5,1522,1527,0.1388
5,1506,1511,0.1388
5,1494,1499,0.1388
5,1508,1513,0.1388
5,1490,1495,0.1388
6,1501,1507,0.1388
6,1501,1507,0.1388
6,1516,1522,0.1388
6,1512,1518,0.1388
6,1514,1520,0.1388
5,1519,1524,0.1388
5,1527,1532,0.1388
5,1520,1525,0.1388
5,1518,1523,0.1388
5,1517,1522,0.1388
6,1508,1514,0.1388
7,1509,1516,0.1388
7,1500,1507,0.1388
7,1502,1509,0.1388
5,1511,1516,0.1388
5,1504,1509,0.1388
5,1518,1523,0.1388
5,1520,1525,0.1388
5,1525,1530,0.1388
5,1518,1523,0.1388
4,1512,1516,0.1388
5,1504,1509,0.1388
4,1497,1501,0.1388
3,1516,1519,0.1388
3,1528,1531,0.1388
3,1528,1531,0.1388
3,1523,1526,0.1388
3,1512,1515,0.1388
3,1504,1507,0.1388
2,1523,1525,0.1388
2,1522,1524,0.1388
2,1534,1536,0.1388
2,1526,1528,0.1388
2,1513,1515,0.1388
2,1502,1504,0.1388
2,1503,1505,0.1388
2,1503,1505,0.1388
2,1507,1509,0.1388
2,1512,1514,0.1388
2,1509,1511,0.1388
2,1502,1504,0.1388
2,1501,1503,0.1388
2,1501,1503,0.1388
2,1501,1503,0.1388
2,1507,1509,0.1388
1,1511,1512,0.1388
1,1518,1519,0.1388
1,1520,1521,0.1388
1,1525,1526,0.1388
1,1526,1527,0.1388
1,1523,1524,0.1388
0,1509,1509,0.1388
