1368,30,1398,0.1388
1405,37,1442,0.1388
1424,35,1459,0.1388
1430,35,1465,0.1388
1451,35,1486,0.1388
1451,37,1488,0.1388
1457,37,1494,0.1388
1445,36,1481,0.1388
1439,37,1476,0.1388
1441,38,1479,0.1388
1438,41,1479,0.1388
1441,39,1480,0.1388
1448,37,1485,0.1388
1451,39,1490,0.1388
1435,38,1473,0.1388
1421,39,1460,0.1388
1426,39,1465,0.1388
1441,40,1481,0.1388
1441,43,1484,0.1388
1451,43,1494,0.1388
1456,43,1499,0.1388
1453,43,1496,0.1388
1448,46,1494,0.1388
1450,47,1497,0.1388
1440,47,1487,0.1388
1437,47,1484,0.1388
1435,45,1480,0.1388
1448,43,1491,0.1388
1456,43,1499,0.1388
1455,44,1499,0.1388
1450,43,1493,0.1388
1445,44,1489,0.1388
1449,44,1493,0.1388
1450,44,1494,0.1388
1444,45,1489,0.1388
1444,46,1490,0.1388
1462,48,1510,0.1388
1450,49,1499,0.1388
1454,49,1503,0.1388
1451,50,1501,0.1388
1438,49,1487,0.1388
1437,52,1489,0.1388
1427,54,1481,0.1388
1430,56,1486,0.1388
1422,60,1482,0.1388
1419,58,1477,0.1388
1424,61,1485,0.1388
1434,62,1496,0.1388
1432,62,1494,0.1388
1425,61,1486,0.1388
1431,62,1493,0.1388
1447,63,1510,0.1388
1443,62,1505,0.1388
1450,60,1510,0.1388
1442,62,1504,0.1388
1432,61,1493,0.1388
1430,65,1495,0.1388
1427,68,1495,0.1388
1439,70,1509,0.1388
1439,70,1509,0.1388
1436,71,1507,0.1388
1434,70,1504,0.1388
1439,70,1509,0.1388
1441,63,1504,0.1388
1434,62,1496,0.1388
1418,64,1482,0.1388
1415,61,1476,0.1388
1408,62,1470,0.1388
1410,62,1472,0.1388
1412,64,1476,0.1388
1425,65,1490,0.1388
1423,69,1492,0.1388
1415,68,1483,0.1388
1435,64,1499,0.1388
1428,64,1492,0.1388
1430,63,1493,0.1388
1431,63,1494,0.1388
1408,62,1470,0.1388
1418,64,1482,0.1388
1427,64,1491,0.1388
1424,66,1490,0.1388
1433,65,1498,0.1388
1434,66,1500,0.1388
1420,68,1488,0.1388
1438,66,1504,0.1388
1441,67,1508,0.1388
1431,65,1496,0.1388
1431,63,1494,0.1388
1431,65,1496,0.1388
1438,66,1504,0.1388
1439,66,1505,0.1388
1426,65,1491,0.1388
1437,67,1504,0.1388
1424,69,1493,0.1388
1418,73,1491,0.1388
1422,74,1496,0.1388
1418,77,1495,0.1388
1428,78,1506,0.1388
1411,75,1486,0.1388
1404,72,1476,0.1388
1405,75,1480,0.1388
1412,75,1487,0.1388
1413,75,1488,0.1388
1421,75,1496,0.1388
1418,77,1495,0.1388
1423,76,1499,0.1388
1414,74,1488,0.1388
1416,77,1493,0.1388
1411,78,1489,0.1388
1413,80,1493,0.1388
1432,78,1510,0.1388
1422,80,1502,0.1388
1421,79,1500,0.1388
1418,83,1501,0.1388
1419,81,1500,0.1388
1423,80,1503,0.1388
1409,79,1488,0.1388
1410,80,1490,0.1388
1421,79,1500,0.1388
1414,76,1490,0.1388
1416,78,1494,0.1388
1420,79,1499,0.1388
1421,82,1503,0.1388
1418,84,1502,0.1388
1413,87,1500,0.1388
1411,89,1500,0.1388
1411,89,1500,0.1388
1414,90,1504,0.1388
1413,90,1503,0.1388
1404,92,1496,0.1388
1406,89,1495,0.1388
1400,88,1488,0.1388
1395,86,1481,0.1388
1395,88,1483,0.1388
1398,89,1487,0.1388
1410,89,1499,0.1388
1405,89,1494,0.1388
1412,89,1501,0.1388
1429,86,1515,0.1388
1405,88,1493,0.1388
1405,89,1494,0.1388
1400,87,1487,0.1388
1401,89,1490,0.1388
1401,87,1488,0.1388
1407,87,1494,0.1388
1402,87,1489,0.1388
1410,87,1497,0.1388
1417,84,1501,0.1388
1420,85,1505,0.1388
1409,84,1493,0.1388
1414,83,1497,0.1388
1415,82,1497,0.1388
1416,83,1499,0.1388
1409,86,1495,0.1388
1410,90,1500,0.1388
1391,90,1481,0.1388
1406,88,1494,0.1388
1414,91,1505,0.1388
1420,91,1511,0.1388
1415,93,1508,0.1388
1413,93,1506,0.1388
1413,91,1504,0.1388
1407,92,1499,0.1388
1397,89,1486,0.1388
1403,87,1490,0.1388
1409,88,1497,0.1388
1403,88,1491,0.1388
1411,91,1502,0.1388
1410,93,1503,0.1388
1412,93,1505,0.1388
1408,93,1501,0.1388
1396,97,1493,0.1388
1400,100,1500,0.1388
1405,100,1505,0.1388
1411,97,1508,0.1388
1401,98,1499,0.1388
1412,100,1512,0.1388
1417,102,1519,0.1388
1413,100,1513,0.1388
1396,97,1493,0.1388
1386,102,1488,0.1388
1392,101,1493,0.1388
1383,99,1482,0.1388
1398,98,1496,0.1388
1391,96,1487,0.1388
1394,97,1491,0.1388
1402,95,1497,0.1388
1409,94,1503,0.1388
1417,95,1512,0.1388
1407,96,1503,0.1388
1407,96,1503,0.1388
1392,95,1487,0.1388
1390,95,1485,0.1388
1386,97,1483,0.1388
1377,91,1468,0.1388
1368,96,1464,0.1388
1387,96,1483,0.1388
1393,97,1490,0.1388
1398,97,1495,0.1388
1393,97,1490,0.1388
1398,99,1497,0.1388
1386,96,1482,0.1388
1396,95,1491,0.1388
1402,97,1499,0.1388
1421,95,1516,0.1388
1413,95,1508,0.1388
1401,99,1500,0.1388
1388,101,1489,0.1388
1386,103,1489,0.1388
1395,101,1496,0.1388
1392,98,1490,0.1388
1391,102,1493,0.1388
1398,106,1504,0.1388
1393,104,1497,0.1388
1384,110,1494,0.1388
1387,112,1499,0.1388
1381,114,1495,0.1388
1386,112,1498,0.1388
1387,117,1504,0.1388
1374,117,1491,0.1388
1367,116,1483,0.1388
1361,119,1480,0.1388
1365,118,1483,0.1388
1371,116,1487,0.1388
1364,119,1483,0.1388
1374,119,1493,0.1388
1379,120,1499,0.1388
1389,120,1509,0.1388
1377,123,1500,0.1388
1386,124,1510,0.1388
1367,127,1494,0.1388
1360,125,1485,0.1388
1376,128,1504,0.1388
1380,125,1505,0.1388
1372,125,1497,0.1388
1369,124,1493,0.1388
1370,124,1494,0.1388
1372,126,1498,0.1388
1393,125,1518,0.1388
1395,125,1520,0.1388
1389,123,1512,0.1388
1388,124,1512,0.1388
1393,122,1515,0.1388
1378,123,1501,0.1388
1374,123,1497,0.1388
1370,128,1498,0.1388
1343,129,1472,0.1388
1357,124,1481,0.1388
1363,123,1486,0.1388
1362,126,1488,0.1388
1361,124,1485,0.1388
1347,125,1472,0.1388
1366,124,1490,0.1388
1369,125,1494,0.1388
1365,123,1488,0.1388
1349,124,1473,0.1388
1352,131,1483,0.1388
1355,131,1486,0.1388
1348,128,1476,0.1388
1359,134,1493,0.1388
1368,133,1501,0.1388
1360,136,1496,0.1388
1362,137,1499,0.1388
1367,137,1504,0.1388
1366,138,1504,0.1388
1356,139,1495,0.1388
1341,143,1484,0.1388
1345,142,1487,0.1388
1356,142,1498,0.1388
1346,141,1487,0.1388
1351,148,1499,0.1388
1345,150,1495,0.1388
1348,147,1495,0.1388
1346,146,1492,0.1388
1343,147,1490,0.1388
1350,146,1496,0.1388
1346,144,1490,0.1388
1341,144,1485,0.1388
1335,147,1482,0.1388
1333,147,1480,0.1388
1343,149,1492,0.1388
1341,144,1485,0.1388
1339,144,1483,0.1388
1335,144,1479,0.1388
1343,143,1486,0.1388
1342,144,1486,0.1388
1350,147,1497,0.1388
1342,152,1494,0.1388
1337,150,1487,0.1388
1325,150,1475,0.1388
1332,149,1481,0.1388
1342,155,1497,0.1388
1330,158,1488,0.1388
1326,158,1484,0.1388
1338,158,1496,0.1388
1352,157,1509,0.1388
1356,157,1513,0.1388
1357,156,1513,0.1388
1346,156,1502,0.1388
1354,154,1508,0.1388
1339,155,1494,0.1388
1349,155,1504,0.1388
1333,156,1489,0.1388
1336,154,1490,0.1388
1333,161,1494,0.1388
1335,164,1499,0.1388
1334,162,1496,0.1388
1344,164,1508,0.1388
1332,163,1495,0.1388
1339,163,1502,0.1388
1330,162,1492,0.1388
1326,161,1487,0.1388
1331,161,1492,0.1388
1338,159,1497,0.1388
1330,164,1494,0.1388
1332,162,1494,0.1388
1342,165,1507,0.1388
1351,160,1511,0.1388
1348,160,1508,0.1388
1350,162,1512,0.1388
1340,162,1502,0.1388
1348,161,1509,0.1388
1351,164,1515,0.1388
1348,165,1513,0.1388
1341,164,1505,0.1388
1352,167,1519,0.1388
1342,169,1511,0.1388
1339,171,1510,0.1388
1337,174,1511,0.1388
1343,175,1518,0.1388
1333,169,1502,0.1388
1350,166,1516,0.1388
1335,169,1504,0.1388
1338,170,1508,0.1388
1329,171,1500,0.1388
1327,172,1499,0.1388
1345,165,1510,0.1388
1340,165,1505,0.1388
1337,171,1508,0.1388
1335,170,1505,0.1388
1333,170,1503,0.1388
1326,169,1495,0.1388
1322,168,1490,0.1388
1317,162,1479,0.1388
1313,167,1480,0.1388
1314,168,1482,0.1388
1322,171,1493,0.1388
1320,172,1492,0.1388
1319,169,1488,0.1388
1324,170,1494,0.1388
1328,172,1500,0.1388
1315,171,1486,0.1388
1314,177,1491,0.1388
1316,174,1490,0.1388
1316,172,1488,0.1388
1326,169,1495,0.1388
1332,167,1499,0.1388
1324,163,1487,0.1388
1335,168,1503,0.1388
1341,170,1511,0.1388
1346,171,1517,0.1388
1329,177,1506,0.1388
1312,174,1486,0.1388
1301,175,1476,0.1388
1307,176,1483,0.1388
1314,176,1490,0.1388
1311,171,1482,0.1388
1302,169,1471,0.1388
1303,171,1474,0.1388
1309,167,1476,0.1388
1311,170,1481,0.1388
1312,171,1483,0.1388
1310,172,1482,0.1388
1305,176,1481,0.1388
1304,178,1482,0.1388
1302,177,1479,0.1388
1312,176,1488,0.1388
1316,173,1489,0.1388
1311,178,1489,0.1388
1309,175,1484,0.1388
1305,181,1486,0.1388
1303,182,1485,0.1388
1294,182,1476,0.1388
1291,180,1471,0.1388
1295,183,1478,0.1388
1295,180,1475,0.1388
1281,179,1460,0.1388
1283,184,1467,0.1388
1288,186,1474,0.1388
1300,187,1487,0.1388
1301,188,1489,0.1388
1307,183,1490,0.1388
1310,181,1491,0.1388
1322,175,1497,0.1388
1324,179,1503,0.1388
1313,181,1494,0.1388
1299,185,1484,0.1388
1309,182,1491,0.1388
1312,178,1490,0.1388
1317,179,1496,0.1388
1307,179,1486,0.1388
1313,179,1492,0.1388
1314,178,1492,0.1388
1299,183,1482,0.1388
1290,179,1469,0.1388
1305,186,1491,0.1388
1300,185,1485,0.1388
1313,188,1501,0.1388
1308,189,1497,0.1388
1305,183,1488,0.1388
1294,186,1480,0.1388
1295,191,1486,0.1388
1302,193,1495,0.1388
1293,191,1484,0.1388
1293,190,1483,0.1388
1285,184,1469,0.1388
1291,186,1477,0.1388
1297,189,1486,0.1388
1294,187,1481,0.1388
1299,188,1487,0.1388
1315,191,1506,0.1388
1308,195,1503,0.1388
1295,191,1486,0.1388
1284,188,1472,0.1388
1293,191,1484,0.1388
1293,191,1484,0.1388
1273,193,1466,0.1388
1277,191,1468,0.1388
1295,193,1488,0.1388
1276,199,1475,0.1388
1290,202,1492,0.1388
1288,202,1490,0.1388
1295,202,1497,0.1388
1286,207,1493,0.1388
1287,209,1496,0.1388
1296,212,1508,0.1388
1286,217,1503,0.1388
1272,223,1495,0.1388
1255,224,1479,0.1388
1244,226,1470,0.1388
1271,229,1500,0.1388
1271,228,1499,0.1388
1273,227,1500,0.1388
1266,230,1496,0.1388
1257,232,1489,0.1388
1253,238,1491,0.1388
1259,236,1495,0.1388
1262,238,1500,0.1388
1247,239,1486,0.1388
1256,234,1490,0.1388
1249,236,1485,0.1388
1239,235,1474,0.1388
1249,234,1483,0.1388
1258,230,1488,0.1388
1260,233,1493,0.1388
1252,235,1487,0.1388
1250,236,1486,0.1388
1259,240,1499,0.1388
1251,240,1491,0.1388
1244,240,1484,0.1388
1239,242,1481,0.1388
1234,239,1473,0.1388
1237,242,1479,0.1388
1249,245,1494,0.1388
1260,252,1512,0.1388
1262,249,1511,0.1388
1254,249,1503,0.1388
1236,255,1491,0.1388
1232,251,1483,0.1388
1240,249,1489,0.1388
1247,250,1497,0.1388
1259,251,1510,0.1388
1251,252,1503,0.1388
1257,255,1512,0.1388
1249,254,1503,0.1388
1250,249,1499,0.1388
1246,248,1494,0.1388
1233,245,1478,0.1388
1229,247,1476,0.1388
1219,249,1468,0.1388
1227,251,1478,0.1388
1236,253,1489,0.1388
1226,253,1479,0.1388
1224,255,1479,0.1388
1231,257,1488,0.1388
1236,255,1491,0.1388
1228,257,1485,0.1388
1226,261,1487,0.1388
1227,264,1491,0.1388
1230,267,1497,0.1388
1224,266,1490,0.1388
1226,269,1495,0.1388
1222,268,1490,0.1388
1216,273,1489,0.1388
1213,276,1489,0.1388
1211,273,1484,0.1388
1219,275,1494,0.1388
1207,278,1485,0.1388
1207,281,1488,0.1388
1202,284,1486,0.1388
1215,285,1500,0.1388
1217,282,1499,0.1388
1212,281,1493,0.1388
1212,283,1495,0.1388
1217,292,1509,0.1388
1208,289,1497,0.1388
1205,288,1493,0.1388
1203,284,1487,0.1388
1192,281,1473,0.1388
1198,283,1481,0.1388
1208,281,1489,0.1388
1206,284,1490,0.1388
1200,289,1489,0.1388
1193,294,1487,0.1388
1198,291,1489,0.1388
1202,291,1493,0.1388
1209,290,1499,0.1388
1216,293,1509,0.1388
1217,293,1510,0.1388
1212,290,1502,0.1388
1214,296,1510,0.1388
1203,293,1496,0.1388
1205,291,1496,0.1388
1207,285,1492,0.1388
1212,290,1502,0.1388
1199,293,1492,0.1388
1201,290,1491,0.1388
1197,293,1490,0.1388
1203,287,1490,0.1388
1207,285,1492,0.1388
1196,282,1478,0.1388
1206,292,1498,0.1388
1197,294,1491,0.1388
1190,294,1484,0.1388
1191,294,1485,0.1388
1190,301,1491,0.1388
1183,299,1482,0.1388
1184,302,1486,0.1388
1174,301,1475,0.1388
1180,300,1480,0.1388
1181,303,1484,0.1388
1173,301,1474,0.1388
1179,300,1479,0.1388
1177,300,1477,0.1388
1177,308,1485,0.1388
1181,310,1491,0.1388
1168,314,1482,0.1388
1177,325,1502,0.1388
1181,328,1509,0.1388
1172,328,1500,0.1388
1188,328,1516,0.1388
1182,325,1507,0.1388
1186,327,1513,0.1388
1180,325,1505,0.1388
1184,323,1507,0.1388
1173,327,1500,0.1388
1163,330,1493,0.1388
1165,330,1495,0.1388
1159,327,1486,0.1388
1145,337,1482,0.1388
1151,331,1482,0.1388
1145,335,1480,0.1388
1152,338,1490,0.1388
1160,339,1499,0.1388
1156,339,1495,0.1388
1153,337,1490,0.1388
1149,343,1492,0.1388
1145,342,1487,0.1388
1154,347,1501,0.1388
1157,344,1501,0.1388
1151,343,1494,0.1388
1143,345,1488,0.1388
1160,345,1505,0.1388
1158,343,1501,0.1388
1156,345,1501,0.1388
1166,345,1511,0.1388
1162,345,1507,0.1388
1153,353,1506,0.1388
1148,347,1495,0.1388
1152,344,1496,0.1388
1164,337,1501,0.1388
1173,338,1511,0.1388
1176,348,1524,0.1388
1176,340,1516,0.1388
1172,335,1507,0.1388
1162,340,1502,0.1388
1161,343,1504,0.1388
1153,337,1490,0.1388
1153,339,1492,0.1388
1153,343,1496,0.1388
1167,342,1509,0.1388
1157,348,1505,0.1388
1151,346,1497,0.1388
1152,343,1495,0.1388
1157,342,1499,0.1388
1159,343,1502,0.1388
1148,348,1496,0.1388
1144,343,1487,0.1388
1156,347,1503,0.1388
1141,347,1488,0.1388
1138,351,1489,0.1388
1141,352,1493,0.1388
1146,356,1502,0.1388
1138,350,1488,0.1388
1138,351,1489,0.1388
1139,357,1496,0.1388
1127,357,1484,0.1388
1120,353,1473,0.1388
1131,354,1485,0.1388
1143,348,1491,0.1388
1142,340,1482,0.1388
1161,355,1516,0.1388
1166,349,1515,0.1388
1156,346,1502,0.1388
1155,345,1500,0.1388
1156,343,1499,0.1388
1162,347,1509,0.1388
1165,345,1510,0.1388
1153,340,1493,0.1388
1164,347,1511,0.1388
1164,348,1512,0.1388
1175,342,1517,0.1388
1169,345,1514,0.1388
1168,347,1515,0.1388
1164,346,1510,0.1388
1154,351,1505,0.1388
1153,353,1506,0.1388
1156,356,1512,0.1388
1147,351,1498,0.1388
1147,347,1494,0.1388
1145,354,1499,0.1388
1152,350,1502,0.1388
1142,351,1493,0.1388
1147,345,1492,0.1388
1147,349,1496,0.1388
1146,349,1495,0.1388
1152,356,1508,0.1388
1151,354,1505,0.1388
1152,352,1504,0.1388
1150,353,1503,0.1388
1156,350,1506,0.1388
1147,357,1504,0.1388
1150,361,1511,0.1388
1151,361,1512,0.1388
1143,361,1504,0.1388
1140,358,1498,0.1388
1141,355,1496,0.1388
1134,360,1494,0.1388
1122,362,1484,0.1388
1122,362,1484,0.1388
1124,367,1491,0.1388
1116,376,1492,0.1388
1114,368,1482,0.1388
1120,368,1488,0.1388
1127,369,1496,0.1388
1132,380,1512,0.1388
1144,378,1522,0.1388
1137,379,1516,0.1388
1147,376,1523,0.1388
1137,381,1518,0.1388
1130,385,1515,0.1388
1128,388,1516,0.1388
1134,385,1519,0.1388
1128,391,1519,0.1388
1118,391,1509,0.1388
1108,391,1499,0.1388
1109,395,1504,0.1388
1112,390,1502,0.1388
1106,399,1505,0.1388
1103,399,1502,0.1388
1105,400,1505,0.1388
1112,399,1511,0.1388
1099,401,1500,0.1388
1106,403,1509,0.1388
1102,399,1501,0.1388
1104,399,1503,0.1388
1101,401,1502,0.1388
1101,403,1504,0.1388
1090,396,1486,0.1388
1087,401,1488,0.1388
1083,401,1484,0.1388
1081,407,1488,0.1388
1077,410,1487,0.1388
1083,411,1494,0.1388
1084,409,1493,0.1388
1074,410,1484,0.1388
1079,413,1492,0.1388
1074,410,1484,0.1388
1084,409,1493,0.1388
1079,413,1492,0.1388
1070,417,1487,0.1388
1087,415,1502,0.1388
1086,411,1497,0.1388
1089,408,1497,0.1388
1095,418,1513,0.1388
1102,416,1518,0.1388
1100,417,1517,0.1388
1096,422,1518,0.1388
1080,428,1508,0.1388
1073,424,1497,0.1388
1060,434,1494,0.1388
1058,431,1489,0.1388
1063,428,1491,0.1388
1060,430,1490,0.1388
1051,431,1482,0.1388
1060,431,1491,0.1388
1074,439,1513,0.1388
1079,438,1517,0.1388
1077,442,1519,0.1388
1075,433,1508,0.1388
1073,435,1508,0.1388
1069,433,1502,0.1388
1071,429,1500,0.1388
1071,435,1506,0.1388
1071,441,1512,0.1388
1074,438,1512,0.1388
1084,437,1521,0.1388
1084,435,1519,0.1388
1087,429,1516,0.1388
1085,439,1524,0.1388
1067,444,1511,0.1388
1055,452,1507,0.1388
1048,460,1508,0.1388
1043,456,1499,0.1388
1056,459,1515,0.1388
1053,459,1512,0.1388
1045,453,1498,0.1388
1050,448,1498,0.1388
1049,447,1496,0.1388
1062,443,1505,0.1388
1059,441,1500,0.1388
1051,445,1496,0.1388
1045,452,1497,0.1388
1043,451,1494,0.1388
1045,449,1494,0.1388
1039,444,1483,0.1388
1033,447,1480,0.1388
1036,455,1491,0.1388
1046,456,1502,0.1388
1048,455,1503,0.1388
1045,464,1509,0.1388
1044,461,1505,0.1388
1029,467,1496,0.1388
1035,470,1505,0.1388
1035,458,1493,0.1388
1034,460,1494,0.1388
1041,464,1505,0.1388
1035,463,1498,0.1388
1046,465,1511,0.1388
1043,458,1501,0.1388
1040,465,1505,0.1388
1037,470,1507,0.1388
1043,470,1513,0.1388
1036,475,1511,0.1388
1035,479,1514,0.1388
1034,475,1509,0.1388
1028,479,1507,0.1388
1027,474,1501,0.1388
1031,473,1504,0.1388
1033,472,1505,0.1388
1031,472,1503,0.1388
1030,476,1506,0.1388
1035,477,1512,0.1388
1034,481,1515,0.1388
1024,478,1502,0.1388
1026,472,1498,0.1388
1022,476,1498,0.1388
1021,474,1495,0.1388
1021,471,1492,0.1388
1018,479,1497,0.1388
1013,483,1496,0.1388
1029,486,1515,0.1388
1023,488,1511,0.1388
1020,486,1506,0.1388
1021,489,1510,0.1388
1018,486,1504,0.1388
1009,482,1491,0.1388
1010,492,1502,0.1388
1012,488,1500,0.1388
1011,493,1504,0.1388
997,487,1484,0.1388
1005,492,1497,0.1388
1010,489,1499,0.1388
1011,486,1497,0.1388
1003,489,1492,0.1388
1023,492,1515,0.1388
1011,488,1499,0.1388
1013,491,1504,0.1388
1011,488,1499,0.1388
1018,489,1507,0.1388
1003,486,1489,0.1388
1001,487,1488,0.1388
1005,492,1497,0.1388
994,494,1488,0.1388
1006,495,1501,0.1388
996,486,1482,0.1388
1002,496,1498,0.1388
1007,497,1504,0.1388
1011,507,1518,0.1388
1001,504,1505,0.1388
987,500,1487,0.1388
982,503,1485,0.1388
989,506,1495,0.1388
976,509,1485,0.1388
979,514,1493,0.1388
987,522,1509,0.1388
985,522,1507,0.1388
985,525,1510,0.1388
980,529,1509,0.1388
979,523,1502,0.1388
984,525,1509,0.1388
978,529,1507,0.1388
983,534,1517,0.1388
974,534,1508,0.1388
967,544,1511,0.1388
970,557,1527,0.1388
966,547,1513,0.1388
965,553,1518,0.1388
966,549,1515,0.1388
963,557,1520,0.1388
959,548,1507,0.1388
946,556,1502,0.1388
943,556,1499,0.1388
934,552,1486,0.1388
933,551,1484,0.1388
935,559,1494,0.1388
934,562,1496,0.1388
930,566,1496,0.1388
932,565,1497,0.1388
930,560,1490,0.1388
930,564,1494,0.1388
935,572,1507,0.1388
928,570,1498,0.1388
933,582,1515,0.1388
934,584,1518,0.1388
929,578,1507,0.1388
936,585,1521,0.1388
932,581,1513,0.1388
930,589,1519,0.1388
931,594,1525,0.1388
926,588,1514,0.1388
921,582,1503,0.1388
914,581,1495,0.1388
909,581,1490,0.1388
905,595,1500,0.1388
907,600,1507,0.1388
896,596,1492,0.1388
905,591,1496,0.1388
899,597,1496,0.1388
900,596,1496,0.1388
904,600,1504,0.1388
910,599,1509,0.1388
904,590,1494,0.1388
897,594,1491,0.1388
910,594,1504,0.1388
903,595,1498,0.1388
916,601,1517,0.1388
912,593,1505,0.1388
911,591,1502,0.1388
907,593,1500,0.1388
901,593,1494,0.1388
902,602,1504,0.1388
894,600,1494,0.1388
895,604,1499,0.1388
888,615,1503,0.1388
893,608,1501,0.1388
892,603,1495,0.1388
886,605,1491,0.1388
888,613,1501,0.1388
890,616,1506,0.1388
891,623,1514,0.1388
890,624,1514,0.1388
897,620,1517,0.1388
894,625,1519,0.1388
898,624,1522,0.1388
890,629,1519,0.1388
887,628,1515,0.1388
890,625,1515,0.1388
882,626,1508,0.1388
879,628,1507,0.1388
888,616,1504,0.1388
885,630,1515,0.1388
891,621,1512,0.1388
886,618,1504,0.1388
884,626,1510,0.1388
884,618,1502,0.1388
879,627,1506,0.1388
874,626,1500,0.1388
867,623,1490,0.1388
869,622,1491,0.1388
856,624,1480,0.1388
844,635,1479,0.1388
844,638,1482,0.1388
857,637,1494,0.1388
856,637,1493,0.1388
848,634,1482,0.1388
843,643,1486,0.1388
849,645,1494,0.1388
836,645,1481,0.1388
851,645,1496,0.1388
843,643,1486,0.1388
839,641,1480,0.1388
852,644,1496,0.1388
849,655,1504,0.1388
843,645,1488,0.1388
845,639,1484,0.1388
843,642,1485,0.1388
845,642,1487,0.1388
850,658,1508,0.1388
853,659,1512,0.1388
862,649,1511,0.1388
860,655,1515,0.1388
844,653,1497,0.1388
845,658,1503,0.1388
857,651,1508,0.1388
849,654,1503,0.1388
856,661,1517,0.1388
845,657,1502,0.1388
846,656,1502,0.1388
843,661,1504,0.1388
855,666,1521,0.1388
849,666,1515,0.1388
846,669,1515,0.1388
837,665,1502,0.1388
826,662,1488,0.1388
832,668,1500,0.1388
832,661,1493,0.1388
840,672,1512,0.1388
839,672,1511,0.1388
824,675,1499,0.1388
818,676,1494,0.1388
826,674,1500,0.1388
824,667,1491,0.1388
821,674,1495,0.1388
824,674,1498,0.1388
829,677,1506,0.1388
819,686,1505,0.1388
821,681,1502,0.1388
826,676,1502,0.1388
822,678,1500,0.1388
825,678,1503,0.1388
823,676,1499,0.1388
828,683,1511,0.1388
821,681,1502,0.1388
821,675,1496,0.1388
801,682,1483,0.1388
812,686,1498,0.1388
805,695,1500,0.1388
799,691,1490,0.1388
807,694,1501,0.1388
813,702,1515,0.1388
800,701,1501,0.1388
790,708,1498,0.1388
795,705,1500,0.1388
799,712,1511,0.1388
789,708,1497,0.1388
791,715,1506,0.1388
795,720,1515,0.1388
786,712,1498,0.1388
795,712,1507,0.1388
792,705,1497,0.1388
785,704,1489,0.1388
783,721,1504,0.1388
782,724,1506,0.1388
785,722,1507,0.1388
785,724,1509,0.1388
782,720,1502,0.1388
790,719,1509,0.1388
791,722,1513,0.1388
793,732,1525,0.1388
799,716,1515,0.1388
795,716,1511,0.1388
790,708,1498,0.1388
784,709,1493,0.1388
790,710,1500,0.1388
786,709,1495,0.1388
781,711,1492,0.1388
784,710,1494,0.1388
785,708,1493,0.1388
786,713,1499,0.1388
796,715,1511,0.1388
790,718,1508,0.1388
782,712,1494,0.1388
787,712,1499,0.1388
794,724,1518,0.1388
784,720,1504,0.1388
791,720,1511,0.1388
798,735,1533,0.1388
794,725,1519,0.1388
780,731,1511,0.1388
779,734,1513,0.1388
780,730,1510,0.1388
782,734,1516,0.1388
772,741,1513,0.1388
775,730,1505,0.1388
774,726,1500,0.1388
765,737,1502,0.1388
764,732,1496,0.1388
769,736,1505,0.1388
759,733,1492,0.1388
762,741,1503,0.1388
760,739,1499,0.1388
763,731,1494,0.1388
755,725,1480,0.1388
766,726,1492,0.1388
773,736,1509,0.1388
761,734,1495,0.1388
759,736,1495,0.1388
752,740,1492,0.1388
756,744,1500,0.1388
750,740,1490,0.1388
745,749,1494,0.1388
745,755,1500,0.1388
740,763,1503,0.1388
743,764,1507,0.1388
749,768,1517,0.1388
758,774,1532,0.1388
742,772,1514,0.1388
738,767,1505,0.1388
740,770,1510,0.1388
737,775,1512,0.1388
744,774,1518,0.1388
745,769,1514,0.1388
750,765,1515,0.1388
744,756,1500,0.1388
746,759,1505,0.1388
732,761,1493,0.1388
728,763,1491,0.1388
722,764,1486,0.1388
718,766,1484,0.1388
722,765,1487,0.1388
728,773,1501,0.1388
732,774,1506,0.1388
727,780,1507,0.1388
718,789,1507,0.1388
706,790,1496,0.1388
720,796,1516,0.1388
725,797,1522,0.1388
717,806,1523,0.1388
714,800,1514,0.1388
716,800,1516,0.1388
713,801,1514,0.1388
710,801,1511,0.1388
707,803,1510,0.1388
703,801,1504,0.1388
709,806,1515,0.1388
711,811,1522,0.1388
712,803,1515,0.1388
705,808,1513,0.1388
701,804,1505,0.1388
700,803,1503,0.1388
689,808,1497,0.1388
683,803,1486,0.1388
688,817,1505,0.1388
693,813,1506,0.1388
689,814,1503,0.1388
685,821,1506,0.1388
685,828,1513,0.1388
689,831,1520,0.1388
671,832,1503,0.1388
676,832,1508,0.1388
687,833,1520,0.1388
686,828,1514,0.1388
690,825,1515,0.1388
687,828,1515,0.1388
677,835,1512,0.1388
683,841,1524,0.1388
685,831,1516,0.1388
682,834,1516,0.1388
679,839,1518,0.1388
677,830,1507,0.1388
672,835,1507,0.1388
658,833,1491,0.1388
657,841,1498,0.1388
660,842,1502,0.1388
668,844,1512,0.1388
672,843,1515,0.1388
664,853,1517,0.1388
666,850,1516,0.1388
664,851,1515,0.1388
666,857,1523,0.1388
671,851,1522,0.1388
659,847,1506,0.1388
659,850,1509,0.1388
662,844,1506,0.1388
653,853,1506,0.1388
651,856,1507,0.1388
648,864,1512,0.1388
643,868,1511,0.1388
649,869,1518,0.1388
644,868,1512,0.1388
648,863,1511,0.1388
637,861,1498,0.1388
628,858,1486,0.1388
633,862,1495,0.1388
637,860,1497,0.1388
636,855,1491,0.1388
633,863,1496,0.1388
627,865,1492,0.1388
629,875,1504,0.1388
623,877,1500,0.1388
628,879,1507,0.1388
631,875,1506,0.1388
626,875,1501,0.1388
620,878,1498,0.1388
617,867,1484,0.1388
614,870,1484,0.1388
618,883,1501,0.1388
616,889,1505,0.1388
614,887,1501,0.1388
612,894,1506,0.1388
621,895,1516,0.1388
617,898,1515,0.1388
622,900,1522,0.1388
613,902,1515,0.1388
615,900,1515,0.1388
613,899,1512,0.1388
609,896,1505,0.1388
605,897,1502,0.1388
608,906,1514,0.1388
612,908,1520,0.1388
603,917,1520,0.1388
593,911,1504,0.1388
598,917,1515,0.1388
596,920,1516,0.1388
596,922,1518,0.1388
599,926,1525,0.1388
591,923,1514,0.1388
599,925,1524,0.1388
593,921,1514,0.1388
597,922,1519,0.1388
590,922,1512,0.1388
594,924,1518,0.1388
590,931,1521,0.1388
593,931,1524,0.1388
597,934,1531,0.1388
588,926,1514,0.1388
584,932,1516,0.1388
589,922,1511,0.1388
586,928,1514,0.1388
583,928,1511,0.1388
585,927,1512,0.1388
577,935,1512,0.1388
566,936,1502,0.1388
570,936,1506,0.1388
579,934,1513,0.1388
580,930,1510,0.1388
577,926,1503,0.1388
586,928,1514,0.1388
583,933,1516,0.1388
574,931,1505,0.1388
576,934,1510,0.1388
580,922,1502,0.1388
580,933,1513,0.1388
579,939,1518,0.1388
574,936,1510,0.1388
571,950,1521,0.1388
575,948,1523,0.1388
572,958,1530,0.1388
566,955,1521,0.1388
554,959,1513,0.1388
547,970,1517,0.1388
542,964,1506,0.1388
544,953,1497,0.1388
546,953,1499,0.1388
541,967,1508,0.1388
545,963,1508,0.1388
549,963,1512,0.1388
547,959,1506,0.1388
553,964,1517,0.1388
549,958,1507,0.1388
555,968,1523,0.1388
550,958,1508,0.1388
535,974,1509,0.1388
542,973,1515,0.1388
535,974,1509,0.1388
534,973,1507,0.1388
538,966,1504,0.1388
532,963,1495,0.1388
536,970,1506,0.1388
536,978,1514,0.1388
526,982,1508,0.1388
520,988,1508,0.1388
514,979,1493,0.1388
516,986,1502,0.1388
518,993,1511,0.1388
521,987,1508,0.1388
519,987,1506,0.1388
519,993,1512,0.1388
521,998,1519,0.1388
520,997,1517,0.1388
513,991,1504,0.1388
526,994,1520,0.1388
521,1003,1524,0.1388
520,992,1512,0.1388
516,987,1503,0.1388
511,981,1492,0.1388
515,1001,1516,0.1388
504,992,1496,0.1388
504,1003,1507,0.1388
501,999,1500,0.1388
500,1001,1501,0.1388
494,1014,1508,0.1388
504,1017,1521,0.1388
495,1019,1514,0.1388
490,1033,1523,0.1388
484,1039,1523,0.1388
481,1039,1520,0.1388
479,1042,1521,0.1388
470,1047,1517,0.1388
471,1049,1520,0.1388
474,1050,1524,0.1388
470,1056,1526,0.1388
469,1046,1515,0.1388
465,1050,1515,0.1388
459,1044,1503,0.1388
460,1043,1503,0.1388
463,1033,1496,0.1388
465,1035,1500,0.1388
463,1044,1507,0.1388
463,1047,1510,0.1388
452,1057,1509,0.1388
451,1068,1519,0.1388
456,1047,1503,0.1388
464,1043,1507,0.1388
467,1049,1516,0.1388
465,1049,1514,0.1388
470,1059,1529,0.1388
464,1053,1517,0.1388
459,1046,1505,0.1388
463,1054,1517,0.1388
456,1048,1504,0.1388
457,1049,1506,0.1388
461,1050,1511,0.1388
460,1056,1516,0.1388
457,1054,1511,0.1388
453,1068,1521,0.1388
441,1066,1507,0.1388
444,1070,1514,0.1388
441,1074,1515,0.1388
433,1067,1500,0.1388
439,1056,1495,0.1388
437,1067,1504,0.1388
440,1078,1518,0.1388
435,1080,1515,0.1388
437,1074,1511,0.1388
441,1071,1512,0.1388
431,1083,1514,0.1388
430,1082,1512,0.1388
433,1078,1511,0.1388
425,1077,1502,0.1388
423,1083,1506,0.1388
426,1085,1511,0.1388
431,1081,1512,0.1388
431,1079,1510,0.1388
434,1083,1517,0.1388
428,1078,1506,0.1388
431,1082,1513,0.1388
436,1077,1513,0.1388
433,1061,1494,0.1388
424,1060,1484,0.1388
431,1074,1505,0.1388
433,1073,1506,0.1388
434,1060,1494,0.1388
437,1070,1507,0.1388
431,1078,1509,0.1388
433,1078,1511,0.1388
431,1084,1515,0.1388
427,1079,1506,0.1388
432,1066,1498,0.1388
426,1074,1500,0.1388
421,1069,1490,0.1388
428,1067,1495,0.1388
421,1087,1508,0.1388
424,1102,1526,0.1388
421,1099,1520,0.1388
421,1107,1528,0.1388
426,1095,1521,0.1388
425,1101,1526,0.1388
423,1094,1517,0.1388
417,1100,1517,0.1388
416,1098,1514,0.1388
411,1091,1502,0.1388
418,1089,1507,0.1388
416,1099,1515,0.1388
415,1103,1518,0.1388
412,1115,1527,0.1388
410,1116,1526,0.1388
410,1106,1516,0.1388
406,1111,1517,0.1388
407,1104,1511,0.1388
403,1102,1505,0.1388
404,1108,1512,0.1388
403,1113,1516,0.1388
397,1114,1511,0.1388
398,1103,1501,0.1388
399,1105,1504,0.1388
396,1104,1500,0.1388
405,1104,1509,0.1388
401,1106,1507,0.1388
395,1098,1493,0.1388
396,1107,1503,0.1388
389,1112,1501,0.1388
395,1121,1516,0.1388
394,1112,1506,0.1388
385,1116,1501,0.1388
389,1112,1501,0.1388
391,1126,1517,0.1388
389,1120,1509,0.1388
386,1116,1502,0.1388
378,1123,1501,0.1388
383,1133,1516,0.1388
386,1131,1517,0.1388
378,1125,1503,0.1388
381,1127,1508,0.1388
379,1139,1518,0.1388
380,1125,1505,0.1388
374,1113,1487,0.1388
371,1130,1501,0.1388
369,1132,1501,0.1388
369,1142,1511,0.1388
371,1138,1509,0.1388
365,1138,1503,0.1388
365,1139,1504,0.1388
369,1132,1501,0.1388
372,1132,1504,0.1388
368,1140,1508,0.1388
367,1145,1512,0.1388
357,1138,1495,0.1388
359,1136,1495,0.1388
360,1147,1507,0.1388
357,1140,1497,0.1388
357,1141,1498,0.1388
360,1148,1508,0.1388
362,1145,1507,0.1388
367,1145,1512,0.1388
366,1155,1521,0.1388
367,1149,1516,0.1388
366,1140,1506,0.1388
366,1135,1501,0.1388
362,1146,1508,0.1388
362,1156,1518,0.1388
362,1151,1513,0.1388
358,1155,1513,0.1388
351,1150,1501,0.1388
347,1162,1509,0.1388
342,1168,1510,0.1388
343,1166,1509,0.1388
345,1169,1514,0.1388
344,1178,1522,0.1388
341,1166,1507,0.1388
345,1166,1511,0.1388
340,1173,1513,0.1388
342,1176,1518,0.1388
347,1166,1513,0.1388
354,1167,1521,0.1388
356,1169,1525,0.1388
355,1167,1522,0.1388
352,1168,1520,0.1388
348,1160,1508,0.1388
350,1164,1514,0.1388
347,1168,1515,0.1388
347,1167,1514,0.1388
351,1163,1514,0.1388
354,1175,1529,0.1388
353,1165,1518,0.1388
359,1161,1520,0.1388
358,1161,1519,0.1388
353,1154,1507,0.1388
347,1162,1509,0.1388
349,1169,1518,0.1388
350,1162,1512,0.1388
345,1182,1527,0.1388
345,1174,1519,0.1388
345,1182,1527,0.1388
339,1181,1520,0.1388
337,1175,1512,0.1388
334,1174,1508,0.1388
337,1175,1512,0.1388
337,1166,1503,0.1388
343,1170,1513,0.1388
341,1174,1515,0.1388
333,1185,1518,0.1388
334,1193,1527,0.1388
332,1195,1527,0.1388
331,1177,1508,0.1388
323,1183,1506,0.1388
333,1197,1530,0.1388
331,1188,1519,0.1388
326,1186,1512,0.1388
330,1179,1509,0.1388
329,1174,1503,0.1388
328,1189,1517,0.1388
332,1191,1523,0.1388
336,1200,1536,0.1388
335,1198,1533,0.1388
332,1180,1512,0.1388
334,1175,1509,0.1388
334,1189,1523,0.1388
336,1185,1521,0.1388
337,1187,1524,0.1388
339,1193,1532,0.1388
338,1195,1533,0.1388
335,1199,1534,0.1388
334,1192,1526,0.1388
332,1193,1525,0.1388
328,1173,1501,0.1388
335,1176,1511,0.1388
336,1168,1504,0.1388
336,1174,1510,0.1388
336,1180,1516,0.1388
340,1184,1524,0.1388
339,1184,1523,0.1388
337,1173,1510,0.1388
329,1170,1499,0.1388
330,1161,1491,0.1388
328,1166,1494,0.1388
323,1178,1501,0.1388
321,1174,1495,0.1388
324,1168,1492,0.1388
329,1162,1491,0.1388
335,1166,1501,0.1388
334,1180,1514,0.1388
329,1182,1511,0.1388
328,1178,1506,0.1388
335,1170,1505,0.1388
339,1175,1514,0.1388
334,1176,1510,0.1388
340,1171,1511,0.1388
337,1175,1512,0.1388
341,1169,1510,0.1388
335,1179,1514,0.1388
332,1172,1504,0.1388
338,1172,1510,0.1388
339,1182,1521,0.1388
337,1175,1512,0.1388
331,1184,1515,0.1388
337,1187,1524,0.1388
331,1181,1512,0.1388
328,1188,1516,0.1388
325,1184,1509,0.1388
328,1183,1511,0.1388
334,1170,1504,0.1388
332,1176,1508,0.1388
334,1169,1503,0.1388
338,1171,1509,0.1388
338,1171,1509,0.1388
331,1177,1508,0.1388
331,1178,1509,0.1388
332,1175,1507,0.1388
331,1185,1516,0.1388
336,1186,1522,0.1388
331,1187,1518,0.1388
328,1194,1522,0.1388
325,1191,1516,0.1388
327,1179,1506,0.1388
327,1181,1508,0.1388
322,1188,1510,0.1388
326,1183,1509,0.1388
321,1182,1503,0.1388
323,1201,1524,0.1388
321,1204,1525,0.1388
322,1196,1518,0.1388
330,1188,1518,0.1388
328,1185,1513,0.1388
323,1188,1511,0.1388
321,1190,1511,0.1388
319,1192,1511,0.1388
319,1193,1512,0.1388
323,1196,1519,0.1388
317,1190,1507,0.1388
319,1181,1500,0.1388
317,1185,1502,0.1388
318,1198,1516,0.1388
314,1207,1521,0.1388
313,1202,1515,0.1388
305,1192,1497,0.1388
302,1193,1495,0.1388
308,1196,1504,0.1388
313,1187,1500,0.1388
314,1192,1506,0.1388
314,1190,1504,0.1388
315,1203,1518,0.1388
312,1208,1520,0.1388
314,1209,1523,0.1388
314,1201,1515,0.1388
314,1199,1513,0.1388
309,1196,1505,0.1388
303,1193,1496,0.1388
300,1199,1499,0.1388
298,1204,1502,0.1388
299,1212,1511,0.1388
294,1219,1513,0.1388
292,1227,1519,0.1388
293,1238,1531,0.1388
296,1231,1527,0.1388
292,1234,1526,0.1388
288,1236,1524,0.1388
289,1239,1528,0.1388
287,1248,1535,0.1388
281,1240,1521,0.1388
284,1241,1525,0.1388
285,1235,1520,0.1388
287,1247,1534,0.1388
280,1238,1518,0.1388
278,1229,1507,0.1388
278,1218,1496,0.1388
278,1221,1499,0.1388
282,1229,1511,0.1388
277,1229,1506,0.1388
282,1231,1513,0.1388
279,1236,1515,0.1388
279,1232,1511,0.1388
273,1230,1503,0.1388
274,1239,1513,0.1388
271,1236,1507,0.1388
270,1241,1511,0.1388
273,1248,1521,0.1388
272,1257,1529,0.1388
268,1258,1526,0.1388
264,1248,1512,0.1388
261,1247,1508,0.1388
256,1253,1509,0.1388
260,1257,1517,0.1388
261,1254,1515,0.1388
262,1258,1520,0.1388
260,1256,1516,0.1388
268,1236,1504,0.1388
263,1246,1509,0.1388
260,1261,1521,0.1388
261,1253,1514,0.1388
262,1258,1520,0.1388
265,1253,1518,0.1388
266,1253,1519,0.1388
261,1257,1518,0.1388
260,1270,1530,0.1388
257,1267,1524,0.1388
253,1271,1524,0.1388
254,1259,1513,0.1388
253,1252,1505,0.1388
253,1258,1511,0.1388
247,1258,1505,0.1388
246,1255,1501,0.1388
250,1261,1511,0.1388
249,1270,1519,0.1388
249,1276,1525,0.1388
246,1272,1518,0.1388
248,1266,1514,0.1388
247,1269,1516,0.1388
241,1268,1509,0.1388
242,1263,1505,0.1388
236,1260,1496,0.1388
237,1264,1501,0.1388
238,1275,1513,0.1388
241,1271,1512,0.1388
237,1283,1520,0.1388
234,1286,1520,0.1388
229,1284,1513,0.1388
230,1278,1508,0.1388
229,1279,1508,0.1388
226,1279,1505,0.1388
224,1269,1493,0.1388
223,1272,1495,0.1388
230,1279,1509,0.1388
232,1280,1512,0.1388
228,1270,1498,0.1388
225,1283,1508,0.1388
223,1295,1518,0.1388
221,1288,1509,0.1388
221,1282,1503,0.1388
221,1288,1509,0.1388
221,1287,1508,0.1388
222,1290,1512,0.1388
217,1299,1516,0.1388
217,1300,1517,0.1388
220,1298,1518,0.1388
225,1304,1529,0.1388
220,1301,1521,0.1388
220,1312,1532,0.1388
219,1307,1526,0.1388
214,1298,1512,0.1388
214,1311,1525,0.1388
214,1302,1516,0.1388
210,1291,1501,0.1388
206,1290,1496,0.1388
207,1289,1496,0.1388
202,1293,1495,0.1388
205,1301,1506,0.1388
207,1297,1504,0.1388
210,1298,1508,0.1388
213,1282,1495,0.1388
214,1302,1516,0.1388
211,1292,1503,0.1388
204,1313,1517,0.1388
213,1303,1516,0.1388
214,1307,1521,0.1388
205,1302,1507,0.1388
205,1319,1524,0.1388
205,1319,1524,0.1388
209,1318,1527,0.1388
208,1307,1515,0.1388
207,1315,1522,0.1388
211,1311,1522,0.1388
209,1315,1524,0.1388
205,1308,1513,0.1388
202,1304,1506,0.1388
197,1310,1507,0.1388
198,1305,1503,0.1388
197,1303,1500,0.1388
195,1283,1478,0.1388
201,1298,1499,0.1388
205,1297,1502,0.1388
204,1297,1501,0.1388
208,1304,1512,0.1388
212,1296,1508,0.1388
210,1295,1505,0.1388
202,1289,1491,0.1388
201,1293,1494,0.1388
203,1308,1511,0.1388
203,1302,1505,0.1388
198,1320,1518,0.1388
202,1315,1517,0.1388
201,1302,1503,0.1388
205,1307,1512,0.1388
201,1317,1518,0.1388
202,1322,1524,0.1388
201,1321,1522,0.1388
198,1328,1526,0.1388
200,1325,1525,0.1388
201,1315,1516,0.1388
202,1323,1525,0.1388
206,1305,1511,0.1388
208,1306,1514,0.1388
204,1315,1519,0.1388
200,1303,1503,0.1388
196,1310,1506,0.1388
198,1310,1508,0.1388
195,1312,1507,0.1388
196,1306,1502,0.1388
200,1303,1503,0.1388
198,1316,1514,0.1388
198,1324,1522,0.1388
195,1319,1514,0.1388
197,1314,1511,0.1388
195,1319,1514,0.1388
193,1325,1518,0.1388
196,1316,1512,0.1388
195,1314,1509,0.1388
193,1308,1501,0.1388
194,1316,1510,0.1388
195,1313,1508,0.1388
192,1313,1505,0.1388
190,1310,1500,0.1388
190,1318,1508,0.1388
188,1323,1511,0.1388
190,1337,1527,0.1388
190,1335,1525,0.1388
187,1332,1519,0.1388
184,1342,1526,0.1388
188,1337,1525,0.1388
181,1344,1525,0.1388
178,1340,1518,0.1388
175,1329,1504,0.1388
177,1336,1513,0.1388
184,1342,1526,0.1388
178,1344,1522,0.1388
176,1341,1517,0.1388
173,1336,1509,0.1388
172,1337,1509,0.1388
169,1340,1509,0.1388
169,1335,1504,0.1388
164,1332,1496,0.1388
163,1324,1487,0.1388
163,1347,1510,0.1388
161,1346,1507,0.1388
158,1339,1497,0.1388
161,1344,1505,0.1388
159,1345,1504,0.1388
155,1356,1511,0.1388
158,1355,1513,0.1388
157,1357,1514,0.1388
157,1349,1506,0.1388
157,1355,1512,0.1388
153,1344,1497,0.1388
155,1348,1503,0.1388
159,1350,1509,0.1388
160,1353,1513,0.1388
165,1356,1521,0.1388
161,1356,1517,0.1388
159,1359,1518,0.1388
158,1368,1526,0.1388
156,1371,1527,0.1388
155,1382,1537,0.1388
154,1380,1534,0.1388
149,1367,1516,0.1388
150,1365,1515,0.1388
143,1366,1509,0.1388
148,1362,1510,0.1388
144,1356,1500,0.1388
150,1372,1522,0.1388
148,1370,1518,0.1388
148,1375,1523,0.1388
150,1361,1511,0.1388
149,1365,1514,0.1388
147,1371,1518,0.1388
142,1378,1520,0.1388
142,1381,1523,0.1388
139,1376,1515,0.1388
141,1377,1518,0.1388
145,1383,1528,0.1388
142,1383,1525,0.1388
141,1386,1527,0.1388
137,1384,1521,0.1388
140,1381,1521,0.1388
140,1378,1518,0.1388
141,1382,1523,0.1388
137,1367,1504,0.1388
134,1372,1506,0.1388
135,1393,1528,0.1388
135,1374,1509,0.1388
134,1377,1511,0.1388
138,1367,1505,0.1388
142,1361,1503,0.1388
141,1357,1498,0.1388
138,1368,1506,0.1388
140,1371,1511,0.1388
138,1371,1509,0.1388
137,1387,1524,0.1388
137,1374,1511,0.1388
132,1371,1503,0.1388
134,1375,1509,0.1388
123,1388,1511,0.1388
124,1391,1515,0.1388
122,1403,1525,0.1388
122,1402,1524,0.1388
122,1408,1530,0.1388
117,1411,1528,0.1388
120,1403,1523,0.1388
122,1402,1524,0.1388
120,1403,1523,0.1388
118,1392,1510,0.1388
116,1383,1499,0.1388
116,1378,1494,0.1388
113,1391,1504,0.1388
116,1398,1514,0.1388
118,1396,1514,0.1388
114,1404,1518,0.1388
112,1398,1510,0.1388
114,1400,1514,0.1388
115,1410,1525,0.1388
115,1411,1526,0.1388
116,1416,1532,0.1388
117,1408,1525,0.1388
113,1410,1523,0.1388
114,1394,1508,0.1388
113,1394,1507,0.1388
114,1396,1510,0.1388
117,1393,1510,0.1388
116,1398,1514,0.1388
114,1391,1505,0.1388
113,1402,1515,0.1388
112,1385,1497,0.1388
111,1393,1504,0.1388
111,1409,1520,0.1388
113,1411,1524,0.1388
111,1404,1515,0.1388
111,1413,1524,0.1388
110,1402,1512,0.1388
113,1416,1529,0.1388
112,1416,1528,0.1388
111,1419,1530,0.1388
110,1420,1530,0.1388
111,1424,1535,0.1388
110,1412,1522,0.1388
109,1404,1513,0.1388
107,1403,1510,0.1388
108,1404,1512,0.1388
106,1399,1505,0.1388
105,1398,1503,0.1388
102,1402,1504,0.1388
102,1410,1512,0.1388
100,1412,1512,0.1388
101,1410,1511,0.1388
99,1418,1517,0.1388
102,1414,1516,0.1388
103,1419,1522,0.1388
101,1416,1517,0.1388
100,1421,1521,0.1388
98,1428,1526,0.1388
101,1430,1531,0.1388
100,1427,1527,0.1388
100,1422,1522,0.1388
101,1413,1514,0.1388
101,1411,1512,0.1388
100,1403,1503,0.1388
103,1397,1500,0.1388
102,1407,1509,0.1388
104,1403,1507,0.1388
105,1408,1513,0.1388
103,1409,1512,0.1388
102,1411,1513,0.1388
100,1404,1504,0.1388
95,1406,1501,0.1388
95,1415,1510,0.1388
98,1418,1516,0.1388
99,1413,1512,0.1388
100,1408,1508,0.1388
99,1413,1512,0.1388
101,1419,1520,0.1388
100,1410,1510,0.1388
96,1412,1508,0.1388
94,1414,1508,0.1388
98,1418,1516,0.1388
100,1412,1512,0.1388
98,1407,1505,0.1388
99,1404,1503,0.1388
97,1416,1513,0.1388
97,1425,1522,0.1388
97,1441,1538,0.1388
94,1425,1519,0.1388
98,1407,1505,0.1388
103,1399,1502,0.1388
101,1406,1507,0.1388
101,1415,1516,0.1388
99,1414,1513,0.1388
101,1411,1512,0.1388
98,1418,1516,0.1388
97,1403,1500,0.1388
97,1396,1493,0.1388
94,1410,1504,0.1388
95,1405,1500,0.1388
94,1407,1501,0.1388
93,1426,1519,0.1388
93,1416,1509,0.1388
89,1415,1504,0.1388
88,1428,1516,0.1388
90,1411,1501,0.1388
90,1417,1507,0.1388
88,1422,1510,0.1388
89,1421,1510,0.1388
82,1421,1503,0.1388
81,1434,1515,0.1388
78,1445,1523,0.1388
76,1437,1513,0.1388
77,1431,1508,0.1388
79,1426,1505,0.1388
78,1432,1510,0.1388
75,1437,1512,0.1388
71,1456,1527,0.1388
74,1439,1513,0.1388
73,1435,1508,0.1388
72,1446,1518,0.1388
73,1450,1523,0.1388
69,1446,1515,0.1388
72,1457,1529,0.1388
73,1443,1516,0.1388
74,1439,1513,0.1388
73,1436,1509,0.1388
74,1439,1513,0.1388
76,1431,1507,0.1388
74,1420,1494,0.1388
74,1434,1508,0.1388
74,1442,1516,0.1388
76,1440,1516,0.1388
77,1450,1527,0.1388
77,1438,1515,0.1388
76,1442,1518,0.1388
75,1448,1523,0.1388
77,1449,1526,0.1388
77,1447,1524,0.1388
76,1443,1519,0.1388
69,1431,1500,0.1388
70,1434,1504,0.1388
69,1444,1513,0.1388
68,1443,1511,0.1388
67,1451,1518,0.1388
67,1448,1515,0.1388
67,1449,1516,0.1388
67,1444,1511,0.1388
66,1462,1528,0.1388
66,1463,1529,0.1388
63,1472,1535,0.1388
63,1463,1526,0.1388
65,1463,1528,0.1388
64,1471,1535,0.1388
63,1449,1512,0.1388
59,1453,1512,0.1388
60,1466,1526,0.1388
61,1459,1520,0.1388
62,1457,1519,0.1388
63,1444,1507,0.1388
61,1432,1493,0.1388
59,1430,1489,0.1388
61,1439,1500,0.1388
60,1446,1506,0.1388
61,1453,1514,0.1388
58,1460,1518,0.1388
57,1451,1508,0.1388
58,1449,1507,0.1388
56,1457,1513,0.1388
56,1451,1507,0.1388
54,1455,1509,0.1388
53,1457,1510,0.1388
53,1466,1519,0.1388
55,1481,1536,0.1388
55,1474,1529,0.1388
57,1472,1529,0.1388
55,1471,1526,0.1388
54,1451,1505,0.1388
54,1444,1498,0.1388
56,1440,1496,0.1388
57,1447,1504,0.1388
59,1454,1513,0.1388
59,1460,1519,0.1388
61,1453,1514,0.1388
62,1458,1520,0.1388
59,1455,1514,0.1388
59,1461,1520,0.1388
58,1462,1520,0.1388
56,1462,1518,0.1388
54,1469,1523,0.1388
53,1473,1526,0.1388
55,1468,1523,0.1388
57,1469,1526,0.1388
55,1466,1521,0.1388
51,1450,1501,0.1388
52,1440,1492,0.1388
54,1451,1505,0.1388
56,1438,1494,0.1388
56,1456,1512,0.1388
56,1458,1514,0.1388
58,1459,1517,0.1388
60,1472,1532,0.1388
61,1468,1529,0.1388
60,1454,1514,0.1388
59,1465,1524,0.1388
61,1451,1512,0.1388
62,1456,1518,0.1388
62,1456,1518,0.1388
68,1455,1523,0.1388
69,1452,1521,0.1388
69,1449,1518,0.1388
70,1447,1517,0.1388
70,1451,1521,0.1388
70,1436,1506,0.1388
68,1444,1512,0.1388
69,1444,1513,0.1388
73,1451,1524,0.1388
73,1446,1519,0.1388
73,1458,1531,0.1388
77,1446,1523,0.1388
77,1454,1531,0.1388
78,1440,1518,0.1388
77,1442,1519,0.1388
77,1449,1526,0.1388
73,1441,1514,0.1388
72,1441,1513,0.1388
73,1436,1509,0.1388
73,1438,1511,0.1388
75,1429,1504,0.1388
77,1440,1517,0.1388
76,1447,1523,0.1388
75,1450,1525,0.1388
75,1444,1519,0.1388
77,1441,1518,0.1388
76,1440,1516,0.1388
77,1442,1519,0.1388
74,1441,1515,0.1388
74,1441,1515,0.1388
72,1435,1507,0.1388
70,1437,1507,0.1388
70,1442,1512,0.1388
68,1439,1507,0.1388
67,1452,1519,0.1388
65,1445,1510,0.1388
66,1435,1501,0.1388
66,1432,1498,0.1388
68,1439,1507,0.1388
68,1444,1512,0.1388
67,1449,1516,0.1388
67,1454,1521,0.1388
66,1454,1520,0.1388
65,1451,1516,0.1388
68,1443,1511,0.1388
68,1455,1523,0.1388
66,1445,1511,0.1388
65,1450,1515,0.1388
64,1454,1518,0.1388
63,1455,1518,0.1388
65,1452,1517,0.1388
66,1436,1502,0.1388
65,1436,1501,0.1388
68,1441,1509,0.1388
68,1440,1508,0.1388
68,1455,1523,0.1388
68,1452,1520,0.1388
67,1455,1522,0.1388
67,1447,1514,0.1388
64,1451,1515,0.1388
66,1447,1513,0.1388
69,1453,1522,0.1388
71,1454,1525,0.1388
70,1449,1519,0.1388
71,1440,1511,0.1388
68,1449,1517,0.1388
66,1445,1511,0.1388
68,1455,1523,0.1388
68,1453,1521,0.1388
69,1445,1514,0.1388
69,1456,1525,0.1388
69,1446,1515,0.1388
69,1433,1502,0.1388
71,1445,1516,0.1388
71,1444,1515,0.1388
75,1439,1514,0.1388
74,1449,1523,0.1388
74,1451,1525,0.1388
72,1447,1519,0.1388
74,1439,1513,0.1388
74,1449,1523,0.1388
72,1440,1512,0.1388
74,1449,1523,0.1388
73,1446,1519,0.1388
74,1452,1526,0.1388
74,1452,1526,0.1388
74,1447,1521,0.1388
74,1453,1527,0.1388
77,1458,1535,0.1388
73,1456,1529,0.1388
72,1457,1529,0.1388
71,1452,1523,0.1388
72,1437,1509,0.1388
72,1441,1513,0.1388
74,1435,1509,0.1388
75,1434,1509,0.1388
74,1427,1501,0.1388
76,1430,1506,0.1388
76,1444,1520,0.1388
75,1441,1516,0.1388
72,1443,1515,0.1388
73,1458,1531,0.1388
76,1456,1532,0.1388
74,1445,1519,0.1388
74,1436,1510,0.1388
74,1438,1512,0.1388
72,1437,1509,0.1388
70,1443,1513,0.1388
70,1442,1512,0.1388
71,1459,1530,0.1388
73,1460,1533,0.1388
73,1465,1538,0.1388
68,1460,1528,0.1388
71,1440,1511,0.1388
68,1439,1507,0.1388
69,1445,1514,0.1388
69,1443,1512,0.1388
67,1433,1500,0.1388
68,1436,1504,0.1388
66,1440,1506,0.1388
65,1449,1514,0.1388
64,1456,1520,0.1388
66,1456,1522,0.1388
66,1461,1527,0.1388
68,1454,1522,0.1388
68,1455,1523,0.1388
65,1453,1518,0.1388
62,1455,1517,0.1388
62,1451,1513,0.1388
66,1449,1515,0.1388
67,1428,1495,0.1388
67,1431,1498,0.1388
69,1443,1512,0.1388
70,1451,1521,0.1388
71,1448,1519,0.1388
68,1442,1510,0.1388
70,1433,1503,0.1388
69,1438,1507,0.1388
72,1429,1501,0.1388
69,1431,1500,0.1388
70,1449,1519,0.1388
72,1445,1517,0.1388
69,1447,1516,0.1388
70,1443,1513,0.1388
71,1458,1529,0.1388
68,1446,1514,0.1388
69,1451,1520,0.1388
71,1456,1527,0.1388
70,1458,1528,0.1388
69,1439,1508,0.1388
71,1436,1507,0.1388
71,1436,1507,0.1388
70,1431,1501,0.1388
69,1436,1505,0.1388
71,1437,1508,0.1388
71,1437,1508,0.1388
72,1443,1515,0.1388
72,1447,1519,0.1388
70,1452,1522,0.1388
69,1442,1511,0.1388
69,1447,1516,0.1388
68,1453,1521,0.1388
67,1443,1510,0.1388
68,1436,1504,0.1388
69,1447,1516,0.1388
68,1443,1511,0.1388
68,1438,1506,0.1388
68,1432,1500,0.1388
68,1440,1508,0.1388
65,1437,1502,0.1388
64,1453,1517,0.1388
64,1460,1524,0.1388
63,1455,1518,0.1388
63,1451,1514,0.1388
62,1450,1512,0.1388
64,1449,1513,0.1388
62,1447,1509,0.1388
62,1462,1524,0.1388
62,1447,1509,0.1388
63,1455,1518,0.1388
63,1461,1524,0.1388
62,1464,1526,0.1388
59,1466,1525,0.1388
62,1467,1529,0.1388
58,1450,1508,0.1388
62,1461,1523,0.1388
63,1446,1509,0.1388
63,1440,1503,0.1388
64,1441,1505,0.1388
62,1450,1512,0.1388
63,1448,1511,0.1388
63,1454,1517,0.1388
64,1461,1525,0.1388
66,1457,1523,0.1388
63,1450,1513,0.1388
59,1459,1518,0.1388
60,1457,1517,0.1388
62,1457,1519,0.1388
61,1455,1516,0.1388
59,1455,1514,0.1388
56,1461,1517,0.1388
55,1446,1501,0.1388
53,1447,1500,0.1388
54,1442,1496,0.1388
56,1457,1513,0.1388
56,1469,1525,0.1388
58,1459,1517,0.1388
58,1457,1515,0.1388
57,1454,1511,0.1388
58,1450,1508,0.1388
57,1461,1518,0.1388
56,1457,1513,0.1388
57,1453,1510,0.1388
56,1454,1510,0.1388
57,1463,1520,0.1388
55,1472,1527,0.1388
55,1467,1522,0.1388
57,1453,1510,0.1388
58,1453,1511,0.1388
58,1451,1509,0.1388
59,1445,1504,0.1388
59,1445,1504,0.1388
57,1465,1522,0.1388
58,1471,1529,0.1388
57,1473,1530,0.1388
56,1480,1536,0.1388
57,1479,1536,0.1388
57,1464,1521,0.1388
57,1458,1515,0.1388
57,1472,1529,0.1388
54,1469,1523,0.1388
54,1465,1519,0.1388
55,1474,1529,0.1388
53,1478,1531,0.1388
53,1483,1536,0.1388
53,1481,1534,0.1388
55,1473,1528,0.1388
55,1468,1523,0.1388
56,1455,1511,0.1388
51,1455,1506,0.1388
51,1466,1517,0.1388
53,1458,1511,0.1388
54,1447,1501,0.1388
53,1451,1504,0.1388
57,1466,1523,0.1388
57,1463,1520,0.1388
57,1454,1511,0.1388
58,1460,1518,0.1388
58,1459,1517,0.1388
56,1457,1513,0.1388
58,1449,1507,0.1388
57,1454,1511,0.1388
58,1453,1511,0.1388
61,1451,1512,0.1388
61,1453,1514,0.1388
60,1455,1515,0.1388
60,1455,1515,0.1388
60,1456,1516,0.1388
60,1460,1520,0.1388
59,1468,1527,0.1388
57,1457,1514,0.1388
57,1456,1513,0.1388
58,1457,1515,0.1388
59,1459,1518,0.1388
59,1465,1524,0.1388
59,1465,1524,0.1388
59,1464,1523,0.1388
60,1450,1510,0.1388
60,1446,1506,0.1388
59,1442,1501,0.1388
60,1451,1511,0.1388
63,1457,1520,0.1388
63,1466,1529,0.1388
66,1439,1505,0.1388
70,1439,1509,0.1388
70,1442,1512,0.1388
69,1447,1516,0.1388
69,1461,1530,0.1388
70,1453,1523,0.1388
69,1453,1522,0.1388
69,1454,1523,0.1388
67,1447,1514,0.1388
67,1442,1509,0.1388
67,1444,1511,0.1388
63,1447,1510,0.1388
65,1456,1521,0.1388
65,1458,1523,0.1388
63,1451,1514,0.1388
62,1443,1505,0.1388
63,1448,1511,0.1388
65,1449,1514,0.1388
65,1450,1515,0.1388
66,1450,1516,0.1388
62,1456,1518,0.1388
61,1468,1529,0.1388
58,1453,1511,0.1388
59,1444,1503,0.1388
59,1464,1523,0.1388
57,1459,1516,0.1388
54,1465,1519,0.1388
57,1455,1512,0.1388
56,1459,1515,0.1388
56,1455,1511,0.1388
56,1461,1517,0.1388
56,1463,1519,0.1388
57,1460,1517,0.1388
54,1464,1518,0.1388
56,1468,1524,0.1388
57,1461,1518,0.1388
56,1469,1525,0.1388
55,1466,1521,0.1388
54,1460,1514,0.1388
55,1455,1510,0.1388
59,1454,1513,0.1388
62,1443,1505,0.1388
62,1451,1513,0.1388
64,1447,1511,0.1388
63,1463,1526,0.1388
66,1456,1522,0.1388
64,1452,1516,0.1388
62,1469,1531,0.1388
64,1464,1528,0.1388
64,1458,1522,0.1388
63,1458,1521,0.1388
62,1456,1518,0.1388
60,1462,1522,0.1388
59,1455,1514,0.1388
60,1461,1521,0.1388
58,1460,1518,0.1388
59,1472,1531,0.1388
59,1456,1515,0.1388
57,1460,1517,0.1388
56,1461,1517,0.1388
56,1457,1513,0.1388
58,1451,1509,0.1388
56,1451,1507,0.1388
55,1457,1512,0.1388
53,1446,1499,0.1388
54,1458,1512,0.1388
55,1462,1517,0.1388
54,1467,1521,0.1388
56,1472,1528,0.1388
56,1460,1516,0.1388
56,1463,1519,0.1388
56,1456,1512,0.1388
57,1460,1517,0.1388
60,1449,1509,0.1388
60,1443,1503,0.1388
58,1443,1501,0.1388
57,1451,1508,0.1388
58,1453,1511,0.1388
58,1466,1524,0.1388
57,1458,1515,0.1388
51,1461,1512,0.1388
52,1458,1510,0.1388
52,1459,1511,0.1388
53,1468,1521,0.1388
52,1460,1512,0.1388
52,1459,1511,0.1388
53,1460,1513,0.1388
53,1464,1517,0.1388
54,1454,1508,0.1388
54,1455,1509,0.1388
55,1464,1519,0.1388
56,1457,1513,0.1388
57,1461,1518,0.1388
56,1463,1519,0.1388
55,1461,1516,0.1388
57,1459,1516,0.1388
58,1462,1520,0.1388
59,1461,1520,0.1388
59,1458,1517,0.1388
55,1453,1508,0.1388
57,1442,1499,0.1388
57,1443,1500,0.1388
55,1450,1505,0.1388
54,1444,1498,0.1388
54,1452,1506,0.1388
52,1449,1501,0.1388
51,1449,1500,0.1388
52,1444,1496,0.1388
51,1456,1507,0.1388
49,1467,1516,0.1388
51,1453,1504,0.1388
49,1464,1513,0.1388
48,1461,1509,0.1388
47,1463,1510,0.1388
46,1454,1500,0.1388
46,1466,1512,0.1388
45,1465,1510,0.1388
45,1461,1506,0.1388
44,1471,1515,0.1388
45,1462,1507,0.1388
47,1466,1513,0.1388
46,1466,1512,0.1388
45,1470,1515,0.1388
45,1478,1523,0.1388
44,1467,1511,0.1388
43,1480,1523,0.1388
42,1479,1521,0.1388
41,1465,1506,0.1388
40,1467,1507,0.1388
41,1471,1512,0.1388
40,1477,1517,0.1388
42,1478,1520,0.1388
40,1492,1532,0.1388
40,1477,1517,0.1388
41,1479,1520,0.1388
42,1474,1516,0.1388
43,1465,1508,0.1388
41,1469,1510,0.1388
42,1473,1515,0.1388
41,1479,1520,0.1388
40,1481,1521,0.1388
41,1473,1514,0.1388
41,1482,1523,0.1388
40,1484,1524,0.1388
38,1479,1517,0.1388
38,1486,1524,0.1388
36,1486,1522,0.1388
36,1495,1531,0.1388
36,1489,1525,0.1388
36,1481,1517,0.1388
35,1491,1526,0.1388
34,1485,1519,0.1388
34,1492,1526,0.1388
35,1497,1532,0.1388
35,1487,1522,0.1388
36,1484,1520,0.1388
35,1482,1517,0.1388
40,1491,1531,0.1388
38,1492,1530,0.1388
38,1481,1519,0.1388
38,1479,1517,0.1388
38,1469,1507,0.1388
38,1471,1509,0.1388
36,1475,1511,0.1388
40,1476,1516,0.1388
39,1479,1518,0.1388
40,1477,1517,0.1388
40,1472,1512,0.1388
41,1470,1511,0.1388
39,1482,1521,0.1388
39,1474,1513,0.1388
40,1466,1506,0.1388
39,1471,1510,0.1388
38,1478,1516,0.1388
37,1482,1519,0.1388
40,1490,1530,0.1388
38,1486,1524,0.1388
39,1481,1520,0.1388
39,1486,1525,0.1388
40,1494,1534,0.1388
40,1496,1536,0.1388
38,1471,1509,0.1388
37,1469,1506,0.1388
37,1481,1518,0.1388
37,1483,1520,0.1388
38,1491,1529,0.1388
37,1487,1524,0.1388
34,1501,1535,0.1388
36,1487,1523,0.1388
35,1481,1516,0.1388
35,1491,1526,0.1388
36,1487,1523,0.1388
38,1479,1517,0.1388
36,1483,1519,0.1388
34,1486,1520,0.1388
34,1478,1512,0.1388
34,1491,1525,0.1388
35,1490,1525,0.1388
35,1480,1515,0.1388
37,1478,1515,0.1388
38,1480,1518,0.1388
39,1472,1511,0.1388
37,1484,1521,0.1388
38,1484,1522,0.1388
38,1488,1526,0.1388
36,1474,1510,0.1388
36,1479,1515,0.1388
33,1500,1533,0.1388
32,1499,1531,0.1388
32,1494,1526,0.1388
32,1498,1530,0.1388
33,1490,1523,0.1388
33,1494,1527,0.1388
31,1495,1526,0.1388
32,1503,1535,0.1388
32,1494,1526,0.1388
31,1500,1531,0.1388
28,1497,1525,0.1388
29,1491,1520,0.1388
29,1491,1520,0.1388
29,1487,1516,0.1388
29,1497,1526,0.1388
32,1494,1526,0.1388
32,1493,1525,0.1388
31,1496,1527,0.1388
29,1495,1524,0.1388
28,1506,1534,0.1388
28,1503,1531,0.1388
28,1510,1538,0.1388
28,1494,1522,0.1388
27,1481,1508,0.1388
27,1488,1515,0.1388
27,1486,1513,0.1388
26,1496,1522,0.1388
26,1490,1516,0.1388
27,1496,1523,0.1388
27,1496,1523,0.1388
27,1496,1523,0.1388
27,1495,1522,0.1388
25,1493,1518,0.1388
28,1492,1520,0.1388
27,1494,1521,0.1388
27,1484,1511,0.1388
26,1463,1489,0.1388
26,1468,1494,0.1388
25,1484,1509,0.1388
22,1495,1517,0.1388
21,1497,1518,0.1388
22,1509,1531,0.1388
24,1503,1527,0.1388
25,1492,1517,0.1388
25,1503,1528,0.1388
25,1504,1529,0.1388
25,1506,1531,0.1388
23,1504,1527,0.1388
24,1496,1520,0.1388
24,1503,1527,0.1388
25,1502,1527,0.1388
24,1497,1521,0.1388
24,1509,1533,0.1388
24,1498,1522,0.1388
23,1497,1520,0.1388
24,1499,1523,0.1388
24,1501,1525,0.1388
23,1498,1521,0.1388
22,1501,1523,0.1388
21,1495,1516,0.1388
21,1502,1523,0.1388
21,1510,1531,0.1388
21,1503,1524,0.1388
21,1490,1511,0.1388
21,1486,1507,0.1388
20,1477,1497,0.1388
20,1486,1506,0.1388
19,1501,1520,0.1388
19,1493,1512,0.1388
20,1503,1523,0.1388
20,1505,1525,0.1388
21,1500,1521,0.1388
20,1494,1514,0.1388
20,1504,1524,0.1388
19,1507,1526,0.1388
18,1512,1530,0.1388
21,1510,1531,0.1388
19,1503,1522,0.1388
17,1508,1525,0.1388
16,1500,1516,0.1388
16,1487,1503,0.1388
17,1483,1500,0.1388
17,1492,1509,0.1388
17,1511,1528,0.1388
17,1505,1522,0.1388
17,1491,1508,0.1388
17,1496,1513,0.1388
16,1485,1501,0.1388
16,1488,1504,0.1388
16,1490,1506,0.1388
15,1501,1516,0.1388
16,1497,1513,0.1388
19,1488,1507,0.1388
20,1489,1509,0.1388
20,1496,1516,0.1388
20,1505,1525,0.1388
20,1502,1522,0.1388
20,1504,1524,0.1388
21,1502,1523,0.1388
20,1505,1525,0.1388
21,1497,1518,0.1388
20,1490,1510,0.1388
20,1500,1520,0.1388
21,1491,1512,0.1388
20,1495,1515,0.1388
20,1489,1509,0.1388
19,1487,1506,0.1388
18,1487,1505,0.1388
19,1486,1505,0.1388
20,1485,1505,0.1388
20,1482,1502,0.1388
21,1486,1507,0.1388
23,1489,1512,0.1388
23,1471,1494,0.1388
23,1477,1500,0.1388
24,1476,1500,0.1388
24,1479,1503,0.1388
24,1483,1507,0.1388
24,1489,1513,0.1388
23,1489,1512,0.1388
22,1500,1522,0.1388
21,1486,1507,0.1388
21,1498,1519,0.1388
23,1494,1517,0.1388
22,1493,1515,0.1388
21,1496,1517,0.1388
21,1495,1516,0.1388
22,1494,1516,0.1388
22,1497,1519,0.1388
22,1505,1527,0.1388
22,1500,1522,0.1388
22,1488,1510,0.1388
18,1488,1506,0.1388
19,1494,1513,0.1388
18,1493,1511,0.1388
18,1500,1518,0.1388
18,1494,1512,0.1388
16,1510,1526,0.1388
16,1509,1525,0.1388
15,1518,1533,0.1388
14,1518,1532,0.1388
13,1521,1534,0.1388
12,1520,1532,0.1388
12,1512,1524,0.1388
13,1519,1532,0.1388
15,1519,1534,0.1388
15,1519,1534,0.1388
15,1518,1533,0.1388
16,1514,1530,0.1388
15,1514,1529,0.1388
15,1521,1536,0.1388
17,1523,1540,0.1388
18,1504,1522,0.1388
19,1510,1529,0.1388
19,1507,1526,0.1388
19,1504,1523,0.1388
19,1501,1520,0.1388
19,1497,1516,0.1388
19,1503,1522,0.1388
18,1507,1525,0.1388
18,1509,1527,0.1388
18,1502,1520,0.1388
18,1499,1517,0.1388
19,1495,1514,0.1388
21,1499,1520,0.1388
22,1498,1520,0.1388
22,1495,1517,0.1388
22,1497,1519,0.1388
22,1499,1521,0.1388
21,1498,1519,0.1388
21,1500,1521,0.1388
21,1489,1510,0.1388
22,1491,1513,0.1388
21,1490,1511,0.1388
22,1502,1524,0.1388
20,1510,1530,0.1388
19,1510,1529,0.1388
20,1497,1517,0.1388
19,1487,1506,0.1388
18,1498,1516,0.1388
18,1498,1516,0.1388
17,1499,1516,0.1388
19,1500,1519,0.1388
21,1495,1516,0.1388
22,1498,1520,0.1388
23,1498,1521,0.1388
24,1497,1521,0.1388
25,1489,1514,0.1388
24,1478,1502,0.1388
24,1482,1506,0.1388
25,1482,1507,0.1388
24,1487,1511,0.1388
25,1492,1517,0.1388
24,1507,1531,0.1388
25,1505,1530,0.1388
23,1504,1527,0.1388
24,1490,1514,0.1388
23,1499,1522,0.1388
23,1499,1522,0.1388
23,1492,1515,0.1388
21,1497,1518,0.1388
21,1484,1505,0.1388
21,1489,1510,0.1388
22,1494,1516,0.1388
22,1492,1514,0.1388
21,1491,1512,0.1388
20,1500,1520,0.1388
20,1498,1518,0.1388
20,1491,1511,0.1388
18,1488,1506,0.1388
18,1494,1512,0.1388
19,1492,1511,0.1388
19,1487,1506,0.1388
19,1487,1506,0.1388
18,1499,1517,0.1388
19,1502,1521,0.1388
18,1496,1514,0.1388
18,1492,1510,0.1388
20,1497,1517,0.1388
22,1501,1523,0.1388
23,1494,1517,0.1388
23,1502,1525,0.1388
24,1491,1515,0.1388
25,1492,1517,0.1388
25,1517,1542,0.1388
24,1506,1530,0.1388
25,1498,1523,0.1388
24,1493,1517,0.1388
24,1480,1504,0.1388
25,1485,1510,0.1388
24,1495,1519,0.1388
24,1496,1520,0.1388
24,1496,1520,0.1388
24,1496,1520,0.1388
24,1492,1516,0.1388
24,1492,1516,0.1388
23,1501,1524,0.1388
23,1498,1521,0.1388
22,1500,1522,0.1388
23,1488,1511,0.1388
23,1489,1512,0.1388
24,1499,1523,0.1388
23,1500,1523,0.1388
23,1495,1518,0.1388
25,1491,1516,0.1388
25,1486,1511,0.1388
26,1486,1512,0.1388
26,1486,1512,0.1388
27,1491,1518,0.1388
26,1495,1521,0.1388
27,1497,1524,0.1388
28,1500,1528,0.1388
26,1503,1529,0.1388
25,1490,1515,0.1388
24,1500,1524,0.1388
26,1491,1517,0.1388
24,1489,1513,0.1388
24,1488,1512,0.1388
22,1507,1529,0.1388
22,1486,1508,0.1388
23,1486,1509,0.1388
22,1472,1494,0.1388
21,1470,1491,0.1388
20,1478,1498,0.1388
20,1496,1516,0.1388
21,1493,1514,0.1388
20,1496,1516,0.1388
21,1505,1526,0.1388
19,1495,1514,0.1388
20,1501,1521,0.1388
20,1496,1516,0.1388
20,1504,1524,0.1388
19,1507,1526,0.1388
19,1505,1524,0.1388
19,1509,1528,0.1388
20,1502,1522,0.1388
21,1498,1519,0.1388
21,1499,1520,0.1388
21,1499,1520,0.1388
21,1503,1524,0.1388
21,1498,1519,0.1388
22,1493,1515,0.1388
21,1503,1524,0.1388
19,1498,1517,0.1388
19,1489,1508,0.1388
19,1494,1513,0.1388
18,1489,1507,0.1388
19,1506,1525,0.1388
18,1506,1524,0.1388
17,1499,1516,0.1388
16,1497,1513,0.1388
17,1485,1502,0.1388
17,1485,1502,0.1388
17,1487,1504,0.1388
19,1497,1516,0.1388
20,1497,1517,0.1388
20,1484,1504,0.1388
19,1487,1506,0.1388
19,1477,1496,0.1388
19,1485,1504,0.1388
18,1488,1506,0.1388
19,1474,1493,0.1388
18,1490,1508,0.1388
18,1490,1508,0.1388
17,1487,1504,0.1388
17,1500,1517,0.1388
17,1503,1520,0.1388
16,1493,1509,0.1388
16,1499,1515,0.1388
17,1495,1512,0.1388
16,1502,1518,0.1388
18,1503,1521,0.1388
17,1505,1522,0.1388
17,1496,1513,0.1388
17,1494,1511,0.1388
16,1494,1510,0.1388
16,1488,1504,0.1388
16,1491,1507,0.1388
16,1488,1504,0.1388
16,1498,1514,0.1388
16,1486,1502,0.1388
16,1494,1510,0.1388
16,1493,1509,0.1388
17,1498,1515,0.1388
17,1508,1525,0.1388
17,1489,1506,0.1388
17,1493,1510,0.1388
16,1489,1505,0.1388
16,1490,1506,0.1388
15,1497,1512,0.1388
15,1499,1514,0.1388
16,1487,1503,0.1388
16,1492,1508,0.1388
15,1503,1518,0.1388
15,1508,1523,0.1388
15,1500,1515,0.1388
15,1506,1521,0.1388
15,1500,1515,0.1388
14,1498,1512,0.1388
15,1510,1525,0.1388
15,1507,1522,0.1388
15,1508,1523,0.1388
15,1501,1516,0.1388
15,1515,1530,0.1388
15,1520,1535,0.1388
14,1516,1530,0.1388
14,1524,1538,0.1388
14,1504,1518,0.1388
15,1501,1516,0.1388
14,1494,1508,0.1388
13,1506,1519,0.1388
12,1496,1508,0.1388
12,1485,1497,0.1388
12,1499,1511,0.1388
11,1489,1500,0.1388
10,1491,1501,0.1388
10,1505,1515,0.1388
10,1498,1508,0.1388
12,1487,1499,0.1388
12,1497,1509,0.1388
12,1498,1510,0.1388
12,1513,1525,0.1388
12,1518,1530,0.1388
10,1512,1522,0.1388
11,1517,1528,0.1388
11,1528,1539,0.1388
10,1519,1529,0.1388
10,1521,1531,0.1388
9,1511,1520,0.1388
9,1518,1527,0.1388
8,1493,1501,0.1388
8,1512,1520,0.1388
8,1514,1522,0.1388
7,1505,1512,0.1388
7,1512,1519,0.1388
7,1514,1521,0.1388
6,1513,1519,0.1388
6,1520,1526,0.1388
6,1511,1517,0.1388
6,1510,1516,0.1388
6,1505,1511,0.1388
6,1516,1522,0.1388
6,1521,1527,0.1388
5,1517,1522,0.1388
5,1517,1522,0.1388
5,1517,1522,0.1388
5,1513,1518,0.1388
6,1513,1519,0.1388
6,1512,1518,0.1388
6,1511,1517,0.1388
6,1504,1510,0.1388
6,1497,1503,0.1388
6,1506,1512,0.1388
6,1515,1521,0.1388
7,1517,1524,0.1388
7,1503,1510,0.1388
8,1501,1509,0.1388
8,1509,1517,0.1388
8,1496,1504,0.1388
8,1495,1503,0.1388
8,1487,1495,0.1388
9,1498,1507,0.1388
9,1502,1511,0.1388
9,1511,1520,0.1388
9,1495,1504,0.1388
9,1492,1501,0.1388
9,1503,1512,0.1388
9,1513,1522,0.1388
9,1517,1526,0.1388
8,1521,1529,0.1388
8,1516,1524,0.1388
9,1524,1533,0.1388
9,1516,1525,0.1388
8,1517,1525,0.1388
7,1511,1518,0.1388
7,1529,1536,0.1388
7,1515,1522,0.1388
7,1514,1521,0.1388
7,1522,1529,0.1388
8,1515,1523,0.1388
7,1509,1516,0.1388
7,1522,1529,0.1388
6,1520,1526,0.1388
6,1533,1539,0.1388
6,1530,1536,0.1388
6,1518,1524,0.1388
6,1520,1526,0.1388
6,1523,1529,0.1388
6,1513,1519,0.1388
5,1509,1514,0.1388
6,1500,1506,0.1388
7,1513,1520,0.1388
8,1513,1521,0.1388
9,1508,1517,0.1388
9,1504,1513,0.1388
9,1500,1509,0.1388
9,1499,1508,0.1388
9,1493,1502,0.1388
9,1511,1520,0.1388
9,1521,1530,0.1388
9,1508,1517,0.1388
9,1505,1514,0.1388
9,1491,1500,0.1388
9,1485,1494,0.1388
9,1495,1504,0.1388
9,1504,1513,0.1388
8,1510,1518,0.1388
8,1517,1525,0.1388
6,1524,1530,0.1388
6,1517,1523,0.1388
6,1509,1515,0.1388
6,1516,1522,0.1388
6,1507,1513,0.1388
5,1516,1521,0.1388
5,1521,1526,0.1388
5,1503,1508,0.1388
4,1504,1508,0.1388
4,1519,1523,0.1388
4,1514,1518,0.1388
4,1520,1524,0.1388
4,1516,1520,0.1388
5,1523,1528,0.1388
5,1525,1530,0.1388
4,1522,1526,0.1388
4,1509,1513,0.1388
4,1503,1507,0.1388
4,1509,1513,0.1388
4,1502,1506,0.1388
4,1508,1512,0.1388
4,1514,1518,0.1388
4,1516,1520,0.1388
4,1512,1516,0.1388
5,1514,1519,0.1388
5,1511,1516,0.1388
5,1506,1511,0.1388
5,1505,1510,0.1388
6,1505,1511,0.1388
6,1502,1508,0.1388
5,1522,1527,0.1388
5,1523,1528,0.1388
5,1516,1521,0.1388
5,1523,1528,0.1388
5,1513,1518,0.1388
5,1501,1506,0.1388
5,1516,1521,0.1388
5,1525,1530,0.1388
6,1529,1535,0.1388
6,1521,1527,0.1388
6,1510,1516,0.1388
6,1491,1497,0.1388
6,1508,1514,0.1388
6,1503,1509,0.1388
6,1498,1504,0.1388
7,1508,1515,0.1388
7,1520,1527,0.1388
7,1509,1516,0.1388
7,1504,1511,0.1388
7,1504,1511,0.1388
8,1498,1506,0.1388
8,1494,1502,0.1388
8,1492,1500,0.1388
7,1508,1515,0.1388
5,1500,1505,0.1388
6,1490,1496,0.1388
6,1498,1504,0.1388
6,1515,1521,0.1388
5,1492,1497,0.1388
5,1505,1510,0.1388
5,1494,1499,0.1388
5,1507,1512,0.1388
6,1509,1515,0.1388
6,1500,1506,0.1388
7,1497,1504,0.1388
7,1515,1522,0.1388
7,1514,1521,0.1388
7,1514,1521,0.1388
7,1513,1520,0.1388
6,1521,1527,0.1388
6,1520,1526,0.1388
7,1509,1516,0.1388
7,1502,1509,0.1388
7,1503,1510,0.1388
7,1508,1515,0.1388
7,1505,1512,0.1388
6,1503,1509,0.1388
6,1507,1513,0.1388
5,1512,1517,0.1388
4,1517,1521,0.1388
5,1523,1528,0.1388
5,1517,1522,0.1388
5,1509,1514,0.1388
5,1514,1519,0.1388
5,1518,1523,0.1388
5,1513,1518,0.1388
5,1525,1530,0.1388
4,1503,1507,0.1388
5,1502,1507,0.1388
5,1502,1507,0.1388
5,1493,1498,0.1388
5,1499,1504,0.1388
5,1490,1495,0.1388
5,1504,1509,0.1388
5,1511,1516,0.1388
5,1510,1515,0.1388
5,1515,1520,0.1388
5,1525,1530,0.1388
5,1508,1513,0.1388
5,1510,1515,0.1388
5,1513,1518,0.1388
4,1511,1515,0.1388
4,1512,1516,0.1388
5,1518,1523,0.1388
5,1518,1523,0.1388
5,1519,1524,0.1388
5,1509,1514,0.1388
5,1508,1513,0.1388
5,1508,1513,0.1388
5,1509,1514,0.1388
5,1504,1509,0.1388
5,1519,1524,0.1388
5,1518,1523,0.1388
5,1523,1528,0.1388
5,1508,1513,0.1388
5,1504,1509,0.1388
5,1519,1524,0.1388
5,1509,1514,0.1388
5,1515,1520,0.1388
3,1531,1534,0.1388
3,1516,1519,0.1388
3,1526,1529,0.1388
3,1521,1524,0.1388
3,1522,1525,0.1388
4,1510,1514,0.1388
4,1519,1523,0.1388
4,1512,1516,0.1388
4,1518,1522,0.1388
4,1525,1529,0.1388
4,1518,1522,0.1388
4,1507,1511,0.1388
4,1513,1517,0.1388
4,1511,1515,0.1388
3,1499,1502,0.1388
3,1496,1499,0.1388
3,1492,1495,0.1388
4,1486,1490,0.1388
5,1489,1494,0.1388
4,1494,1498,0.1388
4,1500,1504,0.1388
3,1507,1510,0.1388
4,1515,1519,0.1388
4,1496,1500,0.1388
4,1502,1506,0.1388
4,1506,1510,0.1388
5,1511,1516,0.1388
5,1500,1505,0.1388
5,1513,1518,0.1388
7,1523,1530,0.1388
7,1518,1525,0.1388
7,1518,1525,0.1388
7,1515,1522,0.1388
7,1503,1510,0.1388
7,1515,1522,0.1388
7,1501,1508,0.1388
8,1510,1518,0.1388
8,1502,1510,0.1388
7,1505,1512,0.1388
6,1508,1514,0.1388
6,1517,1523,0.1388
6,1505,1511,0.1388
6,1507,1513,0.1388
6,1508,1514,0.1388
5,1512,1517,0.1388
6,1512,1518,0.1388
7,1505,1512,0.1388
7,1513,1520,0.1388
9,1520,1529,0.1388
9,1528,1537,0.1388
9,1524,1533,0.1388
9,1507,1516,0.1388
9,1516,1525,0.1388
9,1513,1522,0.1388
9,1513,1522,0.1388
9,1500,1509,0.1388
8,1493,1501,0.1388
9,1490,1499,0.1388
10,1500,1510,0.1388
11,1505,1516,0.1388
11,1506,1517,0.1388
11,1508,1519,0.1388
10,1500,1510,0.1388
9,1499,1508,0.1388
9,1494,1503,0.1388
10,1501,1511,0.1388
9,1495,1504,0.1388
9,1496,1505,0.1388
12,1490,1502,0.1388
12,1508,1520,0.1388
12,1511,1523,0.1388
12,1511,1523,0.1388
11,1514,1525,0.1388
11,1495,1506,0.1388
12,1504,1516,0.1388
13,1499,1512,0.1388
13,1495,1508,0.1388
13,1497,1510,0.1388
13,1502,1515,0.1388
12,1511,1523,0.1388
11,1513,1524,0.1388
12,1514,1526,0.1388
11,1513,1524,0.1388
11,1518,1529,0.1388
10,1501,1511,0.1388
9,1488,1497,0.1388
9,1490,1499,0.1388
9,1504,1513,0.1388
9,1515,1524,0.1388
7,1507,1514,0.1388
7,1510,1517,0.1388
8,1517,1525,0.1388
8,1516,1524,0.1388
8,1514,1522,0.1388
8,1508,1516,0.1388
6,1507,1513,0.1388
7,1514,1521,0.1388
7,1509,1516,0.1388
6,1511,1517,0.1388
6,1518,1524,0.1388
6,1515,1521,0.1388
6,1519,1525,0.1388
6,1516,1522,0.1388
7,1524,1531,0.1388
7,1519,1526,0.1388
7,1526,1533,0.1388
7,1518,1525,0.1388
7,1517,1524,0.1388
6,1521,1527,0.1388
6,1518,1524,0.1388
6,1523,1529,0.1388
6,1515,1521,0.1388
6,1522,1528,0.1388
6,1528,1534,0.1388
6,1533,1539,0.1388
6,1524,1530,0.1388
6,1524,1530,0.1388
5,1517,1522,0.1388
5,1505,1510,0.1388
7,1496,1503,0.1388
7,1490,1497,0.1388
7,1503,1510,0.1388
7,1507,1514,0.1388
7,1505,1512,0.1388
7,1505,1512,0.1388
7,1505,1512,0.1388
7,1514,1521,0.1388
7,1516,1523,0.1388
7,1514,1521,0.1388
7,1517,1524,0.1388
7,1520,1527,0.1388
7,1507,1514,0.1388
6,1513,1519,0.1388
6,1516,1522,0.1388
5,1507,1512,0.1388
6,1524,1530,0.1388
6,1537,1543,0.1388
5,1516,1521,0.1388
5,1522,1527,0.1388
5,1530,1535,0.1388
5,1528,1533,0.1388
5,1523,1528,0.1388
5,1509,1514,0.1388
5,1513,1518,0.1388
4,1520,1524,0.1388
4,1522,1526,0.1388
3,1520,1523,0.1388
3,1526,1529,0.1388
3,1526,1529,0.1388
3,1523,1526,0.1388
3,1517,1520,0.1388
3,1522,1525,0.1388
3,1507,1510,0.1388
3,1514,1517,0.1388
3,1513,1516,0.1388
2,1514,1516,0.1388
2,1524,1526,0.1388
1,1524,1525,0.1388
1,1524,1525,0.1388
1,1518,1519,0.1388
1,1523,1524,0.1388
1,1528,1529,0.1388
1,1535,1536,0.1388
1,1532,1533,0.1388
1,1524,1525,0.1388
1,1526,1527,0.1388
0,1518,1518,0.1388
