1372,30,1402,0.1388
1410,29,1439,0.1388
1428,30,1458,0.1388
1447,29,1476,0.1388
1455,30,1485,0.1388
1466,32,1498,0.1388
1465,33,1498,0.1388
1474,35,1509,0.1388
1478,36,1514,0.1388
1476,35,1511,0.1388
1454,34,1488,0.1388
1458,33,1491,0.1388
1452,32,1484,0.1388
1467,33,1500,0.1388
1460,34,1494,0.1388
1450,32,1482,0.1388
1440,34,1474,0.1388
1451,33,1484,0.1388
1452,34,1486,0.1388
1432,35,1467,0.1388
1445,36,1481,0.1388
1440,35,1475,0.1388
1450,38,1488,0.1388
1471,37,1508,0.1388
1466,36,1502,0.1388
1472,36,1508,0.1388
1482,38,1520,0.1388
1468,40,1508,0.1388
1466,40,1506,0.1388
1457,40,1497,0.1388
1454,42,1496,0.1388
1448,42,1490,0.1388
1465,42,1507,0.1388
1460,41,1501,0.1388
1446,44,1490,0.1388
1450,45,1495,0.1388
1451,45,1496,0.1388
1451,44,1495,0.1388
1452,46,1498,0.1388
1460,47,1507,0.1388
1469,46,1515,0.1388
1469,46,1515,0.1388
1454,46,1500,0.1388
1453,48,1501,0.1388
1447,48,1495,0.1388
1440,49,1489,0.1388
1438,47,1485,0.1388
1436,47,1483,0.1388
1434,49,1483,0.1388
1430,50,1480,0.1388
1424,53,1477,0.1388
1422,57,1479,0.1388
1429,56,1485,0.1388
1429,57,1486,0.1388
1460,58,1518,0.1388
1455,57,1512,0.1388
1444,57,1501,0.1388
1435,56,1491,0.1388
1425,56,1481,0.1388
1415,61,1476,0.1388
1429,59,1488,0.1388
1412,56,1468,0.1388
1435,58,1493,0.1388
1436,59,1495,0.1388
1431,57,1488,0.1388
1427,57,1484,0.1388
1438,58,1496,0.1388
1444,59,1503,0.1388
1450,59,1509,0.1388
1450,55,1505,0.1388
1438,54,1492,0.1388
1427,54,1481,0.1388
1440,54,1494,0.1388
1434,53,1487,0.1388
1448,51,1499,0.1388
1443,50,1493,0.1388
1444,50,1494,0.1388
1450,52,1502,0.1388
1450,54,1504,0.1388
1447,54,1501,0.1388
1451,55,1506,0.1388
1451,55,1506,0.1388
1446,55,1501,0.1388
1455,56,1511,0.1388
1442,55,1497,0.1388
1436,55,1491,0.1388
1445,54,1499,0.1388
1430,58,1488,0.1388
1442,57,1499,0.1388
1434,57,1491,0.1388
1434,62,1496,0.1388
1432,63,1495,0.1388
1433,64,1497,0.1388
1439,63,1502,0.1388
1425,64,1489,0.1388
1424,63,1487,0.1388
1434,63,1497,0.1388
1429,63,1492,0.1388
1433,65,1498,0.1388
1435,63,1498,0.1388
1444,64,1508,0.1388
1445,63,1508,0.1388
1442,62,1504,0.1388
1440,62,1502,0.1388
1439,58,1497,0.1388
1439,59,1498,0.1388
1428,59,1487,0.1388
1426,59,1485,0.1388
1430,59,1489,0.1388
1427,60,1487,0.1388
1430,60,1490,0.1388
1422,59,1481,0.1388
1415,55,1470,0.1388
1424,55,1479,0.1388
1428,60,1488,0.1388
1426,61,1487,0.1388
1436,64,1500,0.1388
1427,65,1492,0.1388
1421,66,1487,0.1388
1422,72,1494,0.1388
1421,69,1490,0.1388
1403,72,1475,0.1388
1407,75,1482,0.1388
1404,71,1475,0.1388
1423,70,1493,0.1388
1405,69,1474,0.1388
1409,69,1478,0.1388
1417,72,1489,0.1388
1420,72,1492,0.1388
1423,71,1494,0.1388
1427,70,1497,0.1388
1446,69,1515,0.1388
1441,68,1509,0.1388
1445,67,1512,0.1388
1446,69,1515,0.1388
1433,67,1500,0.1388
1424,69,1493,0.1388
1418,72,1490,0.1388
1420,72,1492,0.1388
1422,72,1494,0.1388
1425,71,1496,0.1388
1432,74,1506,0.1388
1419,77,1496,0.1388
1422,78,1500,0.1388
1426,75,1501,0.1388
1415,74,1489,0.1388
1415,77,1492,0.1388
1416,76,1492,0.1388
1419,79,1498,0.1388
1420,79,1499,0.1388
1422,80,1502,0.1388
1418,81,1499,0.1388
1414,83,1497,0.1388
1412,83,1495,0.1388
1421,83,1504,0.1388
1422,84,1506,0.1388
1424,83,1507,0.1388
1430,81,1511,0.1388
1432,80,1512,0.1388
1437,80,1517,0.1388
1427,79,1506,0.1388
1425,83,1508,0.1388
1412,81,1493,0.1388
1409,84,1493,0.1388
1411,84,1495,0.1388
1408,84,1492,0.1388
1404,84,1488,0.1388
1406,84,1490,0.1388
1400,83,1483,0.1388
1426,82,1508,0.1388
1429,85,1514,0.1388
1413,82,1495,0.1388
1421,82,1503,0.1388
1441,82,1523,0.1388
1419,82,1501,0.1388
1417,81,1498,0.1388
1425,83,1508,0.1388
1425,84,1509,0.1388
1416,84,1500,0.1388
1407,86,1493,0.1388
1408,87,1495,0.1388
1422,85,1507,0.1388
1427,85,1512,0.1388
1420,84,1504,0.1388
1408,85,1493,0.1388
1407,85,1492,0.1388
1425,87,1512,0.1388
1415,89,1504,0.1388
1411,88,1499,0.1388
1408,85,1493,0.1388
1399,83,1482,0.1388
1403,86,1489,0.1388
1406,91,1497,0.1388
1414,91,1505,0.1388
1418,95,1513,0.1388
1423,93,1516,0.1388
1424,91,1515,0.1388
1407,89,1496,0.1388
1414,86,1500,0.1388
1410,92,1502,0.1388
1404,92,1496,0.1388
1394,94,1488,0.1388
1398,96,1494,0.1388
1407,93,1500,0.1388
1402,93,1495,0.1388
1414,90,1504,0.1388
1406,89,1495,0.1388
1400,85,1485,0.1388
1414,86,1500,0.1388
1417,87,1504,0.1388
1421,85,1506,0.1388
1408,83,1491,0.1388
1408,83,1491,0.1388
1418,86,1504,0.1388
1400,86,1486,0.1388
1408,83,1491,0.1388
1401,80,1481,0.1388
1416,85,1501,0.1388
1399,87,1486,0.1388
1400,86,1486,0.1388
1397,89,1486,0.1388
1410,87,1497,0.1388
1422,92,1514,0.1388
1425,90,1515,0.1388
1432,90,1522,0.1388
1427,94,1521,0.1388
1430,93,1523,0.1388
1404,93,1497,0.1388
1400,92,1492,0.1388
1399,93,1492,0.1388
1406,95,1501,0.1388
1406,95,1501,0.1388
1406,97,1503,0.1388
1408,101,1509,0.1388
1399,100,1499,0.1388
1394,102,1496,0.1388
1382,102,1484,0.1388
1382,101,1483,0.1388
1377,99,1476,0.1388
1383,96,1479,0.1388
1397,99,1496,0.1388
1393,103,1496,0.1388
1393,106,1499,0.1388
1392,101,1493,0.1388
1385,102,1487,0.1388
1389,101,1490,0.1388
1388,104,1492,0.1388
1377,107,1484,0.1388
1386,105,1491,0.1388
1399,105,1504,0.1388
1402,103,1505,0.1388
1403,106,1509,0.1388
1389,107,1496,0.1388
1384,106,1490,0.1388
1393,104,1497,0.1388
1386,103,1489,0.1388
1382,103,1485,0.1388
1390,102,1492,0.1388
1394,96,1490,0.1388
1393,99,1492,0.1388
1383,100,1483,0.1388
1391,100,1491,0.1388
1400,100,1500,0.1388
1383,101,1484,0.1388
1375,103,1478,0.1388
1375,105,1480,0.1388
1378,106,1484,0.1388
1382,105,1487,0.1388
1395,107,1502,0.1388
1399,112,1511,0.1388
1404,113,1517,0.1388
1396,112,1508,0.1388
1385,112,1497,0.1388
1380,115,1495,0.1388
1375,117,1492,0.1388
1368,117,1485,0.1388
1374,123,1497,0.1388
1374,123,1497,0.1388
1379,123,1502,0.1388
1370,124,1494,0.1388
1368,127,1495,0.1388
1374,125,1499,0.1388
1383,126,1509,0.1388
1371,122,1493,0.1388
1385,120,1505,0.1388
1400,121,1521,0.1388
1396,123,1519,0.1388
1375,124,1499,0.1388
1372,128,1500,0.1388
1380,127,1507,0.1388
1368,126,1494,0.1388
1365,129,1494,0.1388
1373,128,1501,0.1388
1372,125,1497,0.1388
1369,125,1494,0.1388
1367,121,1488,0.1388
1380,119,1499,0.1388
1379,121,1500,0.1388
1380,121,1501,0.1388
1377,118,1495,0.1388
1380,116,1496,0.1388
1388,116,1504,0.1388
1385,116,1501,0.1388
1371,120,1491,0.1388
1369,114,1483,0.1388
1364,117,1481,0.1388
1366,119,1485,0.1388
1371,121,1492,0.1388
1377,123,1500,0.1388
1373,122,1495,0.1388
1368,121,1489,0.1388
1369,121,1490,0.1388
1372,119,1491,0.1388
1379,119,1498,0.1388
1380,122,1502,0.1388
1360,123,1483,0.1388
1365,123,1488,0.1388
1349,124,1473,0.1388
1347,123,1470,0.1388
1362,122,1484,0.1388
1372,120,1492,0.1388
1373,125,1498,0.1388
1374,125,1499,0.1388
1363,129,1492,0.1388
1346,126,1472,0.1388
1337,125,1462,0.1388
1345,127,1472,0.1388
1353,129,1482,0.1388
1349,129,1478,0.1388
1353,129,1482,0.1388
1352,131,1483,0.1388
1353,130,1483,0.1388
1348,132,1480,0.1388
1349,134,1483,0.1388
1345,136,1481,0.1388
1349,135,1484,0.1388
1338,134,1472,0.1388
1336,139,1475,0.1388
1327,138,1465,0.1388
1321,144,1465,0.1388
1330,146,1476,0.1388
1345,141,1486,0.1388
1348,142,1490,0.1388
1341,144,1485,0.1388
1350,140,1490,0.1388
1352,142,1494,0.1388
1344,139,1483,0.1388
1358,139,1497,0.1388
1352,138,1490,0.1388
1351,140,1491,0.1388
1350,139,1489,0.1388
1348,139,1487,0.1388
1354,141,1495,0.1388
1362,140,1502,0.1388
1352,140,1492,0.1388
1367,137,1504,0.1388
1348,133,1481,0.1388
1340,132,1472,0.1388
1348,132,1480,0.1388
1352,138,1490,0.1388
1356,140,1496,0.1388
1363,141,1504,0.1388
1373,132,1505,0.1388
1382,128,1510,0.1388
1359,137,1496,0.1388
1358,138,1496,0.1388
1361,137,1498,0.1388
1364,137,1501,0.1388
1358,135,1493,0.1388
1362,139,1501,0.1388
1368,140,1508,0.1388
1365,143,1508,0.1388
1351,146,1497,0.1388
1346,141,1487,0.1388
1360,140,1500,0.1388
1357,141,1498,0.1388
1337,141,1478,0.1388
1348,143,1491,0.1388
1352,146,1498,0.1388
1347,152,1499,0.1388
1335,149,1484,0.1388
1332,151,1483,0.1388
1337,154,1491,0.1388
1346,153,1499,0.1388
1340,153,1493,0.1388
1335,156,1491,0.1388
1337,152,1489,0.1388
1340,152,1492,0.1388
1339,150,1489,0.1388
1334,152,1486,0.1388
1326,160,1486,0.1388
1321,162,1483,0.1388
1338,165,1503,0.1388
1330,160,1490,0.1388
1327,161,1488,0.1388
1336,164,1500,0.1388
1323,160,1483,0.1388
1317,162,1479,0.1388
1315,166,1481,0.1388
1324,169,1493,0.1388
1324,173,1497,0.1388
1332,171,1503,0.1388
1326,165,1491,0.1388
1336,165,1501,0.1388
1347,163,1510,0.1388
1347,164,1511,0.1388
1356,165,1521,0.1388
1348,156,1504,0.1388
1346,150,1496,0.1388
1337,155,1492,0.1388
1329,160,1489,0.1388
1322,165,1487,0.1388
1329,166,1495,0.1388
1326,163,1489,0.1388
1328,165,1493,0.1388
1327,165,1492,0.1388
1326,172,1498,0.1388
1327,179,1506,0.1388
1334,180,1514,0.1388
1314,182,1496,0.1388
1318,175,1493,0.1388
1313,168,1481,0.1388
1322,165,1487,0.1388
1331,170,1501,0.1388
1324,171,1495,0.1388
1305,171,1476,0.1388
1310,175,1485,0.1388
1312,177,1489,0.1388
1307,176,1483,0.1388
1302,174,1476,0.1388
1311,179,1490,0.1388
1312,181,1493,0.1388
1296,185,1481,0.1388
1304,187,1491,0.1388
1300,189,1489,0.1388
1313,184,1497,0.1388
1320,180,1500,0.1388
1300,181,1481,0.1388
1310,183,1493,0.1388
1314,185,1499,0.1388
1323,185,1508,0.1388
1323,189,1512,0.1388
1325,191,1516,0.1388
1320,194,1514,0.1388
1300,193,1493,0.1388
1305,186,1491,0.1388
1312,186,1498,0.1388
1312,189,1501,0.1388
1318,190,1508,0.1388
1319,193,1512,0.1388
1311,197,1508,0.1388
1312,196,1508,0.1388
1311,198,1509,0.1388
1302,194,1496,0.1388
1291,191,1482,0.1388
1286,196,1482,0.1388
1298,196,1494,0.1388
1281,196,1477,0.1388
1284,197,1481,0.1388
1294,197,1491,0.1388
1297,198,1495,0.1388
1302,196,1498,0.1388
1304,198,1502,0.1388
1305,203,1508,0.1388
1300,204,1504,0.1388
1308,206,1514,0.1388
1288,207,1495,0.1388
1292,203,1495,0.1388
1289,204,1493,0.1388
1295,210,1505,0.1388
1294,210,1504,0.1388
1292,211,1503,0.1388
1293,213,1506,0.1388
1287,210,1497,0.1388
1287,211,1498,0.1388
1292,205,1497,0.1388
1293,201,1494,0.1388
1307,202,1509,0.1388
1300,201,1501,0.1388
1298,201,1499,0.1388
1293,209,1502,0.1388
1292,206,1498,0.1388
1284,205,1489,0.1388
1289,211,1500,0.1388
1277,219,1496,0.1388
1287,216,1503,0.1388
1291,215,1506,0.1388
1287,213,1500,0.1388
1283,214,1497,0.1388
1290,219,1509,0.1388
1287,225,1512,0.1388
1277,220,1497,0.1388
1275,223,1498,0.1388
1267,223,1490,0.1388
1275,232,1507,0.1388
1276,233,1509,0.1388
1276,232,1508,0.1388
1281,230,1511,0.1388
1281,230,1511,0.1388
1268,231,1499,0.1388
1257,233,1490,0.1388
1254,237,1491,0.1388
1259,232,1491,0.1388
1269,233,1502,0.1388
1275,233,1508,0.1388
1272,233,1505,0.1388
1264,240,1504,0.1388
1260,235,1495,0.1388
1265,234,1499,0.1388
1262,239,1501,0.1388
1255,241,1496,0.1388
1259,239,1498,0.1388
1268,239,1507,0.1388
1267,239,1506,0.1388
1270,235,1505,0.1388
1266,238,1504,0.1388
1264,240,1504,0.1388
1261,234,1495,0.1388
1259,231,1490,0.1388
1268,235,1503,0.1388
1265,242,1507,0.1388
1259,245,1504,0.1388
1254,248,1502,0.1388
1251,247,1498,0.1388
1249,248,1497,0.1388
1253,248,1501,0.1388
1261,250,1511,0.1388
1248,251,1499,0.1388
1242,256,1498,0.1388
1241,256,1497,0.1388
1241,254,1495,0.1388
1224,254,1478,0.1388
1229,257,1486,0.1388
1231,261,1492,0.1388
1238,258,1496,0.1388
1232,266,1498,0.1388
1221,266,1487,0.1388
1225,266,1491,0.1388
1245,270,1515,0.1388
1240,263,1503,0.1388
1233,265,1498,0.1388
1232,260,1492,0.1388
1245,263,1508,0.1388
1230,267,1497,0.1388
1226,271,1497,0.1388
1218,271,1489,0.1388
1216,271,1487,0.1388
1214,266,1480,0.1388
1203,273,1476,0.1388
1206,267,1473,0.1388
1203,275,1478,0.1388
1220,281,1501,0.1388
1221,280,1501,0.1388
1232,286,1518,0.1388
1231,286,1517,0.1388
1223,285,1508,0.1388
1219,286,1505,0.1388
1206,283,1489,0.1388
1190,274,1464,0.1388
1189,277,1466,0.1388
1191,288,1479,0.1388
1193,294,1487,0.1388
1201,294,1495,0.1388
1201,296,1497,0.1388
1201,295,1496,0.1388
1198,289,1487,0.1388
1205,293,1498,0.1388
1204,289,1493,0.1388
1206,286,1492,0.1388
1211,287,1498,0.1388
1213,282,1495,0.1388
1215,284,1499,0.1388
1205,288,1493,0.1388
1221,288,1509,0.1388
1209,295,1504,0.1388
1203,292,1495,0.1388
1199,287,1486,0.1388
1206,287,1493,0.1388
1210,289,1499,0.1388
1208,290,1498,0.1388
1198,291,1489,0.1388
1191,293,1484,0.1388
1198,288,1486,0.1388
1196,286,1482,0.1388
1211,291,1502,0.1388
1215,288,1503,0.1388
1213,300,1513,0.1388
1212,301,1513,0.1388
1193,303,1496,0.1388
1206,304,1510,0.1388
1200,303,1503,0.1388
1197,306,1503,0.1388
1195,306,1501,0.1388
1193,310,1503,0.1388
1184,312,1496,0.1388
1201,311,1512,0.1388
1201,313,1514,0.1388
1195,321,1516,0.1388
1198,319,1517,0.1388
1209,318,1527,0.1388
1206,316,1522,0.1388
1207,321,1528,0.1388
1191,321,1512,0.1388
1186,323,1509,0.1388
1188,324,1512,0.1388
1188,322,1510,0.1388
1185,322,1507,0.1388
1173,318,1491,0.1388
1175,319,1494,0.1388
1174,319,1493,0.1388
1168,316,1484,0.1388
1163,317,1480,0.1388
1149,322,1471,0.1388
1153,326,1479,0.1388
1158,320,1478,0.1388
1177,312,1489,0.1388
1173,315,1488,0.1388
1173,315,1488,0.1388
1183,317,1500,0.1388
1166,313,1479,0.1388
1167,313,1480,0.1388
1177,314,1491,0.1388
1182,316,1498,0.1388
1183,322,1505,0.1388
1187,322,1509,0.1388
1185,322,1507,0.1388
1179,326,1505,0.1388
1186,325,1511,0.1388
1177,322,1499,0.1388
1183,329,1512,0.1388
1179,333,1512,0.1388
1178,334,1512,0.1388
1172,332,1504,0.1388
1176,326,1502,0.1388
1167,325,1492,0.1388
1160,332,1492,0.1388
1147,337,1484,0.1388
1154,339,1493,0.1388
1151,338,1489,0.1388
1166,334,1500,0.1388
1170,330,1500,0.1388
1186,330,1516,0.1388
1180,328,1508,0.1388
1182,331,1513,0.1388
1189,329,1518,0.1388
1184,335,1519,0.1388
1166,339,1505,0.1388
1169,346,1515,0.1388
1167,347,1514,0.1388
1168,347,1515,0.1388
1159,343,1502,0.1388
1153,343,1496,0.1388
1155,350,1505,0.1388
1154,356,1510,0.1388
1147,356,1503,0.1388
1156,358,1514,0.1388
1149,361,1510,0.1388
1145,354,1499,0.1388
1147,362,1509,0.1388
1123,358,1481,0.1388
1133,358,1491,0.1388
1119,367,1486,0.1388
1120,376,1496,0.1388
1128,369,1497,0.1388
1126,369,1495,0.1388
1131,369,1500,0.1388
1128,370,1498,0.1388
1128,375,1503,0.1388
1122,371,1493,0.1388
1117,373,1490,0.1388
1127,383,1510,0.1388
1120,380,1500,0.1388
1119,385,1504,0.1388
1123,382,1505,0.1388
1125,389,1514,0.1388
1131,381,1512,0.1388
1137,382,1519,0.1388
1137,383,1520,0.1388
1121,385,1506,0.1388
1105,384,1489,0.1388
1103,375,1478,0.1388
1099,380,1479,0.1388
1104,388,1492,0.1388
1098,389,1487,0.1388
1102,384,1486,0.1388
1103,384,1487,0.1388
1111,383,1494,0.1388
1119,379,1498,0.1388
1122,385,1507,0.1388
1119,388,1507,0.1388
1116,394,1510,0.1388
1101,389,1490,0.1388
1104,383,1487,0.1388
1092,388,1480,0.1388
1090,387,1477,0.1388
1084,391,1475,0.1388
1085,398,1483,0.1388
1079,407,1486,0.1388
1082,408,1490,0.1388
1083,413,1496,0.1388
1085,417,1502,0.1388
1090,417,1507,0.1388
1080,411,1491,0.1388
1089,415,1504,0.1388
1073,407,1480,0.1388
1080,413,1493,0.1388
1085,423,1508,0.1388
1078,415,1493,0.1388
1072,416,1488,0.1388
1068,415,1483,0.1388
1066,416,1482,0.1388
1077,422,1499,0.1388
1076,424,1500,0.1388
1079,418,1497,0.1388
1082,421,1503,0.1388
1083,426,1509,0.1388
1083,428,1511,0.1388
1079,432,1511,0.1388
1067,431,1498,0.1388
1075,430,1505,0.1388
1075,432,1507,0.1388
1066,432,1498,0.1388
1062,430,1492,0.1388
1063,435,1498,0.1388
1070,435,1505,0.1388
1072,432,1504,0.1388
1070,434,1504,0.1388
1072,434,1506,0.1388
1079,437,1516,0.1388
1083,434,1517,0.1388
1069,442,1511,0.1388
1071,450,1521,0.1388
1071,446,1517,0.1388
1067,441,1508,0.1388
1078,441,1519,0.1388
1080,446,1526,0.1388
1071,440,1511,0.1388
1063,435,1498,0.1388
1070,437,1507,0.1388
1066,434,1500,0.1388
1063,426,1489,0.1388
1054,432,1486,0.1388
1061,440,1501,0.1388
1071,439,1510,0.1388
1058,437,1495,0.1388
1052,451,1503,0.1388
1057,448,1505,0.1388
1042,452,1494,0.1388
1043,440,1483,0.1388
1051,442,1493,0.1388
1041,445,1486,0.1388
1033,449,1482,0.1388
1049,449,1498,0.1388
1051,451,1502,0.1388
1052,446,1498,0.1388
1048,450,1498,0.1388
1053,455,1508,0.1388
1055,455,1510,0.1388
1046,458,1504,0.1388
1034,461,1495,0.1388
1046,465,1511,0.1388
1046,464,1510,0.1388
1041,472,1513,0.1388
1026,472,1498,0.1388
1025,470,1495,0.1388
1039,469,1508,0.1388
1035,470,1505,0.1388
1040,468,1508,0.1388
1047,463,1510,0.1388
1035,465,1500,0.1388
1024,465,1489,0.1388
1022,463,1485,0.1388
1021,464,1485,0.1388
1025,461,1486,0.1388
1037,462,1499,0.1388
1038,465,1503,0.1388
1045,459,1504,0.1388
1051,462,1513,0.1388
1052,456,1508,0.1388
1039,458,1497,0.1388
1044,459,1503,0.1388
1053,447,1500,0.1388
1047,453,1500,0.1388
1042,464,1506,0.1388
1033,466,1499,0.1388
1038,473,1511,0.1388
1027,474,1501,0.1388
1032,482,1514,0.1388
1022,478,1500,0.1388
1033,482,1515,0.1388
1032,484,1516,0.1388
1033,486,1519,0.1388
1033,488,1521,0.1388
1025,485,1510,0.1388
1026,484,1510,0.1388
1022,482,1504,0.1388
1025,484,1509,0.1388
1017,475,1492,0.1388
1007,484,1491,0.1388
1012,485,1497,0.1388
1015,494,1509,0.1388
1012,499,1511,0.1388
1004,493,1497,0.1388
1007,503,1510,0.1388
992,510,1502,0.1388
999,514,1513,0.1388
992,504,1496,0.1388
992,502,1494,0.1388
998,504,1502,0.1388
996,500,1496,0.1388
996,496,1492,0.1388
989,499,1488,0.1388
995,502,1497,0.1388
1005,505,1510,0.1388
996,512,1508,0.1388
985,515,1500,0.1388
977,516,1493,0.1388
973,518,1491,0.1388
971,519,1490,0.1388
987,521,1508,0.1388
982,519,1501,0.1388
979,520,1499,0.1388
977,527,1504,0.1388
961,530,1491,0.1388
957,530,1487,0.1388
963,527,1490,0.1388
955,523,1478,0.1388
956,521,1477,0.1388
961,530,1491,0.1388
964,517,1481,0.1388
966,518,1484,0.1388
979,520,1499,0.1388
980,527,1507,0.1388
973,531,1504,0.1388
969,536,1505,0.1388
974,524,1498,0.1388
967,515,1482,0.1388
963,526,1489,0.1388
975,530,1505,0.1388
982,530,1512,0.1388
982,533,1515,0.1388
979,538,1517,0.1388
968,532,1500,0.1388
985,532,1517,0.1388
991,530,1521,0.1388
994,521,1515,0.1388
986,526,1512,0.1388
983,526,1509,0.1388
987,532,1519,0.1388
970,532,1502,0.1388
972,524,1496,0.1388
966,522,1488,0.1388
973,515,1488,0.1388
983,515,1498,0.1388
972,525,1497,0.1388
982,527,1509,0.1388
987,525,1512,0.1388
991,521,1512,0.1388
993,524,1517,0.1388
994,522,1516,0.1388
1001,528,1529,0.1388
993,527,1520,0.1388
990,513,1503,0.1388
985,518,1503,0.1388
991,524,1515,0.1388
985,518,1503,0.1388
992,518,1510,0.1388
990,522,1512,0.1388
989,511,1500,0.1388
991,499,1490,0.1388
987,499,1486,0.1388
984,507,1491,0.1388
980,505,1485,0.1388
974,512,1486,0.1388
976,513,1489,0.1388
983,519,1502,0.1388
981,525,1506,0.1388
973,527,1500,0.1388
965,523,1488,0.1388
975,525,1500,0.1388
969,524,1493,0.1388
973,524,1497,0.1388
975,531,1506,0.1388
980,530,1510,0.1388
973,535,1508,0.1388
983,544,1527,0.1388
963,548,1511,0.1388
962,542,1504,0.1388
966,540,1506,0.1388
955,546,1501,0.1388
955,549,1504,0.1388
945,548,1493,0.1388
950,556,1506,0.1388
944,557,1501,0.1388
946,562,1508,0.1388
938,560,1498,0.1388
930,565,1495,0.1388
932,563,1495,0.1388
932,573,1505,0.1388
936,583,1519,0.1388
939,589,1528,0.1388
937,593,1530,0.1388
936,593,1529,0.1388
929,586,1515,0.1388
919,593,1512,0.1388
923,591,1514,0.1388
908,595,1503,0.1388
907,590,1497,0.1388
903,603,1506,0.1388
904,605,1509,0.1388
904,593,1497,0.1388
898,580,1478,0.1388
901,583,1484,0.1388
902,586,1488,0.1388
900,594,1494,0.1388
902,590,1492,0.1388
901,594,1495,0.1388
896,599,1495,0.1388
903,605,1508,0.1388
899,605,1504,0.1388
896,607,1503,0.1388
897,610,1507,0.1388
894,618,1512,0.1388
903,612,1515,0.1388
905,617,1522,0.1388
902,614,1516,0.1388
895,614,1509,0.1388
894,620,1514,0.1388
893,618,1511,0.1388
901,628,1529,0.1388
888,624,1512,0.1388
887,628,1515,0.1388
881,626,1507,0.1388
889,627,1516,0.1388
878,627,1505,0.1388
893,626,1519,0.1388
887,624,1511,0.1388
881,631,1512,0.1388
882,631,1513,0.1388
883,625,1508,0.1388
875,632,1507,0.1388
873,625,1498,0.1388
874,635,1509,0.1388
855,634,1489,0.1388
866,628,1494,0.1388
868,623,1491,0.1388
877,623,1500,0.1388
874,624,1498,0.1388
865,616,1481,0.1388
866,628,1494,0.1388
861,628,1489,0.1388
869,634,1503,0.1388
875,634,1509,0.1388
865,642,1507,0.1388
855,648,1503,0.1388
863,656,1519,0.1388
864,663,1527,0.1388
861,656,1517,0.1388
858,655,1513,0.1388
854,657,1511,0.1388
854,669,1523,0.1388
850,661,1511,0.1388
851,657,1508,0.1388
851,667,1518,0.1388
835,664,1499,0.1388
841,672,1513,0.1388
839,669,1508,0.1388
841,665,1506,0.1388
841,669,1510,0.1388
831,666,1497,0.1388
836,666,1502,0.1388
836,675,1511,0.1388
838,683,1521,0.1388
826,680,1506,0.1388
829,681,1510,0.1388
834,672,1506,0.1388
824,676,1500,0.1388
820,681,1501,0.1388
818,681,1499,0.1388
805,685,1490,0.1388
814,687,1501,0.1388
804,687,1491,0.1388
812,695,1507,0.1388
809,692,1501,0.1388
810,686,1496,0.1388
810,684,1494,0.1388
813,693,1506,0.1388
814,692,1506,0.1388
796,694,1490,0.1388
789,706,1495,0.1388
786,704,1490,0.1388
788,711,1499,0.1388
777,717,1494,0.1388
778,716,1494,0.1388
774,718,1492,0.1388
774,731,1505,0.1388
778,732,1510,0.1388
786,724,1510,0.1388
788,731,1519,0.1388
787,718,1505,0.1388
799,719,1518,0.1388
788,724,1512,0.1388
783,727,1510,0.1388
785,718,1503,0.1388
776,713,1489,0.1388
773,731,1504,0.1388
765,735,1500,0.1388
763,732,1495,0.1388
762,741,1503,0.1388
764,738,1502,0.1388
761,733,1494,0.1388
769,728,1497,0.1388
755,734,1489,0.1388
762,748,1510,0.1388
761,756,1517,0.1388
765,752,1517,0.1388
764,755,1519,0.1388
752,767,1519,0.1388
753,766,1519,0.1388
746,766,1512,0.1388
739,768,1507,0.1388
732,773,1505,0.1388
731,776,1507,0.1388
729,775,1504,0.1388
720,767,1487,0.1388
726,771,1497,0.1388
726,779,1505,0.1388
726,784,1510,0.1388
725,789,1514,0.1388
723,780,1503,0.1388
721,779,1500,0.1388
719,787,1506,0.1388
715,792,1507,0.1388
721,790,1511,0.1388
734,796,1530,0.1388
728,799,1527,0.1388
717,795,1512,0.1388
719,788,1507,0.1388
724,803,1527,0.1388
713,802,1515,0.1388
710,795,1505,0.1388
713,799,1512,0.1388
706,793,1499,0.1388
698,793,1491,0.1388
700,810,1510,0.1388
710,809,1519,0.1388
703,807,1510,0.1388
702,803,1505,0.1388
703,813,1516,0.1388
699,807,1506,0.1388
686,809,1495,0.1388
681,811,1492,0.1388
680,819,1499,0.1388
683,823,1506,0.1388
681,818,1499,0.1388
678,819,1497,0.1388
669,819,1488,0.1388
658,826,1484,0.1388
651,838,1489,0.1388
660,834,1494,0.1388
663,843,1506,0.1388
664,846,1510,0.1388
663,847,1510,0.1388
662,850,1512,0.1388
667,856,1523,0.1388
673,857,1530,0.1388
669,845,1514,0.1388
669,840,1509,0.1388
666,844,1510,0.1388
669,850,1519,0.1388
662,855,1517,0.1388
667,856,1523,0.1388
658,852,1510,0.1388
653,855,1508,0.1388
652,855,1507,0.1388
650,856,1506,0.1388
637,858,1495,0.1388
638,865,1503,0.1388
629,869,1498,0.1388
622,877,1499,0.1388
624,880,1504,0.1388
629,883,1512,0.1388
626,883,1509,0.1388
625,879,1504,0.1388
613,889,1502,0.1388
620,891,1511,0.1388
628,892,1520,0.1388
619,884,1503,0.1388
618,887,1505,0.1388
618,886,1504,0.1388
616,885,1501,0.1388
617,887,1504,0.1388
621,880,1501,0.1388
625,886,1511,0.1388
623,880,1503,0.1388
611,888,1499,0.1388
605,890,1495,0.1388
601,902,1503,0.1388
598,899,1497,0.1388
597,903,1500,0.1388
593,902,1495,0.1388
599,910,1509,0.1388
604,905,1509,0.1388
599,923,1522,0.1388
599,924,1523,0.1388
598,928,1526,0.1388
584,926,1510,0.1388
581,923,1504,0.1388
588,916,1504,0.1388
590,917,1507,0.1388
584,924,1508,0.1388
582,931,1513,0.1388
578,928,1506,0.1388
581,926,1507,0.1388
576,927,1503,0.1388
581,931,1512,0.1388
573,916,1489,0.1388
572,931,1503,0.1388
571,935,1506,0.1388
577,940,1517,0.1388
583,937,1520,0.1388
580,937,1517,0.1388
571,936,1507,0.1388
569,949,1518,0.1388
566,946,1512,0.1388
567,939,1506,0.1388
570,942,1512,0.1388
571,942,1513,0.1388
564,945,1509,0.1388
561,936,1497,0.1388
562,936,1498,0.1388
560,953,1513,0.1388
553,950,1503,0.1388
561,956,1517,0.1388
548,959,1507,0.1388
547,968,1515,0.1388
553,967,1520,0.1388
549,966,1515,0.1388
547,972,1519,0.1388
550,975,1525,0.1388
551,974,1525,0.1388
542,975,1517,0.1388
533,974,1507,0.1388
537,980,1517,0.1388
526,983,1509,0.1388
523,985,1508,0.1388
519,991,1510,0.1388
516,989,1505,0.1388
513,997,1510,0.1388
517,997,1514,0.1388
505,1005,1510,0.1388
499,1007,1506,0.1388
497,1008,1505,0.1388
489,1012,1501,0.1388
492,1022,1514,0.1388
490,1025,1515,0.1388
500,1035,1535,0.1388
495,1026,1521,0.1388
489,1025,1514,0.1388
478,1025,1503,0.1388
472,1028,1500,0.1388
464,1044,1508,0.1388
466,1042,1508,0.1388
471,1042,1513,0.1388
466,1039,1505,0.1388
468,1047,1515,0.1388
458,1038,1496,0.1388
455,1031,1486,0.1388
458,1042,1500,0.1388
458,1040,1498,0.1388
459,1055,1514,0.1388
463,1053,1516,0.1388
460,1055,1515,0.1388
458,1050,1508,0.1388
459,1054,1513,0.1388
451,1058,1509,0.1388
445,1056,1501,0.1388
445,1068,1513,0.1388
440,1070,1510,0.1388
444,1071,1515,0.1388
445,1068,1513,0.1388
439,1074,1513,0.1388
444,1075,1519,0.1388
435,1071,1506,0.1388
433,1082,1515,0.1388
427,1076,1503,0.1388
436,1084,1520,0.1388
430,1089,1519,0.1388
422,1092,1514,0.1388
418,1097,1515,0.1388
415,1103,1518,0.1388
413,1102,1515,0.1388
409,1093,1502,0.1388
410,1094,1504,0.1388
406,1092,1498,0.1388
402,1088,1490,0.1388
400,1090,1490,0.1388
403,1099,1502,0.1388
402,1099,1501,0.1388
405,1105,1510,0.1388
407,1104,1511,0.1388
404,1106,1510,0.1388
402,1114,1516,0.1388
399,1100,1499,0.1388
410,1101,1511,0.1388
407,1102,1509,0.1388
410,1114,1524,0.1388
413,1105,1518,0.1388
407,1107,1514,0.1388
410,1103,1513,0.1388
412,1109,1521,0.1388
414,1112,1526,0.1388
406,1102,1508,0.1388
402,1103,1505,0.1388
395,1100,1495,0.1388
398,1105,1503,0.1388
399,1107,1506,0.1388
405,1118,1523,0.1388
402,1109,1511,0.1388
404,1109,1513,0.1388
400,1110,1510,0.1388
400,1111,1511,0.1388
397,1121,1518,0.1388
395,1120,1515,0.1388
397,1117,1514,0.1388
392,1114,1506,0.1388
386,1119,1505,0.1388
386,1117,1503,0.1388
392,1116,1508,0.1388
392,1124,1516,0.1388
386,1131,1517,0.1388
383,1136,1519,0.1388
381,1133,1514,0.1388
380,1139,1519,0.1388
370,1148,1518,0.1388
377,1142,1519,0.1388
372,1142,1514,0.1388
373,1128,1501,0.1388
369,1131,1500,0.1388
374,1136,1510,0.1388
382,1144,1526,0.1388
377,1135,1512,0.1388
376,1142,1518,0.1388
369,1141,1510,0.1388
370,1139,1509,0.1388
373,1152,1525,0.1388
374,1145,1519,0.1388
363,1152,1515,0.1388
363,1159,1522,0.1388
361,1157,1518,0.1388
359,1149,1508,0.1388
355,1138,1493,0.1388
354,1144,1498,0.1388
344,1159,1503,0.1388
346,1164,1510,0.1388
343,1172,1515,0.1388
348,1169,1517,0.1388
349,1170,1519,0.1388
357,1169,1526,0.1388
354,1164,1518,0.1388
351,1174,1525,0.1388
349,1166,1515,0.1388
354,1155,1509,0.1388
345,1162,1507,0.1388
348,1165,1513,0.1388
344,1173,1517,0.1388
347,1170,1517,0.1388
348,1169,1517,0.1388
345,1176,1521,0.1388
346,1173,1519,0.1388
344,1165,1509,0.1388
347,1167,1514,0.1388
343,1168,1511,0.1388
347,1168,1515,0.1388
346,1170,1516,0.1388
343,1166,1509,0.1388
344,1166,1510,0.1388
343,1176,1519,0.1388
342,1178,1520,0.1388
344,1172,1516,0.1388
351,1168,1519,0.1388
353,1170,1523,0.1388
352,1168,1520,0.1388
346,1164,1510,0.1388
348,1157,1505,0.1388
351,1161,1512,0.1388
353,1155,1508,0.1388
357,1149,1506,0.1388
360,1154,1514,0.1388
365,1151,1516,0.1388
366,1147,1513,0.1388
362,1155,1517,0.1388
367,1165,1532,0.1388
356,1159,1515,0.1388
352,1151,1503,0.1388
352,1157,1509,0.1388
355,1162,1517,0.1388
356,1162,1518,0.1388
356,1154,1510,0.1388
357,1156,1513,0.1388
350,1155,1505,0.1388
351,1159,1510,0.1388
354,1163,1517,0.1388
353,1157,1510,0.1388
347,1162,1509,0.1388
342,1163,1505,0.1388
342,1168,1510,0.1388
345,1176,1521,0.1388
346,1166,1512,0.1388
349,1158,1507,0.1388
348,1159,1507,0.1388
343,1168,1511,0.1388
344,1172,1516,0.1388
342,1177,1519,0.1388
345,1178,1523,0.1388
341,1171,1512,0.1388
343,1172,1515,0.1388
336,1176,1512,0.1388
327,1163,1490,0.1388
329,1154,1483,0.1388
333,1151,1484,0.1388
328,1150,1478,0.1388
325,1158,1483,0.1388
331,1163,1494,0.1388
330,1177,1507,0.1388
327,1183,1510,0.1388
326,1188,1514,0.1388
321,1200,1521,0.1388
320,1198,1518,0.1388
322,1187,1509,0.1388
319,1169,1488,0.1388
320,1180,1500,0.1388
317,1178,1495,0.1388
315,1193,1508,0.1388
315,1195,1510,0.1388
314,1197,1511,0.1388
316,1205,1521,0.1388
313,1203,1516,0.1388
314,1197,1511,0.1388
312,1188,1500,0.1388
315,1201,1516,0.1388
320,1194,1514,0.1388
323,1179,1502,0.1388
327,1180,1507,0.1388
320,1190,1510,0.1388
324,1198,1522,0.1388
321,1188,1509,0.1388
321,1194,1515,0.1388
321,1189,1510,0.1388
322,1196,1518,0.1388
324,1182,1506,0.1388
328,1186,1514,0.1388
326,1184,1510,0.1388
324,1190,1514,0.1388
320,1182,1502,0.1388
316,1181,1497,0.1388
317,1194,1511,0.1388
312,1207,1519,0.1388
310,1207,1517,0.1388
307,1210,1517,0.1388
308,1209,1517,0.1388
305,1214,1519,0.1388
311,1208,1519,0.1388
308,1204,1512,0.1388
311,1210,1521,0.1388
307,1208,1515,0.1388
305,1219,1524,0.1388
302,1223,1525,0.1388
302,1218,1520,0.1388
306,1219,1525,0.1388
302,1219,1521,0.1388
300,1203,1503,0.1388
294,1215,1509,0.1388
293,1222,1515,0.1388
295,1230,1525,0.1388
287,1227,1514,0.1388
284,1224,1508,0.1388
277,1235,1512,0.1388
278,1238,1516,0.1388
275,1237,1512,0.1388
275,1229,1504,0.1388
272,1236,1508,0.1388
263,1238,1501,0.1388
263,1247,1510,0.1388
263,1242,1505,0.1388
259,1248,1507,0.1388
257,1264,1521,0.1388
256,1254,1510,0.1388
259,1248,1507,0.1388
261,1246,1507,0.1388
260,1244,1504,0.1388
258,1255,1513,0.1388
255,1256,1511,0.1388
252,1256,1508,0.1388
255,1254,1509,0.1388
251,1247,1498,0.1388
254,1252,1506,0.1388
255,1254,1509,0.1388
259,1267,1526,0.1388
250,1293,1543,0.1388
244,1279,1523,0.1388
245,1277,1522,0.1388
245,1270,1515,0.1388
246,1264,1510,0.1388
250,1263,1513,0.1388
256,1260,1516,0.1388
258,1252,1510,0.1388
258,1241,1499,0.1388
258,1245,1503,0.1388
254,1265,1519,0.1388
255,1261,1516,0.1388
252,1256,1508,0.1388
247,1267,1514,0.1388
247,1273,1520,0.1388
242,1273,1515,0.1388
247,1267,1514,0.1388
240,1277,1517,0.1388
242,1273,1515,0.1388
240,1275,1515,0.1388
239,1270,1509,0.1388
241,1277,1518,0.1388
242,1281,1523,0.1388
238,1270,1508,0.1388
238,1273,1511,0.1388
239,1281,1520,0.1388
233,1271,1504,0.1388
231,1285,1516,0.1388
235,1295,1530,0.1388
230,1292,1522,0.1388
232,1293,1525,0.1388
235,1270,1505,0.1388
235,1263,1498,0.1388
231,1281,1512,0.1388
233,1280,1513,0.1388
226,1281,1507,0.1388
226,1289,1515,0.1388
228,1280,1508,0.1388
223,1295,1518,0.1388
218,1301,1519,0.1388
218,1289,1507,0.1388
217,1286,1503,0.1388
216,1302,1518,0.1388
217,1297,1514,0.1388
215,1304,1519,0.1388
210,1309,1519,0.1388
208,1306,1514,0.1388
209,1306,1515,0.1388
212,1296,1508,0.1388
213,1295,1508,0.1388
211,1291,1502,0.1388
217,1310,1527,0.1388
217,1306,1523,0.1388
214,1299,1513,0.1388
210,1307,1517,0.1388
209,1299,1508,0.1388
213,1305,1518,0.1388
208,1294,1502,0.1388
207,1315,1522,0.1388
198,1324,1522,0.1388
195,1311,1506,0.1388
192,1305,1497,0.1388
193,1304,1497,0.1388
194,1314,1508,0.1388
194,1304,1498,0.1388
195,1311,1506,0.1388
195,1311,1506,0.1388
195,1317,1512,0.1388
191,1307,1498,0.1388
193,1313,1506,0.1388
194,1319,1513,0.1388
195,1317,1512,0.1388
190,1320,1510,0.1388
187,1331,1518,0.1388
185,1329,1514,0.1388
180,1328,1508,0.1388
179,1326,1505,0.1388
174,1336,1510,0.1388
174,1329,1503,0.1388
175,1331,1506,0.1388
177,1327,1504,0.1388
171,1336,1507,0.1388
166,1345,1511,0.1388
164,1339,1503,0.1388
158,1351,1509,0.1388
162,1350,1512,0.1388
165,1346,1511,0.1388
166,1339,1505,0.1388
165,1332,1497,0.1388
165,1335,1500,0.1388
164,1331,1495,0.1388
162,1343,1505,0.1388
155,1346,1501,0.1388
158,1351,1509,0.1388
156,1359,1515,0.1388
158,1365,1523,0.1388
159,1360,1519,0.1388
158,1361,1519,0.1388
157,1357,1514,0.1388
155,1362,1517,0.1388
154,1346,1500,0.1388
158,1364,1522,0.1388
157,1363,1520,0.1388
156,1371,1527,0.1388
155,1364,1519,0.1388
155,1358,1513,0.1388
157,1352,1509,0.1388
152,1358,1510,0.1388
151,1355,1506,0.1388
152,1366,1518,0.1388
151,1363,1514,0.1388
150,1364,1514,0.1388
147,1363,1510,0.1388
146,1350,1496,0.1388
145,1353,1498,0.1388
147,1360,1507,0.1388
143,1378,1521,0.1388
147,1359,1506,0.1388
146,1367,1513,0.1388
145,1350,1495,0.1388
148,1358,1506,0.1388
151,1359,1510,0.1388
154,1363,1517,0.1388
152,1367,1519,0.1388
148,1371,1519,0.1388
147,1363,1510,0.1388
146,1363,1509,0.1388
148,1367,1515,0.1388
147,1366,1513,0.1388
147,1360,1507,0.1388
145,1353,1498,0.1388
147,1358,1505,0.1388
148,1351,1499,0.1388
146,1352,1498,0.1388
141,1360,1501,0.1388
143,1366,1509,0.1388
144,1356,1500,0.1388
148,1358,1506,0.1388
145,1363,1508,0.1388
142,1347,1489,0.1388
145,1359,1504,0.1388
144,1371,1515,0.1388
143,1374,1517,0.1388
146,1367,1513,0.1388
143,1357,1500,0.1388
141,1359,1500,0.1388
141,1369,1510,0.1388
145,1359,1504,0.1388
140,1370,1510,0.1388
141,1370,1511,0.1388
142,1379,1521,0.1388
142,1378,1520,0.1388
142,1380,1522,0.1388
144,1379,1523,0.1388
141,1368,1509,0.1388
137,1366,1503,0.1388
137,1372,1509,0.1388
137,1371,1508,0.1388
141,1382,1523,0.1388
146,1371,1517,0.1388
151,1367,1518,0.1388
153,1368,1521,0.1388
150,1377,1527,0.1388
144,1383,1527,0.1388
144,1368,1512,0.1388
145,1372,1517,0.1388
143,1376,1519,0.1388
144,1361,1505,0.1388
142,1374,1516,0.1388
140,1372,1512,0.1388
141,1389,1530,0.1388
141,1382,1523,0.1388
143,1377,1520,0.1388
143,1368,1511,0.1388
148,1370,1518,0.1388
150,1370,1520,0.1388
145,1361,1506,0.1388
148,1368,1516,0.1388
145,1361,1506,0.1388
143,1362,1505,0.1388
144,1364,1508,0.1388
142,1367,1509,0.1388
146,1373,1519,0.1388
144,1370,1514,0.1388
143,1372,1515,0.1388
143,1377,1520,0.1388
142,1368,1510,0.1388
143,1374,1517,0.1388
140,1354,1494,0.1388
140,1354,1494,0.1388
140,1356,1496,0.1388
137,1364,1501,0.1388
137,1374,1511,0.1388
141,1368,1509,0.1388
141,1376,1517,0.1388
139,1377,1516,0.1388
135,1376,1511,0.1388
138,1375,1513,0.1388
141,1376,1517,0.1388
143,1384,1527,0.1388
142,1368,1510,0.1388
146,1366,1512,0.1388
144,1355,1499,0.1388
142,1367,1509,0.1388
143,1357,1500,0.1388
143,1363,1506,0.1388
144,1339,1483,0.1388
143,1358,1501,0.1388
143,1370,1513,0.1388
143,1381,1524,0.1388
145,1371,1516,0.1388
142,1366,1508,0.1388
141,1364,1505,0.1388
142,1366,1508,0.1388
140,1373,1513,0.1388
136,1369,1505,0.1388
136,1373,1509,0.1388
132,1378,1510,0.1388
133,1372,1505,0.1388
131,1383,1514,0.1388
131,1393,1524,0.1388
129,1384,1513,0.1388
130,1383,1513,0.1388
129,1382,1511,0.1388
131,1375,1506,0.1388
133,1377,1510,0.1388
133,1383,1516,0.1388
133,1395,1528,0.1388
133,1395,1528,0.1388
135,1397,1532,0.1388
137,1389,1526,0.1388
134,1400,1534,0.1388
137,1397,1534,0.1388
132,1382,1514,0.1388
133,1388,1521,0.1388
135,1384,1519,0.1388
133,1395,1528,0.1388
134,1398,1532,0.1388
128,1396,1524,0.1388
131,1395,1526,0.1388
133,1384,1517,0.1388
132,1384,1516,0.1388
130,1394,1524,0.1388
129,1401,1530,0.1388
128,1404,1532,0.1388
129,1406,1535,0.1388
127,1384,1511,0.1388
125,1384,1509,0.1388
123,1378,1501,0.1388
120,1371,1491,0.1388
123,1385,1508,0.1388
123,1386,1509,0.1388
127,1388,1515,0.1388
124,1391,1515,0.1388
125,1400,1525,0.1388
124,1395,1519,0.1388
121,1390,1511,0.1388
124,1392,1516,0.1388
122,1378,1500,0.1388
127,1383,1510,0.1388
127,1378,1505,0.1388
126,1378,1504,0.1388
126,1385,1511,0.1388
125,1394,1519,0.1388
126,1399,1525,0.1388
127,1385,1512,0.1388
129,1394,1523,0.1388
128,1393,1521,0.1388
125,1387,1512,0.1388
126,1403,1529,0.1388
126,1406,1532,0.1388
124,1395,1519,0.1388
128,1398,1526,0.1388
128,1394,1522,0.1388
123,1400,1523,0.1388
122,1391,1513,0.1388
121,1378,1499,0.1388
121,1373,1494,0.1388
125,1384,1509,0.1388
130,1386,1516,0.1388
128,1387,1515,0.1388
128,1394,1522,0.1388
125,1390,1515,0.1388
125,1392,1517,0.1388
122,1389,1511,0.1388
122,1393,1515,0.1388
125,1384,1509,0.1388
124,1381,1505,0.1388
125,1392,1517,0.1388
126,1387,1513,0.1388
128,1389,1517,0.1388
129,1398,1527,0.1388
128,1396,1524,0.1388
126,1392,1518,0.1388
126,1387,1513,0.1388
125,1394,1519,0.1388
125,1395,1520,0.1388
120,1396,1516,0.1388
121,1409,1530,0.1388
120,1389,1509,0.1388
119,1400,1519,0.1388
118,1390,1508,0.1388
118,1392,1510,0.1388
121,1375,1496,0.1388
120,1385,1505,0.1388
120,1382,1502,0.1388
117,1387,1504,0.1388
115,1405,1520,0.1388
120,1398,1518,0.1388
119,1401,1520,0.1388
120,1401,1521,0.1388
119,1412,1531,0.1388
120,1414,1534,0.1388
120,1415,1535,0.1388
118,1397,1515,0.1388
115,1406,1521,0.1388
112,1406,1518,0.1388
107,1413,1520,0.1388
107,1420,1527,0.1388
102,1422,1524,0.1388
104,1410,1514,0.1388
100,1405,1505,0.1388
100,1409,1509,0.1388
102,1410,1512,0.1388
101,1413,1514,0.1388
102,1423,1525,0.1388
103,1431,1534,0.1388
105,1418,1523,0.1388
102,1430,1532,0.1388
101,1435,1536,0.1388
99,1417,1516,0.1388
98,1418,1516,0.1388
99,1420,1519,0.1388
100,1406,1506,0.1388
99,1419,1518,0.1388
99,1421,1520,0.1388
96,1427,1523,0.1388
96,1433,1529,0.1388
95,1423,1518,0.1388
100,1422,1522,0.1388
98,1426,1524,0.1388
97,1416,1513,0.1388
95,1420,1515,0.1388
95,1417,1512,0.1388
96,1412,1508,0.1388
96,1417,1513,0.1388
93,1420,1513,0.1388
94,1408,1502,0.1388
93,1414,1507,0.1388
94,1417,1511,0.1388
98,1413,1511,0.1388
100,1420,1520,0.1388
99,1430,1529,0.1388
96,1424,1520,0.1388
95,1426,1521,0.1388
93,1427,1520,0.1388
93,1428,1521,0.1388
93,1417,1510,0.1388
92,1428,1520,0.1388
89,1422,1511,0.1388
91,1427,1518,0.1388
94,1426,1520,0.1388
95,1425,1520,0.1388
94,1422,1516,0.1388
92,1425,1517,0.1388
93,1426,1519,0.1388
94,1431,1525,0.1388
93,1432,1525,0.1388
95,1426,1521,0.1388
95,1430,1525,0.1388
94,1417,1511,0.1388
94,1417,1511,0.1388
100,1423,1523,0.1388
100,1431,1531,0.1388
98,1427,1525,0.1388
99,1416,1515,0.1388
99,1421,1520,0.1388
98,1416,1514,0.1388
96,1422,1518,0.1388
97,1423,1520,0.1388
96,1423,1519,0.1388
97,1425,1522,0.1388
95,1419,1514,0.1388
96,1424,1520,0.1388
93,1424,1517,0.1388
89,1426,1515,0.1388
89,1436,1525,0.1388
89,1446,1535,0.1388
88,1438,1526,0.1388
87,1435,1522,0.1388
88,1434,1522,0.1388
83,1427,1510,0.1388
81,1439,1520,0.1388
81,1421,1502,0.1388
80,1429,1509,0.1388
77,1437,1514,0.1388
75,1448,1523,0.1388
77,1446,1523,0.1388
78,1440,1518,0.1388
79,1431,1510,0.1388
81,1435,1516,0.1388
83,1435,1518,0.1388
84,1442,1526,0.1388
81,1445,1526,0.1388
78,1438,1516,0.1388
79,1424,1503,0.1388
76,1436,1512,0.1388
76,1448,1524,0.1388
77,1455,1532,0.1388
77,1457,1534,0.1388
77,1453,1530,0.1388
78,1452,1530,0.1388
79,1453,1532,0.1388
77,1448,1525,0.1388
77,1453,1530,0.1388
73,1451,1524,0.1388
72,1440,1512,0.1388
71,1457,1528,0.1388
68,1453,1521,0.1388
70,1457,1527,0.1388
70,1452,1522,0.1388
70,1449,1519,0.1388
72,1450,1522,0.1388
71,1449,1520,0.1388
68,1455,1523,0.1388
65,1466,1531,0.1388
64,1464,1528,0.1388
64,1462,1526,0.1388
62,1461,1523,0.1388
62,1460,1522,0.1388
60,1457,1517,0.1388
61,1459,1520,0.1388
61,1455,1516,0.1388
60,1465,1525,0.1388
60,1461,1521,0.1388
59,1453,1512,0.1388
59,1454,1513,0.1388
61,1461,1522,0.1388
59,1461,1520,0.1388
59,1451,1510,0.1388
58,1454,1512,0.1388
58,1453,1511,0.1388
55,1467,1522,0.1388
53,1444,1497,0.1388
54,1453,1507,0.1388
54,1459,1513,0.1388
54,1456,1510,0.1388
53,1454,1507,0.1388
53,1464,1517,0.1388
52,1463,1515,0.1388
54,1462,1516,0.1388
53,1467,1520,0.1388
53,1467,1520,0.1388
54,1467,1521,0.1388
54,1467,1521,0.1388
52,1467,1519,0.1388
50,1457,1507,0.1388
49,1458,1507,0.1388
48,1450,1498,0.1388
47,1458,1505,0.1388
46,1463,1509,0.1388
45,1460,1505,0.1388
43,1473,1516,0.1388
45,1473,1518,0.1388
44,1475,1519,0.1388
43,1483,1526,0.1388
46,1476,1522,0.1388
48,1484,1532,0.1388
48,1491,1539,0.1388
48,1485,1533,0.1388
45,1470,1515,0.1388
46,1456,1502,0.1388
47,1467,1514,0.1388
45,1478,1523,0.1388
44,1471,1515,0.1388
46,1468,1514,0.1388
47,1473,1520,0.1388
49,1457,1506,0.1388
49,1451,1500,0.1388
50,1451,1501,0.1388
49,1456,1505,0.1388
50,1452,1502,0.1388
50,1453,1503,0.1388
49,1455,1504,0.1388
49,1467,1516,0.1388
49,1456,1505,0.1388
51,1466,1517,0.1388
51,1454,1505,0.1388
54,1452,1506,0.1388
53,1444,1497,0.1388
54,1466,1520,0.1388
55,1469,1524,0.1388
56,1465,1521,0.1388
53,1472,1525,0.1388
52,1464,1516,0.1388
54,1455,1509,0.1388
54,1451,1505,0.1388
54,1449,1503,0.1388
51,1442,1493,0.1388
51,1444,1495,0.1388
51,1452,1503,0.1388
48,1457,1505,0.1388
49,1461,1510,0.1388
48,1463,1511,0.1388
46,1464,1510,0.1388
49,1454,1503,0.1388
50,1469,1519,0.1388
52,1463,1515,0.1388
49,1467,1516,0.1388
48,1459,1507,0.1388
47,1456,1503,0.1388
46,1452,1498,0.1388
46,1467,1513,0.1388
47,1465,1512,0.1388
48,1445,1493,0.1388
49,1463,1512,0.1388
49,1474,1523,0.1388
47,1474,1521,0.1388
46,1462,1508,0.1388
47,1464,1511,0.1388
44,1476,1520,0.1388
44,1472,1516,0.1388
46,1477,1523,0.1388
47,1479,1526,0.1388
47,1467,1514,0.1388
47,1467,1514,0.1388
46,1470,1516,0.1388
46,1452,1498,0.1388
45,1463,1508,0.1388
44,1467,1511,0.1388
43,1473,1516,0.1388
41,1478,1519,0.1388
40,1476,1516,0.1388
40,1469,1509,0.1388
39,1465,1504,0.1388
38,1460,1498,0.1388
38,1460,1498,0.1388
38,1473,1511,0.1388
39,1481,1520,0.1388
39,1482,1521,0.1388
40,1484,1524,0.1388
40,1479,1519,0.1388
43,1476,1519,0.1388
43,1463,1506,0.1388
41,1477,1518,0.1388
42,1473,1515,0.1388
42,1470,1512,0.1388
43,1476,1519,0.1388
44,1476,1520,0.1388
45,1457,1502,0.1388
47,1464,1511,0.1388
43,1468,1511,0.1388
44,1464,1508,0.1388
43,1461,1504,0.1388
42,1467,1509,0.1388
39,1464,1503,0.1388
40,1473,1513,0.1388
41,1469,1510,0.1388
41,1475,1516,0.1388
39,1475,1514,0.1388
40,1467,1507,0.1388
40,1468,1508,0.1388
42,1470,1512,0.1388
43,1474,1517,0.1388
42,1473,1515,0.1388
41,1478,1519,0.1388
41,1479,1520,0.1388
41,1480,1521,0.1388
40,1482,1522,0.1388
40,1472,1512,0.1388
37,1489,1526,0.1388
34,1489,1523,0.1388
34,1487,1521,0.1388
32,1485,1517,0.1388
32,1478,1510,0.1388
32,1473,1505,0.1388
29,1479,1508,0.1388
29,1486,1515,0.1388
29,1497,1526,0.1388
29,1492,1521,0.1388
28,1477,1505,0.1388
31,1474,1505,0.1388
31,1482,1513,0.1388
32,1484,1516,0.1388
34,1461,1495,0.1388
33,1478,1511,0.1388
34,1483,1517,0.1388
33,1485,1518,0.1388
33,1486,1519,0.1388
33,1495,1528,0.1388
31,1485,1516,0.1388
31,1474,1505,0.1388
29,1466,1495,0.1388
29,1482,1511,0.1388
30,1485,1515,0.1388
29,1490,1519,0.1388
31,1496,1527,0.1388
31,1493,1524,0.1388
30,1488,1518,0.1388
32,1484,1516,0.1388
31,1487,1518,0.1388
31,1484,1515,0.1388
32,1482,1514,0.1388
32,1477,1509,0.1388
31,1487,1518,0.1388
32,1483,1515,0.1388
31,1471,1502,0.1388
30,1469,1499,0.1388
28,1487,1515,0.1388
30,1481,1511,0.1388
30,1489,1519,0.1388
29,1490,1519,0.1388
30,1481,1511,0.1388
31,1480,1511,0.1388
32,1493,1525,0.1388
32,1488,1520,0.1388
32,1498,1530,0.1388
31,1488,1519,0.1388
30,1484,1514,0.1388
31,1484,1515,0.1388
30,1483,1513,0.1388
30,1489,1519,0.1388
29,1481,1510,0.1388
31,1482,1513,0.1388
30,1477,1507,0.1388
29,1490,1519,0.1388
30,1490,1520,0.1388
30,1497,1527,0.1388
30,1483,1513,0.1388
27,1489,1516,0.1388
27,1498,1525,0.1388
29,1502,1531,0.1388
28,1495,1523,0.1388
29,1489,1518,0.1388
28,1479,1507,0.1388
30,1499,1529,0.1388
32,1491,1523,0.1388
34,1487,1521,0.1388
35,1474,1509,0.1388
37,1481,1518,0.1388
37,1485,1522,0.1388
38,1485,1523,0.1388
37,1481,1518,0.1388
36,1505,1541,0.1388
35,1496,1531,0.1388
36,1486,1522,0.1388
34,1473,1507,0.1388
34,1471,1505,0.1388
34,1466,1500,0.1388
32,1470,1502,0.1388
33,1482,1515,0.1388
33,1481,1514,0.1388
34,1474,1508,0.1388
33,1477,1510,0.1388
32,1478,1510,0.1388
31,1486,1517,0.1388
30,1482,1512,0.1388
31,1475,1506,0.1388
33,1471,1504,0.1388
33,1462,1495,0.1388
35,1468,1503,0.1388
36,1466,1502,0.1388
35,1475,1510,0.1388
37,1478,1515,0.1388
39,1480,1519,0.1388
39,1493,1532,0.1388
39,1496,1535,0.1388
40,1495,1535,0.1388
41,1471,1512,0.1388
41,1468,1509,0.1388
43,1470,1513,0.1388
43,1467,1510,0.1388
43,1482,1525,0.1388
41,1481,1522,0.1388
42,1467,1509,0.1388
42,1463,1505,0.1388
42,1467,1509,0.1388
42,1462,1504,0.1388
40,1464,1504,0.1388
41,1470,1511,0.1388
41,1472,1513,0.1388
41,1471,1512,0.1388
42,1469,1511,0.1388
41,1466,1507,0.1388
42,1465,1507,0.1388
43,1459,1502,0.1388
42,1465,1507,0.1388
44,1465,1509,0.1388
45,1476,1521,0.1388
46,1472,1518,0.1388
44,1472,1516,0.1388
44,1465,1509,0.1388
43,1473,1516,0.1388
41,1470,1511,0.1388
41,1460,1501,0.1388
41,1455,1496,0.1388
39,1459,1498,0.1388
39,1475,1514,0.1388
40,1479,1519,0.1388
39,1479,1518,0.1388
37,1478,1515,0.1388
35,1493,1528,0.1388
36,1481,1517,0.1388
36,1482,1518,0.1388
35,1484,1519,0.1388
36,1480,1516,0.1388
35,1489,1524,0.1388
35,1500,1535,0.1388
34,1501,1535,0.1388
33,1487,1520,0.1388
33,1488,1521,0.1388
33,1484,1517,0.1388
33,1483,1516,0.1388
34,1490,1524,0.1388
34,1486,1520,0.1388
34,1483,1517,0.1388
33,1492,1525,0.1388
33,1488,1521,0.1388
33,1475,1508,0.1388
32,1473,1505,0.1388
32,1481,1513,0.1388
32,1484,1516,0.1388
32,1488,1520,0.1388
31,1488,1519,0.1388
32,1483,1515,0.1388
32,1487,1519,0.1388
34,1490,1524,0.1388
35,1487,1522,0.1388
36,1487,1523,0.1388
36,1469,1505,0.1388
35,1476,1511,0.1388
35,1470,1505,0.1388
34,1476,1510,0.1388
33,1475,1508,0.1388
33,1483,1516,0.1388
33,1483,1516,0.1388
34,1476,1510,0.1388
33,1479,1512,0.1388
33,1477,1510,0.1388
32,1484,1516,0.1388
33,1495,1528,0.1388
34,1495,1529,0.1388
33,1476,1509,0.1388
32,1479,1511,0.1388
30,1491,1521,0.1388
31,1496,1527,0.1388
31,1503,1534,0.1388
30,1496,1526,0.1388
30,1499,1529,0.1388
29,1493,1522,0.1388
30,1490,1520,0.1388
30,1493,1523,0.1388
30,1503,1533,0.1388
30,1499,1529,0.1388
29,1500,1529,0.1388
30,1499,1529,0.1388
30,1496,1526,0.1388
31,1498,1529,0.1388
31,1491,1522,0.1388
30,1491,1521,0.1388
31,1498,1529,0.1388
31,1491,1522,0.1388
32,1492,1524,0.1388
31,1492,1523,0.1388
32,1494,1526,0.1388
31,1491,1522,0.1388
31,1495,1526,0.1388
32,1484,1516,0.1388
32,1497,1529,0.1388
31,1478,1509,0.1388
31,1474,1505,0.1388
34,1477,1511,0.1388
33,1474,1507,0.1388
35,1473,1508,0.1388
34,1471,1505,0.1388
33,1485,1518,0.1388
33,1478,1511,0.1388
34,1484,1518,0.1388
33,1470,1503,0.1388
32,1469,1501,0.1388
33,1480,1513,0.1388
33,1494,1527,0.1388
33,1492,1525,0.1388
31,1495,1526,0.1388
31,1497,1528,0.1388
32,1481,1513,0.1388
33,1469,1502,0.1388
33,1479,1512,0.1388
33,1500,1533,0.1388
35,1487,1522,0.1388
35,1480,1515,0.1388
32,1488,1520,0.1388
32,1479,1511,0.1388
34,1474,1508,0.1388
32,1492,1524,0.1388
32,1478,1510,0.1388
32,1478,1510,0.1388
31,1474,1505,0.1388
31,1464,1495,0.1388
30,1477,1507,0.1388
29,1480,1509,0.1388
29,1481,1510,0.1388
30,1495,1525,0.1388
29,1497,1526,0.1388
29,1497,1526,0.1388
29,1487,1516,0.1388
30,1486,1516,0.1388
29,1482,1511,0.1388
29,1499,1528,0.1388
27,1505,1532,0.1388
26,1505,1531,0.1388
24,1490,1514,0.1388
23,1483,1506,0.1388
22,1487,1509,0.1388
24,1492,1516,0.1388
24,1479,1503,0.1388
24,1482,1506,0.1388
24,1483,1507,0.1388
25,1474,1499,0.1388
25,1470,1495,0.1388
24,1483,1507,0.1388
23,1481,1504,0.1388
22,1487,1509,0.1388
22,1492,1514,0.1388
21,1478,1499,0.1388
22,1492,1514,0.1388
22,1485,1507,0.1388
22,1495,1517,0.1388
22,1503,1525,0.1388
21,1489,1510,0.1388
21,1482,1503,0.1388
22,1479,1501,0.1388
23,1494,1517,0.1388
22,1490,1512,0.1388
22,1499,1521,0.1388
21,1490,1511,0.1388
20,1498,1518,0.1388
20,1500,1520,0.1388
20,1497,1517,0.1388
21,1482,1503,0.1388
19,1484,1503,0.1388
19,1477,1496,0.1388
19,1489,1508,0.1388
20,1485,1505,0.1388
19,1480,1499,0.1388
19,1483,1502,0.1388
18,1492,1510,0.1388
21,1494,1515,0.1388
21,1500,1521,0.1388
21,1495,1516,0.1388
21,1482,1503,0.1388
21,1485,1506,0.1388
21,1498,1519,0.1388
20,1484,1504,0.1388
20,1491,1511,0.1388
17,1491,1508,0.1388
16,1505,1521,0.1388
16,1511,1527,0.1388
16,1502,1518,0.1388
16,1508,1524,0.1388
18,1507,1525,0.1388
18,1506,1524,0.1388
18,1501,1519,0.1388
18,1497,1515,0.1388
18,1496,1514,0.1388
18,1505,1523,0.1388
17,1509,1526,0.1388
17,1502,1519,0.1388
17,1494,1511,0.1388
16,1504,1520,0.1388
16,1508,1524,0.1388
18,1497,1515,0.1388
19,1491,1510,0.1388
18,1493,1511,0.1388
17,1499,1516,0.1388
19,1500,1519,0.1388
18,1501,1519,0.1388
18,1493,1511,0.1388
18,1483,1501,0.1388
18,1475,1493,0.1388
19,1485,1504,0.1388
18,1476,1494,0.1388
18,1481,1499,0.1388
17,1485,1502,0.1388
18,1489,1507,0.1388
19,1486,1505,0.1388
19,1485,1504,0.1388
20,1486,1506,0.1388
19,1484,1503,0.1388
19,1476,1495,0.1388
19,1487,1506,0.1388
19,1484,1503,0.1388
19,1498,1517,0.1388
16,1498,1514,0.1388
19,1504,1523,0.1388
19,1503,1522,0.1388
20,1519,1539,0.1388
20,1503,1523,0.1388
20,1504,1524,0.1388
19,1493,1512,0.1388
18,1498,1516,0.1388
17,1494,1511,0.1388
19,1492,1511,0.1388
20,1497,1517,0.1388
21,1488,1509,0.1388
21,1495,1516,0.1388
20,1500,1520,0.1388
21,1508,1529,0.1388
21,1502,1523,0.1388
20,1510,1530,0.1388
20,1510,1530,0.1388
20,1497,1517,0.1388
22,1500,1522,0.1388
21,1506,1527,0.1388
21,1502,1523,0.1388
21,1511,1532,0.1388
21,1510,1531,0.1388
21,1494,1515,0.1388
20,1498,1518,0.1388
20,1494,1514,0.1388
18,1488,1506,0.1388
17,1503,1520,0.1388
17,1500,1517,0.1388
16,1508,1524,0.1388
17,1510,1527,0.1388
17,1506,1523,0.1388
15,1503,1518,0.1388
15,1507,1522,0.1388
13,1504,1517,0.1388
14,1490,1504,0.1388
13,1488,1501,0.1388
12,1505,1517,0.1388
11,1493,1504,0.1388
10,1490,1500,0.1388
11,1497,1508,0.1388
9,1499,1508,0.1388
9,1519,1528,0.1388
8,1520,1528,0.1388
9,1515,1524,0.1388
9,1499,1508,0.1388
9,1503,1512,0.1388
8,1497,1505,0.1388
9,1505,1514,0.1388
9,1506,1515,0.1388
9,1513,1522,0.1388
10,1505,1515,0.1388
10,1505,1515,0.1388
10,1513,1523,0.1388
10,1511,1521,0.1388
10,1513,1523,0.1388
10,1516,1526,0.1388
10,1501,1511,0.1388
10,1503,1513,0.1388
11,1502,1513,0.1388
11,1497,1508,0.1388
9,1501,1510,0.1388
9,1509,1518,0.1388
9,1496,1505,0.1388
9,1494,1503,0.1388
9,1511,1520,0.1388
10,1509,1519,0.1388
9,1508,1517,0.1388
8,1512,1520,0.1388
7,1513,1520,0.1388
7,1512,1519,0.1388
6,1505,1511,0.1388
6,1496,1502,0.1388
6,1503,1509,0.1388
6,1506,1512,0.1388
5,1518,1523,0.1388
5,1507,1512,0.1388
5,1500,1505,0.1388
5,1494,1499,0.1388
6,1495,1501,0.1388
6,1498,1504,0.1388
7,1508,1515,0.1388
7,1507,1514,0.1388
7,1512,1519,0.1388
7,1509,1516,0.1388
8,1509,1517,0.1388
8,1507,1515,0.1388
8,1509,1517,0.1388
8,1512,1520,0.1388
8,1508,1516,0.1388
8,1508,1516,0.1388
9,1505,1514,0.1388
9,1492,1501,0.1388
10,1495,1505,0.1388
10,1494,1504,0.1388
10,1498,1508,0.1388
10,1497,1507,0.1388
10,1497,1507,0.1388
10,1509,1519,0.1388
10,1512,1522,0.1388
9,1508,1517,0.1388
10,1507,1517,0.1388
11,1505,1516,0.1388
12,1495,1507,0.1388
12,1502,1514,0.1388
11,1511,1522,0.1388
11,1521,1532,0.1388
9,1512,1521,0.1388
7,1510,1517,0.1388
7,1512,1519,0.1388
7,1510,1517,0.1388
7,1500,1507,0.1388
7,1506,1513,0.1388
7,1522,1529,0.1388
6,1503,1509,0.1388
7,1507,1514,0.1388
7,1503,1510,0.1388
7,1514,1521,0.1388
7,1515,1522,0.1388
7,1519,1526,0.1388
6,1514,1520,0.1388
6,1511,1517,0.1388
6,1523,1529,0.1388
7,1523,1530,0.1388
7,1502,1509,0.1388
8,1494,1502,0.1388
8,1499,1507,0.1388
8,1494,1502,0.1388
8,1489,1497,0.1388
7,1498,1505,0.1388
7,1523,1530,0.1388
8,1523,1531,0.1388
8,1513,1521,0.1388
7,1517,1524,0.1388
7,1505,1512,0.1388
6,1507,1513,0.1388
6,1512,1518,0.1388
6,1517,1523,0.1388
6,1526,1532,0.1388
6,1517,1523,0.1388
5,1525,1530,0.1388
5,1524,1529,0.1388
5,1520,1525,0.1388
5,1524,1529,0.1388
5,1519,1524,0.1388
5,1519,1524,0.1388
5,1521,1526,0.1388
5,1530,1535,0.1388
5,1520,1525,0.1388
5,1521,1526,0.1388
5,1509,1514,0.1388
6,1507,1513,0.1388
6,1520,1526,0.1388
6,1520,1526,0.1388
5,1524,1529,0.1388
4,1511,1515,0.1388
4,1512,1516,0.1388
4,1513,1517,0.1388
4,1523,1527,0.1388
4,1533,1537,0.1388
3,1524,1527,0.1388
2,1523,1525,0.1388
2,1514,1516,0.1388
2,1509,1511,0.1388
2,1508,1510,0.1388
2,1524,1526,0.1388
2,1517,1519,0.1388
2,1510,1512,0.1388
2,1503,1505,0.1388
2,1512,1514,0.1388
2,1516,1518,0.1388
2,1522,1524,0.1388
2,1529,1531,0.1388
2,1515,1517,0.1388
2,1515,1517,0.1388
2,1527,1529,0.1388
2,1513,1515,0.1388
2,1496,1498,0.1388
2,1499,1501,0.1388
2,1509,1511,0.1388
2,1511,1513,0.1388
2,1523,1525,0.1388
2,1524,1526,0.1388
2,1518,1520,0.1388
1,1514,1515,0.1388
2,1526,1528,0.1388
2,1524,1526,0.1388
2,1528,1530,0.1388
2,1525,1527,0.1388
2,1526,1528,0.1388
2,1526,1528,0.1388
2,1521,1523,0.1388
2,1507,1509,0.1388
2,1514,1516,0.1388
2,1518,1520,0.1388
3,1530,1533,0.1388
3,1525,1528,0.1388
4,1533,1537,0.1388
4,1523,1527,0.1388
4,1522,1526,0.1388
4,1524,1528,0.1388
4,1525,1529,0.1388
5,1520,1525,0.1388
5,1515,1520,0.1388
5,1522,1527,0.1388
5,1514,1519,0.1388
5,1514,1519,0.1388
5,1514,1519,0.1388
4,1521,1525,0.1388
3,1502,1505,0.1388
3,1508,1511,0.1388
3,1500,1503,0.1388
3,1506,1509,0.1388
4,1503,1507,0.1388
4,1508,1512,0.1388
4,1510,1514,0.1388
4,1512,1516,0.1388
4,1496,1500,0.1388
4,1515,1519,0.1388
4,1514,1518,0.1388
4,1515,1519,0.1388
4,1509,1513,0.1388
4,1509,1513,0.1388
4,1523,1527,0.1388
4,1525,1529,0.1388
4,1524,1528,0.1388
4,1511,1515,0.1388
4,1513,1517,0.1388
4,1509,1513,0.1388
4,1519,1523,0.1388
4,1520,1524,0.1388
4,1530,1534,0.1388
4,1516,1520,0.1388
4,1524,1528,0.1388
4,1521,1525,0.1388
4,1522,1526,0.1388
4,1515,1519,0.1388
4,1500,1504,0.1388
3,1496,1499,0.1388
3,1496,1499,0.1388
3,1504,1507,0.1388
3,1492,1495,0.1388
4,1505,1509,0.1388
4,1507,1511,0.1388
3,1504,1507,0.1388
4,1511,1515,0.1388
4,1503,1507,0.1388
5,1506,1511,0.1388
5,1498,1503,0.1388
5,1496,1501,0.1388
5,1507,1512,0.1388
5,1512,1517,0.1388
5,1511,1516,0.1388
4,1518,1522,0.1388
4,1521,1525,0.1388
4,1513,1517,0.1388
4,1516,1520,0.1388
4,1517,1521,0.1388
4,1521,1525,0.1388
4,1520,1524,0.1388
4,1526,1530,0.1388
4,1508,1512,0.1388
4,1507,1511,0.1388
4,1504,1508,0.1388
5,1501,1506,0.1388
5,1509,1514,0.1388
5,1508,1513,0.1388
5,1521,1526,0.1388
6,1529,1535,0.1388
6,1520,1526,0.1388
6,1518,1524,0.1388
6,1508,1514,0.1388
5,1512,1517,0.1388
5,1503,1508,0.1388
5,1510,1515,0.1388
5,1517,1522,0.1388
5,1518,1523,0.1388
4,1525,1529,0.1388
4,1525,1529,0.1388
4,1524,1528,0.1388
4,1525,1529,0.1388
4,1517,1521,0.1388
4,1506,1510,0.1388
4,1508,1512,0.1388
4,1509,1513,0.1388
4,1505,1509,0.1388
4,1519,1523,0.1388
4,1519,1523,0.1388
3,1511,1514,0.1388
3,1506,1509,0.1388
3,1520,1523,0.1388
3,1528,1531,0.1388
3,1521,1524,0.1388
3,1521,1524,0.1388
3,1514,1517,0.1388
3,1520,1523,0.1388
3,1526,1529,0.1388
3,1523,1526,0.1388
3,1517,1520,0.1388
3,1518,1521,0.1388
3,1523,1526,0.1388
3,1528,1531,0.1388
3,1517,1520,0.1388
2,1509,1511,0.1388
2,1508,1510,0.1388
2,1517,1519,0.1388
2,1502,1504,0.1388
2,1503,1505,0.1388
2,1507,1509,0.1388
2,1508,1510,0.1388
2,1511,1513,0.1388
2,1514,1516,0.1388
2,1519,1521,0.1388
2,1523,1525,0.1388
2,1522,1524,0.1388
2,1519,1521,0.1388
2,1508,1510,0.1388
2,1517,1519,0.1388
2,1523,1525,0.1388
2,1528,1530,0.1388
2,1518,1520,0.1388
2,1513,1515,0.1388
2,1507,1509,0.1388
2,1526,1528,0.1388
2,1524,1526,0.1388
2,1521,1523,0.1388
2,1512,1514,0.1388
2,1514,1516,0.1388
2,1526,1528,0.1388
2,1520,1522,0.1388
2,1517,1519,0.1388
2,1523,1525,0.1388
2,1520,1522,0.1388
2,1521,1523,0.1388
2,1513,1515,0.1388
3,1504,1507,0.1388
2,1508,1510,0.1388
2,1509,1511,0.1388
2,1511,1513,0.1388
2,1508,1510,0.1388
2,1502,1504,0.1388
2,1500,1502,0.1388
2,1498,1500,0.1388
2,1500,1502,0.1388
2,1509,1511,0.1388
2,1513,1515,0.1388
2,1517,1519,0.1388
2,1511,1513,0.1388
2,1508,1510,0.1388
2,1507,1509,0.1388
2,1509,1511,0.1388
1,1507,1508,0.1388
1,1517,1518,0.1388
1,1520,1521,0.1388
1,1503,1504,0.1388
1,1502,1503,0.1388
1,1506,1507,0.1388
1,1509,1510,0.1388
1,1502,1503,0.1388
1,1504,1505,0.1388
1,1501,1502,0.1388
1,1503,1504,0.1388
1,1505,1506,0.1388
1,1516,1517,0.1388
1,1522,1523,0.1388
1,1520,1521,0.1388
1,1523,1524,0.1388
1,1509,1510,0.1388
1,1507,1508,0.1388
1,1514,1515,0.1388
1,1523,1524,0.1388
1,1527,1528,0.1388
1,1533,1534,0.1388
1,1521,1522,0.1388
1,1516,1517,0.1388
1,1517,1518,0.1388
1,1503,1504,0.1388
1,1503,1504,0.1388
1,1491,1492,0.1388
1,1487,1488,0.1388
1,1502,1503,0.1388
1,1501,1502,0.1388
1,1502,1503,0.1388
1,1527,1528,0.1388
1,1523,1524,0.1388
1,1514,1515,0.1388
1,1521,1522,0.1388
1,1515,1516,0.1388
1,1518,1519,0.1388
1,1531,1532,0.1388
1,1524,1525,0.1388
1,1514,1515,0.1388
1,1506,1507,0.1388
1,1515,1516,0.1388
1,1507,1508,0.1388
1,1515,1516,0.1388
1,1519,1520,0.1388
1,1511,1512,0.1388
1,1498,1499,0.1388
1,1506,1507,0.1388
1,1515,1516,0.1388
1,1526,1527,0.1388
1,1532,1533,0.1388
1,1532,1533,0.1388
1,1518,1519,0.1388
1,1529,1530,0.1388
1,1531,1532,0.1388
1,1530,1531,0.1388
1,1526,1527,0.1388
1,1522,1523,0.1388
1,1526,1527,0.1388
1,1513,1514,0.1388
1,1508,1509,0.1388
1,1504,1505,0.1388
1,1507,1508,0.1388
1,1507,1508,0.1388
1,1514,1515,0.1388
1,1518,1519,0.1388
1,1506,1507,0.1388
1,1512,1513,0.1388
1,1513,1514,0.1388
1,1517,1518,0.1388
1,1523,1524,0.1388
1,1530,1531,0.1388
1,1525,1526,0.1388
1,1519,1520,0.1388
0,1524,1524,0.1388
