1365,26,1391,0.1388
1387,29,1416,0.1388
1422,30,1452,0.1388
1423,30,1453,0.1388
1444,28,1472,0.1388
1447,29,1476,0.1388
1458,29,1487,0.1388
1470,30,1500,0.1388
1472,28,1500,0.1388
1473,28,1501,0.1388
1471,30,1501,0.1388
1474,28,1502,0.1388
1464,27,1491,0.1388
1469,25,1494,0.1388
1454,24,1478,0.1388
1450,25,1475,0.1388
1446,24,1470,0.1388
1455,24,1479,0.1388
1471,22,1493,0.1388
1454,23,1477,0.1388
1470,23,1493,0.1388
1470,23,1493,0.1388
1461,23,1484,0.1388
1469,22,1491,0.1388
1472,22,1494,0.1388
1466,23,1489,0.1388
1472,24,1496,0.1388
1475,25,1500,0.1388
1470,25,1495,0.1388
1467,25,1492,0.1388
1469,23,1492,0.1388
1470,23,1493,0.1388
1479,23,1502,0.1388
1477,21,1498,0.1388
1473,21,1494,0.1388
1476,19,1495,0.1388
1467,22,1489,0.1388
1477,22,1499,0.1388
1475,21,1496,0.1388
1470,22,1492,0.1388
1472,22,1494,0.1388
1467,24,1491,0.1388
1468,25,1493,0.1388
1453,27,1480,0.1388
1471,28,1499,0.1388
1461,27,1488,0.1388
1444,30,1474,0.1388
1450,30,1480,0.1388
1457,31,1488,0.1388
1469,33,1502,0.1388
1462,35,1497,0.1388
1448,35,1483,0.1388
1460,33,1493,0.1388
1461,32,1493,0.1388
1451,32,1483,0.1388
1459,33,1492,0.1388
1471,33,1504,0.1388
1457,33,1490,0.1388
1460,34,1494,0.1388
1463,35,1498,0.1388
1450,34,1484,0.1388
1442,38,1480,0.1388
1442,38,1480,0.1388
1438,37,1475,0.1388
1440,38,1478,0.1388
1438,38,1476,0.1388
1455,40,1495,0.1388
1460,40,1500,0.1388
1461,43,1504,0.1388
1458,42,1500,0.1388
1461,43,1504,0.1388
1454,44,1498,0.1388
1454,45,1499,0.1388
1456,48,1504,0.1388
1436,50,1486,0.1388
1443,50,1493,0.1388
1443,50,1493,0.1388
1444,48,1492,0.1388
1435,48,1483,0.1388
1413,49,1462,0.1388
1423,49,1472,0.1388
1427,49,1476,0.1388
1431,49,1480,0.1388
1432,47,1479,0.1388
1426,48,1474,0.1388
1438,50,1488,0.1388
1434,51,1485,0.1388
1433,50,1483,0.1388
1444,55,1499,0.1388
1455,52,1507,0.1388
1454,55,1509,0.1388
1454,52,1506,0.1388
1450,51,1501,0.1388
1432,52,1484,0.1388
1431,53,1484,0.1388
1420,56,1476,0.1388
1422,56,1478,0.1388
1422,59,1481,0.1388
1433,60,1493,0.1388
1431,60,1491,0.1388
1438,62,1500,0.1388
1439,62,1501,0.1388
1438,62,1500,0.1388
1426,60,1486,0.1388
1432,62,1494,0.1388
1433,65,1498,0.1388
1437,64,1501,0.1388
1435,65,1500,0.1388
1423,67,1490,0.1388
1430,64,1494,0.1388
1444,65,1509,0.1388
1442,65,1507,0.1388
1436,63,1499,0.1388
1428,63,1491,0.1388
1436,64,1500,0.1388
1437,63,1500,0.1388
1434,65,1499,0.1388
1429,63,1492,0.1388
1429,63,1492,0.1388
1438,65,1503,0.1388
1425,66,1491,0.1388
1420,66,1486,0.1388
1418,65,1483,0.1388
1424,69,1493,0.1388
1426,72,1498,0.1388
1428,74,1502,0.1388
1429,71,1500,0.1388
1436,73,1509,0.1388
1430,74,1504,0.1388
1423,74,1497,0.1388
1435,76,1511,0.1388
1445,74,1519,0.1388
1440,73,1513,0.1388
1439,74,1513,0.1388
1429,72,1501,0.1388
1421,75,1496,0.1388
1416,78,1494,0.1388
1423,79,1502,0.1388
1420,79,1499,0.1388
1424,78,1502,0.1388
1399,77,1476,0.1388
1401,77,1478,0.1388
1408,76,1484,0.1388
1408,81,1489,0.1388
1409,80,1489,0.1388
1406,79,1485,0.1388
1409,83,1492,0.1388
1415,87,1502,0.1388
1409,91,1500,0.1388
1413,94,1507,0.1388
1403,93,1496,0.1388
1393,91,1484,0.1388
1402,92,1494,0.1388
1406,95,1501,0.1388
1408,94,1502,0.1388
1410,96,1506,0.1388
1395,94,1489,0.1388
1394,94,1488,0.1388
1387,97,1484,0.1388
1390,103,1493,0.1388
1398,103,1501,0.1388
1389,108,1497,0.1388
1392,107,1499,0.1388
1393,108,1501,0.1388
1390,105,1495,0.1388
1382,106,1488,0.1388
1389,107,1496,0.1388
1391,105,1496,0.1388
1392,106,1498,0.1388
1398,106,1504,0.1388
1397,104,1501,0.1388
1390,104,1494,0.1388
1381,101,1482,0.1388
1375,101,1476,0.1388
1372,105,1477,0.1388
1378,106,1484,0.1388
1377,105,1482,0.1388
1383,105,1488,0.1388
1389,104,1493,0.1388
1399,103,1502,0.1388
1406,105,1511,0.1388
1404,108,1512,0.1388
1405,106,1511,0.1388
1392,105,1497,0.1388
1399,105,1504,0.1388
1385,104,1489,0.1388
1393,105,1498,0.1388
1398,102,1500,0.1388
1386,105,1491,0.1388
1387,106,1493,0.1388
1390,104,1494,0.1388
1389,103,1492,0.1388
1387,104,1491,0.1388
1395,103,1498,0.1388
1396,107,1503,0.1388
1394,103,1497,0.1388
1393,107,1500,0.1388
1380,106,1486,0.1388
1382,105,1487,0.1388
1380,104,1484,0.1388
1380,101,1481,0.1388
1386,105,1491,0.1388
1399,104,1503,0.1388
1403,108,1511,0.1388
1380,109,1489,0.1388
1381,105,1486,0.1388
1380,109,1489,0.1388
1376,109,1485,0.1388
1383,109,1492,0.1388
1375,107,1482,0.1388
1374,109,1483,0.1388
1380,106,1486,0.1388
1375,110,1485,0.1388
1373,107,1480,0.1388
1380,107,1487,0.1388
1376,108,1484,0.1388
1386,112,1498,0.1388
1387,111,1498,0.1388
1392,110,1502,0.1388
1373,111,1484,0.1388
1377,115,1492,0.1388
1371,109,1480,0.1388
1379,108,1487,0.1388
1372,108,1480,0.1388
1389,109,1498,0.1388
1404,105,1509,0.1388
1393,101,1494,0.1388
1383,103,1486,0.1388
1380,106,1486,0.1388
1384,108,1492,0.1388
1381,106,1487,0.1388
1373,104,1477,0.1388
1380,98,1478,0.1388
1386,101,1487,0.1388
1382,103,1485,0.1388
1369,103,1472,0.1388
1362,107,1469,0.1388
1366,110,1476,0.1388
1370,111,1481,0.1388
1386,112,1498,0.1388
1384,110,1494,0.1388
1385,107,1492,0.1388
1375,106,1481,0.1388
1382,112,1494,0.1388
1375,111,1486,0.1388
1374,110,1484,0.1388
1368,112,1480,0.1388
1378,116,1494,0.1388
1365,115,1480,0.1388
1368,115,1483,0.1388
1368,115,1483,0.1388
1373,117,1490,0.1388
1370,117,1487,0.1388
1379,116,1495,0.1388
1373,117,1490,0.1388
1385,116,1501,0.1388
1390,117,1507,0.1388
1389,121,1510,0.1388
1392,120,1512,0.1388
1389,118,1507,0.1388
1391,122,1513,0.1388
1379,124,1503,0.1388
1373,129,1502,0.1388
1358,129,1487,0.1388
1348,130,1478,0.1388
1357,134,1491,0.1388
1356,131,1487,0.1388
1359,130,1489,0.1388
1356,130,1486,0.1388
1350,131,1481,0.1388
1355,137,1492,0.1388
1354,137,1491,0.1388
1350,136,1486,0.1388
1342,134,1476,0.1388
1349,136,1485,0.1388
1341,140,1481,0.1388
1349,140,1489,0.1388
1350,135,1485,0.1388
1366,139,1505,0.1388
1361,143,1504,0.1388
1368,144,1512,0.1388
1369,142,1511,0.1388
1357,138,1495,0.1388
1341,140,1481,0.1388
1331,138,1469,0.1388
1343,143,1486,0.1388
1352,141,1493,0.1388
1350,139,1489,0.1388
1343,139,1482,0.1388
1350,140,1490,0.1388
1351,145,1496,0.1388
1339,147,1486,0.1388
1358,140,1498,0.1388
1347,142,1489,0.1388
1344,148,1492,0.1388
1345,149,1494,0.1388
1337,148,1485,0.1388
1341,150,1491,0.1388
1333,150,1483,0.1388
1323,148,1471,0.1388
1315,142,1457,0.1388
1338,143,1481,0.1388
1343,142,1485,0.1388
1349,142,1491,0.1388
1351,145,1496,0.1388
1344,150,1494,0.1388
1346,152,1498,0.1388
1348,152,1500,0.1388
1355,150,1505,0.1388
1352,153,1505,0.1388
1362,154,1516,0.1388
1358,154,1512,0.1388
1353,153,1506,0.1388
1338,156,1494,0.1388
1332,157,1489,0.1388
1331,157,1488,0.1388
1331,159,1490,0.1388
1330,161,1491,0.1388
1342,161,1503,0.1388
1333,173,1506,0.1388
1329,170,1499,0.1388
1336,174,1510,0.1388
1332,174,1506,0.1388
1335,170,1505,0.1388
1342,173,1515,0.1388
1329,175,1504,0.1388
1313,182,1495,0.1388
1304,179,1483,0.1388
1307,183,1490,0.1388
1311,189,1500,0.1388
1311,187,1498,0.1388
1310,191,1501,0.1388
1308,188,1496,0.1388
1309,189,1498,0.1388
1312,190,1502,0.1388
1310,191,1501,0.1388
1297,184,1481,0.1388
1301,189,1490,0.1388
1310,189,1499,0.1388
1308,196,1504,0.1388
1315,192,1507,0.1388
1313,193,1506,0.1388
1303,193,1496,0.1388
1309,191,1500,0.1388
1321,188,1509,0.1388
1314,186,1500,0.1388
1315,189,1504,0.1388
1315,186,1501,0.1388
1313,186,1499,0.1388
1309,185,1494,0.1388
1296,195,1491,0.1388
1310,199,1509,0.1388
1305,201,1506,0.1388
1309,201,1510,0.1388
1294,197,1491,0.1388
1286,200,1486,0.1388
1295,198,1493,0.1388
1297,205,1502,0.1388
1304,208,1512,0.1388
1305,206,1511,0.1388
1299,207,1506,0.1388
1293,209,1502,0.1388
1306,209,1515,0.1388
1297,202,1499,0.1388
1301,202,1503,0.1388
1305,200,1505,0.1388
1302,201,1503,0.1388
1291,199,1490,0.1388
1280,199,1479,0.1388
1303,203,1506,0.1388
1302,198,1500,0.1388
1289,204,1493,0.1388
1297,205,1502,0.1388
1304,207,1511,0.1388
1293,209,1502,0.1388
1301,209,1510,0.1388
1293,214,1507,0.1388
1298,212,1510,0.1388
1304,204,1508,0.1388
1305,199,1504,0.1388
1299,200,1499,0.1388
1301,206,1507,0.1388
1285,205,1490,0.1388
1281,206,1487,0.1388
1291,205,1496,0.1388
1300,206,1506,0.1388
1291,204,1495,0.1388
1294,204,1498,0.1388
1313,203,1516,0.1388
1301,201,1502,0.1388
1305,201,1506,0.1388
1311,206,1517,0.1388
1299,202,1501,0.1388
1282,213,1495,0.1388
1272,216,1488,0.1388
1262,212,1474,0.1388
1271,213,1484,0.1388
1263,219,1482,0.1388
1257,221,1478,0.1388
1258,220,1478,0.1388
1264,222,1486,0.1388
1263,221,1484,0.1388
1273,224,1497,0.1388
1274,231,1505,0.1388
1275,229,1504,0.1388
1272,233,1505,0.1388
1275,235,1510,0.1388
1278,234,1512,0.1388
1275,231,1506,0.1388
1274,233,1507,0.1388
1264,235,1499,0.1388
1269,234,1503,0.1388
1265,234,1499,0.1388
1254,227,1481,0.1388
1261,223,1484,0.1388
1269,227,1496,0.1388
1262,228,1490,0.1388
1261,237,1498,0.1388
1269,234,1503,0.1388
1263,230,1493,0.1388
1259,237,1496,0.1388
1249,243,1492,0.1388
1254,247,1501,0.1388
1245,247,1492,0.1388
1239,244,1483,0.1388
1245,244,1489,0.1388
1244,242,1486,0.1388
1254,247,1501,0.1388
1254,249,1503,0.1388
1255,254,1509,0.1388
1252,259,1511,0.1388
1238,256,1494,0.1388
1246,254,1500,0.1388
1246,256,1502,0.1388
1254,259,1513,0.1388
1257,254,1511,0.1388
1255,258,1513,0.1388
1240,257,1497,0.1388
1242,258,1500,0.1388
1244,254,1498,0.1388
1239,258,1497,0.1388
1237,259,1496,0.1388
1236,257,1493,0.1388
1223,259,1482,0.1388
1218,257,1475,0.1388
1221,260,1481,0.1388
1231,263,1494,0.1388
1236,267,1503,0.1388
1233,260,1493,0.1388
1248,268,1516,0.1388
1244,264,1508,0.1388
1238,264,1502,0.1388
1240,262,1502,0.1388
1249,259,1508,0.1388
1235,256,1491,0.1388
1240,257,1497,0.1388
1246,259,1505,0.1388
1244,260,1504,0.1388
1250,263,1513,0.1388
1241,261,1502,0.1388
1252,265,1517,0.1388
1247,259,1506,0.1388
1237,266,1503,0.1388
1241,266,1507,0.1388
1235,266,1501,0.1388
1236,265,1501,0.1388
1238,272,1510,0.1388
1227,273,1500,0.1388
1225,274,1499,0.1388
1231,277,1508,0.1388
1225,277,1502,0.1388
1219,279,1498,0.1388
1219,280,1499,0.1388
1215,276,1491,0.1388
1213,278,1491,0.1388
1218,275,1493,0.1388
1211,274,1485,0.1388
1210,275,1485,0.1388
1213,277,1490,0.1388
1207,282,1489,0.1388
1218,289,1507,0.1388
1218,290,1508,0.1388
1210,285,1495,0.1388
1224,289,1513,0.1388
1215,293,1508,0.1388
1218,299,1517,0.1388
1210,305,1515,0.1388
1196,308,1504,0.1388
1197,311,1508,0.1388
1198,305,1503,0.1388
1202,301,1503,0.1388
1203,302,1505,0.1388
1203,303,1506,0.1388
1195,297,1492,0.1388
1200,300,1500,0.1388
1201,296,1497,0.1388
1196,303,1499,0.1388
1197,300,1497,0.1388
1200,300,1500,0.1388
1196,294,1490,0.1388
1189,290,1479,0.1388
1192,297,1489,0.1388
1202,300,1502,0.1388
1199,303,1502,0.1388
1197,305,1502,0.1388
1185,302,1487,0.1388
1191,299,1490,0.1388
1182,306,1488,0.1388
1193,307,1500,0.1388
1195,310,1505,0.1388
1210,311,1521,0.1388
1199,309,1508,0.1388
1202,308,1510,0.1388
1192,314,1506,0.1388
1189,314,1503,0.1388
1178,325,1503,0.1388
1168,320,1488,0.1388
1169,321,1490,0.1388
1175,318,1493,0.1388
1175,319,1494,0.1388
1157,331,1488,0.1388
1144,327,1471,0.1388
1143,331,1474,0.1388
1149,332,1481,0.1388
1148,328,1476,0.1388
1148,332,1480,0.1388
1154,337,1491,0.1388
1149,335,1484,0.1388
1152,336,1488,0.1388
1153,338,1491,0.1388
1153,336,1489,0.1388
1163,334,1497,0.1388
1169,339,1508,0.1388
1165,341,1506,0.1388
1162,343,1505,0.1388
1160,347,1507,0.1388
1156,348,1504,0.1388
1153,346,1499,0.1388
1168,345,1513,0.1388
1167,345,1512,0.1388
1148,342,1490,0.1388
1157,340,1497,0.1388
1159,345,1504,0.1388
1161,346,1507,0.1388
1172,348,1520,0.1388
1170,351,1521,0.1388
1166,349,1515,0.1388
1170,346,1516,0.1388
1162,342,1504,0.1388
1163,351,1514,0.1388
1162,350,1512,0.1388
1161,354,1515,0.1388
1160,351,1511,0.1388
1149,352,1501,0.1388
1140,359,1499,0.1388
1155,359,1514,0.1388
1136,358,1494,0.1388
1137,360,1497,0.1388
1132,364,1496,0.1388
1136,359,1495,0.1388
1143,357,1500,0.1388
1133,357,1490,0.1388
1136,354,1490,0.1388
1130,356,1486,0.1388
1121,365,1486,0.1388
1122,366,1488,0.1388
1126,365,1491,0.1388
1129,369,1498,0.1388
1133,363,1496,0.1388
1130,365,1495,0.1388
1132,368,1500,0.1388
1144,369,1513,0.1388
1128,368,1496,0.1388
1127,365,1492,0.1388
1122,370,1492,0.1388
1120,373,1493,0.1388
1141,370,1511,0.1388
1138,366,1504,0.1388
1135,364,1499,0.1388
1132,365,1497,0.1388
1135,364,1499,0.1388
1134,366,1500,0.1388
1131,362,1493,0.1388
1139,362,1501,0.1388
1132,356,1488,0.1388
1138,367,1505,0.1388
1135,367,1502,0.1388
1130,365,1495,0.1388
1123,371,1494,0.1388
1120,375,1495,0.1388
1121,373,1494,0.1388
1107,381,1488,0.1388
1103,380,1483,0.1388
1104,387,1491,0.1388
1115,390,1505,0.1388
1119,391,1510,0.1388
1120,391,1511,0.1388
1131,388,1519,0.1388
1123,384,1507,0.1388
1119,389,1508,0.1388
1113,397,1510,0.1388
1107,402,1509,0.1388
1100,399,1499,0.1388
1099,400,1499,0.1388
1089,403,1492,0.1388
1079,405,1484,0.1388
1087,406,1493,0.1388
1088,401,1489,0.1388
1093,406,1499,0.1388
1091,407,1498,0.1388
1096,412,1508,0.1388
1094,412,1506,0.1388
1085,413,1498,0.1388
1089,398,1487,0.1388
1087,396,1483,0.1388
1086,395,1481,0.1388
1085,399,1484,0.1388
1097,396,1493,0.1388
1103,399,1502,0.1388
1099,401,1500,0.1388
1101,403,1504,0.1388
1096,410,1506,0.1388
1102,404,1506,0.1388
1099,399,1498,0.1388
1108,392,1500,0.1388
1110,394,1504,0.1388
1111,389,1500,0.1388
1102,393,1495,0.1388
1106,400,1506,0.1388
1104,402,1506,0.1388
1104,392,1496,0.1388
1105,406,1511,0.1388
1112,406,1518,0.1388
1124,404,1528,0.1388
1116,404,1520,0.1388
1114,401,1515,0.1388
1104,397,1501,0.1388
1113,407,1520,0.1388
1116,408,1524,0.1388
1098,401,1499,0.1388
1091,406,1497,0.1388
1083,416,1499,0.1388
1087,415,1502,0.1388
1078,413,1491,0.1388
1083,416,1499,0.1388
1095,421,1516,0.1388
1093,420,1513,0.1388
1097,417,1514,0.1388
1098,417,1515,0.1388
1087,418,1505,0.1388
1076,419,1495,0.1388
1065,431,1496,0.1388
1066,435,1501,0.1388
1071,437,1508,0.1388
1061,439,1500,0.1388
1068,435,1503,0.1388
1062,433,1495,0.1388
1047,433,1480,0.1388
1051,430,1481,0.1388
1043,429,1472,0.1388
1051,426,1477,0.1388
1056,425,1481,0.1388
1057,430,1487,0.1388
1058,435,1493,0.1388
1063,448,1511,0.1388
1053,445,1498,0.1388
1047,445,1492,0.1388
1054,446,1500,0.1388
1052,455,1507,0.1388
1047,451,1498,0.1388
1043,456,1499,0.1388
1052,453,1505,0.1388
1051,449,1500,0.1388
1040,453,1493,0.1388
1036,462,1498,0.1388
1039,471,1510,0.1388
1045,471,1516,0.1388
1044,470,1514,0.1388
1052,471,1523,0.1388
1041,464,1505,0.1388
1022,473,1495,0.1388
1020,476,1496,0.1388
1020,475,1495,0.1388
1030,477,1507,0.1388
1028,478,1506,0.1388
1032,476,1508,0.1388
1023,478,1501,0.1388
1027,480,1507,0.1388
1021,494,1515,0.1388
1015,492,1507,0.1388
1019,495,1514,0.1388
1022,489,1511,0.1388
1017,487,1504,0.1388
1015,486,1501,0.1388
1012,493,1505,0.1388
1011,491,1502,0.1388
1015,491,1506,0.1388
1010,495,1505,0.1388
994,497,1491,0.1388
1009,493,1502,0.1388
1005,502,1507,0.1388
1005,502,1507,0.1388
1009,507,1516,0.1388
1002,509,1511,0.1388
997,515,1512,0.1388
984,518,1502,0.1388
978,520,1498,0.1388
998,513,1511,0.1388
1006,507,1513,0.1388
999,503,1502,0.1388
1006,502,1508,0.1388
996,503,1499,0.1388
988,500,1488,0.1388
989,499,1488,0.1388
980,505,1485,0.1388
979,503,1482,0.1388
984,507,1491,0.1388
984,506,1490,0.1388
980,508,1488,0.1388
987,509,1496,0.1388
995,509,1504,0.1388
986,506,1492,0.1388
987,507,1494,0.1388
992,517,1509,0.1388
989,518,1507,0.1388
986,511,1497,0.1388
976,508,1484,0.1388
975,506,1481,0.1388
980,508,1488,0.1388
987,510,1497,0.1388
993,516,1509,0.1388
989,520,1509,0.1388
983,515,1498,0.1388
985,512,1497,0.1388
976,517,1493,0.1388
975,533,1508,0.1388
981,532,1513,0.1388
986,534,1520,0.1388
987,535,1522,0.1388
988,539,1527,0.1388
990,534,1524,0.1388
982,533,1515,0.1388
970,522,1492,0.1388
972,522,1494,0.1388
976,533,1509,0.1388
964,529,1493,0.1388
976,523,1499,0.1388
981,526,1507,0.1388
971,520,1491,0.1388
966,520,1486,0.1388
968,515,1483,0.1388
962,527,1489,0.1388
973,523,1496,0.1388
970,524,1494,0.1388
965,524,1489,0.1388
968,525,1493,0.1388
976,519,1495,0.1388
977,526,1503,0.1388
970,520,1490,0.1388
976,521,1497,0.1388
976,523,1499,0.1388
984,523,1507,0.1388
989,534,1523,0.1388
994,538,1532,0.1388
978,531,1509,0.1388
969,532,1501,0.1388
972,536,1508,0.1388
961,538,1499,0.1388
951,541,1492,0.1388
955,539,1494,0.1388
971,538,1509,0.1388
958,545,1503,0.1388
957,554,1511,0.1388
950,549,1499,0.1388
947,540,1487,0.1388
943,545,1488,0.1388
949,553,1502,0.1388
950,558,1508,0.1388
949,553,1502,0.1388
943,554,1497,0.1388
951,553,1504,0.1388
957,547,1504,0.1388
950,547,1497,0.1388
939,536,1475,0.1388
947,535,1482,0.1388
942,545,1487,0.1388
946,539,1485,0.1388
943,546,1489,0.1388
945,553,1498,0.1388
944,553,1497,0.1388
943,548,1491,0.1388
945,542,1487,0.1388
945,555,1500,0.1388
940,554,1494,0.1388
938,555,1493,0.1388
938,552,1490,0.1388
942,548,1490,0.1388
943,553,1496,0.1388
959,550,1509,0.1388
959,559,1518,0.1388
962,564,1526,0.1388
954,565,1519,0.1388
952,558,1510,0.1388
947,554,1501,0.1388
934,550,1484,0.1388
929,558,1487,0.1388
928,566,1494,0.1388
926,579,1505,0.1388
924,573,1497,0.1388
922,572,1494,0.1388
926,568,1494,0.1388
919,576,1495,0.1388
927,569,1496,0.1388
927,568,1495,0.1388
921,573,1494,0.1388
918,579,1497,0.1388
919,581,1500,0.1388
917,572,1489,0.1388
915,581,1496,0.1388
911,578,1489,0.1388
910,579,1489,0.1388
905,574,1479,0.1388
917,574,1491,0.1388
929,570,1499,0.1388
937,573,1510,0.1388
936,578,1514,0.1388
935,575,1510,0.1388
933,573,1506,0.1388
928,569,1497,0.1388
932,577,1509,0.1388
931,578,1509,0.1388
926,589,1515,0.1388
927,585,1512,0.1388
929,591,1520,0.1388
926,591,1517,0.1388
912,595,1507,0.1388
900,591,1491,0.1388
902,589,1491,0.1388
910,585,1495,0.1388
917,597,1514,0.1388
916,597,1513,0.1388
895,602,1497,0.1388
887,604,1491,0.1388
892,609,1501,0.1388
888,603,1491,0.1388
897,590,1487,0.1388
895,611,1506,0.1388
893,617,1510,0.1388
875,616,1491,0.1388
864,625,1489,0.1388
872,621,1493,0.1388
878,619,1497,0.1388
880,628,1508,0.1388
886,625,1511,0.1388
881,624,1505,0.1388
879,625,1504,0.1388
876,630,1506,0.1388
880,631,1511,0.1388
881,630,1511,0.1388
884,629,1513,0.1388
876,633,1509,0.1388
873,635,1508,0.1388
876,632,1508,0.1388
874,644,1518,0.1388
868,637,1505,0.1388
865,636,1501,0.1388
872,633,1505,0.1388
870,625,1495,0.1388
865,632,1497,0.1388
868,632,1500,0.1388
869,644,1513,0.1388
871,638,1509,0.1388
867,637,1504,0.1388
869,635,1504,0.1388
866,640,1506,0.1388
861,629,1490,0.1388
864,621,1485,0.1388
863,626,1489,0.1388
864,630,1494,0.1388
862,637,1499,0.1388
867,642,1509,0.1388
870,629,1499,0.1388
860,632,1492,0.1388
867,639,1506,0.1388
871,647,1518,0.1388
874,649,1523,0.1388
860,654,1514,0.1388
848,652,1500,0.1388
856,645,1501,0.1388
855,660,1515,0.1388
851,647,1498,0.1388
854,652,1506,0.1388
849,657,1506,0.1388
849,654,1503,0.1388
854,656,1510,0.1388
848,649,1497,0.1388
855,648,1503,0.1388
856,657,1513,0.1388
857,649,1506,0.1388
861,647,1508,0.1388
864,651,1515,0.1388
856,658,1514,0.1388
849,659,1508,0.1388
855,657,1512,0.1388
859,670,1529,0.1388
850,670,1520,0.1388
847,670,1517,0.1388
841,673,1514,0.1388
840,679,1519,0.1388
838,672,1510,0.1388
840,677,1517,0.1388
840,672,1512,0.1388
845,671,1516,0.1388
841,670,1511,0.1388
843,673,1516,0.1388
836,678,1514,0.1388
825,674,1499,0.1388
820,676,1496,0.1388
825,680,1505,0.1388
822,671,1493,0.1388
811,684,1495,0.1388
819,683,1502,0.1388
805,692,1497,0.1388
809,697,1506,0.1388
798,692,1490,0.1388
819,699,1518,0.1388
814,693,1507,0.1388
811,690,1501,0.1388
803,698,1501,0.1388
793,691,1484,0.1388
799,691,1490,0.1388
791,697,1488,0.1388
788,698,1486,0.1388
783,695,1478,0.1388
777,712,1489,0.1388
778,722,1500,0.1388
768,731,1499,0.1388
771,738,1509,0.1388
773,733,1506,0.1388
754,733,1487,0.1388
761,743,1504,0.1388
755,737,1492,0.1388
754,736,1490,0.1388
760,737,1497,0.1388
762,750,1512,0.1388
764,745,1509,0.1388
760,745,1505,0.1388
763,749,1512,0.1388
763,753,1516,0.1388
755,748,1503,0.1388
755,748,1503,0.1388
761,741,1502,0.1388
763,747,1510,0.1388
752,748,1500,0.1388
746,755,1501,0.1388
744,757,1501,0.1388
734,769,1503,0.1388
733,764,1497,0.1388
737,759,1496,0.1388
742,762,1504,0.1388
742,770,1512,0.1388
745,763,1508,0.1388
739,762,1501,0.1388
749,755,1504,0.1388
756,751,1507,0.1388
755,750,1505,0.1388
747,757,1504,0.1388
743,759,1502,0.1388
736,757,1493,0.1388
728,757,1485,0.1388
730,747,1477,0.1388
735,756,1491,0.1388
736,750,1486,0.1388
732,752,1484,0.1388
743,757,1500,0.1388
747,754,1501,0.1388
741,756,1497,0.1388
746,750,1496,0.1388
747,758,1505,0.1388
746,763,1509,0.1388
749,769,1518,0.1388
751,779,1530,0.1388
742,775,1517,0.1388
742,774,1516,0.1388
725,785,1510,0.1388
722,784,1506,0.1388
723,780,1503,0.1388
722,779,1501,0.1388
711,792,1503,0.1388
718,794,1512,0.1388
705,798,1503,0.1388
709,793,1502,0.1388
703,794,1497,0.1388
702,803,1505,0.1388
699,814,1513,0.1388
693,796,1489,0.1388
701,800,1501,0.1388
698,802,1500,0.1388
698,797,1495,0.1388
699,800,1499,0.1388
702,796,1498,0.1388
691,815,1506,0.1388
703,816,1519,0.1388
706,814,1520,0.1388
693,823,1516,0.1388
691,828,1519,0.1388
702,821,1523,0.1388
690,826,1516,0.1388
683,811,1494,0.1388
694,823,1517,0.1388
690,813,1503,0.1388
690,821,1511,0.1388
687,822,1509,0.1388
675,822,1497,0.1388
675,829,1504,0.1388
673,831,1504,0.1388
670,838,1508,0.1388
662,837,1499,0.1388
666,852,1518,0.1388
659,858,1517,0.1388
652,858,1510,0.1388
651,853,1504,0.1388
650,855,1505,0.1388
657,856,1513,0.1388
655,851,1506,0.1388
653,858,1511,0.1388
652,860,1512,0.1388
652,865,1517,0.1388
651,856,1507,0.1388
648,859,1507,0.1388
649,867,1516,0.1388
644,864,1508,0.1388
636,866,1502,0.1388
634,871,1505,0.1388
636,863,1499,0.1388
633,866,1499,0.1388
624,881,1505,0.1388
623,877,1500,0.1388
623,875,1498,0.1388
623,874,1497,0.1388
635,861,1496,0.1388
635,871,1506,0.1388
641,868,1509,0.1388
632,870,1502,0.1388
630,867,1497,0.1388
630,868,1498,0.1388
621,878,1499,0.1388
617,877,1494,0.1388
617,875,1492,0.1388
620,867,1487,0.1388
618,876,1494,0.1388
620,879,1499,0.1388
620,890,1510,0.1388
619,897,1516,0.1388
621,890,1511,0.1388
622,897,1519,0.1388
619,890,1509,0.1388
621,891,1512,0.1388
618,896,1514,0.1388
632,882,1514,0.1388
628,883,1511,0.1388
629,881,1510,0.1388
625,895,1520,0.1388
627,890,1517,0.1388
628,888,1516,0.1388
623,886,1509,0.1388
623,890,1513,0.1388
624,884,1508,0.1388
624,894,1518,0.1388
619,883,1502,0.1388
625,887,1512,0.1388
627,892,1519,0.1388
616,885,1501,0.1388
616,883,1499,0.1388
622,883,1505,0.1388
609,885,1494,0.1388
607,895,1502,0.1388
614,885,1499,0.1388
609,889,1498,0.1388
608,900,1508,0.1388
600,904,1504,0.1388
598,900,1498,0.1388
601,893,1494,0.1388
606,905,1511,0.1388
600,910,1510,0.1388
596,909,1505,0.1388
593,915,1508,0.1388
595,919,1514,0.1388
594,921,1515,0.1388
596,922,1518,0.1388
590,924,1514,0.1388
589,924,1513,0.1388
577,935,1512,0.1388
580,936,1516,0.1388
576,938,1514,0.1388
573,940,1513,0.1388
561,944,1505,0.1388
570,941,1511,0.1388
578,940,1518,0.1388
578,941,1519,0.1388
577,944,1521,0.1388
571,940,1511,0.1388
564,949,1513,0.1388
565,943,1508,0.1388
558,948,1506,0.1388
560,943,1503,0.1388
563,944,1507,0.1388
562,939,1501,0.1388
566,942,1508,0.1388
556,947,1503,0.1388
551,951,1502,0.1388
551,951,1502,0.1388
554,951,1505,0.1388
560,949,1509,0.1388
548,969,1517,0.1388
552,966,1518,0.1388
554,969,1523,0.1388
550,962,1512,0.1388
553,958,1511,0.1388
549,957,1506,0.1388
556,948,1504,0.1388
549,959,1508,0.1388
555,951,1506,0.1388
556,950,1506,0.1388
559,959,1518,0.1388
563,952,1515,0.1388
564,946,1510,0.1388
570,941,1511,0.1388
558,953,1511,0.1388
559,961,1520,0.1388
556,963,1519,0.1388
551,966,1517,0.1388
541,973,1514,0.1388
535,974,1509,0.1388
524,969,1493,0.1388
522,969,1491,0.1388
525,971,1496,0.1388
527,975,1502,0.1388
529,982,1511,0.1388
532,978,1510,0.1388
529,985,1514,0.1388
526,984,1510,0.1388
525,992,1517,0.1388
529,992,1521,0.1388
521,989,1510,0.1388
517,993,1510,0.1388
517,988,1505,0.1388
515,971,1486,0.1388
519,991,1510,0.1388
519,1002,1521,0.1388
515,1006,1521,0.1388
509,1013,1522,0.1388
509,1013,1522,0.1388
512,1011,1523,0.1388
513,1005,1518,0.1388
511,1008,1519,0.1388
505,1002,1507,0.1388
505,999,1504,0.1388
502,992,1494,0.1388
503,1003,1506,0.1388
507,1010,1517,0.1388
511,1015,1526,0.1388
509,1012,1521,0.1388
508,1012,1520,0.1388
503,1004,1507,0.1388
507,997,1504,0.1388
504,1003,1507,0.1388
511,1000,1511,0.1388
505,1002,1507,0.1388
497,1011,1508,0.1388
499,1013,1512,0.1388
499,1018,1517,0.1388
504,1010,1514,0.1388
504,1015,1519,0.1388
495,1028,1523,0.1388
493,1021,1514,0.1388
487,1034,1521,0.1388
491,1022,1513,0.1388
485,1022,1507,0.1388
489,1018,1507,0.1388
486,1017,1503,0.1388
485,1023,1508,0.1388
491,1021,1512,0.1388
490,1015,1505,0.1388
494,1018,1512,0.1388
488,1024,1512,0.1388
489,1032,1521,0.1388
485,1036,1521,0.1388
485,1033,1518,0.1388
470,1029,1499,0.1388
476,1030,1506,0.1388
475,1031,1506,0.1388
473,1020,1493,0.1388
477,1026,1503,0.1388
476,1034,1510,0.1388
469,1032,1501,0.1388
467,1036,1503,0.1388
460,1047,1507,0.1388
460,1047,1507,0.1388
468,1049,1517,0.1388
462,1047,1509,0.1388
461,1043,1504,0.1388
461,1049,1510,0.1388
469,1044,1513,0.1388
465,1041,1506,0.1388
470,1049,1519,0.1388
470,1057,1527,0.1388
467,1052,1519,0.1388
465,1042,1507,0.1388
467,1039,1506,0.1388
466,1035,1501,0.1388
473,1042,1515,0.1388
470,1057,1527,0.1388
471,1047,1518,0.1388
469,1044,1513,0.1388
465,1033,1498,0.1388
470,1028,1498,0.1388
469,1024,1493,0.1388
468,1034,1502,0.1388
473,1042,1515,0.1388
472,1040,1512,0.1388
468,1038,1506,0.1388
457,1046,1503,0.1388
461,1054,1515,0.1388
456,1052,1508,0.1388
456,1049,1505,0.1388
451,1044,1495,0.1388
459,1042,1501,0.1388
453,1059,1512,0.1388
449,1048,1497,0.1388
451,1054,1505,0.1388
451,1065,1516,0.1388
449,1059,1508,0.1388
448,1062,1510,0.1388
444,1059,1503,0.1388
447,1061,1508,0.1388
450,1067,1517,0.1388
448,1058,1506,0.1388
448,1056,1504,0.1388
453,1072,1525,0.1388
460,1073,1533,0.1388
454,1058,1512,0.1388
452,1056,1508,0.1388
443,1054,1497,0.1388
452,1057,1509,0.1388
449,1066,1515,0.1388
449,1064,1513,0.1388
452,1055,1507,0.1388
455,1069,1524,0.1388
453,1063,1516,0.1388
453,1069,1522,0.1388
448,1076,1524,0.1388
440,1082,1522,0.1388
439,1080,1519,0.1388
434,1079,1513,0.1388
435,1076,1511,0.1388
440,1089,1529,0.1388
434,1107,1541,0.1388
429,1100,1529,0.1388
428,1096,1524,0.1388
424,1096,1520,0.1388
425,1089,1514,0.1388
427,1081,1508,0.1388
424,1084,1508,0.1388
420,1089,1509,0.1388
424,1083,1507,0.1388
426,1081,1507,0.1388
424,1089,1513,0.1388
425,1093,1518,0.1388
428,1087,1515,0.1388
423,1080,1503,0.1388
430,1084,1514,0.1388
432,1081,1513,0.1388
433,1096,1529,0.1388
438,1084,1522,0.1388
443,1083,1526,0.1388
440,1087,1527,0.1388
436,1073,1509,0.1388
437,1084,1521,0.1388
432,1082,1514,0.1388
431,1093,1524,0.1388
431,1088,1519,0.1388
432,1093,1525,0.1388
424,1094,1518,0.1388
422,1085,1507,0.1388
421,1089,1510,0.1388
416,1086,1502,0.1388
423,1100,1523,0.1388
423,1090,1513,0.1388
420,1087,1507,0.1388
422,1092,1514,0.1388
426,1092,1518,0.1388
419,1094,1513,0.1388
424,1101,1525,0.1388
421,1106,1527,0.1388
417,1093,1510,0.1388
406,1093,1499,0.1388
405,1096,1501,0.1388
404,1091,1495,0.1388
410,1091,1501,0.1388
413,1090,1503,0.1388
416,1094,1510,0.1388
422,1104,1526,0.1388
419,1109,1528,0.1388
419,1106,1525,0.1388
413,1103,1516,0.1388
410,1094,1504,0.1388
409,1092,1501,0.1388
405,1098,1503,0.1388
401,1099,1500,0.1388
399,1111,1510,0.1388
392,1119,1511,0.1388
394,1114,1508,0.1388
393,1100,1493,0.1388
389,1105,1494,0.1388
388,1110,1498,0.1388
389,1117,1506,0.1388
389,1112,1501,0.1388
384,1126,1510,0.1388
380,1133,1513,0.1388
384,1135,1519,0.1388
383,1141,1524,0.1388
379,1139,1518,0.1388
377,1131,1508,0.1388
377,1130,1507,0.1388
375,1133,1508,0.1388
373,1137,1510,0.1388
374,1143,1517,0.1388
368,1140,1508,0.1388
372,1137,1509,0.1388
368,1144,1512,0.1388
367,1150,1517,0.1388
365,1143,1508,0.1388
359,1130,1489,0.1388
361,1144,1505,0.1388
366,1153,1519,0.1388
363,1163,1526,0.1388
360,1160,1520,0.1388
360,1156,1516,0.1388
361,1152,1513,0.1388
366,1149,1515,0.1388
369,1149,1518,0.1388
367,1161,1528,0.1388
366,1148,1514,0.1388
363,1153,1516,0.1388
356,1140,1496,0.1388
352,1139,1491,0.1388
350,1148,1498,0.1388
351,1148,1499,0.1388
355,1155,1510,0.1388
349,1167,1516,0.1388
352,1154,1506,0.1388
352,1158,1510,0.1388
352,1162,1514,0.1388
344,1158,1502,0.1388
347,1159,1506,0.1388
346,1152,1498,0.1388
348,1169,1517,0.1388
349,1162,1511,0.1388
355,1165,1520,0.1388
356,1154,1510,0.1388
346,1156,1502,0.1388
343,1153,1496,0.1388
344,1140,1484,0.1388
348,1140,1488,0.1388
348,1166,1514,0.1388
348,1165,1513,0.1388
347,1177,1524,0.1388
345,1181,1526,0.1388
345,1174,1519,0.1388
349,1171,1520,0.1388
344,1164,1508,0.1388
339,1162,1501,0.1388
336,1176,1512,0.1388
333,1169,1502,0.1388
333,1166,1499,0.1388
331,1168,1499,0.1388
331,1184,1515,0.1388
328,1193,1521,0.1388
331,1192,1523,0.1388
333,1187,1520,0.1388
330,1182,1512,0.1388
329,1177,1506,0.1388
330,1182,1512,0.1388
331,1181,1512,0.1388
324,1186,1510,0.1388
321,1196,1517,0.1388
317,1194,1511,0.1388
322,1194,1516,0.1388
328,1197,1525,0.1388
320,1191,1511,0.1388
313,1194,1507,0.1388
306,1190,1496,0.1388
307,1188,1495,0.1388
307,1198,1505,0.1388
309,1203,1512,0.1388
309,1197,1506,0.1388
308,1193,1501,0.1388
306,1198,1504,0.1388
302,1204,1506,0.1388
303,1202,1505,0.1388
305,1205,1510,0.1388
303,1199,1502,0.1388
305,1197,1502,0.1388
306,1198,1504,0.1388
308,1208,1516,0.1388
304,1201,1505,0.1388
308,1201,1509,0.1388
313,1208,1521,0.1388
317,1206,1523,0.1388
311,1218,1529,0.1388
311,1212,1523,0.1388
311,1220,1531,0.1388
313,1217,1530,0.1388
311,1211,1522,0.1388
311,1209,1520,0.1388
309,1211,1520,0.1388
316,1197,1513,0.1388
318,1193,1511,0.1388
315,1187,1502,0.1388
314,1197,1511,0.1388
312,1201,1513,0.1388
313,1205,1518,0.1388
312,1197,1509,0.1388
308,1197,1505,0.1388
314,1197,1511,0.1388
312,1196,1508,0.1388
313,1197,1510,0.1388
310,1202,1512,0.1388
307,1220,1527,0.1388
300,1221,1521,0.1388
303,1209,1512,0.1388
308,1209,1517,0.1388
308,1205,1513,0.1388
303,1212,1515,0.1388
306,1206,1512,0.1388
302,1221,1523,0.1388
299,1223,1522,0.1388
295,1239,1534,0.1388
292,1228,1520,0.1388
289,1232,1521,0.1388
285,1229,1514,0.1388
285,1233,1518,0.1388
285,1235,1520,0.1388
282,1245,1527,0.1388
281,1232,1513,0.1388
281,1220,1501,0.1388
285,1231,1516,0.1388
280,1227,1507,0.1388
284,1216,1500,0.1388
286,1232,1518,0.1388
284,1237,1521,0.1388
281,1238,1519,0.1388
283,1240,1523,0.1388
281,1227,1508,0.1388
281,1239,1520,0.1388
278,1234,1512,0.1388
276,1231,1507,0.1388
282,1244,1526,0.1388
276,1242,1518,0.1388
276,1239,1515,0.1388
271,1245,1516,0.1388
271,1247,1518,0.1388
272,1241,1513,0.1388
277,1230,1507,0.1388
276,1241,1517,0.1388
274,1238,1512,0.1388
269,1231,1500,0.1388
268,1230,1498,0.1388
268,1235,1503,0.1388
272,1243,1515,0.1388
271,1237,1508,0.1388
270,1235,1505,0.1388
267,1237,1504,0.1388
264,1247,1511,0.1388
260,1253,1513,0.1388
257,1270,1527,0.1388
255,1273,1528,0.1388
257,1254,1511,0.1388
253,1259,1512,0.1388
259,1265,1524,0.1388
258,1268,1526,0.1388
262,1256,1518,0.1388
261,1252,1513,0.1388
253,1259,1512,0.1388
255,1253,1508,0.1388
253,1250,1503,0.1388
255,1244,1499,0.1388
257,1242,1499,0.1388
253,1251,1504,0.1388
251,1273,1524,0.1388
249,1263,1512,0.1388
245,1271,1516,0.1388
247,1272,1519,0.1388
242,1266,1508,0.1388
245,1271,1516,0.1388
243,1284,1527,0.1388
244,1273,1517,0.1388
239,1280,1519,0.1388
241,1286,1527,0.1388
239,1283,1522,0.1388
243,1274,1517,0.1388
242,1277,1519,0.1388
246,1275,1521,0.1388
245,1270,1515,0.1388
244,1276,1520,0.1388
239,1276,1515,0.1388
238,1263,1501,0.1388
235,1261,1496,0.1388
235,1257,1492,0.1388
234,1276,1510,0.1388
233,1278,1511,0.1388
239,1273,1512,0.1388
236,1277,1513,0.1388
238,1267,1505,0.1388
238,1274,1512,0.1388
237,1278,1515,0.1388
238,1285,1523,0.1388
239,1274,1513,0.1388
238,1278,1516,0.1388
244,1277,1521,0.1388
239,1272,1511,0.1388
236,1271,1507,0.1388
240,1268,1508,0.1388
237,1269,1506,0.1388
246,1264,1510,0.1388
249,1267,1516,0.1388
248,1270,1518,0.1388
247,1275,1522,0.1388
245,1264,1509,0.1388
240,1265,1505,0.1388
242,1270,1512,0.1388
241,1269,1510,0.1388
242,1271,1513,0.1388
246,1279,1525,0.1388
244,1283,1527,0.1388
243,1278,1521,0.1388
241,1271,1512,0.1388
238,1275,1513,0.1388
240,1273,1513,0.1388
239,1283,1522,0.1388
234,1276,1510,0.1388
232,1271,1503,0.1388
235,1269,1504,0.1388
233,1267,1500,0.1388
232,1275,1507,0.1388
226,1278,1504,0.1388
227,1302,1529,0.1388
225,1302,1527,0.1388
220,1302,1522,0.1388
218,1304,1522,0.1388
221,1302,1523,0.1388
220,1300,1520,0.1388
217,1291,1508,0.1388
216,1293,1509,0.1388
217,1298,1515,0.1388
214,1295,1509,0.1388
208,1282,1490,0.1388
206,1284,1490,0.1388
210,1286,1496,0.1388
212,1290,1502,0.1388
209,1311,1520,0.1388
207,1317,1524,0.1388
206,1313,1519,0.1388
207,1298,1505,0.1388
209,1297,1506,0.1388
207,1292,1499,0.1388
200,1295,1495,0.1388
202,1302,1504,0.1388
201,1302,1503,0.1388
201,1297,1498,0.1388
202,1316,1518,0.1388
209,1316,1525,0.1388
208,1308,1516,0.1388
209,1301,1510,0.1388
211,1298,1509,0.1388
211,1295,1506,0.1388
204,1293,1497,0.1388
200,1290,1490,0.1388
199,1294,1493,0.1388
195,1300,1495,0.1388
198,1312,1510,0.1388
190,1314,1504,0.1388
193,1309,1502,0.1388
187,1318,1505,0.1388
188,1325,1513,0.1388
189,1325,1514,0.1388
189,1330,1519,0.1388
187,1337,1524,0.1388
186,1326,1512,0.1388
183,1337,1520,0.1388
186,1323,1509,0.1388
183,1329,1512,0.1388
180,1324,1504,0.1388
183,1321,1504,0.1388
181,1324,1505,0.1388
181,1322,1503,0.1388
180,1325,1505,0.1388
181,1322,1503,0.1388
176,1316,1492,0.1388
177,1321,1498,0.1388
170,1331,1501,0.1388
171,1335,1506,0.1388
171,1341,1512,0.1388
171,1357,1528,0.1388
168,1351,1519,0.1388
170,1333,1503,0.1388
167,1335,1502,0.1388
175,1348,1523,0.1388
170,1345,1515,0.1388
169,1322,1491,0.1388
168,1332,1500,0.1388
167,1340,1507,0.1388
167,1336,1503,0.1388
168,1341,1509,0.1388
165,1343,1508,0.1388
167,1334,1501,0.1388
170,1335,1505,0.1388
170,1334,1504,0.1388
164,1349,1513,0.1388
161,1353,1514,0.1388
163,1349,1512,0.1388
164,1348,1512,0.1388
163,1360,1523,0.1388
162,1359,1521,0.1388
159,1355,1514,0.1388
153,1350,1503,0.1388
154,1353,1507,0.1388
156,1356,1512,0.1388
154,1359,1513,0.1388
152,1358,1510,0.1388
151,1360,1511,0.1388
147,1375,1522,0.1388
144,1363,1507,0.1388
150,1357,1507,0.1388
144,1362,1506,0.1388
146,1376,1522,0.1388
144,1373,1517,0.1388
148,1371,1519,0.1388
145,1374,1519,0.1388
146,1363,1509,0.1388
143,1378,1521,0.1388
138,1381,1519,0.1388
139,1375,1514,0.1388
137,1378,1515,0.1388
137,1369,1506,0.1388
137,1366,1503,0.1388
133,1384,1517,0.1388
130,1380,1510,0.1388
128,1378,1506,0.1388
125,1382,1507,0.1388
125,1390,1515,0.1388
127,1389,1516,0.1388
122,1383,1505,0.1388
120,1394,1514,0.1388
121,1408,1529,0.1388
117,1410,1527,0.1388
116,1402,1518,0.1388
119,1413,1532,0.1388
117,1413,1530,0.1388
119,1403,1522,0.1388
114,1403,1517,0.1388
111,1406,1517,0.1388
112,1404,1516,0.1388
113,1405,1518,0.1388
112,1405,1517,0.1388
113,1407,1520,0.1388
110,1400,1510,0.1388
113,1401,1514,0.1388
111,1383,1494,0.1388
110,1387,1497,0.1388
109,1405,1514,0.1388
111,1403,1514,0.1388
111,1406,1517,0.1388
106,1393,1499,0.1388
107,1383,1490,0.1388
112,1399,1511,0.1388
115,1404,1519,0.1388
112,1407,1519,0.1388
109,1412,1521,0.1388
110,1414,1524,0.1388
110,1419,1529,0.1388
114,1416,1530,0.1388
114,1405,1519,0.1388
117,1410,1527,0.1388
118,1393,1511,0.1388
119,1386,1505,0.1388
121,1393,1514,0.1388
124,1403,1527,0.1388
126,1387,1513,0.1388
124,1384,1508,0.1388
122,1396,1518,0.1388
123,1397,1520,0.1388
123,1398,1521,0.1388
127,1392,1519,0.1388
126,1396,1522,0.1388
127,1400,1527,0.1388
128,1395,1523,0.1388
125,1395,1520,0.1388
129,1410,1539,0.1388
129,1384,1513,0.1388
124,1388,1512,0.1388
122,1378,1500,0.1388
126,1387,1513,0.1388
124,1377,1501,0.1388
123,1382,1505,0.1388
119,1388,1507,0.1388
122,1391,1513,0.1388
122,1396,1518,0.1388
120,1389,1509,0.1388
117,1392,1509,0.1388
119,1378,1497,0.1388
123,1384,1507,0.1388
123,1393,1516,0.1388
119,1394,1513,0.1388
119,1390,1509,0.1388
118,1383,1501,0.1388
120,1396,1516,0.1388
118,1383,1501,0.1388
119,1397,1516,0.1388
117,1394,1511,0.1388
117,1412,1529,0.1388
115,1410,1525,0.1388
111,1406,1517,0.1388
113,1407,1520,0.1388
112,1393,1505,0.1388
114,1400,1514,0.1388
112,1397,1509,0.1388
115,1406,1521,0.1388
115,1413,1528,0.1388
113,1412,1525,0.1388
113,1410,1523,0.1388
109,1405,1514,0.1388
110,1411,1521,0.1388
110,1417,1527,0.1388
111,1412,1523,0.1388
111,1396,1507,0.1388
112,1397,1509,0.1388
106,1392,1498,0.1388
112,1407,1519,0.1388
115,1402,1517,0.1388
116,1393,1509,0.1388
117,1386,1503,0.1388
115,1396,1511,0.1388
116,1394,1510,0.1388
120,1392,1512,0.1388
116,1393,1509,0.1388
119,1393,1512,0.1388
120,1398,1518,0.1388
123,1404,1527,0.1388
123,1400,1523,0.1388
119,1384,1503,0.1388
117,1368,1485,0.1388
115,1363,1478,0.1388
115,1371,1486,0.1388
119,1383,1502,0.1388
119,1387,1506,0.1388
121,1389,1510,0.1388
121,1390,1511,0.1388
121,1391,1512,0.1388
122,1384,1506,0.1388
122,1383,1505,0.1388
118,1387,1505,0.1388
120,1393,1513,0.1388
122,1387,1509,0.1388
121,1402,1523,0.1388
118,1392,1510,0.1388
120,1390,1510,0.1388
122,1407,1529,0.1388
120,1405,1525,0.1388
119,1395,1514,0.1388
122,1390,1512,0.1388
118,1390,1508,0.1388
116,1390,1506,0.1388
117,1397,1514,0.1388
118,1398,1516,0.1388
119,1390,1509,0.1388
119,1401,1520,0.1388
122,1400,1522,0.1388
119,1397,1516,0.1388
116,1393,1509,0.1388
117,1395,1512,0.1388
117,1395,1512,0.1388
110,1408,1518,0.1388
112,1414,1526,0.1388
114,1411,1525,0.1388
117,1409,1526,0.1388
117,1398,1515,0.1388
114,1410,1524,0.1388
113,1411,1524,0.1388
116,1390,1506,0.1388
114,1398,1512,0.1388
110,1426,1536,0.1388
108,1416,1524,0.1388
105,1408,1513,0.1388
104,1409,1513,0.1388
104,1417,1521,0.1388
104,1402,1506,0.1388
105,1394,1499,0.1388
104,1405,1509,0.1388
102,1403,1505,0.1388
103,1395,1498,0.1388
106,1398,1504,0.1388
104,1410,1514,0.1388
103,1401,1504,0.1388
102,1418,1520,0.1388
104,1422,1526,0.1388
106,1413,1519,0.1388
108,1411,1519,0.1388
109,1405,1514,0.1388
110,1405,1515,0.1388
111,1418,1529,0.1388
107,1417,1524,0.1388
103,1414,1517,0.1388
100,1420,1520,0.1388
97,1408,1505,0.1388
95,1423,1518,0.1388
97,1412,1509,0.1388
95,1422,1517,0.1388
95,1424,1519,0.1388
94,1418,1512,0.1388
95,1418,1513,0.1388
93,1432,1525,0.1388
94,1426,1520,0.1388
91,1423,1514,0.1388
92,1418,1510,0.1388
93,1443,1536,0.1388
93,1436,1529,0.1388
94,1444,1538,0.1388
94,1436,1530,0.1388
93,1440,1533,0.1388
91,1421,1512,0.1388
89,1410,1499,0.1388
92,1416,1508,0.1388
91,1419,1510,0.1388
92,1415,1507,0.1388
89,1424,1513,0.1388
93,1418,1511,0.1388
96,1420,1516,0.1388
93,1421,1514,0.1388
94,1413,1507,0.1388
96,1417,1513,0.1388
98,1423,1521,0.1388
95,1426,1521,0.1388
97,1412,1509,0.1388
95,1409,1504,0.1388
94,1420,1514,0.1388
93,1424,1517,0.1388
93,1428,1521,0.1388
96,1437,1533,0.1388
93,1445,1538,0.1388
94,1420,1514,0.1388
93,1433,1526,0.1388
94,1428,1522,0.1388
94,1422,1516,0.1388
97,1424,1521,0.1388
96,1411,1507,0.1388
96,1423,1519,0.1388
95,1421,1516,0.1388
94,1423,1517,0.1388
95,1416,1511,0.1388
95,1418,1513,0.1388
92,1420,1512,0.1388
90,1433,1523,0.1388
92,1424,1516,0.1388
88,1420,1508,0.1388
87,1425,1512,0.1388
85,1413,1498,0.1388
86,1403,1489,0.1388
87,1415,1502,0.1388
92,1422,1514,0.1388
89,1431,1520,0.1388
90,1424,1514,0.1388
87,1429,1516,0.1388
91,1426,1517,0.1388
92,1448,1540,0.1388
89,1442,1531,0.1388
87,1435,1522,0.1388
87,1441,1528,0.1388
86,1432,1518,0.1388
88,1427,1515,0.1388
87,1419,1506,0.1388
89,1422,1511,0.1388
87,1422,1509,0.1388
87,1416,1503,0.1388
88,1410,1498,0.1388
85,1422,1507,0.1388
82,1437,1519,0.1388
82,1444,1526,0.1388
84,1431,1515,0.1388
85,1435,1520,0.1388
83,1425,1508,0.1388
85,1428,1513,0.1388
83,1424,1507,0.1388
80,1420,1500,0.1388
79,1421,1500,0.1388
79,1430,1509,0.1388
78,1420,1498,0.1388
76,1434,1510,0.1388
73,1431,1504,0.1388
75,1436,1511,0.1388
76,1442,1518,0.1388
74,1437,1511,0.1388
77,1438,1515,0.1388
76,1439,1515,0.1388
77,1442,1519,0.1388
74,1446,1520,0.1388
73,1447,1520,0.1388
68,1440,1508,0.1388
67,1442,1509,0.1388
64,1444,1508,0.1388
64,1438,1502,0.1388
67,1437,1504,0.1388
66,1440,1506,0.1388
67,1449,1516,0.1388
65,1460,1525,0.1388
67,1457,1524,0.1388
68,1445,1513,0.1388
67,1443,1510,0.1388
66,1452,1518,0.1388
66,1438,1504,0.1388
70,1449,1519,0.1388
72,1428,1500,0.1388
67,1434,1501,0.1388
64,1426,1490,0.1388
65,1453,1518,0.1388
63,1459,1522,0.1388
65,1448,1513,0.1388
66,1447,1513,0.1388
69,1435,1504,0.1388
69,1440,1509,0.1388
69,1432,1501,0.1388
67,1442,1509,0.1388
65,1437,1502,0.1388
64,1443,1507,0.1388
66,1443,1509,0.1388
66,1438,1504,0.1388
66,1449,1515,0.1388
64,1463,1527,0.1388
64,1467,1531,0.1388
65,1469,1534,0.1388
64,1461,1525,0.1388
63,1460,1523,0.1388
60,1453,1513,0.1388
60,1448,1508,0.1388
59,1442,1501,0.1388
58,1441,1499,0.1388
62,1452,1514,0.1388
62,1450,1512,0.1388
62,1440,1502,0.1388
63,1455,1518,0.1388
63,1451,1514,0.1388
60,1455,1515,0.1388
61,1460,1521,0.1388
63,1465,1528,0.1388
60,1462,1522,0.1388
61,1456,1517,0.1388
58,1451,1509,0.1388
58,1457,1515,0.1388
59,1468,1527,0.1388
57,1466,1523,0.1388
58,1473,1531,0.1388
59,1461,1520,0.1388
56,1460,1516,0.1388
56,1466,1522,0.1388
55,1459,1514,0.1388
58,1442,1500,0.1388
59,1463,1522,0.1388
58,1467,1525,0.1388
59,1462,1521,0.1388
61,1451,1512,0.1388
60,1450,1510,0.1388
62,1453,1515,0.1388
61,1457,1518,0.1388
60,1468,1528,0.1388
65,1462,1527,0.1388
61,1469,1530,0.1388
62,1474,1536,0.1388
61,1467,1528,0.1388
58,1472,1530,0.1388
58,1460,1518,0.1388
57,1461,1518,0.1388
53,1469,1522,0.1388
52,1466,1518,0.1388
49,1479,1528,0.1388
51,1476,1527,0.1388
51,1484,1535,0.1388
46,1483,1529,0.1388
45,1476,1521,0.1388
46,1474,1520,0.1388
45,1458,1503,0.1388
47,1454,1501,0.1388
44,1454,1498,0.1388
45,1446,1491,0.1388
48,1466,1514,0.1388
49,1480,1529,0.1388
50,1484,1534,0.1388
51,1476,1527,0.1388
49,1461,1510,0.1388
47,1455,1502,0.1388
44,1463,1507,0.1388
42,1474,1516,0.1388
45,1464,1509,0.1388
44,1457,1501,0.1388
45,1471,1516,0.1388
45,1465,1510,0.1388
46,1463,1509,0.1388
44,1462,1506,0.1388
45,1467,1512,0.1388
44,1459,1503,0.1388
44,1463,1507,0.1388
44,1468,1512,0.1388
43,1475,1518,0.1388
39,1470,1509,0.1388
38,1471,1509,0.1388
40,1483,1523,0.1388
41,1484,1525,0.1388
42,1478,1520,0.1388
41,1482,1523,0.1388
41,1471,1512,0.1388
39,1466,1505,0.1388
37,1467,1504,0.1388
37,1478,1515,0.1388
34,1474,1508,0.1388
36,1481,1517,0.1388
36,1487,1523,0.1388
34,1489,1523,0.1388
32,1489,1521,0.1388
33,1503,1536,0.1388
32,1494,1526,0.1388
32,1498,1530,0.1388
30,1494,1524,0.1388
30,1494,1524,0.1388
28,1495,1523,0.1388
30,1481,1511,0.1388
31,1472,1503,0.1388
31,1480,1511,0.1388
30,1475,1505,0.1388
31,1500,1531,0.1388
29,1495,1524,0.1388
27,1485,1512,0.1388
27,1495,1522,0.1388
27,1495,1522,0.1388
26,1495,1521,0.1388
25,1505,1530,0.1388
26,1506,1532,0.1388
27,1498,1525,0.1388
27,1499,1526,0.1388
26,1497,1523,0.1388
24,1489,1513,0.1388
24,1483,1507,0.1388
23,1495,1518,0.1388
22,1496,1518,0.1388
21,1509,1530,0.1388
22,1507,1529,0.1388
22,1512,1534,0.1388
22,1516,1538,0.1388
20,1505,1525,0.1388
20,1509,1529,0.1388
19,1486,1505,0.1388
20,1487,1507,0.1388
20,1482,1502,0.1388
21,1492,1513,0.1388
22,1487,1509,0.1388
22,1479,1501,0.1388
22,1471,1493,0.1388
21,1480,1501,0.1388
22,1474,1496,0.1388
21,1482,1503,0.1388
20,1484,1504,0.1388
20,1494,1514,0.1388
20,1504,1524,0.1388
20,1511,1531,0.1388
20,1497,1517,0.1388
20,1485,1505,0.1388
19,1497,1516,0.1388
18,1494,1512,0.1388
19,1491,1510,0.1388
17,1501,1518,0.1388
16,1502,1518,0.1388
15,1486,1501,0.1388
15,1491,1506,0.1388
15,1488,1503,0.1388
14,1488,1502,0.1388
17,1479,1496,0.1388
17,1498,1515,0.1388
17,1491,1508,0.1388
17,1485,1502,0.1388
17,1480,1497,0.1388
16,1487,1503,0.1388
17,1488,1505,0.1388
17,1494,1511,0.1388
17,1500,1517,0.1388
17,1506,1523,0.1388
17,1509,1526,0.1388
17,1496,1513,0.1388
18,1483,1501,0.1388
16,1495,1511,0.1388
17,1506,1523,0.1388
17,1500,1517,0.1388
17,1495,1512,0.1388
18,1489,1507,0.1388
20,1502,1522,0.1388
21,1495,1516,0.1388
20,1498,1518,0.1388
20,1499,1519,0.1388
21,1494,1515,0.1388
21,1498,1519,0.1388
21,1496,1517,0.1388
21,1495,1516,0.1388
20,1496,1516,0.1388
20,1490,1510,0.1388
20,1498,1518,0.1388
20,1513,1533,0.1388
19,1509,1528,0.1388
20,1492,1512,0.1388
20,1491,1511,0.1388
19,1481,1500,0.1388
19,1478,1497,0.1388
18,1487,1505,0.1388
18,1499,1517,0.1388
17,1505,1522,0.1388
16,1492,1508,0.1388
17,1506,1523,0.1388
18,1498,1516,0.1388
18,1500,1518,0.1388
17,1489,1506,0.1388
17,1487,1504,0.1388
15,1499,1514,0.1388
15,1500,1515,0.1388
17,1489,1506,0.1388
18,1492,1510,0.1388
16,1497,1513,0.1388
17,1498,1515,0.1388
16,1510,1526,0.1388
16,1510,1526,0.1388
16,1503,1519,0.1388
15,1508,1523,0.1388
15,1495,1510,0.1388
14,1506,1520,0.1388
16,1511,1527,0.1388
16,1507,1523,0.1388
18,1504,1522,0.1388
18,1508,1526,0.1388
18,1504,1522,0.1388
18,1489,1507,0.1388
18,1492,1510,0.1388
18,1486,1504,0.1388
17,1493,1510,0.1388
19,1496,1515,0.1388
18,1486,1504,0.1388
16,1500,1516,0.1388
15,1506,1521,0.1388
14,1510,1524,0.1388
13,1511,1524,0.1388
12,1517,1529,0.1388
11,1523,1534,0.1388
11,1510,1521,0.1388
11,1504,1515,0.1388
11,1497,1508,0.1388
12,1493,1505,0.1388
13,1502,1515,0.1388
13,1497,1510,0.1388
13,1497,1510,0.1388
13,1487,1500,0.1388
13,1503,1516,0.1388
13,1495,1508,0.1388
12,1496,1508,0.1388
12,1500,1512,0.1388
12,1494,1506,0.1388
11,1500,1511,0.1388
11,1504,1515,0.1388
10,1503,1513,0.1388
10,1507,1517,0.1388
10,1510,1520,0.1388
10,1512,1522,0.1388
11,1514,1525,0.1388
9,1531,1540,0.1388
9,1518,1527,0.1388
10,1516,1526,0.1388
9,1501,1510,0.1388
9,1499,1508,0.1388
9,1501,1510,0.1388
10,1505,1515,0.1388
9,1516,1525,0.1388
9,1516,1525,0.1388
9,1510,1519,0.1388
9,1507,1516,0.1388
9,1499,1508,0.1388
9,1504,1513,0.1388
9,1503,1512,0.1388
10,1518,1528,0.1388
10,1505,1515,0.1388
9,1494,1503,0.1388
9,1489,1498,0.1388
10,1488,1498,0.1388
10,1476,1486,0.1388
10,1491,1501,0.1388
10,1495,1505,0.1388
10,1495,1505,0.1388
10,1498,1508,0.1388
9,1487,1496,0.1388
9,1486,1495,0.1388
9,1489,1498,0.1388
9,1482,1491,0.1388
9,1489,1498,0.1388
9,1495,1504,0.1388
10,1496,1506,0.1388
9,1507,1516,0.1388
9,1502,1511,0.1388
9,1508,1517,0.1388
11,1504,1515,0.1388
11,1519,1530,0.1388
11,1507,1518,0.1388
10,1512,1522,0.1388
9,1518,1527,0.1388
9,1517,1526,0.1388
8,1521,1529,0.1388
8,1510,1518,0.1388
7,1512,1519,0.1388
7,1517,1524,0.1388
7,1512,1519,0.1388
8,1496,1504,0.1388
8,1499,1507,0.1388
7,1507,1514,0.1388
6,1509,1515,0.1388
6,1514,1520,0.1388
6,1531,1537,0.1388
6,1524,1530,0.1388
6,1512,1518,0.1388
6,1512,1518,0.1388
6,1513,1519,0.1388
6,1511,1517,0.1388
7,1512,1519,0.1388
8,1519,1527,0.1388
6,1527,1533,0.1388
6,1516,1522,0.1388
6,1509,1515,0.1388
6,1518,1524,0.1388
6,1516,1522,0.1388
6,1498,1504,0.1388
6,1506,1512,0.1388
6,1518,1524,0.1388
5,1513,1518,0.1388
5,1511,1516,0.1388
6,1506,1512,0.1388
5,1500,1505,0.1388
5,1500,1505,0.1388
5,1515,1520,0.1388
4,1515,1519,0.1388
4,1508,1512,0.1388
4,1492,1496,0.1388
4,1508,1512,0.1388
4,1506,1510,0.1388
4,1514,1518,0.1388
4,1515,1519,0.1388
3,1515,1518,0.1388
3,1515,1518,0.1388
2,1514,1516,0.1388
2,1518,1520,0.1388
1,1497,1498,0.1388
1,1494,1495,0.1388
1,1496,1497,0.1388
2,1501,1503,0.1388
2,1507,1509,0.1388
2,1498,1500,0.1388
2,1514,1516,0.1388
2,1517,1519,0.1388
2,1512,1514,0.1388
2,1520,1522,0.1388
2,1516,1518,0.1388
2,1515,1517,0.1388
2,1522,1524,0.1388
2,1529,1531,0.1388
2,1524,1526,0.1388
2,1530,1532,0.1388
2,1521,1523,0.1388
2,1512,1514,0.1388
2,1519,1521,0.1388
2,1521,1523,0.1388
2,1518,1520,0.1388
2,1516,1518,0.1388
2,1512,1514,0.1388
2,1507,1509,0.1388
2,1510,1512,0.1388
2,1513,1515,0.1388
2,1509,1511,0.1388
3,1514,1517,0.1388
3,1514,1517,0.1388
3,1522,1525,0.1388
3,1531,1534,0.1388
3,1518,1521,0.1388
4,1517,1521,0.1388
4,1506,1510,0.1388
4,1504,1508,0.1388
5,1515,1520,0.1388
5,1507,1512,0.1388
5,1518,1523,0.1388
5,1514,1519,0.1388
5,1519,1524,0.1388
5,1515,1520,0.1388
6,1514,1520,0.1388
6,1515,1521,0.1388
6,1509,1515,0.1388
6,1511,1517,0.1388
6,1515,1521,0.1388
6,1507,1513,0.1388
6,1500,1506,0.1388
6,1508,1514,0.1388
7,1497,1504,0.1388
7,1498,1505,0.1388
7,1504,1511,0.1388
7,1514,1521,0.1388
6,1516,1522,0.1388
5,1506,1511,0.1388
5,1518,1523,0.1388
5,1516,1521,0.1388
5,1505,1510,0.1388
5,1513,1518,0.1388
5,1508,1513,0.1388
4,1505,1509,0.1388
5,1514,1519,0.1388
6,1515,1521,0.1388
6,1505,1511,0.1388
6,1507,1513,0.1388
6,1498,1504,0.1388
6,1495,1501,0.1388
8,1479,1487,0.1388
8,1486,1494,0.1388
8,1475,1483,0.1388
8,1488,1496,0.1388
9,1497,1506,0.1388
8,1499,1507,0.1388
9,1512,1521,0.1388
9,1505,1514,0.1388
9,1520,1529,0.1388
10,1513,1523,0.1388
10,1498,1508,0.1388
8,1484,1492,0.1388
8,1492,1500,0.1388
8,1506,1514,0.1388
8,1512,1520,0.1388
8,1515,1523,0.1388
8,1525,1533,0.1388
9,1519,1528,0.1388
9,1526,1535,0.1388
9,1515,1524,0.1388
9,1507,1516,0.1388
10,1497,1507,0.1388
10,1506,1516,0.1388
10,1504,1514,0.1388
10,1512,1522,0.1388
11,1515,1526,0.1388
11,1517,1528,0.1388
11,1526,1537,0.1388
11,1525,1536,0.1388
12,1517,1529,0.1388
12,1519,1531,0.1388
11,1506,1517,0.1388
11,1500,1511,0.1388
10,1502,1512,0.1388
11,1505,1516,0.1388
11,1502,1513,0.1388
11,1496,1507,0.1388
10,1506,1516,0.1388
10,1517,1527,0.1388
10,1504,1514,0.1388
10,1498,1508,0.1388
10,1499,1509,0.1388
10,1495,1505,0.1388
10,1494,1504,0.1388
10,1511,1521,0.1388
9,1503,1512,0.1388
9,1502,1511,0.1388
9,1518,1527,0.1388
9,1510,1519,0.1388
8,1501,1509,0.1388
8,1511,1519,0.1388
8,1499,1507,0.1388
8,1492,1500,0.1388
7,1497,1504,0.1388
7,1498,1505,0.1388
7,1498,1505,0.1388
6,1511,1517,0.1388
8,1513,1521,0.1388
8,1526,1534,0.1388
8,1519,1527,0.1388
9,1510,1519,0.1388
9,1507,1516,0.1388
9,1498,1507,0.1388
8,1508,1516,0.1388
8,1512,1520,0.1388
8,1503,1511,0.1388
8,1524,1532,0.1388
7,1527,1534,0.1388
7,1533,1540,0.1388
7,1514,1521,0.1388
7,1507,1514,0.1388
7,1501,1508,0.1388
7,1513,1520,0.1388
7,1506,1513,0.1388
7,1518,1525,0.1388
7,1508,1515,0.1388
7,1523,1530,0.1388
7,1511,1518,0.1388
7,1510,1517,0.1388
7,1515,1522,0.1388
6,1532,1538,0.1388
5,1534,1539,0.1388
4,1535,1539,0.1388
4,1508,1512,0.1388
3,1514,1517,0.1388
4,1504,1508,0.1388
4,1513,1517,0.1388
3,1518,1521,0.1388
4,1524,1528,0.1388
4,1527,1531,0.1388
5,1527,1532,0.1388
5,1524,1529,0.1388
5,1521,1526,0.1388
5,1515,1520,0.1388
5,1513,1518,0.1388
5,1507,1512,0.1388
4,1508,1512,0.1388
5,1509,1514,0.1388
5,1518,1523,0.1388
4,1513,1517,0.1388
4,1503,1507,0.1388
4,1508,1512,0.1388
4,1520,1524,0.1388
4,1516,1520,0.1388
5,1508,1513,0.1388
4,1505,1509,0.1388
4,1501,1505,0.1388
6,1503,1509,0.1388
6,1480,1486,0.1388
6,1491,1497,0.1388
6,1499,1505,0.1388
6,1504,1510,0.1388
7,1506,1513,0.1388
7,1507,1514,0.1388
7,1497,1504,0.1388
7,1504,1511,0.1388
7,1510,1517,0.1388
7,1499,1506,0.1388
7,1508,1515,0.1388
6,1517,1523,0.1388
6,1518,1524,0.1388
6,1517,1523,0.1388
6,1526,1532,0.1388
6,1515,1521,0.1388
7,1491,1498,0.1388
6,1509,1515,0.1388
6,1517,1523,0.1388
6,1515,1521,0.1388
7,1502,1509,0.1388
7,1506,1513,0.1388
7,1513,1520,0.1388
7,1511,1518,0.1388
8,1507,1515,0.1388
8,1515,1523,0.1388
8,1515,1523,0.1388
8,1516,1524,0.1388
8,1512,1520,0.1388
9,1511,1520,0.1388
7,1510,1517,0.1388
7,1514,1521,0.1388
9,1516,1525,0.1388
9,1517,1526,0.1388
8,1505,1513,0.1388
8,1494,1502,0.1388
7,1508,1515,0.1388
7,1503,1510,0.1388
8,1493,1501,0.1388
8,1504,1512,0.1388
9,1514,1523,0.1388
8,1511,1519,0.1388
9,1518,1527,0.1388
9,1505,1514,0.1388
9,1514,1523,0.1388
9,1505,1514,0.1388
8,1511,1519,0.1388
9,1509,1518,0.1388
10,1497,1507,0.1388
10,1504,1514,0.1388
11,1494,1505,0.1388
11,1497,1508,0.1388
11,1505,1516,0.1388
11,1507,1518,0.1388
11,1506,1517,0.1388
11,1505,1516,0.1388
11,1509,1520,0.1388
11,1506,1517,0.1388
11,1518,1529,0.1388
11,1509,1520,0.1388
10,1508,1518,0.1388
10,1494,1504,0.1388
10,1492,1502,0.1388
9,1501,1510,0.1388
11,1509,1520,0.1388
8,1509,1517,0.1388
9,1507,1516,0.1388
10,1510,1520,0.1388
10,1500,1510,0.1388
10,1503,1513,0.1388
10,1506,1516,0.1388
10,1497,1507,0.1388
10,1507,1517,0.1388
10,1522,1532,0.1388
9,1515,1524,0.1388
9,1506,1515,0.1388
9,1503,1512,0.1388
10,1506,1516,0.1388
10,1497,1507,0.1388
10,1503,1513,0.1388
9,1518,1527,0.1388
8,1518,1526,0.1388
8,1517,1525,0.1388
9,1503,1512,0.1388
10,1512,1522,0.1388
9,1515,1524,0.1388
9,1514,1523,0.1388
8,1508,1516,0.1388
8,1497,1505,0.1388
8,1500,1508,0.1388
7,1498,1505,0.1388
7,1502,1509,0.1388
7,1502,1509,0.1388
7,1525,1532,0.1388
7,1521,1528,0.1388
7,1509,1516,0.1388
8,1511,1519,0.1388
9,1501,1510,0.1388
9,1514,1523,0.1388
9,1508,1517,0.1388
9,1505,1514,0.1388
9,1514,1523,0.1388
9,1519,1528,0.1388
9,1505,1514,0.1388
8,1505,1513,0.1388
8,1500,1508,0.1388
8,1490,1498,0.1388
9,1504,1513,0.1388
8,1501,1509,0.1388
8,1506,1514,0.1388
8,1507,1515,0.1388
8,1507,1515,0.1388
8,1519,1527,0.1388
7,1525,1532,0.1388
7,1530,1537,0.1388
8,1536,1544,0.1388
8,1518,1526,0.1388
8,1515,1523,0.1388
8,1520,1528,0.1388
8,1529,1537,0.1388
7,1518,1525,0.1388
7,1508,1515,0.1388
8,1507,1515,0.1388
7,1500,1507,0.1388
7,1498,1505,0.1388
7,1499,1506,0.1388
7,1502,1509,0.1388
7,1510,1517,0.1388
6,1515,1521,0.1388
6,1497,1503,0.1388
5,1503,1508,0.1388
5,1508,1513,0.1388
5,1515,1520,0.1388
5,1507,1512,0.1388
5,1521,1526,0.1388
5,1511,1516,0.1388
6,1511,1517,0.1388
6,1515,1521,0.1388
6,1508,1514,0.1388
6,1491,1497,0.1388
6,1487,1493,0.1388
6,1487,1493,0.1388
7,1491,1498,0.1388
9,1500,1509,0.1388
8,1499,1507,0.1388
8,1485,1493,0.1388
9,1492,1501,0.1388
9,1497,1506,0.1388
9,1496,1505,0.1388
9,1498,1507,0.1388
8,1501,1509,0.1388
8,1507,1515,0.1388
8,1494,1502,0.1388
8,1491,1499,0.1388
9,1493,1502,0.1388
9,1499,1508,0.1388
8,1508,1516,0.1388
7,1514,1521,0.1388
7,1513,1520,0.1388
8,1520,1528,0.1388
8,1522,1530,0.1388
8,1514,1522,0.1388
8,1514,1522,0.1388
7,1516,1523,0.1388
7,1509,1516,0.1388
6,1502,1508,0.1388
7,1518,1525,0.1388
6,1513,1519,0.1388
6,1516,1522,0.1388
7,1519,1526,0.1388
7,1517,1524,0.1388
7,1518,1525,0.1388
7,1523,1530,0.1388
7,1518,1525,0.1388
7,1518,1525,0.1388
7,1514,1521,0.1388
7,1520,1527,0.1388
7,1508,1515,0.1388
7,1503,1510,0.1388
7,1509,1516,0.1388
7,1525,1532,0.1388
6,1510,1516,0.1388
6,1498,1504,0.1388
6,1507,1513,0.1388
6,1493,1499,0.1388
5,1496,1501,0.1388
5,1502,1507,0.1388
5,1511,1516,0.1388
4,1501,1505,0.1388
4,1503,1507,0.1388
5,1512,1517,0.1388
5,1493,1498,0.1388
5,1505,1510,0.1388
5,1506,1511,0.1388
5,1514,1519,0.1388
5,1505,1510,0.1388
7,1508,1515,0.1388
7,1513,1520,0.1388
7,1514,1521,0.1388
7,1514,1521,0.1388
6,1513,1519,0.1388
6,1513,1519,0.1388
6,1503,1509,0.1388
6,1502,1508,0.1388
6,1505,1511,0.1388
6,1501,1507,0.1388
7,1498,1505,0.1388
7,1501,1508,0.1388
6,1501,1507,0.1388
6,1515,1521,0.1388
6,1517,1523,0.1388
6,1524,1530,0.1388
6,1509,1515,0.1388
6,1506,1512,0.1388
6,1510,1516,0.1388
6,1502,1508,0.1388
6,1509,1515,0.1388
6,1503,1509,0.1388
6,1481,1487,0.1388
6,1509,1515,0.1388
6,1519,1525,0.1388
6,1525,1531,0.1388
6,1518,1524,0.1388
6,1514,1520,0.1388
6,1532,1538,0.1388
7,1520,1527,0.1388
7,1529,1536,0.1388
7,1528,1535,0.1388
7,1515,1522,0.1388
6,1505,1511,0.1388
7,1509,1516,0.1388
7,1509,1516,0.1388
7,1504,1511,0.1388
6,1503,1509,0.1388
6,1497,1503,0.1388
6,1504,1510,0.1388
6,1515,1521,0.1388
5,1513,1518,0.1388
6,1519,1525,0.1388
6,1513,1519,0.1388
6,1510,1516,0.1388
6,1504,1510,0.1388
6,1503,1509,0.1388
6,1520,1526,0.1388
6,1509,1515,0.1388
6,1514,1520,0.1388
6,1516,1522,0.1388
6,1511,1517,0.1388
6,1505,1511,0.1388
6,1503,1509,0.1388
6,1502,1508,0.1388
6,1488,1494,0.1388
7,1483,1490,0.1388
9,1494,1503,0.1388
8,1499,1507,0.1388
8,1514,1522,0.1388
8,1512,1520,0.1388
7,1510,1517,0.1388
8,1500,1508,0.1388
8,1503,1511,0.1388
8,1513,1521,0.1388
8,1498,1506,0.1388
7,1491,1498,0.1388
7,1500,1507,0.1388
8,1499,1507,0.1388
8,1501,1509,0.1388
9,1507,1516,0.1388
8,1509,1517,0.1388
8,1507,1515,0.1388
8,1519,1527,0.1388
8,1521,1529,0.1388
8,1510,1518,0.1388
8,1506,1514,0.1388
8,1502,1510,0.1388
9,1502,1511,0.1388
8,1508,1516,0.1388
8,1508,1516,0.1388
8,1513,1521,0.1388
8,1523,1531,0.1388
8,1526,1534,0.1388
9,1522,1531,0.1388
9,1508,1517,0.1388
9,1518,1527,0.1388
7,1519,1526,0.1388
7,1510,1517,0.1388
7,1508,1515,0.1388
7,1507,1514,0.1388
7,1505,1512,0.1388
7,1495,1502,0.1388
7,1495,1502,0.1388
7,1511,1518,0.1388
7,1498,1505,0.1388
7,1503,1510,0.1388
7,1520,1527,0.1388
6,1519,1525,0.1388
6,1515,1521,0.1388
6,1515,1521,0.1388
7,1510,1517,0.1388
7,1508,1515,0.1388
7,1503,1510,0.1388
7,1502,1509,0.1388
8,1516,1524,0.1388
8,1507,1515,0.1388
8,1504,1512,0.1388
7,1494,1501,0.1388
7,1503,1510,0.1388
7,1500,1507,0.1388
8,1515,1523,0.1388
8,1512,1520,0.1388
8,1514,1522,0.1388
8,1509,1517,0.1388
7,1508,1515,0.1388
7,1520,1527,0.1388
7,1519,1526,0.1388
7,1507,1514,0.1388
7,1523,1530,0.1388
6,1514,1520,0.1388
6,1518,1524,0.1388
6,1513,1519,0.1388
6,1505,1511,0.1388
6,1511,1517,0.1388
6,1510,1516,0.1388
6,1516,1522,0.1388
6,1514,1520,0.1388
6,1522,1528,0.1388
6,1516,1522,0.1388
6,1523,1529,0.1388
6,1510,1516,0.1388
6,1513,1519,0.1388
6,1504,1510,0.1388
6,1506,1512,0.1388
7,1500,1507,0.1388
7,1505,1512,0.1388
6,1509,1515,0.1388
6,1515,1521,0.1388
6,1516,1522,0.1388
6,1513,1519,0.1388
6,1513,1519,0.1388
6,1528,1534,0.1388
6,1519,1525,0.1388
6,1520,1526,0.1388
7,1521,1528,0.1388
7,1520,1527,0.1388
7,1521,1528,0.1388
7,1526,1533,0.1388
6,1515,1521,0.1388
7,1528,1535,0.1388
7,1515,1522,0.1388
6,1519,1525,0.1388
6,1501,1507,0.1388
6,1485,1491,0.1388
7,1505,1512,0.1388
6,1509,1515,0.1388
6,1503,1509,0.1388
6,1512,1518,0.1388
6,1512,1518,0.1388
6,1520,1526,0.1388
6,1518,1524,0.1388
6,1507,1513,0.1388
6,1503,1509,0.1388
5,1500,1505,0.1388
6,1502,1508,0.1388
7,1510,1517,0.1388
8,1507,1515,0.1388
8,1504,1512,0.1388
8,1503,1511,0.1388
7,1504,1511,0.1388
7,1502,1509,0.1388
8,1505,1513,0.1388
8,1515,1523,0.1388
8,1521,1529,0.1388
8,1511,1519,0.1388
8,1512,1520,0.1388
7,1516,1523,0.1388
7,1510,1517,0.1388
7,1508,1515,0.1388
7,1512,1519,0.1388
6,1521,1527,0.1388
7,1516,1523,0.1388
6,1520,1526,0.1388
5,1529,1534,0.1388
5,1526,1531,0.1388
4,1516,1520,0.1388
4,1511,1515,0.1388
4,1514,1518,0.1388
4,1512,1516,0.1388
3,1505,1508,0.1388
3,1512,1515,0.1388
3,1512,1515,0.1388
3,1508,1511,0.1388
3,1520,1523,0.1388
3,1516,1519,0.1388
4,1520,1524,0.1388
4,1518,1522,0.1388
4,1516,1520,0.1388
3,1519,1522,0.1388
3,1520,1523,0.1388
3,1518,1521,0.1388
3,1517,1520,0.1388
3,1509,1512,0.1388
3,1510,1513,0.1388
3,1519,1522,0.1388
3,1519,1522,0.1388
3,1512,1515,0.1388
3,1504,1507,0.1388
3,1514,1517,0.1388
3,1508,1511,0.1388
3,1529,1532,0.1388
4,1509,1513,0.1388
3,1507,1510,0.1388
3,1504,1507,0.1388
3,1518,1521,0.1388
3,1517,1520,0.1388
3,1516,1519,0.1388
3,1522,1525,0.1388
4,1524,1528,0.1388
4,1514,1518,0.1388
4,1512,1516,0.1388
4,1524,1528,0.1388
4,1503,1507,0.1388
3,1501,1504,0.1388
2,1507,1509,0.1388
2,1519,1521,0.1388
2,1502,1504,0.1388
2,1516,1518,0.1388
3,1511,1514,0.1388
3,1530,1533,0.1388
3,1532,1535,0.1388
4,1509,1513,0.1388
4,1511,1515,0.1388
4,1513,1517,0.1388
4,1525,1529,0.1388
4,1528,1532,0.1388
4,1527,1531,0.1388
4,1528,1532,0.1388
4,1523,1527,0.1388
4,1518,1522,0.1388
4,1516,1520,0.1388
4,1523,1527,0.1388
4,1525,1529,0.1388
4,1517,1521,0.1388
4,1519,1523,0.1388
3,1517,1520,0.1388
3,1521,1524,0.1388
3,1513,1516,0.1388
3,1504,1507,0.1388
3,1504,1507,0.1388
3,1506,1509,0.1388
2,1513,1515,0.1388
2,1502,1504,0.1388
2,1510,1512,0.1388
2,1517,1519,0.1388
2,1515,1517,0.1388
2,1504,1506,0.1388
2,1510,1512,0.1388
2,1503,1505,0.1388
2,1504,1506,0.1388
2,1493,1495,0.1388
2,1494,1496,0.1388
2,1489,1491,0.1388
2,1504,1506,0.1388
2,1518,1520,0.1388
2,1521,1523,0.1388
2,1532,1534,0.1388
2,1523,1525,0.1388
2,1528,1530,0.1388
2,1517,1519,0.1388
2,1513,1515,0.1388
2,1500,1502,0.1388
2,1504,1506,0.1388
2,1511,1513,0.1388
2,1517,1519,0.1388
1,1523,1524,0.1388
1,1518,1519,0.1388
1,1525,1526,0.1388
1,1519,1520,0.1388
1,1514,1515,0.1388
1,1520,1521,0.1388
1,1519,1520,0.1388
1,1500,1501,0.1388
1,1515,1516,0.1388
1,1520,1521,0.1388
1,1505,1506,0.1388
1,1516,1517,0.1388
1,1521,1522,0.1388
1,1515,1516,0.1388
1,1518,1519,0.1388
1,1515,1516,0.1388
1,1528,1529,0.1388
1,1509,1510,0.1388
1,1514,1515,0.1388
1,1521,1522,0.1388
1,1520,1521,0.1388
1,1519,1520,0.1388
1,1521,1522,0.1388
1,1521,1522,0.1388
1,1525,1526,0.1388
1,1523,1524,0.1388
1,1520,1521,0.1388
1,1513,1514,0.1388
1,1506,1507,0.1388
1,1517,1518,0.1388
1,1526,1527,0.1388
1,1521,1522,0.1388
1,1523,1524,0.1388
1,1523,1524,0.1388
1,1519,1520,0.1388
1,1529,1530,0.1388
1,1532,1533,0.1388
1,1519,1520,0.1388
2,1518,1520,0.1388
2,1515,1517,0.1388
2,1522,1524,0.1388
1,1525,1526,0.1388
1,1523,1524,0.1388
1,1523,1524,0.1388
1,1511,1512,0.1388
1,1523,1524,0.1388
1,1524,1525,0.1388
1,1522,1523,0.1388
1,1525,1526,0.1388
1,1531,1532,0.1388
1,1528,1529,0.1388
1,1528,1529,0.1388
1,1525,1526,0.1388
1,1518,1519,0.1388
1,1514,1515,0.1388
1,1512,1513,0.1388
1,1504,1505,0.1388
1,1516,1517,0.1388
1,1513,1514,0.1388
1,1517,1518,0.1388
1,1515,1516,0.1388
1,1526,1527,0.1388
1,1530,1531,0.1388
2,1524,1526,0.1388
2,1519,1521,0.1388
2,1530,1532,0.1388
2,1516,1518,0.1388
2,1527,1529,0.1388
2,1524,1526,0.1388
2,1526,1528,0.1388
2,1519,1521,0.1388
2,1503,1505,0.1388
2,1498,1500,0.1388
2,1513,1515,0.1388
2,1525,1527,0.1388
2,1512,1514,0.1388
2,1514,1516,0.1388
2,1515,1517,0.1388
2,1512,1514,0.1388
2,1524,1526,0.1388
2,1509,1511,0.1388
2,1510,1512,0.1388
2,1504,1506,0.1388
2,1524,1526,0.1388
2,1528,1530,0.1388
2,1520,1522,0.1388
2,1517,1519,0.1388
2,1512,1514,0.1388
2,1507,1509,0.1388
1,1504,1505,0.1388
1,1519,1520,0.1388
0,1509,1509,0.1388
