1374,31,1405,0.1388
1406,32,1438,0.1388
1410,33,1443,0.1388
1414,33,1447,0.1388
1439,33,1472,0.1388
1434,36,1470,0.1388
1455,37,1492,0.1388
1463,37,1500,0.1388
1457,36,1493,0.1388
1440,34,1474,0.1388
1452,33,1485,0.1388
1445,31,1476,0.1388
1450,33,1483,0.1388
1445,33,1478,0.1388
1449,35,1484,0.1388
1443,37,1480,0.1388
1434,38,1472,0.1388
1441,39,1480,0.1388
1450,37,1487,0.1388
1462,39,1501,0.1388
1462,39,1501,0.1388
1456,39,1495,0.1388
1453,38,1491,0.1388
1452,37,1489,0.1388
1458,38,1496,0.1388
1458,37,1495,0.1388
1447,37,1484,0.1388
1442,35,1477,0.1388
1443,35,1478,0.1388
1451,37,1488,0.1388
1442,37,1479,0.1388
1443,37,1480,0.1388
1435,38,1473,0.1388
1439,37,1476,0.1388
1442,37,1479,0.1388
1461,36,1497,0.1388
1466,35,1501,0.1388
1456,35,1491,0.1388
1465,35,1500,0.1388
1457,33,1490,0.1388
1461,34,1495,0.1388
1462,32,1494,0.1388
1463,33,1496,0.1388
1458,36,1494,0.1388
1447,33,1480,0.1388
1459,32,1491,0.1388
1455,34,1489,0.1388
1451,32,1483,0.1388
1448,33,1481,0.1388
1442,32,1474,0.1388
1446,33,1479,0.1388
1462,33,1495,0.1388
1468,35,1503,0.1388
1473,35,1508,0.1388
1472,34,1506,0.1388
1453,32,1485,0.1388
1454,34,1488,0.1388
1455,35,1490,0.1388
1452,34,1486,0.1388
1468,37,1505,0.1388
1460,35,1495,0.1388
1473,35,1508,0.1388
1472,35,1507,0.1388
1468,35,1503,0.1388
1471,33,1504,0.1388
1461,32,1493,0.1388
1463,34,1497,0.1388
1459,35,1494,0.1388
1440,38,1478,0.1388
1451,38,1489,0.1388
1455,37,1492,0.1388
1444,37,1481,0.1388
1434,39,1473,0.1388
1438,39,1477,0.1388
1452,38,1490,0.1388
1461,38,1499,0.1388
1462,39,1501,0.1388
1455,39,1494,0.1388
1455,41,1496,0.1388
1462,41,1503,0.1388
1464,40,1504,0.1388
1456,41,1497,0.1388
1458,40,1498,0.1388
1467,40,1507,0.1388
1465,39,1504,0.1388
1458,36,1494,0.1388
1457,36,1493,0.1388
1444,37,1481,0.1388
1445,40,1485,0.1388
1452,40,1492,0.1388
1447,40,1487,0.1388
1456,42,1498,0.1388
1438,45,1483,0.1388
1441,45,1486,0.1388
1449,44,1493,0.1388
1447,46,1493,0.1388
1453,48,1501,0.1388
1454,49,1503,0.1388
1442,49,1491,0.1388
1444,48,1492,0.1388
1447,47,1494,0.1388
1451,49,1500,0.1388
1450,52,1502,0.1388
1449,54,1503,0.1388
1451,54,1505,0.1388
1457,52,1509,0.1388
1452,50,1502,0.1388
1443,48,1491,0.1388
1447,50,1497,0.1388
1450,53,1503,0.1388
1445,53,1498,0.1388
1437,51,1488,0.1388
1434,53,1487,0.1388
1450,54,1504,0.1388
1450,56,1506,0.1388
1432,58,1490,0.1388
1439,60,1499,0.1388
1441,62,1503,0.1388
1439,60,1499,0.1388
1444,64,1508,0.1388
1432,66,1498,0.1388
1430,64,1494,0.1388
1428,63,1491,0.1388
1418,64,1482,0.1388
1421,59,1480,0.1388
1425,61,1486,0.1388
1424,66,1490,0.1388
1430,67,1497,0.1388
1429,70,1499,0.1388
1435,71,1506,0.1388
1420,71,1491,0.1388
1426,69,1495,0.1388
1424,70,1494,0.1388
1423,73,1496,0.1388
1434,69,1503,0.1388
1436,70,1506,0.1388
1433,72,1505,0.1388
1439,73,1512,0.1388
1428,73,1501,0.1388
1432,74,1506,0.1388
1429,74,1503,0.1388
1423,76,1499,0.1388
1412,77,1489,0.1388
1407,82,1489,0.1388
1415,81,1496,0.1388
1407,83,1490,0.1388
1413,85,1498,0.1388
1409,84,1493,0.1388
1418,83,1501,0.1388
1415,82,1497,0.1388
1417,86,1503,0.1388
1415,84,1499,0.1388
1416,84,1500,0.1388
1417,85,1502,0.1388
1419,86,1505,0.1388
1409,90,1499,0.1388
1408,91,1499,0.1388
1415,91,1506,0.1388
1416,90,1506,0.1388
1412,87,1499,0.1388
1387,90,1477,0.1388
1382,94,1476,0.1388
1382,92,1474,0.1388
1392,91,1483,0.1388
1403,89,1492,0.1388
1413,89,1502,0.1388
1404,90,1494,0.1388
1412,90,1502,0.1388
1398,89,1487,0.1388
1405,87,1492,0.1388
1397,91,1488,0.1388
1399,92,1491,0.1388
1393,90,1483,0.1388
1380,91,1471,0.1388
1387,90,1477,0.1388
1400,92,1492,0.1388
1401,90,1491,0.1388
1397,94,1491,0.1388
1397,99,1496,0.1388
1396,102,1498,0.1388
1389,104,1493,0.1388
1384,103,1487,0.1388
1399,101,1500,0.1388
1400,98,1498,0.1388
1401,98,1499,0.1388
1394,95,1489,0.1388
1405,96,1501,0.1388
1395,99,1494,0.1388
1399,102,1501,0.1388
1385,102,1487,0.1388
1385,102,1487,0.1388
1382,104,1486,0.1388
1379,104,1483,0.1388
1388,104,1492,0.1388
1383,105,1488,0.1388
1385,106,1491,0.1388
1389,109,1498,0.1388
1395,112,1507,0.1388
1398,111,1509,0.1388
1397,108,1505,0.1388
1387,110,1497,0.1388
1385,107,1492,0.1388
1399,104,1503,0.1388
1387,109,1496,0.1388
1378,110,1488,0.1388
1368,107,1475,0.1388
1385,106,1491,0.1388
1392,105,1497,0.1388
1393,106,1499,0.1388
1394,103,1497,0.1388
1399,103,1502,0.1388
1407,101,1508,0.1388
1385,104,1489,0.1388
1396,100,1496,0.1388
1394,103,1497,0.1388
1387,101,1488,0.1388
1396,99,1495,0.1388
1404,100,1504,0.1388
1407,98,1505,0.1388
1409,98,1507,0.1388
1411,96,1507,0.1388
1414,97,1511,0.1388
1409,95,1504,0.1388
1406,93,1499,0.1388
1398,96,1494,0.1388
1405,96,1501,0.1388
1403,93,1496,0.1388
1409,95,1504,0.1388
1404,90,1494,0.1388
1401,89,1490,0.1388
1402,87,1489,0.1388
1401,91,1492,0.1388
1413,92,1505,0.1388
1406,90,1496,0.1388
1383,89,1472,0.1388
1384,93,1477,0.1388
1382,94,1476,0.1388
1389,97,1486,0.1388
1389,94,1483,0.1388
1389,91,1480,0.1388
1386,94,1480,0.1388
1386,91,1477,0.1388
1401,89,1490,0.1388
1413,92,1505,0.1388
1408,91,1499,0.1388
1418,89,1507,0.1388
1417,89,1506,0.1388
1416,89,1505,0.1388
1417,87,1504,0.1388
1416,90,1506,0.1388
1407,88,1495,0.1388
1415,85,1500,0.1388
1408,86,1494,0.1388
1405,86,1491,0.1388
1403,87,1490,0.1388
1405,91,1496,0.1388
1412,90,1502,0.1388
1411,87,1498,0.1388
1414,88,1502,0.1388
1401,92,1493,0.1388
1409,92,1501,0.1388
1400,93,1493,0.1388
1398,93,1491,0.1388
1392,94,1486,0.1388
1385,98,1483,0.1388
1368,97,1465,0.1388
1380,102,1482,0.1388
1385,101,1486,0.1388
1392,98,1490,0.1388
1400,98,1498,0.1388
1392,101,1493,0.1388
1393,102,1495,0.1388
1399,103,1502,0.1388
1397,101,1498,0.1388
1387,102,1489,0.1388
1391,102,1493,0.1388
1397,99,1496,0.1388
1405,100,1505,0.1388
1407,98,1505,0.1388
1405,94,1499,0.1388
1408,100,1508,0.1388
1411,101,1512,0.1388
1410,98,1508,0.1388
1404,101,1505,0.1388
1405,100,1505,0.1388
1400,102,1502,0.1388
1399,108,1507,0.1388
1402,110,1512,0.1388
1395,106,1501,0.1388
1381,107,1488,0.1388
1377,111,1488,0.1388
1374,116,1490,0.1388
1373,116,1489,0.1388
1362,119,1481,0.1388
1376,121,1497,0.1388
1380,117,1497,0.1388
1382,118,1500,0.1388
1376,117,1493,0.1388
1384,114,1498,0.1388
1395,115,1510,0.1388
1384,110,1494,0.1388
1379,115,1494,0.1388
1381,112,1493,0.1388
1373,110,1483,0.1388
1382,116,1498,0.1388
1379,114,1493,0.1388
1372,115,1487,0.1388
1378,114,1492,0.1388
1391,111,1502,0.1388
1384,112,1496,0.1388
1389,111,1500,0.1388
1388,113,1501,0.1388
1381,117,1498,0.1388
1375,116,1491,0.1388
1383,114,1497,0.1388
1388,113,1501,0.1388
1383,114,1497,0.1388
1389,118,1507,0.1388
1393,116,1509,0.1388
1380,114,1494,0.1388
1374,116,1490,0.1388
1381,115,1496,0.1388
1384,115,1499,0.1388
1380,118,1498,0.1388
1381,118,1499,0.1388
1383,119,1502,0.1388
1384,119,1503,0.1388
1372,124,1496,0.1388
1364,125,1489,0.1388
1377,123,1500,0.1388
1384,123,1507,0.1388
1376,127,1503,0.1388
1373,129,1502,0.1388
1373,129,1502,0.1388
1373,132,1505,0.1388
1371,133,1504,0.1388
1363,135,1498,0.1388
1358,134,1492,0.1388
1357,135,1492,0.1388
1358,140,1498,0.1388
1367,141,1508,0.1388
1354,142,1496,0.1388
1352,137,1489,0.1388
1344,142,1486,0.1388
1348,142,1490,0.1388
1349,143,1492,0.1388
1364,141,1505,0.1388
1365,138,1503,0.1388
1369,138,1507,0.1388
1377,140,1517,0.1388
1362,142,1504,0.1388
1374,142,1516,0.1388
1375,141,1516,0.1388
1361,143,1504,0.1388
1355,141,1496,0.1388
1354,141,1495,0.1388
1354,145,1499,0.1388
1351,143,1494,0.1388
1344,151,1495,0.1388
1344,149,1493,0.1388
1349,153,1502,0.1388
1356,152,1508,0.1388
1352,153,1505,0.1388
1350,156,1506,0.1388
1345,154,1499,0.1388
1350,150,1500,0.1388
1345,156,1501,0.1388
1346,155,1501,0.1388
1344,155,1499,0.1388
1344,157,1501,0.1388
1347,159,1506,0.1388
1337,154,1491,0.1388
1333,149,1482,0.1388
1335,150,1485,0.1388
1329,146,1475,0.1388
1332,152,1484,0.1388
1341,153,1494,0.1388
1342,154,1496,0.1388
1340,155,1495,0.1388
1349,152,1501,0.1388
1354,156,1510,0.1388
1353,159,1512,0.1388
1354,159,1513,0.1388
1356,156,1512,0.1388
1350,159,1509,0.1388
1346,162,1508,0.1388
1337,164,1501,0.1388
1318,166,1484,0.1388
1314,173,1487,0.1388
1314,177,1491,0.1388
1307,178,1485,0.1388
1308,182,1490,0.1388
1307,181,1488,0.1388
1315,178,1493,0.1388
1309,176,1485,0.1388
1321,183,1504,0.1388
1313,182,1495,0.1388
1319,179,1498,0.1388
1329,177,1506,0.1388
1321,177,1498,0.1388
1323,180,1503,0.1388
1324,183,1507,0.1388
1310,182,1492,0.1388
1315,182,1497,0.1388
1311,183,1494,0.1388
1303,186,1489,0.1388
1307,190,1497,0.1388
1284,191,1475,0.1388
1292,191,1483,0.1388
1297,192,1489,0.1388
1302,187,1489,0.1388
1297,182,1479,0.1388
1303,188,1491,0.1388
1314,184,1498,0.1388
1302,187,1489,0.1388
1311,186,1497,0.1388
1319,187,1506,0.1388
1314,190,1504,0.1388
1307,185,1492,0.1388
1310,184,1494,0.1388
1323,181,1504,0.1388
1329,189,1518,0.1388
1312,190,1502,0.1388
1312,187,1499,0.1388
1307,187,1494,0.1388
1284,189,1473,0.1388
1298,192,1490,0.1388
1303,190,1493,0.1388
1309,187,1496,0.1388
1301,190,1491,0.1388
1298,194,1492,0.1388
1300,189,1489,0.1388
1299,193,1492,0.1388
1294,195,1489,0.1388
1293,192,1485,0.1388
1291,191,1482,0.1388
1307,186,1493,0.1388
1298,190,1488,0.1388
1295,190,1485,0.1388
1289,192,1481,0.1388
1284,197,1481,0.1388
1300,196,1496,0.1388
1304,201,1505,0.1388
1304,205,1509,0.1388
1294,208,1502,0.1388
1280,207,1487,0.1388
1274,210,1484,0.1388
1264,217,1481,0.1388
1279,217,1496,0.1388
1274,219,1493,0.1388
1284,219,1503,0.1388
1297,222,1519,0.1388
1284,231,1515,0.1388
1283,229,1512,0.1388
1266,234,1500,0.1388
1255,230,1485,0.1388
1253,234,1487,0.1388
1254,245,1499,0.1388
1254,245,1499,0.1388
1245,252,1497,0.1388
1239,254,1493,0.1388
1252,257,1509,0.1388
1241,260,1501,0.1388
1245,258,1503,0.1388
1234,257,1491,0.1388
1236,256,1492,0.1388
1235,260,1495,0.1388
1239,253,1492,0.1388
1241,251,1492,0.1388
1231,249,1480,0.1388
1224,251,1475,0.1388
1234,254,1488,0.1388
1243,250,1493,0.1388
1246,248,1494,0.1388
1252,250,1502,0.1388
1245,248,1493,0.1388
1251,247,1498,0.1388
1245,253,1498,0.1388
1237,251,1488,0.1388
1243,250,1493,0.1388
1235,253,1488,0.1388
1243,248,1491,0.1388
1239,250,1489,0.1388
1237,252,1489,0.1388
1225,255,1480,0.1388
1239,254,1493,0.1388
1227,256,1483,0.1388
1237,254,1491,0.1388
1232,254,1486,0.1388
1233,250,1483,0.1388
1233,251,1484,0.1388
1232,254,1486,0.1388
1239,254,1493,0.1388
1232,256,1488,0.1388
1243,256,1499,0.1388
1238,266,1504,0.1388
1240,268,1508,0.1388
1243,265,1508,0.1388
1229,272,1501,0.1388
1235,268,1503,0.1388
1234,271,1505,0.1388
1229,275,1504,0.1388
1215,275,1490,0.1388
1214,278,1492,0.1388
1220,275,1495,0.1388
1227,272,1499,0.1388
1233,275,1508,0.1388
1235,270,1505,0.1388
1251,269,1520,0.1388
1241,269,1510,0.1388
1229,262,1491,0.1388
1213,268,1481,0.1388
1220,274,1494,0.1388
1216,283,1499,0.1388
1221,282,1503,0.1388
1209,284,1493,0.1388
1202,288,1490,0.1388
1203,285,1488,0.1388
1199,288,1487,0.1388
1208,287,1495,0.1388
1207,288,1495,0.1388
1208,286,1494,0.1388
1199,286,1485,0.1388
1202,293,1495,0.1388
1190,292,1482,0.1388
1186,290,1476,0.1388
1196,290,1486,0.1388
1196,290,1486,0.1388
1197,296,1493,0.1388
1207,297,1504,0.1388
1207,298,1505,0.1388
1204,301,1505,0.1388
1196,301,1497,0.1388
1188,303,1491,0.1388
1188,305,1493,0.1388
1183,307,1490,0.1388
1190,308,1498,0.1388
1192,313,1505,0.1388
1193,312,1505,0.1388
1182,318,1500,0.1388
1188,317,1505,0.1388
1193,312,1505,0.1388
1191,316,1507,0.1388
1197,317,1514,0.1388
1184,318,1502,0.1388
1191,315,1506,0.1388
1178,308,1486,0.1388
1181,306,1487,0.1388
1187,307,1494,0.1388
1182,310,1492,0.1388
1182,310,1492,0.1388
1182,303,1485,0.1388
1164,307,1471,0.1388
1163,310,1473,0.1388
1166,314,1480,0.1388
1183,314,1497,0.1388
1182,313,1495,0.1388
1187,310,1497,0.1388
1171,313,1484,0.1388
1166,318,1484,0.1388
1158,319,1477,0.1388
1158,323,1481,0.1388
1173,330,1503,0.1388
1188,325,1513,0.1388
1176,329,1505,0.1388
1171,327,1498,0.1388
1164,329,1493,0.1388
1158,334,1492,0.1388
1161,328,1489,0.1388
1157,331,1488,0.1388
1153,335,1488,0.1388
1161,332,1493,0.1388
1157,330,1487,0.1388
1162,329,1491,0.1388
1141,335,1476,0.1388
1142,339,1481,0.1388
1151,340,1491,0.1388
1165,348,1513,0.1388
1155,351,1506,0.1388
1151,358,1509,0.1388
1146,351,1497,0.1388
1142,352,1494,0.1388
1151,351,1502,0.1388
1143,353,1496,0.1388
1136,354,1490,0.1388
1137,350,1487,0.1388
1138,353,1491,0.1388
1139,354,1493,0.1388
1139,355,1494,0.1388
1136,358,1494,0.1388
1127,364,1491,0.1388
1127,368,1495,0.1388
1131,372,1503,0.1388
1139,377,1516,0.1388
1127,385,1512,0.1388
1111,387,1498,0.1388
1105,381,1486,0.1388
1106,385,1491,0.1388
1102,383,1485,0.1388
1106,389,1495,0.1388
1102,395,1497,0.1388
1103,398,1501,0.1388
1100,396,1496,0.1388
1091,398,1489,0.1388
1104,396,1500,0.1388
1105,401,1506,0.1388
1099,399,1498,0.1388
1099,402,1501,0.1388
1092,398,1490,0.1388
1083,401,1484,0.1388
1085,406,1491,0.1388
1088,403,1491,0.1388
1103,407,1510,0.1388
1093,410,1503,0.1388
1090,413,1503,0.1388
1093,416,1509,0.1388
1087,416,1503,0.1388
1087,416,1503,0.1388
1098,413,1511,0.1388
1095,414,1509,0.1388
1092,418,1510,0.1388
1093,421,1514,0.1388
1095,423,1518,0.1388
1081,424,1505,0.1388
1079,431,1510,0.1388
1072,429,1501,0.1388
1074,426,1500,0.1388
1071,430,1501,0.1388
1061,428,1489,0.1388
1066,432,1498,0.1388
1085,427,1512,0.1388
1081,421,1502,0.1388
1075,426,1501,0.1388
1074,428,1502,0.1388
1070,433,1503,0.1388
1074,442,1516,0.1388
1056,447,1503,0.1388
1058,447,1505,0.1388
1056,446,1502,0.1388
1050,442,1492,0.1388
1053,441,1494,0.1388
1060,444,1504,0.1388
1051,448,1499,0.1388
1053,450,1503,0.1388
1047,453,1500,0.1388
1049,459,1508,0.1388
1043,463,1506,0.1388
1045,462,1507,0.1388
1041,460,1501,0.1388
1045,452,1497,0.1388
1041,455,1496,0.1388
1035,457,1492,0.1388
1036,455,1491,0.1388
1037,457,1494,0.1388
1042,459,1501,0.1388
1033,460,1493,0.1388
1029,471,1500,0.1388
1033,464,1497,0.1388
1033,465,1498,0.1388
1036,472,1508,0.1388
1025,477,1502,0.1388
1030,477,1507,0.1388
1023,476,1499,0.1388
1006,482,1488,0.1388
1011,490,1501,0.1388
1016,485,1501,0.1388
1006,489,1495,0.1388
1006,504,1510,0.1388
1000,501,1501,0.1388
996,501,1497,0.1388
1007,490,1497,0.1388
997,493,1490,0.1388
1013,490,1503,0.1388
1007,501,1508,0.1388
1002,493,1495,0.1388
1000,495,1495,0.1388
1014,506,1520,0.1388
1006,504,1510,0.1388
1005,502,1507,0.1388
1009,505,1514,0.1388
1007,508,1515,0.1388
1008,503,1511,0.1388
1004,503,1507,0.1388
1006,501,1507,0.1388
987,502,1489,0.1388
988,501,1489,0.1388
976,503,1479,0.1388
974,510,1484,0.1388
987,510,1497,0.1388
989,506,1495,0.1388
980,501,1481,0.1388
988,509,1497,0.1388
991,516,1507,0.1388
979,519,1498,0.1388
978,523,1501,0.1388
974,528,1502,0.1388
968,526,1494,0.1388
970,529,1499,0.1388
979,516,1495,0.1388
980,521,1501,0.1388
988,529,1517,0.1388
990,535,1525,0.1388
988,534,1522,0.1388
987,538,1525,0.1388
983,535,1518,0.1388
971,530,1501,0.1388
972,536,1508,0.1388
962,535,1497,0.1388
962,529,1491,0.1388
974,537,1511,0.1388
969,539,1508,0.1388
958,524,1482,0.1388
960,525,1485,0.1388
961,520,1481,0.1388
973,519,1492,0.1388
956,525,1481,0.1388
952,530,1482,0.1388
947,531,1478,0.1388
937,538,1475,0.1388
955,536,1491,0.1388
968,539,1507,0.1388
972,535,1507,0.1388
967,542,1509,0.1388
963,547,1510,0.1388
956,549,1505,0.1388
955,549,1504,0.1388
952,549,1501,0.1388
951,549,1500,0.1388
954,546,1500,0.1388
947,557,1504,0.1388
941,554,1495,0.1388
938,553,1491,0.1388
948,554,1502,0.1388
946,553,1499,0.1388
945,552,1497,0.1388
941,554,1495,0.1388
948,557,1505,0.1388
942,561,1503,0.1388
934,562,1496,0.1388
929,565,1494,0.1388
930,565,1495,0.1388
931,574,1505,0.1388
924,566,1490,0.1388
918,569,1487,0.1388
917,574,1491,0.1388
932,569,1501,0.1388
934,571,1505,0.1388
932,569,1501,0.1388
936,576,1512,0.1388
940,573,1513,0.1388
938,571,1509,0.1388
943,576,1519,0.1388
945,566,1511,0.1388
933,570,1503,0.1388
929,575,1504,0.1388
927,565,1492,0.1388
929,568,1497,0.1388
930,565,1495,0.1388
928,565,1493,0.1388
930,568,1498,0.1388
934,570,1504,0.1388
932,559,1491,0.1388
930,580,1510,0.1388
927,582,1509,0.1388
918,580,1498,0.1388
921,579,1500,0.1388
924,579,1503,0.1388
915,584,1499,0.1388
910,581,1491,0.1388
915,594,1509,0.1388
914,597,1511,0.1388
910,601,1511,0.1388
905,604,1509,0.1388
906,598,1504,0.1388
903,600,1503,0.1388
900,605,1505,0.1388
905,600,1505,0.1388
909,605,1514,0.1388
900,605,1505,0.1388
901,608,1509,0.1388
893,604,1497,0.1388
896,605,1501,0.1388
900,610,1510,0.1388
902,606,1508,0.1388
905,606,1511,0.1388
903,606,1509,0.1388
903,606,1509,0.1388
898,605,1503,0.1388
909,608,1517,0.1388
913,600,1513,0.1388
910,608,1518,0.1388
903,615,1518,0.1388
893,625,1518,0.1388
896,622,1518,0.1388
884,625,1509,0.1388
888,631,1519,0.1388
876,628,1504,0.1388
868,625,1493,0.1388
864,623,1487,0.1388
865,625,1490,0.1388
865,632,1497,0.1388
869,632,1501,0.1388
876,619,1495,0.1388
879,622,1501,0.1388
886,621,1507,0.1388
883,625,1508,0.1388
872,626,1498,0.1388
869,632,1501,0.1388
868,635,1503,0.1388
869,645,1514,0.1388
866,636,1502,0.1388
860,641,1501,0.1388
854,642,1496,0.1388
863,644,1507,0.1388
852,645,1497,0.1388
854,655,1509,0.1388
855,652,1507,0.1388
848,660,1508,0.1388
850,669,1519,0.1388
839,666,1505,0.1388
849,661,1510,0.1388
854,657,1511,0.1388
846,657,1503,0.1388
846,657,1503,0.1388
845,664,1509,0.1388
845,668,1513,0.1388
845,668,1513,0.1388
847,658,1505,0.1388
850,661,1511,0.1388
842,662,1504,0.1388
845,660,1505,0.1388
848,663,1511,0.1388
840,663,1503,0.1388
829,658,1487,0.1388
842,651,1493,0.1388
842,656,1498,0.1388
838,663,1501,0.1388
843,661,1504,0.1388
840,659,1499,0.1388
847,662,1509,0.1388
847,666,1513,0.1388
851,672,1523,0.1388
852,675,1527,0.1388
845,672,1517,0.1388
844,672,1516,0.1388
848,672,1520,0.1388
848,669,1517,0.1388
850,660,1510,0.1388
854,662,1516,0.1388
850,666,1516,0.1388
850,660,1510,0.1388
855,659,1514,0.1388
848,663,1511,0.1388
852,660,1512,0.1388
839,657,1496,0.1388
834,656,1490,0.1388
836,665,1501,0.1388
833,669,1502,0.1388
835,662,1497,0.1388
819,656,1475,0.1388
832,662,1494,0.1388
833,664,1497,0.1388
834,660,1494,0.1388
828,660,1488,0.1388
825,673,1498,0.1388
837,673,1510,0.1388
830,683,1513,0.1388
830,684,1514,0.1388
831,682,1513,0.1388
827,684,1511,0.1388
820,683,1503,0.1388
818,683,1501,0.1388
814,685,1499,0.1388
819,694,1513,0.1388
823,688,1511,0.1388
812,681,1493,0.1388
813,676,1489,0.1388
819,673,1492,0.1388
820,685,1505,0.1388
804,688,1492,0.1388
800,685,1485,0.1388
802,678,1480,0.1388
800,682,1482,0.1388
801,683,1484,0.1388
800,680,1480,0.1388
795,680,1475,0.1388
799,683,1482,0.1388
798,692,1490,0.1388
808,690,1498,0.1388
804,683,1487,0.1388
802,692,1494,0.1388
807,707,1514,0.1388
811,712,1523,0.1388
795,716,1511,0.1388
784,714,1498,0.1388
792,713,1505,0.1388
791,715,1506,0.1388
787,703,1490,0.1388
793,713,1506,0.1388
791,708,1499,0.1388
796,722,1518,0.1388
787,716,1503,0.1388
788,719,1507,0.1388
787,722,1509,0.1388
786,732,1518,0.1388
776,724,1500,0.1388
778,727,1505,0.1388
783,723,1506,0.1388
783,730,1513,0.1388
785,721,1506,0.1388
783,721,1504,0.1388
781,719,1500,0.1388
771,730,1501,0.1388
778,730,1508,0.1388
773,747,1520,0.1388
768,745,1513,0.1388
761,748,1509,0.1388
759,748,1507,0.1388
763,747,1510,0.1388
760,736,1496,0.1388
760,731,1491,0.1388
759,739,1498,0.1388
750,741,1491,0.1388
741,750,1491,0.1388
741,760,1501,0.1388
735,758,1493,0.1388
742,755,1497,0.1388
746,755,1501,0.1388
741,761,1502,0.1388
736,760,1496,0.1388
731,761,1492,0.1388
735,763,1498,0.1388
735,767,1502,0.1388
742,773,1515,0.1388
734,761,1495,0.1388
729,763,1492,0.1388
730,776,1506,0.1388
722,789,1511,0.1388
722,795,1517,0.1388
718,803,1521,0.1388
711,814,1525,0.1388
711,810,1521,0.1388
707,806,1513,0.1388
701,801,1502,0.1388
700,801,1501,0.1388
707,791,1498,0.1388
700,786,1486,0.1388
710,783,1493,0.1388
715,786,1501,0.1388
715,791,1506,0.1388
715,786,1501,0.1388
712,801,1513,0.1388
703,797,1500,0.1388
688,799,1487,0.1388
693,806,1499,0.1388
690,805,1495,0.1388
693,808,1501,0.1388
687,810,1497,0.1388
695,816,1511,0.1388
688,811,1499,0.1388
694,803,1497,0.1388
695,810,1505,0.1388
698,810,1508,0.1388
689,807,1496,0.1388
689,816,1505,0.1388
685,821,1506,0.1388
688,828,1516,0.1388
683,829,1512,0.1388
683,824,1507,0.1388
677,821,1498,0.1388
682,823,1505,0.1388
675,819,1494,0.1388
674,812,1486,0.1388
668,825,1493,0.1388
672,830,1502,0.1388
676,827,1503,0.1388
672,832,1504,0.1388
671,833,1504,0.1388
669,839,1508,0.1388
669,844,1513,0.1388
667,840,1507,0.1388
671,844,1515,0.1388
678,841,1519,0.1388
673,846,1519,0.1388
661,853,1514,0.1388
657,851,1508,0.1388
651,859,1510,0.1388
650,858,1508,0.1388
654,855,1509,0.1388
653,850,1503,0.1388
645,861,1506,0.1388
653,865,1518,0.1388
657,867,1524,0.1388
652,862,1514,0.1388
642,856,1498,0.1388
632,862,1494,0.1388
633,867,1500,0.1388
632,870,1502,0.1388
643,866,1509,0.1388
636,858,1494,0.1388
636,857,1493,0.1388
631,858,1489,0.1388
629,868,1497,0.1388
632,865,1497,0.1388
643,854,1497,0.1388
642,861,1503,0.1388
630,875,1505,0.1388
633,881,1514,0.1388
624,889,1513,0.1388
622,888,1510,0.1388
632,883,1515,0.1388
622,885,1507,0.1388
632,877,1509,0.1388
635,873,1508,0.1388
618,871,1489,0.1388
612,886,1498,0.1388
616,895,1511,0.1388
612,893,1505,0.1388
608,898,1506,0.1388
612,893,1505,0.1388
611,907,1518,0.1388
607,900,1507,0.1388
601,890,1491,0.1388
605,886,1491,0.1388
600,884,1484,0.1388
606,882,1488,0.1388
599,893,1492,0.1388
601,893,1494,0.1388
600,898,1498,0.1388
592,897,1489,0.1388
595,908,1503,0.1388
586,903,1489,0.1388
582,897,1479,0.1388
590,910,1500,0.1388
600,904,1504,0.1388
602,902,1504,0.1388
598,908,1506,0.1388
594,912,1506,0.1388
593,912,1505,0.1388
586,910,1496,0.1388
575,903,1478,0.1388
579,919,1498,0.1388
579,927,1506,0.1388
576,930,1506,0.1388
575,931,1506,0.1388
573,935,1508,0.1388
570,927,1497,0.1388
572,940,1512,0.1388
572,934,1506,0.1388
570,934,1504,0.1388
575,947,1522,0.1388
576,952,1528,0.1388
565,933,1498,0.1388
568,931,1499,0.1388
564,939,1503,0.1388
566,947,1513,0.1388
572,950,1522,0.1388
566,952,1518,0.1388
560,957,1517,0.1388
560,958,1518,0.1388
557,966,1523,0.1388
559,963,1522,0.1388
554,955,1509,0.1388
558,943,1501,0.1388
552,953,1505,0.1388
551,961,1512,0.1388
548,958,1506,0.1388
551,971,1522,0.1388
546,964,1510,0.1388
554,962,1516,0.1388
548,968,1516,0.1388
544,968,1512,0.1388
537,970,1507,0.1388
538,956,1494,0.1388
542,949,1491,0.1388
541,965,1506,0.1388
531,967,1498,0.1388
540,971,1511,0.1388
541,965,1506,0.1388
538,974,1512,0.1388
543,983,1526,0.1388
536,987,1523,0.1388
533,980,1513,0.1388
526,979,1505,0.1388
525,982,1507,0.1388
534,974,1508,0.1388
537,974,1511,0.1388
535,977,1512,0.1388
535,970,1505,0.1388
525,965,1490,0.1388
524,974,1498,0.1388
531,983,1514,0.1388
533,986,1519,0.1388
531,983,1514,0.1388
520,980,1500,0.1388
525,979,1504,0.1388
529,980,1509,0.1388
532,986,1518,0.1388
538,989,1527,0.1388
536,979,1515,0.1388
535,984,1519,0.1388
534,986,1520,0.1388
528,976,1504,0.1388
534,984,1518,0.1388
527,985,1512,0.1388
526,983,1509,0.1388
514,988,1502,0.1388
513,993,1506,0.1388
523,970,1493,0.1388
529,950,1479,0.1388
529,970,1499,0.1388
534,959,1493,0.1388
531,953,1484,0.1388
538,957,1495,0.1388
545,976,1521,0.1388
551,976,1527,0.1388
541,968,1509,0.1388
545,963,1508,0.1388
545,957,1502,0.1388
549,969,1518,0.1388
562,965,1527,0.1388
554,959,1513,0.1388
549,967,1516,0.1388
547,957,1504,0.1388
548,957,1505,0.1388
554,956,1510,0.1388
557,960,1517,0.1388
561,951,1512,0.1388
562,957,1519,0.1388
553,953,1506,0.1388
553,965,1518,0.1388
553,965,1518,0.1388
536,968,1504,0.1388
541,970,1511,0.1388
543,977,1520,0.1388
540,978,1518,0.1388
536,978,1514,0.1388
533,971,1504,0.1388
534,975,1509,0.1388
530,986,1516,0.1388
531,986,1517,0.1388
518,984,1502,0.1388
514,982,1496,0.1388
516,983,1499,0.1388
532,963,1495,0.1388
533,965,1498,0.1388
535,966,1501,0.1388
543,963,1506,0.1388
544,968,1512,0.1388
545,961,1506,0.1388
540,964,1504,0.1388
541,980,1521,0.1388
545,962,1507,0.1388
543,953,1496,0.1388
532,967,1499,0.1388
529,968,1497,0.1388
527,973,1500,0.1388
525,969,1494,0.1388
525,980,1505,0.1388
530,984,1514,0.1388
524,979,1503,0.1388
526,989,1515,0.1388
523,987,1510,0.1388
526,989,1515,0.1388
524,977,1501,0.1388
518,983,1501,0.1388
524,980,1504,0.1388
523,979,1502,0.1388
521,988,1509,0.1388
517,983,1500,0.1388
513,979,1492,0.1388
521,982,1503,0.1388
516,986,1502,0.1388
506,994,1500,0.1388
504,995,1499,0.1388
508,982,1490,0.1388
512,999,1511,0.1388
512,996,1508,0.1388
511,997,1508,0.1388
512,987,1499,0.1388
509,986,1495,0.1388
508,1000,1508,0.1388
501,1004,1505,0.1388
502,1012,1514,0.1388
496,1007,1503,0.1388
490,1019,1509,0.1388
495,1010,1505,0.1388
496,1018,1514,0.1388
491,1020,1511,0.1388
496,1027,1523,0.1388
496,1014,1510,0.1388
496,1023,1519,0.1388
491,1019,1510,0.1388
494,1026,1520,0.1388
491,1014,1505,0.1388
494,1016,1510,0.1388
492,1021,1513,0.1388
487,1018,1505,0.1388
496,1016,1512,0.1388
489,1005,1494,0.1388
497,1013,1510,0.1388
491,1011,1502,0.1388
504,1004,1508,0.1388
501,1005,1506,0.1388
505,1005,1510,0.1388
504,1002,1506,0.1388
505,1002,1507,0.1388
505,1009,1514,0.1388
501,1012,1513,0.1388
504,1025,1529,0.1388
505,1012,1517,0.1388
503,1017,1520,0.1388
506,1008,1514,0.1388
501,997,1498,0.1388
504,1006,1510,0.1388
494,1003,1497,0.1388
489,1010,1499,0.1388
490,1014,1504,0.1388
495,1016,1511,0.1388
490,1016,1506,0.1388
490,1021,1511,0.1388
488,1013,1501,0.1388
494,1011,1505,0.1388
494,1012,1506,0.1388
494,1016,1510,0.1388
492,1012,1504,0.1388
490,1018,1508,0.1388
489,1013,1502,0.1388
493,1020,1513,0.1388
485,1025,1510,0.1388
482,1028,1510,0.1388
478,1029,1507,0.1388
478,1021,1499,0.1388
471,1029,1500,0.1388
468,1042,1510,0.1388
468,1046,1514,0.1388
469,1042,1511,0.1388
470,1043,1513,0.1388
474,1038,1512,0.1388
466,1031,1497,0.1388
466,1034,1500,0.1388
471,1033,1504,0.1388
473,1040,1513,0.1388
466,1038,1504,0.1388
461,1037,1498,0.1388
463,1036,1499,0.1388
460,1041,1501,0.1388
470,1046,1516,0.1388
473,1050,1523,0.1388
466,1045,1511,0.1388
469,1039,1508,0.1388
463,1052,1515,0.1388
464,1051,1515,0.1388
465,1052,1517,0.1388
459,1050,1509,0.1388
448,1052,1500,0.1388
454,1061,1515,0.1388
457,1066,1523,0.1388
462,1057,1519,0.1388
453,1049,1502,0.1388
456,1045,1501,0.1388
451,1036,1487,0.1388
449,1039,1488,0.1388
450,1048,1498,0.1388
439,1050,1489,0.1388
447,1049,1496,0.1388
453,1052,1505,0.1388
454,1055,1509,0.1388
446,1051,1497,0.1388
448,1056,1504,0.1388
443,1059,1502,0.1388
440,1060,1500,0.1388
435,1067,1502,0.1388
434,1055,1489,0.1388
433,1059,1492,0.1388
434,1081,1515,0.1388
436,1071,1507,0.1388
431,1075,1506,0.1388
431,1078,1509,0.1388
437,1084,1521,0.1388
441,1083,1524,0.1388
431,1089,1520,0.1388
425,1105,1530,0.1388
426,1095,1521,0.1388
422,1101,1523,0.1388
422,1105,1527,0.1388
422,1098,1520,0.1388
422,1104,1526,0.1388
418,1096,1514,0.1388
416,1092,1508,0.1388
425,1098,1523,0.1388
424,1093,1517,0.1388
432,1100,1532,0.1388
423,1107,1530,0.1388
419,1100,1519,0.1388
420,1092,1512,0.1388
420,1096,1516,0.1388
424,1100,1524,0.1388
424,1100,1524,0.1388
430,1092,1522,0.1388
425,1096,1521,0.1388
431,1102,1533,0.1388
428,1098,1526,0.1388
422,1095,1517,0.1388
418,1104,1522,0.1388
409,1113,1522,0.1388
408,1107,1515,0.1388
420,1097,1517,0.1388
421,1087,1508,0.1388
411,1088,1499,0.1388
413,1108,1521,0.1388
418,1091,1509,0.1388
416,1099,1515,0.1388
423,1098,1521,0.1388
413,1097,1510,0.1388
413,1097,1510,0.1388
413,1093,1506,0.1388
417,1107,1524,0.1388
424,1107,1531,0.1388
425,1095,1520,0.1388
416,1104,1520,0.1388
428,1098,1526,0.1388
424,1093,1517,0.1388
422,1104,1526,0.1388
420,1103,1523,0.1388
416,1095,1511,0.1388
417,1087,1504,0.1388
419,1094,1513,0.1388
411,1097,1508,0.1388
401,1102,1503,0.1388
409,1098,1507,0.1388
410,1098,1508,0.1388
415,1093,1508,0.1388
413,1106,1519,0.1388
405,1094,1499,0.1388
402,1097,1499,0.1388
407,1096,1503,0.1388
410,1097,1507,0.1388
408,1091,1499,0.1388
413,1093,1506,0.1388
409,1092,1501,0.1388
413,1108,1521,0.1388
406,1104,1510,0.1388
405,1105,1510,0.1388
409,1100,1509,0.1388
411,1103,1514,0.1388
410,1105,1515,0.1388
409,1107,1516,0.1388
412,1107,1519,0.1388
413,1103,1516,0.1388
412,1112,1524,0.1388
414,1106,1520,0.1388
407,1097,1504,0.1388
411,1101,1512,0.1388
414,1109,1523,0.1388
413,1111,1524,0.1388
416,1108,1524,0.1388
413,1107,1520,0.1388
415,1113,1528,0.1388
417,1102,1519,0.1388
405,1099,1504,0.1388
408,1103,1511,0.1388
409,1102,1511,0.1388
407,1119,1526,0.1388
402,1120,1522,0.1388
403,1108,1511,0.1388
400,1109,1509,0.1388
395,1121,1516,0.1388
393,1126,1519,0.1388
390,1115,1505,0.1388
400,1122,1522,0.1388
395,1122,1517,0.1388
391,1129,1520,0.1388
389,1128,1517,0.1388
396,1121,1517,0.1388
392,1121,1513,0.1388
390,1116,1506,0.1388
387,1111,1498,0.1388
385,1113,1498,0.1388
382,1114,1496,0.1388
376,1128,1504,0.1388
371,1141,1512,0.1388
375,1138,1513,0.1388
373,1144,1517,0.1388
375,1135,1510,0.1388
374,1134,1508,0.1388
372,1144,1516,0.1388
378,1127,1505,0.1388
379,1138,1517,0.1388
380,1141,1521,0.1388
379,1134,1513,0.1388
370,1134,1504,0.1388
365,1145,1510,0.1388
370,1138,1508,0.1388
371,1132,1503,0.1388
368,1140,1508,0.1388
372,1135,1507,0.1388
372,1123,1495,0.1388
372,1117,1489,0.1388
373,1124,1497,0.1388
370,1125,1495,0.1388
364,1136,1500,0.1388
362,1131,1493,0.1388
355,1136,1491,0.1388
356,1133,1489,0.1388
356,1131,1487,0.1388
351,1136,1487,0.1388
351,1133,1484,0.1388
347,1139,1486,0.1388
355,1136,1491,0.1388
369,1134,1503,0.1388
367,1143,1510,0.1388
369,1143,1512,0.1388
365,1154,1519,0.1388
363,1156,1519,0.1388
359,1150,1509,0.1388
361,1153,1514,0.1388
372,1142,1514,0.1388
376,1138,1514,0.1388
370,1149,1519,0.1388
374,1152,1526,0.1388
374,1155,1529,0.1388
365,1138,1503,0.1388
374,1128,1502,0.1388
380,1143,1523,0.1388
373,1148,1521,0.1388
377,1142,1519,0.1388
367,1140,1507,0.1388
368,1147,1515,0.1388
360,1151,1511,0.1388
361,1150,1511,0.1388
363,1148,1511,0.1388
359,1147,1506,0.1388
359,1140,1499,0.1388
355,1137,1492,0.1388
355,1148,1503,0.1388
350,1153,1503,0.1388
352,1146,1498,0.1388
359,1150,1509,0.1388
354,1153,1507,0.1388
353,1156,1509,0.1388
354,1155,1509,0.1388
357,1154,1511,0.1388
353,1151,1504,0.1388
344,1145,1489,0.1388
356,1146,1502,0.1388
355,1145,1500,0.1388
360,1141,1501,0.1388
365,1147,1512,0.1388
369,1153,1522,0.1388
364,1155,1519,0.1388
359,1155,1514,0.1388
354,1163,1517,0.1388
352,1154,1506,0.1388
352,1164,1516,0.1388
352,1167,1519,0.1388
352,1184,1536,0.1388
344,1170,1514,0.1388
344,1172,1516,0.1388
338,1185,1523,0.1388
340,1175,1515,0.1388
345,1161,1506,0.1388
340,1150,1490,0.1388
338,1165,1503,0.1388
336,1154,1490,0.1388
343,1161,1504,0.1388
342,1160,1502,0.1388
339,1162,1501,0.1388
341,1172,1513,0.1388
342,1166,1508,0.1388
341,1157,1498,0.1388
344,1158,1502,0.1388
345,1166,1511,0.1388
341,1171,1512,0.1388
336,1180,1516,0.1388
324,1169,1493,0.1388
333,1171,1504,0.1388
343,1169,1512,0.1388
343,1158,1501,0.1388
336,1159,1495,0.1388
337,1160,1497,0.1388
335,1160,1495,0.1388
340,1171,1511,0.1388
337,1176,1513,0.1388
331,1185,1516,0.1388
332,1186,1518,0.1388
325,1188,1513,0.1388
326,1179,1505,0.1388
327,1192,1519,0.1388
326,1189,1515,0.1388
324,1189,1513,0.1388
322,1194,1516,0.1388
319,1188,1507,0.1388
321,1172,1493,0.1388
324,1172,1496,0.1388
324,1176,1500,0.1388
324,1185,1509,0.1388
330,1182,1512,0.1388
324,1179,1503,0.1388
324,1187,1511,0.1388
322,1183,1505,0.1388
325,1196,1521,0.1388
319,1189,1508,0.1388
324,1189,1513,0.1388
332,1189,1521,0.1388
332,1182,1514,0.1388
327,1189,1516,0.1388
334,1190,1524,0.1388
329,1183,1512,0.1388
327,1194,1521,0.1388
322,1183,1505,0.1388
319,1190,1509,0.1388
324,1192,1516,0.1388
326,1184,1510,0.1388
326,1178,1504,0.1388
327,1184,1511,0.1388
324,1185,1509,0.1388
320,1190,1510,0.1388
324,1184,1508,0.1388
318,1185,1503,0.1388
315,1188,1503,0.1388
305,1190,1495,0.1388
311,1206,1517,0.1388
309,1220,1529,0.1388
313,1204,1517,0.1388
306,1205,1511,0.1388
313,1209,1522,0.1388
314,1198,1512,0.1388
314,1188,1502,0.1388
318,1191,1509,0.1388
314,1201,1515,0.1388
314,1201,1515,0.1388
306,1202,1508,0.1388
314,1215,1529,0.1388
314,1211,1525,0.1388
313,1204,1517,0.1388
312,1210,1522,0.1388
313,1203,1516,0.1388
311,1207,1518,0.1388
320,1200,1520,0.1388
321,1203,1524,0.1388
313,1200,1513,0.1388
315,1210,1525,0.1388
305,1211,1516,0.1388
303,1210,1513,0.1388
305,1196,1501,0.1388
313,1198,1511,0.1388
312,1185,1497,0.1388
310,1195,1505,0.1388
300,1193,1493,0.1388
298,1195,1493,0.1388
301,1204,1505,0.1388
303,1205,1508,0.1388
300,1197,1497,0.1388
307,1189,1496,0.1388
313,1189,1502,0.1388
314,1193,1507,0.1388
310,1210,1520,0.1388
303,1218,1521,0.1388
309,1212,1521,0.1388
306,1216,1522,0.1388
299,1210,1509,0.1388
296,1211,1507,0.1388
299,1207,1506,0.1388
298,1208,1506,0.1388
303,1221,1524,0.1388
304,1220,1524,0.1388
306,1222,1528,0.1388
294,1200,1494,0.1388
293,1208,1501,0.1388
292,1215,1507,0.1388
290,1218,1508,0.1388
289,1216,1505,0.1388
290,1219,1509,0.1388
286,1221,1507,0.1388
292,1200,1492,0.1388
296,1207,1503,0.1388
293,1205,1498,0.1388
294,1213,1507,0.1388
293,1212,1505,0.1388
295,1214,1509,0.1388
299,1220,1519,0.1388
298,1224,1522,0.1388
294,1201,1495,0.1388
291,1215,1506,0.1388
290,1212,1502,0.1388
289,1219,1508,0.1388
295,1222,1517,0.1388
289,1236,1525,0.1388
289,1230,1519,0.1388
286,1225,1511,0.1388
293,1221,1514,0.1388
290,1219,1509,0.1388
287,1229,1516,0.1388
287,1224,1511,0.1388
288,1225,1513,0.1388
283,1223,1506,0.1388
280,1226,1506,0.1388
283,1219,1502,0.1388
284,1218,1502,0.1388
289,1205,1494,0.1388
288,1209,1497,0.1388
290,1218,1508,0.1388
288,1220,1508,0.1388
285,1220,1505,0.1388
284,1225,1509,0.1388
283,1222,1505,0.1388
285,1225,1510,0.1388
283,1232,1515,0.1388
284,1223,1507,0.1388
283,1218,1501,0.1388
282,1228,1510,0.1388
279,1237,1516,0.1388
279,1231,1510,0.1388
272,1234,1506,0.1388
275,1231,1506,0.1388
276,1227,1503,0.1388
272,1222,1494,0.1388
272,1235,1507,0.1388
263,1233,1496,0.1388
264,1228,1492,0.1388
263,1246,1509,0.1388
271,1246,1517,0.1388
267,1234,1501,0.1388
270,1236,1506,0.1388
266,1242,1508,0.1388
264,1232,1496,0.1388
257,1227,1484,0.1388
257,1237,1494,0.1388
250,1238,1488,0.1388
257,1249,1506,0.1388
260,1251,1511,0.1388
263,1230,1493,0.1388
263,1237,1500,0.1388
266,1235,1501,0.1388
264,1247,1511,0.1388
260,1254,1514,0.1388
264,1256,1520,0.1388
266,1261,1527,0.1388
268,1256,1524,0.1388
265,1248,1513,0.1388
266,1256,1522,0.1388
262,1261,1523,0.1388
268,1248,1516,0.1388
267,1252,1519,0.1388
259,1255,1514,0.1388
262,1249,1511,0.1388
259,1259,1518,0.1388
256,1257,1513,0.1388
258,1258,1516,0.1388
257,1265,1522,0.1388
257,1272,1529,0.1388
258,1255,1513,0.1388
258,1253,1511,0.1388
259,1247,1506,0.1388
255,1250,1505,0.1388
252,1248,1500,0.1388
252,1258,1510,0.1388
251,1258,1509,0.1388
253,1260,1513,0.1388
253,1268,1521,0.1388
253,1266,1519,0.1388
255,1272,1527,0.1388
259,1270,1529,0.1388
255,1268,1523,0.1388
252,1269,1521,0.1388
244,1266,1510,0.1388
240,1268,1508,0.1388
240,1273,1513,0.1388
242,1280,1522,0.1388
246,1273,1519,0.1388
237,1268,1505,0.1388
234,1271,1505,0.1388
237,1273,1510,0.1388
240,1273,1513,0.1388
243,1280,1523,0.1388
243,1282,1525,0.1388
247,1283,1530,0.1388
246,1277,1523,0.1388
241,1270,1511,0.1388
238,1274,1512,0.1388
241,1275,1516,0.1388
234,1275,1509,0.1388
234,1259,1493,0.1388
240,1263,1503,0.1388
237,1267,1504,0.1388
240,1263,1503,0.1388
243,1263,1506,0.1388
245,1270,1515,0.1388
241,1270,1511,0.1388
239,1281,1520,0.1388
236,1277,1513,0.1388
234,1280,1514,0.1388
237,1284,1521,0.1388
237,1289,1526,0.1388
230,1294,1524,0.1388
231,1288,1519,0.1388
231,1283,1514,0.1388
231,1295,1526,0.1388
228,1300,1528,0.1388
229,1303,1532,0.1388
233,1279,1512,0.1388
228,1272,1500,0.1388
223,1264,1487,0.1388
229,1277,1506,0.1388
233,1276,1509,0.1388
233,1275,1508,0.1388
234,1283,1517,0.1388
236,1276,1512,0.1388
236,1283,1519,0.1388
234,1286,1520,0.1388
238,1284,1522,0.1388
241,1276,1517,0.1388
241,1285,1526,0.1388
242,1284,1526,0.1388
237,1276,1513,0.1388
230,1282,1512,0.1388
230,1285,1515,0.1388
230,1286,1516,0.1388
228,1285,1513,0.1388
224,1282,1506,0.1388
226,1291,1517,0.1388
229,1292,1521,0.1388
236,1288,1524,0.1388
232,1287,1519,0.1388
232,1284,1516,0.1388
231,1284,1515,0.1388
224,1276,1500,0.1388
230,1270,1500,0.1388
227,1278,1505,0.1388
226,1283,1509,0.1388
222,1288,1510,0.1388
220,1288,1508,0.1388
220,1285,1505,0.1388
213,1287,1500,0.1388
218,1286,1504,0.1388
216,1288,1504,0.1388
220,1291,1511,0.1388
219,1290,1509,0.1388
215,1307,1522,0.1388
215,1298,1513,0.1388
215,1298,1513,0.1388
215,1296,1511,0.1388
218,1294,1512,0.1388
219,1299,1518,0.1388
213,1301,1514,0.1388
210,1300,1510,0.1388
212,1292,1504,0.1388
212,1293,1505,0.1388
210,1296,1506,0.1388
209,1289,1498,0.1388
213,1288,1501,0.1388
212,1293,1505,0.1388
211,1304,1515,0.1388
208,1296,1504,0.1388
206,1289,1495,0.1388
215,1289,1504,0.1388
213,1293,1506,0.1388
215,1292,1507,0.1388
216,1290,1506,0.1388
218,1278,1496,0.1388
221,1283,1504,0.1388
222,1276,1498,0.1388
223,1270,1493,0.1388
224,1282,1506,0.1388
220,1277,1497,0.1388
220,1273,1493,0.1388
215,1279,1494,0.1388
217,1287,1504,0.1388
220,1279,1499,0.1388
213,1283,1496,0.1388
218,1303,1521,0.1388
216,1302,1518,0.1388
225,1306,1531,0.1388
226,1304,1530,0.1388
214,1299,1513,0.1388
216,1310,1526,0.1388
212,1308,1520,0.1388
211,1302,1513,0.1388
213,1312,1525,0.1388
210,1298,1508,0.1388
209,1297,1506,0.1388
218,1301,1519,0.1388
218,1298,1516,0.1388
212,1293,1505,0.1388
213,1298,1511,0.1388
212,1306,1518,0.1388
212,1316,1528,0.1388
209,1310,1519,0.1388
211,1316,1527,0.1388
208,1317,1525,0.1388
206,1317,1523,0.1388
198,1294,1492,0.1388
199,1305,1504,0.1388
206,1310,1516,0.1388
208,1308,1516,0.1388
209,1324,1533,0.1388
209,1327,1536,0.1388
207,1325,1532,0.1388
209,1312,1521,0.1388
204,1309,1513,0.1388
209,1296,1505,0.1388
205,1308,1513,0.1388
204,1319,1523,0.1388
202,1312,1514,0.1388
195,1317,1512,0.1388
193,1317,1510,0.1388
193,1320,1513,0.1388
193,1314,1507,0.1388
193,1324,1517,0.1388
192,1329,1521,0.1388
182,1318,1500,0.1388
185,1317,1502,0.1388
184,1313,1497,0.1388
182,1315,1497,0.1388
185,1303,1488,0.1388
186,1315,1501,0.1388
183,1311,1494,0.1388
185,1319,1504,0.1388
187,1322,1509,0.1388
189,1328,1517,0.1388
187,1326,1513,0.1388
187,1333,1520,0.1388
184,1332,1516,0.1388
189,1335,1524,0.1388
191,1331,1522,0.1388
188,1330,1518,0.1388
193,1326,1519,0.1388
193,1332,1525,0.1388
190,1333,1523,0.1388
186,1328,1514,0.1388
188,1328,1516,0.1388
187,1336,1523,0.1388
190,1341,1531,0.1388
183,1334,1517,0.1388
186,1339,1525,0.1388
184,1333,1517,0.1388
185,1334,1519,0.1388
184,1344,1528,0.1388
187,1347,1534,0.1388
189,1337,1526,0.1388
187,1351,1538,0.1388
187,1338,1525,0.1388
187,1331,1518,0.1388
190,1335,1525,0.1388
186,1345,1531,0.1388
186,1339,1525,0.1388
185,1333,1518,0.1388
183,1333,1516,0.1388
179,1334,1513,0.1388
179,1334,1513,0.1388
181,1342,1523,0.1388
177,1326,1503,0.1388
175,1329,1504,0.1388
176,1338,1514,0.1388
177,1328,1505,0.1388
174,1332,1506,0.1388
164,1345,1509,0.1388
163,1346,1509,0.1388
166,1335,1501,0.1388
171,1342,1513,0.1388
173,1344,1517,0.1388
171,1339,1510,0.1388
172,1346,1518,0.1388
168,1354,1522,0.1388
171,1335,1506,0.1388
171,1345,1516,0.1388
168,1350,1518,0.1388
166,1351,1517,0.1388
169,1341,1510,0.1388
164,1344,1508,0.1388
168,1353,1521,0.1388
163,1350,1513,0.1388
161,1352,1513,0.1388
167,1349,1516,0.1388
166,1341,1507,0.1388
164,1338,1502,0.1388
164,1345,1509,0.1388
163,1348,1511,0.1388
159,1341,1500,0.1388
160,1344,1504,0.1388
164,1346,1510,0.1388
163,1350,1513,0.1388
167,1353,1520,0.1388
166,1359,1525,0.1388
161,1341,1502,0.1388
160,1354,1514,0.1388
159,1338,1497,0.1388
160,1340,1500,0.1388
155,1335,1490,0.1388
154,1350,1504,0.1388
157,1363,1520,0.1388
155,1360,1515,0.1388
155,1359,1514,0.1388
153,1359,1512,0.1388
150,1351,1501,0.1388
157,1348,1505,0.1388
158,1357,1515,0.1388
155,1364,1519,0.1388
156,1367,1523,0.1388
160,1369,1529,0.1388
164,1356,1520,0.1388
163,1346,1509,0.1388
159,1337,1496,0.1388
160,1356,1516,0.1388
160,1358,1518,0.1388
160,1349,1509,0.1388
158,1347,1505,0.1388
162,1356,1518,0.1388
161,1368,1529,0.1388
163,1363,1526,0.1388
155,1356,1511,0.1388
156,1360,1516,0.1388
158,1352,1510,0.1388
156,1349,1505,0.1388
161,1349,1510,0.1388
165,1356,1521,0.1388
166,1357,1523,0.1388
162,1342,1504,0.1388
160,1362,1522,0.1388
159,1364,1523,0.1388
158,1358,1516,0.1388
160,1365,1525,0.1388
158,1368,1526,0.1388
160,1357,1517,0.1388
161,1349,1510,0.1388
165,1360,1525,0.1388
161,1351,1512,0.1388
161,1366,1527,0.1388
157,1358,1515,0.1388
156,1363,1519,0.1388
156,1361,1517,0.1388
155,1362,1517,0.1388
155,1360,1515,0.1388
154,1351,1505,0.1388
154,1358,1512,0.1388
156,1364,1520,0.1388
159,1353,1512,0.1388
150,1342,1492,0.1388
150,1354,1504,0.1388
146,1354,1500,0.1388
147,1355,1502,0.1388
150,1364,1514,0.1388
148,1369,1517,0.1388
148,1374,1522,0.1388
143,1368,1511,0.1388
147,1368,1515,0.1388
150,1371,1521,0.1388
150,1370,1520,0.1388
145,1362,1507,0.1388
147,1376,1523,0.1388
146,1379,1525,0.1388
147,1381,1528,0.1388
143,1379,1522,0.1388
144,1375,1519,0.1388
140,1371,1511,0.1388
143,1374,1517,0.1388
144,1383,1527,0.1388
145,1374,1519,0.1388
145,1368,1513,0.1388
146,1371,1517,0.1388
143,1371,1514,0.1388
146,1376,1522,0.1388
143,1372,1515,0.1388
139,1371,1510,0.1388
135,1364,1499,0.1388
138,1369,1507,0.1388
140,1381,1521,0.1388
139,1379,1518,0.1388
137,1383,1520,0.1388
138,1380,1518,0.1388
140,1385,1525,0.1388
141,1387,1528,0.1388
140,1379,1519,0.1388
138,1396,1534,0.1388
138,1385,1523,0.1388
141,1386,1527,0.1388
142,1377,1519,0.1388
144,1391,1535,0.1388
141,1387,1528,0.1388
144,1379,1523,0.1388
143,1372,1515,0.1388
142,1382,1524,0.1388
139,1380,1519,0.1388
140,1370,1510,0.1388
137,1371,1508,0.1388
134,1364,1498,0.1388
132,1371,1503,0.1388
129,1380,1509,0.1388
131,1390,1521,0.1388
131,1389,1520,0.1388
129,1381,1510,0.1388
125,1389,1514,0.1388
127,1397,1524,0.1388
122,1398,1520,0.1388
122,1396,1518,0.1388
124,1397,1521,0.1388
125,1394,1519,0.1388
122,1382,1504,0.1388
124,1376,1500,0.1388
126,1376,1502,0.1388
130,1376,1506,0.1388
130,1374,1504,0.1388
127,1375,1502,0.1388
124,1377,1501,0.1388
127,1388,1515,0.1388
130,1393,1523,0.1388
132,1387,1519,0.1388
131,1395,1526,0.1388
127,1381,1508,0.1388
128,1374,1502,0.1388
134,1380,1514,0.1388
137,1362,1499,0.1388
139,1352,1491,0.1388
142,1361,1503,0.1388
141,1360,1501,0.1388
139,1368,1507,0.1388
140,1383,1523,0.1388
139,1377,1516,0.1388
136,1374,1510,0.1388
135,1364,1499,0.1388
137,1369,1506,0.1388
139,1372,1511,0.1388
140,1367,1507,0.1388
142,1384,1526,0.1388
141,1379,1520,0.1388
138,1376,1514,0.1388
138,1382,1520,0.1388
140,1377,1517,0.1388
139,1372,1511,0.1388
140,1380,1520,0.1388
140,1380,1520,0.1388
141,1381,1522,0.1388
143,1375,1518,0.1388
141,1382,1523,0.1388
141,1369,1510,0.1388
138,1374,1512,0.1388
137,1365,1502,0.1388
136,1364,1500,0.1388
137,1366,1503,0.1388
137,1372,1509,0.1388
138,1365,1503,0.1388
136,1373,1509,0.1388
135,1381,1516,0.1388
134,1369,1503,0.1388
135,1369,1504,0.1388
132,1384,1516,0.1388
131,1386,1517,0.1388
132,1389,1521,0.1388
128,1390,1518,0.1388
130,1380,1510,0.1388
132,1385,1517,0.1388
131,1370,1501,0.1388
131,1360,1491,0.1388
126,1361,1487,0.1388
127,1369,1496,0.1388
129,1381,1510,0.1388
129,1374,1503,0.1388
133,1380,1513,0.1388
134,1381,1515,0.1388
132,1384,1516,0.1388
129,1381,1510,0.1388
127,1379,1506,0.1388
125,1378,1503,0.1388
125,1396,1521,0.1388
121,1398,1519,0.1388
119,1405,1524,0.1388
114,1403,1517,0.1388
112,1400,1512,0.1388
111,1396,1507,0.1388
114,1397,1511,0.1388
113,1395,1508,0.1388
113,1411,1524,0.1388
115,1401,1516,0.1388
112,1392,1504,0.1388
116,1382,1498,0.1388
111,1383,1494,0.1388
114,1388,1502,0.1388
113,1388,1501,0.1388
111,1383,1494,0.1388
112,1391,1503,0.1388
114,1398,1512,0.1388
115,1404,1519,0.1388
114,1402,1516,0.1388
116,1405,1521,0.1388
117,1393,1510,0.1388
119,1390,1509,0.1388
116,1404,1520,0.1388
115,1393,1508,0.1388
111,1395,1506,0.1388
115,1405,1520,0.1388
115,1412,1527,0.1388
115,1405,1520,0.1388
118,1400,1518,0.1388
119,1408,1527,0.1388
119,1412,1531,0.1388
118,1420,1538,0.1388
114,1409,1523,0.1388
115,1407,1522,0.1388
117,1391,1508,0.1388
116,1398,1514,0.1388
120,1397,1517,0.1388
116,1401,1517,0.1388
118,1398,1516,0.1388
115,1397,1512,0.1388
115,1397,1512,0.1388
120,1393,1513,0.1388
122,1387,1509,0.1388
121,1385,1506,0.1388
122,1382,1504,0.1388
124,1384,1508,0.1388
122,1385,1507,0.1388
122,1395,1517,0.1388
124,1403,1527,0.1388
123,1400,1523,0.1388
122,1397,1519,0.1388
119,1400,1519,0.1388
116,1390,1506,0.1388
116,1393,1509,0.1388
116,1383,1499,0.1388
114,1403,1517,0.1388
114,1397,1511,0.1388
118,1409,1527,0.1388
114,1412,1526,0.1388
116,1413,1529,0.1388
119,1396,1515,0.1388
118,1394,1512,0.1388
120,1400,1520,0.1388
116,1380,1496,0.1388
112,1394,1506,0.1388
114,1397,1511,0.1388
113,1398,1511,0.1388
116,1407,1523,0.1388
115,1406,1521,0.1388
115,1413,1528,0.1388
115,1396,1511,0.1388
117,1398,1515,0.1388
114,1403,1517,0.1388
110,1400,1510,0.1388
111,1406,1517,0.1388
109,1416,1525,0.1388
107,1409,1516,0.1388
107,1398,1505,0.1388
105,1397,1502,0.1388
108,1405,1513,0.1388
105,1412,1517,0.1388
105,1414,1519,0.1388
106,1409,1515,0.1388
104,1416,1520,0.1388
103,1415,1518,0.1388
103,1417,1520,0.1388
102,1416,1518,0.1388
104,1409,1513,0.1388
106,1407,1513,0.1388
108,1406,1514,0.1388
105,1397,1502,0.1388
104,1408,1512,0.1388
100,1411,1511,0.1388
102,1411,1513,0.1388
99,1419,1518,0.1388
101,1417,1518,0.1388
101,1417,1518,0.1388
105,1415,1520,0.1388
104,1417,1521,0.1388
101,1420,1521,0.1388
101,1409,1510,0.1388
102,1419,1521,0.1388
100,1430,1530,0.1388
100,1422,1522,0.1388
100,1415,1515,0.1388
97,1396,1493,0.1388
96,1405,1501,0.1388
94,1408,1502,0.1388
95,1413,1508,0.1388
92,1413,1505,0.1388
91,1408,1499,0.1388
95,1407,1502,0.1388
98,1405,1503,0.1388
98,1413,1511,0.1388
99,1407,1506,0.1388
101,1425,1526,0.1388
98,1426,1524,0.1388
100,1423,1523,0.1388
98,1415,1513,0.1388
95,1428,1523,0.1388
92,1417,1509,0.1388
92,1404,1496,0.1388
95,1418,1513,0.1388
96,1407,1503,0.1388
96,1423,1519,0.1388
99,1410,1509,0.1388
96,1413,1509,0.1388
97,1423,1520,0.1388
101,1411,1512,0.1388
98,1407,1505,0.1388
99,1407,1506,0.1388
98,1411,1509,0.1388
96,1433,1529,0.1388
96,1433,1529,0.1388
94,1420,1514,0.1388
93,1430,1523,0.1388
94,1424,1518,0.1388
94,1422,1516,0.1388
94,1419,1513,0.1388
94,1426,1520,0.1388
94,1423,1517,0.1388
95,1411,1506,0.1388
97,1415,1512,0.1388
98,1429,1527,0.1388
97,1430,1527,0.1388
95,1423,1518,0.1388
93,1429,1522,0.1388
94,1423,1517,0.1388
92,1415,1507,0.1388
93,1422,1515,0.1388
91,1422,1513,0.1388
95,1422,1517,0.1388
94,1431,1525,0.1388
95,1442,1537,0.1388
94,1428,1522,0.1388
94,1440,1534,0.1388
95,1429,1524,0.1388
96,1419,1515,0.1388
95,1432,1527,0.1388
95,1428,1523,0.1388
94,1425,1519,0.1388
92,1420,1512,0.1388
93,1427,1520,0.1388
90,1419,1509,0.1388
86,1418,1504,0.1388
85,1428,1513,0.1388
85,1425,1510,0.1388
84,1428,1512,0.1388
87,1427,1514,0.1388
86,1428,1514,0.1388
82,1434,1516,0.1388
87,1438,1525,0.1388
85,1431,1516,0.1388
81,1428,1509,0.1388
83,1441,1524,0.1388
83,1435,1518,0.1388
85,1437,1522,0.1388
84,1426,1510,0.1388
83,1425,1508,0.1388
79,1428,1507,0.1388
82,1422,1504,0.1388
79,1425,1504,0.1388
83,1433,1516,0.1388
84,1429,1513,0.1388
80,1421,1501,0.1388
85,1414,1499,0.1388
84,1436,1520,0.1388
83,1422,1505,0.1388
86,1418,1504,0.1388
85,1410,1495,0.1388
80,1416,1496,0.1388
79,1425,1504,0.1388
82,1430,1512,0.1388
82,1434,1516,0.1388
83,1426,1509,0.1388
83,1406,1489,0.1388
88,1416,1504,0.1388
89,1424,1513,0.1388
88,1410,1498,0.1388
90,1419,1509,0.1388
87,1422,1509,0.1388
86,1415,1501,0.1388
89,1424,1513,0.1388
87,1434,1521,0.1388
86,1431,1517,0.1388
85,1422,1507,0.1388
86,1436,1522,0.1388
82,1442,1524,0.1388
80,1446,1526,0.1388
84,1449,1533,0.1388
86,1452,1538,0.1388
87,1435,1522,0.1388
87,1431,1518,0.1388
86,1446,1532,0.1388
86,1439,1525,0.1388
85,1423,1508,0.1388
88,1427,1515,0.1388
91,1423,1514,0.1388
93,1421,1514,0.1388
92,1428,1520,0.1388
93,1432,1525,0.1388
93,1427,1520,0.1388
92,1412,1504,0.1388
91,1423,1514,0.1388
90,1439,1529,0.1388
88,1440,1528,0.1388
89,1438,1527,0.1388
89,1437,1526,0.1388
89,1440,1529,0.1388
91,1419,1510,0.1388
89,1424,1513,0.1388
90,1422,1512,0.1388
88,1410,1498,0.1388
84,1408,1492,0.1388
88,1420,1508,0.1388
84,1430,1514,0.1388
89,1429,1518,0.1388
88,1440,1528,0.1388
86,1431,1517,0.1388
84,1424,1508,0.1388
79,1423,1502,0.1388
82,1428,1510,0.1388
80,1422,1502,0.1388
79,1424,1503,0.1388
80,1445,1525,0.1388
80,1445,1525,0.1388
77,1444,1521,0.1388
79,1440,1519,0.1388
81,1437,1518,0.1388
83,1440,1523,0.1388
80,1430,1510,0.1388
80,1432,1512,0.1388
78,1421,1499,0.1388
80,1430,1510,0.1388
77,1436,1513,0.1388
79,1438,1517,0.1388
80,1435,1515,0.1388
82,1430,1512,0.1388
85,1436,1521,0.1388
85,1429,1514,0.1388
82,1425,1507,0.1388
79,1427,1506,0.1388
80,1437,1517,0.1388
78,1435,1513,0.1388
78,1425,1503,0.1388
79,1437,1516,0.1388
77,1422,1499,0.1388
78,1433,1511,0.1388
78,1417,1495,0.1388
78,1426,1504,0.1388
77,1419,1496,0.1388
76,1431,1507,0.1388
77,1440,1517,0.1388
78,1443,1521,0.1388
78,1439,1517,0.1388
78,1432,1510,0.1388
81,1428,1509,0.1388
81,1424,1505,0.1388
83,1424,1507,0.1388
81,1435,1516,0.1388
81,1440,1521,0.1388
83,1440,1523,0.1388
80,1442,1522,0.1388
79,1439,1518,0.1388
82,1440,1522,0.1388
85,1434,1519,0.1388
86,1424,1510,0.1388
84,1420,1504,0.1388
82,1427,1509,0.1388
84,1428,1512,0.1388
84,1435,1519,0.1388
84,1438,1522,0.1388
86,1439,1525,0.1388
84,1445,1529,0.1388
86,1436,1522,0.1388
85,1446,1531,0.1388
80,1441,1521,0.1388
78,1434,1512,0.1388
80,1441,1521,0.1388
83,1425,1508,0.1388
83,1428,1511,0.1388
86,1418,1504,0.1388
84,1423,1507,0.1388
83,1439,1522,0.1388
84,1445,1529,0.1388
85,1442,1527,0.1388
80,1433,1513,0.1388
79,1441,1520,0.1388
79,1447,1526,0.1388
75,1447,1522,0.1388
78,1434,1512,0.1388
77,1436,1513,0.1388
76,1431,1507,0.1388
76,1438,1514,0.1388
76,1437,1513,0.1388
76,1421,1497,0.1388
77,1429,1506,0.1388
73,1436,1509,0.1388
77,1432,1509,0.1388
76,1449,1525,0.1388
79,1459,1538,0.1388
80,1446,1526,0.1388
79,1442,1521,0.1388
76,1431,1507,0.1388
76,1430,1506,0.1388
74,1424,1498,0.1388
72,1436,1508,0.1388
75,1418,1493,0.1388
77,1430,1507,0.1388
77,1427,1504,0.1388
79,1436,1515,0.1388
77,1431,1508,0.1388
76,1428,1504,0.1388
72,1438,1510,0.1388
73,1439,1512,0.1388
72,1427,1499,0.1388
70,1449,1519,0.1388
73,1453,1526,0.1388
74,1448,1522,0.1388
73,1447,1520,0.1388
71,1446,1517,0.1388
74,1446,1520,0.1388
73,1446,1519,0.1388
75,1447,1522,0.1388
77,1446,1523,0.1388
75,1452,1527,0.1388
76,1451,1527,0.1388
75,1447,1522,0.1388
74,1447,1521,0.1388
75,1440,1515,0.1388
77,1442,1519,0.1388
75,1439,1514,0.1388
76,1433,1509,0.1388
76,1437,1513,0.1388
74,1429,1503,0.1388
75,1439,1514,0.1388
76,1442,1518,0.1388
75,1453,1528,0.1388
72,1454,1526,0.1388
72,1456,1528,0.1388
74,1452,1526,0.1388
72,1458,1530,0.1388
70,1457,1527,0.1388
69,1455,1524,0.1388
68,1444,1512,0.1388
66,1451,1517,0.1388
67,1449,1516,0.1388
67,1440,1507,0.1388
70,1446,1516,0.1388
70,1461,1531,0.1388
70,1443,1513,0.1388
67,1435,1502,0.1388
66,1442,1508,0.1388
64,1453,1517,0.1388
65,1439,1504,0.1388
68,1426,1494,0.1388
69,1441,1510,0.1388
71,1450,1521,0.1388
71,1455,1526,0.1388
72,1456,1528,0.1388
71,1445,1516,0.1388
72,1446,1518,0.1388
73,1457,1530,0.1388
74,1453,1527,0.1388
75,1436,1511,0.1388
75,1423,1498,0.1388
75,1443,1518,0.1388
74,1446,1520,0.1388
73,1457,1530,0.1388
74,1447,1521,0.1388
75,1425,1500,0.1388
77,1437,1514,0.1388
76,1439,1515,0.1388
76,1432,1508,0.1388
76,1435,1511,0.1388
75,1437,1512,0.1388
74,1435,1509,0.1388
74,1431,1505,0.1388
76,1443,1519,0.1388
76,1441,1517,0.1388
78,1440,1518,0.1388
79,1434,1513,0.1388
78,1438,1516,0.1388
80,1426,1506,0.1388
77,1431,1508,0.1388
77,1439,1516,0.1388
74,1442,1516,0.1388
70,1437,1507,0.1388
70,1442,1512,0.1388
68,1456,1524,0.1388
68,1437,1505,0.1388
68,1438,1506,0.1388
67,1447,1514,0.1388
67,1440,1507,0.1388
71,1453,1524,0.1388
71,1458,1529,0.1388
72,1462,1534,0.1388
69,1459,1528,0.1388
69,1449,1518,0.1388
70,1453,1523,0.1388
71,1443,1514,0.1388
73,1444,1517,0.1388
69,1437,1506,0.1388
68,1442,1510,0.1388
67,1450,1517,0.1388
70,1438,1508,0.1388
72,1454,1526,0.1388
71,1453,1524,0.1388
71,1450,1521,0.1388
71,1443,1514,0.1388
68,1446,1514,0.1388
71,1450,1521,0.1388
67,1444,1511,0.1388
68,1451,1519,0.1388
70,1431,1501,0.1388
70,1433,1503,0.1388
71,1430,1501,0.1388
71,1445,1516,0.1388
71,1455,1526,0.1388
69,1448,1517,0.1388
70,1453,1523,0.1388
70,1447,1517,0.1388
72,1453,1525,0.1388
71,1446,1517,0.1388
70,1441,1511,0.1388
71,1437,1508,0.1388
71,1439,1510,0.1388
70,1441,1511,0.1388
72,1445,1517,0.1388
71,1449,1520,0.1388
71,1459,1530,0.1388
70,1448,1518,0.1388
70,1447,1517,0.1388
69,1439,1508,0.1388
65,1432,1497,0.1388
67,1426,1493,0.1388
69,1439,1508,0.1388
68,1433,1501,0.1388
67,1447,1514,0.1388
67,1440,1507,0.1388
68,1439,1507,0.1388
65,1454,1519,0.1388
65,1454,1519,0.1388
65,1456,1521,0.1388
63,1459,1522,0.1388
64,1448,1512,0.1388
64,1443,1507,0.1388
63,1447,1510,0.1388
63,1436,1499,0.1388
61,1438,1499,0.1388
62,1452,1514,0.1388
64,1462,1526,0.1388
65,1461,1526,0.1388
62,1464,1526,0.1388
62,1463,1525,0.1388
61,1456,1517,0.1388
62,1457,1519,0.1388
61,1458,1519,0.1388
60,1464,1524,0.1388
63,1472,1535,0.1388
62,1470,1532,0.1388
64,1459,1523,0.1388
64,1459,1523,0.1388
65,1446,1511,0.1388
65,1454,1519,0.1388
63,1461,1524,0.1388
63,1447,1510,0.1388
61,1453,1514,0.1388
62,1444,1506,0.1388
63,1444,1507,0.1388
64,1432,1496,0.1388
63,1443,1506,0.1388
61,1452,1513,0.1388
61,1456,1517,0.1388
59,1451,1510,0.1388
57,1453,1510,0.1388
55,1456,1511,0.1388
55,1464,1519,0.1388
56,1473,1529,0.1388
54,1462,1516,0.1388
54,1466,1520,0.1388
57,1460,1517,0.1388
56,1478,1534,0.1388
54,1469,1523,0.1388
55,1470,1525,0.1388
53,1463,1516,0.1388
54,1437,1491,0.1388
57,1444,1501,0.1388
58,1448,1506,0.1388
58,1463,1521,0.1388
57,1454,1511,0.1388
58,1445,1503,0.1388
59,1450,1509,0.1388
60,1454,1514,0.1388
60,1449,1509,0.1388
63,1449,1512,0.1388
62,1455,1517,0.1388
62,1466,1528,0.1388
62,1452,1514,0.1388
59,1448,1507,0.1388
59,1445,1504,0.1388
60,1456,1516,0.1388
58,1447,1505,0.1388
58,1460,1518,0.1388
54,1463,1517,0.1388
53,1464,1517,0.1388
53,1449,1502,0.1388
54,1457,1511,0.1388
54,1457,1511,0.1388
54,1467,1521,0.1388
53,1464,1517,0.1388
56,1447,1503,0.1388
56,1458,1514,0.1388
56,1463,1519,0.1388
55,1472,1527,0.1388
54,1472,1526,0.1388
52,1490,1542,0.1388
50,1486,1536,0.1388
51,1487,1538,0.1388
49,1477,1526,0.1388
48,1471,1519,0.1388
47,1477,1524,0.1388
47,1484,1531,0.1388
45,1482,1527,0.1388
47,1480,1527,0.1388
47,1481,1528,0.1388
46,1478,1524,0.1388
46,1484,1530,0.1388
47,1472,1519,0.1388
45,1469,1514,0.1388
46,1484,1530,0.1388
45,1471,1516,0.1388
46,1475,1521,0.1388
46,1454,1500,0.1388
47,1467,1514,0.1388
46,1466,1512,0.1388
44,1466,1510,0.1388
45,1470,1515,0.1388
47,1475,1522,0.1388
48,1470,1518,0.1388
48,1470,1518,0.1388
47,1469,1516,0.1388
48,1466,1514,0.1388
48,1470,1518,0.1388
47,1470,1517,0.1388
45,1468,1513,0.1388
44,1484,1528,0.1388
43,1490,1533,0.1388
42,1477,1519,0.1388
44,1475,1519,0.1388
42,1483,1525,0.1388
42,1481,1523,0.1388
39,1486,1525,0.1388
39,1479,1518,0.1388
41,1465,1506,0.1388
44,1462,1506,0.1388
43,1465,1508,0.1388
42,1467,1509,0.1388
42,1469,1511,0.1388
42,1469,1511,0.1388
40,1471,1511,0.1388
42,1468,1510,0.1388
42,1473,1515,0.1388
44,1476,1520,0.1388
45,1481,1526,0.1388
47,1483,1530,0.1388
45,1489,1534,0.1388
46,1470,1516,0.1388
43,1487,1530,0.1388
43,1495,1538,0.1388
44,1494,1538,0.1388
44,1492,1536,0.1388
45,1493,1538,0.1388
45,1495,1540,0.1388
44,1484,1528,0.1388
44,1482,1526,0.1388
41,1478,1519,0.1388
40,1477,1517,0.1388
41,1470,1511,0.1388
45,1469,1514,0.1388
45,1455,1500,0.1388
45,1458,1503,0.1388
45,1465,1510,0.1388
44,1470,1514,0.1388
44,1471,1515,0.1388
44,1469,1513,0.1388
42,1464,1506,0.1388
42,1468,1510,0.1388
42,1475,1517,0.1388
40,1467,1507,0.1388
41,1475,1516,0.1388
41,1473,1514,0.1388
42,1470,1512,0.1388
43,1470,1513,0.1388
43,1486,1529,0.1388
41,1480,1521,0.1388
43,1477,1520,0.1388
42,1475,1517,0.1388
42,1492,1534,0.1388
44,1480,1524,0.1388
43,1474,1517,0.1388
41,1477,1518,0.1388
41,1480,1521,0.1388
43,1475,1518,0.1388
41,1484,1525,0.1388
40,1473,1513,0.1388
40,1483,1523,0.1388
42,1464,1506,0.1388
42,1468,1510,0.1388
42,1463,1505,0.1388
37,1482,1519,0.1388
36,1483,1519,0.1388
36,1487,1523,0.1388
37,1484,1521,0.1388
33,1482,1515,0.1388
36,1483,1519,0.1388
35,1469,1504,0.1388
36,1466,1502,0.1388
36,1466,1502,0.1388
36,1465,1501,0.1388
36,1463,1499,0.1388
33,1461,1494,0.1388
34,1467,1501,0.1388
32,1483,1515,0.1388
33,1482,1515,0.1388
33,1472,1505,0.1388
34,1465,1499,0.1388
34,1465,1499,0.1388
34,1465,1499,0.1388
37,1461,1498,0.1388
37,1474,1511,0.1388
35,1490,1525,0.1388
34,1489,1523,0.1388
34,1492,1526,0.1388
33,1474,1507,0.1388
33,1497,1530,0.1388
33,1490,1523,0.1388
31,1474,1505,0.1388
29,1489,1518,0.1388
30,1488,1518,0.1388
31,1483,1514,0.1388
33,1484,1517,0.1388
33,1482,1515,0.1388
33,1481,1514,0.1388
33,1465,1498,0.1388
34,1468,1502,0.1388
35,1464,1499,0.1388
35,1459,1494,0.1388
36,1461,1497,0.1388
37,1461,1498,0.1388
38,1472,1510,0.1388
38,1471,1509,0.1388
37,1473,1510,0.1388
37,1477,1514,0.1388
37,1481,1518,0.1388
35,1482,1517,0.1388
32,1474,1506,0.1388
31,1484,1515,0.1388
31,1491,1522,0.1388
33,1487,1520,0.1388
31,1487,1518,0.1388
30,1488,1518,0.1388
30,1476,1506,0.1388
30,1472,1502,0.1388
32,1486,1518,0.1388
33,1479,1512,0.1388
31,1472,1503,0.1388
30,1473,1503,0.1388
30,1481,1511,0.1388
30,1487,1517,0.1388
29,1479,1508,0.1388
29,1476,1505,0.1388
29,1486,1515,0.1388
29,1482,1511,0.1388
29,1483,1512,0.1388
29,1485,1514,0.1388
29,1480,1509,0.1388
29,1475,1504,0.1388
29,1489,1518,0.1388
28,1487,1515,0.1388
29,1484,1513,0.1388
27,1488,1515,0.1388
27,1480,1507,0.1388
27,1479,1506,0.1388
29,1486,1515,0.1388
30,1496,1526,0.1388
29,1492,1521,0.1388
29,1487,1516,0.1388
31,1484,1515,0.1388
30,1491,1521,0.1388
31,1489,1520,0.1388
32,1475,1507,0.1388
31,1478,1509,0.1388
31,1469,1500,0.1388
30,1478,1508,0.1388
30,1473,1503,0.1388
30,1484,1514,0.1388
31,1473,1504,0.1388
30,1484,1514,0.1388
29,1488,1517,0.1388
26,1486,1512,0.1388
25,1498,1523,0.1388
25,1484,1509,0.1388
25,1500,1525,0.1388
26,1495,1521,0.1388
24,1484,1508,0.1388
23,1488,1511,0.1388
22,1493,1515,0.1388
22,1497,1519,0.1388
22,1501,1523,0.1388
22,1508,1530,0.1388
22,1493,1515,0.1388
24,1486,1510,0.1388
24,1494,1518,0.1388
24,1490,1514,0.1388
23,1489,1512,0.1388
20,1495,1515,0.1388
20,1499,1519,0.1388
20,1502,1522,0.1388
20,1500,1520,0.1388
20,1491,1511,0.1388
20,1493,1513,0.1388
21,1490,1511,0.1388
20,1491,1511,0.1388
20,1496,1516,0.1388
19,1501,1520,0.1388
19,1489,1508,0.1388
19,1492,1511,0.1388
19,1485,1504,0.1388
19,1475,1494,0.1388
20,1480,1500,0.1388
19,1479,1498,0.1388
20,1485,1505,0.1388
19,1487,1506,0.1388
20,1490,1510,0.1388
19,1500,1519,0.1388
18,1506,1524,0.1388
18,1498,1516,0.1388
18,1502,1520,0.1388
18,1514,1532,0.1388
17,1502,1519,0.1388
16,1499,1515,0.1388
16,1497,1513,0.1388
16,1491,1507,0.1388
16,1493,1509,0.1388
15,1485,1500,0.1388
15,1489,1504,0.1388
14,1506,1520,0.1388
14,1504,1518,0.1388
14,1502,1516,0.1388
14,1492,1506,0.1388
13,1487,1500,0.1388
12,1492,1504,0.1388
12,1492,1504,0.1388
13,1494,1507,0.1388
13,1506,1519,0.1388
13,1499,1512,0.1388
15,1508,1523,0.1388
15,1499,1514,0.1388
15,1502,1517,0.1388
14,1493,1507,0.1388
15,1492,1507,0.1388
15,1511,1526,0.1388
15,1521,1536,0.1388
16,1514,1530,0.1388
16,1514,1530,0.1388
16,1513,1529,0.1388
17,1515,1532,0.1388
19,1517,1536,0.1388
19,1517,1536,0.1388
18,1513,1531,0.1388
18,1514,1532,0.1388
19,1508,1527,0.1388
19,1509,1528,0.1388
19,1504,1523,0.1388
19,1519,1538,0.1388
19,1501,1520,0.1388
18,1490,1508,0.1388
18,1492,1510,0.1388
18,1506,1524,0.1388
19,1497,1516,0.1388
19,1498,1517,0.1388
19,1494,1513,0.1388
18,1496,1514,0.1388
17,1519,1536,0.1388
17,1508,1525,0.1388
17,1515,1532,0.1388
16,1504,1520,0.1388
15,1507,1522,0.1388
15,1519,1534,0.1388
15,1517,1532,0.1388
15,1515,1530,0.1388
15,1510,1525,0.1388
14,1510,1524,0.1388
14,1508,1522,0.1388
16,1504,1520,0.1388
15,1506,1521,0.1388
14,1497,1511,0.1388
13,1495,1508,0.1388
12,1494,1506,0.1388
12,1493,1505,0.1388
12,1480,1492,0.1388
12,1502,1514,0.1388
13,1505,1518,0.1388
13,1491,1504,0.1388
12,1496,1508,0.1388
13,1497,1510,0.1388
12,1495,1507,0.1388
12,1491,1503,0.1388
12,1490,1502,0.1388
11,1487,1498,0.1388
11,1497,1508,0.1388
11,1498,1509,0.1388
10,1502,1512,0.1388
10,1496,1506,0.1388
10,1506,1516,0.1388
11,1510,1521,0.1388
10,1503,1513,0.1388
10,1511,1521,0.1388
9,1495,1504,0.1388
9,1512,1521,0.1388
8,1522,1530,0.1388
8,1509,1517,0.1388
8,1502,1510,0.1388
8,1508,1516,0.1388
8,1502,1510,0.1388
9,1511,1520,0.1388
9,1510,1519,0.1388
9,1516,1525,0.1388
9,1516,1525,0.1388
10,1510,1520,0.1388
10,1515,1525,0.1388
10,1519,1529,0.1388
9,1515,1524,0.1388
9,1511,1520,0.1388
9,1497,1506,0.1388
9,1497,1506,0.1388
9,1497,1506,0.1388
9,1510,1519,0.1388
9,1509,1518,0.1388
9,1519,1528,0.1388
9,1507,1516,0.1388
10,1509,1519,0.1388
9,1516,1525,0.1388
9,1519,1528,0.1388
11,1516,1527,0.1388
11,1512,1523,0.1388
11,1514,1525,0.1388
11,1523,1534,0.1388
10,1508,1518,0.1388
10,1500,1510,0.1388
10,1502,1512,0.1388
10,1505,1515,0.1388
10,1507,1517,0.1388
10,1512,1522,0.1388
10,1503,1513,0.1388
8,1506,1514,0.1388
8,1509,1517,0.1388
9,1513,1522,0.1388
9,1497,1506,0.1388
8,1501,1509,0.1388
9,1512,1521,0.1388
9,1504,1513,0.1388
7,1496,1503,0.1388
6,1499,1505,0.1388
7,1504,1511,0.1388
6,1501,1507,0.1388
6,1499,1505,0.1388
6,1504,1510,0.1388
7,1505,1512,0.1388
8,1508,1516,0.1388
8,1513,1521,0.1388
8,1507,1515,0.1388
8,1517,1525,0.1388
8,1506,1514,0.1388
8,1510,1518,0.1388
8,1512,1520,0.1388
8,1509,1517,0.1388
6,1511,1517,0.1388
6,1508,1514,0.1388
6,1517,1523,0.1388
6,1509,1515,0.1388
7,1517,1524,0.1388
8,1526,1534,0.1388
8,1507,1515,0.1388
6,1515,1521,0.1388
6,1506,1512,0.1388
6,1507,1513,0.1388
6,1505,1511,0.1388
6,1515,1521,0.1388
6,1521,1527,0.1388
6,1515,1521,0.1388
6,1511,1517,0.1388
6,1505,1511,0.1388
6,1507,1513,0.1388
6,1494,1500,0.1388
6,1505,1511,0.1388
6,1521,1527,0.1388
6,1534,1540,0.1388
6,1534,1540,0.1388
5,1525,1530,0.1388
5,1518,1523,0.1388
5,1508,1513,0.1388
5,1513,1518,0.1388
5,1510,1515,0.1388
5,1507,1512,0.1388
5,1522,1527,0.1388
5,1524,1529,0.1388
5,1516,1521,0.1388
5,1512,1517,0.1388
5,1508,1513,0.1388
5,1504,1509,0.1388
5,1509,1514,0.1388
5,1511,1516,0.1388
5,1506,1511,0.1388
5,1501,1506,0.1388
5,1509,1514,0.1388
5,1511,1516,0.1388
4,1520,1524,0.1388
4,1527,1531,0.1388
4,1518,1522,0.1388
6,1511,1517,0.1388
6,1506,1512,0.1388
6,1495,1501,0.1388
6,1490,1496,0.1388
6,1496,1502,0.1388
6,1505,1511,0.1388
6,1498,1504,0.1388
6,1496,1502,0.1388
6,1499,1505,0.1388
6,1491,1497,0.1388
5,1502,1507,0.1388
5,1494,1499,0.1388
5,1492,1497,0.1388
5,1511,1516,0.1388
5,1506,1511,0.1388
5,1522,1527,0.1388
5,1514,1519,0.1388
6,1512,1518,0.1388
7,1513,1520,0.1388
5,1505,1510,0.1388
5,1505,1510,0.1388
5,1508,1513,0.1388
5,1510,1515,0.1388
5,1512,1517,0.1388
3,1506,1509,0.1388
3,1492,1495,0.1388
3,1498,1501,0.1388
2,1515,1517,0.1388
3,1515,1518,0.1388
3,1517,1520,0.1388
3,1519,1522,0.1388
4,1512,1516,0.1388
4,1505,1509,0.1388
4,1500,1504,0.1388
3,1506,1509,0.1388
3,1503,1506,0.1388
3,1507,1510,0.1388
2,1519,1521,0.1388
2,1510,1512,0.1388
2,1526,1528,0.1388
2,1516,1518,0.1388
2,1511,1513,0.1388
2,1513,1515,0.1388
2,1530,1532,0.1388
2,1518,1520,0.1388
2,1514,1516,0.1388
2,1513,1515,0.1388
2,1506,1508,0.1388
3,1504,1507,0.1388
3,1510,1513,0.1388
3,1510,1513,0.1388
3,1523,1526,0.1388
3,1513,1516,0.1388
3,1493,1496,0.1388
3,1507,1510,0.1388
3,1504,1507,0.1388
3,1506,1509,0.1388
3,1501,1504,0.1388
3,1506,1509,0.1388
3,1510,1513,0.1388
3,1513,1516,0.1388
3,1517,1520,0.1388
3,1517,1520,0.1388
3,1511,1514,0.1388
3,1512,1515,0.1388
3,1508,1511,0.1388
3,1518,1521,0.1388
3,1507,1510,0.1388
3,1490,1493,0.1388
3,1505,1508,0.1388
3,1503,1506,0.1388
3,1512,1515,0.1388
3,1499,1502,0.1388
3,1512,1515,0.1388
3,1522,1525,0.1388
3,1514,1517,0.1388
3,1515,1518,0.1388
3,1529,1532,0.1388
3,1520,1523,0.1388
3,1521,1524,0.1388
3,1508,1511,0.1388
3,1519,1522,0.1388
3,1523,1526,0.1388
4,1525,1529,0.1388
4,1523,1527,0.1388
3,1515,1518,0.1388
3,1526,1529,0.1388
3,1531,1534,0.1388
3,1532,1535,0.1388
2,1523,1525,0.1388
2,1526,1528,0.1388
3,1514,1517,0.1388
3,1517,1520,0.1388
3,1516,1519,0.1388
3,1508,1511,0.1388
3,1513,1516,0.1388
3,1511,1514,0.1388
5,1506,1511,0.1388
5,1499,1504,0.1388
5,1508,1513,0.1388
5,1508,1513,0.1388
4,1524,1528,0.1388
4,1510,1514,0.1388
4,1505,1509,0.1388
4,1499,1503,0.1388
4,1510,1514,0.1388
4,1506,1510,0.1388
4,1496,1500,0.1388
4,1504,1508,0.1388
4,1512,1516,0.1388
4,1505,1509,0.1388
4,1507,1511,0.1388
4,1503,1507,0.1388
4,1515,1519,0.1388
4,1514,1518,0.1388
4,1522,1526,0.1388
4,1516,1520,0.1388
3,1521,1524,0.1388
3,1521,1524,0.1388
3,1517,1520,0.1388
3,1513,1516,0.1388
3,1516,1519,0.1388
3,1517,1520,0.1388
3,1502,1505,0.1388
3,1502,1505,0.1388
3,1506,1509,0.1388
3,1505,1508,0.1388
3,1506,1509,0.1388
4,1514,1518,0.1388
4,1517,1521,0.1388
4,1519,1523,0.1388
4,1508,1512,0.1388
4,1498,1502,0.1388
4,1501,1505,0.1388
5,1508,1513,0.1388
5,1508,1513,0.1388
5,1505,1510,0.1388
5,1506,1511,0.1388
5,1499,1504,0.1388
6,1510,1516,0.1388
5,1518,1523,0.1388
5,1514,1519,0.1388
5,1521,1526,0.1388
5,1516,1521,0.1388
5,1509,1514,0.1388
5,1520,1525,0.1388
5,1508,1513,0.1388
4,1510,1514,0.1388
4,1503,1507,0.1388
4,1507,1511,0.1388
4,1511,1515,0.1388
5,1507,1512,0.1388
5,1507,1512,0.1388
5,1507,1512,0.1388
5,1503,1508,0.1388
5,1509,1514,0.1388
5,1500,1505,0.1388
5,1503,1508,0.1388
5,1516,1521,0.1388
6,1508,1514,0.1388
7,1513,1520,0.1388
7,1519,1526,0.1388
7,1502,1509,0.1388
7,1514,1521,0.1388
7,1511,1518,0.1388
6,1506,1512,0.1388
6,1508,1514,0.1388
6,1508,1514,0.1388
6,1493,1499,0.1388
5,1508,1513,0.1388
5,1501,1506,0.1388
5,1515,1520,0.1388
5,1514,1519,0.1388
5,1505,1510,0.1388
5,1514,1519,0.1388
4,1515,1519,0.1388
3,1509,1512,0.1388
3,1524,1527,0.1388
3,1525,1528,0.1388
3,1522,1525,0.1388
3,1507,1510,0.1388
4,1505,1509,0.1388
5,1501,1506,0.1388
5,1498,1503,0.1388
5,1509,1514,0.1388
5,1510,1515,0.1388
6,1510,1516,0.1388
6,1514,1520,0.1388
6,1518,1524,0.1388
6,1533,1539,0.1388
6,1522,1528,0.1388
6,1520,1526,0.1388
6,1509,1515,0.1388
7,1511,1518,0.1388
7,1505,1512,0.1388
7,1509,1516,0.1388
7,1499,1506,0.1388
8,1502,1510,0.1388
8,1509,1517,0.1388
8,1509,1517,0.1388
8,1506,1514,0.1388
8,1508,1516,0.1388
7,1507,1514,0.1388
7,1517,1524,0.1388
7,1520,1527,0.1388
7,1519,1526,0.1388
7,1508,1515,0.1388
7,1524,1531,0.1388
7,1515,1522,0.1388
7,1525,1532,0.1388
7,1516,1523,0.1388
7,1516,1523,0.1388
7,1503,1510,0.1388
7,1507,1514,0.1388
5,1516,1521,0.1388
5,1513,1518,0.1388
5,1501,1506,0.1388
5,1514,1519,0.1388
6,1515,1521,0.1388
6,1515,1521,0.1388
6,1518,1524,0.1388
6,1518,1524,0.1388
6,1515,1521,0.1388
6,1508,1514,0.1388
6,1515,1521,0.1388
6,1518,1524,0.1388
6,1513,1519,0.1388
6,1510,1516,0.1388
7,1505,1512,0.1388
8,1496,1504,0.1388
8,1491,1499,0.1388
7,1495,1502,0.1388
7,1516,1523,0.1388
8,1510,1518,0.1388
8,1511,1519,0.1388
8,1519,1527,0.1388
8,1492,1500,0.1388
8,1476,1484,0.1388
8,1497,1505,0.1388
8,1502,1510,0.1388
8,1508,1516,0.1388
8,1510,1518,0.1388
9,1515,1524,0.1388
9,1499,1508,0.1388
8,1500,1508,0.1388
8,1510,1518,0.1388
9,1505,1514,0.1388
9,1504,1513,0.1388
8,1509,1517,0.1388
7,1506,1513,0.1388
7,1497,1504,0.1388
7,1505,1512,0.1388
7,1511,1518,0.1388
7,1504,1511,0.1388
7,1517,1524,0.1388
6,1518,1524,0.1388
6,1505,1511,0.1388
6,1521,1527,0.1388
7,1523,1530,0.1388
6,1519,1525,0.1388
6,1511,1517,0.1388
6,1493,1499,0.1388
5,1494,1499,0.1388
5,1493,1498,0.1388
4,1501,1505,0.1388
4,1501,1505,0.1388
5,1508,1513,0.1388
4,1499,1503,0.1388
4,1507,1511,0.1388
4,1519,1523,0.1388
5,1517,1522,0.1388
6,1494,1500,0.1388
6,1495,1501,0.1388
6,1502,1508,0.1388
5,1516,1521,0.1388
5,1518,1523,0.1388
5,1520,1525,0.1388
5,1522,1527,0.1388
5,1521,1526,0.1388
5,1515,1520,0.1388
5,1515,1520,0.1388
5,1519,1524,0.1388
5,1505,1510,0.1388
5,1519,1524,0.1388
5,1514,1519,0.1388
5,1523,1528,0.1388
5,1523,1528,0.1388
5,1523,1528,0.1388
5,1506,1511,0.1388
5,1505,1510,0.1388
5,1501,1506,0.1388
5,1514,1519,0.1388
4,1508,1512,0.1388
4,1509,1513,0.1388
4,1510,1514,0.1388
4,1515,1519,0.1388
4,1520,1524,0.1388
4,1527,1531,0.1388
3,1519,1522,0.1388
3,1531,1534,0.1388
3,1520,1523,0.1388
3,1523,1526,0.1388
2,1536,1538,0.1388
2,1526,1528,0.1388
2,1524,1526,0.1388
2,1525,1527,0.1388
2,1517,1519,0.1388
2,1521,1523,0.1388
2,1528,1530,0.1388
2,1526,1528,0.1388
2,1529,1531,0.1388
2,1535,1537,0.1388
2,1528,1530,0.1388
2,1521,1523,0.1388
2,1528,1530,0.1388
2,1524,1526,0.1388
2,1519,1521,0.1388
2,1517,1519,0.1388
2,1507,1509,0.1388
2,1500,1502,0.1388
2,1510,1512,0.1388
2,1530,1532,0.1388
2,1515,1517,0.1388
2,1508,1510,0.1388
2,1516,1518,0.1388
1,1514,1515,0.1388
1,1518,1519,0.1388
1,1520,1521,0.1388
1,1513,1514,0.1388
1,1499,1500,0.1388
1,1522,1523,0.1388
1,1512,1513,0.1388
1,1513,1514,0.1388
1,1509,1510,0.1388
1,1513,1514,0.1388
1,1505,1506,0.1388
1,1505,1506,0.1388
1,1510,1511,0.1388
1,1489,1490,0.1388
1,1491,1492,0.1388
1,1488,1489,0.1388
1,1495,1496,0.1388
1,1514,1515,0.1388
1,1519,1520,0.1388
1,1515,1516,0.1388
1,1500,1501,0.1388
1,1495,1496,0.1388
1,1499,1500,0.1388
1,1520,1521,0.1388
1,1529,1530,0.1388
1,1524,1525,0.1388
1,1528,1529,0.1388
1,1525,1526,0.1388
1,1534,1535,0.1388
1,1528,1529,0.1388
1,1523,1524,0.1388
1,1532,1533,0.1388
1,1528,1529,0.1388
1,1534,1535,0.1388
1,1513,1514,0.1388
1,1512,1513,0.1388
1,1513,1514,0.1388
1,1508,1509,0.1388
1,1506,1507,0.1388
1,1511,1512,0.1388
1,1510,1511,0.1388
1,1522,1523,0.1388
1,1519,1520,0.1388
1,1522,1523,0.1388
1,1529,1530,0.1388
2,1513,1515,0.1388
1,1515,1516,0.1388
1,1510,1511,0.1388
1,1512,1513,0.1388
1,1519,1520,0.1388
1,1512,1513,0.1388
1,1527,1528,0.1388
1,1516,1517,0.1388
1,1527,1528,0.1388
1,1521,1522,0.1388
0,1512,1512,0.1388
