1349,27,1376,0.1388
1398,28,1426,0.1388
1425,27,1452,0.1388
1437,28,1465,0.1388
1440,30,1470,0.1388
1447,32,1479,0.1388
1461,31,1492,0.1388
1463,29,1492,0.1388
1463,30,1493,0.1388
1469,29,1498,0.1388
1484,29,1513,0.1388
1470,28,1498,0.1388
1444,27,1471,0.1388
1442,27,1469,0.1388
1464,26,1490,0.1388
1470,25,1495,0.1388
1460,26,1486,0.1388
1453,26,1479,0.1388
1459,26,1485,0.1388
1447,25,1472,0.1388
1449,24,1473,0.1388
1455,25,1480,0.1388
1459,26,1485,0.1388
1466,26,1492,0.1388
1455,23,1478,0.1388
1436,23,1459,0.1388
1446,23,1469,0.1388
1453,23,1476,0.1388
1451,23,1474,0.1388
1453,23,1476,0.1388
1455,25,1480,0.1388
1451,23,1474,0.1388
1467,22,1489,0.1388
1476,23,1499,0.1388
1475,22,1497,0.1388
1475,21,1496,0.1388
1483,23,1506,0.1388
1476,24,1500,0.1388
1479,23,1502,0.1388
1487,22,1509,0.1388
1480,24,1504,0.1388
1467,25,1492,0.1388
1474,25,1499,0.1388
1482,25,1507,0.1388
1477,24,1501,0.1388
1471,23,1494,0.1388
1464,24,1488,0.1388
1462,26,1488,0.1388
1466,24,1490,0.1388
1475,24,1499,0.1388
1479,26,1505,0.1388
1483,27,1510,0.1388
1473,27,1500,0.1388
1465,29,1494,0.1388
1466,27,1493,0.1388
1457,29,1486,0.1388
1454,30,1484,0.1388
1448,29,1477,0.1388
1459,30,1489,0.1388
1450,30,1480,0.1388
1432,31,1463,0.1388
1432,33,1465,0.1388
1449,34,1483,0.1388
1456,35,1491,0.1388
1444,36,1480,0.1388
1442,34,1476,0.1388
1453,35,1488,0.1388
1458,34,1492,0.1388
1466,33,1499,0.1388
1464,34,1498,0.1388
1461,32,1493,0.1388
1460,33,1493,0.1388
1467,31,1498,0.1388
1469,31,1500,0.1388
1462,30,1492,0.1388
1464,30,1494,0.1388
1459,29,1488,0.1388
1465,31,1496,0.1388
1450,29,1479,0.1388
1444,31,1475,0.1388
1443,32,1475,0.1388
1448,33,1481,0.1388
1443,34,1477,0.1388
1450,34,1484,0.1388
1461,34,1495,0.1388
1459,34,1493,0.1388
1470,33,1503,0.1388
1483,33,1516,0.1388
1484,32,1516,0.1388
1477,32,1509,0.1388
1467,32,1499,0.1388
1477,31,1508,0.1388
1468,34,1502,0.1388
1477,32,1509,0.1388
1478,32,1510,0.1388
1475,34,1509,0.1388
1470,35,1505,0.1388
1453,35,1488,0.1388
1449,36,1485,0.1388
1435,36,1471,0.1388
1459,34,1493,0.1388
1461,35,1496,0.1388
1458,36,1494,0.1388
1465,35,1500,0.1388
1466,36,1502,0.1388
1466,36,1502,0.1388
1463,34,1497,0.1388
1461,35,1496,0.1388
1466,35,1501,0.1388
1448,34,1482,0.1388
1440,32,1472,0.1388
1430,32,1462,0.1388
1439,32,1471,0.1388
1455,31,1486,0.1388
1463,31,1494,0.1388
1466,32,1498,0.1388
1466,33,1499,0.1388
1472,32,1504,0.1388
1470,31,1501,0.1388
1470,31,1501,0.1388
1459,31,1490,0.1388
1463,30,1493,0.1388
1455,29,1484,0.1388
1464,29,1493,0.1388
1466,30,1496,0.1388
1461,32,1493,0.1388
1454,32,1486,0.1388
1458,34,1492,0.1388
1471,33,1504,0.1388
1473,34,1507,0.1388
1475,35,1510,0.1388
1475,35,1510,0.1388
1472,33,1505,0.1388
1464,33,1497,0.1388
1469,35,1504,0.1388
1448,36,1484,0.1388
1462,37,1499,0.1388
1464,37,1501,0.1388
1462,35,1497,0.1388
1447,34,1481,0.1388
1456,34,1490,0.1388
1464,33,1497,0.1388
1463,33,1496,0.1388
1456,34,1490,0.1388
1456,35,1491,0.1388
1443,35,1478,0.1388
1443,34,1477,0.1388
1454,34,1488,0.1388
1456,33,1489,0.1388
1450,37,1487,0.1388
1461,36,1497,0.1388
1463,35,1498,0.1388
1477,34,1511,0.1388
1465,35,1500,0.1388
1475,36,1511,0.1388
1480,37,1517,0.1388
1475,38,1513,0.1388
1461,39,1500,0.1388
1464,39,1503,0.1388
1459,38,1497,0.1388
1464,37,1501,0.1388
1462,35,1497,0.1388
1460,35,1495,0.1388
1453,36,1489,0.1388
1469,36,1505,0.1388
1464,35,1499,0.1388
1473,36,1509,0.1388
1470,36,1506,0.1388
1477,36,1513,0.1388
1462,38,1500,0.1388
1462,37,1499,0.1388
1460,37,1497,0.1388
1455,38,1493,0.1388
1462,40,1502,0.1388
1468,40,1508,0.1388
1469,40,1509,0.1388
1467,41,1508,0.1388
1461,41,1502,0.1388
1467,38,1505,0.1388
1455,38,1493,0.1388
1454,38,1492,0.1388
1469,38,1507,0.1388
1463,39,1502,0.1388
1457,39,1496,0.1388
1468,39,1507,0.1388
1472,37,1509,0.1388
1456,37,1493,0.1388
1458,39,1497,0.1388
1453,36,1489,0.1388
1457,37,1494,0.1388
1452,36,1488,0.1388
1454,36,1490,0.1388
1456,36,1492,0.1388
1458,37,1495,0.1388
1454,39,1493,0.1388
1448,40,1488,0.1388
1447,38,1485,0.1388
1445,38,1483,0.1388
1451,39,1490,0.1388
1469,39,1508,0.1388
1461,43,1504,0.1388
1443,42,1485,0.1388
1447,43,1490,0.1388
1451,43,1494,0.1388
1449,46,1495,0.1388
1451,45,1496,0.1388
1446,43,1489,0.1388
1418,43,1461,0.1388
1429,43,1472,0.1388
1425,42,1467,0.1388
1433,45,1478,0.1388
1446,43,1489,0.1388
1449,45,1494,0.1388
1447,45,1492,0.1388
1442,44,1486,0.1388
1440,45,1485,0.1388
1448,45,1493,0.1388
1446,45,1491,0.1388
1446,46,1492,0.1388
1431,45,1476,0.1388
1431,46,1477,0.1388
1448,46,1494,0.1388
1455,45,1500,0.1388
1439,45,1484,0.1388
1438,44,1482,0.1388
1441,43,1484,0.1388
1439,45,1484,0.1388
1447,45,1492,0.1388
1452,46,1498,0.1388
1468,44,1512,0.1388
1460,45,1505,0.1388
1454,43,1497,0.1388
1447,44,1491,0.1388
1450,45,1495,0.1388
1444,45,1489,0.1388
1450,44,1494,0.1388
1440,42,1482,0.1388
1445,44,1489,0.1388
1459,43,1502,0.1388
1452,43,1495,0.1388
1458,44,1502,0.1388
1459,41,1500,0.1388
1454,40,1494,0.1388
1449,40,1489,0.1388
1452,39,1491,0.1388
1429,40,1469,0.1388
1431,42,1473,0.1388
1434,43,1477,0.1388
1422,43,1465,0.1388
1428,43,1471,0.1388
1441,43,1484,0.1388
1444,43,1487,0.1388
1447,41,1488,0.1388
1444,42,1486,0.1388
1444,40,1484,0.1388
1456,42,1498,0.1388
1459,41,1500,0.1388
1466,39,1505,0.1388
1464,39,1503,0.1388
1470,37,1507,0.1388
1464,38,1502,0.1388
1456,39,1495,0.1388
1448,37,1485,0.1388
1447,37,1484,0.1388
1452,36,1488,0.1388
1445,37,1482,0.1388
1455,35,1490,0.1388
1452,40,1492,0.1388
1447,43,1490,0.1388
1439,42,1481,0.1388
1450,43,1493,0.1388
1454,45,1499,0.1388
1442,44,1486,0.1388
1431,44,1475,0.1388
1431,45,1476,0.1388
1438,48,1486,0.1388
1438,49,1487,0.1388
1435,47,1482,0.1388
1448,49,1497,0.1388
1446,49,1495,0.1388
1444,51,1495,0.1388
1436,50,1486,0.1388
1424,49,1473,0.1388
1430,50,1480,0.1388
1427,51,1478,0.1388
1428,48,1476,0.1388
1439,48,1487,0.1388
1448,49,1497,0.1388
1447,50,1497,0.1388
1453,49,1502,0.1388
1438,51,1489,0.1388
1437,57,1494,0.1388
1432,58,1490,0.1388
1427,59,1486,0.1388
1436,63,1499,0.1388
1444,68,1512,0.1388
1429,66,1495,0.1388
1429,65,1494,0.1388
1430,63,1493,0.1388
1418,63,1481,0.1388
1422,65,1487,0.1388
1428,67,1495,0.1388
1435,69,1504,0.1388
1427,70,1497,0.1388
1422,71,1493,0.1388
1432,69,1501,0.1388
1426,72,1498,0.1388
1441,69,1510,0.1388
1451,68,1519,0.1388
1446,69,1515,0.1388
1445,67,1512,0.1388
1453,67,1520,0.1388
1457,66,1523,0.1388
1448,65,1513,0.1388
1437,64,1501,0.1388
1426,67,1493,0.1388
1411,65,1476,0.1388
1413,64,1477,0.1388
1413,64,1477,0.1388
1436,63,1499,0.1388
1441,61,1502,0.1388
1425,63,1488,0.1388
1427,67,1494,0.1388
1429,66,1495,0.1388
1423,66,1489,0.1388
1423,67,1490,0.1388
1424,69,1493,0.1388
1430,68,1498,0.1388
1425,70,1495,0.1388
1429,71,1500,0.1388
1421,73,1494,0.1388
1411,72,1483,0.1388
1418,74,1492,0.1388
1423,73,1496,0.1388
1436,76,1512,0.1388
1432,74,1506,0.1388
1418,73,1491,0.1388
1414,74,1488,0.1388
1421,76,1497,0.1388
1423,78,1501,0.1388
1416,78,1494,0.1388
1426,78,1504,0.1388
1404,77,1481,0.1388
1391,78,1469,0.1388
1405,73,1478,0.1388
1403,78,1481,0.1388
1421,81,1502,0.1388
1413,84,1497,0.1388
1415,86,1501,0.1388
1413,87,1500,0.1388
1411,86,1497,0.1388
1417,86,1503,0.1388
1404,84,1488,0.1388
1399,90,1489,0.1388
1407,91,1498,0.1388
1403,90,1493,0.1388
1384,88,1472,0.1388
1406,92,1498,0.1388
1407,91,1498,0.1388
1410,93,1503,0.1388
1417,90,1507,0.1388
1410,90,1500,0.1388
1394,90,1484,0.1388
1384,90,1474,0.1388
1409,92,1501,0.1388
1403,90,1493,0.1388
1407,88,1495,0.1388
1396,87,1483,0.1388
1409,84,1493,0.1388
1411,85,1496,0.1388
1426,86,1512,0.1388
1426,87,1513,0.1388
1416,89,1505,0.1388
1413,88,1501,0.1388
1407,93,1500,0.1388
1403,93,1496,0.1388
1416,91,1507,0.1388
1415,91,1506,0.1388
1399,89,1488,0.1388
1391,91,1482,0.1388
1386,92,1478,0.1388
1386,93,1479,0.1388
1394,94,1488,0.1388
1399,90,1489,0.1388
1390,90,1480,0.1388
1396,94,1490,0.1388
1389,97,1486,0.1388
1390,101,1491,0.1388
1394,103,1497,0.1388
1408,98,1506,0.1388
1401,97,1498,0.1388
1401,97,1498,0.1388
1388,97,1485,0.1388
1391,103,1494,0.1388
1383,104,1487,0.1388
1392,105,1497,0.1388
1400,104,1504,0.1388
1408,102,1510,0.1388
1397,98,1495,0.1388
1384,105,1489,0.1388
1388,104,1492,0.1388
1404,100,1504,0.1388
1394,100,1494,0.1388
1381,98,1479,0.1388
1381,95,1476,0.1388
1375,97,1472,0.1388
1386,95,1481,0.1388
1390,95,1485,0.1388
1383,95,1478,0.1388
1365,101,1466,0.1388
1376,103,1479,0.1388
1393,105,1498,0.1388
1391,107,1498,0.1388
1393,111,1504,0.1388
1397,112,1509,0.1388
1405,108,1513,0.1388
1402,111,1513,0.1388
1394,110,1504,0.1388
1383,108,1491,0.1388
1378,113,1491,0.1388
1377,109,1486,0.1388
1382,112,1494,0.1388
1370,116,1486,0.1388
1376,115,1491,0.1388
1373,114,1487,0.1388
1358,113,1471,0.1388
1358,116,1474,0.1388
1356,117,1473,0.1388
1370,117,1487,0.1388
1363,121,1484,0.1388
1371,127,1498,0.1388
1353,129,1482,0.1388
1357,130,1487,0.1388
1354,125,1479,0.1388
1373,128,1501,0.1388
1381,136,1517,0.1388
1362,135,1497,0.1388
1348,132,1480,0.1388
1357,135,1492,0.1388
1347,129,1476,0.1388
1356,127,1483,0.1388
1362,130,1492,0.1388
1358,129,1487,0.1388
1373,127,1500,0.1388
1377,132,1509,0.1388
1360,132,1492,0.1388
1357,134,1491,0.1388
1349,130,1479,0.1388
1342,128,1470,0.1388
1344,127,1471,0.1388
1349,133,1482,0.1388
1349,139,1488,0.1388
1346,139,1485,0.1388
1347,138,1485,0.1388
1358,142,1500,0.1388
1358,143,1501,0.1388
1361,141,1502,0.1388
1370,139,1509,0.1388
1358,140,1498,0.1388
1344,142,1486,0.1388
1349,142,1491,0.1388
1345,143,1488,0.1388
1347,143,1490,0.1388
1344,143,1487,0.1388
1348,143,1491,0.1388
1344,144,1488,0.1388
1344,142,1486,0.1388
1350,139,1489,0.1388
1351,139,1490,0.1388
1342,139,1481,0.1388
1348,141,1489,0.1388
1337,140,1477,0.1388
1339,144,1483,0.1388
1337,144,1481,0.1388
1350,144,1494,0.1388
1346,142,1488,0.1388
1347,142,1489,0.1388
1344,147,1491,0.1388
1355,148,1503,0.1388
1356,154,1510,0.1388
1348,155,1503,0.1388
1355,152,1507,0.1388
1344,154,1498,0.1388
1347,153,1500,0.1388
1338,154,1492,0.1388
1336,153,1489,0.1388
1335,153,1488,0.1388
1331,151,1482,0.1388
1356,150,1506,0.1388
1348,155,1503,0.1388
1348,160,1508,0.1388
1336,158,1494,0.1388
1336,159,1495,0.1388
1327,162,1489,0.1388
1333,161,1494,0.1388
1319,163,1482,0.1388
1315,161,1476,0.1388
1317,165,1482,0.1388
1315,168,1483,0.1388
1313,169,1482,0.1388
1326,168,1494,0.1388
1326,171,1497,0.1388
1328,173,1501,0.1388
1331,172,1503,0.1388
1332,179,1511,0.1388
1329,176,1505,0.1388
1331,176,1507,0.1388
1328,173,1501,0.1388
1328,176,1504,0.1388
1323,176,1499,0.1388
1321,177,1498,0.1388
1317,175,1492,0.1388
1321,179,1500,0.1388
1338,182,1520,0.1388
1325,181,1506,0.1388
1314,180,1494,0.1388
1319,178,1497,0.1388
1317,177,1494,0.1388
1329,178,1507,0.1388
1325,178,1503,0.1388
1322,177,1499,0.1388
1318,178,1496,0.1388
1311,180,1491,0.1388
1310,183,1493,0.1388
1307,185,1492,0.1388
1300,186,1486,0.1388
1300,186,1486,0.1388
1309,184,1493,0.1388
1311,182,1493,0.1388
1301,183,1484,0.1388
1301,187,1488,0.1388
1312,180,1492,0.1388
1313,183,1496,0.1388
1307,180,1487,0.1388
1318,182,1500,0.1388
1314,179,1493,0.1388
1302,177,1479,0.1388
1301,180,1481,0.1388
1304,176,1480,0.1388
1302,175,1477,0.1388
1311,171,1482,0.1388
1306,175,1481,0.1388
1293,175,1468,0.1388
1288,182,1470,0.1388
1304,179,1483,0.1388
1307,177,1484,0.1388
1309,173,1482,0.1388
1306,177,1483,0.1388
1304,177,1481,0.1388
1294,172,1466,0.1388
1306,175,1481,0.1388
1298,178,1476,0.1388
1306,180,1486,0.1388
1299,185,1484,0.1388
1311,187,1498,0.1388
1319,185,1504,0.1388
1311,188,1499,0.1388
1300,185,1485,0.1388
1304,183,1487,0.1388
1313,180,1493,0.1388
1321,180,1501,0.1388
1317,176,1493,0.1388
1307,180,1487,0.1388
1298,180,1478,0.1388
1314,183,1497,0.1388
1317,185,1502,0.1388
1318,190,1508,0.1388
1319,191,1510,0.1388
1309,187,1496,0.1388
1308,191,1499,0.1388
1311,185,1496,0.1388
1297,185,1482,0.1388
1295,189,1484,0.1388
1291,187,1478,0.1388
1295,193,1488,0.1388
1302,198,1500,0.1388
1301,201,1502,0.1388
1309,205,1514,0.1388
1301,205,1506,0.1388
1290,202,1492,0.1388
1292,201,1493,0.1388
1308,196,1504,0.1388
1309,199,1508,0.1388
1295,199,1494,0.1388
1306,199,1505,0.1388
1305,197,1502,0.1388
1301,199,1500,0.1388
1298,198,1496,0.1388
1299,198,1497,0.1388
1289,200,1489,0.1388
1292,200,1492,0.1388
1296,200,1496,0.1388
1301,197,1498,0.1388
1318,199,1517,0.1388
1324,199,1523,0.1388
1313,203,1516,0.1388
1333,207,1540,0.1388
1318,201,1519,0.1388
1312,199,1511,0.1388
1308,200,1508,0.1388
1306,198,1504,0.1388
1293,197,1490,0.1388
1280,201,1481,0.1388
1280,202,1482,0.1388
1285,199,1484,0.1388
1295,204,1499,0.1388
1296,206,1502,0.1388
1283,205,1488,0.1388
1288,205,1493,0.1388
1300,207,1507,0.1388
1296,207,1503,0.1388
1278,210,1488,0.1388
1277,210,1487,0.1388
1275,209,1484,0.1388
1275,213,1488,0.1388
1273,217,1490,0.1388
1270,211,1481,0.1388
1256,217,1473,0.1388
1261,216,1477,0.1388
1273,222,1495,0.1388
1268,224,1492,0.1388
1282,221,1503,0.1388
1273,219,1492,0.1388
1281,218,1499,0.1388
1270,217,1487,0.1388
1267,216,1483,0.1388
1272,216,1488,0.1388
1268,213,1481,0.1388
1262,211,1473,0.1388
1268,213,1481,0.1388
1276,218,1494,0.1388
1272,219,1491,0.1388
1277,216,1493,0.1388
1289,216,1505,0.1388
1289,215,1504,0.1388
1290,217,1507,0.1388
1298,213,1511,0.1388
1297,213,1510,0.1388
1286,217,1503,0.1388
1282,222,1504,0.1388
1284,224,1508,0.1388
1288,223,1511,0.1388
1282,223,1505,0.1388
1276,222,1498,0.1388
1275,223,1498,0.1388
1280,228,1508,0.1388
1278,231,1509,0.1388
1286,230,1516,0.1388
1286,232,1518,0.1388
1279,229,1508,0.1388
1286,229,1515,0.1388
1283,228,1511,0.1388
1273,227,1500,0.1388
1278,227,1505,0.1388
1274,227,1501,0.1388
1277,234,1511,0.1388
1264,236,1500,0.1388
1264,235,1499,0.1388
1267,228,1495,0.1388
1260,227,1487,0.1388
1257,220,1477,0.1388
1267,224,1491,0.1388
1273,226,1499,0.1388
1277,229,1506,0.1388
1276,224,1500,0.1388
1279,224,1503,0.1388
1285,224,1509,0.1388
1274,223,1497,0.1388
1278,222,1500,0.1388
1278,221,1499,0.1388
1280,225,1505,0.1388
1275,220,1495,0.1388
1263,222,1485,0.1388
1271,227,1498,0.1388
1276,228,1504,0.1388
1278,228,1506,0.1388
1269,229,1498,0.1388
1272,227,1499,0.1388
1260,231,1491,0.1388
1259,229,1488,0.1388
1259,230,1489,0.1388
1250,229,1479,0.1388
1242,235,1477,0.1388
1247,231,1478,0.1388
1244,236,1480,0.1388
1253,230,1483,0.1388
1252,229,1481,0.1388
1257,233,1490,0.1388
1261,233,1494,0.1388
1265,235,1500,0.1388
1261,226,1487,0.1388
1262,231,1493,0.1388
1264,222,1486,0.1388
1271,226,1497,0.1388
1266,229,1495,0.1388
1284,235,1519,0.1388
1273,233,1506,0.1388
1287,233,1520,0.1388
1280,233,1513,0.1388
1275,235,1510,0.1388
1267,236,1503,0.1388
1268,234,1502,0.1388
1264,232,1496,0.1388
1254,232,1486,0.1388
1260,228,1488,0.1388
1256,230,1486,0.1388
1263,231,1494,0.1388
1267,232,1499,0.1388
1264,232,1496,0.1388
1255,232,1487,0.1388
1245,231,1476,0.1388
1244,233,1477,0.1388
1258,235,1493,0.1388
1256,241,1497,0.1388
1255,243,1498,0.1388
1256,240,1496,0.1388
1244,237,1481,0.1388
1240,243,1483,0.1388
1244,244,1488,0.1388
1251,244,1495,0.1388
1253,246,1499,0.1388
1261,246,1507,0.1388
1252,254,1506,0.1388
1256,247,1503,0.1388
1248,250,1498,0.1388
1244,251,1495,0.1388
1241,253,1494,0.1388
1231,254,1485,0.1388
1237,253,1490,0.1388
1241,251,1492,0.1388
1241,251,1492,0.1388
1233,253,1486,0.1388
1235,253,1488,0.1388
1232,252,1484,0.1388
1236,257,1493,0.1388
1242,257,1499,0.1388
1228,260,1488,0.1388
1235,258,1493,0.1388
1226,266,1492,0.1388
1210,264,1474,0.1388
1218,266,1484,0.1388
1220,262,1482,0.1388
1221,265,1486,0.1388
1241,267,1508,0.1388
1235,263,1498,0.1388
1236,271,1507,0.1388
1227,270,1497,0.1388
1229,274,1503,0.1388
1231,273,1504,0.1388
1224,279,1503,0.1388
1230,281,1511,0.1388
1227,279,1506,0.1388
1222,280,1502,0.1388
1217,277,1494,0.1388
1210,283,1493,0.1388
1208,284,1492,0.1388
1217,284,1501,0.1388
1219,279,1498,0.1388
1213,281,1494,0.1388
1214,281,1495,0.1388
1221,283,1504,0.1388
1227,281,1508,0.1388
1223,285,1508,0.1388
1222,291,1513,0.1388
1214,289,1503,0.1388
1223,291,1514,0.1388
1213,290,1503,0.1388
1195,292,1487,0.1388
1183,297,1480,0.1388
1195,298,1493,0.1388
1209,288,1497,0.1388
1212,294,1506,0.1388
1207,290,1497,0.1388
1209,289,1498,0.1388
1204,289,1493,0.1388
1202,292,1494,0.1388
1200,293,1493,0.1388
1213,292,1505,0.1388
1218,292,1510,0.1388
1220,289,1509,0.1388
1224,292,1516,0.1388
1237,291,1528,0.1388
1230,293,1523,0.1388
1214,293,1507,0.1388
1223,288,1511,0.1388
1222,289,1511,0.1388
1220,292,1512,0.1388
1210,293,1503,0.1388
1214,294,1508,0.1388
1219,292,1511,0.1388
1196,286,1482,0.1388
1198,281,1479,0.1388
1200,291,1491,0.1388
1188,291,1479,0.1388
1177,290,1467,0.1388
1182,291,1473,0.1388
1196,292,1488,0.1388
1199,292,1491,0.1388
1200,294,1494,0.1388
1209,290,1499,0.1388
1218,285,1503,0.1388
1208,295,1503,0.1388
1204,296,1500,0.1388
1206,299,1505,0.1388
1197,299,1496,0.1388
1193,301,1494,0.1388
1189,297,1486,0.1388
1185,295,1480,0.1388
1198,298,1496,0.1388
1187,303,1490,0.1388
1192,297,1489,0.1388
1200,297,1497,0.1388
1192,300,1492,0.1388
1192,301,1493,0.1388
1201,299,1500,0.1388
1194,294,1488,0.1388
1205,296,1501,0.1388
1198,302,1500,0.1388
1199,296,1495,0.1388
1194,294,1488,0.1388
1190,293,1483,0.1388
1208,298,1506,0.1388
1208,302,1510,0.1388
1208,305,1513,0.1388
1209,302,1511,0.1388
1199,301,1500,0.1388
1200,292,1492,0.1388
1185,287,1472,0.1388
1194,296,1490,0.1388
1200,302,1502,0.1388
1186,303,1489,0.1388
1180,308,1488,0.1388
1185,309,1494,0.1388
1189,307,1496,0.1388
1197,303,1500,0.1388
1200,304,1504,0.1388
1199,304,1503,0.1388
1204,306,1510,0.1388
1207,306,1513,0.1388
1203,310,1513,0.1388
1196,303,1499,0.1388
1190,306,1496,0.1388
1192,306,1498,0.1388
1181,305,1486,0.1388
1189,309,1498,0.1388
1190,310,1500,0.1388
1182,309,1491,0.1388
1196,313,1509,0.1388
1195,310,1505,0.1388
1206,308,1514,0.1388
1194,315,1509,0.1388
1194,314,1508,0.1388
1198,323,1521,0.1388
1194,310,1504,0.1388
1197,309,1506,0.1388
1202,313,1515,0.1388
1200,319,1519,0.1388
1180,321,1501,0.1388
1176,320,1496,0.1388
1171,321,1492,0.1388
1170,322,1492,0.1388
1180,318,1498,0.1388
1178,319,1497,0.1388
1179,321,1500,0.1388
1188,322,1510,0.1388
1186,313,1499,0.1388
1191,310,1501,0.1388
1190,311,1501,0.1388
1187,315,1502,0.1388
1186,317,1503,0.1388
1189,313,1502,0.1388
1185,311,1496,0.1388
1184,317,1501,0.1388
1178,319,1497,0.1388
1184,321,1505,0.1388
1190,317,1507,0.1388
1194,316,1510,0.1388
1201,318,1519,0.1388
1195,319,1514,0.1388
1184,322,1506,0.1388
1173,316,1489,0.1388
1169,317,1486,0.1388
1165,319,1484,0.1388
1159,321,1480,0.1388
1156,323,1479,0.1388
1158,318,1476,0.1388
1165,318,1483,0.1388
1169,317,1486,0.1388
1171,315,1486,0.1388
1171,322,1493,0.1388
1178,326,1504,0.1388
1165,327,1492,0.1388
1156,318,1474,0.1388
1157,321,1478,0.1388
1163,322,1485,0.1388
1181,319,1500,0.1388
1179,319,1498,0.1388
1180,321,1501,0.1388
1177,320,1497,0.1388
1173,319,1492,0.1388
1184,323,1507,0.1388
1191,325,1516,0.1388
1186,320,1506,0.1388
1183,319,1502,0.1388
1175,322,1497,0.1388
1177,323,1500,0.1388
1173,330,1503,0.1388
1177,329,1506,0.1388
1182,320,1502,0.1388
1186,323,1509,0.1388
1186,323,1509,0.1388
1180,320,1500,0.1388
1172,322,1494,0.1388
1166,327,1493,0.1388
1167,325,1492,0.1388
1173,325,1498,0.1388
1165,323,1488,0.1388
1167,329,1496,0.1388
1164,327,1491,0.1388
1165,328,1493,0.1388
1165,325,1490,0.1388
1158,323,1481,0.1388
1172,330,1502,0.1388
1161,330,1491,0.1388
1169,327,1496,0.1388
1172,332,1504,0.1388
1174,335,1509,0.1388
1174,337,1511,0.1388
1171,340,1511,0.1388
1172,337,1509,0.1388
1176,339,1515,0.1388
1174,337,1511,0.1388
1167,339,1506,0.1388
1150,334,1484,0.1388
1146,341,1487,0.1388
1162,340,1502,0.1388
1172,337,1509,0.1388
1152,341,1493,0.1388
1139,342,1481,0.1388
1136,340,1476,0.1388
1140,344,1484,0.1388
1149,346,1495,0.1388
1149,352,1501,0.1388
1142,352,1494,0.1388
1140,354,1494,0.1388
1155,350,1505,0.1388
1156,352,1508,0.1388
1149,356,1505,0.1388
1150,356,1506,0.1388
1151,357,1508,0.1388
1144,350,1494,0.1388
1129,357,1486,0.1388
1123,360,1483,0.1388
1126,352,1478,0.1388
1131,351,1482,0.1388
1133,348,1481,0.1388
1139,358,1497,0.1388
1139,362,1501,0.1388
1145,361,1506,0.1388
1144,368,1512,0.1388
1134,373,1507,0.1388
1136,371,1507,0.1388
1136,370,1506,0.1388
1141,364,1505,0.1388
1145,363,1508,0.1388
1134,371,1505,0.1388
1135,374,1509,0.1388
1142,376,1518,0.1388
1137,373,1510,0.1388
1147,368,1515,0.1388
1145,369,1514,0.1388
1145,372,1517,0.1388
1123,377,1500,0.1388
1116,376,1492,0.1388
1111,379,1490,0.1388
1124,374,1498,0.1388
1130,366,1496,0.1388
1136,370,1506,0.1388
1127,373,1500,0.1388
1119,377,1496,0.1388
1112,378,1490,0.1388
1115,377,1492,0.1388
1116,379,1495,0.1388
1113,375,1488,0.1388
1114,380,1494,0.1388
1110,383,1493,0.1388
1108,381,1489,0.1388
1113,382,1495,0.1388
1107,382,1489,0.1388
1115,384,1499,0.1388
1113,380,1493,0.1388
1112,385,1497,0.1388
1118,381,1499,0.1388
1122,382,1504,0.1388
1123,379,1502,0.1388
1123,385,1508,0.1388
1116,385,1501,0.1388
1116,392,1508,0.1388
1120,388,1508,0.1388
1131,385,1516,0.1388
1116,382,1498,0.1388
1127,384,1511,0.1388
1119,394,1513,0.1388
1105,390,1495,0.1388
1112,387,1499,0.1388
1113,390,1503,0.1388
1127,393,1520,0.1388
1131,398,1529,0.1388
1118,394,1512,0.1388
1117,401,1518,0.1388
1116,392,1508,0.1388
1112,393,1505,0.1388
1112,393,1505,0.1388
1122,391,1513,0.1388
1118,399,1517,0.1388
1118,392,1510,0.1388
1121,394,1515,0.1388
1117,395,1512,0.1388
1113,387,1500,0.1388
1097,399,1496,0.1388
1095,398,1493,0.1388
1094,392,1486,0.1388
1106,394,1500,0.1388
1120,397,1517,0.1388
1114,394,1508,0.1388
1112,391,1503,0.1388
1115,383,1498,0.1388
1103,383,1486,0.1388
1102,394,1496,0.1388
1101,393,1494,0.1388
1107,400,1507,0.1388
1113,399,1512,0.1388
1119,395,1514,0.1388
1112,398,1510,0.1388
1112,395,1507,0.1388
1121,393,1514,0.1388
1111,390,1501,0.1388
1113,394,1507,0.1388
1115,399,1514,0.1388
1117,393,1510,0.1388
1103,384,1487,0.1388
1109,390,1499,0.1388
1115,391,1506,0.1388
1115,393,1508,0.1388
1116,395,1511,0.1388
1098,396,1494,0.1388
1099,392,1491,0.1388
1101,398,1499,0.1388
1104,395,1499,0.1388
1108,392,1500,0.1388
1108,394,1502,0.1388
1111,396,1507,0.1388
1112,401,1513,0.1388
1110,401,1511,0.1388
1113,400,1513,0.1388
1104,401,1505,0.1388
1102,395,1497,0.1388
1104,397,1501,0.1388
1109,405,1514,0.1388
1105,400,1505,0.1388
1104,404,1508,0.1388
1087,395,1482,0.1388
1089,394,1483,0.1388
1100,392,1492,0.1388
1099,391,1490,0.1388
1093,400,1493,0.1388
1086,405,1491,0.1388
1086,406,1492,0.1388
1091,404,1495,0.1388
1097,409,1506,0.1388
1100,412,1512,0.1388
1099,412,1511,0.1388
1095,414,1509,0.1388
1092,418,1510,0.1388
1097,418,1515,0.1388
1102,415,1517,0.1388
1096,407,1503,0.1388
1088,403,1491,0.1388
1087,401,1488,0.1388
1094,406,1500,0.1388
1093,406,1499,0.1388
1093,401,1494,0.1388
1082,400,1482,0.1388
1089,408,1497,0.1388
1090,406,1496,0.1388
1094,404,1498,0.1388
1092,408,1500,0.1388
1082,415,1497,0.1388
1091,419,1510,0.1388
1086,414,1500,0.1388
1080,414,1494,0.1388
1087,418,1505,0.1388
1100,410,1510,0.1388
1101,410,1511,0.1388
1096,413,1509,0.1388
1092,416,1508,0.1388
1103,414,1517,0.1388
1104,415,1519,0.1388
1107,418,1525,0.1388
1102,417,1519,0.1388
1101,414,1515,0.1388
1093,418,1511,0.1388
1084,416,1500,0.1388
1077,419,1496,0.1388
1078,417,1495,0.1388
1077,423,1500,0.1388
1073,420,1493,0.1388
1080,424,1504,0.1388
1074,423,1497,0.1388
1078,425,1503,0.1388
1075,427,1502,0.1388
1074,428,1502,0.1388
1069,424,1493,0.1388
1064,432,1496,0.1388
1069,428,1497,0.1388
1076,438,1514,0.1388
1068,440,1508,0.1388
1062,443,1505,0.1388
1069,444,1513,0.1388
1064,439,1503,0.1388
1057,439,1496,0.1388
1050,444,1494,0.1388
1041,445,1486,0.1388
1048,445,1493,0.1388
1046,445,1491,0.1388
1043,445,1488,0.1388
1040,452,1492,0.1388
1044,447,1491,0.1388
1049,452,1501,0.1388
1051,455,1506,0.1388
1065,453,1518,0.1388
1062,453,1515,0.1388
1070,452,1522,0.1388
1056,456,1512,0.1388
1057,449,1506,0.1388
1052,446,1498,0.1388
1051,440,1491,0.1388
1056,444,1500,0.1388
1048,445,1493,0.1388
1047,447,1494,0.1388
1053,442,1495,0.1388
1046,448,1494,0.1388
1044,452,1496,0.1388
1047,455,1502,0.1388
1050,451,1501,0.1388
1035,449,1484,0.1388
1043,448,1491,0.1388
1041,450,1491,0.1388
1046,447,1493,0.1388
1045,457,1502,0.1388
1048,461,1509,0.1388
1045,461,1506,0.1388
1033,456,1489,0.1388
1032,459,1491,0.1388
1031,460,1491,0.1388
1040,461,1501,0.1388
1034,462,1496,0.1388
1041,464,1505,0.1388
1029,464,1493,0.1388
1036,468,1504,0.1388
1050,467,1517,0.1388
1037,468,1505,0.1388
1044,460,1504,0.1388
1042,457,1499,0.1388
1033,462,1495,0.1388
1036,462,1498,0.1388
1037,461,1498,0.1388
1028,469,1497,0.1388
1033,463,1496,0.1388
1030,470,1500,0.1388
1031,469,1500,0.1388
1017,471,1488,0.1388
1022,476,1498,0.1388
1030,476,1506,0.1388
1034,472,1506,0.1388
1030,472,1502,0.1388
1033,471,1504,0.1388
1027,467,1494,0.1388
1021,465,1486,0.1388
1026,463,1489,0.1388
1034,464,1498,0.1388
1020,465,1485,0.1388
1017,464,1481,0.1388
1023,462,1485,0.1388
1028,465,1493,0.1388
1024,469,1493,0.1388
1022,462,1484,0.1388
1026,466,1492,0.1388
1032,468,1500,0.1388
1031,474,1505,0.1388
1048,465,1513,0.1388
1032,470,1502,0.1388
1024,467,1491,0.1388
1024,468,1492,0.1388
1016,473,1489,0.1388
1025,470,1495,0.1388
1022,472,1494,0.1388
1023,474,1497,0.1388
1030,465,1495,0.1388
1032,467,1499,0.1388
1026,462,1488,0.1388
1037,474,1511,0.1388
1024,474,1498,0.1388
1016,468,1484,0.1388
1015,468,1483,0.1388
1007,469,1476,0.1388
1008,480,1488,0.1388
1014,478,1492,0.1388
1010,481,1491,0.1388
1014,479,1493,0.1388
1021,479,1500,0.1388
1025,483,1508,0.1388
1025,484,1509,0.1388
1027,482,1509,0.1388
1022,482,1504,0.1388
1026,481,1507,0.1388
1021,481,1502,0.1388
1023,489,1512,0.1388
1015,484,1499,0.1388
1017,482,1499,0.1388
1024,488,1512,0.1388
1026,481,1507,0.1388
1026,472,1498,0.1388
1026,479,1505,0.1388
1021,480,1501,0.1388
1007,479,1486,0.1388
991,478,1469,0.1388
999,477,1476,0.1388
995,486,1481,0.1388
1006,485,1491,0.1388
1013,492,1505,0.1388
1015,485,1500,0.1388
1001,491,1492,0.1388
1008,485,1493,0.1388
999,494,1493,0.1388
1006,486,1492,0.1388
1003,490,1493,0.1388
998,483,1481,0.1388
1000,488,1488,0.1388
999,493,1492,0.1388
982,500,1482,0.1388
989,507,1496,0.1388
994,507,1501,0.1388
994,504,1498,0.1388
999,508,1507,0.1388
1011,507,1518,0.1388
1000,507,1507,0.1388
1002,508,1510,0.1388
1007,503,1510,0.1388
996,505,1501,0.1388
1013,507,1520,0.1388
996,502,1498,0.1388
998,503,1501,0.1388
996,499,1495,0.1388
1006,500,1506,0.1388
1013,504,1517,0.1388
1013,501,1514,0.1388
1010,499,1509,0.1388
1002,504,1506,0.1388
993,494,1487,0.1388
996,495,1491,0.1388
995,496,1491,0.1388
996,495,1491,0.1388
991,494,1485,0.1388
993,491,1484,0.1388
1001,492,1493,0.1388
1000,491,1491,0.1388
1007,489,1496,0.1388
1011,499,1510,0.1388
1011,504,1515,0.1388
999,506,1505,0.1388
1003,493,1496,0.1388
1005,495,1500,0.1388
998,495,1493,0.1388
991,497,1488,0.1388
998,502,1500,0.1388
999,502,1501,0.1388
1000,502,1502,0.1388
999,511,1510,0.1388
1002,507,1509,0.1388
997,508,1505,0.1388
1003,509,1512,0.1388
1000,507,1507,0.1388
995,513,1508,0.1388
993,512,1505,0.1388
990,506,1496,0.1388
996,504,1500,0.1388
999,518,1517,0.1388
986,520,1506,0.1388
989,519,1508,0.1388
984,517,1501,0.1388
979,520,1499,0.1388
980,513,1493,0.1388
977,508,1485,0.1388
994,505,1499,0.1388
998,501,1499,0.1388
995,493,1488,0.1388
999,496,1495,0.1388
994,492,1486,0.1388
1000,494,1494,0.1388
994,505,1499,0.1388
1002,507,1509,0.1388
999,505,1504,0.1388
996,504,1500,0.1388
1007,500,1507,0.1388
1005,501,1506,0.1388
985,513,1498,0.1388
986,513,1499,0.1388
984,520,1504,0.1388
994,521,1515,0.1388
984,517,1501,0.1388
987,520,1507,0.1388
989,514,1503,0.1388
978,510,1488,0.1388
984,513,1497,0.1388
990,515,1505,0.1388
989,518,1507,0.1388
983,528,1511,0.1388
988,524,1512,0.1388
982,530,1512,0.1388
980,521,1501,0.1388
986,520,1506,0.1388
976,517,1493,0.1388
967,515,1482,0.1388
971,522,1493,0.1388
967,514,1481,0.1388
956,517,1473,0.1388
972,526,1498,0.1388
974,536,1510,0.1388
972,542,1514,0.1388
966,541,1507,0.1388
963,540,1503,0.1388
958,538,1496,0.1388
965,532,1497,0.1388
961,534,1495,0.1388
963,541,1504,0.1388
960,542,1502,0.1388
965,544,1509,0.1388
971,537,1508,0.1388
971,534,1505,0.1388
962,531,1493,0.1388
963,529,1492,0.1388
964,523,1487,0.1388
966,521,1487,0.1388
962,531,1493,0.1388
959,532,1491,0.1388
973,540,1513,0.1388
969,541,1510,0.1388
966,536,1502,0.1388
961,540,1501,0.1388
957,535,1492,0.1388
959,539,1498,0.1388
961,541,1502,0.1388
964,540,1504,0.1388
968,540,1508,0.1388
969,534,1503,0.1388
964,539,1503,0.1388
968,539,1507,0.1388
973,541,1514,0.1388
965,541,1506,0.1388
957,547,1504,0.1388
965,547,1512,0.1388
959,545,1504,0.1388
970,548,1518,0.1388
966,543,1509,0.1388
963,535,1498,0.1388
975,542,1517,0.1388
969,546,1515,0.1388
951,556,1507,0.1388
947,557,1504,0.1388
938,564,1502,0.1388
941,564,1505,0.1388
940,566,1506,0.1388
931,565,1496,0.1388
933,553,1486,0.1388
937,548,1485,0.1388
940,559,1499,0.1388
941,563,1504,0.1388
948,568,1516,0.1388
943,563,1506,0.1388
951,555,1506,0.1388
949,565,1514,0.1388
940,554,1494,0.1388
934,557,1491,0.1388
935,565,1500,0.1388
926,569,1495,0.1388
935,563,1498,0.1388
939,560,1499,0.1388
925,574,1499,0.1388
928,567,1495,0.1388
928,571,1499,0.1388
920,570,1490,0.1388
926,573,1499,0.1388
936,567,1503,0.1388
938,563,1501,0.1388
937,568,1505,0.1388
934,572,1506,0.1388
931,573,1504,0.1388
928,583,1511,0.1388
926,573,1499,0.1388
923,582,1505,0.1388
916,582,1498,0.1388
918,580,1498,0.1388
922,578,1500,0.1388
914,581,1495,0.1388
914,578,1492,0.1388
920,582,1502,0.1388
927,576,1503,0.1388
922,579,1501,0.1388
921,572,1493,0.1388
913,574,1487,0.1388
920,574,1494,0.1388
918,568,1486,0.1388
927,572,1499,0.1388
925,570,1495,0.1388
928,575,1503,0.1388
926,580,1506,0.1388
926,586,1512,0.1388
929,582,1511,0.1388
938,583,1521,0.1388
944,577,1521,0.1388
944,576,1520,0.1388
930,569,1499,0.1388
935,574,1509,0.1388
936,572,1508,0.1388
936,569,1505,0.1388
936,567,1503,0.1388
936,574,1510,0.1388
938,572,1510,0.1388
935,568,1503,0.1388
928,567,1495,0.1388
925,562,1487,0.1388
928,566,1494,0.1388
920,575,1495,0.1388
923,576,1499,0.1388
931,580,1511,0.1388
936,577,1513,0.1388
937,581,1518,0.1388
937,584,1521,0.1388
935,577,1512,0.1388
931,576,1507,0.1388
924,569,1493,0.1388
928,575,1503,0.1388
926,573,1499,0.1388
921,579,1500,0.1388
910,571,1481,0.1388
925,567,1492,0.1388
929,571,1500,0.1388
927,576,1503,0.1388
934,581,1515,0.1388
928,587,1515,0.1388
922,587,1509,0.1388
920,591,1511,0.1388
913,580,1493,0.1388
909,581,1490,0.1388
905,586,1491,0.1388
909,584,1493,0.1388
906,600,1506,0.1388
906,597,1503,0.1388
904,598,1502,0.1388
908,600,1508,0.1388
893,604,1497,0.1388
901,605,1506,0.1388
897,615,1512,0.1388
893,616,1509,0.1388
887,610,1497,0.1388
882,613,1495,0.1388
893,608,1501,0.1388
885,614,1499,0.1388
877,607,1484,0.1388
890,611,1501,0.1388
894,610,1504,0.1388
890,623,1513,0.1388
890,621,1511,0.1388
888,607,1495,0.1388
890,615,1505,0.1388
894,618,1512,0.1388
887,613,1500,0.1388
889,619,1508,0.1388
879,618,1497,0.1388
877,627,1504,0.1388
877,623,1500,0.1388
888,621,1509,0.1388
890,623,1513,0.1388
890,627,1517,0.1388
879,616,1495,0.1388
867,613,1480,0.1388
873,624,1497,0.1388
884,623,1507,0.1388
892,621,1513,0.1388
893,619,1512,0.1388
883,619,1502,0.1388
876,624,1500,0.1388
878,625,1503,0.1388
870,624,1494,0.1388
875,634,1509,0.1388
866,628,1494,0.1388
859,637,1496,0.1388
865,634,1499,0.1388
866,634,1500,0.1388
868,624,1492,0.1388
881,625,1506,0.1388
878,631,1509,0.1388
885,637,1522,0.1388
874,640,1514,0.1388
874,638,1512,0.1388
871,639,1510,0.1388
876,644,1520,0.1388
871,639,1510,0.1388
872,631,1503,0.1388
872,625,1497,0.1388
873,628,1501,0.1388
859,626,1485,0.1388
864,624,1488,0.1388
857,633,1490,0.1388
867,639,1506,0.1388
871,640,1511,0.1388
858,642,1500,0.1388
852,637,1489,0.1388
856,642,1498,0.1388
860,640,1500,0.1388
863,638,1501,0.1388
855,643,1498,0.1388
857,646,1503,0.1388
856,655,1511,0.1388
855,654,1509,0.1388
845,658,1503,0.1388
851,657,1508,0.1388
855,654,1509,0.1388
858,655,1513,0.1388
851,663,1514,0.1388
854,667,1521,0.1388
857,665,1522,0.1388
857,659,1516,0.1388
849,658,1507,0.1388
851,656,1507,0.1388
852,665,1517,0.1388
843,669,1512,0.1388
844,661,1505,0.1388
838,665,1503,0.1388
841,666,1507,0.1388
833,669,1502,0.1388
834,670,1504,0.1388
822,681,1503,0.1388
823,686,1509,0.1388
828,681,1509,0.1388
821,682,1503,0.1388
821,682,1503,0.1388
824,679,1503,0.1388
824,680,1504,0.1388
821,680,1501,0.1388
817,684,1501,0.1388
812,689,1501,0.1388
808,690,1498,0.1388
812,689,1501,0.1388
807,684,1491,0.1388
813,687,1500,0.1388
802,699,1501,0.1388
811,697,1508,0.1388
806,692,1498,0.1388
806,692,1498,0.1388
814,695,1509,0.1388
814,696,1510,0.1388
809,695,1504,0.1388
809,694,1503,0.1388
818,687,1505,0.1388
814,689,1503,0.1388
804,693,1497,0.1388
802,685,1487,0.1388
798,689,1487,0.1388
803,685,1488,0.1388
801,697,1498,0.1388
796,702,1498,0.1388
787,699,1486,0.1388
791,695,1486,0.1388
799,699,1498,0.1388
804,702,1506,0.1388
807,708,1515,0.1388
816,704,1520,0.1388
812,696,1508,0.1388
811,703,1514,0.1388
802,705,1507,0.1388
801,702,1503,0.1388
809,698,1507,0.1388
812,694,1506,0.1388
806,693,1499,0.1388
791,693,1484,0.1388
796,689,1485,0.1388
793,693,1486,0.1388
796,695,1491,0.1388
806,702,1508,0.1388
810,708,1518,0.1388
815,700,1515,0.1388
811,701,1512,0.1388
812,693,1505,0.1388
803,705,1508,0.1388
796,696,1492,0.1388
793,701,1494,0.1388
797,705,1502,0.1388
790,693,1483,0.1388
796,694,1490,0.1388
793,696,1489,0.1388
808,698,1506,0.1388
816,693,1509,0.1388
816,699,1515,0.1388
814,693,1507,0.1388
817,697,1514,0.1388
813,705,1518,0.1388
822,699,1521,0.1388
821,694,1515,0.1388
825,712,1537,0.1388
824,707,1531,0.1388
819,703,1522,0.1388
810,706,1516,0.1388
802,705,1507,0.1388
803,698,1501,0.1388
789,702,1491,0.1388
800,699,1499,0.1388
801,702,1503,0.1388
789,703,1492,0.1388
798,700,1498,0.1388
793,707,1500,0.1388
801,706,1507,0.1388
795,699,1494,0.1388
787,700,1487,0.1388
794,697,1491,0.1388
809,696,1505,0.1388
804,695,1499,0.1388
802,689,1491,0.1388
802,699,1501,0.1388
799,697,1496,0.1388
789,689,1478,0.1388
794,691,1485,0.1388
797,681,1478,0.1388
793,689,1482,0.1388
801,699,1500,0.1388
799,697,1496,0.1388
796,706,1502,0.1388
800,709,1509,0.1388
803,710,1513,0.1388
804,709,1513,0.1388
793,720,1513,0.1388
798,723,1521,0.1388
798,703,1501,0.1388
801,708,1509,0.1388
809,709,1518,0.1388
802,711,1513,0.1388
804,709,1513,0.1388
804,712,1516,0.1388
802,702,1504,0.1388
797,706,1503,0.1388
800,706,1506,0.1388
804,706,1510,0.1388
797,712,1509,0.1388
809,707,1516,0.1388
805,694,1499,0.1388
810,700,1510,0.1388
806,696,1502,0.1388
800,688,1488,0.1388
801,700,1501,0.1388
808,701,1509,0.1388
806,708,1514,0.1388
810,707,1517,0.1388
805,710,1515,0.1388
808,710,1518,0.1388
799,716,1515,0.1388
789,712,1501,0.1388
788,715,1503,0.1388
792,714,1506,0.1388
784,711,1495,0.1388
788,699,1487,0.1388
785,705,1490,0.1388
790,707,1497,0.1388
782,710,1492,0.1388
789,712,1501,0.1388
790,711,1501,0.1388
795,711,1506,0.1388
787,705,1492,0.1388
793,698,1491,0.1388
804,701,1505,0.1388
799,707,1506,0.1388
789,711,1500,0.1388
781,718,1499,0.1388
782,713,1495,0.1388
792,717,1509,0.1388
786,714,1500,0.1388
785,714,1499,0.1388
785,720,1505,0.1388
786,719,1505,0.1388
788,719,1507,0.1388
786,718,1504,0.1388
786,714,1500,0.1388
785,716,1501,0.1388
781,718,1499,0.1388
789,717,1506,0.1388
791,711,1502,0.1388
777,720,1497,0.1388
788,717,1505,0.1388
783,722,1505,0.1388
772,712,1484,0.1388
777,724,1501,0.1388
780,721,1501,0.1388
771,729,1500,0.1388
768,729,1497,0.1388
766,735,1501,0.1388
774,731,1505,0.1388
764,730,1494,0.1388
763,723,1486,0.1388
770,728,1498,0.1388
766,732,1498,0.1388
767,727,1494,0.1388
763,724,1487,0.1388
763,731,1494,0.1388
758,734,1492,0.1388
772,739,1511,0.1388
776,747,1523,0.1388
775,744,1519,0.1388
764,743,1507,0.1388
763,740,1503,0.1388
756,743,1499,0.1388
760,741,1501,0.1388
755,746,1501,0.1388
753,746,1499,0.1388
758,749,1507,0.1388
763,745,1508,0.1388
773,742,1515,0.1388
778,730,1508,0.1388
768,731,1499,0.1388
765,743,1508,0.1388
763,747,1510,0.1388
751,749,1500,0.1388
758,752,1510,0.1388
750,755,1505,0.1388
749,757,1506,0.1388
740,761,1501,0.1388
749,751,1500,0.1388
754,742,1496,0.1388
753,738,1491,0.1388
746,735,1481,0.1388
739,745,1484,0.1388
750,753,1503,0.1388
747,750,1497,0.1388
756,752,1508,0.1388
748,753,1501,0.1388
759,752,1511,0.1388
763,754,1517,0.1388
761,752,1513,0.1388
751,750,1501,0.1388
747,754,1501,0.1388
753,749,1502,0.1388
752,746,1498,0.1388
750,755,1505,0.1388
743,758,1501,0.1388
742,765,1507,0.1388
738,765,1503,0.1388
739,759,1498,0.1388
739,758,1497,0.1388
739,761,1500,0.1388
746,757,1503,0.1388
755,749,1504,0.1388
742,746,1488,0.1388
737,757,1494,0.1388
736,754,1490,0.1388
747,757,1504,0.1388
742,758,1500,0.1388
739,760,1499,0.1388
736,759,1495,0.1388
742,759,1501,0.1388
754,746,1500,0.1388
741,763,1504,0.1388
744,769,1513,0.1388
742,762,1504,0.1388
741,761,1502,0.1388
728,770,1498,0.1388
732,767,1499,0.1388
738,771,1509,0.1388
745,778,1523,0.1388
739,778,1517,0.1388
732,773,1505,0.1388
729,764,1493,0.1388
730,766,1496,0.1388
733,767,1500,0.1388
726,772,1498,0.1388
725,775,1500,0.1388
725,775,1500,0.1388
718,770,1488,0.1388
715,779,1494,0.1388
716,778,1494,0.1388
710,781,1491,0.1388
711,784,1495,0.1388
695,786,1481,0.1388
706,785,1491,0.1388
716,789,1505,0.1388
731,790,1521,0.1388
728,790,1518,0.1388
729,782,1511,0.1388
724,787,1511,0.1388
714,780,1494,0.1388
722,779,1501,0.1388
716,781,1497,0.1388
723,782,1505,0.1388
721,782,1503,0.1388
726,779,1505,0.1388
719,783,1502,0.1388
723,777,1500,0.1388
720,787,1507,0.1388
720,774,1494,0.1388
722,781,1503,0.1388
727,781,1508,0.1388
724,798,1522,0.1388
720,797,1517,0.1388
723,792,1515,0.1388
722,789,1511,0.1388
712,780,1492,0.1388
720,787,1507,0.1388
717,786,1503,0.1388
720,792,1512,0.1388
723,793,1516,0.1388
718,794,1512,0.1388
707,786,1493,0.1388
713,792,1505,0.1388
718,800,1518,0.1388
721,803,1524,0.1388
704,786,1490,0.1388
702,780,1482,0.1388
709,787,1496,0.1388
701,787,1488,0.1388
696,786,1482,0.1388
700,789,1489,0.1388
712,793,1505,0.1388
711,785,1496,0.1388
706,787,1493,0.1388
702,789,1491,0.1388
709,790,1499,0.1388
709,777,1486,0.1388
706,787,1493,0.1388
702,798,1500,0.1388
706,803,1509,0.1388
693,802,1495,0.1388
701,801,1502,0.1388
706,799,1505,0.1388
705,799,1504,0.1388
709,794,1503,0.1388
712,785,1497,0.1388
711,790,1501,0.1388
712,788,1500,0.1388
720,800,1520,0.1388
712,796,1508,0.1388
715,801,1516,0.1388
715,805,1520,0.1388
714,802,1516,0.1388
707,808,1515,0.1388
699,804,1503,0.1388
705,815,1520,0.1388
697,820,1517,0.1388
698,808,1506,0.1388
696,797,1493,0.1388
699,803,1502,0.1388
703,803,1506,0.1388
703,813,1516,0.1388
709,813,1522,0.1388
699,802,1501,0.1388
690,799,1489,0.1388
687,801,1488,0.1388
680,810,1490,0.1388
692,811,1503,0.1388
685,820,1505,0.1388
686,813,1499,0.1388
695,812,1507,0.1388
688,812,1500,0.1388
695,816,1511,0.1388
688,811,1499,0.1388
681,806,1487,0.1388
694,812,1506,0.1388
691,819,1510,0.1388
701,818,1519,0.1388
700,814,1514,0.1388
697,813,1510,0.1388
690,813,1503,0.1388
685,807,1492,0.1388
694,807,1501,0.1388
699,798,1497,0.1388
714,803,1517,0.1388
706,795,1501,0.1388
707,793,1500,0.1388
706,795,1501,0.1388
702,805,1507,0.1388
697,804,1501,0.1388
693,808,1501,0.1388
705,818,1523,0.1388
706,818,1524,0.1388
703,810,1513,0.1388
708,807,1515,0.1388
707,807,1514,0.1388
695,810,1505,0.1388
704,811,1515,0.1388
698,808,1506,0.1388
706,806,1512,0.1388
710,810,1520,0.1388
701,806,1507,0.1388
702,825,1527,0.1388
702,824,1526,0.1388
695,823,1518,0.1388
687,822,1509,0.1388
685,820,1505,0.1388
674,819,1493,0.1388
680,812,1492,0.1388
687,814,1501,0.1388
690,822,1512,0.1388
682,829,1511,0.1388
681,822,1503,0.1388
674,824,1498,0.1388
679,830,1509,0.1388
666,825,1491,0.1388
679,833,1512,0.1388
681,833,1514,0.1388
682,839,1521,0.1388
681,835,1516,0.1388
692,827,1519,0.1388
694,829,1523,0.1388
688,829,1517,0.1388
678,828,1506,0.1388
677,829,1506,0.1388
671,833,1504,0.1388
665,847,1512,0.1388
660,840,1500,0.1388
659,845,1504,0.1388
653,855,1508,0.1388
657,850,1507,0.1388
659,840,1499,0.1388
651,838,1489,0.1388
654,849,1503,0.1388
651,840,1491,0.1388
649,843,1492,0.1388
649,850,1499,0.1388
654,849,1503,0.1388
649,849,1498,0.1388
646,838,1484,0.1388
654,836,1490,0.1388
651,839,1490,0.1388
655,841,1496,0.1388
655,855,1510,0.1388
651,855,1506,0.1388
657,852,1509,0.1388
657,858,1515,0.1388
651,860,1511,0.1388
646,860,1506,0.1388
649,864,1513,0.1388
647,864,1511,0.1388
646,859,1505,0.1388
642,864,1506,0.1388
650,859,1509,0.1388
645,860,1505,0.1388
642,856,1498,0.1388
639,859,1498,0.1388
649,860,1509,0.1388
649,855,1504,0.1388
649,864,1513,0.1388
648,866,1514,0.1388
642,872,1514,0.1388
634,867,1501,0.1388
632,857,1489,0.1388
629,870,1499,0.1388
629,876,1505,0.1388
625,879,1504,0.1388
633,881,1514,0.1388
628,886,1514,0.1388
639,881,1520,0.1388
640,879,1519,0.1388
635,871,1506,0.1388
631,873,1504,0.1388
636,883,1519,0.1388
632,881,1513,0.1388
631,877,1508,0.1388
617,874,1491,0.1388
627,884,1511,0.1388
621,878,1499,0.1388
622,884,1506,0.1388
612,886,1498,0.1388
610,881,1491,0.1388
617,882,1499,0.1388
614,882,1496,0.1388
614,890,1504,0.1388
622,897,1519,0.1388
619,891,1510,0.1388
613,888,1501,0.1388
610,890,1500,0.1388
612,884,1496,0.1388
608,887,1495,0.1388
604,890,1494,0.1388
603,884,1487,0.1388
622,886,1508,0.1388
621,896,1517,0.1388
615,889,1504,0.1388
620,887,1507,0.1388
618,886,1504,0.1388
611,886,1497,0.1388
612,884,1496,0.1388
607,896,1503,0.1388
600,899,1499,0.1388
609,894,1503,0.1388
611,900,1511,0.1388
614,907,1521,0.1388
610,899,1509,0.1388
607,899,1506,0.1388
610,895,1505,0.1388
615,894,1509,0.1388
617,887,1504,0.1388
620,878,1498,0.1388
624,888,1512,0.1388
614,889,1503,0.1388
615,891,1506,0.1388
618,896,1514,0.1388
610,907,1517,0.1388
609,897,1506,0.1388
611,897,1508,0.1388
611,898,1509,0.1388
608,898,1506,0.1388
601,902,1503,0.1388
600,904,1504,0.1388
597,908,1505,0.1388
600,917,1517,0.1388
602,915,1517,0.1388
597,919,1516,0.1388
594,914,1508,0.1388
599,908,1507,0.1388
593,902,1495,0.1388
593,909,1502,0.1388
593,918,1511,0.1388
597,932,1529,0.1388
597,928,1525,0.1388
603,918,1521,0.1388
599,920,1519,0.1388
593,918,1511,0.1388
589,915,1504,0.1388
582,914,1496,0.1388
591,922,1513,0.1388
589,928,1517,0.1388
589,931,1520,0.1388
586,926,1512,0.1388
588,922,1510,0.1388
583,919,1502,0.1388
583,915,1498,0.1388
583,920,1503,0.1388
579,927,1506,0.1388
582,934,1516,0.1388
586,930,1516,0.1388
590,927,1517,0.1388
582,934,1516,0.1388
586,925,1511,0.1388
585,937,1522,0.1388
579,929,1508,0.1388
579,924,1503,0.1388
578,925,1503,0.1388
573,933,1506,0.1388
574,933,1507,0.1388
572,927,1499,0.1388
574,935,1509,0.1388
577,933,1510,0.1388
583,934,1517,0.1388
585,932,1517,0.1388
588,939,1527,0.1388
582,939,1521,0.1388
581,934,1515,0.1388
579,927,1506,0.1388
578,931,1509,0.1388
590,924,1514,0.1388
582,923,1505,0.1388
582,930,1512,0.1388
578,934,1512,0.1388
579,935,1514,0.1388
588,932,1520,0.1388
590,927,1517,0.1388
593,924,1517,0.1388
586,931,1517,0.1388
580,932,1512,0.1388
584,927,1511,0.1388
575,923,1498,0.1388
573,913,1486,0.1388
576,928,1504,0.1388
575,922,1497,0.1388
573,914,1487,0.1388
569,922,1491,0.1388
574,923,1497,0.1388
579,917,1496,0.1388
572,921,1493,0.1388
578,926,1504,0.1388
572,917,1489,0.1388
572,914,1486,0.1388
579,917,1496,0.1388
582,925,1507,0.1388
570,928,1498,0.1388
568,925,1493,0.1388
567,927,1494,0.1388
565,938,1503,0.1388
572,942,1514,0.1388
567,940,1507,0.1388
566,925,1491,0.1388
572,933,1505,0.1388
569,940,1509,0.1388
566,937,1503,0.1388
565,934,1499,0.1388
561,926,1487,0.1388
563,930,1493,0.1388
566,932,1498,0.1388
564,936,1500,0.1388
564,936,1500,0.1388
567,943,1510,0.1388
570,937,1507,0.1388
565,945,1510,0.1388
568,954,1522,0.1388
573,953,1526,0.1388
569,941,1510,0.1388
569,943,1512,0.1388
566,952,1518,0.1388
561,953,1514,0.1388
551,951,1502,0.1388
554,957,1511,0.1388
553,948,1501,0.1388
555,957,1512,0.1388
562,961,1523,0.1388
560,953,1513,0.1388
560,954,1514,0.1388
549,955,1504,0.1388
545,954,1499,0.1388
546,954,1500,0.1388
542,959,1501,0.1388
549,956,1505,0.1388
545,957,1502,0.1388
546,958,1504,0.1388
544,956,1500,0.1388
536,958,1494,0.1388
540,964,1504,0.1388
546,953,1499,0.1388
542,963,1505,0.1388
535,968,1503,0.1388
534,956,1490,0.1388
538,953,1491,0.1388
538,954,1492,0.1388
538,953,1491,0.1388
541,957,1498,0.1388
554,959,1513,0.1388
558,965,1523,0.1388
554,963,1517,0.1388
547,968,1515,0.1388
551,966,1517,0.1388
540,956,1496,0.1388
531,965,1496,0.1388
535,968,1503,0.1388
532,975,1507,0.1388
529,979,1508,0.1388
527,984,1511,0.1388
527,967,1494,0.1388
528,972,1500,0.1388
534,977,1511,0.1388
531,981,1512,0.1388
526,979,1505,0.1388
519,978,1497,0.1388
515,983,1498,0.1388
517,988,1505,0.1388
522,985,1507,0.1388
520,989,1509,0.1388
522,987,1509,0.1388
522,994,1516,0.1388
525,975,1500,0.1388
525,990,1515,0.1388
525,990,1515,0.1388
510,980,1490,0.1388
513,985,1498,0.1388
511,989,1500,0.1388
511,996,1507,0.1388
510,996,1506,0.1388
509,990,1499,0.1388
505,984,1489,0.1388
504,982,1486,0.1388
509,992,1501,0.1388
504,993,1497,0.1388
499,989,1488,0.1388
503,989,1492,0.1388
503,993,1496,0.1388
502,1000,1502,0.1388
500,1002,1502,0.1388
498,998,1496,0.1388
501,1005,1506,0.1388
505,1008,1513,0.1388
509,1012,1521,0.1388
502,1013,1515,0.1388
501,1012,1513,0.1388
497,1011,1508,0.1388
502,1026,1528,0.1388
491,1024,1515,0.1388
486,1030,1516,0.1388
484,1032,1516,0.1388
484,1019,1503,0.1388
489,1016,1505,0.1388
483,1008,1491,0.1388
483,1015,1498,0.1388
481,1031,1512,0.1388
478,1028,1506,0.1388
479,1027,1506,0.1388
482,1021,1503,0.1388
483,1024,1507,0.1388
479,1024,1503,0.1388
483,1020,1503,0.1388
489,1025,1514,0.1388
478,1014,1492,0.1388
485,1021,1506,0.1388
488,1034,1522,0.1388
489,1035,1524,0.1388
483,1039,1522,0.1388
480,1032,1512,0.1388
482,1030,1512,0.1388
471,1041,1512,0.1388
468,1037,1505,0.1388
467,1038,1505,0.1388
472,1035,1507,0.1388
471,1041,1512,0.1388
478,1033,1511,0.1388
475,1036,1511,0.1388
476,1023,1499,0.1388
476,1040,1516,0.1388
475,1037,1512,0.1388
466,1043,1509,0.1388
476,1040,1516,0.1388
476,1036,1512,0.1388
476,1033,1509,0.1388
471,1039,1510,0.1388
471,1037,1508,0.1388
464,1027,1491,0.1388
472,1041,1513,0.1388
473,1052,1525,0.1388
473,1036,1509,0.1388
469,1045,1514,0.1388
465,1041,1506,0.1388
472,1046,1518,0.1388
474,1037,1511,0.1388
485,1035,1520,0.1388
481,1041,1522,0.1388
480,1039,1519,0.1388
468,1037,1505,0.1388
464,1038,1502,0.1388
462,1046,1508,0.1388
457,1038,1495,0.1388
453,1042,1495,0.1388
456,1045,1501,0.1388
459,1041,1500,0.1388
457,1049,1506,0.1388
459,1044,1503,0.1388
456,1046,1502,0.1388
457,1041,1498,0.1388
461,1036,1497,0.1388
460,1035,1495,0.1388
461,1036,1497,0.1388
463,1048,1511,0.1388
470,1044,1514,0.1388
473,1046,1519,0.1388
468,1058,1526,0.1388
472,1058,1530,0.1388
473,1056,1529,0.1388
472,1048,1520,0.1388
463,1042,1505,0.1388
462,1036,1498,0.1388
461,1041,1502,0.1388
461,1041,1502,0.1388
464,1051,1515,0.1388
460,1046,1506,0.1388
457,1041,1498,0.1388
457,1047,1504,0.1388
454,1051,1505,0.1388
461,1054,1515,0.1388
459,1052,1511,0.1388
452,1048,1500,0.1388
454,1051,1505,0.1388
459,1046,1505,0.1388
461,1049,1510,0.1388
457,1042,1499,0.1388
460,1051,1511,0.1388
456,1054,1510,0.1388
453,1061,1514,0.1388
453,1060,1513,0.1388
449,1048,1497,0.1388
445,1050,1495,0.1388
438,1058,1496,0.1388
442,1052,1494,0.1388
448,1057,1505,0.1388
453,1062,1515,0.1388
454,1058,1512,0.1388
454,1056,1510,0.1388
448,1071,1519,0.1388
448,1071,1519,0.1388
443,1069,1512,0.1388
445,1065,1510,0.1388
446,1074,1520,0.1388
449,1069,1518,0.1388
449,1073,1522,0.1388
440,1069,1509,0.1388
433,1078,1511,0.1388
443,1070,1513,0.1388
440,1071,1511,0.1388
441,1068,1509,0.1388
439,1070,1509,0.1388
439,1070,1509,0.1388
440,1071,1511,0.1388
435,1082,1517,0.1388
435,1071,1506,0.1388
434,1086,1520,0.1388
432,1077,1509,0.1388
435,1064,1499,0.1388
438,1074,1512,0.1388
431,1079,1510,0.1388
440,1090,1530,0.1388
432,1094,1526,0.1388
435,1076,1511,0.1388
431,1082,1513,0.1388
433,1082,1515,0.1388
431,1083,1514,0.1388
425,1089,1514,0.1388
420,1098,1518,0.1388
426,1100,1526,0.1388
426,1087,1513,0.1388
424,1090,1514,0.1388
417,1084,1501,0.1388
421,1095,1516,0.1388
416,1099,1515,0.1388
426,1095,1521,0.1388
423,1098,1521,0.1388
424,1090,1514,0.1388
424,1089,1513,0.1388
430,1080,1510,0.1388
431,1074,1505,0.1388
437,1076,1513,0.1388
431,1065,1496,0.1388
432,1062,1494,0.1388
427,1064,1491,0.1388
429,1064,1493,0.1388
430,1079,1509,0.1388
428,1071,1499,0.1388
432,1079,1511,0.1388
434,1077,1511,0.1388
434,1082,1516,0.1388
435,1079,1514,0.1388
435,1072,1507,0.1388
434,1072,1506,0.1388
432,1068,1500,0.1388
434,1062,1496,0.1388
428,1055,1483,0.1388
429,1054,1483,0.1388
425,1060,1485,0.1388
425,1070,1495,0.1388
428,1066,1494,0.1388
427,1066,1493,0.1388
433,1070,1503,0.1388
432,1074,1506,0.1388
430,1084,1514,0.1388
429,1077,1506,0.1388
427,1082,1509,0.1388
427,1082,1509,0.1388
428,1086,1514,0.1388
417,1086,1503,0.1388
421,1085,1506,0.1388
427,1076,1503,0.1388
422,1070,1492,0.1388
424,1065,1489,0.1388
425,1066,1491,0.1388
419,1074,1493,0.1388
416,1083,1499,0.1388
415,1079,1494,0.1388
416,1090,1506,0.1388
422,1090,1512,0.1388
421,1086,1507,0.1388
424,1103,1527,0.1388
426,1089,1515,0.1388
433,1089,1522,0.1388
434,1098,1532,0.1388
428,1096,1524,0.1388
426,1092,1518,0.1388
421,1104,1525,0.1388
426,1108,1534,0.1388
423,1102,1525,0.1388
418,1106,1524,0.1388
415,1097,1512,0.1388
418,1091,1509,0.1388
424,1089,1513,0.1388
426,1098,1524,0.1388
424,1099,1523,0.1388
421,1093,1514,0.1388
424,1085,1509,0.1388
423,1091,1514,0.1388
416,1096,1512,0.1388
411,1091,1502,0.1388
414,1087,1501,0.1388
408,1076,1484,0.1388
404,1085,1489,0.1388
402,1095,1497,0.1388
397,1101,1498,0.1388
396,1099,1495,0.1388
403,1098,1501,0.1388
408,1104,1512,0.1388
410,1106,1516,0.1388
409,1102,1511,0.1388
409,1118,1527,0.1388
411,1119,1530,0.1388
415,1125,1540,0.1388
411,1119,1530,0.1388
409,1121,1530,0.1388
404,1110,1514,0.1388
408,1115,1523,0.1388
405,1113,1518,0.1388
405,1108,1513,0.1388
398,1098,1496,0.1388
397,1100,1497,0.1388
397,1109,1506,0.1388
395,1119,1514,0.1388
396,1102,1498,0.1388
392,1106,1498,0.1388
401,1099,1500,0.1388
394,1099,1493,0.1388
396,1103,1499,0.1388
401,1112,1513,0.1388
407,1109,1516,0.1388
409,1109,1518,0.1388
402,1106,1508,0.1388
405,1106,1511,0.1388
402,1109,1511,0.1388
400,1108,1508,0.1388
399,1105,1504,0.1388
399,1106,1505,0.1388
398,1110,1508,0.1388
392,1112,1504,0.1388
397,1112,1509,0.1388
396,1102,1498,0.1388
402,1105,1507,0.1388
402,1112,1514,0.1388
401,1105,1506,0.1388
396,1109,1505,0.1388
397,1107,1504,0.1388
396,1109,1505,0.1388
394,1115,1509,0.1388
391,1115,1506,0.1388
399,1119,1518,0.1388
396,1113,1509,0.1388
398,1106,1504,0.1388
396,1106,1502,0.1388
402,1116,1518,0.1388
401,1110,1511,0.1388
392,1117,1509,0.1388
388,1113,1501,0.1388
383,1110,1493,0.1388
383,1113,1496,0.1388
384,1111,1495,0.1388
384,1126,1510,0.1388
388,1120,1508,0.1388
378,1122,1500,0.1388
379,1126,1505,0.1388
378,1115,1493,0.1388
377,1114,1491,0.1388
378,1130,1508,0.1388
377,1123,1500,0.1388
375,1129,1504,0.1388
382,1133,1515,0.1388
382,1121,1503,0.1388
384,1128,1512,0.1388
386,1133,1519,0.1388
376,1120,1496,0.1388
383,1123,1506,0.1388
380,1123,1503,0.1388
382,1134,1516,0.1388
386,1142,1528,0.1388
383,1139,1522,0.1388
389,1126,1515,0.1388
380,1129,1509,0.1388
386,1128,1514,0.1388
376,1128,1504,0.1388
382,1128,1510,0.1388
381,1136,1517,0.1388
384,1136,1520,0.1388
382,1138,1520,0.1388
378,1133,1511,0.1388
366,1125,1491,0.1388
365,1126,1491,0.1388
374,1142,1516,0.1388
373,1139,1512,0.1388
373,1140,1513,0.1388
372,1134,1506,0.1388
373,1131,1504,0.1388
376,1136,1512,0.1388
374,1136,1510,0.1388
375,1134,1509,0.1388
376,1139,1515,0.1388
374,1141,1515,0.1388
374,1137,1511,0.1388
373,1139,1512,0.1388
372,1142,1514,0.1388
369,1146,1515,0.1388
368,1156,1524,0.1388
364,1151,1515,0.1388
363,1158,1521,0.1388
360,1159,1519,0.1388
361,1161,1522,0.1388
361,1154,1515,0.1388
364,1145,1509,0.1388
364,1147,1511,0.1388
365,1156,1521,0.1388
357,1141,1498,0.1388
357,1143,1500,0.1388
361,1131,1492,0.1388
370,1139,1509,0.1388
363,1146,1509,0.1388
363,1138,1501,0.1388
361,1145,1506,0.1388
366,1142,1508,0.1388
360,1131,1491,0.1388
363,1136,1499,0.1388
355,1145,1500,0.1388
351,1151,1502,0.1388
349,1158,1507,0.1388
355,1155,1510,0.1388
359,1155,1514,0.1388
357,1148,1505,0.1388
364,1149,1513,0.1388
362,1156,1518,0.1388
367,1161,1528,0.1388
369,1155,1524,0.1388
370,1154,1524,0.1388
365,1153,1518,0.1388
365,1160,1525,0.1388
363,1153,1516,0.1388
354,1156,1510,0.1388
353,1154,1507,0.1388
356,1151,1507,0.1388
352,1154,1506,0.1388
358,1160,1518,0.1388
347,1159,1506,0.1388
349,1158,1507,0.1388
346,1170,1516,0.1388
351,1166,1517,0.1388
351,1176,1527,0.1388
353,1160,1513,0.1388
350,1165,1515,0.1388
347,1163,1510,0.1388
349,1161,1510,0.1388
354,1161,1515,0.1388
356,1158,1514,0.1388
352,1154,1506,0.1388
350,1167,1517,0.1388
349,1162,1511,0.1388
350,1163,1513,0.1388
347,1158,1505,0.1388
345,1167,1512,0.1388
352,1149,1501,0.1388
352,1161,1513,0.1388
349,1160,1509,0.1388
353,1160,1513,0.1388
357,1170,1527,0.1388
357,1167,1524,0.1388
352,1165,1517,0.1388
350,1156,1506,0.1388
349,1163,1512,0.1388
349,1164,1513,0.1388
350,1170,1520,0.1388
345,1165,1510,0.1388
350,1161,1511,0.1388
349,1153,1502,0.1388
343,1165,1508,0.1388
337,1177,1514,0.1388
340,1180,1520,0.1388
336,1171,1507,0.1388
337,1167,1504,0.1388
340,1164,1504,0.1388
340,1164,1504,0.1388
341,1173,1514,0.1388
346,1169,1515,0.1388
336,1168,1504,0.1388
328,1170,1498,0.1388
331,1174,1505,0.1388
330,1179,1509,0.1388
337,1187,1524,0.1388
338,1175,1513,0.1388
340,1175,1515,0.1388
339,1174,1513,0.1388
336,1162,1498,0.1388
334,1175,1509,0.1388
339,1187,1526,0.1388
341,1176,1517,0.1388
341,1177,1518,0.1388
344,1180,1524,0.1388
338,1178,1516,0.1388
339,1181,1520,0.1388
343,1175,1518,0.1388
341,1177,1518,0.1388
333,1184,1517,0.1388
333,1173,1506,0.1388
336,1173,1509,0.1388
339,1187,1526,0.1388
338,1184,1522,0.1388
335,1173,1508,0.1388
328,1193,1521,0.1388
330,1192,1522,0.1388
323,1190,1513,0.1388
318,1181,1499,0.1388
324,1180,1504,0.1388
322,1175,1497,0.1388
324,1191,1515,0.1388
323,1188,1511,0.1388
325,1189,1514,0.1388
326,1184,1510,0.1388
324,1166,1490,0.1388
326,1166,1492,0.1388
323,1173,1496,0.1388
321,1188,1509,0.1388
320,1182,1502,0.1388
314,1175,1489,0.1388
320,1175,1495,0.1388
325,1179,1504,0.1388
321,1176,1497,0.1388
327,1182,1509,0.1388
325,1190,1515,0.1388
325,1195,1520,0.1388
327,1205,1532,0.1388
324,1193,1517,0.1388
331,1185,1516,0.1388
325,1185,1510,0.1388
323,1191,1514,0.1388
319,1192,1511,0.1388
321,1190,1511,0.1388
323,1173,1496,0.1388
322,1191,1513,0.1388
323,1194,1517,0.1388
321,1186,1507,0.1388
319,1191,1510,0.1388
319,1203,1522,0.1388
315,1194,1509,0.1388
314,1198,1512,0.1388
314,1194,1508,0.1388
317,1202,1519,0.1388
315,1204,1519,0.1388
313,1206,1519,0.1388
307,1207,1514,0.1388
310,1202,1512,0.1388
309,1204,1513,0.1388
310,1202,1512,0.1388
312,1201,1513,0.1388
309,1198,1507,0.1388
315,1189,1504,0.1388
314,1191,1505,0.1388
308,1184,1492,0.1388
305,1193,1498,0.1388
306,1190,1496,0.1388
314,1195,1509,0.1388
309,1204,1513,0.1388
311,1214,1525,0.1388
307,1219,1526,0.1388
304,1204,1508,0.1388
301,1196,1497,0.1388
296,1219,1515,0.1388
294,1221,1515,0.1388
296,1215,1511,0.1388
295,1215,1510,0.1388
290,1226,1516,0.1388
291,1233,1524,0.1388
293,1231,1524,0.1388
292,1234,1526,0.1388
293,1232,1525,0.1388
292,1232,1524,0.1388
288,1239,1527,0.1388
286,1229,1515,0.1388
292,1233,1525,0.1388
291,1213,1504,0.1388
285,1224,1509,0.1388
288,1224,1512,0.1388
286,1212,1498,0.1388
281,1211,1492,0.1388
278,1218,1496,0.1388
283,1211,1494,0.1388
281,1211,1492,0.1388
285,1228,1513,0.1388
276,1232,1508,0.1388
283,1231,1514,0.1388
284,1224,1508,0.1388
280,1236,1516,0.1388
277,1234,1511,0.1388
276,1238,1514,0.1388
271,1236,1507,0.1388
276,1225,1501,0.1388
275,1235,1510,0.1388
283,1236,1519,0.1388
278,1239,1517,0.1388
282,1249,1531,0.1388
275,1235,1510,0.1388
282,1242,1524,0.1388
283,1242,1525,0.1388
288,1235,1523,0.1388
283,1233,1516,0.1388
284,1231,1515,0.1388
285,1233,1518,0.1388
287,1236,1523,0.1388
282,1238,1520,0.1388
283,1231,1514,0.1388
281,1232,1513,0.1388
285,1231,1516,0.1388
286,1228,1514,0.1388
289,1243,1532,0.1388
291,1238,1529,0.1388
287,1243,1530,0.1388
282,1238,1520,0.1388
280,1234,1514,0.1388
282,1235,1517,0.1388
291,1233,1524,0.1388
285,1229,1514,0.1388
282,1228,1510,0.1388
282,1220,1502,0.1388
281,1226,1507,0.1388
279,1231,1510,0.1388
285,1232,1517,0.1388
288,1224,1512,0.1388
291,1219,1510,0.1388
294,1222,1516,0.1388
291,1219,1510,0.1388
283,1218,1501,0.1388
284,1221,1505,0.1388
282,1228,1510,0.1388
287,1228,1515,0.1388
284,1231,1515,0.1388
283,1231,1514,0.1388
280,1221,1501,0.1388
282,1218,1500,0.1388
286,1214,1500,0.1388
283,1215,1498,0.1388
283,1225,1508,0.1388
287,1219,1506,0.1388
284,1228,1512,0.1388
288,1229,1517,0.1388
292,1242,1534,0.1388
293,1236,1529,0.1388
297,1228,1525,0.1388
298,1228,1526,0.1388
295,1221,1516,0.1388
293,1228,1521,0.1388
288,1222,1510,0.1388
285,1234,1519,0.1388
291,1227,1518,0.1388
293,1217,1510,0.1388
297,1214,1511,0.1388
296,1226,1522,0.1388
292,1227,1519,0.1388
295,1227,1522,0.1388
297,1228,1525,0.1388
292,1225,1517,0.1388
293,1223,1516,0.1388
291,1216,1507,0.1388
291,1214,1505,0.1388
296,1214,1510,0.1388
287,1207,1494,0.1388
284,1208,1492,0.1388
290,1208,1498,0.1388
287,1216,1503,0.1388
291,1221,1512,0.1388
286,1223,1509,0.1388
288,1220,1508,0.1388
289,1221,1510,0.1388
295,1229,1524,0.1388
288,1215,1503,0.1388
282,1216,1498,0.1388
280,1231,1511,0.1388
288,1227,1515,0.1388
286,1225,1511,0.1388
285,1229,1514,0.1388
284,1235,1519,0.1388
285,1242,1527,0.1388
282,1236,1518,0.1388
282,1226,1508,0.1388
281,1233,1514,0.1388
286,1244,1530,0.1388
286,1237,1523,0.1388
283,1218,1501,0.1388
286,1230,1516,0.1388
291,1222,1513,0.1388
289,1226,1515,0.1388
287,1224,1511,0.1388
289,1218,1507,0.1388
285,1230,1515,0.1388
280,1228,1508,0.1388
287,1217,1504,0.1388
284,1219,1503,0.1388
286,1213,1499,0.1388
285,1213,1498,0.1388
281,1228,1509,0.1388
280,1229,1509,0.1388
279,1243,1522,0.1388
278,1248,1526,0.1388
274,1234,1508,0.1388
273,1241,1514,0.1388
277,1239,1516,0.1388
279,1237,1516,0.1388
277,1250,1527,0.1388
273,1239,1512,0.1388
275,1239,1514,0.1388
275,1233,1508,0.1388
280,1232,1512,0.1388
275,1235,1510,0.1388
279,1233,1512,0.1388
279,1236,1515,0.1388
277,1245,1522,0.1388
271,1243,1514,0.1388
273,1245,1518,0.1388
272,1238,1510,0.1388
270,1244,1514,0.1388
268,1239,1507,0.1388
268,1234,1502,0.1388
266,1246,1512,0.1388
266,1244,1510,0.1388
263,1249,1512,0.1388
264,1247,1511,0.1388
259,1247,1506,0.1388
265,1251,1516,0.1388
260,1250,1510,0.1388
263,1256,1519,0.1388
259,1254,1513,0.1388
257,1240,1497,0.1388
260,1252,1512,0.1388
256,1260,1516,0.1388
258,1248,1506,0.1388
252,1245,1497,0.1388
250,1244,1494,0.1388
254,1245,1499,0.1388
257,1247,1504,0.1388
260,1245,1505,0.1388
254,1239,1493,0.1388
252,1247,1499,0.1388
255,1255,1510,0.1388
258,1253,1511,0.1388
261,1259,1520,0.1388
257,1255,1512,0.1388
257,1253,1510,0.1388
257,1242,1499,0.1388
260,1246,1506,0.1388
260,1247,1507,0.1388
263,1249,1512,0.1388
258,1257,1515,0.1388
257,1267,1524,0.1388
260,1264,1524,0.1388
262,1278,1540,0.1388
265,1273,1538,0.1388
267,1258,1525,0.1388
266,1262,1528,0.1388
268,1264,1532,0.1388
264,1257,1521,0.1388
267,1251,1518,0.1388
261,1248,1509,0.1388
253,1240,1493,0.1388
252,1251,1503,0.1388
258,1260,1518,0.1388
257,1272,1529,0.1388
257,1264,1521,0.1388
256,1258,1514,0.1388
255,1262,1517,0.1388
258,1260,1518,0.1388
259,1270,1529,0.1388
259,1271,1530,0.1388
259,1263,1522,0.1388
257,1262,1519,0.1388
260,1262,1522,0.1388
257,1241,1498,0.1388
254,1241,1495,0.1388
255,1239,1494,0.1388
262,1247,1509,0.1388
260,1261,1521,0.1388
262,1257,1519,0.1388
264,1257,1521,0.1388
258,1262,1520,0.1388
257,1264,1521,0.1388
252,1259,1511,0.1388
258,1260,1518,0.1388
260,1245,1505,0.1388
258,1242,1500,0.1388
259,1239,1498,0.1388
257,1244,1501,0.1388
259,1251,1510,0.1388
260,1261,1521,0.1388
254,1243,1497,0.1388
255,1247,1502,0.1388
251,1246,1497,0.1388
257,1265,1522,0.1388
265,1267,1532,0.1388
254,1261,1515,0.1388
255,1247,1502,0.1388
251,1250,1501,0.1388
255,1259,1514,0.1388
254,1261,1515,0.1388
248,1251,1499,0.1388
248,1266,1514,0.1388
245,1260,1505,0.1388
248,1253,1501,0.1388
245,1265,1510,0.1388
246,1267,1513,0.1388
243,1274,1517,0.1388
247,1278,1525,0.1388
246,1263,1509,0.1388
247,1282,1529,0.1388
250,1278,1528,0.1388
250,1268,1518,0.1388
257,1263,1520,0.1388
250,1264,1514,0.1388
251,1258,1509,0.1388
247,1264,1511,0.1388
248,1266,1514,0.1388
246,1261,1507,0.1388
251,1262,1513,0.1388
249,1270,1519,0.1388
252,1278,1530,0.1388
253,1271,1524,0.1388
254,1281,1535,0.1388
255,1272,1527,0.1388
253,1276,1529,0.1388
254,1275,1529,0.1388
255,1270,1525,0.1388
249,1271,1520,0.1388
246,1261,1507,0.1388
246,1262,1508,0.1388
249,1256,1505,0.1388
249,1251,1500,0.1388
252,1247,1499,0.1388
250,1253,1503,0.1388
254,1252,1506,0.1388
258,1252,1510,0.1388
260,1251,1511,0.1388
255,1259,1514,0.1388
255,1262,1517,0.1388
257,1267,1524,0.1388
257,1269,1526,0.1388
262,1263,1525,0.1388
264,1259,1523,0.1388
260,1258,1518,0.1388
258,1252,1510,0.1388
264,1269,1533,0.1388
261,1257,1518,0.1388
259,1258,1517,0.1388
263,1235,1498,0.1388
260,1245,1505,0.1388
262,1249,1511,0.1388
260,1261,1521,0.1388
257,1247,1504,0.1388
257,1238,1495,0.1388
256,1244,1500,0.1388
257,1248,1505,0.1388
260,1255,1515,0.1388
248,1252,1500,0.1388
246,1252,1498,0.1388
248,1258,1506,0.1388
247,1265,1512,0.1388
250,1274,1524,0.1388
250,1265,1515,0.1388
258,1265,1523,0.1388
254,1260,1514,0.1388
254,1256,1510,0.1388
253,1259,1512,0.1388
250,1261,1511,0.1388
249,1253,1502,0.1388
248,1256,1504,0.1388
250,1258,1508,0.1388
247,1261,1508,0.1388
255,1262,1517,0.1388
255,1264,1519,0.1388
251,1261,1512,0.1388
255,1267,1522,0.1388
256,1265,1521,0.1388
256,1258,1514,0.1388
256,1254,1510,0.1388
251,1255,1506,0.1388
254,1257,1511,0.1388
248,1268,1516,0.1388
250,1267,1517,0.1388
247,1269,1516,0.1388
245,1274,1519,0.1388
238,1275,1513,0.1388
238,1255,1493,0.1388
238,1247,1485,0.1388
244,1268,1512,0.1388
247,1254,1501,0.1388
250,1262,1512,0.1388
251,1256,1507,0.1388
248,1260,1508,0.1388
250,1262,1512,0.1388
238,1250,1488,0.1388
241,1264,1505,0.1388
237,1263,1500,0.1388
242,1254,1496,0.1388
245,1267,1512,0.1388
248,1280,1528,0.1388
246,1277,1523,0.1388
246,1270,1516,0.1388
249,1261,1510,0.1388
245,1270,1515,0.1388
248,1278,1526,0.1388
251,1274,1525,0.1388
252,1271,1523,0.1388
245,1270,1515,0.1388
248,1259,1507,0.1388
245,1269,1514,0.1388
237,1277,1514,0.1388
234,1283,1517,0.1388
239,1288,1527,0.1388
238,1283,1521,0.1388
240,1277,1517,0.1388
238,1275,1513,0.1388
236,1268,1504,0.1388
237,1270,1507,0.1388
241,1279,1520,0.1388
229,1274,1503,0.1388
228,1280,1508,0.1388
231,1272,1503,0.1388
233,1281,1514,0.1388
231,1283,1514,0.1388
235,1275,1510,0.1388
237,1266,1503,0.1388
236,1270,1506,0.1388
238,1269,1507,0.1388
242,1271,1513,0.1388
244,1272,1516,0.1388
244,1266,1510,0.1388
242,1269,1511,0.1388
237,1267,1504,0.1388
235,1261,1496,0.1388
241,1259,1500,0.1388
232,1259,1491,0.1388
234,1258,1492,0.1388
233,1273,1506,0.1388
232,1280,1512,0.1388
232,1282,1514,0.1388
229,1282,1511,0.1388
231,1285,1516,0.1388
228,1278,1506,0.1388
230,1277,1507,0.1388
229,1275,1504,0.1388
226,1280,1506,0.1388
225,1292,1517,0.1388
223,1296,1519,0.1388
220,1290,1510,0.1388
220,1296,1516,0.1388
223,1296,1519,0.1388
229,1301,1530,0.1388
232,1297,1529,0.1388
231,1289,1520,0.1388
231,1287,1518,0.1388
236,1286,1522,0.1388
236,1285,1521,0.1388
227,1283,1510,0.1388
224,1284,1508,0.1388
227,1280,1507,0.1388
227,1284,1511,0.1388
229,1276,1505,0.1388
227,1278,1505,0.1388
225,1290,1515,0.1388
229,1276,1505,0.1388
230,1283,1513,0.1388
230,1283,1513,0.1388
237,1280,1517,0.1388
231,1273,1504,0.1388
233,1277,1510,0.1388
235,1283,1518,0.1388
232,1288,1520,0.1388
234,1280,1514,0.1388
234,1283,1517,0.1388
237,1284,1521,0.1388
232,1270,1502,0.1388
233,1270,1503,0.1388
230,1275,1505,0.1388
226,1278,1504,0.1388
222,1268,1490,0.1388
226,1283,1509,0.1388
221,1283,1504,0.1388
229,1284,1513,0.1388
230,1287,1517,0.1388
233,1278,1511,0.1388
232,1280,1512,0.1388
234,1287,1521,0.1388
232,1288,1520,0.1388
232,1275,1507,0.1388
235,1280,1515,0.1388
228,1277,1505,0.1388
230,1275,1505,0.1388
230,1286,1516,0.1388
232,1286,1518,0.1388
230,1286,1516,0.1388
229,1289,1518,0.1388
234,1295,1529,0.1388
231,1288,1519,0.1388
228,1279,1507,0.1388
228,1277,1505,0.1388
230,1290,1520,0.1388
232,1291,1523,0.1388
229,1288,1517,0.1388
225,1292,1517,0.1388
225,1284,1509,0.1388
224,1284,1508,0.1388
223,1287,1510,0.1388
227,1295,1522,0.1388
229,1278,1507,0.1388
228,1268,1496,0.1388
223,1267,1490,0.1388
225,1268,1493,0.1388
226,1282,1508,0.1388
229,1281,1510,0.1388
225,1289,1514,0.1388
224,1300,1524,0.1388
222,1282,1504,0.1388
228,1294,1522,0.1388
233,1285,1518,0.1388
233,1278,1511,0.1388
223,1274,1497,0.1388
228,1275,1503,0.1388
226,1280,1506,0.1388
224,1282,1506,0.1388
224,1292,1516,0.1388
226,1289,1515,0.1388
227,1298,1525,0.1388
228,1311,1539,0.1388
233,1300,1533,0.1388
233,1295,1528,0.1388
234,1286,1520,0.1388
232,1292,1524,0.1388
232,1291,1523,0.1388
227,1291,1518,0.1388
225,1293,1518,0.1388
227,1290,1517,0.1388
229,1285,1514,0.1388
223,1287,1510,0.1388
223,1279,1502,0.1388
225,1276,1501,0.1388
224,1275,1499,0.1388
226,1276,1502,0.1388
223,1285,1508,0.1388
225,1283,1508,0.1388
225,1291,1516,0.1388
228,1291,1519,0.1388
222,1297,1519,0.1388
217,1304,1521,0.1388
219,1276,1495,0.1388
218,1283,1501,0.1388
218,1277,1495,0.1388
214,1278,1492,0.1388
215,1290,1505,0.1388
214,1293,1507,0.1388
214,1301,1515,0.1388
215,1308,1523,0.1388
210,1305,1515,0.1388
211,1300,1511,0.1388
212,1306,1518,0.1388
211,1303,1514,0.1388
216,1312,1528,0.1388
216,1315,1531,0.1388
220,1304,1524,0.1388
217,1308,1525,0.1388
218,1307,1525,0.1388
217,1312,1529,0.1388
217,1314,1531,0.1388
216,1316,1532,0.1388
214,1303,1517,0.1388
212,1297,1509,0.1388
210,1300,1510,0.1388
208,1301,1509,0.1388
212,1297,1509,0.1388
212,1290,1502,0.1388
215,1288,1503,0.1388
216,1291,1507,0.1388
216,1293,1509,0.1388
212,1298,1510,0.1388
214,1297,1511,0.1388
214,1297,1511,0.1388
213,1294,1507,0.1388
209,1296,1505,0.1388
209,1311,1520,0.1388
215,1299,1514,0.1388
215,1297,1512,0.1388
213,1290,1503,0.1388
213,1290,1503,0.1388
218,1290,1508,0.1388
218,1293,1511,0.1388
213,1297,1510,0.1388
210,1311,1521,0.1388
209,1317,1526,0.1388
205,1313,1518,0.1388
209,1309,1518,0.1388
208,1304,1512,0.1388
210,1309,1519,0.1388
206,1309,1515,0.1388
207,1315,1522,0.1388
209,1319,1528,0.1388
210,1325,1535,0.1388
209,1313,1522,0.1388
199,1306,1505,0.1388
199,1307,1506,0.1388
196,1311,1507,0.1388
195,1290,1485,0.1388
198,1294,1492,0.1388
195,1294,1489,0.1388
199,1298,1497,0.1388
202,1309,1511,0.1388
204,1306,1510,0.1388
201,1307,1508,0.1388
203,1315,1518,0.1388
202,1311,1513,0.1388
204,1321,1525,0.1388
199,1307,1506,0.1388
196,1312,1508,0.1388
195,1307,1502,0.1388
196,1329,1525,0.1388
197,1327,1524,0.1388
202,1325,1527,0.1388
200,1332,1532,0.1388
204,1316,1520,0.1388
202,1314,1516,0.1388
199,1301,1500,0.1388
196,1302,1498,0.1388
200,1304,1504,0.1388
201,1310,1511,0.1388
199,1316,1515,0.1388
197,1326,1523,0.1388
199,1322,1521,0.1388
197,1323,1520,0.1388
196,1306,1502,0.1388
195,1306,1501,0.1388
198,1306,1504,0.1388
196,1313,1509,0.1388
195,1315,1510,0.1388
204,1308,1512,0.1388
200,1302,1502,0.1388
198,1302,1500,0.1388
199,1299,1498,0.1388
200,1297,1497,0.1388
195,1310,1505,0.1388
201,1315,1516,0.1388
197,1321,1518,0.1388
198,1325,1523,0.1388
196,1311,1507,0.1388
202,1307,1509,0.1388
196,1311,1507,0.1388
198,1301,1499,0.1388
195,1311,1506,0.1388
193,1318,1511,0.1388
192,1317,1509,0.1388
196,1325,1521,0.1388
195,1336,1531,0.1388
192,1337,1529,0.1388
195,1331,1526,0.1388
195,1326,1521,0.1388
193,1331,1524,0.1388
191,1333,1524,0.1388
188,1325,1513,0.1388
184,1334,1518,0.1388
185,1328,1513,0.1388
182,1321,1503,0.1388
181,1308,1489,0.1388
180,1316,1496,0.1388
187,1322,1509,0.1388
186,1323,1509,0.1388
188,1325,1513,0.1388
185,1327,1512,0.1388
184,1336,1520,0.1388
182,1337,1519,0.1388
181,1336,1517,0.1388
185,1336,1521,0.1388
184,1349,1533,0.1388
181,1335,1516,0.1388
183,1346,1529,0.1388
184,1348,1532,0.1388
182,1340,1522,0.1388
185,1336,1521,0.1388
187,1327,1514,0.1388
187,1324,1511,0.1388
187,1324,1511,0.1388
185,1332,1517,0.1388
185,1321,1506,0.1388
180,1330,1510,0.1388
181,1335,1516,0.1388
177,1328,1505,0.1388
178,1336,1514,0.1388
175,1339,1514,0.1388
176,1339,1515,0.1388
176,1337,1513,0.1388
180,1335,1515,0.1388
173,1348,1521,0.1388
174,1346,1520,0.1388
179,1331,1510,0.1388
181,1322,1503,0.1388
178,1320,1498,0.1388
179,1322,1501,0.1388
179,1338,1517,0.1388
178,1335,1513,0.1388
185,1327,1512,0.1388
183,1333,1516,0.1388
185,1338,1523,0.1388
184,1342,1526,0.1388
183,1336,1519,0.1388
182,1334,1516,0.1388
184,1330,1514,0.1388
184,1336,1520,0.1388
184,1326,1510,0.1388
182,1319,1501,0.1388
182,1323,1505,0.1388
185,1318,1503,0.1388
185,1322,1507,0.1388
194,1319,1513,0.1388
200,1312,1512,0.1388
195,1322,1517,0.1388
195,1325,1520,0.1388
196,1324,1520,0.1388
192,1323,1515,0.1388
194,1329,1523,0.1388
192,1328,1520,0.1388
189,1325,1514,0.1388
185,1317,1502,0.1388
188,1321,1509,0.1388
186,1315,1501,0.1388
187,1317,1504,0.1388
191,1316,1507,0.1388
190,1313,1503,0.1388
191,1304,1495,0.1388
189,1330,1519,0.1388
191,1327,1518,0.1388
191,1332,1523,0.1388
189,1335,1524,0.1388
184,1332,1516,0.1388
183,1334,1517,0.1388
181,1335,1516,0.1388
187,1327,1514,0.1388
187,1334,1521,0.1388
187,1333,1520,0.1388
186,1332,1518,0.1388
188,1331,1519,0.1388
189,1334,1523,0.1388
185,1333,1518,0.1388
184,1335,1519,0.1388
187,1327,1514,0.1388
181,1321,1502,0.1388
180,1336,1516,0.1388
182,1335,1517,0.1388
180,1323,1503,0.1388
179,1313,1492,0.1388
179,1321,1500,0.1388
175,1328,1503,0.1388
172,1343,1515,0.1388
173,1333,1506,0.1388
174,1337,1511,0.1388
177,1342,1519,0.1388
174,1348,1522,0.1388
172,1336,1508,0.1388
175,1342,1517,0.1388
183,1334,1517,0.1388
179,1342,1521,0.1388
180,1346,1526,0.1388
179,1331,1510,0.1388
183,1332,1515,0.1388
184,1322,1506,0.1388
182,1338,1520,0.1388
178,1340,1518,0.1388
177,1344,1521,0.1388
172,1358,1530,0.1388
173,1355,1528,0.1388
170,1344,1514,0.1388
176,1345,1521,0.1388
177,1342,1519,0.1388
173,1334,1507,0.1388
174,1339,1513,0.1388
170,1348,1518,0.1388
164,1338,1502,0.1388
164,1343,1507,0.1388
164,1353,1517,0.1388
165,1353,1518,0.1388
162,1360,1522,0.1388
162,1369,1531,0.1388
162,1367,1529,0.1388
165,1370,1535,0.1388
160,1360,1520,0.1388
161,1364,1525,0.1388
157,1371,1528,0.1388
156,1365,1521,0.1388
156,1364,1520,0.1388
154,1372,1526,0.1388
153,1365,1518,0.1388
155,1367,1522,0.1388
151,1355,1506,0.1388
158,1360,1518,0.1388
156,1354,1510,0.1388
158,1352,1510,0.1388
161,1354,1515,0.1388
158,1363,1521,0.1388
155,1354,1509,0.1388
154,1361,1515,0.1388
152,1369,1521,0.1388
146,1360,1506,0.1388
145,1361,1506,0.1388
148,1362,1510,0.1388
147,1358,1505,0.1388
146,1363,1509,0.1388
151,1351,1502,0.1388
150,1361,1511,0.1388
149,1360,1509,0.1388
148,1354,1502,0.1388
150,1352,1502,0.1388
149,1346,1495,0.1388
150,1349,1499,0.1388
148,1360,1508,0.1388
148,1364,1512,0.1388
149,1367,1516,0.1388
149,1373,1522,0.1388
153,1366,1519,0.1388
150,1366,1516,0.1388
150,1369,1519,0.1388
145,1363,1508,0.1388
147,1376,1523,0.1388
145,1379,1524,0.1388
146,1367,1513,0.1388
144,1371,1515,0.1388
139,1369,1508,0.1388
139,1375,1514,0.1388
144,1371,1515,0.1388
142,1371,1513,0.1388
145,1380,1525,0.1388
145,1368,1513,0.1388
145,1371,1516,0.1388
149,1359,1508,0.1388
147,1367,1514,0.1388
146,1370,1516,0.1388
147,1359,1506,0.1388
145,1367,1512,0.1388
141,1378,1519,0.1388
142,1368,1510,0.1388
143,1359,1502,0.1388
146,1364,1510,0.1388
144,1361,1505,0.1388
143,1340,1483,0.1388
144,1347,1491,0.1388
150,1350,1500,0.1388
154,1349,1503,0.1388
155,1353,1508,0.1388
155,1368,1523,0.1388
154,1363,1517,0.1388
151,1368,1519,0.1388
151,1373,1524,0.1388
150,1372,1522,0.1388
150,1371,1521,0.1388
147,1379,1526,0.1388
140,1376,1516,0.1388
139,1381,1520,0.1388
137,1383,1520,0.1388
137,1384,1521,0.1388
136,1379,1515,0.1388
135,1376,1511,0.1388
134,1374,1508,0.1388
135,1385,1520,0.1388
132,1378,1510,0.1388
131,1392,1523,0.1388
130,1395,1525,0.1388
128,1395,1523,0.1388
129,1389,1518,0.1388
128,1380,1508,0.1388
128,1370,1498,0.1388
129,1371,1500,0.1388
126,1369,1495,0.1388
124,1367,1491,0.1388
127,1366,1493,0.1388
126,1392,1518,0.1388
124,1386,1510,0.1388
124,1383,1507,0.1388
127,1387,1514,0.1388
124,1382,1506,0.1388
125,1381,1506,0.1388
121,1392,1513,0.1388
125,1383,1508,0.1388
129,1378,1507,0.1388
127,1383,1510,0.1388
129,1385,1514,0.1388
131,1387,1518,0.1388
131,1380,1511,0.1388
130,1381,1511,0.1388
130,1383,1513,0.1388
126,1384,1510,0.1388
122,1381,1503,0.1388
122,1389,1511,0.1388
122,1373,1495,0.1388
122,1384,1506,0.1388
123,1380,1503,0.1388
123,1389,1512,0.1388
124,1385,1509,0.1388
121,1380,1501,0.1388
121,1382,1503,0.1388
125,1399,1524,0.1388
124,1396,1520,0.1388
127,1410,1537,0.1388
125,1405,1530,0.1388
127,1398,1525,0.1388
127,1399,1526,0.1388
129,1391,1520,0.1388
127,1392,1519,0.1388
124,1381,1505,0.1388
126,1377,1503,0.1388
125,1388,1513,0.1388
120,1392,1512,0.1388
119,1387,1506,0.1388
124,1388,1512,0.1388
125,1398,1523,0.1388
122,1389,1511,0.1388
115,1402,1517,0.1388
118,1407,1525,0.1388
120,1396,1516,0.1388
117,1380,1497,0.1388
116,1383,1499,0.1388
112,1398,1510,0.1388
111,1388,1499,0.1388
111,1386,1497,0.1388
110,1395,1505,0.1388
108,1394,1502,0.1388
106,1389,1495,0.1388
107,1391,1498,0.1388
108,1405,1513,0.1388
109,1409,1518,0.1388
108,1414,1522,0.1388
106,1419,1525,0.1388
105,1408,1513,0.1388
104,1409,1513,0.1388
107,1415,1522,0.1388
108,1418,1526,0.1388
102,1416,1518,0.1388
104,1415,1519,0.1388
109,1427,1536,0.1388
106,1417,1523,0.1388
102,1412,1514,0.1388
103,1409,1512,0.1388
105,1411,1516,0.1388
105,1418,1523,0.1388
104,1416,1520,0.1388
105,1419,1524,0.1388
104,1421,1525,0.1388
102,1411,1513,0.1388
101,1409,1510,0.1388
100,1415,1515,0.1388
102,1406,1508,0.1388
101,1409,1510,0.1388
107,1413,1520,0.1388
104,1427,1531,0.1388
104,1432,1536,0.1388
105,1429,1534,0.1388
101,1414,1515,0.1388
103,1412,1515,0.1388
101,1416,1517,0.1388
102,1413,1515,0.1388
102,1419,1521,0.1388
100,1418,1518,0.1388
102,1423,1525,0.1388
102,1429,1531,0.1388
102,1430,1532,0.1388
106,1438,1544,0.1388
105,1428,1533,0.1388
107,1430,1537,0.1388
106,1416,1522,0.1388
104,1408,1512,0.1388
100,1405,1505,0.1388
103,1416,1519,0.1388
105,1413,1518,0.1388
105,1408,1513,0.1388
104,1411,1515,0.1388
104,1416,1520,0.1388
106,1419,1525,0.1388
103,1415,1518,0.1388
98,1408,1506,0.1388
99,1410,1509,0.1388
96,1417,1513,0.1388
94,1415,1509,0.1388
95,1414,1509,0.1388
97,1416,1513,0.1388
95,1424,1519,0.1388
95,1428,1523,0.1388
96,1421,1517,0.1388
96,1427,1523,0.1388
96,1427,1523,0.1388
91,1424,1515,0.1388
90,1415,1505,0.1388
90,1419,1509,0.1388
88,1422,1510,0.1388
84,1412,1496,0.1388
85,1415,1500,0.1388
86,1425,1511,0.1388
87,1425,1512,0.1388
85,1424,1509,0.1388
85,1439,1524,0.1388
84,1443,1527,0.1388
83,1438,1521,0.1388
83,1429,1512,0.1388
85,1434,1519,0.1388
87,1430,1517,0.1388
85,1434,1519,0.1388
86,1433,1519,0.1388
84,1427,1511,0.1388
84,1442,1526,0.1388
84,1443,1527,0.1388
85,1436,1521,0.1388
82,1436,1518,0.1388
85,1438,1523,0.1388
86,1439,1525,0.1388
86,1443,1529,0.1388
86,1437,1523,0.1388
84,1433,1517,0.1388
84,1424,1508,0.1388
84,1424,1508,0.1388
87,1422,1509,0.1388
82,1411,1493,0.1388
83,1409,1492,0.1388
85,1421,1506,0.1388
86,1416,1502,0.1388
87,1423,1510,0.1388
86,1435,1521,0.1388
86,1419,1505,0.1388
88,1431,1519,0.1388
88,1433,1521,0.1388
90,1412,1502,0.1388
90,1405,1495,0.1388
87,1423,1510,0.1388
87,1430,1517,0.1388
85,1418,1503,0.1388
88,1415,1503,0.1388
87,1416,1503,0.1388
85,1408,1493,0.1388
83,1417,1500,0.1388
82,1430,1512,0.1388
82,1436,1518,0.1388
83,1432,1515,0.1388
84,1435,1519,0.1388
86,1436,1522,0.1388
86,1428,1514,0.1388
86,1421,1507,0.1388
86,1434,1520,0.1388
88,1433,1521,0.1388
84,1441,1525,0.1388
85,1441,1526,0.1388
86,1426,1512,0.1388
88,1431,1519,0.1388
87,1432,1519,0.1388
85,1433,1518,0.1388
85,1442,1527,0.1388
88,1436,1524,0.1388
89,1441,1530,0.1388
87,1438,1525,0.1388
85,1436,1521,0.1388
84,1431,1515,0.1388
81,1433,1514,0.1388
82,1429,1511,0.1388
81,1424,1505,0.1388
83,1433,1516,0.1388
81,1437,1518,0.1388
82,1439,1521,0.1388
84,1424,1508,0.1388
82,1429,1511,0.1388
79,1426,1505,0.1388
80,1432,1512,0.1388
80,1441,1521,0.1388
79,1440,1519,0.1388
78,1441,1519,0.1388
77,1447,1524,0.1388
78,1446,1524,0.1388
77,1441,1518,0.1388
77,1443,1520,0.1388
82,1434,1516,0.1388
81,1422,1503,0.1388
78,1434,1512,0.1388
78,1428,1506,0.1388
76,1445,1521,0.1388
76,1435,1511,0.1388
81,1443,1524,0.1388
83,1441,1524,0.1388
82,1438,1520,0.1388
82,1434,1516,0.1388
83,1432,1515,0.1388
79,1431,1510,0.1388
78,1440,1518,0.1388
80,1440,1520,0.1388
80,1437,1517,0.1388
84,1437,1521,0.1388
82,1437,1519,0.1388
80,1438,1518,0.1388
81,1420,1501,0.1388
84,1437,1521,0.1388
81,1438,1519,0.1388
80,1444,1524,0.1388
78,1450,1528,0.1388
74,1444,1518,0.1388
73,1437,1510,0.1388
74,1445,1519,0.1388
74,1437,1511,0.1388
77,1436,1513,0.1388
77,1452,1529,0.1388
82,1447,1529,0.1388
82,1435,1517,0.1388
83,1429,1512,0.1388
83,1422,1505,0.1388
83,1439,1522,0.1388
82,1432,1514,0.1388
80,1447,1527,0.1388
79,1435,1514,0.1388
78,1423,1501,0.1388
76,1425,1501,0.1388
77,1422,1499,0.1388
78,1432,1510,0.1388
74,1434,1508,0.1388
76,1437,1513,0.1388
73,1445,1518,0.1388
75,1452,1527,0.1388
76,1437,1513,0.1388
75,1432,1507,0.1388
76,1427,1503,0.1388
77,1430,1507,0.1388
75,1436,1511,0.1388
74,1445,1519,0.1388
74,1457,1531,0.1388
69,1451,1520,0.1388
70,1452,1522,0.1388
70,1450,1520,0.1388
74,1440,1514,0.1388
74,1453,1527,0.1388
73,1452,1525,0.1388
72,1456,1528,0.1388
72,1454,1526,0.1388
74,1450,1524,0.1388
74,1443,1517,0.1388
76,1453,1529,0.1388
76,1447,1523,0.1388
75,1452,1527,0.1388
75,1451,1526,0.1388
78,1441,1519,0.1388
79,1436,1515,0.1388
75,1436,1511,0.1388
73,1433,1506,0.1388
74,1426,1500,0.1388
75,1443,1518,0.1388
75,1452,1527,0.1388
73,1438,1511,0.1388
74,1441,1515,0.1388
74,1447,1521,0.1388
75,1437,1512,0.1388
73,1438,1511,0.1388
73,1434,1507,0.1388
71,1415,1486,0.1388
72,1428,1500,0.1388
76,1432,1508,0.1388
74,1441,1515,0.1388
76,1438,1514,0.1388
75,1428,1503,0.1388
74,1441,1515,0.1388
75,1438,1513,0.1388
77,1439,1516,0.1388
77,1445,1522,0.1388
78,1450,1528,0.1388
80,1443,1523,0.1388
81,1453,1534,0.1388
81,1443,1524,0.1388
82,1434,1516,0.1388
84,1429,1513,0.1388
82,1434,1516,0.1388
82,1428,1510,0.1388
85,1430,1515,0.1388
83,1430,1513,0.1388
80,1435,1515,0.1388
76,1440,1516,0.1388
77,1444,1521,0.1388
82,1437,1519,0.1388
80,1436,1516,0.1388
79,1435,1514,0.1388
80,1426,1506,0.1388
80,1427,1507,0.1388
76,1436,1512,0.1388
75,1445,1520,0.1388
71,1437,1508,0.1388
70,1440,1510,0.1388
71,1436,1507,0.1388
74,1446,1520,0.1388
74,1434,1508,0.1388
73,1437,1510,0.1388
72,1452,1524,0.1388
71,1444,1515,0.1388
75,1441,1516,0.1388
74,1451,1525,0.1388
76,1444,1520,0.1388
76,1454,1530,0.1388
75,1443,1518,0.1388
74,1431,1505,0.1388
77,1437,1514,0.1388
77,1443,1520,0.1388
77,1448,1525,0.1388
76,1444,1520,0.1388
78,1442,1520,0.1388
76,1439,1515,0.1388
77,1451,1528,0.1388
78,1441,1519,0.1388
78,1431,1509,0.1388
78,1436,1514,0.1388
78,1434,1512,0.1388
78,1436,1514,0.1388
77,1430,1507,0.1388
77,1421,1498,0.1388
74,1431,1505,0.1388
74,1438,1512,0.1388
80,1434,1514,0.1388
79,1447,1526,0.1388
79,1458,1537,0.1388
79,1434,1513,0.1388
79,1431,1510,0.1388
77,1424,1501,0.1388
76,1440,1516,0.1388
75,1438,1513,0.1388
73,1435,1508,0.1388
69,1446,1515,0.1388
69,1439,1508,0.1388
70,1437,1507,0.1388
67,1433,1500,0.1388
66,1449,1515,0.1388
68,1437,1505,0.1388
70,1447,1517,0.1388
68,1447,1515,0.1388
70,1444,1514,0.1388
70,1448,1518,0.1388
72,1441,1513,0.1388
72,1445,1517,0.1388
71,1448,1519,0.1388
68,1449,1517,0.1388
67,1440,1507,0.1388
66,1438,1504,0.1388
72,1444,1516,0.1388
68,1444,1512,0.1388
72,1448,1520,0.1388
68,1444,1512,0.1388
67,1435,1502,0.1388
67,1452,1519,0.1388
67,1460,1527,0.1388
71,1461,1532,0.1388
66,1450,1516,0.1388
68,1439,1507,0.1388
65,1443,1508,0.1388
66,1435,1501,0.1388
69,1438,1507,0.1388
71,1441,1512,0.1388
69,1444,1513,0.1388
70,1436,1506,0.1388
69,1437,1506,0.1388
68,1447,1515,0.1388
66,1448,1514,0.1388
68,1455,1523,0.1388
69,1455,1524,0.1388
68,1434,1502,0.1388
69,1439,1508,0.1388
66,1443,1509,0.1388
65,1453,1518,0.1388
64,1458,1522,0.1388
59,1448,1507,0.1388
60,1448,1508,0.1388
60,1453,1513,0.1388
62,1446,1508,0.1388
62,1449,1511,0.1388
64,1452,1516,0.1388
65,1450,1515,0.1388
66,1442,1508,0.1388
68,1436,1504,0.1388
68,1432,1500,0.1388
71,1442,1513,0.1388
71,1428,1499,0.1388
69,1432,1501,0.1388
72,1450,1522,0.1388
71,1442,1513,0.1388
71,1445,1516,0.1388
69,1432,1501,0.1388
68,1439,1507,0.1388
67,1457,1524,0.1388
66,1456,1522,0.1388
69,1457,1526,0.1388
69,1463,1532,0.1388
66,1456,1522,0.1388
64,1464,1528,0.1388
66,1457,1523,0.1388
67,1452,1519,0.1388
64,1453,1517,0.1388
66,1459,1525,0.1388
66,1446,1512,0.1388
66,1441,1507,0.1388
68,1451,1519,0.1388
69,1450,1519,0.1388
67,1445,1512,0.1388
66,1454,1520,0.1388
65,1460,1525,0.1388
63,1457,1520,0.1388
64,1449,1513,0.1388
66,1463,1529,0.1388
65,1458,1523,0.1388
65,1457,1522,0.1388
66,1447,1513,0.1388
69,1444,1513,0.1388
69,1459,1528,0.1388
68,1452,1520,0.1388
70,1442,1512,0.1388
69,1437,1506,0.1388
66,1442,1508,0.1388
67,1452,1519,0.1388
64,1440,1504,0.1388
62,1439,1501,0.1388
62,1445,1507,0.1388
58,1461,1519,0.1388
63,1461,1524,0.1388
60,1451,1511,0.1388
61,1455,1516,0.1388
61,1450,1511,0.1388
60,1452,1512,0.1388
59,1456,1515,0.1388
60,1457,1517,0.1388
60,1444,1504,0.1388
61,1444,1505,0.1388
60,1450,1510,0.1388
60,1450,1510,0.1388
59,1444,1503,0.1388
59,1453,1512,0.1388
61,1455,1516,0.1388
61,1455,1516,0.1388
62,1458,1520,0.1388
59,1453,1512,0.1388
57,1464,1521,0.1388
59,1463,1522,0.1388
57,1471,1528,0.1388
58,1460,1518,0.1388
56,1451,1507,0.1388
55,1472,1527,0.1388
57,1467,1524,0.1388
57,1458,1515,0.1388
58,1457,1515,0.1388
58,1464,1522,0.1388
57,1460,1517,0.1388
58,1460,1518,0.1388
58,1455,1513,0.1388
58,1459,1517,0.1388
57,1466,1523,0.1388
56,1467,1523,0.1388
58,1469,1527,0.1388
55,1462,1517,0.1388
56,1456,1512,0.1388
58,1466,1524,0.1388
57,1463,1520,0.1388
56,1469,1525,0.1388
56,1461,1517,0.1388
56,1468,1524,0.1388
57,1470,1527,0.1388
53,1486,1539,0.1388
56,1473,1529,0.1388
55,1465,1520,0.1388
55,1460,1515,0.1388
54,1466,1520,0.1388
56,1478,1534,0.1388
56,1467,1523,0.1388
54,1470,1524,0.1388
53,1459,1512,0.1388
55,1443,1498,0.1388
55,1449,1504,0.1388
56,1456,1512,0.1388
57,1453,1510,0.1388
55,1437,1492,0.1388
53,1436,1489,0.1388
56,1456,1512,0.1388
59,1456,1515,0.1388
61,1457,1518,0.1388
61,1435,1496,0.1388
63,1442,1505,0.1388
60,1438,1498,0.1388
64,1441,1505,0.1388
63,1458,1521,0.1388
60,1460,1520,0.1388
64,1460,1524,0.1388
63,1454,1517,0.1388
62,1456,1518,0.1388
61,1456,1517,0.1388
60,1465,1525,0.1388
60,1462,1522,0.1388
61,1470,1531,0.1388
59,1467,1526,0.1388
58,1472,1530,0.1388
61,1465,1526,0.1388
63,1466,1529,0.1388
62,1454,1516,0.1388
60,1447,1507,0.1388
61,1452,1513,0.1388
61,1455,1516,0.1388
62,1451,1513,0.1388
60,1449,1509,0.1388
60,1471,1531,0.1388
61,1470,1531,0.1388
60,1468,1528,0.1388
61,1465,1526,0.1388
61,1469,1530,0.1388
58,1471,1529,0.1388
58,1481,1539,0.1388
57,1475,1532,0.1388
56,1483,1539,0.1388
54,1476,1530,0.1388
54,1473,1527,0.1388
54,1474,1528,0.1388
53,1462,1515,0.1388
54,1468,1522,0.1388
57,1451,1508,0.1388
57,1466,1523,0.1388
55,1446,1501,0.1388
53,1449,1502,0.1388
55,1449,1504,0.1388
51,1452,1503,0.1388
52,1456,1508,0.1388
52,1439,1491,0.1388
55,1430,1485,0.1388
55,1454,1509,0.1388
55,1453,1508,0.1388
52,1450,1502,0.1388
53,1458,1511,0.1388
53,1465,1518,0.1388
57,1458,1515,0.1388
58,1467,1525,0.1388
56,1455,1511,0.1388
53,1454,1507,0.1388
54,1466,1520,0.1388
53,1455,1508,0.1388
52,1458,1510,0.1388
53,1451,1504,0.1388
54,1445,1499,0.1388
51,1451,1502,0.1388
51,1449,1500,0.1388
50,1445,1495,0.1388
51,1458,1509,0.1388
50,1472,1522,0.1388
49,1468,1517,0.1388
48,1463,1511,0.1388
49,1478,1527,0.1388
50,1468,1518,0.1388
51,1465,1516,0.1388
52,1463,1515,0.1388
53,1454,1507,0.1388
52,1447,1499,0.1388
54,1444,1498,0.1388
53,1460,1513,0.1388
54,1471,1525,0.1388
54,1465,1519,0.1388
54,1436,1490,0.1388
55,1449,1504,0.1388
54,1460,1514,0.1388
52,1454,1506,0.1388
53,1455,1508,0.1388
53,1461,1514,0.1388
55,1460,1515,0.1388
54,1466,1520,0.1388
54,1466,1520,0.1388
53,1476,1529,0.1388
51,1472,1523,0.1388
53,1467,1520,0.1388
51,1469,1520,0.1388
52,1459,1511,0.1388
52,1457,1509,0.1388
49,1456,1505,0.1388
51,1468,1519,0.1388
51,1478,1529,0.1388
51,1476,1527,0.1388
55,1492,1547,0.1388
55,1475,1530,0.1388
55,1477,1532,0.1388
55,1463,1518,0.1388
53,1465,1518,0.1388
55,1463,1518,0.1388
55,1468,1523,0.1388
55,1460,1515,0.1388
56,1461,1517,0.1388
56,1452,1508,0.1388
55,1456,1511,0.1388
56,1450,1506,0.1388
57,1450,1507,0.1388
59,1436,1495,0.1388
59,1444,1503,0.1388
56,1443,1499,0.1388
58,1446,1504,0.1388
60,1460,1520,0.1388
60,1474,1534,0.1388
59,1475,1534,0.1388
56,1466,1522,0.1388
58,1456,1514,0.1388
58,1459,1517,0.1388
57,1453,1510,0.1388
58,1451,1509,0.1388
60,1447,1507,0.1388
61,1455,1516,0.1388
61,1468,1529,0.1388
60,1462,1522,0.1388
59,1469,1528,0.1388
57,1464,1521,0.1388
53,1465,1518,0.1388
57,1458,1515,0.1388
54,1456,1510,0.1388
51,1448,1499,0.1388
54,1456,1510,0.1388
54,1466,1520,0.1388
53,1461,1514,0.1388
57,1460,1517,0.1388
62,1450,1512,0.1388
61,1461,1522,0.1388
63,1462,1525,0.1388
62,1454,1516,0.1388
62,1446,1508,0.1388
62,1448,1510,0.1388
60,1456,1516,0.1388
60,1464,1524,0.1388
57,1463,1520,0.1388
55,1464,1519,0.1388
56,1475,1531,0.1388
56,1463,1519,0.1388
53,1457,1510,0.1388
54,1453,1507,0.1388
55,1456,1511,0.1388
56,1456,1512,0.1388
56,1469,1525,0.1388
54,1471,1525,0.1388
56,1462,1518,0.1388
58,1451,1509,0.1388
57,1458,1515,0.1388
57,1456,1513,0.1388
55,1470,1525,0.1388
55,1473,1528,0.1388
55,1472,1527,0.1388
55,1471,1526,0.1388
54,1469,1523,0.1388
55,1460,1515,0.1388
52,1456,1508,0.1388
52,1464,1516,0.1388
51,1460,1511,0.1388
50,1454,1504,0.1388
52,1454,1506,0.1388
52,1438,1490,0.1388
52,1441,1493,0.1388
51,1459,1510,0.1388
52,1458,1510,0.1388
54,1464,1518,0.1388
54,1470,1524,0.1388
54,1476,1530,0.1388
54,1470,1524,0.1388
50,1476,1526,0.1388
49,1479,1528,0.1388
48,1480,1528,0.1388
50,1482,1532,0.1388
52,1468,1520,0.1388
51,1466,1517,0.1388
50,1479,1529,0.1388
50,1472,1522,0.1388
52,1456,1508,0.1388
52,1453,1505,0.1388
56,1449,1505,0.1388
57,1470,1527,0.1388
55,1461,1516,0.1388
53,1452,1505,0.1388
52,1463,1515,0.1388
54,1465,1519,0.1388
53,1455,1508,0.1388
54,1460,1514,0.1388
54,1465,1519,0.1388
54,1457,1511,0.1388
50,1453,1503,0.1388
51,1462,1513,0.1388
54,1460,1514,0.1388
54,1453,1507,0.1388
55,1467,1522,0.1388
54,1469,1523,0.1388
52,1470,1522,0.1388
52,1466,1518,0.1388
53,1470,1523,0.1388
54,1472,1526,0.1388
54,1463,1517,0.1388
51,1475,1526,0.1388
49,1475,1524,0.1388
51,1473,1524,0.1388
51,1470,1521,0.1388
51,1468,1519,0.1388
48,1471,1519,0.1388
49,1478,1527,0.1388
49,1466,1515,0.1388
50,1464,1514,0.1388
50,1464,1514,0.1388
50,1460,1510,0.1388
49,1460,1509,0.1388
48,1462,1510,0.1388
48,1452,1500,0.1388
48,1460,1508,0.1388
48,1452,1500,0.1388
53,1468,1521,0.1388
54,1462,1516,0.1388
53,1473,1526,0.1388
53,1471,1524,0.1388
52,1464,1516,0.1388
52,1474,1526,0.1388
54,1476,1530,0.1388
54,1465,1519,0.1388
53,1462,1515,0.1388
51,1466,1517,0.1388
51,1472,1523,0.1388
48,1473,1521,0.1388
49,1472,1521,0.1388
51,1459,1510,0.1388
51,1461,1512,0.1388
50,1468,1518,0.1388
48,1461,1509,0.1388
51,1458,1509,0.1388
50,1469,1519,0.1388
48,1467,1515,0.1388
47,1473,1520,0.1388
48,1476,1524,0.1388
50,1474,1524,0.1388
49,1471,1520,0.1388
48,1478,1526,0.1388
50,1476,1526,0.1388
47,1475,1522,0.1388
45,1464,1509,0.1388
46,1473,1519,0.1388
44,1482,1526,0.1388
44,1475,1519,0.1388
44,1472,1516,0.1388
42,1477,1519,0.1388
45,1482,1527,0.1388
43,1490,1533,0.1388
41,1478,1519,0.1388
40,1481,1521,0.1388
39,1480,1519,0.1388
43,1460,1503,0.1388
45,1465,1510,0.1388
46,1460,1506,0.1388
47,1473,1520,0.1388
49,1475,1524,0.1388
50,1487,1537,0.1388
47,1482,1529,0.1388
47,1480,1527,0.1388
48,1473,1521,0.1388
48,1457,1505,0.1388
50,1460,1510,0.1388
50,1472,1522,0.1388
50,1480,1530,0.1388
51,1478,1529,0.1388
54,1468,1522,0.1388
52,1473,1525,0.1388
51,1469,1520,0.1388
48,1463,1511,0.1388
47,1468,1515,0.1388
48,1473,1521,0.1388
46,1468,1514,0.1388
46,1473,1519,0.1388
46,1472,1518,0.1388
46,1471,1517,0.1388
47,1471,1518,0.1388
47,1470,1517,0.1388
47,1468,1515,0.1388
49,1476,1525,0.1388
50,1460,1510,0.1388
50,1461,1511,0.1388
48,1460,1508,0.1388
49,1462,1511,0.1388
49,1460,1509,0.1388
50,1468,1518,0.1388
51,1464,1515,0.1388
51,1468,1519,0.1388
49,1462,1511,0.1388
50,1464,1514,0.1388
49,1459,1508,0.1388
53,1458,1511,0.1388
52,1454,1506,0.1388
52,1467,1519,0.1388
52,1462,1514,0.1388
51,1471,1522,0.1388
49,1477,1526,0.1388
46,1472,1518,0.1388
47,1464,1511,0.1388
47,1460,1507,0.1388
46,1472,1518,0.1388
44,1474,1518,0.1388
47,1479,1526,0.1388
44,1476,1520,0.1388
45,1484,1529,0.1388
46,1481,1527,0.1388
47,1474,1521,0.1388
46,1483,1529,0.1388
45,1473,1518,0.1388
45,1486,1531,0.1388
45,1475,1520,0.1388
45,1468,1513,0.1388
45,1468,1513,0.1388
43,1463,1506,0.1388
42,1469,1511,0.1388
42,1472,1514,0.1388
43,1466,1509,0.1388
42,1462,1504,0.1388
41,1461,1502,0.1388
41,1473,1514,0.1388
41,1470,1511,0.1388
43,1456,1499,0.1388
43,1476,1519,0.1388
42,1483,1525,0.1388
41,1478,1519,0.1388
43,1474,1517,0.1388
43,1472,1515,0.1388
43,1469,1512,0.1388
43,1469,1512,0.1388
47,1466,1513,0.1388
45,1466,1511,0.1388
47,1468,1515,0.1388
49,1469,1518,0.1388
49,1452,1501,0.1388
50,1454,1504,0.1388
49,1464,1513,0.1388
48,1469,1517,0.1388
48,1474,1522,0.1388
51,1470,1521,0.1388
50,1466,1516,0.1388
50,1467,1517,0.1388
49,1456,1505,0.1388
49,1465,1514,0.1388
49,1473,1522,0.1388
48,1461,1509,0.1388
49,1466,1515,0.1388
48,1467,1515,0.1388
52,1467,1519,0.1388
52,1465,1517,0.1388
50,1459,1509,0.1388
51,1467,1518,0.1388
53,1478,1531,0.1388
54,1473,1527,0.1388
55,1472,1527,0.1388
55,1464,1519,0.1388
55,1475,1530,0.1388
53,1477,1530,0.1388
54,1476,1530,0.1388
55,1472,1527,0.1388
53,1468,1521,0.1388
49,1461,1510,0.1388
49,1466,1515,0.1388
48,1460,1508,0.1388
50,1464,1514,0.1388
51,1452,1503,0.1388
48,1456,1504,0.1388
52,1449,1501,0.1388
52,1448,1500,0.1388
52,1455,1507,0.1388
50,1466,1516,0.1388
50,1469,1519,0.1388
51,1470,1521,0.1388
51,1478,1529,0.1388
52,1481,1533,0.1388
52,1475,1527,0.1388
53,1475,1528,0.1388
55,1459,1514,0.1388
56,1447,1503,0.1388
58,1444,1502,0.1388
59,1455,1514,0.1388
56,1456,1512,0.1388
54,1456,1510,0.1388
54,1455,1509,0.1388
54,1457,1511,0.1388
53,1454,1507,0.1388
54,1446,1500,0.1388
56,1445,1501,0.1388
55,1450,1505,0.1388
54,1454,1508,0.1388
53,1466,1519,0.1388
55,1459,1514,0.1388
54,1464,1518,0.1388
57,1460,1517,0.1388
56,1457,1513,0.1388
55,1450,1505,0.1388
54,1450,1504,0.1388
54,1448,1502,0.1388
54,1461,1515,0.1388
53,1464,1517,0.1388
51,1468,1519,0.1388
52,1468,1520,0.1388
54,1450,1504,0.1388
55,1450,1505,0.1388
53,1460,1513,0.1388
52,1461,1513,0.1388
54,1460,1514,0.1388
54,1441,1495,0.1388
54,1457,1511,0.1388
54,1460,1514,0.1388
56,1452,1508,0.1388
57,1467,1524,0.1388
59,1471,1530,0.1388
60,1475,1535,0.1388
60,1472,1532,0.1388
59,1467,1526,0.1388
58,1468,1526,0.1388
57,1458,1515,0.1388
55,1454,1509,0.1388
55,1474,1529,0.1388
55,1470,1525,0.1388
55,1475,1530,0.1388
52,1466,1518,0.1388
52,1466,1518,0.1388
54,1461,1515,0.1388
54,1447,1501,0.1388
55,1437,1492,0.1388
52,1444,1496,0.1388
49,1457,1506,0.1388
48,1462,1510,0.1388
51,1463,1514,0.1388
51,1461,1512,0.1388
51,1459,1510,0.1388
50,1472,1522,0.1388
49,1460,1509,0.1388
49,1463,1512,0.1388
52,1474,1526,0.1388
51,1466,1517,0.1388
49,1476,1525,0.1388
50,1472,1522,0.1388
51,1462,1513,0.1388
49,1469,1518,0.1388
47,1468,1515,0.1388
46,1472,1518,0.1388
48,1467,1515,0.1388
49,1460,1509,0.1388
47,1447,1494,0.1388
48,1455,1503,0.1388
50,1468,1518,0.1388
50,1465,1515,0.1388
50,1465,1515,0.1388
48,1464,1512,0.1388
49,1473,1522,0.1388
51,1467,1518,0.1388
52,1477,1529,0.1388
53,1475,1528,0.1388
54,1476,1530,0.1388
54,1463,1517,0.1388
54,1466,1520,0.1388
53,1456,1509,0.1388
53,1461,1514,0.1388
53,1460,1513,0.1388
53,1459,1512,0.1388
53,1467,1520,0.1388
53,1456,1509,0.1388
53,1450,1503,0.1388
50,1452,1502,0.1388
50,1440,1490,0.1388
51,1455,1506,0.1388
52,1459,1511,0.1388
52,1471,1523,0.1388
52,1477,1529,0.1388
53,1468,1521,0.1388
54,1479,1533,0.1388
56,1471,1527,0.1388
56,1471,1527,0.1388
55,1470,1525,0.1388
55,1472,1527,0.1388
55,1461,1516,0.1388
52,1462,1514,0.1388
49,1461,1510,0.1388
47,1473,1520,0.1388
47,1482,1529,0.1388
49,1480,1529,0.1388
48,1481,1529,0.1388
50,1471,1521,0.1388
49,1474,1523,0.1388
51,1477,1528,0.1388
48,1476,1524,0.1388
50,1469,1519,0.1388
48,1478,1526,0.1388
50,1474,1524,0.1388
48,1471,1519,0.1388
47,1477,1524,0.1388
48,1459,1507,0.1388
47,1448,1495,0.1388
46,1461,1507,0.1388
47,1461,1508,0.1388
48,1470,1518,0.1388
48,1464,1512,0.1388
43,1472,1515,0.1388
44,1475,1519,0.1388
45,1472,1517,0.1388
42,1469,1511,0.1388
42,1471,1513,0.1388
42,1468,1510,0.1388
41,1472,1513,0.1388
39,1470,1509,0.1388
41,1480,1521,0.1388
40,1482,1522,0.1388
39,1478,1517,0.1388
39,1482,1521,0.1388
38,1487,1525,0.1388
37,1485,1522,0.1388
38,1465,1503,0.1388
37,1472,1509,0.1388
37,1467,1504,0.1388
38,1460,1498,0.1388
40,1439,1479,0.1388
40,1465,1505,0.1388
38,1470,1508,0.1388
36,1488,1524,0.1388
36,1494,1530,0.1388
36,1477,1513,0.1388
37,1471,1508,0.1388
36,1467,1503,0.1388
35,1457,1492,0.1388
36,1475,1511,0.1388
35,1491,1526,0.1388
35,1487,1522,0.1388
34,1474,1508,0.1388
35,1489,1524,0.1388
36,1478,1514,0.1388
35,1482,1517,0.1388
35,1465,1500,0.1388
36,1463,1499,0.1388
37,1477,1514,0.1388
36,1476,1512,0.1388
36,1483,1519,0.1388
36,1471,1507,0.1388
37,1474,1511,0.1388
37,1473,1510,0.1388
36,1470,1506,0.1388
36,1464,1500,0.1388
36,1484,1520,0.1388
34,1485,1519,0.1388
36,1482,1518,0.1388
35,1494,1529,0.1388
34,1496,1530,0.1388
33,1504,1537,0.1388
34,1494,1528,0.1388
35,1498,1533,0.1388
35,1496,1531,0.1388
33,1483,1516,0.1388
34,1503,1537,0.1388
34,1497,1531,0.1388
32,1484,1516,0.1388
34,1475,1509,0.1388
34,1475,1509,0.1388
35,1473,1508,0.1388
33,1467,1500,0.1388
34,1474,1508,0.1388
34,1471,1505,0.1388
35,1479,1514,0.1388
33,1477,1510,0.1388
33,1475,1508,0.1388
34,1479,1513,0.1388
34,1478,1512,0.1388
33,1475,1508,0.1388
31,1488,1519,0.1388
31,1474,1505,0.1388
29,1479,1508,0.1388
30,1477,1507,0.1388
29,1500,1529,0.1388
30,1512,1542,0.1388
31,1502,1533,0.1388
31,1496,1527,0.1388
28,1484,1512,0.1388
27,1490,1517,0.1388
28,1485,1513,0.1388
27,1490,1517,0.1388
27,1496,1523,0.1388
27,1492,1519,0.1388
28,1490,1518,0.1388
29,1489,1518,0.1388
29,1483,1512,0.1388
28,1491,1519,0.1388
28,1486,1514,0.1388
28,1490,1518,0.1388
26,1480,1506,0.1388
27,1477,1504,0.1388
27,1477,1504,0.1388
26,1480,1506,0.1388
27,1490,1517,0.1388
27,1490,1517,0.1388
27,1486,1513,0.1388
28,1481,1509,0.1388
29,1486,1515,0.1388
29,1481,1510,0.1388
29,1481,1510,0.1388
29,1491,1520,0.1388
29,1488,1517,0.1388
29,1489,1518,0.1388
30,1500,1530,0.1388
30,1507,1537,0.1388
31,1495,1526,0.1388
32,1490,1522,0.1388
32,1492,1524,0.1388
31,1489,1520,0.1388
31,1491,1522,0.1388
30,1477,1507,0.1388
30,1470,1500,0.1388
30,1471,1501,0.1388
31,1468,1499,0.1388
31,1479,1510,0.1388
31,1481,1512,0.1388
29,1478,1507,0.1388
31,1483,1514,0.1388
31,1491,1522,0.1388
30,1486,1516,0.1388
30,1480,1510,0.1388
29,1479,1508,0.1388
29,1482,1511,0.1388
29,1479,1508,0.1388
28,1471,1499,0.1388
28,1480,1508,0.1388
27,1490,1517,0.1388
29,1487,1516,0.1388
30,1492,1522,0.1388
28,1486,1514,0.1388
28,1480,1508,0.1388
28,1484,1512,0.1388
28,1483,1511,0.1388
28,1498,1526,0.1388
29,1490,1519,0.1388
29,1495,1524,0.1388
29,1499,1528,0.1388
29,1492,1521,0.1388
29,1489,1518,0.1388
30,1477,1507,0.1388
29,1483,1512,0.1388
31,1488,1519,0.1388
29,1490,1519,0.1388
30,1491,1521,0.1388
27,1484,1511,0.1388
28,1491,1519,0.1388
28,1481,1509,0.1388
26,1493,1519,0.1388
26,1504,1530,0.1388
26,1494,1520,0.1388
25,1497,1522,0.1388
25,1491,1516,0.1388
24,1492,1516,0.1388
24,1494,1518,0.1388
24,1492,1516,0.1388
24,1484,1508,0.1388
25,1493,1518,0.1388
25,1503,1528,0.1388
25,1498,1523,0.1388
24,1497,1521,0.1388
24,1501,1525,0.1388
24,1506,1530,0.1388
23,1497,1520,0.1388
24,1488,1512,0.1388
26,1477,1503,0.1388
26,1480,1506,0.1388
26,1490,1516,0.1388
27,1502,1529,0.1388
27,1498,1525,0.1388
26,1494,1520,0.1388
25,1498,1523,0.1388
25,1493,1518,0.1388
25,1485,1510,0.1388
26,1495,1521,0.1388
25,1487,1512,0.1388
27,1498,1525,0.1388
27,1485,1512,0.1388
27,1475,1502,0.1388
27,1474,1501,0.1388
26,1476,1502,0.1388
28,1483,1511,0.1388
27,1488,1515,0.1388
28,1490,1518,0.1388
28,1483,1511,0.1388
29,1496,1525,0.1388
29,1492,1521,0.1388
28,1499,1527,0.1388
28,1513,1541,0.1388
26,1499,1525,0.1388
25,1498,1523,0.1388
24,1483,1507,0.1388
25,1479,1504,0.1388
26,1469,1495,0.1388
23,1484,1507,0.1388
22,1496,1518,0.1388
26,1488,1514,0.1388
25,1492,1517,0.1388
24,1491,1515,0.1388
24,1483,1507,0.1388
24,1488,1512,0.1388
21,1498,1519,0.1388
20,1487,1507,0.1388
18,1497,1515,0.1388
16,1491,1507,0.1388
17,1501,1518,0.1388
16,1487,1503,0.1388
15,1493,1508,0.1388
16,1490,1506,0.1388
15,1493,1508,0.1388
18,1494,1512,0.1388
18,1492,1510,0.1388
18,1511,1529,0.1388
17,1484,1501,0.1388
17,1495,1512,0.1388
18,1507,1525,0.1388
17,1504,1521,0.1388
17,1506,1523,0.1388
16,1508,1524,0.1388
15,1504,1519,0.1388
16,1495,1511,0.1388
15,1497,1512,0.1388
15,1504,1519,0.1388
16,1512,1528,0.1388
15,1501,1516,0.1388
14,1510,1524,0.1388
15,1499,1514,0.1388
15,1496,1511,0.1388
15,1495,1510,0.1388
14,1500,1514,0.1388
14,1491,1505,0.1388
14,1494,1508,0.1388
14,1515,1529,0.1388
13,1494,1507,0.1388
12,1510,1522,0.1388
11,1502,1513,0.1388
10,1508,1518,0.1388
10,1511,1521,0.1388
10,1525,1535,0.1388
10,1522,1532,0.1388
10,1523,1533,0.1388
11,1516,1527,0.1388
10,1508,1518,0.1388
10,1508,1518,0.1388
10,1495,1505,0.1388
9,1504,1513,0.1388
9,1508,1517,0.1388
9,1516,1525,0.1388
9,1522,1531,0.1388
8,1517,1525,0.1388
7,1501,1508,0.1388
7,1506,1513,0.1388
7,1511,1518,0.1388
7,1516,1523,0.1388
8,1510,1518,0.1388
8,1517,1525,0.1388
8,1521,1529,0.1388
7,1507,1514,0.1388
6,1515,1521,0.1388
6,1511,1517,0.1388
5,1517,1522,0.1388
5,1532,1537,0.1388
5,1524,1529,0.1388
5,1510,1515,0.1388
5,1513,1518,0.1388
5,1514,1519,0.1388
5,1520,1525,0.1388
5,1535,1540,0.1388
5,1534,1539,0.1388
5,1532,1537,0.1388
5,1528,1533,0.1388
5,1525,1530,0.1388
5,1522,1527,0.1388
5,1522,1527,0.1388
5,1513,1518,0.1388
5,1516,1521,0.1388
5,1513,1518,0.1388
4,1511,1515,0.1388
3,1519,1522,0.1388
2,1520,1522,0.1388
2,1515,1517,0.1388
2,1505,1507,0.1388
2,1516,1518,0.1388
2,1510,1512,0.1388
2,1507,1509,0.1388
2,1518,1520,0.1388
2,1512,1514,0.1388
2,1497,1499,0.1388
2,1505,1507,0.1388
2,1504,1506,0.1388
2,1505,1507,0.1388
2,1516,1518,0.1388
2,1524,1526,0.1388
3,1518,1521,0.1388
3,1523,1526,0.1388
3,1515,1518,0.1388
3,1505,1508,0.1388
3,1513,1516,0.1388
3,1508,1511,0.1388
3,1497,1500,0.1388
3,1501,1504,0.1388
3,1490,1493,0.1388
3,1503,1506,0.1388
3,1500,1503,0.1388
3,1503,1506,0.1388
3,1506,1509,0.1388
3,1512,1515,0.1388
3,1517,1520,0.1388
3,1522,1525,0.1388
3,1511,1514,0.1388
3,1505,1508,0.1388
3,1512,1515,0.1388
3,1510,1513,0.1388
3,1515,1518,0.1388
4,1512,1516,0.1388
4,1507,1511,0.1388
4,1516,1520,0.1388
4,1515,1519,0.1388
4,1504,1508,0.1388
4,1495,1499,0.1388
4,1502,1506,0.1388
4,1500,1504,0.1388
4,1518,1522,0.1388
4,1511,1515,0.1388
4,1505,1509,0.1388
3,1508,1511,0.1388
3,1507,1510,0.1388
3,1522,1525,0.1388
3,1512,1515,0.1388
3,1512,1515,0.1388
3,1510,1513,0.1388
3,1501,1504,0.1388
3,1510,1513,0.1388
3,1507,1510,0.1388
3,1517,1520,0.1388
3,1523,1526,0.1388
3,1512,1515,0.1388
4,1534,1538,0.1388
5,1520,1525,0.1388
5,1499,1504,0.1388
5,1505,1510,0.1388
5,1506,1511,0.1388
6,1512,1518,0.1388
6,1511,1517,0.1388
7,1504,1511,0.1388
6,1491,1497,0.1388
6,1495,1501,0.1388
6,1499,1505,0.1388
6,1504,1510,0.1388
7,1508,1515,0.1388
7,1505,1512,0.1388
6,1507,1513,0.1388
7,1516,1523,0.1388
7,1504,1511,0.1388
7,1508,1515,0.1388
7,1514,1521,0.1388
7,1520,1527,0.1388
7,1512,1519,0.1388
9,1525,1534,0.1388
10,1525,1535,0.1388
10,1507,1517,0.1388
10,1511,1521,0.1388
10,1514,1524,0.1388
10,1510,1520,0.1388
10,1497,1507,0.1388
11,1498,1509,0.1388
11,1503,1514,0.1388
11,1502,1513,0.1388
11,1498,1509,0.1388
11,1494,1505,0.1388
12,1493,1505,0.1388
11,1494,1505,0.1388
11,1491,1502,0.1388
11,1500,1511,0.1388
11,1503,1514,0.1388
11,1500,1511,0.1388
10,1511,1521,0.1388
10,1505,1515,0.1388
9,1496,1505,0.1388
9,1488,1497,0.1388
9,1500,1509,0.1388
10,1511,1521,0.1388
10,1506,1516,0.1388
10,1507,1517,0.1388
10,1508,1518,0.1388
10,1502,1512,0.1388
10,1504,1514,0.1388
10,1507,1517,0.1388
10,1511,1521,0.1388
10,1518,1528,0.1388
10,1532,1542,0.1388
9,1519,1528,0.1388
10,1507,1517,0.1388
10,1510,1520,0.1388
10,1519,1529,0.1388
9,1507,1516,0.1388
9,1510,1519,0.1388
9,1502,1511,0.1388
9,1512,1521,0.1388
9,1517,1526,0.1388
9,1514,1523,0.1388
8,1510,1518,0.1388
8,1512,1520,0.1388
8,1501,1509,0.1388
7,1512,1519,0.1388
7,1522,1529,0.1388
8,1521,1529,0.1388
8,1507,1515,0.1388
9,1503,1512,0.1388
8,1505,1513,0.1388
8,1510,1518,0.1388
8,1512,1520,0.1388
7,1519,1526,0.1388
8,1511,1519,0.1388
8,1511,1519,0.1388
7,1521,1528,0.1388
8,1520,1528,0.1388
9,1525,1534,0.1388
7,1520,1527,0.1388
7,1512,1519,0.1388
7,1506,1513,0.1388
7,1503,1510,0.1388
7,1512,1519,0.1388
7,1528,1535,0.1388
6,1523,1529,0.1388
6,1508,1514,0.1388
6,1509,1515,0.1388
5,1516,1521,0.1388
5,1518,1523,0.1388
4,1522,1526,0.1388
4,1520,1524,0.1388
4,1523,1527,0.1388
3,1524,1527,0.1388
3,1512,1515,0.1388
3,1508,1511,0.1388
4,1508,1512,0.1388
4,1507,1511,0.1388
3,1502,1505,0.1388
3,1503,1506,0.1388
3,1508,1511,0.1388
3,1506,1509,0.1388
3,1508,1511,0.1388
2,1517,1519,0.1388
2,1509,1511,0.1388
2,1513,1515,0.1388
2,1521,1523,0.1388
1,1515,1516,0.1388
1,1521,1522,0.1388
1,1525,1526,0.1388
1,1520,1521,0.1388
1,1525,1526,0.1388
1,1514,1515,0.1388
1,1512,1513,0.1388
1,1507,1508,0.1388
1,1513,1514,0.1388
1,1504,1505,0.1388
1,1503,1504,0.1388
1,1494,1495,0.1388
1,1522,1523,0.1388
1,1521,1522,0.1388
1,1516,1517,0.1388
1,1516,1517,0.1388
1,1503,1504,0.1388
1,1523,1524,0.1388
0,1530,1530,0.1388
