1353,28,1381,0.1388
1392,33,1425,0.1388
1412,31,1443,0.1388
1427,28,1455,0.1388
1433,28,1461,0.1388
1435,27,1462,0.1388
1446,27,1473,0.1388
1443,28,1471,0.1388
1442,29,1471,0.1388
1458,30,1488,0.1388
1468,30,1498,0.1388
1478,30,1508,0.1388
1479,33,1512,0.1388
1473,32,1505,0.1388
1480,33,1513,0.1388
1472,34,1506,0.1388
1462,33,1495,0.1388
1457,33,1490,0.1388
1451,35,1486,0.1388
1447,36,1483,0.1388
1448,37,1485,0.1388
1447,38,1485,0.1388
1433,39,1472,0.1388
1453,38,1491,0.1388
1447,38,1485,0.1388
1459,33,1492,0.1388
1468,30,1498,0.1388
1458,30,1488,0.1388
1455,28,1483,0.1388
1459,28,1487,0.1388
1471,29,1500,0.1388
1459,28,1487,0.1388
1460,27,1487,0.1388
1449,27,1476,0.1388
1456,28,1484,0.1388
1471,28,1499,0.1388
1460,28,1488,0.1388
1479,27,1506,0.1388
1471,30,1501,0.1388
1454,30,1484,0.1388
1441,30,1471,0.1388
1438,31,1469,0.1388
1454,32,1486,0.1388
1461,33,1494,0.1388
1454,34,1488,0.1388
1462,35,1497,0.1388
1459,37,1496,0.1388
1459,37,1496,0.1388
1456,38,1494,0.1388
1450,38,1488,0.1388
1452,37,1489,0.1388
1467,39,1506,0.1388
1464,39,1503,0.1388
1468,38,1506,0.1388
1470,43,1513,0.1388
1467,40,1507,0.1388
1469,41,1510,0.1388
1453,41,1494,0.1388
1452,42,1494,0.1388
1438,41,1479,0.1388
1443,42,1485,0.1388
1450,39,1489,0.1388
1456,42,1498,0.1388
1452,42,1494,0.1388
1437,42,1479,0.1388
1436,42,1478,0.1388
1423,43,1466,0.1388
1438,44,1482,0.1388
1438,45,1483,0.1388
1434,46,1480,0.1388
1435,46,1481,0.1388
1438,48,1486,0.1388
1433,47,1480,0.1388
1429,48,1477,0.1388
1431,47,1478,0.1388
1444,48,1492,0.1388
1445,46,1491,0.1388
1460,44,1504,0.1388
1460,45,1505,0.1388
1455,44,1499,0.1388
1449,44,1493,0.1388
1446,45,1491,0.1388
1437,46,1483,0.1388
1440,47,1487,0.1388
1444,48,1492,0.1388
1450,48,1498,0.1388
1453,49,1502,0.1388
1441,49,1490,0.1388
1443,48,1491,0.1388
1446,48,1494,0.1388
1440,48,1488,0.1388
1434,49,1483,0.1388
1424,49,1473,0.1388
1428,50,1478,0.1388
1424,54,1478,0.1388
1424,54,1478,0.1388
1423,54,1477,0.1388
1420,56,1476,0.1388
1416,58,1474,0.1388
1433,58,1491,0.1388
1451,62,1513,0.1388
1449,61,1510,0.1388
1454,59,1513,0.1388
1443,60,1503,0.1388
1444,58,1502,0.1388
1439,59,1498,0.1388
1441,62,1503,0.1388
1445,63,1508,0.1388
1436,62,1498,0.1388
1432,59,1491,0.1388
1429,60,1489,0.1388
1426,63,1489,0.1388
1420,62,1482,0.1388
1434,62,1496,0.1388
1429,61,1490,0.1388
1436,58,1494,0.1388
1434,59,1493,0.1388
1430,60,1490,0.1388
1442,62,1504,0.1388
1442,62,1504,0.1388
1436,65,1501,0.1388
1435,64,1499,0.1388
1435,63,1498,0.1388
1433,61,1494,0.1388
1435,62,1497,0.1388
1438,60,1498,0.1388
1436,60,1496,0.1388
1450,60,1510,0.1388
1452,59,1511,0.1388
1444,57,1501,0.1388
1455,59,1514,0.1388
1454,62,1516,0.1388
1452,61,1513,0.1388
1453,61,1514,0.1388
1437,63,1500,0.1388
1430,63,1493,0.1388
1415,63,1478,0.1388
1421,63,1484,0.1388
1401,63,1464,0.1388
1406,61,1467,0.1388
1388,65,1453,0.1388
1405,65,1470,0.1388
1406,65,1471,0.1388
1397,66,1463,0.1388
1413,65,1478,0.1388
1412,70,1482,0.1388
1419,70,1489,0.1388
1423,72,1495,0.1388
1414,70,1484,0.1388
1419,71,1490,0.1388
1423,71,1494,0.1388
1421,74,1495,0.1388
1420,76,1496,0.1388
1411,74,1485,0.1388
1404,75,1479,0.1388
1405,78,1483,0.1388
1415,79,1494,0.1388
1428,77,1505,0.1388
1416,77,1493,0.1388
1413,80,1493,0.1388
1405,79,1484,0.1388
1422,79,1501,0.1388
1407,79,1486,0.1388
1422,77,1499,0.1388
1427,78,1505,0.1388
1431,79,1510,0.1388
1435,77,1512,0.1388
1414,75,1489,0.1388
1398,75,1473,0.1388
1407,75,1482,0.1388
1416,72,1488,0.1388
1422,75,1497,0.1388
1416,74,1490,0.1388
1417,74,1491,0.1388
1411,73,1484,0.1388
1415,71,1486,0.1388
1419,73,1492,0.1388
1425,71,1496,0.1388
1417,73,1490,0.1388
1405,71,1476,0.1388
1423,69,1492,0.1388
1406,72,1478,0.1388
1420,70,1490,0.1388
1421,70,1491,0.1388
1407,76,1483,0.1388
1413,77,1490,0.1388
1423,78,1501,0.1388
1425,81,1506,0.1388
1428,81,1509,0.1388
1409,83,1492,0.1388
1402,85,1487,0.1388
1409,84,1493,0.1388
1419,83,1502,0.1388
1418,80,1498,0.1388
1409,84,1493,0.1388
1411,85,1496,0.1388
1419,86,1505,0.1388
1425,88,1513,0.1388
1419,91,1510,0.1388
1406,94,1500,0.1388
1406,90,1496,0.1388
1390,91,1481,0.1388
1398,91,1489,0.1388
1408,90,1498,0.1388
1414,92,1506,0.1388
1414,94,1508,0.1388
1414,95,1509,0.1388
1409,93,1502,0.1388
1414,95,1509,0.1388
1409,96,1505,0.1388
1408,99,1507,0.1388
1401,99,1500,0.1388
1401,97,1498,0.1388
1401,96,1497,0.1388
1400,94,1494,0.1388
1401,97,1498,0.1388
1400,95,1495,0.1388
1404,94,1498,0.1388
1396,92,1488,0.1388
1392,94,1486,0.1388
1379,93,1472,0.1388
1392,92,1484,0.1388
1387,93,1480,0.1388
1385,94,1479,0.1388
1386,99,1485,0.1388
1402,100,1502,0.1388
1389,101,1490,0.1388
1387,103,1490,0.1388
1394,104,1498,0.1388
1388,102,1490,0.1388
1391,105,1496,0.1388
1393,104,1497,0.1388
1383,105,1488,0.1388
1386,109,1495,0.1388
1392,110,1502,0.1388
1402,102,1504,0.1388
1393,105,1498,0.1388
1388,108,1496,0.1388
1397,108,1505,0.1388
1389,104,1493,0.1388
1391,104,1495,0.1388
1393,111,1504,0.1388
1396,111,1507,0.1388
1390,112,1502,0.1388
1397,117,1514,0.1388
1406,118,1524,0.1388
1395,119,1514,0.1388
1382,121,1503,0.1388
1374,121,1495,0.1388
1376,123,1499,0.1388
1379,124,1503,0.1388
1379,126,1505,0.1388
1374,129,1503,0.1388
1370,131,1501,0.1388
1368,130,1498,0.1388
1372,123,1495,0.1388
1365,124,1489,0.1388
1362,127,1489,0.1388
1379,128,1507,0.1388
1384,129,1513,0.1388
1377,128,1505,0.1388
1360,130,1490,0.1388
1364,127,1491,0.1388
1366,129,1495,0.1388
1372,126,1498,0.1388
1365,126,1491,0.1388
1355,121,1476,0.1388
1361,125,1486,0.1388
1361,124,1485,0.1388
1361,132,1493,0.1388
1356,135,1491,0.1388
1358,137,1495,0.1388
1351,133,1484,0.1388
1349,133,1482,0.1388
1348,128,1476,0.1388
1340,133,1473,0.1388
1353,132,1485,0.1388
1367,137,1504,0.1388
1360,140,1500,0.1388
1340,139,1479,0.1388
1349,136,1485,0.1388
1352,140,1492,0.1388
1344,144,1488,0.1388
1350,146,1496,0.1388
1347,144,1491,0.1388
1338,144,1482,0.1388
1340,145,1485,0.1388
1340,148,1488,0.1388
1355,144,1499,0.1388
1359,142,1501,0.1388
1343,139,1482,0.1388
1347,143,1490,0.1388
1343,148,1491,0.1388
1352,145,1497,0.1388
1354,142,1496,0.1388
1355,144,1499,0.1388
1342,142,1484,0.1388
1353,144,1497,0.1388
1361,140,1501,0.1388
1354,136,1490,0.1388
1348,137,1485,0.1388
1348,139,1487,0.1388
1347,135,1482,0.1388
1347,140,1487,0.1388
1352,144,1496,0.1388
1354,145,1499,0.1388
1357,143,1500,0.1388
1344,144,1488,0.1388
1339,144,1483,0.1388
1343,146,1489,0.1388
1345,144,1489,0.1388
1351,141,1492,0.1388
1346,140,1486,0.1388
1344,139,1483,0.1388
1340,143,1483,0.1388
1348,144,1492,0.1388
1360,148,1508,0.1388
1355,145,1500,0.1388
1366,144,1510,0.1388
1358,145,1503,0.1388
1365,143,1508,0.1388
1354,143,1497,0.1388
1358,144,1502,0.1388
1355,144,1499,0.1388
1358,141,1499,0.1388
1348,143,1491,0.1388
1345,146,1491,0.1388
1340,145,1485,0.1388
1341,148,1489,0.1388
1346,145,1491,0.1388
1352,146,1498,0.1388
1344,148,1492,0.1388
1346,144,1490,0.1388
1337,143,1480,0.1388
1345,140,1485,0.1388
1340,139,1479,0.1388
1338,137,1475,0.1388
1336,141,1477,0.1388
1349,136,1485,0.1388
1347,141,1488,0.1388
1342,141,1483,0.1388
1337,142,1479,0.1388
1341,143,1484,0.1388
1348,145,1493,0.1388
1352,147,1499,0.1388
1343,154,1497,0.1388
1343,151,1494,0.1388
1345,146,1491,0.1388
1352,143,1495,0.1388
1353,142,1495,0.1388
1357,144,1501,0.1388
1360,141,1501,0.1388
1363,140,1503,0.1388
1360,141,1501,0.1388
1349,140,1489,0.1388
1351,140,1491,0.1388
1358,135,1493,0.1388
1342,136,1478,0.1388
1353,136,1489,0.1388
1351,139,1490,0.1388
1357,140,1497,0.1388
1358,139,1497,0.1388
1352,139,1491,0.1388
1364,142,1506,0.1388
1365,140,1505,0.1388
1356,138,1494,0.1388
1350,141,1491,0.1388
1359,148,1507,0.1388
1358,151,1509,0.1388
1350,152,1502,0.1388
1351,155,1506,0.1388
1355,154,1509,0.1388
1357,150,1507,0.1388
1351,149,1500,0.1388
1342,151,1493,0.1388
1352,159,1511,0.1388
1344,156,1500,0.1388
1351,156,1507,0.1388
1348,153,1501,0.1388
1343,154,1497,0.1388
1355,161,1516,0.1388
1346,161,1507,0.1388
1346,157,1503,0.1388
1340,162,1502,0.1388
1337,160,1497,0.1388
1341,164,1505,0.1388
1336,169,1505,0.1388
1347,168,1515,0.1388
1345,173,1518,0.1388
1328,173,1501,0.1388
1327,175,1502,0.1388
1330,173,1503,0.1388
1336,178,1514,0.1388
1334,175,1509,0.1388
1320,178,1498,0.1388
1315,178,1493,0.1388
1311,181,1492,0.1388
1305,179,1484,0.1388
1307,183,1490,0.1388
1304,181,1485,0.1388
1295,184,1479,0.1388
1305,189,1494,0.1388
1309,195,1504,0.1388
1311,193,1504,0.1388
1314,191,1505,0.1388
1314,194,1508,0.1388
1315,190,1505,0.1388
1326,187,1513,0.1388
1320,186,1506,0.1388
1308,191,1499,0.1388
1311,194,1505,0.1388
1302,196,1498,0.1388
1312,196,1508,0.1388
1313,195,1508,0.1388
1296,193,1489,0.1388
1285,196,1481,0.1388
1300,196,1496,0.1388
1312,195,1507,0.1388
1300,194,1494,0.1388
1304,198,1502,0.1388
1299,204,1503,0.1388
1291,203,1494,0.1388
1283,211,1494,0.1388
1280,212,1492,0.1388
1286,209,1495,0.1388
1275,210,1485,0.1388
1279,212,1491,0.1388
1280,218,1498,0.1388
1284,217,1501,0.1388
1289,220,1509,0.1388
1269,221,1490,0.1388
1277,222,1499,0.1388
1257,219,1476,0.1388
1257,224,1481,0.1388
1265,225,1490,0.1388
1253,231,1484,0.1388
1257,231,1488,0.1388
1264,225,1489,0.1388
1271,229,1500,0.1388
1264,224,1488,0.1388
1262,227,1489,0.1388
1272,225,1497,0.1388
1273,224,1497,0.1388
1279,225,1504,0.1388
1277,224,1501,0.1388
1278,223,1501,0.1388
1277,223,1500,0.1388
1282,221,1503,0.1388
1276,221,1497,0.1388
1270,219,1489,0.1388
1269,220,1489,0.1388
1274,222,1496,0.1388
1263,219,1482,0.1388
1253,223,1476,0.1388
1243,230,1473,0.1388
1249,234,1483,0.1388
1246,235,1481,0.1388
1249,240,1489,0.1388
1246,240,1486,0.1388
1258,239,1497,0.1388
1261,242,1503,0.1388
1250,246,1496,0.1388
1243,250,1493,0.1388
1259,249,1508,0.1388
1253,245,1498,0.1388
1247,244,1491,0.1388
1257,244,1501,0.1388
1250,250,1500,0.1388
1255,251,1506,0.1388
1247,251,1498,0.1388
1251,252,1503,0.1388
1259,256,1515,0.1388
1257,254,1511,0.1388
1261,251,1512,0.1388
1252,249,1501,0.1388
1244,251,1495,0.1388
1233,259,1492,0.1388
1231,260,1491,0.1388
1239,260,1499,0.1388
1251,255,1506,0.1388
1249,257,1506,0.1388
1250,251,1501,0.1388
1244,254,1498,0.1388
1242,256,1498,0.1388
1247,252,1499,0.1388
1253,253,1506,0.1388
1258,254,1512,0.1388
1264,253,1517,0.1388
1259,251,1510,0.1388
1248,250,1498,0.1388
1236,250,1486,0.1388
1224,256,1480,0.1388
1217,259,1476,0.1388
1223,263,1486,0.1388
1222,264,1486,0.1388
1222,262,1484,0.1388
1232,267,1499,0.1388
1229,270,1499,0.1388
1222,265,1487,0.1388
1215,263,1478,0.1388
1215,264,1479,0.1388
1219,270,1489,0.1388
1216,267,1483,0.1388
1208,273,1481,0.1388
1215,271,1486,0.1388
1216,279,1495,0.1388
1220,281,1501,0.1388
1211,281,1492,0.1388
1214,285,1499,0.1388
1197,293,1490,0.1388
1194,292,1486,0.1388
1196,293,1489,0.1388
1190,293,1483,0.1388
1195,295,1490,0.1388
1213,295,1508,0.1388
1198,294,1492,0.1388
1202,295,1497,0.1388
1195,296,1491,0.1388
1192,298,1490,0.1388
1185,307,1492,0.1388
1199,309,1508,0.1388
1191,306,1497,0.1388
1189,308,1497,0.1388
1180,309,1489,0.1388
1193,307,1500,0.1388
1199,307,1506,0.1388
1185,314,1499,0.1388
1187,315,1502,0.1388
1175,314,1489,0.1388
1174,313,1487,0.1388
1169,310,1479,0.1388
1182,313,1495,0.1388
1180,314,1494,0.1388
1186,315,1501,0.1388
1187,321,1508,0.1388
1199,323,1522,0.1388
1190,322,1512,0.1388
1192,325,1517,0.1388
1194,325,1519,0.1388
1198,325,1523,0.1388
1205,317,1522,0.1388
1187,313,1500,0.1388
1165,316,1481,0.1388
1169,318,1487,0.1388
1180,309,1489,0.1388
1195,310,1505,0.1388
1197,318,1515,0.1388
1184,319,1503,0.1388
1179,315,1494,0.1388
1180,320,1500,0.1388
1186,320,1506,0.1388
1169,322,1491,0.1388
1161,326,1487,0.1388
1172,321,1493,0.1388
1171,326,1497,0.1388
1173,328,1501,0.1388
1169,333,1502,0.1388
1172,334,1506,0.1388
1164,334,1498,0.1388
1166,332,1498,0.1388
1158,333,1491,0.1388
1164,339,1503,0.1388
1156,332,1488,0.1388
1158,331,1489,0.1388
1152,333,1485,0.1388
1162,339,1501,0.1388
1160,342,1502,0.1388
1160,341,1501,0.1388
1148,347,1495,0.1388
1142,348,1490,0.1388
1138,353,1491,0.1388
1142,356,1498,0.1388
1139,354,1493,0.1388
1140,347,1487,0.1388
1155,352,1507,0.1388
1143,353,1496,0.1388
1150,354,1504,0.1388
1157,352,1509,0.1388
1143,350,1493,0.1388
1153,355,1508,0.1388
1146,351,1497,0.1388
1155,352,1507,0.1388
1149,350,1499,0.1388
1148,356,1504,0.1388
1158,358,1516,0.1388
1158,357,1515,0.1388
1153,361,1514,0.1388
1149,359,1508,0.1388
1146,363,1509,0.1388
1133,366,1499,0.1388
1131,364,1495,0.1388
1128,361,1489,0.1388
1134,363,1497,0.1388
1127,370,1497,0.1388
1134,367,1501,0.1388
1132,370,1502,0.1388
1132,381,1513,0.1388
1123,385,1508,0.1388
1121,390,1511,0.1388
1120,386,1506,0.1388
1125,391,1516,0.1388
1127,388,1515,0.1388
1128,388,1516,0.1388
1133,387,1520,0.1388
1134,382,1516,0.1388
1115,385,1500,0.1388
1111,383,1494,0.1388
1117,385,1502,0.1388
1118,387,1505,0.1388
1124,381,1505,0.1388
1116,387,1503,0.1388
1109,385,1494,0.1388
1097,389,1486,0.1388
1103,394,1497,0.1388
1097,394,1491,0.1388
1090,389,1479,0.1388
1099,393,1492,0.1388
1106,391,1497,0.1388
1108,386,1494,0.1388
1111,381,1492,0.1388
1108,387,1495,0.1388
1098,385,1483,0.1388
1097,384,1481,0.1388
1111,391,1502,0.1388
1118,395,1513,0.1388
1106,390,1496,0.1388
1108,386,1494,0.1388
1090,389,1479,0.1388
1083,394,1477,0.1388
1090,393,1483,0.1388
1090,392,1482,0.1388
1099,396,1495,0.1388
1092,399,1491,0.1388
1094,405,1499,0.1388
1079,407,1486,0.1388
1074,418,1492,0.1388
1068,428,1496,0.1388
1067,425,1492,0.1388
1067,426,1493,0.1388
1071,433,1504,0.1388
1068,433,1501,0.1388
1067,436,1503,0.1388
1052,436,1488,0.1388
1048,436,1484,0.1388
1061,435,1496,0.1388
1056,444,1500,0.1388
1056,440,1496,0.1388
1056,438,1494,0.1388
1057,443,1500,0.1388
1048,443,1491,0.1388
1050,450,1500,0.1388
1055,435,1490,0.1388
1058,433,1491,0.1388
1056,441,1497,0.1388
1070,444,1514,0.1388
1054,442,1496,0.1388
1042,441,1483,0.1388
1051,448,1499,0.1388
1051,450,1501,0.1388
1047,445,1492,0.1388
1056,452,1508,0.1388
1054,456,1510,0.1388
1061,455,1516,0.1388
1046,463,1509,0.1388
1039,470,1509,0.1388
1047,470,1517,0.1388
1046,466,1512,0.1388
1046,460,1506,0.1388
1037,466,1503,0.1388
1029,467,1496,0.1388
1028,469,1497,0.1388
1024,471,1495,0.1388
1020,474,1494,0.1388
1032,476,1508,0.1388
1037,475,1512,0.1388
1034,480,1514,0.1388
1028,476,1504,0.1388
1024,479,1503,0.1388
1023,479,1502,0.1388
1025,482,1507,0.1388
1029,480,1509,0.1388
1034,478,1512,0.1388
1041,476,1517,0.1388
1026,474,1500,0.1388
1019,474,1493,0.1388
1012,471,1483,0.1388
1014,474,1488,0.1388
1026,474,1500,0.1388
1024,479,1503,0.1388
1016,483,1499,0.1388
1017,484,1501,0.1388
1027,488,1515,0.1388
1020,485,1505,0.1388
1015,488,1503,0.1388
1016,485,1501,0.1388
1018,490,1508,0.1388
1022,495,1517,0.1388
1025,492,1517,0.1388
1021,499,1520,0.1388
1016,497,1513,0.1388
1014,501,1515,0.1388
1010,499,1509,0.1388
1006,500,1506,0.1388
1001,502,1503,0.1388
1008,504,1512,0.1388
1001,503,1504,0.1388
995,495,1490,0.1388
1006,501,1507,0.1388
1011,496,1507,0.1388
1011,495,1506,0.1388
1017,499,1516,0.1388
1022,504,1526,0.1388
1009,504,1513,0.1388
1018,503,1521,0.1388
1007,504,1511,0.1388
998,501,1499,0.1388
996,508,1504,0.1388
993,504,1497,0.1388
997,512,1509,0.1388
995,506,1501,0.1388
998,495,1493,0.1388
1000,503,1503,0.1388
999,506,1505,0.1388
994,510,1504,0.1388
997,513,1510,0.1388
988,517,1505,0.1388
979,513,1492,0.1388
982,512,1494,0.1388
989,509,1498,0.1388
990,517,1507,0.1388
984,509,1493,0.1388
983,516,1499,0.1388
973,512,1485,0.1388
975,521,1496,0.1388
980,515,1495,0.1388
980,519,1499,0.1388
988,517,1505,0.1388
971,524,1495,0.1388
969,519,1488,0.1388
970,517,1487,0.1388
982,517,1499,0.1388
983,524,1507,0.1388
989,531,1520,0.1388
979,533,1512,0.1388
977,536,1513,0.1388
965,532,1497,0.1388
980,534,1514,0.1388
978,543,1521,0.1388
976,537,1513,0.1388
974,543,1517,0.1388
972,536,1508,0.1388
973,536,1509,0.1388
980,539,1519,0.1388
965,537,1502,0.1388
956,537,1493,0.1388
956,539,1495,0.1388
951,538,1489,0.1388
956,548,1504,0.1388
946,547,1493,0.1388
949,544,1493,0.1388
949,538,1487,0.1388
963,542,1505,0.1388
962,534,1496,0.1388
963,544,1507,0.1388
962,538,1500,0.1388
953,542,1495,0.1388
959,539,1498,0.1388
955,530,1485,0.1388
964,536,1500,0.1388
963,537,1500,0.1388
950,541,1491,0.1388
948,545,1493,0.1388
944,551,1495,0.1388
945,561,1506,0.1388
949,561,1510,0.1388
948,564,1512,0.1388
952,566,1518,0.1388
942,565,1507,0.1388
930,566,1496,0.1388
926,571,1497,0.1388
932,564,1496,0.1388
927,557,1484,0.1388
935,560,1495,0.1388
940,566,1506,0.1388
931,559,1490,0.1388
952,558,1510,0.1388
953,550,1503,0.1388
955,550,1505,0.1388
949,555,1504,0.1388
940,566,1506,0.1388
944,561,1505,0.1388
938,559,1497,0.1388
939,556,1495,0.1388
950,562,1512,0.1388
948,569,1517,0.1388
955,564,1519,0.1388
952,571,1523,0.1388
955,567,1522,0.1388
947,569,1516,0.1388
955,570,1525,0.1388
956,571,1527,0.1388
959,574,1533,0.1388
954,571,1525,0.1388
956,569,1525,0.1388
945,574,1519,0.1388
938,570,1508,0.1388
935,571,1506,0.1388
933,575,1508,0.1388
936,578,1514,0.1388
939,576,1515,0.1388
941,577,1518,0.1388
930,569,1499,0.1388
929,583,1512,0.1388
931,585,1516,0.1388
927,585,1512,0.1388
917,587,1504,0.1388
918,586,1504,0.1388
923,586,1509,0.1388
916,587,1503,0.1388
912,589,1501,0.1388
909,595,1504,0.1388
907,598,1505,0.1388
908,593,1501,0.1388
909,586,1495,0.1388
908,583,1491,0.1388
907,585,1492,0.1388
912,589,1501,0.1388
913,594,1507,0.1388
920,589,1509,0.1388
916,595,1511,0.1388
910,594,1504,0.1388
922,591,1513,0.1388
909,591,1500,0.1388
920,589,1509,0.1388
927,595,1522,0.1388
915,595,1510,0.1388
907,594,1501,0.1388
919,593,1512,0.1388
922,593,1515,0.1388
918,587,1505,0.1388
915,597,1512,0.1388
903,595,1498,0.1388
897,597,1494,0.1388
907,604,1511,0.1388
894,598,1492,0.1388
900,601,1501,0.1388
904,600,1504,0.1388
889,606,1495,0.1388
903,603,1506,0.1388
888,601,1489,0.1388
893,603,1496,0.1388
897,614,1511,0.1388
888,617,1505,0.1388
888,613,1501,0.1388
889,610,1499,0.1388
892,612,1504,0.1388
891,619,1510,0.1388
897,619,1516,0.1388
892,629,1521,0.1388
892,632,1524,0.1388
887,628,1515,0.1388
885,624,1509,0.1388
891,618,1509,0.1388
886,628,1514,0.1388
881,638,1519,0.1388
874,643,1517,0.1388
875,650,1525,0.1388
865,647,1512,0.1388
860,645,1505,0.1388
866,644,1510,0.1388
863,658,1521,0.1388
872,652,1524,0.1388
857,654,1511,0.1388
863,647,1510,0.1388
861,651,1512,0.1388
863,653,1516,0.1388
861,656,1517,0.1388
855,651,1506,0.1388
846,656,1502,0.1388
848,651,1499,0.1388
851,641,1492,0.1388
849,644,1493,0.1388
857,651,1508,0.1388
862,653,1515,0.1388
858,654,1512,0.1388
859,657,1516,0.1388
856,646,1502,0.1388
858,643,1501,0.1388
856,646,1502,0.1388
859,640,1499,0.1388
865,639,1504,0.1388
852,643,1495,0.1388
853,649,1502,0.1388
851,648,1499,0.1388
860,642,1502,0.1388
849,647,1496,0.1388
850,650,1500,0.1388
855,659,1514,0.1388
838,657,1495,0.1388
843,663,1506,0.1388
834,657,1491,0.1388
841,647,1488,0.1388
839,646,1485,0.1388
843,650,1493,0.1388
848,660,1508,0.1388
851,649,1500,0.1388
847,653,1500,0.1388
846,657,1503,0.1388
842,663,1505,0.1388
854,660,1514,0.1388
847,658,1505,0.1388
832,661,1493,0.1388
827,660,1487,0.1388
838,660,1498,0.1388
833,658,1491,0.1388
838,658,1496,0.1388
836,652,1488,0.1388
851,657,1508,0.1388
850,649,1499,0.1388
841,667,1508,0.1388
841,676,1517,0.1388
843,669,1512,0.1388
827,663,1490,0.1388
830,661,1491,0.1388
838,656,1494,0.1388
837,660,1497,0.1388
835,661,1496,0.1388
842,669,1511,0.1388
841,674,1515,0.1388
835,670,1505,0.1388
837,668,1505,0.1388
828,674,1502,0.1388
835,671,1506,0.1388
837,672,1509,0.1388
834,666,1500,0.1388
841,664,1505,0.1388
841,663,1504,0.1388
835,663,1498,0.1388
838,670,1508,0.1388
842,674,1516,0.1388
840,671,1511,0.1388
827,667,1494,0.1388
830,673,1503,0.1388
833,676,1509,0.1388
834,688,1522,0.1388
837,692,1529,0.1388
828,687,1515,0.1388
825,682,1507,0.1388
824,678,1502,0.1388
816,683,1499,0.1388
814,687,1501,0.1388
816,692,1508,0.1388
820,697,1517,0.1388
821,699,1520,0.1388
812,703,1515,0.1388
813,694,1507,0.1388
813,709,1522,0.1388
806,711,1517,0.1388
798,706,1504,0.1388
796,704,1500,0.1388
804,699,1503,0.1388
804,697,1501,0.1388
808,692,1500,0.1388
804,689,1493,0.1388
793,705,1498,0.1388
791,711,1502,0.1388
795,710,1505,0.1388
796,709,1505,0.1388
795,705,1500,0.1388
796,709,1505,0.1388
787,709,1496,0.1388
788,714,1502,0.1388
791,716,1507,0.1388
787,716,1503,0.1388
784,722,1506,0.1388
781,718,1499,0.1388
788,716,1504,0.1388
788,720,1508,0.1388
781,726,1507,0.1388
779,730,1509,0.1388
770,731,1501,0.1388
769,728,1497,0.1388
774,729,1503,0.1388
771,733,1504,0.1388
778,735,1513,0.1388
771,740,1511,0.1388
778,739,1517,0.1388
772,745,1517,0.1388
776,749,1525,0.1388
777,748,1525,0.1388
775,746,1521,0.1388
767,748,1515,0.1388
758,752,1510,0.1388
759,751,1510,0.1388
752,749,1501,0.1388
738,758,1496,0.1388
744,762,1506,0.1388
751,762,1513,0.1388
739,758,1497,0.1388
742,755,1497,0.1388
750,751,1501,0.1388
754,753,1507,0.1388
756,744,1500,0.1388
758,745,1503,0.1388
759,744,1503,0.1388
758,741,1499,0.1388
762,741,1503,0.1388
758,739,1497,0.1388
763,739,1502,0.1388
762,744,1506,0.1388
766,760,1526,0.1388
761,769,1530,0.1388
757,767,1524,0.1388
757,761,1518,0.1388
757,757,1514,0.1388
758,761,1519,0.1388
749,748,1497,0.1388
752,754,1506,0.1388
751,755,1506,0.1388
751,767,1518,0.1388
741,765,1506,0.1388
744,768,1512,0.1388
752,763,1515,0.1388
755,764,1519,0.1388
750,765,1515,0.1388
753,767,1520,0.1388
763,759,1522,0.1388
765,764,1529,0.1388
756,768,1524,0.1388
752,772,1524,0.1388
743,761,1504,0.1388
741,769,1510,0.1388
734,773,1507,0.1388
737,774,1511,0.1388
741,767,1508,0.1388
740,767,1507,0.1388
738,779,1517,0.1388
730,775,1505,0.1388
733,771,1504,0.1388
733,772,1505,0.1388
736,781,1517,0.1388
724,780,1504,0.1388
729,780,1509,0.1388
727,781,1508,0.1388
727,788,1515,0.1388
719,788,1507,0.1388
715,789,1504,0.1388
720,780,1500,0.1388
705,791,1496,0.1388
704,789,1493,0.1388
702,790,1492,0.1388
718,791,1509,0.1388
721,789,1510,0.1388
718,785,1503,0.1388
712,800,1512,0.1388
705,802,1507,0.1388
713,800,1513,0.1388
721,786,1507,0.1388
714,789,1503,0.1388
717,799,1516,0.1388
721,796,1517,0.1388
716,801,1517,0.1388
712,802,1514,0.1388
709,805,1514,0.1388
704,811,1515,0.1388
693,810,1503,0.1388
690,806,1496,0.1388
685,808,1493,0.1388
689,796,1485,0.1388
684,800,1484,0.1388
685,800,1485,0.1388
685,795,1480,0.1388
683,802,1485,0.1388
688,811,1499,0.1388
690,806,1496,0.1388
681,806,1487,0.1388
682,808,1490,0.1388
678,801,1479,0.1388
684,808,1492,0.1388
688,821,1509,0.1388
678,828,1506,0.1388
669,829,1498,0.1388
675,829,1504,0.1388
669,825,1494,0.1388
674,824,1498,0.1388
662,824,1486,0.1388
661,827,1488,0.1388
669,832,1501,0.1388
676,832,1508,0.1388
680,835,1515,0.1388
678,843,1521,0.1388
673,840,1513,0.1388
667,844,1511,0.1388
670,849,1519,0.1388
668,843,1511,0.1388
675,837,1512,0.1388
678,837,1515,0.1388
681,846,1527,0.1388
674,853,1527,0.1388
677,841,1518,0.1388
675,848,1523,0.1388
668,842,1510,0.1388
667,842,1509,0.1388
676,841,1517,0.1388
672,842,1514,0.1388
670,844,1514,0.1388
657,838,1495,0.1388
653,833,1486,0.1388
658,836,1494,0.1388
666,844,1510,0.1388
669,841,1510,0.1388
670,835,1505,0.1388
666,848,1514,0.1388
662,850,1512,0.1388
661,846,1507,0.1388
655,846,1501,0.1388
658,846,1504,0.1388
656,852,1508,0.1388
657,858,1515,0.1388
670,857,1527,0.1388
658,855,1513,0.1388
653,856,1509,0.1388
658,860,1518,0.1388
656,857,1513,0.1388
652,856,1508,0.1388
650,863,1513,0.1388
644,854,1498,0.1388
636,856,1492,0.1388
642,870,1512,0.1388
645,867,1512,0.1388
642,865,1507,0.1388
634,866,1500,0.1388
624,878,1502,0.1388
625,877,1502,0.1388
623,879,1502,0.1388
624,885,1509,0.1388
619,882,1501,0.1388
622,887,1509,0.1388
627,892,1519,0.1388
624,888,1512,0.1388
622,885,1507,0.1388
628,873,1501,0.1388
638,879,1517,0.1388
629,885,1514,0.1388
625,888,1513,0.1388
627,885,1512,0.1388
625,886,1511,0.1388
623,886,1509,0.1388
623,886,1509,0.1388
630,885,1515,0.1388
633,887,1520,0.1388
628,894,1522,0.1388
623,890,1513,0.1388
625,894,1519,0.1388
627,887,1514,0.1388
615,889,1504,0.1388
606,884,1490,0.1388
614,885,1499,0.1388
624,891,1515,0.1388
620,888,1508,0.1388
616,893,1509,0.1388
610,893,1503,0.1388
614,901,1515,0.1388
617,890,1507,0.1388
620,889,1509,0.1388
616,894,1510,0.1388
619,897,1516,0.1388
616,899,1515,0.1388
619,901,1520,0.1388
619,903,1522,0.1388
621,895,1516,0.1388
618,899,1517,0.1388
617,897,1514,0.1388
620,891,1511,0.1388
609,898,1507,0.1388
612,891,1503,0.1388
616,889,1505,0.1388
614,885,1499,0.1388
615,879,1494,0.1388
623,885,1508,0.1388
622,886,1508,0.1388
618,896,1514,0.1388
611,884,1495,0.1388
609,881,1490,0.1388
607,887,1494,0.1388
609,890,1499,0.1388
605,883,1488,0.1388
604,895,1499,0.1388
604,900,1504,0.1388
607,897,1504,0.1388
611,898,1509,0.1388
605,896,1501,0.1388
610,895,1505,0.1388
610,905,1515,0.1388
611,892,1503,0.1388
606,902,1508,0.1388
605,907,1512,0.1388
607,903,1510,0.1388
599,905,1504,0.1388
596,910,1506,0.1388
602,910,1512,0.1388
588,911,1499,0.1388
596,916,1512,0.1388
597,908,1505,0.1388
599,912,1511,0.1388
592,917,1509,0.1388
591,920,1511,0.1388
588,915,1503,0.1388
594,912,1506,0.1388
599,911,1510,0.1388
599,915,1514,0.1388
595,916,1511,0.1388
593,919,1512,0.1388
594,924,1518,0.1388
603,929,1532,0.1388
598,926,1524,0.1388
599,929,1528,0.1388
598,929,1527,0.1388
599,924,1523,0.1388
594,926,1520,0.1388
587,923,1510,0.1388
591,922,1513,0.1388
589,920,1509,0.1388
584,917,1501,0.1388
578,913,1491,0.1388
591,907,1498,0.1388
589,912,1501,0.1388
587,907,1494,0.1388
585,921,1506,0.1388
589,918,1507,0.1388
582,916,1498,0.1388
585,921,1506,0.1388
585,921,1506,0.1388
585,915,1500,0.1388
575,927,1502,0.1388
574,924,1498,0.1388
578,932,1510,0.1388
579,921,1500,0.1388
579,921,1500,0.1388
581,919,1500,0.1388
585,925,1510,0.1388
586,938,1524,0.1388
576,946,1522,0.1388
573,930,1503,0.1388
574,930,1504,0.1388
565,933,1498,0.1388
569,927,1496,0.1388
567,936,1503,0.1388
568,936,1504,0.1388
566,932,1498,0.1388
564,940,1504,0.1388
564,943,1507,0.1388
567,939,1506,0.1388
567,935,1502,0.1388
558,947,1505,0.1388
550,948,1498,0.1388
560,943,1503,0.1388
558,944,1502,0.1388
560,942,1502,0.1388
564,942,1506,0.1388
564,948,1512,0.1388
560,944,1504,0.1388
555,948,1503,0.1388
549,950,1499,0.1388
553,949,1502,0.1388
556,953,1509,0.1388
564,956,1520,0.1388
557,962,1519,0.1388
554,967,1521,0.1388
548,971,1519,0.1388
549,970,1519,0.1388
547,969,1516,0.1388
540,965,1505,0.1388
548,965,1513,0.1388
548,960,1508,0.1388
547,958,1505,0.1388
550,960,1510,0.1388
552,961,1513,0.1388
547,974,1521,0.1388
545,968,1513,0.1388
545,971,1516,0.1388
554,958,1512,0.1388
554,945,1499,0.1388
553,946,1499,0.1388
547,950,1497,0.1388
544,954,1498,0.1388
547,959,1506,0.1388
542,960,1502,0.1388
545,955,1500,0.1388
544,957,1501,0.1388
539,967,1506,0.1388
540,962,1502,0.1388
543,976,1519,0.1388
545,972,1517,0.1388
535,974,1509,0.1388
529,988,1517,0.1388
526,983,1509,0.1388
524,983,1507,0.1388
527,976,1503,0.1388
528,977,1505,0.1388
527,977,1504,0.1388
530,975,1505,0.1388
526,976,1502,0.1388
532,980,1512,0.1388
534,976,1510,0.1388
532,976,1508,0.1388
531,977,1508,0.1388
534,975,1509,0.1388
535,966,1501,0.1388
529,960,1489,0.1388
540,964,1504,0.1388
540,969,1509,0.1388
535,963,1498,0.1388
531,969,1500,0.1388
529,965,1494,0.1388
529,968,1497,0.1388
530,960,1490,0.1388
528,956,1484,0.1388
528,971,1499,0.1388
538,964,1502,0.1388
537,968,1505,0.1388
538,966,1504,0.1388
533,968,1501,0.1388
527,963,1490,0.1388
525,967,1492,0.1388
537,966,1503,0.1388
542,957,1499,0.1388
549,967,1516,0.1388
551,973,1524,0.1388
557,970,1527,0.1388
557,967,1524,0.1388
555,966,1521,0.1388
554,969,1523,0.1388
555,965,1520,0.1388
549,971,1520,0.1388
548,975,1523,0.1388
554,972,1526,0.1388
556,965,1521,0.1388
547,963,1510,0.1388
544,963,1507,0.1388
537,956,1493,0.1388
537,964,1501,0.1388
542,963,1505,0.1388
544,965,1509,0.1388
545,968,1513,0.1388
545,965,1510,0.1388
545,974,1519,0.1388
541,975,1516,0.1388
540,980,1520,0.1388
539,971,1510,0.1388
546,970,1516,0.1388
545,970,1515,0.1388
545,962,1507,0.1388
552,956,1508,0.1388
545,961,1506,0.1388
542,970,1512,0.1388
546,961,1507,0.1388
535,966,1501,0.1388
550,965,1515,0.1388
546,978,1524,0.1388
542,958,1500,0.1388
536,958,1494,0.1388
536,970,1506,0.1388
542,971,1513,0.1388
546,963,1509,0.1388
540,966,1506,0.1388
541,962,1503,0.1388
535,963,1498,0.1388
541,957,1498,0.1388
547,958,1505,0.1388
543,955,1498,0.1388
554,954,1508,0.1388
550,960,1510,0.1388
553,968,1521,0.1388
553,956,1509,0.1388
547,949,1496,0.1388
547,969,1516,0.1388
548,970,1518,0.1388
548,982,1530,0.1388
542,973,1515,0.1388
537,968,1505,0.1388
544,968,1512,0.1388
544,982,1526,0.1388
547,980,1527,0.1388
543,982,1525,0.1388
534,978,1512,0.1388
531,970,1501,0.1388
533,970,1503,0.1388
545,977,1522,0.1388
542,973,1515,0.1388
544,970,1514,0.1388
537,976,1513,0.1388
538,969,1507,0.1388
540,966,1506,0.1388
538,960,1498,0.1388
540,968,1508,0.1388
536,970,1506,0.1388
540,978,1518,0.1388
537,982,1519,0.1388
535,982,1517,0.1388
525,977,1502,0.1388
527,977,1504,0.1388
529,976,1505,0.1388
522,973,1495,0.1388
521,984,1505,0.1388
529,989,1518,0.1388
527,990,1517,0.1388
526,981,1507,0.1388
526,970,1496,0.1388
520,981,1501,0.1388
531,995,1526,0.1388
530,994,1524,0.1388
524,994,1518,0.1388
528,979,1507,0.1388
531,988,1519,0.1388
528,985,1513,0.1388
533,987,1520,0.1388
533,978,1511,0.1388
526,983,1509,0.1388
528,985,1513,0.1388
519,982,1501,0.1388
515,984,1499,0.1388
524,986,1510,0.1388
517,975,1492,0.1388
521,982,1503,0.1388
524,982,1506,0.1388
516,973,1489,0.1388
521,980,1501,0.1388
522,986,1508,0.1388
530,991,1521,0.1388
527,990,1517,0.1388
529,986,1515,0.1388
523,990,1513,0.1388
517,992,1509,0.1388
521,1000,1521,0.1388
519,993,1512,0.1388
523,991,1514,0.1388
518,991,1509,0.1388
516,999,1515,0.1388
513,993,1506,0.1388
514,990,1504,0.1388
513,999,1512,0.1388
518,1001,1519,0.1388
512,993,1505,0.1388
509,990,1499,0.1388
506,1002,1508,0.1388
508,1002,1510,0.1388
514,1009,1523,0.1388
516,1012,1528,0.1388
507,1005,1512,0.1388
508,996,1504,0.1388
509,989,1498,0.1388
508,1002,1510,0.1388
506,993,1499,0.1388
508,995,1503,0.1388
511,1006,1517,0.1388
509,999,1508,0.1388
498,1009,1507,0.1388
488,1022,1510,0.1388
488,1019,1507,0.1388
477,1034,1511,0.1388
477,1025,1502,0.1388
495,1024,1519,0.1388
489,1018,1507,0.1388
483,1026,1509,0.1388
492,1026,1518,0.1388
488,1033,1521,0.1388
485,1036,1521,0.1388
483,1033,1516,0.1388
478,1030,1508,0.1388
482,1033,1515,0.1388
485,1032,1517,0.1388
479,1024,1503,0.1388
484,1026,1510,0.1388
480,1024,1504,0.1388
479,1027,1506,0.1388
482,1032,1514,0.1388
477,1028,1505,0.1388
479,1027,1506,0.1388
471,1025,1496,0.1388
472,1025,1497,0.1388
471,1025,1496,0.1388
469,1039,1508,0.1388
467,1040,1507,0.1388
470,1033,1503,0.1388
468,1046,1514,0.1388
470,1038,1508,0.1388
476,1046,1522,0.1388
472,1046,1518,0.1388
465,1044,1509,0.1388
467,1045,1512,0.1388
459,1053,1512,0.1388
457,1047,1504,0.1388
466,1059,1525,0.1388
465,1043,1508,0.1388
470,1043,1513,0.1388
469,1048,1517,0.1388
461,1044,1505,0.1388
457,1048,1505,0.1388
455,1047,1502,0.1388
466,1051,1517,0.1388
464,1053,1517,0.1388
463,1061,1524,0.1388
465,1054,1519,0.1388
457,1056,1513,0.1388
458,1048,1506,0.1388
459,1047,1506,0.1388
459,1043,1502,0.1388
467,1040,1507,0.1388
463,1030,1493,0.1388
465,1038,1503,0.1388
465,1037,1502,0.1388
463,1048,1511,0.1388
460,1059,1519,0.1388
459,1069,1528,0.1388
455,1062,1517,0.1388
451,1056,1507,0.1388
454,1056,1510,0.1388
454,1051,1505,0.1388
450,1063,1513,0.1388
446,1057,1503,0.1388
439,1060,1499,0.1388
442,1059,1501,0.1388
438,1046,1484,0.1388
443,1057,1500,0.1388
449,1060,1509,0.1388
449,1053,1502,0.1388
457,1060,1517,0.1388
453,1056,1509,0.1388
452,1051,1503,0.1388
455,1053,1508,0.1388
448,1063,1511,0.1388
444,1053,1497,0.1388
440,1063,1503,0.1388
434,1069,1503,0.1388
434,1058,1492,0.1388
437,1053,1490,0.1388
443,1063,1506,0.1388
457,1067,1524,0.1388
455,1062,1517,0.1388
453,1062,1515,0.1388
451,1054,1505,0.1388
454,1048,1502,0.1388
457,1043,1500,0.1388
459,1053,1512,0.1388
460,1052,1512,0.1388
464,1046,1510,0.1388
459,1050,1509,0.1388
462,1057,1519,0.1388
454,1067,1521,0.1388
454,1056,1510,0.1388
454,1054,1508,0.1388
458,1059,1517,0.1388
462,1046,1508,0.1388
464,1048,1512,0.1388
468,1056,1524,0.1388
465,1034,1499,0.1388
462,1045,1507,0.1388
461,1033,1494,0.1388
468,1029,1497,0.1388
468,1036,1504,0.1388
463,1053,1516,0.1388
461,1051,1512,0.1388
454,1052,1506,0.1388
452,1055,1507,0.1388
447,1051,1498,0.1388
453,1050,1503,0.1388
450,1061,1511,0.1388
451,1065,1516,0.1388
454,1072,1526,0.1388
449,1078,1527,0.1388
450,1084,1534,0.1388
451,1075,1526,0.1388
449,1074,1523,0.1388
446,1077,1523,0.1388
444,1066,1510,0.1388
454,1073,1527,0.1388
456,1072,1528,0.1388
456,1070,1526,0.1388
447,1072,1519,0.1388
448,1071,1519,0.1388
448,1072,1520,0.1388
445,1058,1503,0.1388
451,1057,1508,0.1388
450,1063,1513,0.1388
453,1066,1519,0.1388
455,1067,1522,0.1388
445,1059,1504,0.1388
445,1057,1502,0.1388
436,1063,1499,0.1388
433,1075,1508,0.1388
430,1075,1505,0.1388
428,1072,1500,0.1388
428,1080,1508,0.1388
425,1086,1511,0.1388
423,1078,1501,0.1388
420,1092,1512,0.1388
419,1086,1505,0.1388
430,1094,1524,0.1388
430,1090,1520,0.1388
426,1092,1518,0.1388
429,1077,1506,0.1388
429,1077,1506,0.1388
430,1094,1524,0.1388
427,1100,1527,0.1388
423,1101,1524,0.1388
420,1091,1511,0.1388
421,1086,1507,0.1388
419,1090,1509,0.1388
417,1091,1508,0.1388
424,1094,1518,0.1388
422,1093,1515,0.1388
422,1088,1510,0.1388
421,1083,1504,0.1388
412,1080,1492,0.1388
410,1092,1502,0.1388
399,1095,1494,0.1388
397,1104,1501,0.1388
394,1112,1506,0.1388
392,1109,1501,0.1388
393,1099,1492,0.1388
392,1110,1502,0.1388
390,1107,1497,0.1388
396,1110,1506,0.1388
400,1109,1509,0.1388
396,1111,1507,0.1388
393,1118,1511,0.1388
391,1119,1510,0.1388
392,1104,1496,0.1388
396,1101,1497,0.1388
395,1111,1506,0.1388
388,1118,1506,0.1388
396,1115,1511,0.1388
396,1121,1517,0.1388
396,1124,1520,0.1388
393,1129,1522,0.1388
398,1124,1522,0.1388
400,1120,1520,0.1388
394,1123,1517,0.1388
391,1125,1516,0.1388
396,1119,1515,0.1388
397,1110,1507,0.1388
390,1114,1504,0.1388
389,1108,1497,0.1388
394,1123,1517,0.1388
397,1128,1525,0.1388
389,1130,1519,0.1388
391,1124,1515,0.1388
387,1120,1507,0.1388
391,1118,1509,0.1388
390,1123,1513,0.1388
385,1114,1499,0.1388
390,1116,1506,0.1388
391,1127,1518,0.1388
387,1121,1508,0.1388
379,1122,1501,0.1388
381,1141,1522,0.1388
381,1145,1526,0.1388
377,1133,1510,0.1388
374,1128,1502,0.1388
373,1143,1516,0.1388
378,1142,1520,0.1388
374,1139,1513,0.1388
381,1148,1529,0.1388
383,1138,1521,0.1388
384,1145,1529,0.1388
380,1139,1519,0.1388
378,1136,1514,0.1388
387,1131,1518,0.1388
388,1136,1524,0.1388
383,1128,1511,0.1388
389,1145,1534,0.1388
389,1135,1524,0.1388
388,1132,1520,0.1388
391,1132,1523,0.1388
390,1129,1519,0.1388
395,1132,1527,0.1388
390,1134,1524,0.1388
393,1125,1518,0.1388
385,1126,1511,0.1388
389,1125,1514,0.1388
390,1123,1513,0.1388
385,1121,1506,0.1388
385,1115,1500,0.1388
377,1132,1509,0.1388
377,1128,1505,0.1388
376,1131,1507,0.1388
377,1130,1507,0.1388
375,1129,1504,0.1388
372,1140,1512,0.1388
376,1137,1513,0.1388
375,1134,1509,0.1388
370,1141,1511,0.1388
374,1136,1510,0.1388
374,1127,1501,0.1388
371,1135,1506,0.1388
368,1128,1496,0.1388
371,1126,1497,0.1388
368,1137,1505,0.1388
365,1146,1511,0.1388
363,1153,1516,0.1388
359,1138,1497,0.1388
362,1142,1504,0.1388
354,1147,1501,0.1388
350,1151,1501,0.1388
343,1171,1514,0.1388
338,1163,1501,0.1388
348,1171,1519,0.1388
342,1183,1525,0.1388
340,1190,1530,0.1388
338,1179,1517,0.1388
328,1177,1505,0.1388
324,1176,1500,0.1388
320,1183,1503,0.1388
314,1180,1494,0.1388
319,1172,1491,0.1388
315,1163,1478,0.1388
316,1169,1485,0.1388
324,1180,1504,0.1388
333,1174,1507,0.1388
333,1166,1499,0.1388
334,1157,1491,0.1388
334,1174,1508,0.1388
339,1179,1518,0.1388
344,1187,1531,0.1388
336,1169,1505,0.1388
340,1170,1510,0.1388
335,1177,1512,0.1388
331,1181,1512,0.1388
334,1182,1516,0.1388
337,1179,1516,0.1388
347,1168,1515,0.1388
343,1173,1516,0.1388
343,1171,1514,0.1388
338,1174,1512,0.1388
336,1171,1507,0.1388
332,1189,1521,0.1388
326,1189,1515,0.1388
326,1193,1519,0.1388
325,1189,1514,0.1388
320,1203,1523,0.1388
323,1202,1525,0.1388
323,1200,1523,0.1388
320,1192,1512,0.1388
322,1206,1528,0.1388
316,1200,1516,0.1388
313,1193,1506,0.1388
315,1205,1520,0.1388
316,1206,1522,0.1388
311,1189,1500,0.1388
312,1202,1514,0.1388
311,1201,1512,0.1388
314,1193,1507,0.1388
314,1200,1514,0.1388
317,1192,1509,0.1388
316,1193,1509,0.1388
310,1207,1517,0.1388
308,1217,1525,0.1388
311,1201,1512,0.1388
312,1198,1510,0.1388
308,1210,1518,0.1388
302,1219,1521,0.1388
296,1225,1521,0.1388
293,1222,1515,0.1388
293,1214,1507,0.1388
295,1212,1507,0.1388
293,1224,1517,0.1388
285,1233,1518,0.1388
285,1239,1524,0.1388
278,1224,1502,0.1388
280,1218,1498,0.1388
278,1230,1508,0.1388
283,1226,1509,0.1388
281,1225,1506,0.1388
279,1221,1500,0.1388
282,1221,1503,0.1388
286,1213,1499,0.1388
289,1206,1495,0.1388
292,1221,1513,0.1388
291,1224,1515,0.1388
290,1217,1507,0.1388
293,1219,1512,0.1388
289,1230,1519,0.1388
290,1232,1522,0.1388
295,1232,1527,0.1388
294,1234,1528,0.1388
287,1222,1509,0.1388
286,1223,1509,0.1388
285,1228,1513,0.1388
282,1235,1517,0.1388
279,1226,1505,0.1388
278,1231,1509,0.1388
277,1227,1504,0.1388
272,1236,1508,0.1388
274,1236,1510,0.1388
271,1232,1503,0.1388
273,1239,1512,0.1388
276,1225,1501,0.1388
275,1229,1504,0.1388
275,1233,1508,0.1388
278,1234,1512,0.1388
283,1243,1526,0.1388
277,1235,1512,0.1388
276,1235,1511,0.1388
272,1237,1509,0.1388
269,1236,1505,0.1388
269,1240,1509,0.1388
267,1246,1513,0.1388
268,1239,1507,0.1388
268,1240,1508,0.1388
259,1235,1494,0.1388
259,1242,1501,0.1388
261,1242,1503,0.1388
261,1260,1521,0.1388
261,1257,1518,0.1388
260,1263,1523,0.1388
261,1254,1515,0.1388
261,1251,1512,0.1388
260,1260,1520,0.1388
263,1259,1522,0.1388
262,1257,1519,0.1388
258,1256,1514,0.1388
259,1262,1521,0.1388
260,1255,1515,0.1388
264,1260,1524,0.1388
259,1255,1514,0.1388
259,1259,1518,0.1388
265,1261,1526,0.1388
266,1259,1525,0.1388
260,1249,1509,0.1388
260,1253,1513,0.1388
257,1250,1507,0.1388
260,1237,1497,0.1388
254,1236,1490,0.1388
255,1255,1510,0.1388
254,1256,1510,0.1388
254,1261,1515,0.1388
254,1257,1511,0.1388
259,1266,1525,0.1388
259,1258,1517,0.1388
259,1263,1522,0.1388
260,1253,1513,0.1388
257,1244,1501,0.1388
258,1245,1503,0.1388
253,1254,1507,0.1388
256,1255,1511,0.1388
258,1267,1525,0.1388
261,1262,1523,0.1388
263,1265,1528,0.1388
259,1249,1508,0.1388
261,1246,1507,0.1388
261,1244,1505,0.1388
260,1242,1502,0.1388
259,1259,1518,0.1388
254,1248,1502,0.1388
247,1253,1500,0.1388
244,1256,1500,0.1388
253,1243,1496,0.1388
257,1241,1498,0.1388
253,1231,1484,0.1388
258,1229,1487,0.1388
258,1240,1498,0.1388
256,1253,1509,0.1388
260,1252,1512,0.1388
262,1241,1503,0.1388
264,1230,1494,0.1388
262,1238,1500,0.1388
262,1249,1511,0.1388
260,1253,1513,0.1388
257,1248,1505,0.1388
257,1255,1512,0.1388
256,1264,1520,0.1388
255,1263,1518,0.1388
253,1264,1517,0.1388
255,1267,1522,0.1388
251,1269,1520,0.1388
249,1265,1514,0.1388
252,1266,1518,0.1388
252,1271,1523,0.1388
257,1270,1527,0.1388
254,1273,1527,0.1388
256,1267,1523,0.1388
254,1256,1510,0.1388
253,1258,1511,0.1388
252,1246,1498,0.1388
251,1255,1506,0.1388
251,1253,1504,0.1388
249,1261,1510,0.1388
248,1255,1503,0.1388
247,1259,1506,0.1388
246,1263,1509,0.1388
242,1259,1501,0.1388
246,1258,1504,0.1388
241,1270,1511,0.1388
243,1279,1522,0.1388
245,1275,1520,0.1388
237,1279,1516,0.1388
235,1289,1524,0.1388
236,1285,1521,0.1388
237,1291,1528,0.1388
233,1283,1516,0.1388
237,1278,1515,0.1388
238,1286,1524,0.1388
237,1271,1508,0.1388
236,1286,1522,0.1388
240,1287,1527,0.1388
241,1280,1521,0.1388
242,1282,1524,0.1388
234,1273,1507,0.1388
230,1273,1503,0.1388
233,1286,1519,0.1388
233,1283,1516,0.1388
227,1271,1498,0.1388
226,1276,1502,0.1388
228,1274,1502,0.1388
226,1267,1493,0.1388
229,1277,1506,0.1388
228,1275,1503,0.1388
224,1282,1506,0.1388
227,1279,1506,0.1388
225,1279,1504,0.1388
223,1276,1499,0.1388
229,1289,1518,0.1388
225,1301,1526,0.1388
225,1300,1525,0.1388
230,1306,1536,0.1388
232,1293,1525,0.1388
228,1290,1518,0.1388
228,1284,1512,0.1388
229,1276,1505,0.1388
224,1276,1500,0.1388
232,1287,1519,0.1388
236,1294,1530,0.1388
230,1296,1526,0.1388
228,1300,1528,0.1388
220,1303,1523,0.1388
218,1297,1515,0.1388
217,1298,1515,0.1388
216,1292,1508,0.1388
221,1298,1519,0.1388
218,1302,1520,0.1388
221,1290,1511,0.1388
223,1297,1520,0.1388
225,1304,1529,0.1388
221,1295,1516,0.1388
223,1295,1518,0.1388
223,1288,1511,0.1388
223,1284,1507,0.1388
222,1291,1513,0.1388
220,1299,1519,0.1388
222,1303,1525,0.1388
221,1302,1523,0.1388
221,1296,1517,0.1388
222,1300,1522,0.1388
223,1309,1532,0.1388
220,1308,1528,0.1388
220,1298,1518,0.1388
220,1303,1523,0.1388
220,1289,1509,0.1388
219,1296,1515,0.1388
216,1301,1517,0.1388
221,1302,1523,0.1388
220,1304,1524,0.1388
212,1298,1510,0.1388
210,1299,1509,0.1388
212,1299,1511,0.1388
212,1287,1499,0.1388
215,1295,1510,0.1388
221,1292,1513,0.1388
214,1287,1501,0.1388
216,1284,1500,0.1388
218,1293,1511,0.1388
218,1298,1516,0.1388
214,1305,1519,0.1388
215,1296,1511,0.1388
212,1291,1503,0.1388
213,1299,1512,0.1388
215,1298,1513,0.1388
211,1309,1520,0.1388
212,1313,1525,0.1388
211,1299,1510,0.1388
213,1290,1503,0.1388
216,1292,1508,0.1388
214,1277,1491,0.1388
215,1275,1490,0.1388
216,1282,1498,0.1388
216,1299,1515,0.1388
216,1298,1514,0.1388
217,1301,1518,0.1388
212,1300,1512,0.1388
206,1306,1512,0.1388
207,1298,1505,0.1388
203,1308,1511,0.1388
203,1314,1517,0.1388
208,1319,1527,0.1388
208,1313,1521,0.1388
205,1312,1517,0.1388
206,1310,1516,0.1388
211,1301,1512,0.1388
210,1308,1518,0.1388
208,1304,1512,0.1388
204,1311,1515,0.1388
207,1313,1520,0.1388
208,1321,1529,0.1388
210,1316,1526,0.1388
211,1316,1527,0.1388
207,1311,1518,0.1388
207,1312,1519,0.1388
200,1310,1510,0.1388
202,1306,1508,0.1388
206,1316,1522,0.1388
201,1324,1525,0.1388
203,1327,1530,0.1388
202,1315,1517,0.1388
200,1314,1514,0.1388
197,1315,1512,0.1388
203,1297,1500,0.1388
199,1309,1508,0.1388
200,1319,1519,0.1388
201,1316,1517,0.1388
200,1306,1506,0.1388
200,1315,1515,0.1388
202,1331,1533,0.1388
199,1317,1516,0.1388
192,1319,1511,0.1388
199,1319,1518,0.1388
202,1321,1523,0.1388
199,1330,1529,0.1388
200,1329,1529,0.1388
202,1327,1529,0.1388
205,1325,1530,0.1388
201,1315,1516,0.1388
198,1326,1524,0.1388
199,1310,1509,0.1388
200,1305,1505,0.1388
196,1305,1501,0.1388
199,1301,1500,0.1388
197,1304,1501,0.1388
198,1293,1491,0.1388
197,1304,1501,0.1388
198,1315,1513,0.1388
193,1317,1510,0.1388
192,1322,1514,0.1388
195,1315,1510,0.1388
194,1317,1511,0.1388
196,1315,1511,0.1388
188,1325,1513,0.1388
188,1324,1512,0.1388
189,1331,1520,0.1388
189,1316,1505,0.1388
191,1324,1515,0.1388
195,1314,1509,0.1388
194,1310,1504,0.1388
194,1304,1498,0.1388
196,1312,1508,0.1388
197,1326,1523,0.1388
193,1316,1509,0.1388
198,1309,1507,0.1388
198,1318,1516,0.1388
199,1324,1523,0.1388
195,1315,1510,0.1388
198,1315,1513,0.1388
194,1318,1512,0.1388
194,1319,1513,0.1388
195,1316,1511,0.1388
193,1317,1510,0.1388
191,1313,1504,0.1388
196,1326,1522,0.1388
198,1333,1531,0.1388
198,1330,1528,0.1388
199,1336,1535,0.1388
200,1321,1521,0.1388
200,1315,1515,0.1388
195,1313,1508,0.1388
192,1327,1519,0.1388
194,1342,1536,0.1388
191,1332,1523,0.1388
191,1326,1517,0.1388
186,1332,1518,0.1388
190,1320,1510,0.1388
196,1316,1512,0.1388
198,1307,1505,0.1388
197,1299,1496,0.1388
197,1303,1500,0.1388
191,1302,1493,0.1388
194,1306,1500,0.1388
197,1309,1506,0.1388
195,1325,1520,0.1388
192,1326,1518,0.1388
190,1322,1512,0.1388
191,1333,1524,0.1388
188,1340,1528,0.1388
183,1337,1520,0.1388
183,1331,1514,0.1388
188,1324,1512,0.1388
189,1322,1511,0.1388
185,1314,1499,0.1388
189,1311,1500,0.1388
189,1313,1502,0.1388
188,1321,1509,0.1388
187,1319,1506,0.1388
187,1325,1512,0.1388
179,1325,1504,0.1388
181,1324,1505,0.1388
179,1330,1509,0.1388
180,1323,1503,0.1388
177,1333,1510,0.1388
176,1330,1506,0.1388
175,1330,1505,0.1388
178,1334,1512,0.1388
177,1337,1514,0.1388
177,1331,1508,0.1388
170,1326,1496,0.1388
174,1320,1494,0.1388
168,1340,1508,0.1388
172,1335,1507,0.1388
172,1339,1511,0.1388
173,1336,1509,0.1388
178,1348,1526,0.1388
180,1325,1505,0.1388
182,1330,1512,0.1388
179,1337,1516,0.1388
180,1340,1520,0.1388
183,1342,1525,0.1388
185,1334,1519,0.1388
185,1331,1516,0.1388
182,1333,1515,0.1388
180,1343,1523,0.1388
177,1340,1517,0.1388
179,1335,1514,0.1388
174,1338,1512,0.1388
178,1332,1510,0.1388
179,1334,1513,0.1388
178,1332,1510,0.1388
183,1333,1516,0.1388
186,1334,1520,0.1388
184,1337,1521,0.1388
180,1340,1520,0.1388
177,1349,1526,0.1388
181,1350,1531,0.1388
182,1334,1516,0.1388
178,1338,1516,0.1388
174,1352,1526,0.1388
171,1347,1518,0.1388
174,1331,1505,0.1388
177,1334,1511,0.1388
172,1336,1508,0.1388
170,1336,1506,0.1388
168,1349,1517,0.1388
168,1348,1516,0.1388
168,1348,1516,0.1388
168,1349,1517,0.1388
163,1355,1518,0.1388
167,1362,1529,0.1388
165,1355,1520,0.1388
164,1356,1520,0.1388
167,1367,1534,0.1388
165,1365,1530,0.1388
164,1359,1523,0.1388
163,1350,1513,0.1388
161,1351,1512,0.1388
160,1359,1519,0.1388
159,1340,1499,0.1388
160,1342,1502,0.1388
160,1350,1510,0.1388
162,1352,1514,0.1388
165,1362,1527,0.1388
162,1343,1505,0.1388
163,1347,1510,0.1388
166,1353,1519,0.1388
163,1352,1515,0.1388
162,1345,1507,0.1388
162,1350,1512,0.1388
159,1347,1506,0.1388
158,1344,1502,0.1388
158,1354,1512,0.1388
159,1343,1502,0.1388
154,1351,1505,0.1388
153,1357,1510,0.1388
155,1355,1510,0.1388
152,1357,1509,0.1388
161,1350,1511,0.1388
164,1349,1513,0.1388
160,1364,1524,0.1388
165,1356,1521,0.1388
164,1353,1517,0.1388
162,1352,1514,0.1388
161,1352,1513,0.1388
161,1349,1510,0.1388
164,1358,1522,0.1388
166,1354,1520,0.1388
164,1351,1515,0.1388
160,1360,1520,0.1388
158,1352,1510,0.1388
159,1351,1510,0.1388
161,1351,1512,0.1388
160,1343,1503,0.1388
157,1340,1497,0.1388
158,1354,1512,0.1388
160,1351,1511,0.1388
162,1345,1507,0.1388
164,1359,1523,0.1388
162,1358,1520,0.1388
165,1361,1526,0.1388
163,1367,1530,0.1388
162,1360,1522,0.1388
162,1355,1517,0.1388
165,1364,1529,0.1388
161,1353,1514,0.1388
163,1361,1524,0.1388
162,1356,1518,0.1388
163,1355,1518,0.1388
165,1350,1515,0.1388
163,1347,1510,0.1388
160,1350,1510,0.1388
158,1342,1500,0.1388
155,1348,1503,0.1388
159,1360,1519,0.1388
158,1360,1518,0.1388
160,1351,1511,0.1388
159,1350,1509,0.1388
164,1353,1517,0.1388
166,1350,1516,0.1388
168,1341,1509,0.1388
168,1354,1522,0.1388
167,1360,1527,0.1388
169,1354,1523,0.1388
169,1362,1531,0.1388
168,1352,1520,0.1388
169,1359,1528,0.1388
168,1351,1519,0.1388
166,1350,1516,0.1388
163,1351,1514,0.1388
164,1354,1518,0.1388
160,1348,1508,0.1388
161,1357,1518,0.1388
158,1346,1504,0.1388
157,1347,1504,0.1388
159,1337,1496,0.1388
160,1341,1501,0.1388
160,1344,1504,0.1388
163,1352,1515,0.1388
160,1371,1531,0.1388
160,1369,1529,0.1388
156,1368,1524,0.1388
157,1369,1526,0.1388
148,1360,1508,0.1388
149,1374,1523,0.1388
149,1369,1518,0.1388
145,1366,1511,0.1388
145,1368,1513,0.1388
149,1357,1506,0.1388
147,1360,1507,0.1388
143,1364,1507,0.1388
142,1375,1517,0.1388
138,1375,1513,0.1388
141,1370,1511,0.1388
139,1364,1503,0.1388
138,1372,1510,0.1388
137,1366,1503,0.1388
136,1363,1499,0.1388
138,1371,1509,0.1388
140,1378,1518,0.1388
134,1375,1509,0.1388
138,1386,1524,0.1388
139,1384,1523,0.1388
134,1386,1520,0.1388
136,1379,1515,0.1388
138,1366,1504,0.1388
138,1378,1516,0.1388
137,1383,1520,0.1388
139,1370,1509,0.1388
141,1371,1512,0.1388
140,1379,1519,0.1388
140,1391,1531,0.1388
135,1379,1514,0.1388
136,1369,1505,0.1388
137,1359,1496,0.1388
134,1365,1499,0.1388
134,1360,1494,0.1388
135,1375,1510,0.1388
132,1373,1505,0.1388
133,1379,1512,0.1388
131,1380,1511,0.1388
133,1370,1503,0.1388
133,1386,1519,0.1388
134,1398,1532,0.1388
136,1388,1524,0.1388
135,1387,1522,0.1388
131,1394,1525,0.1388
132,1378,1510,0.1388
132,1382,1514,0.1388
133,1370,1503,0.1388
132,1381,1513,0.1388
135,1381,1516,0.1388
135,1385,1520,0.1388
133,1407,1540,0.1388
133,1385,1518,0.1388
132,1365,1497,0.1388
130,1372,1502,0.1388
133,1370,1503,0.1388
133,1381,1514,0.1388
132,1390,1522,0.1388
131,1387,1518,0.1388
132,1376,1508,0.1388
135,1374,1509,0.1388
133,1373,1506,0.1388
130,1383,1513,0.1388
135,1379,1514,0.1388
130,1363,1493,0.1388
131,1375,1506,0.1388
129,1378,1507,0.1388
128,1375,1503,0.1388
133,1379,1512,0.1388
135,1382,1517,0.1388
133,1380,1513,0.1388
134,1382,1516,0.1388
135,1386,1521,0.1388
133,1386,1519,0.1388
132,1382,1514,0.1388
134,1369,1503,0.1388
133,1377,1510,0.1388
130,1372,1502,0.1388
130,1382,1512,0.1388
130,1387,1517,0.1388
131,1387,1518,0.1388
130,1387,1517,0.1388
127,1379,1506,0.1388
130,1391,1521,0.1388
127,1393,1520,0.1388
123,1394,1517,0.1388
121,1393,1514,0.1388
126,1385,1511,0.1388
125,1369,1494,0.1388
126,1376,1502,0.1388
123,1391,1514,0.1388
122,1391,1513,0.1388
125,1396,1521,0.1388
130,1398,1528,0.1388
127,1382,1509,0.1388
128,1386,1514,0.1388
128,1389,1517,0.1388
128,1389,1517,0.1388
129,1382,1511,0.1388
127,1386,1513,0.1388
126,1374,1500,0.1388
126,1391,1517,0.1388
127,1392,1519,0.1388
131,1383,1514,0.1388
134,1386,1520,0.1388
132,1390,1522,0.1388
126,1397,1523,0.1388
124,1382,1506,0.1388
127,1385,1512,0.1388
127,1376,1503,0.1388
125,1391,1516,0.1388
127,1377,1504,0.1388
129,1388,1517,0.1388
130,1387,1517,0.1388
131,1391,1522,0.1388
128,1391,1519,0.1388
128,1393,1521,0.1388
127,1391,1518,0.1388
127,1399,1526,0.1388
127,1398,1525,0.1388
126,1395,1521,0.1388
127,1402,1529,0.1388
127,1405,1532,0.1388
127,1394,1521,0.1388
124,1392,1516,0.1388
126,1385,1511,0.1388
126,1389,1515,0.1388
126,1387,1513,0.1388
126,1390,1516,0.1388
129,1403,1532,0.1388
128,1402,1530,0.1388
125,1397,1522,0.1388
126,1399,1525,0.1388
127,1391,1518,0.1388
123,1386,1509,0.1388
119,1384,1503,0.1388
120,1400,1520,0.1388
121,1386,1507,0.1388
122,1389,1511,0.1388
122,1401,1523,0.1388
123,1393,1516,0.1388
123,1390,1513,0.1388
124,1403,1527,0.1388
123,1382,1505,0.1388
123,1402,1525,0.1388
125,1406,1531,0.1388
122,1401,1523,0.1388
124,1397,1521,0.1388
126,1401,1527,0.1388
126,1389,1515,0.1388
127,1388,1515,0.1388
125,1380,1505,0.1388
123,1388,1511,0.1388
125,1391,1516,0.1388
123,1391,1514,0.1388
122,1380,1502,0.1388
125,1380,1505,0.1388
127,1388,1515,0.1388
127,1388,1515,0.1388
127,1379,1506,0.1388
130,1388,1518,0.1388
129,1386,1515,0.1388
128,1385,1513,0.1388
130,1397,1527,0.1388
130,1386,1516,0.1388
127,1386,1513,0.1388
123,1382,1505,0.1388
126,1381,1507,0.1388
123,1388,1511,0.1388
129,1396,1525,0.1388
130,1389,1519,0.1388
131,1380,1511,0.1388
127,1380,1507,0.1388
126,1379,1505,0.1388
124,1386,1510,0.1388
126,1381,1507,0.1388
123,1376,1499,0.1388
123,1370,1493,0.1388
123,1379,1502,0.1388
125,1382,1507,0.1388
124,1365,1489,0.1388
123,1384,1507,0.1388
120,1380,1500,0.1388
114,1381,1495,0.1388
114,1391,1505,0.1388
115,1399,1514,0.1388
118,1386,1504,0.1388
118,1392,1510,0.1388
125,1402,1527,0.1388
120,1400,1520,0.1388
119,1396,1515,0.1388
122,1387,1509,0.1388
122,1386,1508,0.1388
124,1378,1502,0.1388
123,1399,1522,0.1388
120,1397,1517,0.1388
123,1387,1510,0.1388
120,1376,1496,0.1388
123,1391,1514,0.1388
121,1393,1514,0.1388
120,1408,1528,0.1388
125,1408,1533,0.1388
124,1409,1533,0.1388
125,1411,1536,0.1388
124,1414,1538,0.1388
118,1411,1529,0.1388
117,1415,1532,0.1388
116,1411,1527,0.1388
116,1404,1520,0.1388
112,1413,1525,0.1388
111,1405,1516,0.1388
113,1396,1509,0.1388
113,1399,1512,0.1388
113,1390,1503,0.1388
115,1398,1513,0.1388
115,1405,1520,0.1388
114,1396,1510,0.1388
111,1401,1512,0.1388
108,1401,1509,0.1388
108,1411,1519,0.1388
108,1414,1522,0.1388
107,1414,1521,0.1388
103,1409,1512,0.1388
102,1420,1522,0.1388
98,1427,1525,0.1388
94,1417,1511,0.1388
96,1413,1509,0.1388
99,1418,1517,0.1388
95,1417,1512,0.1388
98,1421,1519,0.1388
99,1415,1514,0.1388
98,1411,1509,0.1388
98,1410,1508,0.1388
99,1392,1491,0.1388
101,1412,1513,0.1388
100,1413,1513,0.1388
100,1410,1510,0.1388
101,1426,1527,0.1388
97,1416,1513,0.1388
96,1415,1511,0.1388
96,1431,1527,0.1388
96,1434,1530,0.1388
91,1418,1509,0.1388
86,1426,1512,0.1388
87,1436,1523,0.1388
91,1439,1530,0.1388
93,1436,1529,0.1388
92,1417,1509,0.1388
90,1421,1511,0.1388
90,1417,1507,0.1388
88,1430,1518,0.1388
88,1435,1523,0.1388
89,1447,1536,0.1388
89,1438,1527,0.1388
85,1439,1524,0.1388
86,1441,1527,0.1388
84,1433,1517,0.1388
82,1428,1510,0.1388
78,1427,1505,0.1388
76,1416,1492,0.1388
78,1435,1513,0.1388
76,1442,1518,0.1388
78,1439,1517,0.1388
80,1437,1517,0.1388
76,1440,1516,0.1388
76,1431,1507,0.1388
74,1447,1521,0.1388
72,1442,1514,0.1388
72,1443,1515,0.1388
71,1446,1517,0.1388
70,1455,1525,0.1388
72,1451,1523,0.1388
68,1446,1514,0.1388
66,1452,1518,0.1388
64,1451,1515,0.1388
62,1443,1505,0.1388
65,1446,1511,0.1388
65,1457,1522,0.1388
62,1447,1509,0.1388
59,1456,1515,0.1388
59,1457,1516,0.1388
58,1448,1506,0.1388
58,1454,1512,0.1388
59,1451,1510,0.1388
58,1458,1516,0.1388
60,1452,1512,0.1388
60,1456,1516,0.1388
60,1461,1521,0.1388
58,1457,1515,0.1388
60,1462,1522,0.1388
59,1457,1516,0.1388
57,1462,1519,0.1388
57,1452,1509,0.1388
57,1456,1513,0.1388
57,1445,1502,0.1388
57,1446,1503,0.1388
55,1450,1505,0.1388
55,1458,1513,0.1388
55,1465,1520,0.1388
51,1468,1519,0.1388
55,1467,1522,0.1388
57,1471,1528,0.1388
55,1467,1522,0.1388
56,1463,1519,0.1388
52,1471,1523,0.1388
52,1457,1509,0.1388
50,1464,1514,0.1388
53,1465,1518,0.1388
50,1459,1509,0.1388
49,1473,1522,0.1388
50,1477,1527,0.1388
48,1476,1524,0.1388
47,1476,1523,0.1388
46,1481,1527,0.1388
45,1463,1508,0.1388
46,1464,1510,0.1388
44,1475,1519,0.1388
43,1461,1504,0.1388
43,1457,1500,0.1388
44,1456,1500,0.1388
45,1450,1495,0.1388
42,1471,1513,0.1388
40,1458,1498,0.1388
39,1446,1485,0.1388
40,1446,1486,0.1388
41,1453,1494,0.1388
43,1466,1509,0.1388
43,1463,1506,0.1388
41,1476,1517,0.1388
39,1476,1515,0.1388
35,1474,1509,0.1388
37,1482,1519,0.1388
34,1485,1519,0.1388
35,1475,1510,0.1388
36,1471,1507,0.1388
36,1474,1510,0.1388
37,1468,1505,0.1388
37,1481,1518,0.1388
34,1486,1520,0.1388
34,1464,1498,0.1388
34,1482,1516,0.1388
37,1481,1518,0.1388
37,1477,1514,0.1388
37,1473,1510,0.1388
37,1482,1519,0.1388
36,1485,1521,0.1388
37,1484,1521,0.1388
35,1479,1514,0.1388
35,1490,1525,0.1388
35,1494,1529,0.1388
35,1497,1532,0.1388
35,1491,1526,0.1388
31,1498,1529,0.1388
29,1494,1523,0.1388
30,1477,1507,0.1388
30,1489,1519,0.1388
31,1472,1503,0.1388
32,1488,1520,0.1388
31,1477,1508,0.1388
31,1490,1521,0.1388
32,1483,1515,0.1388
33,1475,1508,0.1388
32,1476,1508,0.1388
34,1471,1505,0.1388
36,1475,1511,0.1388
35,1480,1515,0.1388
36,1483,1519,0.1388
36,1487,1523,0.1388
34,1475,1509,0.1388
35,1478,1513,0.1388
34,1481,1515,0.1388
34,1475,1509,0.1388
33,1474,1507,0.1388
33,1475,1508,0.1388
34,1472,1506,0.1388
34,1471,1505,0.1388
34,1465,1499,0.1388
33,1472,1505,0.1388
34,1464,1498,0.1388
35,1472,1507,0.1388
37,1479,1516,0.1388
35,1470,1505,0.1388
35,1475,1510,0.1388
34,1476,1510,0.1388
37,1472,1509,0.1388
35,1475,1510,0.1388
38,1484,1522,0.1388
35,1485,1520,0.1388
34,1475,1509,0.1388
33,1480,1513,0.1388
31,1469,1500,0.1388
32,1467,1499,0.1388
32,1475,1507,0.1388
33,1486,1519,0.1388
33,1485,1518,0.1388
33,1474,1507,0.1388
31,1478,1509,0.1388
31,1473,1504,0.1388
31,1477,1508,0.1388
30,1471,1501,0.1388
27,1480,1507,0.1388
26,1480,1506,0.1388
25,1489,1514,0.1388
25,1483,1508,0.1388
25,1477,1502,0.1388
28,1483,1511,0.1388
29,1489,1518,0.1388
29,1472,1501,0.1388
28,1481,1509,0.1388
28,1494,1522,0.1388
28,1485,1513,0.1388
30,1490,1520,0.1388
28,1492,1520,0.1388
27,1489,1516,0.1388
29,1494,1523,0.1388
29,1493,1522,0.1388
29,1488,1517,0.1388
28,1482,1510,0.1388
26,1502,1528,0.1388
27,1493,1520,0.1388
28,1489,1517,0.1388
28,1494,1522,0.1388
30,1494,1524,0.1388
30,1495,1525,0.1388
30,1493,1523,0.1388
30,1496,1526,0.1388
29,1495,1524,0.1388
30,1489,1519,0.1388
30,1491,1521,0.1388
30,1493,1523,0.1388
27,1494,1521,0.1388
26,1486,1512,0.1388
27,1487,1514,0.1388
28,1504,1532,0.1388
30,1502,1532,0.1388
30,1488,1518,0.1388
29,1486,1515,0.1388
27,1492,1519,0.1388
27,1503,1530,0.1388
29,1503,1532,0.1388
28,1485,1513,0.1388
27,1494,1521,0.1388
26,1504,1530,0.1388
26,1490,1516,0.1388
28,1483,1511,0.1388
30,1489,1519,0.1388
30,1488,1518,0.1388
29,1488,1517,0.1388
30,1480,1510,0.1388
30,1490,1520,0.1388
31,1494,1525,0.1388
31,1479,1510,0.1388
30,1501,1531,0.1388
30,1504,1534,0.1388
30,1494,1524,0.1388
29,1503,1532,0.1388
30,1493,1523,0.1388
29,1502,1531,0.1388
28,1492,1520,0.1388
29,1497,1526,0.1388
29,1497,1526,0.1388
27,1500,1527,0.1388
29,1488,1517,0.1388
30,1480,1510,0.1388
29,1467,1496,0.1388
29,1472,1501,0.1388
30,1481,1511,0.1388
30,1496,1526,0.1388
30,1495,1525,0.1388
29,1492,1521,0.1388
27,1487,1514,0.1388
28,1480,1508,0.1388
29,1473,1502,0.1388
29,1478,1507,0.1388
28,1481,1509,0.1388
29,1458,1487,0.1388
25,1451,1476,0.1388
27,1469,1496,0.1388
28,1467,1495,0.1388
28,1489,1517,0.1388
28,1484,1512,0.1388
26,1473,1499,0.1388
25,1494,1519,0.1388
24,1490,1514,0.1388
25,1487,1512,0.1388
25,1486,1511,0.1388
27,1488,1515,0.1388
27,1475,1502,0.1388
28,1482,1510,0.1388
29,1475,1504,0.1388
29,1477,1506,0.1388
29,1472,1501,0.1388
29,1471,1500,0.1388
31,1491,1522,0.1388
31,1499,1530,0.1388
31,1498,1529,0.1388
31,1490,1521,0.1388
30,1490,1520,0.1388
29,1499,1528,0.1388
29,1507,1536,0.1388
29,1496,1525,0.1388
28,1494,1522,0.1388
28,1496,1524,0.1388
30,1501,1531,0.1388
30,1493,1523,0.1388
30,1498,1528,0.1388
28,1498,1526,0.1388
27,1495,1522,0.1388
24,1482,1506,0.1388
25,1493,1518,0.1388
27,1494,1521,0.1388
26,1481,1507,0.1388
27,1488,1515,0.1388
28,1487,1515,0.1388
29,1484,1513,0.1388
30,1481,1511,0.1388
27,1476,1503,0.1388
27,1487,1514,0.1388
27,1500,1527,0.1388
26,1487,1513,0.1388
23,1486,1509,0.1388
23,1497,1520,0.1388
23,1510,1533,0.1388
22,1512,1534,0.1388
21,1515,1536,0.1388
21,1515,1536,0.1388
17,1505,1522,0.1388
16,1505,1521,0.1388
16,1498,1514,0.1388
15,1502,1517,0.1388
14,1508,1522,0.1388
15,1499,1514,0.1388
15,1503,1518,0.1388
15,1505,1520,0.1388
14,1509,1523,0.1388
14,1510,1524,0.1388
13,1522,1535,0.1388
13,1507,1520,0.1388
14,1507,1521,0.1388
14,1507,1521,0.1388
14,1512,1526,0.1388
14,1521,1535,0.1388
12,1516,1528,0.1388
12,1519,1531,0.1388
13,1514,1527,0.1388
14,1498,1512,0.1388
13,1501,1514,0.1388
14,1506,1520,0.1388
14,1502,1516,0.1388
14,1509,1523,0.1388
15,1498,1513,0.1388
15,1495,1510,0.1388
16,1487,1503,0.1388
17,1487,1504,0.1388
17,1490,1507,0.1388
17,1491,1508,0.1388
15,1492,1507,0.1388
15,1499,1514,0.1388
15,1493,1508,0.1388
14,1486,1500,0.1388
14,1491,1505,0.1388
15,1491,1506,0.1388
15,1487,1502,0.1388
17,1485,1502,0.1388
16,1508,1524,0.1388
16,1514,1530,0.1388
14,1497,1511,0.1388
14,1507,1521,0.1388
14,1516,1530,0.1388
14,1511,1525,0.1388
15,1506,1521,0.1388
16,1505,1521,0.1388
15,1508,1523,0.1388
15,1493,1508,0.1388
15,1489,1504,0.1388
16,1503,1519,0.1388
15,1499,1514,0.1388
16,1504,1520,0.1388
17,1497,1514,0.1388
18,1479,1497,0.1388
18,1482,1500,0.1388
18,1493,1511,0.1388
18,1483,1501,0.1388
18,1495,1513,0.1388
17,1494,1511,0.1388
17,1491,1508,0.1388
17,1503,1520,0.1388
17,1501,1518,0.1388
17,1505,1522,0.1388
16,1486,1502,0.1388
16,1488,1504,0.1388
17,1493,1510,0.1388
15,1490,1505,0.1388
15,1489,1504,0.1388
15,1496,1511,0.1388
14,1493,1507,0.1388
15,1493,1508,0.1388
15,1496,1511,0.1388
15,1501,1516,0.1388
16,1516,1532,0.1388
15,1509,1524,0.1388
15,1506,1521,0.1388
15,1501,1516,0.1388
15,1515,1530,0.1388
14,1507,1521,0.1388
12,1508,1520,0.1388
12,1499,1511,0.1388
12,1500,1512,0.1388
11,1497,1508,0.1388
11,1490,1501,0.1388
10,1491,1501,0.1388
10,1489,1499,0.1388
10,1492,1502,0.1388
10,1492,1502,0.1388
10,1500,1510,0.1388
10,1494,1504,0.1388
10,1502,1512,0.1388
10,1497,1507,0.1388
11,1509,1520,0.1388
11,1511,1522,0.1388
10,1500,1510,0.1388
10,1515,1525,0.1388
10,1504,1514,0.1388
10,1513,1523,0.1388
10,1520,1530,0.1388
10,1516,1526,0.1388
10,1513,1523,0.1388
11,1507,1518,0.1388
11,1509,1520,0.1388
11,1501,1512,0.1388
11,1500,1511,0.1388
11,1505,1516,0.1388
11,1509,1520,0.1388
11,1509,1520,0.1388
11,1509,1520,0.1388
11,1517,1528,0.1388
12,1511,1523,0.1388
12,1521,1533,0.1388
11,1517,1528,0.1388
11,1513,1524,0.1388
10,1515,1525,0.1388
11,1495,1506,0.1388
11,1495,1506,0.1388
11,1496,1507,0.1388
11,1505,1516,0.1388
11,1507,1518,0.1388
12,1504,1516,0.1388
12,1503,1515,0.1388
13,1510,1523,0.1388
13,1504,1517,0.1388
11,1514,1525,0.1388
11,1508,1519,0.1388
10,1499,1509,0.1388
10,1500,1510,0.1388
9,1512,1521,0.1388
9,1515,1524,0.1388
10,1511,1521,0.1388
10,1519,1529,0.1388
11,1511,1522,0.1388
10,1516,1526,0.1388
10,1510,1520,0.1388
10,1504,1514,0.1388
10,1507,1517,0.1388
10,1507,1517,0.1388
11,1509,1520,0.1388
11,1508,1519,0.1388
11,1498,1509,0.1388
11,1501,1512,0.1388
13,1506,1519,0.1388
14,1504,1518,0.1388
14,1493,1507,0.1388
14,1503,1517,0.1388
14,1505,1519,0.1388
14,1497,1511,0.1388
16,1507,1523,0.1388
17,1507,1524,0.1388
17,1504,1521,0.1388
17,1493,1510,0.1388
15,1492,1507,0.1388
15,1483,1498,0.1388
13,1479,1492,0.1388
14,1491,1505,0.1388
15,1494,1509,0.1388
14,1497,1511,0.1388
13,1501,1514,0.1388
13,1495,1508,0.1388
13,1500,1513,0.1388
12,1494,1506,0.1388
11,1486,1497,0.1388
11,1488,1499,0.1388
11,1496,1507,0.1388
11,1501,1512,0.1388
11,1496,1507,0.1388
11,1492,1503,0.1388
11,1517,1528,0.1388
11,1511,1522,0.1388
11,1506,1517,0.1388
10,1501,1511,0.1388
10,1505,1515,0.1388
11,1502,1513,0.1388
12,1506,1518,0.1388
12,1507,1519,0.1388
13,1507,1520,0.1388
12,1501,1513,0.1388
11,1506,1517,0.1388
10,1493,1503,0.1388
10,1483,1493,0.1388
9,1490,1499,0.1388
9,1507,1516,0.1388
10,1510,1520,0.1388
10,1511,1521,0.1388
10,1507,1517,0.1388
8,1509,1517,0.1388
9,1512,1521,0.1388
10,1490,1500,0.1388
9,1502,1511,0.1388
9,1513,1522,0.1388
9,1512,1521,0.1388
9,1512,1521,0.1388
9,1501,1510,0.1388
9,1493,1502,0.1388
9,1498,1507,0.1388
9,1499,1508,0.1388
9,1500,1509,0.1388
9,1515,1524,0.1388
9,1511,1520,0.1388
9,1507,1516,0.1388
9,1517,1526,0.1388
9,1512,1521,0.1388
9,1502,1511,0.1388
9,1513,1522,0.1388
9,1515,1524,0.1388
9,1503,1512,0.1388
9,1503,1512,0.1388
9,1504,1513,0.1388
6,1499,1505,0.1388
6,1495,1501,0.1388
6,1489,1495,0.1388
6,1502,1508,0.1388
7,1498,1505,0.1388
7,1507,1514,0.1388
7,1516,1523,0.1388
7,1509,1516,0.1388
7,1524,1531,0.1388
6,1509,1515,0.1388
6,1517,1523,0.1388
5,1520,1525,0.1388
5,1525,1530,0.1388
5,1521,1526,0.1388
5,1520,1525,0.1388
4,1515,1519,0.1388
4,1513,1517,0.1388
4,1514,1518,0.1388
4,1513,1517,0.1388
4,1499,1503,0.1388
5,1508,1513,0.1388
5,1506,1511,0.1388
4,1510,1514,0.1388
4,1516,1520,0.1388
4,1514,1518,0.1388
4,1507,1511,0.1388
4,1510,1514,0.1388
4,1511,1515,0.1388
4,1502,1506,0.1388
4,1499,1503,0.1388
4,1511,1515,0.1388
4,1513,1517,0.1388
4,1508,1512,0.1388
4,1506,1510,0.1388
4,1519,1523,0.1388
4,1508,1512,0.1388
4,1493,1497,0.1388
3,1487,1490,0.1388
4,1498,1502,0.1388
4,1509,1513,0.1388
4,1514,1518,0.1388
4,1513,1517,0.1388
3,1514,1517,0.1388
3,1511,1514,0.1388
3,1510,1513,0.1388
4,1509,1513,0.1388
4,1507,1511,0.1388
4,1514,1518,0.1388
4,1516,1520,0.1388
4,1511,1515,0.1388
4,1510,1514,0.1388
4,1508,1512,0.1388
4,1503,1507,0.1388
4,1509,1513,0.1388
4,1515,1519,0.1388
4,1522,1526,0.1388
3,1521,1524,0.1388
2,1519,1521,0.1388
2,1511,1513,0.1388
2,1516,1518,0.1388
2,1522,1524,0.1388
2,1514,1516,0.1388
2,1522,1524,0.1388
2,1510,1512,0.1388
2,1516,1518,0.1388
2,1523,1525,0.1388
2,1513,1515,0.1388
2,1525,1527,0.1388
1,1523,1524,0.1388
1,1523,1524,0.1388
1,1523,1524,0.1388
1,1507,1508,0.1388
1,1509,1510,0.1388
1,1506,1507,0.1388
1,1508,1509,0.1388
1,1529,1530,0.1388
1,1528,1529,0.1388
1,1513,1514,0.1388
1,1516,1517,0.1388
1,1502,1503,0.1388
1,1509,1510,0.1388
1,1512,1513,0.1388
1,1511,1512,0.1388
1,1501,1502,0.1388
1,1488,1489,0.1388
1,1500,1501,0.1388
1,1510,1511,0.1388
1,1516,1517,0.1388
1,1513,1514,0.1388
1,1509,1510,0.1388
1,1517,1518,0.1388
1,1511,1512,0.1388
1,1520,1521,0.1388
1,1520,1521,0.1388
1,1521,1522,0.1388
1,1520,1521,0.1388
1,1518,1519,0.1388
1,1517,1518,0.1388
0,1518,1518,0.1388
