1367,27,1394,0.1388
1404,32,1436,0.1388
1418,34,1452,0.1388
1434,34,1468,0.1388
1454,35,1489,0.1388
1444,36,1480,0.1388
1435,36,1471,0.1388
1451,35,1486,0.1388
1447,38,1485,0.1388
1453,40,1493,0.1388
1447,40,1487,0.1388
1451,39,1490,0.1388
1449,38,1487,0.1388
1453,37,1490,0.1388
1453,39,1492,0.1388
1439,40,1479,0.1388
1447,39,1486,0.1388
1455,40,1495,0.1388
1454,37,1491,0.1388
1453,37,1490,0.1388
1446,39,1485,0.1388
1453,38,1491,0.1388
1460,39,1499,0.1388
1464,39,1503,0.1388
1455,36,1491,0.1388
1455,37,1492,0.1388
1473,38,1511,0.1388
1474,38,1512,0.1388
1458,37,1495,0.1388
1454,41,1495,0.1388
1455,43,1498,0.1388
1460,44,1504,0.1388
1461,43,1504,0.1388
1463,41,1504,0.1388
1468,41,1509,0.1388
1470,39,1509,0.1388
1466,39,1505,0.1388
1459,37,1496,0.1388
1451,41,1492,0.1388
1442,43,1485,0.1388
1450,40,1490,0.1388
1439,38,1477,0.1388
1442,38,1480,0.1388
1440,36,1476,0.1388
1433,35,1468,0.1388
1433,35,1468,0.1388
1429,35,1464,0.1388
1436,36,1472,0.1388
1435,37,1472,0.1388
1443,38,1481,0.1388
1459,36,1495,0.1388
1458,36,1494,0.1388
1452,36,1488,0.1388
1453,37,1490,0.1388
1457,35,1492,0.1388
1461,38,1499,0.1388
1456,37,1493,0.1388
1453,35,1488,0.1388
1448,35,1483,0.1388
1446,35,1481,0.1388
1442,31,1473,0.1388
1447,33,1480,0.1388
1449,35,1484,0.1388
1459,34,1493,0.1388
1443,35,1478,0.1388
1444,36,1480,0.1388
1443,37,1480,0.1388
1440,38,1478,0.1388
1454,39,1493,0.1388
1446,37,1483,0.1388
1440,38,1478,0.1388
1451,44,1495,0.1388
1452,44,1496,0.1388
1452,43,1495,0.1388
1456,43,1499,0.1388
1462,42,1504,0.1388
1462,43,1505,0.1388
1449,43,1492,0.1388
1452,41,1493,0.1388
1440,41,1481,0.1388
1444,41,1485,0.1388
1460,40,1500,0.1388
1461,41,1502,0.1388
1454,38,1492,0.1388
1460,38,1498,0.1388
1463,39,1502,0.1388
1460,38,1498,0.1388
1457,40,1497,0.1388
1452,40,1492,0.1388
1452,40,1492,0.1388
1443,41,1484,0.1388
1442,43,1485,0.1388
1424,45,1469,0.1388
1428,47,1475,0.1388
1438,49,1487,0.1388
1430,47,1477,0.1388
1413,46,1459,0.1388
1428,49,1477,0.1388
1439,46,1485,0.1388
1434,44,1478,0.1388
1438,44,1482,0.1388
1437,45,1482,0.1388
1440,43,1483,0.1388
1422,45,1467,0.1388
1427,45,1472,0.1388
1436,46,1482,0.1388
1441,45,1486,0.1388
1434,43,1477,0.1388
1446,42,1488,0.1388
1437,41,1478,0.1388
1452,43,1495,0.1388
1446,40,1486,0.1388
1448,41,1489,0.1388
1451,41,1492,0.1388
1444,41,1485,0.1388
1438,40,1478,0.1388
1440,42,1482,0.1388
1440,41,1481,0.1388
1461,40,1501,0.1388
1451,39,1490,0.1388
1452,39,1491,0.1388
1441,41,1482,0.1388
1449,41,1490,0.1388
1445,44,1489,0.1388
1455,47,1502,0.1388
1449,47,1496,0.1388
1452,48,1500,0.1388
1446,48,1494,0.1388
1446,48,1494,0.1388
1448,51,1499,0.1388
1447,51,1498,0.1388
1438,50,1488,0.1388
1432,48,1480,0.1388
1424,46,1470,0.1388
1432,45,1477,0.1388
1434,45,1479,0.1388
1446,43,1489,0.1388
1453,42,1495,0.1388
1464,42,1506,0.1388
1445,42,1487,0.1388
1445,43,1488,0.1388
1445,40,1485,0.1388
1456,42,1498,0.1388
1460,43,1503,0.1388
1449,42,1491,0.1388
1441,44,1485,0.1388
1430,42,1472,0.1388
1438,41,1479,0.1388
1450,40,1490,0.1388
1447,40,1487,0.1388
1446,40,1486,0.1388
1447,39,1486,0.1388
1444,40,1484,0.1388
1436,39,1475,0.1388
1460,39,1499,0.1388
1465,38,1503,0.1388
1471,39,1510,0.1388
1466,40,1506,0.1388
1471,40,1511,0.1388
1451,43,1494,0.1388
1457,43,1500,0.1388
1447,44,1491,0.1388
1445,44,1489,0.1388
1444,44,1488,0.1388
1448,45,1493,0.1388
1443,46,1489,0.1388
1445,46,1491,0.1388
1459,43,1502,0.1388
1453,43,1496,0.1388
1450,46,1496,0.1388
1449,46,1495,0.1388
1456,46,1502,0.1388
1461,49,1510,0.1388
1441,49,1490,0.1388
1440,50,1490,0.1388
1432,50,1482,0.1388
1437,52,1489,0.1388
1433,53,1486,0.1388
1439,52,1491,0.1388
1430,54,1484,0.1388
1428,57,1485,0.1388
1437,58,1495,0.1388
1446,56,1502,0.1388
1440,53,1493,0.1388
1445,51,1496,0.1388
1439,52,1491,0.1388
1441,52,1493,0.1388
1442,54,1496,0.1388
1444,53,1497,0.1388
1454,54,1508,0.1388
1450,57,1507,0.1388
1459,54,1513,0.1388
1449,55,1504,0.1388
1456,55,1511,0.1388
1456,57,1513,0.1388
1431,54,1485,0.1388
1428,57,1485,0.1388
1426,56,1482,0.1388
1430,57,1487,0.1388
1434,57,1491,0.1388
1434,56,1490,0.1388
1433,55,1488,0.1388
1432,55,1487,0.1388
1422,55,1477,0.1388
1436,58,1494,0.1388
1435,57,1492,0.1388
1440,58,1498,0.1388
1442,60,1502,0.1388
1440,60,1500,0.1388
1440,57,1497,0.1388
1442,54,1496,0.1388
1441,54,1495,0.1388
1442,51,1493,0.1388
1442,47,1489,0.1388
1443,49,1492,0.1388
1441,51,1492,0.1388
1444,52,1496,0.1388
1443,49,1492,0.1388
1432,51,1483,0.1388
1434,51,1485,0.1388
1427,49,1476,0.1388
1439,49,1488,0.1388
1433,53,1486,0.1388
1430,53,1483,0.1388
1436,55,1491,0.1388
1447,60,1507,0.1388
1441,59,1500,0.1388
1432,56,1488,0.1388
1438,56,1494,0.1388
1429,56,1485,0.1388
1424,52,1476,0.1388
1433,51,1484,0.1388
1434,52,1486,0.1388
1436,55,1491,0.1388
1452,55,1507,0.1388
1444,56,1500,0.1388
1441,56,1497,0.1388
1443,53,1496,0.1388
1448,56,1504,0.1388
1451,57,1508,0.1388
1447,55,1502,0.1388
1448,55,1503,0.1388
1441,52,1493,0.1388
1443,54,1497,0.1388
1418,55,1473,0.1388
1422,57,1479,0.1388
1433,58,1491,0.1388
1424,60,1484,0.1388
1422,60,1482,0.1388
1419,58,1477,0.1388
1426,61,1487,0.1388
1425,63,1488,0.1388
1427,63,1490,0.1388
1418,64,1482,0.1388
1432,66,1498,0.1388
1432,65,1497,0.1388
1424,66,1490,0.1388
1427,64,1491,0.1388
1430,63,1493,0.1388
1435,65,1500,0.1388
1440,64,1504,0.1388
1441,65,1506,0.1388
1428,64,1492,0.1388
1420,64,1484,0.1388
1419,63,1482,0.1388
1423,64,1487,0.1388
1435,61,1496,0.1388
1430,62,1492,0.1388
1428,61,1489,0.1388
1438,61,1499,0.1388
1431,60,1491,0.1388
1432,58,1490,0.1388
1428,58,1486,0.1388
1435,62,1497,0.1388
1438,60,1498,0.1388
1446,60,1506,0.1388
1447,59,1506,0.1388
1432,60,1492,0.1388
1442,59,1501,0.1388
1441,59,1500,0.1388
1449,59,1508,0.1388
1445,63,1508,0.1388
1436,65,1501,0.1388
1443,65,1508,0.1388
1429,64,1493,0.1388
1432,66,1498,0.1388
1441,67,1508,0.1388
1431,69,1500,0.1388
1429,70,1499,0.1388
1421,71,1492,0.1388
1436,72,1508,0.1388
1424,73,1497,0.1388
1416,70,1486,0.1388
1417,74,1491,0.1388
1422,74,1496,0.1388
1419,76,1495,0.1388
1419,80,1499,0.1388
1428,79,1507,0.1388
1422,78,1500,0.1388
1427,79,1506,0.1388
1421,81,1502,0.1388
1413,84,1497,0.1388
1418,85,1503,0.1388
1421,84,1505,0.1388
1413,87,1500,0.1388
1402,86,1488,0.1388
1397,89,1486,0.1388
1398,91,1489,0.1388
1414,90,1504,0.1388
1418,89,1507,0.1388
1422,89,1511,0.1388
1404,88,1492,0.1388
1400,90,1490,0.1388
1400,92,1492,0.1388
1399,92,1491,0.1388
1393,94,1487,0.1388
1401,96,1497,0.1388
1408,96,1504,0.1388
1405,95,1500,0.1388
1409,94,1503,0.1388
1407,95,1502,0.1388
1406,96,1502,0.1388
1401,92,1493,0.1388
1388,92,1480,0.1388
1398,92,1490,0.1388
1390,90,1480,0.1388
1391,89,1480,0.1388
1398,88,1486,0.1388
1397,91,1488,0.1388
1402,91,1493,0.1388
1399,94,1493,0.1388
1398,95,1493,0.1388
1407,96,1503,0.1388
1404,94,1498,0.1388
1394,92,1486,0.1388
1402,93,1495,0.1388
1396,93,1489,0.1388
1397,96,1493,0.1388
1395,97,1492,0.1388
1403,100,1503,0.1388
1400,99,1499,0.1388
1397,99,1496,0.1388
1396,101,1497,0.1388
1404,102,1506,0.1388
1390,99,1489,0.1388
1388,103,1491,0.1388
1382,106,1488,0.1388
1385,110,1495,0.1388
1386,106,1492,0.1388
1382,107,1489,0.1388
1371,106,1477,0.1388
1387,103,1490,0.1388
1375,101,1476,0.1388
1386,99,1485,0.1388
1375,100,1475,0.1388
1373,104,1477,0.1388
1384,103,1487,0.1388
1367,102,1469,0.1388
1371,102,1473,0.1388
1381,104,1485,0.1388
1397,103,1500,0.1388
1389,100,1489,0.1388
1396,98,1494,0.1388
1393,104,1497,0.1388
1390,107,1497,0.1388
1380,106,1486,0.1388
1384,105,1489,0.1388
1395,105,1500,0.1388
1384,107,1491,0.1388
1394,105,1499,0.1388
1398,104,1502,0.1388
1397,101,1498,0.1388
1395,102,1497,0.1388
1397,105,1502,0.1388
1388,108,1496,0.1388
1386,109,1495,0.1388
1399,110,1509,0.1388
1393,111,1504,0.1388
1388,108,1496,0.1388
1385,108,1493,0.1388
1382,109,1491,0.1388
1379,109,1488,0.1388
1370,110,1480,0.1388
1383,108,1491,0.1388
1386,108,1494,0.1388
1391,108,1499,0.1388
1383,110,1493,0.1388
1376,111,1487,0.1388
1382,102,1484,0.1388
1370,103,1473,0.1388
1377,101,1478,0.1388
1384,101,1485,0.1388
1391,106,1497,0.1388
1388,106,1494,0.1388
1375,103,1478,0.1388
1388,108,1496,0.1388
1390,109,1499,0.1388
1386,112,1498,0.1388
1385,113,1498,0.1388
1383,115,1498,0.1388
1384,118,1502,0.1388
1368,118,1486,0.1388
1371,119,1490,0.1388
1379,117,1496,0.1388
1382,116,1498,0.1388
1377,117,1494,0.1388
1360,115,1475,0.1388
1359,116,1475,0.1388
1362,120,1482,0.1388
1373,120,1493,0.1388
1372,120,1492,0.1388
1367,121,1488,0.1388
1383,122,1505,0.1388
1381,124,1505,0.1388
1369,124,1493,0.1388
1371,123,1494,0.1388
1372,128,1500,0.1388
1371,126,1497,0.1388
1368,124,1492,0.1388
1362,120,1482,0.1388
1366,122,1488,0.1388
1362,126,1488,0.1388
1369,128,1497,0.1388
1368,126,1494,0.1388
1378,125,1503,0.1388
1380,125,1505,0.1388
1389,124,1513,0.1388
1383,124,1507,0.1388
1371,125,1496,0.1388
1353,125,1478,0.1388
1373,133,1506,0.1388
1350,134,1484,0.1388
1362,134,1496,0.1388
1354,133,1487,0.1388
1348,133,1481,0.1388
1355,131,1486,0.1388
1354,134,1488,0.1388
1367,136,1503,0.1388
1356,137,1493,0.1388
1348,134,1482,0.1388
1335,136,1471,0.1388
1336,133,1469,0.1388
1348,135,1483,0.1388
1350,138,1488,0.1388
1366,139,1505,0.1388
1373,135,1508,0.1388
1371,140,1511,0.1388
1365,143,1508,0.1388
1368,141,1509,0.1388
1350,138,1488,0.1388
1348,139,1487,0.1388
1346,140,1486,0.1388
1346,138,1484,0.1388
1367,137,1504,0.1388
1363,134,1497,0.1388
1358,139,1497,0.1388
1353,142,1495,0.1388
1343,141,1484,0.1388
1353,142,1495,0.1388
1358,142,1500,0.1388
1345,140,1485,0.1388
1345,147,1492,0.1388
1343,149,1492,0.1388
1366,147,1513,0.1388
1366,149,1515,0.1388
1352,152,1504,0.1388
1346,152,1498,0.1388
1347,148,1495,0.1388
1351,154,1505,0.1388
1348,156,1504,0.1388
1338,159,1497,0.1388
1340,154,1494,0.1388
1331,154,1485,0.1388
1343,157,1500,0.1388
1338,154,1492,0.1388
1347,157,1504,0.1388
1351,156,1507,0.1388
1330,154,1484,0.1388
1323,155,1478,0.1388
1323,160,1483,0.1388
1344,159,1503,0.1388
1325,158,1483,0.1388
1319,163,1482,0.1388
1317,163,1480,0.1388
1320,162,1482,0.1388
1321,171,1492,0.1388
1309,169,1478,0.1388
1301,165,1466,0.1388
1294,165,1459,0.1388
1290,167,1457,0.1388
1305,163,1468,0.1388
1305,171,1476,0.1388
1312,175,1487,0.1388
1319,175,1494,0.1388
1316,172,1488,0.1388
1327,170,1497,0.1388
1318,173,1491,0.1388
1312,170,1482,0.1388
1309,170,1479,0.1388
1315,172,1487,0.1388
1323,171,1494,0.1388
1314,174,1488,0.1388
1313,176,1489,0.1388
1323,174,1497,0.1388
1326,173,1499,0.1388
1320,173,1493,0.1388
1318,175,1493,0.1388
1319,173,1492,0.1388
1321,176,1497,0.1388
1316,181,1497,0.1388
1310,179,1489,0.1388
1311,176,1487,0.1388
1306,183,1489,0.1388
1304,186,1490,0.1388
1298,185,1483,0.1388
1301,183,1484,0.1388
1307,181,1488,0.1388
1305,183,1488,0.1388
1312,186,1498,0.1388
1309,190,1499,0.1388
1318,181,1499,0.1388
1319,178,1497,0.1388
1322,179,1501,0.1388
1318,177,1495,0.1388
1320,176,1496,0.1388
1317,180,1497,0.1388
1319,179,1498,0.1388
1319,182,1501,0.1388
1317,185,1502,0.1388
1316,186,1502,0.1388
1326,192,1518,0.1388
1327,187,1514,0.1388
1325,186,1511,0.1388
1323,187,1510,0.1388
1321,185,1506,0.1388
1328,188,1516,0.1388
1325,188,1513,0.1388
1313,187,1500,0.1388
1294,187,1481,0.1388
1313,188,1501,0.1388
1316,189,1505,0.1388
1328,191,1519,0.1388
1317,190,1507,0.1388
1323,188,1511,0.1388
1311,184,1495,0.1388
1310,183,1493,0.1388
1301,186,1487,0.1388
1296,185,1481,0.1388
1290,185,1475,0.1388
1285,190,1475,0.1388
1289,190,1479,0.1388
1297,190,1487,0.1388
1300,194,1494,0.1388
1304,193,1497,0.1388
1315,191,1506,0.1388
1303,192,1495,0.1388
1283,193,1476,0.1388
1290,191,1481,0.1388
1288,191,1479,0.1388
1287,195,1482,0.1388
1293,196,1489,0.1388
1297,203,1500,0.1388
1301,202,1503,0.1388
1292,204,1496,0.1388
1288,210,1498,0.1388
1289,209,1498,0.1388
1271,214,1485,0.1388
1283,214,1497,0.1388
1274,211,1485,0.1388
1273,215,1488,0.1388
1274,214,1488,0.1388
1279,216,1495,0.1388
1278,217,1495,0.1388
1283,219,1502,0.1388
1276,217,1493,0.1388
1267,219,1486,0.1388
1264,221,1485,0.1388
1275,217,1492,0.1388
1275,222,1497,0.1388
1274,222,1496,0.1388
1276,222,1498,0.1388
1267,219,1486,0.1388
1257,216,1473,0.1388
1270,219,1489,0.1388
1277,219,1496,0.1388
1274,219,1493,0.1388
1281,222,1503,0.1388
1279,229,1508,0.1388
1281,227,1508,0.1388
1281,222,1503,0.1388
1282,222,1504,0.1388
1289,227,1516,0.1388
1280,225,1505,0.1388
1279,224,1503,0.1388
1276,227,1503,0.1388
1267,229,1496,0.1388
1265,227,1492,0.1388
1272,228,1500,0.1388
1274,227,1501,0.1388
1264,232,1496,0.1388
1264,233,1497,0.1388
1267,233,1500,0.1388
1271,236,1507,0.1388
1265,236,1501,0.1388
1273,229,1502,0.1388
1269,228,1497,0.1388
1269,225,1494,0.1388
1258,224,1482,0.1388
1259,227,1486,0.1388
1265,231,1496,0.1388
1252,237,1489,0.1388
1256,241,1497,0.1388
1248,236,1484,0.1388
1238,233,1471,0.1388
1243,235,1478,0.1388
1256,236,1492,0.1388
1251,233,1484,0.1388
1251,232,1483,0.1388
1261,232,1493,0.1388
1259,231,1490,0.1388
1265,232,1497,0.1388
1263,230,1493,0.1388
1261,233,1494,0.1388
1252,232,1484,0.1388
1259,231,1490,0.1388
1256,228,1484,0.1388
1247,224,1471,0.1388
1246,228,1474,0.1388
1253,235,1488,0.1388
1259,237,1496,0.1388
1261,228,1489,0.1388
1265,236,1501,0.1388
1268,240,1508,0.1388
1271,242,1513,0.1388
1262,242,1504,0.1388
1261,245,1506,0.1388
1244,247,1491,0.1388
1243,244,1487,0.1388
1239,247,1486,0.1388
1249,247,1496,0.1388
1234,248,1482,0.1388
1232,245,1477,0.1388
1247,242,1489,0.1388
1257,246,1503,0.1388
1266,239,1505,0.1388
1265,240,1505,0.1388
1260,249,1509,0.1388
1260,252,1512,0.1388
1252,253,1505,0.1388
1260,247,1507,0.1388
1246,250,1496,0.1388
1252,252,1504,0.1388
1248,252,1500,0.1388
1243,254,1497,0.1388
1236,253,1489,0.1388
1236,253,1489,0.1388
1221,253,1474,0.1388
1223,252,1475,0.1388
1229,249,1478,0.1388
1240,250,1490,0.1388
1240,250,1490,0.1388
1240,255,1495,0.1388
1238,261,1499,0.1388
1235,260,1495,0.1388
1252,259,1511,0.1388
1257,259,1516,0.1388
1250,260,1510,0.1388
1243,262,1505,0.1388
1247,265,1512,0.1388
1233,271,1504,0.1388
1222,271,1493,0.1388
1221,267,1488,0.1388
1217,273,1490,0.1388
1213,272,1485,0.1388
1222,270,1492,0.1388
1216,273,1489,0.1388
1224,273,1497,0.1388
1229,279,1508,0.1388
1218,279,1497,0.1388
1211,282,1493,0.1388
1215,280,1495,0.1388
1217,285,1502,0.1388
1228,283,1511,0.1388
1230,275,1505,0.1388
1234,280,1514,0.1388
1232,281,1513,0.1388
1232,274,1506,0.1388
1216,282,1498,0.1388
1222,285,1507,0.1388
1222,285,1507,0.1388
1229,289,1518,0.1388
1225,288,1513,0.1388
1219,287,1506,0.1388
1222,284,1506,0.1388
1222,284,1506,0.1388
1227,278,1505,0.1388
1226,278,1504,0.1388
1224,277,1501,0.1388
1210,285,1495,0.1388
1207,278,1485,0.1388
1214,279,1493,0.1388
1210,282,1492,0.1388
1214,290,1504,0.1388
1216,285,1501,0.1388
1202,289,1491,0.1388
1214,291,1505,0.1388
1194,292,1486,0.1388
1189,293,1482,0.1388
1198,295,1493,0.1388
1205,297,1502,0.1388
1195,303,1498,0.1388
1195,303,1498,0.1388
1207,304,1511,0.1388
1199,298,1497,0.1388
1189,304,1493,0.1388
1187,298,1485,0.1388
1183,298,1481,0.1388
1192,305,1497,0.1388
1179,305,1484,0.1388
1186,304,1490,0.1388
1173,301,1474,0.1388
1174,305,1479,0.1388
1186,305,1491,0.1388
1192,305,1497,0.1388
1177,305,1482,0.1388
1183,307,1490,0.1388
1175,307,1482,0.1388
1188,306,1494,0.1388
1195,308,1503,0.1388
1208,303,1511,0.1388
1206,304,1510,0.1388
1194,306,1500,0.1388
1190,302,1492,0.1388
1203,305,1508,0.1388
1207,303,1510,0.1388
1204,305,1509,0.1388
1195,313,1508,0.1388
1186,316,1502,0.1388
1196,318,1514,0.1388
1186,318,1504,0.1388
1187,314,1501,0.1388
1175,315,1490,0.1388
1176,315,1491,0.1388
1181,314,1495,0.1388
1185,320,1505,0.1388
1187,312,1499,0.1388
1193,309,1502,0.1388
1186,312,1498,0.1388
1176,311,1487,0.1388
1187,313,1500,0.1388
1180,312,1492,0.1388
1185,315,1500,0.1388
1189,317,1506,0.1388
1182,322,1504,0.1388
1171,323,1494,0.1388
1170,331,1501,0.1388
1168,328,1496,0.1388
1156,321,1477,0.1388
1154,320,1474,0.1388
1184,324,1508,0.1388
1188,323,1511,0.1388
1185,319,1504,0.1388
1199,320,1519,0.1388
1196,320,1516,0.1388
1178,320,1498,0.1388
1181,320,1501,0.1388
1193,324,1517,0.1388
1191,321,1512,0.1388
1196,327,1523,0.1388
1193,327,1520,0.1388
1189,331,1520,0.1388
1177,329,1506,0.1388
1182,327,1509,0.1388
1181,329,1510,0.1388
1184,324,1508,0.1388
1189,320,1509,0.1388
1183,327,1510,0.1388
1181,321,1502,0.1388
1182,323,1505,0.1388
1172,317,1489,0.1388
1165,323,1488,0.1388
1166,323,1489,0.1388
1162,325,1487,0.1388
1159,336,1495,0.1388
1166,341,1507,0.1388
1171,339,1510,0.1388
1165,339,1504,0.1388
1168,338,1506,0.1388
1174,342,1516,0.1388
1178,342,1520,0.1388
1173,341,1514,0.1388
1175,336,1511,0.1388
1170,334,1504,0.1388
1159,330,1489,0.1388
1149,329,1478,0.1388
1149,330,1479,0.1388
1158,334,1492,0.1388
1160,337,1497,0.1388
1154,335,1489,0.1388
1155,334,1489,0.1388
1152,334,1486,0.1388
1148,334,1482,0.1388
1151,340,1491,0.1388
1148,336,1484,0.1388
1154,339,1493,0.1388
1165,341,1506,0.1388
1156,338,1494,0.1388
1162,340,1502,0.1388
1159,345,1504,0.1388
1145,347,1492,0.1388
1146,346,1492,0.1388
1148,348,1496,0.1388
1138,349,1487,0.1388
1150,350,1500,0.1388
1147,349,1496,0.1388
1144,350,1494,0.1388
1147,347,1494,0.1388
1147,347,1494,0.1388
1148,349,1497,0.1388
1147,349,1496,0.1388
1150,352,1502,0.1388
1140,346,1486,0.1388
1150,342,1492,0.1388
1159,346,1505,0.1388
1145,343,1488,0.1388
1145,345,1490,0.1388
1135,354,1489,0.1388
1143,355,1498,0.1388
1143,351,1494,0.1388
1131,356,1487,0.1388
1133,365,1498,0.1388
1136,363,1499,0.1388
1121,361,1482,0.1388
1137,353,1490,0.1388
1151,355,1506,0.1388
1161,346,1507,0.1388
1154,350,1504,0.1388
1154,351,1505,0.1388
1160,355,1515,0.1388
1140,361,1501,0.1388
1142,362,1504,0.1388
1131,366,1497,0.1388
1132,367,1499,0.1388
1130,358,1488,0.1388
1119,358,1477,0.1388
1126,361,1487,0.1388
1127,369,1496,0.1388
1129,368,1497,0.1388
1130,367,1497,0.1388
1132,368,1500,0.1388
1131,373,1504,0.1388
1133,374,1507,0.1388
1142,367,1509,0.1388
1125,377,1502,0.1388
1122,378,1500,0.1388
1118,370,1488,0.1388
1126,363,1489,0.1388
1127,373,1500,0.1388
1127,368,1495,0.1388
1143,366,1509,0.1388
1154,362,1516,0.1388
1151,364,1515,0.1388
1146,363,1509,0.1388
1133,364,1497,0.1388
1126,375,1501,0.1388
1134,374,1508,0.1388
1140,371,1511,0.1388
1137,377,1514,0.1388
1127,380,1507,0.1388
1129,378,1507,0.1388
1124,376,1500,0.1388
1113,372,1485,0.1388
1112,372,1484,0.1388
1118,377,1495,0.1388
1118,379,1497,0.1388
1110,371,1481,0.1388
1121,378,1499,0.1388
1127,373,1500,0.1388
1114,376,1490,0.1388
1124,374,1498,0.1388
1135,369,1504,0.1388
1120,379,1499,0.1388
1119,377,1496,0.1388
1122,383,1505,0.1388
1117,387,1504,0.1388
1114,379,1493,0.1388
1113,380,1493,0.1388
1120,384,1504,0.1388
1130,388,1518,0.1388
1114,391,1505,0.1388
1113,392,1505,0.1388
1114,386,1500,0.1388
1115,385,1500,0.1388
1117,390,1507,0.1388
1124,389,1513,0.1388
1118,381,1499,0.1388
1110,389,1499,0.1388
1108,387,1495,0.1388
1108,386,1494,0.1388
1108,390,1498,0.1388
1114,394,1508,0.1388
1113,397,1510,0.1388
1102,393,1495,0.1388
1106,389,1495,0.1388
1106,389,1495,0.1388
1099,400,1499,0.1388
1102,394,1496,0.1388
1098,408,1506,0.1388
1099,406,1505,0.1388
1098,410,1508,0.1388
1084,406,1490,0.1388
1098,408,1506,0.1388
1100,405,1505,0.1388
1102,403,1505,0.1388
1095,409,1504,0.1388
1086,419,1505,0.1388
1094,413,1507,0.1388
1093,406,1499,0.1388
1094,409,1503,0.1388
1088,408,1496,0.1388
1085,412,1497,0.1388
1069,411,1480,0.1388
1078,415,1493,0.1388
1085,424,1509,0.1388
1096,425,1521,0.1388
1085,425,1510,0.1388
1090,421,1511,0.1388
1083,421,1504,0.1388
1089,424,1513,0.1388
1075,424,1499,0.1388
1084,431,1515,0.1388
1081,437,1518,0.1388
1081,435,1516,0.1388
1083,435,1518,0.1388
1072,434,1506,0.1388
1075,430,1505,0.1388
1074,434,1508,0.1388
1077,436,1513,0.1388
1077,438,1515,0.1388
1078,437,1515,0.1388
1069,436,1505,0.1388
1059,438,1497,0.1388
1055,431,1486,0.1388
1051,436,1487,0.1388
1058,429,1487,0.1388
1071,425,1496,0.1388
1078,429,1507,0.1388
1070,426,1496,0.1388
1073,432,1505,0.1388
1059,436,1495,0.1388
1058,436,1494,0.1388
1056,428,1484,0.1388
1064,429,1493,0.1388
1061,428,1489,0.1388
1062,430,1492,0.1388
1067,428,1495,0.1388
1077,434,1511,0.1388
1060,436,1496,0.1388
1062,439,1501,0.1388
1057,440,1497,0.1388
1058,440,1498,0.1388
1059,445,1504,0.1388
1052,449,1501,0.1388
1053,451,1504,0.1388
1048,449,1497,0.1388
1044,453,1497,0.1388
1058,449,1507,0.1388
1039,452,1491,0.1388
1040,455,1495,0.1388
1034,456,1490,0.1388
1032,455,1487,0.1388
1014,459,1473,0.1388
1025,456,1481,0.1388
1018,467,1485,0.1388
1022,464,1486,0.1388
1032,461,1493,0.1388
1029,460,1489,0.1388
1024,464,1488,0.1388
1027,473,1500,0.1388
1047,469,1516,0.1388
1027,466,1493,0.1388
1034,462,1496,0.1388
1023,465,1488,0.1388
1030,470,1500,0.1388
1021,466,1487,0.1388
1022,463,1485,0.1388
1020,471,1491,0.1388
1021,466,1487,0.1388
1026,467,1493,0.1388
1035,465,1500,0.1388
1032,464,1496,0.1388
1035,466,1501,0.1388
1027,456,1483,0.1388
1024,466,1490,0.1388
1015,470,1485,0.1388
1022,475,1497,0.1388
1024,470,1494,0.1388
1021,479,1500,0.1388
1022,475,1497,0.1388
1035,473,1508,0.1388
1027,473,1500,0.1388
1032,475,1507,0.1388
1016,476,1492,0.1388
1004,478,1482,0.1388
999,474,1473,0.1388
1009,481,1490,0.1388
1021,481,1502,0.1388
1018,485,1503,0.1388
1022,483,1505,0.1388
1026,486,1512,0.1388
1024,487,1511,0.1388
1014,487,1501,0.1388
1009,487,1496,0.1388
1017,489,1506,0.1388
1012,483,1495,0.1388
999,485,1484,0.1388
1005,485,1490,0.1388
1003,492,1495,0.1388
1009,485,1494,0.1388
1016,484,1500,0.1388
1010,489,1499,0.1388
1023,486,1509,0.1388
1009,483,1492,0.1388
1008,479,1487,0.1388
1004,480,1484,0.1388
997,475,1472,0.1388
1000,484,1484,0.1388
1007,487,1494,0.1388
1010,479,1489,0.1388
1023,486,1509,0.1388
1005,488,1493,0.1388
994,497,1491,0.1388
1000,501,1501,0.1388
1002,495,1497,0.1388
998,498,1496,0.1388
1006,493,1499,0.1388
1001,498,1499,0.1388
1016,499,1515,0.1388
1026,494,1520,0.1388
1022,489,1511,0.1388
1026,494,1520,0.1388
1017,498,1515,0.1388
1014,495,1509,0.1388
1020,488,1508,0.1388
1012,490,1502,0.1388
1013,482,1495,0.1388
1011,478,1489,0.1388
1004,474,1478,0.1388
1005,483,1488,0.1388
1008,493,1501,0.1388
1003,498,1501,0.1388
997,495,1492,0.1388
992,492,1484,0.1388
988,494,1482,0.1388
992,493,1485,0.1388
1001,494,1495,0.1388
1014,493,1507,0.1388
1014,491,1505,0.1388
1016,495,1511,0.1388
1001,497,1498,0.1388
1007,493,1500,0.1388
1008,497,1505,0.1388
1005,502,1507,0.1388
1005,502,1507,0.1388
1001,504,1505,0.1388
990,512,1502,0.1388
984,515,1499,0.1388
989,511,1500,0.1388
988,512,1500,0.1388
992,513,1505,0.1388
992,510,1502,0.1388
1000,512,1512,0.1388
999,509,1508,0.1388
1005,504,1509,0.1388
1003,507,1510,0.1388
992,505,1497,0.1388
985,505,1490,0.1388
981,503,1484,0.1388
989,501,1490,0.1388
993,502,1495,0.1388
985,504,1489,0.1388
987,511,1498,0.1388
998,512,1510,0.1388
995,505,1500,0.1388
987,513,1500,0.1388
998,508,1506,0.1388
999,503,1502,0.1388
993,508,1501,0.1388
1003,503,1506,0.1388
995,511,1506,0.1388
985,518,1503,0.1388
987,518,1505,0.1388
984,522,1506,0.1388
989,525,1514,0.1388
980,528,1508,0.1388
980,527,1507,0.1388
978,526,1504,0.1388
975,536,1511,0.1388
962,538,1500,0.1388
959,538,1497,0.1388
953,534,1487,0.1388
956,538,1494,0.1388
956,536,1492,0.1388
948,542,1490,0.1388
953,541,1494,0.1388
950,547,1497,0.1388
955,552,1507,0.1388
957,554,1511,0.1388
950,555,1505,0.1388
955,556,1511,0.1388
956,555,1511,0.1388
955,554,1509,0.1388
963,546,1509,0.1388
958,543,1501,0.1388
956,547,1503,0.1388
961,551,1512,0.1388
960,548,1508,0.1388
948,554,1502,0.1388
959,556,1515,0.1388
957,563,1520,0.1388
949,559,1508,0.1388
940,562,1502,0.1388
948,560,1508,0.1388
952,560,1512,0.1388
947,558,1505,0.1388
941,563,1504,0.1388
942,564,1506,0.1388
932,567,1499,0.1388
927,568,1495,0.1388
933,571,1504,0.1388
936,558,1494,0.1388
929,566,1495,0.1388
928,574,1502,0.1388
919,574,1493,0.1388
932,574,1506,0.1388
925,582,1507,0.1388
923,578,1501,0.1388
923,576,1499,0.1388
928,568,1496,0.1388
923,562,1485,0.1388
933,568,1501,0.1388
922,566,1488,0.1388
915,575,1490,0.1388
913,576,1489,0.1388
915,579,1494,0.1388
919,584,1503,0.1388
907,586,1493,0.1388
912,585,1497,0.1388
919,582,1501,0.1388
922,567,1489,0.1388
924,579,1503,0.1388
922,573,1495,0.1388
920,574,1494,0.1388
918,572,1490,0.1388
921,572,1493,0.1388
906,576,1482,0.1388
894,579,1473,0.1388
896,583,1479,0.1388
897,583,1480,0.1388
906,581,1487,0.1388
918,583,1501,0.1388
917,589,1506,0.1388
904,589,1493,0.1388
905,583,1488,0.1388
912,589,1501,0.1388
909,585,1494,0.1388
915,589,1504,0.1388
912,594,1506,0.1388
917,593,1510,0.1388
909,583,1492,0.1388
910,580,1490,0.1388
920,581,1501,0.1388
908,586,1494,0.1388
903,586,1489,0.1388
892,583,1475,0.1388
899,592,1491,0.1388
893,597,1490,0.1388
887,604,1491,0.1388
900,597,1497,0.1388
892,600,1492,0.1388
884,610,1494,0.1388
885,608,1493,0.1388
880,610,1490,0.1388
881,622,1503,0.1388
888,620,1508,0.1388
887,614,1501,0.1388
891,613,1504,0.1388
891,614,1505,0.1388
890,609,1499,0.1388
892,608,1500,0.1388
884,596,1480,0.1388
891,606,1497,0.1388
888,611,1499,0.1388
888,613,1501,0.1388
882,612,1494,0.1388
888,615,1503,0.1388
894,614,1508,0.1388
878,624,1502,0.1388
885,628,1513,0.1388
881,624,1505,0.1388
883,629,1512,0.1388
875,631,1506,0.1388
877,634,1511,0.1388
868,625,1493,0.1388
874,624,1498,0.1388
878,630,1508,0.1388
878,623,1501,0.1388
867,628,1495,0.1388
868,631,1499,0.1388
881,624,1505,0.1388
885,622,1507,0.1388
877,630,1507,0.1388
884,627,1511,0.1388
879,627,1506,0.1388
872,626,1498,0.1388
877,629,1506,0.1388
875,615,1490,0.1388
887,626,1513,0.1388
888,623,1511,0.1388
887,623,1510,0.1388
886,624,1510,0.1388
886,631,1517,0.1388
896,630,1526,0.1388
896,628,1524,0.1388
898,629,1527,0.1388
894,629,1523,0.1388
894,622,1516,0.1388
901,618,1519,0.1388
900,616,1516,0.1388
895,613,1508,0.1388
895,612,1507,0.1388
892,614,1506,0.1388
905,610,1515,0.1388
900,606,1506,0.1388
897,611,1508,0.1388
897,602,1499,0.1388
899,610,1509,0.1388
900,608,1508,0.1388
890,608,1498,0.1388
887,607,1494,0.1388
898,605,1503,0.1388
890,612,1502,0.1388
899,613,1512,0.1388
898,616,1514,0.1388
889,613,1502,0.1388
881,613,1494,0.1388
884,615,1499,0.1388
893,605,1498,0.1388
884,606,1490,0.1388
897,603,1500,0.1388
891,617,1508,0.1388
897,613,1510,0.1388
898,616,1514,0.1388
899,614,1513,0.1388
896,614,1510,0.1388
888,609,1497,0.1388
891,606,1497,0.1388
888,609,1497,0.1388
884,615,1499,0.1388
887,612,1499,0.1388
890,609,1499,0.1388
887,616,1503,0.1388
894,621,1515,0.1388
897,620,1517,0.1388
892,625,1517,0.1388
893,621,1514,0.1388
888,624,1512,0.1388
888,624,1512,0.1388
880,632,1512,0.1388
882,634,1516,0.1388
877,634,1511,0.1388
867,630,1497,0.1388
865,631,1496,0.1388
869,622,1491,0.1388
883,621,1504,0.1388
885,625,1510,0.1388
885,622,1507,0.1388
878,622,1500,0.1388
874,624,1498,0.1388
877,630,1507,0.1388
879,630,1509,0.1388
888,629,1517,0.1388
878,632,1510,0.1388
873,634,1507,0.1388
871,633,1504,0.1388
874,623,1497,0.1388
871,630,1501,0.1388
866,638,1504,0.1388
868,631,1499,0.1388
865,634,1499,0.1388
864,646,1510,0.1388
861,648,1509,0.1388
852,653,1505,0.1388
850,646,1496,0.1388
854,640,1494,0.1388
846,640,1486,0.1388
849,650,1499,0.1388
850,645,1495,0.1388
864,651,1515,0.1388
869,657,1526,0.1388
858,655,1513,0.1388
856,658,1514,0.1388
847,667,1514,0.1388
846,649,1495,0.1388
839,653,1492,0.1388
847,649,1496,0.1388
840,658,1498,0.1388
842,666,1508,0.1388
831,668,1499,0.1388
838,665,1503,0.1388
835,680,1515,0.1388
827,685,1512,0.1388
818,688,1506,0.1388
810,685,1495,0.1388
805,693,1498,0.1388
803,698,1501,0.1388
803,688,1491,0.1388
803,692,1495,0.1388
794,693,1487,0.1388
798,698,1496,0.1388
802,701,1503,0.1388
795,705,1500,0.1388
798,703,1501,0.1388
797,712,1509,0.1388
803,707,1510,0.1388
804,704,1508,0.1388
805,707,1512,0.1388
810,706,1516,0.1388
816,700,1516,0.1388
815,709,1524,0.1388
814,707,1521,0.1388
809,700,1509,0.1388
805,698,1503,0.1388
808,694,1502,0.1388
804,702,1506,0.1388
805,709,1514,0.1388
798,713,1511,0.1388
800,710,1510,0.1388
797,712,1509,0.1388
790,701,1491,0.1388
796,692,1488,0.1388
793,702,1495,0.1388
795,711,1506,0.1388
794,709,1503,0.1388
789,701,1490,0.1388
809,705,1514,0.1388
803,712,1515,0.1388
794,718,1512,0.1388
799,714,1513,0.1388
792,710,1502,0.1388
790,710,1500,0.1388
797,703,1500,0.1388
809,708,1517,0.1388
806,710,1516,0.1388
805,704,1509,0.1388
804,704,1508,0.1388
797,704,1501,0.1388
797,697,1494,0.1388
800,691,1491,0.1388
793,695,1488,0.1388
795,697,1492,0.1388
799,702,1501,0.1388
796,704,1500,0.1388
804,701,1505,0.1388
815,702,1517,0.1388
811,702,1513,0.1388
805,706,1511,0.1388
798,712,1510,0.1388
798,706,1504,0.1388
792,702,1494,0.1388
787,709,1496,0.1388
787,714,1501,0.1388
791,709,1500,0.1388
785,721,1506,0.1388
778,725,1503,0.1388
783,719,1502,0.1388
777,714,1491,0.1388
782,711,1493,0.1388
790,715,1505,0.1388
784,719,1503,0.1388
774,721,1495,0.1388
783,725,1508,0.1388
783,723,1506,0.1388
784,729,1513,0.1388
773,723,1496,0.1388
772,724,1496,0.1388
771,733,1504,0.1388
774,734,1508,0.1388
772,735,1507,0.1388
776,745,1521,0.1388
776,740,1516,0.1388
764,740,1504,0.1388
766,743,1509,0.1388
767,740,1507,0.1388
760,736,1496,0.1388
762,732,1494,0.1388
758,745,1503,0.1388
762,747,1509,0.1388
762,738,1500,0.1388
763,731,1494,0.1388
755,733,1488,0.1388
765,738,1503,0.1388
773,742,1515,0.1388
773,742,1515,0.1388
767,746,1513,0.1388
773,743,1516,0.1388
770,731,1501,0.1388
773,738,1511,0.1388
768,736,1504,0.1388
771,724,1495,0.1388
782,720,1502,0.1388
778,722,1500,0.1388
774,734,1508,0.1388
765,744,1509,0.1388
761,739,1500,0.1388
758,736,1494,0.1388
768,739,1507,0.1388
769,739,1508,0.1388
774,739,1513,0.1388
775,733,1508,0.1388
775,739,1514,0.1388
775,739,1514,0.1388
770,743,1513,0.1388
768,732,1500,0.1388
780,732,1512,0.1388
782,735,1517,0.1388
783,732,1515,0.1388
779,731,1510,0.1388
777,734,1511,0.1388
773,732,1505,0.1388
771,744,1515,0.1388
762,746,1508,0.1388
755,742,1497,0.1388
756,739,1495,0.1388
767,749,1516,0.1388
763,745,1508,0.1388
764,744,1508,0.1388
765,749,1514,0.1388
763,753,1516,0.1388
760,752,1512,0.1388
757,734,1491,0.1388
751,733,1484,0.1388
756,747,1503,0.1388
749,740,1489,0.1388
743,747,1490,0.1388
747,745,1492,0.1388
736,753,1489,0.1388
733,746,1479,0.1388
735,755,1490,0.1388
730,753,1483,0.1388
725,748,1473,0.1388
731,752,1483,0.1388
742,766,1508,0.1388
752,776,1528,0.1388
750,776,1526,0.1388
746,772,1518,0.1388
740,770,1510,0.1388
744,774,1518,0.1388
741,767,1508,0.1388
741,773,1514,0.1388
729,774,1503,0.1388
730,775,1505,0.1388
729,772,1501,0.1388
730,776,1506,0.1388
719,783,1502,0.1388
728,775,1503,0.1388
726,777,1503,0.1388
718,774,1492,0.1388
728,773,1501,0.1388
720,773,1493,0.1388
725,777,1502,0.1388
719,774,1493,0.1388
724,774,1498,0.1388
714,782,1496,0.1388
714,790,1504,0.1388
697,791,1488,0.1388
698,801,1499,0.1388
705,805,1510,0.1388
710,807,1517,0.1388
715,801,1516,0.1388
713,787,1500,0.1388
716,788,1504,0.1388
720,786,1506,0.1388
711,791,1502,0.1388
706,801,1507,0.1388
711,800,1511,0.1388
704,813,1517,0.1388
695,807,1502,0.1388
689,805,1494,0.1388
683,811,1494,0.1388
692,816,1508,0.1388
688,816,1504,0.1388
676,810,1486,0.1388
683,831,1514,0.1388
693,825,1518,0.1388
694,829,1523,0.1388
685,825,1510,0.1388
681,815,1496,0.1388
677,810,1487,0.1388
677,814,1491,0.1388
676,823,1499,0.1388
681,828,1509,0.1388
680,817,1497,0.1388
672,824,1496,0.1388
680,826,1506,0.1388
689,819,1508,0.1388
687,828,1515,0.1388
686,836,1522,0.1388
687,838,1525,0.1388
687,815,1502,0.1388
691,822,1513,0.1388
683,827,1510,0.1388
689,823,1512,0.1388
683,820,1503,0.1388
678,820,1498,0.1388
687,827,1514,0.1388
686,830,1516,0.1388
680,821,1501,0.1388
690,814,1504,0.1388
691,824,1515,0.1388
688,829,1517,0.1388
689,827,1516,0.1388
690,813,1503,0.1388
693,818,1511,0.1388
690,824,1514,0.1388
686,822,1508,0.1388
684,822,1506,0.1388
677,817,1494,0.1388
677,833,1510,0.1388
681,843,1524,0.1388
672,838,1510,0.1388
672,832,1504,0.1388
667,835,1502,0.1388
675,833,1508,0.1388
673,832,1505,0.1388
674,836,1510,0.1388
670,832,1502,0.1388
670,826,1496,0.1388
666,836,1502,0.1388
671,826,1497,0.1388
666,827,1493,0.1388
669,833,1502,0.1388
675,833,1508,0.1388
673,834,1507,0.1388
668,836,1504,0.1388
665,839,1504,0.1388
666,845,1511,0.1388
665,856,1521,0.1388
662,857,1519,0.1388
667,856,1523,0.1388
668,853,1521,0.1388
658,854,1512,0.1388
666,857,1523,0.1388
662,862,1524,0.1388
666,855,1521,0.1388
660,861,1521,0.1388
649,858,1507,0.1388
647,856,1503,0.1388
651,856,1507,0.1388
649,853,1502,0.1388
661,852,1513,0.1388
658,852,1510,0.1388
652,855,1507,0.1388
654,861,1515,0.1388
647,851,1498,0.1388
654,858,1512,0.1388
654,857,1511,0.1388
655,858,1513,0.1388
661,848,1509,0.1388
653,856,1509,0.1388
652,848,1500,0.1388
643,864,1507,0.1388
647,859,1506,0.1388
647,869,1516,0.1388
648,866,1514,0.1388
638,876,1514,0.1388
640,881,1521,0.1388
645,873,1518,0.1388
643,877,1520,0.1388
643,866,1509,0.1388
632,867,1499,0.1388
627,874,1501,0.1388
629,881,1510,0.1388
627,874,1501,0.1388
625,882,1507,0.1388
624,884,1508,0.1388
623,892,1515,0.1388
627,886,1513,0.1388
631,880,1511,0.1388
630,887,1517,0.1388
626,879,1505,0.1388
620,879,1499,0.1388
607,871,1478,0.1388
601,880,1481,0.1388
610,887,1497,0.1388
620,888,1508,0.1388
621,894,1515,0.1388
614,892,1506,0.1388
614,897,1511,0.1388
617,896,1513,0.1388
619,888,1507,0.1388
616,885,1501,0.1388
611,892,1503,0.1388
606,896,1502,0.1388
615,895,1510,0.1388
617,891,1508,0.1388
623,886,1509,0.1388
620,890,1510,0.1388
615,898,1513,0.1388
618,895,1513,0.1388
614,900,1514,0.1388
612,883,1495,0.1388
614,896,1510,0.1388
615,890,1505,0.1388
612,888,1500,0.1388
618,890,1508,0.1388
617,893,1510,0.1388
623,882,1505,0.1388
627,879,1506,0.1388
626,889,1515,0.1388
630,885,1515,0.1388
626,883,1509,0.1388
620,886,1506,0.1388
615,876,1491,0.1388
615,882,1497,0.1388
618,893,1511,0.1388
609,893,1502,0.1388
615,881,1496,0.1388
618,881,1499,0.1388
617,881,1498,0.1388
625,883,1508,0.1388
629,868,1497,0.1388
637,869,1506,0.1388
642,868,1510,0.1388
639,874,1513,0.1388
631,884,1515,0.1388
628,884,1512,0.1388
622,885,1507,0.1388
613,888,1501,0.1388
608,883,1491,0.1388
619,887,1506,0.1388
626,890,1516,0.1388
629,894,1523,0.1388
637,892,1529,0.1388
626,888,1514,0.1388
626,891,1517,0.1388
633,889,1522,0.1388
631,896,1527,0.1388
634,887,1521,0.1388
627,892,1519,0.1388
621,889,1510,0.1388
617,885,1502,0.1388
617,884,1501,0.1388
626,884,1510,0.1388
631,885,1516,0.1388
636,892,1528,0.1388
627,887,1514,0.1388
622,886,1508,0.1388
629,880,1509,0.1388
622,884,1506,0.1388
627,883,1510,0.1388
625,884,1509,0.1388
629,879,1508,0.1388
621,881,1502,0.1388
626,881,1507,0.1388
631,883,1514,0.1388
616,884,1500,0.1388
614,885,1499,0.1388
610,879,1489,0.1388
615,886,1501,0.1388
616,892,1508,0.1388
618,895,1513,0.1388
623,896,1519,0.1388
621,899,1520,0.1388
626,895,1521,0.1388
631,896,1527,0.1388
631,894,1525,0.1388
630,890,1520,0.1388
626,881,1507,0.1388
629,885,1514,0.1388
631,887,1518,0.1388
622,887,1509,0.1388
626,884,1510,0.1388
619,875,1494,0.1388
622,880,1502,0.1388
618,870,1488,0.1388
622,874,1496,0.1388
623,878,1501,0.1388
623,887,1510,0.1388
624,889,1513,0.1388
617,885,1502,0.1388
626,879,1505,0.1388
630,875,1505,0.1388
638,861,1499,0.1388
632,874,1506,0.1388
632,873,1505,0.1388
634,874,1508,0.1388
627,880,1507,0.1388
635,881,1516,0.1388
617,869,1486,0.1388
615,866,1481,0.1388
623,887,1510,0.1388
621,879,1500,0.1388
624,867,1491,0.1388
620,872,1492,0.1388
621,873,1494,0.1388
628,882,1510,0.1388
622,870,1492,0.1388
613,874,1487,0.1388
613,880,1493,0.1388
613,889,1502,0.1388
612,894,1506,0.1388
616,897,1513,0.1388
609,896,1505,0.1388
613,895,1508,0.1388
601,888,1489,0.1388
609,894,1503,0.1388
614,891,1505,0.1388
618,899,1517,0.1388
616,895,1511,0.1388
607,894,1501,0.1388
611,898,1509,0.1388
614,899,1513,0.1388
615,903,1518,0.1388
615,909,1524,0.1388
612,895,1507,0.1388
604,897,1501,0.1388
603,902,1505,0.1388
596,907,1503,0.1388
603,905,1508,0.1388
602,917,1519,0.1388
602,907,1509,0.1388
599,902,1501,0.1388
608,897,1505,0.1388
608,901,1509,0.1388
609,908,1517,0.1388
617,906,1523,0.1388
616,904,1520,0.1388
606,910,1516,0.1388
603,914,1517,0.1388
601,905,1506,0.1388
603,907,1510,0.1388
602,910,1512,0.1388
607,907,1514,0.1388
611,907,1518,0.1388
610,913,1523,0.1388
604,907,1511,0.1388
607,899,1506,0.1388
609,899,1508,0.1388
609,903,1512,0.1388
608,908,1516,0.1388
608,908,1516,0.1388
609,914,1523,0.1388
606,906,1512,0.1388
607,906,1513,0.1388
613,899,1512,0.1388
606,891,1497,0.1388
612,895,1507,0.1388
611,897,1508,0.1388
611,894,1505,0.1388
615,901,1516,0.1388
612,904,1516,0.1388
618,907,1525,0.1388
611,903,1514,0.1388
603,910,1513,0.1388
609,921,1530,0.1388
604,920,1524,0.1388
601,914,1515,0.1388
605,916,1521,0.1388
606,922,1528,0.1388
602,924,1526,0.1388
594,915,1509,0.1388
590,919,1509,0.1388
590,919,1509,0.1388
585,915,1500,0.1388
581,918,1499,0.1388
577,928,1505,0.1388
580,934,1514,0.1388
577,933,1510,0.1388
575,932,1507,0.1388
580,940,1520,0.1388
572,934,1506,0.1388
571,938,1509,0.1388
572,926,1498,0.1388
566,936,1502,0.1388
572,935,1507,0.1388
567,936,1503,0.1388
565,934,1499,0.1388
568,938,1506,0.1388
576,946,1522,0.1388
569,946,1515,0.1388
565,948,1513,0.1388
566,943,1509,0.1388
561,945,1506,0.1388
560,951,1511,0.1388
557,949,1506,0.1388
549,946,1495,0.1388
548,959,1507,0.1388
547,966,1513,0.1388
546,962,1508,0.1388
544,969,1513,0.1388
547,965,1512,0.1388
540,965,1505,0.1388
539,963,1502,0.1388
537,978,1515,0.1388
533,981,1514,0.1388
537,981,1518,0.1388
534,973,1507,0.1388
541,975,1516,0.1388
534,975,1509,0.1388
534,974,1508,0.1388
539,980,1519,0.1388
542,982,1524,0.1388
544,984,1528,0.1388
538,982,1520,0.1388
533,986,1519,0.1388
528,978,1506,0.1388
530,973,1503,0.1388
522,971,1493,0.1388
524,978,1502,0.1388
529,981,1510,0.1388
525,981,1506,0.1388
520,980,1500,0.1388
519,991,1510,0.1388
514,990,1504,0.1388
516,981,1497,0.1388
521,988,1509,0.1388
519,993,1512,0.1388
516,989,1505,0.1388
517,995,1512,0.1388
511,991,1502,0.1388
509,983,1492,0.1388
506,983,1489,0.1388
501,985,1486,0.1388
506,985,1491,0.1388
505,990,1495,0.1388
499,1000,1499,0.1388
497,1005,1502,0.1388
494,1010,1504,0.1388
499,1025,1524,0.1388
513,1028,1541,0.1388
507,1020,1527,0.1388
506,1018,1524,0.1388
509,1011,1520,0.1388
493,1011,1504,0.1388
497,1004,1501,0.1388
501,1006,1507,0.1388
505,1009,1514,0.1388
511,1012,1523,0.1388
506,1017,1523,0.1388
501,1019,1520,0.1388
493,1019,1512,0.1388
493,1020,1513,0.1388
493,1012,1505,0.1388
489,1011,1500,0.1388
489,1012,1501,0.1388
500,1008,1508,0.1388
502,1002,1504,0.1388
510,1001,1511,0.1388
508,985,1493,0.1388
508,994,1502,0.1388
500,992,1492,0.1388
498,997,1495,0.1388
497,997,1494,0.1388
501,997,1498,0.1388
500,1010,1510,0.1388
507,1008,1515,0.1388
502,1006,1508,0.1388
495,999,1494,0.1388
496,1008,1504,0.1388
490,1008,1498,0.1388
487,1003,1490,0.1388
488,1007,1495,0.1388
493,1022,1515,0.1388
486,1019,1505,0.1388
476,1019,1495,0.1388
478,1026,1504,0.1388
475,1031,1506,0.1388
471,1043,1514,0.1388
466,1031,1497,0.1388
477,1028,1505,0.1388
481,1022,1503,0.1388
484,1035,1519,0.1388
484,1031,1515,0.1388
485,1032,1517,0.1388
480,1031,1511,0.1388
483,1032,1515,0.1388
483,1027,1510,0.1388
486,1027,1513,0.1388
485,1025,1510,0.1388
488,1022,1510,0.1388
487,1028,1515,0.1388
480,1021,1501,0.1388
483,1025,1508,0.1388
488,1036,1524,0.1388
485,1035,1520,0.1388
481,1034,1515,0.1388
489,1033,1522,0.1388
491,1026,1517,0.1388
486,1023,1509,0.1388
487,1018,1505,0.1388
491,1008,1499,0.1388
491,1010,1501,0.1388
494,1001,1495,0.1388
493,1008,1501,0.1388
494,1013,1507,0.1388
495,1013,1508,0.1388
485,1022,1507,0.1388
488,1020,1508,0.1388
492,1019,1511,0.1388
488,1021,1509,0.1388
486,1019,1505,0.1388
485,1030,1515,0.1388
487,1036,1523,0.1388
484,1047,1531,0.1388
483,1033,1516,0.1388
477,1036,1513,0.1388
475,1036,1511,0.1388
471,1035,1506,0.1388
468,1039,1507,0.1388
476,1038,1514,0.1388
478,1037,1515,0.1388
474,1048,1522,0.1388
471,1051,1522,0.1388
474,1054,1528,0.1388
478,1049,1527,0.1388
468,1044,1512,0.1388
468,1027,1495,0.1388
463,1020,1483,0.1388
469,1025,1494,0.1388
465,1031,1496,0.1388
471,1028,1499,0.1388
467,1024,1491,0.1388
468,1027,1495,0.1388
466,1036,1502,0.1388
464,1046,1510,0.1388
455,1040,1495,0.1388
458,1053,1511,0.1388
459,1063,1522,0.1388
466,1055,1521,0.1388
471,1049,1520,0.1388
471,1055,1526,0.1388
466,1057,1523,0.1388
463,1048,1511,0.1388
468,1059,1527,0.1388
464,1057,1521,0.1388
465,1046,1511,0.1388
464,1038,1502,0.1388
465,1045,1510,0.1388
453,1038,1491,0.1388
454,1052,1506,0.1388
454,1058,1512,0.1388
456,1047,1503,0.1388
454,1048,1502,0.1388
446,1046,1492,0.1388
444,1055,1499,0.1388
442,1057,1499,0.1388
447,1070,1517,0.1388
448,1071,1519,0.1388
445,1068,1513,0.1388
438,1074,1512,0.1388
439,1072,1511,0.1388
430,1072,1502,0.1388
426,1079,1505,0.1388
432,1078,1510,0.1388
435,1090,1525,0.1388
434,1082,1516,0.1388
431,1074,1505,0.1388
426,1073,1499,0.1388
433,1069,1502,0.1388
432,1068,1500,0.1388
438,1071,1509,0.1388
437,1083,1520,0.1388
437,1072,1509,0.1388
431,1064,1495,0.1388
431,1075,1506,0.1388
429,1075,1504,0.1388
422,1080,1502,0.1388
425,1078,1503,0.1388
429,1078,1507,0.1388
432,1068,1500,0.1388
431,1066,1497,0.1388
437,1069,1506,0.1388
437,1060,1497,0.1388
436,1063,1499,0.1388
436,1061,1497,0.1388
431,1070,1501,0.1388
430,1073,1503,0.1388
426,1077,1503,0.1388
426,1077,1503,0.1388
425,1074,1499,0.1388
429,1078,1507,0.1388
425,1082,1507,0.1388
424,1079,1503,0.1388
427,1081,1508,0.1388
422,1085,1507,0.1388
419,1084,1503,0.1388
418,1091,1509,0.1388
420,1089,1509,0.1388
418,1076,1494,0.1388
413,1087,1500,0.1388
412,1084,1496,0.1388
409,1076,1485,0.1388
411,1082,1493,0.1388
400,1097,1497,0.1388
405,1094,1499,0.1388
407,1105,1512,0.1388
401,1109,1510,0.1388
403,1117,1520,0.1388
400,1115,1515,0.1388
394,1089,1483,0.1388
391,1101,1492,0.1388
388,1108,1496,0.1388
390,1111,1501,0.1388
397,1127,1524,0.1388
399,1121,1520,0.1388
401,1122,1523,0.1388
396,1127,1523,0.1388
394,1122,1516,0.1388
396,1115,1511,0.1388
397,1126,1523,0.1388
389,1134,1523,0.1388
393,1135,1528,0.1388
390,1135,1525,0.1388
393,1134,1527,0.1388
387,1133,1520,0.1388
382,1126,1508,0.1388
372,1126,1498,0.1388
376,1139,1515,0.1388
369,1133,1502,0.1388
370,1132,1502,0.1388
371,1129,1500,0.1388
365,1138,1503,0.1388
374,1121,1495,0.1388
377,1118,1495,0.1388
384,1132,1516,0.1388
386,1130,1516,0.1388
384,1132,1516,0.1388
382,1135,1517,0.1388
385,1134,1519,0.1388
383,1131,1514,0.1388
381,1116,1497,0.1388
383,1125,1508,0.1388
383,1129,1512,0.1388
382,1126,1508,0.1388
380,1131,1511,0.1388
375,1139,1514,0.1388
373,1137,1510,0.1388
367,1134,1501,0.1388
373,1135,1508,0.1388
377,1136,1513,0.1388
373,1136,1509,0.1388
374,1134,1508,0.1388
378,1127,1505,0.1388
376,1126,1502,0.1388
376,1123,1499,0.1388
377,1126,1503,0.1388
370,1144,1514,0.1388
373,1143,1516,0.1388
371,1149,1520,0.1388
372,1131,1503,0.1388
383,1128,1511,0.1388
387,1119,1506,0.1388
382,1129,1511,0.1388
388,1133,1521,0.1388
389,1128,1517,0.1388
385,1122,1507,0.1388
381,1121,1502,0.1388
385,1123,1508,0.1388
378,1126,1504,0.1388
372,1130,1502,0.1388
374,1132,1506,0.1388
378,1135,1513,0.1388
373,1141,1514,0.1388
360,1145,1505,0.1388
366,1138,1504,0.1388
370,1138,1508,0.1388
374,1142,1516,0.1388
373,1139,1512,0.1388
367,1141,1508,0.1388
370,1147,1517,0.1388
375,1139,1514,0.1388
376,1139,1515,0.1388
373,1137,1510,0.1388
371,1141,1512,0.1388
373,1143,1516,0.1388
376,1146,1522,0.1388
373,1146,1519,0.1388
375,1147,1522,0.1388
369,1146,1515,0.1388
369,1162,1531,0.1388
365,1149,1514,0.1388
365,1150,1515,0.1388
361,1164,1525,0.1388
356,1155,1511,0.1388
357,1162,1519,0.1388
357,1161,1518,0.1388
358,1171,1529,0.1388
361,1166,1527,0.1388
358,1166,1524,0.1388
362,1167,1529,0.1388
358,1171,1529,0.1388
354,1164,1518,0.1388
354,1160,1514,0.1388
356,1165,1521,0.1388
349,1166,1515,0.1388
347,1192,1539,0.1388
347,1185,1532,0.1388
341,1182,1523,0.1388
339,1173,1512,0.1388
338,1177,1515,0.1388
336,1180,1516,0.1388
342,1177,1519,0.1388
338,1169,1507,0.1388
339,1169,1508,0.1388
341,1177,1518,0.1388
343,1180,1523,0.1388
339,1183,1522,0.1388
336,1192,1528,0.1388
334,1171,1505,0.1388
330,1177,1507,0.1388
331,1183,1514,0.1388
326,1179,1505,0.1388
327,1171,1498,0.1388
332,1173,1505,0.1388
333,1180,1513,0.1388
335,1195,1530,0.1388
339,1195,1534,0.1388
340,1189,1529,0.1388
332,1184,1516,0.1388
329,1186,1515,0.1388
328,1192,1520,0.1388
323,1182,1505,0.1388
326,1177,1503,0.1388
316,1199,1515,0.1388
311,1200,1511,0.1388
312,1198,1510,0.1388
317,1198,1515,0.1388
317,1196,1513,0.1388
316,1197,1513,0.1388
309,1197,1506,0.1388
308,1200,1508,0.1388
317,1208,1525,0.1388
316,1192,1508,0.1388
307,1198,1505,0.1388
305,1200,1505,0.1388
309,1215,1524,0.1388
306,1201,1507,0.1388
302,1202,1504,0.1388
303,1197,1500,0.1388
301,1208,1509,0.1388
306,1197,1503,0.1388
312,1206,1518,0.1388
307,1210,1517,0.1388
306,1206,1512,0.1388
301,1205,1506,0.1388
297,1204,1501,0.1388
302,1216,1518,0.1388
301,1207,1508,0.1388
297,1212,1509,0.1388
294,1205,1499,0.1388
299,1220,1519,0.1388
293,1205,1498,0.1388
299,1213,1512,0.1388
306,1212,1518,0.1388
304,1210,1514,0.1388
301,1221,1522,0.1388
300,1211,1511,0.1388
293,1206,1499,0.1388
287,1203,1490,0.1388
290,1208,1498,0.1388
288,1213,1501,0.1388
288,1217,1505,0.1388
286,1212,1498,0.1388
289,1225,1514,0.1388
286,1231,1517,0.1388
285,1225,1510,0.1388
275,1211,1486,0.1388
271,1216,1487,0.1388
274,1221,1495,0.1388
272,1230,1502,0.1388
277,1232,1509,0.1388
273,1240,1513,0.1388
277,1236,1513,0.1388
276,1235,1511,0.1388
273,1246,1519,0.1388
267,1238,1505,0.1388
268,1242,1510,0.1388
267,1241,1508,0.1388
267,1238,1505,0.1388
265,1240,1505,0.1388
264,1234,1498,0.1388
265,1238,1503,0.1388
270,1237,1507,0.1388
266,1237,1503,0.1388
261,1231,1492,0.1388
259,1243,1502,0.1388
256,1242,1498,0.1388
261,1240,1501,0.1388
264,1238,1502,0.1388
266,1251,1517,0.1388
261,1253,1514,0.1388
260,1261,1521,0.1388
255,1272,1527,0.1388
253,1264,1517,0.1388
250,1257,1507,0.1388
246,1271,1517,0.1388
246,1264,1510,0.1388
248,1267,1515,0.1388
249,1260,1509,0.1388
243,1266,1509,0.1388
247,1268,1515,0.1388
247,1264,1511,0.1388
252,1260,1512,0.1388
251,1260,1511,0.1388
250,1256,1506,0.1388
251,1254,1505,0.1388
250,1270,1520,0.1388
246,1263,1509,0.1388
245,1269,1514,0.1388
247,1267,1514,0.1388
245,1275,1520,0.1388
244,1274,1518,0.1388
251,1273,1524,0.1388
248,1268,1516,0.1388
249,1264,1513,0.1388
247,1268,1515,0.1388
248,1264,1512,0.1388
243,1263,1506,0.1388
241,1267,1508,0.1388
243,1274,1517,0.1388
240,1283,1523,0.1388
242,1282,1524,0.1388
243,1287,1530,0.1388
242,1279,1521,0.1388
244,1278,1522,0.1388
249,1282,1531,0.1388
252,1279,1531,0.1388
248,1279,1527,0.1388
242,1278,1520,0.1388
240,1284,1524,0.1388
240,1292,1532,0.1388
240,1286,1526,0.1388
249,1293,1542,0.1388
242,1284,1526,0.1388
242,1276,1518,0.1388
241,1275,1516,0.1388
243,1277,1520,0.1388
240,1280,1520,0.1388
243,1286,1529,0.1388
245,1282,1527,0.1388
241,1273,1514,0.1388
243,1270,1513,0.1388
244,1279,1523,0.1388
239,1264,1503,0.1388
235,1267,1502,0.1388
232,1264,1496,0.1388
228,1270,1498,0.1388
228,1276,1504,0.1388
224,1274,1498,0.1388
233,1275,1508,0.1388
235,1274,1509,0.1388
235,1276,1511,0.1388
236,1280,1516,0.1388
234,1273,1507,0.1388
235,1258,1493,0.1388
239,1270,1509,0.1388
236,1278,1514,0.1388
232,1281,1513,0.1388
231,1281,1512,0.1388
231,1276,1507,0.1388
228,1295,1523,0.1388
225,1298,1523,0.1388
230,1294,1524,0.1388
228,1292,1520,0.1388
226,1299,1525,0.1388
227,1287,1514,0.1388
226,1282,1508,0.1388
235,1279,1514,0.1388
227,1276,1503,0.1388
229,1285,1514,0.1388
226,1272,1498,0.1388
227,1269,1496,0.1388
228,1274,1502,0.1388
226,1284,1510,0.1388
221,1281,1502,0.1388
222,1285,1507,0.1388
224,1296,1520,0.1388
225,1297,1522,0.1388
222,1284,1506,0.1388
222,1283,1505,0.1388
219,1289,1508,0.1388
220,1294,1514,0.1388
225,1289,1514,0.1388
221,1280,1501,0.1388
218,1291,1509,0.1388
214,1297,1511,0.1388
218,1294,1512,0.1388
217,1313,1530,0.1388
217,1323,1540,0.1388
216,1311,1527,0.1388
217,1308,1525,0.1388
219,1312,1531,0.1388
218,1308,1526,0.1388
213,1301,1514,0.1388
216,1298,1514,0.1388
210,1313,1523,0.1388
213,1303,1516,0.1388
216,1297,1513,0.1388
217,1302,1519,0.1388
215,1304,1519,0.1388
216,1292,1508,0.1388
216,1299,1515,0.1388
215,1302,1517,0.1388
206,1312,1518,0.1388
214,1314,1528,0.1388
217,1312,1529,0.1388
213,1304,1517,0.1388
211,1314,1525,0.1388
212,1315,1527,0.1388
211,1300,1511,0.1388
212,1309,1521,0.1388
213,1314,1527,0.1388
208,1310,1518,0.1388
211,1298,1509,0.1388
216,1295,1511,0.1388
217,1291,1508,0.1388
217,1300,1517,0.1388
218,1302,1520,0.1388
218,1307,1525,0.1388
218,1306,1524,0.1388
218,1308,1526,0.1388
218,1297,1515,0.1388
217,1299,1516,0.1388
224,1299,1523,0.1388
221,1294,1515,0.1388
224,1298,1522,0.1388
226,1282,1508,0.1388
227,1287,1514,0.1388
224,1298,1522,0.1388
222,1293,1515,0.1388
217,1284,1501,0.1388
214,1306,1520,0.1388
214,1290,1504,0.1388
220,1305,1525,0.1388
220,1302,1522,0.1388
217,1294,1511,0.1388
215,1290,1505,0.1388
215,1287,1502,0.1388
216,1280,1496,0.1388
212,1298,1510,0.1388
208,1299,1507,0.1388
205,1294,1499,0.1388
204,1291,1495,0.1388
202,1287,1489,0.1388
205,1292,1497,0.1388
214,1284,1498,0.1388
211,1291,1502,0.1388
212,1295,1507,0.1388
212,1297,1509,0.1388
210,1300,1510,0.1388
218,1302,1520,0.1388
218,1307,1525,0.1388
211,1304,1515,0.1388
209,1297,1506,0.1388
211,1302,1513,0.1388
214,1304,1518,0.1388
211,1289,1500,0.1388
211,1283,1494,0.1388
210,1289,1499,0.1388
212,1306,1518,0.1388
215,1301,1516,0.1388
211,1298,1509,0.1388
213,1303,1516,0.1388
210,1311,1521,0.1388
212,1307,1519,0.1388
205,1301,1506,0.1388
210,1315,1525,0.1388
208,1307,1515,0.1388
209,1300,1509,0.1388
207,1295,1502,0.1388
210,1295,1505,0.1388
207,1301,1508,0.1388
209,1304,1513,0.1388
206,1307,1513,0.1388
204,1303,1507,0.1388
199,1297,1496,0.1388
202,1297,1499,0.1388
206,1305,1511,0.1388
208,1297,1505,0.1388
210,1293,1503,0.1388
208,1293,1501,0.1388
204,1301,1505,0.1388
206,1298,1504,0.1388
207,1304,1511,0.1388
207,1316,1523,0.1388
207,1317,1524,0.1388
202,1319,1521,0.1388
199,1318,1517,0.1388
199,1315,1514,0.1388
201,1321,1522,0.1388
200,1326,1526,0.1388
198,1317,1515,0.1388
201,1309,1510,0.1388
195,1311,1506,0.1388
196,1306,1502,0.1388
204,1306,1510,0.1388
205,1298,1503,0.1388
207,1293,1500,0.1388
207,1308,1515,0.1388
208,1302,1510,0.1388
208,1307,1515,0.1388
208,1310,1518,0.1388
203,1313,1516,0.1388
203,1310,1513,0.1388
202,1321,1523,0.1388
201,1315,1516,0.1388
204,1309,1513,0.1388
212,1307,1519,0.1388
206,1307,1513,0.1388
211,1303,1514,0.1388
211,1307,1518,0.1388
208,1313,1521,0.1388
211,1308,1519,0.1388
212,1304,1516,0.1388
212,1304,1516,0.1388
203,1318,1521,0.1388
205,1301,1506,0.1388
198,1298,1496,0.1388
198,1307,1505,0.1388
197,1316,1513,0.1388
204,1315,1519,0.1388
209,1307,1516,0.1388
211,1312,1523,0.1388
209,1303,1512,0.1388
208,1312,1520,0.1388
208,1305,1513,0.1388
208,1317,1525,0.1388
209,1310,1519,0.1388
207,1321,1528,0.1388
204,1312,1516,0.1388
203,1311,1514,0.1388
206,1301,1507,0.1388
201,1307,1508,0.1388
207,1290,1497,0.1388
203,1292,1495,0.1388
207,1295,1502,0.1388
203,1300,1503,0.1388
209,1310,1519,0.1388
202,1306,1508,0.1388
203,1310,1513,0.1388
206,1307,1513,0.1388
204,1309,1513,0.1388
203,1314,1517,0.1388
203,1331,1534,0.1388
203,1319,1522,0.1388
205,1314,1519,0.1388
206,1311,1517,0.1388
209,1308,1517,0.1388
210,1316,1526,0.1388
209,1313,1522,0.1388
209,1305,1514,0.1388
204,1312,1516,0.1388
199,1304,1503,0.1388
203,1302,1505,0.1388
205,1298,1503,0.1388
204,1305,1509,0.1388
207,1303,1510,0.1388
204,1303,1507,0.1388
206,1297,1503,0.1388
206,1302,1508,0.1388
213,1305,1518,0.1388
212,1303,1515,0.1388
209,1304,1513,0.1388
207,1306,1513,0.1388
209,1308,1517,0.1388
206,1309,1515,0.1388
201,1322,1523,0.1388
199,1326,1525,0.1388
199,1318,1517,0.1388
193,1326,1519,0.1388
190,1334,1524,0.1388
191,1327,1518,0.1388
187,1328,1515,0.1388
185,1331,1516,0.1388
187,1326,1513,0.1388
189,1323,1512,0.1388
191,1326,1517,0.1388
191,1325,1516,0.1388
189,1328,1517,0.1388
188,1315,1503,0.1388
186,1325,1511,0.1388
188,1317,1505,0.1388
189,1323,1512,0.1388
190,1319,1509,0.1388
196,1314,1510,0.1388
196,1311,1507,0.1388
197,1308,1505,0.1388
199,1292,1491,0.1388
201,1301,1502,0.1388
202,1316,1518,0.1388
196,1305,1501,0.1388
199,1305,1504,0.1388
204,1294,1498,0.1388
200,1303,1503,0.1388
201,1305,1506,0.1388
196,1298,1494,0.1388
197,1302,1499,0.1388
199,1296,1495,0.1388
205,1307,1512,0.1388
205,1300,1505,0.1388
203,1303,1506,0.1388
201,1313,1514,0.1388
200,1316,1516,0.1388
196,1320,1516,0.1388
202,1322,1524,0.1388
207,1327,1534,0.1388
203,1319,1522,0.1388
200,1324,1524,0.1388
202,1319,1521,0.1388
204,1318,1522,0.1388
208,1312,1520,0.1388
210,1322,1532,0.1388
211,1319,1530,0.1388
209,1316,1525,0.1388
204,1306,1510,0.1388
206,1305,1511,0.1388
210,1305,1515,0.1388
206,1302,1508,0.1388
205,1299,1504,0.1388
207,1296,1503,0.1388
200,1305,1505,0.1388
203,1309,1512,0.1388
203,1319,1522,0.1388
201,1314,1515,0.1388
204,1309,1513,0.1388
199,1313,1512,0.1388
202,1316,1518,0.1388
199,1314,1513,0.1388
197,1317,1514,0.1388
200,1309,1509,0.1388
204,1319,1523,0.1388
204,1314,1518,0.1388
202,1319,1521,0.1388
205,1307,1512,0.1388
206,1307,1513,0.1388
203,1300,1503,0.1388
205,1309,1514,0.1388
207,1312,1519,0.1388
207,1318,1525,0.1388
207,1303,1510,0.1388
211,1311,1522,0.1388
213,1306,1519,0.1388
216,1309,1525,0.1388
218,1321,1539,0.1388
216,1317,1533,0.1388
217,1313,1530,0.1388
215,1310,1525,0.1388
208,1300,1508,0.1388
208,1313,1521,0.1388
206,1319,1525,0.1388
204,1315,1519,0.1388
200,1323,1523,0.1388
199,1319,1518,0.1388
199,1322,1521,0.1388
199,1325,1524,0.1388
198,1318,1516,0.1388
197,1328,1525,0.1388
194,1321,1515,0.1388
191,1320,1511,0.1388
196,1317,1513,0.1388
190,1325,1515,0.1388
192,1318,1510,0.1388
195,1315,1510,0.1388
199,1320,1519,0.1388
195,1320,1515,0.1388
202,1312,1514,0.1388
198,1312,1510,0.1388
193,1303,1496,0.1388
188,1314,1502,0.1388
193,1311,1504,0.1388
196,1322,1518,0.1388
195,1315,1510,0.1388
197,1316,1513,0.1388
200,1326,1526,0.1388
198,1322,1520,0.1388
197,1318,1515,0.1388
194,1313,1507,0.1388
193,1307,1500,0.1388
192,1310,1502,0.1388
196,1312,1508,0.1388
192,1313,1505,0.1388
196,1319,1515,0.1388
193,1310,1503,0.1388
195,1315,1510,0.1388
191,1315,1506,0.1388
189,1327,1516,0.1388
190,1348,1538,0.1388
191,1341,1532,0.1388
191,1322,1513,0.1388
194,1327,1521,0.1388
195,1331,1526,0.1388
196,1331,1527,0.1388
194,1326,1520,0.1388
189,1316,1505,0.1388
190,1313,1503,0.1388
187,1316,1503,0.1388
189,1314,1503,0.1388
188,1327,1515,0.1388
190,1324,1514,0.1388
187,1332,1519,0.1388
186,1334,1520,0.1388
184,1321,1505,0.1388
181,1318,1499,0.1388
183,1319,1502,0.1388
191,1319,1510,0.1388
193,1317,1510,0.1388
195,1327,1522,0.1388
195,1325,1520,0.1388
185,1330,1515,0.1388
183,1318,1501,0.1388
188,1313,1501,0.1388
185,1316,1501,0.1388
189,1315,1504,0.1388
187,1309,1496,0.1388
186,1309,1495,0.1388
184,1310,1494,0.1388
186,1320,1506,0.1388
188,1328,1516,0.1388
184,1329,1513,0.1388
183,1323,1506,0.1388
187,1321,1508,0.1388
191,1332,1523,0.1388
190,1330,1520,0.1388
192,1338,1530,0.1388
189,1321,1510,0.1388
184,1318,1502,0.1388
186,1308,1494,0.1388
192,1315,1507,0.1388
189,1312,1501,0.1388
190,1311,1501,0.1388
190,1318,1508,0.1388
196,1323,1519,0.1388
193,1332,1525,0.1388
197,1321,1518,0.1388
196,1316,1512,0.1388
197,1323,1520,0.1388
195,1321,1516,0.1388
193,1316,1509,0.1388
190,1309,1499,0.1388
191,1310,1501,0.1388
191,1311,1502,0.1388
188,1325,1513,0.1388
189,1336,1525,0.1388
190,1326,1516,0.1388
186,1329,1515,0.1388
183,1314,1497,0.1388
185,1331,1516,0.1388
187,1339,1526,0.1388
186,1332,1518,0.1388
185,1328,1513,0.1388
182,1331,1513,0.1388
184,1328,1512,0.1388
185,1338,1523,0.1388
185,1324,1509,0.1388
182,1325,1507,0.1388
182,1335,1517,0.1388
179,1329,1508,0.1388
180,1332,1512,0.1388
177,1332,1509,0.1388
174,1337,1511,0.1388
175,1328,1503,0.1388
175,1330,1505,0.1388
177,1334,1511,0.1388
177,1331,1508,0.1388
178,1341,1519,0.1388
173,1348,1521,0.1388
174,1350,1524,0.1388
172,1349,1521,0.1388
165,1351,1516,0.1388
162,1344,1506,0.1388
159,1343,1502,0.1388
160,1339,1499,0.1388
157,1349,1506,0.1388
159,1343,1502,0.1388
158,1351,1509,0.1388
157,1347,1504,0.1388
160,1353,1513,0.1388
156,1357,1513,0.1388
160,1342,1502,0.1388
158,1353,1511,0.1388
161,1344,1505,0.1388
158,1348,1506,0.1388
161,1350,1511,0.1388
161,1358,1519,0.1388
151,1353,1504,0.1388
150,1352,1502,0.1388
150,1356,1506,0.1388
156,1359,1515,0.1388
154,1358,1512,0.1388
152,1351,1503,0.1388
147,1337,1484,0.1388
149,1358,1507,0.1388
148,1358,1506,0.1388
144,1367,1511,0.1388
140,1373,1513,0.1388
142,1389,1531,0.1388
144,1376,1520,0.1388
142,1366,1508,0.1388
140,1368,1508,0.1388
138,1374,1512,0.1388
136,1370,1506,0.1388
136,1356,1492,0.1388
134,1355,1489,0.1388
134,1361,1495,0.1388
135,1353,1488,0.1388
135,1374,1509,0.1388
132,1375,1507,0.1388
131,1381,1512,0.1388
132,1390,1522,0.1388
131,1392,1523,0.1388
131,1375,1506,0.1388
132,1372,1504,0.1388
131,1367,1498,0.1388
133,1372,1505,0.1388
131,1368,1499,0.1388
131,1375,1506,0.1388
130,1384,1514,0.1388
129,1372,1501,0.1388
127,1381,1508,0.1388
127,1382,1509,0.1388
127,1388,1515,0.1388
126,1383,1509,0.1388
127,1371,1498,0.1388
126,1380,1506,0.1388
124,1395,1519,0.1388
129,1385,1514,0.1388
128,1396,1524,0.1388
125,1390,1515,0.1388
122,1402,1524,0.1388
122,1404,1526,0.1388
116,1393,1509,0.1388
119,1404,1523,0.1388
115,1388,1503,0.1388
114,1387,1501,0.1388
115,1389,1504,0.1388
113,1393,1506,0.1388
116,1400,1516,0.1388
119,1398,1517,0.1388
121,1404,1525,0.1388
118,1411,1529,0.1388
119,1406,1525,0.1388
117,1395,1512,0.1388
115,1404,1519,0.1388
112,1416,1528,0.1388
114,1395,1509,0.1388
116,1404,1520,0.1388
116,1392,1508,0.1388
112,1389,1501,0.1388
106,1397,1503,0.1388
112,1397,1509,0.1388
112,1401,1513,0.1388
113,1398,1511,0.1388
116,1387,1503,0.1388
115,1382,1497,0.1388
116,1385,1501,0.1388
118,1384,1502,0.1388
118,1390,1508,0.1388
115,1389,1504,0.1388
114,1404,1518,0.1388
116,1402,1518,0.1388
114,1381,1495,0.1388
114,1382,1496,0.1388
117,1389,1506,0.1388
116,1387,1503,0.1388
115,1380,1495,0.1388
116,1389,1505,0.1388
117,1387,1504,0.1388
115,1390,1505,0.1388
113,1394,1507,0.1388
115,1390,1505,0.1388
116,1390,1506,0.1388
118,1392,1510,0.1388
118,1400,1518,0.1388
119,1401,1520,0.1388
113,1388,1501,0.1388
115,1375,1490,0.1388
118,1383,1501,0.1388
116,1390,1506,0.1388
119,1394,1513,0.1388
122,1405,1527,0.1388
118,1404,1522,0.1388
116,1405,1521,0.1388
119,1403,1522,0.1388
119,1400,1519,0.1388
117,1401,1518,0.1388
113,1399,1512,0.1388
111,1400,1511,0.1388
114,1402,1516,0.1388
114,1395,1509,0.1388
118,1400,1518,0.1388
117,1390,1507,0.1388
118,1396,1514,0.1388
118,1391,1509,0.1388
119,1397,1516,0.1388
115,1406,1521,0.1388
115,1414,1529,0.1388
109,1413,1522,0.1388
113,1399,1512,0.1388
116,1400,1516,0.1388
115,1409,1524,0.1388
119,1410,1529,0.1388
118,1414,1532,0.1388
120,1399,1519,0.1388
117,1401,1518,0.1388
115,1416,1531,0.1388
113,1402,1515,0.1388
110,1402,1512,0.1388
111,1395,1506,0.1388
109,1400,1509,0.1388
110,1403,1513,0.1388
107,1394,1501,0.1388
110,1388,1498,0.1388
113,1399,1512,0.1388
112,1406,1518,0.1388
112,1413,1525,0.1388
112,1419,1531,0.1388
114,1406,1520,0.1388
113,1405,1518,0.1388
109,1400,1509,0.1388
112,1393,1505,0.1388
110,1409,1519,0.1388
104,1405,1509,0.1388
104,1405,1509,0.1388
104,1403,1507,0.1388
101,1399,1500,0.1388
100,1401,1501,0.1388
102,1405,1507,0.1388
102,1400,1502,0.1388
105,1412,1517,0.1388
105,1426,1531,0.1388
106,1417,1523,0.1388
105,1414,1519,0.1388
103,1423,1526,0.1388
101,1411,1512,0.1388
99,1413,1512,0.1388
99,1403,1502,0.1388
99,1409,1508,0.1388
99,1387,1486,0.1388
100,1388,1488,0.1388
98,1396,1494,0.1388
98,1403,1501,0.1388
99,1408,1507,0.1388
97,1411,1508,0.1388
97,1424,1521,0.1388
98,1419,1517,0.1388
96,1422,1518,0.1388
95,1408,1503,0.1388
95,1412,1507,0.1388
95,1415,1510,0.1388
96,1423,1519,0.1388
95,1424,1519,0.1388
95,1422,1517,0.1388
91,1421,1512,0.1388
92,1429,1521,0.1388
94,1431,1525,0.1388
95,1413,1508,0.1388
98,1408,1506,0.1388
96,1416,1512,0.1388
96,1412,1508,0.1388
97,1414,1511,0.1388
96,1411,1507,0.1388
94,1406,1500,0.1388
93,1417,1510,0.1388
92,1430,1522,0.1388
90,1429,1519,0.1388
91,1437,1528,0.1388
90,1435,1525,0.1388
88,1424,1512,0.1388
89,1428,1517,0.1388
87,1426,1513,0.1388
89,1415,1504,0.1388
88,1426,1514,0.1388
88,1419,1507,0.1388
86,1437,1523,0.1388
86,1435,1521,0.1388
87,1437,1524,0.1388
86,1431,1517,0.1388
86,1425,1511,0.1388
86,1417,1503,0.1388
88,1424,1512,0.1388
88,1428,1516,0.1388
88,1425,1513,0.1388
89,1432,1521,0.1388
85,1417,1502,0.1388
85,1417,1502,0.1388
85,1425,1510,0.1388
86,1426,1512,0.1388
87,1416,1503,0.1388
88,1438,1526,0.1388
86,1422,1508,0.1388
86,1421,1507,0.1388
85,1428,1513,0.1388
85,1427,1512,0.1388
85,1451,1536,0.1388
88,1443,1531,0.1388
88,1429,1517,0.1388
84,1441,1525,0.1388
85,1440,1525,0.1388
83,1447,1530,0.1388
80,1445,1525,0.1388
79,1428,1507,0.1388
84,1441,1525,0.1388
81,1417,1498,0.1388
82,1424,1506,0.1388
78,1435,1513,0.1388
80,1442,1522,0.1388
83,1436,1519,0.1388
80,1434,1514,0.1388
77,1430,1507,0.1388
81,1429,1510,0.1388
84,1443,1527,0.1388
85,1437,1522,0.1388
84,1432,1516,0.1388
85,1430,1515,0.1388
83,1446,1529,0.1388
83,1446,1529,0.1388
85,1448,1533,0.1388
84,1443,1527,0.1388
82,1446,1528,0.1388
81,1441,1522,0.1388
79,1444,1523,0.1388
80,1431,1511,0.1388
80,1439,1519,0.1388
80,1438,1518,0.1388
75,1444,1519,0.1388
73,1436,1509,0.1388
74,1444,1518,0.1388
74,1448,1522,0.1388
73,1447,1520,0.1388
73,1434,1507,0.1388
71,1430,1501,0.1388
70,1438,1508,0.1388
74,1439,1513,0.1388
76,1441,1517,0.1388
74,1441,1515,0.1388
70,1436,1506,0.1388
68,1434,1502,0.1388
67,1439,1506,0.1388
67,1446,1513,0.1388
67,1448,1515,0.1388
69,1452,1521,0.1388
68,1459,1527,0.1388
69,1458,1527,0.1388
70,1455,1525,0.1388
72,1454,1526,0.1388
73,1456,1529,0.1388
72,1462,1534,0.1388
70,1450,1520,0.1388
69,1450,1519,0.1388
68,1451,1519,0.1388
69,1442,1511,0.1388
67,1435,1502,0.1388
70,1436,1506,0.1388
68,1433,1501,0.1388
65,1434,1499,0.1388
67,1442,1509,0.1388
71,1443,1514,0.1388
71,1463,1534,0.1388
72,1458,1530,0.1388
75,1457,1532,0.1388
76,1448,1524,0.1388
74,1451,1525,0.1388
69,1436,1505,0.1388
70,1432,1502,0.1388
70,1433,1503,0.1388
71,1419,1490,0.1388
72,1421,1493,0.1388
71,1438,1509,0.1388
72,1447,1519,0.1388
71,1449,1520,0.1388
69,1447,1516,0.1388
66,1449,1515,0.1388
64,1457,1521,0.1388
59,1461,1520,0.1388
57,1459,1516,0.1388
61,1462,1523,0.1388
63,1463,1526,0.1388
64,1460,1524,0.1388
62,1452,1514,0.1388
63,1437,1500,0.1388
63,1441,1504,0.1388
62,1437,1499,0.1388
68,1443,1511,0.1388
69,1438,1507,0.1388
69,1455,1524,0.1388
72,1459,1531,0.1388
73,1451,1524,0.1388
72,1433,1505,0.1388
72,1446,1518,0.1388
73,1446,1519,0.1388
73,1453,1526,0.1388
74,1451,1525,0.1388
72,1467,1539,0.1388
72,1457,1529,0.1388
70,1449,1519,0.1388
69,1452,1521,0.1388
71,1470,1541,0.1388
70,1449,1519,0.1388
69,1463,1532,0.1388
70,1453,1523,0.1388
75,1462,1537,0.1388
74,1459,1533,0.1388
73,1446,1519,0.1388
72,1459,1531,0.1388
74,1446,1520,0.1388
74,1449,1523,0.1388
76,1442,1518,0.1388
71,1443,1514,0.1388
69,1433,1502,0.1388
69,1433,1502,0.1388
73,1430,1503,0.1388
70,1427,1497,0.1388
73,1437,1510,0.1388
67,1444,1511,0.1388
71,1441,1512,0.1388
69,1450,1519,0.1388
68,1448,1516,0.1388
70,1447,1517,0.1388
70,1444,1514,0.1388
71,1450,1521,0.1388
69,1448,1517,0.1388
69,1461,1530,0.1388
66,1450,1516,0.1388
69,1435,1504,0.1388
71,1445,1516,0.1388
70,1444,1514,0.1388
71,1443,1514,0.1388
69,1450,1519,0.1388
67,1454,1521,0.1388
67,1456,1523,0.1388
64,1454,1518,0.1388
65,1446,1511,0.1388
64,1444,1508,0.1388
63,1451,1514,0.1388
64,1459,1523,0.1388
62,1454,1516,0.1388
63,1463,1526,0.1388
63,1453,1516,0.1388
60,1459,1519,0.1388
59,1448,1507,0.1388
62,1457,1519,0.1388
64,1461,1525,0.1388
68,1460,1528,0.1388
66,1451,1517,0.1388
62,1449,1511,0.1388
64,1444,1508,0.1388
63,1427,1490,0.1388
62,1449,1511,0.1388
61,1437,1498,0.1388
61,1451,1512,0.1388
60,1458,1518,0.1388
62,1466,1528,0.1388
62,1459,1521,0.1388
59,1452,1511,0.1388
60,1446,1506,0.1388
59,1441,1500,0.1388
61,1435,1496,0.1388
59,1456,1515,0.1388
61,1460,1521,0.1388
60,1461,1521,0.1388
60,1461,1521,0.1388
61,1468,1529,0.1388
62,1463,1525,0.1388
62,1460,1522,0.1388
63,1453,1516,0.1388
63,1452,1515,0.1388
63,1455,1518,0.1388
62,1451,1513,0.1388
62,1451,1513,0.1388
61,1450,1511,0.1388
61,1460,1521,0.1388
61,1470,1531,0.1388
62,1476,1538,0.1388
62,1469,1531,0.1388
62,1466,1528,0.1388
62,1465,1527,0.1388
65,1456,1521,0.1388
63,1451,1514,0.1388
63,1450,1513,0.1388
64,1455,1519,0.1388
65,1454,1519,0.1388
64,1449,1513,0.1388
62,1456,1518,0.1388
61,1475,1536,0.1388
60,1466,1526,0.1388
59,1466,1525,0.1388
59,1463,1522,0.1388
63,1453,1516,0.1388
63,1446,1509,0.1388
64,1458,1522,0.1388
63,1458,1521,0.1388
62,1436,1498,0.1388
62,1438,1500,0.1388
65,1448,1513,0.1388
63,1455,1518,0.1388
59,1447,1506,0.1388
59,1449,1508,0.1388
59,1445,1504,0.1388
57,1444,1501,0.1388
57,1442,1499,0.1388
60,1448,1508,0.1388
60,1460,1520,0.1388
60,1458,1518,0.1388
60,1467,1527,0.1388
61,1467,1528,0.1388
61,1467,1528,0.1388
59,1469,1528,0.1388
60,1463,1523,0.1388
60,1456,1516,0.1388
59,1464,1523,0.1388
58,1457,1515,0.1388
56,1457,1513,0.1388
57,1458,1515,0.1388
60,1462,1522,0.1388
59,1464,1523,0.1388
58,1460,1518,0.1388
56,1468,1524,0.1388
57,1457,1514,0.1388
58,1457,1515,0.1388
57,1453,1510,0.1388
58,1463,1521,0.1388
55,1462,1517,0.1388
56,1454,1510,0.1388
55,1453,1508,0.1388
57,1468,1525,0.1388
56,1465,1521,0.1388
57,1448,1505,0.1388
58,1450,1508,0.1388
55,1442,1497,0.1388
53,1457,1510,0.1388
52,1460,1512,0.1388
54,1467,1521,0.1388
54,1472,1526,0.1388
53,1472,1525,0.1388
53,1473,1526,0.1388
51,1466,1517,0.1388
49,1472,1521,0.1388
47,1474,1521,0.1388
47,1474,1521,0.1388
45,1460,1505,0.1388
46,1459,1505,0.1388
46,1463,1509,0.1388
46,1461,1507,0.1388
48,1451,1499,0.1388
48,1456,1504,0.1388
51,1463,1514,0.1388
50,1476,1526,0.1388
49,1476,1525,0.1388
45,1485,1530,0.1388
45,1488,1533,0.1388
45,1486,1531,0.1388
45,1484,1529,0.1388
48,1475,1523,0.1388
45,1464,1509,0.1388
45,1458,1503,0.1388
47,1462,1509,0.1388
44,1478,1522,0.1388
46,1464,1510,0.1388
47,1467,1514,0.1388
47,1477,1524,0.1388
48,1469,1517,0.1388
47,1468,1515,0.1388
46,1474,1520,0.1388
47,1461,1508,0.1388
46,1474,1520,0.1388
45,1481,1526,0.1388
45,1472,1517,0.1388
44,1474,1518,0.1388
44,1474,1518,0.1388
44,1480,1524,0.1388
42,1486,1528,0.1388
41,1473,1514,0.1388
40,1477,1517,0.1388
40,1477,1517,0.1388
41,1473,1514,0.1388
42,1470,1512,0.1388
42,1481,1523,0.1388
42,1465,1507,0.1388
42,1460,1502,0.1388
40,1474,1514,0.1388
37,1470,1507,0.1388
38,1468,1506,0.1388
39,1487,1526,0.1388
39,1488,1527,0.1388
40,1483,1523,0.1388
43,1479,1522,0.1388
41,1473,1514,0.1388
40,1486,1526,0.1388
38,1487,1525,0.1388
39,1479,1518,0.1388
37,1486,1523,0.1388
36,1485,1521,0.1388
34,1482,1516,0.1388
37,1483,1520,0.1388
36,1481,1517,0.1388
35,1495,1530,0.1388
35,1493,1528,0.1388
33,1482,1515,0.1388
32,1480,1512,0.1388
33,1494,1527,0.1388
30,1495,1525,0.1388
30,1500,1530,0.1388
28,1506,1534,0.1388
31,1494,1525,0.1388
31,1491,1522,0.1388
31,1486,1517,0.1388
32,1496,1528,0.1388
29,1497,1526,0.1388
30,1483,1513,0.1388
31,1488,1519,0.1388
31,1487,1518,0.1388
33,1481,1514,0.1388
32,1484,1516,0.1388
31,1478,1509,0.1388
28,1481,1509,0.1388
28,1491,1519,0.1388
29,1489,1518,0.1388
28,1497,1525,0.1388
26,1507,1533,0.1388
25,1507,1532,0.1388
25,1491,1516,0.1388
26,1492,1518,0.1388
26,1488,1514,0.1388
27,1486,1513,0.1388
27,1483,1510,0.1388
28,1483,1511,0.1388
27,1491,1518,0.1388
28,1495,1523,0.1388
27,1477,1504,0.1388
26,1479,1505,0.1388
24,1484,1508,0.1388
25,1486,1511,0.1388
25,1482,1507,0.1388
27,1486,1513,0.1388
28,1481,1509,0.1388
27,1485,1512,0.1388
27,1507,1534,0.1388
29,1504,1533,0.1388
28,1504,1532,0.1388
27,1501,1528,0.1388
27,1501,1528,0.1388
27,1494,1521,0.1388
29,1479,1508,0.1388
31,1480,1511,0.1388
31,1486,1517,0.1388
30,1500,1530,0.1388
30,1490,1520,0.1388
30,1493,1523,0.1388
32,1483,1515,0.1388
31,1477,1508,0.1388
31,1485,1516,0.1388
31,1487,1518,0.1388
31,1488,1519,0.1388
31,1486,1517,0.1388
30,1478,1508,0.1388
30,1493,1523,0.1388
30,1492,1522,0.1388
29,1475,1504,0.1388
29,1486,1515,0.1388
29,1486,1515,0.1388
26,1482,1508,0.1388
25,1489,1514,0.1388
24,1494,1518,0.1388
24,1489,1513,0.1388
25,1500,1525,0.1388
24,1490,1514,0.1388
24,1502,1526,0.1388
22,1501,1523,0.1388
23,1507,1530,0.1388
22,1500,1522,0.1388
23,1498,1521,0.1388
23,1503,1526,0.1388
22,1500,1522,0.1388
24,1501,1525,0.1388
24,1513,1537,0.1388
23,1512,1535,0.1388
24,1503,1527,0.1388
24,1511,1535,0.1388
23,1507,1530,0.1388
23,1506,1529,0.1388
24,1512,1536,0.1388
22,1509,1531,0.1388
23,1511,1534,0.1388
23,1488,1511,0.1388
22,1485,1507,0.1388
21,1478,1499,0.1388
21,1483,1504,0.1388
22,1480,1502,0.1388
22,1487,1509,0.1388
22,1487,1509,0.1388
21,1492,1513,0.1388
22,1492,1514,0.1388
21,1494,1515,0.1388
20,1486,1506,0.1388
21,1489,1510,0.1388
21,1481,1502,0.1388
22,1495,1517,0.1388
22,1494,1516,0.1388
20,1466,1486,0.1388
18,1486,1504,0.1388
17,1492,1509,0.1388
18,1487,1505,0.1388
17,1488,1505,0.1388
16,1492,1508,0.1388
16,1488,1504,0.1388
17,1506,1523,0.1388
17,1510,1527,0.1388
17,1504,1521,0.1388
16,1507,1523,0.1388
16,1502,1518,0.1388
16,1501,1517,0.1388
16,1505,1521,0.1388
16,1502,1518,0.1388
17,1503,1520,0.1388
17,1487,1504,0.1388
17,1486,1503,0.1388
16,1513,1529,0.1388
15,1511,1526,0.1388
15,1505,1520,0.1388
15,1508,1523,0.1388
15,1510,1525,0.1388
15,1497,1512,0.1388
15,1496,1511,0.1388
16,1499,1515,0.1388
17,1502,1519,0.1388
17,1498,1515,0.1388
18,1491,1509,0.1388
18,1486,1504,0.1388
18,1493,1511,0.1388
18,1489,1507,0.1388
17,1492,1509,0.1388
17,1493,1510,0.1388
17,1498,1515,0.1388
17,1497,1514,0.1388
18,1480,1498,0.1388
20,1483,1503,0.1388
18,1501,1519,0.1388
18,1508,1526,0.1388
18,1501,1519,0.1388
18,1507,1525,0.1388
16,1507,1523,0.1388
16,1505,1521,0.1388
16,1517,1533,0.1388
16,1513,1529,0.1388
19,1514,1533,0.1388
19,1509,1528,0.1388
19,1501,1520,0.1388
19,1492,1511,0.1388
20,1494,1514,0.1388
21,1502,1523,0.1388
20,1507,1527,0.1388
19,1506,1525,0.1388
19,1496,1515,0.1388
17,1488,1505,0.1388
17,1505,1522,0.1388
17,1511,1528,0.1388
17,1502,1519,0.1388
17,1507,1524,0.1388
17,1514,1531,0.1388
16,1517,1533,0.1388
14,1517,1531,0.1388
15,1507,1522,0.1388
13,1508,1521,0.1388
13,1513,1526,0.1388
13,1507,1520,0.1388
13,1499,1512,0.1388
11,1506,1517,0.1388
10,1512,1522,0.1388
10,1509,1519,0.1388
10,1499,1509,0.1388
10,1504,1514,0.1388
10,1507,1517,0.1388
10,1507,1517,0.1388
10,1514,1524,0.1388
10,1507,1517,0.1388
9,1501,1510,0.1388
9,1507,1516,0.1388
9,1495,1504,0.1388
9,1505,1514,0.1388
10,1508,1518,0.1388
10,1502,1512,0.1388
10,1518,1528,0.1388
10,1509,1519,0.1388
10,1512,1522,0.1388
10,1499,1509,0.1388
11,1500,1511,0.1388
10,1498,1508,0.1388
12,1489,1501,0.1388
13,1495,1508,0.1388
13,1502,1515,0.1388
13,1498,1511,0.1388
14,1492,1506,0.1388
15,1500,1515,0.1388
14,1502,1516,0.1388
14,1499,1513,0.1388
15,1501,1516,0.1388
14,1482,1496,0.1388
15,1485,1500,0.1388
14,1480,1494,0.1388
14,1503,1517,0.1388
14,1501,1515,0.1388
16,1496,1512,0.1388
17,1491,1508,0.1388
17,1500,1517,0.1388
15,1488,1503,0.1388
16,1493,1509,0.1388
17,1497,1514,0.1388
15,1495,1510,0.1388
17,1493,1510,0.1388
17,1509,1526,0.1388
16,1497,1513,0.1388
17,1500,1517,0.1388
17,1489,1506,0.1388
17,1490,1507,0.1388
17,1497,1514,0.1388
17,1500,1517,0.1388
15,1502,1517,0.1388
15,1491,1506,0.1388
15,1503,1518,0.1388
15,1501,1516,0.1388
16,1497,1513,0.1388
16,1491,1507,0.1388
16,1492,1508,0.1388
16,1483,1499,0.1388
14,1492,1506,0.1388
13,1490,1503,0.1388
12,1495,1507,0.1388
11,1502,1513,0.1388
11,1503,1514,0.1388
9,1513,1522,0.1388
10,1504,1514,0.1388
10,1510,1520,0.1388
10,1513,1523,0.1388
10,1509,1519,0.1388
11,1506,1517,0.1388
10,1495,1505,0.1388
10,1491,1501,0.1388
10,1499,1509,0.1388
9,1500,1509,0.1388
9,1494,1503,0.1388
9,1510,1519,0.1388
9,1524,1533,0.1388
8,1522,1530,0.1388
8,1518,1526,0.1388
8,1510,1518,0.1388
9,1496,1505,0.1388
9,1496,1505,0.1388
9,1497,1506,0.1388
8,1513,1521,0.1388
8,1517,1525,0.1388
8,1511,1519,0.1388
8,1509,1517,0.1388
7,1503,1510,0.1388
7,1508,1515,0.1388
5,1516,1521,0.1388
6,1516,1522,0.1388
6,1526,1532,0.1388
5,1512,1517,0.1388
5,1511,1516,0.1388
5,1516,1521,0.1388
5,1514,1519,0.1388
5,1512,1517,0.1388
5,1505,1510,0.1388
5,1517,1522,0.1388
5,1502,1507,0.1388
5,1507,1512,0.1388
4,1519,1523,0.1388
4,1515,1519,0.1388
4,1513,1517,0.1388
4,1507,1511,0.1388
3,1496,1499,0.1388
3,1502,1505,0.1388
3,1499,1502,0.1388
3,1497,1500,0.1388
3,1501,1504,0.1388
3,1502,1505,0.1388
2,1497,1499,0.1388
2,1481,1483,0.1388
2,1505,1507,0.1388
2,1525,1527,0.1388
2,1523,1525,0.1388
2,1517,1519,0.1388
2,1515,1517,0.1388
2,1512,1514,0.1388
2,1518,1520,0.1388
2,1523,1525,0.1388
2,1520,1522,0.1388
2,1512,1514,0.1388
2,1524,1526,0.1388
2,1507,1509,0.1388
1,1513,1514,0.1388
1,1500,1501,0.1388
1,1518,1519,0.1388
0,1516,1516,0.1388
