1370,30,1400,0.1388
1410,33,1443,0.1388
1429,34,1463,0.1388
1437,36,1473,0.1388
1436,35,1471,0.1388
1453,34,1487,0.1388
1448,32,1480,0.1388
1454,30,1484,0.1388
1454,31,1485,0.1388
1439,32,1471,0.1388
1435,32,1467,0.1388
1449,31,1480,0.1388
1446,31,1477,0.1388
1450,31,1481,0.1388
1456,31,1487,0.1388
1457,30,1487,0.1388
1450,28,1478,0.1388
1454,30,1484,0.1388
1460,31,1491,0.1388
1479,30,1509,0.1388
1468,31,1499,0.1388
1475,29,1504,0.1388
1469,32,1501,0.1388
1459,31,1490,0.1388
1470,32,1502,0.1388
1454,33,1487,0.1388
1456,36,1492,0.1388
1460,36,1496,0.1388
1458,37,1495,0.1388
1452,37,1489,0.1388
1442,39,1481,0.1388
1459,40,1499,0.1388
1452,41,1493,0.1388
1451,42,1493,0.1388
1442,42,1484,0.1388
1453,41,1494,0.1388
1453,38,1491,0.1388
1461,37,1498,0.1388
1450,38,1488,0.1388
1444,37,1481,0.1388
1445,39,1484,0.1388
1452,38,1490,0.1388
1460,36,1496,0.1388
1462,36,1498,0.1388
1469,37,1506,0.1388
1455,37,1492,0.1388
1463,35,1498,0.1388
1460,36,1496,0.1388
1458,36,1494,0.1388
1461,34,1495,0.1388
1457,33,1490,0.1388
1449,34,1483,0.1388
1462,36,1498,0.1388
1467,37,1504,0.1388
1469,35,1504,0.1388
1465,35,1500,0.1388
1461,35,1496,0.1388
1454,32,1486,0.1388
1447,34,1481,0.1388
1449,35,1484,0.1388
1452,36,1488,0.1388
1461,37,1498,0.1388
1459,38,1497,0.1388
1439,38,1477,0.1388
1449,36,1485,0.1388
1460,38,1498,0.1388
1465,39,1504,0.1388
1455,39,1494,0.1388
1448,39,1487,0.1388
1454,40,1494,0.1388
1449,41,1490,0.1388
1445,41,1486,0.1388
1462,43,1505,0.1388
1449,43,1492,0.1388
1453,41,1494,0.1388
1462,39,1501,0.1388
1455,39,1494,0.1388
1455,37,1492,0.1388
1461,37,1498,0.1388
1467,37,1504,0.1388
1460,37,1497,0.1388
1463,36,1499,0.1388
1463,36,1499,0.1388
1472,38,1510,0.1388
1447,37,1484,0.1388
1445,37,1482,0.1388
1446,37,1483,0.1388
1459,36,1495,0.1388
1477,34,1511,0.1388
1465,31,1496,0.1388
1460,33,1493,0.1388
1450,31,1481,0.1388
1453,30,1483,0.1388
1460,30,1490,0.1388
1458,32,1490,0.1388
1464,33,1497,0.1388
1455,33,1488,0.1388
1455,33,1488,0.1388
1452,32,1484,0.1388
1460,32,1492,0.1388
1450,31,1481,0.1388
1455,30,1485,0.1388
1461,30,1491,0.1388
1460,30,1490,0.1388
1467,32,1499,0.1388
1468,32,1500,0.1388
1455,32,1487,0.1388
1463,31,1494,0.1388
1455,32,1487,0.1388
1452,31,1483,0.1388
1455,31,1486,0.1388
1438,31,1469,0.1388
1444,30,1474,0.1388
1452,32,1484,0.1388
1460,33,1493,0.1388
1447,35,1482,0.1388
1457,35,1492,0.1388
1455,35,1490,0.1388
1460,35,1495,0.1388
1462,34,1496,0.1388
1466,38,1504,0.1388
1457,36,1493,0.1388
1467,34,1501,0.1388
1471,33,1504,0.1388
1471,32,1503,0.1388
1463,33,1496,0.1388
1467,33,1500,0.1388
1466,34,1500,0.1388
1458,38,1496,0.1388
1462,40,1502,0.1388
1464,44,1508,0.1388
1447,44,1491,0.1388
1448,44,1492,0.1388
1457,44,1501,0.1388
1472,44,1516,0.1388
1469,44,1513,0.1388
1468,43,1511,0.1388
1462,42,1504,0.1388
1463,44,1507,0.1388
1458,44,1502,0.1388
1458,45,1503,0.1388
1457,44,1501,0.1388
1448,44,1492,0.1388
1442,44,1486,0.1388
1443,41,1484,0.1388
1458,44,1502,0.1388
1463,43,1506,0.1388
1459,47,1506,0.1388
1456,51,1507,0.1388
1458,52,1510,0.1388
1444,53,1497,0.1388
1438,55,1493,0.1388
1439,56,1495,0.1388
1433,55,1488,0.1388
1433,56,1489,0.1388
1419,54,1473,0.1388
1425,54,1479,0.1388
1435,54,1489,0.1388
1433,53,1486,0.1388
1446,55,1501,0.1388
1437,54,1491,0.1388
1429,56,1485,0.1388
1435,59,1494,0.1388
1433,59,1492,0.1388
1426,59,1485,0.1388
1419,60,1479,0.1388
1419,61,1480,0.1388
1412,62,1474,0.1388
1415,63,1478,0.1388
1420,62,1482,0.1388
1422,65,1487,0.1388
1424,65,1489,0.1388
1419,66,1485,0.1388
1420,65,1485,0.1388
1423,66,1489,0.1388
1422,65,1487,0.1388
1412,66,1478,0.1388
1422,68,1490,0.1388
1426,69,1495,0.1388
1429,73,1502,0.1388
1428,71,1499,0.1388
1423,71,1494,0.1388
1431,72,1503,0.1388
1420,71,1491,0.1388
1415,76,1491,0.1388
1413,74,1487,0.1388
1426,76,1502,0.1388
1427,77,1504,0.1388
1411,75,1486,0.1388
1414,75,1489,0.1388
1432,73,1505,0.1388
1424,70,1494,0.1388
1430,70,1500,0.1388
1418,73,1491,0.1388
1415,69,1484,0.1388
1404,72,1476,0.1388
1410,75,1485,0.1388
1419,72,1491,0.1388
1415,77,1492,0.1388
1413,77,1490,0.1388
1401,77,1478,0.1388
1417,80,1497,0.1388
1421,83,1504,0.1388
1421,84,1505,0.1388
1408,88,1496,0.1388
1409,86,1495,0.1388
1414,83,1497,0.1388
1425,82,1507,0.1388
1407,79,1486,0.1388
1396,79,1475,0.1388
1398,81,1479,0.1388
1422,79,1501,0.1388
1420,81,1501,0.1388
1407,80,1487,0.1388
1395,79,1474,0.1388
1389,81,1470,0.1388
1381,79,1460,0.1388
1390,80,1470,0.1388
1400,84,1484,0.1388
1399,84,1483,0.1388
1392,84,1476,0.1388
1404,88,1492,0.1388
1401,87,1488,0.1388
1399,86,1485,0.1388
1415,84,1499,0.1388
1411,85,1496,0.1388
1411,87,1498,0.1388
1406,85,1491,0.1388
1418,81,1499,0.1388
1416,84,1500,0.1388
1401,78,1479,0.1388
1419,78,1497,0.1388
1425,77,1502,0.1388
1423,76,1499,0.1388
1412,76,1488,0.1388
1404,79,1483,0.1388
1401,81,1482,0.1388
1399,82,1481,0.1388
1404,84,1488,0.1388
1407,85,1492,0.1388
1411,86,1497,0.1388
1411,86,1497,0.1388
1412,85,1497,0.1388
1409,85,1494,0.1388
1398,91,1489,0.1388
1402,93,1495,0.1388
1407,95,1502,0.1388
1399,97,1496,0.1388
1376,93,1469,0.1388
1393,96,1489,0.1388
1387,99,1486,0.1388
1391,101,1492,0.1388
1398,106,1504,0.1388
1394,108,1502,0.1388
1387,107,1494,0.1388
1382,105,1487,0.1388
1373,104,1477,0.1388
1380,106,1486,0.1388
1377,108,1485,0.1388
1377,110,1487,0.1388
1389,111,1500,0.1388
1376,111,1487,0.1388
1375,110,1485,0.1388
1387,109,1496,0.1388
1368,110,1478,0.1388
1378,112,1490,0.1388
1370,115,1485,0.1388
1384,118,1502,0.1388
1382,118,1500,0.1388
1385,117,1502,0.1388
1382,113,1495,0.1388
1383,113,1496,0.1388
1389,115,1504,0.1388
1393,118,1511,0.1388
1384,115,1499,0.1388
1377,111,1488,0.1388
1380,112,1492,0.1388
1379,111,1490,0.1388
1392,109,1501,0.1388
1404,109,1513,0.1388
1400,112,1512,0.1388
1388,111,1499,0.1388
1387,109,1496,0.1388
1390,114,1504,0.1388
1396,114,1510,0.1388
1399,112,1511,0.1388
1394,111,1505,0.1388
1390,108,1498,0.1388
1380,110,1490,0.1388
1377,107,1484,0.1388
1385,112,1497,0.1388
1383,113,1496,0.1388
1382,110,1492,0.1388
1376,112,1488,0.1388
1384,115,1499,0.1388
1384,111,1495,0.1388
1392,113,1505,0.1388
1392,110,1502,0.1388
1387,110,1497,0.1388
1370,115,1485,0.1388
1365,112,1477,0.1388
1359,113,1472,0.1388
1375,111,1486,0.1388
1371,111,1482,0.1388
1377,115,1492,0.1388
1382,115,1497,0.1388
1377,119,1496,0.1388
1376,122,1498,0.1388
1376,121,1497,0.1388
1375,116,1491,0.1388
1374,114,1488,0.1388
1379,113,1492,0.1388
1372,110,1482,0.1388
1381,109,1490,0.1388
1381,112,1493,0.1388
1372,114,1486,0.1388
1363,114,1477,0.1388
1366,118,1484,0.1388
1364,118,1482,0.1388
1371,116,1487,0.1388
1363,113,1476,0.1388
1377,111,1488,0.1388
1378,112,1490,0.1388
1384,112,1496,0.1388
1388,114,1502,0.1388
1386,113,1499,0.1388
1379,109,1488,0.1388
1387,112,1499,0.1388
1379,112,1491,0.1388
1385,109,1494,0.1388
1381,112,1493,0.1388
1373,119,1492,0.1388
1373,117,1490,0.1388
1374,117,1491,0.1388
1374,117,1491,0.1388
1377,118,1495,0.1388
1371,117,1488,0.1388
1369,117,1486,0.1388
1376,122,1498,0.1388
1379,124,1503,0.1388
1375,124,1499,0.1388
1387,123,1510,0.1388
1375,127,1502,0.1388
1376,127,1503,0.1388
1370,126,1496,0.1388
1361,124,1485,0.1388
1355,125,1480,0.1388
1364,124,1488,0.1388
1382,127,1509,0.1388
1377,125,1502,0.1388
1368,129,1497,0.1388
1359,135,1494,0.1388
1361,135,1496,0.1388
1359,138,1497,0.1388
1346,135,1481,0.1388
1347,142,1489,0.1388
1338,137,1475,0.1388
1346,137,1483,0.1388
1362,136,1498,0.1388
1357,140,1497,0.1388
1346,137,1483,0.1388
1363,137,1500,0.1388
1361,138,1499,0.1388
1355,139,1494,0.1388
1350,138,1488,0.1388
1354,138,1492,0.1388
1345,135,1480,0.1388
1355,135,1490,0.1388
1347,141,1488,0.1388
1349,139,1488,0.1388
1359,137,1496,0.1388
1380,135,1515,0.1388
1369,137,1506,0.1388
1359,137,1496,0.1388
1361,133,1494,0.1388
1345,128,1473,0.1388
1348,130,1478,0.1388
1346,130,1476,0.1388
1333,132,1465,0.1388
1327,135,1462,0.1388
1341,138,1479,0.1388
1339,140,1479,0.1388
1348,142,1490,0.1388
1360,145,1505,0.1388
1348,140,1488,0.1388
1351,140,1491,0.1388
1362,140,1502,0.1388
1356,143,1499,0.1388
1358,137,1495,0.1388
1352,148,1500,0.1388
1357,149,1506,0.1388
1356,150,1506,0.1388
1348,147,1495,0.1388
1359,143,1502,0.1388
1341,148,1489,0.1388
1350,149,1499,0.1388
1353,148,1501,0.1388
1349,148,1497,0.1388
1359,144,1503,0.1388
1364,146,1510,0.1388
1362,144,1506,0.1388
1364,147,1511,0.1388
1360,144,1504,0.1388
1352,145,1497,0.1388
1342,147,1489,0.1388
1333,143,1476,0.1388
1344,147,1491,0.1388
1352,148,1500,0.1388
1359,150,1509,0.1388
1356,153,1509,0.1388
1359,154,1513,0.1388
1359,153,1512,0.1388
1356,152,1508,0.1388
1359,152,1511,0.1388
1343,148,1491,0.1388
1349,154,1503,0.1388
1354,156,1510,0.1388
1346,152,1498,0.1388
1330,154,1484,0.1388
1342,153,1495,0.1388
1326,152,1478,0.1388
1335,151,1486,0.1388
1342,153,1495,0.1388
1347,150,1497,0.1388
1339,155,1494,0.1388
1333,155,1488,0.1388
1330,155,1485,0.1388
1342,159,1501,0.1388
1324,159,1483,0.1388
1328,158,1486,0.1388
1312,164,1476,0.1388
1327,165,1492,0.1388
1334,166,1500,0.1388
1332,163,1495,0.1388
1318,161,1479,0.1388
1321,159,1480,0.1388
1324,161,1485,0.1388
1325,165,1490,0.1388
1322,166,1488,0.1388
1322,160,1482,0.1388
1325,159,1484,0.1388
1330,167,1497,0.1388
1326,166,1492,0.1388
1326,169,1495,0.1388
1326,168,1494,0.1388
1327,167,1494,0.1388
1323,164,1487,0.1388
1323,159,1482,0.1388
1327,159,1486,0.1388
1325,163,1488,0.1388
1325,165,1490,0.1388
1326,166,1492,0.1388
1329,166,1495,0.1388
1334,168,1502,0.1388
1329,165,1494,0.1388
1325,168,1493,0.1388
1333,169,1502,0.1388
1324,168,1492,0.1388
1319,174,1493,0.1388
1323,172,1495,0.1388
1306,171,1477,0.1388
1305,170,1475,0.1388
1307,171,1478,0.1388
1318,176,1494,0.1388
1319,172,1491,0.1388
1310,176,1486,0.1388
1311,171,1482,0.1388
1323,170,1493,0.1388
1319,170,1489,0.1388
1318,169,1487,0.1388
1325,168,1493,0.1388
1328,169,1497,0.1388
1319,172,1491,0.1388
1320,169,1489,0.1388
1323,169,1492,0.1388
1324,168,1492,0.1388
1330,171,1501,0.1388
1329,172,1501,0.1388
1334,173,1507,0.1388
1333,172,1505,0.1388
1331,169,1500,0.1388
1332,165,1497,0.1388
1334,165,1499,0.1388
1330,167,1497,0.1388
1333,166,1499,0.1388
1334,167,1501,0.1388
1340,167,1507,0.1388
1352,171,1523,0.1388
1355,168,1523,0.1388
1353,165,1518,0.1388
1352,170,1522,0.1388
1342,170,1512,0.1388
1341,167,1508,0.1388
1332,171,1503,0.1388
1333,167,1500,0.1388
1344,167,1511,0.1388
1335,165,1500,0.1388
1325,166,1491,0.1388
1339,173,1512,0.1388
1339,177,1516,0.1388
1338,175,1513,0.1388
1334,179,1513,0.1388
1328,176,1504,0.1388
1337,174,1511,0.1388
1331,173,1504,0.1388
1324,170,1494,0.1388
1316,168,1484,0.1388
1307,173,1480,0.1388
1304,174,1478,0.1388
1306,176,1482,0.1388
1316,181,1497,0.1388
1330,181,1511,0.1388
1321,182,1503,0.1388
1318,184,1502,0.1388
1313,182,1495,0.1388
1320,177,1497,0.1388
1331,173,1504,0.1388
1335,175,1510,0.1388
1330,174,1504,0.1388
1317,177,1494,0.1388
1316,182,1498,0.1388
1324,181,1505,0.1388
1326,183,1509,0.1388
1320,180,1500,0.1388
1327,177,1504,0.1388
1328,181,1509,0.1388
1305,184,1489,0.1388
1310,188,1498,0.1388
1324,193,1517,0.1388
1301,196,1497,0.1388
1303,200,1503,0.1388
1305,204,1509,0.1388
1291,204,1495,0.1388
1295,203,1498,0.1388
1300,197,1497,0.1388
1314,199,1513,0.1388
1316,196,1512,0.1388
1317,195,1512,0.1388
1313,190,1503,0.1388
1295,193,1488,0.1388
1296,200,1496,0.1388
1293,199,1492,0.1388
1299,197,1496,0.1388
1311,199,1510,0.1388
1295,199,1494,0.1388
1291,202,1493,0.1388
1290,197,1487,0.1388
1293,199,1492,0.1388
1297,198,1495,0.1388
1312,193,1505,0.1388
1296,198,1494,0.1388
1299,199,1498,0.1388
1288,196,1484,0.1388
1285,197,1482,0.1388
1288,199,1487,0.1388
1288,197,1485,0.1388
1314,193,1507,0.1388
1317,194,1511,0.1388
1306,187,1493,0.1388
1308,189,1497,0.1388
1309,187,1496,0.1388
1303,194,1497,0.1388
1306,194,1500,0.1388
1307,193,1500,0.1388
1300,194,1494,0.1388
1285,198,1483,0.1388
1287,192,1479,0.1388
1287,194,1481,0.1388
1290,191,1481,0.1388
1289,198,1487,0.1388
1298,199,1497,0.1388
1289,193,1482,0.1388
1290,196,1486,0.1388
1286,193,1479,0.1388
1288,197,1485,0.1388
1296,193,1489,0.1388
1295,192,1487,0.1388
1293,197,1490,0.1388
1293,198,1491,0.1388
1306,199,1505,0.1388
1296,200,1496,0.1388
1291,200,1491,0.1388
1284,199,1483,0.1388
1289,197,1486,0.1388
1284,204,1488,0.1388
1293,209,1502,0.1388
1283,202,1485,0.1388
1286,210,1496,0.1388
1280,207,1487,0.1388
1288,208,1496,0.1388
1292,210,1502,0.1388
1280,211,1491,0.1388
1288,210,1498,0.1388
1291,208,1499,0.1388
1286,216,1502,0.1388
1285,215,1500,0.1388
1284,213,1497,0.1388
1290,221,1511,0.1388
1291,217,1508,0.1388
1304,219,1523,0.1388
1297,220,1517,0.1388
1298,221,1519,0.1388
1280,219,1499,0.1388
1276,219,1495,0.1388
1261,221,1482,0.1388
1255,219,1474,0.1388
1252,217,1469,0.1388
1262,226,1488,0.1388
1272,230,1502,0.1388
1265,230,1495,0.1388
1267,231,1498,0.1388
1270,228,1498,0.1388
1265,228,1493,0.1388
1267,230,1497,0.1388
1256,230,1486,0.1388
1270,236,1506,0.1388
1267,234,1501,0.1388
1264,230,1494,0.1388
1272,228,1500,0.1388
1269,227,1496,0.1388
1256,230,1486,0.1388
1250,230,1480,0.1388
1258,234,1492,0.1388
1259,235,1494,0.1388
1265,236,1501,0.1388
1270,233,1503,0.1388
1272,235,1507,0.1388
1273,235,1508,0.1388
1272,233,1505,0.1388
1263,231,1494,0.1388
1260,233,1493,0.1388
1251,240,1491,0.1388
1247,235,1482,0.1388
1268,236,1504,0.1388
1258,235,1493,0.1388
1261,237,1498,0.1388
1271,238,1509,0.1388
1276,234,1510,0.1388
1265,231,1496,0.1388
1267,238,1505,0.1388
1271,234,1505,0.1388
1266,235,1501,0.1388
1263,236,1499,0.1388
1266,237,1503,0.1388
1247,233,1480,0.1388
1254,231,1485,0.1388
1258,236,1494,0.1388
1244,239,1483,0.1388
1253,238,1491,0.1388
1267,234,1501,0.1388
1261,237,1498,0.1388
1256,237,1493,0.1388
1254,241,1495,0.1388
1245,240,1485,0.1388
1234,243,1477,0.1388
1240,244,1484,0.1388
1242,244,1486,0.1388
1252,240,1492,0.1388
1261,236,1497,0.1388
1268,238,1506,0.1388
1264,237,1501,0.1388
1260,236,1496,0.1388
1267,236,1503,0.1388
1262,236,1498,0.1388
1269,240,1509,0.1388
1272,238,1510,0.1388
1267,234,1501,0.1388
1271,235,1506,0.1388
1254,233,1487,0.1388
1246,229,1475,0.1388
1259,234,1493,0.1388
1260,230,1490,0.1388
1264,228,1492,0.1388
1267,237,1504,0.1388
1261,239,1500,0.1388
1260,245,1505,0.1388
1243,247,1490,0.1388
1251,238,1489,0.1388
1253,240,1493,0.1388
1249,236,1485,0.1388
1251,242,1493,0.1388
1255,244,1499,0.1388
1261,241,1502,0.1388
1252,242,1494,0.1388
1264,240,1504,0.1388
1249,240,1489,0.1388
1256,240,1496,0.1388
1267,235,1502,0.1388
1273,237,1510,0.1388
1268,233,1501,0.1388
1272,233,1505,0.1388
1268,236,1504,0.1388
1273,235,1508,0.1388
1267,233,1500,0.1388
1263,238,1501,0.1388
1252,239,1491,0.1388
1243,237,1480,0.1388
1244,238,1482,0.1388
1250,240,1490,0.1388
1256,240,1496,0.1388
1265,239,1504,0.1388
1271,238,1509,0.1388
1266,231,1497,0.1388
1273,233,1506,0.1388
1272,234,1506,0.1388
1261,241,1502,0.1388
1264,244,1508,0.1388
1260,247,1507,0.1388
1256,250,1506,0.1388
1248,249,1497,0.1388
1241,249,1490,0.1388
1239,248,1487,0.1388
1239,241,1480,0.1388
1233,245,1478,0.1388
1242,250,1492,0.1388
1236,253,1489,0.1388
1233,255,1488,0.1388
1237,250,1487,0.1388
1248,250,1498,0.1388
1244,255,1499,0.1388
1245,257,1502,0.1388
1257,252,1509,0.1388
1251,250,1501,0.1388
1249,248,1497,0.1388
1242,247,1489,0.1388
1244,246,1490,0.1388
1243,250,1493,0.1388
1240,249,1489,0.1388
1244,252,1496,0.1388
1255,253,1508,0.1388
1247,250,1497,0.1388
1247,249,1496,0.1388
1254,248,1502,0.1388
1233,247,1480,0.1388
1250,248,1498,0.1388
1248,241,1489,0.1388
1237,240,1477,0.1388
1242,243,1485,0.1388
1249,244,1493,0.1388
1248,242,1490,0.1388
1256,243,1499,0.1388
1254,244,1498,0.1388
1261,242,1503,0.1388
1269,238,1507,0.1388
1259,240,1499,0.1388
1252,239,1491,0.1388
1243,242,1485,0.1388
1250,243,1493,0.1388
1256,244,1500,0.1388
1256,243,1499,0.1388
1256,243,1499,0.1388
1263,243,1506,0.1388
1274,246,1520,0.1388
1255,245,1500,0.1388
1245,244,1489,0.1388
1234,238,1472,0.1388
1247,237,1484,0.1388
1243,245,1488,0.1388
1235,241,1476,0.1388
1216,248,1464,0.1388
1213,247,1460,0.1388
1214,242,1456,0.1388
1215,245,1460,0.1388
1238,251,1489,0.1388
1234,248,1482,0.1388
1230,253,1483,0.1388
1245,250,1495,0.1388
1258,254,1512,0.1388
1250,255,1505,0.1388
1240,257,1497,0.1388
1232,261,1493,0.1388
1240,253,1493,0.1388
1235,250,1485,0.1388
1223,256,1479,0.1388
1240,257,1497,0.1388
1235,251,1486,0.1388
1231,254,1485,0.1388
1243,252,1495,0.1388
1244,256,1500,0.1388
1247,256,1503,0.1388
1239,255,1494,0.1388
1224,260,1484,0.1388
1222,256,1478,0.1388
1214,255,1469,0.1388
1226,257,1483,0.1388
1221,260,1481,0.1388
1227,260,1487,0.1388
1234,265,1499,0.1388
1235,265,1500,0.1388
1240,266,1506,0.1388
1239,271,1510,0.1388
1236,269,1505,0.1388
1235,268,1503,0.1388
1232,272,1504,0.1388
1231,272,1503,0.1388
1225,276,1501,0.1388
1218,281,1499,0.1388
1225,279,1504,0.1388
1207,283,1490,0.1388
1211,284,1495,0.1388
1209,289,1498,0.1388
1191,287,1478,0.1388
1197,287,1484,0.1388
1201,285,1486,0.1388
1208,289,1497,0.1388
1217,293,1510,0.1388
1215,292,1507,0.1388
1216,288,1504,0.1388
1212,279,1491,0.1388
1231,278,1509,0.1388
1233,275,1508,0.1388
1228,274,1502,0.1388
1224,276,1500,0.1388
1206,282,1488,0.1388
1191,282,1473,0.1388
1189,283,1472,0.1388
1197,281,1478,0.1388
1194,286,1480,0.1388
1194,290,1484,0.1388
1192,300,1492,0.1388
1200,296,1496,0.1388
1195,298,1493,0.1388
1203,296,1499,0.1388
1194,302,1496,0.1388
1193,301,1494,0.1388
1194,295,1489,0.1388
1189,294,1483,0.1388
1190,301,1491,0.1388
1194,303,1497,0.1388
1191,305,1496,0.1388
1193,309,1502,0.1388
1186,307,1493,0.1388
1194,302,1496,0.1388
1196,301,1497,0.1388
1198,299,1497,0.1388
1199,297,1496,0.1388
1204,303,1507,0.1388
1191,292,1483,0.1388
1202,286,1488,0.1388
1209,289,1498,0.1388
1199,290,1489,0.1388
1220,289,1509,0.1388
1210,289,1499,0.1388
1213,288,1501,0.1388
1207,285,1492,0.1388
1209,290,1499,0.1388
1211,295,1506,0.1388
1216,294,1510,0.1388
1211,290,1501,0.1388
1207,292,1499,0.1388
1213,294,1507,0.1388
1212,289,1501,0.1388
1205,283,1488,0.1388
1214,280,1494,0.1388
1222,276,1498,0.1388
1216,280,1496,0.1388
1218,274,1492,0.1388
1214,277,1491,0.1388
1211,279,1490,0.1388
1214,281,1495,0.1388
1210,281,1491,0.1388
1210,282,1492,0.1388
1208,283,1491,0.1388
1195,283,1478,0.1388
1194,287,1481,0.1388
1205,290,1495,0.1388
1202,287,1489,0.1388
1210,285,1495,0.1388
1207,283,1490,0.1388
1206,281,1487,0.1388
1215,280,1495,0.1388
1215,287,1502,0.1388
1214,286,1500,0.1388
1209,285,1494,0.1388
1210,282,1492,0.1388
1212,288,1500,0.1388
1213,285,1498,0.1388
1221,283,1504,0.1388
1212,275,1487,0.1388
1215,277,1492,0.1388
1225,278,1503,0.1388
1216,290,1506,0.1388
1219,290,1509,0.1388
1218,290,1508,0.1388
1224,291,1515,0.1388
1228,293,1521,0.1388
1220,290,1510,0.1388
1216,288,1504,0.1388
1200,295,1495,0.1388
1193,297,1490,0.1388
1186,295,1481,0.1388
1188,296,1484,0.1388
1196,296,1492,0.1388
1200,297,1497,0.1388
1203,300,1503,0.1388
1215,303,1518,0.1388
1211,299,1510,0.1388
1211,295,1506,0.1388
1216,291,1507,0.1388
1219,294,1513,0.1388
1226,295,1521,0.1388
1212,297,1509,0.1388
1216,298,1514,0.1388
1201,297,1498,0.1388
1207,302,1509,0.1388
1206,300,1506,0.1388
1199,300,1499,0.1388
1194,294,1488,0.1388
1206,298,1504,0.1388
1217,300,1517,0.1388
1211,306,1517,0.1388
1195,296,1491,0.1388
1204,301,1505,0.1388
1202,300,1502,0.1388
1199,295,1494,0.1388
1196,301,1497,0.1388
1188,308,1496,0.1388
1190,311,1501,0.1388
1196,312,1508,0.1388
1180,309,1489,0.1388
1190,314,1504,0.1388
1179,313,1492,0.1388
1183,323,1506,0.1388
1176,325,1501,0.1388
1168,319,1487,0.1388
1164,318,1482,0.1388
1163,324,1487,0.1388
1167,332,1499,0.1388
1169,330,1499,0.1388
1157,332,1489,0.1388
1172,331,1503,0.1388
1181,323,1504,0.1388
1177,324,1501,0.1388
1180,325,1505,0.1388
1178,323,1501,0.1388
1184,328,1512,0.1388
1198,315,1513,0.1388
1185,321,1506,0.1388
1172,322,1494,0.1388
1178,330,1508,0.1388
1173,329,1502,0.1388
1178,328,1506,0.1388
1193,330,1523,0.1388
1182,327,1509,0.1388
1173,332,1505,0.1388
1180,327,1507,0.1388
1169,333,1502,0.1388
1182,339,1521,0.1388
1174,338,1512,0.1388
1178,340,1518,0.1388
1165,336,1501,0.1388
1158,338,1496,0.1388
1158,336,1494,0.1388
1174,331,1505,0.1388
1155,339,1494,0.1388
1143,345,1488,0.1388
1134,344,1478,0.1388
1138,354,1492,0.1388
1138,353,1491,0.1388
1148,353,1501,0.1388
1152,351,1503,0.1388
1146,349,1495,0.1388
1137,350,1487,0.1388
1128,356,1484,0.1388
1139,359,1498,0.1388
1124,355,1479,0.1388
1133,357,1490,0.1388
1125,351,1476,0.1388
1126,358,1484,0.1388
1122,358,1480,0.1388
1121,366,1487,0.1388
1130,368,1498,0.1388
1132,361,1493,0.1388
1116,368,1484,0.1388
1132,369,1501,0.1388
1123,369,1492,0.1388
1136,368,1504,0.1388
1137,370,1507,0.1388
1136,363,1499,0.1388
1132,372,1504,0.1388
1117,372,1489,0.1388
1113,379,1492,0.1388
1123,377,1500,0.1388
1119,382,1501,0.1388
1131,379,1510,0.1388
1117,378,1495,0.1388
1111,383,1494,0.1388
1106,389,1495,0.1388
1096,388,1484,0.1388
1102,389,1491,0.1388
1113,393,1506,0.1388
1111,396,1507,0.1388
1110,395,1505,0.1388
1113,391,1504,0.1388
1111,384,1495,0.1388
1101,390,1491,0.1388
1099,394,1493,0.1388
1101,396,1497,0.1388
1100,387,1487,0.1388
1099,395,1494,0.1388
1092,387,1479,0.1388
1098,399,1497,0.1388
1096,404,1500,0.1388
1095,412,1507,0.1388
1099,407,1506,0.1388
1112,403,1515,0.1388
1103,402,1505,0.1388
1099,394,1493,0.1388
1107,396,1503,0.1388
1100,404,1504,0.1388
1090,403,1493,0.1388
1082,408,1490,0.1388
1086,415,1501,0.1388
1093,418,1511,0.1388
1097,417,1514,0.1388
1098,417,1515,0.1388
1091,416,1507,0.1388
1079,412,1491,0.1388
1076,413,1489,0.1388
1083,419,1502,0.1388
1070,417,1487,0.1388
1067,418,1485,0.1388
1090,411,1501,0.1388
1096,413,1509,0.1388
1092,409,1501,0.1388
1099,412,1511,0.1388
1086,402,1488,0.1388
1090,404,1494,0.1388
1085,415,1500,0.1388
1087,410,1497,0.1388
1080,419,1499,0.1388
1080,416,1496,0.1388
1070,419,1489,0.1388
1074,425,1499,0.1388
1067,426,1493,0.1388
1062,427,1489,0.1388
1068,432,1500,0.1388
1070,431,1501,0.1388
1088,435,1523,0.1388
1094,427,1521,0.1388
1097,424,1521,0.1388
1077,420,1497,0.1388
1085,421,1506,0.1388
1077,415,1492,0.1388
1075,418,1493,0.1388
1074,419,1493,0.1388
1075,420,1495,0.1388
1071,419,1490,0.1388
1080,426,1506,0.1388
1082,427,1509,0.1388
1081,433,1514,0.1388
1065,432,1497,0.1388
1065,429,1494,0.1388
1066,429,1495,0.1388
1070,419,1489,0.1388
1074,417,1491,0.1388
1063,422,1485,0.1388
1065,424,1489,0.1388
1069,416,1485,0.1388
1068,431,1499,0.1388
1066,435,1501,0.1388
1069,439,1508,0.1388
1073,437,1510,0.1388
1076,436,1512,0.1388
1075,435,1510,0.1388
1074,425,1499,0.1388
1072,427,1499,0.1388
1072,425,1497,0.1388
1067,430,1497,0.1388
1075,431,1506,0.1388
1076,428,1504,0.1388
1072,433,1505,0.1388
1078,427,1505,0.1388
1074,433,1507,0.1388
1067,431,1498,0.1388
1080,429,1509,0.1388
1070,432,1502,0.1388
1071,433,1504,0.1388
1066,431,1497,0.1388
1069,433,1502,0.1388
1069,438,1507,0.1388
1072,436,1508,0.1388
1069,434,1503,0.1388
1070,441,1511,0.1388
1067,438,1505,0.1388
1059,440,1499,0.1388
1067,444,1511,0.1388
1051,440,1491,0.1388
1061,438,1499,0.1388
1061,438,1499,0.1388
1053,444,1497,0.1388
1046,445,1491,0.1388
1046,441,1487,0.1388
1042,444,1486,0.1388
1050,449,1499,0.1388
1052,454,1506,0.1388
1058,457,1515,0.1388
1047,458,1505,0.1388
1046,459,1505,0.1388
1054,451,1505,0.1388
1056,451,1507,0.1388
1047,454,1501,0.1388
1046,458,1504,0.1388
1046,452,1498,0.1388
1032,452,1484,0.1388
1031,459,1490,0.1388
1030,458,1488,0.1388
1025,465,1490,0.1388
1035,472,1507,0.1388
1034,475,1509,0.1388
1026,482,1508,0.1388
1025,472,1497,0.1388
1021,471,1492,0.1388
1006,467,1473,0.1388
1013,468,1481,0.1388
1015,476,1491,0.1388
1011,474,1485,0.1388
1008,475,1483,0.1388
1020,480,1500,0.1388
1014,480,1494,0.1388
1016,481,1497,0.1388
1016,490,1506,0.1388
1018,494,1512,0.1388
1014,484,1498,0.1388
1003,490,1493,0.1388
1012,489,1501,0.1388
1005,490,1495,0.1388
1019,494,1513,0.1388
1009,498,1507,0.1388
1017,494,1511,0.1388
1006,497,1503,0.1388
999,487,1486,0.1388
992,481,1473,0.1388
1008,479,1487,0.1388
1018,477,1495,0.1388
1015,481,1496,0.1388
1024,486,1510,0.1388
1018,488,1506,0.1388
1021,492,1513,0.1388
1016,489,1505,0.1388
998,485,1483,0.1388
1007,472,1479,0.1388
1013,485,1498,0.1388
1021,488,1509,0.1388
1025,481,1506,0.1388
1025,477,1502,0.1388
1026,481,1507,0.1388
1027,481,1508,0.1388
1020,479,1499,0.1388
1012,483,1495,0.1388
1014,482,1496,0.1388
1022,483,1505,0.1388
1027,480,1507,0.1388
1026,476,1502,0.1388
1039,480,1519,0.1388
1023,477,1500,0.1388
1021,477,1498,0.1388
1024,474,1498,0.1388
1027,476,1503,0.1388
1028,476,1504,0.1388
1033,470,1503,0.1388
1025,469,1494,0.1388
1034,476,1510,0.1388
1029,474,1503,0.1388
1029,470,1499,0.1388
1026,474,1500,0.1388
1019,473,1492,0.1388
1018,474,1492,0.1388
1018,469,1487,0.1388
1021,474,1495,0.1388
1003,478,1481,0.1388
998,485,1483,0.1388
1001,481,1482,0.1388
1010,475,1485,0.1388
1011,482,1493,0.1388
1008,472,1480,0.1388
1009,478,1487,0.1388
1020,475,1495,0.1388
1013,469,1482,0.1388
1012,479,1491,0.1388
1013,481,1494,0.1388
1012,479,1491,0.1388
1020,480,1500,0.1388
1008,486,1494,0.1388
1022,483,1505,0.1388
1015,489,1504,0.1388
1020,488,1508,0.1388
1019,485,1504,0.1388
1018,484,1502,0.1388
1018,481,1499,0.1388
1016,486,1502,0.1388
1012,494,1506,0.1388
998,490,1488,0.1388
1000,490,1490,0.1388
1010,489,1499,0.1388
1015,496,1511,0.1388
1006,499,1505,0.1388
998,499,1497,0.1388
1003,506,1509,0.1388
1005,502,1507,0.1388
1001,509,1510,0.1388
1003,512,1515,0.1388
999,507,1506,0.1388
1006,506,1512,0.1388
1006,498,1504,0.1388
1003,502,1505,0.1388
1007,506,1513,0.1388
1008,506,1514,0.1388
1009,507,1516,0.1388
1012,505,1517,0.1388
1012,500,1512,0.1388
1002,500,1502,0.1388
990,504,1494,0.1388
995,510,1505,0.1388
986,503,1489,0.1388
987,501,1488,0.1388
990,498,1488,0.1388
994,508,1502,0.1388
999,511,1510,0.1388
1004,505,1509,0.1388
988,508,1496,0.1388
992,509,1501,0.1388
996,510,1506,0.1388
998,514,1512,0.1388
992,527,1519,0.1388
990,519,1509,0.1388
979,520,1499,0.1388
978,521,1499,0.1388
980,516,1496,0.1388
977,528,1505,0.1388
962,533,1495,0.1388
958,528,1486,0.1388
959,532,1491,0.1388
966,532,1498,0.1388
982,534,1516,0.1388
982,528,1510,0.1388
982,539,1521,0.1388
981,536,1517,0.1388
983,535,1518,0.1388
975,537,1512,0.1388
977,538,1515,0.1388
972,536,1508,0.1388
975,537,1512,0.1388
975,530,1505,0.1388
972,528,1500,0.1388
976,535,1511,0.1388
979,539,1518,0.1388
982,537,1519,0.1388
978,529,1507,0.1388
978,524,1502,0.1388
977,520,1497,0.1388
970,526,1496,0.1388
972,532,1504,0.1388
961,532,1493,0.1388
957,535,1492,0.1388
959,536,1495,0.1388
962,546,1508,0.1388
950,550,1500,0.1388
940,550,1490,0.1388
937,543,1480,0.1388
935,548,1483,0.1388
937,546,1483,0.1388
960,548,1508,0.1388
976,546,1522,0.1388
983,535,1518,0.1388
984,532,1516,0.1388
981,528,1509,0.1388
977,540,1517,0.1388
965,546,1511,0.1388
966,543,1509,0.1388
957,553,1510,0.1388
948,548,1496,0.1388
965,541,1506,0.1388
968,546,1514,0.1388
968,543,1511,0.1388
959,545,1504,0.1388
958,540,1498,0.1388
955,549,1504,0.1388
959,545,1504,0.1388
955,549,1504,0.1388
952,554,1506,0.1388
953,553,1506,0.1388
946,552,1498,0.1388
956,547,1503,0.1388
943,543,1486,0.1388
948,554,1502,0.1388
940,560,1500,0.1388
932,560,1492,0.1388
937,570,1507,0.1388
932,569,1501,0.1388
932,565,1497,0.1388
927,573,1500,0.1388
926,575,1501,0.1388
924,580,1504,0.1388
909,582,1491,0.1388
907,573,1480,0.1388
903,579,1482,0.1388
908,592,1500,0.1388
898,586,1484,0.1388
909,584,1493,0.1388
904,591,1495,0.1388
923,590,1513,0.1388
916,599,1515,0.1388
903,585,1488,0.1388
901,577,1478,0.1388
911,582,1493,0.1388
908,592,1500,0.1388
916,590,1506,0.1388
903,591,1494,0.1388
905,596,1501,0.1388
899,603,1502,0.1388
888,605,1493,0.1388
888,603,1491,0.1388
884,614,1498,0.1388
878,613,1491,0.1388
872,617,1489,0.1388
872,621,1493,0.1388
872,624,1496,0.1388
872,622,1494,0.1388
868,629,1497,0.1388
877,622,1499,0.1388
880,619,1499,0.1388
873,628,1501,0.1388
864,631,1495,0.1388
868,634,1502,0.1388
861,640,1501,0.1388
861,648,1509,0.1388
861,651,1512,0.1388
855,645,1500,0.1388
862,646,1508,0.1388
859,643,1502,0.1388
863,638,1501,0.1388
862,647,1509,0.1388
862,650,1512,0.1388
854,651,1505,0.1388
842,656,1498,0.1388
847,657,1504,0.1388
848,653,1501,0.1388
843,664,1507,0.1388
842,659,1501,0.1388
841,658,1499,0.1388
851,654,1505,0.1388
844,659,1503,0.1388
837,662,1499,0.1388
840,672,1512,0.1388
834,669,1503,0.1388
831,678,1509,0.1388
828,674,1502,0.1388
832,682,1514,0.1388
829,678,1507,0.1388
835,679,1514,0.1388
830,673,1503,0.1388
834,678,1512,0.1388
830,677,1507,0.1388
836,685,1521,0.1388
834,684,1518,0.1388
826,671,1497,0.1388
819,675,1494,0.1388
819,680,1499,0.1388
820,685,1505,0.1388
821,681,1502,0.1388
814,683,1497,0.1388
816,682,1498,0.1388
817,685,1502,0.1388
816,690,1506,0.1388
813,694,1507,0.1388
819,699,1518,0.1388
816,696,1512,0.1388
826,688,1514,0.1388
818,694,1512,0.1388
819,685,1504,0.1388
815,685,1500,0.1388
820,687,1507,0.1388
831,698,1529,0.1388
824,694,1518,0.1388
816,688,1504,0.1388
816,674,1490,0.1388
805,689,1494,0.1388
811,695,1506,0.1388
805,695,1500,0.1388
803,700,1503,0.1388
801,704,1505,0.1388
807,702,1509,0.1388
809,704,1513,0.1388
800,703,1503,0.1388
800,707,1507,0.1388
799,705,1504,0.1388
810,704,1514,0.1388
814,704,1518,0.1388
806,709,1515,0.1388
802,709,1511,0.1388
802,705,1507,0.1388
796,710,1506,0.1388
805,720,1525,0.1388
807,712,1519,0.1388
799,713,1512,0.1388
787,724,1511,0.1388
777,732,1509,0.1388
787,731,1518,0.1388
785,735,1520,0.1388
771,728,1499,0.1388
764,731,1495,0.1388
757,729,1486,0.1388
759,744,1503,0.1388
759,743,1502,0.1388
756,740,1496,0.1388
762,748,1510,0.1388
759,746,1505,0.1388
767,741,1508,0.1388
765,737,1502,0.1388
760,749,1509,0.1388
764,750,1514,0.1388
753,747,1500,0.1388
760,748,1508,0.1388
759,753,1512,0.1388
754,749,1503,0.1388
745,743,1488,0.1388
741,746,1487,0.1388
749,761,1510,0.1388
753,764,1517,0.1388
755,759,1514,0.1388
748,764,1512,0.1388
749,756,1505,0.1388
733,772,1505,0.1388
730,767,1497,0.1388
741,776,1517,0.1388
729,776,1505,0.1388
726,779,1505,0.1388
728,786,1514,0.1388
732,787,1519,0.1388
737,790,1527,0.1388
728,791,1519,0.1388
722,792,1514,0.1388
713,796,1509,0.1388
727,790,1517,0.1388
720,789,1509,0.1388
723,791,1514,0.1388
726,791,1517,0.1388
712,795,1507,0.1388
710,785,1495,0.1388
718,790,1508,0.1388
713,794,1507,0.1388
704,796,1500,0.1388
708,782,1490,0.1388
715,786,1501,0.1388
707,792,1499,0.1388
711,791,1502,0.1388
715,788,1503,0.1388
718,795,1513,0.1388
721,794,1515,0.1388
702,796,1498,0.1388
712,803,1515,0.1388
701,802,1503,0.1388
697,801,1498,0.1388
710,810,1520,0.1388
701,811,1512,0.1388
703,808,1511,0.1388
699,800,1499,0.1388
698,802,1500,0.1388
694,814,1508,0.1388
703,810,1513,0.1388
697,819,1516,0.1388
698,822,1520,0.1388
702,824,1526,0.1388
701,823,1524,0.1388
697,809,1506,0.1388
693,815,1508,0.1388
694,824,1518,0.1388
694,820,1514,0.1388
681,816,1497,0.1388
691,823,1514,0.1388
693,826,1519,0.1388
695,829,1524,0.1388
696,825,1521,0.1388
689,834,1523,0.1388
679,841,1520,0.1388
676,837,1513,0.1388
682,835,1517,0.1388
679,842,1521,0.1388
684,834,1518,0.1388
684,842,1526,0.1388
682,825,1507,0.1388
677,828,1505,0.1388
676,829,1505,0.1388
676,828,1504,0.1388
685,825,1510,0.1388
671,829,1500,0.1388
674,835,1509,0.1388
670,838,1508,0.1388
670,833,1503,0.1388
663,839,1502,0.1388
662,842,1504,0.1388
659,841,1500,0.1388
656,837,1493,0.1388
645,839,1484,0.1388
641,845,1486,0.1388
636,848,1484,0.1388
646,857,1503,0.1388
648,860,1508,0.1388
644,862,1506,0.1388
640,867,1507,0.1388
644,870,1514,0.1388
635,862,1497,0.1388
631,855,1486,0.1388
640,855,1495,0.1388
642,864,1506,0.1388
642,863,1505,0.1388
646,865,1511,0.1388
642,859,1501,0.1388
640,864,1504,0.1388
636,861,1497,0.1388
643,858,1501,0.1388
645,861,1506,0.1388
646,856,1502,0.1388
649,854,1503,0.1388
657,855,1512,0.1388
655,863,1518,0.1388
650,863,1513,0.1388
654,857,1511,0.1388
654,871,1525,0.1388
651,862,1513,0.1388
651,863,1514,0.1388
651,873,1524,0.1388
655,864,1519,0.1388
649,867,1516,0.1388
650,858,1508,0.1388
648,860,1508,0.1388
640,871,1511,0.1388
637,872,1509,0.1388
639,871,1510,0.1388
634,867,1501,0.1388
641,861,1502,0.1388
643,859,1502,0.1388
642,863,1505,0.1388
639,875,1514,0.1388
639,882,1521,0.1388
637,877,1514,0.1388
634,874,1508,0.1388
638,867,1505,0.1388
633,868,1501,0.1388
628,878,1506,0.1388
629,873,1502,0.1388
623,876,1499,0.1388
622,884,1506,0.1388
624,875,1499,0.1388
616,868,1484,0.1388
621,880,1501,0.1388
620,874,1494,0.1388
621,876,1497,0.1388
618,877,1495,0.1388
625,882,1507,0.1388
622,884,1506,0.1388
621,889,1510,0.1388
618,894,1512,0.1388
611,894,1505,0.1388
607,900,1507,0.1388
604,903,1507,0.1388
595,914,1509,0.1388
587,906,1493,0.1388
601,906,1507,0.1388
603,899,1502,0.1388
601,914,1515,0.1388
589,916,1505,0.1388
587,924,1511,0.1388
585,922,1507,0.1388
588,912,1500,0.1388
586,907,1493,0.1388
600,905,1505,0.1388
592,916,1508,0.1388
582,924,1506,0.1388
580,913,1493,0.1388
582,917,1499,0.1388
578,906,1484,0.1388
578,905,1483,0.1388
583,913,1496,0.1388
584,905,1489,0.1388
585,903,1488,0.1388
589,905,1494,0.1388
587,907,1494,0.1388
587,920,1507,0.1388
582,931,1513,0.1388
572,925,1497,0.1388
572,934,1506,0.1388
577,934,1511,0.1388
577,931,1508,0.1388
583,926,1509,0.1388
576,928,1504,0.1388
575,929,1504,0.1388
580,924,1504,0.1388
583,926,1509,0.1388
576,926,1502,0.1388
566,947,1513,0.1388
572,950,1522,0.1388
581,949,1530,0.1388
579,944,1523,0.1388
576,934,1510,0.1388
568,943,1511,0.1388
569,950,1519,0.1388
582,944,1526,0.1388
570,936,1506,0.1388
566,926,1492,0.1388
569,939,1508,0.1388
571,935,1506,0.1388
565,940,1505,0.1388
564,945,1509,0.1388
558,950,1508,0.1388
549,945,1494,0.1388
556,949,1505,0.1388
560,944,1504,0.1388
561,957,1518,0.1388
565,953,1518,0.1388
560,959,1519,0.1388
559,954,1513,0.1388
549,946,1495,0.1388
559,952,1511,0.1388
563,956,1519,0.1388
569,955,1524,0.1388
564,948,1512,0.1388
560,957,1517,0.1388
555,946,1501,0.1388
555,946,1501,0.1388
554,954,1508,0.1388
549,963,1512,0.1388
549,964,1513,0.1388
554,965,1519,0.1388
552,966,1518,0.1388
540,969,1509,0.1388
549,958,1507,0.1388
539,955,1494,0.1388
539,962,1501,0.1388
541,974,1515,0.1388
539,978,1517,0.1388
540,984,1524,0.1388
534,991,1525,0.1388
531,986,1517,0.1388
525,978,1503,0.1388
521,980,1501,0.1388
517,979,1496,0.1388
525,981,1506,0.1388
525,985,1510,0.1388
522,980,1502,0.1388
520,992,1512,0.1388
521,999,1520,0.1388
518,993,1511,0.1388
520,1002,1522,0.1388
514,998,1512,0.1388
517,998,1515,0.1388
514,1001,1515,0.1388
520,1002,1522,0.1388
520,986,1506,0.1388
519,995,1514,0.1388
518,995,1513,0.1388
514,990,1504,0.1388
514,979,1493,0.1388
510,989,1499,0.1388
511,988,1499,0.1388
503,991,1494,0.1388
502,998,1500,0.1388
506,997,1503,0.1388
516,995,1511,0.1388
509,1001,1510,0.1388
512,991,1503,0.1388
511,989,1500,0.1388
509,999,1508,0.1388
511,1001,1512,0.1388
502,996,1498,0.1388
507,993,1500,0.1388
504,992,1496,0.1388
510,991,1501,0.1388
524,990,1514,0.1388
518,992,1510,0.1388
522,991,1513,0.1388
527,996,1523,0.1388
520,989,1509,0.1388
518,988,1506,0.1388
514,986,1500,0.1388
517,983,1500,0.1388
515,985,1500,0.1388
511,1000,1511,0.1388
516,1001,1517,0.1388
511,1005,1516,0.1388
512,1011,1523,0.1388
511,1015,1526,0.1388
512,1012,1524,0.1388
510,1014,1524,0.1388
507,1009,1516,0.1388
511,1014,1525,0.1388
506,1012,1518,0.1388
507,1017,1524,0.1388
505,1020,1525,0.1388
497,1027,1524,0.1388
500,1023,1523,0.1388
500,1013,1513,0.1388
493,1021,1514,0.1388
484,1015,1499,0.1388
481,1021,1502,0.1388
486,1026,1512,0.1388
493,1022,1515,0.1388
492,1018,1510,0.1388
489,1015,1504,0.1388
487,1016,1503,0.1388
492,1027,1519,0.1388
491,1030,1521,0.1388
486,1033,1519,0.1388
483,1040,1523,0.1388
484,1043,1527,0.1388
482,1042,1524,0.1388
474,1044,1518,0.1388
472,1050,1522,0.1388
475,1035,1510,0.1388
469,1036,1505,0.1388
474,1037,1511,0.1388
482,1030,1512,0.1388
480,1032,1512,0.1388
475,1035,1510,0.1388
474,1037,1511,0.1388
472,1037,1509,0.1388
475,1028,1503,0.1388
468,1036,1504,0.1388
474,1027,1501,0.1388
474,1026,1500,0.1388
479,1032,1511,0.1388
484,1046,1530,0.1388
478,1042,1520,0.1388
474,1041,1515,0.1388
471,1045,1516,0.1388
475,1040,1515,0.1388
470,1034,1504,0.1388
470,1043,1513,0.1388
472,1037,1509,0.1388
481,1040,1521,0.1388
476,1034,1510,0.1388
476,1037,1513,0.1388
471,1032,1503,0.1388
478,1033,1511,0.1388
474,1041,1515,0.1388
474,1040,1514,0.1388
474,1033,1507,0.1388
473,1039,1512,0.1388
469,1046,1515,0.1388
465,1040,1505,0.1388
466,1032,1498,0.1388
466,1035,1501,0.1388
466,1039,1505,0.1388
465,1024,1489,0.1388
463,1035,1498,0.1388
463,1031,1494,0.1388
466,1036,1502,0.1388
467,1042,1509,0.1388
459,1049,1508,0.1388
460,1048,1508,0.1388
462,1047,1509,0.1388
460,1043,1503,0.1388
460,1047,1507,0.1388
465,1043,1508,0.1388
473,1051,1524,0.1388
470,1052,1522,0.1388
466,1043,1509,0.1388
467,1051,1518,0.1388
474,1047,1521,0.1388
482,1039,1521,0.1388
481,1033,1514,0.1388
478,1034,1512,0.1388
471,1040,1511,0.1388
475,1037,1512,0.1388
480,1034,1514,0.1388
479,1045,1524,0.1388
471,1038,1509,0.1388
473,1039,1512,0.1388
486,1034,1520,0.1388
478,1039,1517,0.1388
476,1037,1513,0.1388
473,1038,1511,0.1388
474,1025,1499,0.1388
474,1022,1496,0.1388
472,1032,1504,0.1388
480,1022,1502,0.1388
474,1026,1500,0.1388
479,1025,1504,0.1388
476,1025,1501,0.1388
478,1024,1502,0.1388
478,1027,1505,0.1388
475,1034,1509,0.1388
471,1024,1495,0.1388
470,1024,1494,0.1388
474,1037,1511,0.1388
474,1041,1515,0.1388
469,1042,1511,0.1388
465,1043,1508,0.1388
460,1038,1498,0.1388
467,1039,1506,0.1388
465,1050,1515,0.1388
467,1052,1519,0.1388
464,1057,1521,0.1388
466,1054,1520,0.1388
458,1042,1500,0.1388
455,1052,1507,0.1388
460,1043,1503,0.1388
465,1063,1528,0.1388
465,1048,1513,0.1388
464,1058,1522,0.1388
454,1067,1521,0.1388
456,1066,1522,0.1388
454,1056,1510,0.1388
449,1055,1504,0.1388
452,1058,1510,0.1388
449,1061,1510,0.1388
440,1053,1493,0.1388
443,1059,1502,0.1388
450,1065,1515,0.1388
443,1057,1500,0.1388
441,1057,1498,0.1388
441,1067,1508,0.1388
439,1054,1493,0.1388
435,1058,1493,0.1388
443,1066,1509,0.1388
444,1072,1516,0.1388
442,1064,1506,0.1388
445,1073,1518,0.1388
441,1072,1513,0.1388
447,1071,1518,0.1388
451,1070,1521,0.1388
452,1067,1519,0.1388
452,1062,1514,0.1388
448,1061,1509,0.1388
450,1058,1508,0.1388
442,1060,1502,0.1388
448,1086,1534,0.1388
435,1081,1516,0.1388
433,1080,1513,0.1388
437,1083,1520,0.1388
435,1087,1522,0.1388
442,1084,1526,0.1388
439,1082,1521,0.1388
435,1084,1519,0.1388
438,1086,1524,0.1388
435,1084,1519,0.1388
432,1083,1515,0.1388
430,1080,1510,0.1388
427,1091,1518,0.1388
431,1082,1513,0.1388
432,1084,1516,0.1388
431,1081,1512,0.1388
431,1088,1519,0.1388
439,1078,1517,0.1388
437,1088,1525,0.1388
433,1084,1517,0.1388
433,1079,1512,0.1388
440,1077,1517,0.1388
437,1076,1513,0.1388
430,1078,1508,0.1388
421,1078,1499,0.1388
426,1085,1511,0.1388
433,1088,1521,0.1388
434,1091,1525,0.1388
433,1076,1509,0.1388
427,1075,1502,0.1388
431,1074,1505,0.1388
435,1064,1499,0.1388
430,1058,1488,0.1388
428,1073,1501,0.1388
425,1083,1508,0.1388
419,1084,1503,0.1388
419,1084,1503,0.1388
418,1090,1508,0.1388
419,1099,1518,0.1388
414,1088,1502,0.1388
410,1080,1490,0.1388
404,1088,1492,0.1388
408,1096,1504,0.1388
409,1100,1509,0.1388
414,1100,1514,0.1388
418,1102,1520,0.1388
411,1105,1516,0.1388
413,1097,1510,0.1388
417,1098,1515,0.1388
419,1110,1529,0.1388
413,1114,1527,0.1388
414,1101,1515,0.1388
404,1108,1512,0.1388
412,1116,1528,0.1388
409,1106,1515,0.1388
415,1100,1515,0.1388
404,1111,1515,0.1388
403,1121,1524,0.1388
401,1109,1510,0.1388
404,1114,1518,0.1388
396,1118,1514,0.1388
394,1118,1512,0.1388
392,1112,1504,0.1388
396,1105,1501,0.1388
398,1109,1507,0.1388
396,1109,1505,0.1388
401,1106,1507,0.1388
397,1113,1510,0.1388
390,1116,1506,0.1388
384,1129,1513,0.1388
393,1129,1522,0.1388
390,1125,1515,0.1388
386,1121,1507,0.1388
385,1120,1505,0.1388
388,1116,1504,0.1388
383,1114,1497,0.1388
379,1124,1503,0.1388
377,1115,1492,0.1388
383,1124,1507,0.1388
387,1125,1512,0.1388
390,1133,1523,0.1388
384,1134,1518,0.1388
382,1143,1525,0.1388
383,1132,1515,0.1388
380,1142,1522,0.1388
378,1139,1517,0.1388
375,1141,1516,0.1388
382,1143,1525,0.1388
376,1139,1515,0.1388
373,1137,1510,0.1388
378,1144,1522,0.1388
378,1144,1522,0.1388
378,1149,1527,0.1388
375,1147,1522,0.1388
371,1128,1499,0.1388
371,1128,1499,0.1388
372,1135,1507,0.1388
373,1136,1509,0.1388
372,1144,1516,0.1388
368,1142,1510,0.1388
363,1141,1504,0.1388
363,1148,1511,0.1388
369,1141,1510,0.1388
366,1143,1509,0.1388
366,1137,1503,0.1388
363,1131,1494,0.1388
364,1145,1509,0.1388
371,1142,1513,0.1388
363,1139,1502,0.1388
360,1152,1512,0.1388
365,1153,1518,0.1388
365,1150,1515,0.1388
359,1142,1501,0.1388
362,1151,1513,0.1388
364,1152,1516,0.1388
373,1151,1524,0.1388
373,1149,1522,0.1388
372,1141,1513,0.1388
362,1144,1506,0.1388
366,1151,1517,0.1388
364,1144,1508,0.1388
362,1151,1513,0.1388
362,1144,1506,0.1388
361,1149,1510,0.1388
360,1152,1512,0.1388
362,1150,1512,0.1388
357,1154,1511,0.1388
353,1151,1504,0.1388
347,1156,1503,0.1388
352,1149,1501,0.1388
348,1143,1491,0.1388
355,1135,1490,0.1388
357,1136,1493,0.1388
362,1140,1502,0.1388
360,1145,1505,0.1388
364,1148,1512,0.1388
358,1141,1499,0.1388
364,1138,1502,0.1388
355,1141,1496,0.1388
355,1159,1514,0.1388
357,1155,1512,0.1388
359,1151,1510,0.1388
357,1147,1504,0.1388
353,1149,1502,0.1388
353,1157,1510,0.1388
353,1160,1513,0.1388
362,1162,1524,0.1388
364,1167,1531,0.1388
360,1164,1524,0.1388
362,1154,1516,0.1388
361,1161,1522,0.1388
359,1164,1523,0.1388
355,1158,1513,0.1388
354,1161,1515,0.1388
351,1169,1520,0.1388
352,1168,1520,0.1388
344,1160,1504,0.1388
348,1157,1505,0.1388
346,1148,1494,0.1388
343,1164,1507,0.1388
343,1171,1514,0.1388
347,1167,1514,0.1388
346,1174,1520,0.1388
343,1186,1529,0.1388
345,1184,1529,0.1388
339,1180,1519,0.1388
342,1171,1513,0.1388
338,1167,1505,0.1388
339,1161,1500,0.1388
339,1165,1504,0.1388
339,1149,1488,0.1388
333,1146,1479,0.1388
333,1153,1486,0.1388
336,1164,1500,0.1388
335,1164,1499,0.1388
337,1169,1506,0.1388
346,1170,1516,0.1388
346,1173,1519,0.1388
335,1182,1517,0.1388
338,1180,1518,0.1388
337,1171,1508,0.1388
334,1171,1505,0.1388
329,1163,1492,0.1388
336,1160,1496,0.1388
341,1169,1510,0.1388
341,1177,1518,0.1388
341,1180,1521,0.1388
341,1183,1524,0.1388
346,1190,1536,0.1388
336,1179,1515,0.1388
340,1183,1523,0.1388
333,1171,1504,0.1388
331,1173,1504,0.1388
331,1169,1500,0.1388
332,1167,1499,0.1388
331,1161,1492,0.1388
336,1172,1508,0.1388
335,1175,1510,0.1388
336,1170,1506,0.1388
333,1168,1501,0.1388
330,1176,1506,0.1388
331,1172,1503,0.1388
335,1183,1518,0.1388
334,1172,1506,0.1388
327,1182,1509,0.1388
328,1186,1514,0.1388
330,1175,1505,0.1388
329,1181,1510,0.1388
322,1186,1508,0.1388
322,1189,1511,0.1388
314,1194,1508,0.1388
320,1195,1515,0.1388
316,1202,1518,0.1388
314,1195,1509,0.1388
311,1179,1490,0.1388
312,1185,1497,0.1388
307,1193,1500,0.1388
306,1207,1513,0.1388
304,1207,1511,0.1388
310,1200,1510,0.1388
304,1203,1507,0.1388
301,1199,1500,0.1388
296,1202,1498,0.1388
293,1202,1495,0.1388
300,1203,1503,0.1388
298,1204,1502,0.1388
301,1215,1516,0.1388
303,1221,1524,0.1388
302,1220,1522,0.1388
298,1220,1518,0.1388
300,1220,1520,0.1388
297,1219,1516,0.1388
290,1214,1504,0.1388
291,1223,1514,0.1388
291,1218,1509,0.1388
300,1214,1514,0.1388
305,1219,1524,0.1388
301,1213,1514,0.1388
295,1213,1508,0.1388
293,1223,1516,0.1388
291,1226,1517,0.1388
297,1227,1524,0.1388
296,1216,1512,0.1388
299,1213,1512,0.1388
298,1228,1526,0.1388
296,1236,1532,0.1388
296,1225,1521,0.1388
295,1219,1514,0.1388
297,1212,1509,0.1388
289,1205,1494,0.1388
292,1205,1497,0.1388
290,1216,1506,0.1388
293,1202,1495,0.1388
293,1201,1494,0.1388
295,1211,1506,0.1388
296,1217,1513,0.1388
293,1215,1508,0.1388
291,1214,1505,0.1388
297,1216,1513,0.1388
297,1217,1514,0.1388
298,1211,1509,0.1388
295,1203,1498,0.1388
291,1209,1500,0.1388
295,1201,1496,0.1388
298,1208,1506,0.1388
295,1220,1515,0.1388
297,1230,1527,0.1388
296,1218,1514,0.1388
292,1228,1520,0.1388
291,1230,1521,0.1388
285,1230,1515,0.1388
277,1224,1501,0.1388
287,1221,1508,0.1388
292,1219,1511,0.1388
298,1214,1512,0.1388
301,1213,1514,0.1388
300,1200,1500,0.1388
292,1207,1499,0.1388
291,1212,1503,0.1388
299,1214,1513,0.1388
294,1229,1523,0.1388
296,1224,1520,0.1388
294,1222,1516,0.1388
295,1234,1529,0.1388
296,1225,1521,0.1388
298,1218,1516,0.1388
299,1216,1515,0.1388
298,1212,1510,0.1388
294,1210,1504,0.1388
300,1217,1517,0.1388
303,1210,1513,0.1388
302,1213,1515,0.1388
302,1220,1522,0.1388
301,1227,1528,0.1388
298,1216,1514,0.1388
297,1211,1508,0.1388
294,1212,1506,0.1388
299,1217,1516,0.1388
293,1216,1509,0.1388
296,1234,1530,0.1388
294,1239,1533,0.1388
291,1233,1524,0.1388
291,1229,1520,0.1388
297,1230,1527,0.1388
295,1226,1521,0.1388
291,1231,1522,0.1388
289,1226,1515,0.1388
288,1224,1512,0.1388
287,1218,1505,0.1388
286,1220,1506,0.1388
290,1217,1507,0.1388
293,1203,1496,0.1388
287,1212,1499,0.1388
284,1206,1490,0.1388
287,1204,1491,0.1388
293,1220,1513,0.1388
296,1224,1520,0.1388
294,1222,1516,0.1388
296,1226,1522,0.1388
298,1228,1526,0.1388
300,1222,1522,0.1388
293,1219,1512,0.1388
293,1221,1514,0.1388
292,1219,1511,0.1388
287,1212,1499,0.1388
283,1222,1505,0.1388
283,1218,1501,0.1388
287,1212,1499,0.1388
284,1225,1509,0.1388
284,1221,1505,0.1388
280,1214,1494,0.1388
278,1215,1493,0.1388
277,1222,1499,0.1388
284,1213,1497,0.1388
280,1217,1497,0.1388
283,1221,1504,0.1388
287,1214,1501,0.1388
284,1215,1499,0.1388
285,1230,1515,0.1388
283,1222,1505,0.1388
278,1234,1512,0.1388
279,1238,1517,0.1388
284,1238,1522,0.1388
286,1231,1517,0.1388
281,1228,1509,0.1388
277,1235,1512,0.1388
283,1227,1510,0.1388
280,1231,1511,0.1388
284,1236,1520,0.1388
286,1236,1522,0.1388
285,1231,1516,0.1388
282,1230,1512,0.1388
283,1240,1523,0.1388
284,1235,1519,0.1388
286,1239,1525,0.1388
283,1244,1527,0.1388
282,1240,1522,0.1388
274,1236,1510,0.1388
272,1240,1512,0.1388
278,1237,1515,0.1388
283,1235,1518,0.1388
281,1235,1516,0.1388
284,1229,1513,0.1388
281,1226,1507,0.1388
287,1236,1523,0.1388
284,1234,1518,0.1388
277,1226,1503,0.1388
279,1228,1507,0.1388
278,1238,1516,0.1388
278,1229,1507,0.1388
277,1233,1510,0.1388
277,1231,1508,0.1388
270,1229,1499,0.1388
272,1236,1508,0.1388
276,1232,1508,0.1388
273,1239,1512,0.1388
277,1232,1509,0.1388
275,1236,1511,0.1388
276,1232,1508,0.1388
274,1228,1502,0.1388
279,1225,1504,0.1388
282,1235,1517,0.1388
279,1232,1511,0.1388
278,1225,1503,0.1388
279,1224,1503,0.1388
275,1236,1511,0.1388
280,1235,1515,0.1388
277,1223,1500,0.1388
272,1211,1483,0.1388
273,1221,1494,0.1388
273,1237,1510,0.1388
270,1232,1502,0.1388
275,1237,1512,0.1388
276,1247,1523,0.1388
271,1227,1498,0.1388
274,1223,1497,0.1388
272,1220,1492,0.1388
270,1226,1496,0.1388
275,1228,1503,0.1388
273,1227,1500,0.1388
274,1229,1503,0.1388
272,1229,1501,0.1388
277,1229,1506,0.1388
282,1230,1512,0.1388
281,1236,1517,0.1388
274,1243,1517,0.1388
277,1230,1507,0.1388
272,1241,1513,0.1388
270,1236,1506,0.1388
275,1224,1499,0.1388
270,1224,1494,0.1388
269,1229,1498,0.1388
262,1233,1495,0.1388
265,1237,1502,0.1388
262,1238,1500,0.1388
260,1236,1496,0.1388
256,1253,1509,0.1388
255,1258,1513,0.1388
259,1255,1514,0.1388
254,1255,1509,0.1388
249,1251,1500,0.1388
256,1265,1521,0.1388
257,1257,1514,0.1388
255,1254,1509,0.1388
252,1267,1519,0.1388
254,1264,1518,0.1388
260,1262,1522,0.1388
260,1259,1519,0.1388
256,1258,1514,0.1388
255,1257,1512,0.1388
250,1254,1504,0.1388
245,1257,1502,0.1388
245,1258,1503,0.1388
247,1259,1506,0.1388
253,1257,1510,0.1388
250,1269,1519,0.1388
253,1265,1518,0.1388
257,1263,1520,0.1388
258,1264,1522,0.1388
256,1272,1528,0.1388
261,1264,1525,0.1388
262,1260,1522,0.1388
264,1264,1528,0.1388
266,1270,1536,0.1388
257,1261,1518,0.1388
252,1260,1512,0.1388
255,1258,1513,0.1388
254,1244,1498,0.1388
256,1241,1497,0.1388
254,1253,1507,0.1388
256,1249,1505,0.1388
252,1237,1489,0.1388
254,1251,1505,0.1388
252,1262,1514,0.1388
256,1264,1520,0.1388
258,1254,1512,0.1388
259,1261,1520,0.1388
255,1260,1515,0.1388
256,1256,1512,0.1388
253,1260,1513,0.1388
255,1268,1523,0.1388
252,1257,1509,0.1388
250,1253,1503,0.1388
248,1259,1507,0.1388
242,1260,1502,0.1388
242,1262,1504,0.1388
251,1255,1506,0.1388
245,1262,1507,0.1388
245,1278,1523,0.1388
248,1282,1530,0.1388
246,1278,1524,0.1388
244,1265,1509,0.1388
239,1282,1521,0.1388
242,1282,1524,0.1388
238,1264,1502,0.1388
235,1266,1501,0.1388
232,1264,1496,0.1388
237,1273,1510,0.1388
240,1262,1502,0.1388
242,1257,1499,0.1388
246,1259,1505,0.1388
248,1256,1504,0.1388
245,1267,1512,0.1388
247,1262,1509,0.1388
251,1255,1506,0.1388
253,1257,1510,0.1388
246,1258,1504,0.1388
243,1255,1498,0.1388
245,1261,1506,0.1388
244,1269,1513,0.1388
249,1275,1524,0.1388
248,1262,1510,0.1388
255,1269,1524,0.1388
251,1265,1516,0.1388
252,1252,1504,0.1388
253,1264,1517,0.1388
251,1269,1520,0.1388
253,1271,1524,0.1388
253,1268,1521,0.1388
250,1268,1518,0.1388
248,1268,1516,0.1388
246,1261,1507,0.1388
246,1266,1512,0.1388
245,1277,1522,0.1388
244,1269,1513,0.1388
240,1261,1501,0.1388
241,1257,1498,0.1388
240,1268,1508,0.1388
240,1271,1511,0.1388
238,1259,1497,0.1388
243,1262,1505,0.1388
235,1259,1494,0.1388
242,1260,1502,0.1388
243,1253,1496,0.1388
244,1269,1513,0.1388
244,1270,1514,0.1388
238,1262,1500,0.1388
237,1259,1496,0.1388
237,1268,1505,0.1388
238,1262,1500,0.1388
244,1269,1513,0.1388
243,1271,1514,0.1388
240,1268,1508,0.1388
239,1277,1516,0.1388
236,1275,1511,0.1388
235,1277,1512,0.1388
236,1271,1507,0.1388
233,1284,1517,0.1388
233,1287,1520,0.1388
234,1290,1524,0.1388
233,1290,1523,0.1388
239,1291,1530,0.1388
241,1285,1526,0.1388
243,1276,1519,0.1388
239,1281,1520,0.1388
239,1279,1518,0.1388
241,1264,1505,0.1388
236,1272,1508,0.1388
240,1275,1515,0.1388
238,1281,1519,0.1388
240,1289,1529,0.1388
239,1287,1526,0.1388
240,1285,1525,0.1388
240,1275,1515,0.1388
238,1270,1508,0.1388
237,1270,1507,0.1388
236,1271,1507,0.1388
229,1264,1493,0.1388
233,1274,1507,0.1388
229,1273,1502,0.1388
230,1272,1502,0.1388
234,1265,1499,0.1388
233,1274,1507,0.1388
231,1266,1497,0.1388
234,1270,1504,0.1388
233,1274,1507,0.1388
239,1277,1516,0.1388
237,1269,1506,0.1388
234,1268,1502,0.1388
234,1274,1508,0.1388
236,1283,1519,0.1388
239,1278,1517,0.1388
239,1272,1511,0.1388
241,1280,1521,0.1388
242,1285,1527,0.1388
238,1281,1519,0.1388
231,1283,1514,0.1388
231,1279,1510,0.1388
238,1287,1525,0.1388
229,1282,1511,0.1388
228,1292,1520,0.1388
222,1280,1502,0.1388
218,1269,1487,0.1388
221,1267,1488,0.1388
224,1270,1494,0.1388
226,1273,1499,0.1388
221,1269,1490,0.1388
230,1268,1498,0.1388
230,1270,1500,0.1388
236,1279,1515,0.1388
232,1297,1529,0.1388
228,1279,1507,0.1388
228,1283,1511,0.1388
227,1278,1505,0.1388
222,1274,1496,0.1388
223,1288,1511,0.1388
224,1279,1503,0.1388
223,1285,1508,0.1388
224,1288,1512,0.1388
221,1299,1520,0.1388
218,1294,1512,0.1388
218,1304,1522,0.1388
221,1301,1522,0.1388
220,1293,1513,0.1388
217,1299,1516,0.1388
216,1293,1509,0.1388
215,1287,1502,0.1388
221,1292,1513,0.1388
223,1279,1502,0.1388
224,1279,1503,0.1388
219,1294,1513,0.1388
218,1299,1517,0.1388
217,1304,1521,0.1388
214,1305,1519,0.1388
211,1307,1518,0.1388
212,1287,1499,0.1388
210,1289,1499,0.1388
206,1295,1501,0.1388
202,1298,1500,0.1388
200,1299,1499,0.1388
211,1299,1510,0.1388
209,1313,1522,0.1388
208,1307,1515,0.1388
206,1311,1517,0.1388
202,1303,1505,0.1388
201,1307,1508,0.1388
202,1307,1509,0.1388
200,1312,1512,0.1388
192,1302,1494,0.1388
191,1309,1500,0.1388
197,1320,1517,0.1388
196,1324,1520,0.1388
196,1311,1507,0.1388
189,1312,1501,0.1388
190,1309,1499,0.1388
191,1306,1497,0.1388
190,1317,1507,0.1388
197,1306,1503,0.1388
195,1312,1507,0.1388
195,1327,1522,0.1388
196,1326,1522,0.1388
197,1316,1513,0.1388
195,1307,1502,0.1388
195,1309,1504,0.1388
197,1312,1509,0.1388
197,1318,1515,0.1388
195,1302,1497,0.1388
200,1306,1506,0.1388
199,1308,1507,0.1388
203,1304,1507,0.1388
201,1306,1507,0.1388
201,1325,1526,0.1388
200,1323,1523,0.1388
199,1317,1516,0.1388
199,1327,1526,0.1388
201,1325,1526,0.1388
197,1324,1521,0.1388
199,1319,1518,0.1388
196,1317,1513,0.1388
195,1315,1510,0.1388
194,1304,1498,0.1388
194,1314,1508,0.1388
198,1322,1520,0.1388
199,1329,1528,0.1388
199,1327,1526,0.1388
200,1320,1520,0.1388
201,1318,1519,0.1388
198,1331,1529,0.1388
196,1317,1513,0.1388
197,1307,1504,0.1388
193,1309,1502,0.1388
192,1319,1511,0.1388
188,1318,1506,0.1388
182,1332,1514,0.1388
181,1336,1517,0.1388
180,1322,1502,0.1388
183,1320,1503,0.1388
183,1330,1513,0.1388
184,1335,1519,0.1388
183,1334,1517,0.1388
182,1325,1507,0.1388
184,1329,1513,0.1388
184,1334,1518,0.1388
185,1344,1529,0.1388
181,1336,1517,0.1388
180,1329,1509,0.1388
180,1333,1513,0.1388
175,1331,1506,0.1388
174,1331,1505,0.1388
178,1336,1514,0.1388
177,1327,1504,0.1388
177,1322,1499,0.1388
183,1327,1510,0.1388
182,1334,1516,0.1388
179,1342,1521,0.1388
180,1339,1519,0.1388
177,1341,1518,0.1388
175,1350,1525,0.1388
172,1349,1521,0.1388
174,1346,1520,0.1388
172,1351,1523,0.1388
174,1350,1524,0.1388
178,1345,1523,0.1388
178,1345,1523,0.1388
179,1346,1525,0.1388
171,1360,1531,0.1388
175,1356,1531,0.1388
174,1328,1502,0.1388
172,1338,1510,0.1388
173,1346,1519,0.1388
170,1341,1511,0.1388
167,1351,1518,0.1388
171,1347,1518,0.1388
174,1346,1520,0.1388
175,1334,1509,0.1388
169,1340,1509,0.1388
164,1351,1515,0.1388
163,1348,1511,0.1388
166,1357,1523,0.1388
169,1346,1515,0.1388
169,1350,1519,0.1388
170,1347,1517,0.1388
168,1347,1515,0.1388
171,1345,1516,0.1388
170,1351,1521,0.1388
173,1353,1526,0.1388
168,1358,1526,0.1388
171,1354,1525,0.1388
166,1358,1524,0.1388
169,1354,1523,0.1388
163,1356,1519,0.1388
164,1346,1510,0.1388
163,1344,1507,0.1388
164,1349,1513,0.1388
169,1352,1521,0.1388
173,1348,1521,0.1388
170,1360,1530,0.1388
164,1353,1517,0.1388
165,1348,1513,0.1388
162,1334,1496,0.1388
163,1334,1497,0.1388
165,1352,1517,0.1388
168,1355,1523,0.1388
167,1361,1528,0.1388
164,1344,1508,0.1388
164,1330,1494,0.1388
166,1345,1511,0.1388
166,1342,1508,0.1388
162,1349,1511,0.1388
166,1359,1525,0.1388
162,1354,1516,0.1388
161,1339,1500,0.1388
158,1341,1499,0.1388
162,1347,1509,0.1388
164,1346,1510,0.1388
165,1339,1504,0.1388
164,1351,1515,0.1388
165,1358,1523,0.1388
165,1369,1534,0.1388
170,1366,1536,0.1388
170,1367,1537,0.1388
166,1361,1527,0.1388
168,1362,1530,0.1388
167,1348,1515,0.1388
167,1353,1520,0.1388
165,1340,1505,0.1388
168,1347,1515,0.1388
167,1348,1515,0.1388
167,1350,1517,0.1388
164,1344,1508,0.1388
160,1348,1508,0.1388
162,1344,1506,0.1388
164,1345,1509,0.1388
165,1343,1508,0.1388
162,1335,1497,0.1388
162,1341,1503,0.1388
164,1355,1519,0.1388
163,1351,1514,0.1388
166,1348,1514,0.1388
166,1356,1522,0.1388
166,1358,1524,0.1388
168,1360,1528,0.1388
163,1355,1518,0.1388
159,1347,1506,0.1388
160,1355,1515,0.1388
161,1354,1515,0.1388
163,1351,1514,0.1388
160,1366,1526,0.1388
163,1368,1531,0.1388
163,1370,1533,0.1388
162,1359,1521,0.1388
163,1359,1522,0.1388
161,1361,1522,0.1388
158,1362,1520,0.1388
159,1357,1516,0.1388
158,1356,1514,0.1388
160,1353,1513,0.1388
161,1356,1517,0.1388
162,1349,1511,0.1388
162,1349,1511,0.1388
161,1356,1517,0.1388
153,1355,1508,0.1388
152,1353,1505,0.1388
150,1363,1513,0.1388
149,1369,1518,0.1388
147,1370,1517,0.1388
144,1373,1517,0.1388
144,1366,1510,0.1388
143,1370,1513,0.1388
144,1357,1501,0.1388
140,1366,1506,0.1388
143,1372,1515,0.1388
144,1364,1508,0.1388
145,1366,1511,0.1388
152,1355,1507,0.1388
149,1351,1500,0.1388
149,1357,1506,0.1388
146,1360,1506,0.1388
142,1360,1502,0.1388
145,1376,1521,0.1388
142,1387,1529,0.1388
149,1377,1526,0.1388
146,1371,1517,0.1388
151,1377,1528,0.1388
145,1371,1516,0.1388
144,1352,1496,0.1388
147,1358,1505,0.1388
146,1361,1507,0.1388
142,1368,1510,0.1388
145,1372,1517,0.1388
146,1361,1507,0.1388
148,1355,1503,0.1388
141,1360,1501,0.1388
138,1357,1495,0.1388
139,1358,1497,0.1388
145,1361,1506,0.1388
146,1365,1511,0.1388
144,1372,1516,0.1388
145,1388,1533,0.1388
144,1384,1528,0.1388
146,1368,1514,0.1388
144,1367,1511,0.1388
142,1371,1513,0.1388
143,1375,1518,0.1388
142,1371,1513,0.1388
141,1376,1517,0.1388
144,1370,1514,0.1388
147,1369,1516,0.1388
144,1372,1516,0.1388
143,1372,1515,0.1388
146,1372,1518,0.1388
146,1357,1503,0.1388
142,1357,1499,0.1388
141,1355,1496,0.1388
140,1368,1508,0.1388
139,1375,1514,0.1388
138,1366,1504,0.1388
139,1366,1505,0.1388
138,1369,1507,0.1388
140,1364,1504,0.1388
145,1370,1515,0.1388
145,1364,1509,0.1388
144,1369,1513,0.1388
147,1376,1523,0.1388
144,1378,1522,0.1388
141,1376,1517,0.1388
140,1377,1517,0.1388
138,1356,1494,0.1388
136,1373,1509,0.1388
137,1362,1499,0.1388
139,1363,1502,0.1388
137,1360,1497,0.1388
136,1358,1494,0.1388
135,1371,1506,0.1388
134,1387,1521,0.1388
137,1380,1517,0.1388
137,1375,1512,0.1388
136,1383,1519,0.1388
139,1374,1513,0.1388
136,1370,1506,0.1388
137,1376,1513,0.1388
137,1366,1503,0.1388
136,1363,1499,0.1388
139,1380,1519,0.1388
142,1373,1515,0.1388
149,1372,1521,0.1388
142,1361,1503,0.1388
137,1367,1504,0.1388
138,1359,1497,0.1388
135,1375,1510,0.1388
143,1373,1516,0.1388
145,1375,1520,0.1388
145,1374,1519,0.1388
147,1367,1514,0.1388
147,1368,1515,0.1388
146,1369,1515,0.1388
142,1374,1516,0.1388
142,1368,1510,0.1388
140,1373,1513,0.1388
139,1368,1507,0.1388
150,1364,1514,0.1388
151,1365,1516,0.1388
150,1365,1515,0.1388
149,1354,1503,0.1388
151,1345,1496,0.1388
149,1356,1505,0.1388
148,1364,1512,0.1388
150,1358,1508,0.1388
152,1357,1509,0.1388
152,1353,1505,0.1388
145,1364,1509,0.1388
142,1365,1507,0.1388
142,1362,1504,0.1388
143,1375,1518,0.1388
140,1388,1528,0.1388
142,1364,1506,0.1388
143,1361,1504,0.1388
140,1362,1502,0.1388
141,1366,1507,0.1388
146,1379,1525,0.1388
140,1370,1510,0.1388
142,1367,1509,0.1388
139,1370,1509,0.1388
138,1382,1520,0.1388
137,1386,1523,0.1388
136,1388,1524,0.1388
131,1374,1505,0.1388
133,1361,1494,0.1388
132,1372,1504,0.1388
134,1375,1509,0.1388
133,1379,1512,0.1388
131,1379,1510,0.1388
133,1382,1515,0.1388
135,1383,1518,0.1388
136,1373,1509,0.1388
136,1372,1508,0.1388
137,1376,1513,0.1388
135,1373,1508,0.1388
132,1382,1514,0.1388
130,1376,1506,0.1388
127,1379,1506,0.1388
127,1377,1504,0.1388
127,1376,1503,0.1388
127,1376,1503,0.1388
127,1382,1509,0.1388
134,1393,1527,0.1388
133,1393,1526,0.1388
130,1401,1531,0.1388
128,1409,1537,0.1388
127,1405,1532,0.1388
123,1398,1521,0.1388
121,1403,1524,0.1388
122,1404,1526,0.1388
113,1408,1521,0.1388
112,1401,1513,0.1388
115,1397,1512,0.1388
111,1397,1508,0.1388
111,1401,1512,0.1388
110,1409,1519,0.1388
114,1391,1505,0.1388
113,1395,1508,0.1388
116,1403,1519,0.1388
114,1406,1520,0.1388
115,1400,1515,0.1388
112,1405,1517,0.1388
114,1411,1525,0.1388
115,1404,1519,0.1388
114,1410,1524,0.1388
112,1415,1527,0.1388
110,1415,1525,0.1388
110,1413,1523,0.1388
112,1405,1517,0.1388
114,1400,1514,0.1388
116,1396,1512,0.1388
112,1410,1522,0.1388
112,1410,1522,0.1388
107,1399,1506,0.1388
109,1407,1516,0.1388
112,1416,1528,0.1388
115,1414,1529,0.1388
117,1401,1518,0.1388
115,1400,1515,0.1388
112,1414,1526,0.1388
112,1414,1526,0.1388
108,1421,1529,0.1388
108,1419,1527,0.1388
105,1407,1512,0.1388
105,1417,1522,0.1388
103,1407,1510,0.1388
102,1410,1512,0.1388
103,1411,1514,0.1388
104,1416,1520,0.1388
102,1421,1523,0.1388
102,1419,1521,0.1388
103,1404,1507,0.1388
103,1395,1498,0.1388
101,1395,1496,0.1388
103,1408,1511,0.1388
104,1414,1518,0.1388
103,1408,1511,0.1388
108,1408,1516,0.1388
107,1414,1521,0.1388
107,1430,1537,0.1388
106,1415,1521,0.1388
106,1420,1526,0.1388
106,1420,1526,0.1388
103,1434,1537,0.1388
106,1419,1525,0.1388
103,1424,1527,0.1388
100,1431,1531,0.1388
102,1421,1523,0.1388
100,1412,1512,0.1388
104,1409,1513,0.1388
104,1414,1518,0.1388
101,1421,1522,0.1388
105,1433,1538,0.1388
108,1424,1532,0.1388
108,1426,1534,0.1388
109,1418,1527,0.1388
108,1412,1520,0.1388
106,1413,1519,0.1388
106,1407,1513,0.1388
104,1398,1502,0.1388
106,1407,1513,0.1388
110,1406,1516,0.1388
107,1405,1512,0.1388
108,1413,1521,0.1388
105,1425,1530,0.1388
103,1411,1514,0.1388
98,1416,1514,0.1388
99,1420,1519,0.1388
98,1420,1518,0.1388
97,1427,1524,0.1388
97,1427,1524,0.1388
97,1418,1515,0.1388
99,1418,1517,0.1388
100,1405,1505,0.1388
95,1417,1512,0.1388
96,1419,1515,0.1388
100,1417,1517,0.1388
101,1414,1515,0.1388
99,1414,1513,0.1388
97,1409,1506,0.1388
98,1417,1515,0.1388
100,1420,1520,0.1388
100,1429,1529,0.1388
101,1427,1528,0.1388
97,1421,1518,0.1388
97,1422,1519,0.1388
96,1420,1516,0.1388
94,1418,1512,0.1388
94,1425,1519,0.1388
97,1416,1513,0.1388
97,1418,1515,0.1388
95,1405,1500,0.1388
96,1416,1512,0.1388
94,1421,1515,0.1388
90,1422,1512,0.1388
91,1416,1507,0.1388
90,1408,1498,0.1388
93,1421,1514,0.1388
93,1412,1505,0.1388
95,1423,1518,0.1388
93,1424,1517,0.1388
91,1426,1517,0.1388
94,1427,1521,0.1388
93,1409,1502,0.1388
89,1411,1500,0.1388
91,1416,1507,0.1388
91,1421,1512,0.1388
95,1435,1530,0.1388
97,1432,1529,0.1388
96,1430,1526,0.1388
97,1413,1510,0.1388
94,1428,1522,0.1388
97,1427,1524,0.1388
98,1416,1514,0.1388
98,1398,1496,0.1388
100,1407,1507,0.1388
99,1404,1503,0.1388
98,1418,1516,0.1388
97,1420,1517,0.1388
99,1414,1513,0.1388
101,1419,1520,0.1388
101,1409,1510,0.1388
98,1413,1511,0.1388
96,1413,1509,0.1388
97,1411,1508,0.1388
96,1417,1513,0.1388
92,1421,1513,0.1388
92,1431,1523,0.1388
93,1408,1501,0.1388
94,1407,1501,0.1388
91,1416,1507,0.1388
87,1416,1503,0.1388
80,1419,1499,0.1388
83,1425,1508,0.1388
78,1440,1518,0.1388
81,1439,1520,0.1388
81,1433,1514,0.1388
81,1437,1518,0.1388
81,1422,1503,0.1388
83,1439,1522,0.1388
88,1436,1524,0.1388
93,1428,1521,0.1388
91,1429,1520,0.1388
91,1440,1531,0.1388
87,1426,1513,0.1388
86,1420,1506,0.1388
89,1421,1510,0.1388
88,1419,1507,0.1388
89,1414,1503,0.1388
87,1415,1502,0.1388
87,1418,1505,0.1388
89,1421,1510,0.1388
90,1418,1508,0.1388
88,1422,1510,0.1388
87,1428,1515,0.1388
87,1417,1504,0.1388
86,1420,1506,0.1388
89,1422,1511,0.1388
87,1428,1515,0.1388
87,1410,1497,0.1388
88,1428,1516,0.1388
88,1433,1521,0.1388
88,1425,1513,0.1388
87,1421,1508,0.1388
87,1418,1505,0.1388
85,1421,1506,0.1388
85,1428,1513,0.1388
87,1447,1534,0.1388
83,1442,1525,0.1388
83,1439,1522,0.1388
87,1451,1538,0.1388
85,1441,1526,0.1388
91,1446,1537,0.1388
90,1456,1546,0.1388
89,1440,1529,0.1388
82,1438,1520,0.1388
79,1434,1513,0.1388
79,1432,1511,0.1388
82,1440,1522,0.1388
82,1442,1524,0.1388
83,1439,1522,0.1388
82,1429,1511,0.1388
79,1452,1531,0.1388
78,1447,1525,0.1388
78,1444,1522,0.1388
78,1444,1522,0.1388
80,1446,1526,0.1388
77,1431,1508,0.1388
77,1430,1507,0.1388
75,1426,1501,0.1388
75,1424,1499,0.1388
75,1425,1500,0.1388
74,1426,1500,0.1388
73,1424,1497,0.1388
71,1439,1510,0.1388
67,1442,1509,0.1388
65,1459,1524,0.1388
66,1454,1520,0.1388
65,1456,1521,0.1388
65,1456,1521,0.1388
66,1451,1517,0.1388
65,1454,1519,0.1388
67,1451,1518,0.1388
66,1452,1518,0.1388
67,1456,1523,0.1388
65,1450,1515,0.1388
65,1432,1497,0.1388
65,1443,1508,0.1388
66,1458,1524,0.1388
67,1450,1517,0.1388
66,1452,1518,0.1388
69,1452,1521,0.1388
70,1465,1535,0.1388
67,1462,1529,0.1388
66,1465,1531,0.1388
66,1454,1520,0.1388
67,1446,1513,0.1388
66,1437,1503,0.1388
66,1444,1510,0.1388
65,1452,1517,0.1388
67,1465,1532,0.1388
67,1450,1517,0.1388
67,1440,1507,0.1388
69,1435,1504,0.1388
67,1440,1507,0.1388
67,1451,1518,0.1388
65,1451,1516,0.1388
63,1446,1509,0.1388
65,1450,1515,0.1388
61,1453,1514,0.1388
59,1460,1519,0.1388
58,1472,1530,0.1388
59,1475,1534,0.1388
60,1473,1533,0.1388
59,1461,1520,0.1388
58,1466,1524,0.1388
60,1468,1528,0.1388
62,1456,1518,0.1388
62,1454,1516,0.1388
62,1454,1516,0.1388
63,1453,1516,0.1388
62,1457,1519,0.1388
61,1456,1517,0.1388
62,1454,1516,0.1388
62,1460,1522,0.1388
61,1461,1522,0.1388
59,1461,1520,0.1388
59,1460,1519,0.1388
58,1462,1520,0.1388
57,1447,1504,0.1388
58,1472,1530,0.1388
58,1463,1521,0.1388
59,1468,1527,0.1388
57,1466,1523,0.1388
58,1458,1516,0.1388
56,1458,1514,0.1388
56,1465,1521,0.1388
56,1456,1512,0.1388
57,1452,1509,0.1388
56,1457,1513,0.1388
57,1464,1521,0.1388
56,1470,1526,0.1388
57,1454,1511,0.1388
59,1464,1523,0.1388
59,1467,1526,0.1388
57,1469,1526,0.1388
56,1464,1520,0.1388
55,1460,1515,0.1388
53,1457,1510,0.1388
53,1458,1511,0.1388
52,1476,1528,0.1388
52,1469,1521,0.1388
55,1474,1529,0.1388
54,1458,1512,0.1388
54,1456,1510,0.1388
54,1453,1507,0.1388
53,1466,1519,0.1388
54,1460,1514,0.1388
54,1461,1515,0.1388
54,1462,1516,0.1388
51,1478,1529,0.1388
51,1470,1521,0.1388
52,1467,1519,0.1388
56,1469,1525,0.1388
55,1471,1526,0.1388
54,1465,1519,0.1388
55,1458,1513,0.1388
54,1471,1525,0.1388
54,1461,1515,0.1388
53,1473,1526,0.1388
51,1471,1522,0.1388
52,1464,1516,0.1388
52,1454,1506,0.1388
52,1468,1520,0.1388
53,1451,1504,0.1388
55,1466,1521,0.1388
54,1463,1517,0.1388
55,1461,1516,0.1388
54,1466,1520,0.1388
54,1472,1526,0.1388
53,1459,1512,0.1388
53,1460,1513,0.1388
50,1464,1514,0.1388
47,1461,1508,0.1388
51,1465,1516,0.1388
50,1473,1523,0.1388
52,1491,1543,0.1388
49,1478,1527,0.1388
49,1477,1526,0.1388
48,1478,1526,0.1388
48,1480,1528,0.1388
48,1469,1517,0.1388
50,1479,1529,0.1388
50,1476,1526,0.1388
50,1480,1530,0.1388
50,1466,1516,0.1388
54,1466,1520,0.1388
52,1469,1521,0.1388
52,1469,1521,0.1388
53,1457,1510,0.1388
55,1452,1507,0.1388
56,1463,1519,0.1388
56,1479,1535,0.1388
55,1471,1526,0.1388
54,1469,1523,0.1388
53,1461,1514,0.1388
56,1478,1534,0.1388
55,1471,1526,0.1388
55,1469,1524,0.1388
54,1454,1508,0.1388
52,1440,1492,0.1388
52,1445,1497,0.1388
52,1449,1501,0.1388
51,1442,1493,0.1388
54,1462,1516,0.1388
56,1467,1523,0.1388
54,1461,1515,0.1388
55,1461,1516,0.1388
56,1455,1511,0.1388
57,1473,1530,0.1388
59,1446,1505,0.1388
58,1454,1512,0.1388
61,1448,1509,0.1388
60,1447,1507,0.1388
61,1449,1510,0.1388
60,1461,1521,0.1388
62,1454,1516,0.1388
62,1455,1517,0.1388
63,1453,1516,0.1388
62,1456,1518,0.1388
61,1470,1531,0.1388
61,1474,1535,0.1388
60,1475,1535,0.1388
59,1473,1532,0.1388
59,1465,1524,0.1388
59,1461,1520,0.1388
57,1459,1516,0.1388
56,1460,1516,0.1388
56,1452,1508,0.1388
58,1443,1501,0.1388
56,1445,1501,0.1388
56,1452,1508,0.1388
55,1450,1505,0.1388
54,1452,1506,0.1388
57,1461,1518,0.1388
55,1470,1525,0.1388
56,1457,1513,0.1388
55,1459,1514,0.1388
54,1468,1522,0.1388
56,1457,1513,0.1388
59,1455,1514,0.1388
58,1453,1511,0.1388
58,1469,1527,0.1388
59,1460,1519,0.1388
60,1451,1511,0.1388
60,1445,1505,0.1388
60,1452,1512,0.1388
58,1444,1502,0.1388
56,1457,1513,0.1388
58,1458,1516,0.1388
58,1470,1528,0.1388
58,1458,1516,0.1388
60,1439,1499,0.1388
61,1443,1504,0.1388
61,1455,1516,0.1388
63,1465,1528,0.1388
62,1457,1519,0.1388
60,1461,1521,0.1388
60,1468,1528,0.1388
60,1475,1535,0.1388
60,1472,1532,0.1388
59,1472,1531,0.1388
59,1467,1526,0.1388
58,1467,1525,0.1388
56,1470,1526,0.1388
56,1456,1512,0.1388
59,1437,1496,0.1388
58,1466,1524,0.1388
58,1469,1527,0.1388
61,1475,1536,0.1388
60,1475,1535,0.1388
57,1452,1509,0.1388
61,1454,1515,0.1388
60,1457,1517,0.1388
57,1458,1515,0.1388
58,1454,1512,0.1388
57,1454,1511,0.1388
59,1465,1524,0.1388
60,1459,1519,0.1388
60,1453,1513,0.1388
58,1441,1499,0.1388
60,1440,1500,0.1388
60,1444,1504,0.1388
60,1439,1499,0.1388
61,1437,1498,0.1388
60,1441,1501,0.1388
61,1453,1514,0.1388
63,1459,1522,0.1388
60,1461,1521,0.1388
58,1464,1522,0.1388
56,1464,1520,0.1388
52,1454,1506,0.1388
51,1458,1509,0.1388
50,1447,1497,0.1388
49,1444,1493,0.1388
52,1448,1500,0.1388
52,1459,1511,0.1388
53,1469,1522,0.1388
51,1467,1518,0.1388
50,1469,1519,0.1388
50,1472,1522,0.1388
50,1477,1527,0.1388
49,1478,1527,0.1388
50,1474,1524,0.1388
50,1477,1527,0.1388
49,1466,1515,0.1388
49,1472,1521,0.1388
49,1462,1511,0.1388
47,1457,1504,0.1388
47,1454,1501,0.1388
49,1462,1511,0.1388
48,1463,1511,0.1388
47,1464,1511,0.1388
48,1461,1509,0.1388
47,1455,1502,0.1388
48,1451,1499,0.1388
48,1459,1507,0.1388
49,1462,1511,0.1388
47,1460,1507,0.1388
46,1471,1517,0.1388
47,1469,1516,0.1388
47,1468,1515,0.1388
46,1463,1509,0.1388
47,1462,1509,0.1388
48,1458,1506,0.1388
51,1466,1517,0.1388
49,1463,1512,0.1388
47,1473,1520,0.1388
47,1468,1515,0.1388
47,1476,1523,0.1388
47,1464,1511,0.1388
48,1454,1502,0.1388
50,1449,1499,0.1388
48,1467,1515,0.1388
48,1471,1519,0.1388
44,1470,1514,0.1388
43,1486,1529,0.1388
44,1469,1513,0.1388
45,1474,1519,0.1388
45,1476,1521,0.1388
44,1467,1511,0.1388
44,1465,1509,0.1388
44,1461,1505,0.1388
43,1463,1506,0.1388
44,1471,1515,0.1388
44,1466,1510,0.1388
45,1474,1519,0.1388
45,1479,1524,0.1388
45,1470,1515,0.1388
43,1469,1512,0.1388
42,1471,1513,0.1388
43,1477,1520,0.1388
42,1483,1525,0.1388
40,1454,1494,0.1388
39,1466,1505,0.1388
39,1465,1504,0.1388
41,1463,1504,0.1388
41,1463,1504,0.1388
41,1457,1498,0.1388
40,1453,1493,0.1388
42,1461,1503,0.1388
44,1463,1507,0.1388
41,1459,1500,0.1388
41,1464,1505,0.1388
43,1468,1511,0.1388
41,1466,1507,0.1388
41,1476,1517,0.1388
41,1480,1521,0.1388
39,1477,1516,0.1388
39,1476,1515,0.1388
42,1482,1524,0.1388
42,1487,1529,0.1388
44,1484,1528,0.1388
44,1487,1531,0.1388
42,1477,1519,0.1388
42,1483,1525,0.1388
43,1487,1530,0.1388
45,1482,1527,0.1388
47,1477,1524,0.1388
48,1467,1515,0.1388
46,1469,1515,0.1388
46,1476,1522,0.1388
46,1467,1513,0.1388
48,1467,1515,0.1388
46,1461,1507,0.1388
47,1459,1506,0.1388
45,1479,1524,0.1388
46,1471,1517,0.1388
48,1471,1519,0.1388
47,1467,1514,0.1388
48,1474,1522,0.1388
46,1458,1504,0.1388
45,1467,1512,0.1388
43,1466,1509,0.1388
43,1465,1508,0.1388
43,1469,1512,0.1388
45,1462,1507,0.1388
43,1459,1502,0.1388
44,1459,1503,0.1388
43,1456,1499,0.1388
44,1459,1503,0.1388
43,1460,1503,0.1388
41,1474,1515,0.1388
40,1472,1512,0.1388
40,1490,1530,0.1388
40,1493,1533,0.1388
42,1493,1535,0.1388
39,1485,1524,0.1388
38,1478,1516,0.1388
37,1473,1510,0.1388
38,1452,1490,0.1388
37,1450,1487,0.1388
35,1467,1502,0.1388
35,1461,1496,0.1388
36,1467,1503,0.1388
36,1474,1510,0.1388
36,1472,1508,0.1388
35,1477,1512,0.1388
35,1480,1515,0.1388
36,1482,1518,0.1388
35,1476,1511,0.1388
36,1485,1521,0.1388
36,1482,1518,0.1388
36,1490,1526,0.1388
36,1486,1522,0.1388
35,1483,1518,0.1388
35,1490,1525,0.1388
35,1490,1525,0.1388
33,1495,1528,0.1388
33,1488,1521,0.1388
35,1499,1534,0.1388
34,1486,1520,0.1388
36,1482,1518,0.1388
36,1493,1529,0.1388
36,1495,1531,0.1388
36,1485,1521,0.1388
33,1492,1525,0.1388
34,1480,1514,0.1388
33,1470,1503,0.1388
33,1486,1519,0.1388
34,1486,1520,0.1388
32,1496,1528,0.1388
33,1495,1528,0.1388
33,1496,1529,0.1388
31,1489,1520,0.1388
29,1496,1525,0.1388
28,1490,1518,0.1388
30,1495,1525,0.1388
31,1497,1528,0.1388
32,1504,1536,0.1388
33,1486,1519,0.1388
33,1491,1524,0.1388
32,1473,1505,0.1388
34,1469,1503,0.1388
33,1479,1512,0.1388
31,1478,1509,0.1388
32,1477,1509,0.1388
31,1481,1512,0.1388
28,1496,1524,0.1388
29,1503,1532,0.1388
30,1503,1533,0.1388
30,1502,1532,0.1388
30,1499,1529,0.1388
26,1486,1512,0.1388
24,1490,1514,0.1388
25,1505,1530,0.1388
25,1507,1532,0.1388
23,1498,1521,0.1388
24,1499,1523,0.1388
25,1507,1532,0.1388
26,1498,1524,0.1388
27,1489,1516,0.1388
26,1486,1512,0.1388
27,1478,1505,0.1388
25,1491,1516,0.1388
29,1495,1524,0.1388
29,1490,1519,0.1388
28,1494,1522,0.1388
27,1495,1522,0.1388
26,1493,1519,0.1388
27,1488,1515,0.1388
27,1491,1518,0.1388
27,1508,1535,0.1388
26,1504,1530,0.1388
26,1499,1525,0.1388
27,1498,1525,0.1388
28,1497,1525,0.1388
28,1487,1515,0.1388
28,1480,1508,0.1388
30,1484,1514,0.1388
30,1470,1500,0.1388
30,1470,1500,0.1388
30,1474,1504,0.1388
30,1473,1503,0.1388
29,1478,1507,0.1388
30,1476,1506,0.1388
34,1477,1511,0.1388
36,1493,1529,0.1388
34,1485,1519,0.1388
34,1463,1497,0.1388
35,1467,1502,0.1388
35,1483,1518,0.1388
34,1482,1516,0.1388
33,1483,1516,0.1388
33,1487,1520,0.1388
33,1484,1517,0.1388
33,1480,1513,0.1388
33,1490,1523,0.1388
32,1482,1514,0.1388
31,1479,1510,0.1388
31,1483,1514,0.1388
31,1482,1513,0.1388
30,1486,1516,0.1388
32,1480,1512,0.1388
32,1477,1509,0.1388
29,1487,1516,0.1388
29,1486,1515,0.1388
29,1500,1529,0.1388
31,1498,1529,0.1388
28,1488,1516,0.1388
28,1501,1529,0.1388
28,1498,1526,0.1388
29,1500,1529,0.1388
28,1496,1524,0.1388
29,1482,1511,0.1388
30,1490,1520,0.1388
30,1484,1514,0.1388
29,1488,1517,0.1388
30,1487,1517,0.1388
29,1493,1522,0.1388
29,1481,1510,0.1388
29,1484,1513,0.1388
29,1482,1511,0.1388
26,1494,1520,0.1388
27,1491,1518,0.1388
29,1491,1520,0.1388
28,1469,1497,0.1388
27,1470,1497,0.1388
26,1476,1502,0.1388
27,1490,1517,0.1388
27,1491,1518,0.1388
28,1487,1515,0.1388
28,1481,1509,0.1388
29,1480,1509,0.1388
28,1479,1507,0.1388
28,1478,1506,0.1388
26,1479,1505,0.1388
23,1487,1510,0.1388
25,1492,1517,0.1388
27,1490,1517,0.1388
26,1486,1512,0.1388
26,1476,1502,0.1388
26,1494,1520,0.1388
25,1494,1519,0.1388
25,1478,1503,0.1388
26,1489,1515,0.1388
24,1492,1516,0.1388
22,1493,1515,0.1388
22,1487,1509,0.1388
22,1486,1508,0.1388
20,1491,1511,0.1388
20,1496,1516,0.1388
21,1488,1509,0.1388
21,1497,1518,0.1388
21,1502,1523,0.1388
21,1504,1525,0.1388
20,1501,1521,0.1388
19,1501,1520,0.1388
20,1501,1521,0.1388
20,1501,1521,0.1388
20,1502,1522,0.1388
21,1498,1519,0.1388
20,1502,1522,0.1388
20,1504,1524,0.1388
20,1502,1522,0.1388
17,1502,1519,0.1388
17,1507,1524,0.1388
17,1496,1513,0.1388
16,1493,1509,0.1388
17,1483,1500,0.1388
16,1494,1510,0.1388
16,1484,1500,0.1388
18,1501,1519,0.1388
16,1492,1508,0.1388
16,1501,1517,0.1388
16,1495,1511,0.1388
17,1491,1508,0.1388
18,1483,1501,0.1388
18,1493,1511,0.1388
17,1504,1521,0.1388
15,1508,1523,0.1388
16,1511,1527,0.1388
19,1497,1516,0.1388
20,1505,1525,0.1388
19,1503,1522,0.1388
18,1509,1527,0.1388
17,1496,1513,0.1388
18,1492,1510,0.1388
18,1495,1513,0.1388
19,1502,1521,0.1388
20,1502,1522,0.1388
20,1492,1512,0.1388
21,1492,1513,0.1388
22,1494,1516,0.1388
22,1486,1508,0.1388
22,1492,1514,0.1388
21,1482,1503,0.1388
21,1487,1508,0.1388
22,1493,1515,0.1388
22,1494,1516,0.1388
23,1492,1515,0.1388
23,1491,1514,0.1388
24,1494,1518,0.1388
21,1505,1526,0.1388
21,1488,1509,0.1388
21,1487,1508,0.1388
21,1499,1520,0.1388
22,1508,1530,0.1388
22,1503,1525,0.1388
21,1509,1530,0.1388
20,1498,1518,0.1388
20,1496,1516,0.1388
21,1503,1524,0.1388
21,1500,1521,0.1388
21,1485,1506,0.1388
22,1479,1501,0.1388
22,1478,1500,0.1388
22,1485,1507,0.1388
21,1493,1514,0.1388
22,1503,1525,0.1388
21,1495,1516,0.1388
20,1491,1511,0.1388
20,1491,1511,0.1388
20,1488,1508,0.1388
20,1485,1505,0.1388
20,1490,1510,0.1388
20,1505,1525,0.1388
19,1507,1526,0.1388
19,1500,1519,0.1388
19,1498,1517,0.1388
19,1499,1518,0.1388
19,1496,1515,0.1388
18,1485,1503,0.1388
18,1493,1511,0.1388
18,1483,1501,0.1388
18,1495,1513,0.1388
18,1490,1508,0.1388
17,1495,1512,0.1388
18,1499,1517,0.1388
16,1493,1509,0.1388
16,1480,1496,0.1388
17,1484,1501,0.1388
17,1497,1514,0.1388
17,1484,1501,0.1388
16,1481,1497,0.1388
16,1492,1508,0.1388
16,1500,1516,0.1388
17,1488,1505,0.1388
18,1492,1510,0.1388
18,1502,1520,0.1388
19,1501,1520,0.1388
19,1499,1518,0.1388
18,1508,1526,0.1388
18,1501,1519,0.1388
19,1502,1521,0.1388
19,1492,1511,0.1388
18,1491,1509,0.1388
17,1503,1520,0.1388
18,1505,1523,0.1388
21,1491,1512,0.1388
21,1491,1512,0.1388
20,1480,1500,0.1388
21,1493,1514,0.1388
21,1492,1513,0.1388
21,1483,1504,0.1388
21,1504,1525,0.1388
21,1504,1525,0.1388
21,1505,1526,0.1388
21,1513,1534,0.1388
19,1509,1528,0.1388
19,1507,1526,0.1388
19,1513,1532,0.1388
18,1499,1517,0.1388
18,1504,1522,0.1388
17,1516,1533,0.1388
17,1520,1537,0.1388
17,1519,1536,0.1388
16,1511,1527,0.1388
16,1500,1516,0.1388
15,1501,1516,0.1388
15,1509,1524,0.1388
18,1496,1514,0.1388
18,1510,1528,0.1388
18,1513,1531,0.1388
17,1511,1528,0.1388
18,1507,1525,0.1388
18,1495,1513,0.1388
19,1485,1504,0.1388
19,1487,1506,0.1388
18,1487,1505,0.1388
18,1491,1509,0.1388
19,1501,1520,0.1388
19,1513,1532,0.1388
19,1506,1525,0.1388
19,1492,1511,0.1388
18,1488,1506,0.1388
21,1493,1514,0.1388
21,1495,1516,0.1388
22,1501,1523,0.1388
21,1493,1514,0.1388
21,1481,1502,0.1388
20,1493,1513,0.1388
20,1490,1510,0.1388
21,1489,1510,0.1388
20,1491,1511,0.1388
19,1503,1522,0.1388
18,1511,1529,0.1388
17,1505,1522,0.1388
16,1488,1504,0.1388
15,1491,1506,0.1388
15,1482,1497,0.1388
15,1480,1495,0.1388
15,1472,1487,0.1388
15,1478,1493,0.1388
17,1497,1514,0.1388
15,1493,1508,0.1388
16,1507,1523,0.1388
15,1507,1522,0.1388
15,1502,1517,0.1388
15,1516,1531,0.1388
14,1512,1526,0.1388
14,1513,1527,0.1388
14,1512,1526,0.1388
14,1510,1524,0.1388
14,1503,1517,0.1388
14,1503,1517,0.1388
14,1500,1514,0.1388
13,1498,1511,0.1388
12,1498,1510,0.1388
13,1487,1500,0.1388
13,1492,1505,0.1388
14,1488,1502,0.1388
14,1501,1515,0.1388
14,1504,1518,0.1388
15,1512,1527,0.1388
15,1512,1527,0.1388
15,1505,1520,0.1388
15,1502,1517,0.1388
15,1493,1508,0.1388
15,1492,1507,0.1388
16,1492,1508,0.1388
16,1490,1506,0.1388
15,1496,1511,0.1388
14,1507,1521,0.1388
14,1500,1514,0.1388
14,1499,1513,0.1388
12,1497,1509,0.1388
13,1506,1519,0.1388
13,1518,1531,0.1388
15,1520,1535,0.1388
14,1529,1543,0.1388
14,1515,1529,0.1388
14,1497,1511,0.1388
14,1505,1519,0.1388
13,1510,1523,0.1388
14,1507,1521,0.1388
14,1507,1521,0.1388
13,1503,1516,0.1388
13,1494,1507,0.1388
12,1503,1515,0.1388
12,1501,1513,0.1388
13,1512,1525,0.1388
11,1507,1518,0.1388
11,1509,1520,0.1388
12,1507,1519,0.1388
11,1513,1524,0.1388
11,1509,1520,0.1388
11,1500,1511,0.1388
11,1499,1510,0.1388
11,1496,1507,0.1388
12,1507,1519,0.1388
13,1504,1517,0.1388
13,1504,1517,0.1388
13,1511,1524,0.1388
13,1519,1532,0.1388
13,1508,1521,0.1388
14,1509,1523,0.1388
13,1510,1523,0.1388
13,1512,1525,0.1388
14,1497,1511,0.1388
13,1507,1520,0.1388
14,1505,1519,0.1388
16,1498,1514,0.1388
15,1499,1514,0.1388
13,1497,1510,0.1388
12,1497,1509,0.1388
12,1508,1520,0.1388
12,1506,1518,0.1388
11,1504,1515,0.1388
12,1512,1524,0.1388
11,1512,1523,0.1388
11,1518,1529,0.1388
11,1516,1527,0.1388
10,1507,1517,0.1388
10,1502,1512,0.1388
9,1499,1508,0.1388
10,1513,1523,0.1388
11,1495,1506,0.1388
11,1498,1509,0.1388
9,1509,1518,0.1388
10,1511,1521,0.1388
10,1505,1515,0.1388
10,1487,1497,0.1388
9,1483,1492,0.1388
9,1488,1497,0.1388
9,1493,1502,0.1388
9,1498,1507,0.1388
9,1511,1520,0.1388
9,1509,1518,0.1388
9,1508,1517,0.1388
9,1514,1523,0.1388
10,1506,1516,0.1388
10,1516,1526,0.1388
10,1521,1531,0.1388
10,1519,1529,0.1388
10,1516,1526,0.1388
10,1507,1517,0.1388
9,1511,1520,0.1388
8,1512,1520,0.1388
8,1508,1516,0.1388
8,1505,1513,0.1388
8,1505,1513,0.1388
8,1491,1499,0.1388
7,1499,1506,0.1388
9,1504,1513,0.1388
9,1500,1509,0.1388
9,1515,1524,0.1388
9,1509,1518,0.1388
8,1505,1513,0.1388
8,1504,1512,0.1388
8,1509,1517,0.1388
9,1496,1505,0.1388
9,1502,1511,0.1388
9,1505,1514,0.1388
10,1491,1501,0.1388
11,1496,1507,0.1388
11,1497,1508,0.1388
11,1489,1500,0.1388
11,1504,1515,0.1388
10,1509,1519,0.1388
11,1513,1524,0.1388
11,1512,1523,0.1388
10,1503,1513,0.1388
10,1518,1528,0.1388
10,1506,1516,0.1388
10,1494,1504,0.1388
10,1503,1513,0.1388
10,1511,1521,0.1388
10,1512,1522,0.1388
10,1512,1522,0.1388
10,1509,1519,0.1388
10,1513,1523,0.1388
9,1510,1519,0.1388
9,1505,1514,0.1388
9,1515,1524,0.1388
8,1516,1524,0.1388
7,1506,1513,0.1388
8,1506,1514,0.1388
9,1523,1532,0.1388
9,1519,1528,0.1388
9,1517,1526,0.1388
9,1508,1517,0.1388
9,1512,1521,0.1388
9,1505,1514,0.1388
9,1509,1518,0.1388
9,1510,1519,0.1388
8,1511,1519,0.1388
8,1517,1525,0.1388
8,1510,1518,0.1388
8,1503,1511,0.1388
9,1512,1521,0.1388
9,1510,1519,0.1388
9,1513,1522,0.1388
9,1510,1519,0.1388
8,1517,1525,0.1388
8,1510,1518,0.1388
8,1498,1506,0.1388
8,1490,1498,0.1388
8,1506,1514,0.1388
8,1512,1520,0.1388
8,1507,1515,0.1388
7,1486,1493,0.1388
8,1499,1507,0.1388
9,1504,1513,0.1388
8,1512,1520,0.1388
8,1501,1509,0.1388
9,1502,1511,0.1388
10,1500,1510,0.1388
10,1491,1501,0.1388
8,1490,1498,0.1388
8,1493,1501,0.1388
9,1508,1517,0.1388
9,1505,1514,0.1388
9,1499,1508,0.1388
9,1509,1518,0.1388
9,1500,1509,0.1388
9,1499,1508,0.1388
9,1507,1516,0.1388
9,1500,1509,0.1388
9,1493,1502,0.1388
9,1492,1501,0.1388
9,1491,1500,0.1388
9,1508,1517,0.1388
9,1510,1519,0.1388
10,1510,1520,0.1388
9,1512,1521,0.1388
9,1499,1508,0.1388
9,1499,1508,0.1388
9,1500,1509,0.1388
9,1493,1502,0.1388
9,1505,1514,0.1388
8,1510,1518,0.1388
8,1506,1514,0.1388
8,1497,1505,0.1388
9,1507,1516,0.1388
8,1522,1530,0.1388
8,1512,1520,0.1388
8,1508,1516,0.1388
9,1521,1530,0.1388
7,1515,1522,0.1388
8,1515,1523,0.1388
8,1512,1520,0.1388
7,1522,1529,0.1388
7,1514,1521,0.1388
7,1497,1504,0.1388
7,1514,1521,0.1388
8,1515,1523,0.1388
8,1519,1527,0.1388
8,1510,1518,0.1388
7,1502,1509,0.1388
7,1497,1504,0.1388
7,1501,1508,0.1388
7,1519,1526,0.1388
7,1528,1535,0.1388
7,1528,1535,0.1388
7,1519,1526,0.1388
7,1512,1519,0.1388
7,1515,1522,0.1388
7,1512,1519,0.1388
7,1512,1519,0.1388
8,1518,1526,0.1388
8,1510,1518,0.1388
8,1515,1523,0.1388
8,1510,1518,0.1388
8,1508,1516,0.1388
8,1508,1516,0.1388
8,1516,1524,0.1388
8,1513,1521,0.1388
8,1513,1521,0.1388
7,1506,1513,0.1388
7,1500,1507,0.1388
7,1514,1521,0.1388
7,1509,1516,0.1388
7,1509,1516,0.1388
7,1508,1515,0.1388
8,1511,1519,0.1388
8,1504,1512,0.1388
8,1513,1521,0.1388
8,1513,1521,0.1388
8,1509,1517,0.1388
9,1508,1517,0.1388
9,1510,1519,0.1388
9,1515,1524,0.1388
9,1507,1516,0.1388
9,1513,1522,0.1388
7,1514,1521,0.1388
7,1512,1519,0.1388
6,1507,1513,0.1388
6,1498,1504,0.1388
6,1505,1511,0.1388
5,1506,1511,0.1388
5,1516,1521,0.1388
4,1511,1515,0.1388
4,1504,1508,0.1388
3,1510,1513,0.1388
3,1514,1517,0.1388
3,1513,1516,0.1388
3,1517,1520,0.1388
3,1511,1514,0.1388
3,1521,1524,0.1388
3,1502,1505,0.1388
3,1503,1506,0.1388
3,1514,1517,0.1388
3,1524,1527,0.1388
3,1520,1523,0.1388
3,1520,1523,0.1388
3,1522,1525,0.1388
3,1507,1510,0.1388
3,1508,1511,0.1388
3,1521,1524,0.1388
3,1516,1519,0.1388
3,1520,1523,0.1388
3,1525,1528,0.1388
2,1526,1528,0.1388
2,1521,1523,0.1388
2,1513,1515,0.1388
1,1524,1525,0.1388
1,1525,1526,0.1388
1,1508,1509,0.1388
1,1522,1523,0.1388
1,1514,1515,0.1388
1,1521,1522,0.1388
1,1509,1510,0.1388
1,1499,1500,0.1388
1,1500,1501,0.1388
1,1504,1505,0.1388
1,1498,1499,0.1388
1,1498,1499,0.1388
1,1503,1504,0.1388
1,1504,1505,0.1388
1,1510,1511,0.1388
1,1506,1507,0.1388
1,1500,1501,0.1388
1,1508,1509,0.1388
1,1514,1515,0.1388
1,1518,1519,0.1388
1,1504,1505,0.1388
1,1509,1510,0.1388
1,1509,1510,0.1388
1,1507,1508,0.1388
1,1514,1515,0.1388
1,1510,1511,0.1388
1,1524,1525,0.1388
1,1528,1529,0.1388
1,1524,1525,0.1388
1,1519,1520,0.1388
1,1519,1520,0.1388
1,1511,1512,0.1388
1,1514,1515,0.1388
1,1522,1523,0.1388
1,1514,1515,0.1388
1,1524,1525,0.1388
0,1512,1512,0.1388
