1381,28,1409,0.1388
1410,31,1441,0.1388
1422,33,1455,0.1388
1430,33,1463,0.1388
1449,33,1482,0.1388
1455,31,1486,0.1388
1454,31,1485,0.1388
1460,33,1493,0.1388
1456,33,1489,0.1388
1452,34,1486,0.1388
1449,33,1482,0.1388
1462,32,1494,0.1388
1463,32,1495,0.1388
1467,31,1498,0.1388
1454,31,1485,0.1388
1459,30,1489,0.1388
1474,30,1504,0.1388
1472,30,1502,0.1388
1470,30,1500,0.1388
1469,30,1499,0.1388
1471,31,1502,0.1388
1480,29,1509,0.1388
1475,29,1504,0.1388
1473,29,1502,0.1388
1472,29,1501,0.1388
1482,28,1510,0.1388
1460,28,1488,0.1388
1466,28,1494,0.1388
1470,27,1497,0.1388
1463,29,1492,0.1388
1468,30,1498,0.1388
1470,30,1500,0.1388
1469,31,1500,0.1388
1465,30,1495,0.1388
1468,32,1500,0.1388
1464,31,1495,0.1388
1456,31,1487,0.1388
1457,31,1488,0.1388
1443,32,1475,0.1388
1450,31,1481,0.1388
1460,32,1492,0.1388
1466,35,1501,0.1388
1464,35,1499,0.1388
1466,34,1500,0.1388
1456,36,1492,0.1388
1451,38,1489,0.1388
1453,37,1490,0.1388
1446,38,1484,0.1388
1456,39,1495,0.1388
1446,39,1485,0.1388
1455,42,1497,0.1388
1446,43,1489,0.1388
1451,42,1493,0.1388
1446,41,1487,0.1388
1449,39,1488,0.1388
1455,39,1494,0.1388
1459,36,1495,0.1388
1453,33,1486,0.1388
1448,34,1482,0.1388
1460,35,1495,0.1388
1458,34,1492,0.1388
1455,33,1488,0.1388
1465,35,1500,0.1388
1462,35,1497,0.1388
1459,34,1493,0.1388
1445,34,1479,0.1388
1447,36,1483,0.1388
1455,37,1492,0.1388
1464,37,1501,0.1388
1461,38,1499,0.1388
1458,39,1497,0.1388
1461,36,1497,0.1388
1450,39,1489,0.1388
1452,39,1491,0.1388
1454,40,1494,0.1388
1450,39,1489,0.1388
1445,40,1485,0.1388
1462,39,1501,0.1388
1460,40,1500,0.1388
1473,41,1514,0.1388
1451,42,1493,0.1388
1453,42,1495,0.1388
1446,44,1490,0.1388
1449,43,1492,0.1388
1456,43,1499,0.1388
1458,42,1500,0.1388
1455,43,1498,0.1388
1452,44,1496,0.1388
1453,43,1496,0.1388
1454,43,1497,0.1388
1453,43,1496,0.1388
1455,43,1498,0.1388
1450,42,1492,0.1388
1447,43,1490,0.1388
1444,43,1487,0.1388
1455,45,1500,0.1388
1440,46,1486,0.1388
1447,50,1497,0.1388
1437,49,1486,0.1388
1449,47,1496,0.1388
1439,46,1485,0.1388
1442,47,1489,0.1388
1450,46,1496,0.1388
1447,47,1494,0.1388
1451,50,1501,0.1388
1440,53,1493,0.1388
1434,53,1487,0.1388
1452,54,1506,0.1388
1436,56,1492,0.1388
1449,56,1505,0.1388
1448,57,1505,0.1388
1449,55,1504,0.1388
1443,54,1497,0.1388
1454,55,1509,0.1388
1448,54,1502,0.1388
1444,52,1496,0.1388
1435,52,1487,0.1388
1434,55,1489,0.1388
1432,55,1487,0.1388
1416,54,1470,0.1388
1440,53,1493,0.1388
1431,53,1484,0.1388
1436,53,1489,0.1388
1430,56,1486,0.1388
1438,56,1494,0.1388
1448,52,1500,0.1388
1461,53,1514,0.1388
1449,53,1502,0.1388
1448,51,1499,0.1388
1455,52,1507,0.1388
1442,52,1494,0.1388
1419,52,1471,0.1388
1425,51,1476,0.1388
1429,50,1479,0.1388
1441,52,1493,0.1388
1449,51,1500,0.1388
1440,50,1490,0.1388
1450,49,1499,0.1388
1453,51,1504,0.1388
1449,52,1501,0.1388
1450,55,1505,0.1388
1448,53,1501,0.1388
1433,52,1485,0.1388
1442,51,1493,0.1388
1434,50,1484,0.1388
1444,49,1493,0.1388
1451,49,1500,0.1388
1448,50,1498,0.1388
1445,52,1497,0.1388
1445,53,1498,0.1388
1439,56,1495,0.1388
1421,58,1479,0.1388
1418,60,1478,0.1388
1426,60,1486,0.1388
1425,60,1485,0.1388
1436,60,1496,0.1388
1437,59,1496,0.1388
1425,62,1487,0.1388
1422,62,1484,0.1388
1419,60,1479,0.1388
1424,57,1481,0.1388
1427,58,1485,0.1388
1418,57,1475,0.1388
1420,57,1477,0.1388
1424,56,1480,0.1388
1437,58,1495,0.1388
1429,60,1489,0.1388
1434,60,1494,0.1388
1437,61,1498,0.1388
1441,62,1503,0.1388
1451,63,1514,0.1388
1439,65,1504,0.1388
1447,64,1511,0.1388
1450,64,1514,0.1388
1448,64,1512,0.1388
1450,64,1514,0.1388
1446,65,1511,0.1388
1438,64,1502,0.1388
1428,65,1493,0.1388
1429,63,1492,0.1388
1421,66,1487,0.1388
1420,67,1487,0.1388
1421,65,1486,0.1388
1425,66,1491,0.1388
1425,62,1487,0.1388
1425,65,1490,0.1388
1430,64,1494,0.1388
1426,64,1490,0.1388
1429,63,1492,0.1388
1432,64,1496,0.1388
1434,64,1498,0.1388
1430,65,1495,0.1388
1437,61,1498,0.1388
1424,62,1486,0.1388
1419,63,1482,0.1388
1418,65,1483,0.1388
1422,64,1486,0.1388
1423,66,1489,0.1388
1428,66,1494,0.1388
1429,65,1494,0.1388
1424,64,1488,0.1388
1414,63,1477,0.1388
1424,61,1485,0.1388
1409,66,1475,0.1388
1421,63,1484,0.1388
1428,64,1492,0.1388
1437,62,1499,0.1388
1432,62,1494,0.1388
1440,64,1504,0.1388
1419,63,1482,0.1388
1418,65,1483,0.1388
1409,67,1476,0.1388
1410,67,1477,0.1388
1420,68,1488,0.1388
1430,70,1500,0.1388
1437,72,1509,0.1388
1432,71,1503,0.1388
1434,72,1506,0.1388
1426,70,1496,0.1388
1420,70,1490,0.1388
1424,69,1493,0.1388
1420,67,1487,0.1388
1429,69,1498,0.1388
1413,69,1482,0.1388
1422,68,1490,0.1388
1430,68,1498,0.1388
1434,70,1504,0.1388
1431,70,1501,0.1388
1435,69,1504,0.1388
1426,71,1497,0.1388
1427,73,1500,0.1388
1428,75,1503,0.1388
1415,73,1488,0.1388
1417,73,1490,0.1388
1434,71,1505,0.1388
1430,71,1501,0.1388
1427,73,1500,0.1388
1428,73,1501,0.1388
1446,71,1517,0.1388
1445,74,1519,0.1388
1443,71,1514,0.1388
1440,72,1512,0.1388
1433,75,1508,0.1388
1418,75,1493,0.1388
1402,73,1475,0.1388
1402,74,1476,0.1388
1401,73,1474,0.1388
1403,76,1479,0.1388
1419,76,1495,0.1388
1409,77,1486,0.1388
1415,76,1491,0.1388
1423,78,1501,0.1388
1429,82,1511,0.1388
1420,82,1502,0.1388
1418,83,1501,0.1388
1420,81,1501,0.1388
1427,79,1506,0.1388
1411,78,1489,0.1388
1409,80,1489,0.1388
1406,84,1490,0.1388
1398,86,1484,0.1388
1390,90,1480,0.1388
1386,92,1478,0.1388
1376,96,1472,0.1388
1375,96,1471,0.1388
1378,100,1478,0.1388
1379,95,1474,0.1388
1391,98,1489,0.1388
1402,99,1501,0.1388
1405,98,1503,0.1388
1392,95,1487,0.1388
1397,97,1494,0.1388
1394,98,1492,0.1388
1387,99,1486,0.1388
1390,102,1492,0.1388
1394,100,1494,0.1388
1390,101,1491,0.1388
1398,106,1504,0.1388
1398,111,1509,0.1388
1388,114,1502,0.1388
1367,117,1484,0.1388
1364,117,1481,0.1388
1383,116,1499,0.1388
1382,117,1499,0.1388
1382,117,1499,0.1388
1381,119,1500,0.1388
1374,116,1490,0.1388
1382,118,1500,0.1388
1386,120,1506,0.1388
1395,121,1516,0.1388
1377,124,1501,0.1388
1388,123,1511,0.1388
1393,126,1519,0.1388
1380,127,1507,0.1388
1365,125,1490,0.1388
1350,127,1477,0.1388
1362,123,1485,0.1388
1371,125,1496,0.1388
1369,126,1495,0.1388
1371,121,1492,0.1388
1360,119,1479,0.1388
1365,124,1489,0.1388
1369,121,1490,0.1388
1368,120,1488,0.1388
1375,122,1497,0.1388
1364,122,1486,0.1388
1359,121,1480,0.1388
1350,121,1471,0.1388
1363,121,1484,0.1388
1361,120,1481,0.1388
1367,122,1489,0.1388
1379,118,1497,0.1388
1393,116,1509,0.1388
1393,120,1513,0.1388
1391,127,1518,0.1388
1383,126,1509,0.1388
1366,124,1490,0.1388
1360,125,1485,0.1388
1358,129,1487,0.1388
1352,133,1485,0.1388
1358,132,1490,0.1388
1348,133,1481,0.1388
1350,136,1486,0.1388
1350,136,1486,0.1388
1360,133,1493,0.1388
1353,129,1482,0.1388
1352,129,1481,0.1388
1353,132,1485,0.1388
1365,133,1498,0.1388
1355,131,1486,0.1388
1348,132,1480,0.1388
1354,133,1487,0.1388
1360,132,1492,0.1388
1365,130,1495,0.1388
1364,130,1494,0.1388
1362,128,1490,0.1388
1352,129,1481,0.1388
1361,130,1491,0.1388
1359,135,1494,0.1388
1359,133,1492,0.1388
1369,134,1503,0.1388
1365,135,1500,0.1388
1359,134,1493,0.1388
1373,134,1507,0.1388
1366,132,1498,0.1388
1365,132,1497,0.1388
1373,136,1509,0.1388
1368,140,1508,0.1388
1367,134,1501,0.1388
1378,136,1514,0.1388
1381,135,1516,0.1388
1369,134,1503,0.1388
1369,133,1502,0.1388
1354,135,1489,0.1388
1346,138,1484,0.1388
1353,139,1492,0.1388
1344,146,1490,0.1388
1345,146,1491,0.1388
1351,147,1498,0.1388
1364,145,1509,0.1388
1360,144,1504,0.1388
1355,140,1495,0.1388
1350,142,1492,0.1388
1343,141,1484,0.1388
1333,142,1475,0.1388
1345,139,1484,0.1388
1332,141,1473,0.1388
1326,142,1468,0.1388
1338,146,1484,0.1388
1344,144,1488,0.1388
1352,145,1497,0.1388
1351,149,1500,0.1388
1350,149,1499,0.1388
1350,150,1500,0.1388
1338,152,1490,0.1388
1347,154,1501,0.1388
1351,154,1505,0.1388
1341,157,1498,0.1388
1342,156,1498,0.1388
1342,151,1493,0.1388
1345,154,1499,0.1388
1345,152,1497,0.1388
1343,157,1500,0.1388
1341,157,1498,0.1388
1336,160,1496,0.1388
1338,156,1494,0.1388
1333,159,1492,0.1388
1324,163,1487,0.1388
1321,163,1484,0.1388
1323,164,1487,0.1388
1322,161,1483,0.1388
1333,161,1494,0.1388
1342,163,1505,0.1388
1337,159,1496,0.1388
1318,161,1479,0.1388
1312,162,1474,0.1388
1318,160,1478,0.1388
1321,158,1479,0.1388
1326,162,1488,0.1388
1330,161,1491,0.1388
1332,163,1495,0.1388
1330,162,1492,0.1388
1342,164,1506,0.1388
1349,168,1517,0.1388
1348,168,1516,0.1388
1343,168,1511,0.1388
1324,164,1488,0.1388
1317,170,1487,0.1388
1319,173,1492,0.1388
1322,172,1494,0.1388
1323,170,1493,0.1388
1315,171,1486,0.1388
1315,174,1489,0.1388
1320,172,1492,0.1388
1323,166,1489,0.1388
1322,170,1492,0.1388
1334,173,1507,0.1388
1338,176,1514,0.1388
1331,177,1508,0.1388
1325,181,1506,0.1388
1313,179,1492,0.1388
1318,179,1497,0.1388
1315,179,1494,0.1388
1303,178,1481,0.1388
1299,172,1471,0.1388
1296,177,1473,0.1388
1288,177,1465,0.1388
1289,176,1465,0.1388
1301,175,1476,0.1388
1314,177,1491,0.1388
1330,176,1506,0.1388
1321,176,1497,0.1388
1305,173,1478,0.1388
1299,175,1474,0.1388
1310,173,1483,0.1388
1311,171,1482,0.1388
1309,170,1479,0.1388
1317,176,1493,0.1388
1316,175,1491,0.1388
1325,173,1498,0.1388
1312,175,1487,0.1388
1307,172,1479,0.1388
1328,172,1500,0.1388
1332,174,1506,0.1388
1331,179,1510,0.1388
1342,178,1520,0.1388
1334,173,1507,0.1388
1341,177,1518,0.1388
1334,175,1509,0.1388
1336,175,1511,0.1388
1326,176,1502,0.1388
1319,173,1492,0.1388
1317,171,1488,0.1388
1313,172,1485,0.1388
1326,169,1495,0.1388
1330,171,1501,0.1388
1331,169,1500,0.1388
1321,170,1491,0.1388
1332,166,1498,0.1388
1323,169,1492,0.1388
1328,170,1498,0.1388
1324,174,1498,0.1388
1321,174,1495,0.1388
1296,175,1471,0.1388
1304,174,1478,0.1388
1301,175,1476,0.1388
1304,174,1478,0.1388
1308,171,1479,0.1388
1311,173,1484,0.1388
1315,176,1491,0.1388
1322,184,1506,0.1388
1317,181,1498,0.1388
1323,180,1503,0.1388
1319,183,1502,0.1388
1307,182,1489,0.1388
1299,182,1481,0.1388
1302,182,1484,0.1388
1305,184,1489,0.1388
1304,186,1490,0.1388
1314,185,1499,0.1388
1306,182,1488,0.1388
1306,186,1492,0.1388
1311,186,1497,0.1388
1319,189,1508,0.1388
1320,197,1517,0.1388
1314,193,1507,0.1388
1312,194,1506,0.1388
1304,196,1500,0.1388
1306,195,1501,0.1388
1307,195,1502,0.1388
1317,200,1517,0.1388
1311,199,1510,0.1388
1297,198,1495,0.1388
1284,196,1480,0.1388
1287,194,1481,0.1388
1293,193,1486,0.1388
1293,204,1497,0.1388
1278,200,1478,0.1388
1284,207,1491,0.1388
1290,210,1500,0.1388
1286,210,1496,0.1388
1289,212,1501,0.1388
1302,216,1518,0.1388
1284,214,1498,0.1388
1284,211,1495,0.1388
1278,216,1494,0.1388
1266,217,1483,0.1388
1272,212,1484,0.1388
1279,209,1488,0.1388
1274,208,1482,0.1388
1280,212,1492,0.1388
1284,219,1503,0.1388
1280,223,1503,0.1388
1281,227,1508,0.1388
1272,224,1496,0.1388
1267,219,1486,0.1388
1278,219,1497,0.1388
1277,222,1499,0.1388
1285,228,1513,0.1388
1276,229,1505,0.1388
1268,228,1496,0.1388
1269,229,1498,0.1388
1262,226,1488,0.1388
1269,230,1499,0.1388
1263,223,1486,0.1388
1273,218,1491,0.1388
1266,225,1491,0.1388
1264,227,1491,0.1388
1281,229,1510,0.1388
1260,234,1494,0.1388
1245,236,1481,0.1388
1248,237,1485,0.1388
1266,241,1507,0.1388
1256,244,1500,0.1388
1260,243,1503,0.1388
1262,233,1495,0.1388
1252,239,1491,0.1388
1252,243,1495,0.1388
1253,247,1500,0.1388
1259,249,1508,0.1388
1260,250,1510,0.1388
1260,249,1509,0.1388
1266,248,1514,0.1388
1280,250,1530,0.1388
1262,249,1511,0.1388
1263,244,1507,0.1388
1260,247,1507,0.1388
1272,247,1519,0.1388
1261,247,1508,0.1388
1265,251,1516,0.1388
1264,251,1515,0.1388
1262,248,1510,0.1388
1260,242,1502,0.1388
1254,238,1492,0.1388
1260,241,1501,0.1388
1265,246,1511,0.1388
1270,242,1512,0.1388
1254,241,1495,0.1388
1240,247,1487,0.1388
1227,247,1474,0.1388
1238,249,1487,0.1388
1243,252,1495,0.1388
1241,251,1492,0.1388
1239,248,1487,0.1388
1256,248,1504,0.1388
1255,249,1504,0.1388
1247,244,1491,0.1388
1247,253,1500,0.1388
1246,249,1495,0.1388
1240,248,1488,0.1388
1235,249,1484,0.1388
1241,255,1496,0.1388
1230,262,1492,0.1388
1232,257,1489,0.1388
1230,253,1483,0.1388
1238,256,1494,0.1388
1246,253,1499,0.1388
1237,254,1491,0.1388
1228,252,1480,0.1388
1228,253,1481,0.1388
1235,257,1492,0.1388
1235,259,1494,0.1388
1234,258,1492,0.1388
1225,259,1484,0.1388
1223,263,1486,0.1388
1217,271,1488,0.1388
1209,273,1482,0.1388
1196,277,1473,0.1388
1207,278,1485,0.1388
1206,280,1486,0.1388
1211,282,1493,0.1388
1230,283,1513,0.1388
1238,284,1522,0.1388
1226,291,1517,0.1388
1228,289,1517,0.1388
1233,283,1516,0.1388
1231,279,1510,0.1388
1225,281,1506,0.1388
1220,291,1511,0.1388
1222,286,1508,0.1388
1222,284,1506,0.1388
1226,286,1512,0.1388
1220,284,1504,0.1388
1205,289,1494,0.1388
1218,295,1513,0.1388
1223,300,1523,0.1388
1214,294,1508,0.1388
1207,291,1498,0.1388
1204,287,1491,0.1388
1202,288,1490,0.1388
1214,285,1499,0.1388
1219,284,1503,0.1388
1211,288,1499,0.1388
1205,291,1496,0.1388
1204,288,1492,0.1388
1208,287,1495,0.1388
1201,293,1494,0.1388
1195,295,1490,0.1388
1196,296,1492,0.1388
1192,300,1492,0.1388
1197,301,1498,0.1388
1190,308,1498,0.1388
1180,304,1484,0.1388
1176,310,1486,0.1388
1179,306,1485,0.1388
1177,309,1486,0.1388
1179,309,1488,0.1388
1179,305,1484,0.1388
1174,311,1485,0.1388
1173,311,1484,0.1388
1164,314,1478,0.1388
1182,315,1497,0.1388
1185,321,1506,0.1388
1185,316,1501,0.1388
1193,324,1517,0.1388
1187,321,1508,0.1388
1179,326,1505,0.1388
1177,325,1502,0.1388
1182,322,1504,0.1388
1171,319,1490,0.1388
1177,321,1498,0.1388
1179,323,1502,0.1388
1174,323,1497,0.1388
1179,324,1503,0.1388
1180,330,1510,0.1388
1173,327,1500,0.1388
1179,327,1506,0.1388
1167,330,1497,0.1388
1161,325,1486,0.1388
1171,332,1503,0.1388
1168,333,1501,0.1388
1163,336,1499,0.1388
1163,334,1497,0.1388
1161,332,1493,0.1388
1166,335,1501,0.1388
1175,335,1510,0.1388
1168,328,1496,0.1388
1155,327,1482,0.1388
1157,326,1483,0.1388
1163,332,1495,0.1388
1156,337,1493,0.1388
1157,343,1500,0.1388
1154,338,1492,0.1388
1153,333,1486,0.1388
1158,336,1494,0.1388
1160,334,1494,0.1388
1154,332,1486,0.1388
1162,336,1498,0.1388
1159,327,1486,0.1388
1160,331,1491,0.1388
1159,332,1491,0.1388
1154,332,1486,0.1388
1165,330,1495,0.1388
1167,335,1502,0.1388
1166,336,1502,0.1388
1163,332,1495,0.1388
1173,336,1509,0.1388
1177,345,1522,0.1388
1170,341,1511,0.1388
1172,340,1512,0.1388
1166,334,1500,0.1388
1164,340,1504,0.1388
1156,346,1502,0.1388
1155,343,1498,0.1388
1153,347,1500,0.1388
1151,348,1499,0.1388
1160,346,1506,0.1388
1155,349,1504,0.1388
1151,349,1500,0.1388
1148,353,1501,0.1388
1148,348,1496,0.1388
1148,347,1495,0.1388
1153,350,1503,0.1388
1143,348,1491,0.1388
1151,350,1501,0.1388
1153,347,1500,0.1388
1161,350,1511,0.1388
1159,349,1508,0.1388
1160,347,1507,0.1388
1139,349,1488,0.1388
1146,352,1498,0.1388
1164,348,1512,0.1388
1151,348,1499,0.1388
1155,350,1505,0.1388
1159,342,1501,0.1388
1164,339,1503,0.1388
1159,345,1504,0.1388
1149,345,1494,0.1388
1145,346,1491,0.1388
1152,342,1494,0.1388
1154,348,1502,0.1388
1153,354,1507,0.1388
1161,358,1519,0.1388
1146,353,1499,0.1388
1148,348,1496,0.1388
1160,354,1514,0.1388
1166,353,1519,0.1388
1167,345,1512,0.1388
1169,348,1517,0.1388
1160,345,1505,0.1388
1145,350,1495,0.1388
1160,348,1508,0.1388
1162,349,1511,0.1388
1167,354,1521,0.1388
1167,355,1522,0.1388
1163,351,1514,0.1388
1156,353,1509,0.1388
1151,351,1502,0.1388
1154,349,1503,0.1388
1141,350,1491,0.1388
1129,354,1483,0.1388
1134,357,1491,0.1388
1122,363,1485,0.1388
1113,367,1480,0.1388
1117,364,1481,0.1388
1124,365,1489,0.1388
1134,367,1501,0.1388
1127,372,1499,0.1388
1125,374,1499,0.1388
1136,372,1508,0.1388
1130,368,1498,0.1388
1124,360,1484,0.1388
1127,364,1491,0.1388
1141,362,1503,0.1388
1137,364,1501,0.1388
1116,365,1481,0.1388
1119,357,1476,0.1388
1123,362,1485,0.1388
1129,372,1501,0.1388
1119,380,1499,0.1388
1142,386,1528,0.1388
1139,383,1522,0.1388
1134,378,1512,0.1388
1128,374,1502,0.1388
1141,370,1511,0.1388
1130,371,1501,0.1388
1137,363,1500,0.1388
1142,369,1511,0.1388
1138,372,1510,0.1388
1133,370,1503,0.1388
1124,370,1494,0.1388
1114,367,1481,0.1388
1106,368,1474,0.1388
1111,373,1484,0.1388
1126,377,1503,0.1388
1117,373,1490,0.1388
1129,375,1504,0.1388
1125,375,1500,0.1388
1124,378,1502,0.1388
1111,378,1489,0.1388
1100,381,1481,0.1388
1100,385,1485,0.1388
1101,388,1489,0.1388
1101,396,1497,0.1388
1107,390,1497,0.1388
1095,391,1486,0.1388
1098,399,1497,0.1388
1092,402,1494,0.1388
1094,408,1502,0.1388
1089,412,1501,0.1388
1085,414,1499,0.1388
1087,412,1499,0.1388
1090,416,1506,0.1388
1081,415,1496,0.1388
1087,416,1503,0.1388
1084,412,1496,0.1388
1089,408,1497,0.1388
1082,405,1487,0.1388
1067,402,1469,0.1388
1076,407,1483,0.1388
1077,415,1492,0.1388
1075,409,1484,0.1388
1074,406,1480,0.1388
1083,403,1486,0.1388
1083,399,1482,0.1388
1073,405,1478,0.1388
1067,412,1479,0.1388
1082,415,1497,0.1388
1093,411,1504,0.1388
1089,410,1499,0.1388
1084,415,1499,0.1388
1083,422,1505,0.1388
1080,418,1498,0.1388
1071,421,1492,0.1388
1087,413,1500,0.1388
1089,417,1506,0.1388
1083,422,1505,0.1388
1086,427,1513,0.1388
1073,435,1508,0.1388
1076,426,1502,0.1388
1072,425,1497,0.1388
1082,423,1505,0.1388
1074,417,1491,0.1388
1072,415,1487,0.1388
1073,422,1495,0.1388
1074,424,1498,0.1388
1076,427,1503,0.1388
1066,431,1497,0.1388
1068,429,1497,0.1388
1068,431,1499,0.1388
1068,433,1501,0.1388
1066,436,1502,0.1388
1061,429,1490,0.1388
1051,433,1484,0.1388
1058,442,1500,0.1388
1052,441,1493,0.1388
1053,439,1492,0.1388
1050,435,1485,0.1388
1065,433,1498,0.1388
1062,435,1497,0.1388
1058,436,1494,0.1388
1045,438,1483,0.1388
1038,440,1478,0.1388
1049,442,1491,0.1388
1062,448,1510,0.1388
1058,439,1497,0.1388
1059,445,1504,0.1388
1062,451,1513,0.1388
1052,448,1500,0.1388
1054,448,1502,0.1388
1057,444,1501,0.1388
1049,445,1494,0.1388
1060,441,1501,0.1388
1059,441,1500,0.1388
1062,435,1497,0.1388
1065,444,1509,0.1388
1052,438,1490,0.1388
1050,444,1494,0.1388
1043,443,1486,0.1388
1047,444,1491,0.1388
1060,449,1509,0.1388
1057,452,1509,0.1388
1055,453,1508,0.1388
1061,453,1514,0.1388
1056,456,1512,0.1388
1035,456,1491,0.1388
1033,454,1487,0.1388
1024,458,1482,0.1388
1033,456,1489,0.1388
1036,466,1502,0.1388
1039,473,1512,0.1388
1036,478,1514,0.1388
1038,467,1505,0.1388
1039,465,1504,0.1388
1032,466,1498,0.1388
1028,466,1494,0.1388
1033,458,1491,0.1388
1036,460,1496,0.1388
1037,464,1501,0.1388
1031,469,1500,0.1388
1033,472,1505,0.1388
1035,469,1504,0.1388
1038,466,1504,0.1388
1035,464,1499,0.1388
1035,453,1488,0.1388
1037,463,1500,0.1388
1046,464,1510,0.1388
1040,469,1509,0.1388
1032,475,1507,0.1388
1030,470,1500,0.1388
1028,470,1498,0.1388
1028,468,1496,0.1388
1034,462,1496,0.1388
1039,461,1500,0.1388
1032,460,1492,0.1388
1022,470,1492,0.1388
1024,478,1502,0.1388
1022,488,1510,0.1388
1008,486,1494,0.1388
1013,485,1498,0.1388
1006,493,1499,0.1388
1006,485,1491,0.1388
997,489,1486,0.1388
1002,494,1496,0.1388
1006,493,1499,0.1388
1000,490,1490,0.1388
1006,492,1498,0.1388
1012,493,1505,0.1388
1010,488,1498,0.1388
1011,498,1509,0.1388
1003,504,1507,0.1388
998,508,1506,0.1388
1012,503,1515,0.1388
1017,500,1517,0.1388
1007,503,1510,0.1388
1007,504,1511,0.1388
1005,498,1503,0.1388
1004,503,1507,0.1388
1007,504,1511,0.1388
1002,501,1503,0.1388
1000,504,1504,0.1388
1001,502,1503,0.1388
1011,505,1516,0.1388
1006,511,1517,0.1388
1007,504,1511,0.1388
1005,506,1511,0.1388
1009,513,1522,0.1388
1004,516,1520,0.1388
999,512,1511,0.1388
996,511,1507,0.1388
985,520,1505,0.1388
979,527,1506,0.1388
969,528,1497,0.1388
973,516,1489,0.1388
984,522,1506,0.1388
983,527,1510,0.1388
975,527,1502,0.1388
974,523,1497,0.1388
967,519,1486,0.1388
966,526,1492,0.1388
955,529,1484,0.1388
955,530,1485,0.1388
957,532,1489,0.1388
957,539,1496,0.1388
947,525,1472,0.1388
944,536,1480,0.1388
943,534,1477,0.1388
941,541,1482,0.1388
957,545,1502,0.1388
962,553,1515,0.1388
959,548,1507,0.1388
955,550,1505,0.1388
950,551,1501,0.1388
947,554,1501,0.1388
948,552,1500,0.1388
945,559,1504,0.1388
933,568,1501,0.1388
930,572,1502,0.1388
935,566,1501,0.1388
935,574,1509,0.1388
929,571,1500,0.1388
928,569,1497,0.1388
931,576,1507,0.1388
922,569,1491,0.1388
913,574,1487,0.1388
923,582,1505,0.1388
924,583,1507,0.1388
925,578,1503,0.1388
929,581,1510,0.1388
926,578,1504,0.1388
925,585,1510,0.1388
926,588,1514,0.1388
914,593,1507,0.1388
902,601,1503,0.1388
898,594,1492,0.1388
897,597,1494,0.1388
899,595,1494,0.1388
891,605,1496,0.1388
890,613,1503,0.1388
884,613,1497,0.1388
875,613,1488,0.1388
880,605,1485,0.1388
885,612,1497,0.1388
882,606,1488,0.1388
881,610,1491,0.1388
882,623,1505,0.1388
877,631,1508,0.1388
871,631,1502,0.1388
865,636,1501,0.1388
865,633,1498,0.1388
871,641,1512,0.1388
869,629,1498,0.1388
868,638,1506,0.1388
867,641,1508,0.1388
854,639,1493,0.1388
865,635,1500,0.1388
857,639,1496,0.1388
855,645,1500,0.1388
856,643,1499,0.1388
855,643,1498,0.1388
856,636,1492,0.1388
852,645,1497,0.1388
850,642,1492,0.1388
856,646,1502,0.1388
862,653,1515,0.1388
848,653,1501,0.1388
841,657,1498,0.1388
846,661,1507,0.1388
834,656,1490,0.1388
852,661,1513,0.1388
845,662,1507,0.1388
842,660,1502,0.1388
837,662,1499,0.1388
832,660,1492,0.1388
838,660,1498,0.1388
839,660,1499,0.1388
841,662,1503,0.1388
849,657,1506,0.1388
852,660,1512,0.1388
839,666,1505,0.1388
836,667,1503,0.1388
826,672,1498,0.1388
825,661,1486,0.1388
813,668,1481,0.1388
809,675,1484,0.1388
816,679,1495,0.1388
815,681,1496,0.1388
816,688,1504,0.1388
820,691,1511,0.1388
810,700,1510,0.1388
814,693,1507,0.1388
804,702,1506,0.1388
799,703,1502,0.1388
799,714,1513,0.1388
801,706,1507,0.1388
797,708,1505,0.1388
799,716,1515,0.1388
789,708,1497,0.1388
785,715,1500,0.1388
787,709,1496,0.1388
783,712,1495,0.1388
796,717,1513,0.1388
796,712,1508,0.1388
802,711,1513,0.1388
798,710,1508,0.1388
798,717,1515,0.1388
800,720,1520,0.1388
802,718,1520,0.1388
804,723,1527,0.1388
800,725,1525,0.1388
795,717,1512,0.1388
807,726,1533,0.1388
804,731,1535,0.1388
800,729,1529,0.1388
793,729,1522,0.1388
779,719,1498,0.1388
779,715,1494,0.1388
772,720,1492,0.1388
771,717,1488,0.1388
792,714,1506,0.1388
788,717,1505,0.1388
790,716,1506,0.1388
798,719,1517,0.1388
787,712,1499,0.1388
783,720,1503,0.1388
777,723,1500,0.1388
782,731,1513,0.1388
776,734,1510,0.1388
763,732,1495,0.1388
768,732,1500,0.1388
770,722,1492,0.1388
772,735,1507,0.1388
772,738,1510,0.1388
778,735,1513,0.1388
786,731,1517,0.1388
779,732,1511,0.1388
780,736,1516,0.1388
774,727,1501,0.1388
775,732,1507,0.1388
770,736,1506,0.1388
764,731,1495,0.1388
769,721,1490,0.1388
771,726,1497,0.1388
775,734,1509,0.1388
777,729,1506,0.1388
776,724,1500,0.1388
784,729,1513,0.1388
778,744,1522,0.1388
785,737,1522,0.1388
791,737,1528,0.1388
776,732,1508,0.1388
777,731,1508,0.1388
774,725,1499,0.1388
769,725,1494,0.1388
769,728,1497,0.1388
761,729,1490,0.1388
766,730,1496,0.1388
772,730,1502,0.1388
775,730,1505,0.1388
777,731,1508,0.1388
785,737,1522,0.1388
782,731,1513,0.1388
790,739,1529,0.1388
795,736,1531,0.1388
770,728,1498,0.1388
776,730,1506,0.1388
773,734,1507,0.1388
779,742,1521,0.1388
777,737,1514,0.1388
778,735,1513,0.1388
778,732,1510,0.1388
777,734,1511,0.1388
769,743,1512,0.1388
771,741,1512,0.1388
763,742,1505,0.1388
762,744,1506,0.1388
761,746,1507,0.1388
772,742,1514,0.1388
777,744,1521,0.1388
777,739,1516,0.1388
778,727,1505,0.1388
773,737,1510,0.1388
776,730,1506,0.1388
773,738,1511,0.1388
771,726,1497,0.1388
769,727,1496,0.1388
782,734,1516,0.1388
773,735,1508,0.1388
775,735,1510,0.1388
775,743,1518,0.1388
775,749,1524,0.1388
763,749,1512,0.1388
770,750,1520,0.1388
768,743,1511,0.1388
770,750,1520,0.1388
761,744,1505,0.1388
759,748,1507,0.1388
753,752,1505,0.1388
747,753,1500,0.1388
742,754,1496,0.1388
744,747,1491,0.1388
737,744,1481,0.1388
746,746,1492,0.1388
742,758,1500,0.1388
740,748,1488,0.1388
746,742,1488,0.1388
749,759,1508,0.1388
738,766,1504,0.1388
737,767,1504,0.1388
743,762,1505,0.1388
736,763,1499,0.1388
735,766,1501,0.1388
731,785,1516,0.1388
720,778,1498,0.1388
715,784,1499,0.1388
715,791,1506,0.1388
707,788,1495,0.1388
714,789,1503,0.1388
707,790,1497,0.1388
711,790,1501,0.1388
715,791,1506,0.1388
708,786,1494,0.1388
707,783,1490,0.1388
712,780,1492,0.1388
709,790,1499,0.1388
710,796,1506,0.1388
710,799,1509,0.1388
712,796,1508,0.1388
704,805,1509,0.1388
712,806,1518,0.1388
712,810,1522,0.1388
709,814,1523,0.1388
691,824,1515,0.1388
684,831,1515,0.1388
683,838,1521,0.1388
685,834,1519,0.1388
673,828,1501,0.1388
680,831,1511,0.1388
666,837,1503,0.1388
665,832,1497,0.1388
660,825,1485,0.1388
674,828,1502,0.1388
679,823,1502,0.1388
670,822,1492,0.1388
675,826,1501,0.1388
680,824,1504,0.1388
675,830,1505,0.1388
667,829,1496,0.1388
674,827,1501,0.1388
664,837,1501,0.1388
657,840,1497,0.1388
664,834,1498,0.1388
661,842,1503,0.1388
664,849,1513,0.1388
659,838,1497,0.1388
658,846,1504,0.1388
651,858,1509,0.1388
649,861,1510,0.1388
651,858,1509,0.1388
655,872,1527,0.1388
654,865,1519,0.1388
647,871,1518,0.1388
646,867,1513,0.1388
641,858,1499,0.1388
649,867,1516,0.1388
656,864,1520,0.1388
655,851,1506,0.1388
655,850,1505,0.1388
658,852,1510,0.1388
655,848,1503,0.1388
651,855,1506,0.1388
650,860,1510,0.1388
646,862,1508,0.1388
640,852,1492,0.1388
644,853,1497,0.1388
641,863,1504,0.1388
641,858,1499,0.1388
642,853,1495,0.1388
642,865,1507,0.1388
649,870,1519,0.1388
649,860,1509,0.1388
651,861,1512,0.1388
651,859,1510,0.1388
653,853,1506,0.1388
654,866,1520,0.1388
657,862,1519,0.1388
652,863,1515,0.1388
653,866,1519,0.1388
641,880,1521,0.1388
630,877,1507,0.1388
626,870,1496,0.1388
616,878,1494,0.1388
609,887,1496,0.1388
600,892,1492,0.1388
604,904,1508,0.1388
601,905,1506,0.1388
598,916,1514,0.1388
599,911,1510,0.1388
600,913,1513,0.1388
598,899,1497,0.1388
608,901,1509,0.1388
602,903,1505,0.1388
608,911,1519,0.1388
612,913,1525,0.1388
603,909,1512,0.1388
604,903,1507,0.1388
604,897,1501,0.1388
596,895,1491,0.1388
596,901,1497,0.1388
592,904,1496,0.1388
601,904,1505,0.1388
600,908,1508,0.1388
595,908,1503,0.1388
599,909,1508,0.1388
590,911,1501,0.1388
588,902,1490,0.1388
583,908,1491,0.1388
591,913,1504,0.1388
587,904,1491,0.1388
588,912,1500,0.1388
587,909,1496,0.1388
580,913,1493,0.1388
587,915,1502,0.1388
594,908,1502,0.1388
593,907,1500,0.1388
601,915,1516,0.1388
602,917,1519,0.1388
611,911,1522,0.1388
605,906,1511,0.1388
601,899,1500,0.1388
598,902,1500,0.1388
597,915,1512,0.1388
596,921,1517,0.1388
597,922,1519,0.1388
585,919,1504,0.1388
584,925,1509,0.1388
574,930,1504,0.1388
573,931,1504,0.1388
580,936,1516,0.1388
584,931,1515,0.1388
590,928,1518,0.1388
586,925,1511,0.1388
587,919,1506,0.1388
580,928,1508,0.1388
577,922,1499,0.1388
584,923,1507,0.1388
580,922,1502,0.1388
575,927,1502,0.1388
574,916,1490,0.1388
570,916,1486,0.1388
580,918,1498,0.1388
581,914,1495,0.1388
580,919,1499,0.1388
582,923,1505,0.1388
583,922,1505,0.1388
584,922,1506,0.1388
574,932,1506,0.1388
582,932,1514,0.1388
588,928,1516,0.1388
588,930,1518,0.1388
581,924,1505,0.1388
580,930,1510,0.1388
585,931,1516,0.1388
574,923,1497,0.1388
573,925,1498,0.1388
568,927,1495,0.1388
575,941,1516,0.1388
575,943,1518,0.1388
577,943,1520,0.1388
577,950,1527,0.1388
567,944,1511,0.1388
563,947,1510,0.1388
563,937,1500,0.1388
556,939,1495,0.1388
558,953,1511,0.1388
553,962,1515,0.1388
555,959,1514,0.1388
559,951,1510,0.1388
561,954,1515,0.1388
559,945,1504,0.1388
553,948,1501,0.1388
546,945,1491,0.1388
552,939,1491,0.1388
541,955,1496,0.1388
553,960,1513,0.1388
552,962,1514,0.1388
542,975,1517,0.1388
532,977,1509,0.1388
528,987,1515,0.1388
534,990,1524,0.1388
532,985,1517,0.1388
533,989,1522,0.1388
531,986,1517,0.1388
526,981,1507,0.1388
519,985,1504,0.1388
512,972,1484,0.1388
515,965,1480,0.1388
517,980,1497,0.1388
510,975,1485,0.1388
512,976,1488,0.1388
520,978,1498,0.1388
523,980,1503,0.1388
527,978,1505,0.1388
527,994,1521,0.1388
525,1000,1525,0.1388
530,994,1524,0.1388
528,991,1519,0.1388
521,991,1512,0.1388
517,992,1509,0.1388
513,989,1502,0.1388
520,986,1506,0.1388
518,988,1506,0.1388
523,1006,1529,0.1388
524,1014,1538,0.1388
526,996,1522,0.1388
521,987,1508,0.1388
510,1006,1516,0.1388
508,1002,1510,0.1388
510,1009,1519,0.1388
503,996,1499,0.1388
508,992,1500,0.1388
504,996,1500,0.1388
503,999,1502,0.1388
501,1004,1505,0.1388
495,1000,1495,0.1388
492,1006,1498,0.1388
496,1002,1498,0.1388
491,1010,1501,0.1388
488,1006,1494,0.1388
496,1013,1509,0.1388
496,1003,1499,0.1388
493,1010,1503,0.1388
498,1007,1505,0.1388
502,1011,1513,0.1388
505,1009,1514,0.1388
508,1006,1514,0.1388
507,1008,1515,0.1388
504,1016,1520,0.1388
497,1018,1515,0.1388
494,1007,1501,0.1388
496,1001,1497,0.1388
490,1007,1497,0.1388
489,1003,1492,0.1388
497,1017,1514,0.1388
499,1011,1510,0.1388
494,1014,1508,0.1388
499,1013,1512,0.1388
499,1022,1521,0.1388
505,1017,1522,0.1388
502,1020,1522,0.1388
494,1020,1514,0.1388
495,1029,1524,0.1388
495,1019,1514,0.1388
499,1014,1513,0.1388
499,1008,1507,0.1388
497,1003,1500,0.1388
495,999,1494,0.1388
502,1002,1504,0.1388
492,1002,1494,0.1388
492,1008,1500,0.1388
492,1015,1507,0.1388
494,1014,1508,0.1388
495,1004,1499,0.1388
493,1021,1514,0.1388
493,1022,1515,0.1388
480,1025,1505,0.1388
482,1014,1496,0.1388
488,1015,1503,0.1388
490,1022,1512,0.1388
496,1013,1509,0.1388
503,1007,1510,0.1388
504,1008,1512,0.1388
500,1002,1502,0.1388
497,1007,1504,0.1388
501,1008,1509,0.1388
500,1013,1513,0.1388
495,1013,1508,0.1388
496,1018,1514,0.1388
490,1020,1510,0.1388
491,1019,1510,0.1388
492,1021,1513,0.1388
480,1023,1503,0.1388
486,1026,1512,0.1388
487,1030,1517,0.1388
484,1042,1526,0.1388
474,1044,1518,0.1388
472,1041,1513,0.1388
473,1042,1515,0.1388
475,1040,1515,0.1388
489,1022,1511,0.1388
484,1030,1514,0.1388
476,1032,1508,0.1388
472,1024,1496,0.1388
471,1027,1498,0.1388
476,1036,1512,0.1388
473,1027,1500,0.1388
469,1039,1508,0.1388
464,1044,1508,0.1388
465,1048,1513,0.1388
457,1050,1507,0.1388
451,1066,1517,0.1388
452,1064,1516,0.1388
449,1057,1506,0.1388
444,1051,1495,0.1388
445,1050,1495,0.1388
445,1055,1500,0.1388
449,1060,1509,0.1388
446,1061,1507,0.1388
437,1067,1504,0.1388
439,1062,1501,0.1388
440,1072,1512,0.1388
442,1075,1517,0.1388
432,1075,1507,0.1388
427,1071,1498,0.1388
421,1083,1504,0.1388
430,1080,1510,0.1388
428,1082,1510,0.1388
424,1078,1502,0.1388
415,1083,1498,0.1388
415,1090,1505,0.1388
419,1078,1497,0.1388
427,1083,1510,0.1388
429,1085,1514,0.1388
427,1085,1512,0.1388
424,1086,1510,0.1388
428,1092,1520,0.1388
428,1100,1528,0.1388
427,1099,1526,0.1388
419,1111,1530,0.1388
424,1108,1532,0.1388
426,1101,1527,0.1388
422,1104,1526,0.1388
414,1100,1514,0.1388
408,1092,1500,0.1388
412,1103,1515,0.1388
407,1103,1510,0.1388
405,1108,1513,0.1388
400,1115,1515,0.1388
400,1106,1506,0.1388
402,1101,1503,0.1388
403,1107,1510,0.1388
399,1121,1520,0.1388
399,1112,1511,0.1388
394,1129,1523,0.1388
394,1124,1518,0.1388
388,1121,1509,0.1388
384,1113,1497,0.1388
383,1097,1480,0.1388
387,1108,1495,0.1388
394,1109,1503,0.1388
398,1114,1512,0.1388
393,1111,1504,0.1388
398,1110,1508,0.1388
401,1124,1525,0.1388
401,1132,1533,0.1388
392,1119,1511,0.1388
404,1115,1519,0.1388
405,1101,1506,0.1388
402,1107,1509,0.1388
401,1114,1515,0.1388
400,1114,1514,0.1388
395,1126,1521,0.1388
401,1126,1527,0.1388
395,1107,1502,0.1388
398,1107,1505,0.1388
407,1111,1518,0.1388
407,1100,1507,0.1388
407,1111,1518,0.1388
402,1109,1511,0.1388
405,1107,1512,0.1388
401,1106,1507,0.1388
397,1102,1499,0.1388
401,1107,1508,0.1388
403,1093,1496,0.1388
401,1095,1496,0.1388
405,1101,1506,0.1388
405,1098,1503,0.1388
401,1107,1508,0.1388
396,1107,1503,0.1388
404,1108,1512,0.1388
401,1104,1505,0.1388
403,1110,1513,0.1388
405,1118,1523,0.1388
404,1127,1531,0.1388
407,1121,1528,0.1388
405,1108,1513,0.1388
402,1115,1517,0.1388
401,1107,1508,0.1388
404,1101,1505,0.1388
401,1093,1494,0.1388
408,1118,1526,0.1388
403,1117,1520,0.1388
404,1121,1525,0.1388
406,1113,1519,0.1388
401,1112,1513,0.1388
404,1119,1523,0.1388
393,1119,1512,0.1388
392,1124,1516,0.1388
394,1123,1517,0.1388
394,1131,1525,0.1388
395,1128,1523,0.1388
385,1125,1510,0.1388
385,1131,1516,0.1388
390,1118,1508,0.1388
380,1136,1516,0.1388
383,1135,1518,0.1388
387,1129,1516,0.1388
383,1134,1517,0.1388
384,1133,1517,0.1388
377,1120,1497,0.1388
388,1120,1508,0.1388
387,1131,1518,0.1388
376,1129,1505,0.1388
379,1127,1506,0.1388
379,1137,1516,0.1388
379,1132,1511,0.1388
376,1129,1505,0.1388
372,1143,1515,0.1388
380,1142,1522,0.1388
376,1150,1526,0.1388
378,1143,1521,0.1388
380,1140,1520,0.1388
380,1146,1526,0.1388
372,1143,1515,0.1388
368,1141,1509,0.1388
367,1144,1511,0.1388
364,1150,1514,0.1388
360,1160,1520,0.1388
365,1157,1522,0.1388
370,1152,1522,0.1388
368,1139,1507,0.1388
359,1138,1497,0.1388
361,1137,1498,0.1388
357,1137,1494,0.1388
352,1138,1490,0.1388
358,1148,1506,0.1388
362,1150,1512,0.1388
364,1140,1504,0.1388
363,1141,1504,0.1388
360,1145,1505,0.1388
366,1144,1510,0.1388
364,1149,1513,0.1388
359,1150,1509,0.1388
355,1152,1507,0.1388
353,1149,1502,0.1388
352,1148,1500,0.1388
354,1156,1510,0.1388
356,1159,1515,0.1388
357,1161,1518,0.1388
353,1172,1525,0.1388
353,1173,1526,0.1388
354,1167,1521,0.1388
351,1165,1516,0.1388
351,1160,1511,0.1388
351,1167,1518,0.1388
350,1171,1521,0.1388
350,1175,1525,0.1388
345,1167,1512,0.1388
346,1166,1512,0.1388
346,1160,1506,0.1388
346,1156,1502,0.1388
348,1153,1501,0.1388
351,1139,1490,0.1388
351,1129,1480,0.1388
354,1151,1505,0.1388
357,1144,1501,0.1388
362,1145,1507,0.1388
356,1147,1503,0.1388
358,1133,1491,0.1388
354,1139,1493,0.1388
351,1142,1493,0.1388
356,1144,1500,0.1388
354,1140,1494,0.1388
349,1145,1494,0.1388
352,1154,1506,0.1388
359,1165,1524,0.1388
364,1160,1524,0.1388
354,1151,1505,0.1388
348,1154,1502,0.1388
344,1155,1499,0.1388
347,1149,1496,0.1388
343,1144,1487,0.1388
345,1143,1488,0.1388
355,1142,1497,0.1388
352,1149,1501,0.1388
354,1165,1519,0.1388
354,1161,1515,0.1388
360,1160,1520,0.1388
356,1156,1512,0.1388
354,1160,1514,0.1388
353,1153,1506,0.1388
354,1157,1511,0.1388
347,1167,1514,0.1388
348,1159,1507,0.1388
347,1163,1510,0.1388
341,1176,1517,0.1388
345,1171,1516,0.1388
347,1173,1520,0.1388
344,1177,1521,0.1388
343,1171,1514,0.1388
341,1172,1513,0.1388
344,1175,1519,0.1388
345,1172,1517,0.1388
344,1175,1519,0.1388
344,1176,1520,0.1388
343,1170,1513,0.1388
334,1173,1507,0.1388
333,1167,1500,0.1388
331,1174,1505,0.1388
333,1169,1502,0.1388
329,1168,1497,0.1388
322,1173,1495,0.1388
322,1174,1496,0.1388
320,1187,1507,0.1388
323,1184,1507,0.1388
328,1185,1513,0.1388
324,1172,1496,0.1388
327,1180,1507,0.1388
320,1177,1497,0.1388
330,1182,1512,0.1388
328,1176,1504,0.1388
333,1182,1515,0.1388
333,1186,1519,0.1388
332,1190,1522,0.1388
329,1187,1516,0.1388
329,1183,1512,0.1388
327,1187,1514,0.1388
320,1192,1512,0.1388
325,1188,1513,0.1388
318,1178,1496,0.1388
320,1184,1504,0.1388
323,1190,1513,0.1388
315,1193,1508,0.1388
317,1190,1507,0.1388
316,1189,1505,0.1388
313,1192,1505,0.1388
313,1187,1500,0.1388
311,1189,1500,0.1388
315,1207,1522,0.1388
311,1192,1503,0.1388
306,1186,1492,0.1388
309,1204,1513,0.1388
307,1200,1507,0.1388
306,1202,1508,0.1388
300,1207,1507,0.1388
306,1208,1514,0.1388
311,1209,1520,0.1388
311,1207,1518,0.1388
309,1210,1519,0.1388
308,1220,1528,0.1388
300,1222,1522,0.1388
300,1211,1511,0.1388
292,1217,1509,0.1388
293,1201,1494,0.1388
297,1210,1507,0.1388
296,1211,1507,0.1388
300,1221,1521,0.1388
296,1224,1520,0.1388
291,1216,1507,0.1388
290,1216,1506,0.1388
286,1215,1501,0.1388
292,1206,1498,0.1388
292,1201,1493,0.1388
293,1208,1501,0.1388
292,1210,1502,0.1388
290,1214,1504,0.1388
288,1218,1506,0.1388
288,1227,1515,0.1388
289,1234,1523,0.1388
285,1238,1523,0.1388
292,1233,1525,0.1388
298,1228,1526,0.1388
296,1220,1516,0.1388
297,1229,1526,0.1388
298,1226,1524,0.1388
296,1226,1522,0.1388
283,1228,1511,0.1388
284,1215,1499,0.1388
283,1213,1496,0.1388
281,1227,1508,0.1388
282,1219,1501,0.1388
278,1223,1501,0.1388
271,1235,1506,0.1388
265,1235,1500,0.1388
264,1238,1502,0.1388
266,1244,1510,0.1388
261,1264,1525,0.1388
260,1259,1519,0.1388
263,1264,1527,0.1388
261,1260,1521,0.1388
256,1255,1511,0.1388
253,1255,1508,0.1388
256,1257,1513,0.1388
257,1252,1509,0.1388
259,1259,1518,0.1388
260,1263,1523,0.1388
261,1258,1519,0.1388
264,1255,1519,0.1388
260,1264,1524,0.1388
259,1258,1517,0.1388
258,1265,1523,0.1388
250,1263,1513,0.1388
246,1267,1513,0.1388
249,1259,1508,0.1388
248,1241,1489,0.1388
251,1251,1502,0.1388
254,1244,1498,0.1388
259,1259,1518,0.1388
259,1252,1511,0.1388
262,1237,1499,0.1388
263,1243,1506,0.1388
258,1252,1510,0.1388
251,1246,1497,0.1388
254,1257,1511,0.1388
256,1252,1508,0.1388
261,1243,1504,0.1388
263,1246,1509,0.1388
264,1258,1522,0.1388
258,1262,1520,0.1388
259,1254,1513,0.1388
261,1260,1521,0.1388
264,1251,1515,0.1388
262,1257,1519,0.1388
262,1246,1508,0.1388
259,1247,1506,0.1388
265,1261,1526,0.1388
264,1258,1522,0.1388
266,1257,1523,0.1388
266,1259,1525,0.1388
263,1263,1526,0.1388
266,1262,1528,0.1388
268,1258,1526,0.1388
269,1265,1534,0.1388
273,1244,1517,0.1388
269,1236,1505,0.1388
268,1249,1517,0.1388
266,1239,1505,0.1388
269,1240,1509,0.1388
272,1248,1520,0.1388
276,1247,1523,0.1388
268,1256,1524,0.1388
266,1259,1525,0.1388
266,1257,1523,0.1388
270,1259,1529,0.1388
262,1261,1523,0.1388
268,1255,1523,0.1388
268,1257,1525,0.1388
264,1249,1513,0.1388
263,1242,1505,0.1388
257,1246,1503,0.1388
258,1245,1503,0.1388
261,1264,1525,0.1388
259,1258,1517,0.1388
261,1254,1515,0.1388
256,1256,1512,0.1388
254,1252,1506,0.1388
253,1258,1511,0.1388
247,1247,1494,0.1388
248,1257,1505,0.1388
248,1264,1512,0.1388
246,1272,1518,0.1388
246,1274,1520,0.1388
241,1272,1513,0.1388
246,1264,1510,0.1388
250,1266,1516,0.1388
252,1271,1523,0.1388
245,1276,1521,0.1388
244,1271,1515,0.1388
241,1269,1510,0.1388
239,1270,1509,0.1388
240,1281,1521,0.1388
243,1269,1512,0.1388
239,1273,1512,0.1388
235,1281,1516,0.1388
239,1278,1517,0.1388
238,1276,1514,0.1388
240,1278,1518,0.1388
238,1269,1507,0.1388
239,1279,1518,0.1388
238,1287,1525,0.1388
230,1282,1512,0.1388
232,1283,1515,0.1388
231,1295,1526,0.1388
230,1280,1510,0.1388
228,1275,1503,0.1388
234,1279,1513,0.1388
230,1279,1509,0.1388
226,1286,1512,0.1388
225,1289,1514,0.1388
225,1276,1501,0.1388
226,1272,1498,0.1388
223,1283,1506,0.1388
220,1291,1511,0.1388
217,1298,1515,0.1388
218,1298,1516,0.1388
221,1290,1511,0.1388
227,1286,1513,0.1388
217,1291,1508,0.1388
214,1300,1514,0.1388
212,1296,1508,0.1388
208,1303,1511,0.1388
212,1299,1511,0.1388
211,1311,1522,0.1388
210,1309,1519,0.1388
205,1317,1522,0.1388
201,1313,1514,0.1388
204,1308,1512,0.1388
207,1295,1502,0.1388
209,1305,1514,0.1388
212,1309,1521,0.1388
213,1299,1512,0.1388
208,1302,1510,0.1388
207,1298,1505,0.1388
204,1306,1510,0.1388
202,1308,1510,0.1388
201,1314,1515,0.1388
204,1309,1513,0.1388
205,1306,1511,0.1388
205,1323,1528,0.1388
207,1309,1516,0.1388
207,1316,1523,0.1388
206,1318,1524,0.1388
200,1306,1506,0.1388
199,1303,1502,0.1388
206,1298,1504,0.1388
204,1292,1496,0.1388
204,1307,1511,0.1388
202,1297,1499,0.1388
199,1315,1514,0.1388
204,1319,1523,0.1388
199,1321,1520,0.1388
201,1318,1519,0.1388
196,1315,1511,0.1388
193,1311,1504,0.1388
192,1323,1515,0.1388
194,1323,1517,0.1388
192,1330,1522,0.1388
188,1327,1515,0.1388
191,1331,1522,0.1388
189,1336,1525,0.1388
190,1335,1525,0.1388
189,1328,1517,0.1388
189,1325,1514,0.1388
189,1330,1519,0.1388
189,1329,1518,0.1388
189,1326,1515,0.1388
185,1336,1521,0.1388
186,1333,1519,0.1388
181,1330,1511,0.1388
184,1323,1507,0.1388
182,1314,1496,0.1388
175,1322,1497,0.1388
173,1321,1494,0.1388
169,1333,1502,0.1388
173,1337,1510,0.1388
174,1342,1516,0.1388
171,1355,1526,0.1388
168,1351,1519,0.1388
166,1342,1508,0.1388
165,1339,1504,0.1388
166,1343,1509,0.1388
174,1341,1515,0.1388
173,1338,1511,0.1388
177,1337,1514,0.1388
174,1340,1514,0.1388
178,1340,1518,0.1388
175,1343,1518,0.1388
173,1350,1523,0.1388
174,1342,1516,0.1388
176,1345,1521,0.1388
174,1331,1505,0.1388
173,1340,1513,0.1388
173,1328,1501,0.1388
171,1326,1497,0.1388
171,1333,1504,0.1388
172,1343,1515,0.1388
176,1344,1520,0.1388
178,1341,1519,0.1388
175,1348,1523,0.1388
176,1344,1520,0.1388
173,1338,1511,0.1388
170,1341,1511,0.1388
172,1339,1511,0.1388
171,1343,1514,0.1388
167,1343,1510,0.1388
165,1336,1501,0.1388
160,1343,1503,0.1388
156,1337,1493,0.1388
156,1346,1502,0.1388
152,1337,1489,0.1388
151,1350,1501,0.1388
152,1365,1517,0.1388
149,1377,1526,0.1388
149,1368,1517,0.1388
150,1366,1516,0.1388
150,1353,1503,0.1388
150,1354,1504,0.1388
146,1364,1510,0.1388
138,1376,1514,0.1388
140,1365,1505,0.1388
150,1372,1522,0.1388
147,1371,1518,0.1388
146,1371,1517,0.1388
147,1368,1515,0.1388
148,1360,1508,0.1388
145,1372,1517,0.1388
147,1372,1519,0.1388
147,1370,1517,0.1388
148,1370,1518,0.1388
148,1378,1526,0.1388
147,1386,1533,0.1388
151,1375,1526,0.1388
150,1385,1535,0.1388
147,1372,1519,0.1388
145,1358,1503,0.1388
147,1376,1523,0.1388
148,1367,1515,0.1388
147,1369,1516,0.1388
146,1373,1519,0.1388
146,1369,1515,0.1388
148,1368,1516,0.1388
150,1371,1521,0.1388
150,1367,1517,0.1388
152,1370,1522,0.1388
150,1364,1514,0.1388
149,1362,1511,0.1388
147,1370,1517,0.1388
148,1366,1514,0.1388
148,1365,1513,0.1388
145,1363,1508,0.1388
146,1363,1509,0.1388
146,1366,1512,0.1388
145,1382,1527,0.1388
142,1368,1510,0.1388
145,1379,1524,0.1388
144,1374,1518,0.1388
144,1377,1521,0.1388
145,1371,1516,0.1388
144,1371,1515,0.1388
146,1371,1517,0.1388
144,1381,1525,0.1388
148,1378,1526,0.1388
146,1375,1521,0.1388
146,1370,1516,0.1388
148,1366,1514,0.1388
144,1365,1509,0.1388
142,1383,1525,0.1388
148,1379,1527,0.1388
145,1375,1520,0.1388
144,1372,1516,0.1388
150,1360,1510,0.1388
148,1370,1518,0.1388
143,1358,1501,0.1388
144,1361,1505,0.1388
143,1360,1503,0.1388
140,1369,1509,0.1388
139,1372,1511,0.1388
135,1380,1515,0.1388
135,1374,1509,0.1388
135,1370,1505,0.1388
135,1370,1505,0.1388
135,1382,1517,0.1388
138,1376,1514,0.1388
143,1371,1514,0.1388
146,1365,1511,0.1388
147,1380,1527,0.1388
145,1367,1512,0.1388
146,1373,1519,0.1388
144,1359,1503,0.1388
144,1370,1514,0.1388
143,1377,1520,0.1388
141,1379,1520,0.1388
141,1363,1504,0.1388
140,1371,1511,0.1388
144,1367,1511,0.1388
143,1367,1510,0.1388
140,1366,1506,0.1388
142,1366,1508,0.1388
142,1352,1494,0.1388
146,1366,1512,0.1388
147,1366,1513,0.1388
153,1377,1530,0.1388
154,1366,1520,0.1388
151,1365,1516,0.1388
152,1361,1513,0.1388
150,1366,1516,0.1388
150,1366,1516,0.1388
150,1356,1506,0.1388
151,1354,1505,0.1388
154,1357,1511,0.1388
149,1360,1509,0.1388
149,1355,1504,0.1388
147,1361,1508,0.1388
144,1356,1500,0.1388
141,1361,1502,0.1388
138,1375,1513,0.1388
141,1366,1507,0.1388
141,1364,1505,0.1388
139,1372,1511,0.1388
137,1368,1505,0.1388
136,1372,1508,0.1388
135,1378,1513,0.1388
137,1372,1509,0.1388
134,1378,1512,0.1388
137,1377,1514,0.1388
141,1370,1511,0.1388
137,1370,1507,0.1388
138,1365,1503,0.1388
139,1379,1518,0.1388
137,1369,1506,0.1388
138,1370,1508,0.1388
136,1373,1509,0.1388
133,1363,1496,0.1388
135,1380,1515,0.1388
136,1382,1518,0.1388
132,1381,1513,0.1388
133,1379,1512,0.1388
127,1380,1507,0.1388
128,1382,1510,0.1388
127,1386,1513,0.1388
127,1384,1511,0.1388
129,1392,1521,0.1388
131,1382,1513,0.1388
129,1375,1504,0.1388
129,1379,1508,0.1388
128,1380,1508,0.1388
129,1367,1496,0.1388
123,1373,1496,0.1388
128,1365,1493,0.1388
128,1368,1496,0.1388
129,1375,1504,0.1388
130,1377,1507,0.1388
131,1385,1516,0.1388
129,1384,1513,0.1388
131,1376,1507,0.1388
132,1377,1509,0.1388
131,1375,1506,0.1388
129,1392,1521,0.1388
130,1390,1520,0.1388
123,1392,1515,0.1388
122,1401,1523,0.1388
125,1406,1531,0.1388
129,1394,1523,0.1388
129,1390,1519,0.1388
126,1388,1514,0.1388
126,1387,1513,0.1388
124,1397,1521,0.1388
121,1393,1514,0.1388
119,1402,1521,0.1388
121,1394,1515,0.1388
116,1388,1504,0.1388
118,1400,1518,0.1388
115,1390,1505,0.1388
119,1382,1501,0.1388
120,1382,1502,0.1388
121,1395,1516,0.1388
125,1383,1508,0.1388
128,1378,1506,0.1388
126,1382,1508,0.1388
125,1392,1517,0.1388
122,1391,1513,0.1388
120,1401,1521,0.1388
120,1394,1514,0.1388
120,1405,1525,0.1388
120,1396,1516,0.1388
119,1403,1522,0.1388
118,1406,1524,0.1388
116,1397,1513,0.1388
119,1403,1522,0.1388
118,1404,1522,0.1388
122,1404,1526,0.1388
124,1406,1530,0.1388
123,1409,1532,0.1388
123,1390,1513,0.1388
120,1384,1504,0.1388
122,1382,1504,0.1388
125,1383,1508,0.1388
126,1392,1518,0.1388
120,1398,1518,0.1388
117,1381,1498,0.1388
115,1393,1508,0.1388
114,1380,1494,0.1388
115,1378,1493,0.1388
120,1391,1511,0.1388
121,1384,1505,0.1388
120,1394,1514,0.1388
121,1391,1512,0.1388
121,1394,1515,0.1388
125,1393,1518,0.1388
124,1391,1515,0.1388
126,1395,1521,0.1388
125,1390,1515,0.1388
121,1395,1516,0.1388
123,1384,1507,0.1388
124,1387,1511,0.1388
124,1392,1516,0.1388
124,1383,1507,0.1388
125,1369,1494,0.1388
126,1386,1512,0.1388
125,1397,1522,0.1388
126,1399,1525,0.1388
126,1397,1523,0.1388
128,1398,1526,0.1388
126,1389,1515,0.1388
126,1382,1508,0.1388
129,1381,1510,0.1388
126,1380,1506,0.1388
128,1381,1509,0.1388
124,1389,1513,0.1388
128,1388,1516,0.1388
126,1395,1521,0.1388
130,1400,1530,0.1388
126,1404,1530,0.1388
121,1402,1523,0.1388
116,1401,1517,0.1388
119,1391,1510,0.1388
118,1405,1523,0.1388
115,1413,1528,0.1388
114,1402,1516,0.1388
116,1403,1519,0.1388
114,1400,1514,0.1388
114,1405,1519,0.1388
112,1406,1518,0.1388
111,1408,1519,0.1388
112,1417,1529,0.1388
113,1412,1525,0.1388
113,1398,1511,0.1388
115,1390,1505,0.1388
115,1395,1510,0.1388
113,1396,1509,0.1388
112,1397,1509,0.1388
110,1395,1505,0.1388
111,1391,1502,0.1388
110,1393,1503,0.1388
109,1398,1507,0.1388
108,1410,1518,0.1388
106,1422,1528,0.1388
105,1426,1531,0.1388
106,1410,1516,0.1388
111,1402,1513,0.1388
111,1395,1506,0.1388
111,1400,1511,0.1388
112,1390,1502,0.1388
111,1396,1507,0.1388
106,1392,1498,0.1388
111,1386,1497,0.1388
114,1390,1504,0.1388
114,1397,1511,0.1388
110,1414,1524,0.1388
109,1410,1519,0.1388
110,1410,1520,0.1388
111,1406,1517,0.1388
112,1411,1523,0.1388
109,1400,1509,0.1388
109,1388,1497,0.1388
112,1404,1516,0.1388
110,1403,1513,0.1388
110,1402,1512,0.1388
108,1414,1522,0.1388
109,1396,1505,0.1388
109,1400,1509,0.1388
105,1413,1518,0.1388
105,1406,1511,0.1388
104,1412,1516,0.1388
103,1408,1511,0.1388
104,1420,1524,0.1388
103,1417,1520,0.1388
102,1410,1512,0.1388
101,1400,1501,0.1388
99,1411,1510,0.1388
98,1421,1519,0.1388
99,1423,1522,0.1388
99,1421,1520,0.1388
100,1412,1512,0.1388
102,1414,1516,0.1388
102,1415,1517,0.1388
101,1410,1511,0.1388
100,1413,1513,0.1388
98,1415,1513,0.1388
97,1415,1512,0.1388
97,1425,1522,0.1388
96,1411,1507,0.1388
94,1403,1497,0.1388
94,1424,1518,0.1388
96,1411,1507,0.1388
97,1429,1526,0.1388
96,1425,1521,0.1388
94,1420,1514,0.1388
92,1426,1518,0.1388
91,1440,1531,0.1388
91,1435,1526,0.1388
92,1421,1513,0.1388
94,1407,1501,0.1388
95,1393,1488,0.1388
94,1404,1498,0.1388
96,1404,1500,0.1388
96,1412,1508,0.1388
94,1409,1503,0.1388
93,1422,1515,0.1388
94,1424,1518,0.1388
94,1417,1511,0.1388
93,1420,1513,0.1388
96,1429,1525,0.1388
93,1423,1516,0.1388
92,1413,1505,0.1388
94,1413,1507,0.1388
97,1400,1497,0.1388
99,1402,1501,0.1388
103,1404,1507,0.1388
98,1398,1496,0.1388
99,1406,1505,0.1388
99,1411,1510,0.1388
99,1418,1517,0.1388
98,1418,1516,0.1388
95,1413,1508,0.1388
93,1422,1515,0.1388
95,1413,1508,0.1388
96,1409,1505,0.1388
92,1422,1514,0.1388
94,1434,1528,0.1388
97,1426,1523,0.1388
93,1417,1510,0.1388
93,1414,1507,0.1388
92,1414,1506,0.1388
91,1410,1501,0.1388
94,1409,1503,0.1388
94,1402,1496,0.1388
95,1407,1502,0.1388
97,1426,1523,0.1388
96,1433,1529,0.1388
95,1441,1536,0.1388
95,1443,1538,0.1388
96,1432,1528,0.1388
98,1420,1518,0.1388
99,1426,1525,0.1388
98,1435,1533,0.1388
96,1433,1529,0.1388
94,1421,1515,0.1388
93,1420,1513,0.1388
94,1426,1520,0.1388
92,1431,1523,0.1388
93,1423,1516,0.1388
92,1423,1515,0.1388
91,1424,1515,0.1388
90,1416,1506,0.1388
91,1411,1502,0.1388
91,1413,1504,0.1388
89,1418,1507,0.1388
89,1424,1513,0.1388
96,1429,1525,0.1388
95,1425,1520,0.1388
97,1422,1519,0.1388
97,1427,1524,0.1388
92,1425,1517,0.1388
93,1435,1528,0.1388
91,1431,1522,0.1388
88,1417,1505,0.1388
89,1418,1507,0.1388
88,1417,1505,0.1388
87,1418,1505,0.1388
87,1421,1508,0.1388
86,1412,1498,0.1388
90,1415,1505,0.1388
90,1422,1512,0.1388
92,1421,1513,0.1388
90,1414,1504,0.1388
92,1421,1513,0.1388
90,1422,1512,0.1388
91,1433,1524,0.1388
89,1430,1519,0.1388
89,1430,1519,0.1388
88,1437,1525,0.1388
83,1431,1514,0.1388
82,1435,1517,0.1388
81,1438,1519,0.1388
80,1441,1521,0.1388
78,1437,1515,0.1388
78,1430,1508,0.1388
77,1436,1513,0.1388
80,1432,1512,0.1388
79,1423,1502,0.1388
79,1418,1497,0.1388
81,1424,1505,0.1388
83,1430,1513,0.1388
84,1438,1522,0.1388
81,1433,1514,0.1388
78,1431,1509,0.1388
83,1432,1515,0.1388
80,1420,1500,0.1388
83,1431,1514,0.1388
82,1441,1523,0.1388
80,1439,1519,0.1388
83,1426,1509,0.1388
81,1436,1517,0.1388
79,1424,1503,0.1388
77,1426,1503,0.1388
78,1425,1503,0.1388
78,1430,1508,0.1388
80,1424,1504,0.1388
77,1437,1514,0.1388
78,1436,1514,0.1388
79,1433,1512,0.1388
77,1434,1511,0.1388
76,1443,1519,0.1388
76,1439,1515,0.1388
75,1435,1510,0.1388
75,1443,1518,0.1388
73,1435,1508,0.1388
73,1425,1498,0.1388
71,1440,1511,0.1388
73,1442,1515,0.1388
72,1445,1517,0.1388
74,1449,1523,0.1388
67,1457,1524,0.1388
66,1456,1522,0.1388
67,1437,1504,0.1388
69,1432,1501,0.1388
68,1435,1503,0.1388
68,1433,1501,0.1388
68,1442,1510,0.1388
68,1448,1516,0.1388
66,1449,1515,0.1388
66,1457,1523,0.1388
67,1456,1523,0.1388
74,1466,1540,0.1388
73,1458,1531,0.1388
76,1458,1534,0.1388
76,1444,1520,0.1388
78,1454,1532,0.1388
76,1461,1537,0.1388
74,1447,1521,0.1388
76,1456,1532,0.1388
76,1454,1530,0.1388
77,1458,1535,0.1388
77,1445,1522,0.1388
75,1448,1523,0.1388
74,1448,1522,0.1388
73,1449,1522,0.1388
71,1438,1509,0.1388
70,1447,1517,0.1388
69,1433,1502,0.1388
68,1435,1503,0.1388
67,1431,1498,0.1388
63,1438,1501,0.1388
67,1453,1520,0.1388
67,1449,1516,0.1388
71,1447,1518,0.1388
70,1433,1503,0.1388
72,1436,1508,0.1388
72,1439,1511,0.1388
71,1435,1506,0.1388
72,1438,1510,0.1388
68,1436,1504,0.1388
70,1428,1498,0.1388
74,1439,1513,0.1388
68,1436,1504,0.1388
68,1448,1516,0.1388
69,1446,1515,0.1388
68,1456,1524,0.1388
66,1457,1523,0.1388
68,1452,1520,0.1388
68,1451,1519,0.1388
70,1460,1530,0.1388
73,1451,1524,0.1388
73,1451,1524,0.1388
72,1444,1516,0.1388
73,1435,1508,0.1388
73,1440,1513,0.1388
70,1449,1519,0.1388
71,1449,1520,0.1388
69,1445,1514,0.1388
70,1436,1506,0.1388
71,1449,1520,0.1388
71,1449,1520,0.1388
70,1453,1523,0.1388
69,1454,1523,0.1388
72,1446,1518,0.1388
72,1443,1515,0.1388
70,1445,1515,0.1388
69,1463,1532,0.1388
68,1450,1518,0.1388
69,1447,1516,0.1388
68,1447,1515,0.1388
69,1444,1513,0.1388
67,1449,1516,0.1388
67,1447,1514,0.1388
70,1452,1522,0.1388
71,1457,1528,0.1388
72,1456,1528,0.1388
70,1454,1524,0.1388
69,1436,1505,0.1388
67,1444,1511,0.1388
68,1444,1512,0.1388
71,1438,1509,0.1388
67,1444,1511,0.1388
66,1443,1509,0.1388
66,1438,1504,0.1388
66,1434,1500,0.1388
67,1437,1504,0.1388
66,1453,1519,0.1388
68,1454,1522,0.1388
67,1447,1514,0.1388
64,1455,1519,0.1388
63,1457,1520,0.1388
63,1458,1521,0.1388
62,1460,1522,0.1388
60,1463,1523,0.1388
59,1463,1522,0.1388
61,1457,1518,0.1388
57,1467,1524,0.1388
58,1476,1534,0.1388
58,1471,1529,0.1388
59,1466,1525,0.1388
56,1464,1520,0.1388
60,1460,1520,0.1388
60,1457,1517,0.1388
60,1463,1523,0.1388
61,1468,1529,0.1388
60,1467,1527,0.1388
59,1478,1537,0.1388
56,1469,1525,0.1388
59,1465,1524,0.1388
58,1466,1524,0.1388
58,1464,1522,0.1388
57,1477,1534,0.1388
55,1473,1528,0.1388
54,1467,1521,0.1388
52,1461,1513,0.1388
55,1462,1517,0.1388
57,1457,1514,0.1388
57,1460,1517,0.1388
58,1460,1518,0.1388
59,1467,1526,0.1388
60,1459,1519,0.1388
58,1461,1519,0.1388
55,1465,1520,0.1388
55,1464,1519,0.1388
54,1459,1513,0.1388
54,1453,1507,0.1388
55,1454,1509,0.1388
58,1442,1500,0.1388
58,1456,1514,0.1388
57,1448,1505,0.1388
58,1443,1501,0.1388
58,1462,1520,0.1388
57,1464,1521,0.1388
59,1479,1538,0.1388
59,1486,1545,0.1388
56,1481,1537,0.1388
56,1482,1538,0.1388
57,1470,1527,0.1388
57,1470,1527,0.1388
55,1462,1517,0.1388
55,1467,1522,0.1388
57,1474,1531,0.1388
56,1467,1523,0.1388
55,1450,1505,0.1388
56,1463,1519,0.1388
55,1469,1524,0.1388
51,1454,1505,0.1388
50,1459,1509,0.1388
51,1444,1495,0.1388
50,1440,1490,0.1388
52,1452,1504,0.1388
51,1446,1497,0.1388
49,1462,1511,0.1388
50,1460,1510,0.1388
51,1461,1512,0.1388
53,1461,1514,0.1388
48,1471,1519,0.1388
48,1473,1521,0.1388
47,1472,1519,0.1388
49,1468,1517,0.1388
51,1463,1514,0.1388
52,1458,1510,0.1388
51,1462,1513,0.1388
50,1455,1505,0.1388
50,1462,1512,0.1388
49,1459,1508,0.1388
48,1472,1520,0.1388
48,1476,1524,0.1388
46,1474,1520,0.1388
48,1459,1507,0.1388
46,1468,1514,0.1388
45,1461,1506,0.1388
47,1456,1503,0.1388
46,1462,1508,0.1388
44,1485,1529,0.1388
43,1482,1525,0.1388
43,1480,1523,0.1388
45,1461,1506,0.1388
46,1465,1511,0.1388
49,1467,1516,0.1388
49,1480,1529,0.1388
49,1462,1511,0.1388
51,1460,1511,0.1388
50,1448,1498,0.1388
49,1458,1507,0.1388
48,1470,1518,0.1388
48,1484,1532,0.1388
48,1473,1521,0.1388
47,1473,1520,0.1388
46,1477,1523,0.1388
46,1479,1525,0.1388
48,1471,1519,0.1388
48,1460,1508,0.1388
46,1475,1521,0.1388
45,1483,1528,0.1388
43,1484,1527,0.1388
44,1477,1521,0.1388
43,1468,1511,0.1388
44,1478,1522,0.1388
45,1463,1508,0.1388
45,1477,1522,0.1388
46,1475,1521,0.1388
46,1464,1510,0.1388
43,1469,1512,0.1388
43,1457,1500,0.1388
46,1473,1519,0.1388
43,1474,1517,0.1388
44,1473,1517,0.1388
42,1477,1519,0.1388
44,1480,1524,0.1388
43,1476,1519,0.1388
44,1477,1521,0.1388
43,1480,1523,0.1388
43,1484,1527,0.1388
43,1488,1531,0.1388
44,1478,1522,0.1388
45,1477,1522,0.1388
44,1467,1511,0.1388
41,1467,1508,0.1388
40,1470,1510,0.1388
39,1481,1520,0.1388
39,1483,1522,0.1388
38,1476,1514,0.1388
39,1483,1522,0.1388
41,1486,1527,0.1388
40,1496,1536,0.1388
39,1494,1533,0.1388
37,1492,1529,0.1388
37,1490,1527,0.1388
35,1489,1524,0.1388
34,1482,1516,0.1388
34,1476,1510,0.1388
35,1479,1514,0.1388
33,1488,1521,0.1388
33,1483,1516,0.1388
33,1500,1533,0.1388
35,1476,1511,0.1388
36,1491,1527,0.1388
36,1489,1525,0.1388
38,1475,1513,0.1388
41,1480,1521,0.1388
41,1475,1516,0.1388
39,1469,1508,0.1388
39,1477,1516,0.1388
39,1479,1518,0.1388
39,1476,1515,0.1388
39,1486,1525,0.1388
37,1484,1521,0.1388
36,1483,1519,0.1388
37,1476,1513,0.1388
39,1477,1516,0.1388
38,1479,1517,0.1388
36,1477,1513,0.1388
35,1489,1524,0.1388
36,1492,1528,0.1388
37,1488,1525,0.1388
37,1479,1516,0.1388
38,1478,1516,0.1388
39,1484,1523,0.1388
38,1490,1528,0.1388
36,1486,1522,0.1388
34,1490,1524,0.1388
35,1479,1514,0.1388
34,1481,1515,0.1388
34,1485,1519,0.1388
34,1477,1511,0.1388
33,1478,1511,0.1388
32,1463,1495,0.1388
32,1474,1506,0.1388
31,1479,1510,0.1388
30,1476,1506,0.1388
32,1486,1518,0.1388
32,1488,1520,0.1388
30,1488,1518,0.1388
30,1490,1520,0.1388
30,1488,1518,0.1388
29,1498,1527,0.1388
29,1504,1533,0.1388
28,1497,1525,0.1388
30,1493,1523,0.1388
30,1482,1512,0.1388
30,1486,1516,0.1388
31,1482,1513,0.1388
30,1489,1519,0.1388
30,1488,1518,0.1388
31,1481,1512,0.1388
31,1486,1517,0.1388
31,1493,1524,0.1388
31,1483,1514,0.1388
30,1500,1530,0.1388
30,1486,1516,0.1388
29,1485,1514,0.1388
29,1492,1521,0.1388
27,1480,1507,0.1388
27,1480,1507,0.1388
27,1474,1501,0.1388
27,1485,1512,0.1388
27,1481,1508,0.1388
25,1484,1509,0.1388
25,1495,1520,0.1388
24,1488,1512,0.1388
24,1498,1522,0.1388
24,1499,1523,0.1388
24,1511,1535,0.1388
22,1497,1519,0.1388
20,1502,1522,0.1388
19,1495,1514,0.1388
19,1497,1516,0.1388
20,1480,1500,0.1388
19,1482,1501,0.1388
19,1501,1520,0.1388
20,1503,1523,0.1388
19,1488,1507,0.1388
19,1497,1516,0.1388
19,1498,1517,0.1388
19,1499,1518,0.1388
20,1501,1521,0.1388
21,1506,1527,0.1388
21,1501,1522,0.1388
21,1503,1524,0.1388
20,1503,1523,0.1388
21,1499,1520,0.1388
20,1499,1519,0.1388
20,1502,1522,0.1388
20,1504,1524,0.1388
20,1502,1522,0.1388
19,1496,1515,0.1388
20,1491,1511,0.1388
19,1505,1524,0.1388
19,1505,1524,0.1388
18,1510,1528,0.1388
19,1514,1533,0.1388
19,1510,1529,0.1388
19,1502,1521,0.1388
19,1507,1526,0.1388
18,1493,1511,0.1388
18,1490,1508,0.1388
16,1489,1505,0.1388
15,1498,1513,0.1388
16,1496,1512,0.1388
18,1494,1512,0.1388
18,1484,1502,0.1388
18,1497,1515,0.1388
17,1502,1519,0.1388
17,1489,1506,0.1388
17,1499,1516,0.1388
16,1507,1523,0.1388
16,1504,1520,0.1388
17,1503,1520,0.1388
17,1498,1515,0.1388
17,1505,1522,0.1388
17,1500,1517,0.1388
18,1493,1511,0.1388
18,1499,1517,0.1388
18,1515,1533,0.1388
19,1503,1522,0.1388
19,1499,1518,0.1388
18,1502,1520,0.1388
18,1495,1513,0.1388
18,1498,1516,0.1388
19,1501,1520,0.1388
17,1500,1517,0.1388
18,1486,1504,0.1388
17,1487,1504,0.1388
17,1489,1506,0.1388
17,1479,1496,0.1388
19,1476,1495,0.1388
21,1479,1500,0.1388
21,1480,1501,0.1388
22,1485,1507,0.1388
22,1490,1512,0.1388
21,1483,1504,0.1388
23,1493,1516,0.1388
23,1487,1510,0.1388
24,1500,1524,0.1388
24,1485,1509,0.1388
25,1491,1516,0.1388
24,1506,1530,0.1388
25,1512,1537,0.1388
23,1492,1515,0.1388
23,1479,1502,0.1388
23,1479,1502,0.1388
25,1482,1507,0.1388
25,1499,1524,0.1388
24,1495,1519,0.1388
24,1499,1523,0.1388
23,1495,1518,0.1388
23,1498,1521,0.1388
23,1491,1514,0.1388
24,1492,1516,0.1388
23,1486,1509,0.1388
22,1489,1511,0.1388
24,1475,1499,0.1388
25,1471,1496,0.1388
26,1481,1507,0.1388
26,1491,1517,0.1388
26,1493,1519,0.1388
26,1488,1514,0.1388
23,1491,1514,0.1388
23,1483,1506,0.1388
22,1486,1508,0.1388
23,1479,1502,0.1388
23,1481,1504,0.1388
25,1468,1493,0.1388
24,1471,1495,0.1388
25,1470,1495,0.1388
25,1480,1505,0.1388
26,1471,1497,0.1388
25,1481,1506,0.1388
27,1494,1521,0.1388
27,1493,1520,0.1388
26,1480,1506,0.1388
25,1493,1518,0.1388
25,1497,1522,0.1388
24,1503,1527,0.1388
25,1504,1529,0.1388
24,1489,1513,0.1388
26,1499,1525,0.1388
25,1501,1526,0.1388
26,1491,1517,0.1388
26,1496,1522,0.1388
26,1501,1527,0.1388
25,1512,1537,0.1388
26,1494,1520,0.1388
26,1499,1525,0.1388
26,1508,1534,0.1388
26,1509,1535,0.1388
23,1503,1526,0.1388
25,1500,1525,0.1388
25,1491,1516,0.1388
23,1493,1516,0.1388
23,1493,1516,0.1388
21,1501,1522,0.1388
22,1508,1530,0.1388
23,1506,1529,0.1388
24,1500,1524,0.1388
23,1499,1522,0.1388
23,1499,1522,0.1388
23,1497,1520,0.1388
23,1493,1516,0.1388
24,1499,1523,0.1388
25,1501,1526,0.1388
24,1504,1528,0.1388
25,1498,1523,0.1388
25,1494,1519,0.1388
24,1490,1514,0.1388
23,1497,1520,0.1388
24,1481,1505,0.1388
24,1466,1490,0.1388
22,1465,1487,0.1388
22,1472,1494,0.1388
22,1484,1506,0.1388
22,1490,1512,0.1388
23,1488,1511,0.1388
22,1495,1517,0.1388
22,1500,1522,0.1388
21,1495,1516,0.1388
21,1491,1512,0.1388
21,1487,1508,0.1388
21,1491,1512,0.1388
21,1489,1510,0.1388
21,1489,1510,0.1388
23,1494,1517,0.1388
23,1490,1513,0.1388
24,1500,1524,0.1388
24,1488,1512,0.1388
24,1493,1517,0.1388
23,1490,1513,0.1388
24,1490,1514,0.1388
23,1495,1518,0.1388
24,1492,1516,0.1388
25,1496,1521,0.1388
25,1503,1528,0.1388
25,1501,1526,0.1388
25,1491,1516,0.1388
23,1495,1518,0.1388
22,1510,1532,0.1388
22,1506,1528,0.1388
20,1501,1521,0.1388
21,1494,1515,0.1388
21,1499,1520,0.1388
21,1485,1506,0.1388
20,1499,1519,0.1388
18,1502,1520,0.1388
19,1510,1529,0.1388
18,1498,1516,0.1388
19,1503,1522,0.1388
18,1509,1527,0.1388
16,1499,1515,0.1388
17,1503,1520,0.1388
18,1504,1522,0.1388
18,1501,1519,0.1388
18,1493,1511,0.1388
17,1490,1507,0.1388
17,1481,1498,0.1388
18,1486,1504,0.1388
18,1492,1510,0.1388
20,1477,1497,0.1388
20,1487,1507,0.1388
20,1498,1518,0.1388
20,1499,1519,0.1388
19,1485,1504,0.1388
19,1479,1498,0.1388
20,1485,1505,0.1388
18,1501,1519,0.1388
18,1483,1501,0.1388
16,1492,1508,0.1388
17,1501,1518,0.1388
16,1499,1515,0.1388
17,1492,1509,0.1388
15,1494,1509,0.1388
15,1496,1511,0.1388
16,1499,1515,0.1388
15,1513,1528,0.1388
14,1506,1520,0.1388
13,1496,1509,0.1388
13,1496,1509,0.1388
14,1497,1511,0.1388
14,1499,1513,0.1388
15,1497,1512,0.1388
14,1510,1524,0.1388
14,1506,1520,0.1388
15,1504,1519,0.1388
16,1505,1521,0.1388
16,1507,1523,0.1388
16,1506,1522,0.1388
14,1492,1506,0.1388
15,1502,1517,0.1388
15,1502,1517,0.1388
14,1506,1520,0.1388
15,1499,1514,0.1388
15,1498,1513,0.1388
15,1499,1514,0.1388
15,1492,1507,0.1388
14,1500,1514,0.1388
14,1497,1511,0.1388
13,1512,1525,0.1388
13,1500,1513,0.1388
13,1506,1519,0.1388
13,1518,1531,0.1388
13,1518,1531,0.1388
13,1514,1527,0.1388
13,1517,1530,0.1388
13,1514,1527,0.1388
13,1504,1517,0.1388
13,1488,1501,0.1388
12,1494,1506,0.1388
12,1511,1523,0.1388
12,1502,1514,0.1388
12,1510,1522,0.1388
13,1508,1521,0.1388
13,1510,1523,0.1388
13,1508,1521,0.1388
13,1493,1506,0.1388
13,1496,1509,0.1388
14,1497,1511,0.1388
15,1490,1505,0.1388
15,1486,1501,0.1388
13,1485,1498,0.1388
14,1510,1524,0.1388
14,1501,1515,0.1388
14,1503,1517,0.1388
15,1483,1498,0.1388
14,1488,1502,0.1388
14,1476,1490,0.1388
14,1501,1515,0.1388
14,1505,1519,0.1388
14,1499,1513,0.1388
14,1500,1514,0.1388
15,1500,1515,0.1388
13,1486,1499,0.1388
13,1490,1503,0.1388
11,1495,1506,0.1388
12,1501,1513,0.1388
12,1503,1515,0.1388
13,1521,1534,0.1388
14,1510,1524,0.1388
14,1506,1520,0.1388
14,1498,1512,0.1388
14,1485,1499,0.1388
14,1485,1499,0.1388
14,1490,1504,0.1388
13,1492,1505,0.1388
12,1487,1499,0.1388
12,1513,1525,0.1388
13,1514,1527,0.1388
13,1523,1536,0.1388
13,1515,1528,0.1388
12,1503,1515,0.1388
12,1500,1512,0.1388
13,1498,1511,0.1388
13,1497,1510,0.1388
13,1503,1516,0.1388
14,1510,1524,0.1388
14,1510,1524,0.1388
14,1506,1520,0.1388
14,1501,1515,0.1388
14,1506,1520,0.1388
13,1507,1520,0.1388
13,1505,1518,0.1388
14,1506,1520,0.1388
14,1500,1514,0.1388
15,1491,1506,0.1388
15,1498,1513,0.1388
13,1504,1517,0.1388
13,1502,1515,0.1388
13,1500,1513,0.1388
11,1509,1520,0.1388
11,1500,1511,0.1388
12,1503,1515,0.1388
13,1508,1521,0.1388
13,1508,1521,0.1388
12,1513,1525,0.1388
11,1507,1518,0.1388
11,1510,1521,0.1388
10,1506,1516,0.1388
9,1512,1521,0.1388
9,1505,1514,0.1388
8,1493,1501,0.1388
9,1475,1484,0.1388
10,1491,1501,0.1388
10,1498,1508,0.1388
10,1508,1518,0.1388
10,1506,1516,0.1388
11,1511,1522,0.1388
11,1502,1513,0.1388
12,1503,1515,0.1388
13,1492,1505,0.1388
13,1495,1508,0.1388
14,1485,1499,0.1388
15,1490,1505,0.1388
15,1491,1506,0.1388
12,1499,1511,0.1388
13,1497,1510,0.1388
14,1502,1516,0.1388
14,1503,1517,0.1388
13,1498,1511,0.1388
13,1499,1512,0.1388
14,1521,1535,0.1388
15,1518,1533,0.1388
15,1515,1530,0.1388
14,1505,1519,0.1388
14,1499,1513,0.1388
17,1491,1508,0.1388
17,1495,1512,0.1388
18,1495,1513,0.1388
18,1495,1513,0.1388
17,1502,1519,0.1388
16,1511,1527,0.1388
16,1514,1530,0.1388
16,1501,1517,0.1388
16,1512,1528,0.1388
18,1507,1525,0.1388
18,1506,1524,0.1388
18,1517,1535,0.1388
17,1509,1526,0.1388
18,1499,1517,0.1388
17,1507,1524,0.1388
17,1492,1509,0.1388
16,1487,1503,0.1388
17,1476,1493,0.1388
19,1479,1498,0.1388
18,1489,1507,0.1388
18,1494,1512,0.1388
19,1494,1513,0.1388
19,1497,1516,0.1388
19,1492,1511,0.1388
18,1489,1507,0.1388
18,1489,1507,0.1388
18,1488,1506,0.1388
17,1494,1511,0.1388
17,1496,1513,0.1388
17,1494,1511,0.1388
18,1502,1520,0.1388
18,1510,1528,0.1388
17,1497,1514,0.1388
18,1499,1517,0.1388
18,1499,1517,0.1388
16,1492,1508,0.1388
17,1493,1510,0.1388
17,1489,1506,0.1388
17,1493,1510,0.1388
18,1499,1517,0.1388
18,1494,1512,0.1388
15,1505,1520,0.1388
16,1497,1513,0.1388
17,1503,1520,0.1388
18,1488,1506,0.1388
16,1487,1503,0.1388
15,1483,1498,0.1388
15,1498,1513,0.1388
15,1499,1514,0.1388
17,1497,1514,0.1388
17,1503,1520,0.1388
16,1502,1518,0.1388
16,1496,1512,0.1388
16,1502,1518,0.1388
16,1495,1511,0.1388
15,1508,1523,0.1388
16,1515,1531,0.1388
16,1503,1519,0.1388
14,1516,1530,0.1388
15,1516,1531,0.1388
15,1503,1518,0.1388
17,1493,1510,0.1388
16,1492,1508,0.1388
15,1496,1511,0.1388
13,1498,1511,0.1388
12,1497,1509,0.1388
13,1504,1517,0.1388
14,1504,1518,0.1388
13,1509,1522,0.1388
13,1520,1533,0.1388
13,1523,1536,0.1388
14,1517,1531,0.1388
14,1504,1518,0.1388
15,1506,1521,0.1388
15,1502,1517,0.1388
15,1508,1523,0.1388
15,1518,1533,0.1388
15,1500,1515,0.1388
14,1501,1515,0.1388
12,1508,1520,0.1388
13,1507,1520,0.1388
12,1508,1520,0.1388
12,1500,1512,0.1388
12,1495,1507,0.1388
12,1505,1517,0.1388
12,1518,1530,0.1388
12,1507,1519,0.1388
12,1497,1509,0.1388
12,1510,1522,0.1388
14,1506,1520,0.1388
13,1520,1533,0.1388
13,1513,1526,0.1388
14,1508,1522,0.1388
14,1512,1526,0.1388
13,1519,1532,0.1388
13,1525,1538,0.1388
13,1523,1536,0.1388
13,1523,1536,0.1388
12,1514,1526,0.1388
11,1507,1518,0.1388
11,1502,1513,0.1388
11,1498,1509,0.1388
11,1507,1518,0.1388
11,1505,1516,0.1388
8,1509,1517,0.1388
7,1520,1527,0.1388
6,1504,1510,0.1388
6,1503,1509,0.1388
6,1508,1514,0.1388
6,1501,1507,0.1388
6,1494,1500,0.1388
6,1515,1521,0.1388
6,1516,1522,0.1388
7,1520,1527,0.1388
6,1507,1513,0.1388
6,1510,1516,0.1388
6,1514,1520,0.1388
8,1509,1517,0.1388
6,1517,1523,0.1388
6,1521,1527,0.1388
6,1520,1526,0.1388
6,1521,1527,0.1388
6,1513,1519,0.1388
5,1513,1518,0.1388
5,1528,1533,0.1388
5,1515,1520,0.1388
6,1511,1517,0.1388
6,1508,1514,0.1388
7,1509,1516,0.1388
7,1509,1516,0.1388
7,1510,1517,0.1388
7,1502,1509,0.1388
7,1501,1508,0.1388
7,1498,1505,0.1388
6,1511,1517,0.1388
6,1506,1512,0.1388
7,1506,1513,0.1388
7,1500,1507,0.1388
6,1509,1515,0.1388
6,1519,1525,0.1388
7,1519,1526,0.1388
7,1514,1521,0.1388
7,1514,1521,0.1388
7,1521,1528,0.1388
5,1525,1530,0.1388
4,1501,1505,0.1388
4,1519,1523,0.1388
4,1511,1515,0.1388
4,1508,1512,0.1388
4,1522,1526,0.1388
4,1523,1527,0.1388
3,1512,1515,0.1388
3,1501,1504,0.1388
3,1495,1498,0.1388
3,1508,1511,0.1388
3,1519,1522,0.1388
3,1525,1528,0.1388
3,1515,1518,0.1388
4,1520,1524,0.1388
5,1511,1516,0.1388
5,1500,1505,0.1388
5,1494,1499,0.1388
5,1495,1500,0.1388
5,1500,1505,0.1388
5,1503,1508,0.1388
5,1500,1505,0.1388
4,1500,1504,0.1388
4,1527,1531,0.1388
4,1525,1529,0.1388
4,1513,1517,0.1388
4,1508,1512,0.1388
4,1513,1517,0.1388
4,1514,1518,0.1388
4,1514,1518,0.1388
4,1509,1513,0.1388
4,1519,1523,0.1388
4,1524,1528,0.1388
4,1522,1526,0.1388
4,1513,1517,0.1388
3,1521,1524,0.1388
3,1527,1530,0.1388
3,1535,1538,0.1388
3,1516,1519,0.1388
3,1509,1512,0.1388
3,1519,1522,0.1388
3,1522,1525,0.1388
3,1519,1522,0.1388
3,1517,1520,0.1388
3,1514,1517,0.1388
3,1518,1521,0.1388
3,1521,1524,0.1388
3,1515,1518,0.1388
3,1520,1523,0.1388
3,1535,1538,0.1388
3,1532,1535,0.1388
3,1514,1517,0.1388
3,1515,1518,0.1388
3,1507,1510,0.1388
3,1511,1514,0.1388
2,1506,1508,0.1388
2,1501,1503,0.1388
2,1506,1508,0.1388
2,1506,1508,0.1388
1,1502,1503,0.1388
1,1506,1507,0.1388
1,1523,1524,0.1388
1,1513,1514,0.1388
2,1504,1506,0.1388
2,1510,1512,0.1388
2,1513,1515,0.1388
2,1507,1509,0.1388
2,1514,1516,0.1388
2,1525,1527,0.1388
2,1514,1516,0.1388
2,1519,1521,0.1388
2,1514,1516,0.1388
2,1513,1515,0.1388
2,1516,1518,0.1388
2,1508,1510,0.1388
2,1509,1511,0.1388
2,1499,1501,0.1388
2,1502,1504,0.1388
2,1505,1507,0.1388
2,1500,1502,0.1388
2,1490,1492,0.1388
2,1505,1507,0.1388
2,1497,1499,0.1388
2,1507,1509,0.1388
2,1513,1515,0.1388
2,1521,1523,0.1388
3,1512,1515,0.1388
3,1508,1511,0.1388
3,1513,1516,0.1388
3,1506,1509,0.1388
3,1504,1507,0.1388
3,1513,1516,0.1388
2,1506,1508,0.1388
2,1521,1523,0.1388
1,1513,1514,0.1388
1,1511,1512,0.1388
0,1524,1524,0.1388
