1359,29,1388,0.1388
1382,33,1415,0.1388
1398,36,1434,0.1388
1416,36,1452,0.1388
1429,35,1464,0.1388
1439,36,1475,0.1388
1443,39,1482,0.1388
1438,39,1477,0.1388
1450,38,1488,0.1388
1454,38,1492,0.1388
1446,39,1485,0.1388
1461,38,1499,0.1388
1475,38,1513,0.1388
1477,38,1515,0.1388
1466,39,1505,0.1388
1459,38,1497,0.1388
1455,38,1493,0.1388
1458,39,1497,0.1388
1448,39,1487,0.1388
1453,39,1492,0.1388
1468,37,1505,0.1388
1459,37,1496,0.1388
1457,36,1493,0.1388
1449,36,1485,0.1388
1451,36,1487,0.1388
1457,38,1495,0.1388
1460,38,1498,0.1388
1474,37,1511,0.1388
1466,40,1506,0.1388
1457,38,1495,0.1388
1461,39,1500,0.1388
1454,40,1494,0.1388
1442,43,1485,0.1388
1442,42,1484,0.1388
1446,41,1487,0.1388
1450,42,1492,0.1388
1458,44,1502,0.1388
1454,43,1497,0.1388
1460,45,1505,0.1388
1468,45,1513,0.1388
1454,43,1497,0.1388
1456,43,1499,0.1388
1452,42,1494,0.1388
1464,40,1504,0.1388
1464,41,1505,0.1388
1457,44,1501,0.1388
1434,43,1477,0.1388
1448,42,1490,0.1388
1448,41,1489,0.1388
1458,38,1496,0.1388
1453,40,1493,0.1388
1445,40,1485,0.1388
1448,38,1486,0.1388
1441,38,1479,0.1388
1440,38,1478,0.1388
1442,40,1482,0.1388
1447,42,1489,0.1388
1448,42,1490,0.1388
1442,44,1486,0.1388
1446,45,1491,0.1388
1448,44,1492,0.1388
1449,44,1493,0.1388
1440,47,1487,0.1388
1434,43,1477,0.1388
1427,45,1472,0.1388
1441,43,1484,0.1388
1430,43,1473,0.1388
1449,44,1493,0.1388
1447,43,1490,0.1388
1441,45,1486,0.1388
1445,47,1492,0.1388
1442,46,1488,0.1388
1435,46,1481,0.1388
1436,46,1482,0.1388
1442,46,1488,0.1388
1439,48,1487,0.1388
1428,50,1478,0.1388
1436,50,1486,0.1388
1433,48,1481,0.1388
1437,48,1485,0.1388
1439,47,1486,0.1388
1438,48,1486,0.1388
1434,50,1484,0.1388
1429,50,1479,0.1388
1434,49,1483,0.1388
1431,50,1481,0.1388
1426,50,1476,0.1388
1439,51,1490,0.1388
1441,50,1491,0.1388
1445,48,1493,0.1388
1442,49,1491,0.1388
1438,48,1486,0.1388
1442,45,1487,0.1388
1448,45,1493,0.1388
1455,43,1498,0.1388
1456,44,1500,0.1388
1449,44,1493,0.1388
1438,47,1485,0.1388
1436,49,1485,0.1388
1437,51,1488,0.1388
1432,51,1483,0.1388
1451,51,1502,0.1388
1447,50,1497,0.1388
1442,49,1491,0.1388
1448,50,1498,0.1388
1442,52,1494,0.1388
1445,51,1496,0.1388
1450,50,1500,0.1388
1445,48,1493,0.1388
1437,50,1487,0.1388
1438,52,1490,0.1388
1435,55,1490,0.1388
1429,57,1486,0.1388
1432,57,1489,0.1388
1438,59,1497,0.1388
1442,60,1502,0.1388
1435,58,1493,0.1388
1424,57,1481,0.1388
1423,58,1481,0.1388
1415,57,1472,0.1388
1426,57,1483,0.1388
1434,57,1491,0.1388
1420,57,1477,0.1388
1433,61,1494,0.1388
1440,62,1502,0.1388
1426,62,1488,0.1388
1420,65,1485,0.1388
1414,61,1475,0.1388
1438,61,1499,0.1388
1436,61,1497,0.1388
1432,57,1489,0.1388
1435,61,1496,0.1388
1437,61,1498,0.1388
1441,63,1504,0.1388
1432,62,1494,0.1388
1437,63,1500,0.1388
1435,66,1501,0.1388
1429,67,1496,0.1388
1408,68,1476,0.1388
1418,70,1488,0.1388
1419,72,1491,0.1388
1427,71,1498,0.1388
1413,74,1487,0.1388
1418,70,1488,0.1388
1420,72,1492,0.1388
1413,71,1484,0.1388
1408,74,1482,0.1388
1413,78,1491,0.1388
1400,77,1477,0.1388
1393,81,1474,0.1388
1397,78,1475,0.1388
1385,82,1467,0.1388
1392,83,1475,0.1388
1409,83,1492,0.1388
1418,86,1504,0.1388
1413,85,1498,0.1388
1391,85,1476,0.1388
1396,83,1479,0.1388
1401,85,1486,0.1388
1417,84,1501,0.1388
1424,88,1512,0.1388
1419,88,1507,0.1388
1419,86,1505,0.1388
1414,88,1502,0.1388
1409,88,1497,0.1388
1404,88,1492,0.1388
1403,88,1491,0.1388
1390,89,1479,0.1388
1399,89,1488,0.1388
1401,89,1490,0.1388
1394,89,1483,0.1388
1398,86,1484,0.1388
1397,88,1485,0.1388
1400,87,1487,0.1388
1411,85,1496,0.1388
1410,84,1494,0.1388
1422,86,1508,0.1388
1414,86,1500,0.1388
1414,86,1500,0.1388
1410,87,1497,0.1388
1412,89,1501,0.1388
1409,92,1501,0.1388
1421,89,1510,0.1388
1412,93,1505,0.1388
1416,92,1508,0.1388
1417,93,1510,0.1388
1407,92,1499,0.1388
1415,90,1505,0.1388
1409,91,1500,0.1388
1408,93,1501,0.1388
1397,94,1491,0.1388
1399,97,1496,0.1388
1394,98,1492,0.1388
1382,100,1482,0.1388
1396,101,1497,0.1388
1390,103,1493,0.1388
1400,103,1503,0.1388
1402,100,1502,0.1388
1402,100,1502,0.1388
1394,99,1493,0.1388
1386,98,1484,0.1388
1395,100,1495,0.1388
1402,101,1503,0.1388
1393,104,1497,0.1388
1389,105,1494,0.1388
1398,104,1502,0.1388
1389,102,1491,0.1388
1397,103,1500,0.1388
1392,103,1495,0.1388
1389,106,1495,0.1388
1396,107,1503,0.1388
1397,104,1501,0.1388
1393,102,1495,0.1388
1391,102,1493,0.1388
1392,101,1493,0.1388
1383,102,1485,0.1388
1374,101,1475,0.1388
1383,97,1480,0.1388
1389,95,1484,0.1388
1406,96,1502,0.1388
1408,99,1507,0.1388
1408,98,1506,0.1388
1412,96,1508,0.1388
1417,93,1510,0.1388
1423,95,1518,0.1388
1426,97,1523,0.1388
1414,96,1510,0.1388
1408,98,1506,0.1388
1417,93,1510,0.1388
1402,89,1491,0.1388
1400,91,1491,0.1388
1400,92,1492,0.1388
1392,91,1483,0.1388
1383,92,1475,0.1388
1403,93,1496,0.1388
1399,96,1495,0.1388
1401,97,1498,0.1388
1404,92,1496,0.1388
1402,93,1495,0.1388
1394,93,1487,0.1388
1404,95,1499,0.1388
1393,92,1485,0.1388
1408,92,1500,0.1388
1393,92,1485,0.1388
1398,92,1490,0.1388
1397,91,1488,0.1388
1393,92,1485,0.1388
1391,90,1481,0.1388
1399,87,1486,0.1388
1409,91,1500,0.1388
1409,90,1499,0.1388
1390,88,1478,0.1388
1395,88,1483,0.1388
1393,91,1484,0.1388
1405,89,1494,0.1388
1409,89,1498,0.1388
1415,91,1506,0.1388
1408,92,1500,0.1388
1394,95,1489,0.1388
1393,94,1487,0.1388
1398,92,1490,0.1388
1399,94,1493,0.1388
1395,94,1489,0.1388
1394,92,1486,0.1388
1392,90,1482,0.1388
1393,89,1482,0.1388
1386,91,1477,0.1388
1388,90,1478,0.1388
1388,92,1480,0.1388
1392,92,1484,0.1388
1396,94,1490,0.1388
1399,96,1495,0.1388
1404,97,1501,0.1388
1395,104,1499,0.1388
1398,103,1501,0.1388
1380,105,1485,0.1388
1390,105,1495,0.1388
1382,103,1485,0.1388
1379,103,1482,0.1388
1385,108,1493,0.1388
1382,112,1494,0.1388
1385,111,1496,0.1388
1385,111,1496,0.1388
1384,112,1496,0.1388
1381,113,1494,0.1388
1385,112,1497,0.1388
1389,111,1500,0.1388
1392,110,1502,0.1388
1400,112,1512,0.1388
1398,112,1510,0.1388
1389,112,1501,0.1388
1385,113,1498,0.1388
1398,115,1513,0.1388
1392,114,1506,0.1388
1388,112,1500,0.1388
1389,111,1500,0.1388
1373,113,1486,0.1388
1385,116,1501,0.1388
1388,118,1506,0.1388
1382,116,1498,0.1388
1389,119,1508,0.1388
1381,119,1500,0.1388
1364,119,1483,0.1388
1370,121,1491,0.1388
1365,118,1483,0.1388
1366,118,1484,0.1388
1375,121,1496,0.1388
1367,118,1485,0.1388
1375,112,1487,0.1388
1380,117,1497,0.1388
1379,120,1499,0.1388
1368,122,1490,0.1388
1382,123,1505,0.1388
1369,124,1493,0.1388
1358,126,1484,0.1388
1357,128,1485,0.1388
1376,130,1506,0.1388
1374,134,1508,0.1388
1368,138,1506,0.1388
1365,140,1505,0.1388
1368,139,1507,0.1388
1363,137,1500,0.1388
1364,139,1503,0.1388
1369,138,1507,0.1388
1361,139,1500,0.1388
1352,136,1488,0.1388
1342,134,1476,0.1388
1362,137,1499,0.1388
1365,134,1499,0.1388
1364,141,1505,0.1388
1359,146,1505,0.1388
1361,145,1506,0.1388
1361,147,1508,0.1388
1362,144,1506,0.1388
1350,146,1496,0.1388
1356,149,1505,0.1388
1350,144,1494,0.1388
1340,146,1486,0.1388
1348,147,1495,0.1388
1352,144,1496,0.1388
1345,144,1489,0.1388
1345,141,1486,0.1388
1368,144,1512,0.1388
1361,142,1503,0.1388
1354,142,1496,0.1388
1350,143,1493,0.1388
1347,138,1485,0.1388
1352,145,1497,0.1388
1348,142,1490,0.1388
1338,145,1483,0.1388
1346,152,1498,0.1388
1347,152,1499,0.1388
1342,154,1496,0.1388
1349,155,1504,0.1388
1336,149,1485,0.1388
1344,154,1498,0.1388
1352,156,1508,0.1388
1347,159,1506,0.1388
1353,157,1510,0.1388
1351,161,1512,0.1388
1335,160,1495,0.1388
1324,161,1485,0.1388
1330,161,1491,0.1388
1332,158,1490,0.1388
1328,156,1484,0.1388
1332,154,1486,0.1388
1337,153,1490,0.1388
1344,151,1495,0.1388
1341,150,1491,0.1388
1349,153,1502,0.1388
1339,154,1493,0.1388
1339,156,1495,0.1388
1337,154,1491,0.1388
1328,160,1488,0.1388
1316,161,1477,0.1388
1321,162,1483,0.1388
1325,167,1492,0.1388
1317,166,1483,0.1388
1311,169,1480,0.1388
1310,170,1480,0.1388
1313,168,1481,0.1388
1321,167,1488,0.1388
1321,164,1485,0.1388
1322,163,1485,0.1388
1331,167,1498,0.1388
1336,167,1503,0.1388
1326,166,1492,0.1388
1331,164,1495,0.1388
1345,164,1509,0.1388
1327,167,1494,0.1388
1328,164,1492,0.1388
1328,165,1493,0.1388
1327,166,1493,0.1388
1333,164,1497,0.1388
1347,161,1508,0.1388
1345,159,1504,0.1388
1343,162,1505,0.1388
1340,165,1505,0.1388
1337,165,1502,0.1388
1333,162,1495,0.1388
1332,164,1496,0.1388
1344,166,1510,0.1388
1338,166,1504,0.1388
1327,164,1491,0.1388
1326,168,1494,0.1388
1325,171,1496,0.1388
1337,169,1506,0.1388
1328,167,1495,0.1388
1330,167,1497,0.1388
1319,164,1483,0.1388
1328,163,1491,0.1388
1333,162,1495,0.1388
1350,161,1511,0.1388
1341,156,1497,0.1388
1338,157,1495,0.1388
1339,162,1501,0.1388
1342,162,1504,0.1388
1343,164,1507,0.1388
1336,167,1503,0.1388
1339,167,1506,0.1388
1335,168,1503,0.1388
1329,167,1496,0.1388
1330,169,1499,0.1388
1312,170,1482,0.1388
1303,172,1475,0.1388
1311,177,1488,0.1388
1306,172,1478,0.1388
1308,176,1484,0.1388
1309,177,1486,0.1388
1305,176,1481,0.1388
1318,178,1496,0.1388
1312,178,1490,0.1388
1310,183,1493,0.1388
1300,182,1482,0.1388
1313,183,1496,0.1388
1309,178,1487,0.1388
1316,180,1496,0.1388
1317,179,1496,0.1388
1332,175,1507,0.1388
1315,173,1488,0.1388
1325,182,1507,0.1388
1306,184,1490,0.1388
1301,188,1489,0.1388
1301,190,1491,0.1388
1305,191,1496,0.1388
1289,198,1487,0.1388
1301,198,1499,0.1388
1313,200,1513,0.1388
1294,203,1497,0.1388
1300,199,1499,0.1388
1292,204,1496,0.1388
1313,206,1519,0.1388
1305,209,1514,0.1388
1292,216,1508,0.1388
1305,220,1525,0.1388
1294,221,1515,0.1388
1290,221,1511,0.1388
1289,215,1504,0.1388
1278,219,1497,0.1388
1285,215,1500,0.1388
1289,218,1507,0.1388
1282,217,1499,0.1388
1271,222,1493,0.1388
1280,222,1502,0.1388
1275,221,1496,0.1388
1270,225,1495,0.1388
1269,227,1496,0.1388
1269,224,1493,0.1388
1278,223,1501,0.1388
1270,221,1491,0.1388
1273,226,1499,0.1388
1289,227,1516,0.1388
1265,229,1494,0.1388
1280,229,1509,0.1388
1275,228,1503,0.1388
1287,230,1517,0.1388
1276,231,1507,0.1388
1281,231,1512,0.1388
1275,234,1509,0.1388
1263,232,1495,0.1388
1272,234,1506,0.1388
1276,234,1510,0.1388
1277,228,1505,0.1388
1282,231,1513,0.1388
1272,225,1497,0.1388
1259,224,1483,0.1388
1258,220,1478,0.1388
1270,224,1494,0.1388
1273,224,1497,0.1388
1274,228,1502,0.1388
1267,234,1501,0.1388
1266,235,1501,0.1388
1255,234,1489,0.1388
1263,231,1494,0.1388
1274,227,1501,0.1388
1272,225,1497,0.1388
1272,231,1503,0.1388
1262,234,1496,0.1388
1278,233,1511,0.1388
1266,227,1493,0.1388
1280,232,1512,0.1388
1275,230,1505,0.1388
1274,229,1503,0.1388
1289,225,1514,0.1388
1271,226,1497,0.1388
1269,226,1495,0.1388
1258,232,1490,0.1388
1265,236,1501,0.1388
1275,234,1509,0.1388
1271,233,1504,0.1388
1278,235,1513,0.1388
1267,233,1500,0.1388
1271,236,1507,0.1388
1274,230,1504,0.1388
1270,232,1502,0.1388
1258,231,1489,0.1388
1264,232,1496,0.1388
1272,228,1500,0.1388
1271,231,1502,0.1388
1275,231,1506,0.1388
1276,232,1508,0.1388
1275,237,1512,0.1388
1273,238,1511,0.1388
1265,234,1499,0.1388
1259,233,1492,0.1388
1257,236,1493,0.1388
1265,233,1498,0.1388
1263,232,1495,0.1388
1251,235,1486,0.1388
1257,236,1493,0.1388
1253,236,1489,0.1388
1253,236,1489,0.1388
1258,238,1496,0.1388
1247,233,1480,0.1388
1240,233,1473,0.1388
1244,234,1478,0.1388
1246,242,1488,0.1388
1263,243,1506,0.1388
1256,243,1499,0.1388
1253,246,1499,0.1388
1267,246,1513,0.1388
1259,248,1507,0.1388
1255,238,1493,0.1388
1262,238,1500,0.1388
1251,240,1491,0.1388
1243,243,1486,0.1388
1250,247,1497,0.1388
1249,248,1497,0.1388
1239,250,1489,0.1388
1238,250,1488,0.1388
1232,257,1489,0.1388
1239,256,1495,0.1388
1236,255,1491,0.1388
1238,256,1494,0.1388
1242,249,1491,0.1388
1243,250,1493,0.1388
1240,253,1493,0.1388
1241,253,1494,0.1388
1242,252,1494,0.1388
1230,259,1489,0.1388
1243,258,1501,0.1388
1251,259,1510,0.1388
1244,256,1500,0.1388
1258,259,1517,0.1388
1239,261,1500,0.1388
1236,259,1495,0.1388
1236,259,1495,0.1388
1234,262,1496,0.1388
1228,262,1490,0.1388
1222,267,1489,0.1388
1225,266,1491,0.1388
1228,267,1495,0.1388
1246,267,1513,0.1388
1228,265,1493,0.1388
1231,266,1497,0.1388
1237,265,1502,0.1388
1230,266,1496,0.1388
1235,266,1501,0.1388
1227,269,1496,0.1388
1224,267,1491,0.1388
1222,271,1493,0.1388
1224,271,1495,0.1388
1228,270,1498,0.1388
1229,272,1501,0.1388
1231,270,1501,0.1388
1215,277,1492,0.1388
1223,276,1499,0.1388
1216,268,1484,0.1388
1211,272,1483,0.1388
1200,282,1482,0.1388
1216,287,1503,0.1388
1212,285,1497,0.1388
1212,284,1496,0.1388
1209,290,1499,0.1388
1214,289,1503,0.1388
1211,290,1501,0.1388
1208,286,1494,0.1388
1208,283,1491,0.1388
1209,286,1495,0.1388
1227,286,1513,0.1388
1234,284,1518,0.1388
1220,283,1503,0.1388
1209,292,1501,0.1388
1220,289,1509,0.1388
1217,283,1500,0.1388
1212,283,1495,0.1388
1206,285,1491,0.1388
1203,288,1491,0.1388
1198,293,1491,0.1388
1203,290,1493,0.1388
1207,292,1499,0.1388
1200,293,1493,0.1388
1211,300,1511,0.1388
1223,299,1522,0.1388
1212,295,1507,0.1388
1214,299,1513,0.1388
1209,296,1505,0.1388
1200,296,1496,0.1388
1199,301,1500,0.1388
1185,304,1489,0.1388
1178,308,1486,0.1388
1182,313,1495,0.1388
1182,318,1500,0.1388
1199,318,1517,0.1388
1191,314,1505,0.1388
1181,316,1497,0.1388
1183,324,1507,0.1388
1163,326,1489,0.1388
1162,328,1490,0.1388
1162,332,1494,0.1388
1167,335,1502,0.1388
1162,333,1495,0.1388
1160,332,1492,0.1388
1165,330,1495,0.1388
1156,328,1484,0.1388
1151,332,1483,0.1388
1158,340,1498,0.1388
1162,347,1509,0.1388
1158,341,1499,0.1388
1162,344,1506,0.1388
1164,347,1511,0.1388
1161,345,1506,0.1388
1145,346,1491,0.1388
1152,341,1493,0.1388
1154,345,1499,0.1388
1138,352,1490,0.1388
1148,351,1499,0.1388
1148,349,1497,0.1388
1150,355,1505,0.1388
1155,350,1505,0.1388
1159,355,1514,0.1388
1150,354,1504,0.1388
1152,350,1502,0.1388
1158,356,1514,0.1388
1151,357,1508,0.1388
1148,356,1504,0.1388
1158,353,1511,0.1388
1148,349,1497,0.1388
1152,342,1494,0.1388
1146,348,1494,0.1388
1150,341,1491,0.1388
1142,342,1484,0.1388
1146,343,1489,0.1388
1144,346,1490,0.1388
1143,350,1493,0.1388
1150,357,1507,0.1388
1139,360,1499,0.1388
1143,364,1507,0.1388
1147,373,1520,0.1388
1153,368,1521,0.1388
1136,369,1505,0.1388
1129,365,1494,0.1388
1124,367,1491,0.1388
1130,378,1508,0.1388
1124,379,1503,0.1388
1129,382,1511,0.1388
1126,383,1509,0.1388
1118,385,1503,0.1388
1114,388,1502,0.1388
1114,383,1497,0.1388
1115,384,1499,0.1388
1113,383,1496,0.1388
1123,385,1508,0.1388
1106,382,1488,0.1388
1111,395,1506,0.1388
1108,400,1508,0.1388
1103,398,1501,0.1388
1095,401,1496,0.1388
1087,403,1490,0.1388
1087,407,1494,0.1388
1086,415,1501,0.1388
1082,412,1494,0.1388
1090,415,1505,0.1388
1090,411,1501,0.1388
1093,408,1501,0.1388
1095,413,1508,0.1388
1094,418,1512,0.1388
1097,419,1516,0.1388
1083,416,1499,0.1388
1078,412,1490,0.1388
1066,422,1488,0.1388
1067,420,1487,0.1388
1066,422,1488,0.1388
1054,426,1480,0.1388
1054,439,1493,0.1388
1044,443,1487,0.1388
1035,435,1470,0.1388
1042,428,1470,0.1388
1055,434,1489,0.1388
1051,431,1482,0.1388
1050,430,1480,0.1388
1049,430,1479,0.1388
1047,432,1479,0.1388
1049,434,1483,0.1388
1061,427,1488,0.1388
1059,416,1475,0.1388
1057,431,1488,0.1388
1056,438,1494,0.1388
1059,443,1502,0.1388
1059,435,1494,0.1388
1055,436,1491,0.1388
1049,432,1481,0.1388
1047,439,1486,0.1388
1047,437,1484,0.1388
1049,442,1491,0.1388
1050,442,1492,0.1388
1053,442,1495,0.1388
1050,445,1495,0.1388
1053,439,1492,0.1388
1058,442,1500,0.1388
1054,443,1497,0.1388
1052,443,1495,0.1388
1061,445,1506,0.1388
1066,446,1512,0.1388
1058,452,1510,0.1388
1049,449,1498,0.1388
1048,446,1494,0.1388
1045,446,1491,0.1388
1052,450,1502,0.1388
1046,453,1499,0.1388
1048,454,1502,0.1388
1033,458,1491,0.1388
1042,455,1497,0.1388
1035,452,1487,0.1388
1043,454,1497,0.1388
1038,457,1495,0.1388
1037,458,1495,0.1388
1036,462,1498,0.1388
1031,460,1491,0.1388
1036,456,1492,0.1388
1040,456,1496,0.1388
1032,463,1495,0.1388
1025,469,1494,0.1388
1022,475,1497,0.1388
1039,464,1503,0.1388
1037,458,1495,0.1388
1044,453,1497,0.1388
1034,453,1487,0.1388
1042,461,1503,0.1388
1049,463,1512,0.1388
1049,457,1506,0.1388
1042,455,1497,0.1388
1042,461,1503,0.1388
1051,453,1504,0.1388
1047,453,1500,0.1388
1037,455,1492,0.1388
1041,457,1498,0.1388
1041,464,1505,0.1388
1039,461,1500,0.1388
1039,458,1497,0.1388
1052,453,1505,0.1388
1051,452,1503,0.1388
1051,450,1501,0.1388
1044,453,1497,0.1388
1036,459,1495,0.1388
1048,455,1503,0.1388
1034,455,1489,0.1388
1035,448,1483,0.1388
1050,446,1496,0.1388
1055,448,1503,0.1388
1053,442,1495,0.1388
1058,445,1503,0.1388
1057,445,1502,0.1388
1055,447,1502,0.1388
1051,443,1494,0.1388
1070,455,1525,0.1388
1065,451,1516,0.1388
1053,448,1501,0.1388
1038,454,1492,0.1388
1043,461,1504,0.1388
1028,455,1483,0.1388
1037,455,1492,0.1388
1035,460,1495,0.1388
1034,460,1494,0.1388
1038,461,1499,0.1388
1032,464,1496,0.1388
1024,473,1497,0.1388
1021,468,1489,0.1388
1009,470,1479,0.1388
1006,475,1481,0.1388
1008,483,1491,0.1388
1008,480,1488,0.1388
1011,485,1496,0.1388
998,487,1485,0.1388
1009,488,1497,0.1388
1015,482,1497,0.1388
1014,482,1496,0.1388
1020,488,1508,0.1388
1022,489,1511,0.1388
1027,479,1506,0.1388
1026,484,1510,0.1388
1030,487,1517,0.1388
1029,491,1520,0.1388
1018,497,1515,0.1388
1022,495,1517,0.1388
1023,494,1517,0.1388
1017,487,1504,0.1388
1014,496,1510,0.1388
1012,499,1511,0.1388
1010,500,1510,0.1388
1009,501,1510,0.1388
1007,499,1506,0.1388
1010,495,1505,0.1388
1001,497,1498,0.1388
996,505,1501,0.1388
999,509,1508,0.1388
998,504,1502,0.1388
993,502,1495,0.1388
1001,508,1509,0.1388
998,499,1497,0.1388
994,510,1504,0.1388
1000,503,1503,0.1388
997,506,1503,0.1388
992,512,1504,0.1388
995,516,1511,0.1388
995,518,1513,0.1388
1006,513,1519,0.1388
999,507,1506,0.1388
1007,505,1512,0.1388
1012,509,1521,0.1388
1011,502,1513,0.1388
1015,496,1511,0.1388
1012,498,1510,0.1388
1012,497,1509,0.1388
1011,498,1509,0.1388
1011,502,1513,0.1388
1008,498,1506,0.1388
1001,506,1507,0.1388
992,512,1504,0.1388
992,510,1502,0.1388
994,506,1500,0.1388
991,508,1499,0.1388
996,510,1506,0.1388
1012,508,1520,0.1388
1009,512,1521,0.1388
1003,505,1508,0.1388
1003,509,1512,0.1388
1007,515,1522,0.1388
989,504,1493,0.1388
992,508,1500,0.1388
995,513,1508,0.1388
991,509,1500,0.1388
983,505,1488,0.1388
974,513,1487,0.1388
973,520,1493,0.1388
977,518,1495,0.1388
989,516,1505,0.1388
986,524,1510,0.1388
991,522,1513,0.1388
983,524,1507,0.1388
976,523,1499,0.1388
973,526,1499,0.1388
974,532,1506,0.1388
977,531,1508,0.1388
981,537,1518,0.1388
974,534,1508,0.1388
967,539,1506,0.1388
977,537,1514,0.1388
953,541,1494,0.1388
954,550,1504,0.1388
952,548,1500,0.1388
948,550,1498,0.1388
951,552,1503,0.1388
966,547,1513,0.1388
967,539,1506,0.1388
969,542,1511,0.1388
964,542,1506,0.1388
963,544,1507,0.1388
956,539,1495,0.1388
958,544,1502,0.1388
947,553,1500,0.1388
945,556,1501,0.1388
939,555,1494,0.1388
944,554,1498,0.1388
955,557,1512,0.1388
940,558,1498,0.1388
941,553,1494,0.1388
945,556,1501,0.1388
949,566,1515,0.1388
948,564,1512,0.1388
954,569,1523,0.1388
945,570,1515,0.1388
937,567,1504,0.1388
960,573,1533,0.1388
954,568,1522,0.1388
955,568,1523,0.1388
955,567,1522,0.1388
941,557,1498,0.1388
952,560,1512,0.1388
950,555,1505,0.1388
944,558,1502,0.1388
939,559,1498,0.1388
932,570,1502,0.1388
929,564,1493,0.1388
928,573,1501,0.1388
936,570,1506,0.1388
935,564,1499,0.1388
939,562,1501,0.1388
938,553,1491,0.1388
940,562,1502,0.1388
920,563,1483,0.1388
920,558,1478,0.1388
922,557,1479,0.1388
924,565,1489,0.1388
913,566,1479,0.1388
934,580,1514,0.1388
938,571,1509,0.1388
934,573,1507,0.1388
928,570,1498,0.1388
929,569,1498,0.1388
932,565,1497,0.1388
929,573,1502,0.1388
925,579,1504,0.1388
909,583,1492,0.1388
911,576,1487,0.1388
911,584,1495,0.1388
916,582,1498,0.1388
924,585,1509,0.1388
915,586,1501,0.1388
911,588,1499,0.1388
905,593,1498,0.1388
902,592,1494,0.1388
907,583,1490,0.1388
910,591,1501,0.1388
899,593,1492,0.1388
902,592,1494,0.1388
898,590,1488,0.1388
899,589,1488,0.1388
898,593,1491,0.1388
891,597,1488,0.1388
900,597,1497,0.1388
896,597,1493,0.1388
894,590,1484,0.1388
909,589,1498,0.1388
898,601,1499,0.1388
906,598,1504,0.1388
900,604,1504,0.1388
896,611,1507,0.1388
895,603,1498,0.1388
904,602,1506,0.1388
893,600,1493,0.1388
903,604,1507,0.1388
899,604,1503,0.1388
896,607,1503,0.1388
893,607,1500,0.1388
897,613,1510,0.1388
884,619,1503,0.1388
888,618,1506,0.1388
878,618,1496,0.1388
881,625,1506,0.1388
879,631,1510,0.1388
873,630,1503,0.1388
875,630,1505,0.1388
877,631,1508,0.1388
868,631,1499,0.1388
869,633,1502,0.1388
863,635,1498,0.1388
868,632,1500,0.1388
861,635,1496,0.1388
874,634,1508,0.1388
869,635,1504,0.1388
867,634,1501,0.1388
872,624,1496,0.1388
866,631,1497,0.1388
863,633,1496,0.1388
870,633,1503,0.1388
865,642,1507,0.1388
858,636,1494,0.1388
852,634,1486,0.1388
849,630,1479,0.1388
855,636,1491,0.1388
864,641,1505,0.1388
863,641,1504,0.1388
868,642,1510,0.1388
867,640,1507,0.1388
861,648,1509,0.1388
858,643,1501,0.1388
847,644,1491,0.1388
847,643,1490,0.1388
855,663,1518,0.1388
856,664,1520,0.1388
850,659,1509,0.1388
852,649,1501,0.1388
852,665,1517,0.1388
842,667,1509,0.1388
840,667,1507,0.1388
841,669,1510,0.1388
850,666,1516,0.1388
850,670,1520,0.1388
842,669,1511,0.1388
841,658,1499,0.1388
843,649,1492,0.1388
835,654,1489,0.1388
830,662,1492,0.1388
827,657,1484,0.1388
825,675,1500,0.1388
828,665,1493,0.1388
821,664,1485,0.1388
820,666,1486,0.1388
829,666,1495,0.1388
831,676,1507,0.1388
838,681,1519,0.1388
831,675,1506,0.1388
835,686,1521,0.1388
837,687,1524,0.1388
823,688,1511,0.1388
829,683,1512,0.1388
836,677,1513,0.1388
837,686,1523,0.1388
835,688,1523,0.1388
828,686,1514,0.1388
824,693,1517,0.1388
817,694,1511,0.1388
818,692,1510,0.1388
800,690,1490,0.1388
794,694,1488,0.1388
793,708,1501,0.1388
793,705,1498,0.1388
792,708,1500,0.1388
799,710,1509,0.1388
798,720,1518,0.1388
785,721,1506,0.1388
785,714,1499,0.1388
788,720,1508,0.1388
777,709,1486,0.1388
779,713,1492,0.1388
773,718,1491,0.1388
786,723,1509,0.1388
784,715,1499,0.1388
784,716,1500,0.1388
790,707,1497,0.1388
785,714,1499,0.1388
786,708,1494,0.1388
793,718,1511,0.1388
780,717,1497,0.1388
773,713,1486,0.1388
777,719,1496,0.1388
782,721,1503,0.1388
786,715,1501,0.1388
775,721,1496,0.1388
775,714,1489,0.1388
778,714,1492,0.1388
779,718,1497,0.1388
783,719,1502,0.1388
770,712,1482,0.1388
789,720,1509,0.1388
786,720,1506,0.1388
777,729,1506,0.1388
775,721,1496,0.1388
776,720,1496,0.1388
775,728,1503,0.1388
772,738,1510,0.1388
763,743,1506,0.1388
759,740,1499,0.1388
756,740,1496,0.1388
749,740,1489,0.1388
748,734,1482,0.1388
747,732,1479,0.1388
745,734,1479,0.1388
761,735,1496,0.1388
756,736,1492,0.1388
754,738,1492,0.1388
758,739,1497,0.1388
764,740,1504,0.1388
766,737,1503,0.1388
771,746,1517,0.1388
774,736,1510,0.1388
769,732,1501,0.1388
770,732,1502,0.1388
772,736,1508,0.1388
771,750,1521,0.1388
770,745,1515,0.1388
772,750,1522,0.1388
771,749,1520,0.1388
761,757,1518,0.1388
759,752,1511,0.1388
754,754,1508,0.1388
742,754,1496,0.1388
745,758,1503,0.1388
746,751,1497,0.1388
746,749,1495,0.1388
735,754,1489,0.1388
731,762,1493,0.1388
728,758,1486,0.1388
739,770,1509,0.1388
735,779,1514,0.1388
731,766,1497,0.1388
730,774,1504,0.1388
732,778,1510,0.1388
728,766,1494,0.1388
716,766,1482,0.1388
726,777,1503,0.1388
732,773,1505,0.1388
731,777,1508,0.1388
731,791,1522,0.1388
720,788,1508,0.1388
721,782,1503,0.1388
719,785,1504,0.1388
720,788,1508,0.1388
728,782,1510,0.1388
725,791,1516,0.1388
716,791,1507,0.1388
716,790,1506,0.1388
713,780,1493,0.1388
712,778,1490,0.1388
709,779,1488,0.1388
718,781,1499,0.1388
720,780,1500,0.1388
725,785,1510,0.1388
724,796,1520,0.1388
720,796,1516,0.1388
722,797,1519,0.1388
720,786,1506,0.1388
721,783,1504,0.1388
722,798,1520,0.1388
712,797,1509,0.1388
709,801,1510,0.1388
713,802,1515,0.1388
716,805,1521,0.1388
712,802,1514,0.1388
704,803,1507,0.1388
707,799,1506,0.1388
703,799,1502,0.1388
696,800,1496,0.1388
694,810,1504,0.1388
685,810,1495,0.1388
685,815,1500,0.1388
689,813,1502,0.1388
684,800,1484,0.1388
680,804,1484,0.1388
681,800,1481,0.1388
683,800,1483,0.1388
687,799,1486,0.1388
682,798,1480,0.1388
689,809,1498,0.1388
698,808,1506,0.1388
706,809,1515,0.1388
698,815,1513,0.1388
698,814,1512,0.1388
698,818,1516,0.1388
692,828,1520,0.1388
696,812,1508,0.1388
699,812,1511,0.1388
693,812,1505,0.1388
687,820,1507,0.1388
686,814,1500,0.1388
684,822,1506,0.1388
683,820,1503,0.1388
680,834,1514,0.1388
680,838,1518,0.1388
684,842,1526,0.1388
682,844,1526,0.1388
673,848,1521,0.1388
663,848,1511,0.1388
669,840,1509,0.1388
673,850,1523,0.1388
660,851,1511,0.1388
657,848,1505,0.1388
655,855,1510,0.1388
654,859,1513,0.1388
656,865,1521,0.1388
651,863,1514,0.1388
657,857,1514,0.1388
653,856,1509,0.1388
652,860,1512,0.1388
654,851,1505,0.1388
652,853,1505,0.1388
655,862,1517,0.1388
654,858,1512,0.1388
660,863,1523,0.1388
661,857,1518,0.1388
657,865,1522,0.1388
655,865,1520,0.1388
643,859,1502,0.1388
649,857,1506,0.1388
647,849,1496,0.1388
646,848,1494,0.1388
643,847,1490,0.1388
650,840,1490,0.1388
644,849,1493,0.1388
645,853,1498,0.1388
644,863,1507,0.1388
644,860,1504,0.1388
644,865,1509,0.1388
636,861,1497,0.1388
635,872,1507,0.1388
639,878,1517,0.1388
642,865,1507,0.1388
649,859,1508,0.1388
645,857,1502,0.1388
650,859,1509,0.1388
644,853,1497,0.1388
638,863,1501,0.1388
650,876,1526,0.1388
644,870,1514,0.1388
639,873,1512,0.1388
643,873,1516,0.1388
652,877,1529,0.1388
653,874,1527,0.1388
653,877,1530,0.1388
646,874,1520,0.1388
646,872,1518,0.1388
638,869,1507,0.1388
637,874,1511,0.1388
634,871,1505,0.1388
645,870,1515,0.1388
642,870,1512,0.1388
632,878,1510,0.1388
629,869,1498,0.1388
622,868,1490,0.1388
633,880,1513,0.1388
625,867,1492,0.1388
629,882,1511,0.1388
634,887,1521,0.1388
631,882,1513,0.1388
629,890,1519,0.1388
614,893,1507,0.1388
610,902,1512,0.1388
614,902,1516,0.1388
612,895,1507,0.1388
613,902,1515,0.1388
607,903,1510,0.1388
610,906,1516,0.1388
612,902,1514,0.1388
617,902,1519,0.1388
615,898,1513,0.1388
603,894,1497,0.1388
597,899,1496,0.1388
601,910,1511,0.1388
601,908,1509,0.1388
602,921,1523,0.1388
603,918,1521,0.1388
599,922,1521,0.1388
602,913,1515,0.1388
600,921,1521,0.1388
599,911,1510,0.1388
599,908,1507,0.1388
607,895,1502,0.1388
607,900,1507,0.1388
603,912,1515,0.1388
602,921,1523,0.1388
602,922,1524,0.1388
593,919,1512,0.1388
578,925,1503,0.1388
580,923,1503,0.1388
579,922,1501,0.1388
577,924,1501,0.1388
584,923,1507,0.1388
581,924,1505,0.1388
574,924,1498,0.1388
578,928,1506,0.1388
579,926,1505,0.1388
586,923,1509,0.1388
578,934,1512,0.1388
575,928,1503,0.1388
571,930,1501,0.1388
577,942,1519,0.1388
573,939,1512,0.1388
580,943,1523,0.1388
575,944,1519,0.1388
576,945,1521,0.1388
582,943,1525,0.1388
579,949,1528,0.1388
567,959,1526,0.1388
566,946,1512,0.1388
558,940,1498,0.1388
556,944,1500,0.1388
556,944,1500,0.1388
551,946,1497,0.1388
547,954,1501,0.1388
546,950,1496,0.1388
547,940,1487,0.1388
545,947,1492,0.1388
545,952,1497,0.1388
546,950,1496,0.1388
545,948,1493,0.1388
551,953,1504,0.1388
549,944,1493,0.1388
552,936,1488,0.1388
552,951,1503,0.1388
554,963,1517,0.1388
558,950,1508,0.1388
557,960,1517,0.1388
550,956,1506,0.1388
550,964,1514,0.1388
547,966,1513,0.1388
531,966,1497,0.1388
542,970,1512,0.1388
547,957,1504,0.1388
555,960,1515,0.1388
544,967,1511,0.1388
542,966,1508,0.1388
542,965,1507,0.1388
537,972,1509,0.1388
540,965,1505,0.1388
541,972,1513,0.1388
543,966,1509,0.1388
540,960,1500,0.1388
544,955,1499,0.1388
546,953,1499,0.1388
552,961,1513,0.1388
553,959,1512,0.1388
553,954,1507,0.1388
555,951,1506,0.1388
556,961,1517,0.1388
564,955,1519,0.1388
566,950,1516,0.1388
555,957,1512,0.1388
551,958,1509,0.1388
547,951,1498,0.1388
545,948,1493,0.1388
543,955,1498,0.1388
548,958,1506,0.1388
547,962,1509,0.1388
554,962,1516,0.1388
555,957,1512,0.1388
547,950,1497,0.1388
553,956,1509,0.1388
552,953,1505,0.1388
543,951,1494,0.1388
543,955,1498,0.1388
542,963,1505,0.1388
545,966,1511,0.1388
538,973,1511,0.1388
540,973,1513,0.1388
538,967,1505,0.1388
533,974,1507,0.1388
539,978,1517,0.1388
532,973,1505,0.1388
532,981,1513,0.1388
535,978,1513,0.1388
528,991,1519,0.1388
533,988,1521,0.1388
538,995,1533,0.1388
529,993,1522,0.1388
526,992,1518,0.1388
512,998,1510,0.1388
509,1003,1512,0.1388
512,1013,1525,0.1388
521,1013,1534,0.1388
518,999,1517,0.1388
514,996,1510,0.1388
506,1013,1519,0.1388
506,1012,1518,0.1388
503,1011,1514,0.1388
500,1021,1521,0.1388
502,1017,1519,0.1388
504,1008,1512,0.1388
504,1009,1513,0.1388
504,1012,1516,0.1388
502,1008,1510,0.1388
499,1010,1509,0.1388
504,1013,1517,0.1388
502,999,1501,0.1388
505,1003,1508,0.1388
502,996,1498,0.1388
509,999,1508,0.1388
502,1001,1503,0.1388
509,992,1501,0.1388
502,1005,1507,0.1388
508,1010,1518,0.1388
507,1006,1513,0.1388
510,1012,1522,0.1388
510,1010,1520,0.1388
507,1004,1511,0.1388
511,1005,1516,0.1388
505,1003,1508,0.1388
498,1005,1503,0.1388
501,999,1500,0.1388
496,1022,1518,0.1388
488,1021,1509,0.1388
474,1024,1498,0.1388
477,1024,1501,0.1388
481,1013,1494,0.1388
484,1008,1492,0.1388
488,1023,1511,0.1388
485,1024,1509,0.1388
478,1024,1502,0.1388
476,1038,1514,0.1388
471,1029,1500,0.1388
472,1034,1506,0.1388
476,1045,1521,0.1388
467,1039,1506,0.1388
471,1041,1512,0.1388
466,1042,1508,0.1388
464,1044,1508,0.1388
466,1043,1509,0.1388
470,1042,1512,0.1388
476,1043,1519,0.1388
480,1036,1516,0.1388
469,1034,1503,0.1388
467,1033,1500,0.1388
473,1041,1514,0.1388
474,1042,1516,0.1388
469,1038,1507,0.1388
463,1040,1503,0.1388
460,1034,1494,0.1388
453,1029,1482,0.1388
466,1040,1506,0.1388
464,1039,1503,0.1388
457,1035,1492,0.1388
465,1038,1503,0.1388
461,1039,1500,0.1388
466,1037,1503,0.1388
465,1039,1504,0.1388
463,1046,1509,0.1388
467,1043,1510,0.1388
466,1040,1506,0.1388
470,1044,1514,0.1388
468,1036,1504,0.1388
468,1037,1505,0.1388
461,1036,1497,0.1388
453,1041,1494,0.1388
454,1041,1495,0.1388
454,1043,1497,0.1388
466,1039,1505,0.1388
467,1048,1515,0.1388
462,1060,1522,0.1388
467,1069,1536,0.1388
466,1073,1539,0.1388
462,1064,1526,0.1388
460,1053,1513,0.1388
458,1053,1511,0.1388
455,1054,1509,0.1388
453,1056,1509,0.1388
457,1046,1503,0.1388
461,1046,1507,0.1388
458,1042,1500,0.1388
455,1034,1489,0.1388
456,1044,1500,0.1388
456,1038,1494,0.1388
457,1037,1494,0.1388
454,1038,1492,0.1388
458,1045,1503,0.1388
468,1040,1508,0.1388
467,1053,1520,0.1388
468,1057,1525,0.1388
464,1057,1521,0.1388
464,1059,1523,0.1388
460,1059,1519,0.1388
462,1063,1525,0.1388
461,1062,1523,0.1388
462,1066,1528,0.1388
456,1054,1510,0.1388
458,1047,1505,0.1388
462,1047,1509,0.1388
463,1052,1515,0.1388
465,1040,1505,0.1388
458,1051,1509,0.1388
450,1053,1503,0.1388
444,1063,1507,0.1388
445,1063,1508,0.1388
451,1063,1514,0.1388
443,1067,1510,0.1388
442,1076,1518,0.1388
444,1078,1522,0.1388
450,1058,1508,0.1388
447,1068,1515,0.1388
446,1059,1505,0.1388
448,1053,1501,0.1388
447,1067,1514,0.1388
443,1066,1509,0.1388
435,1047,1482,0.1388
433,1041,1474,0.1388
442,1057,1499,0.1388
448,1049,1497,0.1388
446,1058,1504,0.1388
447,1071,1518,0.1388
441,1071,1512,0.1388
441,1077,1518,0.1388
437,1066,1503,0.1388
438,1075,1513,0.1388
432,1080,1512,0.1388
431,1074,1505,0.1388
437,1075,1512,0.1388
441,1069,1510,0.1388
443,1081,1524,0.1388
444,1081,1525,0.1388
442,1080,1522,0.1388
442,1066,1508,0.1388
446,1075,1521,0.1388
451,1079,1530,0.1388
452,1070,1522,0.1388
454,1065,1519,0.1388
455,1066,1521,0.1388
455,1077,1532,0.1388
446,1072,1518,0.1388
438,1057,1495,0.1388
438,1077,1515,0.1388
437,1074,1511,0.1388
438,1081,1519,0.1388
434,1080,1514,0.1388
425,1078,1503,0.1388
426,1089,1515,0.1388
425,1081,1506,0.1388
427,1077,1504,0.1388
426,1086,1512,0.1388
426,1086,1512,0.1388
426,1087,1513,0.1388
423,1100,1523,0.1388
420,1103,1523,0.1388
421,1102,1523,0.1388
419,1098,1517,0.1388
416,1088,1504,0.1388
412,1090,1502,0.1388
406,1100,1506,0.1388
407,1093,1500,0.1388
405,1088,1493,0.1388
407,1099,1506,0.1388
401,1101,1502,0.1388
393,1109,1502,0.1388
390,1111,1501,0.1388
388,1104,1492,0.1388
392,1119,1511,0.1388
390,1111,1501,0.1388
389,1103,1492,0.1388
387,1110,1497,0.1388
382,1098,1480,0.1388
384,1108,1492,0.1388
385,1113,1498,0.1388
388,1111,1499,0.1388
388,1113,1501,0.1388
389,1125,1514,0.1388
390,1128,1518,0.1388
396,1129,1525,0.1388
395,1133,1528,0.1388
396,1109,1505,0.1388
399,1114,1513,0.1388
403,1110,1513,0.1388
399,1102,1501,0.1388
396,1100,1496,0.1388
397,1111,1508,0.1388
393,1111,1504,0.1388
392,1119,1511,0.1388
391,1120,1511,0.1388
388,1114,1502,0.1388
381,1112,1493,0.1388
386,1123,1509,0.1388
387,1122,1509,0.1388
391,1119,1510,0.1388
387,1131,1518,0.1388
386,1136,1522,0.1388
375,1133,1508,0.1388
381,1134,1515,0.1388
379,1131,1510,0.1388
374,1136,1510,0.1388
382,1123,1505,0.1388
393,1127,1520,0.1388
391,1139,1530,0.1388
384,1141,1525,0.1388
380,1132,1512,0.1388
371,1126,1497,0.1388
371,1136,1507,0.1388
374,1140,1514,0.1388
376,1142,1518,0.1388
380,1143,1523,0.1388
380,1147,1527,0.1388
377,1151,1528,0.1388
377,1151,1528,0.1388
380,1148,1528,0.1388
380,1137,1517,0.1388
378,1142,1520,0.1388
372,1132,1504,0.1388
369,1123,1492,0.1388
369,1124,1493,0.1388
374,1116,1490,0.1388
370,1141,1511,0.1388
372,1139,1511,0.1388
374,1131,1505,0.1388
378,1131,1509,0.1388
374,1134,1508,0.1388
383,1131,1514,0.1388
382,1124,1506,0.1388
376,1130,1506,0.1388
374,1136,1510,0.1388
368,1139,1507,0.1388
364,1146,1510,0.1388
359,1153,1512,0.1388
362,1137,1499,0.1388
362,1141,1503,0.1388
357,1143,1500,0.1388
358,1148,1506,0.1388
354,1151,1505,0.1388
352,1149,1501,0.1388
354,1154,1508,0.1388
349,1159,1508,0.1388
353,1161,1514,0.1388
358,1165,1523,0.1388
358,1150,1508,0.1388
357,1158,1515,0.1388
357,1160,1517,0.1388
351,1170,1521,0.1388
353,1160,1513,0.1388
352,1160,1512,0.1388
357,1161,1518,0.1388
352,1162,1514,0.1388
349,1154,1503,0.1388
347,1162,1509,0.1388
343,1174,1517,0.1388
344,1175,1519,0.1388
341,1175,1516,0.1388
334,1165,1499,0.1388
333,1161,1494,0.1388
333,1177,1510,0.1388
335,1170,1505,0.1388
336,1161,1497,0.1388
340,1161,1501,0.1388
338,1156,1494,0.1388
334,1172,1506,0.1388
333,1170,1503,0.1388
338,1179,1517,0.1388
334,1182,1516,0.1388
334,1181,1515,0.1388
341,1163,1504,0.1388
339,1172,1511,0.1388
338,1172,1510,0.1388
331,1178,1509,0.1388
335,1165,1500,0.1388
335,1176,1511,0.1388
336,1173,1509,0.1388
338,1161,1499,0.1388
333,1185,1518,0.1388
330,1194,1524,0.1388
331,1191,1522,0.1388
332,1182,1514,0.1388
327,1185,1512,0.1388
326,1180,1506,0.1388
321,1192,1513,0.1388
322,1201,1523,0.1388
321,1204,1525,0.1388
321,1203,1524,0.1388
325,1201,1526,0.1388
315,1203,1518,0.1388
314,1207,1521,0.1388
303,1202,1505,0.1388
304,1197,1501,0.1388
303,1189,1492,0.1388
312,1194,1506,0.1388
307,1189,1496,0.1388
303,1194,1497,0.1388
290,1211,1501,0.1388
289,1212,1501,0.1388
288,1222,1510,0.1388
285,1225,1510,0.1388
288,1233,1521,0.1388
287,1235,1522,0.1388
284,1224,1508,0.1388
280,1230,1510,0.1388
280,1226,1506,0.1388
276,1224,1500,0.1388
276,1228,1504,0.1388
282,1229,1511,0.1388
282,1232,1514,0.1388
274,1230,1504,0.1388
275,1232,1507,0.1388
276,1241,1517,0.1388
278,1250,1528,0.1388
279,1238,1517,0.1388
274,1245,1519,0.1388
269,1247,1516,0.1388
266,1243,1509,0.1388
265,1241,1506,0.1388
264,1238,1502,0.1388
261,1235,1496,0.1388
261,1236,1497,0.1388
258,1254,1512,0.1388
256,1252,1508,0.1388
255,1261,1516,0.1388
260,1260,1520,0.1388
258,1259,1517,0.1388
258,1243,1501,0.1388
264,1253,1517,0.1388
258,1261,1519,0.1388
260,1250,1510,0.1388
251,1256,1507,0.1388
250,1264,1514,0.1388
248,1271,1519,0.1388
245,1279,1524,0.1388
243,1288,1531,0.1388
239,1292,1531,0.1388
238,1289,1527,0.1388
233,1289,1522,0.1388
235,1296,1531,0.1388
233,1283,1516,0.1388
232,1285,1517,0.1388
238,1288,1526,0.1388
235,1288,1523,0.1388
238,1285,1523,0.1388
233,1281,1514,0.1388
233,1292,1525,0.1388
234,1302,1536,0.1388
233,1287,1520,0.1388
231,1285,1516,0.1388
234,1285,1519,0.1388
234,1272,1506,0.1388
229,1268,1497,0.1388
233,1284,1517,0.1388
228,1275,1503,0.1388
220,1277,1497,0.1388
218,1282,1500,0.1388
221,1287,1508,0.1388
224,1301,1525,0.1388
223,1288,1511,0.1388
222,1300,1522,0.1388
220,1301,1521,0.1388
219,1314,1533,0.1388
213,1322,1535,0.1388
212,1306,1518,0.1388
214,1308,1522,0.1388
212,1307,1519,0.1388
212,1311,1523,0.1388
214,1305,1519,0.1388
215,1306,1521,0.1388
221,1307,1528,0.1388
216,1294,1510,0.1388
215,1298,1513,0.1388
211,1295,1506,0.1388
210,1292,1502,0.1388
212,1303,1515,0.1388
210,1318,1528,0.1388
206,1319,1525,0.1388
204,1318,1522,0.1388
205,1315,1520,0.1388
209,1320,1529,0.1388
206,1323,1529,0.1388
205,1312,1517,0.1388
205,1304,1509,0.1388
197,1312,1509,0.1388
200,1317,1517,0.1388
203,1320,1523,0.1388
205,1316,1521,0.1388
204,1316,1520,0.1388
202,1322,1524,0.1388
203,1307,1510,0.1388
201,1309,1510,0.1388
199,1324,1523,0.1388
198,1329,1527,0.1388
200,1324,1524,0.1388
200,1320,1520,0.1388
201,1318,1519,0.1388
198,1313,1511,0.1388
198,1319,1517,0.1388
196,1322,1518,0.1388
194,1338,1532,0.1388
193,1322,1515,0.1388
191,1317,1508,0.1388
190,1316,1506,0.1388
193,1319,1512,0.1388
196,1323,1519,0.1388
197,1321,1518,0.1388
200,1320,1520,0.1388
196,1315,1511,0.1388
191,1312,1503,0.1388
191,1335,1526,0.1388
189,1314,1503,0.1388
189,1319,1508,0.1388
188,1334,1522,0.1388
182,1325,1507,0.1388
183,1316,1499,0.1388
184,1342,1526,0.1388
180,1336,1516,0.1388
187,1327,1514,0.1388
190,1330,1520,0.1388
187,1321,1508,0.1388
184,1315,1499,0.1388
186,1326,1512,0.1388
185,1330,1515,0.1388
182,1313,1495,0.1388
177,1328,1505,0.1388
174,1339,1513,0.1388
178,1340,1518,0.1388
181,1332,1513,0.1388
181,1330,1511,0.1388
180,1320,1500,0.1388
179,1327,1506,0.1388
181,1327,1508,0.1388
179,1340,1519,0.1388
183,1339,1522,0.1388
178,1340,1518,0.1388
184,1335,1519,0.1388
181,1329,1510,0.1388
178,1321,1499,0.1388
178,1330,1508,0.1388
179,1334,1513,0.1388
178,1327,1505,0.1388
179,1334,1513,0.1388
179,1338,1517,0.1388
183,1350,1533,0.1388
185,1344,1529,0.1388
182,1343,1525,0.1388
177,1336,1513,0.1388
175,1325,1500,0.1388
173,1339,1512,0.1388
171,1341,1512,0.1388
163,1344,1507,0.1388
168,1346,1514,0.1388
170,1346,1516,0.1388
172,1366,1538,0.1388
172,1363,1535,0.1388
170,1355,1525,0.1388
170,1351,1521,0.1388
173,1349,1522,0.1388
172,1350,1522,0.1388
172,1351,1523,0.1388
171,1355,1526,0.1388
171,1353,1524,0.1388
172,1342,1514,0.1388
170,1337,1507,0.1388
174,1343,1517,0.1388
177,1345,1522,0.1388
176,1343,1519,0.1388
178,1338,1516,0.1388
178,1344,1522,0.1388
177,1343,1520,0.1388
176,1342,1518,0.1388
173,1343,1516,0.1388
171,1352,1523,0.1388
173,1347,1520,0.1388
171,1353,1524,0.1388
172,1358,1530,0.1388
172,1350,1522,0.1388
169,1334,1503,0.1388
166,1334,1500,0.1388
166,1343,1509,0.1388
169,1355,1524,0.1388
168,1360,1528,0.1388
168,1364,1532,0.1388
165,1358,1523,0.1388
167,1363,1530,0.1388
167,1352,1519,0.1388
163,1354,1517,0.1388
160,1338,1498,0.1388
162,1338,1500,0.1388
161,1348,1509,0.1388
157,1356,1513,0.1388
157,1349,1506,0.1388
156,1347,1503,0.1388
158,1342,1500,0.1388
161,1355,1516,0.1388
161,1351,1512,0.1388
158,1347,1505,0.1388
160,1360,1520,0.1388
157,1356,1513,0.1388
156,1355,1511,0.1388
151,1355,1506,0.1388
151,1349,1500,0.1388
154,1355,1509,0.1388
156,1355,1511,0.1388
158,1357,1515,0.1388
153,1346,1499,0.1388
151,1344,1495,0.1388
151,1350,1501,0.1388
156,1362,1518,0.1388
154,1361,1515,0.1388
153,1367,1520,0.1388
153,1364,1517,0.1388
153,1341,1494,0.1388
151,1355,1506,0.1388
154,1361,1515,0.1388
154,1359,1513,0.1388
154,1367,1521,0.1388
156,1353,1509,0.1388
151,1340,1491,0.1388
148,1344,1492,0.1388
153,1357,1510,0.1388
153,1362,1515,0.1388
157,1364,1521,0.1388
156,1361,1517,0.1388
163,1354,1517,0.1388
162,1363,1525,0.1388
160,1354,1514,0.1388
157,1341,1498,0.1388
157,1350,1507,0.1388
157,1356,1513,0.1388
162,1353,1515,0.1388
161,1347,1508,0.1388
161,1354,1515,0.1388
159,1357,1516,0.1388
161,1347,1508,0.1388
160,1366,1526,0.1388
157,1351,1508,0.1388
161,1360,1521,0.1388
161,1371,1532,0.1388
159,1373,1532,0.1388
158,1366,1524,0.1388
159,1360,1519,0.1388
157,1371,1528,0.1388
157,1355,1512,0.1388
153,1359,1512,0.1388
153,1374,1527,0.1388
153,1378,1531,0.1388
152,1381,1533,0.1388
149,1386,1535,0.1388
150,1373,1523,0.1388
146,1380,1526,0.1388
149,1375,1524,0.1388
146,1371,1517,0.1388
145,1371,1516,0.1388
149,1367,1516,0.1388
146,1367,1513,0.1388
146,1359,1505,0.1388
142,1371,1513,0.1388
147,1373,1520,0.1388
144,1368,1512,0.1388
143,1383,1526,0.1388
145,1380,1525,0.1388
148,1380,1528,0.1388
144,1382,1526,0.1388
144,1381,1525,0.1388
141,1380,1521,0.1388
145,1374,1519,0.1388
142,1375,1517,0.1388
141,1377,1518,0.1388
139,1387,1526,0.1388
134,1398,1532,0.1388
136,1393,1529,0.1388
138,1388,1526,0.1388
134,1379,1513,0.1388
135,1378,1513,0.1388
136,1388,1524,0.1388
133,1382,1515,0.1388
131,1373,1504,0.1388
131,1376,1507,0.1388
126,1372,1498,0.1388
130,1360,1490,0.1388
131,1358,1489,0.1388
134,1375,1509,0.1388
134,1390,1524,0.1388
134,1390,1524,0.1388
128,1396,1524,0.1388
127,1396,1523,0.1388
125,1392,1517,0.1388
123,1399,1522,0.1388
123,1395,1518,0.1388
126,1394,1520,0.1388
125,1395,1520,0.1388
126,1399,1525,0.1388
126,1399,1525,0.1388
126,1400,1526,0.1388
130,1400,1530,0.1388
131,1396,1527,0.1388
126,1394,1520,0.1388
127,1391,1518,0.1388
123,1410,1533,0.1388
125,1398,1523,0.1388
123,1391,1514,0.1388
128,1403,1531,0.1388
131,1401,1532,0.1388
129,1391,1520,0.1388
122,1384,1506,0.1388
123,1398,1521,0.1388
125,1396,1521,0.1388
122,1401,1523,0.1388
121,1403,1524,0.1388
117,1403,1520,0.1388
119,1403,1522,0.1388
118,1399,1517,0.1388
115,1410,1525,0.1388
115,1411,1526,0.1388
117,1403,1520,0.1388
112,1407,1519,0.1388
107,1388,1495,0.1388
107,1384,1491,0.1388
106,1405,1511,0.1388
104,1409,1513,0.1388
106,1414,1520,0.1388
106,1414,1520,0.1388
109,1395,1504,0.1388
106,1404,1510,0.1388
106,1405,1511,0.1388
107,1396,1503,0.1388
105,1402,1507,0.1388
106,1405,1511,0.1388
103,1413,1516,0.1388
105,1415,1520,0.1388
102,1424,1526,0.1388
102,1414,1516,0.1388
102,1427,1529,0.1388
101,1415,1516,0.1388
97,1412,1509,0.1388
99,1412,1511,0.1388
97,1408,1505,0.1388
93,1407,1500,0.1388
95,1413,1508,0.1388
93,1422,1515,0.1388
91,1422,1513,0.1388
91,1419,1510,0.1388
92,1416,1508,0.1388
91,1417,1508,0.1388
89,1432,1521,0.1388
87,1432,1519,0.1388
86,1419,1505,0.1388
88,1431,1519,0.1388
86,1422,1508,0.1388
87,1424,1511,0.1388
85,1420,1505,0.1388
88,1431,1519,0.1388
86,1418,1504,0.1388
88,1431,1519,0.1388
83,1431,1514,0.1388
83,1441,1524,0.1388
83,1445,1528,0.1388
82,1433,1515,0.1388
82,1430,1512,0.1388
82,1428,1510,0.1388
79,1439,1518,0.1388
76,1438,1514,0.1388
77,1424,1501,0.1388
78,1428,1506,0.1388
78,1434,1512,0.1388
79,1427,1506,0.1388
78,1421,1499,0.1388
78,1420,1498,0.1388
78,1429,1507,0.1388
80,1426,1506,0.1388
81,1433,1514,0.1388
80,1429,1509,0.1388
75,1437,1512,0.1388
74,1431,1505,0.1388
75,1433,1508,0.1388
77,1438,1515,0.1388
76,1421,1497,0.1388
79,1432,1511,0.1388
81,1433,1514,0.1388
78,1429,1507,0.1388
75,1435,1510,0.1388
75,1442,1517,0.1388
76,1427,1503,0.1388
78,1440,1518,0.1388
75,1437,1512,0.1388
77,1427,1504,0.1388
74,1439,1513,0.1388
74,1434,1508,0.1388
76,1449,1525,0.1388
75,1446,1521,0.1388
72,1445,1517,0.1388
72,1455,1527,0.1388
71,1453,1524,0.1388
72,1472,1544,0.1388
76,1468,1544,0.1388
77,1444,1521,0.1388
78,1448,1526,0.1388
75,1444,1519,0.1388
76,1450,1526,0.1388
77,1449,1526,0.1388
78,1446,1524,0.1388
80,1436,1516,0.1388
77,1443,1520,0.1388
77,1440,1517,0.1388
79,1443,1522,0.1388
80,1435,1515,0.1388
80,1437,1517,0.1388
82,1436,1518,0.1388
82,1443,1525,0.1388
80,1436,1516,0.1388
81,1428,1509,0.1388
81,1434,1515,0.1388
79,1447,1526,0.1388
81,1454,1535,0.1388
80,1450,1530,0.1388
76,1449,1525,0.1388
77,1443,1520,0.1388
79,1436,1515,0.1388
78,1428,1506,0.1388
76,1435,1511,0.1388
79,1428,1507,0.1388
78,1428,1506,0.1388
78,1438,1516,0.1388
79,1441,1520,0.1388
76,1433,1509,0.1388
76,1434,1510,0.1388
76,1449,1525,0.1388
76,1450,1526,0.1388
76,1448,1524,0.1388
74,1441,1515,0.1388
76,1452,1528,0.1388
77,1442,1519,0.1388
76,1434,1510,0.1388
75,1439,1514,0.1388
71,1435,1506,0.1388
75,1427,1502,0.1388
73,1433,1506,0.1388
68,1443,1511,0.1388
69,1439,1508,0.1388
69,1445,1514,0.1388
68,1455,1523,0.1388
69,1446,1515,0.1388
69,1445,1514,0.1388
67,1452,1519,0.1388
68,1442,1510,0.1388
68,1457,1525,0.1388
67,1451,1518,0.1388
67,1448,1515,0.1388
67,1453,1520,0.1388
65,1448,1513,0.1388
63,1448,1511,0.1388
62,1439,1501,0.1388
61,1437,1498,0.1388
61,1445,1506,0.1388
61,1448,1509,0.1388
61,1455,1516,0.1388
60,1463,1523,0.1388
61,1468,1529,0.1388
58,1467,1525,0.1388
59,1464,1523,0.1388
57,1460,1517,0.1388
54,1455,1509,0.1388
52,1464,1516,0.1388
55,1465,1520,0.1388
56,1460,1516,0.1388
55,1471,1526,0.1388
54,1458,1512,0.1388
52,1446,1498,0.1388
55,1455,1510,0.1388
57,1459,1516,0.1388
57,1461,1518,0.1388
56,1455,1511,0.1388
57,1440,1497,0.1388
56,1445,1501,0.1388
56,1444,1500,0.1388
57,1440,1497,0.1388
58,1459,1517,0.1388
57,1460,1517,0.1388
56,1455,1511,0.1388
55,1458,1513,0.1388
55,1455,1510,0.1388
55,1455,1510,0.1388
57,1457,1514,0.1388
57,1442,1499,0.1388
59,1450,1509,0.1388
58,1459,1517,0.1388
58,1470,1528,0.1388
56,1469,1525,0.1388
54,1472,1526,0.1388
55,1461,1516,0.1388
56,1453,1509,0.1388
55,1457,1512,0.1388
54,1465,1519,0.1388
55,1466,1521,0.1388
53,1474,1527,0.1388
53,1460,1513,0.1388
49,1462,1511,0.1388
48,1458,1506,0.1388
52,1461,1513,0.1388
50,1457,1507,0.1388
46,1452,1498,0.1388
48,1458,1506,0.1388
49,1464,1513,0.1388
50,1453,1503,0.1388
47,1450,1497,0.1388
47,1455,1502,0.1388
46,1457,1503,0.1388
46,1465,1511,0.1388
46,1470,1516,0.1388
47,1479,1526,0.1388
50,1473,1523,0.1388
50,1479,1529,0.1388
49,1473,1522,0.1388
48,1470,1518,0.1388
45,1474,1519,0.1388
43,1477,1520,0.1388
47,1464,1511,0.1388
47,1459,1506,0.1388
48,1469,1517,0.1388
45,1468,1513,0.1388
46,1453,1499,0.1388
48,1460,1508,0.1388
49,1463,1512,0.1388
48,1463,1511,0.1388
48,1462,1510,0.1388
48,1474,1522,0.1388
49,1472,1521,0.1388
50,1477,1527,0.1388
47,1472,1519,0.1388
46,1467,1513,0.1388
44,1475,1519,0.1388
45,1479,1524,0.1388
48,1468,1516,0.1388
48,1469,1517,0.1388
48,1461,1509,0.1388
48,1468,1516,0.1388
48,1480,1528,0.1388
47,1463,1510,0.1388
47,1465,1512,0.1388
47,1474,1521,0.1388
47,1468,1515,0.1388
46,1472,1518,0.1388
47,1484,1531,0.1388
48,1487,1535,0.1388
48,1487,1535,0.1388
47,1472,1519,0.1388
47,1474,1521,0.1388
47,1477,1524,0.1388
47,1482,1529,0.1388
45,1479,1524,0.1388
44,1480,1524,0.1388
45,1480,1525,0.1388
47,1481,1528,0.1388
45,1476,1521,0.1388
45,1477,1522,0.1388
44,1471,1515,0.1388
44,1469,1513,0.1388
44,1478,1522,0.1388
44,1476,1520,0.1388
41,1460,1501,0.1388
43,1465,1508,0.1388
42,1468,1510,0.1388
41,1460,1501,0.1388
40,1459,1499,0.1388
42,1471,1513,0.1388
42,1483,1525,0.1388
40,1472,1512,0.1388
39,1471,1510,0.1388
39,1488,1527,0.1388
40,1472,1512,0.1388
40,1470,1510,0.1388
38,1471,1509,0.1388
38,1465,1503,0.1388
41,1476,1517,0.1388
43,1478,1521,0.1388
42,1483,1525,0.1388
42,1482,1524,0.1388
40,1480,1520,0.1388
39,1475,1514,0.1388
39,1473,1512,0.1388
39,1465,1504,0.1388
39,1476,1515,0.1388
39,1468,1507,0.1388
38,1471,1509,0.1388
38,1474,1512,0.1388
40,1476,1516,0.1388
40,1478,1518,0.1388
40,1472,1512,0.1388
38,1472,1510,0.1388
38,1478,1516,0.1388
38,1482,1520,0.1388
38,1486,1524,0.1388
39,1484,1523,0.1388
39,1483,1522,0.1388
40,1489,1529,0.1388
39,1484,1523,0.1388
40,1491,1531,0.1388
39,1482,1521,0.1388
38,1494,1532,0.1388
35,1483,1518,0.1388
37,1476,1513,0.1388
36,1480,1516,0.1388
35,1479,1514,0.1388
34,1487,1521,0.1388
33,1489,1522,0.1388
35,1480,1515,0.1388
35,1475,1510,0.1388
35,1469,1504,0.1388
32,1457,1489,0.1388
32,1471,1503,0.1388
30,1479,1509,0.1388
31,1486,1517,0.1388
28,1489,1517,0.1388
30,1483,1513,0.1388
31,1482,1513,0.1388
30,1489,1519,0.1388
28,1489,1517,0.1388
28,1489,1517,0.1388
25,1484,1509,0.1388
27,1479,1506,0.1388
26,1480,1506,0.1388
26,1467,1493,0.1388
25,1467,1492,0.1388
25,1479,1504,0.1388
24,1483,1507,0.1388
24,1491,1515,0.1388
24,1498,1522,0.1388
23,1500,1523,0.1388
24,1496,1520,0.1388
25,1500,1525,0.1388
25,1499,1524,0.1388
25,1503,1528,0.1388
27,1484,1511,0.1388
27,1483,1510,0.1388
26,1488,1514,0.1388
23,1493,1516,0.1388
22,1486,1508,0.1388
22,1489,1511,0.1388
22,1489,1511,0.1388
22,1481,1503,0.1388
21,1475,1496,0.1388
20,1467,1487,0.1388
19,1491,1510,0.1388
19,1493,1512,0.1388
19,1513,1532,0.1388
20,1510,1530,0.1388
20,1500,1520,0.1388
18,1493,1511,0.1388
17,1500,1517,0.1388
16,1489,1505,0.1388
16,1505,1521,0.1388
16,1497,1513,0.1388
17,1515,1532,0.1388
16,1508,1524,0.1388
14,1503,1517,0.1388
14,1495,1509,0.1388
16,1508,1524,0.1388
16,1500,1516,0.1388
16,1506,1522,0.1388
15,1502,1517,0.1388
15,1507,1522,0.1388
16,1503,1519,0.1388
16,1505,1521,0.1388
17,1495,1512,0.1388
17,1493,1510,0.1388
16,1487,1503,0.1388
16,1498,1514,0.1388
15,1502,1517,0.1388
15,1498,1513,0.1388
15,1499,1514,0.1388
15,1507,1522,0.1388
13,1498,1511,0.1388
10,1508,1518,0.1388
11,1494,1505,0.1388
12,1499,1511,0.1388
14,1505,1519,0.1388
14,1501,1515,0.1388
15,1497,1512,0.1388
15,1497,1512,0.1388
14,1502,1516,0.1388
15,1509,1524,0.1388
16,1496,1512,0.1388
17,1497,1514,0.1388
17,1494,1511,0.1388
16,1497,1513,0.1388
16,1512,1528,0.1388
16,1494,1510,0.1388
16,1496,1512,0.1388
17,1488,1505,0.1388
17,1482,1499,0.1388
17,1478,1495,0.1388
18,1488,1506,0.1388
17,1497,1514,0.1388
17,1495,1512,0.1388
17,1496,1513,0.1388
18,1493,1511,0.1388
18,1496,1514,0.1388
17,1492,1509,0.1388
18,1503,1521,0.1388
17,1508,1525,0.1388
17,1507,1524,0.1388
17,1498,1515,0.1388
17,1487,1504,0.1388
16,1489,1505,0.1388
16,1491,1507,0.1388
15,1501,1516,0.1388
16,1501,1517,0.1388
14,1500,1514,0.1388
14,1491,1505,0.1388
14,1499,1513,0.1388
14,1500,1514,0.1388
15,1491,1506,0.1388
16,1502,1518,0.1388
16,1504,1520,0.1388
17,1502,1519,0.1388
17,1503,1520,0.1388
16,1508,1524,0.1388
16,1510,1526,0.1388
16,1512,1528,0.1388
16,1503,1519,0.1388
15,1504,1519,0.1388
15,1508,1523,0.1388
17,1516,1533,0.1388
16,1528,1544,0.1388
16,1509,1525,0.1388
15,1517,1532,0.1388
15,1494,1509,0.1388
15,1504,1519,0.1388
15,1503,1518,0.1388
15,1504,1519,0.1388
15,1497,1512,0.1388
15,1491,1506,0.1388
14,1489,1503,0.1388
12,1496,1508,0.1388
13,1486,1499,0.1388
13,1493,1506,0.1388
13,1493,1506,0.1388
12,1498,1510,0.1388
12,1504,1516,0.1388
13,1490,1503,0.1388
13,1499,1512,0.1388
12,1495,1507,0.1388
13,1502,1515,0.1388
12,1515,1527,0.1388
12,1512,1524,0.1388
12,1513,1525,0.1388
12,1520,1532,0.1388
12,1510,1522,0.1388
12,1498,1510,0.1388
12,1503,1515,0.1388
12,1505,1517,0.1388
11,1496,1507,0.1388
10,1504,1514,0.1388
10,1509,1519,0.1388
10,1500,1510,0.1388
10,1495,1505,0.1388
10,1499,1509,0.1388
10,1509,1519,0.1388
9,1497,1506,0.1388
9,1506,1515,0.1388
10,1506,1516,0.1388
11,1510,1521,0.1388
13,1511,1524,0.1388
13,1515,1528,0.1388
15,1514,1529,0.1388
15,1513,1528,0.1388
15,1497,1512,0.1388
16,1494,1510,0.1388
16,1498,1514,0.1388
16,1495,1511,0.1388
16,1499,1515,0.1388
15,1493,1508,0.1388
15,1494,1509,0.1388
15,1494,1509,0.1388
14,1503,1517,0.1388
14,1505,1519,0.1388
13,1488,1501,0.1388
12,1493,1505,0.1388
11,1499,1510,0.1388
11,1507,1518,0.1388
10,1514,1524,0.1388
9,1495,1504,0.1388
9,1494,1503,0.1388
9,1513,1522,0.1388
7,1501,1508,0.1388
7,1510,1517,0.1388
7,1509,1516,0.1388
7,1522,1529,0.1388
7,1522,1529,0.1388
6,1502,1508,0.1388
6,1513,1519,0.1388
6,1525,1531,0.1388
6,1518,1524,0.1388
7,1507,1514,0.1388
7,1501,1508,0.1388
7,1505,1512,0.1388
6,1499,1505,0.1388
6,1486,1492,0.1388
6,1479,1485,0.1388
6,1478,1484,0.1388
6,1485,1491,0.1388
6,1498,1504,0.1388
6,1515,1521,0.1388
6,1513,1519,0.1388
6,1527,1533,0.1388
6,1518,1524,0.1388
6,1508,1514,0.1388
6,1509,1515,0.1388
6,1513,1519,0.1388
6,1513,1519,0.1388
6,1516,1522,0.1388
6,1522,1528,0.1388
6,1522,1528,0.1388
6,1516,1522,0.1388
6,1515,1521,0.1388
5,1525,1530,0.1388
5,1536,1541,0.1388
5,1522,1527,0.1388
5,1511,1516,0.1388
5,1508,1513,0.1388
5,1509,1514,0.1388
5,1514,1519,0.1388
5,1510,1515,0.1388
5,1520,1525,0.1388
4,1514,1518,0.1388
4,1509,1513,0.1388
4,1506,1510,0.1388
4,1510,1514,0.1388
3,1509,1512,0.1388
3,1504,1507,0.1388
3,1499,1502,0.1388
3,1510,1513,0.1388
3,1519,1522,0.1388
3,1524,1527,0.1388
3,1521,1524,0.1388
3,1511,1514,0.1388
3,1511,1514,0.1388
3,1513,1516,0.1388
3,1510,1513,0.1388
3,1506,1509,0.1388
3,1508,1511,0.1388
2,1505,1507,0.1388
2,1508,1510,0.1388
2,1506,1508,0.1388
2,1513,1515,0.1388
2,1523,1525,0.1388
2,1520,1522,0.1388
2,1518,1520,0.1388
2,1517,1519,0.1388
2,1517,1519,0.1388
2,1514,1516,0.1388
2,1506,1508,0.1388
2,1514,1516,0.1388
2,1521,1523,0.1388
2,1518,1520,0.1388
2,1523,1525,0.1388
2,1525,1527,0.1388
2,1520,1522,0.1388
2,1516,1518,0.1388
2,1524,1526,0.1388
2,1515,1517,0.1388
2,1519,1521,0.1388
3,1515,1518,0.1388
3,1503,1506,0.1388
3,1499,1502,0.1388
3,1510,1513,0.1388
3,1509,1512,0.1388
3,1500,1503,0.1388
3,1496,1499,0.1388
3,1502,1505,0.1388
3,1521,1524,0.1388
3,1523,1526,0.1388
3,1517,1520,0.1388
3,1501,1504,0.1388
3,1510,1513,0.1388
3,1512,1515,0.1388
3,1520,1523,0.1388
3,1513,1516,0.1388
3,1503,1506,0.1388
3,1499,1502,0.1388
2,1510,1512,0.1388
2,1514,1516,0.1388
2,1515,1517,0.1388
2,1515,1517,0.1388
2,1512,1514,0.1388
2,1516,1518,0.1388
2,1512,1514,0.1388
2,1507,1509,0.1388
2,1509,1511,0.1388
2,1516,1518,0.1388
2,1515,1517,0.1388
2,1508,1510,0.1388
2,1518,1520,0.1388
2,1511,1513,0.1388
2,1518,1520,0.1388
2,1504,1506,0.1388
2,1515,1517,0.1388
2,1522,1524,0.1388
2,1516,1518,0.1388
2,1510,1512,0.1388
2,1516,1518,0.1388
2,1516,1518,0.1388
3,1508,1511,0.1388
3,1498,1501,0.1388
3,1514,1517,0.1388
3,1524,1527,0.1388
3,1534,1537,0.1388
3,1530,1533,0.1388
2,1527,1529,0.1388
2,1531,1533,0.1388
2,1527,1529,0.1388
2,1524,1526,0.1388
2,1509,1511,0.1388
3,1512,1515,0.1388
3,1514,1517,0.1388
3,1517,1520,0.1388
3,1517,1520,0.1388
3,1509,1512,0.1388
3,1495,1498,0.1388
3,1515,1518,0.1388
3,1523,1526,0.1388
3,1530,1533,0.1388
3,1521,1524,0.1388
3,1518,1521,0.1388
3,1501,1504,0.1388
3,1505,1508,0.1388
3,1512,1515,0.1388
3,1492,1495,0.1388
3,1488,1491,0.1388
3,1506,1509,0.1388
3,1515,1518,0.1388
3,1515,1518,0.1388
3,1527,1530,0.1388
3,1518,1521,0.1388
3,1511,1514,0.1388
3,1510,1513,0.1388
3,1514,1517,0.1388
3,1502,1505,0.1388
3,1498,1501,0.1388
4,1508,1512,0.1388
4,1499,1503,0.1388
4,1519,1523,0.1388
5,1509,1514,0.1388
5,1507,1512,0.1388
6,1511,1517,0.1388
6,1512,1518,0.1388
6,1503,1509,0.1388
6,1507,1513,0.1388
5,1496,1501,0.1388
4,1490,1494,0.1388
4,1501,1505,0.1388
4,1505,1509,0.1388
4,1510,1514,0.1388
4,1515,1519,0.1388
4,1517,1521,0.1388
4,1509,1513,0.1388
5,1520,1525,0.1388
5,1514,1519,0.1388
5,1510,1515,0.1388
4,1514,1518,0.1388
5,1518,1523,0.1388
5,1523,1528,0.1388
4,1526,1530,0.1388
4,1496,1500,0.1388
4,1501,1505,0.1388
4,1491,1495,0.1388
4,1490,1494,0.1388
4,1506,1510,0.1388
4,1516,1520,0.1388
4,1510,1514,0.1388
4,1513,1517,0.1388
5,1504,1509,0.1388
5,1514,1519,0.1388
5,1502,1507,0.1388
4,1513,1517,0.1388
3,1509,1512,0.1388
3,1516,1519,0.1388
3,1511,1514,0.1388
2,1514,1516,0.1388
2,1509,1511,0.1388
2,1509,1511,0.1388
2,1511,1513,0.1388
2,1503,1505,0.1388
2,1493,1495,0.1388
2,1509,1511,0.1388
2,1520,1522,0.1388
2,1523,1525,0.1388
3,1526,1529,0.1388
3,1523,1526,0.1388
3,1521,1524,0.1388
3,1524,1527,0.1388
3,1516,1519,0.1388
3,1513,1516,0.1388
3,1502,1505,0.1388
3,1502,1505,0.1388
3,1506,1509,0.1388
3,1510,1513,0.1388
3,1511,1514,0.1388
3,1514,1517,0.1388
2,1521,1523,0.1388
2,1525,1527,0.1388
2,1524,1526,0.1388
2,1521,1523,0.1388
3,1517,1520,0.1388
3,1510,1513,0.1388
3,1519,1522,0.1388
2,1512,1514,0.1388
3,1511,1514,0.1388
3,1508,1511,0.1388
3,1505,1508,0.1388
2,1511,1513,0.1388
2,1521,1523,0.1388
2,1513,1515,0.1388
3,1514,1517,0.1388
3,1515,1518,0.1388
3,1501,1504,0.1388
3,1503,1506,0.1388
3,1507,1510,0.1388
4,1516,1520,0.1388
5,1517,1522,0.1388
5,1524,1529,0.1388
5,1523,1528,0.1388
5,1530,1535,0.1388
5,1509,1514,0.1388
6,1509,1515,0.1388
6,1521,1527,0.1388
6,1516,1522,0.1388
6,1528,1534,0.1388
6,1515,1521,0.1388
6,1513,1519,0.1388
6,1520,1526,0.1388
6,1515,1521,0.1388
5,1501,1506,0.1388
5,1497,1502,0.1388
5,1502,1507,0.1388
4,1500,1504,0.1388
4,1505,1509,0.1388
4,1521,1525,0.1388
4,1511,1515,0.1388
4,1512,1516,0.1388
4,1519,1523,0.1388
5,1505,1510,0.1388
5,1500,1505,0.1388
5,1501,1506,0.1388
5,1502,1507,0.1388
5,1512,1517,0.1388
5,1513,1518,0.1388
4,1509,1513,0.1388
4,1516,1520,0.1388
4,1519,1523,0.1388
4,1506,1510,0.1388
4,1510,1514,0.1388
3,1515,1518,0.1388
3,1514,1517,0.1388
3,1509,1512,0.1388
4,1505,1509,0.1388
4,1513,1517,0.1388
3,1518,1521,0.1388
3,1525,1528,0.1388
3,1527,1530,0.1388
3,1531,1534,0.1388
3,1518,1521,0.1388
3,1519,1522,0.1388
3,1513,1516,0.1388
3,1511,1514,0.1388
3,1507,1510,0.1388
2,1517,1519,0.1388
2,1502,1504,0.1388
2,1512,1514,0.1388
2,1512,1514,0.1388
2,1525,1527,0.1388
3,1504,1507,0.1388
3,1522,1525,0.1388
3,1513,1516,0.1388
3,1515,1518,0.1388
3,1510,1513,0.1388
3,1514,1517,0.1388
3,1520,1523,0.1388
2,1513,1515,0.1388
3,1500,1503,0.1388
3,1528,1531,0.1388
3,1515,1518,0.1388
3,1521,1524,0.1388
3,1521,1524,0.1388
3,1509,1512,0.1388
3,1513,1516,0.1388
3,1525,1528,0.1388
4,1520,1524,0.1388
4,1504,1508,0.1388
4,1493,1497,0.1388
4,1504,1508,0.1388
4,1511,1515,0.1388
4,1513,1517,0.1388
4,1518,1522,0.1388
4,1509,1513,0.1388
4,1505,1509,0.1388
4,1512,1516,0.1388
4,1514,1518,0.1388
4,1498,1502,0.1388
4,1509,1513,0.1388
4,1504,1508,0.1388
4,1499,1503,0.1388
3,1514,1517,0.1388
4,1516,1520,0.1388
4,1499,1503,0.1388
4,1517,1521,0.1388
4,1518,1522,0.1388
4,1510,1514,0.1388
4,1511,1515,0.1388
4,1518,1522,0.1388
5,1514,1519,0.1388
5,1502,1507,0.1388
5,1506,1511,0.1388
5,1508,1513,0.1388
5,1520,1525,0.1388
5,1524,1529,0.1388
5,1519,1524,0.1388
7,1512,1519,0.1388
7,1506,1513,0.1388
7,1517,1524,0.1388
8,1514,1522,0.1388
6,1507,1513,0.1388
6,1515,1521,0.1388
8,1510,1518,0.1388
8,1501,1509,0.1388
9,1507,1516,0.1388
9,1491,1500,0.1388
10,1494,1504,0.1388
10,1507,1517,0.1388
9,1509,1518,0.1388
9,1504,1513,0.1388
9,1516,1525,0.1388
9,1512,1521,0.1388
9,1512,1521,0.1388
9,1515,1524,0.1388
10,1519,1529,0.1388
10,1518,1528,0.1388
10,1511,1521,0.1388
10,1509,1519,0.1388
11,1511,1522,0.1388
11,1501,1512,0.1388
11,1512,1523,0.1388
11,1516,1527,0.1388
13,1515,1528,0.1388
13,1514,1527,0.1388
12,1500,1512,0.1388
12,1503,1515,0.1388
11,1497,1508,0.1388
11,1496,1507,0.1388
10,1501,1511,0.1388
10,1500,1510,0.1388
8,1498,1506,0.1388
9,1506,1515,0.1388
9,1515,1524,0.1388
9,1508,1517,0.1388
8,1506,1514,0.1388
8,1500,1508,0.1388
8,1506,1514,0.1388
8,1513,1521,0.1388
7,1515,1522,0.1388
7,1512,1519,0.1388
8,1516,1524,0.1388
9,1507,1516,0.1388
8,1513,1521,0.1388
8,1499,1507,0.1388
8,1505,1513,0.1388
7,1506,1513,0.1388
7,1501,1508,0.1388
7,1502,1509,0.1388
7,1508,1515,0.1388
7,1501,1508,0.1388
7,1510,1517,0.1388
6,1520,1526,0.1388
6,1510,1516,0.1388
6,1512,1518,0.1388
7,1510,1517,0.1388
7,1496,1503,0.1388
7,1507,1514,0.1388
7,1502,1509,0.1388
7,1507,1514,0.1388
5,1510,1515,0.1388
5,1521,1526,0.1388
6,1526,1532,0.1388
6,1514,1520,0.1388
5,1510,1515,0.1388
5,1498,1503,0.1388
5,1511,1516,0.1388
5,1512,1517,0.1388
5,1495,1500,0.1388
5,1490,1495,0.1388
6,1490,1496,0.1388
6,1489,1495,0.1388
6,1504,1510,0.1388
5,1519,1524,0.1388
5,1519,1524,0.1388
5,1505,1510,0.1388
5,1502,1507,0.1388
5,1518,1523,0.1388
4,1516,1520,0.1388
5,1514,1519,0.1388
5,1504,1509,0.1388
5,1513,1518,0.1388
5,1507,1512,0.1388
5,1524,1529,0.1388
5,1524,1529,0.1388
6,1519,1525,0.1388
6,1505,1511,0.1388
6,1514,1520,0.1388
6,1517,1523,0.1388
6,1524,1530,0.1388
6,1531,1537,0.1388
6,1523,1529,0.1388
6,1521,1527,0.1388
6,1520,1526,0.1388
6,1502,1508,0.1388
6,1499,1505,0.1388
6,1497,1503,0.1388
6,1503,1509,0.1388
6,1506,1512,0.1388
6,1500,1506,0.1388
6,1503,1509,0.1388
6,1517,1523,0.1388
6,1509,1515,0.1388
6,1491,1497,0.1388
6,1492,1498,0.1388
6,1491,1497,0.1388
6,1499,1505,0.1388
6,1503,1509,0.1388
6,1507,1513,0.1388
6,1512,1518,0.1388
6,1515,1521,0.1388
6,1522,1528,0.1388
6,1515,1521,0.1388
6,1508,1514,0.1388
6,1499,1505,0.1388
6,1509,1515,0.1388
6,1512,1518,0.1388
7,1503,1510,0.1388
7,1507,1514,0.1388
7,1524,1531,0.1388
7,1518,1525,0.1388
7,1523,1530,0.1388
7,1532,1539,0.1388
7,1525,1532,0.1388
7,1515,1522,0.1388
7,1518,1525,0.1388
6,1524,1530,0.1388
6,1527,1533,0.1388
6,1520,1526,0.1388
6,1529,1535,0.1388
6,1514,1520,0.1388
6,1519,1525,0.1388
6,1519,1525,0.1388
6,1501,1507,0.1388
6,1497,1503,0.1388
6,1499,1505,0.1388
6,1508,1514,0.1388
6,1491,1497,0.1388
5,1498,1503,0.1388
5,1500,1505,0.1388
4,1496,1500,0.1388
4,1505,1509,0.1388
4,1511,1515,0.1388
4,1510,1514,0.1388
4,1499,1503,0.1388
3,1506,1509,0.1388
3,1514,1517,0.1388
3,1506,1509,0.1388
3,1519,1522,0.1388
3,1517,1520,0.1388
3,1516,1519,0.1388
3,1529,1532,0.1388
3,1521,1524,0.1388
3,1520,1523,0.1388
3,1526,1529,0.1388
3,1514,1517,0.1388
3,1511,1514,0.1388
3,1520,1523,0.1388
3,1511,1514,0.1388
3,1520,1523,0.1388
3,1519,1522,0.1388
3,1528,1531,0.1388
3,1531,1534,0.1388
2,1517,1519,0.1388
2,1525,1527,0.1388
2,1510,1512,0.1388
2,1506,1508,0.1388
2,1502,1504,0.1388
2,1503,1505,0.1388
2,1521,1523,0.1388
2,1531,1533,0.1388
2,1513,1515,0.1388
2,1520,1522,0.1388
2,1524,1526,0.1388
2,1517,1519,0.1388
2,1511,1513,0.1388
2,1506,1508,0.1388
3,1508,1511,0.1388
4,1512,1516,0.1388
4,1518,1522,0.1388
4,1495,1499,0.1388
4,1513,1517,0.1388
4,1522,1526,0.1388
4,1517,1521,0.1388
4,1507,1511,0.1388
5,1511,1516,0.1388
5,1500,1505,0.1388
6,1508,1514,0.1388
6,1514,1520,0.1388
6,1523,1529,0.1388
6,1520,1526,0.1388
6,1526,1532,0.1388
6,1525,1531,0.1388
6,1511,1517,0.1388
6,1505,1511,0.1388
6,1501,1507,0.1388
6,1495,1501,0.1388
6,1501,1507,0.1388
6,1514,1520,0.1388
6,1507,1513,0.1388
5,1510,1515,0.1388
5,1506,1511,0.1388
6,1504,1510,0.1388
6,1506,1512,0.1388
6,1514,1520,0.1388
6,1511,1517,0.1388
6,1512,1518,0.1388
6,1521,1527,0.1388
6,1516,1522,0.1388
5,1513,1518,0.1388
4,1518,1522,0.1388
5,1519,1524,0.1388
5,1507,1512,0.1388
5,1512,1517,0.1388
5,1505,1510,0.1388
5,1512,1517,0.1388
5,1523,1528,0.1388
5,1514,1519,0.1388
5,1511,1516,0.1388
6,1513,1519,0.1388
6,1514,1520,0.1388
6,1520,1526,0.1388
6,1515,1521,0.1388
6,1524,1530,0.1388
6,1528,1534,0.1388
6,1520,1526,0.1388
6,1518,1524,0.1388
5,1507,1512,0.1388
5,1511,1516,0.1388
5,1519,1524,0.1388
6,1515,1521,0.1388
6,1511,1517,0.1388
6,1502,1508,0.1388
6,1498,1504,0.1388
7,1508,1515,0.1388
7,1493,1500,0.1388
7,1496,1503,0.1388
7,1506,1513,0.1388
7,1517,1524,0.1388
8,1510,1518,0.1388
7,1501,1508,0.1388
7,1510,1517,0.1388
7,1507,1514,0.1388
6,1505,1511,0.1388
6,1510,1516,0.1388
7,1515,1522,0.1388
8,1507,1515,0.1388
7,1507,1514,0.1388
9,1490,1499,0.1388
8,1512,1520,0.1388
10,1508,1518,0.1388
10,1499,1509,0.1388
10,1494,1504,0.1388
10,1498,1508,0.1388
9,1495,1504,0.1388
10,1500,1510,0.1388
9,1508,1517,0.1388
10,1512,1522,0.1388
10,1507,1517,0.1388
10,1507,1517,0.1388
10,1518,1528,0.1388
10,1519,1529,0.1388
9,1518,1527,0.1388
9,1508,1517,0.1388
9,1514,1523,0.1388
9,1518,1527,0.1388
10,1511,1521,0.1388
10,1509,1519,0.1388
10,1515,1525,0.1388
10,1501,1511,0.1388
10,1501,1511,0.1388
10,1506,1516,0.1388
10,1507,1517,0.1388
10,1500,1510,0.1388
10,1494,1504,0.1388
9,1494,1503,0.1388
9,1486,1495,0.1388
9,1498,1507,0.1388
10,1511,1521,0.1388
11,1501,1512,0.1388
11,1498,1509,0.1388
11,1507,1518,0.1388
10,1493,1503,0.1388
9,1502,1511,0.1388
9,1511,1520,0.1388
9,1504,1513,0.1388
9,1516,1525,0.1388
9,1522,1531,0.1388
8,1529,1537,0.1388
8,1522,1530,0.1388
8,1523,1531,0.1388
8,1508,1516,0.1388
8,1503,1511,0.1388
8,1509,1517,0.1388
8,1503,1511,0.1388
8,1502,1510,0.1388
9,1519,1528,0.1388
10,1510,1520,0.1388
10,1512,1522,0.1388
10,1509,1519,0.1388
10,1509,1519,0.1388
10,1506,1516,0.1388
9,1500,1509,0.1388
9,1499,1508,0.1388
9,1515,1524,0.1388
7,1514,1521,0.1388
7,1511,1518,0.1388
7,1510,1517,0.1388
8,1501,1509,0.1388
9,1512,1521,0.1388
10,1517,1527,0.1388
10,1516,1526,0.1388
9,1505,1514,0.1388
10,1502,1512,0.1388
9,1508,1517,0.1388
10,1516,1526,0.1388
10,1511,1521,0.1388
10,1499,1509,0.1388
10,1492,1502,0.1388
8,1488,1496,0.1388
9,1488,1497,0.1388
9,1493,1502,0.1388
9,1506,1515,0.1388
9,1507,1516,0.1388
9,1505,1514,0.1388
10,1507,1517,0.1388
10,1501,1511,0.1388
9,1503,1512,0.1388
9,1500,1509,0.1388
9,1496,1505,0.1388
9,1496,1505,0.1388
9,1501,1510,0.1388
9,1499,1508,0.1388
9,1508,1517,0.1388
9,1511,1520,0.1388
9,1514,1523,0.1388
9,1513,1522,0.1388
9,1514,1523,0.1388
10,1518,1528,0.1388
10,1522,1532,0.1388
10,1527,1537,0.1388
10,1526,1536,0.1388
9,1525,1534,0.1388
9,1521,1530,0.1388
9,1508,1517,0.1388
9,1510,1519,0.1388
9,1510,1519,0.1388
9,1515,1524,0.1388
9,1503,1512,0.1388
9,1494,1503,0.1388
10,1494,1504,0.1388
10,1489,1499,0.1388
10,1492,1502,0.1388
9,1507,1516,0.1388
9,1512,1521,0.1388
9,1508,1517,0.1388
9,1511,1520,0.1388
9,1514,1523,0.1388
8,1522,1530,0.1388
9,1516,1525,0.1388
9,1515,1524,0.1388
9,1511,1520,0.1388
11,1517,1528,0.1388
10,1517,1527,0.1388
10,1516,1526,0.1388
9,1511,1520,0.1388
11,1510,1521,0.1388
12,1498,1510,0.1388
12,1501,1513,0.1388
12,1499,1511,0.1388
12,1496,1508,0.1388
12,1506,1518,0.1388
11,1496,1507,0.1388
10,1496,1506,0.1388
10,1494,1504,0.1388
10,1502,1512,0.1388
10,1506,1516,0.1388
10,1501,1511,0.1388
10,1501,1511,0.1388
10,1497,1507,0.1388
10,1491,1501,0.1388
11,1493,1504,0.1388
12,1503,1515,0.1388
11,1502,1513,0.1388
10,1498,1508,0.1388
11,1510,1521,0.1388
11,1510,1521,0.1388
11,1506,1517,0.1388
11,1510,1521,0.1388
11,1505,1516,0.1388
11,1508,1519,0.1388
11,1513,1524,0.1388
11,1498,1509,0.1388
10,1514,1524,0.1388
8,1522,1530,0.1388
9,1514,1523,0.1388
9,1523,1532,0.1388
9,1514,1523,0.1388
9,1518,1527,0.1388
10,1499,1509,0.1388
9,1496,1505,0.1388
9,1495,1504,0.1388
9,1508,1517,0.1388
9,1506,1515,0.1388
10,1491,1501,0.1388
10,1504,1514,0.1388
10,1506,1516,0.1388
10,1512,1522,0.1388
10,1519,1529,0.1388
9,1503,1512,0.1388
9,1504,1513,0.1388
8,1503,1511,0.1388
10,1521,1531,0.1388
10,1510,1520,0.1388
10,1506,1516,0.1388
8,1506,1514,0.1388
8,1515,1523,0.1388
7,1504,1511,0.1388
7,1504,1511,0.1388
8,1519,1527,0.1388
9,1519,1528,0.1388
9,1504,1513,0.1388
9,1498,1507,0.1388
8,1502,1510,0.1388
9,1507,1516,0.1388
10,1501,1511,0.1388
10,1507,1517,0.1388
11,1507,1518,0.1388
12,1504,1516,0.1388
13,1493,1506,0.1388
13,1502,1515,0.1388
13,1520,1533,0.1388
13,1515,1528,0.1388
14,1501,1515,0.1388
15,1497,1512,0.1388
15,1507,1522,0.1388
15,1505,1520,0.1388
14,1508,1522,0.1388
14,1496,1510,0.1388
14,1497,1511,0.1388
14,1488,1502,0.1388
14,1495,1509,0.1388
13,1489,1502,0.1388
13,1494,1507,0.1388
12,1509,1521,0.1388
11,1514,1525,0.1388
12,1520,1532,0.1388
11,1498,1509,0.1388
11,1517,1528,0.1388
11,1503,1514,0.1388
10,1513,1523,0.1388
10,1514,1524,0.1388
9,1520,1529,0.1388
9,1513,1522,0.1388
10,1506,1516,0.1388
10,1510,1520,0.1388
11,1511,1522,0.1388
11,1514,1525,0.1388
11,1516,1527,0.1388
11,1500,1511,0.1388
11,1500,1511,0.1388
10,1489,1499,0.1388
10,1485,1495,0.1388
10,1495,1505,0.1388
9,1508,1517,0.1388
9,1503,1512,0.1388
9,1503,1512,0.1388
9,1492,1501,0.1388
9,1507,1516,0.1388
10,1503,1513,0.1388
10,1509,1519,0.1388
9,1508,1517,0.1388
9,1513,1522,0.1388
9,1510,1519,0.1388
9,1512,1521,0.1388
8,1501,1509,0.1388
9,1507,1516,0.1388
9,1508,1517,0.1388
10,1502,1512,0.1388
11,1507,1518,0.1388
11,1493,1504,0.1388
10,1506,1516,0.1388
10,1499,1509,0.1388
10,1500,1510,0.1388
10,1504,1514,0.1388
10,1505,1515,0.1388
10,1508,1518,0.1388
12,1511,1523,0.1388
12,1493,1505,0.1388
12,1495,1507,0.1388
12,1491,1503,0.1388
13,1498,1511,0.1388
13,1502,1515,0.1388
14,1508,1522,0.1388
14,1492,1506,0.1388
14,1498,1512,0.1388
14,1499,1513,0.1388
15,1511,1526,0.1388
15,1517,1532,0.1388
15,1507,1522,0.1388
16,1512,1528,0.1388
15,1505,1520,0.1388
15,1492,1507,0.1388
15,1502,1517,0.1388
15,1500,1515,0.1388
13,1499,1512,0.1388
14,1504,1518,0.1388
14,1512,1526,0.1388
14,1512,1526,0.1388
15,1504,1519,0.1388
16,1506,1522,0.1388
16,1501,1517,0.1388
15,1504,1519,0.1388
15,1490,1505,0.1388
17,1483,1500,0.1388
17,1471,1488,0.1388
17,1458,1475,0.1388
18,1468,1486,0.1388
18,1479,1497,0.1388
21,1494,1515,0.1388
21,1489,1510,0.1388
22,1497,1519,0.1388
21,1497,1518,0.1388
22,1489,1511,0.1388
22,1496,1518,0.1388
21,1497,1518,0.1388
20,1493,1513,0.1388
21,1494,1515,0.1388
22,1490,1512,0.1388
21,1493,1514,0.1388
20,1497,1517,0.1388
20,1502,1522,0.1388
19,1516,1535,0.1388
19,1510,1529,0.1388
20,1501,1521,0.1388
20,1487,1507,0.1388
20,1478,1498,0.1388
19,1479,1498,0.1388
20,1472,1492,0.1388
22,1489,1511,0.1388
21,1488,1509,0.1388
21,1486,1507,0.1388
20,1505,1525,0.1388
18,1500,1518,0.1388
16,1496,1512,0.1388
17,1495,1512,0.1388
17,1498,1515,0.1388
17,1498,1515,0.1388
17,1495,1512,0.1388
17,1498,1515,0.1388
18,1504,1522,0.1388
17,1500,1517,0.1388
18,1499,1517,0.1388
18,1503,1521,0.1388
18,1509,1527,0.1388
17,1492,1509,0.1388
18,1494,1512,0.1388
18,1505,1523,0.1388
18,1498,1516,0.1388
18,1501,1519,0.1388
18,1501,1519,0.1388
16,1497,1513,0.1388
16,1488,1504,0.1388
14,1486,1500,0.1388
17,1502,1519,0.1388
17,1496,1513,0.1388
18,1504,1522,0.1388
18,1495,1513,0.1388
17,1498,1515,0.1388
17,1515,1532,0.1388
18,1522,1540,0.1388
18,1515,1533,0.1388
18,1505,1523,0.1388
18,1508,1526,0.1388
18,1496,1514,0.1388
18,1495,1513,0.1388
18,1503,1521,0.1388
18,1510,1528,0.1388
17,1503,1520,0.1388
15,1503,1518,0.1388
14,1508,1522,0.1388
14,1502,1516,0.1388
14,1503,1517,0.1388
14,1504,1518,0.1388
14,1499,1513,0.1388
13,1505,1518,0.1388
12,1497,1509,0.1388
13,1501,1514,0.1388
13,1499,1512,0.1388
13,1491,1504,0.1388
12,1503,1515,0.1388
11,1506,1517,0.1388
11,1506,1517,0.1388
9,1505,1514,0.1388
9,1507,1516,0.1388
9,1513,1522,0.1388
9,1510,1519,0.1388
9,1504,1513,0.1388
9,1504,1513,0.1388
9,1507,1516,0.1388
11,1504,1515,0.1388
11,1515,1526,0.1388
11,1520,1531,0.1388
11,1515,1526,0.1388
11,1510,1521,0.1388
11,1522,1533,0.1388
11,1509,1520,0.1388
11,1507,1518,0.1388
11,1496,1507,0.1388
11,1506,1517,0.1388
11,1506,1517,0.1388
11,1500,1511,0.1388
11,1490,1501,0.1388
12,1506,1518,0.1388
12,1505,1517,0.1388
10,1496,1506,0.1388
10,1497,1507,0.1388
10,1502,1512,0.1388
9,1503,1512,0.1388
9,1497,1506,0.1388
9,1498,1507,0.1388
9,1501,1510,0.1388
9,1502,1511,0.1388
9,1513,1522,0.1388
9,1508,1517,0.1388
8,1516,1524,0.1388
8,1505,1513,0.1388
7,1504,1511,0.1388
8,1497,1505,0.1388
8,1504,1512,0.1388
8,1495,1503,0.1388
8,1502,1510,0.1388
7,1491,1498,0.1388
6,1506,1512,0.1388
6,1524,1530,0.1388
6,1522,1528,0.1388
7,1517,1524,0.1388
7,1511,1518,0.1388
7,1497,1504,0.1388
7,1491,1498,0.1388
7,1503,1510,0.1388
7,1507,1514,0.1388
7,1521,1528,0.1388
7,1525,1532,0.1388
6,1524,1530,0.1388
6,1519,1525,0.1388
5,1506,1511,0.1388
5,1514,1519,0.1388
5,1511,1516,0.1388
5,1508,1513,0.1388
5,1508,1513,0.1388
5,1502,1507,0.1388
5,1509,1514,0.1388
4,1522,1526,0.1388
3,1513,1516,0.1388
4,1515,1519,0.1388
4,1508,1512,0.1388
4,1517,1521,0.1388
4,1514,1518,0.1388
4,1520,1524,0.1388
4,1509,1513,0.1388
4,1514,1518,0.1388
4,1518,1522,0.1388
4,1521,1525,0.1388
5,1511,1516,0.1388
4,1510,1514,0.1388
4,1518,1522,0.1388
4,1523,1527,0.1388
4,1510,1514,0.1388
4,1512,1516,0.1388
4,1505,1509,0.1388
4,1496,1500,0.1388
5,1488,1493,0.1388
5,1491,1496,0.1388
5,1488,1493,0.1388
5,1502,1507,0.1388
5,1519,1524,0.1388
5,1516,1521,0.1388
4,1527,1531,0.1388
4,1529,1533,0.1388
4,1534,1538,0.1388
4,1529,1533,0.1388
4,1520,1524,0.1388
4,1521,1525,0.1388
4,1515,1519,0.1388
4,1518,1522,0.1388
4,1520,1524,0.1388
4,1509,1513,0.1388
4,1521,1525,0.1388
4,1520,1524,0.1388
4,1512,1516,0.1388
4,1507,1511,0.1388
4,1519,1523,0.1388
3,1516,1519,0.1388
3,1518,1521,0.1388
3,1514,1517,0.1388
3,1533,1536,0.1388
3,1529,1532,0.1388
4,1519,1523,0.1388
4,1513,1517,0.1388
4,1531,1535,0.1388
4,1527,1531,0.1388
5,1529,1534,0.1388
5,1529,1534,0.1388
5,1525,1530,0.1388
5,1525,1530,0.1388
5,1514,1519,0.1388
4,1518,1522,0.1388
4,1507,1511,0.1388
4,1520,1524,0.1388
4,1509,1513,0.1388
4,1526,1530,0.1388
4,1527,1531,0.1388
3,1530,1533,0.1388
2,1527,1529,0.1388
2,1531,1533,0.1388
2,1537,1539,0.1388
2,1529,1531,0.1388
2,1522,1524,0.1388
2,1519,1521,0.1388
2,1515,1517,0.1388
2,1519,1521,0.1388
2,1527,1529,0.1388
2,1523,1525,0.1388
2,1533,1535,0.1388
2,1531,1533,0.1388
2,1518,1520,0.1388
2,1520,1522,0.1388
2,1513,1515,0.1388
2,1518,1520,0.1388
2,1521,1523,0.1388
2,1504,1506,0.1388
2,1509,1511,0.1388
2,1513,1515,0.1388
2,1505,1507,0.1388
2,1510,1512,0.1388
2,1514,1516,0.1388
2,1508,1510,0.1388
2,1501,1503,0.1388
2,1502,1504,0.1388
2,1515,1517,0.1388
2,1532,1534,0.1388
2,1517,1519,0.1388
2,1528,1530,0.1388
2,1512,1514,0.1388
2,1519,1521,0.1388
2,1519,1521,0.1388
3,1523,1526,0.1388
3,1520,1523,0.1388
3,1516,1519,0.1388
3,1515,1518,0.1388
3,1527,1530,0.1388
3,1523,1526,0.1388
3,1526,1529,0.1388
3,1522,1525,0.1388
3,1513,1516,0.1388
3,1513,1516,0.1388
3,1521,1524,0.1388
3,1514,1517,0.1388
3,1525,1528,0.1388
3,1526,1529,0.1388
3,1529,1532,0.1388
3,1515,1518,0.1388
3,1511,1514,0.1388
3,1523,1526,0.1388
3,1513,1516,0.1388
3,1513,1516,0.1388
3,1520,1523,0.1388
3,1534,1537,0.1388
3,1514,1517,0.1388
3,1519,1522,0.1388
2,1516,1518,0.1388
2,1518,1520,0.1388
2,1517,1519,0.1388
2,1531,1533,0.1388
2,1515,1517,0.1388
2,1519,1521,0.1388
2,1508,1510,0.1388
2,1527,1529,0.1388
2,1520,1522,0.1388
2,1525,1527,0.1388
2,1522,1524,0.1388
1,1523,1524,0.1388
2,1522,1524,0.1388
1,1517,1518,0.1388
2,1513,1515,0.1388
2,1506,1508,0.1388
2,1498,1500,0.1388
2,1491,1493,0.1388
2,1499,1501,0.1388
2,1495,1497,0.1388
2,1499,1501,0.1388
1,1503,1504,0.1388
1,1516,1517,0.1388
1,1518,1519,0.1388
1,1516,1517,0.1388
1,1514,1515,0.1388
1,1527,1528,0.1388
1,1525,1526,0.1388
1,1515,1516,0.1388
1,1516,1517,0.1388
1,1500,1501,0.1388
1,1496,1497,0.1388
1,1497,1498,0.1388
1,1499,1500,0.1388
1,1500,1501,0.1388
1,1501,1502,0.1388
1,1497,1498,0.1388
1,1510,1511,0.1388
1,1498,1499,0.1388
1,1505,1506,0.1388
1,1508,1509,0.1388
1,1523,1524,0.1388
1,1533,1534,0.1388
1,1521,1522,0.1388
1,1528,1529,0.1388
1,1517,1518,0.1388
1,1524,1525,0.1388
1,1526,1527,0.1388
1,1528,1529,0.1388
1,1522,1523,0.1388
1,1523,1524,0.1388
1,1517,1518,0.1388
1,1519,1520,0.1388
1,1529,1530,0.1388
1,1523,1524,0.1388
1,1529,1530,0.1388
1,1532,1533,0.1388
1,1531,1532,0.1388
1,1530,1531,0.1388
1,1525,1526,0.1388
1,1523,1524,0.1388
1,1508,1509,0.1388
1,1503,1504,0.1388
1,1517,1518,0.1388
1,1511,1512,0.1388
1,1524,1525,0.1388
1,1508,1509,0.1388
1,1527,1528,0.1388
1,1530,1531,0.1388
1,1526,1527,0.1388
1,1528,1529,0.1388
1,1519,1520,0.1388
1,1520,1521,0.1388
1,1520,1521,0.1388
1,1518,1519,0.1388
1,1515,1516,0.1388
1,1521,1522,0.1388
1,1516,1517,0.1388
1,1521,1522,0.1388
1,1526,1527,0.1388
1,1521,1522,0.1388
1,1512,1513,0.1388
1,1511,1512,0.1388
1,1516,1517,0.1388
1,1522,1523,0.1388
1,1526,1527,0.1388
1,1535,1536,0.1388
1,1525,1526,0.1388
1,1519,1520,0.1388
1,1522,1523,0.1388
1,1521,1522,0.1388
1,1510,1511,0.1388
1,1506,1507,0.1388
1,1510,1511,0.1388
1,1511,1512,0.1388
1,1512,1513,0.1388
1,1512,1513,0.1388
1,1511,1512,0.1388
1,1502,1503,0.1388
1,1507,1508,0.1388
1,1504,1505,0.1388
1,1510,1511,0.1388
1,1511,1512,0.1388
1,1501,1502,0.1388
1,1513,1514,0.1388
1,1514,1515,0.1388
1,1505,1506,0.1388
1,1512,1513,0.1388
1,1502,1503,0.1388
1,1513,1514,0.1388
1,1512,1513,0.1388
1,1518,1519,0.1388
1,1523,1524,0.1388
1,1520,1521,0.1388
1,1529,1530,0.1388
1,1522,1523,0.1388
1,1530,1531,0.1388
1,1522,1523,0.1388
1,1515,1516,0.1388
1,1516,1517,0.1388
1,1516,1517,0.1388
1,1526,1527,0.1388
1,1515,1516,0.1388
1,1511,1512,0.1388
1,1519,1520,0.1388
1,1510,1511,0.1388
1,1517,1518,0.1388
1,1520,1521,0.1388
1,1514,1515,0.1388
1,1512,1513,0.1388
1,1511,1512,0.1388
1,1521,1522,0.1388
1,1530,1531,0.1388
1,1520,1521,0.1388
1,1524,1525,0.1388
1,1522,1523,0.1388
1,1501,1502,0.1388
1,1494,1495,0.1388
1,1495,1496,0.1388
1,1505,1506,0.1388
1,1503,1504,0.1388
1,1506,1507,0.1388
1,1504,1505,0.1388
1,1515,1516,0.1388
1,1500,1501,0.1388
1,1505,1506,0.1388
1,1525,1526,0.1388
1,1527,1528,0.1388
0,1529,1529,0.1388
