1370,33,1403,0.1388
1398,36,1434,0.1388
1410,38,1448,0.1388
1439,37,1476,0.1388
1447,40,1487,0.1388
1448,39,1487,0.1388
1446,41,1487,0.1388
1449,41,1490,0.1388
1452,41,1493,0.1388
1464,42,1506,0.1388
1454,40,1494,0.1388
1448,41,1489,0.1388
1443,40,1483,0.1388
1441,40,1481,0.1388
1438,43,1481,0.1388
1436,44,1480,0.1388
1439,44,1483,0.1388
1441,46,1487,0.1388
1427,47,1474,0.1388
1443,48,1491,0.1388
1451,47,1498,0.1388
1445,44,1489,0.1388
1431,43,1474,0.1388
1431,44,1475,0.1388
1433,42,1475,0.1388
1444,45,1489,0.1388
1430,47,1477,0.1388
1432,48,1480,0.1388
1427,52,1479,0.1388
1421,50,1471,0.1388
1418,51,1469,0.1388
1423,51,1474,0.1388
1429,53,1482,0.1388
1434,55,1489,0.1388
1424,54,1478,0.1388
1442,51,1493,0.1388
1441,50,1491,0.1388
1440,49,1489,0.1388
1450,47,1497,0.1388
1448,48,1496,0.1388
1447,48,1495,0.1388
1451,46,1497,0.1388
1445,45,1490,0.1388
1454,45,1499,0.1388
1463,43,1506,0.1388
1452,44,1496,0.1388
1441,43,1484,0.1388
1437,44,1481,0.1388
1432,43,1475,0.1388
1428,47,1475,0.1388
1427,49,1476,0.1388
1432,49,1481,0.1388
1433,46,1479,0.1388
1436,47,1483,0.1388
1449,47,1496,0.1388
1449,47,1496,0.1388
1448,47,1495,0.1388
1449,50,1499,0.1388
1451,51,1502,0.1388
1439,52,1491,0.1388
1441,52,1493,0.1388
1451,54,1505,0.1388
1450,57,1507,0.1388
1448,57,1505,0.1388
1438,56,1494,0.1388
1439,59,1498,0.1388
1439,58,1497,0.1388
1435,57,1492,0.1388
1439,57,1496,0.1388
1420,55,1475,0.1388
1417,56,1473,0.1388
1420,52,1472,0.1388
1428,52,1480,0.1388
1438,52,1490,0.1388
1437,52,1489,0.1388
1445,52,1497,0.1388
1448,49,1497,0.1388
1461,48,1509,0.1388
1459,47,1506,0.1388
1443,45,1488,0.1388
1446,46,1492,0.1388
1443,46,1489,0.1388
1439,45,1484,0.1388
1436,44,1480,0.1388
1432,46,1478,0.1388
1423,46,1469,0.1388
1419,47,1466,0.1388
1420,46,1466,0.1388
1431,46,1477,0.1388
1437,50,1487,0.1388
1443,52,1495,0.1388
1444,53,1497,0.1388
1441,50,1491,0.1388
1440,49,1489,0.1388
1432,50,1482,0.1388
1429,51,1480,0.1388
1428,53,1481,0.1388
1416,53,1469,0.1388
1412,59,1471,0.1388
1418,60,1478,0.1388
1429,57,1486,0.1388
1430,57,1487,0.1388
1422,58,1480,0.1388
1420,59,1479,0.1388
1420,60,1480,0.1388
1431,59,1490,0.1388
1427,58,1485,0.1388
1419,60,1479,0.1388
1423,62,1485,0.1388
1412,66,1478,0.1388
1407,66,1473,0.1388
1412,68,1480,0.1388
1416,69,1485,0.1388
1412,68,1480,0.1388
1414,69,1483,0.1388
1416,71,1487,0.1388
1421,75,1496,0.1388
1422,75,1497,0.1388
1445,74,1519,0.1388
1440,77,1517,0.1388
1448,75,1523,0.1388
1436,75,1511,0.1388
1431,75,1506,0.1388
1449,73,1522,0.1388
1439,74,1513,0.1388
1432,79,1511,0.1388
1440,78,1518,0.1388
1429,79,1508,0.1388
1424,79,1503,0.1388
1421,79,1500,0.1388
1420,79,1499,0.1388
1410,80,1490,0.1388
1416,78,1494,0.1388
1422,75,1497,0.1388
1412,80,1492,0.1388
1412,83,1495,0.1388
1403,84,1487,0.1388
1406,84,1490,0.1388
1400,86,1486,0.1388
1399,89,1488,0.1388
1400,85,1485,0.1388
1392,89,1481,0.1388
1392,86,1478,0.1388
1401,87,1488,0.1388
1399,88,1487,0.1388
1400,87,1487,0.1388
1396,89,1485,0.1388
1400,89,1489,0.1388
1414,91,1505,0.1388
1420,89,1509,0.1388
1406,94,1500,0.1388
1404,95,1499,0.1388
1401,99,1500,0.1388
1396,98,1494,0.1388
1403,97,1500,0.1388
1403,98,1501,0.1388
1410,98,1508,0.1388
1410,99,1509,0.1388
1411,100,1511,0.1388
1395,98,1493,0.1388
1395,102,1497,0.1388
1401,101,1502,0.1388
1398,102,1500,0.1388
1400,101,1501,0.1388
1384,104,1488,0.1388
1382,102,1484,0.1388
1387,107,1494,0.1388
1390,112,1502,0.1388
1383,109,1492,0.1388
1386,109,1495,0.1388
1388,108,1496,0.1388
1390,106,1496,0.1388
1391,105,1496,0.1388
1386,107,1493,0.1388
1389,108,1497,0.1388
1386,111,1497,0.1388
1381,112,1493,0.1388
1394,109,1503,0.1388
1389,112,1501,0.1388
1381,112,1493,0.1388
1379,114,1493,0.1388
1384,114,1498,0.1388
1388,110,1498,0.1388
1376,114,1490,0.1388
1379,113,1492,0.1388
1388,115,1503,0.1388
1381,115,1496,0.1388
1373,116,1489,0.1388
1369,120,1489,0.1388
1366,116,1482,0.1388
1366,120,1486,0.1388
1377,123,1500,0.1388
1377,126,1503,0.1388
1387,124,1511,0.1388
1379,124,1503,0.1388
1383,123,1506,0.1388
1388,124,1512,0.1388
1384,123,1507,0.1388
1376,122,1498,0.1388
1372,120,1492,0.1388
1375,116,1491,0.1388
1376,117,1493,0.1388
1378,114,1492,0.1388
1380,112,1492,0.1388
1379,114,1493,0.1388
1377,115,1492,0.1388
1372,117,1489,0.1388
1369,116,1485,0.1388
1355,118,1473,0.1388
1363,122,1485,0.1388
1368,117,1485,0.1388
1368,123,1491,0.1388
1352,123,1475,0.1388
1359,122,1481,0.1388
1369,128,1497,0.1388
1360,130,1490,0.1388
1355,132,1487,0.1388
1357,131,1488,0.1388
1364,132,1496,0.1388
1371,133,1504,0.1388
1370,137,1507,0.1388
1367,138,1505,0.1388
1361,137,1498,0.1388
1361,138,1499,0.1388
1368,138,1506,0.1388
1361,137,1498,0.1388
1348,133,1481,0.1388
1365,135,1500,0.1388
1357,137,1494,0.1388
1346,142,1488,0.1388
1344,143,1487,0.1388
1343,145,1488,0.1388
1336,149,1485,0.1388
1330,150,1480,0.1388
1336,148,1484,0.1388
1328,156,1484,0.1388
1326,152,1478,0.1388
1332,156,1488,0.1388
1333,153,1486,0.1388
1329,154,1483,0.1388
1327,158,1485,0.1388
1325,164,1489,0.1388
1326,165,1491,0.1388
1325,169,1494,0.1388
1314,170,1484,0.1388
1329,168,1497,0.1388
1310,171,1481,0.1388
1317,170,1487,0.1388
1314,174,1488,0.1388
1326,174,1500,0.1388
1323,173,1496,0.1388
1321,173,1494,0.1388
1317,176,1493,0.1388
1327,175,1502,0.1388
1324,173,1497,0.1388
1322,171,1493,0.1388
1318,168,1486,0.1388
1325,172,1497,0.1388
1324,170,1494,0.1388
1327,164,1491,0.1388
1336,163,1499,0.1388
1329,166,1495,0.1388
1325,165,1490,0.1388
1331,171,1502,0.1388
1328,170,1498,0.1388
1327,176,1503,0.1388
1333,176,1509,0.1388
1326,177,1503,0.1388
1317,173,1490,0.1388
1315,171,1486,0.1388
1309,173,1482,0.1388
1314,177,1491,0.1388
1313,178,1491,0.1388
1300,177,1477,0.1388
1314,178,1492,0.1388
1320,179,1499,0.1388
1322,178,1500,0.1388
1315,185,1500,0.1388
1310,185,1495,0.1388
1315,180,1495,0.1388
1322,178,1500,0.1388
1308,180,1488,0.1388
1315,186,1501,0.1388
1312,183,1495,0.1388
1323,183,1506,0.1388
1327,180,1507,0.1388
1329,180,1509,0.1388
1316,181,1497,0.1388
1311,178,1489,0.1388
1310,174,1484,0.1388
1309,169,1478,0.1388
1309,175,1484,0.1388
1318,180,1498,0.1388
1315,174,1489,0.1388
1308,174,1482,0.1388
1317,179,1496,0.1388
1315,180,1495,0.1388
1320,180,1500,0.1388
1307,182,1489,0.1388
1301,182,1483,0.1388
1311,183,1494,0.1388
1316,183,1499,0.1388
1315,186,1501,0.1388
1313,180,1493,0.1388
1320,179,1499,0.1388
1316,177,1493,0.1388
1319,174,1493,0.1388
1318,173,1491,0.1388
1325,174,1499,0.1388
1323,173,1496,0.1388
1321,177,1498,0.1388
1309,175,1484,0.1388
1316,181,1497,0.1388
1312,189,1501,0.1388
1284,192,1476,0.1388
1297,190,1487,0.1388
1294,187,1481,0.1388
1285,183,1468,0.1388
1309,182,1491,0.1388
1315,183,1498,0.1388
1315,183,1498,0.1388
1324,180,1504,0.1388
1317,184,1501,0.1388
1310,184,1494,0.1388
1305,187,1492,0.1388
1312,190,1502,0.1388
1321,190,1511,0.1388
1320,186,1506,0.1388
1317,187,1504,0.1388
1312,187,1499,0.1388
1322,184,1506,0.1388
1319,184,1503,0.1388
1315,186,1501,0.1388
1318,187,1505,0.1388
1313,182,1495,0.1388
1316,183,1499,0.1388
1307,187,1494,0.1388
1317,189,1506,0.1388
1327,188,1515,0.1388
1315,191,1506,0.1388
1308,191,1499,0.1388
1307,191,1498,0.1388
1302,194,1496,0.1388
1307,187,1494,0.1388
1309,194,1503,0.1388
1294,192,1486,0.1388
1302,196,1498,0.1388
1299,203,1502,0.1388
1299,205,1504,0.1388
1305,204,1509,0.1388
1305,203,1508,0.1388
1305,206,1511,0.1388
1304,201,1505,0.1388
1305,207,1512,0.1388
1307,207,1514,0.1388
1299,204,1503,0.1388
1299,204,1503,0.1388
1303,202,1505,0.1388
1304,205,1509,0.1388
1297,208,1505,0.1388
1294,215,1509,0.1388
1288,219,1507,0.1388
1278,217,1495,0.1388
1289,215,1504,0.1388
1273,209,1482,0.1388
1282,214,1496,0.1388
1274,215,1489,0.1388
1284,216,1500,0.1388
1292,211,1503,0.1388
1292,215,1507,0.1388
1275,213,1488,0.1388
1284,214,1498,0.1388
1282,221,1503,0.1388
1287,216,1503,0.1388
1287,215,1502,0.1388
1282,219,1501,0.1388
1285,214,1499,0.1388
1281,219,1500,0.1388
1283,220,1503,0.1388
1288,221,1509,0.1388
1274,218,1492,0.1388
1274,224,1498,0.1388
1287,228,1515,0.1388
1293,229,1522,0.1388
1280,230,1510,0.1388
1282,227,1509,0.1388
1276,232,1508,0.1388
1264,232,1496,0.1388
1264,236,1500,0.1388
1253,237,1490,0.1388
1265,234,1499,0.1388
1258,234,1492,0.1388
1252,238,1490,0.1388
1251,244,1495,0.1388
1247,242,1489,0.1388
1246,235,1481,0.1388
1234,240,1474,0.1388
1244,237,1481,0.1388
1248,238,1486,0.1388
1248,244,1492,0.1388
1264,244,1508,0.1388
1252,243,1495,0.1388
1256,245,1501,0.1388
1261,249,1510,0.1388
1253,241,1494,0.1388
1262,242,1504,0.1388
1254,242,1496,0.1388
1248,241,1489,0.1388
1248,242,1490,0.1388
1255,245,1500,0.1388
1246,248,1494,0.1388
1247,249,1496,0.1388
1251,248,1499,0.1388
1249,253,1502,0.1388
1254,255,1509,0.1388
1248,256,1504,0.1388
1248,258,1506,0.1388
1250,258,1508,0.1388
1252,263,1515,0.1388
1248,257,1505,0.1388
1253,264,1517,0.1388
1248,260,1508,0.1388
1234,268,1502,0.1388
1223,264,1487,0.1388
1216,266,1482,0.1388
1233,262,1495,0.1388
1231,265,1496,0.1388
1228,266,1494,0.1388
1228,267,1495,0.1388
1223,270,1493,0.1388
1222,275,1497,0.1388
1217,272,1489,0.1388
1212,275,1487,0.1388
1219,274,1493,0.1388
1230,269,1499,0.1388
1231,274,1505,0.1388
1226,272,1498,0.1388
1209,275,1484,0.1388
1209,273,1482,0.1388
1205,270,1475,0.1388
1223,277,1500,0.1388
1226,273,1499,0.1388
1225,275,1500,0.1388
1232,281,1513,0.1388
1227,280,1507,0.1388
1224,282,1506,0.1388
1226,284,1510,0.1388
1219,281,1500,0.1388
1218,282,1500,0.1388
1220,286,1506,0.1388
1217,282,1499,0.1388
1222,283,1505,0.1388
1226,286,1512,0.1388
1225,284,1509,0.1388
1229,278,1507,0.1388
1223,286,1509,0.1388
1215,287,1502,0.1388
1218,282,1500,0.1388
1213,279,1492,0.1388
1214,277,1491,0.1388
1216,279,1495,0.1388
1215,274,1489,0.1388
1218,274,1492,0.1388
1210,269,1479,0.1388
1209,272,1481,0.1388
1210,272,1482,0.1388
1216,273,1489,0.1388
1209,273,1482,0.1388
1223,273,1496,0.1388
1214,279,1493,0.1388
1208,278,1486,0.1388
1215,279,1494,0.1388
1212,283,1495,0.1388
1209,276,1485,0.1388
1198,280,1478,0.1388
1209,280,1489,0.1388
1217,285,1502,0.1388
1219,286,1505,0.1388
1221,290,1511,0.1388
1218,288,1506,0.1388
1212,285,1497,0.1388
1203,283,1486,0.1388
1206,279,1485,0.1388
1202,278,1480,0.1388
1198,276,1474,0.1388
1205,275,1480,0.1388
1224,284,1508,0.1388
1220,288,1508,0.1388
1215,287,1502,0.1388
1208,284,1492,0.1388
1209,283,1492,0.1388
1207,286,1493,0.1388
1205,283,1488,0.1388
1220,282,1502,0.1388
1214,286,1500,0.1388
1206,286,1492,0.1388
1209,285,1494,0.1388
1201,287,1488,0.1388
1208,287,1495,0.1388
1212,292,1504,0.1388
1214,298,1512,0.1388
1214,295,1509,0.1388
1220,292,1512,0.1388
1219,293,1512,0.1388
1215,292,1507,0.1388
1208,294,1502,0.1388
1204,299,1503,0.1388
1221,297,1518,0.1388
1214,297,1511,0.1388
1209,300,1509,0.1388
1203,303,1506,0.1388
1214,307,1521,0.1388
1211,304,1515,0.1388
1196,298,1494,0.1388
1186,300,1486,0.1388
1191,300,1491,0.1388
1196,299,1495,0.1388
1195,295,1490,0.1388
1180,299,1479,0.1388
1184,297,1481,0.1388
1190,300,1490,0.1388
1184,299,1483,0.1388
1171,306,1477,0.1388
1181,307,1488,0.1388
1189,303,1492,0.1388
1191,303,1494,0.1388
1202,313,1515,0.1388
1197,313,1510,0.1388
1200,310,1510,0.1388
1199,304,1503,0.1388
1181,309,1490,0.1388
1182,309,1491,0.1388
1181,318,1499,0.1388
1174,322,1496,0.1388
1171,315,1486,0.1388
1172,310,1482,0.1388
1174,311,1485,0.1388
1180,308,1488,0.1388
1182,308,1490,0.1388
1176,308,1484,0.1388
1174,302,1476,0.1388
1196,299,1495,0.1388
1191,296,1487,0.1388
1196,303,1499,0.1388
1193,302,1495,0.1388
1189,307,1496,0.1388
1193,307,1500,0.1388
1194,298,1492,0.1388
1190,306,1496,0.1388
1192,304,1496,0.1388
1192,317,1509,0.1388
1189,321,1510,0.1388
1183,322,1505,0.1388
1181,324,1505,0.1388
1184,323,1507,0.1388
1186,315,1501,0.1388
1198,315,1513,0.1388
1187,312,1499,0.1388
1175,319,1494,0.1388
1171,318,1489,0.1388
1177,323,1500,0.1388
1183,328,1511,0.1388
1181,322,1503,0.1388
1164,328,1492,0.1388
1151,327,1478,0.1388
1169,331,1500,0.1388
1176,335,1511,0.1388
1159,335,1494,0.1388
1170,330,1500,0.1388
1174,330,1504,0.1388
1162,334,1496,0.1388
1159,341,1500,0.1388
1145,343,1488,0.1388
1136,346,1482,0.1388
1142,338,1480,0.1388
1138,347,1485,0.1388
1140,350,1490,0.1388
1142,356,1498,0.1388
1151,350,1501,0.1388
1159,355,1514,0.1388
1150,352,1502,0.1388
1156,348,1504,0.1388
1166,349,1515,0.1388
1152,342,1494,0.1388
1153,341,1494,0.1388
1144,342,1486,0.1388
1148,345,1493,0.1388
1155,349,1504,0.1388
1152,348,1500,0.1388
1160,345,1505,0.1388
1158,349,1507,0.1388
1159,355,1514,0.1388
1152,353,1505,0.1388
1148,349,1497,0.1388
1152,350,1502,0.1388
1149,347,1496,0.1388
1157,345,1502,0.1388
1152,343,1495,0.1388
1159,335,1494,0.1388
1159,337,1496,0.1388
1154,336,1490,0.1388
1154,336,1490,0.1388
1154,342,1496,0.1388
1155,340,1495,0.1388
1159,339,1498,0.1388
1148,345,1493,0.1388
1152,348,1500,0.1388
1156,350,1506,0.1388
1155,347,1502,0.1388
1150,340,1490,0.1388
1155,340,1495,0.1388
1166,343,1509,0.1388
1165,347,1512,0.1388
1168,345,1513,0.1388
1165,340,1505,0.1388
1163,341,1504,0.1388
1155,343,1498,0.1388
1145,338,1483,0.1388
1160,342,1502,0.1388
1162,345,1507,0.1388
1174,348,1522,0.1388
1174,343,1517,0.1388
1169,337,1506,0.1388
1164,333,1497,0.1388
1162,339,1501,0.1388
1157,339,1496,0.1388
1155,341,1496,0.1388
1156,338,1494,0.1388
1149,344,1493,0.1388
1148,341,1489,0.1388
1144,344,1488,0.1388
1138,342,1480,0.1388
1141,349,1490,0.1388
1145,346,1491,0.1388
1135,348,1483,0.1388
1136,346,1482,0.1388
1126,355,1481,0.1388
1114,359,1473,0.1388
1118,365,1483,0.1388
1122,363,1485,0.1388
1125,366,1491,0.1388
1111,369,1480,0.1388
1127,370,1497,0.1388
1130,372,1502,0.1388
1126,371,1497,0.1388
1129,374,1503,0.1388
1116,375,1491,0.1388
1113,377,1490,0.1388
1113,382,1495,0.1388
1123,388,1511,0.1388
1119,391,1510,0.1388
1113,385,1498,0.1388
1116,396,1512,0.1388
1113,396,1509,0.1388
1089,401,1490,0.1388
1095,400,1495,0.1388
1090,392,1482,0.1388
1094,388,1482,0.1388
1105,388,1493,0.1388
1106,387,1493,0.1388
1094,390,1484,0.1388
1112,396,1508,0.1388
1108,397,1505,0.1388
1112,401,1513,0.1388
1102,402,1504,0.1388
1100,403,1503,0.1388
1090,402,1492,0.1388
1097,398,1495,0.1388
1103,403,1506,0.1388
1097,410,1507,0.1388
1085,407,1492,0.1388
1095,407,1502,0.1388
1088,408,1496,0.1388
1085,414,1499,0.1388
1082,417,1499,0.1388
1085,415,1500,0.1388
1078,414,1492,0.1388
1078,418,1496,0.1388
1082,422,1504,0.1388
1079,420,1499,0.1388
1075,428,1503,0.1388
1071,427,1498,0.1388
1067,419,1486,0.1388
1070,426,1496,0.1388
1070,421,1491,0.1388
1059,422,1481,0.1388
1061,431,1492,0.1388
1062,431,1493,0.1388
1075,423,1498,0.1388
1079,426,1505,0.1388
1077,427,1504,0.1388
1077,424,1501,0.1388
1072,430,1502,0.1388
1075,424,1499,0.1388
1083,420,1503,0.1388
1075,411,1486,0.1388
1073,411,1484,0.1388
1075,417,1492,0.1388
1070,422,1492,0.1388
1076,430,1506,0.1388
1073,424,1497,0.1388
1075,428,1503,0.1388
1088,425,1513,0.1388
1084,434,1518,0.1388
1081,427,1508,0.1388
1095,432,1527,0.1388
1083,423,1506,0.1388
1071,426,1497,0.1388
1070,428,1498,0.1388
1073,420,1493,0.1388
1068,423,1491,0.1388
1063,431,1494,0.1388
1067,436,1503,0.1388
1058,448,1506,0.1388
1055,442,1497,0.1388
1050,444,1494,0.1388
1050,432,1482,0.1388
1054,434,1488,0.1388
1061,437,1498,0.1388
1058,447,1505,0.1388
1059,450,1509,0.1388
1046,450,1496,0.1388
1045,447,1492,0.1388
1049,447,1496,0.1388
1046,442,1488,0.1388
1045,440,1485,0.1388
1044,439,1483,0.1388
1051,436,1487,0.1388
1049,434,1483,0.1388
1051,431,1482,0.1388
1053,428,1481,0.1388
1053,437,1490,0.1388
1053,445,1498,0.1388
1051,445,1496,0.1388
1058,442,1500,0.1388
1052,447,1499,0.1388
1044,446,1490,0.1388
1049,440,1489,0.1388
1038,438,1476,0.1388
1051,443,1494,0.1388
1050,444,1494,0.1388
1055,446,1501,0.1388
1048,456,1504,0.1388
1050,453,1503,0.1388
1047,447,1494,0.1388
1046,457,1503,0.1388
1034,458,1492,0.1388
1026,460,1486,0.1388
1036,452,1488,0.1388
1040,453,1493,0.1388
1035,453,1488,0.1388
1035,464,1499,0.1388
1041,472,1513,0.1388
1046,481,1527,0.1388
1041,482,1523,0.1388
1035,473,1508,0.1388
1024,472,1496,0.1388
1025,480,1505,0.1388
1028,471,1499,0.1388
1027,472,1499,0.1388
1028,467,1495,0.1388
1023,468,1491,0.1388
1013,466,1479,0.1388
1023,463,1486,0.1388
1023,465,1488,0.1388
1022,464,1486,0.1388
1024,470,1494,0.1388
1027,482,1509,0.1388
1039,481,1520,0.1388
1039,477,1516,0.1388
1028,477,1505,0.1388
1027,469,1496,0.1388
1026,473,1499,0.1388
1016,469,1485,0.1388
1009,475,1484,0.1388
1026,472,1498,0.1388
1019,479,1498,0.1388
1029,481,1510,0.1388
1037,481,1518,0.1388
1028,487,1515,0.1388
1015,488,1503,0.1388
1011,492,1503,0.1388
1017,490,1507,0.1388
1011,492,1503,0.1388
1001,491,1492,0.1388
1000,498,1498,0.1388
997,503,1500,0.1388
998,506,1504,0.1388
993,507,1500,0.1388
982,512,1494,0.1388
990,516,1506,0.1388
985,519,1504,0.1388
979,515,1494,0.1388
978,519,1497,0.1388
977,516,1493,0.1388
981,515,1496,0.1388
987,513,1500,0.1388
992,513,1505,0.1388
998,512,1510,0.1388
992,514,1506,0.1388
997,515,1512,0.1388
990,514,1504,0.1388
991,506,1497,0.1388
990,517,1507,0.1388
983,519,1502,0.1388
982,519,1501,0.1388
974,519,1493,0.1388
982,518,1500,0.1388
985,514,1499,0.1388
993,507,1500,0.1388
992,518,1510,0.1388
982,527,1509,0.1388
977,521,1498,0.1388
968,519,1487,0.1388
966,523,1489,0.1388
962,531,1493,0.1388
960,526,1486,0.1388
970,533,1503,0.1388
983,533,1516,0.1388
980,531,1511,0.1388
978,529,1507,0.1388
978,529,1507,0.1388
977,527,1504,0.1388
987,526,1513,0.1388
995,521,1516,0.1388
993,535,1528,0.1388
981,540,1521,0.1388
973,542,1515,0.1388
970,538,1508,0.1388
958,541,1499,0.1388
958,543,1501,0.1388
954,549,1503,0.1388
970,547,1517,0.1388
972,554,1526,0.1388
971,555,1526,0.1388
966,547,1513,0.1388
961,545,1506,0.1388
955,551,1506,0.1388
960,544,1504,0.1388
948,543,1491,0.1388
959,545,1504,0.1388
954,548,1502,0.1388
956,548,1504,0.1388
957,547,1504,0.1388
960,557,1517,0.1388
966,557,1523,0.1388
951,563,1514,0.1388
952,553,1505,0.1388
955,557,1512,0.1388
948,562,1510,0.1388
944,565,1509,0.1388
939,560,1499,0.1388
942,563,1505,0.1388
951,564,1515,0.1388
950,562,1512,0.1388
943,562,1505,0.1388
950,567,1517,0.1388
938,568,1506,0.1388
932,571,1503,0.1388
948,566,1514,0.1388
935,576,1511,0.1388
942,573,1515,0.1388
938,571,1509,0.1388
938,570,1508,0.1388
930,566,1496,0.1388
930,572,1502,0.1388
935,573,1508,0.1388
942,570,1512,0.1388
944,572,1516,0.1388
934,565,1499,0.1388
919,573,1492,0.1388
922,572,1494,0.1388
918,567,1485,0.1388
904,573,1477,0.1388
918,582,1500,0.1388
919,572,1491,0.1388
922,583,1505,0.1388
909,583,1492,0.1388
920,581,1501,0.1388
912,582,1494,0.1388
908,586,1494,0.1388
906,584,1490,0.1388
894,588,1482,0.1388
903,589,1492,0.1388
894,597,1491,0.1388
903,600,1503,0.1388
898,597,1495,0.1388
889,592,1481,0.1388
892,610,1502,0.1388
892,607,1499,0.1388
892,610,1502,0.1388
892,604,1496,0.1388
901,603,1504,0.1388
888,606,1494,0.1388
894,610,1504,0.1388
893,606,1499,0.1388
897,613,1510,0.1388
897,610,1507,0.1388
890,617,1507,0.1388
886,629,1515,0.1388
896,632,1528,0.1388
882,632,1514,0.1388
874,633,1507,0.1388
868,637,1505,0.1388
861,634,1495,0.1388
866,631,1497,0.1388
873,638,1511,0.1388
873,641,1514,0.1388
877,639,1516,0.1388
872,638,1510,0.1388
873,639,1512,0.1388
869,639,1508,0.1388
870,648,1518,0.1388
864,652,1516,0.1388
868,639,1507,0.1388
863,641,1504,0.1388
866,639,1505,0.1388
868,648,1516,0.1388
860,645,1505,0.1388
866,646,1512,0.1388
860,648,1508,0.1388
856,640,1496,0.1388
853,645,1498,0.1388
855,652,1507,0.1388
851,651,1502,0.1388
848,657,1505,0.1388
840,662,1502,0.1388
832,662,1494,0.1388
831,664,1495,0.1388
842,667,1509,0.1388
831,666,1497,0.1388
833,671,1504,0.1388
831,662,1493,0.1388
831,669,1500,0.1388
839,658,1497,0.1388
835,659,1494,0.1388
840,668,1508,0.1388
832,665,1497,0.1388
841,662,1503,0.1388
833,665,1498,0.1388
839,667,1506,0.1388
839,666,1505,0.1388
849,658,1507,0.1388
857,666,1523,0.1388
856,659,1515,0.1388
851,670,1521,0.1388
854,664,1518,0.1388
859,659,1518,0.1388
863,667,1530,0.1388
867,666,1533,0.1388
853,664,1517,0.1388
852,665,1517,0.1388
860,662,1522,0.1388
859,654,1513,0.1388
865,649,1514,0.1388
865,651,1516,0.1388
854,654,1508,0.1388
851,655,1506,0.1388
847,653,1500,0.1388
861,659,1520,0.1388
861,655,1516,0.1388
853,657,1510,0.1388
842,658,1500,0.1388
854,667,1521,0.1388
852,667,1519,0.1388
851,669,1520,0.1388
849,666,1515,0.1388
852,654,1506,0.1388
845,658,1503,0.1388
844,670,1514,0.1388
830,670,1500,0.1388
838,679,1517,0.1388
833,669,1502,0.1388
823,672,1495,0.1388
814,676,1490,0.1388
814,682,1496,0.1388
813,684,1497,0.1388
812,680,1492,0.1388
817,685,1502,0.1388
827,687,1514,0.1388
823,689,1512,0.1388
827,684,1511,0.1388
826,690,1516,0.1388
819,687,1506,0.1388
819,690,1509,0.1388
796,686,1482,0.1388
798,689,1487,0.1388
798,694,1492,0.1388
805,705,1510,0.1388
809,705,1514,0.1388
802,702,1504,0.1388
799,699,1498,0.1388
792,704,1496,0.1388
788,714,1502,0.1388
793,723,1516,0.1388
786,721,1507,0.1388
785,712,1497,0.1388
786,714,1500,0.1388
784,721,1505,0.1388
782,716,1498,0.1388
776,717,1493,0.1388
787,719,1506,0.1388
785,726,1511,0.1388
774,735,1509,0.1388
778,734,1512,0.1388
776,733,1509,0.1388
783,722,1505,0.1388
784,720,1504,0.1388
792,730,1522,0.1388
795,731,1526,0.1388
787,738,1525,0.1388
774,733,1507,0.1388
767,725,1492,0.1388
772,731,1503,0.1388
778,741,1519,0.1388
774,730,1504,0.1388
769,734,1503,0.1388
766,737,1503,0.1388
765,734,1499,0.1388
763,728,1491,0.1388
768,737,1505,0.1388
764,738,1502,0.1388
763,744,1507,0.1388
753,750,1503,0.1388
761,749,1510,0.1388
750,742,1492,0.1388
754,744,1498,0.1388
749,740,1489,0.1388
750,739,1489,0.1388
754,749,1503,0.1388
758,753,1511,0.1388
743,766,1509,0.1388
736,760,1496,0.1388
732,764,1496,0.1388
741,768,1509,0.1388
740,776,1516,0.1388
737,771,1508,0.1388
725,778,1503,0.1388
726,778,1504,0.1388
727,789,1516,0.1388
721,788,1509,0.1388
716,791,1507,0.1388
721,789,1510,0.1388
716,794,1510,0.1388
714,802,1516,0.1388
701,814,1515,0.1388
701,802,1503,0.1388
701,804,1505,0.1388
697,789,1486,0.1388
683,781,1464,0.1388
690,793,1483,0.1388
695,799,1494,0.1388
694,791,1485,0.1388
704,786,1490,0.1388
711,800,1511,0.1388
708,802,1510,0.1388
708,804,1512,0.1388
716,798,1514,0.1388
708,799,1507,0.1388
706,805,1511,0.1388
708,808,1516,0.1388
709,799,1508,0.1388
702,804,1506,0.1388
710,800,1510,0.1388
705,806,1511,0.1388
704,811,1515,0.1388
701,819,1520,0.1388
692,813,1505,0.1388
691,811,1502,0.1388
692,815,1507,0.1388
687,820,1507,0.1388
688,828,1516,0.1388
678,825,1503,0.1388
674,826,1500,0.1388
676,827,1503,0.1388
675,831,1506,0.1388
671,839,1510,0.1388
680,846,1526,0.1388
671,848,1519,0.1388
668,851,1519,0.1388
657,852,1509,0.1388
650,853,1503,0.1388
645,853,1498,0.1388
645,855,1500,0.1388
646,847,1493,0.1388
645,859,1504,0.1388
650,853,1503,0.1388
659,859,1518,0.1388
651,860,1511,0.1388
647,861,1508,0.1388
647,856,1503,0.1388
643,868,1511,0.1388
633,873,1506,0.1388
639,875,1514,0.1388
630,883,1513,0.1388
628,887,1515,0.1388
627,885,1512,0.1388
632,879,1511,0.1388
630,879,1509,0.1388
631,875,1506,0.1388
628,890,1518,0.1388
622,871,1493,0.1388
617,869,1486,0.1388
603,878,1481,0.1388
604,879,1483,0.1388
608,880,1488,0.1388
618,866,1484,0.1388
621,870,1491,0.1388
619,882,1501,0.1388
609,880,1489,0.1388
613,884,1497,0.1388
610,893,1503,0.1388
618,898,1516,0.1388
631,882,1513,0.1388
621,887,1508,0.1388
629,884,1513,0.1388
624,885,1509,0.1388
629,888,1517,0.1388
620,895,1515,0.1388
621,903,1524,0.1388
619,887,1506,0.1388
613,898,1511,0.1388
619,898,1517,0.1388
619,893,1512,0.1388
620,880,1500,0.1388
614,895,1509,0.1388
624,895,1519,0.1388
622,883,1505,0.1388
624,897,1521,0.1388
623,896,1519,0.1388
616,894,1510,0.1388
604,893,1497,0.1388
610,894,1504,0.1388
601,893,1494,0.1388
599,896,1495,0.1388
594,903,1497,0.1388
592,907,1499,0.1388
597,903,1500,0.1388
593,915,1508,0.1388
585,913,1498,0.1388
589,904,1493,0.1388
585,907,1492,0.1388
588,908,1496,0.1388
586,920,1506,0.1388
587,924,1511,0.1388
578,927,1505,0.1388
574,933,1507,0.1388
574,928,1502,0.1388
573,928,1501,0.1388
576,926,1502,0.1388
569,925,1494,0.1388
568,941,1509,0.1388
567,952,1519,0.1388
569,953,1522,0.1388
560,955,1515,0.1388
561,966,1527,0.1388
555,966,1521,0.1388
561,956,1517,0.1388
559,961,1520,0.1388
558,956,1514,0.1388
566,957,1523,0.1388
565,951,1516,0.1388
569,957,1526,0.1388
570,953,1523,0.1388
564,950,1514,0.1388
557,947,1504,0.1388
559,958,1517,0.1388
558,944,1502,0.1388
558,940,1498,0.1388
544,950,1494,0.1388
546,953,1499,0.1388
549,962,1511,0.1388
545,966,1511,0.1388
542,965,1507,0.1388
541,964,1505,0.1388
543,967,1510,0.1388
538,973,1511,0.1388
540,971,1511,0.1388
540,978,1518,0.1388
538,976,1514,0.1388
538,971,1509,0.1388
535,977,1512,0.1388
534,980,1514,0.1388
537,987,1524,0.1388
529,977,1506,0.1388
519,985,1504,0.1388
514,992,1506,0.1388
520,1002,1522,0.1388
521,985,1506,0.1388
526,978,1504,0.1388
524,977,1501,0.1388
516,971,1487,0.1388
521,979,1500,0.1388
527,989,1516,0.1388
518,997,1515,0.1388
512,996,1508,0.1388
504,1006,1510,0.1388
507,999,1506,0.1388
510,997,1507,0.1388
520,999,1519,0.1388
519,1013,1532,0.1388
508,1009,1517,0.1388
505,1010,1515,0.1388
510,1006,1516,0.1388
507,1003,1510,0.1388
501,1008,1509,0.1388
497,997,1494,0.1388
497,998,1495,0.1388
494,999,1493,0.1388
498,1000,1498,0.1388
496,1007,1503,0.1388
499,1014,1513,0.1388
495,1007,1502,0.1388
503,1009,1512,0.1388
499,1011,1510,0.1388
492,1020,1512,0.1388
489,1018,1507,0.1388
492,1030,1522,0.1388
495,1022,1517,0.1388
492,1006,1498,0.1388
488,1005,1493,0.1388
480,1011,1491,0.1388
481,1025,1506,0.1388
469,1031,1500,0.1388
481,1026,1507,0.1388
480,1032,1512,0.1388
483,1038,1521,0.1388
475,1046,1521,0.1388
479,1035,1514,0.1388
472,1025,1497,0.1388
473,1036,1509,0.1388
475,1038,1513,0.1388
476,1039,1515,0.1388
472,1033,1505,0.1388
471,1037,1508,0.1388
473,1036,1509,0.1388
470,1040,1510,0.1388
464,1049,1513,0.1388
461,1054,1515,0.1388
451,1059,1510,0.1388
457,1059,1516,0.1388
446,1057,1503,0.1388
453,1066,1519,0.1388
450,1060,1510,0.1388
446,1050,1496,0.1388
447,1048,1495,0.1388
446,1062,1508,0.1388
444,1065,1509,0.1388
447,1064,1511,0.1388
442,1070,1512,0.1388
441,1073,1514,0.1388
440,1065,1505,0.1388
443,1072,1515,0.1388
442,1066,1508,0.1388
443,1071,1514,0.1388
443,1070,1513,0.1388
455,1069,1524,0.1388
452,1061,1513,0.1388
454,1051,1505,0.1388
462,1045,1507,0.1388
458,1044,1502,0.1388
459,1055,1514,0.1388
454,1052,1506,0.1388
454,1061,1515,0.1388
452,1067,1519,0.1388
453,1056,1509,0.1388
455,1060,1515,0.1388
453,1067,1520,0.1388
446,1063,1509,0.1388
445,1070,1515,0.1388
448,1060,1508,0.1388
450,1063,1513,0.1388
444,1053,1497,0.1388
442,1046,1488,0.1388
445,1056,1501,0.1388
445,1067,1512,0.1388
447,1068,1515,0.1388
448,1063,1511,0.1388
445,1058,1503,0.1388
448,1058,1506,0.1388
441,1066,1507,0.1388
439,1077,1516,0.1388
440,1078,1518,0.1388
431,1073,1504,0.1388
430,1069,1499,0.1388
427,1073,1500,0.1388
430,1080,1510,0.1388
427,1080,1507,0.1388
430,1087,1517,0.1388
430,1090,1520,0.1388
436,1071,1507,0.1388
440,1070,1510,0.1388
436,1079,1515,0.1388
432,1092,1524,0.1388
435,1069,1504,0.1388
439,1070,1509,0.1388
435,1072,1507,0.1388
422,1078,1500,0.1388
419,1086,1505,0.1388
413,1085,1498,0.1388
415,1082,1497,0.1388
417,1073,1490,0.1388
419,1075,1494,0.1388
415,1074,1489,0.1388
418,1094,1512,0.1388
419,1088,1507,0.1388
411,1086,1497,0.1388
412,1096,1508,0.1388
414,1089,1503,0.1388
411,1101,1512,0.1388
417,1098,1515,0.1388
416,1102,1518,0.1388
411,1103,1514,0.1388
408,1104,1512,0.1388
403,1101,1504,0.1388
404,1103,1507,0.1388
402,1113,1515,0.1388
403,1114,1517,0.1388
404,1113,1517,0.1388
397,1112,1509,0.1388
395,1111,1506,0.1388
397,1106,1503,0.1388
399,1110,1509,0.1388
405,1106,1511,0.1388
406,1106,1512,0.1388
413,1099,1512,0.1388
407,1103,1510,0.1388
411,1090,1501,0.1388
416,1089,1505,0.1388
417,1098,1515,0.1388
422,1090,1512,0.1388
410,1095,1505,0.1388
403,1091,1494,0.1388
410,1089,1499,0.1388
411,1088,1499,0.1388
403,1089,1492,0.1388
410,1091,1501,0.1388
411,1098,1509,0.1388
408,1101,1509,0.1388
404,1107,1511,0.1388
403,1109,1512,0.1388
399,1101,1500,0.1388
399,1096,1495,0.1388
392,1105,1497,0.1388
398,1111,1509,0.1388
394,1098,1492,0.1388
394,1102,1496,0.1388
386,1111,1497,0.1388
390,1120,1510,0.1388
392,1109,1501,0.1388
391,1104,1495,0.1388
390,1110,1500,0.1388
392,1120,1512,0.1388
393,1119,1512,0.1388
397,1113,1510,0.1388
402,1113,1515,0.1388
403,1112,1515,0.1388
399,1125,1524,0.1388
400,1111,1511,0.1388
402,1112,1514,0.1388
395,1115,1510,0.1388
398,1097,1495,0.1388
398,1089,1487,0.1388
396,1089,1485,0.1388
396,1086,1482,0.1388
400,1094,1494,0.1388
399,1100,1499,0.1388
398,1112,1510,0.1388
403,1099,1502,0.1388
402,1101,1503,0.1388
395,1100,1495,0.1388
397,1096,1493,0.1388
403,1101,1504,0.1388
400,1105,1505,0.1388
398,1109,1507,0.1388
398,1113,1511,0.1388
399,1121,1520,0.1388
404,1123,1527,0.1388
399,1116,1515,0.1388
400,1110,1510,0.1388
405,1122,1527,0.1388
400,1110,1510,0.1388
395,1117,1512,0.1388
397,1119,1516,0.1388
391,1122,1513,0.1388
392,1132,1524,0.1388
390,1116,1506,0.1388
388,1129,1517,0.1388
382,1123,1505,0.1388
379,1132,1511,0.1388
380,1126,1506,0.1388
381,1129,1510,0.1388
383,1132,1515,0.1388
380,1132,1512,0.1388
382,1140,1522,0.1388
380,1135,1515,0.1388
376,1127,1503,0.1388
372,1139,1511,0.1388
367,1144,1511,0.1388
379,1144,1523,0.1388
376,1145,1521,0.1388
364,1144,1508,0.1388
369,1153,1522,0.1388
370,1150,1520,0.1388
372,1132,1504,0.1388
369,1138,1507,0.1388
366,1142,1508,0.1388
357,1157,1514,0.1388
361,1150,1511,0.1388
360,1157,1517,0.1388
350,1167,1517,0.1388
348,1167,1515,0.1388
351,1162,1513,0.1388
353,1157,1510,0.1388
357,1163,1520,0.1388
363,1164,1527,0.1388
351,1160,1511,0.1388
351,1166,1517,0.1388
351,1172,1523,0.1388
351,1173,1524,0.1388
356,1185,1541,0.1388
356,1179,1535,0.1388
354,1170,1524,0.1388
349,1157,1506,0.1388
345,1150,1495,0.1388
337,1145,1482,0.1388
338,1156,1494,0.1388
343,1160,1503,0.1388
345,1156,1501,0.1388
345,1158,1503,0.1388
345,1158,1503,0.1388
348,1158,1506,0.1388
344,1174,1518,0.1388
346,1178,1524,0.1388
345,1181,1526,0.1388
341,1176,1517,0.1388
347,1179,1526,0.1388
348,1186,1534,0.1388
354,1165,1519,0.1388
352,1170,1522,0.1388
348,1168,1516,0.1388
344,1163,1507,0.1388
338,1171,1509,0.1388
343,1178,1521,0.1388
346,1168,1514,0.1388
352,1170,1522,0.1388
351,1152,1503,0.1388
354,1158,1512,0.1388
358,1169,1527,0.1388
355,1161,1516,0.1388
358,1166,1524,0.1388
350,1170,1520,0.1388
347,1175,1522,0.1388
350,1173,1523,0.1388
348,1165,1513,0.1388
349,1175,1524,0.1388
347,1159,1506,0.1388
340,1165,1505,0.1388
334,1178,1512,0.1388
337,1176,1513,0.1388
345,1185,1530,0.1388
337,1184,1521,0.1388
340,1195,1535,0.1388
338,1183,1521,0.1388
339,1181,1520,0.1388
339,1198,1537,0.1388
333,1186,1519,0.1388
332,1190,1522,0.1388
331,1183,1514,0.1388
331,1188,1519,0.1388
328,1178,1506,0.1388
325,1185,1510,0.1388
325,1178,1503,0.1388
325,1180,1505,0.1388
330,1172,1502,0.1388
324,1177,1501,0.1388
327,1179,1506,0.1388
328,1187,1515,0.1388
324,1198,1522,0.1388
325,1187,1512,0.1388
324,1186,1510,0.1388
326,1176,1502,0.1388
327,1179,1506,0.1388
333,1182,1515,0.1388
331,1175,1506,0.1388
327,1175,1502,0.1388
329,1177,1506,0.1388
319,1186,1505,0.1388
321,1183,1504,0.1388
324,1188,1512,0.1388
326,1189,1515,0.1388
328,1191,1519,0.1388
323,1194,1517,0.1388
323,1190,1513,0.1388
326,1190,1516,0.1388
328,1198,1526,0.1388
324,1190,1514,0.1388
328,1199,1527,0.1388
331,1214,1545,0.1388
329,1213,1542,0.1388
316,1204,1520,0.1388
313,1178,1491,0.1388
312,1195,1507,0.1388
310,1196,1506,0.1388
311,1204,1515,0.1388
309,1202,1511,0.1388
299,1199,1498,0.1388
296,1204,1500,0.1388
301,1201,1502,0.1388
303,1189,1492,0.1388
301,1199,1500,0.1388
299,1200,1499,0.1388
306,1205,1511,0.1388
302,1194,1496,0.1388
297,1203,1500,0.1388
296,1212,1508,0.1388
299,1221,1520,0.1388
298,1221,1519,0.1388
295,1223,1518,0.1388
291,1224,1515,0.1388
294,1225,1519,0.1388
291,1224,1515,0.1388
296,1212,1508,0.1388
297,1221,1518,0.1388
295,1218,1513,0.1388
294,1220,1514,0.1388
290,1216,1506,0.1388
291,1224,1515,0.1388
295,1219,1514,0.1388
300,1216,1516,0.1388
299,1217,1516,0.1388
294,1222,1516,0.1388
295,1226,1521,0.1388
294,1218,1512,0.1388
293,1215,1508,0.1388
296,1218,1514,0.1388
288,1231,1519,0.1388
295,1222,1517,0.1388
295,1222,1517,0.1388
297,1221,1518,0.1388
297,1222,1519,0.1388
289,1214,1503,0.1388
290,1222,1512,0.1388
290,1214,1504,0.1388
283,1223,1506,0.1388
289,1241,1530,0.1388
290,1246,1536,0.1388
285,1235,1520,0.1388
279,1247,1526,0.1388
278,1248,1526,0.1388
280,1247,1527,0.1388
278,1243,1521,0.1388
273,1241,1514,0.1388
276,1231,1507,0.1388
276,1230,1506,0.1388
276,1239,1515,0.1388
276,1240,1516,0.1388
283,1247,1530,0.1388
283,1250,1533,0.1388
275,1255,1530,0.1388
271,1253,1524,0.1388
272,1253,1525,0.1388
273,1247,1520,0.1388
269,1248,1517,0.1388
257,1251,1508,0.1388
260,1253,1513,0.1388
258,1261,1519,0.1388
259,1258,1517,0.1388
259,1256,1515,0.1388
256,1244,1500,0.1388
260,1241,1501,0.1388
267,1238,1505,0.1388
267,1239,1506,0.1388
270,1236,1506,0.1388
272,1241,1513,0.1388
273,1244,1517,0.1388
267,1232,1499,0.1388
271,1258,1529,0.1388
270,1237,1507,0.1388
262,1227,1489,0.1388
266,1249,1515,0.1388
261,1242,1503,0.1388
267,1243,1510,0.1388
262,1253,1515,0.1388
262,1248,1510,0.1388
259,1247,1506,0.1388
265,1245,1510,0.1388
262,1255,1517,0.1388
263,1255,1518,0.1388
260,1245,1505,0.1388
254,1246,1500,0.1388
254,1247,1501,0.1388
254,1267,1521,0.1388
255,1261,1516,0.1388
253,1264,1517,0.1388
250,1261,1511,0.1388
256,1249,1505,0.1388
256,1244,1500,0.1388
255,1247,1502,0.1388
253,1250,1503,0.1388
253,1268,1521,0.1388
254,1266,1520,0.1388
249,1265,1514,0.1388
252,1263,1515,0.1388
253,1268,1521,0.1388
249,1263,1512,0.1388
246,1259,1505,0.1388
249,1253,1502,0.1388
245,1261,1506,0.1388
243,1271,1514,0.1388
248,1266,1514,0.1388
244,1266,1510,0.1388
247,1266,1513,0.1388
247,1273,1520,0.1388
247,1269,1516,0.1388
247,1267,1514,0.1388
243,1263,1506,0.1388
248,1270,1518,0.1388
249,1267,1516,0.1388
249,1270,1519,0.1388
246,1270,1516,0.1388
249,1275,1524,0.1388
249,1262,1511,0.1388
250,1258,1508,0.1388
243,1267,1510,0.1388
242,1267,1509,0.1388
241,1261,1502,0.1388
242,1256,1498,0.1388
238,1269,1507,0.1388
239,1277,1516,0.1388
241,1259,1500,0.1388
239,1261,1500,0.1388
234,1264,1498,0.1388
233,1277,1510,0.1388
230,1277,1507,0.1388
237,1286,1523,0.1388
237,1281,1518,0.1388
241,1275,1516,0.1388
243,1271,1514,0.1388
233,1283,1516,0.1388
229,1281,1510,0.1388
231,1283,1514,0.1388
226,1278,1504,0.1388
227,1292,1519,0.1388
230,1302,1532,0.1388
227,1305,1532,0.1388
230,1306,1536,0.1388
229,1311,1540,0.1388
230,1303,1533,0.1388
227,1305,1532,0.1388
226,1298,1524,0.1388
224,1299,1523,0.1388
222,1301,1523,0.1388
220,1291,1511,0.1388
218,1276,1494,0.1388
226,1278,1504,0.1388
226,1277,1503,0.1388
227,1281,1508,0.1388
225,1276,1501,0.1388
227,1279,1506,0.1388
221,1288,1509,0.1388
220,1293,1513,0.1388
216,1297,1513,0.1388
218,1303,1521,0.1388
217,1305,1522,0.1388
217,1295,1512,0.1388
212,1300,1512,0.1388
209,1289,1498,0.1388
209,1302,1511,0.1388
212,1298,1510,0.1388
208,1294,1502,0.1388
212,1301,1513,0.1388
213,1310,1523,0.1388
208,1307,1515,0.1388
212,1312,1524,0.1388
205,1309,1514,0.1388
209,1295,1504,0.1388
211,1289,1500,0.1388
212,1286,1498,0.1388
212,1294,1506,0.1388
210,1285,1495,0.1388
213,1300,1513,0.1388
214,1301,1515,0.1388
218,1296,1514,0.1388
216,1282,1498,0.1388
218,1279,1497,0.1388
218,1275,1493,0.1388
224,1282,1506,0.1388
223,1284,1507,0.1388
220,1290,1510,0.1388
218,1290,1508,0.1388
214,1284,1498,0.1388
213,1282,1495,0.1388
218,1299,1517,0.1388
218,1298,1516,0.1388
215,1301,1516,0.1388
217,1305,1522,0.1388
215,1300,1515,0.1388
217,1300,1517,0.1388
215,1303,1518,0.1388
211,1310,1521,0.1388
215,1309,1524,0.1388
217,1310,1527,0.1388
217,1299,1516,0.1388
214,1299,1513,0.1388
213,1301,1514,0.1388
212,1303,1515,0.1388
214,1314,1528,0.1388
214,1298,1512,0.1388
212,1294,1506,0.1388
207,1299,1506,0.1388
207,1301,1508,0.1388
208,1298,1506,0.1388
210,1303,1513,0.1388
209,1299,1508,0.1388
208,1307,1515,0.1388
205,1318,1523,0.1388
204,1311,1515,0.1388
204,1313,1517,0.1388
203,1307,1510,0.1388
200,1310,1510,0.1388
200,1309,1509,0.1388
202,1312,1514,0.1388
204,1310,1514,0.1388
202,1314,1516,0.1388
206,1316,1522,0.1388
203,1315,1518,0.1388
208,1311,1519,0.1388
210,1307,1517,0.1388
211,1304,1515,0.1388
207,1309,1516,0.1388
205,1313,1518,0.1388
204,1311,1515,0.1388
205,1323,1528,0.1388
202,1325,1527,0.1388
202,1327,1529,0.1388
203,1333,1536,0.1388
199,1328,1527,0.1388
203,1324,1527,0.1388
199,1323,1522,0.1388
203,1328,1531,0.1388
197,1308,1505,0.1388
199,1317,1516,0.1388
199,1315,1514,0.1388
195,1303,1498,0.1388
189,1323,1512,0.1388
186,1320,1506,0.1388
182,1321,1503,0.1388
182,1329,1511,0.1388
183,1321,1504,0.1388
182,1321,1503,0.1388
182,1314,1496,0.1388
185,1326,1511,0.1388
181,1322,1503,0.1388
185,1320,1505,0.1388
186,1313,1499,0.1388
188,1319,1507,0.1388
183,1323,1506,0.1388
180,1326,1506,0.1388
179,1319,1498,0.1388
173,1328,1501,0.1388
173,1338,1511,0.1388
174,1336,1510,0.1388
171,1331,1502,0.1388
170,1327,1497,0.1388
173,1318,1491,0.1388
173,1329,1502,0.1388
169,1334,1503,0.1388
172,1342,1514,0.1388
173,1353,1526,0.1388
174,1351,1525,0.1388
176,1345,1521,0.1388
175,1351,1526,0.1388
172,1346,1518,0.1388
179,1357,1536,0.1388
175,1340,1515,0.1388
173,1350,1523,0.1388
171,1347,1518,0.1388
170,1345,1515,0.1388
172,1339,1511,0.1388
170,1353,1523,0.1388
166,1345,1511,0.1388
170,1352,1522,0.1388
170,1343,1513,0.1388
174,1342,1516,0.1388
173,1345,1518,0.1388
170,1343,1513,0.1388
173,1341,1514,0.1388
172,1345,1517,0.1388
172,1338,1510,0.1388
176,1332,1508,0.1388
174,1325,1499,0.1388
174,1336,1510,0.1388
173,1340,1513,0.1388
173,1334,1507,0.1388
167,1343,1510,0.1388
167,1327,1494,0.1388
165,1329,1494,0.1388
167,1341,1508,0.1388
167,1346,1513,0.1388
162,1340,1502,0.1388
157,1340,1497,0.1388
157,1344,1501,0.1388
159,1342,1501,0.1388
160,1351,1511,0.1388
158,1350,1508,0.1388
153,1352,1505,0.1388
156,1353,1509,0.1388
156,1362,1518,0.1388
157,1353,1510,0.1388
157,1357,1514,0.1388
153,1352,1505,0.1388
150,1361,1511,0.1388
151,1351,1502,0.1388
155,1343,1498,0.1388
155,1344,1499,0.1388
148,1355,1503,0.1388
151,1352,1503,0.1388
150,1344,1494,0.1388
151,1359,1510,0.1388
152,1359,1511,0.1388
149,1374,1523,0.1388
144,1360,1504,0.1388
149,1365,1514,0.1388
151,1373,1524,0.1388
152,1360,1512,0.1388
146,1366,1512,0.1388
149,1377,1526,0.1388
149,1374,1523,0.1388
147,1365,1512,0.1388
149,1377,1526,0.1388
146,1376,1522,0.1388
152,1360,1512,0.1388
151,1348,1499,0.1388
150,1363,1513,0.1388
149,1359,1508,0.1388
148,1362,1510,0.1388
146,1380,1526,0.1388
147,1386,1533,0.1388
150,1388,1538,0.1388
148,1381,1529,0.1388
145,1377,1522,0.1388
139,1369,1508,0.1388
139,1372,1511,0.1388
137,1369,1506,0.1388
139,1374,1513,0.1388
141,1372,1513,0.1388
146,1369,1515,0.1388
142,1371,1513,0.1388
143,1361,1504,0.1388
144,1368,1512,0.1388
147,1373,1520,0.1388
149,1390,1539,0.1388
151,1376,1527,0.1388
151,1366,1517,0.1388
150,1365,1515,0.1388
150,1373,1523,0.1388
155,1360,1515,0.1388
150,1366,1516,0.1388
150,1380,1530,0.1388
146,1370,1516,0.1388
147,1372,1519,0.1388
150,1369,1519,0.1388
149,1369,1518,0.1388
148,1365,1513,0.1388
149,1372,1521,0.1388
147,1368,1515,0.1388
146,1378,1524,0.1388
144,1371,1515,0.1388
147,1380,1527,0.1388
148,1383,1531,0.1388
146,1394,1540,0.1388
147,1382,1529,0.1388
145,1379,1524,0.1388
142,1384,1526,0.1388
143,1382,1525,0.1388
143,1367,1510,0.1388
142,1377,1519,0.1388
141,1372,1513,0.1388
143,1379,1522,0.1388
142,1383,1525,0.1388
138,1383,1521,0.1388
136,1380,1516,0.1388
132,1375,1507,0.1388
132,1370,1502,0.1388
132,1381,1513,0.1388
132,1374,1506,0.1388
128,1384,1512,0.1388
131,1378,1509,0.1388
131,1391,1522,0.1388
133,1391,1524,0.1388
129,1390,1519,0.1388
130,1389,1519,0.1388
125,1380,1505,0.1388
127,1398,1525,0.1388
123,1373,1496,0.1388
123,1385,1508,0.1388
123,1387,1510,0.1388
122,1392,1514,0.1388
122,1394,1516,0.1388
121,1395,1516,0.1388
119,1402,1521,0.1388
120,1396,1516,0.1388
117,1390,1507,0.1388
115,1382,1497,0.1388
117,1392,1509,0.1388
118,1405,1523,0.1388
120,1395,1515,0.1388
121,1404,1525,0.1388
122,1401,1523,0.1388
121,1404,1525,0.1388
116,1400,1516,0.1388
115,1392,1507,0.1388
116,1394,1510,0.1388
113,1400,1513,0.1388
112,1404,1516,0.1388
113,1402,1515,0.1388
113,1409,1522,0.1388
111,1401,1512,0.1388
110,1402,1512,0.1388
111,1406,1517,0.1388
113,1398,1511,0.1388
107,1387,1494,0.1388
107,1382,1489,0.1388
106,1389,1495,0.1388
104,1394,1498,0.1388
103,1400,1503,0.1388
99,1414,1513,0.1388
99,1416,1515,0.1388
100,1422,1522,0.1388
99,1411,1510,0.1388
97,1407,1504,0.1388
101,1420,1521,0.1388
101,1415,1516,0.1388
101,1410,1511,0.1388
99,1418,1517,0.1388
97,1419,1516,0.1388
97,1430,1527,0.1388
94,1418,1512,0.1388
96,1427,1523,0.1388
96,1429,1525,0.1388
90,1410,1500,0.1388
90,1417,1507,0.1388
88,1409,1497,0.1388
91,1421,1512,0.1388
93,1428,1521,0.1388
92,1427,1519,0.1388
91,1416,1507,0.1388
92,1418,1510,0.1388
90,1427,1517,0.1388
91,1430,1521,0.1388
87,1425,1512,0.1388
89,1440,1529,0.1388
87,1424,1511,0.1388
88,1422,1510,0.1388
89,1421,1510,0.1388
90,1407,1497,0.1388
91,1404,1495,0.1388
91,1410,1501,0.1388
94,1409,1503,0.1388
95,1409,1504,0.1388
100,1410,1510,0.1388
97,1411,1508,0.1388
98,1405,1503,0.1388
102,1401,1503,0.1388
96,1414,1510,0.1388
99,1410,1509,0.1388
98,1413,1511,0.1388
99,1411,1510,0.1388
99,1421,1520,0.1388
98,1413,1511,0.1388
95,1418,1513,0.1388
96,1423,1519,0.1388
94,1431,1525,0.1388
93,1430,1523,0.1388
92,1426,1518,0.1388
87,1431,1518,0.1388
90,1436,1526,0.1388
86,1426,1512,0.1388
85,1429,1514,0.1388
85,1429,1514,0.1388
83,1423,1506,0.1388
86,1434,1520,0.1388
84,1421,1505,0.1388
81,1427,1508,0.1388
77,1428,1505,0.1388
80,1426,1506,0.1388
79,1441,1520,0.1388
79,1440,1519,0.1388
82,1421,1503,0.1388
85,1429,1514,0.1388
85,1433,1518,0.1388
86,1441,1527,0.1388
87,1441,1528,0.1388
86,1433,1519,0.1388
85,1438,1523,0.1388
80,1431,1511,0.1388
82,1435,1517,0.1388
81,1430,1511,0.1388
79,1418,1497,0.1388
78,1417,1495,0.1388
79,1422,1501,0.1388
79,1418,1497,0.1388
80,1441,1521,0.1388
81,1440,1521,0.1388
79,1431,1510,0.1388
79,1436,1515,0.1388
77,1427,1504,0.1388
77,1441,1518,0.1388
79,1440,1519,0.1388
77,1449,1526,0.1388
76,1454,1530,0.1388
75,1452,1527,0.1388
75,1449,1524,0.1388
75,1437,1512,0.1388
76,1431,1507,0.1388
75,1433,1508,0.1388
76,1443,1519,0.1388
79,1437,1516,0.1388
79,1428,1507,0.1388
77,1435,1512,0.1388
76,1436,1512,0.1388
73,1428,1501,0.1388
74,1428,1502,0.1388
72,1442,1514,0.1388
70,1443,1513,0.1388
70,1442,1512,0.1388
70,1452,1522,0.1388
69,1444,1513,0.1388
69,1444,1513,0.1388
69,1447,1516,0.1388
67,1448,1515,0.1388
68,1444,1512,0.1388
66,1454,1520,0.1388
64,1441,1505,0.1388
64,1449,1513,0.1388
62,1455,1517,0.1388
61,1455,1516,0.1388
58,1462,1520,0.1388
60,1453,1513,0.1388
59,1450,1509,0.1388
58,1451,1509,0.1388
58,1431,1489,0.1388
58,1434,1492,0.1388
59,1439,1498,0.1388
59,1454,1513,0.1388
58,1455,1513,0.1388
54,1463,1517,0.1388
53,1461,1514,0.1388
55,1461,1516,0.1388
54,1457,1511,0.1388
57,1460,1517,0.1388
56,1450,1506,0.1388
55,1451,1506,0.1388
56,1458,1514,0.1388
56,1463,1519,0.1388
53,1468,1521,0.1388
53,1468,1521,0.1388
52,1467,1519,0.1388
49,1461,1510,0.1388
50,1474,1524,0.1388
49,1477,1526,0.1388
48,1468,1516,0.1388
47,1467,1514,0.1388
46,1472,1518,0.1388
46,1482,1528,0.1388
50,1480,1530,0.1388
50,1481,1531,0.1388
50,1476,1526,0.1388
52,1466,1518,0.1388
48,1461,1509,0.1388
45,1464,1509,0.1388
42,1472,1514,0.1388
41,1463,1504,0.1388
39,1473,1512,0.1388
40,1477,1517,0.1388
41,1483,1524,0.1388
43,1478,1521,0.1388
44,1487,1531,0.1388
45,1480,1525,0.1388
43,1465,1508,0.1388
40,1462,1502,0.1388
40,1470,1510,0.1388
41,1446,1487,0.1388
40,1453,1493,0.1388
40,1468,1508,0.1388
39,1460,1499,0.1388
37,1474,1511,0.1388
36,1456,1492,0.1388
37,1471,1508,0.1388
37,1479,1516,0.1388
37,1483,1520,0.1388
38,1482,1520,0.1388
40,1479,1519,0.1388
40,1472,1512,0.1388
39,1478,1517,0.1388
39,1471,1510,0.1388
37,1475,1512,0.1388
39,1485,1524,0.1388
40,1472,1512,0.1388
40,1467,1507,0.1388
42,1467,1509,0.1388
42,1464,1506,0.1388
39,1462,1501,0.1388
38,1453,1491,0.1388
40,1464,1504,0.1388
39,1463,1502,0.1388
40,1464,1504,0.1388
39,1467,1506,0.1388
39,1473,1512,0.1388
39,1466,1505,0.1388
37,1477,1514,0.1388
36,1480,1516,0.1388
36,1483,1519,0.1388
37,1472,1509,0.1388
37,1469,1506,0.1388
37,1476,1513,0.1388
36,1476,1512,0.1388
33,1483,1516,0.1388
32,1478,1510,0.1388
33,1476,1509,0.1388
33,1481,1514,0.1388
34,1485,1519,0.1388
36,1485,1521,0.1388
35,1484,1519,0.1388
36,1483,1519,0.1388
35,1484,1519,0.1388
35,1474,1509,0.1388
35,1487,1522,0.1388
35,1484,1519,0.1388
36,1482,1518,0.1388
39,1479,1518,0.1388
38,1473,1511,0.1388
40,1483,1523,0.1388
40,1471,1511,0.1388
41,1489,1530,0.1388
41,1482,1523,0.1388
42,1470,1512,0.1388
44,1474,1518,0.1388
42,1476,1518,0.1388
42,1481,1523,0.1388
42,1475,1517,0.1388
40,1466,1506,0.1388
39,1473,1512,0.1388
38,1476,1514,0.1388
39,1479,1518,0.1388
40,1484,1524,0.1388
39,1488,1527,0.1388
40,1489,1529,0.1388
38,1486,1524,0.1388
35,1484,1519,0.1388
34,1480,1514,0.1388
35,1495,1530,0.1388
35,1478,1513,0.1388
35,1483,1518,0.1388
36,1485,1521,0.1388
33,1489,1522,0.1388
32,1492,1524,0.1388
32,1493,1525,0.1388
30,1490,1520,0.1388
30,1483,1513,0.1388
30,1485,1515,0.1388
30,1481,1511,0.1388
29,1475,1504,0.1388
30,1473,1503,0.1388
30,1464,1494,0.1388
29,1469,1498,0.1388
30,1474,1504,0.1388
30,1488,1518,0.1388
29,1491,1520,0.1388
29,1488,1517,0.1388
29,1480,1509,0.1388
30,1484,1514,0.1388
29,1484,1513,0.1388
29,1497,1526,0.1388
29,1498,1527,0.1388
30,1492,1522,0.1388
31,1480,1511,0.1388
30,1472,1502,0.1388
31,1476,1507,0.1388
31,1486,1517,0.1388
29,1480,1509,0.1388
29,1484,1513,0.1388
30,1488,1518,0.1388
30,1486,1516,0.1388
28,1485,1513,0.1388
27,1478,1505,0.1388
27,1490,1517,0.1388
27,1497,1524,0.1388
27,1477,1504,0.1388
27,1476,1503,0.1388
27,1478,1505,0.1388
26,1487,1513,0.1388
26,1490,1516,0.1388
26,1495,1521,0.1388
28,1501,1529,0.1388
27,1499,1526,0.1388
27,1490,1517,0.1388
27,1501,1528,0.1388
26,1482,1508,0.1388
26,1481,1507,0.1388
27,1489,1516,0.1388
27,1477,1504,0.1388
28,1476,1504,0.1388
26,1468,1494,0.1388
24,1488,1512,0.1388
23,1495,1518,0.1388
22,1494,1516,0.1388
21,1486,1507,0.1388
20,1478,1498,0.1388
20,1492,1512,0.1388
19,1499,1518,0.1388
18,1503,1521,0.1388
18,1504,1522,0.1388
20,1495,1515,0.1388
20,1497,1517,0.1388
20,1502,1522,0.1388
20,1500,1520,0.1388
20,1501,1521,0.1388
20,1494,1514,0.1388
21,1486,1507,0.1388
22,1485,1507,0.1388
22,1495,1517,0.1388
22,1505,1527,0.1388
21,1500,1521,0.1388
21,1498,1519,0.1388
21,1502,1523,0.1388
19,1502,1521,0.1388
19,1494,1513,0.1388
19,1493,1512,0.1388
17,1497,1514,0.1388
17,1485,1502,0.1388
17,1506,1523,0.1388
17,1502,1519,0.1388
17,1512,1529,0.1388
17,1502,1519,0.1388
16,1507,1523,0.1388
16,1509,1525,0.1388
15,1506,1521,0.1388
15,1496,1511,0.1388
15,1504,1519,0.1388
16,1501,1517,0.1388
16,1503,1519,0.1388
15,1510,1525,0.1388
15,1504,1519,0.1388
16,1504,1520,0.1388
16,1504,1520,0.1388
16,1490,1506,0.1388
16,1498,1514,0.1388
17,1501,1518,0.1388
17,1508,1525,0.1388
17,1502,1519,0.1388
17,1500,1517,0.1388
17,1498,1515,0.1388
17,1496,1513,0.1388
17,1490,1507,0.1388
15,1507,1522,0.1388
14,1514,1528,0.1388
14,1513,1527,0.1388
14,1504,1518,0.1388
14,1480,1494,0.1388
14,1499,1513,0.1388
14,1493,1507,0.1388
14,1491,1505,0.1388
14,1501,1515,0.1388
16,1494,1510,0.1388
14,1489,1503,0.1388
13,1502,1515,0.1388
14,1503,1517,0.1388
13,1508,1521,0.1388
12,1507,1519,0.1388
12,1514,1526,0.1388
12,1508,1520,0.1388
13,1508,1521,0.1388
12,1500,1512,0.1388
12,1499,1511,0.1388
12,1513,1525,0.1388
14,1506,1520,0.1388
15,1509,1524,0.1388
16,1496,1512,0.1388
16,1504,1520,0.1388
14,1494,1508,0.1388
14,1506,1520,0.1388
15,1509,1524,0.1388
14,1507,1521,0.1388
12,1507,1519,0.1388
13,1492,1505,0.1388
13,1495,1508,0.1388
14,1489,1503,0.1388
15,1493,1508,0.1388
15,1502,1517,0.1388
15,1499,1514,0.1388
16,1499,1515,0.1388
15,1485,1500,0.1388
17,1490,1507,0.1388
17,1501,1518,0.1388
17,1502,1519,0.1388
16,1501,1517,0.1388
16,1507,1523,0.1388
16,1511,1527,0.1388
16,1510,1526,0.1388
16,1503,1519,0.1388
18,1505,1523,0.1388
18,1488,1506,0.1388
17,1494,1511,0.1388
17,1490,1507,0.1388
18,1474,1492,0.1388
17,1485,1502,0.1388
17,1478,1495,0.1388
16,1485,1501,0.1388
14,1493,1507,0.1388
16,1498,1514,0.1388
17,1512,1529,0.1388
17,1512,1529,0.1388
17,1500,1517,0.1388
17,1510,1527,0.1388
17,1514,1531,0.1388
17,1504,1521,0.1388
17,1498,1515,0.1388
17,1491,1508,0.1388
17,1511,1528,0.1388
17,1514,1531,0.1388
15,1507,1522,0.1388
14,1502,1516,0.1388
14,1500,1514,0.1388
14,1506,1520,0.1388
13,1507,1520,0.1388
14,1499,1513,0.1388
13,1505,1518,0.1388
13,1506,1519,0.1388
14,1500,1514,0.1388
13,1511,1524,0.1388
13,1522,1535,0.1388
14,1515,1529,0.1388
14,1507,1521,0.1388
14,1490,1504,0.1388
14,1501,1515,0.1388
15,1502,1517,0.1388
15,1502,1517,0.1388
14,1516,1530,0.1388
15,1509,1524,0.1388
14,1502,1516,0.1388
14,1496,1510,0.1388
14,1497,1511,0.1388
14,1486,1500,0.1388
16,1482,1498,0.1388
17,1504,1521,0.1388
17,1501,1518,0.1388
17,1494,1511,0.1388
17,1505,1522,0.1388
18,1509,1527,0.1388
17,1505,1522,0.1388
16,1501,1517,0.1388
16,1489,1505,0.1388
16,1506,1522,0.1388
16,1514,1530,0.1388
15,1509,1524,0.1388
14,1515,1529,0.1388
15,1508,1523,0.1388
16,1504,1520,0.1388
16,1505,1521,0.1388
15,1498,1513,0.1388
15,1494,1509,0.1388
16,1494,1510,0.1388
17,1491,1508,0.1388
17,1483,1500,0.1388
16,1501,1517,0.1388
16,1515,1531,0.1388
16,1510,1526,0.1388
16,1502,1518,0.1388
17,1499,1516,0.1388
15,1504,1519,0.1388
14,1516,1530,0.1388
14,1518,1532,0.1388
14,1502,1516,0.1388
14,1501,1515,0.1388
14,1498,1512,0.1388
13,1495,1508,0.1388
13,1512,1525,0.1388
12,1499,1511,0.1388
13,1497,1510,0.1388
14,1516,1530,0.1388
13,1516,1529,0.1388
12,1505,1517,0.1388
10,1515,1525,0.1388
10,1499,1509,0.1388
11,1502,1513,0.1388
12,1506,1518,0.1388
13,1506,1519,0.1388
12,1498,1510,0.1388
13,1502,1515,0.1388
13,1495,1508,0.1388
12,1507,1519,0.1388
12,1499,1511,0.1388
12,1515,1527,0.1388
11,1505,1516,0.1388
12,1510,1522,0.1388
12,1509,1521,0.1388
11,1517,1528,0.1388
12,1510,1522,0.1388
12,1515,1527,0.1388
12,1520,1532,0.1388
12,1514,1526,0.1388
10,1509,1519,0.1388
10,1509,1519,0.1388
9,1508,1517,0.1388
9,1516,1525,0.1388
9,1513,1522,0.1388
9,1497,1506,0.1388
9,1490,1499,0.1388
9,1510,1519,0.1388
9,1495,1504,0.1388
9,1514,1523,0.1388
9,1522,1531,0.1388
9,1525,1534,0.1388
9,1503,1512,0.1388
9,1507,1516,0.1388
7,1514,1521,0.1388
7,1534,1541,0.1388
8,1506,1514,0.1388
7,1506,1513,0.1388
7,1505,1512,0.1388
7,1497,1504,0.1388
7,1495,1502,0.1388
7,1501,1508,0.1388
8,1493,1501,0.1388
8,1509,1517,0.1388
8,1497,1505,0.1388
8,1507,1515,0.1388
7,1498,1505,0.1388
7,1505,1512,0.1388
7,1510,1517,0.1388
7,1520,1527,0.1388
8,1509,1517,0.1388
8,1511,1519,0.1388
8,1516,1524,0.1388
8,1511,1519,0.1388
9,1521,1530,0.1388
9,1522,1531,0.1388
9,1517,1526,0.1388
9,1510,1519,0.1388
9,1510,1519,0.1388
9,1509,1518,0.1388
10,1508,1518,0.1388
10,1494,1504,0.1388
11,1491,1502,0.1388
11,1493,1504,0.1388
11,1494,1505,0.1388
11,1480,1491,0.1388
10,1492,1502,0.1388
10,1510,1520,0.1388
10,1497,1507,0.1388
9,1509,1518,0.1388
10,1509,1519,0.1388
11,1506,1517,0.1388
11,1522,1533,0.1388
11,1515,1526,0.1388
9,1503,1512,0.1388
9,1510,1519,0.1388
9,1517,1526,0.1388
8,1513,1521,0.1388
8,1510,1518,0.1388
9,1505,1514,0.1388
7,1501,1508,0.1388
7,1502,1509,0.1388
8,1504,1512,0.1388
7,1523,1530,0.1388
6,1521,1527,0.1388
6,1513,1519,0.1388
6,1519,1525,0.1388
5,1531,1536,0.1388
5,1526,1531,0.1388
4,1519,1523,0.1388
4,1520,1524,0.1388
4,1527,1531,0.1388
4,1516,1520,0.1388
4,1509,1513,0.1388
3,1494,1497,0.1388
3,1516,1519,0.1388
3,1525,1528,0.1388
3,1520,1523,0.1388
3,1521,1524,0.1388
3,1519,1522,0.1388
4,1518,1522,0.1388
4,1502,1506,0.1388
4,1505,1509,0.1388
4,1506,1510,0.1388
4,1496,1500,0.1388
3,1492,1495,0.1388
3,1486,1489,0.1388
3,1483,1486,0.1388
3,1507,1510,0.1388
3,1524,1527,0.1388
2,1509,1511,0.1388
2,1503,1505,0.1388
2,1502,1504,0.1388
2,1506,1508,0.1388
2,1507,1509,0.1388
2,1502,1504,0.1388
2,1508,1510,0.1388
2,1504,1506,0.1388
2,1518,1520,0.1388
2,1510,1512,0.1388
2,1510,1512,0.1388
2,1511,1513,0.1388
3,1501,1504,0.1388
3,1500,1503,0.1388
3,1508,1511,0.1388
2,1518,1520,0.1388
2,1505,1507,0.1388
2,1505,1507,0.1388
2,1508,1510,0.1388
1,1514,1515,0.1388
1,1523,1524,0.1388
1,1522,1523,0.1388
1,1505,1506,0.1388
1,1508,1509,0.1388
1,1520,1521,0.1388
1,1518,1519,0.1388
1,1512,1513,0.1388
1,1509,1510,0.1388
1,1515,1516,0.1388
1,1516,1517,0.1388
1,1509,1510,0.1388
1,1506,1507,0.1388
1,1511,1512,0.1388
1,1515,1516,0.1388
1,1512,1513,0.1388
1,1520,1521,0.1388
1,1524,1525,0.1388
1,1514,1515,0.1388
1,1526,1527,0.1388
1,1526,1527,0.1388
1,1522,1523,0.1388
1,1512,1513,0.1388
1,1520,1521,0.1388
1,1523,1524,0.1388
1,1533,1534,0.1388
1,1529,1530,0.1388
0,1517,1517,0.1388
