1380,29,1409,0.1388
1404,31,1435,0.1388
1419,31,1450,0.1388
1438,33,1471,0.1388
1447,33,1480,0.1388
1445,35,1480,0.1388
1448,36,1484,0.1388
1443,36,1479,0.1388
1457,34,1491,0.1388
1455,33,1488,0.1388
1457,33,1490,0.1388
1458,33,1491,0.1388
1451,33,1484,0.1388
1453,33,1486,0.1388
1441,34,1475,0.1388
1448,35,1483,0.1388
1455,34,1489,0.1388
1470,33,1503,0.1388
1475,34,1509,0.1388
1463,36,1499,0.1388
1451,36,1487,0.1388
1454,37,1491,0.1388
1461,35,1496,0.1388
1455,35,1490,0.1388
1462,36,1498,0.1388
1465,36,1501,0.1388
1470,37,1507,0.1388
1474,38,1512,0.1388
1475,36,1511,0.1388
1461,38,1499,0.1388
1454,37,1491,0.1388
1459,36,1495,0.1388
1460,35,1495,0.1388
1460,35,1495,0.1388
1469,33,1502,0.1388
1469,33,1502,0.1388
1471,35,1506,0.1388
1467,37,1504,0.1388
1475,40,1515,0.1388
1468,39,1507,0.1388
1459,40,1499,0.1388
1457,39,1496,0.1388
1456,41,1497,0.1388
1460,40,1500,0.1388
1459,39,1498,0.1388
1451,38,1489,0.1388
1468,39,1507,0.1388
1462,41,1503,0.1388
1472,40,1512,0.1388
1463,39,1502,0.1388
1459,40,1499,0.1388
1465,39,1504,0.1388
1460,39,1499,0.1388
1459,39,1498,0.1388
1463,38,1501,0.1388
1457,39,1496,0.1388
1461,37,1498,0.1388
1454,39,1493,0.1388
1446,40,1486,0.1388
1447,42,1489,0.1388
1436,43,1479,0.1388
1444,43,1487,0.1388
1449,43,1492,0.1388
1439,43,1482,0.1388
1453,42,1495,0.1388
1466,40,1506,0.1388
1475,39,1514,0.1388
1460,37,1497,0.1388
1465,36,1501,0.1388
1465,35,1500,0.1388
1461,35,1496,0.1388
1468,35,1503,0.1388
1457,36,1493,0.1388
1452,39,1491,0.1388
1465,39,1504,0.1388
1459,39,1498,0.1388
1463,38,1501,0.1388
1459,38,1497,0.1388
1453,38,1491,0.1388
1450,36,1486,0.1388
1450,36,1486,0.1388
1442,35,1477,0.1388
1446,37,1483,0.1388
1436,37,1473,0.1388
1435,34,1469,0.1388
1437,36,1473,0.1388
1434,35,1469,0.1388
1448,35,1483,0.1388
1462,36,1498,0.1388
1448,34,1482,0.1388
1444,34,1478,0.1388
1453,31,1484,0.1388
1457,32,1489,0.1388
1459,34,1493,0.1388
1463,31,1494,0.1388
1469,38,1507,0.1388
1475,36,1511,0.1388
1464,36,1500,0.1388
1452,34,1486,0.1388
1463,33,1496,0.1388
1465,32,1497,0.1388
1469,33,1502,0.1388
1462,33,1495,0.1388
1458,34,1492,0.1388
1457,34,1491,0.1388
1461,34,1495,0.1388
1462,31,1493,0.1388
1469,31,1500,0.1388
1454,33,1487,0.1388
1451,33,1484,0.1388
1446,32,1478,0.1388
1448,31,1479,0.1388
1449,31,1480,0.1388
1460,31,1491,0.1388
1460,33,1493,0.1388
1457,32,1489,0.1388
1452,32,1484,0.1388
1467,31,1498,0.1388
1461,31,1492,0.1388
1461,31,1492,0.1388
1459,32,1491,0.1388
1459,33,1492,0.1388
1462,33,1495,0.1388
1444,36,1480,0.1388
1460,38,1498,0.1388
1456,38,1494,0.1388
1465,39,1504,0.1388
1459,38,1497,0.1388
1468,38,1506,0.1388
1454,40,1494,0.1388
1458,41,1499,0.1388
1453,41,1494,0.1388
1455,43,1498,0.1388
1451,46,1497,0.1388
1447,45,1492,0.1388
1443,46,1489,0.1388
1440,49,1489,0.1388
1437,52,1489,0.1388
1434,52,1486,0.1388
1432,51,1483,0.1388
1449,53,1502,0.1388
1446,54,1500,0.1388
1435,53,1488,0.1388
1437,52,1489,0.1388
1431,55,1486,0.1388
1439,56,1495,0.1388
1433,58,1491,0.1388
1430,57,1487,0.1388
1433,57,1490,0.1388
1437,54,1491,0.1388
1434,53,1487,0.1388
1447,51,1498,0.1388
1432,52,1484,0.1388
1427,55,1482,0.1388
1415,57,1472,0.1388
1441,58,1499,0.1388
1442,56,1498,0.1388
1450,56,1506,0.1388
1451,54,1505,0.1388
1444,52,1496,0.1388
1436,54,1490,0.1388
1437,55,1492,0.1388
1446,55,1501,0.1388
1441,57,1498,0.1388
1442,55,1497,0.1388
1447,55,1502,0.1388
1452,52,1504,0.1388
1452,54,1506,0.1388
1454,54,1508,0.1388
1456,54,1510,0.1388
1446,54,1500,0.1388
1451,53,1504,0.1388
1449,53,1502,0.1388
1451,54,1505,0.1388
1440,53,1493,0.1388
1446,50,1496,0.1388
1455,50,1505,0.1388
1453,47,1500,0.1388
1446,48,1494,0.1388
1445,49,1494,0.1388
1441,53,1494,0.1388
1454,52,1506,0.1388
1450,50,1500,0.1388
1445,51,1496,0.1388
1452,52,1504,0.1388
1453,52,1505,0.1388
1440,50,1490,0.1388
1434,48,1482,0.1388
1443,49,1492,0.1388
1439,50,1489,0.1388
1443,49,1492,0.1388
1445,49,1494,0.1388
1451,50,1501,0.1388
1449,51,1500,0.1388
1443,50,1493,0.1388
1443,51,1494,0.1388
1433,51,1484,0.1388
1430,50,1480,0.1388
1439,52,1491,0.1388
1440,52,1492,0.1388
1439,51,1490,0.1388
1430,50,1480,0.1388
1424,50,1474,0.1388
1436,49,1485,0.1388
1424,50,1474,0.1388
1425,49,1474,0.1388
1419,47,1466,0.1388
1416,46,1462,0.1388
1437,46,1483,0.1388
1441,45,1486,0.1388
1456,45,1501,0.1388
1455,46,1501,0.1388
1452,47,1499,0.1388
1450,46,1496,0.1388
1459,45,1504,0.1388
1457,43,1500,0.1388
1464,44,1508,0.1388
1447,44,1491,0.1388
1466,45,1511,0.1388
1459,43,1502,0.1388
1455,46,1501,0.1388
1459,45,1504,0.1388
1460,46,1506,0.1388
1465,47,1512,0.1388
1460,46,1506,0.1388
1446,46,1492,0.1388
1431,46,1477,0.1388
1434,46,1480,0.1388
1457,44,1501,0.1388
1456,43,1499,0.1388
1471,45,1516,0.1388
1466,45,1511,0.1388
1459,46,1505,0.1388
1446,47,1493,0.1388
1440,47,1487,0.1388
1442,45,1487,0.1388
1440,44,1484,0.1388
1449,48,1497,0.1388
1456,50,1506,0.1388
1454,49,1503,0.1388
1453,48,1501,0.1388
1457,49,1506,0.1388
1453,48,1501,0.1388
1456,46,1502,0.1388
1460,45,1505,0.1388
1448,47,1495,0.1388
1454,48,1502,0.1388
1441,47,1488,0.1388
1441,49,1490,0.1388
1445,50,1495,0.1388
1446,51,1497,0.1388
1448,49,1497,0.1388
1454,51,1505,0.1388
1450,51,1501,0.1388
1450,50,1500,0.1388
1460,53,1513,0.1388
1463,50,1513,0.1388
1455,49,1504,0.1388
1451,46,1497,0.1388
1443,47,1490,0.1388
1440,47,1487,0.1388
1443,47,1490,0.1388
1449,49,1498,0.1388
1454,50,1504,0.1388
1457,50,1507,0.1388
1452,50,1502,0.1388
1442,51,1493,0.1388
1435,50,1485,0.1388
1446,51,1497,0.1388
1446,53,1499,0.1388
1448,55,1503,0.1388
1434,59,1493,0.1388
1433,61,1494,0.1388
1428,62,1490,0.1388
1433,60,1493,0.1388
1446,61,1507,0.1388
1424,62,1486,0.1388
1432,62,1494,0.1388
1443,64,1507,0.1388
1417,62,1479,0.1388
1418,62,1480,0.1388
1430,63,1493,0.1388
1428,62,1490,0.1388
1422,63,1485,0.1388
1422,64,1486,0.1388
1434,63,1497,0.1388
1434,61,1495,0.1388
1428,64,1492,0.1388
1426,63,1489,0.1388
1425,63,1488,0.1388
1419,64,1483,0.1388
1414,62,1476,0.1388
1424,59,1483,0.1388
1431,61,1492,0.1388
1435,54,1489,0.1388
1436,56,1492,0.1388
1436,55,1491,0.1388
1432,54,1486,0.1388
1440,53,1493,0.1388
1426,49,1475,0.1388
1424,53,1477,0.1388
1437,50,1487,0.1388
1451,51,1502,0.1388
1443,55,1498,0.1388
1449,56,1505,0.1388
1439,56,1495,0.1388
1440,57,1497,0.1388
1444,59,1503,0.1388
1437,60,1497,0.1388
1449,57,1506,0.1388
1437,58,1495,0.1388
1441,58,1499,0.1388
1435,58,1493,0.1388
1449,59,1508,0.1388
1456,59,1515,0.1388
1448,57,1505,0.1388
1435,57,1492,0.1388
1427,61,1488,0.1388
1409,62,1471,0.1388
1409,59,1468,0.1388
1403,60,1463,0.1388
1399,56,1455,0.1388
1418,60,1478,0.1388
1428,60,1488,0.1388
1428,60,1488,0.1388
1438,61,1499,0.1388
1428,61,1489,0.1388
1421,60,1481,0.1388
1418,61,1479,0.1388
1428,58,1486,0.1388
1420,57,1477,0.1388
1428,57,1485,0.1388
1418,58,1476,0.1388
1421,62,1483,0.1388
1418,64,1482,0.1388
1418,61,1479,0.1388
1415,59,1474,0.1388
1415,58,1473,0.1388
1427,61,1488,0.1388
1427,60,1487,0.1388
1425,57,1482,0.1388
1417,55,1472,0.1388
1416,55,1471,0.1388
1432,55,1487,0.1388
1447,56,1503,0.1388
1442,57,1499,0.1388
1445,58,1503,0.1388
1439,58,1497,0.1388
1420,55,1475,0.1388
1425,57,1482,0.1388
1430,58,1488,0.1388
1439,56,1495,0.1388
1447,55,1502,0.1388
1421,55,1476,0.1388
1422,58,1480,0.1388
1432,60,1492,0.1388
1453,58,1511,0.1388
1447,60,1507,0.1388
1449,60,1509,0.1388
1442,61,1503,0.1388
1447,59,1506,0.1388
1451,59,1510,0.1388
1443,56,1499,0.1388
1436,57,1493,0.1388
1437,58,1495,0.1388
1442,58,1500,0.1388
1437,57,1494,0.1388
1446,57,1503,0.1388
1432,57,1489,0.1388
1436,57,1493,0.1388
1440,56,1496,0.1388
1444,57,1501,0.1388
1441,58,1499,0.1388
1439,55,1494,0.1388
1437,56,1493,0.1388
1441,56,1497,0.1388
1449,59,1508,0.1388
1447,58,1505,0.1388
1442,55,1497,0.1388
1447,57,1504,0.1388
1451,57,1508,0.1388
1453,56,1509,0.1388
1451,55,1506,0.1388
1450,55,1505,0.1388
1440,58,1498,0.1388
1438,55,1493,0.1388
1429,56,1485,0.1388
1421,56,1477,0.1388
1417,55,1472,0.1388
1431,58,1489,0.1388
1453,59,1512,0.1388
1450,57,1507,0.1388
1453,59,1512,0.1388
1446,60,1506,0.1388
1452,58,1510,0.1388
1455,59,1514,0.1388
1453,60,1513,0.1388
1434,60,1494,0.1388
1424,58,1482,0.1388
1415,60,1475,0.1388
1422,61,1483,0.1388
1413,61,1474,0.1388
1420,62,1482,0.1388
1415,63,1478,0.1388
1426,62,1488,0.1388
1429,63,1492,0.1388
1424,64,1488,0.1388
1421,64,1485,0.1388
1418,62,1480,0.1388
1425,63,1488,0.1388
1425,62,1487,0.1388
1439,60,1499,0.1388
1445,66,1511,0.1388
1437,66,1503,0.1388
1442,66,1508,0.1388
1441,66,1507,0.1388
1427,69,1496,0.1388
1423,70,1493,0.1388
1428,69,1497,0.1388
1433,69,1502,0.1388
1411,68,1479,0.1388
1411,70,1481,0.1388
1413,74,1487,0.1388
1407,74,1481,0.1388
1411,69,1480,0.1388
1412,72,1484,0.1388
1428,74,1502,0.1388
1435,76,1511,0.1388
1434,77,1511,0.1388
1425,79,1504,0.1388
1406,79,1485,0.1388
1398,80,1478,0.1388
1386,82,1468,0.1388
1394,83,1477,0.1388
1412,83,1495,0.1388
1413,87,1500,0.1388
1416,82,1498,0.1388
1427,81,1508,0.1388
1414,77,1491,0.1388
1423,75,1498,0.1388
1418,79,1497,0.1388
1419,82,1501,0.1388
1411,81,1492,0.1388
1419,82,1501,0.1388
1419,79,1498,0.1388
1421,79,1500,0.1388
1411,78,1489,0.1388
1410,76,1486,0.1388
1410,77,1487,0.1388
1420,83,1503,0.1388
1425,83,1508,0.1388
1423,82,1505,0.1388
1421,84,1505,0.1388
1416,83,1499,0.1388
1409,84,1493,0.1388
1403,87,1490,0.1388
1391,84,1475,0.1388
1388,83,1471,0.1388
1386,84,1470,0.1388
1377,86,1463,0.1388
1390,86,1476,0.1388
1402,89,1491,0.1388
1400,90,1490,0.1388
1406,91,1497,0.1388
1413,91,1504,0.1388
1417,92,1509,0.1388
1397,92,1489,0.1388
1401,90,1491,0.1388
1395,96,1491,0.1388
1389,92,1481,0.1388
1385,90,1475,0.1388
1384,91,1475,0.1388
1394,85,1479,0.1388
1407,85,1492,0.1388
1405,85,1490,0.1388
1397,86,1483,0.1388
1405,83,1488,0.1388
1391,80,1471,0.1388
1388,79,1467,0.1388
1391,81,1472,0.1388
1401,85,1486,0.1388
1409,86,1495,0.1388
1409,86,1495,0.1388
1409,92,1501,0.1388
1406,91,1497,0.1388
1393,91,1484,0.1388
1402,92,1494,0.1388
1393,94,1487,0.1388
1392,96,1488,0.1388
1406,96,1502,0.1388
1399,96,1495,0.1388
1396,99,1495,0.1388
1381,98,1479,0.1388
1385,97,1482,0.1388
1395,100,1495,0.1388
1397,97,1494,0.1388
1395,97,1492,0.1388
1405,98,1503,0.1388
1403,102,1505,0.1388
1386,102,1488,0.1388
1388,103,1491,0.1388
1403,103,1506,0.1388
1388,104,1492,0.1388
1388,102,1490,0.1388
1373,102,1475,0.1388
1381,99,1480,0.1388
1390,97,1487,0.1388
1400,95,1495,0.1388
1401,97,1498,0.1388
1397,93,1490,0.1388
1400,91,1491,0.1388
1384,93,1477,0.1388
1387,93,1480,0.1388
1380,93,1473,0.1388
1379,93,1472,0.1388
1383,91,1474,0.1388
1379,91,1470,0.1388
1386,95,1481,0.1388
1375,93,1468,0.1388
1376,97,1473,0.1388
1371,100,1471,0.1388
1365,100,1465,0.1388
1374,100,1474,0.1388
1377,98,1475,0.1388
1386,95,1481,0.1388
1401,92,1493,0.1388
1392,93,1485,0.1388
1404,94,1498,0.1388
1399,99,1498,0.1388
1414,98,1512,0.1388
1401,97,1498,0.1388
1395,97,1492,0.1388
1382,98,1480,0.1388
1383,100,1483,0.1388
1382,101,1483,0.1388
1385,99,1484,0.1388
1388,101,1489,0.1388
1388,106,1494,0.1388
1398,108,1506,0.1388
1397,107,1504,0.1388
1395,106,1501,0.1388
1369,104,1473,0.1388
1376,105,1481,0.1388
1397,105,1502,0.1388
1392,106,1498,0.1388
1397,107,1504,0.1388
1390,108,1498,0.1388
1401,107,1508,0.1388
1386,106,1492,0.1388
1383,108,1491,0.1388
1375,111,1486,0.1388
1383,114,1497,0.1388
1376,114,1490,0.1388
1380,114,1494,0.1388
1377,115,1492,0.1388
1382,118,1500,0.1388
1383,119,1502,0.1388
1390,118,1508,0.1388
1386,120,1506,0.1388
1391,126,1517,0.1388
1384,130,1514,0.1388
1382,132,1514,0.1388
1380,127,1507,0.1388
1381,129,1510,0.1388
1381,129,1510,0.1388
1375,129,1504,0.1388
1379,127,1506,0.1388
1371,133,1504,0.1388
1363,130,1493,0.1388
1359,128,1487,0.1388
1359,132,1491,0.1388
1367,133,1500,0.1388
1370,131,1501,0.1388
1368,132,1500,0.1388
1358,135,1493,0.1388
1359,137,1496,0.1388
1367,136,1503,0.1388
1370,137,1507,0.1388
1373,135,1508,0.1388
1367,138,1505,0.1388
1362,139,1501,0.1388
1362,138,1500,0.1388
1342,140,1482,0.1388
1339,139,1478,0.1388
1340,142,1482,0.1388
1345,143,1488,0.1388
1356,146,1502,0.1388
1354,148,1502,0.1388
1350,145,1495,0.1388
1356,145,1501,0.1388
1363,145,1508,0.1388
1369,146,1515,0.1388
1377,150,1527,0.1388
1360,148,1508,0.1388
1360,149,1509,0.1388
1353,153,1506,0.1388
1353,154,1507,0.1388
1360,154,1514,0.1388
1357,153,1510,0.1388
1339,152,1491,0.1388
1349,154,1503,0.1388
1352,155,1507,0.1388
1347,157,1504,0.1388
1340,158,1498,0.1388
1327,156,1483,0.1388
1324,160,1484,0.1388
1327,163,1490,0.1388
1331,169,1500,0.1388
1312,168,1480,0.1388
1322,172,1494,0.1388
1328,173,1501,0.1388
1337,169,1506,0.1388
1340,172,1512,0.1388
1346,165,1511,0.1388
1340,168,1508,0.1388
1345,167,1512,0.1388
1346,167,1513,0.1388
1329,165,1494,0.1388
1327,167,1494,0.1388
1324,173,1497,0.1388
1333,167,1500,0.1388
1329,170,1499,0.1388
1326,174,1500,0.1388
1316,178,1494,0.1388
1305,174,1479,0.1388
1306,173,1479,0.1388
1324,174,1498,0.1388
1321,176,1497,0.1388
1335,179,1514,0.1388
1332,178,1510,0.1388
1336,174,1510,0.1388
1338,173,1511,0.1388
1327,168,1495,0.1388
1329,168,1497,0.1388
1341,172,1513,0.1388
1334,169,1503,0.1388
1344,167,1511,0.1388
1350,168,1518,0.1388
1341,168,1509,0.1388
1336,173,1509,0.1388
1330,175,1505,0.1388
1327,179,1506,0.1388
1331,179,1510,0.1388
1319,176,1495,0.1388
1312,178,1490,0.1388
1309,180,1489,0.1388
1301,183,1484,0.1388
1305,188,1493,0.1388
1302,187,1489,0.1388
1308,182,1490,0.1388
1317,184,1501,0.1388
1304,189,1493,0.1388
1301,185,1486,0.1388
1315,188,1503,0.1388
1317,190,1507,0.1388
1316,191,1507,0.1388
1301,194,1495,0.1388
1300,194,1494,0.1388
1306,194,1500,0.1388
1305,196,1501,0.1388
1299,195,1494,0.1388
1294,190,1484,0.1388
1293,193,1486,0.1388
1294,194,1488,0.1388
1288,200,1488,0.1388
1290,201,1491,0.1388
1298,204,1502,0.1388
1288,209,1497,0.1388
1309,206,1515,0.1388
1304,206,1510,0.1388
1308,203,1511,0.1388
1303,196,1499,0.1388
1319,197,1516,0.1388
1317,198,1515,0.1388
1307,198,1505,0.1388
1300,205,1505,0.1388
1283,207,1490,0.1388
1293,208,1501,0.1388
1299,205,1504,0.1388
1299,202,1501,0.1388
1303,201,1504,0.1388
1292,197,1489,0.1388
1301,199,1500,0.1388
1287,201,1488,0.1388
1286,202,1488,0.1388
1289,204,1493,0.1388
1295,200,1495,0.1388
1288,201,1489,0.1388
1303,200,1503,0.1388
1299,200,1499,0.1388
1288,206,1494,0.1388
1297,205,1502,0.1388
1301,210,1511,0.1388
1298,212,1510,0.1388
1290,209,1499,0.1388
1293,209,1502,0.1388
1287,216,1503,0.1388
1280,216,1496,0.1388
1288,218,1506,0.1388
1282,219,1501,0.1388
1302,215,1517,0.1388
1293,215,1508,0.1388
1269,216,1485,0.1388
1261,216,1477,0.1388
1252,212,1464,0.1388
1272,206,1478,0.1388
1273,203,1476,0.1388
1269,204,1473,0.1388
1292,205,1497,0.1388
1300,207,1507,0.1388
1303,205,1508,0.1388
1296,207,1503,0.1388
1288,207,1495,0.1388
1289,213,1502,0.1388
1290,210,1500,0.1388
1287,216,1503,0.1388
1274,211,1485,0.1388
1269,213,1482,0.1388
1258,219,1477,0.1388
1270,218,1488,0.1388
1265,227,1492,0.1388
1270,230,1500,0.1388
1264,233,1497,0.1388
1258,233,1491,0.1388
1250,229,1479,0.1388
1257,232,1489,0.1388
1256,233,1489,0.1388
1243,236,1479,0.1388
1242,237,1479,0.1388
1231,232,1463,0.1388
1251,233,1484,0.1388
1251,234,1485,0.1388
1268,232,1500,0.1388
1268,236,1504,0.1388
1268,238,1506,0.1388
1272,232,1504,0.1388
1277,232,1509,0.1388
1266,235,1501,0.1388
1262,230,1492,0.1388
1254,229,1483,0.1388
1250,229,1479,0.1388
1265,234,1499,0.1388
1265,235,1500,0.1388
1259,233,1492,0.1388
1242,233,1475,0.1388
1249,236,1485,0.1388
1255,241,1496,0.1388
1253,237,1490,0.1388
1259,236,1495,0.1388
1261,242,1503,0.1388
1268,244,1512,0.1388
1265,243,1508,0.1388
1263,246,1509,0.1388
1265,249,1514,0.1388
1259,246,1505,0.1388
1263,243,1506,0.1388
1268,248,1516,0.1388
1260,250,1510,0.1388
1250,248,1498,0.1388
1251,245,1496,0.1388
1245,250,1495,0.1388
1235,249,1484,0.1388
1247,249,1496,0.1388
1251,244,1495,0.1388
1251,243,1494,0.1388
1247,250,1497,0.1388
1247,249,1496,0.1388
1260,251,1511,0.1388
1264,245,1509,0.1388
1264,243,1507,0.1388
1244,247,1491,0.1388
1240,248,1488,0.1388
1231,248,1479,0.1388
1234,249,1483,0.1388
1254,246,1500,0.1388
1244,248,1492,0.1388
1257,250,1507,0.1388
1257,246,1503,0.1388
1253,247,1500,0.1388
1248,248,1496,0.1388
1249,249,1498,0.1388
1251,248,1499,0.1388
1258,245,1503,0.1388
1265,242,1507,0.1388
1269,242,1511,0.1388
1261,245,1506,0.1388
1255,251,1506,0.1388
1243,256,1499,0.1388
1241,255,1496,0.1388
1245,255,1500,0.1388
1250,256,1506,0.1388
1243,263,1506,0.1388
1246,264,1510,0.1388
1236,265,1501,0.1388
1236,263,1499,0.1388
1237,266,1503,0.1388
1234,265,1499,0.1388
1235,266,1501,0.1388
1225,263,1488,0.1388
1218,263,1481,0.1388
1225,261,1486,0.1388
1228,258,1486,0.1388
1235,258,1493,0.1388
1231,264,1495,0.1388
1221,267,1488,0.1388
1232,267,1499,0.1388
1241,266,1507,0.1388
1235,270,1505,0.1388
1245,273,1518,0.1388
1236,268,1504,0.1388
1225,272,1497,0.1388
1225,275,1500,0.1388
1234,275,1509,0.1388
1237,275,1512,0.1388
1236,276,1512,0.1388
1233,277,1510,0.1388
1233,280,1513,0.1388
1239,277,1516,0.1388
1227,280,1507,0.1388
1218,276,1494,0.1388
1217,270,1487,0.1388
1227,278,1505,0.1388
1231,276,1507,0.1388
1225,279,1504,0.1388
1217,278,1495,0.1388
1206,278,1484,0.1388
1209,277,1486,0.1388
1215,282,1497,0.1388
1214,280,1494,0.1388
1224,283,1507,0.1388
1212,283,1495,0.1388
1209,288,1497,0.1388
1215,293,1508,0.1388
1199,291,1490,0.1388
1202,296,1498,0.1388
1202,299,1501,0.1388
1194,298,1492,0.1388
1192,298,1490,0.1388
1186,297,1483,0.1388
1185,296,1481,0.1388
1194,305,1499,0.1388
1188,302,1490,0.1388
1190,301,1491,0.1388
1199,301,1500,0.1388
1195,299,1494,0.1388
1188,301,1489,0.1388
1187,297,1484,0.1388
1194,293,1487,0.1388
1210,296,1506,0.1388
1209,297,1506,0.1388
1199,304,1503,0.1388
1202,303,1505,0.1388
1196,306,1502,0.1388
1205,304,1509,0.1388
1196,305,1501,0.1388
1188,300,1488,0.1388
1192,303,1495,0.1388
1196,305,1501,0.1388
1189,297,1486,0.1388
1193,308,1501,0.1388
1187,305,1492,0.1388
1188,303,1491,0.1388
1189,304,1493,0.1388
1183,309,1492,0.1388
1177,312,1489,0.1388
1170,317,1487,0.1388
1172,319,1491,0.1388
1175,320,1495,0.1388
1180,320,1500,0.1388
1164,317,1481,0.1388
1168,326,1494,0.1388
1162,325,1487,0.1388
1172,326,1498,0.1388
1162,328,1490,0.1388
1160,333,1493,0.1388
1157,340,1497,0.1388
1153,345,1498,0.1388
1152,344,1496,0.1388
1160,340,1500,0.1388
1156,343,1499,0.1388
1158,345,1503,0.1388
1156,343,1499,0.1388
1149,344,1493,0.1388
1163,349,1512,0.1388
1165,349,1514,0.1388
1154,348,1502,0.1388
1157,353,1510,0.1388
1152,354,1506,0.1388
1153,357,1510,0.1388
1154,356,1510,0.1388
1156,352,1508,0.1388
1162,356,1518,0.1388
1171,357,1528,0.1388
1159,354,1513,0.1388
1152,358,1510,0.1388
1153,359,1512,0.1388
1140,356,1496,0.1388
1138,359,1497,0.1388
1133,355,1488,0.1388
1142,355,1497,0.1388
1145,357,1502,0.1388
1141,357,1498,0.1388
1153,355,1508,0.1388
1140,356,1496,0.1388
1135,363,1498,0.1388
1133,355,1488,0.1388
1135,361,1496,0.1388
1140,365,1505,0.1388
1142,367,1509,0.1388
1154,361,1515,0.1388
1144,362,1506,0.1388
1145,361,1506,0.1388
1143,366,1509,0.1388
1145,363,1508,0.1388
1137,367,1504,0.1388
1139,364,1503,0.1388
1148,360,1508,0.1388
1143,365,1508,0.1388
1144,362,1506,0.1388
1139,369,1508,0.1388
1141,362,1503,0.1388
1131,368,1499,0.1388
1138,367,1505,0.1388
1132,368,1500,0.1388
1131,367,1498,0.1388
1134,364,1498,0.1388
1132,360,1492,0.1388
1126,360,1486,0.1388
1132,365,1497,0.1388
1132,367,1499,0.1388
1116,363,1479,0.1388
1120,369,1489,0.1388
1120,366,1486,0.1388
1112,373,1485,0.1388
1117,372,1489,0.1388
1127,373,1500,0.1388
1124,367,1491,0.1388
1110,369,1479,0.1388
1120,374,1494,0.1388
1131,375,1506,0.1388
1140,381,1521,0.1388
1123,381,1504,0.1388
1114,380,1494,0.1388
1118,382,1500,0.1388
1124,383,1507,0.1388
1123,383,1506,0.1388
1119,383,1502,0.1388
1116,382,1498,0.1388
1101,389,1490,0.1388
1094,391,1485,0.1388
1095,394,1489,0.1388
1093,400,1493,0.1388
1096,402,1498,0.1388
1095,407,1502,0.1388
1092,410,1502,0.1388
1084,403,1487,0.1388
1093,407,1500,0.1388
1079,407,1486,0.1388
1090,405,1495,0.1388
1089,403,1492,0.1388
1090,398,1488,0.1388
1096,403,1499,0.1388
1097,404,1501,0.1388
1096,407,1503,0.1388
1108,407,1515,0.1388
1099,412,1511,0.1388
1097,416,1513,0.1388
1095,415,1510,0.1388
1090,413,1503,0.1388
1095,410,1505,0.1388
1089,407,1496,0.1388
1096,404,1500,0.1388
1095,407,1502,0.1388
1097,410,1507,0.1388
1087,410,1497,0.1388
1090,406,1496,0.1388
1092,403,1495,0.1388
1092,404,1496,0.1388
1094,407,1501,0.1388
1091,410,1501,0.1388
1081,408,1489,0.1388
1079,413,1492,0.1388
1085,412,1497,0.1388
1085,411,1496,0.1388
1077,406,1483,0.1388
1070,411,1481,0.1388
1070,408,1478,0.1388
1087,406,1493,0.1388
1083,407,1490,0.1388
1087,411,1498,0.1388
1092,402,1494,0.1388
1106,406,1512,0.1388
1114,397,1511,0.1388
1109,404,1513,0.1388
1108,405,1513,0.1388
1108,401,1509,0.1388
1095,400,1495,0.1388
1098,406,1504,0.1388
1082,408,1490,0.1388
1084,406,1490,0.1388
1090,402,1492,0.1388
1087,400,1487,0.1388
1096,406,1502,0.1388
1096,414,1510,0.1388
1097,414,1511,0.1388
1088,413,1501,0.1388
1094,409,1503,0.1388
1082,411,1493,0.1388
1081,413,1494,0.1388
1074,412,1486,0.1388
1069,410,1479,0.1388
1076,409,1485,0.1388
1068,408,1476,0.1388
1088,422,1510,0.1388
1078,418,1496,0.1388
1082,424,1506,0.1388
1079,432,1511,0.1388
1069,427,1496,0.1388
1074,424,1498,0.1388
1072,432,1504,0.1388
1079,435,1514,0.1388
1079,429,1508,0.1388
1072,430,1502,0.1388
1083,427,1510,0.1388
1076,423,1499,0.1388
1070,425,1495,0.1388
1081,435,1516,0.1388
1079,437,1516,0.1388
1062,440,1502,0.1388
1056,448,1504,0.1388
1048,452,1500,0.1388
1045,448,1493,0.1388
1049,456,1505,0.1388
1045,461,1506,0.1388
1051,466,1517,0.1388
1052,463,1515,0.1388
1051,463,1514,0.1388
1037,456,1493,0.1388
1039,458,1497,0.1388
1040,460,1500,0.1388
1048,470,1518,0.1388
1043,464,1507,0.1388
1044,460,1504,0.1388
1033,455,1488,0.1388
1034,460,1494,0.1388
1030,465,1495,0.1388
1024,466,1490,0.1388
1028,466,1494,0.1388
1026,463,1489,0.1388
1033,472,1505,0.1388
1046,476,1522,0.1388
1034,469,1503,0.1388
1030,474,1504,0.1388
1033,476,1509,0.1388
1019,476,1495,0.1388
1017,481,1498,0.1388
1011,485,1496,0.1388
993,495,1488,0.1388
989,493,1482,0.1388
985,494,1479,0.1388
981,496,1477,0.1388
979,503,1482,0.1388
988,509,1497,0.1388
987,506,1493,0.1388
988,508,1496,0.1388
991,512,1503,0.1388
996,516,1512,0.1388
995,513,1508,0.1388
986,514,1500,0.1388
984,514,1498,0.1388
980,519,1499,0.1388
980,528,1508,0.1388
976,524,1500,0.1388
982,514,1496,0.1388
978,518,1496,0.1388
973,521,1494,0.1388
972,525,1497,0.1388
972,528,1500,0.1388
979,535,1514,0.1388
978,536,1514,0.1388
973,535,1508,0.1388
967,537,1504,0.1388
966,534,1500,0.1388
964,539,1503,0.1388
960,540,1500,0.1388
949,544,1493,0.1388
958,552,1510,0.1388
949,552,1501,0.1388
950,555,1505,0.1388
942,549,1491,0.1388
949,546,1495,0.1388
943,552,1495,0.1388
949,558,1507,0.1388
934,558,1492,0.1388
940,550,1490,0.1388
934,551,1485,0.1388
946,551,1497,0.1388
953,555,1508,0.1388
948,556,1504,0.1388
953,559,1512,0.1388
947,557,1504,0.1388
942,568,1510,0.1388
958,573,1531,0.1388
943,565,1508,0.1388
950,560,1510,0.1388
944,557,1501,0.1388
955,560,1515,0.1388
956,559,1515,0.1388
952,550,1502,0.1388
963,549,1512,0.1388
965,543,1508,0.1388
966,549,1515,0.1388
954,549,1503,0.1388
959,545,1504,0.1388
948,549,1497,0.1388
947,543,1490,0.1388
942,543,1485,0.1388
939,537,1476,0.1388
939,550,1489,0.1388
945,554,1499,0.1388
941,559,1500,0.1388
934,565,1499,0.1388
943,576,1519,0.1388
954,569,1523,0.1388
944,568,1512,0.1388
936,571,1507,0.1388
942,562,1504,0.1388
938,568,1506,0.1388
939,567,1506,0.1388
948,572,1520,0.1388
944,563,1507,0.1388
936,562,1498,0.1388
941,553,1494,0.1388
935,552,1487,0.1388
940,557,1497,0.1388
939,558,1497,0.1388
932,555,1487,0.1388
941,554,1495,0.1388
936,557,1493,0.1388
933,560,1493,0.1388
929,566,1495,0.1388
936,572,1508,0.1388
933,577,1510,0.1388
939,575,1514,0.1388
938,568,1506,0.1388
947,567,1514,0.1388
946,573,1519,0.1388
938,575,1513,0.1388
929,565,1494,0.1388
933,567,1500,0.1388
940,577,1517,0.1388
943,577,1520,0.1388
938,572,1510,0.1388
937,575,1512,0.1388
938,571,1509,0.1388
944,569,1513,0.1388
948,550,1498,0.1388
960,561,1521,0.1388
953,562,1515,0.1388
954,561,1515,0.1388
950,562,1512,0.1388
951,559,1510,0.1388
956,560,1516,0.1388
955,567,1522,0.1388
955,563,1518,0.1388
945,563,1508,0.1388
941,558,1499,0.1388
940,558,1498,0.1388
935,565,1500,0.1388
936,568,1504,0.1388
936,565,1501,0.1388
942,570,1512,0.1388
952,567,1519,0.1388
939,568,1507,0.1388
944,566,1510,0.1388
940,565,1505,0.1388
942,560,1502,0.1388
951,559,1510,0.1388
947,566,1513,0.1388
949,563,1512,0.1388
949,558,1507,0.1388
941,558,1499,0.1388
928,559,1487,0.1388
926,566,1492,0.1388
926,568,1494,0.1388
921,567,1488,0.1388
915,567,1482,0.1388
912,583,1495,0.1388
910,588,1498,0.1388
904,591,1495,0.1388
895,599,1494,0.1388
898,596,1494,0.1388
900,596,1496,0.1388
898,597,1495,0.1388
888,598,1486,0.1388
896,611,1507,0.1388
898,610,1508,0.1388
894,607,1501,0.1388
889,603,1492,0.1388
883,607,1490,0.1388
886,615,1501,0.1388
892,612,1504,0.1388
895,613,1508,0.1388
902,612,1514,0.1388
899,608,1507,0.1388
887,604,1491,0.1388
885,608,1493,0.1388
885,612,1497,0.1388
885,607,1492,0.1388
896,607,1503,0.1388
892,616,1508,0.1388
885,617,1502,0.1388
890,624,1514,0.1388
895,624,1519,0.1388
894,617,1511,0.1388
887,609,1496,0.1388
884,619,1503,0.1388
895,620,1515,0.1388
889,629,1518,0.1388
889,623,1512,0.1388
877,631,1508,0.1388
870,626,1496,0.1388
874,623,1497,0.1388
877,623,1500,0.1388
876,617,1493,0.1388
881,621,1502,0.1388
874,620,1494,0.1388
876,623,1499,0.1388
874,623,1497,0.1388
873,618,1491,0.1388
867,627,1494,0.1388
867,634,1501,0.1388
868,635,1503,0.1388
861,642,1503,0.1388
870,638,1508,0.1388
875,644,1519,0.1388
873,645,1518,0.1388
869,639,1508,0.1388
861,639,1500,0.1388
861,647,1508,0.1388
858,647,1505,0.1388
859,648,1507,0.1388
853,654,1507,0.1388
832,647,1479,0.1388
847,648,1495,0.1388
851,651,1502,0.1388
856,653,1509,0.1388
862,667,1529,0.1388
855,661,1516,0.1388
848,655,1503,0.1388
844,657,1501,0.1388
844,662,1506,0.1388
844,659,1503,0.1388
841,662,1503,0.1388
849,671,1520,0.1388
851,673,1524,0.1388
849,667,1516,0.1388
839,668,1507,0.1388
828,666,1494,0.1388
817,670,1487,0.1388
819,671,1490,0.1388
823,667,1490,0.1388
827,673,1500,0.1388
829,681,1510,0.1388
827,684,1511,0.1388
829,672,1501,0.1388
817,679,1496,0.1388
823,686,1509,0.1388
825,678,1503,0.1388
826,677,1503,0.1388
817,692,1509,0.1388
815,695,1510,0.1388
817,689,1506,0.1388
812,694,1506,0.1388
821,693,1514,0.1388
816,701,1517,0.1388
810,694,1504,0.1388
803,692,1495,0.1388
805,699,1504,0.1388
805,696,1501,0.1388
812,695,1507,0.1388
812,695,1507,0.1388
811,692,1503,0.1388
802,696,1498,0.1388
812,694,1506,0.1388
798,708,1506,0.1388
796,711,1507,0.1388
799,718,1517,0.1388
803,718,1521,0.1388
795,712,1507,0.1388
797,715,1512,0.1388
803,708,1511,0.1388
804,709,1513,0.1388
811,700,1511,0.1388
813,701,1514,0.1388
811,702,1513,0.1388
807,699,1506,0.1388
803,695,1498,0.1388
793,686,1479,0.1388
789,697,1486,0.1388
800,692,1492,0.1388
804,692,1496,0.1388
806,696,1502,0.1388
808,694,1502,0.1388
812,686,1498,0.1388
813,687,1500,0.1388
810,685,1495,0.1388
805,688,1493,0.1388
808,694,1502,0.1388
816,685,1501,0.1388
814,684,1498,0.1388
805,688,1493,0.1388
812,694,1506,0.1388
811,694,1505,0.1388
803,703,1506,0.1388
807,697,1504,0.1388
812,703,1515,0.1388
804,706,1510,0.1388
806,702,1508,0.1388
801,696,1497,0.1388
801,700,1501,0.1388
802,697,1499,0.1388
807,696,1503,0.1388
808,711,1519,0.1388
796,712,1508,0.1388
795,710,1505,0.1388
802,707,1509,0.1388
795,703,1498,0.1388
796,703,1499,0.1388
806,700,1506,0.1388
818,698,1516,0.1388
823,693,1516,0.1388
810,703,1513,0.1388
808,697,1505,0.1388
800,696,1496,0.1388
797,700,1497,0.1388
800,705,1505,0.1388
803,696,1499,0.1388
801,695,1496,0.1388
796,701,1497,0.1388
793,702,1495,0.1388
788,706,1494,0.1388
783,709,1492,0.1388
776,710,1486,0.1388
776,717,1493,0.1388
771,710,1481,0.1388
777,716,1493,0.1388
782,724,1506,0.1388
763,732,1495,0.1388
769,730,1499,0.1388
773,734,1507,0.1388
778,736,1514,0.1388
790,731,1521,0.1388
792,736,1528,0.1388
797,727,1524,0.1388
788,731,1519,0.1388
791,731,1522,0.1388
789,726,1515,0.1388
784,733,1517,0.1388
788,724,1512,0.1388
782,730,1512,0.1388
777,724,1501,0.1388
775,723,1498,0.1388
774,724,1498,0.1388
779,725,1504,0.1388
783,731,1514,0.1388
782,736,1518,0.1388
778,735,1513,0.1388
778,737,1515,0.1388
767,729,1496,0.1388
761,732,1493,0.1388
764,734,1498,0.1388
774,735,1509,0.1388
771,740,1511,0.1388
766,737,1503,0.1388
768,746,1514,0.1388
770,742,1512,0.1388
766,745,1511,0.1388
764,741,1505,0.1388
762,751,1513,0.1388
759,741,1500,0.1388
760,753,1513,0.1388
753,743,1496,0.1388
743,745,1488,0.1388
744,750,1494,0.1388
744,750,1494,0.1388
738,757,1495,0.1388
750,770,1520,0.1388
745,760,1505,0.1388
740,770,1510,0.1388
750,754,1504,0.1388
750,751,1501,0.1388
746,764,1510,0.1388
742,758,1500,0.1388
734,752,1486,0.1388
732,752,1484,0.1388
735,756,1491,0.1388
734,761,1495,0.1388
742,768,1510,0.1388
742,768,1510,0.1388
733,772,1505,0.1388
722,778,1500,0.1388
722,782,1504,0.1388
718,786,1504,0.1388
705,785,1490,0.1388
720,786,1506,0.1388
721,792,1513,0.1388
713,783,1496,0.1388
722,784,1506,0.1388
729,787,1516,0.1388
724,787,1511,0.1388
724,791,1515,0.1388
725,794,1519,0.1388
720,797,1517,0.1388
708,802,1510,0.1388
699,802,1501,0.1388
703,798,1501,0.1388
694,802,1496,0.1388
694,802,1496,0.1388
696,809,1505,0.1388
702,807,1509,0.1388
710,807,1517,0.1388
700,794,1494,0.1388
692,795,1487,0.1388
688,800,1488,0.1388
693,792,1485,0.1388
698,796,1494,0.1388
706,806,1512,0.1388
703,804,1507,0.1388
710,815,1525,0.1388
701,812,1513,0.1388
695,808,1503,0.1388
693,817,1510,0.1388
701,819,1520,0.1388
699,812,1511,0.1388
694,816,1510,0.1388
691,828,1519,0.1388
688,826,1514,0.1388
690,820,1510,0.1388
692,821,1513,0.1388
688,827,1515,0.1388
687,823,1510,0.1388
690,827,1517,0.1388
687,825,1512,0.1388
694,828,1522,0.1388
689,820,1509,0.1388
681,813,1494,0.1388
686,813,1499,0.1388
686,805,1491,0.1388
694,800,1494,0.1388
691,804,1495,0.1388
690,815,1505,0.1388
684,822,1506,0.1388
686,830,1516,0.1388
693,824,1517,0.1388
682,821,1503,0.1388
683,817,1500,0.1388
687,814,1501,0.1388
691,813,1504,0.1388
691,816,1507,0.1388
682,819,1501,0.1388
683,820,1503,0.1388
674,823,1497,0.1388
663,835,1498,0.1388
663,842,1505,0.1388
658,843,1501,0.1388
660,838,1498,0.1388
656,830,1486,0.1388
666,836,1502,0.1388
664,850,1514,0.1388
660,851,1511,0.1388
653,858,1511,0.1388
651,856,1507,0.1388
645,862,1507,0.1388
647,864,1511,0.1388
652,868,1520,0.1388
653,866,1519,0.1388
651,869,1520,0.1388
654,863,1517,0.1388
651,856,1507,0.1388
662,863,1525,0.1388
664,858,1522,0.1388
660,853,1513,0.1388
658,859,1517,0.1388
654,858,1512,0.1388
648,854,1502,0.1388
655,863,1518,0.1388
650,857,1507,0.1388
653,864,1517,0.1388
641,858,1499,0.1388
639,863,1502,0.1388
643,867,1510,0.1388
629,869,1498,0.1388
632,870,1502,0.1388
628,873,1501,0.1388
624,872,1496,0.1388
623,880,1503,0.1388
621,889,1510,0.1388
622,870,1492,0.1388
624,881,1505,0.1388
614,885,1499,0.1388
607,891,1498,0.1388
618,902,1520,0.1388
610,899,1509,0.1388
612,900,1512,0.1388
605,894,1499,0.1388
613,893,1506,0.1388
618,897,1515,0.1388
616,896,1512,0.1388
613,902,1515,0.1388
611,904,1515,0.1388
601,894,1495,0.1388
600,908,1508,0.1388
601,905,1506,0.1388
611,907,1518,0.1388
606,923,1529,0.1388
599,922,1521,0.1388
594,909,1503,0.1388
580,921,1501,0.1388
589,914,1503,0.1388
589,905,1494,0.1388
588,916,1504,0.1388
588,911,1499,0.1388
583,908,1491,0.1388
593,908,1501,0.1388
589,905,1494,0.1388
596,907,1503,0.1388
589,918,1507,0.1388
592,915,1507,0.1388
587,919,1506,0.1388
587,932,1519,0.1388
594,925,1519,0.1388
591,924,1515,0.1388
600,917,1517,0.1388
592,915,1507,0.1388
581,923,1504,0.1388
579,922,1501,0.1388
578,916,1494,0.1388
577,926,1503,0.1388
571,927,1498,0.1388
563,935,1498,0.1388
571,940,1511,0.1388
572,945,1517,0.1388
562,932,1494,0.1388
561,957,1518,0.1388
560,954,1514,0.1388
560,952,1512,0.1388
559,942,1501,0.1388
556,944,1500,0.1388
552,951,1503,0.1388
552,945,1497,0.1388
545,964,1509,0.1388
548,958,1506,0.1388
552,967,1519,0.1388
549,952,1501,0.1388
556,962,1518,0.1388
548,964,1512,0.1388
547,969,1516,0.1388
550,972,1522,0.1388
550,978,1528,0.1388
547,972,1519,0.1388
539,971,1510,0.1388
529,972,1501,0.1388
527,979,1506,0.1388
531,970,1501,0.1388
538,976,1514,0.1388
536,976,1512,0.1388
540,973,1513,0.1388
538,969,1507,0.1388
544,978,1522,0.1388
555,963,1518,0.1388
547,976,1523,0.1388
549,972,1521,0.1388
546,971,1517,0.1388
549,963,1512,0.1388
539,972,1511,0.1388
532,974,1506,0.1388
533,956,1489,0.1388
540,970,1510,0.1388
545,978,1523,0.1388
540,972,1512,0.1388
540,963,1503,0.1388
539,974,1513,0.1388
539,970,1509,0.1388
544,966,1510,0.1388
537,963,1500,0.1388
542,958,1500,0.1388
529,969,1498,0.1388
527,966,1493,0.1388
521,970,1491,0.1388
525,974,1499,0.1388
521,964,1485,0.1388
523,974,1497,0.1388
520,979,1499,0.1388
529,980,1509,0.1388
531,991,1522,0.1388
523,980,1503,0.1388
526,988,1514,0.1388
522,991,1513,0.1388
526,992,1518,0.1388
517,982,1499,0.1388
521,993,1514,0.1388
526,990,1516,0.1388
522,994,1516,0.1388
517,990,1507,0.1388
520,984,1504,0.1388
520,996,1516,0.1388
514,1001,1515,0.1388
511,996,1507,0.1388
509,997,1506,0.1388
511,993,1504,0.1388
512,1000,1512,0.1388
514,994,1508,0.1388
513,995,1508,0.1388
510,1005,1515,0.1388
508,1009,1517,0.1388
507,1000,1507,0.1388
514,1002,1516,0.1388
514,1001,1515,0.1388
507,993,1500,0.1388
508,1002,1510,0.1388
508,1009,1517,0.1388
510,1005,1515,0.1388
518,998,1516,0.1388
515,1011,1526,0.1388
504,999,1503,0.1388
504,1011,1515,0.1388
505,1012,1517,0.1388
499,1020,1519,0.1388
488,1013,1501,0.1388
492,1012,1504,0.1388
493,1009,1502,0.1388
486,1007,1493,0.1388
481,1012,1493,0.1388
479,1021,1500,0.1388
481,1026,1507,0.1388
479,1030,1509,0.1388
474,1029,1503,0.1388
477,1040,1517,0.1388
475,1027,1502,0.1388
480,1026,1506,0.1388
478,1019,1497,0.1388
474,1027,1501,0.1388
479,1022,1501,0.1388
478,1029,1507,0.1388
479,1030,1509,0.1388
479,1037,1516,0.1388
476,1043,1519,0.1388
474,1048,1522,0.1388
475,1055,1530,0.1388
466,1049,1515,0.1388
465,1034,1499,0.1388
462,1050,1512,0.1388
467,1043,1510,0.1388
471,1046,1517,0.1388
479,1049,1528,0.1388
483,1042,1525,0.1388
475,1048,1523,0.1388
476,1043,1519,0.1388
477,1026,1503,0.1388
479,1038,1517,0.1388
479,1041,1520,0.1388
474,1037,1511,0.1388
466,1037,1503,0.1388
468,1044,1512,0.1388
468,1041,1509,0.1388
466,1045,1511,0.1388
468,1053,1521,0.1388
458,1039,1497,0.1388
456,1032,1488,0.1388
460,1039,1499,0.1388
458,1047,1505,0.1388
457,1053,1510,0.1388
464,1059,1523,0.1388
463,1062,1525,0.1388
459,1061,1520,0.1388
458,1068,1526,0.1388
453,1059,1512,0.1388
447,1066,1513,0.1388
436,1069,1505,0.1388
437,1078,1515,0.1388
451,1065,1516,0.1388
451,1072,1523,0.1388
444,1069,1513,0.1388
458,1044,1502,0.1388
462,1052,1514,0.1388
461,1047,1508,0.1388
460,1049,1509,0.1388
463,1059,1522,0.1388
458,1057,1515,0.1388
457,1056,1513,0.1388
459,1056,1515,0.1388
462,1057,1519,0.1388
475,1053,1528,0.1388
464,1051,1515,0.1388
460,1055,1515,0.1388
459,1059,1518,0.1388
457,1060,1517,0.1388
452,1060,1512,0.1388
448,1055,1503,0.1388
452,1054,1506,0.1388
445,1053,1498,0.1388
441,1062,1503,0.1388
443,1056,1499,0.1388
449,1056,1505,0.1388
455,1060,1515,0.1388
454,1059,1513,0.1388
461,1067,1528,0.1388
454,1071,1525,0.1388
455,1066,1521,0.1388
452,1064,1516,0.1388
446,1060,1506,0.1388
447,1076,1523,0.1388
449,1058,1507,0.1388
446,1056,1502,0.1388
444,1060,1504,0.1388
433,1064,1497,0.1388
439,1073,1512,0.1388
443,1071,1514,0.1388
446,1065,1511,0.1388
438,1075,1513,0.1388
437,1083,1520,0.1388
437,1079,1516,0.1388
431,1090,1521,0.1388
414,1097,1511,0.1388
411,1100,1511,0.1388
408,1094,1502,0.1388
405,1090,1495,0.1388
410,1102,1512,0.1388
404,1107,1511,0.1388
399,1108,1507,0.1388
393,1122,1515,0.1388
389,1126,1515,0.1388
388,1126,1514,0.1388
387,1125,1512,0.1388
391,1120,1511,0.1388
393,1125,1518,0.1388
386,1123,1509,0.1388
384,1118,1502,0.1388
384,1125,1509,0.1388
375,1130,1505,0.1388
381,1124,1505,0.1388
380,1134,1514,0.1388
381,1132,1513,0.1388
382,1131,1513,0.1388
380,1119,1499,0.1388
381,1124,1505,0.1388
385,1128,1513,0.1388
390,1130,1520,0.1388
391,1128,1519,0.1388
389,1130,1519,0.1388
393,1131,1524,0.1388
392,1138,1530,0.1388
388,1145,1533,0.1388
384,1135,1519,0.1388
382,1132,1514,0.1388
384,1130,1514,0.1388
387,1143,1530,0.1388
385,1148,1533,0.1388
382,1148,1530,0.1388
384,1139,1523,0.1388
378,1132,1510,0.1388
376,1147,1523,0.1388
365,1154,1519,0.1388
361,1153,1514,0.1388
354,1152,1506,0.1388
357,1156,1513,0.1388
357,1151,1508,0.1388
356,1160,1516,0.1388
358,1164,1522,0.1388
368,1159,1527,0.1388
364,1148,1512,0.1388
365,1145,1510,0.1388
359,1154,1513,0.1388
361,1162,1523,0.1388
358,1163,1521,0.1388
356,1172,1528,0.1388
356,1159,1515,0.1388
349,1162,1511,0.1388
349,1162,1511,0.1388
349,1165,1514,0.1388
354,1166,1520,0.1388
357,1160,1517,0.1388
357,1162,1519,0.1388
354,1165,1519,0.1388
348,1171,1519,0.1388
352,1172,1524,0.1388
347,1183,1530,0.1388
349,1174,1523,0.1388
345,1169,1514,0.1388
346,1169,1515,0.1388
346,1175,1521,0.1388
350,1172,1522,0.1388
343,1164,1507,0.1388
341,1171,1512,0.1388
336,1173,1509,0.1388
336,1161,1497,0.1388
334,1163,1497,0.1388
331,1164,1495,0.1388
339,1172,1511,0.1388
338,1174,1512,0.1388
341,1170,1511,0.1388
343,1177,1520,0.1388
335,1183,1518,0.1388
330,1184,1514,0.1388
332,1191,1523,0.1388
329,1189,1518,0.1388
335,1182,1517,0.1388
335,1173,1508,0.1388
333,1169,1502,0.1388
332,1168,1500,0.1388
329,1172,1501,0.1388
323,1182,1505,0.1388
320,1175,1495,0.1388
328,1177,1505,0.1388
329,1173,1502,0.1388
323,1184,1507,0.1388
327,1183,1510,0.1388
325,1186,1511,0.1388
318,1184,1502,0.1388
316,1184,1500,0.1388
313,1188,1501,0.1388
311,1203,1514,0.1388
309,1203,1512,0.1388
311,1198,1509,0.1388
316,1199,1515,0.1388
307,1197,1504,0.1388
309,1202,1511,0.1388
310,1202,1512,0.1388
305,1202,1507,0.1388
302,1205,1507,0.1388
300,1210,1510,0.1388
298,1219,1517,0.1388
299,1208,1507,0.1388
295,1229,1524,0.1388
297,1228,1525,0.1388
295,1235,1530,0.1388
290,1230,1520,0.1388
288,1233,1521,0.1388
281,1225,1506,0.1388
281,1218,1499,0.1388
278,1220,1498,0.1388
278,1224,1502,0.1388
273,1229,1502,0.1388
272,1232,1504,0.1388
270,1236,1506,0.1388
266,1229,1495,0.1388
265,1240,1505,0.1388
264,1242,1506,0.1388
269,1241,1510,0.1388
268,1251,1519,0.1388
270,1244,1514,0.1388
267,1243,1510,0.1388
267,1243,1510,0.1388
261,1247,1508,0.1388
260,1256,1516,0.1388
259,1266,1525,0.1388
254,1257,1511,0.1388
257,1261,1518,0.1388
257,1259,1516,0.1388
254,1260,1514,0.1388
248,1259,1507,0.1388
238,1267,1505,0.1388
247,1262,1509,0.1388
244,1265,1509,0.1388
248,1273,1521,0.1388
250,1270,1520,0.1388
253,1255,1508,0.1388
250,1258,1508,0.1388
249,1249,1498,0.1388
248,1251,1499,0.1388
248,1256,1504,0.1388
245,1263,1508,0.1388
242,1263,1505,0.1388
240,1263,1503,0.1388
240,1269,1509,0.1388
245,1277,1522,0.1388
244,1284,1528,0.1388
243,1285,1528,0.1388
242,1280,1522,0.1388
242,1270,1512,0.1388
238,1267,1505,0.1388
240,1277,1517,0.1388
235,1278,1513,0.1388
232,1269,1501,0.1388
225,1268,1493,0.1388
224,1272,1496,0.1388
227,1265,1492,0.1388
229,1267,1496,0.1388
228,1268,1496,0.1388
228,1273,1501,0.1388
227,1279,1506,0.1388
224,1275,1499,0.1388
224,1282,1506,0.1388
228,1276,1504,0.1388
231,1266,1497,0.1388
222,1273,1495,0.1388
225,1278,1503,0.1388
231,1278,1509,0.1388
232,1278,1510,0.1388
223,1267,1490,0.1388
223,1270,1493,0.1388
227,1277,1504,0.1388
226,1267,1493,0.1388
220,1277,1497,0.1388
222,1277,1499,0.1388
220,1279,1499,0.1388
218,1285,1503,0.1388
214,1290,1504,0.1388
217,1293,1510,0.1388
221,1295,1516,0.1388
225,1304,1529,0.1388
225,1313,1538,0.1388
222,1297,1519,0.1388
221,1301,1522,0.1388
223,1305,1528,0.1388
217,1296,1513,0.1388
213,1304,1517,0.1388
210,1312,1522,0.1388
204,1318,1522,0.1388
204,1307,1511,0.1388
207,1311,1518,0.1388
205,1305,1510,0.1388
209,1314,1523,0.1388
207,1303,1510,0.1388
207,1300,1507,0.1388
209,1320,1529,0.1388
208,1320,1528,0.1388
207,1310,1517,0.1388
206,1315,1521,0.1388
207,1314,1521,0.1388
203,1313,1516,0.1388
200,1314,1514,0.1388
199,1319,1518,0.1388
193,1319,1512,0.1388
191,1314,1505,0.1388
188,1330,1518,0.1388
184,1332,1516,0.1388
185,1326,1511,0.1388
183,1345,1528,0.1388
183,1328,1511,0.1388
185,1319,1504,0.1388
184,1316,1500,0.1388
188,1326,1514,0.1388
191,1334,1525,0.1388
191,1329,1520,0.1388
194,1330,1524,0.1388
189,1325,1514,0.1388
191,1328,1519,0.1388
192,1322,1514,0.1388
195,1310,1505,0.1388
193,1308,1501,0.1388
195,1312,1507,0.1388
187,1321,1508,0.1388
187,1319,1506,0.1388
186,1326,1512,0.1388
185,1327,1512,0.1388
188,1318,1506,0.1388
190,1319,1509,0.1388
187,1323,1510,0.1388
187,1338,1525,0.1388
183,1332,1515,0.1388
181,1335,1516,0.1388
178,1339,1517,0.1388
177,1342,1519,0.1388
177,1337,1514,0.1388
175,1349,1524,0.1388
178,1343,1521,0.1388
176,1338,1514,0.1388
174,1347,1521,0.1388
172,1340,1512,0.1388
172,1331,1503,0.1388
177,1326,1503,0.1388
180,1345,1525,0.1388
180,1352,1532,0.1388
177,1346,1523,0.1388
178,1354,1532,0.1388
180,1350,1530,0.1388
175,1340,1515,0.1388
178,1334,1512,0.1388
179,1336,1515,0.1388
180,1329,1509,0.1388
176,1331,1507,0.1388
183,1337,1520,0.1388
184,1339,1523,0.1388
184,1336,1520,0.1388
186,1348,1534,0.1388
185,1337,1522,0.1388
182,1338,1520,0.1388
183,1344,1527,0.1388
181,1337,1518,0.1388
177,1339,1516,0.1388
175,1337,1512,0.1388
171,1333,1504,0.1388
168,1335,1503,0.1388
168,1337,1505,0.1388
168,1344,1512,0.1388
166,1352,1518,0.1388
167,1333,1500,0.1388
168,1341,1509,0.1388
163,1343,1506,0.1388
160,1335,1495,0.1388
166,1345,1511,0.1388
167,1351,1518,0.1388
167,1360,1527,0.1388
171,1355,1526,0.1388
169,1352,1521,0.1388
171,1351,1522,0.1388
170,1362,1532,0.1388
167,1342,1509,0.1388
166,1352,1518,0.1388
163,1345,1508,0.1388
163,1356,1519,0.1388
165,1348,1513,0.1388
165,1360,1525,0.1388
167,1353,1520,0.1388
164,1358,1522,0.1388
166,1363,1529,0.1388
165,1359,1524,0.1388
163,1359,1522,0.1388
163,1369,1532,0.1388
164,1364,1528,0.1388
164,1362,1526,0.1388
164,1350,1514,0.1388
163,1362,1525,0.1388
164,1371,1535,0.1388
162,1361,1523,0.1388
157,1360,1517,0.1388
158,1356,1514,0.1388
159,1360,1519,0.1388
162,1355,1517,0.1388
162,1351,1513,0.1388
156,1347,1503,0.1388
159,1367,1526,0.1388
155,1370,1525,0.1388
152,1368,1520,0.1388
148,1357,1505,0.1388
146,1355,1501,0.1388
147,1368,1515,0.1388
147,1378,1525,0.1388
143,1387,1530,0.1388
140,1396,1536,0.1388
137,1388,1525,0.1388
136,1379,1515,0.1388
140,1364,1504,0.1388
140,1377,1517,0.1388
143,1383,1526,0.1388
139,1383,1522,0.1388
137,1390,1527,0.1388
135,1376,1511,0.1388
135,1384,1519,0.1388
131,1378,1509,0.1388
131,1379,1510,0.1388
134,1375,1509,0.1388
138,1386,1524,0.1388
141,1381,1522,0.1388
135,1389,1524,0.1388
132,1390,1522,0.1388
131,1387,1518,0.1388
128,1388,1516,0.1388
127,1395,1522,0.1388
126,1398,1524,0.1388
123,1401,1524,0.1388
126,1403,1529,0.1388
124,1403,1527,0.1388
129,1394,1523,0.1388
129,1386,1515,0.1388
132,1383,1515,0.1388
132,1383,1515,0.1388
133,1381,1514,0.1388
135,1370,1505,0.1388
132,1379,1511,0.1388
131,1390,1521,0.1388
132,1388,1520,0.1388
131,1384,1515,0.1388
132,1382,1514,0.1388
136,1378,1514,0.1388
134,1365,1499,0.1388
138,1372,1510,0.1388
137,1380,1517,0.1388
141,1386,1527,0.1388
140,1391,1531,0.1388
139,1397,1536,0.1388
139,1383,1522,0.1388
140,1397,1537,0.1388
136,1386,1522,0.1388
133,1376,1509,0.1388
133,1379,1512,0.1388
132,1372,1504,0.1388
134,1381,1515,0.1388
132,1384,1516,0.1388
132,1372,1504,0.1388
134,1374,1508,0.1388
137,1377,1514,0.1388
135,1383,1518,0.1388
137,1382,1519,0.1388
136,1383,1519,0.1388
134,1391,1525,0.1388
132,1387,1519,0.1388
129,1399,1528,0.1388
127,1388,1515,0.1388
126,1379,1505,0.1388
125,1384,1509,0.1388
123,1387,1510,0.1388
127,1385,1512,0.1388
129,1393,1522,0.1388
124,1390,1514,0.1388
124,1396,1520,0.1388
122,1375,1497,0.1388
122,1385,1507,0.1388
115,1400,1515,0.1388
118,1406,1524,0.1388
124,1397,1521,0.1388
124,1396,1520,0.1388
123,1394,1517,0.1388
120,1395,1515,0.1388
115,1394,1509,0.1388
113,1411,1524,0.1388
117,1397,1514,0.1388
117,1395,1512,0.1388
119,1394,1513,0.1388
118,1389,1507,0.1388
114,1402,1516,0.1388
114,1394,1508,0.1388
113,1391,1504,0.1388
116,1382,1498,0.1388
115,1381,1496,0.1388
116,1378,1494,0.1388
115,1374,1489,0.1388
121,1392,1513,0.1388
117,1400,1517,0.1388
119,1386,1505,0.1388
119,1388,1507,0.1388
119,1395,1514,0.1388
117,1389,1506,0.1388
118,1386,1504,0.1388
115,1395,1510,0.1388
117,1405,1522,0.1388
119,1406,1525,0.1388
117,1409,1526,0.1388
117,1405,1522,0.1388
115,1401,1516,0.1388
114,1409,1523,0.1388
110,1407,1517,0.1388
111,1399,1510,0.1388
113,1405,1518,0.1388
114,1402,1516,0.1388
115,1412,1527,0.1388
114,1412,1526,0.1388
115,1404,1519,0.1388
116,1395,1511,0.1388
116,1398,1514,0.1388
115,1400,1515,0.1388
117,1393,1510,0.1388
117,1398,1515,0.1388
118,1399,1517,0.1388
114,1399,1513,0.1388
114,1413,1527,0.1388
112,1421,1533,0.1388
114,1412,1526,0.1388
113,1400,1513,0.1388
108,1398,1506,0.1388
109,1410,1519,0.1388
111,1408,1519,0.1388
110,1412,1522,0.1388
106,1411,1517,0.1388
105,1408,1513,0.1388
110,1409,1519,0.1388
110,1412,1522,0.1388
108,1398,1506,0.1388
109,1407,1516,0.1388
108,1407,1515,0.1388
107,1390,1497,0.1388
103,1388,1491,0.1388
105,1397,1502,0.1388
105,1407,1512,0.1388
105,1406,1511,0.1388
105,1397,1502,0.1388
102,1402,1504,0.1388
101,1410,1511,0.1388
100,1411,1511,0.1388
95,1408,1503,0.1388
97,1405,1502,0.1388
98,1422,1520,0.1388
99,1423,1522,0.1388
98,1420,1518,0.1388
102,1414,1516,0.1388
102,1402,1504,0.1388
103,1406,1509,0.1388
107,1408,1515,0.1388
110,1393,1503,0.1388
108,1406,1514,0.1388
107,1414,1521,0.1388
107,1416,1523,0.1388
107,1411,1518,0.1388
108,1405,1513,0.1388
109,1410,1519,0.1388
109,1404,1513,0.1388
109,1410,1519,0.1388
108,1406,1514,0.1388
108,1411,1519,0.1388
106,1407,1513,0.1388
104,1413,1517,0.1388
104,1421,1525,0.1388
100,1417,1517,0.1388
103,1418,1521,0.1388
101,1421,1522,0.1388
102,1419,1521,0.1388
100,1404,1504,0.1388
98,1406,1504,0.1388
102,1406,1508,0.1388
99,1410,1509,0.1388
100,1406,1506,0.1388
93,1406,1499,0.1388
94,1415,1509,0.1388
95,1411,1506,0.1388
94,1407,1501,0.1388
93,1410,1503,0.1388
88,1417,1505,0.1388
88,1420,1508,0.1388
87,1425,1512,0.1388
86,1421,1507,0.1388
86,1436,1522,0.1388
84,1435,1519,0.1388
83,1434,1517,0.1388
84,1440,1524,0.1388
84,1442,1526,0.1388
83,1434,1517,0.1388
86,1428,1514,0.1388
84,1437,1521,0.1388
86,1437,1523,0.1388
85,1434,1519,0.1388
86,1424,1510,0.1388
86,1432,1518,0.1388
85,1441,1526,0.1388
85,1439,1524,0.1388
84,1442,1526,0.1388
84,1415,1499,0.1388
83,1416,1499,0.1388
86,1419,1505,0.1388
81,1434,1515,0.1388
78,1441,1519,0.1388
78,1451,1529,0.1388
76,1443,1519,0.1388
76,1437,1513,0.1388
76,1438,1514,0.1388
76,1444,1520,0.1388
77,1445,1522,0.1388
79,1435,1514,0.1388
78,1434,1512,0.1388
77,1429,1506,0.1388
77,1421,1498,0.1388
78,1433,1511,0.1388
75,1436,1511,0.1388
77,1436,1513,0.1388
75,1435,1510,0.1388
74,1438,1512,0.1388
74,1438,1512,0.1388
70,1436,1506,0.1388
72,1435,1507,0.1388
70,1434,1504,0.1388
68,1431,1499,0.1388
67,1436,1503,0.1388
68,1439,1507,0.1388
68,1427,1495,0.1388
67,1435,1502,0.1388
67,1442,1509,0.1388
65,1447,1512,0.1388
65,1457,1522,0.1388
65,1457,1522,0.1388
67,1459,1526,0.1388
68,1451,1519,0.1388
66,1446,1512,0.1388
68,1444,1512,0.1388
69,1451,1520,0.1388
70,1457,1527,0.1388
70,1453,1523,0.1388
72,1444,1516,0.1388
74,1453,1527,0.1388
75,1453,1528,0.1388
75,1464,1539,0.1388
74,1445,1519,0.1388
74,1440,1514,0.1388
76,1445,1521,0.1388
76,1430,1506,0.1388
77,1435,1512,0.1388
76,1441,1517,0.1388
75,1446,1521,0.1388
74,1438,1512,0.1388
72,1427,1499,0.1388
71,1436,1507,0.1388
74,1433,1507,0.1388
70,1444,1514,0.1388
68,1458,1526,0.1388
70,1450,1520,0.1388
70,1442,1512,0.1388
69,1454,1523,0.1388
69,1445,1514,0.1388
68,1452,1520,0.1388
71,1453,1524,0.1388
69,1445,1514,0.1388
68,1442,1510,0.1388
70,1438,1508,0.1388
70,1443,1513,0.1388
71,1437,1508,0.1388
72,1442,1514,0.1388
71,1434,1505,0.1388
66,1438,1504,0.1388
62,1451,1513,0.1388
58,1434,1492,0.1388
62,1439,1501,0.1388
64,1436,1500,0.1388
64,1425,1489,0.1388
63,1428,1491,0.1388
63,1427,1490,0.1388
63,1443,1506,0.1388
61,1457,1518,0.1388
60,1452,1512,0.1388
62,1451,1513,0.1388
63,1457,1520,0.1388
61,1451,1512,0.1388
62,1436,1498,0.1388
64,1448,1512,0.1388
64,1451,1515,0.1388
63,1439,1502,0.1388
62,1443,1505,0.1388
60,1444,1504,0.1388
61,1447,1508,0.1388
61,1449,1510,0.1388
61,1454,1515,0.1388
61,1455,1516,0.1388
61,1457,1518,0.1388
62,1462,1524,0.1388
61,1459,1520,0.1388
61,1444,1505,0.1388
60,1453,1513,0.1388
63,1444,1507,0.1388
61,1447,1508,0.1388
65,1455,1520,0.1388
63,1454,1517,0.1388
63,1444,1507,0.1388
63,1456,1519,0.1388
62,1446,1508,0.1388
63,1451,1514,0.1388
63,1445,1508,0.1388
61,1452,1513,0.1388
61,1471,1532,0.1388
61,1473,1534,0.1388
59,1464,1523,0.1388
57,1459,1516,0.1388
57,1465,1522,0.1388
58,1453,1511,0.1388
57,1464,1521,0.1388
57,1469,1526,0.1388
58,1463,1521,0.1388
57,1472,1529,0.1388
57,1467,1524,0.1388
55,1461,1516,0.1388
55,1446,1501,0.1388
55,1444,1499,0.1388
53,1454,1507,0.1388
52,1456,1508,0.1388
53,1468,1521,0.1388
51,1465,1516,0.1388
51,1478,1529,0.1388
50,1467,1517,0.1388
49,1473,1522,0.1388
45,1453,1498,0.1388
48,1466,1514,0.1388
50,1460,1510,0.1388
49,1462,1511,0.1388
48,1459,1507,0.1388
48,1458,1506,0.1388
50,1477,1527,0.1388
50,1485,1535,0.1388
48,1478,1526,0.1388
47,1477,1524,0.1388
49,1465,1514,0.1388
50,1459,1509,0.1388
50,1460,1510,0.1388
49,1458,1507,0.1388
48,1463,1511,0.1388
48,1471,1519,0.1388
48,1464,1512,0.1388
48,1447,1495,0.1388
48,1455,1503,0.1388
47,1458,1505,0.1388
49,1466,1515,0.1388
49,1463,1512,0.1388
47,1468,1515,0.1388
49,1448,1497,0.1388
46,1463,1509,0.1388
45,1466,1511,0.1388
46,1452,1498,0.1388
44,1450,1494,0.1388
43,1464,1507,0.1388
42,1465,1507,0.1388
44,1485,1529,0.1388
41,1481,1522,0.1388
41,1474,1515,0.1388
40,1468,1508,0.1388
39,1465,1504,0.1388
39,1468,1507,0.1388
38,1469,1507,0.1388
38,1481,1519,0.1388
40,1482,1522,0.1388
40,1478,1518,0.1388
41,1472,1513,0.1388
41,1471,1512,0.1388
41,1467,1508,0.1388
40,1476,1516,0.1388
38,1477,1515,0.1388
38,1478,1516,0.1388
39,1459,1498,0.1388
39,1475,1514,0.1388
36,1493,1529,0.1388
34,1494,1528,0.1388
34,1496,1530,0.1388
33,1495,1528,0.1388
35,1489,1524,0.1388
36,1496,1532,0.1388
36,1496,1532,0.1388
35,1497,1532,0.1388
34,1487,1521,0.1388
34,1483,1517,0.1388
34,1487,1521,0.1388
35,1473,1508,0.1388
36,1476,1512,0.1388
36,1477,1513,0.1388
35,1490,1525,0.1388
35,1486,1521,0.1388
35,1488,1523,0.1388
34,1484,1518,0.1388
34,1471,1505,0.1388
33,1478,1511,0.1388
32,1476,1508,0.1388
30,1481,1511,0.1388
29,1483,1512,0.1388
28,1497,1525,0.1388
29,1495,1524,0.1388
32,1488,1520,0.1388
31,1476,1507,0.1388
32,1487,1519,0.1388
31,1486,1517,0.1388
27,1500,1527,0.1388
29,1491,1520,0.1388
29,1491,1520,0.1388
30,1484,1514,0.1388
31,1508,1539,0.1388
31,1491,1522,0.1388
31,1494,1525,0.1388
31,1475,1506,0.1388
31,1471,1502,0.1388
30,1484,1514,0.1388
31,1477,1508,0.1388
30,1489,1519,0.1388
30,1485,1515,0.1388
31,1482,1513,0.1388
31,1486,1517,0.1388
31,1500,1531,0.1388
32,1496,1528,0.1388
32,1492,1524,0.1388
34,1494,1528,0.1388
34,1501,1535,0.1388
32,1497,1529,0.1388
30,1504,1534,0.1388
29,1506,1535,0.1388
28,1502,1530,0.1388
27,1497,1524,0.1388
27,1494,1521,0.1388
25,1500,1525,0.1388
25,1495,1520,0.1388
24,1491,1515,0.1388
25,1500,1525,0.1388
24,1496,1520,0.1388
24,1491,1515,0.1388
25,1494,1519,0.1388
26,1499,1525,0.1388
26,1505,1531,0.1388
24,1515,1539,0.1388
25,1499,1524,0.1388
27,1485,1512,0.1388
27,1486,1513,0.1388
28,1486,1514,0.1388
29,1492,1521,0.1388
28,1482,1510,0.1388
28,1479,1507,0.1388
27,1483,1510,0.1388
27,1483,1510,0.1388
26,1490,1516,0.1388
25,1497,1522,0.1388
24,1490,1514,0.1388
23,1483,1506,0.1388
24,1501,1525,0.1388
25,1490,1515,0.1388
24,1488,1512,0.1388
24,1486,1510,0.1388
25,1479,1504,0.1388
25,1478,1503,0.1388
25,1484,1509,0.1388
25,1478,1503,0.1388
25,1480,1505,0.1388
24,1480,1504,0.1388
25,1492,1517,0.1388
25,1487,1512,0.1388
25,1491,1516,0.1388
25,1495,1520,0.1388
26,1495,1521,0.1388
25,1500,1525,0.1388
25,1513,1538,0.1388
25,1511,1536,0.1388
24,1512,1536,0.1388
23,1513,1536,0.1388
27,1512,1539,0.1388
26,1506,1532,0.1388
26,1509,1535,0.1388
27,1506,1533,0.1388
26,1488,1514,0.1388
25,1484,1509,0.1388
23,1484,1507,0.1388
23,1482,1505,0.1388
24,1484,1508,0.1388
25,1485,1510,0.1388
26,1486,1512,0.1388
27,1474,1501,0.1388
26,1485,1511,0.1388
24,1497,1521,0.1388
22,1512,1534,0.1388
22,1509,1531,0.1388
23,1520,1543,0.1388
23,1510,1533,0.1388
23,1500,1523,0.1388
21,1497,1518,0.1388
22,1489,1511,0.1388
22,1496,1518,0.1388
22,1507,1529,0.1388
23,1507,1530,0.1388
22,1491,1513,0.1388
23,1490,1513,0.1388
23,1496,1519,0.1388
23,1490,1513,0.1388
23,1495,1518,0.1388
22,1499,1521,0.1388
21,1489,1510,0.1388
21,1499,1520,0.1388
20,1495,1515,0.1388
21,1492,1513,0.1388
21,1494,1515,0.1388
21,1482,1503,0.1388
22,1473,1495,0.1388
22,1497,1519,0.1388
22,1482,1504,0.1388
21,1488,1509,0.1388
22,1506,1528,0.1388
22,1496,1518,0.1388
22,1485,1507,0.1388
21,1490,1511,0.1388
20,1499,1519,0.1388
17,1492,1509,0.1388
18,1500,1518,0.1388
21,1489,1510,0.1388
21,1495,1516,0.1388
22,1493,1515,0.1388
22,1494,1516,0.1388
22,1503,1525,0.1388
22,1495,1517,0.1388
22,1497,1519,0.1388
21,1492,1513,0.1388
20,1502,1522,0.1388
19,1502,1521,0.1388
18,1507,1525,0.1388
19,1498,1517,0.1388
20,1498,1518,0.1388
20,1499,1519,0.1388
21,1495,1516,0.1388
22,1499,1521,0.1388
22,1496,1518,0.1388
22,1494,1516,0.1388
23,1492,1515,0.1388
22,1496,1518,0.1388
22,1484,1506,0.1388
22,1502,1524,0.1388
22,1503,1525,0.1388
21,1512,1533,0.1388
21,1516,1537,0.1388
22,1504,1526,0.1388
21,1501,1522,0.1388
20,1494,1514,0.1388
23,1490,1513,0.1388
21,1491,1512,0.1388
21,1495,1516,0.1388
21,1483,1504,0.1388
21,1486,1507,0.1388
22,1483,1505,0.1388
23,1485,1508,0.1388
23,1492,1515,0.1388
23,1498,1521,0.1388
24,1499,1523,0.1388
25,1490,1515,0.1388
24,1494,1518,0.1388
23,1477,1500,0.1388
23,1481,1504,0.1388
24,1475,1499,0.1388
25,1471,1496,0.1388
25,1481,1506,0.1388
26,1485,1511,0.1388
25,1496,1521,0.1388
22,1501,1523,0.1388
22,1482,1504,0.1388
22,1488,1510,0.1388
22,1494,1516,0.1388
22,1494,1516,0.1388
23,1478,1501,0.1388
23,1494,1517,0.1388
24,1497,1521,0.1388
25,1489,1514,0.1388
27,1507,1534,0.1388
27,1499,1526,0.1388
28,1503,1531,0.1388
26,1502,1528,0.1388
26,1501,1527,0.1388
24,1495,1519,0.1388
25,1497,1522,0.1388
25,1500,1525,0.1388
24,1502,1526,0.1388
24,1494,1518,0.1388
24,1503,1527,0.1388
25,1505,1530,0.1388
25,1497,1522,0.1388
24,1510,1534,0.1388
24,1496,1520,0.1388
24,1497,1521,0.1388
23,1488,1511,0.1388
23,1497,1520,0.1388
24,1498,1522,0.1388
22,1500,1522,0.1388
23,1500,1523,0.1388
23,1499,1522,0.1388
22,1498,1520,0.1388
21,1499,1520,0.1388
22,1493,1515,0.1388
21,1488,1509,0.1388
21,1495,1516,0.1388
21,1499,1520,0.1388
21,1483,1504,0.1388
22,1491,1513,0.1388
21,1497,1518,0.1388
20,1499,1519,0.1388
19,1492,1511,0.1388
19,1479,1498,0.1388
20,1484,1504,0.1388
19,1495,1514,0.1388
19,1503,1522,0.1388
20,1485,1505,0.1388
20,1483,1503,0.1388
20,1495,1515,0.1388
20,1495,1515,0.1388
21,1500,1521,0.1388
21,1505,1526,0.1388
21,1497,1518,0.1388
21,1489,1510,0.1388
21,1482,1503,0.1388
21,1483,1504,0.1388
21,1485,1506,0.1388
19,1496,1515,0.1388
19,1499,1518,0.1388
19,1502,1521,0.1388
20,1495,1515,0.1388
20,1493,1513,0.1388
20,1494,1514,0.1388
20,1499,1519,0.1388
18,1498,1516,0.1388
20,1497,1517,0.1388
20,1500,1520,0.1388
19,1502,1521,0.1388
20,1504,1524,0.1388
19,1502,1521,0.1388
16,1507,1523,0.1388
16,1497,1513,0.1388
16,1501,1517,0.1388
16,1502,1518,0.1388
16,1508,1524,0.1388
14,1510,1524,0.1388
14,1518,1532,0.1388
15,1511,1526,0.1388
14,1504,1518,0.1388
13,1484,1497,0.1388
14,1483,1497,0.1388
15,1494,1509,0.1388
16,1484,1500,0.1388
17,1493,1510,0.1388
17,1492,1509,0.1388
17,1505,1522,0.1388
17,1502,1519,0.1388
17,1494,1511,0.1388
16,1489,1505,0.1388
16,1488,1504,0.1388
16,1485,1501,0.1388
17,1486,1503,0.1388
16,1487,1503,0.1388
17,1497,1514,0.1388
17,1493,1510,0.1388
18,1489,1507,0.1388
19,1500,1519,0.1388
19,1497,1516,0.1388
19,1499,1518,0.1388
17,1497,1514,0.1388
17,1499,1516,0.1388
16,1504,1520,0.1388
17,1502,1519,0.1388
18,1511,1529,0.1388
17,1521,1538,0.1388
16,1516,1532,0.1388
16,1496,1512,0.1388
17,1489,1506,0.1388
17,1480,1497,0.1388
17,1479,1496,0.1388
17,1491,1508,0.1388
17,1495,1512,0.1388
15,1506,1521,0.1388
15,1492,1507,0.1388
16,1498,1514,0.1388
15,1502,1517,0.1388
15,1493,1508,0.1388
15,1508,1523,0.1388
15,1508,1523,0.1388
15,1502,1517,0.1388
15,1504,1519,0.1388
16,1516,1532,0.1388
16,1504,1520,0.1388
14,1506,1520,0.1388
15,1506,1521,0.1388
16,1502,1518,0.1388
15,1505,1520,0.1388
15,1506,1521,0.1388
15,1507,1522,0.1388
15,1491,1506,0.1388
15,1501,1516,0.1388
15,1499,1514,0.1388
15,1490,1505,0.1388
16,1479,1495,0.1388
15,1487,1502,0.1388
15,1494,1509,0.1388
14,1500,1514,0.1388
13,1489,1502,0.1388
12,1491,1503,0.1388
11,1492,1503,0.1388
11,1498,1509,0.1388
11,1502,1513,0.1388
10,1501,1511,0.1388
11,1502,1513,0.1388
11,1495,1506,0.1388
11,1505,1516,0.1388
11,1490,1501,0.1388
11,1507,1518,0.1388
11,1497,1508,0.1388
12,1499,1511,0.1388
13,1483,1496,0.1388
13,1501,1514,0.1388
13,1488,1501,0.1388
14,1515,1529,0.1388
12,1513,1525,0.1388
11,1506,1517,0.1388
11,1507,1518,0.1388
11,1508,1519,0.1388
11,1515,1526,0.1388
10,1512,1522,0.1388
10,1523,1533,0.1388
11,1511,1522,0.1388
11,1505,1516,0.1388
11,1499,1510,0.1388
9,1499,1508,0.1388
9,1501,1510,0.1388
9,1485,1494,0.1388
9,1509,1518,0.1388
9,1513,1522,0.1388
9,1508,1517,0.1388
9,1496,1505,0.1388
10,1504,1514,0.1388
12,1502,1514,0.1388
12,1488,1500,0.1388
12,1500,1512,0.1388
11,1499,1510,0.1388
12,1502,1514,0.1388
11,1494,1505,0.1388
11,1506,1517,0.1388
11,1520,1531,0.1388
9,1509,1518,0.1388
9,1512,1521,0.1388
9,1509,1518,0.1388
8,1512,1520,0.1388
6,1505,1511,0.1388
6,1499,1505,0.1388
6,1505,1511,0.1388
7,1510,1517,0.1388
7,1511,1518,0.1388
7,1529,1536,0.1388
7,1514,1521,0.1388
7,1522,1529,0.1388
7,1522,1529,0.1388
8,1522,1530,0.1388
7,1516,1523,0.1388
7,1508,1515,0.1388
8,1501,1509,0.1388
8,1506,1514,0.1388
8,1510,1518,0.1388
8,1502,1510,0.1388
8,1495,1503,0.1388
9,1493,1502,0.1388
9,1495,1504,0.1388
9,1505,1514,0.1388
9,1490,1499,0.1388
10,1484,1494,0.1388
11,1480,1491,0.1388
11,1491,1502,0.1388
11,1489,1500,0.1388
12,1486,1498,0.1388
11,1493,1504,0.1388
12,1506,1518,0.1388
12,1505,1517,0.1388
11,1504,1515,0.1388
12,1509,1521,0.1388
12,1519,1531,0.1388
12,1508,1520,0.1388
12,1517,1529,0.1388
11,1514,1525,0.1388
10,1520,1530,0.1388
11,1511,1522,0.1388
11,1511,1522,0.1388
11,1503,1514,0.1388
11,1508,1519,0.1388
11,1510,1521,0.1388
10,1505,1515,0.1388
11,1503,1514,0.1388
11,1505,1516,0.1388
10,1509,1519,0.1388
11,1498,1509,0.1388
12,1505,1517,0.1388
13,1503,1516,0.1388
13,1510,1523,0.1388
14,1499,1513,0.1388
14,1510,1524,0.1388
13,1512,1525,0.1388
12,1490,1502,0.1388
11,1492,1503,0.1388
10,1506,1516,0.1388
10,1515,1525,0.1388
10,1512,1522,0.1388
10,1511,1521,0.1388
10,1513,1523,0.1388
10,1512,1522,0.1388
11,1502,1513,0.1388
11,1512,1523,0.1388
12,1511,1523,0.1388
11,1518,1529,0.1388
10,1517,1527,0.1388
10,1507,1517,0.1388
10,1492,1502,0.1388
10,1501,1511,0.1388
9,1509,1518,0.1388
10,1489,1499,0.1388
10,1485,1495,0.1388
10,1496,1506,0.1388
10,1506,1516,0.1388
10,1506,1516,0.1388
10,1514,1524,0.1388
10,1513,1523,0.1388
10,1511,1521,0.1388
9,1505,1514,0.1388
9,1507,1516,0.1388
9,1513,1522,0.1388
9,1502,1511,0.1388
9,1490,1499,0.1388
10,1501,1511,0.1388
10,1501,1511,0.1388
11,1509,1520,0.1388
9,1503,1512,0.1388
9,1527,1536,0.1388
10,1532,1542,0.1388
10,1530,1540,0.1388
10,1521,1531,0.1388
11,1525,1536,0.1388
11,1522,1533,0.1388
12,1530,1542,0.1388
11,1525,1536,0.1388
11,1516,1527,0.1388
11,1527,1538,0.1388
12,1515,1527,0.1388
13,1499,1512,0.1388
12,1507,1519,0.1388
12,1507,1519,0.1388
11,1503,1514,0.1388
11,1518,1529,0.1388
11,1520,1531,0.1388
12,1512,1524,0.1388
11,1514,1525,0.1388
10,1522,1532,0.1388
9,1508,1517,0.1388
9,1504,1513,0.1388
8,1505,1513,0.1388
6,1504,1510,0.1388
6,1506,1512,0.1388
6,1505,1511,0.1388
5,1500,1505,0.1388
5,1508,1513,0.1388
5,1513,1518,0.1388
6,1515,1521,0.1388
5,1523,1528,0.1388
5,1508,1513,0.1388
5,1509,1514,0.1388
5,1509,1514,0.1388
5,1514,1519,0.1388
5,1501,1506,0.1388
5,1510,1515,0.1388
4,1510,1514,0.1388
4,1511,1515,0.1388
4,1513,1517,0.1388
4,1515,1519,0.1388
4,1516,1520,0.1388
4,1521,1525,0.1388
4,1513,1517,0.1388
4,1512,1516,0.1388
4,1520,1524,0.1388
4,1522,1526,0.1388
4,1511,1515,0.1388
4,1502,1506,0.1388
3,1514,1517,0.1388
3,1511,1514,0.1388
3,1512,1515,0.1388
4,1512,1516,0.1388
4,1506,1510,0.1388
3,1508,1511,0.1388
3,1520,1523,0.1388
3,1522,1525,0.1388
3,1510,1513,0.1388
3,1521,1524,0.1388
2,1504,1506,0.1388
2,1524,1526,0.1388
2,1524,1526,0.1388
2,1519,1521,0.1388
1,1508,1509,0.1388
1,1497,1498,0.1388
1,1496,1497,0.1388
1,1517,1518,0.1388
1,1517,1518,0.1388
1,1521,1522,0.1388
1,1517,1518,0.1388
0,1524,1524,0.1388
