1364,27,1391,0.1388
1395,28,1423,0.1388
1413,28,1441,0.1388
1442,31,1473,0.1388
1434,30,1464,0.1388
1441,30,1471,0.1388
1457,29,1486,0.1388
1470,29,1499,0.1388
1465,30,1495,0.1388
1442,31,1473,0.1388
1447,31,1478,0.1388
1450,32,1482,0.1388
1454,30,1484,0.1388
1446,29,1475,0.1388
1461,26,1487,0.1388
1462,26,1488,0.1388
1461,28,1489,0.1388
1465,29,1494,0.1388
1458,31,1489,0.1388
1471,28,1499,0.1388
1461,28,1489,0.1388
1450,28,1478,0.1388
1452,30,1482,0.1388
1466,31,1497,0.1388
1464,30,1494,0.1388
1461,29,1490,0.1388
1458,29,1487,0.1388
1453,30,1483,0.1388
1442,28,1470,0.1388
1458,28,1486,0.1388
1455,27,1482,0.1388
1462,27,1489,0.1388
1475,26,1501,0.1388
1471,24,1495,0.1388
1473,22,1495,0.1388
1470,24,1494,0.1388
1467,23,1490,0.1388
1454,24,1478,0.1388
1470,25,1495,0.1388
1467,27,1494,0.1388
1475,30,1505,0.1388
1466,31,1497,0.1388
1470,32,1502,0.1388
1454,31,1485,0.1388
1471,31,1502,0.1388
1473,31,1504,0.1388
1478,31,1509,0.1388
1475,32,1507,0.1388
1464,32,1496,0.1388
1466,30,1496,0.1388
1460,31,1491,0.1388
1454,34,1488,0.1388
1449,34,1483,0.1388
1453,34,1487,0.1388
1463,36,1499,0.1388
1452,35,1487,0.1388
1447,37,1484,0.1388
1444,36,1480,0.1388
1441,40,1481,0.1388
1441,42,1483,0.1388
1444,43,1487,0.1388
1447,42,1489,0.1388
1447,40,1487,0.1388
1454,40,1494,0.1388
1450,40,1490,0.1388
1454,39,1493,0.1388
1453,39,1492,0.1388
1460,41,1501,0.1388
1456,41,1497,0.1388
1476,41,1517,0.1388
1475,42,1517,0.1388
1475,42,1517,0.1388
1462,39,1501,0.1388
1454,41,1495,0.1388
1451,39,1490,0.1388
1453,39,1492,0.1388
1452,39,1491,0.1388
1446,37,1483,0.1388
1456,36,1492,0.1388
1450,37,1487,0.1388
1457,39,1496,0.1388
1452,39,1491,0.1388
1448,38,1486,0.1388
1439,39,1478,0.1388
1437,38,1475,0.1388
1445,39,1484,0.1388
1455,39,1494,0.1388
1468,39,1507,0.1388
1456,40,1496,0.1388
1442,41,1483,0.1388
1443,41,1484,0.1388
1442,42,1484,0.1388
1446,43,1489,0.1388
1441,43,1484,0.1388
1440,43,1483,0.1388
1453,43,1496,0.1388
1451,45,1496,0.1388
1439,46,1485,0.1388
1449,47,1496,0.1388
1451,46,1497,0.1388
1446,47,1493,0.1388
1444,47,1491,0.1388
1442,48,1490,0.1388
1444,48,1492,0.1388
1438,47,1485,0.1388
1433,52,1485,0.1388
1439,53,1492,0.1388
1435,55,1490,0.1388
1424,54,1478,0.1388
1439,53,1492,0.1388
1446,54,1500,0.1388
1444,55,1499,0.1388
1434,56,1490,0.1388
1432,57,1489,0.1388
1440,58,1498,0.1388
1435,58,1493,0.1388
1412,58,1470,0.1388
1411,60,1471,0.1388
1421,59,1480,0.1388
1430,61,1491,0.1388
1441,60,1501,0.1388
1456,63,1519,0.1388
1457,64,1521,0.1388
1447,68,1515,0.1388
1428,70,1498,0.1388
1414,73,1487,0.1388
1411,71,1482,0.1388
1431,70,1501,0.1388
1428,71,1499,0.1388
1423,70,1493,0.1388
1427,74,1501,0.1388
1423,74,1497,0.1388
1418,77,1495,0.1388
1422,79,1501,0.1388
1427,81,1508,0.1388
1416,78,1494,0.1388
1402,79,1481,0.1388
1398,77,1475,0.1388
1410,78,1488,0.1388
1416,79,1495,0.1388
1406,84,1490,0.1388
1405,90,1495,0.1388
1412,89,1501,0.1388
1422,88,1510,0.1388
1413,86,1499,0.1388
1414,85,1499,0.1388
1409,84,1493,0.1388
1419,81,1500,0.1388
1411,83,1494,0.1388
1417,84,1501,0.1388
1419,84,1503,0.1388
1401,87,1488,0.1388
1407,88,1495,0.1388
1409,90,1499,0.1388
1394,90,1484,0.1388
1392,89,1481,0.1388
1404,91,1495,0.1388
1390,91,1481,0.1388
1397,92,1489,0.1388
1405,94,1499,0.1388
1410,95,1505,0.1388
1411,93,1504,0.1388
1408,91,1499,0.1388
1414,90,1504,0.1388
1411,89,1500,0.1388
1418,93,1511,0.1388
1403,89,1492,0.1388
1407,87,1494,0.1388
1404,88,1492,0.1388
1412,91,1503,0.1388
1419,90,1509,0.1388
1409,90,1499,0.1388
1407,90,1497,0.1388
1412,87,1499,0.1388
1408,91,1499,0.1388
1403,92,1495,0.1388
1406,93,1499,0.1388
1402,91,1493,0.1388
1402,90,1492,0.1388
1417,92,1509,0.1388
1412,94,1506,0.1388
1408,91,1499,0.1388
1415,91,1506,0.1388
1421,91,1512,0.1388
1421,92,1513,0.1388
1412,94,1506,0.1388
1409,94,1503,0.1388
1405,97,1502,0.1388
1411,98,1509,0.1388
1425,97,1522,0.1388
1409,95,1504,0.1388
1415,92,1507,0.1388
1413,91,1504,0.1388
1406,93,1499,0.1388
1402,96,1498,0.1388
1387,95,1482,0.1388
1385,96,1481,0.1388
1379,95,1474,0.1388
1401,98,1499,0.1388
1391,97,1488,0.1388
1392,97,1489,0.1388
1396,96,1492,0.1388
1397,96,1493,0.1388
1399,95,1494,0.1388
1419,95,1514,0.1388
1425,97,1522,0.1388
1419,96,1515,0.1388
1407,95,1502,0.1388
1408,100,1508,0.1388
1399,102,1501,0.1388
1397,103,1500,0.1388
1408,102,1510,0.1388
1406,101,1507,0.1388
1395,98,1493,0.1388
1392,101,1493,0.1388
1393,99,1492,0.1388
1393,101,1494,0.1388
1387,100,1487,0.1388
1400,100,1500,0.1388
1391,99,1490,0.1388
1402,95,1497,0.1388
1405,97,1502,0.1388
1403,98,1501,0.1388
1397,98,1495,0.1388
1394,99,1493,0.1388
1397,97,1494,0.1388
1387,91,1478,0.1388
1380,91,1471,0.1388
1386,96,1482,0.1388
1383,98,1481,0.1388
1379,100,1479,0.1388
1368,103,1471,0.1388
1380,103,1483,0.1388
1383,103,1486,0.1388
1383,106,1489,0.1388
1385,107,1492,0.1388
1392,106,1498,0.1388
1384,109,1493,0.1388
1388,108,1496,0.1388
1365,114,1479,0.1388
1370,115,1485,0.1388
1382,114,1496,0.1388
1381,113,1494,0.1388
1367,110,1477,0.1388
1363,115,1478,0.1388
1364,111,1475,0.1388
1366,109,1475,0.1388
1374,108,1482,0.1388
1367,109,1476,0.1388
1356,111,1467,0.1388
1368,112,1480,0.1388
1369,114,1483,0.1388
1374,117,1491,0.1388
1372,121,1493,0.1388
1363,120,1483,0.1388
1369,122,1491,0.1388
1362,123,1485,0.1388
1374,124,1498,0.1388
1370,125,1495,0.1388
1368,127,1495,0.1388
1370,130,1500,0.1388
1370,129,1499,0.1388
1358,131,1489,0.1388
1363,128,1491,0.1388
1365,129,1494,0.1388
1351,131,1482,0.1388
1355,135,1490,0.1388
1351,134,1485,0.1388
1352,137,1489,0.1388
1343,138,1481,0.1388
1355,139,1494,0.1388
1354,139,1493,0.1388
1370,138,1508,0.1388
1370,143,1513,0.1388
1356,144,1500,0.1388
1352,144,1496,0.1388
1351,147,1498,0.1388
1342,146,1488,0.1388
1335,148,1483,0.1388
1346,155,1501,0.1388
1343,151,1494,0.1388
1351,152,1503,0.1388
1347,152,1499,0.1388
1341,150,1491,0.1388
1356,153,1509,0.1388
1355,158,1513,0.1388
1350,154,1504,0.1388
1337,155,1492,0.1388
1327,155,1482,0.1388
1327,156,1483,0.1388
1327,151,1478,0.1388
1343,154,1497,0.1388
1351,154,1505,0.1388
1350,151,1501,0.1388
1349,149,1498,0.1388
1365,156,1521,0.1388
1359,154,1513,0.1388
1358,149,1507,0.1388
1356,149,1505,0.1388
1354,152,1506,0.1388
1345,151,1496,0.1388
1344,150,1494,0.1388
1338,153,1491,0.1388
1337,154,1491,0.1388
1348,156,1504,0.1388
1339,159,1498,0.1388
1339,157,1496,0.1388
1343,162,1505,0.1388
1334,160,1494,0.1388
1332,161,1493,0.1388
1327,161,1488,0.1388
1328,160,1488,0.1388
1331,167,1498,0.1388
1329,167,1496,0.1388
1325,168,1493,0.1388
1322,170,1492,0.1388
1332,167,1499,0.1388
1335,171,1506,0.1388
1331,177,1508,0.1388
1332,173,1505,0.1388
1338,173,1511,0.1388
1333,172,1505,0.1388
1336,175,1511,0.1388
1331,175,1506,0.1388
1333,181,1514,0.1388
1327,178,1505,0.1388
1333,177,1510,0.1388
1332,175,1507,0.1388
1318,176,1494,0.1388
1325,175,1500,0.1388
1309,175,1484,0.1388
1316,171,1487,0.1388
1304,174,1478,0.1388
1309,175,1484,0.1388
1316,174,1490,0.1388
1317,176,1493,0.1388
1322,173,1495,0.1388
1327,175,1502,0.1388
1328,177,1505,0.1388
1313,171,1484,0.1388
1306,172,1478,0.1388
1312,176,1488,0.1388
1313,179,1492,0.1388
1311,179,1490,0.1388
1303,179,1482,0.1388
1299,180,1479,0.1388
1298,179,1477,0.1388
1303,181,1484,0.1388
1301,181,1482,0.1388
1300,180,1480,0.1388
1302,176,1478,0.1388
1313,176,1489,0.1388
1329,175,1504,0.1388
1329,173,1502,0.1388
1321,176,1497,0.1388
1321,180,1501,0.1388
1321,177,1498,0.1388
1326,178,1504,0.1388
1327,182,1509,0.1388
1320,183,1503,0.1388
1318,189,1507,0.1388
1311,186,1497,0.1388
1293,182,1475,0.1388
1287,189,1476,0.1388
1303,187,1490,0.1388
1318,184,1502,0.1388
1324,183,1507,0.1388
1322,185,1507,0.1388
1311,187,1498,0.1388
1307,194,1501,0.1388
1307,198,1505,0.1388
1304,197,1501,0.1388
1300,189,1489,0.1388
1303,189,1492,0.1388
1306,190,1496,0.1388
1301,193,1494,0.1388
1294,198,1492,0.1388
1296,195,1491,0.1388
1296,195,1491,0.1388
1295,195,1490,0.1388
1292,199,1491,0.1388
1292,200,1492,0.1388
1301,197,1498,0.1388
1307,197,1504,0.1388
1314,190,1504,0.1388
1316,195,1511,0.1388
1306,198,1504,0.1388
1299,195,1494,0.1388
1302,189,1491,0.1388
1293,186,1479,0.1388
1292,185,1477,0.1388
1297,196,1493,0.1388
1314,196,1510,0.1388
1313,194,1507,0.1388
1303,196,1499,0.1388
1301,201,1502,0.1388
1300,206,1506,0.1388
1292,208,1500,0.1388
1290,215,1505,0.1388
1279,213,1492,0.1388
1269,218,1487,0.1388
1286,219,1505,0.1388
1276,219,1495,0.1388
1273,220,1493,0.1388
1271,224,1495,0.1388
1264,227,1491,0.1388
1254,228,1482,0.1388
1243,227,1470,0.1388
1247,229,1476,0.1388
1251,230,1481,0.1388
1267,230,1497,0.1388
1266,232,1498,0.1388
1259,228,1487,0.1388
1266,232,1498,0.1388
1258,234,1492,0.1388
1269,230,1499,0.1388
1263,232,1495,0.1388
1260,234,1494,0.1388
1261,235,1496,0.1388
1267,236,1503,0.1388
1269,235,1504,0.1388
1259,235,1494,0.1388
1265,236,1501,0.1388
1257,237,1494,0.1388
1257,241,1498,0.1388
1257,239,1496,0.1388
1242,240,1482,0.1388
1235,239,1474,0.1388
1237,245,1482,0.1388
1253,249,1502,0.1388
1253,247,1500,0.1388
1250,241,1491,0.1388
1249,248,1497,0.1388
1261,244,1505,0.1388
1258,245,1503,0.1388
1260,243,1503,0.1388
1271,236,1507,0.1388
1273,242,1515,0.1388
1267,235,1502,0.1388
1258,233,1491,0.1388
1251,237,1488,0.1388
1242,233,1475,0.1388
1248,239,1487,0.1388
1247,240,1487,0.1388
1254,244,1498,0.1388
1250,242,1492,0.1388
1259,243,1502,0.1388
1245,244,1489,0.1388
1259,248,1507,0.1388
1256,249,1505,0.1388
1261,240,1501,0.1388
1265,244,1509,0.1388
1257,251,1508,0.1388
1253,252,1505,0.1388
1259,247,1506,0.1388
1247,243,1490,0.1388
1252,244,1496,0.1388
1246,249,1495,0.1388
1243,249,1492,0.1388
1225,254,1479,0.1388
1227,252,1479,0.1388
1231,260,1491,0.1388
1236,254,1490,0.1388
1241,252,1493,0.1388
1245,249,1494,0.1388
1246,249,1495,0.1388
1237,256,1493,0.1388
1234,252,1486,0.1388
1238,253,1491,0.1388
1248,255,1503,0.1388
1269,260,1529,0.1388
1266,258,1524,0.1388
1254,261,1515,0.1388
1249,264,1513,0.1388
1236,263,1499,0.1388
1240,265,1505,0.1388
1224,263,1487,0.1388
1225,260,1485,0.1388
1229,259,1488,0.1388
1230,261,1491,0.1388
1225,266,1491,0.1388
1222,267,1489,0.1388
1224,270,1494,0.1388
1222,275,1497,0.1388
1229,278,1507,0.1388
1219,277,1496,0.1388
1218,273,1491,0.1388
1214,278,1492,0.1388
1219,276,1495,0.1388
1228,269,1497,0.1388
1212,270,1482,0.1388
1220,273,1493,0.1388
1216,277,1493,0.1388
1213,288,1501,0.1388
1203,289,1492,0.1388
1203,286,1489,0.1388
1197,292,1489,0.1388
1199,292,1491,0.1388
1207,291,1498,0.1388
1208,287,1495,0.1388
1209,285,1494,0.1388
1218,283,1501,0.1388
1221,283,1504,0.1388
1221,278,1499,0.1388
1224,279,1503,0.1388
1215,275,1490,0.1388
1222,276,1498,0.1388
1216,270,1486,0.1388
1231,270,1501,0.1388
1229,271,1500,0.1388
1221,279,1500,0.1388
1213,274,1487,0.1388
1210,278,1488,0.1388
1208,283,1491,0.1388
1196,285,1481,0.1388
1192,285,1477,0.1388
1198,288,1486,0.1388
1208,288,1496,0.1388
1219,294,1513,0.1388
1212,294,1506,0.1388
1204,294,1498,0.1388
1196,295,1491,0.1388
1189,300,1489,0.1388
1195,299,1494,0.1388
1209,303,1512,0.1388
1210,301,1511,0.1388
1209,302,1511,0.1388
1199,302,1501,0.1388
1194,301,1495,0.1388
1204,300,1504,0.1388
1200,301,1501,0.1388
1202,309,1511,0.1388
1197,306,1503,0.1388
1187,310,1497,0.1388
1175,314,1489,0.1388
1179,316,1495,0.1388
1186,311,1497,0.1388
1184,305,1489,0.1388
1195,314,1509,0.1388
1183,313,1496,0.1388
1176,317,1493,0.1388
1171,320,1491,0.1388
1177,314,1491,0.1388
1187,308,1495,0.1388
1190,314,1504,0.1388
1177,317,1494,0.1388
1173,321,1494,0.1388
1174,316,1490,0.1388
1177,326,1503,0.1388
1189,320,1509,0.1388
1193,315,1508,0.1388
1194,307,1501,0.1388
1201,309,1510,0.1388
1181,311,1492,0.1388
1178,315,1493,0.1388
1179,315,1494,0.1388
1193,310,1503,0.1388
1176,313,1489,0.1388
1183,322,1505,0.1388
1184,321,1505,0.1388
1182,320,1502,0.1388
1177,314,1491,0.1388
1175,317,1492,0.1388
1170,322,1492,0.1388
1159,319,1478,0.1388
1170,315,1485,0.1388
1168,314,1482,0.1388
1186,319,1505,0.1388
1178,318,1496,0.1388
1182,323,1505,0.1388
1182,325,1507,0.1388
1184,323,1507,0.1388
1177,321,1498,0.1388
1178,320,1498,0.1388
1181,315,1496,0.1388
1176,318,1494,0.1388
1166,323,1489,0.1388
1177,323,1500,0.1388
1174,326,1500,0.1388
1158,325,1483,0.1388
1153,326,1479,0.1388
1169,329,1498,0.1388
1155,336,1491,0.1388
1157,335,1492,0.1388
1157,335,1492,0.1388
1154,327,1481,0.1388
1145,324,1469,0.1388
1154,329,1483,0.1388
1165,327,1492,0.1388
1181,332,1513,0.1388
1174,332,1506,0.1388
1169,333,1502,0.1388
1167,335,1502,0.1388
1163,333,1496,0.1388
1165,329,1494,0.1388
1165,336,1501,0.1388
1165,339,1504,0.1388
1166,334,1500,0.1388
1163,334,1497,0.1388
1153,336,1489,0.1388
1155,341,1496,0.1388
1152,339,1491,0.1388
1155,343,1498,0.1388
1157,344,1501,0.1388
1176,344,1520,0.1388
1176,346,1522,0.1388
1173,351,1524,0.1388
1166,350,1516,0.1388
1165,345,1510,0.1388
1166,347,1513,0.1388
1162,349,1511,0.1388
1152,351,1503,0.1388
1147,346,1493,0.1388
1148,342,1490,0.1388
1144,340,1484,0.1388
1136,331,1467,0.1388
1143,333,1476,0.1388
1146,336,1482,0.1388
1150,340,1490,0.1388
1143,341,1484,0.1388
1156,341,1497,0.1388
1152,343,1495,0.1388
1146,347,1493,0.1388
1149,347,1496,0.1388
1151,350,1501,0.1388
1151,349,1500,0.1388
1153,348,1501,0.1388
1143,347,1490,0.1388
1142,346,1488,0.1388
1146,354,1500,0.1388
1146,358,1504,0.1388
1133,363,1496,0.1388
1124,363,1487,0.1388
1126,362,1488,0.1388
1120,359,1479,0.1388
1118,365,1483,0.1388
1117,370,1487,0.1388
1132,374,1506,0.1388
1125,375,1500,0.1388
1124,374,1498,0.1388
1137,375,1512,0.1388
1140,371,1511,0.1388
1135,367,1502,0.1388
1132,369,1501,0.1388
1133,369,1502,0.1388
1127,373,1500,0.1388
1124,368,1492,0.1388
1127,362,1489,0.1388
1123,369,1492,0.1388
1134,369,1503,0.1388
1123,373,1496,0.1388
1124,372,1496,0.1388
1115,372,1487,0.1388
1123,367,1490,0.1388
1131,367,1498,0.1388
1139,362,1501,0.1388
1134,355,1489,0.1388
1125,353,1478,0.1388
1128,363,1491,0.1388
1127,365,1492,0.1388
1132,364,1496,0.1388
1132,367,1499,0.1388
1131,373,1504,0.1388
1131,372,1503,0.1388
1136,371,1507,0.1388
1133,376,1509,0.1388
1135,380,1515,0.1388
1136,377,1513,0.1388
1134,377,1511,0.1388
1134,371,1505,0.1388
1121,377,1498,0.1388
1127,375,1502,0.1388
1133,371,1504,0.1388
1123,382,1505,0.1388
1114,382,1496,0.1388
1108,379,1487,0.1388
1112,373,1485,0.1388
1105,382,1487,0.1388
1113,380,1493,0.1388
1109,383,1492,0.1388
1107,381,1488,0.1388
1102,387,1489,0.1388
1107,387,1494,0.1388
1115,388,1503,0.1388
1116,382,1498,0.1388
1110,385,1495,0.1388
1118,384,1502,0.1388
1113,394,1507,0.1388
1109,396,1505,0.1388
1103,396,1499,0.1388
1098,401,1499,0.1388
1098,402,1500,0.1388
1099,402,1501,0.1388
1095,404,1499,0.1388
1093,407,1500,0.1388
1104,414,1518,0.1388
1093,418,1511,0.1388
1082,418,1500,0.1388
1087,418,1505,0.1388
1088,412,1500,0.1388
1097,414,1511,0.1388
1099,412,1511,0.1388
1098,410,1508,0.1388
1088,413,1501,0.1388
1072,421,1493,0.1388
1061,422,1483,0.1388
1067,424,1491,0.1388
1071,423,1494,0.1388
1062,423,1485,0.1388
1058,421,1479,0.1388
1055,428,1483,0.1388
1078,423,1501,0.1388
1084,422,1506,0.1388
1087,419,1506,0.1388
1090,421,1511,0.1388
1082,431,1513,0.1388
1083,422,1505,0.1388
1088,427,1515,0.1388
1092,418,1510,0.1388
1098,416,1514,0.1388
1092,421,1513,0.1388
1089,419,1508,0.1388
1082,425,1507,0.1388
1076,423,1499,0.1388
1077,422,1499,0.1388
1070,428,1498,0.1388
1073,431,1504,0.1388
1070,434,1504,0.1388
1081,429,1510,0.1388
1081,426,1507,0.1388
1073,429,1502,0.1388
1073,432,1505,0.1388
1064,435,1499,0.1388
1070,442,1512,0.1388
1074,441,1515,0.1388
1074,439,1513,0.1388
1068,432,1500,0.1388
1062,436,1498,0.1388
1057,436,1493,0.1388
1059,447,1506,0.1388
1069,454,1523,0.1388
1070,448,1518,0.1388
1056,449,1505,0.1388
1060,451,1511,0.1388
1058,446,1504,0.1388
1056,450,1506,0.1388
1058,445,1503,0.1388
1057,443,1500,0.1388
1062,439,1501,0.1388
1061,439,1500,0.1388
1061,442,1503,0.1388
1048,443,1491,0.1388
1048,449,1497,0.1388
1042,454,1496,0.1388
1042,455,1497,0.1388
1033,459,1492,0.1388
1027,470,1497,0.1388
1030,470,1500,0.1388
1023,476,1499,0.1388
1024,474,1498,0.1388
1006,478,1484,0.1388
1005,478,1483,0.1388
1010,488,1498,0.1388
1006,489,1495,0.1388
1009,483,1492,0.1388
1005,500,1505,0.1388
1002,505,1507,0.1388
994,509,1503,0.1388
1002,508,1510,0.1388
997,498,1495,0.1388
998,506,1504,0.1388
984,506,1490,0.1388
981,512,1493,0.1388
984,515,1499,0.1388
993,515,1508,0.1388
984,521,1505,0.1388
981,515,1496,0.1388
984,520,1504,0.1388
991,526,1517,0.1388
984,510,1494,0.1388
982,519,1501,0.1388
966,519,1485,0.1388
975,522,1497,0.1388
973,523,1496,0.1388
980,525,1505,0.1388
973,530,1503,0.1388
966,535,1501,0.1388
963,540,1503,0.1388
973,539,1512,0.1388
973,537,1510,0.1388
968,545,1513,0.1388
956,538,1494,0.1388
958,539,1497,0.1388
952,541,1493,0.1388
967,549,1516,0.1388
968,545,1513,0.1388
975,540,1515,0.1388
966,539,1505,0.1388
972,536,1508,0.1388
961,540,1501,0.1388
952,546,1498,0.1388
950,538,1488,0.1388
950,538,1488,0.1388
948,549,1497,0.1388
936,549,1485,0.1388
933,561,1494,0.1388
930,554,1484,0.1388
932,553,1485,0.1388
934,559,1493,0.1388
929,562,1491,0.1388
930,564,1494,0.1388
921,575,1496,0.1388
917,569,1486,0.1388
909,576,1485,0.1388
919,576,1495,0.1388
929,578,1507,0.1388
924,581,1505,0.1388
934,577,1511,0.1388
934,571,1505,0.1388
934,577,1511,0.1388
929,586,1515,0.1388
924,584,1508,0.1388
927,586,1513,0.1388
921,579,1500,0.1388
909,585,1494,0.1388
903,585,1488,0.1388
899,588,1487,0.1388
895,590,1485,0.1388
892,595,1487,0.1388
898,589,1487,0.1388
909,597,1506,0.1388
914,599,1513,0.1388
908,598,1506,0.1388
903,602,1505,0.1388
901,609,1510,0.1388
900,600,1500,0.1388
893,598,1491,0.1388
881,618,1499,0.1388
885,616,1501,0.1388
891,620,1511,0.1388
889,618,1507,0.1388
885,613,1498,0.1388
892,609,1501,0.1388
886,606,1492,0.1388
886,611,1497,0.1388
886,619,1505,0.1388
892,618,1510,0.1388
893,613,1506,0.1388
895,607,1502,0.1388
883,606,1489,0.1388
881,608,1489,0.1388
883,622,1505,0.1388
883,629,1512,0.1388
884,621,1505,0.1388
894,626,1520,0.1388
886,620,1506,0.1388
894,617,1511,0.1388
903,620,1523,0.1388
900,633,1533,0.1388
890,631,1521,0.1388
899,631,1530,0.1388
900,622,1522,0.1388
896,628,1524,0.1388
896,629,1525,0.1388
897,638,1535,0.1388
876,635,1511,0.1388
865,638,1503,0.1388
864,628,1492,0.1388
857,620,1477,0.1388
861,618,1479,0.1388
860,620,1480,0.1388
854,634,1488,0.1388
860,637,1497,0.1388
867,638,1505,0.1388
866,632,1498,0.1388
862,632,1494,0.1388
857,638,1495,0.1388
852,648,1500,0.1388
851,647,1498,0.1388
845,648,1493,0.1388
850,654,1504,0.1388
857,650,1507,0.1388
854,646,1500,0.1388
857,657,1514,0.1388
849,655,1504,0.1388
855,652,1507,0.1388
851,654,1505,0.1388
862,661,1523,0.1388
853,662,1515,0.1388
842,666,1508,0.1388
837,669,1506,0.1388
839,667,1506,0.1388
837,667,1504,0.1388
837,662,1499,0.1388
838,665,1503,0.1388
836,661,1497,0.1388
840,664,1504,0.1388
829,656,1485,0.1388
829,661,1490,0.1388
830,665,1495,0.1388
837,659,1496,0.1388
839,658,1497,0.1388
834,657,1491,0.1388
832,658,1490,0.1388
841,660,1501,0.1388
853,649,1502,0.1388
849,652,1501,0.1388
858,653,1511,0.1388
865,657,1522,0.1388
861,652,1513,0.1388
866,655,1521,0.1388
867,657,1524,0.1388
862,651,1513,0.1388
860,660,1520,0.1388
861,656,1517,0.1388
846,648,1494,0.1388
837,652,1489,0.1388
840,644,1484,0.1388
840,647,1487,0.1388
831,654,1485,0.1388
836,652,1488,0.1388
833,656,1489,0.1388
831,658,1489,0.1388
831,672,1503,0.1388
830,666,1496,0.1388
837,662,1499,0.1388
835,670,1505,0.1388
842,667,1509,0.1388
830,669,1499,0.1388
833,660,1493,0.1388
836,653,1489,0.1388
837,665,1502,0.1388
839,669,1508,0.1388
832,666,1498,0.1388
827,668,1495,0.1388
828,679,1507,0.1388
834,677,1511,0.1388
835,677,1512,0.1388
829,676,1505,0.1388
830,678,1508,0.1388
828,666,1494,0.1388
832,670,1502,0.1388
824,677,1501,0.1388
821,679,1500,0.1388
816,673,1489,0.1388
832,680,1512,0.1388
825,672,1497,0.1388
819,676,1495,0.1388
813,682,1495,0.1388
817,687,1504,0.1388
817,696,1513,0.1388
813,693,1506,0.1388
806,695,1501,0.1388
805,696,1501,0.1388
801,689,1490,0.1388
792,696,1488,0.1388
788,711,1499,0.1388
781,713,1494,0.1388
791,708,1499,0.1388
800,703,1503,0.1388
797,714,1511,0.1388
786,718,1504,0.1388
792,717,1509,0.1388
795,719,1514,0.1388
793,730,1523,0.1388
794,731,1525,0.1388
792,721,1513,0.1388
792,720,1512,0.1388
787,724,1511,0.1388
788,735,1523,0.1388
788,733,1521,0.1388
785,728,1513,0.1388
778,730,1508,0.1388
778,726,1504,0.1388
780,718,1498,0.1388
781,708,1489,0.1388
788,711,1499,0.1388
774,717,1491,0.1388
771,716,1487,0.1388
776,716,1492,0.1388
774,718,1492,0.1388
780,723,1503,0.1388
788,711,1499,0.1388
776,716,1492,0.1388
777,729,1506,0.1388
783,721,1504,0.1388
784,714,1498,0.1388
781,715,1496,0.1388
781,716,1497,0.1388
774,728,1502,0.1388
774,727,1501,0.1388
769,722,1491,0.1388
766,730,1496,0.1388
764,734,1498,0.1388
765,739,1504,0.1388
763,736,1499,0.1388
758,741,1499,0.1388
755,744,1499,0.1388
767,745,1512,0.1388
761,749,1510,0.1388
757,747,1504,0.1388
753,760,1513,0.1388
748,758,1506,0.1388
753,765,1518,0.1388
758,752,1510,0.1388
761,759,1520,0.1388
753,763,1516,0.1388
755,752,1507,0.1388
754,751,1505,0.1388
746,747,1493,0.1388
743,754,1497,0.1388
755,749,1504,0.1388
749,753,1502,0.1388
743,768,1511,0.1388
730,770,1500,0.1388
741,773,1514,0.1388
749,772,1521,0.1388
739,769,1508,0.1388
736,768,1504,0.1388
725,774,1499,0.1388
724,784,1508,0.1388
734,784,1518,0.1388
721,788,1509,0.1388
730,781,1511,0.1388
730,786,1516,0.1388
732,782,1514,0.1388
738,769,1507,0.1388
721,768,1489,0.1388
725,766,1491,0.1388
733,779,1512,0.1388
735,782,1517,0.1388
729,783,1512,0.1388
732,780,1512,0.1388
736,775,1511,0.1388
727,766,1493,0.1388
719,775,1494,0.1388
713,777,1490,0.1388
718,792,1510,0.1388
713,788,1501,0.1388
719,786,1505,0.1388
716,796,1512,0.1388
719,794,1513,0.1388
715,788,1503,0.1388
714,795,1509,0.1388
715,790,1505,0.1388
710,794,1504,0.1388
711,788,1499,0.1388
708,793,1501,0.1388
703,799,1502,0.1388
701,786,1487,0.1388
708,797,1505,0.1388
698,801,1499,0.1388
700,795,1495,0.1388
700,799,1499,0.1388
694,806,1500,0.1388
696,809,1505,0.1388
691,815,1506,0.1388
689,818,1507,0.1388
685,810,1495,0.1388
685,817,1502,0.1388
683,819,1502,0.1388
683,819,1502,0.1388
678,815,1493,0.1388
672,814,1486,0.1388
673,820,1493,0.1388
668,832,1500,0.1388
664,830,1494,0.1388
667,824,1491,0.1388
664,829,1493,0.1388
672,844,1516,0.1388
674,832,1506,0.1388
685,838,1523,0.1388
687,843,1530,0.1388
682,835,1517,0.1388
680,826,1506,0.1388
676,835,1511,0.1388
662,836,1498,0.1388
660,834,1494,0.1388
668,839,1507,0.1388
664,832,1496,0.1388
662,836,1498,0.1388
659,847,1506,0.1388
671,844,1515,0.1388
666,840,1506,0.1388
666,835,1501,0.1388
653,845,1498,0.1388
648,850,1498,0.1388
656,863,1519,0.1388
658,862,1520,0.1388
653,847,1500,0.1388
646,848,1494,0.1388
653,848,1501,0.1388
646,853,1499,0.1388
651,858,1509,0.1388
650,852,1502,0.1388
652,853,1505,0.1388
664,853,1517,0.1388
658,844,1502,0.1388
659,841,1500,0.1388
656,839,1495,0.1388
651,856,1507,0.1388
652,859,1511,0.1388
649,861,1510,0.1388
646,859,1505,0.1388
654,863,1517,0.1388
653,867,1520,0.1388
653,862,1515,0.1388
652,866,1518,0.1388
655,856,1511,0.1388
651,863,1514,0.1388
650,865,1515,0.1388
661,860,1521,0.1388
654,859,1513,0.1388
661,858,1519,0.1388
659,859,1518,0.1388
650,857,1507,0.1388
659,846,1505,0.1388
661,848,1509,0.1388
660,854,1514,0.1388
654,846,1500,0.1388
660,842,1502,0.1388
657,850,1507,0.1388
657,862,1519,0.1388
652,869,1521,0.1388
652,871,1523,0.1388
658,850,1508,0.1388
653,842,1495,0.1388
656,855,1511,0.1388
654,858,1512,0.1388
649,858,1507,0.1388
649,865,1514,0.1388
652,858,1510,0.1388
656,858,1514,0.1388
647,859,1506,0.1388
650,867,1517,0.1388
656,857,1513,0.1388
650,865,1515,0.1388
647,859,1506,0.1388
651,863,1514,0.1388
645,856,1501,0.1388
652,861,1513,0.1388
640,854,1494,0.1388
635,850,1485,0.1388
647,857,1504,0.1388
649,859,1508,0.1388
653,862,1515,0.1388
646,860,1506,0.1388
657,861,1518,0.1388
658,857,1515,0.1388
654,852,1506,0.1388
655,860,1515,0.1388
649,864,1513,0.1388
660,870,1530,0.1388
657,868,1525,0.1388
651,872,1523,0.1388
652,871,1523,0.1388
646,884,1530,0.1388
644,871,1515,0.1388
638,865,1503,0.1388
640,873,1513,0.1388
642,867,1509,0.1388
634,865,1499,0.1388
638,873,1511,0.1388
628,875,1503,0.1388
632,887,1519,0.1388
629,890,1519,0.1388
626,883,1509,0.1388
631,883,1514,0.1388
632,885,1517,0.1388
638,878,1516,0.1388
634,889,1523,0.1388
629,887,1516,0.1388
624,891,1515,0.1388
623,891,1514,0.1388
628,878,1506,0.1388
621,881,1502,0.1388
631,882,1513,0.1388
623,881,1504,0.1388
622,875,1497,0.1388
617,877,1494,0.1388
605,892,1497,0.1388
611,884,1495,0.1388
609,882,1491,0.1388
619,878,1497,0.1388
619,881,1500,0.1388
629,873,1502,0.1388
629,877,1506,0.1388
626,876,1502,0.1388
631,876,1507,0.1388
627,879,1506,0.1388
626,884,1510,0.1388
622,893,1515,0.1388
618,889,1507,0.1388
617,883,1500,0.1388
614,893,1507,0.1388
613,882,1495,0.1388
611,883,1494,0.1388
607,893,1500,0.1388
604,890,1494,0.1388
599,894,1493,0.1388
603,907,1510,0.1388
604,907,1511,0.1388
600,907,1507,0.1388
597,906,1503,0.1388
599,897,1496,0.1388
601,904,1505,0.1388
609,914,1523,0.1388
610,917,1527,0.1388
602,901,1503,0.1388
598,903,1501,0.1388
591,903,1494,0.1388
588,905,1493,0.1388
590,916,1506,0.1388
593,918,1511,0.1388
594,919,1513,0.1388
596,918,1514,0.1388
596,914,1510,0.1388
588,918,1506,0.1388
587,916,1503,0.1388
593,915,1508,0.1388
582,919,1501,0.1388
578,914,1492,0.1388
567,923,1490,0.1388
560,923,1483,0.1388
562,926,1488,0.1388
573,937,1510,0.1388
574,939,1513,0.1388
570,944,1514,0.1388
570,951,1521,0.1388
562,951,1513,0.1388
569,953,1522,0.1388
572,963,1535,0.1388
571,955,1526,0.1388
567,942,1509,0.1388
568,946,1514,0.1388
556,949,1505,0.1388
561,934,1495,0.1388
567,935,1502,0.1388
563,941,1504,0.1388
555,950,1505,0.1388
562,945,1507,0.1388
561,942,1503,0.1388
560,950,1510,0.1388
563,950,1513,0.1388
557,946,1503,0.1388
557,943,1500,0.1388
555,940,1495,0.1388
555,942,1497,0.1388
552,956,1508,0.1388
566,964,1530,0.1388
564,955,1519,0.1388
565,957,1522,0.1388
562,955,1517,0.1388
570,949,1519,0.1388
569,946,1515,0.1388
568,955,1523,0.1388
555,954,1509,0.1388
558,953,1511,0.1388
554,948,1502,0.1388
554,950,1504,0.1388
551,955,1506,0.1388
559,949,1508,0.1388
560,942,1502,0.1388
560,946,1506,0.1388
561,958,1519,0.1388
559,945,1504,0.1388
558,948,1506,0.1388
552,957,1509,0.1388
552,955,1507,0.1388
543,948,1491,0.1388
539,951,1490,0.1388
541,952,1493,0.1388
539,948,1487,0.1388
541,951,1492,0.1388
543,957,1500,0.1388
538,965,1503,0.1388
540,965,1505,0.1388
538,965,1503,0.1388
542,966,1508,0.1388
539,968,1507,0.1388
537,980,1517,0.1388
532,981,1513,0.1388
538,980,1518,0.1388
526,985,1511,0.1388
524,971,1495,0.1388
525,972,1497,0.1388
532,986,1518,0.1388
529,991,1520,0.1388
523,977,1500,0.1388
520,970,1490,0.1388
525,968,1493,0.1388
522,966,1488,0.1388
526,970,1496,0.1388
525,974,1499,0.1388
519,986,1505,0.1388
526,984,1510,0.1388
529,987,1516,0.1388
532,988,1520,0.1388
530,990,1520,0.1388
515,989,1504,0.1388
513,987,1500,0.1388
514,985,1499,0.1388
509,992,1501,0.1388
502,1003,1505,0.1388
493,1007,1500,0.1388
495,1011,1506,0.1388
494,1009,1503,0.1388
498,1016,1514,0.1388
497,1005,1502,0.1388
488,1011,1499,0.1388
479,1006,1485,0.1388
477,1011,1488,0.1388
480,1022,1502,0.1388
489,1032,1521,0.1388
485,1030,1515,0.1388
493,1042,1535,0.1388
494,1037,1531,0.1388
489,1032,1521,0.1388
474,1043,1517,0.1388
468,1038,1506,0.1388
471,1045,1516,0.1388
471,1052,1523,0.1388
468,1048,1516,0.1388
468,1044,1512,0.1388
458,1055,1513,0.1388
457,1053,1510,0.1388
456,1053,1509,0.1388
454,1054,1508,0.1388
457,1053,1510,0.1388
462,1053,1515,0.1388
459,1046,1505,0.1388
448,1051,1499,0.1388
456,1056,1512,0.1388
454,1054,1508,0.1388
452,1047,1499,0.1388
448,1047,1495,0.1388
446,1054,1500,0.1388
447,1052,1499,0.1388
449,1052,1501,0.1388
451,1055,1506,0.1388
444,1052,1496,0.1388
449,1053,1502,0.1388
446,1060,1506,0.1388
440,1064,1504,0.1388
442,1061,1503,0.1388
451,1046,1497,0.1388
450,1060,1510,0.1388
452,1058,1510,0.1388
445,1068,1513,0.1388
440,1077,1517,0.1388
439,1071,1510,0.1388
441,1066,1507,0.1388
435,1071,1506,0.1388
437,1072,1509,0.1388
442,1079,1521,0.1388
439,1065,1504,0.1388
437,1070,1507,0.1388
442,1081,1523,0.1388
443,1079,1522,0.1388
448,1074,1522,0.1388
448,1060,1508,0.1388
442,1070,1512,0.1388
439,1078,1517,0.1388
437,1072,1509,0.1388
434,1073,1507,0.1388
431,1066,1497,0.1388
428,1067,1495,0.1388
425,1078,1503,0.1388
427,1080,1507,0.1388
420,1073,1493,0.1388
419,1077,1496,0.1388
422,1084,1506,0.1388
415,1076,1491,0.1388
420,1077,1497,0.1388
418,1093,1511,0.1388
424,1096,1520,0.1388
421,1084,1505,0.1388
415,1099,1514,0.1388
418,1097,1515,0.1388
414,1103,1517,0.1388
409,1094,1503,0.1388
411,1101,1512,0.1388
418,1111,1529,0.1388
420,1114,1534,0.1388
423,1090,1513,0.1388
424,1101,1525,0.1388
427,1096,1523,0.1388
422,1092,1514,0.1388
418,1093,1511,0.1388
414,1085,1499,0.1388
408,1081,1489,0.1388
415,1082,1497,0.1388
417,1081,1498,0.1388
412,1085,1497,0.1388
415,1076,1491,0.1388
410,1094,1504,0.1388
406,1096,1502,0.1388
412,1100,1512,0.1388
414,1109,1523,0.1388
403,1115,1518,0.1388
399,1119,1518,0.1388
399,1125,1524,0.1388
391,1126,1517,0.1388
392,1126,1518,0.1388
393,1112,1505,0.1388
395,1116,1511,0.1388
394,1113,1507,0.1388
389,1118,1507,0.1388
390,1133,1523,0.1388
384,1134,1518,0.1388
392,1111,1503,0.1388
393,1116,1509,0.1388
385,1113,1498,0.1388
386,1117,1503,0.1388
389,1117,1506,0.1388
391,1119,1510,0.1388
397,1116,1513,0.1388
396,1123,1519,0.1388
394,1118,1512,0.1388
402,1115,1517,0.1388
398,1108,1506,0.1388
397,1099,1496,0.1388
392,1100,1492,0.1388
390,1118,1508,0.1388
402,1123,1525,0.1388
398,1117,1515,0.1388
399,1130,1529,0.1388
397,1115,1512,0.1388
400,1113,1513,0.1388
396,1116,1512,0.1388
393,1107,1500,0.1388
397,1115,1512,0.1388
392,1115,1507,0.1388
388,1116,1504,0.1388
387,1103,1490,0.1388
389,1112,1501,0.1388
387,1121,1508,0.1388
389,1116,1505,0.1388
385,1117,1502,0.1388
381,1115,1496,0.1388
376,1123,1499,0.1388
372,1141,1513,0.1388
368,1143,1511,0.1388
362,1148,1510,0.1388
366,1153,1519,0.1388
362,1145,1507,0.1388
373,1148,1521,0.1388
373,1139,1512,0.1388
367,1134,1501,0.1388
365,1144,1509,0.1388
367,1141,1508,0.1388
363,1151,1514,0.1388
355,1158,1513,0.1388
359,1156,1515,0.1388
358,1144,1502,0.1388
360,1132,1492,0.1388
362,1140,1502,0.1388
366,1138,1504,0.1388
368,1132,1500,0.1388
369,1132,1501,0.1388
370,1141,1511,0.1388
379,1141,1520,0.1388
376,1141,1517,0.1388
373,1148,1521,0.1388
371,1133,1504,0.1388
368,1129,1497,0.1388
372,1142,1514,0.1388
375,1141,1516,0.1388
378,1135,1513,0.1388
374,1140,1514,0.1388
375,1139,1514,0.1388
370,1144,1514,0.1388
370,1139,1509,0.1388
372,1133,1505,0.1388
371,1129,1500,0.1388
369,1131,1500,0.1388
373,1119,1492,0.1388
369,1118,1487,0.1388
379,1124,1503,0.1388
376,1128,1504,0.1388
373,1119,1492,0.1388
378,1128,1506,0.1388
375,1121,1496,0.1388
369,1127,1496,0.1388
374,1134,1508,0.1388
368,1138,1506,0.1388
363,1137,1500,0.1388
368,1143,1511,0.1388
366,1146,1512,0.1388
364,1148,1512,0.1388
359,1143,1502,0.1388
355,1144,1499,0.1388
347,1141,1488,0.1388
354,1137,1491,0.1388
359,1141,1500,0.1388
356,1149,1505,0.1388
354,1152,1506,0.1388
360,1148,1508,0.1388
352,1159,1511,0.1388
354,1159,1513,0.1388
349,1165,1514,0.1388
353,1160,1513,0.1388
352,1159,1511,0.1388
361,1172,1533,0.1388
361,1158,1519,0.1388
363,1150,1513,0.1388
370,1153,1523,0.1388
361,1152,1513,0.1388
356,1152,1508,0.1388
359,1153,1512,0.1388
360,1150,1510,0.1388
360,1153,1513,0.1388
355,1158,1513,0.1388
353,1146,1499,0.1388
356,1153,1509,0.1388
354,1147,1501,0.1388
363,1145,1508,0.1388
360,1152,1512,0.1388
354,1151,1505,0.1388
352,1156,1508,0.1388
351,1146,1497,0.1388
344,1153,1497,0.1388
342,1153,1495,0.1388
340,1162,1502,0.1388
337,1161,1498,0.1388
333,1163,1496,0.1388
335,1173,1508,0.1388
335,1178,1513,0.1388
337,1187,1524,0.1388
338,1174,1512,0.1388
345,1174,1519,0.1388
348,1168,1516,0.1388
353,1175,1528,0.1388
344,1160,1504,0.1388
344,1166,1510,0.1388
343,1159,1502,0.1388
345,1149,1494,0.1388
344,1162,1506,0.1388
338,1161,1499,0.1388
339,1159,1498,0.1388
341,1170,1511,0.1388
336,1165,1501,0.1388
333,1175,1508,0.1388
329,1165,1494,0.1388
321,1171,1492,0.1388
329,1172,1501,0.1388
331,1186,1517,0.1388
331,1192,1523,0.1388
329,1183,1512,0.1388
332,1189,1521,0.1388
326,1197,1523,0.1388
326,1187,1513,0.1388
318,1187,1505,0.1388
320,1195,1515,0.1388
325,1189,1514,0.1388
326,1190,1516,0.1388
325,1194,1519,0.1388
327,1186,1513,0.1388
328,1194,1522,0.1388
320,1187,1507,0.1388
323,1197,1520,0.1388
321,1192,1513,0.1388
319,1196,1515,0.1388
315,1187,1502,0.1388
314,1187,1501,0.1388
319,1188,1507,0.1388
317,1186,1503,0.1388
319,1198,1517,0.1388
325,1184,1509,0.1388
329,1185,1514,0.1388
329,1190,1519,0.1388
325,1190,1515,0.1388
321,1189,1510,0.1388
326,1179,1505,0.1388
323,1186,1509,0.1388
319,1186,1505,0.1388
329,1201,1530,0.1388
326,1191,1517,0.1388
331,1199,1530,0.1388
329,1193,1522,0.1388
323,1189,1512,0.1388
318,1182,1500,0.1388
317,1196,1513,0.1388
308,1202,1510,0.1388
312,1203,1515,0.1388
309,1200,1509,0.1388
311,1199,1510,0.1388
313,1200,1513,0.1388
319,1205,1524,0.1388
318,1200,1518,0.1388
317,1208,1525,0.1388
307,1205,1512,0.1388
305,1207,1512,0.1388
297,1209,1506,0.1388
304,1210,1514,0.1388
301,1215,1516,0.1388
307,1208,1515,0.1388
298,1205,1503,0.1388
297,1213,1510,0.1388
297,1206,1503,0.1388
302,1200,1502,0.1388
303,1208,1511,0.1388
300,1207,1507,0.1388
297,1200,1497,0.1388
297,1211,1508,0.1388
300,1216,1516,0.1388
296,1223,1519,0.1388
301,1227,1528,0.1388
301,1229,1530,0.1388
302,1212,1514,0.1388
300,1220,1520,0.1388
300,1220,1520,0.1388
295,1228,1523,0.1388
297,1233,1530,0.1388
298,1229,1527,0.1388
298,1222,1520,0.1388
298,1219,1517,0.1388
305,1214,1519,0.1388
303,1216,1519,0.1388
304,1217,1521,0.1388
297,1201,1498,0.1388
292,1201,1493,0.1388
294,1196,1490,0.1388
291,1205,1496,0.1388
293,1210,1503,0.1388
297,1206,1503,0.1388
301,1231,1532,0.1388
298,1245,1543,0.1388
304,1234,1538,0.1388
299,1238,1537,0.1388
300,1222,1522,0.1388
297,1222,1519,0.1388
298,1214,1512,0.1388
290,1220,1510,0.1388
293,1230,1523,0.1388
294,1235,1529,0.1388
294,1236,1530,0.1388
293,1236,1529,0.1388
287,1217,1504,0.1388
290,1225,1515,0.1388
290,1218,1508,0.1388
288,1213,1501,0.1388
287,1218,1505,0.1388
283,1224,1507,0.1388
277,1224,1501,0.1388
280,1229,1509,0.1388
273,1232,1505,0.1388
271,1237,1508,0.1388
265,1230,1495,0.1388
266,1236,1502,0.1388
267,1228,1495,0.1388
267,1226,1493,0.1388
270,1228,1498,0.1388
267,1240,1507,0.1388
262,1242,1504,0.1388
264,1242,1506,0.1388
265,1235,1500,0.1388
274,1227,1501,0.1388
277,1233,1510,0.1388
275,1228,1503,0.1388
276,1234,1510,0.1388
272,1236,1508,0.1388
269,1235,1504,0.1388
262,1245,1507,0.1388
262,1251,1513,0.1388
260,1241,1501,0.1388
265,1247,1512,0.1388
265,1238,1503,0.1388
263,1245,1508,0.1388
264,1254,1518,0.1388
255,1248,1503,0.1388
263,1246,1509,0.1388
265,1251,1516,0.1388
261,1251,1512,0.1388
257,1257,1514,0.1388
256,1263,1519,0.1388
252,1256,1508,0.1388
253,1254,1507,0.1388
255,1256,1511,0.1388
259,1257,1516,0.1388
257,1259,1516,0.1388
263,1260,1523,0.1388
266,1253,1519,0.1388
263,1236,1499,0.1388
265,1239,1504,0.1388
261,1249,1510,0.1388
262,1250,1512,0.1388
261,1258,1519,0.1388
256,1262,1518,0.1388
259,1259,1518,0.1388
251,1265,1516,0.1388
252,1263,1515,0.1388
249,1248,1497,0.1388
251,1260,1511,0.1388
250,1255,1505,0.1388
258,1249,1507,0.1388
258,1254,1512,0.1388
260,1261,1521,0.1388
260,1250,1510,0.1388
254,1242,1496,0.1388
256,1257,1513,0.1388
256,1249,1505,0.1388
258,1254,1512,0.1388
258,1252,1510,0.1388
256,1253,1509,0.1388
255,1262,1517,0.1388
254,1267,1521,0.1388
251,1260,1511,0.1388
248,1271,1519,0.1388
243,1264,1507,0.1388
244,1258,1502,0.1388
240,1279,1519,0.1388
242,1281,1523,0.1388
242,1287,1529,0.1388
239,1291,1530,0.1388
239,1278,1517,0.1388
239,1273,1512,0.1388
239,1274,1513,0.1388
240,1273,1513,0.1388
238,1283,1521,0.1388
232,1292,1524,0.1388
228,1284,1512,0.1388
225,1288,1513,0.1388
225,1272,1497,0.1388
228,1290,1518,0.1388
226,1292,1518,0.1388
223,1289,1512,0.1388
223,1297,1520,0.1388
221,1300,1521,0.1388
224,1295,1519,0.1388
223,1289,1512,0.1388
225,1294,1519,0.1388
228,1306,1534,0.1388
224,1291,1515,0.1388
221,1286,1507,0.1388
222,1280,1502,0.1388
221,1283,1504,0.1388
222,1281,1503,0.1388
227,1289,1516,0.1388
228,1290,1518,0.1388
220,1293,1513,0.1388
225,1299,1524,0.1388
226,1291,1517,0.1388
219,1299,1518,0.1388
214,1294,1508,0.1388
219,1289,1508,0.1388
221,1296,1517,0.1388
218,1299,1517,0.1388
220,1291,1511,0.1388
218,1284,1502,0.1388
220,1272,1492,0.1388
216,1276,1492,0.1388
216,1279,1495,0.1388
213,1267,1480,0.1388
216,1276,1492,0.1388
212,1287,1499,0.1388
219,1289,1508,0.1388
215,1282,1497,0.1388
214,1287,1501,0.1388
214,1298,1512,0.1388
213,1295,1508,0.1388
211,1297,1508,0.1388
212,1313,1525,0.1388
215,1315,1530,0.1388
212,1316,1528,0.1388
212,1310,1522,0.1388
214,1305,1519,0.1388
218,1321,1539,0.1388
211,1307,1518,0.1388
208,1299,1507,0.1388
198,1302,1500,0.1388
201,1312,1513,0.1388
203,1311,1514,0.1388
202,1312,1514,0.1388
201,1312,1513,0.1388
203,1303,1506,0.1388
199,1321,1520,0.1388
203,1307,1510,0.1388
200,1311,1511,0.1388
203,1319,1522,0.1388
201,1312,1513,0.1388
197,1318,1515,0.1388
199,1314,1513,0.1388
198,1305,1503,0.1388
200,1312,1512,0.1388
201,1309,1510,0.1388
197,1296,1493,0.1388
204,1290,1494,0.1388
208,1294,1502,0.1388
209,1294,1503,0.1388
210,1294,1504,0.1388
213,1298,1511,0.1388
211,1297,1508,0.1388
208,1295,1503,0.1388
207,1296,1503,0.1388
204,1300,1504,0.1388
208,1297,1505,0.1388
203,1295,1498,0.1388
202,1295,1497,0.1388
209,1308,1517,0.1388
207,1308,1515,0.1388
206,1321,1527,0.1388
208,1312,1520,0.1388
209,1316,1525,0.1388
208,1314,1522,0.1388
204,1307,1511,0.1388
209,1304,1513,0.1388
199,1304,1503,0.1388
203,1306,1509,0.1388
205,1317,1522,0.1388
203,1313,1516,0.1388
195,1317,1512,0.1388
194,1305,1499,0.1388
196,1299,1495,0.1388
203,1300,1503,0.1388
205,1306,1511,0.1388
200,1312,1512,0.1388
204,1299,1503,0.1388
198,1312,1510,0.1388
193,1303,1496,0.1388
200,1311,1511,0.1388
200,1320,1520,0.1388
195,1310,1505,0.1388
189,1318,1507,0.1388
188,1314,1502,0.1388
185,1318,1503,0.1388
187,1324,1511,0.1388
191,1327,1518,0.1388
193,1317,1510,0.1388
193,1310,1503,0.1388
190,1307,1497,0.1388
194,1296,1490,0.1388
195,1304,1499,0.1388
205,1306,1511,0.1388
204,1303,1507,0.1388
203,1300,1503,0.1388
206,1309,1515,0.1388
205,1307,1512,0.1388
205,1307,1512,0.1388
207,1314,1521,0.1388
202,1318,1520,0.1388
203,1309,1512,0.1388
202,1307,1509,0.1388
201,1316,1517,0.1388
205,1320,1525,0.1388
204,1316,1520,0.1388
206,1310,1516,0.1388
204,1320,1524,0.1388
204,1316,1520,0.1388
203,1305,1508,0.1388
200,1317,1517,0.1388
204,1311,1515,0.1388
202,1309,1511,0.1388
202,1315,1517,0.1388
199,1306,1505,0.1388
197,1310,1507,0.1388
197,1303,1500,0.1388
198,1311,1509,0.1388
199,1318,1517,0.1388
200,1323,1523,0.1388
193,1321,1514,0.1388
190,1330,1520,0.1388
192,1323,1515,0.1388
193,1321,1514,0.1388
192,1319,1511,0.1388
194,1313,1507,0.1388
196,1308,1504,0.1388
199,1306,1505,0.1388
202,1314,1516,0.1388
203,1320,1523,0.1388
202,1312,1514,0.1388
206,1315,1521,0.1388
205,1318,1523,0.1388
198,1301,1499,0.1388
197,1303,1500,0.1388
194,1284,1478,0.1388
195,1293,1488,0.1388
195,1301,1496,0.1388
197,1299,1496,0.1388
200,1304,1504,0.1388
204,1308,1512,0.1388
196,1319,1515,0.1388
198,1323,1521,0.1388
200,1316,1516,0.1388
198,1302,1500,0.1388
199,1301,1500,0.1388
202,1294,1496,0.1388
198,1287,1485,0.1388
200,1292,1492,0.1388
197,1300,1497,0.1388
198,1300,1498,0.1388
197,1302,1499,0.1388
194,1295,1489,0.1388
194,1300,1494,0.1388
191,1293,1484,0.1388
198,1306,1504,0.1388
199,1300,1499,0.1388
198,1300,1498,0.1388
197,1294,1491,0.1388
196,1307,1503,0.1388
198,1298,1496,0.1388
197,1309,1506,0.1388
201,1323,1524,0.1388
201,1322,1523,0.1388
200,1311,1511,0.1388
196,1310,1506,0.1388
200,1315,1515,0.1388
196,1325,1521,0.1388
192,1324,1516,0.1388
194,1323,1517,0.1388
196,1317,1513,0.1388
191,1321,1512,0.1388
190,1327,1517,0.1388
192,1314,1506,0.1388
197,1319,1516,0.1388
191,1319,1510,0.1388
187,1320,1507,0.1388
186,1313,1499,0.1388
184,1309,1493,0.1388
188,1337,1525,0.1388
191,1326,1517,0.1388
189,1331,1520,0.1388
190,1334,1524,0.1388
184,1325,1509,0.1388
180,1339,1519,0.1388
182,1343,1525,0.1388
182,1334,1516,0.1388
183,1340,1523,0.1388
181,1334,1515,0.1388
179,1331,1510,0.1388
178,1328,1506,0.1388
173,1335,1508,0.1388
171,1337,1508,0.1388
170,1347,1517,0.1388
173,1360,1533,0.1388
173,1348,1521,0.1388
173,1344,1517,0.1388
170,1349,1519,0.1388
167,1329,1496,0.1388
166,1319,1485,0.1388
167,1342,1509,0.1388
164,1343,1507,0.1388
161,1347,1508,0.1388
160,1341,1501,0.1388
161,1345,1506,0.1388
161,1341,1502,0.1388
164,1354,1518,0.1388
164,1347,1511,0.1388
161,1344,1505,0.1388
159,1345,1504,0.1388
159,1345,1504,0.1388
161,1349,1510,0.1388
157,1354,1511,0.1388
155,1361,1516,0.1388
153,1365,1518,0.1388
153,1367,1520,0.1388
150,1362,1512,0.1388
148,1367,1515,0.1388
145,1355,1500,0.1388
150,1360,1510,0.1388
151,1371,1522,0.1388
154,1360,1514,0.1388
149,1368,1517,0.1388
148,1370,1518,0.1388
143,1361,1504,0.1388
143,1367,1510,0.1388
150,1373,1523,0.1388
144,1378,1522,0.1388
147,1363,1510,0.1388
149,1351,1500,0.1388
151,1359,1510,0.1388
152,1357,1509,0.1388
155,1357,1512,0.1388
156,1367,1523,0.1388
154,1368,1522,0.1388
156,1370,1526,0.1388
160,1359,1519,0.1388
160,1360,1520,0.1388
156,1355,1511,0.1388
154,1357,1511,0.1388
149,1354,1503,0.1388
145,1367,1512,0.1388
141,1363,1504,0.1388
147,1362,1509,0.1388
147,1371,1518,0.1388
145,1374,1519,0.1388
145,1375,1520,0.1388
139,1378,1517,0.1388
140,1375,1515,0.1388
141,1372,1513,0.1388
135,1368,1503,0.1388
133,1373,1506,0.1388
136,1386,1522,0.1388
132,1392,1524,0.1388
132,1381,1513,0.1388
131,1372,1503,0.1388
127,1376,1503,0.1388
128,1376,1504,0.1388
129,1383,1512,0.1388
128,1377,1505,0.1388
124,1385,1509,0.1388
122,1397,1519,0.1388
121,1389,1510,0.1388
121,1382,1503,0.1388
121,1397,1518,0.1388
123,1390,1513,0.1388
123,1394,1517,0.1388
129,1390,1519,0.1388
125,1396,1521,0.1388
123,1390,1513,0.1388
125,1397,1522,0.1388
122,1391,1513,0.1388
119,1399,1518,0.1388
118,1402,1520,0.1388
119,1394,1513,0.1388
118,1397,1515,0.1388
116,1398,1514,0.1388
115,1396,1511,0.1388
115,1405,1520,0.1388
116,1409,1525,0.1388
115,1412,1527,0.1388
115,1395,1510,0.1388
115,1392,1507,0.1388
114,1404,1518,0.1388
113,1405,1518,0.1388
114,1408,1522,0.1388
115,1413,1528,0.1388
112,1407,1519,0.1388
113,1412,1525,0.1388
112,1408,1520,0.1388
111,1398,1509,0.1388
115,1401,1516,0.1388
117,1399,1516,0.1388
114,1394,1508,0.1388
114,1396,1510,0.1388
116,1396,1512,0.1388
119,1401,1520,0.1388
115,1400,1515,0.1388
117,1412,1529,0.1388
114,1415,1529,0.1388
112,1411,1523,0.1388
108,1402,1510,0.1388
111,1415,1526,0.1388
110,1410,1520,0.1388
110,1407,1517,0.1388
109,1400,1509,0.1388
108,1406,1514,0.1388
106,1419,1525,0.1388
105,1419,1524,0.1388
105,1418,1523,0.1388
107,1411,1518,0.1388
107,1417,1524,0.1388
104,1412,1516,0.1388
106,1412,1518,0.1388
104,1405,1509,0.1388
102,1405,1507,0.1388
101,1409,1510,0.1388
103,1410,1513,0.1388
103,1398,1501,0.1388
101,1411,1512,0.1388
103,1415,1518,0.1388
103,1419,1522,0.1388
101,1412,1513,0.1388
104,1409,1513,0.1388
106,1411,1517,0.1388
104,1410,1514,0.1388
107,1404,1511,0.1388
108,1409,1517,0.1388
104,1419,1523,0.1388
103,1418,1521,0.1388
105,1413,1518,0.1388
104,1410,1514,0.1388
101,1414,1515,0.1388
107,1408,1515,0.1388
106,1399,1505,0.1388
104,1403,1507,0.1388
103,1395,1498,0.1388
103,1398,1501,0.1388
101,1400,1501,0.1388
100,1418,1518,0.1388
101,1411,1512,0.1388
101,1421,1522,0.1388
100,1423,1523,0.1388
99,1410,1509,0.1388
98,1412,1510,0.1388
98,1422,1520,0.1388
99,1418,1517,0.1388
99,1426,1525,0.1388
98,1431,1529,0.1388
99,1426,1525,0.1388
99,1411,1510,0.1388
98,1412,1510,0.1388
99,1404,1503,0.1388
97,1400,1497,0.1388
102,1412,1514,0.1388
102,1421,1523,0.1388
103,1416,1519,0.1388
102,1414,1516,0.1388
103,1416,1519,0.1388
98,1411,1509,0.1388
102,1418,1520,0.1388
101,1415,1516,0.1388
98,1406,1504,0.1388
98,1401,1499,0.1388
99,1427,1526,0.1388
99,1427,1526,0.1388
96,1417,1513,0.1388
99,1419,1518,0.1388
94,1410,1504,0.1388
96,1407,1503,0.1388
98,1419,1517,0.1388
96,1411,1507,0.1388
97,1415,1512,0.1388
97,1406,1503,0.1388
91,1408,1499,0.1388
92,1417,1509,0.1388
93,1425,1518,0.1388
94,1426,1520,0.1388
98,1427,1525,0.1388
94,1436,1530,0.1388
94,1422,1516,0.1388
92,1417,1509,0.1388
88,1411,1499,0.1388
91,1419,1510,0.1388
91,1431,1522,0.1388
86,1437,1523,0.1388
91,1436,1527,0.1388
92,1417,1509,0.1388
91,1418,1509,0.1388
92,1413,1505,0.1388
89,1414,1503,0.1388
92,1411,1503,0.1388
92,1405,1497,0.1388
91,1411,1502,0.1388
91,1416,1507,0.1388
93,1415,1508,0.1388
94,1413,1507,0.1388
93,1420,1513,0.1388
90,1422,1512,0.1388
88,1428,1516,0.1388
88,1423,1511,0.1388
89,1432,1521,0.1388
87,1431,1518,0.1388
86,1433,1519,0.1388
84,1433,1517,0.1388
86,1429,1515,0.1388
83,1437,1520,0.1388
80,1424,1504,0.1388
83,1418,1501,0.1388
83,1429,1512,0.1388
77,1434,1511,0.1388
80,1443,1523,0.1388
79,1435,1514,0.1388
78,1431,1509,0.1388
78,1429,1507,0.1388
79,1418,1497,0.1388
78,1437,1515,0.1388
75,1447,1522,0.1388
75,1448,1523,0.1388
76,1440,1516,0.1388
76,1445,1521,0.1388
74,1443,1517,0.1388
76,1447,1523,0.1388
73,1445,1518,0.1388
72,1457,1529,0.1388
69,1453,1522,0.1388
72,1453,1525,0.1388
72,1461,1533,0.1388
72,1449,1521,0.1388
70,1433,1503,0.1388
71,1449,1520,0.1388
72,1448,1520,0.1388
74,1445,1519,0.1388
72,1447,1519,0.1388
72,1436,1508,0.1388
71,1432,1503,0.1388
71,1438,1509,0.1388
70,1440,1510,0.1388
71,1450,1521,0.1388
69,1448,1517,0.1388
66,1454,1520,0.1388
68,1457,1525,0.1388
66,1452,1518,0.1388
66,1451,1517,0.1388
66,1461,1527,0.1388
65,1443,1508,0.1388
65,1448,1513,0.1388
63,1444,1507,0.1388
63,1447,1510,0.1388
60,1451,1511,0.1388
61,1449,1510,0.1388
59,1457,1516,0.1388
59,1443,1502,0.1388
57,1448,1505,0.1388
56,1456,1512,0.1388
58,1448,1506,0.1388
57,1441,1498,0.1388
56,1444,1500,0.1388
56,1454,1510,0.1388
58,1448,1506,0.1388
55,1458,1513,0.1388
55,1467,1522,0.1388
55,1456,1511,0.1388
56,1451,1507,0.1388
55,1449,1504,0.1388
56,1445,1501,0.1388
56,1454,1510,0.1388
52,1456,1508,0.1388
51,1463,1514,0.1388
53,1463,1516,0.1388
56,1453,1509,0.1388
54,1455,1509,0.1388
54,1453,1507,0.1388
53,1459,1512,0.1388
52,1461,1513,0.1388
53,1459,1512,0.1388
53,1462,1515,0.1388
52,1457,1509,0.1388
50,1467,1517,0.1388
49,1472,1521,0.1388
48,1468,1516,0.1388
49,1466,1515,0.1388
49,1455,1504,0.1388
49,1453,1502,0.1388
49,1464,1513,0.1388
49,1472,1521,0.1388
50,1472,1522,0.1388
49,1472,1521,0.1388
48,1465,1513,0.1388
49,1465,1514,0.1388
49,1466,1515,0.1388
48,1470,1518,0.1388
48,1465,1513,0.1388
50,1471,1521,0.1388
50,1473,1523,0.1388
50,1473,1523,0.1388
51,1484,1535,0.1388
50,1478,1528,0.1388
48,1481,1529,0.1388
46,1477,1523,0.1388
44,1469,1513,0.1388
41,1479,1520,0.1388
44,1479,1523,0.1388
43,1470,1513,0.1388
46,1462,1508,0.1388
45,1459,1504,0.1388
45,1468,1513,0.1388
44,1463,1507,0.1388
42,1458,1500,0.1388
40,1460,1500,0.1388
41,1476,1517,0.1388
42,1480,1522,0.1388
43,1479,1522,0.1388
43,1482,1525,0.1388
43,1479,1522,0.1388
43,1471,1514,0.1388
44,1470,1514,0.1388
41,1480,1521,0.1388
41,1472,1513,0.1388
40,1480,1520,0.1388
40,1476,1516,0.1388
42,1469,1511,0.1388
43,1458,1501,0.1388
43,1458,1501,0.1388
42,1476,1518,0.1388
43,1466,1509,0.1388
45,1463,1508,0.1388
44,1467,1511,0.1388
45,1454,1499,0.1388
44,1466,1510,0.1388
43,1467,1510,0.1388
44,1461,1505,0.1388
46,1469,1515,0.1388
45,1469,1514,0.1388
45,1477,1522,0.1388
45,1483,1528,0.1388
44,1475,1519,0.1388
41,1458,1499,0.1388
39,1479,1518,0.1388
37,1478,1515,0.1388
36,1468,1504,0.1388
37,1479,1516,0.1388
40,1475,1515,0.1388
38,1486,1524,0.1388
38,1484,1522,0.1388
40,1475,1515,0.1388
40,1481,1521,0.1388
40,1478,1518,0.1388
39,1480,1519,0.1388
37,1482,1519,0.1388
36,1467,1503,0.1388
36,1472,1508,0.1388
33,1479,1512,0.1388
35,1473,1508,0.1388
36,1473,1509,0.1388
38,1484,1522,0.1388
37,1476,1513,0.1388
36,1475,1511,0.1388
40,1478,1518,0.1388
40,1472,1512,0.1388
39,1480,1519,0.1388
39,1480,1519,0.1388
38,1481,1519,0.1388
36,1479,1515,0.1388
35,1494,1529,0.1388
34,1489,1523,0.1388
35,1491,1526,0.1388
35,1482,1517,0.1388
33,1479,1512,0.1388
32,1478,1510,0.1388
31,1470,1501,0.1388
32,1483,1515,0.1388
32,1487,1519,0.1388
31,1491,1522,0.1388
30,1497,1527,0.1388
31,1482,1513,0.1388
31,1470,1501,0.1388
32,1494,1526,0.1388
31,1501,1532,0.1388
31,1492,1523,0.1388
30,1495,1525,0.1388
29,1491,1520,0.1388
30,1495,1525,0.1388
29,1493,1522,0.1388
28,1492,1520,0.1388
28,1481,1509,0.1388
27,1500,1527,0.1388
27,1475,1502,0.1388
28,1482,1510,0.1388
27,1483,1510,0.1388
28,1490,1518,0.1388
27,1489,1516,0.1388
27,1485,1512,0.1388
27,1502,1529,0.1388
26,1496,1522,0.1388
26,1499,1525,0.1388
26,1499,1525,0.1388
25,1493,1518,0.1388
25,1503,1528,0.1388
26,1507,1533,0.1388
26,1509,1535,0.1388
27,1504,1531,0.1388
27,1497,1524,0.1388
27,1491,1518,0.1388
26,1484,1510,0.1388
25,1488,1513,0.1388
23,1491,1514,0.1388
23,1490,1513,0.1388
23,1503,1526,0.1388
23,1499,1522,0.1388
21,1496,1517,0.1388
21,1490,1511,0.1388
21,1498,1519,0.1388
21,1514,1535,0.1388
22,1503,1525,0.1388
21,1501,1522,0.1388
23,1504,1527,0.1388
23,1501,1524,0.1388
22,1504,1526,0.1388
20,1509,1529,0.1388
20,1502,1522,0.1388
19,1502,1521,0.1388
18,1505,1523,0.1388
17,1502,1519,0.1388
18,1508,1526,0.1388
19,1500,1519,0.1388
19,1494,1513,0.1388
20,1490,1510,0.1388
19,1495,1514,0.1388
19,1487,1506,0.1388
19,1481,1500,0.1388
18,1479,1497,0.1388
18,1481,1499,0.1388
17,1482,1499,0.1388
16,1493,1509,0.1388
16,1500,1516,0.1388
17,1504,1521,0.1388
18,1502,1520,0.1388
18,1506,1524,0.1388
19,1502,1521,0.1388
20,1506,1526,0.1388
20,1509,1529,0.1388
21,1501,1522,0.1388
19,1506,1525,0.1388
18,1496,1514,0.1388
18,1494,1512,0.1388
17,1499,1516,0.1388
17,1508,1525,0.1388
17,1501,1518,0.1388
17,1494,1511,0.1388
18,1494,1512,0.1388
19,1495,1514,0.1388
19,1497,1516,0.1388
20,1503,1523,0.1388
19,1494,1513,0.1388
19,1482,1501,0.1388
19,1493,1512,0.1388
19,1501,1520,0.1388
18,1504,1522,0.1388
19,1498,1517,0.1388
18,1497,1515,0.1388
18,1493,1511,0.1388
18,1487,1505,0.1388
18,1491,1509,0.1388
17,1499,1516,0.1388
16,1495,1511,0.1388
16,1491,1507,0.1388
15,1494,1509,0.1388
15,1497,1512,0.1388
15,1492,1507,0.1388
14,1496,1510,0.1388
14,1504,1518,0.1388
14,1522,1536,0.1388
13,1502,1515,0.1388
13,1492,1505,0.1388
13,1502,1515,0.1388
13,1493,1506,0.1388
13,1509,1522,0.1388
12,1505,1517,0.1388
13,1498,1511,0.1388
13,1506,1519,0.1388
13,1504,1517,0.1388
12,1495,1507,0.1388
12,1508,1520,0.1388
12,1509,1521,0.1388
11,1513,1524,0.1388
11,1502,1513,0.1388
10,1514,1524,0.1388
11,1523,1534,0.1388
11,1522,1533,0.1388
11,1500,1511,0.1388
12,1496,1508,0.1388
11,1502,1513,0.1388
10,1508,1518,0.1388
10,1519,1529,0.1388
10,1512,1522,0.1388
10,1513,1523,0.1388
10,1512,1522,0.1388
11,1512,1523,0.1388
11,1516,1527,0.1388
13,1516,1529,0.1388
13,1518,1531,0.1388
13,1517,1530,0.1388
14,1522,1536,0.1388
15,1509,1524,0.1388
16,1508,1524,0.1388
16,1501,1517,0.1388
17,1498,1515,0.1388
16,1503,1519,0.1388
17,1507,1524,0.1388
17,1506,1523,0.1388
17,1510,1527,0.1388
15,1509,1524,0.1388
15,1503,1518,0.1388
14,1508,1522,0.1388
14,1498,1512,0.1388
13,1497,1510,0.1388
12,1517,1529,0.1388
11,1516,1527,0.1388
11,1506,1517,0.1388
11,1506,1517,0.1388
11,1494,1505,0.1388
12,1496,1508,0.1388
12,1505,1517,0.1388
12,1508,1520,0.1388
12,1511,1523,0.1388
12,1502,1514,0.1388
12,1507,1519,0.1388
12,1513,1525,0.1388
12,1511,1523,0.1388
11,1496,1507,0.1388
12,1504,1516,0.1388
10,1509,1519,0.1388
10,1506,1516,0.1388
10,1506,1516,0.1388
10,1506,1516,0.1388
10,1501,1511,0.1388
10,1490,1500,0.1388
10,1503,1513,0.1388
10,1504,1514,0.1388
10,1506,1516,0.1388
10,1508,1518,0.1388
10,1508,1518,0.1388
11,1512,1523,0.1388
11,1508,1519,0.1388
11,1513,1524,0.1388
11,1512,1523,0.1388
11,1503,1514,0.1388
11,1510,1521,0.1388
10,1513,1523,0.1388
10,1509,1519,0.1388
10,1505,1515,0.1388
10,1497,1507,0.1388
10,1494,1504,0.1388
10,1494,1504,0.1388
10,1493,1503,0.1388
10,1495,1505,0.1388
11,1503,1514,0.1388
11,1508,1519,0.1388
11,1501,1512,0.1388
11,1495,1506,0.1388
10,1511,1521,0.1388
10,1515,1525,0.1388
10,1510,1520,0.1388
10,1519,1529,0.1388
9,1512,1521,0.1388
8,1505,1513,0.1388
8,1506,1514,0.1388
9,1510,1519,0.1388
8,1512,1520,0.1388
8,1517,1525,0.1388
8,1524,1532,0.1388
8,1513,1521,0.1388
10,1517,1527,0.1388
10,1508,1518,0.1388
10,1501,1511,0.1388
10,1505,1515,0.1388
10,1501,1511,0.1388
9,1506,1515,0.1388
10,1501,1511,0.1388
10,1509,1519,0.1388
9,1508,1517,0.1388
9,1504,1513,0.1388
8,1513,1521,0.1388
8,1503,1511,0.1388
8,1501,1509,0.1388
8,1519,1527,0.1388
8,1508,1516,0.1388
8,1495,1503,0.1388
8,1500,1508,0.1388
8,1483,1491,0.1388
8,1491,1499,0.1388
8,1496,1504,0.1388
8,1495,1503,0.1388
8,1504,1512,0.1388
8,1502,1510,0.1388
8,1510,1518,0.1388
8,1514,1522,0.1388
8,1513,1521,0.1388
8,1522,1530,0.1388
8,1524,1532,0.1388
8,1513,1521,0.1388
8,1515,1523,0.1388
7,1528,1535,0.1388
6,1513,1519,0.1388
6,1512,1518,0.1388
6,1510,1516,0.1388
7,1512,1519,0.1388
7,1517,1524,0.1388
6,1511,1517,0.1388
6,1500,1506,0.1388
7,1504,1511,0.1388
7,1509,1516,0.1388
7,1506,1513,0.1388
7,1502,1509,0.1388
7,1495,1502,0.1388
7,1497,1504,0.1388
7,1495,1502,0.1388
7,1487,1494,0.1388
7,1493,1500,0.1388
7,1503,1510,0.1388
7,1510,1517,0.1388
7,1508,1515,0.1388
7,1510,1517,0.1388
7,1507,1514,0.1388
8,1505,1513,0.1388
8,1500,1508,0.1388
8,1504,1512,0.1388
8,1491,1499,0.1388
8,1507,1515,0.1388
7,1496,1503,0.1388
7,1507,1514,0.1388
6,1518,1524,0.1388
6,1495,1501,0.1388
7,1486,1493,0.1388
6,1492,1498,0.1388
6,1497,1503,0.1388
5,1504,1509,0.1388
5,1499,1504,0.1388
4,1514,1518,0.1388
4,1514,1518,0.1388
3,1507,1510,0.1388
3,1512,1515,0.1388
3,1514,1517,0.1388
3,1509,1512,0.1388
3,1510,1513,0.1388
3,1511,1514,0.1388
2,1526,1528,0.1388
2,1519,1521,0.1388
2,1507,1509,0.1388
2,1515,1517,0.1388
2,1525,1527,0.1388
2,1506,1508,0.1388
2,1511,1513,0.1388
2,1508,1510,0.1388
2,1502,1504,0.1388
2,1509,1511,0.1388
2,1521,1523,0.1388
2,1526,1528,0.1388
2,1517,1519,0.1388
1,1509,1510,0.1388
1,1521,1522,0.1388
1,1519,1520,0.1388
1,1508,1509,0.1388
1,1515,1516,0.1388
1,1516,1517,0.1388
1,1525,1526,0.1388
1,1523,1524,0.1388
1,1525,1526,0.1388
1,1515,1516,0.1388
1,1529,1530,0.1388
1,1527,1528,0.1388
1,1518,1519,0.1388
1,1518,1519,0.1388
1,1505,1506,0.1388
1,1505,1506,0.1388
1,1505,1506,0.1388
1,1503,1504,0.1388
1,1501,1502,0.1388
1,1515,1516,0.1388
1,1524,1525,0.1388
1,1521,1522,0.1388
1,1522,1523,0.1388
1,1516,1517,0.1388
1,1516,1517,0.1388
1,1515,1516,0.1388
1,1519,1520,0.1388
1,1512,1513,0.1388
1,1528,1529,0.1388
1,1525,1526,0.1388
1,1511,1512,0.1388
1,1519,1520,0.1388
1,1515,1516,0.1388
1,1523,1524,0.1388
1,1504,1505,0.1388
1,1518,1519,0.1388
1,1509,1510,0.1388
1,1516,1517,0.1388
1,1511,1512,0.1388
1,1518,1519,0.1388
0,1513,1513,0.1388
