1370,28,1398,0.1388
1413,28,1441,0.1388
1418,33,1451,0.1388
1420,34,1454,0.1388
1434,33,1467,0.1388
1447,33,1480,0.1388
1450,33,1483,0.1388
1437,35,1472,0.1388
1442,35,1477,0.1388
1443,37,1480,0.1388
1455,38,1493,0.1388
1464,39,1503,0.1388
1462,39,1501,0.1388
1462,41,1503,0.1388
1466,42,1508,0.1388
1466,42,1508,0.1388
1449,42,1491,0.1388
1445,43,1488,0.1388
1443,39,1482,0.1388
1450,40,1490,0.1388
1452,43,1495,0.1388
1447,45,1492,0.1388
1432,48,1480,0.1388
1442,51,1493,0.1388
1439,53,1492,0.1388
1431,54,1485,0.1388
1439,55,1494,0.1388
1459,55,1514,0.1388
1446,56,1502,0.1388
1438,58,1496,0.1388
1427,61,1488,0.1388
1429,60,1489,0.1388
1435,59,1494,0.1388
1431,60,1491,0.1388
1435,61,1496,0.1388
1422,61,1483,0.1388
1426,58,1484,0.1388
1441,58,1499,0.1388
1445,58,1503,0.1388
1434,62,1496,0.1388
1434,62,1496,0.1388
1430,66,1496,0.1388
1431,64,1495,0.1388
1440,66,1506,0.1388
1439,67,1506,0.1388
1437,64,1501,0.1388
1432,61,1493,0.1388
1427,60,1487,0.1388
1424,60,1484,0.1388
1420,61,1481,0.1388
1423,60,1483,0.1388
1438,64,1502,0.1388
1429,64,1493,0.1388
1430,63,1493,0.1388
1434,65,1499,0.1388
1432,63,1495,0.1388
1451,62,1513,0.1388
1443,63,1506,0.1388
1439,66,1505,0.1388
1437,62,1499,0.1388
1435,63,1498,0.1388
1436,65,1501,0.1388
1419,65,1484,0.1388
1425,66,1491,0.1388
1424,65,1489,0.1388
1412,65,1477,0.1388
1419,68,1487,0.1388
1418,71,1489,0.1388
1420,69,1489,0.1388
1421,70,1491,0.1388
1410,70,1480,0.1388
1407,68,1475,0.1388
1399,71,1470,0.1388
1406,74,1480,0.1388
1401,77,1478,0.1388
1396,78,1474,0.1388
1407,71,1478,0.1388
1418,70,1488,0.1388
1420,71,1491,0.1388
1421,71,1492,0.1388
1417,75,1492,0.1388
1414,72,1486,0.1388
1414,71,1485,0.1388
1414,73,1487,0.1388
1402,72,1474,0.1388
1413,73,1486,0.1388
1410,67,1477,0.1388
1426,68,1494,0.1388
1432,65,1497,0.1388
1427,67,1494,0.1388
1426,68,1494,0.1388
1432,70,1502,0.1388
1441,72,1513,0.1388
1432,71,1503,0.1388
1431,71,1502,0.1388
1423,71,1494,0.1388
1433,74,1507,0.1388
1426,75,1501,0.1388
1415,80,1495,0.1388
1391,79,1470,0.1388
1409,84,1493,0.1388
1402,85,1487,0.1388
1395,83,1478,0.1388
1410,81,1491,0.1388
1416,81,1497,0.1388
1402,86,1488,0.1388
1395,88,1483,0.1388
1400,89,1489,0.1388
1390,92,1482,0.1388
1386,93,1479,0.1388
1380,91,1471,0.1388
1397,88,1485,0.1388
1400,89,1489,0.1388
1402,88,1490,0.1388
1406,90,1496,0.1388
1413,97,1510,0.1388
1414,94,1508,0.1388
1416,97,1513,0.1388
1398,95,1493,0.1388
1410,96,1506,0.1388
1404,95,1499,0.1388
1399,94,1493,0.1388
1400,95,1495,0.1388
1394,93,1487,0.1388
1389,93,1482,0.1388
1383,95,1478,0.1388
1388,93,1481,0.1388
1388,98,1486,0.1388
1387,97,1484,0.1388
1398,98,1496,0.1388
1413,100,1513,0.1388
1400,99,1499,0.1388
1386,98,1484,0.1388
1392,102,1494,0.1388
1402,105,1507,0.1388
1395,105,1500,0.1388
1392,103,1495,0.1388
1396,102,1498,0.1388
1403,103,1506,0.1388
1397,102,1499,0.1388
1398,105,1503,0.1388
1391,105,1496,0.1388
1382,104,1486,0.1388
1387,104,1491,0.1388
1395,107,1502,0.1388
1399,109,1508,0.1388
1401,110,1511,0.1388
1381,109,1490,0.1388
1370,107,1477,0.1388
1375,108,1483,0.1388
1367,109,1476,0.1388
1378,109,1487,0.1388
1381,106,1487,0.1388
1383,112,1495,0.1388
1394,111,1505,0.1388
1385,113,1498,0.1388
1374,114,1488,0.1388
1384,115,1499,0.1388
1376,114,1490,0.1388
1377,116,1493,0.1388
1379,117,1496,0.1388
1374,116,1490,0.1388
1384,118,1502,0.1388
1378,115,1493,0.1388
1385,118,1503,0.1388
1383,119,1502,0.1388
1372,118,1490,0.1388
1370,117,1487,0.1388
1356,117,1473,0.1388
1361,117,1478,0.1388
1363,116,1479,0.1388
1356,119,1475,0.1388
1361,121,1482,0.1388
1379,121,1500,0.1388
1392,122,1514,0.1388
1392,124,1516,0.1388
1378,127,1505,0.1388
1374,124,1498,0.1388
1379,126,1505,0.1388
1378,130,1508,0.1388
1383,124,1507,0.1388
1384,121,1505,0.1388
1374,117,1491,0.1388
1371,114,1485,0.1388
1354,112,1466,0.1388
1360,114,1474,0.1388
1374,116,1490,0.1388
1388,119,1507,0.1388
1376,117,1493,0.1388
1383,115,1498,0.1388
1386,115,1501,0.1388
1387,112,1499,0.1388
1397,113,1510,0.1388
1400,116,1516,0.1388
1390,116,1506,0.1388
1389,112,1501,0.1388
1395,110,1505,0.1388
1384,113,1497,0.1388
1375,114,1489,0.1388
1375,117,1492,0.1388
1381,117,1498,0.1388
1361,117,1478,0.1388
1366,119,1485,0.1388
1383,119,1502,0.1388
1354,124,1478,0.1388
1354,125,1479,0.1388
1370,127,1497,0.1388
1379,125,1504,0.1388
1378,126,1504,0.1388
1379,128,1507,0.1388
1372,127,1499,0.1388
1370,133,1503,0.1388
1356,133,1489,0.1388
1351,131,1482,0.1388
1352,134,1486,0.1388
1347,134,1481,0.1388
1357,133,1490,0.1388
1349,137,1486,0.1388
1360,137,1497,0.1388
1362,141,1503,0.1388
1368,136,1504,0.1388
1371,134,1505,0.1388
1364,131,1495,0.1388
1373,136,1509,0.1388
1369,140,1509,0.1388
1363,138,1501,0.1388
1357,137,1494,0.1388
1360,133,1493,0.1388
1362,136,1498,0.1388
1372,137,1509,0.1388
1372,133,1505,0.1388
1353,129,1482,0.1388
1348,129,1477,0.1388
1345,130,1475,0.1388
1345,132,1477,0.1388
1352,134,1486,0.1388
1357,135,1492,0.1388
1358,134,1492,0.1388
1366,135,1501,0.1388
1367,139,1506,0.1388
1356,139,1495,0.1388
1369,139,1508,0.1388
1369,139,1508,0.1388
1353,140,1493,0.1388
1346,149,1495,0.1388
1335,150,1485,0.1388
1340,151,1491,0.1388
1330,156,1486,0.1388
1335,157,1492,0.1388
1328,157,1485,0.1388
1330,157,1487,0.1388
1336,160,1496,0.1388
1339,156,1495,0.1388
1344,157,1501,0.1388
1333,156,1489,0.1388
1337,158,1495,0.1388
1328,158,1486,0.1388
1324,163,1487,0.1388
1319,166,1485,0.1388
1316,166,1482,0.1388
1314,164,1478,0.1388
1325,163,1488,0.1388
1337,165,1502,0.1388
1334,170,1504,0.1388
1346,169,1515,0.1388
1333,168,1501,0.1388
1332,169,1501,0.1388
1339,166,1505,0.1388
1332,168,1500,0.1388
1327,171,1498,0.1388
1326,167,1493,0.1388
1308,169,1477,0.1388
1312,171,1483,0.1388
1319,169,1488,0.1388
1307,170,1477,0.1388
1307,177,1484,0.1388
1309,176,1485,0.1388
1310,175,1485,0.1388
1316,176,1492,0.1388
1319,177,1496,0.1388
1321,175,1496,0.1388
1317,173,1490,0.1388
1310,179,1489,0.1388
1311,179,1490,0.1388
1323,180,1503,0.1388
1329,186,1515,0.1388
1332,186,1518,0.1388
1342,184,1526,0.1388
1335,183,1518,0.1388
1333,183,1516,0.1388
1335,183,1518,0.1388
1316,184,1500,0.1388
1316,186,1502,0.1388
1321,183,1504,0.1388
1318,183,1501,0.1388
1323,180,1503,0.1388
1312,180,1492,0.1388
1320,181,1501,0.1388
1330,178,1508,0.1388
1320,182,1502,0.1388
1314,180,1494,0.1388
1307,180,1487,0.1388
1294,180,1474,0.1388
1295,183,1478,0.1388
1292,178,1470,0.1388
1307,181,1488,0.1388
1312,183,1495,0.1388
1309,187,1496,0.1388
1311,187,1498,0.1388
1308,184,1492,0.1388
1307,181,1488,0.1388
1317,178,1495,0.1388
1317,180,1497,0.1388
1319,174,1493,0.1388
1327,176,1503,0.1388
1337,177,1514,0.1388
1335,182,1517,0.1388
1334,181,1515,0.1388
1322,183,1505,0.1388
1317,181,1498,0.1388
1333,182,1515,0.1388
1328,186,1514,0.1388
1334,187,1521,0.1388
1325,185,1510,0.1388
1319,183,1502,0.1388
1303,181,1484,0.1388
1298,181,1479,0.1388
1312,181,1493,0.1388
1312,177,1489,0.1388
1318,174,1492,0.1388
1319,184,1503,0.1388
1315,184,1499,0.1388
1312,187,1499,0.1388
1315,189,1504,0.1388
1312,190,1502,0.1388
1300,190,1490,0.1388
1304,194,1498,0.1388
1304,196,1500,0.1388
1290,199,1489,0.1388
1297,200,1497,0.1388
1307,200,1507,0.1388
1309,204,1513,0.1388
1306,204,1510,0.1388
1295,203,1498,0.1388
1266,202,1468,0.1388
1272,210,1482,0.1388
1269,211,1480,0.1388
1277,216,1493,0.1388
1293,219,1512,0.1388
1290,220,1510,0.1388
1279,217,1496,0.1388
1282,220,1502,0.1388
1277,223,1500,0.1388
1276,222,1498,0.1388
1282,227,1509,0.1388
1284,223,1507,0.1388
1290,213,1503,0.1388
1284,216,1500,0.1388
1289,218,1507,0.1388
1289,221,1510,0.1388
1279,220,1499,0.1388
1283,221,1504,0.1388
1279,223,1502,0.1388
1281,223,1504,0.1388
1284,225,1509,0.1388
1276,228,1504,0.1388
1269,227,1496,0.1388
1261,229,1490,0.1388
1262,227,1489,0.1388
1271,229,1500,0.1388
1267,230,1497,0.1388
1255,231,1486,0.1388
1258,234,1492,0.1388
1261,240,1501,0.1388
1262,236,1498,0.1388
1259,240,1499,0.1388
1259,238,1497,0.1388
1258,239,1497,0.1388
1249,238,1487,0.1388
1241,238,1479,0.1388
1244,241,1485,0.1388
1245,243,1488,0.1388
1254,240,1494,0.1388
1249,244,1493,0.1388
1246,242,1488,0.1388
1236,244,1480,0.1388
1248,246,1494,0.1388
1252,246,1498,0.1388
1248,254,1502,0.1388
1242,256,1498,0.1388
1244,257,1501,0.1388
1247,257,1504,0.1388
1247,253,1500,0.1388
1233,254,1487,0.1388
1244,254,1498,0.1388
1251,258,1509,0.1388
1228,259,1487,0.1388
1233,265,1498,0.1388
1235,265,1500,0.1388
1242,262,1504,0.1388
1252,263,1515,0.1388
1246,262,1508,0.1388
1232,259,1491,0.1388
1235,261,1496,0.1388
1249,266,1515,0.1388
1246,263,1509,0.1388
1234,269,1503,0.1388
1237,270,1507,0.1388
1241,268,1509,0.1388
1230,265,1495,0.1388
1245,267,1512,0.1388
1237,264,1501,0.1388
1232,265,1497,0.1388
1217,270,1487,0.1388
1230,273,1503,0.1388
1234,268,1502,0.1388
1225,272,1497,0.1388
1235,269,1504,0.1388
1238,269,1507,0.1388
1242,266,1508,0.1388
1230,263,1493,0.1388
1228,257,1485,0.1388
1232,262,1494,0.1388
1230,265,1495,0.1388
1213,268,1481,0.1388
1211,272,1483,0.1388
1205,268,1473,0.1388
1214,266,1480,0.1388
1220,267,1487,0.1388
1219,275,1494,0.1388
1216,269,1485,0.1388
1233,272,1505,0.1388
1218,271,1489,0.1388
1223,273,1496,0.1388
1223,274,1497,0.1388
1233,278,1511,0.1388
1240,278,1518,0.1388
1241,276,1517,0.1388
1229,282,1511,0.1388
1216,287,1503,0.1388
1220,289,1509,0.1388
1215,287,1502,0.1388
1216,287,1503,0.1388
1221,289,1510,0.1388
1205,290,1495,0.1388
1206,288,1494,0.1388
1200,284,1484,0.1388
1203,287,1490,0.1388
1198,289,1487,0.1388
1218,288,1506,0.1388
1211,291,1502,0.1388
1210,293,1503,0.1388
1208,289,1497,0.1388
1221,285,1506,0.1388
1229,286,1515,0.1388
1219,289,1508,0.1388
1214,288,1502,0.1388
1211,292,1503,0.1388
1216,292,1508,0.1388
1208,291,1499,0.1388
1212,293,1505,0.1388
1212,289,1501,0.1388
1202,294,1496,0.1388
1208,300,1508,0.1388
1216,301,1517,0.1388
1210,294,1504,0.1388
1202,297,1499,0.1388
1201,292,1493,0.1388
1204,295,1499,0.1388
1197,302,1499,0.1388
1200,304,1504,0.1388
1194,308,1502,0.1388
1193,299,1492,0.1388
1192,297,1489,0.1388
1201,296,1497,0.1388
1189,300,1489,0.1388
1192,307,1499,0.1388
1195,306,1501,0.1388
1191,304,1495,0.1388
1196,309,1505,0.1388
1199,316,1515,0.1388
1208,311,1519,0.1388
1203,310,1513,0.1388
1198,304,1502,0.1388
1189,307,1496,0.1388
1199,309,1508,0.1388
1197,309,1506,0.1388
1198,309,1507,0.1388
1196,311,1507,0.1388
1188,312,1500,0.1388
1185,309,1494,0.1388
1196,313,1509,0.1388
1186,309,1495,0.1388
1173,311,1484,0.1388
1173,317,1490,0.1388
1162,318,1480,0.1388
1154,320,1474,0.1388
1154,326,1480,0.1388
1157,320,1477,0.1388
1160,317,1477,0.1388
1167,323,1490,0.1388
1160,323,1483,0.1388
1162,322,1484,0.1388
1155,325,1480,0.1388
1167,326,1493,0.1388
1164,333,1497,0.1388
1157,336,1493,0.1388
1153,341,1494,0.1388
1159,341,1500,0.1388
1170,344,1514,0.1388
1167,341,1508,0.1388
1167,331,1498,0.1388
1154,337,1491,0.1388
1147,335,1482,0.1388
1165,340,1505,0.1388
1164,343,1507,0.1388
1165,344,1509,0.1388
1165,346,1511,0.1388
1156,345,1501,0.1388
1168,341,1509,0.1388
1166,331,1497,0.1388
1164,341,1505,0.1388
1159,342,1501,0.1388
1155,347,1502,0.1388
1149,350,1499,0.1388
1138,350,1488,0.1388
1135,350,1485,0.1388
1137,345,1482,0.1388
1145,341,1486,0.1388
1134,342,1476,0.1388
1124,347,1471,0.1388
1135,351,1486,0.1388
1134,349,1483,0.1388
1135,351,1486,0.1388
1138,343,1481,0.1388
1151,348,1499,0.1388
1137,351,1488,0.1388
1134,354,1488,0.1388
1134,353,1487,0.1388
1145,353,1498,0.1388
1146,350,1496,0.1388
1136,352,1488,0.1388
1145,350,1495,0.1388
1147,351,1498,0.1388
1140,352,1492,0.1388
1140,354,1494,0.1388
1140,354,1494,0.1388
1129,354,1483,0.1388
1136,354,1490,0.1388
1129,357,1486,0.1388
1139,360,1499,0.1388
1148,361,1509,0.1388
1145,368,1513,0.1388
1136,370,1506,0.1388
1144,368,1512,0.1388
1134,366,1500,0.1388
1141,370,1511,0.1388
1140,368,1508,0.1388
1139,368,1507,0.1388
1115,380,1495,0.1388
1120,368,1488,0.1388
1118,373,1491,0.1388
1123,378,1501,0.1388
1119,379,1498,0.1388
1115,379,1494,0.1388
1112,380,1492,0.1388
1118,388,1506,0.1388
1106,391,1497,0.1388
1095,398,1493,0.1388
1105,397,1502,0.1388
1092,398,1490,0.1388
1097,398,1495,0.1388
1090,389,1479,0.1388
1092,395,1487,0.1388
1084,393,1477,0.1388
1088,392,1480,0.1388
1096,389,1485,0.1388
1090,390,1480,0.1388
1097,396,1493,0.1388
1102,393,1495,0.1388
1105,398,1503,0.1388
1109,403,1512,0.1388
1112,398,1510,0.1388
1107,403,1510,0.1388
1112,395,1507,0.1388
1118,395,1513,0.1388
1109,399,1508,0.1388
1118,394,1512,0.1388
1106,399,1505,0.1388
1102,408,1510,0.1388
1106,402,1508,0.1388
1092,405,1497,0.1388
1096,407,1503,0.1388
1092,404,1496,0.1388
1098,412,1510,0.1388
1101,408,1509,0.1388
1100,405,1505,0.1388
1092,407,1499,0.1388
1102,404,1506,0.1388
1107,402,1509,0.1388
1118,401,1519,0.1388
1122,399,1521,0.1388
1112,397,1509,0.1388
1098,389,1487,0.1388
1093,383,1476,0.1388
1102,397,1499,0.1388
1100,397,1497,0.1388
1103,402,1505,0.1388
1098,406,1504,0.1388
1101,411,1512,0.1388
1098,410,1508,0.1388
1089,403,1492,0.1388
1094,403,1497,0.1388
1102,397,1499,0.1388
1090,394,1484,0.1388
1086,397,1483,0.1388
1098,404,1502,0.1388
1094,406,1500,0.1388
1100,403,1503,0.1388
1089,402,1491,0.1388
1099,403,1502,0.1388
1087,406,1493,0.1388
1089,414,1503,0.1388
1096,414,1510,0.1388
1096,413,1509,0.1388
1089,415,1504,0.1388
1085,422,1507,0.1388
1089,419,1508,0.1388
1072,416,1488,0.1388
1073,418,1491,0.1388
1074,415,1489,0.1388
1086,419,1505,0.1388
1092,413,1505,0.1388
1084,416,1500,0.1388
1089,420,1509,0.1388
1085,427,1512,0.1388
1066,434,1500,0.1388
1071,427,1498,0.1388
1062,430,1492,0.1388
1055,441,1496,0.1388
1058,438,1496,0.1388
1061,435,1496,0.1388
1053,435,1488,0.1388
1062,433,1495,0.1388
1064,432,1496,0.1388
1062,438,1500,0.1388
1064,440,1504,0.1388
1063,442,1505,0.1388
1070,440,1510,0.1388
1067,436,1503,0.1388
1068,426,1494,0.1388
1052,426,1478,0.1388
1053,426,1479,0.1388
1046,439,1485,0.1388
1045,448,1493,0.1388
1049,452,1501,0.1388
1056,465,1521,0.1388
1054,463,1517,0.1388
1055,457,1512,0.1388
1045,453,1498,0.1388
1047,454,1501,0.1388
1049,454,1503,0.1388
1052,449,1501,0.1388
1066,454,1520,0.1388
1063,456,1519,0.1388
1050,456,1506,0.1388
1054,450,1504,0.1388
1046,456,1502,0.1388
1047,455,1502,0.1388
1038,453,1491,0.1388
1038,451,1489,0.1388
1037,454,1491,0.1388
1049,448,1497,0.1388
1049,446,1495,0.1388
1054,446,1500,0.1388
1063,445,1508,0.1388
1064,451,1515,0.1388
1051,452,1503,0.1388
1046,448,1494,0.1388
1049,452,1501,0.1388
1048,447,1495,0.1388
1048,452,1500,0.1388
1049,454,1503,0.1388
1056,448,1504,0.1388
1054,451,1505,0.1388
1059,450,1509,0.1388
1055,448,1503,0.1388
1051,448,1499,0.1388
1062,444,1506,0.1388
1064,448,1512,0.1388
1060,450,1510,0.1388
1050,450,1500,0.1388
1061,461,1522,0.1388
1060,464,1524,0.1388
1053,459,1512,0.1388
1055,457,1512,0.1388
1043,462,1505,0.1388
1047,467,1514,0.1388
1049,458,1507,0.1388
1045,456,1501,0.1388
1046,456,1502,0.1388
1050,453,1503,0.1388
1041,452,1493,0.1388
1042,462,1504,0.1388
1051,460,1511,0.1388
1048,470,1518,0.1388
1038,468,1506,0.1388
1027,467,1494,0.1388
1031,465,1496,0.1388
1034,474,1508,0.1388
1038,471,1509,0.1388
1043,472,1515,0.1388
1034,476,1510,0.1388
1029,478,1507,0.1388
1031,472,1503,0.1388
1026,479,1505,0.1388
1019,479,1498,0.1388
1015,472,1487,0.1388
1024,478,1502,0.1388
1037,478,1515,0.1388
1035,472,1507,0.1388
1035,478,1513,0.1388
1034,477,1511,0.1388
1023,478,1501,0.1388
1027,484,1511,0.1388
1019,488,1507,0.1388
1030,484,1514,0.1388
1033,485,1518,0.1388
1021,490,1511,0.1388
1024,492,1516,0.1388
1025,491,1516,0.1388
1024,483,1507,0.1388
1028,492,1520,0.1388
1017,485,1502,0.1388
1019,496,1515,0.1388
1013,498,1511,0.1388
1008,499,1507,0.1388
1011,503,1514,0.1388
1002,502,1504,0.1388
999,494,1493,0.1388
992,493,1485,0.1388
987,506,1493,0.1388
989,501,1490,0.1388
981,507,1488,0.1388
992,504,1496,0.1388
991,505,1496,0.1388
993,506,1499,0.1388
990,496,1486,0.1388
982,500,1482,0.1388
977,502,1479,0.1388
976,503,1479,0.1388
981,506,1487,0.1388
980,510,1490,0.1388
979,516,1495,0.1388
970,527,1497,0.1388
970,519,1489,0.1388
971,526,1497,0.1388
975,526,1501,0.1388
976,533,1509,0.1388
968,536,1504,0.1388
970,530,1500,0.1388
979,529,1508,0.1388
982,523,1505,0.1388
980,522,1502,0.1388
983,520,1503,0.1388
981,525,1506,0.1388
989,521,1510,0.1388
987,526,1513,0.1388
993,529,1522,0.1388
987,525,1512,0.1388
994,529,1523,0.1388
991,526,1517,0.1388
985,527,1512,0.1388
972,522,1494,0.1388
984,517,1501,0.1388
984,522,1506,0.1388
983,515,1498,0.1388
988,515,1503,0.1388
987,516,1503,0.1388
989,514,1503,0.1388
996,519,1515,0.1388
996,517,1513,0.1388
997,520,1517,0.1388
987,513,1500,0.1388
987,508,1495,0.1388
992,519,1511,0.1388
989,524,1513,0.1388
980,530,1510,0.1388
978,529,1507,0.1388
976,527,1503,0.1388
974,520,1494,0.1388
960,525,1485,0.1388
963,520,1483,0.1388
960,534,1494,0.1388
974,523,1497,0.1388
966,531,1497,0.1388
963,543,1506,0.1388
963,546,1509,0.1388
953,554,1507,0.1388
951,546,1497,0.1388
950,549,1499,0.1388
948,552,1500,0.1388
940,547,1487,0.1388
941,552,1493,0.1388
947,560,1507,0.1388
944,563,1507,0.1388
946,561,1507,0.1388
952,565,1517,0.1388
937,562,1499,0.1388
935,564,1499,0.1388
936,564,1500,0.1388
942,563,1505,0.1388
942,558,1500,0.1388
946,557,1503,0.1388
939,562,1501,0.1388
945,561,1506,0.1388
941,564,1505,0.1388
946,560,1506,0.1388
943,561,1504,0.1388
939,563,1502,0.1388
928,566,1494,0.1388
934,570,1504,0.1388
935,574,1509,0.1388
921,565,1486,0.1388
926,566,1492,0.1388
934,574,1508,0.1388
931,581,1512,0.1388
936,580,1516,0.1388
928,585,1513,0.1388
921,580,1501,0.1388
909,589,1498,0.1388
906,600,1506,0.1388
891,601,1492,0.1388
887,601,1488,0.1388
901,612,1513,0.1388
895,604,1499,0.1388
884,600,1484,0.1388
893,618,1511,0.1388
890,614,1504,0.1388
889,613,1502,0.1388
892,604,1496,0.1388
880,605,1485,0.1388
880,609,1489,0.1388
880,614,1494,0.1388
881,611,1492,0.1388
888,613,1501,0.1388
889,620,1509,0.1388
890,612,1502,0.1388
886,619,1505,0.1388
884,623,1507,0.1388
898,620,1518,0.1388
895,624,1519,0.1388
897,622,1519,0.1388
895,624,1519,0.1388
890,620,1510,0.1388
886,617,1503,0.1388
878,608,1486,0.1388
885,615,1500,0.1388
880,614,1494,0.1388
869,624,1493,0.1388
879,618,1497,0.1388
871,627,1498,0.1388
879,624,1503,0.1388
875,630,1505,0.1388
867,624,1491,0.1388
862,621,1483,0.1388
873,625,1498,0.1388
873,634,1507,0.1388
884,639,1523,0.1388
884,633,1517,0.1388
880,636,1516,0.1388
873,636,1509,0.1388
866,629,1495,0.1388
870,631,1501,0.1388
872,637,1509,0.1388
859,637,1496,0.1388
859,637,1496,0.1388
867,636,1503,0.1388
864,641,1505,0.1388
848,656,1504,0.1388
851,645,1496,0.1388
856,648,1504,0.1388
851,645,1496,0.1388
854,653,1507,0.1388
844,663,1507,0.1388
848,670,1518,0.1388
842,678,1520,0.1388
836,674,1510,0.1388
834,669,1503,0.1388
827,675,1502,0.1388
824,670,1494,0.1388
817,677,1494,0.1388
822,684,1506,0.1388
818,687,1505,0.1388
815,695,1510,0.1388
815,693,1508,0.1388
820,695,1515,0.1388
826,699,1525,0.1388
828,698,1526,0.1388
811,704,1515,0.1388
813,699,1512,0.1388
824,691,1515,0.1388
821,691,1512,0.1388
816,682,1498,0.1388
814,680,1494,0.1388
814,681,1495,0.1388
809,683,1492,0.1388
811,690,1501,0.1388
810,698,1508,0.1388
815,702,1517,0.1388
810,705,1515,0.1388
807,709,1516,0.1388
808,709,1517,0.1388
807,703,1510,0.1388
812,706,1518,0.1388
813,707,1520,0.1388
807,709,1516,0.1388
806,704,1510,0.1388
808,704,1512,0.1388
806,701,1507,0.1388
806,703,1509,0.1388
807,707,1514,0.1388
803,713,1516,0.1388
808,704,1512,0.1388
805,694,1499,0.1388
812,695,1507,0.1388
811,702,1513,0.1388
819,701,1520,0.1388
823,699,1522,0.1388
818,707,1525,0.1388
815,712,1527,0.1388
816,707,1523,0.1388
812,707,1519,0.1388
815,710,1525,0.1388
805,706,1511,0.1388
802,701,1503,0.1388
798,695,1493,0.1388
787,709,1496,0.1388
782,703,1485,0.1388
788,715,1503,0.1388
792,724,1516,0.1388
788,718,1506,0.1388
793,716,1509,0.1388
797,711,1508,0.1388
798,719,1517,0.1388
795,719,1514,0.1388
793,726,1519,0.1388
781,722,1503,0.1388
786,725,1511,0.1388
784,735,1519,0.1388
773,727,1500,0.1388
769,726,1495,0.1388
773,731,1504,0.1388
774,735,1509,0.1388
777,728,1505,0.1388
769,725,1494,0.1388
764,725,1489,0.1388
758,722,1480,0.1388
762,730,1492,0.1388
771,733,1504,0.1388
769,742,1511,0.1388
772,744,1516,0.1388
769,741,1510,0.1388
761,741,1502,0.1388
752,744,1496,0.1388
748,754,1502,0.1388
747,757,1504,0.1388
751,744,1495,0.1388
758,753,1511,0.1388
758,747,1505,0.1388
758,750,1508,0.1388
764,747,1511,0.1388
757,743,1500,0.1388
753,747,1500,0.1388
756,748,1504,0.1388
754,741,1495,0.1388
755,749,1504,0.1388
762,743,1505,0.1388
754,740,1494,0.1388
748,737,1485,0.1388
749,746,1495,0.1388
748,750,1498,0.1388
745,749,1494,0.1388
747,752,1499,0.1388
745,751,1496,0.1388
744,754,1498,0.1388
750,757,1507,0.1388
749,748,1497,0.1388
756,751,1507,0.1388
751,766,1517,0.1388
742,770,1512,0.1388
747,773,1520,0.1388
750,775,1525,0.1388
750,766,1516,0.1388
746,763,1509,0.1388
744,766,1510,0.1388
731,769,1500,0.1388
740,773,1513,0.1388
739,765,1504,0.1388
736,770,1506,0.1388
739,772,1511,0.1388
739,777,1516,0.1388
736,772,1508,0.1388
735,774,1509,0.1388
728,780,1508,0.1388
734,774,1508,0.1388
720,774,1494,0.1388
725,777,1502,0.1388
719,788,1507,0.1388
718,784,1502,0.1388
713,787,1500,0.1388
723,788,1511,0.1388
717,791,1508,0.1388
718,796,1514,0.1388
711,794,1505,0.1388
710,783,1493,0.1388
713,791,1504,0.1388
705,799,1504,0.1388
720,792,1512,0.1388
717,789,1506,0.1388
704,797,1501,0.1388
700,801,1501,0.1388
702,808,1510,0.1388
701,799,1500,0.1388
705,798,1503,0.1388
696,805,1501,0.1388
698,813,1511,0.1388
695,812,1507,0.1388
688,819,1507,0.1388
694,817,1511,0.1388
693,812,1505,0.1388
694,812,1506,0.1388
699,803,1502,0.1388
702,810,1512,0.1388
695,810,1505,0.1388
693,813,1506,0.1388
692,811,1503,0.1388
691,810,1501,0.1388
693,807,1500,0.1388
693,805,1498,0.1388
694,803,1497,0.1388
693,808,1501,0.1388
688,803,1491,0.1388
694,807,1501,0.1388
696,810,1506,0.1388
698,809,1507,0.1388
690,810,1500,0.1388
694,822,1516,0.1388
692,817,1509,0.1388
690,830,1520,0.1388
686,830,1516,0.1388
683,816,1499,0.1388
679,827,1506,0.1388
679,828,1507,0.1388
679,831,1510,0.1388
682,832,1514,0.1388
678,836,1514,0.1388
674,828,1502,0.1388
670,833,1503,0.1388
673,830,1503,0.1388
665,819,1484,0.1388
674,828,1502,0.1388
667,839,1506,0.1388
660,846,1506,0.1388
656,848,1504,0.1388
657,849,1506,0.1388
654,861,1515,0.1388
652,858,1510,0.1388
643,869,1512,0.1388
641,869,1510,0.1388
645,863,1508,0.1388
648,871,1519,0.1388
637,865,1502,0.1388
636,863,1499,0.1388
634,857,1491,0.1388
633,866,1499,0.1388
641,869,1510,0.1388
643,864,1507,0.1388
646,861,1507,0.1388
643,859,1502,0.1388
643,860,1503,0.1388
649,852,1501,0.1388
652,855,1507,0.1388
650,854,1504,0.1388
645,847,1492,0.1388
641,846,1487,0.1388
645,849,1494,0.1388
641,847,1488,0.1388
630,853,1483,0.1388
626,851,1477,0.1388
626,856,1482,0.1388
634,862,1496,0.1388
628,872,1500,0.1388
635,880,1515,0.1388
635,884,1519,0.1388
634,885,1519,0.1388
624,887,1511,0.1388
618,878,1496,0.1388
619,888,1507,0.1388
630,888,1518,0.1388
626,891,1517,0.1388
627,882,1509,0.1388
635,875,1510,0.1388
633,880,1513,0.1388
632,879,1511,0.1388
629,877,1506,0.1388
628,872,1500,0.1388
630,879,1509,0.1388
625,887,1512,0.1388
630,888,1518,0.1388
635,895,1530,0.1388
631,881,1512,0.1388
622,891,1513,0.1388
615,885,1500,0.1388
618,879,1497,0.1388
607,883,1490,0.1388
615,891,1506,0.1388
608,888,1496,0.1388
620,892,1512,0.1388
618,897,1515,0.1388
620,894,1514,0.1388
617,896,1513,0.1388
625,893,1518,0.1388
627,898,1525,0.1388
614,899,1513,0.1388
608,901,1509,0.1388
609,901,1510,0.1388
613,901,1514,0.1388
614,892,1506,0.1388
608,902,1510,0.1388
593,909,1502,0.1388
592,914,1506,0.1388
594,918,1512,0.1388
595,919,1514,0.1388
595,924,1519,0.1388
595,924,1519,0.1388
582,940,1522,0.1388
582,924,1506,0.1388
576,929,1505,0.1388
574,941,1515,0.1388
575,931,1506,0.1388
576,929,1505,0.1388
581,931,1512,0.1388
572,925,1497,0.1388
574,928,1502,0.1388
567,919,1486,0.1388
558,932,1490,0.1388
569,919,1488,0.1388
556,935,1491,0.1388
556,948,1504,0.1388
558,943,1501,0.1388
555,947,1502,0.1388
555,956,1511,0.1388
563,954,1517,0.1388
558,953,1511,0.1388
560,950,1510,0.1388
562,949,1511,0.1388
559,944,1503,0.1388
552,946,1498,0.1388
550,958,1508,0.1388
552,956,1508,0.1388
559,964,1523,0.1388
563,947,1510,0.1388
557,944,1501,0.1388
560,944,1504,0.1388
568,954,1522,0.1388
562,952,1514,0.1388
563,944,1507,0.1388
558,950,1508,0.1388
549,950,1499,0.1388
554,955,1509,0.1388
549,948,1497,0.1388
547,944,1491,0.1388
549,953,1502,0.1388
553,949,1502,0.1388
550,948,1498,0.1388
549,959,1508,0.1388
544,959,1503,0.1388
545,964,1509,0.1388
544,965,1509,0.1388
546,972,1518,0.1388
540,968,1508,0.1388
546,977,1523,0.1388
544,967,1511,0.1388
544,966,1510,0.1388
536,968,1504,0.1388
533,971,1504,0.1388
539,978,1517,0.1388
535,974,1509,0.1388
521,975,1496,0.1388
521,978,1499,0.1388
518,965,1483,0.1388
523,972,1495,0.1388
523,974,1497,0.1388
518,988,1506,0.1388
522,998,1520,0.1388
524,997,1521,0.1388
525,993,1518,0.1388
518,1006,1524,0.1388
528,997,1525,0.1388
523,994,1517,0.1388
525,1000,1525,0.1388
523,1000,1523,0.1388
514,1005,1519,0.1388
512,996,1508,0.1388
505,1000,1505,0.1388
502,1018,1520,0.1388
499,1010,1509,0.1388
499,1005,1504,0.1388
494,1003,1497,0.1388
491,1005,1496,0.1388
488,1005,1493,0.1388
495,1003,1498,0.1388
498,1015,1513,0.1388
498,1037,1535,0.1388
492,1026,1518,0.1388
497,1026,1523,0.1388
489,1016,1505,0.1388
487,1015,1502,0.1388
490,1029,1519,0.1388
488,1015,1503,0.1388
481,1010,1491,0.1388
472,1001,1473,0.1388
482,1010,1492,0.1388
493,1024,1517,0.1388
491,1023,1514,0.1388
490,1021,1511,0.1388
486,1022,1508,0.1388
488,1018,1506,0.1388
489,1012,1501,0.1388
485,1019,1504,0.1388
475,1019,1494,0.1388
477,1034,1511,0.1388
472,1037,1509,0.1388
473,1031,1504,0.1388
475,1029,1504,0.1388
471,1030,1501,0.1388
478,1030,1508,0.1388
472,1036,1508,0.1388
456,1038,1494,0.1388
460,1044,1504,0.1388
465,1056,1521,0.1388
460,1059,1519,0.1388
451,1056,1507,0.1388
456,1064,1520,0.1388
461,1069,1530,0.1388
460,1066,1526,0.1388
458,1070,1528,0.1388
453,1076,1529,0.1388
450,1071,1521,0.1388
446,1063,1509,0.1388
447,1060,1507,0.1388
437,1058,1495,0.1388
435,1062,1497,0.1388
436,1062,1498,0.1388
442,1072,1514,0.1388
448,1070,1518,0.1388
447,1072,1519,0.1388
437,1074,1511,0.1388
439,1089,1528,0.1388
431,1072,1503,0.1388
437,1071,1508,0.1388
435,1070,1505,0.1388
429,1079,1508,0.1388
430,1085,1515,0.1388
424,1086,1510,0.1388
419,1083,1502,0.1388
424,1072,1496,0.1388
420,1077,1497,0.1388
421,1082,1503,0.1388
420,1104,1524,0.1388
415,1103,1518,0.1388
419,1099,1518,0.1388
411,1101,1512,0.1388
407,1097,1504,0.1388
411,1100,1511,0.1388
406,1112,1518,0.1388
409,1113,1522,0.1388
408,1099,1507,0.1388
407,1093,1500,0.1388
399,1097,1496,0.1388
400,1100,1500,0.1388
399,1104,1503,0.1388
409,1116,1525,0.1388
413,1119,1532,0.1388
409,1111,1520,0.1388
403,1093,1496,0.1388
405,1089,1494,0.1388
404,1096,1500,0.1388
402,1110,1512,0.1388
402,1096,1498,0.1388
406,1091,1497,0.1388
399,1098,1497,0.1388
407,1104,1511,0.1388
402,1103,1505,0.1388
401,1105,1506,0.1388
409,1110,1519,0.1388
406,1114,1520,0.1388
397,1120,1517,0.1388
390,1114,1504,0.1388
385,1118,1503,0.1388
384,1098,1482,0.1388
389,1099,1488,0.1388
388,1099,1487,0.1388
385,1106,1491,0.1388
390,1106,1496,0.1388
392,1110,1502,0.1388
390,1120,1510,0.1388
392,1117,1509,0.1388
390,1121,1511,0.1388
397,1115,1512,0.1388
393,1113,1506,0.1388
387,1118,1505,0.1388
389,1119,1508,0.1388
388,1122,1510,0.1388
392,1123,1515,0.1388
382,1120,1502,0.1388
385,1129,1514,0.1388
385,1133,1518,0.1388
387,1125,1512,0.1388
386,1125,1511,0.1388
386,1135,1521,0.1388
387,1133,1520,0.1388
397,1135,1532,0.1388
394,1124,1518,0.1388
392,1121,1513,0.1388
385,1130,1515,0.1388
387,1135,1522,0.1388
388,1126,1514,0.1388
386,1124,1510,0.1388
385,1120,1505,0.1388
378,1131,1509,0.1388
381,1129,1510,0.1388
387,1112,1499,0.1388
388,1122,1510,0.1388
391,1114,1505,0.1388
387,1122,1509,0.1388
385,1125,1510,0.1388
381,1132,1513,0.1388
378,1139,1517,0.1388
378,1151,1529,0.1388
376,1158,1534,0.1388
374,1147,1521,0.1388
372,1149,1521,0.1388
372,1164,1536,0.1388
371,1159,1530,0.1388
373,1157,1530,0.1388
363,1156,1519,0.1388
358,1164,1522,0.1388
352,1157,1509,0.1388
347,1157,1504,0.1388
346,1155,1501,0.1388
350,1158,1508,0.1388
346,1157,1503,0.1388
348,1151,1499,0.1388
348,1152,1500,0.1388
352,1160,1512,0.1388
350,1161,1511,0.1388
354,1161,1515,0.1388
348,1160,1508,0.1388
349,1154,1503,0.1388
349,1170,1519,0.1388
357,1158,1515,0.1388
355,1157,1512,0.1388
359,1153,1512,0.1388
357,1155,1512,0.1388
351,1162,1513,0.1388
351,1159,1510,0.1388
350,1162,1512,0.1388
349,1162,1511,0.1388
351,1158,1509,0.1388
344,1165,1509,0.1388
343,1167,1510,0.1388
338,1162,1500,0.1388
337,1164,1501,0.1388
327,1164,1491,0.1388
329,1163,1492,0.1388
334,1170,1504,0.1388
330,1173,1503,0.1388
325,1170,1495,0.1388
326,1176,1502,0.1388
322,1177,1499,0.1388
326,1197,1523,0.1388
324,1198,1522,0.1388
325,1178,1503,0.1388
325,1180,1505,0.1388
321,1191,1512,0.1388
322,1194,1516,0.1388
320,1199,1519,0.1388
322,1195,1517,0.1388
316,1193,1509,0.1388
316,1188,1504,0.1388
310,1205,1515,0.1388
311,1198,1509,0.1388
306,1202,1508,0.1388
308,1191,1499,0.1388
312,1202,1514,0.1388
311,1202,1513,0.1388
310,1203,1513,0.1388
314,1197,1511,0.1388
318,1199,1517,0.1388
319,1194,1513,0.1388
314,1188,1502,0.1388
311,1198,1509,0.1388
315,1204,1519,0.1388
314,1199,1513,0.1388
314,1197,1511,0.1388
319,1193,1512,0.1388
320,1188,1508,0.1388
317,1197,1514,0.1388
306,1196,1502,0.1388
304,1196,1500,0.1388
300,1203,1503,0.1388
297,1210,1507,0.1388
295,1202,1497,0.1388
292,1207,1499,0.1388
289,1205,1494,0.1388
288,1202,1490,0.1388
287,1208,1495,0.1388
289,1216,1505,0.1388
290,1216,1506,0.1388
296,1209,1505,0.1388
283,1208,1491,0.1388
283,1214,1497,0.1388
283,1220,1503,0.1388
280,1221,1501,0.1388
281,1220,1501,0.1388
288,1229,1517,0.1388
294,1219,1513,0.1388
293,1230,1523,0.1388
292,1229,1521,0.1388
293,1221,1514,0.1388
292,1225,1517,0.1388
293,1221,1514,0.1388
292,1214,1506,0.1388
293,1215,1508,0.1388
289,1229,1518,0.1388
296,1223,1519,0.1388
283,1235,1518,0.1388
288,1228,1516,0.1388
282,1232,1514,0.1388
284,1235,1519,0.1388
280,1232,1512,0.1388
285,1239,1524,0.1388
279,1234,1513,0.1388
282,1230,1512,0.1388
284,1239,1523,0.1388
283,1229,1512,0.1388
280,1243,1523,0.1388
278,1243,1521,0.1388
274,1240,1514,0.1388
272,1237,1509,0.1388
276,1230,1506,0.1388
273,1228,1501,0.1388
275,1227,1502,0.1388
278,1227,1505,0.1388
273,1223,1496,0.1388
272,1224,1496,0.1388
279,1234,1513,0.1388
279,1227,1506,0.1388
274,1233,1507,0.1388
276,1233,1509,0.1388
275,1238,1513,0.1388
271,1236,1507,0.1388
267,1243,1510,0.1388
268,1249,1517,0.1388
271,1243,1514,0.1388
266,1242,1508,0.1388
266,1248,1514,0.1388
266,1251,1517,0.1388
259,1246,1505,0.1388
259,1238,1497,0.1388
264,1237,1501,0.1388
259,1242,1501,0.1388
268,1238,1506,0.1388
268,1239,1507,0.1388
267,1238,1505,0.1388
266,1238,1504,0.1388
264,1232,1496,0.1388
264,1239,1503,0.1388
269,1251,1520,0.1388
263,1252,1515,0.1388
268,1261,1529,0.1388
268,1265,1533,0.1388
268,1252,1520,0.1388
263,1255,1518,0.1388
259,1250,1509,0.1388
259,1246,1505,0.1388
253,1263,1516,0.1388
251,1251,1502,0.1388
252,1254,1506,0.1388
253,1257,1510,0.1388
245,1256,1501,0.1388
246,1238,1484,0.1388
245,1253,1498,0.1388
246,1255,1501,0.1388
249,1244,1493,0.1388
247,1256,1503,0.1388
245,1259,1504,0.1388
242,1253,1495,0.1388
246,1257,1503,0.1388
249,1247,1496,0.1388
244,1253,1497,0.1388
247,1250,1497,0.1388
248,1248,1496,0.1388
253,1253,1506,0.1388
255,1256,1511,0.1388
257,1266,1523,0.1388
251,1263,1514,0.1388
254,1266,1520,0.1388
249,1268,1517,0.1388
252,1260,1512,0.1388
255,1258,1513,0.1388
254,1254,1508,0.1388
253,1267,1520,0.1388
252,1272,1524,0.1388
250,1278,1528,0.1388
247,1268,1515,0.1388
245,1269,1514,0.1388
246,1261,1507,0.1388
245,1274,1519,0.1388
247,1271,1518,0.1388
244,1274,1518,0.1388
241,1281,1522,0.1388
239,1274,1513,0.1388
242,1278,1520,0.1388
246,1282,1528,0.1388
240,1281,1521,0.1388
242,1279,1521,0.1388
241,1271,1512,0.1388
243,1269,1512,0.1388
244,1272,1516,0.1388
244,1269,1513,0.1388
243,1269,1512,0.1388
243,1277,1520,0.1388
245,1272,1517,0.1388
243,1271,1514,0.1388
244,1274,1518,0.1388
243,1274,1517,0.1388
242,1267,1509,0.1388
232,1271,1503,0.1388
231,1269,1500,0.1388
234,1282,1516,0.1388
237,1276,1513,0.1388
236,1279,1515,0.1388
237,1272,1509,0.1388
235,1266,1501,0.1388
230,1282,1512,0.1388
228,1286,1514,0.1388
228,1280,1508,0.1388
226,1288,1514,0.1388
228,1297,1525,0.1388
225,1281,1506,0.1388
221,1290,1511,0.1388
221,1297,1518,0.1388
223,1293,1516,0.1388
220,1293,1513,0.1388
218,1300,1518,0.1388
217,1303,1520,0.1388
219,1296,1515,0.1388
219,1295,1514,0.1388
220,1298,1518,0.1388
215,1285,1500,0.1388
220,1299,1519,0.1388
223,1299,1522,0.1388
220,1300,1520,0.1388
216,1299,1515,0.1388
218,1294,1512,0.1388
216,1302,1518,0.1388
215,1298,1513,0.1388
218,1295,1513,0.1388
213,1293,1506,0.1388
208,1305,1513,0.1388
210,1303,1513,0.1388
212,1298,1510,0.1388
212,1306,1518,0.1388
210,1314,1524,0.1388
206,1311,1517,0.1388
202,1303,1505,0.1388
210,1316,1526,0.1388
210,1308,1518,0.1388
207,1310,1517,0.1388
204,1315,1519,0.1388
202,1325,1527,0.1388
197,1318,1515,0.1388
201,1316,1517,0.1388
203,1318,1521,0.1388
201,1322,1523,0.1388
201,1311,1512,0.1388
203,1307,1510,0.1388
204,1321,1525,0.1388
202,1322,1524,0.1388
197,1316,1513,0.1388
198,1315,1513,0.1388
197,1305,1502,0.1388
195,1317,1512,0.1388
198,1313,1511,0.1388
202,1306,1508,0.1388
200,1315,1515,0.1388
200,1306,1506,0.1388
202,1311,1513,0.1388
199,1322,1521,0.1388
192,1317,1509,0.1388
192,1331,1523,0.1388
189,1313,1502,0.1388
191,1315,1506,0.1388
188,1309,1497,0.1388
185,1318,1503,0.1388
183,1335,1518,0.1388
186,1333,1519,0.1388
183,1334,1517,0.1388
187,1333,1520,0.1388
184,1323,1507,0.1388
187,1316,1503,0.1388
194,1318,1512,0.1388
189,1307,1496,0.1388
190,1307,1497,0.1388
184,1307,1491,0.1388
182,1317,1499,0.1388
184,1331,1515,0.1388
183,1322,1505,0.1388
181,1323,1504,0.1388
177,1309,1486,0.1388
180,1312,1492,0.1388
185,1324,1509,0.1388
186,1328,1514,0.1388
181,1327,1508,0.1388
179,1327,1506,0.1388
177,1328,1505,0.1388
180,1333,1513,0.1388
181,1333,1514,0.1388
178,1340,1518,0.1388
175,1328,1503,0.1388
181,1312,1493,0.1388
183,1313,1496,0.1388
184,1319,1503,0.1388
181,1318,1499,0.1388
180,1326,1506,0.1388
171,1334,1505,0.1388
172,1348,1520,0.1388
170,1358,1528,0.1388
172,1346,1518,0.1388
172,1342,1514,0.1388
171,1349,1520,0.1388
173,1338,1511,0.1388
175,1339,1514,0.1388
173,1340,1513,0.1388
171,1343,1514,0.1388
167,1342,1509,0.1388
164,1345,1509,0.1388
162,1346,1508,0.1388
160,1349,1509,0.1388
162,1345,1507,0.1388
163,1349,1512,0.1388
159,1353,1512,0.1388
159,1351,1510,0.1388
161,1362,1523,0.1388
158,1364,1522,0.1388
159,1359,1518,0.1388
156,1361,1517,0.1388
154,1360,1514,0.1388
152,1352,1504,0.1388
150,1354,1504,0.1388
150,1363,1513,0.1388
146,1365,1511,0.1388
150,1358,1508,0.1388
151,1367,1518,0.1388
150,1377,1527,0.1388
152,1368,1520,0.1388
154,1359,1513,0.1388
154,1350,1504,0.1388
156,1359,1515,0.1388
155,1356,1511,0.1388
154,1347,1501,0.1388
156,1351,1507,0.1388
160,1361,1521,0.1388
160,1361,1521,0.1388
160,1358,1518,0.1388
156,1357,1513,0.1388
153,1371,1524,0.1388
159,1373,1532,0.1388
160,1374,1534,0.1388
162,1373,1535,0.1388
162,1361,1523,0.1388
163,1356,1519,0.1388
162,1343,1505,0.1388
156,1333,1489,0.1388
158,1348,1506,0.1388
155,1351,1506,0.1388
155,1352,1507,0.1388
154,1358,1512,0.1388
155,1360,1515,0.1388
153,1346,1499,0.1388
151,1354,1505,0.1388
155,1354,1509,0.1388
157,1362,1519,0.1388
150,1362,1512,0.1388
153,1359,1512,0.1388
153,1355,1508,0.1388
153,1352,1505,0.1388
151,1353,1504,0.1388
153,1350,1503,0.1388
149,1364,1513,0.1388
152,1371,1523,0.1388
154,1374,1528,0.1388
153,1369,1522,0.1388
151,1364,1515,0.1388
153,1364,1517,0.1388
152,1362,1514,0.1388
153,1363,1516,0.1388
151,1361,1512,0.1388
151,1364,1515,0.1388
154,1365,1519,0.1388
149,1377,1526,0.1388
147,1372,1519,0.1388
149,1367,1516,0.1388
147,1368,1515,0.1388
151,1366,1517,0.1388
151,1360,1511,0.1388
151,1360,1511,0.1388
146,1353,1499,0.1388
147,1361,1508,0.1388
148,1369,1517,0.1388
146,1363,1509,0.1388
145,1362,1507,0.1388
147,1367,1514,0.1388
143,1364,1507,0.1388
145,1368,1513,0.1388
144,1364,1508,0.1388
140,1380,1520,0.1388
134,1376,1510,0.1388
133,1369,1502,0.1388
134,1383,1517,0.1388
137,1379,1516,0.1388
136,1388,1524,0.1388
136,1385,1521,0.1388
139,1377,1516,0.1388
139,1376,1515,0.1388
134,1387,1521,0.1388
139,1382,1521,0.1388
137,1383,1520,0.1388
139,1386,1525,0.1388
139,1386,1525,0.1388
142,1374,1516,0.1388
142,1367,1509,0.1388
137,1367,1504,0.1388
141,1367,1508,0.1388
139,1371,1510,0.1388
141,1376,1517,0.1388
141,1377,1518,0.1388
142,1376,1518,0.1388
142,1380,1522,0.1388
138,1374,1512,0.1388
139,1375,1514,0.1388
135,1381,1516,0.1388
136,1391,1527,0.1388
132,1383,1515,0.1388
133,1391,1524,0.1388
129,1397,1526,0.1388
132,1401,1533,0.1388
132,1398,1530,0.1388
129,1404,1533,0.1388
126,1403,1529,0.1388
125,1400,1525,0.1388
127,1395,1522,0.1388
129,1398,1527,0.1388
125,1398,1523,0.1388
125,1390,1515,0.1388
126,1380,1506,0.1388
122,1395,1517,0.1388
123,1400,1523,0.1388
127,1383,1510,0.1388
119,1392,1511,0.1388
115,1386,1501,0.1388
114,1396,1510,0.1388
111,1403,1514,0.1388
113,1397,1510,0.1388
112,1406,1518,0.1388
115,1405,1520,0.1388
108,1400,1508,0.1388
110,1398,1508,0.1388
106,1415,1521,0.1388
106,1422,1528,0.1388
106,1417,1523,0.1388
102,1406,1508,0.1388
100,1395,1495,0.1388
101,1396,1497,0.1388
100,1411,1511,0.1388
98,1425,1523,0.1388
99,1421,1520,0.1388
99,1417,1516,0.1388
96,1420,1516,0.1388
99,1416,1515,0.1388
101,1415,1516,0.1388
102,1400,1502,0.1388
102,1401,1503,0.1388
101,1409,1510,0.1388
100,1417,1517,0.1388
98,1424,1522,0.1388
97,1427,1524,0.1388
94,1422,1516,0.1388
97,1419,1516,0.1388
97,1419,1516,0.1388
98,1417,1515,0.1388
95,1424,1519,0.1388
93,1425,1518,0.1388
94,1410,1504,0.1388
93,1426,1519,0.1388
93,1427,1520,0.1388
92,1431,1523,0.1388
94,1436,1530,0.1388
94,1438,1532,0.1388
92,1446,1538,0.1388
89,1438,1527,0.1388
90,1430,1520,0.1388
90,1426,1516,0.1388
87,1428,1515,0.1388
85,1425,1510,0.1388
86,1433,1519,0.1388
87,1427,1514,0.1388
87,1430,1517,0.1388
87,1423,1510,0.1388
89,1422,1511,0.1388
89,1423,1512,0.1388
86,1428,1514,0.1388
84,1434,1518,0.1388
87,1422,1509,0.1388
85,1433,1518,0.1388
81,1422,1503,0.1388
85,1423,1508,0.1388
87,1410,1497,0.1388
85,1423,1508,0.1388
85,1429,1514,0.1388
87,1429,1516,0.1388
84,1432,1516,0.1388
87,1431,1518,0.1388
90,1427,1517,0.1388
86,1424,1510,0.1388
86,1433,1519,0.1388
88,1411,1499,0.1388
86,1411,1497,0.1388
85,1429,1514,0.1388
86,1430,1516,0.1388
83,1434,1517,0.1388
82,1445,1527,0.1388
81,1435,1516,0.1388
82,1440,1522,0.1388
78,1438,1516,0.1388
80,1420,1500,0.1388
76,1422,1498,0.1388
75,1436,1511,0.1388
76,1433,1509,0.1388
73,1428,1501,0.1388
71,1428,1499,0.1388
69,1433,1502,0.1388
68,1454,1522,0.1388
68,1451,1519,0.1388
67,1444,1511,0.1388
65,1437,1502,0.1388
69,1452,1521,0.1388
71,1449,1520,0.1388
70,1446,1516,0.1388
68,1460,1528,0.1388
67,1455,1522,0.1388
72,1464,1536,0.1388
73,1465,1538,0.1388
71,1448,1519,0.1388
68,1458,1526,0.1388
69,1459,1528,0.1388
70,1446,1516,0.1388
71,1434,1505,0.1388
69,1441,1510,0.1388
70,1446,1516,0.1388
69,1453,1522,0.1388
70,1450,1520,0.1388
69,1456,1525,0.1388
65,1459,1524,0.1388
68,1450,1518,0.1388
68,1457,1525,0.1388
69,1461,1530,0.1388
66,1463,1529,0.1388
64,1460,1524,0.1388
61,1444,1505,0.1388
62,1444,1506,0.1388
63,1445,1508,0.1388
65,1437,1502,0.1388
65,1446,1511,0.1388
67,1460,1527,0.1388
66,1461,1527,0.1388
66,1466,1532,0.1388
64,1462,1526,0.1388
64,1451,1515,0.1388
67,1453,1520,0.1388
69,1456,1525,0.1388
66,1465,1531,0.1388
64,1454,1518,0.1388
64,1438,1502,0.1388
64,1435,1499,0.1388
65,1432,1497,0.1388
69,1444,1513,0.1388
68,1444,1512,0.1388
67,1451,1518,0.1388
66,1456,1522,0.1388
65,1441,1506,0.1388
65,1443,1508,0.1388
66,1435,1501,0.1388
70,1445,1515,0.1388
70,1433,1503,0.1388
70,1438,1508,0.1388
71,1438,1509,0.1388
72,1455,1527,0.1388
72,1452,1524,0.1388
67,1443,1510,0.1388
68,1440,1508,0.1388
66,1445,1511,0.1388
66,1464,1530,0.1388
66,1460,1526,0.1388
66,1453,1519,0.1388
64,1450,1514,0.1388
63,1442,1505,0.1388
66,1444,1510,0.1388
64,1445,1509,0.1388
63,1445,1508,0.1388
63,1435,1498,0.1388
64,1442,1506,0.1388
61,1450,1511,0.1388
63,1447,1510,0.1388
63,1452,1515,0.1388
62,1450,1512,0.1388
63,1444,1507,0.1388
64,1453,1517,0.1388
65,1458,1523,0.1388
63,1457,1520,0.1388
64,1455,1519,0.1388
64,1446,1510,0.1388
60,1434,1494,0.1388
61,1441,1502,0.1388
64,1444,1508,0.1388
62,1455,1517,0.1388
64,1445,1509,0.1388
63,1446,1509,0.1388
65,1454,1519,0.1388
63,1459,1522,0.1388
63,1454,1517,0.1388
62,1459,1521,0.1388
62,1461,1523,0.1388
64,1450,1514,0.1388
64,1437,1501,0.1388
60,1450,1510,0.1388
62,1452,1514,0.1388
65,1458,1523,0.1388
64,1458,1522,0.1388
64,1463,1527,0.1388
63,1463,1526,0.1388
64,1466,1530,0.1388
63,1465,1528,0.1388
60,1455,1515,0.1388
61,1459,1520,0.1388
59,1451,1510,0.1388
54,1457,1511,0.1388
54,1457,1511,0.1388
51,1455,1506,0.1388
53,1459,1512,0.1388
56,1468,1524,0.1388
56,1465,1521,0.1388
56,1454,1510,0.1388
56,1457,1513,0.1388
57,1461,1518,0.1388
56,1465,1521,0.1388
54,1475,1529,0.1388
52,1462,1514,0.1388
53,1457,1510,0.1388
53,1460,1513,0.1388
50,1475,1525,0.1388
48,1486,1534,0.1388
51,1474,1525,0.1388
49,1479,1528,0.1388
49,1472,1521,0.1388
52,1473,1525,0.1388
52,1471,1523,0.1388
55,1465,1520,0.1388
54,1453,1507,0.1388
56,1472,1528,0.1388
53,1467,1520,0.1388
53,1461,1514,0.1388
52,1458,1510,0.1388
50,1463,1513,0.1388
51,1467,1518,0.1388
48,1483,1531,0.1388
47,1487,1534,0.1388
46,1473,1519,0.1388
47,1474,1521,0.1388
45,1474,1519,0.1388
47,1467,1514,0.1388
46,1463,1509,0.1388
47,1460,1507,0.1388
48,1465,1513,0.1388
49,1471,1520,0.1388
48,1472,1520,0.1388
47,1482,1529,0.1388
48,1479,1527,0.1388
48,1481,1529,0.1388
48,1477,1525,0.1388
48,1470,1518,0.1388
45,1469,1514,0.1388
43,1471,1514,0.1388
45,1480,1525,0.1388
43,1472,1515,0.1388
45,1477,1522,0.1388
42,1479,1521,0.1388
42,1472,1514,0.1388
42,1475,1517,0.1388
42,1485,1527,0.1388
42,1487,1529,0.1388
42,1472,1514,0.1388
43,1481,1524,0.1388
42,1484,1526,0.1388
43,1465,1508,0.1388
42,1469,1511,0.1388
41,1473,1514,0.1388
39,1462,1501,0.1388
38,1469,1507,0.1388
36,1475,1511,0.1388
38,1476,1514,0.1388
37,1495,1532,0.1388
37,1485,1522,0.1388
38,1487,1525,0.1388
39,1490,1529,0.1388
41,1483,1524,0.1388
41,1478,1519,0.1388
41,1469,1510,0.1388
42,1478,1520,0.1388
42,1470,1512,0.1388
41,1456,1497,0.1388
39,1462,1501,0.1388
41,1456,1497,0.1388
43,1465,1508,0.1388
43,1462,1505,0.1388
38,1464,1502,0.1388
40,1471,1511,0.1388
39,1477,1516,0.1388
39,1478,1517,0.1388
39,1475,1514,0.1388
39,1488,1527,0.1388
38,1473,1511,0.1388
40,1461,1501,0.1388
41,1458,1499,0.1388
41,1476,1517,0.1388
39,1477,1516,0.1388
39,1471,1510,0.1388
38,1478,1516,0.1388
35,1479,1514,0.1388
33,1471,1504,0.1388
33,1467,1500,0.1388
34,1476,1510,0.1388
32,1474,1506,0.1388
31,1476,1507,0.1388
32,1484,1516,0.1388
32,1491,1523,0.1388
32,1474,1506,0.1388
31,1474,1505,0.1388
31,1478,1509,0.1388
31,1474,1505,0.1388
29,1472,1501,0.1388
29,1486,1515,0.1388
29,1497,1526,0.1388
28,1494,1522,0.1388
29,1496,1525,0.1388
30,1471,1501,0.1388
29,1481,1510,0.1388
29,1479,1508,0.1388
27,1486,1513,0.1388
27,1490,1517,0.1388
27,1494,1521,0.1388
28,1482,1510,0.1388
29,1480,1509,0.1388
29,1487,1516,0.1388
27,1497,1524,0.1388
26,1495,1521,0.1388
27,1494,1521,0.1388
27,1490,1517,0.1388
27,1492,1519,0.1388
26,1484,1510,0.1388
26,1497,1523,0.1388
27,1488,1515,0.1388
27,1488,1515,0.1388
26,1495,1521,0.1388
26,1490,1516,0.1388
26,1507,1533,0.1388
25,1489,1514,0.1388
26,1497,1523,0.1388
27,1490,1517,0.1388
26,1506,1532,0.1388
26,1506,1532,0.1388
24,1499,1523,0.1388
26,1502,1528,0.1388
25,1496,1521,0.1388
25,1495,1520,0.1388
24,1493,1517,0.1388
24,1493,1517,0.1388
26,1489,1515,0.1388
27,1487,1514,0.1388
27,1480,1507,0.1388
27,1474,1501,0.1388
28,1477,1505,0.1388
28,1486,1514,0.1388
27,1492,1519,0.1388
29,1500,1529,0.1388
28,1498,1526,0.1388
28,1498,1526,0.1388
28,1492,1520,0.1388
30,1490,1520,0.1388
30,1494,1524,0.1388
31,1492,1523,0.1388
31,1493,1524,0.1388
30,1493,1523,0.1388
30,1495,1525,0.1388
30,1478,1508,0.1388
30,1482,1512,0.1388
29,1490,1519,0.1388
31,1481,1512,0.1388
30,1488,1518,0.1388
31,1491,1522,0.1388
27,1487,1514,0.1388
25,1479,1504,0.1388
24,1486,1510,0.1388
23,1501,1524,0.1388
23,1501,1524,0.1388
24,1505,1529,0.1388
25,1499,1524,0.1388
23,1497,1520,0.1388
21,1487,1508,0.1388
21,1492,1513,0.1388
21,1493,1514,0.1388
20,1482,1502,0.1388
22,1484,1506,0.1388
22,1467,1489,0.1388
22,1467,1489,0.1388
22,1470,1492,0.1388
21,1483,1504,0.1388
21,1481,1502,0.1388
21,1475,1496,0.1388
22,1497,1519,0.1388
24,1496,1520,0.1388
25,1503,1528,0.1388
24,1506,1530,0.1388
23,1494,1517,0.1388
22,1500,1522,0.1388
23,1497,1520,0.1388
23,1493,1516,0.1388
21,1498,1519,0.1388
21,1484,1505,0.1388
21,1491,1512,0.1388
22,1500,1522,0.1388
21,1501,1522,0.1388
20,1502,1522,0.1388
21,1496,1517,0.1388
20,1492,1512,0.1388
21,1488,1509,0.1388
20,1488,1508,0.1388
20,1489,1509,0.1388
21,1501,1522,0.1388
23,1505,1528,0.1388
23,1506,1529,0.1388
23,1494,1517,0.1388
24,1487,1511,0.1388
23,1504,1527,0.1388
22,1487,1509,0.1388
23,1495,1518,0.1388
24,1496,1520,0.1388
23,1503,1526,0.1388
23,1500,1523,0.1388
24,1495,1519,0.1388
25,1503,1528,0.1388
25,1510,1535,0.1388
24,1512,1536,0.1388
24,1513,1537,0.1388
26,1506,1532,0.1388
27,1510,1537,0.1388
26,1503,1529,0.1388
27,1492,1519,0.1388
26,1493,1519,0.1388
25,1494,1519,0.1388
25,1494,1519,0.1388
27,1489,1516,0.1388
27,1493,1520,0.1388
27,1491,1518,0.1388
26,1491,1517,0.1388
27,1485,1512,0.1388
27,1476,1503,0.1388
25,1484,1509,0.1388
25,1485,1510,0.1388
24,1481,1505,0.1388
25,1488,1513,0.1388
25,1488,1513,0.1388
25,1482,1507,0.1388
25,1492,1517,0.1388
25,1470,1495,0.1388
26,1483,1509,0.1388
27,1483,1510,0.1388
27,1489,1516,0.1388
27,1494,1521,0.1388
27,1498,1525,0.1388
28,1497,1525,0.1388
28,1489,1517,0.1388
28,1479,1507,0.1388
27,1477,1504,0.1388
29,1471,1500,0.1388
32,1470,1502,0.1388
33,1480,1513,0.1388
33,1479,1512,0.1388
33,1476,1509,0.1388
32,1492,1524,0.1388
33,1485,1518,0.1388
31,1498,1529,0.1388
33,1483,1516,0.1388
34,1474,1508,0.1388
34,1477,1511,0.1388
33,1474,1507,0.1388
34,1473,1507,0.1388
36,1476,1512,0.1388
35,1483,1518,0.1388
34,1484,1518,0.1388
33,1477,1510,0.1388
32,1477,1509,0.1388
34,1484,1518,0.1388
32,1489,1521,0.1388
31,1488,1519,0.1388
31,1481,1512,0.1388
30,1492,1522,0.1388
30,1501,1531,0.1388
29,1492,1521,0.1388
27,1486,1513,0.1388
27,1480,1507,0.1388
27,1498,1525,0.1388
26,1505,1531,0.1388
27,1502,1529,0.1388
28,1504,1532,0.1388
27,1502,1529,0.1388
27,1501,1528,0.1388
29,1503,1532,0.1388
29,1494,1523,0.1388
28,1495,1523,0.1388
28,1497,1525,0.1388
27,1487,1514,0.1388
27,1477,1504,0.1388
27,1482,1509,0.1388
27,1491,1518,0.1388
26,1495,1521,0.1388
25,1487,1512,0.1388
25,1493,1518,0.1388
25,1493,1518,0.1388
26,1492,1518,0.1388
25,1496,1521,0.1388
23,1494,1517,0.1388
26,1485,1511,0.1388
27,1486,1513,0.1388
27,1487,1514,0.1388
26,1488,1514,0.1388
26,1486,1512,0.1388
27,1489,1516,0.1388
24,1479,1503,0.1388
23,1479,1502,0.1388
23,1497,1520,0.1388
22,1511,1533,0.1388
21,1508,1529,0.1388
19,1500,1519,0.1388
17,1498,1515,0.1388
19,1504,1523,0.1388
19,1500,1519,0.1388
19,1499,1518,0.1388
19,1510,1529,0.1388
19,1496,1515,0.1388
19,1494,1513,0.1388
18,1496,1514,0.1388
17,1500,1517,0.1388
18,1514,1532,0.1388
17,1501,1518,0.1388
18,1493,1511,0.1388
18,1504,1522,0.1388
17,1498,1515,0.1388
18,1496,1514,0.1388
18,1490,1508,0.1388
18,1487,1505,0.1388
19,1498,1517,0.1388
19,1499,1518,0.1388
19,1490,1509,0.1388
17,1475,1492,0.1388
17,1471,1488,0.1388
17,1495,1512,0.1388
17,1496,1513,0.1388
17,1504,1521,0.1388
17,1500,1517,0.1388
17,1502,1519,0.1388
16,1505,1521,0.1388
16,1497,1513,0.1388
15,1497,1512,0.1388
14,1506,1520,0.1388
14,1497,1511,0.1388
15,1506,1521,0.1388
15,1504,1519,0.1388
15,1494,1509,0.1388
15,1503,1518,0.1388
14,1504,1518,0.1388
14,1488,1502,0.1388
14,1508,1522,0.1388
14,1514,1528,0.1388
13,1498,1511,0.1388
11,1501,1512,0.1388
11,1516,1527,0.1388
11,1508,1519,0.1388
11,1499,1510,0.1388
11,1500,1511,0.1388
10,1497,1507,0.1388
10,1499,1509,0.1388
10,1491,1501,0.1388
10,1509,1519,0.1388
11,1506,1517,0.1388
11,1498,1509,0.1388
10,1507,1517,0.1388
9,1499,1508,0.1388
9,1502,1511,0.1388
8,1504,1512,0.1388
8,1506,1514,0.1388
7,1523,1530,0.1388
8,1527,1535,0.1388
8,1531,1539,0.1388
8,1532,1540,0.1388
9,1530,1539,0.1388
9,1528,1537,0.1388
9,1525,1534,0.1388
9,1512,1521,0.1388
7,1513,1520,0.1388
8,1513,1521,0.1388
8,1513,1521,0.1388
9,1512,1521,0.1388
9,1509,1518,0.1388
9,1512,1521,0.1388
6,1507,1513,0.1388
6,1508,1514,0.1388
6,1511,1517,0.1388
6,1509,1515,0.1388
6,1510,1516,0.1388
6,1519,1525,0.1388
6,1501,1507,0.1388
7,1495,1502,0.1388
7,1521,1528,0.1388
6,1534,1540,0.1388
6,1513,1519,0.1388
5,1506,1511,0.1388
4,1501,1505,0.1388
5,1493,1498,0.1388
5,1500,1505,0.1388
5,1504,1509,0.1388
5,1498,1503,0.1388
4,1498,1502,0.1388
4,1514,1518,0.1388
4,1516,1520,0.1388
4,1518,1522,0.1388
4,1524,1528,0.1388
4,1523,1527,0.1388
4,1515,1519,0.1388
5,1516,1521,0.1388
4,1507,1511,0.1388
4,1507,1511,0.1388
4,1501,1505,0.1388
4,1507,1511,0.1388
4,1507,1511,0.1388
3,1515,1518,0.1388
4,1511,1515,0.1388
3,1526,1529,0.1388
3,1513,1516,0.1388
3,1521,1524,0.1388
4,1512,1516,0.1388
5,1508,1513,0.1388
5,1504,1509,0.1388
5,1511,1516,0.1388
5,1507,1512,0.1388
5,1507,1512,0.1388
5,1511,1516,0.1388
5,1505,1510,0.1388
5,1502,1507,0.1388
4,1502,1506,0.1388
4,1503,1507,0.1388
4,1507,1511,0.1388
4,1515,1519,0.1388
3,1514,1517,0.1388
3,1526,1529,0.1388
3,1527,1530,0.1388
2,1504,1506,0.1388
2,1508,1510,0.1388
3,1510,1513,0.1388
3,1522,1525,0.1388
3,1535,1538,0.1388
3,1528,1531,0.1388
3,1525,1528,0.1388
3,1521,1524,0.1388
3,1506,1509,0.1388
3,1503,1506,0.1388
3,1521,1524,0.1388
1,1514,1515,0.1388
1,1513,1514,0.1388
1,1514,1515,0.1388
1,1519,1520,0.1388
1,1515,1516,0.1388
1,1512,1513,0.1388
1,1512,1513,0.1388
1,1511,1512,0.1388
1,1509,1510,0.1388
1,1490,1491,0.1388
1,1505,1506,0.1388
1,1505,1506,0.1388
1,1507,1508,0.1388
1,1503,1504,0.1388
1,1509,1510,0.1388
1,1506,1507,0.1388
1,1516,1517,0.1388
1,1526,1527,0.1388
1,1513,1514,0.1388
1,1517,1518,0.1388
1,1525,1526,0.1388
1,1523,1524,0.1388
1,1523,1524,0.1388
1,1528,1529,0.1388
1,1516,1517,0.1388
1,1523,1524,0.1388
1,1524,1525,0.1388
1,1520,1521,0.1388
1,1519,1520,0.1388
1,1518,1519,0.1388
1,1512,1513,0.1388
1,1506,1507,0.1388
0,1509,1509,0.1388
