1359,31,1390,0.1388
1392,34,1426,0.1388
1411,36,1447,0.1388
1438,39,1477,0.1388
1427,39,1466,0.1388
1438,41,1479,0.1388
1443,40,1483,0.1388
1437,42,1479,0.1388
1438,41,1479,0.1388
1426,44,1470,0.1388
1437,43,1480,0.1388
1440,44,1484,0.1388
1439,44,1483,0.1388
1459,45,1504,0.1388
1454,44,1498,0.1388
1463,45,1508,0.1388
1449,46,1495,0.1388
1443,47,1490,0.1388
1435,49,1484,0.1388
1441,52,1493,0.1388
1450,53,1503,0.1388
1453,54,1507,0.1388
1451,54,1505,0.1388
1443,53,1496,0.1388
1436,55,1491,0.1388
1435,54,1489,0.1388
1436,54,1490,0.1388
1438,55,1493,0.1388
1438,56,1494,0.1388
1436,56,1492,0.1388
1427,60,1487,0.1388
1430,60,1490,0.1388
1437,63,1500,0.1388
1433,59,1492,0.1388
1430,62,1492,0.1388
1423,64,1487,0.1388
1425,63,1488,0.1388
1418,64,1482,0.1388
1419,63,1482,0.1388
1423,63,1486,0.1388
1435,60,1495,0.1388
1433,59,1492,0.1388
1429,55,1484,0.1388
1422,55,1477,0.1388
1420,57,1477,0.1388
1420,59,1479,0.1388
1429,58,1487,0.1388
1434,55,1489,0.1388
1421,57,1478,0.1388
1431,58,1489,0.1388
1437,62,1499,0.1388
1435,63,1498,0.1388
1444,64,1508,0.1388
1445,64,1509,0.1388
1443,61,1504,0.1388
1437,60,1497,0.1388
1448,59,1507,0.1388
1452,58,1510,0.1388
1443,57,1500,0.1388
1432,56,1488,0.1388
1430,57,1487,0.1388
1440,56,1496,0.1388
1439,55,1494,0.1388
1432,58,1490,0.1388
1437,59,1496,0.1388
1444,60,1504,0.1388
1431,60,1491,0.1388
1426,60,1486,0.1388
1438,64,1502,0.1388
1436,63,1499,0.1388
1435,62,1497,0.1388
1432,65,1497,0.1388
1414,66,1480,0.1388
1401,66,1467,0.1388
1397,64,1461,0.1388
1399,69,1468,0.1388
1395,68,1463,0.1388
1417,70,1487,0.1388
1428,71,1499,0.1388
1425,69,1494,0.1388
1432,70,1502,0.1388
1435,69,1504,0.1388
1433,68,1501,0.1388
1433,68,1501,0.1388
1424,66,1490,0.1388
1426,65,1491,0.1388
1423,66,1489,0.1388
1417,64,1481,0.1388
1424,66,1490,0.1388
1427,65,1492,0.1388
1422,69,1491,0.1388
1420,69,1489,0.1388
1426,70,1496,0.1388
1427,69,1496,0.1388
1420,70,1490,0.1388
1413,74,1487,0.1388
1424,75,1499,0.1388
1420,72,1492,0.1388
1423,75,1498,0.1388
1418,77,1495,0.1388
1410,79,1489,0.1388
1421,77,1498,0.1388
1423,77,1500,0.1388
1431,78,1509,0.1388
1422,76,1498,0.1388
1419,78,1497,0.1388
1414,80,1494,0.1388
1408,82,1490,0.1388
1419,79,1498,0.1388
1412,79,1491,0.1388
1421,82,1503,0.1388
1423,82,1505,0.1388
1426,81,1507,0.1388
1426,78,1504,0.1388
1428,79,1507,0.1388
1416,76,1492,0.1388
1415,79,1494,0.1388
1419,79,1498,0.1388
1418,80,1498,0.1388
1410,84,1494,0.1388
1410,85,1495,0.1388
1409,85,1494,0.1388
1406,85,1491,0.1388
1401,87,1488,0.1388
1393,90,1483,0.1388
1404,90,1494,0.1388
1401,89,1490,0.1388
1394,91,1485,0.1388
1390,95,1485,0.1388
1404,96,1500,0.1388
1412,97,1509,0.1388
1419,98,1517,0.1388
1394,100,1494,0.1388
1409,104,1513,0.1388
1405,106,1511,0.1388
1396,106,1502,0.1388
1400,100,1500,0.1388
1394,98,1492,0.1388
1386,100,1486,0.1388
1394,102,1496,0.1388
1392,104,1496,0.1388
1391,107,1498,0.1388
1395,107,1502,0.1388
1395,103,1498,0.1388
1386,101,1487,0.1388
1396,105,1501,0.1388
1391,110,1501,0.1388
1390,108,1498,0.1388
1396,106,1502,0.1388
1399,106,1505,0.1388
1402,108,1510,0.1388
1394,113,1507,0.1388
1403,112,1515,0.1388
1385,113,1498,0.1388
1388,113,1501,0.1388
1394,110,1504,0.1388
1399,107,1506,0.1388
1382,108,1490,0.1388
1384,107,1491,0.1388
1380,106,1486,0.1388
1385,102,1487,0.1388
1390,104,1494,0.1388
1392,108,1500,0.1388
1392,108,1500,0.1388
1395,109,1504,0.1388
1395,110,1505,0.1388
1395,113,1508,0.1388
1383,119,1502,0.1388
1373,121,1494,0.1388
1364,120,1484,0.1388
1373,117,1490,0.1388
1366,115,1481,0.1388
1359,124,1483,0.1388
1370,124,1494,0.1388
1373,124,1497,0.1388
1372,122,1494,0.1388
1369,123,1492,0.1388
1376,123,1499,0.1388
1372,121,1493,0.1388
1359,126,1485,0.1388
1357,127,1484,0.1388
1366,124,1490,0.1388
1365,126,1491,0.1388
1359,128,1487,0.1388
1360,130,1490,0.1388
1350,128,1478,0.1388
1366,128,1494,0.1388
1376,125,1501,0.1388
1375,130,1505,0.1388
1381,128,1509,0.1388
1373,129,1502,0.1388
1371,128,1499,0.1388
1365,129,1494,0.1388
1359,129,1488,0.1388
1353,129,1482,0.1388
1347,132,1479,0.1388
1362,129,1491,0.1388
1353,132,1485,0.1388
1351,134,1485,0.1388
1364,132,1496,0.1388
1363,127,1490,0.1388
1357,127,1484,0.1388
1356,131,1487,0.1388
1352,134,1486,0.1388
1349,132,1481,0.1388
1365,128,1493,0.1388
1371,129,1500,0.1388
1369,127,1496,0.1388
1371,130,1501,0.1388
1361,131,1492,0.1388
1359,133,1492,0.1388
1366,129,1495,0.1388
1369,133,1502,0.1388
1365,132,1497,0.1388
1359,130,1489,0.1388
1354,130,1484,0.1388
1358,131,1489,0.1388
1368,135,1503,0.1388
1359,131,1490,0.1388
1373,133,1506,0.1388
1366,133,1499,0.1388
1369,135,1504,0.1388
1356,134,1490,0.1388
1365,138,1503,0.1388
1363,137,1500,0.1388
1353,134,1487,0.1388
1358,132,1490,0.1388
1372,137,1509,0.1388
1358,135,1493,0.1388
1359,135,1494,0.1388
1363,132,1495,0.1388
1371,130,1501,0.1388
1365,131,1496,0.1388
1373,132,1505,0.1388
1381,136,1517,0.1388
1367,136,1503,0.1388
1351,134,1485,0.1388
1340,135,1475,0.1388
1350,142,1492,0.1388
1349,145,1494,0.1388
1353,140,1493,0.1388
1355,138,1493,0.1388
1352,141,1493,0.1388
1361,143,1504,0.1388
1362,143,1505,0.1388
1363,146,1509,0.1388
1360,145,1505,0.1388
1364,144,1508,0.1388
1353,145,1498,0.1388
1345,146,1491,0.1388
1339,148,1487,0.1388
1331,150,1481,0.1388
1333,151,1484,0.1388
1342,149,1491,0.1388
1338,150,1488,0.1388
1341,147,1488,0.1388
1341,150,1491,0.1388
1331,152,1483,0.1388
1327,148,1475,0.1388
1336,146,1482,0.1388
1342,145,1487,0.1388
1345,143,1488,0.1388
1344,143,1487,0.1388
1345,145,1490,0.1388
1333,145,1478,0.1388
1326,153,1479,0.1388
1325,152,1477,0.1388
1312,157,1469,0.1388
1319,157,1476,0.1388
1318,155,1473,0.1388
1326,158,1484,0.1388
1329,156,1485,0.1388
1346,155,1501,0.1388
1338,155,1493,0.1388
1341,165,1506,0.1388
1338,165,1503,0.1388
1318,166,1484,0.1388
1325,166,1491,0.1388
1335,163,1498,0.1388
1333,165,1498,0.1388
1327,171,1498,0.1388
1334,173,1507,0.1388
1326,173,1499,0.1388
1329,174,1503,0.1388
1321,180,1501,0.1388
1338,182,1520,0.1388
1333,180,1513,0.1388
1326,181,1507,0.1388
1311,179,1490,0.1388
1310,175,1485,0.1388
1308,178,1486,0.1388
1313,178,1491,0.1388
1299,186,1485,0.1388
1296,187,1483,0.1388
1303,190,1493,0.1388
1299,189,1488,0.1388
1301,192,1493,0.1388
1306,194,1500,0.1388
1292,194,1486,0.1388
1290,195,1485,0.1388
1279,196,1475,0.1388
1282,196,1478,0.1388
1286,197,1483,0.1388
1293,195,1488,0.1388
1300,197,1497,0.1388
1281,199,1480,0.1388
1276,202,1478,0.1388
1292,196,1488,0.1388
1298,195,1493,0.1388
1275,201,1476,0.1388
1282,207,1489,0.1388
1274,209,1483,0.1388
1279,205,1484,0.1388
1271,204,1475,0.1388
1270,206,1476,0.1388
1270,207,1477,0.1388
1277,204,1481,0.1388
1296,205,1501,0.1388
1296,207,1503,0.1388
1292,208,1500,0.1388
1279,207,1486,0.1388
1292,212,1504,0.1388
1287,215,1502,0.1388
1277,217,1494,0.1388
1276,209,1485,0.1388
1281,208,1489,0.1388
1275,207,1482,0.1388
1275,210,1485,0.1388
1278,210,1488,0.1388
1272,216,1488,0.1388
1275,221,1496,0.1388
1271,219,1490,0.1388
1274,216,1490,0.1388
1271,219,1490,0.1388
1276,220,1496,0.1388
1268,222,1490,0.1388
1267,228,1495,0.1388
1263,226,1489,0.1388
1260,227,1487,0.1388
1271,231,1502,0.1388
1266,231,1497,0.1388
1274,223,1497,0.1388
1273,223,1496,0.1388
1264,226,1490,0.1388
1263,229,1492,0.1388
1268,231,1499,0.1388
1258,230,1488,0.1388
1253,233,1486,0.1388
1252,237,1489,0.1388
1262,239,1501,0.1388
1259,243,1502,0.1388
1242,248,1490,0.1388
1246,250,1496,0.1388
1242,252,1494,0.1388
1244,252,1496,0.1388
1230,251,1481,0.1388
1237,257,1494,0.1388
1241,256,1497,0.1388
1240,255,1495,0.1388
1247,254,1501,0.1388
1250,251,1501,0.1388
1249,248,1497,0.1388
1234,250,1484,0.1388
1233,258,1491,0.1388
1232,258,1490,0.1388
1252,259,1511,0.1388
1238,263,1501,0.1388
1232,255,1487,0.1388
1240,252,1492,0.1388
1230,254,1484,0.1388
1240,251,1491,0.1388
1235,251,1486,0.1388
1241,252,1493,0.1388
1245,254,1499,0.1388
1224,257,1481,0.1388
1231,261,1492,0.1388
1240,265,1505,0.1388
1242,265,1507,0.1388
1248,262,1510,0.1388
1240,264,1504,0.1388
1232,264,1496,0.1388
1228,268,1496,0.1388
1242,268,1510,0.1388
1245,264,1509,0.1388
1241,266,1507,0.1388
1232,264,1496,0.1388
1233,265,1498,0.1388
1234,266,1500,0.1388
1239,268,1507,0.1388
1232,272,1504,0.1388
1228,275,1503,0.1388
1223,274,1497,0.1388
1217,280,1497,0.1388
1215,278,1493,0.1388
1208,279,1487,0.1388
1212,278,1490,0.1388
1210,283,1493,0.1388
1216,280,1496,0.1388
1222,284,1506,0.1388
1224,283,1507,0.1388
1213,287,1500,0.1388
1208,289,1497,0.1388
1210,288,1498,0.1388
1208,282,1490,0.1388
1201,283,1484,0.1388
1211,286,1497,0.1388
1200,286,1486,0.1388
1202,286,1488,0.1388
1219,290,1509,0.1388
1220,289,1509,0.1388
1223,282,1505,0.1388
1216,279,1495,0.1388
1217,276,1493,0.1388
1215,273,1488,0.1388
1209,273,1482,0.1388
1206,273,1479,0.1388
1204,281,1485,0.1388
1208,280,1488,0.1388
1206,283,1489,0.1388
1218,284,1502,0.1388
1218,283,1501,0.1388
1211,282,1493,0.1388
1211,286,1497,0.1388
1204,290,1494,0.1388
1211,283,1494,0.1388
1221,275,1496,0.1388
1220,276,1496,0.1388
1223,270,1493,0.1388
1219,267,1486,0.1388
1202,274,1476,0.1388
1211,278,1489,0.1388
1220,276,1496,0.1388
1229,275,1504,0.1388
1215,279,1494,0.1388
1211,282,1493,0.1388
1212,282,1494,0.1388
1220,283,1503,0.1388
1224,287,1511,0.1388
1224,284,1508,0.1388
1215,288,1503,0.1388
1213,286,1499,0.1388
1215,283,1498,0.1388
1213,286,1499,0.1388
1204,287,1491,0.1388
1212,288,1500,0.1388
1205,292,1497,0.1388
1222,291,1513,0.1388
1208,298,1506,0.1388
1206,294,1500,0.1388
1214,304,1518,0.1388
1207,301,1508,0.1388
1193,298,1491,0.1388
1186,299,1485,0.1388
1187,303,1490,0.1388
1202,307,1509,0.1388
1187,305,1492,0.1388
1186,307,1493,0.1388
1178,305,1483,0.1388
1186,311,1497,0.1388
1177,310,1487,0.1388
1196,309,1505,0.1388
1189,315,1504,0.1388
1183,320,1503,0.1388
1170,322,1492,0.1388
1171,319,1490,0.1388
1179,319,1498,0.1388
1191,319,1510,0.1388
1183,317,1500,0.1388
1189,322,1511,0.1388
1188,317,1505,0.1388
1167,322,1489,0.1388
1153,318,1471,0.1388
1163,323,1486,0.1388
1170,331,1501,0.1388
1173,338,1511,0.1388
1161,333,1494,0.1388
1173,333,1506,0.1388
1173,332,1505,0.1388
1178,330,1508,0.1388
1164,330,1494,0.1388
1170,329,1499,0.1388
1166,331,1497,0.1388
1164,334,1498,0.1388
1169,333,1502,0.1388
1176,330,1506,0.1388
1178,334,1512,0.1388
1164,338,1502,0.1388
1158,337,1495,0.1388
1168,339,1507,0.1388
1162,342,1504,0.1388
1159,335,1494,0.1388
1152,345,1497,0.1388
1147,344,1491,0.1388
1162,343,1505,0.1388
1156,344,1500,0.1388
1155,342,1497,0.1388
1156,340,1496,0.1388
1159,343,1502,0.1388
1152,342,1494,0.1388
1147,344,1491,0.1388
1153,337,1490,0.1388
1157,338,1495,0.1388
1159,342,1501,0.1388
1163,339,1502,0.1388
1162,346,1508,0.1388
1149,349,1498,0.1388
1147,346,1493,0.1388
1143,346,1489,0.1388
1148,349,1497,0.1388
1155,350,1505,0.1388
1156,354,1510,0.1388
1153,356,1509,0.1388
1148,358,1506,0.1388
1142,348,1490,0.1388
1145,356,1501,0.1388
1137,360,1497,0.1388
1134,356,1490,0.1388
1139,361,1500,0.1388
1148,361,1509,0.1388
1148,358,1506,0.1388
1151,360,1511,0.1388
1144,358,1502,0.1388
1147,367,1514,0.1388
1144,362,1506,0.1388
1136,361,1497,0.1388
1143,364,1507,0.1388
1146,362,1508,0.1388
1136,364,1500,0.1388
1122,360,1482,0.1388
1116,364,1480,0.1388
1132,367,1499,0.1388
1128,362,1490,0.1388
1136,362,1498,0.1388
1136,359,1495,0.1388
1129,355,1484,0.1388
1127,350,1477,0.1388
1131,356,1487,0.1388
1128,357,1485,0.1388
1130,354,1484,0.1388
1134,354,1488,0.1388
1137,357,1494,0.1388
1140,360,1500,0.1388
1138,357,1495,0.1388
1135,349,1484,0.1388
1142,345,1487,0.1388
1146,350,1496,0.1388
1154,353,1507,0.1388
1145,355,1500,0.1388
1135,356,1491,0.1388
1138,355,1493,0.1388
1132,360,1492,0.1388
1140,357,1497,0.1388
1144,365,1509,0.1388
1136,366,1502,0.1388
1139,368,1507,0.1388
1126,365,1491,0.1388
1129,369,1498,0.1388
1128,362,1490,0.1388
1140,367,1507,0.1388
1133,372,1505,0.1388
1123,370,1493,0.1388
1120,367,1487,0.1388
1122,363,1485,0.1388
1135,361,1496,0.1388
1140,359,1499,0.1388
1134,359,1493,0.1388
1134,364,1498,0.1388
1142,364,1506,0.1388
1141,368,1509,0.1388
1155,364,1519,0.1388
1141,358,1499,0.1388
1139,365,1504,0.1388
1130,369,1499,0.1388
1120,375,1495,0.1388
1114,372,1486,0.1388
1104,367,1471,0.1388
1115,372,1487,0.1388
1120,370,1490,0.1388
1125,372,1497,0.1388
1135,377,1512,0.1388
1135,376,1511,0.1388
1133,379,1512,0.1388
1122,375,1497,0.1388
1122,381,1503,0.1388
1125,378,1503,0.1388
1119,383,1502,0.1388
1116,376,1492,0.1388
1125,372,1497,0.1388
1121,378,1499,0.1388
1114,377,1491,0.1388
1118,376,1494,0.1388
1125,375,1500,0.1388
1122,377,1499,0.1388
1129,373,1502,0.1388
1128,378,1506,0.1388
1130,380,1510,0.1388
1117,382,1499,0.1388
1135,386,1521,0.1388
1129,389,1518,0.1388
1121,388,1509,0.1388
1123,389,1512,0.1388
1125,395,1520,0.1388
1130,393,1523,0.1388
1119,394,1513,0.1388
1116,392,1508,0.1388
1111,395,1506,0.1388
1117,394,1511,0.1388
1112,390,1502,0.1388
1107,397,1504,0.1388
1094,395,1489,0.1388
1083,406,1489,0.1388
1077,410,1487,0.1388
1080,412,1492,0.1388
1072,419,1491,0.1388
1075,419,1494,0.1388
1067,425,1492,0.1388
1064,417,1481,0.1388
1063,418,1481,0.1388
1068,424,1492,0.1388
1064,431,1495,0.1388
1074,417,1491,0.1388
1067,423,1490,0.1388
1068,423,1491,0.1388
1073,422,1495,0.1388
1079,425,1504,0.1388
1081,418,1499,0.1388
1072,419,1491,0.1388
1071,424,1495,0.1388
1053,427,1480,0.1388
1052,432,1484,0.1388
1059,431,1490,0.1388
1061,439,1500,0.1388
1066,442,1508,0.1388
1069,444,1513,0.1388
1063,441,1504,0.1388
1068,444,1512,0.1388
1070,441,1511,0.1388
1080,434,1514,0.1388
1084,429,1513,0.1388
1085,432,1517,0.1388
1082,432,1514,0.1388
1081,434,1515,0.1388
1076,439,1515,0.1388
1066,439,1505,0.1388
1061,438,1499,0.1388
1050,438,1488,0.1388
1046,441,1487,0.1388
1056,449,1505,0.1388
1060,449,1509,0.1388
1071,456,1527,0.1388
1065,459,1524,0.1388
1060,453,1513,0.1388
1053,463,1516,0.1388
1043,453,1496,0.1388
1045,455,1500,0.1388
1050,449,1499,0.1388
1056,449,1505,0.1388
1055,443,1498,0.1388
1068,446,1514,0.1388
1057,436,1493,0.1388
1062,436,1498,0.1388
1058,444,1502,0.1388
1061,441,1502,0.1388
1056,447,1503,0.1388
1056,459,1515,0.1388
1060,460,1520,0.1388
1059,460,1519,0.1388
1049,458,1507,0.1388
1038,458,1496,0.1388
1029,458,1487,0.1388
1034,454,1488,0.1388
1038,460,1498,0.1388
1033,474,1507,0.1388
1031,477,1508,0.1388
1034,478,1512,0.1388
1029,472,1501,0.1388
1028,473,1501,0.1388
1025,473,1498,0.1388
1018,474,1492,0.1388
1015,481,1496,0.1388
1014,478,1492,0.1388
1019,485,1504,0.1388
1016,492,1508,0.1388
1007,493,1500,0.1388
999,494,1493,0.1388
994,493,1487,0.1388
991,495,1486,0.1388
996,494,1490,0.1388
982,491,1473,0.1388
990,500,1490,0.1388
1005,501,1506,0.1388
1015,499,1514,0.1388
1002,498,1500,0.1388
1002,503,1505,0.1388
997,503,1500,0.1388
993,511,1504,0.1388
1005,503,1508,0.1388
1000,504,1504,0.1388
993,504,1497,0.1388
1002,505,1507,0.1388
999,503,1502,0.1388
1005,500,1505,0.1388
999,500,1499,0.1388
1001,503,1504,0.1388
992,507,1499,0.1388
985,510,1495,0.1388
983,506,1489,0.1388
991,506,1497,0.1388
993,504,1497,0.1388
988,508,1496,0.1388
983,517,1500,0.1388
984,525,1509,0.1388
1005,522,1527,0.1388
994,518,1512,0.1388
994,515,1509,0.1388
988,514,1502,0.1388
1001,508,1509,0.1388
996,507,1503,0.1388
997,502,1499,0.1388
988,501,1489,0.1388
990,500,1490,0.1388
998,512,1510,0.1388
994,522,1516,0.1388
991,525,1516,0.1388
985,517,1502,0.1388
987,515,1502,0.1388
991,510,1501,0.1388
996,510,1506,0.1388
991,515,1506,0.1388
990,517,1507,0.1388
998,519,1517,0.1388
974,527,1501,0.1388
975,535,1510,0.1388
980,529,1509,0.1388
971,528,1499,0.1388
960,541,1501,0.1388
971,541,1512,0.1388
965,543,1508,0.1388
966,542,1508,0.1388
965,534,1499,0.1388
966,531,1497,0.1388
955,541,1496,0.1388
969,525,1494,0.1388
961,529,1490,0.1388
965,539,1504,0.1388
974,538,1512,0.1388
970,539,1509,0.1388
972,533,1505,0.1388
964,535,1499,0.1388
965,542,1507,0.1388
954,543,1497,0.1388
951,548,1499,0.1388
945,544,1489,0.1388
952,546,1498,0.1388
957,542,1499,0.1388
957,550,1507,0.1388
953,555,1508,0.1388
944,553,1497,0.1388
955,551,1506,0.1388
956,553,1509,0.1388
952,553,1505,0.1388
948,552,1500,0.1388
950,548,1498,0.1388
950,552,1502,0.1388
943,561,1504,0.1388
946,560,1506,0.1388
954,561,1515,0.1388
948,561,1509,0.1388
952,570,1522,0.1388
938,569,1507,0.1388
947,575,1522,0.1388
948,579,1527,0.1388
941,582,1523,0.1388
941,582,1523,0.1388
945,584,1529,0.1388
939,579,1518,0.1388
930,581,1511,0.1388
927,579,1506,0.1388
936,578,1514,0.1388
926,579,1505,0.1388
921,588,1509,0.1388
918,592,1510,0.1388
906,590,1496,0.1388
895,590,1485,0.1388
908,599,1507,0.1388
908,601,1509,0.1388
913,605,1518,0.1388
911,602,1513,0.1388
896,602,1498,0.1388
888,615,1503,0.1388
881,607,1488,0.1388
886,614,1500,0.1388
889,621,1510,0.1388
879,617,1496,0.1388
874,610,1484,0.1388
877,616,1493,0.1388
892,620,1512,0.1388
887,621,1508,0.1388
885,623,1508,0.1388
880,621,1501,0.1388
885,624,1509,0.1388
885,626,1511,0.1388
880,621,1501,0.1388
876,626,1502,0.1388
874,615,1489,0.1388
874,617,1491,0.1388
881,621,1502,0.1388
880,616,1496,0.1388
882,616,1498,0.1388
886,614,1500,0.1388
884,619,1503,0.1388
871,620,1491,0.1388
877,620,1497,0.1388
875,618,1493,0.1388
879,617,1496,0.1388
879,620,1499,0.1388
873,630,1503,0.1388
880,632,1512,0.1388
882,635,1517,0.1388
877,635,1512,0.1388
875,631,1506,0.1388
879,623,1502,0.1388
884,622,1506,0.1388
881,620,1501,0.1388
887,619,1506,0.1388
889,632,1521,0.1388
881,633,1514,0.1388
881,649,1530,0.1388
869,648,1517,0.1388
861,649,1510,0.1388
858,654,1512,0.1388
853,657,1510,0.1388
858,653,1511,0.1388
857,653,1510,0.1388
857,656,1513,0.1388
861,654,1515,0.1388
859,650,1509,0.1388
858,656,1514,0.1388
858,651,1509,0.1388
852,651,1503,0.1388
840,660,1500,0.1388
834,664,1498,0.1388
839,666,1505,0.1388
847,657,1504,0.1388
825,667,1492,0.1388
828,684,1512,0.1388
826,688,1514,0.1388
820,685,1505,0.1388
817,688,1505,0.1388
816,694,1510,0.1388
819,690,1509,0.1388
816,679,1495,0.1388
819,683,1502,0.1388
818,671,1489,0.1388
823,682,1505,0.1388
814,690,1504,0.1388
815,693,1508,0.1388
809,684,1493,0.1388
815,688,1503,0.1388
807,699,1506,0.1388
808,690,1498,0.1388
809,690,1499,0.1388
814,687,1501,0.1388
816,692,1508,0.1388
811,692,1503,0.1388
804,696,1500,0.1388
814,707,1521,0.1388
811,699,1510,0.1388
803,691,1494,0.1388
791,687,1478,0.1388
792,697,1489,0.1388
788,706,1494,0.1388
785,718,1503,0.1388
789,727,1516,0.1388
780,728,1508,0.1388
793,730,1523,0.1388
790,732,1522,0.1388
793,727,1520,0.1388
784,727,1511,0.1388
779,729,1508,0.1388
779,719,1498,0.1388
786,730,1516,0.1388
785,734,1519,0.1388
782,738,1520,0.1388
774,744,1518,0.1388
770,741,1511,0.1388
763,746,1509,0.1388
757,751,1508,0.1388
759,742,1501,0.1388
765,746,1511,0.1388
760,744,1504,0.1388
753,738,1491,0.1388
755,724,1479,0.1388
761,725,1486,0.1388
760,732,1492,0.1388
755,741,1496,0.1388
749,741,1490,0.1388
753,742,1495,0.1388
760,740,1500,0.1388
752,752,1504,0.1388
757,750,1507,0.1388
751,753,1504,0.1388
749,759,1508,0.1388
747,757,1504,0.1388
745,763,1508,0.1388
736,777,1513,0.1388
733,777,1510,0.1388
737,781,1518,0.1388
727,778,1505,0.1388
737,771,1508,0.1388
729,773,1502,0.1388
741,772,1513,0.1388
735,783,1518,0.1388
731,787,1518,0.1388
721,784,1505,0.1388
715,787,1502,0.1388
721,777,1498,0.1388
721,787,1508,0.1388
726,790,1516,0.1388
726,793,1519,0.1388
719,783,1502,0.1388
720,788,1508,0.1388
715,787,1502,0.1388
710,788,1498,0.1388
715,791,1506,0.1388
716,789,1505,0.1388
715,794,1509,0.1388
715,793,1508,0.1388
728,789,1517,0.1388
728,786,1514,0.1388
722,790,1512,0.1388
716,794,1510,0.1388
715,792,1507,0.1388
722,786,1508,0.1388
722,791,1513,0.1388
720,791,1511,0.1388
725,785,1510,0.1388
722,780,1502,0.1388
723,774,1497,0.1388
713,773,1486,0.1388
723,778,1501,0.1388
733,787,1520,0.1388
740,788,1528,0.1388
741,783,1524,0.1388
738,786,1524,0.1388
736,781,1517,0.1388
735,782,1517,0.1388
730,781,1511,0.1388
731,784,1515,0.1388
722,784,1506,0.1388
717,791,1508,0.1388
718,787,1505,0.1388
714,786,1500,0.1388
719,783,1502,0.1388
710,782,1492,0.1388
710,783,1493,0.1388
708,785,1493,0.1388
705,797,1502,0.1388
713,798,1511,0.1388
713,803,1516,0.1388
716,795,1511,0.1388
718,800,1518,0.1388
707,806,1513,0.1388
707,810,1517,0.1388
702,808,1510,0.1388
702,804,1506,0.1388
694,801,1495,0.1388
703,800,1503,0.1388
700,800,1500,0.1388
704,802,1506,0.1388
699,792,1491,0.1388
702,783,1485,0.1388
700,787,1487,0.1388
694,802,1496,0.1388
690,802,1492,0.1388
692,794,1486,0.1388
691,797,1488,0.1388
691,797,1488,0.1388
702,805,1507,0.1388
698,810,1508,0.1388
692,815,1507,0.1388
697,807,1504,0.1388
694,813,1507,0.1388
696,809,1505,0.1388
693,807,1500,0.1388
693,808,1501,0.1388
694,810,1504,0.1388
696,810,1506,0.1388
693,818,1511,0.1388
689,824,1513,0.1388
693,825,1518,0.1388
695,827,1522,0.1388
694,815,1509,0.1388
684,816,1500,0.1388
685,836,1521,0.1388
690,821,1511,0.1388
694,828,1522,0.1388
683,840,1523,0.1388
677,830,1507,0.1388
676,839,1515,0.1388
678,834,1512,0.1388
681,831,1512,0.1388
678,830,1508,0.1388
676,832,1508,0.1388
669,833,1502,0.1388
666,838,1504,0.1388
667,849,1516,0.1388
675,845,1520,0.1388
659,843,1502,0.1388
660,829,1489,0.1388
651,836,1487,0.1388
661,835,1496,0.1388
666,842,1508,0.1388
671,841,1512,0.1388
677,838,1515,0.1388
666,840,1506,0.1388
659,835,1494,0.1388
674,831,1505,0.1388
672,847,1519,0.1388
664,858,1522,0.1388
668,842,1510,0.1388
668,846,1514,0.1388
671,855,1526,0.1388
664,847,1511,0.1388
664,854,1518,0.1388
666,852,1518,0.1388
662,850,1512,0.1388
664,852,1516,0.1388
655,852,1507,0.1388
657,839,1496,0.1388
663,844,1507,0.1388
662,838,1500,0.1388
659,846,1505,0.1388
656,834,1490,0.1388
650,845,1495,0.1388
641,855,1496,0.1388
639,854,1493,0.1388
641,868,1509,0.1388
640,859,1499,0.1388
631,858,1489,0.1388
633,860,1493,0.1388
639,863,1502,0.1388
653,857,1510,0.1388
652,864,1516,0.1388
640,871,1511,0.1388
642,868,1510,0.1388
641,869,1510,0.1388
649,870,1519,0.1388
648,868,1516,0.1388
651,858,1509,0.1388
655,855,1510,0.1388
644,852,1496,0.1388
642,847,1489,0.1388
637,856,1493,0.1388
637,858,1495,0.1388
645,855,1500,0.1388
634,856,1490,0.1388
633,868,1501,0.1388
632,873,1505,0.1388
629,870,1499,0.1388
639,872,1511,0.1388
631,863,1494,0.1388
631,866,1497,0.1388
619,880,1499,0.1388
628,881,1509,0.1388
629,866,1495,0.1388
627,874,1501,0.1388
627,876,1503,0.1388
626,876,1502,0.1388
629,884,1513,0.1388
621,881,1502,0.1388
625,886,1511,0.1388
626,884,1510,0.1388
620,880,1500,0.1388
623,875,1498,0.1388
629,879,1508,0.1388
619,875,1494,0.1388
627,872,1499,0.1388
622,889,1511,0.1388
622,878,1500,0.1388
618,882,1500,0.1388
620,889,1509,0.1388
614,879,1493,0.1388
618,884,1502,0.1388
617,888,1505,0.1388
613,892,1505,0.1388
609,900,1509,0.1388
606,903,1509,0.1388
595,905,1500,0.1388
593,910,1503,0.1388
599,914,1513,0.1388
598,912,1510,0.1388
593,910,1503,0.1388
597,919,1516,0.1388
593,913,1506,0.1388
600,915,1515,0.1388
597,921,1518,0.1388
597,925,1522,0.1388
590,917,1507,0.1388
585,926,1511,0.1388
585,932,1517,0.1388
578,929,1507,0.1388
575,944,1519,0.1388
585,942,1527,0.1388
585,945,1530,0.1388
586,933,1519,0.1388
586,925,1511,0.1388
584,924,1508,0.1388
577,933,1510,0.1388
575,921,1496,0.1388
579,924,1503,0.1388
586,925,1511,0.1388
587,918,1505,0.1388
591,919,1510,0.1388
595,912,1507,0.1388
592,926,1518,0.1388
596,922,1518,0.1388
593,921,1514,0.1388
592,921,1513,0.1388
592,921,1513,0.1388
592,912,1504,0.1388
589,914,1503,0.1388
582,920,1502,0.1388
586,925,1511,0.1388
585,923,1508,0.1388
590,920,1510,0.1388
584,921,1505,0.1388
580,930,1510,0.1388
579,929,1508,0.1388
576,936,1512,0.1388
579,930,1509,0.1388
569,939,1508,0.1388
566,945,1511,0.1388
560,948,1508,0.1388
559,947,1506,0.1388
560,951,1511,0.1388
566,948,1514,0.1388
559,957,1516,0.1388
562,961,1523,0.1388
555,958,1513,0.1388
545,964,1509,0.1388
541,960,1501,0.1388
540,962,1502,0.1388
540,969,1509,0.1388
540,964,1504,0.1388
548,970,1518,0.1388
550,961,1511,0.1388
555,963,1518,0.1388
553,972,1525,0.1388
542,978,1520,0.1388
547,979,1526,0.1388
550,974,1524,0.1388
553,975,1528,0.1388
555,973,1528,0.1388
547,981,1528,0.1388
551,972,1523,0.1388
551,972,1523,0.1388
547,978,1525,0.1388
544,970,1514,0.1388
546,970,1516,0.1388
543,972,1515,0.1388
539,978,1517,0.1388
547,975,1522,0.1388
538,979,1517,0.1388
533,985,1518,0.1388
531,985,1516,0.1388
531,978,1509,0.1388
529,981,1510,0.1388
521,989,1510,0.1388
523,991,1514,0.1388
525,996,1521,0.1388
522,993,1515,0.1388
515,979,1494,0.1388
505,983,1488,0.1388
506,992,1498,0.1388
502,983,1485,0.1388
513,974,1487,0.1388
509,978,1487,0.1388
505,985,1490,0.1388
511,984,1495,0.1388
513,1000,1513,0.1388
522,992,1514,0.1388
513,989,1502,0.1388
512,1004,1516,0.1388
517,1007,1524,0.1388
513,1007,1520,0.1388
506,1002,1508,0.1388
500,1003,1503,0.1388
502,1005,1507,0.1388
501,1004,1505,0.1388
499,1000,1499,0.1388
499,998,1497,0.1388
499,1003,1502,0.1388
493,996,1489,0.1388
492,990,1482,0.1388
494,1011,1505,0.1388
498,1011,1509,0.1388
499,1011,1510,0.1388
504,1004,1508,0.1388
495,1014,1509,0.1388
495,1023,1518,0.1388
489,1022,1511,0.1388
488,1030,1518,0.1388
478,1032,1510,0.1388
475,1037,1512,0.1388
475,1016,1491,0.1388
477,1015,1492,0.1388
481,1019,1500,0.1388
477,1035,1512,0.1388
475,1042,1517,0.1388
477,1039,1516,0.1388
466,1034,1500,0.1388
464,1052,1516,0.1388
460,1051,1511,0.1388
450,1055,1505,0.1388
456,1065,1521,0.1388
457,1055,1512,0.1388
455,1060,1515,0.1388
447,1059,1506,0.1388
446,1057,1503,0.1388
444,1070,1514,0.1388
446,1067,1513,0.1388
447,1062,1509,0.1388
442,1061,1503,0.1388
439,1063,1502,0.1388
433,1070,1503,0.1388
432,1067,1499,0.1388
441,1062,1503,0.1388
447,1069,1516,0.1388
439,1073,1512,0.1388
436,1069,1505,0.1388
447,1062,1509,0.1388
447,1069,1516,0.1388
440,1073,1513,0.1388
441,1063,1504,0.1388
441,1062,1503,0.1388
441,1071,1512,0.1388
443,1077,1520,0.1388
435,1086,1521,0.1388
429,1082,1511,0.1388
430,1072,1502,0.1388
425,1067,1492,0.1388
432,1071,1503,0.1388
429,1075,1504,0.1388
423,1089,1512,0.1388
421,1093,1514,0.1388
421,1076,1497,0.1388
432,1083,1515,0.1388
432,1085,1517,0.1388
428,1088,1516,0.1388
428,1079,1507,0.1388
421,1075,1496,0.1388
427,1074,1501,0.1388
432,1080,1512,0.1388
435,1090,1525,0.1388
431,1096,1527,0.1388
433,1094,1527,0.1388
431,1092,1523,0.1388
429,1091,1520,0.1388
420,1085,1505,0.1388
428,1071,1499,0.1388
428,1064,1492,0.1388
429,1085,1514,0.1388
432,1075,1507,0.1388
433,1069,1502,0.1388
431,1060,1491,0.1388
428,1071,1499,0.1388
417,1082,1499,0.1388
424,1086,1510,0.1388
414,1085,1499,0.1388
418,1094,1512,0.1388
423,1095,1518,0.1388
423,1097,1520,0.1388
410,1100,1510,0.1388
415,1103,1518,0.1388
420,1087,1507,0.1388
415,1096,1511,0.1388
412,1093,1505,0.1388
414,1097,1511,0.1388
415,1114,1529,0.1388
411,1111,1522,0.1388
410,1097,1507,0.1388
418,1100,1518,0.1388
415,1098,1513,0.1388
416,1108,1524,0.1388
415,1102,1517,0.1388
412,1101,1513,0.1388
410,1103,1513,0.1388
405,1100,1505,0.1388
416,1086,1502,0.1388
415,1089,1504,0.1388
413,1103,1516,0.1388
414,1096,1510,0.1388
417,1095,1512,0.1388
415,1093,1508,0.1388
413,1092,1505,0.1388
409,1092,1501,0.1388
415,1096,1511,0.1388
423,1096,1519,0.1388
425,1091,1516,0.1388
435,1082,1517,0.1388
431,1079,1510,0.1388
433,1080,1513,0.1388
428,1080,1508,0.1388
429,1080,1509,0.1388
429,1081,1510,0.1388
423,1086,1509,0.1388
426,1085,1511,0.1388
419,1093,1512,0.1388
421,1103,1524,0.1388
423,1093,1516,0.1388
424,1100,1524,0.1388
413,1107,1520,0.1388
413,1101,1514,0.1388
407,1105,1512,0.1388
411,1096,1507,0.1388
411,1097,1508,0.1388
408,1108,1516,0.1388
410,1100,1510,0.1388
410,1104,1514,0.1388
408,1106,1514,0.1388
407,1106,1513,0.1388
408,1108,1516,0.1388
408,1117,1525,0.1388
405,1109,1514,0.1388
411,1108,1519,0.1388
412,1111,1523,0.1388
408,1108,1516,0.1388
408,1116,1524,0.1388
410,1123,1533,0.1388
406,1109,1515,0.1388
411,1105,1516,0.1388
411,1106,1517,0.1388
409,1092,1501,0.1388
409,1094,1503,0.1388
404,1097,1501,0.1388
405,1100,1505,0.1388
408,1091,1499,0.1388
409,1096,1505,0.1388
408,1092,1500,0.1388
412,1085,1497,0.1388
413,1080,1493,0.1388
411,1077,1488,0.1388
412,1088,1500,0.1388
411,1093,1504,0.1388
410,1100,1510,0.1388
406,1102,1508,0.1388
407,1087,1494,0.1388
405,1090,1495,0.1388
409,1098,1507,0.1388
409,1088,1497,0.1388
406,1101,1507,0.1388
401,1100,1501,0.1388
405,1102,1507,0.1388
406,1097,1503,0.1388
400,1112,1512,0.1388
399,1116,1515,0.1388
403,1116,1519,0.1388
409,1123,1532,0.1388
410,1112,1522,0.1388
408,1112,1520,0.1388
401,1115,1516,0.1388
402,1118,1520,0.1388
402,1119,1521,0.1388
398,1109,1507,0.1388
395,1118,1513,0.1388
394,1116,1510,0.1388
398,1123,1521,0.1388
391,1116,1507,0.1388
391,1112,1503,0.1388
386,1118,1504,0.1388
392,1124,1516,0.1388
391,1131,1522,0.1388
398,1130,1528,0.1388
395,1124,1519,0.1388
389,1126,1515,0.1388
383,1117,1500,0.1388
380,1123,1503,0.1388
384,1125,1509,0.1388
385,1132,1517,0.1388
383,1132,1515,0.1388
383,1137,1520,0.1388
382,1126,1508,0.1388
387,1126,1513,0.1388
387,1119,1506,0.1388
376,1122,1498,0.1388
366,1132,1498,0.1388
366,1132,1498,0.1388
365,1132,1497,0.1388
363,1134,1497,0.1388
364,1130,1494,0.1388
358,1142,1500,0.1388
353,1143,1496,0.1388
364,1148,1512,0.1388
363,1150,1513,0.1388
364,1148,1512,0.1388
353,1158,1511,0.1388
354,1156,1510,0.1388
365,1156,1521,0.1388
363,1165,1528,0.1388
360,1169,1529,0.1388
355,1164,1519,0.1388
351,1161,1512,0.1388
353,1164,1517,0.1388
356,1159,1515,0.1388
353,1155,1508,0.1388
358,1151,1509,0.1388
361,1139,1500,0.1388
363,1136,1499,0.1388
362,1140,1502,0.1388
364,1154,1518,0.1388
357,1151,1508,0.1388
356,1138,1494,0.1388
354,1151,1505,0.1388
347,1159,1506,0.1388
353,1155,1508,0.1388
355,1158,1513,0.1388
350,1150,1500,0.1388
353,1146,1499,0.1388
361,1146,1507,0.1388
358,1152,1510,0.1388
361,1155,1516,0.1388
369,1149,1518,0.1388
365,1136,1501,0.1388
362,1148,1510,0.1388
363,1155,1518,0.1388
358,1151,1509,0.1388
361,1152,1513,0.1388
351,1157,1508,0.1388
350,1147,1497,0.1388
350,1150,1500,0.1388
349,1149,1498,0.1388
349,1154,1503,0.1388
343,1148,1491,0.1388
354,1159,1513,0.1388
358,1172,1530,0.1388
349,1166,1515,0.1388
347,1156,1503,0.1388
348,1154,1502,0.1388
342,1154,1496,0.1388
337,1160,1497,0.1388
346,1152,1498,0.1388
349,1159,1508,0.1388
346,1166,1512,0.1388
344,1168,1512,0.1388
347,1163,1510,0.1388
343,1177,1520,0.1388
349,1175,1524,0.1388
346,1171,1517,0.1388
339,1169,1508,0.1388
339,1177,1516,0.1388
338,1171,1509,0.1388
335,1171,1506,0.1388
327,1164,1491,0.1388
325,1173,1498,0.1388
327,1187,1514,0.1388
328,1177,1505,0.1388
322,1181,1503,0.1388
325,1180,1505,0.1388
324,1180,1504,0.1388
326,1180,1506,0.1388
326,1186,1512,0.1388
329,1181,1510,0.1388
327,1176,1503,0.1388
335,1180,1515,0.1388
332,1180,1512,0.1388
341,1187,1528,0.1388
341,1179,1520,0.1388
343,1182,1525,0.1388
349,1181,1530,0.1388
350,1170,1520,0.1388
356,1168,1524,0.1388
350,1153,1503,0.1388
343,1163,1506,0.1388
348,1160,1508,0.1388
346,1162,1508,0.1388
350,1163,1513,0.1388
346,1169,1515,0.1388
352,1164,1516,0.1388
344,1165,1509,0.1388
346,1155,1501,0.1388
340,1158,1498,0.1388
335,1153,1488,0.1388
342,1152,1494,0.1388
340,1164,1504,0.1388
336,1166,1502,0.1388
341,1163,1504,0.1388
342,1157,1499,0.1388
350,1162,1512,0.1388
342,1170,1512,0.1388
346,1158,1504,0.1388
349,1163,1512,0.1388
345,1154,1499,0.1388
352,1155,1507,0.1388
344,1168,1512,0.1388
351,1166,1517,0.1388
350,1180,1530,0.1388
356,1167,1523,0.1388
359,1159,1518,0.1388
360,1155,1515,0.1388
353,1149,1502,0.1388
356,1150,1506,0.1388
354,1150,1504,0.1388
341,1145,1486,0.1388
346,1149,1495,0.1388
350,1158,1508,0.1388
347,1167,1514,0.1388
345,1173,1518,0.1388
346,1184,1530,0.1388
347,1176,1523,0.1388
349,1163,1512,0.1388
350,1170,1520,0.1388
343,1160,1503,0.1388
343,1164,1507,0.1388
345,1168,1513,0.1388
350,1167,1517,0.1388
346,1164,1510,0.1388
340,1171,1511,0.1388
339,1175,1514,0.1388
337,1169,1506,0.1388
338,1164,1502,0.1388
343,1173,1516,0.1388
346,1171,1517,0.1388
346,1165,1511,0.1388
334,1168,1502,0.1388
330,1178,1508,0.1388
335,1172,1507,0.1388
335,1171,1506,0.1388
334,1173,1507,0.1388
339,1184,1523,0.1388
339,1177,1516,0.1388
342,1169,1511,0.1388
338,1170,1508,0.1388
333,1170,1503,0.1388
329,1162,1491,0.1388
329,1180,1509,0.1388
329,1174,1503,0.1388
329,1179,1508,0.1388
330,1185,1515,0.1388
324,1187,1511,0.1388
322,1192,1514,0.1388
326,1201,1527,0.1388
323,1204,1527,0.1388
316,1214,1530,0.1388
311,1212,1523,0.1388
302,1222,1524,0.1388
306,1214,1520,0.1388
303,1214,1517,0.1388
301,1210,1511,0.1388
305,1203,1508,0.1388
307,1200,1507,0.1388
309,1204,1513,0.1388
303,1208,1511,0.1388
300,1210,1510,0.1388
296,1219,1515,0.1388
294,1229,1523,0.1388
299,1232,1531,0.1388
298,1222,1520,0.1388
288,1223,1511,0.1388
288,1222,1510,0.1388
291,1224,1515,0.1388
294,1228,1522,0.1388
291,1221,1512,0.1388
295,1233,1528,0.1388
294,1227,1521,0.1388
294,1227,1521,0.1388
289,1228,1517,0.1388
287,1237,1524,0.1388
285,1236,1521,0.1388
288,1239,1527,0.1388
290,1244,1534,0.1388
286,1234,1520,0.1388
284,1222,1506,0.1388
294,1219,1513,0.1388
293,1217,1510,0.1388
295,1225,1520,0.1388
298,1225,1523,0.1388
299,1226,1525,0.1388
295,1221,1516,0.1388
291,1225,1516,0.1388
287,1216,1503,0.1388
292,1215,1507,0.1388
291,1230,1521,0.1388
290,1225,1515,0.1388
289,1240,1529,0.1388
288,1242,1530,0.1388
293,1228,1521,0.1388
291,1226,1517,0.1388
283,1224,1507,0.1388
286,1221,1507,0.1388
278,1222,1500,0.1388
276,1231,1507,0.1388
274,1223,1497,0.1388
276,1223,1499,0.1388
282,1227,1509,0.1388
280,1229,1509,0.1388
279,1237,1516,0.1388
283,1234,1517,0.1388
280,1233,1513,0.1388
276,1227,1503,0.1388
270,1228,1498,0.1388
269,1246,1515,0.1388
263,1254,1517,0.1388
261,1253,1514,0.1388
262,1238,1500,0.1388
261,1244,1505,0.1388
256,1250,1506,0.1388
249,1252,1501,0.1388
242,1249,1491,0.1388
242,1271,1513,0.1388
244,1269,1513,0.1388
247,1268,1515,0.1388
250,1260,1510,0.1388
257,1267,1524,0.1388
256,1269,1525,0.1388
253,1264,1517,0.1388
258,1262,1520,0.1388
258,1264,1522,0.1388
251,1258,1509,0.1388
248,1250,1498,0.1388
248,1260,1508,0.1388
248,1256,1504,0.1388
248,1244,1492,0.1388
246,1244,1490,0.1388
253,1235,1488,0.1388
252,1241,1493,0.1388
252,1258,1510,0.1388
246,1266,1512,0.1388
244,1265,1509,0.1388
254,1257,1511,0.1388
245,1251,1496,0.1388
256,1250,1506,0.1388
252,1260,1512,0.1388
253,1258,1511,0.1388
254,1255,1509,0.1388
252,1257,1509,0.1388
263,1251,1514,0.1388
261,1252,1513,0.1388
262,1258,1520,0.1388
261,1256,1517,0.1388
265,1266,1531,0.1388
267,1256,1523,0.1388
271,1263,1534,0.1388
273,1258,1531,0.1388
274,1245,1519,0.1388
265,1245,1510,0.1388
262,1250,1512,0.1388
265,1242,1507,0.1388
263,1241,1504,0.1388
265,1232,1497,0.1388
266,1248,1514,0.1388
264,1255,1519,0.1388
262,1259,1521,0.1388
270,1256,1526,0.1388
271,1236,1507,0.1388
270,1232,1502,0.1388
266,1232,1498,0.1388
265,1254,1519,0.1388
264,1264,1528,0.1388
268,1270,1538,0.1388
267,1258,1525,0.1388
266,1260,1526,0.1388
268,1246,1514,0.1388
268,1246,1514,0.1388
267,1228,1495,0.1388
264,1244,1508,0.1388
264,1240,1504,0.1388
265,1246,1511,0.1388
264,1253,1517,0.1388
266,1243,1509,0.1388
267,1243,1510,0.1388
272,1247,1519,0.1388
273,1240,1513,0.1388
267,1248,1515,0.1388
270,1243,1513,0.1388
265,1239,1504,0.1388
262,1247,1509,0.1388
267,1252,1519,0.1388
268,1247,1515,0.1388
272,1239,1511,0.1388
274,1233,1507,0.1388
271,1241,1512,0.1388
271,1233,1504,0.1388
271,1229,1500,0.1388
266,1230,1496,0.1388
269,1231,1500,0.1388
275,1240,1515,0.1388
281,1231,1512,0.1388
277,1235,1512,0.1388
279,1238,1517,0.1388
277,1244,1521,0.1388
273,1247,1520,0.1388
270,1243,1513,0.1388
263,1247,1510,0.1388
269,1230,1499,0.1388
271,1226,1497,0.1388
273,1238,1511,0.1388
274,1250,1524,0.1388
271,1254,1525,0.1388
279,1257,1536,0.1388
277,1246,1523,0.1388
279,1243,1522,0.1388
279,1241,1520,0.1388
275,1233,1508,0.1388
277,1245,1522,0.1388
283,1236,1519,0.1388
274,1240,1514,0.1388
278,1242,1520,0.1388
274,1242,1516,0.1388
271,1249,1520,0.1388
273,1249,1522,0.1388
273,1245,1518,0.1388
269,1240,1509,0.1388
270,1244,1514,0.1388
267,1234,1501,0.1388
262,1235,1497,0.1388
263,1236,1499,0.1388
263,1246,1509,0.1388
261,1244,1505,0.1388
262,1249,1511,0.1388
267,1227,1494,0.1388
267,1237,1504,0.1388
269,1234,1503,0.1388
269,1241,1510,0.1388
265,1238,1503,0.1388
258,1251,1509,0.1388
252,1252,1504,0.1388
250,1260,1510,0.1388
246,1259,1505,0.1388
244,1265,1509,0.1388
238,1260,1498,0.1388
241,1264,1505,0.1388
246,1275,1521,0.1388
248,1266,1514,0.1388
246,1266,1512,0.1388
245,1266,1511,0.1388
248,1262,1510,0.1388
244,1266,1510,0.1388
243,1259,1502,0.1388
241,1268,1509,0.1388
234,1275,1509,0.1388
240,1274,1514,0.1388
238,1269,1507,0.1388
243,1269,1512,0.1388
241,1271,1512,0.1388
238,1276,1514,0.1388
230,1269,1499,0.1388
231,1275,1506,0.1388
233,1286,1519,0.1388
233,1291,1524,0.1388
232,1282,1514,0.1388
232,1273,1505,0.1388
234,1281,1515,0.1388
231,1285,1516,0.1388
233,1272,1505,0.1388
230,1282,1512,0.1388
227,1284,1511,0.1388
225,1288,1513,0.1388
224,1285,1509,0.1388
218,1289,1507,0.1388
214,1284,1498,0.1388
212,1295,1507,0.1388
206,1295,1501,0.1388
200,1298,1498,0.1388
199,1301,1500,0.1388
199,1305,1504,0.1388
207,1296,1503,0.1388
206,1297,1503,0.1388
207,1298,1505,0.1388
201,1295,1496,0.1388
200,1309,1509,0.1388
200,1321,1521,0.1388
202,1324,1526,0.1388
196,1336,1532,0.1388
193,1334,1527,0.1388
190,1338,1528,0.1388
186,1326,1512,0.1388
189,1322,1511,0.1388
190,1316,1506,0.1388
190,1319,1509,0.1388
190,1321,1511,0.1388
187,1321,1508,0.1388
183,1315,1498,0.1388
181,1315,1496,0.1388
187,1327,1514,0.1388
189,1334,1523,0.1388
195,1322,1517,0.1388
193,1321,1514,0.1388
194,1327,1521,0.1388
187,1328,1515,0.1388
191,1333,1524,0.1388
188,1324,1512,0.1388
193,1319,1512,0.1388
187,1313,1500,0.1388
185,1332,1517,0.1388
190,1323,1513,0.1388
192,1322,1514,0.1388
190,1319,1509,0.1388
190,1318,1508,0.1388
187,1322,1509,0.1388
187,1327,1514,0.1388
184,1319,1503,0.1388
187,1320,1507,0.1388
185,1326,1511,0.1388
188,1340,1528,0.1388
190,1325,1515,0.1388
191,1329,1520,0.1388
193,1325,1518,0.1388
191,1306,1497,0.1388
195,1315,1510,0.1388
195,1321,1516,0.1388
196,1299,1495,0.1388
194,1320,1514,0.1388
188,1326,1514,0.1388
187,1329,1516,0.1388
186,1324,1510,0.1388
194,1327,1521,0.1388
191,1322,1513,0.1388
191,1316,1507,0.1388
197,1318,1515,0.1388
192,1314,1506,0.1388
188,1324,1512,0.1388
188,1334,1522,0.1388
188,1330,1518,0.1388
182,1322,1504,0.1388
177,1315,1492,0.1388
177,1330,1507,0.1388
181,1333,1514,0.1388
186,1337,1523,0.1388
182,1321,1503,0.1388
182,1325,1507,0.1388
178,1330,1508,0.1388
175,1321,1496,0.1388
179,1327,1506,0.1388
180,1325,1505,0.1388
184,1334,1518,0.1388
184,1339,1523,0.1388
187,1343,1530,0.1388
186,1334,1520,0.1388
183,1330,1513,0.1388
183,1338,1521,0.1388
185,1333,1518,0.1388
188,1327,1515,0.1388
189,1333,1522,0.1388
182,1341,1523,0.1388
183,1331,1514,0.1388
181,1336,1517,0.1388
178,1345,1523,0.1388
177,1348,1525,0.1388
178,1343,1521,0.1388
174,1348,1522,0.1388
177,1354,1531,0.1388
180,1345,1525,0.1388
181,1347,1528,0.1388
183,1346,1529,0.1388
180,1337,1517,0.1388
177,1337,1514,0.1388
179,1343,1522,0.1388
176,1344,1520,0.1388
175,1346,1521,0.1388
172,1354,1526,0.1388
172,1346,1518,0.1388
180,1352,1532,0.1388
179,1351,1530,0.1388
179,1338,1517,0.1388
177,1348,1525,0.1388
176,1345,1521,0.1388
174,1336,1510,0.1388
175,1335,1510,0.1388
173,1328,1501,0.1388
173,1333,1506,0.1388
179,1343,1522,0.1388
181,1336,1517,0.1388
183,1342,1525,0.1388
181,1340,1521,0.1388
183,1330,1513,0.1388
183,1338,1521,0.1388
184,1346,1530,0.1388
182,1348,1530,0.1388
182,1341,1523,0.1388
177,1332,1509,0.1388
178,1329,1507,0.1388
183,1332,1515,0.1388
182,1330,1512,0.1388
175,1338,1513,0.1388
176,1338,1514,0.1388
177,1338,1515,0.1388
180,1340,1520,0.1388
181,1337,1518,0.1388
182,1338,1520,0.1388
179,1338,1517,0.1388
183,1336,1519,0.1388
186,1343,1529,0.1388
182,1344,1526,0.1388
183,1345,1528,0.1388
183,1339,1522,0.1388
181,1330,1511,0.1388
178,1334,1512,0.1388
177,1350,1527,0.1388
176,1357,1533,0.1388
171,1343,1514,0.1388
171,1351,1522,0.1388
171,1353,1524,0.1388
172,1348,1520,0.1388
171,1339,1510,0.1388
175,1334,1509,0.1388
173,1356,1529,0.1388
171,1333,1504,0.1388
175,1330,1505,0.1388
175,1337,1512,0.1388
174,1335,1509,0.1388
176,1340,1516,0.1388
177,1349,1526,0.1388
177,1338,1515,0.1388
173,1341,1514,0.1388
173,1342,1515,0.1388
176,1339,1515,0.1388
175,1333,1508,0.1388
178,1343,1521,0.1388
177,1345,1522,0.1388
177,1336,1513,0.1388
172,1333,1505,0.1388
171,1347,1518,0.1388
171,1340,1511,0.1388
176,1333,1509,0.1388
182,1333,1515,0.1388
182,1328,1510,0.1388
182,1350,1532,0.1388
180,1329,1509,0.1388
185,1322,1507,0.1388
180,1326,1506,0.1388
180,1331,1511,0.1388
184,1323,1507,0.1388
182,1313,1495,0.1388
182,1326,1508,0.1388
184,1322,1506,0.1388
181,1320,1501,0.1388
180,1342,1522,0.1388
181,1339,1520,0.1388
181,1328,1509,0.1388
180,1339,1519,0.1388
179,1325,1504,0.1388
183,1319,1502,0.1388
185,1326,1511,0.1388
188,1331,1519,0.1388
187,1337,1524,0.1388
183,1328,1511,0.1388
181,1320,1501,0.1388
183,1313,1496,0.1388
185,1319,1504,0.1388
183,1320,1503,0.1388
185,1321,1506,0.1388
185,1326,1511,0.1388
186,1321,1507,0.1388
193,1324,1517,0.1388
191,1330,1521,0.1388
187,1329,1516,0.1388
182,1322,1504,0.1388
183,1316,1499,0.1388
183,1321,1504,0.1388
185,1325,1510,0.1388
184,1321,1505,0.1388
182,1329,1511,0.1388
182,1331,1513,0.1388
178,1334,1512,0.1388
176,1328,1504,0.1388
176,1336,1512,0.1388
177,1324,1501,0.1388
178,1328,1506,0.1388
176,1334,1510,0.1388
177,1337,1514,0.1388
171,1353,1524,0.1388
177,1356,1533,0.1388
178,1356,1534,0.1388
173,1342,1515,0.1388
171,1336,1507,0.1388
174,1342,1516,0.1388
169,1336,1505,0.1388
169,1331,1500,0.1388
171,1335,1506,0.1388
167,1343,1510,0.1388
163,1345,1508,0.1388
171,1339,1510,0.1388
172,1339,1511,0.1388
172,1335,1507,0.1388
172,1352,1524,0.1388
176,1358,1534,0.1388
179,1342,1521,0.1388
175,1339,1514,0.1388
178,1343,1521,0.1388
180,1350,1530,0.1388
176,1355,1531,0.1388
173,1341,1514,0.1388
171,1333,1504,0.1388
171,1356,1527,0.1388
169,1354,1523,0.1388
164,1358,1522,0.1388
166,1355,1521,0.1388
165,1345,1510,0.1388
164,1350,1514,0.1388
166,1348,1514,0.1388
164,1346,1510,0.1388
161,1356,1517,0.1388
159,1356,1515,0.1388
159,1351,1510,0.1388
158,1358,1516,0.1388
166,1339,1505,0.1388
165,1346,1511,0.1388
164,1357,1521,0.1388
162,1359,1521,0.1388
159,1357,1516,0.1388
158,1356,1514,0.1388
160,1350,1510,0.1388
157,1357,1514,0.1388
160,1351,1511,0.1388
160,1351,1511,0.1388
164,1354,1518,0.1388
164,1353,1517,0.1388
160,1345,1505,0.1388
165,1336,1501,0.1388
163,1350,1513,0.1388
162,1349,1511,0.1388
158,1357,1515,0.1388
159,1361,1520,0.1388
159,1343,1502,0.1388
160,1349,1509,0.1388
158,1349,1507,0.1388
159,1348,1507,0.1388
156,1360,1516,0.1388
157,1352,1509,0.1388
157,1359,1516,0.1388
156,1358,1514,0.1388
157,1352,1509,0.1388
160,1362,1522,0.1388
161,1360,1521,0.1388
160,1368,1528,0.1388
157,1370,1527,0.1388
160,1364,1524,0.1388
159,1374,1533,0.1388
157,1369,1526,0.1388
159,1372,1531,0.1388
158,1362,1520,0.1388
160,1365,1525,0.1388
159,1365,1524,0.1388
155,1371,1526,0.1388
157,1372,1529,0.1388
157,1384,1541,0.1388
158,1374,1532,0.1388
156,1374,1530,0.1388
153,1370,1523,0.1388
151,1367,1518,0.1388
149,1370,1519,0.1388
151,1353,1504,0.1388
147,1369,1516,0.1388
145,1366,1511,0.1388
145,1369,1514,0.1388
148,1363,1511,0.1388
145,1367,1512,0.1388
144,1364,1508,0.1388
145,1370,1515,0.1388
148,1359,1507,0.1388
154,1352,1506,0.1388
151,1362,1513,0.1388
148,1359,1507,0.1388
152,1365,1517,0.1388
151,1355,1506,0.1388
149,1356,1505,0.1388
151,1360,1511,0.1388
151,1369,1520,0.1388
147,1375,1522,0.1388
145,1373,1518,0.1388
148,1369,1517,0.1388
147,1374,1521,0.1388
149,1371,1520,0.1388
148,1365,1513,0.1388
148,1366,1514,0.1388
147,1366,1513,0.1388
150,1364,1514,0.1388
149,1367,1516,0.1388
146,1373,1519,0.1388
148,1380,1528,0.1388
144,1382,1526,0.1388
140,1367,1507,0.1388
140,1369,1509,0.1388
139,1367,1506,0.1388
135,1368,1503,0.1388
136,1381,1517,0.1388
132,1389,1521,0.1388
140,1387,1527,0.1388
144,1375,1519,0.1388
144,1381,1525,0.1388
144,1377,1521,0.1388
143,1372,1515,0.1388
143,1355,1498,0.1388
140,1362,1502,0.1388
141,1369,1510,0.1388
137,1371,1508,0.1388
138,1384,1522,0.1388
136,1382,1518,0.1388
135,1380,1515,0.1388
134,1376,1510,0.1388
129,1381,1510,0.1388
126,1383,1509,0.1388
129,1378,1507,0.1388
127,1367,1494,0.1388
128,1370,1498,0.1388
123,1379,1502,0.1388
129,1387,1516,0.1388
126,1386,1512,0.1388
129,1377,1506,0.1388
130,1375,1505,0.1388
136,1391,1527,0.1388
137,1408,1545,0.1388
133,1400,1533,0.1388
132,1396,1528,0.1388
135,1392,1527,0.1388
131,1393,1524,0.1388
130,1397,1527,0.1388
132,1392,1524,0.1388
129,1395,1524,0.1388
129,1394,1523,0.1388
128,1391,1519,0.1388
130,1379,1509,0.1388
132,1381,1513,0.1388
131,1381,1512,0.1388
126,1384,1510,0.1388
129,1393,1522,0.1388
127,1382,1509,0.1388
130,1390,1520,0.1388
128,1387,1515,0.1388
126,1385,1511,0.1388
129,1395,1524,0.1388
130,1378,1508,0.1388
128,1380,1508,0.1388
130,1374,1504,0.1388
127,1390,1517,0.1388
129,1389,1518,0.1388
127,1388,1515,0.1388
125,1392,1517,0.1388
120,1389,1509,0.1388
118,1394,1512,0.1388
118,1399,1517,0.1388
121,1401,1522,0.1388
123,1394,1517,0.1388
123,1404,1527,0.1388
121,1398,1519,0.1388
121,1407,1528,0.1388
123,1396,1519,0.1388
122,1397,1519,0.1388
120,1393,1513,0.1388
119,1378,1497,0.1388
124,1395,1519,0.1388
124,1394,1518,0.1388
123,1394,1517,0.1388
122,1392,1514,0.1388
122,1384,1506,0.1388
120,1393,1513,0.1388
120,1386,1506,0.1388
120,1372,1492,0.1388
122,1389,1511,0.1388
126,1400,1526,0.1388
128,1384,1512,0.1388
129,1388,1517,0.1388
128,1383,1511,0.1388
129,1388,1517,0.1388
125,1387,1512,0.1388
125,1383,1508,0.1388
122,1389,1511,0.1388
122,1385,1507,0.1388
118,1388,1506,0.1388
115,1387,1502,0.1388
116,1395,1511,0.1388
116,1391,1507,0.1388
119,1388,1507,0.1388
119,1387,1506,0.1388
124,1391,1515,0.1388
120,1383,1503,0.1388
119,1388,1507,0.1388
118,1391,1509,0.1388
113,1387,1500,0.1388
114,1393,1507,0.1388
118,1397,1515,0.1388
119,1398,1517,0.1388
120,1405,1525,0.1388
119,1402,1521,0.1388
119,1396,1515,0.1388
116,1391,1507,0.1388
118,1393,1511,0.1388
114,1389,1503,0.1388
117,1402,1519,0.1388
116,1415,1531,0.1388
117,1407,1524,0.1388
117,1403,1520,0.1388
117,1402,1519,0.1388
117,1401,1518,0.1388
118,1397,1515,0.1388
118,1408,1526,0.1388
117,1409,1526,0.1388
111,1409,1520,0.1388
115,1413,1528,0.1388
116,1417,1533,0.1388
117,1421,1538,0.1388
117,1412,1529,0.1388
116,1421,1537,0.1388
114,1418,1532,0.1388
113,1406,1519,0.1388
118,1407,1525,0.1388
112,1402,1514,0.1388
114,1411,1525,0.1388
116,1409,1525,0.1388
117,1395,1512,0.1388
115,1404,1519,0.1388
119,1400,1519,0.1388
120,1397,1517,0.1388
121,1399,1520,0.1388
123,1398,1521,0.1388
122,1400,1522,0.1388
122,1395,1517,0.1388
122,1401,1523,0.1388
118,1397,1515,0.1388
117,1393,1510,0.1388
116,1403,1519,0.1388
115,1401,1516,0.1388
111,1403,1514,0.1388
115,1407,1522,0.1388
113,1408,1521,0.1388
114,1407,1521,0.1388
114,1412,1526,0.1388
115,1416,1531,0.1388
114,1412,1526,0.1388
112,1404,1516,0.1388
113,1405,1518,0.1388
111,1405,1516,0.1388
111,1404,1515,0.1388
113,1412,1525,0.1388
113,1393,1506,0.1388
113,1405,1518,0.1388
115,1398,1513,0.1388
112,1408,1520,0.1388
110,1416,1526,0.1388
110,1408,1518,0.1388
115,1412,1527,0.1388
118,1411,1529,0.1388
126,1409,1535,0.1388
127,1398,1525,0.1388
124,1396,1520,0.1388
124,1385,1509,0.1388
122,1379,1501,0.1388
122,1379,1501,0.1388
120,1379,1499,0.1388
122,1387,1509,0.1388
124,1392,1516,0.1388
126,1397,1523,0.1388
125,1400,1525,0.1388
123,1402,1525,0.1388
122,1408,1530,0.1388
122,1404,1526,0.1388
122,1389,1511,0.1388
123,1380,1503,0.1388
125,1381,1506,0.1388
124,1394,1518,0.1388
125,1398,1523,0.1388
123,1381,1504,0.1388
121,1393,1514,0.1388
121,1388,1509,0.1388
121,1401,1522,0.1388
119,1384,1503,0.1388
123,1396,1519,0.1388
124,1389,1513,0.1388
123,1396,1519,0.1388
124,1396,1520,0.1388
123,1390,1513,0.1388
124,1400,1524,0.1388
125,1401,1526,0.1388
123,1404,1527,0.1388
122,1395,1517,0.1388
116,1391,1507,0.1388
119,1387,1506,0.1388
118,1393,1511,0.1388
123,1394,1517,0.1388
119,1381,1500,0.1388
121,1391,1512,0.1388
121,1389,1510,0.1388
122,1387,1509,0.1388
122,1401,1523,0.1388
121,1394,1515,0.1388
120,1401,1521,0.1388
125,1396,1521,0.1388
128,1388,1516,0.1388
127,1388,1515,0.1388
124,1390,1514,0.1388
123,1372,1495,0.1388
124,1385,1509,0.1388
128,1386,1514,0.1388
127,1379,1506,0.1388
128,1375,1503,0.1388
125,1381,1506,0.1388
124,1393,1517,0.1388
122,1398,1520,0.1388
124,1387,1511,0.1388
123,1386,1509,0.1388
122,1392,1514,0.1388
123,1401,1524,0.1388
123,1393,1516,0.1388
119,1378,1497,0.1388
117,1388,1505,0.1388
112,1398,1510,0.1388
112,1398,1510,0.1388
112,1403,1515,0.1388
108,1400,1508,0.1388
110,1407,1517,0.1388
107,1416,1523,0.1388
103,1410,1513,0.1388
101,1418,1519,0.1388
99,1409,1508,0.1388
98,1420,1518,0.1388
95,1416,1511,0.1388
101,1413,1514,0.1388
101,1423,1524,0.1388
101,1403,1504,0.1388
98,1416,1514,0.1388
95,1415,1510,0.1388
97,1416,1513,0.1388
96,1405,1501,0.1388
95,1410,1505,0.1388
96,1408,1504,0.1388
98,1410,1508,0.1388
96,1417,1513,0.1388
99,1406,1505,0.1388
98,1407,1505,0.1388
100,1418,1518,0.1388
99,1416,1515,0.1388
96,1417,1513,0.1388
98,1421,1519,0.1388
101,1414,1515,0.1388
102,1420,1522,0.1388
101,1410,1511,0.1388
101,1418,1519,0.1388
104,1417,1521,0.1388
103,1407,1510,0.1388
102,1416,1518,0.1388
105,1420,1525,0.1388
101,1407,1508,0.1388
98,1412,1510,0.1388
95,1420,1515,0.1388
96,1412,1508,0.1388
96,1427,1523,0.1388
94,1426,1520,0.1388
91,1412,1503,0.1388
90,1418,1508,0.1388
89,1425,1514,0.1388
91,1436,1527,0.1388
91,1441,1532,0.1388
91,1440,1531,0.1388
91,1430,1521,0.1388
90,1420,1510,0.1388
88,1415,1503,0.1388
89,1415,1504,0.1388
85,1422,1507,0.1388
88,1430,1518,0.1388
85,1423,1508,0.1388
88,1413,1501,0.1388
90,1428,1518,0.1388
94,1418,1512,0.1388
93,1418,1511,0.1388
91,1421,1512,0.1388
89,1416,1505,0.1388
90,1417,1507,0.1388
91,1411,1502,0.1388
89,1420,1509,0.1388
89,1430,1519,0.1388
90,1428,1518,0.1388
91,1434,1525,0.1388
90,1425,1515,0.1388
92,1437,1529,0.1388
90,1435,1525,0.1388
87,1419,1506,0.1388
85,1424,1509,0.1388
82,1428,1510,0.1388
84,1419,1503,0.1388
87,1424,1511,0.1388
91,1431,1522,0.1388
88,1424,1512,0.1388
86,1418,1504,0.1388
86,1418,1504,0.1388
83,1415,1498,0.1388
86,1409,1495,0.1388
84,1431,1515,0.1388
89,1422,1511,0.1388
89,1422,1511,0.1388
86,1429,1515,0.1388
85,1437,1522,0.1388
82,1426,1508,0.1388
81,1435,1516,0.1388
78,1438,1516,0.1388
79,1433,1512,0.1388
81,1438,1519,0.1388
82,1438,1520,0.1388
85,1431,1516,0.1388
86,1435,1521,0.1388
86,1433,1519,0.1388
83,1443,1526,0.1388
85,1443,1528,0.1388
86,1436,1522,0.1388
87,1436,1523,0.1388
86,1431,1517,0.1388
87,1433,1520,0.1388
85,1443,1528,0.1388
87,1436,1523,0.1388
85,1432,1517,0.1388
87,1424,1511,0.1388
84,1430,1514,0.1388
82,1437,1519,0.1388
80,1435,1515,0.1388
79,1437,1516,0.1388
82,1426,1508,0.1388
85,1435,1520,0.1388
85,1436,1521,0.1388
85,1442,1527,0.1388
87,1442,1529,0.1388
88,1426,1514,0.1388
89,1432,1521,0.1388
92,1436,1528,0.1388
90,1445,1535,0.1388
92,1432,1524,0.1388
91,1429,1520,0.1388
86,1437,1523,0.1388
87,1439,1526,0.1388
87,1423,1510,0.1388
86,1426,1512,0.1388
85,1442,1527,0.1388
84,1427,1511,0.1388
80,1435,1515,0.1388
79,1444,1523,0.1388
79,1434,1513,0.1388
77,1441,1518,0.1388
76,1445,1521,0.1388
74,1438,1512,0.1388
73,1437,1510,0.1388
73,1445,1518,0.1388
76,1447,1523,0.1388
76,1436,1512,0.1388
72,1437,1509,0.1388
74,1434,1508,0.1388
76,1451,1527,0.1388
76,1438,1514,0.1388
73,1454,1527,0.1388
76,1454,1530,0.1388
76,1457,1533,0.1388
76,1450,1526,0.1388
77,1441,1518,0.1388
78,1440,1518,0.1388
77,1441,1518,0.1388
79,1449,1528,0.1388
77,1441,1518,0.1388
79,1447,1526,0.1388
78,1453,1531,0.1388
77,1448,1525,0.1388
77,1440,1517,0.1388
80,1441,1521,0.1388
78,1450,1528,0.1388
78,1451,1529,0.1388
77,1440,1517,0.1388
76,1446,1522,0.1388
75,1443,1518,0.1388
78,1439,1517,0.1388
77,1418,1495,0.1388
79,1423,1502,0.1388
77,1431,1508,0.1388
79,1436,1515,0.1388
78,1443,1521,0.1388
76,1451,1527,0.1388
74,1448,1522,0.1388
74,1445,1519,0.1388
76,1439,1515,0.1388
75,1431,1506,0.1388
74,1432,1506,0.1388
71,1427,1498,0.1388
71,1430,1501,0.1388
71,1436,1507,0.1388
73,1433,1506,0.1388
73,1433,1506,0.1388
70,1436,1506,0.1388
74,1447,1521,0.1388
72,1446,1518,0.1388
72,1448,1520,0.1388
71,1436,1507,0.1388
71,1451,1522,0.1388
71,1454,1525,0.1388
69,1445,1514,0.1388
69,1449,1518,0.1388
69,1446,1515,0.1388
69,1437,1506,0.1388
67,1430,1497,0.1388
63,1427,1490,0.1388
63,1422,1485,0.1388
63,1434,1497,0.1388
65,1445,1510,0.1388
67,1446,1513,0.1388
67,1438,1505,0.1388
69,1443,1512,0.1388
66,1434,1500,0.1388
63,1440,1503,0.1388
65,1436,1501,0.1388
66,1437,1503,0.1388
65,1451,1516,0.1388
66,1462,1528,0.1388
67,1460,1527,0.1388
70,1450,1520,0.1388
70,1471,1541,0.1388
72,1457,1529,0.1388
70,1458,1528,0.1388
69,1456,1525,0.1388
69,1455,1524,0.1388
70,1456,1526,0.1388
68,1445,1513,0.1388
70,1456,1526,0.1388
71,1450,1521,0.1388
73,1441,1514,0.1388
68,1439,1507,0.1388
70,1444,1514,0.1388
69,1448,1517,0.1388
68,1447,1515,0.1388
69,1457,1526,0.1388
67,1456,1523,0.1388
66,1447,1513,0.1388
65,1448,1513,0.1388
66,1449,1515,0.1388
68,1446,1514,0.1388
68,1452,1520,0.1388
66,1442,1508,0.1388
63,1446,1509,0.1388
65,1455,1520,0.1388
67,1455,1522,0.1388
67,1453,1520,0.1388
64,1467,1531,0.1388
65,1476,1541,0.1388
63,1477,1540,0.1388
62,1474,1536,0.1388
63,1466,1529,0.1388
61,1460,1521,0.1388
60,1446,1506,0.1388
58,1437,1495,0.1388
57,1452,1509,0.1388
59,1448,1507,0.1388
56,1438,1494,0.1388
54,1439,1493,0.1388
52,1447,1499,0.1388
53,1456,1509,0.1388
56,1468,1524,0.1388
56,1458,1514,0.1388
54,1456,1510,0.1388
53,1458,1511,0.1388
53,1465,1518,0.1388
52,1465,1517,0.1388
56,1463,1519,0.1388
50,1466,1516,0.1388
51,1453,1504,0.1388
51,1473,1524,0.1388
51,1469,1520,0.1388
52,1470,1522,0.1388
53,1461,1514,0.1388
48,1465,1513,0.1388
49,1451,1500,0.1388
50,1454,1504,0.1388
54,1456,1510,0.1388
54,1460,1514,0.1388
54,1450,1504,0.1388
55,1450,1505,0.1388
54,1444,1498,0.1388
57,1451,1508,0.1388
56,1451,1507,0.1388
54,1452,1506,0.1388
55,1459,1514,0.1388
56,1469,1525,0.1388
57,1463,1520,0.1388
55,1464,1519,0.1388
56,1476,1532,0.1388
52,1471,1523,0.1388
52,1465,1517,0.1388
54,1456,1510,0.1388
54,1456,1510,0.1388
53,1460,1513,0.1388
55,1468,1523,0.1388
55,1474,1529,0.1388
54,1483,1537,0.1388
52,1480,1532,0.1388
49,1469,1518,0.1388
51,1468,1519,0.1388
51,1465,1516,0.1388
51,1460,1511,0.1388
52,1444,1496,0.1388
51,1438,1489,0.1388
54,1469,1523,0.1388
56,1472,1528,0.1388
56,1469,1525,0.1388
55,1467,1522,0.1388
55,1482,1537,0.1388
56,1480,1536,0.1388
56,1468,1524,0.1388
58,1461,1519,0.1388
57,1465,1522,0.1388
57,1467,1524,0.1388
54,1474,1528,0.1388
55,1473,1528,0.1388
54,1465,1519,0.1388
53,1475,1528,0.1388
55,1479,1534,0.1388
56,1478,1534,0.1388
53,1470,1523,0.1388
52,1472,1524,0.1388
51,1467,1518,0.1388
52,1476,1528,0.1388
52,1476,1528,0.1388
50,1473,1523,0.1388
45,1475,1520,0.1388
44,1467,1511,0.1388
44,1472,1516,0.1388
44,1491,1535,0.1388
46,1486,1532,0.1388
44,1483,1527,0.1388
43,1477,1520,0.1388
42,1463,1505,0.1388
41,1472,1513,0.1388
42,1472,1514,0.1388
43,1476,1519,0.1388
43,1477,1520,0.1388
42,1484,1526,0.1388
44,1470,1514,0.1388
42,1464,1506,0.1388
41,1466,1507,0.1388
40,1482,1522,0.1388
40,1476,1516,0.1388
40,1476,1516,0.1388
40,1473,1513,0.1388
40,1471,1511,0.1388
37,1482,1519,0.1388
38,1478,1516,0.1388
41,1478,1519,0.1388
41,1480,1521,0.1388
41,1483,1524,0.1388
41,1473,1514,0.1388
41,1456,1497,0.1388
40,1472,1512,0.1388
40,1483,1523,0.1388
43,1492,1535,0.1388
42,1480,1522,0.1388
42,1470,1512,0.1388
43,1468,1511,0.1388
44,1466,1510,0.1388
44,1485,1529,0.1388
43,1481,1524,0.1388
44,1472,1516,0.1388
41,1475,1516,0.1388
44,1463,1507,0.1388
45,1457,1502,0.1388
46,1461,1507,0.1388
47,1457,1504,0.1388
46,1462,1508,0.1388
48,1455,1503,0.1388
47,1449,1496,0.1388
46,1460,1506,0.1388
45,1457,1502,0.1388
47,1463,1510,0.1388
46,1463,1509,0.1388
46,1466,1512,0.1388
46,1467,1513,0.1388
46,1475,1521,0.1388
45,1473,1518,0.1388
45,1468,1513,0.1388
42,1468,1510,0.1388
43,1461,1504,0.1388
45,1462,1507,0.1388
45,1460,1505,0.1388
43,1468,1511,0.1388
44,1471,1515,0.1388
44,1469,1513,0.1388
42,1470,1512,0.1388
45,1469,1514,0.1388
44,1483,1527,0.1388
44,1481,1525,0.1388
44,1481,1525,0.1388
44,1477,1521,0.1388
44,1475,1519,0.1388
43,1475,1518,0.1388
43,1471,1514,0.1388
44,1468,1512,0.1388
43,1486,1529,0.1388
41,1474,1515,0.1388
39,1466,1505,0.1388
40,1468,1508,0.1388
38,1474,1512,0.1388
38,1458,1496,0.1388
38,1458,1496,0.1388
39,1470,1509,0.1388
36,1473,1509,0.1388
37,1465,1502,0.1388
36,1469,1505,0.1388
37,1465,1502,0.1388
37,1474,1511,0.1388
37,1466,1503,0.1388
36,1469,1505,0.1388
36,1484,1520,0.1388
39,1467,1506,0.1388
40,1476,1516,0.1388
42,1463,1505,0.1388
41,1459,1500,0.1388
41,1474,1515,0.1388
41,1479,1520,0.1388
38,1477,1515,0.1388
38,1476,1514,0.1388
35,1483,1518,0.1388
35,1471,1506,0.1388
34,1479,1513,0.1388
33,1482,1515,0.1388
32,1478,1510,0.1388
32,1494,1526,0.1388
33,1495,1528,0.1388
33,1489,1522,0.1388
32,1502,1534,0.1388
29,1497,1526,0.1388
30,1499,1529,0.1388
29,1499,1528,0.1388
30,1503,1533,0.1388
30,1498,1528,0.1388
29,1475,1504,0.1388
30,1486,1516,0.1388
31,1496,1527,0.1388
29,1485,1514,0.1388
30,1478,1508,0.1388
29,1481,1510,0.1388
29,1489,1518,0.1388
29,1508,1537,0.1388
29,1496,1525,0.1388
30,1494,1524,0.1388
30,1491,1521,0.1388
29,1470,1499,0.1388
31,1474,1505,0.1388
29,1492,1521,0.1388
30,1498,1528,0.1388
28,1486,1514,0.1388
28,1490,1518,0.1388
28,1481,1509,0.1388
26,1478,1504,0.1388
27,1487,1514,0.1388
24,1478,1502,0.1388
23,1477,1500,0.1388
25,1485,1510,0.1388
26,1490,1516,0.1388
29,1496,1525,0.1388
29,1498,1527,0.1388
30,1503,1533,0.1388
27,1488,1515,0.1388
27,1494,1521,0.1388
28,1492,1520,0.1388
27,1489,1516,0.1388
25,1496,1521,0.1388
24,1487,1511,0.1388
24,1492,1516,0.1388
26,1492,1518,0.1388
27,1494,1521,0.1388
27,1492,1519,0.1388
28,1493,1521,0.1388
27,1483,1510,0.1388
28,1490,1518,0.1388
29,1477,1506,0.1388
30,1484,1514,0.1388
31,1482,1513,0.1388
31,1468,1499,0.1388
31,1475,1506,0.1388
30,1478,1508,0.1388
29,1477,1506,0.1388
28,1479,1507,0.1388
30,1491,1521,0.1388
30,1485,1515,0.1388
30,1488,1518,0.1388
30,1482,1512,0.1388
31,1484,1515,0.1388
31,1493,1524,0.1388
30,1493,1523,0.1388
29,1473,1502,0.1388
30,1479,1509,0.1388
31,1492,1523,0.1388
31,1490,1521,0.1388
30,1478,1508,0.1388
30,1469,1499,0.1388
29,1493,1522,0.1388
28,1487,1515,0.1388
27,1489,1516,0.1388
29,1495,1524,0.1388
29,1494,1523,0.1388
29,1501,1530,0.1388
30,1503,1533,0.1388
28,1503,1531,0.1388
28,1490,1518,0.1388
29,1487,1516,0.1388
28,1500,1528,0.1388
26,1488,1514,0.1388
27,1480,1507,0.1388
27,1493,1520,0.1388
28,1494,1522,0.1388
27,1478,1505,0.1388
28,1498,1526,0.1388
27,1497,1524,0.1388
28,1492,1520,0.1388
27,1483,1510,0.1388
27,1475,1502,0.1388
30,1471,1501,0.1388
31,1467,1498,0.1388
30,1479,1509,0.1388
32,1479,1511,0.1388
29,1497,1526,0.1388
28,1492,1520,0.1388
28,1478,1506,0.1388
27,1472,1499,0.1388
26,1495,1521,0.1388
26,1501,1527,0.1388
26,1506,1532,0.1388
26,1507,1533,0.1388
25,1496,1521,0.1388
25,1499,1524,0.1388
24,1484,1508,0.1388
24,1486,1510,0.1388
25,1487,1512,0.1388
25,1487,1512,0.1388
25,1484,1509,0.1388
24,1477,1501,0.1388
23,1494,1517,0.1388
25,1492,1517,0.1388
24,1492,1516,0.1388
23,1495,1518,0.1388
22,1498,1520,0.1388
21,1485,1506,0.1388
21,1492,1513,0.1388
21,1488,1509,0.1388
21,1493,1514,0.1388
20,1504,1524,0.1388
18,1504,1522,0.1388
20,1499,1519,0.1388
21,1489,1510,0.1388
20,1496,1516,0.1388
21,1508,1529,0.1388
21,1487,1508,0.1388
20,1497,1517,0.1388
20,1496,1516,0.1388
20,1492,1512,0.1388
20,1494,1514,0.1388
20,1495,1515,0.1388
20,1493,1513,0.1388
18,1501,1519,0.1388
18,1501,1519,0.1388
16,1477,1493,0.1388
15,1488,1503,0.1388
16,1484,1500,0.1388
14,1493,1507,0.1388
17,1481,1498,0.1388
16,1477,1493,0.1388
18,1475,1493,0.1388
18,1480,1498,0.1388
18,1498,1516,0.1388
17,1499,1516,0.1388
18,1507,1525,0.1388
18,1496,1514,0.1388
18,1494,1512,0.1388
18,1499,1517,0.1388
19,1493,1512,0.1388
18,1498,1516,0.1388
17,1493,1510,0.1388
16,1506,1522,0.1388
16,1513,1529,0.1388
16,1510,1526,0.1388
16,1508,1524,0.1388
16,1508,1524,0.1388
16,1488,1504,0.1388
16,1497,1513,0.1388
17,1495,1512,0.1388
16,1500,1516,0.1388
15,1506,1521,0.1388
14,1521,1535,0.1388
13,1521,1534,0.1388
12,1522,1534,0.1388
11,1509,1520,0.1388
11,1513,1524,0.1388
11,1509,1520,0.1388
11,1509,1520,0.1388
12,1509,1521,0.1388
12,1521,1533,0.1388
11,1503,1514,0.1388
11,1501,1512,0.1388
11,1507,1518,0.1388
10,1487,1497,0.1388
10,1495,1505,0.1388
9,1505,1514,0.1388
9,1516,1525,0.1388
9,1500,1509,0.1388
8,1507,1515,0.1388
8,1511,1519,0.1388
7,1504,1511,0.1388
6,1507,1513,0.1388
6,1514,1520,0.1388
6,1523,1529,0.1388
6,1512,1518,0.1388
6,1521,1527,0.1388
6,1522,1528,0.1388
7,1527,1534,0.1388
7,1532,1539,0.1388
7,1526,1533,0.1388
7,1519,1526,0.1388
7,1517,1524,0.1388
7,1517,1524,0.1388
7,1501,1508,0.1388
7,1505,1512,0.1388
7,1517,1524,0.1388
7,1510,1517,0.1388
7,1520,1527,0.1388
7,1521,1528,0.1388
7,1529,1536,0.1388
7,1515,1522,0.1388
7,1513,1520,0.1388
7,1519,1526,0.1388
8,1524,1532,0.1388
8,1527,1535,0.1388
7,1528,1535,0.1388
7,1528,1535,0.1388
7,1532,1539,0.1388
7,1541,1548,0.1388
7,1533,1540,0.1388
7,1523,1530,0.1388
8,1525,1533,0.1388
8,1522,1530,0.1388
8,1512,1520,0.1388
7,1511,1518,0.1388
7,1515,1522,0.1388
6,1523,1529,0.1388
6,1510,1516,0.1388
6,1512,1518,0.1388
5,1520,1525,0.1388
5,1510,1515,0.1388
6,1513,1519,0.1388
7,1508,1515,0.1388
8,1507,1515,0.1388
8,1516,1524,0.1388
8,1519,1527,0.1388
8,1523,1531,0.1388
8,1519,1527,0.1388
8,1522,1530,0.1388
8,1511,1519,0.1388
7,1506,1513,0.1388
8,1506,1514,0.1388
8,1505,1513,0.1388
8,1508,1516,0.1388
9,1509,1518,0.1388
9,1507,1516,0.1388
9,1506,1515,0.1388
10,1505,1515,0.1388
10,1494,1504,0.1388
10,1496,1506,0.1388
8,1496,1504,0.1388
8,1509,1517,0.1388
8,1508,1516,0.1388
8,1512,1520,0.1388
8,1512,1520,0.1388
10,1506,1516,0.1388
10,1496,1506,0.1388
10,1495,1505,0.1388
10,1492,1502,0.1388
10,1497,1507,0.1388
10,1493,1503,0.1388
10,1490,1500,0.1388
10,1489,1499,0.1388
11,1499,1510,0.1388
10,1508,1518,0.1388
10,1489,1499,0.1388
10,1486,1496,0.1388
10,1498,1508,0.1388
8,1495,1503,0.1388
10,1500,1510,0.1388
9,1493,1502,0.1388
9,1502,1511,0.1388
9,1513,1522,0.1388
8,1504,1512,0.1388
8,1513,1521,0.1388
8,1517,1525,0.1388
9,1505,1514,0.1388
9,1503,1512,0.1388
9,1502,1511,0.1388
9,1510,1519,0.1388
8,1508,1516,0.1388
8,1498,1506,0.1388
8,1490,1498,0.1388
8,1506,1514,0.1388
8,1504,1512,0.1388
8,1510,1518,0.1388
9,1512,1521,0.1388
8,1515,1523,0.1388
7,1506,1513,0.1388
7,1503,1510,0.1388
8,1499,1507,0.1388
8,1514,1522,0.1388
8,1502,1510,0.1388
7,1492,1499,0.1388
7,1502,1509,0.1388
7,1502,1509,0.1388
7,1506,1513,0.1388
7,1503,1510,0.1388
7,1501,1508,0.1388
7,1506,1513,0.1388
7,1517,1524,0.1388
7,1520,1527,0.1388
6,1513,1519,0.1388
6,1503,1509,0.1388
6,1503,1509,0.1388
5,1510,1515,0.1388
4,1508,1512,0.1388
3,1509,1512,0.1388
4,1503,1507,0.1388
4,1520,1524,0.1388
4,1517,1521,0.1388
4,1525,1529,0.1388
5,1514,1519,0.1388
5,1521,1526,0.1388
4,1521,1525,0.1388
4,1508,1512,0.1388
4,1501,1505,0.1388
4,1508,1512,0.1388
4,1497,1501,0.1388
4,1492,1496,0.1388
3,1505,1508,0.1388
3,1501,1504,0.1388
3,1504,1507,0.1388
3,1503,1506,0.1388
4,1520,1524,0.1388
4,1513,1517,0.1388
4,1530,1534,0.1388
3,1521,1524,0.1388
3,1529,1532,0.1388
3,1516,1519,0.1388
3,1515,1518,0.1388
4,1528,1532,0.1388
5,1522,1527,0.1388
5,1520,1525,0.1388
5,1521,1526,0.1388
5,1510,1515,0.1388
5,1517,1522,0.1388
5,1526,1531,0.1388
5,1519,1524,0.1388
5,1525,1530,0.1388
5,1522,1527,0.1388
5,1507,1512,0.1388
5,1514,1519,0.1388
5,1514,1519,0.1388
5,1517,1522,0.1388
5,1519,1524,0.1388
5,1516,1521,0.1388
5,1517,1522,0.1388
5,1527,1532,0.1388
5,1520,1525,0.1388
5,1509,1514,0.1388
5,1515,1520,0.1388
5,1518,1523,0.1388
7,1507,1514,0.1388
7,1488,1495,0.1388
7,1496,1503,0.1388
7,1504,1511,0.1388
6,1500,1506,0.1388
6,1502,1508,0.1388
7,1513,1520,0.1388
6,1520,1526,0.1388
6,1515,1521,0.1388
6,1516,1522,0.1388
7,1511,1518,0.1388
7,1512,1519,0.1388
7,1524,1531,0.1388
7,1511,1518,0.1388
6,1519,1525,0.1388
6,1516,1522,0.1388
6,1510,1516,0.1388
6,1514,1520,0.1388
7,1513,1520,0.1388
7,1502,1509,0.1388
7,1512,1519,0.1388
7,1519,1526,0.1388
6,1517,1523,0.1388
7,1517,1524,0.1388
7,1522,1529,0.1388
6,1513,1519,0.1388
6,1514,1520,0.1388
6,1521,1527,0.1388
6,1520,1526,0.1388
6,1519,1525,0.1388
6,1520,1526,0.1388
7,1507,1514,0.1388
7,1509,1516,0.1388
7,1512,1519,0.1388
7,1495,1502,0.1388
7,1500,1507,0.1388
8,1513,1521,0.1388
7,1510,1517,0.1388
7,1497,1504,0.1388
7,1503,1510,0.1388
7,1506,1513,0.1388
7,1501,1508,0.1388
8,1507,1515,0.1388
8,1502,1510,0.1388
8,1506,1514,0.1388
8,1505,1513,0.1388
9,1504,1513,0.1388
9,1502,1511,0.1388
10,1497,1507,0.1388
9,1510,1519,0.1388
10,1504,1514,0.1388
10,1501,1511,0.1388
10,1510,1520,0.1388
11,1515,1526,0.1388
11,1512,1523,0.1388
10,1510,1520,0.1388
10,1514,1524,0.1388
10,1506,1516,0.1388
10,1513,1523,0.1388
10,1510,1520,0.1388
10,1507,1517,0.1388
10,1498,1508,0.1388
11,1501,1512,0.1388
11,1508,1519,0.1388
12,1502,1514,0.1388
12,1494,1506,0.1388
12,1497,1509,0.1388
12,1502,1514,0.1388
12,1491,1503,0.1388
13,1487,1500,0.1388
13,1496,1509,0.1388
13,1504,1517,0.1388
13,1497,1510,0.1388
13,1515,1528,0.1388
12,1509,1521,0.1388
12,1504,1516,0.1388
12,1512,1524,0.1388
11,1505,1516,0.1388
12,1504,1516,0.1388
12,1510,1522,0.1388
11,1521,1532,0.1388
11,1512,1523,0.1388
11,1511,1522,0.1388
11,1509,1520,0.1388
12,1509,1521,0.1388
12,1514,1526,0.1388
12,1519,1531,0.1388
12,1520,1532,0.1388
12,1518,1530,0.1388
12,1520,1532,0.1388
12,1512,1524,0.1388
12,1508,1520,0.1388
12,1501,1513,0.1388
12,1503,1515,0.1388
12,1500,1512,0.1388
12,1506,1518,0.1388
12,1508,1520,0.1388
12,1501,1513,0.1388
12,1495,1507,0.1388
12,1507,1519,0.1388
11,1499,1510,0.1388
12,1505,1517,0.1388
12,1515,1527,0.1388
8,1503,1511,0.1388
9,1506,1515,0.1388
9,1507,1516,0.1388
10,1509,1519,0.1388
10,1506,1516,0.1388
10,1487,1497,0.1388
10,1495,1505,0.1388
9,1515,1524,0.1388
8,1501,1509,0.1388
8,1521,1529,0.1388
8,1517,1525,0.1388
7,1521,1528,0.1388
7,1513,1520,0.1388
6,1521,1527,0.1388
6,1507,1513,0.1388
6,1513,1519,0.1388
6,1513,1519,0.1388
6,1528,1534,0.1388
5,1519,1524,0.1388
5,1516,1521,0.1388
5,1514,1519,0.1388
5,1526,1531,0.1388
5,1516,1521,0.1388
5,1494,1499,0.1388
5,1498,1503,0.1388
5,1498,1503,0.1388
5,1515,1520,0.1388
5,1527,1532,0.1388
4,1523,1527,0.1388
4,1515,1519,0.1388
4,1518,1522,0.1388
4,1526,1530,0.1388
4,1514,1518,0.1388
4,1519,1523,0.1388
4,1520,1524,0.1388
4,1520,1524,0.1388
4,1507,1511,0.1388
5,1515,1520,0.1388
5,1512,1517,0.1388
4,1517,1521,0.1388
4,1519,1523,0.1388
4,1519,1523,0.1388
4,1522,1526,0.1388
4,1526,1530,0.1388
4,1514,1518,0.1388
4,1509,1513,0.1388
4,1504,1508,0.1388
4,1514,1518,0.1388
4,1518,1522,0.1388
4,1522,1526,0.1388
4,1511,1515,0.1388
4,1503,1507,0.1388
4,1513,1517,0.1388
4,1518,1522,0.1388
4,1513,1517,0.1388
4,1516,1520,0.1388
3,1512,1515,0.1388
3,1513,1516,0.1388
3,1507,1510,0.1388
3,1508,1511,0.1388
3,1507,1510,0.1388
3,1518,1521,0.1388
3,1525,1528,0.1388
3,1513,1516,0.1388
3,1502,1505,0.1388
3,1513,1516,0.1388
3,1514,1517,0.1388
3,1517,1520,0.1388
2,1514,1516,0.1388
2,1520,1522,0.1388
2,1517,1519,0.1388
2,1527,1529,0.1388
2,1532,1534,0.1388
2,1520,1522,0.1388
2,1501,1503,0.1388
2,1507,1509,0.1388
1,1511,1512,0.1388
0,1500,1500,0.1388
