1364,29,1393,0.1388
1404,27,1431,0.1388
1424,30,1454,0.1388
1437,31,1468,0.1388
1436,31,1467,0.1388
1450,31,1481,0.1388
1449,33,1482,0.1388
1461,35,1496,0.1388
1450,35,1485,0.1388
1457,34,1491,0.1388
1458,34,1492,0.1388
1449,33,1482,0.1388
1449,33,1482,0.1388
1445,34,1479,0.1388
1452,35,1487,0.1388
1449,35,1484,0.1388
1463,36,1499,0.1388
1455,36,1491,0.1388
1450,37,1487,0.1388
1445,37,1482,0.1388
1449,39,1488,0.1388
1442,39,1481,0.1388
1442,39,1481,0.1388
1442,40,1482,0.1388
1440,41,1481,0.1388
1457,40,1497,0.1388
1452,40,1492,0.1388
1468,40,1508,0.1388
1467,40,1507,0.1388
1460,41,1501,0.1388
1460,41,1501,0.1388
1459,42,1501,0.1388
1452,44,1496,0.1388
1455,42,1497,0.1388
1458,42,1500,0.1388
1436,43,1479,0.1388
1441,43,1484,0.1388
1443,47,1490,0.1388
1435,46,1481,0.1388
1444,47,1491,0.1388
1444,46,1490,0.1388
1449,45,1494,0.1388
1444,44,1488,0.1388
1440,45,1485,0.1388
1430,45,1475,0.1388
1438,47,1485,0.1388
1433,47,1480,0.1388
1432,47,1479,0.1388
1431,49,1480,0.1388
1438,48,1486,0.1388
1436,49,1485,0.1388
1451,52,1503,0.1388
1440,51,1491,0.1388
1445,47,1492,0.1388
1441,51,1492,0.1388
1432,52,1484,0.1388
1432,50,1482,0.1388
1430,50,1480,0.1388
1441,50,1491,0.1388
1450,50,1500,0.1388
1451,49,1500,0.1388
1444,47,1491,0.1388
1447,45,1492,0.1388
1456,47,1503,0.1388
1451,47,1498,0.1388
1459,48,1507,0.1388
1465,49,1514,0.1388
1442,49,1491,0.1388
1429,49,1478,0.1388
1426,50,1476,0.1388
1453,51,1504,0.1388
1441,48,1489,0.1388
1443,48,1491,0.1388
1423,50,1473,0.1388
1421,49,1470,0.1388
1440,49,1489,0.1388
1441,49,1490,0.1388
1451,47,1498,0.1388
1452,49,1501,0.1388
1447,48,1495,0.1388
1445,47,1492,0.1388
1459,49,1508,0.1388
1458,53,1511,0.1388
1465,51,1516,0.1388
1460,50,1510,0.1388
1450,50,1500,0.1388
1455,51,1506,0.1388
1450,50,1500,0.1388
1441,49,1490,0.1388
1442,49,1491,0.1388
1437,49,1486,0.1388
1446,50,1496,0.1388
1454,52,1506,0.1388
1461,50,1511,0.1388
1449,51,1500,0.1388
1437,53,1490,0.1388
1434,53,1487,0.1388
1430,54,1484,0.1388
1426,55,1481,0.1388
1435,55,1490,0.1388
1442,56,1498,0.1388
1444,58,1502,0.1388
1444,60,1504,0.1388
1460,57,1517,0.1388
1451,57,1508,0.1388
1452,56,1508,0.1388
1450,57,1507,0.1388
1442,57,1499,0.1388
1434,60,1494,0.1388
1431,59,1490,0.1388
1431,59,1490,0.1388
1434,60,1494,0.1388
1420,62,1482,0.1388
1411,61,1472,0.1388
1410,60,1470,0.1388
1421,62,1483,0.1388
1425,63,1488,0.1388
1424,62,1486,0.1388
1426,60,1486,0.1388
1438,60,1498,0.1388
1449,60,1509,0.1388
1447,58,1505,0.1388
1442,64,1506,0.1388
1430,64,1494,0.1388
1426,62,1488,0.1388
1423,61,1484,0.1388
1418,60,1478,0.1388
1422,60,1482,0.1388
1433,62,1495,0.1388
1420,61,1481,0.1388
1416,61,1477,0.1388
1416,63,1479,0.1388
1429,64,1493,0.1388
1431,67,1498,0.1388
1433,66,1499,0.1388
1433,67,1500,0.1388
1430,65,1495,0.1388
1441,68,1509,0.1388
1435,68,1503,0.1388
1415,68,1483,0.1388
1406,71,1477,0.1388
1423,70,1493,0.1388
1427,69,1496,0.1388
1425,71,1496,0.1388
1426,69,1495,0.1388
1432,72,1504,0.1388
1426,70,1496,0.1388
1423,74,1497,0.1388
1433,75,1508,0.1388
1428,75,1503,0.1388
1421,76,1497,0.1388
1421,78,1499,0.1388
1428,76,1504,0.1388
1437,76,1513,0.1388
1434,74,1508,0.1388
1445,72,1517,0.1388
1424,74,1498,0.1388
1423,77,1500,0.1388
1427,79,1506,0.1388
1431,78,1509,0.1388
1417,79,1496,0.1388
1408,82,1490,0.1388
1428,82,1510,0.1388
1437,80,1517,0.1388
1439,79,1518,0.1388
1435,79,1514,0.1388
1416,80,1496,0.1388
1412,79,1491,0.1388
1405,82,1487,0.1388
1407,88,1495,0.1388
1403,86,1489,0.1388
1403,87,1490,0.1388
1411,87,1498,0.1388
1419,85,1504,0.1388
1418,83,1501,0.1388
1411,84,1495,0.1388
1410,84,1494,0.1388
1399,85,1484,0.1388
1393,87,1480,0.1388
1397,86,1483,0.1388
1406,86,1492,0.1388
1408,85,1493,0.1388
1398,86,1484,0.1388
1393,89,1482,0.1388
1396,87,1483,0.1388
1420,84,1504,0.1388
1418,86,1504,0.1388
1411,86,1497,0.1388
1413,87,1500,0.1388
1404,83,1487,0.1388
1418,86,1504,0.1388
1415,89,1504,0.1388
1412,90,1502,0.1388
1404,86,1490,0.1388
1388,84,1472,0.1388
1413,84,1497,0.1388
1413,85,1498,0.1388
1417,82,1499,0.1388
1415,82,1497,0.1388
1406,81,1487,0.1388
1413,82,1495,0.1388
1408,85,1493,0.1388
1408,86,1494,0.1388
1418,87,1505,0.1388
1418,90,1508,0.1388
1421,91,1512,0.1388
1421,93,1514,0.1388
1412,91,1503,0.1388
1404,88,1492,0.1388
1399,89,1488,0.1388
1399,93,1492,0.1388
1411,98,1509,0.1388
1406,98,1504,0.1388
1412,100,1512,0.1388
1396,100,1496,0.1388
1397,103,1500,0.1388
1386,104,1490,0.1388
1387,106,1493,0.1388
1384,108,1492,0.1388
1395,110,1505,0.1388
1381,108,1489,0.1388
1377,107,1484,0.1388
1383,109,1492,0.1388
1381,110,1491,0.1388
1384,104,1488,0.1388
1388,103,1491,0.1388
1387,105,1492,0.1388
1388,107,1495,0.1388
1379,109,1488,0.1388
1372,106,1478,0.1388
1370,108,1478,0.1388
1367,109,1476,0.1388
1373,107,1480,0.1388
1384,109,1493,0.1388
1381,107,1488,0.1388
1388,109,1497,0.1388
1388,111,1499,0.1388
1369,113,1482,0.1388
1377,114,1491,0.1388
1374,114,1488,0.1388
1366,116,1482,0.1388
1379,115,1494,0.1388
1388,112,1500,0.1388
1386,115,1501,0.1388
1387,116,1503,0.1388
1386,117,1503,0.1388
1380,117,1497,0.1388
1378,114,1492,0.1388
1377,115,1492,0.1388
1382,118,1500,0.1388
1385,116,1501,0.1388
1380,118,1498,0.1388
1375,120,1495,0.1388
1373,116,1489,0.1388
1377,113,1490,0.1388
1380,113,1493,0.1388
1380,112,1492,0.1388
1378,110,1488,0.1388
1389,112,1501,0.1388
1384,112,1496,0.1388
1375,109,1484,0.1388
1379,109,1488,0.1388
1371,113,1484,0.1388
1372,116,1488,0.1388
1382,117,1499,0.1388
1379,117,1496,0.1388
1379,118,1497,0.1388
1382,119,1501,0.1388
1374,116,1490,0.1388
1356,120,1476,0.1388
1362,119,1481,0.1388
1365,120,1485,0.1388
1371,125,1496,0.1388
1373,125,1498,0.1388
1362,121,1483,0.1388
1360,123,1483,0.1388
1358,121,1479,0.1388
1368,122,1490,0.1388
1361,121,1482,0.1388
1359,120,1479,0.1388
1377,120,1497,0.1388
1370,115,1485,0.1388
1380,117,1497,0.1388
1391,118,1509,0.1388
1388,119,1507,0.1388
1381,121,1502,0.1388
1373,120,1493,0.1388
1371,124,1495,0.1388
1381,123,1504,0.1388
1390,124,1514,0.1388
1390,121,1511,0.1388
1390,122,1512,0.1388
1394,119,1513,0.1388
1396,117,1513,0.1388
1396,118,1514,0.1388
1385,118,1503,0.1388
1380,122,1502,0.1388
1387,121,1508,0.1388
1379,117,1496,0.1388
1370,116,1486,0.1388
1364,115,1479,0.1388
1358,120,1478,0.1388
1354,117,1471,0.1388
1369,117,1486,0.1388
1376,123,1499,0.1388
1369,119,1488,0.1388
1363,121,1484,0.1388
1377,122,1499,0.1388
1371,125,1496,0.1388
1373,128,1501,0.1388
1382,127,1509,0.1388
1380,125,1505,0.1388
1369,124,1493,0.1388
1354,128,1482,0.1388
1360,126,1486,0.1388
1357,128,1485,0.1388
1361,129,1490,0.1388
1363,128,1491,0.1388
1362,129,1491,0.1388
1348,130,1478,0.1388
1359,137,1496,0.1388
1355,143,1498,0.1388
1363,142,1505,0.1388
1367,142,1509,0.1388
1362,141,1503,0.1388
1353,142,1495,0.1388
1342,142,1484,0.1388
1354,141,1495,0.1388
1366,139,1505,0.1388
1353,143,1496,0.1388
1352,141,1493,0.1388
1356,142,1498,0.1388
1347,141,1488,0.1388
1352,138,1490,0.1388
1338,136,1474,0.1388
1339,138,1477,0.1388
1341,142,1483,0.1388
1345,141,1486,0.1388
1351,144,1495,0.1388
1342,147,1489,0.1388
1334,150,1484,0.1388
1343,156,1499,0.1388
1339,159,1498,0.1388
1333,158,1491,0.1388
1323,159,1482,0.1388
1337,156,1493,0.1388
1338,152,1490,0.1388
1340,151,1491,0.1388
1329,153,1482,0.1388
1334,157,1491,0.1388
1332,154,1486,0.1388
1328,155,1483,0.1388
1320,158,1478,0.1388
1320,159,1479,0.1388
1316,164,1480,0.1388
1316,167,1483,0.1388
1322,168,1490,0.1388
1332,170,1502,0.1388
1339,168,1507,0.1388
1341,167,1508,0.1388
1342,169,1511,0.1388
1344,170,1514,0.1388
1345,172,1517,0.1388
1333,168,1501,0.1388
1335,168,1503,0.1388
1331,170,1501,0.1388
1327,171,1498,0.1388
1328,173,1501,0.1388
1317,182,1499,0.1388
1315,177,1492,0.1388
1308,177,1485,0.1388
1315,181,1496,0.1388
1325,177,1502,0.1388
1324,174,1498,0.1388
1334,173,1507,0.1388
1323,174,1497,0.1388
1305,173,1478,0.1388
1320,172,1492,0.1388
1315,174,1489,0.1388
1319,176,1495,0.1388
1319,172,1491,0.1388
1312,177,1489,0.1388
1317,179,1496,0.1388
1329,179,1508,0.1388
1305,177,1482,0.1388
1303,184,1487,0.1388
1296,186,1482,0.1388
1294,191,1485,0.1388
1307,194,1501,0.1388
1305,192,1497,0.1388
1313,195,1508,0.1388
1311,196,1507,0.1388
1300,202,1502,0.1388
1296,201,1497,0.1388
1303,200,1503,0.1388
1294,203,1497,0.1388
1291,204,1495,0.1388
1280,204,1484,0.1388
1270,207,1477,0.1388
1277,212,1489,0.1388
1282,213,1495,0.1388
1268,216,1484,0.1388
1270,217,1487,0.1388
1273,216,1489,0.1388
1275,215,1490,0.1388
1284,216,1500,0.1388
1288,215,1503,0.1388
1285,216,1501,0.1388
1272,220,1492,0.1388
1278,221,1499,0.1388
1279,219,1498,0.1388
1284,217,1501,0.1388
1279,218,1497,0.1388
1281,218,1499,0.1388
1288,220,1508,0.1388
1275,219,1494,0.1388
1272,216,1488,0.1388
1274,218,1492,0.1388
1291,224,1515,0.1388
1283,222,1505,0.1388
1281,214,1495,0.1388
1275,216,1491,0.1388
1276,222,1498,0.1388
1269,228,1497,0.1388
1267,228,1495,0.1388
1287,226,1513,0.1388
1284,225,1509,0.1388
1280,226,1506,0.1388
1280,225,1505,0.1388
1266,229,1495,0.1388
1271,231,1502,0.1388
1272,228,1500,0.1388
1267,230,1497,0.1388
1270,230,1500,0.1388
1280,226,1506,0.1388
1272,227,1499,0.1388
1269,227,1496,0.1388
1265,227,1492,0.1388
1270,236,1506,0.1388
1272,238,1510,0.1388
1282,236,1518,0.1388
1285,239,1524,0.1388
1274,237,1511,0.1388
1272,240,1512,0.1388
1255,239,1494,0.1388
1251,238,1489,0.1388
1249,237,1486,0.1388
1247,238,1485,0.1388
1262,235,1497,0.1388
1252,240,1492,0.1388
1257,238,1495,0.1388
1264,235,1499,0.1388
1267,235,1502,0.1388
1274,235,1509,0.1388
1264,242,1506,0.1388
1261,240,1501,0.1388
1261,235,1496,0.1388
1260,235,1495,0.1388
1250,237,1487,0.1388
1249,240,1489,0.1388
1258,240,1498,0.1388
1246,241,1487,0.1388
1265,242,1507,0.1388
1246,241,1487,0.1388
1248,241,1489,0.1388
1249,245,1494,0.1388
1257,248,1505,0.1388
1254,247,1501,0.1388
1248,251,1499,0.1388
1257,246,1503,0.1388
1259,247,1506,0.1388
1258,252,1510,0.1388
1252,256,1508,0.1388
1257,252,1509,0.1388
1247,254,1501,0.1388
1244,259,1503,0.1388
1238,258,1496,0.1388
1234,256,1490,0.1388
1228,257,1485,0.1388
1236,265,1501,0.1388
1246,264,1510,0.1388
1246,269,1515,0.1388
1245,274,1519,0.1388
1245,274,1519,0.1388
1232,272,1504,0.1388
1228,275,1503,0.1388
1215,282,1497,0.1388
1203,278,1481,0.1388
1209,282,1491,0.1388
1225,276,1501,0.1388
1228,276,1504,0.1388
1220,281,1501,0.1388
1219,280,1499,0.1388
1223,282,1505,0.1388
1228,286,1514,0.1388
1226,286,1512,0.1388
1221,281,1502,0.1388
1216,286,1502,0.1388
1213,290,1503,0.1388
1210,286,1496,0.1388
1227,281,1508,0.1388
1216,280,1496,0.1388
1216,283,1499,0.1388
1223,282,1505,0.1388
1235,281,1516,0.1388
1230,281,1511,0.1388
1222,279,1501,0.1388
1226,273,1499,0.1388
1233,279,1512,0.1388
1231,274,1505,0.1388
1226,272,1498,0.1388
1215,272,1487,0.1388
1214,264,1478,0.1388
1212,270,1482,0.1388
1216,264,1480,0.1388
1208,268,1476,0.1388
1223,275,1498,0.1388
1222,273,1495,0.1388
1226,273,1499,0.1388
1224,273,1497,0.1388
1224,275,1499,0.1388
1228,278,1506,0.1388
1223,279,1502,0.1388
1217,274,1491,0.1388
1215,269,1484,0.1388
1239,267,1506,0.1388
1227,273,1500,0.1388
1228,277,1505,0.1388
1216,275,1491,0.1388
1226,279,1505,0.1388
1223,281,1504,0.1388
1229,283,1512,0.1388
1230,286,1516,0.1388
1229,290,1519,0.1388
1229,285,1514,0.1388
1222,292,1514,0.1388
1214,286,1500,0.1388
1219,286,1505,0.1388
1218,288,1506,0.1388
1207,285,1492,0.1388
1203,281,1484,0.1388
1207,283,1490,0.1388
1221,289,1510,0.1388
1227,289,1516,0.1388
1209,286,1495,0.1388
1212,287,1499,0.1388
1204,289,1493,0.1388
1196,285,1481,0.1388
1215,287,1502,0.1388
1214,285,1499,0.1388
1208,287,1495,0.1388
1200,292,1492,0.1388
1202,289,1491,0.1388
1198,293,1491,0.1388
1201,296,1497,0.1388
1198,295,1493,0.1388
1198,292,1490,0.1388
1205,295,1500,0.1388
1206,296,1502,0.1388
1204,301,1505,0.1388
1196,301,1497,0.1388
1193,304,1497,0.1388
1195,307,1502,0.1388
1193,303,1496,0.1388
1187,299,1486,0.1388
1188,303,1491,0.1388
1189,306,1495,0.1388
1176,311,1487,0.1388
1177,312,1489,0.1388
1171,314,1485,0.1388
1181,316,1497,0.1388
1184,315,1499,0.1388
1177,311,1488,0.1388
1177,309,1486,0.1388
1178,305,1483,0.1388
1169,308,1477,0.1388
1166,313,1479,0.1388
1174,317,1491,0.1388
1178,324,1502,0.1388
1168,323,1491,0.1388
1171,326,1497,0.1388
1173,333,1506,0.1388
1169,335,1504,0.1388
1174,340,1514,0.1388
1182,337,1519,0.1388
1174,338,1512,0.1388
1166,337,1503,0.1388
1163,337,1500,0.1388
1156,342,1498,0.1388
1153,336,1489,0.1388
1158,334,1492,0.1388
1144,338,1482,0.1388
1143,343,1486,0.1388
1143,347,1490,0.1388
1147,352,1499,0.1388
1154,354,1508,0.1388
1151,351,1502,0.1388
1154,347,1501,0.1388
1161,352,1513,0.1388
1149,354,1503,0.1388
1140,353,1493,0.1388
1140,349,1489,0.1388
1141,354,1495,0.1388
1146,354,1500,0.1388
1150,357,1507,0.1388
1143,353,1496,0.1388
1136,349,1485,0.1388
1137,358,1495,0.1388
1137,362,1499,0.1388
1133,362,1495,0.1388
1138,367,1505,0.1388
1134,366,1500,0.1388
1138,374,1512,0.1388
1139,369,1508,0.1388
1132,367,1499,0.1388
1139,369,1508,0.1388
1132,365,1497,0.1388
1133,377,1510,0.1388
1139,366,1505,0.1388
1137,365,1502,0.1388
1121,370,1491,0.1388
1120,371,1491,0.1388
1141,371,1512,0.1388
1145,371,1516,0.1388
1134,371,1505,0.1388
1130,369,1499,0.1388
1135,375,1510,0.1388
1132,379,1511,0.1388
1120,375,1495,0.1388
1115,378,1493,0.1388
1122,370,1492,0.1388
1136,373,1509,0.1388
1131,369,1500,0.1388
1122,378,1500,0.1388
1116,383,1499,0.1388
1109,381,1490,0.1388
1101,379,1480,0.1388
1108,377,1485,0.1388
1105,380,1485,0.1388
1100,388,1488,0.1388
1106,388,1494,0.1388
1114,377,1491,0.1388
1103,379,1482,0.1388
1108,388,1496,0.1388
1107,385,1492,0.1388
1098,392,1490,0.1388
1102,398,1500,0.1388
1108,397,1505,0.1388
1102,394,1496,0.1388
1093,395,1488,0.1388
1101,396,1497,0.1388
1108,397,1505,0.1388
1105,394,1499,0.1388
1100,395,1495,0.1388
1099,397,1496,0.1388
1103,399,1502,0.1388
1111,397,1508,0.1388
1106,402,1508,0.1388
1099,404,1503,0.1388
1106,400,1506,0.1388
1094,403,1497,0.1388
1087,401,1488,0.1388
1093,403,1496,0.1388
1084,402,1486,0.1388
1082,408,1490,0.1388
1093,409,1502,0.1388
1101,409,1510,0.1388
1105,405,1510,0.1388
1098,409,1507,0.1388
1090,411,1501,0.1388
1083,411,1494,0.1388
1072,407,1479,0.1388
1086,400,1486,0.1388
1079,409,1488,0.1388
1083,410,1493,0.1388
1089,419,1508,0.1388
1088,414,1502,0.1388
1091,412,1503,0.1388
1092,411,1503,0.1388
1083,415,1498,0.1388
1089,408,1497,0.1388
1093,411,1504,0.1388
1080,418,1498,0.1388
1074,416,1490,0.1388
1077,425,1502,0.1388
1073,423,1496,0.1388
1065,420,1485,0.1388
1064,422,1486,0.1388
1078,424,1502,0.1388
1072,421,1493,0.1388
1075,426,1501,0.1388
1069,430,1499,0.1388
1082,432,1514,0.1388
1064,432,1496,0.1388
1058,432,1490,0.1388
1062,432,1494,0.1388
1074,427,1501,0.1388
1072,427,1499,0.1388
1061,427,1488,0.1388
1058,427,1485,0.1388
1050,436,1486,0.1388
1050,439,1489,0.1388
1058,443,1501,0.1388
1054,444,1498,0.1388
1062,446,1508,0.1388
1059,445,1504,0.1388
1055,450,1505,0.1388
1063,446,1509,0.1388
1060,449,1509,0.1388
1047,450,1497,0.1388
1049,453,1502,0.1388
1067,442,1509,0.1388
1072,450,1522,0.1388
1079,446,1525,0.1388
1071,444,1515,0.1388
1062,449,1511,0.1388
1061,448,1509,0.1388
1065,443,1508,0.1388
1064,445,1509,0.1388
1065,439,1504,0.1388
1062,441,1503,0.1388
1061,442,1503,0.1388
1051,453,1504,0.1388
1044,456,1500,0.1388
1041,450,1491,0.1388
1036,458,1494,0.1388
1040,458,1498,0.1388
1040,455,1495,0.1388
1044,447,1491,0.1388
1048,443,1491,0.1388
1033,458,1491,0.1388
1039,456,1495,0.1388
1042,459,1501,0.1388
1040,462,1502,0.1388
1045,462,1507,0.1388
1047,461,1508,0.1388
1049,470,1519,0.1388
1044,473,1517,0.1388
1027,473,1500,0.1388
1027,468,1495,0.1388
1028,466,1494,0.1388
1029,467,1496,0.1388
1018,478,1496,0.1388
1023,482,1505,0.1388
1016,473,1489,0.1388
1015,480,1495,0.1388
1022,478,1500,0.1388
1020,476,1496,0.1388
1023,474,1497,0.1388
1020,478,1498,0.1388
1029,481,1510,0.1388
1032,482,1514,0.1388
1032,487,1519,0.1388
1026,481,1507,0.1388
1028,484,1512,0.1388
1023,484,1507,0.1388
1026,485,1511,0.1388
1024,481,1505,0.1388
1020,484,1504,0.1388
1016,480,1496,0.1388
1021,474,1495,0.1388
1019,485,1504,0.1388
1018,491,1509,0.1388
1011,495,1506,0.1388
1013,494,1507,0.1388
1008,492,1500,0.1388
1008,490,1498,0.1388
1008,488,1496,0.1388
1011,493,1504,0.1388
1014,486,1500,0.1388
1015,487,1502,0.1388
1021,484,1505,0.1388
1019,479,1498,0.1388
1022,483,1505,0.1388
1014,479,1493,0.1388
1028,481,1509,0.1388
1036,480,1516,0.1388
1038,481,1519,0.1388
1029,484,1513,0.1388
1025,481,1506,0.1388
1026,476,1502,0.1388
1035,470,1505,0.1388
1030,477,1507,0.1388
1028,478,1506,0.1388
1021,478,1499,0.1388
1029,479,1508,0.1388
1029,476,1505,0.1388
1037,478,1515,0.1388
1031,477,1508,0.1388
1025,473,1498,0.1388
1023,473,1496,0.1388
1022,475,1497,0.1388
1025,480,1505,0.1388
1020,479,1499,0.1388
1018,479,1497,0.1388
1024,473,1497,0.1388
1018,477,1495,0.1388
1012,470,1482,0.1388
1022,474,1496,0.1388
1023,476,1499,0.1388
1024,479,1503,0.1388
1030,477,1507,0.1388
1014,481,1495,0.1388
1008,482,1490,0.1388
1005,481,1486,0.1388
1006,474,1480,0.1388
1001,475,1476,0.1388
1002,478,1480,0.1388
1003,478,1481,0.1388
1016,489,1505,0.1388
1007,491,1498,0.1388
1012,481,1493,0.1388
1005,481,1486,0.1388
1005,484,1489,0.1388
1007,478,1485,0.1388
1006,482,1488,0.1388
1012,475,1487,0.1388
1024,475,1499,0.1388
1028,478,1506,0.1388
1020,474,1494,0.1388
1011,486,1497,0.1388
1011,484,1495,0.1388
1008,481,1489,0.1388
1019,488,1507,0.1388
1026,487,1513,0.1388
1026,487,1513,0.1388
1021,488,1509,0.1388
1019,480,1499,0.1388
1016,487,1503,0.1388
1011,491,1502,0.1388
1021,492,1513,0.1388
1016,489,1505,0.1388
1018,484,1502,0.1388
1022,484,1506,0.1388
1016,489,1505,0.1388
1017,496,1513,0.1388
1019,507,1526,0.1388
1015,502,1517,0.1388
1008,506,1514,0.1388
1004,505,1509,0.1388
1009,507,1516,0.1388
1002,515,1517,0.1388
993,509,1502,0.1388
1001,508,1509,0.1388
1007,503,1510,0.1388
1017,512,1529,0.1388
1003,511,1514,0.1388
995,515,1510,0.1388
979,510,1489,0.1388
988,502,1490,0.1388
1004,497,1501,0.1388
1002,504,1506,0.1388
1001,509,1510,0.1388
998,513,1511,0.1388
995,514,1509,0.1388
992,514,1506,0.1388
990,505,1495,0.1388
987,514,1501,0.1388
979,512,1491,0.1388
982,513,1495,0.1388
980,525,1505,0.1388
976,524,1500,0.1388
970,528,1498,0.1388
976,527,1503,0.1388
974,526,1500,0.1388
984,524,1508,0.1388
986,521,1507,0.1388
986,528,1514,0.1388
989,514,1503,0.1388
983,516,1499,0.1388
982,518,1500,0.1388
974,519,1493,0.1388
972,522,1494,0.1388
967,521,1488,0.1388
966,523,1489,0.1388
969,516,1485,0.1388
987,509,1496,0.1388
984,506,1490,0.1388
990,513,1503,0.1388
989,511,1500,0.1388
989,507,1496,0.1388
990,507,1497,0.1388
981,515,1496,0.1388
977,516,1493,0.1388
971,517,1488,0.1388
962,515,1477,0.1388
962,510,1472,0.1388
960,521,1481,0.1388
966,534,1500,0.1388
964,537,1501,0.1388
965,526,1491,0.1388
963,542,1505,0.1388
946,542,1488,0.1388
959,540,1499,0.1388
961,530,1491,0.1388
947,537,1484,0.1388
950,538,1488,0.1388
949,539,1488,0.1388
953,536,1489,0.1388
951,539,1490,0.1388
952,539,1491,0.1388
959,541,1500,0.1388
946,540,1486,0.1388
948,543,1491,0.1388
945,549,1494,0.1388
943,544,1487,0.1388
938,541,1479,0.1388
952,546,1498,0.1388
963,549,1512,0.1388
963,548,1511,0.1388
961,546,1507,0.1388
957,553,1510,0.1388
954,550,1504,0.1388
956,547,1503,0.1388
957,551,1508,0.1388
956,552,1508,0.1388
948,556,1504,0.1388
941,555,1496,0.1388
943,552,1495,0.1388
945,555,1500,0.1388
954,552,1506,0.1388
952,555,1507,0.1388
946,553,1499,0.1388
944,558,1502,0.1388
938,556,1494,0.1388
943,549,1492,0.1388
942,556,1498,0.1388
948,561,1509,0.1388
943,562,1505,0.1388
944,562,1506,0.1388
947,560,1507,0.1388
937,561,1498,0.1388
940,563,1503,0.1388
944,564,1508,0.1388
943,571,1514,0.1388
939,560,1499,0.1388
933,568,1501,0.1388
939,570,1509,0.1388
941,567,1508,0.1388
936,567,1503,0.1388
936,569,1505,0.1388
936,565,1501,0.1388
935,578,1513,0.1388
927,574,1501,0.1388
920,576,1496,0.1388
914,582,1496,0.1388
906,585,1491,0.1388
912,584,1496,0.1388
911,594,1505,0.1388
902,597,1499,0.1388
904,599,1503,0.1388
919,594,1513,0.1388
917,590,1507,0.1388
930,588,1518,0.1388
917,590,1507,0.1388
915,591,1506,0.1388
901,592,1493,0.1388
910,593,1503,0.1388
913,592,1505,0.1388
916,597,1513,0.1388
915,595,1510,0.1388
917,594,1511,0.1388
913,592,1505,0.1388
913,586,1499,0.1388
915,586,1501,0.1388
919,591,1510,0.1388
910,573,1483,0.1388
915,579,1494,0.1388
915,581,1496,0.1388
913,578,1491,0.1388
919,582,1501,0.1388
918,576,1494,0.1388
923,579,1502,0.1388
916,585,1501,0.1388
914,594,1508,0.1388
903,589,1492,0.1388
904,597,1501,0.1388
898,605,1503,0.1388
907,606,1513,0.1388
898,606,1504,0.1388
904,611,1515,0.1388
897,603,1500,0.1388
888,605,1493,0.1388
882,612,1494,0.1388
890,611,1501,0.1388
887,611,1498,0.1388
888,614,1502,0.1388
889,618,1507,0.1388
889,616,1505,0.1388
886,616,1502,0.1388
888,619,1507,0.1388
884,624,1508,0.1388
878,624,1502,0.1388
871,624,1495,0.1388
874,618,1492,0.1388
872,621,1493,0.1388
869,612,1481,0.1388
871,618,1489,0.1388
871,627,1498,0.1388
863,627,1490,0.1388
879,625,1504,0.1388
889,618,1507,0.1388
894,621,1515,0.1388
881,617,1498,0.1388
884,619,1503,0.1388
883,624,1507,0.1388
869,626,1495,0.1388
870,635,1505,0.1388
878,639,1517,0.1388
879,635,1514,0.1388
876,637,1513,0.1388
878,638,1516,0.1388
877,633,1510,0.1388
872,635,1507,0.1388
868,634,1502,0.1388
861,634,1495,0.1388
860,644,1504,0.1388
863,646,1509,0.1388
852,649,1501,0.1388
849,649,1498,0.1388
845,656,1501,0.1388
849,655,1504,0.1388
844,659,1503,0.1388
842,670,1512,0.1388
840,671,1511,0.1388
845,662,1507,0.1388
851,664,1515,0.1388
851,667,1518,0.1388
847,668,1515,0.1388
853,657,1510,0.1388
845,654,1499,0.1388
841,648,1489,0.1388
856,653,1509,0.1388
859,648,1507,0.1388
857,648,1505,0.1388
853,649,1502,0.1388
861,652,1513,0.1388
859,650,1509,0.1388
860,648,1508,0.1388
865,654,1519,0.1388
871,646,1517,0.1388
871,645,1516,0.1388
872,650,1522,0.1388
869,646,1515,0.1388
866,651,1517,0.1388
866,645,1511,0.1388
867,647,1514,0.1388
862,648,1510,0.1388
871,646,1517,0.1388
863,646,1509,0.1388
857,646,1503,0.1388
857,651,1508,0.1388
860,651,1511,0.1388
867,645,1512,0.1388
861,649,1510,0.1388
854,648,1502,0.1388
861,646,1507,0.1388
854,648,1502,0.1388
848,644,1492,0.1388
855,650,1505,0.1388
853,648,1501,0.1388
852,649,1501,0.1388
852,647,1499,0.1388
845,644,1489,0.1388
841,649,1490,0.1388
827,657,1484,0.1388
836,655,1491,0.1388
843,664,1507,0.1388
837,668,1505,0.1388
832,668,1500,0.1388
829,665,1494,0.1388
837,662,1499,0.1388
833,666,1499,0.1388
827,665,1492,0.1388
830,671,1501,0.1388
834,667,1501,0.1388
844,665,1509,0.1388
848,672,1520,0.1388
844,667,1511,0.1388
842,670,1512,0.1388
829,674,1503,0.1388
824,674,1498,0.1388
821,667,1488,0.1388
826,675,1501,0.1388
823,682,1505,0.1388
831,685,1516,0.1388
822,679,1501,0.1388
820,686,1506,0.1388
812,690,1502,0.1388
803,692,1495,0.1388
816,687,1503,0.1388
806,687,1493,0.1388
815,685,1500,0.1388
822,687,1509,0.1388
815,692,1507,0.1388
810,683,1493,0.1388
813,692,1505,0.1388
817,688,1505,0.1388
814,696,1510,0.1388
807,701,1508,0.1388
808,706,1514,0.1388
798,700,1498,0.1388
803,705,1508,0.1388
797,702,1499,0.1388
794,694,1488,0.1388
789,704,1493,0.1388
796,695,1491,0.1388
799,695,1494,0.1388
799,691,1490,0.1388
797,701,1498,0.1388
802,708,1510,0.1388
799,706,1505,0.1388
795,715,1510,0.1388
794,709,1503,0.1388
787,710,1497,0.1388
784,710,1494,0.1388
771,717,1488,0.1388
774,713,1487,0.1388
783,719,1502,0.1388
781,715,1496,0.1388
785,716,1501,0.1388
779,712,1491,0.1388
778,716,1494,0.1388
770,718,1488,0.1388
768,731,1499,0.1388
772,724,1496,0.1388
771,725,1496,0.1388
774,722,1496,0.1388
778,713,1491,0.1388
787,718,1505,0.1388
785,718,1503,0.1388
779,723,1502,0.1388
775,736,1511,0.1388
772,740,1512,0.1388
775,732,1507,0.1388
780,732,1512,0.1388
770,734,1504,0.1388
777,734,1511,0.1388
776,739,1515,0.1388
769,737,1506,0.1388
770,738,1508,0.1388
759,735,1494,0.1388
752,743,1495,0.1388
746,743,1489,0.1388
746,744,1490,0.1388
758,737,1495,0.1388
754,724,1478,0.1388
747,723,1470,0.1388
749,744,1493,0.1388
747,744,1491,0.1388
747,745,1492,0.1388
741,756,1497,0.1388
752,754,1506,0.1388
751,751,1502,0.1388
743,744,1487,0.1388
741,742,1483,0.1388
740,749,1489,0.1388
741,744,1485,0.1388
740,749,1489,0.1388
745,762,1507,0.1388
744,768,1512,0.1388
738,766,1504,0.1388
747,769,1516,0.1388
750,769,1519,0.1388
743,765,1508,0.1388
743,761,1504,0.1388
743,772,1515,0.1388
733,768,1501,0.1388
729,768,1497,0.1388
728,761,1489,0.1388
730,755,1485,0.1388
734,758,1492,0.1388
735,769,1504,0.1388
728,770,1498,0.1388
728,772,1500,0.1388
732,774,1506,0.1388
734,779,1513,0.1388
729,777,1506,0.1388
729,783,1512,0.1388
736,780,1516,0.1388
740,778,1518,0.1388
738,781,1519,0.1388
738,784,1522,0.1388
737,779,1516,0.1388
738,780,1518,0.1388
727,779,1506,0.1388
725,773,1498,0.1388
736,765,1501,0.1388
740,765,1505,0.1388
731,777,1508,0.1388
747,769,1516,0.1388
743,767,1510,0.1388
748,765,1513,0.1388
748,762,1510,0.1388
750,764,1514,0.1388
748,761,1509,0.1388
752,764,1516,0.1388
753,765,1518,0.1388
750,768,1518,0.1388
750,763,1513,0.1388
752,765,1517,0.1388
751,758,1509,0.1388
749,759,1508,0.1388
741,762,1503,0.1388
736,766,1502,0.1388
734,773,1507,0.1388
725,770,1495,0.1388
719,778,1497,0.1388
719,773,1492,0.1388
717,781,1498,0.1388
718,775,1493,0.1388
717,784,1501,0.1388
726,778,1504,0.1388
730,789,1519,0.1388
726,778,1504,0.1388
724,777,1501,0.1388
725,777,1502,0.1388
729,778,1507,0.1388
726,785,1511,0.1388
711,788,1499,0.1388
712,796,1508,0.1388
708,799,1507,0.1388
706,800,1506,0.1388
710,793,1503,0.1388
703,801,1504,0.1388
708,800,1508,0.1388
708,801,1509,0.1388
716,798,1514,0.1388
723,801,1524,0.1388
725,795,1520,0.1388
716,807,1523,0.1388
704,809,1513,0.1388
701,809,1510,0.1388
699,807,1506,0.1388
701,810,1511,0.1388
696,805,1501,0.1388
698,816,1514,0.1388
692,814,1506,0.1388
691,816,1507,0.1388
687,811,1498,0.1388
700,816,1516,0.1388
693,815,1508,0.1388
686,829,1515,0.1388
672,823,1495,0.1388
672,833,1505,0.1388
668,825,1493,0.1388
671,832,1503,0.1388
666,833,1499,0.1388
673,826,1499,0.1388
666,832,1498,0.1388
661,839,1500,0.1388
654,834,1488,0.1388
665,842,1507,0.1388
668,844,1512,0.1388
676,843,1519,0.1388
664,841,1505,0.1388
663,850,1513,0.1388
657,846,1503,0.1388
657,848,1505,0.1388
660,854,1514,0.1388
661,854,1515,0.1388
661,858,1519,0.1388
655,852,1507,0.1388
659,861,1520,0.1388
661,864,1525,0.1388
653,856,1509,0.1388
650,847,1497,0.1388
647,853,1500,0.1388
641,855,1496,0.1388
649,858,1507,0.1388
642,862,1504,0.1388
646,868,1514,0.1388
640,863,1503,0.1388
639,863,1502,0.1388
643,867,1510,0.1388
637,865,1502,0.1388
630,874,1504,0.1388
635,878,1513,0.1388
632,885,1517,0.1388
635,876,1511,0.1388
630,875,1505,0.1388
626,874,1500,0.1388
625,878,1503,0.1388
626,877,1503,0.1388
627,861,1488,0.1388
626,864,1490,0.1388
634,866,1500,0.1388
639,872,1511,0.1388
634,871,1505,0.1388
630,874,1504,0.1388
630,878,1508,0.1388
630,886,1516,0.1388
631,893,1524,0.1388
630,893,1523,0.1388
621,886,1507,0.1388
620,895,1515,0.1388
624,894,1518,0.1388
621,890,1511,0.1388
624,897,1521,0.1388
627,892,1519,0.1388
630,887,1517,0.1388
632,874,1506,0.1388
626,881,1507,0.1388
630,890,1520,0.1388
632,887,1519,0.1388
627,887,1514,0.1388
623,895,1518,0.1388
622,874,1496,0.1388
619,896,1515,0.1388
620,897,1517,0.1388
620,885,1505,0.1388
622,877,1499,0.1388
621,888,1509,0.1388
616,893,1509,0.1388
609,900,1509,0.1388
614,906,1520,0.1388
610,912,1522,0.1388
619,901,1520,0.1388
612,885,1497,0.1388
611,897,1508,0.1388
611,898,1509,0.1388
611,900,1511,0.1388
607,907,1514,0.1388
607,913,1520,0.1388
600,904,1504,0.1388
604,910,1514,0.1388
602,918,1520,0.1388
594,928,1522,0.1388
583,933,1516,0.1388
575,937,1512,0.1388
571,935,1506,0.1388
572,931,1503,0.1388
568,931,1499,0.1388
566,929,1495,0.1388
567,929,1496,0.1388
569,931,1500,0.1388
561,933,1494,0.1388
566,941,1507,0.1388
573,928,1501,0.1388
565,931,1496,0.1388
564,930,1494,0.1388
563,940,1503,0.1388
561,939,1500,0.1388
570,942,1512,0.1388
568,946,1514,0.1388
565,956,1521,0.1388
564,943,1507,0.1388
558,939,1497,0.1388
563,945,1508,0.1388
567,948,1515,0.1388
573,941,1514,0.1388
575,942,1517,0.1388
567,939,1506,0.1388
567,933,1500,0.1388
567,936,1503,0.1388
563,935,1498,0.1388
567,942,1509,0.1388
567,935,1502,0.1388
549,940,1489,0.1388
556,941,1497,0.1388
562,951,1513,0.1388
556,952,1508,0.1388
558,949,1507,0.1388
551,953,1504,0.1388
552,966,1518,0.1388
547,969,1516,0.1388
548,970,1518,0.1388
544,979,1523,0.1388
541,966,1507,0.1388
548,972,1520,0.1388
551,974,1525,0.1388
552,970,1522,0.1388
545,969,1514,0.1388
546,957,1503,0.1388
539,964,1503,0.1388
537,966,1503,0.1388
535,961,1496,0.1388
540,964,1504,0.1388
541,967,1508,0.1388
534,969,1503,0.1388
544,966,1510,0.1388
542,970,1512,0.1388
542,974,1516,0.1388
535,978,1513,0.1388
532,980,1512,0.1388
529,985,1514,0.1388
523,991,1514,0.1388
527,990,1517,0.1388
530,988,1518,0.1388
529,985,1514,0.1388
529,985,1514,0.1388
513,985,1498,0.1388
515,994,1509,0.1388
507,986,1493,0.1388
518,991,1509,0.1388
528,992,1520,0.1388
529,991,1520,0.1388
524,995,1519,0.1388
516,991,1507,0.1388
510,996,1506,0.1388
508,1001,1509,0.1388
510,1012,1522,0.1388
509,1012,1521,0.1388
507,1016,1523,0.1388
512,998,1510,0.1388
515,990,1505,0.1388
513,987,1500,0.1388
512,985,1497,0.1388
514,987,1501,0.1388
513,996,1509,0.1388
521,978,1499,0.1388
517,987,1504,0.1388
523,999,1522,0.1388
524,993,1517,0.1388
523,987,1510,0.1388
519,983,1502,0.1388
527,1003,1530,0.1388
518,1000,1518,0.1388
523,997,1520,0.1388
513,1007,1520,0.1388
511,1006,1517,0.1388
504,1005,1509,0.1388
507,1004,1511,0.1388
510,1008,1518,0.1388
504,1008,1512,0.1388
505,1015,1520,0.1388
495,1015,1510,0.1388
497,1009,1506,0.1388
499,1011,1510,0.1388
503,1009,1512,0.1388
502,1013,1515,0.1388
490,1013,1503,0.1388
489,1015,1504,0.1388
489,1017,1506,0.1388
483,1015,1498,0.1388
476,1026,1502,0.1388
485,1023,1508,0.1388
484,1023,1507,0.1388
488,1021,1509,0.1388
486,1032,1518,0.1388
490,1030,1520,0.1388
491,1029,1520,0.1388
494,1022,1516,0.1388
494,1028,1522,0.1388
494,1015,1509,0.1388
491,1030,1521,0.1388
493,1035,1528,0.1388
486,1033,1519,0.1388
480,1031,1511,0.1388
475,1035,1510,0.1388
477,1042,1519,0.1388
479,1042,1521,0.1388
473,1044,1517,0.1388
472,1060,1532,0.1388
473,1049,1522,0.1388
469,1046,1515,0.1388
474,1044,1518,0.1388
474,1037,1511,0.1388
477,1044,1521,0.1388
479,1042,1521,0.1388
483,1030,1513,0.1388
476,1031,1507,0.1388
475,1036,1511,0.1388
478,1039,1517,0.1388
470,1032,1502,0.1388
463,1035,1498,0.1388
467,1045,1512,0.1388
469,1049,1518,0.1388
464,1039,1503,0.1388
464,1042,1506,0.1388
456,1046,1502,0.1388
457,1054,1511,0.1388
448,1055,1503,0.1388
453,1053,1506,0.1388
448,1051,1499,0.1388
449,1045,1494,0.1388
452,1047,1499,0.1388
444,1056,1500,0.1388
446,1064,1510,0.1388
442,1069,1511,0.1388
442,1073,1515,0.1388
449,1074,1523,0.1388
447,1076,1523,0.1388
453,1055,1508,0.1388
452,1072,1524,0.1388
456,1077,1533,0.1388
450,1076,1526,0.1388
444,1082,1526,0.1388
438,1082,1520,0.1388
436,1079,1515,0.1388
436,1072,1508,0.1388
435,1084,1519,0.1388
437,1076,1513,0.1388
443,1077,1520,0.1388
441,1075,1516,0.1388
435,1077,1512,0.1388
435,1080,1515,0.1388
432,1073,1505,0.1388
430,1072,1502,0.1388
427,1074,1501,0.1388
428,1078,1506,0.1388
425,1080,1505,0.1388
422,1087,1509,0.1388
421,1075,1496,0.1388
418,1096,1514,0.1388
418,1096,1514,0.1388
416,1100,1516,0.1388
415,1096,1511,0.1388
412,1083,1495,0.1388
417,1078,1495,0.1388
422,1093,1515,0.1388
423,1094,1517,0.1388
420,1106,1526,0.1388
413,1103,1516,0.1388
410,1107,1517,0.1388
405,1112,1517,0.1388
407,1112,1519,0.1388
409,1112,1521,0.1388
409,1104,1513,0.1388
411,1100,1511,0.1388
411,1095,1506,0.1388
406,1098,1504,0.1388
410,1094,1504,0.1388
415,1105,1520,0.1388
409,1116,1525,0.1388
403,1119,1522,0.1388
400,1114,1514,0.1388
406,1111,1517,0.1388
403,1111,1514,0.1388
404,1105,1509,0.1388
405,1103,1508,0.1388
402,1103,1505,0.1388
404,1100,1504,0.1388
397,1108,1505,0.1388
394,1120,1514,0.1388
395,1124,1519,0.1388
388,1121,1509,0.1388
391,1122,1513,0.1388
396,1121,1517,0.1388
393,1133,1526,0.1388
391,1129,1520,0.1388
386,1127,1513,0.1388
388,1112,1500,0.1388
387,1123,1510,0.1388
385,1128,1513,0.1388
384,1123,1507,0.1388
378,1130,1508,0.1388
377,1130,1507,0.1388
383,1129,1512,0.1388
388,1131,1519,0.1388
387,1131,1518,0.1388
385,1120,1505,0.1388
388,1117,1505,0.1388
390,1120,1510,0.1388
390,1123,1513,0.1388
393,1120,1513,0.1388
387,1130,1517,0.1388
395,1140,1535,0.1388
392,1129,1521,0.1388
388,1129,1517,0.1388
377,1131,1508,0.1388
379,1121,1500,0.1388
384,1122,1506,0.1388
381,1121,1502,0.1388
385,1127,1512,0.1388
382,1134,1516,0.1388
379,1129,1508,0.1388
378,1127,1505,0.1388
370,1134,1504,0.1388
365,1133,1498,0.1388
360,1140,1500,0.1388
356,1135,1491,0.1388
355,1121,1476,0.1388
359,1118,1477,0.1388
364,1124,1488,0.1388
359,1130,1489,0.1388
361,1137,1498,0.1388
361,1148,1509,0.1388
369,1155,1524,0.1388
367,1148,1515,0.1388
366,1145,1511,0.1388
359,1153,1512,0.1388
362,1163,1525,0.1388
364,1150,1514,0.1388
361,1138,1499,0.1388
360,1150,1510,0.1388
356,1159,1515,0.1388
355,1152,1507,0.1388
363,1161,1524,0.1388
360,1149,1509,0.1388
358,1146,1504,0.1388
354,1153,1507,0.1388
360,1152,1512,0.1388
360,1156,1516,0.1388
358,1158,1516,0.1388
355,1166,1521,0.1388
350,1172,1522,0.1388
349,1171,1520,0.1388
345,1160,1505,0.1388
351,1158,1509,0.1388
349,1152,1501,0.1388
346,1148,1494,0.1388
348,1157,1505,0.1388
348,1169,1517,0.1388
353,1165,1518,0.1388
351,1169,1520,0.1388
340,1167,1507,0.1388
339,1172,1511,0.1388
341,1177,1518,0.1388
345,1169,1514,0.1388
344,1164,1508,0.1388
347,1161,1508,0.1388
352,1166,1518,0.1388
343,1168,1511,0.1388
347,1155,1502,0.1388
348,1162,1510,0.1388
349,1155,1504,0.1388
353,1147,1500,0.1388
351,1161,1512,0.1388
346,1156,1502,0.1388
346,1163,1509,0.1388
348,1166,1514,0.1388
350,1167,1517,0.1388
346,1164,1510,0.1388
344,1162,1506,0.1388
341,1177,1518,0.1388
335,1172,1507,0.1388
341,1176,1517,0.1388
341,1176,1517,0.1388
336,1176,1512,0.1388
337,1172,1509,0.1388
342,1173,1515,0.1388
338,1174,1512,0.1388
321,1169,1490,0.1388
328,1170,1498,0.1388
327,1174,1501,0.1388
321,1174,1495,0.1388
318,1186,1504,0.1388
316,1200,1516,0.1388
312,1200,1512,0.1388
311,1196,1507,0.1388
312,1206,1518,0.1388
309,1209,1518,0.1388
310,1216,1526,0.1388
310,1219,1529,0.1388
311,1214,1525,0.1388
311,1217,1528,0.1388
310,1221,1531,0.1388
312,1212,1524,0.1388
313,1211,1524,0.1388
314,1211,1525,0.1388
317,1197,1514,0.1388
314,1193,1507,0.1388
312,1204,1516,0.1388
305,1210,1515,0.1388
304,1210,1514,0.1388
297,1213,1510,0.1388
304,1222,1526,0.1388
309,1220,1529,0.1388
310,1217,1527,0.1388
312,1220,1532,0.1388
311,1221,1532,0.1388
303,1223,1526,0.1388
308,1216,1524,0.1388
301,1216,1517,0.1388
301,1217,1518,0.1388
301,1221,1522,0.1388
303,1210,1513,0.1388
297,1234,1531,0.1388
295,1226,1521,0.1388
291,1221,1512,0.1388
289,1218,1507,0.1388
285,1226,1511,0.1388
283,1228,1511,0.1388
276,1225,1501,0.1388
277,1240,1517,0.1388
279,1230,1509,0.1388
284,1229,1513,0.1388
284,1236,1520,0.1388
275,1233,1508,0.1388
277,1249,1526,0.1388
283,1227,1510,0.1388
285,1235,1520,0.1388
286,1237,1523,0.1388
285,1229,1514,0.1388
283,1224,1507,0.1388
280,1228,1508,0.1388
285,1237,1522,0.1388
283,1235,1518,0.1388
279,1240,1519,0.1388
272,1245,1517,0.1388
275,1240,1515,0.1388
274,1229,1503,0.1388
273,1251,1524,0.1388
270,1238,1508,0.1388
267,1253,1520,0.1388
270,1250,1520,0.1388
268,1250,1518,0.1388
267,1250,1517,0.1388
261,1265,1526,0.1388
254,1253,1507,0.1388
259,1242,1501,0.1388
257,1247,1504,0.1388
259,1247,1506,0.1388
262,1242,1504,0.1388
261,1247,1508,0.1388
267,1239,1506,0.1388
270,1234,1504,0.1388
262,1228,1490,0.1388
261,1219,1480,0.1388
258,1226,1484,0.1388
258,1247,1505,0.1388
258,1258,1516,0.1388
259,1256,1515,0.1388
255,1249,1504,0.1388
261,1240,1501,0.1388
257,1251,1508,0.1388
252,1256,1508,0.1388
257,1263,1520,0.1388
256,1263,1519,0.1388
255,1243,1498,0.1388
255,1249,1504,0.1388
258,1245,1503,0.1388
251,1261,1512,0.1388
247,1258,1505,0.1388
251,1267,1518,0.1388
245,1271,1516,0.1388
242,1270,1512,0.1388
240,1265,1505,0.1388
244,1267,1511,0.1388
246,1273,1519,0.1388
241,1287,1528,0.1388
243,1277,1520,0.1388
241,1278,1519,0.1388
242,1278,1520,0.1388
242,1270,1512,0.1388
246,1263,1509,0.1388
243,1262,1505,0.1388
245,1255,1500,0.1388
245,1255,1500,0.1388
243,1256,1499,0.1388
243,1253,1496,0.1388
239,1265,1504,0.1388
246,1278,1524,0.1388
243,1280,1523,0.1388
243,1277,1520,0.1388
238,1275,1513,0.1388
238,1283,1521,0.1388
239,1271,1510,0.1388
242,1271,1513,0.1388
241,1284,1525,0.1388
241,1289,1530,0.1388
238,1286,1524,0.1388
239,1269,1508,0.1388
239,1255,1494,0.1388
242,1271,1513,0.1388
244,1274,1518,0.1388
247,1280,1527,0.1388
248,1276,1524,0.1388
241,1268,1509,0.1388
234,1271,1505,0.1388
233,1275,1508,0.1388
238,1272,1510,0.1388
236,1274,1510,0.1388
235,1279,1514,0.1388
234,1284,1518,0.1388
238,1289,1527,0.1388
230,1279,1509,0.1388
232,1276,1508,0.1388
232,1271,1503,0.1388
236,1287,1523,0.1388
238,1287,1525,0.1388
232,1301,1533,0.1388
228,1301,1529,0.1388
226,1302,1528,0.1388
227,1297,1524,0.1388
228,1298,1526,0.1388
229,1288,1517,0.1388
231,1296,1527,0.1388
232,1296,1528,0.1388
228,1292,1520,0.1388
222,1304,1526,0.1388
229,1292,1521,0.1388
230,1305,1535,0.1388
226,1305,1531,0.1388
229,1307,1536,0.1388
229,1301,1530,0.1388
226,1292,1518,0.1388
224,1283,1507,0.1388
222,1275,1497,0.1388
218,1289,1507,0.1388
211,1280,1491,0.1388
209,1282,1491,0.1388
211,1286,1497,0.1388
216,1290,1506,0.1388
221,1297,1518,0.1388
217,1304,1521,0.1388
218,1302,1520,0.1388
215,1315,1530,0.1388
214,1308,1522,0.1388
215,1302,1517,0.1388
217,1312,1529,0.1388
218,1309,1527,0.1388
215,1290,1505,0.1388
211,1284,1495,0.1388
217,1297,1514,0.1388
214,1294,1508,0.1388
214,1288,1502,0.1388
216,1295,1511,0.1388
216,1306,1522,0.1388
216,1301,1517,0.1388
212,1305,1517,0.1388
215,1298,1513,0.1388
211,1307,1518,0.1388
211,1295,1506,0.1388
213,1295,1508,0.1388
217,1308,1525,0.1388
209,1304,1513,0.1388
209,1311,1520,0.1388
213,1300,1513,0.1388
216,1294,1510,0.1388
216,1293,1509,0.1388
215,1299,1514,0.1388
212,1291,1503,0.1388
215,1291,1506,0.1388
211,1295,1506,0.1388
210,1297,1507,0.1388
205,1297,1502,0.1388
205,1293,1498,0.1388
200,1315,1515,0.1388
200,1311,1511,0.1388
198,1310,1508,0.1388
200,1304,1504,0.1388
199,1304,1503,0.1388
201,1316,1517,0.1388
201,1311,1512,0.1388
201,1311,1512,0.1388
199,1318,1517,0.1388
201,1325,1526,0.1388
201,1334,1535,0.1388
202,1312,1514,0.1388
201,1307,1508,0.1388
196,1308,1504,0.1388
203,1301,1504,0.1388
203,1302,1505,0.1388
200,1306,1506,0.1388
199,1304,1503,0.1388
196,1304,1500,0.1388
194,1297,1491,0.1388
195,1290,1485,0.1388
196,1298,1494,0.1388
197,1319,1516,0.1388
195,1306,1501,0.1388
191,1308,1499,0.1388
190,1321,1511,0.1388
190,1323,1513,0.1388
192,1324,1516,0.1388
190,1330,1520,0.1388
188,1325,1513,0.1388
187,1321,1508,0.1388
185,1332,1517,0.1388
186,1344,1530,0.1388
184,1353,1537,0.1388
185,1337,1522,0.1388
185,1340,1525,0.1388
186,1327,1513,0.1388
188,1325,1513,0.1388
187,1326,1513,0.1388
187,1318,1505,0.1388
185,1323,1508,0.1388
190,1315,1505,0.1388
189,1332,1521,0.1388
187,1335,1522,0.1388
190,1351,1541,0.1388
191,1341,1532,0.1388
190,1317,1507,0.1388
187,1322,1509,0.1388
183,1326,1509,0.1388
180,1334,1514,0.1388
179,1333,1512,0.1388
181,1327,1508,0.1388
180,1339,1519,0.1388
179,1339,1518,0.1388
181,1355,1536,0.1388
181,1350,1531,0.1388
184,1334,1518,0.1388
186,1336,1522,0.1388
183,1332,1515,0.1388
181,1343,1524,0.1388
179,1349,1528,0.1388
176,1345,1521,0.1388
173,1342,1515,0.1388
170,1340,1510,0.1388
168,1350,1518,0.1388
166,1352,1518,0.1388
167,1337,1504,0.1388
175,1331,1506,0.1388
173,1329,1502,0.1388
169,1341,1510,0.1388
168,1346,1514,0.1388
168,1345,1513,0.1388
162,1334,1496,0.1388
165,1324,1489,0.1388
170,1336,1506,0.1388
171,1327,1498,0.1388
169,1331,1500,0.1388
173,1345,1518,0.1388
172,1331,1503,0.1388
172,1340,1512,0.1388
171,1340,1511,0.1388
173,1358,1531,0.1388
170,1362,1532,0.1388
174,1362,1536,0.1388
170,1365,1535,0.1388
171,1360,1531,0.1388
176,1348,1524,0.1388
173,1346,1519,0.1388
170,1333,1503,0.1388
168,1318,1486,0.1388
171,1342,1513,0.1388
173,1349,1522,0.1388
173,1358,1531,0.1388
169,1363,1532,0.1388
173,1359,1532,0.1388
176,1358,1534,0.1388
177,1353,1530,0.1388
180,1337,1517,0.1388
179,1332,1511,0.1388
177,1349,1526,0.1388
176,1336,1512,0.1388
175,1329,1504,0.1388
174,1328,1502,0.1388
173,1333,1506,0.1388
172,1318,1490,0.1388
170,1309,1479,0.1388
172,1311,1483,0.1388
173,1328,1501,0.1388
173,1327,1500,0.1388
168,1328,1496,0.1388
169,1337,1506,0.1388
166,1343,1509,0.1388
167,1351,1518,0.1388
165,1352,1517,0.1388
164,1351,1515,0.1388
166,1342,1508,0.1388
169,1347,1516,0.1388
168,1356,1524,0.1388
165,1358,1523,0.1388
164,1355,1519,0.1388
162,1361,1523,0.1388
161,1351,1512,0.1388
162,1352,1514,0.1388
160,1352,1512,0.1388
160,1352,1512,0.1388
163,1351,1514,0.1388
162,1346,1508,0.1388
159,1349,1508,0.1388
162,1348,1510,0.1388
159,1350,1509,0.1388
156,1347,1503,0.1388
157,1347,1504,0.1388
154,1344,1498,0.1388
154,1333,1487,0.1388
154,1350,1504,0.1388
153,1357,1510,0.1388
155,1349,1504,0.1388
158,1344,1502,0.1388
154,1345,1499,0.1388
152,1354,1506,0.1388
152,1362,1514,0.1388
153,1351,1504,0.1388
155,1350,1505,0.1388
153,1358,1511,0.1388
156,1349,1505,0.1388
156,1370,1526,0.1388
156,1369,1525,0.1388
155,1376,1531,0.1388
154,1371,1525,0.1388
154,1368,1522,0.1388
151,1365,1516,0.1388
152,1365,1517,0.1388
150,1366,1516,0.1388
151,1363,1514,0.1388
148,1362,1510,0.1388
149,1360,1509,0.1388
149,1370,1519,0.1388
147,1371,1518,0.1388
145,1362,1507,0.1388
145,1364,1509,0.1388
148,1362,1510,0.1388
151,1370,1521,0.1388
150,1364,1514,0.1388
150,1360,1510,0.1388
152,1357,1509,0.1388
153,1357,1510,0.1388
156,1356,1512,0.1388
156,1362,1518,0.1388
152,1361,1513,0.1388
151,1370,1521,0.1388
145,1365,1510,0.1388
145,1365,1510,0.1388
139,1362,1501,0.1388
140,1361,1501,0.1388
137,1364,1501,0.1388
134,1364,1498,0.1388
133,1368,1501,0.1388
134,1368,1502,0.1388
136,1371,1507,0.1388
137,1370,1507,0.1388
138,1379,1517,0.1388
133,1382,1515,0.1388
135,1379,1514,0.1388
135,1374,1509,0.1388
135,1383,1518,0.1388
134,1380,1514,0.1388
133,1388,1521,0.1388
130,1381,1511,0.1388
134,1376,1510,0.1388
133,1386,1519,0.1388
132,1382,1514,0.1388
133,1384,1517,0.1388
132,1365,1497,0.1388
135,1362,1497,0.1388
139,1369,1508,0.1388
134,1375,1509,0.1388
134,1379,1513,0.1388
134,1385,1519,0.1388
133,1375,1508,0.1388
136,1374,1510,0.1388
136,1373,1509,0.1388
139,1374,1513,0.1388
137,1364,1501,0.1388
134,1359,1493,0.1388
133,1374,1507,0.1388
134,1373,1507,0.1388
131,1377,1508,0.1388
129,1390,1519,0.1388
134,1381,1515,0.1388
134,1380,1514,0.1388
136,1379,1515,0.1388
136,1382,1518,0.1388
133,1386,1519,0.1388
134,1377,1511,0.1388
137,1382,1519,0.1388
137,1384,1521,0.1388
136,1388,1524,0.1388
136,1389,1525,0.1388
135,1387,1522,0.1388
138,1386,1524,0.1388
138,1381,1519,0.1388
134,1385,1519,0.1388
135,1390,1525,0.1388
133,1386,1519,0.1388
135,1398,1533,0.1388
132,1395,1527,0.1388
128,1392,1520,0.1388
128,1396,1524,0.1388
132,1399,1531,0.1388
129,1388,1517,0.1388
129,1400,1529,0.1388
131,1392,1523,0.1388
134,1381,1515,0.1388
133,1383,1516,0.1388
136,1380,1516,0.1388
136,1378,1514,0.1388
135,1374,1509,0.1388
138,1366,1504,0.1388
140,1363,1503,0.1388
138,1377,1515,0.1388
139,1373,1512,0.1388
140,1382,1522,0.1388
135,1390,1525,0.1388
131,1396,1527,0.1388
132,1388,1520,0.1388
129,1396,1525,0.1388
133,1395,1528,0.1388
131,1392,1523,0.1388
129,1393,1522,0.1388
131,1380,1511,0.1388
129,1383,1512,0.1388
129,1389,1518,0.1388
127,1392,1519,0.1388
128,1389,1517,0.1388
126,1413,1539,0.1388
124,1396,1520,0.1388
125,1390,1515,0.1388
124,1392,1516,0.1388
126,1398,1524,0.1388
123,1395,1518,0.1388
124,1398,1522,0.1388
127,1390,1517,0.1388
126,1393,1519,0.1388
123,1386,1509,0.1388
121,1388,1509,0.1388
123,1383,1506,0.1388
125,1379,1504,0.1388
123,1393,1516,0.1388
118,1390,1508,0.1388
123,1377,1500,0.1388
120,1381,1501,0.1388
121,1377,1498,0.1388
119,1394,1513,0.1388
120,1394,1514,0.1388
121,1396,1517,0.1388
123,1389,1512,0.1388
121,1401,1522,0.1388
124,1403,1527,0.1388
122,1407,1529,0.1388
123,1403,1526,0.1388
122,1411,1533,0.1388
119,1409,1528,0.1388
116,1399,1515,0.1388
115,1402,1517,0.1388
115,1404,1519,0.1388
115,1400,1515,0.1388
110,1401,1511,0.1388
108,1390,1498,0.1388
104,1399,1503,0.1388
105,1407,1512,0.1388
105,1403,1508,0.1388
102,1414,1516,0.1388
100,1408,1508,0.1388
101,1412,1513,0.1388
104,1410,1514,0.1388
103,1413,1516,0.1388
103,1410,1513,0.1388
107,1407,1514,0.1388
105,1414,1519,0.1388
112,1408,1520,0.1388
112,1398,1510,0.1388
110,1411,1521,0.1388
110,1407,1517,0.1388
109,1402,1511,0.1388
107,1411,1518,0.1388
107,1410,1517,0.1388
107,1408,1515,0.1388
105,1413,1518,0.1388
106,1424,1530,0.1388
107,1420,1527,0.1388
107,1420,1527,0.1388
107,1422,1529,0.1388
104,1417,1521,0.1388
101,1413,1514,0.1388
100,1396,1496,0.1388
102,1413,1515,0.1388
103,1410,1513,0.1388
107,1413,1520,0.1388
109,1421,1530,0.1388
105,1418,1523,0.1388
104,1411,1515,0.1388
103,1415,1518,0.1388
105,1405,1510,0.1388
107,1408,1515,0.1388
104,1419,1523,0.1388
107,1413,1520,0.1388
107,1406,1513,0.1388
103,1409,1512,0.1388
104,1413,1517,0.1388
107,1406,1513,0.1388
105,1407,1512,0.1388
103,1409,1512,0.1388
109,1416,1525,0.1388
107,1407,1514,0.1388
108,1406,1514,0.1388
112,1416,1528,0.1388
107,1415,1522,0.1388
107,1410,1517,0.1388
103,1409,1512,0.1388
100,1399,1499,0.1388
101,1407,1508,0.1388
102,1403,1505,0.1388
103,1418,1521,0.1388
105,1407,1512,0.1388
105,1409,1514,0.1388
105,1413,1518,0.1388
107,1411,1518,0.1388
105,1404,1509,0.1388
104,1406,1510,0.1388
101,1409,1510,0.1388
100,1410,1510,0.1388
102,1410,1512,0.1388
103,1411,1514,0.1388
102,1404,1506,0.1388
109,1410,1519,0.1388
106,1418,1524,0.1388
103,1408,1511,0.1388
102,1406,1508,0.1388
98,1400,1498,0.1388
97,1401,1498,0.1388
99,1398,1497,0.1388
98,1414,1512,0.1388
99,1408,1507,0.1388
99,1403,1502,0.1388
98,1414,1512,0.1388
100,1426,1526,0.1388
96,1425,1521,0.1388
99,1422,1521,0.1388
98,1418,1516,0.1388
98,1419,1517,0.1388
98,1418,1516,0.1388
97,1421,1518,0.1388
97,1417,1514,0.1388
98,1404,1502,0.1388
94,1406,1500,0.1388
96,1408,1504,0.1388
95,1411,1506,0.1388
95,1426,1521,0.1388
97,1421,1518,0.1388
96,1429,1525,0.1388
98,1432,1530,0.1388
96,1421,1517,0.1388
94,1415,1509,0.1388
95,1423,1518,0.1388
97,1406,1503,0.1388
95,1405,1500,0.1388
94,1420,1514,0.1388
93,1404,1497,0.1388
91,1414,1505,0.1388
93,1408,1501,0.1388
93,1403,1496,0.1388
92,1419,1511,0.1388
91,1424,1515,0.1388
86,1436,1522,0.1388
88,1413,1501,0.1388
86,1430,1516,0.1388
87,1430,1517,0.1388
89,1425,1514,0.1388
87,1410,1497,0.1388
84,1429,1513,0.1388
82,1424,1506,0.1388
82,1433,1515,0.1388
83,1424,1507,0.1388
89,1425,1514,0.1388
87,1426,1513,0.1388
85,1433,1518,0.1388
85,1420,1505,0.1388
86,1431,1517,0.1388
84,1441,1525,0.1388
83,1428,1511,0.1388
85,1423,1508,0.1388
85,1435,1520,0.1388
86,1436,1522,0.1388
83,1423,1506,0.1388
83,1437,1520,0.1388
84,1442,1526,0.1388
85,1452,1537,0.1388
84,1429,1513,0.1388
83,1423,1506,0.1388
79,1415,1494,0.1388
80,1420,1500,0.1388
78,1423,1501,0.1388
77,1427,1504,0.1388
81,1434,1515,0.1388
82,1435,1517,0.1388
80,1421,1501,0.1388
81,1441,1522,0.1388
76,1427,1503,0.1388
75,1422,1497,0.1388
71,1425,1496,0.1388
71,1436,1507,0.1388
70,1451,1521,0.1388
72,1449,1521,0.1388
73,1447,1520,0.1388
74,1458,1532,0.1388
72,1461,1533,0.1388
70,1458,1528,0.1388
69,1458,1527,0.1388
70,1450,1520,0.1388
72,1444,1516,0.1388
71,1443,1514,0.1388
69,1448,1517,0.1388
69,1444,1513,0.1388
69,1444,1513,0.1388
72,1440,1512,0.1388
71,1443,1514,0.1388
71,1455,1526,0.1388
72,1448,1520,0.1388
71,1441,1512,0.1388
67,1442,1509,0.1388
69,1446,1515,0.1388
73,1436,1509,0.1388
75,1437,1512,0.1388
76,1437,1513,0.1388
73,1450,1523,0.1388
72,1457,1529,0.1388
69,1457,1526,0.1388
72,1454,1526,0.1388
76,1455,1531,0.1388
74,1457,1531,0.1388
74,1458,1532,0.1388
71,1459,1530,0.1388
71,1454,1525,0.1388
71,1458,1529,0.1388
69,1463,1532,0.1388
65,1462,1527,0.1388
66,1449,1515,0.1388
66,1448,1514,0.1388
68,1442,1510,0.1388
66,1443,1509,0.1388
68,1445,1513,0.1388
69,1445,1514,0.1388
66,1439,1505,0.1388
66,1448,1514,0.1388
67,1443,1510,0.1388
69,1447,1516,0.1388
67,1446,1513,0.1388
67,1446,1513,0.1388
67,1438,1505,0.1388
67,1441,1508,0.1388
69,1444,1513,0.1388
71,1436,1507,0.1388
70,1438,1508,0.1388
68,1445,1513,0.1388
65,1444,1509,0.1388
67,1448,1515,0.1388
64,1443,1507,0.1388
63,1443,1506,0.1388
65,1445,1510,0.1388
65,1450,1515,0.1388
65,1461,1526,0.1388
65,1454,1519,0.1388
64,1453,1517,0.1388
66,1460,1526,0.1388
67,1462,1529,0.1388
65,1462,1527,0.1388
66,1467,1533,0.1388
66,1464,1530,0.1388
63,1460,1523,0.1388
65,1466,1531,0.1388
64,1458,1522,0.1388
65,1452,1517,0.1388
62,1446,1508,0.1388
60,1463,1523,0.1388
59,1463,1522,0.1388
58,1462,1520,0.1388
57,1478,1535,0.1388
57,1471,1528,0.1388
56,1458,1514,0.1388
55,1460,1515,0.1388
55,1462,1517,0.1388
54,1468,1522,0.1388
53,1464,1517,0.1388
52,1463,1515,0.1388
54,1458,1512,0.1388
53,1460,1513,0.1388
51,1455,1506,0.1388
51,1461,1512,0.1388
48,1462,1510,0.1388
48,1460,1508,0.1388
47,1479,1526,0.1388
50,1454,1504,0.1388
49,1446,1495,0.1388
48,1451,1499,0.1388
48,1455,1503,0.1388
45,1464,1509,0.1388
42,1456,1498,0.1388
42,1475,1517,0.1388
40,1469,1509,0.1388
43,1473,1516,0.1388
44,1485,1529,0.1388
44,1491,1535,0.1388
42,1469,1511,0.1388
43,1476,1519,0.1388
43,1479,1522,0.1388
41,1483,1524,0.1388
41,1489,1530,0.1388
42,1486,1528,0.1388
41,1493,1534,0.1388
41,1490,1531,0.1388
41,1487,1528,0.1388
40,1479,1519,0.1388
40,1468,1508,0.1388
41,1467,1508,0.1388
38,1464,1502,0.1388
37,1473,1510,0.1388
36,1489,1525,0.1388
34,1481,1515,0.1388
36,1487,1523,0.1388
35,1492,1527,0.1388
34,1481,1515,0.1388
35,1486,1521,0.1388
35,1505,1540,0.1388
33,1495,1528,0.1388
32,1500,1532,0.1388
32,1485,1517,0.1388
32,1488,1520,0.1388
33,1476,1509,0.1388
32,1476,1508,0.1388
31,1485,1516,0.1388
31,1485,1516,0.1388
30,1493,1523,0.1388
28,1496,1524,0.1388
30,1481,1511,0.1388
28,1499,1527,0.1388
28,1490,1518,0.1388
29,1496,1525,0.1388
29,1510,1539,0.1388
32,1501,1533,0.1388
33,1491,1524,0.1388
33,1477,1510,0.1388
34,1480,1514,0.1388
35,1484,1519,0.1388
36,1481,1517,0.1388
37,1481,1518,0.1388
37,1467,1504,0.1388
35,1483,1518,0.1388
35,1488,1523,0.1388
34,1491,1525,0.1388
33,1483,1516,0.1388
34,1481,1515,0.1388
34,1488,1522,0.1388
35,1494,1529,0.1388
34,1489,1523,0.1388
35,1490,1525,0.1388
35,1487,1522,0.1388
37,1486,1523,0.1388
36,1488,1524,0.1388
37,1482,1519,0.1388
37,1484,1521,0.1388
38,1485,1523,0.1388
37,1474,1511,0.1388
38,1480,1518,0.1388
36,1476,1512,0.1388
36,1484,1520,0.1388
38,1478,1516,0.1388
39,1482,1521,0.1388
38,1484,1522,0.1388
40,1483,1523,0.1388
40,1461,1501,0.1388
40,1462,1502,0.1388
37,1461,1498,0.1388
36,1470,1506,0.1388
33,1476,1509,0.1388
30,1475,1505,0.1388
31,1483,1514,0.1388
32,1480,1512,0.1388
33,1478,1511,0.1388
31,1481,1512,0.1388
33,1469,1502,0.1388
31,1478,1509,0.1388
31,1485,1516,0.1388
29,1478,1507,0.1388
29,1480,1509,0.1388
29,1487,1516,0.1388
29,1484,1513,0.1388
28,1476,1504,0.1388
27,1482,1509,0.1388
28,1489,1517,0.1388
26,1492,1518,0.1388
25,1501,1526,0.1388
25,1494,1519,0.1388
25,1486,1511,0.1388
24,1498,1522,0.1388
25,1500,1525,0.1388
25,1493,1518,0.1388
25,1495,1520,0.1388
22,1497,1519,0.1388
22,1484,1506,0.1388
21,1487,1508,0.1388
22,1488,1510,0.1388
22,1490,1512,0.1388
21,1506,1527,0.1388
22,1495,1517,0.1388
21,1492,1513,0.1388
21,1486,1507,0.1388
22,1497,1519,0.1388
23,1500,1523,0.1388
23,1485,1508,0.1388
24,1496,1520,0.1388
22,1492,1514,0.1388
21,1478,1499,0.1388
20,1480,1500,0.1388
20,1488,1508,0.1388
21,1487,1508,0.1388
21,1493,1514,0.1388
21,1495,1516,0.1388
22,1482,1504,0.1388
22,1479,1501,0.1388
23,1478,1501,0.1388
23,1487,1510,0.1388
23,1494,1517,0.1388
23,1495,1518,0.1388
22,1494,1516,0.1388
25,1499,1524,0.1388
25,1500,1525,0.1388
24,1492,1516,0.1388
23,1500,1523,0.1388
23,1495,1518,0.1388
22,1490,1512,0.1388
22,1494,1516,0.1388
21,1482,1503,0.1388
21,1490,1511,0.1388
21,1494,1515,0.1388
23,1498,1521,0.1388
22,1510,1532,0.1388
21,1493,1514,0.1388
22,1495,1517,0.1388
21,1492,1513,0.1388
21,1485,1506,0.1388
21,1486,1507,0.1388
21,1494,1515,0.1388
21,1505,1526,0.1388
20,1498,1518,0.1388
19,1493,1512,0.1388
19,1490,1509,0.1388
19,1493,1512,0.1388
18,1499,1517,0.1388
18,1497,1515,0.1388
20,1484,1504,0.1388
18,1501,1519,0.1388
20,1498,1518,0.1388
19,1491,1510,0.1388
19,1495,1514,0.1388
20,1493,1513,0.1388
21,1490,1511,0.1388
22,1491,1513,0.1388
21,1510,1531,0.1388
19,1496,1515,0.1388
18,1495,1513,0.1388
19,1485,1504,0.1388
17,1501,1518,0.1388
18,1491,1509,0.1388
18,1499,1517,0.1388
18,1503,1521,0.1388
18,1502,1520,0.1388
16,1490,1506,0.1388
16,1496,1512,0.1388
14,1501,1515,0.1388
13,1505,1518,0.1388
14,1504,1518,0.1388
13,1489,1502,0.1388
13,1499,1512,0.1388
13,1497,1510,0.1388
13,1504,1517,0.1388
13,1497,1510,0.1388
13,1506,1519,0.1388
13,1505,1518,0.1388
13,1509,1522,0.1388
13,1497,1510,0.1388
14,1506,1520,0.1388
14,1493,1507,0.1388
14,1497,1511,0.1388
14,1493,1507,0.1388
15,1491,1506,0.1388
15,1491,1506,0.1388
15,1475,1490,0.1388
16,1483,1499,0.1388
16,1500,1516,0.1388
16,1505,1521,0.1388
17,1505,1522,0.1388
16,1502,1518,0.1388
14,1504,1518,0.1388
14,1507,1521,0.1388
14,1506,1520,0.1388
14,1504,1518,0.1388
12,1508,1520,0.1388
13,1491,1504,0.1388
13,1499,1512,0.1388
13,1498,1511,0.1388
13,1493,1506,0.1388
11,1494,1505,0.1388
10,1505,1515,0.1388
10,1491,1501,0.1388
10,1494,1504,0.1388
11,1502,1513,0.1388
12,1511,1523,0.1388
12,1505,1517,0.1388
12,1503,1515,0.1388
12,1493,1505,0.1388
12,1512,1524,0.1388
12,1496,1508,0.1388
12,1496,1508,0.1388
11,1494,1505,0.1388
11,1495,1506,0.1388
11,1504,1515,0.1388
11,1510,1521,0.1388
12,1516,1528,0.1388
12,1521,1533,0.1388
12,1513,1525,0.1388
12,1507,1519,0.1388
13,1503,1516,0.1388
13,1504,1517,0.1388
12,1523,1535,0.1388
14,1517,1531,0.1388
14,1511,1525,0.1388
14,1510,1524,0.1388
14,1513,1527,0.1388
13,1500,1513,0.1388
13,1498,1511,0.1388
13,1492,1505,0.1388
13,1494,1507,0.1388
14,1495,1509,0.1388
13,1505,1518,0.1388
12,1507,1519,0.1388
12,1516,1528,0.1388
12,1515,1527,0.1388
12,1502,1514,0.1388
12,1491,1503,0.1388
12,1501,1513,0.1388
11,1494,1505,0.1388
12,1488,1500,0.1388
12,1498,1510,0.1388
12,1499,1511,0.1388
11,1497,1508,0.1388
10,1499,1509,0.1388
10,1521,1531,0.1388
10,1520,1530,0.1388
10,1519,1529,0.1388
10,1513,1523,0.1388
10,1498,1508,0.1388
10,1507,1517,0.1388
10,1511,1521,0.1388
9,1506,1515,0.1388
9,1502,1511,0.1388
9,1506,1515,0.1388
9,1516,1525,0.1388
9,1512,1521,0.1388
9,1514,1523,0.1388
8,1524,1532,0.1388
8,1522,1530,0.1388
8,1510,1518,0.1388
9,1514,1523,0.1388
9,1510,1519,0.1388
9,1492,1501,0.1388
9,1499,1508,0.1388
9,1507,1516,0.1388
9,1524,1533,0.1388
9,1525,1534,0.1388
9,1524,1533,0.1388
8,1522,1530,0.1388
7,1517,1524,0.1388
7,1514,1521,0.1388
7,1507,1514,0.1388
7,1525,1532,0.1388
6,1511,1517,0.1388
7,1500,1507,0.1388
7,1494,1501,0.1388
7,1506,1513,0.1388
7,1509,1516,0.1388
7,1508,1515,0.1388
7,1504,1511,0.1388
7,1504,1511,0.1388
7,1508,1515,0.1388
7,1500,1507,0.1388
7,1494,1501,0.1388
6,1504,1510,0.1388
6,1519,1525,0.1388
7,1516,1523,0.1388
7,1508,1515,0.1388
6,1506,1512,0.1388
6,1512,1518,0.1388
6,1523,1529,0.1388
6,1521,1527,0.1388
6,1518,1524,0.1388
6,1530,1536,0.1388
6,1521,1527,0.1388
6,1509,1515,0.1388
6,1503,1509,0.1388
6,1513,1519,0.1388
6,1515,1521,0.1388
5,1505,1510,0.1388
5,1494,1499,0.1388
5,1504,1509,0.1388
5,1501,1506,0.1388
5,1502,1507,0.1388
5,1504,1509,0.1388
5,1494,1499,0.1388
5,1508,1513,0.1388
5,1501,1506,0.1388
5,1508,1513,0.1388
5,1512,1517,0.1388
4,1529,1533,0.1388
4,1538,1542,0.1388
3,1527,1530,0.1388
3,1534,1537,0.1388
3,1517,1520,0.1388
3,1511,1514,0.1388
3,1519,1522,0.1388
3,1516,1519,0.1388
3,1518,1521,0.1388
3,1511,1514,0.1388
3,1509,1512,0.1388
3,1524,1527,0.1388
3,1524,1527,0.1388
3,1515,1518,0.1388
3,1511,1514,0.1388
3,1503,1506,0.1388
3,1506,1509,0.1388
3,1506,1509,0.1388
3,1510,1513,0.1388
3,1525,1528,0.1388
3,1529,1532,0.1388
3,1517,1520,0.1388
3,1501,1504,0.1388
3,1499,1502,0.1388
3,1490,1493,0.1388
3,1491,1494,0.1388
3,1497,1500,0.1388
3,1499,1502,0.1388
5,1504,1509,0.1388
5,1503,1508,0.1388
5,1501,1506,0.1388
5,1506,1511,0.1388
5,1506,1511,0.1388
6,1520,1526,0.1388
6,1518,1524,0.1388
6,1514,1520,0.1388
6,1516,1522,0.1388
6,1519,1525,0.1388
6,1520,1526,0.1388
6,1521,1527,0.1388
6,1523,1529,0.1388
5,1522,1527,0.1388
5,1509,1514,0.1388
6,1513,1519,0.1388
6,1511,1517,0.1388
6,1524,1530,0.1388
6,1514,1520,0.1388
6,1515,1521,0.1388
6,1516,1522,0.1388
7,1515,1522,0.1388
8,1510,1518,0.1388
8,1520,1528,0.1388
8,1516,1524,0.1388
8,1515,1523,0.1388
8,1512,1520,0.1388
8,1516,1524,0.1388
8,1510,1518,0.1388
8,1503,1511,0.1388
8,1502,1510,0.1388
7,1501,1508,0.1388
7,1519,1526,0.1388
6,1512,1518,0.1388
6,1518,1524,0.1388
7,1522,1529,0.1388
6,1523,1529,0.1388
6,1517,1523,0.1388
6,1509,1515,0.1388
6,1512,1518,0.1388
6,1509,1515,0.1388
6,1505,1511,0.1388
6,1500,1506,0.1388
7,1508,1515,0.1388
7,1502,1509,0.1388
7,1513,1520,0.1388
6,1528,1534,0.1388
7,1513,1520,0.1388
7,1505,1512,0.1388
7,1503,1510,0.1388
6,1505,1511,0.1388
6,1513,1519,0.1388
7,1507,1514,0.1388
7,1507,1514,0.1388
7,1521,1528,0.1388
7,1521,1528,0.1388
7,1522,1529,0.1388
7,1521,1528,0.1388
7,1524,1531,0.1388
7,1508,1515,0.1388
7,1508,1515,0.1388
7,1519,1526,0.1388
8,1516,1524,0.1388
8,1508,1516,0.1388
9,1509,1518,0.1388
8,1495,1503,0.1388
8,1498,1506,0.1388
8,1509,1517,0.1388
9,1500,1509,0.1388
9,1501,1510,0.1388
9,1504,1513,0.1388
9,1504,1513,0.1388
9,1492,1501,0.1388
9,1498,1507,0.1388
10,1498,1508,0.1388
9,1503,1512,0.1388
9,1518,1527,0.1388
9,1523,1532,0.1388
10,1504,1514,0.1388
9,1498,1507,0.1388
10,1498,1508,0.1388
10,1490,1500,0.1388
10,1499,1509,0.1388
10,1506,1516,0.1388
10,1514,1524,0.1388
10,1511,1521,0.1388
11,1521,1532,0.1388
11,1505,1516,0.1388
11,1519,1530,0.1388
11,1519,1530,0.1388
11,1526,1537,0.1388
11,1527,1538,0.1388
11,1512,1523,0.1388
13,1504,1517,0.1388
12,1495,1507,0.1388
12,1496,1508,0.1388
12,1508,1520,0.1388
11,1508,1519,0.1388
9,1521,1530,0.1388
9,1529,1538,0.1388
9,1516,1525,0.1388
9,1510,1519,0.1388
9,1525,1534,0.1388
9,1518,1527,0.1388
8,1517,1525,0.1388
8,1518,1526,0.1388
8,1513,1521,0.1388
10,1518,1528,0.1388
10,1522,1532,0.1388
10,1514,1524,0.1388
11,1511,1522,0.1388
10,1505,1515,0.1388
10,1499,1509,0.1388
10,1508,1518,0.1388
10,1509,1519,0.1388
10,1498,1508,0.1388
10,1502,1512,0.1388
10,1498,1508,0.1388
10,1497,1507,0.1388
9,1507,1516,0.1388
9,1508,1517,0.1388
8,1501,1509,0.1388
8,1508,1516,0.1388
7,1506,1513,0.1388
7,1501,1508,0.1388
8,1512,1520,0.1388
8,1524,1532,0.1388
8,1516,1524,0.1388
8,1514,1522,0.1388
9,1519,1528,0.1388
9,1514,1523,0.1388
8,1525,1533,0.1388
9,1508,1517,0.1388
10,1510,1520,0.1388
10,1495,1505,0.1388
10,1496,1506,0.1388
10,1492,1502,0.1388
10,1501,1511,0.1388
10,1490,1500,0.1388
11,1501,1512,0.1388
11,1500,1511,0.1388
11,1491,1502,0.1388
10,1513,1523,0.1388
10,1513,1523,0.1388
10,1499,1509,0.1388
10,1509,1519,0.1388
10,1521,1531,0.1388
10,1508,1518,0.1388
10,1512,1522,0.1388
11,1496,1507,0.1388
11,1487,1498,0.1388
10,1504,1514,0.1388
10,1488,1498,0.1388
11,1470,1481,0.1388
11,1484,1495,0.1388
11,1484,1495,0.1388
11,1505,1516,0.1388
11,1508,1519,0.1388
11,1503,1514,0.1388
11,1507,1518,0.1388
11,1517,1528,0.1388
12,1514,1526,0.1388
12,1513,1525,0.1388
11,1509,1520,0.1388
11,1522,1533,0.1388
11,1514,1525,0.1388
11,1525,1536,0.1388
11,1493,1504,0.1388
11,1504,1515,0.1388
11,1509,1520,0.1388
11,1516,1527,0.1388
11,1502,1513,0.1388
11,1504,1515,0.1388
11,1507,1518,0.1388
12,1511,1523,0.1388
12,1513,1525,0.1388
11,1491,1502,0.1388
10,1504,1514,0.1388
11,1492,1503,0.1388
11,1487,1498,0.1388
10,1489,1499,0.1388
11,1495,1506,0.1388
11,1487,1498,0.1388
10,1497,1507,0.1388
10,1485,1495,0.1388
11,1507,1518,0.1388
11,1503,1514,0.1388
11,1500,1511,0.1388
10,1501,1511,0.1388
10,1512,1522,0.1388
10,1508,1518,0.1388
10,1504,1514,0.1388
9,1516,1525,0.1388
11,1518,1529,0.1388
11,1522,1533,0.1388
11,1520,1531,0.1388
11,1513,1524,0.1388
11,1505,1516,0.1388
11,1499,1510,0.1388
9,1492,1501,0.1388
10,1510,1520,0.1388
11,1492,1503,0.1388
11,1506,1517,0.1388
11,1510,1521,0.1388
10,1509,1519,0.1388
10,1509,1519,0.1388
11,1519,1530,0.1388
11,1509,1520,0.1388
11,1524,1535,0.1388
11,1508,1519,0.1388
11,1505,1516,0.1388
11,1509,1520,0.1388
12,1504,1516,0.1388
11,1515,1526,0.1388
11,1507,1518,0.1388
12,1510,1522,0.1388
10,1490,1500,0.1388
11,1497,1508,0.1388
11,1503,1514,0.1388
10,1495,1505,0.1388
10,1498,1508,0.1388
10,1508,1518,0.1388
9,1509,1518,0.1388
9,1498,1507,0.1388
9,1502,1511,0.1388
9,1506,1515,0.1388
9,1501,1510,0.1388
9,1506,1515,0.1388
8,1524,1532,0.1388
8,1512,1520,0.1388
8,1506,1514,0.1388
8,1511,1519,0.1388
8,1512,1520,0.1388
8,1498,1506,0.1388
8,1497,1505,0.1388
8,1504,1512,0.1388
8,1508,1516,0.1388
7,1503,1510,0.1388
7,1500,1507,0.1388
7,1497,1504,0.1388
7,1502,1509,0.1388
7,1501,1508,0.1388
7,1497,1504,0.1388
7,1495,1502,0.1388
7,1502,1509,0.1388
8,1507,1515,0.1388
9,1502,1511,0.1388
9,1487,1496,0.1388
9,1499,1508,0.1388
9,1499,1508,0.1388
8,1500,1508,0.1388
8,1499,1507,0.1388
8,1502,1510,0.1388
8,1497,1505,0.1388
6,1505,1511,0.1388
6,1507,1513,0.1388
6,1502,1508,0.1388
6,1503,1509,0.1388
6,1501,1507,0.1388
7,1503,1510,0.1388
6,1505,1511,0.1388
6,1516,1522,0.1388
6,1506,1512,0.1388
6,1510,1516,0.1388
6,1504,1510,0.1388
6,1506,1512,0.1388
7,1511,1518,0.1388
7,1511,1518,0.1388
7,1512,1519,0.1388
6,1512,1518,0.1388
5,1517,1522,0.1388
6,1514,1520,0.1388
6,1507,1513,0.1388
6,1517,1523,0.1388
6,1499,1505,0.1388
6,1505,1511,0.1388
6,1507,1513,0.1388
6,1499,1505,0.1388
7,1493,1500,0.1388
7,1495,1502,0.1388
8,1503,1511,0.1388
8,1515,1523,0.1388
8,1514,1522,0.1388
7,1516,1523,0.1388
7,1512,1519,0.1388
7,1509,1516,0.1388
7,1510,1517,0.1388
7,1508,1515,0.1388
7,1505,1512,0.1388
8,1518,1526,0.1388
7,1515,1522,0.1388
7,1510,1517,0.1388
7,1516,1523,0.1388
8,1521,1529,0.1388
8,1512,1520,0.1388
7,1521,1528,0.1388
7,1506,1513,0.1388
7,1500,1507,0.1388
6,1515,1521,0.1388
6,1520,1526,0.1388
7,1507,1514,0.1388
7,1491,1498,0.1388
7,1490,1497,0.1388
7,1484,1491,0.1388
7,1491,1498,0.1388
7,1502,1509,0.1388
7,1499,1506,0.1388
7,1499,1506,0.1388
7,1514,1521,0.1388
7,1526,1533,0.1388
7,1534,1541,0.1388
7,1519,1526,0.1388
7,1516,1523,0.1388
7,1524,1531,0.1388
7,1519,1526,0.1388
8,1512,1520,0.1388
9,1511,1520,0.1388
9,1509,1518,0.1388
9,1498,1507,0.1388
9,1495,1504,0.1388
9,1503,1512,0.1388
9,1506,1515,0.1388
9,1499,1508,0.1388
9,1514,1523,0.1388
9,1519,1528,0.1388
9,1497,1506,0.1388
9,1498,1507,0.1388
8,1495,1503,0.1388
8,1508,1516,0.1388
8,1503,1511,0.1388
8,1508,1516,0.1388
8,1509,1517,0.1388
8,1512,1520,0.1388
8,1502,1510,0.1388
8,1499,1507,0.1388
7,1502,1509,0.1388
8,1508,1516,0.1388
8,1514,1522,0.1388
8,1511,1519,0.1388
9,1511,1520,0.1388
9,1526,1535,0.1388
10,1529,1539,0.1388
10,1523,1533,0.1388
9,1517,1526,0.1388
9,1518,1527,0.1388
9,1519,1528,0.1388
9,1507,1516,0.1388
9,1515,1524,0.1388
8,1517,1525,0.1388
8,1526,1534,0.1388
8,1530,1538,0.1388
8,1508,1516,0.1388
10,1493,1503,0.1388
9,1494,1503,0.1388
9,1504,1513,0.1388
9,1512,1521,0.1388
8,1509,1517,0.1388
8,1527,1535,0.1388
9,1525,1534,0.1388
8,1510,1518,0.1388
8,1508,1516,0.1388
7,1501,1508,0.1388
6,1510,1516,0.1388
6,1514,1520,0.1388
8,1513,1521,0.1388
8,1498,1506,0.1388
8,1493,1501,0.1388
8,1488,1496,0.1388
7,1482,1489,0.1388
7,1496,1503,0.1388
7,1487,1494,0.1388
6,1492,1498,0.1388
6,1507,1513,0.1388
5,1506,1511,0.1388
5,1509,1514,0.1388
5,1507,1512,0.1388
5,1495,1500,0.1388
6,1503,1509,0.1388
6,1509,1515,0.1388
6,1513,1519,0.1388
5,1508,1513,0.1388
4,1508,1512,0.1388
4,1522,1526,0.1388
4,1515,1519,0.1388
4,1533,1537,0.1388
5,1525,1530,0.1388
5,1527,1532,0.1388
5,1513,1518,0.1388
6,1514,1520,0.1388
6,1521,1527,0.1388
6,1516,1522,0.1388
7,1511,1518,0.1388
7,1506,1513,0.1388
7,1502,1509,0.1388
7,1501,1508,0.1388
6,1512,1518,0.1388
6,1514,1520,0.1388
6,1513,1519,0.1388
6,1506,1512,0.1388
6,1500,1506,0.1388
6,1502,1508,0.1388
6,1507,1513,0.1388
6,1509,1515,0.1388
6,1506,1512,0.1388
6,1507,1513,0.1388
7,1514,1521,0.1388
7,1499,1506,0.1388
7,1505,1512,0.1388
8,1502,1510,0.1388
8,1506,1514,0.1388
8,1502,1510,0.1388
8,1520,1528,0.1388
8,1512,1520,0.1388
8,1510,1518,0.1388
8,1495,1503,0.1388
8,1498,1506,0.1388
7,1510,1517,0.1388
7,1517,1524,0.1388
7,1520,1527,0.1388
7,1505,1512,0.1388
7,1516,1523,0.1388
7,1512,1519,0.1388
8,1509,1517,0.1388
8,1499,1507,0.1388
8,1498,1506,0.1388
8,1507,1515,0.1388
8,1506,1514,0.1388
8,1514,1522,0.1388
8,1509,1517,0.1388
8,1522,1530,0.1388
8,1511,1519,0.1388
8,1503,1511,0.1388
8,1509,1517,0.1388
8,1512,1520,0.1388
9,1504,1513,0.1388
9,1504,1513,0.1388
7,1502,1509,0.1388
7,1491,1498,0.1388
7,1496,1503,0.1388
7,1487,1494,0.1388
7,1491,1498,0.1388
6,1489,1495,0.1388
6,1496,1502,0.1388
8,1488,1496,0.1388
8,1484,1492,0.1388
8,1489,1497,0.1388
8,1495,1503,0.1388
8,1505,1513,0.1388
9,1504,1513,0.1388
8,1506,1514,0.1388
8,1495,1503,0.1388
8,1514,1522,0.1388
8,1500,1508,0.1388
8,1503,1511,0.1388
8,1496,1504,0.1388
8,1503,1511,0.1388
8,1505,1513,0.1388
9,1508,1517,0.1388
8,1515,1523,0.1388
7,1519,1526,0.1388
6,1512,1518,0.1388
6,1505,1511,0.1388
8,1504,1512,0.1388
7,1506,1513,0.1388
7,1512,1519,0.1388
9,1502,1511,0.1388
9,1497,1506,0.1388
10,1511,1521,0.1388
10,1500,1510,0.1388
10,1501,1511,0.1388
11,1500,1511,0.1388
11,1489,1500,0.1388
11,1508,1519,0.1388
10,1510,1520,0.1388
10,1506,1516,0.1388
9,1512,1521,0.1388
9,1525,1534,0.1388
8,1524,1532,0.1388
8,1524,1532,0.1388
8,1524,1532,0.1388
8,1520,1528,0.1388
8,1516,1524,0.1388
6,1521,1527,0.1388
6,1519,1525,0.1388
6,1506,1512,0.1388
6,1518,1524,0.1388
5,1519,1524,0.1388
4,1518,1522,0.1388
4,1525,1529,0.1388
4,1522,1526,0.1388
4,1518,1522,0.1388
4,1523,1527,0.1388
4,1506,1510,0.1388
4,1505,1509,0.1388
4,1498,1502,0.1388
3,1494,1497,0.1388
3,1491,1494,0.1388
3,1496,1499,0.1388
3,1524,1527,0.1388
3,1504,1507,0.1388
3,1514,1517,0.1388
3,1498,1501,0.1388
3,1496,1499,0.1388
3,1482,1485,0.1388
3,1487,1490,0.1388
3,1500,1503,0.1388
3,1506,1509,0.1388
3,1503,1506,0.1388
4,1512,1516,0.1388
4,1509,1513,0.1388
4,1521,1525,0.1388
4,1508,1512,0.1388
4,1510,1514,0.1388
4,1509,1513,0.1388
4,1520,1524,0.1388
4,1501,1505,0.1388
4,1517,1521,0.1388
4,1514,1518,0.1388
4,1516,1520,0.1388
4,1510,1514,0.1388
4,1506,1510,0.1388
4,1515,1519,0.1388
4,1525,1529,0.1388
4,1533,1537,0.1388
4,1518,1522,0.1388
2,1533,1535,0.1388
2,1533,1535,0.1388
2,1522,1524,0.1388
2,1524,1526,0.1388
2,1530,1532,0.1388
2,1525,1527,0.1388
2,1526,1528,0.1388
1,1519,1520,0.1388
1,1516,1517,0.1388
1,1524,1525,0.1388
2,1523,1525,0.1388
2,1518,1520,0.1388
2,1516,1518,0.1388
2,1524,1526,0.1388
2,1520,1522,0.1388
2,1520,1522,0.1388
2,1522,1524,0.1388
2,1510,1512,0.1388
2,1507,1509,0.1388
2,1512,1514,0.1388
1,1512,1513,0.1388
1,1523,1524,0.1388
1,1518,1519,0.1388
1,1514,1515,0.1388
1,1515,1516,0.1388
1,1508,1509,0.1388
1,1514,1515,0.1388
1,1521,1522,0.1388
1,1526,1527,0.1388
1,1522,1523,0.1388
1,1518,1519,0.1388
1,1515,1516,0.1388
1,1510,1511,0.1388
1,1515,1516,0.1388
1,1524,1525,0.1388
1,1513,1514,0.1388
1,1515,1516,0.1388
1,1513,1514,0.1388
1,1514,1515,0.1388
1,1512,1513,0.1388
1,1497,1498,0.1388
1,1515,1516,0.1388
0,1510,1510,0.1388
