1376,29,1405,0.1388
1401,30,1431,0.1388
1424,32,1456,0.1388
1453,33,1486,0.1388
1454,38,1492,0.1388
1457,38,1495,0.1388
1452,36,1488,0.1388
1465,35,1500,0.1388
1458,35,1493,0.1388
1452,37,1489,0.1388
1449,37,1486,0.1388
1440,38,1478,0.1388
1461,38,1499,0.1388
1471,38,1509,0.1388
1467,38,1505,0.1388
1458,38,1496,0.1388
1467,38,1505,0.1388
1474,37,1511,0.1388
1478,39,1517,0.1388
1468,42,1510,0.1388
1462,43,1505,0.1388
1462,43,1505,0.1388
1456,43,1499,0.1388
1448,42,1490,0.1388
1456,44,1500,0.1388
1461,46,1507,0.1388
1467,51,1518,0.1388
1451,50,1501,0.1388
1443,48,1491,0.1388
1435,48,1483,0.1388
1424,49,1473,0.1388
1440,50,1490,0.1388
1444,50,1494,0.1388
1430,48,1478,0.1388
1431,47,1478,0.1388
1445,46,1491,0.1388
1447,50,1497,0.1388
1451,47,1498,0.1388
1442,46,1488,0.1388
1439,46,1485,0.1388
1444,47,1491,0.1388
1439,50,1489,0.1388
1430,51,1481,0.1388
1437,49,1486,0.1388
1445,51,1496,0.1388
1438,52,1490,0.1388
1440,54,1494,0.1388
1432,55,1487,0.1388
1419,56,1475,0.1388
1437,54,1491,0.1388
1445,55,1500,0.1388
1455,56,1511,0.1388
1447,57,1504,0.1388
1460,57,1517,0.1388
1459,57,1516,0.1388
1450,58,1508,0.1388
1431,61,1492,0.1388
1430,58,1488,0.1388
1420,59,1479,0.1388
1424,55,1479,0.1388
1427,54,1481,0.1388
1428,54,1482,0.1388
1445,52,1497,0.1388
1439,54,1493,0.1388
1444,55,1499,0.1388
1438,57,1495,0.1388
1441,59,1500,0.1388
1433,61,1494,0.1388
1424,60,1484,0.1388
1433,63,1496,0.1388
1429,64,1493,0.1388
1441,64,1505,0.1388
1433,64,1497,0.1388
1412,66,1478,0.1388
1406,65,1471,0.1388
1403,69,1472,0.1388
1411,69,1480,0.1388
1425,69,1494,0.1388
1406,71,1477,0.1388
1408,72,1480,0.1388
1404,73,1477,0.1388
1429,74,1503,0.1388
1429,73,1502,0.1388
1441,72,1513,0.1388
1421,71,1492,0.1388
1421,75,1496,0.1388
1418,72,1490,0.1388
1415,73,1488,0.1388
1403,74,1477,0.1388
1410,73,1483,0.1388
1400,74,1474,0.1388
1410,73,1483,0.1388
1418,73,1491,0.1388
1418,71,1489,0.1388
1414,73,1487,0.1388
1417,76,1493,0.1388
1415,75,1490,0.1388
1413,80,1493,0.1388
1418,82,1500,0.1388
1408,83,1491,0.1388
1400,86,1486,0.1388
1404,88,1492,0.1388
1412,85,1497,0.1388
1410,87,1497,0.1388
1407,87,1494,0.1388
1419,87,1506,0.1388
1405,86,1491,0.1388
1402,87,1489,0.1388
1395,89,1484,0.1388
1408,90,1498,0.1388
1397,93,1490,0.1388
1393,91,1484,0.1388
1398,91,1489,0.1388
1389,88,1477,0.1388
1391,95,1486,0.1388
1403,99,1502,0.1388
1394,98,1492,0.1388
1380,95,1475,0.1388
1401,96,1497,0.1388
1411,96,1507,0.1388
1396,98,1494,0.1388
1394,101,1495,0.1388
1397,99,1496,0.1388
1395,96,1491,0.1388
1380,96,1476,0.1388
1371,100,1471,0.1388
1366,99,1465,0.1388
1366,103,1469,0.1388
1382,101,1483,0.1388
1376,100,1476,0.1388
1381,99,1480,0.1388
1391,99,1490,0.1388
1401,98,1499,0.1388
1405,94,1499,0.1388
1406,96,1502,0.1388
1412,96,1508,0.1388
1407,93,1500,0.1388
1421,96,1517,0.1388
1421,96,1517,0.1388
1411,95,1506,0.1388
1412,92,1504,0.1388
1407,92,1499,0.1388
1408,94,1502,0.1388
1400,95,1495,0.1388
1398,99,1497,0.1388
1403,99,1502,0.1388
1396,98,1494,0.1388
1404,95,1499,0.1388
1407,94,1501,0.1388
1411,99,1510,0.1388
1416,98,1514,0.1388
1403,96,1499,0.1388
1410,97,1507,0.1388
1405,96,1501,0.1388
1403,97,1500,0.1388
1401,95,1496,0.1388
1407,93,1500,0.1388
1395,97,1492,0.1388
1396,96,1492,0.1388
1410,97,1507,0.1388
1414,97,1511,0.1388
1416,93,1509,0.1388
1404,91,1495,0.1388
1401,91,1492,0.1388
1395,91,1486,0.1388
1391,93,1484,0.1388
1384,94,1478,0.1388
1384,95,1479,0.1388
1388,98,1486,0.1388
1388,94,1482,0.1388
1393,96,1489,0.1388
1387,96,1483,0.1388
1400,92,1492,0.1388
1392,93,1485,0.1388
1384,92,1476,0.1388
1384,91,1475,0.1388
1382,96,1478,0.1388
1377,99,1476,0.1388
1382,100,1482,0.1388
1396,100,1496,0.1388
1392,103,1495,0.1388
1383,105,1488,0.1388
1372,107,1479,0.1388
1366,111,1477,0.1388
1369,111,1480,0.1388
1365,112,1477,0.1388
1361,109,1470,0.1388
1368,112,1480,0.1388
1377,113,1490,0.1388
1366,111,1477,0.1388
1375,110,1485,0.1388
1384,115,1499,0.1388
1366,115,1481,0.1388
1377,114,1491,0.1388
1366,113,1479,0.1388
1369,108,1477,0.1388
1377,112,1489,0.1388
1378,114,1492,0.1388
1379,115,1494,0.1388
1368,116,1484,0.1388
1378,118,1496,0.1388
1380,118,1498,0.1388
1361,120,1481,0.1388
1361,121,1482,0.1388
1351,128,1479,0.1388
1366,126,1492,0.1388
1371,130,1501,0.1388
1357,130,1487,0.1388
1353,130,1483,0.1388
1355,129,1484,0.1388
1373,127,1500,0.1388
1373,127,1500,0.1388
1369,128,1497,0.1388
1369,131,1500,0.1388
1356,136,1492,0.1388
1358,136,1494,0.1388
1358,136,1494,0.1388
1359,132,1491,0.1388
1367,133,1500,0.1388
1367,135,1502,0.1388
1373,136,1509,0.1388
1362,139,1501,0.1388
1370,135,1505,0.1388
1373,134,1507,0.1388
1380,135,1515,0.1388
1357,130,1487,0.1388
1355,129,1484,0.1388
1349,132,1481,0.1388
1350,136,1486,0.1388
1358,138,1496,0.1388
1353,137,1490,0.1388
1355,140,1495,0.1388
1357,140,1497,0.1388
1344,145,1489,0.1388
1331,144,1475,0.1388
1342,147,1489,0.1388
1335,148,1483,0.1388
1347,151,1498,0.1388
1343,153,1496,0.1388
1337,154,1491,0.1388
1348,153,1501,0.1388
1333,155,1488,0.1388
1331,155,1486,0.1388
1328,154,1482,0.1388
1339,155,1494,0.1388
1322,156,1478,0.1388
1327,156,1483,0.1388
1341,159,1500,0.1388
1343,158,1501,0.1388
1331,158,1489,0.1388
1336,155,1491,0.1388
1340,155,1495,0.1388
1339,157,1496,0.1388
1341,150,1491,0.1388
1321,147,1468,0.1388
1315,148,1463,0.1388
1327,155,1482,0.1388
1321,156,1477,0.1388
1327,157,1484,0.1388
1328,153,1481,0.1388
1325,156,1481,0.1388
1323,162,1485,0.1388
1326,161,1487,0.1388
1330,166,1496,0.1388
1338,162,1500,0.1388
1338,169,1507,0.1388
1327,165,1492,0.1388
1324,165,1489,0.1388
1319,169,1488,0.1388
1320,167,1487,0.1388
1319,169,1488,0.1388
1326,169,1495,0.1388
1328,166,1494,0.1388
1330,163,1493,0.1388
1325,162,1487,0.1388
1321,161,1482,0.1388
1348,162,1510,0.1388
1353,160,1513,0.1388
1339,163,1502,0.1388
1348,156,1504,0.1388
1339,153,1492,0.1388
1335,163,1498,0.1388
1328,164,1492,0.1388
1324,170,1494,0.1388
1322,174,1496,0.1388
1329,175,1504,0.1388
1329,181,1510,0.1388
1334,189,1523,0.1388
1331,189,1520,0.1388
1331,184,1515,0.1388
1322,184,1506,0.1388
1325,192,1517,0.1388
1324,191,1515,0.1388
1317,195,1512,0.1388
1306,191,1497,0.1388
1302,191,1493,0.1388
1288,197,1485,0.1388
1279,198,1477,0.1388
1277,198,1475,0.1388
1293,197,1490,0.1388
1294,202,1496,0.1388
1298,199,1497,0.1388
1296,200,1496,0.1388
1292,202,1494,0.1388
1290,205,1495,0.1388
1300,199,1499,0.1388
1292,207,1499,0.1388
1275,204,1479,0.1388
1268,207,1475,0.1388
1277,212,1489,0.1388
1271,212,1483,0.1388
1279,210,1489,0.1388
1272,210,1482,0.1388
1295,208,1503,0.1388
1284,213,1497,0.1388
1286,214,1500,0.1388
1288,210,1498,0.1388
1280,213,1493,0.1388
1281,213,1494,0.1388
1302,213,1515,0.1388
1299,211,1510,0.1388
1297,210,1507,0.1388
1308,211,1519,0.1388
1305,206,1511,0.1388
1307,210,1517,0.1388
1289,213,1502,0.1388
1287,214,1501,0.1388
1275,212,1487,0.1388
1277,210,1487,0.1388
1279,209,1488,0.1388
1283,209,1492,0.1388
1293,210,1503,0.1388
1290,210,1500,0.1388
1295,206,1501,0.1388
1288,207,1495,0.1388
1286,208,1494,0.1388
1305,209,1514,0.1388
1304,208,1512,0.1388
1308,209,1517,0.1388
1292,208,1500,0.1388
1283,212,1495,0.1388
1283,209,1492,0.1388
1289,211,1500,0.1388
1286,209,1495,0.1388
1288,210,1498,0.1388
1277,216,1493,0.1388
1281,216,1497,0.1388
1276,217,1493,0.1388
1278,218,1496,0.1388
1277,218,1495,0.1388
1278,219,1497,0.1388
1264,219,1483,0.1388
1261,221,1482,0.1388
1258,219,1477,0.1388
1265,225,1490,0.1388
1268,222,1490,0.1388
1265,222,1487,0.1388
1265,221,1486,0.1388
1266,224,1490,0.1388
1266,223,1489,0.1388
1274,226,1500,0.1388
1261,225,1486,0.1388
1257,231,1488,0.1388
1266,233,1499,0.1388
1274,234,1508,0.1388
1273,239,1512,0.1388
1275,240,1515,0.1388
1273,238,1511,0.1388
1270,233,1503,0.1388
1276,229,1505,0.1388
1267,225,1492,0.1388
1261,233,1494,0.1388
1259,237,1496,0.1388
1264,238,1502,0.1388
1254,236,1490,0.1388
1247,243,1490,0.1388
1253,247,1500,0.1388
1238,246,1484,0.1388
1229,248,1477,0.1388
1240,257,1497,0.1388
1240,255,1495,0.1388
1244,256,1500,0.1388
1249,255,1504,0.1388
1253,251,1504,0.1388
1242,253,1495,0.1388
1234,257,1491,0.1388
1233,257,1490,0.1388
1232,251,1483,0.1388
1234,251,1485,0.1388
1240,254,1494,0.1388
1243,251,1494,0.1388
1241,258,1499,0.1388
1238,254,1492,0.1388
1251,253,1504,0.1388
1246,258,1504,0.1388
1243,258,1501,0.1388
1236,257,1493,0.1388
1237,257,1494,0.1388
1237,256,1493,0.1388
1222,258,1480,0.1388
1231,258,1489,0.1388
1243,258,1501,0.1388
1245,256,1501,0.1388
1245,250,1495,0.1388
1257,255,1512,0.1388
1252,253,1505,0.1388
1232,256,1488,0.1388
1232,258,1490,0.1388
1218,254,1472,0.1388
1216,261,1477,0.1388
1228,264,1492,0.1388
1225,269,1494,0.1388
1221,272,1493,0.1388
1223,275,1498,0.1388
1234,274,1508,0.1388
1217,275,1492,0.1388
1220,272,1492,0.1388
1208,275,1483,0.1388
1208,274,1482,0.1388
1228,279,1507,0.1388
1220,281,1501,0.1388
1217,285,1502,0.1388
1214,278,1492,0.1388
1226,282,1508,0.1388
1210,285,1495,0.1388
1211,283,1494,0.1388
1211,288,1499,0.1388
1205,291,1496,0.1388
1217,295,1512,0.1388
1205,293,1498,0.1388
1202,297,1499,0.1388
1189,297,1486,0.1388
1182,296,1478,0.1388
1189,296,1485,0.1388
1181,298,1479,0.1388
1194,300,1494,0.1388
1189,312,1501,0.1388
1186,319,1505,0.1388
1193,306,1499,0.1388
1198,306,1504,0.1388
1192,304,1496,0.1388
1209,301,1510,0.1388
1203,291,1494,0.1388
1195,296,1491,0.1388
1197,298,1495,0.1388
1196,297,1493,0.1388
1205,295,1500,0.1388
1207,302,1509,0.1388
1209,305,1514,0.1388
1199,303,1502,0.1388
1203,296,1499,0.1388
1210,293,1503,0.1388
1199,295,1494,0.1388
1211,298,1509,0.1388
1213,299,1512,0.1388
1208,305,1513,0.1388
1187,307,1494,0.1388
1187,304,1491,0.1388
1194,296,1490,0.1388
1215,304,1519,0.1388
1214,308,1522,0.1388
1204,310,1514,0.1388
1188,309,1497,0.1388
1192,314,1506,0.1388
1183,312,1495,0.1388
1175,312,1487,0.1388
1180,309,1489,0.1388
1182,306,1488,0.1388
1181,309,1490,0.1388
1174,312,1486,0.1388
1171,319,1490,0.1388
1162,328,1490,0.1388
1164,326,1490,0.1388
1166,329,1495,0.1388
1188,327,1515,0.1388
1175,325,1500,0.1388
1167,329,1496,0.1388
1179,334,1513,0.1388
1173,332,1505,0.1388
1167,334,1501,0.1388
1173,328,1501,0.1388
1169,327,1496,0.1388
1175,326,1501,0.1388
1180,337,1517,0.1388
1171,340,1511,0.1388
1158,335,1493,0.1388
1151,334,1485,0.1388
1157,337,1494,0.1388
1149,341,1490,0.1388
1140,342,1482,0.1388
1142,344,1486,0.1388
1161,347,1508,0.1388
1154,357,1511,0.1388
1150,358,1508,0.1388
1151,359,1510,0.1388
1162,358,1520,0.1388
1162,352,1514,0.1388
1150,350,1500,0.1388
1143,351,1494,0.1388
1144,352,1496,0.1388
1132,355,1487,0.1388
1131,364,1495,0.1388
1137,364,1501,0.1388
1146,357,1503,0.1388
1132,364,1496,0.1388
1143,362,1505,0.1388
1142,362,1504,0.1388
1150,363,1513,0.1388
1147,361,1508,0.1388
1150,355,1505,0.1388
1148,359,1507,0.1388
1145,357,1502,0.1388
1142,354,1496,0.1388
1149,359,1508,0.1388
1149,363,1512,0.1388
1135,363,1498,0.1388
1143,360,1503,0.1388
1144,361,1505,0.1388
1146,364,1510,0.1388
1144,367,1511,0.1388
1135,364,1499,0.1388
1125,368,1493,0.1388
1115,368,1483,0.1388
1113,369,1482,0.1388
1118,372,1490,0.1388
1120,374,1494,0.1388
1116,376,1492,0.1388
1113,378,1491,0.1388
1114,373,1487,0.1388
1114,378,1492,0.1388
1117,385,1502,0.1388
1116,390,1506,0.1388
1111,392,1503,0.1388
1111,397,1508,0.1388
1106,401,1507,0.1388
1098,393,1491,0.1388
1099,398,1497,0.1388
1094,405,1499,0.1388
1084,403,1487,0.1388
1077,402,1479,0.1388
1086,400,1486,0.1388
1091,395,1486,0.1388
1093,394,1487,0.1388
1086,394,1480,0.1388
1097,399,1496,0.1388
1096,398,1494,0.1388
1093,402,1495,0.1388
1088,407,1495,0.1388
1074,409,1483,0.1388
1083,412,1495,0.1388
1084,409,1493,0.1388
1081,414,1495,0.1388
1071,417,1488,0.1388
1067,414,1481,0.1388
1080,416,1496,0.1388
1086,420,1506,0.1388
1079,414,1493,0.1388
1062,420,1482,0.1388
1065,416,1481,0.1388
1073,427,1500,0.1388
1067,433,1500,0.1388
1060,437,1497,0.1388
1061,437,1498,0.1388
1062,435,1497,0.1388
1066,432,1498,0.1388
1074,434,1508,0.1388
1062,430,1492,0.1388
1063,431,1494,0.1388
1055,440,1495,0.1388
1058,434,1492,0.1388
1054,433,1487,0.1388
1062,436,1498,0.1388
1067,445,1512,0.1388
1063,440,1503,0.1388
1049,442,1491,0.1388
1045,439,1484,0.1388
1036,440,1476,0.1388
1054,450,1504,0.1388
1053,445,1498,0.1388
1048,450,1498,0.1388
1057,447,1504,0.1388
1065,442,1507,0.1388
1064,442,1506,0.1388
1054,450,1504,0.1388
1052,449,1501,0.1388
1060,444,1504,0.1388
1053,454,1507,0.1388
1051,460,1511,0.1388
1041,461,1502,0.1388
1038,463,1501,0.1388
1032,474,1506,0.1388
1032,474,1506,0.1388
1036,472,1508,0.1388
1026,471,1497,0.1388
1017,469,1486,0.1388
1020,477,1497,0.1388
1018,478,1496,0.1388
1021,481,1502,0.1388
1011,477,1488,0.1388
1007,480,1487,0.1388
996,488,1484,0.1388
997,484,1481,0.1388
997,487,1484,0.1388
1001,488,1489,0.1388
990,492,1482,0.1388
987,494,1481,0.1388
998,500,1498,0.1388
1000,494,1494,0.1388
1002,497,1499,0.1388
1009,489,1498,0.1388
1005,489,1494,0.1388
993,501,1494,0.1388
998,503,1501,0.1388
991,510,1501,0.1388
992,516,1508,0.1388
980,515,1495,0.1388
979,515,1494,0.1388
977,521,1498,0.1388
979,526,1505,0.1388
978,522,1500,0.1388
962,518,1480,0.1388
968,517,1485,0.1388
975,533,1508,0.1388
962,532,1494,0.1388
956,533,1489,0.1388
952,535,1487,0.1388
966,534,1500,0.1388
974,525,1499,0.1388
973,533,1506,0.1388
972,543,1515,0.1388
988,537,1525,0.1388
985,532,1517,0.1388
976,523,1499,0.1388
972,523,1495,0.1388
977,520,1497,0.1388
966,523,1489,0.1388
958,537,1495,0.1388
966,532,1498,0.1388
965,540,1505,0.1388
971,533,1504,0.1388
962,539,1501,0.1388
966,544,1510,0.1388
954,540,1494,0.1388
962,535,1497,0.1388
953,544,1497,0.1388
956,552,1508,0.1388
948,551,1499,0.1388
936,548,1484,0.1388
930,550,1480,0.1388
945,552,1497,0.1388
950,551,1501,0.1388
947,556,1503,0.1388
948,553,1501,0.1388
947,563,1510,0.1388
936,568,1504,0.1388
919,564,1483,0.1388
925,570,1495,0.1388
934,576,1510,0.1388
936,576,1512,0.1388
935,571,1506,0.1388
941,576,1517,0.1388
929,574,1503,0.1388
919,576,1495,0.1388
924,576,1500,0.1388
913,578,1491,0.1388
918,574,1492,0.1388
917,580,1497,0.1388
911,581,1492,0.1388
910,579,1489,0.1388
907,585,1492,0.1388
908,586,1494,0.1388
911,589,1500,0.1388
908,591,1499,0.1388
923,597,1520,0.1388
914,602,1516,0.1388
915,596,1511,0.1388
911,587,1498,0.1388
912,587,1499,0.1388
902,584,1486,0.1388
908,588,1496,0.1388
913,588,1501,0.1388
909,588,1497,0.1388
903,590,1493,0.1388
908,598,1506,0.1388
908,600,1508,0.1388
912,592,1504,0.1388
904,589,1493,0.1388
904,600,1504,0.1388
901,605,1506,0.1388
896,609,1505,0.1388
909,605,1514,0.1388
913,603,1516,0.1388
905,607,1512,0.1388
899,609,1508,0.1388
909,607,1516,0.1388
909,605,1514,0.1388
882,612,1494,0.1388
884,618,1502,0.1388
874,614,1488,0.1388
886,607,1493,0.1388
884,620,1504,0.1388
898,615,1513,0.1388
894,621,1515,0.1388
889,627,1516,0.1388
888,628,1516,0.1388
880,626,1506,0.1388
879,629,1508,0.1388
881,624,1505,0.1388
879,625,1504,0.1388
876,633,1509,0.1388
873,631,1504,0.1388
863,639,1502,0.1388
863,640,1503,0.1388
875,638,1513,0.1388
863,638,1501,0.1388
863,639,1502,0.1388
868,634,1502,0.1388
859,632,1491,0.1388
859,637,1496,0.1388
856,642,1498,0.1388
868,640,1508,0.1388
862,649,1511,0.1388
856,648,1504,0.1388
856,638,1494,0.1388
861,634,1495,0.1388
856,634,1490,0.1388
843,637,1480,0.1388
847,639,1486,0.1388
845,642,1487,0.1388
855,639,1494,0.1388
853,648,1501,0.1388
848,647,1495,0.1388
845,661,1506,0.1388
841,662,1503,0.1388
842,658,1500,0.1388
840,650,1490,0.1388
837,656,1493,0.1388
834,656,1490,0.1388
835,662,1497,0.1388
831,658,1489,0.1388
823,663,1486,0.1388
823,662,1485,0.1388
831,663,1494,0.1388
833,674,1507,0.1388
838,667,1505,0.1388
838,664,1502,0.1388
834,664,1498,0.1388
836,665,1501,0.1388
840,669,1509,0.1388
833,670,1503,0.1388
844,678,1522,0.1388
839,673,1512,0.1388
835,676,1511,0.1388
830,679,1509,0.1388
823,681,1504,0.1388
818,677,1495,0.1388
818,677,1495,0.1388
824,667,1491,0.1388
819,676,1495,0.1388
810,669,1479,0.1388
811,657,1468,0.1388
821,656,1477,0.1388
814,670,1484,0.1388
820,669,1489,0.1388
837,677,1514,0.1388
825,680,1505,0.1388
809,686,1495,0.1388
809,682,1491,0.1388
815,683,1498,0.1388
812,684,1496,0.1388
811,678,1489,0.1388
811,684,1495,0.1388
801,681,1482,0.1388
800,693,1493,0.1388
795,700,1495,0.1388
802,696,1498,0.1388
804,703,1507,0.1388
807,706,1513,0.1388
797,704,1501,0.1388
804,704,1508,0.1388
797,696,1493,0.1388
788,694,1482,0.1388
795,700,1495,0.1388
803,695,1498,0.1388
803,692,1495,0.1388
802,695,1497,0.1388
802,695,1497,0.1388
799,695,1494,0.1388
799,701,1500,0.1388
809,696,1505,0.1388
807,696,1503,0.1388
802,693,1495,0.1388
801,698,1499,0.1388
805,703,1508,0.1388
807,706,1513,0.1388
808,700,1508,0.1388
790,707,1497,0.1388
781,718,1499,0.1388
782,728,1510,0.1388
763,722,1485,0.1388
761,728,1489,0.1388
771,736,1507,0.1388
772,739,1511,0.1388
781,740,1521,0.1388
777,727,1504,0.1388
769,726,1495,0.1388
769,728,1497,0.1388
781,729,1510,0.1388
790,732,1522,0.1388
785,729,1514,0.1388
782,732,1514,0.1388
774,727,1501,0.1388
777,730,1507,0.1388
782,723,1505,0.1388
779,733,1512,0.1388
784,723,1507,0.1388
788,720,1508,0.1388
794,725,1519,0.1388
780,721,1501,0.1388
780,718,1498,0.1388
781,723,1504,0.1388
790,731,1521,0.1388
789,732,1521,0.1388
785,727,1512,0.1388
791,730,1521,0.1388
785,733,1518,0.1388
786,731,1517,0.1388
790,730,1520,0.1388
787,731,1518,0.1388
772,736,1508,0.1388
781,737,1518,0.1388
777,729,1506,0.1388
779,729,1508,0.1388
783,725,1508,0.1388
785,723,1508,0.1388
778,722,1500,0.1388
774,730,1504,0.1388
769,736,1505,0.1388
771,733,1504,0.1388
765,736,1501,0.1388
758,751,1509,0.1388
748,740,1488,0.1388
758,739,1497,0.1388
772,740,1512,0.1388
763,750,1513,0.1388
760,754,1514,0.1388
751,764,1515,0.1388
757,771,1528,0.1388
758,761,1519,0.1388
757,749,1506,0.1388
755,750,1505,0.1388
751,752,1503,0.1388
747,759,1506,0.1388
744,767,1511,0.1388
742,777,1519,0.1388
741,773,1514,0.1388
736,777,1513,0.1388
736,771,1507,0.1388
747,770,1517,0.1388
739,762,1501,0.1388
733,768,1501,0.1388
732,767,1499,0.1388
735,769,1504,0.1388
740,766,1506,0.1388
734,777,1511,0.1388
723,784,1507,0.1388
719,782,1501,0.1388
723,784,1507,0.1388
726,794,1520,0.1388
727,794,1521,0.1388
724,787,1511,0.1388
730,772,1502,0.1388
731,768,1499,0.1388
744,765,1509,0.1388
740,766,1506,0.1388
737,767,1504,0.1388
734,768,1502,0.1388
734,773,1507,0.1388
737,771,1508,0.1388
741,763,1504,0.1388
745,767,1512,0.1388
747,775,1522,0.1388
729,777,1506,0.1388
735,774,1509,0.1388
728,774,1502,0.1388
730,768,1498,0.1388
727,764,1491,0.1388
733,769,1502,0.1388
736,763,1499,0.1388
735,767,1502,0.1388
730,772,1502,0.1388
734,771,1505,0.1388
739,775,1514,0.1388
737,770,1507,0.1388
740,768,1508,0.1388
743,764,1507,0.1388
745,766,1511,0.1388
745,768,1513,0.1388
743,767,1510,0.1388
739,773,1512,0.1388
728,778,1506,0.1388
725,779,1504,0.1388
725,788,1513,0.1388
715,789,1504,0.1388
716,791,1507,0.1388
717,785,1502,0.1388
723,786,1509,0.1388
718,781,1499,0.1388
726,780,1506,0.1388
717,781,1498,0.1388
715,790,1505,0.1388
717,793,1510,0.1388
716,790,1506,0.1388
716,793,1509,0.1388
717,800,1517,0.1388
710,797,1507,0.1388
703,813,1516,0.1388
699,812,1511,0.1388
698,813,1511,0.1388
695,812,1507,0.1388
690,814,1504,0.1388
700,817,1517,0.1388
696,817,1513,0.1388
696,821,1517,0.1388
697,828,1525,0.1388
699,814,1513,0.1388
695,814,1509,0.1388
685,817,1502,0.1388
687,817,1504,0.1388
679,821,1500,0.1388
677,818,1495,0.1388
674,820,1494,0.1388
672,817,1489,0.1388
675,821,1496,0.1388
676,832,1508,0.1388
679,827,1506,0.1388
675,823,1498,0.1388
685,818,1503,0.1388
685,818,1503,0.1388
680,835,1515,0.1388
687,833,1520,0.1388
686,823,1509,0.1388
686,816,1502,0.1388
680,825,1505,0.1388
683,823,1506,0.1388
684,827,1511,0.1388
681,830,1511,0.1388
683,823,1506,0.1388
688,818,1506,0.1388
689,814,1503,0.1388
683,833,1516,0.1388
681,844,1525,0.1388
673,838,1511,0.1388
678,834,1512,0.1388
676,835,1511,0.1388
677,842,1519,0.1388
668,839,1507,0.1388
670,841,1511,0.1388
662,835,1497,0.1388
657,832,1489,0.1388
651,834,1485,0.1388
654,829,1483,0.1388
657,833,1490,0.1388
662,831,1493,0.1388
664,835,1499,0.1388
659,834,1493,0.1388
659,835,1494,0.1388
657,843,1500,0.1388
647,847,1494,0.1388
655,846,1501,0.1388
653,844,1497,0.1388
660,839,1499,0.1388
657,851,1508,0.1388
656,858,1514,0.1388
661,855,1516,0.1388
664,866,1530,0.1388
657,856,1513,0.1388
655,854,1509,0.1388
658,850,1508,0.1388
662,848,1510,0.1388
655,846,1501,0.1388
648,849,1497,0.1388
641,851,1492,0.1388
633,868,1501,0.1388
624,873,1497,0.1388
627,879,1506,0.1388
625,880,1505,0.1388
625,877,1502,0.1388
615,871,1486,0.1388
619,879,1498,0.1388
613,884,1497,0.1388
617,887,1504,0.1388
612,894,1506,0.1388
615,882,1497,0.1388
615,890,1505,0.1388
615,885,1500,0.1388
618,896,1514,0.1388
616,899,1515,0.1388
608,905,1513,0.1388
610,893,1503,0.1388
618,896,1514,0.1388
620,884,1504,0.1388
630,893,1523,0.1388
622,901,1523,0.1388
615,887,1502,0.1388
612,888,1500,0.1388
610,893,1503,0.1388
612,892,1504,0.1388
625,897,1522,0.1388
617,887,1504,0.1388
610,893,1503,0.1388
611,900,1511,0.1388
609,889,1498,0.1388
611,896,1507,0.1388
602,895,1497,0.1388
596,903,1499,0.1388
599,921,1520,0.1388
590,909,1499,0.1388
594,912,1506,0.1388
609,919,1528,0.1388
601,916,1517,0.1388
600,910,1510,0.1388
595,912,1507,0.1388
596,906,1502,0.1388
596,911,1507,0.1388
588,901,1489,0.1388
596,902,1498,0.1388
594,911,1505,0.1388
590,894,1484,0.1388
591,901,1492,0.1388
590,902,1492,0.1388
586,910,1496,0.1388
587,920,1507,0.1388
589,925,1514,0.1388
581,930,1511,0.1388
580,936,1516,0.1388
588,925,1513,0.1388
588,927,1515,0.1388
582,925,1507,0.1388
583,926,1509,0.1388
576,918,1494,0.1388
579,928,1507,0.1388
582,926,1508,0.1388
588,932,1520,0.1388
584,934,1518,0.1388
579,930,1509,0.1388
578,928,1506,0.1388
580,921,1501,0.1388
581,922,1503,0.1388
576,926,1502,0.1388
569,935,1504,0.1388
571,938,1509,0.1388
565,932,1497,0.1388
571,928,1499,0.1388
570,927,1497,0.1388
571,937,1508,0.1388
567,947,1514,0.1388
567,939,1506,0.1388
574,920,1494,0.1388
570,917,1487,0.1388
567,928,1495,0.1388
569,934,1503,0.1388
575,952,1527,0.1388
578,949,1527,0.1388
575,943,1518,0.1388
562,947,1509,0.1388
554,953,1507,0.1388
555,959,1514,0.1388
560,958,1518,0.1388
564,945,1509,0.1388
554,945,1499,0.1388
550,952,1502,0.1388
550,953,1503,0.1388
548,959,1507,0.1388
552,960,1512,0.1388
548,958,1506,0.1388
549,970,1519,0.1388
549,976,1525,0.1388
551,971,1522,0.1388
549,971,1520,0.1388
543,981,1524,0.1388
543,981,1524,0.1388
529,962,1491,0.1388
522,976,1498,0.1388
518,956,1474,0.1388
523,966,1489,0.1388
534,981,1515,0.1388
527,970,1497,0.1388
528,976,1504,0.1388
528,968,1496,0.1388
531,963,1494,0.1388
527,966,1493,0.1388
526,970,1496,0.1388
531,972,1503,0.1388
531,969,1500,0.1388
535,977,1512,0.1388
534,987,1521,0.1388
542,993,1535,0.1388
543,988,1531,0.1388
541,989,1530,0.1388
538,996,1534,0.1388
529,993,1522,0.1388
521,994,1515,0.1388
509,1010,1519,0.1388
512,1014,1526,0.1388
512,1013,1525,0.1388
510,1005,1515,0.1388
501,1006,1507,0.1388
496,1000,1496,0.1388
496,1008,1504,0.1388
501,1012,1513,0.1388
501,1010,1511,0.1388
500,1018,1518,0.1388
496,1015,1511,0.1388
497,1008,1505,0.1388
497,1006,1503,0.1388
491,1001,1492,0.1388
490,1007,1497,0.1388
492,1007,1499,0.1388
486,1007,1493,0.1388
483,1012,1495,0.1388
484,1014,1498,0.1388
482,1009,1491,0.1388
486,1022,1508,0.1388
487,1019,1506,0.1388
488,1019,1507,0.1388
492,1018,1510,0.1388
492,1020,1512,0.1388
498,1022,1520,0.1388
496,1018,1514,0.1388
496,1019,1515,0.1388
486,1016,1502,0.1388
491,1012,1503,0.1388
489,1022,1511,0.1388
486,1023,1509,0.1388
491,1032,1523,0.1388
492,1024,1516,0.1388
492,1021,1513,0.1388
491,1023,1514,0.1388
484,1021,1505,0.1388
482,1016,1498,0.1388
480,1023,1503,0.1388
477,1028,1505,0.1388
480,1026,1506,0.1388
486,1020,1506,0.1388
488,1020,1508,0.1388
490,1021,1511,0.1388
486,1023,1509,0.1388
479,1016,1495,0.1388
475,1023,1498,0.1388
468,1022,1490,0.1388
461,1019,1480,0.1388
463,1036,1499,0.1388
462,1036,1498,0.1388
471,1032,1503,0.1388
471,1036,1507,0.1388
470,1045,1515,0.1388
473,1035,1508,0.1388
467,1042,1509,0.1388
473,1044,1517,0.1388
466,1038,1504,0.1388
460,1047,1507,0.1388
464,1030,1494,0.1388
466,1037,1503,0.1388
466,1039,1505,0.1388
463,1040,1503,0.1388
457,1043,1500,0.1388
454,1059,1513,0.1388
445,1061,1506,0.1388
441,1057,1498,0.1388
447,1057,1504,0.1388
447,1052,1499,0.1388
454,1057,1511,0.1388
449,1061,1510,0.1388
452,1063,1515,0.1388
454,1060,1514,0.1388
446,1062,1508,0.1388
445,1059,1504,0.1388
444,1057,1501,0.1388
447,1063,1510,0.1388
450,1075,1525,0.1388
447,1072,1519,0.1388
441,1074,1515,0.1388
445,1074,1519,0.1388
445,1075,1520,0.1388
438,1071,1509,0.1388
435,1078,1513,0.1388
428,1073,1501,0.1388
434,1082,1516,0.1388
433,1069,1502,0.1388
425,1068,1493,0.1388
423,1074,1497,0.1388
421,1086,1507,0.1388
427,1093,1520,0.1388
424,1091,1515,0.1388
421,1087,1508,0.1388
418,1098,1516,0.1388
423,1101,1524,0.1388
421,1101,1522,0.1388
423,1094,1517,0.1388
417,1089,1506,0.1388
414,1090,1504,0.1388
414,1089,1503,0.1388
404,1092,1496,0.1388
404,1107,1511,0.1388
408,1103,1511,0.1388
411,1106,1517,0.1388
407,1113,1520,0.1388
402,1115,1517,0.1388
400,1116,1516,0.1388
403,1113,1516,0.1388
395,1115,1510,0.1388
397,1123,1520,0.1388
394,1108,1502,0.1388
395,1110,1505,0.1388
398,1108,1506,0.1388
400,1113,1513,0.1388
396,1115,1511,0.1388
397,1119,1516,0.1388
396,1119,1515,0.1388
394,1126,1520,0.1388
394,1125,1519,0.1388
391,1122,1513,0.1388
386,1112,1498,0.1388
383,1113,1496,0.1388
382,1114,1496,0.1388
382,1109,1491,0.1388
384,1114,1498,0.1388
384,1125,1509,0.1388
387,1119,1506,0.1388
389,1127,1516,0.1388
384,1132,1516,0.1388
384,1132,1516,0.1388
389,1128,1517,0.1388
390,1135,1525,0.1388
392,1141,1533,0.1388
393,1125,1518,0.1388
390,1122,1512,0.1388
384,1130,1514,0.1388
377,1122,1499,0.1388
384,1113,1497,0.1388
386,1130,1516,0.1388
383,1124,1507,0.1388
379,1128,1507,0.1388
371,1132,1503,0.1388
372,1135,1507,0.1388
374,1127,1501,0.1388
376,1128,1504,0.1388
372,1131,1503,0.1388
371,1130,1501,0.1388
367,1134,1501,0.1388
365,1135,1500,0.1388
362,1135,1497,0.1388
370,1133,1503,0.1388
367,1135,1502,0.1388
370,1138,1508,0.1388
367,1137,1504,0.1388
363,1134,1497,0.1388
355,1140,1495,0.1388
358,1141,1499,0.1388
358,1152,1510,0.1388
353,1154,1507,0.1388
357,1168,1525,0.1388
355,1172,1527,0.1388
357,1169,1526,0.1388
364,1169,1533,0.1388
363,1162,1525,0.1388
364,1153,1517,0.1388
357,1148,1505,0.1388
352,1149,1501,0.1388
355,1149,1504,0.1388
353,1162,1515,0.1388
358,1139,1497,0.1388
363,1153,1516,0.1388
359,1159,1518,0.1388
361,1155,1516,0.1388
357,1168,1525,0.1388
346,1159,1505,0.1388
355,1154,1509,0.1388
359,1154,1513,0.1388
358,1153,1511,0.1388
356,1149,1505,0.1388
355,1155,1510,0.1388
357,1171,1528,0.1388
350,1173,1523,0.1388
348,1161,1509,0.1388
348,1164,1512,0.1388
347,1168,1515,0.1388
344,1170,1514,0.1388
345,1166,1511,0.1388
351,1173,1524,0.1388
345,1169,1514,0.1388
342,1174,1516,0.1388
342,1172,1514,0.1388
348,1162,1510,0.1388
347,1156,1503,0.1388
345,1159,1504,0.1388
345,1160,1505,0.1388
343,1142,1485,0.1388
349,1159,1508,0.1388
353,1157,1510,0.1388
349,1159,1508,0.1388
350,1160,1510,0.1388
344,1163,1507,0.1388
346,1167,1513,0.1388
345,1168,1513,0.1388
342,1181,1523,0.1388
340,1184,1524,0.1388
335,1169,1504,0.1388
339,1181,1520,0.1388
338,1184,1522,0.1388
335,1181,1516,0.1388
340,1184,1524,0.1388
337,1189,1526,0.1388
333,1183,1516,0.1388
336,1180,1516,0.1388
333,1176,1509,0.1388
329,1182,1511,0.1388
332,1182,1514,0.1388
326,1177,1503,0.1388
326,1180,1506,0.1388
324,1181,1505,0.1388
333,1175,1508,0.1388
335,1175,1510,0.1388
338,1176,1514,0.1388
340,1178,1518,0.1388
342,1164,1506,0.1388
345,1167,1512,0.1388
339,1163,1502,0.1388
338,1162,1500,0.1388
341,1153,1494,0.1388
344,1154,1498,0.1388
345,1166,1511,0.1388
347,1167,1514,0.1388
345,1167,1512,0.1388
348,1172,1520,0.1388
346,1165,1511,0.1388
342,1148,1490,0.1388
342,1169,1511,0.1388
340,1168,1508,0.1388
341,1172,1513,0.1388
345,1180,1525,0.1388
346,1174,1520,0.1388
343,1167,1510,0.1388
343,1165,1508,0.1388
348,1169,1517,0.1388
347,1176,1523,0.1388
342,1173,1515,0.1388
347,1169,1516,0.1388
343,1166,1509,0.1388
344,1163,1507,0.1388
335,1173,1508,0.1388
333,1167,1500,0.1388
337,1166,1503,0.1388
341,1162,1503,0.1388
341,1177,1518,0.1388
343,1173,1516,0.1388
348,1180,1528,0.1388
341,1177,1518,0.1388
340,1172,1512,0.1388
342,1174,1516,0.1388
343,1180,1523,0.1388
338,1196,1534,0.1388
338,1178,1516,0.1388
336,1175,1511,0.1388
331,1182,1513,0.1388
336,1173,1509,0.1388
336,1168,1504,0.1388
332,1158,1490,0.1388
337,1161,1498,0.1388
331,1170,1501,0.1388
327,1172,1499,0.1388
327,1181,1508,0.1388
325,1186,1511,0.1388
326,1185,1511,0.1388
325,1188,1513,0.1388
328,1186,1514,0.1388
326,1195,1521,0.1388
324,1184,1508,0.1388
320,1185,1505,0.1388
323,1175,1498,0.1388
320,1188,1508,0.1388
323,1189,1512,0.1388
317,1194,1511,0.1388
322,1201,1523,0.1388
322,1193,1515,0.1388
326,1194,1520,0.1388
327,1192,1519,0.1388
325,1194,1519,0.1388
326,1191,1517,0.1388
319,1198,1517,0.1388
321,1185,1506,0.1388
318,1192,1510,0.1388
317,1179,1496,0.1388
322,1187,1509,0.1388
321,1191,1512,0.1388
319,1195,1514,0.1388
322,1196,1518,0.1388
319,1186,1505,0.1388
305,1187,1492,0.1388
301,1191,1492,0.1388
304,1185,1489,0.1388
304,1184,1488,0.1388
303,1188,1491,0.1388
306,1189,1495,0.1388
305,1184,1489,0.1388
305,1188,1493,0.1388
308,1195,1503,0.1388
310,1206,1516,0.1388
305,1199,1504,0.1388
301,1209,1510,0.1388
299,1210,1509,0.1388
298,1210,1508,0.1388
294,1218,1512,0.1388
291,1221,1512,0.1388
292,1219,1511,0.1388
290,1222,1512,0.1388
289,1217,1506,0.1388
297,1217,1514,0.1388
295,1225,1520,0.1388
301,1233,1534,0.1388
297,1235,1532,0.1388
290,1230,1520,0.1388
288,1244,1532,0.1388
285,1227,1512,0.1388
285,1222,1507,0.1388
285,1219,1504,0.1388
283,1220,1503,0.1388
287,1227,1514,0.1388
291,1218,1509,0.1388
289,1211,1500,0.1388
290,1218,1508,0.1388
283,1219,1502,0.1388
285,1226,1511,0.1388
286,1230,1516,0.1388
284,1218,1502,0.1388
283,1231,1514,0.1388
282,1232,1514,0.1388
285,1230,1515,0.1388
280,1237,1517,0.1388
288,1233,1521,0.1388
287,1233,1520,0.1388
288,1228,1516,0.1388
288,1233,1521,0.1388
286,1220,1506,0.1388
289,1231,1520,0.1388
285,1231,1516,0.1388
285,1229,1514,0.1388
286,1232,1518,0.1388
288,1223,1511,0.1388
291,1228,1519,0.1388
286,1228,1514,0.1388
282,1235,1517,0.1388
286,1235,1521,0.1388
283,1226,1509,0.1388
282,1230,1512,0.1388
284,1227,1511,0.1388
283,1229,1512,0.1388
279,1238,1517,0.1388
280,1234,1514,0.1388
278,1227,1505,0.1388
278,1223,1501,0.1388
275,1227,1502,0.1388
276,1235,1511,0.1388
274,1224,1498,0.1388
275,1220,1495,0.1388
281,1223,1504,0.1388
280,1230,1510,0.1388
287,1220,1507,0.1388
288,1223,1511,0.1388
290,1222,1512,0.1388
287,1225,1512,0.1388
286,1222,1508,0.1388
284,1225,1509,0.1388
280,1235,1515,0.1388
278,1249,1527,0.1388
278,1245,1523,0.1388
278,1251,1529,0.1388
277,1239,1516,0.1388
273,1236,1509,0.1388
271,1233,1504,0.1388
270,1239,1509,0.1388
269,1240,1509,0.1388
268,1245,1513,0.1388
266,1247,1513,0.1388
263,1255,1518,0.1388
259,1242,1501,0.1388
258,1257,1515,0.1388
258,1256,1514,0.1388
265,1254,1519,0.1388
267,1247,1514,0.1388
270,1247,1517,0.1388
268,1245,1513,0.1388
265,1236,1501,0.1388
260,1239,1499,0.1388
261,1232,1493,0.1388
267,1237,1504,0.1388
266,1236,1502,0.1388
263,1252,1515,0.1388
264,1245,1509,0.1388
266,1242,1508,0.1388
266,1238,1504,0.1388
267,1238,1505,0.1388
269,1246,1515,0.1388
274,1236,1510,0.1388
269,1239,1508,0.1388
265,1241,1506,0.1388
262,1240,1502,0.1388
260,1250,1510,0.1388
263,1255,1518,0.1388
259,1252,1511,0.1388
260,1252,1512,0.1388
265,1250,1515,0.1388
264,1259,1523,0.1388
266,1263,1529,0.1388
266,1253,1519,0.1388
260,1256,1516,0.1388
257,1255,1512,0.1388
263,1254,1517,0.1388
264,1251,1515,0.1388
261,1255,1516,0.1388
257,1255,1512,0.1388
256,1257,1513,0.1388
258,1257,1515,0.1388
258,1252,1510,0.1388
264,1252,1516,0.1388
269,1262,1531,0.1388
270,1249,1519,0.1388
267,1255,1522,0.1388
267,1254,1521,0.1388
265,1250,1515,0.1388
257,1236,1493,0.1388
254,1244,1498,0.1388
260,1245,1505,0.1388
261,1248,1509,0.1388
261,1249,1510,0.1388
264,1249,1513,0.1388
265,1237,1502,0.1388
263,1241,1504,0.1388
255,1240,1495,0.1388
254,1254,1508,0.1388
250,1252,1502,0.1388
252,1256,1508,0.1388
243,1260,1503,0.1388
245,1253,1498,0.1388
248,1256,1504,0.1388
244,1268,1512,0.1388
242,1275,1517,0.1388
242,1284,1526,0.1388
240,1265,1505,0.1388
240,1268,1508,0.1388
239,1275,1514,0.1388
241,1280,1521,0.1388
237,1278,1515,0.1388
232,1284,1516,0.1388
236,1276,1512,0.1388
233,1279,1512,0.1388
236,1282,1518,0.1388
232,1282,1514,0.1388
234,1281,1515,0.1388
233,1284,1517,0.1388
231,1282,1513,0.1388
232,1291,1523,0.1388
235,1279,1514,0.1388
234,1280,1514,0.1388
238,1258,1496,0.1388
238,1266,1504,0.1388
236,1271,1507,0.1388
229,1275,1504,0.1388
239,1277,1516,0.1388
238,1277,1515,0.1388
237,1278,1515,0.1388
236,1273,1509,0.1388
235,1259,1494,0.1388
239,1254,1493,0.1388
241,1238,1479,0.1388
241,1250,1491,0.1388
241,1264,1505,0.1388
241,1261,1502,0.1388
239,1260,1499,0.1388
241,1261,1502,0.1388
237,1265,1502,0.1388
235,1278,1513,0.1388
234,1281,1515,0.1388
237,1289,1526,0.1388
237,1287,1524,0.1388
236,1295,1531,0.1388
237,1287,1524,0.1388
240,1299,1539,0.1388
238,1293,1531,0.1388
233,1283,1516,0.1388
231,1287,1518,0.1388
227,1291,1518,0.1388
225,1290,1515,0.1388
224,1300,1524,0.1388
222,1296,1518,0.1388
222,1299,1521,0.1388
222,1308,1530,0.1388
220,1308,1528,0.1388
222,1292,1514,0.1388
223,1289,1512,0.1388
220,1293,1513,0.1388
221,1304,1525,0.1388
217,1309,1526,0.1388
219,1301,1520,0.1388
222,1302,1524,0.1388
225,1286,1511,0.1388
222,1291,1513,0.1388
220,1303,1523,0.1388
218,1295,1513,0.1388
210,1293,1503,0.1388
211,1302,1513,0.1388
209,1301,1510,0.1388
215,1292,1507,0.1388
213,1295,1508,0.1388
214,1301,1515,0.1388
213,1302,1515,0.1388
216,1307,1523,0.1388
216,1294,1510,0.1388
211,1283,1494,0.1388
214,1286,1500,0.1388
214,1272,1486,0.1388
219,1276,1495,0.1388
222,1285,1507,0.1388
217,1303,1520,0.1388
214,1302,1516,0.1388
213,1307,1520,0.1388
210,1297,1507,0.1388
213,1286,1499,0.1388
218,1296,1514,0.1388
213,1293,1506,0.1388
213,1317,1530,0.1388
214,1297,1511,0.1388
211,1302,1513,0.1388
214,1302,1516,0.1388
212,1302,1514,0.1388
210,1306,1516,0.1388
211,1298,1509,0.1388
213,1309,1522,0.1388
214,1311,1525,0.1388
213,1306,1519,0.1388
213,1316,1529,0.1388
212,1301,1513,0.1388
210,1300,1510,0.1388
210,1304,1514,0.1388
214,1298,1512,0.1388
214,1293,1507,0.1388
214,1297,1511,0.1388
210,1296,1506,0.1388
209,1306,1515,0.1388
213,1299,1512,0.1388
216,1312,1528,0.1388
208,1310,1518,0.1388
205,1314,1519,0.1388
206,1311,1517,0.1388
202,1321,1523,0.1388
200,1325,1525,0.1388
202,1315,1517,0.1388
201,1317,1518,0.1388
196,1303,1499,0.1388
200,1312,1512,0.1388
201,1321,1522,0.1388
203,1323,1526,0.1388
201,1314,1515,0.1388
200,1322,1522,0.1388
198,1311,1509,0.1388
192,1318,1510,0.1388
187,1325,1512,0.1388
185,1315,1500,0.1388
185,1314,1499,0.1388
186,1330,1516,0.1388
184,1335,1519,0.1388
184,1338,1522,0.1388
181,1327,1508,0.1388
178,1349,1527,0.1388
174,1341,1515,0.1388
176,1352,1528,0.1388
174,1357,1531,0.1388
171,1356,1527,0.1388
170,1372,1542,0.1388
170,1355,1525,0.1388
167,1349,1516,0.1388
170,1353,1523,0.1388
169,1351,1520,0.1388
167,1344,1511,0.1388
167,1353,1520,0.1388
167,1364,1531,0.1388
166,1361,1527,0.1388
166,1348,1514,0.1388
164,1345,1509,0.1388
164,1349,1513,0.1388
163,1353,1516,0.1388
165,1351,1516,0.1388
167,1341,1508,0.1388
165,1346,1511,0.1388
167,1350,1517,0.1388
168,1363,1531,0.1388
168,1357,1525,0.1388
168,1358,1526,0.1388
170,1361,1531,0.1388
170,1342,1512,0.1388
173,1342,1515,0.1388
173,1337,1510,0.1388
176,1343,1519,0.1388
173,1351,1524,0.1388
168,1333,1501,0.1388
166,1332,1498,0.1388
165,1339,1504,0.1388
165,1345,1510,0.1388
162,1350,1512,0.1388
161,1361,1522,0.1388
160,1361,1521,0.1388
155,1340,1495,0.1388
151,1355,1506,0.1388
155,1344,1499,0.1388
159,1342,1501,0.1388
160,1340,1500,0.1388
161,1338,1499,0.1388
160,1347,1507,0.1388
154,1351,1505,0.1388
155,1348,1503,0.1388
157,1350,1507,0.1388
161,1352,1513,0.1388
163,1354,1517,0.1388
162,1348,1510,0.1388
168,1347,1515,0.1388
168,1346,1514,0.1388
169,1356,1525,0.1388
167,1364,1531,0.1388
169,1354,1523,0.1388
173,1361,1534,0.1388
174,1360,1534,0.1388
169,1344,1513,0.1388
170,1346,1516,0.1388
170,1336,1506,0.1388
172,1348,1520,0.1388
171,1343,1514,0.1388
169,1338,1507,0.1388
167,1332,1499,0.1388
169,1331,1500,0.1388
168,1340,1508,0.1388
169,1335,1504,0.1388
171,1349,1520,0.1388
167,1337,1504,0.1388
164,1334,1498,0.1388
163,1343,1506,0.1388
164,1338,1502,0.1388
162,1345,1507,0.1388
163,1351,1514,0.1388
160,1346,1506,0.1388
158,1340,1498,0.1388
160,1339,1499,0.1388
161,1350,1511,0.1388
164,1349,1513,0.1388
157,1352,1509,0.1388
159,1350,1509,0.1388
155,1364,1519,0.1388
158,1355,1513,0.1388
158,1367,1525,0.1388
162,1362,1524,0.1388
159,1348,1507,0.1388
158,1348,1506,0.1388
164,1355,1519,0.1388
163,1362,1525,0.1388
162,1366,1528,0.1388
165,1360,1525,0.1388
165,1352,1517,0.1388
164,1355,1519,0.1388
160,1360,1520,0.1388
162,1367,1529,0.1388
162,1357,1519,0.1388
164,1361,1525,0.1388
163,1366,1529,0.1388
160,1367,1527,0.1388
158,1361,1519,0.1388
152,1364,1516,0.1388
152,1367,1519,0.1388
147,1380,1527,0.1388
144,1380,1524,0.1388
144,1368,1512,0.1388
144,1370,1514,0.1388
147,1370,1517,0.1388
142,1373,1515,0.1388
144,1376,1520,0.1388
149,1380,1529,0.1388
149,1377,1526,0.1388
144,1364,1508,0.1388
146,1358,1504,0.1388
143,1363,1506,0.1388
144,1367,1511,0.1388
143,1373,1516,0.1388
145,1377,1522,0.1388
142,1375,1517,0.1388
141,1370,1511,0.1388
137,1383,1520,0.1388
139,1378,1517,0.1388
141,1388,1529,0.1388
137,1381,1518,0.1388
138,1388,1526,0.1388
137,1387,1524,0.1388
139,1385,1524,0.1388
135,1386,1521,0.1388
135,1393,1528,0.1388
136,1379,1515,0.1388
137,1382,1519,0.1388
137,1373,1510,0.1388
137,1373,1510,0.1388
137,1374,1511,0.1388
135,1370,1505,0.1388
134,1383,1517,0.1388
133,1383,1516,0.1388
133,1384,1517,0.1388
127,1372,1499,0.1388
128,1370,1498,0.1388
126,1380,1506,0.1388
129,1383,1512,0.1388
127,1400,1527,0.1388
127,1396,1523,0.1388
125,1391,1516,0.1388
125,1392,1517,0.1388
123,1390,1513,0.1388
119,1404,1523,0.1388
118,1401,1519,0.1388
120,1394,1514,0.1388
121,1398,1519,0.1388
122,1405,1527,0.1388
121,1397,1518,0.1388
120,1391,1511,0.1388
121,1399,1520,0.1388
127,1397,1524,0.1388
124,1402,1526,0.1388
124,1388,1512,0.1388
121,1386,1507,0.1388
122,1385,1507,0.1388
121,1401,1522,0.1388
125,1399,1524,0.1388
124,1396,1520,0.1388
122,1394,1516,0.1388
122,1396,1518,0.1388
119,1407,1526,0.1388
117,1412,1529,0.1388
114,1413,1527,0.1388
115,1403,1518,0.1388
115,1417,1532,0.1388
117,1401,1518,0.1388
117,1404,1521,0.1388
118,1408,1526,0.1388
116,1405,1521,0.1388
119,1405,1524,0.1388
118,1400,1518,0.1388
119,1402,1521,0.1388
116,1411,1527,0.1388
114,1411,1525,0.1388
116,1414,1530,0.1388
109,1427,1536,0.1388
106,1422,1528,0.1388
107,1418,1525,0.1388
105,1395,1500,0.1388
104,1399,1503,0.1388
103,1404,1507,0.1388
104,1414,1518,0.1388
102,1411,1513,0.1388
103,1422,1525,0.1388
104,1414,1518,0.1388
104,1415,1519,0.1388
102,1415,1517,0.1388
101,1416,1517,0.1388
101,1424,1525,0.1388
101,1422,1523,0.1388
96,1426,1522,0.1388
96,1418,1514,0.1388
96,1432,1528,0.1388
94,1427,1521,0.1388
93,1433,1526,0.1388
92,1439,1531,0.1388
92,1423,1515,0.1388
90,1424,1514,0.1388
90,1412,1502,0.1388
88,1407,1495,0.1388
89,1407,1496,0.1388
89,1424,1513,0.1388
91,1427,1518,0.1388
91,1409,1500,0.1388
91,1410,1501,0.1388
90,1393,1483,0.1388
89,1407,1496,0.1388
90,1412,1502,0.1388
91,1419,1510,0.1388
88,1414,1502,0.1388
87,1424,1511,0.1388
87,1428,1515,0.1388
89,1413,1502,0.1388
89,1407,1496,0.1388
90,1409,1499,0.1388
90,1414,1504,0.1388
91,1412,1503,0.1388
88,1414,1502,0.1388
91,1417,1508,0.1388
90,1430,1520,0.1388
92,1425,1517,0.1388
92,1428,1520,0.1388
93,1429,1522,0.1388
93,1426,1519,0.1388
89,1426,1515,0.1388
87,1430,1517,0.1388
88,1430,1518,0.1388
89,1425,1514,0.1388
86,1419,1505,0.1388
84,1431,1515,0.1388
83,1442,1525,0.1388
84,1434,1518,0.1388
82,1431,1513,0.1388
81,1430,1511,0.1388
82,1420,1502,0.1388
82,1420,1502,0.1388
83,1414,1497,0.1388
85,1422,1507,0.1388
83,1422,1505,0.1388
83,1435,1518,0.1388
78,1432,1510,0.1388
77,1436,1513,0.1388
78,1432,1510,0.1388
83,1439,1522,0.1388
83,1434,1517,0.1388
84,1437,1521,0.1388
81,1439,1520,0.1388
78,1442,1520,0.1388
79,1443,1522,0.1388
80,1445,1525,0.1388
80,1432,1512,0.1388
78,1438,1516,0.1388
80,1444,1524,0.1388
79,1440,1519,0.1388
79,1436,1515,0.1388
81,1435,1516,0.1388
81,1427,1508,0.1388
80,1439,1519,0.1388
80,1451,1531,0.1388
80,1430,1510,0.1388
79,1428,1507,0.1388
80,1435,1515,0.1388
79,1439,1518,0.1388
79,1440,1519,0.1388
77,1433,1510,0.1388
79,1434,1513,0.1388
78,1421,1499,0.1388
76,1411,1487,0.1388
76,1416,1492,0.1388
76,1421,1497,0.1388
78,1437,1515,0.1388
76,1445,1521,0.1388
73,1425,1498,0.1388
72,1438,1510,0.1388
73,1427,1500,0.1388
71,1431,1502,0.1388
71,1445,1516,0.1388
72,1435,1507,0.1388
70,1431,1501,0.1388
74,1437,1511,0.1388
74,1429,1503,0.1388
76,1432,1508,0.1388
78,1427,1505,0.1388
79,1437,1516,0.1388
80,1439,1519,0.1388
80,1435,1515,0.1388
80,1440,1520,0.1388
80,1450,1530,0.1388
79,1447,1526,0.1388
78,1442,1520,0.1388
80,1439,1519,0.1388
79,1447,1526,0.1388
79,1450,1529,0.1388
80,1443,1523,0.1388
77,1437,1514,0.1388
78,1429,1507,0.1388
78,1435,1513,0.1388
78,1430,1508,0.1388
77,1434,1511,0.1388
75,1434,1509,0.1388
77,1454,1531,0.1388
77,1452,1529,0.1388
76,1441,1517,0.1388
74,1443,1517,0.1388
71,1434,1505,0.1388
70,1438,1508,0.1388
71,1434,1505,0.1388
69,1437,1506,0.1388
71,1441,1512,0.1388
71,1447,1518,0.1388
72,1453,1525,0.1388
70,1455,1525,0.1388
69,1457,1526,0.1388
69,1442,1511,0.1388
70,1441,1511,0.1388
68,1457,1525,0.1388
69,1449,1518,0.1388
67,1442,1509,0.1388
68,1431,1499,0.1388
72,1443,1515,0.1388
74,1447,1521,0.1388
75,1441,1516,0.1388
73,1450,1523,0.1388
73,1452,1525,0.1388
75,1446,1521,0.1388
71,1432,1503,0.1388
71,1441,1512,0.1388
74,1433,1507,0.1388
75,1444,1519,0.1388
73,1456,1529,0.1388
70,1458,1528,0.1388
70,1459,1529,0.1388
66,1461,1527,0.1388
65,1450,1515,0.1388
67,1450,1517,0.1388
67,1451,1518,0.1388
67,1450,1517,0.1388
66,1447,1513,0.1388
67,1449,1516,0.1388
68,1454,1522,0.1388
67,1448,1515,0.1388
68,1440,1508,0.1388
69,1444,1513,0.1388
69,1453,1522,0.1388
72,1454,1526,0.1388
72,1452,1524,0.1388
69,1446,1515,0.1388
68,1442,1510,0.1388
68,1443,1511,0.1388
67,1439,1506,0.1388
66,1448,1514,0.1388
64,1451,1515,0.1388
66,1457,1523,0.1388
67,1459,1526,0.1388
67,1448,1515,0.1388
66,1439,1505,0.1388
67,1451,1518,0.1388
65,1450,1515,0.1388
64,1451,1515,0.1388
66,1454,1520,0.1388
66,1446,1512,0.1388
64,1450,1514,0.1388
66,1449,1515,0.1388
64,1453,1517,0.1388
65,1438,1503,0.1388
64,1439,1503,0.1388
65,1439,1504,0.1388
65,1440,1505,0.1388
63,1438,1501,0.1388
62,1435,1497,0.1388
62,1440,1502,0.1388
63,1444,1507,0.1388
64,1441,1505,0.1388
66,1438,1504,0.1388
68,1432,1500,0.1388
72,1449,1521,0.1388
70,1457,1527,0.1388
67,1450,1517,0.1388
69,1459,1528,0.1388
68,1449,1517,0.1388
66,1446,1512,0.1388
65,1426,1491,0.1388
66,1440,1506,0.1388
66,1441,1507,0.1388
66,1438,1504,0.1388
64,1435,1499,0.1388
64,1437,1501,0.1388
64,1448,1512,0.1388
62,1443,1505,0.1388
61,1436,1497,0.1388
63,1438,1501,0.1388
62,1434,1496,0.1388
64,1450,1514,0.1388
64,1463,1527,0.1388
64,1467,1531,0.1388
65,1470,1535,0.1388
63,1459,1522,0.1388
66,1452,1518,0.1388
67,1438,1505,0.1388
64,1438,1502,0.1388
64,1451,1515,0.1388
61,1448,1509,0.1388
61,1449,1510,0.1388
61,1454,1515,0.1388
60,1462,1522,0.1388
57,1460,1517,0.1388
60,1469,1529,0.1388
61,1457,1518,0.1388
58,1459,1517,0.1388
60,1466,1526,0.1388
58,1460,1518,0.1388
58,1453,1511,0.1388
58,1460,1518,0.1388
57,1454,1511,0.1388
58,1445,1503,0.1388
53,1458,1511,0.1388
54,1454,1508,0.1388
56,1463,1519,0.1388
55,1458,1513,0.1388
60,1465,1525,0.1388
61,1471,1532,0.1388
60,1461,1521,0.1388
65,1467,1532,0.1388
64,1457,1521,0.1388
64,1468,1532,0.1388
64,1466,1530,0.1388
61,1465,1526,0.1388
58,1469,1527,0.1388
60,1458,1518,0.1388
60,1464,1524,0.1388
56,1449,1505,0.1388
59,1458,1517,0.1388
57,1454,1511,0.1388
58,1458,1516,0.1388
58,1451,1509,0.1388
57,1466,1523,0.1388
57,1461,1518,0.1388
59,1464,1523,0.1388
60,1459,1519,0.1388
58,1450,1508,0.1388
57,1454,1511,0.1388
58,1450,1508,0.1388
56,1452,1508,0.1388
54,1442,1496,0.1388
55,1451,1506,0.1388
56,1461,1517,0.1388
58,1450,1508,0.1388
55,1461,1516,0.1388
56,1455,1511,0.1388
54,1463,1517,0.1388
55,1468,1523,0.1388
54,1462,1516,0.1388
54,1462,1516,0.1388
55,1458,1513,0.1388
54,1447,1501,0.1388
53,1451,1504,0.1388
50,1447,1497,0.1388
49,1456,1505,0.1388
51,1476,1527,0.1388
48,1470,1518,0.1388
44,1470,1514,0.1388
46,1469,1515,0.1388
46,1468,1514,0.1388
45,1470,1515,0.1388
44,1481,1525,0.1388
45,1465,1510,0.1388
42,1472,1514,0.1388
42,1470,1512,0.1388
43,1467,1510,0.1388
44,1489,1533,0.1388
46,1486,1532,0.1388
47,1474,1521,0.1388
44,1475,1519,0.1388
43,1471,1514,0.1388
45,1473,1518,0.1388
45,1464,1509,0.1388
45,1459,1504,0.1388
43,1458,1501,0.1388
46,1472,1518,0.1388
41,1471,1512,0.1388
40,1477,1517,0.1388
42,1475,1517,0.1388
41,1466,1507,0.1388
40,1471,1511,0.1388
36,1472,1508,0.1388
37,1480,1517,0.1388
38,1485,1523,0.1388
38,1481,1519,0.1388
37,1487,1524,0.1388
38,1483,1521,0.1388
37,1482,1519,0.1388
36,1477,1513,0.1388
37,1471,1508,0.1388
37,1475,1512,0.1388
35,1480,1515,0.1388
35,1481,1516,0.1388
35,1488,1523,0.1388
33,1484,1517,0.1388
32,1476,1508,0.1388
35,1487,1522,0.1388
34,1486,1520,0.1388
35,1476,1511,0.1388
34,1471,1505,0.1388
34,1464,1498,0.1388
34,1476,1510,0.1388
33,1496,1529,0.1388
34,1487,1521,0.1388
33,1470,1503,0.1388
32,1473,1505,0.1388
31,1478,1509,0.1388
30,1476,1506,0.1388
31,1467,1498,0.1388
32,1465,1497,0.1388
31,1467,1498,0.1388
32,1475,1507,0.1388
32,1480,1512,0.1388
30,1495,1525,0.1388
30,1478,1508,0.1388
26,1489,1515,0.1388
25,1486,1511,0.1388
26,1477,1503,0.1388
28,1480,1508,0.1388
27,1491,1518,0.1388
24,1483,1507,0.1388
24,1492,1516,0.1388
24,1500,1524,0.1388
24,1500,1524,0.1388
23,1505,1528,0.1388
24,1496,1520,0.1388
24,1507,1531,0.1388
24,1500,1524,0.1388
22,1503,1525,0.1388
23,1483,1506,0.1388
22,1481,1503,0.1388
22,1482,1504,0.1388
24,1478,1502,0.1388
26,1485,1511,0.1388
25,1493,1518,0.1388
26,1498,1524,0.1388
25,1508,1533,0.1388
24,1507,1531,0.1388
24,1506,1530,0.1388
25,1509,1534,0.1388
24,1500,1524,0.1388
22,1490,1512,0.1388
21,1502,1523,0.1388
22,1490,1512,0.1388
22,1491,1513,0.1388
22,1497,1519,0.1388
23,1481,1504,0.1388
22,1475,1497,0.1388
22,1483,1505,0.1388
23,1477,1500,0.1388
21,1492,1513,0.1388
21,1503,1524,0.1388
21,1501,1522,0.1388
22,1491,1513,0.1388
22,1488,1510,0.1388
21,1496,1517,0.1388
21,1500,1521,0.1388
22,1496,1518,0.1388
21,1494,1515,0.1388
20,1497,1517,0.1388
20,1501,1521,0.1388
19,1498,1517,0.1388
21,1505,1526,0.1388
21,1506,1527,0.1388
20,1506,1526,0.1388
20,1516,1536,0.1388
20,1504,1524,0.1388
20,1508,1528,0.1388
20,1509,1529,0.1388
21,1511,1532,0.1388
21,1506,1527,0.1388
21,1493,1514,0.1388
22,1490,1512,0.1388
23,1481,1504,0.1388
23,1481,1504,0.1388
21,1489,1510,0.1388
21,1489,1510,0.1388
20,1487,1507,0.1388
18,1480,1498,0.1388
19,1481,1500,0.1388
18,1493,1511,0.1388
18,1481,1499,0.1388
18,1487,1505,0.1388
19,1490,1509,0.1388
18,1494,1512,0.1388
19,1489,1508,0.1388
20,1497,1517,0.1388
19,1481,1500,0.1388
19,1480,1499,0.1388
20,1481,1501,0.1388
21,1487,1508,0.1388
22,1494,1516,0.1388
22,1493,1515,0.1388
23,1501,1524,0.1388
23,1503,1526,0.1388
23,1499,1522,0.1388
22,1516,1538,0.1388
24,1508,1532,0.1388
24,1504,1528,0.1388
25,1504,1529,0.1388
25,1504,1529,0.1388
25,1504,1529,0.1388
26,1510,1536,0.1388
26,1504,1530,0.1388
26,1502,1528,0.1388
24,1501,1525,0.1388
23,1504,1527,0.1388
25,1509,1534,0.1388
24,1485,1509,0.1388
24,1481,1505,0.1388
24,1491,1515,0.1388
24,1506,1530,0.1388
24,1500,1524,0.1388
24,1495,1519,0.1388
24,1483,1507,0.1388
21,1489,1510,0.1388
22,1491,1513,0.1388
22,1489,1511,0.1388
23,1498,1521,0.1388
23,1507,1530,0.1388
23,1493,1516,0.1388
22,1493,1515,0.1388
22,1494,1516,0.1388
22,1490,1512,0.1388
20,1491,1511,0.1388
22,1502,1524,0.1388
21,1496,1517,0.1388
20,1496,1516,0.1388
18,1490,1508,0.1388
18,1489,1507,0.1388
18,1508,1526,0.1388
18,1506,1524,0.1388
19,1501,1520,0.1388
19,1503,1522,0.1388
20,1498,1518,0.1388
18,1501,1519,0.1388
18,1510,1528,0.1388
18,1505,1523,0.1388
19,1502,1521,0.1388
19,1502,1521,0.1388
18,1496,1514,0.1388
18,1492,1510,0.1388
18,1487,1505,0.1388
20,1491,1511,0.1388
21,1485,1506,0.1388
21,1488,1509,0.1388
21,1479,1500,0.1388
21,1505,1526,0.1388
21,1503,1524,0.1388
21,1499,1520,0.1388
22,1488,1510,0.1388
22,1479,1501,0.1388
22,1473,1495,0.1388
23,1481,1504,0.1388
24,1493,1517,0.1388
24,1490,1514,0.1388
21,1493,1514,0.1388
21,1496,1517,0.1388
20,1497,1517,0.1388
20,1494,1514,0.1388
20,1493,1513,0.1388
19,1493,1512,0.1388
20,1507,1527,0.1388
20,1490,1510,0.1388
20,1490,1510,0.1388
22,1477,1499,0.1388
22,1485,1507,0.1388
21,1489,1510,0.1388
19,1487,1506,0.1388
19,1498,1517,0.1388
20,1495,1515,0.1388
18,1490,1508,0.1388
20,1472,1492,0.1388
20,1490,1510,0.1388
20,1506,1526,0.1388
20,1500,1520,0.1388
20,1490,1510,0.1388
20,1494,1514,0.1388
20,1480,1500,0.1388
20,1478,1498,0.1388
20,1481,1501,0.1388
20,1489,1509,0.1388
19,1503,1522,0.1388
18,1498,1516,0.1388
18,1486,1504,0.1388
18,1497,1515,0.1388
18,1495,1513,0.1388
18,1506,1524,0.1388
18,1506,1524,0.1388
18,1520,1538,0.1388
18,1512,1530,0.1388
20,1495,1515,0.1388
20,1500,1520,0.1388
20,1496,1516,0.1388
18,1493,1511,0.1388
18,1483,1501,0.1388
17,1497,1514,0.1388
16,1502,1518,0.1388
15,1506,1521,0.1388
17,1499,1516,0.1388
16,1494,1510,0.1388
17,1498,1515,0.1388
17,1484,1501,0.1388
17,1492,1509,0.1388
19,1488,1507,0.1388
19,1479,1498,0.1388
19,1485,1504,0.1388
19,1473,1492,0.1388
19,1477,1496,0.1388
20,1479,1499,0.1388
22,1480,1502,0.1388
22,1485,1507,0.1388
21,1494,1515,0.1388
21,1502,1523,0.1388
20,1494,1514,0.1388
18,1500,1518,0.1388
18,1496,1514,0.1388
17,1495,1512,0.1388
17,1500,1517,0.1388
17,1501,1518,0.1388
17,1504,1521,0.1388
16,1516,1532,0.1388
16,1511,1527,0.1388
16,1503,1519,0.1388
16,1502,1518,0.1388
17,1497,1514,0.1388
18,1488,1506,0.1388
18,1491,1509,0.1388
18,1486,1504,0.1388
17,1503,1520,0.1388
18,1512,1530,0.1388
18,1505,1523,0.1388
19,1497,1516,0.1388
19,1494,1513,0.1388
18,1494,1512,0.1388
17,1494,1511,0.1388
18,1494,1512,0.1388
16,1492,1508,0.1388
17,1504,1521,0.1388
17,1502,1519,0.1388
16,1491,1507,0.1388
16,1489,1505,0.1388
16,1484,1500,0.1388
16,1501,1517,0.1388
15,1520,1535,0.1388
15,1508,1523,0.1388
15,1497,1512,0.1388
16,1504,1520,0.1388
16,1507,1523,0.1388
15,1509,1524,0.1388
15,1501,1516,0.1388
15,1499,1514,0.1388
15,1501,1516,0.1388
14,1494,1508,0.1388
15,1498,1513,0.1388
16,1487,1503,0.1388
16,1498,1514,0.1388
16,1505,1521,0.1388
16,1499,1515,0.1388
15,1510,1525,0.1388
15,1494,1509,0.1388
16,1496,1512,0.1388
16,1491,1507,0.1388
16,1492,1508,0.1388
15,1494,1509,0.1388
15,1503,1518,0.1388
14,1503,1517,0.1388
15,1510,1525,0.1388
14,1508,1522,0.1388
13,1498,1511,0.1388
13,1513,1526,0.1388
13,1506,1519,0.1388
13,1493,1506,0.1388
12,1484,1496,0.1388
13,1487,1500,0.1388
13,1495,1508,0.1388
13,1493,1506,0.1388
13,1492,1505,0.1388
13,1497,1510,0.1388
13,1510,1523,0.1388
13,1515,1528,0.1388
12,1510,1522,0.1388
12,1515,1527,0.1388
11,1514,1525,0.1388
11,1513,1524,0.1388
11,1498,1509,0.1388
11,1499,1510,0.1388
11,1502,1513,0.1388
9,1503,1512,0.1388
9,1515,1524,0.1388
9,1519,1528,0.1388
10,1516,1526,0.1388
10,1503,1513,0.1388
10,1496,1506,0.1388
10,1490,1500,0.1388
10,1480,1490,0.1388
10,1479,1489,0.1388
9,1485,1494,0.1388
9,1489,1498,0.1388
10,1489,1499,0.1388
10,1492,1502,0.1388
10,1507,1517,0.1388
10,1517,1527,0.1388
9,1524,1533,0.1388
8,1515,1523,0.1388
7,1510,1517,0.1388
8,1512,1520,0.1388
8,1510,1518,0.1388
8,1511,1519,0.1388
8,1517,1525,0.1388
8,1519,1527,0.1388
8,1518,1526,0.1388
8,1506,1514,0.1388
8,1516,1524,0.1388
8,1510,1518,0.1388
7,1513,1520,0.1388
7,1514,1521,0.1388
7,1512,1519,0.1388
8,1503,1511,0.1388
8,1506,1514,0.1388
8,1512,1520,0.1388
8,1508,1516,0.1388
9,1504,1513,0.1388
9,1493,1502,0.1388
10,1507,1517,0.1388
10,1521,1531,0.1388
10,1520,1530,0.1388
9,1519,1528,0.1388
10,1514,1524,0.1388
10,1511,1521,0.1388
10,1507,1517,0.1388
10,1510,1520,0.1388
10,1503,1513,0.1388
9,1488,1497,0.1388
9,1492,1501,0.1388
8,1504,1512,0.1388
9,1511,1520,0.1388
9,1524,1533,0.1388
10,1522,1532,0.1388
10,1510,1520,0.1388
9,1509,1518,0.1388
9,1512,1521,0.1388
9,1515,1524,0.1388
10,1507,1517,0.1388
10,1506,1516,0.1388
10,1513,1523,0.1388
10,1511,1521,0.1388
10,1510,1520,0.1388
10,1506,1516,0.1388
9,1504,1513,0.1388
8,1493,1501,0.1388
8,1499,1507,0.1388
9,1498,1507,0.1388
8,1517,1525,0.1388
8,1502,1510,0.1388
8,1496,1504,0.1388
8,1502,1510,0.1388
9,1506,1515,0.1388
9,1518,1527,0.1388
9,1521,1530,0.1388
9,1501,1510,0.1388
9,1511,1520,0.1388
8,1503,1511,0.1388
7,1522,1529,0.1388
7,1511,1518,0.1388
7,1514,1521,0.1388
7,1504,1511,0.1388
7,1513,1520,0.1388
6,1514,1520,0.1388
6,1516,1522,0.1388
6,1521,1527,0.1388
6,1524,1530,0.1388
6,1522,1528,0.1388
5,1521,1526,0.1388
5,1510,1515,0.1388
5,1518,1523,0.1388
6,1507,1513,0.1388
7,1502,1509,0.1388
7,1509,1516,0.1388
8,1524,1532,0.1388
8,1513,1521,0.1388
8,1516,1524,0.1388
8,1523,1531,0.1388
8,1524,1532,0.1388
8,1520,1528,0.1388
7,1517,1524,0.1388
7,1515,1522,0.1388
8,1516,1524,0.1388
8,1503,1511,0.1388
8,1523,1531,0.1388
7,1497,1504,0.1388
7,1504,1511,0.1388
8,1504,1512,0.1388
8,1509,1517,0.1388
8,1507,1515,0.1388
8,1507,1515,0.1388
8,1512,1520,0.1388
9,1506,1515,0.1388
9,1504,1513,0.1388
9,1513,1522,0.1388
7,1516,1523,0.1388
6,1519,1525,0.1388
6,1515,1521,0.1388
6,1510,1516,0.1388
6,1503,1509,0.1388
7,1506,1513,0.1388
7,1514,1521,0.1388
9,1519,1528,0.1388
8,1522,1530,0.1388
7,1517,1524,0.1388
8,1513,1521,0.1388
8,1524,1532,0.1388
8,1525,1533,0.1388
8,1518,1526,0.1388
8,1510,1518,0.1388
9,1502,1511,0.1388
8,1491,1499,0.1388
8,1507,1515,0.1388
8,1505,1513,0.1388
9,1500,1509,0.1388
9,1509,1518,0.1388
11,1510,1521,0.1388
11,1525,1536,0.1388
10,1514,1524,0.1388
10,1525,1535,0.1388
9,1511,1520,0.1388
9,1513,1522,0.1388
9,1515,1524,0.1388
9,1504,1513,0.1388
8,1520,1528,0.1388
7,1522,1529,0.1388
7,1520,1527,0.1388
8,1513,1521,0.1388
9,1497,1506,0.1388
9,1504,1513,0.1388
9,1497,1506,0.1388
9,1502,1511,0.1388
9,1483,1492,0.1388
7,1498,1505,0.1388
7,1502,1509,0.1388
7,1508,1515,0.1388
7,1506,1513,0.1388
7,1513,1520,0.1388
6,1499,1505,0.1388
6,1508,1514,0.1388
6,1510,1516,0.1388
6,1506,1512,0.1388
6,1509,1515,0.1388
6,1510,1516,0.1388
6,1509,1515,0.1388
6,1514,1520,0.1388
6,1520,1526,0.1388
5,1530,1535,0.1388
5,1515,1520,0.1388
5,1509,1514,0.1388
5,1505,1510,0.1388
5,1507,1512,0.1388
5,1508,1513,0.1388
5,1519,1524,0.1388
5,1513,1518,0.1388
5,1514,1519,0.1388
4,1518,1522,0.1388
4,1523,1527,0.1388
3,1527,1530,0.1388
3,1525,1528,0.1388
3,1510,1513,0.1388
3,1512,1515,0.1388
3,1519,1522,0.1388
3,1512,1515,0.1388
3,1507,1510,0.1388
3,1508,1511,0.1388
3,1508,1511,0.1388
3,1515,1518,0.1388
3,1531,1534,0.1388
3,1525,1528,0.1388
3,1520,1523,0.1388
3,1510,1513,0.1388
4,1493,1497,0.1388
4,1494,1498,0.1388
4,1494,1498,0.1388
4,1491,1495,0.1388
4,1504,1508,0.1388
4,1513,1517,0.1388
4,1516,1520,0.1388
4,1506,1510,0.1388
4,1507,1511,0.1388
4,1508,1512,0.1388
4,1518,1522,0.1388
3,1521,1524,0.1388
3,1510,1513,0.1388
4,1514,1518,0.1388
4,1512,1516,0.1388
4,1512,1516,0.1388
4,1514,1518,0.1388
4,1514,1518,0.1388
4,1523,1527,0.1388
5,1518,1523,0.1388
5,1515,1520,0.1388
5,1518,1523,0.1388
5,1518,1523,0.1388
5,1505,1510,0.1388
5,1511,1516,0.1388
5,1518,1523,0.1388
5,1519,1524,0.1388
5,1520,1525,0.1388
6,1508,1514,0.1388
6,1509,1515,0.1388
7,1515,1522,0.1388
7,1506,1513,0.1388
7,1505,1512,0.1388
7,1513,1520,0.1388
9,1504,1513,0.1388
10,1506,1516,0.1388
11,1502,1513,0.1388
11,1494,1505,0.1388
11,1503,1514,0.1388
11,1512,1523,0.1388
11,1526,1537,0.1388
10,1509,1519,0.1388
9,1506,1515,0.1388
8,1516,1524,0.1388
9,1527,1536,0.1388
9,1518,1527,0.1388
10,1512,1522,0.1388
10,1495,1505,0.1388
12,1477,1489,0.1388
12,1494,1506,0.1388
12,1499,1511,0.1388
11,1502,1513,0.1388
11,1505,1516,0.1388
11,1490,1501,0.1388
12,1494,1506,0.1388
11,1491,1502,0.1388
11,1507,1518,0.1388
12,1509,1521,0.1388
11,1507,1518,0.1388
11,1508,1519,0.1388
12,1511,1523,0.1388
12,1515,1527,0.1388
12,1496,1508,0.1388
12,1503,1515,0.1388
12,1503,1515,0.1388
12,1510,1522,0.1388
12,1510,1522,0.1388
12,1514,1526,0.1388
12,1502,1514,0.1388
11,1488,1499,0.1388
12,1505,1517,0.1388
12,1509,1521,0.1388
11,1522,1533,0.1388
13,1497,1510,0.1388
13,1493,1506,0.1388
12,1503,1515,0.1388
11,1498,1509,0.1388
12,1496,1508,0.1388
12,1503,1515,0.1388
13,1495,1508,0.1388
11,1488,1499,0.1388
10,1501,1511,0.1388
10,1496,1506,0.1388
11,1486,1497,0.1388
10,1506,1516,0.1388
11,1509,1520,0.1388
11,1504,1515,0.1388
11,1500,1511,0.1388
11,1519,1530,0.1388
11,1512,1523,0.1388
12,1518,1530,0.1388
12,1514,1526,0.1388
13,1519,1532,0.1388
13,1511,1524,0.1388
13,1507,1520,0.1388
13,1502,1515,0.1388
12,1505,1517,0.1388
13,1490,1503,0.1388
13,1499,1512,0.1388
13,1498,1511,0.1388
13,1503,1516,0.1388
13,1497,1510,0.1388
14,1492,1506,0.1388
14,1498,1512,0.1388
14,1496,1510,0.1388
14,1491,1505,0.1388
15,1500,1515,0.1388
16,1506,1522,0.1388
16,1505,1521,0.1388
16,1492,1508,0.1388
16,1492,1508,0.1388
14,1492,1506,0.1388
14,1493,1507,0.1388
12,1498,1510,0.1388
12,1499,1511,0.1388
12,1506,1518,0.1388
10,1515,1525,0.1388
10,1525,1535,0.1388
9,1515,1524,0.1388
8,1510,1518,0.1388
8,1508,1516,0.1388
8,1519,1527,0.1388
8,1516,1524,0.1388
8,1509,1517,0.1388
8,1516,1524,0.1388
8,1506,1514,0.1388
8,1510,1518,0.1388
8,1511,1519,0.1388
7,1507,1514,0.1388
7,1518,1525,0.1388
8,1523,1531,0.1388
8,1517,1525,0.1388
9,1508,1517,0.1388
9,1508,1517,0.1388
9,1515,1524,0.1388
8,1503,1511,0.1388
8,1518,1526,0.1388
8,1516,1524,0.1388
8,1509,1517,0.1388
8,1505,1513,0.1388
8,1507,1515,0.1388
8,1510,1518,0.1388
8,1505,1513,0.1388
8,1513,1521,0.1388
8,1507,1515,0.1388
8,1497,1505,0.1388
9,1501,1510,0.1388
9,1500,1509,0.1388
9,1507,1516,0.1388
9,1513,1522,0.1388
10,1499,1509,0.1388
10,1513,1523,0.1388
10,1500,1510,0.1388
10,1509,1519,0.1388
10,1496,1506,0.1388
10,1508,1518,0.1388
9,1511,1520,0.1388
9,1500,1509,0.1388
8,1501,1509,0.1388
8,1510,1518,0.1388
8,1513,1521,0.1388
8,1510,1518,0.1388
8,1497,1505,0.1388
9,1508,1517,0.1388
9,1513,1522,0.1388
9,1517,1526,0.1388
9,1509,1518,0.1388
9,1510,1519,0.1388
9,1517,1526,0.1388
10,1497,1507,0.1388
10,1506,1516,0.1388
10,1505,1515,0.1388
10,1520,1530,0.1388
11,1523,1534,0.1388
11,1520,1531,0.1388
11,1500,1511,0.1388
11,1515,1526,0.1388
11,1508,1519,0.1388
11,1505,1516,0.1388
12,1504,1516,0.1388
11,1512,1523,0.1388
11,1511,1522,0.1388
12,1513,1525,0.1388
11,1505,1516,0.1388
12,1517,1529,0.1388
12,1527,1539,0.1388
13,1519,1532,0.1388
13,1511,1524,0.1388
14,1495,1509,0.1388
13,1500,1513,0.1388
13,1508,1521,0.1388
13,1496,1509,0.1388
13,1495,1508,0.1388
13,1498,1511,0.1388
14,1500,1514,0.1388
13,1503,1516,0.1388
13,1490,1503,0.1388
15,1507,1522,0.1388
15,1505,1520,0.1388
14,1501,1515,0.1388
14,1505,1519,0.1388
15,1507,1522,0.1388
15,1503,1518,0.1388
15,1497,1512,0.1388
14,1502,1516,0.1388
13,1503,1516,0.1388
13,1500,1513,0.1388
13,1503,1516,0.1388
13,1508,1521,0.1388
13,1519,1532,0.1388
12,1515,1527,0.1388
13,1520,1533,0.1388
13,1523,1536,0.1388
14,1508,1522,0.1388
13,1506,1519,0.1388
12,1504,1516,0.1388
11,1506,1517,0.1388
10,1501,1511,0.1388
10,1512,1522,0.1388
10,1518,1528,0.1388
10,1520,1530,0.1388
10,1522,1532,0.1388
11,1517,1528,0.1388
12,1507,1519,0.1388
12,1496,1508,0.1388
12,1504,1516,0.1388
10,1506,1516,0.1388
13,1514,1527,0.1388
13,1508,1521,0.1388
13,1504,1517,0.1388
12,1495,1507,0.1388
12,1491,1503,0.1388
12,1503,1515,0.1388
12,1510,1522,0.1388
13,1516,1529,0.1388
13,1505,1518,0.1388
13,1506,1519,0.1388
13,1513,1526,0.1388
13,1499,1512,0.1388
13,1501,1514,0.1388
13,1505,1518,0.1388
14,1498,1512,0.1388
14,1498,1512,0.1388
14,1504,1518,0.1388
14,1505,1519,0.1388
14,1507,1521,0.1388
15,1517,1532,0.1388
14,1511,1525,0.1388
12,1516,1528,0.1388
13,1517,1530,0.1388
13,1521,1534,0.1388
14,1519,1533,0.1388
14,1527,1541,0.1388
14,1503,1517,0.1388
14,1504,1518,0.1388
14,1496,1510,0.1388
12,1500,1512,0.1388
11,1508,1519,0.1388
12,1514,1526,0.1388
12,1514,1526,0.1388
12,1502,1514,0.1388
11,1504,1515,0.1388
10,1510,1520,0.1388
10,1499,1509,0.1388
10,1502,1512,0.1388
10,1505,1515,0.1388
10,1502,1512,0.1388
10,1499,1509,0.1388
9,1494,1503,0.1388
8,1488,1496,0.1388
7,1491,1498,0.1388
7,1492,1499,0.1388
7,1504,1511,0.1388
7,1496,1503,0.1388
7,1500,1507,0.1388
7,1505,1512,0.1388
7,1506,1513,0.1388
7,1503,1510,0.1388
7,1516,1523,0.1388
7,1525,1532,0.1388
6,1517,1523,0.1388
6,1511,1517,0.1388
6,1511,1517,0.1388
6,1508,1514,0.1388
6,1514,1520,0.1388
6,1499,1505,0.1388
5,1511,1516,0.1388
5,1509,1514,0.1388
5,1517,1522,0.1388
5,1508,1513,0.1388
5,1506,1511,0.1388
5,1504,1509,0.1388
5,1523,1528,0.1388
5,1514,1519,0.1388
5,1503,1508,0.1388
5,1507,1512,0.1388
5,1507,1512,0.1388
5,1509,1514,0.1388
5,1515,1520,0.1388
5,1510,1515,0.1388
5,1531,1536,0.1388
5,1515,1520,0.1388
5,1520,1525,0.1388
5,1512,1517,0.1388
5,1516,1521,0.1388
5,1502,1507,0.1388
5,1507,1512,0.1388
4,1514,1518,0.1388
5,1506,1511,0.1388
5,1505,1510,0.1388
5,1497,1502,0.1388
4,1504,1508,0.1388
4,1508,1512,0.1388
4,1497,1501,0.1388
4,1507,1511,0.1388
4,1503,1507,0.1388
3,1502,1505,0.1388
3,1510,1513,0.1388
3,1509,1512,0.1388
2,1512,1514,0.1388
0,1522,1522,0.1388
