1365,28,1393,0.1388
1403,31,1434,0.1388
1429,35,1464,0.1388
1433,34,1467,0.1388
1436,35,1471,0.1388
1438,33,1471,0.1388
1449,33,1482,0.1388
1448,34,1482,0.1388
1443,35,1478,0.1388
1436,32,1468,0.1388
1436,31,1467,0.1388
1451,28,1479,0.1388
1455,31,1486,0.1388
1455,29,1484,0.1388
1450,27,1477,0.1388
1463,26,1489,0.1388
1466,26,1492,0.1388
1460,27,1487,0.1388
1457,28,1485,0.1388
1461,29,1490,0.1388
1467,29,1496,0.1388
1475,27,1502,0.1388
1472,28,1500,0.1388
1468,31,1499,0.1388
1484,32,1516,0.1388
1482,35,1517,0.1388
1486,35,1521,0.1388
1470,36,1506,0.1388
1481,35,1516,0.1388
1476,35,1511,0.1388
1471,36,1507,0.1388
1464,35,1499,0.1388
1453,35,1488,0.1388
1454,37,1491,0.1388
1464,38,1502,0.1388
1475,38,1513,0.1388
1467,38,1505,0.1388
1468,38,1506,0.1388
1462,36,1498,0.1388
1466,35,1501,0.1388
1478,36,1514,0.1388
1472,40,1512,0.1388
1461,39,1500,0.1388
1454,37,1491,0.1388
1444,37,1481,0.1388
1456,38,1494,0.1388
1455,38,1493,0.1388
1448,36,1484,0.1388
1452,33,1485,0.1388
1460,33,1493,0.1388
1453,33,1486,0.1388
1451,34,1485,0.1388
1448,35,1483,0.1388
1433,35,1468,0.1388
1433,36,1469,0.1388
1451,34,1485,0.1388
1443,34,1477,0.1388
1449,33,1482,0.1388
1445,32,1477,0.1388
1449,32,1481,0.1388
1447,34,1481,0.1388
1450,34,1484,0.1388
1450,35,1485,0.1388
1469,37,1506,0.1388
1457,37,1494,0.1388
1462,36,1498,0.1388
1467,36,1503,0.1388
1478,35,1513,0.1388
1471,36,1507,0.1388
1456,37,1493,0.1388
1462,35,1497,0.1388
1470,35,1505,0.1388
1478,35,1513,0.1388
1475,34,1509,0.1388
1466,37,1503,0.1388
1476,36,1512,0.1388
1471,36,1507,0.1388
1459,35,1494,0.1388
1465,38,1503,0.1388
1466,37,1503,0.1388
1451,37,1488,0.1388
1446,35,1481,0.1388
1449,35,1484,0.1388
1461,36,1497,0.1388
1462,36,1498,0.1388
1462,38,1500,0.1388
1455,38,1493,0.1388
1445,36,1481,0.1388
1447,37,1484,0.1388
1447,36,1483,0.1388
1458,37,1495,0.1388
1459,38,1497,0.1388
1452,40,1492,0.1388
1443,37,1480,0.1388
1449,38,1487,0.1388
1455,37,1492,0.1388
1454,37,1491,0.1388
1453,39,1492,0.1388
1456,41,1497,0.1388
1463,42,1505,0.1388
1445,42,1487,0.1388
1444,43,1487,0.1388
1454,41,1495,0.1388
1455,40,1495,0.1388
1450,38,1488,0.1388
1440,39,1479,0.1388
1456,41,1497,0.1388
1450,44,1494,0.1388
1440,43,1483,0.1388
1433,43,1476,0.1388
1435,41,1476,0.1388
1425,43,1468,0.1388
1434,40,1474,0.1388
1444,41,1485,0.1388
1447,39,1486,0.1388
1440,39,1479,0.1388
1457,40,1497,0.1388
1442,44,1486,0.1388
1447,43,1490,0.1388
1442,45,1487,0.1388
1454,46,1500,0.1388
1437,43,1480,0.1388
1450,45,1495,0.1388
1453,46,1499,0.1388
1437,44,1481,0.1388
1440,44,1484,0.1388
1421,47,1468,0.1388
1413,49,1462,0.1388
1424,47,1471,0.1388
1440,46,1486,0.1388
1453,47,1500,0.1388
1448,50,1498,0.1388
1445,51,1496,0.1388
1452,51,1503,0.1388
1447,53,1500,0.1388
1449,53,1502,0.1388
1451,52,1503,0.1388
1438,54,1492,0.1388
1447,55,1502,0.1388
1454,57,1511,0.1388
1447,56,1503,0.1388
1451,57,1508,0.1388
1448,58,1506,0.1388
1465,57,1522,0.1388
1445,57,1502,0.1388
1440,59,1499,0.1388
1426,59,1485,0.1388
1412,61,1473,0.1388
1433,59,1492,0.1388
1434,57,1491,0.1388
1432,58,1490,0.1388
1430,60,1490,0.1388
1429,57,1486,0.1388
1435,60,1495,0.1388
1437,61,1498,0.1388
1424,61,1485,0.1388
1428,59,1487,0.1388
1439,59,1498,0.1388
1447,60,1507,0.1388
1452,62,1514,0.1388
1440,63,1503,0.1388
1423,64,1487,0.1388
1421,67,1488,0.1388
1436,66,1502,0.1388
1427,65,1492,0.1388
1426,65,1491,0.1388
1421,65,1486,0.1388
1430,67,1497,0.1388
1424,68,1492,0.1388
1424,68,1492,0.1388
1416,71,1487,0.1388
1418,72,1490,0.1388
1408,71,1479,0.1388
1409,73,1482,0.1388
1396,72,1468,0.1388
1407,69,1476,0.1388
1414,69,1483,0.1388
1409,69,1478,0.1388
1412,70,1482,0.1388
1409,71,1480,0.1388
1411,73,1484,0.1388
1428,73,1501,0.1388
1431,72,1503,0.1388
1428,71,1499,0.1388
1418,71,1489,0.1388
1409,70,1479,0.1388
1422,72,1494,0.1388
1438,75,1513,0.1388
1437,75,1512,0.1388
1438,76,1514,0.1388
1423,74,1497,0.1388
1422,77,1499,0.1388
1433,80,1513,0.1388
1429,84,1513,0.1388
1432,85,1517,0.1388
1429,84,1513,0.1388
1411,84,1495,0.1388
1425,84,1509,0.1388
1417,81,1498,0.1388
1431,81,1512,0.1388
1427,79,1506,0.1388
1426,78,1504,0.1388
1412,77,1489,0.1388
1414,80,1494,0.1388
1414,81,1495,0.1388
1420,82,1502,0.1388
1416,83,1499,0.1388
1422,83,1505,0.1388
1430,83,1513,0.1388
1415,84,1499,0.1388
1396,87,1483,0.1388
1394,87,1481,0.1388
1391,89,1480,0.1388
1390,86,1476,0.1388
1380,87,1467,0.1388
1391,89,1480,0.1388
1393,92,1485,0.1388
1400,90,1490,0.1388
1417,91,1508,0.1388
1416,94,1510,0.1388
1407,91,1498,0.1388
1414,92,1506,0.1388
1412,93,1505,0.1388
1402,93,1495,0.1388
1404,91,1495,0.1388
1399,92,1491,0.1388
1399,93,1492,0.1388
1395,95,1490,0.1388
1403,97,1500,0.1388
1405,99,1504,0.1388
1405,99,1504,0.1388
1382,98,1480,0.1388
1389,101,1490,0.1388
1393,100,1493,0.1388
1386,98,1484,0.1388
1388,98,1486,0.1388
1392,95,1487,0.1388
1410,96,1506,0.1388
1398,98,1496,0.1388
1399,96,1495,0.1388
1391,99,1490,0.1388
1397,98,1495,0.1388
1397,99,1496,0.1388
1398,100,1498,0.1388
1403,97,1500,0.1388
1398,101,1499,0.1388
1409,103,1512,0.1388
1403,102,1505,0.1388
1391,102,1493,0.1388
1399,102,1501,0.1388
1390,104,1494,0.1388
1390,101,1491,0.1388
1393,102,1495,0.1388
1398,108,1506,0.1388
1402,108,1510,0.1388
1402,107,1509,0.1388
1409,105,1514,0.1388
1402,105,1507,0.1388
1410,106,1516,0.1388
1404,105,1509,0.1388
1392,107,1499,0.1388
1395,108,1503,0.1388
1384,105,1489,0.1388
1367,107,1474,0.1388
1375,103,1478,0.1388
1379,107,1486,0.1388
1370,110,1480,0.1388
1386,111,1497,0.1388
1383,110,1493,0.1388
1375,113,1488,0.1388
1373,113,1486,0.1388
1365,109,1474,0.1388
1367,107,1474,0.1388
1374,106,1480,0.1388
1380,109,1489,0.1388
1376,109,1485,0.1388
1385,110,1495,0.1388
1384,111,1495,0.1388
1386,114,1500,0.1388
1397,113,1510,0.1388
1391,113,1504,0.1388
1387,112,1499,0.1388
1389,111,1500,0.1388
1385,109,1494,0.1388
1395,114,1509,0.1388
1382,117,1499,0.1388
1381,117,1498,0.1388
1377,117,1494,0.1388
1385,118,1503,0.1388
1371,115,1486,0.1388
1367,116,1483,0.1388
1375,115,1490,0.1388
1378,110,1488,0.1388
1373,112,1485,0.1388
1374,114,1488,0.1388
1374,118,1492,0.1388
1370,118,1488,0.1388
1375,115,1490,0.1388
1368,119,1487,0.1388
1386,119,1505,0.1388
1377,121,1498,0.1388
1373,123,1496,0.1388
1369,121,1490,0.1388
1357,117,1474,0.1388
1366,117,1483,0.1388
1374,118,1492,0.1388
1379,118,1497,0.1388
1387,118,1505,0.1388
1375,120,1495,0.1388
1370,121,1491,0.1388
1375,115,1490,0.1388
1375,116,1491,0.1388
1390,112,1502,0.1388
1400,115,1515,0.1388
1404,114,1518,0.1388
1401,114,1515,0.1388
1382,117,1499,0.1388
1379,113,1492,0.1388
1371,116,1487,0.1388
1370,117,1487,0.1388
1369,119,1488,0.1388
1392,116,1508,0.1388
1383,118,1501,0.1388
1383,118,1501,0.1388
1375,114,1489,0.1388
1372,114,1486,0.1388
1382,115,1497,0.1388
1376,117,1493,0.1388
1369,120,1489,0.1388
1371,121,1492,0.1388
1371,119,1490,0.1388
1383,120,1503,0.1388
1380,123,1503,0.1388
1359,125,1484,0.1388
1355,127,1482,0.1388
1356,129,1485,0.1388
1351,130,1481,0.1388
1338,134,1472,0.1388
1350,134,1484,0.1388
1341,137,1478,0.1388
1342,139,1481,0.1388
1343,139,1482,0.1388
1345,141,1486,0.1388
1344,144,1488,0.1388
1333,142,1475,0.1388
1340,142,1482,0.1388
1343,141,1484,0.1388
1341,136,1477,0.1388
1349,132,1481,0.1388
1354,131,1485,0.1388
1352,130,1482,0.1388
1359,131,1490,0.1388
1352,132,1484,0.1388
1365,134,1499,0.1388
1364,138,1502,0.1388
1368,139,1507,0.1388
1371,140,1511,0.1388
1366,141,1507,0.1388
1369,140,1509,0.1388
1371,143,1514,0.1388
1380,143,1523,0.1388
1375,141,1516,0.1388
1375,137,1512,0.1388
1356,142,1498,0.1388
1368,138,1506,0.1388
1361,137,1498,0.1388
1344,139,1483,0.1388
1365,140,1505,0.1388
1353,140,1493,0.1388
1354,140,1494,0.1388
1366,139,1505,0.1388
1347,142,1489,0.1388
1354,144,1498,0.1388
1360,144,1504,0.1388
1361,146,1507,0.1388
1352,147,1499,0.1388
1366,144,1510,0.1388
1358,142,1500,0.1388
1356,144,1500,0.1388
1348,146,1494,0.1388
1346,145,1491,0.1388
1346,143,1489,0.1388
1357,144,1501,0.1388
1366,145,1511,0.1388
1357,142,1499,0.1388
1355,146,1501,0.1388
1354,146,1500,0.1388
1345,149,1494,0.1388
1355,147,1502,0.1388
1357,144,1501,0.1388
1359,142,1501,0.1388
1358,136,1494,0.1388
1352,139,1491,0.1388
1347,140,1487,0.1388
1338,143,1481,0.1388
1356,144,1500,0.1388
1348,142,1490,0.1388
1335,143,1478,0.1388
1335,140,1475,0.1388
1339,142,1481,0.1388
1353,142,1495,0.1388
1341,143,1484,0.1388
1331,146,1477,0.1388
1334,149,1483,0.1388
1349,148,1497,0.1388
1339,145,1484,0.1388
1335,145,1480,0.1388
1338,145,1483,0.1388
1353,149,1502,0.1388
1356,147,1503,0.1388
1356,144,1500,0.1388
1350,146,1496,0.1388
1345,147,1492,0.1388
1350,147,1497,0.1388
1343,148,1491,0.1388
1335,150,1485,0.1388
1344,153,1497,0.1388
1334,157,1491,0.1388
1329,152,1481,0.1388
1330,151,1481,0.1388
1330,152,1482,0.1388
1341,151,1492,0.1388
1346,150,1496,0.1388
1340,148,1488,0.1388
1339,149,1488,0.1388
1340,155,1495,0.1388
1334,162,1496,0.1388
1323,160,1483,0.1388
1333,161,1494,0.1388
1324,164,1488,0.1388
1313,167,1480,0.1388
1319,168,1487,0.1388
1311,171,1482,0.1388
1319,172,1491,0.1388
1331,173,1504,0.1388
1317,172,1489,0.1388
1325,176,1501,0.1388
1311,178,1489,0.1388
1304,178,1482,0.1388
1309,178,1487,0.1388
1315,177,1492,0.1388
1310,178,1488,0.1388
1312,181,1493,0.1388
1306,185,1491,0.1388
1302,181,1483,0.1388
1328,185,1513,0.1388
1323,190,1513,0.1388
1326,186,1512,0.1388
1318,185,1503,0.1388
1315,184,1499,0.1388
1314,188,1502,0.1388
1314,190,1504,0.1388
1320,193,1513,0.1388
1309,194,1503,0.1388
1308,194,1502,0.1388
1299,199,1498,0.1388
1310,200,1510,0.1388
1308,198,1506,0.1388
1304,201,1505,0.1388
1296,200,1496,0.1388
1290,196,1486,0.1388
1297,200,1497,0.1388
1311,199,1510,0.1388
1317,205,1522,0.1388
1312,207,1519,0.1388
1300,208,1508,0.1388
1301,211,1512,0.1388
1280,213,1493,0.1388
1291,210,1501,0.1388
1292,212,1504,0.1388
1292,214,1506,0.1388
1285,218,1503,0.1388
1281,213,1494,0.1388
1283,214,1497,0.1388
1276,217,1493,0.1388
1273,217,1490,0.1388
1283,212,1495,0.1388
1286,211,1497,0.1388
1296,212,1508,0.1388
1302,211,1513,0.1388
1311,211,1522,0.1388
1293,216,1509,0.1388
1289,219,1508,0.1388
1289,225,1514,0.1388
1282,223,1505,0.1388
1283,226,1509,0.1388
1277,226,1503,0.1388
1283,222,1505,0.1388
1277,224,1501,0.1388
1278,223,1501,0.1388
1278,224,1502,0.1388
1272,222,1494,0.1388
1268,219,1487,0.1388
1266,219,1485,0.1388
1265,218,1483,0.1388
1271,217,1488,0.1388
1274,218,1492,0.1388
1273,214,1487,0.1388
1270,220,1490,0.1388
1265,228,1493,0.1388
1279,227,1506,0.1388
1276,233,1509,0.1388
1272,229,1501,0.1388
1273,227,1500,0.1388
1281,232,1513,0.1388
1275,231,1506,0.1388
1266,235,1501,0.1388
1267,239,1506,0.1388
1268,242,1510,0.1388
1252,236,1488,0.1388
1241,241,1482,0.1388
1238,241,1479,0.1388
1251,245,1496,0.1388
1247,247,1494,0.1388
1248,250,1498,0.1388
1249,249,1498,0.1388
1253,257,1510,0.1388
1263,255,1518,0.1388
1253,252,1505,0.1388
1256,252,1508,0.1388
1259,246,1505,0.1388
1251,251,1502,0.1388
1243,249,1492,0.1388
1240,253,1493,0.1388
1232,253,1485,0.1388
1249,255,1504,0.1388
1249,255,1504,0.1388
1244,257,1501,0.1388
1259,251,1510,0.1388
1266,256,1522,0.1388
1254,257,1511,0.1388
1246,262,1508,0.1388
1236,264,1500,0.1388
1233,261,1494,0.1388
1240,264,1504,0.1388
1235,262,1497,0.1388
1229,263,1492,0.1388
1224,260,1484,0.1388
1226,268,1494,0.1388
1222,275,1497,0.1388
1214,272,1486,0.1388
1207,277,1484,0.1388
1204,276,1480,0.1388
1210,269,1479,0.1388
1207,271,1478,0.1388
1221,280,1501,0.1388
1222,280,1502,0.1388
1209,274,1483,0.1388
1216,272,1488,0.1388
1225,278,1503,0.1388
1230,276,1506,0.1388
1224,275,1499,0.1388
1234,274,1508,0.1388
1235,270,1505,0.1388
1245,266,1511,0.1388
1236,266,1502,0.1388
1247,270,1517,0.1388
1237,269,1506,0.1388
1228,270,1498,0.1388
1232,270,1502,0.1388
1235,268,1503,0.1388
1231,273,1504,0.1388
1222,276,1498,0.1388
1216,275,1491,0.1388
1229,276,1505,0.1388
1217,282,1499,0.1388
1211,285,1496,0.1388
1207,288,1495,0.1388
1198,285,1483,0.1388
1211,281,1492,0.1388
1210,279,1489,0.1388
1207,280,1487,0.1388
1202,280,1482,0.1388
1195,283,1478,0.1388
1198,286,1484,0.1388
1210,287,1497,0.1388
1217,285,1502,0.1388
1217,283,1500,0.1388
1213,287,1500,0.1388
1212,292,1504,0.1388
1205,290,1495,0.1388
1210,293,1503,0.1388
1209,291,1500,0.1388
1216,294,1510,0.1388
1210,295,1505,0.1388
1206,299,1505,0.1388
1200,304,1504,0.1388
1196,294,1490,0.1388
1202,299,1501,0.1388
1208,296,1504,0.1388
1206,299,1505,0.1388
1200,298,1498,0.1388
1207,296,1503,0.1388
1195,296,1491,0.1388
1200,297,1497,0.1388
1206,301,1507,0.1388
1203,294,1497,0.1388
1207,298,1505,0.1388
1209,294,1503,0.1388
1208,298,1506,0.1388
1208,295,1503,0.1388
1202,297,1499,0.1388
1209,295,1504,0.1388
1212,295,1507,0.1388
1210,294,1504,0.1388
1202,297,1499,0.1388
1207,300,1507,0.1388
1194,298,1492,0.1388
1193,300,1493,0.1388
1191,297,1488,0.1388
1195,302,1497,0.1388
1197,307,1504,0.1388
1187,313,1500,0.1388
1184,312,1496,0.1388
1181,311,1492,0.1388
1180,314,1494,0.1388
1192,317,1509,0.1388
1192,312,1504,0.1388
1195,317,1512,0.1388
1194,317,1511,0.1388
1188,325,1513,0.1388
1183,320,1503,0.1388
1166,322,1488,0.1388
1177,325,1502,0.1388
1172,322,1494,0.1388
1177,324,1501,0.1388
1167,327,1494,0.1388
1165,325,1490,0.1388
1170,326,1496,0.1388
1174,327,1501,0.1388
1167,325,1492,0.1388
1176,324,1500,0.1388
1174,317,1491,0.1388
1174,318,1492,0.1388
1170,330,1500,0.1388
1175,330,1505,0.1388
1166,330,1496,0.1388
1161,334,1495,0.1388
1155,336,1491,0.1388
1161,338,1499,0.1388
1166,337,1503,0.1388
1160,339,1499,0.1388
1160,340,1500,0.1388
1162,347,1509,0.1388
1164,339,1503,0.1388
1165,343,1508,0.1388
1154,348,1502,0.1388
1160,343,1503,0.1388
1155,341,1496,0.1388
1149,344,1493,0.1388
1152,344,1496,0.1388
1154,346,1500,0.1388
1146,354,1500,0.1388
1149,360,1509,0.1388
1137,352,1489,0.1388
1141,350,1491,0.1388
1134,358,1492,0.1388
1133,362,1495,0.1388
1129,358,1487,0.1388
1126,362,1488,0.1388
1129,362,1491,0.1388
1130,356,1486,0.1388
1128,354,1482,0.1388
1129,359,1488,0.1388
1131,365,1496,0.1388
1131,364,1495,0.1388
1130,368,1498,0.1388
1127,373,1500,0.1388
1122,367,1489,0.1388
1119,367,1486,0.1388
1117,367,1484,0.1388
1128,367,1495,0.1388
1127,366,1493,0.1388
1125,377,1502,0.1388
1130,371,1501,0.1388
1131,373,1504,0.1388
1131,375,1506,0.1388
1134,375,1509,0.1388
1123,373,1496,0.1388
1125,379,1504,0.1388
1132,370,1502,0.1388
1129,365,1494,0.1388
1135,367,1502,0.1388
1129,366,1495,0.1388
1136,369,1505,0.1388
1133,364,1497,0.1388
1143,367,1510,0.1388
1126,370,1496,0.1388
1124,375,1499,0.1388
1126,377,1503,0.1388
1129,378,1507,0.1388
1132,380,1512,0.1388
1118,379,1497,0.1388
1119,375,1494,0.1388
1129,380,1509,0.1388
1129,381,1510,0.1388
1127,379,1506,0.1388
1144,381,1525,0.1388
1149,377,1526,0.1388
1148,373,1521,0.1388
1142,372,1514,0.1388
1144,367,1511,0.1388
1135,369,1504,0.1388
1130,362,1492,0.1388
1117,366,1483,0.1388
1110,374,1484,0.1388
1112,371,1483,0.1388
1109,372,1481,0.1388
1114,375,1489,0.1388
1115,381,1496,0.1388
1105,380,1485,0.1388
1109,374,1483,0.1388
1124,381,1505,0.1388
1121,378,1499,0.1388
1107,377,1484,0.1388
1107,378,1485,0.1388
1111,376,1487,0.1388
1114,376,1490,0.1388
1119,374,1493,0.1388
1122,378,1500,0.1388
1123,382,1505,0.1388
1113,373,1486,0.1388
1119,378,1497,0.1388
1114,381,1495,0.1388
1106,383,1489,0.1388
1115,384,1499,0.1388
1122,388,1510,0.1388
1114,386,1500,0.1388
1105,384,1489,0.1388
1107,377,1484,0.1388
1100,389,1489,0.1388
1086,387,1473,0.1388
1082,400,1482,0.1388
1093,397,1490,0.1388
1096,403,1499,0.1388
1097,403,1500,0.1388
1091,399,1490,0.1388
1100,403,1503,0.1388
1099,406,1505,0.1388
1106,405,1511,0.1388
1104,405,1509,0.1388
1086,410,1496,0.1388
1079,410,1489,0.1388
1080,411,1491,0.1388
1084,417,1501,0.1388
1090,415,1505,0.1388
1102,406,1508,0.1388
1091,412,1503,0.1388
1088,419,1507,0.1388
1085,422,1507,0.1388
1078,422,1500,0.1388
1064,434,1498,0.1388
1062,429,1491,0.1388
1067,429,1496,0.1388
1070,438,1508,0.1388
1066,435,1501,0.1388
1065,436,1501,0.1388
1055,434,1489,0.1388
1046,436,1482,0.1388
1053,443,1496,0.1388
1066,443,1509,0.1388
1068,445,1513,0.1388
1067,451,1518,0.1388
1062,458,1520,0.1388
1056,455,1511,0.1388
1059,456,1515,0.1388
1060,450,1510,0.1388
1046,452,1498,0.1388
1046,449,1495,0.1388
1036,456,1492,0.1388
1042,457,1499,0.1388
1031,451,1482,0.1388
1045,461,1506,0.1388
1043,456,1499,0.1388
1045,454,1499,0.1388
1052,448,1500,0.1388
1063,451,1514,0.1388
1048,457,1505,0.1388
1055,453,1508,0.1388
1049,455,1504,0.1388
1046,461,1507,0.1388
1052,462,1514,0.1388
1047,459,1506,0.1388
1043,469,1512,0.1388
1044,471,1515,0.1388
1035,479,1514,0.1388
1032,483,1515,0.1388
1027,479,1506,0.1388
1030,481,1511,0.1388
1028,482,1510,0.1388
1016,473,1489,0.1388
1012,477,1489,0.1388
1021,467,1488,0.1388
1030,472,1502,0.1388
1031,475,1506,0.1388
1036,475,1511,0.1388
1043,480,1523,0.1388
1021,486,1507,0.1388
1030,485,1515,0.1388
1026,478,1504,0.1388
1028,479,1507,0.1388
1037,478,1515,0.1388
1038,476,1514,0.1388
1035,478,1513,0.1388
1036,481,1517,0.1388
1031,476,1507,0.1388
1023,476,1499,0.1388
1024,477,1501,0.1388
1037,477,1514,0.1388
1040,478,1518,0.1388
1031,482,1513,0.1388
1031,486,1517,0.1388
1019,489,1508,0.1388
1019,492,1511,0.1388
1017,491,1508,0.1388
1014,495,1509,0.1388
1009,494,1503,0.1388
1007,492,1499,0.1388
1005,489,1494,0.1388
992,496,1488,0.1388
1011,498,1509,0.1388
1015,490,1505,0.1388
1014,492,1506,0.1388
1013,487,1500,0.1388
1014,490,1504,0.1388
1015,490,1505,0.1388
1006,499,1505,0.1388
1013,503,1516,0.1388
1011,504,1515,0.1388
1012,494,1506,0.1388
1011,495,1506,0.1388
1008,500,1508,0.1388
1007,501,1508,0.1388
1005,499,1504,0.1388
1005,499,1504,0.1388
1008,504,1512,0.1388
1000,508,1508,0.1388
997,514,1511,0.1388
994,508,1502,0.1388
987,503,1490,0.1388
995,500,1495,0.1388
999,508,1507,0.1388
992,512,1504,0.1388
1006,506,1512,0.1388
1016,507,1523,0.1388
1008,503,1511,0.1388
1009,506,1515,0.1388
993,511,1504,0.1388
987,516,1503,0.1388
986,505,1491,0.1388
995,507,1502,0.1388
996,510,1506,0.1388
994,520,1514,0.1388
980,527,1507,0.1388
974,530,1504,0.1388
958,534,1492,0.1388
964,537,1501,0.1388
964,542,1506,0.1388
959,541,1500,0.1388
941,539,1480,0.1388
947,546,1493,0.1388
953,540,1493,0.1388
949,548,1497,0.1388
943,554,1497,0.1388
940,565,1505,0.1388
938,568,1506,0.1388
923,573,1496,0.1388
923,569,1492,0.1388
929,568,1497,0.1388
919,570,1489,0.1388
937,576,1513,0.1388
943,576,1519,0.1388
938,569,1507,0.1388
936,576,1512,0.1388
934,583,1517,0.1388
923,579,1502,0.1388
920,577,1497,0.1388
925,585,1510,0.1388
921,577,1498,0.1388
910,577,1487,0.1388
906,577,1483,0.1388
914,567,1481,0.1388
915,576,1491,0.1388
923,578,1501,0.1388
923,579,1502,0.1388
929,584,1513,0.1388
921,579,1500,0.1388
927,586,1513,0.1388
924,582,1506,0.1388
920,581,1501,0.1388
893,584,1477,0.1388
904,580,1484,0.1388
915,587,1502,0.1388
922,597,1519,0.1388
919,597,1516,0.1388
912,599,1511,0.1388
902,602,1504,0.1388
892,601,1493,0.1388
895,608,1503,0.1388
887,603,1490,0.1388
896,592,1488,0.1388
899,589,1488,0.1388
899,597,1496,0.1388
899,610,1509,0.1388
893,611,1504,0.1388
897,616,1513,0.1388
891,621,1512,0.1388
885,623,1508,0.1388
885,629,1514,0.1388
888,629,1517,0.1388
887,631,1518,0.1388
890,624,1514,0.1388
888,624,1512,0.1388
888,631,1519,0.1388
894,632,1526,0.1388
896,632,1528,0.1388
894,624,1518,0.1388
895,617,1512,0.1388
894,618,1512,0.1388
895,615,1510,0.1388
897,610,1507,0.1388
893,616,1509,0.1388
882,617,1499,0.1388
876,613,1489,0.1388
888,613,1501,0.1388
886,615,1501,0.1388
883,619,1502,0.1388
892,618,1510,0.1388
890,619,1509,0.1388
885,623,1508,0.1388
877,622,1499,0.1388
872,628,1500,0.1388
873,622,1495,0.1388
871,633,1504,0.1388
868,636,1504,0.1388
878,632,1510,0.1388
874,623,1497,0.1388
882,623,1505,0.1388
875,629,1504,0.1388
872,637,1509,0.1388
872,641,1513,0.1388
873,631,1504,0.1388
863,629,1492,0.1388
858,629,1487,0.1388
866,642,1508,0.1388
862,641,1503,0.1388
857,643,1500,0.1388
857,643,1500,0.1388
863,630,1493,0.1388
877,632,1509,0.1388
872,636,1508,0.1388
875,636,1511,0.1388
875,632,1507,0.1388
875,638,1513,0.1388
868,641,1509,0.1388
869,641,1510,0.1388
875,642,1517,0.1388
883,647,1530,0.1388
873,645,1518,0.1388
871,648,1519,0.1388
878,638,1516,0.1388
865,648,1513,0.1388
874,644,1518,0.1388
857,645,1502,0.1388
851,636,1487,0.1388
849,640,1489,0.1388
849,645,1494,0.1388
852,648,1500,0.1388
858,645,1503,0.1388
863,641,1504,0.1388
864,634,1498,0.1388
862,631,1493,0.1388
862,637,1499,0.1388
861,643,1504,0.1388
865,640,1505,0.1388
869,649,1518,0.1388
853,646,1499,0.1388
855,644,1499,0.1388
859,645,1504,0.1388
858,656,1514,0.1388
852,653,1505,0.1388
855,641,1496,0.1388
854,649,1503,0.1388
857,656,1513,0.1388
859,645,1504,0.1388
860,653,1513,0.1388
854,654,1508,0.1388
851,655,1506,0.1388
855,648,1503,0.1388
863,651,1514,0.1388
852,651,1503,0.1388
864,648,1512,0.1388
866,648,1514,0.1388
855,643,1498,0.1388
846,645,1491,0.1388
848,649,1497,0.1388
850,649,1499,0.1388
859,646,1505,0.1388
855,659,1514,0.1388
852,655,1507,0.1388
850,656,1506,0.1388
847,655,1502,0.1388
848,667,1515,0.1388
849,664,1513,0.1388
842,664,1506,0.1388
843,665,1508,0.1388
845,658,1503,0.1388
853,660,1513,0.1388
844,659,1503,0.1388
849,654,1503,0.1388
855,643,1498,0.1388
838,644,1482,0.1388
846,654,1500,0.1388
846,652,1498,0.1388
845,659,1504,0.1388
839,655,1494,0.1388
841,657,1498,0.1388
848,659,1507,0.1388
858,662,1520,0.1388
852,661,1513,0.1388
852,644,1496,0.1388
855,646,1501,0.1388
848,652,1500,0.1388
846,637,1483,0.1388
847,649,1496,0.1388
857,649,1506,0.1388
851,653,1504,0.1388
859,651,1510,0.1388
857,656,1513,0.1388
855,655,1510,0.1388
857,655,1512,0.1388
857,656,1513,0.1388
846,656,1502,0.1388
846,657,1503,0.1388
852,657,1509,0.1388
847,661,1508,0.1388
842,673,1515,0.1388
827,674,1501,0.1388
830,674,1504,0.1388
829,671,1500,0.1388
824,680,1504,0.1388
822,690,1512,0.1388
823,685,1508,0.1388
822,683,1505,0.1388
825,694,1519,0.1388
821,687,1508,0.1388
812,696,1508,0.1388
806,693,1499,0.1388
812,686,1498,0.1388
816,690,1506,0.1388
816,690,1506,0.1388
812,691,1503,0.1388
817,689,1506,0.1388
812,684,1496,0.1388
812,689,1501,0.1388
812,688,1500,0.1388
818,685,1503,0.1388
812,688,1500,0.1388
816,692,1508,0.1388
820,689,1509,0.1388
814,679,1493,0.1388
815,681,1496,0.1388
821,685,1506,0.1388
815,686,1501,0.1388
816,685,1501,0.1388
819,690,1509,0.1388
814,689,1503,0.1388
808,690,1498,0.1388
816,684,1500,0.1388
822,687,1509,0.1388
816,691,1507,0.1388
809,701,1510,0.1388
799,705,1504,0.1388
790,708,1498,0.1388
791,704,1495,0.1388
791,704,1495,0.1388
794,694,1488,0.1388
803,700,1503,0.1388
800,711,1511,0.1388
787,712,1499,0.1388
785,719,1504,0.1388
790,720,1510,0.1388
782,720,1502,0.1388
777,729,1506,0.1388
778,738,1516,0.1388
786,734,1520,0.1388
781,728,1509,0.1388
777,732,1509,0.1388
767,731,1498,0.1388
769,739,1508,0.1388
772,741,1513,0.1388
776,727,1503,0.1388
763,728,1491,0.1388
768,733,1501,0.1388
757,735,1492,0.1388
756,736,1492,0.1388
760,742,1502,0.1388
765,742,1507,0.1388
751,740,1491,0.1388
746,747,1493,0.1388
759,753,1512,0.1388
762,752,1514,0.1388
768,747,1515,0.1388
765,750,1515,0.1388
760,743,1503,0.1388
763,744,1507,0.1388
760,742,1502,0.1388
758,745,1503,0.1388
751,746,1497,0.1388
750,745,1495,0.1388
751,753,1504,0.1388
750,756,1506,0.1388
747,753,1500,0.1388
734,751,1485,0.1388
738,751,1489,0.1388
742,751,1493,0.1388
736,747,1483,0.1388
742,746,1488,0.1388
745,751,1496,0.1388
747,745,1492,0.1388
754,750,1504,0.1388
768,746,1514,0.1388
770,749,1519,0.1388
766,755,1521,0.1388
763,754,1517,0.1388
765,759,1524,0.1388
760,755,1515,0.1388
762,761,1523,0.1388
765,755,1520,0.1388
758,745,1503,0.1388
759,752,1511,0.1388
752,754,1506,0.1388
741,757,1498,0.1388
753,756,1509,0.1388
748,765,1513,0.1388
749,770,1519,0.1388
737,772,1509,0.1388
732,766,1498,0.1388
730,770,1500,0.1388
725,776,1501,0.1388
723,779,1502,0.1388
729,772,1501,0.1388
721,778,1499,0.1388
722,771,1493,0.1388
728,770,1498,0.1388
728,774,1502,0.1388
739,772,1511,0.1388
731,773,1504,0.1388
730,778,1508,0.1388
733,785,1518,0.1388
728,789,1517,0.1388
729,784,1513,0.1388
724,793,1517,0.1388
725,788,1513,0.1388
722,785,1507,0.1388
723,781,1504,0.1388
727,783,1510,0.1388
724,792,1516,0.1388
706,794,1500,0.1388
699,787,1486,0.1388
707,795,1502,0.1388
707,785,1492,0.1388
710,791,1501,0.1388
706,790,1496,0.1388
715,793,1508,0.1388
706,789,1495,0.1388
700,794,1494,0.1388
707,801,1508,0.1388
699,803,1502,0.1388
697,799,1496,0.1388
692,805,1497,0.1388
702,798,1500,0.1388
700,802,1502,0.1388
701,807,1508,0.1388
699,810,1509,0.1388
695,810,1505,0.1388
689,807,1496,0.1388
692,801,1493,0.1388
691,807,1498,0.1388
692,811,1503,0.1388
705,803,1508,0.1388
697,809,1506,0.1388
688,805,1493,0.1388
689,798,1487,0.1388
694,797,1491,0.1388
688,799,1487,0.1388
681,793,1474,0.1388
688,800,1488,0.1388
691,802,1493,0.1388
699,803,1502,0.1388
700,811,1511,0.1388
710,821,1531,0.1388
712,811,1523,0.1388
697,812,1509,0.1388
706,818,1524,0.1388
698,821,1519,0.1388
705,822,1527,0.1388
703,826,1529,0.1388
701,816,1517,0.1388
690,815,1505,0.1388
677,821,1498,0.1388
671,821,1492,0.1388
660,826,1486,0.1388
677,826,1503,0.1388
679,825,1504,0.1388
686,812,1498,0.1388
682,821,1503,0.1388
676,818,1494,0.1388
672,819,1491,0.1388
681,820,1501,0.1388
666,826,1492,0.1388
671,829,1500,0.1388
670,835,1505,0.1388
666,831,1497,0.1388
665,829,1494,0.1388
663,835,1498,0.1388
671,838,1509,0.1388
669,844,1513,0.1388
668,833,1501,0.1388
673,838,1511,0.1388
675,831,1506,0.1388
664,832,1496,0.1388
662,851,1513,0.1388
654,845,1499,0.1388
643,846,1489,0.1388
654,833,1487,0.1388
654,840,1494,0.1388
654,842,1496,0.1388
649,833,1482,0.1388
651,836,1487,0.1388
650,849,1499,0.1388
649,866,1515,0.1388
638,872,1510,0.1388
641,862,1503,0.1388
634,874,1508,0.1388
632,871,1503,0.1388
636,873,1509,0.1388
634,881,1515,0.1388
635,861,1496,0.1388
634,870,1504,0.1388
633,871,1504,0.1388
635,885,1520,0.1388
633,889,1522,0.1388
627,895,1522,0.1388
626,883,1509,0.1388
621,882,1503,0.1388
623,880,1503,0.1388
627,889,1516,0.1388
629,888,1517,0.1388
628,886,1514,0.1388
627,883,1510,0.1388
619,896,1515,0.1388
625,895,1520,0.1388
626,884,1510,0.1388
623,884,1507,0.1388
618,892,1510,0.1388
620,892,1512,0.1388
624,904,1528,0.1388
618,905,1523,0.1388
611,897,1508,0.1388
608,902,1510,0.1388
609,896,1505,0.1388
607,896,1503,0.1388
599,901,1500,0.1388
597,912,1509,0.1388
590,907,1497,0.1388
588,923,1511,0.1388
597,919,1516,0.1388
585,909,1494,0.1388
584,909,1493,0.1388
582,908,1490,0.1388
575,913,1488,0.1388
571,916,1487,0.1388
569,930,1499,0.1388
566,931,1497,0.1388
568,936,1504,0.1388
562,942,1504,0.1388
565,935,1500,0.1388
566,933,1499,0.1388
572,941,1513,0.1388
570,944,1514,0.1388
569,946,1515,0.1388
563,949,1512,0.1388
559,942,1501,0.1388
561,949,1510,0.1388
553,960,1513,0.1388
552,952,1504,0.1388
562,952,1514,0.1388
555,959,1514,0.1388
555,956,1511,0.1388
555,947,1502,0.1388
551,952,1503,0.1388
547,954,1501,0.1388
551,956,1507,0.1388
551,952,1503,0.1388
550,959,1509,0.1388
544,954,1498,0.1388
542,953,1495,0.1388
535,957,1492,0.1388
535,955,1490,0.1388
537,946,1483,0.1388
544,945,1489,0.1388
547,947,1494,0.1388
543,944,1487,0.1388
544,948,1492,0.1388
545,964,1509,0.1388
541,971,1512,0.1388
545,978,1523,0.1388
553,981,1534,0.1388
549,984,1533,0.1388
545,979,1524,0.1388
538,982,1520,0.1388
525,982,1507,0.1388
534,986,1520,0.1388
535,987,1522,0.1388
533,981,1514,0.1388
530,981,1511,0.1388
531,987,1518,0.1388
534,975,1509,0.1388
537,963,1500,0.1388
542,969,1511,0.1388
530,981,1511,0.1388
521,988,1509,0.1388
521,990,1511,0.1388
520,990,1510,0.1388
523,998,1521,0.1388
523,986,1509,0.1388
525,994,1519,0.1388
524,990,1514,0.1388
518,987,1505,0.1388
513,995,1508,0.1388
511,997,1508,0.1388
515,991,1506,0.1388
512,991,1503,0.1388
509,986,1495,0.1388
509,983,1492,0.1388
510,994,1504,0.1388
519,995,1514,0.1388
514,988,1502,0.1388
510,993,1503,0.1388
509,994,1503,0.1388
510,990,1500,0.1388
509,985,1494,0.1388
510,988,1498,0.1388
510,992,1502,0.1388
509,1000,1509,0.1388
513,1006,1519,0.1388
520,1010,1530,0.1388
519,997,1516,0.1388
520,993,1513,0.1388
514,1015,1529,0.1388
527,1020,1547,0.1388
524,1004,1528,0.1388
520,1009,1529,0.1388
518,994,1512,0.1388
509,991,1500,0.1388
510,996,1506,0.1388
511,993,1504,0.1388
512,1000,1512,0.1388
514,1008,1522,0.1388
507,995,1502,0.1388
508,995,1503,0.1388
505,995,1500,0.1388
504,984,1488,0.1388
501,997,1498,0.1388
501,1000,1501,0.1388
496,1010,1506,0.1388
495,1008,1503,0.1388
495,1010,1505,0.1388
498,1006,1504,0.1388
502,1010,1512,0.1388
507,1010,1517,0.1388
508,1010,1518,0.1388
509,1006,1515,0.1388
506,1008,1514,0.1388
510,1006,1516,0.1388
511,1010,1521,0.1388
513,1011,1524,0.1388
514,1006,1520,0.1388
508,1013,1521,0.1388
497,1016,1513,0.1388
505,1012,1517,0.1388
500,1021,1521,0.1388
503,1020,1523,0.1388
502,1014,1516,0.1388
499,1019,1518,0.1388
499,1029,1528,0.1388
496,1027,1523,0.1388
490,1025,1515,0.1388
485,1026,1511,0.1388
480,1026,1506,0.1388
483,1026,1509,0.1388
475,1024,1499,0.1388
478,1027,1505,0.1388
476,1032,1508,0.1388
470,1034,1504,0.1388
471,1045,1516,0.1388
475,1039,1514,0.1388
481,1043,1524,0.1388
482,1041,1523,0.1388
476,1042,1518,0.1388
470,1041,1511,0.1388
462,1037,1499,0.1388
467,1035,1502,0.1388
466,1048,1514,0.1388
477,1049,1526,0.1388
479,1056,1535,0.1388
474,1047,1521,0.1388
471,1042,1513,0.1388
479,1039,1518,0.1388
476,1039,1515,0.1388
471,1030,1501,0.1388
478,1035,1513,0.1388
474,1042,1516,0.1388
475,1044,1519,0.1388
468,1046,1514,0.1388
466,1049,1515,0.1388
466,1058,1524,0.1388
470,1074,1544,0.1388
459,1058,1517,0.1388
458,1048,1506,0.1388
457,1055,1512,0.1388
459,1057,1516,0.1388
454,1056,1510,0.1388
456,1048,1504,0.1388
448,1047,1495,0.1388
450,1046,1496,0.1388
455,1049,1504,0.1388
457,1039,1496,0.1388
452,1054,1506,0.1388
455,1056,1511,0.1388
449,1053,1502,0.1388
447,1045,1492,0.1388
454,1049,1503,0.1388
451,1059,1510,0.1388
443,1065,1508,0.1388
449,1070,1519,0.1388
439,1060,1499,0.1388
439,1075,1514,0.1388
444,1069,1513,0.1388
442,1068,1510,0.1388
445,1073,1518,0.1388
435,1062,1497,0.1388
438,1067,1505,0.1388
433,1080,1513,0.1388
430,1080,1510,0.1388
429,1071,1500,0.1388
428,1075,1503,0.1388
422,1076,1498,0.1388
416,1072,1488,0.1388
420,1069,1489,0.1388
421,1091,1512,0.1388
418,1099,1517,0.1388
420,1099,1519,0.1388
417,1095,1512,0.1388
421,1088,1509,0.1388
418,1084,1502,0.1388
415,1089,1504,0.1388
421,1087,1508,0.1388
419,1083,1502,0.1388
423,1085,1508,0.1388
423,1084,1507,0.1388
425,1089,1514,0.1388
425,1092,1517,0.1388
426,1092,1518,0.1388
428,1085,1513,0.1388
427,1076,1503,0.1388
430,1085,1515,0.1388
428,1088,1516,0.1388
423,1106,1529,0.1388
422,1098,1520,0.1388
419,1101,1520,0.1388
416,1090,1506,0.1388
420,1099,1519,0.1388
423,1096,1519,0.1388
419,1098,1517,0.1388
412,1099,1511,0.1388
408,1109,1517,0.1388
408,1103,1511,0.1388
409,1105,1514,0.1388
412,1097,1509,0.1388
415,1097,1512,0.1388
420,1103,1523,0.1388
419,1093,1512,0.1388
418,1101,1519,0.1388
415,1106,1521,0.1388
412,1101,1513,0.1388
405,1105,1510,0.1388
407,1092,1499,0.1388
401,1099,1500,0.1388
397,1110,1507,0.1388
399,1105,1504,0.1388
398,1099,1497,0.1388
400,1119,1519,0.1388
393,1107,1500,0.1388
395,1100,1495,0.1388
393,1099,1492,0.1388
395,1106,1501,0.1388
396,1109,1505,0.1388
393,1098,1491,0.1388
395,1117,1512,0.1388
391,1119,1510,0.1388
394,1117,1511,0.1388
392,1119,1511,0.1388
390,1131,1521,0.1388
391,1126,1517,0.1388
394,1127,1521,0.1388
398,1121,1519,0.1388
393,1127,1520,0.1388
393,1122,1515,0.1388
397,1133,1530,0.1388
384,1133,1517,0.1388
383,1132,1515,0.1388
397,1124,1521,0.1388
391,1120,1511,0.1388
391,1127,1518,0.1388
390,1129,1519,0.1388
387,1123,1510,0.1388
395,1138,1533,0.1388
393,1138,1531,0.1388
392,1129,1521,0.1388
383,1128,1511,0.1388
380,1121,1501,0.1388
384,1125,1509,0.1388
386,1123,1509,0.1388
395,1120,1515,0.1388
393,1122,1515,0.1388
396,1119,1515,0.1388
391,1122,1513,0.1388
387,1119,1506,0.1388
382,1119,1501,0.1388
392,1114,1506,0.1388
389,1107,1496,0.1388
389,1101,1490,0.1388
393,1112,1505,0.1388
393,1107,1500,0.1388
395,1124,1519,0.1388
393,1116,1509,0.1388
391,1113,1504,0.1388
389,1118,1507,0.1388
386,1112,1498,0.1388
388,1108,1496,0.1388
389,1120,1509,0.1388
397,1119,1516,0.1388
395,1114,1509,0.1388
397,1115,1512,0.1388
397,1119,1516,0.1388
391,1122,1513,0.1388
394,1118,1512,0.1388
401,1125,1526,0.1388
394,1125,1519,0.1388
391,1140,1531,0.1388
390,1132,1522,0.1388
386,1134,1520,0.1388
385,1133,1518,0.1388
377,1130,1507,0.1388
374,1134,1508,0.1388
375,1142,1517,0.1388
370,1132,1502,0.1388
371,1130,1501,0.1388
377,1143,1520,0.1388
375,1159,1534,0.1388
372,1144,1516,0.1388
368,1139,1507,0.1388
363,1144,1507,0.1388
363,1139,1502,0.1388
368,1146,1514,0.1388
374,1136,1510,0.1388
377,1127,1504,0.1388
379,1127,1506,0.1388
380,1131,1511,0.1388
381,1135,1516,0.1388
375,1133,1508,0.1388
370,1139,1509,0.1388
372,1141,1513,0.1388
382,1135,1517,0.1388
379,1141,1520,0.1388
378,1140,1518,0.1388
369,1137,1506,0.1388
372,1148,1520,0.1388
374,1145,1519,0.1388
366,1154,1520,0.1388
365,1132,1497,0.1388
368,1142,1510,0.1388
368,1152,1520,0.1388
366,1156,1522,0.1388
366,1152,1518,0.1388
362,1155,1517,0.1388
364,1161,1525,0.1388
364,1158,1522,0.1388
361,1145,1506,0.1388
359,1152,1511,0.1388
356,1165,1521,0.1388
352,1157,1509,0.1388
353,1149,1502,0.1388
355,1145,1500,0.1388
357,1149,1506,0.1388
356,1161,1517,0.1388
356,1165,1521,0.1388
352,1168,1520,0.1388
360,1169,1529,0.1388
347,1167,1514,0.1388
351,1167,1518,0.1388
355,1158,1513,0.1388
352,1163,1515,0.1388
352,1171,1523,0.1388
341,1178,1519,0.1388
343,1172,1515,0.1388
349,1168,1517,0.1388
346,1178,1524,0.1388
352,1185,1537,0.1388
347,1179,1526,0.1388
348,1177,1525,0.1388
350,1171,1521,0.1388
345,1178,1523,0.1388
339,1181,1520,0.1388
338,1176,1514,0.1388
338,1169,1507,0.1388
343,1172,1515,0.1388
344,1174,1518,0.1388
336,1193,1529,0.1388
340,1189,1529,0.1388
338,1180,1518,0.1388
336,1163,1499,0.1388
337,1168,1505,0.1388
332,1176,1508,0.1388
334,1176,1510,0.1388
336,1177,1513,0.1388
336,1176,1512,0.1388
336,1170,1506,0.1388
335,1172,1507,0.1388
329,1173,1502,0.1388
327,1179,1506,0.1388
329,1177,1506,0.1388
328,1176,1504,0.1388
328,1182,1510,0.1388
326,1182,1508,0.1388
322,1189,1511,0.1388
315,1188,1503,0.1388
324,1194,1518,0.1388
329,1188,1517,0.1388
329,1182,1511,0.1388
324,1184,1508,0.1388
323,1180,1503,0.1388
322,1184,1506,0.1388
320,1189,1509,0.1388
322,1202,1524,0.1388
327,1188,1515,0.1388
328,1184,1512,0.1388
333,1187,1520,0.1388
332,1187,1519,0.1388
332,1180,1512,0.1388
328,1178,1506,0.1388
326,1189,1515,0.1388
324,1186,1510,0.1388
321,1194,1515,0.1388
330,1194,1524,0.1388
328,1196,1524,0.1388
325,1191,1516,0.1388
323,1191,1514,0.1388
322,1174,1496,0.1388
321,1181,1502,0.1388
320,1179,1499,0.1388
329,1181,1510,0.1388
330,1184,1514,0.1388
325,1183,1508,0.1388
322,1188,1510,0.1388
323,1185,1508,0.1388
326,1196,1522,0.1388
332,1191,1523,0.1388
324,1182,1506,0.1388
324,1178,1502,0.1388
328,1192,1520,0.1388
328,1185,1513,0.1388
325,1183,1508,0.1388
329,1193,1522,0.1388
325,1198,1523,0.1388
319,1191,1510,0.1388
317,1187,1504,0.1388
320,1182,1502,0.1388
319,1203,1522,0.1388
318,1200,1518,0.1388
317,1207,1524,0.1388
312,1206,1518,0.1388
307,1191,1498,0.1388
316,1201,1517,0.1388
311,1209,1520,0.1388
315,1194,1509,0.1388
312,1204,1516,0.1388
310,1192,1502,0.1388
306,1204,1510,0.1388
304,1219,1523,0.1388
301,1221,1522,0.1388
305,1208,1513,0.1388
311,1207,1518,0.1388
306,1199,1505,0.1388
306,1208,1514,0.1388
307,1204,1511,0.1388
308,1207,1515,0.1388
308,1210,1518,0.1388
302,1196,1498,0.1388
305,1206,1511,0.1388
302,1193,1495,0.1388
301,1197,1498,0.1388
305,1195,1500,0.1388
306,1193,1499,0.1388
304,1201,1505,0.1388
300,1198,1498,0.1388
296,1214,1510,0.1388
293,1210,1503,0.1388
297,1210,1507,0.1388
291,1225,1516,0.1388
294,1223,1517,0.1388
289,1218,1507,0.1388
290,1231,1521,0.1388
288,1235,1523,0.1388
288,1237,1525,0.1388
294,1216,1510,0.1388
292,1218,1510,0.1388
298,1215,1513,0.1388
296,1205,1501,0.1388
294,1217,1511,0.1388
282,1228,1510,0.1388
284,1212,1496,0.1388
291,1203,1494,0.1388
296,1206,1502,0.1388
296,1214,1510,0.1388
297,1229,1526,0.1388
299,1223,1522,0.1388
301,1219,1520,0.1388
297,1224,1521,0.1388
296,1231,1527,0.1388
293,1221,1514,0.1388
294,1220,1514,0.1388
296,1221,1517,0.1388
297,1208,1505,0.1388
290,1198,1488,0.1388
296,1199,1495,0.1388
288,1216,1504,0.1388
298,1200,1498,0.1388
296,1208,1504,0.1388
287,1217,1504,0.1388
292,1214,1506,0.1388
296,1205,1501,0.1388
294,1214,1508,0.1388
296,1213,1509,0.1388
300,1216,1516,0.1388
300,1213,1513,0.1388
300,1210,1510,0.1388
295,1219,1514,0.1388
298,1226,1524,0.1388
289,1227,1516,0.1388
287,1232,1519,0.1388
289,1223,1512,0.1388
287,1219,1506,0.1388
288,1225,1513,0.1388
289,1218,1507,0.1388
282,1220,1502,0.1388
289,1219,1508,0.1388
290,1229,1519,0.1388
294,1226,1520,0.1388
288,1230,1518,0.1388
287,1225,1512,0.1388
288,1227,1515,0.1388
286,1237,1523,0.1388
289,1243,1532,0.1388
292,1235,1527,0.1388
293,1226,1519,0.1388
292,1226,1518,0.1388
290,1221,1511,0.1388
286,1228,1514,0.1388
282,1226,1508,0.1388
282,1227,1509,0.1388
276,1232,1508,0.1388
276,1232,1508,0.1388
276,1239,1515,0.1388
273,1238,1511,0.1388
272,1232,1504,0.1388
265,1245,1510,0.1388
267,1232,1499,0.1388
268,1225,1493,0.1388
269,1238,1507,0.1388
272,1229,1501,0.1388
274,1241,1515,0.1388
274,1238,1512,0.1388
279,1242,1521,0.1388
277,1249,1526,0.1388
279,1241,1520,0.1388
279,1235,1514,0.1388
275,1252,1527,0.1388
272,1245,1517,0.1388
266,1249,1515,0.1388
264,1247,1511,0.1388
267,1251,1518,0.1388
264,1268,1532,0.1388
264,1269,1533,0.1388
261,1263,1524,0.1388
261,1247,1508,0.1388
261,1249,1510,0.1388
267,1243,1510,0.1388
261,1245,1506,0.1388
259,1246,1505,0.1388
263,1250,1513,0.1388
260,1251,1511,0.1388
258,1239,1497,0.1388
250,1250,1500,0.1388
253,1260,1513,0.1388
256,1252,1508,0.1388
253,1260,1513,0.1388
250,1258,1508,0.1388
246,1267,1513,0.1388
246,1273,1519,0.1388
250,1268,1518,0.1388
250,1261,1511,0.1388
251,1245,1496,0.1388
253,1249,1502,0.1388
251,1260,1511,0.1388
249,1274,1523,0.1388
245,1271,1516,0.1388
246,1268,1514,0.1388
250,1272,1522,0.1388
244,1279,1523,0.1388
247,1272,1519,0.1388
248,1268,1516,0.1388
242,1276,1518,0.1388
242,1272,1514,0.1388
242,1273,1515,0.1388
237,1268,1505,0.1388
235,1268,1503,0.1388
236,1280,1516,0.1388
234,1289,1523,0.1388
235,1277,1512,0.1388
232,1281,1513,0.1388
230,1279,1509,0.1388
230,1277,1507,0.1388
230,1281,1511,0.1388
226,1274,1500,0.1388
227,1287,1514,0.1388
229,1294,1523,0.1388
226,1292,1518,0.1388
221,1294,1515,0.1388
222,1302,1524,0.1388
223,1311,1534,0.1388
222,1308,1530,0.1388
222,1298,1520,0.1388
221,1302,1523,0.1388
218,1302,1520,0.1388
217,1297,1514,0.1388
215,1290,1505,0.1388
216,1291,1507,0.1388
218,1289,1507,0.1388
223,1285,1508,0.1388
218,1287,1505,0.1388
217,1296,1513,0.1388
222,1297,1519,0.1388
223,1283,1506,0.1388
219,1284,1503,0.1388
220,1292,1512,0.1388
215,1301,1516,0.1388
214,1312,1526,0.1388
216,1307,1523,0.1388
218,1305,1523,0.1388
217,1295,1512,0.1388
220,1302,1522,0.1388
216,1300,1516,0.1388
215,1294,1509,0.1388
216,1290,1506,0.1388
211,1299,1510,0.1388
204,1293,1497,0.1388
205,1313,1518,0.1388
207,1303,1510,0.1388
201,1314,1515,0.1388
203,1307,1510,0.1388
201,1300,1501,0.1388
203,1289,1492,0.1388
206,1298,1504,0.1388
208,1290,1498,0.1388
200,1293,1493,0.1388
199,1297,1496,0.1388
199,1290,1489,0.1388
201,1312,1513,0.1388
199,1326,1525,0.1388
196,1317,1513,0.1388
201,1324,1525,0.1388
202,1323,1525,0.1388
205,1317,1522,0.1388
200,1322,1522,0.1388
203,1313,1516,0.1388
202,1312,1514,0.1388
201,1325,1526,0.1388
201,1328,1529,0.1388
199,1328,1527,0.1388
199,1317,1516,0.1388
198,1321,1519,0.1388
202,1331,1533,0.1388
201,1327,1528,0.1388
196,1324,1520,0.1388
194,1312,1506,0.1388
192,1317,1509,0.1388
190,1322,1512,0.1388
189,1329,1518,0.1388
188,1332,1520,0.1388
188,1315,1503,0.1388
186,1321,1507,0.1388
188,1327,1515,0.1388
188,1321,1509,0.1388
187,1330,1517,0.1388
184,1341,1525,0.1388
183,1337,1520,0.1388
181,1336,1517,0.1388
180,1335,1515,0.1388
178,1337,1515,0.1388
177,1318,1495,0.1388
179,1333,1512,0.1388
181,1327,1508,0.1388
179,1334,1513,0.1388
180,1340,1520,0.1388
179,1329,1508,0.1388
177,1331,1508,0.1388
175,1345,1520,0.1388
177,1331,1508,0.1388
175,1324,1499,0.1388
177,1337,1514,0.1388
178,1340,1518,0.1388
176,1334,1510,0.1388
173,1335,1508,0.1388
171,1342,1513,0.1388
170,1346,1516,0.1388
171,1338,1509,0.1388
167,1324,1491,0.1388
166,1330,1496,0.1388
169,1345,1514,0.1388
169,1334,1503,0.1388
171,1331,1502,0.1388
173,1328,1501,0.1388
169,1334,1503,0.1388
168,1326,1494,0.1388
170,1324,1494,0.1388
172,1330,1502,0.1388
175,1333,1508,0.1388
175,1336,1511,0.1388
177,1342,1519,0.1388
169,1333,1502,0.1388
168,1342,1510,0.1388
171,1339,1510,0.1388
168,1339,1507,0.1388
172,1341,1513,0.1388
162,1352,1514,0.1388
167,1357,1524,0.1388
163,1367,1530,0.1388
170,1358,1528,0.1388
166,1354,1520,0.1388
169,1356,1525,0.1388
163,1348,1511,0.1388
163,1351,1514,0.1388
161,1348,1509,0.1388
161,1353,1514,0.1388
167,1354,1521,0.1388
164,1348,1512,0.1388
163,1337,1500,0.1388
163,1349,1512,0.1388
157,1355,1512,0.1388
158,1351,1509,0.1388
160,1367,1527,0.1388
159,1361,1520,0.1388
162,1354,1516,0.1388
160,1350,1510,0.1388
161,1345,1506,0.1388
160,1359,1519,0.1388
161,1351,1512,0.1388
157,1364,1521,0.1388
158,1363,1521,0.1388
152,1359,1511,0.1388
152,1353,1505,0.1388
150,1348,1498,0.1388
155,1364,1519,0.1388
152,1364,1516,0.1388
153,1368,1521,0.1388
152,1352,1504,0.1388
150,1351,1501,0.1388
152,1353,1505,0.1388
153,1366,1519,0.1388
151,1366,1517,0.1388
150,1360,1510,0.1388
153,1364,1517,0.1388
155,1357,1512,0.1388
156,1362,1518,0.1388
157,1363,1520,0.1388
161,1362,1523,0.1388
154,1353,1507,0.1388
152,1352,1504,0.1388
153,1361,1514,0.1388
155,1369,1524,0.1388
152,1360,1512,0.1388
154,1363,1517,0.1388
153,1365,1518,0.1388
149,1363,1512,0.1388
146,1369,1515,0.1388
144,1363,1507,0.1388
146,1351,1497,0.1388
151,1358,1509,0.1388
150,1360,1510,0.1388
152,1368,1520,0.1388
153,1349,1502,0.1388
152,1353,1505,0.1388
156,1370,1526,0.1388
152,1369,1521,0.1388
150,1362,1512,0.1388
147,1368,1515,0.1388
146,1364,1510,0.1388
149,1369,1518,0.1388
151,1370,1521,0.1388
146,1366,1512,0.1388
144,1361,1505,0.1388
142,1370,1512,0.1388
142,1364,1506,0.1388
138,1378,1516,0.1388
141,1381,1522,0.1388
143,1380,1523,0.1388
138,1379,1517,0.1388
136,1381,1517,0.1388
136,1377,1513,0.1388
136,1379,1515,0.1388
136,1377,1513,0.1388
137,1368,1505,0.1388
136,1383,1519,0.1388
132,1383,1515,0.1388
131,1379,1510,0.1388
135,1373,1508,0.1388
134,1377,1511,0.1388
132,1383,1515,0.1388
131,1391,1522,0.1388
128,1387,1515,0.1388
134,1379,1513,0.1388
136,1378,1514,0.1388
132,1382,1514,0.1388
135,1376,1511,0.1388
134,1376,1510,0.1388
130,1372,1502,0.1388
130,1367,1497,0.1388
129,1362,1491,0.1388
134,1363,1497,0.1388
131,1377,1508,0.1388
127,1390,1517,0.1388
127,1382,1509,0.1388
129,1395,1524,0.1388
132,1394,1526,0.1388
131,1393,1524,0.1388
131,1388,1519,0.1388
131,1388,1519,0.1388
127,1391,1518,0.1388
131,1388,1519,0.1388
129,1377,1506,0.1388
125,1400,1525,0.1388
125,1394,1519,0.1388
124,1400,1524,0.1388
120,1389,1509,0.1388
119,1397,1516,0.1388
119,1391,1510,0.1388
120,1382,1502,0.1388
118,1390,1508,0.1388
120,1376,1496,0.1388
118,1378,1496,0.1388
116,1381,1497,0.1388
119,1400,1519,0.1388
121,1403,1524,0.1388
116,1414,1530,0.1388
118,1428,1546,0.1388
119,1412,1531,0.1388
116,1413,1529,0.1388
116,1396,1512,0.1388
114,1397,1511,0.1388
115,1402,1517,0.1388
117,1393,1510,0.1388
118,1408,1526,0.1388
116,1413,1529,0.1388
118,1412,1530,0.1388
115,1413,1528,0.1388
115,1421,1536,0.1388
113,1412,1525,0.1388
113,1414,1527,0.1388
115,1413,1528,0.1388
115,1406,1521,0.1388
114,1405,1519,0.1388
116,1407,1523,0.1388
119,1402,1521,0.1388
113,1399,1512,0.1388
112,1401,1513,0.1388
113,1410,1523,0.1388
113,1397,1510,0.1388
110,1399,1509,0.1388
110,1406,1516,0.1388
108,1416,1524,0.1388
113,1404,1517,0.1388
114,1400,1514,0.1388
116,1396,1512,0.1388
115,1389,1504,0.1388
115,1387,1502,0.1388
116,1406,1522,0.1388
111,1410,1521,0.1388
109,1415,1524,0.1388
109,1397,1506,0.1388
110,1407,1517,0.1388
113,1412,1525,0.1388
116,1391,1507,0.1388
112,1408,1520,0.1388
113,1394,1507,0.1388
105,1398,1503,0.1388
102,1407,1509,0.1388
100,1403,1503,0.1388
99,1423,1522,0.1388
98,1425,1523,0.1388
97,1411,1508,0.1388
96,1413,1509,0.1388
95,1436,1531,0.1388
94,1439,1533,0.1388
97,1434,1531,0.1388
93,1429,1522,0.1388
93,1433,1526,0.1388
93,1432,1525,0.1388
94,1437,1531,0.1388
93,1431,1524,0.1388
92,1422,1514,0.1388
91,1425,1516,0.1388
90,1430,1520,0.1388
94,1435,1529,0.1388
93,1429,1522,0.1388
92,1420,1512,0.1388
98,1430,1528,0.1388
95,1421,1516,0.1388
94,1415,1509,0.1388
98,1425,1523,0.1388
97,1423,1520,0.1388
94,1408,1502,0.1388
93,1411,1504,0.1388
92,1426,1518,0.1388
92,1421,1513,0.1388
93,1423,1516,0.1388
92,1427,1519,0.1388
90,1422,1512,0.1388
90,1431,1521,0.1388
87,1420,1507,0.1388
85,1417,1502,0.1388
85,1445,1530,0.1388
85,1437,1522,0.1388
83,1438,1521,0.1388
84,1443,1527,0.1388
85,1452,1537,0.1388
82,1453,1535,0.1388
82,1445,1527,0.1388
82,1431,1513,0.1388
80,1431,1511,0.1388
84,1429,1513,0.1388
81,1438,1519,0.1388
83,1435,1518,0.1388
83,1424,1507,0.1388
84,1443,1527,0.1388
82,1443,1525,0.1388
81,1449,1530,0.1388
78,1449,1527,0.1388
81,1450,1531,0.1388
82,1449,1531,0.1388
79,1435,1514,0.1388
80,1438,1518,0.1388
82,1443,1525,0.1388
80,1435,1515,0.1388
78,1445,1523,0.1388
77,1448,1525,0.1388
76,1450,1526,0.1388
73,1440,1513,0.1388
74,1442,1516,0.1388
73,1444,1517,0.1388
75,1445,1520,0.1388
77,1452,1529,0.1388
72,1452,1524,0.1388
70,1465,1535,0.1388
66,1455,1521,0.1388
63,1458,1521,0.1388
64,1459,1523,0.1388
66,1460,1526,0.1388
68,1460,1528,0.1388
69,1464,1533,0.1388
67,1458,1525,0.1388
67,1457,1524,0.1388
68,1441,1509,0.1388
65,1451,1516,0.1388
64,1449,1513,0.1388
64,1452,1516,0.1388
63,1464,1527,0.1388
64,1464,1528,0.1388
64,1450,1514,0.1388
64,1451,1515,0.1388
65,1446,1511,0.1388
65,1448,1513,0.1388
64,1459,1523,0.1388
65,1458,1523,0.1388
64,1450,1514,0.1388
64,1445,1509,0.1388
62,1447,1509,0.1388
64,1459,1523,0.1388
64,1457,1521,0.1388
64,1454,1518,0.1388
63,1459,1522,0.1388
62,1452,1514,0.1388
59,1448,1507,0.1388
62,1452,1514,0.1388
60,1450,1510,0.1388
59,1445,1504,0.1388
59,1460,1519,0.1388
57,1469,1526,0.1388
55,1475,1530,0.1388
55,1464,1519,0.1388
56,1467,1523,0.1388
54,1469,1523,0.1388
55,1464,1519,0.1388
52,1464,1516,0.1388
55,1457,1512,0.1388
55,1449,1504,0.1388
53,1456,1509,0.1388
55,1455,1510,0.1388
56,1465,1521,0.1388
56,1470,1526,0.1388
52,1464,1516,0.1388
52,1463,1515,0.1388
51,1451,1502,0.1388
52,1462,1514,0.1388
52,1466,1518,0.1388
54,1480,1534,0.1388
53,1475,1528,0.1388
53,1481,1534,0.1388
53,1475,1528,0.1388
53,1478,1531,0.1388
50,1462,1512,0.1388
48,1461,1509,0.1388
47,1461,1508,0.1388
46,1470,1516,0.1388
44,1463,1507,0.1388
44,1468,1512,0.1388
46,1466,1512,0.1388
46,1463,1509,0.1388
46,1463,1509,0.1388
44,1477,1521,0.1388
44,1478,1522,0.1388
45,1479,1524,0.1388
45,1482,1527,0.1388
46,1484,1530,0.1388
44,1488,1532,0.1388
43,1484,1527,0.1388
42,1479,1521,0.1388
42,1464,1506,0.1388
42,1464,1506,0.1388
40,1460,1500,0.1388
38,1471,1509,0.1388
39,1460,1499,0.1388
40,1473,1513,0.1388
41,1462,1503,0.1388
41,1467,1508,0.1388
40,1471,1511,0.1388
38,1475,1513,0.1388
38,1481,1519,0.1388
37,1483,1520,0.1388
39,1478,1517,0.1388
38,1485,1523,0.1388
36,1482,1518,0.1388
35,1476,1511,0.1388
34,1483,1517,0.1388
36,1491,1527,0.1388
35,1490,1525,0.1388
35,1494,1529,0.1388
34,1491,1525,0.1388
33,1473,1506,0.1388
32,1472,1504,0.1388
32,1457,1489,0.1388
32,1476,1508,0.1388
32,1475,1507,0.1388
31,1474,1505,0.1388
32,1483,1515,0.1388
32,1489,1521,0.1388
31,1486,1517,0.1388
31,1492,1523,0.1388
31,1498,1529,0.1388
29,1491,1520,0.1388
29,1490,1519,0.1388
28,1494,1522,0.1388
28,1494,1522,0.1388
29,1490,1519,0.1388
30,1480,1510,0.1388
31,1478,1509,0.1388
33,1482,1515,0.1388
35,1492,1527,0.1388
34,1504,1538,0.1388
32,1491,1523,0.1388
32,1498,1530,0.1388
33,1496,1529,0.1388
32,1476,1508,0.1388
33,1469,1502,0.1388
32,1478,1510,0.1388
34,1477,1511,0.1388
31,1498,1529,0.1388
33,1476,1509,0.1388
33,1477,1510,0.1388
35,1473,1508,0.1388
35,1473,1508,0.1388
35,1482,1517,0.1388
36,1491,1527,0.1388
36,1487,1523,0.1388
37,1485,1522,0.1388
36,1473,1509,0.1388
34,1472,1506,0.1388
35,1474,1509,0.1388
35,1467,1502,0.1388
35,1479,1514,0.1388
36,1471,1507,0.1388
37,1475,1512,0.1388
35,1479,1514,0.1388
36,1484,1520,0.1388
35,1497,1532,0.1388
36,1489,1525,0.1388
36,1495,1531,0.1388
39,1487,1526,0.1388
40,1491,1531,0.1388
40,1485,1525,0.1388
39,1481,1520,0.1388
41,1481,1522,0.1388
41,1476,1517,0.1388
41,1472,1513,0.1388
42,1461,1503,0.1388
41,1472,1513,0.1388
41,1459,1500,0.1388
41,1465,1506,0.1388
41,1464,1505,0.1388
43,1468,1511,0.1388
42,1469,1511,0.1388
43,1464,1507,0.1388
41,1461,1502,0.1388
45,1470,1515,0.1388
45,1480,1525,0.1388
45,1470,1515,0.1388
42,1470,1512,0.1388
42,1465,1507,0.1388
44,1477,1521,0.1388
43,1492,1535,0.1388
42,1492,1534,0.1388
43,1488,1531,0.1388
44,1479,1523,0.1388
42,1474,1516,0.1388
40,1479,1519,0.1388
39,1476,1515,0.1388
39,1481,1520,0.1388
39,1473,1512,0.1388
39,1470,1509,0.1388
42,1470,1512,0.1388
42,1473,1515,0.1388
42,1477,1519,0.1388
41,1472,1513,0.1388
41,1481,1522,0.1388
39,1470,1509,0.1388
39,1466,1505,0.1388
39,1474,1513,0.1388
38,1480,1518,0.1388
38,1489,1527,0.1388
37,1480,1517,0.1388
33,1478,1511,0.1388
32,1492,1524,0.1388
33,1498,1531,0.1388
31,1506,1537,0.1388
29,1491,1520,0.1388
29,1486,1515,0.1388
29,1494,1523,0.1388
29,1491,1520,0.1388
29,1492,1521,0.1388
29,1499,1528,0.1388
28,1497,1525,0.1388
29,1483,1512,0.1388
28,1497,1525,0.1388
27,1489,1516,0.1388
27,1492,1519,0.1388
27,1489,1516,0.1388
26,1489,1515,0.1388
25,1493,1518,0.1388
24,1489,1513,0.1388
24,1493,1517,0.1388
23,1492,1515,0.1388
22,1499,1521,0.1388
21,1498,1519,0.1388
19,1498,1517,0.1388
20,1499,1519,0.1388
21,1495,1516,0.1388
21,1498,1519,0.1388
20,1501,1521,0.1388
18,1488,1506,0.1388
20,1488,1508,0.1388
21,1500,1521,0.1388
19,1502,1521,0.1388
19,1502,1521,0.1388
19,1507,1526,0.1388
17,1496,1513,0.1388
18,1489,1507,0.1388
17,1490,1507,0.1388
17,1499,1516,0.1388
17,1498,1515,0.1388
17,1494,1511,0.1388
19,1482,1501,0.1388
20,1480,1500,0.1388
19,1490,1509,0.1388
19,1488,1507,0.1388
17,1484,1501,0.1388
16,1484,1500,0.1388
17,1490,1507,0.1388
17,1489,1506,0.1388
17,1491,1508,0.1388
14,1485,1499,0.1388
15,1487,1502,0.1388
15,1488,1503,0.1388
17,1492,1509,0.1388
18,1498,1516,0.1388
18,1490,1508,0.1388
18,1487,1505,0.1388
17,1489,1506,0.1388
17,1491,1508,0.1388
17,1502,1519,0.1388
17,1499,1516,0.1388
18,1508,1526,0.1388
18,1505,1523,0.1388
17,1504,1521,0.1388
17,1496,1513,0.1388
17,1502,1519,0.1388
16,1486,1502,0.1388
16,1509,1525,0.1388
17,1500,1517,0.1388
17,1490,1507,0.1388
17,1497,1514,0.1388
16,1504,1520,0.1388
18,1498,1516,0.1388
19,1479,1498,0.1388
16,1488,1504,0.1388
17,1497,1514,0.1388
19,1499,1518,0.1388
19,1511,1530,0.1388
20,1508,1528,0.1388
21,1507,1528,0.1388
21,1508,1529,0.1388
20,1503,1523,0.1388
20,1499,1519,0.1388
20,1499,1519,0.1388
21,1485,1506,0.1388
20,1489,1509,0.1388
20,1495,1515,0.1388
18,1504,1522,0.1388
17,1501,1518,0.1388
17,1500,1517,0.1388
18,1496,1514,0.1388
18,1497,1515,0.1388
20,1495,1515,0.1388
19,1491,1510,0.1388
20,1511,1531,0.1388
20,1509,1529,0.1388
21,1525,1546,0.1388
21,1511,1532,0.1388
22,1497,1519,0.1388
21,1487,1508,0.1388
22,1499,1521,0.1388
21,1502,1523,0.1388
20,1498,1518,0.1388
21,1486,1507,0.1388
23,1484,1507,0.1388
23,1499,1522,0.1388
23,1492,1515,0.1388
24,1487,1511,0.1388
22,1496,1518,0.1388
21,1498,1519,0.1388
21,1509,1530,0.1388
20,1502,1522,0.1388
21,1497,1518,0.1388
21,1486,1507,0.1388
21,1478,1499,0.1388
22,1485,1507,0.1388
22,1483,1505,0.1388
21,1478,1499,0.1388
21,1491,1512,0.1388
21,1489,1510,0.1388
22,1490,1512,0.1388
22,1484,1506,0.1388
22,1495,1517,0.1388
22,1497,1519,0.1388
22,1490,1512,0.1388
19,1502,1521,0.1388
20,1497,1517,0.1388
20,1493,1513,0.1388
18,1494,1512,0.1388
19,1501,1520,0.1388
19,1488,1507,0.1388
19,1496,1515,0.1388
17,1509,1526,0.1388
17,1506,1523,0.1388
18,1501,1519,0.1388
18,1499,1517,0.1388
20,1490,1510,0.1388
20,1489,1509,0.1388
21,1491,1512,0.1388
20,1486,1506,0.1388
20,1489,1509,0.1388
20,1482,1502,0.1388
18,1481,1499,0.1388
17,1483,1500,0.1388
17,1478,1495,0.1388
17,1482,1499,0.1388
18,1488,1506,0.1388
18,1497,1515,0.1388
19,1502,1521,0.1388
19,1502,1521,0.1388
19,1500,1519,0.1388
19,1496,1515,0.1388
19,1502,1521,0.1388
21,1498,1519,0.1388
20,1496,1516,0.1388
19,1500,1519,0.1388
19,1497,1516,0.1388
18,1498,1516,0.1388
18,1500,1518,0.1388
17,1504,1521,0.1388
17,1498,1515,0.1388
16,1500,1516,0.1388
16,1496,1512,0.1388
17,1498,1515,0.1388
17,1492,1509,0.1388
17,1496,1513,0.1388
16,1499,1515,0.1388
15,1504,1519,0.1388
16,1506,1522,0.1388
16,1498,1514,0.1388
15,1511,1526,0.1388
15,1503,1518,0.1388
14,1495,1509,0.1388
13,1494,1507,0.1388
13,1492,1505,0.1388
13,1490,1503,0.1388
11,1498,1509,0.1388
11,1501,1512,0.1388
11,1501,1512,0.1388
11,1501,1512,0.1388
11,1498,1509,0.1388
11,1504,1515,0.1388
11,1505,1516,0.1388
10,1517,1527,0.1388
10,1512,1522,0.1388
10,1507,1517,0.1388
10,1510,1520,0.1388
10,1507,1517,0.1388
10,1511,1521,0.1388
10,1509,1519,0.1388
10,1498,1508,0.1388
10,1502,1512,0.1388
10,1504,1514,0.1388
10,1514,1524,0.1388
8,1506,1514,0.1388
8,1519,1527,0.1388
8,1507,1515,0.1388
8,1512,1520,0.1388
9,1502,1511,0.1388
9,1514,1523,0.1388
9,1522,1531,0.1388
9,1518,1527,0.1388
9,1523,1532,0.1388
10,1506,1516,0.1388
10,1518,1528,0.1388
9,1510,1519,0.1388
9,1504,1513,0.1388
9,1513,1522,0.1388
9,1505,1514,0.1388
9,1496,1505,0.1388
9,1499,1508,0.1388
9,1493,1502,0.1388
9,1484,1493,0.1388
9,1486,1495,0.1388
9,1498,1507,0.1388
9,1493,1502,0.1388
9,1493,1502,0.1388
9,1493,1502,0.1388
8,1501,1509,0.1388
8,1499,1507,0.1388
8,1509,1517,0.1388
9,1513,1522,0.1388
8,1511,1519,0.1388
8,1513,1521,0.1388
8,1511,1519,0.1388
8,1505,1513,0.1388
9,1501,1510,0.1388
9,1510,1519,0.1388
9,1517,1526,0.1388
9,1521,1530,0.1388
9,1521,1530,0.1388
8,1528,1536,0.1388
8,1516,1524,0.1388
8,1518,1526,0.1388
8,1501,1509,0.1388
8,1514,1522,0.1388
8,1518,1526,0.1388
7,1510,1517,0.1388
6,1509,1515,0.1388
6,1512,1518,0.1388
6,1514,1520,0.1388
7,1511,1518,0.1388
7,1507,1514,0.1388
7,1507,1514,0.1388
7,1510,1517,0.1388
7,1515,1522,0.1388
6,1520,1526,0.1388
6,1526,1532,0.1388
5,1533,1538,0.1388
5,1522,1527,0.1388
5,1517,1522,0.1388
5,1518,1523,0.1388
5,1521,1526,0.1388
6,1513,1519,0.1388
6,1517,1523,0.1388
6,1509,1515,0.1388
5,1506,1511,0.1388
5,1507,1512,0.1388
5,1517,1522,0.1388
5,1510,1515,0.1388
5,1518,1523,0.1388
5,1509,1514,0.1388
5,1509,1514,0.1388
6,1523,1529,0.1388
6,1511,1517,0.1388
6,1509,1515,0.1388
6,1512,1518,0.1388
6,1517,1523,0.1388
6,1520,1526,0.1388
6,1528,1534,0.1388
6,1520,1526,0.1388
6,1518,1524,0.1388
6,1514,1520,0.1388
6,1517,1523,0.1388
6,1510,1516,0.1388
6,1518,1524,0.1388
5,1516,1521,0.1388
4,1499,1503,0.1388
5,1504,1509,0.1388
5,1506,1511,0.1388
5,1510,1515,0.1388
5,1512,1517,0.1388
4,1505,1509,0.1388
4,1501,1505,0.1388
4,1495,1499,0.1388
4,1501,1505,0.1388
4,1502,1506,0.1388
3,1509,1512,0.1388
3,1514,1517,0.1388
3,1514,1517,0.1388
3,1510,1513,0.1388
3,1519,1522,0.1388
3,1515,1518,0.1388
3,1507,1510,0.1388
3,1507,1510,0.1388
3,1513,1516,0.1388
3,1520,1523,0.1388
3,1514,1517,0.1388
3,1497,1500,0.1388
3,1492,1495,0.1388
3,1508,1511,0.1388
3,1505,1508,0.1388
3,1501,1504,0.1388
3,1504,1507,0.1388
3,1508,1511,0.1388
2,1503,1505,0.1388
2,1501,1503,0.1388
2,1505,1507,0.1388
2,1508,1510,0.1388
2,1514,1516,0.1388
2,1516,1518,0.1388
2,1505,1507,0.1388
2,1502,1504,0.1388
2,1512,1514,0.1388
2,1512,1514,0.1388
2,1514,1516,0.1388
2,1512,1514,0.1388
2,1502,1504,0.1388
2,1499,1501,0.1388
2,1507,1509,0.1388
2,1508,1510,0.1388
2,1512,1514,0.1388
2,1515,1517,0.1388
2,1517,1519,0.1388
2,1523,1525,0.1388
2,1515,1517,0.1388
2,1517,1519,0.1388
2,1517,1519,0.1388
2,1515,1517,0.1388
2,1524,1526,0.1388
2,1522,1524,0.1388
2,1521,1523,0.1388
2,1523,1525,0.1388
1,1521,1522,0.1388
1,1505,1506,0.1388
1,1515,1516,0.1388
1,1522,1523,0.1388
1,1518,1519,0.1388
1,1524,1525,0.1388
1,1536,1537,0.1388
1,1530,1531,0.1388
1,1513,1514,0.1388
1,1513,1514,0.1388
1,1516,1517,0.1388
1,1524,1525,0.1388
1,1517,1518,0.1388
1,1516,1517,0.1388
1,1517,1518,0.1388
1,1527,1528,0.1388
1,1522,1523,0.1388
1,1520,1521,0.1388
1,1503,1504,0.1388
1,1505,1506,0.1388
1,1509,1510,0.1388
1,1518,1519,0.1388
1,1511,1512,0.1388
1,1510,1511,0.1388
1,1510,1511,0.1388
1,1513,1514,0.1388
1,1510,1511,0.1388
1,1502,1503,0.1388
1,1521,1522,0.1388
1,1512,1513,0.1388
1,1526,1527,0.1388
0,1539,1539,0.1388
