1393,29,1422,0.1388
1414,29,1443,0.1388
1436,29,1465,0.1388
1448,29,1477,0.1388
1456,30,1486,0.1388
1449,31,1480,0.1388
1459,32,1491,0.1388
1473,29,1502,0.1388
1483,30,1513,0.1388
1478,32,1510,0.1388
1466,33,1499,0.1388
1462,33,1495,0.1388
1462,34,1496,0.1388
1455,33,1488,0.1388
1453,37,1490,0.1388
1444,38,1482,0.1388
1448,41,1489,0.1388
1447,42,1489,0.1388
1461,43,1504,0.1388
1467,42,1509,0.1388
1459,38,1497,0.1388
1463,39,1502,0.1388
1456,39,1495,0.1388
1454,39,1493,0.1388
1463,36,1499,0.1388
1468,38,1506,0.1388
1469,39,1508,0.1388
1452,40,1492,0.1388
1456,40,1496,0.1388
1465,42,1507,0.1388
1453,43,1496,0.1388
1457,42,1499,0.1388
1462,39,1501,0.1388
1457,37,1494,0.1388
1444,36,1480,0.1388
1439,39,1478,0.1388
1448,40,1488,0.1388
1442,41,1483,0.1388
1453,42,1495,0.1388
1448,43,1491,0.1388
1445,43,1488,0.1388
1436,42,1478,0.1388
1434,41,1475,0.1388
1441,44,1485,0.1388
1438,43,1481,0.1388
1434,42,1476,0.1388
1421,42,1463,0.1388
1421,41,1462,0.1388
1428,39,1467,0.1388
1444,39,1483,0.1388
1451,43,1494,0.1388
1448,44,1492,0.1388
1447,44,1491,0.1388
1447,45,1492,0.1388
1447,44,1491,0.1388
1435,44,1479,0.1388
1429,43,1472,0.1388
1432,44,1476,0.1388
1443,46,1489,0.1388
1443,44,1487,0.1388
1442,45,1487,0.1388
1434,48,1482,0.1388
1425,48,1473,0.1388
1435,47,1482,0.1388
1439,51,1490,0.1388
1436,49,1485,0.1388
1440,48,1488,0.1388
1432,47,1479,0.1388
1434,46,1480,0.1388
1456,45,1501,0.1388
1451,42,1493,0.1388
1451,43,1494,0.1388
1452,43,1495,0.1388
1442,45,1487,0.1388
1440,44,1484,0.1388
1446,42,1488,0.1388
1467,43,1510,0.1388
1462,42,1504,0.1388
1467,42,1509,0.1388
1461,40,1501,0.1388
1460,39,1499,0.1388
1469,42,1511,0.1388
1471,42,1513,0.1388
1464,41,1505,0.1388
1462,41,1503,0.1388
1456,41,1497,0.1388
1460,43,1503,0.1388
1447,45,1492,0.1388
1450,45,1495,0.1388
1452,45,1497,0.1388
1446,45,1491,0.1388
1441,42,1483,0.1388
1439,41,1480,0.1388
1435,41,1476,0.1388
1438,44,1482,0.1388
1446,45,1491,0.1388
1453,46,1499,0.1388
1442,46,1488,0.1388
1433,47,1480,0.1388
1440,46,1486,0.1388
1423,46,1469,0.1388
1432,46,1478,0.1388
1425,48,1473,0.1388
1438,49,1487,0.1388
1450,50,1500,0.1388
1452,53,1505,0.1388
1451,52,1503,0.1388
1447,51,1498,0.1388
1440,50,1490,0.1388
1445,49,1494,0.1388
1447,49,1496,0.1388
1450,49,1499,0.1388
1449,46,1495,0.1388
1447,47,1494,0.1388
1438,50,1488,0.1388
1445,49,1494,0.1388
1443,52,1495,0.1388
1430,51,1481,0.1388
1430,53,1483,0.1388
1445,53,1498,0.1388
1441,55,1496,0.1388
1444,54,1498,0.1388
1423,53,1476,0.1388
1428,54,1482,0.1388
1424,54,1478,0.1388
1432,55,1487,0.1388
1422,56,1478,0.1388
1432,59,1491,0.1388
1441,61,1502,0.1388
1445,61,1506,0.1388
1448,59,1507,0.1388
1444,58,1502,0.1388
1451,58,1509,0.1388
1428,62,1490,0.1388
1433,61,1494,0.1388
1430,61,1491,0.1388
1436,60,1496,0.1388
1444,59,1503,0.1388
1447,60,1507,0.1388
1442,60,1502,0.1388
1443,59,1502,0.1388
1449,59,1508,0.1388
1452,56,1508,0.1388
1438,54,1492,0.1388
1435,53,1488,0.1388
1435,57,1492,0.1388
1439,60,1499,0.1388
1437,61,1498,0.1388
1432,62,1494,0.1388
1431,65,1496,0.1388
1431,64,1495,0.1388
1418,64,1482,0.1388
1422,65,1487,0.1388
1417,68,1485,0.1388
1425,68,1493,0.1388
1419,66,1485,0.1388
1409,67,1476,0.1388
1421,68,1489,0.1388
1422,67,1489,0.1388
1436,68,1504,0.1388
1420,67,1487,0.1388
1428,71,1499,0.1388
1425,72,1497,0.1388
1434,73,1507,0.1388
1426,76,1502,0.1388
1425,75,1500,0.1388
1420,75,1495,0.1388
1416,73,1489,0.1388
1418,71,1489,0.1388
1425,70,1495,0.1388
1433,70,1503,0.1388
1421,70,1491,0.1388
1426,69,1495,0.1388
1415,69,1484,0.1388
1426,67,1493,0.1388
1436,67,1503,0.1388
1442,69,1511,0.1388
1426,72,1498,0.1388
1425,74,1499,0.1388
1416,72,1488,0.1388
1422,76,1498,0.1388
1416,78,1494,0.1388
1425,77,1502,0.1388
1417,77,1494,0.1388
1410,79,1489,0.1388
1415,79,1494,0.1388
1417,79,1496,0.1388
1422,78,1500,0.1388
1408,78,1486,0.1388
1418,77,1495,0.1388
1422,78,1500,0.1388
1434,82,1516,0.1388
1428,80,1508,0.1388
1426,79,1505,0.1388
1428,80,1508,0.1388
1420,80,1500,0.1388
1419,82,1501,0.1388
1407,80,1487,0.1388
1414,78,1492,0.1388
1419,78,1497,0.1388
1419,76,1495,0.1388
1419,77,1496,0.1388
1430,75,1505,0.1388
1427,75,1502,0.1388
1420,75,1495,0.1388
1421,77,1498,0.1388
1416,78,1494,0.1388
1414,78,1492,0.1388
1410,78,1488,0.1388
1405,80,1485,0.1388
1424,80,1504,0.1388
1428,80,1508,0.1388
1415,76,1491,0.1388
1422,79,1501,0.1388
1419,76,1495,0.1388
1409,75,1484,0.1388
1414,76,1490,0.1388
1421,74,1495,0.1388
1430,72,1502,0.1388
1432,70,1502,0.1388
1431,68,1499,0.1388
1425,67,1492,0.1388
1412,73,1485,0.1388
1425,72,1497,0.1388
1431,72,1503,0.1388
1426,74,1500,0.1388
1414,73,1487,0.1388
1415,78,1493,0.1388
1413,77,1490,0.1388
1429,79,1508,0.1388
1422,76,1498,0.1388
1430,77,1507,0.1388
1428,79,1507,0.1388
1435,78,1513,0.1388
1434,80,1514,0.1388
1422,80,1502,0.1388
1410,83,1493,0.1388
1408,83,1491,0.1388
1404,86,1490,0.1388
1409,85,1494,0.1388
1421,82,1503,0.1388
1420,85,1505,0.1388
1418,87,1505,0.1388
1420,84,1504,0.1388
1405,81,1486,0.1388
1399,78,1477,0.1388
1411,82,1493,0.1388
1415,82,1497,0.1388
1411,82,1493,0.1388
1418,84,1502,0.1388
1425,85,1510,0.1388
1411,88,1499,0.1388
1408,92,1500,0.1388
1401,92,1493,0.1388
1409,92,1501,0.1388
1411,92,1503,0.1388
1409,89,1498,0.1388
1396,89,1485,0.1388
1393,93,1486,0.1388
1405,96,1501,0.1388
1412,96,1508,0.1388
1402,97,1499,0.1388
1405,97,1502,0.1388
1403,97,1500,0.1388
1407,97,1504,0.1388
1402,100,1502,0.1388
1402,100,1502,0.1388
1397,101,1498,0.1388
1396,100,1496,0.1388
1383,101,1484,0.1388
1378,102,1480,0.1388
1371,100,1471,0.1388
1385,98,1483,0.1388
1388,98,1486,0.1388
1390,94,1484,0.1388
1400,98,1498,0.1388
1403,98,1501,0.1388
1390,100,1490,0.1388
1384,98,1482,0.1388
1399,100,1499,0.1388
1403,102,1505,0.1388
1391,101,1492,0.1388
1388,104,1492,0.1388
1388,104,1492,0.1388
1400,104,1504,0.1388
1404,102,1506,0.1388
1406,104,1510,0.1388
1390,103,1493,0.1388
1401,101,1502,0.1388
1396,101,1497,0.1388
1397,104,1501,0.1388
1398,107,1505,0.1388
1397,101,1498,0.1388
1395,101,1496,0.1388
1389,105,1494,0.1388
1398,99,1497,0.1388
1403,101,1504,0.1388
1406,99,1505,0.1388
1402,98,1500,0.1388
1412,105,1517,0.1388
1417,103,1520,0.1388
1410,99,1509,0.1388
1411,98,1509,0.1388
1408,96,1504,0.1388
1386,96,1482,0.1388
1385,98,1483,0.1388
1397,98,1495,0.1388
1392,98,1490,0.1388
1390,98,1488,0.1388
1395,101,1496,0.1388
1393,99,1492,0.1388
1397,97,1494,0.1388
1395,99,1494,0.1388
1391,101,1492,0.1388
1395,104,1499,0.1388
1388,109,1497,0.1388
1397,105,1502,0.1388
1393,103,1496,0.1388
1383,104,1487,0.1388
1371,106,1477,0.1388
1371,110,1481,0.1388
1374,109,1483,0.1388
1386,110,1496,0.1388
1379,115,1494,0.1388
1367,113,1480,0.1388
1357,110,1467,0.1388
1365,107,1472,0.1388
1373,108,1481,0.1388
1377,109,1486,0.1388
1378,108,1486,0.1388
1386,107,1493,0.1388
1383,106,1489,0.1388
1395,109,1504,0.1388
1380,109,1489,0.1388
1383,115,1498,0.1388
1387,117,1504,0.1388
1378,116,1494,0.1388
1371,117,1488,0.1388
1372,118,1490,0.1388
1372,118,1490,0.1388
1382,119,1501,0.1388
1379,119,1498,0.1388
1377,122,1499,0.1388
1382,120,1502,0.1388
1386,117,1503,0.1388
1391,116,1507,0.1388
1374,120,1494,0.1388
1372,121,1493,0.1388
1383,124,1507,0.1388
1372,119,1491,0.1388
1382,119,1501,0.1388
1376,120,1496,0.1388
1370,120,1490,0.1388
1373,120,1493,0.1388
1371,117,1488,0.1388
1382,117,1499,0.1388
1382,119,1501,0.1388
1377,121,1498,0.1388
1370,121,1491,0.1388
1370,122,1492,0.1388
1375,122,1497,0.1388
1367,123,1490,0.1388
1388,125,1513,0.1388
1387,128,1515,0.1388
1385,130,1515,0.1388
1363,128,1491,0.1388
1364,129,1493,0.1388
1364,125,1489,0.1388
1362,125,1487,0.1388
1367,128,1495,0.1388
1358,126,1484,0.1388
1354,125,1479,0.1388
1354,125,1479,0.1388
1364,125,1489,0.1388
1371,125,1496,0.1388
1374,124,1498,0.1388
1385,125,1510,0.1388
1373,126,1499,0.1388
1372,125,1497,0.1388
1373,121,1494,0.1388
1367,122,1489,0.1388
1363,121,1484,0.1388
1359,125,1484,0.1388
1371,125,1496,0.1388
1359,126,1485,0.1388
1358,127,1485,0.1388
1352,126,1478,0.1388
1357,124,1481,0.1388
1372,123,1495,0.1388
1368,124,1492,0.1388
1370,127,1497,0.1388
1375,125,1500,0.1388
1367,120,1487,0.1388
1364,123,1487,0.1388
1376,123,1499,0.1388
1370,122,1492,0.1388
1368,128,1496,0.1388
1375,125,1500,0.1388
1375,129,1504,0.1388
1368,134,1502,0.1388
1355,134,1489,0.1388
1357,133,1490,0.1388
1350,137,1487,0.1388
1358,140,1498,0.1388
1354,137,1491,0.1388
1348,131,1479,0.1388
1350,136,1486,0.1388
1347,139,1486,0.1388
1343,141,1484,0.1388
1323,145,1468,0.1388
1334,149,1483,0.1388
1334,150,1484,0.1388
1340,152,1492,0.1388
1356,153,1509,0.1388
1340,153,1493,0.1388
1357,157,1514,0.1388
1347,151,1498,0.1388
1347,152,1499,0.1388
1356,155,1511,0.1388
1349,153,1502,0.1388
1328,149,1477,0.1388
1343,152,1495,0.1388
1341,149,1490,0.1388
1342,148,1490,0.1388
1360,148,1508,0.1388
1357,148,1505,0.1388
1354,149,1503,0.1388
1366,150,1516,0.1388
1370,145,1515,0.1388
1375,145,1520,0.1388
1365,143,1508,0.1388
1350,142,1492,0.1388
1348,148,1496,0.1388
1346,148,1494,0.1388
1362,146,1508,0.1388
1371,143,1514,0.1388
1360,143,1503,0.1388
1344,142,1486,0.1388
1332,145,1477,0.1388
1327,148,1475,0.1388
1341,152,1493,0.1388
1351,152,1503,0.1388
1336,149,1485,0.1388
1343,149,1492,0.1388
1353,150,1503,0.1388
1343,151,1494,0.1388
1337,154,1491,0.1388
1338,155,1493,0.1388
1352,153,1505,0.1388
1353,154,1507,0.1388
1357,149,1506,0.1388
1341,154,1495,0.1388
1334,153,1487,0.1388
1324,156,1480,0.1388
1334,152,1486,0.1388
1323,150,1473,0.1388
1332,151,1483,0.1388
1346,149,1495,0.1388
1331,150,1481,0.1388
1336,148,1484,0.1388
1356,142,1498,0.1388
1358,145,1503,0.1388
1355,146,1501,0.1388
1351,144,1495,0.1388
1342,144,1486,0.1388
1346,152,1498,0.1388
1354,152,1506,0.1388
1343,158,1501,0.1388
1338,160,1498,0.1388
1336,163,1499,0.1388
1339,164,1503,0.1388
1339,166,1505,0.1388
1338,169,1507,0.1388
1329,169,1498,0.1388
1326,169,1495,0.1388
1325,169,1494,0.1388
1325,171,1496,0.1388
1323,168,1491,0.1388
1312,168,1480,0.1388
1304,169,1473,0.1388
1306,173,1479,0.1388
1319,180,1499,0.1388
1311,180,1491,0.1388
1313,183,1496,0.1388
1310,189,1499,0.1388
1316,187,1503,0.1388
1314,188,1502,0.1388
1318,188,1506,0.1388
1315,189,1504,0.1388
1314,192,1506,0.1388
1323,189,1512,0.1388
1321,188,1509,0.1388
1318,192,1510,0.1388
1315,192,1507,0.1388
1315,194,1509,0.1388
1297,198,1495,0.1388
1305,194,1499,0.1388
1304,196,1500,0.1388
1308,197,1505,0.1388
1302,197,1499,0.1388
1308,201,1509,0.1388
1295,201,1496,0.1388
1287,202,1489,0.1388
1292,198,1490,0.1388
1283,198,1481,0.1388
1284,200,1484,0.1388
1291,203,1494,0.1388
1284,203,1487,0.1388
1293,198,1491,0.1388
1303,201,1504,0.1388
1298,206,1504,0.1388
1296,203,1499,0.1388
1296,202,1498,0.1388
1291,197,1488,0.1388
1280,200,1480,0.1388
1289,201,1490,0.1388
1277,208,1485,0.1388
1298,210,1508,0.1388
1298,208,1506,0.1388
1315,211,1526,0.1388
1306,206,1512,0.1388
1293,203,1496,0.1388
1287,205,1492,0.1388
1282,214,1496,0.1388
1275,215,1490,0.1388
1273,220,1493,0.1388
1258,222,1480,0.1388
1263,221,1484,0.1388
1284,220,1504,0.1388
1283,221,1504,0.1388
1290,218,1508,0.1388
1283,218,1501,0.1388
1275,216,1491,0.1388
1276,220,1496,0.1388
1278,216,1494,0.1388
1268,219,1487,0.1388
1244,217,1461,0.1388
1249,225,1474,0.1388
1276,222,1498,0.1388
1278,223,1501,0.1388
1263,221,1484,0.1388
1281,218,1499,0.1388
1292,217,1509,0.1388
1292,219,1511,0.1388
1279,216,1495,0.1388
1284,222,1506,0.1388
1282,224,1506,0.1388
1277,223,1500,0.1388
1274,225,1499,0.1388
1273,224,1497,0.1388
1277,229,1506,0.1388
1265,225,1490,0.1388
1253,233,1486,0.1388
1260,227,1487,0.1388
1252,233,1485,0.1388
1261,232,1493,0.1388
1250,232,1482,0.1388
1257,231,1488,0.1388
1260,237,1497,0.1388
1255,229,1484,0.1388
1267,236,1503,0.1388
1263,231,1494,0.1388
1272,230,1502,0.1388
1275,240,1515,0.1388
1267,240,1507,0.1388
1277,241,1518,0.1388
1272,243,1515,0.1388
1265,244,1509,0.1388
1261,243,1504,0.1388
1247,238,1485,0.1388
1247,244,1491,0.1388
1249,247,1496,0.1388
1241,248,1489,0.1388
1240,248,1488,0.1388
1239,255,1494,0.1388
1233,254,1487,0.1388
1233,253,1486,0.1388
1221,268,1489,0.1388
1222,270,1492,0.1388
1217,267,1484,0.1388
1231,268,1499,0.1388
1222,263,1485,0.1388
1226,273,1499,0.1388
1221,270,1491,0.1388
1229,269,1498,0.1388
1219,269,1488,0.1388
1228,269,1497,0.1388
1229,274,1503,0.1388
1226,274,1500,0.1388
1210,268,1478,0.1388
1218,271,1489,0.1388
1218,278,1496,0.1388
1213,275,1488,0.1388
1222,277,1499,0.1388
1212,278,1490,0.1388
1231,279,1510,0.1388
1223,280,1503,0.1388
1227,278,1505,0.1388
1219,283,1502,0.1388
1218,285,1503,0.1388
1224,280,1504,0.1388
1232,279,1511,0.1388
1238,277,1515,0.1388
1238,271,1509,0.1388
1229,272,1501,0.1388
1225,270,1495,0.1388
1219,270,1489,0.1388
1219,275,1494,0.1388
1226,276,1502,0.1388
1216,278,1494,0.1388
1218,278,1496,0.1388
1204,278,1482,0.1388
1201,276,1477,0.1388
1210,281,1491,0.1388
1200,276,1476,0.1388
1207,266,1473,0.1388
1214,269,1483,0.1388
1218,274,1492,0.1388
1210,278,1488,0.1388
1221,279,1500,0.1388
1213,282,1495,0.1388
1216,281,1497,0.1388
1226,286,1512,0.1388
1225,287,1512,0.1388
1207,288,1495,0.1388
1210,287,1497,0.1388
1216,288,1504,0.1388
1211,285,1496,0.1388
1209,285,1494,0.1388
1222,289,1511,0.1388
1210,293,1503,0.1388
1211,291,1502,0.1388
1213,293,1506,0.1388
1215,295,1510,0.1388
1205,298,1503,0.1388
1215,293,1508,0.1388
1203,296,1499,0.1388
1208,299,1507,0.1388
1205,299,1504,0.1388
1190,304,1494,0.1388
1196,308,1504,0.1388
1190,308,1498,0.1388
1185,305,1490,0.1388
1194,311,1505,0.1388
1193,303,1496,0.1388
1186,301,1487,0.1388
1186,302,1488,0.1388
1196,307,1503,0.1388
1183,308,1491,0.1388
1184,306,1490,0.1388
1188,310,1498,0.1388
1192,315,1507,0.1388
1195,317,1512,0.1388
1189,319,1508,0.1388
1181,317,1498,0.1388
1178,315,1493,0.1388
1175,321,1496,0.1388
1170,323,1493,0.1388
1168,321,1489,0.1388
1163,318,1481,0.1388
1166,328,1494,0.1388
1170,322,1492,0.1388
1166,319,1485,0.1388
1169,322,1491,0.1388
1165,325,1490,0.1388
1163,329,1492,0.1388
1168,330,1498,0.1388
1168,331,1499,0.1388
1154,334,1488,0.1388
1153,338,1491,0.1388
1151,331,1482,0.1388
1159,335,1494,0.1388
1158,330,1488,0.1388
1170,326,1496,0.1388
1155,332,1487,0.1388
1147,337,1484,0.1388
1162,340,1502,0.1388
1159,340,1499,0.1388
1166,345,1511,0.1388
1166,340,1506,0.1388
1164,331,1495,0.1388
1164,336,1500,0.1388
1159,338,1497,0.1388
1153,332,1485,0.1388
1159,333,1492,0.1388
1164,338,1502,0.1388
1154,337,1491,0.1388
1137,344,1481,0.1388
1132,350,1482,0.1388
1133,352,1485,0.1388
1140,349,1489,0.1388
1147,348,1495,0.1388
1154,345,1499,0.1388
1156,342,1498,0.1388
1163,344,1507,0.1388
1167,353,1520,0.1388
1157,355,1512,0.1388
1154,353,1507,0.1388
1153,355,1508,0.1388
1150,345,1495,0.1388
1160,347,1507,0.1388
1155,342,1497,0.1388
1159,343,1502,0.1388
1148,348,1496,0.1388
1147,349,1496,0.1388
1141,343,1484,0.1388
1147,351,1498,0.1388
1156,354,1510,0.1388
1156,354,1510,0.1388
1147,347,1494,0.1388
1161,347,1508,0.1388
1155,346,1501,0.1388
1159,354,1513,0.1388
1151,348,1499,0.1388
1149,352,1501,0.1388
1135,347,1482,0.1388
1138,357,1495,0.1388
1132,361,1493,0.1388
1143,362,1505,0.1388
1141,362,1503,0.1388
1135,361,1496,0.1388
1136,357,1493,0.1388
1133,351,1484,0.1388
1138,348,1486,0.1388
1136,359,1495,0.1388
1139,359,1498,0.1388
1136,358,1494,0.1388
1135,358,1493,0.1388
1136,362,1498,0.1388
1141,360,1501,0.1388
1138,362,1500,0.1388
1130,358,1488,0.1388
1140,356,1496,0.1388
1126,362,1488,0.1388
1124,357,1481,0.1388
1131,359,1490,0.1388
1136,363,1499,0.1388
1123,369,1492,0.1388
1118,370,1488,0.1388
1116,365,1481,0.1388
1128,365,1493,0.1388
1126,374,1500,0.1388
1132,377,1509,0.1388
1129,378,1507,0.1388
1126,384,1510,0.1388
1128,386,1514,0.1388
1121,383,1504,0.1388
1110,381,1491,0.1388
1096,383,1479,0.1388
1107,382,1489,0.1388
1096,389,1485,0.1388
1102,394,1496,0.1388
1104,389,1493,0.1388
1096,378,1474,0.1388
1092,380,1472,0.1388
1098,382,1480,0.1388
1094,395,1489,0.1388
1100,397,1497,0.1388
1101,393,1494,0.1388
1095,399,1494,0.1388
1093,397,1490,0.1388
1092,395,1487,0.1388
1093,395,1488,0.1388
1086,397,1483,0.1388
1100,398,1498,0.1388
1097,401,1498,0.1388
1090,406,1496,0.1388
1088,406,1494,0.1388
1090,405,1495,0.1388
1091,404,1495,0.1388
1087,408,1495,0.1388
1095,404,1499,0.1388
1099,413,1512,0.1388
1098,412,1510,0.1388
1093,411,1504,0.1388
1096,410,1506,0.1388
1091,413,1504,0.1388
1078,418,1496,0.1388
1073,422,1495,0.1388
1078,418,1496,0.1388
1075,417,1492,0.1388
1077,425,1502,0.1388
1078,432,1510,0.1388
1069,436,1505,0.1388
1070,431,1501,0.1388
1081,424,1505,0.1388
1075,425,1500,0.1388
1081,421,1502,0.1388
1081,431,1512,0.1388
1068,436,1504,0.1388
1054,434,1488,0.1388
1051,435,1486,0.1388
1054,437,1491,0.1388
1055,438,1493,0.1388
1059,434,1493,0.1388
1064,440,1504,0.1388
1056,435,1491,0.1388
1046,440,1486,0.1388
1058,434,1492,0.1388
1071,433,1504,0.1388
1063,432,1495,0.1388
1066,431,1497,0.1388
1067,439,1506,0.1388
1059,443,1502,0.1388
1043,447,1490,0.1388
1047,441,1488,0.1388
1059,449,1508,0.1388
1041,455,1496,0.1388
1048,458,1506,0.1388
1040,462,1502,0.1388
1036,466,1502,0.1388
1040,465,1505,0.1388
1039,463,1502,0.1388
1033,470,1503,0.1388
1039,468,1507,0.1388
1029,468,1497,0.1388
1046,469,1515,0.1388
1034,455,1489,0.1388
1034,473,1507,0.1388
1038,479,1517,0.1388
1036,477,1513,0.1388
1025,476,1501,0.1388
1015,462,1477,0.1388
1024,463,1487,0.1388
1023,470,1493,0.1388
1016,463,1479,0.1388
1001,475,1476,0.1388
995,478,1473,0.1388
1008,478,1486,0.1388
1011,483,1494,0.1388
1002,481,1483,0.1388
997,474,1471,0.1388
1003,484,1487,0.1388
1000,485,1485,0.1388
1013,484,1497,0.1388
1020,486,1506,0.1388
1015,483,1498,0.1388
1015,488,1503,0.1388
1017,487,1504,0.1388
1029,481,1510,0.1388
1013,489,1502,0.1388
1011,487,1498,0.1388
1013,487,1500,0.1388
1014,493,1507,0.1388
1017,494,1511,0.1388
1006,492,1498,0.1388
998,492,1490,0.1388
1005,490,1495,0.1388
998,494,1492,0.1388
1007,491,1498,0.1388
1019,480,1499,0.1388
1012,485,1497,0.1388
1012,485,1497,0.1388
1017,488,1505,0.1388
1014,489,1503,0.1388
1000,504,1504,0.1388
1013,497,1510,0.1388
1008,502,1510,0.1388
1009,509,1518,0.1388
1001,506,1507,0.1388
1009,511,1520,0.1388
1011,508,1519,0.1388
1010,503,1513,0.1388
998,511,1509,0.1388
995,507,1502,0.1388
995,510,1505,0.1388
992,514,1506,0.1388
1003,515,1518,0.1388
998,518,1516,0.1388
995,517,1512,0.1388
997,521,1518,0.1388
989,523,1512,0.1388
990,515,1505,0.1388
989,516,1505,0.1388
994,521,1515,0.1388
994,521,1515,0.1388
986,519,1505,0.1388
993,517,1510,0.1388
991,519,1510,0.1388
992,525,1517,0.1388
997,517,1514,0.1388
994,514,1508,0.1388
975,525,1500,0.1388
974,528,1502,0.1388
970,530,1500,0.1388
977,528,1505,0.1388
980,524,1504,0.1388
982,517,1499,0.1388
985,519,1504,0.1388
972,511,1483,0.1388
973,524,1497,0.1388
975,526,1501,0.1388
969,526,1495,0.1388
977,525,1502,0.1388
988,524,1512,0.1388
974,530,1504,0.1388
968,531,1499,0.1388
961,527,1488,0.1388
946,535,1481,0.1388
953,537,1490,0.1388
957,544,1501,0.1388
957,539,1496,0.1388
961,544,1505,0.1388
955,545,1500,0.1388
961,548,1509,0.1388
961,544,1505,0.1388
956,544,1500,0.1388
958,545,1503,0.1388
969,545,1514,0.1388
960,546,1506,0.1388
962,549,1511,0.1388
968,554,1522,0.1388
964,554,1518,0.1388
965,555,1520,0.1388
964,551,1515,0.1388
965,545,1510,0.1388
967,541,1508,0.1388
961,539,1500,0.1388
970,548,1518,0.1388
960,550,1510,0.1388
947,551,1498,0.1388
954,552,1506,0.1388
944,553,1497,0.1388
940,559,1499,0.1388
942,564,1506,0.1388
944,567,1511,0.1388
933,569,1502,0.1388
939,564,1503,0.1388
937,566,1503,0.1388
939,562,1501,0.1388
936,565,1501,0.1388
930,569,1499,0.1388
936,570,1506,0.1388
947,577,1524,0.1388
943,579,1522,0.1388
931,575,1506,0.1388
921,570,1491,0.1388
927,561,1488,0.1388
925,564,1489,0.1388
923,579,1502,0.1388
920,577,1497,0.1388
915,572,1487,0.1388
917,582,1499,0.1388
915,583,1498,0.1388
910,583,1493,0.1388
913,579,1492,0.1388
907,580,1487,0.1388
910,580,1490,0.1388
919,582,1501,0.1388
919,583,1502,0.1388
918,585,1503,0.1388
918,586,1504,0.1388
913,585,1498,0.1388
909,586,1495,0.1388
912,582,1494,0.1388
913,594,1507,0.1388
913,593,1506,0.1388
902,592,1494,0.1388
904,596,1500,0.1388
904,604,1508,0.1388
922,599,1521,0.1388
923,608,1531,0.1388
913,598,1511,0.1388
914,595,1509,0.1388
909,602,1511,0.1388
918,597,1515,0.1388
921,599,1520,0.1388
906,601,1507,0.1388
896,609,1505,0.1388
889,612,1501,0.1388
888,611,1499,0.1388
879,617,1496,0.1388
886,617,1503,0.1388
887,618,1505,0.1388
888,615,1503,0.1388
888,614,1502,0.1388
886,608,1494,0.1388
879,618,1497,0.1388
869,620,1489,0.1388
875,615,1490,0.1388
887,607,1494,0.1388
893,610,1503,0.1388
888,615,1503,0.1388
881,619,1500,0.1388
890,609,1499,0.1388
887,614,1501,0.1388
882,623,1505,0.1388
880,620,1500,0.1388
881,619,1500,0.1388
886,621,1507,0.1388
889,604,1493,0.1388
888,613,1501,0.1388
888,613,1501,0.1388
889,618,1507,0.1388
883,618,1501,0.1388
886,620,1506,0.1388
894,624,1518,0.1388
887,626,1513,0.1388
881,629,1510,0.1388
880,617,1497,0.1388
888,622,1510,0.1388
893,629,1522,0.1388
890,636,1526,0.1388
883,630,1513,0.1388
875,631,1506,0.1388
877,628,1505,0.1388
880,623,1503,0.1388
881,621,1502,0.1388
884,624,1508,0.1388
877,628,1505,0.1388
872,625,1497,0.1388
866,636,1502,0.1388
867,643,1510,0.1388
871,649,1520,0.1388
867,641,1508,0.1388
866,654,1520,0.1388
867,651,1518,0.1388
873,657,1530,0.1388
861,653,1514,0.1388
861,653,1514,0.1388
847,648,1495,0.1388
855,650,1505,0.1388
859,646,1505,0.1388
861,653,1514,0.1388
867,644,1511,0.1388
859,640,1499,0.1388
858,645,1503,0.1388
857,654,1511,0.1388
850,647,1497,0.1388
857,648,1505,0.1388
842,655,1497,0.1388
842,656,1498,0.1388
853,649,1502,0.1388
853,647,1500,0.1388
859,659,1518,0.1388
855,657,1512,0.1388
842,657,1499,0.1388
836,662,1498,0.1388
837,659,1496,0.1388
845,659,1504,0.1388
834,665,1499,0.1388
834,662,1496,0.1388
830,661,1491,0.1388
842,670,1512,0.1388
838,672,1510,0.1388
832,672,1504,0.1388
831,675,1506,0.1388
833,670,1503,0.1388
832,669,1501,0.1388
832,673,1505,0.1388
831,678,1509,0.1388
834,687,1521,0.1388
827,688,1515,0.1388
820,685,1505,0.1388
819,686,1505,0.1388
816,673,1489,0.1388
819,678,1497,0.1388
824,680,1504,0.1388
832,673,1505,0.1388
828,676,1504,0.1388
833,667,1500,0.1388
842,669,1511,0.1388
828,673,1501,0.1388
816,686,1502,0.1388
822,685,1507,0.1388
826,683,1509,0.1388
831,691,1522,0.1388
826,681,1507,0.1388
818,692,1510,0.1388
820,682,1502,0.1388
827,683,1510,0.1388
821,682,1503,0.1388
817,691,1508,0.1388
816,681,1497,0.1388
822,680,1502,0.1388
824,684,1508,0.1388
812,681,1493,0.1388
815,685,1500,0.1388
815,690,1505,0.1388
820,691,1511,0.1388
826,686,1512,0.1388
837,693,1530,0.1388
833,698,1531,0.1388
824,702,1526,0.1388
817,700,1517,0.1388
817,693,1510,0.1388
811,700,1511,0.1388
817,701,1518,0.1388
821,694,1515,0.1388
827,693,1520,0.1388
825,699,1524,0.1388
816,694,1510,0.1388
815,690,1505,0.1388
809,681,1490,0.1388
813,680,1493,0.1388
812,682,1494,0.1388
823,683,1506,0.1388
822,681,1503,0.1388
820,682,1502,0.1388
821,683,1504,0.1388
813,673,1486,0.1388
814,680,1494,0.1388
813,676,1489,0.1388
810,679,1489,0.1388
813,685,1498,0.1388
818,695,1513,0.1388
814,700,1514,0.1388
821,693,1514,0.1388
817,701,1518,0.1388
810,701,1511,0.1388
808,684,1492,0.1388
808,689,1497,0.1388
801,697,1498,0.1388
797,711,1508,0.1388
793,714,1507,0.1388
783,717,1500,0.1388
779,723,1502,0.1388
772,719,1491,0.1388
776,728,1504,0.1388
774,722,1496,0.1388
779,740,1519,0.1388
773,739,1512,0.1388
769,740,1509,0.1388
753,746,1499,0.1388
754,744,1498,0.1388
755,737,1492,0.1388
763,740,1503,0.1388
765,741,1506,0.1388
757,740,1497,0.1388
755,728,1483,0.1388
757,739,1496,0.1388
759,734,1493,0.1388
766,727,1493,0.1388
758,730,1488,0.1388
769,741,1510,0.1388
766,747,1513,0.1388
763,751,1514,0.1388
760,753,1513,0.1388
757,754,1511,0.1388
751,756,1507,0.1388
754,747,1501,0.1388
751,756,1507,0.1388
748,758,1506,0.1388
743,758,1501,0.1388
750,759,1509,0.1388
753,768,1521,0.1388
743,765,1508,0.1388
746,768,1514,0.1388
746,755,1501,0.1388
742,758,1500,0.1388
743,767,1510,0.1388
752,772,1524,0.1388
749,776,1525,0.1388
748,766,1514,0.1388
745,765,1510,0.1388
747,767,1514,0.1388
741,759,1500,0.1388
741,762,1503,0.1388
737,759,1496,0.1388
741,757,1498,0.1388
736,756,1492,0.1388
731,762,1493,0.1388
738,759,1497,0.1388
742,770,1512,0.1388
752,763,1515,0.1388
738,756,1494,0.1388
750,757,1507,0.1388
745,763,1508,0.1388
737,756,1493,0.1388
731,756,1487,0.1388
738,757,1495,0.1388
744,754,1498,0.1388
747,762,1509,0.1388
754,763,1517,0.1388
753,770,1523,0.1388
759,766,1525,0.1388
756,763,1519,0.1388
761,756,1517,0.1388
754,749,1503,0.1388
759,748,1507,0.1388
758,755,1513,0.1388
754,752,1506,0.1388
750,760,1510,0.1388
753,754,1507,0.1388
757,758,1515,0.1388
758,754,1512,0.1388
757,754,1511,0.1388
754,757,1511,0.1388
753,751,1504,0.1388
739,748,1487,0.1388
723,745,1468,0.1388
733,745,1478,0.1388
731,756,1487,0.1388
748,765,1513,0.1388
740,772,1512,0.1388
742,768,1510,0.1388
738,765,1503,0.1388
730,764,1494,0.1388
737,761,1498,0.1388
733,761,1494,0.1388
731,767,1498,0.1388
736,773,1509,0.1388
746,768,1514,0.1388
746,766,1512,0.1388
729,767,1496,0.1388
748,760,1508,0.1388
746,762,1508,0.1388
754,761,1515,0.1388
746,766,1512,0.1388
745,772,1517,0.1388
751,773,1524,0.1388
748,768,1516,0.1388
741,769,1510,0.1388
734,778,1512,0.1388
741,779,1520,0.1388
742,777,1519,0.1388
745,784,1529,0.1388
737,791,1528,0.1388
734,797,1531,0.1388
727,796,1523,0.1388
728,791,1519,0.1388
726,776,1502,0.1388
724,779,1503,0.1388
716,787,1503,0.1388
715,785,1500,0.1388
711,780,1491,0.1388
716,772,1488,0.1388
710,780,1490,0.1388
710,770,1480,0.1388
713,772,1485,0.1388
724,778,1502,0.1388
720,790,1510,0.1388
719,792,1511,0.1388
726,786,1512,0.1388
726,779,1505,0.1388
725,783,1508,0.1388
720,781,1501,0.1388
719,778,1497,0.1388
737,779,1516,0.1388
740,775,1515,0.1388
735,763,1498,0.1388
746,764,1510,0.1388
739,778,1517,0.1388
730,770,1500,0.1388
727,775,1502,0.1388
732,772,1504,0.1388
738,782,1520,0.1388
746,766,1512,0.1388
737,773,1510,0.1388
729,776,1505,0.1388
723,774,1497,0.1388
729,780,1509,0.1388
739,774,1513,0.1388
742,769,1511,0.1388
739,774,1513,0.1388
741,776,1517,0.1388
745,782,1527,0.1388
738,786,1524,0.1388
725,793,1518,0.1388
718,795,1513,0.1388
705,807,1512,0.1388
704,802,1506,0.1388
696,805,1501,0.1388
691,816,1507,0.1388
687,815,1502,0.1388
678,820,1498,0.1388
678,820,1498,0.1388
681,826,1507,0.1388
681,827,1508,0.1388
678,824,1502,0.1388
677,832,1509,0.1388
672,830,1502,0.1388
673,827,1500,0.1388
676,819,1495,0.1388
680,824,1504,0.1388
683,826,1509,0.1388
686,820,1506,0.1388
682,828,1510,0.1388
675,832,1507,0.1388
674,829,1503,0.1388
676,821,1497,0.1388
688,826,1514,0.1388
693,819,1512,0.1388
688,815,1503,0.1388
688,813,1501,0.1388
685,829,1514,0.1388
679,829,1508,0.1388
677,835,1512,0.1388
678,825,1503,0.1388
685,833,1518,0.1388
683,833,1516,0.1388
681,827,1508,0.1388
681,822,1503,0.1388
673,822,1495,0.1388
675,837,1512,0.1388
671,841,1512,0.1388
662,834,1496,0.1388
650,833,1483,0.1388
652,837,1489,0.1388
662,844,1506,0.1388
665,842,1507,0.1388
657,839,1496,0.1388
660,842,1502,0.1388
661,843,1504,0.1388
652,851,1503,0.1388
656,850,1506,0.1388
655,849,1504,0.1388
651,851,1502,0.1388
648,853,1501,0.1388
652,861,1513,0.1388
646,866,1512,0.1388
643,863,1506,0.1388
646,861,1507,0.1388
647,854,1501,0.1388
654,847,1501,0.1388
656,842,1498,0.1388
655,855,1510,0.1388
652,856,1508,0.1388
644,870,1514,0.1388
633,874,1507,0.1388
631,865,1496,0.1388
634,883,1517,0.1388
633,882,1515,0.1388
631,882,1513,0.1388
633,884,1517,0.1388
634,882,1516,0.1388
630,882,1512,0.1388
625,889,1514,0.1388
627,880,1507,0.1388
626,874,1500,0.1388
635,880,1515,0.1388
625,893,1518,0.1388
628,892,1520,0.1388
629,886,1515,0.1388
636,888,1524,0.1388
630,886,1516,0.1388
628,882,1510,0.1388
619,881,1500,0.1388
618,887,1505,0.1388
615,893,1508,0.1388
608,888,1496,0.1388
618,885,1503,0.1388
620,886,1506,0.1388
622,890,1512,0.1388
621,891,1512,0.1388
612,888,1500,0.1388
611,887,1498,0.1388
611,893,1504,0.1388
605,905,1510,0.1388
613,908,1521,0.1388
611,913,1524,0.1388
603,913,1516,0.1388
601,914,1515,0.1388
601,910,1511,0.1388
599,905,1504,0.1388
595,910,1505,0.1388
594,911,1505,0.1388
599,915,1514,0.1388
595,924,1519,0.1388
601,922,1523,0.1388
595,922,1517,0.1388
584,920,1504,0.1388
584,919,1503,0.1388
582,919,1501,0.1388
586,909,1495,0.1388
596,905,1501,0.1388
594,915,1509,0.1388
586,915,1501,0.1388
585,915,1500,0.1388
580,918,1498,0.1388
583,922,1505,0.1388
585,923,1508,0.1388
579,914,1493,0.1388
580,922,1502,0.1388
581,926,1507,0.1388
578,931,1509,0.1388
580,930,1510,0.1388
583,926,1509,0.1388
576,931,1507,0.1388
575,931,1506,0.1388
576,940,1516,0.1388
580,937,1517,0.1388
578,938,1516,0.1388
577,941,1518,0.1388
578,938,1516,0.1388
573,952,1525,0.1388
573,950,1523,0.1388
561,943,1504,0.1388
564,951,1515,0.1388
561,943,1504,0.1388
561,943,1504,0.1388
558,935,1493,0.1388
552,939,1491,0.1388
553,937,1490,0.1388
559,941,1500,0.1388
561,938,1499,0.1388
560,938,1498,0.1388
563,939,1502,0.1388
555,938,1493,0.1388
564,953,1517,0.1388
566,945,1511,0.1388
566,934,1500,0.1388
567,936,1503,0.1388
570,938,1508,0.1388
571,943,1514,0.1388
564,946,1510,0.1388
571,942,1513,0.1388
569,943,1512,0.1388
567,956,1523,0.1388
571,943,1514,0.1388
564,944,1508,0.1388
565,950,1515,0.1388
554,945,1499,0.1388
557,946,1503,0.1388
551,959,1510,0.1388
554,952,1506,0.1388
549,955,1504,0.1388
548,953,1501,0.1388
545,948,1493,0.1388
537,952,1489,0.1388
542,961,1503,0.1388
548,959,1507,0.1388
547,963,1510,0.1388
539,978,1517,0.1388
547,976,1523,0.1388
540,959,1499,0.1388
543,970,1513,0.1388
535,962,1497,0.1388
536,965,1501,0.1388
531,969,1500,0.1388
531,977,1508,0.1388
532,979,1511,0.1388
528,973,1501,0.1388
528,973,1501,0.1388
519,982,1501,0.1388
522,980,1502,0.1388
528,978,1506,0.1388
529,977,1506,0.1388
531,976,1507,0.1388
534,968,1502,0.1388
533,965,1498,0.1388
525,957,1482,0.1388
520,968,1488,0.1388
515,977,1492,0.1388
513,985,1498,0.1388
518,987,1505,0.1388
513,988,1501,0.1388
509,985,1494,0.1388
516,993,1509,0.1388
510,997,1507,0.1388
517,1001,1518,0.1388
515,993,1508,0.1388
506,994,1500,0.1388
507,991,1498,0.1388
512,998,1510,0.1388
512,988,1500,0.1388
519,991,1510,0.1388
513,994,1507,0.1388
514,997,1511,0.1388
510,1002,1512,0.1388
506,997,1503,0.1388
506,1005,1511,0.1388
494,1007,1501,0.1388
497,1012,1509,0.1388
492,1004,1496,0.1388
497,1013,1510,0.1388
491,1008,1499,0.1388
492,1014,1506,0.1388
501,1020,1521,0.1388
496,1010,1506,0.1388
501,1015,1516,0.1388
501,1012,1513,0.1388
500,1008,1508,0.1388
502,1006,1508,0.1388
493,992,1485,0.1388
497,995,1492,0.1388
491,996,1487,0.1388
488,1006,1494,0.1388
492,1009,1501,0.1388
493,1010,1503,0.1388
491,1016,1507,0.1388
491,1020,1511,0.1388
481,1026,1507,0.1388
474,1026,1500,0.1388
469,1035,1504,0.1388
465,1048,1513,0.1388
458,1040,1498,0.1388
468,1039,1507,0.1388
468,1050,1518,0.1388
466,1053,1519,0.1388
457,1047,1504,0.1388
464,1052,1516,0.1388
465,1053,1518,0.1388
457,1057,1514,0.1388
462,1054,1516,0.1388
470,1047,1517,0.1388
469,1036,1505,0.1388
468,1040,1508,0.1388
465,1042,1507,0.1388
459,1051,1510,0.1388
459,1048,1507,0.1388
464,1053,1517,0.1388
464,1047,1511,0.1388
467,1054,1521,0.1388
461,1062,1523,0.1388
462,1052,1514,0.1388
456,1050,1506,0.1388
448,1044,1492,0.1388
445,1057,1502,0.1388
438,1070,1508,0.1388
437,1066,1503,0.1388
443,1063,1506,0.1388
444,1056,1500,0.1388
448,1049,1497,0.1388
447,1058,1505,0.1388
447,1059,1506,0.1388
445,1056,1501,0.1388
442,1057,1499,0.1388
437,1060,1497,0.1388
438,1068,1506,0.1388
433,1065,1498,0.1388
442,1060,1502,0.1388
439,1071,1510,0.1388
438,1080,1518,0.1388
430,1075,1505,0.1388
425,1076,1501,0.1388
430,1081,1511,0.1388
428,1081,1509,0.1388
433,1094,1527,0.1388
436,1085,1521,0.1388
439,1088,1527,0.1388
443,1082,1525,0.1388
432,1074,1506,0.1388
428,1073,1501,0.1388
423,1070,1493,0.1388
430,1066,1496,0.1388
428,1073,1501,0.1388
431,1076,1507,0.1388
437,1074,1511,0.1388
432,1074,1506,0.1388
428,1077,1505,0.1388
417,1090,1507,0.1388
419,1080,1499,0.1388
427,1077,1504,0.1388
424,1085,1509,0.1388
426,1077,1503,0.1388
420,1085,1505,0.1388
417,1089,1506,0.1388
410,1101,1511,0.1388
407,1105,1512,0.1388
411,1096,1507,0.1388
414,1107,1521,0.1388
410,1104,1514,0.1388
408,1104,1512,0.1388
416,1106,1522,0.1388
408,1103,1511,0.1388
404,1113,1517,0.1388
405,1119,1524,0.1388
398,1119,1517,0.1388
396,1115,1511,0.1388
405,1125,1530,0.1388
401,1123,1524,0.1388
403,1115,1518,0.1388
403,1124,1527,0.1388
404,1118,1522,0.1388
403,1107,1510,0.1388
401,1089,1490,0.1388
405,1094,1499,0.1388
401,1107,1508,0.1388
399,1111,1510,0.1388
393,1104,1497,0.1388
399,1102,1501,0.1388
400,1114,1514,0.1388
390,1115,1505,0.1388
378,1121,1499,0.1388
384,1128,1512,0.1388
386,1124,1510,0.1388
387,1124,1511,0.1388
387,1130,1517,0.1388
387,1106,1493,0.1388
379,1103,1482,0.1388
377,1107,1484,0.1388
373,1109,1482,0.1388
367,1120,1487,0.1388
365,1121,1486,0.1388
365,1127,1492,0.1388
368,1135,1503,0.1388
366,1145,1511,0.1388
363,1134,1497,0.1388
360,1138,1498,0.1388
366,1144,1510,0.1388
366,1152,1518,0.1388
362,1156,1518,0.1388
359,1151,1510,0.1388
357,1164,1521,0.1388
354,1171,1525,0.1388
348,1167,1515,0.1388
356,1169,1525,0.1388
355,1168,1523,0.1388
358,1163,1521,0.1388
358,1169,1527,0.1388
356,1160,1516,0.1388
358,1156,1514,0.1388
361,1157,1518,0.1388
361,1161,1522,0.1388
351,1161,1512,0.1388
349,1158,1507,0.1388
345,1159,1504,0.1388
343,1163,1506,0.1388
341,1160,1501,0.1388
344,1162,1506,0.1388
342,1165,1507,0.1388
342,1152,1494,0.1388
335,1150,1485,0.1388
339,1164,1503,0.1388
337,1173,1510,0.1388
334,1179,1513,0.1388
328,1185,1513,0.1388
335,1176,1511,0.1388
329,1179,1508,0.1388
328,1179,1507,0.1388
333,1180,1513,0.1388
323,1185,1508,0.1388
328,1177,1505,0.1388
331,1172,1503,0.1388
327,1179,1506,0.1388
331,1183,1514,0.1388
330,1198,1528,0.1388
330,1193,1523,0.1388
332,1203,1535,0.1388
326,1204,1530,0.1388
324,1192,1516,0.1388
324,1193,1517,0.1388
322,1194,1516,0.1388
320,1190,1510,0.1388
316,1184,1500,0.1388
321,1191,1512,0.1388
323,1190,1513,0.1388
328,1202,1530,0.1388
328,1203,1531,0.1388
326,1197,1523,0.1388
327,1192,1519,0.1388
330,1199,1529,0.1388
330,1209,1539,0.1388
327,1208,1535,0.1388
324,1203,1527,0.1388
322,1192,1514,0.1388
320,1189,1509,0.1388
323,1188,1511,0.1388
326,1190,1516,0.1388
328,1188,1516,0.1388
328,1186,1514,0.1388
325,1192,1517,0.1388
321,1200,1521,0.1388
320,1210,1530,0.1388
320,1188,1508,0.1388
325,1193,1518,0.1388
322,1190,1512,0.1388
324,1183,1507,0.1388
324,1184,1508,0.1388
325,1188,1513,0.1388
321,1194,1515,0.1388
313,1192,1505,0.1388
314,1183,1497,0.1388
307,1204,1511,0.1388
310,1205,1515,0.1388
311,1196,1507,0.1388
311,1197,1508,0.1388
313,1194,1507,0.1388
313,1195,1508,0.1388
316,1191,1507,0.1388
319,1186,1505,0.1388
314,1182,1496,0.1388
311,1178,1489,0.1388
314,1187,1501,0.1388
319,1197,1516,0.1388
311,1209,1520,0.1388
310,1211,1521,0.1388
308,1216,1524,0.1388
303,1218,1521,0.1388
298,1213,1511,0.1388
303,1210,1513,0.1388
305,1198,1503,0.1388
303,1197,1500,0.1388
306,1188,1494,0.1388
307,1201,1508,0.1388
302,1207,1509,0.1388
299,1207,1506,0.1388
293,1215,1508,0.1388
297,1220,1517,0.1388
304,1216,1520,0.1388
303,1211,1514,0.1388
306,1205,1511,0.1388
306,1210,1516,0.1388
308,1208,1516,0.1388
306,1211,1517,0.1388
302,1204,1506,0.1388
301,1208,1509,0.1388
296,1209,1505,0.1388
295,1209,1504,0.1388
298,1208,1506,0.1388
301,1205,1506,0.1388
298,1203,1501,0.1388
295,1206,1501,0.1388
304,1209,1513,0.1388
297,1215,1512,0.1388
294,1227,1521,0.1388
295,1226,1521,0.1388
293,1217,1510,0.1388
293,1216,1509,0.1388
290,1206,1496,0.1388
287,1217,1504,0.1388
293,1227,1520,0.1388
293,1217,1510,0.1388
295,1224,1519,0.1388
297,1216,1513,0.1388
297,1218,1515,0.1388
296,1223,1519,0.1388
293,1214,1507,0.1388
288,1228,1516,0.1388
285,1229,1514,0.1388
279,1235,1514,0.1388
279,1237,1516,0.1388
289,1237,1526,0.1388
293,1230,1523,0.1388
302,1225,1527,0.1388
299,1225,1524,0.1388
293,1231,1524,0.1388
281,1228,1509,0.1388
283,1221,1504,0.1388
286,1227,1513,0.1388
291,1214,1505,0.1388
294,1222,1516,0.1388
295,1210,1505,0.1388
292,1212,1504,0.1388
297,1212,1509,0.1388
297,1216,1513,0.1388
288,1219,1507,0.1388
290,1228,1518,0.1388
280,1233,1513,0.1388
282,1225,1507,0.1388
284,1226,1510,0.1388
284,1222,1506,0.1388
279,1226,1505,0.1388
280,1225,1505,0.1388
276,1228,1504,0.1388
280,1228,1508,0.1388
279,1226,1505,0.1388
278,1237,1515,0.1388
272,1240,1512,0.1388
279,1244,1523,0.1388
277,1241,1518,0.1388
270,1249,1519,0.1388
271,1249,1520,0.1388
265,1242,1507,0.1388
262,1239,1501,0.1388
261,1241,1502,0.1388
258,1251,1509,0.1388
254,1260,1514,0.1388
255,1269,1524,0.1388
260,1268,1528,0.1388
259,1263,1522,0.1388
256,1258,1514,0.1388
256,1262,1518,0.1388
257,1260,1517,0.1388
253,1251,1504,0.1388
255,1243,1498,0.1388
256,1261,1517,0.1388
250,1260,1510,0.1388
240,1265,1505,0.1388
236,1261,1497,0.1388
241,1269,1510,0.1388
240,1269,1509,0.1388
239,1266,1505,0.1388
236,1268,1504,0.1388
239,1275,1514,0.1388
241,1284,1525,0.1388
240,1271,1511,0.1388
241,1261,1502,0.1388
241,1273,1514,0.1388
240,1278,1518,0.1388
236,1288,1524,0.1388
235,1284,1519,0.1388
229,1282,1511,0.1388
234,1276,1510,0.1388
236,1278,1514,0.1388
238,1284,1522,0.1388
234,1289,1523,0.1388
233,1291,1524,0.1388
233,1281,1514,0.1388
234,1271,1505,0.1388
232,1284,1516,0.1388
229,1287,1516,0.1388
224,1284,1508,0.1388
230,1274,1504,0.1388
225,1278,1503,0.1388
229,1276,1505,0.1388
223,1282,1505,0.1388
227,1276,1503,0.1388
224,1289,1513,0.1388
228,1288,1516,0.1388
227,1298,1525,0.1388
224,1290,1514,0.1388
220,1289,1509,0.1388
220,1292,1512,0.1388
217,1300,1517,0.1388
215,1296,1511,0.1388
213,1303,1516,0.1388
216,1293,1509,0.1388
216,1291,1507,0.1388
213,1286,1499,0.1388
219,1286,1505,0.1388
215,1283,1498,0.1388
215,1294,1509,0.1388
214,1300,1514,0.1388
212,1300,1512,0.1388
206,1284,1490,0.1388
210,1294,1504,0.1388
211,1306,1517,0.1388
208,1310,1518,0.1388
209,1306,1515,0.1388
207,1314,1521,0.1388
202,1317,1519,0.1388
204,1309,1513,0.1388
206,1312,1518,0.1388
209,1313,1522,0.1388
207,1313,1520,0.1388
206,1305,1511,0.1388
212,1311,1523,0.1388
212,1317,1529,0.1388
212,1304,1516,0.1388
211,1296,1507,0.1388
207,1300,1507,0.1388
206,1285,1491,0.1388
200,1293,1493,0.1388
201,1307,1508,0.1388
199,1310,1509,0.1388
200,1318,1518,0.1388
202,1321,1523,0.1388
202,1309,1511,0.1388
202,1316,1518,0.1388
203,1311,1514,0.1388
202,1322,1524,0.1388
203,1315,1518,0.1388
204,1310,1514,0.1388
200,1313,1513,0.1388
197,1304,1501,0.1388
203,1310,1513,0.1388
202,1315,1517,0.1388
206,1311,1517,0.1388
206,1302,1508,0.1388
205,1301,1506,0.1388
211,1311,1522,0.1388
206,1317,1523,0.1388
202,1318,1520,0.1388
205,1315,1520,0.1388
207,1323,1530,0.1388
208,1318,1526,0.1388
208,1304,1512,0.1388
206,1296,1502,0.1388
211,1294,1505,0.1388
210,1305,1515,0.1388
208,1311,1519,0.1388
211,1300,1511,0.1388
212,1298,1510,0.1388
204,1298,1502,0.1388
208,1299,1507,0.1388
208,1287,1495,0.1388
206,1296,1502,0.1388
199,1308,1507,0.1388
202,1302,1504,0.1388
209,1317,1526,0.1388
209,1315,1524,0.1388
206,1308,1514,0.1388
206,1302,1508,0.1388
208,1311,1519,0.1388
207,1308,1515,0.1388
205,1309,1514,0.1388
207,1318,1525,0.1388
209,1314,1523,0.1388
208,1315,1523,0.1388
209,1300,1509,0.1388
209,1295,1504,0.1388
206,1290,1496,0.1388
206,1300,1506,0.1388
205,1299,1504,0.1388
207,1302,1509,0.1388
201,1311,1512,0.1388
203,1293,1496,0.1388
200,1300,1500,0.1388
200,1304,1504,0.1388
201,1313,1514,0.1388
208,1320,1528,0.1388
210,1309,1519,0.1388
213,1309,1522,0.1388
211,1299,1510,0.1388
213,1299,1512,0.1388
212,1306,1518,0.1388
211,1302,1513,0.1388
209,1293,1502,0.1388
209,1290,1499,0.1388
205,1305,1510,0.1388
207,1314,1521,0.1388
204,1319,1523,0.1388
203,1324,1527,0.1388
203,1308,1511,0.1388
203,1305,1508,0.1388
205,1305,1510,0.1388
205,1307,1512,0.1388
204,1315,1519,0.1388
205,1309,1514,0.1388
202,1318,1520,0.1388
205,1319,1524,0.1388
204,1303,1507,0.1388
207,1303,1510,0.1388
211,1305,1516,0.1388
210,1309,1519,0.1388
210,1313,1523,0.1388
208,1311,1519,0.1388
205,1316,1521,0.1388
205,1311,1516,0.1388
210,1313,1523,0.1388
205,1312,1517,0.1388
206,1310,1516,0.1388
199,1301,1500,0.1388
201,1302,1503,0.1388
205,1304,1509,0.1388
202,1299,1501,0.1388
199,1296,1495,0.1388
201,1302,1503,0.1388
201,1293,1494,0.1388
199,1303,1502,0.1388
201,1306,1507,0.1388
198,1326,1524,0.1388
198,1318,1516,0.1388
195,1315,1510,0.1388
195,1306,1501,0.1388
190,1301,1491,0.1388
191,1304,1495,0.1388
188,1309,1497,0.1388
188,1318,1506,0.1388
191,1323,1514,0.1388
194,1321,1515,0.1388
197,1323,1520,0.1388
194,1313,1507,0.1388
196,1329,1525,0.1388
194,1329,1523,0.1388
190,1331,1521,0.1388
190,1330,1520,0.1388
185,1336,1521,0.1388
184,1320,1504,0.1388
190,1319,1509,0.1388
187,1322,1509,0.1388
188,1325,1513,0.1388
187,1338,1525,0.1388
187,1321,1508,0.1388
191,1320,1511,0.1388
191,1327,1518,0.1388
186,1328,1514,0.1388
192,1330,1522,0.1388
190,1327,1517,0.1388
189,1324,1513,0.1388
188,1330,1518,0.1388
188,1327,1515,0.1388
188,1331,1519,0.1388
187,1338,1525,0.1388
191,1330,1521,0.1388
191,1322,1513,0.1388
188,1329,1517,0.1388
189,1331,1520,0.1388
191,1326,1517,0.1388
191,1326,1517,0.1388
185,1328,1513,0.1388
183,1329,1512,0.1388
178,1338,1516,0.1388
183,1328,1511,0.1388
180,1324,1504,0.1388
181,1334,1515,0.1388
183,1326,1509,0.1388
181,1333,1514,0.1388
178,1338,1516,0.1388
173,1329,1502,0.1388
177,1325,1502,0.1388
180,1337,1517,0.1388
184,1332,1516,0.1388
181,1348,1529,0.1388
181,1351,1532,0.1388
176,1353,1529,0.1388
177,1350,1527,0.1388
179,1354,1533,0.1388
177,1340,1517,0.1388
171,1336,1507,0.1388
168,1343,1511,0.1388
173,1347,1520,0.1388
175,1349,1524,0.1388
180,1348,1528,0.1388
178,1371,1549,0.1388
176,1361,1537,0.1388
175,1355,1530,0.1388
175,1348,1523,0.1388
174,1342,1516,0.1388
172,1340,1512,0.1388
171,1350,1521,0.1388
171,1349,1520,0.1388
170,1345,1515,0.1388
170,1339,1509,0.1388
167,1349,1516,0.1388
169,1347,1516,0.1388
174,1352,1526,0.1388
176,1350,1526,0.1388
176,1343,1519,0.1388
174,1334,1508,0.1388
179,1332,1511,0.1388
176,1327,1503,0.1388
178,1329,1507,0.1388
178,1326,1504,0.1388
173,1324,1497,0.1388
174,1324,1498,0.1388
179,1328,1507,0.1388
176,1324,1500,0.1388
176,1333,1509,0.1388
177,1339,1516,0.1388
178,1339,1517,0.1388
181,1330,1511,0.1388
184,1319,1503,0.1388
181,1325,1506,0.1388
177,1337,1514,0.1388
180,1334,1514,0.1388
176,1337,1513,0.1388
178,1345,1523,0.1388
173,1343,1516,0.1388
172,1340,1512,0.1388
175,1346,1521,0.1388
173,1339,1512,0.1388
176,1339,1515,0.1388
175,1342,1517,0.1388
174,1346,1520,0.1388
171,1345,1516,0.1388
169,1347,1516,0.1388
167,1356,1523,0.1388
169,1359,1528,0.1388
165,1357,1522,0.1388
164,1362,1526,0.1388
163,1371,1534,0.1388
166,1359,1525,0.1388
160,1348,1508,0.1388
156,1352,1508,0.1388
154,1351,1505,0.1388
157,1355,1512,0.1388
161,1352,1513,0.1388
163,1346,1509,0.1388
164,1360,1524,0.1388
169,1348,1517,0.1388
168,1349,1517,0.1388
164,1349,1513,0.1388
168,1347,1515,0.1388
164,1353,1517,0.1388
161,1339,1500,0.1388
160,1341,1501,0.1388
164,1341,1505,0.1388
163,1344,1507,0.1388
165,1344,1509,0.1388
163,1350,1513,0.1388
162,1348,1510,0.1388
154,1355,1509,0.1388
153,1364,1517,0.1388
154,1371,1525,0.1388
157,1371,1528,0.1388
154,1366,1520,0.1388
151,1368,1519,0.1388
150,1367,1517,0.1388
153,1373,1526,0.1388
153,1373,1526,0.1388
152,1368,1520,0.1388
155,1364,1519,0.1388
151,1370,1521,0.1388
150,1368,1518,0.1388
151,1358,1509,0.1388
149,1368,1517,0.1388
152,1367,1519,0.1388
151,1372,1523,0.1388
156,1357,1513,0.1388
160,1356,1516,0.1388
161,1341,1502,0.1388
163,1336,1499,0.1388
159,1355,1514,0.1388
157,1354,1511,0.1388
159,1361,1520,0.1388
159,1366,1525,0.1388
156,1374,1530,0.1388
154,1364,1518,0.1388
146,1368,1514,0.1388
143,1379,1522,0.1388
146,1376,1522,0.1388
144,1360,1504,0.1388
147,1354,1501,0.1388
151,1362,1513,0.1388
150,1366,1516,0.1388
147,1373,1520,0.1388
146,1366,1512,0.1388
143,1382,1525,0.1388
138,1376,1514,0.1388
139,1376,1515,0.1388
136,1369,1505,0.1388
143,1367,1510,0.1388
143,1371,1514,0.1388
140,1376,1516,0.1388
141,1373,1514,0.1388
148,1379,1527,0.1388
147,1379,1526,0.1388
146,1370,1516,0.1388
148,1370,1518,0.1388
148,1370,1518,0.1388
143,1371,1514,0.1388
144,1376,1520,0.1388
142,1388,1530,0.1388
142,1383,1525,0.1388
138,1387,1525,0.1388
137,1370,1507,0.1388
143,1362,1505,0.1388
144,1356,1500,0.1388
146,1373,1519,0.1388
144,1372,1516,0.1388
145,1362,1507,0.1388
144,1367,1511,0.1388
143,1378,1521,0.1388
143,1380,1523,0.1388
139,1380,1519,0.1388
141,1376,1517,0.1388
144,1372,1516,0.1388
142,1385,1527,0.1388
145,1364,1509,0.1388
150,1367,1517,0.1388
155,1372,1527,0.1388
155,1376,1531,0.1388
153,1369,1522,0.1388
150,1363,1513,0.1388
149,1360,1509,0.1388
151,1366,1517,0.1388
152,1371,1523,0.1388
149,1372,1521,0.1388
147,1362,1509,0.1388
147,1369,1516,0.1388
150,1381,1531,0.1388
151,1379,1530,0.1388
150,1368,1518,0.1388
147,1365,1512,0.1388
149,1366,1515,0.1388
150,1367,1517,0.1388
148,1352,1500,0.1388
145,1371,1516,0.1388
144,1375,1519,0.1388
143,1374,1517,0.1388
138,1373,1511,0.1388
141,1365,1506,0.1388
143,1356,1499,0.1388
144,1356,1500,0.1388
143,1358,1501,0.1388
144,1355,1499,0.1388
143,1357,1500,0.1388
140,1355,1495,0.1388
137,1370,1507,0.1388
141,1379,1520,0.1388
141,1377,1518,0.1388
138,1379,1517,0.1388
138,1386,1524,0.1388
141,1384,1525,0.1388
145,1376,1521,0.1388
144,1367,1511,0.1388
145,1374,1519,0.1388
141,1368,1509,0.1388
139,1375,1514,0.1388
138,1376,1514,0.1388
137,1375,1512,0.1388
137,1361,1498,0.1388
137,1366,1503,0.1388
136,1363,1499,0.1388
132,1365,1497,0.1388
129,1365,1494,0.1388
132,1369,1501,0.1388
125,1385,1510,0.1388
130,1385,1515,0.1388
130,1381,1511,0.1388
130,1380,1510,0.1388
129,1382,1511,0.1388
134,1369,1503,0.1388
138,1369,1507,0.1388
139,1380,1519,0.1388
140,1368,1508,0.1388
140,1366,1506,0.1388
141,1381,1522,0.1388
141,1379,1520,0.1388
138,1386,1524,0.1388
133,1382,1515,0.1388
135,1372,1507,0.1388
134,1383,1517,0.1388
134,1371,1505,0.1388
135,1372,1507,0.1388
136,1376,1512,0.1388
139,1376,1515,0.1388
141,1373,1514,0.1388
142,1372,1514,0.1388
135,1381,1516,0.1388
134,1369,1503,0.1388
137,1373,1510,0.1388
136,1374,1510,0.1388
134,1388,1522,0.1388
133,1380,1513,0.1388
135,1384,1519,0.1388
137,1382,1519,0.1388
132,1377,1509,0.1388
135,1373,1508,0.1388
134,1377,1511,0.1388
133,1384,1517,0.1388
132,1379,1511,0.1388
136,1389,1525,0.1388
136,1388,1524,0.1388
136,1401,1537,0.1388
134,1395,1529,0.1388
135,1375,1510,0.1388
138,1386,1524,0.1388
136,1388,1524,0.1388
137,1383,1520,0.1388
136,1378,1514,0.1388
136,1386,1522,0.1388
136,1385,1521,0.1388
136,1382,1518,0.1388
137,1380,1517,0.1388
136,1372,1508,0.1388
132,1368,1500,0.1388
136,1376,1512,0.1388
135,1368,1503,0.1388
137,1361,1498,0.1388
139,1358,1497,0.1388
137,1368,1505,0.1388
137,1381,1518,0.1388
138,1372,1510,0.1388
138,1373,1511,0.1388
139,1374,1513,0.1388
138,1360,1498,0.1388
134,1358,1492,0.1388
132,1368,1500,0.1388
132,1382,1514,0.1388
135,1389,1524,0.1388
132,1383,1515,0.1388
136,1382,1518,0.1388
133,1378,1511,0.1388
132,1374,1506,0.1388
134,1384,1518,0.1388
133,1372,1505,0.1388
137,1384,1521,0.1388
131,1385,1516,0.1388
133,1378,1511,0.1388
135,1380,1515,0.1388
132,1379,1511,0.1388
134,1371,1505,0.1388
136,1369,1505,0.1388
136,1375,1511,0.1388
136,1376,1512,0.1388
139,1375,1514,0.1388
136,1374,1510,0.1388
131,1381,1512,0.1388
131,1375,1506,0.1388
130,1372,1502,0.1388
130,1362,1492,0.1388
129,1372,1501,0.1388
130,1369,1499,0.1388
133,1370,1503,0.1388
132,1373,1505,0.1388
133,1381,1514,0.1388
138,1380,1518,0.1388
138,1387,1525,0.1388
136,1381,1517,0.1388
135,1383,1518,0.1388
134,1389,1523,0.1388
131,1382,1513,0.1388
135,1390,1525,0.1388
136,1391,1527,0.1388
131,1396,1527,0.1388
130,1388,1518,0.1388
132,1384,1516,0.1388
129,1383,1512,0.1388
132,1385,1517,0.1388
132,1377,1509,0.1388
132,1383,1515,0.1388
134,1393,1527,0.1388
135,1380,1515,0.1388
130,1361,1491,0.1388
127,1362,1489,0.1388
129,1381,1510,0.1388
130,1383,1513,0.1388
130,1389,1519,0.1388
133,1392,1525,0.1388
132,1399,1531,0.1388
131,1394,1525,0.1388
127,1393,1520,0.1388
129,1386,1515,0.1388
127,1377,1504,0.1388
127,1369,1496,0.1388
127,1379,1506,0.1388
124,1370,1494,0.1388
125,1369,1494,0.1388
127,1370,1497,0.1388
129,1369,1498,0.1388
131,1373,1504,0.1388
126,1385,1511,0.1388
124,1391,1515,0.1388
119,1401,1520,0.1388
117,1400,1517,0.1388
115,1403,1518,0.1388
118,1417,1535,0.1388
115,1409,1524,0.1388
115,1414,1529,0.1388
115,1411,1526,0.1388
116,1400,1516,0.1388
113,1400,1513,0.1388
111,1392,1503,0.1388
110,1383,1493,0.1388
108,1393,1501,0.1388
109,1399,1508,0.1388
108,1402,1510,0.1388
109,1401,1510,0.1388
111,1388,1499,0.1388
113,1399,1512,0.1388
111,1410,1521,0.1388
105,1405,1510,0.1388
104,1413,1517,0.1388
101,1421,1522,0.1388
102,1416,1518,0.1388
100,1419,1519,0.1388
104,1412,1516,0.1388
103,1409,1512,0.1388
104,1413,1517,0.1388
104,1418,1522,0.1388
106,1419,1525,0.1388
109,1421,1530,0.1388
107,1415,1522,0.1388
105,1413,1518,0.1388
108,1425,1533,0.1388
103,1425,1528,0.1388
103,1413,1516,0.1388
100,1421,1521,0.1388
100,1420,1520,0.1388
98,1430,1528,0.1388
100,1423,1523,0.1388
97,1429,1526,0.1388
95,1415,1510,0.1388
92,1423,1515,0.1388
89,1421,1510,0.1388
89,1425,1514,0.1388
90,1430,1520,0.1388
88,1431,1519,0.1388
93,1426,1519,0.1388
95,1414,1509,0.1388
95,1409,1504,0.1388
94,1409,1503,0.1388
98,1409,1507,0.1388
99,1403,1502,0.1388
99,1409,1508,0.1388
101,1408,1509,0.1388
105,1409,1514,0.1388
100,1418,1518,0.1388
100,1407,1507,0.1388
100,1412,1512,0.1388
99,1412,1511,0.1388
99,1417,1516,0.1388
98,1425,1523,0.1388
95,1424,1519,0.1388
96,1416,1512,0.1388
96,1411,1507,0.1388
100,1395,1495,0.1388
98,1410,1508,0.1388
98,1420,1518,0.1388
97,1411,1508,0.1388
98,1416,1514,0.1388
98,1418,1516,0.1388
99,1412,1511,0.1388
101,1409,1510,0.1388
102,1411,1513,0.1388
106,1414,1520,0.1388
104,1419,1523,0.1388
102,1428,1530,0.1388
99,1424,1523,0.1388
95,1427,1522,0.1388
97,1411,1508,0.1388
99,1407,1506,0.1388
100,1408,1508,0.1388
99,1404,1503,0.1388
98,1397,1495,0.1388
95,1400,1495,0.1388
93,1403,1496,0.1388
94,1407,1501,0.1388
92,1423,1515,0.1388
88,1426,1514,0.1388
89,1429,1518,0.1388
91,1427,1518,0.1388
94,1433,1527,0.1388
92,1443,1535,0.1388
92,1439,1531,0.1388
93,1419,1512,0.1388
94,1431,1525,0.1388
94,1433,1527,0.1388
94,1431,1525,0.1388
92,1422,1514,0.1388
93,1421,1514,0.1388
94,1423,1517,0.1388
93,1419,1512,0.1388
93,1400,1493,0.1388
92,1411,1503,0.1388
89,1415,1504,0.1388
90,1425,1515,0.1388
88,1421,1509,0.1388
88,1432,1520,0.1388
88,1422,1510,0.1388
86,1438,1524,0.1388
86,1422,1508,0.1388
86,1428,1514,0.1388
87,1425,1512,0.1388
87,1434,1521,0.1388
84,1429,1513,0.1388
85,1427,1512,0.1388
81,1414,1495,0.1388
84,1426,1510,0.1388
86,1426,1512,0.1388
84,1437,1521,0.1388
83,1444,1527,0.1388
86,1446,1532,0.1388
85,1443,1528,0.1388
85,1445,1530,0.1388
78,1445,1523,0.1388
79,1441,1520,0.1388
75,1455,1530,0.1388
72,1447,1519,0.1388
72,1443,1515,0.1388
72,1438,1510,0.1388
74,1434,1508,0.1388
74,1441,1515,0.1388
76,1440,1516,0.1388
76,1426,1502,0.1388
78,1435,1513,0.1388
79,1426,1505,0.1388
80,1422,1502,0.1388
84,1427,1511,0.1388
84,1432,1516,0.1388
86,1427,1513,0.1388
84,1430,1514,0.1388
83,1426,1509,0.1388
81,1434,1515,0.1388
79,1426,1505,0.1388
78,1439,1517,0.1388
79,1427,1506,0.1388
77,1426,1503,0.1388
76,1422,1498,0.1388
75,1422,1497,0.1388
79,1436,1515,0.1388
80,1434,1514,0.1388
81,1435,1516,0.1388
77,1436,1513,0.1388
76,1428,1504,0.1388
73,1434,1507,0.1388
74,1428,1502,0.1388
75,1432,1507,0.1388
76,1430,1506,0.1388
75,1447,1522,0.1388
75,1431,1506,0.1388
75,1427,1502,0.1388
76,1438,1514,0.1388
76,1439,1515,0.1388
71,1442,1513,0.1388
76,1443,1519,0.1388
76,1428,1504,0.1388
73,1435,1508,0.1388
72,1450,1522,0.1388
73,1447,1520,0.1388
74,1446,1520,0.1388
72,1447,1519,0.1388
71,1441,1512,0.1388
69,1448,1517,0.1388
71,1441,1512,0.1388
72,1434,1506,0.1388
74,1431,1505,0.1388
75,1455,1530,0.1388
73,1453,1526,0.1388
72,1460,1532,0.1388
69,1463,1532,0.1388
70,1455,1525,0.1388
73,1453,1526,0.1388
73,1456,1529,0.1388
69,1460,1529,0.1388
73,1460,1533,0.1388
74,1437,1511,0.1388
75,1443,1518,0.1388
71,1434,1505,0.1388
73,1433,1506,0.1388
73,1442,1515,0.1388
75,1446,1521,0.1388
75,1435,1510,0.1388
75,1442,1517,0.1388
74,1438,1512,0.1388
77,1444,1521,0.1388
77,1442,1519,0.1388
78,1441,1519,0.1388
75,1437,1512,0.1388
74,1439,1513,0.1388
70,1442,1512,0.1388
69,1467,1536,0.1388
66,1464,1530,0.1388
63,1452,1515,0.1388
59,1450,1509,0.1388
58,1453,1511,0.1388
60,1455,1515,0.1388
58,1451,1509,0.1388
58,1448,1506,0.1388
59,1457,1516,0.1388
61,1444,1505,0.1388
62,1445,1507,0.1388
62,1449,1511,0.1388
62,1443,1505,0.1388
62,1448,1510,0.1388
61,1461,1522,0.1388
61,1466,1527,0.1388
64,1462,1526,0.1388
64,1458,1522,0.1388
61,1463,1524,0.1388
60,1464,1524,0.1388
57,1457,1514,0.1388
57,1474,1531,0.1388
53,1459,1512,0.1388
55,1470,1525,0.1388
56,1466,1522,0.1388
57,1470,1527,0.1388
59,1457,1516,0.1388
59,1460,1519,0.1388
59,1457,1516,0.1388
58,1453,1511,0.1388
58,1456,1514,0.1388
58,1458,1516,0.1388
57,1480,1537,0.1388
55,1469,1524,0.1388
55,1476,1531,0.1388
55,1469,1524,0.1388
60,1460,1520,0.1388
61,1447,1508,0.1388
60,1446,1506,0.1388
55,1457,1512,0.1388
55,1444,1499,0.1388
57,1444,1501,0.1388
59,1445,1504,0.1388
57,1447,1504,0.1388
55,1452,1507,0.1388
54,1457,1511,0.1388
54,1466,1520,0.1388
53,1459,1512,0.1388
53,1454,1507,0.1388
53,1451,1504,0.1388
51,1453,1504,0.1388
51,1456,1507,0.1388
54,1457,1511,0.1388
57,1461,1518,0.1388
58,1459,1517,0.1388
57,1459,1516,0.1388
53,1460,1513,0.1388
57,1462,1519,0.1388
54,1466,1520,0.1388
54,1461,1515,0.1388
51,1456,1507,0.1388
50,1447,1497,0.1388
51,1453,1504,0.1388
52,1459,1511,0.1388
52,1463,1515,0.1388
54,1468,1522,0.1388
55,1471,1526,0.1388
52,1464,1516,0.1388
50,1470,1520,0.1388
50,1473,1523,0.1388
51,1481,1532,0.1388
50,1495,1545,0.1388
49,1484,1533,0.1388
51,1487,1538,0.1388
53,1487,1540,0.1388
51,1484,1535,0.1388
50,1478,1528,0.1388
50,1473,1523,0.1388
50,1474,1524,0.1388
48,1476,1524,0.1388
50,1459,1509,0.1388
48,1477,1525,0.1388
47,1474,1521,0.1388
46,1464,1510,0.1388
45,1459,1504,0.1388
44,1460,1504,0.1388
46,1466,1512,0.1388
47,1467,1514,0.1388
49,1472,1521,0.1388
48,1454,1502,0.1388
45,1455,1500,0.1388
46,1456,1502,0.1388
46,1449,1495,0.1388
47,1444,1491,0.1388
49,1463,1512,0.1388
49,1459,1508,0.1388
47,1461,1508,0.1388
48,1451,1499,0.1388
51,1456,1507,0.1388
52,1444,1496,0.1388
50,1457,1507,0.1388
50,1449,1499,0.1388
50,1444,1494,0.1388
50,1445,1495,0.1388
53,1446,1499,0.1388
53,1464,1517,0.1388
53,1455,1508,0.1388
53,1454,1507,0.1388
55,1458,1513,0.1388
56,1446,1502,0.1388
59,1454,1513,0.1388
59,1453,1512,0.1388
57,1460,1517,0.1388
54,1461,1515,0.1388
53,1453,1506,0.1388
59,1444,1503,0.1388
60,1454,1514,0.1388
60,1453,1513,0.1388
60,1447,1507,0.1388
57,1443,1500,0.1388
59,1444,1503,0.1388
56,1441,1497,0.1388
57,1448,1505,0.1388
57,1450,1507,0.1388
55,1453,1508,0.1388
56,1458,1514,0.1388
56,1455,1511,0.1388
57,1460,1517,0.1388
55,1467,1522,0.1388
56,1461,1517,0.1388
55,1471,1526,0.1388
57,1459,1516,0.1388
58,1466,1524,0.1388
56,1461,1517,0.1388
55,1468,1523,0.1388
55,1470,1525,0.1388
55,1470,1525,0.1388
54,1473,1527,0.1388
55,1467,1522,0.1388
51,1460,1511,0.1388
49,1459,1508,0.1388
50,1461,1511,0.1388
53,1472,1525,0.1388
56,1466,1522,0.1388
53,1476,1529,0.1388
52,1461,1513,0.1388
51,1466,1517,0.1388
52,1466,1518,0.1388
54,1467,1521,0.1388
55,1472,1527,0.1388
55,1471,1526,0.1388
56,1461,1517,0.1388
55,1465,1520,0.1388
54,1461,1515,0.1388
53,1462,1515,0.1388
48,1463,1511,0.1388
50,1458,1508,0.1388
48,1474,1522,0.1388
46,1463,1509,0.1388
46,1471,1517,0.1388
46,1464,1510,0.1388
47,1474,1521,0.1388
45,1472,1517,0.1388
46,1462,1508,0.1388
45,1473,1518,0.1388
46,1460,1506,0.1388
49,1467,1516,0.1388
46,1471,1517,0.1388
43,1470,1513,0.1388
43,1474,1517,0.1388
42,1479,1521,0.1388
42,1470,1512,0.1388
42,1467,1509,0.1388
42,1485,1527,0.1388
42,1467,1509,0.1388
42,1468,1510,0.1388
43,1468,1511,0.1388
43,1471,1514,0.1388
44,1479,1523,0.1388
42,1473,1515,0.1388
43,1456,1499,0.1388
41,1459,1500,0.1388
42,1464,1506,0.1388
42,1478,1520,0.1388
41,1483,1524,0.1388
41,1479,1520,0.1388
38,1484,1522,0.1388
38,1486,1524,0.1388
38,1489,1527,0.1388
38,1490,1528,0.1388
38,1479,1517,0.1388
38,1477,1515,0.1388
36,1470,1506,0.1388
35,1456,1491,0.1388
36,1456,1492,0.1388
38,1453,1491,0.1388
39,1463,1502,0.1388
39,1458,1497,0.1388
39,1463,1502,0.1388
40,1467,1507,0.1388
40,1463,1503,0.1388
39,1487,1526,0.1388
41,1487,1528,0.1388
42,1485,1527,0.1388
39,1478,1517,0.1388
38,1479,1517,0.1388
38,1471,1509,0.1388
39,1481,1520,0.1388
38,1483,1521,0.1388
38,1474,1512,0.1388
37,1472,1509,0.1388
38,1480,1518,0.1388
39,1481,1520,0.1388
39,1476,1515,0.1388
39,1467,1506,0.1388
39,1486,1525,0.1388
37,1483,1520,0.1388
36,1478,1514,0.1388
35,1473,1508,0.1388
35,1483,1518,0.1388
34,1483,1517,0.1388
34,1485,1519,0.1388
35,1478,1513,0.1388
35,1478,1513,0.1388
35,1479,1514,0.1388
35,1480,1515,0.1388
36,1480,1516,0.1388
34,1482,1516,0.1388
35,1479,1514,0.1388
33,1480,1513,0.1388
32,1476,1508,0.1388
31,1481,1512,0.1388
30,1480,1510,0.1388
31,1476,1507,0.1388
31,1474,1505,0.1388
30,1472,1502,0.1388
29,1484,1513,0.1388
27,1480,1507,0.1388
27,1482,1509,0.1388
31,1485,1516,0.1388
31,1486,1517,0.1388
30,1500,1530,0.1388
28,1499,1527,0.1388
26,1494,1520,0.1388
26,1490,1516,0.1388
26,1494,1520,0.1388
26,1488,1514,0.1388
26,1481,1507,0.1388
26,1474,1500,0.1388
26,1489,1515,0.1388
27,1479,1506,0.1388
25,1484,1509,0.1388
25,1485,1510,0.1388
26,1495,1521,0.1388
27,1498,1525,0.1388
28,1505,1533,0.1388
27,1516,1543,0.1388
28,1492,1520,0.1388
28,1486,1514,0.1388
27,1499,1526,0.1388
27,1503,1530,0.1388
24,1502,1526,0.1388
24,1496,1520,0.1388
25,1500,1525,0.1388
25,1486,1511,0.1388
25,1489,1514,0.1388
25,1492,1517,0.1388
25,1492,1517,0.1388
25,1483,1508,0.1388
22,1486,1508,0.1388
23,1494,1517,0.1388
22,1508,1530,0.1388
22,1503,1525,0.1388
22,1498,1520,0.1388
22,1516,1538,0.1388
21,1510,1531,0.1388
21,1511,1532,0.1388
21,1512,1533,0.1388
22,1499,1521,0.1388
23,1509,1532,0.1388
23,1507,1530,0.1388
23,1492,1515,0.1388
22,1489,1511,0.1388
20,1482,1502,0.1388
21,1488,1509,0.1388
23,1485,1508,0.1388
23,1487,1510,0.1388
21,1486,1507,0.1388
21,1489,1510,0.1388
22,1494,1516,0.1388
21,1494,1515,0.1388
20,1495,1515,0.1388
19,1507,1526,0.1388
20,1509,1529,0.1388
21,1499,1520,0.1388
21,1509,1530,0.1388
21,1513,1534,0.1388
21,1502,1523,0.1388
21,1514,1535,0.1388
20,1520,1540,0.1388
20,1503,1523,0.1388
20,1496,1516,0.1388
19,1495,1514,0.1388
17,1499,1516,0.1388
19,1497,1516,0.1388
20,1500,1520,0.1388
19,1501,1520,0.1388
21,1490,1511,0.1388
20,1482,1502,0.1388
21,1492,1513,0.1388
22,1487,1509,0.1388
23,1489,1512,0.1388
23,1497,1520,0.1388
24,1478,1502,0.1388
24,1497,1521,0.1388
24,1501,1525,0.1388
24,1501,1525,0.1388
23,1492,1515,0.1388
23,1493,1516,0.1388
25,1501,1526,0.1388
25,1486,1511,0.1388
25,1492,1517,0.1388
26,1479,1505,0.1388
25,1480,1505,0.1388
25,1486,1511,0.1388
23,1481,1504,0.1388
23,1488,1511,0.1388
21,1487,1508,0.1388
21,1489,1510,0.1388
21,1486,1507,0.1388
20,1473,1493,0.1388
19,1489,1508,0.1388
20,1489,1509,0.1388
20,1478,1498,0.1388
20,1491,1511,0.1388
20,1498,1518,0.1388
19,1494,1513,0.1388
19,1506,1525,0.1388
19,1489,1508,0.1388
18,1496,1514,0.1388
19,1497,1516,0.1388
19,1501,1520,0.1388
19,1501,1520,0.1388
19,1500,1519,0.1388
19,1504,1523,0.1388
19,1482,1501,0.1388
20,1492,1512,0.1388
20,1498,1518,0.1388
20,1497,1517,0.1388
20,1489,1509,0.1388
21,1483,1504,0.1388
21,1486,1507,0.1388
21,1479,1500,0.1388
20,1494,1514,0.1388
20,1498,1518,0.1388
20,1496,1516,0.1388
22,1490,1512,0.1388
21,1510,1531,0.1388
21,1489,1510,0.1388
20,1502,1522,0.1388
19,1515,1534,0.1388
19,1499,1518,0.1388
19,1487,1506,0.1388
19,1500,1519,0.1388
19,1504,1523,0.1388
18,1510,1528,0.1388
17,1517,1534,0.1388
18,1507,1525,0.1388
16,1493,1509,0.1388
16,1503,1519,0.1388
16,1506,1522,0.1388
16,1507,1523,0.1388
17,1513,1530,0.1388
16,1508,1524,0.1388
16,1507,1523,0.1388
16,1513,1529,0.1388
16,1513,1529,0.1388
16,1510,1526,0.1388
16,1499,1515,0.1388
15,1511,1526,0.1388
16,1503,1519,0.1388
17,1491,1508,0.1388
17,1492,1509,0.1388
17,1471,1488,0.1388
17,1477,1494,0.1388
17,1478,1495,0.1388
17,1489,1506,0.1388
18,1498,1516,0.1388
18,1511,1529,0.1388
17,1528,1545,0.1388
18,1516,1534,0.1388
19,1517,1536,0.1388
18,1501,1519,0.1388
18,1497,1515,0.1388
17,1493,1510,0.1388
17,1492,1509,0.1388
17,1493,1510,0.1388
16,1504,1520,0.1388
16,1503,1519,0.1388
14,1513,1527,0.1388
15,1508,1523,0.1388
14,1497,1511,0.1388
13,1496,1509,0.1388
13,1488,1501,0.1388
13,1509,1522,0.1388
13,1504,1517,0.1388
13,1499,1512,0.1388
13,1494,1507,0.1388
13,1517,1530,0.1388
13,1519,1532,0.1388
15,1504,1519,0.1388
14,1485,1499,0.1388
14,1499,1513,0.1388
14,1498,1512,0.1388
14,1517,1531,0.1388
14,1519,1533,0.1388
14,1507,1521,0.1388
14,1514,1528,0.1388
14,1508,1522,0.1388
15,1500,1515,0.1388
15,1490,1505,0.1388
14,1502,1516,0.1388
13,1503,1516,0.1388
14,1507,1521,0.1388
13,1492,1505,0.1388
13,1482,1495,0.1388
13,1486,1499,0.1388
12,1484,1496,0.1388
12,1493,1505,0.1388
11,1496,1507,0.1388
11,1514,1525,0.1388
12,1524,1536,0.1388
12,1522,1534,0.1388
12,1512,1524,0.1388
12,1508,1520,0.1388
11,1516,1527,0.1388
11,1510,1521,0.1388
13,1511,1524,0.1388
12,1498,1510,0.1388
13,1494,1507,0.1388
13,1505,1518,0.1388
13,1504,1517,0.1388
13,1516,1529,0.1388
13,1507,1520,0.1388
13,1507,1520,0.1388
15,1512,1527,0.1388
15,1503,1518,0.1388
14,1493,1507,0.1388
15,1500,1515,0.1388
15,1499,1514,0.1388
15,1491,1506,0.1388
15,1504,1519,0.1388
16,1515,1531,0.1388
16,1510,1526,0.1388
16,1500,1516,0.1388
18,1495,1513,0.1388
19,1495,1514,0.1388
19,1497,1516,0.1388
19,1484,1503,0.1388
19,1494,1513,0.1388
19,1496,1515,0.1388
19,1494,1513,0.1388
18,1504,1522,0.1388
19,1492,1511,0.1388
20,1491,1511,0.1388
19,1489,1508,0.1388
20,1495,1515,0.1388
20,1504,1524,0.1388
21,1509,1530,0.1388
22,1499,1521,0.1388
21,1508,1529,0.1388
21,1510,1531,0.1388
21,1506,1527,0.1388
21,1497,1518,0.1388
20,1489,1509,0.1388
18,1503,1521,0.1388
18,1493,1511,0.1388
19,1499,1518,0.1388
19,1497,1516,0.1388
18,1493,1511,0.1388
18,1490,1508,0.1388
17,1506,1523,0.1388
18,1503,1521,0.1388
17,1493,1510,0.1388
16,1502,1518,0.1388
16,1500,1516,0.1388
16,1501,1517,0.1388
14,1504,1518,0.1388
14,1512,1526,0.1388
15,1522,1537,0.1388
15,1517,1532,0.1388
15,1502,1517,0.1388
16,1509,1525,0.1388
15,1502,1517,0.1388
15,1503,1518,0.1388
16,1495,1511,0.1388
16,1494,1510,0.1388
16,1497,1513,0.1388
16,1495,1511,0.1388
17,1497,1514,0.1388
17,1504,1521,0.1388
17,1488,1505,0.1388
16,1487,1503,0.1388
17,1495,1512,0.1388
15,1503,1518,0.1388
16,1494,1510,0.1388
16,1509,1525,0.1388
15,1502,1517,0.1388
14,1505,1519,0.1388
14,1507,1521,0.1388
14,1504,1518,0.1388
13,1519,1532,0.1388
12,1509,1521,0.1388
12,1510,1522,0.1388
12,1501,1513,0.1388
12,1505,1517,0.1388
12,1501,1513,0.1388
12,1497,1509,0.1388
13,1495,1508,0.1388
13,1510,1523,0.1388
13,1509,1522,0.1388
14,1509,1523,0.1388
14,1514,1528,0.1388
13,1502,1515,0.1388
13,1504,1517,0.1388
13,1509,1522,0.1388
13,1498,1511,0.1388
15,1505,1520,0.1388
15,1497,1512,0.1388
15,1498,1513,0.1388
14,1496,1510,0.1388
13,1496,1509,0.1388
14,1492,1506,0.1388
15,1492,1507,0.1388
16,1498,1514,0.1388
16,1494,1510,0.1388
18,1503,1521,0.1388
18,1505,1523,0.1388
18,1489,1507,0.1388
17,1478,1495,0.1388
19,1486,1505,0.1388
19,1494,1513,0.1388
16,1502,1518,0.1388
16,1495,1511,0.1388
14,1500,1514,0.1388
16,1490,1506,0.1388
17,1498,1515,0.1388
17,1510,1527,0.1388
16,1503,1519,0.1388
16,1515,1531,0.1388
15,1509,1524,0.1388
16,1514,1530,0.1388
17,1503,1520,0.1388
17,1501,1518,0.1388
17,1500,1517,0.1388
18,1501,1519,0.1388
18,1485,1503,0.1388
19,1499,1518,0.1388
19,1505,1524,0.1388
18,1509,1527,0.1388
19,1505,1524,0.1388
19,1503,1522,0.1388
19,1508,1527,0.1388
18,1503,1521,0.1388
19,1497,1516,0.1388
19,1495,1514,0.1388
19,1501,1520,0.1388
18,1491,1509,0.1388
17,1499,1516,0.1388
17,1493,1510,0.1388
18,1498,1516,0.1388
18,1489,1507,0.1388
18,1500,1518,0.1388
18,1502,1520,0.1388
17,1486,1503,0.1388
19,1495,1514,0.1388
19,1491,1510,0.1388
19,1502,1521,0.1388
19,1491,1510,0.1388
19,1495,1514,0.1388
22,1492,1514,0.1388
23,1483,1506,0.1388
22,1488,1510,0.1388
22,1488,1510,0.1388
21,1490,1511,0.1388
21,1494,1515,0.1388
21,1508,1529,0.1388
21,1508,1529,0.1388
20,1495,1515,0.1388
20,1488,1508,0.1388
20,1475,1495,0.1388
20,1478,1498,0.1388
20,1470,1490,0.1388
20,1493,1513,0.1388
22,1495,1517,0.1388
22,1481,1503,0.1388
23,1468,1491,0.1388
23,1468,1491,0.1388
22,1485,1507,0.1388
22,1484,1506,0.1388
21,1488,1509,0.1388
22,1493,1515,0.1388
22,1488,1510,0.1388
23,1491,1514,0.1388
22,1496,1518,0.1388
23,1492,1515,0.1388
24,1502,1526,0.1388
23,1497,1520,0.1388
23,1499,1522,0.1388
23,1495,1518,0.1388
22,1496,1518,0.1388
20,1495,1515,0.1388
20,1485,1505,0.1388
19,1486,1505,0.1388
19,1480,1499,0.1388
18,1483,1501,0.1388
18,1501,1519,0.1388
18,1494,1512,0.1388
20,1508,1528,0.1388
19,1510,1529,0.1388
19,1512,1531,0.1388
19,1497,1516,0.1388
16,1502,1518,0.1388
17,1501,1518,0.1388
18,1500,1518,0.1388
18,1485,1503,0.1388
18,1491,1509,0.1388
17,1489,1506,0.1388
18,1499,1517,0.1388
18,1500,1518,0.1388
18,1492,1510,0.1388
18,1509,1527,0.1388
19,1501,1520,0.1388
19,1503,1522,0.1388
21,1485,1506,0.1388
21,1489,1510,0.1388
21,1491,1512,0.1388
21,1494,1515,0.1388
21,1500,1521,0.1388
22,1500,1522,0.1388
22,1500,1522,0.1388
23,1486,1509,0.1388
22,1484,1506,0.1388
22,1491,1513,0.1388
22,1498,1520,0.1388
22,1493,1515,0.1388
22,1501,1523,0.1388
21,1508,1529,0.1388
23,1490,1513,0.1388
24,1490,1514,0.1388
25,1489,1514,0.1388
26,1479,1505,0.1388
26,1474,1500,0.1388
26,1478,1504,0.1388
27,1493,1520,0.1388
26,1490,1516,0.1388
26,1493,1519,0.1388
23,1494,1517,0.1388
22,1499,1521,0.1388
23,1492,1515,0.1388
23,1493,1516,0.1388
23,1503,1526,0.1388
23,1503,1526,0.1388
22,1492,1514,0.1388
22,1492,1514,0.1388
21,1486,1507,0.1388
19,1488,1507,0.1388
19,1489,1508,0.1388
19,1485,1504,0.1388
19,1481,1500,0.1388
21,1483,1504,0.1388
21,1492,1513,0.1388
22,1481,1503,0.1388
24,1484,1508,0.1388
25,1481,1506,0.1388
24,1493,1517,0.1388
24,1490,1514,0.1388
23,1497,1520,0.1388
24,1497,1521,0.1388
25,1484,1509,0.1388
24,1492,1516,0.1388
22,1506,1528,0.1388
20,1504,1524,0.1388
20,1494,1514,0.1388
19,1500,1519,0.1388
20,1508,1528,0.1388
21,1507,1528,0.1388
22,1504,1526,0.1388
22,1499,1521,0.1388
22,1501,1523,0.1388
22,1494,1516,0.1388
22,1491,1513,0.1388
24,1503,1527,0.1388
23,1493,1516,0.1388
23,1499,1522,0.1388
23,1487,1510,0.1388
25,1477,1502,0.1388
26,1477,1503,0.1388
24,1478,1502,0.1388
24,1481,1505,0.1388
26,1476,1502,0.1388
26,1475,1501,0.1388
25,1487,1512,0.1388
25,1480,1505,0.1388
25,1481,1506,0.1388
27,1485,1512,0.1388
27,1497,1524,0.1388
28,1488,1516,0.1388
26,1499,1525,0.1388
28,1500,1528,0.1388
29,1481,1510,0.1388
29,1494,1523,0.1388
28,1490,1518,0.1388
28,1488,1516,0.1388
28,1482,1510,0.1388
28,1486,1514,0.1388
29,1484,1513,0.1388
30,1485,1515,0.1388
28,1484,1512,0.1388
29,1496,1525,0.1388
30,1490,1520,0.1388
29,1493,1522,0.1388
27,1498,1525,0.1388
27,1501,1528,0.1388
25,1493,1518,0.1388
25,1485,1510,0.1388
26,1478,1504,0.1388
25,1487,1512,0.1388
24,1488,1512,0.1388
26,1493,1519,0.1388
25,1490,1515,0.1388
25,1499,1524,0.1388
26,1491,1517,0.1388
27,1492,1519,0.1388
28,1483,1511,0.1388
29,1495,1524,0.1388
28,1498,1526,0.1388
29,1492,1521,0.1388
29,1485,1514,0.1388
29,1488,1517,0.1388
31,1489,1520,0.1388
31,1495,1526,0.1388
30,1490,1520,0.1388
30,1495,1525,0.1388
32,1497,1529,0.1388
32,1506,1538,0.1388
31,1490,1521,0.1388
32,1481,1513,0.1388
29,1487,1516,0.1388
30,1492,1522,0.1388
32,1489,1521,0.1388
30,1486,1516,0.1388
33,1482,1515,0.1388
33,1471,1504,0.1388
33,1478,1511,0.1388
32,1477,1509,0.1388
33,1487,1520,0.1388
37,1483,1520,0.1388
35,1483,1518,0.1388
34,1478,1512,0.1388
33,1478,1511,0.1388
34,1478,1512,0.1388
35,1473,1508,0.1388
35,1481,1516,0.1388
34,1485,1519,0.1388
32,1491,1523,0.1388
29,1500,1529,0.1388
29,1486,1515,0.1388
29,1494,1523,0.1388
30,1491,1521,0.1388
27,1497,1524,0.1388
27,1490,1517,0.1388
25,1507,1532,0.1388
24,1500,1524,0.1388
24,1498,1522,0.1388
25,1492,1517,0.1388
26,1503,1529,0.1388
27,1502,1529,0.1388
25,1498,1523,0.1388
26,1501,1527,0.1388
27,1490,1517,0.1388
27,1471,1498,0.1388
27,1460,1487,0.1388
27,1476,1503,0.1388
28,1480,1508,0.1388
29,1487,1516,0.1388
29,1483,1512,0.1388
29,1483,1512,0.1388
27,1476,1503,0.1388
28,1495,1523,0.1388
29,1484,1513,0.1388
29,1490,1519,0.1388
28,1479,1507,0.1388
28,1481,1509,0.1388
28,1484,1512,0.1388
28,1490,1518,0.1388
27,1493,1520,0.1388
26,1480,1506,0.1388
24,1476,1500,0.1388
26,1490,1516,0.1388
26,1504,1530,0.1388
27,1495,1522,0.1388
26,1513,1539,0.1388
26,1495,1521,0.1388
26,1480,1506,0.1388
25,1481,1506,0.1388
28,1493,1521,0.1388
27,1496,1523,0.1388
27,1500,1527,0.1388
27,1506,1533,0.1388
27,1485,1512,0.1388
27,1488,1515,0.1388
26,1480,1506,0.1388
27,1482,1509,0.1388
26,1483,1509,0.1388
24,1481,1505,0.1388
23,1488,1511,0.1388
21,1486,1507,0.1388
19,1497,1516,0.1388
17,1488,1505,0.1388
19,1483,1502,0.1388
18,1500,1518,0.1388
18,1495,1513,0.1388
17,1487,1504,0.1388
19,1512,1531,0.1388
17,1508,1525,0.1388
17,1505,1522,0.1388
14,1513,1527,0.1388
15,1498,1513,0.1388
17,1490,1507,0.1388
18,1486,1504,0.1388
19,1485,1504,0.1388
19,1463,1482,0.1388
21,1476,1497,0.1388
23,1481,1504,0.1388
23,1489,1512,0.1388
23,1484,1507,0.1388
23,1488,1511,0.1388
23,1492,1515,0.1388
23,1491,1514,0.1388
23,1492,1515,0.1388
23,1499,1522,0.1388
24,1498,1522,0.1388
25,1486,1511,0.1388
25,1487,1512,0.1388
26,1496,1522,0.1388
25,1494,1519,0.1388
24,1502,1526,0.1388
23,1501,1524,0.1388
24,1505,1529,0.1388
23,1493,1516,0.1388
24,1490,1514,0.1388
24,1485,1509,0.1388
24,1488,1512,0.1388
23,1484,1507,0.1388
26,1482,1508,0.1388
29,1484,1513,0.1388
29,1492,1521,0.1388
27,1492,1519,0.1388
27,1498,1525,0.1388
27,1491,1518,0.1388
27,1493,1520,0.1388
28,1490,1518,0.1388
28,1508,1536,0.1388
27,1499,1526,0.1388
26,1491,1517,0.1388
25,1497,1522,0.1388
25,1498,1523,0.1388
23,1487,1510,0.1388
24,1486,1510,0.1388
24,1501,1525,0.1388
24,1496,1520,0.1388
24,1494,1518,0.1388
24,1501,1525,0.1388
24,1505,1529,0.1388
21,1502,1523,0.1388
20,1499,1519,0.1388
21,1483,1504,0.1388
22,1483,1505,0.1388
23,1478,1501,0.1388
22,1473,1495,0.1388
22,1474,1496,0.1388
23,1489,1512,0.1388
24,1483,1507,0.1388
24,1498,1522,0.1388
26,1484,1510,0.1388
25,1486,1511,0.1388
24,1489,1513,0.1388
24,1486,1510,0.1388
25,1485,1510,0.1388
24,1496,1520,0.1388
24,1489,1513,0.1388
25,1486,1511,0.1388
25,1493,1518,0.1388
24,1493,1517,0.1388
24,1489,1513,0.1388
24,1497,1521,0.1388
24,1506,1530,0.1388
25,1506,1531,0.1388
23,1507,1530,0.1388
23,1487,1510,0.1388
22,1482,1504,0.1388
22,1472,1494,0.1388
21,1468,1489,0.1388
20,1477,1497,0.1388
21,1470,1491,0.1388
26,1493,1519,0.1388
25,1501,1526,0.1388
25,1488,1513,0.1388
25,1491,1516,0.1388
26,1497,1523,0.1388
24,1492,1516,0.1388
24,1487,1511,0.1388
24,1501,1525,0.1388
22,1500,1522,0.1388
22,1487,1509,0.1388
22,1485,1507,0.1388
22,1510,1532,0.1388
21,1498,1519,0.1388
21,1499,1520,0.1388
21,1497,1518,0.1388
21,1492,1513,0.1388
21,1500,1521,0.1388
21,1506,1527,0.1388
20,1502,1522,0.1388
20,1496,1516,0.1388
20,1503,1523,0.1388
21,1513,1534,0.1388
20,1511,1531,0.1388
20,1511,1531,0.1388
17,1515,1532,0.1388
16,1514,1530,0.1388
16,1511,1527,0.1388
16,1521,1537,0.1388
17,1510,1527,0.1388
17,1496,1513,0.1388
17,1499,1516,0.1388
17,1496,1513,0.1388
16,1495,1511,0.1388
15,1495,1510,0.1388
14,1511,1525,0.1388
14,1513,1527,0.1388
14,1502,1516,0.1388
15,1501,1516,0.1388
15,1507,1522,0.1388
15,1514,1529,0.1388
16,1499,1515,0.1388
16,1510,1526,0.1388
16,1501,1517,0.1388
16,1507,1523,0.1388
17,1510,1527,0.1388
18,1490,1508,0.1388
18,1489,1507,0.1388
18,1492,1510,0.1388
19,1505,1524,0.1388
19,1497,1516,0.1388
18,1500,1518,0.1388
18,1505,1523,0.1388
18,1503,1521,0.1388
17,1498,1515,0.1388
18,1509,1527,0.1388
17,1496,1513,0.1388
17,1496,1513,0.1388
16,1492,1508,0.1388
16,1503,1519,0.1388
16,1495,1511,0.1388
16,1491,1507,0.1388
16,1502,1518,0.1388
16,1511,1527,0.1388
15,1509,1524,0.1388
14,1511,1525,0.1388
14,1507,1521,0.1388
15,1499,1514,0.1388
15,1492,1507,0.1388
15,1487,1502,0.1388
15,1481,1496,0.1388
15,1471,1486,0.1388
13,1493,1506,0.1388
17,1498,1515,0.1388
17,1504,1521,0.1388
16,1490,1506,0.1388
17,1495,1512,0.1388
16,1507,1523,0.1388
16,1507,1523,0.1388
16,1488,1504,0.1388
16,1501,1517,0.1388
15,1497,1512,0.1388
15,1494,1509,0.1388
15,1491,1506,0.1388
17,1488,1505,0.1388
17,1491,1508,0.1388
17,1492,1509,0.1388
17,1490,1507,0.1388
16,1487,1503,0.1388
16,1509,1525,0.1388
16,1513,1529,0.1388
16,1518,1534,0.1388
16,1514,1530,0.1388
16,1514,1530,0.1388
15,1515,1530,0.1388
16,1504,1520,0.1388
17,1504,1521,0.1388
16,1491,1507,0.1388
16,1479,1495,0.1388
16,1496,1512,0.1388
16,1501,1517,0.1388
16,1497,1513,0.1388
16,1510,1526,0.1388
16,1515,1531,0.1388
15,1504,1519,0.1388
14,1500,1514,0.1388
14,1488,1502,0.1388
14,1510,1524,0.1388
14,1501,1515,0.1388
14,1521,1535,0.1388
13,1514,1527,0.1388
12,1512,1524,0.1388
12,1508,1520,0.1388
12,1502,1514,0.1388
11,1507,1518,0.1388
12,1516,1528,0.1388
13,1504,1517,0.1388
12,1495,1507,0.1388
12,1499,1511,0.1388
12,1504,1516,0.1388
12,1488,1500,0.1388
11,1509,1520,0.1388
11,1499,1510,0.1388
11,1510,1521,0.1388
11,1510,1521,0.1388
11,1509,1520,0.1388
11,1499,1510,0.1388
10,1500,1510,0.1388
10,1512,1522,0.1388
10,1506,1516,0.1388
8,1517,1525,0.1388
8,1518,1526,0.1388
8,1511,1519,0.1388
7,1531,1538,0.1388
7,1532,1539,0.1388
7,1513,1520,0.1388
7,1508,1515,0.1388
7,1518,1525,0.1388
6,1519,1525,0.1388
5,1508,1513,0.1388
5,1514,1519,0.1388
5,1518,1523,0.1388
5,1490,1495,0.1388
5,1505,1510,0.1388
5,1498,1503,0.1388
5,1494,1499,0.1388
4,1496,1500,0.1388
3,1518,1521,0.1388
3,1535,1538,0.1388
3,1517,1520,0.1388
3,1516,1519,0.1388
3,1516,1519,0.1388
3,1519,1522,0.1388
3,1510,1513,0.1388
3,1510,1513,0.1388
3,1512,1515,0.1388
3,1510,1513,0.1388
2,1521,1523,0.1388
2,1520,1522,0.1388
2,1521,1523,0.1388
2,1506,1508,0.1388
2,1516,1518,0.1388
2,1515,1517,0.1388
2,1512,1514,0.1388
2,1513,1515,0.1388
3,1505,1508,0.1388
3,1507,1510,0.1388
3,1513,1516,0.1388
3,1522,1525,0.1388
3,1514,1517,0.1388
3,1506,1509,0.1388
3,1499,1502,0.1388
3,1506,1509,0.1388
3,1503,1506,0.1388
3,1510,1513,0.1388
3,1505,1508,0.1388
3,1508,1511,0.1388
3,1506,1509,0.1388
3,1502,1505,0.1388
2,1507,1509,0.1388
2,1512,1514,0.1388
2,1515,1517,0.1388
2,1524,1526,0.1388
2,1509,1511,0.1388
2,1508,1510,0.1388
3,1513,1516,0.1388
2,1521,1523,0.1388
3,1529,1532,0.1388
3,1522,1525,0.1388
3,1517,1520,0.1388
3,1519,1522,0.1388
3,1511,1514,0.1388
3,1506,1509,0.1388
3,1503,1506,0.1388
3,1503,1506,0.1388
3,1506,1509,0.1388
3,1504,1507,0.1388
3,1496,1499,0.1388
3,1508,1511,0.1388
3,1512,1515,0.1388
3,1510,1513,0.1388
3,1522,1525,0.1388
3,1503,1506,0.1388
4,1500,1504,0.1388
4,1508,1512,0.1388
4,1504,1508,0.1388
4,1519,1523,0.1388
4,1519,1523,0.1388
4,1516,1520,0.1388
4,1510,1514,0.1388
4,1503,1507,0.1388
4,1516,1520,0.1388
4,1521,1525,0.1388
4,1519,1523,0.1388
4,1519,1523,0.1388
4,1508,1512,0.1388
3,1523,1526,0.1388
3,1521,1524,0.1388
3,1509,1512,0.1388
2,1516,1518,0.1388
2,1516,1518,0.1388
2,1504,1506,0.1388
2,1498,1500,0.1388
2,1497,1499,0.1388
2,1525,1527,0.1388
2,1529,1531,0.1388
2,1527,1529,0.1388
2,1512,1514,0.1388
2,1512,1514,0.1388
2,1513,1515,0.1388
2,1516,1518,0.1388
3,1520,1523,0.1388
3,1512,1515,0.1388
3,1508,1511,0.1388
2,1498,1500,0.1388
2,1496,1498,0.1388
2,1508,1510,0.1388
2,1510,1512,0.1388
2,1528,1530,0.1388
1,1506,1507,0.1388
1,1521,1522,0.1388
1,1513,1514,0.1388
1,1519,1520,0.1388
1,1519,1520,0.1388
1,1506,1507,0.1388
1,1515,1516,0.1388
1,1515,1516,0.1388
1,1512,1513,0.1388
1,1517,1518,0.1388
1,1520,1521,0.1388
1,1519,1520,0.1388
1,1515,1516,0.1388
2,1504,1506,0.1388
2,1504,1506,0.1388
1,1513,1514,0.1388
1,1508,1509,0.1388
1,1511,1512,0.1388
1,1520,1521,0.1388
1,1514,1515,0.1388
1,1507,1508,0.1388
2,1515,1517,0.1388
2,1518,1520,0.1388
2,1518,1520,0.1388
2,1513,1515,0.1388
2,1520,1522,0.1388
2,1508,1510,0.1388
2,1512,1514,0.1388
2,1505,1507,0.1388
2,1522,1524,0.1388
2,1525,1527,0.1388
2,1520,1522,0.1388
2,1520,1522,0.1388
2,1517,1519,0.1388
2,1520,1522,0.1388
2,1497,1499,0.1388
2,1505,1507,0.1388
2,1516,1518,0.1388
2,1511,1513,0.1388
2,1523,1525,0.1388
2,1519,1521,0.1388
2,1514,1516,0.1388
2,1517,1519,0.1388
2,1528,1530,0.1388
2,1529,1531,0.1388
2,1519,1521,0.1388
2,1518,1520,0.1388
2,1516,1518,0.1388
2,1521,1523,0.1388
2,1519,1521,0.1388
2,1524,1526,0.1388
1,1520,1521,0.1388
1,1523,1524,0.1388
0,1525,1525,0.1388
