1362,25,1387,0.1388
1397,26,1423,0.1388
1420,26,1446,0.1388
1429,28,1457,0.1388
1432,30,1462,0.1388
1453,30,1483,0.1388
1449,34,1483,0.1388
1455,36,1491,0.1388
1440,38,1478,0.1388
1455,42,1497,0.1388
1449,40,1489,0.1388
1456,38,1494,0.1388
1452,40,1492,0.1388
1449,39,1488,0.1388
1458,39,1497,0.1388
1451,39,1490,0.1388
1454,37,1491,0.1388
1456,40,1496,0.1388
1456,39,1495,0.1388
1445,38,1483,0.1388
1461,39,1500,0.1388
1471,40,1511,0.1388
1456,41,1497,0.1388
1460,40,1500,0.1388
1465,39,1504,0.1388
1458,36,1494,0.1388
1459,37,1496,0.1388
1452,37,1489,0.1388
1460,33,1493,0.1388
1456,33,1489,0.1388
1453,32,1485,0.1388
1443,35,1478,0.1388
1446,35,1481,0.1388
1453,36,1489,0.1388
1460,38,1498,0.1388
1453,38,1491,0.1388
1456,39,1495,0.1388
1445,40,1485,0.1388
1424,40,1464,0.1388
1434,41,1475,0.1388
1424,44,1468,0.1388
1428,46,1474,0.1388
1437,45,1482,0.1388
1430,47,1477,0.1388
1426,50,1476,0.1388
1429,52,1481,0.1388
1431,52,1483,0.1388
1421,50,1471,0.1388
1425,50,1475,0.1388
1428,51,1479,0.1388
1439,51,1490,0.1388
1450,53,1503,0.1388
1459,50,1509,0.1388
1446,48,1494,0.1388
1461,49,1510,0.1388
1447,50,1497,0.1388
1439,50,1489,0.1388
1452,49,1501,0.1388
1444,48,1492,0.1388
1437,50,1487,0.1388
1440,55,1495,0.1388
1443,54,1497,0.1388
1449,54,1503,0.1388
1443,56,1499,0.1388
1440,57,1497,0.1388
1450,56,1506,0.1388
1459,54,1513,0.1388
1440,58,1498,0.1388
1432,59,1491,0.1388
1436,61,1497,0.1388
1431,60,1491,0.1388
1436,59,1495,0.1388
1429,59,1488,0.1388
1430,59,1489,0.1388
1436,59,1495,0.1388
1449,60,1509,0.1388
1431,61,1492,0.1388
1427,66,1493,0.1388
1428,65,1493,0.1388
1428,65,1493,0.1388
1427,68,1495,0.1388
1414,70,1484,0.1388
1410,72,1482,0.1388
1415,72,1487,0.1388
1420,69,1489,0.1388
1404,70,1474,0.1388
1414,73,1487,0.1388
1406,74,1480,0.1388
1408,76,1484,0.1388
1425,77,1502,0.1388
1421,76,1497,0.1388
1422,77,1499,0.1388
1416,78,1494,0.1388
1413,74,1487,0.1388
1409,74,1483,0.1388
1408,78,1486,0.1388
1405,79,1484,0.1388
1402,80,1482,0.1388
1407,79,1486,0.1388
1408,83,1491,0.1388
1401,85,1486,0.1388
1417,83,1500,0.1388
1416,86,1502,0.1388
1411,84,1495,0.1388
1405,81,1486,0.1388
1405,82,1487,0.1388
1402,87,1489,0.1388
1397,89,1486,0.1388
1399,89,1488,0.1388
1394,93,1487,0.1388
1400,93,1493,0.1388
1391,92,1483,0.1388
1410,97,1507,0.1388
1420,97,1517,0.1388
1413,97,1510,0.1388
1419,98,1517,0.1388
1416,95,1511,0.1388
1401,95,1496,0.1388
1403,93,1496,0.1388
1390,94,1484,0.1388
1399,95,1494,0.1388
1383,96,1479,0.1388
1399,93,1492,0.1388
1396,92,1488,0.1388
1389,93,1482,0.1388
1409,94,1503,0.1388
1397,96,1493,0.1388
1396,97,1493,0.1388
1400,101,1501,0.1388
1388,102,1490,0.1388
1391,103,1494,0.1388
1385,102,1487,0.1388
1386,109,1495,0.1388
1389,111,1500,0.1388
1387,112,1499,0.1388
1391,112,1503,0.1388
1386,114,1500,0.1388
1394,115,1509,0.1388
1386,115,1501,0.1388
1378,113,1491,0.1388
1382,117,1499,0.1388
1373,118,1491,0.1388
1387,114,1501,0.1388
1379,118,1497,0.1388
1377,120,1497,0.1388
1376,123,1499,0.1388
1379,124,1503,0.1388
1367,121,1488,0.1388
1360,122,1482,0.1388
1354,122,1476,0.1388
1350,117,1467,0.1388
1347,112,1459,0.1388
1353,114,1467,0.1388
1360,121,1481,0.1388
1367,123,1490,0.1388
1368,126,1494,0.1388
1350,128,1478,0.1388
1364,130,1494,0.1388
1364,128,1492,0.1388
1367,129,1496,0.1388
1374,127,1501,0.1388
1381,123,1504,0.1388
1365,122,1487,0.1388
1368,125,1493,0.1388
1371,121,1492,0.1388
1378,122,1500,0.1388
1376,122,1498,0.1388
1383,124,1507,0.1388
1371,125,1496,0.1388
1365,124,1489,0.1388
1367,124,1491,0.1388
1375,124,1499,0.1388
1367,132,1499,0.1388
1360,134,1494,0.1388
1364,132,1496,0.1388
1350,136,1486,0.1388
1362,134,1496,0.1388
1365,136,1501,0.1388
1359,131,1490,0.1388
1364,135,1499,0.1388
1362,133,1495,0.1388
1361,134,1495,0.1388
1373,139,1512,0.1388
1382,142,1524,0.1388
1362,138,1500,0.1388
1370,140,1510,0.1388
1368,140,1508,0.1388
1355,138,1493,0.1388
1347,142,1489,0.1388
1340,140,1480,0.1388
1347,142,1489,0.1388
1347,141,1488,0.1388
1344,143,1487,0.1388
1344,147,1491,0.1388
1349,146,1495,0.1388
1350,146,1496,0.1388
1347,149,1496,0.1388
1346,148,1494,0.1388
1333,148,1481,0.1388
1332,152,1484,0.1388
1332,151,1483,0.1388
1326,157,1483,0.1388
1331,152,1483,0.1388
1330,149,1479,0.1388
1326,159,1485,0.1388
1334,166,1500,0.1388
1325,162,1487,0.1388
1323,163,1486,0.1388
1327,163,1490,0.1388
1335,165,1500,0.1388
1330,166,1496,0.1388
1323,164,1487,0.1388
1326,166,1492,0.1388
1316,169,1485,0.1388
1300,176,1476,0.1388
1311,175,1486,0.1388
1316,174,1490,0.1388
1327,175,1502,0.1388
1316,179,1495,0.1388
1313,178,1491,0.1388
1313,178,1491,0.1388
1311,178,1489,0.1388
1305,179,1484,0.1388
1299,183,1482,0.1388
1310,184,1494,0.1388
1312,184,1496,0.1388
1320,189,1509,0.1388
1315,191,1506,0.1388
1307,190,1497,0.1388
1303,195,1498,0.1388
1310,193,1503,0.1388
1308,194,1502,0.1388
1306,192,1498,0.1388
1308,189,1497,0.1388
1302,191,1493,0.1388
1310,192,1502,0.1388
1311,193,1504,0.1388
1302,197,1499,0.1388
1289,202,1491,0.1388
1297,206,1503,0.1388
1293,207,1500,0.1388
1292,205,1497,0.1388
1298,209,1507,0.1388
1288,212,1500,0.1388
1292,207,1499,0.1388
1291,209,1500,0.1388
1291,207,1498,0.1388
1288,211,1499,0.1388
1290,207,1497,0.1388
1291,206,1497,0.1388
1287,213,1500,0.1388
1296,209,1505,0.1388
1290,203,1493,0.1388
1292,204,1496,0.1388
1298,206,1504,0.1388
1299,209,1508,0.1388
1291,218,1509,0.1388
1279,216,1495,0.1388
1287,210,1497,0.1388
1286,207,1493,0.1388
1275,212,1487,0.1388
1279,219,1498,0.1388
1289,215,1504,0.1388
1293,213,1506,0.1388
1293,214,1507,0.1388
1279,214,1493,0.1388
1267,212,1479,0.1388
1272,214,1486,0.1388
1279,212,1491,0.1388
1282,215,1497,0.1388
1270,215,1485,0.1388
1282,218,1500,0.1388
1283,221,1504,0.1388
1281,221,1502,0.1388
1275,222,1497,0.1388
1272,221,1493,0.1388
1275,220,1495,0.1388
1271,220,1491,0.1388
1275,221,1496,0.1388
1286,225,1511,0.1388
1282,226,1508,0.1388
1283,225,1508,0.1388
1292,223,1515,0.1388
1276,222,1498,0.1388
1264,227,1491,0.1388
1261,228,1489,0.1388
1257,227,1484,0.1388
1277,229,1506,0.1388
1282,225,1507,0.1388
1277,223,1500,0.1388
1283,226,1509,0.1388
1279,224,1503,0.1388
1269,222,1491,0.1388
1271,225,1496,0.1388
1273,229,1502,0.1388
1281,226,1507,0.1388
1272,230,1502,0.1388
1278,235,1513,0.1388
1269,234,1503,0.1388
1269,238,1507,0.1388
1267,241,1508,0.1388
1259,244,1503,0.1388
1249,239,1488,0.1388
1255,237,1492,0.1388
1248,237,1485,0.1388
1252,240,1492,0.1388
1251,238,1489,0.1388
1259,248,1507,0.1388
1242,246,1488,0.1388
1250,255,1505,0.1388
1255,249,1504,0.1388
1260,246,1506,0.1388
1260,244,1504,0.1388
1271,249,1520,0.1388
1268,248,1516,0.1388
1270,245,1515,0.1388
1262,244,1506,0.1388
1256,245,1501,0.1388
1252,252,1504,0.1388
1253,251,1504,0.1388
1260,251,1511,0.1388
1242,245,1487,0.1388
1241,254,1495,0.1388
1241,245,1486,0.1388
1236,241,1477,0.1388
1245,245,1490,0.1388
1247,247,1494,0.1388
1264,249,1513,0.1388
1247,246,1493,0.1388
1245,249,1494,0.1388
1252,248,1500,0.1388
1246,251,1497,0.1388
1246,255,1501,0.1388
1244,253,1497,0.1388
1237,256,1493,0.1388
1230,255,1485,0.1388
1239,259,1498,0.1388
1239,257,1496,0.1388
1240,255,1495,0.1388
1224,259,1483,0.1388
1220,261,1481,0.1388
1217,268,1485,0.1388
1227,259,1486,0.1388
1230,262,1492,0.1388
1231,266,1497,0.1388
1239,273,1512,0.1388
1250,272,1522,0.1388
1246,272,1518,0.1388
1243,269,1512,0.1388
1236,272,1508,0.1388
1230,273,1503,0.1388
1226,276,1502,0.1388
1235,267,1502,0.1388
1238,270,1508,0.1388
1248,277,1525,0.1388
1238,270,1508,0.1388
1239,274,1513,0.1388
1235,278,1513,0.1388
1225,282,1507,0.1388
1217,284,1501,0.1388
1213,284,1497,0.1388
1216,283,1499,0.1388
1228,287,1515,0.1388
1227,290,1517,0.1388
1217,288,1505,0.1388
1223,283,1506,0.1388
1217,285,1502,0.1388
1204,289,1493,0.1388
1206,291,1497,0.1388
1212,288,1500,0.1388
1227,287,1514,0.1388
1218,282,1500,0.1388
1217,274,1491,0.1388
1212,272,1484,0.1388
1210,273,1483,0.1388
1219,275,1494,0.1388
1216,279,1495,0.1388
1217,279,1496,0.1388
1219,285,1504,0.1388
1211,284,1495,0.1388
1215,286,1501,0.1388
1202,290,1492,0.1388
1196,290,1486,0.1388
1205,293,1498,0.1388
1193,293,1486,0.1388
1194,298,1492,0.1388
1196,301,1497,0.1388
1200,297,1497,0.1388
1213,303,1516,0.1388
1205,303,1508,0.1388
1210,303,1513,0.1388
1205,305,1510,0.1388
1190,304,1494,0.1388
1179,302,1481,0.1388
1190,306,1496,0.1388
1184,313,1497,0.1388
1180,311,1491,0.1388
1175,315,1490,0.1388
1181,313,1494,0.1388
1180,308,1488,0.1388
1181,311,1492,0.1388
1174,314,1488,0.1388
1170,314,1484,0.1388
1166,322,1488,0.1388
1164,317,1481,0.1388
1157,322,1479,0.1388
1161,327,1488,0.1388
1158,340,1498,0.1388
1147,338,1485,0.1388
1151,338,1489,0.1388
1153,336,1489,0.1388
1157,337,1494,0.1388
1153,344,1497,0.1388
1166,349,1515,0.1388
1159,347,1506,0.1388
1159,354,1513,0.1388
1153,357,1510,0.1388
1153,359,1512,0.1388
1145,353,1498,0.1388
1154,359,1513,0.1388
1148,361,1509,0.1388
1147,358,1505,0.1388
1139,364,1503,0.1388
1155,367,1522,0.1388
1154,367,1521,0.1388
1142,366,1508,0.1388
1145,361,1506,0.1388
1128,366,1494,0.1388
1141,361,1502,0.1388
1132,361,1493,0.1388
1139,365,1504,0.1388
1135,366,1501,0.1388
1150,367,1517,0.1388
1154,370,1524,0.1388
1141,370,1511,0.1388
1129,368,1497,0.1388
1120,366,1486,0.1388
1117,362,1479,0.1388
1115,367,1482,0.1388
1121,370,1491,0.1388
1119,366,1485,0.1388
1126,375,1501,0.1388
1125,378,1503,0.1388
1117,371,1488,0.1388
1122,378,1500,0.1388
1119,376,1495,0.1388
1132,371,1503,0.1388
1129,380,1509,0.1388
1119,384,1503,0.1388
1121,382,1503,0.1388
1116,382,1498,0.1388
1117,387,1504,0.1388
1127,390,1517,0.1388
1122,383,1505,0.1388
1121,389,1510,0.1388
1128,387,1515,0.1388
1130,382,1512,0.1388
1130,380,1510,0.1388
1121,378,1499,0.1388
1129,382,1511,0.1388
1114,383,1497,0.1388
1126,393,1519,0.1388
1112,384,1496,0.1388
1116,394,1510,0.1388
1103,392,1495,0.1388
1110,390,1500,0.1388
1103,391,1494,0.1388
1100,396,1496,0.1388
1109,398,1507,0.1388
1104,390,1494,0.1388
1100,388,1488,0.1388
1094,391,1485,0.1388
1100,384,1484,0.1388
1101,391,1492,0.1388
1102,394,1496,0.1388
1095,398,1493,0.1388
1099,406,1505,0.1388
1102,405,1507,0.1388
1086,399,1485,0.1388
1094,407,1501,0.1388
1084,407,1491,0.1388
1084,407,1491,0.1388
1088,406,1494,0.1388
1086,410,1496,0.1388
1076,418,1494,0.1388
1072,423,1495,0.1388
1072,423,1495,0.1388
1080,422,1502,0.1388
1079,426,1505,0.1388
1080,430,1510,0.1388
1075,430,1505,0.1388
1079,428,1507,0.1388
1070,434,1504,0.1388
1075,434,1509,0.1388
1083,433,1516,0.1388
1086,436,1522,0.1388
1081,432,1513,0.1388
1082,430,1512,0.1388
1083,431,1514,0.1388
1071,431,1502,0.1388
1074,432,1506,0.1388
1068,429,1497,0.1388
1071,435,1506,0.1388
1051,439,1490,0.1388
1054,439,1493,0.1388
1048,432,1480,0.1388
1058,434,1492,0.1388
1056,437,1493,0.1388
1061,443,1504,0.1388
1061,440,1501,0.1388
1061,436,1497,0.1388
1063,446,1509,0.1388
1064,442,1506,0.1388
1059,442,1501,0.1388
1065,441,1506,0.1388
1061,444,1505,0.1388
1057,439,1496,0.1388
1068,436,1504,0.1388
1056,438,1494,0.1388
1062,437,1499,0.1388
1067,441,1508,0.1388
1078,439,1517,0.1388
1080,435,1515,0.1388
1065,427,1492,0.1388
1066,428,1494,0.1388
1065,435,1500,0.1388
1052,429,1481,0.1388
1062,434,1496,0.1388
1056,436,1492,0.1388
1045,439,1484,0.1388
1048,447,1495,0.1388
1045,452,1497,0.1388
1053,451,1504,0.1388
1052,449,1501,0.1388
1038,459,1497,0.1388
1022,459,1481,0.1388
1023,457,1480,0.1388
1017,456,1473,0.1388
1039,459,1498,0.1388
1043,464,1507,0.1388
1044,462,1506,0.1388
1033,470,1503,0.1388
1029,466,1495,0.1388
1034,469,1503,0.1388
1022,467,1489,0.1388
1032,465,1497,0.1388
1031,471,1502,0.1388
1039,467,1506,0.1388
1034,471,1505,0.1388
1034,476,1510,0.1388
1021,476,1497,0.1388
1024,483,1507,0.1388
1020,487,1507,0.1388
1008,491,1499,0.1388
1007,491,1498,0.1388
1002,494,1496,0.1388
1018,491,1509,0.1388
1011,482,1493,0.1388
1011,486,1497,0.1388
1013,494,1507,0.1388
1003,494,1497,0.1388
987,503,1490,0.1388
987,505,1492,0.1388
990,510,1500,0.1388
1009,515,1524,0.1388
1000,513,1513,0.1388
991,518,1509,0.1388
983,516,1499,0.1388
989,512,1501,0.1388
988,516,1504,0.1388
992,512,1504,0.1388
981,522,1503,0.1388
988,523,1511,0.1388
988,521,1509,0.1388
979,513,1492,0.1388
992,512,1504,0.1388
988,511,1499,0.1388
979,517,1496,0.1388
978,518,1496,0.1388
982,511,1493,0.1388
983,511,1494,0.1388
993,508,1501,0.1388
987,509,1496,0.1388
982,505,1487,0.1388
986,510,1496,0.1388
985,520,1505,0.1388
982,523,1505,0.1388
971,525,1496,0.1388
964,527,1491,0.1388
979,534,1513,0.1388
965,535,1500,0.1388
974,547,1521,0.1388
964,548,1512,0.1388
955,547,1502,0.1388
953,551,1504,0.1388
954,547,1501,0.1388
947,543,1490,0.1388
959,544,1503,0.1388
950,535,1485,0.1388
959,536,1495,0.1388
951,542,1493,0.1388
941,545,1486,0.1388
951,543,1494,0.1388
969,549,1518,0.1388
966,562,1528,0.1388
957,559,1516,0.1388
958,549,1507,0.1388
954,545,1499,0.1388
960,540,1500,0.1388
954,547,1501,0.1388
962,542,1504,0.1388
974,540,1514,0.1388
968,537,1505,0.1388
959,547,1506,0.1388
957,545,1502,0.1388
957,554,1511,0.1388
961,551,1512,0.1388
969,546,1515,0.1388
958,549,1507,0.1388
960,542,1502,0.1388
952,538,1490,0.1388
962,535,1497,0.1388
957,530,1487,0.1388
964,532,1496,0.1388
981,527,1508,0.1388
987,525,1512,0.1388
979,527,1506,0.1388
979,529,1508,0.1388
965,531,1496,0.1388
966,526,1492,0.1388
967,524,1491,0.1388
966,526,1492,0.1388
968,527,1495,0.1388
962,529,1491,0.1388
970,542,1512,0.1388
962,545,1507,0.1388
969,536,1505,0.1388
969,535,1504,0.1388
965,536,1501,0.1388
970,534,1504,0.1388
968,537,1505,0.1388
969,533,1502,0.1388
967,542,1509,0.1388
964,537,1501,0.1388
962,538,1500,0.1388
955,545,1500,0.1388
960,553,1513,0.1388
943,551,1494,0.1388
946,561,1507,0.1388
939,559,1498,0.1388
930,568,1498,0.1388
934,566,1500,0.1388
938,563,1501,0.1388
939,570,1509,0.1388
935,572,1507,0.1388
924,576,1500,0.1388
922,582,1504,0.1388
916,586,1502,0.1388
919,580,1499,0.1388
921,584,1505,0.1388
910,579,1489,0.1388
913,574,1487,0.1388
908,578,1486,0.1388
908,581,1489,0.1388
908,583,1491,0.1388
917,582,1499,0.1388
913,582,1495,0.1388
911,588,1499,0.1388
907,590,1497,0.1388
910,594,1504,0.1388
902,593,1495,0.1388
901,600,1501,0.1388
907,600,1507,0.1388
908,596,1504,0.1388
911,606,1517,0.1388
907,606,1513,0.1388
892,606,1498,0.1388
881,603,1484,0.1388
876,603,1479,0.1388
891,605,1496,0.1388
896,605,1501,0.1388
898,604,1502,0.1388
907,603,1510,0.1388
911,603,1514,0.1388
904,602,1506,0.1388
897,608,1505,0.1388
902,611,1513,0.1388
896,619,1515,0.1388
890,618,1508,0.1388
887,615,1502,0.1388
883,621,1504,0.1388
869,627,1496,0.1388
873,624,1497,0.1388
871,628,1499,0.1388
860,639,1499,0.1388
852,636,1488,0.1388
854,635,1489,0.1388
853,641,1494,0.1388
859,649,1508,0.1388
850,648,1498,0.1388
849,650,1499,0.1388
848,656,1504,0.1388
848,657,1505,0.1388
847,662,1509,0.1388
840,664,1504,0.1388
833,673,1506,0.1388
834,680,1514,0.1388
828,679,1507,0.1388
822,686,1508,0.1388
815,681,1496,0.1388
813,691,1504,0.1388
797,688,1485,0.1388
808,683,1491,0.1388
803,681,1484,0.1388
807,675,1482,0.1388
821,683,1504,0.1388
824,673,1497,0.1388
833,680,1513,0.1388
833,673,1506,0.1388
825,669,1494,0.1388
822,682,1504,0.1388
826,682,1508,0.1388
823,677,1500,0.1388
827,677,1504,0.1388
828,675,1503,0.1388
828,679,1507,0.1388
822,684,1506,0.1388
814,693,1507,0.1388
812,693,1505,0.1388
811,697,1508,0.1388
804,697,1501,0.1388
794,703,1497,0.1388
792,704,1496,0.1388
781,709,1490,0.1388
777,708,1485,0.1388
771,711,1482,0.1388
788,702,1490,0.1388
789,697,1486,0.1388
792,701,1493,0.1388
796,712,1508,0.1388
792,711,1503,0.1388
800,712,1512,0.1388
797,708,1505,0.1388
792,723,1515,0.1388
787,730,1517,0.1388
779,722,1501,0.1388
778,731,1509,0.1388
780,730,1510,0.1388
781,725,1506,0.1388
775,730,1505,0.1388
777,731,1508,0.1388
776,732,1508,0.1388
776,729,1505,0.1388
782,732,1514,0.1388
776,728,1504,0.1388
771,731,1502,0.1388
763,738,1501,0.1388
767,736,1503,0.1388
762,754,1516,0.1388
750,754,1504,0.1388
765,760,1525,0.1388
770,757,1527,0.1388
761,756,1517,0.1388
745,752,1497,0.1388
745,747,1492,0.1388
749,757,1506,0.1388
744,759,1503,0.1388
739,763,1502,0.1388
733,763,1496,0.1388
739,763,1502,0.1388
744,770,1514,0.1388
745,756,1501,0.1388
737,763,1500,0.1388
733,770,1503,0.1388
722,775,1497,0.1388
716,774,1490,0.1388
723,769,1492,0.1388
724,778,1502,0.1388
727,789,1516,0.1388
722,791,1513,0.1388
713,795,1508,0.1388
698,795,1493,0.1388
695,799,1494,0.1388
703,807,1510,0.1388
701,806,1507,0.1388
693,809,1502,0.1388
698,806,1504,0.1388
692,805,1497,0.1388
691,812,1503,0.1388
698,809,1507,0.1388
700,820,1520,0.1388
700,817,1517,0.1388
698,823,1521,0.1388
689,827,1516,0.1388
683,827,1510,0.1388
689,829,1518,0.1388
681,834,1515,0.1388
680,832,1512,0.1388
676,842,1518,0.1388
658,840,1498,0.1388
660,843,1503,0.1388
661,845,1506,0.1388
659,852,1511,0.1388
659,852,1511,0.1388
658,856,1514,0.1388
663,865,1528,0.1388
660,855,1515,0.1388
660,858,1518,0.1388
652,849,1501,0.1388
658,856,1514,0.1388
651,853,1504,0.1388
647,858,1505,0.1388
641,867,1508,0.1388
643,871,1514,0.1388
638,860,1498,0.1388
637,860,1497,0.1388
640,858,1498,0.1388
643,860,1503,0.1388
632,872,1504,0.1388
631,868,1499,0.1388
630,860,1490,0.1388
635,862,1497,0.1388
643,864,1507,0.1388
649,854,1503,0.1388
656,848,1504,0.1388
645,865,1510,0.1388
644,863,1507,0.1388
643,869,1512,0.1388
636,875,1511,0.1388
634,883,1517,0.1388
635,877,1512,0.1388
632,879,1511,0.1388
622,889,1511,0.1388
630,886,1516,0.1388
632,880,1512,0.1388
634,887,1521,0.1388
622,886,1508,0.1388
614,867,1481,0.1388
623,869,1492,0.1388
622,873,1495,0.1388
622,881,1503,0.1388
627,881,1508,0.1388
632,881,1513,0.1388
628,877,1505,0.1388
623,884,1507,0.1388
621,878,1499,0.1388
612,885,1497,0.1388
607,890,1497,0.1388
611,882,1493,0.1388
621,878,1499,0.1388
622,893,1515,0.1388
624,899,1523,0.1388
624,896,1520,0.1388
610,890,1500,0.1388
606,894,1500,0.1388
597,907,1504,0.1388
603,906,1509,0.1388
598,902,1500,0.1388
603,893,1496,0.1388
610,905,1515,0.1388
600,909,1509,0.1388
600,911,1511,0.1388
605,915,1520,0.1388
607,914,1521,0.1388
603,902,1505,0.1388
597,904,1501,0.1388
606,916,1522,0.1388
610,901,1511,0.1388
599,911,1510,0.1388
590,910,1500,0.1388
591,917,1508,0.1388
591,922,1513,0.1388
585,909,1494,0.1388
592,908,1500,0.1388
590,920,1510,0.1388
577,919,1496,0.1388
579,906,1485,0.1388
570,914,1484,0.1388
568,922,1490,0.1388
562,930,1492,0.1388
574,924,1498,0.1388
575,929,1504,0.1388
584,935,1519,0.1388
577,924,1501,0.1388
571,926,1497,0.1388
567,922,1489,0.1388
565,936,1501,0.1388
556,945,1501,0.1388
557,951,1508,0.1388
558,946,1504,0.1388
558,943,1501,0.1388
549,935,1484,0.1388
553,946,1499,0.1388
545,961,1506,0.1388
545,965,1510,0.1388
550,957,1507,0.1388
537,975,1512,0.1388
535,968,1503,0.1388
538,967,1505,0.1388
540,973,1513,0.1388
544,987,1531,0.1388
549,970,1519,0.1388
543,966,1509,0.1388
551,965,1516,0.1388
543,973,1516,0.1388
545,974,1519,0.1388
552,956,1508,0.1388
549,963,1512,0.1388
548,975,1523,0.1388
545,974,1519,0.1388
551,977,1528,0.1388
545,971,1516,0.1388
541,969,1510,0.1388
541,967,1508,0.1388
545,964,1509,0.1388
545,972,1517,0.1388
543,966,1509,0.1388
542,969,1511,0.1388
537,962,1499,0.1388
534,951,1485,0.1388
530,965,1495,0.1388
530,970,1500,0.1388
536,974,1510,0.1388
539,978,1517,0.1388
542,970,1512,0.1388
536,971,1507,0.1388
540,974,1514,0.1388
537,975,1512,0.1388
529,972,1501,0.1388
532,978,1510,0.1388
530,973,1503,0.1388
533,981,1514,0.1388
529,981,1510,0.1388
527,981,1508,0.1388
528,981,1509,0.1388
524,985,1509,0.1388
523,985,1508,0.1388
522,990,1512,0.1388
524,987,1511,0.1388
526,981,1507,0.1388
512,994,1506,0.1388
505,989,1494,0.1388
506,992,1498,0.1388
523,984,1507,0.1388
528,991,1519,0.1388
529,992,1521,0.1388
536,981,1517,0.1388
539,983,1522,0.1388
539,987,1526,0.1388
527,985,1512,0.1388
528,979,1507,0.1388
517,985,1502,0.1388
519,978,1497,0.1388
515,979,1494,0.1388
517,983,1500,0.1388
517,986,1503,0.1388
518,990,1508,0.1388
518,990,1508,0.1388
522,995,1517,0.1388
524,999,1523,0.1388
519,996,1515,0.1388
515,1004,1519,0.1388
517,1001,1518,0.1388
512,1003,1515,0.1388
512,1012,1524,0.1388
511,1018,1529,0.1388
504,1010,1514,0.1388
503,997,1500,0.1388
505,1009,1514,0.1388
514,997,1511,0.1388
518,998,1516,0.1388
510,1005,1515,0.1388
512,1007,1519,0.1388
507,1011,1518,0.1388
504,1009,1513,0.1388
506,1009,1515,0.1388
503,1014,1517,0.1388
510,1008,1518,0.1388
500,1009,1509,0.1388
488,1011,1499,0.1388
481,1011,1492,0.1388
483,1020,1503,0.1388
488,1009,1497,0.1388
489,1007,1496,0.1388
488,1011,1499,0.1388
484,1018,1502,0.1388
484,1020,1504,0.1388
494,1016,1510,0.1388
493,1016,1509,0.1388
490,1015,1505,0.1388
484,1020,1504,0.1388
489,1026,1515,0.1388
491,1023,1514,0.1388
488,1021,1509,0.1388
488,1020,1508,0.1388
481,1023,1504,0.1388
485,1025,1510,0.1388
481,1032,1513,0.1388
479,1041,1520,0.1388
474,1032,1506,0.1388
474,1028,1502,0.1388
474,1028,1502,0.1388
475,1035,1510,0.1388
465,1051,1516,0.1388
467,1060,1527,0.1388
466,1051,1517,0.1388
461,1040,1501,0.1388
452,1053,1505,0.1388
455,1054,1509,0.1388
460,1055,1515,0.1388
452,1054,1506,0.1388
452,1047,1499,0.1388
444,1041,1485,0.1388
446,1054,1500,0.1388
443,1063,1506,0.1388
441,1069,1510,0.1388
437,1075,1512,0.1388
434,1073,1507,0.1388
440,1068,1508,0.1388
438,1067,1505,0.1388
434,1065,1499,0.1388
429,1067,1496,0.1388
429,1064,1493,0.1388
433,1069,1502,0.1388
435,1068,1503,0.1388
431,1061,1492,0.1388
431,1072,1503,0.1388
426,1084,1510,0.1388
422,1088,1510,0.1388
426,1095,1521,0.1388
423,1099,1522,0.1388
427,1097,1524,0.1388
424,1099,1523,0.1388
413,1094,1507,0.1388
404,1105,1509,0.1388
401,1102,1503,0.1388
395,1101,1496,0.1388
399,1101,1500,0.1388
401,1096,1497,0.1388
400,1091,1491,0.1388
400,1098,1498,0.1388
399,1104,1503,0.1388
396,1102,1498,0.1388
395,1107,1502,0.1388
393,1105,1498,0.1388
395,1106,1501,0.1388
390,1111,1501,0.1388
391,1104,1495,0.1388
387,1115,1502,0.1388
392,1116,1508,0.1388
395,1115,1510,0.1388
382,1119,1501,0.1388
379,1113,1492,0.1388
379,1105,1484,0.1388
375,1118,1493,0.1388
376,1125,1501,0.1388
382,1132,1514,0.1388
383,1123,1506,0.1388
377,1125,1502,0.1388
378,1133,1511,0.1388
384,1133,1517,0.1388
378,1139,1517,0.1388
378,1127,1505,0.1388
376,1115,1491,0.1388
370,1128,1498,0.1388
364,1128,1492,0.1388
359,1131,1490,0.1388
361,1132,1493,0.1388
369,1131,1500,0.1388
372,1142,1514,0.1388
370,1147,1517,0.1388
368,1144,1512,0.1388
368,1146,1514,0.1388
364,1142,1506,0.1388
369,1139,1508,0.1388
367,1134,1501,0.1388
361,1142,1503,0.1388
355,1140,1495,0.1388
358,1141,1499,0.1388
362,1147,1509,0.1388
358,1159,1517,0.1388
355,1150,1505,0.1388
347,1147,1494,0.1388
345,1158,1503,0.1388
352,1165,1517,0.1388
353,1160,1513,0.1388
355,1152,1507,0.1388
350,1152,1502,0.1388
348,1144,1492,0.1388
358,1143,1501,0.1388
352,1145,1497,0.1388
352,1148,1500,0.1388
354,1142,1496,0.1388
353,1153,1506,0.1388
353,1149,1502,0.1388
356,1156,1512,0.1388
359,1155,1514,0.1388
349,1151,1500,0.1388
347,1145,1492,0.1388
349,1140,1489,0.1388
347,1146,1493,0.1388
346,1148,1494,0.1388
342,1150,1492,0.1388
345,1153,1498,0.1388
336,1153,1489,0.1388
336,1157,1493,0.1388
343,1166,1509,0.1388
345,1165,1510,0.1388
345,1160,1505,0.1388
349,1156,1505,0.1388
347,1155,1502,0.1388
349,1162,1511,0.1388
348,1163,1511,0.1388
347,1164,1511,0.1388
344,1159,1503,0.1388
348,1165,1513,0.1388
353,1153,1506,0.1388
348,1162,1510,0.1388
343,1163,1506,0.1388
343,1173,1516,0.1388
344,1174,1518,0.1388
345,1161,1506,0.1388
351,1168,1519,0.1388
349,1163,1512,0.1388
346,1171,1517,0.1388
348,1160,1508,0.1388
351,1166,1517,0.1388
355,1162,1517,0.1388
350,1172,1522,0.1388
349,1170,1519,0.1388
351,1159,1510,0.1388
357,1152,1509,0.1388
359,1162,1521,0.1388
350,1168,1518,0.1388
350,1171,1521,0.1388
345,1172,1517,0.1388
348,1170,1518,0.1388
351,1161,1512,0.1388
344,1167,1511,0.1388
347,1167,1514,0.1388
347,1168,1515,0.1388
346,1156,1502,0.1388
350,1154,1504,0.1388
348,1153,1501,0.1388
337,1151,1488,0.1388
341,1163,1504,0.1388
341,1152,1493,0.1388
332,1152,1484,0.1388
332,1156,1488,0.1388
327,1156,1483,0.1388
334,1159,1493,0.1388
343,1172,1515,0.1388
340,1169,1509,0.1388
338,1172,1510,0.1388
336,1170,1506,0.1388
338,1171,1509,0.1388
337,1172,1509,0.1388
336,1174,1510,0.1388
327,1175,1502,0.1388
324,1176,1500,0.1388
324,1186,1510,0.1388
324,1189,1513,0.1388
329,1177,1506,0.1388
325,1186,1511,0.1388
330,1190,1520,0.1388
329,1180,1509,0.1388
334,1178,1512,0.1388
336,1182,1518,0.1388
340,1177,1517,0.1388
342,1179,1521,0.1388
341,1168,1509,0.1388
336,1171,1507,0.1388
334,1174,1508,0.1388
331,1172,1503,0.1388
331,1185,1516,0.1388
327,1191,1518,0.1388
330,1185,1515,0.1388
326,1174,1500,0.1388
318,1170,1488,0.1388
314,1172,1486,0.1388
318,1185,1503,0.1388
325,1189,1514,0.1388
322,1188,1510,0.1388
322,1189,1511,0.1388
326,1197,1523,0.1388
323,1190,1513,0.1388
320,1199,1519,0.1388
321,1198,1519,0.1388
324,1200,1524,0.1388
319,1188,1507,0.1388
317,1195,1512,0.1388
316,1185,1501,0.1388
315,1200,1515,0.1388
312,1184,1496,0.1388
318,1187,1505,0.1388
312,1194,1506,0.1388
314,1199,1513,0.1388
313,1192,1505,0.1388
317,1189,1506,0.1388
319,1194,1513,0.1388
317,1206,1523,0.1388
313,1200,1513,0.1388
301,1211,1512,0.1388
297,1215,1512,0.1388
298,1210,1508,0.1388
297,1207,1504,0.1388
298,1211,1509,0.1388
290,1215,1505,0.1388
293,1216,1509,0.1388
300,1214,1514,0.1388
303,1216,1519,0.1388
303,1223,1526,0.1388
303,1220,1523,0.1388
302,1227,1529,0.1388
296,1217,1513,0.1388
297,1212,1509,0.1388
291,1220,1511,0.1388
296,1222,1518,0.1388
292,1224,1516,0.1388
293,1219,1512,0.1388
298,1214,1512,0.1388
295,1216,1511,0.1388
295,1213,1508,0.1388
298,1214,1512,0.1388
299,1211,1510,0.1388
294,1218,1512,0.1388
294,1216,1510,0.1388
296,1220,1516,0.1388
297,1211,1508,0.1388
295,1225,1520,0.1388
294,1225,1519,0.1388
295,1212,1507,0.1388
294,1214,1508,0.1388
294,1211,1505,0.1388
286,1222,1508,0.1388
284,1222,1506,0.1388
282,1219,1501,0.1388
280,1220,1500,0.1388
284,1222,1506,0.1388
283,1222,1505,0.1388
285,1218,1503,0.1388
287,1213,1500,0.1388
289,1217,1506,0.1388
291,1214,1505,0.1388
286,1218,1504,0.1388
286,1237,1523,0.1388
289,1230,1519,0.1388
281,1228,1509,0.1388
282,1225,1507,0.1388
287,1218,1505,0.1388
280,1225,1505,0.1388
286,1228,1514,0.1388
285,1228,1513,0.1388
286,1232,1518,0.1388
280,1246,1526,0.1388
277,1233,1510,0.1388
275,1222,1497,0.1388
275,1224,1499,0.1388
272,1222,1494,0.1388
276,1216,1492,0.1388
277,1230,1507,0.1388
277,1227,1504,0.1388
276,1219,1495,0.1388
281,1230,1511,0.1388
277,1225,1502,0.1388
272,1224,1496,0.1388
276,1222,1498,0.1388
272,1236,1508,0.1388
271,1225,1496,0.1388
270,1242,1512,0.1388
269,1246,1515,0.1388
270,1238,1508,0.1388
271,1238,1509,0.1388
270,1234,1504,0.1388
275,1224,1499,0.1388
280,1227,1507,0.1388
278,1229,1507,0.1388
272,1233,1505,0.1388
267,1232,1499,0.1388
266,1246,1512,0.1388
264,1267,1531,0.1388
259,1252,1511,0.1388
260,1252,1512,0.1388
255,1255,1510,0.1388
253,1258,1511,0.1388
253,1256,1509,0.1388
255,1261,1516,0.1388
255,1250,1505,0.1388
257,1249,1506,0.1388
248,1240,1488,0.1388
247,1255,1502,0.1388
253,1274,1527,0.1388
250,1258,1508,0.1388
255,1262,1517,0.1388
254,1269,1523,0.1388
254,1252,1506,0.1388
250,1270,1520,0.1388
240,1269,1509,0.1388
246,1269,1515,0.1388
246,1251,1497,0.1388
242,1254,1496,0.1388
243,1255,1498,0.1388
242,1256,1498,0.1388
241,1271,1512,0.1388
243,1269,1512,0.1388
247,1278,1525,0.1388
245,1271,1516,0.1388
249,1278,1527,0.1388
253,1267,1520,0.1388
249,1275,1524,0.1388
248,1277,1525,0.1388
245,1272,1517,0.1388
244,1263,1507,0.1388
241,1252,1493,0.1388
240,1250,1490,0.1388
237,1247,1484,0.1388
237,1249,1486,0.1388
230,1260,1490,0.1388
232,1254,1486,0.1388
228,1261,1489,0.1388
223,1264,1487,0.1388
227,1285,1512,0.1388
229,1284,1513,0.1388
231,1277,1508,0.1388
232,1280,1512,0.1388
230,1284,1514,0.1388
230,1290,1520,0.1388
224,1296,1520,0.1388
226,1291,1517,0.1388
231,1283,1514,0.1388
235,1285,1520,0.1388
236,1280,1516,0.1388
237,1277,1514,0.1388
236,1282,1518,0.1388
234,1272,1506,0.1388
233,1272,1505,0.1388
234,1286,1520,0.1388
232,1289,1521,0.1388
227,1276,1503,0.1388
226,1283,1509,0.1388
225,1288,1513,0.1388
226,1294,1520,0.1388
231,1289,1520,0.1388
238,1274,1512,0.1388
231,1274,1505,0.1388
234,1276,1510,0.1388
230,1285,1515,0.1388
227,1287,1514,0.1388
224,1291,1515,0.1388
224,1290,1514,0.1388
219,1299,1518,0.1388
225,1290,1515,0.1388
224,1291,1515,0.1388
219,1286,1505,0.1388
219,1290,1509,0.1388
220,1292,1512,0.1388
217,1299,1516,0.1388
218,1297,1515,0.1388
222,1303,1525,0.1388
213,1301,1514,0.1388
218,1305,1523,0.1388
220,1289,1509,0.1388
219,1289,1508,0.1388
218,1283,1501,0.1388
213,1295,1508,0.1388
209,1294,1503,0.1388
211,1296,1507,0.1388
208,1310,1518,0.1388
209,1304,1513,0.1388
210,1299,1509,0.1388
207,1312,1519,0.1388
204,1309,1513,0.1388
202,1309,1511,0.1388
201,1319,1520,0.1388
210,1312,1522,0.1388
209,1313,1522,0.1388
206,1313,1519,0.1388
202,1314,1516,0.1388
206,1313,1519,0.1388
203,1311,1514,0.1388
204,1293,1497,0.1388
205,1300,1505,0.1388
198,1301,1499,0.1388
200,1300,1500,0.1388
204,1300,1504,0.1388
204,1314,1518,0.1388
203,1313,1516,0.1388
204,1312,1516,0.1388
202,1307,1509,0.1388
203,1302,1505,0.1388
201,1305,1506,0.1388
201,1299,1500,0.1388
197,1304,1501,0.1388
195,1306,1501,0.1388
196,1304,1500,0.1388
198,1297,1495,0.1388
198,1298,1496,0.1388
194,1311,1505,0.1388
197,1318,1515,0.1388
196,1315,1511,0.1388
194,1319,1513,0.1388
193,1319,1512,0.1388
191,1315,1506,0.1388
194,1315,1509,0.1388
193,1327,1520,0.1388
192,1329,1521,0.1388
192,1333,1525,0.1388
196,1324,1520,0.1388
196,1317,1513,0.1388
188,1315,1503,0.1388
185,1307,1492,0.1388
190,1314,1504,0.1388
192,1316,1508,0.1388
186,1324,1510,0.1388
179,1325,1504,0.1388
183,1324,1507,0.1388
184,1319,1503,0.1388
183,1320,1503,0.1388
183,1317,1500,0.1388
185,1322,1507,0.1388
178,1319,1497,0.1388
181,1314,1495,0.1388
187,1310,1497,0.1388
184,1321,1505,0.1388
183,1330,1513,0.1388
185,1328,1513,0.1388
184,1320,1504,0.1388
186,1319,1505,0.1388
189,1310,1499,0.1388
191,1322,1513,0.1388
188,1320,1508,0.1388
186,1330,1516,0.1388
186,1328,1514,0.1388
186,1332,1518,0.1388
180,1324,1504,0.1388
184,1330,1514,0.1388
191,1335,1526,0.1388
190,1324,1514,0.1388
193,1323,1516,0.1388
193,1320,1513,0.1388
190,1331,1521,0.1388
193,1326,1519,0.1388
193,1329,1522,0.1388
189,1326,1515,0.1388
186,1336,1522,0.1388
183,1330,1513,0.1388
187,1334,1521,0.1388
189,1332,1521,0.1388
185,1328,1513,0.1388
180,1324,1504,0.1388
180,1331,1511,0.1388
179,1318,1497,0.1388
183,1331,1514,0.1388
181,1339,1520,0.1388
182,1339,1521,0.1388
184,1335,1519,0.1388
180,1344,1524,0.1388
182,1344,1526,0.1388
179,1332,1511,0.1388
177,1344,1521,0.1388
171,1339,1510,0.1388
171,1333,1504,0.1388
171,1338,1509,0.1388
172,1332,1504,0.1388
168,1336,1504,0.1388
170,1336,1506,0.1388
171,1351,1522,0.1388
174,1338,1512,0.1388
169,1327,1496,0.1388
169,1331,1500,0.1388
165,1329,1494,0.1388
160,1332,1492,0.1388
162,1340,1502,0.1388
161,1338,1499,0.1388
164,1343,1507,0.1388
164,1346,1510,0.1388
167,1345,1512,0.1388
170,1354,1524,0.1388
174,1344,1518,0.1388
175,1346,1521,0.1388
171,1350,1521,0.1388
171,1359,1530,0.1388
170,1358,1528,0.1388
168,1345,1513,0.1388
169,1349,1518,0.1388
168,1345,1513,0.1388
167,1353,1520,0.1388
173,1343,1516,0.1388
170,1352,1522,0.1388
166,1353,1519,0.1388
165,1346,1511,0.1388
165,1352,1517,0.1388
165,1356,1521,0.1388
161,1349,1510,0.1388
160,1330,1490,0.1388
159,1347,1506,0.1388
159,1354,1513,0.1388
158,1359,1517,0.1388
153,1353,1506,0.1388
154,1338,1492,0.1388
157,1358,1515,0.1388
155,1364,1519,0.1388
150,1361,1511,0.1388
150,1359,1509,0.1388
148,1358,1506,0.1388
147,1347,1494,0.1388
146,1363,1509,0.1388
147,1366,1513,0.1388
150,1372,1522,0.1388
145,1367,1512,0.1388
144,1362,1506,0.1388
147,1358,1505,0.1388
148,1368,1516,0.1388
150,1361,1511,0.1388
148,1360,1508,0.1388
148,1355,1503,0.1388
144,1373,1517,0.1388
139,1378,1517,0.1388
139,1385,1524,0.1388
143,1377,1520,0.1388
142,1364,1506,0.1388
142,1370,1512,0.1388
143,1359,1502,0.1388
147,1369,1516,0.1388
150,1371,1521,0.1388
147,1363,1510,0.1388
144,1371,1515,0.1388
141,1379,1520,0.1388
140,1372,1512,0.1388
139,1371,1510,0.1388
143,1370,1513,0.1388
141,1364,1505,0.1388
143,1369,1512,0.1388
143,1377,1520,0.1388
142,1379,1521,0.1388
139,1379,1518,0.1388
134,1391,1525,0.1388
133,1385,1518,0.1388
134,1385,1519,0.1388
137,1392,1529,0.1388
137,1388,1525,0.1388
139,1377,1516,0.1388
138,1376,1514,0.1388
138,1376,1514,0.1388
138,1371,1509,0.1388
136,1360,1496,0.1388
133,1375,1508,0.1388
131,1376,1507,0.1388
132,1364,1496,0.1388
135,1382,1517,0.1388
141,1383,1524,0.1388
143,1386,1529,0.1388
144,1377,1521,0.1388
141,1377,1518,0.1388
143,1361,1504,0.1388
136,1375,1511,0.1388
136,1369,1505,0.1388
136,1375,1511,0.1388
135,1377,1512,0.1388
134,1372,1506,0.1388
135,1365,1500,0.1388
131,1379,1510,0.1388
133,1382,1515,0.1388
128,1384,1512,0.1388
128,1380,1508,0.1388
131,1393,1524,0.1388
130,1379,1509,0.1388
132,1375,1507,0.1388
135,1384,1519,0.1388
138,1372,1510,0.1388
133,1370,1503,0.1388
134,1377,1511,0.1388
136,1371,1507,0.1388
137,1376,1513,0.1388
138,1376,1514,0.1388
134,1384,1518,0.1388
132,1382,1514,0.1388
132,1382,1514,0.1388
130,1388,1518,0.1388
131,1377,1508,0.1388
128,1381,1509,0.1388
128,1375,1503,0.1388
128,1370,1498,0.1388
129,1386,1515,0.1388
125,1395,1520,0.1388
127,1394,1521,0.1388
123,1395,1518,0.1388
129,1393,1522,0.1388
123,1395,1518,0.1388
123,1394,1517,0.1388
120,1389,1509,0.1388
124,1378,1502,0.1388
124,1381,1505,0.1388
125,1383,1508,0.1388
126,1381,1507,0.1388
123,1401,1524,0.1388
127,1404,1531,0.1388
128,1399,1527,0.1388
127,1399,1526,0.1388
127,1394,1521,0.1388
126,1400,1526,0.1388
124,1392,1516,0.1388
120,1391,1511,0.1388
121,1389,1510,0.1388
123,1387,1510,0.1388
123,1390,1513,0.1388
121,1394,1515,0.1388
115,1397,1512,0.1388
115,1392,1507,0.1388
114,1390,1504,0.1388
118,1375,1493,0.1388
120,1377,1497,0.1388
124,1384,1508,0.1388
124,1397,1521,0.1388
122,1404,1526,0.1388
123,1397,1520,0.1388
121,1400,1521,0.1388
123,1380,1503,0.1388
121,1374,1495,0.1388
120,1370,1490,0.1388
118,1372,1490,0.1388
119,1367,1486,0.1388
118,1372,1490,0.1388
119,1381,1500,0.1388
122,1389,1511,0.1388
124,1392,1516,0.1388
127,1398,1525,0.1388
127,1389,1516,0.1388
127,1396,1523,0.1388
128,1390,1518,0.1388
126,1393,1519,0.1388
125,1391,1516,0.1388
124,1394,1518,0.1388
128,1397,1525,0.1388
127,1381,1508,0.1388
129,1374,1503,0.1388
129,1382,1511,0.1388
129,1403,1532,0.1388
132,1400,1532,0.1388
129,1385,1514,0.1388
128,1380,1508,0.1388
127,1387,1514,0.1388
129,1371,1500,0.1388
128,1371,1499,0.1388
128,1380,1508,0.1388
131,1382,1513,0.1388
132,1387,1519,0.1388
132,1378,1510,0.1388
131,1392,1523,0.1388
125,1393,1518,0.1388
125,1383,1508,0.1388
127,1393,1520,0.1388
128,1392,1520,0.1388
127,1390,1517,0.1388
130,1398,1528,0.1388
130,1395,1525,0.1388
129,1390,1519,0.1388
127,1388,1515,0.1388
128,1389,1517,0.1388
128,1382,1510,0.1388
127,1377,1504,0.1388
126,1386,1512,0.1388
126,1373,1499,0.1388
126,1378,1504,0.1388
127,1374,1501,0.1388
134,1377,1511,0.1388
133,1372,1505,0.1388
132,1379,1511,0.1388
129,1367,1496,0.1388
127,1367,1494,0.1388
128,1371,1499,0.1388
128,1381,1509,0.1388
128,1383,1511,0.1388
131,1379,1510,0.1388
132,1374,1506,0.1388
128,1384,1512,0.1388
128,1374,1502,0.1388
130,1374,1504,0.1388
128,1383,1511,0.1388
130,1380,1510,0.1388
128,1390,1518,0.1388
128,1387,1515,0.1388
126,1386,1512,0.1388
126,1388,1514,0.1388
127,1375,1502,0.1388
129,1382,1511,0.1388
126,1382,1508,0.1388
128,1382,1510,0.1388
126,1381,1507,0.1388
120,1368,1488,0.1388
121,1380,1501,0.1388
123,1392,1515,0.1388
121,1381,1502,0.1388
117,1386,1503,0.1388
121,1395,1516,0.1388
121,1405,1526,0.1388
122,1402,1524,0.1388
121,1397,1518,0.1388
119,1392,1511,0.1388
118,1406,1524,0.1388
122,1404,1526,0.1388
119,1407,1526,0.1388
119,1401,1520,0.1388
119,1400,1519,0.1388
121,1388,1509,0.1388
119,1400,1519,0.1388
122,1394,1516,0.1388
121,1389,1510,0.1388
119,1376,1495,0.1388
119,1381,1500,0.1388
117,1392,1509,0.1388
116,1400,1516,0.1388
117,1400,1517,0.1388
120,1411,1531,0.1388
116,1408,1524,0.1388
116,1423,1539,0.1388
116,1418,1534,0.1388
117,1412,1529,0.1388
120,1420,1540,0.1388
115,1404,1519,0.1388
113,1398,1511,0.1388
111,1404,1515,0.1388
109,1415,1524,0.1388
109,1406,1515,0.1388
105,1402,1507,0.1388
109,1410,1519,0.1388
109,1417,1526,0.1388
112,1406,1518,0.1388
110,1402,1512,0.1388
108,1395,1503,0.1388
109,1407,1516,0.1388
110,1402,1512,0.1388
109,1405,1514,0.1388
109,1398,1507,0.1388
108,1384,1492,0.1388
108,1402,1510,0.1388
108,1402,1510,0.1388
109,1388,1497,0.1388
111,1382,1493,0.1388
111,1391,1502,0.1388
113,1403,1516,0.1388
110,1392,1502,0.1388
106,1386,1492,0.1388
112,1395,1507,0.1388
113,1393,1506,0.1388
114,1397,1511,0.1388
118,1394,1512,0.1388
117,1398,1515,0.1388
116,1401,1517,0.1388
113,1406,1519,0.1388
113,1413,1526,0.1388
112,1383,1495,0.1388
112,1377,1489,0.1388
111,1375,1486,0.1388
111,1384,1495,0.1388
108,1389,1497,0.1388
109,1393,1502,0.1388
109,1395,1504,0.1388
108,1387,1495,0.1388
111,1395,1506,0.1388
114,1385,1499,0.1388
116,1390,1506,0.1388
115,1397,1512,0.1388
115,1404,1519,0.1388
117,1401,1518,0.1388
114,1403,1517,0.1388
110,1407,1517,0.1388
112,1398,1510,0.1388
112,1392,1504,0.1388
113,1405,1518,0.1388
110,1398,1508,0.1388
111,1413,1524,0.1388
111,1406,1517,0.1388
109,1404,1513,0.1388
110,1397,1507,0.1388
113,1387,1500,0.1388
115,1388,1503,0.1388
117,1391,1508,0.1388
115,1388,1503,0.1388
116,1376,1492,0.1388
115,1385,1500,0.1388
114,1385,1499,0.1388
115,1387,1502,0.1388
112,1400,1512,0.1388
115,1412,1527,0.1388
115,1402,1517,0.1388
115,1392,1507,0.1388
113,1409,1522,0.1388
114,1416,1530,0.1388
115,1402,1517,0.1388
112,1400,1512,0.1388
117,1398,1515,0.1388
114,1398,1512,0.1388
115,1402,1517,0.1388
115,1400,1515,0.1388
117,1411,1528,0.1388
116,1407,1523,0.1388
115,1394,1509,0.1388
114,1387,1501,0.1388
115,1393,1508,0.1388
115,1389,1504,0.1388
116,1401,1517,0.1388
116,1392,1508,0.1388
115,1388,1503,0.1388
114,1388,1502,0.1388
112,1398,1510,0.1388
111,1389,1500,0.1388
116,1400,1516,0.1388
118,1398,1516,0.1388
115,1399,1514,0.1388
114,1405,1519,0.1388
113,1407,1520,0.1388
110,1406,1516,0.1388
107,1407,1514,0.1388
109,1402,1511,0.1388
111,1408,1519,0.1388
110,1411,1521,0.1388
108,1385,1493,0.1388
108,1388,1496,0.1388
108,1403,1511,0.1388
104,1419,1523,0.1388
104,1400,1504,0.1388
107,1393,1500,0.1388
106,1405,1511,0.1388
105,1405,1510,0.1388
106,1415,1521,0.1388
106,1405,1511,0.1388
107,1400,1507,0.1388
102,1403,1505,0.1388
105,1412,1517,0.1388
104,1415,1519,0.1388
103,1413,1516,0.1388
102,1406,1508,0.1388
103,1408,1511,0.1388
102,1421,1523,0.1388
103,1418,1521,0.1388
102,1416,1518,0.1388
99,1422,1521,0.1388
100,1405,1505,0.1388
101,1416,1517,0.1388
103,1413,1516,0.1388
103,1415,1518,0.1388
100,1415,1515,0.1388
104,1409,1513,0.1388
107,1398,1505,0.1388
107,1407,1514,0.1388
106,1400,1506,0.1388
104,1399,1503,0.1388
103,1404,1507,0.1388
102,1408,1510,0.1388
106,1405,1511,0.1388
104,1394,1498,0.1388
100,1401,1501,0.1388
93,1401,1494,0.1388
96,1417,1513,0.1388
96,1418,1514,0.1388
96,1411,1507,0.1388
98,1405,1503,0.1388
95,1405,1500,0.1388
94,1397,1491,0.1388
95,1407,1502,0.1388
96,1392,1488,0.1388
100,1404,1504,0.1388
99,1413,1512,0.1388
99,1408,1507,0.1388
98,1406,1504,0.1388
100,1400,1500,0.1388
100,1423,1523,0.1388
102,1424,1526,0.1388
104,1412,1516,0.1388
105,1410,1515,0.1388
112,1425,1537,0.1388
112,1406,1518,0.1388
111,1405,1516,0.1388
108,1413,1521,0.1388
106,1418,1524,0.1388
110,1419,1529,0.1388
109,1418,1527,0.1388
107,1406,1513,0.1388
112,1391,1503,0.1388
110,1395,1505,0.1388
109,1401,1510,0.1388
108,1415,1523,0.1388
108,1412,1520,0.1388
109,1400,1509,0.1388
107,1402,1509,0.1388
108,1423,1531,0.1388
106,1422,1528,0.1388
101,1420,1521,0.1388
101,1423,1524,0.1388
99,1422,1521,0.1388
96,1425,1521,0.1388
93,1427,1520,0.1388
91,1430,1521,0.1388
93,1431,1524,0.1388
95,1436,1531,0.1388
96,1433,1529,0.1388
93,1419,1512,0.1388
96,1427,1523,0.1388
90,1431,1521,0.1388
93,1431,1524,0.1388
91,1411,1502,0.1388
93,1416,1509,0.1388
92,1421,1513,0.1388
94,1411,1505,0.1388
93,1413,1506,0.1388
95,1421,1516,0.1388
93,1428,1521,0.1388
93,1421,1514,0.1388
92,1431,1523,0.1388
90,1427,1517,0.1388
91,1416,1507,0.1388
91,1429,1520,0.1388
94,1430,1524,0.1388
90,1431,1521,0.1388
88,1429,1517,0.1388
90,1426,1516,0.1388
89,1432,1521,0.1388
91,1436,1527,0.1388
91,1427,1518,0.1388
91,1433,1524,0.1388
90,1426,1516,0.1388
87,1418,1505,0.1388
90,1417,1507,0.1388
91,1415,1506,0.1388
93,1421,1514,0.1388
92,1423,1515,0.1388
90,1432,1522,0.1388
89,1424,1513,0.1388
90,1421,1511,0.1388
89,1426,1515,0.1388
87,1425,1512,0.1388
88,1425,1513,0.1388
87,1431,1518,0.1388
84,1440,1524,0.1388
84,1437,1521,0.1388
84,1430,1514,0.1388
84,1436,1520,0.1388
85,1429,1514,0.1388
84,1436,1520,0.1388
82,1431,1513,0.1388
81,1439,1520,0.1388
79,1441,1520,0.1388
75,1453,1528,0.1388
74,1464,1538,0.1388
76,1450,1526,0.1388
78,1445,1523,0.1388
75,1450,1525,0.1388
77,1452,1529,0.1388
76,1427,1503,0.1388
80,1427,1507,0.1388
82,1425,1507,0.1388
81,1421,1502,0.1388
80,1433,1513,0.1388
79,1455,1534,0.1388
78,1447,1525,0.1388
78,1441,1519,0.1388
79,1433,1512,0.1388
78,1453,1531,0.1388
79,1449,1528,0.1388
77,1444,1521,0.1388
80,1456,1536,0.1388
83,1443,1526,0.1388
84,1434,1518,0.1388
84,1442,1526,0.1388
82,1446,1528,0.1388
81,1443,1524,0.1388
80,1430,1510,0.1388
81,1432,1513,0.1388
83,1437,1520,0.1388
82,1434,1516,0.1388
79,1421,1500,0.1388
83,1423,1506,0.1388
82,1427,1509,0.1388
83,1444,1527,0.1388
83,1438,1521,0.1388
82,1439,1521,0.1388
83,1440,1523,0.1388
83,1438,1521,0.1388
80,1438,1518,0.1388
84,1430,1514,0.1388
84,1426,1510,0.1388
84,1420,1504,0.1388
87,1425,1512,0.1388
83,1434,1517,0.1388
79,1432,1511,0.1388
83,1429,1512,0.1388
83,1423,1506,0.1388
83,1422,1505,0.1388
83,1416,1499,0.1388
81,1422,1503,0.1388
83,1427,1510,0.1388
82,1423,1505,0.1388
84,1422,1506,0.1388
86,1408,1494,0.1388
87,1421,1508,0.1388
89,1421,1510,0.1388
90,1422,1512,0.1388
88,1427,1515,0.1388
89,1416,1505,0.1388
87,1422,1509,0.1388
84,1434,1518,0.1388
85,1420,1505,0.1388
85,1421,1506,0.1388
87,1429,1516,0.1388
89,1425,1514,0.1388
88,1425,1513,0.1388
87,1428,1515,0.1388
87,1423,1510,0.1388
87,1419,1506,0.1388
90,1425,1515,0.1388
90,1410,1500,0.1388
86,1415,1501,0.1388
88,1405,1493,0.1388
86,1399,1485,0.1388
90,1411,1501,0.1388
91,1418,1509,0.1388
91,1413,1504,0.1388
89,1417,1506,0.1388
91,1420,1511,0.1388
90,1422,1512,0.1388
90,1419,1509,0.1388
91,1431,1522,0.1388
91,1422,1513,0.1388
88,1429,1517,0.1388
88,1422,1510,0.1388
90,1410,1500,0.1388
93,1412,1505,0.1388
96,1415,1511,0.1388
93,1407,1500,0.1388
89,1407,1496,0.1388
86,1410,1496,0.1388
84,1417,1501,0.1388
84,1420,1504,0.1388
83,1423,1506,0.1388
84,1426,1510,0.1388
80,1423,1503,0.1388
79,1424,1503,0.1388
79,1427,1506,0.1388
78,1429,1507,0.1388
80,1439,1519,0.1388
78,1438,1516,0.1388
81,1438,1519,0.1388
82,1438,1520,0.1388
82,1425,1507,0.1388
82,1428,1510,0.1388
84,1427,1511,0.1388
87,1440,1527,0.1388
85,1448,1533,0.1388
85,1429,1514,0.1388
84,1428,1512,0.1388
83,1426,1509,0.1388
85,1424,1509,0.1388
86,1422,1508,0.1388
88,1439,1527,0.1388
86,1433,1519,0.1388
86,1433,1519,0.1388
85,1442,1527,0.1388
86,1450,1536,0.1388
83,1438,1521,0.1388
81,1432,1513,0.1388
83,1433,1516,0.1388
84,1425,1509,0.1388
86,1424,1510,0.1388
87,1430,1517,0.1388
83,1423,1506,0.1388
82,1430,1512,0.1388
80,1424,1504,0.1388
81,1432,1513,0.1388
81,1433,1514,0.1388
80,1446,1526,0.1388
79,1445,1524,0.1388
78,1439,1517,0.1388
77,1438,1515,0.1388
79,1446,1525,0.1388
77,1444,1521,0.1388
77,1441,1518,0.1388
78,1434,1512,0.1388
79,1437,1516,0.1388
80,1448,1528,0.1388
81,1441,1522,0.1388
81,1449,1530,0.1388
80,1455,1535,0.1388
77,1456,1533,0.1388
75,1447,1522,0.1388
73,1439,1512,0.1388
75,1451,1526,0.1388
75,1450,1525,0.1388
75,1450,1525,0.1388
76,1440,1516,0.1388
78,1438,1516,0.1388
80,1450,1530,0.1388
78,1441,1519,0.1388
79,1453,1532,0.1388
79,1447,1526,0.1388
79,1436,1515,0.1388
78,1430,1508,0.1388
76,1439,1515,0.1388
77,1438,1515,0.1388
72,1444,1516,0.1388
78,1443,1521,0.1388
80,1433,1513,0.1388
79,1435,1514,0.1388
81,1437,1518,0.1388
79,1435,1514,0.1388
82,1441,1523,0.1388
83,1443,1526,0.1388
81,1438,1519,0.1388
80,1439,1519,0.1388
80,1441,1521,0.1388
81,1433,1514,0.1388
77,1438,1515,0.1388
78,1438,1516,0.1388
77,1427,1504,0.1388
74,1429,1503,0.1388
74,1430,1504,0.1388
72,1440,1512,0.1388
70,1439,1509,0.1388
70,1432,1502,0.1388
67,1431,1498,0.1388
71,1442,1513,0.1388
70,1438,1508,0.1388
67,1448,1515,0.1388
66,1452,1518,0.1388
65,1449,1514,0.1388
65,1453,1518,0.1388
64,1449,1513,0.1388
60,1453,1513,0.1388
60,1453,1513,0.1388
64,1452,1516,0.1388
63,1455,1518,0.1388
63,1448,1511,0.1388
64,1452,1516,0.1388
63,1441,1504,0.1388
65,1439,1504,0.1388
64,1431,1495,0.1388
67,1453,1520,0.1388
64,1448,1512,0.1388
63,1418,1481,0.1388
65,1433,1498,0.1388
66,1441,1507,0.1388
63,1453,1516,0.1388
64,1460,1524,0.1388
61,1456,1517,0.1388
63,1462,1525,0.1388
64,1445,1509,0.1388
62,1450,1512,0.1388
62,1446,1508,0.1388
62,1447,1509,0.1388
64,1455,1519,0.1388
64,1443,1507,0.1388
63,1449,1512,0.1388
65,1450,1515,0.1388
64,1465,1529,0.1388
67,1453,1520,0.1388
68,1459,1527,0.1388
66,1452,1518,0.1388
65,1454,1519,0.1388
66,1448,1514,0.1388
65,1452,1517,0.1388
69,1457,1526,0.1388
69,1459,1528,0.1388
68,1443,1511,0.1388
67,1436,1503,0.1388
64,1438,1502,0.1388
61,1450,1511,0.1388
59,1450,1509,0.1388
57,1453,1510,0.1388
60,1458,1518,0.1388
60,1455,1515,0.1388
60,1443,1503,0.1388
60,1455,1515,0.1388
60,1442,1502,0.1388
61,1447,1508,0.1388
61,1450,1511,0.1388
59,1437,1496,0.1388
59,1444,1503,0.1388
64,1454,1518,0.1388
65,1459,1524,0.1388
66,1453,1519,0.1388
64,1461,1525,0.1388
62,1459,1521,0.1388
64,1466,1530,0.1388
64,1463,1527,0.1388
65,1467,1532,0.1388
65,1448,1513,0.1388
62,1448,1510,0.1388
63,1446,1509,0.1388
64,1447,1511,0.1388
59,1446,1505,0.1388
57,1457,1514,0.1388
58,1455,1513,0.1388
59,1456,1515,0.1388
58,1462,1520,0.1388
55,1460,1515,0.1388
56,1462,1518,0.1388
56,1458,1514,0.1388
54,1459,1513,0.1388
53,1462,1515,0.1388
51,1474,1525,0.1388
50,1462,1512,0.1388
51,1469,1520,0.1388
49,1468,1517,0.1388
51,1463,1514,0.1388
49,1452,1501,0.1388
49,1455,1504,0.1388
50,1467,1517,0.1388
52,1471,1523,0.1388
50,1465,1515,0.1388
49,1467,1516,0.1388
49,1466,1515,0.1388
47,1461,1508,0.1388
46,1475,1521,0.1388
47,1460,1507,0.1388
44,1473,1517,0.1388
43,1466,1509,0.1388
43,1465,1508,0.1388
41,1463,1504,0.1388
42,1470,1512,0.1388
42,1475,1517,0.1388
43,1462,1505,0.1388
44,1465,1509,0.1388
44,1475,1519,0.1388
45,1460,1505,0.1388
46,1460,1506,0.1388
47,1465,1512,0.1388
45,1474,1519,0.1388
44,1482,1526,0.1388
44,1465,1509,0.1388
43,1475,1518,0.1388
43,1474,1517,0.1388
42,1477,1519,0.1388
43,1476,1519,0.1388
42,1474,1516,0.1388
42,1480,1522,0.1388
40,1471,1511,0.1388
40,1487,1527,0.1388
41,1490,1531,0.1388
42,1480,1522,0.1388
42,1483,1525,0.1388
42,1477,1519,0.1388
42,1476,1518,0.1388
41,1477,1518,0.1388
44,1461,1505,0.1388
44,1484,1528,0.1388
43,1478,1521,0.1388
42,1478,1520,0.1388
43,1465,1508,0.1388
42,1471,1513,0.1388
40,1464,1504,0.1388
41,1476,1517,0.1388
41,1473,1514,0.1388
39,1486,1525,0.1388
38,1484,1522,0.1388
40,1471,1511,0.1388
41,1474,1515,0.1388
40,1489,1529,0.1388
39,1487,1526,0.1388
38,1482,1520,0.1388
39,1483,1522,0.1388
40,1486,1526,0.1388
42,1484,1526,0.1388
42,1487,1529,0.1388
43,1471,1514,0.1388
43,1462,1505,0.1388
44,1476,1520,0.1388
44,1468,1512,0.1388
44,1471,1515,0.1388
44,1471,1515,0.1388
44,1479,1523,0.1388
43,1467,1510,0.1388
43,1472,1515,0.1388
42,1466,1508,0.1388
40,1478,1518,0.1388
38,1480,1518,0.1388
38,1466,1504,0.1388
39,1473,1512,0.1388
40,1462,1502,0.1388
40,1481,1521,0.1388
39,1494,1533,0.1388
39,1475,1514,0.1388
40,1485,1525,0.1388
40,1484,1524,0.1388
41,1483,1524,0.1388
42,1470,1512,0.1388
41,1474,1515,0.1388
39,1465,1504,0.1388
38,1474,1512,0.1388
39,1482,1521,0.1388
38,1488,1526,0.1388
38,1491,1529,0.1388
38,1486,1524,0.1388
41,1487,1528,0.1388
41,1480,1521,0.1388
42,1472,1514,0.1388
41,1477,1518,0.1388
41,1472,1513,0.1388
41,1473,1514,0.1388
41,1467,1508,0.1388
41,1466,1507,0.1388
40,1473,1513,0.1388
40,1469,1509,0.1388
39,1459,1498,0.1388
37,1474,1511,0.1388
36,1479,1515,0.1388
36,1483,1519,0.1388
36,1463,1499,0.1388
36,1472,1508,0.1388
36,1482,1518,0.1388
36,1485,1521,0.1388
37,1486,1523,0.1388
37,1490,1527,0.1388
38,1487,1525,0.1388
37,1466,1503,0.1388
37,1479,1516,0.1388
36,1487,1523,0.1388
36,1487,1523,0.1388
36,1489,1525,0.1388
37,1487,1524,0.1388
34,1474,1508,0.1388
36,1480,1516,0.1388
34,1480,1514,0.1388
35,1471,1506,0.1388
36,1479,1515,0.1388
36,1476,1512,0.1388
36,1477,1513,0.1388
33,1479,1512,0.1388
31,1480,1511,0.1388
32,1486,1518,0.1388
31,1481,1512,0.1388
31,1478,1509,0.1388
30,1473,1503,0.1388
30,1479,1509,0.1388
30,1490,1520,0.1388
30,1494,1524,0.1388
29,1489,1518,0.1388
27,1488,1515,0.1388
26,1483,1509,0.1388
25,1496,1521,0.1388
25,1510,1535,0.1388
25,1502,1527,0.1388
25,1490,1515,0.1388
24,1498,1522,0.1388
24,1498,1522,0.1388
23,1486,1509,0.1388
22,1485,1507,0.1388
20,1499,1519,0.1388
21,1494,1515,0.1388
21,1489,1510,0.1388
21,1481,1502,0.1388
21,1489,1510,0.1388
21,1494,1515,0.1388
21,1502,1523,0.1388
20,1497,1517,0.1388
21,1493,1514,0.1388
21,1482,1503,0.1388
22,1478,1500,0.1388
23,1469,1492,0.1388
22,1484,1506,0.1388
23,1486,1509,0.1388
23,1479,1502,0.1388
22,1483,1505,0.1388
22,1487,1509,0.1388
23,1493,1516,0.1388
21,1492,1513,0.1388
21,1505,1526,0.1388
18,1500,1518,0.1388
17,1495,1512,0.1388
16,1496,1512,0.1388
16,1499,1515,0.1388
17,1498,1515,0.1388
18,1503,1521,0.1388
18,1495,1513,0.1388
18,1502,1520,0.1388
16,1487,1503,0.1388
15,1499,1514,0.1388
14,1503,1517,0.1388
15,1508,1523,0.1388
15,1500,1515,0.1388
15,1512,1527,0.1388
15,1509,1524,0.1388
13,1512,1525,0.1388
12,1518,1530,0.1388
12,1513,1525,0.1388
12,1511,1523,0.1388
12,1507,1519,0.1388
13,1517,1530,0.1388
13,1500,1513,0.1388
12,1501,1513,0.1388
11,1487,1498,0.1388
11,1506,1517,0.1388
11,1507,1518,0.1388
12,1514,1526,0.1388
12,1510,1522,0.1388
12,1511,1523,0.1388
10,1514,1524,0.1388
10,1508,1518,0.1388
10,1504,1514,0.1388
9,1516,1525,0.1388
11,1522,1533,0.1388
12,1524,1536,0.1388
13,1514,1527,0.1388
13,1509,1522,0.1388
12,1502,1514,0.1388
12,1517,1529,0.1388
12,1512,1524,0.1388
12,1514,1526,0.1388
12,1513,1525,0.1388
12,1494,1506,0.1388
13,1499,1512,0.1388
13,1508,1521,0.1388
13,1500,1513,0.1388
13,1478,1491,0.1388
14,1487,1501,0.1388
13,1500,1513,0.1388
14,1503,1517,0.1388
13,1500,1513,0.1388
13,1514,1527,0.1388
13,1513,1526,0.1388
13,1505,1518,0.1388
14,1500,1514,0.1388
14,1511,1525,0.1388
14,1513,1527,0.1388
14,1508,1522,0.1388
15,1509,1524,0.1388
16,1503,1519,0.1388
17,1504,1521,0.1388
16,1506,1522,0.1388
16,1515,1531,0.1388
15,1498,1513,0.1388
13,1506,1519,0.1388
13,1505,1518,0.1388
13,1514,1527,0.1388
11,1510,1521,0.1388
10,1507,1517,0.1388
10,1508,1518,0.1388
10,1501,1511,0.1388
10,1489,1499,0.1388
10,1494,1504,0.1388
10,1496,1506,0.1388
10,1509,1519,0.1388
10,1519,1529,0.1388
9,1513,1522,0.1388
8,1512,1520,0.1388
9,1523,1532,0.1388
9,1519,1528,0.1388
8,1505,1513,0.1388
9,1514,1523,0.1388
8,1503,1511,0.1388
8,1489,1497,0.1388
8,1491,1499,0.1388
8,1504,1512,0.1388
8,1504,1512,0.1388
9,1507,1516,0.1388
9,1510,1519,0.1388
9,1518,1527,0.1388
9,1513,1522,0.1388
9,1500,1509,0.1388
9,1488,1497,0.1388
7,1491,1498,0.1388
8,1490,1498,0.1388
8,1494,1502,0.1388
7,1494,1501,0.1388
7,1503,1510,0.1388
6,1500,1506,0.1388
6,1509,1515,0.1388
6,1510,1516,0.1388
6,1508,1514,0.1388
6,1491,1497,0.1388
6,1498,1504,0.1388
6,1503,1509,0.1388
5,1508,1513,0.1388
5,1515,1520,0.1388
5,1513,1518,0.1388
5,1510,1515,0.1388
5,1516,1521,0.1388
5,1520,1525,0.1388
5,1515,1520,0.1388
5,1517,1522,0.1388
4,1504,1508,0.1388
3,1518,1521,0.1388
3,1508,1511,0.1388
3,1509,1512,0.1388
3,1514,1517,0.1388
3,1517,1520,0.1388
3,1522,1525,0.1388
3,1517,1520,0.1388
3,1515,1518,0.1388
3,1518,1521,0.1388
3,1517,1520,0.1388
3,1513,1516,0.1388
3,1512,1515,0.1388
3,1514,1517,0.1388
3,1518,1521,0.1388
3,1526,1529,0.1388
3,1510,1513,0.1388
3,1513,1516,0.1388
3,1513,1516,0.1388
3,1515,1518,0.1388
3,1506,1509,0.1388
2,1506,1508,0.1388
2,1509,1511,0.1388
2,1504,1506,0.1388
2,1517,1519,0.1388
2,1517,1519,0.1388
2,1511,1513,0.1388
2,1512,1514,0.1388
2,1513,1515,0.1388
2,1504,1506,0.1388
2,1515,1517,0.1388
2,1518,1520,0.1388
2,1516,1518,0.1388
2,1510,1512,0.1388
2,1524,1526,0.1388
2,1514,1516,0.1388
2,1523,1525,0.1388
2,1524,1526,0.1388
2,1523,1525,0.1388
2,1536,1538,0.1388
2,1516,1518,0.1388
2,1510,1512,0.1388
2,1516,1518,0.1388
2,1513,1515,0.1388
2,1507,1509,0.1388
2,1508,1510,0.1388
2,1510,1512,0.1388
2,1512,1514,0.1388
1,1517,1518,0.1388
1,1518,1519,0.1388
1,1516,1517,0.1388
1,1513,1514,0.1388
1,1517,1518,0.1388
1,1511,1512,0.1388
1,1512,1513,0.1388
1,1510,1511,0.1388
1,1523,1524,0.1388
1,1524,1525,0.1388
0,1530,1530,0.1388
