1359,27,1386,0.1388
1387,28,1415,0.1388
1407,31,1438,0.1388
1419,32,1451,0.1388
1427,33,1460,0.1388
1435,33,1468,0.1388
1448,35,1483,0.1388
1449,38,1487,0.1388
1451,37,1488,0.1388
1449,35,1484,0.1388
1448,32,1480,0.1388
1446,34,1480,0.1388
1452,37,1489,0.1388
1448,38,1486,0.1388
1456,39,1495,0.1388
1457,41,1498,0.1388
1471,44,1515,0.1388
1468,45,1513,0.1388
1468,46,1514,0.1388
1453,46,1499,0.1388
1454,46,1500,0.1388
1442,46,1488,0.1388
1457,45,1502,0.1388
1457,46,1503,0.1388
1455,48,1503,0.1388
1456,44,1500,0.1388
1436,45,1481,0.1388
1448,45,1493,0.1388
1434,43,1477,0.1388
1432,44,1476,0.1388
1441,46,1487,0.1388
1442,46,1488,0.1388
1438,45,1483,0.1388
1443,44,1487,0.1388
1442,45,1487,0.1388
1446,44,1490,0.1388
1448,45,1493,0.1388
1454,46,1500,0.1388
1454,46,1500,0.1388
1437,48,1485,0.1388
1437,50,1487,0.1388
1430,52,1482,0.1388
1449,52,1501,0.1388
1447,53,1500,0.1388
1432,52,1484,0.1388
1439,49,1488,0.1388
1429,51,1480,0.1388
1439,50,1489,0.1388
1434,50,1484,0.1388
1430,48,1478,0.1388
1430,46,1476,0.1388
1449,48,1497,0.1388
1448,48,1496,0.1388
1461,50,1511,0.1388
1450,49,1499,0.1388
1455,50,1505,0.1388
1444,49,1493,0.1388
1431,48,1479,0.1388
1423,50,1473,0.1388
1445,52,1497,0.1388
1447,52,1499,0.1388
1441,54,1495,0.1388
1449,53,1502,0.1388
1440,54,1494,0.1388
1444,51,1495,0.1388
1426,48,1474,0.1388
1423,47,1470,0.1388
1427,47,1474,0.1388
1429,47,1476,0.1388
1435,49,1484,0.1388
1442,50,1492,0.1388
1436,48,1484,0.1388
1447,47,1494,0.1388
1449,50,1499,0.1388
1459,51,1510,0.1388
1460,50,1510,0.1388
1455,48,1503,0.1388
1446,49,1495,0.1388
1441,50,1491,0.1388
1436,49,1485,0.1388
1443,48,1491,0.1388
1435,48,1483,0.1388
1438,47,1485,0.1388
1440,48,1488,0.1388
1434,47,1481,0.1388
1438,45,1483,0.1388
1435,45,1480,0.1388
1419,47,1466,0.1388
1426,48,1474,0.1388
1437,48,1485,0.1388
1437,50,1487,0.1388
1440,52,1492,0.1388
1454,51,1505,0.1388
1432,54,1486,0.1388
1422,54,1476,0.1388
1418,56,1474,0.1388
1426,58,1484,0.1388
1437,57,1494,0.1388
1436,56,1492,0.1388
1441,55,1496,0.1388
1455,53,1508,0.1388
1449,55,1504,0.1388
1445,55,1500,0.1388
1429,55,1484,0.1388
1430,55,1485,0.1388
1435,57,1492,0.1388
1434,60,1494,0.1388
1431,60,1491,0.1388
1425,60,1485,0.1388
1429,62,1491,0.1388
1421,62,1483,0.1388
1423,64,1487,0.1388
1427,62,1489,0.1388
1413,59,1472,0.1388
1422,61,1483,0.1388
1417,61,1478,0.1388
1427,59,1486,0.1388
1428,60,1488,0.1388
1421,60,1481,0.1388
1425,61,1486,0.1388
1427,60,1487,0.1388
1417,58,1475,0.1388
1413,53,1466,0.1388
1419,54,1473,0.1388
1415,53,1468,0.1388
1416,54,1470,0.1388
1402,54,1456,0.1388
1422,54,1476,0.1388
1433,52,1485,0.1388
1449,54,1503,0.1388
1450,56,1506,0.1388
1437,54,1491,0.1388
1451,53,1504,0.1388
1449,56,1505,0.1388
1451,54,1505,0.1388
1457,58,1515,0.1388
1444,57,1501,0.1388
1464,56,1520,0.1388
1458,56,1514,0.1388
1439,56,1495,0.1388
1437,59,1496,0.1388
1430,60,1490,0.1388
1434,62,1496,0.1388
1426,62,1488,0.1388
1436,62,1498,0.1388
1440,63,1503,0.1388
1421,60,1481,0.1388
1413,60,1473,0.1388
1429,59,1488,0.1388
1430,57,1487,0.1388
1438,58,1496,0.1388
1437,60,1497,0.1388
1446,62,1508,0.1388
1428,61,1489,0.1388
1433,61,1494,0.1388
1443,62,1505,0.1388
1441,61,1502,0.1388
1432,62,1494,0.1388
1437,64,1501,0.1388
1420,64,1484,0.1388
1424,64,1488,0.1388
1406,63,1469,0.1388
1412,64,1476,0.1388
1420,65,1485,0.1388
1428,64,1492,0.1388
1435,65,1500,0.1388
1442,66,1508,0.1388
1442,68,1510,0.1388
1440,68,1508,0.1388
1416,68,1484,0.1388
1403,68,1471,0.1388
1416,66,1482,0.1388
1415,62,1477,0.1388
1421,65,1486,0.1388
1421,68,1489,0.1388
1427,72,1499,0.1388
1422,71,1493,0.1388
1424,69,1493,0.1388
1426,70,1496,0.1388
1435,68,1503,0.1388
1437,69,1506,0.1388
1446,72,1518,0.1388
1437,73,1510,0.1388
1429,74,1503,0.1388
1423,75,1498,0.1388
1434,76,1510,0.1388
1425,77,1502,0.1388
1415,77,1492,0.1388
1426,81,1507,0.1388
1435,78,1513,0.1388
1430,79,1509,0.1388
1432,79,1511,0.1388
1412,79,1491,0.1388
1407,77,1484,0.1388
1406,78,1484,0.1388
1414,77,1491,0.1388
1418,78,1496,0.1388
1423,74,1497,0.1388
1422,78,1500,0.1388
1421,76,1497,0.1388
1417,78,1495,0.1388
1422,77,1499,0.1388
1418,73,1491,0.1388
1420,72,1492,0.1388
1424,74,1498,0.1388
1410,72,1482,0.1388
1408,72,1480,0.1388
1413,73,1486,0.1388
1412,73,1485,0.1388
1414,70,1484,0.1388
1419,74,1493,0.1388
1405,72,1477,0.1388
1423,70,1493,0.1388
1431,73,1504,0.1388
1423,73,1496,0.1388
1418,75,1493,0.1388
1407,80,1487,0.1388
1403,79,1482,0.1388
1399,81,1480,0.1388
1400,80,1480,0.1388
1398,86,1484,0.1388
1399,80,1479,0.1388
1410,83,1493,0.1388
1411,84,1495,0.1388
1407,85,1492,0.1388
1405,83,1488,0.1388
1398,82,1480,0.1388
1393,82,1475,0.1388
1399,86,1485,0.1388
1400,85,1485,0.1388
1396,86,1482,0.1388
1390,86,1476,0.1388
1399,84,1483,0.1388
1396,85,1481,0.1388
1407,85,1492,0.1388
1413,83,1496,0.1388
1414,82,1496,0.1388
1419,80,1499,0.1388
1428,80,1508,0.1388
1415,82,1497,0.1388
1410,80,1490,0.1388
1410,79,1489,0.1388
1386,82,1468,0.1388
1390,83,1473,0.1388
1395,78,1473,0.1388
1402,81,1483,0.1388
1405,81,1486,0.1388
1407,82,1489,0.1388
1407,80,1487,0.1388
1406,76,1482,0.1388
1412,82,1494,0.1388
1419,82,1501,0.1388
1418,83,1501,0.1388
1416,83,1499,0.1388
1408,82,1490,0.1388
1410,84,1494,0.1388
1412,83,1495,0.1388
1414,81,1495,0.1388
1410,81,1491,0.1388
1412,83,1495,0.1388
1398,83,1481,0.1388
1381,83,1464,0.1388
1387,83,1470,0.1388
1392,84,1476,0.1388
1395,83,1478,0.1388
1393,81,1474,0.1388
1387,79,1466,0.1388
1383,80,1463,0.1388
1391,86,1477,0.1388
1410,84,1494,0.1388
1411,83,1494,0.1388
1408,83,1491,0.1388
1404,90,1494,0.1388
1411,92,1503,0.1388
1397,96,1493,0.1388
1395,97,1492,0.1388
1397,97,1494,0.1388
1400,101,1501,0.1388
1404,101,1505,0.1388
1400,99,1499,0.1388
1422,99,1521,0.1388
1405,100,1505,0.1388
1401,98,1499,0.1388
1388,97,1485,0.1388
1396,99,1495,0.1388
1399,97,1496,0.1388
1406,99,1505,0.1388
1399,98,1497,0.1388
1404,100,1504,0.1388
1408,103,1511,0.1388
1410,100,1510,0.1388
1396,96,1492,0.1388
1407,98,1505,0.1388
1400,99,1499,0.1388
1412,100,1512,0.1388
1394,96,1490,0.1388
1394,97,1491,0.1388
1391,100,1491,0.1388
1397,103,1500,0.1388
1397,103,1500,0.1388
1395,102,1497,0.1388
1404,102,1506,0.1388
1390,101,1491,0.1388
1401,97,1498,0.1388
1401,95,1496,0.1388
1416,95,1511,0.1388
1409,94,1503,0.1388
1410,95,1505,0.1388
1414,96,1510,0.1388
1423,98,1521,0.1388
1415,97,1512,0.1388
1404,99,1503,0.1388
1401,96,1497,0.1388
1391,95,1486,0.1388
1391,95,1486,0.1388
1400,88,1488,0.1388
1400,89,1489,0.1388
1406,90,1496,0.1388
1410,90,1500,0.1388
1402,90,1492,0.1388
1400,88,1488,0.1388
1399,89,1488,0.1388
1410,89,1499,0.1388
1404,91,1495,0.1388
1411,90,1501,0.1388
1415,90,1505,0.1388
1416,91,1507,0.1388
1403,91,1494,0.1388
1417,91,1508,0.1388
1420,90,1510,0.1388
1411,88,1499,0.1388
1400,92,1492,0.1388
1406,90,1496,0.1388
1407,91,1498,0.1388
1400,89,1489,0.1388
1402,86,1488,0.1388
1393,87,1480,0.1388
1394,91,1485,0.1388
1387,91,1478,0.1388
1385,91,1476,0.1388
1405,90,1495,0.1388
1400,92,1492,0.1388
1405,88,1493,0.1388
1399,89,1488,0.1388
1390,96,1486,0.1388
1392,96,1488,0.1388
1405,96,1501,0.1388
1402,96,1498,0.1388
1395,97,1492,0.1388
1400,97,1497,0.1388
1379,98,1477,0.1388
1395,94,1489,0.1388
1393,97,1490,0.1388
1390,95,1485,0.1388
1389,99,1488,0.1388
1393,96,1489,0.1388
1405,100,1505,0.1388
1408,101,1509,0.1388
1403,101,1504,0.1388
1394,102,1496,0.1388
1395,103,1498,0.1388
1390,99,1489,0.1388
1391,100,1491,0.1388
1401,103,1504,0.1388
1398,104,1502,0.1388
1405,101,1506,0.1388
1386,99,1485,0.1388
1385,100,1485,0.1388
1376,104,1480,0.1388
1371,103,1474,0.1388
1372,106,1478,0.1388
1380,107,1487,0.1388
1384,106,1490,0.1388
1384,107,1491,0.1388
1376,104,1480,0.1388
1365,102,1467,0.1388
1367,102,1469,0.1388
1377,103,1480,0.1388
1370,106,1476,0.1388
1360,106,1466,0.1388
1373,107,1480,0.1388
1377,105,1482,0.1388
1377,104,1481,0.1388
1378,106,1484,0.1388
1383,104,1487,0.1388
1386,105,1491,0.1388
1384,109,1493,0.1388
1376,112,1488,0.1388
1366,113,1479,0.1388
1359,112,1471,0.1388
1369,114,1483,0.1388
1371,111,1482,0.1388
1378,110,1488,0.1388
1370,112,1482,0.1388
1374,112,1486,0.1388
1370,113,1483,0.1388
1367,118,1485,0.1388
1359,120,1479,0.1388
1352,121,1473,0.1388
1368,122,1490,0.1388
1374,126,1500,0.1388
1379,124,1503,0.1388
1383,127,1510,0.1388
1368,129,1497,0.1388
1374,133,1507,0.1388
1373,135,1508,0.1388
1371,136,1507,0.1388
1366,132,1498,0.1388
1362,133,1495,0.1388
1350,129,1479,0.1388
1356,130,1486,0.1388
1354,132,1486,0.1388
1358,130,1488,0.1388
1361,133,1494,0.1388
1355,130,1485,0.1388
1351,135,1486,0.1388
1347,133,1480,0.1388
1363,134,1497,0.1388
1356,135,1491,0.1388
1367,135,1502,0.1388
1375,134,1509,0.1388
1360,132,1492,0.1388
1351,130,1481,0.1388
1357,123,1480,0.1388
1362,120,1482,0.1388
1363,118,1481,0.1388
1362,118,1480,0.1388
1364,121,1485,0.1388
1368,120,1488,0.1388
1372,124,1496,0.1388
1373,118,1491,0.1388
1381,116,1497,0.1388
1389,114,1503,0.1388
1369,116,1485,0.1388
1369,113,1482,0.1388
1373,115,1488,0.1388
1370,114,1484,0.1388
1356,115,1471,0.1388
1363,116,1479,0.1388
1372,120,1492,0.1388
1371,121,1492,0.1388
1360,119,1479,0.1388
1355,118,1473,0.1388
1358,121,1479,0.1388
1367,125,1492,0.1388
1365,128,1493,0.1388
1360,130,1490,0.1388
1362,128,1490,0.1388
1378,126,1504,0.1388
1382,125,1507,0.1388
1376,126,1502,0.1388
1379,125,1504,0.1388
1384,122,1506,0.1388
1381,126,1507,0.1388
1376,130,1506,0.1388
1374,123,1497,0.1388
1381,121,1502,0.1388
1380,122,1502,0.1388
1370,122,1492,0.1388
1366,126,1492,0.1388
1365,129,1494,0.1388
1362,126,1488,0.1388
1371,126,1497,0.1388
1366,127,1493,0.1388
1368,132,1500,0.1388
1369,136,1505,0.1388
1353,136,1489,0.1388
1356,136,1492,0.1388
1346,139,1485,0.1388
1337,142,1479,0.1388
1332,141,1473,0.1388
1340,146,1486,0.1388
1344,148,1492,0.1388
1360,147,1507,0.1388
1366,143,1509,0.1388
1351,139,1490,0.1388
1345,143,1488,0.1388
1347,144,1491,0.1388
1348,142,1490,0.1388
1352,146,1498,0.1388
1351,149,1500,0.1388
1356,148,1504,0.1388
1358,146,1504,0.1388
1360,145,1505,0.1388
1361,145,1506,0.1388
1351,145,1496,0.1388
1350,143,1493,0.1388
1350,149,1499,0.1388
1346,150,1496,0.1388
1349,145,1494,0.1388
1348,148,1496,0.1388
1350,151,1501,0.1388
1344,147,1491,0.1388
1344,147,1491,0.1388
1344,149,1493,0.1388
1355,148,1503,0.1388
1355,146,1501,0.1388
1345,148,1493,0.1388
1353,147,1500,0.1388
1354,145,1499,0.1388
1354,145,1499,0.1388
1346,147,1493,0.1388
1350,147,1497,0.1388
1354,152,1506,0.1388
1347,158,1505,0.1388
1334,164,1498,0.1388
1334,168,1502,0.1388
1329,169,1498,0.1388
1326,168,1494,0.1388
1331,168,1499,0.1388
1316,166,1482,0.1388
1309,163,1472,0.1388
1333,166,1499,0.1388
1326,167,1493,0.1388
1323,163,1486,0.1388
1327,160,1487,0.1388
1333,160,1493,0.1388
1343,164,1507,0.1388
1326,168,1494,0.1388
1313,163,1476,0.1388
1325,166,1491,0.1388
1330,166,1496,0.1388
1331,167,1498,0.1388
1334,170,1504,0.1388
1328,174,1502,0.1388
1337,173,1510,0.1388
1326,175,1501,0.1388
1325,168,1493,0.1388
1329,169,1498,0.1388
1314,170,1484,0.1388
1320,170,1490,0.1388
1326,169,1495,0.1388
1332,174,1506,0.1388
1326,174,1500,0.1388
1307,180,1487,0.1388
1311,181,1492,0.1388
1316,175,1491,0.1388
1316,173,1489,0.1388
1321,173,1494,0.1388
1328,171,1499,0.1388
1318,170,1488,0.1388
1328,175,1503,0.1388
1316,175,1491,0.1388
1311,177,1488,0.1388
1311,180,1491,0.1388
1310,178,1488,0.1388
1310,179,1489,0.1388
1303,177,1480,0.1388
1297,176,1473,0.1388
1311,182,1493,0.1388
1307,184,1491,0.1388
1304,184,1488,0.1388
1304,186,1490,0.1388
1301,185,1486,0.1388
1296,189,1485,0.1388
1302,188,1490,0.1388
1287,186,1473,0.1388
1300,188,1488,0.1388
1304,191,1495,0.1388
1310,184,1494,0.1388
1319,183,1502,0.1388
1309,180,1489,0.1388
1306,183,1489,0.1388
1311,186,1497,0.1388
1308,192,1500,0.1388
1304,195,1499,0.1388
1298,198,1496,0.1388
1299,201,1500,0.1388
1283,206,1489,0.1388
1279,207,1486,0.1388
1286,208,1494,0.1388
1286,208,1494,0.1388
1284,211,1495,0.1388
1271,213,1484,0.1388
1265,217,1482,0.1388
1265,208,1473,0.1388
1273,209,1482,0.1388
1279,206,1485,0.1388
1287,208,1495,0.1388
1279,206,1485,0.1388
1285,214,1499,0.1388
1286,220,1506,0.1388
1283,217,1500,0.1388
1290,218,1508,0.1388
1279,217,1496,0.1388
1284,217,1501,0.1388
1280,213,1493,0.1388
1285,211,1496,0.1388
1277,210,1487,0.1388
1283,216,1499,0.1388
1281,218,1499,0.1388
1279,216,1495,0.1388
1274,216,1490,0.1388
1276,215,1491,0.1388
1283,215,1498,0.1388
1286,217,1503,0.1388
1273,215,1488,0.1388
1285,217,1502,0.1388
1283,215,1498,0.1388
1273,212,1485,0.1388
1267,211,1478,0.1388
1275,209,1484,0.1388
1291,209,1500,0.1388
1287,210,1497,0.1388
1286,214,1500,0.1388
1275,215,1490,0.1388
1275,213,1488,0.1388
1258,215,1473,0.1388
1269,215,1484,0.1388
1270,214,1484,0.1388
1278,211,1489,0.1388
1271,211,1482,0.1388
1289,211,1500,0.1388
1286,214,1500,0.1388
1293,212,1505,0.1388
1284,210,1494,0.1388
1287,211,1498,0.1388
1278,209,1487,0.1388
1285,211,1496,0.1388
1278,213,1491,0.1388
1286,207,1493,0.1388
1294,210,1504,0.1388
1289,209,1498,0.1388
1280,205,1485,0.1388
1255,201,1456,0.1388
1266,205,1471,0.1388
1266,204,1470,0.1388
1278,209,1487,0.1388
1277,213,1490,0.1388
1283,210,1493,0.1388
1285,213,1498,0.1388
1284,216,1500,0.1388
1284,220,1504,0.1388
1282,217,1499,0.1388
1285,219,1504,0.1388
1288,218,1506,0.1388
1286,218,1504,0.1388
1286,215,1501,0.1388
1278,216,1494,0.1388
1281,218,1499,0.1388
1274,216,1490,0.1388
1264,226,1490,0.1388
1273,224,1497,0.1388
1280,229,1509,0.1388
1266,231,1497,0.1388
1266,232,1498,0.1388
1269,232,1501,0.1388
1274,231,1505,0.1388
1271,231,1502,0.1388
1273,228,1501,0.1388
1271,233,1504,0.1388
1266,234,1500,0.1388
1264,235,1499,0.1388
1261,233,1494,0.1388
1259,232,1491,0.1388
1250,227,1477,0.1388
1256,234,1490,0.1388
1249,238,1487,0.1388
1257,245,1502,0.1388
1247,239,1486,0.1388
1244,252,1496,0.1388
1239,252,1491,0.1388
1255,248,1503,0.1388
1257,245,1502,0.1388
1259,248,1507,0.1388
1255,248,1503,0.1388
1250,244,1494,0.1388
1244,249,1493,0.1388
1255,249,1504,0.1388
1250,250,1500,0.1388
1251,251,1502,0.1388
1251,247,1498,0.1388
1237,250,1487,0.1388
1253,242,1495,0.1388
1250,245,1495,0.1388
1241,248,1489,0.1388
1245,251,1496,0.1388
1240,249,1489,0.1388
1234,251,1485,0.1388
1214,251,1465,0.1388
1232,251,1483,0.1388
1242,249,1491,0.1388
1245,249,1494,0.1388
1237,248,1485,0.1388
1225,251,1476,0.1388
1231,248,1479,0.1388
1247,242,1489,0.1388
1242,245,1487,0.1388
1244,245,1489,0.1388
1250,248,1498,0.1388
1251,243,1494,0.1388
1253,242,1495,0.1388
1260,239,1499,0.1388
1251,240,1491,0.1388
1252,242,1494,0.1388
1245,246,1491,0.1388
1240,242,1482,0.1388
1247,244,1491,0.1388
1235,246,1481,0.1388
1235,249,1484,0.1388
1240,249,1489,0.1388
1246,246,1492,0.1388
1244,253,1497,0.1388
1241,257,1498,0.1388
1242,255,1497,0.1388
1250,253,1503,0.1388
1264,249,1513,0.1388
1261,254,1515,0.1388
1254,253,1507,0.1388
1240,250,1490,0.1388
1238,247,1485,0.1388
1250,251,1501,0.1388
1243,252,1495,0.1388
1233,257,1490,0.1388
1234,262,1496,0.1388
1235,262,1497,0.1388
1239,257,1496,0.1388
1252,262,1514,0.1388
1238,264,1502,0.1388
1248,263,1511,0.1388
1238,269,1507,0.1388
1241,264,1505,0.1388
1241,263,1504,0.1388
1239,267,1506,0.1388
1244,261,1505,0.1388
1238,263,1501,0.1388
1239,266,1505,0.1388
1238,268,1506,0.1388
1242,267,1509,0.1388
1230,266,1496,0.1388
1221,275,1496,0.1388
1229,272,1501,0.1388
1221,275,1496,0.1388
1215,276,1491,0.1388
1217,279,1496,0.1388
1214,273,1487,0.1388
1222,274,1496,0.1388
1222,269,1491,0.1388
1221,270,1491,0.1388
1211,272,1483,0.1388
1211,270,1481,0.1388
1203,270,1473,0.1388
1212,266,1478,0.1388
1219,268,1487,0.1388
1227,273,1500,0.1388
1237,271,1508,0.1388
1240,270,1510,0.1388
1237,275,1512,0.1388
1242,280,1522,0.1388
1240,280,1520,0.1388
1231,278,1509,0.1388
1227,279,1506,0.1388
1214,279,1493,0.1388
1205,281,1486,0.1388
1212,286,1498,0.1388
1211,289,1500,0.1388
1213,294,1507,0.1388
1199,299,1498,0.1388
1209,299,1508,0.1388
1201,293,1494,0.1388
1194,305,1499,0.1388
1187,302,1489,0.1388
1187,302,1489,0.1388
1195,297,1492,0.1388
1189,297,1486,0.1388
1200,301,1501,0.1388
1201,299,1500,0.1388
1195,299,1494,0.1388
1190,295,1485,0.1388
1184,304,1488,0.1388
1186,303,1489,0.1388
1180,309,1489,0.1388
1186,306,1492,0.1388
1189,310,1499,0.1388
1196,309,1505,0.1388
1191,311,1502,0.1388
1192,312,1504,0.1388
1192,314,1506,0.1388
1190,316,1506,0.1388
1189,320,1509,0.1388
1189,315,1504,0.1388
1185,325,1510,0.1388
1175,328,1503,0.1388
1180,327,1507,0.1388
1180,331,1511,0.1388
1177,326,1503,0.1388
1180,320,1500,0.1388
1184,327,1511,0.1388
1175,331,1506,0.1388
1181,330,1511,0.1388
1169,330,1499,0.1388
1173,334,1507,0.1388
1164,334,1498,0.1388
1167,334,1501,0.1388
1168,338,1506,0.1388
1163,333,1496,0.1388
1180,340,1520,0.1388
1170,341,1511,0.1388
1164,345,1509,0.1388
1160,338,1498,0.1388
1159,344,1503,0.1388
1153,341,1494,0.1388
1155,341,1496,0.1388
1176,343,1519,0.1388
1176,348,1524,0.1388
1168,349,1517,0.1388
1157,347,1504,0.1388
1169,340,1509,0.1388
1159,342,1501,0.1388
1155,346,1501,0.1388
1158,346,1504,0.1388
1162,345,1507,0.1388
1154,350,1504,0.1388
1160,352,1512,0.1388
1152,355,1507,0.1388
1150,356,1506,0.1388
1139,357,1496,0.1388
1147,357,1504,0.1388
1145,351,1496,0.1388
1153,351,1504,0.1388
1157,347,1504,0.1388
1153,342,1495,0.1388
1144,351,1495,0.1388
1145,349,1494,0.1388
1151,354,1505,0.1388
1142,364,1506,0.1388
1146,365,1511,0.1388
1143,364,1507,0.1388
1142,362,1504,0.1388
1142,363,1505,0.1388
1138,364,1502,0.1388
1133,364,1497,0.1388
1121,357,1478,0.1388
1121,362,1483,0.1388
1109,364,1473,0.1388
1105,371,1476,0.1388
1115,369,1484,0.1388
1110,370,1480,0.1388
1123,372,1495,0.1388
1130,370,1500,0.1388
1129,371,1500,0.1388
1117,376,1493,0.1388
1119,377,1496,0.1388
1117,379,1496,0.1388
1114,379,1493,0.1388
1117,384,1501,0.1388
1110,386,1496,0.1388
1121,380,1501,0.1388
1112,381,1493,0.1388
1115,373,1488,0.1388
1113,372,1485,0.1388
1117,381,1498,0.1388
1101,389,1490,0.1388
1107,390,1497,0.1388
1096,397,1493,0.1388
1083,402,1485,0.1388
1096,400,1496,0.1388
1097,399,1496,0.1388
1098,395,1493,0.1388
1104,394,1498,0.1388
1110,400,1510,0.1388
1108,396,1504,0.1388
1098,396,1494,0.1388
1099,396,1495,0.1388
1108,399,1507,0.1388
1115,392,1507,0.1388
1116,400,1516,0.1388
1107,401,1508,0.1388
1100,399,1499,0.1388
1098,402,1500,0.1388
1099,406,1505,0.1388
1101,401,1502,0.1388
1087,404,1491,0.1388
1092,400,1492,0.1388
1095,402,1497,0.1388
1092,397,1489,0.1388
1096,393,1489,0.1388
1103,396,1499,0.1388
1096,398,1494,0.1388
1100,403,1503,0.1388
1090,397,1487,0.1388
1095,399,1494,0.1388
1092,396,1488,0.1388
1097,393,1490,0.1388
1100,400,1500,0.1388
1101,396,1497,0.1388
1096,394,1490,0.1388
1091,404,1495,0.1388
1096,402,1498,0.1388
1088,413,1501,0.1388
1081,415,1496,0.1388
1089,413,1502,0.1388
1082,413,1495,0.1388
1080,413,1493,0.1388
1085,418,1503,0.1388
1078,422,1500,0.1388
1080,423,1503,0.1388
1075,424,1499,0.1388
1076,425,1501,0.1388
1072,423,1495,0.1388
1078,421,1499,0.1388
1083,427,1510,0.1388
1075,428,1503,0.1388
1085,428,1513,0.1388
1083,422,1505,0.1388
1100,424,1524,0.1388
1091,429,1520,0.1388
1084,429,1513,0.1388
1073,431,1504,0.1388
1068,432,1500,0.1388
1075,433,1508,0.1388
1084,432,1516,0.1388
1094,435,1529,0.1388
1082,440,1522,0.1388
1085,432,1517,0.1388
1092,431,1523,0.1388
1088,431,1519,0.1388
1080,418,1498,0.1388
1086,425,1511,0.1388
1081,423,1504,0.1388
1078,430,1508,0.1388
1083,427,1510,0.1388
1081,419,1500,0.1388
1074,416,1490,0.1388
1071,406,1477,0.1388
1069,404,1473,0.1388
1078,411,1489,0.1388
1077,410,1487,0.1388
1082,415,1497,0.1388
1085,414,1499,0.1388
1080,415,1495,0.1388
1081,418,1499,0.1388
1072,420,1492,0.1388
1058,417,1475,0.1388
1058,416,1474,0.1388
1064,423,1487,0.1388
1072,418,1490,0.1388
1075,416,1491,0.1388
1084,414,1498,0.1388
1083,416,1499,0.1388
1086,420,1506,0.1388
1094,417,1511,0.1388
1092,415,1507,0.1388
1091,413,1504,0.1388
1089,424,1513,0.1388
1081,429,1510,0.1388
1084,429,1513,0.1388
1075,441,1516,0.1388
1081,440,1521,0.1388
1073,440,1513,0.1388
1083,434,1517,0.1388
1081,443,1524,0.1388
1078,453,1531,0.1388
1077,452,1529,0.1388
1077,447,1524,0.1388
1070,442,1512,0.1388
1059,449,1508,0.1388
1060,451,1511,0.1388
1056,451,1507,0.1388
1049,453,1502,0.1388
1059,455,1514,0.1388
1050,457,1507,0.1388
1041,451,1492,0.1388
1045,456,1501,0.1388
1046,449,1495,0.1388
1050,453,1503,0.1388
1044,452,1496,0.1388
1043,451,1494,0.1388
1054,461,1515,0.1388
1048,461,1509,0.1388
1036,460,1496,0.1388
1042,461,1503,0.1388
1032,461,1493,0.1388
1025,462,1487,0.1388
1029,460,1489,0.1388
1036,458,1494,0.1388
1018,457,1475,0.1388
1010,462,1472,0.1388
1021,463,1484,0.1388
1032,465,1497,0.1388
1035,459,1494,0.1388
1036,461,1497,0.1388
1036,467,1503,0.1388
1032,468,1500,0.1388
1030,475,1505,0.1388
1039,467,1506,0.1388
1030,469,1499,0.1388
1028,462,1490,0.1388
1027,465,1492,0.1388
1032,469,1501,0.1388
1037,471,1508,0.1388
1038,467,1505,0.1388
1020,467,1487,0.1388
1022,460,1482,0.1388
1034,463,1497,0.1388
1030,464,1494,0.1388
1043,459,1502,0.1388
1039,458,1497,0.1388
1032,459,1491,0.1388
1028,461,1489,0.1388
1031,452,1483,0.1388
1032,457,1489,0.1388
1026,463,1489,0.1388
1028,462,1490,0.1388
1026,463,1489,0.1388
1040,464,1504,0.1388
1037,467,1504,0.1388
1030,463,1493,0.1388
1019,463,1482,0.1388
1029,457,1486,0.1388
1037,458,1495,0.1388
1041,464,1505,0.1388
1032,460,1492,0.1388
1037,467,1504,0.1388
1040,474,1514,0.1388
1034,475,1509,0.1388
1029,474,1503,0.1388
1033,470,1503,0.1388
1030,469,1499,0.1388
1033,476,1509,0.1388
1035,477,1512,0.1388
1023,463,1486,0.1388
1030,463,1493,0.1388
1037,469,1506,0.1388
1024,471,1495,0.1388
1026,464,1490,0.1388
1022,463,1485,0.1388
1013,476,1489,0.1388
1005,474,1479,0.1388
1010,481,1491,0.1388
1014,485,1499,0.1388
1022,486,1508,0.1388
1019,487,1506,0.1388
1015,492,1507,0.1388
1006,482,1488,0.1388
1008,489,1497,0.1388
1005,494,1499,0.1388
1010,494,1504,0.1388
1019,498,1517,0.1388
1012,504,1516,0.1388
1014,494,1508,0.1388
1010,499,1509,0.1388
1006,504,1510,0.1388
990,507,1497,0.1388
981,505,1486,0.1388
991,503,1494,0.1388
995,500,1495,0.1388
1003,514,1517,0.1388
1012,515,1527,0.1388
1004,517,1521,0.1388
1003,515,1518,0.1388
994,511,1505,0.1388
985,515,1500,0.1388
990,511,1501,0.1388
988,519,1507,0.1388
989,514,1503,0.1388
993,507,1500,0.1388
983,510,1493,0.1388
984,508,1492,0.1388
986,503,1489,0.1388
988,506,1494,0.1388
984,508,1492,0.1388
973,507,1480,0.1388
978,508,1486,0.1388
980,519,1499,0.1388
977,523,1500,0.1388
979,518,1497,0.1388
975,528,1503,0.1388
981,521,1502,0.1388
991,517,1508,0.1388
989,520,1509,0.1388
987,527,1514,0.1388
988,520,1508,0.1388
996,517,1513,0.1388
995,522,1517,0.1388
1005,517,1522,0.1388
995,526,1521,0.1388
982,532,1514,0.1388
980,523,1503,0.1388
985,518,1503,0.1388
986,525,1511,0.1388
989,527,1516,0.1388
991,527,1518,0.1388
978,531,1509,0.1388
976,528,1504,0.1388
981,533,1514,0.1388
981,532,1513,0.1388
967,529,1496,0.1388
968,528,1496,0.1388
967,522,1489,0.1388
970,531,1501,0.1388
982,529,1511,0.1388
988,526,1514,0.1388
976,512,1488,0.1388
983,520,1503,0.1388
974,521,1495,0.1388
970,517,1487,0.1388
983,522,1505,0.1388
981,522,1503,0.1388
974,523,1497,0.1388
984,528,1512,0.1388
974,536,1510,0.1388
969,531,1500,0.1388
971,526,1497,0.1388
979,537,1516,0.1388
967,533,1500,0.1388
966,531,1497,0.1388
955,537,1492,0.1388
962,540,1502,0.1388
957,537,1494,0.1388
966,536,1502,0.1388
951,538,1489,0.1388
955,544,1499,0.1388
953,543,1496,0.1388
947,548,1495,0.1388
948,543,1491,0.1388
952,542,1494,0.1388
949,551,1500,0.1388
938,547,1485,0.1388
943,551,1494,0.1388
934,554,1488,0.1388
931,560,1491,0.1388
946,561,1507,0.1388
947,555,1502,0.1388
946,554,1500,0.1388
953,558,1511,0.1388
944,561,1505,0.1388
956,560,1516,0.1388
949,568,1517,0.1388
946,563,1509,0.1388
950,556,1506,0.1388
940,558,1498,0.1388
931,554,1485,0.1388
951,556,1507,0.1388
928,548,1476,0.1388
940,560,1500,0.1388
932,566,1498,0.1388
915,571,1486,0.1388
925,563,1488,0.1388
929,568,1497,0.1388
939,571,1510,0.1388
942,566,1508,0.1388
934,558,1492,0.1388
938,571,1509,0.1388
925,584,1509,0.1388
922,576,1498,0.1388
912,576,1488,0.1388
913,586,1499,0.1388
912,588,1500,0.1388
905,585,1490,0.1388
911,590,1501,0.1388
905,597,1502,0.1388
918,595,1513,0.1388
925,587,1512,0.1388
931,585,1516,0.1388
928,586,1514,0.1388
918,596,1514,0.1388
908,608,1516,0.1388
903,612,1515,0.1388
896,605,1501,0.1388
905,604,1509,0.1388
908,606,1514,0.1388
904,607,1511,0.1388
908,605,1513,0.1388
904,611,1515,0.1388
907,615,1522,0.1388
902,611,1513,0.1388
904,607,1511,0.1388
906,601,1507,0.1388
911,601,1512,0.1388
908,595,1503,0.1388
905,603,1508,0.1388
897,605,1502,0.1388
893,603,1496,0.1388
888,610,1498,0.1388
897,606,1503,0.1388
901,605,1506,0.1388
905,604,1509,0.1388
902,605,1507,0.1388
898,604,1502,0.1388
894,600,1494,0.1388
899,596,1495,0.1388
893,594,1487,0.1388
909,587,1496,0.1388
907,598,1505,0.1388
905,596,1501,0.1388
908,599,1507,0.1388
908,597,1505,0.1388
904,601,1505,0.1388
904,607,1511,0.1388
905,611,1516,0.1388
908,613,1521,0.1388
897,615,1512,0.1388
899,612,1511,0.1388
899,608,1507,0.1388
904,608,1512,0.1388
916,603,1519,0.1388
917,612,1529,0.1388
907,611,1518,0.1388
912,600,1512,0.1388
907,607,1514,0.1388
896,615,1511,0.1388
893,602,1495,0.1388
906,597,1503,0.1388
904,599,1503,0.1388
895,600,1495,0.1388
895,606,1501,0.1388
897,618,1515,0.1388
886,618,1504,0.1388
885,633,1518,0.1388
884,625,1509,0.1388
886,628,1514,0.1388
887,631,1518,0.1388
882,622,1504,0.1388
882,618,1500,0.1388
885,620,1505,0.1388
883,618,1501,0.1388
893,615,1508,0.1388
897,619,1516,0.1388
898,616,1514,0.1388
898,616,1514,0.1388
896,613,1509,0.1388
888,620,1508,0.1388
895,628,1523,0.1388
899,623,1522,0.1388
887,623,1510,0.1388
889,624,1513,0.1388
892,619,1511,0.1388
887,621,1508,0.1388
885,628,1513,0.1388
888,631,1519,0.1388
889,633,1522,0.1388
890,636,1526,0.1388
888,635,1523,0.1388
882,638,1520,0.1388
877,632,1509,0.1388
870,626,1496,0.1388
859,623,1482,0.1388
866,625,1491,0.1388
871,630,1501,0.1388
873,629,1502,0.1388
871,639,1510,0.1388
871,636,1507,0.1388
871,636,1507,0.1388
863,640,1503,0.1388
867,647,1514,0.1388
861,650,1511,0.1388
850,641,1491,0.1388
851,643,1494,0.1388
857,637,1494,0.1388
856,634,1490,0.1388
863,634,1497,0.1388
873,636,1509,0.1388
882,649,1531,0.1388
878,650,1528,0.1388
871,651,1522,0.1388
861,649,1510,0.1388
864,646,1510,0.1388
856,642,1498,0.1388
843,649,1492,0.1388
841,659,1500,0.1388
840,654,1494,0.1388
836,658,1494,0.1388
836,671,1507,0.1388
834,668,1502,0.1388
837,670,1507,0.1388
828,668,1496,0.1388
836,664,1500,0.1388
832,661,1493,0.1388
834,658,1492,0.1388
836,659,1495,0.1388
838,662,1500,0.1388
845,659,1504,0.1388
850,667,1517,0.1388
851,674,1525,0.1388
847,679,1526,0.1388
843,679,1522,0.1388
840,671,1511,0.1388
833,669,1502,0.1388
833,672,1505,0.1388
826,680,1506,0.1388
825,684,1509,0.1388
827,691,1518,0.1388
819,686,1505,0.1388
819,684,1503,0.1388
809,689,1498,0.1388
815,693,1508,0.1388
814,695,1509,0.1388
807,698,1505,0.1388
817,696,1513,0.1388
819,694,1513,0.1388
822,692,1514,0.1388
815,688,1503,0.1388
805,688,1493,0.1388
812,695,1507,0.1388
807,697,1504,0.1388
802,696,1498,0.1388
801,697,1498,0.1388
797,688,1485,0.1388
798,693,1491,0.1388
796,685,1481,0.1388
807,695,1502,0.1388
804,700,1504,0.1388
808,702,1510,0.1388
806,707,1513,0.1388
798,696,1494,0.1388
803,686,1489,0.1388
800,693,1493,0.1388
805,697,1502,0.1388
795,693,1488,0.1388
801,694,1495,0.1388
806,694,1500,0.1388
807,696,1503,0.1388
802,697,1499,0.1388
807,688,1495,0.1388
809,682,1491,0.1388
806,685,1491,0.1388
813,681,1494,0.1388
817,691,1508,0.1388
816,685,1501,0.1388
816,695,1511,0.1388
811,695,1506,0.1388
801,690,1491,0.1388
808,687,1495,0.1388
819,689,1508,0.1388
811,691,1502,0.1388
811,693,1504,0.1388
809,689,1498,0.1388
806,695,1501,0.1388
797,703,1500,0.1388
800,693,1493,0.1388
804,692,1496,0.1388
800,700,1500,0.1388
799,712,1511,0.1388
798,697,1495,0.1388
787,703,1490,0.1388
783,704,1487,0.1388
786,699,1485,0.1388
793,697,1490,0.1388
789,706,1495,0.1388
782,718,1500,0.1388
783,726,1509,0.1388
780,720,1500,0.1388
788,724,1512,0.1388
792,716,1508,0.1388
791,722,1513,0.1388
783,718,1501,0.1388
781,719,1500,0.1388
788,722,1510,0.1388
779,717,1496,0.1388
790,717,1507,0.1388
781,716,1497,0.1388
783,717,1500,0.1388
780,722,1502,0.1388
776,722,1498,0.1388
775,721,1496,0.1388
760,729,1489,0.1388
757,727,1484,0.1388
761,733,1494,0.1388
763,735,1498,0.1388
770,738,1508,0.1388
767,736,1503,0.1388
765,734,1499,0.1388
766,728,1494,0.1388
776,731,1507,0.1388
782,729,1511,0.1388
789,730,1519,0.1388
776,739,1515,0.1388
778,747,1525,0.1388
777,746,1523,0.1388
771,739,1510,0.1388
767,745,1512,0.1388
761,746,1507,0.1388
768,743,1511,0.1388
775,733,1508,0.1388
780,736,1516,0.1388
772,741,1513,0.1388
779,743,1522,0.1388
773,744,1517,0.1388
767,747,1514,0.1388
764,734,1498,0.1388
759,734,1493,0.1388
764,738,1502,0.1388
772,740,1512,0.1388
757,747,1504,0.1388
752,743,1495,0.1388
755,742,1497,0.1388
757,743,1500,0.1388
761,741,1502,0.1388
754,737,1491,0.1388
760,739,1499,0.1388
772,731,1503,0.1388
764,730,1494,0.1388
777,734,1511,0.1388
776,739,1515,0.1388
771,739,1510,0.1388
762,741,1503,0.1388
763,741,1504,0.1388
763,739,1502,0.1388
755,741,1496,0.1388
756,741,1497,0.1388
759,741,1500,0.1388
757,746,1503,0.1388
751,745,1496,0.1388
754,749,1503,0.1388
747,745,1492,0.1388
749,740,1489,0.1388
751,739,1490,0.1388
754,740,1494,0.1388
744,739,1483,0.1388
753,751,1504,0.1388
760,759,1519,0.1388
757,755,1512,0.1388
761,758,1519,0.1388
761,748,1509,0.1388
759,752,1511,0.1388
759,748,1507,0.1388
755,753,1508,0.1388
753,748,1501,0.1388
750,754,1504,0.1388
745,758,1503,0.1388
744,752,1496,0.1388
759,757,1516,0.1388
754,758,1512,0.1388
752,747,1499,0.1388
757,748,1505,0.1388
752,751,1503,0.1388
750,751,1501,0.1388
741,753,1494,0.1388
740,751,1491,0.1388
750,748,1498,0.1388
748,753,1501,0.1388
749,744,1493,0.1388
750,754,1504,0.1388
747,754,1501,0.1388
754,755,1509,0.1388
751,750,1501,0.1388
752,749,1501,0.1388
752,757,1509,0.1388
744,752,1496,0.1388
750,753,1503,0.1388
754,765,1519,0.1388
758,760,1518,0.1388
755,763,1518,0.1388
760,755,1515,0.1388
762,748,1510,0.1388
757,761,1518,0.1388
752,767,1519,0.1388
747,761,1508,0.1388
745,754,1499,0.1388
750,762,1512,0.1388
740,760,1500,0.1388
743,760,1503,0.1388
745,761,1506,0.1388
734,765,1499,0.1388
737,766,1503,0.1388
737,765,1502,0.1388
746,763,1509,0.1388
739,762,1501,0.1388
731,759,1490,0.1388
731,766,1497,0.1388
743,773,1516,0.1388
736,773,1509,0.1388
733,784,1517,0.1388
729,782,1511,0.1388
734,782,1516,0.1388
732,782,1514,0.1388
728,782,1510,0.1388
723,783,1506,0.1388
719,782,1501,0.1388
722,792,1514,0.1388
720,791,1511,0.1388
716,784,1500,0.1388
716,786,1502,0.1388
708,788,1496,0.1388
717,787,1504,0.1388
713,784,1497,0.1388
712,776,1488,0.1388
708,783,1491,0.1388
711,775,1486,0.1388
700,784,1484,0.1388
716,793,1509,0.1388
709,790,1499,0.1388
708,787,1495,0.1388
708,791,1499,0.1388
713,794,1507,0.1388
706,812,1518,0.1388
706,812,1518,0.1388
710,803,1513,0.1388
705,804,1509,0.1388
699,812,1511,0.1388
704,817,1521,0.1388
703,803,1506,0.1388
710,813,1523,0.1388
709,812,1521,0.1388
696,812,1508,0.1388
695,813,1508,0.1388
695,818,1513,0.1388
694,818,1512,0.1388
691,813,1504,0.1388
688,819,1507,0.1388
676,820,1496,0.1388
681,825,1506,0.1388
682,820,1502,0.1388
679,822,1501,0.1388
672,821,1493,0.1388
672,819,1491,0.1388
671,825,1496,0.1388
688,829,1517,0.1388
690,824,1514,0.1388
688,824,1512,0.1388
690,819,1509,0.1388
693,813,1506,0.1388
693,820,1513,0.1388
693,822,1515,0.1388
690,820,1510,0.1388
689,821,1510,0.1388
675,821,1496,0.1388
676,828,1504,0.1388
685,832,1517,0.1388
677,827,1504,0.1388
671,830,1501,0.1388
674,836,1510,0.1388
676,829,1505,0.1388
670,830,1500,0.1388
674,822,1496,0.1388
661,828,1489,0.1388
671,830,1501,0.1388
673,827,1500,0.1388
670,838,1508,0.1388
665,829,1494,0.1388
665,838,1503,0.1388
663,846,1509,0.1388
660,846,1506,0.1388
675,848,1523,0.1388
673,827,1500,0.1388
670,835,1505,0.1388
664,837,1501,0.1388
659,840,1499,0.1388
669,836,1505,0.1388
664,839,1503,0.1388
669,836,1505,0.1388
664,836,1500,0.1388
669,830,1499,0.1388
672,841,1513,0.1388
669,854,1523,0.1388
674,836,1510,0.1388
676,835,1511,0.1388
677,833,1510,0.1388
681,838,1519,0.1388
676,835,1511,0.1388
671,837,1508,0.1388
676,834,1510,0.1388
678,830,1508,0.1388
666,831,1497,0.1388
667,837,1504,0.1388
667,844,1511,0.1388
659,843,1502,0.1388
666,840,1506,0.1388
670,853,1523,0.1388
670,847,1517,0.1388
658,840,1498,0.1388
654,840,1494,0.1388
657,850,1507,0.1388
658,857,1515,0.1388
662,861,1523,0.1388
655,851,1506,0.1388
657,851,1508,0.1388
655,850,1505,0.1388
664,848,1512,0.1388
651,853,1504,0.1388
652,851,1503,0.1388
644,848,1492,0.1388
635,850,1485,0.1388
637,854,1491,0.1388
626,861,1487,0.1388
633,856,1489,0.1388
633,849,1482,0.1388
635,853,1488,0.1388
634,863,1497,0.1388
638,856,1494,0.1388
637,858,1495,0.1388
651,861,1512,0.1388
657,862,1519,0.1388
650,862,1512,0.1388
660,864,1524,0.1388
657,867,1524,0.1388
654,861,1515,0.1388
643,856,1499,0.1388
635,862,1497,0.1388
640,860,1500,0.1388
641,863,1504,0.1388
638,866,1504,0.1388
638,863,1501,0.1388
642,861,1503,0.1388
637,851,1488,0.1388
639,849,1488,0.1388
639,846,1485,0.1388
638,858,1496,0.1388
636,856,1492,0.1388
640,867,1507,0.1388
635,869,1504,0.1388
628,872,1500,0.1388
631,866,1497,0.1388
637,867,1504,0.1388
635,860,1495,0.1388
641,864,1505,0.1388
641,857,1498,0.1388
643,877,1520,0.1388
641,870,1511,0.1388
642,870,1512,0.1388
645,860,1505,0.1388
645,870,1515,0.1388
648,876,1524,0.1388
637,880,1517,0.1388
630,863,1493,0.1388
627,863,1490,0.1388
622,862,1484,0.1388
618,871,1489,0.1388
617,881,1498,0.1388
621,887,1508,0.1388
619,882,1501,0.1388
621,897,1518,0.1388
622,895,1517,0.1388
633,889,1522,0.1388
632,880,1512,0.1388
626,889,1515,0.1388
629,889,1518,0.1388
619,892,1511,0.1388
624,896,1520,0.1388
618,898,1516,0.1388
613,893,1506,0.1388
611,894,1505,0.1388
612,897,1509,0.1388
613,904,1517,0.1388
612,904,1516,0.1388
616,906,1522,0.1388
614,902,1516,0.1388
614,899,1513,0.1388
601,904,1505,0.1388
597,910,1507,0.1388
594,913,1507,0.1388
592,905,1497,0.1388
596,904,1500,0.1388
598,905,1503,0.1388
607,904,1511,0.1388
605,899,1504,0.1388
611,904,1515,0.1388
608,903,1511,0.1388
607,906,1513,0.1388
616,901,1517,0.1388
614,895,1509,0.1388
613,891,1504,0.1388
609,907,1516,0.1388
606,907,1513,0.1388
601,901,1502,0.1388
612,901,1513,0.1388
607,902,1509,0.1388
600,907,1507,0.1388
604,913,1517,0.1388
597,913,1510,0.1388
603,904,1507,0.1388
596,901,1497,0.1388
592,906,1498,0.1388
590,904,1494,0.1388
596,910,1506,0.1388
599,904,1503,0.1388
601,897,1498,0.1388
606,897,1503,0.1388
604,901,1505,0.1388
602,909,1511,0.1388
595,913,1508,0.1388
584,910,1494,0.1388
584,910,1494,0.1388
589,919,1508,0.1388
591,915,1506,0.1388
591,917,1508,0.1388
590,914,1504,0.1388
592,917,1509,0.1388
599,900,1499,0.1388
594,901,1495,0.1388
602,909,1511,0.1388
600,916,1516,0.1388
602,920,1522,0.1388
600,924,1524,0.1388
592,917,1509,0.1388
595,913,1508,0.1388
593,922,1515,0.1388
591,907,1498,0.1388
589,899,1488,0.1388
594,917,1511,0.1388
593,917,1510,0.1388
600,912,1512,0.1388
596,906,1502,0.1388
594,909,1503,0.1388
594,902,1496,0.1388
591,900,1491,0.1388
586,900,1486,0.1388
589,903,1492,0.1388
587,905,1492,0.1388
583,908,1491,0.1388
591,929,1520,0.1388
592,919,1511,0.1388
587,930,1517,0.1388
583,922,1505,0.1388
574,932,1506,0.1388
574,940,1514,0.1388
562,938,1500,0.1388
561,943,1504,0.1388
561,938,1499,0.1388
567,939,1506,0.1388
577,943,1520,0.1388
577,948,1525,0.1388
578,943,1521,0.1388
569,948,1517,0.1388
567,944,1511,0.1388
563,953,1516,0.1388
565,944,1509,0.1388
563,950,1513,0.1388
560,947,1507,0.1388
556,952,1508,0.1388
557,960,1517,0.1388
552,958,1510,0.1388
557,962,1519,0.1388
559,952,1511,0.1388
558,952,1510,0.1388
557,962,1519,0.1388
557,971,1528,0.1388
557,970,1527,0.1388
556,977,1533,0.1388
554,965,1519,0.1388
549,955,1504,0.1388
548,955,1503,0.1388
540,959,1499,0.1388
554,951,1505,0.1388
551,954,1505,0.1388
555,965,1520,0.1388
550,951,1501,0.1388
563,956,1519,0.1388
563,954,1517,0.1388
557,955,1512,0.1388
559,955,1514,0.1388
557,956,1513,0.1388
557,944,1501,0.1388
559,946,1505,0.1388
556,953,1509,0.1388
560,949,1509,0.1388
559,947,1506,0.1388
562,946,1508,0.1388
561,955,1516,0.1388
558,958,1516,0.1388
562,971,1533,0.1388
562,967,1529,0.1388
562,967,1529,0.1388
567,973,1540,0.1388
563,973,1536,0.1388
566,967,1533,0.1388
558,949,1507,0.1388
549,961,1510,0.1388
550,946,1496,0.1388
542,958,1500,0.1388
551,959,1510,0.1388
543,970,1513,0.1388
547,961,1508,0.1388
548,963,1511,0.1388
542,972,1514,0.1388
538,958,1496,0.1388
544,967,1511,0.1388
551,965,1516,0.1388
547,972,1519,0.1388
541,963,1504,0.1388
546,955,1501,0.1388
541,955,1496,0.1388
540,955,1495,0.1388
541,953,1494,0.1388
543,961,1504,0.1388
541,959,1500,0.1388
550,967,1517,0.1388
547,958,1505,0.1388
550,966,1516,0.1388
537,972,1509,0.1388
539,957,1496,0.1388
538,976,1514,0.1388
552,969,1521,0.1388
543,970,1513,0.1388
539,975,1514,0.1388
536,971,1507,0.1388
533,978,1511,0.1388
528,976,1504,0.1388
532,974,1506,0.1388
540,968,1508,0.1388
538,977,1515,0.1388
532,977,1509,0.1388
529,967,1496,0.1388
529,974,1503,0.1388
528,967,1495,0.1388
534,970,1504,0.1388
534,972,1506,0.1388
524,965,1489,0.1388
531,960,1491,0.1388
531,955,1486,0.1388
530,953,1483,0.1388
526,952,1478,0.1388
533,955,1488,0.1388
539,961,1500,0.1388
539,962,1501,0.1388
539,963,1502,0.1388
533,965,1498,0.1388
533,963,1496,0.1388
533,969,1502,0.1388
536,959,1495,0.1388
544,963,1507,0.1388
543,967,1510,0.1388
544,965,1509,0.1388
548,979,1527,0.1388
550,983,1533,0.1388
543,974,1517,0.1388
540,971,1511,0.1388
536,978,1514,0.1388
541,983,1524,0.1388
546,981,1527,0.1388
541,981,1522,0.1388
539,976,1515,0.1388
536,976,1512,0.1388
534,982,1516,0.1388
524,982,1506,0.1388
521,972,1493,0.1388
522,974,1496,0.1388
520,979,1499,0.1388
518,973,1491,0.1388
514,982,1496,0.1388
509,983,1492,0.1388
516,992,1508,0.1388
524,996,1520,0.1388
522,996,1518,0.1388
519,990,1509,0.1388
510,994,1504,0.1388
509,996,1505,0.1388
514,996,1510,0.1388
508,1006,1514,0.1388
507,1013,1520,0.1388
502,1016,1518,0.1388
501,1007,1508,0.1388
496,1017,1513,0.1388
493,1015,1508,0.1388
498,1011,1509,0.1388
496,1008,1504,0.1388
497,1004,1501,0.1388
499,1000,1499,0.1388
500,1002,1502,0.1388
502,1006,1508,0.1388
504,1000,1504,0.1388
507,1006,1513,0.1388
504,1000,1504,0.1388
511,1000,1511,0.1388
512,1001,1513,0.1388
508,1012,1520,0.1388
504,1010,1514,0.1388
502,1009,1511,0.1388
502,1004,1506,0.1388
504,1010,1514,0.1388
506,1004,1510,0.1388
508,1012,1520,0.1388
504,1012,1516,0.1388
504,1020,1524,0.1388
504,1025,1529,0.1388
493,1023,1516,0.1388
492,1025,1517,0.1388
492,1020,1512,0.1388
493,1020,1513,0.1388
484,1022,1506,0.1388
489,1026,1515,0.1388
491,1029,1520,0.1388
489,1025,1514,0.1388
479,1022,1501,0.1388
480,1026,1506,0.1388
482,1022,1504,0.1388
478,1023,1501,0.1388
483,1021,1504,0.1388
482,1021,1503,0.1388
475,1026,1501,0.1388
473,1025,1498,0.1388
464,1025,1489,0.1388
457,1026,1483,0.1388
463,1032,1495,0.1388
463,1036,1499,0.1388
457,1041,1498,0.1388
465,1035,1500,0.1388
467,1032,1499,0.1388
467,1042,1509,0.1388
461,1032,1493,0.1388
466,1042,1508,0.1388
469,1047,1516,0.1388
462,1049,1511,0.1388
455,1054,1509,0.1388
467,1058,1525,0.1388
461,1045,1506,0.1388
460,1043,1503,0.1388
460,1039,1499,0.1388
462,1036,1498,0.1388
459,1040,1499,0.1388
468,1032,1500,0.1388
460,1047,1507,0.1388
457,1054,1511,0.1388
459,1055,1514,0.1388
461,1052,1513,0.1388
450,1066,1516,0.1388
461,1072,1533,0.1388
459,1067,1526,0.1388
459,1059,1518,0.1388
454,1048,1502,0.1388
451,1041,1492,0.1388
457,1050,1507,0.1388
463,1056,1519,0.1388
453,1055,1508,0.1388
457,1041,1498,0.1388
453,1043,1496,0.1388
464,1039,1503,0.1388
459,1045,1504,0.1388
461,1051,1512,0.1388
459,1062,1521,0.1388
468,1052,1520,0.1388
468,1045,1513,0.1388
465,1054,1519,0.1388
466,1049,1515,0.1388
462,1052,1514,0.1388
460,1059,1519,0.1388
462,1060,1522,0.1388
459,1054,1513,0.1388
465,1058,1523,0.1388
457,1060,1517,0.1388
458,1058,1516,0.1388
457,1057,1514,0.1388
464,1062,1526,0.1388
462,1064,1526,0.1388
464,1065,1529,0.1388
457,1069,1526,0.1388
457,1066,1523,0.1388
455,1067,1522,0.1388
452,1052,1504,0.1388
452,1051,1503,0.1388
449,1054,1503,0.1388
445,1062,1507,0.1388
449,1070,1519,0.1388
450,1069,1519,0.1388
449,1063,1512,0.1388
449,1072,1521,0.1388
444,1070,1514,0.1388
438,1062,1500,0.1388
438,1061,1499,0.1388
436,1071,1507,0.1388
426,1065,1491,0.1388
429,1078,1507,0.1388
430,1084,1514,0.1388
429,1085,1514,0.1388
430,1076,1506,0.1388
433,1082,1515,0.1388
440,1082,1522,0.1388
433,1068,1501,0.1388
426,1077,1503,0.1388
433,1077,1510,0.1388
433,1075,1508,0.1388
430,1085,1515,0.1388
439,1073,1512,0.1388
443,1074,1517,0.1388
439,1078,1517,0.1388
443,1077,1520,0.1388
445,1075,1520,0.1388
433,1080,1513,0.1388
436,1072,1508,0.1388
435,1080,1515,0.1388
443,1082,1525,0.1388
450,1077,1527,0.1388
445,1065,1510,0.1388
438,1070,1508,0.1388
435,1077,1512,0.1388
434,1078,1512,0.1388
429,1071,1500,0.1388
429,1070,1499,0.1388
420,1082,1502,0.1388
421,1086,1507,0.1388
422,1089,1511,0.1388
423,1098,1521,0.1388
419,1085,1504,0.1388
421,1092,1513,0.1388
417,1105,1522,0.1388
419,1098,1517,0.1388
429,1103,1532,0.1388
425,1105,1530,0.1388
422,1101,1523,0.1388
423,1099,1522,0.1388
419,1102,1521,0.1388
411,1116,1527,0.1388
404,1105,1509,0.1388
406,1109,1515,0.1388
408,1097,1505,0.1388
405,1098,1503,0.1388
411,1101,1512,0.1388
409,1098,1507,0.1388
410,1098,1508,0.1388
420,1103,1523,0.1388
421,1092,1513,0.1388
422,1094,1516,0.1388
418,1100,1518,0.1388
419,1094,1513,0.1388
420,1093,1513,0.1388
414,1106,1520,0.1388
414,1102,1516,0.1388
414,1094,1508,0.1388
407,1101,1508,0.1388
406,1094,1500,0.1388
409,1103,1512,0.1388
415,1100,1515,0.1388
414,1096,1510,0.1388
411,1096,1507,0.1388
403,1101,1504,0.1388
402,1106,1508,0.1388
404,1114,1518,0.1388
404,1106,1510,0.1388
401,1111,1512,0.1388
400,1112,1512,0.1388
404,1113,1517,0.1388
401,1112,1513,0.1388
395,1117,1512,0.1388
393,1121,1514,0.1388
394,1128,1522,0.1388
393,1121,1514,0.1388
391,1129,1520,0.1388
389,1125,1514,0.1388
384,1134,1518,0.1388
386,1128,1514,0.1388
387,1136,1523,0.1388
389,1134,1523,0.1388
389,1140,1529,0.1388
387,1151,1538,0.1388
390,1143,1533,0.1388
391,1140,1531,0.1388
388,1144,1532,0.1388
383,1133,1516,0.1388
385,1136,1521,0.1388
388,1124,1512,0.1388
383,1128,1511,0.1388
377,1121,1498,0.1388
378,1128,1506,0.1388
380,1129,1509,0.1388
381,1135,1516,0.1388
382,1135,1517,0.1388
376,1127,1503,0.1388
377,1141,1518,0.1388
377,1125,1502,0.1388
375,1130,1505,0.1388
377,1140,1517,0.1388
375,1137,1512,0.1388
378,1135,1513,0.1388
381,1132,1513,0.1388
376,1137,1513,0.1388
372,1129,1501,0.1388
370,1110,1480,0.1388
365,1121,1486,0.1388
368,1138,1506,0.1388
371,1134,1505,0.1388
374,1134,1508,0.1388
376,1138,1514,0.1388
378,1134,1512,0.1388
377,1124,1501,0.1388
375,1131,1506,0.1388
381,1140,1521,0.1388
382,1133,1515,0.1388
376,1146,1522,0.1388
372,1149,1521,0.1388
367,1149,1516,0.1388
369,1146,1515,0.1388
362,1137,1499,0.1388
368,1136,1504,0.1388
366,1142,1508,0.1388
364,1151,1515,0.1388
366,1156,1522,0.1388
367,1149,1516,0.1388
361,1157,1518,0.1388
361,1160,1521,0.1388
361,1170,1531,0.1388
364,1166,1530,0.1388
353,1150,1503,0.1388
354,1162,1516,0.1388
349,1157,1506,0.1388
344,1159,1503,0.1388
347,1158,1505,0.1388
345,1164,1509,0.1388
353,1166,1519,0.1388
350,1168,1518,0.1388
349,1177,1526,0.1388
344,1179,1523,0.1388
342,1173,1515,0.1388
338,1166,1504,0.1388
340,1166,1506,0.1388
343,1173,1516,0.1388
346,1166,1512,0.1388
345,1173,1518,0.1388
342,1168,1510,0.1388
336,1161,1497,0.1388
341,1159,1500,0.1388
341,1166,1507,0.1388
334,1182,1516,0.1388
339,1177,1516,0.1388
339,1188,1527,0.1388
337,1184,1521,0.1388
335,1175,1510,0.1388
334,1174,1508,0.1388
336,1176,1512,0.1388
334,1174,1508,0.1388
335,1173,1508,0.1388
333,1185,1518,0.1388
330,1188,1518,0.1388
330,1194,1524,0.1388
330,1185,1515,0.1388
330,1198,1528,0.1388
326,1201,1527,0.1388
327,1195,1522,0.1388
327,1195,1522,0.1388
331,1189,1520,0.1388
327,1187,1514,0.1388
325,1193,1518,0.1388
322,1187,1509,0.1388
319,1187,1506,0.1388
325,1182,1507,0.1388
320,1191,1511,0.1388
315,1194,1509,0.1388
312,1202,1514,0.1388
313,1209,1522,0.1388
306,1207,1513,0.1388
311,1197,1508,0.1388
302,1203,1505,0.1388
302,1203,1505,0.1388
306,1203,1509,0.1388
308,1220,1528,0.1388
310,1216,1526,0.1388
309,1212,1521,0.1388
317,1210,1527,0.1388
317,1209,1526,0.1388
313,1204,1517,0.1388
310,1210,1520,0.1388
309,1199,1508,0.1388
307,1207,1514,0.1388
306,1219,1525,0.1388
294,1224,1518,0.1388
288,1240,1528,0.1388
288,1244,1532,0.1388
287,1239,1526,0.1388
287,1238,1525,0.1388
289,1221,1510,0.1388
288,1227,1515,0.1388
282,1220,1502,0.1388
282,1227,1509,0.1388
284,1221,1505,0.1388
283,1223,1506,0.1388
285,1235,1520,0.1388
280,1230,1510,0.1388
280,1231,1511,0.1388
276,1238,1514,0.1388
276,1243,1519,0.1388
279,1237,1516,0.1388
274,1242,1516,0.1388
276,1244,1520,0.1388
274,1236,1510,0.1388
276,1231,1507,0.1388
277,1217,1494,0.1388
278,1226,1504,0.1388
283,1225,1508,0.1388
290,1242,1532,0.1388
284,1246,1530,0.1388
279,1242,1521,0.1388
278,1241,1519,0.1388
282,1242,1524,0.1388
281,1237,1518,0.1388
283,1237,1520,0.1388
282,1235,1517,0.1388
290,1231,1521,0.1388
286,1224,1510,0.1388
278,1240,1518,0.1388
275,1240,1515,0.1388
275,1240,1515,0.1388
275,1243,1518,0.1388
281,1236,1517,0.1388
275,1231,1506,0.1388
274,1236,1510,0.1388
271,1240,1511,0.1388
275,1229,1504,0.1388
271,1231,1502,0.1388
272,1230,1502,0.1388
268,1238,1506,0.1388
270,1244,1514,0.1388
263,1245,1508,0.1388
261,1244,1505,0.1388
260,1251,1511,0.1388
263,1259,1522,0.1388
264,1260,1524,0.1388
266,1258,1524,0.1388
261,1256,1517,0.1388
265,1248,1513,0.1388
261,1258,1519,0.1388
263,1260,1523,0.1388
269,1258,1527,0.1388
266,1253,1519,0.1388
264,1255,1519,0.1388
265,1252,1517,0.1388
268,1251,1519,0.1388
265,1259,1524,0.1388
262,1259,1521,0.1388
254,1245,1499,0.1388
258,1257,1515,0.1388
254,1248,1502,0.1388
253,1253,1506,0.1388
251,1261,1512,0.1388
254,1251,1505,0.1388
254,1247,1501,0.1388
253,1249,1502,0.1388
254,1257,1511,0.1388
252,1262,1514,0.1388
254,1264,1518,0.1388
254,1269,1523,0.1388
262,1266,1528,0.1388
255,1253,1508,0.1388
255,1258,1513,0.1388
246,1265,1511,0.1388
248,1268,1516,0.1388
244,1276,1520,0.1388
249,1271,1520,0.1388
245,1269,1514,0.1388
245,1257,1502,0.1388
245,1257,1502,0.1388
246,1266,1512,0.1388
250,1264,1514,0.1388
251,1268,1519,0.1388
244,1269,1513,0.1388
244,1267,1511,0.1388
242,1263,1505,0.1388
244,1269,1513,0.1388
244,1284,1528,0.1388
242,1273,1515,0.1388
245,1264,1509,0.1388
249,1260,1509,0.1388
246,1265,1511,0.1388
239,1271,1510,0.1388
244,1267,1511,0.1388
244,1270,1514,0.1388
239,1269,1508,0.1388
237,1275,1512,0.1388
235,1269,1504,0.1388
234,1276,1510,0.1388
242,1283,1525,0.1388
240,1264,1504,0.1388
236,1267,1503,0.1388
230,1281,1511,0.1388
229,1274,1503,0.1388
232,1275,1507,0.1388
233,1277,1510,0.1388
232,1284,1516,0.1388
228,1282,1510,0.1388
225,1283,1508,0.1388
226,1276,1502,0.1388
226,1291,1517,0.1388
226,1275,1501,0.1388
229,1288,1517,0.1388
229,1295,1524,0.1388
225,1279,1504,0.1388
217,1281,1498,0.1388
215,1270,1485,0.1388
211,1277,1488,0.1388
215,1290,1505,0.1388
218,1288,1506,0.1388
216,1298,1514,0.1388
210,1311,1521,0.1388
208,1307,1515,0.1388
207,1319,1526,0.1388
208,1309,1517,0.1388
209,1303,1512,0.1388
209,1307,1516,0.1388
207,1306,1513,0.1388
203,1303,1506,0.1388
208,1310,1518,0.1388
206,1323,1529,0.1388
198,1318,1516,0.1388
194,1326,1520,0.1388
191,1325,1516,0.1388
189,1328,1517,0.1388
193,1335,1528,0.1388
193,1328,1521,0.1388
196,1318,1514,0.1388
192,1310,1502,0.1388
194,1317,1511,0.1388
191,1329,1520,0.1388
193,1320,1513,0.1388
189,1326,1515,0.1388
187,1326,1513,0.1388
186,1325,1511,0.1388
180,1324,1504,0.1388
178,1331,1509,0.1388
176,1317,1493,0.1388
174,1328,1502,0.1388
178,1334,1512,0.1388
178,1331,1509,0.1388
180,1340,1520,0.1388
175,1337,1512,0.1388
176,1337,1513,0.1388
175,1344,1519,0.1388
178,1342,1520,0.1388
178,1341,1519,0.1388
176,1341,1517,0.1388
178,1343,1521,0.1388
176,1339,1515,0.1388
174,1330,1504,0.1388
175,1342,1517,0.1388
172,1342,1514,0.1388
167,1339,1506,0.1388
164,1345,1509,0.1388
160,1351,1511,0.1388
159,1357,1516,0.1388
160,1373,1533,0.1388
166,1378,1544,0.1388
161,1364,1525,0.1388
159,1364,1523,0.1388
151,1368,1519,0.1388
150,1370,1520,0.1388
149,1376,1525,0.1388
145,1382,1527,0.1388
145,1366,1511,0.1388
145,1372,1517,0.1388
147,1373,1520,0.1388
147,1365,1512,0.1388
147,1375,1522,0.1388
149,1379,1528,0.1388
152,1384,1536,0.1388
150,1377,1527,0.1388
148,1358,1506,0.1388
147,1347,1494,0.1388
151,1352,1503,0.1388
149,1358,1507,0.1388
150,1367,1517,0.1388
149,1366,1515,0.1388
147,1366,1513,0.1388
151,1352,1503,0.1388
148,1362,1510,0.1388
150,1354,1504,0.1388
152,1359,1511,0.1388
152,1367,1519,0.1388
147,1364,1511,0.1388
147,1374,1521,0.1388
145,1380,1525,0.1388
145,1373,1518,0.1388
146,1359,1505,0.1388
147,1353,1500,0.1388
147,1364,1511,0.1388
144,1353,1497,0.1388
142,1357,1499,0.1388
145,1353,1498,0.1388
145,1368,1513,0.1388
142,1380,1522,0.1388
141,1382,1523,0.1388
135,1382,1517,0.1388
132,1383,1515,0.1388
134,1372,1506,0.1388
132,1375,1507,0.1388
128,1385,1513,0.1388
125,1377,1502,0.1388
128,1377,1505,0.1388
125,1384,1509,0.1388
124,1375,1499,0.1388
123,1373,1496,0.1388
122,1369,1491,0.1388
119,1384,1503,0.1388
119,1388,1507,0.1388
118,1396,1514,0.1388
116,1384,1500,0.1388
114,1390,1504,0.1388
114,1390,1504,0.1388
112,1379,1491,0.1388
116,1389,1505,0.1388
117,1387,1504,0.1388
116,1400,1516,0.1388
113,1410,1523,0.1388
118,1407,1525,0.1388
115,1413,1528,0.1388
114,1405,1519,0.1388
114,1410,1524,0.1388
112,1415,1527,0.1388
111,1408,1519,0.1388
109,1414,1523,0.1388
104,1430,1534,0.1388
106,1418,1524,0.1388
106,1420,1526,0.1388
109,1423,1532,0.1388
110,1424,1534,0.1388
106,1422,1528,0.1388
109,1408,1517,0.1388
105,1407,1512,0.1388
104,1412,1516,0.1388
108,1414,1522,0.1388
112,1412,1524,0.1388
115,1403,1518,0.1388
113,1404,1517,0.1388
110,1403,1513,0.1388
106,1408,1514,0.1388
104,1415,1519,0.1388
103,1403,1506,0.1388
105,1413,1518,0.1388
105,1405,1510,0.1388
104,1415,1519,0.1388
107,1418,1525,0.1388
109,1419,1528,0.1388
108,1404,1512,0.1388
108,1429,1537,0.1388
105,1417,1522,0.1388
107,1407,1514,0.1388
103,1409,1512,0.1388
106,1416,1522,0.1388
104,1409,1513,0.1388
101,1392,1493,0.1388
100,1403,1503,0.1388
100,1407,1507,0.1388
99,1421,1520,0.1388
100,1413,1513,0.1388
99,1410,1509,0.1388
97,1420,1517,0.1388
93,1419,1512,0.1388
90,1418,1508,0.1388
92,1420,1512,0.1388
91,1425,1516,0.1388
89,1430,1519,0.1388
84,1432,1516,0.1388
84,1435,1519,0.1388
86,1430,1516,0.1388
84,1419,1503,0.1388
85,1436,1521,0.1388
83,1435,1518,0.1388
85,1440,1525,0.1388
85,1436,1521,0.1388
87,1434,1521,0.1388
89,1434,1523,0.1388
91,1423,1514,0.1388
87,1414,1501,0.1388
87,1417,1504,0.1388
87,1445,1532,0.1388
88,1432,1520,0.1388
90,1423,1513,0.1388
91,1424,1515,0.1388
91,1431,1522,0.1388
88,1418,1506,0.1388
88,1422,1510,0.1388
88,1420,1508,0.1388
91,1422,1513,0.1388
88,1430,1518,0.1388
91,1436,1527,0.1388
90,1429,1519,0.1388
92,1435,1527,0.1388
90,1428,1518,0.1388
86,1425,1511,0.1388
86,1407,1493,0.1388
85,1418,1503,0.1388
86,1430,1516,0.1388
82,1438,1520,0.1388
81,1439,1520,0.1388
82,1421,1503,0.1388
83,1419,1502,0.1388
84,1415,1499,0.1388
83,1430,1513,0.1388
83,1435,1518,0.1388
81,1433,1514,0.1388
81,1436,1517,0.1388
80,1438,1518,0.1388
80,1440,1520,0.1388
80,1447,1527,0.1388
78,1434,1512,0.1388
80,1424,1504,0.1388
82,1428,1510,0.1388
79,1420,1499,0.1388
77,1436,1513,0.1388
78,1434,1512,0.1388
79,1428,1507,0.1388
79,1438,1517,0.1388
82,1430,1512,0.1388
83,1437,1520,0.1388
85,1425,1510,0.1388
83,1424,1507,0.1388
85,1431,1516,0.1388
86,1430,1516,0.1388
89,1422,1511,0.1388
89,1414,1503,0.1388
88,1427,1515,0.1388
86,1434,1520,0.1388
83,1438,1521,0.1388
84,1439,1523,0.1388
85,1430,1515,0.1388
83,1431,1514,0.1388
85,1432,1517,0.1388
88,1426,1514,0.1388
86,1429,1515,0.1388
84,1430,1514,0.1388
82,1436,1518,0.1388
83,1434,1517,0.1388
82,1426,1508,0.1388
82,1440,1522,0.1388
80,1433,1513,0.1388
78,1444,1522,0.1388
77,1429,1506,0.1388
75,1436,1511,0.1388
77,1429,1506,0.1388
78,1426,1504,0.1388
76,1441,1517,0.1388
77,1434,1511,0.1388
77,1431,1508,0.1388
75,1448,1523,0.1388
77,1435,1512,0.1388
76,1431,1507,0.1388
77,1439,1516,0.1388
73,1432,1505,0.1388
71,1445,1516,0.1388
72,1443,1515,0.1388
71,1451,1522,0.1388
69,1438,1507,0.1388
71,1449,1520,0.1388
71,1446,1517,0.1388
67,1449,1516,0.1388
67,1457,1524,0.1388
67,1450,1517,0.1388
70,1439,1509,0.1388
70,1443,1513,0.1388
70,1444,1514,0.1388
67,1448,1515,0.1388
67,1445,1512,0.1388
66,1467,1533,0.1388
66,1461,1527,0.1388
68,1459,1527,0.1388
70,1456,1526,0.1388
68,1453,1521,0.1388
67,1457,1524,0.1388
68,1436,1504,0.1388
66,1436,1502,0.1388
68,1439,1507,0.1388
68,1447,1515,0.1388
68,1437,1505,0.1388
66,1441,1507,0.1388
67,1433,1500,0.1388
66,1441,1507,0.1388
67,1437,1504,0.1388
69,1433,1502,0.1388
68,1429,1497,0.1388
73,1430,1503,0.1388
73,1436,1509,0.1388
74,1449,1523,0.1388
70,1445,1515,0.1388
70,1453,1523,0.1388
67,1445,1512,0.1388
69,1447,1516,0.1388
67,1455,1522,0.1388
69,1443,1512,0.1388
69,1442,1511,0.1388
69,1438,1507,0.1388
70,1433,1503,0.1388
71,1429,1500,0.1388
72,1442,1514,0.1388
72,1435,1507,0.1388
72,1436,1508,0.1388
69,1446,1515,0.1388
70,1453,1523,0.1388
70,1453,1523,0.1388
71,1461,1532,0.1388
70,1458,1528,0.1388
71,1467,1538,0.1388
69,1468,1537,0.1388
68,1456,1524,0.1388
66,1456,1522,0.1388
66,1452,1518,0.1388
66,1450,1516,0.1388
68,1451,1519,0.1388
68,1445,1513,0.1388
70,1442,1512,0.1388
70,1440,1510,0.1388
69,1438,1507,0.1388
68,1437,1505,0.1388
70,1430,1500,0.1388
74,1440,1514,0.1388
74,1442,1516,0.1388
76,1434,1510,0.1388
75,1431,1506,0.1388
77,1436,1513,0.1388
74,1438,1512,0.1388
73,1444,1517,0.1388
70,1449,1519,0.1388
72,1455,1527,0.1388
72,1435,1507,0.1388
72,1431,1503,0.1388
74,1444,1518,0.1388
73,1436,1509,0.1388
73,1441,1514,0.1388
73,1437,1510,0.1388
73,1422,1495,0.1388
73,1429,1502,0.1388
72,1436,1508,0.1388
71,1440,1511,0.1388
70,1450,1520,0.1388
71,1457,1528,0.1388
73,1451,1524,0.1388
69,1437,1506,0.1388
72,1438,1510,0.1388
71,1409,1480,0.1388
71,1414,1485,0.1388
72,1436,1508,0.1388
74,1442,1516,0.1388
78,1440,1518,0.1388
75,1428,1503,0.1388
75,1435,1510,0.1388
77,1432,1509,0.1388
80,1426,1506,0.1388
80,1435,1515,0.1388
80,1441,1521,0.1388
79,1449,1528,0.1388
78,1441,1519,0.1388
80,1435,1515,0.1388
79,1430,1509,0.1388
81,1439,1520,0.1388
83,1433,1516,0.1388
83,1434,1517,0.1388
83,1433,1516,0.1388
81,1433,1514,0.1388
79,1427,1506,0.1388
78,1417,1495,0.1388
80,1441,1521,0.1388
80,1449,1529,0.1388
82,1445,1527,0.1388
84,1447,1531,0.1388
80,1443,1523,0.1388
84,1439,1523,0.1388
78,1443,1521,0.1388
80,1448,1528,0.1388
80,1446,1526,0.1388
80,1441,1521,0.1388
80,1444,1524,0.1388
79,1443,1522,0.1388
84,1433,1517,0.1388
84,1435,1519,0.1388
82,1441,1523,0.1388
81,1426,1507,0.1388
80,1429,1509,0.1388
82,1434,1516,0.1388
83,1432,1515,0.1388
80,1430,1510,0.1388
81,1425,1506,0.1388
82,1434,1516,0.1388
80,1436,1516,0.1388
80,1439,1519,0.1388
79,1431,1510,0.1388
80,1440,1520,0.1388
82,1440,1522,0.1388
78,1434,1512,0.1388
78,1445,1523,0.1388
77,1436,1513,0.1388
79,1438,1517,0.1388
79,1433,1512,0.1388
82,1426,1508,0.1388
82,1436,1518,0.1388
82,1434,1516,0.1388
80,1438,1518,0.1388
77,1430,1507,0.1388
78,1430,1508,0.1388
83,1434,1517,0.1388
86,1417,1503,0.1388
87,1428,1515,0.1388
85,1425,1510,0.1388
80,1423,1503,0.1388
80,1421,1501,0.1388
80,1420,1500,0.1388
81,1425,1506,0.1388
80,1430,1510,0.1388
79,1414,1493,0.1388
81,1404,1485,0.1388
83,1407,1490,0.1388
84,1417,1501,0.1388
82,1427,1509,0.1388
80,1421,1501,0.1388
80,1423,1503,0.1388
78,1423,1501,0.1388
79,1434,1513,0.1388
77,1426,1503,0.1388
77,1441,1518,0.1388
77,1441,1518,0.1388
76,1438,1514,0.1388
75,1449,1524,0.1388
75,1452,1527,0.1388
76,1443,1519,0.1388
76,1433,1509,0.1388
76,1427,1503,0.1388
78,1444,1522,0.1388
75,1457,1532,0.1388
75,1459,1534,0.1388
73,1445,1518,0.1388
72,1446,1518,0.1388
73,1439,1512,0.1388
71,1454,1525,0.1388
69,1456,1525,0.1388
72,1456,1528,0.1388
69,1450,1519,0.1388
67,1450,1517,0.1388
67,1455,1522,0.1388
68,1456,1524,0.1388
69,1457,1526,0.1388
69,1454,1523,0.1388
66,1447,1513,0.1388
65,1461,1526,0.1388
61,1455,1516,0.1388
62,1451,1513,0.1388
62,1455,1517,0.1388
62,1447,1509,0.1388
65,1444,1509,0.1388
64,1443,1507,0.1388
62,1454,1516,0.1388
63,1438,1501,0.1388
64,1439,1503,0.1388
62,1444,1506,0.1388
62,1448,1510,0.1388
57,1454,1511,0.1388
57,1447,1504,0.1388
58,1469,1527,0.1388
57,1455,1512,0.1388
59,1448,1507,0.1388
59,1465,1524,0.1388
64,1457,1521,0.1388
62,1453,1515,0.1388
63,1451,1514,0.1388
63,1449,1512,0.1388
62,1447,1509,0.1388
62,1451,1513,0.1388
60,1448,1508,0.1388
62,1456,1518,0.1388
63,1443,1506,0.1388
64,1450,1514,0.1388
67,1460,1527,0.1388
67,1460,1527,0.1388
68,1456,1524,0.1388
65,1454,1519,0.1388
64,1470,1534,0.1388
67,1466,1533,0.1388
64,1460,1524,0.1388
63,1462,1525,0.1388
61,1456,1517,0.1388
63,1466,1529,0.1388
63,1462,1525,0.1388
63,1451,1514,0.1388
62,1438,1500,0.1388
60,1445,1505,0.1388
61,1445,1506,0.1388
61,1446,1507,0.1388
61,1440,1501,0.1388
59,1457,1516,0.1388
60,1457,1517,0.1388
60,1456,1516,0.1388
58,1461,1519,0.1388
59,1462,1521,0.1388
60,1468,1528,0.1388
62,1473,1535,0.1388
60,1462,1522,0.1388
59,1453,1512,0.1388
59,1455,1514,0.1388
59,1459,1518,0.1388
60,1462,1522,0.1388
59,1464,1523,0.1388
58,1454,1512,0.1388
58,1441,1499,0.1388
60,1460,1520,0.1388
59,1461,1520,0.1388
58,1458,1516,0.1388
58,1448,1506,0.1388
59,1461,1520,0.1388
57,1453,1510,0.1388
60,1459,1519,0.1388
60,1462,1522,0.1388
59,1457,1516,0.1388
59,1457,1516,0.1388
58,1470,1528,0.1388
58,1467,1525,0.1388
58,1457,1515,0.1388
55,1450,1505,0.1388
56,1452,1508,0.1388
59,1469,1528,0.1388
60,1468,1528,0.1388
59,1449,1508,0.1388
60,1454,1514,0.1388
60,1460,1520,0.1388
59,1448,1507,0.1388
59,1439,1498,0.1388
56,1445,1501,0.1388
54,1459,1513,0.1388
53,1463,1516,0.1388
53,1469,1522,0.1388
54,1475,1529,0.1388
53,1469,1522,0.1388
53,1464,1517,0.1388
50,1453,1503,0.1388
50,1463,1513,0.1388
50,1464,1514,0.1388
51,1466,1517,0.1388
51,1451,1502,0.1388
50,1461,1511,0.1388
50,1458,1508,0.1388
49,1455,1504,0.1388
45,1450,1495,0.1388
46,1459,1505,0.1388
43,1464,1507,0.1388
42,1457,1499,0.1388
45,1456,1501,0.1388
43,1465,1508,0.1388
43,1478,1521,0.1388
43,1485,1528,0.1388
44,1486,1530,0.1388
45,1483,1528,0.1388
44,1471,1515,0.1388
44,1465,1509,0.1388
42,1468,1510,0.1388
43,1469,1512,0.1388
43,1473,1516,0.1388
43,1464,1507,0.1388
44,1474,1518,0.1388
45,1475,1520,0.1388
43,1476,1519,0.1388
42,1474,1516,0.1388
42,1462,1504,0.1388
43,1462,1505,0.1388
45,1470,1515,0.1388
45,1478,1523,0.1388
44,1465,1509,0.1388
41,1482,1523,0.1388
40,1480,1520,0.1388
40,1479,1519,0.1388
40,1476,1516,0.1388
39,1476,1515,0.1388
39,1472,1511,0.1388
38,1485,1523,0.1388
36,1470,1506,0.1388
35,1484,1519,0.1388
36,1487,1523,0.1388
36,1482,1518,0.1388
37,1471,1508,0.1388
38,1472,1510,0.1388
36,1462,1498,0.1388
35,1460,1495,0.1388
36,1474,1510,0.1388
36,1484,1520,0.1388
36,1500,1536,0.1388
34,1494,1528,0.1388
33,1496,1529,0.1388
33,1488,1521,0.1388
34,1489,1523,0.1388
35,1492,1527,0.1388
34,1482,1516,0.1388
35,1480,1515,0.1388
34,1473,1507,0.1388
35,1467,1502,0.1388
37,1461,1498,0.1388
38,1448,1486,0.1388
38,1481,1519,0.1388
39,1475,1514,0.1388
39,1478,1517,0.1388
39,1478,1517,0.1388
42,1481,1523,0.1388
42,1472,1514,0.1388
43,1459,1502,0.1388
45,1465,1510,0.1388
45,1464,1509,0.1388
45,1467,1512,0.1388
45,1458,1503,0.1388
43,1446,1489,0.1388
43,1455,1498,0.1388
40,1473,1513,0.1388
43,1474,1517,0.1388
42,1474,1516,0.1388
41,1474,1515,0.1388
42,1476,1518,0.1388
39,1485,1524,0.1388
40,1481,1521,0.1388
41,1491,1532,0.1388
40,1482,1522,0.1388
38,1475,1513,0.1388
37,1473,1510,0.1388
39,1476,1515,0.1388
40,1467,1507,0.1388
38,1480,1518,0.1388
36,1485,1521,0.1388
35,1486,1521,0.1388
35,1481,1516,0.1388
34,1463,1497,0.1388
35,1471,1506,0.1388
35,1478,1513,0.1388
34,1485,1519,0.1388
35,1486,1521,0.1388
35,1487,1522,0.1388
35,1483,1518,0.1388
36,1471,1507,0.1388
36,1478,1514,0.1388
36,1479,1515,0.1388
38,1473,1511,0.1388
39,1477,1516,0.1388
39,1456,1495,0.1388
38,1466,1504,0.1388
39,1476,1515,0.1388
39,1489,1528,0.1388
39,1488,1527,0.1388
37,1477,1514,0.1388
36,1479,1515,0.1388
36,1486,1522,0.1388
36,1470,1506,0.1388
37,1480,1517,0.1388
38,1460,1498,0.1388
39,1449,1488,0.1388
38,1472,1510,0.1388
37,1476,1513,0.1388
37,1474,1511,0.1388
34,1477,1511,0.1388
37,1482,1519,0.1388
37,1476,1513,0.1388
36,1473,1509,0.1388
35,1487,1522,0.1388
35,1486,1521,0.1388
36,1480,1516,0.1388
35,1481,1516,0.1388
35,1481,1516,0.1388
34,1476,1510,0.1388
35,1471,1506,0.1388
34,1468,1502,0.1388
35,1480,1515,0.1388
37,1490,1527,0.1388
36,1491,1527,0.1388
36,1500,1536,0.1388
36,1482,1518,0.1388
35,1478,1513,0.1388
36,1475,1511,0.1388
36,1478,1514,0.1388
36,1492,1528,0.1388
35,1488,1523,0.1388
35,1490,1525,0.1388
36,1475,1511,0.1388
37,1487,1524,0.1388
37,1478,1515,0.1388
38,1476,1514,0.1388
35,1480,1515,0.1388
32,1477,1509,0.1388
34,1478,1512,0.1388
36,1479,1515,0.1388
35,1489,1524,0.1388
37,1478,1515,0.1388
38,1480,1518,0.1388
38,1480,1518,0.1388
37,1480,1517,0.1388
38,1479,1517,0.1388
38,1492,1530,0.1388
38,1488,1526,0.1388
40,1487,1527,0.1388
40,1479,1519,0.1388
39,1483,1522,0.1388
42,1483,1525,0.1388
41,1475,1516,0.1388
40,1467,1507,0.1388
39,1475,1514,0.1388
37,1476,1513,0.1388
37,1479,1516,0.1388
39,1486,1525,0.1388
39,1481,1520,0.1388
40,1487,1527,0.1388
38,1482,1520,0.1388
40,1472,1512,0.1388
41,1464,1505,0.1388
40,1467,1507,0.1388
39,1473,1512,0.1388
39,1466,1505,0.1388
40,1478,1518,0.1388
39,1491,1530,0.1388
39,1487,1526,0.1388
40,1484,1524,0.1388
38,1468,1506,0.1388
38,1475,1513,0.1388
37,1477,1514,0.1388
34,1476,1510,0.1388
35,1491,1526,0.1388
35,1490,1525,0.1388
35,1485,1520,0.1388
35,1492,1527,0.1388
31,1486,1517,0.1388
30,1480,1510,0.1388
32,1479,1511,0.1388
33,1489,1522,0.1388
31,1481,1512,0.1388
30,1497,1527,0.1388
27,1494,1521,0.1388
29,1494,1523,0.1388
29,1495,1524,0.1388
30,1495,1525,0.1388
30,1505,1535,0.1388
32,1495,1527,0.1388
32,1485,1517,0.1388
32,1484,1516,0.1388
32,1487,1519,0.1388
32,1494,1526,0.1388
31,1491,1522,0.1388
30,1496,1526,0.1388
30,1499,1529,0.1388
28,1494,1522,0.1388
27,1482,1509,0.1388
26,1488,1514,0.1388
25,1492,1517,0.1388
25,1501,1526,0.1388
26,1491,1517,0.1388
26,1487,1513,0.1388
27,1488,1515,0.1388
27,1489,1516,0.1388
27,1500,1527,0.1388
27,1503,1530,0.1388
26,1511,1537,0.1388
24,1500,1524,0.1388
24,1491,1515,0.1388
25,1488,1513,0.1388
27,1479,1506,0.1388
27,1485,1512,0.1388
28,1482,1510,0.1388
28,1487,1515,0.1388
29,1510,1539,0.1388
29,1500,1529,0.1388
28,1492,1520,0.1388
25,1499,1524,0.1388
26,1482,1508,0.1388
26,1483,1509,0.1388
29,1486,1515,0.1388
28,1491,1519,0.1388
29,1475,1504,0.1388
29,1471,1500,0.1388
28,1477,1505,0.1388
30,1476,1506,0.1388
31,1481,1512,0.1388
30,1494,1524,0.1388
28,1488,1516,0.1388
28,1496,1524,0.1388
29,1490,1519,0.1388
28,1492,1520,0.1388
29,1490,1519,0.1388
29,1482,1511,0.1388
28,1498,1526,0.1388
29,1476,1505,0.1388
29,1484,1513,0.1388
27,1482,1509,0.1388
26,1486,1512,0.1388
22,1480,1502,0.1388
23,1492,1515,0.1388
21,1484,1505,0.1388
19,1500,1519,0.1388
18,1501,1519,0.1388
17,1494,1511,0.1388
18,1497,1515,0.1388
18,1485,1503,0.1388
18,1490,1508,0.1388
18,1491,1509,0.1388
19,1487,1506,0.1388
19,1492,1511,0.1388
21,1492,1513,0.1388
22,1504,1526,0.1388
22,1508,1530,0.1388
23,1509,1532,0.1388
23,1506,1529,0.1388
23,1492,1515,0.1388
22,1494,1516,0.1388
22,1496,1518,0.1388
21,1494,1515,0.1388
24,1479,1503,0.1388
24,1489,1513,0.1388
24,1499,1523,0.1388
23,1484,1507,0.1388
23,1482,1505,0.1388
22,1495,1517,0.1388
21,1495,1516,0.1388
20,1489,1509,0.1388
20,1483,1503,0.1388
19,1477,1496,0.1388
19,1480,1499,0.1388
22,1496,1518,0.1388
22,1481,1503,0.1388
22,1493,1515,0.1388
23,1492,1515,0.1388
24,1489,1513,0.1388
24,1490,1514,0.1388
24,1486,1510,0.1388
26,1487,1513,0.1388
27,1479,1506,0.1388
28,1489,1517,0.1388
29,1498,1527,0.1388
29,1497,1526,0.1388
29,1509,1538,0.1388
28,1505,1533,0.1388
29,1503,1532,0.1388
29,1502,1531,0.1388
27,1502,1529,0.1388
28,1498,1526,0.1388
27,1490,1517,0.1388
27,1490,1517,0.1388
27,1499,1526,0.1388
26,1487,1513,0.1388
27,1487,1514,0.1388
28,1484,1512,0.1388
27,1474,1501,0.1388
29,1468,1497,0.1388
29,1483,1512,0.1388
29,1477,1506,0.1388
30,1481,1511,0.1388
29,1482,1511,0.1388
30,1481,1511,0.1388
33,1475,1508,0.1388
34,1480,1514,0.1388
33,1486,1519,0.1388
32,1484,1516,0.1388
31,1496,1527,0.1388
33,1487,1520,0.1388
35,1480,1515,0.1388
34,1472,1506,0.1388
33,1495,1528,0.1388
32,1486,1518,0.1388
32,1485,1517,0.1388
32,1485,1517,0.1388
33,1492,1525,0.1388
33,1492,1525,0.1388
32,1492,1524,0.1388
30,1495,1525,0.1388
33,1490,1523,0.1388
33,1492,1525,0.1388
34,1494,1528,0.1388
34,1484,1518,0.1388
34,1489,1523,0.1388
32,1485,1517,0.1388
32,1496,1528,0.1388
33,1503,1536,0.1388
36,1485,1521,0.1388
36,1476,1512,0.1388
35,1472,1507,0.1388
34,1468,1502,0.1388
34,1475,1509,0.1388
35,1483,1518,0.1388
36,1491,1527,0.1388
34,1490,1524,0.1388
32,1505,1537,0.1388
32,1485,1517,0.1388
31,1484,1515,0.1388
29,1489,1518,0.1388
30,1494,1524,0.1388
30,1490,1520,0.1388
29,1483,1512,0.1388
29,1494,1523,0.1388
28,1497,1525,0.1388
30,1497,1527,0.1388
32,1497,1529,0.1388
32,1489,1521,0.1388
33,1495,1528,0.1388
32,1495,1527,0.1388
30,1495,1525,0.1388
29,1491,1520,0.1388
28,1491,1519,0.1388
28,1491,1519,0.1388
29,1495,1524,0.1388
29,1501,1530,0.1388
29,1498,1527,0.1388
31,1492,1523,0.1388
32,1495,1527,0.1388
32,1494,1526,0.1388
32,1489,1521,0.1388
31,1490,1521,0.1388
30,1477,1507,0.1388
29,1477,1506,0.1388
27,1455,1482,0.1388
28,1445,1473,0.1388
29,1449,1478,0.1388
30,1466,1496,0.1388
27,1483,1510,0.1388
26,1490,1516,0.1388
27,1490,1517,0.1388
27,1495,1522,0.1388
28,1496,1524,0.1388
27,1487,1514,0.1388
28,1498,1526,0.1388
27,1481,1508,0.1388
27,1484,1511,0.1388
27,1483,1510,0.1388
26,1485,1511,0.1388
27,1476,1503,0.1388
27,1472,1499,0.1388
27,1482,1509,0.1388
28,1487,1515,0.1388
29,1491,1520,0.1388
29,1487,1516,0.1388
28,1487,1515,0.1388
28,1480,1508,0.1388
28,1484,1512,0.1388
28,1490,1518,0.1388
26,1495,1521,0.1388
27,1495,1522,0.1388
27,1488,1515,0.1388
27,1480,1507,0.1388
26,1491,1517,0.1388
25,1490,1515,0.1388
25,1481,1506,0.1388
24,1496,1520,0.1388
24,1496,1520,0.1388
24,1496,1520,0.1388
23,1500,1523,0.1388
23,1501,1524,0.1388
23,1500,1523,0.1388
19,1491,1510,0.1388
19,1493,1512,0.1388
18,1492,1510,0.1388
19,1497,1516,0.1388
20,1493,1513,0.1388
20,1502,1522,0.1388
20,1497,1517,0.1388
20,1497,1517,0.1388
20,1488,1508,0.1388
21,1483,1504,0.1388
19,1482,1501,0.1388
19,1477,1496,0.1388
18,1486,1504,0.1388
17,1496,1513,0.1388
18,1502,1520,0.1388
18,1499,1517,0.1388
17,1502,1519,0.1388
17,1504,1521,0.1388
17,1505,1522,0.1388
17,1511,1528,0.1388
17,1508,1525,0.1388
14,1512,1526,0.1388
15,1505,1520,0.1388
15,1511,1526,0.1388
16,1508,1524,0.1388
15,1502,1517,0.1388
15,1508,1523,0.1388
17,1504,1521,0.1388
16,1506,1522,0.1388
15,1497,1512,0.1388
15,1499,1514,0.1388
15,1497,1512,0.1388
15,1495,1510,0.1388
17,1495,1512,0.1388
14,1490,1504,0.1388
13,1488,1501,0.1388
13,1496,1509,0.1388
13,1491,1504,0.1388
14,1481,1495,0.1388
15,1488,1503,0.1388
14,1492,1506,0.1388
15,1495,1510,0.1388
14,1504,1518,0.1388
14,1505,1519,0.1388
14,1509,1523,0.1388
13,1506,1519,0.1388
13,1496,1509,0.1388
14,1495,1509,0.1388
14,1515,1529,0.1388
14,1498,1512,0.1388
14,1486,1500,0.1388
14,1497,1511,0.1388
13,1491,1504,0.1388
13,1483,1496,0.1388
14,1498,1512,0.1388
14,1504,1518,0.1388
13,1500,1513,0.1388
13,1505,1518,0.1388
14,1505,1519,0.1388
14,1503,1517,0.1388
14,1508,1522,0.1388
13,1512,1525,0.1388
13,1505,1518,0.1388
11,1517,1528,0.1388
11,1520,1531,0.1388
11,1505,1516,0.1388
11,1502,1513,0.1388
11,1504,1515,0.1388
12,1509,1521,0.1388
11,1514,1525,0.1388
11,1496,1507,0.1388
11,1507,1518,0.1388
11,1520,1531,0.1388
10,1511,1521,0.1388
10,1511,1521,0.1388
10,1510,1520,0.1388
10,1516,1526,0.1388
10,1514,1524,0.1388
10,1517,1527,0.1388
9,1520,1529,0.1388
9,1513,1522,0.1388
9,1501,1510,0.1388
9,1495,1504,0.1388
9,1476,1485,0.1388
9,1493,1502,0.1388
9,1518,1527,0.1388
9,1522,1531,0.1388
9,1499,1508,0.1388
9,1498,1507,0.1388
9,1492,1501,0.1388
10,1486,1496,0.1388
11,1503,1514,0.1388
12,1507,1519,0.1388
12,1506,1518,0.1388
14,1505,1519,0.1388
14,1512,1526,0.1388
13,1503,1516,0.1388
13,1502,1515,0.1388
14,1498,1512,0.1388
14,1499,1513,0.1388
14,1497,1511,0.1388
14,1494,1508,0.1388
15,1495,1510,0.1388
13,1492,1505,0.1388
13,1501,1514,0.1388
13,1500,1513,0.1388
12,1510,1522,0.1388
13,1508,1521,0.1388
13,1512,1525,0.1388
13,1502,1515,0.1388
13,1494,1507,0.1388
13,1490,1503,0.1388
13,1493,1506,0.1388
12,1497,1509,0.1388
12,1504,1516,0.1388
11,1516,1527,0.1388
11,1507,1518,0.1388
11,1507,1518,0.1388
11,1505,1516,0.1388
10,1512,1522,0.1388
10,1516,1526,0.1388
10,1512,1522,0.1388
10,1512,1522,0.1388
10,1495,1505,0.1388
10,1505,1515,0.1388
10,1506,1516,0.1388
10,1515,1525,0.1388
10,1506,1516,0.1388
11,1497,1508,0.1388
11,1504,1515,0.1388
11,1505,1516,0.1388
11,1508,1519,0.1388
11,1498,1509,0.1388
11,1502,1513,0.1388
10,1512,1522,0.1388
11,1504,1515,0.1388
13,1514,1527,0.1388
14,1512,1526,0.1388
13,1515,1528,0.1388
13,1504,1517,0.1388
12,1498,1510,0.1388
11,1499,1510,0.1388
11,1498,1509,0.1388
12,1511,1523,0.1388
13,1514,1527,0.1388
13,1506,1519,0.1388
12,1503,1515,0.1388
12,1504,1516,0.1388
12,1510,1522,0.1388
12,1490,1502,0.1388
13,1501,1514,0.1388
12,1512,1524,0.1388
13,1506,1519,0.1388
14,1510,1524,0.1388
13,1515,1528,0.1388
15,1514,1529,0.1388
14,1501,1515,0.1388
14,1505,1519,0.1388
14,1491,1505,0.1388
15,1486,1501,0.1388
15,1490,1505,0.1388
15,1495,1510,0.1388
16,1501,1517,0.1388
16,1504,1520,0.1388
16,1512,1528,0.1388
16,1513,1529,0.1388
14,1519,1533,0.1388
12,1516,1528,0.1388
13,1527,1540,0.1388
13,1518,1531,0.1388
14,1526,1540,0.1388
13,1519,1532,0.1388
13,1507,1520,0.1388
13,1494,1507,0.1388
13,1496,1509,0.1388
12,1489,1501,0.1388
11,1490,1501,0.1388
9,1514,1523,0.1388
10,1515,1525,0.1388
10,1503,1513,0.1388
10,1503,1513,0.1388
10,1497,1507,0.1388
9,1492,1501,0.1388
9,1497,1506,0.1388
9,1509,1518,0.1388
9,1504,1513,0.1388
9,1498,1507,0.1388
9,1504,1513,0.1388
9,1505,1514,0.1388
9,1505,1514,0.1388
9,1503,1512,0.1388
9,1506,1515,0.1388
10,1512,1522,0.1388
10,1515,1525,0.1388
10,1508,1518,0.1388
10,1492,1502,0.1388
11,1498,1509,0.1388
9,1496,1505,0.1388
10,1502,1512,0.1388
10,1497,1507,0.1388
9,1484,1493,0.1388
9,1486,1495,0.1388
8,1500,1508,0.1388
8,1508,1516,0.1388
7,1512,1519,0.1388
9,1519,1528,0.1388
9,1520,1529,0.1388
9,1526,1535,0.1388
9,1523,1532,0.1388
9,1507,1516,0.1388
9,1498,1507,0.1388
9,1485,1494,0.1388
7,1488,1495,0.1388
7,1495,1502,0.1388
6,1498,1504,0.1388
7,1511,1518,0.1388
7,1517,1524,0.1388
7,1510,1517,0.1388
6,1506,1512,0.1388
5,1501,1506,0.1388
5,1509,1514,0.1388
5,1517,1522,0.1388
4,1519,1523,0.1388
3,1517,1520,0.1388
4,1522,1526,0.1388
4,1501,1505,0.1388
3,1505,1508,0.1388
4,1491,1495,0.1388
4,1511,1515,0.1388
4,1511,1515,0.1388
4,1503,1507,0.1388
4,1510,1514,0.1388
4,1502,1506,0.1388
4,1506,1510,0.1388
4,1511,1515,0.1388
4,1511,1515,0.1388
4,1513,1517,0.1388
4,1510,1514,0.1388
4,1517,1521,0.1388
4,1506,1510,0.1388
4,1499,1503,0.1388
4,1497,1501,0.1388
4,1492,1496,0.1388
3,1497,1500,0.1388
4,1501,1505,0.1388
4,1517,1521,0.1388
3,1512,1515,0.1388
3,1497,1500,0.1388
3,1498,1501,0.1388
3,1503,1506,0.1388
3,1499,1502,0.1388
3,1512,1515,0.1388
3,1497,1500,0.1388
3,1498,1501,0.1388
3,1510,1513,0.1388
3,1506,1509,0.1388
3,1506,1509,0.1388
3,1520,1523,0.1388
3,1525,1528,0.1388
3,1510,1513,0.1388
3,1512,1515,0.1388
3,1503,1506,0.1388
3,1508,1511,0.1388
3,1508,1511,0.1388
3,1516,1519,0.1388
3,1528,1531,0.1388
3,1520,1523,0.1388
3,1508,1511,0.1388
3,1505,1508,0.1388
3,1516,1519,0.1388
3,1508,1511,0.1388
3,1503,1506,0.1388
3,1512,1515,0.1388
4,1514,1518,0.1388
4,1512,1516,0.1388
3,1515,1518,0.1388
4,1501,1505,0.1388
4,1499,1503,0.1388
5,1496,1501,0.1388
5,1483,1488,0.1388
5,1499,1504,0.1388
5,1490,1495,0.1388
5,1489,1494,0.1388
5,1500,1505,0.1388
5,1499,1504,0.1388
5,1501,1506,0.1388
4,1522,1526,0.1388
4,1518,1522,0.1388
5,1523,1528,0.1388
5,1519,1524,0.1388
5,1504,1509,0.1388
5,1514,1519,0.1388
5,1513,1518,0.1388
5,1515,1520,0.1388
4,1495,1499,0.1388
4,1495,1499,0.1388
4,1487,1491,0.1388
4,1493,1497,0.1388
4,1503,1507,0.1388
4,1508,1512,0.1388
4,1520,1524,0.1388
4,1529,1533,0.1388
4,1518,1522,0.1388
3,1511,1514,0.1388
3,1516,1519,0.1388
4,1515,1519,0.1388
4,1505,1509,0.1388
4,1505,1509,0.1388
4,1505,1509,0.1388
6,1507,1513,0.1388
6,1495,1501,0.1388
6,1491,1497,0.1388
6,1501,1507,0.1388
6,1499,1505,0.1388
6,1505,1511,0.1388
5,1498,1503,0.1388
6,1489,1495,0.1388
6,1512,1518,0.1388
6,1511,1517,0.1388
6,1507,1513,0.1388
6,1498,1504,0.1388
6,1507,1513,0.1388
6,1506,1512,0.1388
6,1506,1512,0.1388
6,1496,1502,0.1388
7,1496,1503,0.1388
6,1495,1501,0.1388
6,1496,1502,0.1388
6,1502,1508,0.1388
6,1501,1507,0.1388
6,1498,1504,0.1388
6,1503,1509,0.1388
6,1506,1512,0.1388
5,1498,1503,0.1388
6,1505,1511,0.1388
7,1513,1520,0.1388
7,1507,1514,0.1388
6,1508,1514,0.1388
6,1497,1503,0.1388
6,1504,1510,0.1388
6,1510,1516,0.1388
6,1533,1539,0.1388
5,1532,1537,0.1388
5,1539,1544,0.1388
5,1519,1524,0.1388
6,1512,1518,0.1388
6,1519,1525,0.1388
6,1522,1528,0.1388
6,1515,1521,0.1388
6,1515,1521,0.1388
6,1514,1520,0.1388
5,1496,1501,0.1388
6,1495,1501,0.1388
6,1488,1494,0.1388
6,1493,1499,0.1388
6,1506,1512,0.1388
6,1500,1506,0.1388
6,1505,1511,0.1388
7,1514,1521,0.1388
7,1510,1517,0.1388
7,1510,1517,0.1388
6,1513,1519,0.1388
6,1512,1518,0.1388
6,1512,1518,0.1388
8,1512,1520,0.1388
7,1507,1514,0.1388
6,1515,1521,0.1388
6,1507,1513,0.1388
6,1504,1510,0.1388
6,1529,1535,0.1388
6,1508,1514,0.1388
6,1521,1527,0.1388
6,1504,1510,0.1388
4,1504,1508,0.1388
6,1501,1507,0.1388
6,1514,1520,0.1388
6,1520,1526,0.1388
6,1515,1521,0.1388
5,1508,1513,0.1388
5,1509,1514,0.1388
5,1511,1516,0.1388
5,1506,1511,0.1388
5,1505,1510,0.1388
4,1520,1524,0.1388
4,1509,1513,0.1388
6,1506,1512,0.1388
6,1491,1497,0.1388
6,1494,1500,0.1388
6,1502,1508,0.1388
5,1511,1516,0.1388
5,1504,1509,0.1388
6,1496,1502,0.1388
6,1493,1499,0.1388
6,1500,1506,0.1388
7,1513,1520,0.1388
7,1504,1511,0.1388
7,1502,1509,0.1388
8,1498,1506,0.1388
7,1492,1499,0.1388
6,1489,1495,0.1388
7,1499,1506,0.1388
8,1515,1523,0.1388
8,1504,1512,0.1388
8,1505,1513,0.1388
8,1518,1526,0.1388
8,1507,1515,0.1388
8,1500,1508,0.1388
7,1498,1505,0.1388
7,1501,1508,0.1388
7,1504,1511,0.1388
7,1504,1511,0.1388
7,1513,1520,0.1388
7,1500,1507,0.1388
7,1503,1510,0.1388
7,1499,1506,0.1388
7,1496,1503,0.1388
7,1496,1503,0.1388
7,1507,1514,0.1388
6,1505,1511,0.1388
6,1504,1510,0.1388
5,1507,1512,0.1388
5,1483,1488,0.1388
5,1485,1490,0.1388
5,1512,1517,0.1388
4,1519,1523,0.1388
4,1522,1526,0.1388
4,1523,1527,0.1388
4,1509,1513,0.1388
4,1514,1518,0.1388
4,1513,1517,0.1388
4,1520,1524,0.1388
4,1515,1519,0.1388
4,1514,1518,0.1388
4,1516,1520,0.1388
4,1505,1509,0.1388
4,1500,1504,0.1388
4,1507,1511,0.1388
5,1500,1505,0.1388
5,1501,1506,0.1388
5,1509,1514,0.1388
5,1516,1521,0.1388
5,1509,1514,0.1388
6,1502,1508,0.1388
6,1504,1510,0.1388
6,1504,1510,0.1388
6,1501,1507,0.1388
7,1512,1519,0.1388
7,1507,1514,0.1388
7,1500,1507,0.1388
7,1517,1524,0.1388
7,1516,1523,0.1388
7,1520,1527,0.1388
8,1514,1522,0.1388
8,1507,1515,0.1388
7,1504,1511,0.1388
7,1504,1511,0.1388
7,1512,1519,0.1388
7,1512,1519,0.1388
7,1491,1498,0.1388
7,1493,1500,0.1388
7,1495,1502,0.1388
7,1502,1509,0.1388
7,1516,1523,0.1388
7,1511,1518,0.1388
7,1499,1506,0.1388
7,1491,1498,0.1388
7,1510,1517,0.1388
7,1508,1515,0.1388
7,1505,1512,0.1388
7,1503,1510,0.1388
8,1518,1526,0.1388
8,1502,1510,0.1388
7,1500,1507,0.1388
7,1515,1522,0.1388
6,1502,1508,0.1388
6,1498,1504,0.1388
6,1492,1498,0.1388
5,1497,1502,0.1388
5,1496,1501,0.1388
5,1508,1513,0.1388
5,1506,1511,0.1388
5,1501,1506,0.1388
6,1508,1514,0.1388
6,1519,1525,0.1388
6,1506,1512,0.1388
6,1511,1517,0.1388
5,1506,1511,0.1388
5,1504,1509,0.1388
7,1512,1519,0.1388
7,1497,1504,0.1388
8,1495,1503,0.1388
7,1503,1510,0.1388
7,1491,1498,0.1388
7,1512,1519,0.1388
7,1520,1527,0.1388
8,1515,1523,0.1388
8,1511,1519,0.1388
8,1519,1527,0.1388
8,1519,1527,0.1388
8,1514,1522,0.1388
8,1515,1523,0.1388
7,1518,1525,0.1388
7,1509,1516,0.1388
7,1516,1523,0.1388
7,1517,1524,0.1388
6,1519,1525,0.1388
5,1503,1508,0.1388
5,1504,1509,0.1388
5,1498,1503,0.1388
5,1498,1503,0.1388
5,1494,1499,0.1388
6,1505,1511,0.1388
6,1521,1527,0.1388
6,1527,1533,0.1388
5,1530,1535,0.1388
4,1523,1527,0.1388
5,1523,1528,0.1388
5,1525,1530,0.1388
5,1524,1529,0.1388
5,1513,1518,0.1388
5,1505,1510,0.1388
5,1497,1502,0.1388
5,1506,1511,0.1388
5,1517,1522,0.1388
5,1507,1512,0.1388
5,1509,1514,0.1388
6,1499,1505,0.1388
6,1493,1499,0.1388
6,1492,1498,0.1388
6,1499,1505,0.1388
6,1503,1509,0.1388
5,1511,1516,0.1388
5,1518,1523,0.1388
5,1509,1514,0.1388
5,1507,1512,0.1388
5,1509,1514,0.1388
5,1507,1512,0.1388
5,1503,1508,0.1388
5,1505,1510,0.1388
5,1510,1515,0.1388
4,1514,1518,0.1388
4,1519,1523,0.1388
4,1525,1529,0.1388
5,1516,1521,0.1388
5,1518,1523,0.1388
5,1516,1521,0.1388
5,1515,1520,0.1388
5,1518,1523,0.1388
5,1512,1517,0.1388
5,1515,1520,0.1388
6,1515,1521,0.1388
6,1518,1524,0.1388
6,1508,1514,0.1388
6,1514,1520,0.1388
6,1500,1506,0.1388
6,1499,1505,0.1388
6,1518,1524,0.1388
6,1523,1529,0.1388
6,1526,1532,0.1388
6,1520,1526,0.1388
6,1505,1511,0.1388
6,1497,1503,0.1388
6,1500,1506,0.1388
6,1507,1513,0.1388
6,1504,1510,0.1388
6,1502,1508,0.1388
6,1501,1507,0.1388
6,1507,1513,0.1388
6,1507,1513,0.1388
6,1514,1520,0.1388
6,1501,1507,0.1388
6,1509,1515,0.1388
6,1495,1501,0.1388
6,1503,1509,0.1388
6,1508,1514,0.1388
6,1505,1511,0.1388
6,1511,1517,0.1388
6,1504,1510,0.1388
6,1509,1515,0.1388
6,1523,1529,0.1388
6,1513,1519,0.1388
6,1523,1529,0.1388
6,1513,1519,0.1388
6,1507,1513,0.1388
5,1503,1508,0.1388
5,1526,1531,0.1388
5,1519,1524,0.1388
5,1524,1529,0.1388
5,1528,1533,0.1388
5,1516,1521,0.1388
5,1500,1505,0.1388
5,1503,1508,0.1388
5,1524,1529,0.1388
5,1514,1519,0.1388
5,1506,1511,0.1388
5,1514,1519,0.1388
4,1506,1510,0.1388
4,1511,1515,0.1388
4,1509,1513,0.1388
4,1509,1513,0.1388
4,1508,1512,0.1388
4,1507,1511,0.1388
5,1506,1511,0.1388
5,1504,1509,0.1388
5,1512,1517,0.1388
5,1512,1517,0.1388
5,1508,1513,0.1388
5,1505,1510,0.1388
5,1491,1496,0.1388
5,1519,1524,0.1388
5,1516,1521,0.1388
5,1511,1516,0.1388
5,1515,1520,0.1388
3,1509,1512,0.1388
3,1509,1512,0.1388
3,1510,1513,0.1388
2,1517,1519,0.1388
3,1523,1526,0.1388
4,1515,1519,0.1388
5,1517,1522,0.1388
5,1521,1526,0.1388
5,1518,1523,0.1388
6,1526,1532,0.1388
6,1527,1533,0.1388
5,1521,1526,0.1388
6,1519,1525,0.1388
6,1514,1520,0.1388
6,1522,1528,0.1388
6,1518,1524,0.1388
6,1519,1525,0.1388
6,1515,1521,0.1388
6,1516,1522,0.1388
6,1517,1523,0.1388
6,1504,1510,0.1388
6,1511,1517,0.1388
6,1509,1515,0.1388
6,1504,1510,0.1388
6,1504,1510,0.1388
5,1521,1526,0.1388
4,1520,1524,0.1388
5,1528,1533,0.1388
5,1520,1525,0.1388
5,1519,1524,0.1388
5,1502,1507,0.1388
5,1502,1507,0.1388
5,1520,1525,0.1388
5,1519,1524,0.1388
5,1505,1510,0.1388
5,1504,1509,0.1388
5,1508,1513,0.1388
5,1517,1522,0.1388
5,1507,1512,0.1388
5,1511,1516,0.1388
5,1515,1520,0.1388
5,1519,1524,0.1388
5,1514,1519,0.1388
5,1513,1518,0.1388
4,1507,1511,0.1388
4,1510,1514,0.1388
4,1507,1511,0.1388
5,1514,1519,0.1388
5,1510,1515,0.1388
5,1511,1516,0.1388
5,1518,1523,0.1388
5,1504,1509,0.1388
5,1510,1515,0.1388
5,1513,1518,0.1388
5,1510,1515,0.1388
5,1515,1520,0.1388
5,1514,1519,0.1388
5,1515,1520,0.1388
5,1525,1530,0.1388
5,1516,1521,0.1388
5,1522,1527,0.1388
5,1515,1520,0.1388
5,1514,1519,0.1388
4,1513,1517,0.1388
4,1501,1505,0.1388
5,1504,1509,0.1388
5,1510,1515,0.1388
5,1503,1508,0.1388
5,1524,1529,0.1388
5,1516,1521,0.1388
5,1520,1525,0.1388
5,1520,1525,0.1388
5,1522,1527,0.1388
5,1525,1530,0.1388
5,1525,1530,0.1388
5,1529,1534,0.1388
5,1527,1532,0.1388
4,1529,1533,0.1388
5,1530,1535,0.1388
5,1515,1520,0.1388
4,1521,1525,0.1388
5,1512,1517,0.1388
5,1515,1520,0.1388
6,1511,1517,0.1388
6,1511,1517,0.1388
6,1506,1512,0.1388
8,1504,1512,0.1388
8,1502,1510,0.1388
8,1506,1514,0.1388
8,1506,1514,0.1388
8,1505,1513,0.1388
8,1503,1511,0.1388
8,1495,1503,0.1388
8,1508,1516,0.1388
8,1512,1520,0.1388
9,1501,1510,0.1388
9,1507,1516,0.1388
8,1497,1505,0.1388
8,1503,1511,0.1388
9,1496,1505,0.1388
9,1503,1512,0.1388
10,1514,1524,0.1388
10,1512,1522,0.1388
10,1513,1523,0.1388
11,1501,1512,0.1388
11,1507,1518,0.1388
11,1513,1524,0.1388
10,1506,1516,0.1388
9,1504,1513,0.1388
10,1519,1529,0.1388
10,1522,1532,0.1388
10,1527,1537,0.1388
10,1516,1526,0.1388
10,1526,1536,0.1388
10,1519,1529,0.1388
10,1517,1527,0.1388
9,1508,1517,0.1388
9,1514,1523,0.1388
8,1503,1511,0.1388
9,1513,1522,0.1388
9,1509,1518,0.1388
8,1508,1516,0.1388
10,1515,1525,0.1388
11,1502,1513,0.1388
11,1494,1505,0.1388
11,1498,1509,0.1388
11,1499,1510,0.1388
11,1501,1512,0.1388
11,1515,1526,0.1388
11,1525,1536,0.1388
11,1504,1515,0.1388
11,1503,1514,0.1388
11,1515,1526,0.1388
10,1495,1505,0.1388
11,1499,1510,0.1388
12,1502,1514,0.1388
12,1517,1529,0.1388
13,1507,1520,0.1388
13,1496,1509,0.1388
12,1500,1512,0.1388
13,1491,1504,0.1388
13,1501,1514,0.1388
13,1510,1523,0.1388
13,1498,1511,0.1388
13,1505,1518,0.1388
14,1512,1526,0.1388
14,1508,1522,0.1388
14,1494,1508,0.1388
12,1484,1496,0.1388
12,1478,1490,0.1388
12,1496,1508,0.1388
12,1496,1508,0.1388
11,1492,1503,0.1388
11,1496,1507,0.1388
11,1506,1517,0.1388
11,1510,1521,0.1388
12,1493,1505,0.1388
14,1496,1510,0.1388
14,1511,1525,0.1388
14,1508,1522,0.1388
13,1510,1523,0.1388
13,1510,1523,0.1388
13,1511,1524,0.1388
13,1507,1520,0.1388
13,1507,1520,0.1388
13,1518,1531,0.1388
13,1505,1518,0.1388
13,1495,1508,0.1388
13,1498,1511,0.1388
13,1515,1528,0.1388
12,1524,1536,0.1388
12,1524,1536,0.1388
12,1517,1529,0.1388
12,1517,1529,0.1388
13,1503,1516,0.1388
14,1501,1515,0.1388
11,1506,1517,0.1388
12,1492,1504,0.1388
12,1491,1503,0.1388
13,1504,1517,0.1388
13,1501,1514,0.1388
11,1509,1520,0.1388
11,1521,1532,0.1388
12,1511,1523,0.1388
11,1507,1518,0.1388
11,1510,1521,0.1388
12,1517,1529,0.1388
13,1506,1519,0.1388
13,1494,1507,0.1388
12,1509,1521,0.1388
12,1510,1522,0.1388
12,1501,1513,0.1388
12,1505,1517,0.1388
11,1512,1523,0.1388
11,1503,1514,0.1388
11,1510,1521,0.1388
11,1508,1519,0.1388
12,1509,1521,0.1388
12,1509,1521,0.1388
13,1504,1517,0.1388
11,1512,1523,0.1388
10,1505,1515,0.1388
10,1495,1505,0.1388
10,1502,1512,0.1388
9,1504,1513,0.1388
8,1495,1503,0.1388
9,1494,1503,0.1388
8,1513,1521,0.1388
8,1516,1524,0.1388
6,1516,1522,0.1388
6,1516,1522,0.1388
7,1515,1522,0.1388
7,1508,1515,0.1388
7,1518,1525,0.1388
7,1522,1529,0.1388
7,1514,1521,0.1388
7,1501,1508,0.1388
7,1498,1505,0.1388
7,1495,1502,0.1388
7,1500,1507,0.1388
6,1509,1515,0.1388
6,1509,1515,0.1388
6,1514,1520,0.1388
6,1510,1516,0.1388
6,1517,1523,0.1388
5,1519,1524,0.1388
5,1517,1522,0.1388
4,1528,1532,0.1388
4,1531,1535,0.1388
5,1527,1532,0.1388
5,1518,1523,0.1388
5,1514,1519,0.1388
5,1521,1526,0.1388
5,1509,1514,0.1388
5,1506,1511,0.1388
5,1510,1515,0.1388
5,1507,1512,0.1388
4,1507,1511,0.1388
4,1521,1525,0.1388
4,1511,1515,0.1388
5,1507,1512,0.1388
5,1503,1508,0.1388
5,1498,1503,0.1388
4,1494,1498,0.1388
5,1524,1529,0.1388
5,1522,1527,0.1388
5,1522,1527,0.1388
5,1518,1523,0.1388
5,1524,1529,0.1388
5,1517,1522,0.1388
5,1502,1507,0.1388
5,1498,1503,0.1388
5,1503,1508,0.1388
5,1502,1507,0.1388
5,1488,1493,0.1388
5,1499,1504,0.1388
5,1501,1506,0.1388
5,1512,1517,0.1388
5,1523,1528,0.1388
5,1511,1516,0.1388
5,1522,1527,0.1388
5,1527,1532,0.1388
4,1514,1518,0.1388
4,1510,1514,0.1388
5,1512,1517,0.1388
5,1514,1519,0.1388
5,1507,1512,0.1388
5,1512,1517,0.1388
5,1517,1522,0.1388
5,1508,1513,0.1388
5,1509,1514,0.1388
5,1518,1523,0.1388
4,1515,1519,0.1388
4,1507,1511,0.1388
4,1522,1526,0.1388
4,1511,1515,0.1388
4,1500,1504,0.1388
4,1507,1511,0.1388
4,1506,1510,0.1388
4,1513,1517,0.1388
4,1531,1535,0.1388
4,1525,1529,0.1388
4,1520,1524,0.1388
3,1512,1515,0.1388
4,1519,1523,0.1388
3,1515,1518,0.1388
3,1513,1516,0.1388
3,1524,1527,0.1388
3,1532,1535,0.1388
3,1529,1532,0.1388
3,1524,1527,0.1388
3,1529,1532,0.1388
3,1522,1525,0.1388
3,1508,1511,0.1388
3,1512,1515,0.1388
3,1516,1519,0.1388
3,1508,1511,0.1388
3,1504,1507,0.1388
3,1499,1502,0.1388
3,1509,1512,0.1388
3,1508,1511,0.1388
2,1515,1517,0.1388
2,1514,1516,0.1388
2,1518,1520,0.1388
2,1508,1510,0.1388
2,1513,1515,0.1388
2,1504,1506,0.1388
4,1514,1518,0.1388
4,1515,1519,0.1388
4,1515,1519,0.1388
4,1510,1514,0.1388
3,1521,1524,0.1388
3,1535,1538,0.1388
3,1532,1535,0.1388
3,1523,1526,0.1388
3,1530,1533,0.1388
3,1532,1535,0.1388
3,1533,1536,0.1388
4,1511,1515,0.1388
4,1525,1529,0.1388
4,1517,1521,0.1388
4,1501,1505,0.1388
4,1524,1528,0.1388
3,1518,1521,0.1388
3,1511,1514,0.1388
3,1520,1523,0.1388
2,1516,1518,0.1388
2,1523,1525,0.1388
2,1527,1529,0.1388
2,1534,1536,0.1388
2,1526,1528,0.1388
2,1527,1529,0.1388
2,1530,1532,0.1388
2,1520,1522,0.1388
2,1522,1524,0.1388
2,1512,1514,0.1388
2,1513,1515,0.1388
2,1519,1521,0.1388
2,1510,1512,0.1388
1,1512,1513,0.1388
1,1499,1500,0.1388
1,1499,1500,0.1388
1,1501,1502,0.1388
0,1510,1510,0.1388
