1377,26,1403,0.1388
1404,26,1430,0.1388
1441,26,1467,0.1388
1444,25,1469,0.1388
1454,24,1478,0.1388
1467,25,1492,0.1388
1482,27,1509,0.1388
1480,31,1511,0.1388
1465,30,1495,0.1388
1463,31,1494,0.1388
1462,31,1493,0.1388
1467,30,1497,0.1388
1469,30,1499,0.1388
1471,30,1501,0.1388
1458,28,1486,0.1388
1451,30,1481,0.1388
1448,28,1476,0.1388
1462,28,1490,0.1388
1472,31,1503,0.1388
1451,31,1482,0.1388
1451,34,1485,0.1388
1458,34,1492,0.1388
1466,36,1502,0.1388
1464,36,1500,0.1388
1463,36,1499,0.1388
1454,37,1491,0.1388
1445,38,1483,0.1388
1450,39,1489,0.1388
1452,38,1490,0.1388
1452,37,1489,0.1388
1453,37,1490,0.1388
1462,37,1499,0.1388
1462,36,1498,0.1388
1461,41,1502,0.1388
1456,40,1496,0.1388
1460,37,1497,0.1388
1457,38,1495,0.1388
1459,39,1498,0.1388
1459,38,1497,0.1388
1455,41,1496,0.1388
1448,41,1489,0.1388
1439,45,1484,0.1388
1443,47,1490,0.1388
1437,48,1485,0.1388
1421,49,1470,0.1388
1437,48,1485,0.1388
1431,46,1477,0.1388
1438,44,1482,0.1388
1434,45,1479,0.1388
1442,45,1487,0.1388
1439,45,1484,0.1388
1442,48,1490,0.1388
1445,46,1491,0.1388
1436,45,1481,0.1388
1432,46,1478,0.1388
1440,45,1485,0.1388
1441,45,1486,0.1388
1442,46,1488,0.1388
1440,44,1484,0.1388
1442,45,1487,0.1388
1442,46,1488,0.1388
1438,46,1484,0.1388
1436,46,1482,0.1388
1444,45,1489,0.1388
1440,45,1485,0.1388
1454,46,1500,0.1388
1465,46,1511,0.1388
1465,47,1512,0.1388
1448,48,1496,0.1388
1448,47,1495,0.1388
1455,46,1501,0.1388
1447,49,1496,0.1388
1444,48,1492,0.1388
1450,47,1497,0.1388
1447,48,1495,0.1388
1453,46,1499,0.1388
1455,46,1501,0.1388
1452,47,1499,0.1388
1451,46,1497,0.1388
1445,50,1495,0.1388
1450,46,1496,0.1388
1438,47,1485,0.1388
1437,47,1484,0.1388
1440,48,1488,0.1388
1436,51,1487,0.1388
1434,54,1488,0.1388
1449,54,1503,0.1388
1450,53,1503,0.1388
1436,54,1490,0.1388
1451,55,1506,0.1388
1450,51,1501,0.1388
1434,50,1484,0.1388
1437,52,1489,0.1388
1428,55,1483,0.1388
1425,55,1480,0.1388
1426,55,1481,0.1388
1437,55,1492,0.1388
1420,55,1475,0.1388
1429,56,1485,0.1388
1432,55,1487,0.1388
1423,59,1482,0.1388
1427,61,1488,0.1388
1420,62,1482,0.1388
1436,63,1499,0.1388
1434,62,1496,0.1388
1444,63,1507,0.1388
1437,61,1498,0.1388
1442,63,1505,0.1388
1444,64,1508,0.1388
1430,63,1493,0.1388
1422,65,1487,0.1388
1433,65,1498,0.1388
1437,65,1502,0.1388
1421,64,1485,0.1388
1426,64,1490,0.1388
1433,64,1497,0.1388
1432,62,1494,0.1388
1433,60,1493,0.1388
1453,59,1512,0.1388
1442,59,1501,0.1388
1441,61,1502,0.1388
1440,62,1502,0.1388
1433,60,1493,0.1388
1425,60,1485,0.1388
1428,59,1487,0.1388
1426,60,1486,0.1388
1427,59,1486,0.1388
1434,61,1495,0.1388
1441,60,1501,0.1388
1436,58,1494,0.1388
1435,58,1493,0.1388
1432,57,1489,0.1388
1418,58,1476,0.1388
1433,60,1493,0.1388
1441,60,1501,0.1388
1429,61,1490,0.1388
1441,60,1501,0.1388
1446,59,1505,0.1388
1433,58,1491,0.1388
1440,61,1501,0.1388
1434,59,1493,0.1388
1432,60,1492,0.1388
1443,56,1499,0.1388
1447,55,1502,0.1388
1434,58,1492,0.1388
1432,58,1490,0.1388
1430,55,1485,0.1388
1434,53,1487,0.1388
1426,51,1477,0.1388
1426,52,1478,0.1388
1433,49,1482,0.1388
1441,49,1490,0.1388
1434,51,1485,0.1388
1437,54,1491,0.1388
1442,52,1494,0.1388
1439,52,1491,0.1388
1446,52,1498,0.1388
1435,50,1485,0.1388
1437,51,1488,0.1388
1447,50,1497,0.1388
1423,52,1475,0.1388
1429,51,1480,0.1388
1435,52,1487,0.1388
1438,52,1490,0.1388
1428,50,1478,0.1388
1415,48,1463,0.1388
1422,51,1473,0.1388
1445,54,1499,0.1388
1443,57,1500,0.1388
1458,55,1513,0.1388
1441,54,1495,0.1388
1437,52,1489,0.1388
1438,51,1489,0.1388
1447,50,1497,0.1388
1428,50,1478,0.1388
1413,50,1463,0.1388
1431,50,1481,0.1388
1446,46,1492,0.1388
1443,49,1492,0.1388
1452,48,1500,0.1388
1452,48,1500,0.1388
1438,48,1486,0.1388
1436,49,1485,0.1388
1441,50,1491,0.1388
1451,49,1500,0.1388
1460,48,1508,0.1388
1462,47,1509,0.1388
1453,47,1500,0.1388
1444,48,1492,0.1388
1427,48,1475,0.1388
1430,47,1477,0.1388
1454,46,1500,0.1388
1456,47,1503,0.1388
1448,48,1496,0.1388
1456,49,1505,0.1388
1465,48,1513,0.1388
1455,49,1504,0.1388
1453,48,1501,0.1388
1462,48,1510,0.1388
1454,47,1501,0.1388
1452,46,1498,0.1388
1441,49,1490,0.1388
1438,48,1486,0.1388
1437,48,1485,0.1388
1433,50,1483,0.1388
1428,50,1478,0.1388
1433,53,1486,0.1388
1424,54,1478,0.1388
1437,51,1488,0.1388
1426,54,1480,0.1388
1418,58,1476,0.1388
1424,58,1482,0.1388
1423,59,1482,0.1388
1431,63,1494,0.1388
1452,64,1516,0.1388
1437,64,1501,0.1388
1421,64,1485,0.1388
1437,65,1502,0.1388
1429,65,1494,0.1388
1417,63,1480,0.1388
1423,64,1487,0.1388
1419,63,1482,0.1388
1414,60,1474,0.1388
1419,60,1479,0.1388
1425,60,1485,0.1388
1417,59,1476,0.1388
1413,61,1474,0.1388
1417,61,1478,0.1388
1423,62,1485,0.1388
1424,60,1484,0.1388
1444,59,1503,0.1388
1455,58,1513,0.1388
1445,58,1503,0.1388
1450,59,1509,0.1388
1436,59,1495,0.1388
1442,58,1500,0.1388
1438,57,1495,0.1388
1445,59,1504,0.1388
1450,60,1510,0.1388
1446,60,1506,0.1388
1444,62,1506,0.1388
1433,62,1495,0.1388
1428,61,1489,0.1388
1419,65,1484,0.1388
1421,67,1488,0.1388
1416,67,1483,0.1388
1425,67,1492,0.1388
1419,66,1485,0.1388
1408,69,1477,0.1388
1430,70,1500,0.1388
1437,66,1503,0.1388
1436,68,1504,0.1388
1436,67,1503,0.1388
1445,67,1512,0.1388
1444,64,1508,0.1388
1430,63,1493,0.1388
1418,65,1483,0.1388
1436,63,1499,0.1388
1447,64,1511,0.1388
1447,63,1510,0.1388
1455,64,1519,0.1388
1441,64,1505,0.1388
1438,66,1504,0.1388
1436,68,1504,0.1388
1410,66,1476,0.1388
1407,64,1471,0.1388
1421,63,1484,0.1388
1421,62,1483,0.1388
1421,62,1483,0.1388
1424,61,1485,0.1388
1408,64,1472,0.1388
1407,64,1471,0.1388
1402,67,1469,0.1388
1410,65,1475,0.1388
1404,65,1469,0.1388
1410,68,1478,0.1388
1404,74,1478,0.1388
1404,73,1477,0.1388
1416,70,1486,0.1388
1418,74,1492,0.1388
1410,76,1486,0.1388
1421,74,1495,0.1388
1412,73,1485,0.1388
1423,73,1496,0.1388
1432,74,1506,0.1388
1424,76,1500,0.1388
1423,71,1494,0.1388
1427,76,1503,0.1388
1425,77,1502,0.1388
1424,76,1500,0.1388
1423,78,1501,0.1388
1428,77,1505,0.1388
1413,78,1491,0.1388
1419,80,1499,0.1388
1412,80,1492,0.1388
1410,80,1490,0.1388
1413,78,1491,0.1388
1425,76,1501,0.1388
1413,76,1489,0.1388
1407,80,1487,0.1388
1394,83,1477,0.1388
1398,84,1482,0.1388
1414,87,1501,0.1388
1406,88,1494,0.1388
1418,88,1506,0.1388
1419,85,1504,0.1388
1420,84,1504,0.1388
1418,87,1505,0.1388
1404,87,1491,0.1388
1405,85,1490,0.1388
1399,88,1487,0.1388
1403,89,1492,0.1388
1401,90,1491,0.1388
1398,90,1488,0.1388
1394,93,1487,0.1388
1381,93,1474,0.1388
1390,96,1486,0.1388
1402,97,1499,0.1388
1409,92,1501,0.1388
1410,95,1505,0.1388
1422,99,1521,0.1388
1415,98,1513,0.1388
1409,100,1509,0.1388
1407,101,1508,0.1388
1403,103,1506,0.1388
1393,103,1496,0.1388
1377,97,1474,0.1388
1384,98,1482,0.1388
1395,99,1494,0.1388
1375,105,1480,0.1388
1391,106,1497,0.1388
1391,107,1498,0.1388
1397,107,1504,0.1388
1389,104,1493,0.1388
1388,106,1494,0.1388
1384,103,1487,0.1388
1387,103,1490,0.1388
1390,105,1495,0.1388
1389,107,1496,0.1388
1389,108,1497,0.1388
1397,110,1507,0.1388
1394,111,1505,0.1388
1400,111,1511,0.1388
1398,106,1504,0.1388
1383,110,1493,0.1388
1388,111,1499,0.1388
1386,107,1493,0.1388
1375,107,1482,0.1388
1371,104,1475,0.1388
1373,105,1478,0.1388
1399,104,1503,0.1388
1385,103,1488,0.1388
1368,105,1473,0.1388
1368,105,1473,0.1388
1369,104,1473,0.1388
1363,106,1469,0.1388
1365,114,1479,0.1388
1379,112,1491,0.1388
1389,113,1502,0.1388
1385,111,1496,0.1388
1383,112,1495,0.1388
1377,115,1492,0.1388
1386,116,1502,0.1388
1396,112,1508,0.1388
1386,113,1499,0.1388
1373,112,1485,0.1388
1372,109,1481,0.1388
1381,110,1491,0.1388
1379,108,1487,0.1388
1379,111,1490,0.1388
1384,112,1496,0.1388
1395,112,1507,0.1388
1388,111,1499,0.1388
1389,111,1500,0.1388
1392,112,1504,0.1388
1384,110,1494,0.1388
1385,108,1493,0.1388
1383,109,1492,0.1388
1377,110,1487,0.1388
1376,105,1481,0.1388
1377,108,1485,0.1388
1386,108,1494,0.1388
1382,109,1491,0.1388
1396,112,1508,0.1388
1393,115,1508,0.1388
1384,117,1501,0.1388
1378,114,1492,0.1388
1384,115,1499,0.1388
1394,114,1508,0.1388
1390,111,1501,0.1388
1384,108,1492,0.1388
1393,106,1499,0.1388
1382,112,1494,0.1388
1377,111,1488,0.1388
1379,111,1490,0.1388
1361,106,1467,0.1388
1377,112,1489,0.1388
1379,112,1491,0.1388
1372,108,1480,0.1388
1383,114,1497,0.1388
1383,120,1503,0.1388
1383,120,1503,0.1388
1383,119,1502,0.1388
1374,121,1495,0.1388
1372,121,1493,0.1388
1384,122,1506,0.1388
1378,121,1499,0.1388
1371,119,1490,0.1388
1363,119,1482,0.1388
1381,119,1500,0.1388
1378,121,1499,0.1388
1369,122,1491,0.1388
1354,119,1473,0.1388
1349,121,1470,0.1388
1352,120,1472,0.1388
1368,118,1486,0.1388
1368,120,1488,0.1388
1378,120,1498,0.1388
1380,119,1499,0.1388
1373,122,1495,0.1388
1362,122,1484,0.1388
1356,124,1480,0.1388
1362,124,1486,0.1388
1350,126,1476,0.1388
1362,130,1492,0.1388
1364,134,1498,0.1388
1369,131,1500,0.1388
1370,127,1497,0.1388
1374,124,1498,0.1388
1368,126,1494,0.1388
1356,130,1486,0.1388
1373,130,1503,0.1388
1368,130,1498,0.1388
1362,129,1491,0.1388
1359,126,1485,0.1388
1363,127,1490,0.1388
1354,127,1481,0.1388
1352,127,1479,0.1388
1348,130,1478,0.1388
1357,132,1489,0.1388
1361,129,1490,0.1388
1370,133,1503,0.1388
1365,137,1502,0.1388
1365,135,1500,0.1388
1354,138,1492,0.1388
1351,140,1491,0.1388
1352,135,1487,0.1388
1354,135,1489,0.1388
1354,143,1497,0.1388
1352,145,1497,0.1388
1347,142,1489,0.1388
1351,141,1492,0.1388
1359,138,1497,0.1388
1351,134,1485,0.1388
1348,134,1482,0.1388
1350,132,1482,0.1388
1362,131,1493,0.1388
1368,135,1503,0.1388
1373,137,1510,0.1388
1371,135,1506,0.1388
1379,137,1516,0.1388
1370,136,1506,0.1388
1364,138,1502,0.1388
1360,141,1501,0.1388
1350,141,1491,0.1388
1352,139,1491,0.1388
1360,137,1497,0.1388
1356,134,1490,0.1388
1368,134,1502,0.1388
1359,136,1495,0.1388
1367,142,1509,0.1388
1363,142,1505,0.1388
1372,137,1509,0.1388
1355,140,1495,0.1388
1346,147,1493,0.1388
1353,148,1501,0.1388
1341,147,1488,0.1388
1342,147,1489,0.1388
1353,144,1497,0.1388
1346,144,1490,0.1388
1340,144,1484,0.1388
1346,146,1492,0.1388
1345,148,1493,0.1388
1341,149,1490,0.1388
1338,151,1489,0.1388
1345,152,1497,0.1388
1344,153,1497,0.1388
1348,150,1498,0.1388
1350,152,1502,0.1388
1354,151,1505,0.1388
1366,153,1519,0.1388
1355,156,1511,0.1388
1349,158,1507,0.1388
1337,160,1497,0.1388
1337,160,1497,0.1388
1327,159,1486,0.1388
1337,159,1496,0.1388
1329,159,1488,0.1388
1333,164,1497,0.1388
1342,163,1505,0.1388
1333,160,1493,0.1388
1326,166,1492,0.1388
1327,166,1493,0.1388
1340,170,1510,0.1388
1327,173,1500,0.1388
1315,176,1491,0.1388
1325,178,1503,0.1388
1325,176,1501,0.1388
1323,176,1499,0.1388
1327,170,1497,0.1388
1326,168,1494,0.1388
1332,170,1502,0.1388
1322,176,1498,0.1388
1327,173,1500,0.1388
1331,177,1508,0.1388
1327,173,1500,0.1388
1325,177,1502,0.1388
1328,179,1507,0.1388
1324,179,1503,0.1388
1309,182,1491,0.1388
1313,188,1501,0.1388
1301,189,1490,0.1388
1293,188,1481,0.1388
1296,191,1487,0.1388
1301,188,1489,0.1388
1299,194,1493,0.1388
1292,199,1491,0.1388
1292,197,1489,0.1388
1298,197,1495,0.1388
1283,195,1478,0.1388
1292,188,1480,0.1388
1293,199,1492,0.1388
1304,199,1503,0.1388
1298,198,1496,0.1388
1297,196,1493,0.1388
1288,199,1487,0.1388
1280,198,1478,0.1388
1282,203,1485,0.1388
1281,205,1486,0.1388
1287,208,1495,0.1388
1290,210,1500,0.1388
1292,212,1504,0.1388
1282,209,1491,0.1388
1283,210,1493,0.1388
1290,212,1502,0.1388
1287,207,1494,0.1388
1282,208,1490,0.1388
1290,205,1495,0.1388
1279,210,1489,0.1388
1285,209,1494,0.1388
1279,210,1489,0.1388
1270,204,1474,0.1388
1267,206,1473,0.1388
1277,204,1481,0.1388
1284,199,1483,0.1388
1277,200,1477,0.1388
1296,199,1495,0.1388
1303,193,1496,0.1388
1298,187,1485,0.1388
1307,191,1498,0.1388
1307,193,1500,0.1388
1309,188,1497,0.1388
1304,190,1494,0.1388
1298,187,1485,0.1388
1303,192,1495,0.1388
1308,193,1501,0.1388
1299,191,1490,0.1388
1306,194,1500,0.1388
1310,192,1502,0.1388
1309,195,1504,0.1388
1312,196,1508,0.1388
1304,195,1499,0.1388
1307,196,1503,0.1388
1291,193,1484,0.1388
1308,192,1500,0.1388
1307,195,1502,0.1388
1310,193,1503,0.1388
1316,193,1509,0.1388
1313,192,1505,0.1388
1304,191,1495,0.1388
1310,194,1504,0.1388
1305,195,1500,0.1388
1305,192,1497,0.1388
1298,198,1496,0.1388
1290,195,1485,0.1388
1293,201,1494,0.1388
1293,201,1494,0.1388
1291,208,1499,0.1388
1288,207,1495,0.1388
1288,203,1491,0.1388
1280,201,1481,0.1388
1276,203,1479,0.1388
1273,207,1480,0.1388
1276,205,1481,0.1388
1272,209,1481,0.1388
1267,211,1478,0.1388
1277,213,1490,0.1388
1281,210,1491,0.1388
1291,214,1505,0.1388
1284,220,1504,0.1388
1293,222,1515,0.1388
1298,221,1519,0.1388
1305,225,1530,0.1388
1303,217,1520,0.1388
1290,214,1504,0.1388
1280,214,1494,0.1388
1286,215,1501,0.1388
1282,215,1497,0.1388
1278,217,1495,0.1388
1277,219,1496,0.1388
1269,224,1493,0.1388
1263,231,1494,0.1388
1264,234,1498,0.1388
1273,235,1508,0.1388
1269,234,1503,0.1388
1275,230,1505,0.1388
1271,228,1499,0.1388
1265,223,1488,0.1388
1261,225,1486,0.1388
1269,227,1496,0.1388
1278,231,1509,0.1388
1288,231,1519,0.1388
1279,229,1508,0.1388
1284,228,1512,0.1388
1278,232,1510,0.1388
1275,230,1505,0.1388
1272,229,1501,0.1388
1274,227,1501,0.1388
1277,229,1506,0.1388
1267,229,1496,0.1388
1266,230,1496,0.1388
1269,233,1502,0.1388
1272,235,1507,0.1388
1269,233,1502,0.1388
1268,234,1502,0.1388
1262,232,1494,0.1388
1259,230,1489,0.1388
1258,229,1487,0.1388
1262,230,1492,0.1388
1253,232,1485,0.1388
1254,235,1489,0.1388
1266,229,1495,0.1388
1265,233,1498,0.1388
1265,232,1497,0.1388
1270,234,1504,0.1388
1264,235,1499,0.1388
1252,238,1490,0.1388
1257,244,1501,0.1388
1253,242,1495,0.1388
1255,242,1497,0.1388
1255,241,1496,0.1388
1239,247,1486,0.1388
1230,249,1479,0.1388
1231,249,1480,0.1388
1227,252,1479,0.1388
1226,257,1483,0.1388
1219,260,1479,0.1388
1230,260,1490,0.1388
1245,259,1504,0.1388
1241,261,1502,0.1388
1237,266,1503,0.1388
1235,263,1498,0.1388
1226,262,1488,0.1388
1220,263,1483,0.1388
1235,266,1501,0.1388
1233,267,1500,0.1388
1235,269,1504,0.1388
1231,267,1498,0.1388
1230,272,1502,0.1388
1227,273,1500,0.1388
1236,274,1510,0.1388
1237,275,1512,0.1388
1234,280,1514,0.1388
1217,276,1493,0.1388
1230,280,1510,0.1388
1214,287,1501,0.1388
1203,288,1491,0.1388
1215,291,1506,0.1388
1220,288,1508,0.1388
1207,290,1497,0.1388
1192,287,1479,0.1388
1191,293,1484,0.1388
1199,289,1488,0.1388
1198,288,1486,0.1388
1211,294,1505,0.1388
1206,297,1503,0.1388
1191,295,1486,0.1388
1196,298,1494,0.1388
1207,294,1501,0.1388
1197,293,1490,0.1388
1190,292,1482,0.1388
1203,294,1497,0.1388
1195,294,1489,0.1388
1194,299,1493,0.1388
1194,299,1493,0.1388
1200,297,1497,0.1388
1198,295,1493,0.1388
1201,297,1498,0.1388
1198,298,1496,0.1388
1196,306,1502,0.1388
1192,303,1495,0.1388
1197,307,1504,0.1388
1193,307,1500,0.1388
1193,308,1501,0.1388
1172,310,1482,0.1388
1178,312,1490,0.1388
1186,308,1494,0.1388
1197,300,1497,0.1388
1173,299,1472,0.1388
1177,304,1481,0.1388
1181,305,1486,0.1388
1187,306,1493,0.1388
1183,302,1485,0.1388
1177,304,1481,0.1388
1178,309,1487,0.1388
1169,310,1479,0.1388
1174,315,1489,0.1388
1182,315,1497,0.1388
1185,317,1502,0.1388
1184,320,1504,0.1388
1185,324,1509,0.1388
1179,327,1506,0.1388
1180,322,1502,0.1388
1169,321,1490,0.1388
1170,324,1494,0.1388
1172,330,1502,0.1388
1181,337,1518,0.1388
1184,335,1519,0.1388
1182,331,1513,0.1388
1177,336,1513,0.1388
1164,335,1499,0.1388
1158,336,1494,0.1388
1161,335,1496,0.1388
1154,335,1489,0.1388
1151,333,1484,0.1388
1146,334,1480,0.1388
1140,335,1475,0.1388
1139,329,1468,0.1388
1160,333,1493,0.1388
1160,330,1490,0.1388
1167,342,1509,0.1388
1169,340,1509,0.1388
1163,343,1506,0.1388
1178,341,1519,0.1388
1180,337,1517,0.1388
1172,340,1512,0.1388
1171,341,1512,0.1388
1177,338,1515,0.1388
1168,338,1506,0.1388
1164,335,1499,0.1388
1155,333,1488,0.1388
1169,337,1506,0.1388
1167,337,1504,0.1388
1161,340,1501,0.1388
1175,337,1512,0.1388
1169,338,1507,0.1388
1147,344,1491,0.1388
1147,349,1496,0.1388
1154,355,1509,0.1388
1154,357,1511,0.1388
1154,358,1512,0.1388
1132,361,1493,0.1388
1129,362,1491,0.1388
1138,360,1498,0.1388
1150,360,1510,0.1388
1144,358,1502,0.1388
1139,361,1500,0.1388
1127,367,1494,0.1388
1126,372,1498,0.1388
1137,372,1509,0.1388
1123,374,1497,0.1388
1129,367,1496,0.1388
1119,371,1490,0.1388
1126,369,1495,0.1388
1120,373,1493,0.1388
1118,369,1487,0.1388
1130,364,1494,0.1388
1143,363,1506,0.1388
1137,368,1505,0.1388
1133,364,1497,0.1388
1132,370,1502,0.1388
1126,368,1494,0.1388
1121,367,1488,0.1388
1118,369,1487,0.1388
1120,375,1495,0.1388
1123,374,1497,0.1388
1116,380,1496,0.1388
1111,385,1496,0.1388
1109,385,1494,0.1388
1107,379,1486,0.1388
1128,380,1508,0.1388
1119,381,1500,0.1388
1121,385,1506,0.1388
1113,382,1495,0.1388
1121,384,1505,0.1388
1108,383,1491,0.1388
1105,385,1490,0.1388
1117,384,1501,0.1388
1124,383,1507,0.1388
1115,380,1495,0.1388
1116,387,1503,0.1388
1116,384,1500,0.1388
1121,391,1512,0.1388
1120,384,1504,0.1388
1101,382,1483,0.1388
1092,385,1477,0.1388
1099,388,1487,0.1388
1107,384,1491,0.1388
1113,381,1494,0.1388
1110,388,1498,0.1388
1104,394,1498,0.1388
1099,392,1491,0.1388
1093,402,1495,0.1388
1095,406,1501,0.1388
1098,407,1505,0.1388
1095,408,1503,0.1388
1092,409,1501,0.1388
1086,418,1504,0.1388
1086,416,1502,0.1388
1084,417,1501,0.1388
1090,419,1509,0.1388
1088,422,1510,0.1388
1080,420,1500,0.1388
1090,422,1512,0.1388
1096,425,1521,0.1388
1083,428,1511,0.1388
1083,426,1509,0.1388
1088,428,1516,0.1388
1078,426,1504,0.1388
1081,423,1504,0.1388
1084,420,1504,0.1388
1077,423,1500,0.1388
1065,423,1488,0.1388
1072,428,1500,0.1388
1074,428,1502,0.1388
1064,426,1490,0.1388
1073,425,1498,0.1388
1067,425,1492,0.1388
1079,429,1508,0.1388
1056,427,1483,0.1388
1058,430,1488,0.1388
1064,426,1490,0.1388
1063,430,1493,0.1388
1068,431,1499,0.1388
1075,421,1496,0.1388
1074,415,1489,0.1388
1074,423,1497,0.1388
1071,429,1500,0.1388
1071,435,1506,0.1388
1079,432,1511,0.1388
1079,436,1515,0.1388
1064,435,1499,0.1388
1065,424,1489,0.1388
1063,423,1486,0.1388
1055,426,1481,0.1388
1059,425,1484,0.1388
1070,429,1499,0.1388
1079,423,1502,0.1388
1079,430,1509,0.1388
1080,436,1516,0.1388
1087,429,1516,0.1388
1080,431,1511,0.1388
1077,428,1505,0.1388
1073,428,1501,0.1388
1066,432,1498,0.1388
1065,430,1495,0.1388
1070,439,1509,0.1388
1078,441,1519,0.1388
1062,441,1503,0.1388
1061,443,1504,0.1388
1057,440,1497,0.1388
1055,435,1490,0.1388
1044,433,1477,0.1388
1043,444,1487,0.1388
1047,454,1501,0.1388
1051,453,1504,0.1388
1044,448,1492,0.1388
1043,450,1493,0.1388
1040,451,1491,0.1388
1048,446,1494,0.1388
1046,454,1500,0.1388
1041,453,1494,0.1388
1049,450,1499,0.1388
1047,452,1499,0.1388
1057,460,1517,0.1388
1050,457,1507,0.1388
1044,457,1501,0.1388
1033,462,1495,0.1388
1031,454,1485,0.1388
1041,466,1507,0.1388
1043,468,1511,0.1388
1040,466,1506,0.1388
1032,465,1497,0.1388
1040,452,1492,0.1388
1040,463,1503,0.1388
1044,462,1506,0.1388
1043,465,1508,0.1388
1045,463,1508,0.1388
1041,464,1505,0.1388
1039,464,1503,0.1388
1043,460,1503,0.1388
1037,465,1502,0.1388
1041,469,1510,0.1388
1045,462,1507,0.1388
1040,462,1502,0.1388
1028,458,1486,0.1388
1033,459,1492,0.1388
1033,461,1494,0.1388
1027,460,1487,0.1388
1047,455,1502,0.1388
1042,458,1500,0.1388
1043,455,1498,0.1388
1042,450,1492,0.1388
1032,451,1483,0.1388
1033,447,1480,0.1388
1033,454,1487,0.1388
1038,459,1497,0.1388
1045,460,1505,0.1388
1043,454,1497,0.1388
1044,450,1494,0.1388
1044,453,1497,0.1388
1041,453,1494,0.1388
1039,454,1493,0.1388
1033,460,1493,0.1388
1034,459,1493,0.1388
1056,461,1517,0.1388
1054,462,1516,0.1388
1053,461,1514,0.1388
1062,460,1522,0.1388
1058,462,1520,0.1388
1048,462,1510,0.1388
1052,460,1512,0.1388
1051,460,1511,0.1388
1043,462,1505,0.1388
1040,462,1502,0.1388
1031,471,1502,0.1388
1026,464,1490,0.1388
1016,463,1479,0.1388
1029,463,1492,0.1388
1024,462,1486,0.1388
1012,459,1471,0.1388
1010,459,1469,0.1388
1029,452,1481,0.1388
1042,455,1497,0.1388
1052,467,1519,0.1388
1044,465,1509,0.1388
1036,457,1493,0.1388
1042,464,1506,0.1388
1044,468,1512,0.1388
1046,467,1513,0.1388
1049,469,1518,0.1388
1055,467,1522,0.1388
1055,460,1515,0.1388
1052,464,1516,0.1388
1050,465,1515,0.1388
1048,462,1510,0.1388
1044,456,1500,0.1388
1051,455,1506,0.1388
1059,460,1519,0.1388
1063,454,1517,0.1388
1065,452,1517,0.1388
1067,445,1512,0.1388
1064,449,1513,0.1388
1067,447,1514,0.1388
1056,447,1503,0.1388
1047,452,1499,0.1388
1045,448,1493,0.1388
1032,453,1485,0.1388
1030,460,1490,0.1388
1029,459,1488,0.1388
1036,457,1493,0.1388
1036,459,1495,0.1388
1051,461,1512,0.1388
1047,462,1509,0.1388
1034,464,1498,0.1388
1026,456,1482,0.1388
1033,456,1489,0.1388
1036,452,1488,0.1388
1032,459,1491,0.1388
1034,455,1489,0.1388
1027,456,1483,0.1388
1038,454,1492,0.1388
1048,461,1509,0.1388
1040,460,1500,0.1388
1040,457,1497,0.1388
1055,455,1510,0.1388
1053,448,1501,0.1388
1056,453,1509,0.1388
1047,450,1497,0.1388
1038,448,1486,0.1388
1046,448,1494,0.1388
1039,455,1494,0.1388
1043,455,1498,0.1388
1042,449,1491,0.1388
1046,453,1499,0.1388
1047,454,1501,0.1388
1045,460,1505,0.1388
1043,458,1501,0.1388
1039,459,1498,0.1388
1041,463,1504,0.1388
1034,467,1501,0.1388
1032,466,1498,0.1388
1041,464,1505,0.1388
1038,466,1504,0.1388
1037,468,1505,0.1388
1034,463,1497,0.1388
1036,458,1494,0.1388
1037,458,1495,0.1388
1040,473,1513,0.1388
1041,461,1502,0.1388
1031,470,1501,0.1388
1027,470,1497,0.1388
1028,480,1508,0.1388
1036,478,1514,0.1388
1043,479,1522,0.1388
1036,471,1507,0.1388
1041,465,1506,0.1388
1036,468,1504,0.1388
1031,476,1507,0.1388
1035,475,1510,0.1388
1043,469,1512,0.1388
1044,470,1514,0.1388
1038,472,1510,0.1388
1037,476,1513,0.1388
1030,475,1505,0.1388
1011,475,1486,0.1388
1017,479,1496,0.1388
1022,483,1505,0.1388
1018,478,1496,0.1388
1019,472,1491,0.1388
1028,473,1501,0.1388
1040,476,1516,0.1388
1044,475,1519,0.1388
1041,475,1516,0.1388
1034,476,1510,0.1388
1032,481,1513,0.1388
1030,480,1510,0.1388
1020,474,1494,0.1388
1027,474,1501,0.1388
1030,484,1514,0.1388
1023,492,1515,0.1388
1027,486,1513,0.1388
1030,487,1517,0.1388
1023,482,1505,0.1388
1029,480,1509,0.1388
1023,478,1501,0.1388
1031,478,1509,0.1388
1015,486,1501,0.1388
1011,492,1503,0.1388
997,492,1489,0.1388
994,483,1477,0.1388
999,490,1489,0.1388
994,504,1498,0.1388
1001,500,1501,0.1388
1004,499,1503,0.1388
998,501,1499,0.1388
1007,498,1505,0.1388
1013,496,1509,0.1388
1016,497,1513,0.1388
1015,501,1516,0.1388
1000,498,1498,0.1388
1009,500,1509,0.1388
1004,505,1509,0.1388
991,502,1493,0.1388
1007,499,1506,0.1388
1008,497,1505,0.1388
1006,495,1501,0.1388
1010,487,1497,0.1388
1004,493,1497,0.1388
1008,501,1509,0.1388
1016,502,1518,0.1388
1020,506,1526,0.1388
1014,503,1517,0.1388
1010,507,1517,0.1388
1012,514,1526,0.1388
1004,507,1511,0.1388
1001,506,1507,0.1388
993,510,1503,0.1388
1002,506,1508,0.1388
990,502,1492,0.1388
995,499,1494,0.1388
999,498,1497,0.1388
1008,496,1504,0.1388
1010,498,1508,0.1388
1013,496,1509,0.1388
1016,492,1508,0.1388
1018,497,1515,0.1388
1014,484,1498,0.1388
1020,502,1522,0.1388
1018,496,1514,0.1388
1001,492,1493,0.1388
1000,494,1494,0.1388
1005,495,1500,0.1388
1004,502,1506,0.1388
1007,501,1508,0.1388
996,491,1487,0.1388
993,502,1495,0.1388
989,497,1486,0.1388
986,504,1490,0.1388
1003,501,1504,0.1388
1001,500,1501,0.1388
1001,496,1497,0.1388
994,500,1494,0.1388
994,493,1487,0.1388
987,494,1481,0.1388
986,499,1485,0.1388
999,498,1497,0.1388
1001,499,1500,0.1388
1005,501,1506,0.1388
999,503,1502,0.1388
1008,497,1505,0.1388
998,498,1496,0.1388
1002,501,1503,0.1388
986,498,1484,0.1388
990,498,1488,0.1388
986,508,1494,0.1388
978,504,1482,0.1388
977,499,1476,0.1388
974,507,1481,0.1388
982,504,1486,0.1388
992,517,1509,0.1388
990,520,1510,0.1388
988,524,1512,0.1388
995,516,1511,0.1388
991,518,1509,0.1388
987,521,1508,0.1388
988,529,1517,0.1388
979,532,1511,0.1388
964,522,1486,0.1388
975,521,1496,0.1388
977,528,1505,0.1388
964,525,1489,0.1388
974,530,1504,0.1388
969,538,1507,0.1388
970,532,1502,0.1388
961,533,1494,0.1388
978,529,1507,0.1388
979,533,1512,0.1388
978,529,1507,0.1388
972,535,1507,0.1388
962,527,1489,0.1388
967,527,1494,0.1388
974,523,1497,0.1388
966,531,1497,0.1388
979,530,1509,0.1388
982,532,1514,0.1388
980,538,1518,0.1388
976,535,1511,0.1388
968,536,1504,0.1388
966,534,1500,0.1388
972,537,1509,0.1388
973,539,1512,0.1388
966,534,1500,0.1388
973,538,1511,0.1388
966,527,1493,0.1388
964,539,1503,0.1388
961,537,1498,0.1388
956,538,1494,0.1388
949,531,1480,0.1388
943,527,1470,0.1388
956,539,1495,0.1388
972,529,1501,0.1388
972,535,1507,0.1388
969,530,1499,0.1388
959,537,1496,0.1388
964,534,1498,0.1388
955,536,1491,0.1388
961,545,1506,0.1388
956,543,1499,0.1388
951,543,1494,0.1388
953,541,1494,0.1388
951,544,1495,0.1388
950,535,1485,0.1388
962,534,1496,0.1388
960,536,1496,0.1388
960,538,1498,0.1388
951,545,1496,0.1388
949,546,1495,0.1388
945,547,1492,0.1388
944,538,1482,0.1388
948,536,1484,0.1388
952,543,1495,0.1388
949,541,1490,0.1388
948,539,1487,0.1388
955,543,1498,0.1388
941,537,1478,0.1388
953,537,1490,0.1388
962,539,1501,0.1388
966,536,1502,0.1388
972,541,1513,0.1388
959,537,1496,0.1388
950,539,1489,0.1388
946,545,1491,0.1388
959,550,1509,0.1388
954,544,1498,0.1388
950,539,1489,0.1388
950,535,1485,0.1388
952,540,1492,0.1388
962,541,1503,0.1388
962,545,1507,0.1388
951,541,1492,0.1388
951,539,1490,0.1388
953,538,1491,0.1388
947,542,1489,0.1388
951,535,1486,0.1388
951,545,1496,0.1388
943,549,1492,0.1388
937,543,1480,0.1388
951,549,1500,0.1388
944,545,1489,0.1388
946,535,1481,0.1388
941,539,1480,0.1388
949,539,1488,0.1388
950,527,1477,0.1388
958,529,1487,0.1388
956,534,1490,0.1388
951,546,1497,0.1388
957,541,1498,0.1388
948,541,1489,0.1388
948,536,1484,0.1388
948,547,1495,0.1388
945,557,1502,0.1388
954,562,1516,0.1388
941,557,1498,0.1388
950,559,1509,0.1388
947,555,1502,0.1388
949,564,1513,0.1388
946,566,1512,0.1388
946,565,1511,0.1388
943,571,1514,0.1388
945,573,1518,0.1388
944,568,1512,0.1388
949,564,1513,0.1388
953,573,1526,0.1388
945,561,1506,0.1388
942,561,1503,0.1388
947,560,1507,0.1388
945,552,1497,0.1388
936,558,1494,0.1388
943,560,1503,0.1388
942,559,1501,0.1388
938,562,1500,0.1388
943,567,1510,0.1388
937,571,1508,0.1388
930,579,1509,0.1388
928,583,1511,0.1388
922,580,1502,0.1388
932,579,1511,0.1388
929,584,1513,0.1388
918,587,1505,0.1388
910,588,1498,0.1388
909,590,1499,0.1388
909,578,1487,0.1388
916,588,1504,0.1388
909,600,1509,0.1388
912,601,1513,0.1388
909,596,1505,0.1388
908,587,1495,0.1388
912,587,1499,0.1388
909,589,1498,0.1388
901,595,1496,0.1388
918,602,1520,0.1388
913,603,1516,0.1388
913,603,1516,0.1388
897,613,1510,0.1388
879,611,1490,0.1388
883,617,1500,0.1388
886,612,1498,0.1388
891,612,1503,0.1388
901,608,1509,0.1388
891,609,1500,0.1388
885,606,1491,0.1388
886,611,1497,0.1388
888,605,1493,0.1388
888,603,1491,0.1388
884,611,1495,0.1388
879,612,1491,0.1388
873,607,1480,0.1388
874,618,1492,0.1388
866,616,1482,0.1388
873,612,1485,0.1388
879,618,1497,0.1388
874,630,1504,0.1388
870,622,1492,0.1388
876,622,1498,0.1388
881,615,1496,0.1388
885,629,1514,0.1388
887,626,1513,0.1388
883,636,1519,0.1388
879,629,1508,0.1388
870,637,1507,0.1388
865,632,1497,0.1388
864,635,1499,0.1388
868,644,1512,0.1388
858,644,1502,0.1388
867,653,1520,0.1388
864,649,1513,0.1388
857,645,1502,0.1388
860,641,1501,0.1388
857,654,1511,0.1388
854,645,1499,0.1388
851,646,1497,0.1388
857,642,1499,0.1388
857,653,1510,0.1388
866,647,1513,0.1388
864,648,1512,0.1388
860,649,1509,0.1388
846,653,1499,0.1388
848,658,1506,0.1388
838,656,1494,0.1388
848,657,1505,0.1388
840,666,1506,0.1388
839,669,1508,0.1388
829,665,1494,0.1388
835,665,1500,0.1388
831,662,1493,0.1388
838,667,1505,0.1388
821,667,1488,0.1388
821,668,1489,0.1388
821,671,1492,0.1388
824,665,1489,0.1388
827,668,1495,0.1388
827,664,1491,0.1388
835,665,1500,0.1388
830,671,1501,0.1388
838,674,1512,0.1388
838,672,1510,0.1388
837,671,1508,0.1388
833,660,1493,0.1388
829,672,1501,0.1388
819,673,1492,0.1388
823,673,1496,0.1388
826,671,1497,0.1388
814,679,1493,0.1388
815,685,1500,0.1388
825,684,1509,0.1388
822,687,1509,0.1388
823,684,1507,0.1388
818,690,1508,0.1388
819,686,1505,0.1388
824,689,1513,0.1388
819,684,1503,0.1388
811,685,1496,0.1388
805,684,1489,0.1388
799,680,1479,0.1388
800,686,1486,0.1388
798,685,1483,0.1388
798,685,1483,0.1388
803,691,1494,0.1388
810,683,1493,0.1388
803,693,1496,0.1388
794,699,1493,0.1388
800,702,1502,0.1388
799,698,1497,0.1388
797,698,1495,0.1388
790,693,1483,0.1388
784,701,1485,0.1388
788,704,1492,0.1388
799,707,1506,0.1388
801,715,1516,0.1388
795,711,1506,0.1388
793,703,1496,0.1388
793,708,1501,0.1388
788,708,1496,0.1388
784,703,1487,0.1388
784,705,1489,0.1388
776,721,1497,0.1388
781,719,1500,0.1388
786,718,1504,0.1388
796,715,1511,0.1388
787,716,1503,0.1388
788,716,1504,0.1388
791,723,1514,0.1388
785,720,1505,0.1388
785,712,1497,0.1388
792,716,1508,0.1388
779,725,1504,0.1388
781,726,1507,0.1388
776,710,1486,0.1388
793,710,1503,0.1388
796,711,1507,0.1388
799,722,1521,0.1388
791,712,1503,0.1388
775,724,1499,0.1388
775,727,1502,0.1388
776,721,1497,0.1388
778,724,1502,0.1388
773,733,1506,0.1388
777,738,1515,0.1388
779,733,1512,0.1388
787,733,1520,0.1388
776,739,1515,0.1388
771,741,1512,0.1388
776,751,1527,0.1388
761,749,1510,0.1388
758,743,1501,0.1388
749,745,1494,0.1388
751,756,1507,0.1388
755,749,1504,0.1388
758,747,1505,0.1388
754,755,1509,0.1388
752,764,1516,0.1388
754,767,1521,0.1388
750,763,1513,0.1388
743,758,1501,0.1388
749,767,1516,0.1388
756,752,1508,0.1388
756,757,1513,0.1388
761,753,1514,0.1388
751,753,1504,0.1388
750,757,1507,0.1388
747,752,1499,0.1388
744,749,1493,0.1388
742,744,1486,0.1388
745,730,1475,0.1388
751,734,1485,0.1388
751,739,1490,0.1388
750,753,1503,0.1388
750,753,1503,0.1388
751,750,1501,0.1388
756,747,1503,0.1388
760,739,1499,0.1388
758,743,1501,0.1388
762,749,1511,0.1388
760,754,1514,0.1388
761,757,1518,0.1388
754,755,1509,0.1388
748,754,1502,0.1388
737,762,1499,0.1388
739,765,1504,0.1388
758,753,1511,0.1388
758,756,1514,0.1388
749,745,1494,0.1388
750,751,1501,0.1388
755,757,1512,0.1388
746,782,1528,0.1388
739,775,1514,0.1388
742,757,1499,0.1388
734,761,1495,0.1388
735,763,1498,0.1388
719,758,1477,0.1388
736,765,1501,0.1388
737,750,1487,0.1388
733,750,1483,0.1388
732,753,1485,0.1388
728,771,1499,0.1388
728,772,1500,0.1388
737,776,1513,0.1388
732,778,1510,0.1388
727,776,1503,0.1388
723,780,1503,0.1388
721,780,1501,0.1388
721,781,1502,0.1388
724,785,1509,0.1388
720,770,1490,0.1388
730,773,1503,0.1388
730,771,1501,0.1388
734,774,1508,0.1388
735,772,1507,0.1388
734,771,1505,0.1388
730,781,1511,0.1388
727,778,1505,0.1388
728,782,1510,0.1388
722,780,1502,0.1388
712,795,1507,0.1388
723,787,1510,0.1388
725,769,1494,0.1388
717,776,1493,0.1388
713,783,1496,0.1388
726,781,1507,0.1388
717,783,1500,0.1388
713,783,1496,0.1388
713,773,1486,0.1388
724,779,1503,0.1388
713,780,1493,0.1388
726,782,1508,0.1388
721,784,1505,0.1388
722,786,1508,0.1388
725,792,1517,0.1388
718,787,1505,0.1388
719,786,1505,0.1388
718,777,1495,0.1388
719,778,1497,0.1388
725,791,1516,0.1388
721,797,1518,0.1388
705,798,1503,0.1388
702,797,1499,0.1388
710,806,1516,0.1388
712,794,1506,0.1388
719,792,1511,0.1388
716,794,1510,0.1388
717,799,1516,0.1388
733,800,1533,0.1388
725,789,1514,0.1388
731,782,1513,0.1388
719,782,1501,0.1388
718,777,1495,0.1388
716,783,1499,0.1388
723,779,1502,0.1388
729,775,1504,0.1388
730,774,1504,0.1388
730,776,1506,0.1388
726,781,1507,0.1388
728,778,1506,0.1388
728,780,1508,0.1388
733,778,1511,0.1388
724,774,1498,0.1388
731,779,1510,0.1388
727,778,1505,0.1388
716,773,1489,0.1388
717,775,1492,0.1388
703,781,1484,0.1388
705,781,1486,0.1388
716,784,1500,0.1388
712,779,1491,0.1388
712,785,1497,0.1388
715,786,1501,0.1388
708,792,1500,0.1388
706,779,1485,0.1388
717,781,1498,0.1388
714,789,1503,0.1388
716,779,1495,0.1388
714,777,1491,0.1388
710,769,1479,0.1388
723,767,1490,0.1388
732,776,1508,0.1388
737,773,1510,0.1388
728,779,1507,0.1388
718,786,1504,0.1388
709,782,1491,0.1388
723,779,1502,0.1388
713,788,1501,0.1388
706,801,1507,0.1388
697,799,1496,0.1388
705,797,1502,0.1388
704,805,1509,0.1388
709,808,1517,0.1388
715,810,1525,0.1388
718,795,1513,0.1388
711,791,1502,0.1388
702,799,1501,0.1388
707,803,1510,0.1388
712,801,1513,0.1388
712,794,1506,0.1388
708,793,1501,0.1388
695,797,1492,0.1388
706,796,1502,0.1388
700,786,1486,0.1388
702,788,1490,0.1388
706,797,1503,0.1388
705,800,1505,0.1388
704,807,1511,0.1388
702,811,1513,0.1388
699,806,1505,0.1388
693,807,1500,0.1388
694,805,1499,0.1388
692,815,1507,0.1388
692,814,1506,0.1388
687,813,1500,0.1388
684,808,1492,0.1388
687,811,1498,0.1388
693,812,1505,0.1388
691,810,1501,0.1388
684,805,1489,0.1388
681,813,1494,0.1388
692,804,1496,0.1388
690,808,1498,0.1388
682,808,1490,0.1388
686,804,1490,0.1388
679,810,1489,0.1388
689,815,1504,0.1388
688,807,1495,0.1388
686,806,1492,0.1388
688,816,1504,0.1388
685,825,1510,0.1388
682,815,1497,0.1388
679,818,1497,0.1388
676,823,1499,0.1388
675,828,1503,0.1388
676,840,1516,0.1388
671,849,1520,0.1388
666,844,1510,0.1388
654,837,1491,0.1388
658,848,1506,0.1388
658,854,1512,0.1388
650,857,1507,0.1388
657,862,1519,0.1388
655,851,1506,0.1388
653,841,1494,0.1388
646,850,1496,0.1388
649,850,1499,0.1388
646,854,1500,0.1388
642,854,1496,0.1388
651,853,1504,0.1388
651,856,1507,0.1388
657,862,1519,0.1388
660,854,1514,0.1388
655,842,1497,0.1388
656,848,1504,0.1388
649,853,1502,0.1388
643,864,1507,0.1388
633,864,1497,0.1388
628,877,1505,0.1388
622,868,1490,0.1388
618,875,1493,0.1388
624,883,1507,0.1388
633,881,1514,0.1388
635,876,1511,0.1388
641,868,1509,0.1388
635,861,1496,0.1388
626,861,1487,0.1388
631,874,1505,0.1388
633,879,1512,0.1388
641,863,1504,0.1388
638,864,1502,0.1388
631,867,1498,0.1388
626,866,1492,0.1388
627,885,1512,0.1388
630,873,1503,0.1388
624,879,1503,0.1388
624,873,1497,0.1388
632,872,1504,0.1388
624,876,1500,0.1388
622,869,1491,0.1388
624,880,1504,0.1388
623,885,1508,0.1388
628,896,1524,0.1388
635,884,1519,0.1388
639,890,1529,0.1388
627,888,1515,0.1388
628,885,1513,0.1388
632,882,1514,0.1388
624,882,1506,0.1388
628,885,1513,0.1388
628,892,1520,0.1388
621,879,1500,0.1388
612,883,1495,0.1388
618,887,1505,0.1388
624,881,1505,0.1388
621,888,1509,0.1388
608,903,1511,0.1388
610,897,1507,0.1388
616,886,1502,0.1388
622,905,1527,0.1388
621,905,1526,0.1388
623,895,1518,0.1388
615,897,1512,0.1388
618,893,1511,0.1388
617,899,1516,0.1388
613,901,1514,0.1388
608,907,1515,0.1388
604,902,1506,0.1388
599,904,1503,0.1388
606,901,1507,0.1388
610,909,1519,0.1388
605,907,1512,0.1388
611,896,1507,0.1388
609,887,1496,0.1388
602,890,1492,0.1388
603,897,1500,0.1388
605,901,1506,0.1388
609,897,1506,0.1388
598,899,1497,0.1388
595,904,1499,0.1388
594,910,1504,0.1388
595,911,1506,0.1388
585,915,1500,0.1388
577,925,1502,0.1388
580,917,1497,0.1388
578,925,1503,0.1388
577,922,1499,0.1388
584,929,1513,0.1388
588,918,1506,0.1388
586,919,1505,0.1388
592,920,1512,0.1388
590,914,1504,0.1388
583,910,1493,0.1388
587,910,1497,0.1388
595,915,1510,0.1388
602,921,1523,0.1388
595,921,1516,0.1388
599,927,1526,0.1388
595,936,1531,0.1388
583,923,1506,0.1388
576,929,1505,0.1388
581,940,1521,0.1388
578,935,1513,0.1388
577,931,1508,0.1388
574,928,1502,0.1388
573,932,1505,0.1388
568,933,1501,0.1388
570,938,1508,0.1388
571,931,1502,0.1388
569,945,1514,0.1388
571,940,1511,0.1388
572,934,1506,0.1388
573,935,1508,0.1388
572,933,1505,0.1388
570,937,1507,0.1388
574,938,1512,0.1388
577,942,1519,0.1388
569,941,1510,0.1388
571,941,1512,0.1388
562,942,1504,0.1388
570,953,1523,0.1388
570,945,1515,0.1388
565,952,1517,0.1388
572,933,1505,0.1388
567,938,1505,0.1388
562,933,1495,0.1388
574,935,1509,0.1388
572,936,1508,0.1388
556,943,1499,0.1388
557,941,1498,0.1388
556,947,1503,0.1388
563,939,1502,0.1388
568,935,1503,0.1388
564,939,1503,0.1388
558,939,1497,0.1388
562,954,1516,0.1388
561,954,1515,0.1388
559,946,1505,0.1388
566,950,1516,0.1388
558,945,1503,0.1388
550,956,1506,0.1388
551,963,1514,0.1388
554,958,1512,0.1388
541,949,1490,0.1388
538,960,1498,0.1388
537,959,1496,0.1388
546,966,1512,0.1388
542,970,1512,0.1388
537,965,1502,0.1388
541,963,1504,0.1388
542,968,1510,0.1388
545,958,1503,0.1388
545,950,1495,0.1388
545,954,1499,0.1388
547,960,1507,0.1388
546,965,1511,0.1388
541,967,1508,0.1388
544,960,1504,0.1388
539,970,1509,0.1388
541,970,1511,0.1388
541,966,1507,0.1388
549,978,1527,0.1388
550,972,1522,0.1388
550,968,1518,0.1388
548,967,1515,0.1388
549,966,1515,0.1388
544,975,1519,0.1388
546,964,1510,0.1388
548,968,1516,0.1388
553,968,1521,0.1388
548,965,1513,0.1388
543,971,1514,0.1388
541,965,1506,0.1388
543,976,1519,0.1388
543,976,1519,0.1388
535,975,1510,0.1388
532,971,1503,0.1388
522,971,1493,0.1388
524,973,1497,0.1388
535,976,1511,0.1388
536,982,1518,0.1388
539,979,1518,0.1388
543,972,1515,0.1388
538,978,1516,0.1388
532,978,1510,0.1388
531,970,1501,0.1388
528,975,1503,0.1388
532,974,1506,0.1388
531,975,1506,0.1388
521,983,1504,0.1388
524,976,1500,0.1388
530,973,1503,0.1388
524,980,1504,0.1388
531,984,1515,0.1388
527,979,1506,0.1388
526,994,1520,0.1388
528,989,1517,0.1388
530,991,1521,0.1388
520,972,1492,0.1388
527,973,1500,0.1388
534,973,1507,0.1388
533,982,1515,0.1388
537,989,1526,0.1388
536,977,1513,0.1388
534,976,1510,0.1388
528,975,1503,0.1388
528,980,1508,0.1388
528,986,1514,0.1388
530,986,1516,0.1388
524,986,1510,0.1388
515,990,1505,0.1388
525,981,1506,0.1388
522,967,1489,0.1388
526,975,1501,0.1388
518,983,1501,0.1388
517,985,1502,0.1388
515,976,1491,0.1388
521,993,1514,0.1388
519,994,1513,0.1388
515,995,1510,0.1388
514,998,1512,0.1388
507,1001,1508,0.1388
506,991,1497,0.1388
504,992,1496,0.1388
505,997,1502,0.1388
502,1002,1504,0.1388
500,1009,1509,0.1388
507,1019,1526,0.1388
499,1028,1527,0.1388
489,1030,1519,0.1388
486,1019,1505,0.1388
482,1020,1502,0.1388
484,1032,1516,0.1388
485,1018,1503,0.1388
491,1009,1500,0.1388
487,1018,1505,0.1388
485,1019,1504,0.1388
484,1013,1497,0.1388
488,1025,1513,0.1388
481,1014,1495,0.1388
491,1015,1506,0.1388
494,1008,1502,0.1388
489,1012,1501,0.1388
488,1023,1511,0.1388
489,1029,1518,0.1388
485,1036,1521,0.1388
479,1014,1493,0.1388
488,1024,1512,0.1388
485,1022,1507,0.1388
481,1031,1512,0.1388
481,1024,1505,0.1388
476,1031,1507,0.1388
478,1027,1505,0.1388
477,1022,1499,0.1388
476,1021,1497,0.1388
478,1020,1498,0.1388
481,1021,1502,0.1388
475,1022,1497,0.1388
470,1018,1488,0.1388
474,1026,1500,0.1388
477,1018,1495,0.1388
473,1028,1501,0.1388
481,1033,1514,0.1388
484,1033,1517,0.1388
482,1027,1509,0.1388
486,1026,1512,0.1388
482,1023,1505,0.1388
480,1020,1500,0.1388
479,1020,1499,0.1388
480,1027,1507,0.1388
479,1023,1502,0.1388
478,1023,1501,0.1388
474,1027,1501,0.1388
468,1028,1496,0.1388
463,1028,1491,0.1388
453,1037,1490,0.1388
457,1039,1496,0.1388
463,1044,1507,0.1388
457,1055,1512,0.1388
467,1060,1527,0.1388
462,1055,1517,0.1388
460,1055,1515,0.1388
458,1057,1515,0.1388
465,1046,1511,0.1388
467,1038,1505,0.1388
472,1043,1515,0.1388
469,1040,1509,0.1388
468,1043,1511,0.1388
472,1040,1512,0.1388
471,1041,1512,0.1388
468,1040,1508,0.1388
464,1027,1491,0.1388
465,1044,1509,0.1388
464,1045,1509,0.1388
468,1037,1505,0.1388
463,1043,1506,0.1388
461,1032,1493,0.1388
460,1043,1503,0.1388
471,1055,1526,0.1388
466,1056,1522,0.1388
466,1055,1521,0.1388
474,1046,1520,0.1388
471,1042,1513,0.1388
471,1044,1515,0.1388
469,1047,1516,0.1388
466,1048,1514,0.1388
473,1056,1529,0.1388
461,1057,1518,0.1388
456,1052,1508,0.1388
461,1053,1514,0.1388
460,1055,1515,0.1388
460,1060,1520,0.1388
453,1067,1520,0.1388
453,1065,1518,0.1388
450,1064,1514,0.1388
449,1061,1510,0.1388
452,1069,1521,0.1388
444,1071,1515,0.1388
442,1066,1508,0.1388
446,1071,1517,0.1388
446,1061,1507,0.1388
443,1061,1504,0.1388
443,1065,1508,0.1388
441,1076,1517,0.1388
445,1072,1517,0.1388
440,1071,1511,0.1388
436,1073,1509,0.1388
438,1074,1512,0.1388
438,1079,1517,0.1388
437,1076,1513,0.1388
442,1069,1511,0.1388
441,1058,1499,0.1388
438,1068,1506,0.1388
436,1069,1505,0.1388
439,1057,1496,0.1388
435,1065,1500,0.1388
429,1071,1500,0.1388
434,1071,1505,0.1388
434,1076,1510,0.1388
441,1080,1521,0.1388
441,1078,1519,0.1388
434,1071,1505,0.1388
434,1079,1513,0.1388
433,1089,1522,0.1388
435,1077,1512,0.1388
433,1071,1504,0.1388
424,1072,1496,0.1388
424,1078,1502,0.1388
425,1084,1509,0.1388
426,1085,1511,0.1388
429,1082,1511,0.1388
429,1082,1511,0.1388
424,1084,1508,0.1388
424,1085,1509,0.1388
419,1082,1501,0.1388
417,1089,1506,0.1388
412,1090,1502,0.1388
415,1074,1489,0.1388
422,1071,1493,0.1388
429,1081,1510,0.1388
439,1078,1517,0.1388
437,1069,1506,0.1388
436,1073,1509,0.1388
430,1070,1500,0.1388
433,1071,1504,0.1388
435,1071,1506,0.1388
434,1065,1499,0.1388
434,1056,1490,0.1388
430,1073,1503,0.1388
432,1068,1500,0.1388
418,1067,1485,0.1388
423,1084,1507,0.1388
425,1074,1499,0.1388
428,1079,1507,0.1388
423,1081,1504,0.1388
426,1085,1511,0.1388
422,1094,1516,0.1388
424,1092,1516,0.1388
421,1098,1519,0.1388
418,1095,1513,0.1388
418,1086,1504,0.1388
417,1079,1496,0.1388
420,1083,1503,0.1388
421,1089,1510,0.1388
422,1083,1505,0.1388
421,1079,1500,0.1388
422,1087,1509,0.1388
422,1089,1511,0.1388
424,1088,1512,0.1388
434,1091,1525,0.1388
431,1092,1523,0.1388
424,1095,1519,0.1388
426,1091,1517,0.1388
421,1098,1519,0.1388
420,1095,1515,0.1388
425,1094,1519,0.1388
424,1086,1510,0.1388
419,1076,1495,0.1388
415,1094,1509,0.1388
411,1087,1498,0.1388
405,1086,1491,0.1388
406,1089,1495,0.1388
410,1093,1503,0.1388
411,1092,1503,0.1388
409,1093,1502,0.1388
411,1097,1508,0.1388
417,1099,1516,0.1388
417,1097,1514,0.1388
409,1094,1503,0.1388
419,1096,1515,0.1388
417,1098,1515,0.1388
411,1101,1512,0.1388
418,1103,1521,0.1388
410,1109,1519,0.1388
408,1106,1514,0.1388
405,1103,1508,0.1388
398,1101,1499,0.1388
401,1103,1504,0.1388
407,1095,1502,0.1388
409,1081,1490,0.1388
412,1091,1503,0.1388
411,1099,1510,0.1388
407,1092,1499,0.1388
405,1096,1501,0.1388
404,1091,1495,0.1388
404,1112,1516,0.1388
404,1111,1515,0.1388
402,1115,1517,0.1388
410,1118,1528,0.1388
403,1117,1520,0.1388
400,1111,1511,0.1388
403,1103,1506,0.1388
399,1103,1502,0.1388
396,1109,1505,0.1388
393,1103,1496,0.1388
391,1121,1512,0.1388
392,1121,1513,0.1388
390,1115,1505,0.1388
387,1118,1505,0.1388
395,1106,1501,0.1388
390,1121,1511,0.1388
386,1122,1508,0.1388
392,1117,1509,0.1388
390,1107,1497,0.1388
388,1106,1494,0.1388
393,1118,1511,0.1388
390,1121,1511,0.1388
391,1133,1524,0.1388
392,1133,1525,0.1388
394,1125,1519,0.1388
390,1127,1517,0.1388
383,1120,1503,0.1388
380,1123,1503,0.1388
377,1126,1503,0.1388
380,1138,1518,0.1388
375,1127,1502,0.1388
369,1134,1503,0.1388
371,1131,1502,0.1388
364,1127,1491,0.1388
372,1126,1498,0.1388
369,1139,1508,0.1388
368,1141,1509,0.1388
365,1149,1514,0.1388
361,1160,1521,0.1388
360,1156,1516,0.1388
369,1147,1516,0.1388
371,1149,1520,0.1388
367,1148,1515,0.1388
362,1142,1504,0.1388
368,1142,1510,0.1388
367,1145,1512,0.1388
365,1156,1521,0.1388
358,1159,1517,0.1388
359,1150,1509,0.1388
359,1145,1504,0.1388
362,1151,1513,0.1388
363,1148,1511,0.1388
362,1144,1506,0.1388
369,1128,1497,0.1388
365,1122,1487,0.1388
360,1118,1478,0.1388
359,1123,1482,0.1388
354,1147,1501,0.1388
355,1151,1506,0.1388
362,1147,1509,0.1388
360,1149,1509,0.1388
362,1155,1517,0.1388
356,1164,1520,0.1388
347,1169,1516,0.1388
349,1156,1505,0.1388
349,1162,1511,0.1388
356,1151,1507,0.1388
349,1164,1513,0.1388
350,1164,1514,0.1388
349,1163,1512,0.1388
348,1166,1514,0.1388
352,1162,1514,0.1388
355,1164,1519,0.1388
355,1158,1513,0.1388
359,1154,1513,0.1388
355,1160,1515,0.1388
356,1155,1511,0.1388
350,1157,1507,0.1388
348,1163,1511,0.1388
343,1165,1508,0.1388
346,1172,1518,0.1388
344,1182,1526,0.1388
342,1176,1518,0.1388
340,1178,1518,0.1388
339,1170,1509,0.1388
334,1189,1523,0.1388
340,1186,1526,0.1388
342,1177,1519,0.1388
337,1175,1512,0.1388
343,1179,1522,0.1388
341,1186,1527,0.1388
340,1197,1537,0.1388
340,1182,1522,0.1388
339,1169,1508,0.1388
336,1170,1506,0.1388
335,1173,1508,0.1388
339,1167,1506,0.1388
342,1161,1503,0.1388
346,1178,1524,0.1388
348,1181,1529,0.1388
345,1171,1516,0.1388
346,1169,1515,0.1388
340,1176,1516,0.1388
342,1174,1516,0.1388
343,1169,1512,0.1388
339,1171,1510,0.1388
339,1172,1511,0.1388
336,1179,1515,0.1388
339,1172,1511,0.1388
338,1172,1510,0.1388
345,1185,1530,0.1388
339,1185,1524,0.1388
341,1176,1517,0.1388
347,1177,1524,0.1388
348,1168,1516,0.1388
349,1159,1508,0.1388
347,1173,1520,0.1388
344,1179,1523,0.1388
352,1172,1524,0.1388
347,1164,1511,0.1388
344,1163,1507,0.1388
342,1165,1507,0.1388
341,1171,1512,0.1388
333,1167,1500,0.1388
325,1177,1502,0.1388
331,1173,1504,0.1388
330,1185,1515,0.1388
330,1189,1519,0.1388
333,1189,1522,0.1388
329,1173,1502,0.1388
327,1179,1506,0.1388
321,1183,1504,0.1388
318,1182,1500,0.1388
316,1190,1506,0.1388
319,1183,1502,0.1388
318,1185,1503,0.1388
317,1189,1506,0.1388
314,1197,1511,0.1388
314,1190,1504,0.1388
311,1191,1502,0.1388
311,1185,1496,0.1388
311,1191,1502,0.1388
315,1197,1512,0.1388
316,1195,1511,0.1388
316,1196,1512,0.1388
317,1196,1513,0.1388
318,1197,1515,0.1388
324,1192,1516,0.1388
322,1187,1509,0.1388
327,1189,1516,0.1388
327,1191,1518,0.1388
325,1196,1521,0.1388
327,1193,1520,0.1388
323,1180,1503,0.1388
325,1178,1503,0.1388
323,1174,1497,0.1388
320,1180,1500,0.1388
321,1175,1496,0.1388
318,1178,1496,0.1388
316,1180,1496,0.1388
310,1181,1491,0.1388
314,1184,1498,0.1388
319,1188,1507,0.1388
321,1181,1502,0.1388
326,1179,1505,0.1388
319,1187,1506,0.1388
321,1199,1520,0.1388
320,1186,1506,0.1388
313,1190,1503,0.1388
314,1198,1512,0.1388
310,1202,1512,0.1388
302,1204,1506,0.1388
307,1197,1504,0.1388
303,1206,1509,0.1388
300,1210,1510,0.1388
301,1203,1504,0.1388
307,1190,1497,0.1388
308,1196,1504,0.1388
306,1200,1506,0.1388
296,1204,1500,0.1388
302,1203,1505,0.1388
297,1212,1509,0.1388
297,1216,1513,0.1388
298,1221,1519,0.1388
299,1213,1512,0.1388
295,1221,1516,0.1388
292,1222,1514,0.1388
297,1227,1524,0.1388
299,1219,1518,0.1388
296,1215,1511,0.1388
293,1231,1524,0.1388
290,1224,1514,0.1388
289,1225,1514,0.1388
287,1238,1525,0.1388
279,1233,1512,0.1388
278,1233,1511,0.1388
282,1229,1511,0.1388
283,1219,1502,0.1388
286,1209,1495,0.1388
285,1207,1492,0.1388
287,1203,1490,0.1388
286,1205,1491,0.1388
288,1208,1496,0.1388
293,1205,1498,0.1388
297,1211,1508,0.1388
294,1218,1512,0.1388
293,1233,1526,0.1388
291,1234,1525,0.1388
289,1231,1520,0.1388
288,1222,1510,0.1388
292,1219,1511,0.1388
297,1229,1526,0.1388
295,1227,1522,0.1388
297,1222,1519,0.1388
294,1229,1523,0.1388
287,1229,1516,0.1388
284,1230,1514,0.1388
293,1224,1517,0.1388
291,1232,1523,0.1388
292,1227,1519,0.1388
289,1238,1527,0.1388
284,1229,1513,0.1388
286,1236,1522,0.1388
290,1231,1521,0.1388
284,1236,1520,0.1388
284,1240,1524,0.1388
282,1233,1515,0.1388
284,1227,1511,0.1388
283,1230,1513,0.1388
284,1231,1515,0.1388
280,1235,1515,0.1388
282,1240,1522,0.1388
281,1247,1528,0.1388
278,1243,1521,0.1388
280,1246,1526,0.1388
278,1250,1528,0.1388
281,1249,1530,0.1388
279,1239,1518,0.1388
278,1237,1515,0.1388
276,1243,1519,0.1388
280,1234,1514,0.1388
279,1237,1516,0.1388
274,1240,1514,0.1388
276,1243,1519,0.1388
274,1247,1521,0.1388
274,1249,1523,0.1388
273,1239,1512,0.1388
280,1235,1515,0.1388
278,1231,1509,0.1388
271,1235,1506,0.1388
269,1240,1509,0.1388
272,1250,1522,0.1388
273,1245,1518,0.1388
271,1251,1522,0.1388
267,1246,1513,0.1388
267,1258,1525,0.1388
263,1252,1515,0.1388
261,1255,1516,0.1388
262,1247,1509,0.1388
266,1248,1514,0.1388
268,1249,1517,0.1388
265,1244,1509,0.1388
259,1241,1500,0.1388
260,1246,1506,0.1388
265,1245,1510,0.1388
267,1255,1522,0.1388
266,1243,1509,0.1388
264,1259,1523,0.1388
266,1247,1513,0.1388
265,1256,1521,0.1388
262,1250,1512,0.1388
271,1249,1520,0.1388
274,1244,1518,0.1388
274,1246,1520,0.1388
266,1246,1512,0.1388
264,1251,1515,0.1388
264,1253,1517,0.1388
265,1253,1518,0.1388
268,1253,1521,0.1388
266,1262,1528,0.1388
268,1246,1514,0.1388
268,1247,1515,0.1388
263,1247,1510,0.1388
258,1247,1505,0.1388
263,1257,1520,0.1388
255,1258,1513,0.1388
254,1252,1506,0.1388
258,1260,1518,0.1388
258,1266,1524,0.1388
261,1273,1534,0.1388
260,1260,1520,0.1388
258,1260,1518,0.1388
257,1262,1519,0.1388
259,1265,1524,0.1388
259,1267,1526,0.1388
255,1262,1517,0.1388
257,1273,1530,0.1388
248,1266,1514,0.1388
245,1252,1497,0.1388
243,1254,1497,0.1388
242,1267,1509,0.1388
247,1271,1518,0.1388
247,1267,1514,0.1388
248,1259,1507,0.1388
251,1260,1511,0.1388
247,1273,1520,0.1388
246,1270,1516,0.1388
242,1269,1511,0.1388
240,1268,1508,0.1388
237,1274,1511,0.1388
240,1269,1509,0.1388
240,1275,1515,0.1388
237,1269,1506,0.1388
242,1272,1514,0.1388
244,1272,1516,0.1388
247,1273,1520,0.1388
244,1279,1523,0.1388
242,1280,1522,0.1388
242,1274,1516,0.1388
241,1288,1529,0.1388
241,1286,1527,0.1388
237,1275,1512,0.1388
234,1271,1505,0.1388
234,1282,1516,0.1388
234,1281,1515,0.1388
235,1279,1514,0.1388
229,1272,1501,0.1388
227,1279,1506,0.1388
224,1284,1508,0.1388
222,1291,1513,0.1388
224,1298,1522,0.1388
227,1293,1520,0.1388
227,1297,1524,0.1388
228,1292,1520,0.1388
222,1295,1517,0.1388
221,1294,1515,0.1388
226,1291,1517,0.1388
222,1287,1509,0.1388
220,1291,1511,0.1388
220,1298,1518,0.1388
215,1298,1513,0.1388
214,1297,1511,0.1388
219,1305,1524,0.1388
216,1298,1514,0.1388
217,1296,1513,0.1388
213,1299,1512,0.1388
216,1298,1514,0.1388
220,1295,1515,0.1388
221,1301,1522,0.1388
217,1306,1523,0.1388
216,1289,1505,0.1388
220,1289,1509,0.1388
217,1299,1516,0.1388
213,1319,1532,0.1388
213,1311,1524,0.1388
216,1293,1509,0.1388
217,1289,1506,0.1388
216,1296,1512,0.1388
214,1293,1507,0.1388
215,1292,1507,0.1388
214,1288,1502,0.1388
215,1291,1506,0.1388
211,1297,1508,0.1388
208,1301,1509,0.1388
212,1296,1508,0.1388
216,1272,1488,0.1388
224,1275,1499,0.1388
224,1285,1509,0.1388
219,1295,1514,0.1388
216,1289,1505,0.1388
218,1294,1512,0.1388
215,1295,1510,0.1388
217,1297,1514,0.1388
217,1295,1512,0.1388
217,1292,1509,0.1388
218,1300,1518,0.1388
221,1300,1521,0.1388
218,1297,1515,0.1388
212,1284,1496,0.1388
218,1296,1514,0.1388
214,1292,1506,0.1388
211,1286,1497,0.1388
211,1293,1504,0.1388
213,1295,1508,0.1388
213,1303,1516,0.1388
211,1304,1515,0.1388
210,1315,1525,0.1388
208,1307,1515,0.1388
205,1296,1501,0.1388
204,1305,1509,0.1388
207,1295,1502,0.1388
205,1310,1515,0.1388
209,1322,1531,0.1388
208,1307,1515,0.1388
205,1315,1520,0.1388
202,1303,1505,0.1388
204,1307,1511,0.1388
203,1308,1511,0.1388
204,1314,1518,0.1388
203,1323,1526,0.1388
201,1314,1515,0.1388
198,1312,1510,0.1388
200,1315,1515,0.1388
199,1323,1522,0.1388
200,1330,1530,0.1388
198,1329,1527,0.1388
190,1325,1515,0.1388
192,1325,1517,0.1388
189,1312,1501,0.1388
196,1327,1523,0.1388
191,1331,1522,0.1388
192,1321,1513,0.1388
185,1311,1496,0.1388
186,1310,1496,0.1388
190,1320,1510,0.1388
190,1321,1511,0.1388
194,1324,1518,0.1388
194,1313,1507,0.1388
189,1313,1502,0.1388
189,1324,1513,0.1388
196,1328,1524,0.1388
195,1326,1521,0.1388
190,1333,1523,0.1388
193,1326,1519,0.1388
194,1313,1507,0.1388
193,1336,1529,0.1388
189,1335,1524,0.1388
189,1343,1532,0.1388
183,1341,1524,0.1388
181,1326,1507,0.1388
180,1337,1517,0.1388
175,1333,1508,0.1388
176,1333,1509,0.1388
181,1336,1517,0.1388
180,1326,1506,0.1388
173,1317,1490,0.1388
174,1320,1494,0.1388
175,1328,1503,0.1388
173,1327,1500,0.1388
174,1340,1514,0.1388
168,1330,1498,0.1388
167,1335,1502,0.1388
166,1335,1501,0.1388
168,1337,1505,0.1388
166,1331,1497,0.1388
167,1328,1495,0.1388
165,1337,1502,0.1388
167,1327,1494,0.1388
165,1330,1495,0.1388
170,1338,1508,0.1388
171,1339,1510,0.1388
169,1324,1493,0.1388
173,1332,1505,0.1388
170,1331,1501,0.1388
169,1344,1513,0.1388
163,1354,1517,0.1388
164,1359,1523,0.1388
158,1341,1499,0.1388
159,1345,1504,0.1388
164,1336,1500,0.1388
168,1340,1508,0.1388
167,1352,1519,0.1388
170,1362,1532,0.1388
170,1352,1522,0.1388
175,1348,1523,0.1388
173,1351,1524,0.1388
173,1343,1516,0.1388
172,1349,1521,0.1388
171,1343,1514,0.1388
171,1330,1501,0.1388
170,1340,1510,0.1388
172,1336,1508,0.1388
173,1340,1513,0.1388
174,1344,1518,0.1388
172,1341,1513,0.1388
173,1337,1510,0.1388
170,1327,1497,0.1388
171,1329,1500,0.1388
171,1331,1502,0.1388
174,1325,1499,0.1388
172,1335,1507,0.1388
171,1341,1512,0.1388
175,1344,1519,0.1388
174,1344,1518,0.1388
173,1342,1515,0.1388
175,1337,1512,0.1388
177,1345,1522,0.1388
174,1345,1519,0.1388
178,1338,1516,0.1388
177,1342,1519,0.1388
178,1346,1524,0.1388
176,1341,1517,0.1388
180,1344,1524,0.1388
174,1352,1526,0.1388
172,1336,1508,0.1388
173,1339,1512,0.1388
174,1350,1524,0.1388
170,1339,1509,0.1388
170,1346,1516,0.1388
174,1351,1525,0.1388
172,1346,1518,0.1388
172,1334,1506,0.1388
172,1334,1506,0.1388
170,1343,1513,0.1388
165,1342,1507,0.1388
166,1337,1503,0.1388
164,1351,1515,0.1388
161,1343,1504,0.1388
161,1357,1518,0.1388
165,1367,1532,0.1388
172,1374,1546,0.1388
172,1364,1536,0.1388
171,1356,1527,0.1388
171,1350,1521,0.1388
165,1345,1510,0.1388
168,1341,1509,0.1388
168,1338,1506,0.1388
161,1340,1501,0.1388
162,1349,1511,0.1388
158,1341,1499,0.1388
161,1350,1511,0.1388
162,1342,1504,0.1388
158,1346,1504,0.1388
163,1347,1510,0.1388
164,1347,1511,0.1388
162,1347,1509,0.1388
163,1346,1509,0.1388
165,1350,1515,0.1388
159,1351,1510,0.1388
154,1355,1509,0.1388
158,1360,1518,0.1388
161,1356,1517,0.1388
156,1365,1521,0.1388
157,1372,1529,0.1388
157,1375,1532,0.1388
161,1369,1530,0.1388
160,1358,1518,0.1388
158,1358,1516,0.1388
154,1345,1499,0.1388
152,1348,1500,0.1388
154,1365,1519,0.1388
151,1371,1522,0.1388
151,1368,1519,0.1388
148,1365,1513,0.1388
146,1360,1506,0.1388
149,1361,1510,0.1388
150,1379,1529,0.1388
147,1377,1524,0.1388
146,1376,1522,0.1388
143,1370,1513,0.1388
143,1376,1519,0.1388
139,1377,1516,0.1388
139,1375,1514,0.1388
140,1362,1502,0.1388
142,1374,1516,0.1388
139,1369,1508,0.1388
141,1364,1505,0.1388
139,1384,1523,0.1388
141,1366,1507,0.1388
141,1376,1517,0.1388
142,1376,1518,0.1388
142,1374,1516,0.1388
138,1376,1514,0.1388
137,1365,1502,0.1388
137,1367,1504,0.1388
136,1364,1500,0.1388
134,1370,1504,0.1388
138,1362,1500,0.1388
136,1372,1508,0.1388
135,1376,1511,0.1388
142,1372,1514,0.1388
145,1370,1515,0.1388
145,1353,1498,0.1388
140,1351,1491,0.1388
139,1353,1492,0.1388
137,1373,1510,0.1388
140,1369,1509,0.1388
142,1368,1510,0.1388
141,1362,1503,0.1388
138,1373,1511,0.1388
136,1369,1505,0.1388
137,1378,1515,0.1388
142,1378,1520,0.1388
136,1395,1531,0.1388
141,1388,1529,0.1388
140,1391,1531,0.1388
137,1396,1533,0.1388
134,1395,1529,0.1388
134,1390,1524,0.1388
135,1385,1520,0.1388
129,1393,1522,0.1388
129,1396,1525,0.1388
127,1392,1519,0.1388
123,1392,1515,0.1388
120,1390,1510,0.1388
119,1397,1516,0.1388
116,1390,1506,0.1388
116,1389,1505,0.1388
117,1400,1517,0.1388
116,1396,1512,0.1388
121,1395,1516,0.1388
123,1389,1512,0.1388
119,1391,1510,0.1388
118,1387,1505,0.1388
118,1403,1521,0.1388
116,1402,1518,0.1388
114,1395,1509,0.1388
118,1399,1517,0.1388
124,1391,1515,0.1388
124,1383,1507,0.1388
124,1379,1503,0.1388
116,1388,1504,0.1388
117,1391,1508,0.1388
116,1397,1513,0.1388
115,1398,1513,0.1388
118,1384,1502,0.1388
117,1382,1499,0.1388
112,1382,1494,0.1388
113,1392,1505,0.1388
112,1387,1499,0.1388
108,1407,1515,0.1388
109,1419,1528,0.1388
107,1406,1513,0.1388
105,1411,1516,0.1388
104,1416,1520,0.1388
104,1402,1506,0.1388
101,1408,1509,0.1388
103,1409,1512,0.1388
105,1418,1523,0.1388
109,1407,1516,0.1388
106,1420,1526,0.1388
104,1419,1523,0.1388
107,1415,1522,0.1388
110,1410,1520,0.1388
110,1418,1528,0.1388
110,1417,1527,0.1388
109,1408,1517,0.1388
109,1404,1513,0.1388
113,1409,1522,0.1388
112,1400,1512,0.1388
112,1400,1512,0.1388
112,1400,1512,0.1388
111,1412,1523,0.1388
111,1415,1526,0.1388
110,1418,1528,0.1388
111,1416,1527,0.1388
110,1405,1515,0.1388
113,1406,1519,0.1388
111,1406,1517,0.1388
109,1411,1520,0.1388
111,1410,1521,0.1388
110,1403,1513,0.1388
109,1403,1512,0.1388
108,1404,1512,0.1388
104,1398,1502,0.1388
108,1405,1513,0.1388
108,1412,1520,0.1388
105,1422,1527,0.1388
108,1403,1511,0.1388
110,1400,1510,0.1388
111,1394,1505,0.1388
110,1381,1491,0.1388
108,1396,1504,0.1388
105,1408,1513,0.1388
111,1411,1522,0.1388
110,1401,1511,0.1388
111,1404,1515,0.1388
111,1403,1514,0.1388
106,1407,1513,0.1388
108,1411,1519,0.1388
107,1415,1522,0.1388
113,1410,1523,0.1388
110,1410,1520,0.1388
110,1415,1525,0.1388
108,1413,1521,0.1388
109,1400,1509,0.1388
108,1414,1522,0.1388
106,1422,1528,0.1388
111,1401,1512,0.1388
111,1404,1515,0.1388
112,1397,1509,0.1388
110,1392,1502,0.1388
111,1408,1519,0.1388
108,1403,1511,0.1388
107,1404,1511,0.1388
106,1389,1495,0.1388
104,1385,1489,0.1388
103,1396,1499,0.1388
103,1410,1513,0.1388
103,1411,1514,0.1388
104,1410,1514,0.1388
109,1408,1517,0.1388
107,1408,1515,0.1388
106,1417,1523,0.1388
108,1425,1533,0.1388
108,1418,1526,0.1388
106,1414,1520,0.1388
103,1405,1508,0.1388
101,1398,1499,0.1388
103,1403,1506,0.1388
103,1415,1518,0.1388
102,1422,1524,0.1388
101,1421,1522,0.1388
100,1426,1526,0.1388
100,1414,1514,0.1388
100,1418,1518,0.1388
100,1414,1514,0.1388
100,1415,1515,0.1388
98,1413,1511,0.1388
95,1421,1516,0.1388
96,1427,1523,0.1388
95,1421,1516,0.1388
95,1428,1523,0.1388
93,1415,1508,0.1388
94,1429,1523,0.1388
94,1427,1521,0.1388
96,1421,1517,0.1388
97,1409,1506,0.1388
96,1393,1489,0.1388
97,1407,1504,0.1388
97,1430,1527,0.1388
93,1428,1521,0.1388
93,1404,1497,0.1388
95,1426,1521,0.1388
97,1418,1515,0.1388
96,1416,1512,0.1388
96,1421,1517,0.1388
98,1419,1517,0.1388
97,1425,1522,0.1388
95,1418,1513,0.1388
90,1414,1504,0.1388
92,1405,1497,0.1388
90,1408,1498,0.1388
92,1420,1512,0.1388
91,1425,1516,0.1388
92,1421,1513,0.1388
91,1431,1522,0.1388
90,1426,1516,0.1388
91,1432,1523,0.1388
91,1422,1513,0.1388
92,1400,1492,0.1388
91,1396,1487,0.1388
90,1401,1491,0.1388
91,1419,1510,0.1388
90,1426,1516,0.1388
88,1424,1512,0.1388
89,1431,1520,0.1388
89,1414,1503,0.1388
88,1418,1506,0.1388
91,1428,1519,0.1388
93,1435,1528,0.1388
91,1428,1519,0.1388
90,1436,1526,0.1388
87,1441,1528,0.1388
86,1444,1530,0.1388
84,1424,1508,0.1388
83,1438,1521,0.1388
84,1426,1510,0.1388
87,1431,1518,0.1388
87,1441,1528,0.1388
87,1434,1521,0.1388
90,1430,1520,0.1388
90,1431,1521,0.1388
88,1433,1521,0.1388
87,1419,1506,0.1388
83,1426,1509,0.1388
87,1423,1510,0.1388
87,1432,1519,0.1388
85,1421,1506,0.1388
87,1408,1495,0.1388
91,1414,1505,0.1388
89,1411,1500,0.1388
89,1415,1504,0.1388
93,1415,1508,0.1388
94,1420,1514,0.1388
93,1411,1504,0.1388
94,1431,1525,0.1388
93,1429,1522,0.1388
90,1423,1513,0.1388
89,1434,1523,0.1388
90,1428,1518,0.1388
85,1423,1508,0.1388
83,1424,1507,0.1388
83,1419,1502,0.1388
83,1421,1504,0.1388
83,1425,1508,0.1388
83,1431,1514,0.1388
81,1416,1497,0.1388
82,1421,1503,0.1388
79,1433,1512,0.1388
79,1451,1530,0.1388
80,1447,1527,0.1388
79,1433,1512,0.1388
82,1436,1518,0.1388
80,1436,1516,0.1388
78,1441,1519,0.1388
77,1441,1518,0.1388
78,1434,1512,0.1388
79,1433,1512,0.1388
79,1440,1519,0.1388
79,1435,1514,0.1388
78,1435,1513,0.1388
77,1439,1516,0.1388
73,1437,1510,0.1388
76,1438,1514,0.1388
74,1443,1517,0.1388
72,1447,1519,0.1388
74,1457,1531,0.1388
75,1456,1531,0.1388
76,1444,1520,0.1388
75,1442,1517,0.1388
73,1442,1515,0.1388
72,1433,1505,0.1388
71,1429,1500,0.1388
71,1445,1516,0.1388
73,1453,1526,0.1388
69,1446,1515,0.1388
72,1440,1512,0.1388
71,1447,1518,0.1388
72,1447,1519,0.1388
73,1451,1524,0.1388
73,1449,1522,0.1388
73,1461,1534,0.1388
71,1457,1528,0.1388
74,1451,1525,0.1388
72,1450,1522,0.1388
72,1449,1521,0.1388
69,1441,1510,0.1388
69,1445,1514,0.1388
72,1436,1508,0.1388
72,1437,1509,0.1388
72,1459,1531,0.1388
73,1450,1523,0.1388
71,1431,1502,0.1388
71,1428,1499,0.1388
69,1432,1501,0.1388
69,1429,1498,0.1388
66,1433,1499,0.1388
66,1428,1494,0.1388
67,1426,1493,0.1388
68,1441,1509,0.1388
68,1443,1511,0.1388
68,1443,1511,0.1388
68,1453,1521,0.1388
71,1449,1520,0.1388
71,1440,1511,0.1388
73,1446,1519,0.1388
76,1447,1523,0.1388
73,1461,1534,0.1388
74,1449,1523,0.1388
77,1447,1524,0.1388
75,1445,1520,0.1388
75,1434,1509,0.1388
75,1437,1512,0.1388
77,1437,1514,0.1388
77,1428,1505,0.1388
77,1420,1497,0.1388
76,1440,1516,0.1388
72,1441,1513,0.1388
70,1441,1511,0.1388
71,1436,1507,0.1388
69,1450,1519,0.1388
69,1448,1517,0.1388
67,1454,1521,0.1388
63,1444,1507,0.1388
64,1451,1515,0.1388
63,1452,1515,0.1388
64,1462,1526,0.1388
67,1447,1514,0.1388
68,1444,1512,0.1388
67,1443,1510,0.1388
67,1450,1517,0.1388
65,1459,1524,0.1388
67,1446,1513,0.1388
68,1449,1517,0.1388
68,1450,1518,0.1388
69,1465,1534,0.1388
68,1463,1531,0.1388
67,1441,1508,0.1388
65,1454,1519,0.1388
64,1443,1507,0.1388
67,1450,1517,0.1388
67,1440,1507,0.1388
70,1437,1507,0.1388
70,1438,1508,0.1388
71,1444,1515,0.1388
72,1446,1518,0.1388
72,1438,1510,0.1388
71,1437,1508,0.1388
70,1452,1522,0.1388
69,1450,1519,0.1388
71,1456,1527,0.1388
67,1450,1517,0.1388
66,1448,1514,0.1388
69,1448,1517,0.1388
67,1454,1521,0.1388
66,1448,1514,0.1388
65,1453,1518,0.1388
64,1444,1508,0.1388
64,1445,1509,0.1388
66,1438,1504,0.1388
71,1447,1518,0.1388
71,1453,1524,0.1388
72,1437,1509,0.1388
72,1448,1520,0.1388
72,1447,1519,0.1388
68,1440,1508,0.1388
72,1455,1527,0.1388
71,1445,1516,0.1388
72,1440,1512,0.1388
71,1437,1508,0.1388
74,1438,1512,0.1388
74,1435,1509,0.1388
76,1450,1526,0.1388
74,1458,1532,0.1388
69,1441,1510,0.1388
68,1438,1506,0.1388
63,1446,1509,0.1388
62,1441,1503,0.1388
64,1467,1531,0.1388
63,1459,1522,0.1388
63,1459,1522,0.1388
62,1456,1518,0.1388
62,1459,1521,0.1388
61,1445,1506,0.1388
64,1456,1520,0.1388
62,1460,1522,0.1388
59,1450,1509,0.1388
60,1447,1507,0.1388
59,1466,1525,0.1388
56,1463,1519,0.1388
56,1453,1509,0.1388
58,1454,1512,0.1388
56,1449,1505,0.1388
58,1450,1508,0.1388
59,1457,1516,0.1388
59,1459,1518,0.1388
60,1452,1512,0.1388
60,1454,1514,0.1388
62,1465,1527,0.1388
60,1460,1520,0.1388
59,1447,1506,0.1388
60,1449,1509,0.1388
60,1459,1519,0.1388
60,1465,1525,0.1388
58,1455,1513,0.1388
58,1445,1503,0.1388
58,1451,1509,0.1388
56,1461,1517,0.1388
58,1461,1519,0.1388
55,1475,1530,0.1388
55,1482,1537,0.1388
52,1463,1515,0.1388
53,1455,1508,0.1388
52,1457,1509,0.1388
50,1471,1521,0.1388
51,1467,1518,0.1388
51,1457,1508,0.1388
52,1460,1512,0.1388
51,1472,1523,0.1388
50,1467,1517,0.1388
51,1464,1515,0.1388
50,1455,1505,0.1388
50,1457,1507,0.1388
49,1463,1512,0.1388
50,1475,1525,0.1388
50,1489,1539,0.1388
50,1478,1528,0.1388
48,1474,1522,0.1388
47,1481,1528,0.1388
48,1485,1533,0.1388
49,1488,1537,0.1388
48,1484,1532,0.1388
46,1482,1528,0.1388
45,1475,1520,0.1388
45,1477,1522,0.1388
45,1469,1514,0.1388
45,1486,1531,0.1388
44,1487,1531,0.1388
45,1482,1527,0.1388
43,1486,1529,0.1388
44,1487,1531,0.1388
43,1485,1528,0.1388
42,1486,1528,0.1388
40,1486,1526,0.1388
40,1471,1511,0.1388
40,1477,1517,0.1388
41,1467,1508,0.1388
45,1451,1496,0.1388
43,1463,1506,0.1388
46,1468,1514,0.1388
45,1456,1501,0.1388
45,1454,1499,0.1388
46,1461,1507,0.1388
46,1465,1511,0.1388
44,1464,1508,0.1388
47,1457,1504,0.1388
48,1456,1504,0.1388
47,1436,1483,0.1388
46,1433,1479,0.1388
48,1455,1503,0.1388
48,1454,1502,0.1388
48,1455,1503,0.1388
49,1450,1499,0.1388
49,1441,1490,0.1388
49,1448,1497,0.1388
51,1455,1506,0.1388
53,1450,1503,0.1388
53,1458,1511,0.1388
53,1470,1523,0.1388
51,1470,1521,0.1388
50,1468,1518,0.1388
51,1469,1520,0.1388
51,1465,1516,0.1388
50,1477,1527,0.1388
51,1469,1520,0.1388
51,1458,1509,0.1388
51,1451,1502,0.1388
50,1464,1514,0.1388
48,1469,1517,0.1388
48,1473,1521,0.1388
49,1463,1512,0.1388
49,1477,1526,0.1388
51,1466,1517,0.1388
51,1463,1514,0.1388
51,1459,1510,0.1388
49,1466,1515,0.1388
46,1460,1506,0.1388
48,1461,1509,0.1388
47,1477,1524,0.1388
46,1479,1525,0.1388
48,1478,1526,0.1388
50,1470,1520,0.1388
50,1465,1515,0.1388
48,1459,1507,0.1388
45,1460,1505,0.1388
44,1473,1517,0.1388
43,1468,1511,0.1388
44,1481,1525,0.1388
44,1467,1511,0.1388
44,1471,1515,0.1388
44,1470,1514,0.1388
44,1482,1526,0.1388
41,1478,1519,0.1388
41,1479,1520,0.1388
42,1483,1525,0.1388
41,1475,1516,0.1388
40,1469,1509,0.1388
40,1475,1515,0.1388
38,1475,1513,0.1388
38,1480,1518,0.1388
40,1485,1525,0.1388
40,1481,1521,0.1388
40,1473,1513,0.1388
39,1471,1510,0.1388
40,1474,1514,0.1388
41,1483,1524,0.1388
42,1487,1529,0.1388
45,1479,1524,0.1388
44,1454,1498,0.1388
44,1456,1500,0.1388
42,1462,1504,0.1388
41,1465,1506,0.1388
41,1470,1511,0.1388
40,1470,1510,0.1388
41,1462,1503,0.1388
43,1476,1519,0.1388
45,1469,1514,0.1388
45,1497,1542,0.1388
47,1477,1524,0.1388
45,1462,1507,0.1388
48,1470,1518,0.1388
48,1471,1519,0.1388
50,1467,1517,0.1388
52,1471,1523,0.1388
53,1464,1517,0.1388
53,1461,1514,0.1388
53,1465,1518,0.1388
52,1466,1518,0.1388
51,1475,1526,0.1388
50,1464,1514,0.1388
48,1474,1522,0.1388
51,1475,1526,0.1388
50,1466,1516,0.1388
53,1464,1517,0.1388
52,1461,1513,0.1388
54,1459,1513,0.1388
52,1456,1508,0.1388
50,1457,1507,0.1388
51,1453,1504,0.1388
52,1441,1493,0.1388
52,1448,1500,0.1388
54,1465,1519,0.1388
54,1472,1526,0.1388
53,1469,1522,0.1388
53,1455,1508,0.1388
49,1467,1516,0.1388
50,1469,1519,0.1388
50,1467,1517,0.1388
52,1469,1521,0.1388
50,1473,1523,0.1388
49,1464,1513,0.1388
49,1468,1517,0.1388
49,1466,1515,0.1388
50,1470,1520,0.1388
48,1460,1508,0.1388
43,1478,1521,0.1388
44,1478,1522,0.1388
44,1469,1513,0.1388
44,1471,1515,0.1388
43,1469,1512,0.1388
43,1472,1515,0.1388
43,1476,1519,0.1388
41,1461,1502,0.1388
41,1462,1503,0.1388
42,1473,1515,0.1388
43,1468,1511,0.1388
41,1483,1524,0.1388
36,1484,1520,0.1388
38,1479,1517,0.1388
37,1482,1519,0.1388
37,1487,1524,0.1388
35,1481,1516,0.1388
36,1487,1523,0.1388
35,1500,1535,0.1388
35,1494,1529,0.1388
35,1497,1532,0.1388
34,1492,1526,0.1388
36,1497,1533,0.1388
37,1490,1527,0.1388
37,1484,1521,0.1388
37,1475,1512,0.1388
38,1475,1513,0.1388
40,1487,1527,0.1388
41,1482,1523,0.1388
40,1475,1515,0.1388
39,1472,1511,0.1388
38,1491,1529,0.1388
38,1488,1526,0.1388
41,1478,1519,0.1388
41,1481,1522,0.1388
43,1480,1523,0.1388
42,1468,1510,0.1388
41,1475,1516,0.1388
39,1482,1521,0.1388
38,1480,1518,0.1388
37,1483,1520,0.1388
38,1487,1525,0.1388
38,1485,1523,0.1388
38,1477,1515,0.1388
40,1484,1524,0.1388
38,1474,1512,0.1388
39,1491,1530,0.1388
38,1484,1522,0.1388
39,1482,1521,0.1388
38,1479,1517,0.1388
39,1477,1516,0.1388
39,1480,1519,0.1388
37,1473,1510,0.1388
37,1481,1518,0.1388
36,1486,1522,0.1388
37,1490,1527,0.1388
37,1486,1523,0.1388
36,1488,1524,0.1388
36,1481,1517,0.1388
34,1474,1508,0.1388
35,1468,1503,0.1388
35,1467,1502,0.1388
36,1470,1506,0.1388
35,1484,1519,0.1388
33,1482,1515,0.1388
35,1476,1511,0.1388
33,1475,1508,0.1388
32,1480,1512,0.1388
34,1481,1515,0.1388
33,1470,1503,0.1388
35,1464,1499,0.1388
35,1478,1513,0.1388
35,1486,1521,0.1388
35,1489,1524,0.1388
34,1504,1538,0.1388
34,1497,1531,0.1388
33,1502,1535,0.1388
32,1499,1531,0.1388
32,1489,1521,0.1388
31,1495,1526,0.1388
31,1496,1527,0.1388
31,1480,1511,0.1388
31,1477,1508,0.1388
30,1472,1502,0.1388
32,1471,1503,0.1388
30,1482,1512,0.1388
28,1497,1525,0.1388
30,1500,1530,0.1388
30,1482,1512,0.1388
29,1492,1521,0.1388
29,1499,1528,0.1388
27,1500,1527,0.1388
27,1505,1532,0.1388
27,1505,1532,0.1388
25,1500,1525,0.1388
28,1492,1520,0.1388
29,1497,1526,0.1388
32,1478,1510,0.1388
33,1482,1515,0.1388
35,1477,1512,0.1388
34,1475,1509,0.1388
36,1473,1509,0.1388
34,1479,1513,0.1388
33,1495,1528,0.1388
33,1491,1524,0.1388
37,1485,1522,0.1388
37,1483,1520,0.1388
36,1493,1529,0.1388
37,1489,1526,0.1388
36,1485,1521,0.1388
37,1491,1528,0.1388
38,1491,1529,0.1388
38,1485,1523,0.1388
35,1480,1515,0.1388
35,1488,1523,0.1388
37,1477,1514,0.1388
36,1466,1502,0.1388
34,1470,1504,0.1388
35,1480,1515,0.1388
33,1492,1525,0.1388
35,1481,1516,0.1388
34,1484,1518,0.1388
36,1475,1511,0.1388
34,1471,1505,0.1388
33,1473,1506,0.1388
34,1474,1508,0.1388
35,1476,1511,0.1388
34,1487,1521,0.1388
31,1484,1515,0.1388
34,1487,1521,0.1388
33,1486,1519,0.1388
34,1470,1504,0.1388
35,1465,1500,0.1388
34,1466,1500,0.1388
33,1462,1495,0.1388
34,1476,1510,0.1388
34,1485,1519,0.1388
32,1481,1513,0.1388
32,1468,1500,0.1388
31,1462,1493,0.1388
31,1484,1515,0.1388
32,1484,1516,0.1388
28,1484,1512,0.1388
24,1502,1526,0.1388
23,1499,1522,0.1388
24,1490,1514,0.1388
26,1489,1515,0.1388
27,1492,1519,0.1388
24,1484,1508,0.1388
25,1486,1511,0.1388
25,1485,1510,0.1388
24,1481,1505,0.1388
23,1481,1504,0.1388
22,1481,1503,0.1388
23,1487,1510,0.1388
23,1484,1507,0.1388
22,1483,1505,0.1388
22,1500,1522,0.1388
23,1506,1529,0.1388
22,1498,1520,0.1388
21,1500,1521,0.1388
21,1491,1512,0.1388
21,1492,1513,0.1388
21,1501,1522,0.1388
21,1495,1516,0.1388
21,1501,1522,0.1388
21,1495,1516,0.1388
23,1497,1520,0.1388
20,1495,1515,0.1388
18,1486,1504,0.1388
19,1484,1503,0.1388
20,1473,1493,0.1388
21,1474,1495,0.1388
21,1483,1504,0.1388
21,1487,1508,0.1388
19,1484,1503,0.1388
18,1499,1517,0.1388
19,1507,1526,0.1388
17,1490,1507,0.1388
17,1488,1505,0.1388
19,1492,1511,0.1388
21,1499,1520,0.1388
21,1506,1527,0.1388
21,1489,1510,0.1388
21,1500,1521,0.1388
20,1503,1523,0.1388
21,1496,1517,0.1388
20,1496,1516,0.1388
21,1486,1507,0.1388
21,1496,1517,0.1388
21,1502,1523,0.1388
21,1511,1532,0.1388
22,1500,1522,0.1388
22,1501,1523,0.1388
22,1493,1515,0.1388
22,1482,1504,0.1388
22,1492,1514,0.1388
22,1496,1518,0.1388
23,1493,1516,0.1388
22,1497,1519,0.1388
22,1498,1520,0.1388
24,1505,1529,0.1388
24,1501,1525,0.1388
24,1497,1521,0.1388
24,1500,1524,0.1388
23,1495,1518,0.1388
22,1506,1528,0.1388
23,1499,1522,0.1388
23,1510,1533,0.1388
25,1490,1515,0.1388
24,1498,1522,0.1388
24,1500,1524,0.1388
23,1499,1522,0.1388
23,1495,1518,0.1388
22,1501,1523,0.1388
21,1500,1521,0.1388
21,1496,1517,0.1388
20,1492,1512,0.1388
20,1498,1518,0.1388
19,1498,1517,0.1388
22,1495,1517,0.1388
23,1484,1507,0.1388
23,1493,1516,0.1388
24,1507,1531,0.1388
24,1506,1530,0.1388
24,1494,1518,0.1388
24,1497,1521,0.1388
23,1497,1520,0.1388
25,1482,1507,0.1388
25,1507,1532,0.1388
23,1507,1530,0.1388
23,1498,1521,0.1388
24,1495,1519,0.1388
23,1497,1520,0.1388
23,1492,1515,0.1388
26,1486,1512,0.1388
27,1490,1517,0.1388
27,1487,1514,0.1388
27,1489,1516,0.1388
27,1481,1508,0.1388
27,1481,1508,0.1388
27,1479,1506,0.1388
26,1490,1516,0.1388
24,1492,1516,0.1388
26,1485,1511,0.1388
25,1494,1519,0.1388
24,1500,1524,0.1388
24,1484,1508,0.1388
24,1484,1508,0.1388
24,1484,1508,0.1388
24,1495,1519,0.1388
23,1495,1518,0.1388
23,1493,1516,0.1388
22,1477,1499,0.1388
23,1475,1498,0.1388
22,1487,1509,0.1388
22,1484,1506,0.1388
21,1491,1512,0.1388
22,1489,1511,0.1388
22,1471,1493,0.1388
22,1485,1507,0.1388
23,1484,1507,0.1388
24,1489,1513,0.1388
25,1506,1531,0.1388
26,1506,1532,0.1388
26,1491,1517,0.1388
24,1484,1508,0.1388
23,1489,1512,0.1388
23,1484,1507,0.1388
22,1487,1509,0.1388
21,1496,1517,0.1388
22,1507,1529,0.1388
21,1503,1524,0.1388
22,1494,1516,0.1388
23,1496,1519,0.1388
22,1491,1513,0.1388
22,1507,1529,0.1388
22,1501,1523,0.1388
21,1492,1513,0.1388
22,1497,1519,0.1388
22,1493,1515,0.1388
22,1498,1520,0.1388
20,1506,1526,0.1388
19,1494,1513,0.1388
19,1499,1518,0.1388
21,1501,1522,0.1388
21,1501,1522,0.1388
20,1490,1510,0.1388
20,1489,1509,0.1388
18,1508,1526,0.1388
20,1501,1521,0.1388
22,1498,1520,0.1388
22,1492,1514,0.1388
24,1482,1506,0.1388
25,1487,1512,0.1388
25,1495,1520,0.1388
26,1498,1524,0.1388
26,1499,1525,0.1388
25,1503,1528,0.1388
25,1510,1535,0.1388
25,1491,1516,0.1388
26,1483,1509,0.1388
24,1506,1530,0.1388
25,1490,1515,0.1388
24,1506,1530,0.1388
24,1491,1515,0.1388
24,1485,1509,0.1388
25,1503,1528,0.1388
26,1507,1533,0.1388
26,1492,1518,0.1388
26,1500,1526,0.1388
25,1492,1517,0.1388
25,1487,1512,0.1388
25,1485,1510,0.1388
25,1487,1512,0.1388
23,1486,1509,0.1388
24,1489,1513,0.1388
24,1490,1514,0.1388
23,1490,1513,0.1388
23,1496,1519,0.1388
23,1492,1515,0.1388
22,1487,1509,0.1388
22,1495,1517,0.1388
22,1485,1507,0.1388
21,1480,1501,0.1388
23,1494,1517,0.1388
23,1502,1525,0.1388
23,1485,1508,0.1388
27,1485,1512,0.1388
29,1482,1511,0.1388
29,1481,1510,0.1388
28,1481,1509,0.1388
28,1496,1524,0.1388
27,1485,1512,0.1388
27,1485,1512,0.1388
27,1482,1509,0.1388
27,1484,1511,0.1388
29,1482,1511,0.1388
29,1480,1509,0.1388
29,1491,1520,0.1388
26,1497,1523,0.1388
26,1497,1523,0.1388
26,1492,1518,0.1388
26,1496,1522,0.1388
30,1481,1511,0.1388
28,1480,1508,0.1388
28,1489,1517,0.1388
28,1487,1515,0.1388
27,1471,1498,0.1388
28,1481,1509,0.1388
26,1472,1498,0.1388
26,1470,1496,0.1388
26,1490,1516,0.1388
27,1486,1513,0.1388
27,1487,1514,0.1388
27,1491,1518,0.1388
26,1486,1512,0.1388
28,1476,1504,0.1388
28,1477,1505,0.1388
28,1494,1522,0.1388
27,1494,1521,0.1388
28,1482,1510,0.1388
29,1486,1515,0.1388
29,1488,1517,0.1388
27,1486,1513,0.1388
26,1488,1514,0.1388
26,1490,1516,0.1388
23,1494,1517,0.1388
26,1502,1528,0.1388
24,1505,1529,0.1388
23,1507,1530,0.1388
21,1511,1532,0.1388
21,1515,1536,0.1388
20,1494,1514,0.1388
19,1497,1516,0.1388
19,1486,1505,0.1388
19,1494,1513,0.1388
19,1492,1511,0.1388
18,1493,1511,0.1388
16,1497,1513,0.1388
16,1504,1520,0.1388
16,1507,1523,0.1388
15,1499,1514,0.1388
15,1504,1519,0.1388
15,1504,1519,0.1388
15,1496,1511,0.1388
16,1496,1512,0.1388
16,1499,1515,0.1388
16,1496,1512,0.1388
16,1492,1508,0.1388
16,1502,1518,0.1388
16,1511,1527,0.1388
16,1505,1521,0.1388
16,1492,1508,0.1388
16,1508,1524,0.1388
16,1502,1518,0.1388
16,1496,1512,0.1388
17,1508,1525,0.1388
17,1503,1520,0.1388
17,1506,1523,0.1388
17,1496,1513,0.1388
18,1512,1530,0.1388
17,1509,1526,0.1388
17,1499,1516,0.1388
16,1508,1524,0.1388
16,1512,1528,0.1388
16,1502,1518,0.1388
15,1489,1504,0.1388
15,1486,1501,0.1388
15,1477,1492,0.1388
16,1487,1503,0.1388
17,1477,1494,0.1388
17,1501,1518,0.1388
17,1496,1513,0.1388
17,1497,1514,0.1388
17,1502,1519,0.1388
17,1502,1519,0.1388
17,1518,1535,0.1388
17,1505,1522,0.1388
16,1500,1516,0.1388
14,1503,1517,0.1388
13,1503,1516,0.1388
12,1506,1518,0.1388
11,1496,1507,0.1388
11,1501,1512,0.1388
11,1500,1511,0.1388
11,1510,1521,0.1388
12,1510,1522,0.1388
11,1521,1532,0.1388
11,1521,1532,0.1388
12,1512,1524,0.1388
12,1516,1528,0.1388
12,1514,1526,0.1388
12,1511,1523,0.1388
12,1504,1516,0.1388
12,1522,1534,0.1388
12,1505,1517,0.1388
11,1517,1528,0.1388
11,1501,1512,0.1388
11,1505,1516,0.1388
10,1500,1510,0.1388
9,1500,1509,0.1388
11,1493,1504,0.1388
13,1506,1519,0.1388
13,1503,1516,0.1388
13,1498,1511,0.1388
13,1499,1512,0.1388
14,1506,1520,0.1388
14,1496,1510,0.1388
14,1514,1528,0.1388
14,1509,1523,0.1388
14,1518,1532,0.1388
14,1510,1524,0.1388
14,1506,1520,0.1388
15,1503,1518,0.1388
15,1488,1503,0.1388
15,1496,1511,0.1388
16,1504,1520,0.1388
16,1509,1525,0.1388
15,1507,1522,0.1388
15,1513,1528,0.1388
15,1508,1523,0.1388
15,1497,1512,0.1388
15,1505,1520,0.1388
15,1504,1519,0.1388
16,1489,1505,0.1388
17,1495,1512,0.1388
16,1490,1506,0.1388
16,1497,1513,0.1388
16,1515,1531,0.1388
16,1521,1537,0.1388
16,1511,1527,0.1388
16,1497,1513,0.1388
15,1492,1507,0.1388
14,1503,1517,0.1388
14,1504,1518,0.1388
14,1496,1510,0.1388
15,1493,1508,0.1388
14,1496,1510,0.1388
14,1490,1504,0.1388
13,1502,1515,0.1388
14,1500,1514,0.1388
13,1505,1518,0.1388
13,1524,1537,0.1388
15,1511,1526,0.1388
16,1505,1521,0.1388
16,1508,1524,0.1388
16,1498,1514,0.1388
16,1506,1522,0.1388
16,1510,1526,0.1388
15,1517,1532,0.1388
15,1520,1535,0.1388
16,1522,1538,0.1388
16,1505,1521,0.1388
16,1498,1514,0.1388
15,1499,1514,0.1388
15,1497,1512,0.1388
15,1513,1528,0.1388
14,1495,1509,0.1388
15,1522,1537,0.1388
15,1517,1532,0.1388
14,1504,1518,0.1388
13,1489,1502,0.1388
13,1498,1511,0.1388
13,1494,1507,0.1388
14,1495,1509,0.1388
13,1506,1519,0.1388
12,1515,1527,0.1388
12,1520,1532,0.1388
12,1512,1524,0.1388
13,1508,1521,0.1388
13,1505,1518,0.1388
12,1506,1518,0.1388
13,1511,1524,0.1388
13,1514,1527,0.1388
12,1501,1513,0.1388
12,1501,1513,0.1388
13,1510,1523,0.1388
11,1511,1522,0.1388
11,1502,1513,0.1388
11,1492,1503,0.1388
11,1484,1495,0.1388
11,1489,1500,0.1388
11,1498,1509,0.1388
11,1506,1517,0.1388
11,1517,1528,0.1388
10,1520,1530,0.1388
10,1510,1520,0.1388
10,1504,1514,0.1388
9,1510,1519,0.1388
9,1512,1521,0.1388
9,1513,1522,0.1388
9,1511,1520,0.1388
9,1520,1529,0.1388
8,1522,1530,0.1388
8,1519,1527,0.1388
7,1512,1519,0.1388
7,1531,1538,0.1388
7,1526,1533,0.1388
6,1528,1534,0.1388
6,1533,1539,0.1388
6,1532,1538,0.1388
6,1522,1528,0.1388
5,1527,1532,0.1388
5,1518,1523,0.1388
5,1512,1517,0.1388
5,1493,1498,0.1388
5,1500,1505,0.1388
5,1512,1517,0.1388
5,1528,1533,0.1388
5,1509,1514,0.1388
5,1513,1518,0.1388
6,1516,1522,0.1388
6,1519,1525,0.1388
6,1511,1517,0.1388
6,1501,1507,0.1388
5,1505,1510,0.1388
6,1496,1502,0.1388
7,1503,1510,0.1388
7,1501,1508,0.1388
7,1505,1512,0.1388
7,1504,1511,0.1388
6,1513,1519,0.1388
6,1514,1520,0.1388
6,1521,1527,0.1388
6,1517,1523,0.1388
7,1508,1515,0.1388
7,1517,1524,0.1388
7,1504,1511,0.1388
7,1518,1525,0.1388
7,1514,1521,0.1388
7,1521,1528,0.1388
7,1526,1533,0.1388
8,1507,1515,0.1388
7,1511,1518,0.1388
7,1513,1520,0.1388
7,1519,1526,0.1388
7,1511,1518,0.1388
7,1510,1517,0.1388
7,1492,1499,0.1388
7,1509,1516,0.1388
6,1509,1515,0.1388
8,1511,1519,0.1388
7,1507,1514,0.1388
7,1513,1520,0.1388
7,1511,1518,0.1388
7,1509,1516,0.1388
7,1515,1522,0.1388
7,1517,1524,0.1388
8,1510,1518,0.1388
8,1510,1518,0.1388
8,1508,1516,0.1388
6,1508,1514,0.1388
6,1503,1509,0.1388
7,1505,1512,0.1388
6,1511,1517,0.1388
6,1518,1524,0.1388
6,1515,1521,0.1388
6,1501,1507,0.1388
7,1514,1521,0.1388
8,1517,1525,0.1388
8,1519,1527,0.1388
8,1521,1529,0.1388
8,1517,1525,0.1388
8,1505,1513,0.1388
8,1512,1520,0.1388
8,1513,1521,0.1388
7,1512,1519,0.1388
7,1511,1518,0.1388
7,1502,1509,0.1388
6,1506,1512,0.1388
6,1498,1504,0.1388
7,1492,1499,0.1388
7,1505,1512,0.1388
8,1509,1517,0.1388
9,1495,1504,0.1388
9,1497,1506,0.1388
9,1510,1519,0.1388
10,1511,1521,0.1388
10,1515,1525,0.1388
10,1520,1530,0.1388
9,1514,1523,0.1388
8,1497,1505,0.1388
8,1488,1496,0.1388
8,1498,1506,0.1388
8,1504,1512,0.1388
8,1502,1510,0.1388
8,1506,1514,0.1388
8,1500,1508,0.1388
8,1516,1524,0.1388
8,1493,1501,0.1388
7,1502,1509,0.1388
8,1489,1497,0.1388
8,1496,1504,0.1388
8,1513,1521,0.1388
7,1522,1529,0.1388
7,1514,1521,0.1388
6,1518,1524,0.1388
7,1507,1514,0.1388
7,1508,1515,0.1388
5,1508,1513,0.1388
5,1501,1506,0.1388
5,1514,1519,0.1388
5,1516,1521,0.1388
4,1504,1508,0.1388
4,1506,1510,0.1388
4,1518,1522,0.1388
4,1520,1524,0.1388
4,1516,1520,0.1388
4,1513,1517,0.1388
4,1527,1531,0.1388
4,1520,1524,0.1388
4,1523,1527,0.1388
4,1526,1530,0.1388
4,1526,1530,0.1388
4,1518,1522,0.1388
4,1516,1520,0.1388
4,1511,1515,0.1388
4,1504,1508,0.1388
3,1510,1513,0.1388
3,1515,1518,0.1388
3,1514,1517,0.1388
2,1503,1505,0.1388
2,1520,1522,0.1388
2,1518,1520,0.1388
2,1515,1517,0.1388
2,1516,1518,0.1388
2,1522,1524,0.1388
1,1521,1522,0.1388
1,1514,1515,0.1388
1,1522,1523,0.1388
1,1519,1520,0.1388
1,1514,1515,0.1388
1,1508,1509,0.1388
1,1506,1507,0.1388
1,1505,1506,0.1388
1,1515,1516,0.1388
1,1506,1507,0.1388
1,1515,1516,0.1388
1,1512,1513,0.1388
1,1502,1503,0.1388
1,1507,1508,0.1388
1,1516,1517,0.1388
1,1510,1511,0.1388
1,1518,1519,0.1388
1,1518,1519,0.1388
1,1521,1522,0.1388
1,1518,1519,0.1388
1,1526,1527,0.1388
1,1522,1523,0.1388
1,1516,1517,0.1388
1,1503,1504,0.1388
1,1502,1503,0.1388
1,1496,1497,0.1388
1,1518,1519,0.1388
1,1504,1505,0.1388
1,1509,1510,0.1388
1,1495,1496,0.1388
1,1510,1511,0.1388
1,1485,1486,0.1388
1,1515,1516,0.1388
1,1519,1520,0.1388
1,1531,1532,0.1388
1,1522,1523,0.1388
1,1520,1521,0.1388
1,1512,1513,0.1388
1,1505,1506,0.1388
1,1507,1508,0.1388
1,1531,1532,0.1388
1,1519,1520,0.1388
1,1506,1507,0.1388
1,1501,1502,0.1388
1,1501,1502,0.1388
1,1516,1517,0.1388
1,1527,1528,0.1388
1,1528,1529,0.1388
1,1519,1520,0.1388
1,1513,1514,0.1388
1,1525,1526,0.1388
1,1522,1523,0.1388
1,1520,1521,0.1388
1,1529,1530,0.1388
1,1530,1531,0.1388
1,1520,1521,0.1388
1,1494,1495,0.1388
1,1502,1503,0.1388
1,1513,1514,0.1388
2,1521,1523,0.1388
2,1516,1518,0.1388
2,1506,1508,0.1388
2,1506,1508,0.1388
2,1511,1513,0.1388
2,1504,1506,0.1388
3,1492,1495,0.1388
3,1500,1503,0.1388
2,1508,1510,0.1388
2,1502,1504,0.1388
2,1507,1509,0.1388
3,1515,1518,0.1388
2,1518,1520,0.1388
2,1525,1527,0.1388
2,1525,1527,0.1388
1,1534,1535,0.1388
1,1530,1531,0.1388
2,1528,1530,0.1388
1,1513,1514,0.1388
1,1504,1505,0.1388
1,1501,1502,0.1388
1,1498,1499,0.1388
1,1503,1504,0.1388
1,1510,1511,0.1388
1,1516,1517,0.1388
1,1513,1514,0.1388
1,1516,1517,0.1388
1,1515,1516,0.1388
2,1504,1506,0.1388
2,1514,1516,0.1388
2,1523,1525,0.1388
2,1515,1517,0.1388
2,1516,1518,0.1388
2,1514,1516,0.1388
2,1515,1517,0.1388
2,1509,1511,0.1388
2,1486,1488,0.1388
2,1496,1498,0.1388
2,1496,1498,0.1388
2,1507,1509,0.1388
2,1506,1508,0.1388
2,1493,1495,0.1388
2,1496,1498,0.1388
2,1500,1502,0.1388
2,1517,1519,0.1388
2,1517,1519,0.1388
2,1509,1511,0.1388
2,1518,1520,0.1388
2,1513,1515,0.1388
2,1510,1512,0.1388
2,1517,1519,0.1388
2,1518,1520,0.1388
2,1515,1517,0.1388
2,1513,1515,0.1388
2,1525,1527,0.1388
2,1525,1527,0.1388
2,1529,1531,0.1388
2,1524,1526,0.1388
2,1513,1515,0.1388
2,1522,1524,0.1388
2,1516,1518,0.1388
2,1520,1522,0.1388
2,1516,1518,0.1388
1,1527,1528,0.1388
1,1510,1511,0.1388
1,1521,1522,0.1388
1,1518,1519,0.1388
1,1509,1510,0.1388
1,1514,1515,0.1388
1,1529,1530,0.1388
1,1524,1525,0.1388
1,1522,1523,0.1388
1,1533,1534,0.1388
1,1524,1525,0.1388
1,1519,1520,0.1388
1,1531,1532,0.1388
1,1517,1518,0.1388
1,1523,1524,0.1388
1,1517,1518,0.1388
1,1523,1524,0.1388
1,1523,1524,0.1388
1,1514,1515,0.1388
1,1506,1507,0.1388
1,1497,1498,0.1388
1,1500,1501,0.1388
1,1511,1512,0.1388
1,1503,1504,0.1388
1,1510,1511,0.1388
1,1523,1524,0.1388
1,1522,1523,0.1388
1,1517,1518,0.1388
1,1522,1523,0.1388
1,1525,1526,0.1388
1,1517,1518,0.1388
1,1507,1508,0.1388
1,1509,1510,0.1388
1,1519,1520,0.1388
1,1529,1530,0.1388
1,1516,1517,0.1388
0,1515,1515,0.1388
