1373,27,1400,0.1388
1398,28,1426,0.1388
1416,29,1445,0.1388
1425,31,1456,0.1388
1435,32,1467,0.1388
1436,32,1468,0.1388
1450,30,1480,0.1388
1459,31,1490,0.1388
1460,31,1491,0.1388
1457,30,1487,0.1388
1453,30,1483,0.1388
1470,29,1499,0.1388
1453,29,1482,0.1388
1471,30,1501,0.1388
1463,28,1491,0.1388
1472,28,1500,0.1388
1457,29,1486,0.1388
1455,30,1485,0.1388
1453,30,1483,0.1388
1464,29,1493,0.1388
1481,29,1510,0.1388
1479,30,1509,0.1388
1468,32,1500,0.1388
1472,31,1503,0.1388
1472,30,1502,0.1388
1485,30,1515,0.1388
1491,29,1520,0.1388
1476,29,1505,0.1388
1479,31,1510,0.1388
1471,31,1502,0.1388
1475,29,1504,0.1388
1477,28,1505,0.1388
1474,28,1502,0.1388
1476,30,1506,0.1388
1471,30,1501,0.1388
1465,30,1495,0.1388
1470,30,1500,0.1388
1464,30,1494,0.1388
1467,30,1497,0.1388
1472,33,1505,0.1388
1479,29,1508,0.1388
1475,29,1504,0.1388
1467,27,1494,0.1388
1469,29,1498,0.1388
1458,28,1486,0.1388
1444,28,1472,0.1388
1441,30,1471,0.1388
1444,29,1473,0.1388
1461,25,1486,0.1388
1467,28,1495,0.1388
1475,26,1501,0.1388
1469,27,1496,0.1388
1464,28,1492,0.1388
1478,27,1505,0.1388
1492,30,1522,0.1388
1481,30,1511,0.1388
1480,31,1511,0.1388
1479,30,1509,0.1388
1476,30,1506,0.1388
1479,31,1510,0.1388
1477,31,1508,0.1388
1463,30,1493,0.1388
1464,31,1495,0.1388
1460,31,1491,0.1388
1463,33,1496,0.1388
1470,32,1502,0.1388
1473,31,1504,0.1388
1459,28,1487,0.1388
1458,29,1487,0.1388
1468,27,1495,0.1388
1472,26,1498,0.1388
1467,27,1494,0.1388
1465,27,1492,0.1388
1473,28,1501,0.1388
1473,28,1501,0.1388
1465,27,1492,0.1388
1464,29,1493,0.1388
1453,31,1484,0.1388
1459,28,1487,0.1388
1464,25,1489,0.1388
1471,26,1497,0.1388
1462,25,1487,0.1388
1460,25,1485,0.1388
1442,27,1469,0.1388
1435,27,1462,0.1388
1447,25,1472,0.1388
1462,27,1489,0.1388
1457,27,1484,0.1388
1451,27,1478,0.1388
1459,27,1486,0.1388
1468,26,1494,0.1388
1473,27,1500,0.1388
1474,27,1501,0.1388
1471,26,1497,0.1388
1465,28,1493,0.1388
1472,29,1501,0.1388
1484,28,1512,0.1388
1467,27,1494,0.1388
1466,27,1493,0.1388
1464,27,1491,0.1388
1466,28,1494,0.1388
1462,27,1489,0.1388
1462,27,1489,0.1388
1461,25,1486,0.1388
1458,25,1483,0.1388
1460,24,1484,0.1388
1464,23,1487,0.1388
1465,21,1486,0.1388
1454,22,1476,0.1388
1472,22,1494,0.1388
1461,23,1484,0.1388
1453,24,1477,0.1388
1456,25,1481,0.1388
1461,26,1487,0.1388
1457,26,1483,0.1388
1466,27,1493,0.1388
1474,25,1499,0.1388
1462,24,1486,0.1388
1463,24,1487,0.1388
1467,24,1491,0.1388
1472,25,1497,0.1388
1460,24,1484,0.1388
1459,25,1484,0.1388
1447,26,1473,0.1388
1441,27,1468,0.1388
1451,27,1478,0.1388
1460,28,1488,0.1388
1459,28,1487,0.1388
1473,29,1502,0.1388
1468,28,1496,0.1388
1460,28,1488,0.1388
1463,30,1493,0.1388
1468,30,1498,0.1388
1467,30,1497,0.1388
1463,27,1490,0.1388
1474,30,1504,0.1388
1472,30,1502,0.1388
1466,29,1495,0.1388
1457,28,1485,0.1388
1469,28,1497,0.1388
1476,27,1503,0.1388
1474,28,1502,0.1388
1468,30,1498,0.1388
1471,30,1501,0.1388
1469,31,1500,0.1388
1459,31,1490,0.1388
1461,31,1492,0.1388
1460,33,1493,0.1388
1468,35,1503,0.1388
1480,33,1513,0.1388
1458,29,1487,0.1388
1450,30,1480,0.1388
1454,32,1486,0.1388
1468,32,1500,0.1388
1470,30,1500,0.1388
1450,31,1481,0.1388
1451,32,1483,0.1388
1458,32,1490,0.1388
1456,31,1487,0.1388
1463,31,1494,0.1388
1455,32,1487,0.1388
1459,31,1490,0.1388
1468,31,1499,0.1388
1469,33,1502,0.1388
1462,35,1497,0.1388
1461,39,1500,0.1388
1455,39,1494,0.1388
1450,38,1488,0.1388
1448,37,1485,0.1388
1432,36,1468,0.1388
1442,37,1479,0.1388
1442,37,1479,0.1388
1458,37,1495,0.1388
1441,38,1479,0.1388
1437,38,1475,0.1388
1443,39,1482,0.1388
1438,38,1476,0.1388
1444,38,1482,0.1388
1450,38,1488,0.1388
1455,37,1492,0.1388
1453,38,1491,0.1388
1452,41,1493,0.1388
1442,40,1482,0.1388
1422,41,1463,0.1388
1425,42,1467,0.1388
1421,42,1463,0.1388
1436,46,1482,0.1388
1454,48,1502,0.1388
1453,46,1499,0.1388
1454,48,1502,0.1388
1454,49,1503,0.1388
1455,48,1503,0.1388
1450,48,1498,0.1388
1446,46,1492,0.1388
1458,48,1506,0.1388
1460,51,1511,0.1388
1459,50,1509,0.1388
1465,48,1513,0.1388
1448,45,1493,0.1388
1442,43,1485,0.1388
1444,43,1487,0.1388
1443,41,1484,0.1388
1443,41,1484,0.1388
1447,42,1489,0.1388
1430,45,1475,0.1388
1422,46,1468,0.1388
1432,48,1480,0.1388
1420,49,1469,0.1388
1429,49,1478,0.1388
1424,50,1474,0.1388
1428,48,1476,0.1388
1438,49,1487,0.1388
1443,49,1492,0.1388
1449,49,1498,0.1388
1455,51,1506,0.1388
1450,54,1504,0.1388
1452,56,1508,0.1388
1454,55,1509,0.1388
1438,57,1495,0.1388
1438,56,1494,0.1388
1440,57,1497,0.1388
1429,59,1488,0.1388
1428,61,1489,0.1388
1421,63,1484,0.1388
1433,63,1496,0.1388
1434,64,1498,0.1388
1436,66,1502,0.1388
1434,66,1500,0.1388
1423,65,1488,0.1388
1420,66,1486,0.1388
1416,68,1484,0.1388
1421,70,1491,0.1388
1422,72,1494,0.1388
1417,76,1493,0.1388
1431,77,1508,0.1388
1416,79,1495,0.1388
1418,75,1493,0.1388
1420,76,1496,0.1388
1413,75,1488,0.1388
1412,77,1489,0.1388
1419,76,1495,0.1388
1429,74,1503,0.1388
1424,77,1501,0.1388
1431,77,1508,0.1388
1428,79,1507,0.1388
1437,77,1514,0.1388
1429,73,1502,0.1388
1434,74,1508,0.1388
1434,76,1510,0.1388
1429,80,1509,0.1388
1435,79,1514,0.1388
1426,80,1506,0.1388
1407,82,1489,0.1388
1416,81,1497,0.1388
1398,83,1481,0.1388
1402,85,1487,0.1388
1408,86,1494,0.1388
1391,92,1483,0.1388
1393,89,1482,0.1388
1391,90,1481,0.1388
1395,92,1487,0.1388
1398,94,1492,0.1388
1395,93,1488,0.1388
1386,94,1480,0.1388
1388,94,1482,0.1388
1386,96,1482,0.1388
1397,95,1492,0.1388
1384,93,1477,0.1388
1394,96,1490,0.1388
1387,95,1482,0.1388
1373,99,1472,0.1388
1383,96,1479,0.1388
1387,93,1480,0.1388
1393,91,1484,0.1388
1386,88,1474,0.1388
1406,89,1495,0.1388
1404,90,1494,0.1388
1396,90,1486,0.1388
1399,91,1490,0.1388
1406,92,1498,0.1388
1406,90,1496,0.1388
1403,91,1494,0.1388
1413,93,1506,0.1388
1410,95,1505,0.1388
1408,95,1503,0.1388
1396,92,1488,0.1388
1394,92,1486,0.1388
1397,93,1490,0.1388
1398,93,1491,0.1388
1397,92,1489,0.1388
1399,90,1489,0.1388
1397,92,1489,0.1388
1379,93,1472,0.1388
1388,98,1486,0.1388
1376,102,1478,0.1388
1390,99,1489,0.1388
1396,100,1496,0.1388
1387,98,1485,0.1388
1385,98,1483,0.1388
1397,102,1499,0.1388
1407,106,1513,0.1388
1396,107,1503,0.1388
1389,107,1496,0.1388
1395,110,1505,0.1388
1385,108,1493,0.1388
1376,108,1484,0.1388
1386,114,1500,0.1388
1389,114,1503,0.1388
1394,112,1506,0.1388
1382,109,1491,0.1388
1401,108,1509,0.1388
1388,106,1494,0.1388
1391,106,1497,0.1388
1383,109,1492,0.1388
1386,111,1497,0.1388
1392,112,1504,0.1388
1382,112,1494,0.1388
1380,115,1495,0.1388
1387,119,1506,0.1388
1394,118,1512,0.1388
1386,115,1501,0.1388
1385,114,1499,0.1388
1391,115,1506,0.1388
1386,114,1500,0.1388
1384,111,1495,0.1388
1388,116,1504,0.1388
1392,116,1508,0.1388
1393,116,1509,0.1388
1369,117,1486,0.1388
1375,112,1487,0.1388
1378,116,1494,0.1388
1377,115,1492,0.1388
1378,117,1495,0.1388
1378,115,1493,0.1388
1387,115,1502,0.1388
1390,111,1501,0.1388
1389,115,1504,0.1388
1388,113,1501,0.1388
1390,116,1506,0.1388
1393,116,1509,0.1388
1381,115,1496,0.1388
1369,116,1485,0.1388
1382,116,1498,0.1388
1374,117,1491,0.1388
1365,116,1481,0.1388
1368,118,1486,0.1388
1375,113,1488,0.1388
1394,114,1508,0.1388
1375,111,1486,0.1388
1375,111,1486,0.1388
1372,110,1482,0.1388
1383,110,1493,0.1388
1379,113,1492,0.1388
1381,112,1493,0.1388
1382,114,1496,0.1388
1394,115,1509,0.1388
1384,116,1500,0.1388
1374,118,1492,0.1388
1375,117,1492,0.1388
1380,118,1498,0.1388
1393,115,1508,0.1388
1390,111,1501,0.1388
1391,112,1503,0.1388
1382,116,1498,0.1388
1377,113,1490,0.1388
1373,116,1489,0.1388
1379,114,1493,0.1388
1387,115,1502,0.1388
1384,114,1498,0.1388
1382,110,1492,0.1388
1367,113,1480,0.1388
1369,114,1483,0.1388
1377,118,1495,0.1388
1376,117,1493,0.1388
1370,117,1487,0.1388
1361,116,1477,0.1388
1357,114,1471,0.1388
1354,122,1476,0.1388
1361,121,1482,0.1388
1353,120,1473,0.1388
1353,122,1475,0.1388
1358,121,1479,0.1388
1376,118,1494,0.1388
1372,116,1488,0.1388
1363,114,1477,0.1388
1375,119,1494,0.1388
1376,119,1495,0.1388
1385,115,1500,0.1388
1371,118,1489,0.1388
1371,116,1487,0.1388
1373,115,1488,0.1388
1378,115,1493,0.1388
1382,113,1495,0.1388
1380,112,1492,0.1388
1381,113,1494,0.1388
1379,113,1492,0.1388
1378,111,1489,0.1388
1381,108,1489,0.1388
1384,106,1490,0.1388
1392,104,1496,0.1388
1396,101,1497,0.1388
1391,103,1494,0.1388
1386,103,1489,0.1388
1380,102,1482,0.1388
1393,104,1497,0.1388
1391,107,1498,0.1388
1397,107,1504,0.1388
1393,109,1502,0.1388
1390,113,1503,0.1388
1385,110,1495,0.1388
1391,104,1495,0.1388
1405,106,1511,0.1388
1401,106,1507,0.1388
1395,101,1496,0.1388
1404,101,1505,0.1388
1399,106,1505,0.1388
1406,105,1511,0.1388
1395,102,1497,0.1388
1395,102,1497,0.1388
1394,100,1494,0.1388
1392,102,1494,0.1388
1393,99,1492,0.1388
1372,104,1476,0.1388
1388,102,1490,0.1388
1390,101,1491,0.1388
1393,100,1493,0.1388
1403,101,1504,0.1388
1404,102,1506,0.1388
1386,104,1490,0.1388
1385,102,1487,0.1388
1383,97,1480,0.1388
1397,101,1498,0.1388
1397,94,1491,0.1388
1398,94,1492,0.1388
1387,98,1485,0.1388
1380,101,1481,0.1388
1387,100,1487,0.1388
1393,102,1495,0.1388
1397,104,1501,0.1388
1400,103,1503,0.1388
1397,102,1499,0.1388
1410,99,1509,0.1388
1417,101,1518,0.1388
1396,103,1499,0.1388
1400,104,1504,0.1388
1399,101,1500,0.1388
1386,101,1487,0.1388
1392,98,1490,0.1388
1396,99,1495,0.1388
1404,103,1507,0.1388
1400,101,1501,0.1388
1395,100,1495,0.1388
1392,100,1492,0.1388
1398,97,1495,0.1388
1405,97,1502,0.1388
1391,102,1493,0.1388
1390,102,1492,0.1388
1400,102,1502,0.1388
1389,99,1488,0.1388
1388,102,1490,0.1388
1389,97,1486,0.1388
1397,100,1497,0.1388
1396,101,1497,0.1388
1403,99,1502,0.1388
1405,99,1504,0.1388
1412,97,1509,0.1388
1408,98,1506,0.1388
1396,98,1494,0.1388
1386,99,1485,0.1388
1383,96,1479,0.1388
1378,96,1474,0.1388
1387,96,1483,0.1388
1396,100,1496,0.1388
1401,100,1501,0.1388
1396,97,1493,0.1388
1398,99,1497,0.1388
1394,99,1493,0.1388
1395,97,1492,0.1388
1400,104,1504,0.1388
1393,106,1499,0.1388
1392,104,1496,0.1388
1404,105,1509,0.1388
1399,105,1504,0.1388
1391,107,1498,0.1388
1398,110,1508,0.1388
1401,110,1511,0.1388
1408,106,1514,0.1388
1415,107,1522,0.1388
1401,106,1507,0.1388
1406,106,1512,0.1388
1401,108,1509,0.1388
1404,108,1512,0.1388
1395,108,1503,0.1388
1397,107,1504,0.1388
1396,104,1500,0.1388
1387,107,1494,0.1388
1383,107,1490,0.1388
1388,109,1497,0.1388
1372,108,1480,0.1388
1377,108,1485,0.1388
1388,114,1502,0.1388
1371,115,1486,0.1388
1372,116,1488,0.1388
1364,118,1482,0.1388
1374,116,1490,0.1388
1373,119,1492,0.1388
1366,121,1487,0.1388
1371,118,1489,0.1388
1366,119,1485,0.1388
1370,118,1488,0.1388
1370,118,1488,0.1388
1370,118,1488,0.1388
1375,119,1494,0.1388
1376,121,1497,0.1388
1375,122,1497,0.1388
1368,123,1491,0.1388
1366,119,1485,0.1388
1378,118,1496,0.1388
1374,120,1494,0.1388
1374,123,1497,0.1388
1377,125,1502,0.1388
1370,125,1495,0.1388
1364,129,1493,0.1388
1363,124,1487,0.1388
1361,126,1487,0.1388
1364,126,1490,0.1388
1357,127,1484,0.1388
1369,130,1499,0.1388
1364,129,1493,0.1388
1357,128,1485,0.1388
1347,127,1474,0.1388
1369,130,1499,0.1388
1378,128,1506,0.1388
1371,129,1500,0.1388
1354,131,1485,0.1388
1344,137,1481,0.1388
1345,135,1480,0.1388
1345,142,1487,0.1388
1344,142,1486,0.1388
1346,145,1491,0.1388
1356,142,1498,0.1388
1370,145,1515,0.1388
1364,146,1510,0.1388
1354,144,1498,0.1388
1367,148,1515,0.1388
1351,147,1498,0.1388
1346,147,1493,0.1388
1330,148,1478,0.1388
1325,150,1475,0.1388
1341,148,1489,0.1388
1341,151,1492,0.1388
1346,150,1496,0.1388
1364,143,1507,0.1388
1354,138,1492,0.1388
1349,141,1490,0.1388
1347,143,1490,0.1388
1343,149,1492,0.1388
1333,157,1490,0.1388
1331,159,1490,0.1388
1327,159,1486,0.1388
1325,161,1486,0.1388
1343,163,1506,0.1388
1345,161,1506,0.1388
1336,163,1499,0.1388
1334,160,1494,0.1388
1336,159,1495,0.1388
1329,155,1484,0.1388
1336,159,1495,0.1388
1333,159,1492,0.1388
1331,158,1489,0.1388
1338,158,1496,0.1388
1330,156,1486,0.1388
1328,157,1485,0.1388
1327,157,1484,0.1388
1325,153,1478,0.1388
1333,157,1490,0.1388
1330,163,1493,0.1388
1315,163,1478,0.1388
1314,169,1483,0.1388
1312,167,1479,0.1388
1300,170,1470,0.1388
1302,171,1473,0.1388
1294,174,1468,0.1388
1308,173,1481,0.1388
1314,171,1485,0.1388
1315,170,1485,0.1388
1317,174,1491,0.1388
1314,169,1483,0.1388
1323,168,1491,0.1388
1335,171,1506,0.1388
1323,170,1493,0.1388
1324,168,1492,0.1388
1322,167,1489,0.1388
1316,164,1480,0.1388
1302,165,1467,0.1388
1316,170,1486,0.1388
1318,170,1488,0.1388
1314,168,1482,0.1388
1313,168,1481,0.1388
1320,170,1490,0.1388
1328,168,1496,0.1388
1329,174,1503,0.1388
1319,176,1495,0.1388
1324,176,1500,0.1388
1322,181,1503,0.1388
1329,177,1506,0.1388
1317,172,1489,0.1388
1326,173,1499,0.1388
1320,171,1491,0.1388
1317,172,1489,0.1388
1307,179,1486,0.1388
1308,180,1488,0.1388
1304,177,1481,0.1388
1317,175,1492,0.1388
1317,177,1494,0.1388
1307,183,1490,0.1388
1313,183,1496,0.1388
1332,179,1511,0.1388
1324,181,1505,0.1388
1320,180,1500,0.1388
1309,186,1495,0.1388
1309,185,1494,0.1388
1317,191,1508,0.1388
1313,190,1503,0.1388
1307,187,1494,0.1388
1305,190,1495,0.1388
1298,193,1491,0.1388
1294,193,1487,0.1388
1305,190,1495,0.1388
1310,185,1495,0.1388
1290,187,1477,0.1388
1297,190,1487,0.1388
1310,188,1498,0.1388
1330,187,1517,0.1388
1333,185,1518,0.1388
1331,184,1515,0.1388
1334,185,1519,0.1388
1325,186,1511,0.1388
1304,190,1494,0.1388
1299,194,1493,0.1388
1310,196,1506,0.1388
1323,190,1513,0.1388
1333,192,1525,0.1388
1329,187,1516,0.1388
1324,187,1511,0.1388
1331,183,1514,0.1388
1324,184,1508,0.1388
1316,183,1499,0.1388
1318,184,1502,0.1388
1316,186,1502,0.1388
1310,192,1502,0.1388
1302,191,1493,0.1388
1306,186,1492,0.1388
1307,190,1497,0.1388
1312,192,1504,0.1388
1321,190,1511,0.1388
1325,195,1520,0.1388
1321,200,1521,0.1388
1311,198,1509,0.1388
1316,192,1508,0.1388
1309,190,1499,0.1388
1315,192,1507,0.1388
1315,184,1499,0.1388
1320,187,1507,0.1388
1318,190,1508,0.1388
1308,189,1497,0.1388
1309,189,1498,0.1388
1301,188,1489,0.1388
1310,190,1500,0.1388
1312,188,1500,0.1388
1305,191,1496,0.1388
1300,187,1487,0.1388
1291,186,1477,0.1388
1302,186,1488,0.1388
1304,183,1487,0.1388
1311,184,1495,0.1388
1312,187,1499,0.1388
1313,195,1508,0.1388
1317,191,1508,0.1388
1309,197,1506,0.1388
1314,194,1508,0.1388
1314,194,1508,0.1388
1305,195,1500,0.1388
1301,193,1494,0.1388
1298,196,1494,0.1388
1295,196,1491,0.1388
1285,194,1479,0.1388
1281,194,1475,0.1388
1275,201,1476,0.1388
1285,205,1490,0.1388
1282,206,1488,0.1388
1294,201,1495,0.1388
1293,202,1495,0.1388
1289,209,1498,0.1388
1302,206,1508,0.1388
1300,203,1503,0.1388
1288,210,1498,0.1388
1288,207,1495,0.1388
1299,208,1507,0.1388
1303,207,1510,0.1388
1308,205,1513,0.1388
1290,203,1493,0.1388
1295,197,1492,0.1388
1295,196,1491,0.1388
1305,198,1503,0.1388
1303,199,1502,0.1388
1306,198,1504,0.1388
1291,202,1493,0.1388
1289,203,1492,0.1388
1294,203,1497,0.1388
1296,204,1500,0.1388
1305,199,1504,0.1388
1293,202,1495,0.1388
1297,204,1501,0.1388
1303,210,1513,0.1388
1291,209,1500,0.1388
1289,211,1500,0.1388
1300,215,1515,0.1388
1286,221,1507,0.1388
1285,218,1503,0.1388
1284,220,1504,0.1388
1276,223,1499,0.1388
1277,227,1504,0.1388
1275,225,1500,0.1388
1273,223,1496,0.1388
1268,229,1497,0.1388
1268,225,1493,0.1388
1268,225,1493,0.1388
1277,220,1497,0.1388
1276,222,1498,0.1388
1279,227,1506,0.1388
1271,230,1501,0.1388
1266,228,1494,0.1388
1269,229,1498,0.1388
1269,232,1501,0.1388
1264,231,1495,0.1388
1277,230,1507,0.1388
1267,236,1503,0.1388
1265,238,1503,0.1388
1261,235,1496,0.1388
1258,239,1497,0.1388
1254,241,1495,0.1388
1241,242,1483,0.1388
1236,244,1480,0.1388
1236,251,1487,0.1388
1252,249,1501,0.1388
1250,251,1501,0.1388
1244,254,1498,0.1388
1244,256,1500,0.1388
1241,255,1496,0.1388
1231,253,1484,0.1388
1237,258,1495,0.1388
1240,258,1498,0.1388
1238,263,1501,0.1388
1237,265,1502,0.1388
1232,272,1504,0.1388
1221,272,1493,0.1388
1221,278,1499,0.1388
1219,275,1494,0.1388
1215,275,1490,0.1388
1219,275,1494,0.1388
1223,273,1496,0.1388
1214,270,1484,0.1388
1210,278,1488,0.1388
1218,276,1494,0.1388
1223,278,1501,0.1388
1225,276,1501,0.1388
1219,280,1499,0.1388
1225,275,1500,0.1388
1207,275,1482,0.1388
1204,279,1483,0.1388
1215,285,1500,0.1388
1210,287,1497,0.1388
1205,282,1487,0.1388
1209,281,1490,0.1388
1191,281,1472,0.1388
1202,282,1484,0.1388
1213,275,1488,0.1388
1222,279,1501,0.1388
1222,277,1499,0.1388
1220,280,1500,0.1388
1224,279,1503,0.1388
1225,273,1498,0.1388
1224,276,1500,0.1388
1223,277,1500,0.1388
1233,274,1507,0.1388
1225,276,1501,0.1388
1226,271,1497,0.1388
1220,268,1488,0.1388
1209,277,1486,0.1388
1216,269,1485,0.1388
1211,270,1481,0.1388
1207,272,1479,0.1388
1211,274,1485,0.1388
1196,273,1469,0.1388
1204,273,1477,0.1388
1205,278,1483,0.1388
1212,282,1494,0.1388
1215,282,1497,0.1388
1203,284,1487,0.1388
1211,285,1496,0.1388
1210,280,1490,0.1388
1201,282,1483,0.1388
1204,277,1481,0.1388
1209,283,1492,0.1388
1205,290,1495,0.1388
1205,289,1494,0.1388
1197,287,1484,0.1388
1204,287,1491,0.1388
1191,289,1480,0.1388
1198,294,1492,0.1388
1204,299,1503,0.1388
1214,293,1507,0.1388
1213,295,1508,0.1388
1218,296,1514,0.1388
1207,295,1502,0.1388
1206,293,1499,0.1388
1209,296,1505,0.1388
1196,294,1490,0.1388
1194,296,1490,0.1388
1192,295,1487,0.1388
1198,302,1500,0.1388
1205,305,1510,0.1388
1192,299,1491,0.1388
1200,304,1504,0.1388
1194,307,1501,0.1388
1196,311,1507,0.1388
1195,311,1506,0.1388
1203,322,1525,0.1388
1198,317,1515,0.1388
1195,312,1507,0.1388
1187,322,1509,0.1388
1176,323,1499,0.1388
1182,331,1513,0.1388
1166,335,1501,0.1388
1172,328,1500,0.1388
1162,326,1488,0.1388
1166,325,1491,0.1388
1175,324,1499,0.1388
1182,331,1513,0.1388
1178,328,1506,0.1388
1185,332,1517,0.1388
1192,331,1523,0.1388
1188,333,1521,0.1388
1182,324,1506,0.1388
1182,325,1507,0.1388
1178,326,1504,0.1388
1185,328,1513,0.1388
1190,329,1519,0.1388
1190,324,1514,0.1388
1187,323,1510,0.1388
1171,326,1497,0.1388
1177,330,1507,0.1388
1171,331,1502,0.1388
1171,323,1494,0.1388
1162,321,1483,0.1388
1163,332,1495,0.1388
1178,335,1513,0.1388
1169,340,1509,0.1388
1170,344,1514,0.1388
1173,340,1513,0.1388
1171,338,1509,0.1388
1174,337,1511,0.1388
1163,337,1500,0.1388
1171,336,1507,0.1388
1166,334,1500,0.1388
1169,331,1500,0.1388
1165,335,1500,0.1388
1156,337,1493,0.1388
1153,347,1500,0.1388
1143,347,1490,0.1388
1143,351,1494,0.1388
1158,355,1513,0.1388
1146,356,1502,0.1388
1150,352,1502,0.1388
1153,353,1506,0.1388
1158,351,1509,0.1388
1149,345,1494,0.1388
1146,347,1493,0.1388
1135,353,1488,0.1388
1149,360,1509,0.1388
1142,358,1500,0.1388
1145,367,1512,0.1388
1143,366,1509,0.1388
1141,361,1502,0.1388
1132,368,1500,0.1388
1137,365,1502,0.1388
1141,366,1507,0.1388
1146,369,1515,0.1388
1135,365,1500,0.1388
1129,365,1494,0.1388
1146,365,1511,0.1388
1145,360,1505,0.1388
1143,357,1500,0.1388
1142,359,1501,0.1388
1142,371,1513,0.1388
1135,367,1502,0.1388
1138,370,1508,0.1388
1141,367,1508,0.1388
1148,371,1519,0.1388
1132,373,1505,0.1388
1130,379,1509,0.1388
1131,371,1502,0.1388
1121,375,1496,0.1388
1122,376,1498,0.1388
1116,380,1496,0.1388
1098,387,1485,0.1388
1101,385,1486,0.1388
1110,379,1489,0.1388
1124,380,1504,0.1388
1117,378,1495,0.1388
1117,381,1498,0.1388
1129,389,1518,0.1388
1121,388,1509,0.1388
1125,386,1511,0.1388
1116,384,1500,0.1388
1114,385,1499,0.1388
1125,391,1516,0.1388
1123,393,1516,0.1388
1119,398,1517,0.1388
1126,399,1525,0.1388
1112,394,1506,0.1388
1102,398,1500,0.1388
1100,397,1497,0.1388
1097,400,1497,0.1388
1096,400,1496,0.1388
1077,398,1475,0.1388
1090,399,1489,0.1388
1090,405,1495,0.1388
1094,401,1495,0.1388
1098,403,1501,0.1388
1106,402,1508,0.1388
1091,408,1499,0.1388
1095,401,1496,0.1388
1096,406,1502,0.1388
1090,405,1495,0.1388
1087,406,1493,0.1388
1097,410,1507,0.1388
1101,412,1513,0.1388
1092,416,1508,0.1388
1087,415,1502,0.1388
1083,417,1500,0.1388
1086,416,1502,0.1388
1093,413,1506,0.1388
1088,411,1499,0.1388
1091,407,1498,0.1388
1089,408,1497,0.1388
1086,407,1493,0.1388
1088,420,1508,0.1388
1085,414,1499,0.1388
1090,418,1508,0.1388
1079,419,1498,0.1388
1071,426,1497,0.1388
1064,424,1488,0.1388
1082,418,1500,0.1388
1072,420,1492,0.1388
1081,428,1509,0.1388
1075,421,1496,0.1388
1080,424,1504,0.1388
1068,423,1491,0.1388
1072,429,1501,0.1388
1073,432,1505,0.1388
1072,430,1502,0.1388
1078,430,1508,0.1388
1072,421,1493,0.1388
1072,425,1497,0.1388
1072,431,1503,0.1388
1059,429,1488,0.1388
1052,431,1483,0.1388
1051,428,1479,0.1388
1056,436,1492,0.1388
1051,441,1492,0.1388
1057,448,1505,0.1388
1056,445,1501,0.1388
1054,447,1501,0.1388
1055,444,1499,0.1388
1043,453,1496,0.1388
1048,455,1503,0.1388
1050,454,1504,0.1388
1049,461,1510,0.1388
1048,462,1510,0.1388
1040,463,1503,0.1388
1041,454,1495,0.1388
1039,460,1499,0.1388
1033,462,1495,0.1388
1027,463,1490,0.1388
1022,465,1487,0.1388
1015,466,1481,0.1388
1020,470,1490,0.1388
1024,463,1487,0.1388
1026,473,1499,0.1388
1018,474,1492,0.1388
1017,474,1491,0.1388
1016,481,1497,0.1388
1015,481,1496,0.1388
1018,484,1502,0.1388
1007,486,1493,0.1388
1013,488,1501,0.1388
1018,488,1506,0.1388
1020,491,1511,0.1388
1031,497,1528,0.1388
1034,503,1537,0.1388
1023,501,1524,0.1388
1020,498,1518,0.1388
1026,498,1524,0.1388
1016,506,1522,0.1388
1012,503,1515,0.1388
1000,503,1503,0.1388
998,505,1503,0.1388
1007,494,1501,0.1388
998,500,1498,0.1388
997,511,1508,0.1388
1002,512,1514,0.1388
999,508,1507,0.1388
996,512,1508,0.1388
995,512,1507,0.1388
995,515,1510,0.1388
1002,523,1525,0.1388
992,528,1520,0.1388
987,517,1504,0.1388
980,509,1489,0.1388
979,525,1504,0.1388
985,518,1503,0.1388
990,519,1509,0.1388
991,521,1512,0.1388
986,525,1511,0.1388
985,523,1508,0.1388
983,524,1507,0.1388
985,522,1507,0.1388
980,523,1503,0.1388
980,517,1497,0.1388
980,518,1498,0.1388
984,515,1499,0.1388
980,521,1501,0.1388
986,532,1518,0.1388
977,527,1504,0.1388
977,526,1503,0.1388
977,530,1507,0.1388
980,532,1512,0.1388
982,532,1514,0.1388
977,530,1507,0.1388
969,532,1501,0.1388
970,526,1496,0.1388
976,529,1505,0.1388
970,540,1510,0.1388
972,529,1501,0.1388
984,534,1518,0.1388
975,535,1510,0.1388
976,531,1507,0.1388
974,540,1514,0.1388
958,544,1502,0.1388
961,546,1507,0.1388
958,549,1507,0.1388
955,554,1509,0.1388
949,552,1501,0.1388
945,554,1499,0.1388
942,555,1497,0.1388
936,554,1490,0.1388
942,561,1503,0.1388
946,557,1503,0.1388
942,559,1501,0.1388
947,561,1508,0.1388
949,561,1510,0.1388
945,557,1502,0.1388
947,558,1505,0.1388
938,566,1504,0.1388
929,568,1497,0.1388
935,578,1513,0.1388
927,582,1509,0.1388
929,579,1508,0.1388
929,581,1510,0.1388
921,572,1493,0.1388
916,571,1487,0.1388
912,571,1483,0.1388
920,570,1490,0.1388
917,578,1495,0.1388
929,577,1506,0.1388
939,573,1512,0.1388
927,573,1500,0.1388
928,583,1511,0.1388
931,586,1517,0.1388
929,594,1523,0.1388
925,590,1515,0.1388
917,586,1503,0.1388
916,584,1500,0.1388
906,600,1506,0.1388
909,599,1508,0.1388
906,600,1506,0.1388
908,599,1507,0.1388
902,603,1505,0.1388
910,607,1517,0.1388
907,612,1519,0.1388
897,620,1517,0.1388
898,617,1515,0.1388
889,612,1501,0.1388
882,609,1491,0.1388
874,612,1486,0.1388
889,608,1497,0.1388
888,605,1493,0.1388
898,611,1509,0.1388
895,615,1510,0.1388
887,621,1508,0.1388
880,628,1508,0.1388
884,635,1519,0.1388
891,624,1515,0.1388
883,619,1502,0.1388
872,621,1493,0.1388
867,623,1490,0.1388
868,636,1504,0.1388
876,635,1511,0.1388
879,634,1513,0.1388
886,632,1518,0.1388
876,631,1507,0.1388
874,633,1507,0.1388
863,630,1493,0.1388
856,637,1493,0.1388
864,637,1501,0.1388
855,635,1490,0.1388
856,634,1490,0.1388
868,629,1497,0.1388
874,625,1499,0.1388
873,632,1505,0.1388
866,630,1496,0.1388
872,638,1510,0.1388
866,634,1500,0.1388
869,635,1504,0.1388
859,635,1494,0.1388
859,642,1501,0.1388
865,647,1512,0.1388
874,645,1519,0.1388
869,648,1517,0.1388
863,643,1506,0.1388
856,645,1501,0.1388
856,642,1498,0.1388
860,644,1504,0.1388
851,645,1496,0.1388
850,644,1494,0.1388
840,656,1496,0.1388
844,644,1488,0.1388
864,644,1508,0.1388
862,642,1504,0.1388
855,642,1497,0.1388
856,642,1498,0.1388
848,642,1490,0.1388
853,652,1505,0.1388
859,660,1519,0.1388
856,662,1518,0.1388
863,656,1519,0.1388
848,649,1497,0.1388
844,653,1497,0.1388
852,649,1501,0.1388
849,643,1492,0.1388
847,648,1495,0.1388
853,651,1504,0.1388
859,638,1497,0.1388
848,641,1489,0.1388
845,654,1499,0.1388
844,657,1501,0.1388
851,648,1499,0.1388
848,643,1491,0.1388
841,634,1475,0.1388
849,639,1488,0.1388
844,640,1484,0.1388
838,645,1483,0.1388
836,653,1489,0.1388
840,648,1488,0.1388
842,638,1480,0.1388
847,647,1494,0.1388
848,659,1507,0.1388
846,661,1507,0.1388
839,660,1499,0.1388
850,664,1514,0.1388
852,658,1510,0.1388
844,662,1506,0.1388
844,657,1501,0.1388
844,663,1507,0.1388
854,658,1512,0.1388
853,665,1518,0.1388
848,667,1515,0.1388
850,668,1518,0.1388
836,669,1505,0.1388
842,665,1507,0.1388
840,662,1502,0.1388
848,660,1508,0.1388
844,657,1501,0.1388
835,668,1503,0.1388
833,661,1494,0.1388
832,673,1505,0.1388
817,671,1488,0.1388
824,678,1502,0.1388
825,683,1508,0.1388
833,681,1514,0.1388
833,676,1509,0.1388
831,673,1504,0.1388
836,683,1519,0.1388
825,677,1502,0.1388
818,677,1495,0.1388
831,680,1511,0.1388
827,679,1506,0.1388
824,674,1498,0.1388
829,678,1507,0.1388
830,682,1512,0.1388
836,679,1515,0.1388
837,682,1519,0.1388
829,685,1514,0.1388
822,679,1501,0.1388
830,684,1514,0.1388
824,689,1513,0.1388
819,691,1510,0.1388
823,685,1508,0.1388
817,686,1503,0.1388
817,692,1509,0.1388
812,678,1490,0.1388
812,684,1496,0.1388
809,687,1496,0.1388
801,693,1494,0.1388
801,702,1503,0.1388
806,696,1502,0.1388
814,692,1506,0.1388
809,695,1504,0.1388
816,680,1496,0.1388
815,683,1498,0.1388
827,677,1504,0.1388
829,678,1507,0.1388
827,686,1513,0.1388
825,684,1509,0.1388
827,688,1515,0.1388
823,683,1506,0.1388
827,683,1510,0.1388
824,677,1501,0.1388
828,677,1505,0.1388
829,677,1506,0.1388
819,687,1506,0.1388
810,686,1496,0.1388
819,690,1509,0.1388
805,692,1497,0.1388
805,693,1498,0.1388
815,697,1512,0.1388
817,696,1513,0.1388
820,697,1517,0.1388
820,685,1505,0.1388
810,691,1501,0.1388
811,690,1501,0.1388
806,686,1492,0.1388
801,690,1491,0.1388
802,698,1500,0.1388
809,699,1508,0.1388
801,705,1506,0.1388
794,707,1501,0.1388
803,706,1509,0.1388
796,708,1504,0.1388
793,710,1503,0.1388
795,714,1509,0.1388
798,702,1500,0.1388
792,692,1484,0.1388
788,694,1482,0.1388
794,703,1497,0.1388
785,715,1500,0.1388
788,712,1500,0.1388
785,717,1502,0.1388
773,725,1498,0.1388
770,729,1499,0.1388
770,731,1501,0.1388
769,731,1500,0.1388
760,737,1497,0.1388
765,733,1498,0.1388
769,739,1508,0.1388
764,729,1493,0.1388
771,733,1504,0.1388
767,735,1502,0.1388
765,742,1507,0.1388
764,745,1509,0.1388
757,734,1491,0.1388
768,742,1510,0.1388
775,738,1513,0.1388
770,735,1505,0.1388
763,741,1504,0.1388
770,746,1516,0.1388
767,747,1514,0.1388
762,743,1505,0.1388
760,744,1504,0.1388
753,735,1488,0.1388
749,745,1494,0.1388
749,744,1493,0.1388
748,748,1496,0.1388
741,747,1488,0.1388
737,753,1490,0.1388
740,758,1498,0.1388
741,765,1506,0.1388
750,766,1516,0.1388
752,757,1509,0.1388
748,763,1511,0.1388
750,752,1502,0.1388
760,751,1511,0.1388
758,750,1508,0.1388
751,761,1512,0.1388
749,762,1511,0.1388
749,761,1510,0.1388
751,757,1508,0.1388
749,761,1510,0.1388
751,760,1511,0.1388
755,757,1512,0.1388
758,755,1513,0.1388
753,759,1512,0.1388
747,758,1505,0.1388
739,762,1501,0.1388
738,763,1501,0.1388
747,760,1507,0.1388
756,756,1512,0.1388
756,758,1514,0.1388
746,764,1510,0.1388
737,763,1500,0.1388
744,762,1506,0.1388
731,772,1503,0.1388
726,769,1495,0.1388
735,766,1501,0.1388
737,771,1508,0.1388
729,764,1493,0.1388
735,767,1502,0.1388
734,765,1499,0.1388
733,767,1500,0.1388
747,780,1527,0.1388
732,786,1518,0.1388
735,784,1519,0.1388
733,787,1520,0.1388
731,779,1510,0.1388
733,773,1506,0.1388
731,776,1507,0.1388
726,782,1508,0.1388
725,775,1500,0.1388
721,775,1496,0.1388
721,778,1499,0.1388
718,785,1503,0.1388
719,781,1500,0.1388
718,784,1502,0.1388
715,792,1507,0.1388
716,796,1512,0.1388
710,796,1506,0.1388
703,804,1507,0.1388
704,807,1511,0.1388
707,806,1513,0.1388
704,808,1512,0.1388
695,805,1500,0.1388
700,824,1524,0.1388
703,824,1527,0.1388
701,815,1516,0.1388
698,820,1518,0.1388
687,821,1508,0.1388
686,823,1509,0.1388
691,819,1510,0.1388
685,821,1506,0.1388
677,830,1507,0.1388
676,836,1512,0.1388
680,838,1518,0.1388
677,837,1514,0.1388
673,834,1507,0.1388
664,847,1511,0.1388
654,847,1501,0.1388
658,839,1497,0.1388
661,842,1503,0.1388
660,843,1503,0.1388
661,844,1505,0.1388
660,841,1501,0.1388
652,840,1492,0.1388
654,852,1506,0.1388
647,858,1505,0.1388
646,865,1511,0.1388
649,859,1508,0.1388
647,858,1505,0.1388
645,853,1498,0.1388
638,861,1499,0.1388
634,866,1500,0.1388
638,874,1512,0.1388
648,857,1505,0.1388
651,859,1510,0.1388
640,863,1503,0.1388
634,869,1503,0.1388
638,853,1491,0.1388
646,850,1496,0.1388
649,845,1494,0.1388
646,845,1491,0.1388
644,862,1506,0.1388
639,867,1506,0.1388
638,862,1500,0.1388
646,859,1505,0.1388
655,863,1518,0.1388
651,864,1515,0.1388
646,871,1517,0.1388
630,870,1500,0.1388
627,880,1507,0.1388
621,885,1506,0.1388
619,879,1498,0.1388
625,891,1516,0.1388
620,894,1514,0.1388
627,899,1526,0.1388
626,887,1513,0.1388
619,891,1510,0.1388
610,890,1500,0.1388
623,896,1519,0.1388
618,889,1507,0.1388
621,901,1522,0.1388
617,898,1515,0.1388
617,900,1517,0.1388
622,900,1522,0.1388
626,894,1520,0.1388
617,892,1509,0.1388
627,885,1512,0.1388
629,880,1509,0.1388
631,887,1518,0.1388
620,890,1510,0.1388
631,895,1526,0.1388
620,891,1511,0.1388
620,888,1508,0.1388
617,886,1503,0.1388
619,880,1499,0.1388
622,886,1508,0.1388
616,882,1498,0.1388
614,877,1491,0.1388
618,869,1487,0.1388
621,872,1493,0.1388
612,873,1485,0.1388
621,889,1510,0.1388
621,883,1504,0.1388
618,879,1497,0.1388
621,899,1520,0.1388
610,905,1515,0.1388
610,899,1509,0.1388
609,901,1510,0.1388
613,892,1505,0.1388
614,897,1511,0.1388
609,898,1507,0.1388
604,896,1500,0.1388
600,896,1496,0.1388
602,906,1508,0.1388
604,907,1511,0.1388
608,907,1515,0.1388
605,903,1508,0.1388
608,908,1516,0.1388
601,902,1503,0.1388
607,910,1517,0.1388
612,903,1515,0.1388
593,909,1502,0.1388
583,919,1502,0.1388
588,930,1518,0.1388
588,931,1519,0.1388
590,933,1523,0.1388
590,918,1508,0.1388
592,917,1509,0.1388
588,920,1508,0.1388
590,919,1509,0.1388
584,912,1496,0.1388
586,914,1500,0.1388
589,917,1506,0.1388
589,914,1503,0.1388
591,914,1505,0.1388
591,914,1505,0.1388
593,903,1496,0.1388
598,916,1514,0.1388
595,921,1516,0.1388
591,937,1528,0.1388
597,919,1516,0.1388
596,925,1521,0.1388
599,925,1524,0.1388
598,922,1520,0.1388
594,924,1518,0.1388
582,929,1511,0.1388
574,930,1504,0.1388
576,918,1494,0.1388
579,920,1499,0.1388
574,933,1507,0.1388
580,924,1504,0.1388
570,931,1501,0.1388
566,932,1498,0.1388
556,937,1493,0.1388
557,951,1508,0.1388
564,957,1521,0.1388
573,954,1527,0.1388
572,943,1515,0.1388
572,935,1507,0.1388
567,936,1503,0.1388
575,946,1521,0.1388
576,951,1527,0.1388
576,946,1522,0.1388
573,934,1507,0.1388
565,930,1495,0.1388
575,932,1507,0.1388
585,936,1521,0.1388
578,929,1507,0.1388
574,923,1497,0.1388
580,921,1501,0.1388
579,920,1499,0.1388
575,935,1510,0.1388
568,936,1504,0.1388
579,938,1517,0.1388
574,950,1524,0.1388
572,948,1520,0.1388
565,949,1514,0.1388
568,940,1508,0.1388
559,939,1498,0.1388
553,943,1496,0.1388
562,943,1505,0.1388
558,959,1517,0.1388
558,965,1523,0.1388
556,961,1517,0.1388
555,958,1513,0.1388
542,963,1505,0.1388
553,959,1512,0.1388
550,954,1504,0.1388
545,963,1508,0.1388
544,974,1518,0.1388
553,971,1524,0.1388
551,961,1512,0.1388
549,963,1512,0.1388
548,961,1509,0.1388
551,962,1513,0.1388
551,953,1504,0.1388
555,958,1513,0.1388
549,968,1517,0.1388
552,968,1520,0.1388
549,972,1521,0.1388
543,973,1516,0.1388
544,978,1522,0.1388
540,978,1518,0.1388
545,975,1520,0.1388
543,980,1523,0.1388
542,980,1522,0.1388
539,983,1522,0.1388
532,977,1509,0.1388
532,982,1514,0.1388
541,976,1517,0.1388
537,970,1507,0.1388
543,966,1509,0.1388
545,963,1508,0.1388
551,963,1514,0.1388
554,973,1527,0.1388
549,972,1521,0.1388
550,962,1512,0.1388
546,966,1512,0.1388
550,959,1509,0.1388
552,966,1518,0.1388
549,970,1519,0.1388
546,984,1530,0.1388
543,979,1522,0.1388
546,982,1528,0.1388
531,979,1510,0.1388
529,972,1501,0.1388
535,979,1514,0.1388
536,984,1520,0.1388
530,976,1506,0.1388
533,970,1503,0.1388
532,978,1510,0.1388
530,985,1515,0.1388
534,985,1519,0.1388
531,986,1517,0.1388
525,978,1503,0.1388
538,987,1525,0.1388
538,991,1529,0.1388
532,993,1525,0.1388
528,998,1526,0.1388
530,997,1527,0.1388
520,993,1513,0.1388
519,994,1513,0.1388
527,984,1511,0.1388
522,990,1512,0.1388
517,991,1508,0.1388
522,997,1519,0.1388
516,999,1515,0.1388
513,1009,1522,0.1388
514,1012,1526,0.1388
514,1008,1522,0.1388
516,1006,1522,0.1388
509,1001,1510,0.1388
506,1008,1514,0.1388
502,1017,1519,0.1388
500,1022,1522,0.1388
494,1026,1520,0.1388
490,1023,1513,0.1388
482,1021,1503,0.1388
478,1028,1506,0.1388
476,1034,1510,0.1388
480,1041,1521,0.1388
480,1049,1529,0.1388
481,1037,1518,0.1388
481,1032,1513,0.1388
480,1034,1514,0.1388
476,1040,1516,0.1388
477,1046,1523,0.1388
480,1040,1520,0.1388
481,1039,1520,0.1388
476,1042,1518,0.1388
478,1038,1516,0.1388
481,1036,1517,0.1388
476,1031,1507,0.1388
479,1040,1519,0.1388
470,1039,1509,0.1388
468,1029,1497,0.1388
464,1029,1493,0.1388
458,1036,1494,0.1388
459,1040,1499,0.1388
456,1048,1504,0.1388
453,1057,1510,0.1388
450,1043,1493,0.1388
444,1047,1491,0.1388
449,1057,1506,0.1388
454,1055,1509,0.1388
458,1055,1513,0.1388
455,1050,1505,0.1388
457,1049,1506,0.1388
452,1054,1506,0.1388
447,1059,1506,0.1388
450,1048,1498,0.1388
449,1055,1504,0.1388
448,1059,1507,0.1388
448,1058,1506,0.1388
448,1054,1502,0.1388
449,1058,1507,0.1388
440,1068,1508,0.1388
446,1055,1501,0.1388
447,1068,1515,0.1388
446,1070,1516,0.1388
452,1068,1520,0.1388
448,1067,1515,0.1388
445,1057,1502,0.1388
444,1051,1495,0.1388
444,1061,1505,0.1388
451,1059,1510,0.1388
448,1064,1512,0.1388
452,1075,1527,0.1388
448,1070,1518,0.1388
438,1077,1515,0.1388
441,1066,1507,0.1388
437,1070,1507,0.1388
433,1065,1498,0.1388
440,1065,1505,0.1388
446,1063,1509,0.1388
439,1068,1507,0.1388
442,1078,1520,0.1388
437,1084,1521,0.1388
439,1085,1524,0.1388
438,1078,1516,0.1388
437,1081,1518,0.1388
438,1079,1517,0.1388
441,1072,1513,0.1388
440,1074,1514,0.1388
431,1080,1511,0.1388
427,1079,1506,0.1388
428,1092,1520,0.1388
426,1095,1521,0.1388
417,1092,1509,0.1388
408,1093,1501,0.1388
408,1106,1514,0.1388
416,1089,1505,0.1388
417,1092,1509,0.1388
413,1090,1503,0.1388
416,1088,1504,0.1388
418,1079,1497,0.1388
412,1082,1494,0.1388
414,1095,1509,0.1388
424,1092,1516,0.1388
423,1090,1513,0.1388
419,1095,1514,0.1388
422,1090,1512,0.1388
416,1091,1507,0.1388
418,1082,1500,0.1388
421,1079,1500,0.1388
422,1084,1506,0.1388
419,1091,1510,0.1388
426,1087,1513,0.1388
423,1085,1508,0.1388
421,1088,1509,0.1388
415,1100,1515,0.1388
415,1100,1515,0.1388
417,1104,1521,0.1388
411,1092,1503,0.1388
406,1087,1493,0.1388
412,1088,1500,0.1388
406,1084,1490,0.1388
410,1089,1499,0.1388
407,1102,1509,0.1388
406,1108,1514,0.1388
413,1100,1513,0.1388
410,1103,1513,0.1388
411,1110,1521,0.1388
405,1112,1517,0.1388
405,1108,1513,0.1388
400,1109,1509,0.1388
396,1114,1510,0.1388
387,1106,1493,0.1388
387,1109,1496,0.1388
393,1116,1509,0.1388
395,1115,1510,0.1388
393,1112,1505,0.1388
391,1117,1508,0.1388
395,1111,1506,0.1388
399,1109,1508,0.1388
397,1103,1500,0.1388
394,1117,1511,0.1388
392,1121,1513,0.1388
398,1124,1522,0.1388
394,1123,1517,0.1388
393,1119,1512,0.1388
389,1119,1508,0.1388
395,1125,1520,0.1388
394,1118,1512,0.1388
398,1109,1507,0.1388
390,1108,1498,0.1388
382,1115,1497,0.1388
388,1107,1495,0.1388
389,1117,1506,0.1388
393,1120,1513,0.1388
397,1116,1513,0.1388
404,1108,1512,0.1388
408,1114,1522,0.1388
404,1113,1517,0.1388
407,1115,1522,0.1388
405,1096,1501,0.1388
396,1099,1495,0.1388
395,1102,1497,0.1388
390,1113,1503,0.1388
396,1114,1510,0.1388
395,1113,1508,0.1388
395,1102,1497,0.1388
390,1116,1506,0.1388
398,1121,1519,0.1388
400,1128,1528,0.1388
397,1124,1521,0.1388
397,1117,1514,0.1388
394,1126,1520,0.1388
399,1124,1523,0.1388
395,1120,1515,0.1388
392,1117,1509,0.1388
391,1131,1522,0.1388
397,1121,1518,0.1388
397,1118,1515,0.1388
389,1125,1514,0.1388
389,1127,1516,0.1388
389,1127,1516,0.1388
390,1129,1519,0.1388
387,1125,1512,0.1388
385,1129,1514,0.1388
378,1135,1513,0.1388
380,1130,1510,0.1388
377,1132,1509,0.1388
384,1132,1516,0.1388
379,1138,1517,0.1388
378,1136,1514,0.1388
371,1143,1514,0.1388
377,1138,1515,0.1388
370,1132,1502,0.1388
363,1133,1496,0.1388
368,1140,1508,0.1388
370,1141,1511,0.1388
367,1133,1500,0.1388
365,1130,1495,0.1388
373,1128,1501,0.1388
373,1122,1495,0.1388
371,1127,1498,0.1388
363,1128,1491,0.1388
365,1138,1503,0.1388
362,1132,1494,0.1388
363,1139,1502,0.1388
363,1149,1512,0.1388
361,1157,1518,0.1388
359,1158,1517,0.1388
358,1161,1519,0.1388
359,1167,1526,0.1388
352,1171,1523,0.1388
342,1175,1517,0.1388
336,1166,1502,0.1388
337,1175,1512,0.1388
335,1180,1515,0.1388
338,1181,1519,0.1388
328,1181,1509,0.1388
327,1188,1515,0.1388
329,1196,1525,0.1388
327,1185,1512,0.1388
327,1175,1502,0.1388
327,1177,1504,0.1388
321,1175,1496,0.1388
325,1174,1499,0.1388
326,1178,1504,0.1388
325,1176,1501,0.1388
332,1171,1503,0.1388
332,1170,1502,0.1388
332,1173,1505,0.1388
328,1180,1508,0.1388
324,1195,1519,0.1388
325,1194,1519,0.1388
331,1191,1522,0.1388
326,1200,1526,0.1388
326,1193,1519,0.1388
326,1190,1516,0.1388
327,1187,1514,0.1388
319,1190,1509,0.1388
318,1189,1507,0.1388
320,1193,1513,0.1388
318,1178,1496,0.1388
321,1177,1498,0.1388
326,1171,1497,0.1388
324,1177,1501,0.1388
328,1157,1485,0.1388
331,1169,1500,0.1388
329,1161,1490,0.1388
330,1164,1494,0.1388
334,1164,1498,0.1388
334,1169,1503,0.1388
333,1163,1496,0.1388
327,1166,1493,0.1388
328,1184,1512,0.1388
327,1180,1507,0.1388
324,1197,1521,0.1388
319,1206,1525,0.1388
314,1208,1522,0.1388
317,1207,1524,0.1388
318,1198,1516,0.1388
319,1194,1513,0.1388
314,1192,1506,0.1388
310,1197,1507,0.1388
309,1185,1494,0.1388
301,1190,1491,0.1388
302,1204,1506,0.1388
297,1208,1505,0.1388
297,1219,1516,0.1388
297,1219,1516,0.1388
299,1226,1525,0.1388
293,1221,1514,0.1388
287,1219,1506,0.1388
285,1231,1516,0.1388
288,1229,1517,0.1388
286,1223,1509,0.1388
285,1227,1512,0.1388
282,1231,1513,0.1388
282,1229,1511,0.1388
277,1228,1505,0.1388
278,1241,1519,0.1388
278,1238,1516,0.1388
277,1229,1506,0.1388
279,1234,1513,0.1388
281,1242,1523,0.1388
281,1236,1517,0.1388
282,1252,1534,0.1388
280,1243,1523,0.1388
275,1242,1517,0.1388
275,1233,1508,0.1388
277,1241,1518,0.1388
279,1240,1519,0.1388
281,1238,1519,0.1388
282,1232,1514,0.1388
284,1232,1516,0.1388
281,1235,1516,0.1388
275,1242,1517,0.1388
275,1246,1521,0.1388
267,1248,1515,0.1388
269,1249,1518,0.1388
269,1244,1513,0.1388
260,1245,1505,0.1388
259,1261,1520,0.1388
263,1251,1514,0.1388
264,1244,1508,0.1388
267,1244,1511,0.1388
264,1243,1507,0.1388
263,1244,1507,0.1388
254,1251,1505,0.1388
257,1255,1512,0.1388
261,1245,1506,0.1388
264,1242,1506,0.1388
261,1249,1510,0.1388
257,1254,1511,0.1388
258,1256,1514,0.1388
261,1250,1511,0.1388
261,1250,1511,0.1388
261,1241,1502,0.1388
259,1255,1514,0.1388
262,1258,1520,0.1388
263,1244,1507,0.1388
268,1245,1513,0.1388
265,1251,1516,0.1388
258,1252,1510,0.1388
263,1253,1516,0.1388
258,1265,1523,0.1388
261,1246,1507,0.1388
270,1244,1514,0.1388
263,1248,1511,0.1388
268,1247,1515,0.1388
266,1257,1523,0.1388
267,1254,1521,0.1388
265,1257,1522,0.1388
259,1257,1516,0.1388
259,1266,1525,0.1388
260,1255,1515,0.1388
261,1268,1529,0.1388
256,1261,1517,0.1388
254,1262,1516,0.1388
255,1271,1526,0.1388
259,1252,1511,0.1388
261,1256,1517,0.1388
268,1249,1517,0.1388
267,1249,1516,0.1388
266,1240,1506,0.1388
264,1232,1496,0.1388
265,1242,1507,0.1388
266,1242,1508,0.1388
272,1230,1502,0.1388
269,1240,1509,0.1388
265,1250,1515,0.1388
264,1256,1520,0.1388
257,1252,1509,0.1388
261,1250,1511,0.1388
266,1253,1519,0.1388
264,1245,1509,0.1388
262,1247,1509,0.1388
263,1256,1519,0.1388
257,1259,1516,0.1388
253,1245,1498,0.1388
252,1237,1489,0.1388
254,1245,1499,0.1388
255,1253,1508,0.1388
250,1267,1517,0.1388
251,1268,1519,0.1388
249,1277,1526,0.1388
240,1276,1516,0.1388
240,1272,1512,0.1388
240,1277,1517,0.1388
237,1274,1511,0.1388
237,1276,1513,0.1388
235,1287,1522,0.1388
236,1280,1516,0.1388
234,1274,1508,0.1388
233,1272,1505,0.1388
232,1277,1509,0.1388
225,1289,1514,0.1388
225,1292,1517,0.1388
223,1288,1511,0.1388
224,1284,1508,0.1388
228,1289,1517,0.1388
226,1301,1527,0.1388
226,1291,1517,0.1388
227,1277,1504,0.1388
227,1281,1508,0.1388
225,1290,1515,0.1388
226,1294,1520,0.1388
227,1292,1519,0.1388
226,1294,1520,0.1388
227,1285,1512,0.1388
230,1280,1510,0.1388
233,1284,1517,0.1388
231,1286,1517,0.1388
236,1286,1522,0.1388
234,1289,1523,0.1388
231,1283,1514,0.1388
235,1284,1519,0.1388
238,1280,1518,0.1388
236,1275,1511,0.1388
239,1282,1521,0.1388
237,1284,1521,0.1388
235,1279,1514,0.1388
230,1268,1498,0.1388
226,1256,1482,0.1388
235,1280,1515,0.1388
238,1272,1510,0.1388
240,1269,1509,0.1388
241,1266,1507,0.1388
238,1280,1518,0.1388
237,1281,1518,0.1388
236,1290,1526,0.1388
233,1285,1518,0.1388
231,1286,1517,0.1388
225,1288,1513,0.1388
223,1280,1503,0.1388
224,1280,1504,0.1388
224,1279,1503,0.1388
223,1275,1498,0.1388
221,1290,1511,0.1388
220,1285,1505,0.1388
225,1292,1517,0.1388
216,1297,1513,0.1388
213,1301,1514,0.1388
223,1307,1530,0.1388
221,1306,1527,0.1388
219,1311,1530,0.1388
220,1303,1523,0.1388
217,1307,1524,0.1388
219,1302,1521,0.1388
217,1302,1519,0.1388
219,1295,1514,0.1388
219,1288,1507,0.1388
219,1289,1508,0.1388
223,1298,1521,0.1388
226,1292,1518,0.1388
223,1280,1503,0.1388
228,1283,1511,0.1388
225,1284,1509,0.1388
224,1276,1500,0.1388
226,1268,1494,0.1388
230,1276,1506,0.1388
230,1276,1506,0.1388
225,1279,1504,0.1388
227,1283,1510,0.1388
224,1272,1496,0.1388
229,1282,1511,0.1388
226,1288,1514,0.1388
226,1289,1515,0.1388
223,1299,1522,0.1388
221,1288,1509,0.1388
221,1286,1507,0.1388
219,1288,1507,0.1388
219,1292,1511,0.1388
214,1306,1520,0.1388
219,1308,1527,0.1388
224,1302,1526,0.1388
223,1301,1524,0.1388
221,1300,1521,0.1388
224,1301,1525,0.1388
227,1296,1523,0.1388
219,1281,1500,0.1388
219,1290,1509,0.1388
222,1293,1515,0.1388
222,1297,1519,0.1388
222,1309,1531,0.1388
219,1303,1522,0.1388
216,1300,1516,0.1388
218,1311,1529,0.1388
212,1298,1510,0.1388
216,1307,1523,0.1388
216,1305,1521,0.1388
217,1309,1526,0.1388
215,1323,1538,0.1388
212,1307,1519,0.1388
209,1322,1531,0.1388
208,1307,1515,0.1388
210,1310,1520,0.1388
209,1302,1511,0.1388
211,1302,1513,0.1388
212,1312,1524,0.1388
210,1320,1530,0.1388
210,1300,1510,0.1388
211,1300,1511,0.1388
212,1304,1516,0.1388
215,1294,1509,0.1388
214,1298,1512,0.1388
215,1298,1513,0.1388
215,1295,1510,0.1388
221,1297,1518,0.1388
220,1290,1510,0.1388
218,1298,1516,0.1388
211,1300,1511,0.1388
207,1288,1495,0.1388
205,1286,1491,0.1388
209,1287,1496,0.1388
214,1307,1521,0.1388
210,1300,1510,0.1388
209,1305,1514,0.1388
207,1314,1521,0.1388
209,1303,1512,0.1388
207,1297,1504,0.1388
212,1310,1522,0.1388
210,1302,1512,0.1388
206,1318,1524,0.1388
200,1318,1518,0.1388
203,1312,1515,0.1388
204,1312,1516,0.1388
208,1305,1513,0.1388
209,1301,1510,0.1388
206,1299,1505,0.1388
208,1301,1509,0.1388
204,1308,1512,0.1388
206,1300,1506,0.1388
200,1313,1513,0.1388
198,1314,1512,0.1388
198,1314,1512,0.1388
201,1312,1513,0.1388
202,1315,1517,0.1388
201,1318,1519,0.1388
201,1315,1516,0.1388
201,1313,1514,0.1388
199,1309,1508,0.1388
198,1308,1506,0.1388
201,1313,1514,0.1388
202,1324,1526,0.1388
207,1323,1530,0.1388
205,1307,1512,0.1388
202,1308,1510,0.1388
199,1311,1510,0.1388
201,1299,1500,0.1388
201,1302,1503,0.1388
203,1301,1504,0.1388
198,1319,1517,0.1388
198,1329,1527,0.1388
198,1324,1522,0.1388
193,1333,1526,0.1388
189,1327,1516,0.1388
188,1333,1521,0.1388
185,1334,1519,0.1388
191,1331,1522,0.1388
185,1330,1515,0.1388
181,1331,1512,0.1388
180,1329,1509,0.1388
184,1335,1519,0.1388
184,1319,1503,0.1388
176,1337,1513,0.1388
173,1344,1517,0.1388
174,1337,1511,0.1388
167,1342,1509,0.1388
167,1334,1501,0.1388
166,1338,1504,0.1388
167,1331,1498,0.1388
164,1329,1493,0.1388
171,1339,1510,0.1388
169,1333,1502,0.1388
171,1318,1489,0.1388
173,1326,1499,0.1388
180,1329,1509,0.1388
176,1336,1512,0.1388
176,1333,1509,0.1388
176,1338,1514,0.1388
176,1334,1510,0.1388
174,1338,1512,0.1388
171,1342,1513,0.1388
172,1333,1505,0.1388
175,1333,1508,0.1388
179,1343,1522,0.1388
178,1344,1522,0.1388
179,1354,1533,0.1388
177,1355,1532,0.1388
177,1349,1526,0.1388
181,1339,1520,0.1388
174,1337,1511,0.1388
176,1340,1516,0.1388
178,1335,1513,0.1388
177,1337,1514,0.1388
173,1346,1519,0.1388
170,1352,1522,0.1388
165,1349,1514,0.1388
170,1350,1520,0.1388
171,1337,1508,0.1388
175,1342,1517,0.1388
172,1345,1517,0.1388
173,1346,1519,0.1388
171,1346,1517,0.1388
165,1358,1523,0.1388
164,1343,1507,0.1388
165,1354,1519,0.1388
163,1345,1508,0.1388
166,1346,1512,0.1388
165,1354,1519,0.1388
163,1368,1531,0.1388
162,1354,1516,0.1388
161,1351,1512,0.1388
159,1366,1525,0.1388
163,1362,1525,0.1388
162,1357,1519,0.1388
163,1341,1504,0.1388
159,1348,1507,0.1388
163,1355,1518,0.1388
163,1364,1527,0.1388
162,1364,1526,0.1388
162,1361,1523,0.1388
161,1345,1506,0.1388
163,1341,1504,0.1388
161,1332,1493,0.1388
161,1339,1500,0.1388
164,1346,1510,0.1388
164,1344,1508,0.1388
165,1342,1507,0.1388
161,1342,1503,0.1388
159,1351,1510,0.1388
159,1345,1504,0.1388
161,1358,1519,0.1388
161,1361,1522,0.1388
156,1361,1517,0.1388
156,1358,1514,0.1388
155,1363,1518,0.1388
156,1362,1518,0.1388
153,1357,1510,0.1388
154,1368,1522,0.1388
153,1369,1522,0.1388
156,1366,1522,0.1388
153,1371,1524,0.1388
150,1367,1517,0.1388
151,1374,1525,0.1388
149,1368,1517,0.1388
142,1358,1500,0.1388
143,1365,1508,0.1388
140,1358,1498,0.1388
140,1372,1512,0.1388
138,1391,1529,0.1388
137,1379,1516,0.1388
144,1388,1532,0.1388
145,1384,1529,0.1388
145,1393,1538,0.1388
143,1394,1537,0.1388
140,1387,1527,0.1388
139,1378,1517,0.1388
139,1371,1510,0.1388
136,1377,1513,0.1388
139,1387,1526,0.1388
135,1382,1517,0.1388
133,1391,1524,0.1388
134,1385,1519,0.1388
133,1383,1516,0.1388
134,1382,1516,0.1388
133,1383,1516,0.1388
132,1370,1502,0.1388
132,1382,1514,0.1388
132,1373,1505,0.1388
132,1381,1513,0.1388
130,1373,1503,0.1388
132,1381,1513,0.1388
131,1382,1513,0.1388
131,1376,1507,0.1388
127,1374,1501,0.1388
128,1390,1518,0.1388
128,1399,1527,0.1388
128,1398,1526,0.1388
128,1399,1527,0.1388
124,1398,1522,0.1388
124,1389,1513,0.1388
123,1384,1507,0.1388
127,1394,1521,0.1388
125,1402,1527,0.1388
128,1401,1529,0.1388
126,1402,1528,0.1388
126,1406,1532,0.1388
124,1407,1531,0.1388
123,1391,1514,0.1388
122,1396,1518,0.1388
127,1393,1520,0.1388
127,1384,1511,0.1388
124,1382,1506,0.1388
123,1384,1507,0.1388
121,1381,1502,0.1388
118,1388,1506,0.1388
116,1394,1510,0.1388
115,1388,1503,0.1388
113,1406,1519,0.1388
115,1405,1520,0.1388
114,1385,1499,0.1388
114,1396,1510,0.1388
111,1389,1500,0.1388
112,1409,1521,0.1388
112,1420,1532,0.1388
113,1406,1519,0.1388
111,1410,1521,0.1388
107,1407,1514,0.1388
105,1406,1511,0.1388
106,1405,1511,0.1388
105,1405,1510,0.1388
103,1401,1504,0.1388
104,1413,1517,0.1388
104,1418,1522,0.1388
104,1419,1523,0.1388
104,1414,1518,0.1388
102,1418,1520,0.1388
100,1401,1501,0.1388
96,1408,1504,0.1388
98,1400,1498,0.1388
95,1405,1500,0.1388
94,1421,1515,0.1388
89,1417,1506,0.1388
88,1411,1499,0.1388
85,1410,1495,0.1388
91,1420,1511,0.1388
91,1418,1509,0.1388
94,1425,1519,0.1388
91,1410,1501,0.1388
93,1417,1510,0.1388
90,1418,1508,0.1388
87,1434,1521,0.1388
85,1424,1509,0.1388
88,1436,1524,0.1388
87,1442,1529,0.1388
87,1435,1522,0.1388
88,1433,1521,0.1388
90,1431,1521,0.1388
91,1429,1520,0.1388
90,1439,1529,0.1388
91,1431,1522,0.1388
92,1422,1514,0.1388
92,1428,1520,0.1388
89,1421,1510,0.1388
90,1419,1509,0.1388
88,1422,1510,0.1388
86,1428,1514,0.1388
84,1426,1510,0.1388
83,1430,1513,0.1388
81,1427,1508,0.1388
82,1424,1506,0.1388
79,1417,1496,0.1388
82,1430,1512,0.1388
82,1423,1505,0.1388
83,1445,1528,0.1388
81,1439,1520,0.1388
81,1424,1505,0.1388
84,1411,1495,0.1388
83,1422,1505,0.1388
84,1421,1505,0.1388
83,1425,1508,0.1388
80,1429,1509,0.1388
80,1449,1529,0.1388
78,1449,1527,0.1388
79,1433,1512,0.1388
79,1441,1520,0.1388
80,1437,1517,0.1388
84,1444,1528,0.1388
82,1439,1521,0.1388
82,1444,1526,0.1388
84,1443,1527,0.1388
84,1437,1521,0.1388
84,1447,1531,0.1388
85,1444,1529,0.1388
86,1441,1527,0.1388
85,1442,1527,0.1388
83,1431,1514,0.1388
83,1447,1530,0.1388
86,1439,1525,0.1388
85,1442,1527,0.1388
85,1445,1530,0.1388
83,1434,1517,0.1388
82,1422,1504,0.1388
81,1435,1516,0.1388
87,1430,1517,0.1388
87,1435,1522,0.1388
85,1426,1511,0.1388
82,1433,1515,0.1388
80,1432,1512,0.1388
82,1433,1515,0.1388
80,1426,1506,0.1388
82,1431,1513,0.1388
82,1426,1508,0.1388
83,1432,1515,0.1388
85,1427,1512,0.1388
82,1424,1506,0.1388
85,1415,1500,0.1388
85,1419,1504,0.1388
83,1421,1504,0.1388
82,1420,1502,0.1388
82,1426,1508,0.1388
81,1426,1507,0.1388
82,1429,1511,0.1388
83,1427,1510,0.1388
84,1427,1511,0.1388
84,1423,1507,0.1388
83,1415,1498,0.1388
83,1417,1500,0.1388
82,1424,1506,0.1388
80,1438,1518,0.1388
80,1433,1513,0.1388
80,1437,1517,0.1388
80,1427,1507,0.1388
77,1423,1500,0.1388
78,1434,1512,0.1388
79,1440,1519,0.1388
77,1440,1517,0.1388
76,1453,1529,0.1388
78,1439,1517,0.1388
77,1451,1528,0.1388
75,1453,1528,0.1388
73,1450,1523,0.1388
68,1450,1518,0.1388
69,1451,1520,0.1388
70,1441,1511,0.1388
69,1455,1524,0.1388
70,1455,1525,0.1388
69,1447,1516,0.1388
69,1454,1523,0.1388
67,1466,1533,0.1388
68,1453,1521,0.1388
66,1449,1515,0.1388
63,1440,1503,0.1388
66,1436,1502,0.1388
68,1446,1514,0.1388
70,1446,1516,0.1388
70,1458,1528,0.1388
68,1461,1529,0.1388
69,1462,1531,0.1388
69,1456,1525,0.1388
71,1460,1531,0.1388
74,1459,1533,0.1388
73,1448,1521,0.1388
70,1448,1518,0.1388
68,1440,1508,0.1388
69,1440,1509,0.1388
69,1444,1513,0.1388
69,1434,1503,0.1388
69,1447,1516,0.1388
68,1454,1522,0.1388
69,1456,1525,0.1388
69,1456,1525,0.1388
69,1459,1528,0.1388
70,1444,1514,0.1388
72,1448,1520,0.1388
73,1426,1499,0.1388
71,1429,1500,0.1388
76,1430,1506,0.1388
73,1435,1508,0.1388
72,1450,1522,0.1388
72,1444,1516,0.1388
73,1447,1520,0.1388
73,1446,1519,0.1388
73,1435,1508,0.1388
71,1431,1502,0.1388
69,1422,1491,0.1388
71,1425,1496,0.1388
68,1438,1506,0.1388
69,1447,1516,0.1388
68,1453,1521,0.1388
69,1444,1513,0.1388
66,1449,1515,0.1388
65,1453,1518,0.1388
62,1445,1507,0.1388
63,1453,1516,0.1388
68,1443,1511,0.1388
71,1461,1532,0.1388
70,1456,1526,0.1388
70,1465,1535,0.1388
70,1458,1528,0.1388
68,1454,1522,0.1388
62,1459,1521,0.1388
63,1460,1523,0.1388
65,1447,1512,0.1388
63,1453,1516,0.1388
65,1455,1520,0.1388
65,1458,1523,0.1388
67,1453,1520,0.1388
67,1453,1520,0.1388
67,1439,1506,0.1388
69,1433,1502,0.1388
67,1436,1503,0.1388
66,1436,1502,0.1388
65,1451,1516,0.1388
68,1437,1505,0.1388
70,1433,1503,0.1388
70,1427,1497,0.1388
71,1428,1499,0.1388
71,1429,1500,0.1388
73,1433,1506,0.1388
74,1425,1499,0.1388
74,1431,1505,0.1388
71,1433,1504,0.1388
68,1436,1504,0.1388
70,1435,1505,0.1388
69,1444,1513,0.1388
69,1437,1506,0.1388
66,1433,1499,0.1388
67,1439,1506,0.1388
63,1439,1502,0.1388
64,1443,1507,0.1388
64,1445,1509,0.1388
62,1440,1502,0.1388
62,1453,1515,0.1388
61,1473,1534,0.1388
62,1456,1518,0.1388
61,1438,1499,0.1388
64,1447,1511,0.1388
65,1447,1512,0.1388
63,1446,1509,0.1388
65,1453,1518,0.1388
64,1450,1514,0.1388
63,1452,1515,0.1388
63,1454,1517,0.1388
65,1457,1522,0.1388
70,1462,1532,0.1388
71,1454,1525,0.1388
71,1456,1527,0.1388
71,1451,1522,0.1388
72,1450,1522,0.1388
70,1442,1512,0.1388
73,1439,1512,0.1388
74,1440,1514,0.1388
71,1445,1516,0.1388
72,1439,1511,0.1388
74,1428,1502,0.1388
73,1428,1501,0.1388
72,1430,1502,0.1388
72,1426,1498,0.1388
70,1420,1490,0.1388
71,1435,1506,0.1388
71,1447,1518,0.1388
71,1434,1505,0.1388
69,1436,1505,0.1388
70,1442,1512,0.1388
69,1438,1507,0.1388
69,1457,1526,0.1388
68,1449,1517,0.1388
62,1449,1511,0.1388
65,1444,1509,0.1388
66,1444,1510,0.1388
67,1450,1517,0.1388
67,1454,1521,0.1388
70,1450,1520,0.1388
69,1453,1522,0.1388
67,1453,1520,0.1388
65,1444,1509,0.1388
67,1455,1522,0.1388
65,1450,1515,0.1388
64,1448,1512,0.1388
64,1443,1507,0.1388
64,1456,1520,0.1388
67,1460,1527,0.1388
64,1462,1526,0.1388
63,1452,1515,0.1388
64,1447,1511,0.1388
65,1450,1515,0.1388
64,1453,1517,0.1388
64,1453,1517,0.1388
62,1459,1521,0.1388
63,1459,1522,0.1388
62,1463,1525,0.1388
62,1465,1527,0.1388
62,1449,1511,0.1388
62,1447,1509,0.1388
63,1448,1511,0.1388
65,1450,1515,0.1388
66,1456,1522,0.1388
64,1468,1532,0.1388
64,1464,1528,0.1388
64,1467,1531,0.1388
65,1462,1527,0.1388
66,1454,1520,0.1388
64,1459,1523,0.1388
62,1451,1513,0.1388
63,1451,1514,0.1388
63,1428,1491,0.1388
62,1445,1507,0.1388
64,1453,1517,0.1388
64,1462,1526,0.1388
64,1472,1536,0.1388
65,1464,1529,0.1388
64,1450,1514,0.1388
60,1460,1520,0.1388
60,1452,1512,0.1388
62,1457,1519,0.1388
63,1455,1518,0.1388
61,1451,1512,0.1388
58,1453,1511,0.1388
58,1457,1515,0.1388
60,1459,1519,0.1388
59,1471,1530,0.1388
57,1478,1535,0.1388
55,1468,1523,0.1388
54,1465,1519,0.1388
53,1465,1518,0.1388
54,1467,1521,0.1388
54,1465,1519,0.1388
54,1460,1514,0.1388
52,1451,1503,0.1388
53,1463,1516,0.1388
53,1465,1518,0.1388
54,1455,1509,0.1388
56,1453,1509,0.1388
57,1450,1507,0.1388
55,1456,1511,0.1388
56,1460,1516,0.1388
58,1449,1507,0.1388
59,1459,1518,0.1388
56,1458,1514,0.1388
58,1461,1519,0.1388
60,1464,1524,0.1388
59,1456,1515,0.1388
58,1453,1511,0.1388
55,1458,1513,0.1388
57,1463,1520,0.1388
57,1463,1520,0.1388
56,1451,1507,0.1388
55,1453,1508,0.1388
55,1459,1514,0.1388
53,1471,1524,0.1388
54,1465,1519,0.1388
54,1456,1510,0.1388
54,1466,1520,0.1388
53,1463,1516,0.1388
54,1472,1526,0.1388
49,1460,1509,0.1388
49,1462,1511,0.1388
53,1471,1524,0.1388
50,1479,1529,0.1388
48,1471,1519,0.1388
45,1474,1519,0.1388
47,1480,1527,0.1388
48,1459,1507,0.1388
47,1456,1503,0.1388
47,1459,1506,0.1388
49,1461,1510,0.1388
50,1460,1510,0.1388
49,1452,1501,0.1388
48,1454,1502,0.1388
50,1456,1506,0.1388
46,1454,1500,0.1388
47,1457,1504,0.1388
47,1451,1498,0.1388
48,1453,1501,0.1388
47,1456,1503,0.1388
49,1461,1510,0.1388
51,1453,1504,0.1388
51,1467,1518,0.1388
51,1476,1527,0.1388
52,1485,1537,0.1388
53,1473,1526,0.1388
53,1466,1519,0.1388
51,1470,1521,0.1388
51,1466,1517,0.1388
52,1462,1514,0.1388
51,1450,1501,0.1388
50,1459,1509,0.1388
48,1465,1513,0.1388
46,1473,1519,0.1388
47,1475,1522,0.1388
47,1460,1507,0.1388
47,1466,1513,0.1388
47,1460,1507,0.1388
49,1466,1515,0.1388
49,1447,1496,0.1388
50,1458,1508,0.1388
50,1451,1501,0.1388
47,1454,1501,0.1388
46,1457,1503,0.1388
47,1467,1514,0.1388
47,1469,1516,0.1388
47,1470,1517,0.1388
48,1475,1523,0.1388
50,1470,1520,0.1388
49,1467,1516,0.1388
47,1470,1517,0.1388
47,1475,1522,0.1388
47,1478,1525,0.1388
48,1477,1525,0.1388
48,1485,1533,0.1388
48,1477,1525,0.1388
47,1465,1512,0.1388
48,1472,1520,0.1388
46,1470,1516,0.1388
45,1472,1517,0.1388
46,1465,1511,0.1388
46,1470,1516,0.1388
45,1464,1509,0.1388
46,1478,1524,0.1388
46,1488,1534,0.1388
45,1474,1519,0.1388
46,1468,1514,0.1388
46,1472,1518,0.1388
46,1473,1519,0.1388
46,1462,1508,0.1388
43,1470,1513,0.1388
44,1464,1508,0.1388
45,1477,1522,0.1388
44,1475,1519,0.1388
45,1474,1519,0.1388
45,1473,1518,0.1388
44,1466,1510,0.1388
44,1471,1515,0.1388
43,1469,1512,0.1388
41,1480,1521,0.1388
41,1472,1513,0.1388
43,1472,1515,0.1388
43,1485,1528,0.1388
42,1482,1524,0.1388
37,1489,1526,0.1388
36,1489,1525,0.1388
36,1497,1533,0.1388
36,1486,1522,0.1388
37,1478,1515,0.1388
37,1481,1518,0.1388
39,1471,1510,0.1388
37,1479,1516,0.1388
39,1483,1522,0.1388
39,1475,1514,0.1388
38,1482,1520,0.1388
40,1474,1514,0.1388
39,1482,1521,0.1388
40,1481,1521,0.1388
39,1466,1505,0.1388
38,1472,1510,0.1388
36,1481,1517,0.1388
35,1476,1511,0.1388
37,1473,1510,0.1388
37,1481,1518,0.1388
37,1483,1520,0.1388
37,1482,1519,0.1388
34,1487,1521,0.1388
36,1477,1513,0.1388
36,1482,1518,0.1388
34,1495,1529,0.1388
34,1495,1529,0.1388
33,1475,1508,0.1388
33,1470,1503,0.1388
31,1481,1512,0.1388
31,1491,1522,0.1388
32,1490,1522,0.1388
33,1479,1512,0.1388
34,1472,1506,0.1388
33,1470,1503,0.1388
34,1474,1508,0.1388
35,1480,1515,0.1388
35,1481,1516,0.1388
33,1475,1508,0.1388
34,1475,1509,0.1388
33,1484,1517,0.1388
31,1487,1518,0.1388
31,1481,1512,0.1388
30,1490,1520,0.1388
31,1486,1517,0.1388
30,1487,1517,0.1388
32,1491,1523,0.1388
32,1489,1521,0.1388
33,1491,1524,0.1388
32,1480,1512,0.1388
33,1484,1517,0.1388
32,1495,1527,0.1388
30,1500,1530,0.1388
31,1496,1527,0.1388
31,1487,1518,0.1388
30,1488,1518,0.1388
31,1484,1515,0.1388
31,1485,1516,0.1388
30,1487,1517,0.1388
30,1471,1501,0.1388
29,1484,1513,0.1388
28,1480,1508,0.1388
27,1484,1511,0.1388
28,1488,1516,0.1388
30,1495,1525,0.1388
27,1496,1523,0.1388
27,1492,1519,0.1388
26,1498,1524,0.1388
27,1502,1529,0.1388
27,1502,1529,0.1388
26,1502,1528,0.1388
25,1500,1525,0.1388
25,1498,1523,0.1388
25,1491,1516,0.1388
25,1488,1513,0.1388
26,1481,1507,0.1388
25,1486,1511,0.1388
25,1491,1516,0.1388
24,1498,1522,0.1388
25,1501,1526,0.1388
23,1490,1513,0.1388
23,1500,1523,0.1388
23,1502,1525,0.1388
22,1510,1532,0.1388
21,1499,1520,0.1388
22,1489,1511,0.1388
20,1508,1528,0.1388
18,1503,1521,0.1388
17,1487,1504,0.1388
17,1492,1509,0.1388
16,1501,1517,0.1388
16,1492,1508,0.1388
16,1481,1497,0.1388
18,1506,1524,0.1388
18,1497,1515,0.1388
19,1506,1525,0.1388
19,1498,1517,0.1388
20,1497,1517,0.1388
20,1506,1526,0.1388
19,1512,1531,0.1388
21,1506,1527,0.1388
19,1500,1519,0.1388
20,1490,1510,0.1388
20,1496,1516,0.1388
21,1498,1519,0.1388
20,1495,1515,0.1388
21,1503,1524,0.1388
21,1500,1521,0.1388
21,1511,1532,0.1388
20,1505,1525,0.1388
20,1519,1539,0.1388
20,1515,1535,0.1388
21,1505,1526,0.1388
21,1490,1511,0.1388
21,1499,1520,0.1388
21,1505,1526,0.1388
22,1500,1522,0.1388
22,1502,1524,0.1388
23,1487,1510,0.1388
22,1492,1514,0.1388
22,1502,1524,0.1388
23,1493,1516,0.1388
23,1486,1509,0.1388
23,1493,1516,0.1388
24,1484,1508,0.1388
24,1485,1509,0.1388
24,1480,1504,0.1388
25,1482,1507,0.1388
25,1489,1514,0.1388
25,1495,1520,0.1388
24,1491,1515,0.1388
22,1487,1509,0.1388
23,1485,1508,0.1388
22,1491,1513,0.1388
23,1488,1511,0.1388
24,1495,1519,0.1388
24,1501,1525,0.1388
23,1491,1514,0.1388
24,1484,1508,0.1388
24,1475,1499,0.1388
24,1480,1504,0.1388
23,1483,1506,0.1388
22,1479,1501,0.1388
22,1486,1508,0.1388
20,1491,1511,0.1388
21,1493,1514,0.1388
21,1498,1519,0.1388
21,1491,1512,0.1388
20,1493,1513,0.1388
19,1490,1509,0.1388
22,1485,1507,0.1388
21,1506,1527,0.1388
23,1499,1522,0.1388
21,1509,1530,0.1388
20,1508,1528,0.1388
20,1501,1521,0.1388
19,1489,1508,0.1388
19,1498,1517,0.1388
17,1496,1513,0.1388
18,1488,1506,0.1388
18,1483,1501,0.1388
17,1488,1505,0.1388
16,1483,1499,0.1388
17,1476,1493,0.1388
17,1479,1496,0.1388
17,1489,1506,0.1388
16,1501,1517,0.1388
16,1498,1514,0.1388
16,1504,1520,0.1388
17,1499,1516,0.1388
17,1500,1517,0.1388
19,1486,1505,0.1388
20,1483,1503,0.1388
20,1494,1514,0.1388
20,1495,1515,0.1388
19,1509,1528,0.1388
19,1501,1520,0.1388
19,1500,1519,0.1388
19,1502,1521,0.1388
19,1511,1530,0.1388
17,1494,1511,0.1388
17,1496,1513,0.1388
17,1491,1508,0.1388
16,1484,1500,0.1388
16,1489,1505,0.1388
16,1513,1529,0.1388
16,1506,1522,0.1388
15,1501,1516,0.1388
16,1484,1500,0.1388
15,1480,1495,0.1388
17,1490,1507,0.1388
17,1494,1511,0.1388
17,1487,1504,0.1388
18,1494,1512,0.1388
18,1507,1525,0.1388
16,1504,1520,0.1388
16,1494,1510,0.1388
16,1488,1504,0.1388
16,1492,1508,0.1388
16,1495,1511,0.1388
17,1500,1517,0.1388
17,1502,1519,0.1388
18,1493,1511,0.1388
18,1493,1511,0.1388
17,1502,1519,0.1388
17,1507,1524,0.1388
16,1503,1519,0.1388
16,1498,1514,0.1388
18,1497,1515,0.1388
18,1500,1518,0.1388
17,1503,1520,0.1388
18,1507,1525,0.1388
18,1505,1523,0.1388
18,1507,1525,0.1388
18,1506,1524,0.1388
18,1509,1527,0.1388
17,1508,1525,0.1388
17,1499,1516,0.1388
17,1508,1525,0.1388
16,1504,1520,0.1388
13,1492,1505,0.1388
12,1493,1505,0.1388
11,1496,1507,0.1388
11,1506,1517,0.1388
11,1502,1513,0.1388
13,1504,1517,0.1388
13,1495,1508,0.1388
12,1495,1507,0.1388
11,1494,1505,0.1388
11,1501,1512,0.1388
11,1507,1518,0.1388
13,1493,1506,0.1388
13,1484,1497,0.1388
14,1501,1515,0.1388
15,1501,1516,0.1388
15,1502,1517,0.1388
15,1501,1516,0.1388
15,1501,1516,0.1388
16,1499,1515,0.1388
16,1486,1502,0.1388
17,1498,1515,0.1388
15,1484,1499,0.1388
14,1487,1501,0.1388
14,1480,1494,0.1388
16,1478,1494,0.1388
16,1480,1496,0.1388
16,1483,1499,0.1388
16,1487,1503,0.1388
15,1485,1500,0.1388
14,1493,1507,0.1388
14,1504,1518,0.1388
14,1501,1515,0.1388
14,1496,1510,0.1388
13,1487,1500,0.1388
14,1496,1510,0.1388
14,1499,1513,0.1388
14,1499,1513,0.1388
14,1506,1520,0.1388
14,1518,1532,0.1388
10,1512,1522,0.1388
10,1509,1519,0.1388
10,1510,1520,0.1388
10,1515,1525,0.1388
11,1513,1524,0.1388
11,1507,1518,0.1388
12,1504,1516,0.1388
11,1506,1517,0.1388
12,1499,1511,0.1388
11,1511,1522,0.1388
11,1503,1514,0.1388
11,1495,1506,0.1388
11,1499,1510,0.1388
11,1496,1507,0.1388
11,1493,1504,0.1388
11,1486,1497,0.1388
11,1498,1509,0.1388
11,1497,1508,0.1388
12,1500,1512,0.1388
12,1491,1503,0.1388
12,1486,1498,0.1388
11,1489,1500,0.1388
11,1486,1497,0.1388
11,1499,1510,0.1388
12,1497,1509,0.1388
12,1500,1512,0.1388
13,1499,1512,0.1388
13,1506,1519,0.1388
12,1504,1516,0.1388
12,1492,1504,0.1388
12,1491,1503,0.1388
12,1503,1515,0.1388
12,1505,1517,0.1388
12,1490,1502,0.1388
12,1492,1504,0.1388
10,1509,1519,0.1388
10,1511,1521,0.1388
9,1513,1522,0.1388
9,1504,1513,0.1388
8,1510,1518,0.1388
8,1511,1519,0.1388
8,1509,1517,0.1388
7,1511,1518,0.1388
7,1504,1511,0.1388
6,1508,1514,0.1388
6,1503,1509,0.1388
6,1502,1508,0.1388
6,1508,1514,0.1388
6,1515,1521,0.1388
5,1514,1519,0.1388
5,1509,1514,0.1388
5,1527,1532,0.1388
5,1520,1525,0.1388
5,1524,1529,0.1388
5,1521,1526,0.1388
5,1516,1521,0.1388
5,1520,1525,0.1388
5,1524,1529,0.1388
5,1514,1519,0.1388
5,1510,1515,0.1388
5,1506,1511,0.1388
5,1499,1504,0.1388
5,1497,1502,0.1388
5,1497,1502,0.1388
5,1504,1509,0.1388
4,1517,1521,0.1388
4,1514,1518,0.1388
5,1515,1520,0.1388
4,1515,1519,0.1388
5,1521,1526,0.1388
6,1513,1519,0.1388
6,1522,1528,0.1388
6,1524,1530,0.1388
6,1519,1525,0.1388
6,1526,1532,0.1388
6,1519,1525,0.1388
6,1514,1520,0.1388
6,1508,1514,0.1388
6,1502,1508,0.1388
6,1512,1518,0.1388
6,1501,1507,0.1388
6,1493,1499,0.1388
6,1485,1491,0.1388
6,1497,1503,0.1388
6,1501,1507,0.1388
5,1496,1501,0.1388
6,1500,1506,0.1388
6,1509,1515,0.1388
6,1520,1526,0.1388
6,1518,1524,0.1388
6,1527,1533,0.1388
6,1518,1524,0.1388
6,1509,1515,0.1388
6,1506,1512,0.1388
6,1511,1517,0.1388
6,1512,1518,0.1388
5,1500,1505,0.1388
5,1498,1503,0.1388
5,1499,1504,0.1388
5,1507,1512,0.1388
5,1512,1517,0.1388
5,1509,1514,0.1388
5,1496,1501,0.1388
5,1487,1492,0.1388
5,1489,1494,0.1388
5,1502,1507,0.1388
5,1506,1511,0.1388
5,1505,1510,0.1388
5,1518,1523,0.1388
5,1512,1517,0.1388
4,1502,1506,0.1388
3,1506,1509,0.1388
2,1504,1506,0.1388
2,1500,1502,0.1388
2,1504,1506,0.1388
2,1485,1487,0.1388
2,1500,1502,0.1388
2,1518,1520,0.1388
2,1523,1525,0.1388
2,1521,1523,0.1388
2,1516,1518,0.1388
1,1520,1521,0.1388
1,1509,1510,0.1388
1,1530,1531,0.1388
1,1518,1519,0.1388
1,1519,1520,0.1388
1,1525,1526,0.1388
1,1532,1533,0.1388
1,1530,1531,0.1388
1,1520,1521,0.1388
1,1516,1517,0.1388
1,1519,1520,0.1388
1,1513,1514,0.1388
1,1509,1510,0.1388
1,1523,1524,0.1388
1,1516,1517,0.1388
1,1509,1510,0.1388
1,1506,1507,0.1388
1,1509,1510,0.1388
1,1520,1521,0.1388
1,1508,1509,0.1388
1,1500,1501,0.1388
1,1516,1517,0.1388
2,1509,1511,0.1388
2,1504,1506,0.1388
2,1503,1505,0.1388
2,1521,1523,0.1388
2,1517,1519,0.1388
1,1510,1511,0.1388
1,1523,1524,0.1388
1,1527,1528,0.1388
1,1512,1513,0.1388
1,1498,1499,0.1388
1,1503,1504,0.1388
1,1494,1495,0.1388
1,1519,1520,0.1388
1,1508,1509,0.1388
1,1494,1495,0.1388
1,1496,1497,0.1388
1,1518,1519,0.1388
1,1523,1524,0.1388
1,1514,1515,0.1388
1,1517,1518,0.1388
1,1516,1517,0.1388
1,1521,1522,0.1388
1,1518,1519,0.1388
1,1523,1524,0.1388
1,1527,1528,0.1388
1,1517,1518,0.1388
1,1529,1530,0.1388
1,1537,1538,0.1388
1,1522,1523,0.1388
1,1523,1524,0.1388
1,1528,1529,0.1388
1,1530,1531,0.1388
1,1525,1526,0.1388
1,1525,1526,0.1388
1,1535,1536,0.1388
1,1531,1532,0.1388
1,1510,1511,0.1388
1,1518,1519,0.1388
1,1507,1508,0.1388
1,1515,1516,0.1388
1,1521,1522,0.1388
1,1518,1519,0.1388
1,1514,1515,0.1388
1,1519,1520,0.1388
1,1523,1524,0.1388
1,1516,1517,0.1388
2,1521,1523,0.1388
3,1504,1507,0.1388
3,1515,1518,0.1388
3,1511,1514,0.1388
2,1516,1518,0.1388
2,1513,1515,0.1388
2,1513,1515,0.1388
2,1522,1524,0.1388
2,1523,1525,0.1388
2,1521,1523,0.1388
2,1519,1521,0.1388
2,1515,1517,0.1388
2,1519,1521,0.1388
1,1519,1520,0.1388
1,1520,1521,0.1388
1,1529,1530,0.1388
1,1520,1521,0.1388
1,1516,1517,0.1388
1,1517,1518,0.1388
1,1514,1515,0.1388
1,1528,1529,0.1388
1,1526,1527,0.1388
1,1505,1506,0.1388
1,1497,1498,0.1388
1,1510,1511,0.1388
1,1529,1530,0.1388
1,1523,1524,0.1388
1,1517,1518,0.1388
1,1523,1524,0.1388
1,1512,1513,0.1388
1,1507,1508,0.1388
1,1509,1510,0.1388
3,1506,1509,0.1388
3,1508,1511,0.1388
3,1515,1518,0.1388
3,1504,1507,0.1388
3,1503,1506,0.1388
3,1498,1501,0.1388
3,1489,1492,0.1388
3,1500,1503,0.1388
3,1492,1495,0.1388
3,1496,1499,0.1388
3,1495,1498,0.1388
3,1487,1490,0.1388
3,1508,1511,0.1388
3,1507,1510,0.1388
3,1512,1515,0.1388
3,1509,1512,0.1388
3,1510,1513,0.1388
3,1507,1510,0.1388
3,1513,1516,0.1388
3,1500,1503,0.1388
3,1522,1525,0.1388
3,1531,1534,0.1388
3,1514,1517,0.1388
3,1511,1514,0.1388
4,1508,1512,0.1388
4,1505,1509,0.1388
4,1505,1509,0.1388
3,1511,1514,0.1388
2,1512,1514,0.1388
2,1524,1526,0.1388
2,1513,1515,0.1388
2,1515,1517,0.1388
2,1518,1520,0.1388
2,1520,1522,0.1388
2,1517,1519,0.1388
2,1514,1516,0.1388
2,1517,1519,0.1388
2,1511,1513,0.1388
1,1520,1521,0.1388
1,1503,1504,0.1388
1,1501,1502,0.1388
1,1511,1512,0.1388
1,1505,1506,0.1388
1,1508,1509,0.1388
1,1510,1511,0.1388
1,1518,1519,0.1388
1,1516,1517,0.1388
1,1521,1522,0.1388
1,1517,1518,0.1388
1,1520,1521,0.1388
1,1515,1516,0.1388
1,1530,1531,0.1388
1,1526,1527,0.1388
1,1523,1524,0.1388
1,1528,1529,0.1388
1,1529,1530,0.1388
1,1525,1526,0.1388
1,1507,1508,0.1388
1,1504,1505,0.1388
1,1517,1518,0.1388
1,1515,1516,0.1388
1,1528,1529,0.1388
1,1522,1523,0.1388
1,1517,1518,0.1388
1,1521,1522,0.1388
1,1517,1518,0.1388
1,1508,1509,0.1388
1,1508,1509,0.1388
1,1508,1509,0.1388
1,1515,1516,0.1388
1,1502,1503,0.1388
1,1507,1508,0.1388
1,1518,1519,0.1388
1,1512,1513,0.1388
1,1512,1513,0.1388
2,1526,1528,0.1388
2,1521,1523,0.1388
2,1528,1530,0.1388
2,1526,1528,0.1388
2,1519,1521,0.1388
2,1523,1525,0.1388
2,1521,1523,0.1388
2,1515,1517,0.1388
2,1501,1503,0.1388
2,1515,1517,0.1388
2,1511,1513,0.1388
1,1502,1503,0.1388
1,1508,1509,0.1388
1,1522,1523,0.1388
1,1524,1525,0.1388
1,1523,1524,0.1388
1,1514,1515,0.1388
1,1526,1527,0.1388
1,1515,1516,0.1388
1,1528,1529,0.1388
1,1513,1514,0.1388
0,1508,1508,0.1388
