1372,29,1401,0.1388
1412,31,1443,0.1388
1429,34,1463,0.1388
1447,35,1482,0.1388
1452,37,1489,0.1388
1460,39,1499,0.1388
1479,41,1520,0.1388
1470,41,1511,0.1388
1476,44,1520,0.1388
1472,42,1514,0.1388
1470,41,1511,0.1388
1475,41,1516,0.1388
1470,39,1509,0.1388
1458,42,1500,0.1388
1443,42,1485,0.1388
1439,48,1487,0.1388
1440,47,1487,0.1388
1442,46,1488,0.1388
1436,46,1482,0.1388
1447,46,1493,0.1388
1453,45,1498,0.1388
1442,46,1488,0.1388
1450,48,1498,0.1388
1444,50,1494,0.1388
1447,52,1499,0.1388
1454,55,1509,0.1388
1446,55,1501,0.1388
1439,55,1494,0.1388
1434,59,1493,0.1388
1439,61,1500,0.1388
1433,64,1497,0.1388
1430,66,1496,0.1388
1417,64,1481,0.1388
1424,66,1490,0.1388
1416,67,1483,0.1388
1423,65,1488,0.1388
1426,68,1494,0.1388
1419,69,1488,0.1388
1416,72,1488,0.1388
1413,74,1487,0.1388
1420,75,1495,0.1388
1414,79,1493,0.1388
1411,78,1489,0.1388
1416,77,1493,0.1388
1422,79,1501,0.1388
1425,76,1501,0.1388
1418,77,1495,0.1388
1409,78,1487,0.1388
1417,79,1496,0.1388
1402,80,1482,0.1388
1415,82,1497,0.1388
1425,81,1506,0.1388
1428,75,1503,0.1388
1420,76,1496,0.1388
1421,75,1496,0.1388
1419,75,1494,0.1388
1423,75,1498,0.1388
1418,72,1490,0.1388
1405,78,1483,0.1388
1413,75,1488,0.1388
1419,79,1498,0.1388
1417,81,1498,0.1388
1413,86,1499,0.1388
1413,83,1496,0.1388
1414,82,1496,0.1388
1414,81,1495,0.1388
1421,81,1502,0.1388
1424,83,1507,0.1388
1420,82,1502,0.1388
1418,83,1501,0.1388
1425,81,1506,0.1388
1432,79,1511,0.1388
1421,79,1500,0.1388
1426,80,1506,0.1388
1432,80,1512,0.1388
1425,79,1504,0.1388
1422,78,1500,0.1388
1417,78,1495,0.1388
1407,81,1488,0.1388
1398,83,1481,0.1388
1399,83,1482,0.1388
1399,81,1480,0.1388
1409,82,1491,0.1388
1415,85,1500,0.1388
1423,82,1505,0.1388
1416,84,1500,0.1388
1415,85,1500,0.1388
1416,84,1500,0.1388
1411,85,1496,0.1388
1406,82,1488,0.1388
1408,83,1491,0.1388
1412,80,1492,0.1388
1425,82,1507,0.1388
1423,82,1505,0.1388
1417,82,1499,0.1388
1425,82,1507,0.1388
1418,81,1499,0.1388
1429,78,1507,0.1388
1425,77,1502,0.1388
1427,76,1503,0.1388
1439,77,1516,0.1388
1441,77,1518,0.1388
1435,70,1505,0.1388
1425,73,1498,0.1388
1427,74,1501,0.1388
1414,74,1488,0.1388
1415,78,1493,0.1388
1406,82,1488,0.1388
1395,81,1476,0.1388
1403,79,1482,0.1388
1410,82,1492,0.1388
1405,82,1487,0.1388
1415,79,1494,0.1388
1412,82,1494,0.1388
1406,84,1490,0.1388
1403,84,1487,0.1388
1397,87,1484,0.1388
1400,85,1485,0.1388
1407,88,1495,0.1388
1404,89,1493,0.1388
1396,91,1487,0.1388
1404,92,1496,0.1388
1408,90,1498,0.1388
1407,92,1499,0.1388
1389,86,1475,0.1388
1401,86,1487,0.1388
1406,85,1491,0.1388
1406,84,1490,0.1388
1396,90,1486,0.1388
1396,90,1486,0.1388
1397,89,1486,0.1388
1391,88,1479,0.1388
1400,93,1493,0.1388
1399,95,1494,0.1388
1401,97,1498,0.1388
1407,100,1507,0.1388
1398,99,1497,0.1388
1395,101,1496,0.1388
1391,102,1493,0.1388
1384,98,1482,0.1388
1372,104,1476,0.1388
1371,106,1477,0.1388
1374,103,1477,0.1388
1377,106,1483,0.1388
1402,108,1510,0.1388
1409,106,1515,0.1388
1408,108,1516,0.1388
1409,109,1518,0.1388
1407,105,1512,0.1388
1390,105,1495,0.1388
1391,103,1494,0.1388
1378,108,1486,0.1388
1374,114,1488,0.1388
1382,113,1495,0.1388
1389,114,1503,0.1388
1390,113,1503,0.1388
1396,114,1510,0.1388
1398,115,1513,0.1388
1386,116,1502,0.1388
1380,118,1498,0.1388
1389,117,1506,0.1388
1385,115,1500,0.1388
1380,112,1492,0.1388
1372,112,1484,0.1388
1376,112,1488,0.1388
1395,113,1508,0.1388
1391,112,1503,0.1388
1397,114,1511,0.1388
1400,115,1515,0.1388
1399,115,1514,0.1388
1393,110,1503,0.1388
1386,113,1499,0.1388
1376,114,1490,0.1388
1372,116,1488,0.1388
1375,116,1491,0.1388
1384,118,1502,0.1388
1374,116,1490,0.1388
1369,118,1487,0.1388
1372,119,1491,0.1388
1375,121,1496,0.1388
1374,118,1492,0.1388
1374,117,1491,0.1388
1374,116,1490,0.1388
1386,112,1498,0.1388
1374,108,1482,0.1388
1375,111,1486,0.1388
1387,112,1499,0.1388
1388,116,1504,0.1388
1370,118,1488,0.1388
1360,116,1476,0.1388
1359,119,1478,0.1388
1362,115,1477,0.1388
1357,116,1473,0.1388
1355,115,1470,0.1388
1356,114,1470,0.1388
1362,116,1478,0.1388
1359,115,1474,0.1388
1372,116,1488,0.1388
1370,118,1488,0.1388
1378,118,1496,0.1388
1369,116,1485,0.1388
1385,121,1506,0.1388
1387,122,1509,0.1388
1378,128,1506,0.1388
1367,125,1492,0.1388
1374,123,1497,0.1388
1377,121,1498,0.1388
1373,125,1498,0.1388
1369,128,1497,0.1388
1368,127,1495,0.1388
1375,127,1502,0.1388
1384,124,1508,0.1388
1373,127,1500,0.1388
1360,126,1486,0.1388
1366,125,1491,0.1388
1366,123,1489,0.1388
1374,121,1495,0.1388
1366,125,1491,0.1388
1373,126,1499,0.1388
1366,123,1489,0.1388
1368,127,1495,0.1388
1361,131,1492,0.1388
1364,133,1497,0.1388
1371,130,1501,0.1388
1370,131,1501,0.1388
1365,133,1498,0.1388
1359,134,1493,0.1388
1361,136,1497,0.1388
1358,143,1501,0.1388
1343,146,1489,0.1388
1336,145,1481,0.1388
1331,144,1475,0.1388
1334,150,1484,0.1388
1333,147,1480,0.1388
1336,147,1483,0.1388
1342,145,1487,0.1388
1348,144,1492,0.1388
1354,141,1495,0.1388
1361,142,1503,0.1388
1367,141,1508,0.1388
1365,145,1510,0.1388
1355,147,1502,0.1388
1345,152,1497,0.1388
1341,149,1490,0.1388
1344,149,1493,0.1388
1348,153,1501,0.1388
1348,149,1497,0.1388
1336,151,1487,0.1388
1340,157,1497,0.1388
1326,161,1487,0.1388
1333,163,1496,0.1388
1347,161,1508,0.1388
1344,155,1499,0.1388
1349,150,1499,0.1388
1343,148,1491,0.1388
1345,150,1495,0.1388
1337,151,1488,0.1388
1338,155,1493,0.1388
1333,160,1493,0.1388
1338,163,1501,0.1388
1343,160,1503,0.1388
1349,163,1512,0.1388
1347,162,1509,0.1388
1347,159,1506,0.1388
1346,162,1508,0.1388
1345,157,1502,0.1388
1355,158,1513,0.1388
1349,153,1502,0.1388
1345,156,1501,0.1388
1337,153,1490,0.1388
1327,155,1482,0.1388
1339,153,1492,0.1388
1340,158,1498,0.1388
1339,158,1497,0.1388
1338,159,1497,0.1388
1331,158,1489,0.1388
1342,158,1500,0.1388
1334,163,1497,0.1388
1340,160,1500,0.1388
1331,159,1490,0.1388
1327,161,1488,0.1388
1329,158,1487,0.1388
1337,160,1497,0.1388
1344,167,1511,0.1388
1324,163,1487,0.1388
1326,160,1486,0.1388
1329,164,1493,0.1388
1312,168,1480,0.1388
1311,163,1474,0.1388
1319,167,1486,0.1388
1335,167,1502,0.1388
1348,164,1512,0.1388
1340,167,1507,0.1388
1339,170,1509,0.1388
1325,173,1498,0.1388
1332,171,1503,0.1388
1331,169,1500,0.1388
1316,170,1486,0.1388
1313,173,1486,0.1388
1312,176,1488,0.1388
1320,179,1499,0.1388
1316,183,1499,0.1388
1321,183,1504,0.1388
1328,185,1513,0.1388
1316,185,1501,0.1388
1320,183,1503,0.1388
1309,186,1495,0.1388
1307,188,1495,0.1388
1301,184,1485,0.1388
1298,188,1486,0.1388
1291,187,1478,0.1388
1296,186,1482,0.1388
1306,181,1487,0.1388
1304,184,1488,0.1388
1310,188,1498,0.1388
1299,185,1484,0.1388
1287,187,1474,0.1388
1302,190,1492,0.1388
1285,193,1478,0.1388
1291,199,1490,0.1388
1301,198,1499,0.1388
1316,197,1513,0.1388
1307,197,1504,0.1388
1310,197,1507,0.1388
1311,202,1513,0.1388
1306,198,1504,0.1388
1301,204,1505,0.1388
1294,204,1498,0.1388
1284,207,1491,0.1388
1287,213,1500,0.1388
1282,206,1488,0.1388
1283,202,1485,0.1388
1285,206,1491,0.1388
1285,204,1489,0.1388
1278,208,1486,0.1388
1278,202,1480,0.1388
1279,203,1482,0.1388
1285,208,1493,0.1388
1288,215,1503,0.1388
1294,215,1509,0.1388
1283,214,1497,0.1388
1279,220,1499,0.1388
1276,224,1500,0.1388
1276,219,1495,0.1388
1267,217,1484,0.1388
1263,218,1481,0.1388
1262,230,1492,0.1388
1257,220,1477,0.1388
1261,221,1482,0.1388
1260,222,1482,0.1388
1260,226,1486,0.1388
1263,229,1492,0.1388
1272,228,1500,0.1388
1265,230,1495,0.1388
1251,235,1486,0.1388
1260,239,1499,0.1388
1258,242,1500,0.1388
1254,240,1494,0.1388
1247,241,1488,0.1388
1247,245,1492,0.1388
1238,250,1488,0.1388
1227,253,1480,0.1388
1219,251,1470,0.1388
1238,252,1490,0.1388
1234,251,1485,0.1388
1239,249,1488,0.1388
1233,250,1483,0.1388
1228,254,1482,0.1388
1224,249,1473,0.1388
1233,254,1487,0.1388
1225,257,1482,0.1388
1240,257,1497,0.1388
1237,259,1496,0.1388
1233,254,1487,0.1388
1238,256,1494,0.1388
1237,255,1492,0.1388
1235,250,1485,0.1388
1226,245,1471,0.1388
1236,243,1479,0.1388
1234,252,1486,0.1388
1245,251,1496,0.1388
1241,256,1497,0.1388
1240,261,1501,0.1388
1237,261,1498,0.1388
1242,258,1500,0.1388
1247,261,1508,0.1388
1233,261,1494,0.1388
1235,263,1498,0.1388
1231,267,1498,0.1388
1232,259,1491,0.1388
1232,267,1499,0.1388
1236,264,1500,0.1388
1241,269,1510,0.1388
1237,268,1505,0.1388
1221,273,1494,0.1388
1200,270,1470,0.1388
1204,273,1477,0.1388
1214,272,1486,0.1388
1217,266,1483,0.1388
1210,274,1484,0.1388
1207,277,1484,0.1388
1211,274,1485,0.1388
1228,275,1503,0.1388
1228,279,1507,0.1388
1222,282,1504,0.1388
1219,294,1513,0.1388
1213,295,1508,0.1388
1221,294,1515,0.1388
1210,283,1493,0.1388
1214,289,1503,0.1388
1215,285,1500,0.1388
1222,286,1508,0.1388
1221,286,1507,0.1388
1222,284,1506,0.1388
1221,286,1507,0.1388
1219,292,1511,0.1388
1223,294,1517,0.1388
1221,292,1513,0.1388
1213,293,1506,0.1388
1206,291,1497,0.1388
1218,284,1502,0.1388
1214,288,1502,0.1388
1208,293,1501,0.1388
1216,298,1514,0.1388
1210,299,1509,0.1388
1207,306,1513,0.1388
1199,310,1509,0.1388
1201,304,1505,0.1388
1202,307,1509,0.1388
1194,309,1503,0.1388
1193,311,1504,0.1388
1181,310,1491,0.1388
1187,309,1496,0.1388
1190,312,1502,0.1388
1178,319,1497,0.1388
1185,322,1507,0.1388
1196,323,1519,0.1388
1198,325,1523,0.1388
1194,321,1515,0.1388
1186,325,1511,0.1388
1181,329,1510,0.1388
1181,323,1504,0.1388
1164,324,1488,0.1388
1170,322,1492,0.1388
1169,326,1495,0.1388
1162,335,1497,0.1388
1157,338,1495,0.1388
1146,344,1490,0.1388
1145,346,1491,0.1388
1150,347,1497,0.1388
1142,350,1492,0.1388
1147,350,1497,0.1388
1150,352,1502,0.1388
1154,348,1502,0.1388
1153,352,1505,0.1388
1145,357,1502,0.1388
1147,355,1502,0.1388
1147,358,1505,0.1388
1135,351,1486,0.1388
1141,357,1498,0.1388
1134,356,1490,0.1388
1137,359,1496,0.1388
1137,361,1498,0.1388
1143,363,1506,0.1388
1140,369,1509,0.1388
1143,363,1506,0.1388
1144,367,1511,0.1388
1145,376,1521,0.1388
1126,375,1501,0.1388
1130,373,1503,0.1388
1144,370,1514,0.1388
1128,366,1494,0.1388
1120,364,1484,0.1388
1121,369,1490,0.1388
1131,366,1497,0.1388
1131,366,1497,0.1388
1130,368,1498,0.1388
1128,367,1495,0.1388
1122,368,1490,0.1388
1124,368,1492,0.1388
1112,362,1474,0.1388
1112,367,1479,0.1388
1116,366,1482,0.1388
1134,365,1499,0.1388
1138,370,1508,0.1388
1136,378,1514,0.1388
1127,372,1499,0.1388
1142,376,1518,0.1388
1140,369,1509,0.1388
1136,370,1506,0.1388
1126,373,1499,0.1388
1125,381,1506,0.1388
1123,388,1511,0.1388
1130,384,1514,0.1388
1124,381,1505,0.1388
1123,385,1508,0.1388
1099,378,1477,0.1388
1104,388,1492,0.1388
1100,394,1494,0.1388
1096,392,1488,0.1388
1107,392,1499,0.1388
1104,397,1501,0.1388
1087,408,1495,0.1388
1100,411,1511,0.1388
1094,418,1512,0.1388
1083,421,1504,0.1388
1082,420,1502,0.1388
1074,424,1498,0.1388
1075,427,1502,0.1388
1080,422,1502,0.1388
1075,422,1497,0.1388
1082,420,1502,0.1388
1084,427,1511,0.1388
1079,418,1497,0.1388
1073,418,1491,0.1388
1072,424,1496,0.1388
1082,428,1510,0.1388
1078,425,1503,0.1388
1070,425,1495,0.1388
1078,431,1509,0.1388
1067,438,1505,0.1388
1055,431,1486,0.1388
1059,429,1488,0.1388
1067,428,1495,0.1388
1064,423,1487,0.1388
1070,421,1491,0.1388
1057,414,1471,0.1388
1064,420,1484,0.1388
1066,424,1490,0.1388
1079,423,1502,0.1388
1075,424,1499,0.1388
1081,420,1501,0.1388
1079,421,1500,0.1388
1067,430,1497,0.1388
1073,422,1495,0.1388
1073,429,1502,0.1388
1067,431,1498,0.1388
1063,432,1495,0.1388
1072,433,1505,0.1388
1078,439,1517,0.1388
1080,432,1512,0.1388
1073,435,1508,0.1388
1073,430,1503,0.1388
1074,420,1494,0.1388
1059,425,1484,0.1388
1066,428,1494,0.1388
1063,432,1495,0.1388
1060,433,1493,0.1388
1059,436,1495,0.1388
1066,442,1508,0.1388
1056,446,1502,0.1388
1054,444,1498,0.1388
1049,446,1495,0.1388
1057,441,1498,0.1388
1052,446,1498,0.1388
1054,446,1500,0.1388
1052,441,1493,0.1388
1053,445,1498,0.1388
1057,446,1503,0.1388
1052,454,1506,0.1388
1050,453,1503,0.1388
1057,450,1507,0.1388
1054,456,1510,0.1388
1048,462,1510,0.1388
1040,473,1513,0.1388
1026,475,1501,0.1388
1025,471,1496,0.1388
1023,470,1493,0.1388
1018,479,1497,0.1388
1020,487,1507,0.1388
1013,485,1498,0.1388
1008,489,1497,0.1388
1014,493,1507,0.1388
1019,487,1506,0.1388
1019,484,1503,0.1388
1011,485,1496,0.1388
1023,485,1508,0.1388
1023,486,1509,0.1388
1018,491,1509,0.1388
1011,496,1507,0.1388
1004,495,1499,0.1388
1006,498,1504,0.1388
1012,497,1509,0.1388
1009,501,1510,0.1388
1019,497,1516,0.1388
1014,504,1518,0.1388
1011,506,1517,0.1388
1011,501,1512,0.1388
1010,507,1517,0.1388
1004,509,1513,0.1388
1011,516,1527,0.1388
992,525,1517,0.1388
992,520,1512,0.1388
984,518,1502,0.1388
989,527,1516,0.1388
987,525,1512,0.1388
972,535,1507,0.1388
971,535,1506,0.1388
967,531,1498,0.1388
975,528,1503,0.1388
973,529,1502,0.1388
984,533,1517,0.1388
992,532,1524,0.1388
985,538,1523,0.1388
977,537,1514,0.1388
966,538,1504,0.1388
968,536,1504,0.1388
956,544,1500,0.1388
956,537,1493,0.1388
967,547,1514,0.1388
958,538,1496,0.1388
956,541,1497,0.1388
954,547,1501,0.1388
950,545,1495,0.1388
947,559,1506,0.1388
949,559,1508,0.1388
946,555,1501,0.1388
949,552,1501,0.1388
952,558,1510,0.1388
961,567,1528,0.1388
952,562,1514,0.1388
953,558,1511,0.1388
950,564,1514,0.1388
943,565,1508,0.1388
940,567,1507,0.1388
939,567,1506,0.1388
938,571,1509,0.1388
931,575,1506,0.1388
926,571,1497,0.1388
923,570,1493,0.1388
933,577,1510,0.1388
938,586,1524,0.1388
945,574,1519,0.1388
936,568,1504,0.1388
931,566,1497,0.1388
931,569,1500,0.1388
923,575,1498,0.1388
925,572,1497,0.1388
922,575,1497,0.1388
927,576,1503,0.1388
927,572,1499,0.1388
932,563,1495,0.1388
930,559,1489,0.1388
933,563,1496,0.1388
935,562,1497,0.1388
930,559,1489,0.1388
931,564,1495,0.1388
936,577,1513,0.1388
928,572,1500,0.1388
923,582,1505,0.1388
916,586,1502,0.1388
919,584,1503,0.1388
906,602,1508,0.1388
914,596,1510,0.1388
906,592,1498,0.1388
908,603,1511,0.1388
900,598,1498,0.1388
898,605,1503,0.1388
896,600,1496,0.1388
893,603,1496,0.1388
885,601,1486,0.1388
895,595,1490,0.1388
888,601,1489,0.1388
891,599,1490,0.1388
893,600,1493,0.1388
891,603,1494,0.1388
896,603,1499,0.1388
894,603,1497,0.1388
895,608,1503,0.1388
898,609,1507,0.1388
898,607,1505,0.1388
887,607,1494,0.1388
878,614,1492,0.1388
872,618,1490,0.1388
877,629,1506,0.1388
883,634,1517,0.1388
889,628,1517,0.1388
895,633,1528,0.1388
890,636,1526,0.1388
888,631,1519,0.1388
883,632,1515,0.1388
883,635,1518,0.1388
885,632,1517,0.1388
873,636,1509,0.1388
876,634,1510,0.1388
882,632,1514,0.1388
881,629,1510,0.1388
877,619,1496,0.1388
868,627,1495,0.1388
872,628,1500,0.1388
871,636,1507,0.1388
874,642,1516,0.1388
885,634,1519,0.1388
882,627,1509,0.1388
887,625,1512,0.1388
883,631,1514,0.1388
891,630,1521,0.1388
902,625,1527,0.1388
887,630,1517,0.1388
885,626,1511,0.1388
881,631,1512,0.1388
882,630,1512,0.1388
882,624,1506,0.1388
870,641,1511,0.1388
866,638,1504,0.1388
864,638,1502,0.1388
856,638,1494,0.1388
862,632,1494,0.1388
872,642,1514,0.1388
872,641,1513,0.1388
873,642,1515,0.1388
867,646,1513,0.1388
873,645,1518,0.1388
866,648,1514,0.1388
853,638,1491,0.1388
848,640,1488,0.1388
849,646,1495,0.1388
851,649,1500,0.1388
859,650,1509,0.1388
862,643,1505,0.1388
855,642,1497,0.1388
856,648,1504,0.1388
851,648,1499,0.1388
843,652,1495,0.1388
846,652,1498,0.1388
850,667,1517,0.1388
846,670,1516,0.1388
841,670,1511,0.1388
841,679,1520,0.1388
839,669,1508,0.1388
832,678,1510,0.1388
819,677,1496,0.1388
817,684,1501,0.1388
813,687,1500,0.1388
812,694,1506,0.1388
811,691,1502,0.1388
810,700,1510,0.1388
812,697,1509,0.1388
816,696,1512,0.1388
811,683,1494,0.1388
807,689,1496,0.1388
802,696,1498,0.1388
802,696,1498,0.1388
802,695,1497,0.1388
806,697,1503,0.1388
801,697,1498,0.1388
797,703,1500,0.1388
798,706,1504,0.1388
797,704,1501,0.1388
791,703,1494,0.1388
786,700,1486,0.1388
808,691,1499,0.1388
812,689,1501,0.1388
806,690,1496,0.1388
815,686,1501,0.1388
817,682,1499,0.1388
813,688,1501,0.1388
815,699,1514,0.1388
815,694,1509,0.1388
808,694,1502,0.1388
797,701,1498,0.1388
798,701,1499,0.1388
797,700,1497,0.1388
806,697,1503,0.1388
802,707,1509,0.1388
803,706,1509,0.1388
807,707,1514,0.1388
797,702,1499,0.1388
799,709,1508,0.1388
792,713,1505,0.1388
792,711,1503,0.1388
796,706,1502,0.1388
794,706,1500,0.1388
790,705,1495,0.1388
790,710,1500,0.1388
778,714,1492,0.1388
791,710,1501,0.1388
789,715,1504,0.1388
787,713,1500,0.1388
792,720,1512,0.1388
786,720,1506,0.1388
772,709,1481,0.1388
780,718,1498,0.1388
787,719,1506,0.1388
794,716,1510,0.1388
797,723,1520,0.1388
804,723,1527,0.1388
793,728,1521,0.1388
793,722,1515,0.1388
782,721,1503,0.1388
788,723,1511,0.1388
796,712,1508,0.1388
791,715,1506,0.1388
780,717,1497,0.1388
777,729,1506,0.1388
785,738,1523,0.1388
769,732,1501,0.1388
769,729,1498,0.1388
762,735,1497,0.1388
765,730,1495,0.1388
771,726,1497,0.1388
777,727,1504,0.1388
785,729,1514,0.1388
789,732,1521,0.1388
791,735,1526,0.1388
797,741,1538,0.1388
786,734,1520,0.1388
781,725,1506,0.1388
777,728,1505,0.1388
776,726,1502,0.1388
777,729,1506,0.1388
783,733,1516,0.1388
787,728,1515,0.1388
790,729,1519,0.1388
786,719,1505,0.1388
787,725,1512,0.1388
784,729,1513,0.1388
781,728,1509,0.1388
768,724,1492,0.1388
772,723,1495,0.1388
775,725,1500,0.1388
777,731,1508,0.1388
773,727,1500,0.1388
766,734,1500,0.1388
772,732,1504,0.1388
772,732,1504,0.1388
773,735,1508,0.1388
765,739,1504,0.1388
760,741,1501,0.1388
761,752,1513,0.1388
752,758,1510,0.1388
766,751,1517,0.1388
761,738,1499,0.1388
762,736,1498,0.1388
766,741,1507,0.1388
763,743,1506,0.1388
760,742,1502,0.1388
756,743,1499,0.1388
756,742,1498,0.1388
753,743,1496,0.1388
744,740,1484,0.1388
733,749,1482,0.1388
732,748,1480,0.1388
731,758,1489,0.1388
741,755,1496,0.1388
744,763,1507,0.1388
745,762,1507,0.1388
742,763,1505,0.1388
741,763,1504,0.1388
735,764,1499,0.1388
742,769,1511,0.1388
741,765,1506,0.1388
740,768,1508,0.1388
745,768,1513,0.1388
741,770,1511,0.1388
743,770,1513,0.1388
745,772,1517,0.1388
748,768,1516,0.1388
743,761,1504,0.1388
732,763,1495,0.1388
733,767,1500,0.1388
724,769,1493,0.1388
730,770,1500,0.1388
720,772,1492,0.1388
726,779,1505,0.1388
728,784,1512,0.1388
723,780,1503,0.1388
730,782,1512,0.1388
725,779,1504,0.1388
714,782,1496,0.1388
711,782,1493,0.1388
711,783,1494,0.1388
714,788,1502,0.1388
719,790,1509,0.1388
710,796,1506,0.1388
712,787,1499,0.1388
710,785,1495,0.1388
711,784,1495,0.1388
723,787,1510,0.1388
724,791,1515,0.1388
730,794,1524,0.1388
723,789,1512,0.1388
718,792,1510,0.1388
710,791,1501,0.1388
710,791,1501,0.1388
707,797,1504,0.1388
701,792,1493,0.1388
695,788,1483,0.1388
697,790,1487,0.1388
702,788,1490,0.1388
698,797,1495,0.1388
694,789,1483,0.1388
703,797,1500,0.1388
707,802,1509,0.1388
703,799,1502,0.1388
703,800,1503,0.1388
712,804,1516,0.1388
711,806,1517,0.1388
702,811,1513,0.1388
698,805,1503,0.1388
687,798,1485,0.1388
701,797,1498,0.1388
696,798,1494,0.1388
699,808,1507,0.1388
706,809,1515,0.1388
694,802,1496,0.1388
689,807,1496,0.1388
687,813,1500,0.1388
686,820,1506,0.1388
692,814,1506,0.1388
684,822,1506,0.1388
685,818,1503,0.1388
687,818,1505,0.1388
689,819,1508,0.1388
682,814,1496,0.1388
683,824,1507,0.1388
690,814,1504,0.1388
690,805,1495,0.1388
688,819,1507,0.1388
684,814,1498,0.1388
686,817,1503,0.1388
676,829,1505,0.1388
666,833,1499,0.1388
676,828,1504,0.1388
667,824,1491,0.1388
679,822,1501,0.1388
674,820,1494,0.1388
671,829,1500,0.1388
671,836,1507,0.1388
675,838,1513,0.1388
666,844,1510,0.1388
669,842,1511,0.1388
664,849,1513,0.1388
660,849,1509,0.1388
664,843,1507,0.1388
675,847,1522,0.1388
666,837,1503,0.1388
662,841,1503,0.1388
656,845,1501,0.1388
656,843,1499,0.1388
649,852,1501,0.1388
656,856,1512,0.1388
659,860,1519,0.1388
656,857,1513,0.1388
651,862,1513,0.1388
654,854,1508,0.1388
651,854,1505,0.1388
642,857,1499,0.1388
640,862,1502,0.1388
638,875,1513,0.1388
637,864,1501,0.1388
641,864,1505,0.1388
641,876,1517,0.1388
641,866,1507,0.1388
644,858,1502,0.1388
632,866,1498,0.1388
625,865,1490,0.1388
627,869,1496,0.1388
635,870,1505,0.1388
637,876,1513,0.1388
635,869,1504,0.1388
631,870,1501,0.1388
634,868,1502,0.1388
628,879,1507,0.1388
624,873,1497,0.1388
626,879,1505,0.1388
621,870,1491,0.1388
615,858,1473,0.1388
612,864,1476,0.1388
610,871,1481,0.1388
618,869,1487,0.1388
624,868,1492,0.1388
631,870,1501,0.1388
635,882,1517,0.1388
631,893,1524,0.1388
624,884,1508,0.1388
618,880,1498,0.1388
616,895,1511,0.1388
615,891,1506,0.1388
608,889,1497,0.1388
616,890,1506,0.1388
610,889,1499,0.1388
613,888,1501,0.1388
613,897,1510,0.1388
614,904,1518,0.1388
613,897,1510,0.1388
620,905,1525,0.1388
615,888,1503,0.1388
625,894,1519,0.1388
614,887,1501,0.1388
610,887,1497,0.1388
610,888,1498,0.1388
621,895,1516,0.1388
623,909,1532,0.1388
623,909,1532,0.1388
618,915,1533,0.1388
614,907,1521,0.1388
616,905,1521,0.1388
610,904,1514,0.1388
607,900,1507,0.1388
607,905,1512,0.1388
597,907,1504,0.1388
602,904,1506,0.1388
606,911,1517,0.1388
590,918,1508,0.1388
600,908,1508,0.1388
598,904,1502,0.1388
582,909,1491,0.1388
583,901,1484,0.1388
596,905,1501,0.1388
593,902,1495,0.1388
599,900,1499,0.1388
597,901,1498,0.1388
591,904,1495,0.1388
591,903,1494,0.1388
592,901,1493,0.1388
598,912,1510,0.1388
586,913,1499,0.1388
583,919,1502,0.1388
581,913,1494,0.1388
586,918,1504,0.1388
591,907,1498,0.1388
594,911,1505,0.1388
587,910,1497,0.1388
584,913,1497,0.1388
584,920,1504,0.1388
583,922,1505,0.1388
587,919,1506,0.1388
583,914,1497,0.1388
581,906,1487,0.1388
591,907,1498,0.1388
592,911,1503,0.1388
591,917,1508,0.1388
589,918,1507,0.1388
592,915,1507,0.1388
590,918,1508,0.1388
595,913,1508,0.1388
596,913,1509,0.1388
591,915,1506,0.1388
592,914,1506,0.1388
592,924,1516,0.1388
593,926,1519,0.1388
587,938,1525,0.1388
589,933,1522,0.1388
589,928,1517,0.1388
580,932,1512,0.1388
574,942,1516,0.1388
572,941,1513,0.1388
576,936,1512,0.1388
578,929,1507,0.1388
573,939,1512,0.1388
580,931,1511,0.1388
578,939,1517,0.1388
573,933,1506,0.1388
568,928,1496,0.1388
573,924,1497,0.1388
580,924,1504,0.1388
587,922,1509,0.1388
581,927,1508,0.1388
576,928,1504,0.1388
573,934,1507,0.1388
566,927,1493,0.1388
572,927,1499,0.1388
571,939,1510,0.1388
576,944,1520,0.1388
567,935,1502,0.1388
567,923,1490,0.1388
566,932,1498,0.1388
565,932,1497,0.1388
559,929,1488,0.1388
570,944,1514,0.1388
571,944,1515,0.1388
562,949,1511,0.1388
564,947,1511,0.1388
563,942,1505,0.1388
567,943,1510,0.1388
568,946,1514,0.1388
569,940,1509,0.1388
573,938,1511,0.1388
575,951,1526,0.1388
574,943,1517,0.1388
567,940,1507,0.1388
558,938,1496,0.1388
547,935,1482,0.1388
548,936,1484,0.1388
553,947,1500,0.1388
549,938,1487,0.1388
548,935,1483,0.1388
558,933,1491,0.1388
549,945,1494,0.1388
560,951,1511,0.1388
560,953,1513,0.1388
560,960,1520,0.1388
558,958,1516,0.1388
561,962,1523,0.1388
566,950,1516,0.1388
562,952,1514,0.1388
555,944,1499,0.1388
549,940,1489,0.1388
549,949,1498,0.1388
545,946,1491,0.1388
548,950,1498,0.1388
546,958,1504,0.1388
553,955,1508,0.1388
553,957,1510,0.1388
549,957,1506,0.1388
540,952,1492,0.1388
539,962,1501,0.1388
535,957,1492,0.1388
545,957,1502,0.1388
545,950,1495,0.1388
546,966,1512,0.1388
553,957,1510,0.1388
543,956,1499,0.1388
545,970,1515,0.1388
535,961,1496,0.1388
535,969,1504,0.1388
536,967,1503,0.1388
538,977,1515,0.1388
523,988,1511,0.1388
528,983,1511,0.1388
526,988,1514,0.1388
521,988,1509,0.1388
525,994,1519,0.1388
536,987,1523,0.1388
526,985,1511,0.1388
522,987,1509,0.1388
529,979,1508,0.1388
535,966,1501,0.1388
526,977,1503,0.1388
517,973,1490,0.1388
516,977,1493,0.1388
521,974,1495,0.1388
536,965,1501,0.1388
539,969,1508,0.1388
530,975,1505,0.1388
530,991,1521,0.1388
533,996,1529,0.1388
533,986,1519,0.1388
534,991,1525,0.1388
526,986,1512,0.1388
521,984,1505,0.1388
518,994,1512,0.1388
520,994,1514,0.1388
523,996,1519,0.1388
516,987,1503,0.1388
518,985,1503,0.1388
522,985,1507,0.1388
520,986,1506,0.1388
515,980,1495,0.1388
517,980,1497,0.1388
522,985,1507,0.1388
507,993,1500,0.1388
511,992,1503,0.1388
515,1003,1518,0.1388
519,1012,1531,0.1388
519,1011,1530,0.1388
523,1008,1531,0.1388
519,1010,1529,0.1388
512,1002,1514,0.1388
505,1004,1509,0.1388
506,1003,1509,0.1388
509,996,1505,0.1388
502,997,1499,0.1388
506,999,1505,0.1388
507,1002,1509,0.1388
499,994,1493,0.1388
501,994,1495,0.1388
507,992,1499,0.1388
505,995,1500,0.1388
502,987,1489,0.1388
503,998,1501,0.1388
501,1006,1507,0.1388
509,1010,1519,0.1388
513,1000,1513,0.1388
507,1001,1508,0.1388
503,1013,1516,0.1388
505,1005,1510,0.1388
500,995,1495,0.1388
506,1004,1510,0.1388
506,1003,1509,0.1388
507,1005,1512,0.1388
504,1007,1511,0.1388
506,1008,1514,0.1388
508,1006,1514,0.1388
505,1012,1517,0.1388
502,1014,1516,0.1388
506,1008,1514,0.1388
509,1007,1516,0.1388
505,999,1504,0.1388
506,1008,1514,0.1388
506,1000,1506,0.1388
495,1004,1499,0.1388
499,1000,1499,0.1388
497,1002,1499,0.1388
495,1006,1501,0.1388
507,1011,1518,0.1388
512,1000,1512,0.1388
505,993,1498,0.1388
512,995,1507,0.1388
515,997,1512,0.1388
508,995,1503,0.1388
520,997,1517,0.1388
521,1002,1523,0.1388
525,998,1523,0.1388
518,1002,1520,0.1388
512,1009,1521,0.1388
505,1013,1518,0.1388
504,1004,1508,0.1388
496,999,1495,0.1388
495,986,1481,0.1388
495,992,1487,0.1388
504,994,1498,0.1388
500,1007,1507,0.1388
496,999,1495,0.1388
496,995,1491,0.1388
493,987,1480,0.1388
490,995,1485,0.1388
501,993,1494,0.1388
509,997,1506,0.1388
509,996,1505,0.1388
507,999,1506,0.1388
523,992,1515,0.1388
521,996,1517,0.1388
527,993,1520,0.1388
523,1000,1523,0.1388
517,1001,1518,0.1388
509,995,1504,0.1388
506,992,1498,0.1388
508,989,1497,0.1388
502,998,1500,0.1388
503,1009,1512,0.1388
500,1010,1510,0.1388
500,1010,1510,0.1388
497,1009,1506,0.1388
490,1018,1508,0.1388
491,1017,1508,0.1388
495,1013,1508,0.1388
499,1009,1508,0.1388
503,1014,1517,0.1388
505,1020,1525,0.1388
506,1004,1510,0.1388
503,1010,1513,0.1388
505,1011,1516,0.1388
504,1018,1522,0.1388
505,1016,1521,0.1388
500,1004,1504,0.1388
497,1012,1509,0.1388
502,1016,1518,0.1388
502,1017,1519,0.1388
496,1008,1504,0.1388
500,1007,1507,0.1388
508,1011,1519,0.1388
502,1026,1528,0.1388
495,1026,1521,0.1388
492,1033,1525,0.1388
492,1030,1522,0.1388
496,1036,1532,0.1388
497,1037,1534,0.1388
488,1036,1524,0.1388
485,1028,1513,0.1388
483,1030,1513,0.1388
482,1027,1509,0.1388
481,1032,1513,0.1388
480,1030,1510,0.1388
477,1034,1511,0.1388
478,1042,1520,0.1388
476,1038,1514,0.1388
472,1044,1516,0.1388
473,1053,1526,0.1388
468,1058,1526,0.1388
466,1057,1523,0.1388
465,1054,1519,0.1388
461,1045,1506,0.1388
461,1051,1512,0.1388
456,1053,1509,0.1388
458,1044,1502,0.1388
457,1040,1497,0.1388
464,1056,1520,0.1388
468,1056,1524,0.1388
470,1055,1525,0.1388
477,1048,1525,0.1388
475,1044,1519,0.1388
472,1048,1520,0.1388
471,1041,1512,0.1388
462,1048,1510,0.1388
464,1053,1517,0.1388
465,1056,1521,0.1388
472,1049,1521,0.1388
474,1049,1523,0.1388
463,1044,1507,0.1388
461,1053,1514,0.1388
463,1048,1511,0.1388
459,1051,1510,0.1388
453,1047,1500,0.1388
458,1040,1498,0.1388
455,1044,1499,0.1388
458,1058,1516,0.1388
460,1062,1522,0.1388
450,1065,1515,0.1388
452,1059,1511,0.1388
453,1049,1502,0.1388
446,1057,1503,0.1388
452,1059,1511,0.1388
454,1052,1506,0.1388
463,1054,1517,0.1388
459,1051,1510,0.1388
456,1058,1514,0.1388
452,1049,1501,0.1388
448,1050,1498,0.1388
444,1053,1497,0.1388
449,1054,1503,0.1388
450,1052,1502,0.1388
448,1055,1503,0.1388
442,1059,1501,0.1388
441,1070,1511,0.1388
445,1062,1507,0.1388
455,1056,1511,0.1388
453,1046,1499,0.1388
461,1058,1519,0.1388
451,1066,1517,0.1388
443,1069,1512,0.1388
435,1074,1509,0.1388
430,1073,1503,0.1388
429,1081,1510,0.1388
426,1081,1507,0.1388
430,1081,1511,0.1388
429,1089,1518,0.1388
432,1089,1521,0.1388
434,1080,1514,0.1388
427,1078,1505,0.1388
430,1086,1516,0.1388
431,1086,1517,0.1388
429,1078,1507,0.1388
431,1068,1499,0.1388
431,1073,1504,0.1388
424,1072,1496,0.1388
422,1083,1505,0.1388
428,1082,1510,0.1388
429,1097,1526,0.1388
425,1090,1515,0.1388
428,1088,1516,0.1388
418,1090,1508,0.1388
417,1096,1513,0.1388
426,1089,1515,0.1388
424,1097,1521,0.1388
420,1100,1520,0.1388
420,1101,1521,0.1388
419,1105,1524,0.1388
421,1087,1508,0.1388
410,1091,1501,0.1388
411,1103,1514,0.1388
413,1096,1509,0.1388
414,1092,1506,0.1388
412,1094,1506,0.1388
414,1098,1512,0.1388
416,1095,1511,0.1388
409,1100,1509,0.1388
412,1098,1510,0.1388
411,1098,1509,0.1388
408,1110,1518,0.1388
406,1108,1514,0.1388
406,1107,1513,0.1388
406,1105,1511,0.1388
397,1108,1505,0.1388
390,1118,1508,0.1388
396,1115,1511,0.1388
392,1121,1513,0.1388
392,1121,1513,0.1388
394,1115,1509,0.1388
396,1118,1514,0.1388
399,1121,1520,0.1388
397,1125,1522,0.1388
395,1120,1515,0.1388
399,1114,1513,0.1388
410,1121,1531,0.1388
405,1125,1530,0.1388
401,1111,1512,0.1388
401,1118,1519,0.1388
399,1111,1510,0.1388
402,1103,1505,0.1388
402,1109,1511,0.1388
398,1104,1502,0.1388
395,1118,1513,0.1388
395,1115,1510,0.1388
392,1126,1518,0.1388
395,1118,1513,0.1388
396,1120,1516,0.1388
395,1123,1518,0.1388
387,1121,1508,0.1388
390,1128,1518,0.1388
387,1132,1519,0.1388
386,1130,1516,0.1388
386,1132,1518,0.1388
385,1133,1518,0.1388
391,1123,1514,0.1388
387,1127,1514,0.1388
389,1118,1507,0.1388
395,1113,1508,0.1388
397,1120,1517,0.1388
398,1115,1513,0.1388
394,1131,1525,0.1388
390,1128,1518,0.1388
391,1138,1529,0.1388
385,1132,1517,0.1388
383,1127,1510,0.1388
377,1129,1506,0.1388
372,1135,1507,0.1388
371,1139,1510,0.1388
377,1134,1511,0.1388
378,1141,1519,0.1388
374,1134,1508,0.1388
386,1119,1505,0.1388
382,1128,1510,0.1388
380,1130,1510,0.1388
378,1144,1522,0.1388
378,1138,1516,0.1388
379,1130,1509,0.1388
370,1132,1502,0.1388
375,1140,1515,0.1388
378,1136,1514,0.1388
380,1131,1511,0.1388
385,1129,1514,0.1388
384,1133,1517,0.1388
385,1132,1517,0.1388
383,1132,1515,0.1388
379,1139,1518,0.1388
375,1148,1523,0.1388
378,1147,1525,0.1388
380,1147,1527,0.1388
379,1140,1519,0.1388
380,1133,1513,0.1388
376,1133,1509,0.1388
380,1125,1505,0.1388
381,1125,1506,0.1388
375,1140,1515,0.1388
383,1139,1522,0.1388
382,1137,1519,0.1388
377,1131,1508,0.1388
378,1137,1515,0.1388
380,1127,1507,0.1388
381,1131,1512,0.1388
369,1131,1500,0.1388
371,1132,1503,0.1388
370,1131,1501,0.1388
367,1131,1498,0.1388
367,1133,1500,0.1388
367,1135,1502,0.1388
360,1143,1503,0.1388
367,1147,1514,0.1388
363,1146,1509,0.1388
359,1146,1505,0.1388
363,1142,1505,0.1388
364,1142,1506,0.1388
360,1149,1509,0.1388
346,1150,1496,0.1388
343,1160,1503,0.1388
350,1156,1506,0.1388
352,1166,1518,0.1388
348,1170,1518,0.1388
345,1171,1516,0.1388
343,1160,1503,0.1388
339,1171,1510,0.1388
340,1164,1504,0.1388
338,1164,1502,0.1388
340,1171,1511,0.1388
342,1172,1514,0.1388
343,1169,1512,0.1388
351,1178,1529,0.1388
350,1167,1517,0.1388
352,1165,1517,0.1388
344,1154,1498,0.1388
351,1162,1513,0.1388
346,1159,1505,0.1388
346,1167,1513,0.1388
335,1163,1498,0.1388
335,1163,1498,0.1388
330,1167,1497,0.1388
331,1174,1505,0.1388
337,1178,1515,0.1388
343,1169,1512,0.1388
341,1178,1519,0.1388
340,1174,1514,0.1388
342,1167,1509,0.1388
338,1174,1512,0.1388
339,1176,1515,0.1388
342,1184,1526,0.1388
338,1176,1514,0.1388
339,1180,1519,0.1388
343,1170,1513,0.1388
338,1169,1507,0.1388
337,1159,1496,0.1388
343,1158,1501,0.1388
338,1159,1497,0.1388
338,1166,1504,0.1388
340,1165,1505,0.1388
338,1177,1515,0.1388
342,1181,1523,0.1388
351,1179,1530,0.1388
348,1175,1523,0.1388
349,1165,1514,0.1388
338,1163,1501,0.1388
343,1166,1509,0.1388
342,1161,1503,0.1388
345,1152,1497,0.1388
343,1158,1501,0.1388
335,1163,1498,0.1388
336,1172,1508,0.1388
339,1174,1513,0.1388
336,1179,1515,0.1388
342,1182,1524,0.1388
343,1178,1521,0.1388
341,1173,1514,0.1388
345,1159,1504,0.1388
341,1166,1507,0.1388
343,1173,1516,0.1388
345,1173,1518,0.1388
349,1171,1520,0.1388
352,1173,1525,0.1388
349,1156,1505,0.1388
348,1167,1515,0.1388
348,1161,1509,0.1388
343,1160,1503,0.1388
341,1165,1506,0.1388
337,1167,1504,0.1388
334,1172,1506,0.1388
335,1166,1501,0.1388
338,1172,1510,0.1388
342,1170,1512,0.1388
343,1175,1518,0.1388
337,1181,1518,0.1388
333,1183,1516,0.1388
341,1176,1517,0.1388
344,1169,1513,0.1388
343,1175,1518,0.1388
340,1170,1510,0.1388
335,1175,1510,0.1388
336,1164,1500,0.1388
340,1165,1505,0.1388
336,1167,1503,0.1388
333,1178,1511,0.1388
336,1177,1513,0.1388
333,1177,1510,0.1388
329,1177,1506,0.1388
331,1191,1522,0.1388
331,1201,1532,0.1388
331,1187,1518,0.1388
332,1183,1515,0.1388
330,1181,1511,0.1388
337,1183,1520,0.1388
331,1188,1519,0.1388
331,1180,1511,0.1388
333,1190,1523,0.1388
324,1187,1511,0.1388
324,1188,1512,0.1388
319,1186,1505,0.1388
319,1165,1484,0.1388
314,1172,1486,0.1388
321,1182,1503,0.1388
325,1180,1505,0.1388
326,1181,1507,0.1388
327,1182,1509,0.1388
329,1184,1513,0.1388
329,1180,1509,0.1388
332,1188,1520,0.1388
332,1187,1519,0.1388
333,1183,1516,0.1388
326,1198,1524,0.1388
317,1204,1521,0.1388
314,1192,1506,0.1388
309,1199,1508,0.1388
309,1204,1513,0.1388
312,1198,1510,0.1388
313,1194,1507,0.1388
313,1193,1506,0.1388
311,1182,1493,0.1388
313,1185,1498,0.1388
315,1189,1504,0.1388
307,1187,1494,0.1388
311,1205,1516,0.1388
303,1198,1501,0.1388
301,1195,1496,0.1388
298,1210,1508,0.1388
298,1216,1514,0.1388
295,1208,1503,0.1388
296,1217,1513,0.1388
297,1209,1506,0.1388
297,1194,1491,0.1388
298,1206,1504,0.1388
303,1194,1497,0.1388
305,1196,1501,0.1388
302,1207,1509,0.1388
301,1215,1516,0.1388
298,1218,1516,0.1388
303,1218,1521,0.1388
304,1220,1524,0.1388
303,1225,1528,0.1388
296,1231,1527,0.1388
299,1228,1527,0.1388
304,1220,1524,0.1388
307,1223,1530,0.1388
302,1218,1520,0.1388
305,1222,1527,0.1388
309,1216,1525,0.1388
311,1200,1511,0.1388
307,1203,1510,0.1388
305,1202,1507,0.1388
305,1210,1515,0.1388
301,1207,1508,0.1388
300,1195,1495,0.1388
297,1204,1501,0.1388
300,1209,1509,0.1388
299,1216,1515,0.1388
301,1215,1516,0.1388
298,1213,1511,0.1388
300,1208,1508,0.1388
301,1213,1514,0.1388
301,1210,1511,0.1388
299,1204,1503,0.1388
299,1204,1503,0.1388
291,1220,1511,0.1388
298,1218,1516,0.1388
305,1213,1518,0.1388
302,1219,1521,0.1388
297,1215,1512,0.1388
292,1209,1501,0.1388
297,1207,1504,0.1388
300,1209,1509,0.1388
304,1199,1503,0.1388
301,1206,1507,0.1388
300,1196,1496,0.1388
295,1207,1502,0.1388
298,1209,1507,0.1388
301,1210,1511,0.1388
303,1207,1510,0.1388
303,1199,1502,0.1388
302,1198,1500,0.1388
305,1201,1506,0.1388
302,1194,1496,0.1388
305,1217,1522,0.1388
300,1215,1515,0.1388
293,1212,1505,0.1388
296,1212,1508,0.1388
295,1204,1499,0.1388
295,1213,1508,0.1388
295,1222,1517,0.1388
299,1217,1516,0.1388
291,1214,1505,0.1388
295,1208,1503,0.1388
295,1207,1502,0.1388
295,1214,1509,0.1388
299,1210,1509,0.1388
304,1207,1511,0.1388
303,1212,1515,0.1388
302,1205,1507,0.1388
304,1214,1518,0.1388
306,1210,1516,0.1388
306,1203,1509,0.1388
305,1204,1509,0.1388
303,1201,1504,0.1388
308,1208,1516,0.1388
305,1202,1507,0.1388
303,1207,1510,0.1388
298,1199,1497,0.1388
299,1201,1500,0.1388
296,1209,1505,0.1388
287,1209,1496,0.1388
288,1212,1500,0.1388
287,1219,1506,0.1388
290,1231,1521,0.1388
290,1228,1518,0.1388
289,1231,1520,0.1388
292,1231,1523,0.1388
296,1232,1528,0.1388
293,1225,1518,0.1388
286,1217,1503,0.1388
282,1219,1501,0.1388
288,1220,1508,0.1388
282,1218,1500,0.1388
281,1232,1513,0.1388
281,1222,1503,0.1388
274,1224,1498,0.1388
285,1232,1517,0.1388
284,1235,1519,0.1388
283,1244,1527,0.1388
282,1239,1521,0.1388
284,1237,1521,0.1388
279,1247,1526,0.1388
279,1245,1524,0.1388
279,1239,1518,0.1388
289,1235,1524,0.1388
288,1228,1516,0.1388
284,1226,1510,0.1388
283,1229,1512,0.1388
279,1225,1504,0.1388
277,1222,1499,0.1388
278,1229,1507,0.1388
278,1235,1513,0.1388
272,1232,1504,0.1388
271,1244,1515,0.1388
274,1237,1511,0.1388
279,1224,1503,0.1388
280,1228,1508,0.1388
276,1233,1509,0.1388
279,1235,1514,0.1388
269,1234,1503,0.1388
269,1240,1509,0.1388
273,1228,1501,0.1388
277,1229,1506,0.1388
271,1236,1507,0.1388
278,1235,1513,0.1388
276,1232,1508,0.1388
280,1227,1507,0.1388
273,1241,1514,0.1388
272,1239,1511,0.1388
276,1238,1514,0.1388
275,1249,1524,0.1388
275,1241,1516,0.1388
273,1234,1507,0.1388
275,1240,1515,0.1388
268,1245,1513,0.1388
272,1241,1513,0.1388
273,1245,1518,0.1388
259,1242,1501,0.1388
256,1259,1515,0.1388
257,1261,1518,0.1388
250,1260,1510,0.1388
254,1262,1516,0.1388
256,1248,1504,0.1388
259,1242,1501,0.1388
257,1256,1513,0.1388
255,1260,1515,0.1388
257,1259,1516,0.1388
254,1243,1497,0.1388
256,1246,1502,0.1388
259,1262,1521,0.1388
260,1251,1511,0.1388
259,1251,1510,0.1388
261,1264,1525,0.1388
254,1268,1522,0.1388
253,1269,1522,0.1388
254,1273,1527,0.1388
253,1273,1526,0.1388
250,1266,1516,0.1388
254,1279,1533,0.1388
249,1276,1525,0.1388
243,1267,1510,0.1388
246,1273,1519,0.1388
245,1271,1516,0.1388
247,1273,1520,0.1388
250,1266,1516,0.1388
254,1265,1519,0.1388
246,1259,1505,0.1388
246,1271,1517,0.1388
253,1268,1521,0.1388
248,1273,1521,0.1388
248,1284,1532,0.1388
252,1280,1532,0.1388
251,1274,1525,0.1388
253,1269,1522,0.1388
250,1279,1529,0.1388
247,1274,1521,0.1388
248,1278,1526,0.1388
252,1272,1524,0.1388
248,1263,1511,0.1388
246,1257,1503,0.1388
249,1264,1513,0.1388
247,1261,1508,0.1388
249,1267,1516,0.1388
241,1271,1512,0.1388
242,1268,1510,0.1388
249,1272,1521,0.1388
249,1253,1502,0.1388
253,1251,1504,0.1388
248,1259,1507,0.1388
246,1263,1509,0.1388
247,1268,1515,0.1388
249,1273,1522,0.1388
250,1276,1526,0.1388
251,1271,1522,0.1388
247,1273,1520,0.1388
246,1259,1505,0.1388
242,1263,1505,0.1388
239,1272,1511,0.1388
243,1278,1521,0.1388
245,1273,1518,0.1388
246,1269,1515,0.1388
251,1270,1521,0.1388
253,1273,1526,0.1388
249,1281,1530,0.1388
246,1274,1520,0.1388
244,1271,1515,0.1388
245,1268,1513,0.1388
248,1265,1513,0.1388
249,1274,1523,0.1388
250,1274,1524,0.1388
248,1263,1511,0.1388
246,1266,1512,0.1388
247,1259,1506,0.1388
246,1263,1509,0.1388
248,1261,1509,0.1388
243,1264,1507,0.1388
241,1268,1509,0.1388
237,1264,1501,0.1388
241,1265,1506,0.1388
231,1260,1491,0.1388
232,1270,1502,0.1388
232,1256,1488,0.1388
232,1260,1492,0.1388
241,1257,1498,0.1388
243,1257,1500,0.1388
245,1258,1503,0.1388
239,1271,1510,0.1388
239,1281,1520,0.1388
235,1282,1517,0.1388
231,1284,1515,0.1388
229,1289,1518,0.1388
235,1296,1531,0.1388
229,1282,1511,0.1388
229,1288,1517,0.1388
227,1290,1517,0.1388
227,1284,1511,0.1388
229,1274,1503,0.1388
232,1268,1500,0.1388
237,1280,1517,0.1388
237,1285,1522,0.1388
230,1290,1520,0.1388
236,1287,1523,0.1388
237,1283,1520,0.1388
225,1297,1522,0.1388
228,1299,1527,0.1388
225,1296,1521,0.1388
223,1292,1515,0.1388
227,1290,1517,0.1388
228,1281,1509,0.1388
233,1291,1524,0.1388
230,1284,1514,0.1388
228,1294,1522,0.1388
224,1306,1530,0.1388
217,1291,1508,0.1388
221,1301,1522,0.1388
217,1298,1515,0.1388
208,1289,1497,0.1388
203,1279,1482,0.1388
209,1279,1488,0.1388
214,1287,1501,0.1388
215,1298,1513,0.1388
218,1302,1520,0.1388
214,1300,1514,0.1388
213,1306,1519,0.1388
216,1310,1526,0.1388
212,1306,1518,0.1388
216,1297,1513,0.1388
217,1288,1505,0.1388
214,1297,1511,0.1388
206,1304,1510,0.1388
209,1288,1497,0.1388
210,1279,1489,0.1388
211,1286,1497,0.1388
214,1286,1500,0.1388
215,1297,1512,0.1388
212,1302,1514,0.1388
214,1306,1520,0.1388
217,1319,1536,0.1388
217,1304,1521,0.1388
210,1316,1526,0.1388
214,1319,1533,0.1388
211,1316,1527,0.1388
208,1309,1517,0.1388
212,1313,1525,0.1388
207,1312,1519,0.1388
208,1303,1511,0.1388
202,1312,1514,0.1388
202,1311,1513,0.1388
207,1321,1528,0.1388
205,1317,1522,0.1388
205,1321,1526,0.1388
204,1314,1518,0.1388
203,1306,1509,0.1388
203,1314,1517,0.1388
203,1321,1524,0.1388
203,1307,1510,0.1388
205,1319,1524,0.1388
202,1321,1523,0.1388
206,1321,1527,0.1388
205,1316,1521,0.1388
204,1298,1502,0.1388
206,1298,1504,0.1388
202,1313,1515,0.1388
205,1314,1519,0.1388
205,1309,1514,0.1388
207,1317,1524,0.1388
202,1323,1525,0.1388
202,1327,1529,0.1388
206,1331,1537,0.1388
199,1331,1530,0.1388
202,1320,1522,0.1388
201,1321,1522,0.1388
200,1328,1528,0.1388
195,1325,1520,0.1388
192,1312,1504,0.1388
195,1328,1523,0.1388
193,1333,1526,0.1388
193,1333,1526,0.1388
189,1326,1515,0.1388
187,1330,1517,0.1388
189,1334,1523,0.1388
189,1334,1523,0.1388
188,1337,1525,0.1388
183,1331,1514,0.1388
182,1335,1517,0.1388
181,1335,1516,0.1388
183,1350,1533,0.1388
180,1352,1532,0.1388
178,1341,1519,0.1388
176,1337,1513,0.1388
182,1347,1529,0.1388
180,1343,1523,0.1388
178,1343,1521,0.1388
178,1345,1523,0.1388
176,1338,1514,0.1388
174,1344,1518,0.1388
170,1349,1519,0.1388
169,1359,1528,0.1388
171,1350,1521,0.1388
171,1353,1524,0.1388
167,1341,1508,0.1388
163,1340,1503,0.1388
171,1351,1522,0.1388
169,1333,1502,0.1388
173,1341,1514,0.1388
175,1334,1509,0.1388
175,1322,1497,0.1388
175,1319,1494,0.1388
175,1332,1507,0.1388
176,1329,1505,0.1388
177,1328,1505,0.1388
174,1336,1510,0.1388
179,1333,1512,0.1388
182,1333,1515,0.1388
180,1340,1520,0.1388
183,1339,1522,0.1388
185,1337,1522,0.1388
183,1343,1526,0.1388
185,1345,1530,0.1388
178,1355,1533,0.1388
180,1338,1518,0.1388
181,1337,1518,0.1388
181,1331,1512,0.1388
176,1334,1510,0.1388
176,1342,1518,0.1388
178,1340,1518,0.1388
176,1349,1525,0.1388
177,1337,1514,0.1388
180,1329,1509,0.1388
179,1329,1508,0.1388
182,1330,1512,0.1388
183,1331,1514,0.1388
181,1343,1524,0.1388
178,1338,1516,0.1388
174,1334,1508,0.1388
174,1343,1517,0.1388
171,1346,1517,0.1388
169,1338,1507,0.1388
177,1342,1519,0.1388
175,1329,1504,0.1388
176,1333,1509,0.1388
174,1346,1520,0.1388
178,1343,1521,0.1388
175,1349,1524,0.1388
173,1350,1523,0.1388
178,1356,1534,0.1388
182,1352,1534,0.1388
182,1348,1530,0.1388
183,1347,1530,0.1388
187,1341,1528,0.1388
182,1323,1505,0.1388
181,1335,1516,0.1388
180,1330,1510,0.1388
179,1340,1519,0.1388
177,1342,1519,0.1388
176,1346,1522,0.1388
173,1349,1522,0.1388
169,1354,1523,0.1388
167,1353,1520,0.1388
169,1345,1514,0.1388
171,1348,1519,0.1388
172,1344,1516,0.1388
167,1344,1511,0.1388
164,1346,1510,0.1388
160,1345,1505,0.1388
160,1346,1506,0.1388
160,1356,1516,0.1388
159,1351,1510,0.1388
161,1329,1490,0.1388
162,1336,1498,0.1388
162,1345,1507,0.1388
160,1357,1517,0.1388
162,1366,1528,0.1388
161,1372,1533,0.1388
162,1353,1515,0.1388
161,1345,1506,0.1388
157,1347,1504,0.1388
156,1349,1505,0.1388
159,1342,1501,0.1388
161,1336,1497,0.1388
161,1340,1501,0.1388
159,1337,1496,0.1388
156,1340,1496,0.1388
156,1348,1504,0.1388
158,1347,1505,0.1388
160,1346,1506,0.1388
161,1342,1503,0.1388
166,1350,1516,0.1388
166,1351,1517,0.1388
165,1342,1507,0.1388
162,1355,1517,0.1388
157,1368,1525,0.1388
161,1361,1522,0.1388
159,1356,1515,0.1388
158,1353,1511,0.1388
156,1346,1502,0.1388
156,1360,1516,0.1388
159,1353,1512,0.1388
154,1362,1516,0.1388
150,1354,1504,0.1388
152,1352,1504,0.1388
151,1368,1519,0.1388
150,1362,1512,0.1388
149,1370,1519,0.1388
152,1365,1517,0.1388
152,1374,1526,0.1388
151,1364,1515,0.1388
149,1355,1504,0.1388
145,1357,1502,0.1388
145,1357,1502,0.1388
146,1369,1515,0.1388
151,1370,1521,0.1388
149,1355,1504,0.1388
150,1361,1511,0.1388
153,1362,1515,0.1388
151,1349,1500,0.1388
147,1367,1514,0.1388
149,1368,1517,0.1388
151,1365,1516,0.1388
149,1349,1498,0.1388
152,1349,1501,0.1388
154,1352,1506,0.1388
154,1344,1498,0.1388
157,1344,1501,0.1388
159,1356,1515,0.1388
157,1351,1508,0.1388
156,1358,1514,0.1388
153,1356,1509,0.1388
151,1362,1513,0.1388
149,1363,1512,0.1388
145,1363,1508,0.1388
142,1375,1517,0.1388
138,1385,1523,0.1388
140,1387,1527,0.1388
138,1377,1515,0.1388
138,1384,1522,0.1388
132,1378,1510,0.1388
131,1364,1495,0.1388
134,1366,1500,0.1388
134,1378,1512,0.1388
129,1376,1505,0.1388
132,1374,1506,0.1388
135,1374,1509,0.1388
136,1363,1499,0.1388
137,1374,1511,0.1388
131,1373,1504,0.1388
137,1384,1521,0.1388
139,1373,1512,0.1388
137,1383,1520,0.1388
138,1375,1513,0.1388
139,1359,1498,0.1388
136,1358,1494,0.1388
139,1355,1494,0.1388
135,1350,1485,0.1388
136,1350,1486,0.1388
135,1351,1486,0.1388
139,1353,1492,0.1388
137,1367,1504,0.1388
137,1361,1498,0.1388
137,1371,1508,0.1388
143,1372,1515,0.1388
140,1368,1508,0.1388
141,1370,1511,0.1388
143,1357,1500,0.1388
140,1375,1515,0.1388
142,1370,1512,0.1388
142,1374,1516,0.1388
144,1383,1527,0.1388
139,1384,1523,0.1388
139,1375,1514,0.1388
141,1386,1527,0.1388
142,1390,1532,0.1388
142,1396,1538,0.1388
142,1398,1540,0.1388
138,1390,1528,0.1388
133,1395,1528,0.1388
131,1387,1518,0.1388
135,1385,1520,0.1388
135,1383,1518,0.1388
137,1381,1518,0.1388
135,1382,1517,0.1388
136,1378,1514,0.1388
138,1374,1512,0.1388
133,1383,1516,0.1388
133,1385,1518,0.1388
133,1397,1530,0.1388
130,1386,1516,0.1388
128,1391,1519,0.1388
128,1391,1519,0.1388
127,1386,1513,0.1388
120,1388,1508,0.1388
121,1394,1515,0.1388
118,1388,1506,0.1388
121,1384,1505,0.1388
119,1389,1508,0.1388
117,1382,1499,0.1388
119,1388,1507,0.1388
119,1399,1518,0.1388
119,1406,1525,0.1388
120,1398,1518,0.1388
118,1399,1517,0.1388
118,1396,1514,0.1388
117,1389,1506,0.1388
114,1405,1519,0.1388
113,1398,1511,0.1388
116,1410,1526,0.1388
115,1410,1525,0.1388
119,1411,1530,0.1388
119,1405,1524,0.1388
117,1405,1522,0.1388
114,1414,1528,0.1388
109,1428,1537,0.1388
110,1424,1534,0.1388
107,1414,1521,0.1388
111,1401,1512,0.1388
114,1406,1520,0.1388
112,1406,1518,0.1388
110,1400,1510,0.1388
110,1401,1511,0.1388
114,1410,1524,0.1388
106,1403,1509,0.1388
107,1397,1504,0.1388
109,1400,1509,0.1388
107,1406,1513,0.1388
105,1406,1511,0.1388
109,1402,1511,0.1388
110,1398,1508,0.1388
109,1395,1504,0.1388
110,1403,1513,0.1388
110,1407,1517,0.1388
109,1405,1514,0.1388
110,1407,1517,0.1388
109,1407,1516,0.1388
108,1410,1518,0.1388
107,1411,1518,0.1388
107,1407,1514,0.1388
107,1413,1520,0.1388
109,1393,1502,0.1388
108,1400,1508,0.1388
109,1404,1513,0.1388
108,1412,1520,0.1388
111,1411,1522,0.1388
107,1410,1517,0.1388
104,1410,1514,0.1388
105,1417,1522,0.1388
106,1418,1524,0.1388
105,1422,1527,0.1388
106,1414,1520,0.1388
106,1411,1517,0.1388
102,1410,1512,0.1388
102,1405,1507,0.1388
100,1397,1497,0.1388
100,1402,1502,0.1388
103,1393,1496,0.1388
101,1402,1503,0.1388
101,1396,1497,0.1388
106,1405,1511,0.1388
104,1415,1519,0.1388
105,1407,1512,0.1388
105,1401,1506,0.1388
107,1420,1527,0.1388
108,1415,1523,0.1388
106,1411,1517,0.1388
100,1404,1504,0.1388
98,1403,1501,0.1388
100,1414,1514,0.1388
101,1406,1507,0.1388
100,1406,1506,0.1388
100,1399,1499,0.1388
100,1404,1504,0.1388
97,1412,1509,0.1388
99,1407,1506,0.1388
101,1413,1514,0.1388
98,1406,1504,0.1388
96,1402,1498,0.1388
98,1415,1513,0.1388
100,1421,1521,0.1388
98,1418,1516,0.1388
95,1417,1512,0.1388
94,1402,1496,0.1388
97,1404,1501,0.1388
96,1406,1502,0.1388
97,1399,1496,0.1388
97,1411,1508,0.1388
100,1412,1512,0.1388
97,1404,1501,0.1388
99,1408,1507,0.1388
98,1401,1499,0.1388
102,1396,1498,0.1388
103,1411,1514,0.1388
101,1423,1524,0.1388
104,1415,1519,0.1388
104,1411,1515,0.1388
106,1418,1524,0.1388
103,1434,1537,0.1388
103,1427,1530,0.1388
101,1425,1526,0.1388
97,1433,1530,0.1388
97,1430,1527,0.1388
94,1426,1520,0.1388
90,1416,1506,0.1388
95,1419,1514,0.1388
96,1410,1506,0.1388
95,1411,1506,0.1388
94,1418,1512,0.1388
93,1432,1525,0.1388
92,1426,1518,0.1388
93,1424,1517,0.1388
91,1419,1510,0.1388
93,1410,1503,0.1388
92,1415,1507,0.1388
90,1409,1499,0.1388
91,1406,1497,0.1388
96,1413,1509,0.1388
96,1413,1509,0.1388
95,1414,1509,0.1388
99,1410,1509,0.1388
100,1409,1509,0.1388
98,1427,1525,0.1388
100,1410,1510,0.1388
100,1427,1527,0.1388
98,1431,1529,0.1388
97,1436,1533,0.1388
95,1433,1528,0.1388
95,1426,1521,0.1388
95,1426,1521,0.1388
92,1414,1506,0.1388
92,1408,1500,0.1388
93,1407,1500,0.1388
94,1404,1498,0.1388
94,1412,1506,0.1388
95,1419,1514,0.1388
96,1419,1515,0.1388
93,1423,1516,0.1388
95,1428,1523,0.1388
97,1435,1532,0.1388
97,1418,1515,0.1388
102,1408,1510,0.1388
104,1401,1505,0.1388
104,1408,1512,0.1388
106,1412,1518,0.1388
106,1405,1511,0.1388
105,1405,1510,0.1388
104,1402,1506,0.1388
105,1407,1512,0.1388
106,1412,1518,0.1388
102,1410,1512,0.1388
102,1417,1519,0.1388
102,1406,1508,0.1388
105,1406,1511,0.1388
106,1403,1509,0.1388
105,1413,1518,0.1388
105,1408,1513,0.1388
106,1414,1520,0.1388
109,1391,1500,0.1388
112,1392,1504,0.1388
111,1395,1506,0.1388
116,1394,1510,0.1388
114,1408,1522,0.1388
112,1411,1523,0.1388
110,1421,1531,0.1388
112,1406,1518,0.1388
111,1405,1516,0.1388
114,1411,1525,0.1388
115,1405,1520,0.1388
112,1404,1516,0.1388
111,1403,1514,0.1388
109,1414,1523,0.1388
110,1411,1521,0.1388
110,1422,1532,0.1388
113,1424,1537,0.1388
113,1422,1535,0.1388
111,1415,1526,0.1388
111,1412,1523,0.1388
112,1410,1522,0.1388
112,1413,1525,0.1388
111,1418,1529,0.1388
109,1420,1529,0.1388
111,1416,1527,0.1388
112,1418,1530,0.1388
111,1417,1528,0.1388
115,1409,1524,0.1388
116,1411,1527,0.1388
113,1421,1534,0.1388
113,1417,1530,0.1388
112,1416,1528,0.1388
118,1398,1516,0.1388
117,1395,1512,0.1388
119,1391,1510,0.1388
120,1384,1504,0.1388
122,1388,1510,0.1388
120,1383,1503,0.1388
122,1398,1520,0.1388
127,1381,1508,0.1388
128,1393,1521,0.1388
128,1389,1517,0.1388
126,1387,1513,0.1388
124,1397,1521,0.1388
121,1394,1515,0.1388
122,1396,1518,0.1388
121,1399,1520,0.1388
117,1395,1512,0.1388
115,1395,1510,0.1388
114,1388,1502,0.1388
117,1401,1518,0.1388
116,1396,1512,0.1388
118,1399,1517,0.1388
117,1388,1505,0.1388
117,1400,1517,0.1388
115,1396,1511,0.1388
115,1399,1514,0.1388
116,1406,1522,0.1388
117,1404,1521,0.1388
118,1389,1507,0.1388
117,1382,1499,0.1388
117,1391,1508,0.1388
118,1394,1512,0.1388
115,1402,1517,0.1388
115,1407,1522,0.1388
116,1402,1518,0.1388
118,1390,1508,0.1388
116,1398,1514,0.1388
117,1389,1506,0.1388
116,1389,1505,0.1388
114,1400,1514,0.1388
116,1401,1517,0.1388
118,1391,1509,0.1388
118,1398,1516,0.1388
121,1407,1528,0.1388
121,1411,1532,0.1388
121,1407,1528,0.1388
117,1408,1525,0.1388
114,1412,1526,0.1388
114,1408,1522,0.1388
113,1409,1522,0.1388
114,1408,1522,0.1388
117,1400,1517,0.1388
116,1390,1506,0.1388
113,1404,1517,0.1388
113,1408,1521,0.1388
114,1404,1518,0.1388
115,1403,1518,0.1388
110,1405,1515,0.1388
110,1398,1508,0.1388
110,1386,1496,0.1388
111,1383,1494,0.1388
113,1385,1498,0.1388
114,1384,1498,0.1388
111,1399,1510,0.1388
110,1410,1520,0.1388
109,1411,1520,0.1388
111,1407,1518,0.1388
113,1407,1520,0.1388
110,1415,1525,0.1388
112,1409,1521,0.1388
108,1413,1521,0.1388
111,1403,1514,0.1388
107,1399,1506,0.1388
106,1397,1503,0.1388
108,1408,1516,0.1388
110,1399,1509,0.1388
105,1401,1506,0.1388
107,1403,1510,0.1388
106,1407,1513,0.1388
108,1397,1505,0.1388
105,1403,1508,0.1388
107,1409,1516,0.1388
107,1402,1509,0.1388
109,1402,1511,0.1388
110,1405,1515,0.1388
111,1416,1527,0.1388
111,1415,1526,0.1388
111,1403,1514,0.1388
110,1421,1531,0.1388
110,1412,1522,0.1388
110,1414,1524,0.1388
109,1411,1520,0.1388
113,1401,1514,0.1388
115,1409,1524,0.1388
112,1403,1515,0.1388
111,1393,1504,0.1388
111,1399,1510,0.1388
111,1400,1511,0.1388
109,1394,1503,0.1388
108,1385,1493,0.1388
108,1397,1505,0.1388
108,1400,1508,0.1388
109,1401,1510,0.1388
109,1404,1513,0.1388
112,1395,1507,0.1388
109,1412,1521,0.1388
107,1418,1525,0.1388
104,1418,1522,0.1388
105,1402,1507,0.1388
103,1410,1513,0.1388
102,1415,1517,0.1388
101,1407,1508,0.1388
103,1395,1498,0.1388
106,1388,1494,0.1388
103,1395,1498,0.1388
100,1397,1497,0.1388
101,1416,1517,0.1388
100,1424,1524,0.1388
97,1421,1518,0.1388
99,1422,1521,0.1388
99,1410,1509,0.1388
98,1418,1516,0.1388
95,1425,1520,0.1388
96,1426,1522,0.1388
98,1422,1520,0.1388
99,1418,1517,0.1388
100,1414,1514,0.1388
99,1422,1521,0.1388
101,1402,1503,0.1388
103,1401,1504,0.1388
100,1408,1508,0.1388
99,1403,1502,0.1388
97,1404,1501,0.1388
97,1413,1510,0.1388
95,1422,1517,0.1388
96,1420,1516,0.1388
91,1420,1511,0.1388
92,1417,1509,0.1388
92,1424,1516,0.1388
92,1425,1517,0.1388
96,1426,1522,0.1388
95,1428,1523,0.1388
96,1415,1511,0.1388
97,1419,1516,0.1388
97,1430,1527,0.1388
98,1434,1532,0.1388
95,1422,1517,0.1388
95,1407,1502,0.1388
96,1414,1510,0.1388
96,1416,1512,0.1388
97,1419,1516,0.1388
94,1409,1503,0.1388
97,1411,1508,0.1388
95,1419,1514,0.1388
95,1419,1514,0.1388
91,1410,1501,0.1388
88,1405,1493,0.1388
86,1404,1490,0.1388
83,1411,1494,0.1388
89,1419,1508,0.1388
87,1418,1505,0.1388
86,1424,1510,0.1388
87,1426,1513,0.1388
88,1413,1501,0.1388
84,1421,1505,0.1388
87,1427,1514,0.1388
87,1422,1509,0.1388
84,1425,1509,0.1388
85,1440,1525,0.1388
85,1440,1525,0.1388
84,1433,1517,0.1388
86,1425,1511,0.1388
85,1443,1528,0.1388
84,1444,1528,0.1388
86,1441,1527,0.1388
85,1425,1510,0.1388
86,1422,1508,0.1388
87,1435,1522,0.1388
85,1434,1519,0.1388
83,1427,1510,0.1388
79,1429,1508,0.1388
74,1438,1512,0.1388
74,1439,1513,0.1388
72,1435,1507,0.1388
80,1437,1517,0.1388
80,1432,1512,0.1388
80,1431,1511,0.1388
83,1422,1505,0.1388
84,1430,1514,0.1388
83,1435,1518,0.1388
81,1434,1515,0.1388
78,1426,1504,0.1388
77,1428,1505,0.1388
77,1433,1510,0.1388
79,1407,1486,0.1388
82,1416,1498,0.1388
83,1435,1518,0.1388
77,1434,1511,0.1388
76,1424,1500,0.1388
77,1429,1506,0.1388
78,1431,1509,0.1388
71,1439,1510,0.1388
72,1451,1523,0.1388
72,1447,1519,0.1388
74,1457,1531,0.1388
72,1445,1517,0.1388
74,1439,1513,0.1388
77,1446,1523,0.1388
75,1435,1510,0.1388
74,1437,1511,0.1388
76,1439,1515,0.1388
76,1445,1521,0.1388
74,1453,1527,0.1388
74,1446,1520,0.1388
74,1432,1506,0.1388
75,1442,1517,0.1388
73,1442,1515,0.1388
73,1437,1510,0.1388
71,1448,1519,0.1388
73,1451,1524,0.1388
74,1446,1520,0.1388
72,1447,1519,0.1388
76,1432,1508,0.1388
76,1438,1514,0.1388
77,1449,1526,0.1388
76,1446,1522,0.1388
76,1448,1524,0.1388
69,1447,1516,0.1388
70,1441,1511,0.1388
69,1438,1507,0.1388
70,1443,1513,0.1388
68,1440,1508,0.1388
67,1447,1514,0.1388
67,1440,1507,0.1388
69,1454,1523,0.1388
70,1447,1517,0.1388
73,1452,1525,0.1388
73,1449,1522,0.1388
70,1460,1530,0.1388
71,1445,1516,0.1388
69,1446,1515,0.1388
67,1428,1495,0.1388
67,1446,1513,0.1388
69,1440,1509,0.1388
69,1443,1512,0.1388
66,1453,1519,0.1388
68,1462,1530,0.1388
70,1464,1534,0.1388
71,1454,1525,0.1388
70,1457,1527,0.1388
70,1453,1523,0.1388
70,1440,1510,0.1388
71,1438,1509,0.1388
70,1448,1518,0.1388
69,1453,1522,0.1388
67,1453,1520,0.1388
69,1444,1513,0.1388
68,1445,1513,0.1388
66,1449,1515,0.1388
66,1457,1523,0.1388
68,1442,1510,0.1388
69,1449,1518,0.1388
69,1452,1521,0.1388
69,1458,1527,0.1388
68,1448,1516,0.1388
66,1438,1504,0.1388
65,1447,1512,0.1388
65,1452,1517,0.1388
67,1460,1527,0.1388
64,1445,1509,0.1388
65,1450,1515,0.1388
64,1453,1517,0.1388
62,1460,1522,0.1388
61,1453,1514,0.1388
59,1453,1512,0.1388
58,1448,1506,0.1388
60,1447,1507,0.1388
61,1444,1505,0.1388
58,1443,1501,0.1388
55,1462,1517,0.1388
51,1457,1508,0.1388
51,1460,1511,0.1388
49,1466,1515,0.1388
48,1463,1511,0.1388
47,1463,1510,0.1388
48,1458,1506,0.1388
46,1458,1504,0.1388
48,1457,1505,0.1388
45,1460,1505,0.1388
44,1457,1501,0.1388
41,1471,1512,0.1388
41,1465,1506,0.1388
42,1470,1512,0.1388
42,1473,1515,0.1388
43,1478,1521,0.1388
42,1480,1522,0.1388
43,1478,1521,0.1388
43,1476,1519,0.1388
44,1457,1501,0.1388
45,1472,1517,0.1388
45,1476,1521,0.1388
43,1472,1515,0.1388
44,1471,1515,0.1388
46,1459,1505,0.1388
48,1465,1513,0.1388
46,1455,1501,0.1388
44,1467,1511,0.1388
44,1476,1520,0.1388
42,1479,1521,0.1388
38,1474,1512,0.1388
38,1465,1503,0.1388
37,1476,1513,0.1388
35,1483,1518,0.1388
38,1474,1512,0.1388
39,1473,1512,0.1388
40,1478,1518,0.1388
40,1470,1510,0.1388
38,1492,1530,0.1388
35,1489,1524,0.1388
37,1486,1523,0.1388
36,1483,1519,0.1388
36,1479,1515,0.1388
38,1479,1517,0.1388
39,1477,1516,0.1388
37,1477,1514,0.1388
35,1478,1513,0.1388
34,1472,1506,0.1388
33,1485,1518,0.1388
33,1480,1513,0.1388
32,1484,1516,0.1388
33,1477,1510,0.1388
33,1470,1503,0.1388
33,1494,1527,0.1388
33,1471,1504,0.1388
33,1481,1514,0.1388
34,1476,1510,0.1388
34,1484,1518,0.1388
33,1485,1518,0.1388
33,1488,1521,0.1388
33,1481,1514,0.1388
32,1486,1518,0.1388
32,1481,1513,0.1388
31,1471,1502,0.1388
31,1484,1515,0.1388
32,1485,1517,0.1388
30,1489,1519,0.1388
30,1491,1521,0.1388
30,1486,1516,0.1388
29,1480,1509,0.1388
29,1497,1526,0.1388
30,1502,1532,0.1388
31,1496,1527,0.1388
31,1499,1530,0.1388
31,1491,1522,0.1388
31,1500,1531,0.1388
31,1494,1525,0.1388
30,1496,1526,0.1388
31,1489,1520,0.1388
31,1477,1508,0.1388
31,1471,1502,0.1388
31,1473,1504,0.1388
30,1481,1511,0.1388
29,1485,1514,0.1388
31,1494,1525,0.1388
29,1485,1514,0.1388
27,1490,1517,0.1388
26,1484,1510,0.1388
26,1496,1522,0.1388
26,1507,1533,0.1388
26,1499,1525,0.1388
25,1495,1520,0.1388
25,1487,1512,0.1388
25,1486,1511,0.1388
26,1483,1509,0.1388
25,1502,1527,0.1388
26,1486,1512,0.1388
26,1497,1523,0.1388
24,1493,1517,0.1388
22,1490,1512,0.1388
24,1499,1523,0.1388
22,1509,1531,0.1388
24,1495,1519,0.1388
22,1495,1517,0.1388
21,1500,1521,0.1388
22,1503,1525,0.1388
22,1511,1533,0.1388
21,1506,1527,0.1388
20,1499,1519,0.1388
19,1510,1529,0.1388
19,1513,1532,0.1388
20,1499,1519,0.1388
19,1498,1517,0.1388
19,1504,1523,0.1388
18,1501,1519,0.1388
18,1505,1523,0.1388
18,1499,1517,0.1388
19,1500,1519,0.1388
19,1493,1512,0.1388
19,1494,1513,0.1388
19,1492,1511,0.1388
19,1494,1513,0.1388
20,1497,1517,0.1388
20,1500,1520,0.1388
21,1492,1513,0.1388
21,1493,1514,0.1388
20,1495,1515,0.1388
21,1502,1523,0.1388
21,1496,1517,0.1388
21,1499,1520,0.1388
20,1500,1520,0.1388
20,1488,1508,0.1388
20,1495,1515,0.1388
19,1506,1525,0.1388
20,1500,1520,0.1388
19,1498,1517,0.1388
18,1501,1519,0.1388
19,1503,1522,0.1388
19,1496,1515,0.1388
19,1510,1529,0.1388
21,1507,1528,0.1388
21,1490,1511,0.1388
21,1493,1514,0.1388
22,1500,1522,0.1388
21,1503,1524,0.1388
20,1497,1517,0.1388
17,1497,1514,0.1388
19,1511,1530,0.1388
19,1503,1522,0.1388
18,1499,1517,0.1388
17,1499,1516,0.1388
17,1502,1519,0.1388
17,1507,1524,0.1388
17,1497,1514,0.1388
18,1486,1504,0.1388
18,1476,1494,0.1388
20,1482,1502,0.1388
20,1488,1508,0.1388
20,1480,1500,0.1388
18,1475,1493,0.1388
18,1496,1514,0.1388
18,1505,1523,0.1388
16,1503,1519,0.1388
17,1510,1527,0.1388
17,1491,1508,0.1388
17,1492,1509,0.1388
17,1504,1521,0.1388
17,1495,1512,0.1388
17,1483,1500,0.1388
17,1495,1512,0.1388
17,1508,1525,0.1388
16,1513,1529,0.1388
15,1519,1534,0.1388
16,1506,1522,0.1388
15,1499,1514,0.1388
16,1506,1522,0.1388
17,1499,1516,0.1388
16,1513,1529,0.1388
17,1510,1527,0.1388
17,1504,1521,0.1388
17,1503,1520,0.1388
17,1517,1534,0.1388
18,1511,1529,0.1388
18,1517,1535,0.1388
17,1515,1532,0.1388
17,1500,1517,0.1388
17,1516,1533,0.1388
17,1514,1531,0.1388
17,1509,1526,0.1388
16,1518,1534,0.1388
15,1514,1529,0.1388
15,1512,1527,0.1388
14,1507,1521,0.1388
13,1503,1516,0.1388
11,1516,1527,0.1388
11,1520,1531,0.1388
11,1508,1519,0.1388
11,1505,1516,0.1388
11,1498,1509,0.1388
11,1501,1512,0.1388
13,1494,1507,0.1388
13,1487,1500,0.1388
13,1487,1500,0.1388
13,1490,1503,0.1388
14,1491,1505,0.1388
16,1498,1514,0.1388
16,1499,1515,0.1388
17,1483,1500,0.1388
14,1498,1512,0.1388
13,1495,1508,0.1388
13,1492,1505,0.1388
14,1497,1511,0.1388
15,1502,1517,0.1388
14,1510,1524,0.1388
15,1522,1537,0.1388
15,1496,1511,0.1388
17,1490,1507,0.1388
18,1495,1513,0.1388
19,1501,1520,0.1388
17,1505,1522,0.1388
17,1507,1524,0.1388
20,1487,1507,0.1388
20,1481,1501,0.1388
20,1475,1495,0.1388
20,1486,1506,0.1388
20,1498,1518,0.1388
21,1493,1514,0.1388
22,1494,1516,0.1388
23,1501,1524,0.1388
24,1504,1528,0.1388
24,1493,1517,0.1388
25,1496,1521,0.1388
25,1496,1521,0.1388
24,1485,1509,0.1388
25,1482,1507,0.1388
25,1491,1516,0.1388
25,1483,1508,0.1388
23,1489,1512,0.1388
24,1488,1512,0.1388
24,1485,1509,0.1388
23,1493,1516,0.1388
22,1493,1515,0.1388
19,1488,1507,0.1388
18,1487,1505,0.1388
18,1467,1485,0.1388
21,1485,1506,0.1388
20,1491,1511,0.1388
18,1480,1498,0.1388
20,1485,1505,0.1388
21,1483,1504,0.1388
21,1497,1518,0.1388
20,1499,1519,0.1388
21,1492,1513,0.1388
21,1487,1508,0.1388
21,1500,1521,0.1388
20,1496,1516,0.1388
18,1508,1526,0.1388
16,1505,1521,0.1388
16,1494,1510,0.1388
16,1481,1497,0.1388
17,1485,1502,0.1388
17,1494,1511,0.1388
17,1482,1499,0.1388
17,1488,1505,0.1388
16,1480,1496,0.1388
16,1484,1500,0.1388
16,1479,1495,0.1388
16,1501,1517,0.1388
15,1508,1523,0.1388
16,1508,1524,0.1388
16,1502,1518,0.1388
16,1494,1510,0.1388
15,1501,1516,0.1388
15,1521,1536,0.1388
14,1514,1528,0.1388
14,1517,1531,0.1388
12,1508,1520,0.1388
12,1512,1524,0.1388
12,1509,1521,0.1388
12,1508,1520,0.1388
12,1506,1518,0.1388
11,1504,1515,0.1388
11,1505,1516,0.1388
10,1506,1516,0.1388
9,1511,1520,0.1388
10,1520,1530,0.1388
11,1520,1531,0.1388
12,1511,1523,0.1388
12,1510,1522,0.1388
10,1503,1513,0.1388
9,1502,1511,0.1388
9,1488,1497,0.1388
9,1491,1500,0.1388
9,1494,1503,0.1388
9,1500,1509,0.1388
10,1518,1528,0.1388
10,1501,1511,0.1388
10,1498,1508,0.1388
9,1510,1519,0.1388
10,1520,1530,0.1388
11,1515,1526,0.1388
11,1521,1532,0.1388
11,1527,1538,0.1388
11,1507,1518,0.1388
11,1502,1513,0.1388
10,1504,1514,0.1388
10,1513,1523,0.1388
10,1516,1526,0.1388
10,1513,1523,0.1388
10,1505,1515,0.1388
10,1498,1508,0.1388
9,1503,1512,0.1388
8,1500,1508,0.1388
8,1509,1517,0.1388
8,1508,1516,0.1388
8,1510,1518,0.1388
8,1519,1527,0.1388
8,1509,1517,0.1388
10,1515,1525,0.1388
10,1499,1509,0.1388
11,1498,1509,0.1388
11,1508,1519,0.1388
10,1502,1512,0.1388
10,1503,1513,0.1388
10,1510,1520,0.1388
11,1502,1513,0.1388
12,1492,1504,0.1388
12,1497,1509,0.1388
11,1507,1518,0.1388
11,1522,1533,0.1388
11,1526,1537,0.1388
10,1533,1543,0.1388
10,1513,1523,0.1388
9,1503,1512,0.1388
8,1489,1497,0.1388
8,1489,1497,0.1388
7,1516,1523,0.1388
7,1516,1523,0.1388
7,1527,1534,0.1388
7,1504,1511,0.1388
7,1501,1508,0.1388
7,1502,1509,0.1388
6,1512,1518,0.1388
5,1520,1525,0.1388
5,1521,1526,0.1388
5,1510,1515,0.1388
5,1509,1514,0.1388
5,1510,1515,0.1388
4,1515,1519,0.1388
4,1514,1518,0.1388
4,1521,1525,0.1388
4,1512,1516,0.1388
4,1505,1509,0.1388
4,1507,1511,0.1388
4,1509,1513,0.1388
4,1513,1517,0.1388
4,1513,1517,0.1388
4,1517,1521,0.1388
4,1509,1513,0.1388
5,1517,1522,0.1388
5,1514,1519,0.1388
5,1505,1510,0.1388
5,1507,1512,0.1388
5,1515,1520,0.1388
6,1517,1523,0.1388
6,1519,1525,0.1388
6,1516,1522,0.1388
6,1518,1524,0.1388
6,1515,1521,0.1388
7,1510,1517,0.1388
6,1505,1511,0.1388
6,1516,1522,0.1388
6,1514,1520,0.1388
6,1510,1516,0.1388
6,1526,1532,0.1388
6,1530,1536,0.1388
6,1528,1534,0.1388
6,1517,1523,0.1388
6,1499,1505,0.1388
6,1505,1511,0.1388
6,1507,1513,0.1388
5,1509,1514,0.1388
5,1504,1509,0.1388
5,1503,1508,0.1388
5,1509,1514,0.1388
5,1506,1511,0.1388
5,1510,1515,0.1388
5,1517,1522,0.1388
5,1515,1520,0.1388
5,1520,1525,0.1388
5,1525,1530,0.1388
5,1521,1526,0.1388
5,1510,1515,0.1388
4,1510,1514,0.1388
4,1506,1510,0.1388
4,1509,1513,0.1388
4,1516,1520,0.1388
4,1523,1527,0.1388
4,1517,1521,0.1388
4,1507,1511,0.1388
3,1514,1517,0.1388
3,1510,1513,0.1388
3,1518,1521,0.1388
3,1512,1515,0.1388
3,1506,1509,0.1388
3,1496,1499,0.1388
3,1511,1514,0.1388
3,1516,1519,0.1388
3,1519,1522,0.1388
3,1531,1534,0.1388
3,1524,1527,0.1388
3,1509,1512,0.1388
4,1511,1515,0.1388
4,1509,1513,0.1388
4,1514,1518,0.1388
4,1499,1503,0.1388
4,1499,1503,0.1388
4,1513,1517,0.1388
4,1512,1516,0.1388
4,1513,1517,0.1388
4,1508,1512,0.1388
5,1511,1516,0.1388
5,1496,1501,0.1388
4,1513,1517,0.1388
4,1520,1524,0.1388
5,1494,1499,0.1388
5,1516,1521,0.1388
5,1502,1507,0.1388
5,1509,1514,0.1388
4,1501,1505,0.1388
4,1497,1501,0.1388
5,1514,1519,0.1388
5,1502,1507,0.1388
5,1506,1511,0.1388
5,1501,1506,0.1388
5,1496,1501,0.1388
5,1503,1508,0.1388
5,1516,1521,0.1388
5,1511,1516,0.1388
4,1503,1507,0.1388
4,1522,1526,0.1388
4,1518,1522,0.1388
4,1520,1524,0.1388
4,1524,1528,0.1388
4,1518,1522,0.1388
4,1505,1509,0.1388
4,1504,1508,0.1388
4,1518,1522,0.1388
4,1505,1509,0.1388
3,1508,1511,0.1388
3,1519,1522,0.1388
3,1513,1516,0.1388
3,1507,1510,0.1388
3,1520,1523,0.1388
3,1514,1517,0.1388
3,1509,1512,0.1388
3,1509,1512,0.1388
3,1510,1513,0.1388
3,1514,1517,0.1388
3,1518,1521,0.1388
3,1524,1527,0.1388
3,1525,1528,0.1388
3,1514,1517,0.1388
3,1513,1516,0.1388
3,1513,1516,0.1388
3,1519,1522,0.1388
3,1516,1519,0.1388
3,1524,1527,0.1388
3,1510,1513,0.1388
3,1518,1521,0.1388
3,1518,1521,0.1388
2,1524,1526,0.1388
2,1527,1529,0.1388
2,1527,1529,0.1388
2,1534,1536,0.1388
2,1515,1517,0.1388
2,1512,1514,0.1388
2,1525,1527,0.1388
2,1526,1528,0.1388
2,1516,1518,0.1388
2,1521,1523,0.1388
2,1514,1516,0.1388
2,1512,1514,0.1388
2,1500,1502,0.1388
2,1513,1515,0.1388
2,1515,1517,0.1388
2,1516,1518,0.1388
2,1515,1517,0.1388
1,1521,1522,0.1388
1,1508,1509,0.1388
1,1504,1505,0.1388
1,1507,1508,0.1388
1,1506,1507,0.1388
1,1515,1516,0.1388
1,1523,1524,0.1388
1,1506,1507,0.1388
1,1513,1514,0.1388
1,1515,1516,0.1388
1,1510,1511,0.1388
1,1520,1521,0.1388
1,1520,1521,0.1388
1,1514,1515,0.1388
1,1517,1518,0.1388
1,1512,1513,0.1388
2,1503,1505,0.1388
2,1499,1501,0.1388
2,1511,1513,0.1388
2,1518,1520,0.1388
2,1505,1507,0.1388
2,1516,1518,0.1388
2,1513,1515,0.1388
2,1513,1515,0.1388
2,1517,1519,0.1388
2,1522,1524,0.1388
2,1513,1515,0.1388
2,1514,1516,0.1388
2,1515,1517,0.1388
2,1517,1519,0.1388
2,1507,1509,0.1388
2,1491,1493,0.1388
2,1509,1511,0.1388
2,1498,1500,0.1388
2,1498,1500,0.1388
2,1514,1516,0.1388
3,1506,1509,0.1388
3,1510,1513,0.1388
3,1516,1519,0.1388
3,1516,1519,0.1388
3,1517,1520,0.1388
4,1518,1522,0.1388
4,1519,1523,0.1388
4,1526,1530,0.1388
4,1517,1521,0.1388
4,1514,1518,0.1388
4,1522,1526,0.1388
4,1514,1518,0.1388
4,1502,1506,0.1388
4,1508,1512,0.1388
4,1509,1513,0.1388
4,1512,1516,0.1388
4,1502,1506,0.1388
4,1497,1501,0.1388
4,1507,1511,0.1388
4,1501,1505,0.1388
4,1507,1511,0.1388
5,1504,1509,0.1388
5,1493,1498,0.1388
5,1506,1511,0.1388
4,1504,1508,0.1388
4,1499,1503,0.1388
4,1508,1512,0.1388
4,1507,1511,0.1388
4,1519,1523,0.1388
5,1516,1521,0.1388
5,1520,1525,0.1388
5,1513,1518,0.1388
4,1506,1510,0.1388
4,1511,1515,0.1388
4,1502,1506,0.1388
4,1508,1512,0.1388
4,1513,1517,0.1388
4,1513,1517,0.1388
4,1514,1518,0.1388
4,1509,1513,0.1388
4,1511,1515,0.1388
4,1516,1520,0.1388
4,1517,1521,0.1388
4,1528,1532,0.1388
4,1513,1517,0.1388
4,1514,1518,0.1388
4,1496,1500,0.1388
4,1504,1508,0.1388
4,1508,1512,0.1388
4,1515,1519,0.1388
4,1504,1508,0.1388
5,1502,1507,0.1388
5,1504,1509,0.1388
4,1515,1519,0.1388
4,1520,1524,0.1388
6,1519,1525,0.1388
6,1512,1518,0.1388
6,1518,1524,0.1388
5,1518,1523,0.1388
5,1495,1500,0.1388
5,1509,1514,0.1388
5,1500,1505,0.1388
5,1498,1503,0.1388
5,1505,1510,0.1388
5,1520,1525,0.1388
5,1517,1522,0.1388
5,1513,1518,0.1388
5,1507,1512,0.1388
5,1508,1513,0.1388
5,1505,1510,0.1388
5,1519,1524,0.1388
5,1513,1518,0.1388
5,1498,1503,0.1388
5,1503,1508,0.1388
5,1520,1525,0.1388
5,1517,1522,0.1388
5,1520,1525,0.1388
5,1522,1527,0.1388
5,1529,1534,0.1388
5,1517,1522,0.1388
5,1517,1522,0.1388
5,1515,1520,0.1388
5,1521,1526,0.1388
5,1520,1525,0.1388
4,1516,1520,0.1388
3,1527,1530,0.1388
3,1531,1534,0.1388
3,1515,1518,0.1388
3,1509,1512,0.1388
3,1507,1510,0.1388
3,1505,1508,0.1388
3,1504,1507,0.1388
3,1514,1517,0.1388
3,1518,1521,0.1388
3,1515,1518,0.1388
3,1528,1531,0.1388
4,1527,1531,0.1388
4,1527,1531,0.1388
4,1511,1515,0.1388
4,1508,1512,0.1388
4,1508,1512,0.1388
4,1514,1518,0.1388
4,1520,1524,0.1388
4,1521,1525,0.1388
4,1522,1526,0.1388
4,1503,1507,0.1388
4,1521,1525,0.1388
5,1509,1514,0.1388
5,1509,1514,0.1388
5,1513,1518,0.1388
5,1525,1530,0.1388
5,1522,1527,0.1388
3,1525,1528,0.1388
3,1527,1530,0.1388
3,1528,1531,0.1388
3,1510,1513,0.1388
3,1517,1520,0.1388
3,1512,1515,0.1388
3,1515,1518,0.1388
3,1515,1518,0.1388
3,1516,1519,0.1388
3,1516,1519,0.1388
3,1509,1512,0.1388
3,1506,1509,0.1388
3,1515,1518,0.1388
3,1515,1518,0.1388
3,1514,1517,0.1388
3,1521,1524,0.1388
3,1516,1519,0.1388
3,1506,1509,0.1388
3,1510,1513,0.1388
3,1504,1507,0.1388
3,1509,1512,0.1388
3,1509,1512,0.1388
2,1520,1522,0.1388
4,1517,1521,0.1388
4,1528,1532,0.1388
4,1530,1534,0.1388
4,1525,1529,0.1388
4,1514,1518,0.1388
4,1502,1506,0.1388
4,1520,1524,0.1388
4,1527,1531,0.1388
4,1521,1525,0.1388
4,1521,1525,0.1388
4,1510,1514,0.1388
4,1514,1518,0.1388
4,1512,1516,0.1388
4,1517,1521,0.1388
4,1520,1524,0.1388
3,1512,1515,0.1388
2,1511,1513,0.1388
2,1524,1526,0.1388
3,1523,1526,0.1388
3,1519,1522,0.1388
3,1519,1522,0.1388
3,1503,1506,0.1388
3,1518,1521,0.1388
3,1514,1517,0.1388
3,1520,1523,0.1388
3,1522,1525,0.1388
3,1527,1530,0.1388
3,1513,1516,0.1388
3,1510,1513,0.1388
3,1515,1518,0.1388
3,1513,1516,0.1388
2,1515,1517,0.1388
2,1516,1518,0.1388
2,1504,1506,0.1388
2,1499,1501,0.1388
2,1503,1505,0.1388
2,1512,1514,0.1388
1,1521,1522,0.1388
1,1519,1520,0.1388
1,1515,1516,0.1388
1,1504,1505,0.1388
1,1512,1513,0.1388
1,1496,1497,0.1388
1,1502,1503,0.1388
1,1505,1506,0.1388
1,1526,1527,0.1388
1,1516,1517,0.1388
1,1512,1513,0.1388
1,1501,1502,0.1388
1,1516,1517,0.1388
0,1516,1516,0.1388
