1365,33,1398,0.1388
1396,35,1431,0.1388
1408,37,1445,0.1388
1428,34,1462,0.1388
1432,34,1466,0.1388
1444,34,1478,0.1388
1449,35,1484,0.1388
1436,35,1471,0.1388
1444,36,1480,0.1388
1446,37,1483,0.1388
1458,39,1497,0.1388
1454,39,1493,0.1388
1463,39,1502,0.1388
1447,39,1486,0.1388
1445,41,1486,0.1388
1443,40,1483,0.1388
1458,37,1495,0.1388
1460,39,1499,0.1388
1451,38,1489,0.1388
1446,39,1485,0.1388
1451,38,1489,0.1388
1454,38,1492,0.1388
1453,39,1492,0.1388
1444,41,1485,0.1388
1456,44,1500,0.1388
1457,47,1504,0.1388
1450,43,1493,0.1388
1453,42,1495,0.1388
1459,42,1501,0.1388
1480,44,1524,0.1388
1474,44,1518,0.1388
1471,42,1513,0.1388
1463,41,1504,0.1388
1461,41,1502,0.1388
1463,43,1506,0.1388
1458,42,1500,0.1388
1445,40,1485,0.1388
1445,39,1484,0.1388
1445,40,1485,0.1388
1456,39,1495,0.1388
1457,38,1495,0.1388
1457,37,1494,0.1388
1468,38,1506,0.1388
1458,40,1498,0.1388
1461,39,1500,0.1388
1463,39,1502,0.1388
1456,37,1493,0.1388
1457,39,1496,0.1388
1454,39,1493,0.1388
1451,40,1491,0.1388
1454,41,1495,0.1388
1447,42,1489,0.1388
1454,39,1493,0.1388
1457,37,1494,0.1388
1460,39,1499,0.1388
1450,40,1490,0.1388
1457,40,1497,0.1388
1447,40,1487,0.1388
1450,43,1493,0.1388
1450,44,1494,0.1388
1458,45,1503,0.1388
1455,43,1498,0.1388
1459,41,1500,0.1388
1467,41,1508,0.1388
1456,42,1498,0.1388
1457,44,1501,0.1388
1456,45,1501,0.1388
1445,42,1487,0.1388
1441,45,1486,0.1388
1446,44,1490,0.1388
1439,43,1482,0.1388
1445,45,1490,0.1388
1451,45,1496,0.1388
1448,44,1492,0.1388
1446,44,1490,0.1388
1459,45,1504,0.1388
1455,47,1502,0.1388
1462,45,1507,0.1388
1455,43,1498,0.1388
1457,46,1503,0.1388
1455,46,1501,0.1388
1462,47,1509,0.1388
1458,50,1508,0.1388
1464,51,1515,0.1388
1450,52,1502,0.1388
1446,53,1499,0.1388
1440,54,1494,0.1388
1433,55,1488,0.1388
1432,60,1492,0.1388
1436,61,1497,0.1388
1436,57,1493,0.1388
1432,59,1491,0.1388
1430,58,1488,0.1388
1429,57,1486,0.1388
1435,57,1492,0.1388
1431,58,1489,0.1388
1430,58,1488,0.1388
1430,58,1488,0.1388
1440,59,1499,0.1388
1436,60,1496,0.1388
1434,62,1496,0.1388
1437,64,1501,0.1388
1430,62,1492,0.1388
1437,64,1501,0.1388
1440,63,1503,0.1388
1444,60,1504,0.1388
1438,55,1493,0.1388
1436,56,1492,0.1388
1434,57,1491,0.1388
1434,62,1496,0.1388
1441,64,1505,0.1388
1431,63,1494,0.1388
1433,65,1498,0.1388
1431,65,1496,0.1388
1433,68,1501,0.1388
1432,68,1500,0.1388
1433,69,1502,0.1388
1433,69,1502,0.1388
1433,66,1499,0.1388
1435,66,1501,0.1388
1435,70,1505,0.1388
1444,71,1515,0.1388
1449,70,1519,0.1388
1431,68,1499,0.1388
1423,66,1489,0.1388
1425,69,1494,0.1388
1435,67,1502,0.1388
1431,68,1499,0.1388
1441,69,1510,0.1388
1437,68,1505,0.1388
1441,67,1508,0.1388
1436,66,1502,0.1388
1437,68,1505,0.1388
1425,70,1495,0.1388
1423,70,1493,0.1388
1416,72,1488,0.1388
1410,75,1485,0.1388
1410,76,1486,0.1388
1417,75,1492,0.1388
1410,76,1486,0.1388
1422,74,1496,0.1388
1426,72,1498,0.1388
1429,73,1502,0.1388
1431,73,1504,0.1388
1437,72,1509,0.1388
1434,68,1502,0.1388
1426,66,1492,0.1388
1422,66,1488,0.1388
1416,70,1486,0.1388
1424,69,1493,0.1388
1408,69,1477,0.1388
1401,68,1469,0.1388
1411,72,1483,0.1388
1421,73,1494,0.1388
1427,73,1500,0.1388
1427,72,1499,0.1388
1436,69,1505,0.1388
1435,70,1505,0.1388
1433,72,1505,0.1388
1425,74,1499,0.1388
1424,73,1497,0.1388
1415,76,1491,0.1388
1420,77,1497,0.1388
1432,77,1509,0.1388
1420,76,1496,0.1388
1436,76,1512,0.1388
1431,77,1508,0.1388
1423,79,1502,0.1388
1427,81,1508,0.1388
1407,83,1490,0.1388
1416,85,1501,0.1388
1411,84,1495,0.1388
1400,80,1480,0.1388
1404,81,1485,0.1388
1412,81,1493,0.1388
1412,80,1492,0.1388
1408,79,1487,0.1388
1400,82,1482,0.1388
1414,82,1496,0.1388
1422,79,1501,0.1388
1419,84,1503,0.1388
1406,81,1487,0.1388
1411,82,1493,0.1388
1419,82,1501,0.1388
1413,85,1498,0.1388
1415,83,1498,0.1388
1420,82,1502,0.1388
1412,85,1497,0.1388
1396,84,1480,0.1388
1400,83,1483,0.1388
1395,81,1476,0.1388
1402,82,1484,0.1388
1396,82,1478,0.1388
1412,80,1492,0.1388
1415,79,1494,0.1388
1405,83,1488,0.1388
1414,83,1497,0.1388
1409,80,1489,0.1388
1421,79,1500,0.1388
1423,77,1500,0.1388
1418,77,1495,0.1388
1404,81,1485,0.1388
1395,83,1478,0.1388
1410,84,1494,0.1388
1413,87,1500,0.1388
1414,87,1501,0.1388
1416,84,1500,0.1388
1410,86,1496,0.1388
1408,88,1496,0.1388
1417,88,1505,0.1388
1415,92,1507,0.1388
1411,95,1506,0.1388
1416,98,1514,0.1388
1412,98,1510,0.1388
1405,97,1502,0.1388
1403,98,1501,0.1388
1413,98,1511,0.1388
1414,98,1512,0.1388
1402,100,1502,0.1388
1394,103,1497,0.1388
1402,103,1505,0.1388
1405,101,1506,0.1388
1414,99,1513,0.1388
1407,100,1507,0.1388
1398,102,1500,0.1388
1400,102,1502,0.1388
1392,102,1494,0.1388
1393,97,1490,0.1388
1403,101,1504,0.1388
1388,101,1489,0.1388
1387,104,1491,0.1388
1391,104,1495,0.1388
1393,104,1497,0.1388
1396,105,1501,0.1388
1392,104,1496,0.1388
1382,103,1485,0.1388
1391,109,1500,0.1388
1399,110,1509,0.1388
1394,113,1507,0.1388
1402,116,1518,0.1388
1400,114,1514,0.1388
1401,117,1518,0.1388
1389,116,1505,0.1388
1384,116,1500,0.1388
1380,117,1497,0.1388
1372,114,1486,0.1388
1377,113,1490,0.1388
1378,111,1489,0.1388
1381,114,1495,0.1388
1375,115,1490,0.1388
1367,114,1481,0.1388
1363,117,1480,0.1388
1369,120,1489,0.1388
1367,118,1485,0.1388
1365,122,1487,0.1388
1374,122,1496,0.1388
1366,123,1489,0.1388
1377,120,1497,0.1388
1378,121,1499,0.1388
1368,121,1489,0.1388
1358,122,1480,0.1388
1362,122,1484,0.1388
1381,120,1501,0.1388
1390,119,1509,0.1388
1395,119,1514,0.1388
1382,120,1502,0.1388
1367,124,1491,0.1388
1375,123,1498,0.1388
1390,126,1516,0.1388
1383,125,1508,0.1388
1384,125,1509,0.1388
1369,121,1490,0.1388
1369,121,1490,0.1388
1377,122,1499,0.1388
1376,127,1503,0.1388
1367,128,1495,0.1388
1360,125,1485,0.1388
1368,129,1497,0.1388
1366,128,1494,0.1388
1362,125,1487,0.1388
1360,129,1489,0.1388
1368,130,1498,0.1388
1366,132,1498,0.1388
1376,127,1503,0.1388
1378,129,1507,0.1388
1369,129,1498,0.1388
1377,127,1504,0.1388
1378,132,1510,0.1388
1372,132,1504,0.1388
1366,139,1505,0.1388
1366,135,1501,0.1388
1362,140,1502,0.1388
1354,141,1495,0.1388
1355,141,1496,0.1388
1347,142,1489,0.1388
1356,142,1498,0.1388
1361,143,1504,0.1388
1364,143,1507,0.1388
1359,140,1499,0.1388
1358,143,1501,0.1388
1370,145,1515,0.1388
1357,145,1502,0.1388
1368,143,1511,0.1388
1363,140,1503,0.1388
1352,144,1496,0.1388
1357,142,1499,0.1388
1344,140,1484,0.1388
1337,144,1481,0.1388
1335,144,1479,0.1388
1338,146,1484,0.1388
1345,147,1492,0.1388
1327,146,1473,0.1388
1327,154,1481,0.1388
1334,156,1490,0.1388
1343,154,1497,0.1388
1341,158,1499,0.1388
1346,156,1502,0.1388
1348,157,1505,0.1388
1338,160,1498,0.1388
1340,158,1498,0.1388
1328,160,1488,0.1388
1340,157,1497,0.1388
1332,156,1488,0.1388
1340,160,1500,0.1388
1347,157,1504,0.1388
1336,159,1495,0.1388
1331,157,1488,0.1388
1338,154,1492,0.1388
1352,155,1507,0.1388
1349,158,1507,0.1388
1351,153,1504,0.1388
1340,153,1493,0.1388
1349,149,1498,0.1388
1331,150,1481,0.1388
1321,150,1471,0.1388
1325,151,1476,0.1388
1329,150,1479,0.1388
1338,149,1487,0.1388
1340,153,1493,0.1388
1338,152,1490,0.1388
1325,155,1480,0.1388
1320,159,1479,0.1388
1325,160,1485,0.1388
1335,160,1495,0.1388
1337,160,1497,0.1388
1338,160,1498,0.1388
1333,164,1497,0.1388
1334,163,1497,0.1388
1346,163,1509,0.1388
1340,160,1500,0.1388
1344,159,1503,0.1388
1335,160,1495,0.1388
1333,162,1495,0.1388
1323,161,1484,0.1388
1331,164,1495,0.1388
1320,163,1483,0.1388
1321,160,1481,0.1388
1334,158,1492,0.1388
1332,157,1489,0.1388
1332,157,1489,0.1388
1334,155,1489,0.1388
1333,154,1487,0.1388
1323,157,1480,0.1388
1332,156,1488,0.1388
1341,155,1496,0.1388
1336,156,1492,0.1388
1335,161,1496,0.1388
1326,167,1493,0.1388
1326,165,1491,0.1388
1312,165,1477,0.1388
1290,159,1449,0.1388
1293,162,1455,0.1388
1302,164,1466,0.1388
1317,173,1490,0.1388
1310,174,1484,0.1388
1317,170,1487,0.1388
1334,171,1505,0.1388
1325,171,1496,0.1388
1325,168,1493,0.1388
1330,166,1496,0.1388
1327,172,1499,0.1388
1330,172,1502,0.1388
1334,178,1512,0.1388
1319,177,1496,0.1388
1319,173,1492,0.1388
1328,168,1496,0.1388
1322,169,1491,0.1388
1306,178,1484,0.1388
1311,174,1485,0.1388
1311,182,1493,0.1388
1306,181,1487,0.1388
1315,181,1496,0.1388
1317,186,1503,0.1388
1302,187,1489,0.1388
1306,185,1491,0.1388
1302,183,1485,0.1388
1301,186,1487,0.1388
1307,187,1494,0.1388
1291,184,1475,0.1388
1298,182,1480,0.1388
1295,187,1482,0.1388
1310,185,1495,0.1388
1314,186,1500,0.1388
1319,186,1505,0.1388
1310,188,1498,0.1388
1304,191,1495,0.1388
1297,188,1485,0.1388
1300,189,1489,0.1388
1302,192,1494,0.1388
1308,191,1499,0.1388
1310,196,1506,0.1388
1301,194,1495,0.1388
1298,199,1497,0.1388
1311,196,1507,0.1388
1304,191,1495,0.1388
1309,192,1501,0.1388
1302,187,1489,0.1388
1318,186,1504,0.1388
1325,183,1508,0.1388
1316,181,1497,0.1388
1330,181,1511,0.1388
1326,182,1508,0.1388
1327,187,1514,0.1388
1324,188,1512,0.1388
1322,188,1510,0.1388
1319,185,1504,0.1388
1310,192,1502,0.1388
1289,197,1486,0.1388
1306,195,1501,0.1388
1301,192,1493,0.1388
1293,186,1479,0.1388
1302,187,1489,0.1388
1298,191,1489,0.1388
1299,193,1492,0.1388
1303,194,1497,0.1388
1290,193,1483,0.1388
1301,201,1502,0.1388
1291,203,1494,0.1388
1287,205,1492,0.1388
1297,205,1502,0.1388
1291,208,1499,0.1388
1292,210,1502,0.1388
1295,211,1506,0.1388
1290,213,1503,0.1388
1276,215,1491,0.1388
1273,211,1484,0.1388
1273,215,1488,0.1388
1275,215,1490,0.1388
1273,213,1486,0.1388
1274,214,1488,0.1388
1268,220,1488,0.1388
1268,220,1488,0.1388
1285,218,1503,0.1388
1289,217,1506,0.1388
1272,214,1486,0.1388
1279,211,1490,0.1388
1270,213,1483,0.1388
1283,218,1501,0.1388
1288,217,1505,0.1388
1277,216,1493,0.1388
1278,220,1498,0.1388
1269,218,1487,0.1388
1274,221,1495,0.1388
1273,223,1496,0.1388
1264,225,1489,0.1388
1273,225,1498,0.1388
1285,223,1508,0.1388
1284,223,1507,0.1388
1302,213,1515,0.1388
1285,218,1503,0.1388
1288,221,1509,0.1388
1287,221,1508,0.1388
1284,220,1504,0.1388
1279,220,1499,0.1388
1278,223,1501,0.1388
1280,224,1504,0.1388
1283,226,1509,0.1388
1266,228,1494,0.1388
1266,229,1495,0.1388
1257,232,1489,0.1388
1252,235,1487,0.1388
1258,230,1488,0.1388
1256,231,1487,0.1388
1252,231,1483,0.1388
1263,228,1491,0.1388
1269,228,1497,0.1388
1276,233,1509,0.1388
1272,232,1504,0.1388
1276,234,1510,0.1388
1273,234,1507,0.1388
1272,233,1505,0.1388
1262,234,1496,0.1388
1268,229,1497,0.1388
1271,230,1501,0.1388
1272,229,1501,0.1388
1263,224,1487,0.1388
1268,223,1491,0.1388
1257,234,1491,0.1388
1252,235,1487,0.1388
1254,244,1498,0.1388
1246,242,1488,0.1388
1247,247,1494,0.1388
1245,250,1495,0.1388
1226,252,1478,0.1388
1226,255,1481,0.1388
1221,249,1470,0.1388
1229,245,1474,0.1388
1227,252,1479,0.1388
1232,252,1484,0.1388
1238,245,1483,0.1388
1256,238,1494,0.1388
1240,241,1481,0.1388
1243,240,1483,0.1388
1242,238,1480,0.1388
1248,238,1486,0.1388
1257,241,1498,0.1388
1250,238,1488,0.1388
1256,239,1495,0.1388
1244,238,1482,0.1388
1256,238,1494,0.1388
1256,231,1487,0.1388
1255,235,1490,0.1388
1256,242,1498,0.1388
1249,244,1493,0.1388
1246,247,1493,0.1388
1249,251,1500,0.1388
1252,253,1505,0.1388
1252,252,1504,0.1388
1233,257,1490,0.1388
1231,250,1481,0.1388
1234,247,1481,0.1388
1240,243,1483,0.1388
1236,249,1485,0.1388
1241,256,1497,0.1388
1242,254,1496,0.1388
1245,259,1504,0.1388
1237,262,1499,0.1388
1251,266,1517,0.1388
1241,257,1498,0.1388
1235,259,1494,0.1388
1249,257,1506,0.1388
1246,258,1504,0.1388
1237,265,1502,0.1388
1248,265,1513,0.1388
1248,265,1513,0.1388
1233,262,1495,0.1388
1235,266,1501,0.1388
1239,264,1503,0.1388
1250,265,1515,0.1388
1248,266,1514,0.1388
1245,267,1512,0.1388
1229,266,1495,0.1388
1237,264,1501,0.1388
1239,267,1506,0.1388
1251,262,1513,0.1388
1247,268,1515,0.1388
1257,270,1527,0.1388
1253,267,1520,0.1388
1252,264,1516,0.1388
1252,263,1515,0.1388
1241,259,1500,0.1388
1236,262,1498,0.1388
1231,256,1487,0.1388
1243,257,1500,0.1388
1236,255,1491,0.1388
1248,256,1504,0.1388
1255,255,1510,0.1388
1258,257,1515,0.1388
1258,256,1514,0.1388
1253,254,1507,0.1388
1254,254,1508,0.1388
1244,253,1497,0.1388
1234,256,1490,0.1388
1236,256,1492,0.1388
1235,254,1489,0.1388
1226,257,1483,0.1388
1232,261,1493,0.1388
1234,262,1496,0.1388
1227,266,1493,0.1388
1230,264,1494,0.1388
1217,262,1479,0.1388
1224,262,1486,0.1388
1228,265,1493,0.1388
1233,269,1502,0.1388
1230,271,1501,0.1388
1219,262,1481,0.1388
1232,262,1494,0.1388
1244,264,1508,0.1388
1231,267,1498,0.1388
1234,277,1511,0.1388
1224,280,1504,0.1388
1213,280,1493,0.1388
1209,283,1492,0.1388
1224,279,1503,0.1388
1227,279,1506,0.1388
1219,276,1495,0.1388
1221,285,1506,0.1388
1222,286,1508,0.1388
1213,289,1502,0.1388
1212,288,1500,0.1388
1204,294,1498,0.1388
1197,292,1489,0.1388
1199,295,1494,0.1388
1209,295,1504,0.1388
1205,295,1500,0.1388
1202,293,1495,0.1388
1188,290,1478,0.1388
1192,296,1488,0.1388
1196,291,1487,0.1388
1195,300,1495,0.1388
1189,299,1488,0.1388
1200,295,1495,0.1388
1197,296,1493,0.1388
1186,294,1480,0.1388
1197,296,1493,0.1388
1187,297,1484,0.1388
1204,302,1506,0.1388
1185,300,1485,0.1388
1187,302,1489,0.1388
1191,300,1491,0.1388
1196,307,1503,0.1388
1193,304,1497,0.1388
1196,296,1492,0.1388
1202,300,1502,0.1388
1214,302,1516,0.1388
1199,307,1506,0.1388
1192,308,1500,0.1388
1175,306,1481,0.1388
1185,308,1493,0.1388
1188,305,1493,0.1388
1207,308,1515,0.1388
1190,306,1496,0.1388
1186,308,1494,0.1388
1182,308,1490,0.1388
1179,308,1487,0.1388
1188,309,1497,0.1388
1189,303,1492,0.1388
1184,301,1485,0.1388
1183,306,1489,0.1388
1197,304,1501,0.1388
1192,301,1493,0.1388
1197,304,1501,0.1388
1188,309,1497,0.1388
1184,308,1492,0.1388
1177,308,1485,0.1388
1178,312,1490,0.1388
1172,308,1480,0.1388
1163,312,1475,0.1388
1175,313,1488,0.1388
1163,321,1484,0.1388
1168,323,1491,0.1388
1166,320,1486,0.1388
1161,318,1479,0.1388
1175,321,1496,0.1388
1181,326,1507,0.1388
1177,324,1501,0.1388
1176,325,1501,0.1388
1176,325,1501,0.1388
1179,325,1504,0.1388
1176,324,1500,0.1388
1180,325,1505,0.1388
1180,323,1503,0.1388
1193,317,1510,0.1388
1181,320,1501,0.1388
1177,313,1490,0.1388
1177,315,1492,0.1388
1177,314,1491,0.1388
1172,313,1485,0.1388
1175,319,1494,0.1388
1177,322,1499,0.1388
1171,323,1494,0.1388
1154,318,1472,0.1388
1169,315,1484,0.1388
1176,320,1496,0.1388
1176,329,1505,0.1388
1179,325,1504,0.1388
1175,328,1503,0.1388
1175,333,1508,0.1388
1171,332,1503,0.1388
1167,327,1494,0.1388
1158,327,1485,0.1388
1163,327,1490,0.1388
1170,321,1491,0.1388
1165,325,1490,0.1388
1171,327,1498,0.1388
1170,331,1501,0.1388
1158,327,1485,0.1388
1156,330,1486,0.1388
1157,327,1484,0.1388
1168,323,1491,0.1388
1165,327,1492,0.1388
1175,326,1501,0.1388
1172,317,1489,0.1388
1162,318,1480,0.1388
1151,330,1481,0.1388
1160,328,1488,0.1388
1156,329,1485,0.1388
1169,326,1495,0.1388
1172,320,1492,0.1388
1172,325,1497,0.1388
1173,331,1504,0.1388
1173,331,1504,0.1388
1165,325,1490,0.1388
1169,325,1494,0.1388
1165,324,1489,0.1388
1159,325,1484,0.1388
1179,321,1500,0.1388
1167,323,1490,0.1388
1170,324,1494,0.1388
1165,328,1493,0.1388
1168,329,1497,0.1388
1174,327,1501,0.1388
1172,326,1498,0.1388
1171,333,1504,0.1388
1166,332,1498,0.1388
1168,326,1494,0.1388
1172,331,1503,0.1388
1164,322,1486,0.1388
1168,326,1494,0.1388
1171,327,1498,0.1388
1167,330,1497,0.1388
1161,326,1487,0.1388
1152,327,1479,0.1388
1158,336,1494,0.1388
1173,334,1507,0.1388
1171,330,1501,0.1388
1166,335,1501,0.1388
1163,340,1503,0.1388
1161,341,1502,0.1388
1158,346,1504,0.1388
1155,350,1505,0.1388
1162,345,1507,0.1388
1162,343,1505,0.1388
1147,342,1489,0.1388
1133,346,1479,0.1388
1146,349,1495,0.1388
1143,348,1491,0.1388
1151,346,1497,0.1388
1157,347,1504,0.1388
1151,348,1499,0.1388
1155,351,1506,0.1388
1144,350,1494,0.1388
1134,353,1487,0.1388
1132,348,1480,0.1388
1131,346,1477,0.1388
1132,353,1485,0.1388
1139,354,1493,0.1388
1136,353,1489,0.1388
1132,350,1482,0.1388
1141,349,1490,0.1388
1144,353,1497,0.1388
1135,353,1488,0.1388
1138,361,1499,0.1388
1145,362,1507,0.1388
1142,348,1490,0.1388
1140,348,1488,0.1388
1156,353,1509,0.1388
1152,352,1504,0.1388
1139,355,1494,0.1388
1147,362,1509,0.1388
1144,357,1501,0.1388
1145,352,1497,0.1388
1140,360,1500,0.1388
1127,357,1484,0.1388
1135,353,1488,0.1388
1138,351,1489,0.1388
1130,347,1477,0.1388
1136,349,1485,0.1388
1144,351,1495,0.1388
1142,351,1493,0.1388
1138,352,1490,0.1388
1138,357,1495,0.1388
1133,358,1491,0.1388
1130,367,1497,0.1388
1128,365,1493,0.1388
1137,360,1497,0.1388
1138,364,1502,0.1388
1139,366,1505,0.1388
1138,365,1503,0.1388
1143,361,1504,0.1388
1131,362,1493,0.1388
1136,370,1506,0.1388
1140,365,1505,0.1388
1136,365,1501,0.1388
1139,368,1507,0.1388
1143,361,1504,0.1388
1139,359,1498,0.1388
1142,363,1505,0.1388
1143,366,1509,0.1388
1146,367,1513,0.1388
1149,373,1522,0.1388
1141,367,1508,0.1388
1137,368,1505,0.1388
1142,371,1513,0.1388
1140,370,1510,0.1388
1142,375,1517,0.1388
1134,370,1504,0.1388
1133,370,1503,0.1388
1130,373,1503,0.1388
1125,373,1498,0.1388
1119,380,1499,0.1388
1113,377,1490,0.1388
1121,377,1498,0.1388
1121,381,1502,0.1388
1122,380,1502,0.1388
1113,380,1493,0.1388
1109,383,1492,0.1388
1118,379,1497,0.1388
1110,379,1489,0.1388
1108,375,1483,0.1388
1117,379,1496,0.1388
1107,372,1479,0.1388
1108,377,1485,0.1388
1111,391,1502,0.1388
1106,387,1493,0.1388
1116,389,1505,0.1388
1116,383,1499,0.1388
1119,383,1502,0.1388
1121,384,1505,0.1388
1121,372,1493,0.1388
1122,378,1500,0.1388
1117,373,1490,0.1388
1115,375,1490,0.1388
1118,379,1497,0.1388
1117,378,1495,0.1388
1123,377,1500,0.1388
1125,381,1506,0.1388
1120,382,1502,0.1388
1114,376,1490,0.1388
1117,378,1495,0.1388
1107,382,1489,0.1388
1106,390,1496,0.1388
1106,388,1494,0.1388
1100,392,1492,0.1388
1100,395,1495,0.1388
1105,393,1498,0.1388
1102,396,1498,0.1388
1097,400,1497,0.1388
1094,396,1490,0.1388
1092,395,1487,0.1388
1094,398,1492,0.1388
1114,396,1510,0.1388
1115,399,1514,0.1388
1115,395,1510,0.1388
1111,397,1508,0.1388
1107,403,1510,0.1388
1098,402,1500,0.1388
1091,399,1490,0.1388
1082,399,1481,0.1388
1079,402,1481,0.1388
1072,408,1480,0.1388
1075,406,1481,0.1388
1081,406,1487,0.1388
1081,404,1485,0.1388
1072,407,1479,0.1388
1069,406,1475,0.1388
1083,408,1491,0.1388
1086,409,1495,0.1388
1083,412,1495,0.1388
1085,408,1493,0.1388
1087,417,1504,0.1388
1087,425,1512,0.1388
1077,423,1500,0.1388
1075,428,1503,0.1388
1066,428,1494,0.1388
1061,437,1498,0.1388
1054,432,1486,0.1388
1056,441,1497,0.1388
1065,437,1502,0.1388
1069,432,1501,0.1388
1067,434,1501,0.1388
1069,434,1503,0.1388
1069,439,1508,0.1388
1067,445,1512,0.1388
1063,438,1501,0.1388
1064,448,1512,0.1388
1063,456,1519,0.1388
1055,456,1511,0.1388
1041,462,1503,0.1388
1039,464,1503,0.1388
1047,463,1510,0.1388
1038,463,1501,0.1388
1040,460,1500,0.1388
1042,460,1502,0.1388
1040,459,1499,0.1388
1039,463,1502,0.1388
1034,463,1497,0.1388
1029,472,1501,0.1388
1019,471,1490,0.1388
1010,468,1478,0.1388
1009,465,1474,0.1388
1025,465,1490,0.1388
1031,473,1504,0.1388
1025,472,1497,0.1388
1025,479,1504,0.1388
1016,479,1495,0.1388
1025,489,1514,0.1388
1040,490,1530,0.1388
1028,493,1521,0.1388
1020,482,1502,0.1388
1018,482,1500,0.1388
1022,479,1501,0.1388
1025,470,1495,0.1388
1023,480,1503,0.1388
1021,481,1502,0.1388
1022,481,1503,0.1388
1026,480,1506,0.1388
1017,484,1501,0.1388
1020,484,1504,0.1388
1020,487,1507,0.1388
1024,487,1511,0.1388
1019,492,1511,0.1388
1015,483,1498,0.1388
1016,475,1491,0.1388
1027,468,1495,0.1388
1025,465,1490,0.1388
1027,469,1496,0.1388
1027,480,1507,0.1388
1019,485,1504,0.1388
1019,481,1500,0.1388
1016,491,1507,0.1388
1016,487,1503,0.1388
1016,494,1510,0.1388
1017,495,1512,0.1388
1008,490,1498,0.1388
1001,487,1488,0.1388
1004,494,1498,0.1388
1012,499,1511,0.1388
1019,495,1514,0.1388
1013,488,1501,0.1388
1010,495,1505,0.1388
1007,499,1506,0.1388
1013,509,1522,0.1388
1007,506,1513,0.1388
1006,510,1516,0.1388
1010,511,1521,0.1388
991,516,1507,0.1388
991,520,1511,0.1388
982,524,1506,0.1388
989,520,1509,0.1388
989,521,1510,0.1388
997,517,1514,0.1388
996,517,1513,0.1388
1000,520,1520,0.1388
991,519,1510,0.1388
985,519,1504,0.1388
974,516,1490,0.1388
980,517,1497,0.1388
999,518,1517,0.1388
995,516,1511,0.1388
997,518,1515,0.1388
988,522,1510,0.1388
985,523,1508,0.1388
992,516,1508,0.1388
992,515,1507,0.1388
997,512,1509,0.1388
996,517,1513,0.1388
985,523,1508,0.1388
976,522,1498,0.1388
967,525,1492,0.1388
969,522,1491,0.1388
970,523,1493,0.1388
979,520,1499,0.1388
969,526,1495,0.1388
963,538,1501,0.1388
965,529,1494,0.1388
959,537,1496,0.1388
962,538,1500,0.1388
984,539,1523,0.1388
978,535,1513,0.1388
965,533,1498,0.1388
970,538,1508,0.1388
970,546,1516,0.1388
969,541,1510,0.1388
970,537,1507,0.1388
973,533,1506,0.1388
976,536,1512,0.1388
978,541,1519,0.1388
961,540,1501,0.1388
958,541,1499,0.1388
957,546,1503,0.1388
959,538,1497,0.1388
954,542,1496,0.1388
951,540,1491,0.1388
965,540,1505,0.1388
965,547,1512,0.1388
965,549,1514,0.1388
959,549,1508,0.1388
951,547,1498,0.1388
947,549,1496,0.1388
944,548,1492,0.1388
948,542,1490,0.1388
951,538,1489,0.1388
959,539,1498,0.1388
959,543,1502,0.1388
968,550,1518,0.1388
942,559,1501,0.1388
950,557,1507,0.1388
952,558,1510,0.1388
940,558,1498,0.1388
952,557,1509,0.1388
951,563,1514,0.1388
946,569,1515,0.1388
931,557,1488,0.1388
939,564,1503,0.1388
939,565,1504,0.1388
936,565,1501,0.1388
939,561,1500,0.1388
942,568,1510,0.1388
940,565,1505,0.1388
929,565,1494,0.1388
925,571,1496,0.1388
926,569,1495,0.1388
920,566,1486,0.1388
931,557,1488,0.1388
930,561,1491,0.1388
933,556,1489,0.1388
942,564,1506,0.1388
942,571,1513,0.1388
945,570,1515,0.1388
936,571,1507,0.1388
932,563,1495,0.1388
927,572,1499,0.1388
931,570,1501,0.1388
930,572,1502,0.1388
930,573,1503,0.1388
934,574,1508,0.1388
928,577,1505,0.1388
929,576,1505,0.1388
924,576,1500,0.1388
928,570,1498,0.1388
931,578,1509,0.1388
929,585,1514,0.1388
932,584,1516,0.1388
914,593,1507,0.1388
899,593,1492,0.1388
909,598,1507,0.1388
914,597,1511,0.1388
917,600,1517,0.1388
921,601,1522,0.1388
919,595,1514,0.1388
913,595,1508,0.1388
900,594,1494,0.1388
908,596,1504,0.1388
904,598,1502,0.1388
912,598,1510,0.1388
909,608,1517,0.1388
906,609,1515,0.1388
894,608,1502,0.1388
896,603,1499,0.1388
886,605,1491,0.1388
884,605,1489,0.1388
887,599,1486,0.1388
889,603,1492,0.1388
895,604,1499,0.1388
894,612,1506,0.1388
901,602,1503,0.1388
892,594,1486,0.1388
886,596,1482,0.1388
894,596,1490,0.1388
889,593,1482,0.1388
899,605,1504,0.1388
900,602,1502,0.1388
896,605,1501,0.1388
891,601,1492,0.1388
885,604,1489,0.1388
887,609,1496,0.1388
888,613,1501,0.1388
891,616,1507,0.1388
889,611,1500,0.1388
891,604,1495,0.1388
888,606,1494,0.1388
894,616,1510,0.1388
898,624,1522,0.1388
900,624,1524,0.1388
894,617,1511,0.1388
881,626,1507,0.1388
879,635,1514,0.1388
877,636,1513,0.1388
867,633,1500,0.1388
866,629,1495,0.1388
858,632,1490,0.1388
864,632,1496,0.1388
857,638,1495,0.1388
865,642,1507,0.1388
850,644,1494,0.1388
857,642,1499,0.1388
858,642,1500,0.1388
851,648,1499,0.1388
847,643,1490,0.1388
848,650,1498,0.1388
852,653,1505,0.1388
848,666,1514,0.1388
847,669,1516,0.1388
857,676,1533,0.1388
855,674,1529,0.1388
848,675,1523,0.1388
846,665,1511,0.1388
851,661,1512,0.1388
845,664,1509,0.1388
835,667,1502,0.1388
820,663,1483,0.1388
829,664,1493,0.1388
832,662,1494,0.1388
839,651,1490,0.1388
845,649,1494,0.1388
840,650,1490,0.1388
839,654,1493,0.1388
846,653,1499,0.1388
851,658,1509,0.1388
853,663,1516,0.1388
849,676,1525,0.1388
840,674,1514,0.1388
838,666,1504,0.1388
833,666,1499,0.1388
836,670,1506,0.1388
834,670,1504,0.1388
828,675,1503,0.1388
818,687,1505,0.1388
814,688,1502,0.1388
809,687,1496,0.1388
817,695,1512,0.1388
822,694,1516,0.1388
809,684,1493,0.1388
805,691,1496,0.1388
809,688,1497,0.1388
808,698,1506,0.1388
808,710,1518,0.1388
816,703,1519,0.1388
812,708,1520,0.1388
806,704,1510,0.1388
798,708,1506,0.1388
807,704,1511,0.1388
795,711,1506,0.1388
797,721,1518,0.1388
802,717,1519,0.1388
794,723,1517,0.1388
786,708,1494,0.1388
789,717,1506,0.1388
789,726,1515,0.1388
793,730,1523,0.1388
795,728,1523,0.1388
795,738,1533,0.1388
793,726,1519,0.1388
794,725,1519,0.1388
798,721,1519,0.1388
792,728,1520,0.1388
788,726,1514,0.1388
787,718,1505,0.1388
781,711,1492,0.1388
785,713,1498,0.1388
785,719,1504,0.1388
783,717,1500,0.1388
776,730,1506,0.1388
763,736,1499,0.1388
759,737,1496,0.1388
761,737,1498,0.1388
756,740,1496,0.1388
757,751,1508,0.1388
757,755,1512,0.1388
759,747,1506,0.1388
754,751,1505,0.1388
756,746,1502,0.1388
755,743,1498,0.1388
752,749,1501,0.1388
764,752,1516,0.1388
762,744,1506,0.1388
756,747,1503,0.1388
759,750,1509,0.1388
764,750,1514,0.1388
743,746,1489,0.1388
759,752,1511,0.1388
759,752,1511,0.1388
748,753,1501,0.1388
736,763,1499,0.1388
722,760,1482,0.1388
725,766,1491,0.1388
734,769,1503,0.1388
734,767,1501,0.1388
737,767,1504,0.1388
750,769,1519,0.1388
749,761,1510,0.1388
752,769,1521,0.1388
746,765,1511,0.1388
749,762,1511,0.1388
750,757,1507,0.1388
738,764,1502,0.1388
735,761,1496,0.1388
732,766,1498,0.1388
727,771,1498,0.1388
725,777,1502,0.1388
733,779,1512,0.1388
732,783,1515,0.1388
732,775,1507,0.1388
725,773,1498,0.1388
727,782,1509,0.1388
732,788,1520,0.1388
719,786,1505,0.1388
716,792,1508,0.1388
716,794,1510,0.1388
723,801,1524,0.1388
725,796,1521,0.1388
721,794,1515,0.1388
722,790,1512,0.1388
728,784,1512,0.1388
725,791,1516,0.1388
716,792,1508,0.1388
714,803,1517,0.1388
709,796,1505,0.1388
707,790,1497,0.1388
706,795,1501,0.1388
722,794,1516,0.1388
713,799,1512,0.1388
699,801,1500,0.1388
700,804,1504,0.1388
694,810,1504,0.1388
689,807,1496,0.1388
689,803,1492,0.1388
690,800,1490,0.1388
695,796,1491,0.1388
690,809,1499,0.1388
688,800,1488,0.1388
685,801,1486,0.1388
678,807,1485,0.1388
674,819,1493,0.1388
681,822,1503,0.1388
689,825,1514,0.1388
691,823,1514,0.1388
686,831,1517,0.1388
677,836,1513,0.1388
674,836,1510,0.1388
669,843,1512,0.1388
663,835,1498,0.1388
657,846,1503,0.1388
663,840,1503,0.1388
664,843,1507,0.1388
653,845,1498,0.1388
653,855,1508,0.1388
654,851,1505,0.1388
658,851,1509,0.1388
648,858,1506,0.1388
654,872,1526,0.1388
654,857,1511,0.1388
652,847,1499,0.1388
662,848,1510,0.1388
660,849,1509,0.1388
653,839,1492,0.1388
642,849,1491,0.1388
649,848,1497,0.1388
644,854,1498,0.1388
655,845,1500,0.1388
648,843,1491,0.1388
649,857,1506,0.1388
658,856,1514,0.1388
664,852,1516,0.1388
650,850,1500,0.1388
651,850,1501,0.1388
654,841,1495,0.1388
656,849,1505,0.1388
659,851,1510,0.1388
654,850,1504,0.1388
647,865,1512,0.1388
643,862,1505,0.1388
642,866,1508,0.1388
634,874,1508,0.1388
637,868,1505,0.1388
631,869,1500,0.1388
630,876,1506,0.1388
631,870,1501,0.1388
635,872,1507,0.1388
629,867,1496,0.1388
633,867,1500,0.1388
629,864,1493,0.1388
631,867,1498,0.1388
632,878,1510,0.1388
632,879,1511,0.1388
629,879,1508,0.1388
634,872,1506,0.1388
636,878,1514,0.1388
641,867,1508,0.1388
632,864,1496,0.1388
635,858,1493,0.1388
632,865,1497,0.1388
633,874,1507,0.1388
630,885,1515,0.1388
626,882,1508,0.1388
623,881,1504,0.1388
628,884,1512,0.1388
623,890,1513,0.1388
625,893,1518,0.1388
622,893,1515,0.1388
623,901,1524,0.1388
624,897,1521,0.1388
621,883,1504,0.1388
621,889,1510,0.1388
620,892,1512,0.1388
612,894,1506,0.1388
613,906,1519,0.1388
609,907,1516,0.1388
610,904,1514,0.1388
611,903,1514,0.1388
606,904,1510,0.1388
603,902,1505,0.1388
612,904,1516,0.1388
613,904,1517,0.1388
602,909,1511,0.1388
600,909,1509,0.1388
593,911,1504,0.1388
577,913,1490,0.1388
578,914,1492,0.1388
569,911,1480,0.1388
583,917,1500,0.1388
593,912,1505,0.1388
591,908,1499,0.1388
592,910,1502,0.1388
595,909,1504,0.1388
592,912,1504,0.1388
596,907,1503,0.1388
598,911,1509,0.1388
598,913,1511,0.1388
589,912,1501,0.1388
585,925,1510,0.1388
594,922,1516,0.1388
591,920,1511,0.1388
583,918,1501,0.1388
582,921,1503,0.1388
586,922,1508,0.1388
587,915,1502,0.1388
589,909,1498,0.1388
589,919,1508,0.1388
590,924,1514,0.1388
579,925,1504,0.1388
585,922,1507,0.1388
580,927,1507,0.1388
579,932,1511,0.1388
578,938,1516,0.1388
579,931,1510,0.1388
575,936,1511,0.1388
573,939,1512,0.1388
576,948,1524,0.1388
565,947,1512,0.1388
561,957,1518,0.1388
563,961,1524,0.1388
561,957,1518,0.1388
559,953,1512,0.1388
562,958,1520,0.1388
562,954,1516,0.1388
562,960,1522,0.1388
567,952,1519,0.1388
558,959,1517,0.1388
553,961,1514,0.1388
547,967,1514,0.1388
542,952,1494,0.1388
539,959,1498,0.1388
541,961,1502,0.1388
539,968,1507,0.1388
540,963,1503,0.1388
542,962,1504,0.1388
534,957,1491,0.1388
537,952,1489,0.1388
535,952,1487,0.1388
540,948,1488,0.1388
538,955,1493,0.1388
544,959,1503,0.1388
539,954,1493,0.1388
536,949,1485,0.1388
528,949,1477,0.1388
527,968,1495,0.1388
528,968,1496,0.1388
526,973,1499,0.1388
525,977,1502,0.1388
526,977,1503,0.1388
528,984,1512,0.1388
525,993,1518,0.1388
523,984,1507,0.1388
525,999,1524,0.1388
522,998,1520,0.1388
523,992,1515,0.1388
519,994,1513,0.1388
511,992,1503,0.1388
510,1007,1517,0.1388
512,991,1503,0.1388
517,991,1508,0.1388
508,1011,1519,0.1388
506,1012,1518,0.1388
499,1001,1500,0.1388
505,997,1502,0.1388
504,1011,1515,0.1388
508,1017,1525,0.1388
505,1008,1513,0.1388
511,1010,1521,0.1388
509,1008,1517,0.1388
500,1005,1505,0.1388
496,1011,1507,0.1388
502,997,1499,0.1388
510,1006,1516,0.1388
513,991,1504,0.1388
512,994,1506,0.1388
516,984,1500,0.1388
510,1000,1510,0.1388
513,1003,1516,0.1388
508,1006,1514,0.1388
507,1012,1519,0.1388
502,1006,1508,0.1388
501,1014,1515,0.1388
506,1018,1524,0.1388
499,1011,1510,0.1388
504,1004,1508,0.1388
500,1001,1501,0.1388
502,1003,1505,0.1388
497,1005,1502,0.1388
506,1001,1507,0.1388
514,982,1496,0.1388
517,980,1497,0.1388
522,986,1508,0.1388
513,996,1509,0.1388
513,986,1499,0.1388
514,994,1508,0.1388
514,985,1499,0.1388
516,990,1506,0.1388
520,1001,1521,0.1388
519,992,1511,0.1388
513,991,1504,0.1388
513,986,1499,0.1388
513,1000,1513,0.1388
512,997,1509,0.1388
508,1010,1518,0.1388
512,1006,1518,0.1388
507,1001,1508,0.1388
506,1002,1508,0.1388
503,1004,1507,0.1388
501,1005,1506,0.1388
505,1009,1514,0.1388
500,1022,1522,0.1388
500,1018,1518,0.1388
504,1012,1516,0.1388
496,1013,1509,0.1388
502,1017,1519,0.1388
503,1014,1517,0.1388
493,1014,1507,0.1388
495,1017,1512,0.1388
488,1019,1507,0.1388
478,1033,1511,0.1388
480,1034,1514,0.1388
477,1036,1513,0.1388
475,1035,1510,0.1388
470,1038,1508,0.1388
474,1029,1503,0.1388
473,1035,1508,0.1388
473,1036,1509,0.1388
469,1047,1516,0.1388
469,1049,1518,0.1388
469,1043,1512,0.1388
474,1032,1506,0.1388
468,1044,1512,0.1388
472,1046,1518,0.1388
461,1049,1510,0.1388
458,1043,1501,0.1388
459,1041,1500,0.1388
458,1050,1508,0.1388
456,1038,1494,0.1388
454,1048,1502,0.1388
462,1053,1515,0.1388
451,1062,1513,0.1388
450,1069,1519,0.1388
448,1068,1516,0.1388
458,1059,1517,0.1388
449,1073,1522,0.1388
455,1071,1526,0.1388
456,1064,1520,0.1388
463,1070,1533,0.1388
456,1059,1515,0.1388
459,1069,1528,0.1388
455,1065,1520,0.1388
453,1062,1515,0.1388
452,1067,1519,0.1388
450,1074,1524,0.1388
451,1069,1520,0.1388
444,1072,1516,0.1388
439,1064,1503,0.1388
439,1065,1504,0.1388
440,1080,1520,0.1388
438,1071,1509,0.1388
438,1080,1518,0.1388
437,1081,1518,0.1388
444,1075,1519,0.1388
441,1080,1521,0.1388
441,1079,1520,0.1388
437,1086,1523,0.1388
430,1082,1512,0.1388
431,1084,1515,0.1388
432,1078,1510,0.1388
430,1075,1505,0.1388
428,1080,1508,0.1388
421,1093,1514,0.1388
416,1094,1510,0.1388
409,1096,1505,0.1388
410,1100,1510,0.1388
410,1100,1510,0.1388
416,1093,1509,0.1388
419,1098,1517,0.1388
424,1100,1524,0.1388
419,1092,1511,0.1388
415,1092,1507,0.1388
417,1099,1516,0.1388
418,1101,1519,0.1388
412,1098,1510,0.1388
410,1096,1506,0.1388
411,1097,1508,0.1388
409,1098,1507,0.1388
413,1096,1509,0.1388
414,1098,1512,0.1388
409,1097,1506,0.1388
401,1103,1504,0.1388
402,1100,1502,0.1388
412,1094,1506,0.1388
411,1100,1511,0.1388
404,1095,1499,0.1388
407,1099,1506,0.1388
412,1099,1511,0.1388
413,1096,1509,0.1388
413,1087,1500,0.1388
415,1089,1504,0.1388
406,1104,1510,0.1388
408,1109,1517,0.1388
409,1111,1520,0.1388
407,1104,1511,0.1388
411,1104,1515,0.1388
410,1105,1515,0.1388
410,1094,1504,0.1388
414,1097,1511,0.1388
410,1096,1506,0.1388
406,1111,1517,0.1388
407,1108,1515,0.1388
410,1098,1508,0.1388
410,1106,1516,0.1388
408,1110,1518,0.1388
411,1106,1517,0.1388
411,1105,1516,0.1388
404,1107,1511,0.1388
405,1127,1532,0.1388
406,1118,1524,0.1388
401,1118,1519,0.1388
394,1121,1515,0.1388
394,1123,1517,0.1388
394,1118,1512,0.1388
393,1122,1515,0.1388
394,1121,1515,0.1388
397,1110,1507,0.1388
400,1116,1516,0.1388
395,1117,1512,0.1388
393,1121,1514,0.1388
389,1115,1504,0.1388
393,1122,1515,0.1388
392,1126,1518,0.1388
396,1128,1524,0.1388
397,1126,1523,0.1388
388,1122,1510,0.1388
390,1122,1512,0.1388
388,1140,1528,0.1388
384,1141,1525,0.1388
385,1144,1529,0.1388
383,1136,1519,0.1388
384,1145,1529,0.1388
384,1137,1521,0.1388
373,1143,1516,0.1388
372,1144,1516,0.1388
375,1143,1518,0.1388
369,1146,1515,0.1388
364,1148,1512,0.1388
366,1142,1508,0.1388
366,1147,1513,0.1388
366,1145,1511,0.1388
367,1154,1521,0.1388
367,1140,1507,0.1388
368,1143,1511,0.1388
374,1145,1519,0.1388
371,1149,1520,0.1388
369,1147,1516,0.1388
365,1152,1517,0.1388
366,1144,1510,0.1388
365,1139,1504,0.1388
370,1137,1507,0.1388
366,1137,1503,0.1388
369,1149,1518,0.1388
369,1157,1526,0.1388
368,1151,1519,0.1388
362,1147,1509,0.1388
354,1147,1501,0.1388
363,1140,1503,0.1388
356,1150,1506,0.1388
361,1159,1520,0.1388
359,1159,1518,0.1388
363,1154,1517,0.1388
357,1163,1520,0.1388
358,1166,1524,0.1388
356,1169,1525,0.1388
353,1171,1524,0.1388
353,1167,1520,0.1388
350,1165,1515,0.1388
352,1161,1513,0.1388
352,1161,1513,0.1388
351,1168,1519,0.1388
345,1168,1513,0.1388
346,1163,1509,0.1388
347,1159,1506,0.1388
347,1171,1518,0.1388
352,1168,1520,0.1388
352,1167,1519,0.1388
352,1173,1525,0.1388
344,1166,1510,0.1388
349,1169,1518,0.1388
341,1172,1513,0.1388
345,1161,1506,0.1388
347,1160,1507,0.1388
343,1166,1509,0.1388
344,1170,1514,0.1388
346,1177,1523,0.1388
338,1183,1521,0.1388
335,1183,1518,0.1388
333,1175,1508,0.1388
331,1182,1513,0.1388
328,1184,1512,0.1388
321,1178,1499,0.1388
325,1179,1504,0.1388
322,1171,1493,0.1388
323,1172,1495,0.1388
330,1178,1508,0.1388
330,1178,1508,0.1388
329,1176,1505,0.1388
328,1181,1509,0.1388
327,1190,1517,0.1388
328,1179,1507,0.1388
327,1185,1512,0.1388
323,1191,1514,0.1388
318,1194,1512,0.1388
321,1196,1517,0.1388
325,1203,1528,0.1388
326,1199,1525,0.1388
324,1191,1515,0.1388
320,1192,1512,0.1388
324,1190,1514,0.1388
324,1183,1507,0.1388
321,1185,1506,0.1388
323,1188,1511,0.1388
323,1181,1504,0.1388
326,1174,1500,0.1388
333,1175,1508,0.1388
336,1181,1517,0.1388
336,1161,1497,0.1388
336,1165,1501,0.1388
334,1181,1515,0.1388
329,1188,1517,0.1388
327,1188,1515,0.1388
331,1182,1513,0.1388
331,1184,1515,0.1388
327,1187,1514,0.1388
324,1178,1502,0.1388
324,1172,1496,0.1388
324,1173,1497,0.1388
318,1183,1501,0.1388
317,1190,1507,0.1388
315,1191,1506,0.1388
315,1205,1520,0.1388
312,1209,1521,0.1388
307,1214,1521,0.1388
303,1213,1516,0.1388
303,1201,1504,0.1388
302,1209,1511,0.1388
298,1205,1503,0.1388
296,1204,1500,0.1388
300,1200,1500,0.1388
300,1195,1495,0.1388
301,1205,1506,0.1388
298,1212,1510,0.1388
300,1207,1507,0.1388
299,1205,1504,0.1388
298,1204,1502,0.1388
298,1212,1510,0.1388
299,1223,1522,0.1388
303,1225,1528,0.1388
306,1203,1509,0.1388
302,1213,1515,0.1388
298,1206,1504,0.1388
300,1204,1504,0.1388
301,1206,1507,0.1388
299,1217,1516,0.1388
298,1206,1504,0.1388
297,1198,1495,0.1388
294,1205,1499,0.1388
299,1201,1500,0.1388
294,1196,1490,0.1388
288,1206,1494,0.1388
289,1217,1506,0.1388
287,1212,1499,0.1388
290,1224,1514,0.1388
288,1230,1518,0.1388
287,1216,1503,0.1388
280,1225,1505,0.1388
279,1234,1513,0.1388
284,1229,1513,0.1388
283,1231,1514,0.1388
287,1244,1531,0.1388
288,1246,1534,0.1388
285,1237,1522,0.1388
287,1219,1506,0.1388
287,1233,1520,0.1388
283,1231,1514,0.1388
279,1228,1507,0.1388
283,1229,1512,0.1388
287,1228,1515,0.1388
289,1224,1513,0.1388
287,1243,1530,0.1388
286,1251,1537,0.1388
287,1249,1536,0.1388
286,1248,1534,0.1388
284,1238,1522,0.1388
278,1241,1519,0.1388
281,1240,1521,0.1388
285,1244,1529,0.1388
280,1244,1524,0.1388
276,1248,1524,0.1388
274,1240,1514,0.1388
278,1229,1507,0.1388
275,1229,1504,0.1388
272,1221,1493,0.1388
273,1226,1499,0.1388
277,1227,1504,0.1388
274,1235,1509,0.1388
277,1229,1506,0.1388
277,1243,1520,0.1388
276,1234,1510,0.1388
273,1240,1513,0.1388
276,1238,1514,0.1388
270,1243,1513,0.1388
273,1234,1507,0.1388
276,1237,1513,0.1388
273,1237,1510,0.1388
275,1229,1504,0.1388
273,1239,1512,0.1388
270,1233,1503,0.1388
263,1231,1494,0.1388
260,1224,1484,0.1388
259,1238,1497,0.1388
266,1242,1508,0.1388
265,1253,1518,0.1388
265,1255,1520,0.1388
266,1246,1512,0.1388
262,1237,1499,0.1388
258,1240,1498,0.1388
255,1245,1500,0.1388
262,1248,1510,0.1388
264,1247,1511,0.1388
263,1246,1509,0.1388
258,1254,1512,0.1388
249,1249,1498,0.1388
254,1254,1508,0.1388
255,1241,1496,0.1388
256,1249,1505,0.1388
253,1254,1507,0.1388
246,1252,1498,0.1388
246,1251,1497,0.1388
250,1250,1500,0.1388
249,1253,1502,0.1388
247,1267,1514,0.1388
246,1261,1507,0.1388
254,1266,1520,0.1388
250,1273,1523,0.1388
249,1271,1520,0.1388
239,1276,1515,0.1388
235,1278,1513,0.1388
237,1280,1517,0.1388
233,1279,1512,0.1388
237,1273,1510,0.1388
234,1278,1512,0.1388
233,1273,1506,0.1388
232,1270,1502,0.1388
232,1281,1513,0.1388
235,1276,1511,0.1388
242,1283,1525,0.1388
243,1270,1513,0.1388
241,1274,1515,0.1388
236,1266,1502,0.1388
232,1260,1492,0.1388
233,1276,1509,0.1388
229,1283,1512,0.1388
228,1284,1512,0.1388
228,1277,1505,0.1388
224,1281,1505,0.1388
224,1281,1505,0.1388
220,1279,1499,0.1388
215,1258,1473,0.1388
213,1278,1491,0.1388
211,1282,1493,0.1388
211,1272,1483,0.1388
204,1283,1487,0.1388
201,1288,1489,0.1388
203,1303,1506,0.1388
202,1301,1503,0.1388
202,1303,1505,0.1388
203,1314,1517,0.1388
204,1316,1520,0.1388
207,1304,1511,0.1388
206,1304,1510,0.1388
206,1313,1519,0.1388
200,1311,1511,0.1388
201,1311,1512,0.1388
203,1311,1514,0.1388
199,1307,1506,0.1388
196,1321,1517,0.1388
195,1322,1517,0.1388
192,1332,1524,0.1388
193,1331,1524,0.1388
186,1322,1508,0.1388
184,1327,1511,0.1388
183,1339,1522,0.1388
180,1328,1508,0.1388
179,1339,1518,0.1388
183,1334,1517,0.1388
179,1334,1513,0.1388
178,1333,1511,0.1388
174,1342,1516,0.1388
175,1347,1522,0.1388
175,1334,1509,0.1388
170,1323,1493,0.1388
176,1327,1503,0.1388
177,1331,1508,0.1388
176,1329,1505,0.1388
180,1332,1512,0.1388
182,1329,1511,0.1388
176,1344,1520,0.1388
179,1328,1507,0.1388
174,1334,1508,0.1388
175,1340,1515,0.1388
175,1350,1525,0.1388
175,1352,1527,0.1388
173,1360,1533,0.1388
172,1353,1525,0.1388
169,1345,1514,0.1388
166,1355,1521,0.1388
164,1357,1521,0.1388
161,1365,1526,0.1388
160,1352,1512,0.1388
162,1346,1508,0.1388
161,1348,1509,0.1388
160,1353,1513,0.1388
164,1342,1506,0.1388
166,1359,1525,0.1388
165,1366,1531,0.1388
163,1367,1530,0.1388
155,1366,1521,0.1388
156,1354,1510,0.1388
159,1356,1515,0.1388
157,1365,1522,0.1388
154,1377,1531,0.1388
158,1365,1523,0.1388
156,1371,1527,0.1388
157,1367,1524,0.1388
160,1371,1531,0.1388
159,1369,1528,0.1388
164,1366,1530,0.1388
161,1366,1527,0.1388
160,1358,1518,0.1388
159,1359,1518,0.1388
155,1363,1518,0.1388
153,1370,1523,0.1388
158,1355,1513,0.1388
157,1360,1517,0.1388
157,1371,1528,0.1388
158,1359,1517,0.1388
153,1361,1514,0.1388
155,1353,1508,0.1388
156,1377,1533,0.1388
155,1373,1528,0.1388
154,1366,1520,0.1388
151,1373,1524,0.1388
153,1368,1521,0.1388
152,1367,1519,0.1388
151,1377,1528,0.1388
151,1385,1536,0.1388
151,1381,1532,0.1388
151,1373,1524,0.1388
149,1372,1521,0.1388
147,1375,1522,0.1388
150,1382,1532,0.1388
151,1369,1520,0.1388
150,1370,1520,0.1388
154,1373,1527,0.1388
154,1356,1510,0.1388
149,1367,1516,0.1388
149,1357,1506,0.1388
151,1361,1512,0.1388
149,1362,1511,0.1388
154,1379,1533,0.1388
145,1365,1510,0.1388
142,1356,1498,0.1388
143,1363,1506,0.1388
143,1367,1510,0.1388
144,1370,1514,0.1388
142,1372,1514,0.1388
139,1378,1517,0.1388
136,1384,1520,0.1388
136,1389,1525,0.1388
138,1388,1526,0.1388
140,1390,1530,0.1388
139,1391,1530,0.1388
137,1380,1517,0.1388
133,1376,1509,0.1388
132,1387,1519,0.1388
135,1372,1507,0.1388
138,1380,1518,0.1388
134,1391,1525,0.1388
134,1384,1518,0.1388
135,1396,1531,0.1388
129,1396,1525,0.1388
128,1387,1515,0.1388
127,1389,1516,0.1388
128,1390,1518,0.1388
129,1392,1521,0.1388
130,1386,1516,0.1388
128,1383,1511,0.1388
128,1372,1500,0.1388
126,1377,1503,0.1388
124,1374,1498,0.1388
122,1390,1512,0.1388
120,1386,1506,0.1388
118,1389,1507,0.1388
115,1398,1513,0.1388
117,1406,1523,0.1388
117,1402,1519,0.1388
116,1408,1524,0.1388
112,1415,1527,0.1388
112,1404,1516,0.1388
110,1395,1505,0.1388
112,1398,1510,0.1388
112,1407,1519,0.1388
112,1401,1513,0.1388
112,1391,1503,0.1388
113,1390,1503,0.1388
114,1388,1502,0.1388
115,1393,1508,0.1388
117,1385,1502,0.1388
112,1384,1496,0.1388
108,1393,1501,0.1388
109,1405,1514,0.1388
111,1398,1509,0.1388
111,1395,1506,0.1388
109,1390,1499,0.1388
111,1413,1524,0.1388
110,1411,1521,0.1388
108,1396,1504,0.1388
109,1405,1514,0.1388
104,1410,1514,0.1388
102,1417,1519,0.1388
103,1419,1522,0.1388
101,1417,1518,0.1388
101,1410,1511,0.1388
104,1402,1506,0.1388
105,1400,1505,0.1388
103,1392,1495,0.1388
100,1405,1505,0.1388
102,1399,1501,0.1388
103,1399,1502,0.1388
101,1416,1517,0.1388
101,1424,1525,0.1388
100,1428,1528,0.1388
98,1430,1528,0.1388
97,1430,1527,0.1388
92,1425,1517,0.1388
94,1437,1531,0.1388
92,1428,1520,0.1388
91,1424,1515,0.1388
88,1429,1517,0.1388
90,1427,1517,0.1388
92,1442,1534,0.1388
89,1441,1530,0.1388
88,1426,1514,0.1388
89,1428,1517,0.1388
88,1429,1517,0.1388
87,1441,1528,0.1388
85,1433,1518,0.1388
83,1431,1514,0.1388
80,1437,1517,0.1388
78,1434,1512,0.1388
81,1426,1507,0.1388
78,1430,1508,0.1388
81,1442,1523,0.1388
82,1436,1518,0.1388
82,1438,1520,0.1388
81,1438,1519,0.1388
80,1440,1520,0.1388
81,1440,1521,0.1388
79,1440,1519,0.1388
79,1439,1518,0.1388
79,1442,1521,0.1388
78,1437,1515,0.1388
76,1437,1513,0.1388
75,1436,1511,0.1388
76,1448,1524,0.1388
73,1442,1515,0.1388
74,1446,1520,0.1388
74,1440,1514,0.1388
74,1440,1514,0.1388
77,1446,1523,0.1388
78,1441,1519,0.1388
81,1436,1517,0.1388
82,1440,1522,0.1388
84,1441,1525,0.1388
82,1451,1533,0.1388
81,1435,1516,0.1388
79,1430,1509,0.1388
83,1431,1514,0.1388
82,1436,1518,0.1388
83,1430,1513,0.1388
80,1424,1504,0.1388
80,1426,1506,0.1388
81,1427,1508,0.1388
79,1428,1507,0.1388
78,1430,1508,0.1388
79,1430,1509,0.1388
79,1440,1519,0.1388
81,1446,1527,0.1388
84,1449,1533,0.1388
84,1463,1547,0.1388
82,1457,1539,0.1388
81,1440,1521,0.1388
81,1434,1515,0.1388
81,1437,1518,0.1388
80,1433,1513,0.1388
80,1429,1509,0.1388
81,1429,1510,0.1388
81,1441,1522,0.1388
83,1441,1524,0.1388
79,1437,1516,0.1388
79,1443,1522,0.1388
79,1446,1525,0.1388
75,1447,1522,0.1388
71,1451,1522,0.1388
71,1443,1514,0.1388
73,1456,1529,0.1388
71,1446,1517,0.1388
72,1444,1516,0.1388
68,1449,1517,0.1388
71,1442,1513,0.1388
69,1463,1532,0.1388
68,1457,1525,0.1388
70,1449,1519,0.1388
73,1453,1526,0.1388
73,1455,1528,0.1388
74,1444,1518,0.1388
72,1450,1522,0.1388
72,1444,1516,0.1388
71,1451,1522,0.1388
71,1454,1525,0.1388
72,1446,1518,0.1388
74,1439,1513,0.1388
72,1447,1519,0.1388
71,1456,1527,0.1388
73,1453,1526,0.1388
72,1451,1523,0.1388
72,1464,1536,0.1388
73,1455,1528,0.1388
72,1444,1516,0.1388
70,1442,1512,0.1388
72,1438,1510,0.1388
73,1441,1514,0.1388
72,1439,1511,0.1388
73,1440,1513,0.1388
70,1451,1521,0.1388
70,1439,1509,0.1388
68,1445,1513,0.1388
64,1449,1513,0.1388
63,1454,1517,0.1388
65,1447,1512,0.1388
64,1440,1504,0.1388
63,1453,1516,0.1388
64,1455,1519,0.1388
61,1445,1506,0.1388
63,1442,1505,0.1388
63,1454,1517,0.1388
61,1449,1510,0.1388
58,1452,1510,0.1388
59,1452,1511,0.1388
61,1449,1510,0.1388
61,1451,1512,0.1388
60,1469,1529,0.1388
60,1463,1523,0.1388
62,1455,1517,0.1388
64,1454,1518,0.1388
64,1438,1502,0.1388
63,1444,1507,0.1388
60,1449,1509,0.1388
61,1458,1519,0.1388
58,1456,1514,0.1388
56,1443,1499,0.1388
54,1448,1502,0.1388
49,1451,1500,0.1388
49,1456,1505,0.1388
48,1477,1525,0.1388
47,1465,1512,0.1388
49,1465,1514,0.1388
49,1450,1499,0.1388
48,1456,1504,0.1388
45,1459,1504,0.1388
45,1455,1500,0.1388
46,1469,1515,0.1388
47,1467,1514,0.1388
46,1469,1515,0.1388
48,1467,1515,0.1388
46,1464,1510,0.1388
43,1470,1513,0.1388
45,1472,1517,0.1388
43,1480,1523,0.1388
46,1470,1516,0.1388
47,1462,1509,0.1388
47,1454,1501,0.1388
46,1455,1501,0.1388
44,1449,1493,0.1388
45,1458,1503,0.1388
46,1452,1498,0.1388
48,1446,1494,0.1388
51,1461,1512,0.1388
52,1448,1500,0.1388
52,1456,1508,0.1388
52,1449,1501,0.1388
53,1455,1508,0.1388
51,1466,1517,0.1388
48,1466,1514,0.1388
48,1461,1509,0.1388
44,1468,1512,0.1388
43,1481,1524,0.1388
43,1486,1529,0.1388
43,1486,1529,0.1388
46,1486,1532,0.1388
47,1483,1530,0.1388
46,1493,1539,0.1388
46,1475,1521,0.1388
47,1481,1528,0.1388
47,1486,1533,0.1388
47,1478,1525,0.1388
45,1466,1511,0.1388
43,1472,1515,0.1388
41,1483,1524,0.1388
40,1484,1524,0.1388
40,1484,1524,0.1388
39,1478,1517,0.1388
37,1487,1524,0.1388
38,1487,1525,0.1388
39,1486,1525,0.1388
40,1484,1524,0.1388
40,1482,1522,0.1388
40,1474,1514,0.1388
40,1472,1512,0.1388
41,1456,1497,0.1388
41,1462,1503,0.1388
41,1461,1502,0.1388
42,1476,1518,0.1388
41,1473,1514,0.1388
41,1455,1496,0.1388
42,1473,1515,0.1388
41,1484,1525,0.1388
41,1489,1530,0.1388
39,1490,1529,0.1388
39,1492,1531,0.1388
40,1480,1520,0.1388
40,1489,1529,0.1388
41,1483,1524,0.1388
42,1480,1522,0.1388
43,1468,1511,0.1388
42,1481,1523,0.1388
41,1483,1524,0.1388
41,1464,1505,0.1388
45,1486,1531,0.1388
45,1490,1535,0.1388
47,1489,1536,0.1388
47,1488,1535,0.1388
47,1483,1530,0.1388
47,1484,1531,0.1388
49,1477,1526,0.1388
47,1471,1518,0.1388
48,1460,1508,0.1388
49,1466,1515,0.1388
48,1465,1513,0.1388
46,1467,1513,0.1388
44,1475,1519,0.1388
46,1465,1511,0.1388
46,1473,1519,0.1388
46,1475,1521,0.1388
47,1472,1519,0.1388
46,1483,1529,0.1388
45,1476,1521,0.1388
46,1468,1514,0.1388
45,1460,1505,0.1388
45,1476,1521,0.1388
44,1477,1521,0.1388
44,1483,1527,0.1388
45,1493,1538,0.1388
46,1481,1527,0.1388
43,1471,1514,0.1388
43,1477,1520,0.1388
44,1478,1522,0.1388
45,1475,1520,0.1388
47,1482,1529,0.1388
46,1469,1515,0.1388
44,1462,1506,0.1388
42,1453,1495,0.1388
41,1455,1496,0.1388
43,1465,1508,0.1388
42,1472,1514,0.1388
42,1480,1522,0.1388
42,1480,1522,0.1388
41,1476,1517,0.1388
38,1456,1494,0.1388
38,1465,1503,0.1388
38,1458,1496,0.1388
38,1464,1502,0.1388
37,1461,1498,0.1388
36,1473,1509,0.1388
37,1475,1512,0.1388
37,1461,1498,0.1388
37,1468,1505,0.1388
39,1474,1513,0.1388
38,1471,1509,0.1388
37,1471,1508,0.1388
37,1468,1505,0.1388
37,1478,1515,0.1388
38,1474,1512,0.1388
40,1478,1518,0.1388
38,1476,1514,0.1388
40,1479,1519,0.1388
40,1479,1519,0.1388
41,1465,1506,0.1388
40,1465,1505,0.1388
41,1471,1512,0.1388
41,1474,1515,0.1388
42,1470,1512,0.1388
41,1481,1522,0.1388
42,1483,1525,0.1388
42,1480,1522,0.1388
42,1466,1508,0.1388
40,1469,1509,0.1388
41,1466,1507,0.1388
42,1466,1508,0.1388
40,1469,1509,0.1388
42,1477,1519,0.1388
43,1486,1529,0.1388
41,1482,1523,0.1388
39,1490,1529,0.1388
39,1482,1521,0.1388
39,1488,1527,0.1388
39,1478,1517,0.1388
39,1471,1510,0.1388
37,1471,1508,0.1388
36,1476,1512,0.1388
36,1480,1516,0.1388
34,1475,1509,0.1388
37,1482,1519,0.1388
37,1480,1517,0.1388
37,1479,1516,0.1388
39,1488,1527,0.1388
39,1470,1509,0.1388
39,1467,1506,0.1388
38,1467,1505,0.1388
39,1465,1504,0.1388
39,1471,1510,0.1388
37,1474,1511,0.1388
38,1462,1500,0.1388
37,1472,1509,0.1388
36,1486,1522,0.1388
35,1486,1521,0.1388
32,1488,1520,0.1388
33,1491,1524,0.1388
32,1498,1530,0.1388
32,1489,1521,0.1388
31,1479,1510,0.1388
34,1487,1521,0.1388
35,1487,1522,0.1388
36,1494,1530,0.1388
36,1488,1524,0.1388
36,1490,1526,0.1388
36,1487,1523,0.1388
35,1489,1524,0.1388
33,1492,1525,0.1388
33,1488,1521,0.1388
31,1493,1524,0.1388
32,1488,1520,0.1388
32,1488,1520,0.1388
32,1492,1524,0.1388
32,1489,1521,0.1388
33,1478,1511,0.1388
31,1484,1515,0.1388
30,1472,1502,0.1388
29,1483,1512,0.1388
28,1492,1520,0.1388
28,1490,1518,0.1388
29,1498,1527,0.1388
29,1499,1528,0.1388
28,1489,1517,0.1388
28,1500,1528,0.1388
30,1493,1523,0.1388
29,1486,1515,0.1388
29,1478,1507,0.1388
29,1484,1513,0.1388
30,1480,1510,0.1388
29,1479,1508,0.1388
29,1482,1511,0.1388
27,1483,1510,0.1388
26,1471,1497,0.1388
27,1484,1511,0.1388
27,1494,1521,0.1388
22,1496,1518,0.1388
21,1494,1515,0.1388
19,1481,1500,0.1388
20,1488,1508,0.1388
18,1509,1527,0.1388
18,1503,1521,0.1388
17,1504,1521,0.1388
16,1511,1527,0.1388
16,1504,1520,0.1388
15,1507,1522,0.1388
16,1500,1516,0.1388
16,1506,1522,0.1388
16,1513,1529,0.1388
16,1491,1507,0.1388
17,1480,1497,0.1388
18,1489,1507,0.1388
17,1495,1512,0.1388
17,1491,1508,0.1388
16,1506,1522,0.1388
17,1501,1518,0.1388
18,1504,1522,0.1388
17,1519,1536,0.1388
17,1500,1517,0.1388
19,1496,1515,0.1388
19,1491,1510,0.1388
20,1499,1519,0.1388
20,1488,1508,0.1388
19,1479,1498,0.1388
19,1498,1517,0.1388
20,1502,1522,0.1388
17,1494,1511,0.1388
19,1480,1499,0.1388
19,1484,1503,0.1388
19,1492,1511,0.1388
18,1485,1503,0.1388
18,1489,1507,0.1388
17,1502,1519,0.1388
17,1504,1521,0.1388
18,1513,1531,0.1388
18,1498,1516,0.1388
16,1513,1529,0.1388
15,1507,1522,0.1388
14,1500,1514,0.1388
13,1517,1530,0.1388
13,1514,1527,0.1388
13,1491,1504,0.1388
12,1505,1517,0.1388
14,1496,1510,0.1388
14,1489,1503,0.1388
13,1493,1506,0.1388
13,1502,1515,0.1388
13,1519,1532,0.1388
13,1513,1526,0.1388
13,1522,1535,0.1388
12,1512,1524,0.1388
11,1506,1517,0.1388
11,1501,1512,0.1388
11,1498,1509,0.1388
11,1512,1523,0.1388
12,1511,1523,0.1388
12,1512,1524,0.1388
12,1512,1524,0.1388
13,1502,1515,0.1388
13,1506,1519,0.1388
12,1512,1524,0.1388
12,1503,1515,0.1388
12,1518,1530,0.1388
12,1513,1525,0.1388
13,1507,1520,0.1388
14,1498,1512,0.1388
14,1501,1515,0.1388
14,1499,1513,0.1388
13,1497,1510,0.1388
12,1500,1512,0.1388
12,1500,1512,0.1388
14,1507,1521,0.1388
14,1505,1519,0.1388
12,1511,1523,0.1388
10,1503,1513,0.1388
10,1506,1516,0.1388
9,1507,1516,0.1388
9,1514,1523,0.1388
10,1512,1522,0.1388
11,1503,1514,0.1388
11,1501,1512,0.1388
11,1488,1499,0.1388
11,1490,1501,0.1388
10,1494,1504,0.1388
10,1488,1498,0.1388
10,1495,1505,0.1388
10,1500,1510,0.1388
10,1509,1519,0.1388
10,1508,1518,0.1388
10,1498,1508,0.1388
10,1511,1521,0.1388
9,1505,1514,0.1388
9,1509,1518,0.1388
9,1506,1515,0.1388
10,1509,1519,0.1388
10,1518,1528,0.1388
10,1513,1523,0.1388
10,1501,1511,0.1388
10,1500,1510,0.1388
9,1518,1527,0.1388
9,1505,1514,0.1388
9,1494,1503,0.1388
9,1495,1504,0.1388
9,1504,1513,0.1388
8,1505,1513,0.1388
8,1513,1521,0.1388
8,1511,1519,0.1388
9,1522,1531,0.1388
9,1524,1533,0.1388
9,1503,1512,0.1388
9,1504,1513,0.1388
9,1514,1523,0.1388
9,1511,1520,0.1388
8,1503,1511,0.1388
7,1508,1515,0.1388
7,1512,1519,0.1388
8,1512,1520,0.1388
8,1516,1524,0.1388
9,1505,1514,0.1388
9,1512,1521,0.1388
8,1504,1512,0.1388
7,1500,1507,0.1388
7,1501,1508,0.1388
7,1510,1517,0.1388
7,1502,1509,0.1388
7,1508,1515,0.1388
7,1517,1524,0.1388
9,1523,1532,0.1388
9,1518,1527,0.1388
10,1517,1527,0.1388
9,1505,1514,0.1388
10,1509,1519,0.1388
10,1514,1524,0.1388
9,1510,1519,0.1388
9,1524,1533,0.1388
9,1519,1528,0.1388
9,1518,1527,0.1388
8,1518,1526,0.1388
7,1517,1524,0.1388
6,1513,1519,0.1388
6,1522,1528,0.1388
6,1519,1525,0.1388
5,1514,1519,0.1388
5,1514,1519,0.1388
5,1515,1520,0.1388
5,1518,1523,0.1388
4,1512,1516,0.1388
4,1499,1503,0.1388
4,1505,1509,0.1388
4,1508,1512,0.1388
4,1500,1504,0.1388
4,1497,1501,0.1388
4,1491,1495,0.1388
4,1495,1499,0.1388
4,1504,1508,0.1388
4,1506,1510,0.1388
4,1508,1512,0.1388
4,1512,1516,0.1388
4,1506,1510,0.1388
4,1500,1504,0.1388
4,1510,1514,0.1388
5,1516,1521,0.1388
5,1509,1514,0.1388
5,1515,1520,0.1388
6,1512,1518,0.1388
6,1501,1507,0.1388
6,1519,1525,0.1388
5,1510,1515,0.1388
5,1525,1530,0.1388
6,1528,1534,0.1388
6,1529,1535,0.1388
6,1525,1531,0.1388
6,1520,1526,0.1388
6,1512,1518,0.1388
6,1502,1508,0.1388
6,1503,1509,0.1388
6,1497,1503,0.1388
6,1505,1511,0.1388
6,1503,1509,0.1388
6,1515,1521,0.1388
6,1519,1525,0.1388
6,1524,1530,0.1388
6,1531,1537,0.1388
5,1529,1534,0.1388
4,1528,1532,0.1388
4,1510,1514,0.1388
4,1512,1516,0.1388
4,1515,1519,0.1388
4,1514,1518,0.1388
4,1502,1506,0.1388
4,1513,1517,0.1388
4,1504,1508,0.1388
4,1506,1510,0.1388
3,1503,1506,0.1388
3,1498,1501,0.1388
3,1500,1503,0.1388
3,1514,1517,0.1388
3,1528,1531,0.1388
3,1525,1528,0.1388
3,1527,1530,0.1388
3,1524,1527,0.1388
3,1521,1524,0.1388
3,1516,1519,0.1388
3,1515,1518,0.1388
3,1530,1533,0.1388
3,1535,1538,0.1388
3,1530,1533,0.1388
4,1524,1528,0.1388
4,1519,1523,0.1388
4,1513,1517,0.1388
4,1521,1525,0.1388
5,1513,1518,0.1388
5,1512,1517,0.1388
5,1501,1506,0.1388
5,1504,1509,0.1388
5,1504,1509,0.1388
5,1508,1513,0.1388
5,1501,1506,0.1388
5,1505,1510,0.1388
6,1510,1516,0.1388
6,1503,1509,0.1388
6,1493,1499,0.1388
6,1508,1514,0.1388
5,1522,1527,0.1388
5,1527,1532,0.1388
4,1519,1523,0.1388
3,1510,1513,0.1388
3,1524,1527,0.1388
3,1523,1526,0.1388
2,1522,1524,0.1388
2,1524,1526,0.1388
2,1508,1510,0.1388
2,1495,1497,0.1388
2,1509,1511,0.1388
2,1509,1511,0.1388
2,1503,1505,0.1388
2,1501,1503,0.1388
2,1509,1511,0.1388
2,1520,1522,0.1388
2,1509,1511,0.1388
1,1517,1518,0.1388
1,1510,1511,0.1388
1,1516,1517,0.1388
1,1515,1516,0.1388
1,1530,1531,0.1388
1,1526,1527,0.1388
1,1528,1529,0.1388
1,1525,1526,0.1388
1,1529,1530,0.1388
1,1524,1525,0.1388
1,1530,1531,0.1388
1,1531,1532,0.1388
0,1522,1522,0.1388
