1378,27,1405,0.1388
1422,26,1448,0.1388
1450,28,1478,0.1388
1453,27,1480,0.1388
1465,29,1494,0.1388
1455,28,1483,0.1388
1468,30,1498,0.1388
1464,29,1493,0.1388
1468,28,1496,0.1388
1461,28,1489,0.1388
1454,27,1481,0.1388
1454,25,1479,0.1388
1460,26,1486,0.1388
1460,25,1485,0.1388
1466,27,1493,0.1388
1452,26,1478,0.1388
1444,26,1470,0.1388
1460,25,1485,0.1388
1466,25,1491,0.1388
1475,24,1499,0.1388
1466,24,1490,0.1388
1476,25,1501,0.1388
1465,25,1490,0.1388
1473,26,1499,0.1388
1484,24,1508,0.1388
1458,24,1482,0.1388
1461,23,1484,0.1388
1458,23,1481,0.1388
1463,22,1485,0.1388
1461,24,1485,0.1388
1458,23,1481,0.1388
1456,24,1480,0.1388
1455,25,1480,0.1388
1469,25,1494,0.1388
1469,26,1495,0.1388
1467,26,1493,0.1388
1468,26,1494,0.1388
1463,26,1489,0.1388
1463,24,1487,0.1388
1461,23,1484,0.1388
1458,23,1481,0.1388
1462,23,1485,0.1388
1463,27,1490,0.1388
1469,26,1495,0.1388
1464,25,1489,0.1388
1468,27,1495,0.1388
1462,26,1488,0.1388
1451,27,1478,0.1388
1456,27,1483,0.1388
1468,27,1495,0.1388
1467,30,1497,0.1388
1466,28,1494,0.1388
1465,28,1493,0.1388
1472,27,1499,0.1388
1474,27,1501,0.1388
1471,27,1498,0.1388
1469,26,1495,0.1388
1470,24,1494,0.1388
1463,25,1488,0.1388
1462,26,1488,0.1388
1468,26,1494,0.1388
1464,24,1488,0.1388
1469,24,1493,0.1388
1451,24,1475,0.1388
1462,24,1486,0.1388
1474,26,1500,0.1388
1477,28,1505,0.1388
1462,28,1490,0.1388
1458,27,1485,0.1388
1470,27,1497,0.1388
1457,28,1485,0.1388
1459,29,1488,0.1388
1461,27,1488,0.1388
1454,28,1482,0.1388
1463,26,1489,0.1388
1479,25,1504,0.1388
1478,23,1501,0.1388
1490,24,1514,0.1388
1474,24,1498,0.1388
1470,25,1495,0.1388
1457,27,1484,0.1388
1458,27,1485,0.1388
1465,26,1491,0.1388
1468,26,1494,0.1388
1452,25,1477,0.1388
1464,26,1490,0.1388
1465,26,1491,0.1388
1473,26,1499,0.1388
1488,25,1513,0.1388
1480,27,1507,0.1388
1472,28,1500,0.1388
1459,28,1487,0.1388
1467,29,1496,0.1388
1468,29,1497,0.1388
1464,29,1493,0.1388
1473,29,1502,0.1388
1462,28,1490,0.1388
1462,30,1492,0.1388
1465,32,1497,0.1388
1457,32,1489,0.1388
1458,34,1492,0.1388
1462,33,1495,0.1388
1462,32,1494,0.1388
1462,30,1492,0.1388
1478,31,1509,0.1388
1480,30,1510,0.1388
1485,29,1514,0.1388
1476,30,1506,0.1388
1469,32,1501,0.1388
1467,31,1498,0.1388
1454,30,1484,0.1388
1448,27,1475,0.1388
1459,28,1487,0.1388
1452,30,1482,0.1388
1448,29,1477,0.1388
1434,30,1464,0.1388
1426,31,1457,0.1388
1436,31,1467,0.1388
1438,30,1468,0.1388
1454,31,1485,0.1388
1444,29,1473,0.1388
1451,28,1479,0.1388
1452,30,1482,0.1388
1460,32,1492,0.1388
1452,34,1486,0.1388
1452,38,1490,0.1388
1457,36,1493,0.1388
1469,35,1504,0.1388
1478,34,1512,0.1388
1478,32,1510,0.1388
1474,30,1504,0.1388
1484,31,1515,0.1388
1472,31,1503,0.1388
1466,31,1497,0.1388
1469,31,1500,0.1388
1462,32,1494,0.1388
1468,34,1502,0.1388
1454,34,1488,0.1388
1444,34,1478,0.1388
1457,34,1491,0.1388
1457,37,1494,0.1388
1453,38,1491,0.1388
1453,38,1491,0.1388
1435,39,1474,0.1388
1442,37,1479,0.1388
1462,38,1500,0.1388
1465,39,1504,0.1388
1473,40,1513,0.1388
1477,41,1518,0.1388
1460,42,1502,0.1388
1451,45,1496,0.1388
1449,44,1493,0.1388
1448,45,1493,0.1388
1445,41,1486,0.1388
1446,38,1484,0.1388
1436,35,1471,0.1388
1452,37,1489,0.1388
1442,38,1480,0.1388
1443,38,1481,0.1388
1436,37,1473,0.1388
1439,36,1475,0.1388
1445,36,1481,0.1388
1443,39,1482,0.1388
1440,38,1478,0.1388
1442,37,1479,0.1388
1442,35,1477,0.1388
1432,35,1467,0.1388
1440,35,1475,0.1388
1445,35,1480,0.1388
1451,37,1488,0.1388
1464,38,1502,0.1388
1470,37,1507,0.1388
1467,38,1505,0.1388
1465,40,1505,0.1388
1464,37,1501,0.1388
1465,37,1502,0.1388
1466,36,1502,0.1388
1455,38,1493,0.1388
1444,35,1479,0.1388
1459,33,1492,0.1388
1449,33,1482,0.1388
1440,34,1474,0.1388
1443,32,1475,0.1388
1438,30,1468,0.1388
1447,28,1475,0.1388
1441,30,1471,0.1388
1452,30,1482,0.1388
1445,31,1476,0.1388
1449,33,1482,0.1388
1451,31,1482,0.1388
1441,31,1472,0.1388
1447,31,1478,0.1388
1453,32,1485,0.1388
1467,34,1501,0.1388
1465,35,1500,0.1388
1462,35,1497,0.1388
1452,37,1489,0.1388
1454,36,1490,0.1388
1463,35,1498,0.1388
1457,34,1491,0.1388
1460,35,1495,0.1388
1459,35,1494,0.1388
1457,36,1493,0.1388
1461,34,1495,0.1388
1468,35,1503,0.1388
1467,35,1502,0.1388
1472,34,1506,0.1388
1460,34,1494,0.1388
1460,34,1494,0.1388
1443,33,1476,0.1388
1462,35,1497,0.1388
1459,34,1493,0.1388
1450,34,1484,0.1388
1446,33,1479,0.1388
1442,31,1473,0.1388
1444,31,1475,0.1388
1441,31,1472,0.1388
1448,33,1481,0.1388
1460,34,1494,0.1388
1463,34,1497,0.1388
1450,33,1483,0.1388
1452,33,1485,0.1388
1455,34,1489,0.1388
1452,35,1487,0.1388
1462,37,1499,0.1388
1456,37,1493,0.1388
1458,36,1494,0.1388
1464,38,1502,0.1388
1469,34,1503,0.1388
1463,31,1494,0.1388
1460,30,1490,0.1388
1455,30,1485,0.1388
1471,30,1501,0.1388
1481,31,1512,0.1388
1464,33,1497,0.1388
1463,32,1495,0.1388
1461,32,1493,0.1388
1453,30,1483,0.1388
1466,31,1497,0.1388
1476,31,1507,0.1388
1470,32,1502,0.1388
1468,33,1501,0.1388
1463,32,1495,0.1388
1469,32,1501,0.1388
1474,33,1507,0.1388
1488,32,1520,0.1388
1481,31,1512,0.1388
1487,31,1518,0.1388
1483,32,1515,0.1388
1470,31,1501,0.1388
1477,31,1508,0.1388
1473,31,1504,0.1388
1477,31,1508,0.1388
1471,31,1502,0.1388
1475,32,1507,0.1388
1478,32,1510,0.1388
1462,33,1495,0.1388
1467,34,1501,0.1388
1460,34,1494,0.1388
1456,34,1490,0.1388
1470,35,1505,0.1388
1465,35,1500,0.1388
1460,35,1495,0.1388
1457,36,1493,0.1388
1447,35,1482,0.1388
1444,36,1480,0.1388
1464,36,1500,0.1388
1456,36,1492,0.1388
1456,35,1491,0.1388
1446,37,1483,0.1388
1447,37,1484,0.1388
1456,38,1494,0.1388
1454,37,1491,0.1388
1446,37,1483,0.1388
1450,38,1488,0.1388
1436,38,1474,0.1388
1450,35,1485,0.1388
1460,35,1495,0.1388
1462,36,1498,0.1388
1474,39,1513,0.1388
1477,39,1516,0.1388
1460,39,1499,0.1388
1457,38,1495,0.1388
1455,39,1494,0.1388
1450,39,1489,0.1388
1457,39,1496,0.1388
1458,40,1498,0.1388
1453,41,1494,0.1388
1454,43,1497,0.1388
1459,42,1501,0.1388
1455,42,1497,0.1388
1459,42,1501,0.1388
1458,42,1500,0.1388
1453,44,1497,0.1388
1446,46,1492,0.1388
1437,44,1481,0.1388
1441,45,1486,0.1388
1457,43,1500,0.1388
1452,44,1496,0.1388
1444,45,1489,0.1388
1452,45,1497,0.1388
1439,45,1484,0.1388
1449,45,1494,0.1388
1440,46,1486,0.1388
1437,47,1484,0.1388
1435,48,1483,0.1388
1436,48,1484,0.1388
1447,47,1494,0.1388
1449,47,1496,0.1388
1461,46,1507,0.1388
1457,47,1504,0.1388
1452,49,1501,0.1388
1453,50,1503,0.1388
1449,48,1497,0.1388
1452,50,1502,0.1388
1449,49,1498,0.1388
1452,51,1503,0.1388
1452,51,1503,0.1388
1459,48,1507,0.1388
1443,50,1493,0.1388
1442,50,1492,0.1388
1441,48,1489,0.1388
1449,50,1499,0.1388
1451,52,1503,0.1388
1435,49,1484,0.1388
1427,50,1477,0.1388
1426,51,1477,0.1388
1430,52,1482,0.1388
1429,52,1481,0.1388
1429,53,1482,0.1388
1422,53,1475,0.1388
1408,55,1463,0.1388
1420,55,1475,0.1388
1427,56,1483,0.1388
1427,56,1483,0.1388
1434,60,1494,0.1388
1433,61,1494,0.1388
1448,62,1510,0.1388
1438,62,1500,0.1388
1423,61,1484,0.1388
1425,59,1484,0.1388
1417,62,1479,0.1388
1431,60,1491,0.1388
1435,61,1496,0.1388
1440,64,1504,0.1388
1426,61,1487,0.1388
1429,62,1491,0.1388
1430,63,1493,0.1388
1432,61,1493,0.1388
1442,65,1507,0.1388
1433,65,1498,0.1388
1419,69,1488,0.1388
1435,70,1505,0.1388
1420,74,1494,0.1388
1417,72,1489,0.1388
1413,71,1484,0.1388
1427,72,1499,0.1388
1423,71,1494,0.1388
1416,74,1490,0.1388
1421,74,1495,0.1388
1411,74,1485,0.1388
1414,77,1491,0.1388
1416,76,1492,0.1388
1410,77,1487,0.1388
1405,77,1482,0.1388
1404,78,1482,0.1388
1405,76,1481,0.1388
1410,76,1486,0.1388
1414,75,1489,0.1388
1413,77,1490,0.1388
1405,82,1487,0.1388
1423,80,1503,0.1388
1421,81,1502,0.1388
1411,81,1492,0.1388
1412,78,1490,0.1388
1417,80,1497,0.1388
1411,80,1491,0.1388
1417,81,1498,0.1388
1414,80,1494,0.1388
1414,83,1497,0.1388
1429,83,1512,0.1388
1415,79,1494,0.1388
1397,79,1476,0.1388
1404,80,1484,0.1388
1406,80,1486,0.1388
1400,80,1480,0.1388
1416,78,1494,0.1388
1413,77,1490,0.1388
1422,78,1500,0.1388
1422,78,1500,0.1388
1424,75,1499,0.1388
1405,74,1479,0.1388
1398,76,1474,0.1388
1410,75,1485,0.1388
1402,79,1481,0.1388
1418,81,1499,0.1388
1420,81,1501,0.1388
1423,83,1506,0.1388
1420,79,1499,0.1388
1417,79,1496,0.1388
1413,79,1492,0.1388
1420,79,1499,0.1388
1425,82,1507,0.1388
1411,80,1491,0.1388
1429,81,1510,0.1388
1418,78,1496,0.1388
1427,79,1506,0.1388
1426,79,1505,0.1388
1427,78,1505,0.1388
1412,78,1490,0.1388
1413,80,1493,0.1388
1405,80,1485,0.1388
1420,81,1501,0.1388
1423,81,1504,0.1388
1429,82,1511,0.1388
1416,81,1497,0.1388
1407,83,1490,0.1388
1395,83,1478,0.1388
1401,83,1484,0.1388
1394,88,1482,0.1388
1398,88,1486,0.1388
1397,91,1488,0.1388
1392,91,1483,0.1388
1402,90,1492,0.1388
1403,89,1492,0.1388
1400,88,1488,0.1388
1395,90,1485,0.1388
1395,91,1486,0.1388
1404,90,1494,0.1388
1404,90,1494,0.1388
1392,91,1483,0.1388
1403,92,1495,0.1388
1419,96,1515,0.1388
1412,95,1507,0.1388
1415,94,1509,0.1388
1415,94,1509,0.1388
1404,94,1498,0.1388
1414,95,1509,0.1388
1402,96,1498,0.1388
1389,91,1480,0.1388
1388,95,1483,0.1388
1387,96,1483,0.1388
1385,96,1481,0.1388
1381,99,1480,0.1388
1383,102,1485,0.1388
1403,102,1505,0.1388
1399,102,1501,0.1388
1393,102,1495,0.1388
1393,104,1497,0.1388
1393,103,1496,0.1388
1395,104,1499,0.1388
1396,103,1499,0.1388
1386,102,1488,0.1388
1387,103,1490,0.1388
1395,106,1501,0.1388
1391,107,1498,0.1388
1383,104,1487,0.1388
1390,103,1493,0.1388
1385,108,1493,0.1388
1392,107,1499,0.1388
1406,107,1513,0.1388
1401,107,1508,0.1388
1398,106,1504,0.1388
1404,107,1511,0.1388
1401,108,1509,0.1388
1389,109,1498,0.1388
1397,110,1507,0.1388
1385,112,1497,0.1388
1384,110,1494,0.1388
1389,113,1502,0.1388
1383,111,1494,0.1388
1369,110,1479,0.1388
1379,109,1488,0.1388
1387,107,1494,0.1388
1378,106,1484,0.1388
1381,106,1487,0.1388
1387,101,1488,0.1388
1391,101,1492,0.1388
1399,102,1501,0.1388
1396,103,1499,0.1388
1397,101,1498,0.1388
1386,108,1494,0.1388
1385,110,1495,0.1388
1379,111,1490,0.1388
1374,111,1485,0.1388
1390,114,1504,0.1388
1386,113,1499,0.1388
1397,115,1512,0.1388
1395,114,1509,0.1388
1395,115,1510,0.1388
1404,117,1521,0.1388
1402,114,1516,0.1388
1395,115,1510,0.1388
1395,114,1509,0.1388
1400,114,1514,0.1388
1394,112,1506,0.1388
1386,109,1495,0.1388
1374,111,1485,0.1388
1373,116,1489,0.1388
1375,118,1493,0.1388
1367,117,1484,0.1388
1374,117,1491,0.1388
1383,117,1500,0.1388
1376,113,1489,0.1388
1382,112,1494,0.1388
1389,110,1499,0.1388
1374,111,1485,0.1388
1379,111,1490,0.1388
1378,110,1488,0.1388
1376,111,1487,0.1388
1384,108,1492,0.1388
1383,112,1495,0.1388
1381,110,1491,0.1388
1380,110,1490,0.1388
1375,112,1487,0.1388
1373,110,1483,0.1388
1374,110,1484,0.1388
1390,110,1500,0.1388
1393,109,1502,0.1388
1378,112,1490,0.1388
1372,112,1484,0.1388
1390,111,1501,0.1388
1395,109,1504,0.1388
1382,111,1493,0.1388
1391,108,1499,0.1388
1398,108,1506,0.1388
1399,106,1505,0.1388
1391,109,1500,0.1388
1393,107,1500,0.1388
1389,108,1497,0.1388
1379,108,1487,0.1388
1388,113,1501,0.1388
1393,114,1507,0.1388
1396,114,1510,0.1388
1392,111,1503,0.1388
1392,108,1500,0.1388
1392,108,1500,0.1388
1389,111,1500,0.1388
1399,109,1508,0.1388
1398,112,1510,0.1388
1393,113,1506,0.1388
1403,117,1520,0.1388
1386,118,1504,0.1388
1386,119,1505,0.1388
1372,117,1489,0.1388
1367,120,1487,0.1388
1385,119,1504,0.1388
1383,117,1500,0.1388
1376,115,1491,0.1388
1366,118,1484,0.1388
1372,121,1493,0.1388
1376,122,1498,0.1388
1377,123,1500,0.1388
1369,126,1495,0.1388
1373,124,1497,0.1388
1365,128,1493,0.1388
1375,128,1503,0.1388
1369,132,1501,0.1388
1364,132,1496,0.1388
1367,136,1503,0.1388
1364,132,1496,0.1388
1355,136,1491,0.1388
1349,138,1487,0.1388
1355,135,1490,0.1388
1360,134,1494,0.1388
1368,134,1502,0.1388
1361,131,1492,0.1388
1358,134,1492,0.1388
1355,136,1491,0.1388
1350,133,1483,0.1388
1353,132,1485,0.1388
1341,133,1474,0.1388
1341,134,1475,0.1388
1355,135,1490,0.1388
1372,137,1509,0.1388
1374,135,1509,0.1388
1354,134,1488,0.1388
1366,132,1498,0.1388
1376,130,1506,0.1388
1366,132,1498,0.1388
1376,131,1507,0.1388
1372,131,1503,0.1388
1361,129,1490,0.1388
1372,126,1498,0.1388
1370,127,1497,0.1388
1374,127,1501,0.1388
1366,127,1493,0.1388
1362,133,1495,0.1388
1367,129,1496,0.1388
1354,132,1486,0.1388
1356,132,1488,0.1388
1357,136,1493,0.1388
1359,139,1498,0.1388
1368,137,1505,0.1388
1358,138,1496,0.1388
1353,139,1492,0.1388
1353,138,1491,0.1388
1358,140,1498,0.1388
1357,142,1499,0.1388
1362,144,1506,0.1388
1361,148,1509,0.1388
1358,151,1509,0.1388
1352,151,1503,0.1388
1356,154,1510,0.1388
1352,156,1508,0.1388
1347,160,1507,0.1388
1350,155,1505,0.1388
1345,153,1498,0.1388
1349,156,1505,0.1388
1357,156,1513,0.1388
1350,155,1505,0.1388
1343,153,1496,0.1388
1352,153,1505,0.1388
1331,154,1485,0.1388
1337,152,1489,0.1388
1352,154,1506,0.1388
1351,153,1504,0.1388
1353,157,1510,0.1388
1355,158,1513,0.1388
1348,161,1509,0.1388
1334,159,1493,0.1388
1329,158,1487,0.1388
1336,161,1497,0.1388
1337,159,1496,0.1388
1319,160,1479,0.1388
1322,164,1486,0.1388
1333,164,1497,0.1388
1335,166,1501,0.1388
1340,165,1505,0.1388
1334,166,1500,0.1388
1340,168,1508,0.1388
1356,167,1523,0.1388
1342,163,1505,0.1388
1350,163,1513,0.1388
1350,158,1508,0.1388
1350,158,1508,0.1388
1352,155,1507,0.1388
1354,149,1503,0.1388
1352,153,1505,0.1388
1346,153,1499,0.1388
1352,159,1511,0.1388
1352,161,1513,0.1388
1340,157,1497,0.1388
1333,159,1492,0.1388
1332,163,1495,0.1388
1327,165,1492,0.1388
1323,168,1491,0.1388
1334,169,1503,0.1388
1330,165,1495,0.1388
1336,166,1502,0.1388
1320,165,1485,0.1388
1321,166,1487,0.1388
1316,166,1482,0.1388
1329,164,1493,0.1388
1340,165,1505,0.1388
1337,168,1505,0.1388
1339,166,1505,0.1388
1336,166,1502,0.1388
1339,169,1508,0.1388
1328,171,1499,0.1388
1318,170,1488,0.1388
1321,174,1495,0.1388
1327,176,1503,0.1388
1325,180,1505,0.1388
1323,176,1499,0.1388
1307,174,1481,0.1388
1310,177,1487,0.1388
1318,180,1498,0.1388
1320,179,1499,0.1388
1316,176,1492,0.1388
1322,177,1499,0.1388
1327,181,1508,0.1388
1331,182,1513,0.1388
1320,182,1502,0.1388
1321,179,1500,0.1388
1321,179,1500,0.1388
1310,179,1489,0.1388
1310,184,1494,0.1388
1311,189,1500,0.1388
1303,196,1499,0.1388
1305,195,1500,0.1388
1310,193,1503,0.1388
1310,198,1508,0.1388
1303,199,1502,0.1388
1301,198,1499,0.1388
1302,200,1502,0.1388
1301,201,1502,0.1388
1296,205,1501,0.1388
1289,202,1491,0.1388
1286,204,1490,0.1388
1283,205,1488,0.1388
1304,210,1514,0.1388
1292,207,1499,0.1388
1288,209,1497,0.1388
1283,215,1498,0.1388
1288,213,1501,0.1388
1290,213,1503,0.1388
1287,213,1500,0.1388
1289,217,1506,0.1388
1293,219,1512,0.1388
1278,224,1502,0.1388
1276,229,1505,0.1388
1276,232,1508,0.1388
1281,226,1507,0.1388
1272,228,1500,0.1388
1250,230,1480,0.1388
1242,227,1469,0.1388
1237,231,1468,0.1388
1224,235,1459,0.1388
1236,231,1467,0.1388
1240,233,1473,0.1388
1239,242,1481,0.1388
1239,243,1482,0.1388
1244,237,1481,0.1388
1252,234,1486,0.1388
1253,241,1494,0.1388
1246,244,1490,0.1388
1242,249,1491,0.1388
1251,244,1495,0.1388
1254,247,1501,0.1388
1256,247,1503,0.1388
1256,242,1498,0.1388
1262,243,1505,0.1388
1250,248,1498,0.1388
1255,247,1502,0.1388
1243,247,1490,0.1388
1236,249,1485,0.1388
1234,253,1487,0.1388
1250,248,1498,0.1388
1237,251,1488,0.1388
1232,254,1486,0.1388
1225,251,1476,0.1388
1216,253,1469,0.1388
1225,255,1480,0.1388
1217,253,1470,0.1388
1223,256,1479,0.1388
1232,263,1495,0.1388
1226,263,1489,0.1388
1230,263,1493,0.1388
1246,265,1511,0.1388
1244,266,1510,0.1388
1242,266,1508,0.1388
1237,263,1500,0.1388
1248,261,1509,0.1388
1241,260,1501,0.1388
1235,259,1494,0.1388
1225,253,1478,0.1388
1232,254,1486,0.1388
1231,258,1489,0.1388
1221,266,1487,0.1388
1221,265,1486,0.1388
1217,272,1489,0.1388
1209,275,1484,0.1388
1218,281,1499,0.1388
1221,277,1498,0.1388
1213,283,1496,0.1388
1217,281,1498,0.1388
1222,283,1505,0.1388
1212,286,1498,0.1388
1200,291,1491,0.1388
1205,292,1497,0.1388
1202,298,1500,0.1388
1203,298,1501,0.1388
1202,297,1499,0.1388
1193,299,1492,0.1388
1198,300,1498,0.1388
1204,298,1502,0.1388
1202,295,1497,0.1388
1193,305,1498,0.1388
1206,305,1511,0.1388
1205,307,1512,0.1388
1200,310,1510,0.1388
1194,304,1498,0.1388
1203,300,1503,0.1388
1198,301,1499,0.1388
1181,309,1490,0.1388
1185,311,1496,0.1388
1174,313,1487,0.1388
1172,313,1485,0.1388
1179,311,1490,0.1388
1183,309,1492,0.1388
1184,311,1495,0.1388
1171,312,1483,0.1388
1186,314,1500,0.1388
1188,309,1497,0.1388
1189,308,1497,0.1388
1191,309,1500,0.1388
1185,306,1491,0.1388
1193,313,1506,0.1388
1197,317,1514,0.1388
1202,315,1517,0.1388
1194,308,1502,0.1388
1189,311,1500,0.1388
1195,313,1508,0.1388
1203,313,1516,0.1388
1199,316,1515,0.1388
1185,318,1503,0.1388
1190,320,1510,0.1388
1195,320,1515,0.1388
1193,322,1515,0.1388
1168,319,1487,0.1388
1177,326,1503,0.1388
1162,325,1487,0.1388
1172,329,1501,0.1388
1164,326,1490,0.1388
1165,322,1487,0.1388
1172,325,1497,0.1388
1184,325,1509,0.1388
1176,318,1494,0.1388
1176,318,1494,0.1388
1190,316,1506,0.1388
1191,311,1502,0.1388
1195,317,1512,0.1388
1189,321,1510,0.1388
1192,325,1517,0.1388
1181,321,1502,0.1388
1176,323,1499,0.1388
1176,326,1502,0.1388
1176,319,1495,0.1388
1177,308,1485,0.1388
1183,310,1493,0.1388
1195,308,1503,0.1388
1190,308,1498,0.1388
1183,309,1492,0.1388
1183,311,1494,0.1388
1177,315,1492,0.1388
1175,320,1495,0.1388
1173,324,1497,0.1388
1176,328,1504,0.1388
1163,323,1486,0.1388
1166,329,1495,0.1388
1157,336,1493,0.1388
1156,334,1490,0.1388
1171,333,1504,0.1388
1165,335,1500,0.1388
1153,337,1490,0.1388
1147,341,1488,0.1388
1143,342,1485,0.1388
1136,341,1477,0.1388
1130,343,1473,0.1388
1123,337,1460,0.1388
1139,342,1481,0.1388
1154,345,1499,0.1388
1166,340,1506,0.1388
1171,337,1508,0.1388
1168,339,1507,0.1388
1176,348,1524,0.1388
1168,355,1523,0.1388
1161,353,1514,0.1388
1146,361,1507,0.1388
1148,356,1504,0.1388
1147,356,1503,0.1388
1145,360,1505,0.1388
1138,362,1500,0.1388
1131,361,1492,0.1388
1131,362,1493,0.1388
1123,361,1484,0.1388
1120,372,1492,0.1388
1129,373,1502,0.1388
1125,373,1498,0.1388
1126,368,1494,0.1388
1136,372,1508,0.1388
1140,373,1513,0.1388
1134,374,1508,0.1388
1113,380,1493,0.1388
1109,376,1485,0.1388
1108,379,1487,0.1388
1101,375,1476,0.1388
1090,377,1467,0.1388
1106,369,1475,0.1388
1123,373,1496,0.1388
1124,380,1504,0.1388
1137,376,1513,0.1388
1139,381,1520,0.1388
1133,385,1518,0.1388
1124,395,1519,0.1388
1125,388,1513,0.1388
1120,387,1507,0.1388
1120,377,1497,0.1388
1120,378,1498,0.1388
1119,382,1501,0.1388
1123,378,1501,0.1388
1115,383,1498,0.1388
1120,385,1505,0.1388
1114,383,1497,0.1388
1117,384,1501,0.1388
1114,388,1502,0.1388
1110,388,1498,0.1388
1098,385,1483,0.1388
1108,390,1498,0.1388
1116,390,1506,0.1388
1105,389,1494,0.1388
1101,393,1494,0.1388
1116,388,1504,0.1388
1106,388,1494,0.1388
1105,395,1500,0.1388
1101,391,1492,0.1388
1101,391,1492,0.1388
1111,392,1503,0.1388
1100,395,1495,0.1388
1107,400,1507,0.1388
1104,404,1508,0.1388
1098,402,1500,0.1388
1092,395,1487,0.1388
1090,398,1488,0.1388
1096,392,1488,0.1388
1095,393,1488,0.1388
1095,394,1489,0.1388
1082,401,1483,0.1388
1082,402,1484,0.1388
1083,395,1478,0.1388
1092,401,1493,0.1388
1096,409,1505,0.1388
1098,409,1507,0.1388
1085,406,1491,0.1388
1100,403,1503,0.1388
1093,395,1488,0.1388
1087,406,1493,0.1388
1086,403,1489,0.1388
1090,407,1497,0.1388
1086,406,1492,0.1388
1090,406,1496,0.1388
1094,403,1497,0.1388
1087,401,1488,0.1388
1091,400,1491,0.1388
1092,407,1499,0.1388
1095,415,1510,0.1388
1103,419,1522,0.1388
1092,419,1511,0.1388
1094,414,1508,0.1388
1093,405,1498,0.1388
1087,409,1496,0.1388
1075,412,1487,0.1388
1071,410,1481,0.1388
1052,414,1466,0.1388
1061,418,1479,0.1388
1071,415,1486,0.1388
1080,417,1497,0.1388
1071,418,1489,0.1388
1086,416,1502,0.1388
1075,425,1500,0.1388
1079,426,1505,0.1388
1083,422,1505,0.1388
1082,424,1506,0.1388
1083,416,1499,0.1388
1089,422,1511,0.1388
1085,419,1504,0.1388
1077,421,1498,0.1388
1076,416,1492,0.1388
1059,425,1484,0.1388
1065,426,1491,0.1388
1057,426,1483,0.1388
1057,431,1488,0.1388
1061,431,1492,0.1388
1068,440,1508,0.1388
1070,438,1508,0.1388
1067,436,1503,0.1388
1065,431,1496,0.1388
1044,432,1476,0.1388
1050,426,1476,0.1388
1063,431,1494,0.1388
1059,437,1496,0.1388
1055,441,1496,0.1388
1059,442,1501,0.1388
1062,442,1504,0.1388
1041,439,1480,0.1388
1049,438,1487,0.1388
1044,437,1481,0.1388
1054,445,1499,0.1388
1046,442,1488,0.1388
1053,439,1492,0.1388
1056,444,1500,0.1388
1052,451,1503,0.1388
1046,455,1501,0.1388
1051,447,1498,0.1388
1050,446,1496,0.1388
1056,449,1505,0.1388
1055,453,1508,0.1388
1045,454,1499,0.1388
1052,454,1506,0.1388
1057,447,1504,0.1388
1050,454,1504,0.1388
1042,464,1506,0.1388
1044,459,1503,0.1388
1033,463,1496,0.1388
1031,458,1489,0.1388
1036,464,1500,0.1388
1038,465,1503,0.1388
1029,463,1492,0.1388
1043,463,1506,0.1388
1043,464,1507,0.1388
1039,465,1504,0.1388
1034,468,1502,0.1388
1030,471,1501,0.1388
1032,469,1501,0.1388
1030,462,1492,0.1388
1026,462,1488,0.1388
1032,459,1491,0.1388
1036,466,1502,0.1388
1041,470,1511,0.1388
1036,466,1502,0.1388
1026,473,1499,0.1388
1020,474,1494,0.1388
1021,477,1498,0.1388
1018,482,1500,0.1388
1020,484,1504,0.1388
1021,476,1497,0.1388
1019,486,1505,0.1388
1019,482,1501,0.1388
1024,485,1509,0.1388
1022,486,1508,0.1388
1026,485,1511,0.1388
1015,488,1503,0.1388
1009,494,1503,0.1388
1010,496,1506,0.1388
1013,492,1505,0.1388
1014,492,1506,0.1388
1012,499,1511,0.1388
1012,493,1505,0.1388
1017,490,1507,0.1388
1014,498,1512,0.1388
1016,491,1507,0.1388
1004,492,1496,0.1388
1007,495,1502,0.1388
1004,501,1505,0.1388
1002,497,1499,0.1388
998,505,1503,0.1388
997,500,1497,0.1388
992,502,1494,0.1388
995,490,1485,0.1388
1005,499,1504,0.1388
1012,503,1515,0.1388
1006,503,1509,0.1388
1007,501,1508,0.1388
1007,500,1507,0.1388
1004,502,1506,0.1388
997,503,1500,0.1388
999,502,1501,0.1388
1001,506,1507,0.1388
1004,502,1506,0.1388
1010,504,1514,0.1388
1011,502,1513,0.1388
1010,496,1506,0.1388
1003,498,1501,0.1388
1000,504,1504,0.1388
996,503,1499,0.1388
989,512,1501,0.1388
992,517,1509,0.1388
997,518,1515,0.1388
999,513,1512,0.1388
1003,510,1513,0.1388
1009,509,1518,0.1388
1007,507,1514,0.1388
996,512,1508,0.1388
986,510,1496,0.1388
984,513,1497,0.1388
974,519,1493,0.1388
973,536,1509,0.1388
975,534,1509,0.1388
971,534,1505,0.1388
978,529,1507,0.1388
971,530,1501,0.1388
964,530,1494,0.1388
956,535,1491,0.1388
966,540,1506,0.1388
969,537,1506,0.1388
966,543,1509,0.1388
971,534,1505,0.1388
975,542,1517,0.1388
973,537,1510,0.1388
971,533,1504,0.1388
961,531,1492,0.1388
954,538,1492,0.1388
955,543,1498,0.1388
949,539,1488,0.1388
954,547,1501,0.1388
955,549,1504,0.1388
963,550,1513,0.1388
953,550,1503,0.1388
938,546,1484,0.1388
950,544,1494,0.1388
958,536,1494,0.1388
957,541,1498,0.1388
951,547,1498,0.1388
954,550,1504,0.1388
953,553,1506,0.1388
962,553,1515,0.1388
979,540,1519,0.1388
972,532,1504,0.1388
971,539,1510,0.1388
960,550,1510,0.1388
958,552,1510,0.1388
960,548,1508,0.1388
953,545,1498,0.1388
943,550,1493,0.1388
945,546,1491,0.1388
944,549,1493,0.1388
944,555,1499,0.1388
955,557,1512,0.1388
951,562,1513,0.1388
955,555,1510,0.1388
952,553,1505,0.1388
954,561,1515,0.1388
955,565,1520,0.1388
961,564,1525,0.1388
973,558,1531,0.1388
965,555,1520,0.1388
960,550,1510,0.1388
958,548,1506,0.1388
964,550,1514,0.1388
956,553,1509,0.1388
964,556,1520,0.1388
957,563,1520,0.1388
960,555,1515,0.1388
951,554,1505,0.1388
955,552,1507,0.1388
956,556,1512,0.1388
944,563,1507,0.1388
943,564,1507,0.1388
948,563,1511,0.1388
956,554,1510,0.1388
961,555,1516,0.1388
970,558,1528,0.1388
963,559,1522,0.1388
949,560,1509,0.1388
948,558,1506,0.1388
950,552,1502,0.1388
956,551,1507,0.1388
957,555,1512,0.1388
949,550,1499,0.1388
950,554,1504,0.1388
950,551,1501,0.1388
949,554,1503,0.1388
947,559,1506,0.1388
945,560,1505,0.1388
950,563,1513,0.1388
943,564,1507,0.1388
942,562,1504,0.1388
936,570,1506,0.1388
925,566,1491,0.1388
931,573,1504,0.1388
939,575,1514,0.1388
948,568,1516,0.1388
946,558,1504,0.1388
946,566,1512,0.1388
940,575,1515,0.1388
928,568,1496,0.1388
918,571,1489,0.1388
912,580,1492,0.1388
899,578,1477,0.1388
901,582,1483,0.1388
909,581,1490,0.1388
911,585,1496,0.1388
909,589,1498,0.1388
914,592,1506,0.1388
908,594,1502,0.1388
916,598,1514,0.1388
915,594,1509,0.1388
915,605,1520,0.1388
903,604,1507,0.1388
897,613,1510,0.1388
880,614,1494,0.1388
881,613,1494,0.1388
887,613,1500,0.1388
890,609,1499,0.1388
882,608,1490,0.1388
878,612,1490,0.1388
882,616,1498,0.1388
883,620,1503,0.1388
890,615,1505,0.1388
886,619,1505,0.1388
894,619,1513,0.1388
894,617,1511,0.1388
892,621,1513,0.1388
890,618,1508,0.1388
889,625,1514,0.1388
883,625,1508,0.1388
896,623,1519,0.1388
902,623,1525,0.1388
901,619,1520,0.1388
889,613,1502,0.1388
879,615,1494,0.1388
888,620,1508,0.1388
878,624,1502,0.1388
875,629,1504,0.1388
869,628,1497,0.1388
867,630,1497,0.1388
867,621,1488,0.1388
870,618,1488,0.1388
879,620,1499,0.1388
885,620,1505,0.1388
890,625,1515,0.1388
888,618,1506,0.1388
897,620,1517,0.1388
883,614,1497,0.1388
878,614,1492,0.1388
870,617,1487,0.1388
880,622,1502,0.1388
880,623,1503,0.1388
866,621,1487,0.1388
869,628,1497,0.1388
872,626,1498,0.1388
880,634,1514,0.1388
866,635,1501,0.1388
864,624,1488,0.1388
867,627,1494,0.1388
868,624,1492,0.1388
877,619,1496,0.1388
871,623,1494,0.1388
861,628,1489,0.1388
865,626,1491,0.1388
882,624,1506,0.1388
885,629,1514,0.1388
887,625,1512,0.1388
892,615,1507,0.1388
890,613,1503,0.1388
878,619,1497,0.1388
875,626,1501,0.1388
882,627,1509,0.1388
875,625,1500,0.1388
871,627,1498,0.1388
865,626,1491,0.1388
861,636,1497,0.1388
857,634,1491,0.1388
855,635,1490,0.1388
865,644,1509,0.1388
860,637,1497,0.1388
852,632,1484,0.1388
851,626,1477,0.1388
849,638,1487,0.1388
843,636,1479,0.1388
847,633,1480,0.1388
845,642,1487,0.1388
849,642,1491,0.1388
854,652,1506,0.1388
851,647,1498,0.1388
849,650,1499,0.1388
842,651,1493,0.1388
853,652,1505,0.1388
858,651,1509,0.1388
848,663,1511,0.1388
855,653,1508,0.1388
857,656,1513,0.1388
855,660,1515,0.1388
847,649,1496,0.1388
844,653,1497,0.1388
850,652,1502,0.1388
852,661,1513,0.1388
854,666,1520,0.1388
852,662,1514,0.1388
849,663,1512,0.1388
854,660,1514,0.1388
850,665,1515,0.1388
847,668,1515,0.1388
845,671,1516,0.1388
835,685,1520,0.1388
823,682,1505,0.1388
829,671,1500,0.1388
837,672,1509,0.1388
837,664,1501,0.1388
837,664,1501,0.1388
843,667,1510,0.1388
834,673,1507,0.1388
834,677,1511,0.1388
823,690,1513,0.1388
825,692,1517,0.1388
808,688,1496,0.1388
802,697,1499,0.1388
807,701,1508,0.1388
812,698,1510,0.1388
802,694,1496,0.1388
804,693,1497,0.1388
814,682,1496,0.1388
817,697,1514,0.1388
807,703,1510,0.1388
806,705,1511,0.1388
798,698,1496,0.1388
801,701,1502,0.1388
797,702,1499,0.1388
803,703,1506,0.1388
800,712,1512,0.1388
808,715,1523,0.1388
807,710,1517,0.1388
794,713,1507,0.1388
789,716,1505,0.1388
797,711,1508,0.1388
807,705,1512,0.1388
799,698,1497,0.1388
815,706,1521,0.1388
800,715,1515,0.1388
792,717,1509,0.1388
790,716,1506,0.1388
791,717,1508,0.1388
800,714,1514,0.1388
809,717,1526,0.1388
808,712,1520,0.1388
813,699,1512,0.1388
810,705,1515,0.1388
806,706,1512,0.1388
809,707,1516,0.1388
800,702,1502,0.1388
786,706,1492,0.1388
784,708,1492,0.1388
789,705,1494,0.1388
783,710,1493,0.1388
771,715,1486,0.1388
776,722,1498,0.1388
786,715,1501,0.1388
789,716,1505,0.1388
797,717,1514,0.1388
784,717,1501,0.1388
778,721,1499,0.1388
768,725,1493,0.1388
762,732,1494,0.1388
753,735,1488,0.1388
759,733,1492,0.1388
759,733,1492,0.1388
764,742,1506,0.1388
758,747,1505,0.1388
749,750,1499,0.1388
751,742,1493,0.1388
749,737,1486,0.1388
744,742,1486,0.1388
744,742,1486,0.1388
761,744,1505,0.1388
762,739,1501,0.1388
760,732,1492,0.1388
752,733,1485,0.1388
746,740,1486,0.1388
745,737,1482,0.1388
745,752,1497,0.1388
753,758,1511,0.1388
754,763,1517,0.1388
751,756,1507,0.1388
738,755,1493,0.1388
754,753,1507,0.1388
748,754,1502,0.1388
741,764,1505,0.1388
737,766,1503,0.1388
744,761,1505,0.1388
733,769,1502,0.1388
736,767,1503,0.1388
740,761,1501,0.1388
738,770,1508,0.1388
743,762,1505,0.1388
746,766,1512,0.1388
753,760,1513,0.1388
746,764,1510,0.1388
740,763,1503,0.1388
745,751,1496,0.1388
746,765,1511,0.1388
737,774,1511,0.1388
733,779,1512,0.1388
725,777,1502,0.1388
727,778,1505,0.1388
726,771,1497,0.1388
719,775,1494,0.1388
719,779,1498,0.1388
717,779,1496,0.1388
714,776,1490,0.1388
706,779,1485,0.1388
709,776,1485,0.1388
707,786,1493,0.1388
717,775,1492,0.1388
713,776,1489,0.1388
709,774,1483,0.1388
699,784,1483,0.1388
709,784,1493,0.1388
722,782,1504,0.1388
707,792,1499,0.1388
715,786,1501,0.1388
710,788,1498,0.1388
709,794,1503,0.1388
707,785,1492,0.1388
703,784,1487,0.1388
711,796,1507,0.1388
714,798,1512,0.1388
706,798,1504,0.1388
707,800,1507,0.1388
721,805,1526,0.1388
709,801,1510,0.1388
710,799,1509,0.1388
716,789,1505,0.1388
711,781,1492,0.1388
711,797,1508,0.1388
706,788,1494,0.1388
721,788,1509,0.1388
707,796,1503,0.1388
702,804,1506,0.1388
704,794,1498,0.1388
705,792,1497,0.1388
703,792,1495,0.1388
702,799,1501,0.1388
705,800,1505,0.1388
702,800,1502,0.1388
707,799,1506,0.1388
706,799,1505,0.1388
703,803,1506,0.1388
701,806,1507,0.1388
702,809,1511,0.1388
703,804,1507,0.1388
698,799,1497,0.1388
704,800,1504,0.1388
696,797,1493,0.1388
693,802,1495,0.1388
679,801,1480,0.1388
678,799,1477,0.1388
679,801,1480,0.1388
686,812,1498,0.1388
690,820,1510,0.1388
692,827,1519,0.1388
694,817,1511,0.1388
697,816,1513,0.1388
688,823,1511,0.1388
684,826,1510,0.1388
678,825,1503,0.1388
683,820,1503,0.1388
681,828,1509,0.1388
689,821,1510,0.1388
691,820,1511,0.1388
677,829,1506,0.1388
672,830,1502,0.1388
667,836,1503,0.1388
677,817,1494,0.1388
669,818,1487,0.1388
667,826,1493,0.1388
669,833,1502,0.1388
677,831,1508,0.1388
677,838,1515,0.1388
677,837,1514,0.1388
678,834,1512,0.1388
676,824,1500,0.1388
679,827,1506,0.1388
679,825,1504,0.1388
685,828,1513,0.1388
687,827,1514,0.1388
679,837,1516,0.1388
677,828,1505,0.1388
682,837,1519,0.1388
680,829,1509,0.1388
679,833,1512,0.1388
675,831,1506,0.1388
673,831,1504,0.1388
676,831,1507,0.1388
673,836,1509,0.1388
680,838,1518,0.1388
678,835,1513,0.1388
678,834,1512,0.1388
683,835,1518,0.1388
677,838,1515,0.1388
663,844,1507,0.1388
671,832,1503,0.1388
673,828,1501,0.1388
676,830,1506,0.1388
666,830,1496,0.1388
668,828,1496,0.1388
668,833,1501,0.1388
664,836,1500,0.1388
666,844,1510,0.1388
665,844,1509,0.1388
665,837,1502,0.1388
662,848,1510,0.1388
659,846,1505,0.1388
659,836,1495,0.1388
666,834,1500,0.1388
668,831,1499,0.1388
672,828,1500,0.1388
677,828,1505,0.1388
682,825,1507,0.1388
685,825,1510,0.1388
686,829,1515,0.1388
682,824,1506,0.1388
685,832,1517,0.1388
683,835,1518,0.1388
675,850,1525,0.1388
673,846,1519,0.1388
673,842,1515,0.1388
669,852,1521,0.1388
669,850,1519,0.1388
678,852,1530,0.1388
666,853,1519,0.1388
661,850,1511,0.1388
662,850,1512,0.1388
651,853,1504,0.1388
642,858,1500,0.1388
639,857,1496,0.1388
641,870,1511,0.1388
645,878,1523,0.1388
644,872,1516,0.1388
642,870,1512,0.1388
637,871,1508,0.1388
642,869,1511,0.1388
650,869,1519,0.1388
647,861,1508,0.1388
649,864,1513,0.1388
652,854,1506,0.1388
650,856,1506,0.1388
656,861,1517,0.1388
656,860,1516,0.1388
652,852,1504,0.1388
650,853,1503,0.1388
656,853,1509,0.1388
655,848,1503,0.1388
656,851,1507,0.1388
654,854,1508,0.1388
659,850,1509,0.1388
665,847,1512,0.1388
669,856,1525,0.1388
659,860,1519,0.1388
663,858,1521,0.1388
651,847,1498,0.1388
646,854,1500,0.1388
647,855,1502,0.1388
646,862,1508,0.1388
646,855,1501,0.1388
653,864,1517,0.1388
655,861,1516,0.1388
645,867,1512,0.1388
640,865,1505,0.1388
634,874,1508,0.1388
623,879,1502,0.1388
620,882,1502,0.1388
620,883,1503,0.1388
621,881,1502,0.1388
626,881,1507,0.1388
620,884,1504,0.1388
622,890,1512,0.1388
614,889,1503,0.1388
607,891,1498,0.1388
606,893,1499,0.1388
602,904,1506,0.1388
608,902,1510,0.1388
609,900,1509,0.1388
609,899,1508,0.1388
602,918,1520,0.1388
607,920,1527,0.1388
611,920,1531,0.1388
604,913,1517,0.1388
599,903,1502,0.1388
601,912,1513,0.1388
598,896,1494,0.1388
598,910,1508,0.1388
601,911,1512,0.1388
597,913,1510,0.1388
600,912,1512,0.1388
597,904,1501,0.1388
596,906,1502,0.1388
595,906,1501,0.1388
593,911,1504,0.1388
595,904,1499,0.1388
589,907,1496,0.1388
593,920,1513,0.1388
592,910,1502,0.1388
592,914,1506,0.1388
588,924,1512,0.1388
593,926,1519,0.1388
596,939,1535,0.1388
587,932,1519,0.1388
583,941,1524,0.1388
581,950,1531,0.1388
579,942,1521,0.1388
577,938,1515,0.1388
586,939,1525,0.1388
578,942,1520,0.1388
581,935,1516,0.1388
585,938,1523,0.1388
585,937,1522,0.1388
585,929,1514,0.1388
582,935,1517,0.1388
588,925,1513,0.1388
589,923,1512,0.1388
588,921,1509,0.1388
587,934,1521,0.1388
583,942,1525,0.1388
573,932,1505,0.1388
573,939,1512,0.1388
576,929,1505,0.1388
574,940,1514,0.1388
575,943,1518,0.1388
571,935,1506,0.1388
573,944,1517,0.1388
572,947,1519,0.1388
567,952,1519,0.1388
557,952,1509,0.1388
553,948,1501,0.1388
551,940,1491,0.1388
562,940,1502,0.1388
565,941,1506,0.1388
562,955,1517,0.1388
558,951,1509,0.1388
562,950,1512,0.1388
563,953,1516,0.1388
565,954,1519,0.1388
557,949,1506,0.1388
566,943,1509,0.1388
560,957,1517,0.1388
551,948,1499,0.1388
556,944,1500,0.1388
561,954,1515,0.1388
558,957,1515,0.1388
549,956,1505,0.1388
545,958,1503,0.1388
548,970,1518,0.1388
550,973,1523,0.1388
548,968,1516,0.1388
551,966,1517,0.1388
556,971,1527,0.1388
546,971,1517,0.1388
548,976,1524,0.1388
551,975,1526,0.1388
546,977,1523,0.1388
541,974,1515,0.1388
542,969,1511,0.1388
545,966,1511,0.1388
538,967,1505,0.1388
533,965,1498,0.1388
537,971,1508,0.1388
536,967,1503,0.1388
544,968,1512,0.1388
548,966,1514,0.1388
542,952,1494,0.1388
540,960,1500,0.1388
545,961,1506,0.1388
549,984,1533,0.1388
546,975,1521,0.1388
541,977,1518,0.1388
538,971,1509,0.1388
529,978,1507,0.1388
537,972,1509,0.1388
530,971,1501,0.1388
533,968,1501,0.1388
532,967,1499,0.1388
532,974,1506,0.1388
533,989,1522,0.1388
533,980,1513,0.1388
525,985,1510,0.1388
519,983,1502,0.1388
519,993,1512,0.1388
519,997,1516,0.1388
521,1000,1521,0.1388
517,993,1510,0.1388
513,993,1506,0.1388
519,997,1516,0.1388
516,996,1512,0.1388
513,991,1504,0.1388
510,996,1506,0.1388
505,999,1504,0.1388
510,989,1499,0.1388
499,994,1493,0.1388
497,1002,1499,0.1388
494,1010,1504,0.1388
494,1010,1504,0.1388
497,1012,1509,0.1388
501,1022,1523,0.1388
500,1014,1514,0.1388
498,1009,1507,0.1388
494,1010,1504,0.1388
493,1013,1506,0.1388
490,1014,1504,0.1388
490,1017,1507,0.1388
485,1016,1501,0.1388
487,1011,1498,0.1388
486,1018,1504,0.1388
490,1017,1507,0.1388
491,1016,1507,0.1388
485,1017,1502,0.1388
479,1018,1497,0.1388
482,1023,1505,0.1388
487,1022,1509,0.1388
492,1031,1523,0.1388
496,1026,1522,0.1388
492,1018,1510,0.1388
492,1026,1518,0.1388
490,1038,1528,0.1388
484,1025,1509,0.1388
481,1038,1519,0.1388
478,1039,1517,0.1388
475,1037,1512,0.1388
477,1040,1517,0.1388
478,1041,1519,0.1388
472,1036,1508,0.1388
471,1030,1501,0.1388
471,1032,1503,0.1388
463,1039,1502,0.1388
466,1023,1489,0.1388
473,1020,1493,0.1388
466,1023,1489,0.1388
470,1016,1486,0.1388
469,1028,1497,0.1388
460,1028,1488,0.1388
462,1030,1492,0.1388
465,1023,1488,0.1388
468,1042,1510,0.1388
464,1048,1512,0.1388
460,1058,1518,0.1388
455,1064,1519,0.1388
451,1054,1505,0.1388
450,1053,1503,0.1388
438,1058,1496,0.1388
433,1060,1493,0.1388
429,1054,1483,0.1388
427,1063,1490,0.1388
435,1069,1504,0.1388
443,1072,1515,0.1388
441,1072,1513,0.1388
445,1071,1516,0.1388
441,1075,1516,0.1388
453,1065,1518,0.1388
446,1074,1520,0.1388
436,1073,1509,0.1388
432,1069,1501,0.1388
434,1059,1493,0.1388
435,1050,1485,0.1388
427,1063,1490,0.1388
427,1059,1486,0.1388
423,1071,1494,0.1388
420,1072,1492,0.1388
422,1075,1497,0.1388
417,1080,1497,0.1388
418,1079,1497,0.1388
421,1076,1497,0.1388
419,1076,1495,0.1388
406,1093,1499,0.1388
409,1102,1511,0.1388
405,1101,1506,0.1388
407,1092,1499,0.1388
398,1093,1491,0.1388
404,1100,1504,0.1388
401,1102,1503,0.1388
400,1097,1497,0.1388
400,1109,1509,0.1388
398,1120,1518,0.1388
396,1119,1515,0.1388
406,1118,1524,0.1388
410,1104,1514,0.1388
411,1114,1525,0.1388
409,1115,1524,0.1388
412,1109,1521,0.1388
409,1104,1513,0.1388
406,1105,1511,0.1388
405,1109,1514,0.1388
402,1106,1508,0.1388
392,1125,1517,0.1388
387,1112,1499,0.1388
395,1120,1515,0.1388
389,1096,1485,0.1388
384,1111,1495,0.1388
393,1116,1509,0.1388
388,1109,1497,0.1388
379,1108,1487,0.1388
389,1113,1502,0.1388
388,1113,1501,0.1388
384,1118,1502,0.1388
385,1127,1512,0.1388
381,1125,1506,0.1388
379,1119,1498,0.1388
379,1126,1505,0.1388
373,1122,1495,0.1388
373,1119,1492,0.1388
373,1131,1504,0.1388
380,1130,1510,0.1388
378,1131,1509,0.1388
377,1124,1501,0.1388
379,1122,1501,0.1388
385,1129,1514,0.1388
387,1122,1509,0.1388
382,1136,1518,0.1388
377,1146,1523,0.1388
373,1144,1517,0.1388
372,1142,1514,0.1388
364,1147,1511,0.1388
359,1145,1504,0.1388
356,1139,1495,0.1388
360,1145,1505,0.1388
365,1144,1509,0.1388
361,1129,1490,0.1388
371,1133,1504,0.1388
363,1136,1499,0.1388
366,1132,1498,0.1388
356,1137,1493,0.1388
356,1147,1503,0.1388
359,1149,1508,0.1388
360,1159,1519,0.1388
359,1159,1518,0.1388
359,1165,1524,0.1388
355,1161,1516,0.1388
351,1157,1508,0.1388
356,1160,1516,0.1388
349,1161,1510,0.1388
351,1161,1512,0.1388
349,1163,1512,0.1388
348,1167,1515,0.1388
348,1160,1508,0.1388
354,1174,1528,0.1388
349,1182,1531,0.1388
352,1176,1528,0.1388
343,1181,1524,0.1388
341,1169,1510,0.1388
338,1184,1522,0.1388
334,1185,1519,0.1388
337,1181,1518,0.1388
337,1171,1508,0.1388
334,1170,1504,0.1388
335,1170,1505,0.1388
331,1173,1504,0.1388
340,1170,1510,0.1388
333,1164,1497,0.1388
333,1166,1499,0.1388
336,1160,1496,0.1388
337,1157,1494,0.1388
335,1178,1513,0.1388
329,1175,1504,0.1388
332,1167,1499,0.1388
325,1166,1491,0.1388
323,1167,1490,0.1388
323,1169,1492,0.1388
322,1187,1509,0.1388
321,1182,1503,0.1388
328,1194,1522,0.1388
324,1188,1512,0.1388
327,1187,1514,0.1388
327,1198,1525,0.1388
322,1206,1528,0.1388
321,1194,1515,0.1388
315,1188,1503,0.1388
313,1187,1500,0.1388
311,1191,1502,0.1388
323,1182,1505,0.1388
323,1183,1506,0.1388
320,1197,1517,0.1388
321,1184,1505,0.1388
317,1189,1506,0.1388
319,1204,1523,0.1388
317,1209,1526,0.1388
320,1215,1535,0.1388
320,1212,1532,0.1388
316,1209,1525,0.1388
323,1205,1528,0.1388
325,1189,1514,0.1388
322,1192,1514,0.1388
323,1196,1519,0.1388
323,1191,1514,0.1388
320,1194,1514,0.1388
318,1188,1506,0.1388
313,1180,1493,0.1388
323,1184,1507,0.1388
315,1189,1504,0.1388
312,1184,1496,0.1388
310,1187,1497,0.1388
314,1183,1497,0.1388
315,1178,1493,0.1388
316,1180,1496,0.1388
309,1204,1513,0.1388
315,1205,1520,0.1388
315,1187,1502,0.1388
311,1183,1494,0.1388
305,1186,1491,0.1388
308,1197,1505,0.1388
306,1189,1495,0.1388
312,1183,1495,0.1388
316,1195,1511,0.1388
311,1205,1516,0.1388
310,1192,1502,0.1388
307,1207,1514,0.1388
306,1215,1521,0.1388
311,1206,1517,0.1388
307,1199,1506,0.1388
305,1210,1515,0.1388
303,1214,1517,0.1388
305,1203,1508,0.1388
304,1210,1514,0.1388
304,1207,1511,0.1388
305,1208,1513,0.1388
300,1208,1508,0.1388
299,1216,1515,0.1388
298,1212,1510,0.1388
296,1211,1507,0.1388
293,1216,1509,0.1388
296,1213,1509,0.1388
292,1214,1506,0.1388
296,1216,1512,0.1388
290,1224,1514,0.1388
297,1206,1503,0.1388
294,1197,1491,0.1388
289,1216,1505,0.1388
289,1205,1494,0.1388
290,1207,1497,0.1388
289,1228,1517,0.1388
293,1219,1512,0.1388
293,1229,1522,0.1388
290,1235,1525,0.1388
290,1233,1523,0.1388
292,1223,1515,0.1388
295,1220,1515,0.1388
297,1230,1527,0.1388
290,1224,1514,0.1388
292,1223,1515,0.1388
288,1223,1511,0.1388
288,1223,1511,0.1388
287,1211,1498,0.1388
289,1210,1499,0.1388
286,1212,1498,0.1388
287,1231,1518,0.1388
283,1220,1503,0.1388
283,1220,1503,0.1388
280,1225,1505,0.1388
282,1224,1506,0.1388
279,1220,1499,0.1388
284,1222,1506,0.1388
293,1218,1511,0.1388
289,1225,1514,0.1388
288,1224,1512,0.1388
287,1235,1522,0.1388
288,1234,1522,0.1388
292,1241,1533,0.1388
292,1228,1520,0.1388
293,1234,1527,0.1388
285,1239,1524,0.1388
285,1249,1534,0.1388
277,1249,1526,0.1388
276,1234,1510,0.1388
277,1246,1523,0.1388
283,1229,1512,0.1388
276,1233,1509,0.1388
285,1249,1534,0.1388
281,1252,1533,0.1388
281,1241,1522,0.1388
274,1239,1513,0.1388
271,1238,1509,0.1388
272,1238,1510,0.1388
273,1246,1519,0.1388
279,1243,1522,0.1388
279,1248,1527,0.1388
282,1245,1527,0.1388
287,1253,1540,0.1388
283,1254,1537,0.1388
281,1252,1533,0.1388
283,1253,1536,0.1388
279,1250,1529,0.1388
274,1245,1519,0.1388
267,1246,1513,0.1388
267,1247,1514,0.1388
263,1253,1516,0.1388
262,1267,1529,0.1388
261,1268,1529,0.1388
257,1260,1517,0.1388
258,1262,1520,0.1388
257,1260,1517,0.1388
250,1253,1503,0.1388
251,1253,1504,0.1388
250,1253,1503,0.1388
252,1249,1501,0.1388
259,1257,1516,0.1388
252,1260,1512,0.1388
252,1256,1508,0.1388
255,1254,1509,0.1388
254,1244,1498,0.1388
255,1254,1509,0.1388
258,1258,1516,0.1388
257,1257,1514,0.1388
258,1254,1512,0.1388
258,1256,1514,0.1388
261,1245,1506,0.1388
263,1254,1517,0.1388
264,1257,1521,0.1388
265,1233,1498,0.1388
268,1244,1512,0.1388
263,1253,1516,0.1388
260,1253,1513,0.1388
254,1259,1513,0.1388
259,1262,1521,0.1388
261,1257,1518,0.1388
261,1254,1515,0.1388
259,1259,1518,0.1388
259,1271,1530,0.1388
255,1278,1533,0.1388
257,1276,1533,0.1388
255,1260,1515,0.1388
257,1261,1518,0.1388
257,1255,1512,0.1388
254,1272,1526,0.1388
252,1270,1522,0.1388
249,1260,1509,0.1388
245,1266,1511,0.1388
247,1265,1512,0.1388
240,1266,1506,0.1388
243,1272,1515,0.1388
247,1269,1516,0.1388
247,1259,1506,0.1388
247,1263,1510,0.1388
240,1261,1501,0.1388
241,1262,1503,0.1388
239,1265,1504,0.1388
245,1263,1508,0.1388
241,1256,1497,0.1388
246,1249,1495,0.1388
244,1253,1497,0.1388
243,1271,1514,0.1388
243,1272,1515,0.1388
244,1275,1519,0.1388
240,1287,1527,0.1388
233,1289,1522,0.1388
235,1276,1511,0.1388
234,1279,1513,0.1388
231,1278,1509,0.1388
231,1277,1508,0.1388
230,1278,1508,0.1388
230,1289,1519,0.1388
229,1296,1525,0.1388
233,1284,1517,0.1388
233,1287,1520,0.1388
236,1270,1506,0.1388
234,1278,1512,0.1388
231,1270,1501,0.1388
226,1272,1498,0.1388
224,1270,1494,0.1388
221,1276,1497,0.1388
223,1283,1506,0.1388
227,1298,1525,0.1388
223,1287,1510,0.1388
224,1278,1502,0.1388
225,1288,1513,0.1388
224,1279,1503,0.1388
222,1284,1506,0.1388
225,1292,1517,0.1388
225,1297,1522,0.1388
221,1310,1531,0.1388
224,1305,1529,0.1388
223,1305,1528,0.1388
222,1291,1513,0.1388
218,1286,1504,0.1388
218,1296,1514,0.1388
219,1282,1501,0.1388
214,1290,1504,0.1388
212,1294,1506,0.1388
212,1301,1513,0.1388
210,1291,1501,0.1388
209,1298,1507,0.1388
211,1291,1502,0.1388
213,1303,1516,0.1388
213,1294,1507,0.1388
213,1298,1511,0.1388
210,1301,1511,0.1388
211,1302,1513,0.1388
211,1301,1512,0.1388
214,1308,1522,0.1388
212,1309,1521,0.1388
208,1309,1517,0.1388
210,1310,1520,0.1388
216,1300,1516,0.1388
216,1286,1502,0.1388
221,1285,1506,0.1388
215,1289,1504,0.1388
216,1315,1531,0.1388
212,1307,1519,0.1388
209,1312,1521,0.1388
208,1295,1503,0.1388
210,1296,1506,0.1388
206,1296,1502,0.1388
211,1312,1523,0.1388
210,1309,1519,0.1388
206,1314,1520,0.1388
209,1313,1522,0.1388
208,1309,1517,0.1388
204,1295,1499,0.1388
201,1306,1507,0.1388
204,1310,1514,0.1388
207,1296,1503,0.1388
206,1289,1495,0.1388
211,1293,1504,0.1388
210,1287,1497,0.1388
215,1298,1513,0.1388
214,1300,1514,0.1388
212,1315,1527,0.1388
213,1318,1531,0.1388
213,1313,1526,0.1388
216,1298,1514,0.1388
216,1291,1507,0.1388
214,1298,1512,0.1388
214,1304,1518,0.1388
217,1300,1517,0.1388
218,1313,1531,0.1388
212,1303,1515,0.1388
211,1316,1527,0.1388
211,1308,1519,0.1388
214,1297,1511,0.1388
213,1297,1510,0.1388
213,1309,1522,0.1388
210,1309,1519,0.1388
210,1298,1508,0.1388
213,1298,1511,0.1388
212,1299,1511,0.1388
213,1297,1510,0.1388
209,1305,1514,0.1388
210,1304,1514,0.1388
206,1310,1516,0.1388
206,1307,1513,0.1388
209,1312,1521,0.1388
205,1306,1511,0.1388
212,1310,1522,0.1388
212,1296,1508,0.1388
211,1299,1510,0.1388
207,1314,1521,0.1388
210,1309,1519,0.1388
209,1303,1512,0.1388
205,1317,1522,0.1388
200,1309,1509,0.1388
199,1303,1502,0.1388
199,1308,1507,0.1388
198,1315,1513,0.1388
201,1321,1522,0.1388
204,1320,1524,0.1388
204,1322,1526,0.1388
203,1328,1531,0.1388
206,1328,1534,0.1388
208,1323,1531,0.1388
210,1337,1547,0.1388
206,1327,1533,0.1388
204,1325,1529,0.1388
207,1327,1534,0.1388
205,1325,1530,0.1388
202,1312,1514,0.1388
199,1319,1518,0.1388
197,1319,1516,0.1388
194,1312,1506,0.1388
195,1319,1514,0.1388
196,1310,1506,0.1388
202,1328,1530,0.1388
202,1319,1521,0.1388
201,1319,1520,0.1388
199,1316,1515,0.1388
198,1319,1517,0.1388
194,1316,1510,0.1388
193,1329,1522,0.1388
190,1326,1516,0.1388
186,1323,1509,0.1388
182,1326,1508,0.1388
183,1332,1515,0.1388
181,1335,1516,0.1388
178,1330,1508,0.1388
178,1314,1492,0.1388
177,1314,1491,0.1388
172,1319,1491,0.1388
173,1329,1502,0.1388
175,1337,1512,0.1388
174,1328,1502,0.1388
174,1325,1499,0.1388
176,1326,1502,0.1388
177,1334,1511,0.1388
177,1341,1518,0.1388
180,1338,1518,0.1388
180,1324,1504,0.1388
184,1324,1508,0.1388
180,1329,1509,0.1388
173,1327,1500,0.1388
173,1328,1501,0.1388
173,1334,1507,0.1388
174,1336,1510,0.1388
177,1339,1516,0.1388
172,1348,1520,0.1388
168,1344,1512,0.1388
165,1348,1513,0.1388
163,1347,1510,0.1388
162,1346,1508,0.1388
163,1345,1508,0.1388
165,1353,1518,0.1388
170,1352,1522,0.1388
171,1353,1524,0.1388
173,1345,1518,0.1388
171,1370,1541,0.1388
171,1341,1512,0.1388
170,1345,1515,0.1388
167,1334,1501,0.1388
168,1347,1515,0.1388
169,1344,1513,0.1388
167,1341,1508,0.1388
165,1351,1516,0.1388
171,1355,1526,0.1388
171,1353,1524,0.1388
168,1330,1498,0.1388
172,1325,1497,0.1388
169,1342,1511,0.1388
172,1350,1522,0.1388
173,1363,1536,0.1388
170,1355,1525,0.1388
168,1344,1512,0.1388
170,1324,1494,0.1388
170,1338,1508,0.1388
172,1344,1516,0.1388
172,1354,1526,0.1388
176,1350,1526,0.1388
175,1335,1510,0.1388
174,1345,1519,0.1388
174,1346,1520,0.1388
174,1335,1509,0.1388
168,1336,1504,0.1388
170,1343,1513,0.1388
173,1351,1524,0.1388
171,1347,1518,0.1388
174,1351,1525,0.1388
181,1343,1524,0.1388
175,1348,1523,0.1388
175,1350,1525,0.1388
177,1334,1511,0.1388
176,1336,1512,0.1388
178,1339,1517,0.1388
176,1347,1523,0.1388
174,1353,1527,0.1388
176,1366,1542,0.1388
173,1356,1529,0.1388
172,1345,1517,0.1388
164,1354,1518,0.1388
163,1363,1526,0.1388
160,1365,1525,0.1388
159,1380,1539,0.1388
158,1372,1530,0.1388
158,1363,1521,0.1388
155,1357,1512,0.1388
158,1355,1513,0.1388
159,1351,1510,0.1388
164,1352,1516,0.1388
163,1336,1499,0.1388
163,1347,1510,0.1388
163,1350,1513,0.1388
166,1349,1515,0.1388
168,1336,1504,0.1388
171,1333,1504,0.1388
172,1345,1517,0.1388
166,1341,1507,0.1388
169,1331,1500,0.1388
169,1326,1495,0.1388
171,1328,1499,0.1388
167,1332,1499,0.1388
168,1330,1498,0.1388
167,1334,1501,0.1388
165,1335,1500,0.1388
167,1341,1508,0.1388
165,1346,1511,0.1388
164,1342,1506,0.1388
164,1338,1502,0.1388
165,1346,1511,0.1388
164,1330,1494,0.1388
165,1345,1510,0.1388
160,1354,1514,0.1388
157,1362,1519,0.1388
161,1362,1523,0.1388
163,1355,1518,0.1388
163,1359,1522,0.1388
161,1362,1523,0.1388
158,1355,1513,0.1388
158,1360,1518,0.1388
155,1356,1511,0.1388
154,1350,1504,0.1388
156,1351,1507,0.1388
154,1366,1520,0.1388
152,1379,1531,0.1388
149,1380,1529,0.1388
152,1379,1531,0.1388
154,1364,1518,0.1388
154,1368,1522,0.1388
155,1381,1536,0.1388
154,1377,1531,0.1388
153,1371,1524,0.1388
155,1366,1521,0.1388
156,1362,1518,0.1388
153,1361,1514,0.1388
153,1357,1510,0.1388
153,1363,1516,0.1388
154,1355,1509,0.1388
152,1365,1517,0.1388
157,1369,1526,0.1388
152,1378,1530,0.1388
149,1366,1515,0.1388
151,1366,1517,0.1388
150,1354,1504,0.1388
148,1359,1507,0.1388
145,1367,1512,0.1388
148,1377,1525,0.1388
152,1367,1519,0.1388
150,1368,1518,0.1388
155,1363,1518,0.1388
155,1358,1513,0.1388
153,1353,1506,0.1388
152,1361,1513,0.1388
153,1360,1513,0.1388
154,1368,1522,0.1388
158,1367,1525,0.1388
155,1376,1531,0.1388
160,1374,1534,0.1388
161,1361,1522,0.1388
157,1361,1518,0.1388
162,1364,1526,0.1388
158,1365,1523,0.1388
160,1356,1516,0.1388
160,1366,1526,0.1388
156,1364,1520,0.1388
156,1358,1514,0.1388
155,1360,1515,0.1388
158,1354,1512,0.1388
153,1366,1519,0.1388
146,1375,1521,0.1388
150,1373,1523,0.1388
147,1359,1506,0.1388
150,1363,1513,0.1388
151,1374,1525,0.1388
153,1376,1529,0.1388
154,1372,1526,0.1388
152,1368,1520,0.1388
153,1360,1513,0.1388
150,1353,1503,0.1388
151,1360,1511,0.1388
151,1355,1506,0.1388
147,1374,1521,0.1388
145,1365,1510,0.1388
144,1381,1525,0.1388
141,1374,1515,0.1388
148,1367,1515,0.1388
149,1360,1509,0.1388
151,1352,1503,0.1388
149,1354,1503,0.1388
151,1371,1522,0.1388
149,1367,1516,0.1388
147,1355,1502,0.1388
146,1365,1511,0.1388
148,1383,1531,0.1388
144,1373,1517,0.1388
140,1377,1517,0.1388
142,1383,1525,0.1388
143,1384,1527,0.1388
144,1380,1524,0.1388
148,1379,1527,0.1388
150,1373,1523,0.1388
149,1366,1515,0.1388
147,1362,1509,0.1388
149,1360,1509,0.1388
152,1366,1518,0.1388
153,1374,1527,0.1388
152,1372,1524,0.1388
146,1377,1523,0.1388
144,1392,1536,0.1388
143,1395,1538,0.1388
140,1385,1525,0.1388
141,1382,1523,0.1388
142,1394,1536,0.1388
139,1385,1524,0.1388
138,1377,1515,0.1388
137,1373,1510,0.1388
137,1372,1509,0.1388
140,1375,1515,0.1388
139,1385,1524,0.1388
136,1379,1515,0.1388
136,1364,1500,0.1388
138,1370,1508,0.1388
139,1374,1513,0.1388
142,1365,1507,0.1388
145,1364,1509,0.1388
140,1383,1523,0.1388
140,1376,1516,0.1388
142,1376,1518,0.1388
138,1381,1519,0.1388
138,1374,1512,0.1388
139,1370,1509,0.1388
139,1366,1505,0.1388
138,1363,1501,0.1388
138,1375,1513,0.1388
140,1373,1513,0.1388
142,1360,1502,0.1388
142,1366,1508,0.1388
143,1370,1513,0.1388
142,1387,1529,0.1388
139,1383,1522,0.1388
139,1382,1521,0.1388
139,1387,1526,0.1388
137,1390,1527,0.1388
137,1387,1524,0.1388
137,1389,1526,0.1388
139,1382,1521,0.1388
139,1379,1518,0.1388
138,1373,1511,0.1388
137,1374,1511,0.1388
135,1376,1511,0.1388
137,1382,1519,0.1388
134,1385,1519,0.1388
131,1389,1520,0.1388
132,1399,1531,0.1388
134,1385,1519,0.1388
135,1388,1523,0.1388
134,1384,1518,0.1388
131,1376,1507,0.1388
128,1391,1519,0.1388
123,1387,1510,0.1388
124,1394,1518,0.1388
123,1385,1508,0.1388
121,1385,1506,0.1388
118,1377,1495,0.1388
116,1380,1496,0.1388
116,1391,1507,0.1388
109,1396,1505,0.1388
114,1387,1501,0.1388
114,1401,1515,0.1388
118,1398,1516,0.1388
116,1400,1516,0.1388
114,1405,1519,0.1388
116,1405,1521,0.1388
116,1400,1516,0.1388
114,1396,1510,0.1388
114,1408,1522,0.1388
116,1413,1529,0.1388
119,1407,1526,0.1388
117,1403,1520,0.1388
110,1397,1507,0.1388
112,1408,1520,0.1388
112,1405,1517,0.1388
108,1397,1505,0.1388
110,1402,1512,0.1388
107,1407,1514,0.1388
107,1405,1512,0.1388
107,1412,1519,0.1388
108,1413,1521,0.1388
108,1398,1506,0.1388
112,1406,1518,0.1388
111,1409,1520,0.1388
111,1409,1520,0.1388
113,1405,1518,0.1388
114,1414,1528,0.1388
110,1403,1513,0.1388
106,1400,1506,0.1388
106,1397,1503,0.1388
106,1405,1511,0.1388
104,1400,1504,0.1388
102,1402,1504,0.1388
104,1410,1514,0.1388
105,1407,1512,0.1388
102,1410,1512,0.1388
104,1398,1502,0.1388
104,1402,1506,0.1388
100,1404,1504,0.1388
104,1415,1519,0.1388
105,1404,1509,0.1388
103,1403,1506,0.1388
108,1384,1492,0.1388
107,1394,1501,0.1388
109,1398,1507,0.1388
110,1395,1505,0.1388
106,1398,1504,0.1388
110,1397,1507,0.1388
110,1392,1502,0.1388
108,1403,1511,0.1388
108,1410,1518,0.1388
104,1406,1510,0.1388
104,1404,1508,0.1388
106,1396,1502,0.1388
109,1401,1510,0.1388
108,1409,1517,0.1388
106,1412,1518,0.1388
108,1416,1524,0.1388
110,1409,1519,0.1388
108,1406,1514,0.1388
104,1414,1518,0.1388
104,1424,1528,0.1388
106,1413,1519,0.1388
110,1405,1515,0.1388
114,1395,1509,0.1388
112,1380,1492,0.1388
112,1383,1495,0.1388
113,1380,1493,0.1388
116,1375,1491,0.1388
116,1379,1495,0.1388
120,1387,1507,0.1388
123,1395,1518,0.1388
121,1397,1518,0.1388
124,1392,1516,0.1388
124,1404,1528,0.1388
122,1397,1519,0.1388
126,1405,1531,0.1388
123,1392,1515,0.1388
122,1399,1521,0.1388
124,1396,1520,0.1388
125,1396,1521,0.1388
123,1366,1489,0.1388
121,1368,1489,0.1388
118,1374,1492,0.1388
117,1384,1501,0.1388
117,1395,1512,0.1388
114,1393,1507,0.1388
116,1389,1505,0.1388
114,1392,1506,0.1388
118,1387,1505,0.1388
117,1399,1516,0.1388
119,1410,1529,0.1388
121,1405,1526,0.1388
121,1409,1530,0.1388
129,1418,1547,0.1388
131,1402,1533,0.1388
129,1414,1543,0.1388
130,1403,1533,0.1388
130,1400,1530,0.1388
129,1392,1521,0.1388
130,1397,1527,0.1388
132,1394,1526,0.1388
135,1397,1532,0.1388
138,1392,1530,0.1388
140,1384,1524,0.1388
141,1389,1530,0.1388
140,1381,1521,0.1388
142,1371,1513,0.1388
142,1379,1521,0.1388
136,1371,1507,0.1388
134,1377,1511,0.1388
131,1379,1510,0.1388
131,1391,1522,0.1388
130,1388,1518,0.1388
129,1377,1506,0.1388
128,1391,1519,0.1388
130,1405,1535,0.1388
129,1395,1524,0.1388
130,1399,1529,0.1388
129,1391,1520,0.1388
126,1375,1501,0.1388
128,1381,1509,0.1388
131,1394,1525,0.1388
134,1398,1532,0.1388
131,1393,1524,0.1388
133,1400,1533,0.1388
131,1398,1529,0.1388
131,1380,1511,0.1388
128,1385,1513,0.1388
129,1380,1509,0.1388
129,1381,1510,0.1388
131,1390,1521,0.1388
134,1392,1526,0.1388
133,1399,1532,0.1388
134,1396,1530,0.1388
130,1406,1536,0.1388
129,1407,1536,0.1388
132,1399,1531,0.1388
129,1397,1526,0.1388
135,1389,1524,0.1388
134,1390,1524,0.1388
136,1384,1520,0.1388
134,1373,1507,0.1388
132,1373,1505,0.1388
132,1382,1514,0.1388
131,1389,1520,0.1388
127,1389,1516,0.1388
128,1377,1505,0.1388
129,1386,1515,0.1388
127,1379,1506,0.1388
135,1369,1504,0.1388
134,1381,1515,0.1388
132,1385,1517,0.1388
132,1389,1521,0.1388
135,1384,1519,0.1388
134,1371,1505,0.1388
126,1368,1494,0.1388
127,1372,1499,0.1388
128,1371,1499,0.1388
129,1378,1507,0.1388
130,1384,1514,0.1388
131,1390,1521,0.1388
130,1402,1532,0.1388
129,1400,1529,0.1388
130,1382,1512,0.1388
125,1389,1514,0.1388
124,1387,1511,0.1388
127,1397,1524,0.1388
129,1398,1527,0.1388
129,1397,1526,0.1388
127,1395,1522,0.1388
129,1388,1517,0.1388
130,1391,1521,0.1388
128,1382,1510,0.1388
125,1389,1514,0.1388
124,1388,1512,0.1388
123,1390,1513,0.1388
124,1387,1511,0.1388
123,1393,1516,0.1388
122,1394,1516,0.1388
121,1389,1510,0.1388
118,1383,1501,0.1388
120,1399,1519,0.1388
118,1392,1510,0.1388
115,1388,1503,0.1388
117,1382,1499,0.1388
111,1389,1500,0.1388
113,1398,1511,0.1388
111,1395,1506,0.1388
109,1408,1517,0.1388
102,1404,1506,0.1388
103,1395,1498,0.1388
100,1392,1492,0.1388
104,1394,1498,0.1388
105,1388,1493,0.1388
106,1397,1503,0.1388
105,1405,1510,0.1388
107,1403,1510,0.1388
109,1403,1512,0.1388
109,1400,1509,0.1388
109,1410,1519,0.1388
110,1403,1513,0.1388
106,1398,1504,0.1388
103,1399,1502,0.1388
104,1398,1502,0.1388
103,1388,1491,0.1388
106,1393,1499,0.1388
113,1407,1520,0.1388
111,1403,1514,0.1388
109,1419,1528,0.1388
112,1405,1517,0.1388
111,1393,1504,0.1388
108,1403,1511,0.1388
108,1402,1510,0.1388
109,1406,1515,0.1388
112,1413,1525,0.1388
112,1407,1519,0.1388
112,1401,1513,0.1388
112,1404,1516,0.1388
114,1404,1518,0.1388
111,1400,1511,0.1388
106,1396,1502,0.1388
107,1401,1508,0.1388
104,1419,1523,0.1388
101,1412,1513,0.1388
100,1410,1510,0.1388
98,1414,1512,0.1388
97,1396,1493,0.1388
99,1407,1506,0.1388
100,1416,1516,0.1388
100,1421,1521,0.1388
101,1426,1527,0.1388
98,1424,1522,0.1388
98,1430,1528,0.1388
97,1433,1530,0.1388
100,1413,1513,0.1388
102,1409,1511,0.1388
100,1403,1503,0.1388
96,1415,1511,0.1388
97,1411,1508,0.1388
98,1398,1496,0.1388
92,1398,1490,0.1388
95,1407,1502,0.1388
94,1407,1501,0.1388
88,1416,1504,0.1388
89,1423,1512,0.1388
91,1420,1511,0.1388
95,1420,1515,0.1388
92,1428,1520,0.1388
91,1425,1516,0.1388
92,1433,1525,0.1388
90,1430,1520,0.1388
88,1436,1524,0.1388
88,1438,1526,0.1388
86,1436,1522,0.1388
88,1431,1519,0.1388
87,1429,1516,0.1388
86,1429,1515,0.1388
85,1428,1513,0.1388
83,1438,1521,0.1388
82,1439,1521,0.1388
81,1429,1510,0.1388
82,1433,1515,0.1388
81,1430,1511,0.1388
81,1437,1518,0.1388
81,1440,1521,0.1388
84,1432,1516,0.1388
82,1439,1521,0.1388
81,1438,1519,0.1388
81,1439,1520,0.1388
82,1433,1515,0.1388
81,1429,1510,0.1388
79,1427,1506,0.1388
82,1438,1520,0.1388
83,1440,1523,0.1388
80,1452,1532,0.1388
81,1445,1526,0.1388
83,1435,1518,0.1388
80,1441,1521,0.1388
79,1444,1523,0.1388
77,1439,1516,0.1388
77,1444,1521,0.1388
76,1446,1522,0.1388
76,1438,1514,0.1388
76,1438,1514,0.1388
76,1458,1534,0.1388
75,1450,1525,0.1388
73,1452,1525,0.1388
73,1453,1526,0.1388
75,1462,1537,0.1388
75,1446,1521,0.1388
75,1437,1512,0.1388
76,1436,1512,0.1388
77,1442,1519,0.1388
78,1438,1516,0.1388
79,1432,1511,0.1388
77,1438,1515,0.1388
81,1443,1524,0.1388
82,1441,1523,0.1388
80,1435,1515,0.1388
78,1444,1522,0.1388
80,1452,1532,0.1388
78,1450,1528,0.1388
79,1438,1517,0.1388
80,1441,1521,0.1388
80,1429,1509,0.1388
76,1445,1521,0.1388
73,1450,1523,0.1388
74,1440,1514,0.1388
75,1446,1521,0.1388
75,1453,1528,0.1388
75,1440,1515,0.1388
74,1422,1496,0.1388
73,1436,1509,0.1388
72,1446,1518,0.1388
71,1448,1519,0.1388
71,1434,1505,0.1388
71,1436,1507,0.1388
66,1440,1506,0.1388
70,1443,1513,0.1388
67,1454,1521,0.1388
65,1454,1519,0.1388
65,1463,1528,0.1388
63,1461,1524,0.1388
63,1462,1525,0.1388
62,1451,1513,0.1388
63,1443,1506,0.1388
64,1447,1511,0.1388
61,1457,1518,0.1388
61,1459,1520,0.1388
62,1456,1518,0.1388
64,1454,1518,0.1388
63,1459,1522,0.1388
61,1452,1513,0.1388
59,1447,1506,0.1388
59,1455,1514,0.1388
59,1465,1524,0.1388
60,1460,1520,0.1388
61,1442,1503,0.1388
61,1461,1522,0.1388
60,1454,1514,0.1388
58,1460,1518,0.1388
60,1459,1519,0.1388
58,1463,1521,0.1388
57,1449,1506,0.1388
58,1446,1504,0.1388
58,1450,1508,0.1388
58,1467,1525,0.1388
59,1461,1520,0.1388
60,1449,1509,0.1388
61,1458,1519,0.1388
59,1453,1512,0.1388
57,1452,1509,0.1388
56,1454,1510,0.1388
52,1462,1514,0.1388
53,1473,1526,0.1388
53,1478,1531,0.1388
51,1468,1519,0.1388
53,1468,1521,0.1388
56,1463,1519,0.1388
56,1452,1508,0.1388
55,1449,1504,0.1388
56,1452,1508,0.1388
56,1446,1502,0.1388
57,1455,1512,0.1388
54,1463,1517,0.1388
53,1451,1504,0.1388
51,1461,1512,0.1388
51,1458,1509,0.1388
53,1469,1522,0.1388
53,1473,1526,0.1388
51,1472,1523,0.1388
51,1478,1529,0.1388
54,1476,1530,0.1388
53,1470,1523,0.1388
54,1467,1521,0.1388
55,1470,1525,0.1388
53,1473,1526,0.1388
51,1471,1522,0.1388
52,1474,1526,0.1388
52,1478,1530,0.1388
52,1479,1531,0.1388
50,1473,1523,0.1388
51,1478,1529,0.1388
50,1468,1518,0.1388
48,1468,1516,0.1388
49,1479,1528,0.1388
49,1473,1522,0.1388
50,1476,1526,0.1388
49,1481,1530,0.1388
51,1472,1523,0.1388
49,1471,1520,0.1388
48,1468,1516,0.1388
51,1467,1518,0.1388
51,1464,1515,0.1388
49,1454,1503,0.1388
48,1470,1518,0.1388
50,1474,1524,0.1388
49,1472,1521,0.1388
49,1471,1520,0.1388
48,1469,1517,0.1388
45,1464,1509,0.1388
46,1467,1513,0.1388
45,1456,1501,0.1388
43,1473,1516,0.1388
44,1468,1512,0.1388
42,1463,1505,0.1388
42,1469,1511,0.1388
42,1481,1523,0.1388
44,1482,1526,0.1388
42,1491,1533,0.1388
42,1479,1521,0.1388
44,1463,1507,0.1388
45,1476,1521,0.1388
46,1486,1532,0.1388
46,1478,1524,0.1388
50,1477,1527,0.1388
52,1482,1534,0.1388
51,1470,1521,0.1388
51,1471,1522,0.1388
50,1465,1515,0.1388
50,1466,1516,0.1388
52,1468,1520,0.1388
52,1473,1525,0.1388
51,1473,1524,0.1388
49,1478,1527,0.1388
49,1466,1515,0.1388
51,1464,1515,0.1388
51,1458,1509,0.1388
50,1470,1520,0.1388
52,1473,1525,0.1388
53,1470,1523,0.1388
54,1459,1513,0.1388
53,1464,1517,0.1388
55,1460,1515,0.1388
53,1463,1516,0.1388
52,1465,1517,0.1388
52,1466,1518,0.1388
52,1461,1513,0.1388
52,1467,1519,0.1388
51,1452,1503,0.1388
51,1469,1520,0.1388
49,1472,1521,0.1388
49,1473,1522,0.1388
49,1471,1520,0.1388
48,1473,1521,0.1388
47,1469,1516,0.1388
46,1477,1523,0.1388
47,1489,1536,0.1388
46,1474,1520,0.1388
45,1463,1508,0.1388
45,1466,1511,0.1388
48,1467,1515,0.1388
47,1472,1519,0.1388
48,1465,1513,0.1388
48,1470,1518,0.1388
48,1468,1516,0.1388
49,1460,1509,0.1388
48,1459,1507,0.1388
50,1459,1509,0.1388
48,1458,1506,0.1388
50,1448,1498,0.1388
47,1442,1489,0.1388
44,1442,1486,0.1388
42,1457,1499,0.1388
42,1463,1505,0.1388
39,1473,1512,0.1388
38,1477,1515,0.1388
36,1484,1520,0.1388
37,1478,1515,0.1388
34,1470,1504,0.1388
34,1477,1511,0.1388
33,1474,1507,0.1388
33,1479,1512,0.1388
33,1488,1521,0.1388
34,1486,1520,0.1388
33,1482,1515,0.1388
34,1481,1515,0.1388
36,1479,1515,0.1388
36,1483,1519,0.1388
35,1474,1509,0.1388
33,1479,1512,0.1388
33,1477,1510,0.1388
33,1468,1501,0.1388
34,1458,1492,0.1388
33,1465,1498,0.1388
36,1474,1510,0.1388
35,1468,1503,0.1388
35,1462,1497,0.1388
35,1470,1505,0.1388
35,1466,1501,0.1388
35,1467,1502,0.1388
34,1474,1508,0.1388
34,1475,1509,0.1388
35,1477,1512,0.1388
36,1478,1514,0.1388
37,1473,1510,0.1388
37,1469,1506,0.1388
37,1462,1499,0.1388
35,1465,1500,0.1388
34,1469,1503,0.1388
37,1465,1502,0.1388
36,1482,1518,0.1388
36,1482,1518,0.1388
36,1482,1518,0.1388
38,1493,1531,0.1388
37,1484,1521,0.1388
38,1487,1525,0.1388
35,1488,1523,0.1388
35,1493,1528,0.1388
33,1494,1527,0.1388
32,1490,1522,0.1388
32,1482,1514,0.1388
31,1481,1512,0.1388
33,1475,1508,0.1388
31,1467,1498,0.1388
32,1467,1499,0.1388
34,1475,1509,0.1388
33,1466,1499,0.1388
32,1463,1495,0.1388
31,1478,1509,0.1388
30,1481,1511,0.1388
30,1477,1507,0.1388
31,1489,1520,0.1388
31,1501,1532,0.1388
31,1509,1540,0.1388
29,1490,1519,0.1388
30,1488,1518,0.1388
28,1491,1519,0.1388
29,1482,1511,0.1388
30,1488,1518,0.1388
30,1478,1508,0.1388
30,1481,1511,0.1388
29,1487,1516,0.1388
28,1491,1519,0.1388
28,1502,1530,0.1388
28,1494,1522,0.1388
30,1485,1515,0.1388
31,1496,1527,0.1388
31,1491,1522,0.1388
30,1490,1520,0.1388
30,1488,1518,0.1388
31,1496,1527,0.1388
32,1491,1523,0.1388
32,1466,1498,0.1388
31,1465,1496,0.1388
31,1467,1498,0.1388
30,1469,1499,0.1388
28,1471,1499,0.1388
27,1489,1516,0.1388
27,1490,1517,0.1388
29,1484,1513,0.1388
28,1482,1510,0.1388
29,1483,1512,0.1388
30,1495,1525,0.1388
30,1488,1518,0.1388
32,1489,1521,0.1388
31,1498,1529,0.1388
34,1483,1517,0.1388
34,1483,1517,0.1388
34,1485,1519,0.1388
36,1490,1526,0.1388
36,1485,1521,0.1388
35,1482,1517,0.1388
33,1471,1504,0.1388
36,1473,1509,0.1388
35,1485,1520,0.1388
38,1489,1527,0.1388
36,1479,1515,0.1388
36,1472,1508,0.1388
36,1473,1509,0.1388
35,1474,1509,0.1388
36,1473,1509,0.1388
34,1493,1527,0.1388
35,1482,1517,0.1388
36,1477,1513,0.1388
38,1483,1521,0.1388
37,1479,1516,0.1388
37,1474,1511,0.1388
37,1478,1515,0.1388
37,1475,1512,0.1388
36,1479,1515,0.1388
36,1497,1533,0.1388
36,1492,1528,0.1388
38,1492,1530,0.1388
38,1477,1515,0.1388
38,1483,1521,0.1388
37,1478,1515,0.1388
35,1488,1523,0.1388
34,1485,1519,0.1388
34,1486,1520,0.1388
34,1476,1510,0.1388
33,1481,1514,0.1388
37,1486,1523,0.1388
38,1473,1511,0.1388
38,1475,1513,0.1388
39,1480,1519,0.1388
39,1471,1510,0.1388
39,1496,1535,0.1388
39,1483,1522,0.1388
39,1469,1508,0.1388
36,1473,1509,0.1388
37,1477,1514,0.1388
37,1476,1513,0.1388
37,1479,1516,0.1388
37,1483,1520,0.1388
36,1486,1522,0.1388
35,1485,1520,0.1388
34,1487,1521,0.1388
34,1500,1534,0.1388
34,1487,1521,0.1388
34,1479,1513,0.1388
32,1492,1524,0.1388
31,1487,1518,0.1388
32,1484,1516,0.1388
30,1490,1520,0.1388
29,1483,1512,0.1388
28,1491,1519,0.1388
28,1486,1514,0.1388
27,1491,1518,0.1388
24,1494,1518,0.1388
24,1501,1525,0.1388
24,1494,1518,0.1388
23,1498,1521,0.1388
25,1493,1518,0.1388
26,1477,1503,0.1388
26,1484,1510,0.1388
27,1469,1496,0.1388
26,1472,1498,0.1388
26,1477,1503,0.1388
28,1487,1515,0.1388
28,1480,1508,0.1388
28,1478,1506,0.1388
28,1487,1515,0.1388
27,1489,1516,0.1388
27,1485,1512,0.1388
26,1497,1523,0.1388
26,1501,1527,0.1388
25,1488,1513,0.1388
24,1486,1510,0.1388
27,1481,1508,0.1388
27,1474,1501,0.1388
27,1483,1510,0.1388
27,1487,1514,0.1388
26,1494,1520,0.1388
25,1490,1515,0.1388
25,1490,1515,0.1388
25,1485,1510,0.1388
25,1492,1517,0.1388
23,1492,1515,0.1388
23,1492,1515,0.1388
22,1483,1505,0.1388
22,1489,1511,0.1388
22,1499,1521,0.1388
24,1505,1529,0.1388
24,1514,1538,0.1388
26,1510,1536,0.1388
25,1499,1524,0.1388
23,1492,1515,0.1388
24,1490,1514,0.1388
25,1489,1514,0.1388
26,1493,1519,0.1388
27,1490,1517,0.1388
27,1496,1523,0.1388
29,1501,1530,0.1388
29,1512,1541,0.1388
29,1487,1516,0.1388
29,1493,1522,0.1388
29,1482,1511,0.1388
29,1491,1520,0.1388
30,1481,1511,0.1388
31,1495,1526,0.1388
33,1491,1524,0.1388
33,1489,1522,0.1388
32,1495,1527,0.1388
32,1486,1518,0.1388
32,1482,1514,0.1388
32,1488,1520,0.1388
32,1487,1519,0.1388
34,1476,1510,0.1388
33,1481,1514,0.1388
32,1495,1527,0.1388
31,1489,1520,0.1388
32,1476,1508,0.1388
33,1485,1518,0.1388
30,1496,1526,0.1388
32,1489,1521,0.1388
33,1483,1516,0.1388
35,1484,1519,0.1388
33,1498,1531,0.1388
33,1495,1528,0.1388
34,1484,1518,0.1388
32,1492,1524,0.1388
30,1494,1524,0.1388
30,1486,1516,0.1388
29,1492,1521,0.1388
29,1492,1521,0.1388
28,1485,1513,0.1388
28,1494,1522,0.1388
29,1493,1522,0.1388
29,1486,1515,0.1388
28,1486,1514,0.1388
29,1481,1510,0.1388
29,1471,1500,0.1388
29,1475,1504,0.1388
27,1487,1514,0.1388
28,1487,1515,0.1388
27,1491,1518,0.1388
28,1493,1521,0.1388
27,1474,1501,0.1388
27,1485,1512,0.1388
26,1494,1520,0.1388
26,1492,1518,0.1388
26,1499,1525,0.1388
26,1503,1529,0.1388
26,1500,1526,0.1388
26,1495,1521,0.1388
25,1497,1522,0.1388
22,1494,1516,0.1388
22,1493,1515,0.1388
22,1489,1511,0.1388
22,1482,1504,0.1388
21,1484,1505,0.1388
22,1494,1516,0.1388
22,1491,1513,0.1388
23,1499,1522,0.1388
23,1488,1511,0.1388
22,1497,1519,0.1388
22,1498,1520,0.1388
23,1499,1522,0.1388
23,1485,1508,0.1388
22,1476,1498,0.1388
22,1478,1500,0.1388
22,1491,1513,0.1388
22,1484,1506,0.1388
22,1484,1506,0.1388
21,1501,1522,0.1388
21,1494,1515,0.1388
20,1492,1512,0.1388
21,1494,1515,0.1388
21,1496,1517,0.1388
21,1506,1527,0.1388
20,1496,1516,0.1388
21,1491,1512,0.1388
19,1466,1485,0.1388
21,1473,1494,0.1388
21,1478,1499,0.1388
21,1489,1510,0.1388
21,1495,1516,0.1388
21,1485,1506,0.1388
22,1488,1510,0.1388
22,1496,1518,0.1388
22,1493,1515,0.1388
23,1487,1510,0.1388
22,1479,1501,0.1388
21,1488,1509,0.1388
22,1489,1511,0.1388
21,1484,1505,0.1388
22,1491,1513,0.1388
22,1483,1505,0.1388
23,1487,1510,0.1388
23,1482,1505,0.1388
25,1494,1519,0.1388
24,1498,1522,0.1388
23,1503,1526,0.1388
23,1504,1527,0.1388
23,1489,1512,0.1388
22,1469,1491,0.1388
23,1480,1503,0.1388
23,1484,1507,0.1388
23,1487,1510,0.1388
22,1477,1499,0.1388
23,1487,1510,0.1388
22,1482,1504,0.1388
24,1478,1502,0.1388
24,1488,1512,0.1388
25,1478,1503,0.1388
26,1476,1502,0.1388
29,1486,1515,0.1388
28,1478,1506,0.1388
28,1486,1514,0.1388
28,1484,1512,0.1388
28,1488,1516,0.1388
28,1496,1524,0.1388
27,1487,1514,0.1388
25,1481,1506,0.1388
25,1483,1508,0.1388
26,1488,1514,0.1388
26,1498,1524,0.1388
26,1499,1525,0.1388
26,1509,1535,0.1388
25,1500,1525,0.1388
26,1495,1521,0.1388
26,1485,1511,0.1388
27,1477,1504,0.1388
26,1480,1506,0.1388
27,1469,1496,0.1388
26,1477,1503,0.1388
24,1499,1523,0.1388
25,1492,1517,0.1388
26,1499,1525,0.1388
28,1488,1516,0.1388
29,1481,1510,0.1388
29,1493,1522,0.1388
28,1495,1523,0.1388
28,1491,1519,0.1388
29,1480,1509,0.1388
30,1491,1521,0.1388
29,1508,1537,0.1388
29,1496,1525,0.1388
30,1494,1524,0.1388
28,1493,1521,0.1388
26,1488,1514,0.1388
26,1494,1520,0.1388
26,1498,1524,0.1388
26,1488,1514,0.1388
27,1493,1520,0.1388
26,1498,1524,0.1388
24,1494,1518,0.1388
25,1496,1521,0.1388
25,1494,1519,0.1388
25,1486,1511,0.1388
25,1486,1511,0.1388
26,1496,1522,0.1388
24,1486,1510,0.1388
23,1491,1514,0.1388
23,1500,1523,0.1388
24,1493,1517,0.1388
23,1503,1526,0.1388
21,1498,1519,0.1388
22,1506,1528,0.1388
21,1500,1521,0.1388
21,1505,1526,0.1388
21,1508,1529,0.1388
21,1503,1524,0.1388
20,1510,1530,0.1388
20,1501,1521,0.1388
20,1499,1519,0.1388
20,1507,1527,0.1388
19,1485,1504,0.1388
18,1491,1509,0.1388
19,1503,1522,0.1388
19,1496,1515,0.1388
19,1488,1507,0.1388
18,1485,1503,0.1388
18,1486,1504,0.1388
16,1485,1501,0.1388
15,1485,1500,0.1388
18,1489,1507,0.1388
18,1481,1499,0.1388
16,1493,1509,0.1388
16,1506,1522,0.1388
16,1507,1523,0.1388
17,1511,1528,0.1388
16,1502,1518,0.1388
17,1498,1515,0.1388
18,1496,1514,0.1388
18,1497,1515,0.1388
19,1497,1516,0.1388
19,1491,1510,0.1388
19,1494,1513,0.1388
19,1500,1519,0.1388
20,1487,1507,0.1388
21,1500,1521,0.1388
21,1517,1538,0.1388
22,1508,1530,0.1388
21,1503,1524,0.1388
22,1500,1522,0.1388
24,1496,1520,0.1388
24,1502,1526,0.1388
23,1502,1525,0.1388
24,1500,1524,0.1388
25,1493,1518,0.1388
26,1511,1537,0.1388
26,1503,1529,0.1388
25,1496,1521,0.1388
24,1499,1523,0.1388
24,1497,1521,0.1388
25,1504,1529,0.1388
26,1496,1522,0.1388
28,1491,1519,0.1388
27,1481,1508,0.1388
26,1477,1503,0.1388
24,1486,1510,0.1388
24,1467,1491,0.1388
27,1455,1482,0.1388
28,1461,1489,0.1388
27,1466,1493,0.1388
26,1477,1503,0.1388
28,1493,1521,0.1388
31,1487,1518,0.1388
31,1481,1512,0.1388
32,1486,1518,0.1388
32,1485,1517,0.1388
30,1474,1504,0.1388
28,1489,1517,0.1388
28,1491,1519,0.1388
29,1481,1510,0.1388
29,1481,1510,0.1388
29,1482,1511,0.1388
29,1472,1501,0.1388
31,1478,1509,0.1388
33,1469,1502,0.1388
34,1470,1504,0.1388
34,1475,1509,0.1388
32,1479,1511,0.1388
30,1481,1511,0.1388
31,1484,1515,0.1388
32,1492,1524,0.1388
33,1483,1516,0.1388
33,1485,1518,0.1388
33,1491,1524,0.1388
35,1490,1525,0.1388
36,1488,1524,0.1388
38,1480,1518,0.1388
39,1464,1503,0.1388
39,1464,1503,0.1388
39,1472,1511,0.1388
39,1469,1508,0.1388
39,1479,1518,0.1388
38,1463,1501,0.1388
38,1461,1499,0.1388
38,1470,1508,0.1388
40,1479,1519,0.1388
39,1488,1527,0.1388
38,1484,1522,0.1388
39,1480,1519,0.1388
39,1496,1535,0.1388
38,1481,1519,0.1388
35,1467,1502,0.1388
37,1469,1506,0.1388
36,1484,1520,0.1388
35,1465,1500,0.1388
38,1472,1510,0.1388
38,1479,1517,0.1388
35,1481,1516,0.1388
36,1478,1514,0.1388
36,1471,1507,0.1388
34,1478,1512,0.1388
34,1473,1507,0.1388
34,1483,1517,0.1388
35,1469,1504,0.1388
36,1477,1513,0.1388
34,1488,1522,0.1388
34,1476,1510,0.1388
32,1476,1508,0.1388
31,1489,1520,0.1388
31,1480,1511,0.1388
29,1484,1513,0.1388
31,1488,1519,0.1388
29,1496,1525,0.1388
29,1487,1516,0.1388
29,1475,1504,0.1388
31,1480,1511,0.1388
31,1482,1513,0.1388
31,1481,1512,0.1388
32,1472,1504,0.1388
31,1472,1503,0.1388
30,1469,1499,0.1388
29,1484,1513,0.1388
29,1481,1510,0.1388
30,1487,1517,0.1388
29,1487,1516,0.1388
28,1485,1513,0.1388
28,1487,1515,0.1388
28,1485,1513,0.1388
28,1500,1528,0.1388
28,1493,1521,0.1388
25,1491,1516,0.1388
24,1487,1511,0.1388
23,1493,1516,0.1388
23,1484,1507,0.1388
22,1480,1502,0.1388
22,1477,1499,0.1388
22,1482,1504,0.1388
21,1480,1501,0.1388
21,1488,1509,0.1388
22,1483,1505,0.1388
22,1489,1511,0.1388
25,1498,1523,0.1388
25,1490,1515,0.1388
27,1471,1498,0.1388
29,1483,1512,0.1388
29,1491,1520,0.1388
32,1490,1522,0.1388
31,1485,1516,0.1388
29,1495,1524,0.1388
29,1487,1516,0.1388
30,1490,1520,0.1388
30,1486,1516,0.1388
29,1469,1498,0.1388
28,1473,1501,0.1388
27,1484,1511,0.1388
25,1487,1512,0.1388
26,1488,1514,0.1388
28,1487,1515,0.1388
28,1489,1517,0.1388
29,1476,1505,0.1388
28,1475,1503,0.1388
28,1477,1505,0.1388
28,1481,1509,0.1388
28,1495,1523,0.1388
26,1487,1513,0.1388
26,1487,1513,0.1388
26,1493,1519,0.1388
25,1486,1511,0.1388
25,1493,1518,0.1388
25,1485,1510,0.1388
25,1492,1517,0.1388
25,1497,1522,0.1388
25,1495,1520,0.1388
26,1505,1531,0.1388
26,1503,1529,0.1388
25,1503,1528,0.1388
25,1509,1534,0.1388
25,1506,1531,0.1388
25,1499,1524,0.1388
24,1498,1522,0.1388
23,1494,1517,0.1388
25,1497,1522,0.1388
27,1503,1530,0.1388
27,1507,1534,0.1388
26,1494,1520,0.1388
25,1502,1527,0.1388
25,1498,1523,0.1388
23,1504,1527,0.1388
23,1496,1519,0.1388
24,1495,1519,0.1388
25,1508,1533,0.1388
26,1502,1528,0.1388
25,1492,1517,0.1388
25,1497,1522,0.1388
25,1507,1532,0.1388
24,1507,1531,0.1388
24,1490,1514,0.1388
24,1496,1520,0.1388
22,1501,1523,0.1388
22,1500,1522,0.1388
23,1508,1531,0.1388
22,1513,1535,0.1388
21,1506,1527,0.1388
21,1493,1514,0.1388
20,1498,1518,0.1388
20,1497,1517,0.1388
18,1500,1518,0.1388
18,1507,1525,0.1388
18,1512,1530,0.1388
17,1515,1532,0.1388
17,1507,1524,0.1388
17,1504,1521,0.1388
17,1501,1518,0.1388
19,1508,1527,0.1388
18,1507,1525,0.1388
18,1513,1531,0.1388
19,1516,1535,0.1388
21,1504,1525,0.1388
21,1502,1523,0.1388
21,1489,1510,0.1388
20,1497,1517,0.1388
19,1505,1524,0.1388
21,1505,1526,0.1388
20,1506,1526,0.1388
20,1493,1513,0.1388
18,1494,1512,0.1388
18,1496,1514,0.1388
19,1502,1521,0.1388
20,1497,1517,0.1388
19,1496,1515,0.1388
17,1492,1509,0.1388
17,1497,1514,0.1388
16,1497,1513,0.1388
15,1491,1506,0.1388
16,1504,1520,0.1388
15,1511,1526,0.1388
15,1503,1518,0.1388
16,1497,1513,0.1388
15,1500,1515,0.1388
15,1506,1521,0.1388
15,1495,1510,0.1388
15,1506,1521,0.1388
14,1503,1517,0.1388
15,1503,1518,0.1388
14,1505,1519,0.1388
16,1502,1518,0.1388
15,1520,1535,0.1388
14,1505,1519,0.1388
14,1517,1531,0.1388
13,1503,1516,0.1388
14,1507,1521,0.1388
14,1516,1530,0.1388
15,1517,1532,0.1388
15,1510,1525,0.1388
15,1513,1528,0.1388
14,1514,1528,0.1388
14,1499,1513,0.1388
12,1479,1491,0.1388
13,1487,1500,0.1388
16,1490,1506,0.1388
16,1497,1513,0.1388
16,1509,1525,0.1388
16,1503,1519,0.1388
16,1506,1522,0.1388
15,1511,1526,0.1388
15,1502,1517,0.1388
15,1515,1530,0.1388
14,1522,1536,0.1388
13,1524,1537,0.1388
13,1512,1525,0.1388
13,1519,1532,0.1388
13,1508,1521,0.1388
12,1503,1515,0.1388
12,1501,1513,0.1388
12,1503,1515,0.1388
13,1520,1533,0.1388
14,1507,1521,0.1388
14,1516,1530,0.1388
14,1507,1521,0.1388
16,1496,1512,0.1388
16,1504,1520,0.1388
16,1490,1506,0.1388
16,1499,1515,0.1388
16,1502,1518,0.1388
16,1501,1517,0.1388
16,1500,1516,0.1388
15,1495,1510,0.1388
14,1505,1519,0.1388
12,1506,1518,0.1388
12,1506,1518,0.1388
11,1501,1512,0.1388
12,1510,1522,0.1388
11,1503,1514,0.1388
11,1496,1507,0.1388
10,1507,1517,0.1388
10,1496,1506,0.1388
9,1504,1513,0.1388
9,1500,1509,0.1388
9,1499,1508,0.1388
7,1498,1505,0.1388
7,1502,1509,0.1388
7,1517,1524,0.1388
7,1517,1524,0.1388
6,1514,1520,0.1388
5,1510,1515,0.1388
5,1504,1509,0.1388
6,1501,1507,0.1388
6,1507,1513,0.1388
5,1513,1518,0.1388
5,1523,1528,0.1388
4,1513,1517,0.1388
4,1512,1516,0.1388
4,1515,1519,0.1388
3,1511,1514,0.1388
3,1507,1510,0.1388
3,1504,1507,0.1388
4,1508,1512,0.1388
4,1512,1516,0.1388
4,1509,1513,0.1388
4,1517,1521,0.1388
4,1515,1519,0.1388
3,1524,1527,0.1388
3,1525,1528,0.1388
3,1518,1521,0.1388
3,1520,1523,0.1388
3,1517,1520,0.1388
3,1510,1513,0.1388
3,1508,1511,0.1388
3,1517,1520,0.1388
3,1511,1514,0.1388
3,1520,1523,0.1388
3,1522,1525,0.1388
4,1505,1509,0.1388
4,1507,1511,0.1388
4,1508,1512,0.1388
4,1503,1507,0.1388
4,1499,1503,0.1388
4,1500,1504,0.1388
4,1500,1504,0.1388
3,1498,1501,0.1388
3,1500,1503,0.1388
3,1501,1504,0.1388
3,1513,1516,0.1388
3,1515,1518,0.1388
2,1525,1527,0.1388
2,1524,1526,0.1388
2,1527,1529,0.1388
2,1507,1509,0.1388
1,1529,1530,0.1388
1,1519,1520,0.1388
1,1524,1525,0.1388
1,1511,1512,0.1388
1,1521,1522,0.1388
1,1524,1525,0.1388
2,1532,1534,0.1388
2,1515,1517,0.1388
2,1518,1520,0.1388
2,1519,1521,0.1388
2,1520,1522,0.1388
2,1505,1507,0.1388
2,1498,1500,0.1388
2,1500,1502,0.1388
2,1499,1501,0.1388
2,1506,1508,0.1388
2,1498,1500,0.1388
2,1498,1500,0.1388
1,1508,1509,0.1388
1,1516,1517,0.1388
1,1531,1532,0.1388
1,1507,1508,0.1388
1,1514,1515,0.1388
1,1494,1495,0.1388
1,1493,1494,0.1388
1,1496,1497,0.1388
1,1495,1496,0.1388
1,1510,1511,0.1388
1,1494,1495,0.1388
1,1498,1499,0.1388
1,1505,1506,0.1388
1,1510,1511,0.1388
1,1511,1512,0.1388
1,1521,1522,0.1388
1,1514,1515,0.1388
1,1513,1514,0.1388
1,1518,1519,0.1388
1,1518,1519,0.1388
1,1522,1523,0.1388
1,1514,1515,0.1388
0,1524,1524,0.1388
