1378,29,1407,0.1388
1395,29,1424,0.1388
1421,30,1451,0.1388
1426,31,1457,0.1388
1436,29,1465,0.1388
1453,27,1480,0.1388
1458,27,1485,0.1388
1462,26,1488,0.1388
1464,29,1493,0.1388
1458,29,1487,0.1388
1456,30,1486,0.1388
1468,31,1499,0.1388
1466,28,1494,0.1388
1456,28,1484,0.1388
1461,28,1489,0.1388
1465,28,1493,0.1388
1472,31,1503,0.1388
1466,31,1497,0.1388
1454,31,1485,0.1388
1455,31,1486,0.1388
1462,30,1492,0.1388
1450,31,1481,0.1388
1462,29,1491,0.1388
1473,29,1502,0.1388
1465,28,1493,0.1388
1463,28,1491,0.1388
1446,25,1471,0.1388
1458,26,1484,0.1388
1449,26,1475,0.1388
1447,27,1474,0.1388
1447,26,1473,0.1388
1460,26,1486,0.1388
1464,28,1492,0.1388
1468,29,1497,0.1388
1484,29,1513,0.1388
1477,29,1506,0.1388
1467,29,1496,0.1388
1456,29,1485,0.1388
1453,29,1482,0.1388
1444,32,1476,0.1388
1446,33,1479,0.1388
1443,33,1476,0.1388
1433,35,1468,0.1388
1435,35,1470,0.1388
1444,36,1480,0.1388
1452,36,1488,0.1388
1455,36,1491,0.1388
1454,35,1489,0.1388
1447,36,1483,0.1388
1439,36,1475,0.1388
1436,35,1471,0.1388
1443,37,1480,0.1388
1449,37,1486,0.1388
1470,37,1507,0.1388
1466,36,1502,0.1388
1462,38,1500,0.1388
1445,38,1483,0.1388
1441,38,1479,0.1388
1447,38,1485,0.1388
1456,38,1494,0.1388
1457,38,1495,0.1388
1436,39,1475,0.1388
1438,39,1477,0.1388
1434,40,1474,0.1388
1442,38,1480,0.1388
1439,39,1478,0.1388
1450,43,1493,0.1388
1457,43,1500,0.1388
1447,43,1490,0.1388
1439,44,1483,0.1388
1444,43,1487,0.1388
1448,44,1492,0.1388
1427,45,1472,0.1388
1439,48,1487,0.1388
1444,48,1492,0.1388
1449,48,1497,0.1388
1437,49,1486,0.1388
1441,49,1490,0.1388
1438,45,1483,0.1388
1435,45,1480,0.1388
1436,48,1484,0.1388
1446,47,1493,0.1388
1446,46,1492,0.1388
1441,46,1487,0.1388
1444,46,1490,0.1388
1454,45,1499,0.1388
1451,43,1494,0.1388
1440,43,1483,0.1388
1451,43,1494,0.1388
1448,46,1494,0.1388
1450,47,1497,0.1388
1440,47,1487,0.1388
1445,45,1490,0.1388
1445,45,1490,0.1388
1432,45,1477,0.1388
1435,45,1480,0.1388
1439,47,1486,0.1388
1434,46,1480,0.1388
1438,45,1483,0.1388
1441,44,1485,0.1388
1440,46,1486,0.1388
1441,45,1486,0.1388
1440,47,1487,0.1388
1443,45,1488,0.1388
1448,46,1494,0.1388
1448,47,1495,0.1388
1446,45,1491,0.1388
1443,44,1487,0.1388
1446,43,1489,0.1388
1438,41,1479,0.1388
1432,42,1474,0.1388
1439,43,1482,0.1388
1452,43,1495,0.1388
1454,45,1499,0.1388
1453,46,1499,0.1388
1444,46,1490,0.1388
1436,43,1479,0.1388
1443,43,1486,0.1388
1453,42,1495,0.1388
1455,43,1498,0.1388
1460,44,1504,0.1388
1448,45,1493,0.1388
1457,46,1503,0.1388
1455,47,1502,0.1388
1450,46,1496,0.1388
1459,45,1504,0.1388
1434,47,1481,0.1388
1431,47,1478,0.1388
1446,48,1494,0.1388
1456,46,1502,0.1388
1460,45,1505,0.1388
1450,45,1495,0.1388
1455,44,1499,0.1388
1464,45,1509,0.1388
1453,43,1496,0.1388
1454,44,1498,0.1388
1439,44,1483,0.1388
1448,42,1490,0.1388
1445,41,1486,0.1388
1446,41,1487,0.1388
1454,41,1495,0.1388
1459,41,1500,0.1388
1459,43,1502,0.1388
1466,42,1508,0.1388
1456,43,1499,0.1388
1452,45,1497,0.1388
1444,43,1487,0.1388
1438,44,1482,0.1388
1432,45,1477,0.1388
1430,42,1472,0.1388
1440,43,1483,0.1388
1437,43,1480,0.1388
1440,47,1487,0.1388
1451,48,1499,0.1388
1457,46,1503,0.1388
1443,42,1485,0.1388
1447,46,1493,0.1388
1454,47,1501,0.1388
1466,47,1513,0.1388
1460,47,1507,0.1388
1457,48,1505,0.1388
1452,49,1501,0.1388
1460,47,1507,0.1388
1462,48,1510,0.1388
1441,48,1489,0.1388
1444,47,1491,0.1388
1450,48,1498,0.1388
1447,47,1494,0.1388
1450,48,1498,0.1388
1465,48,1513,0.1388
1459,49,1508,0.1388
1461,50,1511,0.1388
1458,50,1508,0.1388
1438,50,1488,0.1388
1440,52,1492,0.1388
1449,49,1498,0.1388
1439,50,1489,0.1388
1439,50,1489,0.1388
1435,51,1486,0.1388
1448,50,1498,0.1388
1446,51,1497,0.1388
1440,50,1490,0.1388
1447,51,1498,0.1388
1455,51,1506,0.1388
1447,52,1499,0.1388
1433,48,1481,0.1388
1444,49,1493,0.1388
1459,50,1509,0.1388
1452,50,1502,0.1388
1453,51,1504,0.1388
1457,51,1508,0.1388
1457,51,1508,0.1388
1442,53,1495,0.1388
1441,52,1493,0.1388
1442,54,1496,0.1388
1428,55,1483,0.1388
1441,57,1498,0.1388
1441,54,1495,0.1388
1437,53,1490,0.1388
1445,53,1498,0.1388
1447,53,1500,0.1388
1437,54,1491,0.1388
1428,60,1488,0.1388
1428,61,1489,0.1388
1435,64,1499,0.1388
1420,60,1480,0.1388
1435,61,1496,0.1388
1422,61,1483,0.1388
1427,62,1489,0.1388
1444,62,1506,0.1388
1447,63,1510,0.1388
1444,66,1510,0.1388
1441,63,1504,0.1388
1443,63,1506,0.1388
1447,65,1512,0.1388
1448,64,1512,0.1388
1435,66,1501,0.1388
1431,66,1497,0.1388
1433,64,1497,0.1388
1411,66,1477,0.1388
1415,65,1480,0.1388
1408,64,1472,0.1388
1417,66,1483,0.1388
1417,64,1481,0.1388
1406,62,1468,0.1388
1423,64,1487,0.1388
1422,65,1487,0.1388
1413,66,1479,0.1388
1410,66,1476,0.1388
1431,69,1500,0.1388
1446,68,1514,0.1388
1435,66,1501,0.1388
1429,68,1497,0.1388
1427,67,1494,0.1388
1427,65,1492,0.1388
1432,62,1494,0.1388
1430,61,1491,0.1388
1433,62,1495,0.1388
1426,62,1488,0.1388
1421,60,1481,0.1388
1402,60,1462,0.1388
1416,57,1473,0.1388
1416,58,1474,0.1388
1422,56,1478,0.1388
1433,57,1490,0.1388
1435,57,1492,0.1388
1432,59,1491,0.1388
1432,59,1491,0.1388
1436,58,1494,0.1388
1445,59,1504,0.1388
1442,60,1502,0.1388
1441,57,1498,0.1388
1434,60,1494,0.1388
1433,60,1493,0.1388
1442,61,1503,0.1388
1439,61,1500,0.1388
1432,60,1492,0.1388
1432,60,1492,0.1388
1437,59,1496,0.1388
1447,57,1504,0.1388
1439,54,1493,0.1388
1436,58,1494,0.1388
1437,58,1495,0.1388
1438,56,1494,0.1388
1453,55,1508,0.1388
1451,52,1503,0.1388
1455,52,1507,0.1388
1438,53,1491,0.1388
1447,54,1501,0.1388
1456,54,1510,0.1388
1438,54,1492,0.1388
1450,54,1504,0.1388
1450,50,1500,0.1388
1448,54,1502,0.1388
1449,53,1502,0.1388
1445,50,1495,0.1388
1449,51,1500,0.1388
1441,57,1498,0.1388
1444,59,1503,0.1388
1436,59,1495,0.1388
1433,57,1490,0.1388
1445,52,1497,0.1388
1440,51,1491,0.1388
1448,52,1500,0.1388
1453,54,1507,0.1388
1443,53,1496,0.1388
1457,52,1509,0.1388
1456,49,1505,0.1388
1465,49,1514,0.1388
1462,51,1513,0.1388
1455,50,1505,0.1388
1451,50,1501,0.1388
1447,48,1495,0.1388
1452,47,1499,0.1388
1454,46,1500,0.1388
1445,51,1496,0.1388
1452,51,1503,0.1388
1447,51,1498,0.1388
1455,52,1507,0.1388
1448,53,1501,0.1388
1437,52,1489,0.1388
1455,50,1505,0.1388
1457,49,1506,0.1388
1441,47,1488,0.1388
1439,50,1489,0.1388
1455,47,1502,0.1388
1454,49,1503,0.1388
1455,49,1504,0.1388
1449,51,1500,0.1388
1448,50,1498,0.1388
1443,50,1493,0.1388
1448,50,1498,0.1388
1455,49,1504,0.1388
1442,53,1495,0.1388
1439,49,1488,0.1388
1445,50,1495,0.1388
1448,50,1498,0.1388
1458,51,1509,0.1388
1449,51,1500,0.1388
1444,53,1497,0.1388
1445,57,1502,0.1388
1433,57,1490,0.1388
1425,57,1482,0.1388
1434,58,1492,0.1388
1417,62,1479,0.1388
1430,64,1494,0.1388
1427,64,1491,0.1388
1414,65,1479,0.1388
1401,66,1467,0.1388
1391,66,1457,0.1388
1408,70,1478,0.1388
1406,70,1476,0.1388
1418,72,1490,0.1388
1433,73,1506,0.1388
1428,76,1504,0.1388
1424,78,1502,0.1388
1423,73,1496,0.1388
1422,75,1497,0.1388
1433,77,1510,0.1388
1425,77,1502,0.1388
1418,73,1491,0.1388
1424,75,1499,0.1388
1439,70,1509,0.1388
1440,70,1510,0.1388
1446,74,1520,0.1388
1439,74,1513,0.1388
1437,70,1507,0.1388
1434,70,1504,0.1388
1439,76,1515,0.1388
1421,76,1497,0.1388
1406,75,1481,0.1388
1405,74,1479,0.1388
1403,77,1480,0.1388
1413,77,1490,0.1388
1416,78,1494,0.1388
1410,83,1493,0.1388
1416,82,1498,0.1388
1423,80,1503,0.1388
1431,77,1508,0.1388
1430,78,1508,0.1388
1437,79,1516,0.1388
1439,79,1518,0.1388
1437,81,1518,0.1388
1427,82,1509,0.1388
1436,82,1518,0.1388
1416,83,1499,0.1388
1418,82,1500,0.1388
1417,82,1499,0.1388
1422,79,1501,0.1388
1422,83,1505,0.1388
1422,88,1510,0.1388
1411,88,1499,0.1388
1404,83,1487,0.1388
1411,83,1494,0.1388
1395,85,1480,0.1388
1401,87,1488,0.1388
1409,88,1497,0.1388
1411,89,1500,0.1388
1414,90,1504,0.1388
1406,89,1495,0.1388
1406,90,1496,0.1388
1399,92,1491,0.1388
1409,94,1503,0.1388
1393,94,1487,0.1388
1384,93,1477,0.1388
1393,93,1486,0.1388
1396,95,1491,0.1388
1398,95,1493,0.1388
1393,95,1488,0.1388
1389,92,1481,0.1388
1410,92,1502,0.1388
1407,90,1497,0.1388
1402,88,1490,0.1388
1398,89,1487,0.1388
1401,94,1495,0.1388
1400,95,1495,0.1388
1403,95,1498,0.1388
1402,96,1498,0.1388
1391,98,1489,0.1388
1396,100,1496,0.1388
1408,101,1509,0.1388
1408,101,1509,0.1388
1401,102,1503,0.1388
1399,104,1503,0.1388
1408,109,1517,0.1388
1399,110,1509,0.1388
1400,110,1510,0.1388
1389,114,1503,0.1388
1388,114,1502,0.1388
1397,114,1511,0.1388
1402,111,1513,0.1388
1399,107,1506,0.1388
1392,105,1497,0.1388
1385,102,1487,0.1388
1381,104,1485,0.1388
1377,106,1483,0.1388
1374,107,1481,0.1388
1373,109,1482,0.1388
1379,109,1488,0.1388
1384,111,1495,0.1388
1383,117,1500,0.1388
1386,116,1502,0.1388
1370,115,1485,0.1388
1363,121,1484,0.1388
1377,115,1492,0.1388
1374,116,1490,0.1388
1366,120,1486,0.1388
1374,119,1493,0.1388
1382,121,1503,0.1388
1381,116,1497,0.1388
1382,116,1498,0.1388
1384,114,1498,0.1388
1380,117,1497,0.1388
1386,114,1500,0.1388
1386,112,1498,0.1388
1370,111,1481,0.1388
1369,112,1481,0.1388
1380,113,1493,0.1388
1380,112,1492,0.1388
1387,113,1500,0.1388
1387,116,1503,0.1388
1386,115,1501,0.1388
1390,117,1507,0.1388
1393,118,1511,0.1388
1385,111,1496,0.1388
1385,113,1498,0.1388
1385,115,1500,0.1388
1388,116,1504,0.1388
1379,118,1497,0.1388
1378,116,1494,0.1388
1361,117,1478,0.1388
1355,120,1475,0.1388
1366,118,1484,0.1388
1373,117,1490,0.1388
1374,121,1495,0.1388
1382,121,1503,0.1388
1385,118,1503,0.1388
1374,120,1494,0.1388
1369,116,1485,0.1388
1370,117,1487,0.1388
1376,114,1490,0.1388
1397,115,1512,0.1388
1398,117,1515,0.1388
1391,118,1509,0.1388
1378,115,1493,0.1388
1389,115,1504,0.1388
1376,115,1491,0.1388
1378,117,1495,0.1388
1378,117,1495,0.1388
1378,120,1498,0.1388
1365,125,1490,0.1388
1379,126,1505,0.1388
1360,125,1485,0.1388
1376,121,1497,0.1388
1383,123,1506,0.1388
1373,125,1498,0.1388
1355,121,1476,0.1388
1356,121,1477,0.1388
1357,117,1474,0.1388
1364,115,1479,0.1388
1364,120,1484,0.1388
1381,119,1500,0.1388
1377,121,1498,0.1388
1392,120,1512,0.1388
1376,122,1498,0.1388
1355,122,1477,0.1388
1355,119,1474,0.1388
1357,117,1474,0.1388
1355,118,1473,0.1388
1364,121,1485,0.1388
1371,118,1489,0.1388
1368,118,1486,0.1388
1356,118,1474,0.1388
1359,118,1477,0.1388
1355,116,1471,0.1388
1367,113,1480,0.1388
1369,115,1484,0.1388
1370,114,1484,0.1388
1373,116,1489,0.1388
1379,116,1495,0.1388
1369,118,1487,0.1388
1374,123,1497,0.1388
1384,122,1506,0.1388
1387,123,1510,0.1388
1376,126,1502,0.1388
1367,131,1498,0.1388
1360,132,1492,0.1388
1370,130,1500,0.1388
1369,129,1498,0.1388
1358,132,1490,0.1388
1370,132,1502,0.1388
1375,134,1509,0.1388
1365,134,1499,0.1388
1372,133,1505,0.1388
1364,130,1494,0.1388
1365,130,1495,0.1388
1371,127,1498,0.1388
1376,122,1498,0.1388
1375,123,1498,0.1388
1380,123,1503,0.1388
1374,127,1501,0.1388
1379,130,1509,0.1388
1374,133,1507,0.1388
1355,129,1484,0.1388
1364,133,1497,0.1388
1353,132,1485,0.1388
1360,133,1493,0.1388
1358,133,1491,0.1388
1365,136,1501,0.1388
1361,135,1496,0.1388
1374,138,1512,0.1388
1364,138,1502,0.1388
1350,139,1489,0.1388
1355,143,1498,0.1388
1356,144,1500,0.1388
1361,146,1507,0.1388
1346,148,1494,0.1388
1358,146,1504,0.1388
1368,152,1520,0.1388
1350,153,1503,0.1388
1363,152,1515,0.1388
1355,150,1505,0.1388
1340,153,1493,0.1388
1339,153,1492,0.1388
1336,155,1491,0.1388
1336,160,1496,0.1388
1347,157,1504,0.1388
1344,161,1505,0.1388
1348,162,1510,0.1388
1344,168,1512,0.1388
1335,164,1499,0.1388
1340,165,1505,0.1388
1340,165,1505,0.1388
1343,168,1511,0.1388
1330,169,1499,0.1388
1314,173,1487,0.1388
1306,175,1481,0.1388
1300,173,1473,0.1388
1305,169,1474,0.1388
1318,172,1490,0.1388
1310,173,1483,0.1388
1315,172,1487,0.1388
1320,180,1500,0.1388
1315,178,1493,0.1388
1321,177,1498,0.1388
1307,180,1487,0.1388
1305,185,1490,0.1388
1302,185,1487,0.1388
1314,189,1503,0.1388
1310,188,1498,0.1388
1313,186,1499,0.1388
1308,185,1493,0.1388
1307,184,1491,0.1388
1310,189,1499,0.1388
1301,194,1495,0.1388
1312,191,1503,0.1388
1311,191,1502,0.1388
1309,192,1501,0.1388
1314,190,1504,0.1388
1318,186,1504,0.1388
1318,187,1505,0.1388
1310,186,1496,0.1388
1317,189,1506,0.1388
1316,187,1503,0.1388
1299,192,1491,0.1388
1300,190,1490,0.1388
1297,191,1488,0.1388
1297,196,1493,0.1388
1310,197,1507,0.1388
1288,199,1487,0.1388
1301,202,1503,0.1388
1290,199,1489,0.1388
1290,205,1495,0.1388
1286,212,1498,0.1388
1282,209,1491,0.1388
1293,209,1502,0.1388
1286,212,1498,0.1388
1293,214,1507,0.1388
1283,215,1498,0.1388
1282,216,1498,0.1388
1289,211,1500,0.1388
1303,212,1515,0.1388
1297,211,1508,0.1388
1285,209,1494,0.1388
1282,208,1490,0.1388
1284,217,1501,0.1388
1286,213,1499,0.1388
1283,215,1498,0.1388
1269,216,1485,0.1388
1281,219,1500,0.1388
1277,221,1498,0.1388
1282,219,1501,0.1388
1275,219,1494,0.1388
1276,220,1496,0.1388
1279,218,1497,0.1388
1278,219,1497,0.1388
1266,223,1489,0.1388
1265,232,1497,0.1388
1262,236,1498,0.1388
1261,230,1491,0.1388
1260,231,1491,0.1388
1263,232,1495,0.1388
1255,237,1492,0.1388
1249,238,1487,0.1388
1251,240,1491,0.1388
1254,242,1496,0.1388
1257,238,1495,0.1388
1266,234,1500,0.1388
1255,237,1492,0.1388
1251,244,1495,0.1388
1241,244,1485,0.1388
1240,245,1485,0.1388
1249,241,1490,0.1388
1254,242,1496,0.1388
1250,246,1496,0.1388
1241,242,1483,0.1388
1238,246,1484,0.1388
1233,241,1474,0.1388
1231,248,1479,0.1388
1239,248,1487,0.1388
1248,244,1492,0.1388
1259,244,1503,0.1388
1259,240,1499,0.1388
1260,238,1498,0.1388
1256,238,1494,0.1388
1261,238,1499,0.1388
1267,237,1504,0.1388
1255,240,1495,0.1388
1253,241,1494,0.1388
1238,250,1488,0.1388
1247,253,1500,0.1388
1250,253,1503,0.1388
1247,254,1501,0.1388
1254,255,1509,0.1388
1254,253,1507,0.1388
1257,252,1509,0.1388
1251,255,1506,0.1388
1240,253,1493,0.1388
1237,255,1492,0.1388
1237,254,1491,0.1388
1239,260,1499,0.1388
1252,261,1513,0.1388
1249,257,1506,0.1388
1247,255,1502,0.1388
1241,256,1497,0.1388
1244,256,1500,0.1388
1254,254,1508,0.1388
1254,249,1503,0.1388
1238,246,1484,0.1388
1241,248,1489,0.1388
1242,244,1486,0.1388
1243,248,1491,0.1388
1239,248,1487,0.1388
1244,254,1498,0.1388
1254,254,1508,0.1388
1266,258,1524,0.1388
1261,259,1520,0.1388
1246,264,1510,0.1388
1247,266,1513,0.1388
1237,265,1502,0.1388
1246,263,1509,0.1388
1248,262,1510,0.1388
1245,267,1512,0.1388
1230,264,1494,0.1388
1227,264,1491,0.1388
1218,265,1483,0.1388
1218,265,1483,0.1388
1224,266,1490,0.1388
1223,266,1489,0.1388
1218,267,1485,0.1388
1226,267,1493,0.1388
1229,272,1501,0.1388
1217,270,1487,0.1388
1228,273,1501,0.1388
1232,270,1502,0.1388
1226,271,1497,0.1388
1228,268,1496,0.1388
1220,267,1487,0.1388
1228,269,1497,0.1388
1236,269,1505,0.1388
1249,267,1516,0.1388
1236,265,1501,0.1388
1244,271,1515,0.1388
1234,271,1505,0.1388
1240,272,1512,0.1388
1247,274,1521,0.1388
1254,269,1523,0.1388
1251,266,1517,0.1388
1241,267,1508,0.1388
1239,267,1506,0.1388
1236,262,1498,0.1388
1237,257,1494,0.1388
1231,256,1487,0.1388
1237,256,1493,0.1388
1234,262,1496,0.1388
1230,263,1493,0.1388
1231,266,1497,0.1388
1236,270,1506,0.1388
1243,270,1513,0.1388
1238,268,1506,0.1388
1228,275,1503,0.1388
1226,265,1491,0.1388
1231,274,1505,0.1388
1221,274,1495,0.1388
1234,272,1506,0.1388
1229,274,1503,0.1388
1231,272,1503,0.1388
1236,272,1508,0.1388
1230,268,1498,0.1388
1215,267,1482,0.1388
1209,268,1477,0.1388
1209,275,1484,0.1388
1217,272,1489,0.1388
1223,272,1495,0.1388
1215,272,1487,0.1388
1217,274,1491,0.1388
1226,275,1501,0.1388
1218,280,1498,0.1388
1216,280,1496,0.1388
1218,286,1504,0.1388
1221,279,1500,0.1388
1220,278,1498,0.1388
1206,277,1483,0.1388
1209,282,1491,0.1388
1199,281,1480,0.1388
1203,280,1483,0.1388
1216,280,1496,0.1388
1220,282,1502,0.1388
1206,279,1485,0.1388
1212,282,1494,0.1388
1204,285,1489,0.1388
1195,284,1479,0.1388
1201,287,1488,0.1388
1214,286,1500,0.1388
1207,288,1495,0.1388
1210,292,1502,0.1388
1205,293,1498,0.1388
1202,292,1494,0.1388
1206,297,1503,0.1388
1212,299,1511,0.1388
1201,304,1505,0.1388
1200,296,1496,0.1388
1197,301,1498,0.1388
1201,300,1501,0.1388
1197,301,1498,0.1388
1194,299,1493,0.1388
1186,296,1482,0.1388
1188,298,1486,0.1388
1188,296,1484,0.1388
1189,299,1488,0.1388
1187,301,1488,0.1388
1186,305,1491,0.1388
1202,307,1509,0.1388
1191,311,1502,0.1388
1183,306,1489,0.1388
1175,311,1486,0.1388
1176,313,1489,0.1388
1172,315,1487,0.1388
1190,317,1507,0.1388
1196,317,1513,0.1388
1186,325,1511,0.1388
1184,325,1509,0.1388
1180,323,1503,0.1388
1183,323,1506,0.1388
1185,325,1510,0.1388
1185,333,1518,0.1388
1174,334,1508,0.1388
1162,334,1496,0.1388
1156,335,1491,0.1388
1155,337,1492,0.1388
1153,338,1491,0.1388
1152,336,1488,0.1388
1142,338,1480,0.1388
1143,343,1486,0.1388
1150,343,1493,0.1388
1156,351,1507,0.1388
1153,343,1496,0.1388
1137,346,1483,0.1388
1150,346,1496,0.1388
1147,346,1493,0.1388
1157,346,1503,0.1388
1154,351,1505,0.1388
1143,352,1495,0.1388
1137,349,1486,0.1388
1150,346,1496,0.1388
1153,348,1501,0.1388
1159,347,1506,0.1388
1162,340,1502,0.1388
1159,342,1501,0.1388
1148,336,1484,0.1388
1156,338,1494,0.1388
1147,337,1484,0.1388
1153,333,1486,0.1388
1164,335,1499,0.1388
1157,330,1487,0.1388
1155,326,1481,0.1388
1153,327,1480,0.1388
1163,331,1494,0.1388
1166,322,1488,0.1388
1170,321,1491,0.1388
1178,324,1502,0.1388
1161,335,1496,0.1388
1161,334,1495,0.1388
1149,330,1479,0.1388
1144,331,1475,0.1388
1157,333,1490,0.1388
1152,333,1485,0.1388
1157,336,1493,0.1388
1164,335,1499,0.1388
1164,335,1499,0.1388
1167,339,1506,0.1388
1149,341,1490,0.1388
1156,339,1495,0.1388
1164,334,1498,0.1388
1169,330,1499,0.1388
1166,331,1497,0.1388
1163,331,1494,0.1388
1157,326,1483,0.1388
1151,329,1480,0.1388
1164,335,1499,0.1388
1175,337,1512,0.1388
1177,332,1509,0.1388
1178,332,1510,0.1388
1180,324,1504,0.1388
1184,321,1505,0.1388
1173,320,1493,0.1388
1158,323,1481,0.1388
1158,321,1479,0.1388
1160,322,1482,0.1388
1162,322,1484,0.1388
1175,324,1499,0.1388
1177,324,1501,0.1388
1168,329,1497,0.1388
1172,325,1497,0.1388
1168,315,1483,0.1388
1172,320,1492,0.1388
1181,319,1500,0.1388
1172,312,1484,0.1388
1165,318,1483,0.1388
1164,325,1489,0.1388
1174,328,1502,0.1388
1178,332,1510,0.1388
1167,331,1498,0.1388
1175,330,1505,0.1388
1175,329,1504,0.1388
1174,332,1506,0.1388
1166,331,1497,0.1388
1170,337,1507,0.1388
1156,338,1494,0.1388
1160,343,1503,0.1388
1159,341,1500,0.1388
1160,344,1504,0.1388
1155,345,1500,0.1388
1145,347,1492,0.1388
1141,349,1490,0.1388
1139,347,1486,0.1388
1151,350,1501,0.1388
1139,345,1484,0.1388
1153,351,1504,0.1388
1162,349,1511,0.1388
1163,345,1508,0.1388
1152,344,1496,0.1388
1140,347,1487,0.1388
1149,344,1493,0.1388
1145,350,1495,0.1388
1154,347,1501,0.1388
1155,353,1508,0.1388
1158,360,1518,0.1388
1163,358,1521,0.1388
1157,353,1510,0.1388
1149,353,1502,0.1388
1143,357,1500,0.1388
1131,359,1490,0.1388
1135,359,1494,0.1388
1131,367,1498,0.1388
1132,369,1501,0.1388
1123,371,1494,0.1388
1125,371,1496,0.1388
1139,367,1506,0.1388
1131,373,1504,0.1388
1133,371,1504,0.1388
1141,375,1516,0.1388
1140,374,1514,0.1388
1142,380,1522,0.1388
1130,385,1515,0.1388
1125,383,1508,0.1388
1107,387,1494,0.1388
1118,383,1501,0.1388
1113,380,1493,0.1388
1115,382,1497,0.1388
1118,386,1504,0.1388
1119,385,1504,0.1388
1118,388,1506,0.1388
1112,389,1501,0.1388
1127,387,1514,0.1388
1114,393,1507,0.1388
1123,392,1515,0.1388
1115,386,1501,0.1388
1110,384,1494,0.1388
1102,385,1487,0.1388
1104,383,1487,0.1388
1104,396,1500,0.1388
1094,396,1490,0.1388
1099,389,1488,0.1388
1111,388,1499,0.1388
1094,383,1477,0.1388
1086,389,1475,0.1388
1077,397,1474,0.1388
1082,387,1469,0.1388
1082,397,1479,0.1388
1086,386,1472,0.1388
1079,391,1470,0.1388
1079,401,1480,0.1388
1081,410,1491,0.1388
1086,408,1494,0.1388
1073,412,1485,0.1388
1074,410,1484,0.1388
1061,408,1469,0.1388
1071,416,1487,0.1388
1082,422,1504,0.1388
1082,419,1501,0.1388
1087,422,1509,0.1388
1089,425,1514,0.1388
1074,423,1497,0.1388
1093,421,1514,0.1388
1087,422,1509,0.1388
1071,424,1495,0.1388
1077,426,1503,0.1388
1068,428,1496,0.1388
1056,431,1487,0.1388
1069,428,1497,0.1388
1071,429,1500,0.1388
1070,431,1501,0.1388
1072,432,1504,0.1388
1073,437,1510,0.1388
1068,439,1507,0.1388
1066,437,1503,0.1388
1056,436,1492,0.1388
1067,432,1499,0.1388
1076,426,1502,0.1388
1077,430,1507,0.1388
1070,433,1503,0.1388
1066,432,1498,0.1388
1060,440,1500,0.1388
1052,441,1493,0.1388
1050,436,1486,0.1388
1055,430,1485,0.1388
1055,441,1496,0.1388
1054,441,1495,0.1388
1051,435,1486,0.1388
1066,434,1500,0.1388
1063,437,1500,0.1388
1055,437,1492,0.1388
1055,442,1497,0.1388
1053,446,1499,0.1388
1043,446,1489,0.1388
1052,447,1499,0.1388
1049,442,1491,0.1388
1052,440,1492,0.1388
1069,442,1511,0.1388
1065,442,1507,0.1388
1060,440,1500,0.1388
1069,441,1510,0.1388
1052,443,1495,0.1388
1042,443,1485,0.1388
1054,444,1498,0.1388
1046,445,1491,0.1388
1043,442,1485,0.1388
1053,439,1492,0.1388
1055,443,1498,0.1388
1060,441,1501,0.1388
1056,441,1497,0.1388
1063,447,1510,0.1388
1052,447,1499,0.1388
1057,448,1505,0.1388
1058,454,1512,0.1388
1053,450,1503,0.1388
1064,453,1517,0.1388
1065,445,1510,0.1388
1061,450,1511,0.1388
1070,453,1523,0.1388
1070,454,1524,0.1388
1066,453,1519,0.1388
1063,446,1509,0.1388
1069,440,1509,0.1388
1070,435,1505,0.1388
1056,428,1484,0.1388
1063,433,1496,0.1388
1079,435,1514,0.1388
1068,440,1508,0.1388
1063,439,1502,0.1388
1060,448,1508,0.1388
1056,446,1502,0.1388
1055,434,1489,0.1388
1066,431,1497,0.1388
1073,431,1504,0.1388
1074,427,1501,0.1388
1068,429,1497,0.1388
1076,427,1503,0.1388
1067,428,1495,0.1388
1059,434,1493,0.1388
1070,431,1501,0.1388
1065,432,1497,0.1388
1075,432,1507,0.1388
1065,434,1499,0.1388
1072,433,1505,0.1388
1072,426,1498,0.1388
1081,431,1512,0.1388
1082,433,1515,0.1388
1073,435,1508,0.1388
1066,437,1503,0.1388
1068,433,1501,0.1388
1063,433,1496,0.1388
1050,439,1489,0.1388
1050,447,1497,0.1388
1056,438,1494,0.1388
1058,440,1498,0.1388
1061,437,1498,0.1388
1068,433,1501,0.1388
1074,430,1504,0.1388
1067,441,1508,0.1388
1069,448,1517,0.1388
1064,443,1507,0.1388
1064,446,1510,0.1388
1049,447,1496,0.1388
1053,450,1503,0.1388
1041,453,1494,0.1388
1032,446,1478,0.1388
1047,446,1493,0.1388
1053,444,1497,0.1388
1042,447,1489,0.1388
1034,445,1479,0.1388
1045,449,1494,0.1388
1046,460,1506,0.1388
1040,462,1502,0.1388
1031,461,1492,0.1388
1036,456,1492,0.1388
1034,457,1491,0.1388
1041,453,1494,0.1388
1038,457,1495,0.1388
1036,453,1489,0.1388
1039,460,1499,0.1388
1032,468,1500,0.1388
1042,465,1507,0.1388
1042,466,1508,0.1388
1040,462,1502,0.1388
1038,451,1489,0.1388
1042,450,1492,0.1388
1055,451,1506,0.1388
1053,449,1502,0.1388
1054,451,1505,0.1388
1046,466,1512,0.1388
1046,465,1511,0.1388
1041,459,1500,0.1388
1042,456,1498,0.1388
1041,453,1494,0.1388
1048,457,1505,0.1388
1045,462,1507,0.1388
1052,456,1508,0.1388
1054,464,1518,0.1388
1044,461,1505,0.1388
1040,464,1504,0.1388
1036,468,1504,0.1388
1028,472,1500,0.1388
1019,474,1493,0.1388
1024,481,1505,0.1388
1017,485,1502,0.1388
1023,492,1515,0.1388
1021,487,1508,0.1388
1017,486,1503,0.1388
1013,480,1493,0.1388
1013,485,1498,0.1388
1005,483,1488,0.1388
1000,482,1482,0.1388
998,496,1494,0.1388
1000,493,1493,0.1388
1005,487,1492,0.1388
1000,486,1486,0.1388
1011,484,1495,0.1388
1004,481,1485,0.1388
1002,481,1483,0.1388
995,480,1475,0.1388
996,478,1474,0.1388
1008,478,1486,0.1388
1000,469,1469,0.1388
1007,471,1478,0.1388
1013,476,1489,0.1388
1019,480,1499,0.1388
1016,488,1504,0.1388
997,486,1483,0.1388
1000,483,1483,0.1388
1003,488,1491,0.1388
1002,478,1480,0.1388
1009,483,1492,0.1388
996,486,1482,0.1388
1005,493,1498,0.1388
1003,493,1496,0.1388
1013,493,1506,0.1388
1014,489,1503,0.1388
1016,484,1500,0.1388
1022,497,1519,0.1388
1024,502,1526,0.1388
1024,501,1525,0.1388
1017,504,1521,0.1388
1015,508,1523,0.1388
998,510,1508,0.1388
988,515,1503,0.1388
994,511,1505,0.1388
988,509,1497,0.1388
993,503,1496,0.1388
987,502,1489,0.1388
986,501,1487,0.1388
980,511,1491,0.1388
980,506,1486,0.1388
987,510,1497,0.1388
977,513,1490,0.1388
981,519,1500,0.1388
988,515,1503,0.1388
976,514,1490,0.1388
971,518,1489,0.1388
974,518,1492,0.1388
978,520,1498,0.1388
980,524,1504,0.1388
973,526,1499,0.1388
975,523,1498,0.1388
977,521,1498,0.1388
989,518,1507,0.1388
975,523,1498,0.1388
972,523,1495,0.1388
977,526,1503,0.1388
971,532,1503,0.1388
967,537,1504,0.1388
968,529,1497,0.1388
964,537,1501,0.1388
959,537,1496,0.1388
950,536,1486,0.1388
953,540,1493,0.1388
948,544,1492,0.1388
954,541,1495,0.1388
943,542,1485,0.1388
933,538,1471,0.1388
941,542,1483,0.1388
942,541,1483,0.1388
939,543,1482,0.1388
941,544,1485,0.1388
950,550,1500,0.1388
955,552,1507,0.1388
943,554,1497,0.1388
941,551,1492,0.1388
949,549,1498,0.1388
951,560,1511,0.1388
951,559,1510,0.1388
938,553,1491,0.1388
940,557,1497,0.1388
945,554,1499,0.1388
938,542,1480,0.1388
938,556,1494,0.1388
942,559,1501,0.1388
945,559,1504,0.1388
938,563,1501,0.1388
940,557,1497,0.1388
944,552,1496,0.1388
938,549,1487,0.1388
946,560,1506,0.1388
957,552,1509,0.1388
958,552,1510,0.1388
949,551,1500,0.1388
941,562,1503,0.1388
932,559,1491,0.1388
936,559,1495,0.1388
944,567,1511,0.1388
949,564,1513,0.1388
947,563,1510,0.1388
943,569,1512,0.1388
935,563,1498,0.1388
927,561,1488,0.1388
917,573,1490,0.1388
909,576,1485,0.1388
919,579,1498,0.1388
926,583,1509,0.1388
923,572,1495,0.1388
917,569,1486,0.1388
915,570,1485,0.1388
917,574,1491,0.1388
909,577,1486,0.1388
912,584,1496,0.1388
920,584,1504,0.1388
927,586,1513,0.1388
921,592,1513,0.1388
916,589,1505,0.1388
918,590,1508,0.1388
917,586,1503,0.1388
912,594,1506,0.1388
911,600,1511,0.1388
922,593,1515,0.1388
906,587,1493,0.1388
896,592,1488,0.1388
893,592,1485,0.1388
903,591,1494,0.1388
907,597,1504,0.1388
908,593,1501,0.1388
903,597,1500,0.1388
906,596,1502,0.1388
908,595,1503,0.1388
912,595,1507,0.1388
906,599,1505,0.1388
919,595,1514,0.1388
929,597,1526,0.1388
921,590,1511,0.1388
920,585,1505,0.1388
920,586,1506,0.1388
917,594,1511,0.1388
914,595,1509,0.1388
899,602,1501,0.1388
901,591,1492,0.1388
911,592,1503,0.1388
903,582,1485,0.1388
904,581,1485,0.1388
899,583,1482,0.1388
908,587,1495,0.1388
915,595,1510,0.1388
904,593,1497,0.1388
908,600,1508,0.1388
909,592,1501,0.1388
919,593,1512,0.1388
917,591,1508,0.1388
920,587,1507,0.1388
920,590,1510,0.1388
914,592,1506,0.1388
913,589,1502,0.1388
913,600,1513,0.1388
907,598,1505,0.1388
899,603,1502,0.1388
897,602,1499,0.1388
909,595,1504,0.1388
906,602,1508,0.1388
903,603,1506,0.1388
895,602,1497,0.1388
906,596,1502,0.1388
905,597,1502,0.1388
899,605,1504,0.1388
897,606,1503,0.1388
906,611,1517,0.1388
905,614,1519,0.1388
914,614,1528,0.1388
911,615,1526,0.1388
906,611,1517,0.1388
898,598,1496,0.1388
900,600,1500,0.1388
890,607,1497,0.1388
895,605,1500,0.1388
882,607,1489,0.1388
888,607,1495,0.1388
885,626,1511,0.1388
880,622,1502,0.1388
875,623,1498,0.1388
870,624,1494,0.1388
876,630,1506,0.1388
873,635,1508,0.1388
870,641,1511,0.1388
874,642,1516,0.1388
865,634,1499,0.1388
872,628,1500,0.1388
870,633,1503,0.1388
865,632,1497,0.1388
860,643,1503,0.1388
860,655,1515,0.1388
846,650,1496,0.1388
851,652,1503,0.1388
849,654,1503,0.1388
843,652,1495,0.1388
838,645,1483,0.1388
831,654,1485,0.1388
833,657,1490,0.1388
829,651,1480,0.1388
840,662,1502,0.1388
835,660,1495,0.1388
825,665,1490,0.1388
839,669,1508,0.1388
841,670,1511,0.1388
839,676,1515,0.1388
839,670,1509,0.1388
837,668,1505,0.1388
830,663,1493,0.1388
839,668,1507,0.1388
830,681,1511,0.1388
827,690,1517,0.1388
819,688,1507,0.1388
812,682,1494,0.1388
807,686,1493,0.1388
811,694,1505,0.1388
802,703,1505,0.1388
799,709,1508,0.1388
796,712,1508,0.1388
793,714,1507,0.1388
795,714,1509,0.1388
800,718,1518,0.1388
788,715,1503,0.1388
801,704,1505,0.1388
796,695,1491,0.1388
793,695,1488,0.1388
786,700,1486,0.1388
792,696,1488,0.1388
805,689,1494,0.1388
812,685,1497,0.1388
810,687,1497,0.1388
818,693,1511,0.1388
821,688,1509,0.1388
809,697,1506,0.1388
807,693,1500,0.1388
799,696,1495,0.1388
796,705,1501,0.1388
789,702,1491,0.1388
788,698,1486,0.1388
793,697,1490,0.1388
783,714,1497,0.1388
775,713,1488,0.1388
770,720,1490,0.1388
773,713,1486,0.1388
786,718,1504,0.1388
791,717,1508,0.1388
786,718,1504,0.1388
787,714,1501,0.1388
788,718,1506,0.1388
789,714,1503,0.1388
775,717,1492,0.1388
770,716,1486,0.1388
765,720,1485,0.1388
785,735,1520,0.1388
777,727,1504,0.1388
773,714,1487,0.1388
773,716,1489,0.1388
773,724,1497,0.1388
781,732,1513,0.1388
772,736,1508,0.1388
765,735,1500,0.1388
763,722,1485,0.1388
767,714,1481,0.1388
765,727,1492,0.1388
771,731,1502,0.1388
775,723,1498,0.1388
765,731,1496,0.1388
769,735,1504,0.1388
769,738,1507,0.1388
773,743,1516,0.1388
771,748,1519,0.1388
770,740,1510,0.1388
766,745,1511,0.1388
752,742,1494,0.1388
747,742,1489,0.1388
742,742,1484,0.1388
750,751,1501,0.1388
752,747,1499,0.1388
751,756,1507,0.1388
752,751,1503,0.1388
751,747,1498,0.1388
765,752,1517,0.1388
759,749,1508,0.1388
753,746,1499,0.1388
751,755,1506,0.1388
752,751,1503,0.1388
750,761,1511,0.1388
750,768,1518,0.1388
748,772,1520,0.1388
746,764,1510,0.1388
743,777,1520,0.1388
745,787,1532,0.1388
739,784,1523,0.1388
732,783,1515,0.1388
728,777,1505,0.1388
717,789,1506,0.1388
715,796,1511,0.1388
722,800,1522,0.1388
721,795,1516,0.1388
717,791,1508,0.1388
721,799,1520,0.1388
723,801,1524,0.1388
715,790,1505,0.1388
709,787,1496,0.1388
701,791,1492,0.1388
705,786,1491,0.1388
705,798,1503,0.1388
705,783,1488,0.1388
703,781,1484,0.1388
709,785,1494,0.1388
713,796,1509,0.1388
714,800,1514,0.1388
704,803,1507,0.1388
702,814,1516,0.1388
696,818,1514,0.1388
695,813,1508,0.1388
698,810,1508,0.1388
693,816,1509,0.1388
687,815,1502,0.1388
696,823,1519,0.1388
690,826,1516,0.1388
693,827,1520,0.1388
694,818,1512,0.1388
692,825,1517,0.1388
680,830,1510,0.1388
675,828,1503,0.1388
675,826,1501,0.1388
669,832,1501,0.1388
668,832,1500,0.1388
665,840,1505,0.1388
666,851,1517,0.1388
658,846,1504,0.1388
661,847,1508,0.1388
655,856,1511,0.1388
663,846,1509,0.1388
668,857,1525,0.1388
660,858,1518,0.1388
656,850,1506,0.1388
655,854,1509,0.1388
655,868,1523,0.1388
654,863,1517,0.1388
645,869,1514,0.1388
641,869,1510,0.1388
642,870,1512,0.1388
636,869,1505,0.1388
638,869,1507,0.1388
641,856,1497,0.1388
648,858,1506,0.1388
650,863,1513,0.1388
645,865,1510,0.1388
640,869,1509,0.1388
641,871,1512,0.1388
642,874,1516,0.1388
647,871,1518,0.1388
652,871,1523,0.1388
641,874,1515,0.1388
648,883,1531,0.1388
634,883,1517,0.1388
640,882,1522,0.1388
637,880,1517,0.1388
635,889,1524,0.1388
636,882,1518,0.1388
645,879,1524,0.1388
640,884,1524,0.1388
640,872,1512,0.1388
632,874,1506,0.1388
632,886,1518,0.1388
625,881,1506,0.1388
621,878,1499,0.1388
616,889,1505,0.1388
612,896,1508,0.1388
616,894,1510,0.1388
618,899,1517,0.1388
617,896,1513,0.1388
618,884,1502,0.1388
616,881,1497,0.1388
610,886,1496,0.1388
609,902,1511,0.1388
613,891,1504,0.1388
604,897,1501,0.1388
604,888,1492,0.1388
613,883,1496,0.1388
612,887,1499,0.1388
617,897,1514,0.1388
621,895,1516,0.1388
618,903,1521,0.1388
623,893,1516,0.1388
617,899,1516,0.1388
610,904,1514,0.1388
614,903,1517,0.1388
609,902,1511,0.1388
611,893,1504,0.1388
614,892,1506,0.1388
604,897,1501,0.1388
603,900,1503,0.1388
605,908,1513,0.1388
604,904,1508,0.1388
602,899,1501,0.1388
611,910,1521,0.1388
610,902,1512,0.1388
616,903,1519,0.1388
614,899,1513,0.1388
610,905,1515,0.1388
598,908,1506,0.1388
599,900,1499,0.1388
606,905,1511,0.1388
609,893,1502,0.1388
612,892,1504,0.1388
611,895,1506,0.1388
602,906,1508,0.1388
599,892,1491,0.1388
603,900,1503,0.1388
609,901,1510,0.1388
608,907,1515,0.1388
602,912,1514,0.1388
595,920,1515,0.1388
599,921,1520,0.1388
596,923,1519,0.1388
592,931,1523,0.1388
586,929,1515,0.1388
595,935,1530,0.1388
584,940,1524,0.1388
583,932,1515,0.1388
577,932,1509,0.1388
581,929,1510,0.1388
584,926,1510,0.1388
580,930,1510,0.1388
578,930,1508,0.1388
580,932,1512,0.1388
579,936,1515,0.1388
579,930,1509,0.1388
578,929,1507,0.1388
567,920,1487,0.1388
563,928,1491,0.1388
564,937,1501,0.1388
565,934,1499,0.1388
570,944,1514,0.1388
562,950,1512,0.1388
560,944,1504,0.1388
562,941,1503,0.1388
559,936,1495,0.1388
549,941,1490,0.1388
553,942,1495,0.1388
559,945,1504,0.1388
555,948,1503,0.1388
557,951,1508,0.1388
555,951,1506,0.1388
562,962,1524,0.1388
567,952,1519,0.1388
563,948,1511,0.1388
558,952,1510,0.1388
553,955,1508,0.1388
551,954,1505,0.1388
551,947,1498,0.1388
549,949,1498,0.1388
541,953,1494,0.1388
542,961,1503,0.1388
543,960,1503,0.1388
539,975,1514,0.1388
525,976,1501,0.1388
527,968,1495,0.1388
529,971,1500,0.1388
534,978,1512,0.1388
533,977,1510,0.1388
537,973,1510,0.1388
544,978,1522,0.1388
539,968,1507,0.1388
542,963,1505,0.1388
547,971,1518,0.1388
541,970,1511,0.1388
539,959,1498,0.1388
546,952,1498,0.1388
539,961,1500,0.1388
538,957,1495,0.1388
539,965,1504,0.1388
539,978,1517,0.1388
535,976,1511,0.1388
539,963,1502,0.1388
542,966,1508,0.1388
535,969,1504,0.1388
527,965,1492,0.1388
525,974,1499,0.1388
533,984,1517,0.1388
526,985,1511,0.1388
532,980,1512,0.1388
524,989,1513,0.1388
526,989,1515,0.1388
526,987,1513,0.1388
523,996,1519,0.1388
519,992,1511,0.1388
523,986,1509,0.1388
524,990,1514,0.1388
517,999,1516,0.1388
518,995,1513,0.1388
512,1014,1526,0.1388
514,1000,1514,0.1388
514,994,1508,0.1388
517,989,1506,0.1388
509,996,1505,0.1388
504,1010,1514,0.1388
511,1007,1518,0.1388
507,1006,1513,0.1388
500,1010,1510,0.1388
495,1014,1509,0.1388
491,1005,1496,0.1388
497,1012,1509,0.1388
494,1015,1509,0.1388
489,1012,1501,0.1388
482,1016,1498,0.1388
483,1015,1498,0.1388
486,1025,1511,0.1388
484,1035,1519,0.1388
484,1046,1530,0.1388
481,1039,1520,0.1388
483,1051,1534,0.1388
478,1046,1524,0.1388
471,1044,1515,0.1388
475,1039,1514,0.1388
472,1053,1525,0.1388
473,1044,1517,0.1388
459,1052,1511,0.1388
454,1055,1509,0.1388
457,1049,1506,0.1388
454,1048,1502,0.1388
464,1061,1525,0.1388
466,1056,1522,0.1388
460,1064,1524,0.1388
455,1065,1520,0.1388
452,1072,1524,0.1388
454,1064,1518,0.1388
449,1067,1516,0.1388
448,1062,1510,0.1388
444,1063,1507,0.1388
447,1063,1510,0.1388
448,1061,1509,0.1388
441,1074,1515,0.1388
444,1065,1509,0.1388
446,1072,1518,0.1388
451,1070,1521,0.1388
451,1081,1532,0.1388
445,1070,1515,0.1388
449,1053,1502,0.1388
456,1062,1518,0.1388
451,1063,1514,0.1388
445,1074,1519,0.1388
441,1075,1516,0.1388
441,1075,1516,0.1388
435,1069,1504,0.1388
431,1069,1500,0.1388
430,1069,1499,0.1388
442,1071,1513,0.1388
435,1071,1506,0.1388
432,1070,1502,0.1388
441,1069,1510,0.1388
438,1052,1490,0.1388
440,1056,1496,0.1388
447,1059,1506,0.1388
446,1064,1510,0.1388
446,1059,1505,0.1388
444,1071,1515,0.1388
440,1080,1520,0.1388
442,1062,1504,0.1388
443,1054,1497,0.1388
443,1069,1512,0.1388
441,1068,1509,0.1388
432,1069,1501,0.1388
437,1075,1512,0.1388
439,1090,1529,0.1388
444,1082,1526,0.1388
442,1077,1519,0.1388
445,1076,1521,0.1388
442,1076,1518,0.1388
436,1065,1501,0.1388
434,1048,1482,0.1388
438,1057,1495,0.1388
438,1056,1494,0.1388
440,1055,1495,0.1388
438,1067,1505,0.1388
436,1064,1500,0.1388
439,1075,1514,0.1388
433,1085,1518,0.1388
430,1067,1497,0.1388
430,1079,1509,0.1388
435,1092,1527,0.1388
429,1088,1517,0.1388
429,1090,1519,0.1388
434,1097,1531,0.1388
428,1088,1516,0.1388
428,1096,1524,0.1388
423,1087,1510,0.1388
420,1081,1501,0.1388
420,1082,1502,0.1388
418,1088,1506,0.1388
419,1087,1506,0.1388
420,1090,1510,0.1388
416,1088,1504,0.1388
415,1089,1504,0.1388
405,1100,1505,0.1388
404,1103,1507,0.1388
413,1094,1507,0.1388
417,1088,1505,0.1388
420,1090,1510,0.1388
421,1094,1515,0.1388
424,1099,1523,0.1388
422,1097,1519,0.1388
425,1095,1520,0.1388
426,1106,1532,0.1388
425,1095,1520,0.1388
421,1100,1521,0.1388
409,1106,1515,0.1388
413,1104,1517,0.1388
414,1103,1517,0.1388
417,1102,1519,0.1388
414,1091,1505,0.1388
415,1103,1518,0.1388
425,1098,1523,0.1388
419,1098,1517,0.1388
421,1099,1520,0.1388
424,1102,1526,0.1388
424,1098,1522,0.1388
419,1104,1523,0.1388
413,1098,1511,0.1388
408,1098,1506,0.1388
411,1097,1508,0.1388
409,1107,1516,0.1388
411,1100,1511,0.1388
416,1096,1512,0.1388
412,1107,1519,0.1388
404,1104,1508,0.1388
403,1105,1508,0.1388
401,1102,1503,0.1388
400,1103,1503,0.1388
394,1109,1503,0.1388
393,1109,1502,0.1388
397,1108,1505,0.1388
399,1106,1505,0.1388
397,1104,1501,0.1388
398,1107,1505,0.1388
401,1104,1505,0.1388
402,1102,1504,0.1388
401,1106,1507,0.1388
408,1112,1520,0.1388
408,1114,1522,0.1388
407,1106,1513,0.1388
402,1113,1515,0.1388
397,1114,1511,0.1388
397,1117,1514,0.1388
392,1109,1501,0.1388
392,1118,1510,0.1388
391,1122,1513,0.1388
391,1118,1509,0.1388
397,1124,1521,0.1388
385,1123,1508,0.1388
383,1121,1504,0.1388
379,1126,1505,0.1388
384,1114,1498,0.1388
382,1119,1501,0.1388
393,1110,1503,0.1388
386,1120,1506,0.1388
385,1115,1500,0.1388
394,1113,1507,0.1388
391,1108,1499,0.1388
390,1113,1503,0.1388
384,1112,1496,0.1388
385,1110,1495,0.1388
392,1121,1513,0.1388
388,1123,1511,0.1388
391,1119,1510,0.1388
387,1124,1511,0.1388
394,1125,1519,0.1388
390,1117,1507,0.1388
385,1119,1504,0.1388
387,1113,1500,0.1388
384,1112,1496,0.1388
394,1111,1505,0.1388
391,1111,1502,0.1388
395,1109,1504,0.1388
391,1094,1485,0.1388
394,1113,1507,0.1388
390,1108,1498,0.1388
386,1115,1501,0.1388
386,1118,1504,0.1388
384,1106,1490,0.1388
392,1105,1497,0.1388
398,1111,1509,0.1388
401,1113,1514,0.1388
395,1121,1516,0.1388
394,1125,1519,0.1388
393,1120,1513,0.1388
390,1127,1517,0.1388
393,1123,1516,0.1388
395,1130,1525,0.1388
399,1130,1529,0.1388
396,1130,1526,0.1388
399,1127,1526,0.1388
395,1119,1514,0.1388
396,1113,1509,0.1388
404,1096,1500,0.1388
398,1108,1506,0.1388
402,1117,1519,0.1388
395,1104,1499,0.1388
393,1130,1523,0.1388
395,1127,1522,0.1388
391,1124,1515,0.1388
395,1141,1536,0.1388
395,1142,1537,0.1388
391,1141,1532,0.1388
386,1140,1526,0.1388
383,1130,1513,0.1388
381,1135,1516,0.1388
381,1132,1513,0.1388
379,1128,1507,0.1388
371,1127,1498,0.1388
378,1130,1508,0.1388
381,1136,1517,0.1388
382,1134,1516,0.1388
382,1123,1505,0.1388
377,1117,1494,0.1388
374,1117,1491,0.1388
384,1122,1506,0.1388
383,1125,1508,0.1388
385,1126,1511,0.1388
386,1124,1510,0.1388
380,1123,1503,0.1388
380,1117,1497,0.1388
381,1120,1501,0.1388
383,1126,1509,0.1388
383,1119,1502,0.1388
385,1120,1505,0.1388
379,1143,1522,0.1388
374,1129,1503,0.1388
372,1130,1502,0.1388
378,1129,1507,0.1388
377,1136,1513,0.1388
367,1147,1514,0.1388
368,1151,1519,0.1388
363,1151,1514,0.1388
364,1145,1509,0.1388
362,1148,1510,0.1388
350,1144,1494,0.1388
354,1135,1489,0.1388
356,1142,1498,0.1388
353,1142,1495,0.1388
350,1145,1495,0.1388
355,1144,1499,0.1388
354,1148,1502,0.1388
359,1147,1506,0.1388
359,1151,1510,0.1388
356,1151,1507,0.1388
360,1150,1510,0.1388
354,1157,1511,0.1388
355,1154,1509,0.1388
359,1151,1510,0.1388
360,1155,1515,0.1388
353,1157,1510,0.1388
352,1155,1507,0.1388
353,1145,1498,0.1388
351,1149,1500,0.1388
352,1145,1497,0.1388
349,1157,1506,0.1388
349,1156,1505,0.1388
347,1149,1496,0.1388
353,1149,1502,0.1388
358,1154,1512,0.1388
356,1161,1517,0.1388
349,1146,1495,0.1388
345,1151,1496,0.1388
353,1139,1492,0.1388
353,1137,1490,0.1388
363,1149,1512,0.1388
365,1147,1512,0.1388
363,1142,1505,0.1388
363,1135,1498,0.1388
362,1136,1498,0.1388
363,1151,1514,0.1388
363,1157,1520,0.1388
360,1149,1509,0.1388
354,1144,1498,0.1388
351,1141,1492,0.1388
352,1148,1500,0.1388
347,1147,1494,0.1388
351,1157,1508,0.1388
360,1164,1524,0.1388
360,1159,1519,0.1388
360,1150,1510,0.1388
360,1139,1499,0.1388
367,1139,1506,0.1388
365,1142,1507,0.1388
361,1143,1504,0.1388
365,1134,1499,0.1388
358,1140,1498,0.1388
361,1139,1500,0.1388
357,1145,1502,0.1388
362,1148,1510,0.1388
368,1144,1512,0.1388
369,1149,1518,0.1388
363,1143,1506,0.1388
362,1156,1518,0.1388
364,1153,1517,0.1388
365,1134,1499,0.1388
374,1134,1508,0.1388
376,1138,1514,0.1388
371,1135,1506,0.1388
373,1132,1505,0.1388
375,1147,1522,0.1388
373,1142,1515,0.1388
375,1136,1511,0.1388
374,1142,1516,0.1388
367,1137,1504,0.1388
364,1133,1497,0.1388
364,1137,1501,0.1388
365,1131,1496,0.1388
364,1130,1494,0.1388
366,1134,1500,0.1388
363,1145,1508,0.1388
371,1150,1521,0.1388
367,1144,1511,0.1388
358,1146,1504,0.1388
364,1148,1512,0.1388
364,1154,1518,0.1388
364,1141,1505,0.1388
363,1140,1503,0.1388
361,1139,1500,0.1388
362,1144,1506,0.1388
357,1137,1494,0.1388
356,1156,1512,0.1388
359,1153,1512,0.1388
353,1158,1511,0.1388
353,1160,1513,0.1388
350,1161,1511,0.1388
352,1158,1510,0.1388
356,1163,1519,0.1388
351,1163,1514,0.1388
351,1174,1525,0.1388
355,1176,1531,0.1388
352,1165,1517,0.1388
352,1166,1518,0.1388
355,1162,1517,0.1388
356,1161,1517,0.1388
356,1158,1514,0.1388
350,1162,1512,0.1388
354,1164,1518,0.1388
350,1165,1515,0.1388
346,1152,1498,0.1388
348,1158,1506,0.1388
350,1157,1507,0.1388
350,1150,1500,0.1388
348,1158,1506,0.1388
345,1164,1509,0.1388
343,1171,1514,0.1388
345,1167,1512,0.1388
347,1162,1509,0.1388
351,1145,1496,0.1388
352,1154,1506,0.1388
347,1155,1502,0.1388
348,1160,1508,0.1388
348,1161,1509,0.1388
353,1165,1518,0.1388
345,1168,1513,0.1388
339,1159,1498,0.1388
338,1169,1507,0.1388
335,1173,1508,0.1388
339,1179,1518,0.1388
347,1182,1529,0.1388
345,1189,1534,0.1388
345,1187,1532,0.1388
335,1177,1512,0.1388
332,1168,1500,0.1388
340,1156,1496,0.1388
338,1150,1488,0.1388
337,1166,1503,0.1388
338,1176,1514,0.1388
326,1183,1509,0.1388
325,1181,1506,0.1388
327,1200,1527,0.1388
319,1200,1519,0.1388
326,1191,1517,0.1388
329,1186,1515,0.1388
322,1201,1523,0.1388
322,1194,1516,0.1388
325,1184,1509,0.1388
331,1179,1510,0.1388
329,1186,1515,0.1388
333,1177,1510,0.1388
325,1183,1508,0.1388
319,1190,1509,0.1388
316,1179,1495,0.1388
311,1187,1498,0.1388
311,1194,1505,0.1388
307,1196,1503,0.1388
309,1195,1504,0.1388
306,1197,1503,0.1388
305,1203,1508,0.1388
300,1197,1497,0.1388
289,1211,1500,0.1388
291,1217,1508,0.1388
293,1207,1500,0.1388
289,1212,1501,0.1388
286,1224,1510,0.1388
284,1222,1506,0.1388
284,1227,1511,0.1388
288,1226,1514,0.1388
287,1216,1503,0.1388
284,1217,1501,0.1388
283,1212,1495,0.1388
282,1209,1491,0.1388
281,1226,1507,0.1388
292,1214,1506,0.1388
281,1224,1505,0.1388
278,1225,1503,0.1388
278,1226,1504,0.1388
281,1232,1513,0.1388
279,1231,1510,0.1388
276,1238,1514,0.1388
275,1240,1515,0.1388
274,1235,1509,0.1388
269,1240,1509,0.1388
262,1246,1508,0.1388
265,1230,1495,0.1388
267,1234,1501,0.1388
270,1233,1503,0.1388
272,1233,1505,0.1388
265,1229,1494,0.1388
268,1240,1508,0.1388
264,1241,1505,0.1388
267,1235,1502,0.1388
269,1253,1522,0.1388
267,1250,1517,0.1388
260,1249,1509,0.1388
253,1251,1504,0.1388
252,1258,1510,0.1388
255,1253,1508,0.1388
258,1254,1512,0.1388
253,1254,1507,0.1388
254,1267,1521,0.1388
251,1271,1522,0.1388
244,1260,1504,0.1388
244,1264,1508,0.1388
243,1266,1509,0.1388
238,1261,1499,0.1388
241,1255,1496,0.1388
239,1275,1514,0.1388
238,1282,1520,0.1388
239,1269,1508,0.1388
241,1269,1510,0.1388
238,1260,1498,0.1388
237,1261,1498,0.1388
235,1277,1512,0.1388
235,1279,1514,0.1388
234,1277,1511,0.1388
238,1275,1513,0.1388
243,1253,1496,0.1388
240,1261,1501,0.1388
235,1272,1507,0.1388
237,1265,1502,0.1388
230,1267,1497,0.1388
237,1262,1499,0.1388
237,1267,1504,0.1388
233,1267,1500,0.1388
231,1273,1504,0.1388
231,1285,1516,0.1388
230,1293,1523,0.1388
229,1277,1506,0.1388
235,1276,1511,0.1388
233,1277,1510,0.1388
230,1274,1504,0.1388
234,1275,1509,0.1388
235,1269,1504,0.1388
240,1258,1498,0.1388
237,1270,1507,0.1388
232,1266,1498,0.1388
231,1271,1502,0.1388
230,1272,1502,0.1388
237,1271,1508,0.1388
235,1289,1524,0.1388
236,1293,1529,0.1388
238,1285,1523,0.1388
239,1285,1524,0.1388
239,1276,1515,0.1388
238,1273,1511,0.1388
235,1269,1504,0.1388
229,1267,1496,0.1388
234,1273,1507,0.1388
228,1282,1510,0.1388
229,1280,1509,0.1388
230,1289,1519,0.1388
227,1286,1513,0.1388
223,1284,1507,0.1388
225,1288,1513,0.1388
227,1287,1514,0.1388
230,1295,1525,0.1388
236,1295,1531,0.1388
230,1291,1521,0.1388
229,1287,1516,0.1388
231,1281,1512,0.1388
236,1277,1513,0.1388
235,1282,1517,0.1388
233,1277,1510,0.1388
229,1275,1504,0.1388
221,1276,1497,0.1388
218,1280,1498,0.1388
217,1287,1504,0.1388
222,1298,1520,0.1388
219,1302,1521,0.1388
218,1284,1502,0.1388
220,1304,1524,0.1388
220,1299,1519,0.1388
219,1298,1517,0.1388
217,1300,1517,0.1388
219,1299,1518,0.1388
213,1301,1514,0.1388
213,1309,1522,0.1388
216,1313,1529,0.1388
218,1311,1529,0.1388
218,1305,1523,0.1388
221,1299,1520,0.1388
219,1294,1513,0.1388
214,1290,1504,0.1388
213,1296,1509,0.1388
211,1295,1506,0.1388
211,1291,1502,0.1388
214,1281,1495,0.1388
207,1281,1488,0.1388
206,1281,1487,0.1388
207,1294,1501,0.1388
204,1298,1502,0.1388
206,1294,1500,0.1388
208,1295,1503,0.1388
206,1293,1499,0.1388
208,1302,1510,0.1388
212,1300,1512,0.1388
212,1308,1520,0.1388
215,1303,1518,0.1388
215,1294,1509,0.1388
215,1288,1503,0.1388
212,1302,1514,0.1388
212,1299,1511,0.1388
215,1296,1511,0.1388
215,1298,1513,0.1388
212,1292,1504,0.1388
214,1304,1518,0.1388
213,1316,1529,0.1388
214,1309,1523,0.1388
214,1307,1521,0.1388
213,1299,1512,0.1388
209,1290,1499,0.1388
215,1315,1530,0.1388
213,1309,1522,0.1388
210,1322,1532,0.1388
209,1313,1522,0.1388
205,1302,1507,0.1388
204,1289,1493,0.1388
202,1313,1515,0.1388
201,1310,1511,0.1388
202,1318,1520,0.1388
204,1306,1510,0.1388
197,1308,1505,0.1388
195,1317,1512,0.1388
200,1318,1518,0.1388
200,1313,1513,0.1388
200,1317,1517,0.1388
198,1312,1510,0.1388
200,1314,1514,0.1388
204,1309,1513,0.1388
203,1311,1514,0.1388
203,1304,1507,0.1388
200,1309,1509,0.1388
202,1304,1506,0.1388
203,1300,1503,0.1388
202,1314,1516,0.1388
200,1308,1508,0.1388
200,1318,1518,0.1388
199,1300,1499,0.1388
194,1315,1509,0.1388
193,1316,1509,0.1388
195,1310,1505,0.1388
195,1308,1503,0.1388
196,1311,1507,0.1388
198,1316,1514,0.1388
199,1321,1520,0.1388
195,1332,1527,0.1388
200,1320,1520,0.1388
198,1330,1528,0.1388
194,1323,1517,0.1388
190,1323,1513,0.1388
191,1327,1518,0.1388
195,1317,1512,0.1388
189,1317,1506,0.1388
190,1314,1504,0.1388
197,1325,1522,0.1388
194,1319,1513,0.1388
197,1320,1517,0.1388
198,1324,1522,0.1388
199,1318,1517,0.1388
201,1327,1528,0.1388
198,1311,1509,0.1388
193,1320,1513,0.1388
188,1316,1504,0.1388
186,1343,1529,0.1388
192,1337,1529,0.1388
194,1334,1528,0.1388
191,1343,1534,0.1388
189,1324,1513,0.1388
190,1319,1509,0.1388
194,1324,1518,0.1388
189,1312,1501,0.1388
186,1313,1499,0.1388
184,1332,1516,0.1388
184,1328,1512,0.1388
184,1329,1513,0.1388
187,1335,1522,0.1388
189,1339,1528,0.1388
186,1343,1529,0.1388
181,1326,1507,0.1388
190,1325,1515,0.1388
190,1333,1523,0.1388
193,1332,1525,0.1388
195,1311,1506,0.1388
192,1319,1511,0.1388
192,1300,1492,0.1388
188,1298,1486,0.1388
192,1308,1500,0.1388
194,1312,1506,0.1388
195,1312,1507,0.1388
188,1326,1514,0.1388
185,1328,1513,0.1388
190,1331,1521,0.1388
196,1329,1525,0.1388
196,1328,1524,0.1388
195,1337,1532,0.1388
199,1324,1523,0.1388
196,1325,1521,0.1388
190,1324,1514,0.1388
183,1333,1516,0.1388
182,1326,1508,0.1388
184,1331,1515,0.1388
184,1324,1508,0.1388
182,1330,1512,0.1388
179,1338,1517,0.1388
183,1326,1509,0.1388
183,1331,1514,0.1388
182,1331,1513,0.1388
180,1336,1516,0.1388
184,1342,1526,0.1388
187,1330,1517,0.1388
189,1345,1534,0.1388
187,1339,1526,0.1388
184,1341,1525,0.1388
183,1344,1527,0.1388
186,1330,1516,0.1388
186,1334,1520,0.1388
185,1337,1522,0.1388
180,1333,1513,0.1388
181,1337,1518,0.1388
176,1336,1512,0.1388
174,1342,1516,0.1388
173,1344,1517,0.1388
174,1347,1521,0.1388
171,1343,1514,0.1388
177,1330,1507,0.1388
177,1332,1509,0.1388
179,1339,1518,0.1388
182,1335,1517,0.1388
182,1346,1528,0.1388
182,1325,1507,0.1388
184,1336,1520,0.1388
180,1332,1512,0.1388
177,1319,1496,0.1388
180,1315,1495,0.1388
182,1333,1515,0.1388
183,1325,1508,0.1388
183,1334,1517,0.1388
184,1332,1516,0.1388
179,1334,1513,0.1388
182,1334,1516,0.1388
183,1326,1509,0.1388
184,1320,1504,0.1388
181,1330,1511,0.1388
184,1331,1515,0.1388
184,1324,1508,0.1388
185,1313,1498,0.1388
191,1317,1508,0.1388
191,1328,1519,0.1388
187,1336,1523,0.1388
184,1330,1514,0.1388
189,1321,1510,0.1388
189,1319,1508,0.1388
189,1323,1512,0.1388
185,1317,1502,0.1388
185,1321,1506,0.1388
188,1341,1529,0.1388
188,1336,1524,0.1388
186,1330,1516,0.1388
188,1322,1510,0.1388
187,1328,1515,0.1388
183,1339,1522,0.1388
183,1338,1521,0.1388
185,1335,1520,0.1388
181,1330,1511,0.1388
183,1343,1526,0.1388
181,1338,1519,0.1388
177,1330,1507,0.1388
180,1325,1505,0.1388
179,1320,1499,0.1388
176,1318,1494,0.1388
180,1321,1501,0.1388
178,1326,1504,0.1388
178,1323,1501,0.1388
177,1333,1510,0.1388
175,1335,1510,0.1388
176,1343,1519,0.1388
175,1334,1509,0.1388
179,1326,1505,0.1388
178,1332,1510,0.1388
181,1325,1506,0.1388
181,1329,1510,0.1388
176,1328,1504,0.1388
174,1330,1504,0.1388
174,1333,1507,0.1388
172,1329,1501,0.1388
171,1332,1503,0.1388
172,1336,1508,0.1388
177,1339,1516,0.1388
176,1342,1518,0.1388
178,1332,1510,0.1388
182,1342,1524,0.1388
182,1348,1530,0.1388
181,1337,1518,0.1388
181,1337,1518,0.1388
183,1337,1520,0.1388
181,1339,1520,0.1388
180,1338,1518,0.1388
177,1334,1511,0.1388
179,1341,1520,0.1388
176,1333,1509,0.1388
180,1329,1509,0.1388
176,1324,1500,0.1388
175,1337,1512,0.1388
177,1317,1494,0.1388
176,1328,1504,0.1388
177,1344,1521,0.1388
179,1339,1518,0.1388
173,1337,1510,0.1388
176,1343,1519,0.1388
175,1332,1507,0.1388
173,1340,1513,0.1388
173,1331,1504,0.1388
167,1329,1496,0.1388
169,1341,1510,0.1388
169,1340,1509,0.1388
172,1330,1502,0.1388
171,1335,1506,0.1388
168,1335,1503,0.1388
170,1341,1511,0.1388
175,1344,1519,0.1388
174,1340,1514,0.1388
173,1346,1519,0.1388
172,1354,1526,0.1388
173,1344,1517,0.1388
175,1340,1515,0.1388
174,1344,1518,0.1388
174,1346,1520,0.1388
169,1336,1505,0.1388
163,1342,1505,0.1388
157,1350,1507,0.1388
158,1343,1501,0.1388
164,1339,1503,0.1388
171,1334,1505,0.1388
172,1347,1519,0.1388
175,1340,1515,0.1388
173,1352,1525,0.1388
170,1343,1513,0.1388
168,1354,1522,0.1388
171,1356,1527,0.1388
170,1364,1534,0.1388
169,1364,1533,0.1388
169,1357,1526,0.1388
166,1368,1534,0.1388
161,1361,1522,0.1388
165,1367,1532,0.1388
162,1365,1527,0.1388
158,1354,1512,0.1388
162,1362,1524,0.1388
163,1357,1520,0.1388
165,1345,1510,0.1388
168,1352,1520,0.1388
166,1346,1512,0.1388
168,1366,1534,0.1388
167,1364,1531,0.1388
166,1363,1529,0.1388
167,1358,1525,0.1388
164,1358,1522,0.1388
163,1383,1546,0.1388
159,1362,1521,0.1388
153,1369,1522,0.1388
157,1363,1520,0.1388
158,1354,1512,0.1388
155,1349,1504,0.1388
156,1347,1503,0.1388
156,1354,1510,0.1388
158,1352,1510,0.1388
157,1351,1508,0.1388
157,1347,1504,0.1388
160,1366,1526,0.1388
164,1365,1529,0.1388
159,1349,1508,0.1388
159,1354,1513,0.1388
158,1363,1521,0.1388
156,1365,1521,0.1388
157,1365,1522,0.1388
159,1368,1527,0.1388
156,1366,1522,0.1388
155,1365,1520,0.1388
152,1370,1522,0.1388
147,1370,1517,0.1388
143,1369,1512,0.1388
141,1358,1499,0.1388
143,1361,1504,0.1388
140,1354,1494,0.1388
139,1346,1485,0.1388
136,1360,1496,0.1388
139,1352,1491,0.1388
141,1363,1504,0.1388
145,1369,1514,0.1388
142,1368,1510,0.1388
145,1377,1522,0.1388
140,1364,1504,0.1388
143,1361,1504,0.1388
142,1380,1522,0.1388
140,1358,1498,0.1388
138,1348,1486,0.1388
141,1357,1498,0.1388
146,1369,1515,0.1388
144,1367,1511,0.1388
146,1356,1502,0.1388
143,1364,1507,0.1388
145,1355,1500,0.1388
146,1361,1507,0.1388
137,1372,1509,0.1388
139,1375,1514,0.1388
140,1374,1514,0.1388
141,1386,1527,0.1388
135,1372,1507,0.1388
136,1357,1493,0.1388
135,1364,1499,0.1388
133,1379,1512,0.1388
136,1375,1511,0.1388
137,1371,1508,0.1388
131,1377,1508,0.1388
130,1385,1515,0.1388
128,1391,1519,0.1388
128,1399,1527,0.1388
127,1397,1524,0.1388
128,1382,1510,0.1388
128,1379,1507,0.1388
128,1394,1522,0.1388
128,1390,1518,0.1388
130,1399,1529,0.1388
129,1416,1545,0.1388
126,1409,1535,0.1388
127,1416,1543,0.1388
130,1403,1533,0.1388
127,1398,1525,0.1388
124,1386,1510,0.1388
124,1388,1512,0.1388
124,1390,1514,0.1388
122,1398,1520,0.1388
123,1395,1518,0.1388
126,1387,1513,0.1388
124,1379,1503,0.1388
122,1391,1513,0.1388
124,1388,1512,0.1388
124,1396,1520,0.1388
122,1386,1508,0.1388
120,1381,1501,0.1388
114,1376,1490,0.1388
112,1378,1490,0.1388
113,1370,1483,0.1388
112,1371,1483,0.1388
113,1384,1497,0.1388
113,1400,1513,0.1388
115,1402,1517,0.1388
116,1405,1521,0.1388
118,1399,1517,0.1388
122,1390,1512,0.1388
117,1390,1507,0.1388
118,1387,1505,0.1388
116,1375,1491,0.1388
116,1385,1501,0.1388
116,1388,1504,0.1388
117,1410,1527,0.1388
118,1415,1533,0.1388
120,1409,1529,0.1388
118,1386,1504,0.1388
118,1394,1512,0.1388
118,1391,1509,0.1388
117,1397,1514,0.1388
118,1386,1504,0.1388
114,1398,1512,0.1388
111,1393,1504,0.1388
111,1405,1516,0.1388
114,1408,1522,0.1388
113,1402,1515,0.1388
114,1404,1518,0.1388
109,1408,1517,0.1388
109,1420,1529,0.1388
110,1424,1534,0.1388
108,1415,1523,0.1388
108,1417,1525,0.1388
108,1416,1524,0.1388
112,1416,1528,0.1388
110,1414,1524,0.1388
112,1419,1531,0.1388
113,1419,1532,0.1388
113,1408,1521,0.1388
114,1408,1522,0.1388
109,1414,1523,0.1388
109,1411,1520,0.1388
109,1413,1522,0.1388
107,1413,1520,0.1388
108,1412,1520,0.1388
109,1406,1515,0.1388
107,1395,1502,0.1388
108,1398,1506,0.1388
109,1399,1508,0.1388
110,1405,1515,0.1388
112,1397,1509,0.1388
116,1407,1523,0.1388
114,1409,1523,0.1388
112,1404,1516,0.1388
109,1408,1517,0.1388
106,1408,1514,0.1388
109,1403,1512,0.1388
115,1402,1517,0.1388
117,1411,1528,0.1388
112,1410,1522,0.1388
107,1405,1512,0.1388
109,1394,1503,0.1388
111,1396,1507,0.1388
110,1407,1517,0.1388
110,1411,1521,0.1388
106,1423,1529,0.1388
105,1414,1519,0.1388
104,1416,1520,0.1388
106,1410,1516,0.1388
104,1387,1491,0.1388
102,1395,1497,0.1388
101,1410,1511,0.1388
103,1410,1513,0.1388
104,1405,1509,0.1388
103,1410,1513,0.1388
101,1417,1518,0.1388
101,1411,1512,0.1388
105,1418,1523,0.1388
100,1422,1522,0.1388
102,1424,1526,0.1388
102,1420,1522,0.1388
100,1429,1529,0.1388
98,1425,1523,0.1388
98,1435,1533,0.1388
99,1431,1530,0.1388
99,1422,1521,0.1388
100,1425,1525,0.1388
96,1419,1515,0.1388
92,1411,1503,0.1388
91,1429,1520,0.1388
91,1441,1532,0.1388
91,1430,1521,0.1388
89,1422,1511,0.1388
89,1433,1522,0.1388
89,1430,1519,0.1388
89,1426,1515,0.1388
92,1429,1521,0.1388
92,1428,1520,0.1388
93,1420,1513,0.1388
91,1407,1498,0.1388
90,1412,1502,0.1388
90,1419,1509,0.1388
90,1420,1510,0.1388
91,1413,1504,0.1388
94,1410,1504,0.1388
95,1421,1516,0.1388
95,1432,1527,0.1388
95,1429,1524,0.1388
95,1434,1529,0.1388
91,1423,1514,0.1388
91,1417,1508,0.1388
92,1430,1522,0.1388
92,1412,1504,0.1388
89,1421,1510,0.1388
89,1418,1507,0.1388
88,1422,1510,0.1388
90,1430,1520,0.1388
90,1438,1528,0.1388
92,1438,1530,0.1388
90,1425,1515,0.1388
90,1428,1518,0.1388
86,1417,1503,0.1388
87,1429,1516,0.1388
86,1418,1504,0.1388
83,1424,1507,0.1388
80,1434,1514,0.1388
80,1435,1515,0.1388
83,1433,1516,0.1388
84,1423,1507,0.1388
83,1429,1512,0.1388
83,1428,1511,0.1388
83,1426,1509,0.1388
83,1436,1519,0.1388
82,1427,1509,0.1388
81,1442,1523,0.1388
78,1435,1513,0.1388
81,1426,1507,0.1388
82,1423,1505,0.1388
78,1419,1497,0.1388
78,1423,1501,0.1388
78,1431,1509,0.1388
77,1439,1516,0.1388
78,1451,1529,0.1388
78,1454,1532,0.1388
78,1449,1527,0.1388
83,1426,1509,0.1388
82,1431,1513,0.1388
84,1437,1521,0.1388
85,1429,1514,0.1388
87,1434,1521,0.1388
84,1428,1512,0.1388
84,1430,1514,0.1388
85,1433,1518,0.1388
84,1426,1510,0.1388
87,1430,1517,0.1388
85,1442,1527,0.1388
85,1449,1534,0.1388
88,1449,1537,0.1388
85,1443,1528,0.1388
85,1437,1522,0.1388
85,1437,1522,0.1388
82,1420,1502,0.1388
83,1427,1510,0.1388
82,1427,1509,0.1388
83,1438,1521,0.1388
82,1423,1505,0.1388
81,1425,1506,0.1388
81,1444,1525,0.1388
81,1431,1512,0.1388
81,1431,1512,0.1388
85,1433,1518,0.1388
83,1428,1511,0.1388
80,1438,1518,0.1388
82,1436,1518,0.1388
81,1451,1532,0.1388
82,1442,1524,0.1388
80,1446,1526,0.1388
80,1443,1523,0.1388
78,1449,1527,0.1388
76,1447,1523,0.1388
78,1438,1516,0.1388
76,1445,1521,0.1388
77,1441,1518,0.1388
79,1448,1527,0.1388
78,1442,1520,0.1388
75,1453,1528,0.1388
75,1457,1532,0.1388
74,1448,1522,0.1388
71,1443,1514,0.1388
68,1435,1503,0.1388
69,1440,1509,0.1388
69,1435,1504,0.1388
68,1439,1507,0.1388
70,1450,1520,0.1388
68,1450,1518,0.1388
69,1457,1526,0.1388
69,1459,1528,0.1388
68,1452,1520,0.1388
70,1433,1503,0.1388
71,1441,1512,0.1388
73,1440,1513,0.1388
73,1451,1524,0.1388
75,1452,1527,0.1388
75,1445,1520,0.1388
74,1445,1519,0.1388
73,1448,1521,0.1388
71,1445,1516,0.1388
70,1456,1526,0.1388
70,1448,1518,0.1388
70,1447,1517,0.1388
70,1436,1506,0.1388
74,1433,1507,0.1388
74,1433,1507,0.1388
71,1444,1515,0.1388
75,1450,1525,0.1388
76,1463,1539,0.1388
75,1453,1528,0.1388
76,1452,1528,0.1388
76,1444,1520,0.1388
76,1438,1514,0.1388
74,1446,1520,0.1388
73,1448,1521,0.1388
72,1447,1519,0.1388
69,1446,1515,0.1388
70,1455,1525,0.1388
69,1451,1520,0.1388
69,1453,1522,0.1388
70,1461,1531,0.1388
69,1452,1521,0.1388
70,1450,1520,0.1388
72,1452,1524,0.1388
72,1456,1528,0.1388
68,1446,1514,0.1388
70,1436,1506,0.1388
71,1442,1513,0.1388
72,1451,1523,0.1388
72,1459,1531,0.1388
73,1456,1529,0.1388
74,1453,1527,0.1388
76,1456,1532,0.1388
75,1459,1534,0.1388
74,1456,1530,0.1388
74,1456,1530,0.1388
73,1451,1524,0.1388
78,1451,1529,0.1388
75,1454,1529,0.1388
75,1452,1527,0.1388
77,1431,1508,0.1388
76,1437,1513,0.1388
74,1438,1512,0.1388
77,1439,1516,0.1388
79,1434,1513,0.1388
77,1422,1499,0.1388
78,1428,1506,0.1388
81,1424,1505,0.1388
79,1442,1521,0.1388
76,1444,1520,0.1388
80,1438,1518,0.1388
80,1425,1505,0.1388
78,1435,1513,0.1388
74,1443,1517,0.1388
78,1447,1525,0.1388
78,1452,1530,0.1388
77,1448,1525,0.1388
76,1440,1516,0.1388
76,1445,1521,0.1388
79,1443,1522,0.1388
76,1440,1516,0.1388
74,1440,1514,0.1388
73,1446,1519,0.1388
73,1457,1530,0.1388
73,1462,1535,0.1388
74,1456,1530,0.1388
72,1444,1516,0.1388
76,1447,1523,0.1388
76,1449,1525,0.1388
75,1449,1524,0.1388
75,1440,1515,0.1388
77,1441,1518,0.1388
77,1443,1520,0.1388
78,1452,1530,0.1388
78,1445,1523,0.1388
73,1441,1514,0.1388
72,1439,1511,0.1388
76,1441,1517,0.1388
74,1443,1517,0.1388
71,1446,1517,0.1388
73,1444,1517,0.1388
72,1443,1515,0.1388
72,1437,1509,0.1388
73,1444,1517,0.1388
73,1440,1513,0.1388
71,1441,1512,0.1388
71,1433,1504,0.1388
73,1430,1503,0.1388
72,1426,1498,0.1388
72,1433,1505,0.1388
72,1441,1513,0.1388
73,1424,1497,0.1388
73,1437,1510,0.1388
71,1435,1506,0.1388
73,1440,1513,0.1388
75,1450,1525,0.1388
74,1447,1521,0.1388
75,1440,1515,0.1388
74,1433,1507,0.1388
77,1440,1517,0.1388
77,1441,1518,0.1388
77,1438,1515,0.1388
78,1452,1530,0.1388
80,1448,1528,0.1388
79,1435,1514,0.1388
81,1443,1524,0.1388
82,1437,1519,0.1388
77,1444,1521,0.1388
80,1439,1519,0.1388
80,1428,1508,0.1388
82,1439,1521,0.1388
82,1451,1533,0.1388
79,1442,1521,0.1388
79,1435,1514,0.1388
79,1437,1516,0.1388
78,1433,1511,0.1388
80,1430,1510,0.1388
79,1420,1499,0.1388
76,1428,1504,0.1388
77,1431,1508,0.1388
78,1422,1500,0.1388
76,1429,1505,0.1388
75,1440,1515,0.1388
75,1431,1506,0.1388
74,1418,1492,0.1388
75,1431,1506,0.1388
78,1446,1524,0.1388
80,1447,1527,0.1388
81,1438,1519,0.1388
83,1448,1531,0.1388
82,1450,1532,0.1388
79,1444,1523,0.1388
81,1448,1529,0.1388
84,1450,1534,0.1388
84,1444,1528,0.1388
85,1449,1534,0.1388
82,1444,1526,0.1388
82,1444,1526,0.1388
84,1447,1531,0.1388
84,1447,1531,0.1388
82,1441,1523,0.1388
82,1428,1510,0.1388
81,1432,1513,0.1388
83,1423,1506,0.1388
81,1432,1513,0.1388
80,1437,1517,0.1388
79,1434,1513,0.1388
78,1438,1516,0.1388
74,1438,1512,0.1388
75,1432,1507,0.1388
75,1427,1502,0.1388
75,1439,1514,0.1388
74,1446,1520,0.1388
76,1448,1524,0.1388
76,1436,1512,0.1388
77,1435,1512,0.1388
75,1430,1505,0.1388
76,1431,1507,0.1388
75,1436,1511,0.1388
77,1455,1532,0.1388
77,1461,1538,0.1388
74,1453,1527,0.1388
74,1457,1531,0.1388
73,1461,1534,0.1388
74,1465,1539,0.1388
73,1454,1527,0.1388
73,1433,1506,0.1388
76,1431,1507,0.1388
81,1440,1521,0.1388
75,1441,1516,0.1388
73,1441,1514,0.1388
74,1431,1505,0.1388
71,1440,1511,0.1388
70,1445,1515,0.1388
70,1441,1511,0.1388
70,1446,1516,0.1388
69,1452,1521,0.1388
69,1452,1521,0.1388
72,1447,1519,0.1388
74,1438,1512,0.1388
72,1450,1522,0.1388
74,1443,1517,0.1388
76,1439,1515,0.1388
76,1444,1520,0.1388
76,1442,1518,0.1388
74,1446,1520,0.1388
71,1458,1529,0.1388
74,1452,1526,0.1388
77,1456,1533,0.1388
74,1450,1524,0.1388
72,1445,1517,0.1388
72,1445,1517,0.1388
68,1446,1514,0.1388
68,1446,1514,0.1388
68,1445,1513,0.1388
70,1448,1518,0.1388
70,1445,1515,0.1388
72,1440,1512,0.1388
68,1440,1508,0.1388
68,1443,1511,0.1388
68,1446,1514,0.1388
69,1453,1522,0.1388
68,1439,1507,0.1388
66,1435,1501,0.1388
69,1440,1509,0.1388
66,1446,1512,0.1388
68,1449,1517,0.1388
69,1458,1527,0.1388
70,1451,1521,0.1388
67,1445,1512,0.1388
66,1448,1514,0.1388
68,1454,1522,0.1388
65,1452,1517,0.1388
65,1465,1530,0.1388
64,1459,1523,0.1388
63,1469,1532,0.1388
66,1471,1537,0.1388
63,1457,1520,0.1388
60,1458,1518,0.1388
60,1453,1513,0.1388
62,1461,1523,0.1388
60,1464,1524,0.1388
60,1463,1523,0.1388
61,1463,1524,0.1388
59,1463,1522,0.1388
58,1460,1518,0.1388
60,1450,1510,0.1388
59,1445,1504,0.1388
59,1433,1492,0.1388
61,1428,1489,0.1388
61,1442,1503,0.1388
62,1451,1513,0.1388
60,1438,1498,0.1388
63,1454,1517,0.1388
64,1459,1523,0.1388
64,1447,1511,0.1388
62,1437,1499,0.1388
63,1451,1514,0.1388
60,1457,1517,0.1388
57,1455,1512,0.1388
55,1460,1515,0.1388
55,1461,1516,0.1388
56,1457,1513,0.1388
55,1459,1514,0.1388
55,1466,1521,0.1388
55,1467,1522,0.1388
58,1462,1520,0.1388
59,1465,1524,0.1388
58,1460,1518,0.1388
57,1459,1516,0.1388
57,1465,1522,0.1388
59,1482,1541,0.1388
62,1476,1538,0.1388
61,1475,1536,0.1388
59,1467,1526,0.1388
60,1450,1510,0.1388
61,1447,1508,0.1388
62,1439,1501,0.1388
62,1455,1517,0.1388
62,1450,1512,0.1388
63,1451,1514,0.1388
64,1455,1519,0.1388
64,1460,1524,0.1388
64,1459,1523,0.1388
64,1451,1515,0.1388
61,1463,1524,0.1388
60,1462,1522,0.1388
60,1453,1513,0.1388
58,1450,1508,0.1388
57,1452,1509,0.1388
58,1447,1505,0.1388
55,1447,1502,0.1388
58,1437,1495,0.1388
60,1434,1494,0.1388
61,1446,1507,0.1388
62,1440,1502,0.1388
60,1453,1513,0.1388
61,1455,1516,0.1388
61,1460,1521,0.1388
61,1466,1527,0.1388
62,1468,1530,0.1388
63,1460,1523,0.1388
61,1458,1519,0.1388
58,1450,1508,0.1388
60,1448,1508,0.1388
61,1458,1519,0.1388
58,1461,1519,0.1388
61,1449,1510,0.1388
63,1445,1508,0.1388
60,1450,1510,0.1388
59,1451,1510,0.1388
59,1463,1522,0.1388
61,1453,1514,0.1388
62,1454,1516,0.1388
62,1456,1518,0.1388
62,1464,1526,0.1388
62,1463,1525,0.1388
62,1469,1531,0.1388
63,1475,1538,0.1388
63,1469,1532,0.1388
64,1473,1537,0.1388
63,1461,1524,0.1388
61,1453,1514,0.1388
61,1443,1504,0.1388
62,1448,1510,0.1388
62,1457,1519,0.1388
56,1460,1516,0.1388
58,1456,1514,0.1388
60,1455,1515,0.1388
60,1437,1497,0.1388
61,1440,1501,0.1388
64,1444,1508,0.1388
65,1436,1501,0.1388
63,1453,1516,0.1388
62,1465,1527,0.1388
61,1466,1527,0.1388
60,1456,1516,0.1388
61,1455,1516,0.1388
60,1455,1515,0.1388
58,1459,1517,0.1388
59,1452,1511,0.1388
62,1454,1516,0.1388
62,1454,1516,0.1388
59,1456,1515,0.1388
58,1438,1496,0.1388
59,1442,1501,0.1388
61,1447,1508,0.1388
60,1462,1522,0.1388
61,1461,1522,0.1388
62,1450,1512,0.1388
64,1450,1514,0.1388
62,1436,1498,0.1388
64,1441,1505,0.1388
62,1459,1521,0.1388
62,1455,1517,0.1388
61,1452,1513,0.1388
62,1462,1524,0.1388
63,1454,1517,0.1388
61,1463,1524,0.1388
59,1453,1512,0.1388
60,1451,1511,0.1388
61,1459,1520,0.1388
60,1466,1526,0.1388
60,1471,1531,0.1388
59,1456,1515,0.1388
61,1458,1519,0.1388
60,1459,1519,0.1388
57,1454,1511,0.1388
57,1457,1514,0.1388
57,1464,1521,0.1388
55,1452,1507,0.1388
55,1460,1515,0.1388
55,1452,1507,0.1388
56,1462,1518,0.1388
54,1464,1518,0.1388
54,1462,1516,0.1388
55,1469,1524,0.1388
56,1463,1519,0.1388
58,1466,1524,0.1388
58,1457,1515,0.1388
57,1470,1527,0.1388
57,1465,1522,0.1388
57,1467,1524,0.1388
56,1470,1526,0.1388
59,1465,1524,0.1388
61,1456,1517,0.1388
58,1456,1514,0.1388
54,1464,1518,0.1388
56,1459,1515,0.1388
54,1463,1517,0.1388
55,1457,1512,0.1388
56,1454,1510,0.1388
53,1466,1519,0.1388
55,1464,1519,0.1388
57,1456,1513,0.1388
58,1452,1510,0.1388
56,1463,1519,0.1388
56,1463,1519,0.1388
56,1459,1515,0.1388
54,1440,1494,0.1388
54,1442,1496,0.1388
52,1446,1498,0.1388
54,1452,1506,0.1388
51,1455,1506,0.1388
52,1458,1510,0.1388
52,1448,1500,0.1388
52,1442,1494,0.1388
50,1451,1501,0.1388
48,1442,1490,0.1388
51,1455,1506,0.1388
52,1458,1510,0.1388
52,1459,1511,0.1388
51,1479,1530,0.1388
49,1468,1517,0.1388
49,1469,1518,0.1388
52,1469,1521,0.1388
50,1468,1518,0.1388
52,1466,1518,0.1388
52,1458,1510,0.1388
52,1459,1511,0.1388
51,1458,1509,0.1388
52,1464,1516,0.1388
53,1469,1522,0.1388
52,1471,1523,0.1388
54,1472,1526,0.1388
54,1473,1527,0.1388
53,1473,1526,0.1388
51,1474,1525,0.1388
48,1469,1517,0.1388
50,1458,1508,0.1388
52,1469,1521,0.1388
53,1467,1520,0.1388
53,1464,1517,0.1388
55,1464,1519,0.1388
55,1467,1522,0.1388
54,1460,1514,0.1388
57,1452,1509,0.1388
59,1450,1509,0.1388
59,1453,1512,0.1388
61,1457,1518,0.1388
61,1448,1509,0.1388
62,1463,1525,0.1388
63,1457,1520,0.1388
61,1450,1511,0.1388
63,1456,1519,0.1388
60,1463,1523,0.1388
60,1464,1524,0.1388
60,1453,1513,0.1388
60,1455,1515,0.1388
62,1464,1526,0.1388
60,1463,1523,0.1388
61,1448,1509,0.1388
62,1431,1493,0.1388
63,1443,1506,0.1388
63,1436,1499,0.1388
61,1445,1506,0.1388
62,1453,1515,0.1388
62,1441,1503,0.1388
62,1455,1517,0.1388
59,1452,1511,0.1388
61,1439,1500,0.1388
60,1444,1504,0.1388
60,1436,1496,0.1388
62,1450,1512,0.1388
64,1443,1507,0.1388
63,1457,1520,0.1388
63,1466,1529,0.1388
60,1461,1521,0.1388
62,1455,1517,0.1388
61,1461,1522,0.1388
61,1456,1517,0.1388
59,1459,1518,0.1388
56,1458,1514,0.1388
55,1456,1511,0.1388
52,1467,1519,0.1388
51,1473,1524,0.1388
52,1462,1514,0.1388
55,1445,1500,0.1388
56,1456,1512,0.1388
55,1449,1504,0.1388
57,1448,1505,0.1388
59,1455,1514,0.1388
58,1453,1511,0.1388
58,1461,1519,0.1388
60,1457,1517,0.1388
60,1449,1509,0.1388
60,1465,1525,0.1388
60,1475,1535,0.1388
58,1469,1527,0.1388
56,1453,1509,0.1388
57,1453,1510,0.1388
59,1447,1506,0.1388
60,1447,1507,0.1388
58,1447,1505,0.1388
58,1458,1516,0.1388
60,1467,1527,0.1388
60,1456,1516,0.1388
60,1467,1527,0.1388
63,1460,1523,0.1388
62,1467,1529,0.1388
64,1453,1517,0.1388
62,1457,1519,0.1388
62,1456,1518,0.1388
63,1452,1515,0.1388
62,1460,1522,0.1388
63,1448,1511,0.1388
60,1449,1509,0.1388
59,1446,1505,0.1388
59,1454,1513,0.1388
57,1462,1519,0.1388
59,1461,1520,0.1388
57,1454,1511,0.1388
54,1460,1514,0.1388
55,1460,1515,0.1388
54,1459,1513,0.1388
54,1468,1522,0.1388
56,1462,1518,0.1388
57,1460,1517,0.1388
54,1472,1526,0.1388
54,1466,1520,0.1388
50,1464,1514,0.1388
51,1465,1516,0.1388
51,1463,1514,0.1388
51,1451,1502,0.1388
52,1455,1507,0.1388
51,1465,1516,0.1388
53,1468,1521,0.1388
53,1473,1526,0.1388
51,1465,1516,0.1388
50,1452,1502,0.1388
51,1468,1519,0.1388
49,1472,1521,0.1388
48,1471,1519,0.1388
49,1466,1515,0.1388
51,1464,1515,0.1388
52,1457,1509,0.1388
56,1464,1520,0.1388
55,1478,1533,0.1388
53,1461,1514,0.1388
53,1458,1511,0.1388
54,1465,1519,0.1388
55,1477,1532,0.1388
53,1478,1531,0.1388
52,1463,1515,0.1388
50,1462,1512,0.1388
50,1462,1512,0.1388
45,1465,1510,0.1388
49,1470,1519,0.1388
49,1472,1521,0.1388
52,1455,1507,0.1388
53,1470,1523,0.1388
54,1471,1525,0.1388
53,1470,1523,0.1388
53,1460,1513,0.1388
52,1455,1507,0.1388
55,1446,1501,0.1388
54,1462,1516,0.1388
55,1460,1515,0.1388
55,1460,1515,0.1388
53,1452,1505,0.1388
55,1437,1492,0.1388
52,1445,1497,0.1388
56,1459,1515,0.1388
56,1450,1506,0.1388
55,1458,1513,0.1388
55,1460,1515,0.1388
53,1455,1508,0.1388
52,1444,1496,0.1388
49,1454,1503,0.1388
51,1451,1502,0.1388
51,1455,1506,0.1388
52,1454,1506,0.1388
53,1470,1523,0.1388
53,1472,1525,0.1388
52,1473,1525,0.1388
54,1470,1524,0.1388
53,1477,1530,0.1388
53,1472,1525,0.1388
54,1473,1527,0.1388
53,1471,1524,0.1388
53,1467,1520,0.1388
56,1458,1514,0.1388
54,1464,1518,0.1388
54,1458,1512,0.1388
56,1473,1529,0.1388
54,1473,1527,0.1388
55,1471,1526,0.1388
53,1467,1520,0.1388
53,1469,1522,0.1388
53,1449,1502,0.1388
52,1459,1511,0.1388
55,1453,1508,0.1388
55,1444,1499,0.1388
56,1440,1496,0.1388
56,1460,1516,0.1388
56,1451,1507,0.1388
55,1460,1515,0.1388
56,1452,1508,0.1388
55,1460,1515,0.1388
56,1463,1519,0.1388
56,1462,1518,0.1388
55,1456,1511,0.1388
54,1452,1506,0.1388
56,1453,1509,0.1388
58,1448,1506,0.1388
56,1462,1518,0.1388
54,1470,1524,0.1388
54,1466,1520,0.1388
54,1465,1519,0.1388
55,1460,1515,0.1388
55,1457,1512,0.1388
55,1454,1509,0.1388
54,1455,1509,0.1388
56,1463,1519,0.1388
56,1461,1517,0.1388
56,1463,1519,0.1388
55,1469,1524,0.1388
55,1476,1531,0.1388
53,1461,1514,0.1388
53,1468,1521,0.1388
53,1455,1508,0.1388
53,1447,1500,0.1388
51,1449,1500,0.1388
52,1451,1503,0.1388
51,1447,1498,0.1388
51,1473,1524,0.1388
52,1475,1527,0.1388
53,1475,1528,0.1388
50,1472,1522,0.1388
49,1467,1516,0.1388
49,1475,1524,0.1388
50,1482,1532,0.1388
48,1477,1525,0.1388
49,1454,1503,0.1388
48,1466,1514,0.1388
42,1457,1499,0.1388
43,1466,1509,0.1388
45,1479,1524,0.1388
47,1466,1513,0.1388
45,1471,1516,0.1388
46,1475,1521,0.1388
41,1466,1507,0.1388
41,1473,1514,0.1388
41,1479,1520,0.1388
41,1481,1522,0.1388
43,1474,1517,0.1388
44,1459,1503,0.1388
44,1467,1511,0.1388
44,1464,1508,0.1388
45,1473,1518,0.1388
42,1464,1506,0.1388
40,1473,1513,0.1388
40,1465,1505,0.1388
40,1466,1506,0.1388
41,1478,1519,0.1388
42,1478,1520,0.1388
38,1485,1523,0.1388
40,1477,1517,0.1388
42,1484,1526,0.1388
41,1481,1522,0.1388
41,1472,1513,0.1388
41,1480,1521,0.1388
41,1464,1505,0.1388
42,1473,1515,0.1388
42,1487,1529,0.1388
42,1480,1522,0.1388
43,1485,1528,0.1388
42,1477,1519,0.1388
43,1467,1510,0.1388
44,1474,1518,0.1388
43,1469,1512,0.1388
43,1469,1512,0.1388
43,1474,1517,0.1388
41,1475,1516,0.1388
43,1484,1527,0.1388
44,1484,1528,0.1388
45,1474,1519,0.1388
44,1472,1516,0.1388
44,1483,1527,0.1388
44,1482,1526,0.1388
43,1491,1534,0.1388
39,1475,1514,0.1388
40,1478,1518,0.1388
41,1478,1519,0.1388
40,1484,1524,0.1388
41,1481,1522,0.1388
41,1475,1516,0.1388
41,1481,1522,0.1388
41,1469,1510,0.1388
40,1466,1506,0.1388
42,1482,1524,0.1388
40,1471,1511,0.1388
38,1461,1499,0.1388
39,1474,1513,0.1388
40,1475,1515,0.1388
41,1477,1518,0.1388
41,1485,1526,0.1388
41,1499,1540,0.1388
40,1497,1537,0.1388
36,1478,1514,0.1388
37,1478,1515,0.1388
39,1485,1524,0.1388
38,1472,1510,0.1388
38,1467,1505,0.1388
38,1465,1503,0.1388
38,1471,1509,0.1388
40,1486,1526,0.1388
43,1478,1521,0.1388
41,1482,1523,0.1388
41,1473,1514,0.1388
41,1483,1524,0.1388
40,1484,1524,0.1388
38,1474,1512,0.1388
38,1471,1509,0.1388
36,1474,1510,0.1388
36,1481,1517,0.1388
35,1486,1521,0.1388
33,1494,1527,0.1388
34,1485,1519,0.1388
34,1482,1516,0.1388
37,1487,1524,0.1388
37,1481,1518,0.1388
38,1475,1513,0.1388
39,1477,1516,0.1388
38,1477,1515,0.1388
36,1479,1515,0.1388
36,1481,1517,0.1388
35,1482,1517,0.1388
35,1495,1530,0.1388
37,1494,1531,0.1388
38,1484,1522,0.1388
37,1497,1534,0.1388
37,1488,1525,0.1388
40,1488,1528,0.1388
40,1482,1522,0.1388
40,1484,1524,0.1388
38,1489,1527,0.1388
41,1483,1524,0.1388
39,1482,1521,0.1388
38,1480,1518,0.1388
38,1474,1512,0.1388
39,1459,1498,0.1388
39,1459,1498,0.1388
41,1472,1513,0.1388
41,1486,1527,0.1388
43,1485,1528,0.1388
42,1480,1522,0.1388
42,1473,1515,0.1388
42,1480,1522,0.1388
42,1469,1511,0.1388
42,1476,1518,0.1388
42,1483,1525,0.1388
43,1469,1512,0.1388
43,1479,1522,0.1388
45,1484,1529,0.1388
43,1489,1532,0.1388
42,1489,1531,0.1388
40,1476,1516,0.1388
42,1477,1519,0.1388
42,1484,1526,0.1388
41,1477,1518,0.1388
41,1487,1528,0.1388
40,1479,1519,0.1388
42,1457,1499,0.1388
41,1467,1508,0.1388
41,1462,1503,0.1388
42,1464,1506,0.1388
43,1466,1509,0.1388
42,1455,1497,0.1388
42,1463,1505,0.1388
40,1465,1505,0.1388
41,1477,1518,0.1388
38,1492,1530,0.1388
38,1485,1523,0.1388
38,1481,1519,0.1388
37,1472,1509,0.1388
41,1467,1508,0.1388
42,1470,1512,0.1388
44,1470,1514,0.1388
43,1464,1507,0.1388
42,1463,1505,0.1388
42,1468,1510,0.1388
41,1474,1515,0.1388
41,1482,1523,0.1388
38,1479,1517,0.1388
35,1481,1516,0.1388
36,1482,1518,0.1388
34,1477,1511,0.1388
32,1480,1512,0.1388
33,1491,1524,0.1388
33,1488,1521,0.1388
34,1486,1520,0.1388
33,1489,1522,0.1388
31,1489,1520,0.1388
33,1483,1516,0.1388
33,1486,1519,0.1388
32,1480,1512,0.1388
32,1487,1519,0.1388
31,1490,1521,0.1388
30,1492,1522,0.1388
32,1477,1509,0.1388
32,1475,1507,0.1388
32,1481,1513,0.1388
32,1487,1519,0.1388
32,1480,1512,0.1388
31,1487,1518,0.1388
34,1494,1528,0.1388
34,1483,1517,0.1388
36,1486,1522,0.1388
37,1485,1522,0.1388
36,1477,1513,0.1388
36,1478,1514,0.1388
36,1487,1523,0.1388
36,1478,1514,0.1388
34,1477,1511,0.1388
33,1479,1512,0.1388
35,1485,1520,0.1388
34,1484,1518,0.1388
34,1490,1524,0.1388
33,1496,1529,0.1388
34,1488,1522,0.1388
34,1493,1527,0.1388
31,1492,1523,0.1388
32,1481,1513,0.1388
35,1471,1506,0.1388
36,1462,1498,0.1388
36,1476,1512,0.1388
35,1472,1507,0.1388
35,1486,1521,0.1388
35,1478,1513,0.1388
34,1478,1512,0.1388
35,1489,1524,0.1388
35,1477,1512,0.1388
36,1474,1510,0.1388
35,1477,1512,0.1388
35,1476,1511,0.1388
35,1468,1503,0.1388
31,1479,1510,0.1388
31,1472,1503,0.1388
33,1486,1519,0.1388
32,1487,1519,0.1388
32,1479,1511,0.1388
33,1489,1522,0.1388
35,1488,1523,0.1388
34,1479,1513,0.1388
35,1470,1505,0.1388
33,1471,1504,0.1388
33,1480,1513,0.1388
32,1467,1499,0.1388
34,1476,1510,0.1388
35,1488,1523,0.1388
35,1482,1517,0.1388
34,1483,1517,0.1388
33,1495,1528,0.1388
32,1498,1530,0.1388
31,1478,1509,0.1388
32,1475,1507,0.1388
30,1476,1506,0.1388
30,1475,1505,0.1388
31,1484,1515,0.1388
32,1479,1511,0.1388
29,1479,1508,0.1388
29,1481,1510,0.1388
28,1488,1516,0.1388
29,1471,1500,0.1388
27,1489,1516,0.1388
28,1487,1515,0.1388
29,1494,1523,0.1388
28,1496,1524,0.1388
27,1495,1522,0.1388
26,1492,1518,0.1388
27,1493,1520,0.1388
27,1492,1519,0.1388
28,1494,1522,0.1388
28,1491,1519,0.1388
27,1488,1515,0.1388
27,1491,1518,0.1388
27,1504,1531,0.1388
24,1497,1521,0.1388
27,1491,1518,0.1388
27,1505,1532,0.1388
26,1501,1527,0.1388
27,1507,1534,0.1388
27,1509,1536,0.1388
28,1501,1529,0.1388
28,1496,1524,0.1388
28,1494,1522,0.1388
29,1481,1510,0.1388
29,1485,1514,0.1388
27,1492,1519,0.1388
26,1497,1523,0.1388
25,1494,1519,0.1388
27,1495,1522,0.1388
26,1495,1521,0.1388
26,1498,1524,0.1388
26,1494,1520,0.1388
26,1481,1507,0.1388
27,1482,1509,0.1388
27,1485,1512,0.1388
27,1490,1517,0.1388
27,1505,1532,0.1388
25,1492,1517,0.1388
25,1488,1513,0.1388
24,1493,1517,0.1388
26,1493,1519,0.1388
25,1490,1515,0.1388
26,1478,1504,0.1388
26,1481,1507,0.1388
24,1493,1517,0.1388
24,1489,1513,0.1388
22,1483,1505,0.1388
24,1481,1505,0.1388
24,1487,1511,0.1388
24,1494,1518,0.1388
24,1492,1516,0.1388
23,1489,1512,0.1388
25,1490,1515,0.1388
25,1484,1509,0.1388
26,1482,1508,0.1388
26,1476,1502,0.1388
24,1485,1509,0.1388
23,1486,1509,0.1388
23,1495,1518,0.1388
23,1498,1521,0.1388
22,1496,1518,0.1388
19,1490,1509,0.1388
19,1482,1501,0.1388
20,1498,1518,0.1388
21,1503,1524,0.1388
21,1495,1516,0.1388
20,1504,1524,0.1388
22,1513,1535,0.1388
22,1506,1528,0.1388
21,1498,1519,0.1388
21,1502,1523,0.1388
22,1484,1506,0.1388
22,1489,1511,0.1388
22,1490,1512,0.1388
22,1486,1508,0.1388
22,1495,1517,0.1388
22,1500,1522,0.1388
22,1496,1518,0.1388
22,1495,1517,0.1388
21,1497,1518,0.1388
22,1498,1520,0.1388
20,1503,1523,0.1388
20,1496,1516,0.1388
20,1511,1531,0.1388
22,1512,1534,0.1388
22,1497,1519,0.1388
22,1491,1513,0.1388
21,1499,1520,0.1388
21,1484,1505,0.1388
22,1490,1512,0.1388
22,1495,1517,0.1388
22,1496,1518,0.1388
22,1490,1512,0.1388
23,1492,1515,0.1388
23,1504,1527,0.1388
22,1510,1532,0.1388
23,1496,1519,0.1388
23,1495,1518,0.1388
24,1492,1516,0.1388
22,1492,1514,0.1388
22,1480,1502,0.1388
23,1494,1517,0.1388
23,1480,1503,0.1388
23,1483,1506,0.1388
22,1486,1508,0.1388
21,1490,1511,0.1388
22,1485,1507,0.1388
22,1477,1499,0.1388
21,1485,1506,0.1388
21,1492,1513,0.1388
20,1504,1524,0.1388
19,1505,1524,0.1388
19,1502,1521,0.1388
20,1507,1527,0.1388
21,1493,1514,0.1388
20,1485,1505,0.1388
20,1494,1514,0.1388
21,1493,1514,0.1388
22,1498,1520,0.1388
22,1505,1527,0.1388
21,1504,1525,0.1388
21,1500,1521,0.1388
21,1509,1530,0.1388
22,1514,1536,0.1388
22,1486,1508,0.1388
22,1480,1502,0.1388
22,1481,1503,0.1388
22,1491,1513,0.1388
21,1484,1505,0.1388
21,1493,1514,0.1388
20,1483,1503,0.1388
22,1478,1500,0.1388
21,1490,1511,0.1388
21,1489,1510,0.1388
23,1492,1515,0.1388
23,1502,1525,0.1388
23,1500,1523,0.1388
22,1492,1514,0.1388
22,1486,1508,0.1388
21,1480,1501,0.1388
22,1481,1503,0.1388
22,1481,1503,0.1388
21,1473,1494,0.1388
19,1487,1506,0.1388
21,1499,1520,0.1388
20,1492,1512,0.1388
21,1488,1509,0.1388
21,1480,1501,0.1388
20,1500,1520,0.1388
20,1485,1505,0.1388
22,1489,1511,0.1388
22,1490,1512,0.1388
21,1484,1505,0.1388
19,1490,1509,0.1388
19,1502,1521,0.1388
19,1487,1506,0.1388
18,1488,1506,0.1388
19,1504,1523,0.1388
19,1511,1530,0.1388
19,1503,1522,0.1388
19,1492,1511,0.1388
19,1496,1515,0.1388
20,1503,1523,0.1388
20,1490,1510,0.1388
20,1479,1499,0.1388
19,1475,1494,0.1388
20,1492,1512,0.1388
20,1481,1501,0.1388
19,1477,1496,0.1388
22,1474,1496,0.1388
21,1480,1501,0.1388
23,1478,1501,0.1388
23,1497,1520,0.1388
23,1481,1504,0.1388
23,1487,1510,0.1388
22,1487,1509,0.1388
22,1493,1515,0.1388
23,1502,1525,0.1388
24,1505,1529,0.1388
21,1493,1514,0.1388
21,1490,1511,0.1388
23,1478,1501,0.1388
25,1469,1494,0.1388
24,1483,1507,0.1388
24,1486,1510,0.1388
25,1494,1519,0.1388
24,1498,1522,0.1388
24,1501,1525,0.1388
22,1489,1511,0.1388
22,1487,1509,0.1388
22,1485,1507,0.1388
21,1492,1513,0.1388
21,1487,1508,0.1388
20,1497,1517,0.1388
19,1481,1500,0.1388
19,1490,1509,0.1388
19,1503,1522,0.1388
18,1508,1526,0.1388
18,1502,1520,0.1388
17,1498,1515,0.1388
16,1500,1516,0.1388
16,1505,1521,0.1388
15,1511,1526,0.1388
15,1504,1519,0.1388
15,1500,1515,0.1388
16,1499,1515,0.1388
15,1508,1523,0.1388
15,1501,1516,0.1388
17,1510,1527,0.1388
16,1512,1528,0.1388
18,1486,1504,0.1388
18,1500,1518,0.1388
18,1503,1521,0.1388
16,1499,1515,0.1388
16,1494,1510,0.1388
17,1494,1511,0.1388
17,1496,1513,0.1388
17,1499,1516,0.1388
16,1494,1510,0.1388
16,1485,1501,0.1388
17,1494,1511,0.1388
16,1502,1518,0.1388
16,1502,1518,0.1388
18,1491,1509,0.1388
20,1500,1520,0.1388
21,1503,1524,0.1388
20,1511,1531,0.1388
20,1503,1523,0.1388
18,1500,1518,0.1388
17,1497,1514,0.1388
17,1501,1518,0.1388
17,1507,1524,0.1388
17,1510,1527,0.1388
17,1497,1514,0.1388
18,1501,1519,0.1388
19,1499,1518,0.1388
19,1495,1514,0.1388
19,1491,1510,0.1388
20,1493,1513,0.1388
21,1504,1525,0.1388
21,1487,1508,0.1388
22,1499,1521,0.1388
22,1494,1516,0.1388
22,1486,1508,0.1388
22,1488,1510,0.1388
23,1495,1518,0.1388
21,1503,1524,0.1388
23,1495,1518,0.1388
23,1488,1511,0.1388
23,1493,1516,0.1388
24,1497,1521,0.1388
25,1492,1517,0.1388
26,1487,1513,0.1388
25,1479,1504,0.1388
26,1488,1514,0.1388
26,1480,1506,0.1388
26,1490,1516,0.1388
28,1484,1512,0.1388
27,1491,1518,0.1388
27,1495,1522,0.1388
27,1486,1513,0.1388
26,1479,1505,0.1388
25,1493,1518,0.1388
25,1486,1511,0.1388
26,1475,1501,0.1388
26,1478,1504,0.1388
27,1491,1518,0.1388
28,1502,1530,0.1388
28,1498,1526,0.1388
28,1480,1508,0.1388
27,1492,1519,0.1388
28,1486,1514,0.1388
29,1489,1518,0.1388
27,1495,1522,0.1388
26,1490,1516,0.1388
26,1477,1503,0.1388
25,1485,1510,0.1388
25,1487,1512,0.1388
26,1498,1524,0.1388
25,1502,1527,0.1388
25,1482,1507,0.1388
24,1498,1522,0.1388
25,1501,1526,0.1388
26,1508,1534,0.1388
27,1509,1536,0.1388
27,1500,1527,0.1388
27,1504,1531,0.1388
27,1500,1527,0.1388
26,1500,1526,0.1388
25,1491,1516,0.1388
24,1485,1509,0.1388
24,1494,1518,0.1388
24,1494,1518,0.1388
24,1502,1526,0.1388
22,1500,1522,0.1388
22,1512,1534,0.1388
19,1501,1520,0.1388
18,1482,1500,0.1388
19,1495,1514,0.1388
20,1497,1517,0.1388
20,1496,1516,0.1388
18,1490,1508,0.1388
18,1496,1514,0.1388
18,1486,1504,0.1388
19,1487,1506,0.1388
21,1501,1522,0.1388
21,1505,1526,0.1388
20,1509,1529,0.1388
20,1507,1527,0.1388
19,1492,1511,0.1388
18,1481,1499,0.1388
17,1480,1497,0.1388
18,1493,1511,0.1388
18,1498,1516,0.1388
17,1498,1515,0.1388
17,1497,1514,0.1388
18,1506,1524,0.1388
18,1519,1537,0.1388
18,1519,1537,0.1388
18,1518,1536,0.1388
18,1499,1517,0.1388
18,1506,1524,0.1388
18,1494,1512,0.1388
17,1509,1526,0.1388
18,1508,1526,0.1388
18,1503,1521,0.1388
18,1496,1514,0.1388
21,1493,1514,0.1388
22,1488,1510,0.1388
20,1485,1505,0.1388
22,1491,1513,0.1388
22,1502,1524,0.1388
23,1499,1522,0.1388
24,1494,1518,0.1388
25,1509,1534,0.1388
24,1506,1530,0.1388
25,1498,1523,0.1388
24,1502,1526,0.1388
23,1502,1525,0.1388
22,1506,1528,0.1388
23,1505,1528,0.1388
22,1500,1522,0.1388
21,1498,1519,0.1388
22,1495,1517,0.1388
22,1490,1512,0.1388
22,1487,1509,0.1388
22,1475,1497,0.1388
22,1475,1497,0.1388
23,1478,1501,0.1388
23,1493,1516,0.1388
23,1493,1516,0.1388
23,1489,1512,0.1388
22,1481,1503,0.1388
22,1484,1506,0.1388
23,1488,1511,0.1388
22,1495,1517,0.1388
22,1491,1513,0.1388
21,1495,1516,0.1388
21,1496,1517,0.1388
21,1500,1521,0.1388
21,1496,1517,0.1388
20,1496,1516,0.1388
20,1494,1514,0.1388
19,1505,1524,0.1388
20,1505,1525,0.1388
20,1507,1527,0.1388
20,1505,1525,0.1388
20,1496,1516,0.1388
20,1487,1507,0.1388
21,1504,1525,0.1388
21,1499,1520,0.1388
22,1508,1530,0.1388
21,1509,1530,0.1388
19,1514,1533,0.1388
20,1503,1523,0.1388
20,1504,1524,0.1388
20,1511,1531,0.1388
21,1509,1530,0.1388
20,1510,1530,0.1388
20,1506,1526,0.1388
20,1496,1516,0.1388
20,1498,1518,0.1388
20,1492,1512,0.1388
21,1489,1510,0.1388
21,1494,1515,0.1388
21,1497,1518,0.1388
21,1488,1509,0.1388
20,1484,1504,0.1388
20,1486,1506,0.1388
20,1486,1506,0.1388
20,1488,1508,0.1388
21,1499,1520,0.1388
21,1492,1513,0.1388
21,1492,1513,0.1388
21,1490,1511,0.1388
22,1501,1523,0.1388
22,1510,1532,0.1388
22,1504,1526,0.1388
22,1506,1528,0.1388
24,1496,1520,0.1388
25,1491,1516,0.1388
25,1487,1512,0.1388
26,1499,1525,0.1388
26,1492,1518,0.1388
25,1489,1514,0.1388
25,1489,1514,0.1388
24,1486,1510,0.1388
24,1491,1515,0.1388
24,1502,1526,0.1388
25,1506,1531,0.1388
25,1499,1524,0.1388
23,1496,1519,0.1388
23,1490,1513,0.1388
22,1490,1512,0.1388
23,1486,1509,0.1388
23,1487,1510,0.1388
23,1495,1518,0.1388
23,1499,1522,0.1388
21,1482,1503,0.1388
22,1476,1498,0.1388
22,1478,1500,0.1388
22,1488,1510,0.1388
20,1499,1519,0.1388
19,1498,1517,0.1388
20,1490,1510,0.1388
20,1489,1509,0.1388
19,1482,1501,0.1388
18,1484,1502,0.1388
19,1491,1510,0.1388
21,1502,1523,0.1388
20,1493,1513,0.1388
21,1496,1517,0.1388
21,1493,1514,0.1388
22,1496,1518,0.1388
22,1491,1513,0.1388
23,1486,1509,0.1388
23,1484,1507,0.1388
23,1493,1516,0.1388
22,1494,1516,0.1388
24,1496,1520,0.1388
24,1496,1520,0.1388
26,1487,1513,0.1388
26,1489,1515,0.1388
27,1494,1521,0.1388
26,1514,1540,0.1388
26,1515,1541,0.1388
25,1490,1515,0.1388
24,1491,1515,0.1388
25,1492,1517,0.1388
25,1496,1521,0.1388
25,1491,1516,0.1388
25,1499,1524,0.1388
23,1489,1512,0.1388
25,1492,1517,0.1388
24,1486,1510,0.1388
23,1493,1516,0.1388
22,1499,1521,0.1388
22,1498,1520,0.1388
22,1483,1505,0.1388
22,1493,1515,0.1388
24,1500,1524,0.1388
24,1508,1532,0.1388
25,1509,1534,0.1388
26,1494,1520,0.1388
26,1485,1511,0.1388
27,1484,1511,0.1388
28,1497,1525,0.1388
28,1486,1514,0.1388
28,1490,1518,0.1388
27,1498,1525,0.1388
26,1500,1526,0.1388
25,1508,1533,0.1388
26,1498,1524,0.1388
25,1501,1526,0.1388
26,1500,1526,0.1388
26,1490,1516,0.1388
25,1492,1517,0.1388
25,1493,1518,0.1388
23,1489,1512,0.1388
21,1481,1502,0.1388
22,1479,1501,0.1388
22,1490,1512,0.1388
22,1500,1522,0.1388
22,1502,1524,0.1388
22,1496,1518,0.1388
21,1492,1513,0.1388
21,1492,1513,0.1388
21,1487,1508,0.1388
23,1490,1513,0.1388
22,1494,1516,0.1388
22,1509,1531,0.1388
21,1493,1514,0.1388
21,1497,1518,0.1388
20,1477,1497,0.1388
22,1484,1506,0.1388
21,1491,1512,0.1388
21,1482,1503,0.1388
20,1482,1502,0.1388
20,1493,1513,0.1388
20,1487,1507,0.1388
19,1482,1501,0.1388
20,1482,1502,0.1388
20,1482,1502,0.1388
19,1491,1510,0.1388
19,1481,1500,0.1388
19,1485,1504,0.1388
20,1506,1526,0.1388
18,1496,1514,0.1388
19,1490,1509,0.1388
19,1502,1521,0.1388
20,1506,1526,0.1388
20,1503,1523,0.1388
21,1494,1515,0.1388
21,1484,1505,0.1388
21,1496,1517,0.1388
21,1491,1512,0.1388
20,1483,1503,0.1388
19,1485,1504,0.1388
17,1495,1512,0.1388
17,1499,1516,0.1388
16,1493,1509,0.1388
15,1506,1521,0.1388
16,1517,1533,0.1388
17,1523,1540,0.1388
17,1508,1525,0.1388
17,1508,1525,0.1388
17,1500,1517,0.1388
18,1506,1524,0.1388
18,1510,1528,0.1388
18,1505,1523,0.1388
18,1504,1522,0.1388
18,1496,1514,0.1388
16,1483,1499,0.1388
16,1491,1507,0.1388
15,1493,1508,0.1388
16,1489,1505,0.1388
16,1503,1519,0.1388
16,1519,1535,0.1388
16,1512,1528,0.1388
16,1511,1527,0.1388
16,1505,1521,0.1388
16,1484,1500,0.1388
17,1485,1502,0.1388
19,1486,1505,0.1388
18,1501,1519,0.1388
17,1496,1513,0.1388
17,1501,1518,0.1388
16,1491,1507,0.1388
17,1495,1512,0.1388
16,1486,1502,0.1388
16,1487,1503,0.1388
16,1489,1505,0.1388
17,1487,1504,0.1388
17,1495,1512,0.1388
16,1508,1524,0.1388
16,1505,1521,0.1388
16,1521,1537,0.1388
16,1507,1523,0.1388
17,1505,1522,0.1388
17,1504,1521,0.1388
16,1503,1519,0.1388
16,1490,1506,0.1388
16,1485,1501,0.1388
20,1486,1506,0.1388
19,1499,1518,0.1388
19,1496,1515,0.1388
19,1497,1516,0.1388
18,1493,1511,0.1388
15,1495,1510,0.1388
17,1499,1516,0.1388
18,1487,1505,0.1388
17,1490,1507,0.1388
18,1496,1514,0.1388
17,1495,1512,0.1388
16,1499,1515,0.1388
18,1499,1517,0.1388
16,1503,1519,0.1388
16,1495,1511,0.1388
16,1502,1518,0.1388
16,1491,1507,0.1388
19,1483,1502,0.1388
19,1488,1507,0.1388
20,1492,1512,0.1388
19,1493,1512,0.1388
19,1506,1525,0.1388
20,1500,1520,0.1388
20,1498,1518,0.1388
20,1504,1524,0.1388
20,1503,1523,0.1388
20,1488,1508,0.1388
20,1498,1518,0.1388
20,1503,1523,0.1388
20,1501,1521,0.1388
20,1504,1524,0.1388
21,1500,1521,0.1388
21,1500,1521,0.1388
21,1506,1527,0.1388
21,1508,1529,0.1388
21,1514,1535,0.1388
21,1516,1537,0.1388
18,1508,1526,0.1388
17,1505,1522,0.1388
18,1507,1525,0.1388
19,1508,1527,0.1388
20,1500,1520,0.1388
18,1499,1517,0.1388
19,1494,1513,0.1388
19,1501,1520,0.1388
19,1488,1507,0.1388
20,1484,1504,0.1388
20,1481,1501,0.1388
20,1488,1508,0.1388
20,1491,1511,0.1388
20,1490,1510,0.1388
19,1478,1497,0.1388
20,1481,1501,0.1388
19,1474,1493,0.1388
18,1474,1492,0.1388
18,1490,1508,0.1388
16,1493,1509,0.1388
16,1500,1516,0.1388
14,1479,1493,0.1388
14,1487,1501,0.1388
14,1498,1512,0.1388
14,1500,1514,0.1388
15,1501,1516,0.1388
13,1496,1509,0.1388
12,1490,1502,0.1388
12,1492,1504,0.1388
12,1495,1507,0.1388
12,1494,1506,0.1388
13,1496,1509,0.1388
13,1506,1519,0.1388
13,1504,1517,0.1388
13,1499,1512,0.1388
13,1508,1521,0.1388
13,1498,1511,0.1388
13,1492,1505,0.1388
14,1499,1513,0.1388
14,1493,1507,0.1388
15,1496,1511,0.1388
15,1493,1508,0.1388
14,1479,1493,0.1388
15,1489,1504,0.1388
15,1491,1506,0.1388
15,1498,1513,0.1388
14,1502,1516,0.1388
16,1509,1525,0.1388
16,1494,1510,0.1388
15,1496,1511,0.1388
13,1501,1514,0.1388
13,1508,1521,0.1388
13,1506,1519,0.1388
12,1509,1521,0.1388
12,1509,1521,0.1388
11,1510,1521,0.1388
11,1515,1526,0.1388
11,1520,1531,0.1388
10,1505,1515,0.1388
11,1508,1519,0.1388
13,1493,1506,0.1388
11,1496,1507,0.1388
12,1490,1502,0.1388
12,1495,1507,0.1388
12,1503,1515,0.1388
13,1502,1515,0.1388
13,1496,1509,0.1388
14,1499,1513,0.1388
14,1501,1515,0.1388
14,1504,1518,0.1388
14,1513,1527,0.1388
13,1519,1532,0.1388
13,1510,1523,0.1388
13,1513,1526,0.1388
14,1505,1519,0.1388
14,1513,1527,0.1388
14,1500,1514,0.1388
14,1503,1517,0.1388
12,1503,1515,0.1388
13,1493,1506,0.1388
12,1491,1503,0.1388
12,1491,1503,0.1388
14,1486,1500,0.1388
14,1487,1501,0.1388
14,1491,1505,0.1388
14,1488,1502,0.1388
14,1489,1503,0.1388
15,1501,1516,0.1388
16,1491,1507,0.1388
17,1480,1497,0.1388
17,1481,1498,0.1388
20,1494,1514,0.1388
20,1503,1523,0.1388
20,1514,1534,0.1388
20,1509,1529,0.1388
19,1506,1525,0.1388
18,1508,1526,0.1388
18,1511,1529,0.1388
17,1505,1522,0.1388
16,1505,1521,0.1388
15,1493,1508,0.1388
18,1487,1505,0.1388
18,1480,1498,0.1388
17,1488,1505,0.1388
16,1502,1518,0.1388
16,1498,1514,0.1388
17,1489,1506,0.1388
18,1491,1509,0.1388
17,1504,1521,0.1388
16,1507,1523,0.1388
15,1505,1520,0.1388
15,1496,1511,0.1388
15,1491,1506,0.1388
14,1497,1511,0.1388
14,1505,1519,0.1388
14,1488,1502,0.1388
14,1488,1502,0.1388
14,1494,1508,0.1388
14,1499,1513,0.1388
14,1506,1520,0.1388
13,1515,1528,0.1388
13,1515,1528,0.1388
13,1509,1522,0.1388
11,1494,1505,0.1388
10,1505,1515,0.1388
11,1500,1511,0.1388
10,1505,1515,0.1388
11,1507,1518,0.1388
12,1505,1517,0.1388
12,1501,1513,0.1388
11,1504,1515,0.1388
11,1508,1519,0.1388
11,1500,1511,0.1388
11,1505,1516,0.1388
11,1505,1516,0.1388
11,1507,1518,0.1388
11,1504,1515,0.1388
10,1516,1526,0.1388
9,1515,1524,0.1388
8,1512,1520,0.1388
8,1513,1521,0.1388
8,1507,1515,0.1388
8,1494,1502,0.1388
8,1504,1512,0.1388
8,1500,1508,0.1388
8,1512,1520,0.1388
8,1511,1519,0.1388
8,1508,1516,0.1388
8,1513,1521,0.1388
8,1503,1511,0.1388
8,1505,1513,0.1388
8,1511,1519,0.1388
8,1497,1505,0.1388
7,1508,1515,0.1388
7,1508,1515,0.1388
7,1504,1511,0.1388
7,1501,1508,0.1388
6,1509,1515,0.1388
5,1511,1516,0.1388
4,1515,1519,0.1388
3,1509,1512,0.1388
3,1507,1510,0.1388
3,1502,1505,0.1388
3,1509,1512,0.1388
4,1507,1511,0.1388
4,1520,1524,0.1388
4,1519,1523,0.1388
4,1527,1531,0.1388
4,1524,1528,0.1388
4,1525,1529,0.1388
4,1520,1524,0.1388
4,1506,1510,0.1388
4,1509,1513,0.1388
4,1513,1517,0.1388
3,1513,1516,0.1388
3,1502,1505,0.1388
3,1509,1512,0.1388
3,1514,1517,0.1388
3,1518,1521,0.1388
3,1525,1528,0.1388
3,1520,1523,0.1388
4,1522,1526,0.1388
4,1512,1516,0.1388
4,1518,1522,0.1388
4,1519,1523,0.1388
4,1516,1520,0.1388
4,1506,1510,0.1388
4,1521,1525,0.1388
4,1526,1530,0.1388
4,1519,1523,0.1388
5,1514,1519,0.1388
5,1527,1532,0.1388
5,1515,1520,0.1388
6,1521,1527,0.1388
7,1520,1527,0.1388
7,1516,1523,0.1388
7,1529,1536,0.1388
7,1511,1518,0.1388
7,1519,1526,0.1388
7,1522,1529,0.1388
7,1512,1519,0.1388
7,1512,1519,0.1388
7,1516,1523,0.1388
7,1507,1514,0.1388
8,1514,1522,0.1388
7,1512,1519,0.1388
7,1517,1524,0.1388
7,1514,1521,0.1388
7,1508,1515,0.1388
7,1512,1519,0.1388
7,1506,1513,0.1388
8,1520,1528,0.1388
8,1511,1519,0.1388
8,1503,1511,0.1388
7,1505,1512,0.1388
7,1501,1508,0.1388
7,1512,1519,0.1388
7,1517,1524,0.1388
7,1520,1527,0.1388
7,1525,1532,0.1388
7,1522,1529,0.1388
7,1519,1526,0.1388
7,1521,1528,0.1388
6,1511,1517,0.1388
5,1505,1510,0.1388
5,1508,1513,0.1388
5,1522,1527,0.1388
5,1509,1514,0.1388
5,1505,1510,0.1388
5,1510,1515,0.1388
4,1503,1507,0.1388
4,1511,1515,0.1388
5,1524,1529,0.1388
5,1498,1503,0.1388
5,1506,1511,0.1388
5,1507,1512,0.1388
5,1512,1517,0.1388
5,1513,1518,0.1388
5,1511,1516,0.1388
6,1510,1516,0.1388
5,1510,1515,0.1388
5,1513,1518,0.1388
5,1522,1527,0.1388
4,1518,1522,0.1388
4,1519,1523,0.1388
4,1516,1520,0.1388
4,1511,1515,0.1388
5,1511,1516,0.1388
5,1519,1524,0.1388
6,1519,1525,0.1388
6,1508,1514,0.1388
6,1510,1516,0.1388
6,1509,1515,0.1388
6,1521,1527,0.1388
6,1520,1526,0.1388
5,1520,1525,0.1388
6,1510,1516,0.1388
6,1513,1519,0.1388
6,1519,1525,0.1388
5,1503,1508,0.1388
5,1499,1504,0.1388
6,1499,1505,0.1388
6,1509,1515,0.1388
6,1509,1515,0.1388
6,1514,1520,0.1388
6,1510,1516,0.1388
6,1503,1509,0.1388
3,1505,1508,0.1388
3,1514,1517,0.1388
3,1515,1518,0.1388
3,1522,1525,0.1388
3,1522,1525,0.1388
3,1517,1520,0.1388
3,1518,1521,0.1388
3,1505,1508,0.1388
3,1513,1516,0.1388
3,1504,1507,0.1388
3,1506,1509,0.1388
3,1512,1515,0.1388
3,1500,1503,0.1388
3,1505,1508,0.1388
3,1500,1503,0.1388
3,1508,1511,0.1388
3,1522,1525,0.1388
3,1511,1514,0.1388
3,1514,1517,0.1388
3,1509,1512,0.1388
3,1516,1519,0.1388
3,1507,1510,0.1388
3,1512,1515,0.1388
3,1508,1511,0.1388
4,1511,1515,0.1388
4,1510,1514,0.1388
3,1512,1515,0.1388
3,1517,1520,0.1388
3,1510,1513,0.1388
3,1515,1518,0.1388
4,1509,1513,0.1388
4,1519,1523,0.1388
5,1506,1511,0.1388
5,1505,1510,0.1388
5,1514,1519,0.1388
5,1518,1523,0.1388
5,1506,1511,0.1388
6,1508,1514,0.1388
6,1508,1514,0.1388
5,1523,1528,0.1388
4,1522,1526,0.1388
4,1510,1514,0.1388
4,1517,1521,0.1388
4,1502,1506,0.1388
4,1502,1506,0.1388
4,1505,1509,0.1388
3,1511,1514,0.1388
3,1503,1506,0.1388
3,1510,1513,0.1388
2,1512,1514,0.1388
2,1509,1511,0.1388
3,1512,1515,0.1388
3,1516,1519,0.1388
3,1529,1532,0.1388
3,1517,1520,0.1388
2,1515,1517,0.1388
2,1506,1508,0.1388
2,1512,1514,0.1388
2,1511,1513,0.1388
2,1500,1502,0.1388
2,1524,1526,0.1388
2,1524,1526,0.1388
2,1523,1525,0.1388
2,1528,1530,0.1388
2,1522,1524,0.1388
2,1527,1529,0.1388
2,1526,1528,0.1388
1,1524,1525,0.1388
1,1522,1523,0.1388
1,1529,1530,0.1388
1,1533,1534,0.1388
1,1526,1527,0.1388
1,1534,1535,0.1388
1,1527,1528,0.1388
1,1527,1528,0.1388
1,1522,1523,0.1388
1,1515,1516,0.1388
1,1509,1510,0.1388
1,1513,1514,0.1388
1,1508,1509,0.1388
1,1507,1508,0.1388
1,1500,1501,0.1388
1,1499,1500,0.1388
1,1498,1499,0.1388
1,1515,1516,0.1388
1,1520,1521,0.1388
1,1513,1514,0.1388
1,1517,1518,0.1388
1,1523,1524,0.1388
1,1509,1510,0.1388
1,1516,1517,0.1388
1,1513,1514,0.1388
1,1510,1511,0.1388
1,1520,1521,0.1388
1,1508,1509,0.1388
1,1512,1513,0.1388
1,1514,1515,0.1388
1,1514,1515,0.1388
1,1508,1509,0.1388
1,1519,1520,0.1388
1,1506,1507,0.1388
1,1498,1499,0.1388
1,1517,1518,0.1388
1,1507,1508,0.1388
1,1522,1523,0.1388
1,1514,1515,0.1388
1,1506,1507,0.1388
1,1509,1510,0.1388
1,1507,1508,0.1388
1,1494,1495,0.1388
1,1507,1508,0.1388
1,1497,1498,0.1388
1,1501,1502,0.1388
1,1504,1505,0.1388
1,1516,1517,0.1388
1,1513,1514,0.1388
1,1503,1504,0.1388
1,1518,1519,0.1388
1,1509,1510,0.1388
1,1516,1517,0.1388
1,1522,1523,0.1388
1,1530,1531,0.1388
1,1520,1521,0.1388
1,1513,1514,0.1388
1,1512,1513,0.1388
1,1516,1517,0.1388
1,1513,1514,0.1388
1,1518,1519,0.1388
1,1515,1516,0.1388
1,1512,1513,0.1388
1,1506,1507,0.1388
1,1509,1510,0.1388
1,1503,1504,0.1388
1,1500,1501,0.1388
1,1502,1503,0.1388
1,1506,1507,0.1388
1,1520,1521,0.1388
1,1503,1504,0.1388
0,1493,1493,0.1388
