1393,29,1422,0.1388
1422,30,1452,0.1388
1428,35,1463,0.1388
1428,35,1463,0.1388
1438,31,1469,0.1388
1447,30,1477,0.1388
1443,31,1474,0.1388
1457,31,1488,0.1388
1467,32,1499,0.1388
1462,30,1492,0.1388
1460,30,1490,0.1388
1464,30,1494,0.1388
1476,30,1506,0.1388
1472,30,1502,0.1388
1472,34,1506,0.1388
1461,35,1496,0.1388
1464,37,1501,0.1388
1461,38,1499,0.1388
1465,38,1503,0.1388
1465,39,1504,0.1388
1450,37,1487,0.1388
1449,39,1488,0.1388
1441,42,1483,0.1388
1450,43,1493,0.1388
1440,41,1481,0.1388
1441,41,1482,0.1388
1433,42,1475,0.1388
1432,42,1474,0.1388
1441,41,1482,0.1388
1446,41,1487,0.1388
1453,41,1494,0.1388
1459,42,1501,0.1388
1452,41,1493,0.1388
1447,43,1490,0.1388
1458,43,1501,0.1388
1463,43,1506,0.1388
1455,45,1500,0.1388
1457,45,1502,0.1388
1453,43,1496,0.1388
1442,43,1485,0.1388
1450,42,1492,0.1388
1460,42,1502,0.1388
1452,43,1495,0.1388
1470,42,1512,0.1388
1464,42,1506,0.1388
1471,43,1514,0.1388
1467,45,1512,0.1388
1464,45,1509,0.1388
1461,44,1505,0.1388
1451,46,1497,0.1388
1440,48,1488,0.1388
1435,50,1485,0.1388
1432,51,1483,0.1388
1429,50,1479,0.1388
1432,51,1483,0.1388
1440,51,1491,0.1388
1427,52,1479,0.1388
1430,52,1482,0.1388
1430,53,1483,0.1388
1446,51,1497,0.1388
1455,53,1508,0.1388
1461,52,1513,0.1388
1452,53,1505,0.1388
1447,57,1504,0.1388
1450,57,1507,0.1388
1448,55,1503,0.1388
1458,57,1515,0.1388
1452,56,1508,0.1388
1445,53,1498,0.1388
1456,56,1512,0.1388
1448,56,1504,0.1388
1428,58,1486,0.1388
1425,61,1486,0.1388
1420,61,1481,0.1388
1415,61,1476,0.1388
1419,60,1479,0.1388
1434,54,1488,0.1388
1427,54,1481,0.1388
1424,55,1479,0.1388
1429,57,1486,0.1388
1429,58,1487,0.1388
1427,57,1484,0.1388
1426,58,1484,0.1388
1425,61,1486,0.1388
1437,61,1498,0.1388
1424,64,1488,0.1388
1421,68,1489,0.1388
1432,68,1500,0.1388
1425,70,1495,0.1388
1421,70,1491,0.1388
1414,71,1485,0.1388
1424,71,1495,0.1388
1411,69,1480,0.1388
1416,71,1487,0.1388
1417,72,1489,0.1388
1416,72,1488,0.1388
1418,69,1487,0.1388
1410,70,1480,0.1388
1418,72,1490,0.1388
1408,76,1484,0.1388
1399,75,1474,0.1388
1422,77,1499,0.1388
1414,76,1490,0.1388
1411,74,1485,0.1388
1421,75,1496,0.1388
1427,76,1503,0.1388
1425,73,1498,0.1388
1402,74,1476,0.1388
1408,75,1483,0.1388
1418,74,1492,0.1388
1431,75,1506,0.1388
1417,76,1493,0.1388
1417,75,1492,0.1388
1419,76,1495,0.1388
1420,76,1496,0.1388
1416,76,1492,0.1388
1408,78,1486,0.1388
1411,79,1490,0.1388
1408,78,1486,0.1388
1400,79,1479,0.1388
1406,81,1487,0.1388
1413,80,1493,0.1388
1419,84,1503,0.1388
1407,83,1490,0.1388
1415,83,1498,0.1388
1418,83,1501,0.1388
1412,87,1499,0.1388
1411,84,1495,0.1388
1419,85,1504,0.1388
1414,85,1499,0.1388
1412,89,1501,0.1388
1419,92,1511,0.1388
1414,89,1503,0.1388
1400,89,1489,0.1388
1401,92,1493,0.1388
1397,95,1492,0.1388
1395,94,1489,0.1388
1401,93,1494,0.1388
1409,91,1500,0.1388
1387,91,1478,0.1388
1384,89,1473,0.1388
1393,90,1483,0.1388
1402,86,1488,0.1388
1417,89,1506,0.1388
1397,90,1487,0.1388
1393,88,1481,0.1388
1386,91,1477,0.1388
1384,97,1481,0.1388
1389,97,1486,0.1388
1399,99,1498,0.1388
1392,101,1493,0.1388
1396,101,1497,0.1388
1389,102,1491,0.1388
1388,101,1489,0.1388
1388,102,1490,0.1388
1393,104,1497,0.1388
1387,107,1494,0.1388
1378,108,1486,0.1388
1388,107,1495,0.1388
1382,107,1489,0.1388
1382,109,1491,0.1388
1367,106,1473,0.1388
1357,107,1464,0.1388
1360,106,1466,0.1388
1366,106,1472,0.1388
1367,106,1473,0.1388
1370,106,1476,0.1388
1367,105,1472,0.1388
1374,104,1478,0.1388
1382,103,1485,0.1388
1388,102,1490,0.1388
1399,106,1505,0.1388
1400,103,1503,0.1388
1393,102,1495,0.1388
1377,101,1478,0.1388
1378,102,1480,0.1388
1386,102,1488,0.1388
1397,101,1498,0.1388
1388,102,1490,0.1388
1375,102,1477,0.1388
1381,110,1491,0.1388
1374,108,1482,0.1388
1375,105,1480,0.1388
1370,106,1476,0.1388
1374,104,1478,0.1388
1385,105,1490,0.1388
1377,102,1479,0.1388
1384,99,1483,0.1388
1393,97,1490,0.1388
1388,97,1485,0.1388
1388,97,1485,0.1388
1384,97,1481,0.1388
1389,97,1486,0.1388
1382,97,1479,0.1388
1369,97,1466,0.1388
1373,101,1474,0.1388
1381,99,1480,0.1388
1381,103,1484,0.1388
1381,105,1486,0.1388
1383,100,1483,0.1388
1387,102,1489,0.1388
1385,106,1491,0.1388
1378,104,1482,0.1388
1387,102,1489,0.1388
1389,100,1489,0.1388
1392,101,1493,0.1388
1399,103,1502,0.1388
1391,105,1496,0.1388
1388,104,1492,0.1388
1378,101,1479,0.1388
1379,101,1480,0.1388
1379,100,1479,0.1388
1389,100,1489,0.1388
1370,98,1468,0.1388
1380,93,1473,0.1388
1382,96,1478,0.1388
1384,97,1481,0.1388
1377,98,1475,0.1388
1368,96,1464,0.1388
1374,97,1471,0.1388
1383,98,1481,0.1388
1378,98,1476,0.1388
1387,96,1483,0.1388
1381,94,1475,0.1388
1387,93,1480,0.1388
1376,93,1469,0.1388
1386,101,1487,0.1388
1380,100,1480,0.1388
1393,100,1493,0.1388
1399,101,1500,0.1388
1403,100,1503,0.1388
1395,103,1498,0.1388
1399,102,1501,0.1388
1392,101,1493,0.1388
1387,100,1487,0.1388
1392,101,1493,0.1388
1387,101,1488,0.1388
1387,102,1489,0.1388
1371,104,1475,0.1388
1362,104,1466,0.1388
1377,108,1485,0.1388
1382,105,1487,0.1388
1387,104,1491,0.1388
1391,106,1497,0.1388
1391,109,1500,0.1388
1377,114,1491,0.1388
1372,113,1485,0.1388
1376,116,1492,0.1388
1391,117,1508,0.1388
1391,123,1514,0.1388
1385,122,1507,0.1388
1374,122,1496,0.1388
1364,123,1487,0.1388
1360,125,1485,0.1388
1363,121,1484,0.1388
1366,119,1485,0.1388
1376,124,1500,0.1388
1368,123,1491,0.1388
1370,127,1497,0.1388
1364,128,1492,0.1388
1347,130,1477,0.1388
1351,129,1480,0.1388
1345,134,1479,0.1388
1368,132,1500,0.1388
1368,130,1498,0.1388
1366,127,1493,0.1388
1367,131,1498,0.1388
1366,127,1493,0.1388
1371,131,1502,0.1388
1368,132,1500,0.1388
1369,134,1503,0.1388
1361,133,1494,0.1388
1338,131,1469,0.1388
1327,129,1456,0.1388
1353,129,1482,0.1388
1362,129,1491,0.1388
1354,132,1486,0.1388
1355,139,1494,0.1388
1365,139,1504,0.1388
1358,137,1495,0.1388
1365,136,1501,0.1388
1364,139,1503,0.1388
1356,143,1499,0.1388
1366,143,1509,0.1388
1359,143,1502,0.1388
1361,143,1504,0.1388
1365,145,1510,0.1388
1366,143,1509,0.1388
1360,140,1500,0.1388
1348,144,1492,0.1388
1355,147,1502,0.1388
1363,148,1511,0.1388
1364,148,1512,0.1388
1364,145,1509,0.1388
1361,148,1509,0.1388
1364,146,1510,0.1388
1355,145,1500,0.1388
1349,146,1495,0.1388
1349,145,1494,0.1388
1361,148,1509,0.1388
1349,144,1493,0.1388
1349,141,1490,0.1388
1354,143,1497,0.1388
1351,146,1497,0.1388
1351,147,1498,0.1388
1353,149,1502,0.1388
1348,152,1500,0.1388
1350,151,1501,0.1388
1337,154,1491,0.1388
1337,155,1492,0.1388
1342,156,1498,0.1388
1345,158,1503,0.1388
1336,160,1496,0.1388
1340,161,1501,0.1388
1329,161,1490,0.1388
1327,160,1487,0.1388
1317,159,1476,0.1388
1311,159,1470,0.1388
1326,161,1487,0.1388
1321,159,1480,0.1388
1328,159,1487,0.1388
1333,159,1492,0.1388
1335,159,1494,0.1388
1332,162,1494,0.1388
1340,161,1501,0.1388
1343,161,1504,0.1388
1332,166,1498,0.1388
1344,166,1510,0.1388
1344,166,1510,0.1388
1345,167,1512,0.1388
1342,165,1507,0.1388
1324,165,1489,0.1388
1319,166,1485,0.1388
1326,165,1491,0.1388
1326,165,1491,0.1388
1332,166,1498,0.1388
1334,168,1502,0.1388
1330,168,1498,0.1388
1327,168,1495,0.1388
1316,168,1484,0.1388
1317,169,1486,0.1388
1322,169,1491,0.1388
1326,168,1494,0.1388
1321,170,1491,0.1388
1323,173,1496,0.1388
1320,169,1489,0.1388
1328,169,1497,0.1388
1340,170,1510,0.1388
1334,169,1503,0.1388
1330,168,1498,0.1388
1325,173,1498,0.1388
1326,175,1501,0.1388
1314,172,1486,0.1388
1321,175,1496,0.1388
1327,177,1504,0.1388
1320,171,1491,0.1388
1324,176,1500,0.1388
1320,184,1504,0.1388
1332,186,1518,0.1388
1325,190,1515,0.1388
1322,187,1509,0.1388
1317,191,1508,0.1388
1308,185,1493,0.1388
1312,185,1497,0.1388
1314,184,1498,0.1388
1313,181,1494,0.1388
1327,185,1512,0.1388
1322,181,1503,0.1388
1320,180,1500,0.1388
1325,176,1501,0.1388
1331,178,1509,0.1388
1328,181,1509,0.1388
1312,183,1495,0.1388
1307,185,1492,0.1388
1302,187,1489,0.1388
1303,185,1488,0.1388
1298,188,1486,0.1388
1309,190,1499,0.1388
1314,191,1505,0.1388
1315,192,1507,0.1388
1312,191,1503,0.1388
1313,187,1500,0.1388
1315,182,1497,0.1388
1314,185,1499,0.1388
1316,192,1508,0.1388
1324,188,1512,0.1388
1319,189,1508,0.1388
1323,190,1513,0.1388
1331,191,1522,0.1388
1323,186,1509,0.1388
1315,188,1503,0.1388
1318,191,1509,0.1388
1322,193,1515,0.1388
1313,195,1508,0.1388
1311,189,1500,0.1388
1300,198,1498,0.1388
1274,201,1475,0.1388
1288,199,1487,0.1388
1290,203,1493,0.1388
1295,202,1497,0.1388
1288,204,1492,0.1388
1280,204,1484,0.1388
1279,204,1483,0.1388
1279,206,1485,0.1388
1271,212,1483,0.1388
1273,213,1486,0.1388
1279,214,1493,0.1388
1272,219,1491,0.1388
1255,218,1473,0.1388
1261,216,1477,0.1388
1266,213,1479,0.1388
1272,213,1485,0.1388
1281,221,1502,0.1388
1279,219,1498,0.1388
1272,219,1491,0.1388
1266,215,1481,0.1388
1277,220,1497,0.1388
1284,212,1496,0.1388
1297,214,1511,0.1388
1299,214,1513,0.1388
1292,210,1502,0.1388
1295,210,1505,0.1388
1282,211,1493,0.1388
1285,217,1502,0.1388
1291,210,1501,0.1388
1289,213,1502,0.1388
1291,212,1503,0.1388
1285,215,1500,0.1388
1289,216,1505,0.1388
1276,216,1492,0.1388
1282,212,1494,0.1388
1290,213,1503,0.1388
1281,212,1493,0.1388
1281,216,1497,0.1388
1273,217,1490,0.1388
1274,214,1488,0.1388
1282,215,1497,0.1388
1277,214,1491,0.1388
1273,212,1485,0.1388
1285,214,1499,0.1388
1269,214,1483,0.1388
1273,215,1488,0.1388
1261,216,1477,0.1388
1263,218,1481,0.1388
1272,224,1496,0.1388
1270,225,1495,0.1388
1272,222,1494,0.1388
1268,223,1491,0.1388
1281,220,1501,0.1388
1277,222,1499,0.1388
1257,222,1479,0.1388
1276,221,1497,0.1388
1267,220,1487,0.1388
1272,224,1496,0.1388
1278,231,1509,0.1388
1262,228,1490,0.1388
1262,229,1491,0.1388
1272,230,1502,0.1388
1271,223,1494,0.1388
1274,222,1496,0.1388
1270,226,1496,0.1388
1266,227,1493,0.1388
1270,225,1495,0.1388
1270,231,1501,0.1388
1257,233,1490,0.1388
1272,228,1500,0.1388
1261,228,1489,0.1388
1251,223,1474,0.1388
1251,226,1477,0.1388
1266,222,1488,0.1388
1279,224,1503,0.1388
1275,228,1503,0.1388
1260,230,1490,0.1388
1257,232,1489,0.1388
1260,232,1492,0.1388
1260,232,1492,0.1388
1272,234,1506,0.1388
1276,237,1513,0.1388
1267,235,1502,0.1388
1268,238,1506,0.1388
1268,243,1511,0.1388
1253,249,1502,0.1388
1257,248,1505,0.1388
1253,244,1497,0.1388
1253,247,1500,0.1388
1257,249,1506,0.1388
1261,250,1511,0.1388
1259,247,1506,0.1388
1268,249,1517,0.1388
1270,249,1519,0.1388
1249,251,1500,0.1388
1249,257,1506,0.1388
1245,255,1500,0.1388
1244,257,1501,0.1388
1246,257,1503,0.1388
1240,265,1505,0.1388
1243,266,1509,0.1388
1224,264,1488,0.1388
1231,261,1492,0.1388
1220,264,1484,0.1388
1216,266,1482,0.1388
1211,272,1483,0.1388
1230,275,1505,0.1388
1224,276,1500,0.1388
1217,268,1485,0.1388
1219,267,1486,0.1388
1233,267,1500,0.1388
1230,270,1500,0.1388
1228,266,1494,0.1388
1233,267,1500,0.1388
1238,274,1512,0.1388
1237,273,1510,0.1388
1229,272,1501,0.1388
1215,274,1489,0.1388
1210,280,1490,0.1388
1203,282,1485,0.1388
1209,284,1493,0.1388
1213,285,1498,0.1388
1204,286,1490,0.1388
1202,282,1484,0.1388
1188,283,1471,0.1388
1195,285,1480,0.1388
1199,290,1489,0.1388
1205,297,1502,0.1388
1199,300,1499,0.1388
1198,293,1491,0.1388
1197,296,1493,0.1388
1210,297,1507,0.1388
1199,301,1500,0.1388
1204,299,1503,0.1388
1207,303,1510,0.1388
1191,308,1499,0.1388
1192,316,1508,0.1388
1180,316,1496,0.1388
1174,315,1489,0.1388
1186,311,1497,0.1388
1180,312,1492,0.1388
1175,315,1490,0.1388
1176,315,1491,0.1388
1183,310,1493,0.1388
1186,305,1491,0.1388
1192,315,1507,0.1388
1177,312,1489,0.1388
1182,309,1491,0.1388
1170,313,1483,0.1388
1182,317,1499,0.1388
1188,317,1505,0.1388
1185,322,1507,0.1388
1198,320,1518,0.1388
1186,328,1514,0.1388
1185,326,1511,0.1388
1185,323,1508,0.1388
1173,329,1502,0.1388
1174,331,1505,0.1388
1156,332,1488,0.1388
1152,328,1480,0.1388
1163,323,1486,0.1388
1177,325,1502,0.1388
1162,327,1489,0.1388
1154,332,1486,0.1388
1156,333,1489,0.1388
1159,330,1489,0.1388
1150,332,1482,0.1388
1163,334,1497,0.1388
1157,333,1490,0.1388
1153,333,1486,0.1388
1153,334,1487,0.1388
1160,342,1502,0.1388
1153,334,1487,0.1388
1160,329,1489,0.1388
1167,328,1495,0.1388
1154,331,1485,0.1388
1172,331,1503,0.1388
1179,330,1509,0.1388
1167,338,1505,0.1388
1172,339,1511,0.1388
1172,345,1517,0.1388
1161,344,1505,0.1388
1164,340,1504,0.1388
1168,342,1510,0.1388
1155,343,1498,0.1388
1145,343,1488,0.1388
1147,347,1494,0.1388
1149,351,1500,0.1388
1148,348,1496,0.1388
1148,351,1499,0.1388
1145,356,1501,0.1388
1144,352,1496,0.1388
1151,360,1511,0.1388
1144,358,1502,0.1388
1132,358,1490,0.1388
1143,361,1504,0.1388
1132,365,1497,0.1388
1131,366,1497,0.1388
1137,367,1504,0.1388
1129,365,1494,0.1388
1123,360,1483,0.1388
1116,365,1481,0.1388
1132,366,1498,0.1388
1141,365,1506,0.1388
1144,360,1504,0.1388
1146,362,1508,0.1388
1147,367,1514,0.1388
1139,367,1506,0.1388
1137,367,1504,0.1388
1118,372,1490,0.1388
1117,369,1486,0.1388
1122,378,1500,0.1388
1126,375,1501,0.1388
1130,376,1506,0.1388
1129,377,1506,0.1388
1132,376,1508,0.1388
1129,378,1507,0.1388
1127,379,1506,0.1388
1115,379,1494,0.1388
1118,378,1496,0.1388
1126,380,1506,0.1388
1127,376,1503,0.1388
1121,375,1496,0.1388
1121,382,1503,0.1388
1122,380,1502,0.1388
1118,383,1501,0.1388
1122,385,1507,0.1388
1119,395,1514,0.1388
1111,395,1506,0.1388
1108,400,1508,0.1388
1090,399,1489,0.1388
1093,402,1495,0.1388
1094,390,1484,0.1388
1110,397,1507,0.1388
1106,402,1508,0.1388
1085,403,1488,0.1388
1094,396,1490,0.1388
1114,392,1506,0.1388
1117,392,1509,0.1388
1110,397,1507,0.1388
1102,399,1501,0.1388
1112,397,1509,0.1388
1113,386,1499,0.1388
1101,375,1476,0.1388
1114,380,1494,0.1388
1096,381,1477,0.1388
1105,381,1486,0.1388
1107,387,1494,0.1388
1108,394,1502,0.1388
1108,390,1498,0.1388
1106,397,1503,0.1388
1106,391,1497,0.1388
1112,387,1499,0.1388
1122,389,1511,0.1388
1116,387,1503,0.1388
1116,386,1502,0.1388
1123,387,1510,0.1388
1128,396,1524,0.1388
1113,394,1507,0.1388
1103,395,1498,0.1388
1100,399,1499,0.1388
1097,404,1501,0.1388
1096,405,1501,0.1388
1097,409,1506,0.1388
1092,409,1501,0.1388
1098,405,1503,0.1388
1082,404,1486,0.1388
1088,401,1489,0.1388
1088,407,1495,0.1388
1083,411,1494,0.1388
1098,411,1509,0.1388
1094,410,1504,0.1388
1084,415,1499,0.1388
1077,416,1493,0.1388
1079,421,1500,0.1388
1084,419,1503,0.1388
1080,424,1504,0.1388
1086,419,1505,0.1388
1085,420,1505,0.1388
1072,428,1500,0.1388
1068,429,1497,0.1388
1076,423,1499,0.1388
1071,424,1495,0.1388
1066,427,1493,0.1388
1068,429,1497,0.1388
1076,434,1510,0.1388
1077,433,1510,0.1388
1060,430,1490,0.1388
1062,425,1487,0.1388
1057,427,1484,0.1388
1061,431,1492,0.1388
1076,431,1507,0.1388
1071,434,1505,0.1388
1067,434,1501,0.1388
1066,433,1499,0.1388
1056,434,1490,0.1388
1049,442,1491,0.1388
1047,437,1484,0.1388
1051,437,1488,0.1388
1047,443,1490,0.1388
1041,448,1489,0.1388
1037,460,1497,0.1388
1051,457,1508,0.1388
1054,460,1514,0.1388
1053,462,1515,0.1388
1053,460,1513,0.1388
1051,456,1507,0.1388
1044,457,1501,0.1388
1038,460,1498,0.1388
1043,464,1507,0.1388
1036,456,1492,0.1388
1033,453,1486,0.1388
1031,451,1482,0.1388
1041,457,1498,0.1388
1033,468,1501,0.1388
1032,473,1505,0.1388
1025,467,1492,0.1388
1024,473,1497,0.1388
1012,476,1488,0.1388
1020,477,1497,0.1388
1019,481,1500,0.1388
1010,484,1494,0.1388
1025,486,1511,0.1388
1026,483,1509,0.1388
1026,482,1508,0.1388
1025,481,1506,0.1388
1016,483,1499,0.1388
1020,478,1498,0.1388
1030,480,1510,0.1388
1029,477,1506,0.1388
1028,490,1518,0.1388
1020,490,1510,0.1388
1003,491,1494,0.1388
1000,490,1490,0.1388
996,500,1496,0.1388
992,504,1496,0.1388
1003,503,1506,0.1388
998,501,1499,0.1388
1008,507,1515,0.1388
995,507,1502,0.1388
993,504,1497,0.1388
991,508,1499,0.1388
1001,510,1511,0.1388
978,513,1491,0.1388
986,516,1502,0.1388
997,520,1517,0.1388
992,517,1509,0.1388
990,509,1499,0.1388
984,515,1499,0.1388
986,517,1503,0.1388
989,524,1513,0.1388
989,521,1510,0.1388
985,517,1502,0.1388
989,521,1510,0.1388
989,519,1508,0.1388
978,515,1493,0.1388
978,517,1495,0.1388
980,519,1499,0.1388
981,527,1508,0.1388
976,530,1506,0.1388
983,538,1521,0.1388
970,539,1509,0.1388
959,535,1494,0.1388
955,538,1493,0.1388
955,534,1489,0.1388
962,533,1495,0.1388
961,534,1495,0.1388
947,537,1484,0.1388
952,541,1493,0.1388
950,543,1493,0.1388
955,547,1502,0.1388
952,546,1498,0.1388
949,545,1494,0.1388
942,547,1489,0.1388
954,547,1501,0.1388
952,550,1502,0.1388
951,546,1497,0.1388
952,541,1493,0.1388
949,536,1485,0.1388
959,533,1492,0.1388
973,532,1505,0.1388
965,524,1489,0.1388
979,533,1512,0.1388
971,532,1503,0.1388
969,539,1508,0.1388
961,540,1501,0.1388
961,541,1502,0.1388
954,548,1502,0.1388
956,539,1495,0.1388
946,550,1496,0.1388
956,543,1499,0.1388
965,547,1512,0.1388
953,548,1501,0.1388
956,549,1505,0.1388
953,556,1509,0.1388
957,560,1517,0.1388
955,554,1509,0.1388
954,553,1507,0.1388
959,557,1516,0.1388
965,561,1526,0.1388
957,560,1517,0.1388
955,562,1517,0.1388
958,564,1522,0.1388
960,560,1520,0.1388
959,559,1518,0.1388
953,560,1513,0.1388
958,554,1512,0.1388
952,557,1509,0.1388
947,563,1510,0.1388
946,569,1515,0.1388
934,565,1499,0.1388
929,575,1504,0.1388
938,574,1512,0.1388
936,573,1509,0.1388
935,575,1510,0.1388
922,571,1493,0.1388
921,566,1487,0.1388
928,567,1495,0.1388
929,569,1498,0.1388
926,568,1494,0.1388
927,577,1504,0.1388
923,577,1500,0.1388
919,581,1500,0.1388
933,583,1516,0.1388
934,576,1510,0.1388
931,584,1515,0.1388
925,579,1504,0.1388
922,571,1493,0.1388
920,572,1492,0.1388
931,581,1512,0.1388
937,583,1520,0.1388
946,575,1521,0.1388
943,566,1509,0.1388
929,581,1510,0.1388
933,586,1519,0.1388
921,586,1507,0.1388
916,585,1501,0.1388
904,594,1498,0.1388
903,596,1499,0.1388
902,603,1505,0.1388
907,597,1504,0.1388
911,595,1506,0.1388
906,590,1496,0.1388
913,594,1507,0.1388
922,595,1517,0.1388
928,587,1515,0.1388
929,580,1509,0.1388
929,587,1516,0.1388
917,588,1505,0.1388
915,586,1501,0.1388
915,584,1499,0.1388
919,580,1499,0.1388
928,580,1508,0.1388
925,581,1506,0.1388
925,579,1504,0.1388
925,578,1503,0.1388
926,580,1506,0.1388
924,578,1502,0.1388
918,593,1511,0.1388
911,602,1513,0.1388
904,595,1499,0.1388
906,607,1513,0.1388
909,604,1513,0.1388
900,601,1501,0.1388
898,594,1492,0.1388
894,589,1483,0.1388
901,590,1491,0.1388
903,588,1491,0.1388
907,593,1500,0.1388
907,596,1503,0.1388
907,592,1499,0.1388
900,599,1499,0.1388
906,595,1501,0.1388
905,609,1514,0.1388
905,607,1512,0.1388
904,605,1509,0.1388
900,608,1508,0.1388
903,601,1504,0.1388
901,607,1508,0.1388
897,603,1500,0.1388
900,619,1519,0.1388
890,611,1501,0.1388
883,613,1496,0.1388
882,614,1496,0.1388
889,613,1502,0.1388
893,617,1510,0.1388
902,618,1520,0.1388
903,611,1514,0.1388
905,607,1512,0.1388
890,612,1502,0.1388
896,613,1509,0.1388
895,627,1522,0.1388
892,633,1525,0.1388
883,628,1511,0.1388
879,623,1502,0.1388
873,623,1496,0.1388
876,626,1502,0.1388
869,626,1495,0.1388
871,627,1498,0.1388
873,619,1492,0.1388
857,635,1492,0.1388
855,642,1497,0.1388
855,644,1499,0.1388
855,650,1505,0.1388
845,651,1496,0.1388
844,646,1490,0.1388
848,644,1492,0.1388
844,641,1485,0.1388
844,635,1479,0.1388
851,632,1483,0.1388
862,637,1499,0.1388
864,640,1504,0.1388
860,643,1503,0.1388
855,651,1506,0.1388
844,658,1502,0.1388
848,652,1500,0.1388
840,657,1497,0.1388
850,664,1514,0.1388
852,659,1511,0.1388
844,661,1505,0.1388
834,656,1490,0.1388
834,653,1487,0.1388
835,655,1490,0.1388
836,645,1481,0.1388
842,645,1487,0.1388
853,639,1492,0.1388
849,644,1493,0.1388
846,648,1494,0.1388
838,649,1487,0.1388
856,648,1504,0.1388
862,653,1515,0.1388
867,649,1516,0.1388
861,646,1507,0.1388
865,655,1520,0.1388
855,659,1514,0.1388
849,659,1508,0.1388
854,663,1517,0.1388
860,656,1516,0.1388
869,654,1523,0.1388
859,656,1515,0.1388
851,648,1499,0.1388
850,651,1501,0.1388
835,655,1490,0.1388
844,662,1506,0.1388
846,665,1511,0.1388
848,662,1510,0.1388
843,667,1510,0.1388
841,666,1507,0.1388
831,668,1499,0.1388
840,674,1514,0.1388
834,674,1508,0.1388
829,678,1507,0.1388
834,672,1506,0.1388
839,677,1516,0.1388
832,684,1516,0.1388
829,694,1523,0.1388
822,685,1507,0.1388
816,684,1500,0.1388
829,680,1509,0.1388
825,678,1503,0.1388
807,686,1493,0.1388
809,687,1496,0.1388
800,684,1484,0.1388
804,686,1490,0.1388
809,684,1493,0.1388
807,689,1496,0.1388
806,702,1508,0.1388
810,702,1512,0.1388
805,702,1507,0.1388
803,703,1506,0.1388
806,696,1502,0.1388
792,703,1495,0.1388
798,715,1513,0.1388
801,714,1515,0.1388
795,715,1510,0.1388
794,713,1507,0.1388
794,712,1506,0.1388
792,722,1514,0.1388
797,716,1513,0.1388
793,719,1512,0.1388
786,715,1501,0.1388
784,712,1496,0.1388
787,709,1496,0.1388
786,713,1499,0.1388
782,708,1490,0.1388
786,707,1493,0.1388
784,715,1499,0.1388
790,729,1519,0.1388
769,725,1494,0.1388
772,727,1499,0.1388
769,724,1493,0.1388
766,721,1487,0.1388
765,735,1500,0.1388
764,730,1494,0.1388
765,729,1494,0.1388
765,731,1496,0.1388
768,738,1506,0.1388
766,738,1504,0.1388
767,741,1508,0.1388
772,745,1517,0.1388
770,735,1505,0.1388
773,737,1510,0.1388
780,740,1520,0.1388
772,743,1515,0.1388
771,738,1509,0.1388
767,736,1503,0.1388
766,747,1513,0.1388
769,745,1514,0.1388
766,741,1507,0.1388
760,736,1496,0.1388
758,739,1497,0.1388
759,742,1501,0.1388
755,743,1498,0.1388
754,749,1503,0.1388
758,751,1509,0.1388
751,746,1497,0.1388
758,745,1503,0.1388
762,743,1505,0.1388
764,745,1509,0.1388
770,742,1512,0.1388
764,741,1505,0.1388
768,735,1503,0.1388
771,745,1516,0.1388
772,744,1516,0.1388
778,744,1522,0.1388
772,739,1511,0.1388
759,746,1505,0.1388
757,751,1508,0.1388
755,755,1510,0.1388
766,761,1527,0.1388
744,762,1506,0.1388
742,758,1500,0.1388
743,764,1507,0.1388
746,767,1513,0.1388
738,772,1510,0.1388
737,768,1505,0.1388
738,771,1509,0.1388
731,764,1495,0.1388
737,776,1513,0.1388
739,765,1504,0.1388
735,768,1503,0.1388
730,763,1493,0.1388
735,756,1491,0.1388
729,768,1497,0.1388
727,766,1493,0.1388
728,771,1499,0.1388
720,768,1488,0.1388
720,775,1495,0.1388
728,776,1504,0.1388
724,777,1501,0.1388
735,776,1511,0.1388
728,773,1501,0.1388
726,782,1508,0.1388
729,784,1513,0.1388
723,783,1506,0.1388
723,792,1515,0.1388
725,793,1518,0.1388
729,781,1510,0.1388
734,786,1520,0.1388
724,792,1516,0.1388
722,781,1503,0.1388
719,782,1501,0.1388
720,785,1505,0.1388
719,784,1503,0.1388
714,784,1498,0.1388
730,776,1506,0.1388
739,773,1512,0.1388
738,770,1508,0.1388
730,775,1505,0.1388
729,780,1509,0.1388
729,775,1504,0.1388
731,780,1511,0.1388
730,767,1497,0.1388
735,772,1507,0.1388
738,779,1517,0.1388
728,785,1513,0.1388
728,783,1511,0.1388
725,780,1505,0.1388
722,789,1511,0.1388
713,788,1501,0.1388
705,787,1492,0.1388
704,783,1487,0.1388
699,788,1487,0.1388
703,793,1496,0.1388
709,793,1502,0.1388
703,804,1507,0.1388
715,791,1506,0.1388
712,800,1512,0.1388
711,798,1509,0.1388
714,793,1507,0.1388
715,788,1503,0.1388
710,790,1500,0.1388
715,793,1508,0.1388
712,798,1510,0.1388
713,796,1509,0.1388
706,784,1490,0.1388
704,790,1494,0.1388
708,785,1493,0.1388
704,783,1487,0.1388
704,794,1498,0.1388
712,795,1507,0.1388
708,794,1502,0.1388
709,794,1503,0.1388
712,792,1504,0.1388
715,790,1505,0.1388
711,789,1500,0.1388
712,793,1505,0.1388
695,800,1495,0.1388
701,808,1509,0.1388
705,799,1504,0.1388
706,800,1506,0.1388
699,799,1498,0.1388
696,811,1507,0.1388
702,800,1502,0.1388
708,801,1509,0.1388
704,795,1499,0.1388
709,800,1509,0.1388
713,801,1514,0.1388
716,800,1516,0.1388
713,798,1511,0.1388
707,797,1504,0.1388
704,791,1495,0.1388
703,807,1510,0.1388
705,808,1513,0.1388
697,815,1512,0.1388
692,825,1517,0.1388
691,815,1506,0.1388
681,814,1495,0.1388
680,821,1501,0.1388
676,813,1489,0.1388
684,815,1499,0.1388
688,820,1508,0.1388
688,811,1499,0.1388
694,817,1511,0.1388
684,824,1508,0.1388
686,815,1501,0.1388
687,818,1505,0.1388
682,824,1506,0.1388
679,823,1502,0.1388
688,827,1515,0.1388
692,832,1524,0.1388
690,827,1517,0.1388
688,829,1517,0.1388
679,832,1511,0.1388
678,834,1512,0.1388
671,833,1504,0.1388
671,837,1508,0.1388
669,848,1517,0.1388
664,850,1514,0.1388
668,841,1509,0.1388
674,837,1511,0.1388
667,835,1502,0.1388
680,830,1510,0.1388
685,837,1522,0.1388
679,835,1514,0.1388
682,830,1512,0.1388
683,822,1505,0.1388
679,816,1495,0.1388
672,823,1495,0.1388
669,831,1500,0.1388
671,837,1508,0.1388
672,835,1507,0.1388
664,839,1503,0.1388
674,842,1516,0.1388
682,840,1522,0.1388
683,852,1535,0.1388
679,842,1521,0.1388
679,837,1516,0.1388
675,835,1510,0.1388
672,838,1510,0.1388
672,840,1512,0.1388
668,843,1511,0.1388
670,842,1512,0.1388
671,843,1514,0.1388
667,848,1515,0.1388
669,833,1502,0.1388
671,838,1509,0.1388
671,842,1513,0.1388
668,850,1518,0.1388
662,845,1507,0.1388
660,839,1499,0.1388
655,838,1493,0.1388
655,833,1488,0.1388
657,840,1497,0.1388
661,841,1502,0.1388
666,848,1514,0.1388
656,850,1506,0.1388
650,853,1503,0.1388
651,853,1504,0.1388
659,844,1503,0.1388
660,841,1501,0.1388
658,839,1497,0.1388
660,841,1501,0.1388
652,839,1491,0.1388
649,842,1491,0.1388
646,851,1497,0.1388
641,856,1497,0.1388
639,856,1495,0.1388
634,854,1488,0.1388
644,856,1500,0.1388
649,857,1506,0.1388
647,845,1492,0.1388
646,847,1493,0.1388
644,853,1497,0.1388
640,860,1500,0.1388
645,851,1496,0.1388
655,845,1500,0.1388
651,849,1500,0.1388
647,850,1497,0.1388
649,856,1505,0.1388
639,859,1498,0.1388
644,858,1502,0.1388
641,863,1504,0.1388
634,871,1505,0.1388
637,875,1512,0.1388
641,873,1514,0.1388
635,877,1512,0.1388
631,878,1509,0.1388
630,880,1510,0.1388
635,875,1510,0.1388
639,867,1506,0.1388
635,873,1508,0.1388
636,877,1513,0.1388
637,874,1511,0.1388
629,869,1498,0.1388
613,875,1488,0.1388
614,881,1495,0.1388
610,888,1498,0.1388
613,891,1504,0.1388
610,894,1504,0.1388
616,893,1509,0.1388
615,885,1500,0.1388
615,891,1506,0.1388
606,898,1504,0.1388
607,906,1513,0.1388
614,901,1515,0.1388
611,898,1509,0.1388
614,891,1505,0.1388
612,891,1503,0.1388
611,892,1503,0.1388
604,893,1497,0.1388
603,904,1507,0.1388
603,900,1503,0.1388
604,904,1508,0.1388
595,912,1507,0.1388
596,911,1507,0.1388
600,907,1507,0.1388
609,900,1509,0.1388
609,908,1517,0.1388
606,908,1514,0.1388
607,924,1531,0.1388
607,911,1518,0.1388
603,910,1513,0.1388
599,910,1509,0.1388
599,902,1501,0.1388
603,912,1515,0.1388
598,916,1514,0.1388
606,911,1517,0.1388
608,911,1519,0.1388
604,904,1508,0.1388
604,904,1508,0.1388
609,895,1504,0.1388
609,898,1507,0.1388
609,912,1521,0.1388
607,918,1525,0.1388
609,917,1526,0.1388
602,914,1516,0.1388
598,907,1505,0.1388
588,904,1492,0.1388
600,911,1511,0.1388
589,923,1512,0.1388
589,926,1515,0.1388
591,924,1515,0.1388
586,924,1510,0.1388
590,933,1523,0.1388
580,934,1514,0.1388
580,930,1510,0.1388
577,934,1511,0.1388
581,939,1520,0.1388
579,939,1518,0.1388
580,938,1518,0.1388
573,935,1508,0.1388
572,937,1509,0.1388
567,938,1505,0.1388
566,936,1502,0.1388
570,940,1510,0.1388
577,935,1512,0.1388
567,937,1504,0.1388
567,944,1511,0.1388
566,955,1521,0.1388
564,945,1509,0.1388
570,943,1513,0.1388
571,939,1510,0.1388
568,942,1510,0.1388
574,940,1514,0.1388
579,947,1526,0.1388
570,952,1522,0.1388
555,960,1515,0.1388
552,959,1511,0.1388
553,961,1514,0.1388
553,956,1509,0.1388
539,961,1500,0.1388
540,955,1495,0.1388
549,954,1503,0.1388
554,953,1507,0.1388
558,959,1517,0.1388
564,951,1515,0.1388
557,945,1502,0.1388
557,936,1493,0.1388
557,948,1505,0.1388
557,955,1512,0.1388
552,956,1508,0.1388
551,957,1508,0.1388
551,959,1510,0.1388
554,972,1526,0.1388
555,962,1517,0.1388
541,977,1518,0.1388
543,974,1517,0.1388
545,978,1523,0.1388
547,978,1525,0.1388
545,974,1519,0.1388
545,973,1518,0.1388
551,972,1523,0.1388
549,976,1525,0.1388
545,982,1527,0.1388
540,975,1515,0.1388
533,981,1514,0.1388
537,974,1511,0.1388
540,985,1525,0.1388
526,978,1504,0.1388
526,976,1502,0.1388
518,972,1490,0.1388
519,973,1492,0.1388
521,978,1499,0.1388
527,975,1502,0.1388
532,976,1508,0.1388
531,987,1518,0.1388
523,987,1510,0.1388
524,990,1514,0.1388
524,986,1510,0.1388
526,985,1511,0.1388
522,987,1509,0.1388
512,993,1505,0.1388
511,991,1502,0.1388
517,995,1512,0.1388
522,997,1519,0.1388
525,982,1507,0.1388
532,984,1516,0.1388
526,989,1515,0.1388
519,993,1512,0.1388
511,999,1510,0.1388
511,1010,1521,0.1388
511,1002,1513,0.1388
514,1002,1516,0.1388
515,1006,1521,0.1388
514,1006,1520,0.1388
503,998,1501,0.1388
506,996,1502,0.1388
498,997,1495,0.1388
499,1002,1501,0.1388
494,1002,1496,0.1388
493,1005,1498,0.1388
497,999,1496,0.1388
491,995,1486,0.1388
492,1010,1502,0.1388
487,1011,1498,0.1388
477,1013,1490,0.1388
477,1018,1495,0.1388
472,1031,1503,0.1388
470,1038,1508,0.1388
468,1050,1518,0.1388
475,1038,1513,0.1388
468,1042,1510,0.1388
474,1039,1513,0.1388
485,1043,1528,0.1388
479,1045,1524,0.1388
477,1038,1515,0.1388
481,1032,1513,0.1388
483,1026,1509,0.1388
475,1028,1503,0.1388
478,1042,1520,0.1388
477,1033,1510,0.1388
486,1029,1515,0.1388
487,1028,1515,0.1388
485,1022,1507,0.1388
489,1022,1511,0.1388
490,1030,1520,0.1388
480,1018,1498,0.1388
481,1017,1498,0.1388
491,1032,1523,0.1388
479,1028,1507,0.1388
482,1021,1503,0.1388
483,1027,1510,0.1388
479,1020,1499,0.1388
488,1024,1512,0.1388
484,1019,1503,0.1388
481,1029,1510,0.1388
478,1019,1497,0.1388
482,1022,1504,0.1388
475,1026,1501,0.1388
473,1034,1507,0.1388
473,1023,1496,0.1388
466,1028,1494,0.1388
470,1032,1502,0.1388
474,1026,1500,0.1388
474,1030,1504,0.1388
471,1025,1496,0.1388
468,1028,1496,0.1388
467,1032,1499,0.1388
463,1035,1498,0.1388
466,1040,1506,0.1388
461,1038,1499,0.1388
463,1047,1510,0.1388
456,1047,1503,0.1388
456,1047,1503,0.1388
449,1039,1488,0.1388
453,1041,1494,0.1388
452,1050,1502,0.1388
450,1067,1517,0.1388
448,1068,1516,0.1388
444,1069,1513,0.1388
446,1058,1504,0.1388
445,1060,1505,0.1388
447,1058,1505,0.1388
449,1046,1495,0.1388
454,1054,1508,0.1388
452,1061,1513,0.1388
441,1060,1501,0.1388
434,1063,1497,0.1388
433,1061,1494,0.1388
433,1072,1505,0.1388
432,1068,1500,0.1388
427,1070,1497,0.1388
432,1067,1499,0.1388
434,1066,1500,0.1388
437,1071,1508,0.1388
436,1072,1508,0.1388
434,1072,1506,0.1388
429,1073,1502,0.1388
433,1083,1516,0.1388
434,1078,1512,0.1388
432,1082,1514,0.1388
425,1092,1517,0.1388
426,1074,1500,0.1388
428,1073,1501,0.1388
429,1082,1511,0.1388
432,1095,1527,0.1388
436,1085,1521,0.1388
434,1082,1516,0.1388
432,1079,1511,0.1388
425,1080,1505,0.1388
427,1081,1508,0.1388
423,1091,1514,0.1388
427,1087,1514,0.1388
430,1087,1517,0.1388
433,1081,1514,0.1388
426,1088,1514,0.1388
423,1086,1509,0.1388
427,1090,1517,0.1388
433,1083,1516,0.1388
429,1083,1512,0.1388
431,1086,1517,0.1388
423,1087,1510,0.1388
423,1078,1501,0.1388
423,1069,1492,0.1388
425,1076,1501,0.1388
424,1068,1492,0.1388
422,1075,1497,0.1388
420,1078,1498,0.1388
425,1079,1504,0.1388
420,1070,1490,0.1388
419,1077,1496,0.1388
426,1099,1525,0.1388
420,1090,1510,0.1388
430,1082,1512,0.1388
425,1094,1519,0.1388
422,1096,1518,0.1388
419,1079,1498,0.1388
422,1087,1509,0.1388
427,1084,1511,0.1388
427,1092,1519,0.1388
432,1090,1522,0.1388
431,1086,1517,0.1388
433,1090,1523,0.1388
429,1085,1514,0.1388
424,1082,1506,0.1388
426,1084,1510,0.1388
424,1081,1505,0.1388
428,1085,1513,0.1388
435,1099,1534,0.1388
427,1087,1514,0.1388
425,1068,1493,0.1388
432,1069,1501,0.1388
440,1066,1506,0.1388
431,1074,1505,0.1388
430,1073,1503,0.1388
433,1068,1501,0.1388
434,1080,1514,0.1388
430,1074,1504,0.1388
435,1073,1508,0.1388
440,1071,1511,0.1388
442,1081,1523,0.1388
448,1075,1523,0.1388
448,1073,1521,0.1388
444,1075,1519,0.1388
443,1077,1520,0.1388
449,1084,1533,0.1388
444,1074,1518,0.1388
449,1083,1532,0.1388
446,1086,1532,0.1388
445,1087,1532,0.1388
437,1062,1499,0.1388
435,1069,1504,0.1388
431,1076,1507,0.1388
431,1073,1504,0.1388
428,1078,1506,0.1388
427,1067,1494,0.1388
420,1080,1500,0.1388
426,1072,1498,0.1388
431,1066,1497,0.1388
427,1066,1493,0.1388
422,1078,1500,0.1388
426,1077,1503,0.1388
428,1073,1501,0.1388
430,1084,1514,0.1388
432,1081,1513,0.1388
431,1084,1515,0.1388
430,1073,1503,0.1388
426,1077,1503,0.1388
434,1082,1516,0.1388
424,1074,1498,0.1388
432,1062,1494,0.1388
431,1069,1500,0.1388
427,1080,1507,0.1388
429,1075,1504,0.1388
432,1077,1509,0.1388
430,1084,1514,0.1388
431,1076,1507,0.1388
429,1081,1510,0.1388
422,1079,1501,0.1388
427,1073,1500,0.1388
430,1090,1520,0.1388
435,1086,1521,0.1388
434,1083,1517,0.1388
435,1089,1524,0.1388
433,1086,1519,0.1388
434,1079,1513,0.1388
434,1080,1514,0.1388
435,1079,1514,0.1388
431,1088,1519,0.1388
434,1081,1515,0.1388
435,1076,1511,0.1388
432,1064,1496,0.1388
425,1074,1499,0.1388
430,1073,1503,0.1388
433,1073,1506,0.1388
427,1083,1510,0.1388
426,1090,1516,0.1388
426,1078,1504,0.1388
428,1084,1512,0.1388
428,1087,1515,0.1388
426,1085,1511,0.1388
423,1087,1510,0.1388
424,1074,1498,0.1388
423,1073,1496,0.1388
418,1081,1499,0.1388
423,1091,1514,0.1388
424,1106,1530,0.1388
425,1098,1523,0.1388
426,1095,1521,0.1388
419,1095,1514,0.1388
419,1089,1508,0.1388
411,1089,1500,0.1388
415,1087,1502,0.1388
417,1084,1501,0.1388
414,1083,1497,0.1388
412,1105,1517,0.1388
417,1113,1530,0.1388
413,1101,1514,0.1388
413,1102,1515,0.1388
412,1103,1515,0.1388
408,1114,1522,0.1388
400,1109,1509,0.1388
397,1107,1504,0.1388
396,1120,1516,0.1388
395,1125,1520,0.1388
390,1131,1521,0.1388
389,1122,1511,0.1388
387,1117,1504,0.1388
396,1111,1507,0.1388
396,1115,1511,0.1388
396,1117,1513,0.1388
401,1130,1531,0.1388
393,1125,1518,0.1388
394,1129,1523,0.1388
387,1126,1513,0.1388
386,1126,1512,0.1388
383,1130,1513,0.1388
388,1125,1513,0.1388
386,1128,1514,0.1388
380,1138,1518,0.1388
382,1131,1513,0.1388
376,1127,1503,0.1388
382,1137,1519,0.1388
374,1134,1508,0.1388
374,1132,1506,0.1388
379,1134,1513,0.1388
373,1134,1507,0.1388
376,1145,1521,0.1388
378,1132,1510,0.1388
378,1137,1515,0.1388
377,1121,1498,0.1388
377,1126,1503,0.1388
385,1133,1518,0.1388
389,1123,1512,0.1388
384,1117,1501,0.1388
374,1143,1517,0.1388
371,1132,1503,0.1388
374,1131,1505,0.1388
372,1140,1512,0.1388
375,1133,1508,0.1388
371,1125,1496,0.1388
372,1130,1502,0.1388
376,1144,1520,0.1388
371,1148,1519,0.1388
375,1142,1517,0.1388
379,1134,1513,0.1388
376,1130,1506,0.1388
376,1126,1502,0.1388
376,1133,1509,0.1388
378,1140,1518,0.1388
377,1132,1509,0.1388
378,1137,1515,0.1388
375,1134,1509,0.1388
377,1134,1511,0.1388
376,1129,1505,0.1388
372,1130,1502,0.1388
369,1127,1496,0.1388
374,1133,1507,0.1388
377,1138,1515,0.1388
371,1136,1507,0.1388
369,1138,1507,0.1388
369,1144,1513,0.1388
372,1140,1512,0.1388
370,1132,1502,0.1388
371,1144,1515,0.1388
375,1148,1523,0.1388
373,1143,1516,0.1388
368,1155,1523,0.1388
361,1154,1515,0.1388
359,1145,1504,0.1388
355,1141,1496,0.1388
351,1135,1486,0.1388
353,1129,1482,0.1388
351,1140,1491,0.1388
350,1149,1499,0.1388
349,1153,1502,0.1388
351,1149,1500,0.1388
352,1155,1507,0.1388
357,1149,1506,0.1388
357,1158,1515,0.1388
354,1154,1508,0.1388
354,1149,1503,0.1388
360,1160,1520,0.1388
355,1158,1513,0.1388
358,1151,1509,0.1388
353,1161,1514,0.1388
349,1169,1518,0.1388
354,1162,1516,0.1388
355,1154,1509,0.1388
356,1152,1508,0.1388
355,1156,1511,0.1388
356,1161,1517,0.1388
351,1160,1511,0.1388
349,1160,1509,0.1388
348,1150,1498,0.1388
349,1155,1504,0.1388
352,1147,1499,0.1388
351,1151,1502,0.1388
350,1165,1515,0.1388
348,1177,1525,0.1388
342,1173,1515,0.1388
334,1173,1507,0.1388
337,1174,1511,0.1388
334,1187,1521,0.1388
326,1177,1503,0.1388
331,1176,1507,0.1388
327,1178,1505,0.1388
332,1168,1500,0.1388
330,1176,1506,0.1388
329,1191,1520,0.1388
329,1194,1523,0.1388
328,1186,1514,0.1388
320,1201,1521,0.1388
314,1189,1503,0.1388
314,1180,1494,0.1388
320,1180,1500,0.1388
330,1184,1514,0.1388
337,1186,1523,0.1388
339,1183,1522,0.1388
339,1187,1526,0.1388
341,1181,1522,0.1388
335,1175,1510,0.1388
340,1176,1516,0.1388
331,1174,1505,0.1388
330,1187,1517,0.1388
327,1173,1500,0.1388
328,1168,1496,0.1388
327,1162,1489,0.1388
329,1179,1508,0.1388
326,1182,1508,0.1388
320,1198,1518,0.1388
321,1207,1528,0.1388
318,1205,1523,0.1388
315,1210,1525,0.1388
322,1202,1524,0.1388
322,1197,1519,0.1388
316,1190,1506,0.1388
313,1196,1509,0.1388
317,1196,1513,0.1388
313,1181,1494,0.1388
313,1185,1498,0.1388
305,1203,1508,0.1388
309,1192,1501,0.1388
316,1183,1499,0.1388
309,1194,1503,0.1388
314,1197,1511,0.1388
308,1188,1496,0.1388
306,1188,1494,0.1388
313,1192,1505,0.1388
318,1197,1515,0.1388
325,1192,1517,0.1388
321,1193,1514,0.1388
316,1194,1510,0.1388
315,1195,1510,0.1388
314,1203,1517,0.1388
311,1199,1510,0.1388
308,1191,1499,0.1388
312,1192,1504,0.1388
310,1195,1505,0.1388
309,1201,1510,0.1388
308,1206,1514,0.1388
306,1206,1512,0.1388
302,1202,1504,0.1388
295,1210,1505,0.1388
296,1201,1497,0.1388
295,1208,1503,0.1388
294,1208,1502,0.1388
299,1195,1494,0.1388
298,1200,1498,0.1388
296,1208,1504,0.1388
302,1209,1511,0.1388
303,1223,1526,0.1388
300,1217,1517,0.1388
301,1215,1516,0.1388
300,1208,1508,0.1388
299,1208,1507,0.1388
294,1207,1501,0.1388
291,1225,1516,0.1388
281,1224,1505,0.1388
281,1231,1512,0.1388
280,1233,1513,0.1388
278,1241,1519,0.1388
280,1240,1520,0.1388
285,1241,1526,0.1388
286,1229,1515,0.1388
279,1237,1516,0.1388
280,1230,1510,0.1388
277,1241,1518,0.1388
276,1243,1519,0.1388
276,1255,1531,0.1388
280,1251,1531,0.1388
282,1248,1530,0.1388
276,1255,1531,0.1388
276,1247,1523,0.1388
278,1232,1510,0.1388
275,1246,1521,0.1388
273,1244,1517,0.1388
271,1236,1507,0.1388
272,1240,1512,0.1388
272,1238,1510,0.1388
271,1245,1516,0.1388
269,1251,1520,0.1388
266,1260,1526,0.1388
267,1251,1518,0.1388
264,1243,1507,0.1388
268,1255,1523,0.1388
262,1250,1512,0.1388
259,1250,1509,0.1388
265,1254,1519,0.1388
264,1257,1521,0.1388
260,1256,1516,0.1388
255,1257,1512,0.1388
256,1264,1520,0.1388
260,1254,1514,0.1388
256,1266,1522,0.1388
257,1259,1516,0.1388
265,1278,1543,0.1388
258,1272,1530,0.1388
252,1255,1507,0.1388
247,1263,1510,0.1388
247,1267,1514,0.1388
244,1263,1507,0.1388
248,1269,1517,0.1388
244,1273,1517,0.1388
243,1282,1525,0.1388
241,1287,1528,0.1388
249,1270,1519,0.1388
246,1258,1504,0.1388
246,1253,1499,0.1388
241,1261,1502,0.1388
240,1274,1514,0.1388
230,1265,1495,0.1388
230,1276,1506,0.1388
232,1279,1511,0.1388
230,1284,1514,0.1388
236,1282,1518,0.1388
236,1277,1513,0.1388
237,1269,1506,0.1388
235,1268,1503,0.1388
233,1268,1501,0.1388
234,1278,1512,0.1388
235,1279,1514,0.1388
234,1283,1517,0.1388
231,1286,1517,0.1388
227,1289,1516,0.1388
223,1285,1508,0.1388
224,1282,1506,0.1388
221,1280,1501,0.1388
223,1288,1511,0.1388
222,1292,1514,0.1388
223,1283,1506,0.1388
225,1280,1505,0.1388
220,1282,1502,0.1388
214,1298,1512,0.1388
218,1294,1512,0.1388
215,1301,1516,0.1388
217,1298,1515,0.1388
215,1284,1499,0.1388
216,1302,1518,0.1388
220,1291,1511,0.1388
226,1299,1525,0.1388
224,1299,1523,0.1388
219,1287,1506,0.1388
216,1289,1505,0.1388
213,1294,1507,0.1388
218,1294,1512,0.1388
219,1302,1521,0.1388
220,1290,1510,0.1388
215,1292,1507,0.1388
209,1307,1516,0.1388
209,1299,1508,0.1388
206,1302,1508,0.1388
206,1300,1506,0.1388
206,1311,1517,0.1388
210,1302,1512,0.1388
205,1297,1502,0.1388
202,1297,1499,0.1388
206,1304,1510,0.1388
208,1303,1511,0.1388
212,1301,1513,0.1388
215,1306,1521,0.1388
211,1298,1509,0.1388
212,1290,1502,0.1388
211,1288,1499,0.1388
212,1296,1508,0.1388
216,1299,1515,0.1388
214,1290,1504,0.1388
214,1291,1505,0.1388
221,1301,1522,0.1388
213,1302,1515,0.1388
209,1305,1514,0.1388
207,1308,1515,0.1388
207,1304,1511,0.1388
204,1307,1511,0.1388
205,1305,1510,0.1388
199,1303,1502,0.1388
201,1304,1505,0.1388
200,1301,1501,0.1388
200,1315,1515,0.1388
201,1316,1517,0.1388
203,1321,1524,0.1388
203,1323,1526,0.1388
201,1322,1523,0.1388
204,1319,1523,0.1388
202,1313,1515,0.1388
207,1319,1526,0.1388
205,1322,1527,0.1388
200,1325,1525,0.1388
197,1320,1517,0.1388
197,1321,1518,0.1388
194,1317,1511,0.1388
194,1325,1519,0.1388
195,1320,1515,0.1388
194,1324,1518,0.1388
198,1312,1510,0.1388
194,1318,1512,0.1388
196,1321,1517,0.1388
197,1325,1522,0.1388
193,1324,1517,0.1388
187,1322,1509,0.1388
187,1322,1509,0.1388
184,1313,1497,0.1388
184,1321,1505,0.1388
179,1328,1507,0.1388
181,1313,1494,0.1388
185,1327,1512,0.1388
184,1321,1505,0.1388
182,1324,1506,0.1388
182,1330,1512,0.1388
174,1333,1507,0.1388
172,1335,1507,0.1388
174,1345,1519,0.1388
172,1349,1521,0.1388
176,1335,1511,0.1388
178,1330,1508,0.1388
176,1344,1520,0.1388
172,1339,1511,0.1388
177,1333,1510,0.1388
172,1346,1518,0.1388
169,1343,1512,0.1388
168,1325,1493,0.1388
174,1327,1501,0.1388
175,1338,1513,0.1388
172,1329,1501,0.1388
169,1330,1499,0.1388
165,1333,1498,0.1388
163,1346,1509,0.1388
164,1346,1510,0.1388
167,1348,1515,0.1388
165,1340,1505,0.1388
162,1338,1500,0.1388
169,1358,1527,0.1388
162,1356,1518,0.1388
163,1344,1507,0.1388
162,1345,1507,0.1388
167,1339,1506,0.1388
167,1333,1500,0.1388
168,1344,1512,0.1388
166,1343,1509,0.1388
167,1340,1507,0.1388
169,1335,1504,0.1388
168,1336,1504,0.1388
168,1349,1517,0.1388
169,1352,1521,0.1388
166,1347,1513,0.1388
164,1359,1523,0.1388
163,1340,1503,0.1388
160,1354,1514,0.1388
159,1361,1520,0.1388
157,1361,1518,0.1388
161,1363,1524,0.1388
159,1364,1523,0.1388
156,1365,1521,0.1388
155,1367,1522,0.1388
157,1372,1529,0.1388
158,1365,1523,0.1388
157,1365,1522,0.1388
151,1357,1508,0.1388
151,1363,1514,0.1388
147,1364,1511,0.1388
148,1365,1513,0.1388
144,1370,1514,0.1388
145,1373,1518,0.1388
149,1373,1522,0.1388
148,1368,1516,0.1388
148,1360,1508,0.1388
147,1365,1512,0.1388
147,1369,1516,0.1388
145,1370,1515,0.1388
147,1367,1514,0.1388
146,1363,1509,0.1388
145,1360,1505,0.1388
146,1370,1516,0.1388
144,1368,1512,0.1388
144,1363,1507,0.1388
142,1370,1512,0.1388
141,1371,1512,0.1388
142,1374,1516,0.1388
142,1366,1508,0.1388
139,1364,1503,0.1388
143,1368,1511,0.1388
142,1361,1503,0.1388
138,1362,1500,0.1388
138,1348,1486,0.1388
133,1342,1475,0.1388
133,1358,1491,0.1388
133,1367,1500,0.1388
130,1384,1514,0.1388
132,1376,1508,0.1388
132,1380,1512,0.1388
133,1389,1522,0.1388
129,1387,1516,0.1388
131,1387,1518,0.1388
129,1382,1511,0.1388
127,1388,1515,0.1388
128,1388,1516,0.1388
131,1391,1522,0.1388
129,1394,1523,0.1388
130,1383,1513,0.1388
124,1389,1513,0.1388
129,1386,1515,0.1388
129,1397,1526,0.1388
130,1395,1525,0.1388
131,1388,1519,0.1388
126,1390,1516,0.1388
127,1383,1510,0.1388
128,1394,1522,0.1388
130,1388,1518,0.1388
130,1385,1515,0.1388
130,1387,1517,0.1388
132,1399,1531,0.1388
132,1397,1529,0.1388
131,1386,1517,0.1388
127,1388,1515,0.1388
127,1380,1507,0.1388
128,1397,1525,0.1388
127,1382,1509,0.1388
127,1378,1505,0.1388
124,1381,1505,0.1388
127,1385,1512,0.1388
125,1388,1513,0.1388
128,1385,1513,0.1388
125,1389,1514,0.1388
122,1388,1510,0.1388
119,1384,1503,0.1388
124,1393,1517,0.1388
121,1396,1517,0.1388
119,1407,1526,0.1388
118,1398,1516,0.1388
118,1403,1521,0.1388
118,1398,1516,0.1388
120,1400,1520,0.1388
118,1393,1511,0.1388
117,1386,1503,0.1388
119,1396,1515,0.1388
117,1398,1515,0.1388
112,1394,1506,0.1388
112,1391,1503,0.1388
111,1380,1491,0.1388
114,1397,1511,0.1388
115,1397,1512,0.1388
117,1391,1508,0.1388
119,1400,1519,0.1388
119,1401,1520,0.1388
116,1393,1509,0.1388
116,1397,1513,0.1388
114,1396,1510,0.1388
114,1404,1518,0.1388
114,1395,1509,0.1388
114,1395,1509,0.1388
114,1395,1509,0.1388
119,1411,1530,0.1388
117,1417,1534,0.1388
116,1421,1537,0.1388
113,1418,1531,0.1388
112,1403,1515,0.1388
107,1403,1510,0.1388
103,1398,1501,0.1388
104,1393,1497,0.1388
105,1387,1492,0.1388
107,1399,1506,0.1388
109,1387,1496,0.1388
110,1393,1503,0.1388
104,1418,1522,0.1388
102,1423,1525,0.1388
103,1420,1523,0.1388
105,1425,1530,0.1388
106,1434,1540,0.1388
106,1431,1537,0.1388
105,1435,1540,0.1388
103,1423,1526,0.1388
104,1415,1519,0.1388
103,1425,1528,0.1388
102,1422,1524,0.1388
100,1412,1512,0.1388
102,1395,1497,0.1388
102,1408,1510,0.1388
100,1412,1512,0.1388
95,1415,1510,0.1388
97,1427,1524,0.1388
99,1424,1523,0.1388
98,1420,1518,0.1388
98,1423,1521,0.1388
98,1413,1511,0.1388
102,1415,1517,0.1388
102,1413,1515,0.1388
101,1415,1516,0.1388
102,1424,1526,0.1388
97,1422,1519,0.1388
99,1407,1506,0.1388
104,1403,1507,0.1388
97,1400,1497,0.1388
96,1422,1518,0.1388
96,1424,1520,0.1388
97,1420,1517,0.1388
97,1412,1509,0.1388
98,1414,1512,0.1388
95,1427,1522,0.1388
94,1423,1517,0.1388
95,1431,1526,0.1388
99,1419,1518,0.1388
97,1425,1522,0.1388
97,1409,1506,0.1388
97,1417,1514,0.1388
97,1416,1513,0.1388
96,1411,1507,0.1388
97,1402,1499,0.1388
99,1419,1518,0.1388
102,1419,1521,0.1388
103,1411,1514,0.1388
102,1409,1511,0.1388
104,1399,1503,0.1388
100,1420,1520,0.1388
100,1410,1510,0.1388
98,1439,1537,0.1388
94,1438,1532,0.1388
95,1436,1531,0.1388
96,1425,1521,0.1388
93,1422,1515,0.1388
90,1409,1499,0.1388
93,1413,1506,0.1388
91,1417,1508,0.1388
90,1419,1509,0.1388
88,1422,1510,0.1388
87,1419,1506,0.1388
90,1414,1504,0.1388
89,1420,1509,0.1388
88,1402,1490,0.1388
86,1404,1490,0.1388
86,1415,1501,0.1388
90,1411,1501,0.1388
85,1419,1504,0.1388
86,1415,1501,0.1388
86,1413,1499,0.1388
84,1410,1494,0.1388
87,1415,1502,0.1388
88,1415,1503,0.1388
93,1419,1512,0.1388
90,1417,1507,0.1388
89,1418,1507,0.1388
88,1426,1514,0.1388
89,1430,1519,0.1388
89,1428,1517,0.1388
87,1435,1522,0.1388
89,1424,1513,0.1388
90,1435,1525,0.1388
88,1434,1522,0.1388
84,1425,1509,0.1388
86,1422,1508,0.1388
87,1413,1500,0.1388
87,1407,1494,0.1388
89,1417,1506,0.1388
91,1427,1518,0.1388
90,1426,1516,0.1388
86,1433,1519,0.1388
87,1431,1518,0.1388
87,1431,1518,0.1388
86,1435,1521,0.1388
85,1427,1512,0.1388
85,1429,1514,0.1388
88,1434,1522,0.1388
89,1441,1530,0.1388
85,1439,1524,0.1388
85,1444,1529,0.1388
82,1451,1533,0.1388
82,1452,1534,0.1388
82,1440,1522,0.1388
80,1425,1505,0.1388
78,1431,1509,0.1388
80,1438,1518,0.1388
80,1425,1505,0.1388
82,1429,1511,0.1388
82,1428,1510,0.1388
82,1425,1507,0.1388
77,1425,1502,0.1388
80,1441,1521,0.1388
81,1431,1512,0.1388
81,1436,1517,0.1388
79,1430,1509,0.1388
81,1433,1514,0.1388
82,1432,1514,0.1388
79,1431,1510,0.1388
78,1427,1505,0.1388
75,1437,1512,0.1388
73,1430,1503,0.1388
76,1430,1506,0.1388
79,1434,1513,0.1388
78,1441,1519,0.1388
79,1436,1515,0.1388
76,1440,1516,0.1388
76,1438,1514,0.1388
77,1434,1511,0.1388
76,1433,1509,0.1388
75,1435,1510,0.1388
75,1433,1508,0.1388
77,1429,1506,0.1388
76,1439,1515,0.1388
73,1447,1520,0.1388
73,1457,1530,0.1388
74,1448,1522,0.1388
73,1440,1513,0.1388
75,1447,1522,0.1388
75,1448,1523,0.1388
76,1449,1525,0.1388
76,1436,1512,0.1388
74,1430,1504,0.1388
74,1445,1519,0.1388
75,1449,1524,0.1388
76,1453,1529,0.1388
77,1456,1533,0.1388
79,1446,1525,0.1388
77,1443,1520,0.1388
76,1462,1538,0.1388
76,1453,1529,0.1388
74,1446,1520,0.1388
74,1442,1516,0.1388
73,1451,1524,0.1388
73,1448,1521,0.1388
68,1450,1518,0.1388
69,1444,1513,0.1388
68,1444,1512,0.1388
67,1447,1514,0.1388
65,1449,1514,0.1388
64,1449,1513,0.1388
64,1441,1505,0.1388
62,1443,1505,0.1388
61,1448,1509,0.1388
63,1464,1527,0.1388
64,1455,1519,0.1388
61,1453,1514,0.1388
62,1451,1513,0.1388
62,1462,1524,0.1388
60,1469,1529,0.1388
60,1463,1523,0.1388
60,1452,1512,0.1388
61,1440,1501,0.1388
60,1438,1498,0.1388
63,1448,1511,0.1388
63,1451,1514,0.1388
62,1454,1516,0.1388
63,1454,1517,0.1388
62,1467,1529,0.1388
62,1454,1516,0.1388
60,1443,1503,0.1388
55,1456,1511,0.1388
57,1458,1515,0.1388
56,1460,1516,0.1388
55,1465,1520,0.1388
55,1461,1516,0.1388
56,1464,1520,0.1388
55,1455,1510,0.1388
54,1446,1500,0.1388
58,1441,1499,0.1388
57,1456,1513,0.1388
57,1456,1513,0.1388
57,1471,1528,0.1388
59,1455,1514,0.1388
60,1461,1521,0.1388
58,1439,1497,0.1388
57,1451,1508,0.1388
58,1454,1512,0.1388
58,1449,1507,0.1388
59,1451,1510,0.1388
57,1451,1508,0.1388
58,1456,1514,0.1388
57,1458,1515,0.1388
57,1462,1519,0.1388
56,1443,1499,0.1388
56,1443,1499,0.1388
54,1454,1508,0.1388
55,1453,1508,0.1388
55,1462,1517,0.1388
56,1456,1512,0.1388
56,1459,1515,0.1388
57,1458,1515,0.1388
57,1460,1517,0.1388
58,1454,1512,0.1388
55,1461,1516,0.1388
53,1457,1510,0.1388
51,1448,1499,0.1388
53,1451,1504,0.1388
55,1447,1502,0.1388
56,1453,1509,0.1388
56,1458,1514,0.1388
56,1466,1522,0.1388
56,1457,1513,0.1388
53,1472,1525,0.1388
56,1471,1527,0.1388
57,1458,1515,0.1388
56,1459,1515,0.1388
55,1458,1513,0.1388
56,1462,1518,0.1388
58,1462,1520,0.1388
60,1461,1521,0.1388
60,1466,1526,0.1388
58,1457,1515,0.1388
59,1450,1509,0.1388
59,1452,1511,0.1388
59,1447,1506,0.1388
58,1453,1511,0.1388
57,1467,1524,0.1388
57,1459,1516,0.1388
57,1454,1511,0.1388
57,1438,1495,0.1388
53,1439,1492,0.1388
56,1445,1501,0.1388
55,1447,1502,0.1388
57,1462,1519,0.1388
54,1472,1526,0.1388
53,1465,1518,0.1388
51,1471,1522,0.1388
52,1475,1527,0.1388
54,1478,1532,0.1388
54,1469,1523,0.1388
55,1466,1521,0.1388
56,1470,1526,0.1388
52,1460,1512,0.1388
51,1462,1513,0.1388
48,1451,1499,0.1388
48,1448,1496,0.1388
49,1464,1513,0.1388
47,1464,1511,0.1388
47,1464,1511,0.1388
48,1474,1522,0.1388
48,1485,1533,0.1388
49,1479,1528,0.1388
46,1482,1528,0.1388
45,1479,1524,0.1388
43,1479,1522,0.1388
43,1469,1512,0.1388
44,1483,1527,0.1388
43,1485,1528,0.1388
42,1483,1525,0.1388
44,1464,1508,0.1388
44,1470,1514,0.1388
46,1464,1510,0.1388
46,1476,1522,0.1388
46,1472,1518,0.1388
47,1471,1518,0.1388
47,1478,1525,0.1388
45,1484,1529,0.1388
47,1481,1528,0.1388
47,1469,1516,0.1388
42,1478,1520,0.1388
42,1469,1511,0.1388
45,1471,1516,0.1388
45,1474,1519,0.1388
45,1484,1529,0.1388
46,1481,1527,0.1388
47,1475,1522,0.1388
45,1478,1523,0.1388
48,1488,1536,0.1388
47,1472,1519,0.1388
47,1472,1519,0.1388
46,1470,1516,0.1388
45,1461,1506,0.1388
46,1470,1516,0.1388
45,1471,1516,0.1388
46,1470,1516,0.1388
49,1464,1513,0.1388
49,1485,1534,0.1388
46,1491,1537,0.1388
46,1497,1543,0.1388
44,1496,1540,0.1388
40,1482,1522,0.1388
41,1487,1528,0.1388
42,1485,1527,0.1388
40,1468,1508,0.1388
41,1471,1512,0.1388
42,1481,1523,0.1388
41,1477,1518,0.1388
39,1478,1517,0.1388
39,1474,1513,0.1388
38,1483,1521,0.1388
37,1491,1528,0.1388
37,1477,1514,0.1388
38,1463,1501,0.1388
38,1459,1497,0.1388
37,1469,1506,0.1388
36,1478,1514,0.1388
37,1473,1510,0.1388
38,1477,1515,0.1388
38,1476,1514,0.1388
38,1472,1510,0.1388
39,1465,1504,0.1388
41,1464,1505,0.1388
41,1457,1498,0.1388
42,1460,1502,0.1388
42,1459,1501,0.1388
41,1468,1509,0.1388
38,1468,1506,0.1388
37,1468,1505,0.1388
39,1477,1516,0.1388
40,1466,1506,0.1388
36,1457,1493,0.1388
38,1469,1507,0.1388
37,1482,1519,0.1388
34,1474,1508,0.1388
36,1468,1504,0.1388
35,1480,1515,0.1388
36,1486,1522,0.1388
36,1489,1525,0.1388
37,1494,1531,0.1388
37,1482,1519,0.1388
36,1476,1512,0.1388
36,1472,1508,0.1388
35,1464,1499,0.1388
35,1475,1510,0.1388
36,1484,1520,0.1388
37,1483,1520,0.1388
39,1488,1527,0.1388
37,1494,1531,0.1388
34,1482,1516,0.1388
34,1475,1509,0.1388
35,1489,1524,0.1388
36,1503,1539,0.1388
35,1494,1529,0.1388
35,1475,1510,0.1388
34,1478,1512,0.1388
37,1481,1518,0.1388
38,1477,1515,0.1388
37,1476,1513,0.1388
36,1477,1513,0.1388
37,1475,1512,0.1388
38,1477,1515,0.1388
35,1480,1515,0.1388
37,1473,1510,0.1388
40,1459,1499,0.1388
41,1477,1518,0.1388
41,1471,1512,0.1388
43,1461,1504,0.1388
44,1463,1507,0.1388
44,1455,1499,0.1388
44,1462,1506,0.1388
45,1465,1510,0.1388
43,1486,1529,0.1388
42,1480,1522,0.1388
43,1485,1528,0.1388
42,1481,1523,0.1388
40,1487,1527,0.1388
42,1474,1516,0.1388
41,1465,1506,0.1388
40,1471,1511,0.1388
40,1468,1508,0.1388
39,1470,1509,0.1388
38,1485,1523,0.1388
37,1479,1516,0.1388
36,1470,1506,0.1388
35,1466,1501,0.1388
35,1463,1498,0.1388
36,1467,1503,0.1388
37,1483,1520,0.1388
37,1495,1532,0.1388
37,1488,1525,0.1388
32,1480,1512,0.1388
34,1483,1517,0.1388
32,1486,1518,0.1388
32,1484,1516,0.1388
34,1483,1517,0.1388
33,1485,1518,0.1388
33,1473,1506,0.1388
31,1472,1503,0.1388
32,1475,1507,0.1388
32,1474,1506,0.1388
31,1487,1518,0.1388
26,1490,1516,0.1388
28,1491,1519,0.1388
28,1494,1522,0.1388
28,1492,1520,0.1388
28,1486,1514,0.1388
27,1481,1508,0.1388
27,1480,1507,0.1388
26,1474,1500,0.1388
25,1497,1522,0.1388
26,1504,1530,0.1388
23,1495,1518,0.1388
22,1489,1511,0.1388
21,1494,1515,0.1388
23,1498,1521,0.1388
24,1492,1516,0.1388
25,1471,1496,0.1388
25,1487,1512,0.1388
24,1487,1511,0.1388
25,1502,1527,0.1388
24,1499,1523,0.1388
23,1501,1524,0.1388
24,1481,1505,0.1388
25,1481,1506,0.1388
24,1480,1504,0.1388
24,1494,1518,0.1388
23,1489,1512,0.1388
24,1505,1529,0.1388
27,1480,1507,0.1388
28,1477,1505,0.1388
28,1490,1518,0.1388
27,1472,1499,0.1388
26,1473,1499,0.1388
27,1483,1510,0.1388
27,1478,1505,0.1388
27,1481,1508,0.1388
27,1492,1519,0.1388
26,1483,1509,0.1388
26,1482,1508,0.1388
27,1498,1525,0.1388
26,1490,1516,0.1388
25,1488,1513,0.1388
23,1491,1514,0.1388
24,1503,1527,0.1388
25,1497,1522,0.1388
25,1499,1524,0.1388
24,1497,1521,0.1388
24,1496,1520,0.1388
23,1500,1523,0.1388
23,1503,1526,0.1388
23,1496,1519,0.1388
21,1505,1526,0.1388
21,1492,1513,0.1388
22,1496,1518,0.1388
21,1494,1515,0.1388
22,1502,1524,0.1388
23,1490,1513,0.1388
24,1492,1516,0.1388
21,1502,1523,0.1388
21,1508,1529,0.1388
20,1509,1529,0.1388
20,1497,1517,0.1388
20,1488,1508,0.1388
20,1502,1522,0.1388
19,1500,1519,0.1388
19,1488,1507,0.1388
20,1492,1512,0.1388
18,1499,1517,0.1388
17,1498,1515,0.1388
17,1488,1505,0.1388
17,1487,1504,0.1388
16,1497,1513,0.1388
17,1499,1516,0.1388
18,1494,1512,0.1388
18,1492,1510,0.1388
18,1493,1511,0.1388
18,1501,1519,0.1388
20,1487,1507,0.1388
19,1487,1506,0.1388
18,1501,1519,0.1388
18,1499,1517,0.1388
17,1506,1523,0.1388
17,1505,1522,0.1388
18,1493,1511,0.1388
18,1493,1511,0.1388
18,1508,1526,0.1388
18,1493,1511,0.1388
18,1493,1511,0.1388
18,1492,1510,0.1388
18,1487,1505,0.1388
19,1484,1503,0.1388
19,1483,1502,0.1388
17,1489,1506,0.1388
15,1490,1505,0.1388
14,1494,1508,0.1388
14,1490,1504,0.1388
14,1492,1506,0.1388
14,1486,1500,0.1388
16,1481,1497,0.1388
18,1499,1517,0.1388
19,1507,1526,0.1388
19,1499,1518,0.1388
18,1498,1516,0.1388
18,1494,1512,0.1388
19,1500,1519,0.1388
18,1509,1527,0.1388
16,1504,1520,0.1388
16,1510,1526,0.1388
16,1500,1516,0.1388
16,1508,1524,0.1388
16,1499,1515,0.1388
16,1494,1510,0.1388
16,1504,1520,0.1388
15,1514,1529,0.1388
14,1513,1527,0.1388
14,1506,1520,0.1388
14,1506,1520,0.1388
14,1501,1515,0.1388
14,1507,1521,0.1388
14,1527,1541,0.1388
14,1517,1531,0.1388
14,1497,1511,0.1388
14,1501,1515,0.1388
12,1497,1509,0.1388
11,1493,1504,0.1388
11,1495,1506,0.1388
11,1504,1515,0.1388
11,1508,1519,0.1388
11,1505,1516,0.1388
11,1508,1519,0.1388
11,1501,1512,0.1388
11,1505,1516,0.1388
10,1502,1512,0.1388
11,1507,1518,0.1388
10,1513,1523,0.1388
10,1513,1523,0.1388
10,1511,1521,0.1388
10,1504,1514,0.1388
10,1499,1509,0.1388
10,1508,1518,0.1388
10,1505,1515,0.1388
10,1495,1505,0.1388
10,1483,1493,0.1388
10,1501,1511,0.1388
10,1501,1511,0.1388
10,1499,1509,0.1388
10,1504,1514,0.1388
11,1509,1520,0.1388
10,1514,1524,0.1388
10,1515,1525,0.1388
11,1502,1513,0.1388
8,1494,1502,0.1388
8,1502,1510,0.1388
8,1511,1519,0.1388
8,1508,1516,0.1388
9,1495,1504,0.1388
9,1497,1506,0.1388
9,1506,1515,0.1388
9,1498,1507,0.1388
8,1502,1510,0.1388
8,1494,1502,0.1388
8,1510,1518,0.1388
7,1507,1514,0.1388
7,1499,1506,0.1388
7,1505,1512,0.1388
6,1514,1520,0.1388
7,1507,1514,0.1388
7,1506,1513,0.1388
6,1511,1517,0.1388
6,1503,1509,0.1388
5,1505,1510,0.1388
5,1501,1506,0.1388
5,1500,1505,0.1388
5,1501,1506,0.1388
6,1506,1512,0.1388
6,1504,1510,0.1388
5,1515,1520,0.1388
5,1525,1530,0.1388
5,1503,1508,0.1388
5,1494,1499,0.1388
4,1497,1501,0.1388
4,1505,1509,0.1388
4,1513,1517,0.1388
4,1503,1507,0.1388
4,1517,1521,0.1388
4,1508,1512,0.1388
3,1507,1510,0.1388
3,1505,1508,0.1388
3,1505,1508,0.1388
2,1516,1518,0.1388
2,1514,1516,0.1388
2,1521,1523,0.1388
2,1527,1529,0.1388
2,1536,1538,0.1388
2,1524,1526,0.1388
2,1517,1519,0.1388
2,1512,1514,0.1388
2,1512,1514,0.1388
2,1512,1514,0.1388
2,1511,1513,0.1388
2,1510,1512,0.1388
2,1506,1508,0.1388
2,1502,1504,0.1388
3,1509,1512,0.1388
3,1509,1512,0.1388
3,1500,1503,0.1388
3,1504,1507,0.1388
3,1497,1500,0.1388
3,1506,1509,0.1388
3,1502,1505,0.1388
3,1515,1518,0.1388
3,1512,1515,0.1388
3,1515,1518,0.1388
3,1512,1515,0.1388
3,1498,1501,0.1388
3,1503,1506,0.1388
3,1518,1521,0.1388
3,1500,1503,0.1388
3,1513,1516,0.1388
3,1524,1527,0.1388
3,1530,1533,0.1388
3,1530,1533,0.1388
4,1523,1527,0.1388
3,1519,1522,0.1388
3,1518,1521,0.1388
3,1506,1509,0.1388
2,1522,1524,0.1388
2,1522,1524,0.1388
2,1525,1527,0.1388
2,1522,1524,0.1388
2,1525,1527,0.1388
2,1519,1521,0.1388
2,1518,1520,0.1388
2,1517,1519,0.1388
2,1522,1524,0.1388
1,1523,1524,0.1388
1,1520,1521,0.1388
1,1526,1527,0.1388
1,1509,1510,0.1388
1,1513,1514,0.1388
1,1513,1514,0.1388
1,1505,1506,0.1388
1,1506,1507,0.1388
1,1506,1507,0.1388
1,1501,1502,0.1388
1,1507,1508,0.1388
1,1501,1502,0.1388
1,1501,1502,0.1388
1,1509,1510,0.1388
1,1513,1514,0.1388
1,1519,1520,0.1388
1,1517,1518,0.1388
1,1510,1511,0.1388
1,1518,1519,0.1388
1,1519,1520,0.1388
1,1522,1523,0.1388
1,1526,1527,0.1388
1,1524,1525,0.1388
1,1515,1516,0.1388
0,1521,1521,0.1388
