1370,28,1398,0.1388
1400,32,1432,0.1388
1414,33,1447,0.1388
1425,35,1460,0.1388
1442,35,1477,0.1388
1454,37,1491,0.1388
1452,37,1489,0.1388
1455,37,1492,0.1388
1447,36,1483,0.1388
1447,36,1483,0.1388
1447,38,1485,0.1388
1459,38,1497,0.1388
1471,37,1508,0.1388
1474,36,1510,0.1388
1478,39,1517,0.1388
1471,41,1512,0.1388
1461,40,1501,0.1388
1450,40,1490,0.1388
1461,40,1501,0.1388
1454,39,1493,0.1388
1455,40,1495,0.1388
1455,40,1495,0.1388
1451,40,1491,0.1388
1450,40,1490,0.1388
1432,42,1474,0.1388
1435,42,1477,0.1388
1433,41,1474,0.1388
1436,40,1476,0.1388
1445,40,1485,0.1388
1446,41,1487,0.1388
1453,41,1494,0.1388
1446,45,1491,0.1388
1440,45,1485,0.1388
1440,46,1486,0.1388
1458,49,1507,0.1388
1454,48,1502,0.1388
1451,47,1498,0.1388
1452,48,1500,0.1388
1451,51,1502,0.1388
1453,52,1505,0.1388
1445,52,1497,0.1388
1434,52,1486,0.1388
1430,52,1482,0.1388
1439,51,1490,0.1388
1433,50,1483,0.1388
1420,50,1470,0.1388
1426,52,1478,0.1388
1427,52,1479,0.1388
1441,50,1491,0.1388
1441,50,1491,0.1388
1442,49,1491,0.1388
1448,51,1499,0.1388
1442,52,1494,0.1388
1437,52,1489,0.1388
1452,57,1509,0.1388
1454,56,1510,0.1388
1461,57,1518,0.1388
1448,59,1507,0.1388
1453,60,1513,0.1388
1441,59,1500,0.1388
1439,60,1499,0.1388
1437,61,1498,0.1388
1435,60,1495,0.1388
1450,58,1508,0.1388
1441,58,1499,0.1388
1424,58,1482,0.1388
1427,59,1486,0.1388
1430,59,1489,0.1388
1426,60,1486,0.1388
1408,60,1468,0.1388
1426,61,1487,0.1388
1425,63,1488,0.1388
1436,65,1501,0.1388
1429,66,1495,0.1388
1430,66,1496,0.1388
1427,67,1494,0.1388
1429,71,1500,0.1388
1419,72,1491,0.1388
1416,73,1489,0.1388
1424,73,1497,0.1388
1415,74,1489,0.1388
1409,76,1485,0.1388
1409,77,1486,0.1388
1411,81,1492,0.1388
1410,80,1490,0.1388
1392,81,1473,0.1388
1401,83,1484,0.1388
1398,82,1480,0.1388
1417,88,1505,0.1388
1419,85,1504,0.1388
1407,86,1493,0.1388
1411,88,1499,0.1388
1399,92,1491,0.1388
1414,91,1505,0.1388
1403,91,1494,0.1388
1406,88,1494,0.1388
1400,91,1491,0.1388
1407,84,1491,0.1388
1404,86,1490,0.1388
1405,88,1493,0.1388
1413,89,1502,0.1388
1415,90,1505,0.1388
1423,85,1508,0.1388
1419,89,1508,0.1388
1406,90,1496,0.1388
1415,89,1504,0.1388
1410,90,1500,0.1388
1409,95,1504,0.1388
1403,93,1496,0.1388
1405,91,1496,0.1388
1393,90,1483,0.1388
1399,92,1491,0.1388
1408,92,1500,0.1388
1412,93,1505,0.1388
1425,91,1516,0.1388
1428,90,1518,0.1388
1415,90,1505,0.1388
1404,90,1494,0.1388
1403,88,1491,0.1388
1406,91,1497,0.1388
1396,93,1489,0.1388
1397,98,1495,0.1388
1388,100,1488,0.1388
1407,100,1507,0.1388
1400,98,1498,0.1388
1396,97,1493,0.1388
1400,96,1496,0.1388
1405,100,1505,0.1388
1404,101,1505,0.1388
1402,101,1503,0.1388
1402,99,1501,0.1388
1392,100,1492,0.1388
1388,103,1491,0.1388
1387,105,1492,0.1388
1376,105,1481,0.1388
1387,104,1491,0.1388
1393,105,1498,0.1388
1391,107,1498,0.1388
1379,105,1484,0.1388
1370,105,1475,0.1388
1370,108,1478,0.1388
1371,111,1482,0.1388
1394,107,1501,0.1388
1398,111,1509,0.1388
1397,112,1509,0.1388
1406,109,1515,0.1388
1417,108,1525,0.1388
1415,106,1521,0.1388
1412,106,1518,0.1388
1408,105,1513,0.1388
1396,105,1501,0.1388
1386,104,1490,0.1388
1383,107,1490,0.1388
1398,110,1508,0.1388
1403,106,1509,0.1388
1406,99,1505,0.1388
1399,102,1501,0.1388
1394,107,1501,0.1388
1408,108,1516,0.1388
1404,108,1512,0.1388
1393,108,1501,0.1388
1375,105,1480,0.1388
1385,103,1488,0.1388
1367,105,1472,0.1388
1375,106,1481,0.1388
1375,109,1484,0.1388
1379,113,1492,0.1388
1378,115,1493,0.1388
1384,115,1499,0.1388
1380,116,1496,0.1388
1378,111,1489,0.1388
1368,114,1482,0.1388
1369,120,1489,0.1388
1370,120,1490,0.1388
1370,124,1494,0.1388
1367,120,1487,0.1388
1380,117,1497,0.1388
1382,118,1500,0.1388
1371,118,1489,0.1388
1354,114,1468,0.1388
1375,118,1493,0.1388
1377,113,1490,0.1388
1373,117,1490,0.1388
1382,120,1502,0.1388
1388,121,1509,0.1388
1376,120,1496,0.1388
1374,120,1494,0.1388
1375,121,1496,0.1388
1367,126,1493,0.1388
1358,125,1483,0.1388
1359,121,1480,0.1388
1357,120,1477,0.1388
1359,120,1479,0.1388
1369,126,1495,0.1388
1366,127,1493,0.1388
1362,127,1489,0.1388
1376,124,1500,0.1388
1373,126,1499,0.1388
1386,129,1515,0.1388
1381,124,1505,0.1388
1374,126,1500,0.1388
1376,129,1505,0.1388
1376,129,1505,0.1388
1377,130,1507,0.1388
1366,130,1496,0.1388
1358,130,1488,0.1388
1367,126,1493,0.1388
1367,130,1497,0.1388
1360,133,1493,0.1388
1348,132,1480,0.1388
1356,138,1494,0.1388
1355,137,1492,0.1388
1356,138,1494,0.1388
1345,142,1487,0.1388
1349,140,1489,0.1388
1364,138,1502,0.1388
1357,137,1494,0.1388
1352,138,1490,0.1388
1349,137,1486,0.1388
1341,141,1482,0.1388
1336,142,1478,0.1388
1327,143,1470,0.1388
1334,148,1482,0.1388
1336,147,1483,0.1388
1330,153,1483,0.1388
1344,156,1500,0.1388
1357,153,1510,0.1388
1358,157,1515,0.1388
1351,156,1507,0.1388
1331,161,1492,0.1388
1336,163,1499,0.1388
1328,164,1492,0.1388
1329,162,1491,0.1388
1333,159,1492,0.1388
1338,162,1500,0.1388
1349,161,1510,0.1388
1343,157,1500,0.1388
1345,160,1505,0.1388
1343,164,1507,0.1388
1349,162,1511,0.1388
1352,161,1513,0.1388
1350,159,1509,0.1388
1344,164,1508,0.1388
1335,165,1500,0.1388
1331,169,1500,0.1388
1349,170,1519,0.1388
1347,173,1520,0.1388
1346,177,1523,0.1388
1335,175,1510,0.1388
1333,175,1508,0.1388
1335,174,1509,0.1388
1328,176,1504,0.1388
1325,175,1500,0.1388
1331,171,1502,0.1388
1330,172,1502,0.1388
1333,172,1505,0.1388
1320,175,1495,0.1388
1305,172,1477,0.1388
1321,176,1497,0.1388
1322,179,1501,0.1388
1325,179,1504,0.1388
1313,178,1491,0.1388
1305,179,1484,0.1388
1316,180,1496,0.1388
1317,179,1496,0.1388
1310,182,1492,0.1388
1311,186,1497,0.1388
1300,185,1485,0.1388
1315,186,1501,0.1388
1302,193,1495,0.1388
1325,186,1511,0.1388
1323,183,1506,0.1388
1313,185,1498,0.1388
1311,189,1500,0.1388
1321,185,1506,0.1388
1310,182,1492,0.1388
1310,188,1498,0.1388
1300,186,1486,0.1388
1303,190,1493,0.1388
1305,192,1497,0.1388
1305,192,1497,0.1388
1303,199,1502,0.1388
1301,199,1500,0.1388
1304,198,1502,0.1388
1310,200,1510,0.1388
1309,201,1510,0.1388
1318,197,1515,0.1388
1309,203,1512,0.1388
1302,204,1506,0.1388
1282,202,1484,0.1388
1283,208,1491,0.1388
1281,209,1490,0.1388
1299,212,1511,0.1388
1297,210,1507,0.1388
1297,212,1509,0.1388
1297,211,1508,0.1388
1307,210,1517,0.1388
1284,204,1488,0.1388
1278,208,1486,0.1388
1277,206,1483,0.1388
1289,204,1493,0.1388
1283,203,1486,0.1388
1273,208,1481,0.1388
1269,212,1481,0.1388
1253,209,1462,0.1388
1271,216,1487,0.1388
1269,213,1482,0.1388
1275,214,1489,0.1388
1288,213,1501,0.1388
1271,217,1488,0.1388
1257,213,1470,0.1388
1267,219,1486,0.1388
1274,228,1502,0.1388
1280,234,1514,0.1388
1266,237,1503,0.1388
1267,233,1500,0.1388
1277,238,1515,0.1388
1252,240,1492,0.1388
1252,239,1491,0.1388
1254,231,1485,0.1388
1268,239,1507,0.1388
1267,244,1511,0.1388
1267,240,1507,0.1388
1244,241,1485,0.1388
1245,237,1482,0.1388
1243,231,1474,0.1388
1253,232,1485,0.1388
1261,234,1495,0.1388
1271,239,1510,0.1388
1248,240,1488,0.1388
1254,244,1498,0.1388
1255,244,1499,0.1388
1253,245,1498,0.1388
1242,247,1489,0.1388
1247,243,1490,0.1388
1234,251,1485,0.1388
1223,248,1471,0.1388
1236,253,1489,0.1388
1231,252,1483,0.1388
1244,247,1491,0.1388
1250,245,1495,0.1388
1241,243,1484,0.1388
1244,249,1493,0.1388
1242,242,1484,0.1388
1238,243,1481,0.1388
1246,245,1491,0.1388
1236,253,1489,0.1388
1235,253,1488,0.1388
1229,247,1476,0.1388
1245,249,1494,0.1388
1254,248,1502,0.1388
1256,253,1509,0.1388
1246,260,1506,0.1388
1247,258,1505,0.1388
1238,262,1500,0.1388
1236,258,1494,0.1388
1238,255,1493,0.1388
1239,261,1500,0.1388
1239,269,1508,0.1388
1232,267,1499,0.1388
1228,269,1497,0.1388
1226,276,1502,0.1388
1227,282,1509,0.1388
1217,280,1497,0.1388
1222,273,1495,0.1388
1225,272,1497,0.1388
1224,269,1493,0.1388
1229,270,1499,0.1388
1233,273,1506,0.1388
1230,276,1506,0.1388
1225,276,1501,0.1388
1219,274,1493,0.1388
1231,272,1503,0.1388
1224,273,1497,0.1388
1231,279,1510,0.1388
1227,290,1517,0.1388
1215,291,1506,0.1388
1204,292,1496,0.1388
1210,292,1502,0.1388
1211,296,1507,0.1388
1210,297,1507,0.1388
1200,296,1496,0.1388
1190,296,1486,0.1388
1185,305,1490,0.1388
1187,304,1491,0.1388
1193,301,1494,0.1388
1184,300,1484,0.1388
1186,304,1490,0.1388
1188,304,1492,0.1388
1193,305,1498,0.1388
1190,304,1494,0.1388
1194,305,1499,0.1388
1185,309,1494,0.1388
1176,305,1481,0.1388
1190,304,1494,0.1388
1188,308,1496,0.1388
1186,307,1493,0.1388
1189,303,1492,0.1388
1184,305,1489,0.1388
1172,307,1479,0.1388
1178,307,1485,0.1388
1185,313,1498,0.1388
1187,316,1503,0.1388
1189,321,1510,0.1388
1177,322,1499,0.1388
1166,327,1493,0.1388
1169,330,1499,0.1388
1164,331,1495,0.1388
1171,327,1498,0.1388
1163,331,1494,0.1388
1160,328,1488,0.1388
1157,330,1487,0.1388
1155,335,1490,0.1388
1161,336,1497,0.1388
1171,333,1504,0.1388
1156,337,1493,0.1388
1154,338,1492,0.1388
1137,337,1474,0.1388
1154,334,1488,0.1388
1152,337,1489,0.1388
1162,337,1499,0.1388
1172,334,1506,0.1388
1157,345,1502,0.1388
1160,343,1503,0.1388
1163,341,1504,0.1388
1157,340,1497,0.1388
1154,350,1504,0.1388
1148,352,1500,0.1388
1144,357,1501,0.1388
1132,358,1490,0.1388
1125,363,1488,0.1388
1131,367,1498,0.1388
1115,367,1482,0.1388
1110,371,1481,0.1388
1112,380,1492,0.1388
1107,386,1493,0.1388
1094,385,1479,0.1388
1101,383,1484,0.1388
1104,389,1493,0.1388
1092,391,1483,0.1388
1090,393,1483,0.1388
1086,386,1472,0.1388
1107,378,1485,0.1388
1118,375,1493,0.1388
1108,376,1484,0.1388
1097,390,1487,0.1388
1101,394,1495,0.1388
1102,384,1486,0.1388
1104,388,1492,0.1388
1096,387,1483,0.1388
1081,402,1483,0.1388
1078,408,1486,0.1388
1079,412,1491,0.1388
1079,409,1488,0.1388
1075,413,1488,0.1388
1077,416,1493,0.1388
1088,419,1507,0.1388
1084,421,1505,0.1388
1076,415,1491,0.1388
1075,421,1496,0.1388
1064,421,1485,0.1388
1070,421,1491,0.1388
1083,427,1510,0.1388
1070,431,1501,0.1388
1071,434,1505,0.1388
1064,434,1498,0.1388
1059,438,1497,0.1388
1058,440,1498,0.1388
1063,439,1502,0.1388
1055,439,1494,0.1388
1062,446,1508,0.1388
1057,454,1511,0.1388
1042,454,1496,0.1388
1047,458,1505,0.1388
1041,456,1497,0.1388
1041,455,1496,0.1388
1048,460,1508,0.1388
1044,469,1513,0.1388
1051,466,1517,0.1388
1045,460,1505,0.1388
1040,460,1500,0.1388
1042,458,1500,0.1388
1042,457,1499,0.1388
1040,462,1502,0.1388
1041,463,1504,0.1388
1059,464,1523,0.1388
1057,464,1521,0.1388
1049,459,1508,0.1388
1072,458,1530,0.1388
1061,450,1511,0.1388
1061,444,1505,0.1388
1055,446,1501,0.1388
1055,452,1507,0.1388
1054,452,1506,0.1388
1053,456,1509,0.1388
1063,455,1518,0.1388
1066,452,1518,0.1388
1063,448,1511,0.1388
1059,442,1501,0.1388
1059,448,1507,0.1388
1057,448,1505,0.1388
1054,447,1501,0.1388
1053,446,1499,0.1388
1045,448,1493,0.1388
1047,447,1494,0.1388
1049,445,1494,0.1388
1058,440,1498,0.1388
1057,438,1495,0.1388
1060,445,1505,0.1388
1052,453,1505,0.1388
1044,457,1501,0.1388
1043,451,1494,0.1388
1049,453,1502,0.1388
1037,463,1500,0.1388
1052,463,1515,0.1388
1057,461,1518,0.1388
1052,463,1515,0.1388
1045,453,1498,0.1388
1048,458,1506,0.1388
1041,467,1508,0.1388
1047,468,1515,0.1388
1039,466,1505,0.1388
1036,456,1492,0.1388
1052,462,1514,0.1388
1052,463,1515,0.1388
1047,462,1509,0.1388
1048,466,1514,0.1388
1038,470,1508,0.1388
1049,470,1519,0.1388
1045,466,1511,0.1388
1044,460,1504,0.1388
1050,467,1517,0.1388
1045,475,1520,0.1388
1047,461,1508,0.1388
1038,456,1494,0.1388
1034,458,1492,0.1388
1037,458,1495,0.1388
1040,462,1502,0.1388
1049,459,1508,0.1388
1059,456,1515,0.1388
1054,458,1512,0.1388
1048,460,1508,0.1388
1045,452,1497,0.1388
1038,459,1497,0.1388
1034,463,1497,0.1388
1031,470,1501,0.1388
1029,468,1497,0.1388
1032,471,1503,0.1388
1044,462,1506,0.1388
1037,462,1499,0.1388
1039,459,1498,0.1388
1058,457,1515,0.1388
1061,459,1520,0.1388
1061,453,1514,0.1388
1050,453,1503,0.1388
1053,457,1510,0.1388
1050,461,1511,0.1388
1039,453,1492,0.1388
1032,460,1492,0.1388
1029,468,1497,0.1388
1023,475,1498,0.1388
1018,468,1486,0.1388
1018,468,1486,0.1388
1010,478,1488,0.1388
1002,487,1489,0.1388
1011,488,1499,0.1388
1013,492,1505,0.1388
1005,491,1496,0.1388
1014,486,1500,0.1388
1006,486,1492,0.1388
1015,487,1502,0.1388
1010,485,1495,0.1388
1017,481,1498,0.1388
1024,494,1518,0.1388
1011,497,1508,0.1388
1008,503,1511,0.1388
995,504,1499,0.1388
1000,496,1496,0.1388
1011,494,1505,0.1388
1000,507,1507,0.1388
985,508,1493,0.1388
991,505,1496,0.1388
995,502,1497,0.1388
986,502,1488,0.1388
988,513,1501,0.1388
1001,512,1513,0.1388
1007,510,1517,0.1388
1014,515,1529,0.1388
1010,504,1514,0.1388
1003,500,1503,0.1388
1008,500,1508,0.1388
1008,509,1517,0.1388
1006,505,1511,0.1388
997,503,1500,0.1388
1001,502,1503,0.1388
1002,492,1494,0.1388
1004,497,1501,0.1388
1003,505,1508,0.1388
1002,505,1507,0.1388
991,505,1496,0.1388
1002,515,1517,0.1388
1001,512,1513,0.1388
992,504,1496,0.1388
995,507,1502,0.1388
990,515,1505,0.1388
973,517,1490,0.1388
966,519,1485,0.1388
973,521,1494,0.1388
977,521,1498,0.1388
969,528,1497,0.1388
970,527,1497,0.1388
960,534,1494,0.1388
954,541,1495,0.1388
958,539,1497,0.1388
956,543,1499,0.1388
957,541,1498,0.1388
956,539,1495,0.1388
954,545,1499,0.1388
957,549,1506,0.1388
946,561,1507,0.1388
951,556,1507,0.1388
946,556,1502,0.1388
940,555,1495,0.1388
938,548,1486,0.1388
939,552,1491,0.1388
948,549,1497,0.1388
941,551,1492,0.1388
943,559,1502,0.1388
936,558,1494,0.1388
931,553,1484,0.1388
936,561,1497,0.1388
938,571,1509,0.1388
938,568,1506,0.1388
939,561,1500,0.1388
942,572,1514,0.1388
940,575,1515,0.1388
946,568,1514,0.1388
939,565,1504,0.1388
935,559,1494,0.1388
936,577,1513,0.1388
929,574,1503,0.1388
928,568,1496,0.1388
930,575,1505,0.1388
927,575,1502,0.1388
925,583,1508,0.1388
918,587,1505,0.1388
924,584,1508,0.1388
926,582,1508,0.1388
922,589,1511,0.1388
931,590,1521,0.1388
926,587,1513,0.1388
927,594,1521,0.1388
921,596,1517,0.1388
914,591,1505,0.1388
922,585,1507,0.1388
913,596,1509,0.1388
897,597,1494,0.1388
895,600,1495,0.1388
895,607,1502,0.1388
904,606,1510,0.1388
911,607,1518,0.1388
917,609,1526,0.1388
904,605,1509,0.1388
893,601,1494,0.1388
894,612,1506,0.1388
893,617,1510,0.1388
886,631,1517,0.1388
888,622,1510,0.1388
882,616,1498,0.1388
887,623,1510,0.1388
893,625,1518,0.1388
886,636,1522,0.1388
879,637,1516,0.1388
868,641,1509,0.1388
869,636,1505,0.1388
863,629,1492,0.1388
863,636,1499,0.1388
863,651,1514,0.1388
860,652,1512,0.1388
848,639,1487,0.1388
853,636,1489,0.1388
866,640,1506,0.1388
847,654,1501,0.1388
855,656,1511,0.1388
843,653,1496,0.1388
858,657,1515,0.1388
861,659,1520,0.1388
847,663,1510,0.1388
846,661,1507,0.1388
848,665,1513,0.1388
843,665,1508,0.1388
844,658,1502,0.1388
844,656,1500,0.1388
842,666,1508,0.1388
835,671,1506,0.1388
836,670,1506,0.1388
830,670,1500,0.1388
836,673,1509,0.1388
842,677,1519,0.1388
838,673,1511,0.1388
827,671,1498,0.1388
822,674,1496,0.1388
821,677,1498,0.1388
820,676,1496,0.1388
822,674,1496,0.1388
825,674,1499,0.1388
822,672,1494,0.1388
824,684,1508,0.1388
823,682,1505,0.1388
820,682,1502,0.1388
811,689,1500,0.1388
812,680,1492,0.1388
820,673,1493,0.1388
812,676,1488,0.1388
816,680,1496,0.1388
819,679,1498,0.1388
816,685,1501,0.1388
821,686,1507,0.1388
806,690,1496,0.1388
822,689,1511,0.1388
815,690,1505,0.1388
811,698,1509,0.1388
814,696,1510,0.1388
810,691,1501,0.1388
811,695,1506,0.1388
809,700,1509,0.1388
814,697,1511,0.1388
816,696,1512,0.1388
812,700,1512,0.1388
804,704,1508,0.1388
804,699,1503,0.1388
797,690,1487,0.1388
799,691,1490,0.1388
800,695,1495,0.1388
804,701,1505,0.1388
813,706,1519,0.1388
799,710,1509,0.1388
798,722,1520,0.1388
794,722,1516,0.1388
805,724,1529,0.1388
800,729,1529,0.1388
798,726,1524,0.1388
780,725,1505,0.1388
778,733,1511,0.1388
772,729,1501,0.1388
771,737,1508,0.1388
766,745,1511,0.1388
770,734,1504,0.1388
774,733,1507,0.1388
776,741,1517,0.1388
773,749,1522,0.1388
770,751,1521,0.1388
766,747,1513,0.1388
763,749,1512,0.1388
750,750,1500,0.1388
742,749,1491,0.1388
740,756,1496,0.1388
744,754,1498,0.1388
762,746,1508,0.1388
755,751,1506,0.1388
751,753,1504,0.1388
758,750,1508,0.1388
761,748,1509,0.1388
756,754,1510,0.1388
743,760,1503,0.1388
747,762,1509,0.1388
750,762,1512,0.1388
753,760,1513,0.1388
749,762,1511,0.1388
750,766,1516,0.1388
752,755,1507,0.1388
747,752,1499,0.1388
745,756,1501,0.1388
748,758,1506,0.1388
743,772,1515,0.1388
747,760,1507,0.1388
749,770,1519,0.1388
750,765,1515,0.1388
738,758,1496,0.1388
729,763,1492,0.1388
728,768,1496,0.1388
737,769,1506,0.1388
744,763,1507,0.1388
748,764,1512,0.1388
737,774,1511,0.1388
736,781,1517,0.1388
740,774,1514,0.1388
729,778,1507,0.1388
724,772,1496,0.1388
718,776,1494,0.1388
727,783,1510,0.1388
720,791,1511,0.1388
723,784,1507,0.1388
717,788,1505,0.1388
704,791,1495,0.1388
712,789,1501,0.1388
700,793,1493,0.1388
704,791,1495,0.1388
703,801,1504,0.1388
698,800,1498,0.1388
702,808,1510,0.1388
710,796,1506,0.1388
719,793,1512,0.1388
714,796,1510,0.1388
716,805,1521,0.1388
710,809,1519,0.1388
718,804,1522,0.1388
720,799,1519,0.1388
715,806,1521,0.1388
713,797,1510,0.1388
705,802,1507,0.1388
702,799,1501,0.1388
697,794,1491,0.1388
703,804,1507,0.1388
702,802,1504,0.1388
703,801,1504,0.1388
699,806,1505,0.1388
696,812,1508,0.1388
692,817,1509,0.1388
683,822,1505,0.1388
676,822,1498,0.1388
674,819,1493,0.1388
680,825,1505,0.1388
674,822,1496,0.1388
678,824,1502,0.1388
681,821,1502,0.1388
675,820,1495,0.1388
675,825,1500,0.1388
680,822,1502,0.1388
681,820,1501,0.1388
684,819,1503,0.1388
696,822,1518,0.1388
703,827,1530,0.1388
697,828,1525,0.1388
702,824,1526,0.1388
696,831,1527,0.1388
695,830,1525,0.1388
690,819,1509,0.1388
693,818,1511,0.1388
692,824,1516,0.1388
690,817,1507,0.1388
683,825,1508,0.1388
684,833,1517,0.1388
686,836,1522,0.1388
685,829,1514,0.1388
677,829,1506,0.1388
679,822,1501,0.1388
680,827,1507,0.1388
677,839,1516,0.1388
689,832,1521,0.1388
688,827,1515,0.1388
686,818,1504,0.1388
682,832,1514,0.1388
675,827,1502,0.1388
669,835,1504,0.1388
666,829,1495,0.1388
671,845,1516,0.1388
677,832,1509,0.1388
673,836,1509,0.1388
665,837,1502,0.1388
674,841,1515,0.1388
663,853,1516,0.1388
657,856,1513,0.1388
657,855,1512,0.1388
659,857,1516,0.1388
663,857,1520,0.1388
657,858,1515,0.1388
652,859,1511,0.1388
646,867,1513,0.1388
655,856,1511,0.1388
659,857,1516,0.1388
644,861,1505,0.1388
636,864,1500,0.1388
641,871,1512,0.1388
639,874,1513,0.1388
633,870,1503,0.1388
634,875,1509,0.1388
630,876,1506,0.1388
632,880,1512,0.1388
629,883,1512,0.1388
631,887,1518,0.1388
626,883,1509,0.1388
623,880,1503,0.1388
628,889,1517,0.1388
626,903,1529,0.1388
614,888,1502,0.1388
609,894,1503,0.1388
611,897,1508,0.1388
610,906,1516,0.1388
616,895,1511,0.1388
623,901,1524,0.1388
624,901,1525,0.1388
624,907,1531,0.1388
609,905,1514,0.1388
609,898,1507,0.1388
606,903,1509,0.1388
612,907,1519,0.1388
611,897,1508,0.1388
611,899,1510,0.1388
608,906,1514,0.1388
602,904,1506,0.1388
603,903,1506,0.1388
610,901,1511,0.1388
602,901,1503,0.1388
602,902,1504,0.1388
596,908,1504,0.1388
594,910,1504,0.1388
589,909,1498,0.1388
589,907,1496,0.1388
580,918,1498,0.1388
585,922,1507,0.1388
592,928,1520,0.1388
581,926,1507,0.1388
595,924,1519,0.1388
594,922,1516,0.1388
590,918,1508,0.1388
589,918,1507,0.1388
600,917,1517,0.1388
608,905,1513,0.1388
603,909,1512,0.1388
598,911,1509,0.1388
598,908,1506,0.1388
607,902,1509,0.1388
599,902,1501,0.1388
606,898,1504,0.1388
602,907,1509,0.1388
603,907,1510,0.1388
598,914,1512,0.1388
589,918,1507,0.1388
588,916,1504,0.1388
592,919,1511,0.1388
598,912,1510,0.1388
596,912,1508,0.1388
594,922,1516,0.1388
593,921,1514,0.1388
595,917,1512,0.1388
601,915,1516,0.1388
592,907,1499,0.1388
597,907,1504,0.1388
588,905,1493,0.1388
585,900,1485,0.1388
577,903,1480,0.1388
577,903,1480,0.1388
579,924,1503,0.1388
580,926,1506,0.1388
580,931,1511,0.1388
572,934,1506,0.1388
573,933,1506,0.1388
576,922,1498,0.1388
585,917,1502,0.1388
574,926,1500,0.1388
573,924,1497,0.1388
577,937,1514,0.1388
578,937,1515,0.1388
572,932,1504,0.1388
569,935,1504,0.1388
571,928,1499,0.1388
565,945,1510,0.1388
561,939,1500,0.1388
564,925,1489,0.1388
555,935,1490,0.1388
568,943,1511,0.1388
567,950,1517,0.1388
575,938,1513,0.1388
577,930,1507,0.1388
574,930,1504,0.1388
569,934,1503,0.1388
572,940,1512,0.1388
566,945,1511,0.1388
563,955,1518,0.1388
556,959,1515,0.1388
557,965,1522,0.1388
540,970,1510,0.1388
540,971,1511,0.1388
540,963,1503,0.1388
537,965,1502,0.1388
529,974,1503,0.1388
526,967,1493,0.1388
531,971,1502,0.1388
538,970,1508,0.1388
538,968,1506,0.1388
531,967,1498,0.1388
531,960,1491,0.1388
524,977,1501,0.1388
530,979,1509,0.1388
535,985,1520,0.1388
538,990,1528,0.1388
535,981,1516,0.1388
534,987,1521,0.1388
530,993,1523,0.1388
521,991,1512,0.1388
521,977,1498,0.1388
532,987,1519,0.1388
517,987,1504,0.1388
515,989,1504,0.1388
522,990,1512,0.1388
523,1001,1524,0.1388
517,1003,1520,0.1388
515,988,1503,0.1388
510,983,1493,0.1388
510,980,1490,0.1388
509,975,1484,0.1388
509,990,1499,0.1388
511,992,1503,0.1388
512,987,1499,0.1388
513,986,1499,0.1388
517,991,1508,0.1388
512,1002,1514,0.1388
506,1013,1519,0.1388
502,1009,1511,0.1388
510,1013,1523,0.1388
496,1015,1511,0.1388
498,1017,1515,0.1388
503,1006,1509,0.1388
502,1020,1522,0.1388
498,1009,1507,0.1388
492,1011,1503,0.1388
490,1010,1500,0.1388
497,1004,1501,0.1388
497,1011,1508,0.1388
492,1008,1500,0.1388
498,998,1496,0.1388
498,1005,1503,0.1388
501,1006,1507,0.1388
500,1011,1511,0.1388
501,1010,1511,0.1388
497,1025,1522,0.1388
495,1028,1523,0.1388
490,1030,1520,0.1388
487,1032,1519,0.1388
480,1022,1502,0.1388
484,1028,1512,0.1388
492,1027,1519,0.1388
489,1022,1511,0.1388
475,1025,1500,0.1388
480,1033,1513,0.1388
484,1032,1516,0.1388
481,1031,1512,0.1388
488,1031,1519,0.1388
481,1027,1508,0.1388
484,1034,1518,0.1388
479,1033,1512,0.1388
487,1039,1526,0.1388
489,1026,1515,0.1388
490,1028,1518,0.1388
505,1039,1544,0.1388
492,1032,1524,0.1388
498,1019,1517,0.1388
497,1017,1514,0.1388
493,1012,1505,0.1388
493,1007,1500,0.1388
492,1003,1495,0.1388
495,999,1494,0.1388
504,1000,1504,0.1388
501,1009,1510,0.1388
497,1017,1514,0.1388
489,1017,1506,0.1388
490,1018,1508,0.1388
498,1008,1506,0.1388
490,1015,1505,0.1388
491,1019,1510,0.1388
492,1023,1515,0.1388
486,1025,1511,0.1388
480,1028,1508,0.1388
473,1033,1506,0.1388
465,1047,1512,0.1388
467,1046,1513,0.1388
469,1037,1506,0.1388
461,1025,1486,0.1388
461,1030,1491,0.1388
463,1038,1501,0.1388
463,1044,1507,0.1388
467,1041,1508,0.1388
471,1047,1518,0.1388
473,1046,1519,0.1388
467,1047,1514,0.1388
464,1053,1517,0.1388
474,1045,1519,0.1388
468,1034,1502,0.1388
476,1018,1494,0.1388
478,1018,1496,0.1388
485,1027,1512,0.1388
485,1022,1507,0.1388
484,1021,1505,0.1388
487,1025,1512,0.1388
481,1026,1507,0.1388
487,1041,1528,0.1388
488,1044,1532,0.1388
486,1042,1528,0.1388
479,1028,1507,0.1388
479,1028,1507,0.1388
465,1019,1484,0.1388
466,1041,1507,0.1388
468,1046,1514,0.1388
466,1042,1508,0.1388
465,1033,1498,0.1388
468,1024,1492,0.1388
465,1018,1483,0.1388
465,1025,1490,0.1388
457,1029,1486,0.1388
456,1028,1484,0.1388
463,1037,1500,0.1388
468,1039,1507,0.1388
463,1049,1512,0.1388
465,1052,1517,0.1388
459,1056,1515,0.1388
463,1060,1523,0.1388
462,1055,1517,0.1388
465,1048,1513,0.1388
466,1045,1511,0.1388
479,1041,1520,0.1388
471,1042,1513,0.1388
474,1029,1503,0.1388
474,1025,1499,0.1388
477,1031,1508,0.1388
481,1033,1514,0.1388
475,1043,1518,0.1388
472,1049,1521,0.1388
466,1045,1511,0.1388
468,1049,1517,0.1388
470,1048,1518,0.1388
471,1037,1508,0.1388
475,1036,1511,0.1388
472,1028,1500,0.1388
470,1034,1504,0.1388
472,1029,1501,0.1388
464,1028,1492,0.1388
469,1038,1507,0.1388
472,1036,1508,0.1388
472,1045,1517,0.1388
469,1039,1508,0.1388
466,1051,1517,0.1388
462,1050,1512,0.1388
458,1053,1511,0.1388
457,1043,1500,0.1388
461,1045,1506,0.1388
466,1040,1506,0.1388
463,1041,1504,0.1388
463,1051,1514,0.1388
468,1050,1518,0.1388
462,1048,1510,0.1388
459,1051,1510,0.1388
458,1037,1495,0.1388
458,1039,1497,0.1388
462,1048,1510,0.1388
460,1050,1510,0.1388
457,1051,1508,0.1388
461,1051,1512,0.1388
465,1063,1528,0.1388
457,1059,1516,0.1388
455,1057,1512,0.1388
458,1054,1512,0.1388
458,1069,1527,0.1388
461,1069,1530,0.1388
456,1059,1515,0.1388
447,1060,1507,0.1388
448,1055,1503,0.1388
447,1053,1500,0.1388
456,1052,1508,0.1388
456,1062,1518,0.1388
453,1072,1525,0.1388
453,1076,1529,0.1388
448,1063,1511,0.1388
446,1072,1518,0.1388
443,1077,1520,0.1388
442,1073,1515,0.1388
445,1072,1517,0.1388
449,1058,1507,0.1388
444,1064,1508,0.1388
439,1070,1509,0.1388
438,1079,1517,0.1388
435,1088,1523,0.1388
438,1089,1527,0.1388
435,1080,1515,0.1388
435,1070,1505,0.1388
434,1056,1490,0.1388
424,1064,1488,0.1388
430,1063,1493,0.1388
428,1062,1490,0.1388
427,1075,1502,0.1388
426,1077,1503,0.1388
428,1076,1504,0.1388
428,1072,1500,0.1388
425,1076,1501,0.1388
424,1077,1501,0.1388
423,1081,1504,0.1388
425,1088,1513,0.1388
418,1098,1516,0.1388
415,1086,1501,0.1388
414,1081,1495,0.1388
412,1091,1503,0.1388
413,1089,1502,0.1388
407,1093,1500,0.1388
413,1089,1502,0.1388
413,1091,1504,0.1388
413,1098,1511,0.1388
411,1101,1512,0.1388
404,1098,1502,0.1388
403,1103,1506,0.1388
403,1111,1514,0.1388
399,1116,1515,0.1388
398,1123,1521,0.1388
394,1123,1517,0.1388
397,1115,1512,0.1388
398,1117,1515,0.1388
404,1121,1525,0.1388
411,1109,1520,0.1388
410,1104,1514,0.1388
407,1112,1519,0.1388
406,1107,1513,0.1388
400,1116,1516,0.1388
400,1117,1517,0.1388
399,1118,1517,0.1388
396,1109,1505,0.1388
397,1119,1516,0.1388
398,1127,1525,0.1388
401,1124,1525,0.1388
401,1120,1521,0.1388
400,1114,1514,0.1388
397,1118,1515,0.1388
410,1117,1527,0.1388
411,1115,1526,0.1388
405,1114,1519,0.1388
408,1110,1518,0.1388
407,1101,1508,0.1388
403,1115,1518,0.1388
400,1123,1523,0.1388
398,1113,1511,0.1388
397,1110,1507,0.1388
392,1109,1501,0.1388
396,1108,1504,0.1388
398,1112,1510,0.1388
395,1111,1506,0.1388
391,1103,1494,0.1388
392,1117,1509,0.1388
395,1121,1516,0.1388
397,1115,1512,0.1388
397,1127,1524,0.1388
395,1121,1516,0.1388
394,1113,1507,0.1388
393,1127,1520,0.1388
392,1117,1509,0.1388
387,1118,1505,0.1388
389,1105,1494,0.1388
388,1111,1499,0.1388
390,1121,1511,0.1388
389,1127,1516,0.1388
384,1126,1510,0.1388
382,1130,1512,0.1388
378,1124,1502,0.1388
383,1128,1511,0.1388
384,1126,1510,0.1388
377,1134,1511,0.1388
373,1146,1519,0.1388
365,1156,1521,0.1388
368,1155,1523,0.1388
365,1153,1518,0.1388
362,1153,1515,0.1388
358,1151,1509,0.1388
364,1154,1518,0.1388
363,1149,1512,0.1388
367,1148,1515,0.1388
368,1154,1522,0.1388
363,1153,1516,0.1388
361,1147,1508,0.1388
364,1142,1506,0.1388
360,1149,1509,0.1388
358,1148,1506,0.1388
360,1143,1503,0.1388
364,1151,1515,0.1388
362,1162,1524,0.1388
365,1158,1523,0.1388
367,1166,1533,0.1388
369,1154,1523,0.1388
360,1162,1522,0.1388
354,1151,1505,0.1388
356,1154,1510,0.1388
350,1166,1516,0.1388
347,1171,1518,0.1388
347,1161,1508,0.1388
349,1169,1518,0.1388
353,1171,1524,0.1388
355,1172,1527,0.1388
351,1164,1515,0.1388
351,1161,1512,0.1388
348,1149,1497,0.1388
341,1161,1502,0.1388
336,1176,1512,0.1388
338,1179,1517,0.1388
339,1174,1513,0.1388
338,1172,1510,0.1388
340,1182,1522,0.1388
341,1191,1532,0.1388
334,1188,1522,0.1388
336,1181,1517,0.1388
332,1186,1518,0.1388
340,1177,1517,0.1388
337,1174,1511,0.1388
328,1180,1508,0.1388
329,1186,1515,0.1388
326,1180,1506,0.1388
329,1170,1499,0.1388
329,1170,1499,0.1388
326,1180,1506,0.1388
319,1175,1494,0.1388
322,1182,1504,0.1388
318,1178,1496,0.1388
322,1174,1496,0.1388
329,1176,1505,0.1388
327,1179,1506,0.1388
331,1180,1511,0.1388
336,1188,1524,0.1388
339,1187,1526,0.1388
336,1187,1523,0.1388
330,1175,1505,0.1388
328,1175,1503,0.1388
322,1184,1506,0.1388
324,1186,1510,0.1388
318,1186,1504,0.1388
323,1197,1520,0.1388
313,1193,1506,0.1388
306,1191,1497,0.1388
306,1203,1509,0.1388
308,1212,1520,0.1388
309,1201,1510,0.1388
308,1196,1504,0.1388
314,1193,1507,0.1388
307,1198,1505,0.1388
310,1203,1513,0.1388
312,1205,1517,0.1388
313,1209,1522,0.1388
308,1208,1516,0.1388
308,1201,1509,0.1388
305,1212,1517,0.1388
313,1209,1522,0.1388
311,1205,1516,0.1388
312,1206,1518,0.1388
308,1197,1505,0.1388
311,1206,1517,0.1388
311,1202,1513,0.1388
308,1202,1510,0.1388
307,1207,1514,0.1388
306,1203,1509,0.1388
301,1208,1509,0.1388
306,1205,1511,0.1388
301,1206,1507,0.1388
296,1205,1501,0.1388
296,1211,1507,0.1388
299,1211,1510,0.1388
301,1214,1515,0.1388
302,1209,1511,0.1388
310,1207,1517,0.1388
310,1205,1515,0.1388
314,1216,1530,0.1388
306,1211,1517,0.1388
300,1206,1506,0.1388
305,1217,1522,0.1388
307,1201,1508,0.1388
302,1204,1506,0.1388
302,1205,1507,0.1388
307,1210,1517,0.1388
309,1207,1516,0.1388
305,1195,1500,0.1388
303,1199,1502,0.1388
303,1197,1500,0.1388
298,1192,1490,0.1388
294,1205,1499,0.1388
300,1206,1506,0.1388
298,1207,1505,0.1388
298,1209,1507,0.1388
292,1220,1512,0.1388
297,1213,1510,0.1388
296,1222,1518,0.1388
295,1225,1520,0.1388
289,1228,1517,0.1388
291,1216,1507,0.1388
292,1215,1507,0.1388
299,1220,1519,0.1388
289,1218,1507,0.1388
292,1226,1518,0.1388
291,1225,1516,0.1388
290,1216,1506,0.1388
288,1222,1510,0.1388
290,1224,1514,0.1388
286,1216,1502,0.1388
285,1223,1508,0.1388
281,1224,1505,0.1388
277,1231,1508,0.1388
281,1239,1520,0.1388
282,1238,1520,0.1388
278,1240,1518,0.1388
280,1243,1523,0.1388
278,1235,1513,0.1388
267,1241,1508,0.1388
262,1253,1515,0.1388
267,1254,1521,0.1388
269,1264,1533,0.1388
257,1265,1522,0.1388
258,1264,1522,0.1388
261,1259,1520,0.1388
256,1266,1522,0.1388
257,1242,1499,0.1388
252,1243,1495,0.1388
244,1246,1490,0.1388
247,1254,1501,0.1388
246,1244,1490,0.1388
243,1250,1493,0.1388
243,1257,1500,0.1388
238,1266,1504,0.1388
248,1263,1511,0.1388
245,1250,1495,0.1388
241,1248,1489,0.1388
237,1249,1486,0.1388
239,1261,1500,0.1388
235,1263,1498,0.1388
234,1259,1493,0.1388
236,1275,1511,0.1388
233,1279,1512,0.1388
235,1277,1512,0.1388
235,1271,1506,0.1388
239,1271,1510,0.1388
240,1283,1523,0.1388
234,1280,1514,0.1388
242,1283,1525,0.1388
236,1280,1516,0.1388
231,1281,1512,0.1388
236,1284,1520,0.1388
236,1290,1526,0.1388
238,1288,1526,0.1388
238,1279,1517,0.1388
235,1285,1520,0.1388
233,1274,1507,0.1388
232,1272,1504,0.1388
238,1284,1522,0.1388
237,1294,1531,0.1388
234,1288,1522,0.1388
230,1301,1531,0.1388
231,1310,1541,0.1388
228,1290,1518,0.1388
227,1275,1502,0.1388
224,1277,1501,0.1388
221,1279,1500,0.1388
225,1298,1523,0.1388
220,1296,1516,0.1388
223,1285,1508,0.1388
224,1291,1515,0.1388
225,1285,1510,0.1388
227,1289,1516,0.1388
227,1293,1520,0.1388
225,1294,1519,0.1388
226,1285,1511,0.1388
221,1284,1505,0.1388
220,1298,1518,0.1388
213,1300,1513,0.1388
214,1305,1519,0.1388
213,1310,1523,0.1388
214,1302,1516,0.1388
208,1308,1516,0.1388
206,1308,1514,0.1388
204,1305,1509,0.1388
209,1308,1517,0.1388
209,1315,1524,0.1388
207,1306,1513,0.1388
207,1303,1510,0.1388
210,1293,1503,0.1388
210,1293,1503,0.1388
211,1296,1507,0.1388
212,1302,1514,0.1388
212,1310,1522,0.1388
211,1315,1526,0.1388
207,1311,1518,0.1388
206,1301,1507,0.1388
208,1305,1513,0.1388
208,1308,1516,0.1388
207,1311,1518,0.1388
204,1312,1516,0.1388
196,1309,1505,0.1388
199,1299,1498,0.1388
199,1299,1498,0.1388
201,1310,1511,0.1388
203,1306,1509,0.1388
202,1320,1522,0.1388
204,1314,1518,0.1388
202,1314,1516,0.1388
201,1316,1517,0.1388
209,1318,1527,0.1388
205,1316,1521,0.1388
202,1325,1527,0.1388
200,1326,1526,0.1388
197,1325,1522,0.1388
193,1321,1514,0.1388
193,1316,1509,0.1388
194,1311,1505,0.1388
200,1314,1514,0.1388
193,1314,1507,0.1388
196,1320,1516,0.1388
193,1314,1507,0.1388
194,1319,1513,0.1388
191,1315,1506,0.1388
192,1316,1508,0.1388
193,1319,1512,0.1388
190,1323,1513,0.1388
193,1328,1521,0.1388
193,1329,1522,0.1388
193,1331,1524,0.1388
187,1328,1515,0.1388
185,1331,1516,0.1388
187,1327,1514,0.1388
185,1321,1506,0.1388
186,1321,1507,0.1388
186,1338,1524,0.1388
182,1347,1529,0.1388
181,1335,1516,0.1388
181,1339,1520,0.1388
181,1347,1528,0.1388
179,1341,1520,0.1388
175,1344,1519,0.1388
174,1336,1510,0.1388
172,1346,1518,0.1388
172,1350,1522,0.1388
173,1336,1509,0.1388
169,1333,1502,0.1388
171,1321,1492,0.1388
168,1333,1501,0.1388
171,1351,1522,0.1388
170,1357,1527,0.1388
168,1353,1521,0.1388
170,1351,1521,0.1388
168,1344,1512,0.1388
165,1353,1518,0.1388
166,1345,1511,0.1388
159,1349,1508,0.1388
162,1344,1506,0.1388
163,1352,1515,0.1388
160,1356,1516,0.1388
159,1367,1526,0.1388
163,1348,1511,0.1388
166,1356,1522,0.1388
166,1351,1517,0.1388
166,1348,1514,0.1388
162,1352,1514,0.1388
169,1349,1518,0.1388
172,1338,1510,0.1388
173,1340,1513,0.1388
173,1330,1503,0.1388
173,1345,1518,0.1388
177,1332,1509,0.1388
175,1329,1504,0.1388
175,1336,1511,0.1388
175,1336,1511,0.1388
173,1338,1511,0.1388
170,1334,1504,0.1388
163,1344,1507,0.1388
159,1350,1509,0.1388
164,1346,1510,0.1388
159,1345,1504,0.1388
164,1354,1518,0.1388
164,1350,1514,0.1388
162,1353,1515,0.1388
156,1349,1505,0.1388
155,1351,1506,0.1388
154,1344,1498,0.1388
152,1354,1506,0.1388
157,1365,1522,0.1388
152,1364,1516,0.1388
149,1366,1515,0.1388
149,1374,1523,0.1388
150,1371,1521,0.1388
148,1372,1520,0.1388
148,1358,1506,0.1388
150,1351,1501,0.1388
152,1349,1501,0.1388
154,1351,1505,0.1388
153,1371,1524,0.1388
153,1351,1504,0.1388
152,1366,1518,0.1388
150,1359,1509,0.1388
151,1354,1505,0.1388
153,1344,1497,0.1388
151,1369,1520,0.1388
154,1373,1527,0.1388
150,1365,1515,0.1388
148,1362,1510,0.1388
150,1365,1515,0.1388
150,1364,1514,0.1388
149,1366,1515,0.1388
146,1370,1516,0.1388
149,1368,1517,0.1388
146,1362,1508,0.1388
144,1366,1510,0.1388
147,1362,1509,0.1388
148,1372,1520,0.1388
148,1371,1519,0.1388
150,1376,1526,0.1388
152,1377,1529,0.1388
151,1357,1508,0.1388
147,1353,1500,0.1388
150,1346,1496,0.1388
151,1349,1500,0.1388
151,1349,1500,0.1388
152,1351,1503,0.1388
152,1363,1515,0.1388
155,1370,1525,0.1388
155,1366,1521,0.1388
155,1372,1527,0.1388
154,1363,1517,0.1388
156,1373,1529,0.1388
157,1379,1536,0.1388
154,1367,1521,0.1388
154,1366,1520,0.1388
151,1358,1509,0.1388
154,1363,1517,0.1388
156,1361,1517,0.1388
157,1367,1524,0.1388
156,1379,1535,0.1388
152,1376,1528,0.1388
154,1363,1517,0.1388
153,1365,1518,0.1388
152,1373,1525,0.1388
147,1366,1513,0.1388
149,1364,1513,0.1388
156,1357,1513,0.1388
159,1356,1515,0.1388
157,1367,1524,0.1388
156,1359,1515,0.1388
160,1353,1513,0.1388
164,1351,1515,0.1388
164,1362,1526,0.1388
166,1342,1508,0.1388
163,1355,1518,0.1388
161,1355,1516,0.1388
156,1343,1499,0.1388
160,1341,1501,0.1388
161,1343,1504,0.1388
163,1343,1506,0.1388
159,1343,1502,0.1388
159,1349,1508,0.1388
161,1351,1512,0.1388
165,1355,1520,0.1388
159,1356,1515,0.1388
152,1351,1503,0.1388
153,1360,1513,0.1388
155,1365,1520,0.1388
153,1363,1516,0.1388
154,1362,1516,0.1388
154,1362,1516,0.1388
154,1352,1506,0.1388
151,1358,1509,0.1388
148,1362,1510,0.1388
147,1356,1503,0.1388
148,1360,1508,0.1388
147,1364,1511,0.1388
148,1367,1515,0.1388
143,1364,1507,0.1388
145,1368,1513,0.1388
144,1374,1518,0.1388
145,1371,1516,0.1388
147,1369,1516,0.1388
145,1372,1517,0.1388
141,1369,1510,0.1388
140,1374,1514,0.1388
142,1383,1525,0.1388
145,1379,1524,0.1388
141,1382,1523,0.1388
144,1384,1528,0.1388
144,1364,1508,0.1388
148,1372,1520,0.1388
149,1381,1530,0.1388
146,1372,1518,0.1388
142,1368,1510,0.1388
141,1386,1527,0.1388
140,1390,1530,0.1388
140,1382,1522,0.1388
139,1378,1517,0.1388
140,1384,1524,0.1388
141,1381,1522,0.1388
141,1374,1515,0.1388
139,1383,1522,0.1388
140,1382,1522,0.1388
136,1382,1518,0.1388
134,1394,1528,0.1388
131,1390,1521,0.1388
128,1393,1521,0.1388
128,1397,1525,0.1388
129,1388,1517,0.1388
125,1392,1517,0.1388
124,1394,1518,0.1388
130,1384,1514,0.1388
128,1385,1513,0.1388
127,1407,1534,0.1388
130,1398,1528,0.1388
132,1395,1527,0.1388
130,1390,1520,0.1388
126,1384,1510,0.1388
123,1371,1494,0.1388
122,1366,1488,0.1388
123,1367,1490,0.1388
119,1373,1492,0.1388
116,1388,1504,0.1388
120,1394,1514,0.1388
117,1387,1504,0.1388
117,1386,1503,0.1388
119,1395,1514,0.1388
123,1374,1497,0.1388
122,1385,1507,0.1388
123,1392,1515,0.1388
120,1400,1520,0.1388
120,1389,1509,0.1388
120,1391,1511,0.1388
121,1401,1522,0.1388
123,1392,1515,0.1388
124,1390,1514,0.1388
123,1387,1510,0.1388
122,1389,1511,0.1388
116,1392,1508,0.1388
114,1387,1501,0.1388
109,1390,1499,0.1388
115,1395,1510,0.1388
114,1395,1509,0.1388
117,1403,1520,0.1388
116,1408,1524,0.1388
110,1404,1514,0.1388
112,1410,1522,0.1388
114,1407,1521,0.1388
110,1409,1519,0.1388
109,1413,1522,0.1388
109,1409,1518,0.1388
110,1411,1521,0.1388
110,1400,1510,0.1388
112,1407,1519,0.1388
112,1409,1521,0.1388
112,1399,1511,0.1388
116,1390,1506,0.1388
117,1403,1520,0.1388
119,1404,1523,0.1388
116,1403,1519,0.1388
116,1405,1521,0.1388
115,1409,1524,0.1388
113,1402,1515,0.1388
111,1411,1522,0.1388
112,1412,1524,0.1388
110,1416,1526,0.1388
107,1412,1519,0.1388
108,1412,1520,0.1388
106,1414,1520,0.1388
103,1423,1526,0.1388
102,1431,1533,0.1388
102,1413,1515,0.1388
101,1423,1524,0.1388
102,1441,1543,0.1388
100,1432,1532,0.1388
99,1431,1530,0.1388
96,1419,1515,0.1388
93,1424,1517,0.1388
94,1418,1512,0.1388
94,1429,1523,0.1388
93,1433,1526,0.1388
96,1434,1530,0.1388
93,1437,1530,0.1388
93,1435,1528,0.1388
93,1425,1518,0.1388
93,1423,1516,0.1388
92,1424,1516,0.1388
94,1421,1515,0.1388
91,1434,1525,0.1388
91,1437,1528,0.1388
90,1430,1520,0.1388
90,1427,1517,0.1388
92,1427,1519,0.1388
90,1407,1497,0.1388
92,1407,1499,0.1388
94,1420,1514,0.1388
95,1411,1506,0.1388
99,1418,1517,0.1388
100,1405,1505,0.1388
100,1406,1506,0.1388
101,1412,1513,0.1388
103,1423,1526,0.1388
99,1416,1515,0.1388
102,1416,1518,0.1388
101,1423,1524,0.1388
103,1418,1521,0.1388
103,1421,1524,0.1388
103,1413,1516,0.1388
103,1399,1502,0.1388
102,1401,1503,0.1388
102,1400,1502,0.1388
99,1416,1515,0.1388
101,1421,1522,0.1388
103,1417,1520,0.1388
105,1424,1529,0.1388
106,1417,1523,0.1388
108,1415,1523,0.1388
112,1404,1516,0.1388
108,1396,1504,0.1388
110,1408,1518,0.1388
108,1397,1505,0.1388
112,1397,1509,0.1388
111,1397,1508,0.1388
109,1407,1516,0.1388
109,1417,1526,0.1388
113,1412,1525,0.1388
114,1424,1538,0.1388
113,1409,1522,0.1388
114,1407,1521,0.1388
115,1402,1517,0.1388
113,1413,1526,0.1388
111,1416,1527,0.1388
108,1420,1528,0.1388
104,1414,1518,0.1388
102,1407,1509,0.1388
101,1397,1498,0.1388
102,1395,1497,0.1388
101,1405,1506,0.1388
99,1403,1502,0.1388
96,1399,1495,0.1388
97,1417,1514,0.1388
96,1415,1511,0.1388
93,1414,1507,0.1388
92,1415,1507,0.1388
92,1424,1516,0.1388
93,1428,1521,0.1388
92,1417,1509,0.1388
91,1438,1529,0.1388
90,1426,1516,0.1388
87,1428,1515,0.1388
84,1425,1509,0.1388
84,1415,1499,0.1388
82,1424,1506,0.1388
80,1430,1510,0.1388
78,1436,1514,0.1388
80,1435,1515,0.1388
80,1430,1510,0.1388
79,1436,1515,0.1388
80,1437,1517,0.1388
78,1439,1517,0.1388
77,1451,1528,0.1388
74,1451,1525,0.1388
74,1459,1533,0.1388
73,1444,1517,0.1388
72,1449,1521,0.1388
70,1457,1527,0.1388
69,1461,1530,0.1388
71,1453,1524,0.1388
71,1452,1523,0.1388
73,1445,1518,0.1388
72,1435,1507,0.1388
69,1445,1514,0.1388
68,1448,1516,0.1388
69,1457,1526,0.1388
71,1460,1531,0.1388
70,1464,1534,0.1388
71,1453,1524,0.1388
73,1466,1539,0.1388
73,1463,1536,0.1388
69,1456,1525,0.1388
69,1450,1519,0.1388
64,1438,1502,0.1388
64,1439,1503,0.1388
68,1440,1508,0.1388
66,1440,1506,0.1388
66,1440,1506,0.1388
69,1440,1509,0.1388
67,1438,1505,0.1388
67,1443,1510,0.1388
65,1453,1518,0.1388
64,1446,1510,0.1388
62,1456,1518,0.1388
61,1457,1518,0.1388
61,1459,1520,0.1388
60,1446,1506,0.1388
62,1454,1516,0.1388
61,1448,1509,0.1388
61,1458,1519,0.1388
61,1458,1519,0.1388
60,1462,1522,0.1388
61,1463,1524,0.1388
60,1454,1514,0.1388
55,1469,1524,0.1388
53,1463,1516,0.1388
54,1467,1521,0.1388
56,1463,1519,0.1388
59,1464,1523,0.1388
60,1465,1525,0.1388
60,1467,1527,0.1388
55,1478,1533,0.1388
53,1463,1516,0.1388
52,1459,1511,0.1388
54,1471,1525,0.1388
51,1470,1521,0.1388
49,1468,1517,0.1388
48,1472,1520,0.1388
49,1479,1528,0.1388
49,1471,1520,0.1388
50,1466,1516,0.1388
51,1466,1517,0.1388
51,1479,1530,0.1388
49,1476,1525,0.1388
52,1481,1533,0.1388
52,1481,1533,0.1388
52,1470,1522,0.1388
50,1481,1531,0.1388
49,1469,1518,0.1388
47,1461,1508,0.1388
50,1463,1513,0.1388
49,1460,1509,0.1388
47,1468,1515,0.1388
47,1456,1503,0.1388
46,1455,1501,0.1388
50,1462,1512,0.1388
52,1455,1507,0.1388
52,1466,1518,0.1388
53,1467,1520,0.1388
50,1461,1511,0.1388
49,1466,1515,0.1388
49,1473,1522,0.1388
49,1478,1527,0.1388
50,1463,1513,0.1388
50,1454,1504,0.1388
51,1450,1501,0.1388
52,1458,1510,0.1388
51,1467,1518,0.1388
48,1469,1517,0.1388
47,1473,1520,0.1388
47,1454,1501,0.1388
50,1454,1504,0.1388
51,1464,1515,0.1388
51,1465,1516,0.1388
51,1455,1506,0.1388
51,1455,1506,0.1388
52,1465,1517,0.1388
51,1467,1518,0.1388
50,1472,1522,0.1388
50,1472,1522,0.1388
50,1472,1522,0.1388
48,1465,1513,0.1388
47,1472,1519,0.1388
49,1483,1532,0.1388
48,1465,1513,0.1388
48,1476,1524,0.1388
49,1473,1522,0.1388
49,1474,1523,0.1388
48,1455,1503,0.1388
49,1454,1503,0.1388
47,1470,1517,0.1388
48,1480,1528,0.1388
48,1485,1533,0.1388
48,1481,1529,0.1388
48,1481,1529,0.1388
47,1473,1520,0.1388
44,1480,1524,0.1388
43,1484,1527,0.1388
45,1467,1512,0.1388
47,1465,1512,0.1388
48,1462,1510,0.1388
49,1472,1521,0.1388
46,1466,1512,0.1388
46,1472,1518,0.1388
46,1479,1525,0.1388
45,1475,1520,0.1388
46,1473,1519,0.1388
47,1471,1518,0.1388
47,1477,1524,0.1388
45,1478,1523,0.1388
45,1478,1523,0.1388
42,1478,1520,0.1388
43,1479,1522,0.1388
43,1472,1515,0.1388
43,1460,1503,0.1388
41,1462,1503,0.1388
42,1463,1505,0.1388
45,1469,1514,0.1388
45,1466,1511,0.1388
44,1473,1517,0.1388
44,1464,1508,0.1388
45,1465,1510,0.1388
44,1466,1510,0.1388
43,1464,1507,0.1388
44,1472,1516,0.1388
44,1469,1513,0.1388
43,1479,1522,0.1388
41,1477,1518,0.1388
40,1484,1524,0.1388
42,1483,1525,0.1388
44,1493,1537,0.1388
44,1484,1528,0.1388
43,1470,1513,0.1388
41,1481,1522,0.1388
42,1478,1520,0.1388
42,1478,1520,0.1388
40,1472,1512,0.1388
38,1491,1529,0.1388
34,1499,1533,0.1388
33,1493,1526,0.1388
32,1492,1524,0.1388
34,1482,1516,0.1388
34,1486,1520,0.1388
35,1486,1521,0.1388
36,1494,1530,0.1388
37,1484,1521,0.1388
36,1480,1516,0.1388
38,1483,1521,0.1388
37,1486,1523,0.1388
37,1474,1511,0.1388
35,1474,1509,0.1388
36,1458,1494,0.1388
36,1466,1502,0.1388
35,1468,1503,0.1388
34,1471,1505,0.1388
32,1474,1506,0.1388
34,1482,1516,0.1388
33,1487,1520,0.1388
33,1485,1518,0.1388
32,1489,1521,0.1388
32,1482,1514,0.1388
32,1478,1510,0.1388
34,1485,1519,0.1388
34,1478,1512,0.1388
35,1481,1516,0.1388
33,1481,1514,0.1388
32,1481,1513,0.1388
32,1479,1511,0.1388
32,1481,1513,0.1388
32,1471,1503,0.1388
31,1479,1510,0.1388
30,1479,1509,0.1388
30,1482,1512,0.1388
30,1484,1514,0.1388
31,1481,1512,0.1388
30,1478,1508,0.1388
29,1477,1506,0.1388
28,1492,1520,0.1388
30,1489,1519,0.1388
32,1497,1529,0.1388
33,1506,1539,0.1388
33,1498,1531,0.1388
34,1511,1545,0.1388
35,1509,1544,0.1388
36,1495,1531,0.1388
36,1503,1539,0.1388
36,1505,1541,0.1388
35,1495,1530,0.1388
34,1496,1530,0.1388
35,1497,1532,0.1388
36,1479,1515,0.1388
37,1497,1534,0.1388
38,1502,1540,0.1388
37,1497,1534,0.1388
37,1479,1516,0.1388
38,1480,1518,0.1388
36,1473,1509,0.1388
36,1462,1498,0.1388
35,1472,1507,0.1388
35,1474,1509,0.1388
35,1477,1512,0.1388
36,1473,1509,0.1388
36,1477,1513,0.1388
34,1496,1530,0.1388
34,1494,1528,0.1388
33,1487,1520,0.1388
32,1491,1523,0.1388
32,1480,1512,0.1388
33,1464,1497,0.1388
36,1482,1518,0.1388
36,1475,1511,0.1388
37,1472,1509,0.1388
37,1480,1517,0.1388
36,1478,1514,0.1388
36,1484,1520,0.1388
35,1478,1513,0.1388
32,1476,1508,0.1388
32,1470,1502,0.1388
32,1474,1506,0.1388
30,1481,1511,0.1388
30,1473,1503,0.1388
30,1477,1507,0.1388
29,1482,1511,0.1388
30,1485,1515,0.1388
30,1484,1514,0.1388
29,1465,1494,0.1388
30,1483,1513,0.1388
30,1479,1509,0.1388
31,1486,1517,0.1388
31,1489,1520,0.1388
32,1490,1522,0.1388
31,1485,1516,0.1388
32,1481,1513,0.1388
32,1464,1496,0.1388
33,1455,1488,0.1388
33,1470,1503,0.1388
33,1473,1506,0.1388
33,1473,1506,0.1388
34,1472,1506,0.1388
35,1481,1516,0.1388
38,1479,1517,0.1388
37,1470,1507,0.1388
38,1475,1513,0.1388
39,1481,1520,0.1388
39,1481,1520,0.1388
39,1478,1517,0.1388
37,1485,1522,0.1388
36,1484,1520,0.1388
36,1472,1508,0.1388
36,1470,1506,0.1388
36,1477,1513,0.1388
36,1482,1518,0.1388
34,1479,1513,0.1388
35,1483,1518,0.1388
35,1479,1514,0.1388
36,1476,1512,0.1388
38,1478,1516,0.1388
38,1485,1523,0.1388
38,1472,1510,0.1388
38,1471,1509,0.1388
37,1471,1508,0.1388
37,1471,1508,0.1388
38,1479,1517,0.1388
39,1495,1534,0.1388
39,1488,1527,0.1388
41,1481,1522,0.1388
42,1474,1516,0.1388
42,1490,1532,0.1388
43,1465,1508,0.1388
42,1463,1505,0.1388
44,1452,1496,0.1388
42,1458,1500,0.1388
41,1462,1503,0.1388
40,1465,1505,0.1388
41,1470,1511,0.1388
42,1466,1508,0.1388
43,1463,1506,0.1388
40,1474,1514,0.1388
41,1477,1518,0.1388
42,1472,1514,0.1388
43,1473,1516,0.1388
43,1480,1523,0.1388
43,1476,1519,0.1388
44,1472,1516,0.1388
44,1476,1520,0.1388
45,1481,1526,0.1388
45,1474,1519,0.1388
45,1482,1527,0.1388
45,1475,1520,0.1388
44,1481,1525,0.1388
42,1472,1514,0.1388
45,1466,1511,0.1388
44,1479,1523,0.1388
44,1472,1516,0.1388
45,1472,1517,0.1388
44,1464,1508,0.1388
43,1456,1499,0.1388
42,1475,1517,0.1388
42,1467,1509,0.1388
44,1476,1520,0.1388
45,1477,1522,0.1388
45,1460,1505,0.1388
44,1460,1504,0.1388
44,1464,1508,0.1388
43,1475,1518,0.1388
44,1479,1523,0.1388
44,1481,1525,0.1388
43,1476,1519,0.1388
43,1471,1514,0.1388
42,1474,1516,0.1388
45,1484,1529,0.1388
47,1476,1523,0.1388
45,1482,1527,0.1388
44,1485,1529,0.1388
46,1488,1534,0.1388
47,1474,1521,0.1388
48,1476,1524,0.1388
48,1480,1528,0.1388
46,1483,1529,0.1388
45,1488,1533,0.1388
48,1477,1525,0.1388
47,1484,1531,0.1388
48,1474,1522,0.1388
48,1472,1520,0.1388
46,1469,1515,0.1388
46,1471,1517,0.1388
46,1461,1507,0.1388
45,1467,1512,0.1388
43,1472,1515,0.1388
45,1475,1520,0.1388
45,1464,1509,0.1388
45,1470,1515,0.1388
44,1475,1519,0.1388
43,1481,1524,0.1388
43,1483,1526,0.1388
44,1486,1530,0.1388
43,1493,1536,0.1388
45,1484,1529,0.1388
44,1481,1525,0.1388
44,1488,1532,0.1388
43,1487,1530,0.1388
44,1481,1525,0.1388
43,1474,1517,0.1388
41,1481,1522,0.1388
40,1484,1524,0.1388
37,1470,1507,0.1388
33,1484,1517,0.1388
34,1493,1527,0.1388
34,1487,1521,0.1388
36,1483,1519,0.1388
38,1475,1513,0.1388
38,1477,1515,0.1388
38,1480,1518,0.1388
38,1471,1509,0.1388
37,1474,1511,0.1388
38,1482,1520,0.1388
36,1480,1516,0.1388
36,1490,1526,0.1388
35,1492,1527,0.1388
34,1485,1519,0.1388
34,1480,1514,0.1388
34,1486,1520,0.1388
33,1484,1517,0.1388
33,1475,1508,0.1388
32,1469,1501,0.1388
32,1470,1502,0.1388
32,1481,1513,0.1388
33,1484,1517,0.1388
34,1479,1513,0.1388
34,1473,1507,0.1388
32,1472,1504,0.1388
32,1474,1506,0.1388
31,1477,1508,0.1388
30,1480,1510,0.1388
32,1493,1525,0.1388
31,1480,1511,0.1388
33,1487,1520,0.1388
32,1484,1516,0.1388
29,1471,1500,0.1388
30,1478,1508,0.1388
31,1490,1521,0.1388
30,1476,1506,0.1388
28,1475,1503,0.1388
29,1495,1524,0.1388
28,1482,1510,0.1388
28,1495,1523,0.1388
28,1476,1504,0.1388
28,1483,1511,0.1388
30,1475,1505,0.1388
30,1480,1510,0.1388
30,1481,1511,0.1388
29,1483,1512,0.1388
26,1486,1512,0.1388
27,1475,1502,0.1388
28,1488,1516,0.1388
28,1486,1514,0.1388
29,1483,1512,0.1388
28,1486,1514,0.1388
26,1486,1512,0.1388
23,1489,1512,0.1388
24,1496,1520,0.1388
23,1502,1525,0.1388
23,1485,1508,0.1388
24,1497,1521,0.1388
23,1483,1506,0.1388
22,1491,1513,0.1388
23,1486,1509,0.1388
26,1502,1528,0.1388
25,1497,1522,0.1388
27,1475,1502,0.1388
27,1485,1512,0.1388
27,1504,1531,0.1388
26,1496,1522,0.1388
25,1506,1531,0.1388
26,1479,1505,0.1388
25,1491,1516,0.1388
25,1502,1527,0.1388
24,1484,1508,0.1388
22,1493,1515,0.1388
21,1495,1516,0.1388
22,1499,1521,0.1388
21,1493,1514,0.1388
20,1495,1515,0.1388
21,1496,1517,0.1388
20,1500,1520,0.1388
21,1508,1529,0.1388
22,1516,1538,0.1388
21,1496,1517,0.1388
22,1490,1512,0.1388
21,1484,1505,0.1388
19,1490,1509,0.1388
19,1502,1521,0.1388
18,1492,1510,0.1388
19,1509,1528,0.1388
19,1483,1502,0.1388
19,1490,1509,0.1388
18,1489,1507,0.1388
17,1503,1520,0.1388
18,1496,1514,0.1388
20,1492,1512,0.1388
18,1493,1511,0.1388
18,1497,1515,0.1388
17,1503,1520,0.1388
17,1492,1509,0.1388
17,1506,1523,0.1388
16,1501,1517,0.1388
17,1520,1537,0.1388
17,1522,1539,0.1388
17,1528,1545,0.1388
17,1520,1537,0.1388
18,1514,1532,0.1388
18,1513,1531,0.1388
17,1514,1531,0.1388
15,1505,1520,0.1388
13,1503,1516,0.1388
12,1497,1509,0.1388
12,1508,1520,0.1388
11,1501,1512,0.1388
11,1500,1511,0.1388
12,1498,1510,0.1388
12,1483,1495,0.1388
12,1508,1520,0.1388
12,1492,1504,0.1388
12,1501,1513,0.1388
12,1493,1505,0.1388
11,1507,1518,0.1388
11,1521,1532,0.1388
11,1508,1519,0.1388
11,1504,1515,0.1388
11,1498,1509,0.1388
11,1493,1504,0.1388
11,1505,1516,0.1388
10,1502,1512,0.1388
10,1505,1515,0.1388
10,1500,1510,0.1388
11,1499,1510,0.1388
10,1497,1507,0.1388
12,1510,1522,0.1388
13,1499,1512,0.1388
13,1489,1502,0.1388
14,1490,1504,0.1388
14,1506,1520,0.1388
14,1513,1527,0.1388
14,1513,1527,0.1388
14,1510,1524,0.1388
13,1507,1520,0.1388
13,1516,1529,0.1388
13,1516,1529,0.1388
13,1495,1508,0.1388
12,1497,1509,0.1388
11,1512,1523,0.1388
11,1508,1519,0.1388
11,1503,1514,0.1388
11,1497,1508,0.1388
11,1499,1510,0.1388
11,1495,1506,0.1388
11,1498,1509,0.1388
12,1492,1504,0.1388
12,1490,1502,0.1388
12,1485,1497,0.1388
12,1506,1518,0.1388
12,1512,1524,0.1388
11,1510,1521,0.1388
13,1514,1527,0.1388
13,1509,1522,0.1388
13,1501,1514,0.1388
13,1513,1526,0.1388
13,1519,1532,0.1388
13,1514,1527,0.1388
14,1501,1515,0.1388
14,1503,1517,0.1388
14,1501,1515,0.1388
12,1503,1515,0.1388
13,1500,1513,0.1388
14,1510,1524,0.1388
14,1513,1527,0.1388
12,1511,1523,0.1388
14,1503,1517,0.1388
14,1510,1524,0.1388
14,1510,1524,0.1388
13,1500,1513,0.1388
13,1507,1520,0.1388
12,1510,1522,0.1388
12,1517,1529,0.1388
12,1513,1525,0.1388
11,1510,1521,0.1388
12,1515,1527,0.1388
12,1505,1517,0.1388
12,1506,1518,0.1388
12,1502,1514,0.1388
12,1499,1511,0.1388
12,1501,1513,0.1388
12,1503,1515,0.1388
10,1515,1525,0.1388
10,1514,1524,0.1388
11,1513,1524,0.1388
10,1504,1514,0.1388
11,1508,1519,0.1388
12,1509,1521,0.1388
12,1513,1525,0.1388
12,1515,1527,0.1388
12,1510,1522,0.1388
12,1502,1514,0.1388
13,1507,1520,0.1388
12,1516,1528,0.1388
12,1518,1530,0.1388
13,1525,1538,0.1388
13,1517,1530,0.1388
13,1527,1540,0.1388
13,1519,1532,0.1388
14,1513,1527,0.1388
14,1518,1532,0.1388
14,1504,1518,0.1388
14,1512,1526,0.1388
14,1515,1529,0.1388
14,1525,1539,0.1388
14,1501,1515,0.1388
14,1512,1526,0.1388
14,1513,1527,0.1388
14,1505,1519,0.1388
14,1516,1530,0.1388
14,1512,1526,0.1388
14,1509,1523,0.1388
15,1509,1524,0.1388
16,1510,1526,0.1388
13,1503,1516,0.1388
16,1501,1517,0.1388
13,1504,1517,0.1388
13,1505,1518,0.1388
13,1504,1517,0.1388
15,1495,1510,0.1388
14,1484,1498,0.1388
14,1504,1518,0.1388
13,1505,1518,0.1388
13,1510,1523,0.1388
13,1496,1509,0.1388
13,1495,1508,0.1388
14,1511,1525,0.1388
14,1520,1534,0.1388
13,1516,1529,0.1388
13,1501,1514,0.1388
13,1498,1511,0.1388
13,1502,1515,0.1388
13,1499,1512,0.1388
13,1495,1508,0.1388
14,1495,1509,0.1388
14,1492,1506,0.1388
14,1502,1516,0.1388
13,1504,1517,0.1388
15,1504,1519,0.1388
15,1498,1513,0.1388
15,1495,1510,0.1388
16,1489,1505,0.1388
18,1505,1523,0.1388
18,1507,1525,0.1388
17,1505,1522,0.1388
16,1503,1519,0.1388
16,1507,1523,0.1388
16,1507,1523,0.1388
15,1497,1512,0.1388
15,1491,1506,0.1388
15,1492,1507,0.1388
15,1497,1512,0.1388
14,1502,1516,0.1388
14,1508,1522,0.1388
13,1504,1517,0.1388
12,1508,1520,0.1388
13,1508,1521,0.1388
11,1505,1516,0.1388
10,1514,1524,0.1388
10,1518,1528,0.1388
10,1513,1523,0.1388
10,1507,1517,0.1388
11,1516,1527,0.1388
9,1518,1527,0.1388
9,1513,1522,0.1388
9,1502,1511,0.1388
9,1498,1507,0.1388
9,1501,1510,0.1388
9,1498,1507,0.1388
9,1492,1501,0.1388
9,1499,1508,0.1388
9,1502,1511,0.1388
8,1501,1509,0.1388
8,1491,1499,0.1388
8,1501,1509,0.1388
7,1500,1507,0.1388
7,1496,1503,0.1388
7,1497,1504,0.1388
7,1507,1514,0.1388
7,1505,1512,0.1388
7,1503,1510,0.1388
7,1512,1519,0.1388
7,1513,1520,0.1388
7,1501,1508,0.1388
8,1501,1509,0.1388
8,1520,1528,0.1388
8,1523,1531,0.1388
8,1510,1518,0.1388
9,1501,1510,0.1388
9,1499,1508,0.1388
9,1510,1519,0.1388
10,1521,1531,0.1388
9,1518,1527,0.1388
9,1514,1523,0.1388
8,1502,1510,0.1388
9,1504,1513,0.1388
8,1501,1509,0.1388
8,1505,1513,0.1388
8,1510,1518,0.1388
8,1494,1502,0.1388
8,1496,1504,0.1388
9,1490,1499,0.1388
8,1495,1503,0.1388
8,1496,1504,0.1388
8,1492,1500,0.1388
8,1497,1505,0.1388
8,1489,1497,0.1388
8,1495,1503,0.1388
7,1509,1516,0.1388
7,1512,1519,0.1388
7,1513,1520,0.1388
7,1519,1526,0.1388
7,1512,1519,0.1388
7,1518,1525,0.1388
7,1518,1525,0.1388
6,1526,1532,0.1388
6,1533,1539,0.1388
5,1519,1524,0.1388
6,1514,1520,0.1388
5,1518,1523,0.1388
5,1515,1520,0.1388
5,1508,1513,0.1388
5,1511,1516,0.1388
5,1516,1521,0.1388
5,1505,1510,0.1388
5,1519,1524,0.1388
5,1510,1515,0.1388
5,1511,1516,0.1388
5,1503,1508,0.1388
5,1510,1515,0.1388
6,1512,1518,0.1388
6,1506,1512,0.1388
7,1507,1514,0.1388
7,1510,1517,0.1388
7,1517,1524,0.1388
7,1517,1524,0.1388
6,1512,1518,0.1388
6,1502,1508,0.1388
6,1514,1520,0.1388
6,1512,1518,0.1388
6,1530,1536,0.1388
5,1516,1521,0.1388
5,1523,1528,0.1388
5,1519,1524,0.1388
5,1525,1530,0.1388
5,1523,1528,0.1388
4,1513,1517,0.1388
4,1506,1510,0.1388
5,1514,1519,0.1388
5,1512,1517,0.1388
5,1525,1530,0.1388
5,1526,1531,0.1388
5,1514,1519,0.1388
5,1509,1514,0.1388
5,1517,1522,0.1388
5,1515,1520,0.1388
5,1516,1521,0.1388
5,1523,1528,0.1388
5,1521,1526,0.1388
5,1521,1526,0.1388
5,1504,1509,0.1388
6,1506,1512,0.1388
6,1489,1495,0.1388
6,1506,1512,0.1388
6,1501,1507,0.1388
7,1506,1513,0.1388
6,1522,1528,0.1388
6,1503,1509,0.1388
7,1493,1500,0.1388
7,1501,1508,0.1388
7,1500,1507,0.1388
7,1499,1506,0.1388
7,1497,1504,0.1388
7,1497,1504,0.1388
8,1494,1502,0.1388
8,1495,1503,0.1388
8,1503,1511,0.1388
7,1513,1520,0.1388
8,1522,1530,0.1388
8,1528,1536,0.1388
8,1520,1528,0.1388
7,1522,1529,0.1388
7,1505,1512,0.1388
6,1505,1511,0.1388
6,1502,1508,0.1388
6,1508,1514,0.1388
5,1501,1506,0.1388
5,1511,1516,0.1388
5,1507,1512,0.1388
5,1502,1507,0.1388
5,1509,1514,0.1388
5,1515,1520,0.1388
5,1514,1519,0.1388
5,1505,1510,0.1388
5,1507,1512,0.1388
5,1523,1528,0.1388
5,1524,1529,0.1388
6,1507,1513,0.1388
6,1501,1507,0.1388
5,1501,1506,0.1388
5,1491,1496,0.1388
5,1500,1505,0.1388
5,1512,1517,0.1388
5,1498,1503,0.1388
5,1501,1506,0.1388
6,1509,1515,0.1388
5,1503,1508,0.1388
4,1514,1518,0.1388
4,1509,1513,0.1388
4,1499,1503,0.1388
4,1511,1515,0.1388
4,1502,1506,0.1388
4,1509,1513,0.1388
4,1512,1516,0.1388
4,1502,1506,0.1388
4,1506,1510,0.1388
4,1508,1512,0.1388
4,1510,1514,0.1388
5,1520,1525,0.1388
5,1529,1534,0.1388
5,1528,1533,0.1388
5,1522,1527,0.1388
5,1513,1518,0.1388
5,1515,1520,0.1388
7,1514,1521,0.1388
7,1514,1521,0.1388
7,1516,1523,0.1388
7,1499,1506,0.1388
6,1492,1498,0.1388
6,1502,1508,0.1388
6,1500,1506,0.1388
5,1510,1515,0.1388
5,1523,1528,0.1388
5,1512,1517,0.1388
4,1504,1508,0.1388
4,1514,1518,0.1388
4,1505,1509,0.1388
4,1514,1518,0.1388
4,1526,1530,0.1388
4,1534,1538,0.1388
3,1508,1511,0.1388
4,1510,1514,0.1388
4,1512,1516,0.1388
4,1501,1505,0.1388
4,1498,1502,0.1388
4,1500,1504,0.1388
3,1504,1507,0.1388
3,1508,1511,0.1388
3,1515,1518,0.1388
3,1512,1515,0.1388
3,1515,1518,0.1388
3,1513,1516,0.1388
2,1514,1516,0.1388
2,1519,1521,0.1388
2,1511,1513,0.1388
2,1515,1517,0.1388
2,1518,1520,0.1388
2,1512,1514,0.1388
2,1508,1510,0.1388
2,1507,1509,0.1388
2,1502,1504,0.1388
3,1496,1499,0.1388
3,1501,1504,0.1388
3,1501,1504,0.1388
3,1504,1507,0.1388
3,1509,1512,0.1388
3,1508,1511,0.1388
2,1513,1515,0.1388
2,1501,1503,0.1388
2,1511,1513,0.1388
2,1509,1511,0.1388
2,1499,1501,0.1388
2,1496,1498,0.1388
2,1506,1508,0.1388
2,1505,1507,0.1388
2,1512,1514,0.1388
2,1518,1520,0.1388
2,1512,1514,0.1388
2,1518,1520,0.1388
2,1513,1515,0.1388
1,1502,1503,0.1388
1,1507,1508,0.1388
1,1507,1508,0.1388
1,1516,1517,0.1388
1,1517,1518,0.1388
1,1520,1521,0.1388
1,1523,1524,0.1388
1,1524,1525,0.1388
1,1511,1512,0.1388
1,1496,1497,0.1388
1,1500,1501,0.1388
1,1509,1510,0.1388
1,1512,1513,0.1388
1,1515,1516,0.1388
1,1520,1521,0.1388
1,1519,1520,0.1388
1,1519,1520,0.1388
1,1514,1515,0.1388
1,1523,1524,0.1388
1,1518,1519,0.1388
1,1513,1514,0.1388
1,1509,1510,0.1388
1,1512,1513,0.1388
1,1504,1505,0.1388
1,1502,1503,0.1388
1,1516,1517,0.1388
1,1509,1510,0.1388
1,1504,1505,0.1388
2,1510,1512,0.1388
2,1509,1511,0.1388
2,1508,1510,0.1388
2,1512,1514,0.1388
2,1525,1527,0.1388
2,1513,1515,0.1388
2,1510,1512,0.1388
2,1516,1518,0.1388
2,1517,1519,0.1388
2,1522,1524,0.1388
2,1522,1524,0.1388
2,1505,1507,0.1388
2,1490,1492,0.1388
2,1500,1502,0.1388
2,1508,1510,0.1388
2,1517,1519,0.1388
2,1517,1519,0.1388
2,1504,1506,0.1388
2,1495,1497,0.1388
2,1516,1518,0.1388
2,1520,1522,0.1388
2,1523,1525,0.1388
2,1519,1521,0.1388
2,1508,1510,0.1388
2,1503,1505,0.1388
2,1506,1508,0.1388
1,1520,1521,0.1388
1,1517,1518,0.1388
1,1517,1518,0.1388
1,1505,1506,0.1388
0,1516,1516,0.1388
