1366,30,1396,0.1388
1396,33,1429,0.1388
1414,32,1446,0.1388
1418,34,1452,0.1388
1427,37,1464,0.1388
1434,38,1472,0.1388
1439,37,1476,0.1388
1447,39,1486,0.1388
1451,38,1489,0.1388
1442,37,1479,0.1388
1447,39,1486,0.1388
1438,42,1480,0.1388
1461,40,1501,0.1388
1459,41,1500,0.1388
1449,42,1491,0.1388
1436,43,1479,0.1388
1438,43,1481,0.1388
1454,46,1500,0.1388
1454,45,1499,0.1388
1448,44,1492,0.1388
1456,44,1500,0.1388
1465,45,1510,0.1388
1462,45,1507,0.1388
1469,46,1515,0.1388
1450,45,1495,0.1388
1448,42,1490,0.1388
1452,42,1494,0.1388
1456,43,1499,0.1388
1459,42,1501,0.1388
1447,42,1489,0.1388
1439,42,1481,0.1388
1438,44,1482,0.1388
1440,45,1485,0.1388
1445,47,1492,0.1388
1454,50,1504,0.1388
1451,49,1500,0.1388
1442,50,1492,0.1388
1440,48,1488,0.1388
1432,51,1483,0.1388
1445,53,1498,0.1388
1436,50,1486,0.1388
1432,48,1480,0.1388
1449,47,1496,0.1388
1447,48,1495,0.1388
1450,47,1497,0.1388
1444,46,1490,0.1388
1451,50,1501,0.1388
1448,50,1498,0.1388
1447,51,1498,0.1388
1436,52,1488,0.1388
1434,52,1486,0.1388
1435,53,1488,0.1388
1438,56,1494,0.1388
1447,56,1503,0.1388
1439,56,1495,0.1388
1441,57,1498,0.1388
1430,57,1487,0.1388
1440,58,1498,0.1388
1435,60,1495,0.1388
1434,59,1493,0.1388
1448,60,1508,0.1388
1447,60,1507,0.1388
1452,62,1514,0.1388
1449,63,1512,0.1388
1439,63,1502,0.1388
1443,63,1506,0.1388
1429,65,1494,0.1388
1424,63,1487,0.1388
1431,63,1494,0.1388
1438,62,1500,0.1388
1430,63,1493,0.1388
1436,62,1498,0.1388
1441,57,1498,0.1388
1448,59,1507,0.1388
1442,59,1501,0.1388
1427,59,1486,0.1388
1428,60,1488,0.1388
1429,61,1490,0.1388
1435,60,1495,0.1388
1443,58,1501,0.1388
1436,59,1495,0.1388
1431,55,1486,0.1388
1425,56,1481,0.1388
1425,57,1482,0.1388
1431,58,1489,0.1388
1421,56,1477,0.1388
1436,59,1495,0.1388
1429,60,1489,0.1388
1430,59,1489,0.1388
1440,59,1499,0.1388
1435,61,1496,0.1388
1434,61,1495,0.1388
1427,67,1494,0.1388
1434,64,1498,0.1388
1429,66,1495,0.1388
1444,66,1510,0.1388
1436,67,1503,0.1388
1431,68,1499,0.1388
1444,64,1508,0.1388
1446,63,1509,0.1388
1437,65,1502,0.1388
1439,64,1503,0.1388
1448,62,1510,0.1388
1445,60,1505,0.1388
1440,59,1499,0.1388
1433,60,1493,0.1388
1431,61,1492,0.1388
1426,60,1486,0.1388
1450,57,1507,0.1388
1449,57,1506,0.1388
1455,58,1513,0.1388
1463,62,1525,0.1388
1468,59,1527,0.1388
1464,59,1523,0.1388
1454,58,1512,0.1388
1457,62,1519,0.1388
1432,63,1495,0.1388
1428,65,1493,0.1388
1424,65,1489,0.1388
1421,62,1483,0.1388
1432,61,1493,0.1388
1426,65,1491,0.1388
1419,64,1483,0.1388
1414,64,1478,0.1388
1426,66,1492,0.1388
1437,67,1504,0.1388
1432,65,1497,0.1388
1437,64,1501,0.1388
1432,68,1500,0.1388
1420,70,1490,0.1388
1407,66,1473,0.1388
1420,66,1486,0.1388
1425,67,1492,0.1388
1424,67,1491,0.1388
1432,66,1498,0.1388
1422,74,1496,0.1388
1420,75,1495,0.1388
1412,75,1487,0.1388
1421,77,1498,0.1388
1421,76,1497,0.1388
1417,78,1495,0.1388
1415,77,1492,0.1388
1404,73,1477,0.1388
1416,70,1486,0.1388
1423,73,1496,0.1388
1403,79,1482,0.1388
1398,80,1478,0.1388
1394,83,1477,0.1388
1404,82,1486,0.1388
1406,85,1491,0.1388
1409,85,1494,0.1388
1408,87,1495,0.1388
1415,85,1500,0.1388
1403,84,1487,0.1388
1401,85,1486,0.1388
1405,83,1488,0.1388
1427,83,1510,0.1388
1422,86,1508,0.1388
1420,84,1504,0.1388
1422,85,1507,0.1388
1417,85,1502,0.1388
1414,82,1496,0.1388
1416,82,1498,0.1388
1430,79,1509,0.1388
1428,78,1506,0.1388
1432,76,1508,0.1388
1420,77,1497,0.1388
1427,72,1499,0.1388
1419,72,1491,0.1388
1420,75,1495,0.1388
1410,77,1487,0.1388
1414,79,1493,0.1388
1418,81,1499,0.1388
1412,82,1494,0.1388
1402,79,1481,0.1388
1402,82,1484,0.1388
1415,81,1496,0.1388
1419,78,1497,0.1388
1420,77,1497,0.1388
1418,82,1500,0.1388
1413,86,1499,0.1388
1406,83,1489,0.1388
1393,84,1477,0.1388
1393,82,1475,0.1388
1393,80,1473,0.1388
1388,80,1468,0.1388
1409,83,1492,0.1388
1416,80,1496,0.1388
1414,79,1493,0.1388
1424,80,1504,0.1388
1418,80,1498,0.1388
1421,80,1501,0.1388
1422,80,1502,0.1388
1426,82,1508,0.1388
1422,84,1506,0.1388
1428,86,1514,0.1388
1424,88,1512,0.1388
1422,90,1512,0.1388
1417,89,1506,0.1388
1405,92,1497,0.1388
1409,90,1499,0.1388
1401,88,1489,0.1388
1409,91,1500,0.1388
1403,92,1495,0.1388
1404,86,1490,0.1388
1401,87,1488,0.1388
1389,86,1475,0.1388
1398,90,1488,0.1388
1400,91,1491,0.1388
1398,93,1491,0.1388
1399,95,1494,0.1388
1406,97,1503,0.1388
1402,96,1498,0.1388
1406,97,1503,0.1388
1412,98,1510,0.1388
1394,98,1492,0.1388
1401,98,1499,0.1388
1387,101,1488,0.1388
1383,101,1484,0.1388
1391,102,1493,0.1388
1402,101,1503,0.1388
1399,98,1497,0.1388
1402,101,1503,0.1388
1395,99,1494,0.1388
1378,102,1480,0.1388
1394,101,1495,0.1388
1382,103,1485,0.1388
1398,102,1500,0.1388
1401,103,1504,0.1388
1391,104,1495,0.1388
1393,105,1498,0.1388
1388,107,1495,0.1388
1391,108,1499,0.1388
1383,108,1491,0.1388
1376,106,1482,0.1388
1369,107,1476,0.1388
1373,110,1483,0.1388
1380,113,1493,0.1388
1381,113,1494,0.1388
1375,114,1489,0.1388
1374,114,1488,0.1388
1364,117,1481,0.1388
1365,118,1483,0.1388
1385,119,1504,0.1388
1389,117,1506,0.1388
1383,114,1497,0.1388
1379,117,1496,0.1388
1374,113,1487,0.1388
1374,113,1487,0.1388
1355,113,1468,0.1388
1364,115,1479,0.1388
1373,113,1486,0.1388
1371,110,1481,0.1388
1382,111,1493,0.1388
1389,114,1503,0.1388
1382,111,1493,0.1388
1370,113,1483,0.1388
1378,110,1488,0.1388
1378,118,1496,0.1388
1376,114,1490,0.1388
1377,113,1490,0.1388
1389,117,1506,0.1388
1383,118,1501,0.1388
1382,117,1499,0.1388
1369,117,1486,0.1388
1364,118,1482,0.1388
1368,124,1492,0.1388
1375,125,1500,0.1388
1362,128,1490,0.1388
1356,125,1481,0.1388
1363,126,1489,0.1388
1350,122,1472,0.1388
1360,123,1483,0.1388
1353,125,1478,0.1388
1349,126,1475,0.1388
1355,131,1486,0.1388
1356,132,1488,0.1388
1352,135,1487,0.1388
1333,135,1468,0.1388
1333,139,1472,0.1388
1347,141,1488,0.1388
1346,146,1492,0.1388
1349,144,1493,0.1388
1342,145,1487,0.1388
1341,142,1483,0.1388
1342,144,1486,0.1388
1336,145,1481,0.1388
1359,144,1503,0.1388
1353,144,1497,0.1388
1363,142,1505,0.1388
1348,144,1492,0.1388
1346,142,1488,0.1388
1339,144,1483,0.1388
1336,145,1481,0.1388
1352,145,1497,0.1388
1334,157,1491,0.1388
1322,156,1478,0.1388
1343,155,1498,0.1388
1336,159,1495,0.1388
1349,159,1508,0.1388
1351,161,1512,0.1388
1344,160,1504,0.1388
1346,155,1501,0.1388
1342,158,1500,0.1388
1335,157,1492,0.1388
1329,157,1486,0.1388
1346,163,1509,0.1388
1342,161,1503,0.1388
1332,162,1494,0.1388
1335,162,1497,0.1388
1336,158,1494,0.1388
1329,156,1485,0.1388
1323,157,1480,0.1388
1334,156,1490,0.1388
1339,156,1495,0.1388
1331,153,1484,0.1388
1332,157,1489,0.1388
1332,156,1488,0.1388
1323,156,1479,0.1388
1332,158,1490,0.1388
1326,159,1485,0.1388
1326,157,1483,0.1388
1333,158,1491,0.1388
1344,156,1500,0.1388
1347,153,1500,0.1388
1344,161,1505,0.1388
1342,156,1498,0.1388
1356,163,1519,0.1388
1347,167,1514,0.1388
1347,168,1515,0.1388
1338,165,1503,0.1388
1344,170,1514,0.1388
1346,170,1516,0.1388
1333,166,1499,0.1388
1338,162,1500,0.1388
1332,163,1495,0.1388
1327,169,1496,0.1388
1320,167,1487,0.1388
1322,166,1488,0.1388
1338,166,1504,0.1388
1336,163,1499,0.1388
1324,166,1490,0.1388
1325,166,1491,0.1388
1337,167,1504,0.1388
1330,166,1496,0.1388
1331,170,1501,0.1388
1336,167,1503,0.1388
1340,169,1509,0.1388
1332,165,1497,0.1388
1328,167,1495,0.1388
1322,168,1490,0.1388
1310,168,1478,0.1388
1299,172,1471,0.1388
1300,170,1470,0.1388
1312,171,1483,0.1388
1320,165,1485,0.1388
1328,169,1497,0.1388
1319,167,1486,0.1388
1318,170,1488,0.1388
1323,171,1494,0.1388
1329,175,1504,0.1388
1322,175,1497,0.1388
1318,181,1499,0.1388
1326,183,1509,0.1388
1321,182,1503,0.1388
1318,177,1495,0.1388
1312,181,1493,0.1388
1315,184,1499,0.1388
1300,184,1484,0.1388
1296,182,1478,0.1388
1290,184,1474,0.1388
1294,182,1476,0.1388
1291,182,1473,0.1388
1289,185,1474,0.1388
1279,187,1466,0.1388
1284,189,1473,0.1388
1287,187,1474,0.1388
1293,185,1478,0.1388
1302,189,1491,0.1388
1300,190,1490,0.1388
1298,192,1490,0.1388
1301,194,1495,0.1388
1291,198,1489,0.1388
1291,198,1489,0.1388
1286,200,1486,0.1388
1296,195,1491,0.1388
1299,199,1498,0.1388
1288,196,1484,0.1388
1289,200,1489,0.1388
1308,199,1507,0.1388
1306,195,1501,0.1388
1295,194,1489,0.1388
1285,193,1478,0.1388
1278,194,1472,0.1388
1289,196,1485,0.1388
1294,195,1489,0.1388
1307,195,1502,0.1388
1310,195,1505,0.1388
1314,197,1511,0.1388
1314,194,1508,0.1388
1300,198,1498,0.1388
1289,202,1491,0.1388
1299,206,1505,0.1388
1306,206,1512,0.1388
1298,208,1506,0.1388
1302,207,1509,0.1388
1301,212,1513,0.1388
1296,214,1510,0.1388
1282,214,1496,0.1388
1286,214,1500,0.1388
1278,220,1498,0.1388
1280,222,1502,0.1388
1298,219,1517,0.1388
1300,220,1520,0.1388
1296,210,1506,0.1388
1295,215,1510,0.1388
1290,208,1498,0.1388
1291,211,1502,0.1388
1283,212,1495,0.1388
1274,215,1489,0.1388
1285,216,1501,0.1388
1291,216,1507,0.1388
1285,220,1505,0.1388
1277,218,1495,0.1388
1280,213,1493,0.1388
1289,216,1505,0.1388
1281,220,1501,0.1388
1271,215,1486,0.1388
1264,220,1484,0.1388
1262,218,1480,0.1388
1257,217,1474,0.1388
1262,225,1487,0.1388
1260,227,1487,0.1388
1270,229,1499,0.1388
1277,217,1494,0.1388
1280,220,1500,0.1388
1276,217,1493,0.1388
1267,216,1483,0.1388
1272,217,1489,0.1388
1263,223,1486,0.1388
1262,224,1486,0.1388
1268,225,1493,0.1388
1258,226,1484,0.1388
1254,227,1481,0.1388
1262,231,1493,0.1388
1269,228,1497,0.1388
1262,225,1487,0.1388
1273,230,1503,0.1388
1274,232,1506,0.1388
1269,230,1499,0.1388
1269,229,1498,0.1388
1268,225,1493,0.1388
1273,230,1503,0.1388
1268,231,1499,0.1388
1276,228,1504,0.1388
1270,230,1500,0.1388
1257,235,1492,0.1388
1274,239,1513,0.1388
1267,238,1505,0.1388
1268,235,1503,0.1388
1270,234,1504,0.1388
1271,235,1506,0.1388
1269,239,1508,0.1388
1282,233,1515,0.1388
1264,232,1496,0.1388
1262,233,1495,0.1388
1248,239,1487,0.1388
1250,239,1489,0.1388
1262,243,1505,0.1388
1260,247,1507,0.1388
1264,250,1514,0.1388
1256,250,1506,0.1388
1258,254,1512,0.1388
1245,256,1501,0.1388
1249,254,1503,0.1388
1256,259,1515,0.1388
1246,262,1508,0.1388
1246,260,1506,0.1388
1244,257,1501,0.1388
1234,261,1495,0.1388
1229,263,1492,0.1388
1218,269,1487,0.1388
1215,273,1488,0.1388
1231,272,1503,0.1388
1232,273,1505,0.1388
1231,273,1504,0.1388
1232,275,1507,0.1388
1221,272,1493,0.1388
1227,266,1493,0.1388
1233,271,1504,0.1388
1235,270,1505,0.1388
1232,273,1505,0.1388
1225,274,1499,0.1388
1217,274,1491,0.1388
1208,278,1486,0.1388
1216,283,1499,0.1388
1215,282,1497,0.1388
1213,280,1493,0.1388
1209,275,1484,0.1388
1204,277,1481,0.1388
1204,282,1486,0.1388
1203,284,1487,0.1388
1205,287,1492,0.1388
1208,288,1496,0.1388
1201,289,1490,0.1388
1193,282,1475,0.1388
1198,290,1488,0.1388
1199,291,1490,0.1388
1200,292,1492,0.1388
1194,291,1485,0.1388
1207,292,1499,0.1388
1204,297,1501,0.1388
1196,293,1489,0.1388
1193,290,1483,0.1388
1191,295,1486,0.1388
1192,294,1486,0.1388
1187,302,1489,0.1388
1193,308,1501,0.1388
1193,304,1497,0.1388
1203,306,1509,0.1388
1200,305,1505,0.1388
1194,302,1496,0.1388
1205,301,1506,0.1388
1201,305,1506,0.1388
1197,305,1502,0.1388
1203,313,1516,0.1388
1203,315,1518,0.1388
1191,312,1503,0.1388
1181,312,1493,0.1388
1175,308,1483,0.1388
1185,316,1501,0.1388
1176,321,1497,0.1388
1175,323,1498,0.1388
1177,322,1499,0.1388
1167,324,1491,0.1388
1180,330,1510,0.1388
1184,323,1507,0.1388
1179,324,1503,0.1388
1174,321,1495,0.1388
1184,321,1505,0.1388
1183,323,1506,0.1388
1180,324,1504,0.1388
1172,330,1502,0.1388
1154,329,1483,0.1388
1156,326,1482,0.1388
1152,333,1485,0.1388
1150,337,1487,0.1388
1156,335,1491,0.1388
1153,339,1492,0.1388
1150,341,1491,0.1388
1162,340,1502,0.1388
1157,338,1495,0.1388
1163,342,1505,0.1388
1167,346,1513,0.1388
1155,342,1497,0.1388
1151,341,1492,0.1388
1148,346,1494,0.1388
1136,342,1478,0.1388
1133,347,1480,0.1388
1133,349,1482,0.1388
1129,349,1478,0.1388
1119,355,1474,0.1388
1121,352,1473,0.1388
1129,345,1474,0.1388
1130,355,1485,0.1388
1136,354,1490,0.1388
1133,347,1480,0.1388
1152,356,1508,0.1388
1144,357,1501,0.1388
1147,352,1499,0.1388
1149,354,1503,0.1388
1149,351,1500,0.1388
1149,348,1497,0.1388
1157,350,1507,0.1388
1149,352,1501,0.1388
1145,348,1493,0.1388
1142,350,1492,0.1388
1153,351,1504,0.1388
1156,350,1506,0.1388
1166,355,1521,0.1388
1161,357,1518,0.1388
1148,354,1502,0.1388
1141,349,1490,0.1388
1137,347,1484,0.1388
1151,348,1499,0.1388
1160,352,1512,0.1388
1153,351,1504,0.1388
1148,347,1495,0.1388
1144,352,1496,0.1388
1145,347,1492,0.1388
1139,344,1483,0.1388
1150,349,1499,0.1388
1160,347,1507,0.1388
1146,343,1489,0.1388
1154,346,1500,0.1388
1151,347,1498,0.1388
1158,347,1505,0.1388
1148,349,1497,0.1388
1154,343,1497,0.1388
1160,343,1503,0.1388
1162,350,1512,0.1388
1149,344,1493,0.1388
1150,351,1501,0.1388
1152,351,1503,0.1388
1146,350,1496,0.1388
1140,345,1485,0.1388
1141,345,1486,0.1388
1140,351,1491,0.1388
1147,353,1500,0.1388
1157,354,1511,0.1388
1150,361,1511,0.1388
1152,367,1519,0.1388
1158,363,1521,0.1388
1153,359,1512,0.1388
1143,362,1505,0.1388
1141,364,1505,0.1388
1144,363,1507,0.1388
1131,359,1490,0.1388
1125,358,1483,0.1388
1132,356,1488,0.1388
1136,357,1493,0.1388
1140,352,1492,0.1388
1140,348,1488,0.1388
1139,346,1485,0.1388
1135,343,1478,0.1388
1133,343,1476,0.1388
1149,347,1496,0.1388
1142,349,1491,0.1388
1128,355,1483,0.1388
1141,359,1500,0.1388
1138,358,1496,0.1388
1129,363,1492,0.1388
1134,365,1499,0.1388
1133,365,1498,0.1388
1141,368,1509,0.1388
1140,361,1501,0.1388
1144,369,1513,0.1388
1156,370,1526,0.1388
1150,374,1524,0.1388
1140,374,1514,0.1388
1136,375,1511,0.1388
1128,376,1504,0.1388
1125,375,1500,0.1388
1125,378,1503,0.1388
1136,376,1512,0.1388
1138,379,1517,0.1388
1129,380,1509,0.1388
1120,382,1502,0.1388
1117,375,1492,0.1388
1119,368,1487,0.1388
1120,361,1481,0.1388
1119,378,1497,0.1388
1116,376,1492,0.1388
1124,383,1507,0.1388
1106,380,1486,0.1388
1109,387,1496,0.1388
1115,387,1502,0.1388
1126,391,1517,0.1388
1120,392,1512,0.1388
1126,391,1517,0.1388
1120,388,1508,0.1388
1119,381,1500,0.1388
1128,374,1502,0.1388
1137,374,1511,0.1388
1138,382,1520,0.1388
1125,384,1509,0.1388
1123,383,1506,0.1388
1120,385,1505,0.1388
1114,383,1497,0.1388
1118,381,1499,0.1388
1121,389,1510,0.1388
1123,377,1500,0.1388
1115,383,1498,0.1388
1122,387,1509,0.1388
1114,387,1501,0.1388
1108,386,1494,0.1388
1100,385,1485,0.1388
1088,393,1481,0.1388
1085,394,1479,0.1388
1096,397,1493,0.1388
1095,388,1483,0.1388
1089,392,1481,0.1388
1098,393,1491,0.1388
1091,399,1490,0.1388
1090,402,1492,0.1388
1099,404,1503,0.1388
1102,398,1500,0.1388
1092,402,1494,0.1388
1109,404,1513,0.1388
1114,400,1514,0.1388
1097,407,1504,0.1388
1095,412,1507,0.1388
1104,411,1515,0.1388
1101,408,1509,0.1388
1091,408,1499,0.1388
1089,403,1492,0.1388
1102,405,1507,0.1388
1092,411,1503,0.1388
1090,410,1500,0.1388
1087,419,1506,0.1388
1093,413,1506,0.1388
1092,413,1505,0.1388
1096,409,1505,0.1388
1095,412,1507,0.1388
1099,412,1511,0.1388
1094,418,1512,0.1388
1078,415,1493,0.1388
1067,421,1488,0.1388
1080,421,1501,0.1388
1071,427,1498,0.1388
1074,430,1504,0.1388
1077,431,1508,0.1388
1063,427,1490,0.1388
1061,442,1503,0.1388
1066,442,1508,0.1388
1075,439,1514,0.1388
1073,442,1515,0.1388
1074,445,1519,0.1388
1070,445,1515,0.1388
1070,447,1517,0.1388
1061,443,1504,0.1388
1062,445,1507,0.1388
1053,445,1498,0.1388
1064,440,1504,0.1388
1066,447,1513,0.1388
1060,439,1499,0.1388
1055,443,1498,0.1388
1058,446,1504,0.1388
1059,445,1504,0.1388
1060,448,1508,0.1388
1049,451,1500,0.1388
1056,456,1512,0.1388
1050,459,1509,0.1388
1039,461,1500,0.1388
1039,467,1506,0.1388
1034,463,1497,0.1388
1045,460,1505,0.1388
1059,468,1527,0.1388
1055,466,1521,0.1388
1054,462,1516,0.1388
1045,464,1509,0.1388
1049,464,1513,0.1388
1038,459,1497,0.1388
1038,460,1498,0.1388
1031,466,1497,0.1388
1034,469,1503,0.1388
1029,468,1497,0.1388
1021,468,1489,0.1388
1024,474,1498,0.1388
1030,470,1500,0.1388
1022,471,1493,0.1388
1027,475,1502,0.1388
1021,471,1492,0.1388
1030,462,1492,0.1388
1023,467,1490,0.1388
1018,470,1488,0.1388
1027,465,1492,0.1388
1027,464,1491,0.1388
1029,462,1491,0.1388
1023,472,1495,0.1388
1032,471,1503,0.1388
1040,472,1512,0.1388
1031,476,1507,0.1388
1026,478,1504,0.1388
1024,477,1501,0.1388
1026,470,1496,0.1388
1010,485,1495,0.1388
1013,488,1501,0.1388
1016,489,1505,0.1388
1019,492,1511,0.1388
1012,496,1508,0.1388
1007,495,1502,0.1388
1005,496,1501,0.1388
1006,490,1496,0.1388
992,488,1480,0.1388
996,499,1495,0.1388
996,502,1498,0.1388
1002,504,1506,0.1388
990,504,1494,0.1388
1004,503,1507,0.1388
999,495,1494,0.1388
1005,496,1501,0.1388
1002,501,1503,0.1388
1004,501,1505,0.1388
1000,506,1506,0.1388
1003,499,1502,0.1388
1004,500,1504,0.1388
994,503,1497,0.1388
995,502,1497,0.1388
1007,494,1501,0.1388
998,491,1489,0.1388
1012,493,1505,0.1388
1013,482,1495,0.1388
1017,491,1508,0.1388
1010,487,1497,0.1388
1006,494,1500,0.1388
1012,495,1507,0.1388
1003,499,1502,0.1388
1010,489,1499,0.1388
1007,484,1491,0.1388
1000,485,1485,0.1388
1014,486,1500,0.1388
1013,489,1502,0.1388
1012,496,1508,0.1388
1003,489,1492,0.1388
1015,491,1506,0.1388
1002,491,1493,0.1388
1004,493,1497,0.1388
999,492,1491,0.1388
999,492,1491,0.1388
1008,493,1501,0.1388
1011,495,1506,0.1388
1013,494,1507,0.1388
1000,496,1496,0.1388
1002,500,1502,0.1388
1011,501,1512,0.1388
1006,490,1496,0.1388
1014,487,1501,0.1388
994,491,1485,0.1388
984,497,1481,0.1388
996,490,1486,0.1388
1008,493,1501,0.1388
1012,497,1509,0.1388
1000,486,1486,0.1388
1007,486,1493,0.1388
998,491,1489,0.1388
1003,492,1495,0.1388
1006,489,1495,0.1388
991,489,1480,0.1388
1003,493,1496,0.1388
1004,495,1499,0.1388
1007,487,1494,0.1388
1014,476,1490,0.1388
1016,478,1494,0.1388
1013,481,1494,0.1388
1018,483,1501,0.1388
1011,489,1500,0.1388
1017,485,1502,0.1388
1018,490,1508,0.1388
1022,486,1508,0.1388
1025,483,1508,0.1388
1025,482,1507,0.1388
1032,488,1520,0.1388
1028,488,1516,0.1388
1015,484,1499,0.1388
1011,490,1501,0.1388
1016,492,1508,0.1388
1024,493,1517,0.1388
1016,491,1507,0.1388
1020,493,1513,0.1388
1018,493,1511,0.1388
1008,495,1503,0.1388
1021,493,1514,0.1388
1017,491,1508,0.1388
1002,492,1494,0.1388
999,490,1489,0.1388
1008,484,1492,0.1388
1013,492,1505,0.1388
1008,490,1498,0.1388
1015,496,1511,0.1388
1004,491,1495,0.1388
1002,498,1500,0.1388
1009,500,1509,0.1388
1006,497,1503,0.1388
1006,499,1505,0.1388
996,500,1496,0.1388
1009,499,1508,0.1388
1003,497,1500,0.1388
1007,502,1509,0.1388
997,509,1506,0.1388
1000,510,1510,0.1388
996,512,1508,0.1388
993,513,1506,0.1388
994,513,1507,0.1388
989,519,1508,0.1388
981,516,1497,0.1388
969,522,1491,0.1388
980,524,1504,0.1388
976,527,1503,0.1388
986,533,1519,0.1388
984,535,1519,0.1388
980,532,1512,0.1388
971,531,1502,0.1388
977,530,1507,0.1388
972,535,1507,0.1388
969,531,1500,0.1388
969,527,1496,0.1388
974,523,1497,0.1388
964,526,1490,0.1388
954,528,1482,0.1388
960,530,1490,0.1388
963,532,1495,0.1388
962,526,1488,0.1388
968,529,1497,0.1388
955,541,1496,0.1388
964,539,1503,0.1388
965,529,1494,0.1388
967,534,1501,0.1388
956,534,1490,0.1388
955,532,1487,0.1388
958,537,1495,0.1388
943,544,1487,0.1388
947,548,1495,0.1388
939,541,1480,0.1388
945,543,1488,0.1388
952,539,1491,0.1388
958,543,1501,0.1388
954,540,1494,0.1388
961,541,1502,0.1388
957,557,1514,0.1388
958,560,1518,0.1388
954,553,1507,0.1388
948,556,1504,0.1388
953,561,1514,0.1388
951,556,1507,0.1388
950,562,1512,0.1388
947,559,1506,0.1388
951,563,1514,0.1388
939,559,1498,0.1388
944,560,1504,0.1388
945,552,1497,0.1388
933,560,1493,0.1388
936,557,1493,0.1388
937,553,1490,0.1388
950,549,1499,0.1388
958,548,1506,0.1388
948,542,1490,0.1388
942,545,1487,0.1388
938,552,1490,0.1388
951,552,1503,0.1388
956,553,1509,0.1388
951,566,1517,0.1388
935,568,1503,0.1388
934,567,1501,0.1388
931,569,1500,0.1388
930,567,1497,0.1388
930,570,1500,0.1388
925,575,1500,0.1388
923,579,1502,0.1388
930,578,1508,0.1388
937,577,1514,0.1388
942,575,1517,0.1388
925,572,1497,0.1388
922,575,1497,0.1388
930,584,1514,0.1388
927,584,1511,0.1388
926,584,1510,0.1388
931,574,1505,0.1388
936,571,1507,0.1388
933,576,1509,0.1388
933,586,1519,0.1388
929,583,1512,0.1388
927,584,1511,0.1388
914,588,1502,0.1388
911,591,1502,0.1388
915,588,1503,0.1388
915,590,1505,0.1388
912,584,1496,0.1388
910,589,1499,0.1388
917,582,1499,0.1388
914,587,1501,0.1388
903,584,1487,0.1388
910,586,1496,0.1388
926,587,1513,0.1388
932,590,1522,0.1388
929,592,1521,0.1388
924,579,1503,0.1388
929,578,1507,0.1388
932,585,1517,0.1388
931,584,1515,0.1388
927,584,1511,0.1388
919,592,1511,0.1388
922,600,1522,0.1388
911,600,1511,0.1388
917,596,1513,0.1388
901,593,1494,0.1388
899,599,1498,0.1388
893,602,1495,0.1388
895,603,1498,0.1388
889,601,1490,0.1388
892,606,1498,0.1388
902,611,1513,0.1388
903,601,1504,0.1388
900,592,1492,0.1388
902,599,1501,0.1388
895,600,1495,0.1388
892,598,1490,0.1388
892,595,1487,0.1388
896,588,1484,0.1388
905,595,1500,0.1388
901,602,1503,0.1388
896,610,1506,0.1388
884,619,1503,0.1388
890,614,1504,0.1388
904,616,1520,0.1388
909,620,1529,0.1388
893,618,1511,0.1388
898,620,1518,0.1388
892,615,1507,0.1388
897,617,1514,0.1388
898,618,1516,0.1388
885,613,1498,0.1388
887,617,1504,0.1388
892,615,1507,0.1388
890,610,1500,0.1388
896,614,1510,0.1388
900,619,1519,0.1388
895,611,1506,0.1388
891,612,1503,0.1388
896,620,1516,0.1388
889,615,1504,0.1388
888,613,1501,0.1388
894,615,1509,0.1388
892,614,1506,0.1388
884,614,1498,0.1388
876,630,1506,0.1388
873,626,1499,0.1388
867,638,1505,0.1388
875,630,1505,0.1388
869,641,1510,0.1388
870,635,1505,0.1388
874,631,1505,0.1388
879,635,1514,0.1388
885,636,1521,0.1388
877,637,1514,0.1388
871,638,1509,0.1388
867,635,1502,0.1388
864,631,1495,0.1388
868,628,1496,0.1388
863,633,1496,0.1388
866,642,1508,0.1388
871,642,1513,0.1388
871,640,1511,0.1388
859,638,1497,0.1388
855,638,1493,0.1388
856,647,1503,0.1388
855,647,1502,0.1388
855,641,1496,0.1388
857,643,1500,0.1388
843,643,1486,0.1388
849,645,1494,0.1388
859,642,1501,0.1388
858,641,1499,0.1388
852,649,1501,0.1388
847,653,1500,0.1388
845,648,1493,0.1388
849,649,1498,0.1388
852,655,1507,0.1388
853,652,1505,0.1388
852,658,1510,0.1388
854,655,1509,0.1388
851,650,1501,0.1388
853,654,1507,0.1388
853,654,1507,0.1388
854,657,1511,0.1388
864,660,1524,0.1388
856,667,1523,0.1388
854,664,1518,0.1388
856,663,1519,0.1388
847,663,1510,0.1388
845,672,1517,0.1388
846,661,1507,0.1388
845,660,1505,0.1388
841,663,1504,0.1388
843,657,1500,0.1388
849,655,1504,0.1388
844,655,1499,0.1388
835,654,1489,0.1388
844,664,1508,0.1388
845,668,1513,0.1388
838,672,1510,0.1388
838,666,1504,0.1388
835,659,1494,0.1388
838,663,1501,0.1388
837,663,1500,0.1388
827,663,1490,0.1388
828,666,1494,0.1388
825,665,1490,0.1388
825,672,1497,0.1388
841,681,1522,0.1388
843,673,1516,0.1388
841,671,1512,0.1388
838,668,1506,0.1388
845,675,1520,0.1388
845,688,1533,0.1388
843,680,1523,0.1388
832,682,1514,0.1388
834,678,1512,0.1388
831,683,1514,0.1388
837,677,1514,0.1388
830,673,1503,0.1388
830,684,1514,0.1388
838,691,1529,0.1388
837,685,1522,0.1388
831,671,1502,0.1388
822,684,1506,0.1388
818,692,1510,0.1388
819,686,1505,0.1388
827,695,1522,0.1388
833,686,1519,0.1388
833,677,1510,0.1388
835,670,1505,0.1388
834,672,1506,0.1388
835,674,1509,0.1388
827,679,1506,0.1388
829,671,1500,0.1388
833,667,1500,0.1388
831,663,1494,0.1388
837,665,1502,0.1388
831,671,1502,0.1388
834,669,1503,0.1388
838,678,1516,0.1388
828,678,1506,0.1388
833,678,1511,0.1388
829,670,1499,0.1388
822,672,1494,0.1388
828,680,1508,0.1388
824,679,1503,0.1388
821,674,1495,0.1388
829,683,1512,0.1388
827,680,1507,0.1388
824,684,1508,0.1388
832,679,1511,0.1388
833,685,1518,0.1388
827,680,1507,0.1388
827,681,1508,0.1388
816,678,1494,0.1388
818,682,1500,0.1388
827,686,1513,0.1388
819,680,1499,0.1388
811,683,1494,0.1388
815,695,1510,0.1388
817,701,1518,0.1388
803,696,1499,0.1388
794,698,1492,0.1388
790,704,1494,0.1388
806,706,1512,0.1388
807,703,1510,0.1388
811,706,1517,0.1388
807,708,1515,0.1388
812,697,1509,0.1388
808,692,1500,0.1388
810,688,1498,0.1388
816,689,1505,0.1388
816,695,1511,0.1388
809,691,1500,0.1388
803,687,1490,0.1388
804,694,1498,0.1388
810,694,1504,0.1388
807,697,1504,0.1388
805,693,1498,0.1388
804,704,1508,0.1388
803,710,1513,0.1388
807,711,1518,0.1388
805,700,1505,0.1388
802,710,1512,0.1388
805,703,1508,0.1388
803,701,1504,0.1388
803,696,1499,0.1388
810,702,1512,0.1388
806,700,1506,0.1388
804,708,1512,0.1388
802,704,1506,0.1388
800,697,1497,0.1388
797,715,1512,0.1388
800,719,1519,0.1388
795,711,1506,0.1388
795,712,1507,0.1388
795,707,1502,0.1388
793,706,1499,0.1388
787,710,1497,0.1388
782,710,1492,0.1388
783,712,1495,0.1388
790,720,1510,0.1388
786,722,1508,0.1388
801,717,1518,0.1388
801,722,1523,0.1388
793,718,1511,0.1388
786,717,1503,0.1388
787,719,1506,0.1388
788,723,1511,0.1388
796,720,1516,0.1388
792,727,1519,0.1388
779,731,1510,0.1388
785,738,1523,0.1388
782,736,1518,0.1388
788,749,1537,0.1388
781,739,1520,0.1388
778,742,1520,0.1388
770,735,1505,0.1388
773,731,1504,0.1388
785,731,1516,0.1388
785,737,1522,0.1388
772,741,1513,0.1388
771,740,1511,0.1388
779,737,1516,0.1388
786,738,1524,0.1388
781,744,1525,0.1388
778,740,1518,0.1388
766,746,1512,0.1388
763,750,1513,0.1388
766,746,1512,0.1388
767,741,1508,0.1388
764,743,1507,0.1388
763,739,1502,0.1388
756,736,1492,0.1388
755,732,1487,0.1388
755,733,1488,0.1388
748,744,1492,0.1388
751,741,1492,0.1388
758,740,1498,0.1388
753,754,1507,0.1388
740,743,1483,0.1388
744,753,1497,0.1388
743,762,1505,0.1388
726,769,1495,0.1388
729,768,1497,0.1388
737,764,1501,0.1388
735,766,1501,0.1388
724,776,1500,0.1388
731,777,1508,0.1388
732,779,1511,0.1388
734,790,1524,0.1388
726,785,1511,0.1388
724,788,1512,0.1388
728,779,1507,0.1388
732,775,1507,0.1388
721,778,1499,0.1388
725,788,1513,0.1388
721,790,1511,0.1388
721,796,1517,0.1388
714,788,1502,0.1388
705,779,1484,0.1388
700,793,1493,0.1388
700,795,1495,0.1388
707,803,1510,0.1388
707,808,1515,0.1388
703,801,1504,0.1388
713,804,1517,0.1388
703,802,1505,0.1388
704,806,1510,0.1388
711,802,1513,0.1388
705,798,1503,0.1388
704,799,1503,0.1388
705,805,1510,0.1388
704,807,1511,0.1388
698,795,1493,0.1388
696,797,1493,0.1388
708,798,1506,0.1388
706,805,1511,0.1388
698,804,1502,0.1388
697,791,1488,0.1388
698,800,1498,0.1388
702,804,1506,0.1388
705,806,1511,0.1388
706,806,1512,0.1388
708,797,1505,0.1388
707,793,1500,0.1388
705,791,1496,0.1388
705,798,1503,0.1388
695,801,1496,0.1388
692,810,1502,0.1388
697,817,1514,0.1388
688,808,1496,0.1388
692,806,1498,0.1388
693,804,1497,0.1388
694,807,1501,0.1388
689,810,1499,0.1388
694,802,1496,0.1388
700,801,1501,0.1388
713,799,1512,0.1388
706,803,1509,0.1388
705,807,1512,0.1388
696,806,1502,0.1388
696,814,1510,0.1388
689,815,1504,0.1388
691,812,1503,0.1388
702,813,1515,0.1388
697,809,1506,0.1388
694,818,1512,0.1388
693,816,1509,0.1388
686,820,1506,0.1388
687,819,1506,0.1388
690,828,1518,0.1388
692,826,1518,0.1388
693,820,1513,0.1388
675,819,1494,0.1388
684,821,1505,0.1388
684,822,1506,0.1388
685,817,1502,0.1388
682,819,1501,0.1388
690,814,1504,0.1388
688,819,1507,0.1388
696,810,1506,0.1388
691,819,1510,0.1388
688,832,1520,0.1388
681,824,1505,0.1388
687,812,1499,0.1388
686,816,1502,0.1388
689,810,1499,0.1388
682,812,1494,0.1388
698,806,1504,0.1388
701,804,1505,0.1388
696,802,1498,0.1388
692,801,1493,0.1388
697,807,1504,0.1388
691,820,1511,0.1388
693,816,1509,0.1388
696,820,1516,0.1388
695,815,1510,0.1388
701,817,1518,0.1388
689,818,1507,0.1388
690,821,1511,0.1388
691,820,1511,0.1388
682,822,1504,0.1388
678,826,1504,0.1388
679,836,1515,0.1388
676,836,1512,0.1388
685,837,1522,0.1388
683,843,1526,0.1388
682,834,1516,0.1388
687,832,1519,0.1388
680,838,1518,0.1388
682,829,1511,0.1388
675,830,1505,0.1388
674,834,1508,0.1388
674,829,1503,0.1388
672,830,1502,0.1388
683,822,1505,0.1388
682,832,1514,0.1388
678,842,1520,0.1388
669,845,1514,0.1388
660,856,1516,0.1388
650,850,1500,0.1388
647,851,1498,0.1388
654,851,1505,0.1388
655,849,1504,0.1388
655,859,1514,0.1388
657,858,1515,0.1388
658,861,1519,0.1388
652,861,1513,0.1388
645,859,1504,0.1388
650,860,1510,0.1388
646,857,1503,0.1388
646,856,1502,0.1388
652,848,1500,0.1388
648,853,1501,0.1388
649,859,1508,0.1388
653,861,1514,0.1388
657,859,1516,0.1388
664,846,1510,0.1388
658,852,1510,0.1388
656,858,1514,0.1388
657,855,1512,0.1388
655,853,1508,0.1388
662,858,1520,0.1388
656,863,1519,0.1388
654,854,1508,0.1388
657,860,1517,0.1388
654,859,1513,0.1388
649,866,1515,0.1388
639,867,1506,0.1388
641,877,1518,0.1388
649,881,1530,0.1388
646,878,1524,0.1388
644,872,1516,0.1388
645,870,1515,0.1388
635,873,1508,0.1388
637,873,1510,0.1388
636,875,1511,0.1388
636,881,1517,0.1388
633,885,1518,0.1388
631,879,1510,0.1388
628,884,1512,0.1388
628,872,1500,0.1388
627,880,1507,0.1388
629,880,1509,0.1388
624,881,1505,0.1388
627,889,1516,0.1388
619,891,1510,0.1388
622,888,1510,0.1388
622,888,1510,0.1388
616,898,1514,0.1388
613,894,1507,0.1388
612,886,1498,0.1388
615,885,1500,0.1388
615,891,1506,0.1388
610,893,1503,0.1388
612,890,1502,0.1388
608,892,1500,0.1388
610,897,1507,0.1388
609,899,1508,0.1388
617,901,1518,0.1388
611,897,1508,0.1388
608,899,1507,0.1388
615,892,1507,0.1388
620,885,1505,0.1388
615,888,1503,0.1388
619,892,1511,0.1388
612,880,1492,0.1388
617,889,1506,0.1388
611,888,1499,0.1388
615,878,1493,0.1388
614,873,1487,0.1388
611,879,1490,0.1388
620,871,1491,0.1388
617,880,1497,0.1388
628,882,1510,0.1388
619,892,1511,0.1388
612,889,1501,0.1388
609,899,1508,0.1388
616,905,1521,0.1388
603,905,1508,0.1388
600,915,1515,0.1388
590,918,1508,0.1388
593,924,1517,0.1388
596,930,1526,0.1388
595,923,1518,0.1388
590,923,1513,0.1388
594,914,1508,0.1388
593,908,1501,0.1388
595,916,1511,0.1388
593,922,1515,0.1388
593,920,1513,0.1388
598,908,1506,0.1388
595,917,1512,0.1388
600,915,1515,0.1388
594,911,1505,0.1388
592,919,1511,0.1388
593,930,1523,0.1388
591,929,1520,0.1388
597,927,1524,0.1388
603,925,1528,0.1388
604,918,1522,0.1388
604,911,1515,0.1388
599,912,1511,0.1388
593,914,1507,0.1388
584,912,1496,0.1388
582,909,1491,0.1388
576,918,1494,0.1388
581,914,1495,0.1388
588,913,1501,0.1388
586,919,1505,0.1388
585,921,1506,0.1388
584,928,1512,0.1388
580,934,1514,0.1388
580,926,1506,0.1388
576,930,1506,0.1388
577,923,1500,0.1388
568,922,1490,0.1388
566,929,1495,0.1388
577,927,1504,0.1388
580,930,1510,0.1388
575,921,1496,0.1388
578,928,1506,0.1388
572,932,1504,0.1388
563,927,1490,0.1388
561,938,1499,0.1388
567,952,1519,0.1388
565,958,1523,0.1388
570,953,1523,0.1388
563,942,1505,0.1388
572,933,1505,0.1388
572,938,1510,0.1388
574,935,1509,0.1388
567,942,1509,0.1388
563,941,1504,0.1388
559,949,1508,0.1388
563,951,1514,0.1388
567,940,1507,0.1388
569,945,1514,0.1388
569,950,1519,0.1388
565,944,1509,0.1388
562,953,1515,0.1388
568,959,1527,0.1388
568,950,1518,0.1388
563,949,1512,0.1388
556,943,1499,0.1388
556,946,1502,0.1388
555,947,1502,0.1388
552,947,1499,0.1388
549,952,1501,0.1388
547,942,1489,0.1388
556,946,1502,0.1388
559,943,1502,0.1388
557,944,1501,0.1388
556,948,1504,0.1388
564,943,1507,0.1388
564,949,1513,0.1388
562,950,1512,0.1388
553,945,1498,0.1388
560,952,1512,0.1388
555,939,1494,0.1388
560,949,1509,0.1388
556,965,1521,0.1388
547,965,1512,0.1388
537,956,1493,0.1388
546,959,1505,0.1388
551,960,1511,0.1388
551,958,1509,0.1388
549,958,1507,0.1388
550,960,1510,0.1388
543,959,1502,0.1388
542,970,1512,0.1388
540,972,1512,0.1388
548,967,1515,0.1388
549,968,1517,0.1388
548,962,1510,0.1388
551,972,1523,0.1388
556,977,1533,0.1388
548,968,1516,0.1388
544,971,1515,0.1388
551,978,1529,0.1388
542,968,1510,0.1388
539,966,1505,0.1388
532,968,1500,0.1388
529,962,1491,0.1388
523,972,1495,0.1388
529,968,1497,0.1388
529,973,1502,0.1388
536,980,1516,0.1388
530,974,1504,0.1388
530,977,1507,0.1388
531,982,1513,0.1388
527,985,1512,0.1388
531,985,1516,0.1388
523,988,1511,0.1388
523,985,1508,0.1388
520,979,1499,0.1388
523,990,1513,0.1388
517,978,1495,0.1388
515,982,1497,0.1388
511,987,1498,0.1388
508,994,1502,0.1388
506,997,1503,0.1388
507,998,1505,0.1388
507,994,1501,0.1388
502,984,1486,0.1388
507,988,1495,0.1388
504,993,1497,0.1388
508,988,1496,0.1388
509,989,1498,0.1388
515,1000,1515,0.1388
519,997,1516,0.1388
520,999,1519,0.1388
519,992,1511,0.1388
517,1001,1518,0.1388
513,1001,1514,0.1388
518,1000,1518,0.1388
513,995,1508,0.1388
509,1000,1509,0.1388
503,992,1495,0.1388
501,984,1485,0.1388
497,990,1487,0.1388
492,998,1490,0.1388
500,996,1496,0.1388
491,996,1487,0.1388
491,1010,1501,0.1388
501,993,1494,0.1388
505,998,1503,0.1388
500,1003,1503,0.1388
498,996,1494,0.1388
494,992,1486,0.1388
490,1001,1491,0.1388
496,1007,1503,0.1388
495,1010,1505,0.1388
499,1006,1505,0.1388
496,1000,1496,0.1388
504,1002,1506,0.1388
507,1004,1511,0.1388
498,1008,1506,0.1388
488,1012,1500,0.1388
495,1013,1508,0.1388
488,1020,1508,0.1388
494,1021,1515,0.1388
493,1013,1506,0.1388
494,1010,1504,0.1388
496,1006,1502,0.1388
494,1010,1504,0.1388
501,1003,1504,0.1388
496,1007,1503,0.1388
496,1010,1506,0.1388
496,1016,1512,0.1388
492,1015,1507,0.1388
484,1009,1493,0.1388
486,1008,1494,0.1388
493,1007,1500,0.1388
500,1017,1517,0.1388
497,1025,1522,0.1388
503,1026,1529,0.1388
501,1022,1523,0.1388
507,1020,1527,0.1388
499,1018,1517,0.1388
497,1022,1519,0.1388
492,1020,1512,0.1388
486,1019,1505,0.1388
484,1023,1507,0.1388
486,1016,1502,0.1388
496,1024,1520,0.1388
502,1020,1522,0.1388
506,1027,1533,0.1388
499,1017,1516,0.1388
504,1023,1527,0.1388
500,1013,1513,0.1388
495,1012,1507,0.1388
494,1016,1510,0.1388
486,1008,1494,0.1388
486,1011,1497,0.1388
483,1016,1499,0.1388
481,996,1477,0.1388
480,1005,1485,0.1388
480,1002,1482,0.1388
488,997,1485,0.1388
494,1000,1494,0.1388
490,1012,1502,0.1388
482,1018,1500,0.1388
479,1023,1502,0.1388
485,1026,1511,0.1388
478,1025,1503,0.1388
477,1032,1509,0.1388
477,1036,1513,0.1388
474,1040,1514,0.1388
472,1042,1514,0.1388
467,1037,1504,0.1388
463,1046,1509,0.1388
458,1043,1501,0.1388
454,1057,1511,0.1388
453,1048,1501,0.1388
447,1050,1497,0.1388
455,1054,1509,0.1388
445,1052,1497,0.1388
445,1059,1504,0.1388
446,1063,1509,0.1388
441,1055,1496,0.1388
448,1063,1511,0.1388
447,1051,1498,0.1388
448,1054,1502,0.1388
447,1060,1507,0.1388
449,1071,1520,0.1388
451,1068,1519,0.1388
449,1060,1509,0.1388
446,1066,1512,0.1388
440,1063,1503,0.1388
437,1061,1498,0.1388
446,1072,1518,0.1388
442,1067,1509,0.1388
439,1078,1517,0.1388
442,1078,1520,0.1388
440,1085,1525,0.1388
444,1087,1531,0.1388
446,1087,1533,0.1388
446,1087,1533,0.1388
444,1081,1525,0.1388
447,1074,1521,0.1388
446,1070,1516,0.1388
438,1075,1513,0.1388
439,1074,1513,0.1388
448,1070,1518,0.1388
438,1079,1517,0.1388
430,1071,1501,0.1388
423,1073,1496,0.1388
422,1067,1489,0.1388
417,1076,1493,0.1388
419,1080,1499,0.1388
426,1091,1517,0.1388
434,1081,1515,0.1388
431,1084,1515,0.1388
431,1092,1523,0.1388
426,1077,1503,0.1388
419,1076,1495,0.1388
423,1087,1510,0.1388
422,1092,1514,0.1388
420,1100,1520,0.1388
422,1093,1515,0.1388
424,1091,1515,0.1388
419,1093,1512,0.1388
418,1096,1514,0.1388
416,1092,1508,0.1388
412,1086,1498,0.1388
408,1086,1494,0.1388
410,1081,1491,0.1388
413,1066,1479,0.1388
426,1068,1494,0.1388
420,1075,1495,0.1388
418,1087,1505,0.1388
420,1093,1513,0.1388
422,1076,1498,0.1388
422,1082,1504,0.1388
422,1082,1504,0.1388
420,1092,1512,0.1388
417,1094,1511,0.1388
414,1093,1507,0.1388
415,1092,1507,0.1388
418,1086,1504,0.1388
420,1096,1516,0.1388
410,1096,1506,0.1388
415,1084,1499,0.1388
409,1094,1503,0.1388
412,1107,1519,0.1388
416,1105,1521,0.1388
415,1102,1517,0.1388
404,1102,1506,0.1388
401,1101,1502,0.1388
400,1093,1493,0.1388
405,1101,1506,0.1388
409,1104,1513,0.1388
402,1094,1496,0.1388
405,1093,1498,0.1388
400,1085,1485,0.1388
397,1093,1490,0.1388
397,1108,1505,0.1388
404,1106,1510,0.1388
397,1111,1508,0.1388
402,1109,1511,0.1388
400,1108,1508,0.1388
401,1113,1514,0.1388
403,1117,1520,0.1388
398,1121,1519,0.1388
400,1127,1527,0.1388
396,1103,1499,0.1388
393,1101,1494,0.1388
391,1098,1489,0.1388
386,1087,1473,0.1388
392,1083,1475,0.1388
397,1094,1491,0.1388
393,1111,1504,0.1388
397,1108,1505,0.1388
396,1109,1505,0.1388
398,1117,1515,0.1388
402,1110,1512,0.1388
402,1116,1518,0.1388
398,1120,1518,0.1388
394,1113,1507,0.1388
392,1109,1501,0.1388
394,1111,1505,0.1388
385,1112,1497,0.1388
390,1102,1492,0.1388
392,1112,1504,0.1388
395,1114,1509,0.1388
390,1118,1508,0.1388
389,1130,1519,0.1388
389,1132,1521,0.1388
381,1117,1498,0.1388
373,1126,1499,0.1388
380,1123,1503,0.1388
385,1126,1511,0.1388
387,1119,1506,0.1388
392,1124,1516,0.1388
394,1114,1508,0.1388
399,1115,1514,0.1388
401,1122,1523,0.1388
394,1121,1515,0.1388
391,1118,1509,0.1388
393,1124,1517,0.1388
389,1138,1527,0.1388
387,1143,1530,0.1388
392,1142,1534,0.1388
389,1142,1531,0.1388
381,1128,1509,0.1388
375,1125,1500,0.1388
377,1138,1515,0.1388
373,1139,1512,0.1388
375,1134,1509,0.1388
380,1139,1519,0.1388
375,1141,1516,0.1388
372,1149,1521,0.1388
378,1148,1526,0.1388
381,1147,1528,0.1388
380,1153,1533,0.1388
375,1143,1518,0.1388
378,1145,1523,0.1388
376,1137,1513,0.1388
378,1140,1518,0.1388
371,1137,1508,0.1388
373,1137,1510,0.1388
373,1144,1517,0.1388
369,1145,1514,0.1388
366,1154,1520,0.1388
367,1146,1513,0.1388
361,1153,1514,0.1388
362,1154,1516,0.1388
360,1165,1525,0.1388
360,1162,1522,0.1388
352,1158,1510,0.1388
349,1168,1517,0.1388
351,1176,1527,0.1388
353,1159,1512,0.1388
350,1168,1518,0.1388
354,1173,1527,0.1388
350,1177,1527,0.1388
350,1180,1530,0.1388
355,1164,1519,0.1388
345,1178,1523,0.1388
340,1173,1513,0.1388
337,1168,1505,0.1388
339,1181,1520,0.1388
343,1183,1526,0.1388
345,1177,1522,0.1388
348,1168,1516,0.1388
341,1164,1505,0.1388
342,1163,1505,0.1388
338,1155,1493,0.1388
332,1153,1485,0.1388
333,1165,1498,0.1388
333,1161,1494,0.1388
336,1170,1506,0.1388
338,1175,1513,0.1388
337,1171,1508,0.1388
334,1175,1509,0.1388
337,1180,1517,0.1388
335,1190,1525,0.1388
330,1178,1508,0.1388
325,1180,1505,0.1388
330,1182,1512,0.1388
330,1180,1510,0.1388
329,1187,1516,0.1388
332,1179,1511,0.1388
333,1196,1529,0.1388
327,1184,1511,0.1388
334,1185,1519,0.1388
332,1167,1499,0.1388
336,1176,1512,0.1388
339,1179,1518,0.1388
341,1184,1525,0.1388
340,1188,1528,0.1388
341,1181,1522,0.1388
331,1185,1516,0.1388
331,1187,1518,0.1388
327,1187,1514,0.1388
325,1190,1515,0.1388
327,1186,1513,0.1388
327,1182,1509,0.1388
329,1186,1515,0.1388
331,1189,1520,0.1388
331,1197,1528,0.1388
339,1187,1526,0.1388
343,1174,1517,0.1388
339,1179,1518,0.1388
346,1182,1528,0.1388
341,1191,1532,0.1388
338,1185,1523,0.1388
336,1191,1527,0.1388
333,1196,1529,0.1388
330,1185,1515,0.1388
334,1174,1508,0.1388
332,1176,1508,0.1388
327,1187,1514,0.1388
321,1190,1511,0.1388
330,1191,1521,0.1388
324,1196,1520,0.1388
320,1194,1514,0.1388
317,1182,1499,0.1388
322,1178,1500,0.1388
317,1189,1506,0.1388
323,1193,1516,0.1388
321,1187,1508,0.1388
322,1205,1527,0.1388
332,1203,1535,0.1388
326,1207,1533,0.1388
323,1200,1523,0.1388
314,1197,1511,0.1388
314,1194,1508,0.1388
313,1206,1519,0.1388
316,1203,1519,0.1388
317,1197,1514,0.1388
319,1197,1516,0.1388
317,1202,1519,0.1388
320,1195,1515,0.1388
322,1182,1504,0.1388
320,1179,1499,0.1388
315,1174,1489,0.1388
314,1179,1493,0.1388
311,1200,1511,0.1388
312,1206,1518,0.1388
306,1200,1506,0.1388
302,1192,1494,0.1388
306,1201,1507,0.1388
311,1192,1503,0.1388
309,1199,1508,0.1388
308,1208,1516,0.1388
305,1209,1514,0.1388
308,1213,1521,0.1388
309,1209,1518,0.1388
306,1216,1522,0.1388
305,1210,1515,0.1388
306,1210,1516,0.1388
309,1205,1514,0.1388
309,1211,1520,0.1388
305,1198,1503,0.1388
298,1216,1514,0.1388
299,1213,1512,0.1388
304,1216,1520,0.1388
309,1210,1519,0.1388
304,1208,1512,0.1388
300,1208,1508,0.1388
301,1209,1510,0.1388
290,1210,1500,0.1388
289,1208,1497,0.1388
291,1201,1492,0.1388
288,1212,1500,0.1388
292,1216,1508,0.1388
295,1212,1507,0.1388
298,1211,1509,0.1388
296,1209,1505,0.1388
296,1209,1505,0.1388
299,1211,1510,0.1388
301,1215,1516,0.1388
302,1202,1504,0.1388
303,1205,1508,0.1388
307,1200,1507,0.1388
302,1197,1499,0.1388
300,1202,1502,0.1388
302,1221,1523,0.1388
298,1214,1512,0.1388
294,1219,1513,0.1388
295,1215,1510,0.1388
293,1205,1498,0.1388
298,1214,1512,0.1388
293,1216,1509,0.1388
296,1217,1513,0.1388
298,1223,1521,0.1388
302,1229,1531,0.1388
295,1225,1520,0.1388
290,1231,1521,0.1388
292,1226,1518,0.1388
292,1224,1516,0.1388
286,1226,1512,0.1388
286,1226,1512,0.1388
285,1230,1515,0.1388
283,1224,1507,0.1388
280,1221,1501,0.1388
286,1213,1499,0.1388
286,1220,1506,0.1388
286,1219,1505,0.1388
282,1217,1499,0.1388
290,1214,1504,0.1388
293,1230,1523,0.1388
296,1227,1523,0.1388
292,1221,1513,0.1388
293,1236,1529,0.1388
290,1234,1524,0.1388
287,1225,1512,0.1388
286,1234,1520,0.1388
286,1233,1519,0.1388
284,1234,1518,0.1388
282,1230,1512,0.1388
283,1243,1526,0.1388
279,1235,1514,0.1388
278,1249,1527,0.1388
275,1248,1523,0.1388
274,1257,1531,0.1388
272,1253,1525,0.1388
270,1249,1519,0.1388
272,1248,1520,0.1388
268,1245,1513,0.1388
270,1258,1528,0.1388
269,1256,1525,0.1388
268,1243,1511,0.1388
267,1249,1516,0.1388
267,1248,1515,0.1388
269,1247,1516,0.1388
268,1248,1516,0.1388
270,1242,1512,0.1388
270,1241,1511,0.1388
271,1250,1521,0.1388
266,1247,1513,0.1388
263,1243,1506,0.1388
258,1242,1500,0.1388
255,1252,1507,0.1388
256,1255,1511,0.1388
253,1259,1512,0.1388
252,1248,1500,0.1388
249,1255,1504,0.1388
255,1262,1517,0.1388
257,1251,1508,0.1388
256,1232,1488,0.1388
256,1252,1508,0.1388
258,1245,1503,0.1388
259,1261,1520,0.1388
257,1251,1508,0.1388
255,1245,1500,0.1388
248,1250,1498,0.1388
247,1258,1505,0.1388
246,1253,1499,0.1388
247,1251,1498,0.1388
250,1254,1504,0.1388
250,1262,1512,0.1388
251,1257,1508,0.1388
254,1277,1531,0.1388
252,1279,1531,0.1388
254,1278,1532,0.1388
253,1262,1515,0.1388
254,1258,1512,0.1388
255,1265,1520,0.1388
249,1263,1512,0.1388
252,1266,1518,0.1388
251,1265,1516,0.1388
248,1262,1510,0.1388
249,1251,1500,0.1388
249,1267,1516,0.1388
248,1260,1508,0.1388
250,1255,1505,0.1388
247,1261,1508,0.1388
245,1257,1502,0.1388
235,1256,1491,0.1388
237,1249,1486,0.1388
246,1256,1502,0.1388
254,1251,1505,0.1388
252,1251,1503,0.1388
252,1256,1508,0.1388
248,1258,1506,0.1388
251,1270,1521,0.1388
253,1267,1520,0.1388
254,1270,1524,0.1388
252,1264,1516,0.1388
256,1267,1523,0.1388
253,1275,1528,0.1388
250,1274,1524,0.1388
254,1271,1525,0.1388
250,1271,1521,0.1388
253,1265,1518,0.1388
250,1268,1518,0.1388
256,1277,1533,0.1388
252,1268,1520,0.1388
249,1267,1516,0.1388
247,1257,1504,0.1388
248,1274,1522,0.1388
249,1277,1526,0.1388
247,1285,1532,0.1388
243,1275,1518,0.1388
245,1271,1516,0.1388
245,1275,1520,0.1388
250,1278,1528,0.1388
244,1275,1519,0.1388
237,1271,1508,0.1388
236,1266,1502,0.1388
241,1276,1517,0.1388
238,1267,1505,0.1388
236,1259,1495,0.1388
235,1262,1497,0.1388
238,1265,1503,0.1388
238,1265,1503,0.1388
240,1260,1500,0.1388
240,1282,1522,0.1388
240,1281,1521,0.1388
242,1296,1538,0.1388
237,1289,1526,0.1388
236,1282,1518,0.1388
240,1271,1511,0.1388
247,1262,1509,0.1388
250,1268,1518,0.1388
253,1263,1516,0.1388
247,1251,1498,0.1388
240,1262,1502,0.1388
240,1270,1510,0.1388
236,1275,1511,0.1388
236,1281,1517,0.1388
238,1268,1506,0.1388
238,1279,1517,0.1388
240,1284,1524,0.1388
233,1287,1520,0.1388
231,1278,1509,0.1388
231,1280,1511,0.1388
227,1286,1513,0.1388
233,1281,1514,0.1388
236,1289,1525,0.1388
236,1280,1516,0.1388
232,1271,1503,0.1388
232,1280,1512,0.1388
236,1290,1526,0.1388
230,1298,1528,0.1388
229,1285,1514,0.1388
228,1282,1510,0.1388
231,1292,1523,0.1388
230,1291,1521,0.1388
230,1298,1528,0.1388
231,1300,1531,0.1388
230,1300,1530,0.1388
227,1287,1514,0.1388
227,1289,1516,0.1388
223,1286,1509,0.1388
221,1288,1509,0.1388
220,1290,1510,0.1388
217,1286,1503,0.1388
215,1283,1498,0.1388
210,1297,1507,0.1388
213,1303,1516,0.1388
216,1293,1509,0.1388
215,1288,1503,0.1388
210,1286,1496,0.1388
216,1284,1500,0.1388
221,1291,1512,0.1388
225,1298,1523,0.1388
227,1305,1532,0.1388
227,1311,1538,0.1388
228,1298,1526,0.1388
227,1301,1528,0.1388
226,1289,1515,0.1388
227,1290,1517,0.1388
226,1303,1529,0.1388
226,1303,1529,0.1388
223,1306,1529,0.1388
221,1306,1527,0.1388
219,1308,1527,0.1388
220,1312,1532,0.1388
220,1304,1524,0.1388
226,1310,1536,0.1388
223,1303,1526,0.1388
225,1307,1532,0.1388
223,1314,1537,0.1388
225,1307,1532,0.1388
217,1304,1521,0.1388
221,1302,1523,0.1388
214,1288,1502,0.1388
215,1304,1519,0.1388
217,1317,1534,0.1388
214,1307,1521,0.1388
220,1305,1525,0.1388
222,1309,1531,0.1388
221,1307,1528,0.1388
220,1314,1534,0.1388
220,1308,1528,0.1388
220,1304,1524,0.1388
220,1307,1527,0.1388
217,1301,1518,0.1388
220,1299,1519,0.1388
215,1292,1507,0.1388
215,1313,1528,0.1388
216,1306,1522,0.1388
214,1301,1515,0.1388
211,1317,1528,0.1388
210,1314,1524,0.1388
208,1302,1510,0.1388
208,1299,1507,0.1388
207,1316,1523,0.1388
207,1320,1527,0.1388
205,1298,1503,0.1388
203,1301,1504,0.1388
203,1311,1514,0.1388
207,1314,1521,0.1388
201,1306,1507,0.1388
200,1314,1514,0.1388
198,1304,1502,0.1388
203,1316,1519,0.1388
200,1316,1516,0.1388
204,1308,1512,0.1388
202,1321,1523,0.1388
196,1325,1521,0.1388
200,1316,1516,0.1388
202,1328,1530,0.1388
201,1314,1515,0.1388
207,1315,1522,0.1388
207,1316,1523,0.1388
205,1313,1518,0.1388
204,1303,1507,0.1388
202,1304,1506,0.1388
198,1323,1521,0.1388
197,1304,1501,0.1388
194,1311,1505,0.1388
191,1311,1502,0.1388
199,1324,1523,0.1388
198,1314,1512,0.1388
198,1302,1500,0.1388
200,1314,1514,0.1388
196,1322,1518,0.1388
196,1331,1527,0.1388
192,1324,1516,0.1388
189,1313,1502,0.1388
186,1302,1488,0.1388
191,1312,1503,0.1388
192,1310,1502,0.1388
187,1305,1492,0.1388
190,1311,1501,0.1388
190,1324,1514,0.1388
187,1324,1511,0.1388
188,1318,1506,0.1388
187,1316,1503,0.1388
187,1319,1506,0.1388
188,1324,1512,0.1388
185,1325,1510,0.1388
186,1328,1514,0.1388
182,1324,1506,0.1388
181,1339,1520,0.1388
176,1341,1517,0.1388
177,1342,1519,0.1388
173,1330,1503,0.1388
178,1342,1520,0.1388
180,1342,1522,0.1388
179,1329,1508,0.1388
180,1324,1504,0.1388
180,1323,1503,0.1388
182,1325,1507,0.1388
183,1342,1525,0.1388
182,1335,1517,0.1388
179,1328,1507,0.1388
178,1337,1515,0.1388
175,1346,1521,0.1388
171,1349,1520,0.1388
177,1353,1530,0.1388
173,1349,1522,0.1388
177,1352,1529,0.1388
174,1358,1532,0.1388
174,1353,1527,0.1388
171,1346,1517,0.1388
172,1356,1528,0.1388
172,1349,1521,0.1388
168,1349,1517,0.1388
170,1351,1521,0.1388
173,1352,1525,0.1388
170,1363,1533,0.1388
169,1356,1525,0.1388
171,1353,1524,0.1388
163,1344,1507,0.1388
167,1355,1522,0.1388
165,1341,1506,0.1388
163,1345,1508,0.1388
164,1356,1520,0.1388
159,1348,1507,0.1388
158,1347,1505,0.1388
158,1346,1504,0.1388
158,1337,1495,0.1388
160,1337,1497,0.1388
162,1347,1509,0.1388
156,1349,1505,0.1388
158,1359,1517,0.1388
158,1355,1513,0.1388
156,1367,1523,0.1388
156,1355,1511,0.1388
157,1359,1516,0.1388
160,1364,1524,0.1388
160,1368,1528,0.1388
160,1365,1525,0.1388
161,1358,1519,0.1388
158,1351,1509,0.1388
160,1353,1513,0.1388
161,1345,1506,0.1388
162,1345,1507,0.1388
160,1355,1515,0.1388
160,1356,1516,0.1388
156,1347,1503,0.1388
154,1349,1503,0.1388
152,1350,1502,0.1388
152,1354,1506,0.1388
150,1364,1514,0.1388
152,1374,1526,0.1388
149,1369,1518,0.1388
153,1376,1529,0.1388
153,1375,1528,0.1388
152,1370,1522,0.1388
151,1361,1512,0.1388
148,1353,1501,0.1388
148,1354,1502,0.1388
150,1370,1520,0.1388
150,1358,1508,0.1388
149,1350,1499,0.1388
149,1350,1499,0.1388
148,1358,1506,0.1388
139,1361,1500,0.1388
143,1370,1513,0.1388
140,1376,1516,0.1388
139,1378,1517,0.1388
138,1383,1521,0.1388
141,1375,1516,0.1388
141,1371,1512,0.1388
138,1375,1513,0.1388
135,1383,1518,0.1388
132,1380,1512,0.1388
129,1397,1526,0.1388
127,1394,1521,0.1388
125,1398,1523,0.1388
124,1392,1516,0.1388
125,1392,1517,0.1388
125,1391,1516,0.1388
125,1391,1516,0.1388
127,1392,1519,0.1388
128,1402,1530,0.1388
128,1394,1522,0.1388
130,1390,1520,0.1388
132,1379,1511,0.1388
135,1374,1509,0.1388
130,1367,1497,0.1388
128,1387,1515,0.1388
128,1384,1512,0.1388
131,1403,1534,0.1388
128,1391,1519,0.1388
127,1395,1522,0.1388
131,1386,1517,0.1388
134,1385,1519,0.1388
129,1380,1509,0.1388
131,1389,1520,0.1388
126,1389,1515,0.1388
125,1386,1511,0.1388
129,1384,1513,0.1388
134,1378,1512,0.1388
131,1389,1520,0.1388
131,1381,1512,0.1388
130,1381,1511,0.1388
130,1388,1518,0.1388
133,1387,1520,0.1388
130,1395,1525,0.1388
126,1379,1505,0.1388
126,1385,1511,0.1388
129,1381,1510,0.1388
132,1386,1518,0.1388
131,1385,1516,0.1388
131,1373,1504,0.1388
134,1382,1516,0.1388
133,1380,1513,0.1388
137,1369,1506,0.1388
134,1367,1501,0.1388
134,1369,1503,0.1388
136,1373,1509,0.1388
136,1378,1514,0.1388
137,1381,1518,0.1388
132,1369,1501,0.1388
130,1378,1508,0.1388
130,1379,1509,0.1388
129,1378,1507,0.1388
129,1368,1497,0.1388
129,1380,1509,0.1388
128,1381,1509,0.1388
129,1380,1509,0.1388
129,1383,1512,0.1388
125,1380,1505,0.1388
128,1385,1513,0.1388
126,1394,1520,0.1388
124,1403,1527,0.1388
129,1395,1524,0.1388
130,1389,1519,0.1388
129,1386,1515,0.1388
128,1373,1501,0.1388
126,1384,1510,0.1388
127,1390,1517,0.1388
127,1394,1521,0.1388
130,1389,1519,0.1388
127,1385,1512,0.1388
127,1393,1520,0.1388
125,1382,1507,0.1388
124,1392,1516,0.1388
129,1388,1517,0.1388
129,1388,1517,0.1388
130,1382,1512,0.1388
127,1392,1519,0.1388
126,1395,1521,0.1388
126,1392,1518,0.1388
125,1395,1520,0.1388
122,1407,1529,0.1388
119,1403,1522,0.1388
115,1408,1523,0.1388
116,1402,1518,0.1388
111,1396,1507,0.1388
114,1399,1513,0.1388
114,1382,1496,0.1388
117,1371,1488,0.1388
118,1374,1492,0.1388
121,1382,1503,0.1388
122,1386,1508,0.1388
118,1374,1492,0.1388
115,1392,1507,0.1388
114,1389,1503,0.1388
115,1397,1512,0.1388
117,1389,1506,0.1388
118,1388,1506,0.1388
119,1398,1517,0.1388
122,1389,1511,0.1388
123,1387,1510,0.1388
119,1381,1500,0.1388
115,1387,1502,0.1388
116,1387,1503,0.1388
116,1403,1519,0.1388
118,1391,1509,0.1388
117,1397,1514,0.1388
115,1399,1514,0.1388
114,1400,1514,0.1388
109,1401,1510,0.1388
108,1400,1508,0.1388
112,1408,1520,0.1388
114,1404,1518,0.1388
114,1411,1525,0.1388
112,1416,1528,0.1388
112,1412,1524,0.1388
114,1411,1525,0.1388
114,1417,1531,0.1388
114,1409,1523,0.1388
114,1414,1528,0.1388
114,1416,1530,0.1388
117,1391,1508,0.1388
120,1409,1529,0.1388
120,1415,1535,0.1388
119,1408,1527,0.1388
118,1409,1527,0.1388
117,1401,1518,0.1388
119,1391,1510,0.1388
121,1405,1526,0.1388
120,1403,1523,0.1388
119,1400,1519,0.1388
119,1391,1510,0.1388
117,1400,1517,0.1388
114,1398,1512,0.1388
116,1399,1515,0.1388
116,1396,1512,0.1388
111,1393,1504,0.1388
112,1405,1517,0.1388
110,1412,1522,0.1388
109,1415,1524,0.1388
110,1405,1515,0.1388
110,1398,1508,0.1388
110,1395,1505,0.1388
110,1407,1517,0.1388
113,1396,1509,0.1388
110,1398,1508,0.1388
109,1397,1506,0.1388
110,1400,1510,0.1388
109,1408,1517,0.1388
107,1414,1521,0.1388
107,1422,1529,0.1388
107,1415,1522,0.1388
106,1410,1516,0.1388
107,1405,1512,0.1388
101,1412,1513,0.1388
101,1408,1509,0.1388
102,1411,1513,0.1388
100,1412,1512,0.1388
102,1422,1524,0.1388
103,1424,1527,0.1388
103,1427,1530,0.1388
99,1413,1512,0.1388
103,1401,1504,0.1388
102,1409,1511,0.1388
102,1405,1507,0.1388
102,1403,1505,0.1388
99,1409,1508,0.1388
99,1414,1513,0.1388
100,1418,1518,0.1388
100,1414,1514,0.1388
99,1415,1514,0.1388
101,1418,1519,0.1388
102,1416,1518,0.1388
99,1422,1521,0.1388
99,1413,1512,0.1388
96,1419,1515,0.1388
98,1422,1520,0.1388
97,1419,1516,0.1388
100,1432,1532,0.1388
103,1439,1542,0.1388
100,1432,1532,0.1388
100,1426,1526,0.1388
100,1431,1531,0.1388
93,1421,1514,0.1388
94,1422,1516,0.1388
94,1432,1526,0.1388
97,1432,1529,0.1388
96,1421,1517,0.1388
93,1424,1517,0.1388
91,1412,1503,0.1388
90,1408,1498,0.1388
90,1419,1509,0.1388
87,1415,1502,0.1388
90,1430,1520,0.1388
88,1435,1523,0.1388
85,1429,1514,0.1388
85,1429,1514,0.1388
86,1426,1512,0.1388
83,1422,1505,0.1388
84,1422,1506,0.1388
82,1431,1513,0.1388
83,1425,1508,0.1388
85,1425,1510,0.1388
88,1428,1516,0.1388
84,1435,1519,0.1388
86,1435,1521,0.1388
86,1434,1520,0.1388
85,1428,1513,0.1388
89,1411,1500,0.1388
88,1412,1500,0.1388
90,1417,1507,0.1388
93,1426,1519,0.1388
89,1422,1511,0.1388
92,1411,1503,0.1388
92,1414,1506,0.1388
94,1415,1509,0.1388
97,1414,1511,0.1388
98,1411,1509,0.1388
98,1418,1516,0.1388
99,1418,1517,0.1388
99,1411,1510,0.1388
97,1418,1515,0.1388
96,1421,1517,0.1388
94,1421,1515,0.1388
95,1425,1520,0.1388
96,1421,1517,0.1388
95,1430,1525,0.1388
92,1432,1524,0.1388
91,1428,1519,0.1388
93,1424,1517,0.1388
91,1429,1520,0.1388
93,1430,1523,0.1388
92,1423,1515,0.1388
93,1423,1516,0.1388
93,1429,1522,0.1388
92,1428,1520,0.1388
92,1420,1512,0.1388
94,1425,1519,0.1388
93,1418,1511,0.1388
90,1423,1513,0.1388
91,1432,1523,0.1388
85,1438,1523,0.1388
86,1438,1524,0.1388
86,1438,1524,0.1388
84,1426,1510,0.1388
87,1430,1517,0.1388
86,1437,1523,0.1388
84,1436,1520,0.1388
84,1439,1523,0.1388
85,1427,1512,0.1388
84,1422,1506,0.1388
84,1427,1511,0.1388
83,1432,1515,0.1388
81,1423,1504,0.1388
79,1437,1516,0.1388
78,1442,1520,0.1388
77,1445,1522,0.1388
78,1447,1525,0.1388
76,1439,1515,0.1388
75,1447,1522,0.1388
75,1443,1518,0.1388
76,1441,1517,0.1388
74,1436,1510,0.1388
76,1434,1510,0.1388
75,1437,1512,0.1388
73,1435,1508,0.1388
73,1440,1513,0.1388
74,1436,1510,0.1388
74,1433,1507,0.1388
74,1435,1509,0.1388
76,1443,1519,0.1388
76,1437,1513,0.1388
76,1443,1519,0.1388
74,1448,1522,0.1388
73,1450,1523,0.1388
73,1453,1526,0.1388
73,1444,1517,0.1388
76,1449,1525,0.1388
74,1430,1504,0.1388
73,1421,1494,0.1388
74,1422,1496,0.1388
77,1443,1520,0.1388
77,1445,1522,0.1388
78,1446,1524,0.1388
80,1452,1532,0.1388
80,1444,1524,0.1388
80,1437,1517,0.1388
76,1426,1502,0.1388
77,1421,1498,0.1388
76,1426,1502,0.1388
75,1439,1514,0.1388
74,1438,1512,0.1388
75,1436,1511,0.1388
73,1437,1510,0.1388
74,1435,1509,0.1388
74,1444,1518,0.1388
71,1447,1518,0.1388
68,1446,1514,0.1388
68,1445,1513,0.1388
69,1449,1518,0.1388
70,1450,1520,0.1388
68,1457,1525,0.1388
66,1453,1519,0.1388
64,1463,1527,0.1388
64,1457,1521,0.1388
61,1451,1512,0.1388
62,1447,1509,0.1388
63,1456,1519,0.1388
65,1451,1516,0.1388
65,1447,1512,0.1388
65,1451,1516,0.1388
66,1454,1520,0.1388
67,1460,1527,0.1388
65,1456,1521,0.1388
64,1453,1517,0.1388
64,1454,1518,0.1388
65,1457,1522,0.1388
68,1447,1515,0.1388
68,1442,1510,0.1388
67,1446,1513,0.1388
65,1444,1509,0.1388
67,1444,1511,0.1388
66,1445,1511,0.1388
60,1423,1483,0.1388
60,1442,1502,0.1388
61,1447,1508,0.1388
62,1447,1509,0.1388
63,1442,1505,0.1388
63,1437,1500,0.1388
65,1445,1510,0.1388
65,1457,1522,0.1388
64,1461,1525,0.1388
66,1455,1521,0.1388
66,1450,1516,0.1388
67,1455,1522,0.1388
64,1442,1506,0.1388
65,1454,1519,0.1388
66,1452,1518,0.1388
64,1460,1524,0.1388
61,1457,1518,0.1388
60,1452,1512,0.1388
60,1437,1497,0.1388
60,1441,1501,0.1388
60,1454,1514,0.1388
60,1467,1527,0.1388
58,1453,1511,0.1388
60,1452,1512,0.1388
58,1460,1518,0.1388
58,1468,1526,0.1388
61,1472,1533,0.1388
61,1458,1519,0.1388
65,1457,1522,0.1388
65,1454,1519,0.1388
67,1448,1515,0.1388
68,1462,1530,0.1388
67,1464,1531,0.1388
64,1450,1514,0.1388
63,1453,1516,0.1388
65,1465,1530,0.1388
67,1460,1527,0.1388
66,1462,1528,0.1388
64,1452,1516,0.1388
66,1452,1518,0.1388
66,1455,1521,0.1388
65,1459,1524,0.1388
64,1454,1518,0.1388
62,1449,1511,0.1388
61,1426,1487,0.1388
63,1444,1507,0.1388
58,1451,1509,0.1388
61,1448,1509,0.1388
56,1452,1508,0.1388
54,1454,1508,0.1388
55,1463,1518,0.1388
57,1457,1514,0.1388
56,1456,1512,0.1388
56,1466,1522,0.1388
56,1474,1530,0.1388
57,1467,1524,0.1388
55,1463,1518,0.1388
53,1468,1521,0.1388
57,1464,1521,0.1388
57,1456,1513,0.1388
57,1469,1526,0.1388
56,1471,1527,0.1388
58,1468,1526,0.1388
60,1460,1520,0.1388
59,1467,1526,0.1388
61,1460,1521,0.1388
61,1450,1511,0.1388
57,1455,1512,0.1388
56,1451,1507,0.1388
58,1454,1512,0.1388
58,1440,1498,0.1388
57,1440,1497,0.1388
59,1451,1510,0.1388
58,1458,1516,0.1388
59,1449,1508,0.1388
58,1455,1513,0.1388
57,1452,1509,0.1388
57,1465,1522,0.1388
54,1454,1508,0.1388
54,1460,1514,0.1388
53,1450,1503,0.1388
55,1457,1512,0.1388
54,1464,1518,0.1388
54,1463,1517,0.1388
53,1460,1513,0.1388
55,1462,1517,0.1388
53,1462,1515,0.1388
54,1464,1518,0.1388
55,1475,1530,0.1388
52,1466,1518,0.1388
53,1455,1508,0.1388
53,1454,1507,0.1388
54,1464,1518,0.1388
52,1465,1517,0.1388
54,1453,1507,0.1388
54,1460,1514,0.1388
53,1452,1505,0.1388
51,1452,1503,0.1388
50,1453,1503,0.1388
52,1456,1508,0.1388
50,1457,1507,0.1388
50,1466,1516,0.1388
50,1459,1509,0.1388
50,1455,1505,0.1388
49,1465,1514,0.1388
46,1479,1525,0.1388
44,1474,1518,0.1388
42,1483,1525,0.1388
43,1462,1505,0.1388
44,1460,1504,0.1388
41,1465,1506,0.1388
43,1478,1521,0.1388
42,1465,1507,0.1388
41,1482,1523,0.1388
40,1485,1525,0.1388
41,1473,1514,0.1388
39,1473,1512,0.1388
41,1482,1523,0.1388
41,1490,1531,0.1388
41,1479,1520,0.1388
42,1470,1512,0.1388
42,1481,1523,0.1388
43,1469,1512,0.1388
43,1478,1521,0.1388
43,1483,1526,0.1388
39,1469,1508,0.1388
39,1477,1516,0.1388
37,1475,1512,0.1388
37,1482,1519,0.1388
37,1487,1524,0.1388
37,1477,1514,0.1388
37,1472,1509,0.1388
37,1472,1509,0.1388
38,1471,1509,0.1388
37,1489,1526,0.1388
37,1482,1519,0.1388
35,1479,1514,0.1388
35,1482,1517,0.1388
34,1485,1519,0.1388
34,1466,1500,0.1388
35,1466,1501,0.1388
36,1472,1508,0.1388
35,1483,1518,0.1388
36,1498,1534,0.1388
34,1490,1524,0.1388
35,1500,1535,0.1388
35,1492,1527,0.1388
34,1477,1511,0.1388
32,1484,1516,0.1388
31,1482,1513,0.1388
31,1496,1527,0.1388
30,1487,1517,0.1388
30,1477,1507,0.1388
31,1475,1506,0.1388
32,1470,1502,0.1388
32,1472,1504,0.1388
32,1485,1517,0.1388
30,1489,1519,0.1388
28,1497,1525,0.1388
29,1501,1530,0.1388
28,1492,1520,0.1388
26,1492,1518,0.1388
24,1481,1505,0.1388
26,1478,1504,0.1388
28,1493,1521,0.1388
29,1478,1507,0.1388
29,1481,1510,0.1388
28,1485,1513,0.1388
27,1486,1513,0.1388
27,1493,1520,0.1388
27,1485,1512,0.1388
28,1489,1517,0.1388
29,1486,1515,0.1388
31,1499,1530,0.1388
31,1497,1528,0.1388
30,1494,1524,0.1388
30,1485,1515,0.1388
31,1486,1517,0.1388
31,1488,1519,0.1388
33,1491,1524,0.1388
33,1491,1524,0.1388
33,1486,1519,0.1388
33,1475,1508,0.1388
33,1474,1507,0.1388
34,1475,1509,0.1388
33,1490,1523,0.1388
32,1490,1522,0.1388
32,1494,1526,0.1388
31,1493,1524,0.1388
31,1492,1523,0.1388
31,1494,1525,0.1388
28,1492,1520,0.1388
28,1498,1526,0.1388
29,1500,1529,0.1388
29,1509,1538,0.1388
30,1503,1533,0.1388
31,1493,1524,0.1388
29,1480,1509,0.1388
29,1494,1523,0.1388
29,1490,1519,0.1388
32,1499,1531,0.1388
31,1499,1530,0.1388
32,1507,1539,0.1388
32,1508,1540,0.1388
32,1507,1539,0.1388
31,1503,1534,0.1388
30,1484,1514,0.1388
27,1497,1524,0.1388
27,1492,1519,0.1388
27,1500,1527,0.1388
26,1486,1512,0.1388
25,1481,1506,0.1388
25,1487,1512,0.1388
25,1490,1515,0.1388
25,1485,1510,0.1388
24,1490,1514,0.1388
25,1498,1523,0.1388
24,1495,1519,0.1388
23,1504,1527,0.1388
22,1499,1521,0.1388
22,1495,1517,0.1388
23,1484,1507,0.1388
24,1481,1505,0.1388
25,1493,1518,0.1388
25,1489,1514,0.1388
23,1475,1498,0.1388
22,1469,1491,0.1388
24,1482,1506,0.1388
24,1485,1509,0.1388
24,1493,1517,0.1388
25,1496,1521,0.1388
27,1488,1515,0.1388
26,1479,1505,0.1388
25,1484,1509,0.1388
25,1495,1520,0.1388
24,1505,1529,0.1388
24,1495,1519,0.1388
23,1494,1517,0.1388
23,1488,1511,0.1388
23,1499,1522,0.1388
23,1507,1530,0.1388
23,1505,1528,0.1388
23,1482,1505,0.1388
24,1489,1513,0.1388
24,1482,1506,0.1388
24,1491,1515,0.1388
24,1487,1511,0.1388
25,1474,1499,0.1388
24,1477,1501,0.1388
23,1490,1513,0.1388
24,1501,1525,0.1388
25,1499,1524,0.1388
26,1493,1519,0.1388
26,1488,1514,0.1388
25,1497,1522,0.1388
25,1487,1512,0.1388
27,1487,1514,0.1388
27,1491,1518,0.1388
26,1498,1524,0.1388
26,1500,1526,0.1388
26,1485,1511,0.1388
28,1491,1519,0.1388
27,1476,1503,0.1388
27,1486,1513,0.1388
26,1476,1502,0.1388
26,1474,1500,0.1388
28,1485,1513,0.1388
29,1485,1514,0.1388
28,1480,1508,0.1388
30,1471,1501,0.1388
30,1470,1500,0.1388
29,1469,1498,0.1388
28,1485,1513,0.1388
29,1492,1521,0.1388
29,1498,1527,0.1388
29,1494,1523,0.1388
28,1498,1526,0.1388
28,1508,1536,0.1388
28,1495,1523,0.1388
28,1487,1515,0.1388
27,1493,1520,0.1388
27,1496,1523,0.1388
26,1509,1535,0.1388
26,1511,1537,0.1388
26,1498,1524,0.1388
27,1478,1505,0.1388
27,1478,1505,0.1388
26,1482,1508,0.1388
27,1484,1511,0.1388
28,1473,1501,0.1388
28,1481,1509,0.1388
28,1493,1521,0.1388
29,1501,1530,0.1388
28,1491,1519,0.1388
27,1494,1521,0.1388
24,1475,1499,0.1388
25,1491,1516,0.1388
22,1490,1512,0.1388
23,1491,1514,0.1388
25,1489,1514,0.1388
26,1495,1521,0.1388
26,1491,1517,0.1388
24,1485,1509,0.1388
23,1487,1510,0.1388
24,1490,1514,0.1388
23,1482,1505,0.1388
22,1486,1508,0.1388
22,1487,1509,0.1388
24,1484,1508,0.1388
25,1496,1521,0.1388
25,1499,1524,0.1388
25,1498,1523,0.1388
28,1494,1522,0.1388
28,1477,1505,0.1388
28,1490,1518,0.1388
27,1489,1516,0.1388
24,1484,1508,0.1388
23,1478,1501,0.1388
25,1486,1511,0.1388
25,1494,1519,0.1388
25,1488,1513,0.1388
25,1487,1512,0.1388
24,1481,1505,0.1388
26,1462,1488,0.1388
27,1476,1503,0.1388
27,1473,1500,0.1388
27,1480,1507,0.1388
27,1492,1519,0.1388
27,1494,1521,0.1388
24,1481,1505,0.1388
27,1476,1503,0.1388
27,1487,1514,0.1388
27,1479,1506,0.1388
26,1467,1493,0.1388
22,1470,1492,0.1388
22,1480,1502,0.1388
23,1477,1500,0.1388
24,1494,1518,0.1388
25,1486,1511,0.1388
25,1492,1517,0.1388
24,1489,1513,0.1388
24,1479,1503,0.1388
28,1484,1512,0.1388
27,1475,1502,0.1388
26,1477,1503,0.1388
27,1481,1508,0.1388
27,1490,1517,0.1388
27,1489,1516,0.1388
26,1480,1506,0.1388
27,1489,1516,0.1388
28,1493,1521,0.1388
25,1495,1520,0.1388
25,1503,1528,0.1388
26,1498,1524,0.1388
25,1494,1519,0.1388
27,1488,1515,0.1388
27,1483,1510,0.1388
28,1477,1505,0.1388
28,1484,1512,0.1388
27,1483,1510,0.1388
26,1485,1511,0.1388
25,1497,1522,0.1388
25,1504,1529,0.1388
25,1486,1511,0.1388
25,1490,1515,0.1388
25,1488,1513,0.1388
24,1490,1514,0.1388
24,1492,1516,0.1388
23,1489,1512,0.1388
22,1494,1516,0.1388
23,1490,1513,0.1388
23,1506,1529,0.1388
22,1494,1516,0.1388
23,1493,1516,0.1388
22,1491,1513,0.1388
22,1504,1526,0.1388
21,1496,1517,0.1388
21,1509,1530,0.1388
21,1501,1522,0.1388
21,1493,1514,0.1388
21,1496,1517,0.1388
21,1496,1517,0.1388
21,1499,1520,0.1388
20,1502,1522,0.1388
21,1495,1516,0.1388
21,1482,1503,0.1388
22,1482,1504,0.1388
22,1491,1513,0.1388
22,1488,1510,0.1388
21,1487,1508,0.1388
22,1494,1516,0.1388
22,1503,1525,0.1388
22,1494,1516,0.1388
22,1490,1512,0.1388
22,1484,1506,0.1388
23,1494,1517,0.1388
23,1502,1525,0.1388
24,1492,1516,0.1388
24,1490,1514,0.1388
25,1498,1523,0.1388
24,1501,1525,0.1388
22,1495,1517,0.1388
23,1499,1522,0.1388
24,1498,1522,0.1388
24,1497,1521,0.1388
22,1494,1516,0.1388
22,1490,1512,0.1388
23,1487,1510,0.1388
24,1486,1510,0.1388
25,1489,1514,0.1388
24,1501,1525,0.1388
24,1507,1531,0.1388
24,1494,1518,0.1388
23,1496,1519,0.1388
24,1491,1515,0.1388
23,1487,1510,0.1388
23,1492,1515,0.1388
24,1481,1505,0.1388
24,1491,1515,0.1388
24,1497,1521,0.1388
24,1493,1517,0.1388
23,1502,1525,0.1388
23,1497,1520,0.1388
23,1500,1523,0.1388
23,1485,1508,0.1388
23,1489,1512,0.1388
23,1482,1505,0.1388
23,1507,1530,0.1388
20,1504,1524,0.1388
21,1495,1516,0.1388
18,1490,1508,0.1388
18,1503,1521,0.1388
19,1503,1522,0.1388
20,1499,1519,0.1388
21,1501,1522,0.1388
20,1509,1529,0.1388
20,1508,1528,0.1388
20,1505,1525,0.1388
20,1499,1519,0.1388
20,1502,1522,0.1388
18,1504,1522,0.1388
18,1499,1517,0.1388
17,1504,1521,0.1388
16,1489,1505,0.1388
16,1494,1510,0.1388
16,1493,1509,0.1388
17,1503,1520,0.1388
17,1502,1519,0.1388
18,1489,1507,0.1388
19,1491,1510,0.1388
19,1485,1504,0.1388
20,1489,1509,0.1388
20,1496,1516,0.1388
19,1498,1517,0.1388
19,1490,1509,0.1388
18,1488,1506,0.1388
16,1480,1496,0.1388
16,1498,1514,0.1388
16,1500,1516,0.1388
17,1497,1514,0.1388
16,1500,1516,0.1388
18,1514,1532,0.1388
18,1504,1522,0.1388
19,1496,1515,0.1388
19,1481,1500,0.1388
20,1482,1502,0.1388
19,1480,1499,0.1388
18,1490,1508,0.1388
18,1489,1507,0.1388
19,1487,1506,0.1388
19,1491,1510,0.1388
20,1493,1513,0.1388
20,1501,1521,0.1388
20,1500,1520,0.1388
21,1507,1528,0.1388
21,1495,1516,0.1388
20,1485,1505,0.1388
19,1498,1517,0.1388
19,1497,1516,0.1388
19,1491,1510,0.1388
19,1480,1499,0.1388
18,1493,1511,0.1388
18,1494,1512,0.1388
18,1496,1514,0.1388
18,1480,1498,0.1388
19,1484,1503,0.1388
19,1489,1508,0.1388
20,1478,1498,0.1388
20,1491,1511,0.1388
19,1498,1517,0.1388
19,1501,1520,0.1388
20,1499,1519,0.1388
19,1488,1507,0.1388
21,1481,1502,0.1388
20,1491,1511,0.1388
21,1494,1515,0.1388
23,1477,1500,0.1388
23,1481,1504,0.1388
22,1489,1511,0.1388
22,1494,1516,0.1388
22,1493,1515,0.1388
20,1499,1519,0.1388
19,1493,1512,0.1388
19,1494,1513,0.1388
19,1492,1511,0.1388
19,1489,1508,0.1388
18,1506,1524,0.1388
17,1496,1513,0.1388
18,1492,1510,0.1388
17,1508,1525,0.1388
18,1508,1526,0.1388
18,1515,1533,0.1388
18,1510,1528,0.1388
17,1502,1519,0.1388
18,1504,1522,0.1388
19,1477,1496,0.1388
19,1489,1508,0.1388
20,1491,1511,0.1388
20,1489,1509,0.1388
20,1482,1502,0.1388
21,1493,1514,0.1388
21,1499,1520,0.1388
20,1500,1520,0.1388
18,1499,1517,0.1388
17,1511,1528,0.1388
16,1516,1532,0.1388
16,1504,1520,0.1388
17,1518,1535,0.1388
17,1500,1517,0.1388
16,1515,1531,0.1388
16,1522,1538,0.1388
17,1515,1532,0.1388
18,1516,1534,0.1388
18,1521,1539,0.1388
18,1511,1529,0.1388
17,1496,1513,0.1388
18,1503,1521,0.1388
18,1495,1513,0.1388
17,1497,1514,0.1388
17,1503,1520,0.1388
15,1508,1523,0.1388
15,1506,1521,0.1388
15,1518,1533,0.1388
14,1514,1528,0.1388
13,1507,1520,0.1388
13,1511,1524,0.1388
13,1507,1520,0.1388
14,1514,1528,0.1388
14,1526,1540,0.1388
13,1511,1524,0.1388
13,1502,1515,0.1388
13,1500,1513,0.1388
11,1515,1526,0.1388
11,1491,1502,0.1388
9,1511,1520,0.1388
9,1512,1521,0.1388
9,1512,1521,0.1388
8,1512,1520,0.1388
8,1507,1515,0.1388
9,1522,1531,0.1388
10,1510,1520,0.1388
10,1510,1520,0.1388
10,1499,1509,0.1388
10,1496,1506,0.1388
9,1503,1512,0.1388
9,1504,1513,0.1388
9,1506,1515,0.1388
9,1502,1511,0.1388
8,1507,1515,0.1388
8,1509,1517,0.1388
8,1502,1510,0.1388
7,1489,1496,0.1388
7,1493,1500,0.1388
8,1494,1502,0.1388
8,1497,1505,0.1388
7,1493,1500,0.1388
7,1500,1507,0.1388
7,1494,1501,0.1388
7,1500,1507,0.1388
7,1502,1509,0.1388
7,1509,1516,0.1388
8,1501,1509,0.1388
7,1502,1509,0.1388
7,1504,1511,0.1388
7,1507,1514,0.1388
7,1518,1525,0.1388
7,1509,1516,0.1388
6,1512,1518,0.1388
7,1525,1532,0.1388
6,1524,1530,0.1388
6,1523,1529,0.1388
7,1524,1531,0.1388
7,1517,1524,0.1388
7,1523,1530,0.1388
7,1520,1527,0.1388
7,1513,1520,0.1388
7,1503,1510,0.1388
6,1503,1509,0.1388
7,1510,1517,0.1388
7,1505,1512,0.1388
7,1507,1514,0.1388
7,1511,1518,0.1388
7,1503,1510,0.1388
7,1526,1533,0.1388
7,1521,1528,0.1388
7,1519,1526,0.1388
7,1512,1519,0.1388
7,1507,1514,0.1388
7,1521,1528,0.1388
7,1500,1507,0.1388
7,1499,1506,0.1388
7,1500,1507,0.1388
6,1509,1515,0.1388
6,1515,1521,0.1388
6,1513,1519,0.1388
6,1505,1511,0.1388
7,1504,1511,0.1388
7,1506,1513,0.1388
7,1498,1505,0.1388
7,1500,1507,0.1388
7,1502,1509,0.1388
7,1501,1508,0.1388
7,1507,1514,0.1388
7,1513,1520,0.1388
7,1509,1516,0.1388
7,1504,1511,0.1388
7,1501,1508,0.1388
7,1514,1521,0.1388
7,1523,1530,0.1388
7,1524,1531,0.1388
7,1517,1524,0.1388
6,1511,1517,0.1388
6,1502,1508,0.1388
6,1498,1504,0.1388
5,1504,1509,0.1388
5,1490,1495,0.1388
6,1503,1509,0.1388
6,1507,1513,0.1388
6,1495,1501,0.1388
6,1507,1513,0.1388
6,1500,1506,0.1388
5,1494,1499,0.1388
5,1500,1505,0.1388
5,1503,1508,0.1388
5,1503,1508,0.1388
5,1495,1500,0.1388
5,1497,1502,0.1388
5,1511,1516,0.1388
5,1505,1510,0.1388
7,1503,1510,0.1388
6,1507,1513,0.1388
6,1506,1512,0.1388
6,1500,1506,0.1388
5,1508,1513,0.1388
5,1506,1511,0.1388
5,1508,1513,0.1388
5,1507,1512,0.1388
5,1515,1520,0.1388
5,1514,1519,0.1388
5,1503,1508,0.1388
6,1489,1495,0.1388
5,1484,1489,0.1388
5,1489,1494,0.1388
5,1503,1508,0.1388
5,1490,1495,0.1388
4,1502,1506,0.1388
4,1508,1512,0.1388
4,1511,1515,0.1388
4,1510,1514,0.1388
4,1513,1517,0.1388
4,1506,1510,0.1388
4,1499,1503,0.1388
5,1505,1510,0.1388
5,1508,1513,0.1388
5,1513,1518,0.1388
5,1502,1507,0.1388
4,1507,1511,0.1388
4,1499,1503,0.1388
4,1512,1516,0.1388
4,1513,1517,0.1388
4,1511,1515,0.1388
4,1515,1519,0.1388
4,1519,1523,0.1388
4,1522,1526,0.1388
5,1524,1529,0.1388
6,1518,1524,0.1388
6,1514,1520,0.1388
6,1521,1527,0.1388
6,1508,1514,0.1388
5,1513,1518,0.1388
5,1513,1518,0.1388
5,1511,1516,0.1388
5,1503,1508,0.1388
5,1507,1512,0.1388
5,1513,1518,0.1388
5,1521,1526,0.1388
5,1518,1523,0.1388
5,1513,1518,0.1388
5,1523,1528,0.1388
5,1503,1508,0.1388
5,1482,1487,0.1388
5,1494,1499,0.1388
5,1509,1514,0.1388
5,1510,1515,0.1388
5,1511,1516,0.1388
5,1517,1522,0.1388
5,1516,1521,0.1388
5,1521,1526,0.1388
5,1518,1523,0.1388
5,1504,1509,0.1388
5,1509,1514,0.1388
5,1517,1522,0.1388
5,1527,1532,0.1388
5,1522,1527,0.1388
5,1532,1537,0.1388
5,1535,1540,0.1388
5,1517,1522,0.1388
5,1513,1518,0.1388
5,1531,1536,0.1388
4,1522,1526,0.1388
4,1520,1524,0.1388
4,1516,1520,0.1388
3,1517,1520,0.1388
3,1524,1527,0.1388
3,1511,1514,0.1388
3,1511,1514,0.1388
3,1521,1524,0.1388
3,1525,1528,0.1388
2,1513,1515,0.1388
1,1507,1508,0.1388
1,1501,1502,0.1388
1,1506,1507,0.1388
1,1514,1515,0.1388
1,1515,1516,0.1388
1,1509,1510,0.1388
1,1491,1492,0.1388
1,1509,1510,0.1388
1,1504,1505,0.1388
1,1506,1507,0.1388
1,1506,1507,0.1388
1,1517,1518,0.1388
1,1498,1499,0.1388
2,1508,1510,0.1388
2,1504,1506,0.1388
2,1517,1519,0.1388
2,1520,1522,0.1388
2,1531,1533,0.1388
2,1524,1526,0.1388
2,1526,1528,0.1388
2,1530,1532,0.1388
2,1531,1533,0.1388
2,1528,1530,0.1388
2,1528,1530,0.1388
2,1535,1537,0.1388
2,1520,1522,0.1388
2,1531,1533,0.1388
2,1521,1523,0.1388
2,1527,1529,0.1388
2,1520,1522,0.1388
2,1516,1518,0.1388
1,1507,1508,0.1388
2,1505,1507,0.1388
2,1501,1503,0.1388
2,1510,1512,0.1388
2,1519,1521,0.1388
2,1523,1525,0.1388
2,1525,1527,0.1388
2,1523,1525,0.1388
2,1528,1530,0.1388
2,1514,1516,0.1388
1,1516,1517,0.1388
1,1514,1515,0.1388
1,1511,1512,0.1388
1,1509,1510,0.1388
1,1518,1519,0.1388
1,1521,1522,0.1388
1,1516,1517,0.1388
1,1506,1507,0.1388
1,1499,1500,0.1388
1,1489,1490,0.1388
1,1501,1502,0.1388
1,1517,1518,0.1388
1,1516,1517,0.1388
1,1521,1522,0.1388
1,1514,1515,0.1388
1,1527,1528,0.1388
1,1528,1529,0.1388
1,1525,1526,0.1388
1,1524,1525,0.1388
1,1511,1512,0.1388
1,1512,1513,0.1388
1,1504,1505,0.1388
1,1521,1522,0.1388
1,1520,1521,0.1388
1,1523,1524,0.1388
1,1530,1531,0.1388
1,1527,1528,0.1388
1,1516,1517,0.1388
1,1520,1521,0.1388
1,1515,1516,0.1388
1,1512,1513,0.1388
1,1519,1520,0.1388
1,1525,1526,0.1388
1,1512,1513,0.1388
1,1512,1513,0.1388
1,1515,1516,0.1388
1,1509,1510,0.1388
1,1512,1513,0.1388
1,1505,1506,0.1388
1,1508,1509,0.1388
1,1524,1525,0.1388
1,1513,1514,0.1388
1,1509,1510,0.1388
1,1502,1503,0.1388
1,1517,1518,0.1388
1,1513,1514,0.1388
1,1519,1520,0.1388
1,1519,1520,0.1388
1,1511,1512,0.1388
1,1514,1515,0.1388
1,1512,1513,0.1388
1,1520,1521,0.1388
1,1523,1524,0.1388
1,1532,1533,0.1388
1,1509,1510,0.1388
1,1511,1512,0.1388
1,1500,1501,0.1388
1,1509,1510,0.1388
1,1512,1513,0.1388
1,1512,1513,0.1388
1,1534,1535,0.1388
1,1535,1536,0.1388
1,1531,1532,0.1388
1,1525,1526,0.1388
1,1522,1523,0.1388
1,1520,1521,0.1388
1,1525,1526,0.1388
1,1523,1524,0.1388
1,1534,1535,0.1388
1,1522,1523,0.1388
1,1509,1510,0.1388
1,1497,1498,0.1388
1,1499,1500,0.1388
2,1491,1493,0.1388
2,1492,1494,0.1388
2,1503,1505,0.1388
1,1512,1513,0.1388
1,1515,1516,0.1388
0,1498,1498,0.1388
