1372,31,1403,0.1388
1415,30,1445,0.1388
1427,31,1458,0.1388
1440,31,1471,0.1388
1461,32,1493,0.1388
1465,32,1497,0.1388
1450,30,1480,0.1388
1453,28,1481,0.1388
1435,28,1463,0.1388
1445,28,1473,0.1388
1456,29,1485,0.1388
1447,30,1477,0.1388
1446,30,1476,0.1388
1461,31,1492,0.1388
1460,31,1491,0.1388
1449,30,1479,0.1388
1442,31,1473,0.1388
1462,31,1493,0.1388
1454,32,1486,0.1388
1460,32,1492,0.1388
1470,32,1502,0.1388
1476,31,1507,0.1388
1475,33,1508,0.1388
1461,33,1494,0.1388
1462,34,1496,0.1388
1465,36,1501,0.1388
1475,37,1512,0.1388
1466,34,1500,0.1388
1479,35,1514,0.1388
1470,35,1505,0.1388
1463,35,1498,0.1388
1462,35,1497,0.1388
1460,31,1491,0.1388
1463,32,1495,0.1388
1458,32,1490,0.1388
1458,30,1488,0.1388
1466,32,1498,0.1388
1471,31,1502,0.1388
1469,29,1498,0.1388
1471,30,1501,0.1388
1479,31,1510,0.1388
1486,31,1517,0.1388
1478,31,1509,0.1388
1476,32,1508,0.1388
1468,32,1500,0.1388
1463,35,1498,0.1388
1460,37,1497,0.1388
1454,38,1492,0.1388
1454,39,1493,0.1388
1448,37,1485,0.1388
1451,40,1491,0.1388
1453,42,1495,0.1388
1453,44,1497,0.1388
1452,44,1496,0.1388
1443,44,1487,0.1388
1439,45,1484,0.1388
1441,44,1485,0.1388
1449,47,1496,0.1388
1458,45,1503,0.1388
1452,45,1497,0.1388
1434,45,1479,0.1388
1445,44,1489,0.1388
1449,46,1495,0.1388
1447,44,1491,0.1388
1453,44,1497,0.1388
1454,45,1499,0.1388
1452,46,1498,0.1388
1441,47,1488,0.1388
1442,47,1489,0.1388
1450,46,1496,0.1388
1451,46,1497,0.1388
1461,46,1507,0.1388
1461,46,1507,0.1388
1453,47,1500,0.1388
1453,44,1497,0.1388
1450,43,1493,0.1388
1450,43,1493,0.1388
1441,43,1484,0.1388
1432,42,1474,0.1388
1434,43,1477,0.1388
1432,42,1474,0.1388
1425,40,1465,0.1388
1431,41,1472,0.1388
1446,39,1485,0.1388
1457,41,1498,0.1388
1465,41,1506,0.1388
1471,40,1511,0.1388
1467,41,1508,0.1388
1452,42,1494,0.1388
1456,43,1499,0.1388
1464,43,1507,0.1388
1452,40,1492,0.1388
1442,42,1484,0.1388
1450,44,1494,0.1388
1438,46,1484,0.1388
1442,47,1489,0.1388
1457,52,1509,0.1388
1453,51,1504,0.1388
1460,50,1510,0.1388
1467,49,1516,0.1388
1457,49,1506,0.1388
1441,51,1492,0.1388
1435,51,1486,0.1388
1449,48,1497,0.1388
1439,46,1485,0.1388
1438,44,1482,0.1388
1440,44,1484,0.1388
1444,43,1487,0.1388
1448,46,1494,0.1388
1446,45,1491,0.1388
1449,45,1494,0.1388
1450,42,1492,0.1388
1452,41,1493,0.1388
1445,41,1486,0.1388
1443,41,1484,0.1388
1442,41,1483,0.1388
1445,39,1484,0.1388
1442,41,1483,0.1388
1433,42,1475,0.1388
1431,40,1471,0.1388
1442,38,1480,0.1388
1443,38,1481,0.1388
1451,40,1491,0.1388
1461,43,1504,0.1388
1445,45,1490,0.1388
1460,46,1506,0.1388
1437,44,1481,0.1388
1436,43,1479,0.1388
1422,45,1467,0.1388
1433,43,1476,0.1388
1437,41,1478,0.1388
1445,43,1488,0.1388
1447,42,1489,0.1388
1449,41,1490,0.1388
1458,40,1498,0.1388
1457,43,1500,0.1388
1459,42,1501,0.1388
1466,42,1508,0.1388
1460,44,1504,0.1388
1453,45,1498,0.1388
1445,48,1493,0.1388
1425,49,1474,0.1388
1419,48,1467,0.1388
1427,51,1478,0.1388
1439,54,1493,0.1388
1435,53,1488,0.1388
1430,56,1486,0.1388
1438,57,1495,0.1388
1434,58,1492,0.1388
1432,57,1489,0.1388
1432,59,1491,0.1388
1422,60,1482,0.1388
1414,60,1474,0.1388
1431,62,1493,0.1388
1427,61,1488,0.1388
1426,58,1484,0.1388
1433,59,1492,0.1388
1435,59,1494,0.1388
1427,63,1490,0.1388
1426,62,1488,0.1388
1436,56,1492,0.1388
1428,56,1484,0.1388
1429,58,1487,0.1388
1440,58,1498,0.1388
1443,57,1500,0.1388
1423,57,1480,0.1388
1425,59,1484,0.1388
1409,59,1468,0.1388
1409,62,1471,0.1388
1414,61,1475,0.1388
1412,63,1475,0.1388
1409,63,1472,0.1388
1410,62,1472,0.1388
1421,63,1484,0.1388
1428,63,1491,0.1388
1422,66,1488,0.1388
1436,69,1505,0.1388
1429,67,1496,0.1388
1426,68,1494,0.1388
1429,70,1499,0.1388
1428,74,1502,0.1388
1437,72,1509,0.1388
1428,74,1502,0.1388
1428,73,1501,0.1388
1427,70,1497,0.1388
1406,71,1477,0.1388
1406,74,1480,0.1388
1406,77,1483,0.1388
1404,77,1481,0.1388
1402,81,1483,0.1388
1402,82,1484,0.1388
1406,82,1488,0.1388
1414,84,1498,0.1388
1420,84,1504,0.1388
1413,84,1497,0.1388
1413,83,1496,0.1388
1413,80,1493,0.1388
1415,84,1499,0.1388
1419,85,1504,0.1388
1412,85,1497,0.1388
1393,88,1481,0.1388
1401,85,1486,0.1388
1403,82,1485,0.1388
1406,83,1489,0.1388
1397,85,1482,0.1388
1405,85,1490,0.1388
1402,84,1486,0.1388
1408,83,1491,0.1388
1404,84,1488,0.1388
1411,84,1495,0.1388
1420,88,1508,0.1388
1408,88,1496,0.1388
1400,86,1486,0.1388
1401,87,1488,0.1388
1407,86,1493,0.1388
1393,88,1481,0.1388
1394,91,1485,0.1388
1395,89,1484,0.1388
1386,91,1477,0.1388
1389,91,1480,0.1388
1392,94,1486,0.1388
1397,96,1493,0.1388
1397,96,1493,0.1388
1398,94,1492,0.1388
1400,98,1498,0.1388
1395,98,1493,0.1388
1406,97,1503,0.1388
1403,96,1499,0.1388
1396,96,1492,0.1388
1401,98,1499,0.1388
1408,98,1506,0.1388
1404,98,1502,0.1388
1411,97,1508,0.1388
1411,100,1511,0.1388
1407,100,1507,0.1388
1407,101,1508,0.1388
1411,102,1513,0.1388
1405,101,1506,0.1388
1413,104,1517,0.1388
1398,105,1503,0.1388
1399,106,1505,0.1388
1397,108,1505,0.1388
1385,109,1494,0.1388
1399,110,1509,0.1388
1383,111,1494,0.1388
1392,111,1503,0.1388
1380,106,1486,0.1388
1381,108,1489,0.1388
1380,110,1490,0.1388
1370,108,1478,0.1388
1377,113,1490,0.1388
1363,113,1476,0.1388
1368,111,1479,0.1388
1372,110,1482,0.1388
1377,112,1489,0.1388
1385,111,1496,0.1388
1390,110,1500,0.1388
1392,108,1500,0.1388
1406,109,1515,0.1388
1402,110,1512,0.1388
1402,110,1512,0.1388
1402,112,1514,0.1388
1399,113,1512,0.1388
1386,110,1496,0.1388
1388,117,1505,0.1388
1382,118,1500,0.1388
1381,117,1498,0.1388
1370,116,1486,0.1388
1368,114,1482,0.1388
1368,112,1480,0.1388
1366,113,1479,0.1388
1368,114,1482,0.1388
1375,112,1487,0.1388
1379,112,1491,0.1388
1381,112,1493,0.1388
1380,113,1493,0.1388
1380,115,1495,0.1388
1374,115,1489,0.1388
1381,113,1494,0.1388
1381,115,1496,0.1388
1382,112,1494,0.1388
1379,112,1491,0.1388
1380,114,1494,0.1388
1389,117,1506,0.1388
1376,120,1496,0.1388
1388,121,1509,0.1388
1391,120,1511,0.1388
1390,116,1506,0.1388
1383,117,1500,0.1388
1367,116,1483,0.1388
1368,119,1487,0.1388
1369,117,1486,0.1388
1361,121,1482,0.1388
1371,124,1495,0.1388
1368,122,1490,0.1388
1367,125,1492,0.1388
1346,126,1472,0.1388
1359,123,1482,0.1388
1362,124,1486,0.1388
1374,122,1496,0.1388
1380,123,1503,0.1388
1375,124,1499,0.1388
1363,122,1485,0.1388
1366,125,1491,0.1388
1371,127,1498,0.1388
1366,127,1493,0.1388
1365,130,1495,0.1388
1354,132,1486,0.1388
1367,131,1498,0.1388
1364,133,1497,0.1388
1363,133,1496,0.1388
1370,136,1506,0.1388
1383,134,1517,0.1388
1369,134,1503,0.1388
1354,135,1489,0.1388
1365,137,1502,0.1388
1363,136,1499,0.1388
1356,134,1490,0.1388
1353,136,1489,0.1388
1337,141,1478,0.1388
1355,147,1502,0.1388
1347,144,1491,0.1388
1344,144,1488,0.1388
1339,145,1484,0.1388
1333,145,1478,0.1388
1337,143,1480,0.1388
1327,140,1467,0.1388
1330,139,1469,0.1388
1348,143,1491,0.1388
1361,143,1504,0.1388
1360,144,1504,0.1388
1349,142,1491,0.1388
1335,145,1480,0.1388
1329,149,1478,0.1388
1340,147,1487,0.1388
1332,144,1476,0.1388
1341,141,1482,0.1388
1338,148,1486,0.1388
1332,149,1481,0.1388
1336,151,1487,0.1388
1323,151,1474,0.1388
1330,154,1484,0.1388
1327,156,1483,0.1388
1330,157,1487,0.1388
1341,157,1498,0.1388
1333,157,1490,0.1388
1344,161,1505,0.1388
1338,160,1498,0.1388
1344,159,1503,0.1388
1328,165,1493,0.1388
1319,167,1486,0.1388
1310,168,1478,0.1388
1315,170,1485,0.1388
1312,170,1482,0.1388
1317,173,1490,0.1388
1320,175,1495,0.1388
1322,175,1497,0.1388
1323,176,1499,0.1388
1341,180,1521,0.1388
1333,177,1510,0.1388
1321,177,1498,0.1388
1310,181,1491,0.1388
1315,182,1497,0.1388
1332,182,1514,0.1388
1321,181,1502,0.1388
1317,182,1499,0.1388
1317,184,1501,0.1388
1308,187,1495,0.1388
1310,185,1495,0.1388
1311,185,1496,0.1388
1314,186,1500,0.1388
1312,189,1501,0.1388
1310,193,1503,0.1388
1307,194,1501,0.1388
1304,194,1498,0.1388
1303,196,1499,0.1388
1310,197,1507,0.1388
1307,194,1501,0.1388
1299,193,1492,0.1388
1302,192,1494,0.1388
1300,196,1496,0.1388
1308,198,1506,0.1388
1306,199,1505,0.1388
1296,203,1499,0.1388
1281,204,1485,0.1388
1291,207,1498,0.1388
1280,200,1480,0.1388
1277,207,1484,0.1388
1282,204,1486,0.1388
1272,203,1475,0.1388
1271,204,1475,0.1388
1275,206,1481,0.1388
1281,210,1491,0.1388
1291,208,1499,0.1388
1309,206,1515,0.1388
1296,206,1502,0.1388
1293,205,1498,0.1388
1300,208,1508,0.1388
1291,206,1497,0.1388
1288,211,1499,0.1388
1292,210,1502,0.1388
1286,215,1501,0.1388
1291,215,1506,0.1388
1286,218,1504,0.1388
1281,218,1499,0.1388
1284,223,1507,0.1388
1296,221,1517,0.1388
1289,222,1511,0.1388
1288,221,1509,0.1388
1291,221,1512,0.1388
1284,220,1504,0.1388
1287,221,1508,0.1388
1281,216,1497,0.1388
1272,211,1483,0.1388
1272,213,1485,0.1388
1281,207,1488,0.1388
1284,206,1490,0.1388
1293,202,1495,0.1388
1273,207,1480,0.1388
1280,205,1485,0.1388
1292,207,1499,0.1388
1279,204,1483,0.1388
1290,205,1495,0.1388
1287,201,1488,0.1388
1288,201,1489,0.1388
1297,204,1501,0.1388
1288,207,1495,0.1388
1297,208,1505,0.1388
1315,206,1521,0.1388
1300,209,1509,0.1388
1295,206,1501,0.1388
1297,210,1507,0.1388
1288,218,1506,0.1388
1280,219,1499,0.1388
1277,222,1499,0.1388
1279,221,1500,0.1388
1282,217,1499,0.1388
1285,219,1504,0.1388
1289,217,1506,0.1388
1282,218,1500,0.1388
1282,220,1502,0.1388
1261,223,1484,0.1388
1250,219,1469,0.1388
1255,222,1477,0.1388
1260,222,1482,0.1388
1260,227,1487,0.1388
1252,233,1485,0.1388
1251,236,1487,0.1388
1257,234,1491,0.1388
1270,233,1503,0.1388
1264,229,1493,0.1388
1267,231,1498,0.1388
1272,233,1505,0.1388
1257,232,1489,0.1388
1256,231,1487,0.1388
1271,230,1501,0.1388
1252,233,1485,0.1388
1255,236,1491,0.1388
1250,239,1489,0.1388
1257,234,1491,0.1388
1252,233,1485,0.1388
1257,233,1490,0.1388
1268,235,1503,0.1388
1274,236,1510,0.1388
1261,238,1499,0.1388
1270,235,1505,0.1388
1264,238,1502,0.1388
1254,236,1490,0.1388
1257,242,1499,0.1388
1247,240,1487,0.1388
1249,243,1492,0.1388
1265,240,1505,0.1388
1256,238,1494,0.1388
1250,233,1483,0.1388
1254,231,1485,0.1388
1262,237,1499,0.1388
1264,234,1498,0.1388
1274,242,1516,0.1388
1267,245,1512,0.1388
1260,247,1507,0.1388
1260,243,1503,0.1388
1273,245,1518,0.1388
1269,246,1515,0.1388
1273,251,1524,0.1388
1260,245,1505,0.1388
1244,241,1485,0.1388
1241,245,1486,0.1388
1239,244,1483,0.1388
1249,245,1494,0.1388
1229,247,1476,0.1388
1233,251,1484,0.1388
1224,254,1478,0.1388
1225,253,1478,0.1388
1224,254,1478,0.1388
1222,253,1475,0.1388
1211,253,1464,0.1388
1226,258,1484,0.1388
1231,252,1483,0.1388
1245,247,1492,0.1388
1240,254,1494,0.1388
1247,254,1501,0.1388
1234,259,1493,0.1388
1234,265,1499,0.1388
1240,264,1504,0.1388
1241,261,1502,0.1388
1231,256,1487,0.1388
1222,259,1481,0.1388
1223,264,1487,0.1388
1235,260,1495,0.1388
1229,271,1500,0.1388
1219,265,1484,0.1388
1228,269,1497,0.1388
1225,268,1493,0.1388
1218,270,1488,0.1388
1218,269,1487,0.1388
1216,275,1491,0.1388
1211,275,1486,0.1388
1213,279,1492,0.1388
1211,276,1487,0.1388
1223,284,1507,0.1388
1214,291,1505,0.1388
1224,292,1516,0.1388
1211,294,1505,0.1388
1207,297,1504,0.1388
1206,291,1497,0.1388
1209,295,1504,0.1388
1212,292,1504,0.1388
1203,287,1490,0.1388
1204,292,1496,0.1388
1207,293,1500,0.1388
1210,296,1506,0.1388
1212,295,1507,0.1388
1201,296,1497,0.1388
1211,303,1514,0.1388
1212,302,1514,0.1388
1214,296,1510,0.1388
1212,287,1499,0.1388
1217,289,1506,0.1388
1216,290,1506,0.1388
1216,292,1508,0.1388
1203,295,1498,0.1388
1213,296,1509,0.1388
1222,295,1517,0.1388
1230,291,1521,0.1388
1220,296,1516,0.1388
1216,291,1507,0.1388
1211,295,1506,0.1388
1204,295,1499,0.1388
1186,294,1480,0.1388
1183,299,1482,0.1388
1185,301,1486,0.1388
1190,303,1493,0.1388
1180,304,1484,0.1388
1186,303,1489,0.1388
1188,304,1492,0.1388
1189,302,1491,0.1388
1193,305,1498,0.1388
1197,301,1498,0.1388
1201,302,1503,0.1388
1203,303,1506,0.1388
1198,306,1504,0.1388
1199,308,1507,0.1388
1192,314,1506,0.1388
1196,309,1505,0.1388
1186,308,1494,0.1388
1195,307,1502,0.1388
1181,314,1495,0.1388
1179,319,1498,0.1388
1178,320,1498,0.1388
1179,329,1508,0.1388
1174,327,1501,0.1388
1177,324,1501,0.1388
1170,324,1494,0.1388
1164,327,1491,0.1388
1167,328,1495,0.1388
1160,332,1492,0.1388
1176,343,1519,0.1388
1168,337,1505,0.1388
1168,337,1505,0.1388
1178,335,1513,0.1388
1174,334,1508,0.1388
1177,332,1509,0.1388
1180,329,1509,0.1388
1176,334,1510,0.1388
1169,338,1507,0.1388
1160,336,1496,0.1388
1170,329,1499,0.1388
1165,331,1496,0.1388
1164,330,1494,0.1388
1166,336,1502,0.1388
1155,337,1492,0.1388
1161,332,1493,0.1388
1153,332,1485,0.1388
1155,332,1487,0.1388
1162,329,1491,0.1388
1167,330,1497,0.1388
1171,334,1505,0.1388
1164,334,1498,0.1388
1161,334,1495,0.1388
1146,334,1480,0.1388
1141,334,1475,0.1388
1157,341,1498,0.1388
1160,337,1497,0.1388
1163,337,1500,0.1388
1162,340,1502,0.1388
1158,336,1494,0.1388
1174,336,1510,0.1388
1164,330,1494,0.1388
1162,330,1492,0.1388
1159,334,1493,0.1388
1151,340,1491,0.1388
1153,340,1493,0.1388
1156,343,1499,0.1388
1143,347,1490,0.1388
1147,349,1496,0.1388
1155,346,1501,0.1388
1152,350,1502,0.1388
1146,354,1500,0.1388
1148,356,1504,0.1388
1137,355,1492,0.1388
1150,355,1505,0.1388
1148,352,1500,0.1388
1145,350,1495,0.1388
1138,352,1490,0.1388
1131,354,1485,0.1388
1137,357,1494,0.1388
1149,361,1510,0.1388
1143,362,1505,0.1388
1145,365,1510,0.1388
1151,373,1524,0.1388
1136,376,1512,0.1388
1133,373,1506,0.1388
1119,371,1490,0.1388
1124,368,1492,0.1388
1130,371,1501,0.1388
1132,363,1495,0.1388
1134,362,1496,0.1388
1144,356,1500,0.1388
1147,361,1508,0.1388
1144,362,1506,0.1388
1135,364,1499,0.1388
1134,367,1501,0.1388
1126,363,1489,0.1388
1130,356,1486,0.1388
1134,360,1494,0.1388
1135,359,1494,0.1388
1132,358,1490,0.1388
1119,363,1482,0.1388
1128,365,1493,0.1388
1135,369,1504,0.1388
1134,368,1502,0.1388
1134,373,1507,0.1388
1127,372,1499,0.1388
1125,372,1497,0.1388
1129,370,1499,0.1388
1106,377,1483,0.1388
1119,378,1497,0.1388
1118,385,1503,0.1388
1119,381,1500,0.1388
1127,376,1503,0.1388
1121,374,1495,0.1388
1125,379,1504,0.1388
1125,379,1504,0.1388
1132,378,1510,0.1388
1113,377,1490,0.1388
1124,377,1501,0.1388
1122,380,1502,0.1388
1117,385,1502,0.1388
1114,387,1501,0.1388
1119,385,1504,0.1388
1117,387,1504,0.1388
1116,395,1511,0.1388
1109,389,1498,0.1388
1112,388,1500,0.1388
1127,384,1511,0.1388
1129,387,1516,0.1388
1119,385,1504,0.1388
1120,385,1505,0.1388
1119,390,1509,0.1388
1105,392,1497,0.1388
1111,396,1507,0.1388
1103,396,1499,0.1388
1099,396,1495,0.1388
1100,394,1494,0.1388
1103,391,1494,0.1388
1114,391,1505,0.1388
1110,396,1506,0.1388
1110,398,1508,0.1388
1103,404,1507,0.1388
1098,410,1508,0.1388
1089,403,1492,0.1388
1090,404,1494,0.1388
1090,410,1500,0.1388
1092,411,1503,0.1388
1089,414,1503,0.1388
1087,413,1500,0.1388
1082,418,1500,0.1388
1086,418,1504,0.1388
1093,420,1513,0.1388
1092,420,1512,0.1388
1077,420,1497,0.1388
1075,419,1494,0.1388
1073,417,1490,0.1388
1072,417,1489,0.1388
1069,429,1498,0.1388
1052,432,1484,0.1388
1056,435,1491,0.1388
1045,431,1476,0.1388
1045,430,1475,0.1388
1040,441,1481,0.1388
1052,440,1492,0.1388
1056,442,1498,0.1388
1056,444,1500,0.1388
1056,439,1495,0.1388
1052,439,1491,0.1388
1045,446,1491,0.1388
1058,446,1504,0.1388
1060,448,1508,0.1388
1066,447,1513,0.1388
1071,443,1514,0.1388
1060,447,1507,0.1388
1058,448,1506,0.1388
1052,454,1506,0.1388
1052,463,1515,0.1388
1049,464,1513,0.1388
1048,470,1518,0.1388
1049,473,1522,0.1388
1050,469,1519,0.1388
1044,469,1513,0.1388
1054,476,1530,0.1388
1054,468,1522,0.1388
1052,468,1520,0.1388
1036,472,1508,0.1388
1030,471,1501,0.1388
1024,477,1501,0.1388
1020,487,1507,0.1388
1017,484,1501,0.1388
1018,488,1506,0.1388
1007,492,1499,0.1388
1009,486,1495,0.1388
1028,484,1512,0.1388
1025,483,1508,0.1388
1017,481,1498,0.1388
1016,482,1498,0.1388
1019,485,1504,0.1388
1008,486,1494,0.1388
1017,488,1505,0.1388
1021,482,1503,0.1388
1023,492,1515,0.1388
1027,487,1514,0.1388
1024,488,1512,0.1388
1015,496,1511,0.1388
1016,501,1517,0.1388
1010,500,1510,0.1388
1003,492,1495,0.1388
1008,493,1501,0.1388
1005,491,1496,0.1388
1004,495,1499,0.1388
999,494,1493,0.1388
1003,495,1498,0.1388
1008,499,1507,0.1388
1002,499,1501,0.1388
996,497,1493,0.1388
1007,501,1508,0.1388
999,492,1491,0.1388
995,494,1489,0.1388
1002,496,1498,0.1388
1003,503,1506,0.1388
1000,505,1505,0.1388
998,505,1503,0.1388
1001,503,1504,0.1388
1003,518,1521,0.1388
1001,514,1515,0.1388
1007,516,1523,0.1388
998,516,1514,0.1388
1004,522,1526,0.1388
994,521,1515,0.1388
993,523,1516,0.1388
990,528,1518,0.1388
991,525,1516,0.1388
993,519,1512,0.1388
991,525,1516,0.1388
986,527,1513,0.1388
983,529,1512,0.1388
977,534,1511,0.1388
966,534,1500,0.1388
979,534,1513,0.1388
962,540,1502,0.1388
973,536,1509,0.1388
978,536,1514,0.1388
988,531,1519,0.1388
988,532,1520,0.1388
992,529,1521,0.1388
987,533,1520,0.1388
985,536,1521,0.1388
986,538,1524,0.1388
973,534,1507,0.1388
967,539,1506,0.1388
969,543,1512,0.1388
971,535,1506,0.1388
969,541,1510,0.1388
960,533,1493,0.1388
962,533,1495,0.1388
962,533,1495,0.1388
955,543,1498,0.1388
947,546,1493,0.1388
941,554,1495,0.1388
941,555,1496,0.1388
942,561,1503,0.1388
938,562,1500,0.1388
927,568,1495,0.1388
932,572,1504,0.1388
931,576,1507,0.1388
936,577,1513,0.1388
935,570,1505,0.1388
935,567,1502,0.1388
938,562,1500,0.1388
936,556,1492,0.1388
929,570,1499,0.1388
925,571,1496,0.1388
935,572,1507,0.1388
936,583,1519,0.1388
932,586,1518,0.1388
923,588,1511,0.1388
934,590,1524,0.1388
934,594,1528,0.1388
930,587,1517,0.1388
928,586,1514,0.1388
929,584,1513,0.1388
919,588,1507,0.1388
925,589,1514,0.1388
920,588,1508,0.1388
917,584,1501,0.1388
922,580,1502,0.1388
930,588,1518,0.1388
919,589,1508,0.1388
923,589,1512,0.1388
920,574,1494,0.1388
916,573,1489,0.1388
923,576,1499,0.1388
920,583,1503,0.1388
915,589,1504,0.1388
915,594,1509,0.1388
905,594,1499,0.1388
906,599,1505,0.1388
902,597,1499,0.1388
894,603,1497,0.1388
880,596,1476,0.1388
886,595,1481,0.1388
888,609,1497,0.1388
883,598,1481,0.1388
888,602,1490,0.1388
880,607,1487,0.1388
881,620,1501,0.1388
871,621,1492,0.1388
877,618,1495,0.1388
872,614,1486,0.1388
884,613,1497,0.1388
884,616,1500,0.1388
871,612,1483,0.1388
875,609,1484,0.1388
880,619,1499,0.1388
875,623,1498,0.1388
877,626,1503,0.1388
871,633,1504,0.1388
867,632,1499,0.1388
869,633,1502,0.1388
874,632,1506,0.1388
877,632,1509,0.1388
888,627,1515,0.1388
883,623,1506,0.1388
879,629,1508,0.1388
871,628,1499,0.1388
870,633,1503,0.1388
880,630,1510,0.1388
883,620,1503,0.1388
884,630,1514,0.1388
885,636,1521,0.1388
878,634,1512,0.1388
870,643,1513,0.1388
870,639,1509,0.1388
876,635,1511,0.1388
865,633,1498,0.1388
862,639,1501,0.1388
865,638,1503,0.1388
855,644,1499,0.1388
842,641,1483,0.1388
849,645,1494,0.1388
840,643,1483,0.1388
843,639,1482,0.1388
842,642,1484,0.1388
845,652,1497,0.1388
843,667,1510,0.1388
834,662,1496,0.1388
843,662,1505,0.1388
848,653,1501,0.1388
841,662,1503,0.1388
844,664,1508,0.1388
844,663,1507,0.1388
835,663,1498,0.1388
834,668,1502,0.1388
829,666,1495,0.1388
829,669,1498,0.1388
837,661,1498,0.1388
834,661,1495,0.1388
848,657,1505,0.1388
847,660,1507,0.1388
838,661,1499,0.1388
845,645,1490,0.1388
837,651,1488,0.1388
831,650,1481,0.1388
829,651,1480,0.1388
837,666,1503,0.1388
844,668,1512,0.1388
841,666,1507,0.1388
843,677,1520,0.1388
843,678,1521,0.1388
844,672,1516,0.1388
837,677,1514,0.1388
831,674,1505,0.1388
833,681,1514,0.1388
840,677,1517,0.1388
846,682,1528,0.1388
836,680,1516,0.1388
827,679,1506,0.1388
820,680,1500,0.1388
820,681,1501,0.1388
819,692,1511,0.1388
808,699,1507,0.1388
805,699,1504,0.1388
808,696,1504,0.1388
805,691,1496,0.1388
809,701,1510,0.1388
800,709,1509,0.1388
800,710,1510,0.1388
802,707,1509,0.1388
795,709,1504,0.1388
801,704,1505,0.1388
782,716,1498,0.1388
791,717,1508,0.1388
781,714,1495,0.1388
787,715,1502,0.1388
785,714,1499,0.1388
793,709,1502,0.1388
789,711,1500,0.1388
792,714,1506,0.1388
792,719,1511,0.1388
791,722,1513,0.1388
788,720,1508,0.1388
783,723,1506,0.1388
786,734,1520,0.1388
789,732,1521,0.1388
781,737,1518,0.1388
776,740,1516,0.1388
774,742,1516,0.1388
768,744,1512,0.1388
764,753,1517,0.1388
764,754,1518,0.1388
767,751,1518,0.1388
771,752,1523,0.1388
768,749,1517,0.1388
766,747,1513,0.1388
754,747,1501,0.1388
755,755,1510,0.1388
755,760,1515,0.1388
749,765,1514,0.1388
757,761,1518,0.1388
764,752,1516,0.1388
757,761,1518,0.1388
758,753,1511,0.1388
759,751,1510,0.1388
758,744,1502,0.1388
756,746,1502,0.1388
745,747,1492,0.1388
741,748,1489,0.1388
740,749,1489,0.1388
739,749,1488,0.1388
742,762,1504,0.1388
744,761,1505,0.1388
742,758,1500,0.1388
738,763,1501,0.1388
741,771,1512,0.1388
734,777,1511,0.1388
735,763,1498,0.1388
738,762,1500,0.1388
730,765,1495,0.1388
734,771,1505,0.1388
732,767,1499,0.1388
731,766,1497,0.1388
740,763,1503,0.1388
730,774,1504,0.1388
726,778,1504,0.1388
724,781,1505,0.1388
718,782,1500,0.1388
722,778,1500,0.1388
721,781,1502,0.1388
712,790,1502,0.1388
706,797,1503,0.1388
710,803,1513,0.1388
709,797,1506,0.1388
711,791,1502,0.1388
713,803,1516,0.1388
711,801,1512,0.1388
706,794,1500,0.1388
709,788,1497,0.1388
712,796,1508,0.1388
703,794,1497,0.1388
702,800,1502,0.1388
699,799,1498,0.1388
704,800,1504,0.1388
710,798,1508,0.1388
712,799,1511,0.1388
711,802,1513,0.1388
704,808,1512,0.1388
704,806,1510,0.1388
698,802,1500,0.1388
706,808,1514,0.1388
704,816,1520,0.1388
698,824,1522,0.1388
702,821,1523,0.1388
692,811,1503,0.1388
684,818,1502,0.1388
688,813,1501,0.1388
690,806,1496,0.1388
693,804,1497,0.1388
691,806,1497,0.1388
680,808,1488,0.1388
689,817,1506,0.1388
687,815,1502,0.1388
682,824,1506,0.1388
689,815,1504,0.1388
690,819,1509,0.1388
687,824,1511,0.1388
691,823,1514,0.1388
690,830,1520,0.1388
690,826,1516,0.1388
682,830,1512,0.1388
680,828,1508,0.1388
683,826,1509,0.1388
687,817,1504,0.1388
691,815,1506,0.1388
692,815,1507,0.1388
687,814,1501,0.1388
692,823,1515,0.1388
692,830,1522,0.1388
682,835,1517,0.1388
678,823,1501,0.1388
672,820,1492,0.1388
671,821,1492,0.1388
671,829,1500,0.1388
674,829,1503,0.1388
677,848,1525,0.1388
673,851,1524,0.1388
670,858,1528,0.1388
662,845,1507,0.1388
655,840,1495,0.1388
661,839,1500,0.1388
659,840,1499,0.1388
662,843,1505,0.1388
663,841,1504,0.1388
674,827,1501,0.1388
667,832,1499,0.1388
669,831,1500,0.1388
676,836,1512,0.1388
679,839,1518,0.1388
678,844,1522,0.1388
671,845,1516,0.1388
669,848,1517,0.1388
673,840,1513,0.1388
683,836,1519,0.1388
687,841,1528,0.1388
683,838,1521,0.1388
682,830,1512,0.1388
685,831,1516,0.1388
676,836,1512,0.1388
669,834,1503,0.1388
670,829,1499,0.1388
665,841,1506,0.1388
666,843,1509,0.1388
667,847,1514,0.1388
665,841,1506,0.1388
663,854,1517,0.1388
654,852,1506,0.1388
658,856,1514,0.1388
654,851,1505,0.1388
650,858,1508,0.1388
660,862,1522,0.1388
654,862,1516,0.1388
662,850,1512,0.1388
664,858,1522,0.1388
655,863,1518,0.1388
655,855,1510,0.1388
649,855,1504,0.1388
640,862,1502,0.1388
638,863,1501,0.1388
635,862,1497,0.1388
635,866,1501,0.1388
639,865,1504,0.1388
635,869,1504,0.1388
629,861,1490,0.1388
638,855,1493,0.1388
640,858,1498,0.1388
649,855,1504,0.1388
651,860,1511,0.1388
650,848,1498,0.1388
657,856,1513,0.1388
659,844,1503,0.1388
666,845,1511,0.1388
664,849,1513,0.1388
654,850,1504,0.1388
659,856,1515,0.1388
657,861,1518,0.1388
661,858,1519,0.1388
660,857,1517,0.1388
654,862,1516,0.1388
650,862,1512,0.1388
665,853,1518,0.1388
667,860,1527,0.1388
672,850,1522,0.1388
663,849,1512,0.1388
663,852,1515,0.1388
669,846,1515,0.1388
660,847,1507,0.1388
660,840,1500,0.1388
659,847,1506,0.1388
660,859,1519,0.1388
659,861,1520,0.1388
655,866,1521,0.1388
656,866,1522,0.1388
655,863,1518,0.1388
652,858,1510,0.1388
657,866,1523,0.1388
660,863,1523,0.1388
658,864,1522,0.1388
656,862,1518,0.1388
654,867,1521,0.1388
642,863,1505,0.1388
628,865,1493,0.1388
630,874,1504,0.1388
639,869,1508,0.1388
637,873,1510,0.1388
641,872,1513,0.1388
633,874,1507,0.1388
630,876,1506,0.1388
631,874,1505,0.1388
633,874,1507,0.1388
634,862,1496,0.1388
637,872,1509,0.1388
643,874,1517,0.1388
639,872,1511,0.1388
637,877,1514,0.1388
636,873,1509,0.1388
628,880,1508,0.1388
622,883,1505,0.1388
625,891,1516,0.1388
615,885,1500,0.1388
620,890,1510,0.1388
622,903,1525,0.1388
627,908,1535,0.1388
622,909,1531,0.1388
614,898,1512,0.1388
606,906,1512,0.1388
607,917,1524,0.1388
615,915,1530,0.1388
612,914,1526,0.1388
612,914,1526,0.1388
606,910,1516,0.1388
608,919,1527,0.1388
606,908,1514,0.1388
609,909,1518,0.1388
605,904,1509,0.1388
592,918,1510,0.1388
594,922,1516,0.1388
597,914,1511,0.1388
592,910,1502,0.1388
597,913,1510,0.1388
588,913,1501,0.1388
581,924,1505,0.1388
575,933,1508,0.1388
583,935,1518,0.1388
584,923,1507,0.1388
582,925,1507,0.1388
579,930,1509,0.1388
569,933,1502,0.1388
575,944,1519,0.1388
572,936,1508,0.1388
584,923,1507,0.1388
583,934,1517,0.1388
582,929,1511,0.1388
580,926,1506,0.1388
571,930,1501,0.1388
570,936,1506,0.1388
567,933,1500,0.1388
567,939,1506,0.1388
570,938,1508,0.1388
560,935,1495,0.1388
558,933,1491,0.1388
565,944,1509,0.1388
571,953,1524,0.1388
571,960,1531,0.1388
562,956,1518,0.1388
564,957,1521,0.1388
561,957,1518,0.1388
555,946,1501,0.1388
562,950,1512,0.1388
560,954,1514,0.1388
568,949,1517,0.1388
566,940,1506,0.1388
561,949,1510,0.1388
557,958,1515,0.1388
547,962,1509,0.1388
544,967,1511,0.1388
539,964,1503,0.1388
542,968,1510,0.1388
544,980,1524,0.1388
541,980,1521,0.1388
538,985,1523,0.1388
533,984,1517,0.1388
529,987,1516,0.1388
529,992,1521,0.1388
526,994,1520,0.1388
516,1003,1519,0.1388
513,1004,1517,0.1388
515,1004,1519,0.1388
509,1000,1509,0.1388
515,997,1512,0.1388
519,994,1513,0.1388
516,992,1508,0.1388
509,997,1506,0.1388
514,993,1507,0.1388
509,998,1507,0.1388
504,1006,1510,0.1388
503,1008,1511,0.1388
503,998,1501,0.1388
509,993,1502,0.1388
505,994,1499,0.1388
501,1006,1507,0.1388
505,1002,1507,0.1388
509,1008,1517,0.1388
512,1009,1521,0.1388
507,1008,1515,0.1388
503,1014,1517,0.1388
501,1028,1529,0.1388
501,1021,1522,0.1388
499,1020,1519,0.1388
499,1019,1518,0.1388
497,1015,1512,0.1388
494,1008,1502,0.1388
501,1014,1515,0.1388
507,1006,1513,0.1388
503,1007,1510,0.1388
508,1015,1523,0.1388
493,1009,1502,0.1388
489,1019,1508,0.1388
497,1015,1512,0.1388
500,1003,1503,0.1388
496,1028,1524,0.1388
498,1031,1529,0.1388
489,1030,1519,0.1388
491,1028,1519,0.1388
498,1024,1522,0.1388
489,1031,1520,0.1388
485,1029,1514,0.1388
479,1030,1509,0.1388
474,1026,1500,0.1388
469,1030,1499,0.1388
469,1032,1501,0.1388
470,1019,1489,0.1388
474,1018,1492,0.1388
469,1029,1498,0.1388
468,1040,1508,0.1388
463,1044,1507,0.1388
456,1043,1499,0.1388
456,1047,1503,0.1388
460,1039,1499,0.1388
459,1030,1489,0.1388
465,1039,1504,0.1388
465,1041,1506,0.1388
465,1030,1495,0.1388
473,1031,1504,0.1388
468,1029,1497,0.1388
468,1032,1500,0.1388
465,1030,1495,0.1388
465,1038,1503,0.1388
461,1052,1513,0.1388
458,1050,1508,0.1388
463,1057,1520,0.1388
470,1057,1527,0.1388
467,1060,1527,0.1388
468,1057,1525,0.1388
469,1052,1521,0.1388
463,1044,1507,0.1388
461,1042,1503,0.1388
465,1050,1515,0.1388
465,1057,1522,0.1388
463,1056,1519,0.1388
463,1050,1513,0.1388
469,1058,1527,0.1388
464,1054,1518,0.1388
475,1051,1526,0.1388
469,1037,1506,0.1388
472,1049,1521,0.1388
468,1056,1524,0.1388
471,1053,1524,0.1388
454,1054,1508,0.1388
458,1038,1496,0.1388
446,1044,1490,0.1388
440,1054,1494,0.1388
447,1063,1510,0.1388
453,1066,1519,0.1388
449,1061,1510,0.1388
451,1068,1519,0.1388
450,1065,1515,0.1388
451,1063,1514,0.1388
447,1062,1509,0.1388
453,1062,1515,0.1388
450,1062,1512,0.1388
452,1050,1502,0.1388
456,1045,1501,0.1388
456,1047,1503,0.1388
458,1051,1509,0.1388
454,1054,1508,0.1388
447,1063,1510,0.1388
439,1068,1507,0.1388
438,1072,1510,0.1388
437,1068,1505,0.1388
431,1065,1496,0.1388
428,1077,1505,0.1388
432,1079,1511,0.1388
438,1073,1511,0.1388
438,1070,1508,0.1388
438,1069,1507,0.1388
433,1074,1507,0.1388
436,1075,1511,0.1388
432,1072,1504,0.1388
429,1079,1508,0.1388
428,1080,1508,0.1388
426,1075,1501,0.1388
413,1079,1492,0.1388
420,1082,1502,0.1388
417,1090,1507,0.1388
422,1087,1509,0.1388
421,1082,1503,0.1388
418,1094,1512,0.1388
415,1089,1504,0.1388
411,1086,1497,0.1388
420,1097,1517,0.1388
417,1101,1518,0.1388
421,1097,1518,0.1388
419,1084,1503,0.1388
416,1091,1507,0.1388
415,1092,1507,0.1388
417,1088,1505,0.1388
413,1095,1508,0.1388
418,1096,1514,0.1388
412,1088,1500,0.1388
413,1093,1506,0.1388
407,1097,1504,0.1388
398,1096,1494,0.1388
400,1109,1509,0.1388
404,1105,1509,0.1388
398,1112,1510,0.1388
391,1124,1515,0.1388
387,1116,1503,0.1388
389,1108,1497,0.1388
389,1114,1503,0.1388
394,1116,1510,0.1388
397,1114,1511,0.1388
390,1126,1516,0.1388
386,1123,1509,0.1388
393,1117,1510,0.1388
399,1120,1519,0.1388
390,1120,1510,0.1388
389,1135,1524,0.1388
386,1123,1509,0.1388
385,1119,1504,0.1388
381,1130,1511,0.1388
378,1123,1501,0.1388
378,1136,1514,0.1388
373,1145,1518,0.1388
382,1145,1527,0.1388
376,1148,1524,0.1388
378,1149,1527,0.1388
378,1149,1527,0.1388
377,1152,1529,0.1388
373,1144,1517,0.1388
372,1146,1518,0.1388
372,1147,1519,0.1388
363,1142,1505,0.1388
365,1150,1515,0.1388
357,1157,1514,0.1388
348,1161,1509,0.1388
356,1161,1517,0.1388
351,1160,1511,0.1388
342,1163,1505,0.1388
347,1175,1522,0.1388
347,1166,1513,0.1388
349,1170,1519,0.1388
343,1178,1521,0.1388
344,1169,1513,0.1388
342,1164,1506,0.1388
347,1167,1514,0.1388
354,1161,1515,0.1388
350,1144,1494,0.1388
341,1140,1481,0.1388
345,1158,1503,0.1388
352,1159,1511,0.1388
349,1152,1501,0.1388
355,1159,1514,0.1388
354,1159,1513,0.1388
357,1160,1517,0.1388
354,1163,1517,0.1388
359,1150,1509,0.1388
350,1157,1507,0.1388
354,1159,1513,0.1388
349,1152,1501,0.1388
349,1155,1504,0.1388
348,1166,1514,0.1388
350,1156,1506,0.1388
349,1167,1516,0.1388
343,1156,1499,0.1388
345,1151,1496,0.1388
339,1145,1484,0.1388
340,1155,1495,0.1388
350,1154,1504,0.1388
350,1160,1510,0.1388
347,1156,1503,0.1388
351,1159,1510,0.1388
348,1165,1513,0.1388
351,1169,1520,0.1388
348,1161,1509,0.1388
347,1168,1515,0.1388
346,1167,1513,0.1388
347,1170,1517,0.1388
345,1179,1524,0.1388
345,1186,1531,0.1388
345,1176,1521,0.1388
345,1162,1507,0.1388
344,1172,1516,0.1388
342,1174,1516,0.1388
342,1179,1521,0.1388
338,1181,1519,0.1388
340,1170,1510,0.1388
341,1159,1500,0.1388
339,1164,1503,0.1388
336,1184,1520,0.1388
334,1173,1507,0.1388
332,1171,1503,0.1388
330,1164,1494,0.1388
325,1170,1495,0.1388
333,1173,1506,0.1388
341,1173,1514,0.1388
335,1184,1519,0.1388
334,1182,1516,0.1388
334,1181,1515,0.1388
335,1179,1514,0.1388
330,1182,1512,0.1388
329,1179,1508,0.1388
326,1188,1514,0.1388
330,1196,1526,0.1388
324,1188,1512,0.1388
320,1191,1511,0.1388
319,1193,1512,0.1388
316,1194,1510,0.1388
310,1204,1514,0.1388
308,1201,1509,0.1388
308,1195,1503,0.1388
309,1193,1502,0.1388
306,1198,1504,0.1388
312,1196,1508,0.1388
311,1197,1508,0.1388
312,1186,1498,0.1388
314,1192,1506,0.1388
317,1202,1519,0.1388
316,1198,1514,0.1388
317,1188,1505,0.1388
320,1182,1502,0.1388
319,1192,1511,0.1388
320,1202,1522,0.1388
320,1206,1526,0.1388
318,1199,1517,0.1388
319,1193,1512,0.1388
316,1201,1517,0.1388
318,1198,1516,0.1388
320,1194,1514,0.1388
318,1187,1505,0.1388
314,1189,1503,0.1388
318,1190,1508,0.1388
323,1193,1516,0.1388
323,1199,1522,0.1388
328,1194,1522,0.1388
331,1191,1522,0.1388
328,1194,1522,0.1388
329,1192,1521,0.1388
318,1207,1525,0.1388
321,1206,1527,0.1388
324,1203,1527,0.1388
315,1198,1513,0.1388
314,1200,1514,0.1388
309,1196,1505,0.1388
312,1202,1514,0.1388
307,1200,1507,0.1388
311,1220,1531,0.1388
310,1210,1520,0.1388
308,1212,1520,0.1388
309,1203,1512,0.1388
312,1200,1512,0.1388
313,1205,1518,0.1388
316,1213,1529,0.1388
318,1202,1520,0.1388
321,1200,1521,0.1388
324,1204,1528,0.1388
321,1204,1525,0.1388
317,1208,1525,0.1388
318,1213,1531,0.1388
315,1215,1530,0.1388
308,1202,1510,0.1388
305,1203,1508,0.1388
304,1201,1505,0.1388
300,1208,1508,0.1388
299,1218,1517,0.1388
295,1203,1498,0.1388
294,1216,1510,0.1388
294,1214,1508,0.1388
297,1219,1516,0.1388
295,1210,1505,0.1388
300,1203,1503,0.1388
299,1189,1488,0.1388
301,1197,1498,0.1388
301,1206,1507,0.1388
299,1223,1522,0.1388
295,1214,1509,0.1388
301,1219,1520,0.1388
291,1224,1515,0.1388
294,1216,1510,0.1388
296,1212,1508,0.1388
297,1211,1508,0.1388
300,1218,1518,0.1388
297,1222,1519,0.1388
295,1223,1518,0.1388
297,1225,1522,0.1388
290,1218,1508,0.1388
295,1217,1512,0.1388
293,1222,1515,0.1388
289,1216,1505,0.1388
289,1207,1496,0.1388
285,1211,1496,0.1388
285,1226,1511,0.1388
284,1221,1505,0.1388
287,1212,1499,0.1388
284,1219,1503,0.1388
279,1213,1492,0.1388
280,1220,1500,0.1388
283,1216,1499,0.1388
283,1218,1501,0.1388
280,1214,1494,0.1388
284,1227,1511,0.1388
280,1232,1512,0.1388
275,1236,1511,0.1388
275,1243,1518,0.1388
274,1245,1519,0.1388
279,1237,1516,0.1388
275,1233,1508,0.1388
278,1244,1522,0.1388
281,1237,1518,0.1388
284,1239,1523,0.1388
289,1235,1524,0.1388
280,1235,1515,0.1388
281,1224,1505,0.1388
284,1222,1506,0.1388
289,1220,1509,0.1388
286,1226,1512,0.1388
290,1215,1505,0.1388
284,1216,1500,0.1388
282,1219,1501,0.1388
279,1218,1497,0.1388
277,1216,1493,0.1388
280,1232,1512,0.1388
281,1237,1518,0.1388
275,1234,1509,0.1388
275,1238,1513,0.1388
277,1232,1509,0.1388
271,1237,1508,0.1388
268,1242,1510,0.1388
268,1240,1508,0.1388
267,1243,1510,0.1388
272,1232,1504,0.1388
274,1230,1504,0.1388
272,1229,1501,0.1388
277,1233,1510,0.1388
275,1239,1514,0.1388
274,1232,1506,0.1388
267,1234,1501,0.1388
274,1239,1513,0.1388
271,1244,1515,0.1388
269,1243,1512,0.1388
276,1231,1507,0.1388
276,1226,1502,0.1388
276,1225,1501,0.1388
276,1234,1510,0.1388
271,1242,1513,0.1388
271,1244,1515,0.1388
268,1247,1515,0.1388
264,1240,1504,0.1388
262,1244,1506,0.1388
258,1252,1510,0.1388
267,1249,1516,0.1388
268,1253,1521,0.1388
264,1249,1513,0.1388
265,1253,1518,0.1388
261,1251,1512,0.1388
259,1258,1517,0.1388
255,1265,1520,0.1388
263,1254,1517,0.1388
265,1252,1517,0.1388
261,1265,1526,0.1388
257,1268,1525,0.1388
260,1268,1528,0.1388
261,1258,1519,0.1388
265,1254,1519,0.1388
261,1251,1512,0.1388
258,1251,1509,0.1388
258,1254,1512,0.1388
254,1262,1516,0.1388
256,1252,1508,0.1388
250,1248,1498,0.1388
249,1254,1503,0.1388
247,1248,1495,0.1388
253,1255,1508,0.1388
254,1254,1508,0.1388
252,1243,1495,0.1388
255,1251,1506,0.1388
249,1259,1508,0.1388
252,1258,1510,0.1388
253,1249,1502,0.1388
258,1268,1526,0.1388
260,1273,1533,0.1388
257,1269,1526,0.1388
253,1261,1514,0.1388
251,1266,1517,0.1388
251,1265,1516,0.1388
251,1259,1510,0.1388
251,1264,1515,0.1388
248,1267,1515,0.1388
243,1275,1518,0.1388
242,1266,1508,0.1388
241,1274,1515,0.1388
243,1275,1518,0.1388
239,1265,1504,0.1388
239,1268,1507,0.1388
242,1270,1512,0.1388
245,1265,1510,0.1388
247,1260,1507,0.1388
250,1268,1518,0.1388
253,1281,1534,0.1388
254,1288,1542,0.1388
251,1283,1534,0.1388
241,1277,1518,0.1388
241,1280,1521,0.1388
244,1287,1531,0.1388
236,1288,1524,0.1388
239,1281,1520,0.1388
244,1286,1530,0.1388
244,1275,1519,0.1388
239,1263,1502,0.1388
242,1265,1507,0.1388
236,1276,1512,0.1388
234,1279,1513,0.1388
233,1272,1505,0.1388
231,1271,1502,0.1388
231,1258,1489,0.1388
239,1257,1496,0.1388
241,1271,1512,0.1388
240,1272,1512,0.1388
245,1264,1509,0.1388
247,1265,1512,0.1388
250,1265,1515,0.1388
250,1254,1504,0.1388
254,1257,1511,0.1388
255,1254,1509,0.1388
251,1258,1509,0.1388
244,1264,1508,0.1388
243,1260,1503,0.1388
248,1247,1495,0.1388
253,1250,1503,0.1388
253,1260,1513,0.1388
257,1252,1509,0.1388
256,1262,1518,0.1388
254,1267,1521,0.1388
243,1270,1513,0.1388
244,1264,1508,0.1388
238,1266,1504,0.1388
232,1271,1503,0.1388
237,1274,1511,0.1388
238,1271,1509,0.1388
239,1268,1507,0.1388
239,1280,1519,0.1388
241,1279,1520,0.1388
242,1263,1505,0.1388
232,1285,1517,0.1388
237,1286,1523,0.1388
233,1284,1517,0.1388
233,1262,1495,0.1388
237,1268,1505,0.1388
235,1284,1519,0.1388
235,1279,1514,0.1388
233,1283,1516,0.1388
227,1282,1509,0.1388
230,1273,1503,0.1388
228,1277,1505,0.1388
228,1276,1504,0.1388
227,1289,1516,0.1388
225,1301,1526,0.1388
225,1289,1514,0.1388
226,1294,1520,0.1388
227,1294,1521,0.1388
224,1298,1522,0.1388
225,1286,1511,0.1388
224,1293,1517,0.1388
223,1291,1514,0.1388
223,1296,1519,0.1388
222,1305,1527,0.1388
226,1289,1515,0.1388
220,1289,1509,0.1388
222,1293,1515,0.1388
226,1293,1519,0.1388
224,1295,1519,0.1388
219,1293,1512,0.1388
213,1285,1498,0.1388
210,1300,1510,0.1388
209,1305,1514,0.1388
214,1281,1495,0.1388
215,1282,1497,0.1388
211,1294,1505,0.1388
215,1293,1508,0.1388
211,1302,1513,0.1388
209,1310,1519,0.1388
212,1299,1511,0.1388
210,1293,1503,0.1388
213,1306,1519,0.1388
208,1306,1514,0.1388
206,1310,1516,0.1388
206,1310,1516,0.1388
209,1300,1509,0.1388
205,1291,1496,0.1388
205,1296,1501,0.1388
198,1305,1503,0.1388
198,1291,1489,0.1388
204,1294,1498,0.1388
201,1302,1503,0.1388
202,1306,1508,0.1388
207,1300,1507,0.1388
209,1296,1505,0.1388
208,1294,1502,0.1388
205,1299,1504,0.1388
203,1302,1505,0.1388
200,1315,1515,0.1388
201,1332,1533,0.1388
201,1330,1531,0.1388
203,1323,1526,0.1388
199,1318,1517,0.1388
197,1317,1514,0.1388
194,1319,1513,0.1388
191,1313,1504,0.1388
191,1314,1505,0.1388
191,1324,1515,0.1388
193,1322,1515,0.1388
192,1323,1515,0.1388
194,1328,1522,0.1388
189,1330,1519,0.1388
189,1330,1519,0.1388
189,1331,1520,0.1388
190,1335,1525,0.1388
194,1322,1516,0.1388
192,1329,1521,0.1388
193,1341,1534,0.1388
191,1347,1538,0.1388
184,1332,1516,0.1388
187,1336,1523,0.1388
188,1342,1530,0.1388
191,1327,1518,0.1388
193,1330,1523,0.1388
189,1333,1522,0.1388
190,1323,1513,0.1388
192,1336,1528,0.1388
188,1322,1510,0.1388
192,1325,1517,0.1388
194,1322,1516,0.1388
196,1318,1514,0.1388
197,1302,1499,0.1388
198,1312,1510,0.1388
195,1317,1512,0.1388
198,1311,1509,0.1388
199,1306,1505,0.1388
201,1313,1514,0.1388
198,1309,1507,0.1388
193,1311,1504,0.1388
194,1319,1513,0.1388
194,1310,1504,0.1388
191,1315,1506,0.1388
195,1317,1512,0.1388
192,1323,1515,0.1388
189,1324,1513,0.1388
191,1329,1520,0.1388
191,1325,1516,0.1388
187,1323,1510,0.1388
188,1325,1513,0.1388
186,1328,1514,0.1388
187,1335,1522,0.1388
187,1327,1514,0.1388
187,1326,1513,0.1388
190,1324,1514,0.1388
189,1325,1514,0.1388
186,1312,1498,0.1388
185,1319,1504,0.1388
183,1324,1507,0.1388
182,1322,1504,0.1388
185,1309,1494,0.1388
184,1318,1502,0.1388
188,1317,1505,0.1388
187,1323,1510,0.1388
184,1332,1516,0.1388
181,1337,1518,0.1388
179,1337,1516,0.1388
177,1341,1518,0.1388
177,1351,1528,0.1388
174,1347,1521,0.1388
179,1333,1512,0.1388
178,1344,1522,0.1388
178,1351,1529,0.1388
177,1346,1523,0.1388
178,1347,1525,0.1388
173,1343,1516,0.1388
170,1344,1514,0.1388
178,1338,1516,0.1388
179,1344,1523,0.1388
180,1335,1515,0.1388
177,1344,1521,0.1388
174,1337,1511,0.1388
176,1323,1499,0.1388
174,1329,1503,0.1388
171,1325,1496,0.1388
170,1329,1499,0.1388
176,1335,1511,0.1388
177,1341,1518,0.1388
176,1338,1514,0.1388
175,1335,1510,0.1388
176,1338,1514,0.1388
175,1337,1512,0.1388
175,1337,1512,0.1388
175,1341,1516,0.1388
176,1343,1519,0.1388
175,1339,1514,0.1388
179,1337,1516,0.1388
180,1345,1525,0.1388
173,1352,1525,0.1388
173,1351,1524,0.1388
176,1348,1524,0.1388
175,1340,1515,0.1388
174,1346,1520,0.1388
175,1339,1514,0.1388
173,1334,1507,0.1388
172,1335,1507,0.1388
169,1347,1516,0.1388
167,1342,1509,0.1388
166,1345,1511,0.1388
162,1345,1507,0.1388
165,1336,1501,0.1388
152,1343,1495,0.1388
152,1347,1499,0.1388
158,1362,1520,0.1388
160,1366,1526,0.1388
165,1365,1530,0.1388
164,1367,1531,0.1388
165,1368,1533,0.1388
161,1361,1522,0.1388
158,1361,1519,0.1388
160,1365,1525,0.1388
163,1365,1528,0.1388
163,1359,1522,0.1388
165,1358,1523,0.1388
167,1350,1517,0.1388
166,1341,1507,0.1388
163,1359,1522,0.1388
165,1355,1520,0.1388
167,1358,1525,0.1388
165,1355,1520,0.1388
167,1344,1511,0.1388
169,1341,1510,0.1388
167,1341,1508,0.1388
173,1346,1519,0.1388
171,1353,1524,0.1388
173,1358,1531,0.1388
169,1345,1514,0.1388
167,1338,1505,0.1388
166,1335,1501,0.1388
171,1355,1526,0.1388
175,1356,1531,0.1388
170,1362,1532,0.1388
168,1360,1528,0.1388
171,1344,1515,0.1388
169,1356,1525,0.1388
168,1353,1521,0.1388
170,1345,1515,0.1388
170,1344,1514,0.1388
169,1350,1519,0.1388
167,1347,1514,0.1388
162,1347,1509,0.1388
163,1338,1501,0.1388
163,1342,1505,0.1388
165,1339,1504,0.1388
162,1340,1502,0.1388
162,1332,1494,0.1388
165,1340,1505,0.1388
167,1346,1513,0.1388
168,1343,1511,0.1388
167,1338,1505,0.1388
166,1334,1500,0.1388
163,1338,1501,0.1388
159,1328,1487,0.1388
164,1325,1489,0.1388
165,1330,1495,0.1388
167,1339,1506,0.1388
164,1334,1498,0.1388
160,1341,1501,0.1388
157,1335,1492,0.1388
162,1341,1503,0.1388
158,1345,1503,0.1388
156,1352,1508,0.1388
162,1363,1525,0.1388
163,1357,1520,0.1388
160,1353,1513,0.1388
158,1356,1514,0.1388
157,1365,1522,0.1388
157,1362,1519,0.1388
157,1361,1518,0.1388
157,1358,1515,0.1388
155,1349,1504,0.1388
154,1351,1505,0.1388
153,1352,1505,0.1388
153,1355,1508,0.1388
152,1362,1514,0.1388
149,1359,1508,0.1388
150,1361,1511,0.1388
150,1372,1522,0.1388
149,1372,1521,0.1388
151,1367,1518,0.1388
144,1373,1517,0.1388
146,1369,1515,0.1388
140,1371,1511,0.1388
141,1370,1511,0.1388
138,1373,1511,0.1388
140,1365,1505,0.1388
140,1369,1509,0.1388
143,1367,1510,0.1388
147,1361,1508,0.1388
143,1364,1507,0.1388
146,1369,1515,0.1388
144,1364,1508,0.1388
151,1363,1514,0.1388
144,1364,1508,0.1388
144,1367,1511,0.1388
143,1366,1509,0.1388
142,1369,1511,0.1388
144,1359,1503,0.1388
142,1358,1500,0.1388
149,1366,1515,0.1388
147,1352,1499,0.1388
145,1357,1502,0.1388
145,1355,1500,0.1388
146,1365,1511,0.1388
148,1365,1513,0.1388
144,1369,1513,0.1388
149,1359,1508,0.1388
144,1355,1499,0.1388
149,1354,1503,0.1388
155,1357,1512,0.1388
153,1365,1518,0.1388
155,1353,1508,0.1388
155,1367,1522,0.1388
153,1370,1523,0.1388
155,1373,1528,0.1388
152,1378,1530,0.1388
150,1375,1525,0.1388
154,1369,1523,0.1388
153,1366,1519,0.1388
149,1373,1522,0.1388
145,1373,1518,0.1388
142,1369,1511,0.1388
146,1369,1515,0.1388
146,1372,1518,0.1388
148,1362,1510,0.1388
149,1366,1515,0.1388
148,1372,1520,0.1388
146,1371,1517,0.1388
147,1358,1505,0.1388
146,1364,1510,0.1388
147,1372,1519,0.1388
149,1376,1525,0.1388
143,1373,1516,0.1388
142,1384,1526,0.1388
143,1394,1537,0.1388
144,1377,1521,0.1388
141,1361,1502,0.1388
140,1366,1506,0.1388
141,1374,1515,0.1388
145,1364,1509,0.1388
147,1356,1503,0.1388
148,1365,1513,0.1388
150,1377,1527,0.1388
147,1369,1516,0.1388
147,1366,1513,0.1388
144,1365,1509,0.1388
144,1366,1510,0.1388
140,1366,1506,0.1388
138,1366,1504,0.1388
138,1370,1508,0.1388
138,1370,1508,0.1388
138,1374,1512,0.1388
140,1378,1518,0.1388
141,1369,1510,0.1388
139,1362,1501,0.1388
140,1383,1523,0.1388
141,1389,1530,0.1388
142,1382,1524,0.1388
143,1375,1518,0.1388
141,1386,1527,0.1388
142,1378,1520,0.1388
143,1377,1520,0.1388
146,1390,1536,0.1388
140,1390,1530,0.1388
145,1387,1532,0.1388
145,1374,1519,0.1388
151,1380,1531,0.1388
149,1374,1523,0.1388
149,1375,1524,0.1388
148,1369,1517,0.1388
146,1376,1522,0.1388
147,1379,1526,0.1388
146,1371,1517,0.1388
143,1362,1505,0.1388
143,1356,1499,0.1388
145,1364,1509,0.1388
143,1364,1507,0.1388
145,1367,1512,0.1388
147,1361,1508,0.1388
147,1366,1513,0.1388
147,1377,1524,0.1388
149,1362,1511,0.1388
146,1355,1501,0.1388
148,1344,1492,0.1388
149,1355,1504,0.1388
147,1349,1496,0.1388
149,1361,1510,0.1388
144,1366,1510,0.1388
147,1367,1514,0.1388
145,1378,1523,0.1388
141,1384,1525,0.1388
138,1386,1524,0.1388
140,1379,1519,0.1388
140,1375,1515,0.1388
139,1384,1523,0.1388
140,1391,1531,0.1388
140,1389,1529,0.1388
138,1380,1518,0.1388
136,1380,1516,0.1388
140,1386,1526,0.1388
140,1376,1516,0.1388
138,1377,1515,0.1388
141,1371,1512,0.1388
141,1369,1510,0.1388
142,1362,1504,0.1388
139,1376,1515,0.1388
138,1367,1505,0.1388
139,1381,1520,0.1388
136,1385,1521,0.1388
137,1384,1521,0.1388
137,1388,1525,0.1388
139,1386,1525,0.1388
140,1363,1503,0.1388
138,1366,1504,0.1388
135,1375,1510,0.1388
128,1383,1511,0.1388
134,1379,1513,0.1388
132,1381,1513,0.1388
131,1380,1511,0.1388
138,1392,1530,0.1388
138,1381,1519,0.1388
138,1376,1514,0.1388
136,1377,1513,0.1388
134,1371,1505,0.1388
133,1362,1495,0.1388
132,1385,1517,0.1388
131,1381,1512,0.1388
135,1377,1512,0.1388
137,1388,1525,0.1388
136,1396,1532,0.1388
126,1392,1518,0.1388
128,1398,1526,0.1388
124,1392,1516,0.1388
120,1404,1524,0.1388
124,1403,1527,0.1388
118,1406,1524,0.1388
119,1406,1525,0.1388
119,1390,1509,0.1388
119,1393,1512,0.1388
121,1388,1509,0.1388
122,1394,1516,0.1388
121,1396,1517,0.1388
120,1387,1507,0.1388
118,1386,1504,0.1388
118,1389,1507,0.1388
118,1386,1504,0.1388
120,1400,1520,0.1388
114,1404,1518,0.1388
117,1414,1531,0.1388
115,1414,1529,0.1388
112,1410,1522,0.1388
110,1404,1514,0.1388
110,1397,1507,0.1388
111,1394,1505,0.1388
109,1397,1506,0.1388
111,1408,1519,0.1388
114,1414,1528,0.1388
118,1412,1530,0.1388
119,1401,1520,0.1388
120,1403,1523,0.1388
116,1385,1501,0.1388
114,1376,1490,0.1388
115,1399,1514,0.1388
115,1404,1519,0.1388
116,1411,1527,0.1388
113,1413,1526,0.1388
112,1398,1510,0.1388
111,1401,1512,0.1388
114,1400,1514,0.1388
113,1401,1514,0.1388
115,1411,1526,0.1388
115,1410,1525,0.1388
114,1389,1503,0.1388
114,1400,1514,0.1388
119,1377,1496,0.1388
120,1383,1503,0.1388
118,1386,1504,0.1388
119,1387,1506,0.1388
119,1378,1497,0.1388
118,1362,1480,0.1388
119,1374,1493,0.1388
121,1382,1503,0.1388
120,1382,1502,0.1388
123,1380,1503,0.1388
122,1373,1495,0.1388
122,1382,1504,0.1388
118,1388,1506,0.1388
115,1397,1512,0.1388
117,1389,1506,0.1388
118,1393,1511,0.1388
120,1385,1505,0.1388
121,1387,1508,0.1388
118,1380,1498,0.1388
115,1379,1494,0.1388
112,1372,1484,0.1388
114,1395,1509,0.1388
116,1402,1518,0.1388
120,1402,1522,0.1388
113,1397,1510,0.1388
112,1406,1518,0.1388
109,1415,1524,0.1388
111,1407,1518,0.1388
113,1413,1526,0.1388
111,1429,1540,0.1388
111,1421,1532,0.1388
113,1410,1523,0.1388
112,1415,1527,0.1388
116,1414,1530,0.1388
119,1411,1530,0.1388
116,1412,1528,0.1388
115,1398,1513,0.1388
113,1400,1513,0.1388
114,1399,1513,0.1388
116,1405,1521,0.1388
115,1404,1519,0.1388
115,1405,1520,0.1388
112,1401,1513,0.1388
112,1398,1510,0.1388
111,1391,1502,0.1388
110,1388,1498,0.1388
112,1390,1502,0.1388
112,1402,1514,0.1388
110,1396,1506,0.1388
115,1388,1503,0.1388
116,1387,1503,0.1388
114,1406,1520,0.1388
114,1402,1516,0.1388
114,1393,1507,0.1388
115,1391,1506,0.1388
113,1396,1509,0.1388
113,1389,1502,0.1388
113,1393,1506,0.1388
113,1392,1505,0.1388
111,1388,1499,0.1388
114,1391,1505,0.1388
116,1405,1521,0.1388
119,1405,1524,0.1388
118,1389,1507,0.1388
116,1389,1505,0.1388
113,1399,1512,0.1388
110,1412,1522,0.1388
109,1418,1527,0.1388
109,1405,1514,0.1388
112,1406,1518,0.1388
106,1408,1514,0.1388
106,1418,1524,0.1388
108,1424,1532,0.1388
104,1414,1518,0.1388
105,1420,1525,0.1388
103,1410,1513,0.1388
103,1409,1512,0.1388
107,1414,1521,0.1388
107,1415,1522,0.1388
107,1417,1524,0.1388
109,1415,1524,0.1388
108,1411,1519,0.1388
110,1407,1517,0.1388
108,1414,1522,0.1388
111,1408,1519,0.1388
110,1398,1508,0.1388
110,1408,1518,0.1388
111,1391,1502,0.1388
113,1395,1508,0.1388
114,1396,1510,0.1388
111,1404,1515,0.1388
110,1422,1532,0.1388
111,1412,1523,0.1388
109,1404,1513,0.1388
111,1409,1520,0.1388
113,1416,1529,0.1388
113,1414,1527,0.1388
110,1409,1519,0.1388
109,1401,1510,0.1388
108,1403,1511,0.1388
109,1401,1510,0.1388
107,1384,1491,0.1388
108,1399,1507,0.1388
106,1408,1514,0.1388
104,1411,1515,0.1388
100,1409,1509,0.1388
99,1421,1520,0.1388
103,1414,1517,0.1388
105,1410,1515,0.1388
105,1394,1499,0.1388
104,1396,1500,0.1388
103,1400,1503,0.1388
104,1399,1503,0.1388
105,1402,1507,0.1388
106,1408,1514,0.1388
107,1410,1517,0.1388
111,1404,1515,0.1388
111,1401,1512,0.1388
107,1411,1518,0.1388
106,1403,1509,0.1388
104,1413,1517,0.1388
100,1405,1505,0.1388
101,1419,1520,0.1388
101,1420,1521,0.1388
101,1414,1515,0.1388
102,1414,1516,0.1388
102,1420,1522,0.1388
102,1412,1514,0.1388
102,1416,1518,0.1388
101,1421,1522,0.1388
99,1425,1524,0.1388
99,1419,1518,0.1388
96,1421,1517,0.1388
97,1423,1520,0.1388
97,1430,1527,0.1388
95,1442,1537,0.1388
91,1431,1522,0.1388
92,1426,1518,0.1388
93,1425,1518,0.1388
92,1428,1520,0.1388
94,1431,1525,0.1388
90,1434,1524,0.1388
91,1435,1526,0.1388
91,1440,1531,0.1388
92,1446,1538,0.1388
92,1432,1524,0.1388
93,1423,1516,0.1388
93,1434,1527,0.1388
92,1438,1530,0.1388
90,1425,1515,0.1388
93,1416,1509,0.1388
92,1418,1510,0.1388
93,1416,1509,0.1388
90,1406,1496,0.1388
91,1415,1506,0.1388
91,1425,1516,0.1388
92,1427,1519,0.1388
93,1428,1521,0.1388
94,1427,1521,0.1388
94,1424,1518,0.1388
92,1440,1532,0.1388
93,1435,1528,0.1388
92,1422,1514,0.1388
91,1433,1524,0.1388
91,1426,1517,0.1388
95,1428,1523,0.1388
96,1424,1520,0.1388
97,1428,1525,0.1388
95,1419,1514,0.1388
97,1411,1508,0.1388
95,1411,1506,0.1388
97,1426,1523,0.1388
97,1423,1520,0.1388
94,1414,1508,0.1388
97,1429,1526,0.1388
97,1411,1508,0.1388
99,1418,1517,0.1388
97,1421,1518,0.1388
97,1424,1521,0.1388
99,1429,1528,0.1388
98,1432,1530,0.1388
96,1436,1532,0.1388
97,1441,1538,0.1388
97,1432,1529,0.1388
98,1423,1521,0.1388
97,1431,1528,0.1388
95,1433,1528,0.1388
91,1431,1522,0.1388
87,1434,1521,0.1388
88,1434,1522,0.1388
87,1426,1513,0.1388
85,1419,1504,0.1388
87,1435,1522,0.1388
89,1423,1512,0.1388
89,1424,1513,0.1388
88,1432,1520,0.1388
90,1427,1517,0.1388
90,1428,1518,0.1388
92,1411,1503,0.1388
89,1426,1515,0.1388
88,1432,1520,0.1388
89,1428,1517,0.1388
89,1427,1516,0.1388
89,1421,1510,0.1388
90,1424,1514,0.1388
89,1438,1527,0.1388
89,1429,1518,0.1388
89,1439,1528,0.1388
90,1427,1517,0.1388
90,1441,1531,0.1388
92,1421,1513,0.1388
90,1419,1509,0.1388
89,1421,1510,0.1388
88,1427,1515,0.1388
93,1426,1519,0.1388
90,1422,1512,0.1388
91,1427,1518,0.1388
93,1420,1513,0.1388
93,1426,1519,0.1388
91,1421,1512,0.1388
85,1427,1512,0.1388
86,1421,1507,0.1388
86,1435,1521,0.1388
87,1425,1512,0.1388
90,1434,1524,0.1388
94,1430,1524,0.1388
93,1422,1515,0.1388
92,1423,1515,0.1388
89,1427,1516,0.1388
92,1421,1513,0.1388
88,1415,1503,0.1388
88,1438,1526,0.1388
93,1427,1520,0.1388
94,1416,1510,0.1388
96,1418,1514,0.1388
98,1425,1523,0.1388
98,1426,1524,0.1388
98,1415,1513,0.1388
96,1407,1503,0.1388
100,1409,1509,0.1388
95,1407,1502,0.1388
94,1412,1506,0.1388
95,1421,1516,0.1388
95,1417,1512,0.1388
94,1418,1512,0.1388
94,1425,1519,0.1388
91,1419,1510,0.1388
91,1426,1517,0.1388
91,1421,1512,0.1388
91,1414,1505,0.1388
91,1408,1499,0.1388
88,1421,1509,0.1388
85,1431,1516,0.1388
87,1426,1513,0.1388
84,1433,1517,0.1388
82,1429,1511,0.1388
83,1416,1499,0.1388
85,1415,1500,0.1388
85,1429,1514,0.1388
87,1438,1525,0.1388
87,1431,1518,0.1388
85,1435,1520,0.1388
82,1449,1531,0.1388
81,1437,1518,0.1388
78,1443,1521,0.1388
78,1440,1518,0.1388
81,1449,1530,0.1388
83,1442,1525,0.1388
86,1432,1518,0.1388
83,1442,1525,0.1388
85,1444,1529,0.1388
85,1441,1526,0.1388
83,1430,1513,0.1388
82,1436,1518,0.1388
84,1443,1527,0.1388
85,1434,1519,0.1388
84,1437,1521,0.1388
83,1438,1521,0.1388
79,1438,1517,0.1388
82,1434,1516,0.1388
85,1432,1517,0.1388
86,1444,1530,0.1388
83,1440,1523,0.1388
85,1436,1521,0.1388
80,1435,1515,0.1388
83,1421,1504,0.1388
85,1426,1511,0.1388
84,1431,1515,0.1388
85,1440,1525,0.1388
85,1447,1532,0.1388
87,1435,1522,0.1388
86,1434,1520,0.1388
85,1434,1519,0.1388
83,1432,1515,0.1388
82,1425,1507,0.1388
83,1417,1500,0.1388
81,1422,1503,0.1388
79,1433,1512,0.1388
78,1439,1517,0.1388
79,1441,1520,0.1388
78,1439,1517,0.1388
74,1438,1512,0.1388
72,1449,1521,0.1388
71,1461,1532,0.1388
70,1454,1524,0.1388
66,1464,1530,0.1388
65,1477,1542,0.1388
65,1465,1530,0.1388
69,1466,1535,0.1388
70,1450,1520,0.1388
69,1451,1520,0.1388
66,1452,1518,0.1388
65,1444,1509,0.1388
66,1456,1522,0.1388
68,1442,1510,0.1388
68,1435,1503,0.1388
68,1440,1508,0.1388
67,1447,1514,0.1388
65,1447,1512,0.1388
66,1441,1507,0.1388
69,1451,1520,0.1388
71,1453,1524,0.1388
73,1445,1518,0.1388
72,1443,1515,0.1388
69,1441,1510,0.1388
70,1440,1510,0.1388
70,1449,1519,0.1388
70,1441,1511,0.1388
65,1435,1500,0.1388
70,1448,1518,0.1388
68,1447,1515,0.1388
67,1445,1512,0.1388
67,1447,1514,0.1388
68,1458,1526,0.1388
69,1455,1524,0.1388
68,1459,1527,0.1388
67,1462,1529,0.1388
67,1462,1529,0.1388
67,1451,1518,0.1388
70,1453,1523,0.1388
70,1459,1529,0.1388
68,1461,1529,0.1388
71,1468,1539,0.1388
73,1458,1531,0.1388
73,1463,1536,0.1388
73,1457,1530,0.1388
73,1464,1537,0.1388
69,1473,1542,0.1388
68,1466,1534,0.1388
68,1466,1534,0.1388
67,1460,1527,0.1388
67,1466,1533,0.1388
67,1460,1527,0.1388
68,1463,1531,0.1388
66,1455,1521,0.1388
68,1443,1511,0.1388
67,1454,1521,0.1388
67,1445,1512,0.1388
68,1438,1506,0.1388
69,1432,1501,0.1388
71,1439,1510,0.1388
69,1444,1513,0.1388
68,1452,1520,0.1388
69,1454,1523,0.1388
69,1448,1517,0.1388
68,1448,1516,0.1388
68,1444,1512,0.1388
70,1462,1532,0.1388
70,1466,1536,0.1388
69,1439,1508,0.1388
70,1433,1503,0.1388
70,1437,1507,0.1388
70,1442,1512,0.1388
70,1444,1514,0.1388
69,1435,1504,0.1388
68,1434,1502,0.1388
70,1435,1505,0.1388
71,1445,1516,0.1388
74,1451,1525,0.1388
75,1456,1531,0.1388
73,1444,1517,0.1388
73,1448,1521,0.1388
70,1448,1518,0.1388
69,1452,1521,0.1388
67,1456,1523,0.1388
68,1446,1514,0.1388
66,1454,1520,0.1388
67,1468,1535,0.1388
68,1458,1526,0.1388
68,1459,1527,0.1388
65,1453,1518,0.1388
66,1458,1524,0.1388
62,1454,1516,0.1388
65,1451,1516,0.1388
67,1437,1504,0.1388
66,1442,1508,0.1388
68,1442,1510,0.1388
66,1434,1500,0.1388
66,1438,1504,0.1388
63,1432,1495,0.1388
64,1437,1501,0.1388
60,1431,1491,0.1388
60,1442,1502,0.1388
61,1452,1513,0.1388
63,1469,1532,0.1388
59,1459,1518,0.1388
61,1462,1523,0.1388
61,1457,1518,0.1388
61,1459,1520,0.1388
58,1446,1504,0.1388
58,1459,1517,0.1388
60,1448,1508,0.1388
62,1451,1513,0.1388
61,1463,1524,0.1388
60,1464,1524,0.1388
61,1455,1516,0.1388
60,1457,1517,0.1388
60,1455,1515,0.1388
60,1460,1520,0.1388
60,1461,1521,0.1388
59,1467,1526,0.1388
58,1450,1508,0.1388
60,1441,1501,0.1388
61,1451,1512,0.1388
60,1447,1507,0.1388
61,1456,1517,0.1388
60,1454,1514,0.1388
61,1455,1516,0.1388
60,1454,1514,0.1388
59,1452,1511,0.1388
58,1450,1508,0.1388
56,1454,1510,0.1388
57,1458,1515,0.1388
59,1465,1524,0.1388
59,1462,1521,0.1388
57,1465,1522,0.1388
55,1458,1513,0.1388
56,1453,1509,0.1388
56,1468,1524,0.1388
55,1469,1524,0.1388
51,1455,1506,0.1388
51,1465,1516,0.1388
51,1464,1515,0.1388
50,1467,1517,0.1388
50,1451,1501,0.1388
52,1455,1507,0.1388
54,1463,1517,0.1388
53,1475,1528,0.1388
54,1474,1528,0.1388
53,1475,1528,0.1388
52,1474,1526,0.1388
52,1471,1523,0.1388
54,1456,1510,0.1388
54,1458,1512,0.1388
53,1460,1513,0.1388
54,1459,1513,0.1388
54,1465,1519,0.1388
54,1465,1519,0.1388
56,1472,1528,0.1388
55,1457,1512,0.1388
56,1469,1525,0.1388
56,1470,1526,0.1388
57,1464,1521,0.1388
59,1463,1522,0.1388
57,1461,1518,0.1388
56,1461,1517,0.1388
55,1460,1515,0.1388
55,1464,1519,0.1388
54,1457,1511,0.1388
54,1450,1504,0.1388
55,1454,1509,0.1388
53,1467,1520,0.1388
52,1477,1529,0.1388
51,1469,1520,0.1388
48,1475,1523,0.1388
46,1467,1513,0.1388
48,1462,1510,0.1388
48,1465,1513,0.1388
48,1455,1503,0.1388
49,1445,1494,0.1388
47,1453,1500,0.1388
47,1454,1501,0.1388
47,1460,1507,0.1388
49,1469,1518,0.1388
48,1484,1532,0.1388
47,1471,1518,0.1388
43,1470,1513,0.1388
44,1465,1509,0.1388
44,1473,1517,0.1388
43,1480,1523,0.1388
44,1475,1519,0.1388
44,1482,1526,0.1388
41,1485,1526,0.1388
41,1490,1531,0.1388
42,1479,1521,0.1388
41,1473,1514,0.1388
41,1470,1511,0.1388
41,1477,1518,0.1388
42,1479,1521,0.1388
42,1478,1520,0.1388
42,1478,1520,0.1388
44,1479,1523,0.1388
44,1470,1514,0.1388
45,1469,1514,0.1388
44,1475,1519,0.1388
42,1482,1524,0.1388
42,1471,1513,0.1388
42,1470,1512,0.1388
43,1474,1517,0.1388
43,1474,1517,0.1388
43,1462,1505,0.1388
44,1470,1514,0.1388
43,1482,1525,0.1388
42,1477,1519,0.1388
42,1474,1516,0.1388
41,1477,1518,0.1388
41,1472,1513,0.1388
42,1483,1525,0.1388
41,1483,1524,0.1388
41,1491,1532,0.1388
42,1491,1533,0.1388
42,1471,1513,0.1388
42,1462,1504,0.1388
41,1469,1510,0.1388
40,1474,1514,0.1388
41,1476,1517,0.1388
39,1477,1516,0.1388
40,1475,1515,0.1388
41,1476,1517,0.1388
40,1470,1510,0.1388
41,1463,1504,0.1388
41,1454,1495,0.1388
38,1462,1500,0.1388
39,1477,1516,0.1388
39,1493,1532,0.1388
38,1490,1528,0.1388
38,1475,1513,0.1388
41,1485,1526,0.1388
38,1480,1518,0.1388
37,1479,1516,0.1388
35,1475,1510,0.1388
36,1472,1508,0.1388
34,1472,1506,0.1388
34,1475,1509,0.1388
35,1468,1503,0.1388
34,1480,1514,0.1388
33,1486,1519,0.1388
33,1488,1521,0.1388
33,1483,1516,0.1388
33,1486,1519,0.1388
33,1485,1518,0.1388
33,1484,1517,0.1388
33,1484,1517,0.1388
33,1492,1525,0.1388
34,1494,1528,0.1388
36,1479,1515,0.1388
37,1470,1507,0.1388
36,1469,1505,0.1388
36,1476,1512,0.1388
40,1473,1513,0.1388
40,1476,1516,0.1388
39,1476,1515,0.1388
41,1473,1514,0.1388
40,1487,1527,0.1388
39,1487,1526,0.1388
39,1495,1534,0.1388
39,1486,1525,0.1388
38,1492,1530,0.1388
38,1494,1532,0.1388
37,1498,1535,0.1388
37,1481,1518,0.1388
37,1484,1521,0.1388
36,1494,1530,0.1388
34,1490,1524,0.1388
33,1496,1529,0.1388
33,1486,1519,0.1388
33,1492,1525,0.1388
32,1477,1509,0.1388
31,1478,1509,0.1388
33,1469,1502,0.1388
33,1480,1513,0.1388
35,1488,1523,0.1388
36,1495,1531,0.1388
36,1495,1531,0.1388
36,1482,1518,0.1388
36,1479,1515,0.1388
36,1481,1517,0.1388
38,1477,1515,0.1388
39,1479,1518,0.1388
38,1478,1516,0.1388
39,1475,1514,0.1388
39,1477,1516,0.1388
37,1475,1512,0.1388
40,1475,1515,0.1388
41,1470,1511,0.1388
39,1464,1503,0.1388
38,1463,1501,0.1388
39,1466,1505,0.1388
39,1468,1507,0.1388
40,1463,1503,0.1388
38,1470,1508,0.1388
38,1486,1524,0.1388
38,1486,1524,0.1388
38,1487,1525,0.1388
37,1476,1513,0.1388
37,1476,1513,0.1388
37,1472,1509,0.1388
35,1483,1518,0.1388
35,1492,1527,0.1388
34,1489,1523,0.1388
32,1481,1513,0.1388
33,1476,1509,0.1388
34,1478,1512,0.1388
33,1488,1521,0.1388
34,1497,1531,0.1388
35,1493,1528,0.1388
34,1493,1527,0.1388
34,1502,1536,0.1388
33,1498,1531,0.1388
33,1490,1523,0.1388
32,1487,1519,0.1388
31,1487,1518,0.1388
32,1482,1514,0.1388
30,1493,1523,0.1388
30,1494,1524,0.1388
29,1505,1534,0.1388
28,1489,1517,0.1388
31,1488,1519,0.1388
31,1490,1521,0.1388
30,1499,1529,0.1388
30,1494,1524,0.1388
30,1474,1504,0.1388
30,1476,1506,0.1388
27,1473,1500,0.1388
28,1476,1504,0.1388
25,1482,1507,0.1388
27,1478,1505,0.1388
26,1483,1509,0.1388
26,1484,1510,0.1388
27,1482,1509,0.1388
28,1489,1517,0.1388
31,1495,1526,0.1388
30,1497,1527,0.1388
30,1491,1521,0.1388
30,1483,1513,0.1388
30,1490,1520,0.1388
30,1494,1524,0.1388
28,1500,1528,0.1388
29,1498,1527,0.1388
29,1486,1515,0.1388
29,1476,1505,0.1388
28,1479,1507,0.1388
30,1483,1513,0.1388
29,1477,1506,0.1388
31,1494,1525,0.1388
32,1471,1503,0.1388
34,1467,1501,0.1388
33,1485,1518,0.1388
33,1484,1517,0.1388
33,1492,1525,0.1388
34,1484,1518,0.1388
33,1468,1501,0.1388
34,1476,1510,0.1388
33,1476,1509,0.1388
33,1489,1522,0.1388
33,1486,1519,0.1388
33,1483,1516,0.1388
33,1496,1529,0.1388
32,1494,1526,0.1388
30,1482,1512,0.1388
31,1478,1509,0.1388
32,1475,1507,0.1388
32,1473,1505,0.1388
32,1478,1510,0.1388
31,1477,1508,0.1388
31,1476,1507,0.1388
28,1482,1510,0.1388
29,1490,1519,0.1388
28,1484,1512,0.1388
30,1490,1520,0.1388
30,1491,1521,0.1388
31,1485,1516,0.1388
30,1481,1511,0.1388
29,1496,1525,0.1388
30,1504,1534,0.1388
29,1499,1528,0.1388
29,1488,1517,0.1388
29,1487,1516,0.1388
29,1484,1513,0.1388
29,1491,1520,0.1388
29,1477,1506,0.1388
29,1475,1504,0.1388
28,1479,1507,0.1388
29,1475,1504,0.1388
27,1477,1504,0.1388
29,1481,1510,0.1388
30,1483,1513,0.1388
28,1481,1509,0.1388
28,1480,1508,0.1388
28,1491,1519,0.1388
28,1483,1511,0.1388
29,1489,1518,0.1388
29,1485,1514,0.1388
28,1488,1516,0.1388
24,1503,1527,0.1388
25,1491,1516,0.1388
26,1505,1531,0.1388
25,1501,1526,0.1388
26,1497,1523,0.1388
26,1491,1517,0.1388
25,1485,1510,0.1388
24,1489,1513,0.1388
23,1484,1507,0.1388
24,1496,1520,0.1388
23,1501,1524,0.1388
23,1497,1520,0.1388
25,1490,1515,0.1388
25,1481,1506,0.1388
27,1482,1509,0.1388
25,1487,1512,0.1388
23,1495,1518,0.1388
24,1491,1515,0.1388
23,1504,1527,0.1388
25,1488,1513,0.1388
23,1503,1526,0.1388
21,1498,1519,0.1388
21,1503,1524,0.1388
22,1484,1506,0.1388
22,1489,1511,0.1388
22,1494,1516,0.1388
22,1508,1530,0.1388
20,1506,1526,0.1388
19,1505,1524,0.1388
19,1515,1534,0.1388
18,1501,1519,0.1388
18,1505,1523,0.1388
19,1491,1510,0.1388
20,1505,1525,0.1388
20,1508,1528,0.1388
18,1511,1529,0.1388
18,1508,1526,0.1388
19,1505,1524,0.1388
17,1508,1525,0.1388
17,1506,1523,0.1388
18,1507,1525,0.1388
18,1499,1517,0.1388
18,1497,1515,0.1388
17,1498,1515,0.1388
15,1496,1511,0.1388
15,1496,1511,0.1388
16,1495,1511,0.1388
14,1500,1514,0.1388
13,1505,1518,0.1388
14,1511,1525,0.1388
13,1502,1515,0.1388
13,1511,1524,0.1388
12,1503,1515,0.1388
12,1512,1524,0.1388
12,1507,1519,0.1388
12,1494,1506,0.1388
11,1495,1506,0.1388
11,1494,1505,0.1388
11,1495,1506,0.1388
12,1511,1523,0.1388
12,1506,1518,0.1388
12,1502,1514,0.1388
12,1506,1518,0.1388
12,1507,1519,0.1388
12,1503,1515,0.1388
12,1497,1509,0.1388
10,1506,1516,0.1388
10,1518,1528,0.1388
10,1512,1522,0.1388
9,1506,1515,0.1388
10,1497,1507,0.1388
10,1508,1518,0.1388
10,1511,1521,0.1388
10,1514,1524,0.1388
10,1517,1527,0.1388
10,1513,1523,0.1388
10,1515,1525,0.1388
10,1520,1530,0.1388
10,1518,1528,0.1388
10,1510,1520,0.1388
9,1508,1517,0.1388
9,1511,1520,0.1388
8,1504,1512,0.1388
7,1498,1505,0.1388
7,1508,1515,0.1388
7,1499,1506,0.1388
7,1502,1509,0.1388
7,1502,1509,0.1388
8,1530,1538,0.1388
8,1538,1546,0.1388
7,1522,1529,0.1388
7,1512,1519,0.1388
7,1513,1520,0.1388
7,1506,1513,0.1388
7,1508,1515,0.1388
7,1516,1523,0.1388
7,1516,1523,0.1388
7,1499,1506,0.1388
6,1510,1516,0.1388
6,1504,1510,0.1388
6,1498,1504,0.1388
6,1499,1505,0.1388
6,1513,1519,0.1388
6,1507,1513,0.1388
6,1516,1522,0.1388
6,1510,1516,0.1388
6,1504,1510,0.1388
6,1496,1502,0.1388
6,1492,1498,0.1388
6,1495,1501,0.1388
7,1506,1513,0.1388
7,1505,1512,0.1388
7,1497,1504,0.1388
6,1511,1517,0.1388
6,1502,1508,0.1388
6,1506,1512,0.1388
6,1516,1522,0.1388
6,1508,1514,0.1388
5,1514,1519,0.1388
5,1520,1525,0.1388
6,1517,1523,0.1388
6,1508,1514,0.1388
6,1506,1512,0.1388
6,1519,1525,0.1388
6,1504,1510,0.1388
6,1511,1517,0.1388
6,1508,1514,0.1388
6,1506,1512,0.1388
6,1510,1516,0.1388
6,1523,1529,0.1388
6,1509,1515,0.1388
6,1500,1506,0.1388
5,1503,1508,0.1388
5,1504,1509,0.1388
5,1508,1513,0.1388
5,1501,1506,0.1388
5,1486,1491,0.1388
5,1501,1506,0.1388
5,1504,1509,0.1388
5,1514,1519,0.1388
5,1507,1512,0.1388
5,1525,1530,0.1388
5,1517,1522,0.1388
6,1506,1512,0.1388
9,1499,1508,0.1388
9,1499,1508,0.1388
9,1508,1517,0.1388
8,1495,1503,0.1388
8,1495,1503,0.1388
8,1489,1497,0.1388
7,1475,1482,0.1388
7,1499,1506,0.1388
7,1509,1516,0.1388
6,1504,1510,0.1388
5,1507,1512,0.1388
5,1507,1512,0.1388
5,1507,1512,0.1388
3,1503,1506,0.1388
3,1503,1506,0.1388
3,1489,1492,0.1388
4,1492,1496,0.1388
4,1475,1479,0.1388
3,1501,1504,0.1388
3,1501,1504,0.1388
3,1502,1505,0.1388
3,1505,1508,0.1388
4,1510,1514,0.1388
4,1495,1499,0.1388
4,1510,1514,0.1388
4,1509,1513,0.1388
4,1514,1518,0.1388
4,1517,1521,0.1388
4,1509,1513,0.1388
4,1506,1510,0.1388
4,1501,1505,0.1388
4,1520,1524,0.1388
4,1519,1523,0.1388
3,1520,1523,0.1388
3,1512,1515,0.1388
3,1518,1521,0.1388
4,1517,1521,0.1388
4,1520,1524,0.1388
4,1517,1521,0.1388
4,1513,1517,0.1388
4,1497,1501,0.1388
4,1503,1507,0.1388
4,1520,1524,0.1388
4,1518,1522,0.1388
4,1507,1511,0.1388
4,1527,1531,0.1388
4,1522,1526,0.1388
4,1527,1531,0.1388
4,1515,1519,0.1388
4,1516,1520,0.1388
4,1515,1519,0.1388
4,1517,1521,0.1388
4,1510,1514,0.1388
5,1519,1524,0.1388
5,1517,1522,0.1388
5,1516,1521,0.1388
5,1518,1523,0.1388
4,1519,1523,0.1388
4,1509,1513,0.1388
4,1519,1523,0.1388
5,1512,1517,0.1388
7,1514,1521,0.1388
7,1509,1516,0.1388
7,1508,1515,0.1388
7,1501,1508,0.1388
7,1509,1516,0.1388
7,1506,1513,0.1388
6,1515,1521,0.1388
5,1512,1517,0.1388
3,1502,1505,0.1388
4,1517,1521,0.1388
4,1513,1517,0.1388
5,1510,1515,0.1388
5,1508,1513,0.1388
5,1504,1509,0.1388
5,1510,1515,0.1388
4,1503,1507,0.1388
4,1501,1505,0.1388
4,1507,1511,0.1388
4,1510,1514,0.1388
4,1509,1513,0.1388
4,1517,1521,0.1388
4,1517,1521,0.1388
4,1511,1515,0.1388
4,1507,1511,0.1388
4,1499,1503,0.1388
4,1495,1499,0.1388
4,1510,1514,0.1388
4,1507,1511,0.1388
4,1508,1512,0.1388
5,1509,1514,0.1388
5,1494,1499,0.1388
4,1500,1504,0.1388
4,1514,1518,0.1388
4,1509,1513,0.1388
4,1512,1516,0.1388
4,1513,1517,0.1388
4,1504,1508,0.1388
4,1503,1507,0.1388
4,1506,1510,0.1388
5,1508,1513,0.1388
5,1521,1526,0.1388
4,1507,1511,0.1388
5,1509,1514,0.1388
4,1508,1512,0.1388
4,1503,1507,0.1388
4,1508,1512,0.1388
4,1503,1507,0.1388
4,1512,1516,0.1388
4,1518,1522,0.1388
4,1501,1505,0.1388
4,1507,1511,0.1388
4,1517,1521,0.1388
4,1510,1514,0.1388
4,1512,1516,0.1388
3,1518,1521,0.1388
4,1514,1518,0.1388
4,1523,1527,0.1388
4,1525,1529,0.1388
4,1515,1519,0.1388
3,1510,1513,0.1388
1,1508,1509,0.1388
1,1528,1529,0.1388
1,1512,1513,0.1388
1,1505,1506,0.1388
1,1508,1509,0.1388
1,1516,1517,0.1388
1,1529,1530,0.1388
1,1524,1525,0.1388
1,1517,1518,0.1388
1,1516,1517,0.1388
1,1510,1511,0.1388
1,1519,1520,0.1388
1,1518,1519,0.1388
1,1515,1516,0.1388
1,1511,1512,0.1388
1,1510,1511,0.1388
1,1516,1517,0.1388
1,1511,1512,0.1388
1,1523,1524,0.1388
1,1507,1508,0.1388
1,1508,1509,0.1388
1,1509,1510,0.1388
1,1511,1512,0.1388
1,1510,1511,0.1388
1,1503,1504,0.1388
1,1511,1512,0.1388
1,1517,1518,0.1388
1,1511,1512,0.1388
1,1515,1516,0.1388
1,1512,1513,0.1388
1,1500,1501,0.1388
1,1493,1494,0.1388
1,1504,1505,0.1388
1,1505,1506,0.1388
1,1517,1518,0.1388
1,1511,1512,0.1388
1,1521,1522,0.1388
1,1521,1522,0.1388
1,1522,1523,0.1388
2,1519,1521,0.1388
2,1524,1526,0.1388
2,1509,1511,0.1388
2,1519,1521,0.1388
2,1508,1510,0.1388
2,1517,1519,0.1388
2,1527,1529,0.1388
2,1528,1530,0.1388
2,1524,1526,0.1388
2,1511,1513,0.1388
2,1507,1509,0.1388
2,1518,1520,0.1388
2,1510,1512,0.1388
2,1517,1519,0.1388
2,1515,1517,0.1388
2,1517,1519,0.1388
2,1518,1520,0.1388
2,1512,1514,0.1388
2,1498,1500,0.1388
2,1505,1507,0.1388
2,1526,1528,0.1388
3,1512,1515,0.1388
3,1502,1505,0.1388
3,1512,1515,0.1388
3,1510,1513,0.1388
3,1523,1526,0.1388
3,1525,1528,0.1388
3,1524,1527,0.1388
3,1514,1517,0.1388
3,1509,1512,0.1388
3,1509,1512,0.1388
3,1505,1508,0.1388
3,1522,1525,0.1388
2,1514,1516,0.1388
2,1516,1518,0.1388
2,1510,1512,0.1388
3,1517,1520,0.1388
2,1516,1518,0.1388
2,1506,1508,0.1388
2,1501,1503,0.1388
2,1498,1500,0.1388
2,1496,1498,0.1388
2,1504,1506,0.1388
2,1494,1496,0.1388
2,1517,1519,0.1388
2,1517,1519,0.1388
2,1500,1502,0.1388
2,1507,1509,0.1388
2,1516,1518,0.1388
4,1518,1522,0.1388
4,1505,1509,0.1388
5,1508,1513,0.1388
5,1507,1512,0.1388
5,1526,1531,0.1388
5,1525,1530,0.1388
5,1506,1511,0.1388
5,1508,1513,0.1388
5,1529,1534,0.1388
5,1515,1520,0.1388
4,1518,1522,0.1388
4,1517,1521,0.1388
4,1512,1516,0.1388
4,1503,1507,0.1388
4,1502,1506,0.1388
3,1497,1500,0.1388
3,1498,1501,0.1388
3,1514,1517,0.1388
3,1518,1521,0.1388
3,1521,1524,0.1388
4,1500,1504,0.1388
4,1516,1520,0.1388
4,1525,1529,0.1388
4,1522,1526,0.1388
4,1527,1531,0.1388
4,1519,1523,0.1388
4,1510,1514,0.1388
4,1503,1507,0.1388
4,1499,1503,0.1388
5,1514,1519,0.1388
5,1497,1502,0.1388
4,1508,1512,0.1388
4,1517,1521,0.1388
3,1504,1507,0.1388
3,1506,1509,0.1388
3,1497,1500,0.1388
3,1513,1516,0.1388
3,1513,1516,0.1388
3,1518,1521,0.1388
2,1516,1518,0.1388
3,1515,1518,0.1388
3,1513,1516,0.1388
4,1512,1516,0.1388
4,1510,1514,0.1388
4,1524,1528,0.1388
4,1523,1527,0.1388
4,1516,1520,0.1388
5,1514,1519,0.1388
5,1508,1513,0.1388
5,1519,1524,0.1388
5,1519,1524,0.1388
5,1525,1530,0.1388
5,1537,1542,0.1388
5,1518,1523,0.1388
6,1513,1519,0.1388
6,1513,1519,0.1388
6,1500,1506,0.1388
5,1507,1512,0.1388
5,1508,1513,0.1388
5,1509,1514,0.1388
5,1508,1513,0.1388
5,1519,1524,0.1388
5,1518,1523,0.1388
4,1503,1507,0.1388
4,1516,1520,0.1388
4,1512,1516,0.1388
4,1506,1510,0.1388
4,1510,1514,0.1388
4,1516,1520,0.1388
4,1510,1514,0.1388
4,1498,1502,0.1388
4,1506,1510,0.1388
3,1504,1507,0.1388
3,1514,1517,0.1388
3,1517,1520,0.1388
3,1527,1530,0.1388
3,1524,1527,0.1388
3,1524,1527,0.1388
3,1503,1506,0.1388
3,1512,1515,0.1388
3,1509,1512,0.1388
3,1507,1510,0.1388
3,1510,1513,0.1388
4,1511,1515,0.1388
4,1510,1514,0.1388
2,1513,1515,0.1388
2,1518,1520,0.1388
2,1509,1511,0.1388
1,1499,1500,0.1388
1,1510,1511,0.1388
1,1508,1509,0.1388
1,1523,1524,0.1388
1,1513,1514,0.1388
1,1514,1515,0.1388
1,1514,1515,0.1388
1,1501,1502,0.1388
1,1516,1517,0.1388
1,1524,1525,0.1388
1,1524,1525,0.1388
1,1532,1533,0.1388
1,1530,1531,0.1388
1,1523,1524,0.1388
1,1540,1541,0.1388
1,1534,1535,0.1388
1,1527,1528,0.1388
1,1531,1532,0.1388
1,1533,1534,0.1388
1,1525,1526,0.1388
1,1529,1530,0.1388
1,1519,1520,0.1388
1,1514,1515,0.1388
0,1522,1522,0.1388
