1380,28,1408,0.1388
1407,30,1437,0.1388
1418,30,1448,0.1388
1446,31,1477,0.1388
1446,33,1479,0.1388
1453,33,1486,0.1388
1434,31,1465,0.1388
1455,29,1484,0.1388
1477,28,1505,0.1388
1470,26,1496,0.1388
1475,27,1502,0.1388
1457,26,1483,0.1388
1462,27,1489,0.1388
1465,29,1494,0.1388
1452,29,1481,0.1388
1453,30,1483,0.1388
1466,31,1497,0.1388
1460,31,1491,0.1388
1464,30,1494,0.1388
1464,30,1494,0.1388
1468,31,1499,0.1388
1466,28,1494,0.1388
1474,28,1502,0.1388
1463,28,1491,0.1388
1467,28,1495,0.1388
1474,28,1502,0.1388
1481,30,1511,0.1388
1468,30,1498,0.1388
1462,29,1491,0.1388
1463,29,1492,0.1388
1479,31,1510,0.1388
1479,31,1510,0.1388
1465,32,1497,0.1388
1467,31,1498,0.1388
1469,29,1498,0.1388
1476,31,1507,0.1388
1476,34,1510,0.1388
1465,36,1501,0.1388
1466,35,1501,0.1388
1462,35,1497,0.1388
1457,37,1494,0.1388
1459,36,1495,0.1388
1467,38,1505,0.1388
1460,38,1498,0.1388
1460,37,1497,0.1388
1461,35,1496,0.1388
1463,36,1499,0.1388
1457,35,1492,0.1388
1461,38,1499,0.1388
1458,38,1496,0.1388
1452,39,1491,0.1388
1452,39,1491,0.1388
1451,38,1489,0.1388
1454,40,1494,0.1388
1445,40,1485,0.1388
1455,40,1495,0.1388
1465,41,1506,0.1388
1471,40,1511,0.1388
1462,40,1502,0.1388
1466,40,1506,0.1388
1473,40,1513,0.1388
1469,41,1510,0.1388
1457,37,1494,0.1388
1442,40,1482,0.1388
1434,42,1476,0.1388
1444,42,1486,0.1388
1452,42,1494,0.1388
1451,44,1495,0.1388
1461,42,1503,0.1388
1468,43,1511,0.1388
1466,44,1510,0.1388
1464,44,1508,0.1388
1461,46,1507,0.1388
1454,46,1500,0.1388
1451,49,1500,0.1388
1443,51,1494,0.1388
1441,53,1494,0.1388
1432,53,1485,0.1388
1433,51,1484,0.1388
1435,51,1486,0.1388
1415,50,1465,0.1388
1421,51,1472,0.1388
1428,51,1479,0.1388
1420,53,1473,0.1388
1427,53,1480,0.1388
1451,51,1502,0.1388
1439,52,1491,0.1388
1438,52,1490,0.1388
1443,53,1496,0.1388
1447,55,1502,0.1388
1428,56,1484,0.1388
1427,56,1483,0.1388
1428,53,1481,0.1388
1436,59,1495,0.1388
1440,59,1499,0.1388
1455,59,1514,0.1388
1442,60,1502,0.1388
1445,61,1506,0.1388
1442,62,1504,0.1388
1424,61,1485,0.1388
1425,60,1485,0.1388
1429,60,1489,0.1388
1427,61,1488,0.1388
1431,63,1494,0.1388
1434,66,1500,0.1388
1434,67,1501,0.1388
1432,71,1503,0.1388
1429,69,1498,0.1388
1419,73,1492,0.1388
1425,73,1498,0.1388
1434,74,1508,0.1388
1429,74,1503,0.1388
1429,69,1498,0.1388
1432,68,1500,0.1388
1423,70,1493,0.1388
1421,72,1493,0.1388
1418,71,1489,0.1388
1416,71,1487,0.1388
1421,70,1491,0.1388
1415,74,1489,0.1388
1411,72,1483,0.1388
1408,73,1481,0.1388
1417,76,1493,0.1388
1423,74,1497,0.1388
1435,74,1509,0.1388
1427,76,1503,0.1388
1425,77,1502,0.1388
1423,76,1499,0.1388
1426,75,1501,0.1388
1427,71,1498,0.1388
1416,75,1491,0.1388
1416,76,1492,0.1388
1418,76,1494,0.1388
1415,79,1494,0.1388
1423,79,1502,0.1388
1420,77,1497,0.1388
1417,77,1494,0.1388
1403,77,1480,0.1388
1406,77,1483,0.1388
1400,78,1478,0.1388
1392,77,1469,0.1388
1393,83,1476,0.1388
1404,84,1488,0.1388
1418,84,1502,0.1388
1428,79,1507,0.1388
1408,81,1489,0.1388
1409,80,1489,0.1388
1414,84,1498,0.1388
1404,84,1488,0.1388
1401,84,1485,0.1388
1392,87,1479,0.1388
1396,86,1482,0.1388
1393,88,1481,0.1388
1412,88,1500,0.1388
1414,88,1502,0.1388
1420,86,1506,0.1388
1411,87,1498,0.1388
1412,88,1500,0.1388
1410,85,1495,0.1388
1403,84,1487,0.1388
1406,85,1491,0.1388
1413,85,1498,0.1388
1410,87,1497,0.1388
1410,86,1496,0.1388
1412,86,1498,0.1388
1400,87,1487,0.1388
1413,87,1500,0.1388
1427,86,1513,0.1388
1421,87,1508,0.1388
1416,93,1509,0.1388
1399,90,1489,0.1388
1394,92,1486,0.1388
1399,89,1488,0.1388
1407,89,1496,0.1388
1405,88,1493,0.1388
1396,92,1488,0.1388
1398,93,1491,0.1388
1401,96,1497,0.1388
1392,94,1486,0.1388
1391,94,1485,0.1388
1399,94,1493,0.1388
1390,91,1481,0.1388
1385,92,1477,0.1388
1381,92,1473,0.1388
1384,97,1481,0.1388
1382,97,1479,0.1388
1388,101,1489,0.1388
1392,102,1494,0.1388
1403,100,1503,0.1388
1410,102,1512,0.1388
1411,105,1516,0.1388
1402,102,1504,0.1388
1398,99,1497,0.1388
1401,100,1501,0.1388
1376,100,1476,0.1388
1375,105,1480,0.1388
1364,105,1469,0.1388
1374,105,1479,0.1388
1368,106,1474,0.1388
1365,107,1472,0.1388
1372,109,1481,0.1388
1383,107,1490,0.1388
1396,107,1503,0.1388
1393,105,1498,0.1388
1392,105,1497,0.1388
1384,102,1486,0.1388
1382,103,1485,0.1388
1388,100,1488,0.1388
1394,99,1493,0.1388
1386,98,1484,0.1388
1401,99,1500,0.1388
1400,99,1499,0.1388
1402,100,1502,0.1388
1401,101,1502,0.1388
1401,103,1504,0.1388
1405,104,1509,0.1388
1391,102,1493,0.1388
1391,100,1491,0.1388
1385,97,1482,0.1388
1384,98,1482,0.1388
1385,97,1482,0.1388
1392,97,1489,0.1388
1395,96,1491,0.1388
1382,100,1482,0.1388
1384,100,1484,0.1388
1394,95,1489,0.1388
1402,97,1499,0.1388
1402,98,1500,0.1388
1414,100,1514,0.1388
1417,101,1518,0.1388
1402,101,1503,0.1388
1388,97,1485,0.1388
1390,99,1489,0.1388
1395,100,1495,0.1388
1388,99,1487,0.1388
1401,100,1501,0.1388
1401,100,1501,0.1388
1401,98,1499,0.1388
1396,99,1495,0.1388
1411,104,1515,0.1388
1399,102,1501,0.1388
1395,105,1500,0.1388
1398,108,1506,0.1388
1385,109,1494,0.1388
1390,108,1498,0.1388
1397,105,1502,0.1388
1392,102,1494,0.1388
1390,105,1495,0.1388
1382,102,1484,0.1388
1387,106,1493,0.1388
1388,103,1491,0.1388
1395,100,1495,0.1388
1373,97,1470,0.1388
1377,99,1476,0.1388
1386,98,1484,0.1388
1377,101,1478,0.1388
1382,98,1480,0.1388
1391,100,1491,0.1388
1397,98,1495,0.1388
1412,100,1512,0.1388
1403,98,1501,0.1388
1403,95,1498,0.1388
1399,97,1496,0.1388
1397,97,1494,0.1388
1399,94,1493,0.1388
1411,92,1503,0.1388
1416,94,1510,0.1388
1404,93,1497,0.1388
1415,92,1507,0.1388
1410,93,1503,0.1388
1406,89,1495,0.1388
1407,89,1496,0.1388
1407,88,1495,0.1388
1399,88,1487,0.1388
1393,92,1485,0.1388
1406,93,1499,0.1388
1404,95,1499,0.1388
1418,96,1514,0.1388
1413,95,1508,0.1388
1419,99,1518,0.1388
1401,101,1502,0.1388
1378,101,1479,0.1388
1397,100,1497,0.1388
1394,102,1496,0.1388
1387,105,1492,0.1388
1388,107,1495,0.1388
1382,107,1489,0.1388
1381,105,1486,0.1388
1383,110,1493,0.1388
1384,105,1489,0.1388
1381,104,1485,0.1388
1387,102,1489,0.1388
1379,105,1484,0.1388
1373,107,1480,0.1388
1377,108,1485,0.1388
1376,107,1483,0.1388
1388,107,1495,0.1388
1387,106,1493,0.1388
1395,108,1503,0.1388
1401,111,1512,0.1388
1394,112,1506,0.1388
1390,112,1502,0.1388
1390,115,1505,0.1388
1381,120,1501,0.1388
1383,120,1503,0.1388
1379,124,1503,0.1388
1388,124,1512,0.1388
1378,119,1497,0.1388
1370,121,1491,0.1388
1378,121,1499,0.1388
1379,121,1500,0.1388
1391,120,1511,0.1388
1375,125,1500,0.1388
1367,128,1495,0.1388
1355,128,1483,0.1388
1356,129,1485,0.1388
1365,128,1493,0.1388
1370,132,1502,0.1388
1366,129,1495,0.1388
1360,130,1490,0.1388
1366,130,1496,0.1388
1362,131,1493,0.1388
1365,131,1496,0.1388
1351,131,1482,0.1388
1353,130,1483,0.1388
1359,130,1489,0.1388
1353,125,1478,0.1388
1365,124,1489,0.1388
1366,129,1495,0.1388
1369,130,1499,0.1388
1361,130,1491,0.1388
1378,130,1508,0.1388
1366,129,1495,0.1388
1364,128,1492,0.1388
1359,127,1486,0.1388
1371,127,1498,0.1388
1359,123,1482,0.1388
1359,126,1485,0.1388
1353,123,1476,0.1388
1366,121,1487,0.1388
1363,120,1483,0.1388
1373,120,1493,0.1388
1374,123,1497,0.1388
1359,124,1483,0.1388
1368,125,1493,0.1388
1370,132,1502,0.1388
1364,131,1495,0.1388
1356,132,1488,0.1388
1357,136,1493,0.1388
1352,137,1489,0.1388
1353,140,1493,0.1388
1356,139,1495,0.1388
1356,137,1493,0.1388
1355,138,1493,0.1388
1362,140,1502,0.1388
1356,142,1498,0.1388
1357,141,1498,0.1388
1356,143,1499,0.1388
1346,143,1489,0.1388
1347,142,1489,0.1388
1342,144,1486,0.1388
1339,144,1483,0.1388
1343,145,1488,0.1388
1352,142,1494,0.1388
1354,142,1496,0.1388
1342,145,1487,0.1388
1349,145,1494,0.1388
1354,148,1502,0.1388
1354,144,1498,0.1388
1345,138,1483,0.1388
1369,142,1511,0.1388
1360,142,1502,0.1388
1335,141,1476,0.1388
1347,143,1490,0.1388
1347,142,1489,0.1388
1352,141,1493,0.1388
1355,146,1501,0.1388
1350,143,1493,0.1388
1342,142,1484,0.1388
1358,144,1502,0.1388
1358,142,1500,0.1388
1358,143,1501,0.1388
1363,141,1504,0.1388
1357,144,1501,0.1388
1366,140,1506,0.1388
1347,145,1492,0.1388
1355,146,1501,0.1388
1360,142,1502,0.1388
1344,143,1487,0.1388
1341,141,1482,0.1388
1346,141,1487,0.1388
1350,141,1491,0.1388
1357,143,1500,0.1388
1363,144,1507,0.1388
1358,147,1505,0.1388
1359,145,1504,0.1388
1364,146,1510,0.1388
1373,144,1517,0.1388
1369,142,1511,0.1388
1363,142,1505,0.1388
1352,139,1491,0.1388
1340,145,1485,0.1388
1325,144,1469,0.1388
1322,148,1470,0.1388
1328,151,1479,0.1388
1327,155,1482,0.1388
1319,153,1472,0.1388
1315,151,1466,0.1388
1332,153,1485,0.1388
1333,152,1485,0.1388
1340,156,1496,0.1388
1344,160,1504,0.1388
1345,159,1504,0.1388
1345,163,1508,0.1388
1336,166,1502,0.1388
1325,165,1490,0.1388
1318,164,1482,0.1388
1322,168,1490,0.1388
1308,166,1474,0.1388
1305,165,1470,0.1388
1310,161,1471,0.1388
1319,161,1480,0.1388
1318,165,1483,0.1388
1331,166,1497,0.1388
1336,166,1502,0.1388
1338,162,1500,0.1388
1326,165,1491,0.1388
1322,170,1492,0.1388
1328,169,1497,0.1388
1320,169,1489,0.1388
1316,163,1479,0.1388
1322,168,1490,0.1388
1324,169,1493,0.1388
1320,177,1497,0.1388
1321,175,1496,0.1388
1317,179,1496,0.1388
1312,181,1493,0.1388
1323,183,1506,0.1388
1322,181,1503,0.1388
1301,181,1482,0.1388
1297,182,1479,0.1388
1299,185,1484,0.1388
1305,192,1497,0.1388
1315,191,1506,0.1388
1310,187,1497,0.1388
1321,189,1510,0.1388
1313,190,1503,0.1388
1323,184,1507,0.1388
1322,182,1504,0.1388
1318,183,1501,0.1388
1314,183,1497,0.1388
1310,185,1495,0.1388
1314,183,1497,0.1388
1314,185,1499,0.1388
1326,192,1518,0.1388
1309,194,1503,0.1388
1305,186,1491,0.1388
1300,190,1490,0.1388
1302,191,1493,0.1388
1297,187,1484,0.1388
1304,185,1489,0.1388
1307,184,1491,0.1388
1306,185,1491,0.1388
1304,186,1490,0.1388
1311,188,1499,0.1388
1326,190,1516,0.1388
1317,190,1507,0.1388
1311,189,1500,0.1388
1316,189,1505,0.1388
1308,189,1497,0.1388
1309,191,1500,0.1388
1307,191,1498,0.1388
1308,192,1500,0.1388
1312,185,1497,0.1388
1310,190,1500,0.1388
1313,193,1506,0.1388
1313,193,1506,0.1388
1305,194,1499,0.1388
1299,196,1495,0.1388
1306,200,1506,0.1388
1309,198,1507,0.1388
1308,201,1509,0.1388
1296,202,1498,0.1388
1294,199,1493,0.1388
1291,193,1484,0.1388
1297,196,1493,0.1388
1297,196,1493,0.1388
1307,198,1505,0.1388
1308,205,1513,0.1388
1297,207,1504,0.1388
1299,202,1501,0.1388
1303,205,1508,0.1388
1285,208,1493,0.1388
1296,205,1501,0.1388
1309,208,1517,0.1388
1314,207,1521,0.1388
1303,209,1512,0.1388
1300,205,1505,0.1388
1304,203,1507,0.1388
1300,206,1506,0.1388
1293,205,1498,0.1388
1290,204,1494,0.1388
1286,205,1491,0.1388
1297,207,1504,0.1388
1289,209,1498,0.1388
1290,205,1495,0.1388
1300,200,1500,0.1388
1310,199,1509,0.1388
1303,201,1504,0.1388
1300,202,1502,0.1388
1298,199,1497,0.1388
1291,197,1488,0.1388
1292,199,1491,0.1388
1295,199,1494,0.1388
1304,200,1504,0.1388
1299,198,1497,0.1388
1294,202,1496,0.1388
1288,201,1489,0.1388
1280,203,1483,0.1388
1283,206,1489,0.1388
1291,207,1498,0.1388
1299,203,1502,0.1388
1301,206,1507,0.1388
1285,204,1489,0.1388
1293,205,1498,0.1388
1289,206,1495,0.1388
1286,204,1490,0.1388
1293,205,1498,0.1388
1309,204,1513,0.1388
1299,207,1506,0.1388
1305,209,1514,0.1388
1310,203,1513,0.1388
1314,203,1517,0.1388
1314,202,1516,0.1388
1301,204,1505,0.1388
1279,207,1486,0.1388
1278,202,1480,0.1388
1277,205,1482,0.1388
1283,199,1482,0.1388
1284,201,1485,0.1388
1301,205,1506,0.1388
1302,211,1513,0.1388
1291,214,1505,0.1388
1286,213,1499,0.1388
1287,209,1496,0.1388
1278,209,1487,0.1388
1288,209,1497,0.1388
1279,209,1488,0.1388
1284,207,1491,0.1388
1274,211,1485,0.1388
1274,216,1490,0.1388
1263,216,1479,0.1388
1275,222,1497,0.1388
1292,216,1508,0.1388
1279,216,1495,0.1388
1276,215,1491,0.1388
1278,214,1492,0.1388
1275,218,1493,0.1388
1278,215,1493,0.1388
1277,217,1494,0.1388
1271,217,1488,0.1388
1282,214,1496,0.1388
1275,223,1498,0.1388
1275,223,1498,0.1388
1273,224,1497,0.1388
1270,224,1494,0.1388
1267,223,1490,0.1388
1274,220,1494,0.1388
1262,226,1488,0.1388
1256,225,1481,0.1388
1268,229,1497,0.1388
1274,229,1503,0.1388
1276,232,1508,0.1388
1268,235,1503,0.1388
1276,236,1512,0.1388
1281,228,1509,0.1388
1265,227,1492,0.1388
1268,233,1501,0.1388
1275,232,1507,0.1388
1272,229,1501,0.1388
1276,235,1511,0.1388
1276,235,1511,0.1388
1272,232,1504,0.1388
1274,236,1510,0.1388
1279,232,1511,0.1388
1271,236,1507,0.1388
1262,232,1494,0.1388
1274,235,1509,0.1388
1262,233,1495,0.1388
1269,233,1502,0.1388
1261,236,1497,0.1388
1262,233,1495,0.1388
1265,236,1501,0.1388
1256,236,1492,0.1388
1259,235,1494,0.1388
1255,242,1497,0.1388
1239,242,1481,0.1388
1254,236,1490,0.1388
1235,242,1477,0.1388
1241,245,1486,0.1388
1233,244,1477,0.1388
1235,243,1478,0.1388
1237,249,1486,0.1388
1236,246,1482,0.1388
1248,246,1494,0.1388
1238,249,1487,0.1388
1233,254,1487,0.1388
1232,249,1481,0.1388
1236,249,1485,0.1388
1241,250,1491,0.1388
1237,257,1494,0.1388
1242,255,1497,0.1388
1244,256,1500,0.1388
1248,259,1507,0.1388
1243,255,1498,0.1388
1234,254,1488,0.1388
1242,255,1497,0.1388
1258,257,1515,0.1388
1251,253,1504,0.1388
1241,255,1496,0.1388
1239,258,1497,0.1388
1219,260,1479,0.1388
1224,257,1481,0.1388
1226,259,1485,0.1388
1244,259,1503,0.1388
1233,256,1489,0.1388
1219,255,1474,0.1388
1226,259,1485,0.1388
1233,261,1494,0.1388
1233,261,1494,0.1388
1223,261,1484,0.1388
1226,258,1484,0.1388
1237,262,1499,0.1388
1220,262,1482,0.1388
1218,271,1489,0.1388
1220,270,1490,0.1388
1225,273,1498,0.1388
1225,272,1497,0.1388
1241,278,1519,0.1388
1256,280,1536,0.1388
1254,275,1529,0.1388
1247,273,1520,0.1388
1241,272,1513,0.1388
1236,271,1507,0.1388
1222,271,1493,0.1388
1225,272,1497,0.1388
1223,277,1500,0.1388
1212,275,1487,0.1388
1216,273,1489,0.1388
1209,277,1486,0.1388
1218,275,1493,0.1388
1226,278,1504,0.1388
1223,277,1500,0.1388
1223,279,1502,0.1388
1235,284,1519,0.1388
1232,275,1507,0.1388
1226,274,1500,0.1388
1224,280,1504,0.1388
1223,277,1500,0.1388
1221,279,1500,0.1388
1211,278,1489,0.1388
1205,280,1485,0.1388
1217,285,1502,0.1388
1207,282,1489,0.1388
1200,285,1485,0.1388
1224,286,1510,0.1388
1217,284,1501,0.1388
1207,283,1490,0.1388
1212,285,1497,0.1388
1206,282,1488,0.1388
1216,283,1499,0.1388
1220,288,1508,0.1388
1211,287,1498,0.1388
1213,290,1503,0.1388
1215,289,1504,0.1388
1215,296,1511,0.1388
1215,293,1508,0.1388
1219,296,1515,0.1388
1208,303,1511,0.1388
1202,303,1505,0.1388
1215,301,1516,0.1388
1220,298,1518,0.1388
1217,299,1516,0.1388
1204,294,1498,0.1388
1212,291,1503,0.1388
1213,293,1506,0.1388
1211,300,1511,0.1388
1203,302,1505,0.1388
1198,302,1500,0.1388
1199,309,1508,0.1388
1193,310,1503,0.1388
1190,312,1502,0.1388
1180,304,1484,0.1388
1189,311,1500,0.1388
1193,310,1503,0.1388
1186,310,1496,0.1388
1186,311,1497,0.1388
1182,313,1495,0.1388
1180,316,1496,0.1388
1182,320,1502,0.1388
1177,314,1491,0.1388
1177,309,1486,0.1388
1173,311,1484,0.1388
1171,316,1487,0.1388
1165,316,1481,0.1388
1171,315,1486,0.1388
1174,315,1489,0.1388
1174,320,1494,0.1388
1172,316,1488,0.1388
1171,320,1491,0.1388
1174,318,1492,0.1388
1185,316,1501,0.1388
1172,319,1491,0.1388
1176,313,1489,0.1388
1182,315,1497,0.1388
1181,316,1497,0.1388
1182,316,1498,0.1388
1179,325,1504,0.1388
1184,323,1507,0.1388
1182,324,1506,0.1388
1187,317,1504,0.1388
1188,320,1508,0.1388
1177,324,1501,0.1388
1167,327,1494,0.1388
1180,325,1505,0.1388
1179,332,1511,0.1388
1172,330,1502,0.1388
1161,325,1486,0.1388
1162,332,1494,0.1388
1155,334,1489,0.1388
1150,336,1486,0.1388
1153,336,1489,0.1388
1152,336,1488,0.1388
1159,334,1493,0.1388
1153,334,1487,0.1388
1157,340,1497,0.1388
1164,333,1497,0.1388
1165,339,1504,0.1388
1165,339,1504,0.1388
1171,347,1518,0.1388
1170,350,1520,0.1388
1154,345,1499,0.1388
1148,349,1497,0.1388
1138,345,1483,0.1388
1147,347,1494,0.1388
1156,346,1502,0.1388
1156,342,1498,0.1388
1148,349,1497,0.1388
1142,347,1489,0.1388
1150,345,1495,0.1388
1148,342,1490,0.1388
1151,341,1492,0.1388
1150,343,1493,0.1388
1152,340,1492,0.1388
1155,349,1504,0.1388
1157,357,1514,0.1388
1156,355,1511,0.1388
1158,352,1510,0.1388
1153,357,1510,0.1388
1143,362,1505,0.1388
1147,361,1508,0.1388
1144,363,1507,0.1388
1146,368,1514,0.1388
1138,366,1504,0.1388
1136,366,1502,0.1388
1124,368,1492,0.1388
1118,367,1485,0.1388
1117,367,1484,0.1388
1127,370,1497,0.1388
1133,364,1497,0.1388
1134,370,1504,0.1388
1136,375,1511,0.1388
1123,376,1499,0.1388
1132,373,1505,0.1388
1127,382,1509,0.1388
1130,382,1512,0.1388
1126,383,1509,0.1388
1126,389,1515,0.1388
1128,385,1513,0.1388
1129,380,1509,0.1388
1119,383,1502,0.1388
1115,386,1501,0.1388
1107,387,1494,0.1388
1103,385,1488,0.1388
1095,388,1483,0.1388
1100,391,1491,0.1388
1109,391,1500,0.1388
1117,395,1512,0.1388
1106,390,1496,0.1388
1098,384,1482,0.1388
1100,393,1493,0.1388
1085,407,1492,0.1388
1079,414,1493,0.1388
1084,408,1492,0.1388
1091,408,1499,0.1388
1106,401,1507,0.1388
1105,403,1508,0.1388
1103,408,1511,0.1388
1108,408,1516,0.1388
1097,409,1506,0.1388
1085,409,1494,0.1388
1085,409,1494,0.1388
1079,415,1494,0.1388
1064,413,1477,0.1388
1066,415,1481,0.1388
1074,410,1484,0.1388
1088,411,1499,0.1388
1085,424,1509,0.1388
1088,419,1507,0.1388
1084,425,1509,0.1388
1075,424,1499,0.1388
1075,424,1499,0.1388
1064,430,1494,0.1388
1060,430,1490,0.1388
1056,432,1488,0.1388
1060,437,1497,0.1388
1069,439,1508,0.1388
1063,446,1509,0.1388
1055,442,1497,0.1388
1062,441,1503,0.1388
1064,436,1500,0.1388
1064,441,1505,0.1388
1058,444,1502,0.1388
1059,450,1509,0.1388
1061,449,1510,0.1388
1060,453,1513,0.1388
1052,451,1503,0.1388
1053,445,1498,0.1388
1041,447,1488,0.1388
1039,458,1497,0.1388
1045,462,1507,0.1388
1030,462,1492,0.1388
1018,465,1483,0.1388
1030,465,1495,0.1388
1028,463,1491,0.1388
1030,466,1496,0.1388
1028,462,1490,0.1388
1034,465,1499,0.1388
1026,467,1493,0.1388
1021,465,1486,0.1388
1019,471,1490,0.1388
1028,471,1499,0.1388
1030,475,1505,0.1388
1036,474,1510,0.1388
1035,476,1511,0.1388
1032,474,1506,0.1388
1033,481,1514,0.1388
1038,482,1520,0.1388
1031,481,1512,0.1388
1028,479,1507,0.1388
1022,483,1505,0.1388
1012,482,1494,0.1388
1013,486,1499,0.1388
1006,486,1492,0.1388
1008,488,1496,0.1388
1011,489,1500,0.1388
1008,488,1496,0.1388
1010,488,1498,0.1388
1014,495,1509,0.1388
1008,499,1507,0.1388
1007,497,1504,0.1388
1006,494,1500,0.1388
1012,501,1513,0.1388
1019,500,1519,0.1388
1011,495,1506,0.1388
1006,500,1506,0.1388
999,505,1504,0.1388
997,505,1502,0.1388
995,500,1495,0.1388
1002,498,1500,0.1388
1003,497,1500,0.1388
998,501,1499,0.1388
993,499,1492,0.1388
1006,500,1506,0.1388
1003,498,1501,0.1388
1006,495,1501,0.1388
997,490,1487,0.1388
994,505,1499,0.1388
995,503,1498,0.1388
989,513,1502,0.1388
999,510,1509,0.1388
999,515,1514,0.1388
990,516,1506,0.1388
990,516,1506,0.1388
984,518,1502,0.1388
983,513,1496,0.1388
976,513,1489,0.1388
974,510,1484,0.1388
968,520,1488,0.1388
970,518,1488,0.1388
956,521,1477,0.1388
956,525,1481,0.1388
960,523,1483,0.1388
966,531,1497,0.1388
953,539,1492,0.1388
961,545,1506,0.1388
963,542,1505,0.1388
953,545,1498,0.1388
946,540,1486,0.1388
952,544,1496,0.1388
945,556,1501,0.1388
940,554,1494,0.1388
942,562,1504,0.1388
952,556,1508,0.1388
959,559,1518,0.1388
953,557,1510,0.1388
949,558,1507,0.1388
944,555,1499,0.1388
950,550,1500,0.1388
945,552,1497,0.1388
939,551,1490,0.1388
946,548,1494,0.1388
939,551,1490,0.1388
923,550,1473,0.1388
917,559,1476,0.1388
923,559,1482,0.1388
933,563,1496,0.1388
935,562,1497,0.1388
942,565,1507,0.1388
935,570,1505,0.1388
933,572,1505,0.1388
930,574,1504,0.1388
922,569,1491,0.1388
921,567,1488,0.1388
925,569,1494,0.1388
921,562,1483,0.1388
923,566,1489,0.1388
922,565,1487,0.1388
918,569,1487,0.1388
914,574,1488,0.1388
911,569,1480,0.1388
917,568,1485,0.1388
934,567,1501,0.1388
932,569,1501,0.1388
921,576,1497,0.1388
922,580,1502,0.1388
919,586,1505,0.1388
922,583,1505,0.1388
925,584,1509,0.1388
914,582,1496,0.1388
920,586,1506,0.1388
920,582,1502,0.1388
925,585,1510,0.1388
921,580,1501,0.1388
916,582,1498,0.1388
918,585,1503,0.1388
916,587,1503,0.1388
911,594,1505,0.1388
898,598,1496,0.1388
892,600,1492,0.1388
898,597,1495,0.1388
892,605,1497,0.1388
897,611,1508,0.1388
891,612,1503,0.1388
897,613,1510,0.1388
906,616,1522,0.1388
901,608,1509,0.1388
897,608,1505,0.1388
888,611,1499,0.1388
888,602,1490,0.1388
885,609,1494,0.1388
885,617,1502,0.1388
894,623,1517,0.1388
907,616,1523,0.1388
904,605,1509,0.1388
905,615,1520,0.1388
903,610,1513,0.1388
902,600,1502,0.1388
903,590,1493,0.1388
906,605,1511,0.1388
900,603,1503,0.1388
898,594,1492,0.1388
895,597,1492,0.1388
900,601,1501,0.1388
903,609,1512,0.1388
904,612,1516,0.1388
899,608,1507,0.1388
899,606,1505,0.1388
895,610,1505,0.1388
900,613,1513,0.1388
895,614,1509,0.1388
897,610,1507,0.1388
899,607,1506,0.1388
891,614,1505,0.1388
893,614,1507,0.1388
893,612,1505,0.1388
903,611,1514,0.1388
907,608,1515,0.1388
899,608,1507,0.1388
901,617,1518,0.1388
899,627,1526,0.1388
895,620,1515,0.1388
898,620,1518,0.1388
902,622,1524,0.1388
905,619,1524,0.1388
895,615,1510,0.1388
887,615,1502,0.1388
886,611,1497,0.1388
901,605,1506,0.1388
909,599,1508,0.1388
911,600,1511,0.1388
915,595,1510,0.1388
928,599,1527,0.1388
920,594,1514,0.1388
917,583,1500,0.1388
899,587,1486,0.1388
908,600,1508,0.1388
907,594,1501,0.1388
896,594,1490,0.1388
890,595,1485,0.1388
895,599,1494,0.1388
893,603,1496,0.1388
884,602,1486,0.1388
895,611,1506,0.1388
885,608,1493,0.1388
884,611,1495,0.1388
886,613,1499,0.1388
890,612,1502,0.1388
890,605,1495,0.1388
889,607,1496,0.1388
887,605,1492,0.1388
892,594,1486,0.1388
889,604,1493,0.1388
896,609,1505,0.1388
893,608,1501,0.1388
882,611,1493,0.1388
870,606,1476,0.1388
885,611,1496,0.1388
877,612,1489,0.1388
881,608,1489,0.1388
880,610,1490,0.1388
888,608,1496,0.1388
878,611,1489,0.1388
882,610,1492,0.1388
886,607,1493,0.1388
883,611,1494,0.1388
895,619,1514,0.1388
892,624,1516,0.1388
883,618,1501,0.1388
876,631,1507,0.1388
872,633,1505,0.1388
875,630,1505,0.1388
876,629,1505,0.1388
878,630,1508,0.1388
873,625,1498,0.1388
880,627,1507,0.1388
876,634,1510,0.1388
870,633,1503,0.1388
875,638,1513,0.1388
867,638,1505,0.1388
871,643,1514,0.1388
862,638,1500,0.1388
853,638,1491,0.1388
854,630,1484,0.1388
852,642,1494,0.1388
857,639,1496,0.1388
861,645,1506,0.1388
861,641,1502,0.1388
861,646,1507,0.1388
865,643,1508,0.1388
869,642,1511,0.1388
855,642,1497,0.1388
853,645,1498,0.1388
852,642,1494,0.1388
857,645,1502,0.1388
863,644,1507,0.1388
864,641,1505,0.1388
867,650,1517,0.1388
862,651,1513,0.1388
858,649,1507,0.1388
855,652,1507,0.1388
859,656,1515,0.1388
865,650,1515,0.1388
868,653,1521,0.1388
868,651,1519,0.1388
864,651,1515,0.1388
861,656,1517,0.1388
853,660,1513,0.1388
852,663,1515,0.1388
843,661,1504,0.1388
834,662,1496,0.1388
835,670,1505,0.1388
836,662,1498,0.1388
841,662,1503,0.1388
843,659,1502,0.1388
848,655,1503,0.1388
853,656,1509,0.1388
852,656,1508,0.1388
840,649,1489,0.1388
838,648,1486,0.1388
838,652,1490,0.1388
834,657,1491,0.1388
842,659,1501,0.1388
836,655,1491,0.1388
837,655,1492,0.1388
840,655,1495,0.1388
841,655,1496,0.1388
831,659,1490,0.1388
834,657,1491,0.1388
834,659,1493,0.1388
836,668,1504,0.1388
834,680,1514,0.1388
833,682,1515,0.1388
838,673,1511,0.1388
834,665,1499,0.1388
832,666,1498,0.1388
828,661,1489,0.1388
841,665,1506,0.1388
835,664,1499,0.1388
834,674,1508,0.1388
834,668,1502,0.1388
829,670,1499,0.1388
825,666,1491,0.1388
831,655,1486,0.1388
837,650,1487,0.1388
828,656,1484,0.1388
838,652,1490,0.1388
840,652,1492,0.1388
840,655,1495,0.1388
834,652,1486,0.1388
841,653,1494,0.1388
839,652,1491,0.1388
849,657,1506,0.1388
843,661,1504,0.1388
841,655,1496,0.1388
850,653,1503,0.1388
855,656,1511,0.1388
854,655,1509,0.1388
856,658,1514,0.1388
854,652,1506,0.1388
846,657,1503,0.1388
852,659,1511,0.1388
850,658,1508,0.1388
852,659,1511,0.1388
852,658,1510,0.1388
839,663,1502,0.1388
835,664,1499,0.1388
839,664,1503,0.1388
837,668,1505,0.1388
841,662,1503,0.1388
845,663,1508,0.1388
849,650,1499,0.1388
839,657,1496,0.1388
839,656,1495,0.1388
841,658,1499,0.1388
846,663,1509,0.1388
843,664,1507,0.1388
843,670,1513,0.1388
843,666,1509,0.1388
836,668,1504,0.1388
820,665,1485,0.1388
831,663,1494,0.1388
821,660,1481,0.1388
833,652,1485,0.1388
829,659,1488,0.1388
840,668,1508,0.1388
835,672,1507,0.1388
836,671,1507,0.1388
829,677,1506,0.1388
831,665,1496,0.1388
833,676,1509,0.1388
829,676,1505,0.1388
831,676,1507,0.1388
830,680,1510,0.1388
832,671,1503,0.1388
831,671,1502,0.1388
829,670,1499,0.1388
827,679,1506,0.1388
825,671,1496,0.1388
819,679,1498,0.1388
819,676,1495,0.1388
819,674,1493,0.1388
819,674,1493,0.1388
815,670,1485,0.1388
822,665,1487,0.1388
830,666,1496,0.1388
836,669,1505,0.1388
846,674,1520,0.1388
843,674,1517,0.1388
842,669,1511,0.1388
846,666,1512,0.1388
843,664,1507,0.1388
833,661,1494,0.1388
833,663,1496,0.1388
821,666,1487,0.1388
831,666,1497,0.1388
836,674,1510,0.1388
824,668,1492,0.1388
823,675,1498,0.1388
833,674,1507,0.1388
829,673,1502,0.1388
833,674,1507,0.1388
826,672,1498,0.1388
829,677,1506,0.1388
831,681,1512,0.1388
821,681,1502,0.1388
833,687,1520,0.1388
827,688,1515,0.1388
819,682,1501,0.1388
824,682,1506,0.1388
817,680,1497,0.1388
819,680,1499,0.1388
814,681,1495,0.1388
809,686,1495,0.1388
804,691,1495,0.1388
812,683,1495,0.1388
816,696,1512,0.1388
813,701,1514,0.1388
815,706,1521,0.1388
818,699,1517,0.1388
811,703,1514,0.1388
801,704,1505,0.1388
808,702,1510,0.1388
822,691,1513,0.1388
808,692,1500,0.1388
796,707,1503,0.1388
790,703,1493,0.1388
789,706,1495,0.1388
800,698,1498,0.1388
804,695,1499,0.1388
801,701,1502,0.1388
798,704,1502,0.1388
804,709,1513,0.1388
792,717,1509,0.1388
795,707,1502,0.1388
800,700,1500,0.1388
798,700,1498,0.1388
801,707,1508,0.1388
796,700,1496,0.1388
800,703,1503,0.1388
794,711,1505,0.1388
791,715,1506,0.1388
786,718,1504,0.1388
785,719,1504,0.1388
797,725,1522,0.1388
791,722,1513,0.1388
789,725,1514,0.1388
790,722,1512,0.1388
776,728,1504,0.1388
780,731,1511,0.1388
782,732,1514,0.1388
775,733,1508,0.1388
771,730,1501,0.1388
771,733,1504,0.1388
780,742,1522,0.1388
774,743,1517,0.1388
766,746,1512,0.1388
764,744,1508,0.1388
772,752,1524,0.1388
766,738,1504,0.1388
770,743,1513,0.1388
769,756,1525,0.1388
755,754,1509,0.1388
747,750,1497,0.1388
747,748,1495,0.1388
754,761,1515,0.1388
758,758,1516,0.1388
758,761,1519,0.1388
757,757,1514,0.1388
762,749,1511,0.1388
758,759,1517,0.1388
756,758,1514,0.1388
752,759,1511,0.1388
753,765,1518,0.1388
748,754,1502,0.1388
760,755,1515,0.1388
753,756,1509,0.1388
748,758,1506,0.1388
744,753,1497,0.1388
730,762,1492,0.1388
743,755,1498,0.1388
743,757,1500,0.1388
741,752,1493,0.1388
739,752,1491,0.1388
740,751,1491,0.1388
747,741,1488,0.1388
743,741,1484,0.1388
751,746,1497,0.1388
756,748,1504,0.1388
759,750,1509,0.1388
763,756,1519,0.1388
756,756,1512,0.1388
748,762,1510,0.1388
751,761,1512,0.1388
748,759,1507,0.1388
746,759,1505,0.1388
740,753,1493,0.1388
756,753,1509,0.1388
756,761,1517,0.1388
753,767,1520,0.1388
752,761,1513,0.1388
745,767,1512,0.1388
751,773,1524,0.1388
750,768,1518,0.1388
739,762,1501,0.1388
743,765,1508,0.1388
743,765,1508,0.1388
743,762,1505,0.1388
748,758,1506,0.1388
746,769,1515,0.1388
732,771,1503,0.1388
725,777,1502,0.1388
736,776,1512,0.1388
732,764,1496,0.1388
733,771,1504,0.1388
730,778,1508,0.1388
728,775,1503,0.1388
721,776,1497,0.1388
721,778,1499,0.1388
727,785,1512,0.1388
720,778,1498,0.1388
718,780,1498,0.1388
720,785,1505,0.1388
715,794,1509,0.1388
708,800,1508,0.1388
713,794,1507,0.1388
706,801,1507,0.1388
699,800,1499,0.1388
702,802,1504,0.1388
707,802,1509,0.1388
702,802,1504,0.1388
698,806,1504,0.1388
697,804,1501,0.1388
693,806,1499,0.1388
695,802,1497,0.1388
694,807,1501,0.1388
692,819,1511,0.1388
692,825,1517,0.1388
693,822,1515,0.1388
690,822,1512,0.1388
695,826,1521,0.1388
689,820,1509,0.1388
690,819,1509,0.1388
684,813,1497,0.1388
673,821,1494,0.1388
680,828,1508,0.1388
673,832,1505,0.1388
677,825,1502,0.1388
673,815,1488,0.1388
677,819,1496,0.1388
673,822,1495,0.1388
673,820,1493,0.1388
669,829,1498,0.1388
668,833,1501,0.1388
679,840,1519,0.1388
674,834,1508,0.1388
671,829,1500,0.1388
670,838,1508,0.1388
662,838,1500,0.1388
673,837,1510,0.1388
663,834,1497,0.1388
663,836,1499,0.1388
669,833,1502,0.1388
667,834,1501,0.1388
671,841,1512,0.1388
671,842,1513,0.1388
667,852,1519,0.1388
664,853,1517,0.1388
655,852,1507,0.1388
657,860,1517,0.1388
656,865,1521,0.1388
657,862,1519,0.1388
654,861,1515,0.1388
651,861,1512,0.1388
658,851,1509,0.1388
663,852,1515,0.1388
666,855,1521,0.1388
653,850,1503,0.1388
643,849,1492,0.1388
651,861,1512,0.1388
648,863,1511,0.1388
650,867,1517,0.1388
640,866,1506,0.1388
650,862,1512,0.1388
647,855,1502,0.1388
650,844,1494,0.1388
648,854,1502,0.1388
651,853,1504,0.1388
644,861,1505,0.1388
644,872,1516,0.1388
638,871,1509,0.1388
638,875,1513,0.1388
635,871,1506,0.1388
628,865,1493,0.1388
625,865,1490,0.1388
626,869,1495,0.1388
625,864,1489,0.1388
635,882,1517,0.1388
630,885,1515,0.1388
625,885,1510,0.1388
623,884,1507,0.1388
619,887,1506,0.1388
616,899,1515,0.1388
607,894,1501,0.1388
606,896,1502,0.1388
606,895,1501,0.1388
603,887,1490,0.1388
607,893,1500,0.1388
609,899,1508,0.1388
610,900,1510,0.1388
608,895,1503,0.1388
608,896,1504,0.1388
605,907,1512,0.1388
607,906,1513,0.1388
599,911,1510,0.1388
596,915,1511,0.1388
598,917,1515,0.1388
594,923,1517,0.1388
579,917,1496,0.1388
566,922,1488,0.1388
568,924,1492,0.1388
566,930,1496,0.1388
563,932,1495,0.1388
560,939,1499,0.1388
564,942,1506,0.1388
569,940,1509,0.1388
573,941,1514,0.1388
572,947,1519,0.1388
572,955,1527,0.1388
560,953,1513,0.1388
560,949,1509,0.1388
560,950,1510,0.1388
556,945,1501,0.1388
565,951,1516,0.1388
561,947,1508,0.1388
565,945,1510,0.1388
559,947,1506,0.1388
557,942,1499,0.1388
557,936,1493,0.1388
550,940,1490,0.1388
561,948,1509,0.1388
564,950,1514,0.1388
561,950,1511,0.1388
561,955,1516,0.1388
562,963,1525,0.1388
552,963,1515,0.1388
557,959,1516,0.1388
542,961,1503,0.1388
542,969,1511,0.1388
546,959,1505,0.1388
545,970,1515,0.1388
539,972,1511,0.1388
532,984,1516,0.1388
530,974,1504,0.1388
532,973,1505,0.1388
528,980,1508,0.1388
525,987,1512,0.1388
511,982,1493,0.1388
516,978,1494,0.1388
513,980,1493,0.1388
508,982,1490,0.1388
512,991,1503,0.1388
517,994,1511,0.1388
516,991,1507,0.1388
522,997,1519,0.1388
518,1001,1519,0.1388
522,1007,1529,0.1388
517,1011,1528,0.1388
510,1005,1515,0.1388
513,997,1510,0.1388
514,995,1509,0.1388
516,983,1499,0.1388
520,997,1517,0.1388
517,997,1514,0.1388
515,1002,1517,0.1388
508,1005,1513,0.1388
497,994,1491,0.1388
500,995,1495,0.1388
498,1009,1507,0.1388
503,1017,1520,0.1388
498,1027,1525,0.1388
495,1013,1508,0.1388
493,1021,1514,0.1388
498,1010,1508,0.1388
496,1005,1501,0.1388
498,1003,1501,0.1388
500,1011,1511,0.1388
496,1010,1506,0.1388
499,1015,1514,0.1388
501,1023,1524,0.1388
496,1033,1529,0.1388
492,1025,1517,0.1388
492,1030,1522,0.1388
490,1029,1519,0.1388
485,1021,1506,0.1388
485,1023,1508,0.1388
489,1026,1515,0.1388
491,1025,1516,0.1388
486,1025,1511,0.1388
490,1015,1505,0.1388
493,1025,1518,0.1388
492,1025,1517,0.1388
487,1024,1511,0.1388
497,1039,1536,0.1388
491,1035,1526,0.1388
483,1027,1510,0.1388
480,1025,1505,0.1388
472,1031,1503,0.1388
472,1037,1509,0.1388
479,1043,1522,0.1388
477,1043,1520,0.1388
474,1038,1512,0.1388
471,1048,1519,0.1388
466,1045,1511,0.1388
477,1038,1515,0.1388
467,1041,1508,0.1388
463,1032,1495,0.1388
466,1040,1506,0.1388
470,1044,1514,0.1388
470,1030,1500,0.1388
472,1033,1505,0.1388
485,1028,1513,0.1388
484,1029,1513,0.1388
482,1036,1518,0.1388
471,1035,1506,0.1388
473,1025,1498,0.1388
474,1030,1504,0.1388
477,1031,1508,0.1388
480,1027,1507,0.1388
481,1029,1510,0.1388
481,1029,1510,0.1388
482,1049,1531,0.1388
477,1041,1518,0.1388
473,1040,1513,0.1388
466,1033,1499,0.1388
473,1029,1502,0.1388
468,1027,1495,0.1388
466,1043,1509,0.1388
465,1056,1521,0.1388
469,1040,1509,0.1388
473,1051,1524,0.1388
462,1052,1514,0.1388
453,1048,1501,0.1388
461,1055,1516,0.1388
460,1058,1518,0.1388
467,1053,1520,0.1388
467,1046,1513,0.1388
469,1049,1518,0.1388
458,1052,1510,0.1388
458,1047,1505,0.1388
461,1057,1518,0.1388
454,1052,1506,0.1388
454,1046,1500,0.1388
445,1051,1496,0.1388
455,1046,1501,0.1388
458,1055,1513,0.1388
451,1060,1511,0.1388
448,1063,1511,0.1388
449,1055,1504,0.1388
455,1069,1524,0.1388
454,1061,1515,0.1388
448,1054,1502,0.1388
442,1063,1505,0.1388
444,1053,1497,0.1388
442,1045,1487,0.1388
437,1039,1476,0.1388
439,1048,1487,0.1388
443,1054,1497,0.1388
433,1071,1504,0.1388
436,1064,1500,0.1388
436,1068,1504,0.1388
428,1059,1487,0.1388
423,1068,1491,0.1388
431,1071,1502,0.1388
434,1074,1508,0.1388
437,1073,1510,0.1388
432,1072,1504,0.1388
438,1067,1505,0.1388
431,1059,1490,0.1388
429,1078,1507,0.1388
431,1073,1504,0.1388
433,1072,1505,0.1388
438,1058,1496,0.1388
433,1074,1507,0.1388
435,1067,1502,0.1388
431,1079,1510,0.1388
433,1078,1511,0.1388
436,1079,1515,0.1388
433,1082,1515,0.1388
429,1072,1501,0.1388
428,1076,1504,0.1388
432,1082,1514,0.1388
436,1091,1527,0.1388
437,1088,1525,0.1388
436,1088,1524,0.1388
430,1078,1508,0.1388
436,1069,1505,0.1388
434,1073,1507,0.1388
431,1067,1498,0.1388
433,1076,1509,0.1388
439,1076,1515,0.1388
445,1072,1517,0.1388
444,1075,1519,0.1388
444,1082,1526,0.1388
446,1077,1523,0.1388
443,1077,1520,0.1388
446,1074,1520,0.1388
438,1083,1521,0.1388
443,1088,1531,0.1388
444,1076,1520,0.1388
442,1073,1515,0.1388
446,1082,1528,0.1388
448,1078,1526,0.1388
443,1067,1510,0.1388
440,1064,1504,0.1388
448,1061,1509,0.1388
442,1078,1520,0.1388
446,1066,1512,0.1388
447,1064,1511,0.1388
441,1064,1505,0.1388
445,1063,1508,0.1388
443,1069,1512,0.1388
438,1061,1499,0.1388
435,1062,1497,0.1388
434,1072,1506,0.1388
434,1077,1511,0.1388
443,1068,1511,0.1388
443,1069,1512,0.1388
447,1074,1521,0.1388
442,1063,1505,0.1388
439,1066,1505,0.1388
438,1074,1512,0.1388
440,1074,1514,0.1388
438,1078,1516,0.1388
435,1073,1508,0.1388
431,1076,1507,0.1388
434,1074,1508,0.1388
436,1077,1513,0.1388
435,1075,1510,0.1388
437,1084,1521,0.1388
438,1079,1517,0.1388
442,1079,1521,0.1388
437,1068,1505,0.1388
435,1073,1508,0.1388
437,1066,1503,0.1388
437,1058,1495,0.1388
439,1066,1505,0.1388
435,1066,1501,0.1388
426,1076,1502,0.1388
423,1078,1501,0.1388
420,1093,1513,0.1388
412,1103,1515,0.1388
409,1101,1510,0.1388
409,1101,1510,0.1388
418,1103,1521,0.1388
417,1100,1517,0.1388
415,1096,1511,0.1388
411,1099,1510,0.1388
406,1110,1516,0.1388
401,1111,1512,0.1388
403,1109,1512,0.1388
402,1111,1513,0.1388
411,1098,1509,0.1388
404,1091,1495,0.1388
400,1094,1494,0.1388
395,1111,1506,0.1388
402,1113,1515,0.1388
406,1110,1516,0.1388
403,1116,1519,0.1388
393,1118,1511,0.1388
396,1113,1509,0.1388
392,1122,1514,0.1388
385,1118,1503,0.1388
384,1117,1501,0.1388
391,1121,1512,0.1388
389,1113,1502,0.1388
392,1116,1508,0.1388
391,1119,1510,0.1388
390,1114,1504,0.1388
395,1115,1510,0.1388
394,1114,1508,0.1388
394,1115,1509,0.1388
391,1117,1508,0.1388
391,1121,1512,0.1388
386,1124,1510,0.1388
390,1130,1520,0.1388
392,1119,1511,0.1388
388,1118,1506,0.1388
380,1132,1512,0.1388
380,1145,1525,0.1388
375,1135,1510,0.1388
378,1139,1517,0.1388
380,1144,1524,0.1388
384,1139,1523,0.1388
383,1135,1518,0.1388
381,1139,1520,0.1388
375,1131,1506,0.1388
376,1134,1510,0.1388
374,1139,1513,0.1388
375,1135,1510,0.1388
362,1142,1504,0.1388
370,1147,1517,0.1388
367,1152,1519,0.1388
365,1149,1514,0.1388
364,1155,1519,0.1388
361,1147,1508,0.1388
360,1148,1508,0.1388
362,1161,1523,0.1388
354,1161,1515,0.1388
360,1170,1530,0.1388
360,1172,1532,0.1388
361,1160,1521,0.1388
351,1162,1513,0.1388
348,1150,1498,0.1388
351,1155,1506,0.1388
349,1175,1524,0.1388
347,1171,1518,0.1388
343,1168,1511,0.1388
345,1168,1513,0.1388
327,1175,1502,0.1388
329,1160,1489,0.1388
326,1170,1496,0.1388
326,1172,1498,0.1388
328,1181,1509,0.1388
332,1172,1504,0.1388
332,1164,1496,0.1388
336,1172,1508,0.1388
341,1175,1516,0.1388
337,1180,1517,0.1388
338,1178,1516,0.1388
337,1176,1513,0.1388
337,1176,1513,0.1388
339,1163,1502,0.1388
334,1163,1497,0.1388
334,1167,1501,0.1388
336,1179,1515,0.1388
332,1177,1509,0.1388
328,1183,1511,0.1388
326,1180,1506,0.1388
325,1182,1507,0.1388
328,1188,1516,0.1388
331,1188,1519,0.1388
329,1196,1525,0.1388
328,1188,1516,0.1388
323,1187,1510,0.1388
324,1190,1514,0.1388
324,1191,1515,0.1388
315,1192,1507,0.1388
320,1195,1515,0.1388
318,1187,1505,0.1388
316,1204,1520,0.1388
307,1207,1514,0.1388
311,1197,1508,0.1388
314,1196,1510,0.1388
311,1190,1501,0.1388
312,1186,1498,0.1388
317,1189,1506,0.1388
314,1202,1516,0.1388
314,1198,1512,0.1388
310,1193,1503,0.1388
309,1189,1498,0.1388
319,1195,1514,0.1388
321,1201,1522,0.1388
321,1200,1521,0.1388
322,1192,1514,0.1388
323,1181,1504,0.1388
314,1191,1505,0.1388
315,1194,1509,0.1388
317,1194,1511,0.1388
311,1207,1518,0.1388
310,1200,1510,0.1388
307,1186,1493,0.1388
308,1197,1505,0.1388
309,1186,1495,0.1388
306,1198,1504,0.1388
307,1199,1506,0.1388
309,1197,1506,0.1388
310,1189,1499,0.1388
311,1181,1492,0.1388
311,1179,1490,0.1388
316,1183,1499,0.1388
319,1192,1511,0.1388
323,1190,1513,0.1388
325,1194,1519,0.1388
324,1182,1506,0.1388
323,1196,1519,0.1388
325,1189,1514,0.1388
323,1177,1500,0.1388
326,1185,1511,0.1388
329,1189,1518,0.1388
326,1192,1518,0.1388
322,1181,1503,0.1388
318,1186,1504,0.1388
322,1183,1505,0.1388
322,1183,1505,0.1388
324,1194,1518,0.1388
320,1189,1509,0.1388
318,1199,1517,0.1388
321,1198,1519,0.1388
317,1203,1520,0.1388
322,1198,1520,0.1388
316,1196,1512,0.1388
313,1186,1499,0.1388
309,1190,1499,0.1388
307,1188,1495,0.1388
312,1189,1501,0.1388
313,1199,1512,0.1388
309,1200,1509,0.1388
312,1206,1518,0.1388
310,1216,1526,0.1388
307,1213,1520,0.1388
307,1205,1512,0.1388
307,1199,1506,0.1388
309,1196,1505,0.1388
312,1200,1512,0.1388
313,1204,1517,0.1388
310,1210,1520,0.1388
311,1209,1520,0.1388
310,1207,1517,0.1388
309,1204,1513,0.1388
311,1210,1521,0.1388
308,1208,1516,0.1388
302,1215,1517,0.1388
305,1224,1529,0.1388
304,1224,1528,0.1388
301,1218,1519,0.1388
289,1233,1522,0.1388
299,1219,1518,0.1388
299,1214,1513,0.1388
304,1220,1524,0.1388
305,1223,1528,0.1388
302,1218,1520,0.1388
302,1210,1512,0.1388
303,1205,1508,0.1388
301,1224,1525,0.1388
304,1229,1533,0.1388
303,1225,1528,0.1388
299,1208,1507,0.1388
301,1204,1505,0.1388
304,1194,1498,0.1388
308,1198,1506,0.1388
307,1217,1524,0.1388
307,1221,1528,0.1388
305,1218,1523,0.1388
304,1214,1518,0.1388
305,1212,1517,0.1388
308,1213,1521,0.1388
310,1217,1527,0.1388
309,1223,1532,0.1388
304,1204,1508,0.1388
309,1202,1511,0.1388
308,1196,1504,0.1388
304,1205,1509,0.1388
309,1219,1528,0.1388
313,1220,1533,0.1388
315,1207,1522,0.1388
314,1219,1533,0.1388
305,1214,1519,0.1388
301,1211,1512,0.1388
303,1211,1514,0.1388
301,1204,1505,0.1388
294,1216,1510,0.1388
290,1211,1501,0.1388
291,1213,1504,0.1388
290,1224,1514,0.1388
287,1231,1518,0.1388
290,1235,1525,0.1388
290,1231,1521,0.1388
288,1230,1518,0.1388
288,1228,1516,0.1388
284,1232,1516,0.1388
282,1236,1518,0.1388
275,1242,1517,0.1388
272,1240,1512,0.1388
270,1249,1519,0.1388
273,1244,1517,0.1388
276,1240,1516,0.1388
273,1238,1511,0.1388
276,1239,1515,0.1388
276,1241,1517,0.1388
273,1232,1505,0.1388
279,1233,1512,0.1388
283,1229,1512,0.1388
282,1228,1510,0.1388
287,1232,1519,0.1388
289,1227,1516,0.1388
292,1235,1527,0.1388
292,1245,1537,0.1388
289,1233,1522,0.1388
284,1231,1515,0.1388
277,1237,1514,0.1388
276,1243,1519,0.1388
276,1244,1520,0.1388
280,1256,1536,0.1388
279,1248,1527,0.1388
280,1251,1531,0.1388
276,1248,1524,0.1388
272,1240,1512,0.1388
268,1244,1512,0.1388
265,1243,1508,0.1388
263,1241,1504,0.1388
264,1243,1507,0.1388
263,1237,1500,0.1388
262,1242,1504,0.1388
264,1257,1521,0.1388
264,1241,1505,0.1388
258,1242,1500,0.1388
253,1254,1507,0.1388
251,1257,1508,0.1388
257,1246,1503,0.1388
253,1252,1505,0.1388
256,1258,1514,0.1388
255,1258,1513,0.1388
253,1258,1511,0.1388
248,1255,1503,0.1388
252,1255,1507,0.1388
254,1261,1515,0.1388
252,1253,1505,0.1388
244,1254,1498,0.1388
244,1251,1495,0.1388
240,1257,1497,0.1388
239,1256,1495,0.1388
243,1264,1507,0.1388
245,1275,1520,0.1388
244,1270,1514,0.1388
247,1283,1530,0.1388
247,1283,1530,0.1388
242,1275,1517,0.1388
242,1272,1514,0.1388
237,1274,1511,0.1388
238,1277,1515,0.1388
232,1262,1494,0.1388
232,1272,1504,0.1388
235,1270,1505,0.1388
240,1268,1508,0.1388
235,1270,1505,0.1388
239,1273,1512,0.1388
235,1266,1501,0.1388
230,1265,1495,0.1388
229,1276,1505,0.1388
232,1274,1506,0.1388
235,1276,1511,0.1388
232,1288,1520,0.1388
232,1285,1517,0.1388
233,1276,1509,0.1388
236,1269,1505,0.1388
239,1282,1521,0.1388
237,1285,1522,0.1388
238,1288,1526,0.1388
234,1275,1509,0.1388
226,1294,1520,0.1388
234,1283,1517,0.1388
231,1279,1510,0.1388
230,1276,1506,0.1388
231,1277,1508,0.1388
232,1268,1500,0.1388
231,1270,1501,0.1388
227,1284,1511,0.1388
228,1290,1518,0.1388
224,1276,1500,0.1388
226,1264,1490,0.1388
226,1270,1496,0.1388
215,1276,1491,0.1388
214,1280,1494,0.1388
222,1276,1498,0.1388
227,1268,1495,0.1388
224,1285,1509,0.1388
219,1291,1510,0.1388
218,1290,1508,0.1388
221,1282,1503,0.1388
218,1289,1507,0.1388
225,1302,1527,0.1388
223,1297,1520,0.1388
224,1301,1525,0.1388
219,1299,1518,0.1388
218,1296,1514,0.1388
217,1293,1510,0.1388
217,1290,1507,0.1388
218,1294,1512,0.1388
218,1295,1513,0.1388
217,1298,1515,0.1388
216,1307,1523,0.1388
209,1302,1511,0.1388
205,1306,1511,0.1388
208,1295,1503,0.1388
212,1293,1505,0.1388
216,1294,1510,0.1388
218,1302,1520,0.1388
212,1293,1505,0.1388
210,1300,1510,0.1388
209,1291,1500,0.1388
205,1295,1500,0.1388
214,1282,1496,0.1388
215,1306,1521,0.1388
214,1304,1518,0.1388
216,1300,1516,0.1388
214,1302,1516,0.1388
214,1300,1514,0.1388
216,1295,1511,0.1388
217,1307,1524,0.1388
216,1312,1528,0.1388
216,1319,1535,0.1388
213,1311,1524,0.1388
216,1298,1514,0.1388
212,1293,1505,0.1388
212,1302,1514,0.1388
213,1304,1517,0.1388
210,1302,1512,0.1388
209,1302,1511,0.1388
209,1312,1521,0.1388
203,1315,1518,0.1388
203,1316,1519,0.1388
201,1303,1504,0.1388
205,1321,1526,0.1388
207,1309,1516,0.1388
209,1298,1507,0.1388
211,1298,1509,0.1388
210,1295,1505,0.1388
206,1302,1508,0.1388
205,1304,1509,0.1388
203,1300,1503,0.1388
205,1300,1505,0.1388
202,1302,1504,0.1388
199,1306,1505,0.1388
199,1306,1505,0.1388
203,1313,1516,0.1388
202,1320,1522,0.1388
201,1323,1524,0.1388
198,1313,1511,0.1388
198,1312,1510,0.1388
195,1318,1513,0.1388
192,1304,1496,0.1388
196,1315,1511,0.1388
199,1310,1509,0.1388
198,1314,1512,0.1388
198,1319,1517,0.1388
196,1314,1510,0.1388
195,1310,1505,0.1388
196,1312,1508,0.1388
197,1306,1503,0.1388
197,1310,1507,0.1388
196,1321,1517,0.1388
194,1329,1523,0.1388
190,1323,1513,0.1388
191,1324,1515,0.1388
192,1332,1524,0.1388
192,1337,1529,0.1388
188,1334,1522,0.1388
184,1330,1514,0.1388
189,1319,1508,0.1388
190,1318,1508,0.1388
192,1310,1502,0.1388
195,1313,1508,0.1388
189,1311,1500,0.1388
189,1317,1506,0.1388
187,1312,1499,0.1388
190,1326,1516,0.1388
192,1327,1519,0.1388
195,1322,1517,0.1388
192,1320,1512,0.1388
189,1317,1506,0.1388
186,1311,1497,0.1388
193,1304,1497,0.1388
194,1311,1505,0.1388
195,1310,1505,0.1388
192,1309,1501,0.1388
192,1321,1513,0.1388
194,1318,1512,0.1388
195,1318,1513,0.1388
192,1329,1521,0.1388
186,1318,1504,0.1388
189,1309,1498,0.1388
189,1309,1498,0.1388
185,1316,1501,0.1388
186,1314,1500,0.1388
187,1321,1508,0.1388
191,1311,1502,0.1388
196,1318,1514,0.1388
194,1320,1514,0.1388
193,1318,1511,0.1388
194,1317,1511,0.1388
192,1315,1507,0.1388
189,1316,1505,0.1388
193,1318,1511,0.1388
189,1314,1503,0.1388
189,1305,1494,0.1388
190,1317,1507,0.1388
194,1307,1501,0.1388
190,1311,1501,0.1388
187,1321,1508,0.1388
190,1325,1515,0.1388
196,1320,1516,0.1388
193,1332,1525,0.1388
190,1343,1533,0.1388
190,1343,1533,0.1388
185,1334,1519,0.1388
189,1337,1526,0.1388
189,1333,1522,0.1388
189,1335,1524,0.1388
182,1327,1509,0.1388
181,1334,1515,0.1388
176,1328,1504,0.1388
179,1334,1513,0.1388
184,1332,1516,0.1388
187,1332,1519,0.1388
187,1326,1513,0.1388
191,1329,1520,0.1388
188,1326,1514,0.1388
189,1317,1506,0.1388
185,1319,1504,0.1388
187,1320,1507,0.1388
184,1325,1509,0.1388
184,1325,1509,0.1388
184,1331,1515,0.1388
183,1331,1514,0.1388
189,1334,1523,0.1388
190,1322,1512,0.1388
189,1316,1505,0.1388
188,1318,1506,0.1388
187,1327,1514,0.1388
187,1334,1521,0.1388
188,1343,1531,0.1388
188,1336,1524,0.1388
188,1318,1506,0.1388
185,1320,1505,0.1388
189,1333,1522,0.1388
185,1330,1515,0.1388
181,1345,1526,0.1388
180,1342,1522,0.1388
179,1335,1514,0.1388
174,1327,1501,0.1388
175,1327,1502,0.1388
172,1331,1503,0.1388
178,1335,1513,0.1388
175,1331,1506,0.1388
173,1323,1496,0.1388
168,1330,1498,0.1388
171,1334,1505,0.1388
167,1333,1500,0.1388
166,1343,1509,0.1388
164,1347,1511,0.1388
163,1346,1509,0.1388
165,1336,1501,0.1388
166,1341,1507,0.1388
166,1348,1514,0.1388
168,1340,1508,0.1388
164,1349,1513,0.1388
165,1340,1505,0.1388
168,1336,1504,0.1388
171,1326,1497,0.1388
169,1334,1503,0.1388
172,1334,1506,0.1388
169,1345,1514,0.1388
167,1346,1513,0.1388
167,1343,1510,0.1388
165,1340,1505,0.1388
168,1342,1510,0.1388
164,1354,1518,0.1388
165,1349,1514,0.1388
159,1341,1500,0.1388
158,1351,1509,0.1388
162,1339,1501,0.1388
165,1342,1507,0.1388
166,1350,1516,0.1388
166,1332,1498,0.1388
164,1341,1505,0.1388
165,1336,1501,0.1388
162,1348,1510,0.1388
161,1344,1505,0.1388
161,1350,1511,0.1388
162,1351,1513,0.1388
160,1340,1500,0.1388
154,1344,1498,0.1388
157,1351,1508,0.1388
157,1347,1504,0.1388
157,1350,1507,0.1388
158,1364,1522,0.1388
158,1360,1518,0.1388
159,1367,1526,0.1388
158,1367,1525,0.1388
159,1361,1520,0.1388
159,1357,1516,0.1388
152,1360,1512,0.1388
151,1357,1508,0.1388
151,1363,1514,0.1388
154,1357,1511,0.1388
147,1364,1511,0.1388
151,1354,1505,0.1388
147,1363,1510,0.1388
149,1362,1511,0.1388
148,1365,1513,0.1388
146,1357,1503,0.1388
144,1339,1483,0.1388
136,1343,1479,0.1388
136,1362,1498,0.1388
140,1369,1509,0.1388
142,1380,1522,0.1388
140,1382,1522,0.1388
139,1380,1519,0.1388
143,1374,1517,0.1388
142,1369,1511,0.1388
142,1367,1509,0.1388
142,1389,1531,0.1388
139,1388,1527,0.1388
137,1385,1522,0.1388
137,1388,1525,0.1388
135,1372,1507,0.1388
138,1371,1509,0.1388
131,1371,1502,0.1388
131,1363,1494,0.1388
123,1369,1492,0.1388
130,1384,1514,0.1388
134,1385,1519,0.1388
137,1381,1518,0.1388
137,1381,1518,0.1388
136,1382,1518,0.1388
141,1381,1522,0.1388
142,1384,1526,0.1388
139,1380,1519,0.1388
145,1377,1522,0.1388
147,1383,1530,0.1388
147,1383,1530,0.1388
142,1379,1521,0.1388
140,1388,1528,0.1388
141,1396,1537,0.1388
138,1392,1530,0.1388
138,1377,1515,0.1388
135,1385,1520,0.1388
127,1383,1510,0.1388
137,1374,1511,0.1388
134,1374,1508,0.1388
136,1375,1511,0.1388
140,1369,1509,0.1388
143,1368,1511,0.1388
141,1370,1511,0.1388
139,1374,1513,0.1388
137,1362,1499,0.1388
140,1371,1511,0.1388
141,1381,1522,0.1388
136,1388,1524,0.1388
136,1382,1518,0.1388
136,1384,1520,0.1388
137,1379,1516,0.1388
136,1379,1515,0.1388
133,1372,1505,0.1388
133,1376,1509,0.1388
132,1377,1509,0.1388
133,1389,1522,0.1388
132,1382,1514,0.1388
131,1391,1522,0.1388
128,1402,1530,0.1388
126,1391,1517,0.1388
128,1387,1515,0.1388
123,1387,1510,0.1388
124,1393,1517,0.1388
128,1392,1520,0.1388
130,1394,1524,0.1388
130,1392,1522,0.1388
129,1392,1521,0.1388
130,1396,1526,0.1388
127,1394,1521,0.1388
125,1398,1523,0.1388
122,1391,1513,0.1388
118,1395,1513,0.1388
121,1400,1521,0.1388
121,1381,1502,0.1388
119,1393,1512,0.1388
118,1394,1512,0.1388
120,1400,1520,0.1388
115,1405,1520,0.1388
114,1403,1517,0.1388
112,1399,1511,0.1388
110,1387,1497,0.1388
107,1389,1496,0.1388
108,1408,1516,0.1388
110,1416,1526,0.1388
111,1404,1515,0.1388
110,1417,1527,0.1388
108,1399,1507,0.1388
107,1408,1515,0.1388
106,1408,1514,0.1388
100,1406,1506,0.1388
102,1424,1526,0.1388
102,1418,1520,0.1388
97,1414,1511,0.1388
99,1417,1516,0.1388
101,1419,1520,0.1388
102,1417,1519,0.1388
104,1416,1520,0.1388
103,1408,1511,0.1388
103,1411,1514,0.1388
94,1405,1499,0.1388
97,1410,1507,0.1388
97,1407,1504,0.1388
96,1423,1519,0.1388
93,1421,1514,0.1388
91,1420,1511,0.1388
97,1421,1518,0.1388
97,1428,1525,0.1388
97,1422,1519,0.1388
95,1418,1513,0.1388
90,1432,1522,0.1388
90,1438,1528,0.1388
88,1431,1519,0.1388
88,1426,1514,0.1388
85,1422,1507,0.1388
82,1423,1505,0.1388
82,1432,1514,0.1388
82,1441,1523,0.1388
85,1442,1527,0.1388
83,1433,1516,0.1388
87,1438,1525,0.1388
87,1437,1524,0.1388
87,1430,1517,0.1388
87,1448,1535,0.1388
89,1446,1535,0.1388
90,1441,1531,0.1388
87,1443,1530,0.1388
84,1446,1530,0.1388
82,1432,1514,0.1388
83,1422,1505,0.1388
85,1427,1512,0.1388
87,1428,1515,0.1388
91,1423,1514,0.1388
91,1430,1521,0.1388
89,1447,1536,0.1388
86,1439,1525,0.1388
86,1429,1515,0.1388
86,1430,1516,0.1388
88,1436,1524,0.1388
87,1439,1526,0.1388
86,1431,1517,0.1388
88,1433,1521,0.1388
85,1437,1522,0.1388
87,1426,1513,0.1388
87,1432,1519,0.1388
89,1436,1525,0.1388
86,1436,1522,0.1388
86,1420,1506,0.1388
87,1411,1498,0.1388
86,1419,1505,0.1388
85,1429,1514,0.1388
83,1432,1515,0.1388
83,1429,1512,0.1388
85,1434,1519,0.1388
84,1434,1518,0.1388
86,1434,1520,0.1388
87,1429,1516,0.1388
86,1438,1524,0.1388
85,1432,1517,0.1388
84,1419,1503,0.1388
87,1431,1518,0.1388
87,1435,1522,0.1388
83,1420,1503,0.1388
82,1435,1517,0.1388
83,1439,1522,0.1388
85,1435,1520,0.1388
86,1436,1522,0.1388
84,1439,1523,0.1388
84,1438,1522,0.1388
85,1432,1517,0.1388
85,1431,1516,0.1388
87,1432,1519,0.1388
86,1428,1514,0.1388
84,1419,1503,0.1388
88,1409,1497,0.1388
87,1407,1494,0.1388
84,1425,1509,0.1388
83,1425,1508,0.1388
85,1431,1516,0.1388
83,1428,1511,0.1388
84,1434,1518,0.1388
87,1432,1519,0.1388
89,1431,1520,0.1388
86,1418,1504,0.1388
87,1424,1511,0.1388
86,1433,1519,0.1388
88,1437,1525,0.1388
87,1428,1515,0.1388
86,1441,1527,0.1388
82,1422,1504,0.1388
79,1429,1508,0.1388
79,1436,1515,0.1388
80,1440,1520,0.1388
76,1422,1498,0.1388
76,1419,1495,0.1388
80,1436,1516,0.1388
79,1444,1523,0.1388
78,1441,1519,0.1388
75,1439,1514,0.1388
76,1444,1520,0.1388
76,1449,1525,0.1388
78,1444,1522,0.1388
80,1441,1521,0.1388
79,1446,1525,0.1388
78,1440,1518,0.1388
75,1444,1519,0.1388
76,1449,1525,0.1388
77,1451,1528,0.1388
78,1446,1524,0.1388
78,1445,1523,0.1388
80,1439,1519,0.1388
80,1432,1512,0.1388
79,1443,1522,0.1388
79,1433,1512,0.1388
80,1440,1520,0.1388
78,1454,1532,0.1388
76,1453,1529,0.1388
74,1444,1518,0.1388
74,1447,1521,0.1388
72,1453,1525,0.1388
73,1463,1536,0.1388
73,1446,1519,0.1388
75,1435,1510,0.1388
72,1429,1501,0.1388
73,1448,1521,0.1388
74,1447,1521,0.1388
71,1438,1509,0.1388
71,1438,1509,0.1388
69,1440,1509,0.1388
68,1449,1517,0.1388
68,1445,1513,0.1388
66,1436,1502,0.1388
68,1442,1510,0.1388
66,1454,1520,0.1388
66,1446,1512,0.1388
64,1439,1503,0.1388
68,1444,1512,0.1388
69,1459,1528,0.1388
68,1458,1526,0.1388
65,1448,1513,0.1388
64,1450,1514,0.1388
65,1452,1517,0.1388
64,1451,1515,0.1388
64,1432,1496,0.1388
64,1429,1493,0.1388
63,1432,1495,0.1388
65,1439,1504,0.1388
65,1434,1499,0.1388
65,1425,1490,0.1388
65,1435,1500,0.1388
62,1442,1504,0.1388
63,1439,1502,0.1388
61,1454,1515,0.1388
61,1448,1509,0.1388
61,1441,1502,0.1388
60,1442,1502,0.1388
60,1436,1496,0.1388
59,1455,1514,0.1388
58,1452,1510,0.1388
58,1457,1515,0.1388
58,1458,1516,0.1388
57,1466,1523,0.1388
56,1465,1521,0.1388
56,1456,1512,0.1388
57,1454,1511,0.1388
57,1462,1519,0.1388
58,1468,1526,0.1388
53,1460,1513,0.1388
51,1455,1506,0.1388
51,1467,1518,0.1388
49,1461,1510,0.1388
49,1463,1512,0.1388
49,1475,1524,0.1388
50,1472,1522,0.1388
50,1476,1526,0.1388
50,1475,1525,0.1388
52,1462,1514,0.1388
51,1466,1517,0.1388
49,1460,1509,0.1388
48,1477,1525,0.1388
49,1473,1522,0.1388
49,1467,1516,0.1388
51,1481,1532,0.1388
51,1472,1523,0.1388
51,1470,1521,0.1388
54,1468,1522,0.1388
55,1469,1524,0.1388
55,1460,1515,0.1388
52,1466,1518,0.1388
53,1465,1518,0.1388
53,1458,1511,0.1388
53,1456,1509,0.1388
52,1457,1509,0.1388
53,1466,1519,0.1388
54,1474,1528,0.1388
54,1467,1521,0.1388
54,1466,1520,0.1388
53,1465,1518,0.1388
52,1470,1522,0.1388
55,1469,1524,0.1388
57,1466,1523,0.1388
55,1452,1507,0.1388
59,1459,1518,0.1388
57,1456,1513,0.1388
58,1469,1527,0.1388
56,1473,1529,0.1388
55,1475,1530,0.1388
51,1467,1518,0.1388
58,1462,1520,0.1388
60,1459,1519,0.1388
59,1461,1520,0.1388
58,1458,1516,0.1388
55,1453,1508,0.1388
57,1453,1510,0.1388
57,1453,1510,0.1388
58,1443,1501,0.1388
57,1438,1495,0.1388
59,1435,1494,0.1388
59,1443,1502,0.1388
61,1445,1506,0.1388
61,1451,1512,0.1388
61,1452,1513,0.1388
60,1462,1522,0.1388
57,1462,1519,0.1388
59,1462,1521,0.1388
58,1467,1525,0.1388
57,1465,1522,0.1388
55,1458,1513,0.1388
55,1464,1519,0.1388
56,1472,1528,0.1388
54,1463,1517,0.1388
53,1472,1525,0.1388
54,1461,1515,0.1388
53,1452,1505,0.1388
56,1463,1519,0.1388
56,1474,1530,0.1388
56,1462,1518,0.1388
57,1464,1521,0.1388
57,1471,1528,0.1388
56,1464,1520,0.1388
56,1464,1520,0.1388
56,1462,1518,0.1388
56,1457,1513,0.1388
56,1455,1511,0.1388
54,1466,1520,0.1388
54,1461,1515,0.1388
54,1466,1520,0.1388
53,1473,1526,0.1388
55,1469,1524,0.1388
51,1476,1527,0.1388
52,1476,1528,0.1388
52,1473,1525,0.1388
54,1475,1529,0.1388
56,1468,1524,0.1388
56,1478,1534,0.1388
55,1481,1536,0.1388
56,1471,1527,0.1388
55,1462,1517,0.1388
57,1466,1523,0.1388
58,1466,1524,0.1388
57,1467,1524,0.1388
57,1463,1520,0.1388
55,1449,1504,0.1388
56,1456,1512,0.1388
54,1451,1505,0.1388
53,1459,1512,0.1388
54,1469,1523,0.1388
54,1458,1512,0.1388
54,1461,1515,0.1388
55,1464,1519,0.1388
54,1470,1524,0.1388
54,1461,1515,0.1388
54,1458,1512,0.1388
50,1472,1522,0.1388
48,1458,1506,0.1388
50,1462,1512,0.1388
50,1459,1509,0.1388
50,1468,1518,0.1388
51,1468,1519,0.1388
52,1461,1513,0.1388
52,1465,1517,0.1388
54,1475,1529,0.1388
55,1479,1534,0.1388
55,1478,1533,0.1388
55,1467,1522,0.1388
50,1460,1510,0.1388
51,1458,1509,0.1388
54,1457,1511,0.1388
54,1461,1515,0.1388
54,1452,1506,0.1388
52,1467,1519,0.1388
51,1464,1515,0.1388
49,1462,1511,0.1388
49,1475,1524,0.1388
49,1466,1515,0.1388
51,1472,1523,0.1388
51,1467,1518,0.1388
47,1462,1509,0.1388
48,1467,1515,0.1388
48,1469,1517,0.1388
46,1470,1516,0.1388
49,1460,1509,0.1388
49,1463,1512,0.1388
47,1479,1526,0.1388
45,1468,1513,0.1388
46,1463,1509,0.1388
46,1473,1519,0.1388
45,1476,1521,0.1388
47,1473,1520,0.1388
43,1474,1517,0.1388
42,1475,1517,0.1388
42,1473,1515,0.1388
41,1471,1512,0.1388
40,1478,1518,0.1388
40,1473,1513,0.1388
40,1468,1508,0.1388
41,1470,1511,0.1388
43,1473,1516,0.1388
45,1481,1526,0.1388
47,1477,1524,0.1388
45,1461,1506,0.1388
43,1463,1506,0.1388
44,1457,1501,0.1388
44,1468,1512,0.1388
44,1476,1520,0.1388
43,1465,1508,0.1388
43,1473,1516,0.1388
41,1480,1521,0.1388
41,1474,1515,0.1388
42,1478,1520,0.1388
43,1481,1524,0.1388
42,1478,1520,0.1388
42,1470,1512,0.1388
40,1456,1496,0.1388
39,1465,1504,0.1388
43,1459,1502,0.1388
42,1463,1505,0.1388
40,1469,1509,0.1388
39,1458,1497,0.1388
39,1470,1509,0.1388
41,1482,1523,0.1388
40,1475,1515,0.1388
39,1481,1520,0.1388
39,1485,1524,0.1388
38,1485,1523,0.1388
38,1475,1513,0.1388
37,1488,1525,0.1388
33,1491,1524,0.1388
34,1479,1513,0.1388
34,1483,1517,0.1388
33,1487,1520,0.1388
33,1485,1518,0.1388
33,1487,1520,0.1388
33,1497,1530,0.1388
35,1482,1517,0.1388
35,1495,1530,0.1388
35,1494,1529,0.1388
34,1482,1516,0.1388
33,1488,1521,0.1388
33,1479,1512,0.1388
32,1472,1504,0.1388
31,1468,1499,0.1388
31,1470,1501,0.1388
35,1482,1517,0.1388
35,1477,1512,0.1388
34,1475,1509,0.1388
33,1470,1503,0.1388
35,1478,1513,0.1388
34,1467,1501,0.1388
35,1483,1518,0.1388
35,1482,1517,0.1388
35,1480,1515,0.1388
33,1489,1522,0.1388
32,1478,1510,0.1388
30,1473,1503,0.1388
30,1489,1519,0.1388
29,1485,1514,0.1388
30,1476,1506,0.1388
28,1483,1511,0.1388
29,1482,1511,0.1388
30,1481,1511,0.1388
29,1491,1520,0.1388
29,1477,1506,0.1388
26,1477,1503,0.1388
27,1476,1503,0.1388
27,1474,1501,0.1388
29,1494,1523,0.1388
27,1489,1516,0.1388
27,1491,1518,0.1388
26,1490,1516,0.1388
26,1481,1507,0.1388
24,1475,1499,0.1388
24,1489,1513,0.1388
24,1492,1516,0.1388
23,1494,1517,0.1388
23,1492,1515,0.1388
24,1482,1506,0.1388
24,1487,1511,0.1388
24,1497,1521,0.1388
25,1498,1523,0.1388
25,1485,1510,0.1388
25,1498,1523,0.1388
26,1488,1514,0.1388
25,1493,1518,0.1388
25,1497,1522,0.1388
25,1507,1532,0.1388
25,1502,1527,0.1388
25,1486,1511,0.1388
25,1502,1527,0.1388
25,1498,1523,0.1388
24,1486,1510,0.1388
25,1488,1513,0.1388
25,1501,1526,0.1388
25,1504,1529,0.1388
24,1514,1538,0.1388
22,1509,1531,0.1388
22,1512,1534,0.1388
21,1500,1521,0.1388
24,1498,1522,0.1388
24,1505,1529,0.1388
24,1503,1527,0.1388
24,1493,1517,0.1388
26,1498,1524,0.1388
26,1496,1522,0.1388
24,1493,1517,0.1388
24,1492,1516,0.1388
24,1488,1512,0.1388
24,1499,1523,0.1388
25,1495,1520,0.1388
25,1484,1509,0.1388
26,1476,1502,0.1388
26,1471,1497,0.1388
24,1482,1506,0.1388
25,1501,1526,0.1388
27,1492,1519,0.1388
25,1491,1516,0.1388
25,1497,1522,0.1388
28,1509,1537,0.1388
25,1503,1528,0.1388
25,1505,1530,0.1388
27,1508,1535,0.1388
27,1499,1526,0.1388
27,1498,1525,0.1388
26,1497,1523,0.1388
26,1508,1534,0.1388
24,1500,1524,0.1388
24,1494,1518,0.1388
22,1507,1529,0.1388
22,1498,1520,0.1388
23,1496,1519,0.1388
22,1485,1507,0.1388
22,1481,1503,0.1388
22,1490,1512,0.1388
23,1501,1524,0.1388
24,1494,1518,0.1388
23,1483,1506,0.1388
24,1500,1524,0.1388
23,1500,1523,0.1388
22,1511,1533,0.1388
21,1490,1511,0.1388
21,1485,1506,0.1388
21,1479,1500,0.1388
22,1489,1511,0.1388
21,1483,1504,0.1388
21,1486,1507,0.1388
22,1486,1508,0.1388
22,1472,1494,0.1388
21,1491,1512,0.1388
21,1484,1505,0.1388
22,1483,1505,0.1388
23,1487,1510,0.1388
23,1497,1520,0.1388
23,1492,1515,0.1388
23,1480,1503,0.1388
22,1501,1523,0.1388
22,1509,1531,0.1388
21,1496,1517,0.1388
21,1494,1515,0.1388
21,1504,1525,0.1388
21,1510,1531,0.1388
20,1498,1518,0.1388
21,1499,1520,0.1388
21,1498,1519,0.1388
21,1490,1511,0.1388
21,1497,1518,0.1388
20,1506,1526,0.1388
20,1496,1516,0.1388
20,1495,1515,0.1388
19,1496,1515,0.1388
19,1516,1535,0.1388
18,1500,1518,0.1388
17,1513,1530,0.1388
18,1499,1517,0.1388
18,1505,1523,0.1388
17,1510,1527,0.1388
15,1507,1522,0.1388
15,1497,1512,0.1388
15,1507,1522,0.1388
15,1502,1517,0.1388
16,1497,1513,0.1388
17,1496,1513,0.1388
16,1496,1512,0.1388
17,1494,1511,0.1388
18,1492,1510,0.1388
17,1509,1526,0.1388
18,1500,1518,0.1388
18,1496,1514,0.1388
18,1495,1513,0.1388
19,1495,1514,0.1388
19,1497,1516,0.1388
18,1496,1514,0.1388
18,1500,1518,0.1388
18,1506,1524,0.1388
20,1512,1532,0.1388
19,1505,1524,0.1388
20,1509,1529,0.1388
21,1500,1521,0.1388
20,1506,1526,0.1388
19,1499,1518,0.1388
20,1494,1514,0.1388
19,1493,1512,0.1388
19,1493,1512,0.1388
17,1480,1497,0.1388
18,1479,1497,0.1388
18,1493,1511,0.1388
17,1490,1507,0.1388
17,1494,1511,0.1388
17,1498,1515,0.1388
16,1498,1514,0.1388
17,1508,1525,0.1388
15,1498,1513,0.1388
16,1495,1511,0.1388
16,1502,1518,0.1388
17,1496,1513,0.1388
17,1493,1510,0.1388
17,1499,1516,0.1388
18,1493,1511,0.1388
18,1502,1520,0.1388
18,1501,1519,0.1388
17,1499,1516,0.1388
17,1506,1523,0.1388
17,1496,1513,0.1388
16,1494,1510,0.1388
18,1504,1522,0.1388
18,1506,1524,0.1388
18,1505,1523,0.1388
19,1508,1527,0.1388
19,1492,1511,0.1388
18,1505,1523,0.1388
18,1499,1517,0.1388
18,1514,1532,0.1388
18,1505,1523,0.1388
17,1498,1515,0.1388
18,1504,1522,0.1388
17,1494,1511,0.1388
16,1501,1517,0.1388
16,1499,1515,0.1388
15,1503,1518,0.1388
14,1503,1517,0.1388
12,1508,1520,0.1388
11,1506,1517,0.1388
11,1514,1525,0.1388
11,1500,1511,0.1388
10,1507,1517,0.1388
9,1506,1515,0.1388
9,1504,1513,0.1388
8,1510,1518,0.1388
8,1512,1520,0.1388
8,1506,1514,0.1388
8,1525,1533,0.1388
9,1529,1538,0.1388
9,1531,1540,0.1388
9,1524,1533,0.1388
9,1522,1531,0.1388
9,1525,1534,0.1388
9,1516,1525,0.1388
10,1512,1522,0.1388
10,1514,1524,0.1388
10,1509,1519,0.1388
9,1508,1517,0.1388
9,1504,1513,0.1388
9,1511,1520,0.1388
9,1509,1518,0.1388
9,1511,1520,0.1388
9,1495,1504,0.1388
9,1486,1495,0.1388
9,1488,1497,0.1388
9,1505,1514,0.1388
8,1504,1512,0.1388
8,1508,1516,0.1388
8,1511,1519,0.1388
8,1510,1518,0.1388
8,1508,1516,0.1388
9,1515,1524,0.1388
9,1511,1520,0.1388
9,1514,1523,0.1388
9,1513,1522,0.1388
9,1513,1522,0.1388
8,1511,1519,0.1388
8,1527,1535,0.1388
7,1500,1507,0.1388
7,1507,1514,0.1388
7,1507,1514,0.1388
6,1517,1523,0.1388
6,1516,1522,0.1388
6,1514,1520,0.1388
7,1511,1518,0.1388
7,1521,1528,0.1388
6,1511,1517,0.1388
6,1515,1521,0.1388
6,1526,1532,0.1388
6,1511,1517,0.1388
6,1516,1522,0.1388
6,1514,1520,0.1388
6,1514,1520,0.1388
6,1515,1521,0.1388
6,1513,1519,0.1388
6,1497,1503,0.1388
6,1503,1509,0.1388
6,1503,1509,0.1388
6,1520,1526,0.1388
6,1517,1523,0.1388
7,1512,1519,0.1388
7,1512,1519,0.1388
6,1514,1520,0.1388
6,1498,1504,0.1388
6,1511,1517,0.1388
7,1516,1523,0.1388
6,1510,1516,0.1388
4,1518,1522,0.1388
4,1514,1518,0.1388
4,1490,1494,0.1388
5,1494,1499,0.1388
4,1505,1509,0.1388
3,1506,1509,0.1388
3,1527,1530,0.1388
3,1521,1524,0.1388
3,1525,1528,0.1388
3,1511,1514,0.1388
5,1532,1537,0.1388
5,1514,1519,0.1388
5,1504,1509,0.1388
5,1509,1514,0.1388
5,1523,1528,0.1388
5,1500,1505,0.1388
5,1507,1512,0.1388
5,1494,1499,0.1388
5,1495,1500,0.1388
5,1506,1511,0.1388
5,1511,1516,0.1388
5,1511,1516,0.1388
5,1510,1515,0.1388
5,1511,1516,0.1388
5,1506,1511,0.1388
4,1502,1506,0.1388
4,1510,1514,0.1388
4,1513,1517,0.1388
4,1507,1511,0.1388
4,1502,1506,0.1388
4,1503,1507,0.1388
4,1503,1507,0.1388
4,1521,1525,0.1388
4,1522,1526,0.1388
4,1520,1524,0.1388
4,1509,1513,0.1388
4,1517,1521,0.1388
4,1516,1520,0.1388
3,1516,1519,0.1388
3,1517,1520,0.1388
3,1515,1518,0.1388
3,1524,1527,0.1388
2,1528,1530,0.1388
2,1503,1505,0.1388
2,1501,1503,0.1388
2,1511,1513,0.1388
2,1514,1516,0.1388
2,1503,1505,0.1388
1,1511,1512,0.1388
1,1512,1513,0.1388
1,1500,1501,0.1388
1,1502,1503,0.1388
0,1508,1508,0.1388
