1361,29,1390,0.1388
1407,29,1436,0.1388
1441,29,1470,0.1388
1448,29,1477,0.1388
1467,28,1495,0.1388
1469,27,1496,0.1388
1462,26,1488,0.1388
1448,29,1477,0.1388
1449,30,1479,0.1388
1450,33,1483,0.1388
1454,33,1487,0.1388
1458,32,1490,0.1388
1467,33,1500,0.1388
1476,33,1509,0.1388
1469,34,1503,0.1388
1465,36,1501,0.1388
1457,36,1493,0.1388
1462,37,1499,0.1388
1457,36,1493,0.1388
1469,36,1505,0.1388
1460,35,1495,0.1388
1446,34,1480,0.1388
1448,36,1484,0.1388
1456,36,1492,0.1388
1468,35,1503,0.1388
1458,35,1493,0.1388
1465,36,1501,0.1388
1463,36,1499,0.1388
1484,35,1519,0.1388
1479,35,1514,0.1388
1477,35,1512,0.1388
1476,35,1511,0.1388
1480,33,1513,0.1388
1476,34,1510,0.1388
1471,34,1505,0.1388
1455,33,1488,0.1388
1458,35,1493,0.1388
1464,33,1497,0.1388
1467,33,1500,0.1388
1470,34,1504,0.1388
1460,37,1497,0.1388
1453,37,1490,0.1388
1457,39,1496,0.1388
1444,38,1482,0.1388
1434,39,1473,0.1388
1435,39,1474,0.1388
1438,41,1479,0.1388
1448,41,1489,0.1388
1453,41,1494,0.1388
1453,40,1493,0.1388
1446,37,1483,0.1388
1457,37,1494,0.1388
1469,39,1508,0.1388
1454,40,1494,0.1388
1446,39,1485,0.1388
1458,39,1497,0.1388
1452,39,1491,0.1388
1443,40,1483,0.1388
1447,39,1486,0.1388
1452,39,1491,0.1388
1457,40,1497,0.1388
1458,42,1500,0.1388
1452,41,1493,0.1388
1443,43,1486,0.1388
1435,43,1478,0.1388
1430,45,1475,0.1388
1443,43,1486,0.1388
1441,42,1483,0.1388
1440,42,1482,0.1388
1439,41,1480,0.1388
1443,41,1484,0.1388
1449,43,1492,0.1388
1445,44,1489,0.1388
1458,42,1500,0.1388
1452,42,1494,0.1388
1453,42,1495,0.1388
1455,44,1499,0.1388
1460,46,1506,0.1388
1471,47,1518,0.1388
1475,46,1521,0.1388
1476,46,1522,0.1388
1456,43,1499,0.1388
1463,41,1504,0.1388
1457,41,1498,0.1388
1454,41,1495,0.1388
1456,39,1495,0.1388
1467,37,1504,0.1388
1455,36,1491,0.1388
1451,34,1485,0.1388
1443,35,1478,0.1388
1439,35,1474,0.1388
1444,35,1479,0.1388
1452,35,1487,0.1388
1452,34,1486,0.1388
1456,34,1490,0.1388
1465,34,1499,0.1388
1467,35,1502,0.1388
1480,36,1516,0.1388
1464,36,1500,0.1388
1473,36,1509,0.1388
1465,36,1501,0.1388
1444,36,1480,0.1388
1437,35,1472,0.1388
1449,37,1486,0.1388
1459,36,1495,0.1388
1464,36,1500,0.1388
1473,35,1508,0.1388
1473,35,1508,0.1388
1475,37,1512,0.1388
1478,36,1514,0.1388
1470,38,1508,0.1388
1469,36,1505,0.1388
1469,35,1504,0.1388
1469,37,1506,0.1388
1466,39,1505,0.1388
1462,40,1502,0.1388
1466,41,1507,0.1388
1467,41,1508,0.1388
1466,39,1505,0.1388
1476,36,1512,0.1388
1461,38,1499,0.1388
1457,40,1497,0.1388
1438,41,1479,0.1388
1440,42,1482,0.1388
1435,41,1476,0.1388
1443,41,1484,0.1388
1447,39,1486,0.1388
1446,40,1486,0.1388
1452,40,1492,0.1388
1450,41,1491,0.1388
1452,43,1495,0.1388
1438,43,1481,0.1388
1429,48,1477,0.1388
1456,50,1506,0.1388
1439,52,1491,0.1388
1437,48,1485,0.1388
1449,48,1497,0.1388
1449,47,1496,0.1388
1450,49,1499,0.1388
1441,48,1489,0.1388
1442,45,1487,0.1388
1446,44,1490,0.1388
1442,45,1487,0.1388
1440,46,1486,0.1388
1447,47,1494,0.1388
1436,46,1482,0.1388
1430,48,1478,0.1388
1431,47,1478,0.1388
1447,46,1493,0.1388
1445,46,1491,0.1388
1447,43,1490,0.1388
1449,43,1492,0.1388
1450,42,1492,0.1388
1441,44,1485,0.1388
1448,44,1492,0.1388
1446,44,1490,0.1388
1451,41,1492,0.1388
1443,42,1485,0.1388
1454,41,1495,0.1388
1450,40,1490,0.1388
1451,38,1489,0.1388
1451,38,1489,0.1388
1442,36,1478,0.1388
1455,38,1493,0.1388
1466,40,1506,0.1388
1456,41,1497,0.1388
1456,38,1494,0.1388
1461,38,1499,0.1388
1466,38,1504,0.1388
1466,38,1504,0.1388
1454,38,1492,0.1388
1445,36,1481,0.1388
1450,36,1486,0.1388
1459,39,1498,0.1388
1459,43,1502,0.1388
1462,43,1505,0.1388
1458,44,1502,0.1388
1437,42,1479,0.1388
1440,44,1484,0.1388
1444,46,1490,0.1388
1443,44,1487,0.1388
1444,46,1490,0.1388
1445,46,1491,0.1388
1450,48,1498,0.1388
1448,50,1498,0.1388
1444,48,1492,0.1388
1442,49,1491,0.1388
1438,53,1491,0.1388
1447,53,1500,0.1388
1441,50,1491,0.1388
1434,51,1485,0.1388
1429,52,1481,0.1388
1431,51,1482,0.1388
1428,52,1480,0.1388
1442,53,1495,0.1388
1456,54,1510,0.1388
1447,52,1499,0.1388
1441,52,1493,0.1388
1441,52,1493,0.1388
1439,50,1489,0.1388
1439,52,1491,0.1388
1437,52,1489,0.1388
1431,51,1482,0.1388
1436,50,1486,0.1388
1428,50,1478,0.1388
1436,50,1486,0.1388
1445,51,1496,0.1388
1437,52,1489,0.1388
1447,53,1500,0.1388
1434,53,1487,0.1388
1441,49,1490,0.1388
1447,48,1495,0.1388
1450,49,1499,0.1388
1453,50,1503,0.1388
1429,49,1478,0.1388
1429,51,1480,0.1388
1415,51,1466,0.1388
1413,50,1463,0.1388
1424,50,1474,0.1388
1417,54,1471,0.1388
1428,56,1484,0.1388
1444,57,1501,0.1388
1439,56,1495,0.1388
1438,56,1494,0.1388
1438,56,1494,0.1388
1447,54,1501,0.1388
1455,53,1508,0.1388
1446,50,1496,0.1388
1447,50,1497,0.1388
1441,48,1489,0.1388
1437,47,1484,0.1388
1434,48,1482,0.1388
1447,53,1500,0.1388
1441,54,1495,0.1388
1433,54,1487,0.1388
1437,52,1489,0.1388
1445,52,1497,0.1388
1433,52,1485,0.1388
1453,50,1503,0.1388
1447,51,1498,0.1388
1432,50,1482,0.1388
1425,53,1478,0.1388
1439,54,1493,0.1388
1439,54,1493,0.1388
1438,54,1492,0.1388
1443,54,1497,0.1388
1447,55,1502,0.1388
1458,55,1513,0.1388
1464,54,1518,0.1388
1448,54,1502,0.1388
1437,56,1493,0.1388
1452,61,1513,0.1388
1450,61,1511,0.1388
1440,59,1499,0.1388
1442,59,1501,0.1388
1445,62,1507,0.1388
1434,60,1494,0.1388
1433,62,1495,0.1388
1434,62,1496,0.1388
1428,65,1493,0.1388
1427,67,1494,0.1388
1417,67,1484,0.1388
1420,68,1488,0.1388
1421,68,1489,0.1388
1411,69,1480,0.1388
1412,67,1479,0.1388
1415,66,1481,0.1388
1422,69,1491,0.1388
1429,67,1496,0.1388
1436,65,1501,0.1388
1434,63,1497,0.1388
1437,65,1502,0.1388
1434,70,1504,0.1388
1427,69,1496,0.1388
1437,70,1507,0.1388
1442,71,1513,0.1388
1433,72,1505,0.1388
1432,73,1505,0.1388
1429,74,1503,0.1388
1432,75,1507,0.1388
1424,74,1498,0.1388
1408,72,1480,0.1388
1393,69,1462,0.1388
1393,70,1463,0.1388
1390,72,1462,0.1388
1400,69,1469,0.1388
1409,71,1480,0.1388
1414,73,1487,0.1388
1427,74,1501,0.1388
1418,74,1492,0.1388
1413,77,1490,0.1388
1403,77,1480,0.1388
1401,79,1480,0.1388
1420,80,1500,0.1388
1420,77,1497,0.1388
1426,77,1503,0.1388
1423,80,1503,0.1388
1414,82,1496,0.1388
1401,81,1482,0.1388
1396,81,1477,0.1388
1399,79,1478,0.1388
1400,82,1482,0.1388
1407,80,1487,0.1388
1413,78,1491,0.1388
1407,78,1485,0.1388
1409,79,1488,0.1388
1402,83,1485,0.1388
1413,85,1498,0.1388
1406,87,1493,0.1388
1408,87,1495,0.1388
1407,87,1494,0.1388
1419,82,1501,0.1388
1410,83,1493,0.1388
1409,83,1492,0.1388
1403,82,1485,0.1388
1385,85,1470,0.1388
1394,87,1481,0.1388
1384,88,1472,0.1388
1409,88,1497,0.1388
1396,85,1481,0.1388
1402,86,1488,0.1388
1412,89,1501,0.1388
1412,88,1500,0.1388
1417,90,1507,0.1388
1411,89,1500,0.1388
1412,86,1498,0.1388
1403,90,1493,0.1388
1400,90,1490,0.1388
1396,90,1486,0.1388
1395,93,1488,0.1388
1391,96,1487,0.1388
1399,96,1495,0.1388
1402,96,1498,0.1388
1407,99,1506,0.1388
1404,99,1503,0.1388
1402,98,1500,0.1388
1396,97,1493,0.1388
1386,96,1482,0.1388
1392,97,1489,0.1388
1390,99,1489,0.1388
1392,100,1492,0.1388
1394,98,1492,0.1388
1403,99,1502,0.1388
1403,101,1504,0.1388
1398,99,1497,0.1388
1405,101,1506,0.1388
1405,101,1506,0.1388
1402,101,1503,0.1388
1401,100,1501,0.1388
1398,102,1500,0.1388
1395,101,1496,0.1388
1401,103,1504,0.1388
1388,108,1496,0.1388
1390,106,1496,0.1388
1384,108,1492,0.1388
1380,110,1490,0.1388
1387,113,1500,0.1388
1386,114,1500,0.1388
1383,115,1498,0.1388
1401,113,1514,0.1388
1399,113,1512,0.1388
1385,113,1498,0.1388
1382,112,1494,0.1388
1386,110,1496,0.1388
1386,114,1500,0.1388
1397,117,1514,0.1388
1399,115,1514,0.1388
1387,115,1502,0.1388
1383,113,1496,0.1388
1373,114,1487,0.1388
1383,117,1500,0.1388
1382,115,1497,0.1388
1371,112,1483,0.1388
1388,111,1499,0.1388
1396,113,1509,0.1388
1381,113,1494,0.1388
1377,114,1491,0.1388
1398,112,1510,0.1388
1399,114,1513,0.1388
1379,116,1495,0.1388
1375,121,1496,0.1388
1379,122,1501,0.1388
1379,121,1500,0.1388
1377,120,1497,0.1388
1367,120,1487,0.1388
1379,121,1500,0.1388
1373,123,1496,0.1388
1360,124,1484,0.1388
1351,124,1475,0.1388
1357,120,1477,0.1388
1373,119,1492,0.1388
1381,120,1501,0.1388
1384,122,1506,0.1388
1377,125,1502,0.1388
1383,126,1509,0.1388
1373,128,1501,0.1388
1362,130,1492,0.1388
1360,131,1491,0.1388
1367,128,1495,0.1388
1367,130,1497,0.1388
1366,129,1495,0.1388
1362,129,1491,0.1388
1363,130,1493,0.1388
1355,131,1486,0.1388
1347,131,1478,0.1388
1356,133,1489,0.1388
1361,133,1494,0.1388
1352,138,1490,0.1388
1352,140,1492,0.1388
1351,135,1486,0.1388
1357,134,1491,0.1388
1350,128,1478,0.1388
1348,133,1481,0.1388
1346,132,1478,0.1388
1342,130,1472,0.1388
1350,133,1483,0.1388
1365,134,1499,0.1388
1370,137,1507,0.1388
1381,139,1520,0.1388
1378,137,1515,0.1388
1380,135,1515,0.1388
1375,134,1509,0.1388
1370,139,1509,0.1388
1369,133,1502,0.1388
1366,131,1497,0.1388
1366,130,1496,0.1388
1359,135,1494,0.1388
1355,135,1490,0.1388
1374,137,1511,0.1388
1373,136,1509,0.1388
1361,136,1497,0.1388
1362,131,1493,0.1388
1354,129,1483,0.1388
1354,133,1487,0.1388
1361,134,1495,0.1388
1358,138,1496,0.1388
1361,138,1499,0.1388
1380,134,1514,0.1388
1370,134,1504,0.1388
1360,136,1496,0.1388
1362,135,1497,0.1388
1359,132,1491,0.1388
1346,133,1479,0.1388
1343,135,1478,0.1388
1353,135,1488,0.1388
1366,135,1501,0.1388
1355,132,1487,0.1388
1358,130,1488,0.1388
1357,133,1490,0.1388
1349,131,1480,0.1388
1353,132,1485,0.1388
1348,130,1478,0.1388
1372,135,1507,0.1388
1357,139,1496,0.1388
1374,137,1511,0.1388
1359,144,1503,0.1388
1353,142,1495,0.1388
1356,137,1493,0.1388
1363,141,1504,0.1388
1370,138,1508,0.1388
1368,138,1506,0.1388
1367,138,1505,0.1388
1362,140,1502,0.1388
1359,143,1502,0.1388
1347,144,1491,0.1388
1342,143,1485,0.1388
1344,138,1482,0.1388
1339,141,1480,0.1388
1347,141,1488,0.1388
1340,141,1481,0.1388
1337,141,1478,0.1388
1342,144,1486,0.1388
1340,148,1488,0.1388
1347,146,1493,0.1388
1345,147,1492,0.1388
1339,150,1489,0.1388
1337,152,1489,0.1388
1334,152,1486,0.1388
1328,153,1481,0.1388
1335,154,1489,0.1388
1347,150,1497,0.1388
1352,150,1502,0.1388
1351,146,1497,0.1388
1350,149,1499,0.1388
1347,153,1500,0.1388
1343,154,1497,0.1388
1347,154,1501,0.1388
1336,152,1488,0.1388
1341,149,1490,0.1388
1350,148,1498,0.1388
1347,149,1496,0.1388
1335,145,1480,0.1388
1341,151,1492,0.1388
1333,150,1483,0.1388
1337,148,1485,0.1388
1328,148,1476,0.1388
1341,150,1491,0.1388
1339,157,1496,0.1388
1353,162,1515,0.1388
1353,161,1514,0.1388
1351,161,1512,0.1388
1344,162,1506,0.1388
1352,157,1509,0.1388
1347,162,1509,0.1388
1333,159,1492,0.1388
1339,158,1497,0.1388
1320,160,1480,0.1388
1319,161,1480,0.1388
1338,160,1498,0.1388
1343,158,1501,0.1388
1329,161,1490,0.1388
1323,162,1485,0.1388
1333,160,1493,0.1388
1325,165,1490,0.1388
1316,164,1480,0.1388
1326,160,1486,0.1388
1323,165,1488,0.1388
1318,164,1482,0.1388
1323,167,1490,0.1388
1324,169,1493,0.1388
1313,161,1474,0.1388
1317,168,1485,0.1388
1323,172,1495,0.1388
1323,170,1493,0.1388
1331,172,1503,0.1388
1332,170,1502,0.1388
1327,172,1499,0.1388
1331,170,1501,0.1388
1331,167,1498,0.1388
1332,171,1503,0.1388
1330,173,1503,0.1388
1321,171,1492,0.1388
1324,172,1496,0.1388
1328,172,1500,0.1388
1317,172,1489,0.1388
1321,173,1494,0.1388
1314,179,1493,0.1388
1318,181,1499,0.1388
1328,182,1510,0.1388
1313,182,1495,0.1388
1305,184,1489,0.1388
1299,184,1483,0.1388
1299,189,1488,0.1388
1297,186,1483,0.1388
1305,183,1488,0.1388
1313,186,1499,0.1388
1327,186,1513,0.1388
1326,186,1512,0.1388
1319,185,1504,0.1388
1302,190,1492,0.1388
1303,188,1491,0.1388
1308,187,1495,0.1388
1304,188,1492,0.1388
1309,183,1492,0.1388
1311,183,1494,0.1388
1309,182,1491,0.1388
1300,181,1481,0.1388
1305,185,1490,0.1388
1312,189,1501,0.1388
1313,181,1494,0.1388
1312,178,1490,0.1388
1311,180,1491,0.1388
1303,184,1487,0.1388
1299,185,1484,0.1388
1303,185,1488,0.1388
1308,184,1492,0.1388
1307,189,1496,0.1388
1296,186,1482,0.1388
1289,188,1477,0.1388
1300,190,1490,0.1388
1292,190,1482,0.1388
1301,196,1497,0.1388
1301,195,1496,0.1388
1309,194,1503,0.1388
1317,193,1510,0.1388
1312,196,1508,0.1388
1303,198,1501,0.1388
1299,201,1500,0.1388
1293,202,1495,0.1388
1289,199,1488,0.1388
1294,199,1493,0.1388
1285,196,1481,0.1388
1285,202,1487,0.1388
1283,201,1484,0.1388
1272,210,1482,0.1388
1278,212,1490,0.1388
1289,216,1505,0.1388
1279,214,1493,0.1388
1284,214,1498,0.1388
1263,205,1468,0.1388
1275,203,1478,0.1388
1287,209,1496,0.1388
1283,205,1488,0.1388
1289,204,1493,0.1388
1290,205,1495,0.1388
1283,208,1491,0.1388
1291,210,1501,0.1388
1283,215,1498,0.1388
1282,215,1497,0.1388
1286,218,1504,0.1388
1279,213,1492,0.1388
1274,209,1483,0.1388
1278,211,1489,0.1388
1257,214,1471,0.1388
1260,214,1474,0.1388
1264,208,1472,0.1388
1268,214,1482,0.1388
1285,220,1505,0.1388
1277,222,1499,0.1388
1268,217,1485,0.1388
1268,218,1486,0.1388
1277,214,1491,0.1388
1262,212,1474,0.1388
1271,209,1480,0.1388
1266,217,1483,0.1388
1273,218,1491,0.1388
1263,217,1480,0.1388
1269,219,1488,0.1388
1264,215,1479,0.1388
1270,217,1487,0.1388
1281,217,1498,0.1388
1280,217,1497,0.1388
1279,216,1495,0.1388
1274,219,1493,0.1388
1276,213,1489,0.1388
1278,216,1494,0.1388
1286,218,1504,0.1388
1273,215,1488,0.1388
1290,226,1516,0.1388
1277,229,1506,0.1388
1270,230,1500,0.1388
1269,234,1503,0.1388
1265,234,1499,0.1388
1268,238,1506,0.1388
1256,238,1494,0.1388
1257,238,1495,0.1388
1263,235,1498,0.1388
1266,236,1502,0.1388
1271,233,1504,0.1388
1271,238,1509,0.1388
1267,237,1504,0.1388
1253,238,1491,0.1388
1252,247,1499,0.1388
1249,247,1496,0.1388
1250,249,1499,0.1388
1246,244,1490,0.1388
1248,244,1492,0.1388
1241,243,1484,0.1388
1252,244,1496,0.1388
1240,240,1480,0.1388
1253,238,1491,0.1388
1255,243,1498,0.1388
1257,244,1501,0.1388
1265,243,1508,0.1388
1266,242,1508,0.1388
1256,244,1500,0.1388
1260,245,1505,0.1388
1256,246,1502,0.1388
1261,246,1507,0.1388
1257,248,1505,0.1388
1265,247,1512,0.1388
1267,250,1517,0.1388
1260,244,1504,0.1388
1261,248,1509,0.1388
1245,246,1491,0.1388
1247,251,1498,0.1388
1228,251,1479,0.1388
1231,257,1488,0.1388
1235,258,1493,0.1388
1236,260,1496,0.1388
1243,255,1498,0.1388
1232,255,1487,0.1388
1246,257,1503,0.1388
1240,262,1502,0.1388
1241,260,1501,0.1388
1244,261,1505,0.1388
1246,260,1506,0.1388
1251,263,1514,0.1388
1250,270,1520,0.1388
1242,270,1512,0.1388
1240,274,1514,0.1388
1238,265,1503,0.1388
1236,263,1499,0.1388
1231,265,1496,0.1388
1235,273,1508,0.1388
1239,269,1508,0.1388
1227,264,1491,0.1388
1224,268,1492,0.1388
1218,267,1485,0.1388
1223,271,1494,0.1388
1223,270,1493,0.1388
1218,269,1487,0.1388
1219,266,1485,0.1388
1231,270,1501,0.1388
1225,273,1498,0.1388
1229,271,1500,0.1388
1229,270,1499,0.1388
1229,267,1496,0.1388
1220,265,1485,0.1388
1223,267,1490,0.1388
1227,268,1495,0.1388
1233,262,1495,0.1388
1239,268,1507,0.1388
1238,272,1510,0.1388
1238,269,1507,0.1388
1232,274,1506,0.1388
1234,266,1500,0.1388
1233,268,1501,0.1388
1226,266,1492,0.1388
1209,268,1477,0.1388
1212,270,1482,0.1388
1221,275,1496,0.1388
1216,274,1490,0.1388
1214,276,1490,0.1388
1207,274,1481,0.1388
1214,279,1493,0.1388
1219,278,1497,0.1388
1218,277,1495,0.1388
1207,281,1488,0.1388
1201,280,1481,0.1388
1216,282,1498,0.1388
1220,285,1505,0.1388
1206,283,1489,0.1388
1194,281,1475,0.1388
1200,291,1491,0.1388
1198,292,1490,0.1388
1190,298,1488,0.1388
1191,291,1482,0.1388
1188,294,1482,0.1388
1195,300,1495,0.1388
1198,296,1494,0.1388
1192,305,1497,0.1388
1200,313,1513,0.1388
1186,314,1500,0.1388
1192,310,1502,0.1388
1188,311,1499,0.1388
1183,307,1490,0.1388
1199,306,1505,0.1388
1188,310,1498,0.1388
1190,310,1500,0.1388
1196,306,1502,0.1388
1195,306,1501,0.1388
1199,309,1508,0.1388
1201,316,1517,0.1388
1202,316,1518,0.1388
1193,313,1506,0.1388
1199,309,1508,0.1388
1202,317,1519,0.1388
1201,313,1514,0.1388
1204,306,1510,0.1388
1199,304,1503,0.1388
1190,310,1500,0.1388
1184,308,1492,0.1388
1174,310,1484,0.1388
1181,310,1491,0.1388
1177,315,1492,0.1388
1170,322,1492,0.1388
1177,328,1505,0.1388
1175,326,1501,0.1388
1167,325,1492,0.1388
1175,323,1498,0.1388
1169,321,1490,0.1388
1167,320,1487,0.1388
1190,329,1519,0.1388
1173,330,1503,0.1388
1179,329,1508,0.1388
1182,320,1502,0.1388
1170,318,1488,0.1388
1171,326,1497,0.1388
1172,329,1501,0.1388
1169,325,1494,0.1388
1178,327,1505,0.1388
1180,323,1503,0.1388
1188,328,1516,0.1388
1182,333,1515,0.1388
1170,332,1502,0.1388
1174,333,1507,0.1388
1173,331,1504,0.1388
1180,328,1508,0.1388
1174,329,1503,0.1388
1159,325,1484,0.1388
1169,333,1502,0.1388
1171,340,1511,0.1388
1166,335,1501,0.1388
1161,342,1503,0.1388
1157,339,1496,0.1388
1165,339,1504,0.1388
1170,338,1508,0.1388
1166,338,1504,0.1388
1163,347,1510,0.1388
1161,351,1512,0.1388
1155,347,1502,0.1388
1145,343,1488,0.1388
1137,337,1474,0.1388
1135,338,1473,0.1388
1138,345,1483,0.1388
1148,348,1496,0.1388
1140,346,1486,0.1388
1135,352,1487,0.1388
1133,345,1478,0.1388
1138,340,1478,0.1388
1135,341,1476,0.1388
1146,342,1488,0.1388
1143,342,1485,0.1388
1144,351,1495,0.1388
1155,355,1510,0.1388
1165,351,1516,0.1388
1160,350,1510,0.1388
1156,347,1503,0.1388
1156,353,1509,0.1388
1151,354,1505,0.1388
1142,351,1493,0.1388
1153,352,1505,0.1388
1158,352,1510,0.1388
1165,350,1515,0.1388
1159,357,1516,0.1388
1152,363,1515,0.1388
1153,361,1514,0.1388
1146,360,1506,0.1388
1145,364,1509,0.1388
1143,365,1508,0.1388
1120,366,1486,0.1388
1126,358,1484,0.1388
1130,362,1492,0.1388
1130,367,1497,0.1388
1133,364,1497,0.1388
1135,370,1505,0.1388
1121,375,1496,0.1388
1128,374,1502,0.1388
1124,375,1499,0.1388
1132,379,1511,0.1388
1126,380,1506,0.1388
1129,380,1509,0.1388
1110,385,1495,0.1388
1098,391,1489,0.1388
1091,389,1480,0.1388
1088,390,1478,0.1388
1100,390,1490,0.1388
1077,394,1471,0.1388
1090,396,1486,0.1388
1099,398,1497,0.1388
1100,396,1496,0.1388
1101,396,1497,0.1388
1098,393,1491,0.1388
1109,394,1503,0.1388
1108,392,1500,0.1388
1104,389,1493,0.1388
1115,396,1511,0.1388
1126,398,1524,0.1388
1115,398,1513,0.1388
1098,402,1500,0.1388
1100,403,1503,0.1388
1098,405,1503,0.1388
1090,408,1498,0.1388
1093,403,1496,0.1388
1085,402,1487,0.1388
1088,404,1492,0.1388
1090,406,1496,0.1388
1092,407,1499,0.1388
1075,412,1487,0.1388
1092,414,1506,0.1388
1103,413,1516,0.1388
1093,415,1508,0.1388
1086,417,1503,0.1388
1080,415,1495,0.1388
1077,413,1490,0.1388
1077,418,1495,0.1388
1086,416,1502,0.1388
1090,416,1506,0.1388
1092,417,1509,0.1388
1102,418,1520,0.1388
1093,409,1502,0.1388
1098,411,1509,0.1388
1100,406,1506,0.1388
1100,409,1509,0.1388
1094,410,1504,0.1388
1094,401,1495,0.1388
1094,411,1505,0.1388
1098,417,1515,0.1388
1091,412,1503,0.1388
1106,410,1516,0.1388
1106,411,1517,0.1388
1100,411,1511,0.1388
1087,414,1501,0.1388
1078,419,1497,0.1388
1082,419,1501,0.1388
1086,410,1496,0.1388
1081,413,1494,0.1388
1079,420,1499,0.1388
1082,418,1500,0.1388
1084,420,1504,0.1388
1078,420,1498,0.1388
1081,424,1505,0.1388
1080,422,1502,0.1388
1076,422,1498,0.1388
1077,420,1497,0.1388
1087,421,1508,0.1388
1086,424,1510,0.1388
1071,431,1502,0.1388
1070,426,1496,0.1388
1075,424,1499,0.1388
1071,421,1492,0.1388
1074,418,1492,0.1388
1070,420,1490,0.1388
1073,423,1496,0.1388
1065,427,1492,0.1388
1058,420,1478,0.1388
1059,424,1483,0.1388
1073,433,1506,0.1388
1084,431,1515,0.1388
1083,435,1518,0.1388
1083,435,1518,0.1388
1084,432,1516,0.1388
1082,438,1520,0.1388
1066,429,1495,0.1388
1070,440,1510,0.1388
1063,440,1503,0.1388
1039,439,1478,0.1388
1038,443,1481,0.1388
1041,443,1484,0.1388
1046,452,1498,0.1388
1048,460,1508,0.1388
1040,459,1499,0.1388
1047,452,1499,0.1388
1053,463,1516,0.1388
1046,467,1513,0.1388
1041,466,1507,0.1388
1039,465,1504,0.1388
1032,468,1500,0.1388
1027,471,1498,0.1388
1025,469,1494,0.1388
1027,468,1495,0.1388
1040,470,1510,0.1388
1026,471,1497,0.1388
1031,473,1504,0.1388
1031,473,1504,0.1388
1025,471,1496,0.1388
1042,468,1510,0.1388
1031,465,1496,0.1388
1023,465,1488,0.1388
1023,469,1492,0.1388
1029,474,1503,0.1388
1034,476,1510,0.1388
1040,474,1514,0.1388
1052,474,1526,0.1388
1043,482,1525,0.1388
1031,486,1517,0.1388
1016,482,1498,0.1388
1014,479,1493,0.1388
1007,478,1485,0.1388
1016,485,1501,0.1388
1016,487,1503,0.1388
1009,496,1505,0.1388
1019,492,1511,0.1388
1011,492,1503,0.1388
1004,498,1502,0.1388
1002,503,1505,0.1388
1003,497,1500,0.1388
1007,495,1502,0.1388
1006,500,1506,0.1388
1007,499,1506,0.1388
999,497,1496,0.1388
999,499,1498,0.1388
1002,495,1497,0.1388
1005,501,1506,0.1388
1002,504,1506,0.1388
999,501,1500,0.1388
999,507,1506,0.1388
997,506,1503,0.1388
986,507,1493,0.1388
994,513,1507,0.1388
992,516,1508,0.1388
994,517,1511,0.1388
986,506,1492,0.1388
979,505,1484,0.1388
982,510,1492,0.1388
991,513,1504,0.1388
986,514,1500,0.1388
993,526,1519,0.1388
991,520,1511,0.1388
984,515,1499,0.1388
974,519,1493,0.1388
972,524,1496,0.1388
984,521,1505,0.1388
973,516,1489,0.1388
973,528,1501,0.1388
979,529,1508,0.1388
983,534,1517,0.1388
984,537,1521,0.1388
980,533,1513,0.1388
968,532,1500,0.1388
964,534,1498,0.1388
967,534,1501,0.1388
966,536,1502,0.1388
960,540,1500,0.1388
970,541,1511,0.1388
957,535,1492,0.1388
957,537,1494,0.1388
952,549,1501,0.1388
953,546,1499,0.1388
952,541,1493,0.1388
957,534,1491,0.1388
950,538,1488,0.1388
965,547,1512,0.1388
977,549,1526,0.1388
964,551,1515,0.1388
963,556,1519,0.1388
955,557,1512,0.1388
964,561,1525,0.1388
945,563,1508,0.1388
941,560,1501,0.1388
944,558,1502,0.1388
928,563,1491,0.1388
928,567,1495,0.1388
929,559,1488,0.1388
929,565,1494,0.1388
937,559,1496,0.1388
948,560,1508,0.1388
949,560,1509,0.1388
938,560,1498,0.1388
937,560,1497,0.1388
935,554,1489,0.1388
938,570,1508,0.1388
938,576,1514,0.1388
930,577,1507,0.1388
928,563,1491,0.1388
918,560,1478,0.1388
920,571,1491,0.1388
928,571,1499,0.1388
923,565,1488,0.1388
930,574,1504,0.1388
933,576,1509,0.1388
939,578,1517,0.1388
935,572,1507,0.1388
937,568,1505,0.1388
927,575,1502,0.1388
925,577,1502,0.1388
928,583,1511,0.1388
932,579,1511,0.1388
925,582,1507,0.1388
928,574,1502,0.1388
936,580,1516,0.1388
935,584,1519,0.1388
930,591,1521,0.1388
918,593,1511,0.1388
911,588,1499,0.1388
921,597,1518,0.1388
910,597,1507,0.1388
913,592,1505,0.1388
913,588,1501,0.1388
919,589,1508,0.1388
916,589,1505,0.1388
917,592,1509,0.1388
908,584,1492,0.1388
908,595,1503,0.1388
898,597,1495,0.1388
908,608,1516,0.1388
899,603,1502,0.1388
901,601,1502,0.1388
895,596,1491,0.1388
899,605,1504,0.1388
899,611,1510,0.1388
913,611,1524,0.1388
913,611,1524,0.1388
912,608,1520,0.1388
908,616,1524,0.1388
908,618,1526,0.1388
903,623,1526,0.1388
891,620,1511,0.1388
883,628,1511,0.1388
877,626,1503,0.1388
869,623,1492,0.1388
873,627,1500,0.1388
872,628,1500,0.1388
876,628,1504,0.1388
882,620,1502,0.1388
887,620,1507,0.1388
885,625,1510,0.1388
887,631,1518,0.1388
882,632,1514,0.1388
880,627,1507,0.1388
871,623,1494,0.1388
869,634,1503,0.1388
868,630,1498,0.1388
858,632,1490,0.1388
853,639,1492,0.1388
852,645,1497,0.1388
849,645,1494,0.1388
861,644,1505,0.1388
863,641,1504,0.1388
865,651,1516,0.1388
858,657,1515,0.1388
858,660,1518,0.1388
860,656,1516,0.1388
854,651,1505,0.1388
853,649,1502,0.1388
856,652,1508,0.1388
859,659,1518,0.1388
852,649,1501,0.1388
843,656,1499,0.1388
843,658,1501,0.1388
842,669,1511,0.1388
837,677,1514,0.1388
840,675,1515,0.1388
829,672,1501,0.1388
837,672,1509,0.1388
834,659,1493,0.1388
840,657,1497,0.1388
842,660,1502,0.1388
848,657,1505,0.1388
845,664,1509,0.1388
841,677,1518,0.1388
847,671,1518,0.1388
857,672,1529,0.1388
849,675,1524,0.1388
848,677,1525,0.1388
844,670,1514,0.1388
851,675,1526,0.1388
846,685,1531,0.1388
841,686,1527,0.1388
836,696,1532,0.1388
833,694,1527,0.1388
828,693,1521,0.1388
815,689,1504,0.1388
809,684,1493,0.1388
817,692,1509,0.1388
813,698,1511,0.1388
810,697,1507,0.1388
807,690,1497,0.1388
807,689,1496,0.1388
809,695,1504,0.1388
812,698,1510,0.1388
814,702,1516,0.1388
808,706,1514,0.1388
804,698,1502,0.1388
797,710,1507,0.1388
800,717,1517,0.1388
790,715,1505,0.1388
785,715,1500,0.1388
795,711,1506,0.1388
795,714,1509,0.1388
800,718,1518,0.1388
802,713,1515,0.1388
799,715,1514,0.1388
802,715,1517,0.1388
803,723,1526,0.1388
798,725,1523,0.1388
797,721,1518,0.1388
790,724,1514,0.1388
794,713,1507,0.1388
785,715,1500,0.1388
779,712,1491,0.1388
790,714,1504,0.1388
798,726,1524,0.1388
798,724,1522,0.1388
788,717,1505,0.1388
793,714,1507,0.1388
787,708,1495,0.1388
789,698,1487,0.1388
787,695,1482,0.1388
796,696,1492,0.1388
796,692,1488,0.1388
808,698,1506,0.1388
811,695,1506,0.1388
808,689,1497,0.1388
817,691,1508,0.1388
827,694,1521,0.1388
814,698,1512,0.1388
814,701,1515,0.1388
812,702,1514,0.1388
821,701,1522,0.1388
814,698,1512,0.1388
808,701,1509,0.1388
793,693,1486,0.1388
803,708,1511,0.1388
799,705,1504,0.1388
805,707,1512,0.1388
806,710,1516,0.1388
811,707,1518,0.1388
803,718,1521,0.1388
798,712,1510,0.1388
801,712,1513,0.1388
787,712,1499,0.1388
793,723,1516,0.1388
798,724,1522,0.1388
792,725,1517,0.1388
781,733,1514,0.1388
775,732,1507,0.1388
767,728,1495,0.1388
774,722,1496,0.1388
767,732,1499,0.1388
770,727,1497,0.1388
765,745,1510,0.1388
764,746,1510,0.1388
756,755,1511,0.1388
757,749,1506,0.1388
763,749,1512,0.1388
765,749,1514,0.1388
757,752,1509,0.1388
757,756,1513,0.1388
747,753,1500,0.1388
741,771,1512,0.1388
735,768,1503,0.1388
735,775,1510,0.1388
727,777,1504,0.1388
724,775,1499,0.1388
723,774,1497,0.1388
732,773,1505,0.1388
727,771,1498,0.1388
730,773,1503,0.1388
731,774,1505,0.1388
728,777,1505,0.1388
735,768,1503,0.1388
731,772,1503,0.1388
734,774,1508,0.1388
738,772,1510,0.1388
724,770,1494,0.1388
719,776,1495,0.1388
723,765,1488,0.1388
722,761,1483,0.1388
733,763,1496,0.1388
736,764,1500,0.1388
731,755,1486,0.1388
729,758,1487,0.1388
717,754,1471,0.1388
721,767,1488,0.1388
730,772,1502,0.1388
732,781,1513,0.1388
724,772,1496,0.1388
722,778,1500,0.1388
724,780,1504,0.1388
728,779,1507,0.1388
730,781,1511,0.1388
729,790,1519,0.1388
722,784,1506,0.1388
725,786,1511,0.1388
729,793,1522,0.1388
728,785,1513,0.1388
727,777,1504,0.1388
726,783,1509,0.1388
727,782,1509,0.1388
713,781,1494,0.1388
716,792,1508,0.1388
716,803,1519,0.1388
711,806,1517,0.1388
702,808,1510,0.1388
702,800,1502,0.1388
699,800,1499,0.1388
701,803,1504,0.1388
704,797,1501,0.1388
709,801,1510,0.1388
706,801,1507,0.1388
706,802,1508,0.1388
708,807,1515,0.1388
705,805,1510,0.1388
700,810,1510,0.1388
698,819,1517,0.1388
698,817,1515,0.1388
704,814,1518,0.1388
704,805,1509,0.1388
702,801,1503,0.1388
707,813,1520,0.1388
693,818,1511,0.1388
690,820,1510,0.1388
685,814,1499,0.1388
685,819,1504,0.1388
694,810,1504,0.1388
686,806,1492,0.1388
692,810,1502,0.1388
690,808,1498,0.1388
695,812,1507,0.1388
688,823,1511,0.1388
682,817,1499,0.1388
679,820,1499,0.1388
681,824,1505,0.1388
675,832,1507,0.1388
672,829,1501,0.1388
670,834,1504,0.1388
674,836,1510,0.1388
670,843,1513,0.1388
672,843,1515,0.1388
670,844,1514,0.1388
670,842,1512,0.1388
674,842,1516,0.1388
666,841,1507,0.1388
660,846,1506,0.1388
655,846,1501,0.1388
655,838,1493,0.1388
655,847,1502,0.1388
658,857,1515,0.1388
660,852,1512,0.1388
661,850,1511,0.1388
653,852,1505,0.1388
660,849,1509,0.1388
652,864,1516,0.1388
660,870,1530,0.1388
657,869,1526,0.1388
648,860,1508,0.1388
640,862,1502,0.1388
642,859,1501,0.1388
642,859,1501,0.1388
637,858,1495,0.1388
656,871,1527,0.1388
648,865,1513,0.1388
646,856,1502,0.1388
638,854,1492,0.1388
650,850,1500,0.1388
643,856,1499,0.1388
637,847,1484,0.1388
637,854,1491,0.1388
633,878,1511,0.1388
637,872,1509,0.1388
646,860,1506,0.1388
649,859,1508,0.1388
649,862,1511,0.1388
652,864,1516,0.1388
647,865,1512,0.1388
648,867,1515,0.1388
646,864,1510,0.1388
638,864,1502,0.1388
636,861,1497,0.1388
645,870,1515,0.1388
643,868,1511,0.1388
641,865,1506,0.1388
632,871,1503,0.1388
632,861,1493,0.1388
632,861,1493,0.1388
636,865,1501,0.1388
628,876,1504,0.1388
623,877,1500,0.1388
623,889,1512,0.1388
628,883,1511,0.1388
628,893,1521,0.1388
621,885,1506,0.1388
616,889,1505,0.1388
613,891,1504,0.1388
607,892,1499,0.1388
615,895,1510,0.1388
621,894,1515,0.1388
622,896,1518,0.1388
620,893,1513,0.1388
623,885,1508,0.1388
623,880,1503,0.1388
614,874,1488,0.1388
606,882,1488,0.1388
616,893,1509,0.1388
619,887,1506,0.1388
624,893,1517,0.1388
622,888,1510,0.1388
629,880,1509,0.1388
626,873,1499,0.1388
623,893,1516,0.1388
623,904,1527,0.1388
615,909,1524,0.1388
617,913,1530,0.1388
612,908,1520,0.1388
612,913,1525,0.1388
611,905,1516,0.1388
613,904,1517,0.1388
611,906,1517,0.1388
605,909,1514,0.1388
604,907,1511,0.1388
618,901,1519,0.1388
613,899,1512,0.1388
611,898,1509,0.1388
606,896,1502,0.1388
605,896,1501,0.1388
601,892,1493,0.1388
597,894,1491,0.1388
593,910,1503,0.1388
599,905,1504,0.1388
597,893,1490,0.1388
603,887,1490,0.1388
594,896,1490,0.1388
596,906,1502,0.1388
592,910,1502,0.1388
589,918,1507,0.1388
583,919,1502,0.1388
589,918,1507,0.1388
576,920,1496,0.1388
584,914,1498,0.1388
587,900,1487,0.1388
589,902,1491,0.1388
577,903,1480,0.1388
579,911,1490,0.1388
577,918,1495,0.1388
588,917,1505,0.1388
585,921,1506,0.1388
595,914,1509,0.1388
596,918,1514,0.1388
597,924,1521,0.1388
600,912,1512,0.1388
589,918,1507,0.1388
594,918,1512,0.1388
582,915,1497,0.1388
581,915,1496,0.1388
582,918,1500,0.1388
580,920,1500,0.1388
580,924,1504,0.1388
575,930,1505,0.1388
573,936,1509,0.1388
567,935,1502,0.1388
559,938,1497,0.1388
565,939,1504,0.1388
550,945,1495,0.1388
549,950,1499,0.1388
549,942,1491,0.1388
544,945,1489,0.1388
541,950,1491,0.1388
546,953,1499,0.1388
537,963,1500,0.1388
536,971,1507,0.1388
529,973,1502,0.1388
532,967,1499,0.1388
529,982,1511,0.1388
528,977,1505,0.1388
526,980,1506,0.1388
517,981,1498,0.1388
516,987,1503,0.1388
519,992,1511,0.1388
508,998,1506,0.1388
506,983,1489,0.1388
513,978,1491,0.1388
510,990,1500,0.1388
506,987,1493,0.1388
511,991,1502,0.1388
519,981,1500,0.1388
513,983,1496,0.1388
515,987,1502,0.1388
509,1004,1513,0.1388
512,1005,1517,0.1388
511,1016,1527,0.1388
513,1014,1527,0.1388
512,1017,1529,0.1388
506,1016,1522,0.1388
494,1013,1507,0.1388
493,1017,1510,0.1388
493,1018,1511,0.1388
483,1012,1495,0.1388
484,1013,1497,0.1388
485,1025,1510,0.1388
490,1025,1515,0.1388
484,1016,1500,0.1388
486,1029,1515,0.1388
485,1029,1514,0.1388
482,1036,1518,0.1388
483,1036,1519,0.1388
478,1040,1518,0.1388
479,1048,1527,0.1388
481,1043,1524,0.1388
478,1022,1500,0.1388
470,1030,1500,0.1388
460,1049,1509,0.1388
451,1053,1504,0.1388
458,1054,1512,0.1388
449,1047,1496,0.1388
448,1051,1499,0.1388
453,1065,1518,0.1388
451,1073,1524,0.1388
459,1066,1525,0.1388
453,1069,1522,0.1388
446,1069,1515,0.1388
447,1057,1504,0.1388
448,1054,1502,0.1388
446,1064,1510,0.1388
441,1065,1506,0.1388
450,1081,1531,0.1388
451,1074,1525,0.1388
446,1076,1522,0.1388
450,1079,1529,0.1388
447,1069,1516,0.1388
444,1082,1526,0.1388
444,1075,1519,0.1388
444,1070,1514,0.1388
443,1066,1509,0.1388
445,1077,1522,0.1388
443,1080,1523,0.1388
438,1076,1514,0.1388
437,1080,1517,0.1388
430,1085,1515,0.1388
432,1093,1525,0.1388
426,1090,1516,0.1388
426,1086,1512,0.1388
423,1077,1500,0.1388
421,1087,1508,0.1388
423,1082,1505,0.1388
420,1071,1491,0.1388
430,1074,1504,0.1388
433,1077,1510,0.1388
426,1071,1497,0.1388
427,1084,1511,0.1388
427,1082,1509,0.1388
430,1076,1506,0.1388
431,1074,1505,0.1388
426,1067,1493,0.1388
427,1080,1507,0.1388
427,1076,1503,0.1388
427,1081,1508,0.1388
425,1082,1507,0.1388
421,1086,1507,0.1388
415,1088,1503,0.1388
421,1073,1494,0.1388
427,1087,1514,0.1388
425,1091,1516,0.1388
424,1085,1509,0.1388
416,1076,1492,0.1388
407,1086,1493,0.1388
410,1093,1503,0.1388
417,1092,1509,0.1388
418,1097,1515,0.1388
413,1093,1506,0.1388
418,1096,1514,0.1388
413,1091,1504,0.1388
411,1086,1497,0.1388
406,1099,1505,0.1388
405,1093,1498,0.1388
406,1100,1506,0.1388
418,1108,1526,0.1388
418,1113,1531,0.1388
417,1118,1535,0.1388
415,1113,1528,0.1388
410,1105,1515,0.1388
403,1118,1521,0.1388
399,1113,1512,0.1388
404,1108,1512,0.1388
402,1118,1520,0.1388
399,1124,1523,0.1388
403,1117,1520,0.1388
406,1114,1520,0.1388
402,1115,1517,0.1388
395,1124,1519,0.1388
397,1115,1512,0.1388
393,1120,1513,0.1388
396,1120,1516,0.1388
389,1112,1501,0.1388
385,1111,1496,0.1388
394,1125,1519,0.1388
393,1132,1525,0.1388
392,1137,1529,0.1388
390,1131,1521,0.1388
387,1129,1516,0.1388
376,1127,1503,0.1388
376,1127,1503,0.1388
382,1133,1515,0.1388
383,1124,1507,0.1388
383,1130,1513,0.1388
377,1121,1498,0.1388
378,1119,1497,0.1388
382,1114,1496,0.1388
377,1110,1487,0.1388
373,1117,1490,0.1388
381,1120,1501,0.1388
381,1121,1502,0.1388
374,1133,1507,0.1388
384,1125,1509,0.1388
383,1132,1515,0.1388
389,1133,1522,0.1388
379,1131,1510,0.1388
380,1142,1522,0.1388
372,1133,1505,0.1388
375,1139,1514,0.1388
377,1138,1515,0.1388
377,1138,1515,0.1388
374,1145,1519,0.1388
373,1136,1509,0.1388
378,1135,1513,0.1388
371,1149,1520,0.1388
373,1151,1524,0.1388
369,1145,1514,0.1388
366,1143,1509,0.1388
368,1145,1513,0.1388
365,1140,1505,0.1388
356,1154,1510,0.1388
357,1157,1514,0.1388
360,1158,1518,0.1388
359,1154,1513,0.1388
359,1159,1518,0.1388
362,1162,1524,0.1388
365,1161,1526,0.1388
364,1149,1513,0.1388
363,1150,1513,0.1388
362,1144,1506,0.1388
364,1152,1516,0.1388
365,1142,1507,0.1388
364,1142,1506,0.1388
372,1140,1512,0.1388
372,1139,1511,0.1388
365,1144,1509,0.1388
361,1145,1506,0.1388
361,1151,1512,0.1388
360,1152,1512,0.1388
355,1160,1515,0.1388
354,1166,1520,0.1388
349,1161,1510,0.1388
352,1172,1524,0.1388
354,1170,1524,0.1388
351,1163,1514,0.1388
347,1168,1515,0.1388
346,1174,1520,0.1388
348,1173,1521,0.1388
349,1169,1518,0.1388
345,1174,1519,0.1388
342,1174,1516,0.1388
339,1176,1515,0.1388
332,1176,1508,0.1388
332,1179,1511,0.1388
324,1182,1506,0.1388
323,1189,1512,0.1388
321,1188,1509,0.1388
323,1185,1508,0.1388
329,1187,1516,0.1388
338,1184,1522,0.1388
338,1196,1534,0.1388
339,1185,1524,0.1388
336,1184,1520,0.1388
332,1188,1520,0.1388
334,1193,1527,0.1388
334,1183,1517,0.1388
323,1188,1511,0.1388
327,1190,1517,0.1388
319,1185,1504,0.1388
315,1199,1514,0.1388
313,1195,1508,0.1388
311,1201,1512,0.1388
313,1204,1517,0.1388
313,1188,1501,0.1388
314,1188,1502,0.1388
321,1191,1512,0.1388
322,1184,1506,0.1388
319,1191,1510,0.1388
324,1189,1513,0.1388
326,1197,1523,0.1388
326,1198,1524,0.1388
329,1178,1507,0.1388
328,1185,1513,0.1388
325,1189,1514,0.1388
327,1193,1520,0.1388
325,1184,1509,0.1388
325,1194,1519,0.1388
317,1191,1508,0.1388
317,1198,1515,0.1388
318,1199,1517,0.1388
315,1197,1512,0.1388
315,1202,1517,0.1388
312,1207,1519,0.1388
309,1199,1508,0.1388
309,1201,1510,0.1388
308,1207,1515,0.1388
307,1205,1512,0.1388
307,1210,1517,0.1388
306,1192,1498,0.1388
301,1201,1502,0.1388
304,1205,1509,0.1388
305,1202,1507,0.1388
302,1210,1512,0.1388
304,1206,1510,0.1388
305,1198,1503,0.1388
305,1202,1507,0.1388
300,1201,1501,0.1388
302,1218,1520,0.1388
300,1205,1505,0.1388
297,1197,1494,0.1388
297,1218,1515,0.1388
291,1211,1502,0.1388
287,1215,1502,0.1388
290,1211,1501,0.1388
291,1214,1505,0.1388
289,1218,1507,0.1388
296,1223,1519,0.1388
294,1224,1518,0.1388
291,1207,1498,0.1388
295,1210,1505,0.1388
301,1224,1525,0.1388
299,1217,1516,0.1388
297,1223,1520,0.1388
299,1222,1521,0.1388
301,1217,1518,0.1388
298,1221,1519,0.1388
293,1212,1505,0.1388
294,1202,1496,0.1388
292,1223,1515,0.1388
291,1223,1514,0.1388
294,1227,1521,0.1388
289,1219,1508,0.1388
292,1228,1520,0.1388
289,1216,1505,0.1388
289,1223,1512,0.1388
289,1214,1503,0.1388
283,1220,1503,0.1388
282,1219,1501,0.1388
281,1210,1491,0.1388
279,1221,1500,0.1388
282,1236,1518,0.1388
288,1232,1520,0.1388
287,1231,1518,0.1388
287,1213,1500,0.1388
285,1223,1508,0.1388
282,1221,1503,0.1388
274,1233,1507,0.1388
276,1227,1503,0.1388
273,1226,1499,0.1388
273,1240,1513,0.1388
274,1232,1506,0.1388
269,1253,1522,0.1388
270,1244,1514,0.1388
271,1247,1518,0.1388
270,1243,1513,0.1388
265,1236,1501,0.1388
259,1227,1486,0.1388
266,1225,1491,0.1388
265,1244,1509,0.1388
263,1252,1515,0.1388
259,1255,1514,0.1388
263,1255,1518,0.1388
268,1245,1513,0.1388
272,1252,1524,0.1388
265,1240,1505,0.1388
261,1245,1506,0.1388
262,1251,1513,0.1388
263,1266,1529,0.1388
259,1258,1517,0.1388
264,1259,1523,0.1388
257,1247,1504,0.1388
254,1254,1508,0.1388
261,1256,1517,0.1388
266,1256,1522,0.1388
266,1256,1522,0.1388
266,1241,1507,0.1388
269,1238,1507,0.1388
264,1230,1494,0.1388
269,1231,1500,0.1388
268,1239,1507,0.1388
263,1256,1519,0.1388
259,1255,1514,0.1388
255,1262,1517,0.1388
259,1257,1516,0.1388
257,1259,1516,0.1388
257,1258,1515,0.1388
256,1254,1510,0.1388
256,1256,1512,0.1388
258,1261,1519,0.1388
255,1259,1514,0.1388
254,1253,1507,0.1388
252,1262,1514,0.1388
250,1276,1526,0.1388
250,1282,1532,0.1388
246,1275,1521,0.1388
241,1265,1506,0.1388
236,1271,1507,0.1388
229,1265,1494,0.1388
230,1267,1497,0.1388
231,1285,1516,0.1388
227,1279,1506,0.1388
228,1278,1506,0.1388
225,1282,1507,0.1388
231,1273,1504,0.1388
224,1271,1495,0.1388
223,1266,1489,0.1388
228,1285,1513,0.1388
231,1273,1504,0.1388
230,1265,1495,0.1388
235,1274,1509,0.1388
237,1269,1506,0.1388
229,1284,1513,0.1388
234,1288,1522,0.1388
230,1280,1510,0.1388
231,1283,1514,0.1388
226,1278,1504,0.1388
227,1286,1513,0.1388
228,1286,1514,0.1388
234,1292,1526,0.1388
230,1283,1513,0.1388
225,1281,1506,0.1388
227,1289,1516,0.1388
228,1286,1514,0.1388
230,1284,1514,0.1388
231,1289,1520,0.1388
228,1281,1509,0.1388
224,1284,1508,0.1388
230,1283,1513,0.1388
233,1279,1512,0.1388
234,1270,1504,0.1388
234,1272,1506,0.1388
231,1275,1506,0.1388
227,1289,1516,0.1388
230,1286,1516,0.1388
230,1291,1521,0.1388
231,1282,1513,0.1388
230,1273,1503,0.1388
226,1280,1506,0.1388
232,1300,1532,0.1388
230,1302,1532,0.1388
224,1300,1524,0.1388
227,1298,1525,0.1388
223,1303,1526,0.1388
229,1291,1520,0.1388
220,1292,1512,0.1388
224,1299,1523,0.1388
228,1299,1527,0.1388
226,1288,1514,0.1388
223,1293,1516,0.1388
217,1294,1511,0.1388
221,1294,1515,0.1388
219,1287,1506,0.1388
213,1275,1488,0.1388
211,1270,1481,0.1388
217,1279,1496,0.1388
218,1280,1498,0.1388
220,1293,1513,0.1388
219,1295,1514,0.1388
220,1298,1518,0.1388
216,1282,1498,0.1388
213,1285,1498,0.1388
221,1280,1501,0.1388
224,1292,1516,0.1388
223,1296,1519,0.1388
220,1300,1520,0.1388
220,1300,1520,0.1388
215,1301,1516,0.1388
218,1297,1515,0.1388
221,1284,1505,0.1388
222,1298,1520,0.1388
214,1290,1504,0.1388
213,1279,1492,0.1388
211,1290,1501,0.1388
209,1295,1504,0.1388
211,1304,1515,0.1388
212,1305,1517,0.1388
214,1287,1501,0.1388
209,1285,1494,0.1388
215,1281,1496,0.1388
217,1289,1506,0.1388
218,1291,1509,0.1388
215,1284,1499,0.1388
214,1291,1505,0.1388
209,1299,1508,0.1388
213,1305,1518,0.1388
212,1298,1510,0.1388
212,1299,1511,0.1388
213,1294,1507,0.1388
208,1295,1503,0.1388
214,1307,1521,0.1388
211,1297,1508,0.1388
213,1310,1523,0.1388
213,1316,1529,0.1388
215,1311,1526,0.1388
210,1302,1512,0.1388
206,1314,1520,0.1388
202,1312,1514,0.1388
202,1312,1514,0.1388
203,1316,1519,0.1388
203,1307,1510,0.1388
196,1310,1506,0.1388
202,1311,1513,0.1388
201,1319,1520,0.1388
199,1309,1508,0.1388
200,1323,1523,0.1388
198,1323,1521,0.1388
199,1321,1520,0.1388
198,1327,1525,0.1388
195,1314,1509,0.1388
197,1302,1499,0.1388
194,1309,1503,0.1388
197,1313,1510,0.1388
198,1320,1518,0.1388
194,1321,1515,0.1388
192,1337,1529,0.1388
193,1331,1524,0.1388
189,1330,1519,0.1388
190,1318,1508,0.1388
187,1321,1508,0.1388
187,1333,1520,0.1388
186,1330,1516,0.1388
181,1322,1503,0.1388
185,1331,1516,0.1388
181,1331,1512,0.1388
179,1325,1504,0.1388
179,1336,1515,0.1388
176,1331,1507,0.1388
176,1323,1499,0.1388
174,1330,1504,0.1388
174,1333,1507,0.1388
172,1328,1500,0.1388
174,1341,1515,0.1388
173,1340,1513,0.1388
176,1342,1518,0.1388
177,1332,1509,0.1388
172,1334,1506,0.1388
178,1347,1525,0.1388
177,1345,1522,0.1388
177,1341,1518,0.1388
176,1335,1511,0.1388
173,1341,1514,0.1388
174,1340,1514,0.1388
168,1340,1508,0.1388
169,1345,1514,0.1388
166,1348,1514,0.1388
166,1325,1491,0.1388
169,1349,1518,0.1388
168,1343,1511,0.1388
168,1346,1514,0.1388
162,1330,1492,0.1388
161,1354,1515,0.1388
162,1349,1511,0.1388
164,1349,1513,0.1388
165,1353,1518,0.1388
168,1340,1508,0.1388
168,1348,1516,0.1388
168,1349,1517,0.1388
166,1349,1515,0.1388
165,1342,1507,0.1388
164,1335,1499,0.1388
159,1341,1500,0.1388
159,1338,1497,0.1388
159,1336,1495,0.1388
164,1345,1509,0.1388
167,1345,1512,0.1388
166,1343,1509,0.1388
163,1345,1508,0.1388
157,1340,1497,0.1388
159,1345,1504,0.1388
159,1354,1513,0.1388
162,1356,1518,0.1388
164,1356,1520,0.1388
164,1359,1523,0.1388
163,1360,1523,0.1388
163,1367,1530,0.1388
160,1382,1542,0.1388
162,1369,1531,0.1388
161,1364,1525,0.1388
166,1361,1527,0.1388
167,1352,1519,0.1388
168,1342,1510,0.1388
171,1346,1517,0.1388
166,1345,1511,0.1388
166,1348,1514,0.1388
169,1346,1515,0.1388
167,1341,1508,0.1388
170,1353,1523,0.1388
168,1347,1515,0.1388
159,1357,1516,0.1388
157,1356,1513,0.1388
153,1362,1515,0.1388
157,1361,1518,0.1388
159,1354,1513,0.1388
160,1358,1518,0.1388
157,1367,1524,0.1388
156,1367,1523,0.1388
157,1370,1527,0.1388
156,1363,1519,0.1388
157,1355,1512,0.1388
157,1357,1514,0.1388
157,1357,1514,0.1388
156,1357,1513,0.1388
154,1357,1511,0.1388
151,1362,1513,0.1388
143,1363,1506,0.1388
142,1375,1517,0.1388
140,1363,1503,0.1388
138,1369,1507,0.1388
137,1365,1502,0.1388
137,1377,1514,0.1388
141,1372,1513,0.1388
142,1368,1510,0.1388
137,1378,1515,0.1388
137,1369,1506,0.1388
134,1371,1505,0.1388
135,1374,1509,0.1388
134,1380,1514,0.1388
136,1380,1516,0.1388
135,1390,1525,0.1388
134,1381,1515,0.1388
132,1369,1501,0.1388
133,1362,1495,0.1388
134,1370,1504,0.1388
130,1372,1502,0.1388
130,1385,1515,0.1388
133,1387,1520,0.1388
134,1388,1522,0.1388
136,1383,1519,0.1388
138,1372,1510,0.1388
143,1365,1508,0.1388
138,1364,1502,0.1388
139,1365,1504,0.1388
139,1364,1503,0.1388
139,1379,1518,0.1388
138,1367,1505,0.1388
142,1369,1511,0.1388
141,1355,1496,0.1388
143,1343,1486,0.1388
140,1357,1497,0.1388
144,1356,1500,0.1388
145,1364,1509,0.1388
141,1368,1509,0.1388
142,1371,1513,0.1388
141,1383,1524,0.1388
144,1380,1524,0.1388
141,1377,1518,0.1388
143,1371,1514,0.1388
143,1372,1515,0.1388
140,1371,1511,0.1388
140,1375,1515,0.1388
137,1369,1506,0.1388
139,1380,1519,0.1388
142,1393,1535,0.1388
144,1388,1532,0.1388
143,1376,1519,0.1388
143,1382,1525,0.1388
142,1379,1521,0.1388
140,1385,1525,0.1388
140,1393,1533,0.1388
137,1388,1525,0.1388
135,1381,1516,0.1388
136,1393,1529,0.1388
137,1400,1537,0.1388
135,1386,1521,0.1388
133,1392,1525,0.1388
137,1389,1526,0.1388
136,1384,1520,0.1388
138,1392,1530,0.1388
138,1392,1530,0.1388
136,1379,1515,0.1388
136,1365,1501,0.1388
141,1374,1515,0.1388
137,1376,1513,0.1388
136,1376,1512,0.1388
136,1386,1522,0.1388
139,1387,1526,0.1388
137,1388,1525,0.1388
141,1378,1519,0.1388
139,1373,1512,0.1388
140,1362,1502,0.1388
144,1376,1520,0.1388
145,1380,1525,0.1388
141,1370,1511,0.1388
140,1376,1516,0.1388
138,1378,1516,0.1388
138,1364,1502,0.1388
140,1369,1509,0.1388
137,1366,1503,0.1388
137,1370,1507,0.1388
138,1372,1510,0.1388
139,1376,1515,0.1388
139,1371,1510,0.1388
138,1379,1517,0.1388
144,1387,1531,0.1388
147,1380,1527,0.1388
142,1380,1522,0.1388
142,1383,1525,0.1388
144,1377,1521,0.1388
143,1377,1520,0.1388
142,1379,1521,0.1388
140,1378,1518,0.1388
137,1375,1512,0.1388
138,1369,1507,0.1388
140,1376,1516,0.1388
142,1381,1523,0.1388
145,1385,1530,0.1388
143,1391,1534,0.1388
141,1389,1530,0.1388
140,1376,1516,0.1388
142,1375,1517,0.1388
141,1379,1520,0.1388
144,1381,1525,0.1388
147,1368,1515,0.1388
148,1357,1505,0.1388
145,1362,1507,0.1388
147,1367,1514,0.1388
145,1361,1506,0.1388
148,1377,1525,0.1388
146,1370,1516,0.1388
144,1378,1522,0.1388
143,1376,1519,0.1388
140,1357,1497,0.1388
140,1361,1501,0.1388
141,1370,1511,0.1388
142,1370,1512,0.1388
141,1375,1516,0.1388
142,1374,1516,0.1388
147,1362,1509,0.1388
146,1372,1518,0.1388
147,1362,1509,0.1388
150,1367,1517,0.1388
152,1372,1524,0.1388
147,1378,1525,0.1388
147,1378,1525,0.1388
145,1369,1514,0.1388
147,1376,1523,0.1388
145,1363,1508,0.1388
146,1373,1519,0.1388
144,1369,1513,0.1388
139,1364,1503,0.1388
140,1365,1505,0.1388
139,1376,1515,0.1388
140,1381,1521,0.1388
140,1384,1524,0.1388
140,1374,1514,0.1388
143,1375,1518,0.1388
145,1367,1512,0.1388
144,1365,1509,0.1388
143,1367,1510,0.1388
143,1366,1509,0.1388
142,1371,1513,0.1388
144,1379,1523,0.1388
144,1370,1514,0.1388
143,1374,1517,0.1388
144,1373,1517,0.1388
146,1365,1511,0.1388
143,1373,1516,0.1388
140,1383,1523,0.1388
140,1384,1524,0.1388
138,1375,1513,0.1388
135,1372,1507,0.1388
130,1387,1517,0.1388
131,1399,1530,0.1388
129,1389,1518,0.1388
129,1386,1515,0.1388
131,1386,1517,0.1388
130,1391,1521,0.1388
132,1378,1510,0.1388
133,1389,1522,0.1388
131,1395,1526,0.1388
129,1379,1508,0.1388
126,1378,1504,0.1388
126,1386,1512,0.1388
130,1393,1523,0.1388
129,1393,1522,0.1388
130,1378,1508,0.1388
131,1387,1518,0.1388
129,1385,1514,0.1388
129,1387,1516,0.1388
126,1375,1501,0.1388
126,1386,1512,0.1388
125,1389,1514,0.1388
124,1394,1518,0.1388
126,1386,1512,0.1388
124,1381,1505,0.1388
123,1388,1511,0.1388
122,1389,1511,0.1388
122,1407,1529,0.1388
124,1405,1529,0.1388
123,1407,1530,0.1388
118,1402,1520,0.1388
119,1393,1512,0.1388
115,1395,1510,0.1388
116,1386,1502,0.1388
121,1397,1518,0.1388
123,1393,1516,0.1388
124,1387,1511,0.1388
120,1385,1505,0.1388
119,1397,1516,0.1388
118,1408,1526,0.1388
121,1410,1531,0.1388
121,1401,1522,0.1388
118,1393,1511,0.1388
118,1397,1515,0.1388
113,1395,1508,0.1388
112,1383,1495,0.1388
113,1387,1500,0.1388
114,1376,1490,0.1388
115,1381,1496,0.1388
116,1402,1518,0.1388
112,1403,1515,0.1388
115,1410,1525,0.1388
114,1397,1511,0.1388
120,1386,1506,0.1388
123,1391,1514,0.1388
122,1379,1501,0.1388
123,1392,1515,0.1388
123,1402,1525,0.1388
126,1378,1504,0.1388
127,1391,1518,0.1388
125,1379,1504,0.1388
126,1395,1521,0.1388
123,1370,1493,0.1388
124,1383,1507,0.1388
126,1384,1510,0.1388
124,1382,1506,0.1388
123,1378,1501,0.1388
125,1380,1505,0.1388
123,1395,1518,0.1388
124,1401,1525,0.1388
127,1401,1528,0.1388
125,1403,1528,0.1388
122,1398,1520,0.1388
118,1394,1512,0.1388
121,1405,1526,0.1388
122,1400,1522,0.1388
118,1402,1520,0.1388
117,1404,1521,0.1388
113,1393,1506,0.1388
114,1397,1511,0.1388
114,1404,1518,0.1388
113,1407,1520,0.1388
117,1401,1518,0.1388
117,1404,1521,0.1388
119,1401,1520,0.1388
121,1395,1516,0.1388
121,1396,1517,0.1388
119,1397,1516,0.1388
118,1394,1512,0.1388
118,1411,1529,0.1388
112,1406,1518,0.1388
111,1413,1524,0.1388
107,1405,1512,0.1388
104,1401,1505,0.1388
104,1402,1506,0.1388
101,1396,1497,0.1388
101,1404,1505,0.1388
104,1413,1517,0.1388
106,1427,1533,0.1388
103,1431,1534,0.1388
104,1424,1528,0.1388
100,1426,1526,0.1388
100,1423,1523,0.1388
100,1420,1520,0.1388
97,1429,1526,0.1388
95,1414,1509,0.1388
98,1420,1518,0.1388
93,1429,1522,0.1388
96,1427,1523,0.1388
98,1418,1516,0.1388
100,1414,1514,0.1388
99,1418,1517,0.1388
95,1423,1518,0.1388
98,1416,1514,0.1388
99,1401,1500,0.1388
104,1401,1505,0.1388
105,1410,1515,0.1388
104,1406,1510,0.1388
102,1403,1505,0.1388
104,1409,1513,0.1388
103,1416,1519,0.1388
105,1408,1513,0.1388
104,1416,1520,0.1388
104,1412,1516,0.1388
105,1408,1513,0.1388
105,1400,1505,0.1388
104,1406,1510,0.1388
105,1405,1510,0.1388
108,1406,1514,0.1388
107,1410,1517,0.1388
106,1409,1515,0.1388
103,1413,1516,0.1388
102,1407,1509,0.1388
103,1401,1504,0.1388
100,1405,1505,0.1388
100,1417,1517,0.1388
96,1409,1505,0.1388
96,1404,1500,0.1388
98,1414,1512,0.1388
97,1409,1506,0.1388
93,1414,1507,0.1388
92,1414,1506,0.1388
91,1400,1491,0.1388
89,1415,1504,0.1388
92,1419,1511,0.1388
93,1420,1513,0.1388
93,1411,1504,0.1388
96,1412,1508,0.1388
92,1425,1517,0.1388
94,1428,1522,0.1388
93,1420,1513,0.1388
91,1419,1510,0.1388
92,1423,1515,0.1388
90,1432,1522,0.1388
88,1440,1528,0.1388
88,1432,1520,0.1388
92,1437,1529,0.1388
90,1418,1508,0.1388
92,1417,1509,0.1388
91,1419,1510,0.1388
88,1414,1502,0.1388
91,1420,1511,0.1388
90,1427,1517,0.1388
92,1433,1525,0.1388
90,1432,1522,0.1388
90,1439,1529,0.1388
92,1446,1538,0.1388
94,1437,1531,0.1388
92,1431,1523,0.1388
90,1437,1527,0.1388
94,1424,1518,0.1388
97,1418,1515,0.1388
94,1413,1507,0.1388
96,1402,1498,0.1388
93,1418,1511,0.1388
94,1421,1515,0.1388
92,1425,1517,0.1388
91,1432,1523,0.1388
90,1434,1524,0.1388
89,1441,1530,0.1388
90,1427,1517,0.1388
90,1422,1512,0.1388
91,1426,1517,0.1388
93,1420,1513,0.1388
95,1421,1516,0.1388
93,1424,1517,0.1388
91,1433,1524,0.1388
95,1439,1534,0.1388
93,1432,1525,0.1388
93,1416,1509,0.1388
93,1422,1515,0.1388
94,1416,1510,0.1388
93,1407,1500,0.1388
93,1410,1503,0.1388
94,1411,1505,0.1388
95,1419,1514,0.1388
96,1431,1527,0.1388
94,1426,1520,0.1388
91,1410,1501,0.1388
91,1420,1511,0.1388
90,1423,1513,0.1388
92,1429,1521,0.1388
92,1424,1516,0.1388
93,1426,1519,0.1388
89,1427,1516,0.1388
89,1431,1520,0.1388
87,1437,1524,0.1388
86,1425,1511,0.1388
88,1429,1517,0.1388
88,1422,1510,0.1388
88,1423,1511,0.1388
87,1418,1505,0.1388
87,1430,1517,0.1388
88,1423,1511,0.1388
86,1425,1511,0.1388
85,1436,1521,0.1388
84,1435,1519,0.1388
85,1433,1518,0.1388
85,1438,1523,0.1388
83,1440,1523,0.1388
85,1425,1510,0.1388
83,1429,1512,0.1388
83,1431,1514,0.1388
84,1430,1514,0.1388
82,1429,1511,0.1388
83,1432,1515,0.1388
84,1421,1505,0.1388
86,1424,1510,0.1388
87,1432,1519,0.1388
87,1439,1526,0.1388
90,1435,1525,0.1388
87,1440,1527,0.1388
85,1437,1522,0.1388
79,1441,1520,0.1388
79,1427,1506,0.1388
78,1431,1509,0.1388
76,1436,1512,0.1388
77,1435,1512,0.1388
76,1437,1513,0.1388
77,1433,1510,0.1388
77,1437,1514,0.1388
76,1431,1507,0.1388
80,1448,1528,0.1388
79,1427,1506,0.1388
79,1431,1510,0.1388
79,1430,1509,0.1388
81,1439,1520,0.1388
80,1432,1512,0.1388
79,1432,1511,0.1388
77,1440,1517,0.1388
76,1437,1513,0.1388
74,1446,1520,0.1388
77,1456,1533,0.1388
81,1439,1520,0.1388
80,1446,1526,0.1388
81,1438,1519,0.1388
81,1427,1508,0.1388
81,1435,1516,0.1388
82,1441,1523,0.1388
80,1431,1511,0.1388
83,1432,1515,0.1388
87,1421,1508,0.1388
89,1427,1516,0.1388
92,1436,1528,0.1388
88,1441,1529,0.1388
87,1444,1531,0.1388
89,1441,1530,0.1388
87,1430,1517,0.1388
88,1429,1517,0.1388
89,1419,1508,0.1388
89,1416,1505,0.1388
91,1422,1513,0.1388
87,1426,1513,0.1388
89,1407,1496,0.1388
91,1413,1504,0.1388
92,1431,1523,0.1388
88,1429,1517,0.1388
90,1429,1519,0.1388
88,1429,1517,0.1388
89,1432,1521,0.1388
86,1410,1496,0.1388
87,1413,1500,0.1388
88,1419,1507,0.1388
86,1413,1499,0.1388
85,1428,1513,0.1388
86,1431,1517,0.1388
89,1440,1529,0.1388
88,1427,1515,0.1388
86,1437,1523,0.1388
89,1427,1516,0.1388
87,1435,1522,0.1388
87,1439,1526,0.1388
87,1438,1525,0.1388
83,1423,1506,0.1388
82,1429,1511,0.1388
84,1431,1515,0.1388
82,1437,1519,0.1388
82,1429,1511,0.1388
82,1424,1506,0.1388
81,1429,1510,0.1388
80,1431,1511,0.1388
74,1433,1507,0.1388
73,1432,1505,0.1388
70,1436,1506,0.1388
73,1447,1520,0.1388
75,1441,1516,0.1388
75,1448,1523,0.1388
76,1441,1517,0.1388
74,1441,1515,0.1388
74,1444,1518,0.1388
75,1434,1509,0.1388
75,1439,1514,0.1388
74,1435,1509,0.1388
72,1425,1497,0.1388
75,1435,1510,0.1388
76,1445,1521,0.1388
73,1451,1524,0.1388
77,1452,1529,0.1388
74,1444,1518,0.1388
75,1441,1516,0.1388
78,1451,1529,0.1388
77,1445,1522,0.1388
78,1444,1522,0.1388
77,1441,1518,0.1388
78,1446,1524,0.1388
77,1457,1534,0.1388
70,1454,1524,0.1388
75,1450,1525,0.1388
75,1444,1519,0.1388
73,1441,1514,0.1388
72,1438,1510,0.1388
72,1447,1519,0.1388
72,1439,1511,0.1388
73,1439,1512,0.1388
73,1435,1508,0.1388
74,1430,1504,0.1388
73,1445,1518,0.1388
71,1454,1525,0.1388
68,1450,1518,0.1388
69,1446,1515,0.1388
65,1444,1509,0.1388
65,1449,1514,0.1388
66,1457,1523,0.1388
65,1461,1526,0.1388
65,1452,1517,0.1388
64,1457,1521,0.1388
66,1450,1516,0.1388
68,1447,1515,0.1388
67,1435,1502,0.1388
64,1432,1496,0.1388
65,1431,1496,0.1388
66,1440,1506,0.1388
67,1438,1505,0.1388
65,1434,1499,0.1388
67,1432,1499,0.1388
61,1425,1486,0.1388
62,1432,1494,0.1388
65,1442,1507,0.1388
63,1449,1512,0.1388
66,1449,1515,0.1388
66,1444,1510,0.1388
69,1441,1510,0.1388
68,1457,1525,0.1388
68,1459,1527,0.1388
68,1454,1522,0.1388
68,1462,1530,0.1388
65,1461,1526,0.1388
64,1450,1514,0.1388
64,1461,1525,0.1388
63,1465,1528,0.1388
63,1463,1526,0.1388
59,1444,1503,0.1388
58,1446,1504,0.1388
58,1452,1510,0.1388
58,1451,1509,0.1388
60,1446,1506,0.1388
56,1446,1502,0.1388
58,1456,1514,0.1388
58,1459,1517,0.1388
59,1452,1511,0.1388
57,1455,1512,0.1388
57,1458,1515,0.1388
55,1472,1527,0.1388
55,1450,1505,0.1388
55,1451,1506,0.1388
56,1459,1515,0.1388
55,1450,1505,0.1388
54,1463,1517,0.1388
53,1471,1524,0.1388
53,1475,1528,0.1388
54,1469,1523,0.1388
55,1478,1533,0.1388
55,1472,1527,0.1388
54,1478,1532,0.1388
54,1472,1526,0.1388
56,1471,1527,0.1388
56,1466,1522,0.1388
57,1472,1529,0.1388
60,1471,1531,0.1388
61,1457,1518,0.1388
62,1460,1522,0.1388
60,1464,1524,0.1388
61,1464,1525,0.1388
58,1458,1516,0.1388
56,1454,1510,0.1388
55,1460,1515,0.1388
53,1456,1509,0.1388
55,1457,1512,0.1388
56,1436,1492,0.1388
56,1448,1504,0.1388
54,1453,1507,0.1388
54,1458,1512,0.1388
55,1454,1509,0.1388
57,1458,1515,0.1388
57,1460,1517,0.1388
58,1455,1513,0.1388
57,1450,1507,0.1388
55,1455,1510,0.1388
54,1469,1523,0.1388
53,1465,1518,0.1388
54,1471,1525,0.1388
54,1467,1521,0.1388
56,1478,1534,0.1388
53,1483,1536,0.1388
55,1479,1534,0.1388
54,1459,1513,0.1388
56,1467,1523,0.1388
56,1465,1521,0.1388
56,1469,1525,0.1388
58,1460,1518,0.1388
58,1470,1528,0.1388
56,1463,1519,0.1388
53,1450,1503,0.1388
49,1455,1504,0.1388
49,1463,1512,0.1388
49,1454,1503,0.1388
51,1460,1511,0.1388
50,1451,1501,0.1388
49,1467,1516,0.1388
49,1464,1513,0.1388
47,1461,1508,0.1388
44,1456,1500,0.1388
44,1451,1495,0.1388
43,1442,1485,0.1388
42,1440,1482,0.1388
42,1444,1486,0.1388
42,1468,1510,0.1388
44,1475,1519,0.1388
44,1474,1518,0.1388
45,1483,1528,0.1388
47,1472,1519,0.1388
48,1467,1515,0.1388
48,1473,1521,0.1388
48,1476,1524,0.1388
51,1475,1526,0.1388
50,1473,1523,0.1388
47,1470,1517,0.1388
48,1482,1530,0.1388
49,1485,1534,0.1388
48,1479,1527,0.1388
49,1473,1522,0.1388
48,1470,1518,0.1388
45,1471,1516,0.1388
45,1472,1517,0.1388
44,1481,1525,0.1388
41,1486,1527,0.1388
41,1475,1516,0.1388
41,1466,1507,0.1388
38,1469,1507,0.1388
38,1466,1504,0.1388
37,1469,1506,0.1388
38,1476,1514,0.1388
39,1489,1528,0.1388
39,1483,1522,0.1388
39,1483,1522,0.1388
38,1488,1526,0.1388
38,1486,1524,0.1388
39,1481,1520,0.1388
40,1479,1519,0.1388
40,1481,1521,0.1388
40,1484,1524,0.1388
37,1488,1525,0.1388
38,1479,1517,0.1388
37,1479,1516,0.1388
38,1485,1523,0.1388
36,1481,1517,0.1388
35,1494,1529,0.1388
35,1484,1519,0.1388
36,1479,1515,0.1388
36,1483,1519,0.1388
36,1488,1524,0.1388
37,1492,1529,0.1388
38,1483,1521,0.1388
37,1474,1511,0.1388
37,1467,1504,0.1388
35,1480,1515,0.1388
37,1475,1512,0.1388
37,1481,1518,0.1388
37,1485,1522,0.1388
36,1481,1517,0.1388
38,1471,1509,0.1388
36,1472,1508,0.1388
36,1473,1509,0.1388
36,1470,1506,0.1388
37,1473,1510,0.1388
34,1488,1522,0.1388
35,1474,1509,0.1388
35,1473,1508,0.1388
35,1484,1519,0.1388
35,1486,1521,0.1388
36,1483,1519,0.1388
35,1498,1533,0.1388
35,1497,1532,0.1388
35,1497,1532,0.1388
37,1486,1523,0.1388
38,1486,1524,0.1388
37,1473,1510,0.1388
36,1487,1523,0.1388
36,1481,1517,0.1388
38,1483,1521,0.1388
37,1489,1526,0.1388
36,1495,1531,0.1388
38,1500,1538,0.1388
39,1488,1527,0.1388
38,1490,1528,0.1388
38,1481,1519,0.1388
37,1478,1515,0.1388
35,1474,1509,0.1388
37,1482,1519,0.1388
38,1482,1520,0.1388
39,1475,1514,0.1388
40,1473,1513,0.1388
41,1476,1517,0.1388
39,1478,1517,0.1388
40,1469,1509,0.1388
40,1474,1514,0.1388
41,1470,1511,0.1388
40,1478,1518,0.1388
39,1481,1520,0.1388
38,1488,1526,0.1388
37,1492,1529,0.1388
37,1491,1528,0.1388
38,1469,1507,0.1388
38,1476,1514,0.1388
39,1480,1519,0.1388
39,1478,1517,0.1388
37,1486,1523,0.1388
38,1481,1519,0.1388
39,1481,1520,0.1388
41,1489,1530,0.1388
40,1483,1523,0.1388
40,1492,1532,0.1388
40,1476,1516,0.1388
41,1473,1514,0.1388
39,1464,1503,0.1388
38,1455,1493,0.1388
37,1463,1500,0.1388
38,1465,1503,0.1388
38,1476,1514,0.1388
38,1470,1508,0.1388
39,1468,1507,0.1388
40,1483,1523,0.1388
39,1477,1516,0.1388
39,1494,1533,0.1388
41,1497,1538,0.1388
41,1489,1530,0.1388
39,1494,1533,0.1388
39,1487,1526,0.1388
39,1478,1517,0.1388
37,1481,1518,0.1388
35,1487,1522,0.1388
33,1480,1513,0.1388
33,1487,1520,0.1388
33,1483,1516,0.1388
34,1493,1527,0.1388
33,1482,1515,0.1388
33,1487,1520,0.1388
31,1467,1498,0.1388
31,1470,1501,0.1388
34,1489,1523,0.1388
34,1485,1519,0.1388
34,1487,1521,0.1388
34,1483,1517,0.1388
33,1487,1520,0.1388
35,1478,1513,0.1388
35,1479,1514,0.1388
33,1476,1509,0.1388
34,1483,1517,0.1388
34,1489,1523,0.1388
33,1480,1513,0.1388
31,1480,1511,0.1388
31,1485,1516,0.1388
31,1496,1527,0.1388
30,1503,1533,0.1388
32,1493,1525,0.1388
32,1495,1527,0.1388
31,1506,1537,0.1388
31,1497,1528,0.1388
31,1490,1521,0.1388
31,1499,1530,0.1388
31,1494,1525,0.1388
29,1495,1524,0.1388
30,1476,1506,0.1388
28,1478,1506,0.1388
30,1477,1507,0.1388
30,1480,1510,0.1388
30,1477,1507,0.1388
31,1491,1522,0.1388
30,1497,1527,0.1388
34,1485,1519,0.1388
33,1489,1522,0.1388
35,1487,1522,0.1388
33,1483,1516,0.1388
33,1484,1517,0.1388
34,1485,1519,0.1388
34,1486,1520,0.1388
32,1482,1514,0.1388
34,1474,1508,0.1388
36,1466,1502,0.1388
39,1468,1507,0.1388
38,1475,1513,0.1388
34,1485,1519,0.1388
34,1482,1516,0.1388
35,1478,1513,0.1388
38,1478,1516,0.1388
37,1474,1511,0.1388
37,1470,1507,0.1388
38,1461,1499,0.1388
37,1459,1496,0.1388
38,1473,1511,0.1388
38,1483,1521,0.1388
36,1492,1528,0.1388
36,1480,1516,0.1388
36,1471,1507,0.1388
38,1477,1515,0.1388
37,1473,1510,0.1388
38,1468,1506,0.1388
38,1472,1510,0.1388
39,1468,1507,0.1388
40,1483,1523,0.1388
40,1474,1514,0.1388
41,1467,1508,0.1388
40,1469,1509,0.1388
41,1469,1510,0.1388
39,1458,1497,0.1388
41,1461,1502,0.1388
39,1454,1493,0.1388
38,1455,1493,0.1388
38,1461,1499,0.1388
37,1456,1493,0.1388
37,1454,1491,0.1388
37,1475,1512,0.1388
36,1477,1513,0.1388
38,1479,1517,0.1388
36,1484,1520,0.1388
38,1487,1525,0.1388
38,1478,1516,0.1388
34,1488,1522,0.1388
35,1492,1527,0.1388
34,1481,1515,0.1388
37,1485,1522,0.1388
38,1482,1520,0.1388
36,1482,1518,0.1388
36,1491,1527,0.1388
36,1472,1508,0.1388
36,1471,1507,0.1388
36,1470,1506,0.1388
33,1461,1494,0.1388
33,1461,1494,0.1388
32,1467,1499,0.1388
33,1467,1500,0.1388
35,1465,1500,0.1388
35,1471,1506,0.1388
36,1476,1512,0.1388
34,1473,1507,0.1388
33,1478,1511,0.1388
34,1477,1511,0.1388
34,1493,1527,0.1388
35,1493,1528,0.1388
36,1476,1512,0.1388
36,1475,1511,0.1388
35,1479,1514,0.1388
36,1487,1523,0.1388
36,1487,1523,0.1388
34,1484,1518,0.1388
35,1483,1518,0.1388
34,1488,1522,0.1388
32,1487,1519,0.1388
31,1478,1509,0.1388
31,1476,1507,0.1388
33,1478,1511,0.1388
34,1483,1517,0.1388
34,1485,1519,0.1388
35,1476,1511,0.1388
35,1468,1503,0.1388
35,1470,1505,0.1388
33,1489,1522,0.1388
35,1487,1522,0.1388
37,1478,1515,0.1388
36,1476,1512,0.1388
34,1478,1512,0.1388
30,1477,1507,0.1388
30,1481,1511,0.1388
28,1478,1506,0.1388
30,1482,1512,0.1388
32,1481,1513,0.1388
34,1472,1506,0.1388
34,1488,1522,0.1388
34,1494,1528,0.1388
33,1493,1526,0.1388
34,1494,1528,0.1388
34,1481,1515,0.1388
33,1485,1518,0.1388
32,1483,1515,0.1388
30,1487,1517,0.1388
30,1479,1509,0.1388
30,1482,1512,0.1388
30,1484,1514,0.1388
30,1490,1520,0.1388
33,1475,1508,0.1388
32,1471,1503,0.1388
33,1478,1511,0.1388
32,1482,1514,0.1388
31,1475,1506,0.1388
33,1468,1501,0.1388
32,1477,1509,0.1388
32,1492,1524,0.1388
32,1490,1522,0.1388
34,1495,1529,0.1388
32,1489,1521,0.1388
34,1499,1533,0.1388
30,1495,1525,0.1388
30,1493,1523,0.1388
30,1484,1514,0.1388
29,1484,1513,0.1388
29,1489,1518,0.1388
30,1490,1520,0.1388
29,1497,1526,0.1388
29,1483,1512,0.1388
30,1480,1510,0.1388
30,1486,1516,0.1388
27,1486,1513,0.1388
25,1475,1500,0.1388
25,1473,1498,0.1388
25,1482,1507,0.1388
23,1486,1509,0.1388
24,1495,1519,0.1388
23,1492,1515,0.1388
21,1489,1510,0.1388
20,1491,1511,0.1388
19,1485,1504,0.1388
20,1497,1517,0.1388
20,1481,1501,0.1388
21,1489,1510,0.1388
19,1500,1519,0.1388
20,1499,1519,0.1388
20,1493,1513,0.1388
21,1489,1510,0.1388
21,1493,1514,0.1388
21,1498,1519,0.1388
21,1501,1522,0.1388
21,1496,1517,0.1388
21,1496,1517,0.1388
21,1499,1520,0.1388
21,1494,1515,0.1388
21,1491,1512,0.1388
22,1486,1508,0.1388
24,1500,1524,0.1388
24,1496,1520,0.1388
26,1488,1514,0.1388
26,1490,1516,0.1388
25,1493,1518,0.1388
26,1487,1513,0.1388
25,1492,1517,0.1388
25,1501,1526,0.1388
25,1492,1517,0.1388
25,1496,1521,0.1388
23,1507,1530,0.1388
23,1499,1522,0.1388
23,1514,1537,0.1388
24,1506,1530,0.1388
24,1500,1524,0.1388
25,1493,1518,0.1388
25,1493,1518,0.1388
26,1500,1526,0.1388
25,1496,1521,0.1388
24,1496,1520,0.1388
23,1497,1520,0.1388
25,1483,1508,0.1388
24,1479,1503,0.1388
24,1497,1521,0.1388
24,1492,1516,0.1388
24,1499,1523,0.1388
22,1480,1502,0.1388
21,1510,1531,0.1388
19,1497,1516,0.1388
20,1485,1505,0.1388
20,1489,1509,0.1388
21,1496,1517,0.1388
21,1498,1519,0.1388
21,1503,1524,0.1388
21,1509,1530,0.1388
19,1500,1519,0.1388
20,1508,1528,0.1388
19,1493,1512,0.1388
19,1497,1516,0.1388
18,1489,1507,0.1388
19,1491,1510,0.1388
19,1502,1521,0.1388
20,1501,1521,0.1388
20,1494,1514,0.1388
21,1504,1525,0.1388
21,1488,1509,0.1388
21,1496,1517,0.1388
22,1500,1522,0.1388
23,1489,1512,0.1388
21,1486,1507,0.1388
21,1497,1518,0.1388
21,1509,1530,0.1388
20,1493,1513,0.1388
21,1500,1521,0.1388
21,1495,1516,0.1388
20,1493,1513,0.1388
20,1500,1520,0.1388
20,1499,1519,0.1388
21,1496,1517,0.1388
21,1493,1514,0.1388
22,1490,1512,0.1388
21,1489,1510,0.1388
22,1497,1519,0.1388
21,1498,1519,0.1388
20,1487,1507,0.1388
20,1482,1502,0.1388
21,1491,1512,0.1388
21,1495,1516,0.1388
21,1499,1520,0.1388
22,1497,1519,0.1388
22,1481,1503,0.1388
21,1481,1502,0.1388
21,1481,1502,0.1388
20,1489,1509,0.1388
21,1488,1509,0.1388
20,1497,1517,0.1388
20,1492,1512,0.1388
20,1490,1510,0.1388
19,1496,1515,0.1388
20,1493,1513,0.1388
20,1494,1514,0.1388
20,1495,1515,0.1388
19,1504,1523,0.1388
20,1506,1526,0.1388
19,1509,1528,0.1388
19,1511,1530,0.1388
17,1496,1513,0.1388
18,1496,1514,0.1388
19,1506,1525,0.1388
18,1505,1523,0.1388
18,1500,1518,0.1388
17,1504,1521,0.1388
19,1510,1529,0.1388
20,1513,1533,0.1388
20,1501,1521,0.1388
20,1502,1522,0.1388
20,1505,1525,0.1388
19,1498,1517,0.1388
17,1496,1513,0.1388
19,1492,1511,0.1388
19,1491,1510,0.1388
19,1500,1519,0.1388
20,1497,1517,0.1388
20,1489,1509,0.1388
21,1491,1512,0.1388
21,1491,1512,0.1388
21,1488,1509,0.1388
20,1493,1513,0.1388
18,1490,1508,0.1388
18,1512,1530,0.1388
17,1506,1523,0.1388
19,1502,1521,0.1388
19,1499,1518,0.1388
19,1495,1514,0.1388
19,1503,1522,0.1388
19,1496,1515,0.1388
19,1494,1513,0.1388
18,1481,1499,0.1388
18,1484,1502,0.1388
19,1497,1516,0.1388
20,1490,1510,0.1388
18,1490,1508,0.1388
19,1497,1516,0.1388
20,1501,1521,0.1388
20,1508,1528,0.1388
19,1503,1522,0.1388
19,1503,1522,0.1388
19,1489,1508,0.1388
19,1502,1521,0.1388
19,1505,1524,0.1388
18,1496,1514,0.1388
17,1500,1517,0.1388
18,1507,1525,0.1388
18,1511,1529,0.1388
19,1495,1514,0.1388
18,1498,1516,0.1388
18,1496,1514,0.1388
18,1493,1511,0.1388
17,1499,1516,0.1388
17,1502,1519,0.1388
15,1487,1502,0.1388
15,1501,1516,0.1388
14,1508,1522,0.1388
14,1485,1499,0.1388
14,1485,1499,0.1388
15,1493,1508,0.1388
15,1488,1503,0.1388
14,1484,1498,0.1388
15,1492,1507,0.1388
15,1495,1510,0.1388
15,1499,1514,0.1388
14,1503,1517,0.1388
14,1498,1512,0.1388
14,1502,1516,0.1388
14,1498,1512,0.1388
14,1502,1516,0.1388
14,1503,1517,0.1388
14,1499,1513,0.1388
14,1500,1514,0.1388
13,1511,1524,0.1388
14,1520,1534,0.1388
15,1520,1535,0.1388
15,1506,1521,0.1388
16,1507,1523,0.1388
15,1499,1514,0.1388
15,1508,1523,0.1388
15,1518,1533,0.1388
15,1522,1537,0.1388
15,1521,1536,0.1388
14,1514,1528,0.1388
13,1496,1509,0.1388
14,1493,1507,0.1388
17,1486,1503,0.1388
18,1488,1506,0.1388
18,1496,1514,0.1388
18,1498,1516,0.1388
18,1503,1521,0.1388
17,1509,1526,0.1388
16,1512,1528,0.1388
17,1499,1516,0.1388
17,1491,1508,0.1388
16,1497,1513,0.1388
15,1501,1516,0.1388
15,1507,1522,0.1388
15,1505,1520,0.1388
14,1494,1508,0.1388
14,1492,1506,0.1388
13,1491,1504,0.1388
14,1498,1512,0.1388
15,1497,1512,0.1388
15,1487,1502,0.1388
16,1504,1520,0.1388
16,1503,1519,0.1388
16,1516,1532,0.1388
17,1514,1531,0.1388
17,1514,1531,0.1388
18,1520,1538,0.1388
17,1510,1527,0.1388
17,1510,1527,0.1388
16,1506,1522,0.1388
15,1493,1508,0.1388
16,1500,1516,0.1388
17,1502,1519,0.1388
17,1485,1502,0.1388
17,1495,1512,0.1388
17,1493,1510,0.1388
18,1489,1507,0.1388
18,1497,1515,0.1388
18,1504,1522,0.1388
17,1493,1510,0.1388
17,1498,1515,0.1388
15,1485,1500,0.1388
15,1466,1481,0.1388
16,1491,1507,0.1388
18,1491,1509,0.1388
17,1502,1519,0.1388
17,1486,1503,0.1388
17,1504,1521,0.1388
17,1498,1515,0.1388
17,1491,1508,0.1388
16,1495,1511,0.1388
17,1494,1511,0.1388
15,1508,1523,0.1388
14,1500,1514,0.1388
14,1513,1527,0.1388
12,1508,1520,0.1388
15,1502,1517,0.1388
15,1490,1505,0.1388
17,1480,1497,0.1388
16,1481,1497,0.1388
16,1481,1497,0.1388
16,1500,1516,0.1388
16,1485,1501,0.1388
16,1493,1509,0.1388
15,1496,1511,0.1388
14,1500,1514,0.1388
14,1505,1519,0.1388
12,1503,1515,0.1388
12,1503,1515,0.1388
13,1499,1512,0.1388
13,1507,1520,0.1388
13,1515,1528,0.1388
13,1511,1524,0.1388
12,1520,1532,0.1388
12,1512,1524,0.1388
12,1508,1520,0.1388
12,1493,1505,0.1388
13,1508,1521,0.1388
13,1509,1522,0.1388
13,1516,1529,0.1388
13,1513,1526,0.1388
13,1515,1528,0.1388
13,1520,1533,0.1388
12,1523,1535,0.1388
12,1511,1523,0.1388
12,1496,1508,0.1388
12,1484,1496,0.1388
12,1493,1505,0.1388
12,1487,1499,0.1388
11,1490,1501,0.1388
12,1509,1521,0.1388
12,1500,1512,0.1388
13,1498,1511,0.1388
14,1500,1514,0.1388
12,1495,1507,0.1388
12,1502,1514,0.1388
12,1511,1523,0.1388
11,1502,1513,0.1388
10,1503,1513,0.1388
10,1495,1505,0.1388
11,1489,1500,0.1388
11,1493,1504,0.1388
12,1489,1501,0.1388
12,1497,1509,0.1388
13,1508,1521,0.1388
12,1498,1510,0.1388
12,1501,1513,0.1388
12,1505,1517,0.1388
12,1496,1508,0.1388
10,1487,1497,0.1388
10,1482,1492,0.1388
10,1486,1496,0.1388
10,1482,1492,0.1388
10,1493,1503,0.1388
11,1492,1503,0.1388
11,1492,1503,0.1388
11,1495,1506,0.1388
11,1503,1514,0.1388
11,1496,1507,0.1388
11,1485,1496,0.1388
11,1491,1502,0.1388
9,1505,1514,0.1388
9,1498,1507,0.1388
8,1490,1498,0.1388
10,1491,1501,0.1388
10,1504,1514,0.1388
9,1501,1510,0.1388
10,1498,1508,0.1388
12,1506,1518,0.1388
12,1520,1532,0.1388
13,1513,1526,0.1388
12,1516,1528,0.1388
12,1505,1517,0.1388
12,1509,1521,0.1388
12,1519,1531,0.1388
13,1519,1532,0.1388
12,1523,1535,0.1388
12,1526,1538,0.1388
12,1515,1527,0.1388
15,1508,1523,0.1388
16,1498,1514,0.1388
14,1477,1491,0.1388
14,1484,1498,0.1388
14,1495,1509,0.1388
14,1492,1506,0.1388
14,1498,1512,0.1388
16,1513,1529,0.1388
14,1508,1522,0.1388
14,1507,1521,0.1388
15,1507,1522,0.1388
15,1502,1517,0.1388
15,1496,1511,0.1388
15,1488,1503,0.1388
15,1505,1520,0.1388
15,1513,1528,0.1388
17,1524,1541,0.1388
17,1519,1536,0.1388
17,1512,1529,0.1388
13,1509,1522,0.1388
14,1491,1505,0.1388
14,1501,1515,0.1388
13,1493,1506,0.1388
14,1486,1500,0.1388
13,1497,1510,0.1388
11,1505,1516,0.1388
12,1494,1506,0.1388
11,1517,1528,0.1388
10,1508,1518,0.1388
8,1499,1507,0.1388
10,1498,1508,0.1388
12,1498,1510,0.1388
12,1515,1527,0.1388
12,1502,1514,0.1388
12,1508,1520,0.1388
13,1495,1508,0.1388
14,1499,1513,0.1388
12,1504,1516,0.1388
13,1515,1528,0.1388
13,1490,1503,0.1388
14,1500,1514,0.1388
13,1484,1497,0.1388
13,1492,1505,0.1388
13,1508,1521,0.1388
11,1499,1510,0.1388
12,1503,1515,0.1388
14,1504,1518,0.1388
15,1511,1526,0.1388
16,1504,1520,0.1388
15,1499,1514,0.1388
17,1495,1512,0.1388
14,1494,1508,0.1388
14,1490,1504,0.1388
15,1500,1515,0.1388
15,1510,1525,0.1388
14,1510,1524,0.1388
14,1521,1535,0.1388
14,1511,1525,0.1388
14,1509,1523,0.1388
14,1514,1528,0.1388
15,1505,1520,0.1388
15,1498,1513,0.1388
16,1496,1512,0.1388
14,1494,1508,0.1388
13,1500,1513,0.1388
13,1507,1520,0.1388
13,1509,1522,0.1388
13,1493,1506,0.1388
13,1513,1526,0.1388
11,1499,1510,0.1388
11,1487,1498,0.1388
10,1504,1514,0.1388
10,1493,1503,0.1388
9,1492,1501,0.1388
10,1502,1512,0.1388
10,1504,1514,0.1388
11,1492,1503,0.1388
10,1487,1497,0.1388
10,1500,1510,0.1388
10,1492,1502,0.1388
10,1493,1503,0.1388
9,1504,1513,0.1388
9,1503,1512,0.1388
9,1504,1513,0.1388
10,1511,1521,0.1388
10,1514,1524,0.1388
11,1512,1523,0.1388
11,1509,1520,0.1388
11,1509,1520,0.1388
11,1508,1519,0.1388
11,1509,1520,0.1388
11,1507,1518,0.1388
12,1514,1526,0.1388
11,1504,1515,0.1388
11,1504,1515,0.1388
11,1501,1512,0.1388
11,1503,1514,0.1388
11,1495,1506,0.1388
11,1494,1505,0.1388
11,1488,1499,0.1388
11,1496,1507,0.1388
10,1499,1509,0.1388
11,1517,1528,0.1388
11,1512,1523,0.1388
9,1508,1517,0.1388
10,1510,1520,0.1388
11,1503,1514,0.1388
10,1509,1519,0.1388
10,1513,1523,0.1388
8,1515,1523,0.1388
7,1510,1517,0.1388
9,1498,1507,0.1388
9,1503,1512,0.1388
10,1508,1518,0.1388
11,1498,1509,0.1388
11,1496,1507,0.1388
10,1494,1504,0.1388
10,1507,1517,0.1388
10,1507,1517,0.1388
10,1505,1515,0.1388
10,1510,1520,0.1388
10,1500,1510,0.1388
10,1504,1514,0.1388
10,1491,1501,0.1388
10,1496,1506,0.1388
10,1508,1518,0.1388
10,1503,1513,0.1388
9,1492,1501,0.1388
10,1487,1497,0.1388
11,1501,1512,0.1388
11,1516,1527,0.1388
11,1507,1518,0.1388
11,1514,1525,0.1388
11,1511,1522,0.1388
11,1511,1522,0.1388
11,1500,1511,0.1388
11,1508,1519,0.1388
11,1508,1519,0.1388
11,1510,1521,0.1388
11,1504,1515,0.1388
10,1490,1500,0.1388
10,1496,1506,0.1388
11,1490,1501,0.1388
11,1482,1493,0.1388
11,1492,1503,0.1388
12,1504,1516,0.1388
12,1505,1517,0.1388
12,1499,1511,0.1388
13,1498,1511,0.1388
12,1498,1510,0.1388
12,1500,1512,0.1388
12,1504,1516,0.1388
11,1511,1522,0.1388
11,1508,1519,0.1388
11,1508,1519,0.1388
11,1493,1504,0.1388
10,1495,1505,0.1388
10,1492,1502,0.1388
9,1505,1514,0.1388
9,1504,1513,0.1388
9,1502,1511,0.1388
8,1504,1512,0.1388
8,1515,1523,0.1388
8,1515,1523,0.1388
8,1519,1527,0.1388
9,1512,1521,0.1388
9,1512,1521,0.1388
9,1509,1518,0.1388
10,1511,1521,0.1388
10,1503,1513,0.1388
10,1502,1512,0.1388
10,1501,1511,0.1388
10,1501,1511,0.1388
10,1501,1511,0.1388
11,1514,1525,0.1388
11,1517,1528,0.1388
10,1512,1522,0.1388
10,1515,1525,0.1388
10,1519,1529,0.1388
10,1531,1541,0.1388
10,1513,1523,0.1388
10,1507,1517,0.1388
10,1526,1536,0.1388
9,1516,1525,0.1388
9,1503,1512,0.1388
8,1500,1508,0.1388
7,1492,1499,0.1388
7,1496,1503,0.1388
7,1502,1509,0.1388
7,1505,1512,0.1388
6,1516,1522,0.1388
5,1499,1504,0.1388
5,1504,1509,0.1388
5,1503,1508,0.1388
5,1510,1515,0.1388
5,1502,1507,0.1388
5,1493,1498,0.1388
5,1498,1503,0.1388
5,1497,1502,0.1388
5,1509,1514,0.1388
6,1501,1507,0.1388
6,1504,1510,0.1388
6,1510,1516,0.1388
6,1512,1518,0.1388
6,1516,1522,0.1388
6,1501,1507,0.1388
7,1510,1517,0.1388
7,1505,1512,0.1388
7,1516,1523,0.1388
7,1508,1515,0.1388
7,1515,1522,0.1388
6,1506,1512,0.1388
5,1519,1524,0.1388
5,1523,1528,0.1388
5,1522,1527,0.1388
5,1504,1509,0.1388
5,1490,1495,0.1388
5,1491,1496,0.1388
5,1490,1495,0.1388
5,1490,1495,0.1388
5,1506,1511,0.1388
6,1509,1515,0.1388
6,1515,1521,0.1388
6,1517,1523,0.1388
5,1506,1511,0.1388
5,1510,1515,0.1388
5,1510,1515,0.1388
6,1507,1513,0.1388
6,1508,1514,0.1388
6,1489,1495,0.1388
6,1509,1515,0.1388
6,1492,1498,0.1388
6,1501,1507,0.1388
6,1498,1504,0.1388
5,1495,1500,0.1388
5,1500,1505,0.1388
5,1506,1511,0.1388
5,1514,1519,0.1388
5,1521,1526,0.1388
5,1514,1519,0.1388
5,1527,1532,0.1388
6,1518,1524,0.1388
6,1520,1526,0.1388
5,1511,1516,0.1388
5,1504,1509,0.1388
5,1505,1510,0.1388
5,1512,1517,0.1388
6,1506,1512,0.1388
6,1496,1502,0.1388
7,1512,1519,0.1388
7,1519,1526,0.1388
7,1514,1521,0.1388
7,1516,1523,0.1388
5,1484,1489,0.1388
5,1487,1492,0.1388
5,1496,1501,0.1388
5,1496,1501,0.1388
6,1503,1509,0.1388
6,1501,1507,0.1388
5,1513,1518,0.1388
5,1514,1519,0.1388
5,1528,1533,0.1388
5,1536,1541,0.1388
5,1525,1530,0.1388
5,1510,1515,0.1388
5,1516,1521,0.1388
6,1504,1510,0.1388
5,1512,1517,0.1388
5,1518,1523,0.1388
5,1510,1515,0.1388
5,1513,1518,0.1388
5,1513,1518,0.1388
4,1505,1509,0.1388
5,1500,1505,0.1388
5,1521,1526,0.1388
5,1516,1521,0.1388
6,1505,1511,0.1388
6,1503,1509,0.1388
7,1513,1520,0.1388
6,1504,1510,0.1388
6,1513,1519,0.1388
6,1505,1511,0.1388
6,1514,1520,0.1388
6,1509,1515,0.1388
6,1510,1516,0.1388
5,1507,1512,0.1388
5,1511,1516,0.1388
3,1519,1522,0.1388
2,1515,1517,0.1388
2,1513,1515,0.1388
2,1516,1518,0.1388
2,1514,1516,0.1388
2,1523,1525,0.1388
2,1506,1508,0.1388
1,1512,1513,0.1388
1,1509,1510,0.1388
1,1515,1516,0.1388
1,1503,1504,0.1388
2,1513,1515,0.1388
2,1507,1509,0.1388
2,1494,1496,0.1388
2,1493,1495,0.1388
2,1505,1507,0.1388
2,1508,1510,0.1388
2,1507,1509,0.1388
1,1510,1511,0.1388
1,1503,1504,0.1388
1,1496,1497,0.1388
1,1508,1509,0.1388
1,1507,1508,0.1388
1,1521,1522,0.1388
1,1528,1529,0.1388
1,1521,1522,0.1388
1,1517,1518,0.1388
1,1527,1528,0.1388
1,1524,1525,0.1388
1,1511,1512,0.1388
1,1526,1527,0.1388
1,1520,1521,0.1388
1,1528,1529,0.1388
1,1516,1517,0.1388
1,1516,1517,0.1388
1,1507,1508,0.1388
1,1520,1521,0.1388
1,1522,1523,0.1388
1,1505,1506,0.1388
1,1502,1503,0.1388
1,1517,1518,0.1388
1,1520,1521,0.1388
1,1525,1526,0.1388
1,1518,1519,0.1388
1,1524,1525,0.1388
1,1511,1512,0.1388
2,1506,1508,0.1388
2,1500,1502,0.1388
2,1497,1499,0.1388
2,1509,1511,0.1388
2,1515,1517,0.1388
2,1519,1521,0.1388
2,1530,1532,0.1388
2,1516,1518,0.1388
2,1516,1518,0.1388
2,1513,1515,0.1388
2,1502,1504,0.1388
2,1502,1504,0.1388
2,1504,1506,0.1388
3,1510,1513,0.1388
3,1517,1520,0.1388
3,1518,1521,0.1388
3,1514,1517,0.1388
3,1517,1520,0.1388
3,1510,1513,0.1388
4,1516,1520,0.1388
4,1512,1516,0.1388
4,1512,1516,0.1388
4,1516,1520,0.1388
4,1519,1523,0.1388
4,1515,1519,0.1388
4,1519,1523,0.1388
4,1517,1521,0.1388
3,1521,1524,0.1388
3,1528,1531,0.1388
3,1511,1514,0.1388
3,1510,1513,0.1388
3,1516,1519,0.1388
3,1522,1525,0.1388
3,1515,1518,0.1388
3,1515,1518,0.1388
3,1510,1513,0.1388
3,1512,1515,0.1388
3,1516,1519,0.1388
3,1532,1535,0.1388
3,1531,1534,0.1388
3,1525,1528,0.1388
3,1530,1533,0.1388
2,1538,1540,0.1388
2,1525,1527,0.1388
2,1532,1534,0.1388
2,1530,1532,0.1388
2,1511,1513,0.1388
2,1505,1507,0.1388
3,1500,1503,0.1388
3,1510,1513,0.1388
3,1513,1516,0.1388
3,1520,1523,0.1388
3,1521,1524,0.1388
2,1513,1515,0.1388
0,1512,1512,0.1388
