1363,27,1390,0.1388
1383,29,1412,0.1388
1413,32,1445,0.1388
1430,33,1463,0.1388
1422,33,1455,0.1388
1434,32,1466,0.1388
1442,31,1473,0.1388
1451,31,1482,0.1388
1453,31,1484,0.1388
1457,31,1488,0.1388
1470,33,1503,0.1388
1466,33,1499,0.1388
1468,36,1504,0.1388
1462,36,1498,0.1388
1460,37,1497,0.1388
1464,37,1501,0.1388
1459,37,1496,0.1388
1446,36,1482,0.1388
1447,37,1484,0.1388
1446,38,1484,0.1388
1439,39,1478,0.1388
1419,38,1457,0.1388
1422,41,1463,0.1388
1430,40,1470,0.1388
1433,40,1473,0.1388
1438,41,1479,0.1388
1446,42,1488,0.1388
1451,43,1494,0.1388
1455,40,1495,0.1388
1459,42,1501,0.1388
1451,45,1496,0.1388
1447,43,1490,0.1388
1453,43,1496,0.1388
1445,43,1488,0.1388
1437,45,1482,0.1388
1445,44,1489,0.1388
1450,43,1493,0.1388
1451,43,1494,0.1388
1441,42,1483,0.1388
1432,41,1473,0.1388
1421,41,1462,0.1388
1425,39,1464,0.1388
1443,37,1480,0.1388
1434,39,1473,0.1388
1435,43,1478,0.1388
1433,43,1476,0.1388
1445,41,1486,0.1388
1447,39,1486,0.1388
1446,38,1484,0.1388
1461,42,1503,0.1388
1463,47,1510,0.1388
1465,49,1514,0.1388
1454,49,1503,0.1388
1453,48,1501,0.1388
1467,50,1517,0.1388
1453,48,1501,0.1388
1445,49,1494,0.1388
1429,52,1481,0.1388
1438,52,1490,0.1388
1439,52,1491,0.1388
1437,52,1489,0.1388
1435,52,1487,0.1388
1447,55,1502,0.1388
1451,57,1508,0.1388
1438,59,1497,0.1388
1440,57,1497,0.1388
1443,61,1504,0.1388
1439,58,1497,0.1388
1446,58,1504,0.1388
1444,59,1503,0.1388
1450,60,1510,0.1388
1457,62,1519,0.1388
1449,62,1511,0.1388
1438,62,1500,0.1388
1422,61,1483,0.1388
1423,61,1484,0.1388
1430,61,1491,0.1388
1442,58,1500,0.1388
1441,59,1500,0.1388
1438,56,1494,0.1388
1429,58,1487,0.1388
1435,56,1491,0.1388
1432,55,1487,0.1388
1431,58,1489,0.1388
1439,57,1496,0.1388
1425,61,1486,0.1388
1432,63,1495,0.1388
1442,64,1506,0.1388
1435,62,1497,0.1388
1420,63,1483,0.1388
1414,62,1476,0.1388
1427,62,1489,0.1388
1425,62,1487,0.1388
1422,63,1485,0.1388
1424,63,1487,0.1388
1420,60,1480,0.1388
1431,60,1491,0.1388
1431,60,1491,0.1388
1420,62,1482,0.1388
1407,60,1467,0.1388
1412,61,1473,0.1388
1414,61,1475,0.1388
1421,60,1481,0.1388
1420,62,1482,0.1388
1413,62,1475,0.1388
1403,62,1465,0.1388
1418,62,1480,0.1388
1402,64,1466,0.1388
1404,66,1470,0.1388
1416,68,1484,0.1388
1418,67,1485,0.1388
1424,66,1490,0.1388
1432,66,1498,0.1388
1445,65,1510,0.1388
1443,64,1507,0.1388
1443,64,1507,0.1388
1444,62,1506,0.1388
1446,65,1511,0.1388
1436,66,1502,0.1388
1438,68,1506,0.1388
1440,66,1506,0.1388
1445,66,1511,0.1388
1441,70,1511,0.1388
1429,69,1498,0.1388
1421,67,1488,0.1388
1414,66,1480,0.1388
1410,69,1479,0.1388
1413,67,1480,0.1388
1418,67,1485,0.1388
1431,68,1499,0.1388
1427,64,1491,0.1388
1429,69,1498,0.1388
1419,71,1490,0.1388
1426,71,1497,0.1388
1426,70,1496,0.1388
1423,70,1493,0.1388
1427,68,1495,0.1388
1428,64,1492,0.1388
1417,63,1480,0.1388
1426,65,1491,0.1388
1417,64,1481,0.1388
1431,59,1490,0.1388
1424,58,1482,0.1388
1431,57,1488,0.1388
1433,58,1491,0.1388
1436,59,1495,0.1388
1435,60,1495,0.1388
1430,57,1487,0.1388
1428,58,1486,0.1388
1423,63,1486,0.1388
1429,63,1492,0.1388
1434,61,1495,0.1388
1423,62,1485,0.1388
1418,59,1477,0.1388
1421,58,1479,0.1388
1424,60,1484,0.1388
1429,59,1488,0.1388
1448,59,1507,0.1388
1441,58,1499,0.1388
1443,58,1501,0.1388
1426,57,1483,0.1388
1436,55,1491,0.1388
1450,56,1506,0.1388
1452,54,1506,0.1388
1450,54,1504,0.1388
1443,52,1495,0.1388
1461,51,1512,0.1388
1443,50,1493,0.1388
1442,52,1494,0.1388
1434,51,1485,0.1388
1426,51,1477,0.1388
1429,50,1479,0.1388
1422,49,1471,0.1388
1426,49,1475,0.1388
1423,50,1473,0.1388
1422,53,1475,0.1388
1436,51,1487,0.1388
1435,52,1487,0.1388
1443,53,1496,0.1388
1437,53,1490,0.1388
1433,52,1485,0.1388
1427,55,1482,0.1388
1427,55,1482,0.1388
1431,51,1482,0.1388
1432,52,1484,0.1388
1447,54,1501,0.1388
1424,55,1479,0.1388
1429,56,1485,0.1388
1432,59,1491,0.1388
1436,61,1497,0.1388
1443,62,1505,0.1388
1439,62,1501,0.1388
1441,59,1500,0.1388
1435,60,1495,0.1388
1441,61,1502,0.1388
1431,60,1491,0.1388
1432,60,1492,0.1388
1425,60,1485,0.1388
1436,60,1496,0.1388
1424,59,1483,0.1388
1427,59,1486,0.1388
1437,59,1496,0.1388
1434,59,1493,0.1388
1426,60,1486,0.1388
1435,60,1495,0.1388
1431,59,1490,0.1388
1444,60,1504,0.1388
1450,60,1510,0.1388
1449,61,1510,0.1388
1441,64,1505,0.1388
1430,67,1497,0.1388
1433,66,1499,0.1388
1422,67,1489,0.1388
1425,65,1490,0.1388
1430,62,1492,0.1388
1437,61,1498,0.1388
1429,62,1491,0.1388
1415,64,1479,0.1388
1428,62,1490,0.1388
1431,63,1494,0.1388
1425,64,1489,0.1388
1426,68,1494,0.1388
1429,69,1498,0.1388
1426,70,1496,0.1388
1431,70,1501,0.1388
1427,64,1491,0.1388
1415,65,1480,0.1388
1406,68,1474,0.1388
1416,70,1486,0.1388
1426,73,1499,0.1388
1420,72,1492,0.1388
1428,74,1502,0.1388
1424,75,1499,0.1388
1417,77,1494,0.1388
1409,76,1485,0.1388
1416,74,1490,0.1388
1407,74,1481,0.1388
1417,71,1488,0.1388
1413,70,1483,0.1388
1409,70,1479,0.1388
1415,70,1485,0.1388
1410,72,1482,0.1388
1424,76,1500,0.1388
1425,73,1498,0.1388
1419,73,1492,0.1388
1417,69,1486,0.1388
1423,72,1495,0.1388
1422,74,1496,0.1388
1431,75,1506,0.1388
1441,76,1517,0.1388
1423,72,1495,0.1388
1422,71,1493,0.1388
1423,70,1493,0.1388
1429,73,1502,0.1388
1423,71,1494,0.1388
1427,72,1499,0.1388
1427,76,1503,0.1388
1431,74,1505,0.1388
1438,74,1512,0.1388
1419,73,1492,0.1388
1426,73,1499,0.1388
1422,72,1494,0.1388
1446,71,1517,0.1388
1433,72,1505,0.1388
1410,76,1486,0.1388
1417,76,1493,0.1388
1408,76,1484,0.1388
1420,74,1494,0.1388
1427,76,1503,0.1388
1440,77,1517,0.1388
1421,81,1502,0.1388
1412,81,1493,0.1388
1397,79,1476,0.1388
1410,79,1489,0.1388
1401,78,1479,0.1388
1406,79,1485,0.1388
1401,83,1484,0.1388
1401,84,1485,0.1388
1390,86,1476,0.1388
1417,84,1501,0.1388
1409,83,1492,0.1388
1408,85,1493,0.1388
1412,87,1499,0.1388
1396,85,1481,0.1388
1399,89,1488,0.1388
1398,85,1483,0.1388
1396,85,1481,0.1388
1398,87,1485,0.1388
1394,86,1480,0.1388
1386,87,1473,0.1388
1385,88,1473,0.1388
1378,89,1467,0.1388
1382,87,1469,0.1388
1395,87,1482,0.1388
1394,93,1487,0.1388
1401,91,1492,0.1388
1400,95,1495,0.1388
1411,95,1506,0.1388
1403,95,1498,0.1388
1413,95,1508,0.1388
1414,97,1511,0.1388
1409,96,1505,0.1388
1395,100,1495,0.1388
1398,100,1498,0.1388
1395,98,1493,0.1388
1400,97,1497,0.1388
1394,98,1492,0.1388
1392,94,1486,0.1388
1401,95,1496,0.1388
1403,94,1497,0.1388
1408,96,1504,0.1388
1399,93,1492,0.1388
1398,97,1495,0.1388
1402,96,1498,0.1388
1411,96,1507,0.1388
1399,97,1496,0.1388
1400,99,1499,0.1388
1404,97,1501,0.1388
1393,98,1491,0.1388
1385,103,1488,0.1388
1375,108,1483,0.1388
1384,111,1495,0.1388
1388,111,1499,0.1388
1382,111,1493,0.1388
1382,111,1493,0.1388
1387,111,1498,0.1388
1395,109,1504,0.1388
1389,107,1496,0.1388
1390,107,1497,0.1388
1400,106,1506,0.1388
1387,109,1496,0.1388
1379,108,1487,0.1388
1385,109,1494,0.1388
1394,112,1506,0.1388
1402,112,1514,0.1388
1400,112,1512,0.1388
1395,116,1511,0.1388
1400,114,1514,0.1388
1389,116,1505,0.1388
1376,115,1491,0.1388
1377,116,1493,0.1388
1376,114,1490,0.1388
1385,114,1499,0.1388
1384,116,1500,0.1388
1373,119,1492,0.1388
1368,115,1483,0.1388
1366,115,1481,0.1388
1367,113,1480,0.1388
1366,117,1483,0.1388
1357,118,1475,0.1388
1360,119,1479,0.1388
1365,115,1480,0.1388
1379,114,1493,0.1388
1381,116,1497,0.1388
1379,118,1497,0.1388
1371,118,1489,0.1388
1375,119,1494,0.1388
1365,117,1482,0.1388
1368,116,1484,0.1388
1382,116,1498,0.1388
1381,120,1501,0.1388
1380,118,1498,0.1388
1387,121,1508,0.1388
1387,123,1510,0.1388
1379,122,1501,0.1388
1372,121,1493,0.1388
1366,120,1486,0.1388
1361,121,1482,0.1388
1357,126,1483,0.1388
1355,124,1479,0.1388
1354,125,1479,0.1388
1356,131,1487,0.1388
1354,134,1488,0.1388
1360,137,1497,0.1388
1356,134,1490,0.1388
1348,138,1486,0.1388
1346,138,1484,0.1388
1368,138,1506,0.1388
1365,137,1502,0.1388
1365,134,1499,0.1388
1361,135,1496,0.1388
1364,136,1500,0.1388
1360,138,1498,0.1388
1370,136,1506,0.1388
1356,137,1493,0.1388
1358,137,1495,0.1388
1360,138,1498,0.1388
1357,133,1490,0.1388
1361,137,1498,0.1388
1351,139,1490,0.1388
1363,139,1502,0.1388
1361,141,1502,0.1388
1372,140,1512,0.1388
1365,141,1506,0.1388
1353,140,1493,0.1388
1358,137,1495,0.1388
1351,135,1486,0.1388
1353,132,1485,0.1388
1359,132,1491,0.1388
1364,134,1498,0.1388
1362,134,1496,0.1388
1362,131,1493,0.1388
1354,134,1488,0.1388
1354,137,1491,0.1388
1356,136,1492,0.1388
1370,133,1503,0.1388
1356,133,1489,0.1388
1345,134,1479,0.1388
1335,135,1470,0.1388
1335,139,1474,0.1388
1326,142,1468,0.1388
1323,144,1467,0.1388
1328,146,1474,0.1388
1328,150,1478,0.1388
1335,152,1487,0.1388
1332,146,1478,0.1388
1331,142,1473,0.1388
1341,151,1492,0.1388
1337,147,1484,0.1388
1337,149,1486,0.1388
1323,150,1473,0.1388
1337,152,1489,0.1388
1330,157,1487,0.1388
1316,159,1475,0.1388
1320,153,1473,0.1388
1332,160,1492,0.1388
1315,160,1475,0.1388
1322,162,1484,0.1388
1338,167,1505,0.1388
1340,164,1504,0.1388
1333,164,1497,0.1388
1329,162,1491,0.1388
1339,162,1501,0.1388
1330,160,1490,0.1388
1326,162,1488,0.1388
1323,156,1479,0.1388
1322,154,1476,0.1388
1340,159,1499,0.1388
1335,162,1497,0.1388
1337,159,1496,0.1388
1335,160,1495,0.1388
1335,159,1494,0.1388
1333,162,1495,0.1388
1326,163,1489,0.1388
1334,161,1495,0.1388
1333,156,1489,0.1388
1337,158,1495,0.1388
1334,163,1497,0.1388
1333,165,1498,0.1388
1331,161,1492,0.1388
1324,168,1492,0.1388
1330,166,1496,0.1388
1334,164,1498,0.1388
1332,164,1496,0.1388
1323,165,1488,0.1388
1338,167,1505,0.1388
1344,168,1512,0.1388
1347,167,1514,0.1388
1343,169,1512,0.1388
1328,172,1500,0.1388
1330,170,1500,0.1388
1325,170,1495,0.1388
1324,172,1496,0.1388
1325,172,1497,0.1388
1326,172,1498,0.1388
1320,171,1491,0.1388
1316,171,1487,0.1388
1320,170,1490,0.1388
1323,176,1499,0.1388
1322,179,1501,0.1388
1333,180,1513,0.1388
1339,177,1516,0.1388
1319,174,1493,0.1388
1316,177,1493,0.1388
1317,182,1499,0.1388
1313,177,1490,0.1388
1303,180,1483,0.1388
1303,183,1486,0.1388
1310,182,1492,0.1388
1309,185,1494,0.1388
1318,185,1503,0.1388
1313,191,1504,0.1388
1300,192,1492,0.1388
1287,194,1481,0.1388
1281,196,1477,0.1388
1283,197,1480,0.1388
1280,199,1479,0.1388
1291,199,1490,0.1388
1291,194,1485,0.1388
1296,192,1488,0.1388
1295,187,1482,0.1388
1297,193,1490,0.1388
1303,188,1491,0.1388
1300,186,1486,0.1388
1307,188,1495,0.1388
1298,193,1491,0.1388
1299,194,1493,0.1388
1304,189,1493,0.1388
1300,189,1489,0.1388
1289,188,1477,0.1388
1294,192,1486,0.1388
1287,195,1482,0.1388
1287,195,1482,0.1388
1281,198,1479,0.1388
1281,196,1477,0.1388
1299,194,1493,0.1388
1289,193,1482,0.1388
1285,197,1482,0.1388
1292,201,1493,0.1388
1290,209,1499,0.1388
1299,202,1501,0.1388
1294,203,1497,0.1388
1287,207,1494,0.1388
1302,204,1506,0.1388
1303,206,1509,0.1388
1291,206,1497,0.1388
1295,203,1498,0.1388
1293,205,1498,0.1388
1286,205,1491,0.1388
1288,204,1492,0.1388
1283,209,1492,0.1388
1291,214,1505,0.1388
1281,216,1497,0.1388
1287,215,1502,0.1388
1297,216,1513,0.1388
1293,215,1508,0.1388
1297,217,1514,0.1388
1294,218,1512,0.1388
1300,220,1520,0.1388
1295,217,1512,0.1388
1297,220,1517,0.1388
1280,224,1504,0.1388
1272,222,1494,0.1388
1271,225,1496,0.1388
1272,225,1497,0.1388
1279,226,1505,0.1388
1276,221,1497,0.1388
1276,219,1495,0.1388
1275,223,1498,0.1388
1282,227,1509,0.1388
1270,225,1495,0.1388
1261,223,1484,0.1388
1267,220,1487,0.1388
1260,213,1473,0.1388
1248,212,1460,0.1388
1264,216,1480,0.1388
1273,220,1493,0.1388
1275,225,1500,0.1388
1280,217,1497,0.1388
1284,214,1498,0.1388
1290,214,1504,0.1388
1288,215,1503,0.1388
1293,216,1509,0.1388
1296,218,1514,0.1388
1278,214,1492,0.1388
1273,210,1483,0.1388
1285,214,1499,0.1388
1280,219,1499,0.1388
1279,226,1505,0.1388
1285,223,1508,0.1388
1271,222,1493,0.1388
1283,221,1504,0.1388
1278,223,1501,0.1388
1274,221,1495,0.1388
1267,222,1489,0.1388
1269,225,1494,0.1388
1279,226,1505,0.1388
1269,224,1493,0.1388
1271,224,1495,0.1388
1262,231,1493,0.1388
1249,227,1476,0.1388
1263,226,1489,0.1388
1270,232,1502,0.1388
1262,231,1493,0.1388
1254,228,1482,0.1388
1260,227,1487,0.1388
1253,226,1479,0.1388
1254,225,1479,0.1388
1268,230,1498,0.1388
1267,230,1497,0.1388
1261,236,1497,0.1388
1257,234,1491,0.1388
1252,241,1493,0.1388
1250,239,1489,0.1388
1251,240,1491,0.1388
1254,240,1494,0.1388
1261,241,1502,0.1388
1257,242,1499,0.1388
1255,240,1495,0.1388
1250,241,1491,0.1388
1265,237,1502,0.1388
1259,243,1502,0.1388
1255,250,1505,0.1388
1256,242,1498,0.1388
1257,238,1495,0.1388
1254,242,1496,0.1388
1240,245,1485,0.1388
1248,251,1499,0.1388
1232,251,1483,0.1388
1246,252,1498,0.1388
1245,249,1494,0.1388
1242,250,1492,0.1388
1255,251,1506,0.1388
1252,252,1504,0.1388
1240,259,1499,0.1388
1237,257,1494,0.1388
1241,262,1503,0.1388
1255,262,1517,0.1388
1251,262,1513,0.1388
1245,263,1508,0.1388
1249,261,1510,0.1388
1244,265,1509,0.1388
1236,269,1505,0.1388
1226,270,1496,0.1388
1228,275,1503,0.1388
1228,279,1507,0.1388
1230,278,1508,0.1388
1226,280,1506,0.1388
1224,277,1501,0.1388
1217,277,1494,0.1388
1218,280,1498,0.1388
1225,283,1508,0.1388
1233,286,1519,0.1388
1223,284,1507,0.1388
1221,278,1499,0.1388
1230,273,1503,0.1388
1229,276,1505,0.1388
1219,273,1492,0.1388
1215,274,1489,0.1388
1234,278,1512,0.1388
1221,275,1496,0.1388
1226,269,1495,0.1388
1236,271,1507,0.1388
1230,269,1499,0.1388
1222,267,1489,0.1388
1228,271,1499,0.1388
1216,270,1486,0.1388
1209,271,1480,0.1388
1219,271,1490,0.1388
1232,274,1506,0.1388
1227,274,1501,0.1388
1234,273,1507,0.1388
1233,271,1504,0.1388
1234,271,1505,0.1388
1233,271,1504,0.1388
1229,278,1507,0.1388
1222,282,1504,0.1388
1215,282,1497,0.1388
1216,281,1497,0.1388
1211,282,1493,0.1388
1217,283,1500,0.1388
1213,280,1493,0.1388
1206,282,1488,0.1388
1204,281,1485,0.1388
1216,280,1496,0.1388
1215,282,1497,0.1388
1225,277,1502,0.1388
1228,275,1503,0.1388
1225,278,1503,0.1388
1225,278,1503,0.1388
1223,278,1501,0.1388
1208,277,1485,0.1388
1216,278,1494,0.1388
1219,277,1496,0.1388
1222,280,1502,0.1388
1229,282,1511,0.1388
1215,282,1497,0.1388
1219,285,1504,0.1388
1216,282,1498,0.1388
1213,279,1492,0.1388
1205,288,1493,0.1388
1204,287,1491,0.1388
1182,291,1473,0.1388
1193,300,1493,0.1388
1202,302,1504,0.1388
1209,302,1511,0.1388
1207,298,1505,0.1388
1205,296,1501,0.1388
1199,306,1505,0.1388
1191,308,1499,0.1388
1205,311,1516,0.1388
1197,305,1502,0.1388
1193,299,1492,0.1388
1204,298,1502,0.1388
1200,303,1503,0.1388
1198,307,1505,0.1388
1197,312,1509,0.1388
1194,312,1506,0.1388
1202,311,1513,0.1388
1202,307,1509,0.1388
1211,304,1515,0.1388
1200,308,1508,0.1388
1187,312,1499,0.1388
1199,310,1509,0.1388
1197,306,1503,0.1388
1187,308,1495,0.1388
1180,315,1495,0.1388
1174,321,1495,0.1388
1175,321,1496,0.1388
1182,319,1501,0.1388
1193,319,1512,0.1388
1189,319,1508,0.1388
1187,321,1508,0.1388
1170,318,1488,0.1388
1164,313,1477,0.1388
1171,314,1485,0.1388
1171,322,1493,0.1388
1178,320,1498,0.1388
1177,314,1491,0.1388
1167,316,1483,0.1388
1170,320,1490,0.1388
1175,315,1490,0.1388
1181,311,1492,0.1388
1176,310,1486,0.1388
1178,313,1491,0.1388
1193,307,1500,0.1388
1191,309,1500,0.1388
1185,308,1493,0.1388
1187,313,1500,0.1388
1186,314,1500,0.1388
1189,318,1507,0.1388
1188,316,1504,0.1388
1185,320,1505,0.1388
1185,317,1502,0.1388
1186,319,1505,0.1388
1192,317,1509,0.1388
1167,315,1482,0.1388
1180,321,1501,0.1388
1177,318,1495,0.1388
1178,315,1493,0.1388
1175,314,1489,0.1388
1182,312,1494,0.1388
1170,317,1487,0.1388
1169,319,1488,0.1388
1171,316,1487,0.1388
1182,315,1497,0.1388
1203,315,1518,0.1388
1194,316,1510,0.1388
1186,316,1502,0.1388
1184,312,1496,0.1388
1181,316,1497,0.1388
1179,313,1492,0.1388
1181,315,1496,0.1388
1179,315,1494,0.1388
1185,315,1500,0.1388
1174,315,1489,0.1388
1180,319,1499,0.1388
1164,320,1484,0.1388
1159,326,1485,0.1388
1172,332,1504,0.1388
1173,327,1500,0.1388
1178,323,1501,0.1388
1180,332,1512,0.1388
1185,329,1514,0.1388
1176,327,1503,0.1388
1172,336,1508,0.1388
1175,336,1511,0.1388
1159,331,1490,0.1388
1167,331,1498,0.1388
1167,331,1498,0.1388
1160,326,1486,0.1388
1162,332,1494,0.1388
1165,336,1501,0.1388
1159,336,1495,0.1388
1163,333,1496,0.1388
1169,333,1502,0.1388
1170,329,1499,0.1388
1179,329,1508,0.1388
1171,334,1505,0.1388
1166,335,1501,0.1388
1158,335,1493,0.1388
1163,334,1497,0.1388
1159,336,1495,0.1388
1159,333,1492,0.1388
1163,328,1491,0.1388
1161,331,1492,0.1388
1164,331,1495,0.1388
1156,334,1490,0.1388
1160,332,1492,0.1388
1171,335,1506,0.1388
1179,332,1511,0.1388
1171,333,1504,0.1388
1173,334,1507,0.1388
1170,337,1507,0.1388
1157,336,1493,0.1388
1160,341,1501,0.1388
1173,342,1515,0.1388
1169,342,1511,0.1388
1159,340,1499,0.1388
1156,337,1493,0.1388
1159,333,1492,0.1388
1155,329,1484,0.1388
1154,341,1495,0.1388
1155,347,1502,0.1388
1152,348,1500,0.1388
1147,354,1501,0.1388
1141,362,1503,0.1388
1140,360,1500,0.1388
1138,365,1503,0.1388
1145,368,1513,0.1388
1136,370,1506,0.1388
1134,364,1498,0.1388
1129,367,1496,0.1388
1129,370,1499,0.1388
1134,374,1508,0.1388
1132,378,1510,0.1388
1138,371,1509,0.1388
1136,368,1504,0.1388
1139,373,1512,0.1388
1129,379,1508,0.1388
1133,371,1504,0.1388
1126,364,1490,0.1388
1128,373,1501,0.1388
1125,377,1502,0.1388
1116,380,1496,0.1388
1099,381,1480,0.1388
1095,385,1480,0.1388
1106,382,1488,0.1388
1090,381,1471,0.1388
1091,377,1468,0.1388
1102,382,1484,0.1388
1101,377,1478,0.1388
1108,383,1491,0.1388
1093,387,1480,0.1388
1093,388,1481,0.1388
1099,390,1489,0.1388
1101,393,1494,0.1388
1099,406,1505,0.1388
1095,403,1498,0.1388
1088,403,1491,0.1388
1086,408,1494,0.1388
1092,404,1496,0.1388
1094,406,1500,0.1388
1091,410,1501,0.1388
1095,407,1502,0.1388
1096,410,1506,0.1388
1092,412,1504,0.1388
1078,408,1486,0.1388
1087,410,1497,0.1388
1087,417,1504,0.1388
1086,415,1501,0.1388
1082,417,1499,0.1388
1074,417,1491,0.1388
1076,423,1499,0.1388
1077,417,1494,0.1388
1085,422,1507,0.1388
1076,430,1506,0.1388
1076,430,1506,0.1388
1077,427,1504,0.1388
1080,432,1512,0.1388
1090,426,1516,0.1388
1089,425,1514,0.1388
1097,421,1518,0.1388
1101,421,1522,0.1388
1092,423,1515,0.1388
1086,422,1508,0.1388
1081,422,1503,0.1388
1079,421,1500,0.1388
1081,424,1505,0.1388
1069,428,1497,0.1388
1062,428,1490,0.1388
1060,429,1489,0.1388
1066,421,1487,0.1388
1071,421,1492,0.1388
1071,428,1499,0.1388
1061,433,1494,0.1388
1071,424,1495,0.1388
1077,418,1495,0.1388
1063,423,1486,0.1388
1053,431,1484,0.1388
1057,438,1495,0.1388
1056,431,1487,0.1388
1058,439,1497,0.1388
1055,439,1494,0.1388
1060,443,1503,0.1388
1056,448,1504,0.1388
1056,451,1507,0.1388
1058,454,1512,0.1388
1074,445,1519,0.1388
1068,450,1518,0.1388
1055,455,1510,0.1388
1040,458,1498,0.1388
1027,450,1477,0.1388
1029,453,1482,0.1388
1039,453,1492,0.1388
1028,460,1488,0.1388
1023,456,1479,0.1388
1037,457,1494,0.1388
1030,462,1492,0.1388
1049,459,1508,0.1388
1053,462,1515,0.1388
1049,463,1512,0.1388
1034,472,1506,0.1388
1019,477,1496,0.1388
1018,465,1483,0.1388
1020,464,1484,0.1388
1026,469,1495,0.1388
1016,466,1482,0.1388
1034,461,1495,0.1388
1037,460,1497,0.1388
1033,467,1500,0.1388
1031,470,1501,0.1388
1031,469,1500,0.1388
1025,471,1496,0.1388
1028,466,1494,0.1388
1045,471,1516,0.1388
1033,480,1513,0.1388
1042,478,1520,0.1388
1023,476,1499,0.1388
1018,478,1496,0.1388
1013,480,1493,0.1388
1023,481,1504,0.1388
1016,478,1494,0.1388
1022,476,1498,0.1388
1025,471,1496,0.1388
1024,472,1496,0.1388
1026,477,1503,0.1388
1016,474,1490,0.1388
1023,470,1493,0.1388
1019,479,1498,0.1388
1019,482,1501,0.1388
1030,479,1509,0.1388
1023,487,1510,0.1388
1017,485,1502,0.1388
1028,484,1512,0.1388
1013,486,1499,0.1388
1021,486,1507,0.1388
1033,488,1521,0.1388
1026,486,1512,0.1388
1012,491,1503,0.1388
1004,480,1484,0.1388
1014,479,1493,0.1388
1012,487,1499,0.1388
1008,488,1496,0.1388
1003,491,1494,0.1388
1014,491,1505,0.1388
997,490,1487,0.1388
1012,496,1508,0.1388
1014,494,1508,0.1388
1010,500,1510,0.1388
1017,506,1523,0.1388
1017,505,1522,0.1388
1007,501,1508,0.1388
1016,506,1522,0.1388
1002,507,1509,0.1388
1003,498,1501,0.1388
1003,503,1506,0.1388
1002,503,1505,0.1388
983,504,1487,0.1388
978,517,1495,0.1388
964,517,1481,0.1388
967,511,1478,0.1388
982,512,1494,0.1388
987,515,1502,0.1388
981,520,1501,0.1388
978,523,1501,0.1388
967,520,1487,0.1388
966,514,1480,0.1388
975,513,1488,0.1388
958,524,1482,0.1388
964,525,1489,0.1388
969,535,1504,0.1388
962,533,1495,0.1388
964,530,1494,0.1388
953,538,1491,0.1388
956,538,1494,0.1388
949,537,1486,0.1388
948,534,1482,0.1388
952,536,1488,0.1388
956,541,1497,0.1388
948,534,1482,0.1388
945,537,1482,0.1388
947,544,1491,0.1388
951,552,1503,0.1388
946,553,1499,0.1388
945,546,1491,0.1388
940,549,1489,0.1388
950,546,1496,0.1388
961,541,1502,0.1388
972,535,1507,0.1388
967,527,1494,0.1388
971,530,1501,0.1388
950,531,1481,0.1388
954,524,1478,0.1388
956,526,1482,0.1388
960,536,1496,0.1388
970,538,1508,0.1388
973,540,1513,0.1388
964,542,1506,0.1388
969,535,1504,0.1388
959,540,1499,0.1388
955,543,1498,0.1388
951,535,1486,0.1388
953,538,1491,0.1388
961,540,1501,0.1388
952,546,1498,0.1388
964,542,1506,0.1388
961,534,1495,0.1388
959,536,1495,0.1388
961,532,1493,0.1388
962,537,1499,0.1388
952,537,1489,0.1388
956,545,1501,0.1388
945,545,1490,0.1388
949,542,1491,0.1388
958,546,1504,0.1388
953,555,1508,0.1388
950,553,1503,0.1388
953,545,1498,0.1388
964,551,1515,0.1388
958,548,1506,0.1388
955,551,1506,0.1388
947,541,1488,0.1388
950,546,1496,0.1388
954,550,1504,0.1388
962,543,1505,0.1388
963,551,1514,0.1388
969,547,1516,0.1388
961,550,1511,0.1388
956,559,1515,0.1388
940,559,1499,0.1388
932,558,1490,0.1388
938,556,1494,0.1388
931,548,1479,0.1388
930,560,1490,0.1388
932,556,1488,0.1388
940,563,1503,0.1388
936,561,1497,0.1388
946,554,1500,0.1388
940,551,1491,0.1388
942,559,1501,0.1388
937,567,1504,0.1388
928,560,1488,0.1388
922,572,1494,0.1388
916,573,1489,0.1388
915,576,1491,0.1388
915,573,1488,0.1388
931,579,1510,0.1388
939,575,1514,0.1388
939,576,1515,0.1388
927,579,1506,0.1388
919,584,1503,0.1388
913,589,1502,0.1388
914,588,1502,0.1388
909,585,1494,0.1388
917,587,1504,0.1388
914,591,1505,0.1388
915,588,1503,0.1388
908,593,1501,0.1388
902,589,1491,0.1388
904,584,1488,0.1388
906,590,1496,0.1388
903,598,1501,0.1388
893,599,1492,0.1388
902,588,1490,0.1388
901,589,1490,0.1388
898,593,1491,0.1388
897,596,1493,0.1388
896,601,1497,0.1388
901,608,1509,0.1388
903,611,1514,0.1388
909,610,1519,0.1388
901,614,1515,0.1388
901,611,1512,0.1388
899,611,1510,0.1388
891,619,1510,0.1388
893,616,1509,0.1388
889,619,1508,0.1388
882,623,1505,0.1388
867,623,1490,0.1388
858,631,1489,0.1388
858,625,1483,0.1388
867,624,1491,0.1388
863,620,1483,0.1388
865,618,1483,0.1388
872,612,1484,0.1388
882,613,1495,0.1388
875,620,1495,0.1388
882,626,1508,0.1388
875,623,1498,0.1388
873,621,1494,0.1388
871,630,1501,0.1388
870,622,1492,0.1388
873,623,1496,0.1388
884,626,1510,0.1388
884,623,1507,0.1388
889,616,1505,0.1388
886,618,1504,0.1388
879,624,1503,0.1388
878,622,1500,0.1388
874,616,1490,0.1388
874,619,1493,0.1388
871,632,1503,0.1388
866,636,1502,0.1388
860,638,1498,0.1388
862,640,1502,0.1388
863,630,1493,0.1388
863,634,1497,0.1388
864,645,1509,0.1388
859,653,1512,0.1388
865,642,1507,0.1388
861,636,1497,0.1388
861,631,1492,0.1388
843,623,1466,0.1388
852,635,1487,0.1388
856,644,1500,0.1388
854,648,1502,0.1388
854,644,1498,0.1388
853,648,1501,0.1388
850,652,1502,0.1388
848,647,1495,0.1388
857,642,1499,0.1388
850,651,1501,0.1388
849,661,1510,0.1388
846,654,1500,0.1388
845,655,1500,0.1388
836,656,1492,0.1388
830,659,1489,0.1388
831,663,1494,0.1388
831,672,1503,0.1388
835,677,1512,0.1388
825,667,1492,0.1388
817,676,1493,0.1388
816,679,1495,0.1388
819,686,1505,0.1388
815,673,1488,0.1388
816,681,1497,0.1388
817,676,1493,0.1388
816,684,1500,0.1388
816,674,1490,0.1388
818,670,1488,0.1388
818,667,1485,0.1388
809,680,1489,0.1388
820,677,1497,0.1388
817,681,1498,0.1388
807,674,1481,0.1388
820,676,1496,0.1388
817,677,1494,0.1388
826,676,1502,0.1388
820,685,1505,0.1388
819,695,1514,0.1388
811,694,1505,0.1388
801,691,1492,0.1388
803,694,1497,0.1388
792,694,1486,0.1388
794,695,1489,0.1388
797,701,1498,0.1388
800,700,1500,0.1388
809,708,1517,0.1388
812,706,1518,0.1388
801,719,1520,0.1388
802,710,1512,0.1388
805,706,1511,0.1388
813,695,1508,0.1388
822,690,1512,0.1388
818,702,1520,0.1388
813,697,1510,0.1388
818,697,1515,0.1388
810,701,1511,0.1388
813,701,1514,0.1388
812,691,1503,0.1388
806,693,1499,0.1388
810,697,1507,0.1388
816,694,1510,0.1388
817,684,1501,0.1388
820,698,1518,0.1388
815,698,1513,0.1388
818,697,1515,0.1388
816,697,1513,0.1388
811,693,1504,0.1388
814,684,1498,0.1388
811,686,1497,0.1388
813,693,1506,0.1388
808,691,1499,0.1388
809,695,1504,0.1388
810,687,1497,0.1388
816,683,1499,0.1388
813,683,1496,0.1388
805,684,1489,0.1388
798,680,1478,0.1388
808,698,1506,0.1388
801,701,1502,0.1388
810,699,1509,0.1388
810,688,1498,0.1388
815,696,1511,0.1388
803,692,1495,0.1388
799,688,1487,0.1388
806,695,1501,0.1388
815,688,1503,0.1388
820,692,1512,0.1388
820,680,1500,0.1388
825,681,1506,0.1388
816,678,1494,0.1388
817,679,1496,0.1388
809,684,1493,0.1388
800,680,1480,0.1388
794,685,1479,0.1388
793,691,1484,0.1388
790,701,1491,0.1388
793,697,1490,0.1388
781,702,1483,0.1388
784,701,1485,0.1388
782,708,1490,0.1388
779,703,1482,0.1388
778,709,1487,0.1388
786,710,1496,0.1388
780,714,1494,0.1388
779,718,1497,0.1388
791,720,1511,0.1388
791,728,1519,0.1388
783,723,1506,0.1388
782,723,1505,0.1388
771,731,1502,0.1388
775,733,1508,0.1388
775,737,1512,0.1388
775,736,1511,0.1388
776,741,1517,0.1388
765,740,1505,0.1388
763,737,1500,0.1388
766,735,1501,0.1388
758,733,1491,0.1388
747,727,1474,0.1388
752,732,1484,0.1388
757,729,1486,0.1388
751,731,1482,0.1388
754,736,1490,0.1388
758,730,1488,0.1388
763,721,1484,0.1388
754,721,1475,0.1388
756,734,1490,0.1388
758,732,1490,0.1388
762,737,1499,0.1388
772,746,1518,0.1388
772,742,1514,0.1388
760,751,1511,0.1388
755,750,1505,0.1388
766,746,1512,0.1388
763,745,1508,0.1388
757,741,1498,0.1388
757,742,1499,0.1388
767,736,1503,0.1388
765,743,1508,0.1388
760,737,1497,0.1388
754,740,1494,0.1388
761,737,1498,0.1388
761,744,1505,0.1388
761,750,1511,0.1388
756,755,1511,0.1388
750,751,1501,0.1388
740,746,1486,0.1388
742,752,1494,0.1388
742,753,1495,0.1388
740,760,1500,0.1388
739,752,1491,0.1388
735,756,1491,0.1388
736,760,1496,0.1388
735,776,1511,0.1388
740,769,1509,0.1388
748,771,1519,0.1388
740,763,1503,0.1388
743,775,1518,0.1388
740,768,1508,0.1388
738,771,1509,0.1388
732,769,1501,0.1388
733,770,1503,0.1388
726,774,1500,0.1388
728,779,1507,0.1388
722,783,1505,0.1388
712,790,1502,0.1388
717,795,1512,0.1388
714,795,1509,0.1388
718,795,1513,0.1388
712,803,1515,0.1388
711,808,1519,0.1388
707,796,1503,0.1388
710,787,1497,0.1388
713,795,1508,0.1388
716,784,1500,0.1388
721,790,1511,0.1388
726,789,1515,0.1388
727,787,1514,0.1388
725,795,1520,0.1388
729,793,1522,0.1388
725,787,1512,0.1388
722,785,1507,0.1388
721,780,1501,0.1388
728,795,1523,0.1388
730,794,1524,0.1388
718,792,1510,0.1388
713,792,1505,0.1388
700,791,1491,0.1388
698,792,1490,0.1388
699,793,1492,0.1388
708,791,1499,0.1388
712,807,1519,0.1388
702,808,1510,0.1388
698,802,1500,0.1388
697,808,1505,0.1388
703,810,1513,0.1388
698,810,1508,0.1388
702,807,1509,0.1388
700,809,1509,0.1388
704,811,1515,0.1388
698,818,1516,0.1388
698,816,1514,0.1388
686,813,1499,0.1388
689,828,1517,0.1388
689,824,1513,0.1388
679,835,1514,0.1388
684,832,1516,0.1388
687,835,1522,0.1388
691,820,1511,0.1388
691,825,1516,0.1388
692,816,1508,0.1388
700,826,1526,0.1388
692,824,1516,0.1388
688,830,1518,0.1388
683,829,1512,0.1388
673,838,1511,0.1388
669,844,1513,0.1388
665,854,1519,0.1388
656,848,1504,0.1388
644,854,1498,0.1388
643,851,1494,0.1388
637,851,1488,0.1388
649,856,1505,0.1388
656,863,1519,0.1388
649,860,1509,0.1388
651,862,1513,0.1388
648,857,1505,0.1388
660,855,1515,0.1388
659,846,1505,0.1388
663,853,1516,0.1388
664,839,1503,0.1388
656,856,1512,0.1388
659,847,1506,0.1388
651,847,1498,0.1388
653,847,1500,0.1388
649,854,1503,0.1388
653,856,1509,0.1388
651,851,1502,0.1388
649,850,1499,0.1388
647,853,1500,0.1388
641,858,1499,0.1388
640,854,1494,0.1388
637,853,1490,0.1388
633,867,1500,0.1388
639,867,1506,0.1388
644,870,1514,0.1388
648,854,1502,0.1388
643,861,1504,0.1388
646,867,1513,0.1388
650,870,1520,0.1388
651,871,1522,0.1388
651,862,1513,0.1388
645,864,1509,0.1388
635,861,1496,0.1388
642,855,1497,0.1388
647,855,1502,0.1388
640,848,1488,0.1388
650,856,1506,0.1388
654,854,1508,0.1388
651,864,1515,0.1388
650,863,1513,0.1388
645,861,1506,0.1388
643,867,1510,0.1388
643,872,1515,0.1388
647,874,1521,0.1388
644,878,1522,0.1388
642,867,1509,0.1388
646,867,1513,0.1388
645,870,1515,0.1388
648,863,1511,0.1388
642,871,1513,0.1388
640,882,1522,0.1388
638,873,1511,0.1388
644,873,1517,0.1388
651,869,1520,0.1388
634,866,1500,0.1388
635,869,1504,0.1388
629,882,1511,0.1388
629,884,1513,0.1388
614,889,1503,0.1388
625,892,1517,0.1388
626,891,1517,0.1388
626,894,1520,0.1388
621,885,1506,0.1388
613,879,1492,0.1388
619,884,1503,0.1388
624,884,1508,0.1388
621,876,1497,0.1388
626,873,1499,0.1388
626,867,1493,0.1388
621,869,1490,0.1388
615,870,1485,0.1388
615,859,1474,0.1388
627,861,1488,0.1388
632,879,1511,0.1388
630,884,1514,0.1388
629,882,1511,0.1388
629,884,1513,0.1388
635,877,1512,0.1388
632,883,1515,0.1388
633,886,1519,0.1388
623,889,1512,0.1388
623,893,1516,0.1388
625,889,1514,0.1388
626,883,1509,0.1388
621,885,1506,0.1388
626,883,1509,0.1388
621,887,1508,0.1388
630,893,1523,0.1388
632,894,1526,0.1388
625,889,1514,0.1388
621,895,1516,0.1388
616,885,1501,0.1388
610,876,1486,0.1388
611,874,1485,0.1388
620,881,1501,0.1388
616,875,1491,0.1388
608,881,1489,0.1388
609,890,1499,0.1388
614,899,1513,0.1388
616,908,1524,0.1388
611,911,1522,0.1388
604,912,1516,0.1388
601,920,1521,0.1388
602,907,1509,0.1388
596,907,1503,0.1388
594,916,1510,0.1388
592,925,1517,0.1388
590,924,1514,0.1388
586,925,1511,0.1388
582,920,1502,0.1388
582,918,1500,0.1388
575,916,1491,0.1388
572,933,1505,0.1388
576,937,1513,0.1388
570,931,1501,0.1388
573,939,1512,0.1388
569,936,1505,0.1388
567,938,1505,0.1388
564,934,1498,0.1388
566,945,1511,0.1388
568,945,1513,0.1388
565,941,1506,0.1388
567,943,1510,0.1388
564,936,1500,0.1388
568,937,1505,0.1388
564,928,1492,0.1388
577,939,1516,0.1388
567,943,1510,0.1388
558,943,1501,0.1388
556,949,1505,0.1388
553,949,1502,0.1388
557,958,1515,0.1388
560,957,1517,0.1388
563,956,1519,0.1388
558,952,1510,0.1388
556,947,1503,0.1388
551,954,1505,0.1388
559,958,1517,0.1388
558,949,1507,0.1388
565,952,1517,0.1388
567,952,1519,0.1388
566,946,1512,0.1388
558,948,1506,0.1388
563,950,1513,0.1388
557,952,1509,0.1388
556,945,1501,0.1388
550,945,1495,0.1388
551,955,1506,0.1388
547,956,1503,0.1388
541,956,1497,0.1388
544,968,1512,0.1388
545,973,1518,0.1388
545,964,1509,0.1388
544,964,1508,0.1388
542,970,1512,0.1388
534,969,1503,0.1388
539,977,1516,0.1388
538,972,1510,0.1388
544,971,1515,0.1388
547,966,1513,0.1388
543,964,1507,0.1388
534,958,1492,0.1388
532,969,1501,0.1388
534,960,1494,0.1388
538,964,1502,0.1388
537,982,1519,0.1388
542,979,1521,0.1388
536,980,1516,0.1388
538,989,1527,0.1388
542,983,1525,0.1388
536,977,1513,0.1388
533,981,1514,0.1388
536,982,1518,0.1388
533,979,1512,0.1388
539,974,1513,0.1388
535,967,1502,0.1388
539,981,1520,0.1388
532,970,1502,0.1388
530,968,1498,0.1388
523,972,1495,0.1388
529,980,1509,0.1388
527,989,1516,0.1388
525,996,1521,0.1388
521,988,1509,0.1388
519,995,1514,0.1388
514,994,1508,0.1388
518,983,1501,0.1388
515,986,1501,0.1388
514,985,1499,0.1388
511,997,1508,0.1388
511,993,1504,0.1388
521,989,1510,0.1388
518,991,1509,0.1388
520,994,1514,0.1388
523,991,1514,0.1388
518,990,1508,0.1388
521,990,1511,0.1388
520,989,1509,0.1388
515,987,1502,0.1388
513,989,1502,0.1388
515,990,1505,0.1388
515,994,1509,0.1388
507,986,1493,0.1388
499,984,1483,0.1388
499,993,1492,0.1388
500,998,1498,0.1388
508,993,1501,0.1388
505,1001,1506,0.1388
508,998,1506,0.1388
505,993,1498,0.1388
506,988,1494,0.1388
503,989,1492,0.1388
495,1002,1497,0.1388
502,1000,1502,0.1388
501,1009,1510,0.1388
510,1009,1519,0.1388
501,1003,1504,0.1388
504,988,1492,0.1388
500,997,1497,0.1388
503,987,1490,0.1388
503,993,1496,0.1388
501,989,1490,0.1388
501,985,1486,0.1388
500,995,1495,0.1388
505,1003,1508,0.1388
510,1012,1522,0.1388
513,1009,1522,0.1388
510,1018,1528,0.1388
508,1011,1519,0.1388
510,1015,1525,0.1388
506,1007,1513,0.1388
510,1012,1522,0.1388
508,1003,1511,0.1388
513,996,1509,0.1388
508,1002,1510,0.1388
510,1020,1530,0.1388
509,1025,1534,0.1388
515,1024,1539,0.1388
504,1015,1519,0.1388
502,1009,1511,0.1388
501,1018,1519,0.1388
499,1030,1529,0.1388
492,1026,1518,0.1388
500,1012,1512,0.1388
495,1014,1509,0.1388
496,1019,1515,0.1388
494,1021,1515,0.1388
497,1020,1517,0.1388
491,1009,1500,0.1388
486,1024,1510,0.1388
494,1024,1518,0.1388
487,1024,1511,0.1388
490,1018,1508,0.1388
487,1017,1504,0.1388
477,1019,1496,0.1388
477,1023,1500,0.1388
477,1013,1490,0.1388
478,1026,1504,0.1388
473,1027,1500,0.1388
470,1030,1500,0.1388
474,1036,1510,0.1388
478,1030,1508,0.1388
481,1033,1514,0.1388
471,1036,1507,0.1388
471,1038,1509,0.1388
471,1037,1508,0.1388
457,1041,1498,0.1388
460,1043,1503,0.1388
457,1039,1496,0.1388
461,1035,1496,0.1388
457,1038,1495,0.1388
465,1048,1513,0.1388
474,1053,1527,0.1388
466,1050,1516,0.1388
463,1041,1504,0.1388
456,1044,1500,0.1388
455,1057,1512,0.1388
451,1039,1490,0.1388
457,1047,1504,0.1388
451,1056,1507,0.1388
451,1062,1513,0.1388
453,1061,1514,0.1388
457,1067,1524,0.1388
455,1060,1515,0.1388
454,1056,1510,0.1388
459,1062,1521,0.1388
449,1059,1508,0.1388
451,1060,1511,0.1388
455,1058,1513,0.1388
452,1062,1514,0.1388
455,1061,1516,0.1388
452,1062,1514,0.1388
447,1065,1512,0.1388
446,1063,1509,0.1388
446,1068,1514,0.1388
445,1069,1514,0.1388
443,1067,1510,0.1388
439,1073,1512,0.1388
451,1053,1504,0.1388
448,1061,1509,0.1388
440,1069,1509,0.1388
440,1061,1501,0.1388
438,1062,1500,0.1388
437,1062,1499,0.1388
438,1068,1506,0.1388
446,1062,1508,0.1388
448,1055,1503,0.1388
457,1066,1523,0.1388
446,1071,1517,0.1388
452,1061,1513,0.1388
445,1067,1512,0.1388
444,1060,1504,0.1388
445,1052,1497,0.1388
439,1071,1510,0.1388
437,1073,1510,0.1388
442,1077,1519,0.1388
437,1069,1506,0.1388
438,1072,1510,0.1388
438,1075,1513,0.1388
442,1086,1528,0.1388
436,1078,1514,0.1388
438,1084,1522,0.1388
443,1081,1524,0.1388
441,1075,1516,0.1388
450,1066,1516,0.1388
446,1074,1520,0.1388
441,1073,1514,0.1388
439,1076,1515,0.1388
444,1078,1522,0.1388
445,1082,1527,0.1388
446,1077,1523,0.1388
443,1073,1516,0.1388
439,1067,1506,0.1388
445,1080,1525,0.1388
442,1077,1519,0.1388
443,1067,1510,0.1388
441,1070,1511,0.1388
439,1070,1509,0.1388
438,1067,1505,0.1388
445,1072,1517,0.1388
440,1076,1516,0.1388
440,1073,1513,0.1388
436,1079,1515,0.1388
439,1071,1510,0.1388
429,1076,1505,0.1388
425,1080,1505,0.1388
426,1072,1498,0.1388
429,1065,1494,0.1388
424,1074,1498,0.1388
423,1072,1495,0.1388
429,1078,1507,0.1388
426,1069,1495,0.1388
422,1072,1494,0.1388
416,1074,1490,0.1388
413,1078,1491,0.1388
421,1085,1506,0.1388
428,1075,1503,0.1388
433,1082,1515,0.1388
434,1085,1519,0.1388
435,1082,1517,0.1388
433,1083,1516,0.1388
427,1083,1510,0.1388
430,1079,1509,0.1388
424,1088,1512,0.1388
419,1085,1504,0.1388
424,1084,1508,0.1388
423,1093,1516,0.1388
415,1086,1501,0.1388
413,1084,1497,0.1388
410,1096,1506,0.1388
407,1097,1504,0.1388
410,1100,1510,0.1388
413,1111,1524,0.1388
406,1102,1508,0.1388
410,1094,1504,0.1388
407,1091,1498,0.1388
401,1094,1495,0.1388
408,1104,1512,0.1388
410,1094,1504,0.1388
410,1088,1498,0.1388
413,1090,1503,0.1388
426,1086,1512,0.1388
426,1079,1505,0.1388
416,1068,1484,0.1388
420,1083,1503,0.1388
419,1084,1503,0.1388
428,1079,1507,0.1388
431,1080,1511,0.1388
432,1075,1507,0.1388
430,1084,1514,0.1388
422,1088,1510,0.1388
422,1092,1514,0.1388
424,1096,1520,0.1388
420,1083,1503,0.1388
424,1082,1506,0.1388
422,1087,1509,0.1388
416,1082,1498,0.1388
422,1089,1511,0.1388
425,1086,1511,0.1388
418,1088,1506,0.1388
414,1088,1502,0.1388
406,1082,1488,0.1388
411,1087,1498,0.1388
413,1091,1504,0.1388
408,1105,1513,0.1388
412,1107,1519,0.1388
415,1103,1518,0.1388
413,1098,1511,0.1388
411,1101,1512,0.1388
406,1098,1504,0.1388
415,1085,1500,0.1388
416,1092,1508,0.1388
409,1104,1513,0.1388
403,1110,1513,0.1388
410,1105,1515,0.1388
401,1106,1507,0.1388
394,1091,1485,0.1388
396,1100,1496,0.1388
398,1108,1506,0.1388
392,1127,1519,0.1388
397,1120,1517,0.1388
397,1116,1513,0.1388
396,1121,1517,0.1388
400,1115,1515,0.1388
402,1106,1508,0.1388
403,1114,1517,0.1388
407,1115,1522,0.1388
406,1109,1515,0.1388
405,1113,1518,0.1388
409,1093,1502,0.1388
411,1091,1502,0.1388
411,1095,1506,0.1388
412,1098,1510,0.1388
406,1106,1512,0.1388
406,1102,1508,0.1388
406,1103,1509,0.1388
407,1107,1514,0.1388
403,1105,1508,0.1388
401,1115,1516,0.1388
401,1095,1496,0.1388
401,1100,1501,0.1388
399,1100,1499,0.1388
401,1103,1504,0.1388
392,1113,1505,0.1388
392,1126,1518,0.1388
390,1133,1523,0.1388
393,1133,1526,0.1388
386,1132,1518,0.1388
381,1127,1508,0.1388
375,1130,1505,0.1388
379,1136,1515,0.1388
377,1128,1505,0.1388
376,1136,1512,0.1388
376,1130,1506,0.1388
377,1132,1509,0.1388
380,1145,1525,0.1388
378,1145,1523,0.1388
375,1145,1520,0.1388
380,1141,1521,0.1388
381,1144,1525,0.1388
375,1149,1524,0.1388
371,1139,1510,0.1388
367,1131,1498,0.1388
367,1133,1500,0.1388
374,1134,1508,0.1388
374,1138,1512,0.1388
373,1140,1513,0.1388
371,1136,1507,0.1388
366,1137,1503,0.1388
368,1132,1500,0.1388
368,1126,1494,0.1388
369,1145,1514,0.1388
372,1154,1526,0.1388
363,1148,1511,0.1388
357,1151,1508,0.1388
356,1153,1509,0.1388
360,1156,1516,0.1388
362,1147,1509,0.1388
359,1153,1512,0.1388
359,1152,1511,0.1388
354,1149,1503,0.1388
354,1146,1500,0.1388
354,1150,1504,0.1388
350,1155,1505,0.1388
354,1158,1512,0.1388
347,1159,1506,0.1388
351,1171,1522,0.1388
348,1172,1520,0.1388
341,1170,1511,0.1388
338,1169,1507,0.1388
334,1161,1495,0.1388
338,1168,1506,0.1388
336,1173,1509,0.1388
338,1177,1515,0.1388
341,1183,1524,0.1388
337,1181,1518,0.1388
340,1168,1508,0.1388
331,1168,1499,0.1388
325,1177,1502,0.1388
320,1173,1493,0.1388
321,1174,1495,0.1388
315,1178,1493,0.1388
320,1180,1500,0.1388
325,1185,1510,0.1388
333,1184,1517,0.1388
336,1184,1520,0.1388
329,1195,1524,0.1388
324,1189,1513,0.1388
322,1195,1517,0.1388
322,1195,1517,0.1388
321,1202,1523,0.1388
317,1204,1521,0.1388
318,1199,1517,0.1388
315,1199,1514,0.1388
312,1192,1504,0.1388
318,1198,1516,0.1388
315,1200,1515,0.1388
319,1196,1515,0.1388
319,1193,1512,0.1388
319,1198,1517,0.1388
318,1194,1512,0.1388
319,1188,1507,0.1388
310,1191,1501,0.1388
308,1187,1495,0.1388
309,1189,1498,0.1388
303,1184,1487,0.1388
305,1193,1498,0.1388
306,1196,1502,0.1388
316,1189,1505,0.1388
316,1191,1507,0.1388
317,1176,1493,0.1388
321,1183,1504,0.1388
322,1188,1510,0.1388
317,1204,1521,0.1388
314,1194,1508,0.1388
310,1194,1504,0.1388
306,1204,1510,0.1388
308,1200,1508,0.1388
310,1200,1510,0.1388
313,1204,1517,0.1388
318,1199,1517,0.1388
317,1200,1517,0.1388
319,1203,1522,0.1388
319,1191,1510,0.1388
313,1179,1492,0.1388
307,1197,1504,0.1388
305,1204,1509,0.1388
309,1202,1511,0.1388
310,1205,1515,0.1388
312,1203,1515,0.1388
307,1195,1502,0.1388
304,1202,1506,0.1388
304,1198,1502,0.1388
306,1204,1510,0.1388
306,1208,1514,0.1388
315,1199,1514,0.1388
309,1200,1509,0.1388
304,1207,1511,0.1388
304,1200,1504,0.1388
304,1195,1499,0.1388
307,1208,1515,0.1388
304,1209,1513,0.1388
310,1216,1526,0.1388
308,1205,1513,0.1388
314,1209,1523,0.1388
316,1200,1516,0.1388
313,1222,1535,0.1388
313,1213,1526,0.1388
315,1207,1522,0.1388
315,1201,1516,0.1388
313,1194,1507,0.1388
317,1206,1523,0.1388
317,1203,1520,0.1388
315,1195,1510,0.1388
310,1194,1504,0.1388
318,1198,1516,0.1388
313,1205,1518,0.1388
313,1213,1526,0.1388
317,1204,1521,0.1388
312,1197,1509,0.1388
304,1200,1504,0.1388
311,1209,1520,0.1388
308,1205,1513,0.1388
309,1199,1508,0.1388
310,1210,1520,0.1388
311,1204,1515,0.1388
308,1207,1515,0.1388
312,1209,1521,0.1388
317,1209,1526,0.1388
314,1197,1511,0.1388
314,1193,1507,0.1388
312,1196,1508,0.1388
308,1197,1505,0.1388
309,1201,1510,0.1388
310,1199,1509,0.1388
310,1198,1508,0.1388
312,1194,1506,0.1388
307,1196,1503,0.1388
310,1197,1507,0.1388
309,1203,1512,0.1388
308,1194,1502,0.1388
306,1197,1503,0.1388
306,1200,1506,0.1388
302,1198,1500,0.1388
305,1203,1508,0.1388
304,1219,1523,0.1388
299,1216,1515,0.1388
300,1220,1520,0.1388
298,1226,1524,0.1388
298,1210,1508,0.1388
303,1208,1511,0.1388
302,1214,1516,0.1388
298,1219,1517,0.1388
300,1224,1524,0.1388
299,1225,1524,0.1388
295,1218,1513,0.1388
295,1226,1521,0.1388
294,1218,1512,0.1388
286,1218,1504,0.1388
290,1224,1514,0.1388
289,1227,1516,0.1388
292,1234,1526,0.1388
291,1224,1515,0.1388
284,1229,1513,0.1388
285,1233,1518,0.1388
286,1229,1515,0.1388
285,1217,1502,0.1388
283,1220,1503,0.1388
280,1221,1501,0.1388
283,1213,1496,0.1388
281,1223,1504,0.1388
273,1227,1500,0.1388
275,1218,1493,0.1388
276,1239,1515,0.1388
276,1222,1498,0.1388
281,1232,1513,0.1388
277,1235,1512,0.1388
275,1220,1495,0.1388
281,1230,1511,0.1388
284,1235,1519,0.1388
281,1251,1532,0.1388
280,1246,1526,0.1388
283,1240,1523,0.1388
281,1239,1520,0.1388
281,1244,1525,0.1388
283,1241,1524,0.1388
278,1246,1524,0.1388
274,1248,1522,0.1388
274,1245,1519,0.1388
270,1250,1520,0.1388
265,1248,1513,0.1388
262,1252,1514,0.1388
262,1247,1509,0.1388
259,1258,1517,0.1388
257,1248,1505,0.1388
260,1251,1511,0.1388
265,1239,1504,0.1388
257,1236,1493,0.1388
256,1245,1501,0.1388
265,1243,1508,0.1388
264,1250,1514,0.1388
269,1251,1520,0.1388
270,1255,1525,0.1388
268,1256,1524,0.1388
272,1253,1525,0.1388
271,1247,1518,0.1388
259,1258,1517,0.1388
256,1257,1513,0.1388
255,1254,1509,0.1388
262,1257,1519,0.1388
257,1272,1529,0.1388
255,1267,1522,0.1388
253,1281,1534,0.1388
252,1274,1526,0.1388
252,1281,1533,0.1388
251,1267,1518,0.1388
253,1274,1527,0.1388
248,1273,1521,0.1388
248,1264,1512,0.1388
245,1248,1493,0.1388
246,1260,1506,0.1388
247,1262,1509,0.1388
243,1270,1513,0.1388
242,1265,1507,0.1388
244,1264,1508,0.1388
247,1267,1514,0.1388
242,1268,1510,0.1388
244,1279,1523,0.1388
246,1275,1521,0.1388
250,1267,1517,0.1388
247,1263,1510,0.1388
243,1267,1510,0.1388
237,1264,1501,0.1388
237,1253,1490,0.1388
233,1259,1492,0.1388
232,1283,1515,0.1388
235,1280,1515,0.1388
235,1289,1524,0.1388
235,1273,1508,0.1388
236,1269,1505,0.1388
238,1276,1514,0.1388
236,1276,1512,0.1388
237,1280,1517,0.1388
236,1284,1520,0.1388
239,1289,1528,0.1388
240,1287,1527,0.1388
239,1293,1532,0.1388
235,1297,1532,0.1388
236,1287,1523,0.1388
229,1289,1518,0.1388
222,1302,1524,0.1388
227,1305,1532,0.1388
226,1293,1519,0.1388
225,1292,1517,0.1388
218,1292,1510,0.1388
220,1277,1497,0.1388
220,1292,1512,0.1388
220,1296,1516,0.1388
219,1300,1519,0.1388
220,1297,1517,0.1388
222,1283,1505,0.1388
220,1279,1499,0.1388
218,1283,1501,0.1388
227,1281,1508,0.1388
227,1280,1507,0.1388
223,1280,1503,0.1388
221,1286,1507,0.1388
216,1288,1504,0.1388
219,1294,1513,0.1388
218,1282,1500,0.1388
209,1297,1506,0.1388
212,1290,1502,0.1388
219,1303,1522,0.1388
219,1297,1516,0.1388
219,1287,1506,0.1388
218,1283,1501,0.1388
216,1282,1498,0.1388
215,1273,1488,0.1388
217,1296,1513,0.1388
214,1307,1521,0.1388
215,1313,1528,0.1388
211,1307,1518,0.1388
207,1304,1511,0.1388
208,1299,1507,0.1388
209,1296,1505,0.1388
207,1296,1503,0.1388
209,1302,1511,0.1388
210,1301,1511,0.1388
209,1308,1517,0.1388
208,1307,1515,0.1388
206,1311,1517,0.1388
204,1299,1503,0.1388
204,1303,1507,0.1388
199,1297,1496,0.1388
204,1289,1493,0.1388
203,1300,1503,0.1388
206,1303,1509,0.1388
205,1316,1521,0.1388
208,1314,1522,0.1388
207,1301,1508,0.1388
202,1296,1498,0.1388
203,1306,1509,0.1388
201,1309,1510,0.1388
202,1316,1518,0.1388
197,1314,1511,0.1388
195,1312,1507,0.1388
191,1314,1505,0.1388
192,1321,1513,0.1388
193,1327,1520,0.1388
197,1327,1524,0.1388
200,1314,1514,0.1388
196,1317,1513,0.1388
192,1312,1504,0.1388
192,1304,1496,0.1388
192,1319,1511,0.1388
190,1331,1521,0.1388
191,1334,1525,0.1388
193,1324,1517,0.1388
194,1324,1518,0.1388
195,1332,1527,0.1388
195,1331,1526,0.1388
197,1322,1519,0.1388
190,1303,1493,0.1388
193,1304,1497,0.1388
190,1311,1501,0.1388
193,1316,1509,0.1388
197,1315,1512,0.1388
190,1318,1508,0.1388
190,1311,1501,0.1388
190,1319,1509,0.1388
190,1319,1509,0.1388
194,1319,1513,0.1388
197,1329,1526,0.1388
200,1334,1534,0.1388
198,1320,1518,0.1388
200,1321,1521,0.1388
199,1314,1513,0.1388
197,1327,1524,0.1388
194,1315,1509,0.1388
190,1321,1511,0.1388
191,1314,1505,0.1388
191,1325,1516,0.1388
197,1322,1519,0.1388
193,1313,1506,0.1388
194,1314,1508,0.1388
197,1311,1508,0.1388
197,1320,1517,0.1388
196,1320,1516,0.1388
192,1326,1518,0.1388
191,1307,1498,0.1388
193,1309,1502,0.1388
195,1314,1509,0.1388
196,1317,1513,0.1388
197,1315,1512,0.1388
198,1303,1501,0.1388
196,1306,1502,0.1388
192,1315,1507,0.1388
190,1314,1504,0.1388
189,1330,1519,0.1388
190,1320,1510,0.1388
186,1324,1510,0.1388
185,1329,1514,0.1388
179,1327,1506,0.1388
180,1339,1519,0.1388
177,1347,1524,0.1388
171,1338,1509,0.1388
176,1330,1506,0.1388
178,1333,1511,0.1388
175,1339,1514,0.1388
177,1346,1523,0.1388
176,1350,1526,0.1388
179,1339,1518,0.1388
177,1349,1526,0.1388
177,1340,1517,0.1388
177,1335,1512,0.1388
176,1341,1517,0.1388
179,1337,1516,0.1388
180,1331,1511,0.1388
182,1339,1521,0.1388
184,1344,1528,0.1388
187,1345,1532,0.1388
190,1336,1526,0.1388
188,1329,1517,0.1388
185,1336,1521,0.1388
180,1338,1518,0.1388
181,1340,1521,0.1388
183,1340,1523,0.1388
186,1336,1522,0.1388
186,1338,1524,0.1388
182,1343,1525,0.1388
183,1348,1531,0.1388
183,1341,1524,0.1388
175,1337,1512,0.1388
185,1349,1534,0.1388
184,1345,1529,0.1388
180,1341,1521,0.1388
176,1332,1508,0.1388
177,1330,1507,0.1388
175,1337,1512,0.1388
177,1330,1507,0.1388
176,1331,1507,0.1388
176,1331,1507,0.1388
176,1347,1523,0.1388
173,1350,1523,0.1388
173,1336,1509,0.1388
174,1352,1526,0.1388
176,1349,1525,0.1388
172,1341,1513,0.1388
166,1348,1514,0.1388
159,1343,1502,0.1388
161,1349,1510,0.1388
162,1349,1511,0.1388
161,1353,1514,0.1388
160,1356,1516,0.1388
160,1366,1526,0.1388
158,1365,1523,0.1388
154,1363,1517,0.1388
149,1366,1515,0.1388
150,1362,1512,0.1388
151,1362,1513,0.1388
150,1360,1510,0.1388
149,1352,1501,0.1388
145,1352,1497,0.1388
143,1353,1496,0.1388
141,1364,1505,0.1388
140,1365,1505,0.1388
139,1369,1508,0.1388
139,1371,1510,0.1388
139,1369,1508,0.1388
136,1368,1504,0.1388
131,1378,1509,0.1388
129,1382,1511,0.1388
126,1388,1514,0.1388
127,1384,1511,0.1388
129,1370,1499,0.1388
129,1379,1508,0.1388
129,1379,1508,0.1388
131,1380,1511,0.1388
131,1381,1512,0.1388
132,1377,1509,0.1388
129,1390,1519,0.1388
133,1395,1528,0.1388
134,1383,1517,0.1388
135,1380,1515,0.1388
134,1386,1520,0.1388
131,1388,1519,0.1388
130,1392,1522,0.1388
129,1403,1532,0.1388
129,1385,1514,0.1388
128,1378,1506,0.1388
127,1379,1506,0.1388
130,1376,1506,0.1388
124,1376,1500,0.1388
119,1376,1495,0.1388
122,1380,1502,0.1388
123,1382,1505,0.1388
124,1381,1505,0.1388
120,1387,1507,0.1388
123,1375,1498,0.1388
126,1385,1511,0.1388
126,1392,1518,0.1388
130,1389,1519,0.1388
129,1387,1516,0.1388
129,1377,1506,0.1388
125,1385,1510,0.1388
129,1380,1509,0.1388
125,1393,1518,0.1388
124,1399,1523,0.1388
124,1399,1523,0.1388
130,1389,1519,0.1388
133,1384,1517,0.1388
133,1383,1516,0.1388
129,1381,1510,0.1388
130,1389,1519,0.1388
127,1384,1511,0.1388
126,1389,1515,0.1388
124,1376,1500,0.1388
123,1386,1509,0.1388
122,1384,1506,0.1388
119,1389,1508,0.1388
118,1396,1514,0.1388
121,1387,1508,0.1388
125,1398,1523,0.1388
125,1390,1515,0.1388
126,1393,1519,0.1388
122,1401,1523,0.1388
125,1412,1537,0.1388
121,1402,1523,0.1388
124,1386,1510,0.1388
127,1383,1510,0.1388
124,1400,1524,0.1388
126,1393,1519,0.1388
128,1402,1530,0.1388
129,1412,1541,0.1388
124,1407,1531,0.1388
120,1398,1518,0.1388
118,1397,1515,0.1388
121,1387,1508,0.1388
121,1395,1516,0.1388
121,1398,1519,0.1388
121,1409,1530,0.1388
119,1403,1522,0.1388
120,1394,1514,0.1388
122,1401,1523,0.1388
121,1391,1512,0.1388
119,1390,1509,0.1388
116,1400,1516,0.1388
119,1412,1531,0.1388
118,1411,1529,0.1388
121,1418,1539,0.1388
123,1412,1535,0.1388
124,1403,1527,0.1388
126,1412,1538,0.1388
127,1393,1520,0.1388
124,1392,1516,0.1388
119,1410,1529,0.1388
118,1407,1525,0.1388
116,1419,1535,0.1388
111,1415,1526,0.1388
112,1414,1526,0.1388
114,1395,1509,0.1388
112,1405,1517,0.1388
111,1408,1519,0.1388
114,1393,1507,0.1388
115,1407,1522,0.1388
115,1402,1517,0.1388
114,1400,1514,0.1388
113,1399,1512,0.1388
112,1404,1516,0.1388
113,1403,1516,0.1388
110,1398,1508,0.1388
110,1398,1508,0.1388
110,1390,1500,0.1388
110,1393,1503,0.1388
115,1397,1512,0.1388
114,1398,1512,0.1388
113,1410,1523,0.1388
111,1417,1528,0.1388
112,1420,1532,0.1388
112,1411,1523,0.1388
115,1412,1527,0.1388
108,1413,1521,0.1388
107,1415,1522,0.1388
103,1426,1529,0.1388
104,1422,1526,0.1388
107,1421,1528,0.1388
104,1425,1529,0.1388
108,1421,1529,0.1388
111,1424,1535,0.1388
106,1421,1527,0.1388
103,1417,1520,0.1388
104,1401,1505,0.1388
103,1401,1504,0.1388
103,1388,1491,0.1388
102,1403,1505,0.1388
100,1410,1510,0.1388
95,1409,1504,0.1388
92,1414,1506,0.1388
91,1409,1500,0.1388
94,1413,1507,0.1388
92,1416,1508,0.1388
92,1416,1508,0.1388
91,1424,1515,0.1388
90,1415,1505,0.1388
90,1420,1510,0.1388
89,1419,1508,0.1388
89,1423,1512,0.1388
92,1428,1520,0.1388
92,1416,1508,0.1388
89,1412,1501,0.1388
86,1411,1497,0.1388
84,1411,1495,0.1388
87,1413,1500,0.1388
87,1420,1507,0.1388
84,1411,1495,0.1388
84,1414,1498,0.1388
82,1417,1499,0.1388
82,1424,1506,0.1388
83,1424,1507,0.1388
79,1424,1503,0.1388
79,1419,1498,0.1388
78,1430,1508,0.1388
78,1434,1512,0.1388
77,1429,1506,0.1388
83,1438,1521,0.1388
83,1441,1524,0.1388
81,1436,1517,0.1388
80,1454,1534,0.1388
79,1450,1529,0.1388
83,1449,1532,0.1388
81,1431,1512,0.1388
84,1420,1504,0.1388
81,1412,1493,0.1388
80,1426,1506,0.1388
79,1443,1522,0.1388
78,1446,1524,0.1388
79,1431,1510,0.1388
78,1443,1521,0.1388
78,1441,1519,0.1388
77,1447,1524,0.1388
75,1444,1519,0.1388
72,1461,1533,0.1388
74,1448,1522,0.1388
72,1451,1523,0.1388
74,1446,1520,0.1388
74,1432,1506,0.1388
74,1434,1508,0.1388
74,1432,1506,0.1388
74,1432,1506,0.1388
73,1430,1503,0.1388
72,1432,1504,0.1388
74,1442,1516,0.1388
76,1445,1521,0.1388
76,1446,1522,0.1388
71,1452,1523,0.1388
70,1440,1510,0.1388
72,1446,1518,0.1388
70,1456,1526,0.1388
70,1460,1530,0.1388
72,1463,1535,0.1388
72,1457,1529,0.1388
71,1441,1512,0.1388
71,1431,1502,0.1388
70,1433,1503,0.1388
72,1447,1519,0.1388
66,1433,1499,0.1388
67,1439,1506,0.1388
67,1444,1511,0.1388
66,1446,1512,0.1388
64,1440,1504,0.1388
64,1425,1489,0.1388
62,1426,1488,0.1388
62,1431,1493,0.1388
60,1441,1501,0.1388
58,1443,1501,0.1388
59,1466,1525,0.1388
59,1460,1519,0.1388
61,1457,1518,0.1388
58,1456,1514,0.1388
60,1452,1512,0.1388
59,1451,1510,0.1388
58,1441,1499,0.1388
57,1466,1523,0.1388
53,1455,1508,0.1388
54,1456,1510,0.1388
54,1456,1510,0.1388
55,1468,1523,0.1388
56,1469,1525,0.1388
55,1476,1531,0.1388
55,1472,1527,0.1388
54,1476,1530,0.1388
50,1474,1524,0.1388
50,1479,1529,0.1388
48,1481,1529,0.1388
48,1484,1532,0.1388
47,1469,1516,0.1388
46,1477,1523,0.1388
46,1472,1518,0.1388
48,1463,1511,0.1388
46,1462,1508,0.1388
49,1473,1522,0.1388
54,1479,1533,0.1388
52,1479,1531,0.1388
53,1461,1514,0.1388
50,1468,1518,0.1388
53,1463,1516,0.1388
53,1470,1523,0.1388
52,1463,1515,0.1388
49,1464,1513,0.1388
50,1460,1510,0.1388
49,1469,1518,0.1388
49,1466,1515,0.1388
46,1464,1510,0.1388
45,1476,1521,0.1388
48,1459,1507,0.1388
48,1455,1503,0.1388
49,1453,1502,0.1388
49,1455,1504,0.1388
50,1454,1504,0.1388
50,1458,1508,0.1388
50,1462,1512,0.1388
47,1467,1514,0.1388
47,1480,1527,0.1388
47,1476,1523,0.1388
47,1470,1517,0.1388
46,1476,1522,0.1388
48,1467,1515,0.1388
47,1458,1505,0.1388
51,1465,1516,0.1388
52,1466,1518,0.1388
50,1458,1508,0.1388
49,1460,1509,0.1388
48,1473,1521,0.1388
48,1471,1519,0.1388
47,1479,1526,0.1388
45,1487,1532,0.1388
44,1482,1526,0.1388
41,1482,1523,0.1388
44,1491,1535,0.1388
42,1492,1534,0.1388
44,1477,1521,0.1388
43,1473,1516,0.1388
44,1464,1508,0.1388
43,1479,1522,0.1388
41,1486,1527,0.1388
41,1481,1522,0.1388
40,1477,1517,0.1388
39,1483,1522,0.1388
38,1481,1519,0.1388
39,1486,1525,0.1388
38,1478,1516,0.1388
38,1490,1528,0.1388
38,1498,1536,0.1388
38,1493,1531,0.1388
38,1483,1521,0.1388
37,1485,1522,0.1388
35,1480,1515,0.1388
36,1478,1514,0.1388
37,1483,1520,0.1388
38,1485,1523,0.1388
40,1487,1527,0.1388
42,1486,1528,0.1388
42,1489,1531,0.1388
42,1474,1516,0.1388
39,1472,1511,0.1388
38,1467,1505,0.1388
38,1476,1514,0.1388
38,1481,1519,0.1388
40,1479,1519,0.1388
39,1478,1517,0.1388
40,1478,1518,0.1388
39,1485,1524,0.1388
41,1482,1523,0.1388
41,1465,1506,0.1388
40,1471,1511,0.1388
38,1479,1517,0.1388
38,1478,1516,0.1388
37,1471,1508,0.1388
37,1483,1520,0.1388
38,1479,1517,0.1388
37,1472,1509,0.1388
37,1492,1529,0.1388
36,1494,1530,0.1388
36,1478,1514,0.1388
36,1488,1524,0.1388
38,1495,1533,0.1388
37,1493,1530,0.1388
34,1499,1533,0.1388
35,1483,1518,0.1388
34,1478,1512,0.1388
33,1465,1498,0.1388
38,1471,1509,0.1388
36,1471,1507,0.1388
37,1482,1519,0.1388
38,1474,1512,0.1388
35,1490,1525,0.1388
34,1491,1525,0.1388
33,1492,1525,0.1388
33,1481,1514,0.1388
35,1472,1507,0.1388
34,1475,1509,0.1388
35,1465,1500,0.1388
36,1473,1509,0.1388
35,1487,1522,0.1388
37,1485,1522,0.1388
39,1464,1503,0.1388
37,1461,1498,0.1388
39,1475,1514,0.1388
37,1480,1517,0.1388
33,1491,1524,0.1388
34,1475,1509,0.1388
35,1473,1508,0.1388
35,1478,1513,0.1388
34,1471,1505,0.1388
34,1475,1509,0.1388
33,1479,1512,0.1388
33,1467,1500,0.1388
32,1489,1521,0.1388
31,1497,1528,0.1388
30,1491,1521,0.1388
31,1485,1516,0.1388
31,1496,1527,0.1388
29,1493,1522,0.1388
28,1491,1519,0.1388
29,1489,1518,0.1388
27,1500,1527,0.1388
26,1485,1511,0.1388
27,1479,1506,0.1388
29,1491,1520,0.1388
29,1493,1522,0.1388
30,1485,1515,0.1388
28,1472,1500,0.1388
28,1470,1498,0.1388
26,1485,1511,0.1388
25,1482,1507,0.1388
24,1492,1516,0.1388
24,1493,1517,0.1388
23,1507,1530,0.1388
24,1494,1518,0.1388
27,1511,1538,0.1388
27,1513,1540,0.1388
27,1510,1537,0.1388
27,1500,1527,0.1388
28,1501,1529,0.1388
28,1505,1533,0.1388
27,1501,1528,0.1388
27,1510,1537,0.1388
27,1500,1527,0.1388
27,1491,1518,0.1388
26,1505,1531,0.1388
25,1496,1521,0.1388
26,1489,1515,0.1388
26,1483,1509,0.1388
26,1484,1510,0.1388
26,1485,1511,0.1388
28,1493,1521,0.1388
28,1498,1526,0.1388
29,1499,1528,0.1388
30,1501,1531,0.1388
31,1481,1512,0.1388
31,1475,1506,0.1388
31,1488,1519,0.1388
30,1479,1509,0.1388
30,1476,1506,0.1388
31,1481,1512,0.1388
30,1492,1522,0.1388
31,1493,1524,0.1388
30,1500,1530,0.1388
31,1496,1527,0.1388
31,1489,1520,0.1388
30,1479,1509,0.1388
27,1494,1521,0.1388
25,1493,1518,0.1388
25,1482,1507,0.1388
25,1500,1525,0.1388
25,1498,1523,0.1388
24,1496,1520,0.1388
25,1501,1526,0.1388
26,1491,1517,0.1388
28,1501,1529,0.1388
28,1516,1544,0.1388
27,1503,1530,0.1388
28,1498,1526,0.1388
28,1499,1527,0.1388
25,1503,1528,0.1388
26,1493,1519,0.1388
27,1491,1518,0.1388
27,1493,1520,0.1388
26,1476,1502,0.1388
25,1476,1501,0.1388
24,1479,1503,0.1388
24,1487,1511,0.1388
25,1489,1514,0.1388
25,1488,1513,0.1388
25,1489,1514,0.1388
25,1496,1521,0.1388
26,1486,1512,0.1388
27,1485,1512,0.1388
25,1480,1505,0.1388
25,1483,1508,0.1388
28,1482,1510,0.1388
28,1486,1514,0.1388
28,1496,1524,0.1388
28,1505,1533,0.1388
27,1508,1535,0.1388
28,1503,1531,0.1388
28,1506,1534,0.1388
27,1499,1526,0.1388
27,1495,1522,0.1388
28,1501,1529,0.1388
27,1489,1516,0.1388
29,1489,1518,0.1388
29,1490,1519,0.1388
29,1491,1520,0.1388
27,1491,1518,0.1388
24,1496,1520,0.1388
25,1495,1520,0.1388
26,1478,1504,0.1388
25,1478,1503,0.1388
26,1484,1510,0.1388
27,1473,1500,0.1388
26,1483,1509,0.1388
26,1487,1513,0.1388
27,1482,1509,0.1388
27,1479,1506,0.1388
27,1471,1498,0.1388
27,1482,1509,0.1388
28,1475,1503,0.1388
29,1476,1505,0.1388
29,1479,1508,0.1388
27,1482,1509,0.1388
29,1482,1511,0.1388
28,1479,1507,0.1388
28,1477,1505,0.1388
31,1480,1511,0.1388
30,1482,1512,0.1388
30,1480,1510,0.1388
30,1491,1521,0.1388
28,1491,1519,0.1388
29,1486,1515,0.1388
26,1482,1508,0.1388
26,1479,1505,0.1388
26,1483,1509,0.1388
28,1491,1519,0.1388
28,1497,1525,0.1388
28,1508,1536,0.1388
28,1505,1533,0.1388
28,1497,1525,0.1388
24,1493,1517,0.1388
25,1495,1520,0.1388
26,1496,1522,0.1388
27,1487,1514,0.1388
28,1497,1525,0.1388
27,1503,1530,0.1388
27,1492,1519,0.1388
26,1486,1512,0.1388
27,1488,1515,0.1388
27,1505,1532,0.1388
27,1510,1537,0.1388
27,1495,1522,0.1388
27,1492,1519,0.1388
27,1489,1516,0.1388
25,1485,1510,0.1388
26,1485,1511,0.1388
25,1490,1515,0.1388
26,1471,1497,0.1388
25,1483,1508,0.1388
25,1475,1500,0.1388
25,1483,1508,0.1388
27,1478,1505,0.1388
27,1479,1506,0.1388
26,1460,1486,0.1388
26,1468,1494,0.1388
25,1470,1495,0.1388
24,1471,1495,0.1388
23,1473,1496,0.1388
22,1478,1500,0.1388
22,1487,1509,0.1388
24,1483,1507,0.1388
23,1483,1506,0.1388
22,1495,1517,0.1388
22,1494,1516,0.1388
21,1491,1512,0.1388
22,1512,1534,0.1388
21,1504,1525,0.1388
21,1508,1529,0.1388
22,1504,1526,0.1388
23,1494,1517,0.1388
23,1492,1515,0.1388
24,1492,1516,0.1388
24,1483,1507,0.1388
26,1493,1519,0.1388
25,1495,1520,0.1388
25,1515,1540,0.1388
25,1516,1541,0.1388
25,1516,1541,0.1388
25,1512,1537,0.1388
23,1513,1536,0.1388
24,1513,1537,0.1388
24,1511,1535,0.1388
24,1503,1527,0.1388
24,1495,1519,0.1388
22,1497,1519,0.1388
22,1490,1512,0.1388
21,1483,1504,0.1388
21,1490,1511,0.1388
22,1500,1522,0.1388
23,1496,1519,0.1388
21,1487,1508,0.1388
22,1490,1512,0.1388
22,1483,1505,0.1388
22,1487,1509,0.1388
22,1486,1508,0.1388
21,1502,1523,0.1388
20,1492,1512,0.1388
20,1500,1520,0.1388
21,1487,1508,0.1388
22,1484,1506,0.1388
22,1486,1508,0.1388
22,1484,1506,0.1388
21,1493,1514,0.1388
20,1495,1515,0.1388
20,1498,1518,0.1388
18,1494,1512,0.1388
18,1504,1522,0.1388
19,1503,1522,0.1388
20,1507,1527,0.1388
21,1493,1514,0.1388
20,1492,1512,0.1388
21,1493,1514,0.1388
21,1497,1518,0.1388
18,1506,1524,0.1388
19,1496,1515,0.1388
20,1506,1526,0.1388
20,1510,1530,0.1388
21,1509,1530,0.1388
21,1514,1535,0.1388
21,1508,1529,0.1388
21,1506,1527,0.1388
21,1498,1519,0.1388
20,1503,1523,0.1388
21,1498,1519,0.1388
23,1502,1525,0.1388
24,1496,1520,0.1388
25,1488,1513,0.1388
25,1479,1504,0.1388
25,1489,1514,0.1388
25,1497,1522,0.1388
27,1492,1519,0.1388
26,1488,1514,0.1388
24,1486,1510,0.1388
25,1486,1511,0.1388
24,1491,1515,0.1388
23,1502,1525,0.1388
23,1501,1524,0.1388
23,1513,1536,0.1388
23,1497,1520,0.1388
22,1494,1516,0.1388
24,1498,1522,0.1388
24,1483,1507,0.1388
24,1496,1520,0.1388
25,1488,1513,0.1388
25,1497,1522,0.1388
24,1505,1529,0.1388
23,1509,1532,0.1388
23,1507,1530,0.1388
24,1511,1535,0.1388
24,1505,1529,0.1388
24,1495,1519,0.1388
22,1490,1512,0.1388
21,1487,1508,0.1388
21,1488,1509,0.1388
20,1499,1519,0.1388
19,1500,1519,0.1388
19,1482,1501,0.1388
18,1504,1522,0.1388
19,1490,1509,0.1388
19,1495,1514,0.1388
20,1496,1516,0.1388
20,1495,1515,0.1388
18,1504,1522,0.1388
17,1498,1515,0.1388
16,1489,1505,0.1388
16,1493,1509,0.1388
15,1498,1513,0.1388
13,1502,1515,0.1388
12,1493,1505,0.1388
12,1504,1516,0.1388
12,1500,1512,0.1388
12,1486,1498,0.1388
12,1496,1508,0.1388
12,1518,1530,0.1388
12,1522,1534,0.1388
12,1509,1521,0.1388
11,1515,1526,0.1388
11,1513,1524,0.1388
11,1516,1527,0.1388
11,1509,1520,0.1388
10,1509,1519,0.1388
10,1504,1514,0.1388
11,1507,1518,0.1388
11,1512,1523,0.1388
12,1523,1535,0.1388
12,1508,1520,0.1388
11,1504,1515,0.1388
10,1509,1519,0.1388
11,1514,1525,0.1388
11,1520,1531,0.1388
10,1518,1528,0.1388
10,1504,1514,0.1388
9,1500,1509,0.1388
9,1498,1507,0.1388
9,1515,1524,0.1388
10,1518,1528,0.1388
10,1509,1519,0.1388
10,1515,1525,0.1388
10,1511,1521,0.1388
11,1509,1520,0.1388
11,1519,1530,0.1388
12,1515,1527,0.1388
12,1515,1527,0.1388
12,1515,1527,0.1388
11,1507,1518,0.1388
11,1517,1528,0.1388
11,1518,1529,0.1388
11,1520,1531,0.1388
11,1514,1525,0.1388
11,1510,1521,0.1388
11,1510,1521,0.1388
11,1501,1512,0.1388
11,1520,1531,0.1388
10,1530,1540,0.1388
9,1519,1528,0.1388
10,1505,1515,0.1388
10,1509,1519,0.1388
9,1500,1509,0.1388
9,1505,1514,0.1388
9,1502,1511,0.1388
9,1499,1508,0.1388
9,1494,1503,0.1388
9,1505,1514,0.1388
9,1515,1524,0.1388
8,1511,1519,0.1388
9,1508,1517,0.1388
10,1499,1509,0.1388
9,1509,1518,0.1388
9,1517,1526,0.1388
10,1508,1518,0.1388
10,1520,1530,0.1388
9,1517,1526,0.1388
8,1505,1513,0.1388
9,1502,1511,0.1388
10,1510,1520,0.1388
10,1499,1509,0.1388
9,1501,1510,0.1388
9,1498,1507,0.1388
9,1496,1505,0.1388
8,1489,1497,0.1388
8,1499,1507,0.1388
9,1511,1520,0.1388
9,1513,1522,0.1388
9,1505,1514,0.1388
9,1509,1518,0.1388
10,1504,1514,0.1388
8,1507,1515,0.1388
9,1511,1520,0.1388
9,1506,1515,0.1388
9,1523,1532,0.1388
9,1507,1516,0.1388
9,1498,1507,0.1388
9,1511,1520,0.1388
9,1521,1530,0.1388
8,1512,1520,0.1388
8,1506,1514,0.1388
8,1498,1506,0.1388
9,1479,1488,0.1388
10,1496,1506,0.1388
10,1502,1512,0.1388
10,1508,1518,0.1388
10,1503,1513,0.1388
10,1492,1502,0.1388
10,1492,1502,0.1388
11,1501,1512,0.1388
11,1504,1515,0.1388
10,1505,1515,0.1388
10,1502,1512,0.1388
11,1516,1527,0.1388
11,1511,1522,0.1388
11,1514,1525,0.1388
11,1507,1518,0.1388
11,1511,1522,0.1388
11,1501,1512,0.1388
12,1498,1510,0.1388
12,1500,1512,0.1388
11,1509,1520,0.1388
10,1512,1522,0.1388
9,1507,1516,0.1388
9,1509,1518,0.1388
9,1488,1497,0.1388
8,1499,1507,0.1388
8,1515,1523,0.1388
8,1510,1518,0.1388
9,1523,1532,0.1388
9,1516,1525,0.1388
8,1505,1513,0.1388
8,1499,1507,0.1388
8,1498,1506,0.1388
8,1501,1509,0.1388
6,1503,1509,0.1388
7,1509,1516,0.1388
7,1519,1526,0.1388
7,1512,1519,0.1388
6,1512,1518,0.1388
6,1511,1517,0.1388
6,1516,1522,0.1388
6,1517,1523,0.1388
5,1503,1508,0.1388
5,1505,1510,0.1388
5,1505,1510,0.1388
5,1505,1510,0.1388
5,1508,1513,0.1388
4,1526,1530,0.1388
4,1521,1525,0.1388
4,1519,1523,0.1388
4,1524,1528,0.1388
3,1527,1530,0.1388
3,1518,1521,0.1388
3,1501,1504,0.1388
3,1507,1510,0.1388
4,1526,1530,0.1388
4,1524,1528,0.1388
3,1519,1522,0.1388
3,1514,1517,0.1388
3,1523,1526,0.1388
3,1506,1509,0.1388
3,1495,1498,0.1388
3,1493,1496,0.1388
3,1505,1508,0.1388
3,1506,1509,0.1388
3,1508,1511,0.1388
4,1516,1520,0.1388
3,1521,1524,0.1388
3,1511,1514,0.1388
3,1520,1523,0.1388
3,1524,1527,0.1388
2,1534,1536,0.1388
2,1529,1531,0.1388
2,1524,1526,0.1388
2,1522,1524,0.1388
2,1519,1521,0.1388
2,1511,1513,0.1388
2,1522,1524,0.1388
2,1520,1522,0.1388
0,1515,1515,0.1388
