1387,31,1418,0.13584060587309277
1407,31,1438,0.13296475092113938
1426,29,1455,0.13028579394448847
1426,30,1456,0.12779122412024055
1445,31,1476,0.12551710439750235
1448,31,1479,0.12339432506356614
1455,29,1484,0.12145182090052885
1467,28,1495,0.1196643908433697
1468,27,1495,0.11800630145113385
1465,26,1491,0.11649357758207773
1466,27,1493,0.11512283649787051
1466,25,1491,0.1138719168145127
1463,27,1490,0.11273235630017586
1462,27,1489,0.1117010788973286
1466,28,1494,0.1107643695562377
1459,30,1489,0.1099020810512787
1459,31,1490,0.10913264353438965
1450,32,1482,0.10843189133349032
1455,32,1487,0.10781386296144056
1451,32,1483,0.10723936022862132
1462,31,1493,0.1067253961032392
1457,30,1487,0.1062327688833722
1455,31,1486,0.10579492900540136
1453,35,1488,0.10540070910375313
1452,37,1489,0.1050459294994664
1467,38,1505,0.10472521314841832
1464,37,1501,0.1044003974503266
1461,38,1499,0.10411099006941772
1454,37,1491,0.10385397435773164
1456,39,1495,0.10363501220683748
1458,39,1497,0.10343122104828023
1458,40,1498,0.10324092642322878
1463,40,1503,0.10306780632236684
1452,41,1493,0.10289963078795068
1459,41,1500,0.10277019288857211
1457,41,1498,0.10263678786790581
1457,42,1499,0.10251954882037669
1443,44,1487,0.10241260155931738
1438,45,1483,0.10234569843195054
1434,47,1481,0.1022955668456364
1440,46,1486,0.10225852581109234
1438,45,1483,0.10221191608515846
1440,44,1484,0.10217337838954933
1450,44,1494,0.10213426590748138
1456,45,1501,0.1020766114179717
1451,46,1497,0.10201133271712681
1458,47,1505,0.10196270518971015
1453,48,1501,0.10190381916159894
1445,48,1493,0.1018608675940039
1446,44,1490,0.10183846632793374
1453,43,1496,0.1018161948406691
1437,45,1482,0.1017808660640705
1443,44,1487,0.10178262798723825
1441,46,1487,0.10177136410777601
1440,46,1486,0.1017654760796056
1444,47,1491,0.10176238830821717
1436,48,1484,0.10175096612119834
1435,49,1484,0.10175778794461988
1442,48,1490,0.10176607053494788
1445,48,1493,0.10175812605246676
1442,49,1491,0.10174467934101611
1443,49,1492,0.10173892577743963
1439,49,1488,0.10173161620023141
1438,52,1490,0.10173368063925427
1428,51,1479,0.10173758113687774
1430,51,1481,0.10176265741416823
1432,50,1482,0.10178163387125753
1430,53,1483,0.1017940894968509
1448,53,1501,0.10181012219748724
1444,52,1496,0.10178616480448913
1453,53,1506,0.10177310227635206
1448,54,1502,0.10174192112825452
1468,54,1522,0.10172411929652803
1459,51,1510,0.10166534488598085
1453,49,1502,0.10163133807046783
1439,50,1489,0.10161311903693881
1454,53,1507,0.10162645554966553
1442,52,1494,0.10160668066395999
1439,53,1492,0.1016144193795034
1435,54,1489,0.10162727401018522
1437,55,1492,0.1016478663153793
1432,54,1486,0.10166260781478365
1417,55,1472,0.10168702136026887
1434,53,1487,0.10174138049788783
1428,53,1481,0.10175444167455983
1414,61,1475,0.10177935114936183
1432,59,1491,0.1018318912009888
1424,58,1482,0.1018412200595305
1426,57,1483,0.10186658248041798
1428,57,1485,0.10188581218085263
1437,58,1495,0.10189909729827842
1423,60,1483,0.10189177320917917
1425,61,1486,0.1019153108520025
1426,61,1487,0.10193207293085471
1443,63,1506,0.10194548785772314
1445,63,1508,0.1019216772736945
1433,65,1498,0.10189580076139074
1430,65,1495,0.10189752757441031
1438,67,1505,0.10190576306193627
1435,68,1503,0.10189623887498955
1445,66,1511,0.10189405751224015
1435,66,1501,0.10187064721696017
1435,66,1501,0.10187027701511873
1432,69,1501,0.10187005525746187
1427,69,1496,0.10187631070373733
1419,71,1490,0.10189295247280965
1424,74,1498,0.10192538441779515
1430,74,1504,0.10194471406933825
1433,73,1506,0.10194974669543498
1428,76,1504,0.10194776587803708
1416,76,1492,0.10195646625571773
1433,74,1507,0.1019902011317713
1432,73,1505,0.10198455477690509
1419,75,1494,0.10198184977150056
1427,71,1498,0.10200712347082902
1431,71,1502,0.10201289873135128
1424,70,1494,0.10200966481869646
1405,69,1474,0.10202194986057883
1410,68,1478,0.10207354281009973
1428,70,1498,0.10210993757868957
1424,71,1495,0.10210462994074752
1427,73,1500,0.10210849220049142
1423,76,1499,0.10210575149383803
1421,75,1496,0.1021116062617909
1415,70,1485,0.10212126225328888
1410,72,1482,0.10214256971616525
1417,69,1486,0.1021728301105578
1420,73,1493,0.10218516665122442
1421,75,1496,0.10219048051665572
1432,76,1508,0.10219293700548661
1430,75,1505,0.10217208720904275
1424,72,1496,0.10215694375517287
1433,75,1508,0.10215607577740983
1426,77,1503,0.10213590085122026
1410,75,1485,0.102133016221178
1414,76,1490,0.10216481566611318
1407,80,1487,0.10218533978597591
1406,84,1490,0.10221897539767155
1414,84,1498,0.10225225934355446
1426,85,1511,0.1022653247273228
1432,87,1519,0.10225148627413581
1421,85,1506,0.1022258559295776
1413,88,1501,0.10222602224641342
1406,89,1495,0.10224315773939623
1421,87,1508,0.10227395477736653
1400,90,1490,0.10226990946295711
1404,88,1492,0.1023114092642765
1401,93,1494,0.10234047293907526
1402,95,1497,0.10237338326141227
1404,93,1497,0.10240130696224081
1416,91,1507,0.10242266076237808
1415,91,1506,0.10241617248263454
1422,93,1515,0.1024125497370617
1403,96,1499,0.10239419072965392
1389,97,1486,0.102418639395572
1389,101,1490,0.10247077334114278
1397,100,1497,0.10251874138618831
1395,99,1494,0.10254490717081069
1395,100,1495,0.10257325105719906
1395,98,1493,0.10259947804749511
1379,98,1477,0.10262329657530919
1375,100,1475,0.10267943935716196
1378,102,1480,0.10273927810737529
1382,101,1483,0.10278750371006673
1394,102,1496,0.10282323973377785
1386,100,1486,0.1028298173895047
1378,102,1480,0.10285307567639954
1381,102,1483,0.10289162898300386
1388,100,1488,0.10292039683371985
1389,102,1491,0.10293144450601499
1399,104,1503,0.10293923362031059
1393,104,1497,0.10292432268246335
1388,102,1490,0.10292390677679446
1377,99,1476,0.10293423565120906
1385,101,1486,0.10296764615151835
1388,102,1490,0.10298110883237652
1381,107,1488,0.10298683029961751
1386,106,1492,0.10300724692725936
1384,106,1490,0.10301480572194002
1390,104,1494,0.10302557295906176
1392,103,1495,0.10302240723416645
1395,105,1500,0.10301509888634781
1392,107,1499,0.1030025511348531
1395,107,1502,0.10299749283510586
1386,107,1493,0.10298626892979207
1384,109,1493,0.10299572506790344
1405,111,1516,0.10300856010476181
1395,112,1507,0.10297474698794953
1406,112,1518,0.10296576392632004
1409,110,1519,0.10293355406431796
1405,112,1517,0.10289766888597399
1405,109,1514,0.10287357950213981
1407,114,1521,0.10285121682516651
1395,115,1510,0.10282639722623628
1378,113,1491,0.10282986446143848
1396,109,1505,0.1028698681099817
1387,105,1492,0.10286732926855073
1383,105,1488,0.10288433223450495
1371,104,1475,0.10290802537020081
1370,105,1475,0.10295574184780122
1385,105,1490,0.1030016051591764
1376,104,1480,0.10301145611607378
1386,108,1494,0.10304001199167115
1384,108,1492,0.10304497906800726
1390,114,1504,0.10305374171161208
1377,120,1497,0.10304883654651777
1374,119,1493,0.10307284811892943
1364,116,1480,0.10310099274381258
1367,117,1484,0.10314786992652163
1367,116,1483,0.10318467919055437
1369,116,1485,0.10321844065524552
1379,120,1499,0.10324485237875791
1374,118,1492,0.1032472609222102
1373,116,1489,0.10326089190772712
1367,118,1485,0.10327488902389956
1383,118,1501,0.10330044764842483
1383,115,1498,0.10328910384675152
1381,117,1498,0.10327927566075959
1368,121,1489,0.1032746343200019
1361,124,1485,0.10329869334765907
1351,127,1478,0.10333602142121145
1360,129,1489,0.1033922173111584
1367,124,1491,0.10342402341427274
1358,126,1484,0.10343837975587433
1373,127,1500,0.1034705968541095
1369,130,1499,0.10346749324017118
1369,132,1501,0.10347356543953648
1366,134,1500,0.1034789137603799
1361,135,1496,0.10349091664583632
1357,132,1489,0.1035126251716422
1364,131,1495,0.1035414787606389
1372,132,1504,0.10355243627933217
1382,134,1516,0.10354497114071418
1374,134,1508,0.10351661203952364
1372,132,1504,0.10350801010382477
1379,133,1512,0.10350469460461634
1371,138,1509,0.1034864171219438
1367,139,1506,0.10348716487828159
1368,142,1510,0.10349658141204213
1365,144,1509,0.10350337217447801
1361,145,1506,0.10351651347045998
1354,139,1493,0.10353658132748052
1356,144,1500,0.10357065957464162
1357,145,1502,0.10359758441491573
1348,144,1492,0.10362039794717055
1346,143,1489,0.1036604154553164
1350,143,1493,0.10370158038450984
1361,143,1504,0.10373025540144422
1357,145,1502,0.10373254159647573
1351,149,1500,0.10374342177163662
1363,146,1509,0.10376654150704835
1364,145,1509,0.10376172071878059
1360,145,1505,0.10375542006658982
1352,147,1499,0.10375836631003477
1354,147,1501,0.10377800224781143
1350,144,1494,0.10379209029876729
1364,146,1510,0.10381386426631015
1361,140,1501,0.10380283578488168
1353,140,1493,0.10379918278452605
1346,145,1491,0.1038135455693442
1352,141,1493,0.10384194333272542
1349,142,1491,0.10385452600811433
1349,142,1491,0.103872938238164
1348,145,1493,0.10388970894457453
1353,145,1498,0.10390784018816321
1355,146,1501,0.10391281963627669
1368,144,1512,0.10391312784840846
1366,144,1510,0.10388514361587653
1351,144,1495,0.10386419325344959
1344,145,1489,0.10387760800526841
1350,145,1495,0.10390516735509432
1354,144,1498,0.10391688608174088
1337,145,1482,0.10391877430079238
1344,146,1490,0.10395814879156898
1347,145,1492,0.10397885861344423
1343,149,1492,0.10399176880725286
1335,159,1494,0.10401222436883241
1331,164,1495,0.10404853606572914
1339,163,1502,0.10409095615539
1333,158,1491,0.10411259738529985
1326,161,1487,0.10414580800832825
1322,161,1483,0.10419107917418266
1339,161,1500,0.10424160965599727
1336,160,1496,0.10425056541579622
1336,158,1494,0.10426507724917078
1337,156,1493,0.10427855212827364
1344,159,1503,0.10428890570259902
1349,156,1505,0.10428311573135503
1329,163,1492,0.10426744180410737
1328,162,1490,0.10429729384349869
1329,164,1493,0.10432688224254187
1335,165,1500,0.10435193637368638
1332,167,1499,0.104361331277215
1335,171,1506,0.10437661080811182
1323,175,1498,0.10438428512966862
1319,169,1488,0.10441729485571326
1323,169,1492,0.10445654661925655
1321,171,1492,0.10448415074764432
1322,168,1490,0.10451336430820414
1312,170,1482,0.10453788626904484
1320,167,1487,0.10458229681286835
1329,162,1491,0.10460573311926268
1319,169,1488,0.1046071486872491
1325,166,1491,0.10463029803684608
1316,165,1481,0.10463836604749378
1310,165,1475,0.1046650044858037
1333,165,1498,0.10470259586337068
1334,162,1496,0.10468585355217026
1334,159,1493,0.10466819799024903
1330,158,1488,0.10465169379744509
1325,156,1481,0.10464596605053046
1327,154,1481,0.10465092236071531
1327,155,1482,0.10465183797396825
1323,154,1477,0.10465325951155738
1327,155,1482,0.10466391687866537
1338,161,1499,0.10466415821806391
1342,165,1507,0.10464071658034886
1342,163,1505,0.1046101655922076
1342,165,1507,0.1045820051393627
1347,166,1513,0.1045556077804661
1344,170,1514,0.104520979073973
1339,170,1509,0.1044964153579215
1328,167,1495,0.10448470874364489
1323,168,1491,0.10449881687327175
1336,173,1509,0.10452217757749117
1331,170,1501,0.10451432304771974
1323,173,1496,0.10451918626300039
1309,173,1482,0.10454086373065107
1318,177,1495,0.10459188191841477
1319,178,1497,0.1046190260197021
1308,179,1487,0.10464108192576818
1316,180,1496,0.10468536552211258
1325,180,1505,0.10470892857586253
1332,178,1510,0.10471117169719622
1326,179,1505,0.10469772307865646
1311,179,1490,0.10469869559030212
1308,184,1492,0.10473255001770372
1303,184,1487,0.10477002007495663
1311,183,1494,0.10481514642622841
1305,184,1489,0.10483877653156765
1305,185,1490,0.1048733317743387
1305,184,1489,0.10490480406964064
1311,185,1496,0.10493392963550875
1293,182,1475,0.10494745051384062
1297,181,1478,0.10499906609741651
1292,183,1475,0.10503684281478474
1289,185,1474,0.10508267280607587
1289,182,1471,0.10513068136798387
1293,187,1480,0.10517482989638781
1293,192,1485,0.10520610691924308
1297,191,1488,0.1052346075651597
1302,193,1495,0.10525232459388562
1307,191,1498,0.10525780603329057
1315,192,1507,0.10525251093695019
1309,195,1504,0.10523059261590617
1317,195,1512,0.1052246379547693
1308,196,1504,0.1052004757390856
1309,197,1506,0.10519795590622164
1295,196,1491,0.10519377261681458
1308,195,1503,0.1052210522062006
1310,197,1507,0.10521745979637512
1309,198,1507,0.10521026222287923
1301,194,1495,0.10520573924591098
1299,195,1494,0.10521948880098642
1299,195,1494,0.10523649325996833
1303,198,1501,0.10525249300149397
1300,195,1495,0.1052577509481395
1312,193,1505,0.10526916807117738
1308,198,1506,0.10525337995978365
1299,188,1487,0.10524849560285826
1304,192,1496,0.10526360798367629
1293,200,1493,0.10526640155278173
1288,202,1490,0.10529289057648952
1277,200,1477,0.10532890458493341
1285,203,1488,0.1053857395705646
1299,204,1503,0.10542059038448472
1308,203,1511,0.10542235207233819
1288,202,1490,0.10540371007765574
1272,195,1467,0.10543127166446567
1284,202,1486,0.10549186036833458
1295,202,1497,0.10552016596220685
1287,202,1489,0.10552214875317556
1283,206,1489,0.10554103042697463
1280,211,1491,0.10556716559922431
1285,201,1486,0.10559796177883068
1298,206,1504,0.10561452144481255
1296,209,1505,0.10560117036602926
1279,211,1490,0.10559347356927934
1283,217,1500,0.1056243264731786
1265,220,1485,0.10564404320271414
1268,218,1486,0.10570165680961693
1271,217,1488,0.10574788519666552
1268,222,1490,0.10578305480940423
1269,225,1494,0.10582184298591787
1264,234,1498,0.1058552265832609
1266,236,1502,0.10589736690026179
1271,233,1504,0.10593191890090248
1279,229,1508,0.10595217341524842
1290,230,1520,0.10595346554643753
1286,229,1515,0.10593082463399436
1278,230,1508,0.10591920524356087
1278,232,1510,0.1059260131876707
1254,233,1487,0.10593311156382804
1254,238,1492,0.10599264216366464
1253,236,1489,0.10604766623129855
1253,238,1491,0.10610003366793258
1249,245,1494,0.10614868867665354
1258,246,1504,0.10620163127573833
1260,244,1504,0.10623080073688246
1266,249,1515,0.10625261360303558
1259,249,1508,0.10626002991814053
1259,251,1510,0.10628339797223091
1255,256,1511,0.10630506295405447
1245,255,1500,0.10633429551111113
1240,253,1493,0.10638418441648965
1237,260,1497,0.1064410642900818
1239,260,1499,0.10650004606705459
1248,267,1515,0.10655036707144003
1238,266,1504,0.10657628931153434
1225,262,1487,0.10662181381572892
1225,258,1483,0.10669348040689414
1239,261,1500,0.10675920902134575
1233,265,1498,0.10678799933784497
1222,270,1492,0.10682771800171201
1225,269,1494,0.10688930740970096
1237,269,1506,0.10693921506924862
1236,275,1511,0.10695729002130072
1235,266,1501,0.10697613075981457
1217,266,1483,0.10699542387465392
1222,263,1485,0.10705323275853278
1225,262,1487,0.10709524273647719
1227,266,1493,0.10712800451913143
1219,262,1481,0.10715269978670411
1206,270,1476,0.10719315809818418
1192,278,1470,0.10725984345870782
1200,279,1479,0.10735247508464503
1203,275,1478,0.10741848396568228
1206,278,1484,0.10747322280789103
1211,279,1490,0.10751697495518052
1225,282,1507,0.10754546127425414
1219,275,1494,0.10753964415483896
1228,278,1506,0.10754743937949111
1233,280,1513,0.10753349903413781
1234,282,1516,0.10751002673419247
1227,286,1513,0.10748654373252134
1234,289,1523,0.10748094143473974
1227,291,1518,0.10746027331262516
1225,294,1519,0.10745669064420828
1214,285,1499,0.1074581050201175
1210,279,1489,0.10748377980990403
1201,283,1484,0.10751624459706445
1201,287,1488,0.1075654886034743
1209,284,1493,0.10761058621672599
1210,286,1496,0.10763442236026165
1213,291,1504,0.10765351885468341
1200,295,1495,0.10766416631262025
1216,293,1509,0.1077034636688682
1203,294,1497,0.10770343300569313
1217,288,1505,0.10773330858598079
1207,284,1491,0.10772888517131193
1204,282,1486,0.10774687119882223
1204,285,1489,0.10777063200114338
1198,288,1486,0.10779199844530783
1212,287,1499,0.10782533049661502
1202,284,1486,0.1078238594193594
1201,280,1481,0.10784493489981362
1215,279,1494,0.1078670071976217
1211,284,1495,0.1078546775983698
1211,283,1494,0.10785266637828618
1209,280,1489,0.10785063443885995
1207,275,1482,0.10785268563199385
1207,278,1485,0.10785929683021911
1207,283,1490,0.10786448040810363
1209,283,1492,0.10786968814500782
1210,282,1492,0.10787013475938209
1211,280,1491,0.10786917611657255
1218,285,1503,0.10786569022503713
1217,282,1499,0.10784766922474796
1216,283,1499,0.1078335914209195
1228,282,1510,0.1078229115332163
1223,277,1500,0.10778567548904555
1208,278,1486,0.10776229105637448
1207,278,1485,0.10777492118540306
1210,281,1491,0.10778936715839339
1202,284,1486,0.10779525391752483
1211,289,1500,0.10781777926402082
1209,294,1503,0.10781849575509478
1209,294,1503,0.1078234390329612
1208,294,1502,0.10782821233557421
1206,293,1499,0.10783506814899195
1205,289,1494,0.10784532893393635
1205,291,1496,0.1078579174782649
1211,288,1499,0.10786941277888845
1218,289,1507,0.10786678501011568
1215,288,1503,0.10784893168092075
1213,290,1503,0.10783988976085318
1219,292,1511,0.10783631012557927
1212,294,1506,0.10781973413201347
1216,298,1514,0.10782007607597473
1220,295,1515,0.10781122219908564
1204,296,1500,0.10779425241366347
1205,300,1505,0.10781585154728149
1212,303,1515,0.10783253321812726
1211,300,1511,0.10783219953595616
1194,305,1499,0.10783460018279793
1193,303,1496,0.10787557546313944
1197,306,1503,0.10791582712249909
1188,303,1491,0.10794350400257006
1202,305,1507,0.10798923227837193
1196,302,1498,0.10799928071082786
1192,305,1497,0.10802129830988431
1191,307,1498,0.10805053013179673
1193,308,1501,0.10808048732744586
1190,308,1498,0.10810360180191929
1190,309,1499,0.1081315086656597
1187,309,1496,0.10815770420018225
1191,309,1500,0.10818811055843121
1198,312,1510,0.10820632824868287
1185,317,1502,0.10820765273842373
1187,319,1506,0.10823800947085868
1168,317,1485,0.10826065464983305
1176,323,1499,0.10832443192032905
1168,327,1495,0.10836540231005014
1163,329,1492,0.10842088549700687
1173,325,1498,0.10848373563177416
1170,321,1491,0.10851910559969713
1170,323,1493,0.1085576485849153
1175,328,1503,0.10859443240995038
1174,328,1502,0.10861743756626784
1179,322,1501,0.10864053666000974
1178,319,1497,0.10865167519893283
1173,328,1501,0.10866398147650905
1172,332,1504,0.10868645958170291
1163,333,1496,0.10870967080404678
1165,328,1493,0.10875114101639881
1157,332,1489,0.108784293951514
1153,324,1477,0.10883290253743558
1169,324,1493,0.1088862148112915
1173,324,1497,0.10889853446530717
1171,331,1502,0.10890075799964166
1172,328,1500,0.10890711393153098
1178,324,1502,0.10891145644893907
1172,325,1497,0.10890112542584328
1164,326,1490,0.10890460440947322
1164,331,1495,0.10892639232897312
1160,330,1490,0.10894802940927834
1158,327,1485,0.10897605537533803
1166,327,1493,0.10900564840103076
1157,336,1493,0.10901571285988668
1148,337,1485,0.10904626001841049
1150,346,1496,0.10909478679225704
1160,344,1504,0.10913491518110195
1159,346,1505,0.10914923938330766
1163,338,1501,0.10916347781917989
1157,342,1499,0.10916685095651563
1166,337,1503,0.1091847583591929
1164,332,1496,0.1091816330322294
1167,332,1499,0.10918383961269632
1175,333,1508,0.10917904629459052
1175,339,1514,0.1091563757533649
1179,335,1514,0.10913487609301631
1177,336,1513,0.10910484395762783
1181,335,1516,0.10908320605109745
1178,336,1514,0.10905476157584751
1176,332,1508,0.10903503896511736
1160,340,1500,0.10902120159478038
1162,342,1504,0.10904507956421114
1155,341,1496,0.10906223180557267
1169,338,1507,0.1090934859041684
1176,333,1509,0.10908973330346904
1170,340,1510,0.10907030102596402
1176,337,1513,0.10906679453542573
1162,339,1501,0.10905070128966272
1168,339,1507,0.10906720330250398
1158,341,1499,0.10906833614266881
1159,345,1504,0.10909263754522666
1160,340,1500,0.10911389972942473
1165,340,1505,0.10913063284700822
1157,344,1501,0.10913548063688236
1154,348,1502,0.10915750499707952
1155,339,1494,0.1091842516347845
1163,345,1508,0.10920711596569692
1161,344,1505,0.10920988379330783
1155,348,1503,0.10921798982760107
1152,347,1499,0.10923769338412907
1152,349,1501,0.10926152889262336
1158,347,1505,0.1092830587287596
1149,350,1499,0.10928948290688638
1142,360,1502,0.109315694234443
1148,354,1502,0.10935477302549672
1145,355,1500,0.10937806564948191
1141,360,1501,0.10940623990485783
1143,354,1497,0.10944150484971296
1147,355,1502,0.10946948587925599
1138,355,1493,0.10948638003314834
1142,356,1498,0.10952315268592948
1138,357,1495,0.10954740928314095
1131,353,1484,0.10957862928687626
1140,358,1498,0.1096234064781828
1138,364,1502,0.10964400364832447
1135,369,1504,0.10966696598819027
1133,366,1499,0.10969583336012143
1139,372,1511,0.10972754133510004
1129,373,1502,0.1097434495840942
1129,378,1507,0.10978187310606391
1118,380,1498,0.10981712169839124
1118,381,1499,0.10987528397791906
1118,384,1502,0.10992795724877479
1116,392,1508,0.10997657057872268
1112,395,1507,0.11002643025596816
1116,401,1517,0.1100821024671034
1110,401,1511,0.11012364266437161
1104,407,1511,0.11017678938423042
1101,401,1502,0.11023964043244946
1102,403,1505,0.110304782835553
1108,405,1513,0.11036281941304281
1107,405,1512,0.11040234599002606
1099,396,1495,0.11044094087436758
1105,399,1504,0.11049508856796245
1098,394,1492,0.11053048035189
1115,394,1509,0.11058029110448205
1113,394,1507,0.11058625119872112
1103,398,1501,0.11059752783350808
1109,398,1507,0.11063179019431338
1108,404,1512,0.11064928998455321
1106,401,1507,0.11066711963897533
1094,407,1501,0.11068990119147162
1094,410,1504,0.11073907246587474
1096,415,1511,0.11078387619392674
1091,420,1511,0.11082015706203407
1073,417,1490,0.11086564890872871
1079,418,1497,0.1109504684400823
1080,420,1500,0.11101499656481273
1072,417,1489,0.11107112889579449
1088,418,1506,0.11114239552916633
1093,411,1504,0.11117171145363873
1095,411,1506,0.111187100620124
1093,409,1502,0.11119697969738059
1089,417,1506,0.11121060198194183
1087,416,1503,0.11123257934402776
1079,418,1497,0.11125718838764126
1087,416,1503,0.1112985646423156
1084,416,1500,0.11131911335857637
1069,418,1487,0.11134406181364213
1070,428,1498,0.11139984539240227
1070,427,1497,0.11145064919448547
1075,425,1500,0.11149748182919296
1075,418,1493,0.11152991884816844
1076,417,1493,0.11155983974600574
1065,417,1482,0.11158428921955163
1068,415,1483,0.11163111127584974
1078,426,1504,0.11166886277360487
1073,429,1502,0.1116795667584423
1078,427,1505,0.11170125337731834
1074,425,1499,0.11171010165227312
1070,425,1495,0.11172679338403292
1074,422,1496,0.11175137240809066
1063,433,1496,0.11176415650231294
1069,437,1506,0.11180221460128237
1062,439,1501,0.11182298971860767
1054,430,1484,0.11185875687254597
1059,431,1490,0.11190988804545875
1059,436,1495,0.11194675529897598
1071,440,1511,0.1119806465342154
1067,435,1502,0.11198364141553441
1057,437,1494,0.11199531979840441
1055,446,1501,0.11202933301981725
1039,450,1489,0.11206644858268572
1030,453,1483,0.11213757174901721
1032,453,1485,0.1122238572107163
1024,457,1481,0.11229756561076737
1025,461,1486,0.11238586236055507
1032,470,1502,0.11246525028370286
1020,466,1486,0.11252220391253574
1023,463,1486,0.11260234129343275
1018,475,1493,0.11266953722775833
1020,477,1497,0.11274400356047014
1016,481,1497,0.11280943940854268
1010,489,1499,0.11287962393293835
1016,491,1507,0.11295876717668595
1021,486,1507,0.11301972770733112
1012,487,1499,0.11306360356613089
1011,486,1497,0.11312572471067212
1015,492,1507,0.11318625193356414
1012,491,1503,0.1132332911725014
1016,489,1505,0.11328282053217581
1006,482,1488,0.11331956347048137
1004,482,1486,0.11337665218245462
1001,489,1490,0.1134359261670224
998,484,1482,0.11349714726409665
1004,483,1487,0.1135598551020415
990,483,1473,0.11360338456874067
992,481,1473,0.11367680716346143
998,484,1482,0.11373954488875192
987,486,1473,0.11378441630447711
1001,494,1495,0.11385249655262736
997,492,1489,0.11388296848784035
1002,504,1506,0.11392075539255425
1000,501,1501,0.11394370154586955
994,500,1494,0.11397043585875175
998,506,1504,0.11400903395689024
998,507,1505,0.1140349812801787
982,509,1491,0.11405809537652595
991,506,1497,0.11411759231338436
994,507,1501,0.1141506383616704
983,515,1498,0.11417576434461957
979,518,1497,0.11422469767021555
979,519,1498,0.11428038959786903
985,517,1502,0.11433292073985662
985,524,1509,0.1143680575738087
977,526,1503,0.11440191759712352
968,527,1495,0.11445234777897988
962,530,1492,0.11451856215395655
967,536,1503,0.11459497107127063
965,539,1504,0.1146538791389025
965,533,1498,0.11471452189800062
983,526,1509,0.11476897971286487
984,531,1515,0.11477662695778797
981,524,1505,0.11478181636097232
984,528,1512,0.11479380188988836
988,533,1521,0.11479852959275139
977,544,1521,0.11479179220603011
975,532,1507,0.1148126466207978
972,531,1503,0.1148357141013588
969,536,1505,0.11486325516778235
949,530,1479,0.11489599208483839
962,537,1499,0.1149732600840051
956,546,1502,0.1150140377462821
949,549,1498,0.11506680217307876
941,549,1490,0.115130729207577
942,551,1493,0.11520834141667102
953,555,1508,0.1152769828100772
948,555,1503,0.11531292407774242
947,552,1499,0.11535974532638729
955,547,1502,0.11540613910138951
953,553,1506,0.11542945431518675
953,554,1507,0.11545580507096381
947,564,1511,0.11548106930813155
949,555,1504,0.11551803599352624
944,554,1498,0.11554684680878502
950,540,1490,0.11558472086455197
946,554,1500,0.115605648147724
940,552,1492,0.11563475037039654
941,552,1493,0.1156760654889094
936,548,1484,0.11570961162146834
934,551,1485,0.11575193601391173
938,540,1478,0.11579436398051758
950,540,1490,0.11582486402272092
945,543,1488,0.11582387354291321
948,543,1491,0.11583480560943091
950,545,1495,0.1158377949338188
932,552,1484,0.11583639793843423
937,561,1498,0.11587877595951859
939,561,1500,0.11590527114413017
939,571,1510,0.11592433525075439
936,574,1510,0.1159423454329787
924,583,1507,0.11596793619197053
927,578,1505,0.11602192222827075
927,579,1506,0.11606316058157594
926,578,1504,0.11610128214520798
931,580,1511,0.11613979773038346
923,585,1508,0.11616372845038594
918,585,1503,0.11620430623596432
912,581,1493,0.11625296820272492
909,572,1481,0.11631175940236989
921,575,1496,0.1163729977179591
920,577,1497,0.11640053717216534
910,584,1494,0.11642874890867987
913,592,1505,0.11647980689190707
906,596,1502,0.1165210691566328
914,596,1510,0.11657730387901281
904,601,1505,0.11660919376514979
899,600,1499,0.11666310748163554
897,601,1498,0.11672589065277475
896,607,1503,0.11678705751162193
905,605,1510,0.11684626880157761
902,607,1509,0.11688041017511878
897,611,1508,0.1169194743224419
905,613,1518,0.11696785678986352
898,612,1510,0.11699412173157565
892,613,1505,0.11703546647791768
890,616,1506,0.1170878633245902
891,617,1508,0.117141472319547
889,621,1510,0.1171893450584931
879,610,1489,0.11723844630906755
884,618,1502,0.11730747536144097
878,621,1499,0.11735950264426318
870,618,1488,0.11742142860453
874,619,1493,0.11750001834783098
868,617,1485,0.1175639009313306
871,618,1489,0.1176381636035815
863,624,1487,0.11769899331415766
858,630,1488,0.11777501258286421
858,629,1487,0.11785741936490948
863,633,1496,0.11793379899928183
867,634,1501,0.11799295933888955
865,637,1502,0.11803841554967187
857,638,1495,0.11808496663289915
862,641,1503,0.11814840300289894
861,642,1503,0.11819564574526903
861,652,1513,0.11824320448226806
856,659,1515,0.11828897943463827
857,656,1513,0.11834373675181906
852,656,1508,0.11839330086999446
846,658,1504,0.11845066889086758
841,658,1499,0.11851784966099967
842,670,1512,0.11859178715432378
840,666,1506,0.11865941967587654
837,669,1506,0.1187276834853434
832,668,1500,0.11879877832995973
831,673,1504,0.11887434872065747
824,669,1493,0.11894621916730515
824,685,1509,0.11903080925932738
818,695,1513,0.1191101592961585
810,697,1507,0.11919915876954257
807,701,1508,0.11930209671322738
798,699,1497,0.11940484704378047
802,701,1503,0.11952363966261025
798,699,1497,0.11962566001192437
804,708,1512,0.11973056425023812
798,714,1512,0.1198154149250118
794,715,1509,0.1199091091086611
789,724,1513,0.12000614042395853
787,720,1507,0.12010657005356375
789,722,1511,0.12020526396888657
782,716,1498,0.12029290202814807
777,715,1492,0.120391924286021
783,718,1501,0.12049633507673137
784,723,1507,0.12057848044915119
776,729,1505,0.12065158488158004
764,732,1496,0.12074077369706629
760,745,1505,0.12085389390424202
758,742,1500,0.12096834502038595
751,747,1498,0.12107825424387798
752,742,1494,0.12119632462807939
753,751,1504,0.12130607120165329
749,749,1498,0.12140450424057858
750,756,1506,0.12150608991401338
753,759,1512,0.12159888127612425
747,755,1502,0.12167774694957725
749,752,1501,0.12176481269799114
750,746,1496,0.12184120875330187
741,751,1492,0.12191033004832236
746,752,1498,0.12199781067062337
755,747,1502,0.12206481262525042
748,747,1495,0.12210496615232282
754,742,1496,0.12215994648591831
754,734,1488,0.12219602323081963
749,752,1501,0.12222845378562154
741,756,1497,0.12227183668860456
747,761,1508,0.12233236878090076
747,759,1506,0.12237257734955342
744,758,1502,0.1224094842599555
743,758,1501,0.12245150365651393
750,760,1510,0.12249125811310713
752,763,1515,0.12251102393231417
745,756,1501,0.1225243155981115
753,754,1507,0.12255487496091871
747,756,1503,0.12256438223401755
741,754,1495,0.12258924193556581
741,769,1510,0.12262648901690802
731,768,1499,0.12266291157811252
730,771,1501,0.12272208391945885
720,778,1498,0.12277930287364981
727,771,1498,0.12285814261014764
735,778,1513,0.12291332404620053
734,786,1520,0.12294531627307892
736,789,1525,0.12297782306430881
718,786,1504,0.12300414655532639
721,789,1510,0.12307408576439244
717,796,1513,0.12313032311307534
720,784,1504,0.12319173029976233
717,789,1506,0.12324085829683923
713,793,1506,0.12329296003208334
709,791,1500,0.12335274106560239
705,783,1488,0.12341715901249334
716,777,1493,0.12348781491980113
717,780,1497,0.12352830760012092
713,785,1498,0.12356439132015064
715,786,1501,0.12360796175490922
716,786,1502,0.12364232231360649
722,789,1511,0.12367287251004172
723,791,1514,0.12368502164663528
731,796,1527,0.1236915255965934
717,784,1501,0.12367744600809118
718,791,1509,0.12369860473028303
713,784,1497,0.12371684677069496
719,783,1502,0.12374696838552868
711,790,1501,0.1237600579847514
714,792,1506,0.1237927626261809
725,798,1523,0.12381604120022167
715,799,1514,0.12381083781208617
718,800,1518,0.12383305884695237
714,798,1512,0.12384650545472103
717,799,1516,0.12386933952727917
721,790,1511,0.1238844615295545
726,789,1515,0.1238869429713965
728,793,1521,0.12387824464120044
720,790,1510,0.12386611305862985
715,797,1512,0.12387440436156934
719,790,1509,0.12389363207592048
724,798,1522,0.12390216973682051
723,798,1521,0.12389763967746215
715,794,1509,0.12389801901010436
717,796,1513,0.12391857011693219
715,798,1513,0.12393042891724601
711,805,1516,0.12394720275821662
706,808,1514,0.123972935637749
707,808,1515,0.12400863992778746
699,805,1504,0.12404142479554267
696,804,1500,0.12409117467906924
693,815,1508,0.12414615321720372
697,819,1516,0.12420445892416974
691,813,1504,0.12424895126500007
694,819,1513,0.1243028777996699
696,820,1516,0.1243455159734323
692,812,1504,0.1243785717726637
701,819,1520,0.12441866821014724
704,805,1509,0.12443347974063267
713,804,1517,0.12443742454358515
708,799,1507,0.12441831580394896
703,803,1506,0.12441269742028098
714,801,1515,0.12442097976960514
714,788,1502,0.12440090814101962
713,778,1491,0.12438091874603202
718,783,1501,0.1243656437961414
708,795,1503,0.1243378458841243
711,801,1512,0.12433662087195625
709,796,1505,0.12432776128776371
709,799,1508,0.12432505197882326
699,801,1500,0.12432559404629177
704,804,1508,0.12435132641027379
704,799,1503,0.12436276875124497
706,809,1515,0.12437308493999083
696,811,1507,0.12437897532291636
705,809,1514,0.12441116860566438
693,814,1507,0.12441906145008726
677,817,1494,0.12445646474729713
673,820,1493,0.12453323682020909
688,823,1511,0.12461485191127647
686,817,1503,0.12465242647135892
682,812,1494,0.12469186213731548
687,820,1507,0.12473920525684036
679,820,1499,0.12477037767145945
670,828,1498,0.12481867652924683
663,833,1496,0.12488770655072226
669,826,1495,0.12496825548021016
672,833,1505,0.1250265525892846
684,830,1514,0.12507285067725463
676,829,1505,0.12508649499669294
671,831,1502,0.1251187320959768
675,840,1515,0.12516199769686143
676,843,1519,0.1251938939886983
675,847,1522,0.12522180198773966
674,843,1517,0.12525023539118954
662,840,1502,0.12527941130905554
665,840,1505,0.12533541206961302
662,832,1494,0.1253798417162927
668,825,1493,0.1254306392822941
660,826,1486,0.12546262505891076
659,835,1494,0.12551322582933624
657,839,1496,0.12556352401526474
655,837,1492,0.12561632204369114
656,846,1502,0.12567153952916812
657,850,1507,0.12571946059688638
657,855,1512,0.1257611851150893
658,868,1526,0.1258004678193566
660,869,1529,0.12583411148579773
654,866,1520,0.12586026482217844
655,859,1514,0.1258987270740566
660,860,1520,0.12593171753041751
655,859,1514,0.12594966537025676
653,851,1504,0.12597804845517288
654,861,1515,0.12600815645137428
658,870,1528,0.1260345401879585
651,869,1520,0.12605026662881702
646,873,1519,0.12608251514175892
644,869,1513,0.12612578194933916
635,874,1509,0.12617201514668477
625,873,1498,0.12623812167233198
627,876,1503,0.1263249148381725
631,888,1519,0.12640117319216
616,891,1507,0.1264631644715723
614,887,1501,0.12655651403978824
623,878,1501,0.12664920925597514
619,889,1508,0.12671603365377268
615,885,1500,0.12678641739141083
616,895,1511,0.12686123730383966
620,900,1520,0.12692808752503723
613,896,1509,0.1269803201173062
614,902,1516,0.12704633790243222
623,904,1527,0.12710476671151047
612,915,1527,0.12713622619281928
611,913,1524,0.12719422046744694
610,912,1522,0.12725136380149574
605,916,1521,0.12730474091527053
606,913,1519,0.12736663347421498
611,908,1519,0.1274211069010254
605,908,1513,0.1274596244446912
596,912,1508,0.12751067535265717
599,913,1512,0.1275799545681031
597,902,1499,0.12763652083403215
604,909,1513,0.1276933832090661
605,907,1512,0.1277270858396704
605,911,1516,0.12775598052964546
608,899,1507,0.1277839340156046
596,897,1493,0.12780205130325542
604,898,1502,0.12784910447102762
597,903,1500,0.12787196869777756
593,909,1502,0.12791165610358304
594,909,1503,0.12795873622157075
587,914,1501,0.12800020875997906
581,926,1507,0.12805779484156726
583,923,1506,0.12812755312186133
582,930,1512,0.12818778580965018
572,926,1498,0.12824670908853616
574,932,1506,0.12832827989199672
568,938,1506,0.12839890711383403
567,941,1508,0.12847983821515177
560,940,1500,0.12855746716085148
559,940,1499,0.12864706056458566
566,931,1497,0.1287329661100397
570,931,1501,0.1287935161271486
570,934,1504,0.12883975825639019
567,930,1497,0.12888249539686755
570,928,1498,0.12893103056307564
573,927,1500,0.12896689149507448
568,926,1494,0.1289925808406409
563,934,1497,0.12902945996520132
563,937,1500,0.129076709562027
565,939,1504,0.1291212495115393
569,941,1510,0.12915760651103722
577,947,1524,0.12918160848601157
574,950,1524,0.12918349825318232
567,944,1511,0.1291940362363524
561,951,1512,0.12922336789008118
555,950,1505,0.12926633769994694
546,950,1496,0.12932181204585647
553,955,1508,0.1293967275226659
557,962,1519,0.12944942851951916
550,965,1515,0.1294896319414286
547,970,1517,0.1295452721646237
553,960,1513,0.12960610193791744
552,961,1513,0.1296492169084327
562,964,1526,0.12969117758906462
561,968,1529,0.129706206184612
557,964,1521,0.12972238341169898
555,970,1525,0.1297482913873263
552,964,1516,0.1297782988115456
546,961,1507,0.12981370801880698
541,956,1497,0.12986153916359788
545,964,1509,0.12991934008022
540,969,1509,0.12996239720885844
537,961,1498,0.13001459663731535
531,963,1494,0.13007163411332753
529,972,1501,0.13014009585223135
527,969,1496,0.1302084389394732
533,979,1512,0.13027669436533137
526,975,1501,0.13032498920222418
527,964,1491,0.1303876859544019
524,971,1495,0.13044557294418616
524,972,1496,0.13050916487204878
519,983,1502,0.13056762528307211
524,981,1505,0.13063375054905801
526,974,1500,0.1306814797760039
521,982,1503,0.1307222771878911
519,990,1509,0.13077391335059135
522,987,1509,0.13082825069108361
509,994,1503,0.1308718501818278
522,996,1518,0.13094484084631383
524,990,1514,0.13098179222295697
518,1001,1519,0.13101043795162876
515,998,1513,0.1310543606109755
516,1000,1516,0.13110316305438502
517,1000,1517,0.13114579267348916
517,994,1511,0.13118126671038888
514,1001,1515,0.13121371543105648
514,1008,1522,0.13125126842145318
513,1010,1523,0.13128630259196122
512,1007,1519,0.13132207430132892
506,1009,1515,0.1313574746411492
506,1004,1510,0.13140772903905457
508,1002,1510,0.13145558727168732
511,1007,1518,0.1314951980883834
519,1009,1528,0.13152413224393691
507,1001,1508,0.1315317746234224
510,1013,1523,0.13157198417985927
516,1008,1524,0.13160164970042357
513,990,1503,0.13161346018951325
508,995,1503,0.13163067675879606
502,1003,1505,0.1316590346301429
503,1008,1511,0.13170212674239234
504,1006,1510,0.1317386330218353
505,997,1502,0.13177131800536593
504,1008,1512,0.13179867742027374
509,1007,1516,0.13182788873204604
504,1013,1517,0.13184236850502665
503,1008,1511,0.13186910807341637
493,1011,1504,0.13189684201005222
497,1015,1512,0.1319484702287759
492,1021,1513,0.1319861280417096
485,1034,1519,0.13203515409487473
484,1034,1518,0.13209872504775916
479,1034,1513,0.13216091512967915
483,1034,1517,0.1322321964379124
484,1034,1518,0.13228886238704946
474,1035,1509,0.1323400440491811
472,1035,1507,0.13241205771412357
480,1038,1518,0.1324831452645117
467,1037,1504,0.1325294679723418
472,1054,1526,0.13260662145647634
474,1051,1525,0.13266594214763683
469,1042,1511,0.13271666579367128
464,1058,1522,0.1327765823511001
471,1047,1518,0.13284625175905615
461,1045,1506,0.13289238615918772
455,1051,1506,0.13296086189934742
449,1059,1508,0.13303909697144975
448,1056,1504,0.13312799445025036
453,1050,1503,0.13321394852767546
456,1056,1512,0.13328106943571366
451,1062,1513,0.1333367368786489
450,1058,1508,0.13340199691369017
445,1065,1510,0.13346613434572377
450,1065,1515,0.13353856414077211
449,1062,1511,0.1335935635340361
454,1066,1520,0.13364781975118928
451,1069,1520,0.1336846147069676
454,1066,1520,0.13372742216471079
453,1051,1504,0.13375967362426608
449,1056,1505,0.1337921673545254
447,1065,1512,0.13383225199290985
452,1079,1531,0.13387423168779647
449,1072,1521,0.1338996694099693
445,1068,1513,0.13393154766626267
445,1067,1512,0.13397433965261563
441,1065,1506,0.1340134216370494
444,1072,1516,0.13406132259958592
436,1074,1510,0.13409775819655528
440,1074,1514,0.13415354510337804
437,1071,1508,0.13419442501269616
438,1069,1507,0.13424087733131393
441,1081,1522,0.13428257044370676
438,1071,1509,0.13431565012969404
440,1067,1507,0.13435462720171745
432,1074,1506,0.13438568786389762
428,1096,1524,0.1344353391003742
424,1089,1513,0.13449338623933402
415,1093,1508,0.13455772536342084
422,1085,1507,0.13464101220601965
427,1085,1512,0.13470023759050295
422,1087,1509,0.13474279013606238
414,1089,1503,0.1347957394911736
413,1093,1506,0.1348660346388632
413,1079,1492,0.1349337713574858
412,1084,1496,0.13499511300404338
415,1107,1522,0.13505516741271925
412,1090,1502,0.13510381650380573
416,1087,1503,0.13515697040823696
413,1102,1515,0.13519662391729725
414,1105,1519,0.13524268860701508
417,1105,1522,0.13528444095922348
415,1107,1522,0.13531512010378205
405,1096,1501,0.13534919213723867
409,1097,1506,0.1354067755617246
411,1096,1507,0.13545011155012956
415,1102,1517,0.13548453753639442
402,1098,1500,0.1355054974182078
403,1099,1502,0.1355595374319551
402,1102,1504,0.13560830387271208
408,1101,1509,0.1356554151005384
407,1097,1504,0.13568519662975234
408,1102,1510,0.13571553568322323
411,1109,1520,0.13574283870170104
408,1113,1521,0.1357604226062611
405,1117,1522,0.1357847481849449
414,1115,1529,0.13581502492082964
409,1112,1521,0.13581992425386638
408,1112,1520,0.1358387209561319
406,1115,1521,0.1358592124795416
404,1109,1513,0.13588381662652027
401,1108,1509,0.1359127539609455
401,1096,1497,0.13594733585746693
399,1097,1496,0.13597965583139954
402,1103,1505,0.13601489378881543
407,1106,1513,0.13604047195429492
402,1110,1512,0.13605189669552564
395,1113,1508,0.13607543910092862
395,1123,1518,0.1361157994951592
394,1126,1520,0.1361542759292011
394,1128,1522,0.13619333929539232
397,1131,1528,0.13622936598312851
394,1133,1527,0.1362558336508303
391,1131,1522,0.136287896612223
388,1138,1526,0.13632635734778892
388,1123,1511,0.13636867629112867
392,1134,1526,0.13640785136676015
392,1120,1512,0.13643427792130194
392,1111,1503,0.13645829550793015
387,1110,1497,0.13648102703555093
387,1113,1500,0.13651450923835426
380,1120,1500,0.13654610031780515
382,1126,1508,0.13659346262733557
383,1122,1505,0.1366312037726298
383,1123,1506,0.1366645188991814
382,1129,1511,0.13669531758076087
382,1136,1518,0.13672681526163544
382,1128,1510,0.13675533916705596
381,1122,1503,0.13678112768162032
387,1124,1511,0.13680892422133709
385,1124,1509,0.1368183889569622
382,1131,1513,0.13683273203214516
377,1142,1519,0.1368542455798944
375,1139,1514,0.1368872426516356
375,1127,1502,0.13692373912850794
375,1121,1496,0.13695846676750656
370,1124,1494,0.1369917186815212
369,1134,1503,0.1370355986193734
367,1133,1500,0.13707930668958493
372,1149,1521,0.13712569395412594
370,1157,1527,0.1371556947870382
375,1171,1546,0.1371888033581806
362,1153,1515,0.137206818188636
357,1155,1512,0.13725743935999804
359,1146,1505,0.1373189544205574
359,1155,1514,0.13737049113365918
360,1156,1516,0.13741725687647682
356,1146,1502,0.13745891486446812
349,1144,1493,0.13750920132228883
356,1147,1503,0.13757597650777667
358,1154,1512,0.13761903597537814
355,1150,1505,0.13765278107971077
346,1150,1496,0.1376916843681317
343,1136,1479,0.13775188237086067
353,1152,1505,0.13781495191060886
352,1153,1505,0.13784780377961947
350,1152,1502,0.13788139647426212
356,1163,1519,0.13791773709381
361,1151,1512,0.13793694149115612
360,1147,1507,0.1379418648530933
361,1145,1506,0.13794907789823305
353,1145,1498,0.13795303679248128
358,1144,1502,0.13797718906149822
357,1142,1499,0.13798704719091634
353,1141,1494,0.13799971489288945
361,1144,1505,0.13802079808759135
363,1152,1515,0.13801810903042822
365,1146,1511,0.1380106987877507
367,1143,1510,0.13799903319289036
370,1145,1515,0.13798426427416552
366,1143,1509,0.13796335794403342
358,1148,1506,0.1379555625474201
358,1156,1514,0.13796921591820932
362,1162,1524,0.13798112527066173
363,1150,1513,0.1379808266778392
365,1157,1522,0.13797755238871076
364,1159,1523,0.1379696516723263
363,1162,1525,0.13796502268047284
361,1161,1522,0.1379635709247464
357,1165,1522,0.13796842230202988
359,1150,1509,0.13798361118557204
362,1152,1514,0.1379925934165063
363,1145,1508,0.13799342707748108
363,1159,1522,0.13799211060342323
359,1155,1514,0.13799097361056945
367,1157,1524,0.13800040449181242
368,1151,1519,0.1379869914745338
365,1159,1524,0.13797140902082142
361,1158,1519,0.13796456794385256
358,1156,1514,0.1379679525847644
351,1159,1510,0.13797913124428596
350,1167,1517,0.1380088337498907
351,1166,1517,0.1380399498720947
354,1166,1520,0.13806667450596016
358,1168,1526,0.13808352015551234
353,1168,1521,0.13808691216913146
359,1164,1523,0.13810193932682552
358,1158,1516,0.1380993751655033
360,1156,1516,0.1380993286646017
366,1152,1518,0.13809572228612077
365,1154,1519,0.1380766596314923
367,1154,1521,0.13806118991262192
360,1157,1517,0.13804167072913176
366,1156,1522,0.1380429965214253
363,1156,1519,0.1380285000479157
362,1148,1510,0.13802362883559322
359,1138,1497,0.13802254891515703
360,1139,1499,0.1380275270298731
358,1149,1507,0.1380299366655143
357,1156,1513,0.13803711635391547
356,1155,1511,0.13804487401788226
362,1152,1514,0.13805346797006796
363,1146,1509,0.13804641570468182
367,1149,1516,0.13803765551948238
368,1148,1516,0.13801986390647503
369,1148,1517,0.13800166814047674
361,1152,1513,0.13798351253898128
360,1151,1511,0.13798795255821755
358,1160,1518,0.13799599837897955
355,1168,1523,0.13800922420382458
353,1159,1512,0.1380290994744637
350,1163,1513,0.13805330212487882
345,1175,1520,0.13808318362822442
344,1163,1507,0.1381239328627898
344,1174,1518,0.13816401153994393
343,1162,1505,0.13820249066247584
340,1160,1500,0.13824045893726022
332,1182,1514,0.13828371560608949
331,1187,1518,0.1383448561593343
340,1178,1518,0.13840406487288917
339,1162,1501,0.1384363632679651
335,1164,1499,0.13846852140552113
333,1165,1498,0.13850914024271294
336,1175,1511,0.1385519404785846
335,1167,1502,0.13858259453304858
336,1170,1506,0.13861407627130096
348,1178,1526,0.13864120072048583
345,1180,1525,0.1386348788094374
333,1176,1509,0.13863740725822196
335,1181,1516,0.1386716277175907
337,1185,1522,0.13869868336628957
335,1185,1520,0.13871953349082328
328,1177,1505,0.13874490243789167
332,1178,1510,0.13878817202621313
337,1177,1514,0.13881692261123407
343,1166,1509,0.13882890246699592
341,1169,1510,0.13882592544923036
344,1173,1517,0.1388291110558765
332,1180,1512,0.13882373814798868
330,1183,1513,0.13885048508272047
332,1187,1519,0.13888049271495403
330,1187,1517,0.13890178263823358
327,1184,1511,0.13892704901239822
327,1187,1514,0.13895826813763845
329,1185,1514,0.1389870086647682
332,1188,1520,0.13900764645108893
331,1179,1510,0.1390190399569117
328,1182,1510,0.1390314249108848
334,1180,1514,0.13905157652094954
327,1187,1514,0.1390559176187023
329,1190,1519,0.13907853596314895
319,1184,1503,0.13909378957961754
325,1199,1524,0.13913394110437313
328,1194,1522,0.13915590276856374
331,1184,1515,0.13917027323298087
323,1186,1509,0.13917458561826912
324,1179,1503,0.13919980594651318
325,1188,1513,0.13921937768472495
321,1185,1506,0.1392359090317339
331,1178,1509,0.13926369968957264
333,1177,1510,0.13926356780436064
328,1172,1500,0.13925813174234863
333,1171,1504,0.13926737358609337
333,1161,1494,0.1392630460087965
341,1171,1512,0.13926042578837636
335,1165,1500,0.13923710268960382
333,1163,1496,0.13923345836532
328,1180,1508,0.1392360714193945
321,1171,1492,0.13925206343417043
323,1175,1498,0.13928578892932236
322,1176,1498,0.13931194055520404
323,1186,1509,0.13933996838298016
324,1187,1511,0.1393636616727794
322,1187,1509,0.1393833719218933
319,1178,1497,0.13940611529765012
321,1193,1514,0.13943569503537614
321,1203,1524,0.13945868306492964
317,1211,1528,0.13948064313192202
318,1197,1515,0.13951289469332168
316,1202,1518,0.13953861490015007
313,1207,1520,0.1395680091523408
309,1202,1511,0.13960435414817904
302,1199,1501,0.1396486078598887
310,1204,1514,0.1397087370214536
310,1207,1517,0.13974357369184415
302,1215,1517,0.13977674387095282
302,1215,1517,0.1398294441337779
296,1210,1506,0.13987944895647286
296,1214,1510,0.13994204071871624
298,1206,1504,0.13999974537372353
297,1204,1501,0.14004720643631566
288,1218,1506,0.14009347009651932
289,1216,1505,0.14015971070882136
287,1230,1517,0.14021971841647612
288,1236,1524,0.14028105569757413
286,1242,1528,0.14033648914959168
283,1238,1521,0.1403947895617038
281,1240,1521,0.1404574933129292
281,1234,1515,0.14052077485008305
283,1233,1516,0.1405781161778002
283,1221,1504,0.14062612220403817
286,1226,1512,0.1406709911190802
284,1221,1505,0.1407046729160766
281,1202,1483,0.140741563378366
283,1211,1494,0.14078476440647836
284,1231,1515,0.14081894417993773
283,1232,1515,0.14084992937026378
277,1226,1503,0.14088274700158762
271,1240,1511,0.14092997415736663
273,1242,1515,0.14099026520012156
275,1237,1512,0.14104177751482602
274,1239,1513,0.14108373887957118
272,1237,1509,0.1411251492688427
271,1248,1519,0.1411693725429684
270,1242,1512,0.14121307431207172
269,1248,1517,0.14125705733196053
273,1248,1521,0.1413010493712284
277,1234,1511,0.14133192134247186
276,1251,1527,0.14134956328207304
272,1241,1513,0.14136823352455685
272,1250,1522,0.14139741498904823
273,1255,1528,0.14142443850049638
268,1253,1521,0.14144801783465336
265,1261,1526,0.1414847928166953
265,1275,1540,0.14152829719111476
262,1261,1523,0.14156918200770832
261,1267,1528,0.1416164498832024
262,1262,1524,0.14166375409371557
257,1267,1524,0.14170512169883462
255,1257,1512,0.1417573809176802
251,1265,1516,0.14181177763531097
249,1267,1516,0.14187325265964468
253,1262,1515,0.14193482805455818
258,1266,1524,0.14198205676297704
261,1264,1525,0.142014141364632
261,1252,1513,0.142035802638687
258,1260,1518,0.14205715232085336
255,1250,1505,0.14208516966095902
259,1247,1506,0.14211917368708293
252,1255,1507,0.14214022191739353
253,1247,1500,0.14217909566638812
249,1256,1505,0.14221264339263737
251,1253,1504,0.14225620528991276
242,1257,1499,0.1422909756936967
244,1269,1513,0.14234818514539185
245,1250,1495,0.14239576802541712
242,1259,1501,0.14243658974418413
237,1261,1498,0.14248247988008217
240,1259,1499,0.14253907073100883
237,1260,1497,0.1425851067474022
236,1267,1503,0.14263580180446891
239,1265,1504,0.14268541574627241
238,1275,1513,0.14272372109948678
239,1284,1523,0.1427628797996565
238,1283,1521,0.14279722812590756
237,1288,1525,0.14283329774564377
234,1287,1521,0.14286879938182442
233,1287,1520,0.14291006608199797
231,1294,1525,0.14295242591919524
234,1280,1514,0.14299728636894996
230,1292,1522,0.14303311572873734
236,1285,1521,0.14307696511550813
228,1281,1509,0.1431015834941087
228,1279,1507,0.1431448027295152
227,1280,1507,0.14318502485572465
221,1284,1505,0.14322467461032098
225,1275,1500,0.14327726336501653
224,1290,1514,0.14331533089134307
225,1297,1522,0.14335326536239562
230,1293,1523,0.1433861408703001
230,1285,1515,0.14340345365705467
228,1276,1504,0.14341968248850503
230,1281,1511,0.14344040653107468
231,1290,1521,0.14345393427688463
232,1296,1528,0.14346420945730984
233,1296,1529,0.14347107102826334
227,1300,1527,0.14347522163407786
232,1290,1522,0.143495620777785
231,1292,1523,0.14350008882494897
230,1285,1515,0.14350657528878283
232,1279,1511,0.1435145576498644
231,1274,1505,0.1435164716569044
227,1274,1501,0.1435206469286245
228,1281,1509,0.14353558023770877
229,1275,1504,0.1435466019085837
228,1256,1484,0.14355371310758047
226,1261,1487,0.14356330408429113
229,1265,1494,0.14357886031346243
235,1269,1504,0.14358607390630637
233,1276,1509,0.14357554580889934
234,1265,1499,0.1435721752731924
231,1272,1503,0.14356685804966848
223,1275,1498,0.14356992735885926
228,1281,1509,0.1435944670346062
227,1281,1508,0.1436045030677822
226,1283,1509,0.14361644247331487
227,1285,1512,0.14363116300798537
227,1294,1521,0.14364267598734023
225,1286,1511,0.1436532963494461
225,1302,1527,0.1436675898973679
224,1304,1528,0.14368157299777742
222,1306,1528,0.1436977622339371
226,1302,1528,0.14371736871353208
225,1312,1537,0.14372480401662285
228,1314,1542,0.14373454325278623
226,1306,1532,0.14373653150247773
227,1291,1518,0.1437439441363233
223,1289,1512,0.14374783981838954
231,1294,1525,0.14376207769982596
229,1287,1516,0.14375378748748996
224,1299,1523,0.14375163840679336
227,1299,1526,0.1437644342548076
223,1291,1514,0.14376840458703
222,1288,1510,0.14378280633234908
219,1289,1508,0.14379865555473478
218,1290,1508,0.1438228256822134
215,1300,1515,0.14384747380686919
212,1304,1516,0.14387790984215484
212,1299,1511,0.14391424390884136
215,1303,1518,0.14394897731684225
220,1299,1519,0.1439732055021941
220,1307,1527,0.14398359300529842
222,1299,1521,0.14399319986490572
216,1283,1499,0.1439966935530349
222,1281,1503,0.1440154829374446
222,1290,1512,0.14401751362696835
219,1287,1506,0.14401838422414504
219,1290,1509,0.14402688544094225
216,1277,1493,0.1440343847948255
220,1279,1499,0.1440497650540107
217,1285,1502,0.14405436585723433
218,1293,1511,0.14406632381998982
218,1287,1505,0.14407457628401862
212,1275,1487,0.14408267439722008
216,1279,1495,0.14410591169219264
218,1288,1506,0.14411608420182254
215,1294,1509,0.14412043286869441
213,1291,1504,0.14413354332527695
215,1294,1509,0.14415245801003765
216,1281,1497,0.1441656553362916
221,1298,1519,0.1441747060196439
218,1287,1505,0.1441708320533248
219,1298,1517,0.1441752679553237
220,1301,1521,0.14417603877524118
221,1303,1524,0.14417431110081014
211,1312,1523,0.14417040309518073
209,1316,1525,0.1441938500065704
209,1304,1513,0.14422199554457243
212,1290,1502,0.1442494228394601
215,1290,1505,0.14426729572127328
217,1289,1506,0.14427402490476537
214,1286,1500,0.14427485396818096
216,1298,1514,0.14428388772993736
215,1301,1516,0.14428710033586029
212,1306,1518,0.14429257644232096
206,1301,1507,0.1443066393359365
207,1311,1518,0.14433617716559052
208,1310,1518,0.14436119173358494
214,1310,1524,0.14438102354299887
208,1317,1525,0.14438274351812996
213,1308,1521,0.14440105755942148
210,1298,1508,0.14440530295936857
212,1303,1515,0.1444176999549443
213,1320,1533,0.14442437481775305
212,1308,1520,0.1444281462668096
208,1294,1502,0.14443326750970187
208,1296,1504,0.14444793336709427
207,1303,1510,0.14446137297696734
210,1308,1518,0.14447610917894133
205,1311,1516,0.14448121967776215
207,1302,1509,0.14450014449647727
205,1312,1517,0.1445120933235384
205,1311,1516,0.14452853440148725
202,1310,1512,0.14454414165957202
202,1308,1510,0.14456753319589313
203,1315,1518,0.14458906027404506
204,1311,1515,0.144606804511709
204,1304,1508,0.14462101865500895
207,1321,1528,0.14463446487724396
211,1316,1527,0.14463879457071308
211,1315,1526,0.14463164200882356
206,1306,1512,0.1446265595811156
205,1305,1510,0.1446343856732116
208,1316,1524,0.14464459060995985
206,1313,1519,0.14464630199633308
207,1319,1526,0.1446531857471803
203,1323,1526,0.1446585163314519
204,1323,1527,0.1446739684030318
206,1321,1527,0.1446856362730766
214,1312,1526,0.14469049916993884
213,1315,1528,0.14467339708298615
212,1316,1528,0.14466073682985597
216,1307,1523,0.14465101911373562
204,1299,1503,0.1446317750137156
208,1304,1512,0.1446474355180559
203,1307,1510,0.1446516940446956
205,1308,1513,0.14466809809527714
207,1319,1526,0.1446767915126513
201,1313,1514,0.14468021068542758
200,1327,1527,0.14469924269398873
198,1328,1526,0.1447197635470656
196,1318,1514,0.144743777853836
196,1311,1507,0.14477168084777425
193,1322,1515,0.14479787503021252
195,1332,1527,0.14483071606075143
186,1330,1516,0.14485688904294555
190,1315,1505,0.14490507183760293
193,1327,1520,0.14493941331919602
191,1318,1509,0.14496381195696026
194,1321,1515,0.14499235773549768
193,1328,1521,0.1450106977851171
193,1316,1509,0.14503059213898858
188,1334,1522,0.14504994433582277
188,1334,1522,0.1450813251193451
190,1335,1525,0.14511148000537838
192,1338,1530,0.145134876380285
194,1333,1527,0.14515164394126706
188,1323,1511,0.14516205047078423
190,1329,1519,0.1451877334614826
188,1336,1524,0.14520676964867704
187,1332,1519,0.14522923692131046
183,1336,1519,0.14525280268742172
179,1329,1508,0.1452862821276129
180,1343,1523,0.14532670187174881
180,1338,1518,0.14536307248720806
181,1319,1500,0.1453966568756889
180,1329,1509,0.1454245591602229
181,1337,1518,0.14545370606787827
178,1345,1523,0.1454774000638883
181,1333,1514,0.14550845105481916
181,1341,1522,0.14552971665566836
181,1334,1515,0.14554965059098982
181,1328,1509,0.14556766849301825
183,1319,1502,0.14558378769558816
182,1329,1511,0.14559324109851535
184,1334,1518,0.1456034572670835
183,1341,1524,0.14560821929172033
188,1341,1529,0.14561504911113932
183,1335,1518,0.1456079380853242
180,1321,1501,0.14561472682840124
185,1338,1523,0.14562934150955278
185,1333,1518,0.1456288971175358
178,1329,1507,0.14562920426662257
175,1332,1507,0.14564993102945883
178,1328,1506,0.14567731196597405
176,1326,1502,0.14569364666102805
171,1327,1498,0.1457146672593097
174,1341,1515,0.1457488324337774
175,1333,1508,0.14577253823122485
180,1327,1507,0.145791633367032
176,1319,1495,0.1457960359803827
172,1332,1504,0.14581091268284024
171,1342,1513,0.1458357669053262
169,1334,1503,0.14586189800796429
169,1335,1504,0.14589225005446935
169,1338,1507,0.14592090855223647
165,1355,1520,0.1459484774817839
165,1348,1513,0.14598556778283053
159,1350,1509,0.14601936638110574
162,1354,1516,0.14606709132331958
160,1354,1514,0.14610288894965046
163,1353,1516,0.1461410252007898
159,1346,1505,0.1461690619435769
165,1340,1505,0.14620666475119445
164,1343,1507,0.1462250975310065
164,1354,1518,0.1462445017826086
164,1358,1522,0.14626290941850228
164,1352,1516,0.14628080442948221
165,1354,1519,0.14629754013568877
164,1356,1520,0.1463105376175761
164,1361,1525,0.14632570285475086
161,1369,1530,0.1463396289950326
165,1356,1521,0.1463605393807098
163,1352,1515,0.14636970750281922
166,1349,1515,0.14638410786163494
162,1348,1510,0.14638981197472778
158,1363,1521,0.14640680326461122
162,1372,1534,0.1464331134096559
158,1368,1526,0.1464466488079808
158,1364,1522,0.14647034250265142
161,1370,1531,0.14649213769892305
162,1359,1521,0.14650442597137547
161,1372,1533,0.14651352811823237
161,1355,1516,0.14652428972877943
158,1355,1513,0.1465339846338458
155,1368,1523,0.1465508155308459
155,1357,1512,0.14657501467193548
150,1364,1514,0.14659806737627679
149,1369,1518,0.14663419286551505
152,1365,1517,0.14667077403698867
156,1348,1504,0.14669638467296336
155,1362,1517,0.14671090092245145
156,1350,1506,0.14672697666478413
153,1362,1515,0.14673914245241412
152,1357,1509,0.1467587714085561
145,1351,1496,0.1467802357745999
146,1360,1506,0.14681939889799317
149,1356,1505,0.14685294369430643
149,1357,1506,0.14687584694839081
153,1350,1503,0.14689707189321755
152,1349,1501,0.14690645446360928
151,1369,1520,0.14691811199835592
153,1368,1521,0.1469314535703549
153,1352,1505,0.14693857576600522
153,1364,1517,0.14694513243409216
146,1371,1517,0.14695177270623866
144,1365,1509,0.14697762245109075
144,1366,1510,0.14700753542261527
145,1372,1517,0.14703554066316107
145,1366,1511,0.14705950410563048
146,1368,1514,0.1470816286134452
145,1375,1520,0.14709965766494382
148,1367,1515,0.1471193182986688
150,1355,1505,0.14712934212025292
149,1363,1512,0.14713322774063387
147,1370,1517,0.14713947355940601
141,1372,1513,0.14715066248620878
144,1373,1517,0.1471773127953414
140,1370,1510,0.1471934985245573
143,1366,1509,0.14721903137438785
146,1368,1514,0.14723469469149514
145,1358,1503,0.1472404037337776
147,1357,1504,0.14724879235444202
147,1359,1506,0.14725155274952603
143,1361,1504,0.14725460556015074
144,1368,1512,0.1472682009024147
144,1382,1526,0.14727773286395746
139,1374,1513,0.147286749808882
138,1368,1506,0.14730955204802068
140,1378,1518,0.14733373293289398
137,1376,1513,0.14735033247850945
136,1380,1516,0.1473741121162903
136,1386,1522,0.14739942958281685
136,1376,1512,0.14742329392723563
133,1367,1500,0.14744469968982163
136,1376,1512,0.14747245431636166
131,1384,1515,0.147489973703742
137,1390,1527,0.14752060970331943
135,1390,1525,0.14753262629528607
132,1377,1509,0.14754908896934343
132,1374,1506,0.14757256872409336
134,1374,1508,0.14759442757583965
133,1366,1499,0.14760868310312256
134,1364,1498,0.14762496836206268
134,1359,1493,0.1476369353891038
135,1361,1496,0.1476488046187181
134,1374,1508,0.1476574784103838
131,1378,1509,0.1476677428281635
132,1376,1508,0.14768597653064364
135,1376,1511,0.1477002979791937
136,1373,1509,0.14770482109260644
136,1374,1510,0.14770616806085723
139,1369,1508,0.14770781227604193
142,1378,1520,0.14770085610919118
137,1374,1511,0.14768555064290237
137,1371,1508,0.14768553694246325
136,1369,1505,0.14768600012019792
131,1370,1501,0.14768887471066336
133,1372,1505,0.14770546980415156
127,1373,1500,0.14771536579331732
133,1370,1503,0.14774138823001362
136,1385,1521,0.14774948436348578
137,1381,1518,0.14774869048566822
139,1380,1519,0.14774548039767044
136,1372,1508,0.14773689176249136
133,1376,1509,0.1477370652715274
134,1378,1512,0.14774589052985387
139,1381,1520,0.14775132425310292
138,1389,1527,0.14774233573369983
137,1387,1524,0.14773750670836164
135,1384,1519,0.1477353363495432
134,1379,1513,0.14774019744900044
135,1366,1501,0.1477474789109637
134,1370,1504,0.14775205953809198
135,1373,1508,0.14775960167716
134,1368,1502,0.14776367342364655
137,1378,1515,0.14776999525844586
134,1372,1506,0.14776764865198833
136,1371,1507,0.14777413999708985
137,1365,1502,0.1477741756797984
137,1367,1504,0.14777139508953274
140,1378,1518,0.14776891113617432
140,1379,1519,0.14775834106660496
136,1373,1509,0.14774910478124167
138,1372,1510,0.1477515474127776
136,1377,1513,0.1477482153423085
134,1384,1518,0.14775102247980476
134,1375,1509,0.14775916545394474
131,1371,1502,0.14776665323628252
133,1377,1510,0.14778181449915695
135,1384,1519,0.1477902658743332
134,1369,1503,0.14779180864177727
134,1382,1516,0.1477962173442416
138,1372,1510,0.14779950287519664
140,1380,1520,0.1477912927054357
138,1378,1516,0.14777894579799852
138,1382,1520,0.14777457950465486
137,1386,1523,0.14777121439447016
131,1392,1523,0.14776995780945165
132,1396,1528,0.14778535392973877
133,1399,1532,0.14779655643711487
135,1395,1530,0.14780436476419387
132,1392,1524,0.14780610686281861
131,1393,1524,0.1478157361534007
132,1395,1527,0.1478269211850761
130,1398,1528,0.14783467719638563
129,1399,1528,0.147847627614782
134,1398,1532,0.1478621724182285
133,1388,1521,0.1478618457114265
132,1387,1519,0.14786533380684144
130,1388,1518,0.14787069972720646
131,1387,1518,0.14788154936777792
132,1385,1517,0.14788826013453765
131,1380,1511,0.1478911480598749
136,1384,1520,0.14789681704880994
139,1396,1535,0.1478881854560888
141,1390,1531,0.14787203897711357
139,1393,1532,0.1478517771613416
141,1384,1525,0.1478386471779778
142,1381,1523,0.14782102775635755
135,1379,1514,0.14780249122685077
134,1373,1507,0.14780579332512256
134,1379,1513,0.1478108327198211
134,1384,1518,0.147815584908322
133,1380,1513,0.1478198173563853
128,1391,1519,0.14782718026819888
129,1402,1531,0.14784767824563294
130,1385,1515,0.1478637389841208
132,1388,1520,0.14787592390404344
137,1388,1525,0.14788184440984486
140,1383,1523,0.1478737695117735
143,1372,1515,0.14785731441218697
141,1360,1501,0.1478340958709038
140,1368,1508,0.14781852589946798
139,1374,1513,0.14780673469211988
135,1368,1503,0.14779830625040336
134,1364,1498,0.1478013304142075
137,1371,1508,0.147806923529909
136,1387,1523,0.14780364043485006
139,1391,1530,0.14780369815344094
142,1381,1523,0.14779467805196883
142,1379,1521,0.1477776862174549
141,1380,1521,0.14776145760527595
142,1372,1514,0.14774900015832962
139,1379,1518,0.14773465550754775
135,1373,1508,0.14772915062078287
135,1385,1520,0.14773529895814452
136,1386,1522,0.14774081419605412
133,1383,1516,0.14774293215370993
134,1380,1514,0.14775333348333525
135,1394,1529,0.14776015622378932
136,1391,1527,0.1477636768195424
135,1389,1524,0.14776393973586047
135,1386,1521,0.14776690026285288
140,1386,1526,0.14777005265658813
143,1388,1531,0.14775834884289113
142,1375,1517,0.14773903170067387
140,1372,1512,0.14772377109471854
141,1379,1520,0.1477146774330393
139,1375,1514,0.1477035582109786
141,1379,1520,0.14769911469765395
144,1377,1521,0.1476895698315992
140,1385,1525,0.14767257853740987
139,1377,1516,0.14766777941775197
141,1394,1535,0.14766565023244577
139,1392,1531,0.1476579268347202
137,1377,1514,0.14765682637741376
135,1379,1514,0.14766143869533413
137,1374,1511,0.14767126700376987
140,1390,1530,0.1476746105810575
140,1392,1532,0.1476684938877531
138,1390,1528,0.14766250066536105
137,1391,1528,0.14766291292721148
136,1384,1520,0.14766587783277596
141,1375,1516,0.14767194074152423
138,1373,1511,0.14766324529473457
140,1373,1513,0.14766361165265424
143,1363,1506,0.1476576343702752
144,1377,1521,0.1476431050631114
142,1368,1510,0.14762727972574782
140,1374,1514,0.14761807160156656
141,1362,1503,0.14761515401195122
137,1356,1493,0.14760957518538664
136,1362,1498,0.14761549486019884
134,1382,1516,0.14762366291603102
133,1390,1523,0.14763670618339014
135,1389,1524,0.1476520722357437
131,1382,1513,0.14766116584487063
133,1372,1505,0.14768093398555718
132,1372,1504,0.14769393136430534
130,1377,1507,0.14770909801392734
133,1368,1501,0.14772904224031966
135,1372,1507,0.1477392933165983
131,1361,1492,0.1477435008501065
136,1376,1512,0.14775772460823408
134,1379,1513,0.1477577779931764
132,1387,1519,0.14776389158685396
131,1382,1513,0.14777416553249506
132,1385,1517,0.14778644782122657
130,1389,1519,0.1477959001818437
127,1402,1529,0.14781057284909838
134,1405,1539,0.1478331200177151
133,1389,1522,0.14783478732346902
126,1390,1516,0.14783948821315535
126,1405,1531,0.14786277405327217
124,1406,1530,0.14788460936728975
127,1393,1520,0.14790993772124258
125,1371,1496,0.14792528716167835
127,1365,1492,0.14794471424654368
124,1371,1495,0.14795781456316687
127,1379,1506,0.14797904490397054
130,1395,1525,0.14799137971287707
130,1386,1516,0.14799494469113517
128,1383,1511,0.1479981553196069
124,1379,1503,0.1480069820523432
123,1380,1503,0.14802697402477494
126,1385,1511,0.1480482118638916
122,1395,1517,0.1480599557341469
127,1402,1529,0.14808128597597164
126,1391,1517,0.14808765466227705
125,1387,1512,0.148096471286907
122,1367,1489,0.14810763843802813
121,1383,1504,0.1481269057579007
121,1379,1500,0.1481472630872477
119,1382,1501,0.14816630373682335
118,1389,1507,0.14818874288843295
116,1396,1512,0.1482117006638778
118,1395,1513,0.148238807330202
119,1403,1522,0.1482584425903886
118,1397,1515,0.14827406858675435
120,1398,1518,0.14829194364349949
119,1390,1509,0.14830374722776077
122,1398,1520,0.14831793995062956
121,1396,1517,0.14832322561917452
123,1396,1519,0.1483313012123492
123,1395,1518,0.14833371529699452
119,1401,1520,0.14833607188403405
120,1396,1516,0.1483489161484816
123,1395,1518,0.1483581289792733
125,1402,1527,0.1483580414608943
121,1398,1519,0.14835224513417963
120,1392,1512,0.14835936003774772
114,1394,1508,0.14836835281733887
110,1406,1516,0.14839396412528064
108,1394,1502,0.14842830589508377
111,1400,1511,0.14846553120218717
112,1402,1514,0.14849244163787276
113,1409,1522,0.14851436695712217
113,1409,1522,0.14853236963762007
112,1419,1531,0.14854960469054512
114,1415,1529,0.14856868233182258
112,1407,1519,0.14858134983152824
113,1409,1522,0.14859892921634119
114,1396,1510,0.14861255151485292
112,1379,1491,0.14862218900455315
114,1391,1505,0.1486367524050397
117,1395,1512,0.14864520687545799
116,1393,1509,0.1486446593866753
117,1392,1509,0.14864683532197528
112,1411,1523,0.1486470682541524
112,1404,1516,0.14866176662238575
109,1397,1506,0.14867609542126792
109,1404,1513,0.1486976419646085
110,1403,1513,0.14871787078653087
108,1402,1510,0.14873369495712357
109,1411,1520,0.14875458854666515
110,1412,1522,0.14877091115910746
104,1415,1519,0.14878377162501594
105,1405,1510,0.14881218936471904
106,1397,1503,0.1488362929944705
110,1412,1522,0.14885612867988784
106,1402,1508,0.1488635329320009
107,1405,1512,0.1488815418545781
108,1408,1516,0.14889571772104593
108,1409,1517,0.1489061382170765
106,1415,1521,0.14891598473817041
105,1398,1503,0.14893074694304886
106,1400,1506,0.14894690679613276
104,1403,1507,0.14895951653058676
105,1401,1506,0.14897700629264046
105,1401,1506,0.14899032712518814
106,1410,1516,0.14900321313797288
104,1409,1513,0.14901210963091896
107,1402,1509,0.14902597860531114
108,1397,1505,0.1490307268276761
110,1404,1514,0.14903255318567638
107,1407,1514,0.14902840425907124
110,1409,1519,0.14903323009945374
110,1412,1522,0.14902963968531702
111,1406,1517,0.14902641701436575
107,1406,1513,0.14901999017218337
107,1404,1511,0.14902473101845115
111,1396,1507,0.14902948900320573
110,1397,1507,0.14902199914399772
113,1400,1513,0.14901768541738503
113,1412,1525,0.14900552513132256
110,1402,1512,0.14899433936889983
115,1398,1513,0.14899203897930452
114,1397,1511,0.14897661995468206
114,1411,1525,0.14896519020742918
111,1408,1519,0.14895458609004755
112,1411,1523,0.1489533920370146
110,1399,1509,0.1489493566904048
112,1408,1520,0.14895040765678974
113,1414,1527,0.14894536671884726
110,1412,1522,0.14893781532458333
110,1408,1518,0.14893902740149623
111,1408,1519,0.148939941514195
108,1410,1518,0.1489381393498608
106,1416,1522,0.14894447782420278
105,1416,1521,0.14895642758932642
106,1415,1521,0.14897037325889267
107,1416,1523,0.14898068730893746
103,1419,1522,0.14898770795515887
103,1409,1512,0.14900603526165657
102,1414,1516,0.14902353737987695
101,1406,1507,0.14904264067313786
97,1409,1506,0.14906279905171924
99,1408,1507,0.14909287176170094
99,1407,1506,0.14911534532686704
101,1419,1520,0.1491362817263817
99,1428,1527,0.14915008564722101
97,1429,1526,0.14916884516251605
98,1421,1519,0.1491918487416354
95,1416,1511,0.14921014490394302
97,1416,1513,0.1492358887556215
95,1420,1515,0.1492542003877208
95,1418,1513,0.14927705561367038
97,1429,1526,0.14929848251345934
96,1436,1532,0.14931275088267332
90,1442,1532,0.14932948635553164
91,1436,1527,0.14936147946174536
85,1430,1515,0.149388655002682
88,1425,1513,0.14943042175563132
83,1426,1509,0.14946123701958322
85,1431,1516,0.14950414689890779
81,1441,1522,0.14953859281177162
80,1444,1524,0.14958184635834051
80,1445,1525,0.14962483454630543
80,1438,1518,0.14966485453194886
82,1426,1508,0.149702590354765
81,1425,1506,0.14973124948426528
82,1421,1503,0.14976090211379553
86,1433,1519,0.14978575185764195
83,1426,1509,0.14979781176948662
85,1436,1521,0.14981817209281723
84,1444,1528,0.1498317824582764
86,1435,1521,0.1498474226143981
83,1438,1521,0.14985623753330377
82,1450,1532,0.1498728691796978
81,1448,1529,0.14989162220384933
83,1431,1514,0.14991226849914782
80,1430,1510,0.14992596308144665
81,1437,1518,0.14994732085645351
79,1437,1516,0.14996425591762524
77,1431,1508,0.14998591091570074
80,1435,1515,0.15001236541859403
78,1429,1507,0.15002860146935482
75,1430,1505,0.15004916746277241
77,1434,1511,0.15007660527199945
78,1435,1513,0.15009622411585036
79,1434,1513,0.1501116618572082
77,1410,1487,0.15012340650614336
75,1414,1489,0.15014001527537224
80,1412,1492,0.15016140927337557
79,1425,1504,0.15016720598152125
80,1430,1510,0.15017552458551242
80,1444,1524,0.15018049026434038
79,1447,1526,0.15018503965012628
77,1432,1509,0.15019223322774036
79,1423,1502,0.15020479180863006
79,1426,1505,0.15021112969742284
78,1421,1499,0.15021726710894412
82,1425,1507,0.15022589150267873
82,1441,1523,0.1502227969956549
83,1433,1516,0.15022003520988902
80,1426,1506,0.1502148578964841
78,1442,1520,0.15021897108848659
78,1438,1516,0.15022891961806192
79,1426,1505,0.1502383664660652
76,1439,1515,0.1502439746364737
74,1447,1521,0.15025755390294232
75,1445,1520,0.15027605552327644
76,1446,1522,0.150290671212865
76,1427,1503,0.15030174222506548
75,1453,1528,0.15031216118486324
73,1447,1520,0.15032467177902617
72,1450,1522,0.15034198224407266
73,1456,1529,0.15036085257294182
73,1435,1508,0.15037558686740904
69,1433,1502,0.15038933535590504
69,1438,1507,0.15041389565571653
75,1440,1515,0.15043673621314443
77,1429,1506,0.15044034422350538
73,1440,1513,0.15043817829341943
74,1437,1511,0.15044716582318757
72,1439,1511,0.15045250371400423
72,1448,1520,0.15046320793595158
72,1448,1520,0.15047318271315982
73,1447,1520,0.15048278754853847
74,1439,1513,0.15048926222758996
73,1441,1514,0.1504927069554274
73,1443,1516,0.15049945515626584
70,1456,1526,0.15050595398906197
70,1446,1516,0.15052093061995261
69,1450,1519,0.15053490786639628
72,1446,1518,0.15055099620030168
74,1444,1518,0.15055758533775762
74,1440,1514,0.1505580615482141
71,1449,1520,0.15055866143546104
72,1452,1524,0.15056820857249525
72,1451,1523,0.1505739451657047
76,1442,1518,0.15057929525956884
79,1434,1513,0.15057294069108887
78,1432,1510,0.15055873600735017
77,1437,1514,0.15054850967523437
75,1447,1522,0.15054144171599707
75,1445,1520,0.15054048742808807
74,1431,1505,0.15053962050104466
76,1427,1503,0.1505414805426157
76,1440,1516,0.15053761911353805
75,1442,1517,0.15053392569203988
72,1449,1521,0.15053346025628944
71,1442,1513,0.15054175984412718
68,1451,1519,0.15055294548713405
68,1441,1509,0.1505725769235435
69,1435,1504,0.15059114611246133
66,1444,1510,0.1506058308923523
67,1440,1507,0.15062807756954383
63,1446,1509,0.15064609933421694
63,1452,1515,0.15067446060739217
62,1454,1516,0.15070092871860463
62,1458,1520,0.15072854629496107
63,1469,1532,0.1507543364153935
62,1468,1530,0.15077564200268204
64,1464,1528,0.15079843278228064
62,1461,1523,0.1508140719977915
63,1457,1520,0.1508343479036482
60,1447,1507,0.1508504896108769
59,1452,1511,0.1508741749510398
59,1455,1514,0.1508991009409283
61,1453,1514,0.15092242861028665
62,1457,1519,0.15093840229359012
60,1456,1516,0.1509505878261381
57,1459,1516,0.15096769347914413
54,1448,1502,0.15099255888842264
56,1454,1510,0.15102411522425466
57,1460,1517,0.15104766657225085
59,1461,1520,0.1510668351443326
62,1453,1515,0.15107903853627125
61,1446,1507,0.15108158436098726
60,1458,1518,0.15108749175826852
60,1465,1525,0.15109607987571072
61,1471,1532,0.15110421554822667
61,1464,1525,0.15110903861134137
62,1455,1517,0.15111365753494302
62,1454,1516,0.15111525497472392
61,1464,1525,0.1511169159484888
59,1471,1530,0.15112147892265945
60,1464,1524,0.15113160381584423
59,1460,1519,0.15113819977291032
56,1455,1511,0.15114722982838472
57,1447,1504,0.15116416201665228
56,1455,1511,0.15117698753709025
58,1454,1512,0.1511916055082291
60,1469,1529,0.15119953809432699
58,1475,1533,0.15120025729079023
58,1464,1522,0.15120654652367932
58,1464,1522,0.1512123294338964
59,1471,1530,0.15121731154125678
60,1476,1536,0.1512189328412932
53,1471,1524,0.15121749516251218
52,1465,1517,0.1512364121036334
55,1468,1523,0.15125664848339884
57,1471,1528,0.15126677739609926
58,1473,1531,0.1512704389429325
56,1475,1531,0.15127114280867043
53,1460,1513,0.1512778721742403
53,1467,1520,0.15129307650334245
54,1471,1525,0.15130724011523408
56,1465,1521,0.15131722638898304
57,1469,1526,0.15132064917768012
58,1451,1509,0.15132124159064464
56,1449,1505,0.151318579934861
57,1457,1514,0.15132197475875286
58,1460,1518,0.15132209286189435
57,1461,1518,0.15131929203987612
58,1459,1517,0.15131959750334978
59,1464,1523,0.15131698844751512
59,1454,1513,0.15131186970024882
60,1464,1524,0.15130720808614603
59,1453,1512,0.1512999527774315
55,1464,1519,0.15129597377658816
54,1476,1530,0.1513043612241302
56,1476,1532,0.15131494122747555
55,1472,1527,0.15131899683872585
55,1460,1515,0.1513258600711729
57,1464,1521,0.15133268034554928
56,1452,1508,0.15133336266491512
56,1455,1511,0.15133701003497288
55,1464,1519,0.15134046440770374
54,1461,1515,0.15134657358853956
54,1455,1509,0.1513552863024912
54,1455,1509,0.15136354950002254
53,1458,1511,0.15137178555353886
52,1459,1511,0.15138245435453448
52,1450,1502,0.15139524675511368
53,1459,1512,0.15140721684904196
54,1458,1512,0.15141552480887632
54,1463,1517,0.1514204337524433
54,1467,1521,0.15142514807693377
52,1452,1504,0.15142957482613473
51,1455,1506,0.1514391387080751
52,1452,1504,0.15145091438719652
48,1454,1502,0.15145889183550554
49,1454,1503,0.1514780600249045
51,1457,1508,0.15149328700360878
53,1472,1525,0.15150174775476047
55,1459,1514,0.15150375700307564
54,1456,1510,0.15149951585160162
50,1467,1517,0.15149851254091506
54,1466,1520,0.1515090882165555
54,1459,1513,0.15150724059787193
54,1458,1512,0.15150558804461847
53,1461,1514,0.15150403836606716
52,1465,1517,0.1515057611176452
52,1464,1516,0.1515101827825579
51,1455,1506,0.1515143039041259
49,1455,1504,0.1515209987320294
51,1454,1505,0.15153303013566735
50,1461,1511,0.15153826138375803
49,1467,1516,0.1515460600209589
48,1471,1519,0.15155617234869653
49,1466,1515,0.15156786126709787
47,1467,1514,0.1515759454719601
45,1473,1518,0.1515898392083563
44,1461,1505,0.15160840976938947
43,1472,1515,0.15162864865959214
44,1467,1511,0.15165060235477015
47,1470,1517,0.15166820888753763
46,1472,1518,0.15167554585691037
47,1460,1507,0.1516854369052447
45,1472,1517,0.15169182850896543
46,1468,1514,0.1517038290674745
47,1456,1503,0.1517121867394965
47,1443,1490,0.15171710818406267
44,1447,1491,0.15172168808764672
45,1448,1493,0.1517352231054077
46,1455,1501,0.15174469049353573
46,1464,1510,0.1517506528627918
45,1471,1516,0.1517566782437753
44,1464,1508,0.15176527156979103
44,1460,1504,0.15177625831965075
42,1465,1507,0.15178649463430202
42,1467,1509,0.1518021108805975
41,1467,1508,0.15181672298711038
39,1451,1490,0.15183321039887848
41,1458,1499,0.15185451066829012
42,1458,1500,0.15186825318042518
44,1462,1506,0.15187836089722048
42,1483,1525,0.15188210187385992
43,1464,1507,0.15189165350878653
47,1461,1508,0.1518976858057877
48,1481,1529,0.15189119098669385
48,1473,1521,0.15188233311609708
46,1481,1527,0.1518741898173223
45,1478,1523,0.15187268218381608
47,1483,1530,0.15187425041136707
45,1483,1528,0.1518697922261593
45,1475,1520,0.15187152373323307
45,1461,1506,0.15187308139854352
45,1483,1528,0.15187450416502887
45,1475,1520,0.1518758554388753
44,1460,1504,0.15187714425810395
43,1463,1506,0.1518812901933531
42,1462,1504,0.15188800683678313
42,1457,1499,0.15189714020609954
42,1456,1498,0.15190555496507158
43,1458,1501,0.15191339509533816
43,1458,1501,0.15191760970994264
44,1465,1509,0.15192156545182578
45,1451,1496,0.15192232972255965
48,1468,1516,0.15191973508555612
49,1474,1523,0.151908122588532
49,1465,1514,0.15189443994012972
53,1467,1520,0.15188167230574062
52,1468,1520,0.15185762694568156
54,1459,1513,0.15183821108041204
54,1451,1505,0.1518142112115688
53,1461,1514,0.15179186117990565
54,1456,1510,0.1517739354154005
53,1464,1517,0.1517544033436891
50,1449,1499,0.1517387597518676
47,1461,1508,0.15173278820558608
47,1443,1490,0.151735996509825
48,1445,1493,0.15173883067884752
50,1461,1511,0.15173816042136987
54,1476,1530,0.1517315658725958
54,1478,1532,0.15171314871897512
54,1481,1535,0.15169595813464212
52,1471,1523,0.15167995293140735
49,1467,1516,0.1516708433511612
50,1469,1519,0.1516713393071039
47,1472,1519,0.15166880742204505
49,1477,1526,0.1516754887598198
50,1468,1518,0.15167571344457895
49,1454,1503,0.1516729424325117
50,1455,1505,0.1516733351254086
52,1454,1506,0.15167056112103222
51,1463,1514,0.15166171787923952
51,1468,1519,0.15165652965714357
49,1471,1520,0.15165169372753096
49,1463,1512,0.15165296743516307
52,1457,1509,0.15165432040655813
53,1456,1509,0.151646416015909
52,1467,1519,0.1516360042165864
54,1474,1528,0.15162935565195987
54,1481,1535,0.1516169719848126
54,1465,1519,0.15160554196718168
54,1453,1507,0.15159460526426521
53,1467,1520,0.1515842070045704
55,1461,1516,0.1515773291997932
56,1450,1506,0.15156470534903044
53,1462,1515,0.15154962206148948
54,1464,1518,0.15154432662973008
53,1475,1528,0.15153631239028706
55,1476,1531,0.15153175359459134
52,1471,1523,0.15152150251709925
52,1477,1529,0.15152096454943842
52,1466,1518,0.15152036001623176
49,1479,1528,0.15151951176906578
48,1470,1518,0.15152790813209127
47,1481,1528,0.1515387785668204
46,1485,1531,0.1515520353095674
46,1483,1529,0.15156748637077275
46,1475,1521,0.1515819351089345
47,1471,1518,0.15159528740544054
47,1476,1523,0.15160477291027896
46,1472,1518,0.15161362811326687
47,1471,1518,0.15162518354933993
46,1474,1520,0.15163309287488108
47,1465,1512,0.15164348830308083
47,1473,1520,0.15165001812932727
44,1470,1514,0.15165601607115622
43,1461,1504,0.1516706751071894
41,1463,1504,0.15168754033984005
40,1442,1482,0.15170949269403602
40,1449,1489,0.15173300800247433
38,1463,1501,0.15175495718330484
38,1469,1507,0.15178166603455787
38,1458,1496,0.15180660930355347
37,1472,1509,0.1518299167097253
39,1467,1506,0.15185472312650225
39,1469,1508,0.15187197099829866
39,1476,1515,0.15188817581190975
42,1473,1515,0.15190343439217707
43,1480,1523,0.15190870302069928
42,1479,1521,0.15191081882274568
41,1469,1510,0.15191591678957334
40,1482,1522,0.15192383104748283
41,1485,1526,0.15193432659172873
41,1478,1519,0.15194124434400827
41,1473,1514,0.1519480496521469
40,1487,1527,0.15195454606795716
40,1484,1524,0.15196374721793623
41,1481,1522,0.15197241870055414
43,1485,1528,0.15197758686185614
43,1484,1527,0.1519764223685756
44,1484,1528,0.15197541112398683
44,1476,1520,0.15197134300761864
43,1473,1516,0.15196756937584957
44,1481,1525,0.15196656283259524
44,1482,1526,0.1519626021175971
42,1483,1525,0.1519588981255774
43,1466,1509,0.15196134277661957
43,1467,1510,0.15196055380429194
45,1466,1511,0.1519595969272828
47,1484,1531,0.15195273801909936
46,1476,1522,0.15194011380471345
46,1480,1526,0.15193152337227286
46,1471,1517,0.1519232715998374
48,1466,1514,0.1519154886756741
46,1467,1513,0.15190217431389003
46,1476,1522,0.15189571814281408
46,1469,1515,0.15188961943129045
45,1464,1509,0.1518838683764317
46,1478,1524,0.15188154378886937
47,1483,1530,0.15187619462056565
45,1476,1521,0.15186802187510795
44,1463,1507,0.15186648784650575
41,1460,1501,0.15186801782732126
39,1464,1503,0.15187841287704862
40,1473,1513,0.1518942055735624
39,1481,1520,0.15190583635180724
39,1462,1501,0.1519196621946313
40,1466,1506,0.15193261738361985
39,1475,1514,0.15194185900153095
39,1468,1507,0.15195359314292042
41,1463,1504,0.1519646204484287
42,1470,1512,0.1519690200951999
42,1486,1528,0.15197031311643425
42,1482,1524,0.15197164640398242
44,1473,1517,0.15197292931350426
45,1478,1523,0.151967890707887
46,1479,1525,0.1519602807365163
45,1480,1525,0.15195019619354605
43,1480,1523,0.15194379381764966
42,1479,1521,0.15194375676105798
42,1472,1514,0.15194690451257212
41,1467,1508,0.15194975708632694
42,1475,1517,0.1519553213994211
41,1472,1513,0.15195755694558014
41,1486,1527,0.15196283974281877
40,1490,1530,0.15196782188724126
40,1481,1521,0.1519757191612567
40,1476,1516,0.1519831491115913
37,1470,1507,0.15199014594736823
40,1468,1508,0.15200572982243105
38,1469,1507,0.15201097329294014
38,1458,1496,0.15202210866949403
37,1450,1487,0.15203253429482413
38,1453,1491,0.15204549430121875
36,1463,1499,0.15205444742711083
37,1473,1510,0.15206871176547307
35,1474,1509,0.15207911732017063
34,1452,1486,0.15209500674165935
34,1470,1504,0.1521134939342004
35,1466,1501,0.15213091173522839
36,1473,1509,0.15214422783180812
35,1481,1516,0.15215357228727033
35,1479,1514,0.15216534723960332
34,1475,1509,0.15217638000957442
34,1475,1509,0.15218975376441146
36,1479,1515,0.15220223485341788
36,1467,1503,0.15220767190815232
35,1470,1505,0.15221281749719837
32,1476,1508,0.15222069949496164
32,1491,1523,0.1522372699716128
30,1491,1521,0.1522527566347161
35,1498,1533,0.15227343679840785
34,1500,1534,0.1522772185174787
32,1485,1517,0.1522837511338264
33,1481,1514,0.1522958957773057
35,1487,1522,0.15230414739440648
35,1483,1518,0.15230580628316637
34,1480,1514,0.15230758258739172
35,1473,1508,0.15231217873341868
34,1475,1509,0.15231345771987706
33,1474,1507,0.15231772532541318
33,1480,1513,0.15232472108138043
33,1472,1505,0.15233122921179926
34,1473,1507,0.15233735430447304
32,1468,1500,0.15234007243666917
32,1470,1502,0.15234918704500058
31,1481,1512,0.15235770411269134
32,1481,1513,0.15236874393731362
30,1479,1509,0.1523760381146193
31,1480,1511,0.1523889600028321
31,1489,1520,0.1523980395035915
30,1488,1518,0.1524065120676087
29,1488,1517,0.15241743565327984
29,1474,1503,0.15243063870130377
29,1480,1509,0.15244296666804144
28,1481,1509,0.15245448805860196
28,1490,1518,0.15246830593391045
25,1487,1512,0.1524812344577567
25,1490,1515,0.1525026681153195
24,1496,1520,0.15252273021041682
22,1493,1515,0.15254474521283456
22,1500,1522,0.15257170136481701
21,1504,1525,0.15259704926087425
22,1513,1535,0.15262398846066066
21,1497,1518,0.1526462129571798
19,1500,1519,0.15267020591929126
19,1487,1506,0.15269895770476666
19,1488,1507,0.1527259401874307
21,1478,1499,0.1527512818208513
23,1477,1500,0.1527687163236942
23,1481,1504,0.1527787918217179
23,1495,1518,0.15278824649820055
23,1485,1508,0.1527972606527345
24,1480,1504,0.15280576176840122
23,1488,1511,0.15281068516841192
23,1482,1505,0.15281852277652352
21,1494,1515,0.15282595489973527
21,1490,1511,0.1528391167948815
20,1493,1513,0.15285146320789725
20,1494,1514,0.1528661893216087
20,1494,1514,0.15288008289644672
20,1490,1510,0.15289315095925604
18,1509,1527,0.15290542865677403
19,1501,1520,0.15292315040926455
20,1497,1517,0.15293660747676974
20,1483,1503,0.15294610802740619
18,1482,1500,0.15295502970359048
17,1470,1487,0.15296963782558565
17,1481,1498,0.15298643652263536
17,1493,1510,0.15300214331761544
16,1496,1512,0.15301685912701857
16,1488,1504,0.15303374068954972
16,1492,1508,0.1530495738500784
16,1501,1517,0.1530644150431358
15,1502,1517,0.1530783261131777
15,1498,1513,0.1530945035030141
16,1497,1513,0.15310968358716395
15,1482,1497,0.15312082644470693
15,1494,1509,0.1531343723719922
15,1497,1512,0.15314710711530236
14,1509,1523,0.15315907723660213
13,1506,1519,0.15317343752608725
12,1502,1514,0.153190025777701
12,1509,1521,0.15320871584475104
12,1498,1510,0.15322624570464424
13,1502,1515,0.15324268841643487
13,1508,1521,0.15325494817684496
13,1501,1514,0.15326647655939915
13,1500,1513,0.153277313650945
13,1511,1524,0.15328749873458405
13,1499,1512,0.15329707052938132
12,1499,1511,0.15330606596312485
11,1501,1512,0.15331776599245056
11,1504,1515,0.15333190557989423
11,1498,1509,0.15334518892281138
9,1494,1503,0.15335766390373531
9,1497,1506,0.1533756878827309
9,1496,1505,0.153392617818499
10,1499,1509,0.15340851050096796
10,1502,1512,0.15342024197138265
10,1497,1507,0.1534313083850455
8,1517,1525,0.15344171846907362
8,1513,1521,0.1534578543886231
9,1506,1515,0.1534729986609755
9,1512,1521,0.15348402243384668
9,1504,1513,0.153494378817272
9,1500,1509,0.15350411411951875
10,1517,1527,0.15351326511262242
11,1515,1526,0.15351868337020055
11,1511,1522,0.1535206781031408
11,1527,1538,0.15352261645947482
11,1521,1532,0.1535244761619935
11,1507,1518,0.15352624912010143
11,1521,1532,0.15352793356570815
11,1503,1514,0.1535295303721659
11,1506,1517,0.15353104172293525
11,1513,1524,0.15353247050933758
11,1513,1524,0.15353382001119217
11,1510,1521,0.15353509370858934
11,1517,1528,0.15353629516303846
10,1516,1526,0.15353742793918063
10,1508,1518,0.1535416611315592
10,1506,1516,0.1535455897706349
10,1513,1523,0.15354926355118675
11,1506,1517,0.15355270549978595
11,1498,1509,0.15355275533223675
9,1493,1502,0.15355285672944266
9,1487,1496,0.15355935072143523
8,1484,1492,0.1535654174535115
8,1498,1506,0.15357430282384585
8,1495,1503,0.1535826235424836
8,1499,1507,0.1535904211349448
7,1504,1511,0.1535977343656091
7,1513,1520,0.1536077625626529
7,1492,1499,0.15361715413610294
7,1506,1513,0.15362596020624245
8,1504,1512,0.15363422371985958
8,1500,1508,0.153638796929417
7,1496,1503,0.15364310180423776
7,1502,1509,0.1536503488954725
6,1501,1507,0.15365715981485212
6,1499,1505,0.15366673813858983
6,1495,1501,0.1536756863206069
6,1499,1505,0.15368407644287044
6,1497,1503,0.15369195061846896
6,1511,1517,0.1536993440202977
6,1510,1516,0.15370628806137276
7,1519,1526,0.15371281144180937
7,1517,1524,0.1537157268724529
8,1520,1528,0.15371849004514918
8,1504,1512,0.15371790427839552
8,1510,1518,0.1537174244617564
7,1499,1506,0.15371700193510535
7,1516,1523,0.15371981921571745
7,1506,1513,0.15372247088536478
7,1520,1527,0.15372496032279465
6,1516,1522,0.15372729873124644
6,1514,1520,0.1537326930289377
6,1519,1525,0.1537377560450766
6,1525,1531,0.1537425035526372
7,1530,1537,0.1537469578550317
7,1533,1540,0.15374793361302141
6,1517,1523,0.15374885738588426
6,1520,1526,0.15375293325598613
5,1516,1521,0.1537567206438128
5,1526,1531,0.15376345580803374
5,1527,1532,0.1537698012029046
5,1520,1525,0.15377575395299295
5,1507,1512,0.15378134048113887
5,1510,1515,0.15378658525811661
5,1513,1518,0.15379151062845
5,1520,1525,0.1537961371129661
5,1512,1517,0.1538004836555022
5,1517,1522,0.15380456781136714
6,1516,1522,0.15380840589549494
6,1523,1529,0.1538088044032538
6,1528,1534,0.1538092074600569
6,1525,1531,0.1538096025177029
6,1520,1526,0.1538099838745815
6,1511,1517,0.1538103493329463
5,1518,1523,0.1538106980172711
4,1515,1519,0.15381424348507924
4,1504,1508,0.1538207683079608
4,1500,1504,0.153826871716247
4,1499,1503,0.1538325904527599
4,1507,1511,0.15383795455578445
3,1510,1513,0.15384298902008353
3,1503,1506,0.15385094808180408
3,1492,1495,0.15385841146672863
3,1505,1508,0.1538654150738673
3,1503,1506,0.15387199146801314
3,1514,1517,0.15387816884651856
4,1503,1507,0.15388397272214704
4,1499,1503,0.15388619227246508
3,1498,1501,0.15388830049373392
3,1509,1512,0.1538935273746051
3,1520,1523,0.1538984031257589
3,1524,1527,0.15390297766555508
3,1523,1526,0.15390727403848178
3,1512,1515,0.153911310782104
3,1501,1504,0.1539151044034026
3,1508,1511,0.15391867004649387
3,1513,1516,0.15392202175660663
3,1521,1524,0.15392517262202593
3,1519,1522,0.15392813486950263
3,1519,1522,0.15393091993795016
3,1510,1513,0.1539335385400179
3,1501,1504,0.15393600071573743
3,1507,1510,0.1539383158803152
3,1515,1518,0.15394049286724937
3,1512,1515,0.153942539967538
3,1495,1498,0.15394446496553585
3,1497,1500,0.1539462751718917
3,1515,1518,0.1539479774539165
3,1503,1506,0.15394957826367064
3,1515,1518,0.15395108366401042
3,1508,1511,0.15395249935279734
3,1510,1513,0.1539538306854433
3,1501,1504,0.15395508269593963
4,1502,1506,0.15395626011649866
4,1508,1512,0.153954129810714
4,1508,1512,0.15395213533725272
4,1515,1519,0.15395027009802217
4,1513,1517,0.15394852330794376
4,1521,1525,0.15394688602930726
4,1538,1542,0.1539453504980956
3,1536,1539,0.1539439097573197
3,1533,1536,0.15394580703411426
3,1522,1525,0.15394755170838262
3,1518,1521,0.1539491802566282
3,1510,1513,0.15395070499804323
3,1515,1518,0.15395213435122296
3,1514,1517,0.15395347521985203
2,1518,1520,0.1539547336689258
2,1507,1509,0.1539591653660985
2,1512,1514,0.15396331787062711
2,1523,1525,0.15396721231149135
1,1522,1523,0.15397086796681375
1,1526,1527,0.1539775536691773
1,1517,1518,0.15398384018031155
1,1513,1514,0.15398974486336756
1,1508,1509,0.15399529224574604
1,1504,1505,0.15400050492615175
1,1512,1513,0.15400540380001992
1,1521,1522,0.15401000830061984
1,1513,1514,0.15401433655041796
1,1523,1524,0.15401840547264228
1,1522,1523,0.154022230885125
1,1521,1522,0.15402582758404076
1,1529,1530,0.15402920941995077
1,1524,1525,0.15403238936701988
1,1518,1519,0.154035379585959
1,1529,1530,0.15403819148124664
1,1526,1527,0.1540408357532149
0,1519,1519,0.1540433224455728
