1345,29,1374,0.13584096411744226
1386,29,1415,0.13308431161852396
1407,30,1437,0.13045329895195656
1411,31,1442,0.1279952782952041
1412,31,1443,0.12574261266740228
1430,32,1462,0.12368598989766057
1442,33,1475,0.12176413789117685
1453,33,1486,0.1199819313913009
1452,32,1484,0.11833020848481929
1448,31,1479,0.11682817113152386
1457,31,1488,0.11546943690330258
1456,32,1488,0.11420992390158358
1479,31,1510,0.11306525049670915
1470,33,1503,0.11196752791704935
1469,34,1503,0.11098927485157745
1470,33,1503,0.11010080694705436
1474,34,1508,0.10928934309339514
1473,34,1507,0.10854112155628882
1467,36,1503,0.10786194479773221
1460,35,1495,0.10725699669534966
1467,36,1503,0.10672175291524386
1468,36,1504,0.10621875120688079
1458,38,1496,0.10575829915659053
1445,39,1484,0.10536125409945005
1451,40,1491,0.10502811351812465
1463,40,1503,0.10471136061531645
1451,40,1491,0.10439621526672353
1452,41,1493,0.10413539736241517
1455,42,1497,0.10389577989743952
1450,43,1493,0.10367088424495939
1436,42,1478,0.10347744146816698
1448,40,1488,0.10333180166010053
1444,42,1486,0.10317346103108128
1434,42,1476,0.10303738273822197
1451,42,1493,0.1029352272207874
1452,39,1491,0.10280529412401233
1462,34,1496,0.10268435072583967
1453,34,1487,0.10255282366906851
1457,33,1490,0.1024522278421529
1442,33,1475,0.10235161024544395
1460,32,1492,0.10229169212360846
1450,32,1482,0.10219859487950803
1448,30,1478,0.1021353804789128
1456,30,1486,0.10208213302995844
1453,30,1483,0.10201677471729913
1451,29,1480,0.10196392098577486
1458,28,1486,0.10192002620404335
1440,29,1469,0.10186515734061319
1446,31,1477,0.10185347894547636
1445,30,1475,0.101830037549943
1449,31,1480,0.10181058606846147
1454,31,1485,0.10178433332897181
1453,33,1486,0.10174976063445851
1455,34,1489,0.10172052552864116
1464,33,1497,0.10168980701115153
1476,32,1508,0.10164254144012558
1480,32,1512,0.10157379279514477
1489,35,1524,0.10150300034397503
1481,35,1516,0.10141902741528519
1475,34,1509,0.10135934036776134
1472,35,1507,0.10131768911698248
1461,36,1497,0.101286469168977
1454,37,1491,0.10128176693655298
1451,37,1488,0.10129245156481893
1449,35,1484,0.10130829906033513
1449,35,1484,0.10132651622653892
1441,35,1476,0.10134302602569135
1456,33,1489,0.1013753394006179
1466,35,1501,0.10137279912708888
1471,36,1507,0.10134892817806662
1457,37,1494,0.10131692278641441
1464,35,1499,0.10131729981682375
1477,34,1511,0.10130269041349589
1478,35,1513,0.10126149987644802
1468,35,1503,0.10122204232215702
1453,36,1489,0.10120748293047153
1460,35,1495,0.1012256430680571
1443,35,1478,0.10122798498042944
1447,34,1481,0.10126653019150676
1444,33,1477,0.10129291468036407
1450,33,1483,0.10132348085669068
1454,31,1485,0.10133866445604373
1463,28,1491,0.10134375547511575
1464,28,1492,0.101329289109673
1475,28,1503,0.101313715219528
1481,28,1509,0.10127621205421754
1485,29,1514,0.10122885394945358
1477,27,1504,0.10117724740215354
1473,25,1498,0.10114739246719383
1460,27,1487,0.10112872674302598
1471,26,1497,0.1011394076992433
1456,26,1482,0.10112583445424797
1474,24,1498,0.1011456123773608
1472,27,1499,0.10112515102276877
1472,28,1500,0.10111033800841474
1476,27,1503,0.10109676224244843
1475,26,1501,0.10107610735399047
1478,25,1503,0.10105909825360052
1473,24,1497,0.10103730853523253
1473,24,1497,0.10102833212659557
1477,25,1502,0.10102049093927928
1465,25,1490,0.10100419674526222
1468,27,1495,0.10101532314328665
1469,28,1497,0.10101949492469445
1467,27,1494,0.1010204533965188
1460,27,1487,0.10102547416058816
1472,25,1497,0.10104536535385047
1481,25,1506,0.10103751851703618
1471,27,1498,0.10101124142142062
1463,30,1493,0.10100881628619288
1445,30,1475,0.1010242356265882
1464,30,1494,0.10107576424981747
1458,30,1488,0.10108260273274446
1478,32,1510,0.1011017593553848
1474,30,1504,0.10107657904268848
1466,31,1497,0.10106224126155604
1464,31,1495,0.10106614363767609
1465,32,1497,0.10107441487169277
1458,32,1490,0.10107975590471018
1457,32,1489,0.10109948424183575
1453,33,1486,0.10111964707808088
1439,36,1475,0.10114632709793443
1448,36,1484,0.10120053374700579
1448,39,1487,0.10123131391018486
1462,41,1503,0.10125911559047815
1449,40,1489,0.10125399005679307
1464,39,1503,0.10127719864638969
1477,39,1516,0.10126644290788421
1468,40,1508,0.10122906715109437
1465,39,1504,0.10121403887090212
1456,37,1493,0.10120696886005316
1457,36,1493,0.10121973309306899
1442,37,1479,0.10122883851696365
1449,37,1486,0.10126903526732078
1456,38,1494,0.1012911458458765
1460,36,1496,0.1012967772873123
1464,38,1502,0.10129300975277294
1469,35,1504,0.1012810055673658
1460,37,1497,0.1012592893796243
1454,37,1491,0.10125896243704957
1466,36,1502,0.10127143527261463
1461,37,1498,0.10125755849969562
1468,37,1505,0.1012551320257794
1466,39,1505,0.10123816533398798
1447,39,1486,0.10122701557010143
1459,41,1500,0.1012570862439457
1457,40,1497,0.10125913132679916
1448,39,1487,0.10126508247598974
1453,38,1491,0.1012900770850488
1448,38,1486,0.10130225094691109
1451,37,1488,0.1013242413060728
1455,38,1493,0.101337563526194
1458,38,1496,0.10134128103665149
1456,39,1495,0.10133776575958095
1459,39,1498,0.1013387707584747
1455,40,1495,0.10133297489836343
1455,41,1496,0.10133671096670387
1447,41,1488,0.10134007903050384
1452,40,1492,0.10135979810360844
1436,41,1477,0.10136735772077497
1441,42,1483,0.10140831715713183
1436,43,1479,0.10143473550148062
1440,42,1482,0.10146986829628567
1447,44,1491,0.10149385769952902
1446,44,1490,0.1015008721207244
1445,44,1489,0.10150937348391877
1437,49,1486,0.1015189805940107
1446,47,1493,0.10154464216678281
1445,45,1490,0.10154936576339829
1441,45,1486,0.10155608419885084
1437,47,1484,0.101570541059595
1445,48,1493,0.1015924817383852
1446,48,1494,0.10159528361146876
1425,46,1471,0.10159624346791257
1436,48,1484,0.1016415363252323
1431,51,1482,0.10165938778836354
1441,52,1493,0.10168622795317844
1442,53,1495,0.10168966435912292
1438,53,1491,0.10169044686410046
1449,54,1503,0.10169993732661535
1439,51,1490,0.10168482391915572
1423,52,1475,0.10169204887148257
1427,55,1482,0.10173311434994772
1429,54,1483,0.10176231338559116
1436,53,1489,0.10178416347373878
1438,56,1494,0.10178955344568248
1433,58,1491,0.10178995769520437
1442,59,1501,0.10180058111201355
1426,57,1483,0.10179163816605097
1425,56,1481,0.10181763668021372
1415,54,1469,0.10184355321589297
1413,57,1470,0.1018887045965224
1433,57,1490,0.10193398017542958
1441,56,1497,0.10193265275147248
1447,55,1502,0.10191450244097477
1438,58,1496,0.10188538931024305
1439,58,1497,0.101878208925801
1436,58,1494,0.10186893751285617
1440,59,1499,0.10186702629587774
1435,59,1494,0.1018568352920997
1426,58,1484,0.10185774736154339
1425,57,1482,0.10187760639014382
1431,57,1488,0.10189786802887109
1437,58,1495,0.10190393679774402
1448,56,1504,0.10189646694193112
1454,58,1512,0.1018661896864238
1453,56,1509,0.10182603106170408
1463,56,1519,0.1017915642811133
1456,57,1513,0.10173908701755568
1440,57,1497,0.10170634687555953
1439,58,1497,0.10171135749233472
1424,61,1485,0.10171745518549226
1420,59,1479,0.10175488061552546
1425,60,1485,0.10179809161860552
1425,61,1486,0.10182663714155193
1425,63,1488,0.10185275909948906
1426,63,1489,0.10187661818170742
1423,60,1483,0.10189637068921935
1425,61,1486,0.10192099472957025
1426,63,1489,0.10193933900945805
1411,64,1475,0.10195343727108236
1416,63,1479,0.10199844420603324
1419,62,1481,0.10202826729243174
1430,61,1491,0.1020493718183228
1434,60,1494,0.10204453825337893
1428,60,1488,0.10203177387474088
1427,59,1486,0.10203306845079997
1436,59,1495,0.10203648295493244
1430,57,1487,0.1020197482249338
1428,57,1485,0.10201749600188222
1433,55,1488,0.10201958523746818
1431,56,1487,0.10201069596054485
1427,54,1481,0.10200718262255493
1423,52,1475,0.10201260808945924
1415,52,1467,0.10202603691605383
1426,52,1478,0.10205547104765327
1427,52,1479,0.10205856061291556
1444,52,1496,0.1020587529198139
1453,52,1505,0.10202257124689428
1453,55,1508,0.10197046187072661
1442,54,1496,0.10192322144010613
1445,55,1500,0.10190395726221783
1437,55,1492,0.1018796981787682
1417,54,1471,0.10187479695186433
1429,56,1485,0.10191312127314124
1437,57,1494,0.1019229921317527
1434,57,1491,0.10191466460948312
1423,60,1483,0.10191359589575427
1420,62,1482,0.10193612154759699
1421,59,1480,0.10196333894416412
1418,59,1477,0.10198593840197034
1427,58,1485,0.10201292419321398
1432,58,1490,0.10201787026728447
1425,59,1484,0.10201164254330862
1425,59,1484,0.10202099701418717
1443,57,1500,0.1020297160310394
1444,60,1504,0.10199921899224394
1439,58,1497,0.10196941543685906
1448,61,1509,0.10195299702803848
1431,59,1490,0.1019188932769044
1440,59,1499,0.10192440882701038
1438,59,1497,0.10191008031088401
1445,59,1504,0.10190132379979829
1446,59,1505,0.10187894328705487
1455,59,1514,0.10185640298095273
1445,58,1503,0.10181657495699542
1450,62,1512,0.1018018216789354
1450,61,1511,0.10177788406121163
1435,62,1497,0.10175634805446267
1440,61,1501,0.10176857220973261
1424,60,1484,0.10176897581341655
1435,61,1496,0.1018032377342979
1443,59,1502,0.10181098148103991
1441,58,1499,0.1018008256781198
1444,61,1505,0.1017962053779425
1460,62,1522,0.1017857707071639
1454,62,1516,0.1017421266199645
1442,61,1503,0.10171494517820885
1435,61,1496,0.1017159406896904
1433,61,1494,0.10173188818056268
1435,62,1497,0.10175120991373063
1442,64,1506,0.10176377907643873
1441,59,1500,0.10176032583932772
1451,60,1511,0.10175947603604524
1457,62,1519,0.10173700011646708
1459,64,1523,0.1017028003881591
1459,65,1524,0.10166788876951614
1441,63,1504,0.10163642981688156
1437,62,1499,0.10164658009335785
1445,66,1511,0.10166445779307035
1432,66,1498,0.1016638077472636
1423,66,1489,0.10169105358525979
1425,69,1494,0.1017352519550359
1426,70,1496,0.10177124587554667
1423,70,1493,0.10180162438860808
1418,69,1487,0.1018357026477629
1419,76,1495,0.10187841962500442
1418,74,1492,0.10191489897851874
1418,70,1488,0.1019499714068839
1430,69,1499,0.10198176556478274
1408,72,1480,0.10198531235247973
1415,74,1489,0.10203552279689038
1406,78,1484,0.10206653246653939
1407,74,1481,0.10211445480842767
1413,75,1488,0.10215601084845428
1400,74,1474,0.10218103071173616
1406,73,1479,0.10223124267905255
1415,73,1488,0.10226447939695149
1413,77,1490,0.10227562245678079
1427,76,1503,0.10228967122097334
1415,76,1491,0.10227225936847603
1402,75,1477,0.10228190476517224
1401,76,1477,0.10231921937819602
1409,76,1485,0.10235582271669522
1408,77,1485,0.10237217225537912
1411,77,1488,0.10238924020672666
1416,80,1496,0.10239763122770626
1428,80,1508,0.10239495846935368
1438,78,1516,0.10236653877610574
1416,81,1497,0.10231915320419467
1423,84,1507,0.10232314520469891
1429,78,1507,0.10231172963367598
1421,82,1503,0.10228815624764907
1410,82,1492,0.1022839984299447
1411,80,1491,0.1023037939173862
1417,79,1496,0.1023194818490326
1421,77,1498,0.1023211491305453
1431,75,1506,0.10231411021597049
1417,74,1491,0.10228624429305057
1431,76,1507,0.10229121409655763
1422,74,1496,0.1022651970539754
1428,75,1503,0.10226017448435323
1438,72,1510,0.10224295786032273
1432,73,1505,0.10220598693909161
1444,74,1518,0.10218528872382476
1448,74,1522,0.10214026941511993
1439,77,1516,0.10209074193843203
1432,76,1508,0.10206502728807403
1420,77,1497,0.10205646591842175
1423,80,1503,0.10207454433527208
1423,80,1503,0.10208475378437283
1424,79,1503,0.10209428321754967
1437,80,1517,0.10210048195126603
1423,79,1502,0.1020783883596266
1406,80,1486,0.10208864026215757
1417,80,1497,0.10213470134765458
1405,82,1487,0.10215307035699947
1406,86,1492,0.10219525801586105
1405,85,1490,0.10223139291643057
1403,84,1487,0.10226651436173655
1404,84,1488,0.1023029391666967
1396,83,1479,0.10233447512679064
1407,85,1492,0.10238072619382749
1411,84,1495,0.10239938389534703
1404,86,1490,0.10240731867252004
1400,86,1486,0.10242974528952989
1385,88,1473,0.1024587815709453
1402,88,1490,0.10251787169726939
1381,87,1468,0.10253529513682437
1391,90,1481,0.1025963201138982
1398,87,1485,0.10263106128170904
1387,86,1473,0.10264757712534571
1387,86,1473,0.10268626825773997
1402,82,1484,0.10272118174377595
1409,81,1490,0.10272050793604035
1408,82,1490,0.10270453696203045
1401,83,1484,0.1026922371159105
1395,84,1479,0.10269600593041966
1390,84,1474,0.1027126683773108
1393,86,1479,0.10273832831530214
1411,81,1492,0.10275527665775218
1387,78,1465,0.10273198494386979
1385,81,1466,0.10276237906977301
1387,80,1467,0.10279449684524272
1402,84,1486,0.1028195535697956
1411,88,1499,0.10280997321720435
1403,88,1491,0.10278125636046552
1407,84,1491,0.10277224660068693
1403,89,1492,0.10275558890522472
1411,88,1499,0.10274920360903483
1414,89,1503,0.1027262847622292
1408,87,1495,0.10269918733723785
1399,90,1489,0.10268676647766492
1405,90,1495,0.10269523704245488
1393,89,1482,0.10268995131026103
1399,90,1489,0.10271106338261399
1406,86,1492,0.10271814737779486
1401,89,1490,0.10271051879476704
1399,91,1490,0.10271414873892777
1384,92,1476,0.10272257813737902
1377,99,1476,0.10276290239848059
1384,99,1483,0.10281449156588832
1388,97,1485,0.10284693473423744
1383,95,1478,0.10286741356971912
1385,97,1482,0.10289656436629119
1387,98,1485,0.10291920004019708
1402,99,1501,0.10293541985343686
1408,99,1507,0.10291784898816282
1399,97,1496,0.102888579204789
1397,99,1496,0.1028811485355498
1405,101,1506,0.10287880364809508
1387,104,1491,0.10285974712906924
1385,108,1493,0.102880896655385
1382,116,1498,0.10290459671983881
1377,115,1492,0.10293277251834602
1384,116,1500,0.10296984570980991
1386,119,1505,0.10298871376230573
1393,117,1510,0.10300147567612404
1385,116,1501,0.1029982856293357
1369,117,1486,0.10301269598532312
1375,118,1493,0.10305992018312025
1373,117,1490,0.10309120735540694
1357,119,1476,0.10312452483997514
1380,119,1499,0.10318965858673154
1378,115,1493,0.10319943967249472
1376,114,1490,0.10321195431050775
1368,113,1481,0.10322847798682144
1364,113,1477,0.10326099582460425
1376,120,1496,0.10329982520078385
1383,122,1505,0.10330944296939361
1367,124,1491,0.10330241786187848
1367,122,1489,0.10333096083139592
1373,124,1497,0.10335801231748774
1362,125,1487,0.10336943584567372
1371,126,1497,0.10340374261893694
1376,129,1505,0.1034159162856572
1371,124,1495,0.10341626716915091
1359,124,1483,0.10342676382652365
1359,126,1485,0.10346171187177353
1358,127,1485,0.10349355913610088
1363,128,1491,0.10352560788983249
1363,128,1491,0.10354476615725529
1352,129,1481,0.1035627813624382
1361,129,1490,0.10360303024114181
1356,129,1485,0.10361999096218093
1360,129,1489,0.10364607466917483
1349,134,1483,0.10366148798500939
1363,130,1493,0.10369918528627398
1374,137,1511,0.10370349950115712
1365,138,1503,0.10368333496175175
1364,142,1506,0.10368521067014552
1371,146,1517,0.10368876372360575
1373,147,1520,0.1036772978867272
1362,145,1507,0.10366301529456727
1362,144,1506,0.1036740949456119
1365,142,1507,0.1036845057251157
1366,145,1511,0.10368703293669665
1363,145,1508,0.10368690233322962
1343,148,1491,0.10369295212714409
1348,145,1493,0.10374274129660523
1352,149,1501,0.1037779305109921
1349,151,1500,0.1038017190603082
1345,155,1500,0.10382991462294033
1351,150,1501,0.10386456603100534
1345,150,1495,0.10388370226152772
1344,150,1494,0.10391438670289505
1343,153,1496,0.1039447702323106
1334,156,1490,0.10397521242594805
1339,155,1494,0.10402221237599524
1345,157,1502,0.10405425882492118
1340,152,1492,0.10407074576597701
1347,154,1501,0.10409661427513883
1344,156,1500,0.10410391860248895
1346,157,1503,0.1041172857083177
1340,159,1499,0.1041249131637475
1343,155,1498,0.10414469060804411
1344,157,1501,0.1041562649867182
1346,155,1501,0.1041640846766482
1349,156,1505,0.10416691760906754
1337,154,1491,0.10416306250305091
1350,154,1504,0.10418583320616126
1349,148,1497,0.10417800529150996
1349,152,1501,0.10417256837076071
1358,155,1513,0.10416802516556672
1353,155,1508,0.10414413429759822
1355,151,1506,0.1041328957500162
1342,147,1489,0.10411797960829743
1354,151,1505,0.1041327799059198
1347,151,1498,0.10412021491099761
1350,150,1500,0.10412431033223356
1346,152,1498,0.10412200189712667
1349,152,1501,0.10412884344477788
1344,151,1495,0.1041291083902723
1346,155,1501,0.10413939762111195
1339,151,1490,0.10414398214344787
1333,148,1481,0.10416329882378976
1333,155,1488,0.10419405451145881
1338,151,1489,0.10422245326283591
1335,158,1493,0.10423729189161694
1326,162,1488,0.10425696385954565
1333,159,1492,0.10429516504860416
1342,160,1502,0.10431527940997856
1335,157,1492,0.10431281929508474
1332,155,1487,0.10432577553086805
1341,157,1498,0.1043440030398147
1353,157,1510,0.10434152147511107
1346,157,1503,0.10431330775523698
1338,157,1495,0.10430253640020938
1330,158,1488,0.10430960431311241
1345,161,1506,0.10433310252622405
1333,161,1494,0.10432203730467822
1345,155,1500,0.10433836203693085
1337,156,1493,0.1043271898647615
1338,155,1493,0.10433432545934608
1337,154,1491,0.10433841697986597
1356,156,1512,0.10434388606044481
1348,151,1499,0.1043076115187593
1339,150,1489,0.10429190829783526
1351,151,1502,0.10429750970007913
1346,150,1496,0.10427588205583152
1343,149,1492,0.10426748443070823
1352,154,1506,0.10426666766624969
1344,154,1498,0.1042461197941202
1344,154,1498,0.10424468716625046
1331,149,1480,0.10424343933695387
1342,150,1492,0.10427008755849387
1347,152,1499,0.10426989875027431
1344,153,1497,0.10425896991551127
1352,153,1505,0.10425604960943759
1332,156,1488,0.10423604824473191
1334,162,1496,0.10426157940818709
1353,162,1515,0.10428052075395453
1342,162,1504,0.10425679931037714
1338,160,1498,0.10425903838228984
1339,160,1499,0.10427015193586278
1337,160,1497,0.10427788226547881
1338,163,1501,0.10428968408250348
1340,162,1502,0.1042988975211935
1332,164,1496,0.1043023956874139
1312,170,1482,0.10432282774454067
1314,171,1485,0.10438550079413239
1315,168,1483,0.10443892197776523
1316,167,1483,0.10448514421039523
1339,170,1509,0.1045253591032112
1337,170,1507,0.10451189668821957
1332,173,1505,0.10450439855831035
1344,171,1515,0.10450905925998252
1329,175,1504,0.1044866183925901
1317,175,1492,0.10449895416874827
1326,178,1504,0.10453626077044348
1332,179,1511,0.1045504011873841
1330,179,1509,0.10455033764566528
1331,177,1508,0.10455431966976038
1333,177,1510,0.10455599587562048
1328,179,1507,0.1045542555729228
1329,187,1516,0.1045639422382645
1335,188,1523,0.10457098269989878
1323,185,1508,0.1045645282969898
1327,189,1516,0.10458563303426717
1327,186,1513,0.10459645975164285
1321,182,1503,0.10460711760712865
1321,187,1508,0.10462988068604404
1312,195,1507,0.1046503837953126
1310,191,1501,0.10468854098069082
1307,191,1498,0.104727620194066
1298,186,1484,0.10477041636222488
1302,190,1492,0.10482956079098212
1304,190,1494,0.10487484076587354
1307,189,1496,0.10491114640164473
1305,189,1494,0.10493793959190709
1313,190,1503,0.10496655856486713
1306,190,1496,0.104976141741021
1310,193,1503,0.10500045545988508
1295,189,1484,0.10501417619930101
1304,192,1496,0.1050602356945666
1291,190,1481,0.10508269051207506
1303,190,1493,0.10513180865461307
1301,189,1490,0.10515101164133829
1296,190,1486,0.10517327622387164
1293,185,1478,0.10520470324205344
1302,185,1487,0.10523926095023615
1291,183,1474,0.10525129813347978
1291,188,1479,0.10528589005575022
1293,188,1481,0.10531687387009037
1310,184,1494,0.1053403276681895
1308,191,1499,0.10532501898042454
1309,193,1502,0.10531656663727322
1311,196,1507,0.10530761818245703
1313,198,1511,0.1052950596633178
1314,199,1513,0.10527876491895358
1320,197,1517,0.10526220775659681
1323,199,1522,0.10523430667971155
1324,197,1521,0.10520215389323019
1317,197,1514,0.10517158018812112
1318,196,1514,0.1051583527082186
1314,193,1507,0.10514463566931792
1304,195,1499,0.10514133619528004
1303,196,1499,0.10515998072959619
1302,196,1498,0.10517947714302114
1288,195,1483,0.1051997629696413
1296,195,1491,0.10524943143749883
1305,193,1498,0.10527697729155165
1303,195,1498,0.10528172521510548
1296,195,1491,0.10528994996594808
1296,197,1493,0.10531327931542095
1305,199,1504,0.10533456084410656
1298,206,1504,0.10533387829055212
1292,206,1498,0.10534898864972851
1299,205,1504,0.10537550999466003
1295,210,1505,0.10538504646116521
1303,206,1509,0.1054032536939804
1302,207,1509,0.10540199320449789
1293,210,1503,0.10540391390969708
1292,209,1501,0.1054254488656277
1296,208,1504,0.10544781376002323
1292,208,1500,0.1054595657791132
1278,212,1490,0.10548003561753108
1282,210,1492,0.10552970504091772
1291,210,1501,0.10556593328503833
1282,213,1495,0.10557845009214732
1280,211,1491,0.10561026748788542
1287,214,1501,0.1056443149035443
1288,212,1500,0.10566109259570418
1297,202,1499,0.1056746374717707
1286,210,1496,0.10566742754266878
1295,214,1509,0.10568507355574024
1294,208,1502,0.10568197413696712
1295,204,1499,0.105680799289607
1290,209,1499,0.10567784164244612
1284,209,1493,0.1056868461365741
1280,208,1488,0.10570762773353116
1279,207,1486,0.10573556490441707
1269,207,1476,0.10576357408379419
1284,214,1498,0.1058101527945292
1279,217,1496,0.10581981357219364
1282,218,1500,0.10584031968726343
1283,217,1500,0.10585338531747848
1289,214,1503,0.10586383493651276
1284,215,1499,0.10586048588572845
1272,214,1486,0.1058692857094902
1280,218,1498,0.10590516136829525
1284,221,1505,0.10591967827703648
1269,220,1489,0.1059232952740405
1268,217,1485,0.10596026321474533
1273,219,1492,0.10599516913094378
1268,221,1489,0.10601608596823436
1272,218,1490,0.10604610569317138
1272,218,1490,0.10606430410883537
1287,218,1505,0.10608191768946561
1278,211,1489,0.10606428441222011
1275,211,1486,0.10606769479288268
1271,209,1480,0.10607655358267706
1265,215,1480,0.10609406804377773
1262,219,1481,0.10612302426701067
1267,214,1481,0.10615525407841378
1267,213,1480,0.10617390713788552
1272,212,1484,0.10619120798193497
1269,216,1485,0.10619675544136427
1270,213,1483,0.10620792469278609
1272,211,1483,0.1062154181863385
1294,206,1500,0.10621818962683757
1280,212,1492,0.10617153362474617
1289,207,1496,0.10615939478218157
1282,209,1491,0.1061283815011593
1275,205,1480,0.10611548551086863
1269,215,1484,0.10611990424474886
1260,218,1478,0.10613751691679334
1269,217,1486,0.10617431290259818
1265,218,1483,0.10618802381480114
1250,216,1466,0.1062095047667988
1262,219,1481,0.10626324184802108
1256,219,1475,0.10628472465970461
1269,223,1492,0.106318251522619
1273,223,1496,0.10632091924477
1271,224,1495,0.10631448766531125
1270,225,1495,0.10631327591998647
1263,228,1491,0.10631471809564136
1269,228,1497,0.10633299656985869
1266,233,1499,0.10633554754732522
1273,235,1508,0.10634452754643119
1277,232,1509,0.1063372741625112
1278,234,1512,0.10632161454979552
1276,236,1512,0.10630525219065698
1292,234,1526,0.10629458640417119
1286,227,1513,0.10624937354387963
1268,228,1496,0.10622143908741911
1267,226,1493,0.10623569287328602
1272,224,1496,0.10625093969990207
1280,224,1504,0.10625411131744304
1283,224,1507,0.10623883951928753
1277,217,1494,0.10621829160640432
1270,220,1490,0.10621287646985199
1275,219,1494,0.10622405493999831
1261,221,1482,0.10622315357797461
1260,221,1481,0.10625374482111258
1265,219,1484,0.10628316537090353
1278,218,1496,0.10629914469719011
1277,218,1495,0.10628453370465227
1276,218,1494,0.10627252397142577
1282,225,1507,0.10626392594381841
1275,221,1496,0.10624284907951699
1285,222,1507,0.10623936804096519
1289,220,1509,0.10621442125369729
1291,221,1512,0.1061831760611437
1292,222,1514,0.10615046889949109
1290,219,1509,0.10611844411192337
1278,220,1498,0.10609326959557659
1273,221,1494,0.10609771638329611
1265,218,1483,0.10611304465228001
1265,218,1483,0.10614519246129435
1267,214,1481,0.10617398785923104
1264,216,1480,0.10619596692109873
1263,215,1478,0.10622309484392406
1272,223,1495,0.10624977049656152
1275,220,1495,0.10625484666254131
1278,213,1491,0.1062539274898488
1274,215,1489,0.106245366294404
1270,217,1487,0.10624636734483726
1282,213,1495,0.1062559315349193
1266,212,1478,0.10623821919851534
1269,220,1489,0.10625642647809645
1268,223,1491,0.10626688614700674
1268,221,1489,0.10627873391928844
1281,225,1506,0.10628911879915179
1282,229,1511,0.10626984425277086
1284,229,1513,0.1062500539572124
1282,229,1511,0.10622799758406011
1272,230,1502,0.10621297556599286
1263,234,1497,0.10622190709732596
1267,234,1501,0.1062493577285425
1252,238,1490,0.10626643623421853
1250,243,1493,0.10631473168150755
1252,244,1496,0.10636412029200151
1256,238,1494,0.10640491107761636
1251,240,1491,0.10643308635295938
1246,244,1490,0.10647028647149845
1258,235,1493,0.10651550117162412
1262,240,1502,0.10653005830969821
1266,237,1503,0.10653433026159441
1253,235,1488,0.10652999552005765
1254,237,1491,0.10655481863522205
1253,241,1494,0.10657508923153118
1254,244,1498,0.1065959457760977
1266,240,1506,0.10661456025864177
1271,244,1515,0.10660429686615203
1264,239,1503,0.106583891482083
1262,237,1499,0.10658040111546446
1258,235,1493,0.10658179647030622
1245,231,1476,0.1065911317813454
1239,237,1476,0.10662999659061694
1252,238,1490,0.1066799794456274
1255,240,1495,0.10669890750511701
1253,246,1499,0.10670882804000872
1245,249,1494,0.10672286139527737
1239,249,1488,0.10675343131148958
1246,246,1492,0.10679532560749096
1245,248,1493,0.10681868115832995
1252,252,1504,0.10684253905459981
1266,249,1515,0.10684872538888632
1265,249,1514,0.1068237094970171
1261,252,1513,0.10680261346964405
1246,254,1500,0.10679327200826944
1244,251,1495,0.10681714698744998
1241,253,1494,0.1068436487436811
1235,254,1489,0.10687497009713144
1241,257,1498,0.10691705786565589
1227,251,1478,0.1069424052084261
1221,257,1478,0.10699495134532835
1226,254,1480,0.10705605939566193
1240,255,1495,0.10710175520014226
1250,259,1509,0.1071124428051008
1238,257,1495,0.10709992827467801
1247,260,1507,0.10711590036093774
1250,262,1512,0.10711066566080557
1247,261,1508,0.10709993047590287
1251,263,1514,0.10709609784319386
1237,270,1507,0.10708403956376142
1234,268,1502,0.1071042036913673
1223,270,1493,0.10712855086176237
1236,271,1507,0.10717521501243973
1232,267,1499,0.10718809353198773
1230,268,1498,0.10720746931724695
1230,268,1498,0.10723157380564871
1216,271,1487,0.1072538038823113
1229,267,1496,0.10730466632108429
1237,270,1507,0.10732218229351059
1219,274,1493,0.10731975655221436
1217,271,1488,0.1073571432850978
1215,272,1487,0.10739647328185958
1206,275,1481,0.10743668750710736
1199,273,1472,0.10749331031048417
1209,272,1481,0.10756099728087953
1213,272,1485,0.10760141646545597
1209,280,1489,0.10762938859441654
1212,281,1493,0.10766343672668884
1209,286,1495,0.10768890951333077
1211,281,1492,0.1077183023597464
1222,281,1503,0.10774075240312271
1224,284,1508,0.10773571657728066
1209,284,1493,0.10772653798880935
1199,282,1481,0.10775098910543193
1200,282,1482,0.10779741305854904
1213,279,1492,0.10783799073487106
1205,280,1485,0.10784747702431266
1214,281,1495,0.10787334140072154
1230,283,1513,0.10787707440636614
1223,288,1511,0.10784443533636384
1222,292,1514,0.10783088198999731
1217,294,1511,0.10782015323351725
1211,296,1507,0.10782178132271963
1191,297,1488,0.10783706011237049
1196,291,1487,0.10789646258730677
1202,291,1493,0.10793937071545208
1192,287,1479,0.10796555800913733
1195,289,1484,0.10801217247111715
1194,289,1483,0.10804848995858446
1195,295,1490,0.10808361310396872
1210,300,1510,0.10811463896655543
1207,295,1502,0.10810843056584822
1216,296,1512,0.10810941803834204
1228,298,1526,0.1080911321448907
1218,297,1515,0.10804819204691345
1216,300,1516,0.10803139537167081
1206,304,1510,0.10801991223070122
1204,299,1503,0.10803297335771087
1193,300,1493,0.10804944071350085
1200,298,1498,0.10808874016077154
1188,294,1482,0.10810803611224266
1195,291,1486,0.10815245795604418
1202,295,1497,0.10817753597241014
1218,291,1509,0.10818467963551964
1217,296,1513,0.10815520295002136
1212,296,1508,0.10813156257603498
1206,295,1501,0.1081206644262521
1202,287,1489,0.10812492096744993
1197,293,1490,0.10813864766188526
1199,292,1491,0.10816288532389624
1205,295,1500,0.10818062921051286
1203,294,1497,0.10818316064081919
1205,303,1508,0.10818993586172933
1203,303,1506,0.10819241359340774
1188,300,1488,0.10819867283420934
1187,301,1488,0.10823839279550547
1180,301,1481,0.10827731350945839
1175,306,1481,0.10832967198368379
1166,300,1466,0.1083886381040583
1171,308,1479,0.10846439097162949
1170,311,1481,0.10852180053159081
1173,307,1480,0.10857731351785137
1168,310,1478,0.10862201730195736
1170,315,1485,0.10867360796730058
1170,326,1496,0.10871650047981589
1171,321,1492,0.10875538373078754
1172,326,1498,0.10879001979796458
1170,322,1492,0.10881980748191594
1166,328,1494,0.10885276355366702
1164,321,1485,0.10889369232581686
1160,325,1485,0.10893588371647138
1159,328,1487,0.10898358127097567
1166,331,1497,0.10902977841604015
1171,337,1508,0.10905699538080445
1165,340,1505,0.10907087709354726
1164,343,1507,0.1090982861102195
1162,343,1505,0.10912646032010935
1155,348,1503,0.10915708968887233
1158,349,1507,0.10920047160597232
1163,349,1512,0.10923348268564573
1162,350,1512,0.1092515862843965
1152,344,1496,0.1092715332999673
1149,342,1491,0.10931359292191807
1146,346,1492,0.10935874425528473
1144,352,1496,0.10940756939179973
1139,353,1492,0.10945694946140902
1134,355,1489,0.10951331848344101
1137,360,1497,0.10957742512548098
1143,358,1501,0.10962955728039385
1145,365,1510,0.10966423432954774
1140,367,1507,0.10969218276812687
1140,372,1512,0.10972828225843564
1132,373,1505,0.10976154549542708
1119,373,1492,0.1098110393035992
1111,370,1481,0.1098867355668247
1114,372,1486,0.10997540852137679
1127,371,1498,0.11004987483191211
1134,364,1498,0.11008759107673334
1127,369,1496,0.11010604092004879
1130,368,1498,0.11013884476614401
1123,365,1488,0.1101631298702615
1125,368,1493,0.11019884342307548
1138,369,1507,0.11022767205431336
1129,371,1500,0.11022440707772298
1129,370,1499,0.11024358278300045
1130,367,1497,0.1102617662144712
1130,367,1497,0.11027587706255432
1138,371,1509,0.11028885876564332
1135,372,1507,0.11028290293183579
1125,374,1499,0.11028406813836784
1122,373,1495,0.11030755255232566
1113,378,1491,0.11033582138321497
1106,390,1496,0.11038363737945321
1104,384,1488,0.11044354736576785
1108,394,1502,0.11050479184644386
1107,394,1501,0.11055193615145859
1109,392,1501,0.1105982075346271
1121,390,1511,0.11063696181866887
1123,391,1514,0.1106443732151195
1116,391,1507,0.11064468009544477
1109,381,1490,0.1106605512724602
1100,380,1480,0.11068941504155194
1105,386,1491,0.11073692019095581
1108,386,1494,0.11076939213296283
1112,393,1505,0.11079196088009098
1110,397,1507,0.11080330048798448
1097,398,1495,0.1108195269534345
1102,400,1502,0.11086325752536685
1089,398,1487,0.11089221310354944
1109,397,1506,0.1109488299181918
1114,390,1504,0.1109557270669899
1118,388,1506,0.11095025257962889
1118,385,1503,0.11093659466610716
1112,389,1501,0.11092384277801515
1107,392,1499,0.11092644775492484
1104,399,1503,0.11093943023741497
1113,400,1513,0.11095878794028607
1118,400,1518,0.11095590899647562
1114,395,1509,0.11094219002226215
1116,394,1510,0.11093873546774231
1117,399,1516,0.11093117717731346
1113,399,1512,0.110921493060742
1115,396,1511,0.11092255871042227
1118,396,1514,0.11091813397417734
1116,401,1517,0.11090762977541083
1110,398,1508,0.11090300051690088
1112,400,1512,0.11091188052729173
1116,402,1518,0.11091493127990028
1102,405,1507,0.1109084609446291
1103,407,1510,0.11093462608774507
1098,408,1506,0.11095614336598246
1088,405,1493,0.11098716434912995
1086,405,1491,0.11103823080325106
1084,408,1492,0.11108989166558762
1086,406,1492,0.11114224321784257
1086,413,1499,0.11118532443367148
1086,417,1503,0.11122530048027049
1070,425,1495,0.111263100715828
1072,428,1500,0.11133445292692627
1066,425,1491,0.11139584203871174
1060,430,1490,0.1114658540241144
1078,436,1514,0.11154418583254128
1078,431,1509,0.11157534896082819
1082,433,1515,0.11160435946561184
1077,431,1508,0.11162252133101117
1068,435,1503,0.1116519713828599
1062,430,1492,0.11170061449035362
1052,430,1482,0.11175983476138965
1058,436,1494,0.11183771743945656
1064,434,1498,0.11189465727170896
1060,432,1492,0.11193391439103455
1063,430,1493,0.11197835236148233
1068,423,1491,0.11201300661024312
1073,426,1499,0.11203375117559683
1066,426,1492,0.11204230125573421
1075,435,1510,0.11206630106747849
1075,435,1510,0.11206730759423426
1064,434,1498,0.11206859830936537
1074,436,1510,0.112095184937618
1065,438,1503,0.11209713069360142
1068,441,1509,0.11212067249800067
1072,438,1510,0.11213574830919455
1064,437,1501,0.11214164319063674
1061,437,1498,0.11216526579740443
1064,437,1501,0.11219421445039432
1064,440,1504,0.11221532262787628
1069,444,1513,0.11223596374471619
1061,446,1507,0.11224401873212075
1064,454,1518,0.11227058041429384
1080,456,1536,0.1122888613126041
1068,454,1522,0.11227015547431993
1076,447,1523,0.11228099566632405
1071,442,1513,0.11227305834490946
1063,443,1506,0.11227777539893752
1055,442,1497,0.11229935570061889
1055,438,1493,0.11233858986931346
1053,445,1498,0.11237621029764112
1038,440,1478,0.11241412010345979
1044,445,1489,0.11248270343063062
1046,456,1502,0.11253207275197806
1043,454,1497,0.11257261934757314
1054,458,1512,0.11261710100426026
1052,456,1508,0.11263259711764714
1043,456,1499,0.11265023551913854
1035,446,1481,0.11268780710338494
1048,456,1504,0.1127410616280633
1054,450,1504,0.11275999389663216
1045,458,1503,0.11276355344590862
1038,459,1497,0.1127872125498176
1022,460,1482,0.11282461264025287
1025,462,1487,0.11289521883565477
1038,472,1510,0.11295255491814697
1032,475,1507,0.11297583669567196
1032,471,1503,0.11301259897984052
1033,470,1503,0.11304647073792905
1038,474,1512,0.11307498446446829
1034,472,1506,0.11309083002963088
1037,466,1503,0.11311416676938815
1046,465,1511,0.11312862032717316
1045,468,1513,0.11312195016521358
1034,467,1501,0.11311998461950364
1024,466,1490,0.11314385903862693
1016,469,1485,0.11319049149816368
1012,465,1477,0.1132510533851375
1019,472,1491,0.11331462311347078
1024,474,1498,0.11335610840112062
1021,476,1497,0.1133834916422142
1004,479,1483,0.11341600444831457
1000,485,1485,0.11348647856759797
1011,493,1504,0.11356075154196305
998,496,1494,0.11360292506815484
996,497,1493,0.11367214431265926
994,498,1492,0.11374125358247948
995,493,1488,0.11381020110972044
994,499,1493,0.11387244323137939
996,498,1494,0.11393165539074747
995,507,1502,0.1139812811176972
988,502,1490,0.11402789876428723
998,501,1499,0.11408619910542064
987,501,1488,0.11411657141182274
990,506,1496,0.11417060627971648
979,510,1489,0.11421366860875246
995,514,1509,0.11427923119532561
997,514,1511,0.11430361427566524
1000,517,1517,0.11432121336552736
995,518,1513,0.11433069538298815
996,512,1508,0.11435124731112299
993,510,1503,0.1143686758072327
992,512,1504,0.1143939608363235
981,521,1502,0.11441922313597833
976,519,1495,0.11446844918097156
981,521,1502,0.11452509683017392
980,522,1502,0.11456519314356096
981,522,1503,0.11460437576910655
983,522,1505,0.11463762712602117
982,520,1502,0.11466487511012113
983,523,1506,0.11469114551896675
984,513,1497,0.11471320828812434
971,524,1495,0.11473061738507752
967,527,1494,0.11477856474577738
961,521,1482,0.11483367171395838
970,526,1496,0.11489773799712263
981,535,1516,0.11493465742278351
973,532,1505,0.114942759106037
964,534,1498,0.11496974006024922
969,540,1509,0.11501736451688525
955,533,1488,0.11504871930818109
959,537,1496,0.1151099003849279
971,546,1517,0.11515785371039546
962,545,1507,0.11517446919665009
963,545,1508,0.11521230806755628
965,543,1508,0.11524360870746687
962,541,1503,0.1152671385612937
962,539,1501,0.11529621446573714
959,529,1488,0.11532329240833995
946,536,1482,0.11535703871572442
945,534,1479,0.11541963745791406
940,547,1487,0.11547906789074552
927,549,1476,0.11554555600137668
928,552,1480,0.11563774667657853
931,562,1493,0.11572010717049838
931,559,1490,0.1157887530708517
944,560,1504,0.11585298590258236
943,562,1505,0.11588272523068527
948,568,1516,0.1159121492236789
948,561,1509,0.1159278003674172
934,558,1492,0.1159421005386277
926,563,1489,0.11598829299542116
937,556,1493,0.11605122640654354
938,562,1500,0.11608283485187322
943,557,1500,0.11611028724452631
946,561,1507,0.11612470732317369
943,561,1504,0.11613016301834266
941,562,1503,0.11614287649921913
936,558,1494,0.11616004528631806
930,562,1492,0.11618814958792285
926,572,1498,0.11622764114681332
928,573,1501,0.11627271666890085
922,570,1492,0.11631105432987918
909,577,1486,0.11636113239422845
911,591,1502,0.11643798886977841
902,595,1497,0.11650463577471445
910,587,1497,0.11658848021833855
906,593,1499,0.11664744576514721
902,592,1494,0.11671242427625877
903,591,1494,0.11678293502889556
907,596,1503,0.11684530369945162
903,596,1499,0.11689265213041075
895,598,1493,0.11694582136119532
904,591,1495,0.11701404441195326
907,601,1508,0.11705675962484832
915,607,1522,0.11708866603657839
898,608,1506,0.11709982320951609
907,606,1513,0.11714990989930989
903,606,1509,0.11717540324268828
897,605,1502,0.11720890329125315
894,612,1506,0.11725396203572393
895,615,1510,0.11730317980090646
895,614,1509,0.11734641658324016
891,616,1507,0.11738665560279396
890,622,1512,0.11743417645069389
892,621,1513,0.11748179557063583
896,617,1513,0.1175218311543215
895,620,1515,0.11754979877183587
898,625,1523,0.11757626969261653
890,618,1508,0.11759499162979825
895,619,1514,0.11763265073759804
894,615,1509,0.11765674065815696
897,617,1514,0.11768202736116497
891,628,1519,0.11769803828197706
879,631,1510,0.11772806301757159
883,630,1513,0.11778469308529278
869,630,1499,0.11782845524483243
860,635,1495,0.11790211083156293
867,625,1492,0.11798998440362136
871,635,1506,0.11805313970526114
866,636,1502,0.11810362207820216
866,636,1502,0.11816263640608905
853,635,1488,0.11821693320256318
856,643,1499,0.11829862767539784
851,638,1489,0.11836697692919732
851,634,1485,0.118444106604972
864,643,1507,0.11851508672560122
863,639,1502,0.11855117108931353
856,643,1499,0.11858753342223008
850,646,1496,0.11863777248288666
853,657,1510,0.11869756551913369
850,652,1502,0.11874624149143909
861,650,1511,0.11879670183018382
866,647,1513,0.11881681746219919
865,649,1514,0.11882383364727239
862,650,1512,0.11883296017073249
863,657,1520,0.1188490488124474
864,653,1517,0.11886187676062913
859,653,1512,0.1188715782947028
860,646,1506,0.11889251485812928
856,647,1503,0.11890906261725895
852,651,1503,0.11893431186356322
845,660,1505,0.11896761204848691
834,668,1502,0.1190144437487694
838,661,1499,0.11908336950351725
842,659,1501,0.1191375081097954
837,655,1492,0.11917918391574756
838,655,1493,0.11922990928385385
840,672,1512,0.11927466924608872
838,672,1510,0.11931176722910017
842,671,1513,0.1193516962603758
834,671,1505,0.11937964247982907
826,669,1495,0.11942442157810315
832,662,1494,0.119484832354179
850,664,1514,0.11952477776727274
857,666,1523,0.11951743159406564
854,652,1506,0.11949301359801484
859,664,1523,0.11947780716063168
843,662,1505,0.11945139624728351
859,660,1519,0.11946672437089462
857,656,1513,0.1194421642717063
855,651,1506,0.11942363102777598
848,658,1506,0.11941166799782003
840,659,1499,0.11941809387226372
842,661,1503,0.11944331681907475
836,668,1504,0.1194624613570519
833,674,1507,0.11949574286232366
836,671,1507,0.11953453281932294
838,673,1511,0.11956383426939161
846,674,1520,0.11958704007610681
841,672,1513,0.11959068273878973
846,669,1515,0.11960528712724973
839,671,1510,0.11960706298808872
833,668,1501,0.11962421453722291
846,671,1517,0.11965414897172401
834,670,1504,0.1196511593312043
839,674,1513,0.11967650832249306
850,671,1521,0.11968747976887269
850,670,1520,0.11967155461332636
843,669,1512,0.11965683241435222
829,674,1503,0.11965977275526982
823,672,1495,0.11969615797432857
832,666,1498,0.11974357579026744
831,669,1500,0.11976606883696561
830,665,1495,0.11978971310156851
830,678,1508,0.11981313209669146
827,676,1503,0.11983547182214518
825,669,1494,0.11986289509786412
824,674,1498,0.11989446983524628
825,672,1497,0.11992551245558439
815,666,1481,0.11995188157946993
808,670,1478,0.12000084680585864
804,683,1487,0.12006310314177333
806,693,1499,0.12013020935987098
812,693,1505,0.12018786269846882
803,701,1504,0.12022812095779699
800,702,1502,0.120287573728946
814,693,1507,0.12035031344775365
820,702,1522,0.12037491189978042
822,705,1527,0.12038319134387951
812,706,1518,0.12038511093572947
805,711,1516,0.1204115133013757
810,707,1517,0.12045284732758382
804,699,1503,0.12047886823672264
800,706,1506,0.12051722309093232
798,710,1508,0.12056168042331951
788,711,1499,0.12060718519446517
798,704,1502,0.12067557811536517
798,710,1508,0.12071403553152546
787,708,1495,0.1207511685261925
790,718,1508,0.12081148292767574
787,730,1517,0.1208603895971049
790,731,1521,0.12091336262272666
788,734,1522,0.1209554868732456
780,719,1499,0.12099916344307873
776,709,1485,0.12105949113405401
777,713,1490,0.12112503207834091
786,710,1496,0.12118446157641147
778,711,1489,0.12121760664138959
776,713,1489,0.12126892433217272
779,718,1497,0.1213201633491988
782,722,1504,0.12136017768965102
780,722,1502,0.12138842979251692
777,722,1499,0.12141937648788112
775,719,1494,0.12145475851546406
782,720,1502,0.12149285669588089
773,725,1498,0.12151060529067091
788,723,1511,0.1215502124442671
794,718,1512,0.12155028382248143
782,719,1501,0.12153590983715844
791,710,1501,0.12155096709746871
786,711,1497,0.12154141684882017
790,697,1487,0.12154468287929811
786,700,1486,0.1215398320064406
792,703,1495,0.12154471052083643
786,714,1500,0.12153376498975355
785,726,1511,0.1215373720303484
787,729,1516,0.1215436977527653
777,725,1502,0.121545879256957
772,729,1501,0.1215724571952153
769,726,1495,0.12160771032386329
771,729,1500,0.12164783748298583
776,737,1513,0.12167962786587147
764,743,1507,0.12169736009998408
755,747,1502,0.1217440535361052
758,743,1501,0.1218100643857902
756,744,1500,0.12186472575292555
754,750,1504,0.12192108263572518
760,756,1516,0.12197751748678702
754,749,1503,0.12201400543139015
759,738,1497,0.1220626131464845
765,741,1506,0.12209673024575952
769,742,1511,0.12211379515632097
771,738,1509,0.12212057751058963
770,744,1514,0.12212281538996997
770,747,1517,0.12212732012184942
770,748,1518,0.1221312178160485
776,745,1521,0.1221361391634501
765,750,1515,0.12212640753160382
765,755,1520,0.12214463662605177
764,759,1523,0.12216163528590616
756,756,1512,0.12218054883219752
746,748,1494,0.12221819590624527
752,746,1498,0.1222779951266539
752,754,1506,0.12231751559248753
746,759,1505,0.12235389885116266
744,767,1511,0.1224018682838373
743,769,1512,0.12245117205638924
751,763,1514,0.12249934120478591
746,758,1504,0.12252312757129477
743,764,1507,0.12255713775464817
747,759,1506,0.12259709996984265
761,764,1525,0.1226242006633198
749,767,1516,0.12261464521829189
744,765,1509,0.12263495527240555
743,761,1504,0.12266792473169673
739,765,1504,0.12270203520017392
735,766,1501,0.12274284312033794
736,782,1518,0.1227891563259114
732,786,1518,0.12282955635999056
735,789,1524,0.12287768032498686
728,797,1525,0.1229156790748947
726,790,1516,0.12296888531730979
725,793,1518,0.12302234704496144
726,784,1510,0.12307403815392562
721,787,1508,0.12311887171439134
711,799,1510,0.12317303065500174
714,802,1516,0.12324838971952974
715,802,1517,0.12331111628631711
715,802,1517,0.12336671729546872
713,810,1523,0.1234195535141392
713,810,1523,0.12347266257480463
711,798,1509,0.12352094598333639
716,797,1513,0.12357011156144
717,803,1520,0.12360396004368025
713,795,1508,0.12363294858120874
714,797,1511,0.12366866617660076
712,788,1500,0.12370064404655487
702,795,1497,0.12373608795594676
701,798,1499,0.12379359814969103
707,802,1509,0.12384892210421772
696,806,1502,0.1238848140191722
693,809,1502,0.1239465557953317
694,811,1505,0.12401087672162409
690,807,1497,0.1240673586590197
689,807,1496,0.12412960073711343
687,808,1495,0.12419000555225977
686,806,1492,0.12425028555935434
691,805,1496,0.12430777776247413
692,808,1500,0.12434826019945067
689,808,1497,0.12438381583357314
695,813,1508,0.12442532301061941
692,806,1498,0.1244488647515616
694,817,1511,0.12447804737553697
693,813,1506,0.12449872061698689
691,817,1508,0.12452153749266953
697,809,1506,0.12454864742153288
691,811,1502,0.12455876649273791
686,819,1505,0.1245833461736309
695,812,1507,0.12461803831386402
700,803,1503,0.12462936243782245
704,823,1527,0.12462771983425164
701,821,1522,0.12461531169734373
694,821,1515,0.12461179311513274
690,810,1500,0.12462677192809511
680,805,1485,0.12464995669223443
676,817,1493,0.12469577095080574
673,826,1499,0.12474915080841853
678,825,1503,0.12480494911458027
670,818,1488,0.12484480206218912
683,823,1506,0.12490124612872303
684,833,1517,0.12492075017946855
693,826,1519,0.12493700050724277
685,826,1511,0.1249290531766586
683,824,1507,0.12494351023901856
678,832,1510,0.12496094672076875
680,836,1516,0.12498915946370037
680,836,1516,0.1250104116075303
681,837,1518,0.12503064420399856
673,830,1503,0.12504711540312669
667,826,1493,0.12508301079676598
665,843,1508,0.12513094878269296
670,842,1512,0.12517992288578011
679,841,1520,0.12521222042077754
667,844,1511,0.1252193524067795
670,840,1510,0.125255990948124
659,836,1495,0.12528291298884167
659,847,1506,0.1253354415824804
661,850,1511,0.1253842135528054
659,851,1510,0.125425947332665
655,843,1498,0.12546959862230694
652,839,1491,0.12552066285569857
647,850,1497,0.12557516012187725
662,858,1520,0.12563901142280576
658,848,1506,0.1256593848062137
653,845,1498,0.12568777117928098
657,844,1501,0.12572735478522026
653,841,1494,0.12575347168524503
656,840,1496,0.12578692464030866
654,834,1488,0.1258099906649084
654,838,1492,0.12583555203201574
655,837,1492,0.125858948127106
658,847,1505,0.1258788835652449
656,849,1505,0.125890776885699
663,840,1503,0.12590718431186226
662,837,1499,0.12590486887534577
667,842,1509,0.12590414406430828
675,831,1506,0.12589208377752073
666,837,1503,0.12586146430464626
662,843,1505,0.1258569645804438
659,849,1508,0.1258632527790245
663,847,1510,0.12587713463639447
663,838,1501,0.1258803504373291
666,837,1503,0.12588397630596437
669,830,1499,0.12588010688700219
669,841,1510,0.12586929698930815
667,850,1517,0.1258596780047531
669,845,1514,0.12585542578765352
664,843,1507,0.12584844495830833
657,848,1505,0.12585385818457623
644,861,1505,0.1258759134577084
645,861,1506,0.12592924883126566
645,872,1517,0.1259764086822477
642,869,1511,0.12601949406814258
646,857,1503,0.1260661379046189
648,850,1498,0.1260989665420496
650,854,1504,0.1261237038830466
645,854,1499,0.12614199264788542
648,860,1508,0.12617144750181386
646,863,1509,0.1261913103967973
656,859,1515,0.12621467409504594
655,862,1517,0.12621286463662854
661,859,1520,0.12621340180556
666,858,1524,0.12619962930827558
662,848,1510,0.12617424865748736
669,851,1520,0.1261601348043035
662,856,1518,0.12612961118110197
647,859,1506,0.12611940891283968
650,874,1524,0.12614782660658108
645,872,1517,0.1261668074478644
647,874,1521,0.12619691958489945
642,873,1515,0.12622035907932797
639,864,1503,0.12625417881406395
641,862,1503,0.1262925655307262
636,870,1506,0.12632349767115353
630,889,1519,0.12636485148515333
628,884,1512,0.1264177607484939
623,874,1497,0.12647056757999142
608,872,1480,0.12653134216303621
614,881,1495,0.12662593695024899
614,878,1492,0.1266978963048265
605,869,1474,0.12676400826547116
601,876,1477,0.12684805557421794
608,878,1486,0.1269366142976465
603,891,1494,0.12700040139969437
597,892,1489,0.12707259253838996
589,895,1484,0.1271545559733397
593,896,1489,0.12725212453244927
592,898,1490,0.12733206804406336
589,898,1487,0.12740971635157994
590,905,1495,0.1274889171361135
593,922,1515,0.12756017762364796
587,922,1509,0.12761839981533263
575,920,1495,0.1276880588390937
577,921,1498,0.12778256423807322
583,923,1506,0.12786578544552032
583,928,1511,0.12792716419984348
582,921,1503,0.12798358875831586
584,912,1496,0.12804012621038882
590,919,1509,0.1280874338540702
603,918,1521,0.12811533960266053
599,910,1509,0.1281096943334541
592,907,1499,0.12811481839001035
582,912,1494,0.12813773746855756
579,925,1504,0.12818638143404035
576,915,1491,0.1282385836622292
584,915,1499,0.1282944925402327
586,922,1508,0.1283258532721067
580,933,1513,0.1283495740959624
581,933,1514,0.12838755557478682
579,946,1525,0.12841968372807105
573,923,1496,0.12845485083628783
569,929,1498,0.12850311356098015
570,936,1506,0.12855726378167953
573,940,1513,0.1286031541314982
573,934,1507,0.12863861212178393
566,936,1502,0.12867214227605978
563,930,1493,0.12872109101630136
556,930,1486,0.12877312023116197
560,939,1499,0.12883971523627072
562,946,1508,0.12889110812146273
566,949,1515,0.1289339507447038
559,939,1498,0.1289635781934998
550,943,1493,0.12900976598125602
541,951,1492,0.12907396492727632
545,957,1502,0.12915662254523727
544,947,1491,0.12922260118773785
538,951,1489,0.12928606540871115
534,956,1490,0.12936081798361498
543,963,1506,0.12943971958999595
542,959,1501,0.12948987518446808
541,953,1494,0.12953868685530767
544,956,1500,0.12958714672138935
539,956,1495,0.12962599144870654
542,947,1489,0.1296751039981101
544,962,1506,0.1297124994812977
546,956,1502,0.12974259550517334
537,962,1499,0.12976476166564216
534,953,1487,0.12980893837112104
534,964,1498,0.1298587614343348
536,968,1504,0.12990581283989533
542,980,1522,0.1299451954007613
537,976,1513,0.12996574100613137
537,966,1503,0.12999811606682177
537,968,1505,0.1300284636393965
531,964,1495,0.13005627016844476
527,967,1494,0.13009836770122968
517,981,1498,0.13014893186524262
513,986,1499,0.13022166866102194
514,988,1502,0.13030091279419323
521,990,1511,0.13037200500604226
523,990,1513,0.13042103517749912
516,985,1501,0.1304618645007616
513,992,1505,0.13051865995761014
517,993,1510,0.13058078848514004
508,993,1501,0.13062740410152843
503,983,1486,0.13069461436485524
505,991,1496,0.1307712242387254
511,988,1499,0.13083716794367317
511,993,1504,0.13088289816110774
514,1003,1517,0.13092509314321477
511,997,1508,0.13095706484836245
515,1004,1519,0.1309952219300709
511,995,1506,0.13101968801327232
510,996,1506,0.13105368168027212
517,999,1516,0.13108818185369833
509,986,1495,0.13110262198216446
506,996,1502,0.13113800890832772
507,1000,1507,0.13117876024208608
496,993,1489,0.13121544580859298
503,992,1495,0.13127963312085203
507,1000,1507,0.13132183581992854
506,1013,1519,0.1313509345687107
494,1026,1520,0.13138117923761602
491,1014,1505,0.1314404438988896
486,1021,1507,0.13150335236023494
486,1026,1512,0.13157547100145575
484,1023,1507,0.1316429527690676
487,1021,1508,0.1317117902660668
485,1024,1509,0.13176822420400675
483,1027,1510,0.13182537329377608
479,1027,1506,0.13188337708720016
472,1029,1501,0.13194656670866883
479,1034,1513,0.13202433814524395
474,1039,1513,0.13207764187104254
466,1028,1494,0.13214046413271252
467,1030,1497,0.13221927768144512
465,1040,1505,0.13229148705570437
464,1043,1507,0.1323641380299314
464,1053,1517,0.132433743742524
463,1054,1517,0.13249843755850388
466,1045,1511,0.13256111250410568
464,1046,1510,0.13261117648125822
465,1051,1516,0.13266378554026154
464,1041,1505,0.1327098507332723
458,1036,1494,0.1327558503928992
450,1047,1497,0.13281570532560066
447,1043,1490,0.13289172139951447
450,1057,1507,0.13297037800641526
453,1065,1518,0.1330356657571813
458,1057,1515,0.13308944389117483
453,1062,1515,0.13312634506811644
446,1069,1515,0.13317446124465726
444,1075,1519,0.13323832331143196
443,1061,1504,0.13330271119604753
440,1068,1508,0.1333661120115439
440,1080,1520,0.133432337940807
428,1078,1506,0.13349464576742004
423,1081,1504,0.13358452361643475
424,1085,1509,0.1336805887575789
417,1083,1500,0.13376738022351617
422,1076,1498,0.1338671481700817
431,1075,1506,0.13394657743427055
429,1079,1508,0.13399712727021065
427,1080,1507,0.13404880223663898
426,1070,1496,0.13410286384626516
427,1076,1503,0.13415671722472433
425,1088,1513,0.1342039032337233
426,1084,1510,0.13425290933885184
418,1083,1501,0.13429578648038443
420,1088,1508,0.13435614417678177
417,1098,1515,0.13440733628995585
416,1092,1508,0.13446348278821924
423,1089,1512,0.13451898210468108
429,1090,1519,0.13455177802635326
426,1088,1514,0.13456649578443872
418,1095,1513,0.13458889319917655
414,1103,1517,0.134631110990828
413,1102,1515,0.13468125538404443
412,1099,1511,0.13472984501229782
413,1100,1513,0.1347773278515292
414,1096,1510,0.134820194138157
418,1087,1505,0.13485636857670857
418,1089,1507,0.13488015887074412
419,1088,1507,0.1349028498905143
414,1086,1500,0.1349204487009877
413,1094,1507,0.13494998265765784
418,1101,1519,0.13497964669788318
413,1104,1517,0.13499360769961347
414,1103,1517,0.13501918278992125
415,1114,1529,0.135040282855974
420,1093,1513,0.13505730194277152
420,1105,1525,0.1350598893226915
423,1100,1523,0.1350630919878207
418,1104,1522,0.13505852204568247
410,1106,1516,0.13506769540543556
412,1100,1512,0.13509810835311395
412,1111,1523,0.13512081032938394
404,1107,1511,0.13514158201869722
399,1085,1484,0.13518295346515566
402,1090,1492,0.1352344377561125
404,1103,1507,0.1352732827349802
409,1102,1511,0.13530414739210425
409,1097,1506,0.13531944892660464
408,1098,1506,0.1353340888806066
406,1114,1520,0.13535052033353384
398,1112,1510,0.1353711563185773
401,1093,1494,0.1354123493182792
402,1097,1499,0.13544232128420475
406,1108,1514,0.13546735599222137
407,1105,1512,0.13548003142473028
404,1097,1501,0.1354901975957554
396,1103,1499,0.1355083650167505
399,1111,1510,0.13554689775670503
399,1106,1505,0.1355743142288718
407,1100,1507,0.13560043693819362
400,1103,1503,0.13560406084236504
403,1096,1499,0.13562588102759696
402,1094,1496,0.13563780821058619
403,1098,1501,0.13565090794189352
410,1108,1518,0.1356620587299909
405,1106,1511,0.13565374383219722
404,1107,1511,0.13565959942291794
406,1112,1518,0.1356679427760069
401,1119,1520,0.1356704773036569
401,1123,1524,0.1356868351416466
394,1115,1509,0.1357015922745561
393,1117,1510,0.13573556989743152
384,1117,1501,0.13576984675127285
378,1115,1493,0.13582618802087187
379,1115,1494,0.13589367702539595
382,1111,1493,0.13595343197516296
378,1120,1498,0.13600154351867125
375,1116,1491,0.13605627544289964
377,1124,1501,0.13611441079113884
377,1127,1504,0.13616331873624876
378,1133,1511,0.13620913806396262
384,1127,1511,0.13624847562735348
383,1125,1508,0.1362695755910111
385,1125,1510,0.1362925240273651
387,1118,1505,0.1363097302806648
386,1109,1495,0.13632063639583547
382,1115,1497,0.136333901749911
380,1116,1496,0.13635667431749424
379,1123,1502,0.13638267463538686
388,1134,1522,0.13640901113082043
385,1132,1517,0.13640816846074813
383,1129,1512,0.13641507581304424
385,1128,1513,0.136426302020741
387,1125,1512,0.1364322273822985
385,1125,1510,0.13643202368318336
382,1128,1510,0.1364367293728224
382,1135,1517,0.13644839228467684
378,1120,1498,0.13645895910514258
379,1133,1512,0.13647911538655622
378,1127,1505,0.13649432582748636
375,1126,1501,0.13651122216043327
372,1124,1496,0.13653636067117866
366,1134,1500,0.13656776033551693
366,1142,1508,0.1366136021344483
374,1135,1509,0.1366562889380894
372,1134,1506,0.13667392754553376
369,1132,1501,0.13669601919911442
371,1131,1502,0.13672548068732993
373,1132,1505,0.13674765583484277
373,1136,1509,0.13676248241452105
372,1129,1501,0.13677594765679463
365,1137,1502,0.13679178669680175
368,1147,1515,0.13682522112068543
374,1146,1520,0.13684771391109687
363,1141,1504,0.1368528410627517
366,1148,1514,0.13688684190011483
370,1153,1523,0.13691009787725827
369,1157,1526,0.13692025376020836
370,1141,1511,0.13693317611212413
372,1144,1516,0.136941895340841
378,1150,1528,0.13694490297236123
382,1154,1536,0.13693102929863266
367,1150,1517,0.13690690323311755
362,1140,1502,0.13692563734770735
357,1129,1486,0.13695757712943613
365,1135,1500,0.13700077225854523
358,1138,1496,0.1370189753135745
354,1147,1501,0.13705401003806914
345,1159,1504,0.1370982714206118
354,1160,1514,0.1371640440368672
351,1153,1504,0.137201283004642
357,1159,1516,0.1372439281413734
353,1141,1494,0.13726707578563072
359,1145,1504,0.1372996378242676
359,1144,1503,0.13731333013940644
357,1147,1504,0.13732628326446
356,1161,1517,0.1373443858703766
356,1166,1522,0.13736366272364145
356,1163,1519,0.1373813224298366
354,1156,1510,0.13739873674086323
361,1157,1518,0.13742067867894417
350,1160,1510,0.13742159059663273
350,1160,1510,0.13745296378782293
350,1168,1518,0.13748225869916134
348,1166,1514,0.13750924909080275
345,1161,1506,0.1375395019358221
342,1168,1510,0.13757607065606428
342,1167,1509,0.13761858193579965
344,1172,1516,0.13765790711165588
348,1160,1508,0.13768874912220286
353,1168,1521,0.13770632621294365
354,1165,1519,0.13770897095708798
351,1159,1510,0.13770846040999188
349,1164,1513,0.1377161705057745
345,1163,1508,0.13772864085316075
341,1162,1503,0.13775164326524084
341,1175,1516,0.13778463432152155
348,1171,1519,0.1378157636395593
353,1166,1519,0.13782521610877155
349,1169,1518,0.13782012080000705
347,1175,1522,0.13782625050162736
349,1172,1521,0.13783758256627127
347,1165,1512,0.13784348131050303
345,1163,1508,0.1378538096994404
344,1161,1505,0.1378681911488129
343,1168,1511,0.13788362558324313
345,1167,1512,0.13790190052227072
342,1170,1512,0.13791250318264298
339,1148,1487,0.13793041673293904
347,1163,1510,0.1379551511344176
349,1173,1522,0.13795535233941314
351,1179,1530,0.13795056034300868
347,1166,1513,0.13794068965669656
344,1159,1503,0.13794228411558193
341,1153,1494,0.13795311915393182
340,1170,1510,0.13797154816973356
330,1171,1501,0.1379913288289236
321,1175,1496,0.1380386783317572
324,1163,1487,0.13810683269300345
325,1163,1488,0.13816325219971673
325,1168,1493,0.13821300611441384
323,1175,1498,0.13825952926224297
330,1175,1505,0.13830980110047159
334,1167,1501,0.13833755819011137
332,1161,1493,0.13835224799788545
331,1172,1503,0.13837150827878772
328,1170,1498,0.13839286856370228
333,1184,1517,0.13842076803695924
333,1181,1514,0.13843255477789712
329,1190,1519,0.1384436122533045
326,1174,1500,0.13846458470365808
319,1186,1505,0.13849350855448292
318,1188,1506,0.13853945230115047
314,1190,1504,0.1385844263352734
320,1192,1512,0.13863783128411752
317,1196,1513,0.13867108955346122
313,1196,1509,0.13870992763055154
311,1202,1513,0.13875780302769425
305,1207,1512,0.1388074438283016
308,1196,1504,0.13887091274131166
306,1201,1507,0.1389218507724157
307,1203,1510,0.13897486420729968
303,1210,1513,0.13902106963726804
308,1220,1528,0.13907550675753344
308,1213,1521,0.13911225109733427
309,1212,1521,0.1391474388355762
308,1208,1516,0.13917733678577066
309,1213,1522,0.13920796553898263
306,1208,1514,0.13923402621322417
305,1203,1508,0.13926606726501561
302,1206,1508,0.13929787252740738
290,1196,1486,0.13933563150718295
294,1209,1503,0.13940448380372095
291,1199,1490,0.1394568453291793
292,1208,1500,0.13951372051159663
293,1202,1495,0.13956406971694618
299,1205,1504,0.13960766878801592
296,1203,1499,0.13963208056489568
289,1211,1500,0.13966370599475225
289,1220,1509,0.13971259441187567
287,1217,1504,0.13975851956404217
292,1212,1504,0.13980671243205034
296,1222,1518,0.1398378862548744
293,1224,1517,0.1398557248035278
290,1234,1524,0.1398812094250813
294,1246,1540,0.1399131168344717
294,1228,1522,0.13993179656664398
298,1220,1518,0.13994914099681163
297,1222,1519,0.13995337359906126
298,1220,1518,0.13996101735535238
296,1222,1518,0.1399657960378119
298,1222,1520,0.13997621127495372
299,1217,1516,0.13997929703602424
296,1218,1514,0.13997991648485097
295,1219,1514,0.13998960795772336
294,1214,1508,0.1400011720502542
290,1214,1504,0.1400149145033392
286,1221,1507,0.14003917776363942
285,1220,1505,0.14007292684783093
280,1227,1507,0.14010818915082635
283,1223,1506,0.14015484738662198
286,1211,1497,0.14019005254506936
291,1229,1520,0.14021482460863294
283,1240,1523,0.1402235579547268
281,1248,1529,0.1402550352232172
283,1239,1522,0.14028964045340733
286,1232,1518,0.14031667820773375
284,1225,1509,0.140333749562331
282,1227,1509,0.1403547330795935
281,1236,1517,0.14038031074397986
280,1234,1514,0.1404071132036939
280,1239,1519,0.14043581214477632
275,1232,1507,0.14046263871087125
277,1230,1507,0.1405006178563459
271,1220,1491,0.14052962311417638
276,1229,1505,0.14057277361631296
283,1232,1515,0.1405987008485083
281,1236,1517,0.14060278616457925
286,1230,1516,0.1406118800544297
277,1230,1507,0.14060588428724072
272,1237,1509,0.14062614517268768
279,1230,1509,0.14065929819216244
275,1238,1513,0.140670696109545
272,1247,1519,0.14069224165200456
273,1244,1517,0.14072044114969426
275,1255,1530,0.14074315167991303
276,1251,1527,0.14075888118520494
272,1263,1535,0.14077144920873347
272,1248,1520,0.14079441393880562
273,1259,1532,0.14081605693595398
267,1255,1522,0.14083343226013806
269,1251,1520,0.14086629955713054
273,1262,1535,0.14089139064502823
269,1268,1537,0.1409030962984713
274,1268,1542,0.1409247218607008
270,1251,1521,0.1409297586114185
270,1253,1523,0.14094623558250757
267,1252,1519,0.14096222497466462
267,1248,1515,0.14098559007184833
265,1250,1515,0.14100806855617357
263,1258,1521,0.14103367018091273
256,1258,1514,0.14106422994745846
262,1252,1514,0.14111335050642168
259,1255,1514,0.14114237175673205
260,1253,1513,0.14117895903528133
258,1254,1512,0.14121116952637536
260,1254,1514,0.1412470549902269
260,1256,1516,0.1412741812574744
257,1249,1506,0.1412990057270218
260,1241,1501,0.1413302361957861
257,1242,1499,0.14135062484906666
256,1238,1494,0.14137897468760907
257,1248,1505,0.14140845936848492
259,1251,1510,0.14143269899752942
259,1256,1515,0.1414493223457179
264,1245,1509,0.14146512414229398
259,1248,1507,0.14146670262017721
262,1239,1501,0.14148256900278589
262,1250,1512,0.1414891129563366
260,1241,1501,0.14149509723773077
259,1254,1513,0.14150700854631937
263,1266,1529,0.14152021448004007
259,1269,1528,0.14152130533744764
255,1264,1519,0.14153419372863954
252,1256,1508,0.1415569521315625
252,1262,1514,0.14158630708980008
247,1263,1510,0.1416139508030082
244,1280,1524,0.14165320348446436
249,1276,1525,0.1416980298403951
246,1272,1518,0.14172552774686037
239,1274,1513,0.14175964726972584
234,1271,1505,0.14181124353100952
237,1275,1512,0.1418740534667777
236,1279,1515,0.1419239482236527
232,1276,1508,0.14197343778385227
232,1289,1521,0.1420309212187641
230,1293,1523,0.14208543880138186
229,1284,1513,0.14214234635621403
231,1276,1507,0.14219810937318988
233,1273,1506,0.14224449875944617
232,1280,1512,0.14228208808974543
225,1284,1509,0.14231995836162853
230,1278,1508,0.14237579117473845
235,1272,1507,0.14241380551940785
234,1276,1510,0.14243469185952307
228,1285,1513,0.1424576807569627
223,1299,1522,0.14249646058585053
229,1284,1513,0.14254723943940026
233,1281,1514,0.14257731619535646
239,1266,1505,0.14259441093533023
239,1279,1518,0.14259376333331747
236,1268,1504,0.14259358554424229
235,1262,1497,0.14260082217975165
233,1265,1498,0.142610091086783
239,1281,1520,0.14262492953936182
240,1279,1519,0.14262163521491555
235,1278,1513,0.14261562655319826
237,1282,1519,0.14262457156619335
236,1285,1521,0.14262677857278822
233,1280,1513,0.14263204159917742
235,1290,1525,0.14264550013407834
235,1279,1514,0.14265275339202269
233,1272,1505,0.14266022793751332
231,1277,1508,0.1426720204277771
230,1278,1508,0.14268851220639278
234,1285,1519,0.14270750948503125
233,1289,1522,0.14271343371195783
229,1282,1511,0.14272181069971554
227,1292,1519,0.14274025249133632
228,1277,1505,0.14276234521670753
228,1272,1500,0.14278010874742683
230,1276,1506,0.1427963351137609
226,1286,1512,0.14280646566745514
228,1289,1517,0.14282795827115094
221,1292,1513,0.14284187614652816
220,1290,1510,0.14287480353068804
217,1299,1516,0.1429078924594895
214,1301,1515,0.1429475696886609
211,1284,1495,0.14299365084862642
214,1267,1481,0.1430455015214098
209,1284,1493,0.14308509111243428
206,1296,1502,0.14313640772378022
202,1297,1499,0.1431936882003052
205,1298,1503,0.14325856747017796
206,1299,1505,0.14331068792925739
207,1303,1510,0.14335675581695115
208,1312,1520,0.14339726046647205
210,1308,1518,0.14343158485047894
209,1311,1520,0.14345814102514579
203,1314,1517,0.14348592137559396
204,1310,1514,0.1435290160256618
202,1309,1511,0.14356646770557538
202,1317,1519,0.1436076999231634
199,1329,1528,0.1436458415128495
194,1318,1512,0.14369015783039252
198,1319,1517,0.14374661240605996
197,1319,1516,0.1437884049322217
201,1311,1512,0.14383047260183512
200,1317,1517,0.14385793768673683
198,1317,1515,0.1438860326510134
193,1315,1508,0.14391807889300678
191,1310,1501,0.14396315600004292
193,1316,1509,0.14401135697749562
199,1319,1518,0.14405018034083422
199,1329,1528,0.14406923823742981
196,1321,1517,0.1440870398834221
197,1313,1510,0.14411215219546242
201,1302,1503,0.14413261213015638
202,1311,1513,0.1441399565993783
201,1308,1509,0.14414442079024162
200,1308,1508,0.14415178947790708
199,1311,1510,0.14416185843118137
197,1307,1504,0.14417476403945212
197,1320,1517,0.144192835837757
192,1317,1509,0.14420908057727297
193,1326,1519,0.14423925657556538
192,1311,1503,0.14426468538426881
185,1317,1502,0.144291364517808
187,1326,1513,0.1443371555398153
185,1336,1521,0.14437446101477422
182,1342,1524,0.1444146845358814
178,1338,1516,0.1444613133072625
181,1349,1530,0.1445166685705429
179,1343,1522,0.1445599458520942
180,1346,1526,0.14460596965819783
186,1334,1520,0.1446466418715371
187,1335,1522,0.14466731718664222
187,1335,1522,0.14468415508071023
185,1322,1507,0.14470043472176167
183,1333,1516,0.14472164627999107
182,1332,1514,0.14474751244063092
184,1322,1506,0.1447744958398575
184,1314,1498,0.1447940324598351
181,1325,1506,0.14481330993221792
180,1325,1505,0.14484011057121876
182,1328,1510,0.1448679040531033
181,1334,1515,0.14488773885342338
184,1343,1527,0.14490967363184748
182,1350,1532,0.14492157247918233
177,1343,1520,0.14493856687845877
178,1346,1524,0.14496893626505353
175,1355,1530,0.14499496373282178
169,1335,1504,0.14502861399284175
168,1340,1508,0.1450774996536249
167,1347,1514,0.1451259925424032
168,1352,1520,0.14517486942305333
166,1338,1504,0.1452172528733266
170,1342,1512,0.14526278502997486
171,1331,1502,0.145294538414394
169,1344,1513,0.14532150077077088
170,1345,1515,0.14535255623237492
170,1362,1532,0.14537872075093078
168,1352,1520,0.14540350564259585
169,1341,1510,0.1454322284965052
171,1343,1514,0.14545711559598953
168,1344,1512,0.14547511552296957
160,1349,1509,0.14550081248404623
160,1350,1510,0.14554796661248318
159,1355,1514,0.14559242859167576
156,1366,1522,0.14563696597895087
154,1363,1517,0.14568734541619333
151,1368,1519,0.14574063599103532
150,1361,1511,0.1457989263542936
154,1359,1513,0.14585634927547755
153,1365,1518,0.14589872694721018
155,1359,1514,0.14594080108556898
153,1357,1510,0.14597426038107808
152,1355,1507,0.14601084082348367
149,1365,1514,0.14604805305795604
146,1354,1500,0.1460916567981083
146,1360,1506,0.14614177618329713
146,1354,1500,0.14618858546815092
147,1356,1503,0.14623243394401275
145,1358,1503,0.14627061018187418
146,1348,1494,0.14631203130108017
147,1355,1502,0.1463468748050728
150,1360,1510,0.14637713690254875
152,1355,1507,0.14639660853285164
151,1358,1509,0.14640942136779334
153,1377,1530,0.146424757341911
157,1374,1531,0.14643358241286417
154,1365,1519,0.1464301202221166
148,1363,1511,0.14643612762141445
151,1369,1520,0.14645976012934872
152,1358,1510,0.14647330914597145
151,1368,1519,0.14648311809758263
150,1353,1503,0.14649496136066012
152,1354,1506,0.14650848611914014
153,1348,1501,0.14651595864079522
153,1346,1499,0.14651992415215323
150,1353,1503,0.14652418908934373
147,1358,1505,0.14653760948211725
141,1361,1502,0.14655945878932553
137,1378,1515,0.14659759555647964
139,1371,1510,0.1466447864908211
143,1365,1508,0.14668269986340898
140,1373,1513,0.14670651542380594
140,1372,1512,0.14673793785837203
141,1369,1510,0.14676730733986573
143,1374,1517,0.14679196274268425
146,1380,1526,0.14680899515243012
144,1379,1523,0.14681590099088027
136,1371,1507,0.14682789777983923
138,1390,1528,0.14686282000487336
134,1377,1511,0.14689015071709677
135,1387,1522,0.1469273558116715
138,1391,1529,0.14695912435548558
138,1379,1517,0.1469796250312078
137,1383,1520,0.14699872519656718
136,1383,1519,0.14701963778207006
137,1369,1506,0.147041526265617
135,1382,1517,0.14705960134208187
131,1373,1504,0.1470823166976098
134,1379,1513,0.14711547537424258
133,1373,1506,0.14713783734027477
131,1376,1507,0.147161850951414
133,1388,1521,0.14719053179307973
136,1386,1522,0.14721158834546916
132,1373,1505,0.14722205946788883
133,1372,1505,0.1472432921894257
131,1376,1507,0.1472599097205349
129,1383,1512,0.1472816880422133
132,1375,1507,0.14730804995439878
136,1376,1512,0.14732357664059217
134,1380,1514,0.14732648069868984
133,1385,1518,0.14733538791385223
133,1399,1532,0.1473464445156029
131,1374,1505,0.14735687622237312
126,1367,1493,0.1473719619589148
127,1384,1511,0.14740042884733354
127,1399,1526,0.14742422595633473
125,1403,1528,0.14744652081791632
125,1400,1525,0.14747269559995718
127,1405,1532,0.14749748647309338
127,1401,1528,0.14751488109768726
126,1395,1521,0.14753121712146602
123,1384,1507,0.14754921597602944
123,1378,1501,0.14757455194699476
123,1389,1512,0.14759876821546014
123,1380,1503,0.14762144128489463
125,1382,1507,0.14764265674733296
126,1385,1511,0.14765637560522737
126,1387,1513,0.1476666562256424
119,1385,1504,0.14767642289808353
120,1380,1500,0.14770671148454578
120,1386,1506,0.14773248394845723
120,1372,1492,0.1477563043915127
119,1374,1493,0.1477785483903762
118,1399,1517,0.14780254106314092
120,1396,1516,0.14782804748417888
120,1395,1515,0.1478455912398679
120,1382,1502,0.14786214223135233
120,1395,1515,0.14787756790232848
118,1400,1518,0.1478926140955803
114,1403,1517,0.14791274888368458
112,1395,1507,0.14794363401137103
113,1407,1520,0.14797844273826544
107,1404,1511,0.14800786401861893
111,1400,1511,0.14805296699269618
116,1393,1509,0.14808344155987857
118,1388,1506,0.14809754863040547
116,1404,1520,0.14810431279653802
117,1396,1513,0.14811635867369902
119,1395,1514,0.1481247755373938
118,1398,1516,0.14812679636044346
119,1398,1517,0.14813188309114578
112,1413,1525,0.1481337844947862
115,1414,1529,0.14815685427943415
113,1430,1543,0.14816856375009038
115,1418,1533,0.14818531017403547
116,1419,1535,0.14819489264688715
113,1414,1527,0.1482010945297372
112,1411,1523,0.14821567119315526
115,1403,1518,0.14823253345105877
113,1410,1523,0.14823954950717375
112,1422,1534,0.14825178987127985
110,1411,1521,0.14826630178424152
112,1413,1525,0.1482855134883232
111,1406,1517,0.14829694788950776
113,1396,1509,0.1483106355868971
114,1390,1504,0.14831783344093513
114,1390,1504,0.1483212555510326
113,1410,1523,0.14832443184396277
112,1399,1511,0.14833017419331068
111,1407,1518,0.14833807338922275
112,1404,1516,0.14834868693289407
112,1411,1523,0.1483558830120429
112,1414,1526,0.14836281103939725
109,1416,1525,0.14836931352527757
110,1409,1519,0.14838478174043565
110,1404,1514,0.14839640804031995
109,1409,1518,0.1484072834447642
109,1393,1502,0.1484205560585737
108,1393,1501,0.14843327819031332
106,1392,1498,0.14844811580392084
108,1391,1499,0.1484676269553579
107,1396,1503,0.1484802989778067
108,1412,1520,0.14849559483411437
104,1419,1523,0.14850657554960361
104,1430,1534,0.14852901443735372
104,1420,1524,0.14855000996535397
102,1409,1511,0.14856947493499195
102,1408,1510,0.14859400203442566
99,1401,1500,0.14861680734671104
101,1405,1506,0.14864718183845962
101,1400,1501,0.14867005185722296
103,1405,1508,0.1486911531321959
108,1419,1527,0.14870474121869331
105,1417,1522,0.14870271435327348
106,1412,1518,0.1487096831501093
106,1396,1502,0.14871328942325968
109,1402,1511,0.14871666929530963
109,1403,1512,0.14871055634178812
108,1404,1512,0.1487047611771018
114,1404,1518,0.1487022174469317
114,1405,1519,0.14868180386781332
115,1417,1532,0.14866331166414976
114,1410,1524,0.1486432349228374
112,1398,1510,0.14862745796436502
113,1403,1516,0.14861907006264374
110,1420,1530,0.1486083670526455
111,1428,1539,0.14860757913219147
108,1414,1522,0.14860375259808184
114,1406,1520,0.1486093287272306
114,1404,1518,0.14859624019881704
112,1405,1517,0.14858444901418877
112,1396,1508,0.14857932026855594
111,1397,1508,0.14857445228764626
109,1397,1506,0.14857296297013434
107,1400,1507,0.14857766377571166
105,1410,1515,0.14858822113594172
103,1409,1512,0.14860440198122332
104,1402,1506,0.14862538762531635
100,1403,1503,0.14864155162445603
97,1414,1511,0.14866827120348206
99,1413,1512,0.1487017901894008
97,1408,1505,0.14872661753288668
97,1404,1501,0.14875590167104458
92,1430,1522,0.14878342493257912
92,1426,1518,0.148823856987881
94,1426,1520,0.14886229100835924
89,1411,1500,0.14889233067828558
92,1412,1504,0.14893547332336282
92,1420,1512,0.14896718684856716
95,1419,1514,0.14899719850972823
95,1425,1520,0.14901573339926166
94,1421,1515,0.14903291281139183
99,1419,1518,0.14905212780371332
97,1419,1516,0.14905504914799728
96,1412,1508,0.14906402701245686
97,1427,1524,0.14907542244045074
97,1427,1524,0.14908332701893223
99,1425,1524,0.1490908538833854
103,1412,1515,0.14909182852441177
102,1405,1507,0.14908068637539534
102,1413,1515,0.1490726238330572
98,1404,1502,0.14906544692590795
99,1401,1500,0.14907095458182376
98,1407,1505,0.1490734095731135
99,1414,1513,0.14907875533930517
98,1412,1510,0.14908093489331642
100,1412,1512,0.1490860214305054
100,1420,1520,0.14908499839782208
100,1414,1514,0.14908436042593518
100,1412,1512,0.14908423175337313
99,1400,1499,0.1490835792469971
99,1413,1512,0.14908628580697145
98,1419,1517,0.14908907584239026
94,1422,1516,0.14909461485048575
91,1424,1515,0.14911199516515566
87,1423,1510,0.14913661261064093
90,1427,1517,0.14917203784778912
89,1426,1515,0.14919640764338696
92,1428,1520,0.14922232245369962
93,1419,1512,0.14923812780296766
92,1424,1516,0.14925003934879486
94,1426,1520,0.14926407674541692
95,1430,1525,0.14927155599462558
87,1428,1515,0.14927588785372795
87,1438,1525,0.14930444231384485
87,1436,1523,0.1493309245007023
87,1434,1521,0.14935566085265686
88,1430,1518,0.1493782570369226
86,1441,1527,0.14939628921775358
86,1437,1523,0.14941858142435271
84,1440,1524,0.14943968968536814
83,1437,1520,0.14946469853706087
83,1429,1512,0.14949129282808304
78,1430,1508,0.14951599963535742
78,1432,1510,0.14955454448549735
76,1438,1514,0.1495905355640578
75,1435,1510,0.14963028060718134
73,1434,1507,0.14967051346445673
74,1433,1507,0.14971446097476748
73,1434,1507,0.1497528618647086
72,1445,1517,0.14979184334463544
74,1436,1510,0.1498313703708222
75,1441,1516,0.14986231035780295
75,1429,1504,0.14988837364207647
77,1432,1509,0.14991291743214993
77,1437,1514,0.14992961526834114
78,1438,1516,0.14994506795566964
78,1434,1512,0.14995616907294043
76,1445,1521,0.14996664901414994
77,1444,1521,0.14998235828643647
79,1454,1533,0.14999377742250997
80,1453,1533,0.14999855504122575
78,1467,1545,0.150000066585483
76,1454,1530,0.15000784035607231
74,1455,1529,0.15002143744710325
76,1448,1524,0.1500404828659279
75,1446,1521,0.15005207042254695
72,1438,1510,0.15006589198808257
73,1443,1516,0.15008807470169033
74,1440,1514,0.15010537334146717
75,1449,1524,0.15011824145140681
72,1441,1513,0.15012704253500522
72,1430,1502,0.15014472023902659
72,1435,1507,0.1501615420208572
73,1442,1515,0.15017736125312656
73,1433,1506,0.15018891444527876
73,1429,1502,0.15019950676669735
71,1441,1512,0.1502095684252758
72,1450,1522,0.15022521177594927
72,1454,1526,0.15023708775414488
68,1446,1514,0.1502479451887812
72,1449,1521,0.150270449745731
68,1441,1509,0.150279445851308
70,1430,1500,0.15030051984992895
72,1445,1517,0.15031398449502717
71,1462,1533,0.1503204616066878
70,1446,1516,0.15032978890911056
69,1433,1502,0.1503418104041817
71,1444,1515,0.1503559617460078
70,1434,1504,0.15036306765465762
68,1447,1515,0.15037283578351782
69,1452,1521,0.15038786245225222
67,1456,1523,0.1503991264846808
67,1459,1526,0.15041597378979332
70,1457,1527,0.15043176246906015
70,1445,1515,0.15043749777344978
68,1435,1503,0.15044321086406723
67,1460,1527,0.15045468886820473
64,1466,1530,0.15046846329039984
63,1458,1521,0.15049084970363463
62,1450,1512,0.15051473942292543
61,1461,1522,0.15054053939194556
60,1450,1510,0.15056755540022926
57,1454,1511,0.15059629102613734
58,1454,1512,0.15063204693735502
54,1449,1503,0.15066239240729307
55,1454,1509,0.15070329857477396
51,1461,1512,0.15073865472299397
51,1476,1527,0.15078440779206448
53,1489,1542,0.15082705567514465
51,1475,1526,0.15086114987815819
51,1460,1511,0.1508995675497068
53,1469,1522,0.1509355647656982
50,1457,1507,0.15096331067654623
51,1461,1512,0.15099838036260002
49,1463,1512,0.15102815801716746
50,1467,1517,0.15106227233127237
49,1471,1520,0.1510911400621621
49,1483,1532,0.1511213868250268
47,1473,1520,0.15114988307218138
41,1457,1498,0.1511827117794338
41,1459,1500,0.1512319145440797
41,1468,1509,0.15127784598192118
41,1468,1509,0.15132126653014144
40,1465,1505,0.15136196327875104
41,1474,1515,0.15140326194734324
38,1470,1508,0.15143862018098161
41,1480,1521,0.15148079897667355
39,1483,1522,0.15151134440704372
38,1480,1518,0.1515460200458375
36,1481,1517,0.1515818022166921
34,1475,1509,0.15162168202020537
33,1475,1508,0.15166527232418356
32,1480,1512,0.15170921090353592
31,1472,1503,0.15175344545303382
30,1470,1500,0.15179811175520316
32,1472,1504,0.15184326115821234
34,1465,1499,0.1518792986950544
36,1475,1511,0.15190713140867662
35,1473,1508,0.15192716207384704
34,1484,1518,0.15194930795273182
35,1484,1519,0.1519732229522569
33,1473,1506,0.15199253159737008
33,1480,1513,0.15201727800213227
33,1486,1519,0.15204038639173875
32,1478,1510,0.15206206390797003
33,1481,1514,0.1520855347774206
33,1492,1525,0.15210436050114753
33,1473,1506,0.15212202037115044
35,1476,1511,0.1521387182451384
33,1488,1521,0.15214787108285893
35,1479,1514,0.15216303913765433
36,1465,1501,0.15217072181832517
36,1478,1514,0.1521748498325636
34,1476,1510,0.15217874591465919
35,1477,1512,0.1521888682974701
34,1469,1503,0.15219522844280584
34,1477,1511,0.15220432544063392
34,1474,1508,0.15221288352344345
31,1484,1515,0.15222082377851123
32,1488,1520,0.15223749982857882
31,1495,1526,0.15225003813592808
29,1487,1516,0.15226496896227054
30,1494,1524,0.15228548108446793
28,1483,1511,0.15230150519892255
27,1481,1508,0.1523226533628377
26,1501,1527,0.1523456952231494
27,1500,1527,0.15237046507445426
26,1494,1520,0.15239075689920067
27,1484,1511,0.1524129657752954
27,1484,1511,0.15243080231114692
27,1492,1519,0.15244729121858316
27,1490,1517,0.1524627957397194
25,1484,1509,0.15247759043856102
26,1485,1511,0.152497821899828
26,1495,1521,0.1525136304010618
22,1482,1504,0.1525284589052395
24,1480,1504,0.1525551122226688
25,1493,1518,0.1525736441889831
22,1494,1516,0.1525882468214308
21,1495,1516,0.15261100205636238
20,1489,1509,0.1526354477097864
19,1490,1509,0.15266180518584316
18,1487,1505,0.15268962502828073
19,1497,1516,0.15271876591673195
18,1499,1517,0.15274307506557894
17,1489,1506,0.15276890464142553
18,1506,1524,0.15279621781275904
17,1506,1523,0.15281887480764048
17,1492,1509,0.15284338200711645
16,1512,1528,0.15286641858573835
16,1508,1524,0.152891168046998
16,1499,1515,0.1529144374470963
17,1498,1515,0.1529363118145492
17,1500,1517,0.15295378256704872
18,1502,1520,0.1529701600027582
19,1505,1524,0.1529825126434536
17,1507,1524,0.15299087400656178
19,1497,1516,0.15300519473763097
18,1491,1509,0.1530123731500998
18,1506,1524,0.15302218028273173
17,1515,1532,0.153031416249495
17,1503,1520,0.15304311864526002
17,1515,1532,0.15305404870487313
17,1509,1526,0.15306432653292146
17,1501,1518,0.15307401136422066
17,1488,1505,0.1530831320024534
17,1483,1500,0.15309171763906504
17,1499,1516,0.15309979732881884
16,1505,1521,0.15310739936372986
17,1518,1535,0.1531176738485379
17,1513,1530,0.15312430447525105
17,1516,1533,0.15313051175737605
17,1507,1524,0.1531363275217994
17,1513,1530,0.15314179209419734
17,1497,1514,0.15314692786652384
16,1500,1516,0.15315175511547074
16,1504,1520,0.15315938494880346
16,1507,1523,0.1531665710018551
16,1509,1525,0.1531733342879196
16,1506,1522,0.15317969474406887
16,1491,1507,0.153185674569682
15,1492,1507,0.15319129586493205
13,1484,1497,0.15319960014173817
13,1491,1504,0.15321390581615643
13,1504,1517,0.15322738092229915
13,1498,1511,0.15324003365877437
13,1512,1525,0.1532520754908018
14,1511,1525,0.15326339671935058
14,1515,1529,0.15327096290744355
13,1512,1525,0.1532780181639813
13,1500,1513,0.15328789792846587
14,1508,1522,0.15329718729610436
14,1509,1523,0.1533028154582912
14,1511,1525,0.15330809972810994
14,1506,1520,0.15331306022244212
13,1499,1512,0.153317719120927
12,1510,1522,0.15332533806846316
12,1506,1518,0.15333554342048653
12,1499,1511,0.1533451939771751
12,1500,1512,0.15335427670052382
12,1503,1515,0.15336281820814077
14,1514,1528,0.15337084844557294
15,1504,1519,0.1533722038024928
14,1515,1529,0.1533703320877286
14,1506,1520,0.15337165592443444
14,1523,1537,0.15337290217493266
14,1520,1534,0.1533740800455573
13,1514,1527,0.15337519287572388
13,1501,1514,0.1533793141904777
14,1505,1519,0.15338319372001605
13,1520,1533,0.1533837700503542
13,1518,1531,0.15338733818087927
13,1520,1533,0.15339072773491236
13,1510,1523,0.15339393853518374
13,1510,1523,0.15339696236919453
13,1512,1525,0.15339980617596707
13,1516,1529,0.15340247943737745
12,1511,1523,0.1534049919277003
12,1509,1521,0.15341037057389156
12,1505,1517,0.15341546208662782
11,1504,1515,0.15342025150543376
11,1505,1516,0.15342783207180313
11,1512,1523,0.15343496309897284
11,1497,1508,0.15344167104783962
11,1506,1517,0.15344797898612644
11,1506,1517,0.15345400184832061
11,1508,1519,0.15345979308525634
11,1519,1530,0.1534652551641566
11,1509,1520,0.15347038522732434
11,1507,1518,0.15347520327911357
11,1506,1517,0.1534797291023693
10,1506,1516,0.15348404452540826
10,1501,1511,0.15349109937677383
10,1497,1507,0.15349776975138896
10,1501,1511,0.1535040449167289
9,1497,1506,0.1535099631403254
9,1508,1517,0.1535189207802774
10,1512,1522,0.15352717660084456
11,1512,1523,0.15353182475975533
11,1506,1517,0.15353316369794687
11,1504,1515,0.1535343793161018
11,1506,1517,0.15353551526659143
11,1497,1508,0.15353658262138875
12,1498,1510,0.15353758736207612
11,1493,1504,0.1535354581429564
12,1497,1509,0.15353658686749663
12,1501,1513,0.1535345084769715
12,1508,1520,0.15353257669142578
12,1501,1513,0.1535307658231957
12,1497,1509,0.15352906728453683
12,1497,1509,0.1535274737659766
12,1497,1509,0.15352597857417422
12,1507,1519,0.1535245754947838
11,1494,1505,0.15352325873051934
12,1485,1497,0.15352504560444422
12,1494,1506,0.1535236300479171
13,1498,1511,0.15352232427894133
12,1505,1517,0.15351804707065658
12,1499,1511,0.15351710948339786
12,1495,1507,0.15351622088267647
15,1490,1505,0.15351538797326808
14,1489,1503,0.15350537558118516
16,1496,1512,0.15349896396734486
16,1482,1498,0.15348678853722464
16,1485,1501,0.15347534989948527
17,1477,1494,0.15346461409658313
17,1493,1510,0.1534513912535279
17,1479,1496,0.153439052115811
19,1491,1510,0.15342738023102498
20,1494,1514,0.15341033777521326
19,1492,1511,0.15339123899955573
19,1490,1509,0.15337647418503367
19,1494,1513,0.1533626165846894
20,1504,1524,0.15334961342867956
20,1503,1523,0.15333436890292668
19,1496,1515,0.1533200563251703
19,1483,1502,0.15330954285095166
20,1487,1507,0.15329968346706668
20,1490,1510,0.15328743160436464
20,1490,1510,0.1532759441944223
20,1497,1517,0.15326516288259648
21,1504,1525,0.15325504235031315
22,1502,1524,0.15324256915130882
21,1507,1528,0.15322757247332802
21,1508,1529,0.1532166596310619
22,1504,1526,0.15320642325916128
21,1513,1534,0.15319370096454551
20,1517,1537,0.15318487721941113
20,1498,1518,0.1531795183866656
22,1493,1515,0.15317440883206035
21,1486,1507,0.15316352728432175
21,1488,1509,0.1531562601169944
21,1479,1500,0.1531495742148065
21,1493,1514,0.15314328905899827
20,1498,1518,0.1531373856769553
21,1501,1522,0.1531347824420815
19,1498,1517,0.15312941586460163
19,1490,1509,0.153130369620268
20,1482,1502,0.1531312330080722
21,1491,1512,0.15312897192420866
21,1508,1529,0.1531236032654869
20,1491,1511,0.1531186031226086
20,1488,1508,0.15311690772594763
21,1501,1522,0.15311532944480924
23,1508,1531,0.15311079767720048
23,1504,1527,0.15310047259865128
23,1491,1514,0.153090681565227
22,1489,1511,0.15308151398380582
21,1486,1507,0.15307600978161034
19,1497,1516,0.1530738667530526
20,1493,1513,0.15307804029972127
20,1505,1525,0.15307885019266376
21,1500,1521,0.15307960495972495
22,1487,1509,0.15307717883653507
21,1492,1513,0.1530717752344187
22,1492,1514,0.15306981848972448
21,1494,1515,0.1530649407582617
20,1493,1513,0.15306343024492303
21,1500,1521,0.1530649447683815
19,1494,1513,0.1530634404390233
17,1482,1499,0.15306818048721008
19,1490,1509,0.15307881718518404
17,1498,1515,0.15308264846735514
17,1493,1510,0.15309239440590638
17,1493,1510,0.15310151078716533
17,1503,1520,0.1531100624232775
17,1508,1525,0.15311808763711646
17,1496,1513,0.15312562012829212
17,1498,1515,0.15313269099404964
17,1492,1509,0.1531393291785038
17,1491,1508,0.15314556169545807
18,1490,1508,0.15315141378960337
19,1499,1518,0.1531538092651233
18,1499,1517,0.1531529516048834
17,1501,1518,0.15315515523796414
17,1505,1522,0.1531603938260091
17,1500,1517,0.15316530233978717
17,1503,1520,0.15316991015507367
17,1506,1523,0.15317423596472318
18,1493,1511,0.15317829709116507
19,1488,1507,0.15317909022461576
19,1496,1515,0.1531767084315905
21,1490,1511,0.15317453647339285
20,1500,1520,0.1531662489757949
22,1507,1529,0.1531615416429405
20,1501,1521,0.15315087076280745
21,1503,1524,0.15314715215857877
21,1507,1528,0.15314053969756206
21,1493,1514,0.1531345397295136
21,1490,1511,0.15312888413830258
21,1489,1510,0.15312357869205756
21,1489,1510,0.15311860239386654
21,1486,1507,0.15311393373900686
22,1494,1516,0.15310955270802298
21,1503,1524,0.15310238979901344
21,1509,1530,0.1530988075621307
21,1495,1516,0.15309542934304182
22,1487,1509,0.15309225589117445
22,1495,1517,0.15308631001265557
23,1494,1517,0.15308070639330226
23,1497,1520,0.15307246834920052
23,1491,1514,0.1530647597293212
23,1486,1509,0.15305753592139962
23,1495,1518,0.15305076283275462
23,1495,1518,0.1530444096609128
22,1495,1517,0.15303834611289016
22,1483,1505,0.15303565387773538
22,1483,1505,0.153032950127077
20,1495,1515,0.15303045791851674
19,1504,1523,0.15303417295743116
23,1517,1540,0.15304072642130678
23,1513,1536,0.15303477669008433
22,1505,1527,0.15302920863809658
21,1489,1510,0.15302692876617707
19,1491,1510,0.15302806928318324
19,1491,1510,0.15303523611107636
19,1501,1520,0.15304191086515773
19,1504,1523,0.1530481579659492
19,1503,1522,0.15305401197966434
19,1507,1526,0.153059500714179
20,1507,1527,0.15306464871867698
19,1494,1513,0.15306636884247715
20,1504,1524,0.15307102995071145
20,1504,1524,0.15307238439107748
20,1507,1527,0.15307357141582162
18,1508,1526,0.15307475699362239
18,1499,1517,0.15308193619242
19,1501,1520,0.15308863199387313
19,1508,1527,0.15309187895070026
20,1502,1522,0.1530949517071384
20,1496,1516,0.15309486398380376
17,1497,1514,0.15309478760521306
19,1499,1518,0.15310382190402183
19,1504,1523,0.15310609363932617
19,1506,1525,0.15310827551668418
18,1503,1521,0.15311034022484774
17,1506,1523,0.15311541827718145
18,1512,1530,0.15312328499101419
17,1504,1521,0.15312757434962448
19,1492,1511,0.15313467063643388
19,1483,1502,0.15313518294697875
19,1495,1514,0.15313561046041502
20,1490,1510,0.15313601567300764
19,1482,1501,0.15313336618023027
18,1483,1501,0.15313396230093573
17,1496,1513,0.15313755396557707
18,1491,1509,0.15314404118035502
17,1500,1517,0.1531470647384858
18,1508,1526,0.1531529900895754
18,1496,1514,0.1531556180705399
18,1500,1518,0.15315811552899483
17,1491,1508,0.15316047465875596
17,1493,1510,0.15316572135108156
18,1502,1520,0.15317062373648288
18,1511,1529,0.15317217920467902
20,1509,1529,0.15317360723311724
20,1503,1523,0.15316899168471687
20,1517,1537,0.1531646882261949
20,1518,1538,0.153160670903473
19,1518,1537,0.15315691411194218
19,1509,1528,0.15315635331023678
19,1494,1513,0.1531558622494769
17,1495,1512,0.1531553345703225
18,1502,1520,0.1531611580544253
17,1480,1497,0.15316351295401168
17,1499,1516,0.15316866937237977
16,1502,1518,0.15317353371244022
17,1508,1525,0.15318116246410526
18,1515,1533,0.1531853113949904
18,1494,1512,0.1531862304676845
17,1493,1510,0.15318707703778459
18,1483,1501,0.15319090111829112
18,1488,1506,0.15319143893988751
17,1507,1524,0.15319197210624946
19,1504,1523,0.15319562120145241
19,1506,1525,0.15319297435697593
20,1501,1521,0.15319049120789183
20,1491,1511,0.15318500308296606
21,1494,1515,0.15317987272377917
20,1489,1509,0.15317203231678098
21,1487,1508,0.15316760419757924
21,1495,1516,0.1531604967766942
20,1496,1516,0.15315379558888442
20,1505,1525,0.15315051034640986
20,1494,1514,0.15314739348939624
20,1485,1505,0.15314445764531462
22,1489,1511,0.15314169603326389
19,1502,1521,0.15313304443496026
19,1505,1524,0.1531339174700817
20,1501,1521,0.15313476498280745
20,1494,1514,0.15313258021090262
19,1503,1522,0.15313049355655978
20,1478,1498,0.1531315097072967
19,1478,1497,0.1531295485481079
20,1492,1512,0.1531306948183034
21,1512,1533,0.15312860008135384
21,1514,1535,0.15312348015696575
22,1519,1541,0.15311857494902933
21,1505,1526,0.15311089060562955
22,1491,1513,0.15310672337358835
23,1490,1513,0.1530999727478563
22,1501,1523,0.15309061765384827
21,1502,1523,0.15308476322045114
21,1505,1526,0.15308228880511215
21,1513,1534,0.1530800996934227
22,1500,1522,0.15307803534037692
23,1488,1511,0.15307303982868778
22,1487,1509,0.15306536335724247
21,1501,1522,0.15306124066495427
19,1503,1522,0.1530603442372495
20,1501,1521,0.1530655109901743
20,1490,1510,0.15306733208403728
20,1494,1514,0.15306907703071873
20,1482,1502,0.15307091307542695
20,1486,1506,0.15307249441440493
22,1503,1525,0.15307395772667015
21,1509,1530,0.15306924586876844
22,1511,1533,0.15306772104179966
20,1503,1523,0.1530633579827779
20,1499,1519,0.15306536848513425
20,1492,1512,0.15306741105847227
20,1495,1515,0.1530692119307294
21,1491,1512,0.15307088310247122
21,1495,1516,0.1530695440463376
20,1497,1517,0.15306827664934824
19,1497,1516,0.1530701047024884
17,1517,1534,0.1530749559010953
18,1506,1524,0.1530854692823696
17,1507,1524,0.15309250314999404
17,1504,1521,0.1531021291785992
16,1511,1527,0.1531111628161517
15,1494,1509,0.15312266905794877
17,1489,1506,0.15313639307558485
18,1501,1519,0.15314322065373281
19,1494,1513,0.15314674771390308
16,1499,1515,0.15314687610734054
16,1496,1512,0.15315635449625176
16,1505,1521,0.15316516549808623
16,1509,1525,0.15317343902321934
15,1507,1522,0.15318131081741296
15,1502,1517,0.1531918773963264
14,1508,1522,0.1532017978853834
14,1497,1511,0.15321431399170968
14,1495,1509,0.15322607254418408
15,1495,1510,0.15323711854730726
15,1504,1519,0.1532445120065014
15,1505,1520,0.15325143283369771
15,1498,1513,0.1532579376990388
15,1505,1520,0.15326405285485825
15,1505,1520,0.15326980174513488
15,1509,1524,0.15327520629382638
15,1506,1521,0.1532802871035264
15,1508,1523,0.1532850635533011
15,1502,1517,0.15328955387409082
15,1508,1523,0.1532937752146406
15,1524,1539,0.15329774370246851
14,1514,1528,0.15330147450167664
14,1498,1512,0.15330795268539185
13,1500,1513,0.1533140329643635
14,1495,1509,0.1533226879441697
16,1501,1517,0.1533277859371014
15,1505,1520,0.15332671048844634
15,1496,1511,0.15332860343570062
14,1496,1510,0.15333040933730616
15,1501,1516,0.1533351196944813
15,1511,1526,0.15333652220246932
16,1504,1520,0.15333785085818552
16,1500,1516,0.15333618396351653
16,1495,1511,0.15333462018524022
16,1484,1500,0.1533331663584714
16,1498,1514,0.15333181095140266
15,1507,1522,0.15333054477336078
16,1516,1532,0.15333237952471657
16,1521,1537,0.1533310499104373
16,1528,1544,0.1533298308348355
15,1514,1529,0.153328694086248
14,1516,1530,0.1533306566125832
14,1509,1523,0.15333544151974535
13,1515,1528,0.15333987245213815
11,1507,1518,0.15334710671840912
11,1506,1517,0.15335984553329982
11,1508,1519,0.15337175175453552
12,1523,1535,0.1533829552482997
12,1505,1517,0.15339053634811087
12,1502,1514,0.15339764506457912
11,1514,1525,0.1534043287737781
10,1514,1524,0.15341355732153913
10,1503,1513,0.15342532187956956
10,1505,1515,0.15343635423333965
10,1511,1521,0.15344671675320154
10,1522,1532,0.15345645329711904
10,1516,1526,0.15346560329142203
9,1508,1517,0.1534742029954219
9,1514,1523,0.15348532470590767
9,1510,1519,0.15349577225386565
9,1524,1533,0.1535055808269625
9,1517,1526,0.15351485573423085
10,1522,1532,0.1535235835298675
10,1506,1516,0.1535288100315903
10,1495,1505,0.15353370932866045
10,1504,1514,0.15353831979056207
11,1494,1505,0.15354265749325388
11,1507,1518,0.15354363970568605
11,1509,1520,0.1535445924287671
10,1501,1511,0.15354549626139322
11,1510,1521,0.15354937953209344
11,1512,1523,0.15354998650194346
11,1518,1529,0.15355057079969472
12,1517,1529,0.15355112416486946
12,1517,1529,0.15354863939084368
12,1515,1527,0.15354628360369701
12,1519,1531,0.1535440739717563
10,1510,1520,0.15354200131654097
9,1509,1518,0.15354603986086357
9,1506,1515,0.15355295394163698
8,1494,1502,0.15355943324673457
9,1508,1517,0.15356856505841474
9,1514,1523,0.15357407191147107
9,1507,1516,0.15357925057530306
9,1508,1517,0.1535841166000564
9,1518,1527,0.15358868992453625
9,1494,1503,0.15359298870547913
9,1483,1492,0.15359702978389142
9,1485,1494,0.1536008288452927
8,1488,1496,0.1536042700710424
8,1501,1509,0.15361064830047946
8,1494,1502,0.15361665786373213
9,1500,1509,0.15362231454385297
9,1487,1496,0.15362454354849794
8,1502,1510,0.15362664271296
7,1497,1504,0.15363163789050238
7,1506,1513,0.15363948477199788
8,1503,1511,0.15364684772741705
7,1508,1515,0.1536507342413067
7,1505,1512,0.15365738405238039
8,1514,1522,0.15366357442615372
8,1511,1519,0.15366639071030325
8,1513,1521,0.15366900786497495
8,1502,1510,0.15367146582569594
8,1495,1503,0.1536737765858487
8,1506,1514,0.15367594942011625
8,1517,1525,0.15367799261934953
8,1505,1513,0.15367991388756946
8,1498,1506,0.1536817204634262
7,1507,1514,0.15368341916604433
7,1505,1512,0.15368813079519728
7,1495,1502,0.15369256964400385
6,1497,1503,0.1536967489441863
7,1492,1499,0.15370378488577305
7,1504,1511,0.153707298688732
7,1500,1507,0.153710605581147
7,1498,1505,0.15371371465547895
7,1491,1498,0.15371663841108885
6,1498,1504,0.15371938790048342
6,1493,1499,0.15372503032352192
6,1499,1505,0.15373037967721523
6,1484,1490,0.15373541673863844
6,1482,1488,0.15374015599516658
6,1501,1507,0.1537446140560737
5,1505,1510,0.15374880727517523
5,1518,1523,0.15375590432856354
5,1523,1528,0.15376256786350873
5,1528,1533,0.1537688370031427
4,1511,1515,0.15377473518892948
4,1519,1523,0.1537834709261813
4,1522,1526,0.15379167230024157
4,1515,1519,0.15379938577382124
4,1524,1528,0.15380664224509702
4,1520,1524,0.15381346906787813
4,1503,1507,0.1538198916078654
4,1504,1508,0.15382593365619138
4,1509,1513,0.15383161760552574
4,1509,1513,0.15383696455303178
4,1505,1509,0.1538419943777175
4,1510,1514,0.15384672580779807
4,1502,1506,0.15385117648327382
4,1512,1516,0.153855363015396
4,1509,1513,0.1538593010435104
4,1514,1518,0.15386300528939365
4,1509,1513,0.15386648960910107
5,1504,1509,0.1538697670423325
5,1513,1518,0.15386966822056036
5,1511,1516,0.1538695889560152
7,1515,1522,0.153869513229176
6,1519,1525,0.15386319929939704
6,1513,1519,0.1538602992306938
7,1503,1510,0.15385760297849174
7,1516,1523,0.15385201412628433
7,1509,1516,0.1538467298317825
6,1505,1511,0.15384175854137902
6,1504,1510,0.1538401418877429
6,1502,1508,0.15383866139161234
6,1519,1525,0.15383727414110202
5,1503,1508,0.15383597109753988
6,1513,1519,0.15383780263089833
5,1525,1530,0.15383648638754827
5,1530,1535,0.15383832827662114
5,1526,1531,0.1538400602856945
5,1534,1539,0.1538416919322577
5,1531,1536,0.15384322814362586
5,1528,1533,0.1538446741937849
5,1525,1530,0.15384603516270234
5,1512,1517,0.15384731588869702
4,1519,1523,0.1538485209733892
4,1530,1534,0.15385282786051604
4,1510,1514,0.1538568707361981
4,1516,1520,0.15386067742561058
4,1518,1522,0.15386426116725854
4,1531,1535,0.15386763429955777
4,1529,1533,0.15387080865657526
4,1527,1531,0.15387379557352238
4,1524,1528,0.15387660585858481
4,1522,1526,0.15387924977728154
4,1527,1531,0.15388173705236952
4,1536,1540,0.15388407687477523
4,1520,1524,0.1538862779211908
4,1509,1513,0.1538883483753014
4,1509,1513,0.15389029595073417
3,1500,1503,0.1538921279145735
3,1503,1506,0.1538969830578861
3,1503,1506,0.15390155731793664
3,1509,1512,0.15390586631301165
3,1511,1514,0.15390992304446924
3,1510,1513,0.1539137413741662
3,1504,1507,0.15391733485144446
3,1510,1513,0.15392071642393282
3,1508,1511,0.1539238983771307
3,1518,1521,0.15392689233614912
3,1518,1521,0.15392970928562008
3,1517,1520,0.1539323595955121
3,1509,1512,0.15393485304898927
2,1516,1518,0.1539371988708282
2,1508,1510,0.15394251100742276
2,1508,1510,0.153947560579078
2,1513,1515,0.15395232246213875
1,1513,1514,0.15395680786624863
1,1518,1519,0.1539642280962744
1,1528,1529,0.15397120603623116
1,1517,1518,0.15397777866558132
1,1517,1518,0.1539839683626469
1,1525,1526,0.15398979631570864
1,1520,1521,0.1539952828025538
1,1515,1516,0.15400044718616238
1,1523,1524,0.15400530789886208
2,1508,1510,0.15400988243984892
2,1505,1507,0.15401101527902522
2,1512,1514,0.15401207414848136
2,1513,1515,0.1540130633919044
2,1517,1519,0.15401398997044208
2,1515,1517,0.15401485886014746
2,1519,1521,0.15401567423578252
2,1519,1521,0.154016439782628
2,1512,1514,0.15401715881934422
2,1519,1521,0.15401783436815472
2,1519,1521,0.154018469202524
2,1515,1517,0.15401906588189176
2,1518,1520,0.15401962677801392
2,1507,1509,0.1540201540956041
2,1500,1502,0.1540206498889973
2,1509,1511,0.15402111607595728
2,1513,1515,0.15402155444937207
2,1505,1507,0.15402196668734064
2,1503,1505,0.15402235436199876
2,1513,1515,0.15402271894733358
2,1503,1505,0.15402306182616904
2,1506,1508,0.1540233842964611
2,1510,1512,0.15402368757700904
2,1519,1521,0.1540239728126676
3,1521,1524,0.15402424107912643
3,1509,1512,0.15402138159985357
3,1514,1517,0.1540186507816916
3,1517,1520,0.1540160736473771
3,1513,1516,0.15401364504236123
3,1505,1508,0.15401135765569315
3,1505,1508,0.15400920396928405
3,1518,1521,0.1540071766162373
4,1516,1520,0.15400526849078525
4,1518,1522,0.15400028635678015
4,1508,1512,0.15399561524799804
4,1503,1507,0.1539912203001526
4,1511,1515,0.15398708464471628
4,1508,1512,0.15398319315014125
4,1517,1521,0.1539795316561471
4,1509,1513,0.15397608679477204
4,1513,1517,0.15397284592603067
4,1523,1527,0.15396979710370443
4,1531,1535,0.1539669290471172
4,1514,1518,0.15396423111277902
4,1527,1531,0.15396169326506673
4,1519,1523,0.15395930604640629
4,1519,1523,0.15395706054755387
4,1523,1527,0.15395494837843526
4,1512,1516,0.15395296163984745
4,1504,1508,0.15395109289620637
4,1521,1525,0.1539493351494425
4,1522,1526,0.15394768181409416
3,1523,1526,0.15394612669361288
3,1519,1522,0.15394783667424627
3,1513,1516,0.153949433702886
3,1513,1516,0.15395093839236992
2,1509,1511,0.15395235625941173
2,1516,1518,0.15395678317041903
2,1509,1511,0.1539609978359222
2,1507,1509,0.153964974404664
2,1520,1522,0.1539687216248975
2,1515,1517,0.15397225100687767
2,1524,1526,0.1539755743051996
2,1517,1519,0.1539787029690038
2,1520,1522,0.15398164798726202
2,1515,1517,0.15398441983970193
2,1512,1514,0.15398702848429602
2,1515,1517,0.1539894833609247
2,1506,1508,0.15399179340345096
2,1506,1508,0.15399396705648194
2,1512,1514,0.15399601229473575
2,1517,1519,0.15399793664374994
2,1514,1516,0.15399974720113518
2,1507,1509,0.15400145065786083
2,1500,1502,0.1540030533192368
2,1507,1509,0.15400456112537295
2,1523,1525,0.15400597967097457
2,1512,1514,0.15400731422438416
2,1518,1520,0.15400856974581767
2,1513,1515,0.1540097509047689
2,1511,1513,0.15401086209657408
2,1518,1520,0.15401190745814325
2,1512,1514,0.15401289088287315
2,1505,1507,0.15401381603476516
2,1502,1504,0.15401468636177365
2,1525,1527,0.15401550510841658
2,1520,1522,0.15401627532767828
2,1515,1517,0.15401699989223863
2,1509,1511,0.15401768150506073
2,1515,1517,0.15401832270936955
2,1503,1505,0.15401892589805416
2,1516,1518,0.15401949332252382
2,1510,1512,0.154020027101048
2,1497,1499,0.15402052922660936
2,1496,1498,0.15402100157429727
2,1500,1502,0.15402144590826683
2,1496,1498,0.15402186388828992
2,1496,1498,0.15402225707592063
2,1513,1515,0.15402262694029767
2,1511,1513,0.15402297486360556
3,1510,1513,0.1540233021462133
2,1519,1521,0.1540204980671263
2,1518,1520,0.15402092245820684
2,1505,1507,0.1540213603837364
2,1514,1516,0.15402177786278595
2,1509,1511,0.15402217288490402
2,1515,1517,0.15402254576095814
2,1519,1521,0.15402289729472438
2,1530,1532,0.15402322845461064
2,1522,1524,0.15402354026689022
2,1528,1530,0.15402383376499518
2,1524,1526,0.15402410996242158
2,1523,1525,0.15402436983820209
1,1504,1505,0.15402461432952363
2,1510,1512,0.15402795347826526
2,1519,1521,0.15402802946129662
2,1522,1524,0.15402806682428072
2,1527,1529,0.15402809720961402
1,1528,1529,0.1540281240209837
1,1528,1529,0.1540313114114099
1,1539,1540,0.15403432179248908
1,1536,1537,0.15403716272287904
1,1529,1530,0.15403984067334123
1,1522,1523,0.1540423636557013
1,1524,1525,0.1540447398587582
1,1525,1526,0.15404697730364889
1,1522,1523,0.15404908372937853
1,1529,1530,0.1540510665453686
1,1521,1522,0.15405293281181634
1,1515,1516,0.15405468923472435
1,1524,1525,0.1540563421694683
1,1532,1533,0.15405789762945385
1,1529,1530,0.1540593612977641
1,1519,1520,0.15406073854048885
0,1520,1520,0.15406203442090538
