1378,28,1406,0.1358408280672757
1403,30,1433,0.13299141753069768
1436,30,1466,0.1303217912785152
1443,30,1473,0.12779730180457802
1446,31,1477,0.12547783175692917
1444,32,1476,0.12335571518784672
1442,33,1475,0.12142755262118139
1443,35,1478,0.11967482229937482
1446,35,1481,0.11807459063748414
1452,35,1487,0.1166093737779584
1438,36,1474,0.11526017810390138
1439,37,1476,0.11406489091721511
1451,39,1490,0.1129726844475951
1457,40,1497,0.11194884643490646
1460,39,1499,0.11100231713853434
1463,40,1503,0.110133349229298
1464,43,1507,0.10933532379560855
1444,42,1486,0.10860590929841893
1448,42,1490,0.10798701196558938
1450,42,1492,0.10741355145443542
1467,42,1509,0.1068864937775266
1456,45,1501,0.10636867607313392
1464,42,1506,0.10592163574973132
1462,41,1503,0.105497137105338
1464,41,1505,0.10511504285380281
1470,40,1510,0.10476236319092759
1459,42,1501,0.10442786515432913
1457,40,1497,0.10414753646772354
1459,40,1499,0.10389614595921186
1458,40,1498,0.10366278553526186
1453,42,1495,0.10345238330135478
1440,42,1482,0.10327180658951743
1446,41,1487,0.10313548605374688
1446,41,1487,0.1029983294412238
1448,41,1489,0.10287351260637939
1448,43,1491,0.10275529879985047
1442,42,1484,0.10264747172399297
1460,42,1502,0.10256243127388505
1461,42,1503,0.10244569695105847
1444,43,1487,0.10233786911054285
1436,43,1479,0.10227643289059937
1425,46,1471,0.10223744159532043
1434,46,1480,0.10222546049582917
1439,47,1486,0.10219492183365995
1453,46,1499,0.10215638536169326
1445,48,1493,0.1020918599299058
1446,50,1496,0.1020500352089555
1445,50,1495,0.10200924002312517
1447,48,1495,0.10197433600158355
1443,48,1491,0.10193777766374396
1447,46,1493,0.10191295807897013
1430,48,1478,0.10188172967987309
1451,48,1499,0.10189002783372883
1460,46,1506,0.1018528352918609
1466,44,1510,0.10179968163725592
1466,44,1510,0.10173816489839713
1465,45,1510,0.10168216827080132
1468,43,1511,0.1016330635867021
1457,43,1500,0.10158294984446728
1473,43,1516,0.101560330442134
1462,43,1505,0.10150529528335554
1460,43,1503,0.10147830415518204
1468,43,1511,0.1014580969663069
1467,42,1509,0.10142243891775557
1458,42,1500,0.10139228882309909
1459,40,1499,0.10138402483486
1438,42,1480,0.1013744023417328
1449,42,1491,0.10141064611545804
1457,42,1499,0.10141988076766992
1457,41,1498,0.10141132198154634
1448,41,1489,0.10140345618123306
1441,41,1482,0.1014155470809151
1441,40,1481,0.10144148838393885
1438,41,1479,0.10146482579903018
1444,40,1484,0.10149228868709397
1448,41,1489,0.10150460216001089
1448,38,1486,0.10150721535150385
1455,36,1491,0.1015097939631908
1448,37,1485,0.10149709363733678
1437,36,1473,0.10150096251392852
1436,37,1473,0.1015276509315919
1443,39,1482,0.10155392765337946
1443,37,1480,0.10156309624863379
1441,36,1477,0.10157164415239883
1446,39,1485,0.10158329715549354
1460,39,1499,0.10158358208698713
1468,41,1509,0.10155382897750828
1470,42,1512,0.10150987489344879
1463,43,1506,0.10146557160598241
1457,42,1499,0.10144006586386778
1455,42,1497,0.1014302003295345
1446,42,1488,0.10142579826154133
1461,43,1504,0.10144024145348339
1446,45,1491,0.10142205476921738
1447,44,1491,0.10143766031231116
1445,44,1489,0.10145026483601413
1443,45,1488,0.1014648733573533
1429,45,1474,0.10148260863511391
1427,46,1473,0.10152868054841707
1436,47,1483,0.10157525503800295
1439,48,1487,0.10159829228091527
1453,47,1500,0.10161255412377232
1454,44,1498,0.10159572694537841
1450,42,1492,0.10157790139016243
1457,38,1495,0.10157017145489998
1444,39,1483,0.1015481988898857
1461,39,1500,0.10155594282822483
1451,39,1490,0.10152660283014264
1459,37,1496,0.10152109421569186
1460,38,1498,0.10149892519468187
1463,39,1502,0.1014767675528529
1455,39,1494,0.10145002213641863
1463,40,1503,0.10144239603298687
1461,42,1503,0.10141893210549277
1455,42,1497,0.10140208770353677
1463,41,1504,0.10139911452689869
1449,41,1490,0.10137991177607145
1432,41,1473,0.1013921199377294
1428,43,1471,0.1014393775552787
1440,42,1482,0.10149090149378066
1440,43,1483,0.10151210194939463
1444,45,1489,0.1015320371462294
1443,44,1487,0.1015417612804161
1438,46,1484,0.10155268469502068
1445,47,1492,0.10157382700159502
1439,50,1489,0.1015775567749148
1445,51,1496,0.10159422031072271
1453,50,1503,0.10159668193076175
1448,53,1501,0.1015817519463476
1454,52,1506,0.10157874066290383
1470,51,1521,0.10156307207730932
1463,51,1514,0.10151490642083029
1454,51,1505,0.10148546065870154
1452,50,1502,0.10147799628498021
1452,48,1500,0.10147539125613766
1459,48,1507,0.10147249687895618
1451,48,1499,0.10145555424802899
1444,49,1493,0.10145703152899375
1439,49,1488,0.10147353527202824
1445,51,1496,0.10149945206827347
1431,54,1485,0.10151043584330827
1430,54,1484,0.10155007689547262
1431,54,1485,0.10158828132214513
1422,56,1478,0.10162088950268171
1427,59,1486,0.10167010945738793
1429,58,1487,0.10170374797028081
1441,58,1499,0.10172979794249916
1437,58,1495,0.10172799485389267
1429,57,1486,0.10173511529221571
1414,55,1469,0.10175890892224182
1434,56,1490,0.10181238237099059
1438,58,1496,0.10181839175188849
1446,59,1505,0.10181549792045601
1448,60,1508,0.10179589663622778
1442,60,1502,0.10177366583247824
1440,62,1502,0.10176653729382597
1420,63,1483,0.1017643677940604
1426,62,1488,0.10180553338913924
1427,58,1485,0.10182971975566164
1427,62,1489,0.1018494438697455
1427,63,1490,0.10186729105775445
1425,64,1489,0.1018843682637867
1425,65,1490,0.10190437864375802
1424,69,1493,0.10192265120622908
1420,71,1491,0.10194110523747309
1419,73,1492,0.10196664751997014
1411,75,1486,0.10199221158743114
1411,75,1486,0.10203294042050585
1418,75,1493,0.10207012195613836
1410,78,1488,0.10208888410839066
1427,74,1501,0.10212314311040536
1433,76,1509,0.10211821192577158
1419,78,1497,0.10210153277313296
1408,77,1485,0.1021164628354121
1395,78,1473,0.10215365387789348
1404,81,1485,0.10221550510125522
1414,84,1498,0.10225277984482858
1420,85,1505,0.10226504646548996
1405,82,1487,0.10226302349766535
1401,85,1486,0.10229359059986688
1395,86,1481,0.10232995338550904
1407,87,1494,0.10237587276810092
1404,90,1494,0.10239280795192103
1405,92,1497,0.10241436399367203
1408,88,1496,0.10243204771940782
1409,88,1497,0.10244181081455467
1394,85,1479,0.10244938342293526
1403,89,1492,0.10248839720240847
1400,88,1488,0.10250449654370755
1397,91,1488,0.10252604482808902
1395,91,1486,0.10255273871051897
1408,92,1500,0.10258102682794672
1406,90,1496,0.10257881166995564
1411,93,1504,0.10258091022970145
1403,92,1495,0.10257233835295486
1388,95,1483,0.1025817492915596
1395,98,1493,0.10262275255526447
1394,99,1493,0.10264545392878242
1403,95,1498,0.10266801506462073
1412,92,1504,0.10266920221631919
1405,91,1496,0.10265041574612507
1403,90,1493,0.1026482825599553
1419,90,1509,0.10265058808725361
1399,91,1490,0.10261803416578356
1394,88,1482,0.10263204378822594
1393,91,1484,0.10265497121527148
1389,93,1482,0.10267876155411301
1395,93,1488,0.10270893830291099
1381,90,1471,0.10272303121380531
1406,89,1495,0.10276695299802871
1389,91,1480,0.10275295591240621
1401,93,1494,0.102777130458139
1398,92,1490,0.10277293294430107
1409,92,1501,0.10277534900331631
1401,96,1497,0.10275400133867808
1397,100,1497,0.10275135759428285
1405,101,1506,0.10275722887733688
1396,103,1499,0.10274670988725816
1390,106,1496,0.10275675367180671
1384,106,1490,0.10277874867671813
1373,105,1478,0.10281128932454674
1372,105,1477,0.10286507959657777
1367,103,1470,0.1029163462635208
1364,109,1473,0.10297381391474593
1370,112,1482,0.10303296942522909
1374,111,1485,0.10307440023050976
1363,109,1472,0.10310318958593225
1371,110,1481,0.10315311015540775
1363,113,1476,0.10318239356402298
1367,114,1481,0.10322654603731012
1367,116,1483,0.10325763544324609
1375,114,1489,0.10328605068178937
1376,116,1492,0.10329524118519195
1378,120,1498,0.10330186311733698
1388,117,1505,0.10330359907520155
1388,119,1507,0.10328332912257773
1367,121,1488,0.10326499517287942
1361,122,1483,0.10329324518721063
1363,121,1484,0.10333210224295783
1360,120,1480,0.1033635810415797
1364,122,1486,0.10339887930555973
1373,123,1496,0.10342288268736938
1369,119,1488,0.10342435436310488
1370,124,1494,0.10343512078117185
1372,126,1498,0.10344290217351147
1368,121,1489,0.10344628987996714
1383,121,1504,0.10345746460935952
1381,123,1504,0.10343497247794858
1377,122,1499,0.10341903762204017
1375,122,1497,0.10341317531521987
1372,123,1495,0.1034132997227424
1367,125,1492,0.10342007760821803
1352,126,1478,0.10343736731409002
1361,126,1487,0.10348558539552696
1359,126,1485,0.10350970404072012
1365,124,1489,0.10353621805480508
1381,128,1509,0.10354675068922425
1368,129,1497,0.1035214293038039
1361,128,1489,0.10352689235649253
1358,126,1484,0.10354731306544897
1361,128,1489,0.1035725452159932
1358,126,1484,0.10358778798312071
1348,122,1470,0.10360853122555484
1350,123,1473,0.10365024471167036
1366,121,1487,0.10368435602140437
1369,120,1489,0.1036810326038212
1368,123,1491,0.10367018964820776
1363,127,1490,0.10366268368949746
1379,126,1505,0.1036669512839012
1367,125,1492,0.10363562889580019
1367,125,1492,0.1036324821948228
1367,126,1493,0.10363013050536629
1373,130,1503,0.10362830645717218
1372,130,1502,0.1036137603144191
1364,131,1495,0.10360220357679502
1375,126,1501,0.10360986173078
1384,125,1509,0.10359353525638863
1390,121,1511,0.10355856553597921
1395,117,1512,0.10351355680397348
1393,116,1509,0.10346093408368366
1390,111,1501,0.10341718324024253
1382,109,1491,0.10338385997333749
1379,111,1490,0.10337032956422039
1379,115,1494,0.10336502031289
1378,115,1493,0.10336022027409685
1369,115,1484,0.10335766094719326
1366,115,1481,0.10337520698402862
1369,116,1485,0.1033977832571657
1373,119,1492,0.10341240368251185
1386,122,1508,0.10341737926885564
1368,122,1490,0.10339300828165232
1369,123,1492,0.10341032363377956
1367,124,1491,0.10342456132505282
1372,129,1501,0.10344231051288898
1362,123,1485,0.10344758922970289
1374,131,1505,0.10347438099999348
1357,135,1492,0.10347328695790296
1350,137,1487,0.10350874940133811
1351,135,1486,0.10355703210825183
1354,141,1495,0.10359860086802865
1364,142,1506,0.10363021454536696
1362,146,1508,0.10363712981861077
1351,151,1502,0.10364867063677749
1353,149,1502,0.10368229590961885
1347,152,1499,0.10370945015698303
1340,157,1497,0.10374689281216913
1330,155,1485,0.1037965924768002
1328,157,1485,0.10386384764262789
1332,154,1486,0.10392923272968144
1335,157,1492,0.10398132032243615
1336,162,1498,0.10402243278482885
1340,161,1501,0.10405862958032486
1325,159,1484,0.10408271882917942
1324,157,1481,0.10413763586495191
1316,161,1477,0.10419049509746976
1329,157,1486,0.10425565162597
1329,162,1491,0.10428706273887521
1321,166,1487,0.10431642635043362
1322,166,1488,0.10436141721589653
1321,166,1487,0.10440076900909158
1325,167,1492,0.10443878712914938
1335,166,1501,0.10446518330197825
1334,169,1503,0.10446758837301086
1328,172,1500,0.10447182229316083
1328,167,1495,0.10448823648525836
1330,171,1501,0.10450386579259673
1324,175,1499,0.1045139748274222
1312,179,1491,0.10453725057812456
1320,179,1499,0.10458469747645768
1332,182,1514,0.10461054393613388
1323,184,1507,0.104608312585034
1317,181,1498,0.10462579036525288
1319,180,1499,0.10465491905394252
1343,179,1522,0.10467671723625852
1331,182,1513,0.10464546868889435
1332,181,1513,0.10464352339461559
1336,184,1520,0.10463897590450437
1338,177,1515,0.10462672236032862
1342,175,1517,0.10461134279122326
1345,177,1522,0.10458766977059276
1334,181,1515,0.10456020393154644
1330,184,1514,0.10456037646763885
1327,183,1510,0.10456981593791052
1322,186,1508,0.10458492494551798
1324,181,1505,0.10461029488074935
1321,182,1503,0.10462873780040122
1318,183,1501,0.1046517457119327
1317,185,1502,0.10467970877513512
1327,180,1507,0.10470639305445358
1314,171,1485,0.10470871303143336
1306,181,1487,0.10473932849188677
1312,179,1491,0.10478640497266387
1315,180,1495,0.10481672138495274
1301,185,1486,0.10483817496915483
1301,188,1489,0.1048879231570456
1311,186,1497,0.10493322523920189
1322,183,1505,0.10495352200702084
1313,183,1496,0.10494797784347228
1310,186,1496,0.10496275591428202
1317,182,1499,0.10498299897860316
1312,185,1497,0.10498588533060643
1312,183,1495,0.10499909339153081
1319,179,1498,0.10501215274121092
1317,180,1497,0.1050084021446055
1307,178,1485,0.1050071562497482
1309,172,1481,0.10502762019745139
1317,174,1491,0.1050415965769502
1312,177,1489,0.10503703928578072
1312,175,1487,0.1050439811579367
1322,171,1493,0.10505146200745205
1308,172,1480,0.10503424920229844
1314,172,1486,0.10504892662322343
1317,175,1492,0.1050490144906928
1310,174,1484,0.1050424847146829
1314,176,1490,0.10505267658219712
1314,176,1490,0.10505287548659986
1335,182,1517,0.10505352859106541
1323,181,1504,0.10500900260648496
1313,178,1491,0.10499483573205724
1319,177,1496,0.10500357182223777
1317,182,1499,0.10499870734512257
1313,188,1501,0.10499669178583933
1304,188,1492,0.10500384448198867
1308,188,1496,0.10503033199269624
1314,192,1506,0.10504634214506252
1310,189,1499,0.10504793228141443
1309,188,1497,0.10505869618417812
1312,191,1503,0.10507001786867035
1312,193,1505,0.10507503713027944
1303,198,1501,0.1050802819433429
1299,199,1498,0.10510480195677169
1299,202,1501,0.10513621488987276
1292,205,1497,0.10516561511741102
1285,209,1494,0.10520754768297824
1285,207,1492,0.10526177006616154
1300,208,1508,0.10531085773790375
1296,212,1508,0.10532302421893534
1286,209,1495,0.10534281866770591
1294,207,1501,0.10538316635620898
1290,205,1495,0.10540273275783814
1292,198,1490,0.10542919559153616
1292,196,1488,0.10544800332186127
1287,196,1483,0.10546485608339101
1296,201,1497,0.1054918745628139
1286,205,1491,0.10549664356979452
1289,208,1497,0.10552356926200268
1274,206,1480,0.10554114690375227
1291,208,1499,0.10559073130843628
1287,208,1495,0.10559762437336037
1281,208,1489,0.10561190223018616
1296,208,1504,0.10563850832788813
1283,211,1494,0.10562865784002988
1286,211,1497,0.10564917689660329
1289,210,1499,0.10566212010240836
1286,211,1497,0.1056675395812875
1291,212,1503,0.1056798711416454
1276,211,1487,0.10568061523047452
1283,210,1493,0.10571418801008445
1276,211,1487,0.10572995340136206
1268,214,1482,0.105760048643447
1285,215,1500,0.10580504170624337
1277,212,1489,0.10580859566453679
1286,215,1501,0.10582951674397253
1295,216,1511,0.10582953618183243
1297,218,1515,0.10581101590947523
1296,217,1513,0.10578869636464526
1296,220,1516,0.10577061396987243
1279,222,1501,0.10575509987116849
1278,222,1500,0.10577771576121694
1287,225,1512,0.10580051475366782
1291,227,1518,0.10580227737022821
1288,223,1511,0.10579606248635304
1271,220,1491,0.10579618984045687
1275,226,1501,0.1058340366038602
1277,224,1501,0.1058601624795782
1279,224,1503,0.10587926227084996
1280,223,1503,0.10589205534652922
1274,223,1497,0.10590201528789654
1287,226,1513,0.10592391829024833
1285,225,1510,0.10591575091579798
1287,224,1511,0.10591288707159259
1289,227,1516,0.10590558903781774
1271,225,1496,0.10589649331610755
1263,223,1486,0.10592738057295957
1265,228,1493,0.10597350684242411
1266,230,1496,0.10601156103962311
1272,231,1503,0.10604401753476235
1272,224,1496,0.10606150754757764
1286,221,1507,0.1060759191690908
1280,217,1497,0.10605723152929328
1286,217,1503,0.10605343941775562
1284,220,1504,0.10603680658856937
1288,217,1505,0.10602678584895839
1283,213,1496,0.10600841739219831
1300,214,1514,0.1060020318397439
1293,214,1507,0.10595833875710081
1281,212,1493,0.10593331525637793
1275,219,1494,0.10593773607056667
1267,218,1485,0.1059551167392085
1266,224,1490,0.10598817021300311
1271,223,1494,0.1060203829599546
1267,217,1484,0.10603975384087938
1267,216,1483,0.10606624765985934
1265,216,1481,0.10609078530787883
1269,219,1488,0.10611765247378954
1279,219,1498,0.10613323571279362
1265,217,1482,0.10612647271690698
1270,211,1481,0.10615098338633815
1280,218,1498,0.10616233219492155
1274,216,1490,0.10615063107887496
1287,219,1506,0.10615243789186718
1279,215,1494,0.10612514375751403
1279,214,1493,0.10611892542095587
1282,209,1491,0.10611290236191408
1294,210,1504,0.10610055010513184
1281,214,1495,0.1060635907894805
1275,218,1493,0.10605801537524098
1271,219,1490,0.1060654271488011
1282,221,1503,0.10608258121650721
1280,214,1494,0.10607333266591677
1280,215,1495,0.10606845185236757
1265,215,1480,0.10606447004452516
1262,211,1473,0.10609423685666367
1273,214,1487,0.10612776453195648
1282,216,1498,0.10613328260914828
1280,218,1498,0.10611788981328145
1281,215,1496,0.10610817633544262
1273,219,1492,0.10609732240266777
1267,222,1489,0.1061056998800593
1264,225,1489,0.10612678633448461
1279,228,1507,0.10615372995372475
1286,228,1514,0.10614533656581751
1282,225,1507,0.10612240943911011
1276,229,1505,0.10611105919763897
1265,230,1495,0.10611424585753433
1264,231,1495,0.10614204273762773
1253,225,1478,0.10616978389047947
1258,226,1484,0.10622016031164316
1251,231,1482,0.1062551910746677
1258,234,1492,0.10630218199705464
1250,234,1484,0.10633116147613507
1270,232,1502,0.10637556133913695
1260,234,1494,0.10637196015537781
1276,235,1511,0.10639010028229738
1265,243,1508,0.10637103393846553
1252,243,1495,0.10637745483622757
1244,242,1486,0.10641263474184882
1236,242,1478,0.10646277133174281
1231,242,1473,0.10652664254812144
1247,245,1492,0.10659618394824849
1241,249,1490,0.10662402656871177
1244,257,1501,0.10666229055700718
1243,253,1496,0.1066911208145084
1246,250,1496,0.10672126741107096
1251,247,1498,0.10674187441608224
1253,251,1504,0.10674995699817981
1242,254,1496,0.1067535396954177
1234,252,1486,0.10678013765979599
1243,245,1488,0.10682293891932197
1239,247,1486,0.10684184755746223
1237,246,1483,0.1068689477527673
1237,248,1485,0.10689752541744302
1241,251,1492,0.10692460857807937
1242,250,1492,0.10694090654247075
1242,253,1495,0.1069530427728604
1238,250,1488,0.10696539082420403
1240,255,1495,0.10698575659769341
1233,262,1495,0.10700038222299453
1230,267,1497,0.10702889314824855
1229,266,1495,0.10706261789134018
1231,266,1497,0.10709539269285026
1233,274,1507,0.10711984223803657
1234,272,1506,0.10713745987182582
1227,270,1497,0.10715168335073104
1240,268,1508,0.10718016961708557
1238,268,1506,0.10717891113215768
1229,267,1496,0.10718132355618101
1232,267,1499,0.10720336688296822
1236,271,1507,0.10721699016249292
1235,265,1500,0.10722092692276906
1234,269,1503,0.10722664172622572
1229,266,1495,0.10723485866539299
1233,264,1497,0.10725445773684925
1239,263,1502,0.1072624003313164
1228,270,1498,0.10725679271630838
1231,268,1499,0.10727631204801416
1223,275,1498,0.1072877768037282
1222,279,1501,0.10731730930308153
1239,277,1516,0.10734642872045626
1226,280,1506,0.10733430830229615
1228,273,1501,0.10735307961878245
1220,273,1493,0.10736555305852637
1214,276,1490,0.1073944527955346
1214,278,1492,0.10743483845419843
1222,282,1504,0.10747241188284544
1222,289,1511,0.1074889164399081
1224,294,1518,0.1075040036602498
1213,293,1506,0.10751357940690141
1205,291,1496,0.10754779937620082
1212,295,1507,0.10759713418033194
1205,297,1502,0.10762679238255501
1202,292,1494,0.10766879249237137
1202,288,1490,0.10771412718916147
1208,289,1497,0.10775567290378792
1191,290,1481,0.10778048548228508
1203,290,1493,0.1078402399601001
1211,284,1495,0.10786841347328294
1210,284,1494,0.10787606096404176
1214,285,1499,0.10788543043578329
1219,283,1502,0.107884706598077
1207,280,1487,0.10787304965956085
1207,287,1494,0.10788977031769262
1210,289,1499,0.10790594407468475
1207,289,1496,0.10791424364202147
1209,291,1500,0.10792926813415175
1200,296,1496,0.10793955671919432
1199,289,1488,0.10797044209032976
1201,291,1492,0.10800103778587769
1191,293,1484,0.1080245931588262
1199,291,1490,0.10806643784713035
1187,294,1481,0.10808812042022532
1196,296,1492,0.10813328631354198
1193,290,1483,0.10815406899133517
1205,288,1493,0.10817968960303173
1206,285,1491,0.10817566987174068
1200,285,1485,0.10817049668566504
1220,286,1506,0.10817977880118161
1219,285,1504,0.10814387212361969
1219,285,1504,0.10811217923668731
1213,282,1495,0.10808312092153714
1204,288,1492,0.10806928741640548
1211,284,1495,0.10807695883915482
1210,286,1496,0.10806887800270001
1210,281,1491,0.1080638090632594
1222,284,1506,0.10805985423265868
1208,283,1491,0.10802981703233266
1206,286,1492,0.10803321722960817
1202,290,1492,0.10804099311399273
1205,285,1490,0.10805696674910627
1196,289,1485,0.10806487612105845
1202,288,1490,0.10809232256138991
1199,293,1492,0.10810477730383933
1195,295,1490,0.10812273770548891
1200,300,1500,0.10814946250845053
1207,300,1507,0.10816366804624977
1203,303,1506,0.10816103346718695
1189,303,1492,0.10816715283015217
1182,306,1488,0.10820407965696278
1182,310,1492,0.10825343563694328
1194,307,1501,0.10829917194122018
1196,308,1504,0.10831581143908299
1192,306,1498,0.10832645026600911
1197,312,1509,0.10834447190707178
1190,308,1498,0.10834993386234623
1184,303,1487,0.10837001519399933
1183,301,1484,0.1084020747339747
1196,306,1502,0.10843410192031361
1194,308,1502,0.10843309583677392
1195,312,1507,0.1084387382589934
1200,306,1506,0.10844085569794445
1199,304,1503,0.10843209087038176
1212,311,1523,0.10842561508012359
1197,311,1508,0.10839098149234552
1195,314,1509,0.1083933786225269
1194,314,1508,0.10840123431549514
1196,313,1509,0.10840939319148028
1186,315,1501,0.10841463557423016
1175,322,1497,0.1084421925294349
1186,326,1512,0.10849183430429175
1192,336,1528,0.1085121141381261
1179,338,1517,0.10851633211280852
1178,333,1511,0.10854989678689347
1188,332,1520,0.10858218674422089
1187,327,1514,0.10858951699673065
1180,333,1513,0.10859938643685638
1175,330,1505,0.10862385185191215
1179,333,1512,0.10865771416839162
1192,328,1520,0.10867930932002288
1190,329,1519,0.10866976413400313
1184,328,1512,0.10866645540402221
1175,323,1498,0.10867692823220977
1183,324,1507,0.10870681755700183
1173,326,1499,0.10871628200326292
1175,333,1508,0.10874900721299877
1174,326,1500,0.10877310826115597
1175,329,1504,0.10879582857255019
1161,336,1497,0.10881486195574325
1168,332,1500,0.10886481466482673
1153,335,1488,0.1088949705548553
1151,342,1493,0.10895728694632051
1149,341,1490,0.1090189939054225
1157,346,1503,0.10907992298248463
1148,348,1496,0.10911761731996097
1148,344,1492,0.10917339285854137
1146,350,1496,0.10922458901683782
1142,356,1498,0.10927542821236198
1140,366,1506,0.10933077661099329
1139,366,1505,0.1093887835925226
1133,361,1494,0.10944311302287826
1144,366,1510,0.10950650909809116
1130,367,1497,0.1095401381541361
1132,367,1499,0.1096039304888587
1124,370,1494,0.10965843423201875
1124,376,1500,0.10972681144997391
1119,383,1502,0.10979086695499095
1116,387,1503,0.10986239389576177
1086,378,1464,0.10993369113681817
1094,384,1478,0.11006701609828717
1097,384,1481,0.11017061126233851
1103,395,1498,0.11025904855307772
1092,386,1478,0.11032674190390723
1095,387,1482,0.11041367980491688
1082,390,1472,0.1104856251200654
1091,387,1478,0.11058301319716851
1100,386,1486,0.11065243767995186
1096,392,1488,0.11069775065385196
1104,391,1495,0.11074798834194902
1100,393,1493,0.11077626497360442
1103,392,1495,0.11081218723896502
1100,393,1493,0.11083720568695636
1098,400,1498,0.11086721718559947
1107,407,1514,0.1108978807613742
1109,411,1520,0.11090612495893643
1115,414,1529,0.11090961985408992
1102,418,1520,0.11089997399098132
1104,418,1522,0.11092204527578448
1093,416,1509,0.11093875075873515
1093,416,1509,0.11097922863982919
1085,418,1503,0.11101651173596533
1083,417,1500,0.11106943405113842
1086,428,1514,0.11112342429452811
1085,426,1511,0.11116595327938256
1069,427,1496,0.11120862765639412
1071,423,1494,0.11128463107557078
1054,427,1481,0.11134981776788777
1066,429,1495,0.11144822167892642
1059,430,1489,0.11150984589747376
1062,435,1497,0.11158254157647342
1055,444,1499,0.1116428044293454
1062,448,1510,0.11171467175140887
1053,446,1499,0.11176353599574579
1056,440,1496,0.11182991398432734
1044,439,1483,0.11188466988063323
1050,443,1493,0.11196252900605823
1059,437,1496,0.11202179665646839
1063,439,1502,0.11205531066948565
1059,434,1493,0.11207840367282235
1064,441,1505,0.1121089655512678
1061,447,1508,0.1121255988716473
1059,449,1508,0.11214803027695516
1058,447,1505,0.11217389291359453
1051,450,1501,0.11220072545172481
1037,452,1489,0.11224179058304688
1036,455,1491,0.11231318111947505
1033,461,1494,0.11238177621656095
1037,466,1503,0.1124526800625269
1045,464,1509,0.11250999603600523
1048,467,1515,0.11254365657226703
1043,471,1514,0.11256782092751803
1046,473,1519,0.11260129354691309
1046,476,1522,0.11262608906139786
1043,482,1525,0.11264869564155479
1026,475,1501,0.11267583456813889
1034,469,1503,0.11273987613843646
1032,474,1506,0.11278132085012188
1022,477,1499,0.11282391732569891
1009,478,1487,0.11288667696182177
1021,483,1504,0.11297562302245893
1020,481,1501,0.1130301713078593
1023,481,1504,0.11308266301044995
1010,490,1500,0.11312508334859282
1008,490,1498,0.11319266988069028
998,499,1497,0.11326097575275783
997,496,1493,0.11334586952213967
984,496,1480,0.11342627108643011
998,491,1489,0.11353175864278196
990,489,1479,0.11359629230646816
994,496,1490,0.1136747362047544
1000,502,1502,0.11373677431759009
1005,504,1509,0.11377897785099457
999,494,1493,0.11380845578098545
994,499,1493,0.11384981424470307
986,500,1486,0.11390047722511852
975,504,1479,0.11396551697961567
982,506,1488,0.11404954899199278
984,495,1479,0.11411125514470587
980,503,1483,0.11416410378300444
998,501,1499,0.11422270249685625
999,509,1508,0.11423342123563816
1006,509,1515,0.11424327338397866
1000,507,1507,0.11423497796579721
997,512,1509,0.11424074655975587
988,504,1492,0.11425320210916437
1002,507,1509,0.11428327395697169
983,512,1495,0.11427910940611494
990,509,1499,0.11432037910324745
982,502,1484,0.11434203228023482
982,506,1488,0.11438038567287372
984,507,1491,0.11441609794843616
983,509,1492,0.11444456179093407
986,510,1496,0.11447354515641851
991,504,1495,0.11449287600242136
992,502,1494,0.11449993825600459
993,508,1501,0.11450458079153222
992,500,1492,0.11450593028498869
991,508,1499,0.11450892559351206
998,510,1508,0.1145141247622708
989,507,1496,0.11450256426656313
977,516,1493,0.11451300869023402
982,506,1488,0.11455148748652672
989,521,1510,0.11457780254913338
992,516,1508,0.11458546297667949
992,517,1509,0.11458491454004126
978,522,1500,0.11458241601256336
975,527,1502,0.11461264087964981
978,523,1501,0.11464688615752533
983,525,1508,0.1146720820824034
982,514,1496,0.1146844844889834
983,518,1501,0.1146997400976602
978,520,1498,0.114711915052659
973,522,1495,0.11473569861209505
975,529,1504,0.11476898636252646
964,518,1482,0.11479589442580941
954,521,1475,0.1148478751367457
958,535,1493,0.11491729453394223
955,538,1493,0.11497234821271995
955,536,1491,0.11502993820583854
949,543,1492,0.11508303065437968
960,548,1508,0.11514486934977317
967,551,1518,0.11517630843802137
944,551,1495,0.11519037203514364
942,551,1493,0.11525851770376536
947,552,1499,0.11532663578988477
947,562,1509,0.1153754363794431
949,561,1510,0.11542179798175121
941,553,1494,0.11546000924303883
934,558,1492,0.11551526783615854
938,555,1493,0.11558085711264594
933,548,1481,0.11563188688238193
943,548,1491,0.11568949987834504
947,557,1504,0.11572016112603181
958,560,1518,0.11573935076662427
944,561,1505,0.11573199152569115
931,564,1495,0.11575863678639628
933,570,1503,0.11581350792872998
943,567,1510,0.11585832076751473
942,561,1503,0.11587743104984607
937,568,1505,0.11590003621791486
937,569,1506,0.1159326326006278
932,567,1499,0.11596334626454233
936,571,1507,0.11600248033909301
931,572,1503,0.11602717034140507
920,567,1487,0.11606133085812158
922,572,1494,0.11611716088356254
912,576,1488,0.1161630046397628
910,574,1484,0.11622867176824087
914,578,1492,0.11629550448172962
917,581,1498,0.11634826079255042
910,572,1482,0.1163894058229117
918,572,1490,0.11644479557529681
919,577,1496,0.11647740110116103
915,580,1495,0.11650546830718991
909,584,1493,0.11654263147111348
912,587,1499,0.11659172799478672
899,589,1488,0.11663147740167137
902,589,1491,0.11669863149748728
899,587,1486,0.11675573657581918
890,588,1478,0.11681462579165387
892,581,1473,0.11688871208534803
893,589,1482,0.11695107888863351
902,589,1491,0.1170076995767198
914,588,1502,0.11703822713966713
917,584,1501,0.11703776368569888
929,582,1511,0.11703089453423773
929,585,1514,0.11699565741711343
920,587,1507,0.11696361168723626
916,589,1505,0.11695615977401999
914,589,1503,0.11696009961475884
922,597,1519,0.11696998476271077
906,603,1509,0.11695941600185264
905,609,1514,0.11698842850476567
906,609,1515,0.11701753361574461
902,611,1513,0.11704117264508104
906,615,1521,0.11707123235135299
905,610,1515,0.11708906292143055
913,608,1521,0.1171078186801108
904,604,1508,0.1171065385407581
892,601,1493,0.11712802403364844
899,599,1498,0.11717769828703459
896,607,1503,0.11720692665712114
892,607,1499,0.11724130726250566
895,608,1503,0.117283175900342
884,619,1503,0.11731452003076992
876,615,1491,0.11737083902835085
892,622,1514,0.11744161843592056
879,622,1501,0.11746798188890181
883,620,1503,0.11752401950937202
879,613,1492,0.11756634752691947
891,621,1512,0.1176130202064667
886,618,1504,0.1176279380361175
884,620,1504,0.11765481760036507
881,623,1504,0.11768456786207356
879,628,1507,0.11771851548685554
868,625,1493,0.11775534929471793
869,635,1504,0.11781549307319164
868,641,1509,0.11786984371870154
871,649,1520,0.11792269537095884
872,653,1525,0.11796475378325551
857,650,1507,0.11799989066316804
864,656,1520,0.11806977360186974
850,645,1495,0.11811898556190074
847,650,1497,0.11819918231733655
848,652,1500,0.1182806909303197
850,658,1508,0.1183528577481049
845,653,1498,0.11841689520252782
847,653,1500,0.11848635003832776
841,652,1493,0.11854647769441737
841,653,1494,0.1186149889651129
837,662,1499,0.1186789691553532
832,657,1489,0.11874891450823123
836,658,1494,0.11882597795584687
841,658,1499,0.11888830892696327
844,652,1496,0.11893205439898381
856,646,1502,0.11896569104543389
861,646,1507,0.11896665431071099
856,649,1505,0.11895608719538252
838,639,1477,0.11895979010420596
836,642,1478,0.11900810557248137
841,645,1486,0.11905716393740981
826,662,1488,0.11908901947835963
823,675,1498,0.11915619390961096
818,680,1498,0.11922531291846919
829,673,1502,0.11930346879429342
825,675,1500,0.11934831623443966
815,675,1490,0.1193990408669524
820,685,1505,0.11947079112895906
816,679,1495,0.11952826178248536
805,694,1499,0.11959065650172032
807,693,1500,0.11967543884824902
817,680,1497,0.11974990523017859
820,685,1505,0.1197944074570934
826,678,1504,0.11982699676509932
834,676,1510,0.11984215099258436
821,682,1503,0.11983414090361263
821,689,1510,0.11985870111250264
822,689,1511,0.1198819362899544
829,674,1503,0.11990340707530582
817,674,1491,0.11990598436014625
814,680,1494,0.11993768524474532
807,677,1484,0.1199743791749123
811,673,1484,0.12002511679384036
819,675,1494,0.1200611056433693
816,686,1502,0.1200746191527662
806,681,1487,0.12009527996103536
814,684,1498,0.12013874385306558
810,690,1500,0.12015905997472238
818,690,1508,0.1201871801520107
816,694,1510,0.12019526003458277
809,692,1501,0.12020707956455663
820,693,1513,0.1202356906623452
818,692,1510,0.12023279741176611
818,696,1514,0.1202363403559823
817,697,1514,0.12023997407388265
819,700,1519,0.12024563029409187
820,707,1527,0.12024673874412317
820,705,1525,0.12024727378432792
813,701,1514,0.12024754760156277
804,701,1505,0.12026493723180484
797,706,1503,0.12030264859865682
792,698,1490,0.1203562534262775
796,703,1499,0.12041703060139054
800,708,1508,0.12046307644075402
810,697,1507,0.12049516149239857
801,696,1497,0.12049925660278088
804,691,1495,0.12052582629588912
803,698,1501,0.12054392065652995
797,706,1503,0.12056197676131568
797,711,1508,0.12059376061125728
791,715,1506,0.12062292544508484
790,716,1506,0.12066343698385239
787,719,1506,0.12070374139472861
787,723,1510,0.1207487674330558
791,725,1516,0.1207907041053767
790,712,1502,0.12082103982718144
794,716,1510,0.12085040308702764
790,710,1500,0.1208693952215187
791,718,1509,0.12089544624903059
785,722,1507,0.12091770776448975
787,725,1512,0.12095256797779892
782,716,1498,0.12097985783643064
775,720,1495,0.12101666807515263
761,728,1489,0.12106766205312358
771,730,1501,0.12114912630583972
768,736,1504,0.12119982831384672
770,733,1503,0.12125352724314485
770,740,1510,0.1212980527032109
759,746,1505,0.12134149895332466
757,751,1508,0.12140935512843033
755,747,1502,0.12147681133733941
758,754,1512,0.12154549589100118
763,750,1513,0.12160212437214778
768,750,1518,0.12164349435972813
755,751,1506,0.1216681736679841
751,753,1504,0.12172471522427869
745,756,1501,0.1217866362615723
742,763,1505,0.12185813026724869
746,760,1506,0.12193041584059156
750,763,1513,0.12198777258350811
752,764,1516,0.12203023478789535
746,767,1513,0.12206593088995829
752,759,1511,0.12211602456301035
742,765,1507,0.12214763469020812
744,763,1507,0.12220313883488323
740,759,1499,0.12224935196577844
744,759,1503,0.1223006644129184
735,766,1501,0.12234038744383305
747,766,1513,0.12239929045449471
735,774,1509,0.12242400918560399
731,781,1512,0.12247793560225867
725,789,1514,0.12253917529102161
727,782,1509,0.12261259486887348
723,785,1508,0.12267767372524005
719,785,1504,0.12274640691299293
715,786,1501,0.12282052035427402
701,781,1482,0.12289836340054172
699,776,1475,0.12300441325131041
701,783,1484,0.12310869053254792
707,797,1504,0.12320097370163684
701,789,1490,0.12327042304314303
697,798,1495,0.12335019843722392
700,792,1492,0.12343509488693083
704,791,1495,0.12350665102441802
709,792,1501,0.12356350009827397
708,794,1502,0.12360325670415535
711,798,1509,0.1236437185402265
713,795,1508,0.12367605298614506
708,799,1507,0.12370174361269021
696,804,1500,0.12373856360844833
695,810,1505,0.12380260601786315
694,803,1497,0.1238624339280071
689,816,1505,0.12391955109433123
686,813,1499,0.12398570978782632
691,804,1495,0.12405628329377472
695,809,1504,0.12411020121185676
703,812,1515,0.12415109277931435
699,814,1513,0.1241689168308606
691,811,1502,0.12419581569560446
687,815,1502,0.12424217703429268
690,813,1503,0.12429317943041913
694,805,1499,0.12433366934866816
690,806,1496,0.12436110693089866
684,809,1493,0.12439608622885384
670,825,1495,0.12444315667745907
667,826,1493,0.12452080160837495
681,825,1506,0.12460019599531356
688,830,1518,0.12463902701927147
688,825,1513,0.1246572570294337
683,822,1505,0.12467615959507401
685,822,1507,0.12470622788100409
684,828,1512,0.12472922327551761
671,830,1501,0.12475345617647093
676,825,1501,0.12481042173181958
672,818,1490,0.12485283306409373
674,836,1510,0.12490177666498191
677,841,1518,0.12494474799047939
670,841,1511,0.12497659077317895
675,837,1512,0.12502311583516545
671,821,1492,0.12505291834467053
669,817,1486,0.12509059338585982
666,832,1498,0.12513029588767524
666,841,1507,0.12517502447804466
670,842,1512,0.12521757880021758
665,850,1515,0.125246767704661
667,851,1518,0.12528695833383993
663,857,1520,0.1253200957787257
659,858,1517,0.12536230357201783
655,858,1513,0.1254122008745088
664,855,1519,0.12546768014248275
658,854,1512,0.12549603502345902
651,858,1509,0.12553753719670063
656,859,1515,0.12559683929554452
654,865,1519,0.12563784090118915
656,868,1524,0.12568022995061157
646,865,1511,0.12571589617562057
653,862,1515,0.1257744486197868
651,858,1509,0.1258100373630975
651,848,1499,0.1258491021217369
654,852,1506,0.12588592077928557
658,861,1519,0.12591480978389782
646,870,1516,0.1259313963160229
650,877,1527,0.1259778248628869
641,879,1520,0.12601133360574668
640,869,1509,0.1260647177961024
631,872,1503,0.1261165638396617
628,874,1502,0.12618951294667632
620,869,1489,0.12626375419121338
625,878,1503,0.1263509504894351
622,876,1498,0.12641853214672166
626,870,1496,0.1264878849922001
631,871,1502,0.1265432953149868
623,872,1495,0.12658240123962192
627,874,1501,0.12663793780256583
621,879,1500,0.12668060672031525
622,885,1507,0.12673305512526492
619,888,1507,0.1267797055098806
619,899,1518,0.12683245631862025
618,900,1518,0.12688086514306132
608,894,1502,0.1269285979950235
610,896,1506,0.12699864199592859
610,896,1506,0.12706125395406967
605,888,1493,0.12711839712351633
617,898,1515,0.1271859520677276
618,907,1525,0.12721769189108528
608,902,1510,0.1272430491970972
602,900,1502,0.1272916141420942
592,897,1489,0.12735318761129413
592,915,1507,0.12743600754848294
598,914,1512,0.12751338210780588
605,921,1526,0.12757092077458285
606,918,1524,0.1276053010169291
599,912,1511,0.12763589678466264
590,926,1516,0.12768301571198176
587,926,1513,0.12775196757733795
586,929,1515,0.12782687980174937
579,938,1517,0.12790028237292408
569,939,1508,0.1279875387043149
576,930,1506,0.1280927470929247
568,936,1504,0.1281723288477406
571,933,1504,0.12826857804497535
573,933,1506,0.12834970712173405
579,936,1515,0.12842036798637652
580,940,1520,0.12847171572953603
582,934,1516,0.12851709014018609
584,936,1520,0.12855416774761663
582,930,1512,0.1285817613791974
578,934,1512,0.12861361737023244
577,932,1509,0.12865477069900066
566,949,1515,0.12869536096639986
576,934,1510,0.12876167297915533
576,943,1519,0.12879849676972593
577,944,1521,0.1288330102914008
575,941,1516,0.12886209875437474
571,950,1521,0.12889575108596854
563,953,1516,0.12893741520467214
557,944,1501,0.12899942901850914
551,953,1504,0.12907140016874463
550,957,1507,0.12915284188321896
550,956,1506,0.1292308194079378
550,961,1511,0.12930438296730323
545,958,1503,0.12937094575437277
549,954,1503,0.12944291045797665
550,946,1496,0.12950006904635383
553,945,1498,0.12955198803774803
546,951,1497,0.12959254285789334
559,948,1507,0.1296481507424173
559,957,1516,0.12966584838848946
559,963,1522,0.12968504184760662
563,959,1522,0.12970315432886098
562,966,1528,0.12971065084871522
565,961,1526,0.12971917080637368
559,952,1511,0.1297205713841506
556,952,1508,0.1297378759528728
544,961,1505,0.12976450989390964
543,964,1507,0.12982072735364447
533,968,1501,0.12987552017573553
530,973,1503,0.12994798537490407
516,981,1497,0.13002322396639904
524,976,1500,0.13012960684096325
522,984,1506,0.13020864666441231
520,979,1499,0.1302871528885138
523,979,1502,0.1303652375809815
524,986,1510,0.13042925723043777
528,979,1507,0.13048821462739008
520,982,1502,0.13053063102941304
523,981,1504,0.13059041393469817
530,981,1511,0.13063980898953273
515,988,1503,0.13066690638781098
519,992,1511,0.13073136236832222
518,982,1500,0.13078060889419718
514,982,1496,0.1308304694159015
509,1002,1511,0.13088708069527197
513,1009,1522,0.13095146061547105
519,1008,1527,0.13100329209877126
523,1008,1531,0.13103689963355705
518,1011,1529,0.13105906575120127
519,1009,1528,0.13109275107222346
515,1004,1519,0.1311211358135719
517,1004,1521,0.13115682671357745
514,1000,1514,0.13118561253983746
517,998,1515,0.1312195117952131
510,988,1498,0.13124347470500383
514,992,1506,0.13128378119256617
519,983,1502,0.13130922421681673
519,987,1506,0.13132117959157688
521,986,1507,0.13133295717371443
524,998,1522,0.13133845524410911
519,992,1511,0.13133744012215595
517,990,1507,0.13134779962018628
520,999,1519,0.13136398224442275
515,998,1513,0.131370453952581
522,999,1521,0.13138944919090087
518,991,1509,0.1313900472001545
506,1000,1506,0.13140135967125385
504,1006,1510,0.13144400279563823
504,1007,1511,0.1314889963572556
504,1001,1505,0.13152989784622438
504,1013,1517,0.13156533056529252
505,1005,1510,0.13159791090007886
510,1015,1525,0.13162635440080908
501,1019,1520,0.13163988322246153
500,1023,1523,0.13167683693915377
500,1013,1513,0.13171550234858928
492,1013,1505,0.13174928198459013
495,1020,1515,0.13180321182436888
496,1015,1511,0.1318454518328538
488,1022,1510,0.1318810288339154
487,1017,1504,0.1319347199062495
486,1017,1503,0.13198781695364595
483,1019,1502,0.13204057149798107
481,1019,1500,0.13209790721735915
478,1021,1499,0.13215820678305745
474,1029,1503,0.13222223446212567
475,1033,1508,0.1322934446438163
480,1030,1510,0.1323580693851201
484,1016,1500,0.13240427849411404
481,1025,1506,0.13243759791197995
479,1029,1508,0.1324750422230965
477,1023,1500,0.13251465497848
481,1032,1513,0.13255666054014598
483,1035,1518,0.13258509005865535
475,1029,1504,0.13260467797246933
482,1024,1506,0.13264387178257725
476,1030,1506,0.13266159566377034
475,1028,1503,0.13269431237951326
472,1033,1505,0.13272858444029093
474,1032,1506,0.13276870687901973
472,1038,1510,0.13280145629316567
472,1033,1505,0.13283852168566934
465,1030,1495,0.13287426069711783
465,1045,1510,0.13292657731285495
469,1039,1508,0.13297574581470076
464,1031,1495,0.13300983524158172
455,1035,1490,0.13305394499727177
458,1037,1495,0.13311792033012132
454,1039,1493,0.1331725161937246
456,1044,1500,0.13323528131703904
465,1031,1496,0.13328905377962452
461,1043,1504,0.13331699009479195
455,1051,1506,0.1333539670755679
458,1063,1521,0.1334056962447074
460,1062,1522,0.13344565558260912
461,1062,1523,0.13347893489426368
458,1057,1515,0.13350703862509977
458,1057,1515,0.1335405257853531
447,1068,1515,0.1335716619382057
441,1070,1511,0.1336277175630621
441,1070,1511,0.13369600077123373
443,1068,1511,0.13376003566356215
449,1067,1516,0.13381574451031308
455,1064,1519,0.13385151888869504
454,1051,1505,0.13386741603647845
452,1038,1490,0.13388374235880895
452,1052,1504,0.1339038836913806
454,1066,1520,0.13392377851400702
456,1064,1520,0.13393618880324223
456,1068,1524,0.13394440168031896
461,1059,1520,0.13394889994056086
461,1073,1534,0.13394119944887742
464,1061,1525,0.13393554587090242
460,1069,1529,0.13392258973830845
458,1062,1520,0.13392221775415952
451,1064,1515,0.13392875236078802
445,1051,1496,0.13395173578093622
440,1051,1491,0.13398824178209254
444,1051,1495,0.13403528353356797
450,1057,1507,0.13406896507032037
447,1044,1491,0.13408545980589498
458,1053,1511,0.13410736246703897
457,1058,1515,0.13409751279320178
459,1060,1519,0.13408818174222062
459,1056,1515,0.1340758339148068
457,1059,1516,0.13406292970138398
455,1058,1513,0.13405846132764324
456,1056,1512,0.13405916707925644
453,1052,1505,0.13405765553593363
448,1053,1501,0.13406429863596744
444,1066,1510,0.13408380921483723
448,1067,1515,0.1341134410723396
442,1073,1515,0.13413309120333858
447,1083,1530,0.13416789855533673
442,1083,1525,0.134189239721409
439,1081,1520,0.1342228429371701
435,1078,1513,0.13426197244556531
435,1080,1515,0.13431160200022518
437,1065,1502,0.1343571619884459
437,1069,1506,0.13439251888026235
433,1070,1503,0.13442562889669912
446,1067,1513,0.13446717772835412
441,1071,1512,0.13447268039654936
437,1065,1502,0.13449228514876313
441,1070,1511,0.13452226058515027
447,1073,1520,0.13453888312821483
444,1066,1510,0.13453835496776917
443,1078,1521,0.1345451122350954
446,1086,1532,0.13455444540814554
438,1071,1509,0.13455535118830766
437,1074,1511,0.13457657710799753
435,1079,1514,0.13459863697097482
429,1080,1509,0.134624457605741
429,1079,1508,0.13466314427536885
434,1080,1514,0.13469776900529457
432,1081,1513,0.13471570196598914
432,1081,1513,0.1347365646604512
432,1082,1514,0.1347549171333916
436,1076,1512,0.1347738399363063
436,1076,1512,0.1347819340489687
438,1081,1519,0.13478777801622532
435,1085,1520,0.13478736256379048
430,1091,1521,0.1347966426594601
437,1094,1531,0.13481947498070967
435,1091,1526,0.13482286932578907
436,1089,1525,0.13483079080205165
436,1088,1524,0.1348362172378221
432,1093,1525,0.13484036543619357
423,1091,1514,0.13485540103253416
417,1089,1506,0.1348935111625945
423,1074,1497,0.13494378691889344
411,1070,1481,0.13497547911184357
410,1085,1495,0.13503610489658974
414,1090,1504,0.13509539469622245
416,1087,1503,0.13513777127540055
417,1086,1503,0.13517431219432607
414,1085,1499,0.13520567022477287
413,1072,1485,0.13524530803643184
411,1086,1497,0.13528533365189876
410,1078,1488,0.1353275024494971
412,1082,1494,0.13536849745081395
415,1090,1505,0.13540212666240406
416,1082,1498,0.13542840492184832
423,1091,1514,0.13544782952455514
422,1091,1513,0.13544909425139687
422,1080,1502,0.13545474818786907
423,1088,1511,0.1354605932254379
421,1095,1516,0.1354642884177341
416,1094,1510,0.1354732631128651
410,1087,1497,0.13549373646332483
412,1093,1505,0.13552916770549114
423,1092,1515,0.13555634413279888
409,1084,1493,0.13555306969766512
406,1090,1496,0.1355871206358978
408,1094,1502,0.1356274894123254
410,1086,1496,0.13565961652859557
414,1100,1514,0.13568418515669656
413,1101,1514,0.13569733981673507
415,1096,1511,0.13571166933688425
419,1098,1517,0.13572045375552205
423,1096,1519,0.13571861764459153
423,1085,1508,0.13570622735345
424,1088,1512,0.135693825429058
423,1095,1518,0.13567882837481826
423,1083,1506,0.13566695093560172
422,1086,1508,0.13565486015796868
419,1091,1510,0.13564689427918736
418,1083,1501,0.13564640918532322
423,1105,1528,0.13564835943310535
411,1100,1511,0.1356365403988529
415,1088,1503,0.13565650851189504
420,1091,1511,0.1356676996809934
417,1088,1505,0.13566377606925287
413,1081,1494,0.13566680732289454
418,1086,1504,0.13567997099121767
419,1096,1515,0.1356795115984039
415,1098,1513,0.13567514607851602
412,1093,1505,0.1356842136547538
412,1097,1509,0.13570180138911705
412,1096,1508,0.1357180675492103
410,1102,1512,0.13573481613835464
407,1106,1513,0.13575622878521595
413,1107,1520,0.1357826313876296
414,1097,1511,0.13579305136631567
415,1095,1510,0.1358002377341857
414,1092,1506,0.1358033209706499
413,1084,1497,0.13581006494600092
415,1089,1504,0.13581915789911034
414,1097,1511,0.13582147695410648
413,1099,1512,0.1358260195125522
413,1098,1511,0.13583277472192054
410,1101,1511,0.13583977493670335
408,1103,1511,0.1358538829824616
406,1104,1510,0.1358736921267874
405,1103,1508,0.1358980470753294
405,1103,1508,0.1359228934873816
407,1110,1517,0.13594557649913339
398,1107,1505,0.13596243242199788
397,1114,1511,0.13600239398904082
393,1114,1507,0.13604085232021762
393,1112,1505,0.13608774271738283
390,1108,1498,0.13613319135334345
389,1112,1501,0.1361844831740992
393,1123,1516,0.13623446856454666
386,1132,1518,0.1362704939805261
381,1130,1511,0.1363219224319262
382,1122,1504,0.1363820689039434
385,1104,1489,0.13643640157920978
390,1103,1493,0.13647879990514067
390,1112,1502,0.13650458327563325
382,1110,1492,0.1365299146798478
383,1119,1502,0.13657422540473002
384,1118,1502,0.13661398932079552
385,1111,1496,0.13664869057090862
383,1128,1511,0.13667972809680964
377,1132,1509,0.13671470660504656
378,1135,1513,0.13676389256889243
375,1147,1522,0.13680743332853773
373,1139,1512,0.1368567037772237
382,1139,1521,0.13690739216331763
378,1129,1507,0.13693202970663443
384,1124,1508,0.13696588710091054
388,1129,1517,0.13698360894279119
384,1119,1503,0.13698944999839302
385,1138,1523,0.13700434194644565
387,1129,1516,0.13701683102001383
388,1124,1512,0.1370227282879389
384,1128,1512,0.1370245705149113
377,1129,1506,0.1370395799758801
373,1125,1498,0.13707075263425175
371,1133,1504,0.13710892003329203
371,1132,1503,0.13714862077477305
373,1134,1507,0.13718655332872298
375,1138,1513,0.1372163882179004
367,1141,1508,0.13723846989491373
369,1147,1516,0.13727978523547335
364,1160,1524,0.13731361254972002
363,1146,1509,0.13735992632026645
359,1143,1502,0.13740422111957018
357,1143,1500,0.13745649782325717
361,1158,1519,0.1375113569524027
367,1162,1529,0.1375516875630597
368,1147,1515,0.13757316667019395
372,1146,1518,0.13759039038017287
363,1145,1508,0.1375951188334121
365,1157,1522,0.13762163443823477
367,1135,1502,0.13764182280836756
369,1143,1512,0.1376560996313125
370,1146,1516,0.13766333397865657
371,1149,1520,0.13766626347568064
371,1152,1523,0.13766757408479868
368,1140,1508,0.1376684313952272
366,1140,1506,0.1376747519029914
370,1145,1515,0.13768571278900807
368,1151,1519,0.1376848395715456
372,1149,1521,0.13769079496507303
365,1150,1515,0.13768781923453055
371,1146,1517,0.13770295556507364
369,1146,1515,0.1376993952938078
374,1144,1518,0.13770018934952924
369,1145,1514,0.13768983315482888
364,1145,1509,0.13769273888541939
370,1134,1504,0.13770870169762287
365,1138,1503,0.13770902082486558
371,1143,1514,0.13772393257848947
367,1148,1515,0.1377218886955401
365,1146,1511,0.13772993859596694
368,1149,1517,0.13774373743543386
372,1148,1520,0.13774845163307473
375,1149,1524,0.13774356107850524
374,1151,1525,0.13773084088119902
374,1152,1526,0.13772133902917055
367,1150,1517,0.13771347699359449
367,1148,1515,0.1377237596780058
370,1141,1511,0.13773305945009945
375,1142,1517,0.1377352479886559
369,1141,1510,0.13772551806781233
371,1132,1503,0.13773210748433162
368,1144,1512,0.13773192059168832
370,1136,1506,0.13773972184311747
372,1139,1511,0.13774324917321878
370,1144,1514,0.13773979143639412
364,1157,1521,0.13774038119046558
364,1157,1521,0.13775868936741553
366,1142,1508,0.1377769635369375
360,1147,1507,0.1377868951763258
357,1142,1499,0.1378106827544049
360,1143,1503,0.1378395347102234
364,1148,1512,0.13785750664271912
355,1157,1512,0.13786526411330666
352,1157,1509,0.13789521714946193
358,1152,1510,0.13793077019051966
363,1152,1515,0.13794761042306075
361,1163,1524,0.13795010317488737
365,1162,1527,0.13795676891064662
362,1165,1527,0.1379530935158957
362,1162,1524,0.13795755115356015
366,1158,1524,0.13796261567366008
362,1166,1528,0.13795684669473257
360,1156,1516,0.13796192950102856
356,1165,1521,0.13797224116520085
356,1157,1513,0.13799063028064817
358,1155,1513,0.1380074635930391
353,1145,1498,0.13801899809381696
358,1160,1518,0.1380428547289604
356,1157,1513,0.13805191172110434
365,1162,1527,0.13806560019334513
363,1168,1531,0.13805526596198675
358,1169,1527,0.1380514175721228
358,1163,1521,0.13806013641291107
343,1158,1501,0.13806764693878418
346,1167,1513,0.13811451098918018
344,1173,1517,0.13815172175635074
347,1180,1527,0.1381910945488769
343,1178,1521,0.1382204042127615
345,1171,1516,0.13826078689651988
347,1175,1522,0.13829312128927285
352,1168,1520,0.1383179036505541
353,1151,1504,0.1383266943318012
347,1162,1509,0.13833224477971126
346,1160,1506,0.1383543402204931
341,1160,1501,0.13837954750310227
339,1158,1497,0.13841554549811003
351,1163,1514,0.1384535959671421
349,1167,1516,0.13845854651198916
347,1172,1519,0.13846763168926557
345,1159,1504,0.13848152416405896
339,1166,1505,0.13849930888291495
336,1172,1508,0.1385324911602688
336,1167,1503,0.13857095206227274
332,1177,1509,0.13860756992980985
339,1178,1517,0.13865354708470096
338,1167,1505,0.13867819976645201
335,1160,1495,0.13870424026676625
340,1165,1505,0.13873634555316297
333,1176,1509,0.13875147528989829
335,1185,1520,0.13878458858342652
325,1190,1515,0.13881183007465214
324,1185,1509,0.1388622108307282
325,1184,1509,0.1389120954192795
326,1182,1508,0.13895460539951096
316,1181,1497,0.13899284231106981
320,1178,1498,0.13905548367745826
319,1183,1502,0.13910347570185455
326,1173,1499,0.139151978925768
321,1186,1507,0.1391795717354437
316,1194,1510,0.1392201105853532
314,1203,1517,0.13927272964505774
311,1202,1513,0.13932689140275653
314,1197,1511,0.13938394143474186
313,1198,1511,0.13942927060586016
319,1196,1515,0.13947306101462542
314,1190,1504,0.13949848285481686
314,1194,1508,0.1395344849873143
319,1200,1519,0.13956718684317443
319,1202,1521,0.13958463037300878
315,1202,1517,0.1395994892941068
316,1205,1521,0.13962376015693106
311,1205,1516,0.1396447404667982
313,1192,1505,0.13967646118917001
313,1196,1509,0.1397000732950993
320,1217,1537,0.13971977359514004
319,1207,1526,0.1397225678058403
318,1198,1516,0.13972781638945142
316,1200,1516,0.13973505171580516
314,1196,1510,0.13974687361523233
316,1177,1493,0.13976335294406828
310,1182,1492,0.13977231398249587
308,1186,1494,0.13979678251118857
308,1194,1502,0.13982457925940284
310,1197,1507,0.13985081941062139
307,1203,1510,0.13987073291955565
304,1197,1501,0.13989711291245893
303,1198,1501,0.13992916917540701
301,1201,1502,0.13996295019315874
301,1192,1493,0.13999888558778248
300,1200,1500,0.14003189945775868
301,1210,1511,0.14006456832892084
307,1204,1511,0.14009216681529194
311,1197,1508,0.14010283854657457
305,1199,1504,0.14010419674983562
307,1205,1512,0.14012082411987756
307,1209,1516,0.1401304681433359
302,1201,1503,0.1401404472032536
300,1222,1522,0.14016427604487294
297,1220,1517,0.1401928181006746
298,1212,1510,0.1402284068624319
301,1198,1499,0.14025878573887918
294,1206,1500,0.14027826376881933
295,1219,1514,0.1403141353632443
294,1216,1510,0.14034527736347577
290,1213,1503,0.14037811879060735
288,1206,1494,0.1404193443357415
284,1217,1501,0.14046296723747648
283,1222,1505,0.14051569777327835
284,1229,1513,0.14056606786672732
281,1231,1512,0.14061130382593345
281,1218,1499,0.1406615340187793
280,1215,1495,0.1407098199224227
283,1209,1492,0.1407592944143393
282,1213,1495,0.14079915591664302
272,1213,1485,0.14084026895328167
276,1211,1487,0.14090524201706692
280,1210,1490,0.14095498779268398
281,1216,1497,0.14099272659930595
281,1229,1510,0.14102499072886818
281,1221,1502,0.14105524316424334
277,1226,1503,0.1410836315406455
280,1233,1513,0.14112012200188936
278,1230,1508,0.14114743434806265
286,1242,1528,0.14117802213813546
285,1221,1506,0.14118462183027333
285,1226,1511,0.1411941189090547
288,1226,1514,0.1412034841633582
284,1213,1497,0.1412053471933575
279,1234,1513,0.14121865075507511
280,1238,1518,0.141244010808493
285,1237,1522,0.14126547089687463
277,1226,1503,0.14127298810595895
271,1229,1500,0.14130171884223997
270,1240,1510,0.1413444992616607
269,1225,1494,0.14138618172597828
274,1228,1502,0.14142762811798526
276,1226,1502,0.14145323780435795
272,1226,1498,0.14147072798552368
276,1237,1513,0.14149770145908697
274,1237,1511,0.141512905685334
277,1231,1508,0.14153363802571867
272,1228,1500,0.1415445567965686
271,1230,1501,0.14156841112212507
273,1228,1501,0.14159268044695345
270,1233,1503,0.14161119654171664
272,1250,1522,0.14163809146617937
267,1255,1522,0.14165722260287153
266,1251,1517,0.14168809614997388
261,1241,1502,0.14172051388582804
259,1247,1506,0.14176310091548722
254,1245,1499,0.14180780176133945
260,1265,1525,0.14186307495807982
258,1266,1524,0.1418978021370084
256,1260,1516,0.14193599337224885
255,1244,1499,0.14197725421047497
256,1233,1489,0.14201790721087143
252,1253,1505,0.14205397319722796
258,1248,1506,0.14209626279253348
256,1253,1509,0.14212187254934947
261,1248,1509,0.14215083397013498
264,1245,1509,0.14216542225147782
255,1252,1507,0.14217088985223802
256,1259,1515,0.14220143749952022
251,1255,1506,0.142226026663463
256,1260,1516,0.14226255872023935
261,1253,1514,0.1422838710833795
256,1256,1512,0.14228895436228675
261,1249,1510,0.14230566842479153
259,1253,1512,0.14230851437849457
257,1259,1516,0.14231647260415023
256,1258,1514,0.14233053820239364
257,1260,1517,0.14234471321466158
254,1267,1521,0.14235555370749473
258,1264,1522,0.14237301391442156
258,1268,1526,0.1423790252311878
258,1258,1516,0.14238447411264718
257,1264,1521,0.142390165412982
257,1259,1516,0.14239774457845514
258,1254,1512,0.14240590358463126
255,1270,1525,0.1424119775529638
250,1278,1528,0.14242669097650482
246,1270,1516,0.14245362856040703
243,1272,1515,0.14249025490827255
243,1276,1519,0.1425318135038844
239,1279,1518,0.1425707904654369
240,1282,1522,0.14261695224356477
236,1286,1522,0.1426575712158379
236,1285,1521,0.14270587787441052
233,1279,1512,0.14275079016973735
239,1273,1512,0.1428016886369953
238,1272,1510,0.14283385495511977
234,1281,1515,0.1428671896460493
230,1280,1510,0.14290920135495744
237,1287,1524,0.14295927023832664
238,1288,1526,0.1429866059141968
240,1284,1524,0.14300808608353135
242,1286,1528,0.14302262976337204
242,1279,1521,0.14302951628420135
242,1288,1530,0.14303651271936707
241,1286,1527,0.14304236760881905
239,1280,1519,0.14305098614062633
241,1277,1518,0.1430646223246186
240,1285,1525,0.14307282344989536
241,1286,1527,0.14308354382636074
240,1277,1517,0.14309075654324308
240,1267,1507,0.14309967530325368
235,1279,1514,0.14310753772127993
240,1283,1523,0.14313094238521576
237,1281,1518,0.1431386351306308
236,1286,1522,0.14315394398173029
238,1276,1514,0.14317186527291564
235,1284,1519,0.14318209564588955
235,1276,1511,0.1431994310529161
237,1278,1515,0.14321707749868692
234,1276,1510,0.1432265642925744
232,1286,1518,0.14324349655926255
232,1295,1527,0.143264285002698
229,1290,1519,0.14328421086503162
228,1277,1505,0.1433094683911597
236,1274,1510,0.14333483691345755
237,1275,1512,0.1433387540222065
236,1280,1516,0.14333993896590333
237,1288,1525,0.14334330711981388
234,1278,1512,0.14334363845906692
234,1271,1505,0.14335158066637585
231,1279,1510,0.14335967690318552
234,1290,1524,0.14337520815963714
233,1279,1512,0.14338080712896623
232,1285,1517,0.14338905460404983
226,1287,1513,0.14340141629778513
216,1294,1510,0.14342919200555154
212,1287,1499,0.14348290898656846
212,1284,1496,0.14354261210508154
211,1274,1485,0.14359717413963755
208,1280,1488,0.14365213917020672
209,1292,1501,0.14371053222977645
211,1297,1508,0.1437623281284116
212,1294,1506,0.1438062657561862
212,1297,1509,0.14384346480963534
214,1294,1508,0.14387693324879583
220,1301,1521,0.143904437323078
224,1286,1510,0.14391349782959126
229,1294,1523,0.1439112912664243
227,1285,1512,0.1438969324256986
223,1280,1503,0.14388905097097107
222,1292,1514,0.1438926135581757
217,1291,1508,0.14389891131768462
221,1294,1515,0.14391781762012532
217,1294,1511,0.14392527616386938
219,1289,1508,0.14394240473932196
222,1298,1520,0.14395219391878641
223,1285,1508,0.1439535350193942
221,1291,1512,0.14395289040752343
219,1293,1512,0.14395799930629777
222,1289,1511,0.1439680253368247
218,1287,1505,0.14397078578702388
222,1297,1519,0.14398472983464322
225,1288,1513,0.1439858403067878
228,1291,1519,0.1439792585329495
223,1294,1517,0.14396425809601815
224,1298,1522,0.14396407678442513
224,1290,1514,0.14396074005691684
223,1283,1506,0.1439587405381023
221,1278,1499,0.1439602460778692
226,1292,1518,0.14396613410297235
227,1284,1511,0.14395702944822109
228,1292,1520,0.14394584778808758
226,1293,1519,0.14393314878035313
229,1296,1525,0.1439252949062672
231,1291,1522,0.14391108684107728
228,1284,1512,0.14389390522913698
234,1283,1517,0.1438857875104423
228,1284,1512,0.14386275711420826
226,1290,1516,0.14385722174188573
221,1298,1519,0.14385829817975881
218,1298,1516,0.14387423967171695
212,1301,1513,0.14389692002551183
211,1304,1515,0.1439348056661512
211,1296,1507,0.14397261395790747
211,1294,1505,0.1440082067070101
214,1293,1507,0.144041635254629
215,1286,1501,0.14406445111067906
216,1292,1508,0.14408294727712412
221,1289,1510,0.14409801496719513
217,1295,1512,0.1440986240341555
218,1289,1507,0.14410973887499423
224,1289,1513,0.1441186628386632
222,1297,1519,0.14411093249470747
224,1296,1520,0.14410955268535713
225,1312,1537,0.14410324507796354
224,1305,1529,0.144094761105061
215,1304,1519,0.1440900442036773
206,1298,1504,0.14411017924483835
206,1300,1506,0.1441521175941544
211,1283,1494,0.14419132424394004
210,1281,1491,0.14421472792590687
209,1294,1503,0.14424103444493752
203,1308,1511,0.14426754300148587
207,1315,1522,0.14430811450579997
207,1309,1516,0.14433586790170166
209,1302,1511,0.1443616341616454
207,1311,1518,0.14438063587758687
206,1314,1520,0.14440392355957773
213,1310,1523,0.14442800450556853
207,1309,1516,0.1444311863331656
205,1304,1509,0.14445045164111964
207,1297,1504,0.14447511907971358
206,1316,1522,0.1444919361215012
206,1314,1520,0.14451099537898718
201,1316,1517,0.14452759392452094
204,1326,1530,0.1445568576773589
204,1305,1509,0.14457698793725945
204,1306,1510,0.1445938042218653
197,1297,1494,0.14460827268646417
191,1298,1489,0.14464107837728835
195,1300,1495,0.14468688959376996
193,1313,1506,0.1447189556286979
196,1314,1510,0.14475252454444404
198,1309,1507,0.14477742937215812
193,1315,1508,0.1447948838799121
194,1315,1509,0.14482462365676574
197,1315,1512,0.14484969568368494
190,1315,1505,0.1448652443572158
195,1317,1512,0.14489844988048936
194,1305,1499,0.14491662416800322
195,1318,1513,0.14493732661654804
194,1316,1510,0.14495463812141426
193,1316,1509,0.14497288192162358
191,1328,1519,0.14499271938543237
194,1320,1514,0.14501540815119382
197,1303,1500,0.14502845177946433
199,1309,1508,0.1450325877060759
198,1322,1520,0.14503134684881
200,1327,1527,0.14503211469416155
196,1317,1513,0.14502705692399842
195,1313,1508,0.14503425928371477
193,1313,1506,0.14504298362809323
193,1317,1510,0.14505540164079045
193,1324,1517,0.14506740761349615
190,1326,1516,0.14507935549968706
191,1330,1521,0.14509811293239278
187,1326,1513,0.14511307922450953
189,1327,1516,0.14513700582241015
186,1323,1509,0.14515392657808496
186,1325,1511,0.14517764382139112
186,1320,1506,0.14519854754590383
182,1319,1501,0.14521606899786735
182,1317,1499,0.1452427242586868
184,1327,1511,0.14526704809725452
185,1347,1532,0.14528563011271925
183,1337,1520,0.1453007288773907
179,1344,1523,0.1453206031549244
179,1330,1509,0.14535017650764195
177,1327,1504,0.14537609976072824
173,1329,1502,0.1454049945139072
172,1348,1520,0.14544337866937534
169,1339,1508,0.1454816427734266
169,1327,1496,0.14552558346790279
166,1330,1496,0.14556610619105947
165,1325,1490,0.14561159741722082
170,1348,1518,0.14565654465896827
173,1354,1527,0.1456852428964872
170,1332,1502,0.14570532214730286
166,1336,1502,0.14573219144440896
166,1349,1515,0.1457687030587628
165,1354,1519,0.14580352501991048
163,1352,1515,0.14583867861014624
167,1339,1506,0.14587720171807064
169,1337,1506,0.1459014831337452
168,1340,1508,0.14591946265667027
164,1335,1499,0.14593855047236404
164,1349,1513,0.14596789769086116
164,1351,1515,0.1459965626150287
161,1344,1505,0.1460236881854907
160,1356,1516,0.1460586035410683
155,1348,1503,0.1460934886492468
153,1353,1506,0.14613968649845577
157,1358,1515,0.14618849624808683
157,1354,1511,0.14622272058830985
154,1348,1502,0.14625517742215927
153,1348,1501,0.1462947773497597
155,1345,1500,0.14633423292100525
154,1342,1496,0.14636509376462914
157,1348,1505,0.14639673486375904
154,1362,1516,0.14641830693710417
153,1354,1507,0.1464465585439344
155,1348,1503,0.1464750262702224
155,1335,1490,0.14649633883466057
156,1341,1497,0.14651657231763682
160,1357,1517,0.1465325593036647
157,1352,1509,0.1465365754118958
155,1356,1511,0.14654907656725097
159,1355,1514,0.14656721323812374
155,1343,1498,0.1465729915132968
157,1354,1511,0.1465897712916398
156,1352,1508,0.1466003377090722
158,1357,1515,0.14661253772906613
158,1361,1519,0.14661877694267406
160,1370,1530,0.14662550962891946
154,1354,1508,0.14662629158234483
152,1355,1507,0.14664406941169233
152,1357,1509,0.1466660668516003
153,1360,1513,0.14668622364455705
157,1355,1512,0.1467023374723469
161,1352,1513,0.14670693605255328
156,1364,1520,0.14670061403780926
156,1362,1518,0.14670902068119007
154,1363,1517,0.14671706573552976
151,1357,1508,0.1467300384891857
148,1363,1511,0.1467515777451283
149,1367,1516,0.146779292250924
144,1362,1506,0.14680209154981014
141,1364,1505,0.14683718854046002
141,1365,1506,0.14687882538404606
139,1367,1506,0.14691796802081286
146,1372,1518,0.14695925258893378
144,1367,1511,0.14697705777924136
145,1379,1524,0.14699905520475517
149,1376,1525,0.14701777323325504
148,1369,1517,0.14702455943700085
149,1363,1512,0.1470348909041021
143,1370,1513,0.1470416615993058
143,1376,1519,0.14706558473248696
140,1379,1519,0.14708823003774785
138,1366,1504,0.14711717044391215
138,1374,1512,0.1471495349402185
131,1377,1508,0.14717983481968827
132,1388,1520,0.14722753156012428
131,1391,1522,0.1472695494112624
130,1386,1516,0.14730991524325798
133,1372,1505,0.14734990355183494
137,1375,1512,0.14737827694802866
137,1378,1515,0.14739505453419088
137,1371,1508,0.14741080113934799
136,1373,1509,0.14742572071902202
137,1371,1508,0.1474424657021089
137,1377,1514,0.1474555600494975
137,1386,1523,0.14746745846814135
133,1380,1513,0.14747877478333143
134,1381,1515,0.14750006319246364
134,1392,1526,0.1475176613767728
137,1381,1518,0.14753507269378294
132,1399,1531,0.1475434358137834
131,1390,1521,0.14756554778356626
129,1382,1511,0.14758934961039485
130,1397,1527,0.14761725378646925
128,1398,1526,0.14764115681535853
121,1400,1521,0.1476686618095816
120,1395,1515,0.14771404022464257
119,1410,1529,0.14775921487022942
119,1390,1509,0.14780377284496157
117,1383,1500,0.14784586772905103
114,1385,1499,0.14789057324632995
117,1384,1501,0.14794005854972128
117,1394,1511,0.14797855538454716
117,1402,1519,0.14801475075639434
111,1414,1525,0.1480490929297895
106,1412,1518,0.14809900507866822
107,1404,1511,0.14815970197261338
107,1402,1509,0.14821316186551123
105,1402,1507,0.14826363080799546
109,1389,1498,0.1483159296385927
110,1398,1508,0.14835433508099263
106,1412,1518,0.14838754570135645
104,1424,1528,0.14843014625817882
105,1420,1525,0.14847570938125382
108,1419,1527,0.14851555624088092
106,1412,1518,0.14854455088380042
106,1408,1514,0.14857750720667937
104,1407,1511,0.14860874700067195
102,1412,1514,0.14864424994040018
104,1407,1511,0.14868367971673058
105,1415,1520,0.1487148596725177
105,1418,1523,0.14874047305058674
104,1418,1522,0.14876495867240702
102,1410,1512,0.1487908429831021
102,1416,1518,0.14882101849239657
101,1410,1511,0.14884858023019587
102,1419,1521,0.1488769568799672
104,1417,1521,0.14890069002742368
106,1416,1522,0.14891733039124477
104,1415,1519,0.14892706896953306
105,1421,1526,0.14894123211255536
106,1432,1538,0.14895055232882087
106,1431,1537,0.14895618598629132
106,1441,1547,0.14896200305998938
107,1427,1534,0.14896743746289925
109,1421,1530,0.1489697660925724
104,1417,1521,0.14896587450957718
99,1416,1515,0.1489761945334928
97,1418,1515,0.1489996335766746
97,1400,1497,0.14902708650651136
98,1416,1514,0.14905355576724305
97,1414,1511,0.1490760529761225
97,1412,1509,0.14910034972613215
97,1411,1508,0.1491233157470391
98,1423,1521,0.1491448886577928
96,1414,1510,0.14916154747213628
93,1405,1498,0.14918222531257533
92,1404,1496,0.14921026881072805
94,1410,1504,0.1492390268912367
95,1411,1506,0.1492605342163634
91,1405,1496,0.14927819976004655
92,1422,1514,0.14930672099039832
90,1421,1511,0.14933072685565763
86,1427,1513,0.14935897539379667
88,1436,1524,0.149397258343537
87,1434,1521,0.1494274512886664
83,1448,1531,0.14945821947168894
84,1442,1526,0.14949804049237855
84,1427,1511,0.14953263354267435
84,1421,1505,0.14956591791570645
85,1431,1516,0.14959737813345264
82,1424,1506,0.1496235437136089
82,1430,1512,0.14965698659344248
81,1434,1515,0.14968796484096022
82,1436,1518,0.14971964744590913
81,1435,1516,0.14974626423645054
76,1424,1500,0.14977411778756974
78,1431,1509,0.14981446967376152
79,1434,1513,0.14984618856339132
79,1452,1531,0.1498739057007058
79,1449,1528,0.14989986906927824
77,1447,1524,0.14992432952114107
78,1447,1525,0.1499526896811397
78,1452,1530,0.14997621200860287
76,1445,1521,0.14999802366470874
79,1448,1527,0.15002424598430492
79,1438,1517,0.15004044271722722
76,1439,1515,0.1500554520499731
73,1421,1494,0.15007826148033737
72,1425,1497,0.1501080731995369
74,1427,1501,0.1501386717839715
76,1435,1511,0.15016144972677298
75,1427,1502,0.15017739876034014
73,1430,1503,0.15019548098709037
75,1436,1511,0.15021813050808558
73,1438,1511,0.150233666876007
73,1439,1512,0.1502537658115789
71,1447,1518,0.15027264831802878
74,1434,1508,0.15029653501087326
75,1457,1532,0.15031015064970266
74,1462,1536,0.1503197227740344
74,1452,1526,0.1503315390061957
74,1446,1520,0.15034260488225384
75,1445,1520,0.15035296418741084
75,1445,1520,0.15035961019377633
72,1442,1514,0.15036535453754354
68,1452,1520,0.15037902288245572
69,1454,1523,0.15040328504687345
68,1449,1517,0.15042318821697565
70,1454,1524,0.1504450302901249
69,1457,1526,0.15045951665466023
63,1457,1520,0.1504758489364304
65,1457,1522,0.15050848572158948
67,1459,1526,0.15053343606060096
65,1462,1527,0.15055147724706397
65,1463,1528,0.15057411472123985
64,1467,1531,0.1505951471173049
64,1470,1534,0.15061734252375295
63,1460,1523,0.15063735051361604
65,1458,1523,0.1506590015596852
64,1454,1518,0.1506740890976149
68,1446,1514,0.15069147674471906
67,1447,1514,0.15069642064112565
68,1457,1525,0.1507038989631408
68,1452,1520,0.15070813703399297
65,1450,1515,0.15071250504828196
64,1449,1513,0.15072544059573992
64,1443,1507,0.15074055335883194
65,1447,1512,0.15075480627074464
63,1453,1516,0.1507653265573442
65,1455,1520,0.15078071534015586
67,1455,1522,0.15078925819657524
62,1457,1519,0.15079176171930517
63,1467,1530,0.15080937062209002
64,1470,1534,0.15082259175272594
64,1460,1524,0.15083193767240788
64,1465,1529,0.15084095971425465
62,1447,1509,0.15084950085847088
61,1455,1516,0.15086305636910013
60,1456,1516,0.15087873395800763
61,1436,1497,0.15089604059946
61,1454,1515,0.15090947212325043
59,1464,1523,0.1509224347486786
58,1455,1513,0.15094004866487373
60,1445,1505,0.1509597817058901
58,1463,1521,0.15097216486058176
54,1465,1519,0.15098950989216278
55,1468,1523,0.15101667679476125
54,1458,1512,0.15103966597358526
54,1462,1516,0.1510642434314654
57,1449,1506,0.1510869241600572
57,1467,1524,0.15109983177718317
55,1472,1527,0.1511119462347741
53,1483,1536,0.15112950871810363
52,1482,1534,0.15115176945842326
52,1483,1535,0.15117589055349814
53,1483,1536,0.15119845669011414
53,1477,1530,0.15121648015985042
53,1467,1520,0.15123385755658986
54,1469,1523,0.1512503948022046
51,1477,1528,0.15126282590036216
49,1487,1536,0.15128322400014044
50,1479,1529,0.1513082111212982
49,1480,1529,0.1513287814974747
50,1471,1521,0.15135084178614597
46,1484,1530,0.15136867318458092
46,1470,1516,0.1513966800755086
49,1461,1510,0.15142301103679842
48,1447,1495,0.1514392853979971
47,1467,1514,0.15145732931745273
44,1466,1510,0.15147697572816787
49,1458,1507,0.15150454915227463
51,1453,1504,0.15151540724638718
51,1444,1495,0.1515200731843457
51,1453,1504,0.15152454395586154
51,1452,1503,0.15152891285942827
51,1459,1510,0.1515330926494441
52,1462,1514,0.1515370727231093
50,1462,1512,0.1515376532893667
49,1466,1515,0.15154388464791702
48,1455,1503,0.15155256572875686
47,1457,1504,0.1515632862072363
46,1458,1504,0.15157645884756113
46,1463,1509,0.1515915385809785
45,1463,1508,0.15160557993231238
44,1480,1524,0.15162186972171038
44,1478,1522,0.15163999730052555
45,1487,1532,0.15165742650465994
45,1480,1525,0.1516708775547437
44,1461,1505,0.15168384332647988
46,1461,1507,0.1516987708045103
48,1467,1515,0.15170713447500034
47,1460,1507,0.15170892221899396
44,1461,1505,0.15171351704865108
46,1467,1513,0.15172639830680332
46,1471,1517,0.1517324437663741
46,1463,1509,0.15173837426665518
45,1457,1502,0.15174450315569568
46,1463,1509,0.1517531189547257
48,1460,1508,0.1517576141307422
47,1463,1510,0.15175583360391237
47,1470,1517,0.15175638744666906
48,1475,1523,0.1517568216745878
49,1467,1516,0.15175454722621648
49,1471,1520,0.1517496424297856
48,1477,1525,0.15174508920004398
47,1466,1513,0.15174399298105104
50,1455,1505,0.15174611191538376
50,1464,1514,0.1517387582589815
48,1457,1505,0.15173207257802282
49,1470,1519,0.15173209844414662
49,1474,1523,0.15172922621838145
49,1466,1515,0.1517267253501297
47,1456,1503,0.1517244939790407
46,1446,1492,0.15172798475800542
46,1445,1491,0.1517341860385434
48,1450,1498,0.15173990807817073
47,1466,1513,0.15173933296753073
47,1472,1519,0.15174184863577098
46,1469,1515,0.15174431648725406
44,1476,1520,0.15174989493217617
44,1475,1519,0.15176062059414616
47,1474,1521,0.15177072643092004
43,1477,1520,0.1517713832334386
43,1471,1514,0.15178423168138247
43,1471,1514,0.1517962642397254
43,1469,1512,0.15180754193538104
46,1475,1521,0.15181798560990345
46,1478,1524,0.15181921959331068
47,1482,1529,0.15182047547002175
45,1465,1510,0.15181862952137112
45,1459,1504,0.15182239910475828
45,1468,1513,0.15182615035259628
45,1473,1518,0.1518296210306537
46,1480,1526,0.15183283863796254
46,1474,1520,0.1518327772025091
45,1454,1499,0.15183271896192121
44,1459,1503,0.15183581774890545
45,1460,1505,0.15184149003373476
43,1460,1503,0.15184397267620786
44,1456,1500,0.1518524116155333
44,1460,1504,0.1518567639213494
46,1474,1520,0.15186101733803395
46,1471,1517,0.15185907742329247
45,1472,1517,0.15185730304289843
45,1472,1517,0.15185848924123593
44,1463,1507,0.1518592235303065
45,1463,1508,0.15186303339544843
45,1476,1521,0.15186339850916583
45,1482,1527,0.15186386389435294
42,1481,1523,0.15186456166236323
42,1471,1513,0.1518734310626754
43,1469,1512,0.15188170784307675
42,1466,1508,0.15188666556163088
40,1470,1510,0.15189450794493833
41,1473,1514,0.1519075075490578
42,1473,1515,0.15191697735771734
43,1467,1510,0.1519226349728062
42,1458,1500,0.15192512489429527
40,1470,1510,0.15193066054051194
39,1481,1520,0.1519419964619688
41,1484,1525,0.15195545929163448
40,1482,1522,0.15196235046866582
40,1463,1503,0.15197195141705241
39,1466,1505,0.15198101296941852
36,1450,1486,0.15199228198800466
37,1457,1494,0.15201208628071256
38,1453,1491,0.1520274463069115
41,1458,1499,0.1520389307800691
40,1465,1505,0.15204041369555235
36,1468,1504,0.1520450603895486
39,1482,1521,0.15206142178060728
38,1468,1506,0.1520673181272647
38,1465,1503,0.15207570826983774
39,1472,1511,0.1520835369847088
38,1471,1509,0.15208799285757948
42,1471,1513,0.15209478516260447
41,1462,1503,0.15208904926600542
41,1464,1505,0.15208660782331412
40,1459,1499,0.15208430565355804
39,1455,1494,0.15208534277017127
37,1462,1499,0.15208916426449628
37,1458,1495,0.1520987287389125
37,1463,1500,0.1521077029118794
36,1481,1517,0.15211611307268968
35,1474,1509,0.15212674048112787
36,1477,1513,0.15213961462694559
36,1474,1510,0.15214842572333476
37,1480,1517,0.1521570659013338
39,1475,1514,0.15216220091951269
39,1469,1508,0.15216087334732398
40,1473,1513,0.1521596861645992
39,1472,1511,0.15215564063129802
40,1466,1506,0.1521547311398156
42,1459,1501,0.15215098078593906
41,1456,1497,0.15214165435579755
42,1472,1514,0.15213593842164422
40,1469,1509,0.15212749171887505
39,1467,1506,0.15212571408059705
39,1484,1523,0.15212655693727023
39,1477,1516,0.15212706800062104
39,1481,1520,0.1521276522506869
39,1476,1515,0.1521281546043243
40,1473,1513,0.15212836440755945
42,1471,1513,0.15212567766617816
43,1481,1524,0.15211725340695526
43,1483,1526,0.1521062394350305
43,1470,1513,0.15209553499831865
43,1458,1501,0.15208552490715782
43,1470,1513,0.15207612991793867
43,1482,1525,0.152067302141679
42,1482,1524,0.15205875459833057
42,1485,1527,0.1520535440397011
41,1467,1508,0.15204858378523833
44,1480,1524,0.15204703975980938
43,1485,1528,0.15203612547990047
45,1482,1527,0.15202904354791832
44,1475,1519,0.1520164677103868
40,1468,1508,0.15200785519683674
42,1469,1511,0.15201165266105346
40,1477,1517,0.1520091568882135
39,1473,1512,0.15201285516269278
39,1457,1496,0.1520194345182095
39,1453,1492,0.1520253633081694
38,1460,1498,0.15203089918860715
40,1487,1527,0.15203909039901456
40,1497,1537,0.15204057771990034
40,1481,1521,0.1520419939123021
40,1473,1513,0.15204312348822493
41,1470,1511,0.15204416312791466
43,1475,1518,0.15204211361678485
43,1482,1525,0.15203406562728133
41,1489,1530,0.15202656079112165
41,1475,1516,0.15202566142354798
43,1485,1528,0.15202480774685678
42,1487,1529,0.1520179483797957
43,1466,1509,0.15201460111449286
43,1452,1495,0.15200828486619675
44,1460,1504,0.15200239388055078
44,1458,1502,0.15199409947348438
45,1462,1507,0.15198651799559296
45,1463,1508,0.15197629585988132
44,1465,1509,0.15196674883957342
44,1470,1514,0.1519609896463132
44,1464,1508,0.1519556011398634
44,1479,1523,0.15195055702122284
43,1485,1528,0.15194583399756617
41,1473,1514,0.15194455180537222
42,1478,1520,0.15194904247547616
43,1482,1525,0.15195019629783807
42,1473,1515,0.15194832295823119
42,1465,1507,0.15194942701448885
41,1475,1516,0.15195050099258908
41,1468,1509,0.15195466490584442
40,1460,1500,0.1519590865305983
41,1472,1513,0.1519663586987361
40,1474,1514,0.1519700475643157
39,1468,1507,0.15197651157348283
40,1472,1512,0.15198606133807688
39,1482,1521,0.15199215264599644
39,1464,1503,0.1520007867804858
39,1460,1499,0.152009044548178
40,1470,1510,0.15201682420058726
42,1470,1512,0.1520210851274549
42,1470,1512,0.152019339195609
42,1489,1531,0.15201783086189982
42,1486,1528,0.1520162950721912
40,1476,1516,0.15201488065715685
42,1476,1518,0.15201966179448714
40,1476,1516,0.15201788419860188
41,1482,1523,0.15202234999005043
43,1474,1517,0.15202334805014947
39,1481,1520,0.1520184643096117
39,1481,1520,0.15202663444962572
40,1485,1525,0.1520343626830877
39,1475,1514,0.15203843926877605
40,1473,1513,0.15204511811044244
37,1475,1512,0.15204826578463163
36,1479,1515,0.15206060672676702
37,1482,1519,0.15207507523420813
38,1477,1515,0.1520856988625566
38,1488,1526,0.1520926305728223
38,1491,1529,0.15209914904380228
39,1480,1519,0.15210528369274953
39,1483,1522,0.15210829343106297
39,1473,1512,0.15211109059835748
42,1465,1507,0.15211377672199125
40,1457,1497,0.15210699191011978
40,1461,1501,0.15210668274701764
40,1461,1501,0.15210597970980524
41,1476,1517,0.15210535431959
41,1481,1522,0.1521019524199868
39,1472,1511,0.1520988690680386
40,1466,1506,0.15210218827310087
37,1473,1510,0.15210214795524188
38,1480,1518,0.15211102542650928
35,1472,1507,0.1521163369161039
34,1480,1514,0.15213024782973844
34,1475,1509,0.15214632445837128
36,1466,1502,0.15216143317337974
37,1457,1494,0.15216949370735486
37,1469,1506,0.15217409583448585
37,1467,1504,0.152178022884757
35,1472,1507,0.15218152406217564
36,1481,1517,0.1521908748323756
37,1480,1517,0.15219685515486156
37,1484,1521,0.1521992835379976
37,1483,1520,0.15220154971705344
37,1481,1518,0.15220383089657774
37,1487,1524,0.15220598320256923
36,1481,1517,0.15220804343453143
39,1485,1524,0.15221298888162382
39,1490,1529,0.15220858908762502
41,1493,1534,0.1522045354451447
42,1496,1538,0.15219504018973573
44,1490,1534,0.1521834736696705
43,1492,1535,0.1521665146738407
43,1483,1526,0.1521537147707094
42,1474,1516,0.1521417629062021
43,1473,1516,0.15213376432004225
41,1477,1518,0.15212334167498656
42,1487,1529,0.1521192950465165
42,1483,1525,0.15211250502235288
40,1479,1519,0.15210619151404503
42,1484,1526,0.1521058648352629
43,1476,1519,0.15209997377508191
42,1477,1519,0.15209167143893063
41,1480,1521,0.15208682009652527
41,1490,1531,0.15208524838006807
37,1478,1515,0.15208405742736375
39,1474,1513,0.15209451899777213
42,1481,1523,0.15209841760554127
42,1475,1517,0.15209310788499117
41,1479,1520,0.15208838792573826
40,1478,1518,0.1520868445074454
39,1469,1508,0.15208816234678718
37,1462,1499,0.1520926058630507
40,1461,1501,0.15210283661738086
39,1471,1510,0.1521033643535633
40,1487,1527,0.15210682992192262
39,1491,1530,0.15210737798375673
39,1491,1530,0.15211064578268363
40,1485,1525,0.15211418891304074
39,1486,1525,0.1521144655374751
39,1490,1529,0.15211773787722618
38,1484,1522,0.15212082186145207
37,1493,1530,0.15212667210966557
37,1481,1518,0.15213502011845023
39,1484,1523,0.1521429571989092
41,1488,1529,0.1521444383662219
41,1485,1526,0.1521402632817059
40,1489,1529,0.15213641921798055
40,1476,1516,0.15213561779232548
42,1483,1525,0.15213503282732382
43,1474,1517,0.15212855259735958
42,1477,1519,0.15211977389464135
41,1481,1522,0.15211440915623015
42,1476,1518,0.15211236578808487
42,1479,1521,0.15210760425936504
40,1482,1522,0.15210316995326403
40,1482,1522,0.15210509079951656
40,1473,1513,0.1521068992094143
39,1473,1512,0.15210857662481758
37,1479,1516,0.15211317528667342
36,1478,1514,0.15212309474452018
35,1484,1519,0.15213525911952286
34,1476,1510,0.1521498384091514
34,1470,1504,0.15216620010342852
35,1479,1514,0.15218163630785794
34,1483,1517,0.1521931380141258
34,1484,1518,0.1522068914232287
34,1482,1516,0.1522197969519635
35,1477,1512,0.15223186304248223
35,1465,1500,0.15224034583363
35,1477,1512,0.15224829269226825
35,1482,1517,0.1522557755690611
34,1485,1519,0.1522628190621366
34,1490,1524,0.1522722597014575
35,1494,1529,0.1522814612000825
36,1487,1523,0.15228723931138988
38,1474,1512,0.15228992723292514
37,1482,1519,0.1522864673717319
37,1477,1514,0.15228650419674947
36,1474,1510,0.15228673696959366
32,1480,1512,0.15228994748845384
32,1494,1526,0.15230454317900055
32,1480,1512,0.1523179066886375
32,1482,1514,0.1523302925451571
33,1482,1515,0.15234190271075995
32,1485,1517,0.1523499455481393
32,1486,1518,0.15236036633424366
35,1493,1528,0.15237010370168838
36,1484,1520,0.1523701015062501
34,1468,1502,0.15236727640526476
33,1470,1503,0.15237030517951183
32,1469,1501,0.15237607941217918
31,1481,1512,0.15238422558236128
34,1475,1509,0.15239485840329786
35,1460,1495,0.15239603143220862
37,1471,1508,0.1523942633902519
38,1478,1516,0.1523864984530612
38,1488,1526,0.15237626647336472
37,1480,1517,0.1523667387275377
37,1472,1509,0.15236100175372874
37,1482,1519,0.15235566803939138
35,1482,1517,0.15235068127640639
34,1482,1516,0.15235195680069885
34,1484,1518,0.1523559680042137
34,1492,1526,0.15235966731692493
34,1489,1523,0.15236305023640093
34,1486,1520,0.1523663861127712
33,1486,1519,0.15236952732478326
33,1473,1506,0.15237527856430444
33,1475,1508,0.1523806215620542
34,1476,1510,0.15238529513298119
35,1474,1509,0.15238705386727186
33,1481,1514,0.1523857893035789
33,1480,1513,0.15239026058213576
34,1488,1522,0.1523944554323239
32,1488,1520,0.15239548523629037
32,1486,1518,0.1524022092078134
33,1489,1522,0.15240833510243645
36,1488,1524,0.1524110156314409
36,1477,1513,0.15240441327311066
34,1462,1496,0.15239829056660603
33,1470,1503,0.1523985620322092
33,1478,1511,0.1524019708731118
33,1489,1522,0.15240514689146492
34,1470,1504,0.1524081124988449
33,1474,1507,0.15240837139469257
34,1482,1516,0.1524114610192768
33,1477,1510,0.15241164355523032
31,1477,1508,0.1524149968524585
32,1476,1508,0.1524242055166777
32,1490,1522,0.15243015296299411
31,1492,1523,0.15243565128929976
30,1484,1514,0.15244361066557677
30,1484,1514,0.15245381428804994
32,1488,1520,0.15246339482733987
33,1472,1505,0.15246655426967787
32,1475,1507,0.15246679600507076
32,1477,1509,0.15246979920166856
32,1484,1516,0.15247260405233953
29,1483,1512,0.15247523723905546
30,1484,1514,0.1524864102853552
28,1474,1502,0.15249335886610857
28,1489,1517,0.15250581442337677
29,1491,1520,0.15251745426394714
29,1462,1491,0.15252533605847113
31,1479,1510,0.15253272215272837
31,1478,1509,0.15253414460808268
28,1484,1512,0.152535530364797
28,1482,1510,0.15254555670184458
27,1488,1515,0.15255509929382302
28,1486,1514,0.15256724970848137
29,1478,1507,0.1525758584411295
27,1484,1511,0.15258103603806789
28,1482,1510,0.15259204979084384
28,1501,1529,0.15259918492766888
29,1493,1522,0.15260589762044052
30,1497,1527,0.15260900401654315
30,1490,1520,0.15260872869079672
31,1493,1524,0.15260848775572414
29,1486,1515,0.15260520106928316
29,1492,1521,0.15260769286771875
30,1480,1510,0.1526098664851662
31,1481,1512,0.15260895896361645
30,1487,1517,0.1526050697315691
30,1493,1523,0.15260449973502627
31,1491,1522,0.15260397289545682
33,1489,1522,0.15260045515385595
34,1482,1516,0.15259136888890634
34,1494,1528,0.15258010879523412
34,1483,1517,0.1525695935648424
32,1478,1510,0.15255978234350218
32,1486,1518,0.15255673411674656
31,1485,1516,0.1525538607789091
30,1469,1499,0.15255371181035166
31,1480,1511,0.1525562616927554
31,1474,1505,0.15255577379378807
31,1469,1500,0.15255525468977246
30,1480,1510,0.15255508831319547
30,1485,1515,0.15255789694270475
30,1496,1526,0.1525604853096229
30,1482,1512,0.15256290674469788
30,1489,1519,0.15256516942973375
31,1483,1514,0.15256695259594155
31,1483,1514,0.15256525589716619
31,1485,1516,0.1525636998521759
32,1492,1524,0.15256251614895508
32,1485,1517,0.1525586320257551
33,1490,1523,0.1525547739623454
32,1500,1532,0.1525479836628582
32,1490,1522,0.15254465164937048
32,1495,1527,0.1525417972340588
33,1490,1523,0.15253909288788547
33,1496,1529,0.152533385381139
32,1492,1524,0.15252804489745356
31,1493,1524,0.1525259120404121
33,1496,1529,0.15252685211211583
32,1487,1519,0.15252154513695
32,1494,1526,0.15251942716051803
35,1497,1532,0.15251763866130927
35,1487,1522,0.15250710793076488
34,1485,1519,0.15249733934569376
33,1487,1520,0.15249110423407136
33,1493,1526,0.1524883949771556
34,1480,1514,0.15248583973516733
32,1467,1499,0.15248027643214887
31,1469,1500,0.15248072675437355
32,1474,1506,0.15248432225291894
33,1474,1507,0.15248447264736695
33,1486,1519,0.15248158999907802
34,1496,1530,0.15247881226181248
31,1494,1525,0.1524733601736626
32,1492,1524,0.15247737915208887
31,1511,1542,0.15247813042650424
31,1506,1537,0.15248202962426108
33,1508,1541,0.15248568996422843
33,1498,1531,0.15248274958359037
32,1512,1544,0.15248001505237752
30,1502,1532,0.1524805177004737
30,1488,1518,0.15248700361399323
29,1472,1501,0.1524930019925146
29,1473,1502,0.15250181751885375
29,1487,1516,0.15251006409343287
26,1486,1512,0.15251778892698034
27,1494,1521,0.152534062815042
25,1493,1518,0.15254628259337666
25,1497,1522,0.15256367561816192
25,1493,1518,0.15257998167160747
26,1484,1510,0.15259525428713624
25,1487,1512,0.15260666282130547
25,1487,1512,0.15262037001335294
26,1496,1522,0.152633209952054
26,1484,1510,0.15264243858872395
24,1489,1513,0.1526511022248813
22,1480,1502,0.1526656340065886
23,1488,1511,0.15268539114023508
23,1475,1498,0.15270071623973927
25,1485,1510,0.15271511149940425
24,1490,1514,0.1527222127777641
23,1485,1508,0.15273210108153526
22,1478,1500,0.15274480464002882
22,1480,1502,0.15275983780398344
22,1491,1513,0.1527739470946167
22,1484,1506,0.15278720075326163
22,1496,1518,0.15279965457605102
22,1489,1511,0.15281135845757293
22,1496,1518,0.15282264620153876
21,1497,1518,0.15283329790145214
20,1498,1518,0.15284656148093784
20,1495,1515,0.1528622024000765
20,1490,1510,0.1528769108847977
19,1490,1509,0.1528907431117892
19,1486,1505,0.15290698316172333
19,1485,1504,0.1529222538398367
21,1503,1524,0.1529366138224217
21,1511,1532,0.15294369976623468
23,1503,1526,0.15295037892865251
24,1497,1521,0.15295066767185878
24,1491,1515,0.15294805158154864
24,1499,1523,0.15294566873675092
24,1490,1514,0.15294348385760992
24,1482,1506,0.15294147496221322
24,1489,1513,0.1529391523008114
24,1486,1510,0.15293688661645144
25,1490,1515,0.15293468788970918
23,1493,1516,0.1529297546736855
23,1487,1510,0.15293115266881907
23,1486,1509,0.15293244496049094
24,1502,1526,0.15293361230250682
23,1498,1521,0.15293194001956092
23,1499,1522,0.15293333007048196
23,1497,1520,0.152934614753788
22,1502,1524,0.15293581421598318
22,1491,1513,0.15293996503919063
21,1485,1506,0.15294389474356587
21,1482,1503,0.15295033041375503
21,1479,1500,0.15295636812272895
21,1495,1516,0.15296201483285182
22,1487,1509,0.15296729859563574
21,1506,1527,0.1529690854260454
20,1507,1527,0.15297387194429304
20,1508,1528,0.15298158120999258
18,1515,1533,0.15298880847161342
17,1506,1523,0.15300197828772405
17,1504,1521,0.15301723069960688
17,1507,1524,0.153031534439999
17,1513,1530,0.15304495698165388
18,1515,1533,0.15305755551370182
17,1509,1526,0.15306620861780312
18,1502,1520,0.1530775838099496
19,1508,1527,0.15308539646565325
19,1514,1533,0.1530898176127967
20,1499,1519,0.153093977609459
21,1501,1522,0.15309488226902526
21,1508,1529,0.15309295606250412
20,1494,1514,0.15309119301382398
21,1501,1522,0.15309295210965618
20,1487,1507,0.1530918220880102
21,1473,1494,0.15309385719992347
19,1483,1502,0.15309263116501268
20,1487,1507,0.1530976127645921
20,1497,1517,0.15309901420502917
20,1491,1511,0.15310057271460686
19,1489,1508,0.15310201826665262
19,1499,1518,0.15310633607278412
19,1505,1524,0.1531103659866867
18,1502,1520,0.15311414437200116
18,1509,1527,0.1531206199350855
16,1508,1524,0.15312666212287535
18,1491,1509,0.15313792458267356
18,1484,1502,0.15314261962029324
17,1473,1490,0.15314704115542654
16,1486,1502,0.15315418247993448
17,1477,1494,0.15316373350834897
17,1486,1503,0.15316980016890305
17,1493,1510,0.15317565536770822
16,1502,1518,0.15318111008101798
18,1506,1524,0.15318911795079831
18,1501,1519,0.15319086500679585
16,1506,1522,0.15319251647840365
16,1497,1513,0.1532001968126415
16,1497,1513,0.15320738645577445
17,1496,1513,0.15321413135416886
17,1491,1508,0.15321751247877835
18,1486,1504,0.1532206015683847
16,1486,1502,0.15322070898415643
19,1497,1516,0.1532265555854353
19,1500,1519,0.15322341817073265
20,1509,1529,0.15322050745042856
18,1498,1516,0.15321483392956348
19,1499,1518,0.1532154584145966
19,1498,1517,0.1532131165561622
19,1493,1512,0.15321094782556838
18,1505,1523,0.15320893085651158
18,1501,1519,0.15320992201558298
18,1503,1521,0.1532108334952411
18,1501,1519,0.15321167993093307
18,1498,1516,0.15321246824028706
17,1504,1521,0.15321315088255763
16,1511,1527,0.15321679045579703
17,1511,1528,0.15322313767394488
17,1508,1525,0.15322605745780313
18,1504,1522,0.15322877922598813
18,1502,1520,0.1532283578910887
18,1494,1512,0.15322798706405485
18,1495,1513,0.15322765194424373
17,1506,1523,0.15322734616067693
17,1504,1521,0.15322997197159738
18,1500,1518,0.15323246766449836
18,1505,1523,0.15323166171668212
17,1506,1523,0.1532309477452573
17,1492,1509,0.1532331445265643
18,1493,1511,0.15323522256704558
19,1503,1522,0.1532342835621171
19,1498,1517,0.15323047555713246
18,1507,1525,0.15322693412165148
18,1500,1518,0.1532265267547699
18,1504,1522,0.15322618455895895
17,1498,1515,0.15322586934360222
17,1501,1518,0.15322841053167996
17,1503,1520,0.15323080703684366
19,1504,1523,0.1532330437467942
19,1501,1520,0.15322938938917158
19,1509,1528,0.1532259375735924
17,1509,1526,0.15322272004850693
15,1515,1530,0.15322575485196022
14,1509,1523,0.15323447233980184
15,1496,1511,0.15324552643973413
14,1508,1522,0.15325301019101928
14,1506,1520,0.15326283978816024
14,1503,1517,0.15327207716206548
14,1497,1511,0.15328058745765108
15,1492,1507,0.15328861614128336
13,1518,1531,0.15329325976467914
13,1510,1523,0.1533037954089015
13,1506,1519,0.15331387092705262
13,1515,1528,0.15332332835279278
12,1506,1518,0.15333222186764042
12,1499,1511,0.1533434289773038
12,1492,1504,0.15335397105666673
13,1495,1508,0.15336386502722885
13,1482,1495,0.1533702968889618
13,1491,1504,0.15337632822906846
13,1492,1505,0.15338200285784215
13,1503,1516,0.15338734137623494
12,1511,1523,0.153392362684134
11,1500,1511,0.1534001542453329
11,1512,1523,0.15341049425604286
11,1509,1520,0.1534201827406843
11,1517,1528,0.15342927567209583
10,1516,1526,0.15343781183581834
8,1513,1521,0.15344889576113885
9,1516,1525,0.1534652887778845
8,1501,1509,0.15347757740801188
8,1500,1508,0.1534920552134677
8,1498,1506,0.15350568145720916
8,1514,1522,0.15351847943515262
7,1507,1514,0.1535304998775987
6,1506,1512,0.15354476435526127
6,1504,1510,0.15356120401680612
6,1497,1503,0.15357670724402775
6,1505,1511,0.15359128841778713
5,1498,1503,0.15360499752548418
5,1510,1515,0.15362092303926878
5,1499,1504,0.15363588314717072
5,1498,1503,0.15364994625272752
5,1516,1521,0.15366316784728837
5,1509,1514,0.15367559907273617
5,1520,1525,0.1536872877307426
6,1517,1523,0.15369827860837437
6,1518,1524,0.15370552886089667
6,1507,1513,0.15371237071514113
5,1503,1508,0.15371881006515842
4,1525,1529,0.15372794845283003
5,1510,1515,0.15373951240347147
4,1521,1525,0.153747341412736
4,1514,1518,0.1537577999239136
6,1509,1515,0.15376762746859693
6,1514,1520,0.15377065130879067
6,1516,1522,0.1537735409313764
6,1520,1526,0.15377626644150597
6,1512,1518,0.15377883469466117
6,1510,1516,0.1537812538554178
6,1510,1516,0.1537835110885438
7,1510,1517,0.15378563423103866
6,1503,1509,0.1537845344999749
6,1504,1510,0.15378662210099617
7,1495,1502,0.15378856753229733
7,1498,1505,0.1537873014238989
6,1501,1507,0.1537861387742483
7,1506,1513,0.1537881865784759
7,1509,1516,0.15378695365790057
7,1509,1516,0.15378582013760575
8,1511,1519,0.15378476087750595
8,1521,1529,0.15378064355905655
8,1529,1537,0.1537767978614853
6,1524,1530,0.15377318969226608
5,1513,1518,0.15377600337620204
5,1516,1521,0.15378172455900846
6,1506,1512,0.1537870747410833
6,1509,1515,0.15378899169693344
6,1516,1522,0.15379080780978133
6,1510,1516,0.1537925187008857
6,1507,1513,0.15379412819289395
6,1516,1522,0.15379564174459215
6,1516,1522,0.1537970649001383
8,1508,1516,0.15379840299897413
8,1496,1504,0.15379347220827966
8,1491,1499,0.15378886875230544
9,1495,1504,0.15378455932742874
9,1504,1513,0.15377755192211542
9,1510,1519,0.15377096508323193
9,1524,1533,0.15376479179738592
9,1507,1516,0.15375900407837445
9,1507,1516,0.15375357548558338
9,1514,1523,0.1537484818691169
9,1516,1525,0.1537437011406152
8,1501,1509,0.15373921299727816
8,1504,1512,0.1537379352010421
9,1500,1509,0.1537367574119053
9,1502,1511,0.15373264859124483
8,1506,1514,0.15372880062001085
8,1484,1492,0.1537282724725442
8,1494,1502,0.15372779484711743
8,1490,1498,0.15372734670098162
7,1489,1496,0.1537269214985546
7,1490,1497,0.15372961579385291
7,1503,1510,0.15373213568933441
7,1504,1511,0.1537344932023405
7,1501,1508,0.15373670226737274
6,1511,1517,0.15373877392842514
6,1508,1514,0.15374371574095655
6,1508,1514,0.1537483479941292
6,1503,1509,0.15375269733242766
5,1513,1518,0.1537567816806057
6,1514,1520,0.15376374929130304
6,1513,1519,0.15376726855054923
6,1521,1527,0.15377059014674135
6,1522,1528,0.15377371563452835
6,1527,1533,0.15377665585203598
6,1536,1542,0.15377942130325356
6,1525,1531,0.1537820221080956
7,1513,1520,0.15378446792767433
7,1519,1526,0.15378368511383145
7,1510,1517,0.15378297790657178
7,1511,1518,0.15378232555354546
6,1508,1514,0.15378171956050757
6,1498,1504,0.15378417789838328
6,1501,1507,0.1537864672304149
7,1505,1512,0.15378861343245281
7,1511,1518,0.15378759390418695
7,1516,1523,0.1537866650588362
7,1517,1524,0.1537858009831575
7,1518,1525,0.15378499404619167
6,1513,1519,0.1537842391668175
6,1522,1528,0.1537866012150411
7,1508,1515,0.1537888027751529
7,1507,1514,0.15378791249653903
7,1508,1515,0.15378706185704027
7,1512,1519,0.15378626677383303
8,1499,1507,0.153785523174875
8,1501,1509,0.15378185453003992
8,1506,1514,0.15377839636907634
8,1494,1502,0.1537751561476036
8,1494,1502,0.15377211890497297
8,1489,1497,0.15376927041036526
7,1502,1509,0.15376659776997897
6,1494,1500,0.15376709821638787
5,1512,1517,0.1537705097847625
6,1517,1523,0.15377667248373778
6,1523,1529,0.1537795127870005
6,1519,1525,0.15378219421606032
6,1519,1525,0.1537847140630352
6,1507,1513,0.1537870816000426
6,1503,1509,0.1537893060636852
6,1504,1510,0.15379139624250343
6,1503,1509,0.15379336040310945
5,1504,1509,0.15379520629211893
5,1506,1511,0.15379986568611467
5,1501,1506,0.1538042697418884
5,1518,1523,0.15380840895603626
5,1517,1522,0.1538122983810591
5,1519,1524,0.15381595345630814
5,1514,1519,0.15381938871753578
5,1505,1510,0.15382261772513778
6,1505,1511,0.15382567782476464
6,1511,1517,0.15382557877467917
6,1504,1510,0.15382547299503158
6,1510,1516,0.15382537912736396
6,1510,1516,0.15382529548050425
6,1507,1513,0.15382522028640552
6,1502,1508,0.15382515219014709
6,1502,1508,0.15382509016309145
5,1514,1519,0.15382503340653464
5,1520,1525,0.1538279956266609
5,1528,1533,0.15383076923597344
5,1516,1521,0.1538333742210068
5,1507,1512,0.15383582133770107
5,1514,1519,0.15383812064548189
5,1514,1519,0.15384028145175
6,1507,1513,0.153842312380002
6,1503,1509,0.1538412047928784
6,1507,1513,0.1538401403911226
6,1505,1511,0.15383914220166278
6,1514,1520,0.15383820686682856
6,1513,1519,0.15383733008590272
5,1520,1525,0.15383650779797642
5,1527,1532,0.15383867616125246
4,1520,1524,0.15384074116986046
4,1505,1509,0.15384569539900114
4,1503,1507,0.1538503890013643
4,1519,1523,0.15385480546102281
4,1519,1523,0.1538589586885599
4,1507,1511,0.15386286392717508
4,1511,1515,0.15386653596159022
4,1507,1511,0.15386998880007063
4,1518,1522,0.15387323562895017
4,1518,1522,0.15387628883583002
3,1526,1529,0.15387916005143235
3,1521,1524,0.15388496903891966
4,1515,1519,0.15389041664173847
3,1511,1514,0.15389242196177486
3,1510,1513,0.15389738218457308
3,1511,1514,0.15390205021989914
3,1503,1506,0.15390644421288985
3,1513,1516,0.15391057854429924
3,1518,1521,0.15391446800558126
3,1522,1525,0.15391812689635626
3,1517,1520,0.1539215688044403
3,1510,1513,0.15392480656618976
3,1507,1510,0.15392785227994124
3,1502,1505,0.15393071733665117
3,1502,1505,0.15393341245591305
3,1516,1519,0.15393594772298674
3,1513,1516,0.15393833262509654
3,1514,1517,0.15394057608628503
3,1514,1517,0.15394268650054724
3,1515,1518,0.1539446717631711
2,1506,1508,0.15394653930030533
2,1512,1514,0.1539514362046121
3,1516,1519,0.15395603111658143
3,1524,1527,0.15395720715338368
3,1529,1532,0.15395833078523166
3,1521,1524,0.15395938824408145
3,1516,1519,0.15396038293468275
3,1514,1517,0.15396131861005266
3,1506,1509,0.1539621988084174
2,1514,1516,0.15396302683892077
2,1514,1516,0.153966948366517
2,1515,1517,0.15397062545936524
2,1509,1511,0.1539740866916204
1,1506,1507,0.1539773445785583
1,1507,1508,0.1539834872892946
1,1505,1506,0.1539893172162412
1,1515,1516,0.15399481601522763
1,1521,1522,0.15399999691258734
1,1519,1520,0.1540048760744276
2,1509,1511,0.15400946994281195
2,1521,1523,0.1540106620206701
1,1510,1511,0.15401178003701524
1,1505,1506,0.15401594723390766
1,1505,1506,0.15401987757132457
1,1514,1515,0.15402358286776305
1,1504,1505,0.15402707291223838
1,1504,1505,0.15403035893187003
1,1500,1501,0.15403345222479362
1,1504,1505,0.15403636374077267
1,1507,1508,0.15403910394319056
1,1505,1506,0.15404168276711772
1,1511,1512,0.15404410961513798
1,1515,1516,0.15404639336944956
1,1518,1519,0.15404854241127258
1,1523,1524,0.15405056464343314
1,1522,1523,0.1540524675140815
1,1506,1507,0.15405425804048212
1,1524,1525,0.1540559428323173
1,1516,1517,0.15405752811420784
1,1509,1510,0.154059019747304
1,1501,1502,0.15406042324988165
1,1507,1508,0.15406174381692359
1,1504,1505,0.15406298633869472
1,1518,1519,0.15406415541833307
1,1529,1530,0.15406525538848945
1,1530,1531,0.15406629032705066
1,1513,1514,0.15406726407198648
1,1518,1519,0.15406818023536045
1,1541,1542,0.1540690422165441
1,1539,1540,0.15406985321467562
1,1540,1541,0.1540706162404019
1,1517,1518,0.15407133412694204
1,1511,1512,0.1540720095405089
0,1504,1504,0.15407264499012455
