1363,29,1392,0.13584152462252586
1391,31,1422,0.13303382532659916
1416,31,1447,0.13039291053655216
1415,33,1448,0.12791499063019623
1441,32,1473,0.12565884151696427
1432,33,1465,0.12353320182409516
1442,32,1474,0.12161948711272715
1451,33,1484,0.11984984511176072
1454,35,1489,0.11821460331323702
1462,34,1496,0.11671781916637741
1472,32,1504,0.11533464390779567
1479,33,1512,0.11405033748435009
1464,33,1497,0.11286429090069465
1451,34,1485,0.11181973068310533
1460,37,1497,0.1108990275646266
1471,38,1509,0.1100394141981215
1473,38,1511,0.10923107891285745
1462,39,1501,0.10849008621062758
1469,38,1507,0.1078402371745706
1476,38,1514,0.10723252998853453
1473,35,1508,0.10666323419526616
1481,35,1516,0.1061517127472171
1478,33,1511,0.10566801904529279
1464,32,1496,0.10523406401772686
1471,35,1506,0.10487009848760899
1480,37,1517,0.10452335850954561
1450,36,1486,0.10418750667167653
1452,36,1488,0.10394728828050613
1450,37,1487,0.10372415438525572
1452,39,1491,0.10352504527187292
1447,39,1486,0.10333968335281934
1444,39,1483,0.10318147792140564
1438,39,1477,0.10304375990762094
1441,40,1481,0.10293139055252812
1435,39,1474,0.10282253072550272
1426,38,1464,0.1027361633141901
1439,39,1478,0.10267696300570302
1437,40,1477,0.10259525795504026
1431,40,1471,0.10252503516479904
1435,45,1480,0.10247383130927988
1443,43,1486,0.1024184579448071
1446,43,1489,0.10235102837902951
1448,42,1490,0.10228313680489293
1450,45,1495,0.10221743511884167
1445,45,1490,0.10215254213808446
1436,46,1482,0.10210442089527497
1444,47,1491,0.1020801318215781
1447,47,1494,0.10204061324732328
1448,47,1495,0.10199830425086988
1456,48,1504,0.1019576096280457
1447,48,1495,0.10190358765194722
1451,47,1498,0.10187371540317659
1457,47,1504,0.10183799987670586
1452,47,1499,0.10179291501289431
1471,47,1518,0.10176275696635742
1465,45,1510,0.10169394488698322
1462,49,1511,0.10164364188144102
1451,49,1500,0.1016042585867074
1446,50,1496,0.10159219263829847
1444,50,1494,0.10159170456967864
1449,47,1496,0.10159565933157691
1446,47,1493,0.1015890277120509
1458,43,1501,0.10158918404650379
1456,44,1500,0.10156329114459396
1457,44,1501,0.10154409341608182
1454,43,1497,0.10152475973928482
1457,45,1502,0.10151354921908784
1451,42,1493,0.10149665098102631
1463,41,1504,0.10149434153335077
1455,44,1499,0.10146631599333805
1452,43,1495,0.10145755980706436
1454,42,1496,0.10145626530538607
1466,42,1508,0.10145076485093675
1448,45,1493,0.10142015851066491
1439,44,1483,0.10143070049333992
1447,45,1492,0.1014592393293308
1433,46,1479,0.10146864629031502
1425,46,1471,0.10150671453674193
1438,42,1480,0.10155847109233537
1429,43,1472,0.10157789418325308
1436,44,1480,0.1016148791824358
1426,43,1469,0.10163381826129203
1436,41,1477,0.1016727424917616
1429,46,1475,0.10168688000788581
1436,47,1483,0.10171519046146865
1441,47,1488,0.10172584737977403
1431,49,1480,0.10172483443689025
1430,48,1478,0.10174530295641397
1439,49,1488,0.10176662403390203
1447,48,1495,0.10176685790011727
1449,46,1495,0.10175054179276107
1464,47,1511,0.10173078004420008
1472,48,1520,0.10168076895451396
1470,48,1518,0.10161740471365599
1455,46,1501,0.10156380876411579
1448,47,1495,0.10154742843636505
1449,48,1497,0.10154701282788187
1445,48,1493,0.10154460425603883
1453,48,1501,0.10155136301631779
1463,49,1512,0.10154069624895032
1442,50,1492,0.10150936677672456
1430,48,1478,0.10152569796343518
1435,52,1487,0.10156597929446555
1455,49,1504,0.10159224264487676
1460,47,1507,0.1015732574618281
1448,48,1496,0.10154498342436184
1443,51,1494,0.10154506320829801
1445,50,1495,0.10155598040348356
1459,46,1505,0.10156085533766875
1460,44,1504,0.10153564254777399
1463,43,1506,0.10151144469436481
1456,42,1498,0.1014827471967584
1437,44,1481,0.1014708875504515
1428,45,1473,0.1015007390632677
1432,46,1478,0.10154700670728398
1439,45,1484,0.10158089357621193
1437,47,1484,0.10159717672433612
1445,45,1490,0.10161623012955584
1457,50,1507,0.10161673090250592
1459,47,1506,0.10159155208916705
1454,48,1502,0.10156431988354857
1451,48,1499,0.10155017829671605
1445,45,1490,0.10154369986649137
1438,44,1482,0.10155068352479382
1446,44,1490,0.10157213313266018
1439,45,1484,0.10157478109281147
1442,45,1487,0.10159211971280545
1438,44,1482,0.10160128908079741
1442,46,1488,0.1016178963993154
1431,45,1476,0.10162425442820824
1449,46,1495,0.10165419918761906
1446,47,1493,0.10164241219413629
1440,47,1487,0.10163786987718286
1433,46,1479,0.10164663385024875
1441,45,1486,0.1016695219594454
1453,45,1498,0.10167356824438258
1452,46,1498,0.10165151389536131
1447,46,1493,0.10163377946832412
1454,48,1502,0.10162852523813966
1443,47,1490,0.10160857331645293
1451,49,1500,0.10161397135661676
1467,49,1516,0.1016016289944971
1460,50,1510,0.1015559757899523
1459,51,1510,0.10152962488141924
1451,47,1498,0.10150749393539503
1442,47,1489,0.1015041160817257
1462,49,1511,0.10152106984999662
1457,47,1504,0.10149349954657881
1457,48,1505,0.10147942239002919
1460,49,1509,0.10146682768715934
1450,50,1500,0.10144876987325796
1457,50,1507,0.1014540685837387
1449,53,1502,0.10144400845420393
1446,46,1492,0.10145161253445839
1444,43,1487,0.10146492904430549
1451,41,1492,0.10148106259737016
1447,44,1491,0.10148102038348782
1449,45,1494,0.10148908618342692
1452,43,1495,0.10149246591161429
1453,42,1495,0.1014891448909804
1459,39,1498,0.10148369098350461
1446,40,1486,0.10146587139493438
1448,41,1489,0.10147728456421999
1462,44,1506,0.10148345109889764
1461,42,1503,0.10145929612596583
1464,43,1507,0.10143956472770582
1443,40,1483,0.1014150562394074
1459,41,1500,0.10143710841566754
1457,40,1497,0.10142334241652069
1461,40,1501,0.10141477227494768
1464,43,1507,0.10139879808181794
1464,44,1508,0.10137781907833184
1469,43,1512,0.10135882117975306
1458,42,1500,0.10133057252554817
1449,42,1491,0.10132791570175499
1455,45,1500,0.10134534299937854
1451,44,1495,0.10134866416751262
1452,46,1498,0.10135988364607641
1451,46,1497,0.10136833312771008
1451,47,1498,0.10137755192458715
1450,45,1495,0.10138619635908502
1447,45,1492,0.10139669697958517
1460,47,1507,0.10141238664489569
1467,49,1516,0.10139913222000939
1453,51,1504,0.10137215008237377
1448,51,1499,0.10137696753215686
1447,52,1499,0.10139222634772707
1444,49,1493,0.10140831209724861
1437,49,1486,0.10142913141316608
1429,49,1478,0.10146301821459609
1443,49,1492,0.10151091883734593
1430,49,1479,0.1015247589928215
1439,45,1484,0.10156539117763677
1433,47,1480,0.10158354518948051
1440,46,1486,0.1016126690968266
1436,46,1482,0.10162408515535808
1432,44,1476,0.10164310298734103
1430,47,1477,0.10166898280243485
1440,48,1488,0.10169678694415378
1432,51,1483,0.10170057615368742
1423,53,1476,0.10172183080625243
1434,55,1489,0.10176038747864294
1444,57,1501,0.10177221062106881
1442,55,1497,0.10176132881506313
1443,56,1499,0.10175546315430711
1439,56,1495,0.10174797716990987
1436,54,1490,0.10175004732119458
1438,55,1493,0.10175846751441889
1430,55,1485,0.10176180900345809
1441,55,1496,0.10178208543436476
1432,54,1486,0.101777413020513
1440,54,1494,0.10179189419490989
1449,56,1505,0.1017879782389117
1454,55,1509,0.10176533910210267
1455,55,1510,0.10173396225285948
1454,55,1509,0.10170321133652468
1458,54,1512,0.10167787253828273
1453,53,1506,0.10164642009148406
1452,53,1505,0.10162813110473323
1455,53,1508,0.10161330585155273
1466,54,1520,0.10159394542209618
1463,55,1518,0.10155266658644059
1455,54,1509,0.10152121019790482
1447,54,1501,0.10150974001010207
1425,53,1478,0.10151617705348666
1424,50,1474,0.10156869280375949
1421,51,1472,0.10161892750712505
1430,49,1479,0.10167097837686218
1442,47,1489,0.10169919210903909
1438,50,1488,0.10169936074134178
1432,49,1481,0.10170825887481491
1433,49,1482,0.10172894816506947
1429,48,1477,0.10174586822230257
1437,51,1488,0.10177017548213463
1450,48,1498,0.10177482578230163
1446,49,1495,0.1017513871164582
1451,51,1502,0.10173878225372018
1442,53,1495,0.10171673099090606
1437,53,1490,0.10171630421105285
1444,55,1499,0.10172668013323849
1430,57,1487,0.1017211776504751
1426,57,1483,0.10174607418570496
1440,58,1498,0.10177722894455585
1443,57,1500,0.10177602481706892
1440,60,1500,0.10176832978235167
1446,58,1504,0.10176771075718637
1440,59,1499,0.10175422499541026
1438,59,1497,0.1017546132905729
1440,59,1499,0.10175930918061034
1448,60,1508,0.10175949089853432
1449,56,1505,0.10174217308008938
1435,54,1489,0.10172450508538063
1435,55,1490,0.10173849751358592
1438,51,1489,0.10175113467125246
1442,54,1496,0.10175656508252644
1442,56,1498,0.10175259675376383
1449,55,1504,0.1017490825589919
1446,53,1499,0.10173070741664017
1441,50,1491,0.10172069317668785
1445,48,1493,0.10172205048569909
1445,49,1494,0.10171461280282429
1444,49,1493,0.10170811018935741
1446,50,1496,0.10170380192700433
1431,51,1482,0.10169559733860829
1436,49,1485,0.1017196863761642
1445,51,1496,0.10173076161815672
1453,49,1502,0.1017215897995447
1454,51,1505,0.10169597433274706
1458,52,1510,0.10167038603846422
1445,50,1495,0.10163878392077103
1433,51,1484,0.10163794199939946
1445,51,1496,0.10166289064628231
1425,50,1475,0.10165988214598563
1432,53,1485,0.10169990527710329
1430,51,1481,0.10172148415164987
1437,55,1492,0.10174553584339048
1433,59,1492,0.10175248332876516
1435,57,1492,0.10176772448307009
1439,57,1496,0.10177726060392182
1438,54,1492,0.10177749370516115
1431,55,1486,0.10177991332670747
1441,56,1497,0.10179708238355839
1448,55,1503,0.1017915351124131
1430,57,1487,0.10177108723279402
1425,58,1483,0.10179078745155311
1420,57,1477,0.10181945744910186
1425,55,1480,0.10185645787686567
1422,55,1477,0.10187962589601679
1440,57,1497,0.10190737055968668
1429,57,1486,0.1018938863434061
1430,59,1489,0.1019052934246238
1428,59,1487,0.10191397918411998
1440,59,1499,0.10192603302264466
1437,58,1495,0.10191136737688605
1433,59,1492,0.10190447306064158
1431,61,1492,0.10190734256994807
1417,61,1478,0.10191408898314042
1423,61,1484,0.10195047492150212
1430,61,1491,0.10197054605649275
1437,59,1496,0.10197342413624497
1437,59,1496,0.1019613706597818
1444,59,1503,0.1019507361211283
1447,56,1503,0.10192582241072713
1453,56,1509,0.10189646031178126
1447,58,1505,0.10185655913979763
1445,55,1500,0.10183306620238458
1438,55,1493,0.10181584447059773
1442,55,1497,0.10181558439850559
1438,57,1495,0.1018064793761953
1438,55,1493,0.10180648127481329
1449,57,1506,0.10180621808172574
1447,59,1506,0.10178252927032945
1434,57,1491,0.10176536779155189
1440,58,1498,0.1017778812836584
1436,58,1494,0.10177677899830778
1440,59,1499,0.10178418786024032
1442,58,1500,0.10178207588645334
1443,59,1502,0.10177589809031282
1449,59,1508,0.10176868014548407
1447,56,1503,0.10174908705725898
1447,60,1507,0.10173579456477136
1441,62,1503,0.1017235612782736
1440,63,1503,0.10172505572770468
1445,59,1504,0.10172905675035271
1446,62,1508,0.10172183200685168
1444,62,1506,0.1017132295504462
1442,64,1506,0.10171009018833935
1430,64,1494,0.10171193296047072
1438,62,1500,0.10173883812247742
1435,63,1498,0.10174600104878984
1429,62,1491,0.10175859206522439
1433,65,1498,0.1017824419556349
1430,61,1491,0.10179618524769932
1416,62,1478,0.10181535427650786
1425,62,1487,0.10186253419173523
1433,64,1497,0.10188657884881894
1421,65,1486,0.10189145187265797
1423,64,1487,0.10192173453611467
1419,64,1483,0.10194480833631064
1430,62,1492,0.10197460693727407
1433,62,1495,0.10197836677105222
1421,62,1483,0.101975781313244
1423,64,1487,0.10199935829366825
1419,63,1482,0.10201665527313779
1428,63,1491,0.1020410271695614
1430,64,1494,0.10204362802052551
1428,64,1492,0.10204203989157616
1431,69,1500,0.10204491022779168
1427,69,1496,0.10204098580403986
1425,71,1496,0.10204643175820392
1407,72,1479,0.10205572784790093
1418,73,1491,0.10210234864856449
1417,73,1490,0.10212122487359833
1419,73,1492,0.1021404128848822
1435,71,1506,0.10215366946615503
1432,73,1505,0.10213098066015239
1410,72,1482,0.1021166262267019
1426,73,1499,0.10215118556227804
1427,73,1500,0.10214837103086222
1431,72,1503,0.10214404535164193
1423,70,1493,0.10213133446623093
1429,71,1500,0.1021369926465065
1429,72,1501,0.10212966620798677
1416,70,1486,0.10212293805697062
1412,70,1482,0.10214440573253775
1412,72,1484,0.1021725226831804
1421,75,1496,0.10219886599407438
1418,77,1495,0.10220408730169755
1401,79,1480,0.10221546987601635
1405,78,1483,0.10226224131186566
1398,81,1479,0.10229631815163032
1411,80,1491,0.10234263154467356
1415,80,1495,0.10235682420293767
1424,84,1508,0.10236104722491599
1428,84,1512,0.10234576948896161
1429,85,1514,0.10232322067932989
1419,85,1504,0.10230090279372586
1430,88,1518,0.10230201237606021
1413,88,1501,0.10227939624854926
1408,89,1497,0.10229578499360546
1410,93,1503,0.10232177546564827
1411,94,1505,0.1023414798104631
1402,94,1496,0.10235784967492062
1398,93,1491,0.10239268517947725
1398,95,1493,0.10243304021351571
1391,95,1486,0.10246982093576186
1397,95,1492,0.1025186186386955
1398,100,1498,0.10254986614349507
1395,98,1493,0.10257624359496643
1415,97,1512,0.10260694544962261
1426,98,1524,0.10259170188974885
1417,101,1518,0.10255379209626046
1412,100,1512,0.10253874819835346
1407,101,1508,0.10253590692835976
1401,99,1500,0.10254438488354563
1391,102,1493,0.10256534384117008
1396,102,1498,0.10260593119485613
1396,99,1495,0.10263217385253429
1392,100,1492,0.10265555296397944
1397,99,1496,0.10268510875224264
1385,98,1483,0.1027016365152059
1385,97,1482,0.10274251977293321
1390,92,1482,0.10277978017389713
1406,96,1502,0.1028023787795588
1404,97,1501,0.10278893918716676
1397,96,1493,0.10278031247770125
1411,92,1503,0.10278782572442789
1406,93,1499,0.10276422577719956
1403,94,1497,0.10275372257631972
1407,91,1498,0.10275090805739605
1395,93,1488,0.1027390830792387
1403,96,1499,0.10275455711165467
1407,95,1502,0.10275186035885232
1387,95,1482,0.10274157724656946
1399,90,1489,0.10277557017445911
1394,89,1483,0.10278088433793747
1396,88,1484,0.10279628128513515
1406,88,1494,0.10280636437385407
1395,88,1483,0.10279396316657814
1386,91,1477,0.1028065907026376
1398,93,1491,0.10283729914631774
1406,92,1498,0.10283878888164462
1393,91,1484,0.10282300028757213
1403,93,1496,0.10283681285497226
1403,93,1496,0.10282824605359259
1395,92,1487,0.10282018774581804
1392,91,1483,0.10283027946216211
1385,90,1475,0.1028454541599184
1391,94,1485,0.10287373996599054
1401,90,1491,0.10288705709856046
1398,93,1491,0.10287670526929599
1393,97,1490,0.10287344156016831
1389,97,1486,0.10288176082625278
1404,93,1497,0.10289808681752013
1411,90,1501,0.10288126930499496
1386,89,1475,0.10285059312714825
1407,90,1497,0.10287658369782703
1393,92,1485,0.10285477153149518
1396,91,1487,0.10286479312504093
1397,92,1489,0.10286757804028815
1405,93,1498,0.10286788100670494
1403,92,1495,0.10285111249996276
1398,92,1490,0.10284004458297115
1407,93,1500,0.10284081547028262
1405,91,1496,0.10282134435538218
1403,91,1494,0.10280846992708942
1408,86,1494,0.10280054718546701
1409,88,1497,0.10278276633329007
1420,87,1507,0.1027644679064192
1404,87,1491,0.10272332766777124
1399,84,1483,0.10272051839575994
1396,83,1479,0.10272873157261106
1413,83,1496,0.10274208962154134
1412,83,1495,0.10271793671018006
1405,85,1490,0.10269835678920058
1403,85,1488,0.10269553984260892
1412,85,1497,0.10269691292558349
1416,84,1500,0.10267864611838175
1415,83,1498,0.10265362638291572
1424,80,1504,0.10263251418523672
1422,80,1502,0.10259392307971005
1420,80,1500,0.10256272292181441
1422,80,1502,0.10253891351322891
1427,83,1510,0.10251225910332394
1425,84,1509,0.10247749385553878
1418,84,1502,0.10245020385720689
1431,84,1515,0.10244079661494723
1431,81,1512,0.10240506252019674
1422,81,1503,0.1023718984678409
1413,82,1495,0.10236101613140564
1396,84,1480,0.10237077545501942
1393,83,1476,0.10241603839513448
1410,84,1494,0.1024642592289066
1410,84,1494,0.10247126337272316
1409,84,1493,0.10247788394978119
1399,84,1483,0.10248635351578056
1404,84,1488,0.10251468809380877
1413,87,1500,0.1025298055817726
1395,86,1481,0.10252441623819519
1406,87,1493,0.10255840937315343
1403,84,1487,0.10256535257715814
1413,85,1498,0.10257806515249701
1417,86,1503,0.10256824178366152
1414,85,1499,0.10255086825868577
1406,86,1492,0.10254153679847451
1399,85,1484,0.10255002044365509
1406,84,1490,0.10257261985289673
1422,83,1505,0.10257846347992608
1444,84,1528,0.10254994338564825
1430,86,1516,0.10247669319152605
1427,87,1514,0.10244003988595919
1414,89,1503,0.10241319710914044
1413,86,1499,0.10241681822996199
1410,87,1497,0.10242272080988325
1422,88,1510,0.10243402766699386
1407,89,1496,0.1024188394383207
1407,88,1495,0.10243656426216954
1400,88,1488,0.10245312786600938
1404,89,1493,0.10248307085339434
1399,88,1487,0.10250166622002797
1404,88,1492,0.102529211524548
1411,90,1501,0.10254377757889273
1413,90,1503,0.10254174830339688
1404,92,1496,0.1025357892831085
1403,96,1499,0.10254959763354748
1399,96,1495,0.10256429333165379
1387,98,1485,0.10258621233546887
1397,102,1499,0.10263214525668801
1389,103,1492,0.10265187473911645
1396,100,1496,0.10268723519301379
1402,99,1501,0.10270427620945626
1390,101,1491,0.10270715598705893
1402,98,1500,0.10273577773343995
1406,95,1501,0.10273645112106515
1401,94,1495,0.10272890308180418
1405,96,1501,0.1027328055456163
1399,100,1499,0.10272777263559724
1407,96,1503,0.10273632401359901
1403,97,1500,0.10272682077579619
1393,101,1494,0.102727080022979
1396,101,1497,0.10274916425789286
1387,103,1490,0.10276299301927516
1383,101,1484,0.10279521920604015
1383,98,1481,0.10283389346729732
1394,100,1494,0.10286979631114149
1401,101,1502,0.10287892406889391
1396,100,1496,0.10287242498084638
1392,99,1491,0.102876992089723
1400,100,1500,0.10288933769519472
1399,100,1499,0.10288329566178916
1398,99,1497,0.10287907439140469
1384,101,1485,0.10287784863613951
1389,98,1487,0.10290719239094609
1390,106,1496,0.10292301954311914
1388,106,1494,0.10293562804648416
1391,106,1497,0.10295160273656435
1386,108,1494,0.10295921110983
1392,108,1500,0.10297713768482954
1387,107,1494,0.10298092434732325
1387,105,1492,0.10299487722764605
1381,107,1488,0.10300789367897391
1377,106,1483,0.1030327034364258
1380,104,1484,0.10306348736503285
1376,105,1481,0.1030859695065077
1365,106,1471,0.10311515232000097
1368,108,1476,0.10316652042141584
1365,112,1477,0.10320709095169103
1378,115,1493,0.10325020221624764
1382,116,1498,0.10326200581122592
1376,120,1496,0.10326443014797765
1380,117,1497,0.10327970182636305
1380,117,1497,0.10328549006761772
1359,119,1478,0.10329021395000021
1366,124,1490,0.10334009871551675
1375,125,1500,0.10337031628440262
1377,130,1507,0.10337828403775493
1370,129,1499,0.10338183357831256
1364,125,1489,0.10340065939715885
1366,128,1494,0.10343100710928685
1373,129,1502,0.10345493069980463
1369,131,1500,0.10346191306667972
1366,129,1495,0.10347690553870578
1370,133,1503,0.10349779936281785
1379,132,1511,0.10350762670824054
1361,135,1496,0.10349734544614136
1353,134,1487,0.10352725605359872
1358,134,1492,0.10357178085068273
1355,137,1492,0.10360181016132913
1353,137,1490,0.10363565635531127
1352,138,1490,0.10367095222971866
1351,139,1490,0.10370513561897399
1353,136,1489,0.10373903504800364
1351,139,1490,0.10376606290365188
1361,142,1503,0.10379460283722594
1357,139,1496,0.10379857387636644
1368,140,1508,0.10381172151466153
1366,143,1509,0.10379994952031016
1359,142,1501,0.10379376985198163
1371,142,1513,0.10380288633582663
1347,141,1488,0.10378534167576144
1355,144,1499,0.10382156507509302
1344,146,1490,0.10383818686794083
1343,146,1489,0.10387721766950993
1339,147,1486,0.10391518084756197
1344,148,1492,0.10395889229047149
1350,148,1498,0.10398800385050443
1354,151,1505,0.10400070950169876
1355,150,1505,0.10400366804522605
1352,153,1505,0.1040042791380041
1352,151,1503,0.10401100562012328
1353,147,1500,0.10401752611138594
1354,148,1502,0.10402223597513767
1351,146,1497,0.10402420461368336
1348,145,1493,0.10403217738099067
1352,146,1498,0.10404618605077691
1343,147,1490,0.10405054531239961
1344,149,1493,0.10407401645763809
1329,150,1479,0.10409336676780252
1333,154,1487,0.10414380793177454
1344,153,1497,0.10418152185242757
1337,153,1490,0.1041918936931867
1339,150,1489,0.10421632456090539
1342,153,1495,0.10423444525489144
1347,158,1505,0.10424462452637413
1340,157,1497,0.10424267273657936
1332,161,1493,0.10425663961624965
1332,162,1494,0.1042866806392113
1328,162,1490,0.10431456091332622
1324,160,1484,0.10434787058115542
1324,162,1486,0.10438794673843682
1318,162,1480,0.10442424342336308
1334,164,1498,0.1044705566213502
1331,165,1496,0.10447858848886042
1324,163,1487,0.10449308091592294
1330,167,1497,0.10452189753956326
1339,168,1507,0.10453504344312975
1341,167,1508,0.10452823562001859
1331,169,1500,0.1045165385724756
1333,165,1498,0.1045277550350019
1333,167,1500,0.1045339565592991
1328,168,1496,0.10453991389656707
1315,172,1487,0.10455609589360171
1316,172,1488,0.10459960799009327
1314,169,1483,0.10463768582112454
1316,169,1485,0.10467672748412346
1316,166,1482,0.10470745385182795
1316,169,1485,0.10473545297799237
1322,172,1494,0.10476088556951638
1326,174,1500,0.10477139175910029
1335,184,1519,0.10477222326251116
1338,179,1517,0.10475347813418988
1332,184,1516,0.10473011086625934
1319,182,1501,0.10472213384371515
1313,186,1499,0.10474363670803505
1311,182,1493,0.10477628290693254
1313,185,1498,0.10481040487697033
1317,184,1501,0.10483750077559381
1314,190,1504,0.10485407113351791
1311,187,1498,0.10487605913334713
1313,187,1500,0.10490275640037154
1300,187,1487,0.1049222910128915
1308,188,1496,0.10496873473420695
1325,187,1512,0.10499382839140338
1323,185,1508,0.10497967997868667
1314,188,1502,0.10497170492832954
1302,187,1489,0.1049842931393109
1307,188,1495,0.10502254462319652
1312,191,1503,0.1050464603388151
1313,189,1502,0.10505717411604025
1309,187,1496,0.105065484000248
1314,179,1493,0.10508125729417021
1317,178,1495,0.10508428589900624
1325,175,1500,0.10508089431907511
1331,168,1499,0.10505882959888549
1321,172,1493,0.10502466178073881
1314,178,1492,0.10501527232703545
1313,181,1494,0.10502267961093197
1315,180,1495,0.10503060498483353
1314,183,1497,0.1050335633850041
1311,186,1497,0.10503851212859092
1316,189,1505,0.10504991771206226
1307,185,1492,0.10504961186251101
1315,182,1497,0.10506974422010011
1313,181,1494,0.10507022778261074
1308,183,1491,0.10507531125586901
1310,185,1495,0.10509164345083048
1304,184,1488,0.10510194699820852
1315,189,1504,0.10512421057423792
1327,188,1515,0.10512062774466291
1311,186,1497,0.10509110578039507
1304,187,1491,0.10509951479446994
1309,187,1496,0.10512235978758304
1314,184,1498,0.10513331401266963
1294,185,1479,0.10513237638591721
1291,181,1472,0.10517534065139361
1281,184,1465,0.10522205978381745
1284,189,1473,0.10528679193934501
1290,193,1483,0.10534038831626119
1300,190,1490,0.10537590554796068
1307,188,1495,0.10538614885274857
1300,189,1489,0.10538000285084446
1301,191,1492,0.10539072861086489
1294,194,1488,0.10539888648224856
1285,197,1482,0.10542218673440605
1294,199,1493,0.10546341696951585
1285,199,1484,0.10548129719982428
1289,202,1491,0.10551748285736685
1298,199,1497,0.10554250005341075
1284,202,1486,0.10554510363114615
1294,205,1499,0.1055781663613644
1281,204,1485,0.10558631758277583
1290,206,1496,0.10562219640054892
1288,205,1493,0.10563552270075367
1289,209,1498,0.10565254644450242
1286,207,1493,0.10566646187368024
1290,204,1494,0.10568620273862848
1300,212,1512,0.10569536685135031
1294,213,1507,0.1056815892673583
1286,214,1500,0.10568258467653859
1279,208,1487,0.10570097452345589
1292,211,1503,0.10573311649799738
1285,214,1499,0.10573361363865913
1282,214,1496,0.1057505325637273
1278,216,1494,0.1057733359590312
1278,211,1489,0.1058036443168513
1280,212,1492,0.10583130159619147
1277,212,1489,0.10585233478363915
1280,215,1495,0.10587798181720853
1286,214,1500,0.1058947489985184
1276,208,1484,0.10589644577837848
1283,211,1494,0.10591979818967491
1271,207,1478,0.10592559966359451
1280,212,1492,0.10595726230228979
1281,212,1493,0.10596740304439081
1289,214,1503,0.10597440872130061
1288,212,1500,0.10596357272352268
1284,215,1499,0.10595552737785495
1288,213,1501,0.10595606462315058
1285,209,1494,0.1059480819776624
1295,215,1510,0.10594885347668258
1291,211,1502,0.10592770510136224
1295,212,1507,0.10591801919233652
1290,216,1506,0.10590043145740786
1293,215,1508,0.10589467038169026
1289,213,1502,0.10588354008539402
1299,216,1515,0.10588219546538355
1282,217,1499,0.10585968873882055
1283,215,1498,0.10587552010439236
1283,213,1496,0.10588765372301236
1281,206,1487,0.10589873320434527
1281,206,1487,0.10591325744273644
1287,205,1492,0.10592722507981843
1299,214,1513,0.1059253254127556
1296,213,1509,0.10589867461061996
1278,208,1486,0.10588023729253586
1288,213,1501,0.10590444851449117
1281,212,1493,0.10590445270084206
1294,216,1510,0.1059206408067201
1291,217,1508,0.10590657338653928
1289,212,1501,0.10589963885703339
1280,210,1490,0.10589798054858537
1281,212,1493,0.10591697574238496
1292,218,1510,0.10593315249241134
1299,217,1516,0.10592341121650356
1307,213,1520,0.10589918949077975
1318,216,1534,0.10586098901231807
1310,209,1519,0.10580159147682643
1292,208,1500,0.10576408460315732
1296,203,1499,0.1057691442640391
1276,215,1491,0.10576548979985002
1272,214,1486,0.10580607544573084
1282,220,1502,0.10585217883297966
1270,218,1488,0.10587193626843419
1274,224,1498,0.10591654943335121
1274,228,1502,0.10594846950957072
1285,228,1513,0.10597759722598742
1283,220,1503,0.10597918297821735
1286,219,1505,0.10598491833218276
1274,221,1495,0.10598323994814429
1275,221,1496,0.10600828746090903
1277,218,1495,0.1060295378335432
1286,216,1502,0.10604617280756563
1272,217,1489,0.10604003006950101
1284,222,1506,0.10606584725277124
1284,226,1510,0.1060645774784563
1272,224,1496,0.10606183792008704
1269,228,1497,0.10608561696595174
1266,236,1502,0.10611528058454273
1261,232,1493,0.10614917324176627
1276,238,1514,0.10619244622558494
1270,231,1501,0.1061996888567908
1268,235,1503,0.10621950185958387
1272,235,1507,0.10624262839546851
1274,238,1512,0.10625455793587403
1268,235,1503,0.10626177100475777
1265,242,1507,0.10628166259334522
1261,239,1500,0.10630750505894535
1252,242,1494,0.10634054386269635
1244,239,1483,0.10639007801083764
1249,245,1494,0.1064544322690454
1254,248,1502,0.10650340583335507
1251,248,1499,0.10653685023962406
1258,246,1504,0.10657461077614191
1245,244,1489,0.10659400986536652
1242,246,1488,0.10664221774311876
1242,252,1494,0.10669409294762401
1236,250,1486,0.10674182172370056
1238,250,1488,0.10679924862341501
1247,254,1501,0.10684695961707018
1247,251,1498,0.10687044057001172
1248,257,1505,0.10689298834885123
1251,261,1512,0.10690995852795519
1240,259,1499,0.10691930709844037
1245,258,1503,0.10695199054176757
1252,257,1509,0.10697091428297803
1245,257,1502,0.10697235555819805
1241,259,1500,0.10698850174928343
1244,264,1508,0.10701281648203366
1236,260,1496,0.10702855677207614
1231,261,1492,0.10706123751302644
1236,257,1493,0.1071016152326985
1222,254,1476,0.10712824965619
1232,261,1493,0.10718342801509778
1232,262,1494,0.10721195032003748
1230,265,1495,0.10723828344219054
1233,270,1503,0.1072663054635915
1230,267,1497,0.1072846033881243
1230,273,1503,0.10730831027872377
1213,271,1484,0.10733003934189508
1217,272,1489,0.10738847374788868
1217,265,1482,0.10743233042274085
1216,268,1484,0.10747293263797025
1223,276,1499,0.10751189003159638
1237,272,1509,0.10753338965243182
1224,273,1497,0.10752172894843501
1226,276,1502,0.10753971681376993
1220,271,1491,0.10755027459142262
1217,272,1489,0.10757314308103318
1222,273,1495,0.10760067326238143
1224,273,1497,0.10761482625650728
1223,280,1503,0.10762390776998529
1215,281,1496,0.10763453038044045
1240,281,1521,0.10766180855087867
1229,278,1507,0.10763041461830568
1229,281,1510,0.10762594671679607
1221,278,1499,0.10762114873047487
1213,278,1491,0.10763583998896337
1216,278,1494,0.10766686339379987
1217,281,1498,0.10768886346179184
1211,285,1496,0.10770681662666515
1217,287,1504,0.1077376735065192
1225,286,1511,0.10775325248956837
1235,285,1520,0.10774960354828668
1222,282,1504,0.10772379459683927
1225,282,1507,0.10772920773153302
1217,287,1504,0.10772710973429112
1217,280,1497,0.10774401105875399
1217,279,1496,0.10775942186769782
1226,288,1514,0.10777458851256604
1223,289,1512,0.10776752300660533
1210,291,1501,0.10776750352567166
1212,290,1502,0.10779680488510003
1213,291,1504,0.10781892138628976
1195,285,1480,0.10783636976791681
1198,287,1485,0.10789241061128979
1200,291,1491,0.10793733127447705
1208,292,1500,0.10797518941695775
1211,292,1503,0.10799244058074209
1201,301,1502,0.10800166446612046
1202,306,1508,0.10803366944006502
1189,305,1494,0.10806142842240984
1189,302,1491,0.10811570339625835
1184,300,1484,0.1081649454642251
1185,301,1486,0.10822021550970407
1192,307,1499,0.10827019224571281
1190,310,1500,0.10830212673089648
1199,312,1511,0.1083355658556149
1203,312,1515,0.10834733935336228
1187,311,1498,0.1083490814219126
1190,311,1501,0.10838660959274903
1187,316,1503,0.10841450807557033
1183,317,1500,0.10844781578729744
1187,318,1505,0.10848732704691148
1182,323,1505,0.10851461672343522
1175,325,1500,0.10855181136807132
1175,322,1497,0.10860140825515721
1176,327,1503,0.10864662302744964
1168,328,1496,0.10868565219776138
1177,330,1507,0.10873983821184936
1161,333,1494,0.1087707019421148
1153,341,1494,0.1088367772710367
1148,342,1490,0.10891567210719579
1141,348,1489,0.10899866894810809
1150,354,1504,0.10909224857534859
1157,351,1508,0.10915797470457861
1149,350,1499,0.1092031558733714
1148,352,1500,0.10926416235246673
1150,351,1501,0.10932133755436642
1138,351,1489,0.10937001455682545
1136,345,1481,0.10944156670754712
1145,345,1490,0.10951232060173614
1148,345,1493,0.1095576769163895
1141,347,1488,0.10959189316194383
1151,353,1504,0.10963980791971904
1146,353,1499,0.10966131729863923
1151,356,1507,0.10969160685498253
1153,356,1509,0.10970742443494032
1155,353,1508,0.10971852970448502
1150,352,1502,0.10972354436121941
1158,352,1510,0.10973851482613785
1154,352,1506,0.10973427012414694
1145,354,1499,0.10973957797243489
1131,356,1487,0.1097652189214979
1138,355,1493,0.10982035220361663
1151,351,1502,0.10985623219290282
1147,351,1498,0.10986038733033855
1148,353,1501,0.10987394319741682
1149,347,1496,0.10988421289467559
1148,350,1498,0.10989081934523508
1137,352,1489,0.10989841709678164
1129,354,1483,0.10993090038888687
1137,355,1492,0.1099783329878974
1141,353,1494,0.11000305442566966
1143,351,1494,0.11001712394759902
1149,354,1503,0.11002611158724111
1134,347,1481,0.11001964367877218
1146,353,1499,0.1100465725673411
1153,359,1512,0.11004512813516903
1163,354,1517,0.11002757264020172
1160,353,1513,0.10998852689811389
1156,345,1501,0.10995785854951726
1155,343,1498,0.10993855943027572
1161,347,1508,0.1099222229434353
1164,347,1511,0.10989335600598445
1161,355,1516,0.10985901897094134
1167,355,1522,0.10983414243916093
1160,350,1510,0.10979834812828507
1161,347,1508,0.10978163587425431
1158,348,1506,0.1097644313027137
1157,355,1512,0.10975500805543988
1152,353,1505,0.10974798774446516
1151,353,1504,0.10975288010350877
1150,358,1508,0.10975946749413872
1145,353,1498,0.10976736128137211
1140,350,1490,0.1097865352670959
1144,352,1496,0.10981606843877408
1145,351,1496,0.10983338162700511
1144,350,1494,0.1098462134214871
1145,348,1493,0.10985975367226779
1145,351,1496,0.10986987887766742
1153,348,1501,0.1098799029846817
1136,354,1490,0.10987221018776423
1127,358,1485,0.10990279771847765
1134,354,1488,0.10995074369135238
1134,355,1489,0.10997965356519131
1118,357,1475,0.11000614671126446
1117,357,1474,0.11006613535197633
1123,357,1480,0.11012231606980044
1123,351,1474,0.11016072256820948
1142,350,1492,0.11019652233791817
1146,355,1501,0.1101865736396725
1140,355,1495,0.11016812068990528
1134,353,1487,0.11016530402625514
1127,353,1480,0.11017585619437847
1129,353,1482,0.11020222165798152
1130,360,1490,0.11022180277332459
1131,357,1488,0.11023638299397985
1136,355,1491,0.1102478599620805
1126,363,1489,0.11024681832168941
1130,369,1499,0.1102690627159857
1130,364,1494,0.11028011447388117
1140,361,1501,0.11029000883052938
1134,354,1488,0.11027616698829583
1151,352,1503,0.11027768990305559
1158,351,1509,0.11023985101901493
1154,352,1506,0.11019023653315414
1159,359,1518,0.11015329747313465
1147,362,1509,0.11010871116604579
1154,356,1510,0.11009490551047764
1149,362,1511,0.11006643686822262
1155,357,1512,0.11005199404602894
1143,356,1499,0.11002645170057619
1152,359,1511,0.11003030694992538
1145,353,1498,0.1100137370722243
1145,356,1501,0.11001485269712397
1144,352,1496,0.11001551234903222
1146,353,1499,0.11001966098683244
1149,352,1501,0.11001791252701558
1150,355,1505,0.11000897962810356
1151,355,1506,0.1099983796036981
1146,359,1505,0.10998519758598169
1134,362,1496,0.10998448510326765
1139,367,1506,0.11001132699125377
1142,366,1508,0.11002383409007926
1138,359,1497,0.11002900022904344
1137,358,1495,0.11004191768949113
1134,359,1493,0.11005651508038244
1146,357,1503,0.11007582150647571
1143,362,1505,0.11006500640073674
1129,354,1483,0.11006287723730555
1151,352,1503,0.1100935041210177
1157,355,1512,0.11007036942888532
1139,354,1493,0.11003448078704015
1148,358,1506,0.11004231879145152
1140,358,1498,0.11002894056667521
1135,353,1488,0.11003461690953398
1139,361,1500,0.11005147064289166
1139,363,1502,0.11005782572373547
1126,362,1488,0.1100641144303308
1131,368,1499,0.11009975844654984
1138,365,1503,0.11012213189807571
1125,366,1491,0.11012666305361908
1128,368,1496,0.11016020408199743
1135,367,1502,0.11018421796859475
1135,369,1504,0.11019007906965048
1121,372,1493,0.1101958976190031
1124,373,1497,0.11023377771294132
1122,375,1497,0.11026209131850795
1132,383,1515,0.11029244088630272
1120,380,1500,0.11029895109144702
1116,383,1499,0.11033282668855343
1131,381,1512,0.11037327109911
1127,383,1510,0.11037678672136643
1132,378,1510,0.11038834874741152
1138,378,1516,0.11038777416127267
1131,384,1515,0.11037498848117419
1139,379,1518,0.11037909620229008
1133,380,1513,0.11036475444607888
1132,384,1516,0.11036591193621934
1125,385,1510,0.11036939236391972
1125,378,1503,0.11038897317106261
1115,380,1495,0.11040761523268099
1110,388,1498,0.1104475345840174
1104,384,1488,0.11049571655968371
1105,396,1501,0.11055308182078846
1098,402,1500,0.11060363349483687
1101,399,1500,0.11066614511502003
1099,403,1502,0.11071601526724571
1099,411,1510,0.11076721011332488
1102,407,1509,0.11081393287414343
1095,398,1493,0.11085105142934162
1087,403,1490,0.11090220142766674
1089,406,1495,0.11096711140180492
1078,410,1488,0.11102439221896802
1086,411,1497,0.11110127111813028
1096,413,1509,0.11115361146070445
1081,413,1494,0.11117900666594752
1077,411,1488,0.11123710652534363
1080,411,1491,0.11130032288132717
1083,405,1488,0.11135207765829254
1090,412,1502,0.11139222909438519
1091,416,1507,0.11141391351258893
1095,414,1509,0.11143103090052202
1097,415,1512,0.11143801863862837
1086,419,1505,0.11144030943731092
1074,419,1493,0.11146800536735575
1075,423,1498,0.1115211810508579
1066,427,1493,0.11156841680430896
1070,425,1495,0.11163276084100074
1067,424,1491,0.11168255229155839
1077,427,1504,0.11173504893835087
1085,431,1516,0.11176008993902657
1077,433,1510,0.1117647843341466
1070,435,1505,0.11178819995647117
1067,432,1499,0.11182649946105454
1071,435,1506,0.11186847761308033
1073,425,1498,0.11189847085753968
1076,431,1507,0.11192170539238983
1075,427,1502,0.11193606516474842
1072,423,1495,0.11195172718706498
1086,416,1502,0.11197305073867682
1083,418,1501,0.11195996314335531
1079,420,1499,0.11195532391677857
1063,421,1484,0.11196050754131086
1070,423,1493,0.11200330838277582
1074,423,1497,0.11202623562285537
1073,414,1487,0.1120372374673638
1072,419,1491,0.11204933235888305
1080,416,1496,0.11206386917067299
1086,423,1509,0.11205847964140947
1088,425,1513,0.11203985214835545
1090,426,1516,0.11201803434189848
1079,423,1502,0.1119938410887886
1077,427,1504,0.11199554283106235
1072,424,1496,0.11200168670305001
1074,418,1492,0.11201817797869314
1068,418,1486,0.11202967686988499
1065,418,1483,0.1120529899634883
1061,419,1480,0.11207970683306977
1070,427,1497,0.11211371475896438
1078,419,1497,0.11212493457312632
1080,419,1499,0.11211694861662184
1073,416,1489,0.11210447362847908
1081,420,1501,0.11210941818494571
1077,422,1499,0.11209590448580652
1077,428,1505,0.11209284023881233
1075,426,1501,0.11209155643805115
1077,422,1499,0.11209544846945003
1071,429,1500,0.11209421908699622
1069,424,1493,0.11210681179560852
1069,429,1498,0.11212335687543275
1077,428,1505,0.11213816078901172
1079,422,1501,0.11213325165678636
1078,423,1501,0.11212470211933147
1079,423,1502,0.1121182547259206
1080,426,1506,0.11211082450419838
1077,425,1502,0.11210187348546267
1069,436,1505,0.11210105370937569
1084,434,1518,0.11211867200979586
1076,436,1512,0.1121004235509166
1059,445,1504,0.11210219400550347
1056,446,1502,0.11214369390849384
1059,442,1501,0.11218890829789491
1057,439,1496,0.11222413011351184
1065,429,1494,0.11226085312138653
1059,431,1490,0.11227670969099289
1062,431,1493,0.1123043782755521
1076,441,1517,0.11232235677028203
1066,446,1512,0.11230839140025811
1067,445,1512,0.1123187714705999
1071,446,1517,0.11232620077373873
1070,451,1521,0.11232446649646993
1067,446,1513,0.11232670126873753
1060,450,1510,0.11233584909564157
1064,447,1511,0.11236094139816116
1067,446,1513,0.11237547108192764
1058,441,1499,0.11238182655711598
1060,436,1496,0.11240909624609109
1061,447,1508,0.11242901037298333
1074,451,1525,0.11244501868507296
1068,451,1519,0.11242966736333891
1069,446,1515,0.11243018258720078
1057,443,1500,0.11242850096430825
1053,442,1495,0.11245454698899024
1064,448,1512,0.1124862075042654
1046,454,1500,0.11249027475113586
1052,459,1511,0.11253531871510145
1052,459,1511,0.11256266716586268
1050,463,1513,0.11258923627485073
1048,464,1512,0.11261863004458467
1053,455,1508,0.11265081303057453
1045,460,1505,0.11266822540402498
1050,455,1505,0.11270396309070765
1043,463,1506,0.11272648002132314
1030,467,1497,0.11276360653773526
1037,466,1503,0.11282815908285272
1037,464,1501,0.1128708900856601
1034,461,1495,0.11290929173666196
1049,457,1506,0.11295127553440391
1045,459,1504,0.11295573867084097
1034,463,1497,0.11296893728366265
1034,464,1498,0.11300538675873789
1039,468,1507,0.11303901566004321
1037,464,1501,0.11305796276137002
1035,469,1504,0.11307978052792332
1036,460,1496,0.11310463142540658
1034,470,1504,0.11312651175729567
1030,478,1508,0.11315211907648387
1029,473,1502,0.11318488840488715
1033,474,1507,0.11321737920613945
1032,472,1504,0.11323802913226498
1029,471,1500,0.1132596972592192
1027,479,1506,0.11328758551462532
1029,485,1514,0.11331827066522111
1034,487,1521,0.11334288122906847
1018,484,1502,0.11335500496023969
1024,475,1499,0.11340208326938025
1024,481,1505,0.1134312338590887
1014,480,1494,0.11345812769406653
1015,485,1500,0.11350609822181434
1018,488,1506,0.11354685776036653
1029,484,1513,0.11357784976777795
1033,482,1515,0.11358123971924555
1035,483,1518,0.11357388030264502
1031,484,1515,0.11356339907130727
1014,490,1504,0.1135623176644229
1017,491,1508,0.11360046095599015
1028,493,1521,0.11362922309926478
1033,490,1523,0.11363012007710377
1029,495,1524,0.11361906432333957
1023,497,1520,0.11361859423894981
1020,498,1518,0.11363352583878567
1017,501,1518,0.11365445336555029
1016,510,1526,0.1136811305761412
1016,499,1515,0.11370865568594894
1015,486,1501,0.11373347831451058
1017,497,1514,0.11375849754575725
1016,495,1511,0.11377587809134203
1021,494,1515,0.11379424813343189
1013,486,1499,0.11379957318064257
1007,490,1497,0.1138222131353817
1008,492,1500,0.11385691817098617
1019,490,1509,0.11388736507596052
1020,486,1506,0.11388930333794944
1012,493,1505,0.11388905315253822
1012,489,1501,0.11390730101825276
1010,490,1500,0.11392425819064511
1011,492,1503,0.11394539927167457
1024,490,1514,0.11396440221250526
1014,486,1500,0.11395224644502079
1023,493,1516,0.11396299559094807
1003,491,1494,0.11395205364450668
1007,491,1498,0.11398917521715728
1011,498,1509,0.11401401828487828
1006,508,1514,0.11402732868721774
1003,509,1512,0.11405230682052768
992,498,1490,0.11408335953085685
1003,503,1506,0.11413657584119807
996,495,1491,0.11415972693018901
988,494,1482,0.11419847565029972
993,498,1491,0.11425322284040065
987,512,1499,0.11429268343089838
989,515,1504,0.11434337351531763
987,510,1497,0.11438573166980918
989,512,1501,0.11442829633434265
988,508,1496,0.11446239372486977
985,509,1494,0.11449673108151481
994,508,1502,0.11453593151831516
1000,510,1510,0.1145517276088643
988,510,1498,0.11455270527748268
991,518,1509,0.11458221394184707
983,526,1509,0.11460317081702279
975,532,1507,0.1146415514321987
969,524,1493,0.11469696271853812
978,524,1502,0.11476180361866593
960,523,1483,0.11480121210267075
970,530,1500,0.11488046683401518
966,535,1501,0.11493102478742453
973,536,1509,0.11498730527542189
970,533,1503,0.11502255411895089
968,534,1502,0.11506258482984358
957,535,1492,0.11510482983090861
960,535,1495,0.11517024226233413
951,528,1479,0.11522313826685156
962,546,1508,0.11529224495732154
959,543,1502,0.11533100939220621
947,551,1498,0.1153745172649454
961,551,1512,0.11544254761030821
956,547,1503,0.11547342920335239
965,554,1519,0.11551334517536845
967,545,1512,0.11552847630147917
960,544,1504,0.11553844161508409
965,548,1513,0.11556338667111547
961,538,1499,0.11557362836982503
967,539,1506,0.11559469623497674
964,542,1506,0.11560019703587322
970,543,1513,0.11561237981179691
966,544,1510,0.11561216193499103
958,543,1501,0.11561960511884899
951,550,1501,0.11564565805369482
949,555,1504,0.11568641053153225
950,547,1497,0.11572861357338676
958,553,1511,0.11576418963932596
965,545,1510,0.11577674047452431
964,551,1515,0.11577082814400062
959,547,1506,0.11576703099166724
954,551,1505,0.11577472319420372
957,553,1510,0.11579228258162715
959,550,1509,0.11580216904321144
945,548,1493,0.11580739909596925
956,546,1502,0.11584546016474315
954,553,1507,0.11585459628570619
960,557,1517,0.1158682327123578
954,548,1502,0.11586626933135101
946,552,1498,0.11587794712063001
960,552,1512,0.11590805240639107
951,548,1499,0.115903689480397
957,552,1509,0.11592165049339627
959,544,1503,0.11592423423458349
966,543,1509,0.11592207019377714
978,534,1512,0.11590301472260797
979,536,1515,0.11585695488941013
975,535,1510,0.1158116964675889
984,536,1520,0.11577947721512478
976,537,1513,0.11572765608782351
962,546,1508,0.11569841379916411
957,547,1504,0.11570453127169199
944,546,1490,0.11572266524322262
954,545,1499,0.11576898483645037
948,542,1490,0.11578751104602544
957,544,1501,0.11581961665741894
953,546,1499,0.11582759963925791
951,545,1496,0.11584503021581646
938,547,1485,0.11586673727594668
948,553,1501,0.11591633118594986
940,559,1499,0.11593702363592776
942,552,1494,0.11597488646729279
942,557,1499,0.11600564688637544
941,552,1493,0.11603399556319381
950,554,1504,0.11606229213242618
964,554,1518,0.11606570346059106
958,561,1519,0.11603598468351722
957,559,1516,0.1160220171675343
948,555,1503,0.11601145974074242
944,565,1509,0.11602456843677465
937,568,1505,0.11604629821409372
939,567,1506,0.11608171900699152
947,576,1523,0.1161104736760397
948,575,1523,0.11611753417240532
959,577,1536,0.11612289334555242
960,572,1532,0.11610212012049764
952,572,1524,0.1160811922535838
940,570,1510,0.11608084857845075
941,568,1509,0.11610796985185452
951,565,1516,0.11613133094153422
951,570,1521,0.1161289666344852
943,564,1507,0.11612748393989104
933,568,1501,0.11614566809963624
945,576,1521,0.11618637242681648
923,588,1511,0.11619591488777442
914,585,1499,0.11625666864683332
909,583,1492,0.11633386747604144
919,591,1510,0.11641709628627658
923,580,1503,0.11647076431222586
927,578,1505,0.1165090073539292
931,579,1510,0.11653625217768916
929,588,1517,0.11655216200240265
922,588,1510,0.11657206655344099
911,584,1495,0.11660758376331852
913,587,1500,0.11666618829626993
907,594,1501,0.11671562263239955
901,592,1493,0.11677474026295606
894,593,1487,0.11684337776496281
904,591,1495,0.11692353184554145
906,588,1494,0.11697320745331709
904,596,1500,0.11701593231086514
899,594,1493,0.11705925060375051
898,598,1496,0.1171116058779949
902,605,1507,0.1171643242795393
903,597,1500,0.1172042554032287
908,595,1503,0.11724016546731338
915,593,1508,0.11726302012694484
914,600,1514,0.11726763220412063
910,600,1510,0.1172729379602572
909,595,1504,0.1172876251790813
916,586,1502,0.1173026395987387
918,590,1508,0.11729964658192088
926,589,1515,0.11729290703553602
913,592,1505,0.11726928615669781
923,592,1515,0.11727848452702401
912,587,1499,0.11726233534552614
910,592,1502,0.11727570771227473
905,590,1495,0.1172935355378424
896,598,1494,0.11732160731837211
907,595,1502,0.11736668710297113
905,593,1498,0.11738128062725714
904,594,1498,0.11740005109168546
905,603,1508,0.11741906224577871
896,612,1508,0.11743416689809061
900,612,1512,0.11746991475695902
907,610,1517,0.11749412248460535
912,615,1527,0.11750011638375277
901,612,1513,0.11749374833211594
898,611,1509,0.11751458701766009
897,598,1495,0.11753999790947903
897,600,1497,0.11756470207916898
894,612,1506,0.11758788890217019
891,606,1497,0.11761754695577029
883,608,1491,0.11765399099872625
897,613,1510,0.11770863643550566
903,612,1515,0.11772574393645709
889,609,1498,0.11772772947241567
884,606,1490,0.11776312220439593
892,614,1506,0.11780827931492119
896,619,1515,0.11783061439749791
892,620,1512,0.11784120146318693
886,620,1506,0.11785994433909225
890,615,1505,0.1178920861966084
887,613,1500,0.11791405363892374
894,617,1511,0.1179415106769029
898,611,1509,0.11794967071661613
891,620,1511,0.1179482164897119
893,615,1508,0.11796423924012074
889,625,1514,0.11797610710705793
887,621,1508,0.11799758778324078
887,623,1510,0.11802353866908774
871,624,1495,0.11804720315274668
865,617,1482,0.11810685617472633
869,621,1490,0.11817743705778733
884,624,1508,0.11823312674826601
872,633,1505,0.11824992860902267
870,634,1504,0.1182925714459719
881,633,1514,0.11833844814230038
861,628,1489,0.11835429569252234
860,639,1499,0.11841629441512361
864,634,1498,0.1184752099707806
862,632,1494,0.1185200929488951
849,629,1478,0.11856818338582087
858,627,1485,0.11864353259404851
864,641,1505,0.11869157536974942
857,645,1502,0.11872244183384793
858,645,1503,0.11876758525246668
850,645,1495,0.1188070217936741
852,649,1501,0.11886179595211695
854,649,1503,0.11890709460743686
847,650,1497,0.11894611846758288
846,646,1492,0.11899847175695971
841,656,1497,0.11905016176186986
847,649,1496,0.11910957925153902
845,655,1500,0.1191499235120056
824,651,1475,0.11919243656975052
842,659,1501,0.11928184503052985
846,649,1495,0.11932211852885016
846,658,1504,0.1193493583776364
852,662,1514,0.11937578996858324
850,661,1511,0.11938590204316242
845,660,1505,0.11939962493253663
836,654,1490,0.1194233415124269
839,651,1490,0.1194683129147112
837,654,1491,0.11950292168416694
841,658,1499,0.11953966468527699
844,665,1509,0.11956416339682552
833,668,1501,0.11957919009575903
835,676,1511,0.1196204384747222
841,676,1517,0.11965543567552793
826,672,1498,0.11967309290860484
825,674,1499,0.11972702966883621
824,679,1503,0.11977886552211998
821,675,1496,0.11982939412766555
830,674,1504,0.11988186062390546
821,673,1494,0.11990855523730348
824,681,1505,0.11995523443007677
827,681,1508,0.11999080276358196
820,682,1502,0.12001726102127669
824,689,1513,0.12005871143407662
821,688,1509,0.12008792457849538
822,692,1514,0.12012197904447079
812,690,1502,0.12015260695985429
815,691,1506,0.12020373965671506
819,682,1501,0.12024362175031847
820,683,1503,0.12027166739066454
810,681,1491,0.1202946500834105
815,679,1494,0.12033836764028226
821,677,1498,0.12036807631134767
824,672,1496,0.12038206442540784
826,684,1510,0.12038791241515287
820,684,1504,0.12038911222067629
819,686,1505,0.12040537327035601
824,688,1512,0.12042392227646193
819,692,1511,0.12042973240387683
810,685,1495,0.12044707557044544
818,685,1503,0.12048298254776295
814,680,1494,0.12049778162665564
826,680,1506,0.12052154679360996
813,677,1490,0.1205157848387885
811,683,1494,0.12054188299618071
805,685,1490,0.12057070131047293
809,691,1500,0.12061281913619926
807,698,1505,0.1206416473771706
810,692,1502,0.12067329507793709
813,690,1503,0.12069507203479742
815,693,1508,0.12070796470322775
816,695,1511,0.12071522068563421
809,692,1501,0.12072081838257116
805,697,1502,0.12074298542978223
812,705,1517,0.12077433085070144
806,701,1507,0.12078754490075654
804,707,1511,0.12081301603171546
802,706,1508,0.12084130227472901
794,702,1496,0.1208717738855106
788,709,1497,0.12092080083355843
795,708,1503,0.12098276546998289
795,714,1509,0.12102182619598817
786,717,1503,0.12105920465251493
783,719,1502,0.12111423660921307
782,719,1501,0.12117193724997642
779,722,1501,0.12122797816327491
781,719,1500,0.12128770653313126
786,713,1499,0.12133763937654152
789,717,1506,0.1213717103632811
790,721,1511,0.12139407248074548
774,704,1478,0.12141226766036615
770,712,1482,0.12146904321829244
767,727,1494,0.12153162275152972
769,720,1489,0.12159612045807026
775,716,1491,0.12165104391497987
770,711,1481,0.12168715767798843
782,716,1498,0.12173223598999709
776,717,1493,0.1217455945686822
781,709,1490,0.12177285852936964
778,718,1496,0.12178555287150417
780,710,1490,0.12180440243495366
775,721,1496,0.12181893310255887
779,711,1490,0.12184383461009958
777,717,1494,0.12185817162207453
777,715,1492,0.12187815365755643
782,714,1496,0.12189674352052127
783,715,1498,0.12190142471415247
787,725,1512,0.12190281750679768
782,718,1500,0.12189462456730418
794,713,1507,0.12189763523957907
799,717,1516,0.12187216358353721
779,715,1494,0.12183857766529485
778,716,1494,0.12185494860120212
782,723,1505,0.1218722467903072
777,721,1498,0.12187887930765712
772,724,1496,0.12189791298642082
776,735,1511,0.12192697039683482
766,736,1502,0.12194376399911244
764,734,1498,0.12198416902395672
759,739,1498,0.12202649735768553
767,745,1512,0.12207853571636808
773,736,1509,0.12210761353770985
773,745,1518,0.12211952156324667
763,743,1506,0.12213127933462563
763,742,1505,0.12216758287617523
764,737,1501,0.12220046407113039
766,734,1500,0.12222853934497449
775,713,1488,0.12224951541997395
770,719,1489,0.1222479699612148
768,725,1493,0.12225975546157156
771,732,1503,0.12227611054556657
773,732,1505,0.12228274322707383
770,733,1503,0.12228319651201033
769,736,1505,0.12229031562770083
776,728,1504,0.12229839043901439
776,734,1510,0.12228873500171471
775,735,1510,0.12227712843507516
769,726,1495,0.12227062081611066
760,732,1492,0.12227890063890082
755,740,1495,0.12230709481192896
758,746,1504,0.12234669784464419
765,741,1506,0.12237631719150312
764,738,1502,0.12238655139220796
763,737,1500,0.12239849545097786
769,741,1510,0.12241105072687324
776,738,1514,0.12240799007457738
771,733,1504,0.12238700808526039
767,729,1496,0.12237916931513666
770,739,1509,0.12238186398354778
766,733,1499,0.12237599142876246
760,740,1500,0.12238119383517315
758,746,1504,0.12240124555682366
750,751,1501,0.12242678382151861
745,760,1505,0.12247080847238756
748,747,1495,0.12252375162433546
749,755,1504,0.12256430185461689
749,756,1505,0.12259923997341218
758,757,1515,0.12263291747513502
760,747,1507,0.12263948802295734
755,754,1509,0.122640871953491
749,743,1492,0.12265463003588778
752,754,1506,0.12268284496895411
752,740,1492,0.12270187144736103
753,746,1499,0.12271917199168014
754,745,1499,0.12273098437898312
752,747,1499,0.12274060565756667
753,754,1507,0.12275180202710562
755,752,1507,0.1227595468602538
754,753,1507,0.12276246445078558
756,747,1503,0.1227682129276472
752,753,1505,0.1227674863753207
753,757,1510,0.12277789848720694
752,758,1510,0.12278556195976943
746,756,1502,0.12279453638376239
748,754,1502,0.12281784910260303
733,757,1490,0.12283527124038468
738,771,1509,0.12288866647290668
731,772,1503,0.12292542966709386
745,779,1524,0.12297689349038887
736,773,1509,0.12299114481946745
744,777,1521,0.12302558669267938
737,782,1519,0.1230378299917951
737,777,1514,0.12306662609265182
739,775,1514,0.12309316409902876
731,764,1495,0.12311295796818184
736,770,1506,0.12315174135883435
733,772,1505,0.12317445059961535
733,775,1508,0.12320233820782839
727,774,1501,0.12322835425878884
726,767,1493,0.12326755018175667
721,783,1504,0.12330605285422522
725,787,1512,0.12335358701582586
724,782,1506,0.12338873893671845
732,774,1506,0.12342274352623797
739,777,1516,0.12343448862138175
732,761,1493,0.12342802110899102
743,759,1502,0.12343732448452974
740,760,1500,0.12341885539457148
741,765,1506,0.12340823237161891
737,765,1502,0.12339630469900124
740,763,1503,0.12339419355873585
736,762,1498,0.12338423530961345
739,761,1500,0.12338589049676099
745,767,1512,0.12337932229482566
749,772,1521,0.12335739940258343
750,766,1516,0.12332843677525894
739,764,1503,0.12330052542023019
741,763,1504,0.12330257165283974
746,768,1514,0.12329927034470402
757,763,1520,0.12328466579923454
754,772,1526,0.12324438644733231
736,772,1508,0.12321447783814449
737,770,1507,0.12323187743289278
731,757,1488,0.12324643049905147
735,758,1493,0.1232740607645616
730,760,1490,0.12328977558282248
726,770,1496,0.1233169845465493
733,781,1514,0.12335251095801755
733,776,1509,0.12336921360321915
727,780,1507,0.12338447026915735
733,768,1501,0.12341395209165353
728,770,1498,0.12342681452771952
731,770,1501,0.12345145902682025
729,784,1513,0.1234666693462753
724,786,1510,0.12348694795961769
715,780,1495,0.12351695714873395
719,771,1490,0.12356692442386098
726,781,1507,0.12360376534305213
721,784,1505,0.12362058117736865
724,787,1511,0.12364618562743517
731,790,1521,0.12366253881511186
738,793,1531,0.12365990428764541
738,804,1542,0.12364054666220588
734,789,1523,0.12362275226113155
729,789,1518,0.12361601799692991
721,789,1510,0.12362217033008312
723,798,1521,0.12364708075245584
721,798,1519,0.1236652376781884
726,791,1517,0.12368653802914358
713,793,1506,0.12369337522860667
718,785,1503,0.1237305837467477
717,782,1499,0.12375478797768018
713,787,1500,0.12377927123823061
719,789,1508,0.12381180455177229
724,783,1507,0.12382654754815267
728,790,1518,0.1238294359038836
724,790,1514,0.12382221917774844
719,794,1513,0.12382573240840562
720,793,1513,0.12384072950961159
718,799,1517,0.12385271112250734
721,791,1512,0.12386802185918601
713,791,1504,0.12387472957563044
708,789,1497,0.1239012713236266
707,792,1499,0.12393844711769646
714,797,1511,0.12397463491034033
703,801,1504,0.1239917136149289
713,796,1509,0.12403552228889676
714,789,1503,0.12405126154119273
718,790,1508,0.12406369981164214
723,789,1512,0.12406586291237719
707,784,1491,0.12405436063375312
707,780,1487,0.12408275872531295
714,790,1504,0.1241086219794007
711,792,1503,0.12411464693020652
703,787,1490,0.12412762091639463
701,791,1492,0.12415950831083052
702,787,1489,0.12419499263279897
699,796,1495,0.12422449245699302
708,791,1499,0.12425997701861892
706,792,1498,0.12426971337681156
712,792,1504,0.12428439797403242
715,790,1505,0.12428310453113232
713,793,1506,0.12427373501263887
707,787,1494,0.12426940377735156
712,791,1503,0.12427966155316404
720,787,1507,0.12427705169453024
705,787,1492,0.12425521281631294
698,786,1484,0.12427061616242088
699,789,1488,0.12430200071882083
703,791,1494,0.12432835535447026
702,796,1498,0.12434315407494534
703,799,1502,0.12436056221678939
710,806,1516,0.12437467941094851
712,805,1517,0.12437025274390015
709,808,1517,0.12436036384192123
707,805,1512,0.12435840179220221
720,800,1520,0.12436132119627358
718,795,1513,0.12433318612889688
715,800,1515,0.12431224666796979
715,796,1511,0.12429993445074902
709,805,1514,0.12428993311018538
702,802,1504,0.12429524776895202
691,815,1506,0.12431817402046275
691,811,1502,0.12436816800864182
689,807,1496,0.12441357254851657
697,816,1513,0.12446120647380074
699,824,1523,0.1244864668146187
688,815,1503,0.12450525168863912
684,820,1504,0.1245504796758036
683,813,1496,0.12460184017430195
681,813,1494,0.12465347952985012
677,813,1490,0.12470695882495886
679,831,1510,0.124765716651928
685,832,1517,0.12481467977164369
684,828,1512,0.1248449802526411
683,822,1505,0.12487662619148227
680,834,1514,0.12490713749844944
681,817,1498,0.12494270814927688
678,816,1494,0.1249735751072453
672,816,1488,0.1250098491002446
664,832,1496,0.12505839339382452
656,837,1493,0.125123009542336
656,836,1492,0.12520312994037916
647,838,1485,0.12527704810217083
655,838,1493,0.1253681811889178
662,836,1498,0.12543238390871433
662,849,1511,0.12547343118458598
661,851,1512,0.12551210344346525
655,846,1501,0.1255517766173804
647,841,1488,0.12560293402511225
652,852,1504,0.1256699420410526
646,849,1495,0.12571876780967897
644,847,1491,0.1257782330196142
646,856,1502,0.1258380768662702
643,861,1504,0.12588972012566502
644,866,1510,0.1259450210250215
637,862,1499,0.12599458897718324
631,862,1493,0.12605745855520437
636,860,1496,0.1261316434081782
635,868,1503,0.12618728534567475
640,870,1510,0.12623999446921644
635,871,1506,0.12627698973805818
628,884,1512,0.1263245731451926
630,889,1519,0.12638787312770025
626,898,1524,0.12644243397149021
628,897,1525,0.1265035830672456
623,886,1509,0.12655557827891503
624,891,1515,0.12661677663086496
619,894,1513,0.12667066182853792
624,885,1509,0.1267334153059527
623,881,1504,0.1267792652635608
622,884,1506,0.12682472034017134
620,887,1507,0.12687017183449267
623,884,1507,0.12691653982581383
623,889,1512,0.12695118753539492
617,889,1506,0.12698311347907365
610,876,1486,0.12702756700580412
622,883,1505,0.1270859800482229
617,874,1491,0.1271090988324157
621,884,1505,0.12714480338681586
625,888,1513,0.1271688740352795
624,889,1513,0.12718086884247862
629,887,1516,0.1271956616611947
625,889,1514,0.1271962633389758
616,880,1496,0.12720540305958206
616,878,1494,0.12723596299976478
618,877,1495,0.12726345821865886
619,882,1501,0.12728546294282464
617,888,1505,0.1273052562518482
615,896,1511,0.12732961298542564
613,886,1499,0.12735750859371464
615,883,1498,0.12738858229185449
619,879,1498,0.12741242263943525
617,893,1510,0.1274240745841776
609,907,1516,0.12744046475432877
606,911,1517,0.1274765017629286
599,901,1500,0.12751673658223003
608,905,1513,0.1275717034423666
606,904,1510,0.12759919816653603
596,894,1490,0.12762859041813
594,894,1488,0.127680799383011
600,893,1493,0.12773444310420923
595,894,1489,0.1277686555966841
592,897,1489,0.12781434782286585
600,901,1501,0.1278650357450546
591,922,1513,0.12789228061205649
597,927,1524,0.12794063493794547
598,917,1515,0.12797008620771846
587,910,1497,0.1279953060524591
592,910,1502,0.1280471312730425
592,910,1502,0.1280836280475637
589,912,1501,0.12811725010974118
589,905,1494,0.1281559647095635
584,902,1486,0.1281919135882805
586,917,1503,0.1282385544371806
588,933,1521,0.12827726530247513
585,924,1509,0.1283082095340886
584,931,1515,0.1283456496208212
594,935,1529,0.12838217982649242
587,922,1509,0.12839041841770457
583,909,1492,0.12841623428974697
587,913,1500,0.12845096079801302
589,917,1506,0.1284733732985617
592,913,1505,0.12848825028509814
596,925,1521,0.1284939797203475
596,922,1518,0.12848914513995727
590,913,1503,0.12848518009484272
585,928,1513,0.12849748438042322
582,941,1523,0.1285229236206647
586,945,1531,0.12855355460281237
583,934,1517,0.12857334010587196
587,941,1528,0.12859967546005652
588,940,1528,0.12861224863427692
587,936,1523,0.12862177345216586
577,932,1509,0.1286332464271428
575,935,1510,0.12867028421640858
568,937,1505,0.1287088374696751
573,937,1510,0.12876262285199336
571,932,1503,0.1287991978775032
570,933,1503,0.12883914033229046
567,939,1506,0.12888039309790753
561,948,1509,0.1289248613630347
560,949,1509,0.12898186574380205
559,956,1515,0.12903637747884122
561,952,1513,0.12909121267005144
561,954,1515,0.12913808967370616
564,950,1514,0.12918111770229085
566,957,1523,0.12921438559534454
566,954,1520,0.12924011792482035
569,960,1529,0.12926384205785035
566,961,1527,0.1292779647937406
561,965,1526,0.12929952705732006
558,963,1521,0.12933130848292912
561,957,1518,0.12936929182208184
561,950,1511,0.12939744537666684
555,957,1512,0.12942462102715593
558,962,1520,0.12946548289205437
552,949,1501,0.12949573461854583
554,939,1493,0.12953926844460376
552,944,1496,0.1295750501999054
548,949,1497,0.12961436519289296
552,949,1501,0.1296623322757414
548,961,1509,0.12969674820414237
549,968,1517,0.12974019559119437
548,961,1509,0.12977862387729072
545,958,1503,0.12981743211235436
550,961,1511,0.12986141013853555
551,963,1514,0.1298877973765583
548,950,1498,0.12990923054107215
541,960,1501,0.1299373739465702
533,975,1508,0.12998027310934884
532,971,1503,0.1300411517252058
532,972,1504,0.13009968421850793
535,972,1507,0.13015332724426382
543,956,1499,0.13019599115416353
544,959,1503,0.13021436129615047
540,968,1508,0.13023048088157713
540,973,1513,0.1302559460055941
545,968,1513,0.1302805854656673
555,965,1520,0.13028931657734025
545,973,1518,0.13027343486099255
537,973,1510,0.13028434882776163
543,967,1510,0.1303149438658809
550,966,1516,0.13032716519002382
553,959,1512,0.13032112103934615
549,960,1509,0.13030764293154204
536,961,1497,0.1303050298473631
541,964,1505,0.13033576881195616
547,973,1520,0.13035187319311303
537,967,1504,0.13035080554952408
537,972,1509,0.1303770729858565
535,981,1516,0.13040060674690582
538,976,1514,0.1304283682525452
540,972,1512,0.13044721726982553
538,964,1502,0.13046122677613853
542,970,1512,0.1304797150477939
537,972,1509,0.13048608259040342
536,961,1497,0.1305047592968558
531,975,1506,0.13052627219320903
529,961,1490,0.1305588651040784
526,976,1502,0.13059428610178664
524,967,1491,0.13063424101035598
521,979,1500,0.13067765317576976
525,991,1516,0.13072551577954247
529,996,1525,0.13075995159454679
523,985,1508,0.1307807951134909
517,982,1499,0.13081662222697665
515,981,1496,0.1308678583858829
520,977,1497,0.13092154260280575
519,1002,1521,0.1309597242729878
521,994,1515,0.1309982129416854
515,992,1507,0.13102893233502674
517,988,1505,0.13107514835620945
520,983,1503,0.13111290195470285
506,990,1496,0.1311410322481533
516,990,1506,0.13120324776735312
516,993,1509,0.13123513629967123
516,993,1509,0.13126389439904973
511,1007,1518,0.1312914837966224
513,1009,1522,0.13133128638508207
515,1007,1522,0.13136366093342602
506,1004,1510,0.1313880381846694
504,1011,1515,0.13143442525714572
507,1004,1511,0.1314831679753919
506,999,1505,0.1315212049503605
506,1005,1511,0.131559741200775
516,1007,1523,0.13159380114622252
517,997,1514,0.1315997249153793
520,1001,1521,0.1316037204839654
524,1000,1524,0.1315996411730846
527,1006,1533,0.13158608442660877
516,1012,1528,0.13156525660730736
528,1008,1536,0.13157325401727127
520,1013,1533,0.13155041257950578
513,1003,1516,0.13155024120521597
502,1006,1508,0.13156782660212962
497,1008,1505,0.13161178109670796
494,1018,1512,0.1316660957218284
490,1017,1507,0.13172329113812192
488,1026,1514,0.13178691766985767
487,1019,1506,0.13185262768540196
492,1013,1505,0.13191659721893745
486,1025,1511,0.13196293906550316
491,1021,1512,0.13202218291019752
484,1020,1504,0.13206481504342066
483,1028,1511,0.13212100011103978
481,1025,1506,0.1321763400408604
485,1029,1514,0.1322334636276612
474,1037,1511,0.13227704606485668
476,1042,1518,0.13234631313526682
480,1028,1508,0.13240635032331174
479,1037,1516,0.13245298432889743
483,1043,1526,0.13249981834530986
481,1029,1510,0.13253101231442263
487,1027,1514,0.13256650767904313
478,1031,1509,0.13258451717508732
466,1041,1507,0.13262544114905303
468,1043,1511,0.13269490634135842
472,1045,1517,0.1327563020696398
471,1051,1522,0.1328017021335268
469,1050,1519,0.13284719733386077
464,1050,1514,0.1328955861857902
465,1051,1516,0.13295331523262693
463,1043,1506,0.1330044359363645
456,1044,1500,0.133056068809469
452,1053,1505,0.13312223950552998
452,1061,1513,0.1331948180987343
451,1058,1509,0.13326205094186747
454,1061,1515,0.13332662501125425
463,1056,1519,0.13338094385403784
461,1062,1523,0.13340646125006844
450,1064,1514,0.1334367869830399
459,1061,1520,0.13349238312077855
451,1072,1523,0.13352143971166297
448,1078,1526,0.13356843821154332
443,1073,1516,0.13362046561747104
450,1073,1523,0.13368308387828148
449,1067,1516,0.1337249440205808
446,1061,1507,0.1337656183360135
447,1063,1510,0.13381237267257579
443,1061,1504,0.13385429836411178
443,1060,1503,0.13390341186455892
442,1059,1501,0.13394972045443906
442,1059,1501,0.13399619988510866
430,1066,1496,0.13403891364391604
433,1063,1496,0.1341101960014965
428,1053,1481,0.134169023486667
428,1061,1489,0.13423534249277264
424,1071,1495,0.13429744156928758
436,1071,1507,0.13436663644243146
437,1085,1522,0.13439854163490092
442,1095,1537,0.1344254620158682
436,1093,1529,0.13443776773672478
433,1091,1524,0.13446601761596272
434,1096,1530,0.13449853635043202
434,1082,1516,0.13452705725619038
422,1088,1510,0.13455369484762839
420,1087,1507,0.13460974112902327
417,1087,1504,0.13466681369905903
415,1094,1509,0.1347270556734393
418,1082,1500,0.13478926422217627
420,1082,1502,0.13483980388800476
413,1086,1499,0.13488321245995724
411,1087,1498,0.13494136369681375
409,1082,1491,0.1349999284331823
401,1095,1496,0.1350598021268989
398,1103,1501,0.13513776476938136
406,1110,1516,0.1352182892040798
408,1100,1508,0.13527202833049043
411,1109,1520,0.1353160195495279
405,1120,1525,0.13534916448432255
404,1113,1517,0.13539614430426108
399,1117,1516,0.1354430427350338
403,1118,1521,0.13550046911454358
403,1112,1515,0.13554297306501048
404,1114,1518,0.13558212227892918
405,1108,1513,0.13561597537729647
403,1128,1531,0.13564436794503598
401,1121,1522,0.13567657018114615
394,1125,1519,0.13571138150509998
395,1116,1511,0.13576236936002406
393,1106,1499,0.1358077972262569
390,1112,1502,0.1358546239861879
390,1125,1515,0.13590703772003643
391,1111,1502,0.13595487981223298
388,1109,1497,0.13599694512477956
390,1107,1497,0.13604210566820985
388,1112,1500,0.13608036394804468
387,1117,1504,0.13612235849874435
390,1118,1508,0.1361651898751307
391,1101,1492,0.13619661833117003
397,1107,1504,0.13622211824294544
398,1125,1523,0.13622900317252568
395,1134,1529,0.13623371703096462
401,1123,1524,0.13624626165467515
399,1119,1518,0.13624165472621325
391,1122,1513,0.1362427731202921
399,1115,1514,0.13626460445550975
392,1112,1504,0.13626421401718136
394,1109,1503,0.13628177633472563
386,1116,1502,0.1362941899534849
383,1119,1502,0.13632650289809245
381,1118,1499,0.13636477768170113
385,1113,1498,0.13640565447623246
384,1111,1495,0.13643267664958802
380,1115,1495,0.13646018689627235
375,1121,1496,0.13649657918181973
381,1136,1517,0.13654367104615187
380,1127,1507,0.1365722356213367
380,1130,1510,0.13660085702237915
375,1123,1498,0.13662827227121999
375,1117,1492,0.13666677052183676
377,1123,1500,0.13670367259735275
375,1119,1494,0.13673499807633033
381,1111,1492,0.13676982011804778
379,1124,1503,0.13678562250941964
374,1138,1512,0.13680682069433486
376,1122,1498,0.13683960621007865
368,1128,1496,0.1368646627205624
377,1137,1514,0.13690922326888258
368,1136,1504,0.13692833201207447
366,1136,1502,0.13697171353696705
369,1135,1504,0.13701666876998586
373,1142,1515,0.13705032061407343
372,1138,1510,0.13707129979962435
370,1137,1507,0.13709337848506667
365,1145,1510,0.1371195008437669
360,1137,1497,0.13715873832936037
358,1137,1495,0.13720729726444092
360,1133,1493,0.13725785555671696
359,1133,1492,0.1372992893918852
362,1127,1489,0.13734052686386333
361,1128,1489,0.13737198073264742
358,1141,1499,0.1374024109768154
362,1147,1509,0.13743821275370594
365,1147,1512,0.1374612807563098
360,1150,1510,0.13747554017834432
352,1151,1503,0.13750088027404647
352,1150,1502,0.13754555597998386
354,1151,1505,0.137587685118137
353,1154,1507,0.13762188129548683
356,1153,1509,0.13765542340485407
355,1152,1507,0.13767878317550944
353,1149,1502,0.13770159788103972
348,1148,1496,0.1377285740703796
356,1149,1505,0.1377687434837833
351,1152,1503,0.13778563918354053
351,1148,1499,0.1378151857583313
359,1140,1499,0.13784296774757404
361,1138,1499,0.1378460744776362
356,1142,1498,0.13784395442842365
355,1149,1504,0.13785639002801758
354,1156,1510,0.13787232933284593
350,1161,1511,0.1378883304776044
350,1163,1513,0.1379132237349674
354,1167,1521,0.1379357856627742
348,1172,1520,0.13794670891756283
349,1162,1511,0.13797276188128588
349,1161,1510,0.13799334008480516
348,1164,1512,0.13801306074003278
342,1174,1516,0.1380348531774402
340,1176,1516,0.13807293945626667
340,1166,1506,0.13811470578011492
333,1174,1507,0.13815296506703192
332,1180,1512,0.13820690924172088
329,1174,1503,0.13826142316738518
329,1183,1512,0.13831902700829674
328,1171,1499,0.13837318216922626
332,1185,1517,0.13842666346659313
334,1178,1512,0.1384656474791573
334,1183,1517,0.13849642384040467
332,1196,1528,0.138525483976358
337,1174,1511,0.13855925103283345
332,1181,1513,0.13857581510766587
333,1178,1511,0.1386041617908082
332,1170,1502,0.13862780747570563
332,1180,1512,0.13865385348051068
332,1177,1509,0.13867749360942028
334,1173,1507,0.1386995946490307
334,1193,1527,0.1387163786731884
333,1188,1521,0.13873145240682191
322,1198,1520,0.13874758070443033
322,1188,1510,0.13879269934094626
323,1184,1507,0.13883580311546803
325,1188,1513,0.13887347257396912
324,1182,1506,0.13890279055874236
317,1187,1504,0.1389326941783072
318,1187,1505,0.1389792837918705
312,1193,1505,0.1390195036962364
310,1191,1501,0.13907315311153
308,1187,1495,0.13912842026656577
301,1191,1492,0.13918557348380886
307,1181,1488,0.13925792757820094
307,1185,1492,0.13930874059567258
307,1183,1490,0.13935491293050892
308,1187,1495,0.13939701273014357
303,1196,1499,0.13943336702275583
302,1207,1509,0.13947953007521616
307,1207,1514,0.13952591331677602
311,1216,1527,0.13955651353060347
313,1212,1525,0.1395728961851072
311,1209,1520,0.13958264528037342
308,1197,1505,0.13959773342753473
301,1189,1490,0.1396203607219867
304,1186,1490,0.13966032610433543
292,1197,1489,0.13968902361632854
296,1202,1498,0.13974877394418436
295,1211,1506,0.13979461644341326
291,1213,1504,0.13984083350545412
290,1209,1499,0.1398947254960742
297,1206,1503,0.13994730112719023
300,1205,1505,0.1399763999161476
305,1212,1517,0.1399942843302927
307,1210,1517,0.1399980241419563
309,1219,1528,0.1399969209541701
305,1216,1521,0.13998993571516036
302,1218,1520,0.1399944787183333
302,1211,1513,0.1400065789092984
294,1210,1504,0.14001731744079543
295,1217,1512,0.1400486251087873
290,1224,1514,0.14007518274354547
296,1225,1521,0.14011283968159075
301,1226,1527,0.1401322966433161
299,1226,1525,0.14013692574453315
295,1217,1512,0.14014613649755306
297,1217,1514,0.14016658733302406
291,1235,1526,0.1401798629385428
291,1229,1520,0.14020927913143727
294,1232,1526,0.14023669902252642
293,1230,1523,0.14025344232909745
295,1221,1516,0.14027085276498813
292,1219,1511,0.1402814630840784
291,1213,1504,0.14030010699244932
293,1203,1496,0.14032068521599292
291,1210,1501,0.1403340285181375
290,1216,1506,0.14035164849291332
288,1210,1498,0.14037211464924396
289,1223,1512,0.14039635528073888
291,1215,1506,0.14041547148009023
290,1223,1513,0.14042880163355018
287,1227,1514,0.1404446246073613
288,1230,1518,0.14046741199407847
289,1227,1516,0.1404852205986737
293,1228,1521,0.140499989889858
290,1233,1523,0.14050347280701342
289,1239,1528,0.1405147959344033
288,1237,1525,0.1405274570853405
287,1237,1524,0.14054352566742545
282,1240,1522,0.14056185146369224
280,1237,1517,0.14059371805999213
278,1239,1517,0.1406292802916424
280,1231,1511,0.14066719493736812
273,1243,1516,0.14069802649721105
275,1244,1519,0.14074517794183525
278,1237,1515,0.1407834497578793
283,1228,1511,0.1408108751532168
284,1238,1522,0.14082262387501626
283,1249,1532,0.14083110673180999
291,1239,1530,0.14084128919165959
290,1238,1528,0.14082907971416103
290,1230,1520,0.14082047727532956
280,1226,1506,0.14081247149190726
282,1235,1517,0.1408331963829815
282,1242,1524,0.14084712518813722
283,1246,1529,0.14086075969906925
289,1236,1525,0.1408699423104265
287,1239,1526,0.1408614937776138
283,1223,1506,0.14085862266530447
287,1215,1502,0.14086766227564082
289,1222,1511,0.14086590623568684
286,1227,1513,0.140857650959413
288,1230,1518,0.14085914744235498
277,1230,1507,0.1408556225222297
280,1235,1515,0.1408829648257044
280,1237,1517,0.14090035298676765
277,1240,1517,0.14091683146592804
276,1249,1525,0.14094143495527614
274,1256,1530,0.14096787951343404
273,1249,1522,0.14099945914077458
270,1249,1519,0.14103297160326958
271,1232,1503,0.14107282566518256
272,1241,1513,0.1411065798009158
272,1245,1517,0.14113602070904632
268,1234,1502,0.1411633898303701
273,1237,1510,0.14119979547948053
272,1242,1514,0.14121941194537205
273,1242,1515,0.14124020178727276
269,1238,1507,0.14125762953559207
267,1236,1503,0.14128577202557518
275,1238,1513,0.14131878800109027
279,1227,1506,0.14132826993225373
280,1226,1506,0.14132560859843868
276,1222,1498,0.1413203525331119
283,1222,1505,0.14132585303128783
282,1226,1508,0.14131197277986549
282,1227,1509,0.14130218316678575
280,1231,1511,0.14129271192089846
279,1246,1525,0.141289222857477
274,1250,1524,0.14128797494264794
276,1255,1531,0.14130080946429707
271,1255,1526,0.14130814035486577
269,1263,1532,0.1413283031889129
270,1258,1528,0.14135220603431228
273,1248,1521,0.14137241277877088
267,1236,1503,0.14138190509238155
270,1238,1508,0.1414053781798321
277,1238,1515,0.14141944893633063
277,1247,1524,0.1414127030371519
275,1241,1516,0.14140781116123496
270,1241,1511,0.14140878544764385
269,1242,1511,0.1414248065419804
269,1239,1508,0.14144145886005569
271,1247,1518,0.14145723475623345
266,1252,1518,0.14146762926572137
269,1249,1518,0.14149100133922887
266,1255,1521,0.14150262946430017
267,1253,1520,0.14152183015400113
266,1246,1512,0.14153743362326487
264,1245,1509,0.14155563685875994
266,1245,1511,0.14157766785367357
264,1253,1517,0.14159319748063606
258,1252,1510,0.14161389264760263
264,1261,1525,0.1416492651824752
267,1259,1526,0.14166453281715086
269,1244,1513,0.1416710048340307
268,1234,1502,0.14167161602533973
261,1239,1500,0.14167548141222436
260,1238,1498,0.1416974812221043
260,1238,1498,0.14172025127159177
258,1243,1501,0.14174106576668108
258,1247,1505,0.14176734851472958
255,1251,1506,0.14179077148928887
257,1253,1510,0.14182133039646766
260,1247,1507,0.14184379948422982
260,1250,1510,0.1418565477456652
258,1263,1521,0.14186840556321179
253,1269,1522,0.14188549833931446
250,1267,1517,0.14191637156445172
248,1275,1523,0.1419539449299853
250,1269,1519,0.14199387670514138
249,1263,1512,0.14202614380757994
252,1269,1521,0.1420594970452779
251,1276,1527,0.1420828225083998
249,1271,1520,0.1421090524968463
246,1277,1523,0.14213874736593765
243,1274,1517,0.1421738440834991
243,1276,1519,0.14221571194495072
249,1277,1526,0.1422552668254711
242,1287,1529,0.1422749483718272
245,1281,1526,0.14231211776462113
245,1269,1514,0.1423384269691199
243,1267,1510,0.1423651551878729
243,1261,1504,0.14239520344913992
246,1269,1515,0.14242322761610343
245,1268,1513,0.14244070066062992
252,1276,1528,0.1424598891688093
252,1278,1530,0.14245910049006205
248,1276,1524,0.14245885863403715
246,1277,1523,0.1424715294873228
242,1268,1510,0.14248887325370443
242,1277,1519,0.14251502689521853
242,1273,1515,0.14254022758899706
245,1286,1531,0.14256349861546436
241,1289,1530,0.14257775926750363
239,1278,1517,0.14260244568030564
241,1270,1511,0.14263152235440102
237,1267,1504,0.1426532649812345
240,1276,1516,0.14268468324447858
240,1279,1519,0.14270625190578412
242,1280,1522,0.14272618044471128
243,1271,1514,0.14274045024686352
248,1264,1512,0.14275146963015137
244,1262,1506,0.142748442511955
242,1277,1519,0.14275640527973305
240,1268,1508,0.1427699310366629
245,1266,1511,0.14278872154196065
248,1270,1518,0.14279128442226127
246,1274,1520,0.14278613346600644
240,1277,1517,0.14278697960355632
241,1281,1522,0.14280350847904444
244,1289,1533,0.1428163493495563
243,1293,1536,0.1428211274140595
247,1289,1536,0.1428286133376945
242,1281,1523,0.14282451302413054
244,1297,1541,0.14283180444132315
243,1282,1525,0.1428334705413751
243,1280,1523,0.14283675841482782
248,1277,1525,0.14284060221803455
245,1271,1516,0.14283162119700069
243,1282,1525,0.1428308709201395
245,1281,1526,0.14283657905595024
247,1280,1527,0.14283665864381395
249,1280,1529,0.14283074390724462
252,1281,1533,0.14281981409148434
246,1265,1511,0.142800650697248
247,1265,1512,0.14279843665353903
250,1261,1511,0.14279434052674975
250,1263,1513,0.1427824997704666
247,1268,1515,0.1427702608035251
245,1271,1516,0.14276816603497836
240,1279,1519,0.14277130552815814
239,1274,1513,0.14278795543339678
243,1276,1519,0.1428077253525422
242,1272,1514,0.1428146531257382
248,1273,1521,0.14282420225192508
246,1275,1521,0.142816115999938
243,1268,1511,0.14281210962616137
242,1267,1509,0.14281722400464042
242,1257,1499,0.1428240775789223
244,1278,1522,0.14283059384821095
246,1283,1529,0.14283093225148993
246,1284,1530,0.14282592701277538
245,1275,1520,0.1428223009899816
243,1274,1517,0.14282165477976136
241,1265,1506,0.1428268372823876
243,1274,1517,0.1428362496347683
242,1280,1522,0.14283995021977158
242,1274,1516,0.14284648711847558
240,1269,1509,0.1428534183494787
237,1278,1515,0.14286518655768782
238,1276,1514,0.14288416797703424
236,1282,1518,0.14290031155442715
235,1276,1511,0.14292178977005154
232,1268,1500,0.14294473883070793
232,1270,1502,0.14297432696910495
237,1282,1519,0.14300199848866732
235,1281,1516,0.14301438597597552
234,1283,1517,0.14303185996234624
235,1290,1525,0.14305156368314878
234,1290,1524,0.1430686895211117
231,1281,1512,0.14308685373353747
225,1282,1507,0.1431123368094371
228,1289,1517,0.1431516677925517
228,1289,1517,0.14317935515374006
218,1286,1504,0.1432038512763985
212,1293,1505,0.14325439726354566
223,1292,1515,0.14331797213823624
229,1291,1520,0.14334596023833132
235,1287,1522,0.1433562716621292
231,1286,1517,0.14334966174323835
229,1274,1503,0.14335517932040456
228,1264,1492,0.143366383168166
231,1280,1511,0.14337828723877016
226,1281,1507,0.1433810861218146
223,1287,1510,0.14339847072027875
222,1302,1524,0.1434241780371759
223,1295,1518,0.14345137323684803
222,1301,1523,0.1434735509598025
219,1287,1506,0.14349700702265086
224,1287,1511,0.14352628492254532
219,1279,1498,0.1435391612034125
220,1299,1519,0.1435637453445729
221,1286,1507,0.1435829963001715
220,1294,1514,0.14359874612242526
224,1299,1523,0.14361668264446795
222,1308,1530,0.1436231541926421
223,1307,1530,0.14363565171534998
225,1300,1525,0.1436452950280237
221,1299,1520,0.1436495624662575
216,1299,1515,0.14366457782260209
217,1302,1519,0.14369314518264859
221,1308,1529,0.1437165156516301
221,1308,1529,0.14372761464187161
220,1304,1524,0.14373779125068628
215,1298,1513,0.14375014074887418
207,1297,1504,0.14377505869060805
206,1301,1507,0.14382047243884358
207,1300,1507,0.14386462796286734
207,1315,1522,0.1439032145881371
205,1303,1508,0.14393891414066826
203,1297,1500,0.14397812422021228
206,1305,1511,0.1440191300371976
210,1312,1522,0.14404927256146788
208,1296,1504,0.1440667058358734
204,1305,1509,0.1440890462396616
205,1307,1512,0.14412081034251273
204,1294,1498,0.14414811880425862
209,1287,1496,0.14417563896671565
209,1290,1499,0.14418702198905442
207,1302,1509,0.14419955155351127
209,1295,1504,0.14421561038521283
208,1301,1509,0.14422476394336273
210,1301,1511,0.14423635302532178
210,1300,1510,0.1442418724065769
209,1300,1509,0.14424575632074788
211,1297,1508,0.14425150289811217
210,1290,1500,0.14425181845903706
204,1289,1493,0.1442557248744995
203,1305,1508,0.14427650873816597
200,1294,1494,0.14430016228971312
201,1297,1498,0.1443309886808726
197,1302,1499,0.1443573085925699
199,1305,1504,0.14439255665868464
199,1310,1509,0.144420008391264
194,1315,1509,0.1444463013104236
191,1310,1501,0.1444854088519625
192,1317,1509,0.14453036548202733
192,1318,1510,0.14456954415814646
191,1317,1508,0.14460665000388861
185,1328,1513,0.14464459253277684
192,1322,1514,0.1446967453862615
191,1328,1519,0.14472580374983995
192,1334,1526,0.1447559682850661
187,1337,1524,0.14478223009068242
186,1328,1514,0.14482110434670836
190,1323,1513,0.1448600173544327
187,1326,1513,0.14488497103539738
188,1327,1515,0.14491675939199372
192,1323,1515,0.14494250573407258
194,1310,1504,0.14495608650351074
198,1303,1501,0.14496299030966792
194,1314,1508,0.14495845189081874
187,1329,1516,0.14496655804395733
194,1331,1525,0.14499368373326643
194,1328,1522,0.14500057380692838
193,1322,1515,0.1450061404659165
190,1340,1530,0.14501452122686836
190,1326,1516,0.14503033049117825
188,1319,1507,0.14504538593244426
182,1320,1502,0.14506626877830725
182,1323,1505,0.14510167366374194
186,1325,1511,0.14513515672968086
186,1317,1503,0.1451553226881668
185,1330,1515,0.14517493282321145
183,1333,1516,0.1451957888379475
182,1326,1508,0.14522070563865175
182,1338,1520,0.1452471368482925
184,1330,1514,0.14527119004262368
183,1334,1517,0.145288127553887
183,1335,1518,0.14530751348494253
181,1333,1514,0.145325813468157
180,1332,1512,0.14534951494764278
181,1346,1527,0.1453748675278498
182,1343,1525,0.14539541770215172
180,1334,1514,0.14541187952018084
179,1334,1513,0.14543310606364115
181,1344,1525,0.14545574556845295
177,1340,1517,0.14547173122802148
182,1341,1523,0.14549980925550257
185,1339,1524,0.1455112333842516
187,1334,1521,0.14551383346561203
185,1324,1509,0.14551170027190835
185,1325,1510,0.14551476246574732
185,1333,1518,0.14551710691400765
184,1326,1510,0.14551882460742668
186,1324,1510,0.14552420339794245
185,1328,1513,0.14552415668320592
184,1330,1514,0.1455271760647836
182,1346,1528,0.14553363793773338
179,1336,1515,0.14554523270964348
180,1338,1518,0.1455628024886462
181,1346,1527,0.145575702407619
186,1339,1525,0.14558544452693206
184,1344,1528,0.1455807619628217
186,1339,1525,0.1455815250110434
184,1352,1536,0.14557728260874797
181,1343,1524,0.14557884357843126
177,1339,1516,0.14558926240238676
178,1327,1505,0.14561052291615936
174,1328,1502,0.14562695230863085
174,1328,1502,0.14565287275533334
180,1321,1501,0.14567664133664757
180,1325,1505,0.1456821281734063
179,1318,1497,0.14568709211851125
184,1333,1517,0.1456929009960753
182,1332,1514,0.14568447780218655
178,1343,1521,0.14568123998400095
176,1347,1523,0.14568994433662247
180,1337,1517,0.14570483498625392
178,1344,1522,0.14570743227653588
178,1324,1502,0.14571616397938392
177,1330,1507,0.14572512848490862
174,1333,1507,0.1457364120683314
174,1343,1517,0.14575487147260277
174,1343,1517,0.1457721974765735
171,1349,1520,0.1457876413208322
172,1342,1514,0.1458102597714202
174,1350,1524,0.14582910642729424
175,1338,1513,0.14584176461615114
178,1340,1518,0.14585084524093722
178,1334,1512,0.14585151687624218
175,1337,1512,0.14585224017118661
173,1347,1520,0.14586088545143686
168,1343,1511,0.14587523320772314
165,1345,1510,0.14590374785948262
167,1353,1520,0.14593767022824006
171,1346,1517,0.14596312439597106
169,1347,1516,0.14597518757591232
172,1347,1519,0.14599161472720237
175,1358,1533,0.14599896699491932
178,1350,1528,0.1459970873989522
177,1354,1531,0.14598757795600373
175,1336,1511,0.145982505460192
174,1341,1515,0.1459841003848332
174,1344,1518,0.1459882637953986
167,1341,1508,0.14599313551623008
167,1335,1502,0.14601685019100943
168,1346,1514,0.14603894342230161
171,1347,1518,0.14605475707662588
166,1345,1511,0.14606184457549848
167,1346,1513,0.1460827752302002
169,1348,1517,0.14609930259030482
169,1341,1510,0.1461090643226644
166,1330,1496,0.1461192220414026
170,1343,1513,0.14613619705681913
171,1344,1515,0.14614077921081553
176,1347,1523,0.14614215637059508
178,1335,1513,0.14612955923374063
175,1342,1517,0.14611235735389097
175,1339,1514,0.14610481809730488
167,1339,1506,0.14609763365652828
169,1325,1494,0.14611369634215088
166,1324,1490,0.14612221145890464
170,1328,1498,0.1461375808773971
166,1325,1491,0.14613994659103327
169,1337,1506,0.14615289631767495
163,1341,1504,0.1461576161120686
165,1343,1508,0.1461788100768596
166,1338,1504,0.14619350298503117
164,1344,1508,0.1462049686841499
161,1345,1506,0.14622196585061228
163,1342,1505,0.14624592745492027
159,1353,1512,0.1462637788464936
157,1360,1517,0.14629149626419302
155,1370,1525,0.14632295295173048
156,1367,1523,0.14635831474245367
156,1365,1521,0.14638888537414602
154,1373,1527,0.1464179259552928
154,1360,1514,0.1464515314572229
156,1361,1517,0.14648341893328834
157,1350,1507,0.14650771282748695
155,1360,1515,0.1465269985277083
159,1353,1512,0.14655001927456957
160,1340,1500,0.1465615550023306
158,1353,1511,0.1465690716640486
155,1355,1510,0.1465822277895955
155,1360,1515,0.1466030546581058
155,1368,1523,0.14662341592165212
155,1372,1527,0.14664198961118738
155,1373,1528,0.14666020096185972
157,1376,1533,0.14667741919481928
154,1364,1518,0.1466885812468296
150,1361,1511,0.1467077332237942
145,1360,1505,0.14673591614984308
144,1367,1511,0.14677630400578423
145,1365,1510,0.146816485828734
146,1379,1525,0.14685093410578054
153,1370,1523,0.14687997885477067
153,1362,1515,0.14688775530357912
150,1352,1502,0.1468950161047539
148,1352,1500,0.14691009136364
143,1358,1501,0.14692954221416776
141,1346,1487,0.1469611043049582
144,1360,1504,0.14699592561718927
146,1372,1518,0.14701972194373725
141,1372,1513,0.1470365442873644
142,1369,1511,0.14706690122600496
143,1383,1526,0.14709347586016192
142,1378,1520,0.14711546308716442
144,1375,1519,0.14713884610266573
142,1365,1507,0.14715524134332492
143,1372,1515,0.14717588803439483
142,1374,1516,0.14719239975716766
143,1367,1510,0.14721119985450876
143,1358,1501,0.14722554986399952
141,1372,1513,0.1472391914275475
140,1378,1518,0.147258067589582
140,1373,1513,0.14727910954476556
138,1383,1521,0.14729863500736137
140,1375,1515,0.14732261173263417
139,1369,1508,0.14733950607174873
136,1364,1500,0.14735786296343098
134,1365,1499,0.14738362779090827
134,1367,1501,0.14741332352490377
137,1372,1509,0.1474421820669888
136,1382,1518,0.1474605577741317
133,1390,1523,0.14748003703029522
130,1383,1513,0.14750742572858186
130,1395,1525,0.14754186000260996
133,1404,1537,0.14757482884971782
133,1384,1517,0.14759732056266053
135,1377,1512,0.14761892410065727
135,1384,1519,0.1476337381349062
133,1396,1529,0.1476478487985556
135,1386,1521,0.147667059007007
134,1390,1524,0.1476791435849297
131,1377,1508,0.14769316402296803
130,1377,1507,0.14771473607092406
127,1372,1499,0.14773725279790503
126,1371,1497,0.14776702757297117
127,1378,1505,0.147797744524764
123,1382,1505,0.14782363456037806
120,1388,1508,0.14785916469115887
119,1379,1498,0.14789966216127237
121,1384,1505,0.14793993033111605
120,1383,1503,0.14797190392814874
116,1391,1507,0.14800498310836388
119,1390,1509,0.14804646046410966
122,1387,1509,0.14807750614302315
125,1392,1517,0.14809815174923868
126,1399,1525,0.14810821973052607
126,1390,1516,0.14811481518807887
127,1387,1514,0.14812118161255156
130,1381,1511,0.1481245615970264
125,1392,1517,0.14812003096040172
128,1385,1513,0.14813047565486456
126,1390,1516,0.14813202529160516
125,1384,1509,0.1481393534875915
128,1406,1534,0.14814867424063394
126,1395,1521,0.14814817148345316
126,1377,1503,0.14815301852602578
125,1379,1504,0.14815727040145185
124,1377,1501,0.14816412182594868
128,1382,1510,0.14817421973590159
123,1382,1505,0.14817287383693445
121,1397,1518,0.14818577526490606
122,1394,1516,0.14820359046277365
124,1392,1516,0.14821715419267803
125,1396,1521,0.14822438559683218
122,1394,1516,0.14822868610888904
118,1377,1495,0.14824167219995313
118,1391,1509,0.1482651324676436
118,1399,1517,0.14828701782499246
118,1393,1511,0.148306959602543
118,1395,1513,0.14832523644550144
116,1400,1516,0.14834246280880362
120,1393,1513,0.14836393537439194
118,1405,1523,0.14837238230765912
119,1392,1511,0.14838577679324463
117,1402,1519,0.14839517945089353
116,1392,1508,0.14840901242511545
117,1389,1506,0.14842472494847556
116,1379,1495,0.14843683607618882
115,1398,1513,0.14845062304584097
115,1396,1511,0.14846690838479706
113,1408,1521,0.14848233406844488
114,1401,1515,0.14850276062258227
117,1402,1519,0.14851878832505086
116,1394,1510,0.1485257451003713
118,1379,1497,0.1485353614156916
117,1392,1509,0.14853899696182257
115,1393,1508,0.14854549974680364
117,1398,1515,0.14855768701446637
112,1397,1509,0.14856330764561979
114,1380,1494,0.14858198330010233
114,1391,1505,0.14859390091772395
119,1396,1515,0.14860464960691902
121,1411,1532,0.1486012737661719
120,1396,1516,0.14859235845077323
119,1409,1528,0.14858749185531495
119,1417,1536,0.14858676336773566
120,1415,1535,0.14858669318131854
120,1413,1533,0.14858369559713278
118,1405,1523,0.14858101842767402
114,1395,1509,0.148584774323821
117,1397,1514,0.14859980029508232
114,1392,1506,0.14860581056535435
113,1399,1512,0.14861980322008878
110,1406,1516,0.148636055612723
113,1413,1526,0.14865911117552766
111,1411,1522,0.14867265288224918
113,1408,1521,0.14869069110718153
110,1407,1517,0.14870223011858424
106,1415,1521,0.1487215660063446
106,1412,1518,0.14874992120095584
106,1398,1504,0.14877684735784666
108,1398,1506,0.14880244933888512
109,1410,1519,0.14882137808309837
108,1400,1508,0.1488362813429605
106,1411,1517,0.1488533779359001
106,1412,1518,0.14887438709124778
106,1422,1528,0.14889468840042835
106,1413,1519,0.14891314560707225
107,1422,1529,0.1489305467440401
102,1415,1517,0.14894438264267404
101,1413,1514,0.1489714485253323
102,1414,1516,0.14900042268498173
102,1407,1509,0.14902474457870293
100,1415,1515,0.14904741490529355
100,1416,1516,0.14907404211217526
99,1412,1511,0.1490989539754117
98,1420,1518,0.1491252277824122
95,1421,1516,0.14915236642050123
96,1423,1519,0.14918597560724853
97,1424,1521,0.14921478305551833
98,1409,1507,0.14923864797214415
98,1414,1512,0.14925833832633983
99,1415,1514,0.14927677702008743
97,1407,1504,0.1492917589035232
98,1408,1506,0.14931144817453704
95,1411,1506,0.1493269824623541
93,1414,1507,0.14934911311406268
93,1400,1493,0.14937547462298265
97,1410,1507,0.14940047642699267
95,1421,1516,0.14941335561700303
95,1422,1517,0.1494313830511892
94,1412,1506,0.14944764706475108
95,1415,1510,0.14946581190097824
90,1421,1511,0.1494792143553927
90,1428,1518,0.14950532682718343
94,1415,1509,0.14952988065101847
96,1410,1506,0.1495418618684682
99,1416,1515,0.14954712584995694
104,1424,1528,0.14954317641682985
103,1435,1538,0.14952556151899063
99,1428,1527,0.149512636444863
98,1425,1523,0.1495123218289909
96,1421,1517,0.14951506517659674
96,1424,1520,0.14952384908683145
95,1418,1513,0.14953218636226276
93,1419,1512,0.14954226438056356
93,1418,1511,0.1495573756431123
97,1428,1525,0.1495715631920924
95,1434,1529,0.14957402151420993
93,1419,1512,0.1495818635073771
94,1414,1508,0.1495944283043607
92,1422,1514,0.14960303323892762
96,1419,1515,0.14961554538140132
96,1429,1525,0.14961597414647756
96,1418,1514,0.14961646983461352
95,1433,1528,0.14961677800048945
99,1421,1520,0.14961954758348356
97,1426,1523,0.14961114030005462
101,1418,1519,0.1496092798896712
101,1422,1523,0.14959673822030323
106,1419,1525,0.14958490787022805
104,1412,1516,0.1495601423258565
100,1407,1507,0.14954330127151333
99,1415,1514,0.14953854588735907
98,1429,1527,0.14953696035076935
95,1421,1516,0.14953812760483168
95,1402,1497,0.14954694212966085
95,1412,1507,0.1495556219039448
97,1413,1510,0.1495633522590721
99,1411,1510,0.1495653069099356
101,1410,1511,0.1495620564474122
100,1412,1512,0.14955369672869082
101,1416,1517,0.14954854750426821
99,1417,1516,0.14954103947514102
100,1414,1514,0.14954043955290325
100,1426,1526,0.14953642453438373
101,1445,1546,0.149531999400172
101,1443,1544,0.14952577481721938
101,1417,1518,0.14951936228235074
99,1421,1520,0.1495129395323631
100,1420,1520,0.14951219002658192
99,1423,1522,0.14950873312145324
101,1423,1524,0.14950764914330456
100,1428,1528,0.14950098583532295
100,1423,1523,0.14949784447092018
100,1428,1528,0.1494941122198247
101,1415,1516,0.14949018499959651
101,1415,1516,0.14948339914128916
105,1412,1517,0.1494770118441543
102,1415,1517,0.14946021205689283
103,1414,1517,0.149453348140426
103,1419,1522,0.14944451833533332
102,1415,1517,0.1494364389153169
99,1420,1519,0.14943191053645377
102,1420,1522,0.14943571096653596
100,1415,1515,0.14943049642417464
99,1418,1517,0.1494319052479421
96,1428,1524,0.14943735376057787
97,1424,1521,0.14945072007205018
99,1411,1510,0.1494601395491131
98,1421,1519,0.14946263829742498
98,1440,1538,0.1494684277304862
94,1431,1525,0.14947394565210878
93,1436,1529,0.1494902305015599
93,1441,1534,0.1495100085140759
91,1436,1527,0.1495284641247777
89,1435,1524,0.14955203065237682
87,1426,1513,0.14958038519346878
89,1432,1521,0.149612356190704
89,1436,1525,0.149636275192793
88,1429,1517,0.1496588681558192
86,1429,1515,0.14968257073976443
88,1428,1516,0.14971058308336882
88,1430,1518,0.1497311821876157
87,1424,1511,0.14974986517412375
85,1441,1526,0.1497702160998374
85,1432,1517,0.14979487939407657
85,1430,1515,0.1498186546083332
82,1443,1525,0.14984075661834048
85,1426,1511,0.14986961349119673
84,1425,1509,0.14988863010363557
79,1422,1501,0.14990895912522714
81,1423,1504,0.14994137137011843
81,1414,1495,0.14996646514698775
80,1417,1497,0.14998988718617284
81,1420,1501,0.15001414706782232
80,1418,1498,0.15003402752055237
78,1423,1501,0.1500561110977706
81,1435,1516,0.1500815512224136
83,1440,1523,0.1500962609724391
84,1438,1522,0.1501045753180175
81,1440,1521,0.15010987912182516
80,1437,1517,0.15012309982939748
79,1431,1510,0.1501377011191898
79,1449,1528,0.15015416458689917
80,1441,1521,0.15017007938589377
76,1460,1536,0.15018198053857035
75,1452,1527,0.15020451879623828
74,1448,1522,0.15022856750606128
73,1451,1524,0.15025393850220367
71,1449,1520,0.15028030405618711
72,1445,1517,0.15030980864846652
73,1446,1519,0.15033451539046752
73,1439,1512,0.15035477585260162
71,1456,1527,0.15037407444638512
73,1447,1520,0.15039732522649704
71,1448,1519,0.15041374407438401
72,1446,1518,0.15043516413895536
73,1451,1524,0.15045260804306365
70,1440,1510,0.15046532185328934
70,1425,1495,0.15048555724984247
69,1437,1506,0.15050480405012062
69,1435,1504,0.15052592310177007
68,1430,1498,0.15054578946877542
69,1435,1504,0.1505667605612255
70,1431,1501,0.15058349870667753
70,1441,1511,0.15059635741416
68,1442,1510,0.15060825552137438
71,1454,1525,0.15062571205267794
71,1439,1510,0.15063353649604852
70,1458,1528,0.15064096457565287
71,1448,1519,0.1506509097816923
68,1448,1516,0.15065737047296252
66,1463,1529,0.15067257653619212
65,1448,1513,0.15069229071447818
64,1457,1521,0.15071341274321579
65,1456,1521,0.15073612582071788
65,1451,1516,0.15075433748592887
66,1447,1513,0.1507709992730143
68,1460,1528,0.15078387073473504
69,1447,1516,0.15079012275863793
67,1453,1520,0.15079308516966353
64,1447,1511,0.15080146369235273
64,1447,1511,0.15081774575434792
62,1433,1495,0.15083326734971403
64,1441,1505,0.15085375293765588
64,1443,1507,0.15086746477607235
65,1443,1508,0.15087987774824313
62,1437,1499,0.15088863832437802
60,1434,1494,0.15090567681227823
62,1438,1500,0.15092705582692556
62,1451,1513,0.15094103227166436
63,1441,1504,0.15095410288089275
62,1441,1503,0.15096361782388965
63,1441,1504,0.15097541503671771
61,1451,1512,0.15098355111918046
64,1437,1501,0.15099643676522312
61,1442,1503,0.15100001885992806
65,1434,1499,0.15101214601178925
63,1446,1509,0.15101230761639745
60,1446,1506,0.15101831390691986
58,1446,1504,0.1510329596047521
61,1450,1511,0.15105229047273083
61,1451,1512,0.15106167140987453
61,1459,1520,0.15107039361357646
58,1445,1503,0.1510785785613734
57,1448,1505,0.15109509494729223
58,1456,1514,0.15111356317125244
56,1447,1503,0.15112811487150904
57,1437,1494,0.15114763234811915
58,1445,1503,0.151162730610273
59,1447,1506,0.15117407452844936
61,1448,1509,0.15118156781084033
59,1449,1508,0.15118319311359113
58,1451,1509,0.15119040270965323
58,1454,1512,0.15119978919798313
59,1445,1504,0.15120811489978284
59,1448,1507,0.15121327448907643
59,1456,1515,0.15121810358888466
56,1452,1508,0.15122225073836051
56,1436,1492,0.1512348246761716
55,1449,1504,0.15124636277020626
58,1453,1511,0.15126004850773025
58,1439,1497,0.1512640208497266
57,1429,1486,0.15126789026773976
58,1447,1505,0.15127419464018302
58,1455,1513,0.1512769966570902
57,1458,1515,0.15127946090181107
58,1451,1509,0.15128449311130254
59,1455,1514,0.15128639745155303
61,1448,1509,0.1512850911120751
60,1458,1518,0.15127817789974368
58,1450,1508,0.15127482324448777
60,1460,1520,0.1512772639016571
60,1455,1515,0.1512736948233407
59,1454,1513,0.15127062779074046
57,1453,1510,0.15127111080884173
57,1467,1524,0.15127729255839475
56,1466,1522,0.15128306456198948
55,1475,1530,0.15129149287860877
56,1464,1520,0.15130240124439362
53,1448,1501,0.15130985500419578
51,1464,1515,0.15132572862169572
52,1460,1512,0.15134622045906665
53,1473,1526,0.15136262984519125
54,1475,1529,0.15137511040485555
53,1472,1525,0.15138365377605564
53,1471,1524,0.15139461185237366
48,1476,1524,0.1514047784899968
47,1476,1523,0.15142868439358945
46,1477,1523,0.15145424774052557
44,1469,1513,0.15148099730905465
45,1468,1513,0.15151218194815702
45,1481,1526,0.1515386071526069
48,1484,1532,0.1515631084713487
45,1478,1523,0.15157749291303366
44,1478,1522,0.15159969521010822
45,1473,1518,0.15162313768991947
47,1471,1518,0.1516417599771209
46,1466,1512,0.15165391479924228
47,1462,1509,0.15166778572582496
46,1467,1513,0.15167801245153478
48,1473,1521,0.1516906062495082
47,1467,1514,0.15169621645876355
47,1469,1516,0.15170441856784492
45,1477,1522,0.1517121171189504
44,1472,1516,0.1517250743455148
40,1466,1506,0.15174038464946288
40,1460,1500,0.15176675127650385
37,1466,1503,0.15179182466576654
38,1476,1514,0.15182414503232394
38,1477,1515,0.15185126159273993
38,1492,1530,0.15187662843383606
37,1494,1531,0.1519003610522971
37,1496,1533,0.15192551279222563
36,1502,1538,0.1519490581624104
36,1498,1534,0.15197418817144534
36,1498,1534,0.15199772497302327
36,1500,1536,0.15201973723724785
37,1488,1525,0.15204039533193486
37,1478,1515,0.15205659983835126
35,1482,1517,0.15207184013761046
36,1479,1515,0.15209181884648615
37,1483,1520,0.15210753544120958
37,1481,1518,0.15211947465813197
36,1482,1518,0.15213063661092435
38,1476,1514,0.1521437793820806
39,1471,1510,0.15215002777516104
38,1486,1524,0.15215304621057618
37,1482,1519,0.1521590655839294
37,1485,1522,0.1521675295185142
39,1476,1515,0.1521754443672829
39,1483,1522,0.15217700473823975
38,1474,1512,0.1521784939008973
38,1487,1525,0.152183033941718
40,1486,1526,0.15218723124419709
39,1502,1541,0.15218471085808394
37,1484,1521,0.15218567217550205
37,1473,1510,0.15219233135720317
39,1467,1506,0.15219843597916044
39,1463,1502,0.15219811937280855
38,1469,1507,0.1521976776641898
39,1461,1500,0.1522006430675737
38,1466,1504,0.15220031427836772
38,1479,1517,0.15220318675397526
39,1483,1522,0.15220615118332442
39,1475,1514,0.15220588131803026
38,1470,1508,0.1522057391355128
37,1473,1510,0.1522087022342119
38,1474,1512,0.15221417991565023
38,1456,1494,0.15221618076001678
37,1459,1496,0.15221793829187147
39,1466,1505,0.1522222987077174
38,1462,1500,0.152220559384825
38,1474,1512,0.1522221379037063
38,1483,1521,0.15222379611904974
39,1479,1518,0.15222539956828296
42,1481,1523,0.15222427135438696
42,1477,1519,0.15221434997965236
42,1492,1534,0.15220534349793424
41,1493,1534,0.15219700224172183
40,1480,1520,0.15219214940878154
41,1479,1520,0.15219022315630007
41,1477,1518,0.15218562074228056
39,1483,1522,0.15218131646078148
39,1470,1509,0.15218334090498167
37,1478,1515,0.15218526157555645
36,1470,1506,0.15219338230293927
36,1482,1518,0.15220412985103804
35,1484,1519,0.15221405200400567
36,1489,1525,0.15222632208853304
35,1494,1529,0.1522350061554131
35,1482,1517,0.1522460941419849
35,1481,1516,0.15225617034783348
32,1488,1520,0.1522655055307274
31,1474,1505,0.15228296889202173
32,1486,1518,0.15230256010089607
33,1484,1517,0.15231798169606198
32,1475,1507,0.1523295387549924
31,1468,1499,0.1523434362631611
31,1473,1504,0.15235933310087987
30,1486,1516,0.15237417187114427
29,1487,1516,0.1523909114423055
30,1487,1517,0.15240930880147316
31,1490,1521,0.15242316424493807
31,1478,1509,0.1524329801012171
32,1470,1502,0.15244228560796638
33,1476,1509,0.1524484228657135
31,1492,1523,0.1524511935465637
32,1492,1524,0.15245975746367205
32,1493,1525,0.15246477709047576
30,1494,1524,0.15246957285700025
28,1492,1520,0.15247996894835983
30,1490,1520,0.15249570996169143
29,1492,1521,0.15250431740172776
29,1495,1524,0.15251552073734065
30,1486,1516,0.15252602994957606
32,1494,1526,0.15253283882661212
31,1490,1521,0.15253347265691644
32,1497,1529,0.15253712772550837
30,1474,1504,0.15253775613124723
30,1465,1495,0.15254435613880596
28,1480,1508,0.15255060437292356
27,1489,1516,0.15256233709640055
26,1493,1519,0.15257612153755148
26,1500,1526,0.15259192126768048
29,1497,1526,0.15260665410751753
30,1481,1511,0.1526113276930304
30,1484,1514,0.15261264276310638
30,1478,1508,0.1526138858914409
30,1475,1505,0.1526150684748623
32,1476,1508,0.15261619516853572
32,1481,1513,0.15261108005415572
31,1472,1503,0.1526063912893791
31,1487,1518,0.15260520531465382
31,1489,1520,0.15260406117483227
31,1489,1520,0.15260302870631345
30,1484,1514,0.15260208796553965
30,1494,1524,0.15260413691127123
31,1487,1518,0.15260602781375565
31,1492,1523,0.15260483537428857
31,1496,1527,0.15260366223761365
31,1497,1528,0.15260253406365845
32,1508,1540,0.15260145400428496
31,1497,1528,0.15259752741451663
31,1496,1527,0.15259683403723312
27,1495,1522,0.15259620991941383
27,1494,1521,0.1526075074011858
28,1482,1510,0.1526179000317644
28,1477,1505,0.15262462478164682
27,1484,1511,0.1526308706239424
27,1486,1513,0.15263974641568684
28,1486,1514,0.15264781825493445
29,1491,1520,0.15265246387902878
29,1496,1525,0.15265361108675246
29,1491,1520,0.15265469626634456
30,1487,1517,0.15265572238634456
29,1491,1520,0.15265377046665896
28,1493,1521,0.15265522669511153
28,1498,1526,0.15265970951316635
27,1497,1524,0.15266384025622798
26,1491,1517,0.15267031850974533
27,1489,1516,0.15267966645025832
26,1486,1512,0.1526853899591191
28,1484,1512,0.15269370521816736
28,1483,1511,0.15269532412819328
28,1495,1523,0.15269680907833189
28,1490,1518,0.1526982354818889
29,1487,1516,0.1526994545706642
28,1494,1522,0.15269758800136976
27,1495,1522,0.15269896255323004
26,1483,1509,0.15270339864497282
27,1488,1515,0.15271055362427066
26,1493,1519,0.15271424392503838
25,1495,1520,0.1527208304282084
24,1497,1521,0.1527298603148712
24,1489,1513,0.1527413372586486
22,1493,1515,0.15275201646460956
21,1489,1510,0.1527681535813752
24,1494,1518,0.15278629575522037
23,1498,1521,0.15279416629557613
22,1495,1517,0.15280486685243905
22,1493,1515,0.15281795656679137
25,1483,1508,0.1528298563758658
25,1500,1525,0.15283202732588816
24,1507,1531,0.15283411507600797
24,1498,1522,0.15283908520552827
24,1485,1509,0.15284390005742648
25,1485,1510,0.15284833927940522
25,1488,1513,0.15284932529961462
26,1490,1516,0.15285072082921577
25,1487,1512,0.15284889951670003
24,1495,1519,0.15285018164988448
23,1497,1520,0.15285442920636613
21,1505,1526,0.15286146369668002
21,1504,1525,0.152874391925621
22,1500,1522,0.15288640802911116
22,1503,1525,0.15289453488390867
21,1499,1520,0.15290217526853442
21,1495,1516,0.15291232028179377
21,1504,1525,0.15292153877819248
21,1521,1542,0.15293015715744163
21,1508,1529,0.15293820686718113
20,1506,1526,0.1529457295008724
20,1495,1515,0.15295583251836858
20,1490,1510,0.15296528575765442
20,1490,1510,0.15297389687140048
21,1488,1509,0.1529820356589346
21,1500,1521,0.15298657258123263
20,1490,1510,0.15299081284883972
20,1480,1500,0.15299787413913365
19,1491,1510,0.15300439025014578
18,1492,1510,0.1530136942272531
16,1489,1505,0.153025473381579
17,1482,1499,0.1530424464135309
17,1496,1513,0.15305528603646743
16,1493,1509,0.15306729649655604
17,1501,1518,0.15308153460884202
16,1484,1500,0.1530917622594393
17,1487,1504,0.15310459122405468
15,1483,1498,0.15311347090651037
16,1490,1506,0.15312845600599156
15,1495,1510,0.15313908754918365
15,1493,1508,0.15315215081600736
14,1490,1504,0.15316443201859337
14,1509,1523,0.15317921126636733
13,1500,1513,0.1531930510893709
12,1495,1507,0.1532092416471569
12,1488,1500,0.15322757595406278
10,1481,1491,0.1532446755597818
11,1496,1507,0.15326708550378254
11,1486,1497,0.15328494407825416
10,1494,1504,0.15330166580593893
11,1509,1520,0.1533204378800871
10,1494,1504,0.15333492269881252
11,1485,1496,0.15335163961246331
10,1508,1518,0.15336413384229547
11,1507,1518,0.15337904400665628
10,1508,1518,0.15338981271293034
11,1513,1524,0.1534030467967802
10,1516,1526,0.15341238949014688
10,1509,1519,0.1534245707751917
11,1515,1526,0.15343597658179967
11,1527,1538,0.15344361960459355
12,1525,1537,0.15345081019618223
11,1516,1527,0.15345447024718503
12,1511,1523,0.15346101249588617
12,1512,1524,0.15346400016443223
12,1506,1518,0.1534668696870072
11,1515,1526,0.15346959619281825
11,1499,1510,0.15347526046763826
10,1510,1520,0.15348052472945745
9,1510,1519,0.15348859184582597
9,1515,1524,0.15349928683365893
10,1518,1528,0.1535092709248939
10,1519,1529,0.15351543726496014
9,1511,1520,0.15352129386135385
9,1506,1515,0.15352998099846246
9,1519,1528,0.15353811901017608
8,1513,1521,0.15354583580239173
8,1512,1520,0.15355625699481387
8,1513,1521,0.1535659675283208
8,1509,1517,0.15357506484768074
7,1517,1524,0.15358359554014328
6,1512,1518,0.15359483249406808
6,1519,1525,0.1536084493585973
6,1512,1518,0.15362122763149458
6,1509,1515,0.15363320224280425
6,1512,1518,0.15364442979479367
6,1523,1529,0.15365496163297654
6,1518,1524,0.15366484414682446
5,1521,1526,0.15367411970350392
5,1521,1526,0.15368602919046256
5,1505,1510,0.1536971851763165
5,1500,1505,0.15370764360780056
5,1508,1513,0.15371745539581924
4,1503,1507,0.15372666429441872
4,1509,1513,0.15373850265602357
4,1505,1509,0.15374960145367994
4,1503,1507,0.15376001030185396
4,1517,1521,0.1537697783314397
4,1530,1534,0.15377894834802824
4,1525,1529,0.15378755904894104
4,1518,1522,0.15379564596884182
4,1511,1515,0.15380324199285414
4,1517,1521,0.15381037768829312
4,1506,1510,0.15381708154585685
4,1514,1518,0.1538233801691651
4,1510,1514,0.15382929843160117
4,1506,1510,0.1538348596106783
4,1517,1521,0.15384008550591305
4,1512,1516,0.15384499654395373
4,1507,1511,0.15384961187344953
4,1505,1509,0.15385394945139813
4,1504,1508,0.1538580261222358
4,1510,1514,0.1538618576906289
4,1521,1525,0.1538654589887151
4,1513,1517,0.1538688439383965
4,1507,1511,0.15387202560917992
5,1504,1509,0.1538750162719816
5,1517,1522,0.15387463234767665
4,1506,1510,0.15387426519805675
5,1503,1508,0.15387712220305397
4,1504,1508,0.15387661649979936
4,1510,1514,0.1538792956328042
4,1512,1516,0.15388181105676213
4,1528,1532,0.15388410634450533
4,1508,1512,0.15388626656893842
4,1501,1505,0.15388830998534375
4,1496,1500,0.15389023925278852
5,1513,1518,0.15389205759504146
4,1507,1511,0.15389054613939582
4,1521,1525,0.15389239125286555
4,1518,1522,0.15389409507456228
3,1512,1515,0.15389568797740288
3,1517,1520,0.15390041686329312
3,1512,1515,0.153904867389917
3,1512,1515,0.1539090389224054
3,1501,1504,0.15391295194626725
3,1514,1517,0.15391662425769886
4,1518,1522,0.1539200717738741
4,1523,1527,0.1539200475783615
3,1528,1531,0.1539200197429654
3,1524,1527,0.15392326109253443
3,1518,1521,0.15392632094930817
2,1529,1531,0.15392918985658027
3,1523,1526,0.15393512741315363
4,1520,1524,0.15393745342922496
4,1515,1519,0.1539363819999444
5,1514,1519,0.1539353680207787
5,1501,1506,0.1539312189459981
3,1502,1505,0.15392730439917104
3,1514,1517,0.15393008782192186
3,1516,1519,0.15393274899660628
3,1524,1527,0.15393524678337023
3,1510,1513,0.15393758872075827
3,1513,1516,0.15393978533719577
3,1520,1523,0.15394184652777834
3,1521,1524,0.15394378130448189
3,1531,1534,0.153945597899032
3,1520,1523,0.1539473038786261
3,1523,1526,0.1539489062369091
3,1513,1516,0.15395041146307004
3,1512,1515,0.153951825595473
3,1510,1513,0.15395315426468895
3,1513,1516,0.15395440272914318
3,1507,1510,0.15395557590544973
3,1504,1507,0.1539566783947766
4,1517,1521,0.15395771450614154
4,1519,1523,0.15395546427564327
2,1518,1520,0.15395334389308077
2,1526,1528,0.1539577808188791
2,1517,1519,0.15396198324021976
2,1522,1524,0.1539659486260548
3,1523,1526,0.15396968030471403
3,1527,1530,0.15396987673887075
3,1521,1524,0.15397008724849526
3,1532,1535,0.15397030390629532
4,1524,1528,0.15397051792620206
4,1516,1520,0.15396745959436056
4,1518,1522,0.15396458969421262
3,1530,1533,0.15396190943009416
3,1525,1528,0.1539626602586401
3,1518,1521,0.15396337691868012
3,1524,1527,0.1539640430707762
3,1519,1522,0.15396466482734916
3,1518,1521,0.15396524663685957
3,1518,1521,0.15396579184882284
3,1523,1526,0.15396630320430507
3,1521,1524,0.15396678306948952
3,1519,1522,0.15396723355200792
3,1517,1520,0.15396765656417444
3,1508,1511,0.15396805386056545
3,1510,1513,0.1539684270623077
3,1505,1508,0.15396877767401285
3,1506,1509,0.1539691070963877
3,1512,1515,0.15396941663615032
3,1513,1516,0.15396970751417005
3,1504,1507,0.15396998087237418
3,1499,1502,0.15397023777975177
3,1501,1504,0.15397047923766916
3,1501,1504,0.15397070618463576
3,1502,1505,0.15397091950062175
3,1511,1514,0.15397112001099553
3,1498,1501,0.15397130849013613
3,1509,1512,0.15397148566476043
3,1513,1516,0.15397165221699816
3,1512,1515,0.15397180878724184
3,1508,1511,0.1539719559767929
3,1510,1513,0.15397209435032347
3,1512,1515,0.15397222443816994
3,1522,1525,0.15397234673847218
3,1526,1529,0.15397246171917076
3,1515,1518,0.1539725698198733
3,1525,1528,0.1539726714536001
3,1510,1513,0.15397276700841706
3,1499,1502,0.15397285684896478
3,1490,1493,0.15397294131789072
4,1494,1498,0.1539730207371911
4,1487,1491,0.15396980033844346
4,1478,1482,0.1539668051894804
4,1488,1492,0.15396401221999437
4,1497,1501,0.15396139979184828
3,1499,1502,0.15395895250847708
3,1500,1503,0.15395989475786195
3,1507,1510,0.15396079819051736
3,1498,1501,0.15396164397899154
3,1498,1501,0.1539624350761763
3,1513,1516,0.15396317576229854
3,1513,1516,0.15396386985102484
3,1518,1521,0.1539645206831602
3,1514,1517,0.1539651312327295
3,1505,1508,0.15396570418726807
3,1506,1509,0.1539662420016638
3,1517,1520,0.1539667469348501
3,1514,1517,0.1539672210759653
3,1505,1508,0.15396766636394596
3,1508,1511,0.1539680846028846
3,1513,1516,0.15396847747453687
3,1523,1526,0.15396884654882503
3,1518,1521,0.15396919329287248
3,1523,1526,0.1539695190789166
3,1509,1512,0.15396982519133653
3,1509,1512,0.15397011283296083
3,1504,1507,0.15397038313077493
3,1505,1508,0.15397063714111994
3,1491,1494,0.15397087585445007
3,1496,1499,0.1539711001997061
3,1498,1501,0.15397131104834777
3,1517,1520,0.1539715092180825
3,1518,1521,0.15397169547632114
3,1515,1518,0.15397187054338654
4,1511,1515,0.15397203509549787
4,1512,1516,0.15396894796583138
4,1512,1516,0.1539660362438143
4,1511,1515,0.15396330705214456
3,1504,1507,0.15396074896997095
5,1512,1517,0.15396163675735614
5,1523,1528,0.15395596654974633
5,1515,1520,0.15395061356306328
5,1525,1530,0.1539455960405035
5,1515,1520,0.15394089235486827
4,1513,1517,0.1539364806151363
4,1520,1524,0.15393557551339562
4,1515,1519,0.15393473020429194
5,1511,1516,0.15393392478442144
5,1507,1512,0.15392987659843047
5,1505,1510,0.15392610040015783
5,1528,1533,0.15392257115326793
5,1520,1525,0.15391926501749562
5,1525,1530,0.15391616452319926
5,1526,1531,0.15391325515664842
5,1516,1521,0.15391052414209627
5,1530,1535,0.15390795991836398
5,1515,1520,0.15390555187387464
5,1509,1514,0.15390329019219537
4,1503,1507,0.15390116575057353
4,1504,1508,0.1539023904432293
4,1507,1511,0.15390355494583555
4,1519,1523,0.15390464305281154
4,1520,1524,0.15390565921004679
4,1518,1522,0.15390660925171162
4,1518,1522,0.15390749838931664
4,1509,1513,0.1539083311762831
4,1516,1520,0.15390911164122717
4,1517,1521,0.15390984339930466
4,1507,1511,0.15391052973089145
3,1505,1508,0.15391117363678528
3,1515,1518,0.15391505513930254
2,1516,1518,0.15391867634834405
2,1517,1519,0.15392530962130327
2,1522,1524,0.1539315396393537
2,1519,1521,0.15393737689267986
2,1509,1511,0.1539428509966466
2,1521,1523,0.15394798774479
2,1529,1531,0.1539528098967219
2,1531,1533,0.15395733799082026
2,1520,1522,0.15396159082307675
2,1503,1505,0.1539655857403911
2,1507,1509,0.15396933883587027
2,1505,1507,0.1539728650896587
2,1524,1526,0.15397617847741485
2,1520,1522,0.15397929205825048
2,1521,1523,0.15398221804878529
2,1522,1524,0.15398496788725605
2,1511,1513,0.1539875522901301
1,1506,1507,0.15398998130281893
1,1526,1527,0.15399557937434083
1,1529,1530,0.154000821447871
1,1529,1530,0.1540057324117096
1,1527,1528,0.15401033988512397
1,1522,1523,0.15401466561743357
1,1526,1527,0.1540187284011986
1,1525,1526,0.15402254513830815
1,1519,1520,0.15402613131551482
1,1526,1527,0.15402950125839526
1,1517,1518,0.15403266828868925
1,1526,1527,0.15403564483386856
1,1510,1511,0.15403844251043064
1,1522,1523,0.15404107219133775
1,1517,1518,0.15404354406307305
1,1509,1510,0.1540458676753923
1,1503,1504,0.15404805198560861
1,1513,1514,0.15405010539857486
1,1513,1514,0.15405203580313628
1,1515,1516,0.15405385060559915
1,1511,1512,0.15405555676061197
1,1507,1508,0.15405716079976836
1,1507,1508,0.15405866885817074
0,1506,1506,0.15406008669915583
