1380,31,1411,0.1358401121410049
1410,32,1442,0.13298410130282753
1415,32,1447,0.13029596271908192
1432,33,1465,0.1278300941615881
1439,37,1476,0.1255360968197985
1433,37,1470,0.12342713325496624
1435,37,1472,0.12152080365790172
1451,36,1487,0.11977794989769557
1447,36,1483,0.11814966593118098
1458,35,1493,0.11667597397311616
1465,35,1500,0.11530655071366006
1460,36,1496,0.11404216853897615
1448,36,1484,0.11290188562241436
1445,39,1484,0.1118919518516817
1449,38,1487,0.11097855173612921
1428,38,1466,0.1101367282736686
1418,38,1456,0.10941851498789354
1461,40,1501,0.10878722946601364
1452,42,1494,0.10811353686328036
1451,41,1492,0.10751973374954182
1451,41,1492,0.106981989258749
1456,40,1496,0.10649182850350662
1452,43,1495,0.10603442946333168
1469,44,1513,0.1056264370013825
1463,42,1505,0.10521680453039899
1456,43,1499,0.10485686173833056
1459,43,1502,0.10454415680558402
1455,45,1500,0.10425324102257079
1460,46,1506,0.10399656693318507
1453,45,1498,0.10375184058670943
1445,44,1489,0.10354449148314851
1450,45,1495,0.10337315328863315
1460,46,1506,0.10320637162407939
1461,42,1503,0.10303288346731715
1463,38,1501,0.10287268639362171
1461,39,1500,0.10272265311188765
1452,41,1493,0.10259051544825212
1468,41,1509,0.10248959943679434
1455,38,1493,0.10236273307480963
1462,41,1503,0.10227509372036243
1442,41,1483,0.10218004056053186
1452,41,1493,0.10213638363466682
1468,41,1509,0.10207498838201977
1467,42,1509,0.10198465625958761
1460,41,1501,0.10190468079902107
1455,39,1494,0.10184689778171017
1451,40,1491,0.1018052354429733
1444,42,1486,0.10177551201908588
1444,42,1486,0.10176335349107721
1444,42,1486,0.10175264952396741
1454,43,1497,0.1017432534722677
1453,43,1496,0.10171306754800151
1458,44,1502,0.10168764773655649
1458,43,1501,0.10165390544884356
1450,43,1493,0.10162298210859042
1456,44,1500,0.10161162672022642
1458,43,1501,0.10158862382549069
1452,42,1494,0.10156358977680596
1456,41,1497,0.10155377540838646
1456,39,1495,0.10153642746123427
1456,39,1495,0.10152056105709989
1449,42,1491,0.10150625747189579
1452,44,1496,0.10150793601577188
1451,42,1493,0.10150322617988312
1461,41,1502,0.10150109725990224
1448,40,1488,0.10147753558608098
1448,38,1486,0.10148394534156199
1449,37,1486,0.10148948137650994
1457,37,1494,0.10149198729052572
1454,39,1493,0.10147766447670747
1444,37,1481,0.10147067864187928
1460,38,1498,0.10148608966079514
1466,41,1507,0.10146575200382531
1461,41,1502,0.10143380575507387
1464,41,1505,0.10141572895913999
1458,41,1499,0.10139261212924353
1463,40,1503,0.10138456427760058
1457,41,1498,0.10136672718017771
1460,43,1503,0.10136322849398517
1456,44,1500,0.1013539743229969
1467,45,1512,0.10135400423059139
1466,46,1512,0.10133070171714344
1452,44,1496,0.10131111739541698
1447,39,1486,0.1013232595943205
1461,37,1498,0.10134496175695074
1462,36,1498,0.10133485611496898
1457,37,1494,0.10132340879428338
1457,38,1495,0.10132347472329023
1458,38,1496,0.10132353891557606
1461,41,1502,0.10132171379796898
1459,42,1501,0.1013137198004075
1475,45,1520,0.10131084990311993
1466,43,1509,0.10127426688802042
1471,42,1513,0.10125974836918808
1457,43,1500,0.1012359769375439
1458,41,1499,0.1012442519994192
1457,41,1498,0.10124976252829193
1451,38,1489,0.10125692797103411
1451,36,1487,0.1012765702574713
1453,38,1491,0.1012944139708698
1444,37,1481,0.10130614141316593
1443,40,1483,0.10133598406354132
1445,40,1485,0.10136545191029094
1456,42,1498,0.10138841924511953
1452,43,1495,0.10138536556642848
1440,40,1480,0.10139094053711124
1446,38,1484,0.10142173589543396
1443,37,1480,0.1014371312839416
1451,37,1488,0.10145773134011331
1454,38,1492,0.10145868645117292
1454,38,1492,0.10145322070454334
1459,37,1496,0.10144832122821196
1449,37,1486,0.1014331539373817
1436,37,1473,0.10144128882723362
1443,37,1480,0.10147641775180581
1443,38,1481,0.1014933546481894
1452,39,1491,0.1015087663908939
1457,40,1497,0.10150382535266025
1459,38,1497,0.101488436139927
1452,37,1489,0.10147045419391876
1455,39,1494,0.10146899348546112
1441,42,1483,0.10146137565470542
1445,42,1487,0.10148410668956721
1437,43,1480,0.10149653392113182
1446,42,1488,0.10152494650628606
1455,42,1497,0.10153157731043201
1467,43,1510,0.10151834451809187
1466,45,1511,0.10148069461593014
1461,46,1507,0.10144838776679223
1458,47,1505,0.10142963359941458
1459,46,1505,0.101419359451018
1453,46,1499,0.10140798160297418
1452,47,1499,0.10141088821967405
1443,48,1491,0.10141572671619846
1440,49,1489,0.10143943219595702
1438,47,1485,0.10146693484947253
1440,47,1487,0.10149643417725698
1431,49,1480,0.10151877026119305
1442,50,1492,0.10155849769854544
1445,49,1494,0.10157127273389226
1448,50,1498,0.10157629539288203
1445,51,1496,0.10157451953393012
1456,51,1507,0.10157941336656577
1435,50,1485,0.10156081711519978
1432,50,1482,0.10158878072349595
1442,49,1491,0.10162091667067685
1439,49,1488,0.10162866292914564
1442,50,1492,0.10164185153349284
1448,52,1500,0.10164748152625243
1447,50,1497,0.10163963265904682
1437,50,1487,0.1016347979351569
1425,50,1475,0.10165172789218996
1437,54,1491,0.10169326282404956
1431,52,1483,0.10170524872750036
1429,54,1483,0.10172936116869657
1417,52,1469,0.10175541747611895
1440,53,1493,0.10180484556276526
1431,54,1485,0.10180084897501121
1421,54,1475,0.10181668557795019
1415,56,1471,0.10185254556534097
1424,58,1482,0.10189761840548922
1427,60,1487,0.10191945146894771
1415,58,1473,0.10193255535624797
1433,60,1493,0.10197055304970698
1432,59,1491,0.10196692964654006
1438,57,1495,0.10196554052334765
1426,58,1484,0.1019514351140522
1428,59,1487,0.10196403768228439
1426,60,1486,0.10197156833358047
1424,63,1487,0.10198294639804278
1421,66,1487,0.10199762493180897
1409,67,1476,0.10201765032562214
1410,68,1478,0.10206135764342303
1414,67,1481,0.10209878753586421
1420,64,1484,0.10212487504908353
1402,62,1464,0.1021355073673489
1403,64,1467,0.10218370728295031
1413,62,1475,0.10222629257513888
1423,63,1486,0.10224339295531895
1429,64,1493,0.10223666689852433
1420,66,1486,0.10221755875844434
1431,67,1498,0.10221977423095066
1435,65,1500,0.1021984753501828
1450,67,1517,0.10217022018214213
1435,69,1504,0.1021126958152444
1437,67,1504,0.10209224295503919
1441,69,1510,0.10206968141336904
1426,69,1495,0.10204113153520293
1423,73,1496,0.10204778321994308
1426,76,1502,0.1020601229196273
1423,75,1498,0.10206534289882786
1420,74,1494,0.10207668482157484
1421,76,1497,0.10209340995913722
1430,73,1503,0.10210627239563401
1431,76,1507,0.10209903384193428
1421,76,1497,0.10208997205465156
1409,76,1485,0.1021026202607123
1414,78,1492,0.10214004921417519
1428,77,1505,0.10216332751924352
1407,79,1486,0.10215521244646399
1406,78,1484,0.10219305924298508
1403,80,1483,0.1022298401698184
1411,83,1494,0.10227026614505817
1399,84,1483,0.10228973549410622
1396,86,1482,0.10233346202766785
1386,84,1470,0.10237967601382046
1385,81,1466,0.10244360724841212
1398,85,1483,0.10250439386308001
1404,88,1492,0.10253213613432993
1409,89,1498,0.10254426912251326
1412,92,1504,0.10254444100949607
1411,91,1502,0.10253873307592036
1413,91,1504,0.10253519695169266
1408,91,1499,0.10252780506789119
1396,94,1490,0.10253193567590432
1411,94,1505,0.1025621126787206
1403,94,1497,0.10255740354221014
1401,93,1494,0.10257046236551823
1400,93,1493,0.10258679272663426
1409,93,1502,0.10260382734840759
1400,91,1491,0.10259949705798092
1404,91,1495,0.10261510415853153
1405,91,1496,0.1026205038525648
1405,92,1497,0.10262338393881197
1421,91,1512,0.10262584068794232
1417,91,1508,0.1025939950689427
1405,88,1493,0.10257316278504408
1402,87,1489,0.10258019296251042
1403,88,1491,0.1025932484239878
1399,91,1490,0.10260281790357738
1411,91,1502,0.10262100368834087
1419,89,1508,0.10261100392301728
1417,87,1504,0.1025848618557895
1407,90,1497,0.1025649569061451
1404,88,1492,0.10256850045195379
1403,86,1489,0.1025781659269073
1416,85,1501,0.10258846474270963
1412,89,1501,0.1025697839227368
1422,85,1507,0.10256170501323215
1409,85,1494,0.1025325354749273
1400,85,1485,0.10253432232985282
1406,84,1490,0.10255470100855187
1407,85,1492,0.10256008855134724
1407,88,1495,0.10256316497024211
1402,91,1493,0.10256611497578576
1404,89,1493,0.10257962208623833
1417,88,1505,0.10258785973920702
1409,88,1497,0.10256731496368576
1405,87,1492,0.10256650681614042
1403,88,1491,0.10257386202625192
1405,85,1490,0.10258479703897583
1403,86,1489,0.10259081313392934
1400,87,1487,0.10260054944669843
1398,86,1484,0.1026155070305986
1404,85,1489,0.10263384715565955
1403,89,1492,0.10263771006328003
1403,87,1490,0.10264315922943112
1406,84,1490,0.10264831654969075
1392,84,1476,0.10264680678907034
1390,86,1476,0.10267510097545088
1389,85,1474,0.10270579704653887
1393,86,1479,0.10273614144070102
1381,84,1465,0.10275578926167242
1395,86,1481,0.10279935475350314
1383,91,1474,0.10280880457948488
1398,89,1487,0.10284272977908344
1392,93,1485,0.10284168943024595
1382,95,1477,0.10285376179842537
1402,92,1494,0.10288580403016485
1409,91,1500,0.10287191074744807
1403,91,1494,0.10284453282360514
1407,92,1499,0.10283239383309137
1392,91,1483,0.10281308567891462
1391,97,1488,0.10282843076420599
1391,97,1488,0.10284426538068576
1389,99,1488,0.1028587607053223
1383,102,1485,0.10287645925055677
1376,102,1478,0.10290506182038804
1378,101,1479,0.10294718226500976
1381,96,1477,0.1029812159437905
1385,93,1478,0.1030052618070167
1395,93,1488,0.10301788537123636
1390,89,1479,0.10300748016152685
1389,91,1480,0.1030086559175028
1417,91,1508,0.1030114058712612
1421,90,1511,0.10295382874525788
1409,93,1502,0.1028926284014922
1398,91,1489,0.1028629346133547
1403,91,1494,0.10285969931227043
1405,90,1495,0.10284591705930252
1403,91,1494,0.10282904920283041
1391,90,1481,0.10281782566033928
1393,95,1488,0.10283381415940575
1387,99,1486,0.10284417555776253
1384,97,1481,0.10286719139197409
1381,98,1479,0.1028942332521612
1383,102,1485,0.10292560640801504
1385,98,1483,0.10294960899345586
1383,99,1482,0.10296727478086164
1377,102,1479,0.1029877771317098
1362,106,1468,0.10301945223504219
1370,104,1474,0.10308067874988447
1381,105,1486,0.10311938086342326
1388,104,1492,0.10313129398829768
1380,108,1488,0.1031272492632003
1390,108,1498,0.10314038257095923
1384,110,1494,0.10313073552210306
1388,113,1501,0.10313512487582337
1388,111,1499,0.1031308928688625
1386,110,1496,0.10312688720862634
1381,112,1493,0.10312757215639103
1379,113,1492,0.10313909835367589
1385,115,1500,0.10315408054859
1381,113,1494,0.10315491853464426
1369,110,1479,0.1031638029390148
1378,111,1489,0.10319786306852344
1381,112,1493,0.10321041423721493
1389,108,1497,0.10321520228679994
1389,109,1498,0.10320202181572448
1392,113,1505,0.10319011346902718
1384,111,1495,0.10317275046342982
1388,111,1499,0.10317428704137149
1389,111,1500,0.10316775869667479
1382,112,1494,0.10315950683622041
1385,112,1497,0.10316682852910264
1387,111,1498,0.1031666682705459
1392,110,1502,0.10316292731173472
1383,111,1494,0.10314891535642491
1380,113,1493,0.10315516024480623
1392,111,1503,0.10316719017920736
1392,113,1505,0.10315212557023061
1387,110,1497,0.10313829031827332
1395,108,1503,0.10313712269564476
1400,109,1509,0.10311870911091439
1393,112,1505,0.1030914858745288
1396,109,1505,0.1030811528201117
1393,113,1506,0.103065451168039
1396,112,1508,0.10305710770838854
1390,112,1502,0.1030428107268079
1379,112,1491,0.10304264723945886
1384,113,1497,0.1030662110615037
1385,110,1495,0.10307684744658893
1383,111,1494,0.10308436177151246
1388,110,1498,0.10309527147842083
1393,109,1502,0.10309426250383748
1394,116,1510,0.10308176609073967
1397,117,1514,0.10306828329648328
1385,115,1500,0.1030496040761932
1389,114,1503,0.10305854121589438
1391,112,1503,0.10305781533069112
1393,111,1504,0.10305308865054215
1380,112,1492,0.10304503904889771
1372,115,1487,0.10306531172612572
1375,116,1491,0.10310158067727877
1380,114,1494,0.10312775878540512
1375,114,1489,0.10314081104224168
1371,115,1486,0.10316389655202228
1387,114,1501,0.1031940685341592
1380,114,1494,0.10318698275367774
1379,112,1491,0.10319568294925326
1387,115,1502,0.10320618003131511
1388,116,1504,0.10319809442929362
1383,114,1497,0.10318916885376382
1373,110,1483,0.10319152142111093
1375,109,1484,0.10321566938718146
1370,111,1481,0.10323338226860716
1370,113,1483,0.10326024572320254
1377,114,1491,0.10328373349227168
1388,112,1500,0.10329017470198597
1378,112,1490,0.10327224589623611
1381,111,1492,0.10327713751130524
1390,113,1503,0.10327539821374858
1394,111,1505,0.10325418684501379
1382,107,1489,0.10322650824805057
1384,108,1492,0.10322689987614073
1374,110,1484,0.10322235813692286
1370,107,1477,0.10324008833168968
1385,112,1497,0.10326484572901283
1387,115,1502,0.10325488281858722
1373,118,1491,0.10324161073000607
1373,117,1490,0.10326042946333139
1383,119,1502,0.10327760623003218
1394,121,1515,0.10327184461576465
1383,123,1506,0.10324249951011184
1364,124,1488,0.10324001884304776
1372,128,1500,0.10327844573760213
1372,125,1497,0.10329703363818947
1376,125,1501,0.10331394479323742
1386,125,1511,0.10332083500835797
1375,125,1500,0.10330514337666864
1375,124,1499,0.10331520459100721
1376,121,1497,0.10332433155226736
1383,124,1507,0.10333036254200298
1376,122,1498,0.10332090746710913
1387,121,1508,0.10332741302214679
1375,126,1501,0.10330881520802525
1370,123,1493,0.10331829242155095
1379,124,1503,0.10333783906152672
1378,125,1503,0.10333572881323246
1367,123,1490,0.10333638971002604
1377,126,1503,0.10336074308664436
1368,131,1499,0.10336102756997985
1367,132,1499,0.10338118323870903
1367,131,1498,0.10340239894056427
1365,130,1495,0.10342161358385862
1364,133,1497,0.1034437919260561
1358,132,1490,0.10346584922303424
1353,133,1486,0.10349960042097894
1355,136,1491,0.10354131573486995
1338,139,1477,0.10357524478382044
1343,135,1478,0.10364328810678938
1340,133,1473,0.10369481777948003
1346,133,1479,0.10374849673815699
1359,133,1492,0.10378488219094412
1348,131,1479,0.10378946192155979
1354,134,1488,0.10381783156897302
1351,131,1482,0.10383031422410582
1356,131,1487,0.10384797816923669
1353,132,1485,0.10385360645622191
1346,136,1482,0.1038651759493509
1351,138,1489,0.1038908980940343
1358,135,1493,0.10390318354655477
1363,137,1500,0.10389882534536678
1359,135,1494,0.10388392217795747
1346,138,1484,0.10387965280365673
1333,138,1471,0.1039047501050814
1344,141,1485,0.10395549140438487
1340,141,1481,0.10397788305803467
1336,139,1475,0.10400705032602424
1349,143,1492,0.10404234007733484
1336,146,1482,0.10404573462620574
1338,143,1481,0.10407710136631669
1332,142,1474,0.10410182129728565
1347,146,1493,0.10413784316389182
1338,143,1481,0.10413901226989752
1334,143,1477,0.10415968807447658
1343,141,1484,0.10418729955672963
1336,140,1476,0.10419256624760803
1330,145,1475,0.10421314973386575
1338,145,1483,0.10424531618323328
1336,149,1485,0.10425761639233463
1336,151,1487,0.10427312985202185
1340,147,1487,0.10428666303844862
1333,146,1479,0.10429027552230757
1328,145,1473,0.10430898906655178
1321,147,1468,0.10433719847363304
1343,150,1493,0.10437875606056828
1332,149,1481,0.10436876382336427
1337,149,1486,0.10438307859790491
1340,156,1496,0.10438605346711348
1336,159,1495,0.10438254305473008
1338,161,1499,0.10438800237185923
1320,161,1481,0.10438851328391305
1336,168,1504,0.10442802635917986
1344,168,1512,0.10442930057962319
1339,169,1508,0.1044127341732813
1342,170,1512,0.10440950330638231
1329,171,1500,0.10440033049024418
1318,168,1486,0.1044201365553155
1319,165,1484,0.10446245307569012
1326,164,1490,0.10449899837934896
1343,163,1506,0.10451623996854126
1349,165,1514,0.10449455784025506
1343,168,1511,0.10446164792496053
1351,167,1518,0.10444486667441344
1336,169,1505,0.10441246880021808
1336,176,1512,0.10441547155696242
1326,174,1500,0.10441780094132454
1330,173,1503,0.10444202682004815
1325,173,1498,0.10445559313697939
1332,169,1501,0.10447849494079593
1330,172,1502,0.10448420788783341
1315,173,1488,0.10449321735918315
1314,174,1488,0.1045341566860489
1305,175,1480,0.10457350029670293
1317,173,1490,0.10462943576377662
1311,171,1482,0.10465457966016267
1292,164,1456,0.1046906113263339
1287,172,1459,0.10476514536371552
1297,176,1473,0.10484521152067117
1310,173,1483,0.10489660468665879
1313,177,1490,0.10491522246346836
1313,172,1485,0.10492571339078079
1323,176,1499,0.10493469818992462
1329,182,1511,0.10492125522052391
1323,182,1505,0.10489594818296424
1320,177,1497,0.10488596936346578
1312,183,1495,0.10488389779513031
1309,184,1493,0.10490013764288043
1315,186,1501,0.10492160284379336
1318,186,1504,0.10492847863375315
1301,185,1486,0.10492834462137282
1309,186,1495,0.10496556379180032
1321,186,1507,0.10498162771388393
1321,188,1509,0.10497014199986214
1307,188,1495,0.10496000384869177
1301,186,1487,0.10498170967738885
1293,191,1484,0.10501520069689314
1306,192,1498,0.10506355429198885
1308,193,1501,0.10507895543765479
1305,196,1501,0.105088302123767
1291,198,1489,0.10510383679488909
1291,197,1488,0.1051486625046463
1281,203,1484,0.10518999497869375
1279,202,1481,0.10525020386313123
1283,202,1485,0.10530948948020846
1285,200,1485,0.10535526673812921
1281,202,1483,0.10539312249353841
1290,197,1487,0.10543724998270408
1284,205,1489,0.10545727918353676
1272,207,1479,0.10548864008444475
1272,199,1471,0.10554392894209695
1280,198,1478,0.10559484009304056
1287,203,1490,0.10562381486442604
1285,204,1489,0.10563414789342086
1281,210,1491,0.10564814926356923
1282,208,1490,0.10566955555195762
1286,209,1495,0.10568678115648358
1290,212,1502,0.10569400716627271
1288,210,1498,0.10569180494518882
1277,213,1490,0.10569428476382693
1287,215,1502,0.10572132903576775
1293,214,1507,0.10572403425678173
1289,216,1505,0.10571313465762405
1286,215,1501,0.10571232159518897
1279,215,1494,0.10571870468083362
1280,217,1497,0.10574016664817737
1276,211,1487,0.10575795624412963
1289,215,1504,0.10578287023352012
1270,212,1482,0.10577735902046165
1279,211,1490,0.10581357449691232
1279,209,1488,0.10582706380309528
1282,215,1497,0.10584023496422333
1281,216,1497,0.10584598274158777
1274,221,1495,0.10585342876965224
1278,219,1497,0.10587537010068519
1287,227,1514,0.10588682393342051
1280,230,1510,0.1058776861386664
1276,226,1502,0.10588513642980668
1274,236,1510,0.10590023548463506
1292,234,1526,0.10591916156653688
1277,232,1509,0.10589690685641752
1277,225,1502,0.10591011349690861
1289,228,1517,0.10592184238633486
1276,225,1501,0.10590598798335255
1285,227,1512,0.10592014750917404
1284,223,1507,0.10591303575897665
1284,221,1505,0.10590914634438643
1289,226,1515,0.10590580059594565
1275,231,1506,0.1058923829187112
1274,233,1507,0.1059109253772428
1271,230,1501,0.10592958274711667
1271,235,1506,0.10595337030369306
1272,231,1503,0.10597531823955648
1277,236,1513,0.10599317261679228
1280,229,1509,0.10599921270907924
1268,229,1497,0.1059968649384985
1264,225,1489,0.1060223137293986
1260,229,1489,0.10605472338240379
1257,227,1484,0.10609275992589103
1269,221,1490,0.10613385588648647
1281,219,1500,0.1061451409163038
1268,220,1488,0.10612899373154835
1275,219,1494,0.10614244746632019
1273,218,1491,0.10613920275125904
1282,220,1502,0.10614047414276886
1279,220,1499,0.10612184076291069
1269,215,1484,0.1061110021182979
1276,219,1495,0.10612295989085148
1284,222,1506,0.10611842441833837
1267,217,1484,0.10609607732909616
1253,221,1474,0.10611312304216786
1258,228,1486,0.10616073851862734
1262,225,1487,0.10619373467661523
1261,222,1483,0.10621521327341864
1259,227,1486,0.10623649189757492
1260,226,1486,0.10626040810901635
1258,232,1490,0.10628068291605544
1257,235,1492,0.10630356700142168
1251,238,1489,0.10632681034253082
1257,242,1499,0.1063620691584154
1242,246,1488,0.10638126742902511
1229,248,1477,0.10643240093576566
1242,243,1485,0.10650860926989993
1240,246,1486,0.10655029233671588
1250,250,1500,0.10659310700442984
1253,254,1507,0.10661032449585647
1248,249,1497,0.10661910971984159
1244,250,1494,0.1066385721773625
1232,247,1479,0.10666484514454329
1238,254,1492,0.10671570968754303
1242,251,1493,0.10674991044582179
1231,259,1490,0.10677358965108052
1233,259,1492,0.10681919826460617
1238,262,1500,0.10685640929833112
1249,258,1507,0.10687942761858406
1231,258,1489,0.10687617534268082
1226,265,1491,0.10691305831406663
1222,270,1492,0.10695873167065084
1234,275,1509,0.1070095960492949
1227,273,1500,0.10702976398844084
1229,273,1502,0.10706454204548337
1222,272,1494,0.10709133098441825
1224,281,1505,0.10713141648060918
1234,279,1513,0.10716377521525512
1230,283,1513,0.10717173065391045
1226,284,1510,0.10718888792358484
1227,277,1504,0.10721372847067098
1220,279,1499,0.10723453740433736
1220,276,1496,0.10726948471136627
1221,277,1498,0.10730158674816405
1215,281,1496,0.10732779764454502
1205,281,1486,0.1073656339759321
1214,277,1491,0.10742254306904382
1207,276,1483,0.10745515775643238
1212,274,1486,0.10750115725781756
1213,274,1487,0.10753149172753115
1228,271,1499,0.10755724871092479
1231,275,1506,0.1075466961846639
1230,270,1500,0.10753034668966599
1229,281,1510,0.10751771919775757
1222,286,1508,0.10750880597876972
1216,287,1503,0.10751633955323493
1211,288,1499,0.10753768917417254
1214,283,1497,0.10756873027143055
1219,283,1502,0.10759099064015785
1215,283,1498,0.10759980534818586
1216,274,1490,0.10761651454053464
1215,281,1496,0.10762843877258649
1217,285,1502,0.1076422342311825
1211,291,1502,0.10765069190700183
1209,289,1498,0.10767226722250665
1195,296,1491,0.10769730128238969
1197,300,1497,0.10775215062013947
1205,300,1505,0.10779883943256575
1187,302,1489,0.10782324082553998
1184,307,1491,0.10788537803261658
1183,307,1490,0.10794983391107917
1201,304,1505,0.10801107656297543
1197,313,1510,0.10802684722708605
1192,315,1507,0.10805042402926503
1188,313,1501,0.10808420155460075
1171,316,1487,0.10812444499857107
1176,307,1483,0.10820028928016125
1184,311,1495,0.10825719030314916
1193,309,1502,0.10829165898396736
1187,311,1498,0.10830219665469404
1188,315,1503,0.10832561403108068
1192,312,1504,0.10834515059240037
1206,318,1524,0.10835390976667203
1204,321,1525,0.10833069491250685
1188,321,1509,0.10831424535716494
1189,327,1516,0.10833545436065332
1188,326,1514,0.10835296482020539
1180,332,1512,0.10837196759615572
1175,334,1509,0.10840761078661795
1184,339,1523,0.10845151736709152
1180,335,1515,0.10847171876382093
1185,334,1519,0.10849958676088582
1175,336,1511,0.10851447434385239
1180,336,1516,0.10855159927892315
1169,341,1510,0.10857458697689712
1171,344,1515,0.1086210431549077
1166,342,1508,0.10865937138536243
1163,347,1510,0.10870715350216902
1164,347,1511,0.1087576760946857
1164,348,1512,0.10880173431354244
1157,353,1510,0.10884279069005805
1153,351,1504,0.1088969509406846
1135,350,1485,0.10895607187166892
1137,352,1489,0.10905123075126173
1142,359,1501,0.10913297350573556
1146,358,1504,0.10919704331785296
1135,360,1495,0.1092464778445214
1144,368,1512,0.10931666419793182
1143,367,1510,0.10936047339948825
1127,368,1495,0.1094037187004205
1126,365,1491,0.1094799766603979
1134,368,1502,0.10955305951848075
1123,373,1496,0.1096020285687609
1125,372,1497,0.10967199811246399
1123,372,1495,0.10973159957824354
1119,367,1486,0.1097907595768948
1120,373,1493,0.10985473324965284
1113,373,1486,0.10991213029699541
1109,379,1488,0.10998087629533035
1115,379,1494,0.11005362513393457
1111,386,1497,0.11010704782102668
1118,386,1504,0.11016535418919197
1124,384,1508,0.11020410157979572
1124,384,1508,0.11022647470318578
1113,385,1498,0.11024675150054451
1120,390,1510,0.11028951163246724
1130,393,1523,0.11031215474673005
1130,391,1521,0.11031043292630222
1125,388,1513,0.11030992714535955
1117,383,1500,0.11032097430884877
1110,377,1487,0.11034939390905403
1107,383,1490,0.11039068803033446
1090,391,1481,0.11043482902336095
1088,384,1472,0.11051488872378272
1082,384,1466,0.1105929330020998
1090,385,1475,0.11067895599092421
1097,386,1483,0.11074054394295242
1101,387,1488,0.11078067634026986
1104,391,1495,0.11080912392371285
1097,402,1499,0.11082868338374777
1085,397,1482,0.11086416234133128
1083,400,1483,0.1109245811485334
1075,402,1477,0.11098443714409337
1076,401,1477,0.11105808480007688
1088,402,1490,0.1111228619630176
1093,398,1491,0.11115362579204699
1097,402,1499,0.1111714318269983
1104,402,1506,0.11117817903048628
1118,400,1518,0.11116815233372215
1114,400,1514,0.11112726201292453
1109,403,1512,0.11109932071013477
1107,403,1510,0.11108524838454312
1094,407,1501,0.11107755718848818
1104,414,1518,0.1110999285866355
1101,410,1511,0.11109793602596005
1089,412,1501,0.1111028543746755
1088,408,1496,0.11113479303761663
1098,409,1507,0.11116624118268945
1107,407,1514,0.11117225918822114
1098,408,1506,0.11115724346492786
1096,419,1515,0.11116489108623248
1107,418,1525,0.11117678134618285
1087,418,1505,0.1111623756292325
1077,418,1495,0.1111955995564684
1075,415,1490,0.11124997599426273
1077,422,1499,0.11130575965036799
1073,421,1494,0.11135191589956502
1079,426,1505,0.1114017911727496
1081,413,1494,0.11143348894932645
1077,413,1490,0.11145788057390833
1072,415,1487,0.11148928063455264
1083,418,1501,0.1115298478128695
1087,409,1496,0.11154292598272252
1092,404,1496,0.11154471702251666
1084,408,1492,0.11153477619991324
1082,412,1494,0.11154463660352781
1084,411,1495,0.11155847876007165
1085,407,1492,0.11156627849880282
1088,405,1493,0.1115715596469435
1090,411,1501,0.11156979883231452
1084,414,1498,0.11156372437479463
1077,422,1499,0.11157166700955697
1076,420,1496,0.11159600016033396
1081,414,1495,0.1116221013651565
1076,414,1490,0.1116346885556811
1083,415,1498,0.1116578533708541
1079,418,1497,0.11166311635880198
1082,423,1505,0.11167613932832747
1066,425,1491,0.11168045708882175
1073,426,1499,0.1117219531218911
1078,424,1502,0.1117438575813395
1073,423,1496,0.11175266075843064
1077,419,1496,0.11177216126266806
1089,427,1516,0.11178040778238815
1081,428,1509,0.11176050176118058
1086,420,1506,0.11175980008237624
1091,415,1506,0.11174779852677098
1091,413,1504,0.11172449993209735
1093,419,1512,0.11170357461269581
1096,415,1511,0.11167992757068909
1098,415,1513,0.11165159311758924
1097,414,1511,0.11162107919308674
1105,413,1518,0.11159486136587804
1098,408,1506,0.11155255371343806
1089,411,1500,0.11153051561009392
1090,412,1502,0.11153127647134717
1085,412,1497,0.11152946554487847
1083,412,1495,0.11153876623890273
1088,410,1498,0.11155163125034999
1095,410,1505,0.11155093596454563
1087,415,1502,0.11153446415606826
1098,415,1513,0.11153803673027092
1105,415,1520,0.11151525282870514
1104,413,1517,0.11147799326465767
1111,410,1521,0.11144604032754452
1112,407,1519,0.11140135918977948
1097,408,1505,0.11135860798269767
1091,414,1505,0.11135328277899925
1095,419,1514,0.1113630144537374
1097,418,1515,0.11136291526118129
1088,410,1498,0.11135805921546182
1089,414,1503,0.11137496939799316
1096,406,1502,0.1113885702706634
1080,404,1484,0.11138436024866745
1086,410,1496,0.11141692522423828
1087,414,1501,0.11143196398052765
1087,410,1497,0.11144423817128392
1084,410,1494,0.11145492704509596
1090,414,1504,0.11147167495567206
1090,418,1508,0.11147367540673091
1083,417,1500,0.11147663447485613
1075,419,1494,0.11149634950854416
1083,418,1501,0.11153258126438537
1084,422,1506,0.11154716554623822
1070,424,1494,0.11155783659975277
1063,424,1487,0.11159969762074212
1068,422,1490,0.11165419679246295
1081,425,1506,0.11169249037185282
1081,422,1503,0.11169692409182823
1071,419,1490,0.11170122457557125
1057,415,1472,0.11172889218237465
1065,424,1489,0.11178734840176599
1064,418,1482,0.11182290187761659
1062,423,1485,0.11185780608117732
1068,431,1499,0.11189547198356108
1066,429,1495,0.11191575372676694
1043,428,1471,0.11193939149144239
1061,419,1480,0.11201385627307729
1070,423,1493,0.11204008921169968
1073,430,1503,0.11204336908054188
1073,428,1501,0.1120389139559364
1082,428,1510,0.11203349513656467
1089,430,1519,0.11200767023095397
1082,426,1508,0.11196838248715127
1082,425,1507,0.11194917131423293
1089,425,1514,0.11193189237617274
1077,429,1506,0.11190035867123097
1067,422,1489,0.11189912920814947
1062,420,1482,0.11192183959904836
1071,427,1498,0.11195407880207593
1069,431,1500,0.1119630416741385
1068,428,1496,0.11197556359338287
1060,429,1489,0.11198864151844656
1064,432,1496,0.11202032291046692
1051,432,1483,0.11203956128557482
1056,440,1496,0.11208720304302176
1069,439,1508,0.11211971592552919
1068,448,1516,0.11212058506899726
1059,451,1510,0.11212426048023325
1059,452,1511,0.11214995588899872
1054,441,1495,0.11217267285639028
1051,444,1495,0.1122067536948401
1062,454,1516,0.11224398674900712
1047,448,1495,0.11225285290733228
1047,444,1491,0.11229620616486939
1049,438,1487,0.11233545582884226
1044,443,1487,0.11236651104726957
1042,440,1482,0.112405979228802
1035,447,1482,0.1124475152301358
1036,457,1493,0.11250221640279964
1042,453,1495,0.11255041996644682
1039,457,1496,0.11258009747148662
1031,464,1495,0.11261528133296253
1030,456,1486,0.11266725108633517
1029,459,1488,0.11271766488546167
1040,460,1500,0.11276585103145503
1029,461,1490,0.11278488529558636
1039,456,1495,0.11282823920762228
1034,458,1492,0.11284502867598492
1036,467,1503,0.11287194044845644
1037,468,1505,0.1128925664112985
1029,464,1493,0.11290932450961304
1027,472,1499,0.11294203895143032
1022,470,1492,0.1129768956087542
1035,463,1498,0.11302003620834153
1034,468,1502,0.11302986748386733
1045,460,1505,0.11304085527756545
1038,470,1508,0.11302543510086994
1033,467,1500,0.11302836153531672
1025,469,1494,0.11304412572843535
1029,470,1499,0.1130768796590838
1036,470,1506,0.11309702362552405
1036,475,1511,0.1130993852816366
1031,471,1502,0.11310371195165292
1029,476,1505,0.11311973194648431
1026,475,1501,0.11313936185654733
1030,472,1502,0.1131637205670756
1036,469,1505,0.11317647742570386
1041,474,1515,0.11317500165039947
1039,475,1514,0.11316169444846594
1040,475,1515,0.11315439207888023
1042,462,1504,0.11314588314558512
1038,464,1502,0.11313226167416467
1039,470,1509,0.11312903865945319
1037,471,1508,0.1131245772811446
1030,469,1499,0.11312309713745272
1028,468,1496,0.11313885005416324
1035,471,1506,0.11315877525753906
1026,479,1505,0.11316071205008027
1035,481,1516,0.11318276901729543
1024,484,1508,0.11318306874131119
1026,482,1508,0.11320917423415747
1026,485,1511,0.11322841736157926
1030,486,1516,0.11324662685986707
1020,482,1502,0.11325529455445485
1015,487,1502,0.11328655726722552
1010,477,1487,0.11332688668499116
1018,474,1492,0.11337565173045955
1013,472,1485,0.11340093662581242
1014,470,1484,0.11343550876761846
1015,471,1486,0.11346515946672302
1014,469,1483,0.11348950451197766
1008,468,1476,0.11351362949880159
1016,479,1495,0.11355056973888353
1011,485,1496,0.11356666281664825
1019,482,1501,0.11359327478739434
1012,497,1509,0.1136002131191597
1015,495,1510,0.11362358778403497
1004,493,1497,0.1136385936330514
996,489,1485,0.11367714883827723
989,497,1486,0.11373171479671872
986,500,1486,0.11379759713491629
982,509,1491,0.11386589503407936
981,508,1489,0.11393817940656963
974,504,1478,0.11400741813816645
975,505,1480,0.1140873893651035
975,505,1480,0.11415949934928768
997,508,1505,0.1142258161024691
1003,509,1512,0.11423519554187334
1009,507,1516,0.11423118843988853
1014,506,1520,0.11421407135565602
1000,510,1510,0.11418685362125285
999,509,1508,0.11419494762016262
996,509,1505,0.11420444312942699
974,507,1481,0.11422045197834382
988,505,1493,0.1142877381418674
981,515,1496,0.11431777730387176
975,518,1493,0.1143625216783866
978,524,1502,0.11441751137518687
980,519,1499,0.11446073735994354
979,521,1500,0.11449598733145065
985,519,1504,0.11453127786825171
979,524,1503,0.11455008832132049
987,515,1502,0.11458237814371089
990,520,1510,0.11459296928747055
983,523,1506,0.11459524479284512
987,523,1510,0.11461438928694559
988,521,1509,0.11462360547552314
980,525,1505,0.1146293286211463
989,521,1510,0.11465308686054936
994,522,1516,0.11465374643832746
987,523,1510,0.11464217311139724
981,526,1507,0.11464906039237874
979,519,1498,0.11466856054649666
975,524,1499,0.11469111205283405
976,514,1490,0.1147211494639659
977,512,1489,0.11474700010393935
972,512,1484,0.1147682628870467
965,522,1487,0.11479929828711866
971,526,1497,0.11484403377169469
961,530,1491,0.11487032373358545
966,527,1493,0.11491883754813267
971,520,1491,0.11495182588786416
969,525,1494,0.11497147442204014
962,538,1500,0.11499422255350387
958,537,1495,0.1150317698859342
963,542,1505,0.11507558131403776
966,543,1509,0.11510485708669219
971,546,1517,0.1151248194514277
977,533,1510,0.11513287105457114
972,530,1502,0.11512620673466518
972,526,1498,0.11513169959605364
972,525,1497,0.11513792971611342
975,531,1506,0.11514384434023803
967,532,1499,0.1151422122394062
970,534,1504,0.1151600031860374
966,543,1509,0.11516988203201882
961,542,1503,0.11518745919473176
965,542,1507,0.11521384429344868
963,532,1495,0.11522922086203241
967,541,1508,0.11524794018384217
957,535,1492,0.11525499571614052
957,540,1497,0.11528578243951043
955,539,1494,0.11531384627316803
949,544,1493,0.11534358993895086
951,546,1497,0.11538477115991913
959,544,1503,0.11541894569633689
957,544,1501,0.11543307031401952
950,545,1495,0.11545072500432227
950,555,1505,0.11548453018722561
947,557,1504,0.11551629766729608
942,560,1502,0.11555323833272806
937,562,1499,0.11559869658742926
949,567,1516,0.11565368769265662
951,562,1513,0.115676564076509
942,560,1502,0.11569341321855175
932,565,1497,0.1157303063375346
937,573,1510,0.11578790315527034
937,563,1500,0.11582918557016508
937,561,1498,0.11586772354804215
949,571,1520,0.11590333482292127
942,574,1516,0.11590833314632733
948,577,1525,0.11592830009806854
945,577,1522,0.11593367638405436
938,578,1516,0.11594631948440942
929,582,1511,0.11597514148579954
922,580,1502,0.11602378921216505
918,573,1491,0.11608535148527549
917,579,1496,0.1161519640122301
918,585,1503,0.11621622829361045
917,578,1495,0.1162737463181497
918,572,1490,0.11632703932923234
919,571,1490,0.11637432537794819
924,570,1494,0.1164161213068623
923,571,1494,0.11644323099644525
931,578,1509,0.11647050587814235
928,581,1509,0.11647767340174334
919,576,1495,0.11649064885565664
916,575,1491,0.11652397016439292
926,573,1499,0.11656156549513845
930,566,1496,0.11657391154143779
923,565,1488,0.11657535092908919
933,569,1502,0.11659419898538084
923,575,1498,0.1165877142926076
928,573,1501,0.11660562350085714
928,579,1507,0.11661014657613065
923,579,1502,0.11661473340953486
924,573,1497,0.11663007301876516
925,571,1496,0.11664186703617845
927,576,1503,0.11665123589524384
923,581,1504,0.11665393376699706
927,581,1508,0.11666718520946602
923,588,1511,0.116670992687366
929,582,1511,0.11668455128484802
926,580,1506,0.1166817173087739
927,571,1498,0.11668702863093813
921,585,1506,0.11668882464842575
910,585,1495,0.11670501553754424
910,597,1507,0.11674779349119788
902,585,1487,0.11678597760199728
907,585,1492,0.11684017952331835
910,595,1505,0.11687846145976583
905,593,1498,0.11690703379910178
906,592,1498,0.1169459170582002
904,603,1507,0.11697911560403763
901,600,1501,0.11701433452213711
894,599,1493,0.1170539201327248
894,606,1500,0.11710721657721411
898,607,1505,0.11715505979032782
904,610,1514,0.11719072350765249
906,607,1513,0.1172093249449218
898,611,1509,0.1172210072846934
901,604,1505,0.11725154851235967
895,612,1507,0.11727229291786866
893,606,1499,0.11730516944557909
884,613,1497,0.11734061184141859
888,609,1497,0.11739533682998837
885,617,1502,0.11743721542469229
891,622,1513,0.11748419052925085
902,611,1513,0.11751251579172756
894,619,1513,0.1175130467667325
890,623,1513,0.1175339605521894
892,624,1516,0.1175630316112667
890,625,1515,0.11758592952329268
887,621,1508,0.11761193303384339
879,622,1501,0.1176435862696546
875,623,1498,0.11769293220358591
874,624,1498,0.11774846276157164
873,627,1500,0.1178025800323572
869,630,1499,0.11785509866988558
860,633,1493,0.11791391342764569
850,634,1484,0.1179894083342246
858,640,1498,0.11808291660514096
861,645,1506,0.11814995330226769
868,644,1512,0.1182054923624143
867,634,1501,0.11823907164696941
867,628,1495,0.11827338492403439
867,632,1499,0.11830540951169849
881,638,1519,0.11833543679117403
885,634,1519,0.11832997811858444
879,633,1512,0.11831560238501805
874,636,1510,0.1183168735115968
878,631,1509,0.11832985389007841
876,638,1514,0.11833224620268375
877,639,1516,0.1183400819551571
878,641,1519,0.1183443779212876
873,649,1522,0.1183470112535103
868,642,1510,0.11836112605429343
864,639,1503,0.11838585262381449
867,640,1507,0.11841858163562051
857,642,1499,0.1184411579508501
860,638,1498,0.11848670085225325
854,646,1500,0.11852144730899675
862,650,1512,0.11856712314021749
845,651,1496,0.11859012833430124
845,660,1505,0.11865242180761448
855,658,1513,0.1187116732540035
860,655,1515,0.11874141408832962
862,654,1516,0.11875691175033129
874,654,1528,0.11876610558386157
864,651,1515,0.11874592194184004
849,645,1494,0.11875155933999848
844,645,1489,0.11879339327166533
844,647,1491,0.11884391820413058
849,649,1498,0.11888927967531902
847,649,1496,0.11891900797860391
840,659,1499,0.1189523850025192
838,654,1492,0.1189997670440687
840,657,1497,0.11904908526862272
836,657,1493,0.11909174077774215
846,653,1499,0.1191405442473572
851,661,1512,0.1191601636388848
851,665,1516,0.11916626534843722
851,667,1518,0.11917250091466272
838,671,1509,0.11917894920808404
850,664,1514,0.11921600702738538
835,660,1495,0.11922111334040872
841,667,1508,0.1192615989759648
838,670,1508,0.11928533491830667
835,668,1503,0.11931503122339389
837,668,1505,0.11934971783164024
842,672,1514,0.11937658515354524
831,676,1507,0.11939048862497298
837,670,1507,0.11943008644015524
842,670,1512,0.11945248947730844
843,673,1516,0.11946115200401064
841,676,1517,0.11946687935796739
835,675,1510,0.11947741250210436
831,670,1501,0.11950109869167785
822,667,1489,0.11953476936280866
823,668,1491,0.1195880655219575
818,665,1483,0.11963531668276488
832,667,1499,0.11969138270305865
828,668,1496,0.11970748342195538
819,673,1492,0.11973180587254596
819,686,1505,0.11977686976512114
827,678,1505,0.11981936891538268
827,677,1504,0.1198395909445966
835,678,1513,0.11985901533880666
832,672,1504,0.11985588823288108
826,673,1499,0.11985892174745198
825,679,1504,0.11987592632670785
825,689,1514,0.11989474271166461
831,690,1521,0.11991123557535886
831,693,1524,0.11991102773895448
818,684,1502,0.11990961122672399
814,683,1497,0.11994006243097335
814,690,1504,0.11997840540676163
813,683,1496,0.12001491281189353
809,692,1501,0.1200519843317986
799,695,1494,0.12009667462999825
794,691,1485,0.12016261150006269
786,696,1482,0.12023271657070886
804,694,1498,0.12031771695477085
804,699,1503,0.12035358732148646
803,707,1510,0.1203871564892452
810,706,1516,0.12042162341046367
799,712,1511,0.12043651694748762
792,714,1506,0.1204775653605266
801,723,1524,0.12053247506136516
800,718,1518,0.12056076237295002
795,718,1513,0.12058991271698048
787,715,1502,0.12062923949565092
793,712,1505,0.12068498791150827
788,710,1498,0.12072136605052965
793,718,1511,0.1207668274138657
798,726,1524,0.12079619896844353
787,724,1511,0.12081100536311881
785,726,1511,0.12085273943449697
776,728,1504,0.12089682871979501
779,731,1510,0.12095964466851171
775,730,1505,0.12100905372795684
776,724,1500,0.12106566981209134
788,721,1509,0.1211157206667187
782,731,1513,0.12113327374093893
774,731,1505,0.12116477748477374
755,739,1494,0.12121373614936282
762,739,1501,0.12130544244812022
765,738,1503,0.12137341167576206
775,740,1515,0.12142859901425719
779,750,1529,0.12145481855343977
776,750,1526,0.1214686795272823
774,747,1521,0.12148953063410618
767,744,1511,0.12151398665297843
764,742,1506,0.12155350605223415
762,737,1499,0.12159712349671803
765,739,1504,0.12164177273553121
777,740,1517,0.1216776499252503
775,740,1515,0.12168141445744116
760,738,1498,0.12168943222593416
759,751,1510,0.12173412219887907
763,735,1498,0.12177719085861714
777,737,1514,0.12180729059974968
768,736,1504,0.1218006209443673
760,734,1494,0.12181587134728128
773,730,1503,0.12185091814371322
771,726,1497,0.12185082299182767
769,728,1497,0.12185603143736319
770,734,1504,0.12186579104287837
770,733,1503,0.12187240892348303
783,735,1518,0.12187814688006653
780,729,1509,0.12185052633009302
772,732,1504,0.1218331836399469
764,728,1492,0.12183709705783521
754,740,1494,0.12186115639144844
757,734,1491,0.12190771526812227
758,744,1502,0.12194371194326507
752,745,1497,0.12197511758990391
755,737,1492,0.12202003187011784
764,732,1496,0.12205352279223952
766,736,1502,0.12206278862766017
753,737,1490,0.12206762768806462
751,736,1487,0.1221052733075923
756,736,1492,0.12214625893202431
759,747,1506,0.12217188732553858
756,744,1500,0.12218850319105698
761,756,1517,0.12221199024475701
759,761,1520,0.12222092440836509
750,761,1511,0.12223452572676438
754,762,1516,0.12226912913153726
744,761,1505,0.12229172767031372
749,764,1513,0.12233661545296012
751,767,1518,0.12236557907558165
750,758,1508,0.12238640120965766
747,753,1500,0.12240821266293624
746,758,1504,0.12243585887538508
741,759,1500,0.12246339196091788
748,759,1507,0.12250109405846185
754,764,1518,0.12251913398536429
759,764,1523,0.12251997368581413
757,761,1518,0.12250903758880544
755,757,1512,0.12250362868687771
757,766,1523,0.12250344671668664
755,765,1520,0.1224971437896699
754,760,1514,0.12249766064882728
755,761,1516,0.12250128465381177
750,766,1516,0.12250267122631606
746,772,1518,0.12251724847283484
746,773,1519,0.12254004590322883
733,770,1503,0.12255966284669281
726,761,1487,0.12260945737645666
720,771,1491,0.1226728012691519
723,777,1500,0.12274583589338516
728,774,1502,0.12280386944292494
733,771,1504,0.12284406300850499
746,761,1507,0.12286924226207763
749,776,1525,0.12286061139277063
750,769,1519,0.12284569752170015
754,762,1516,0.12282965126317937
757,764,1521,0.12280476626720808
751,771,1522,0.12277454746220552
748,771,1519,0.12276124809049786
733,771,1504,0.12275785415863691
733,758,1491,0.12279124818597043
731,763,1494,0.12282170516758223
736,764,1500,0.12285527742099667
740,772,1512,0.12287416389951256
734,765,1499,0.12288156058454522
731,766,1497,0.12290403953839082
737,763,1500,0.12293174464513049
734,770,1504,0.12294247856518598
731,762,1493,0.1229604698237969
728,768,1496,0.1229850013002385
728,771,1499,0.12301466106811691
710,774,1484,0.12304293068691838
719,790,1509,0.1231131587912287
726,786,1512,0.12315558480996355
722,782,1504,0.12317875626151384
718,780,1498,0.12320987957627647
720,773,1493,0.1232487551010464
719,774,1493,0.12328148492602552
724,779,1503,0.12331424432766809
722,785,1507,0.1233331970469063
716,793,1509,0.12335590148846728
717,798,1515,0.12339261333561914
719,797,1516,0.12342404193773136
717,792,1509,0.12344794153023614
709,790,1499,0.12347602385170527
707,789,1496,0.12352015983042076
713,806,1519,0.12356692894756115
711,791,1502,0.12359642677002906
704,790,1494,0.12362892148851433
699,799,1498,0.1236764838045448
702,797,1499,0.12373357564220328
707,805,1512,0.12377817924711135
702,811,1513,0.12380874328081237
705,803,1508,0.12385068073783445
703,812,1515,0.12388310446789909
700,799,1499,0.12391913838925013
703,803,1506,0.12395839030831979
713,802,1515,0.1239862316083979
707,815,1522,0.12398677865942431
702,809,1511,0.12400263975319188
700,806,1506,0.12402951784726789
692,805,1497,0.12405917646232342
693,811,1504,0.1241075404746978
693,807,1500,0.12415167311277685
696,817,1513,0.12419239725947037
699,821,1520,0.12422199256184006
683,817,1500,0.12424196413213907
686,821,1507,0.12430053456065583
696,818,1514,0.1243478119740079
700,816,1516,0.12436689910057343
695,821,1516,0.12437413498950069
692,824,1516,0.12439275014178339
694,819,1513,0.12441709365720452
683,812,1495,0.12443455696741947
685,807,1492,0.12447808399193601
688,812,1500,0.12451380236012854
692,810,1502,0.12453988967960687
695,825,1520,0.12455417960834485
689,826,1515,0.12455871302143094
680,827,1507,0.12457994592543312
680,820,1500,0.1246234790073726
688,825,1513,0.12466295616853357
682,827,1509,0.12467976294917275
684,830,1514,0.124710055562741
673,832,1505,0.12473404228110084
678,822,1500,0.12478371296590822
674,823,1497,0.12481756751694237
674,823,1497,0.12485805534341882
671,822,1493,0.1248951037761583
671,835,1506,0.12493896902333289
681,834,1515,0.124978865805568
678,829,1507,0.12499129213830734
677,825,1502,0.12500918380128506
676,825,1501,0.12502816855954169
666,831,1497,0.12504891701847515
669,824,1493,0.12509289144925945
663,831,1494,0.1251267476935582
669,826,1495,0.12517249856038717
675,828,1503,0.12520239110300993
668,833,1501,0.12521508578593227
669,833,1502,0.12524390874798846
674,841,1515,0.12526727862509046
669,843,1512,0.12527624366614856
666,847,1513,0.12529866567855755
671,845,1516,0.12532765265340054
664,848,1512,0.12534147678774105
651,854,1505,0.1253723436074403
648,853,1501,0.12543351777077485
649,850,1499,0.12549773919782214
650,848,1498,0.12555396468702595
653,847,1500,0.12560391024362944
646,840,1486,0.12564266100460028
644,844,1488,0.12569470288975887
643,846,1489,0.1257480965645794
649,860,1509,0.12579999129477204
643,857,1500,0.1258325012218096
649,862,1511,0.1258770180938965
647,861,1508,0.12590383026980415
645,869,1514,0.12593359105328283
644,861,1505,0.12596633976102398
633,871,1504,0.12599962507118612
642,878,1520,0.12605814167887328
640,880,1520,0.12609033798646893
636,879,1515,0.12612446935150207
639,871,1510,0.1261678876617683
638,868,1506,0.1262005075946724
632,867,1499,0.1262340970767466
631,873,1504,0.12628058741351036
630,874,1504,0.12632534095404632
624,869,1493,0.12636936879818425
628,876,1504,0.1264262954441574
627,877,1504,0.12646868830434813
620,879,1499,0.1265100138036036
618,887,1505,0.12656659331097633
618,882,1500,0.1266239033987793
619,888,1507,0.12667562029086807
612,893,1505,0.12671982901824966
607,880,1487,0.126779623557289
607,883,1490,0.12684718063033906
608,887,1495,0.1269110118801748
601,883,1484,0.126968477861337
605,880,1485,0.1270386357178112
608,894,1502,0.1270938372792577
609,888,1497,0.12713667676347862
608,892,1500,0.12717404732698312
605,887,1492,0.1272116148707009
608,892,1500,0.12725516354466188
607,895,1502,0.1272874018863573
602,902,1504,0.1273196882862024
603,903,1506,0.12736296500780167
603,897,1500,0.12740004812726077
606,900,1506,0.12743444633281156
603,906,1509,0.12745865292874797
587,907,1494,0.12748786077053256
591,897,1488,0.12755484793659705
596,910,1506,0.127607914463406
596,911,1507,0.1276450514260747
594,917,1511,0.1276794567431421
590,920,1510,0.1277176676382518
584,919,1503,0.12776329855775992
590,926,1516,0.12782157862160787
586,932,1518,0.12786159416603782
571,926,1497,0.12790883924455632
574,944,1518,0.12799140461928618
569,954,1523,0.12806088340691044
573,947,1520,0.12814005938032375
569,947,1516,0.12820319839312388
567,940,1507,0.12827263710043224
562,949,1511,0.128342650004588
565,949,1514,0.12842037030144193
560,952,1512,0.12848364987463526
560,940,1500,0.12855505671826106
564,940,1504,0.12862102883519036
561,930,1491,0.1286718293897465
556,936,1492,0.1287265341881339
573,940,1513,0.12878908012403834
564,943,1507,0.12880410883296264
568,936,1504,0.12884134622391452
570,932,1502,0.128865062873042
582,925,1507,0.1288822650384662
570,918,1488,0.12886771258209767
569,922,1491,0.12888729615068895
563,922,1485,0.12890830881331022
556,939,1495,0.1289449549558453
550,947,1497,0.1289987017347542
551,955,1506,0.1290652816978296
553,944,1497,0.12912518612463184
554,950,1504,0.129175977095065
553,956,1509,0.1292194733293347
552,953,1505,0.12926232118932557
549,947,1496,0.12930447821546628
552,949,1501,0.12935264466132268
560,948,1508,0.1293896184557934
570,946,1516,0.12940376592024322
573,936,1509,0.12938999514721541
567,943,1510,0.12936983355230075
557,948,1505,0.12936632069820664
561,951,1512,0.12938744231501562
550,948,1498,0.12939690549075947
554,952,1506,0.12943457456238625
558,958,1516,0.12945776152533559
560,960,1520,0.12946858649043796
556,950,1506,0.12947326997007633
540,938,1478,0.1294878510722583
552,939,1491,0.1295431576995892
557,948,1505,0.12956427157167116
557,945,1502,0.1295703036640495
558,953,1511,0.12957488927769703
556,943,1499,0.12957697606789517
552,939,1491,0.1295851344919491
555,940,1495,0.12960309753675203
555,948,1503,0.12961226871240872
546,953,1499,0.1296213311976818
540,947,1487,0.12965445396654954
544,950,1494,0.12970198892093174
548,945,1493,0.12973582972508402
545,951,1496,0.1297572243826313
546,959,1505,0.12978470485632268
552,953,1505,0.12980680128788133
554,972,1526,0.12981114359436582
555,971,1526,0.12980952830551465
552,961,1513,0.12980548558874724
551,962,1513,0.1298105023845066
555,947,1502,0.129817858130309
559,956,1515,0.12981479080990657
553,959,1512,0.12980188290721817
549,962,1511,0.12980481628484855
552,961,1513,0.12981724367469294
550,951,1501,0.12982110494303703
557,952,1509,0.12982901211763956
549,950,1499,0.1298182536588237
542,960,1502,0.12982898165012463
543,969,1512,0.12985598366150009
538,966,1504,0.12987780230771745
547,978,1525,0.12990983314632756
550,979,1529,0.12991723746762213
545,975,1520,0.12991627272954256
537,986,1523,0.12992846739314548
535,968,1503,0.12996059748964803
531,968,1499,0.12999574686250648
524,964,1488,0.13003980862268652
534,975,1509,0.1301001559119492
525,987,1512,0.13013014890138294
526,990,1516,0.1301815437493053
515,981,1496,0.130226569481089
522,985,1507,0.13029667854632104
520,986,1506,0.13034294847947592
523,987,1510,0.13039174090488667
521,988,1509,0.1304301851931795
526,982,1508,0.1304698957171733
532,982,1514,0.13049357431587705
530,991,1521,0.1305010369915097
523,997,1520,0.13051344844783994
526,994,1520,0.1305432203217279
524,996,1520,0.13056285366051218
521,990,1511,0.1305877216865075
521,999,1520,0.130619139007915
515,1003,1518,0.1306490158197539
505,1007,1512,0.13069328883017986
505,991,1496,0.1307623264848856
512,988,1500,0.13082727125557878
508,989,1497,0.13086792232735794
508,1007,1515,0.13091670262157912
506,1008,1514,0.1309618393667167
510,1006,1516,0.13100956308530576
508,1010,1518,0.13104380445281402
503,1010,1513,0.13108090049853527
501,1002,1503,0.13112770719910372
507,1006,1513,0.1311772237233642
497,996,1493,0.13120824395226793
501,999,1500,0.131263156293295
506,993,1499,0.13130333769511898
508,997,1505,0.13132709067418002
505,999,1504,0.13134355057772867
496,1003,1499,0.1313684346477052
495,1019,1514,0.1314161979241401
494,1023,1517,0.13146313765313378
486,1013,1499,0.13150904561955304
488,1026,1514,0.13157239547919888
487,1028,1515,0.13162610602254815
486,1015,1501,0.131678378469884
484,1026,1510,0.13172953449816083
474,1025,1499,0.13178365049725374
486,1035,1521,0.1318600486803841
485,1040,1525,0.13189999328884391
485,1028,1513,0.131941274293981
482,1033,1515,0.13197820069586505
482,1034,1516,0.1320206777539592
476,1030,1506,0.1320598274517232
484,1026,1510,0.13211350561488266
487,1022,1509,0.13214199205472899
485,1012,1497,0.13216012846018882
488,1023,1511,0.1321827494415036
490,1025,1515,0.13219657810046484
483,1020,1503,0.13220554090250652
485,1021,1506,0.13223363960944481
489,1033,1522,0.13225509519238343
486,1019,1505,0.13226531324299207
487,1014,1501,0.13228207023992783
485,1026,1511,0.13229559532766172
478,1030,1508,0.13231333083761918
474,1028,1502,0.13234798547546975
472,1031,1503,0.13239050644760175
482,1030,1512,0.13243523371082241
485,1018,1503,0.13245009510142863
487,1037,1524,0.13245730187325871
487,1036,1523,0.13245833237031174
490,1031,1521,0.1324593576475551
476,1027,1503,0.13245211134846988
481,1029,1510,0.13248316251736914
473,1044,1517,0.13249934305885905
476,1045,1521,0.13253559033677215
476,1042,1518,0.13256187311455533
463,1053,1516,0.13258610434591644
457,1056,1513,0.13264304273502645
461,1060,1521,0.13271252757122975
459,1061,1520,0.13276638241669192
459,1067,1526,0.132822654351876
459,1063,1522,0.1328748570173442
456,1054,1510,0.13292426364290535
454,1054,1508,0.1329767763420158
449,1069,1518,0.1330315060830683
448,1075,1523,0.13309399336835093
450,1063,1513,0.1331555950547993
461,1063,1524,0.13320792736290932
459,1063,1522,0.13322633462259043
451,1063,1514,0.13324832003636705
446,1067,1513,0.13328981021430195
445,1065,1510,0.13334158218005418
444,1048,1492,0.13339244468137945
446,1054,1500,0.13344244000728178
450,1057,1507,0.1334840430604765
447,1050,1497,0.1335128332704096
448,1036,1484,0.13354550846286378
441,1056,1497,0.13357385178209388
441,1060,1501,0.1336188964685478
438,1065,1503,0.13365957345359938
434,1073,1507,0.13370378697827434
430,1081,1511,0.1337562688551123
429,1084,1513,0.13381598484397295
425,1082,1507,0.1338753982174149
427,1080,1507,0.13394179721796817
429,1079,1508,0.13399806243765122
423,1083,1506,0.13404514972338627
421,1082,1503,0.13410627660536525
412,1090,1502,0.13416923867910627
419,1090,1509,0.13425310235559967
424,1093,1517,0.13431223551463722
422,1098,1520,0.13435296594265883
420,1087,1507,0.1343967657506254
413,1088,1501,0.13444215117982788
413,1089,1502,0.13450295406093443
413,1084,1497,0.13456127956825076
408,1101,1509,0.1346156845155521
403,1109,1512,0.13468049754024758
406,1104,1510,0.13475449189204033
401,1095,1496,0.13481543059888465
405,1091,1496,0.13488496805987754
404,1101,1505,0.1349392842103682
402,1126,1528,0.1349929603923639
399,1119,1518,0.1350486904741349
401,1118,1519,0.13510823281467424
397,1111,1508,0.13515905822396607
398,1112,1510,0.1352164763935318
402,1113,1515,0.13526771726245382
400,1111,1511,0.13530375941813316
403,1102,1505,0.13534402311140054
398,1107,1505,0.1353744283675685
396,1112,1508,0.13541825518455625
397,1117,1514,0.1354656721789065
398,1115,1513,0.13550657934436766
397,1120,1517,0.1355426291420692
392,1123,1515,0.13557895097409325
391,1139,1530,0.13562589213681064
392,1126,1518,0.1356708084537481
391,1129,1520,0.13571015003543882
389,1121,1510,0.13575030255663
385,1124,1509,0.135792530831067
383,1123,1506,0.13584339197531067
387,1120,1507,0.13589704925817972
381,1143,1524,0.13593779365758274
374,1139,1513,0.1359930180191137
371,1135,1506,0.1360630954691989
363,1134,1497,0.13613574326983438
362,1159,1521,0.13622532722331454
363,1146,1509,0.13631152348853573
358,1144,1502,0.13638906553212432
366,1142,1508,0.13647269267114473
370,1147,1517,0.13652862813295832
374,1144,1518,0.13656947733255825
372,1143,1515,0.13659772924420782
367,1141,1508,0.13662997841586338
363,1138,1501,0.13667310140751826
359,1134,1493,0.13672553084274164
364,1127,1491,0.1367850794811097
357,1132,1489,0.136826161718058
349,1139,1488,0.13688508548673847
354,1128,1482,0.13696250105737925
358,1140,1498,0.13701990975230174
358,1141,1499,0.1370614335834326
361,1154,1515,0.13709967123305514
349,1166,1515,0.1371291402869722
348,1158,1506,0.13718919257608136
343,1159,1502,0.13724840731948573
349,1163,1512,0.13731836736282357
350,1155,1505,0.13736789831253238
348,1161,1509,0.1374119150321952
342,1171,1513,0.13745816379802028
344,1167,1511,0.13751741443855298
346,1177,1523,0.13756626354533455
342,1165,1507,0.13760590221178542
343,1164,1507,0.1376547911833249
348,1169,1517,0.13769770457923644
345,1175,1520,0.13772449807137252
337,1175,1512,0.13775774407977037
337,1183,1520,0.13781085741193302
327,1195,1522,0.13786305598372287
327,1189,1516,0.13794014631144827
321,1189,1510,0.1380120680982436
319,1192,1511,0.13809533095929616
314,1190,1504,0.1381785028217643
319,1168,1487,0.13827030762996642
319,1179,1498,0.1383433848120407
320,1203,1523,0.13841253905238915
319,1197,1516,0.1384754289628784
318,1207,1525,0.13853683125094346
312,1205,1517,0.1385969054826471
309,1207,1516,0.13867003119814217
307,1212,1519,0.13874739617589246
310,1226,1536,0.13882507821834356
309,1223,1532,0.13888864349397528
299,1230,1529,0.13895092626900804
300,1222,1522,0.1390351780347299
300,1225,1525,0.13911049654749486
300,1222,1522,0.13918273289991565
298,1215,1513,0.13925024358365948
297,1212,1509,0.13931928368803764
293,1214,1507,0.13938621531724388
299,1228,1527,0.1394607217864312
295,1222,1517,0.13951476628234669
297,1224,1521,0.13957573769225584
297,1220,1517,0.13962830470352489
290,1214,1504,0.13967762410137333
284,1211,1495,0.1397426524846741
284,1216,1500,0.13982017507539146
276,1226,1502,0.13989327974897672
272,1222,1494,0.13998563272326528
274,1221,1495,0.14008192685182924
275,1226,1501,0.14016595111520025
275,1226,1501,0.14024057640479248
272,1235,1507,0.14030975828711248
275,1223,1498,0.14038368826680148
283,1224,1507,0.14044511730078713
283,1235,1518,0.14048111444900957
282,1229,1511,0.14051554673977867
285,1225,1510,0.14054962102321933
289,1222,1511,0.14057281663040105
290,1219,1509,0.1405841562477978
288,1222,1510,0.140591387909631
289,1220,1509,0.14060284753783897
284,1219,1503,0.14061051744483755
287,1215,1502,0.14063100722570185
282,1209,1491,0.1406444555060805
283,1209,1492,0.14067097873794923
284,1213,1497,0.1406926829727779
286,1219,1505,0.14070984422619545
289,1207,1496,0.14071920382686526
289,1216,1505,0.14072031195504475
291,1209,1500,0.14072016182465988
290,1209,1499,0.1407144552893117
291,1219,1510,0.14071120815720817
293,1215,1508,0.14070657048922963
286,1214,1500,0.14069615363614602
290,1208,1498,0.14070568850524576
290,1217,1507,0.14070298634324982
291,1239,1530,0.14070011964524795
288,1231,1519,0.1406947059644169
285,1226,1511,0.14069985883833538
288,1229,1517,0.14071339684313675
287,1233,1520,0.14071826586922975
289,1234,1523,0.14072541688998264
289,1229,1518,0.14072616551720554
282,1223,1505,0.1407266218625038
287,1226,1513,0.14074636646346605
284,1225,1509,0.14075036831779505
287,1225,1512,0.14076122043033637
287,1219,1506,0.14076251616083382
282,1233,1515,0.14076299925255256
282,1232,1514,0.14077608837662342
282,1237,1519,0.14078831044863402
290,1234,1524,0.14080044186351448
288,1224,1512,0.14078979093305832
286,1234,1520,0.14078625642631107
286,1239,1525,0.1407889202255268
286,1239,1525,0.14079072832898787
288,1242,1530,0.14079078183345728
287,1239,1526,0.1407861604747059
286,1243,1529,0.14078569720056844
286,1233,1519,0.14078628039912885
284,1236,1520,0.14078777122728248
278,1232,1510,0.14079486215047493
276,1238,1514,0.1408206053486606
271,1238,1509,0.14084868218343394
267,1232,1499,0.14088986781996923
267,1237,1504,0.14093909249629463
266,1249,1515,0.1409859505345725
267,1245,1512,0.1410330071274838
267,1245,1512,0.14107512662613336
268,1246,1514,0.14111447310707712
272,1254,1526,0.14114646341867704
278,1247,1525,0.1411665201041316
271,1253,1524,0.14116901148271987
269,1245,1514,0.14119087292131505
267,1250,1517,0.14121663932868717
270,1238,1508,0.1412452339585128
264,1241,1505,0.14126444225115964
261,1256,1517,0.14129789850793328
263,1263,1526,0.14133807831970782
263,1256,1519,0.14137010111968373
269,1245,1514,0.14139897304018945
270,1244,1514,0.14141166781030307
268,1236,1504,0.14142083667866
265,1238,1503,0.1414354041646951
268,1241,1509,0.14145748730213245
267,1241,1508,0.14146964847117904
272,1248,1520,0.14148392687582612
267,1249,1516,0.14148351086850006
266,1253,1519,0.1414976813781199
263,1259,1522,0.14151378812615448
259,1263,1522,0.14153734317479302
256,1267,1523,0.1415709608310531
251,1256,1507,0.14161009774005442
254,1254,1508,0.14166050339800823
258,1252,1510,0.14169784478504333
258,1249,1507,0.14172195480536293
257,1236,1493,0.14174526775519353
257,1244,1501,0.14176976994608265
256,1253,1509,0.14179346175623153
250,1255,1505,0.1418183867663295
255,1260,1515,0.14185930378585948
252,1260,1512,0.1418833558274073
253,1265,1518,0.141913258865947
254,1264,1518,0.14193830491175013
252,1257,1509,0.14195867750096633
255,1259,1514,0.14198366255961786
252,1272,1524,0.14199935706216976
257,1272,1529,0.14202296042605586
255,1279,1534,0.14203137858177048
249,1266,1515,0.1420445415082442
249,1270,1519,0.14207319478100586
243,1263,1506,0.14210012518156712
244,1261,1505,0.14214260430231018
241,1258,1499,0.14217963858839838
243,1260,1503,0.1422229944958233
243,1267,1510,0.14225683939639927
242,1264,1506,0.1422871657623216
239,1272,1511,0.14232003561076115
236,1259,1495,0.14235969730029063
234,1272,1506,0.1424045468845671
235,1276,1511,0.14245342971544772
237,1266,1503,0.14249692764500627
235,1279,1514,0.14253180517938738
238,1285,1523,0.14257054920729256
235,1295,1530,0.14259884442396129
237,1286,1523,0.1426327292613337
234,1291,1525,0.14265933264387365
234,1297,1531,0.142693776164569
233,1282,1515,0.14272621282053602
233,1282,1515,0.1427586457268779
231,1279,1510,0.14278970018867923
228,1284,1512,0.14282463953204322
227,1286,1513,0.14286537999721208
229,1295,1524,0.14290533521409002
231,1293,1524,0.14293684998526116
233,1288,1521,0.14296029832820284
235,1289,1524,0.14297555860256256
236,1282,1518,0.14298541225221445
235,1270,1505,0.1429912441466792
233,1277,1510,0.14299957308377478
229,1274,1503,0.14301315060128825
233,1274,1507,0.14303655750184432
233,1280,1513,0.14304777025202253
232,1283,1515,0.14305835052480279
231,1271,1502,0.14307053446293125
227,1275,1502,0.14308405092318002
222,1283,1505,0.1431076009082165
220,1289,1509,0.14314324328378408
219,1295,1514,0.14318277939713325
215,1290,1505,0.14322322186470526
218,1288,1506,0.1432727860764472
217,1298,1515,0.14331035836606942
221,1294,1515,0.14334888989126418
220,1303,1523,0.14337431917838142
211,1291,1502,0.1434017574552343
220,1295,1515,0.1434511229388556
220,1308,1528,0.14347281277878932
219,1298,1517,0.14349368034904503
215,1288,1503,0.1435150632359994
217,1285,1502,0.14354583094355172
219,1309,1528,0.1435691773504639
218,1310,1528,0.14358674467545243
219,1309,1528,0.14360569274770754
213,1313,1526,0.14362116080055481
215,1310,1525,0.14365235194786205
214,1310,1524,0.14367473589667226
208,1306,1514,0.14369877165177422
210,1309,1519,0.1437369632362839
207,1318,1525,0.14376679379177346
207,1312,1519,0.14380359856517416
209,1313,1522,0.14383925275587398
211,1316,1527,0.14386627199794094
208,1308,1516,0.14388657049228168
204,1298,1502,0.1439148865503757
201,1310,1511,0.1439524707392966
202,1315,1517,0.1439957942067761
201,1314,1515,0.1440332106704547
200,1319,1519,0.14407014304067384
206,1329,1535,0.14410952668359084
201,1329,1530,0.14413158170177964
197,1315,1512,0.14416642905279362
196,1314,1510,0.14421060431638516
196,1324,1520,0.14425538767491308
197,1327,1524,0.14429724114521736
190,1323,1513,0.14433417516136354
185,1337,1522,0.1443871640454677
187,1328,1515,0.14445024628040695
182,1336,1518,0.14450394170680564
180,1334,1514,0.14456760528427087
179,1328,1507,0.14463284038655178
182,1336,1518,0.14469609782840312
186,1335,1521,0.14474764417952432
186,1328,1514,0.14478542760380064
190,1328,1518,0.14482124865872786
185,1313,1498,0.1448434292516454
185,1312,1497,0.14487757699626996
188,1309,1497,0.14490972170953526
191,1309,1500,0.14493002722016088
191,1310,1501,0.14494039666678848
190,1318,1508,0.14495079639279573
190,1322,1512,0.14496400843831383
188,1322,1510,0.144977071589488
184,1336,1520,0.14499466154346738
184,1355,1539,0.14502185232313466
184,1336,1520,0.1450480338032691
188,1331,1519,0.14507272019233208
185,1337,1522,0.14508531578730322
183,1342,1525,0.14510658984800895
184,1336,1520,0.14513192860829857
184,1329,1513,0.14515328824549567
183,1331,1514,0.14517317124295986
183,1330,1513,0.14519449898116513
183,1330,1513,0.14521367137555505
182,1332,1514,0.14523088767303427
182,1340,1522,0.14524995966453802
180,1328,1508,0.14526832058549652
177,1321,1498,0.1452907699011422
170,1329,1499,0.14531952412852409
172,1335,1507,0.14536623258602746
173,1348,1521,0.14540362204721113
170,1353,1523,0.14543572741784117
171,1359,1530,0.1454743575587826
168,1358,1526,0.14550764007606454
165,1348,1513,0.14554843227493136
164,1346,1510,0.14559598016409148
166,1343,1509,0.145642775787515
162,1342,1504,0.14568117192114807
164,1337,1501,0.14572731171845155
170,1334,1504,0.14576503992192244
177,1337,1514,0.14578280527229445
174,1342,1516,0.1457799637256895
173,1335,1508,0.1457858371023545
175,1329,1504,0.145793381545812
177,1325,1502,0.14579584852552446
175,1329,1504,0.1457927044799963
176,1327,1503,0.1457956288803405
173,1338,1511,0.14579554891233834
173,1346,1519,0.145803392309735
170,1340,1510,0.14581230421192962
169,1336,1505,0.14582892854634924
166,1328,1494,0.14584776721717932
167,1344,1511,0.14587319866900084
167,1336,1503,0.1458937365037599
169,1346,1515,0.14591270486279
172,1342,1514,0.14592480128640767
168,1342,1510,0.14592860767540164
172,1340,1512,0.14594216700182033
172,1347,1519,0.14594295527825948
173,1337,1510,0.14594420018135706
173,1329,1502,0.14594214692478807
170,1334,1504,0.14594002037350148
172,1346,1518,0.14594686597816556
169,1346,1515,0.14594799614543588
169,1340,1509,0.14595795684935728
169,1346,1515,0.14596796869867604
167,1348,1515,0.1459769923914111
168,1355,1523,0.14599158755037273
169,1334,1503,0.14600152244963116
167,1339,1506,0.1460078526425586
169,1327,1496,0.14601948525549419
170,1342,1512,0.14602490397444104
172,1341,1513,0.14602751823706178
177,1331,1508,0.1460241764677411
175,1344,1519,0.14600676225348408
172,1348,1520,0.14599697660370453
171,1345,1516,0.14599639282526095
174,1340,1514,0.1459988125364837
178,1331,1509,0.14599212430195752
178,1328,1506,0.1459749943479375
180,1332,1512,0.14595925757094994
177,1334,1511,0.14593904633777222
178,1336,1514,0.14592770513315087
178,1346,1524,0.1459142093743473
175,1333,1508,0.14590123264156776
176,1337,1513,0.14589660381729225
176,1339,1515,0.14588915053619778
178,1334,1512,0.14588222814488705
172,1339,1511,0.14586928358589632
174,1326,1500,0.14587310122076197
173,1337,1510,0.14587099224034275
173,1339,1512,0.14587268363714034
174,1338,1512,0.14587474845431803
174,1336,1510,0.1458738076333786
171,1336,1507,0.145873036910454
171,1352,1523,0.14588221845656452
168,1358,1526,0.1458907340686603
165,1346,1511,0.14590753333035994
163,1349,1512,0.14593187867022767
163,1361,1524,0.14595958859523445
163,1345,1508,0.14598543504389208
168,1344,1512,0.14601010600160977
166,1338,1504,0.14601945358427856
161,1342,1503,0.14603394675136716
160,1332,1492,0.14606093840345877
165,1338,1503,0.14608856977834647
162,1332,1494,0.14610074835018488
164,1337,1501,0.14612045764332046
167,1346,1513,0.14613326989211659
169,1332,1501,0.14613718613892904
166,1341,1507,0.14613540893624657
167,1335,1502,0.14614239193369033
166,1346,1512,0.14614602249412223
163,1345,1508,0.14615231465766593
165,1355,1520,0.14616636295126237
167,1354,1521,0.1461738464908609
168,1351,1519,0.14617428568939242
166,1353,1519,0.14617223415098857
164,1359,1523,0.14617651588994143
161,1363,1524,0.1461866895405871
164,1352,1516,0.1462042134344759
164,1349,1513,0.14621163315617186
164,1345,1509,0.14621935837218536
162,1351,1513,0.14622682550271515
161,1357,1518,0.14623877437596494
157,1350,1507,0.14625297478708668
156,1366,1522,0.1462767398624881
154,1360,1514,0.14630169798125692
153,1362,1515,0.1463304956288491
155,1362,1517,0.14636031712006525
150,1364,1514,0.1463829820569603
152,1360,1512,0.1464188841749302
148,1363,1511,0.1464467166631378
148,1367,1515,0.14648473823130714
152,1379,1531,0.1465194033075905
154,1375,1529,0.14654020774714546
152,1365,1517,0.14655422034384025
153,1366,1519,0.14657240242264638
156,1360,1516,0.1465867845725415
157,1357,1514,0.14659164066038027
151,1366,1517,0.14659410673647433
153,1368,1521,0.14661369571379926
155,1372,1527,0.14662593639210197
149,1365,1514,0.14663171639869418
149,1356,1505,0.14665338628851143
153,1360,1513,0.1466738799645154
147,1371,1518,0.14668190350510368
147,1372,1519,0.14670661094769769
149,1357,1506,0.14672924169529164
150,1357,1507,0.14674461492869587
145,1365,1510,0.14675569393908006
148,1366,1514,0.14678029221465974
150,1369,1519,0.1467957810306724
148,1378,1526,0.14680453120319192
146,1373,1519,0.14681902013484327
142,1355,1497,0.14683788432723976
144,1351,1495,0.14686637955056578
146,1353,1499,0.14688843019489864
148,1359,1507,0.14690349494601476
147,1376,1523,0.14691173095208854
146,1376,1522,0.1469224476183315
142,1379,1521,0.14693440205595945
145,1382,1527,0.14695719332095974
145,1381,1526,0.14697014229332417
141,1379,1520,0.14698232475019793
139,1383,1522,0.1470055495974142
136,1381,1517,0.1470326692834017
140,1377,1517,0.14706637435065262
139,1374,1513,0.14708637024393362
139,1382,1521,0.14710770549907334
138,1383,1521,0.14712737968663428
139,1378,1517,0.14714901410000528
139,1365,1504,0.14716662774402117
138,1377,1515,0.1471832439248703
139,1376,1515,0.14720148905715266
135,1373,1508,0.14721547419374406
139,1377,1516,0.147239835409569
139,1372,1511,0.14725136517966164
139,1360,1499,0.14726198211381353
136,1359,1495,0.14727188309413008
137,1361,1498,0.14728963730447345
137,1361,1498,0.14730313173295972
140,1356,1496,0.14731600999484984
140,1357,1497,0.14731907027464022
137,1363,1500,0.14732207989935983
135,1371,1506,0.14733400739979394
132,1373,1505,0.14735074649315824
131,1382,1513,0.14737484760499758
132,1394,1526,0.14739975212597642
133,1387,1520,0.14742022283053127
135,1403,1538,0.14743654040149934
135,1392,1527,0.14744616300051658
134,1393,1527,0.1474553153387556
134,1382,1516,0.14746710003100624
135,1394,1529,0.1474779315041282
136,1368,1504,0.14748471010581776
135,1362,1497,0.1474883546850816
135,1360,1495,0.14749363836909718
133,1372,1505,0.147498608140111
127,1383,1510,0.14750874356678445
132,1387,1519,0.14753505203639355
126,1391,1517,0.1475451335751768
126,1389,1515,0.14757231418490682
133,1389,1522,0.1475973140065211
135,1387,1522,0.14759990326599648
135,1400,1535,0.1475965007724117
136,1398,1534,0.14759302095520155
133,1386,1519,0.14758707546860633
129,1383,1512,0.1475903751394172
129,1375,1504,0.14760462362381507
130,1379,1509,0.1476178892155666
132,1390,1522,0.14762741918928113
135,1392,1527,0.14763075590997726
136,1385,1521,0.14762544722254567
133,1379,1512,0.1476176395378941
134,1367,1501,0.1476192219673937
136,1369,1505,0.1476181714065813
134,1380,1514,0.14761186361071577
139,1387,1526,0.147611872461829
136,1379,1515,0.1475981822083449
136,1383,1519,0.14759422996295096
142,1394,1536,0.14759120522149222
139,1381,1520,0.1475717167703179
139,1372,1511,0.1475621952424089
140,1371,1511,0.14755352496473642
132,1366,1498,0.147542930458095
134,1380,1514,0.1475558438832926
131,1396,1527,0.14756191449135847
129,1385,1514,0.1475765956568812
130,1370,1500,0.14759604194863438
123,1374,1497,0.1476115809905371
127,1365,1492,0.1476466240585035
127,1371,1498,0.14766764592068168
127,1375,1502,0.14768705545822022
127,1387,1514,0.1477058692268942
126,1397,1523,0.1477239260864285
126,1387,1513,0.14774336063574617
128,1390,1518,0.147761711120394
125,1397,1522,0.14777402768322434
125,1396,1521,0.14779411733063907
123,1398,1521,0.14781276255243062
123,1399,1522,0.14783599966160058
122,1406,1528,0.1478583250611125
122,1399,1521,0.14788222305984278
120,1403,1523,0.14790462989935904
122,1404,1526,0.14793117080172682
122,1404,1526,0.14795078331791586
119,1387,1506,0.1479692988141176
117,1390,1507,0.14799511979291022
116,1399,1515,0.14802484016318698
116,1410,1526,0.1480557220479767
115,1408,1523,0.14808445221211072
111,1415,1526,0.14811346359124347
112,1402,1514,0.14815171784400746
111,1395,1506,0.14818507394823913
110,1401,1511,0.14821834853295812
111,1401,1512,0.14825191516885422
111,1398,1509,0.1482801129847834
110,1415,1525,0.1483060861009021
106,1412,1518,0.1483331732792449
110,1401,1511,0.14836979358942776
111,1404,1515,0.14839268396406533
110,1411,1521,0.1484111206627054
109,1415,1524,0.14843134439864752
112,1414,1526,0.14845336287272848
114,1401,1515,0.14846497121589916
112,1404,1516,0.14846983785558562
113,1421,1534,0.1484806014396478
111,1409,1520,0.14848789728943362
106,1417,1523,0.14850046537336567
106,1410,1516,0.14852645165227074
110,1395,1505,0.14855061614821097
109,1403,1512,0.14856160784102795
108,1403,1511,0.1485746160582044
108,1399,1507,0.14858970577687775
110,1392,1502,0.14860364750409777
111,1399,1510,0.14861086327645465
113,1400,1513,0.14861455992944786
113,1386,1499,0.14861221430592025
115,1396,1511,0.1486101793490744
115,1389,1504,0.14860248035425944
113,1400,1513,0.14859527110087606
113,1406,1519,0.14859414483489453
113,1399,1512,0.1485931424103798
116,1402,1518,0.14859222969131952
116,1397,1513,0.14858252371253663
116,1395,1511,0.14857379861340983
117,1397,1514,0.14856573957520425
118,1390,1508,0.14855541999715807
115,1394,1509,0.1485427154435257
117,1396,1513,0.14853927773738332
119,1375,1494,0.14852996042846667
120,1383,1503,0.14851543606771833
117,1384,1501,0.14849871439618653
112,1391,1503,0.14849189731762802
113,1397,1510,0.14850000612454956
115,1394,1509,0.1485045064803269
113,1394,1507,0.14850281171331903
110,1399,1509,0.14850662563311245
112,1396,1508,0.14851852234403398
116,1386,1502,0.14852366464222005
119,1387,1506,0.14851686017282595
119,1390,1509,0.1485017462163242
119,1409,1528,0.14848788750371067
117,1404,1521,0.1484747435580241
116,1391,1507,0.14846818924880492
115,1392,1507,0.14846497305820386
112,1410,1522,0.14846519767329933
112,1416,1528,0.14847392180390565
111,1417,1528,0.14848194910247933
113,1410,1523,0.14849249342917825
113,1418,1531,0.14849660113008858
111,1411,1522,0.14850076760113862
107,1408,1515,0.14851061590761128
108,1416,1524,0.14853175267460578
111,1411,1522,0.14854862435506605
110,1409,1519,0.14855616736958968
108,1409,1517,0.14856614408398033
108,1402,1510,0.14858107058126818
107,1403,1510,0.14859505786170035
109,1414,1523,0.14861115869297958
108,1402,1510,0.1486205002181737
103,1399,1502,0.14863189125781662
103,1402,1505,0.1486572389509653
104,1407,1511,0.14868074166882025
109,1411,1520,0.1486999622824854
109,1412,1521,0.14870353151087318
109,1408,1517,0.1487070809113449
106,1410,1516,0.14871062745051022
104,1396,1500,0.1487225980066825
104,1411,1515,0.1487395411319667
104,1406,1510,0.14875521243661688
100,1403,1503,0.14877008010841916
104,1397,1501,0.148795669809889
104,1406,1510,0.14880732840259103
102,1401,1503,0.14881852597382178
103,1402,1505,0.14883483425697588
103,1409,1512,0.14884730851753614
104,1406,1510,0.14885845684808569
104,1417,1521,0.1488656326536368
101,1419,1520,0.14887265034279248
103,1411,1514,0.14888831537631078
100,1422,1522,0.14889711982545603
102,1416,1518,0.14891439946603596
105,1424,1529,0.14892493945306787
104,1420,1524,0.1489263884793982
103,1427,1530,0.1489308329668682
103,1430,1533,0.1489379181446808
106,1413,1519,0.14894460529388756
105,1416,1521,0.14894260152258304
104,1417,1521,0.1489441191284633
102,1416,1518,0.14894831597410516
100,1400,1500,0.1489587543545643
100,1421,1521,0.14897470594190726
98,1410,1508,0.1489901719907478
97,1409,1506,0.14901100764154238
96,1425,1521,0.1490344019795254
95,1411,1506,0.1490589599959388
94,1416,1510,0.14908479169432634
95,1424,1519,0.14911196560108203
93,1432,1525,0.14913484430690133
96,1430,1526,0.1491619433348009
98,1432,1530,0.14917863528737868
94,1428,1522,0.1491887907201293
95,1428,1523,0.14920966372823163
95,1415,1510,0.14922586288983747
92,1432,1524,0.14924109393818438
92,1425,1517,0.14926410924235559
88,1423,1511,0.1492853367235918
91,1435,1526,0.149317014126887
90,1426,1516,0.14933762689560118
89,1440,1529,0.14935994309508413
87,1430,1517,0.1493840861054169
81,1432,1513,0.14941260540944928
82,1424,1506,0.14945672823392486
81,1428,1509,0.14949480610738897
82,1429,1511,0.14953304906115986
80,1431,1511,0.14956550949827924
80,1429,1509,0.1496016786302272
80,1434,1514,0.14963545842116985
79,1441,1520,0.14966696530295356
78,1442,1520,0.14969922991008033
79,1440,1519,0.14973195991675414
81,1431,1512,0.14975960010670428
80,1447,1527,0.1497796761383747
80,1426,1506,0.1498013330730912
80,1414,1494,0.14982159416298563
80,1425,1505,0.14984060283478065
76,1434,1510,0.1498583663223305
75,1433,1508,0.149886555023816
77,1423,1500,0.14991568668915606
76,1433,1509,0.14993713738748748
77,1427,1504,0.14996009049890457
78,1435,1513,0.14997854274865882
77,1433,1510,0.149992918636482
75,1428,1503,0.15000956239898686
75,1425,1500,0.1500311143511137
76,1436,1512,0.15005150403705372
76,1439,1515,0.1500672161756313
77,1441,1518,0.15008216048650197
78,1443,1521,0.15009308482040915
78,1436,1514,0.15010043372489978
78,1433,1511,0.15010734422092425
78,1438,1516,0.15011434877292004
78,1441,1519,0.15012101316408671
80,1442,1522,0.1501272343102345
81,1446,1527,0.15012715496350432
82,1431,1513,0.15012432131446624
80,1429,1509,0.1501185809159325
76,1434,1510,0.15011913985592196
73,1444,1517,0.15013197918094412
71,1440,1511,0.15015337802802747
72,1442,1514,0.150179438721801
71,1446,1517,0.1502007717937693
73,1450,1523,0.15022367609445522
73,1455,1528,0.1502391300828437
71,1461,1532,0.15025365953829117
71,1466,1537,0.150273224777996
72,1454,1526,0.15029169558717656
70,1453,1523,0.1503059395788635
69,1445,1514,0.15032531266023116
68,1456,1524,0.1503464207992516
68,1449,1517,0.15036915622959715
67,1452,1519,0.15039042269819833
69,1446,1515,0.15041298259327943
69,1448,1517,0.15042823452339088
67,1446,1513,0.15044250337178902
67,1458,1525,0.15046170346995155
66,1446,1512,0.15047951827695272
65,1448,1513,0.1504992253307687
64,1449,1513,0.15052043892385886
67,1451,1518,0.1505434434239363
69,1445,1514,0.15055605929292903
69,1443,1512,0.15056170199733804
70,1447,1517,0.15056701335649716
69,1452,1521,0.1505690932723065
70,1459,1529,0.15057378216289938
69,1459,1528,0.15057549769017675
64,1461,1525,0.15057988471484493
65,1455,1520,0.15059883006074606
62,1462,1524,0.15061381326638035
60,1466,1526,0.15063687558399508
60,1465,1525,0.1506646241146708
61,1459,1520,0.15069051729001864
61,1466,1527,0.1507117021547384
62,1456,1518,0.1507313212115297
63,1465,1528,0.15074669544118763
64,1462,1526,0.15075814285691339
65,1457,1522,0.1507658739972326
65,1453,1518,0.15077022902645962
66,1455,1521,0.1507740833520133
63,1459,1522,0.15077475657302983
62,1459,1521,0.15078446752009525
61,1465,1526,0.15079657957575107
60,1453,1513,0.15081091497759214
60,1444,1504,0.15082714479172263
59,1454,1513,0.15084224014763567
59,1440,1499,0.15085949069157856
56,1439,1495,0.1508759245539752
55,1450,1505,0.15090036881603072
56,1459,1515,0.15092649006911485
55,1452,1507,0.15094803489843578
54,1452,1506,0.15097105862755875
56,1450,1506,0.15099562426644073
54,1453,1507,0.15101263424188294
53,1445,1498,0.15103453182296708
54,1440,1494,0.1510580796726342
54,1453,1507,0.15107741391900023
57,1454,1511,0.1510954792616431
59,1451,1510,0.1511034498246501
61,1445,1506,0.15110501096967352
64,1440,1504,0.15110032586284747
65,1449,1514,0.15108674757683305
64,1465,1529,0.15107109694517815
61,1460,1521,0.1510597994678162
62,1464,1526,0.1510583056847525
63,1456,1519,0.1510537994291711
64,1456,1520,0.15104662579848507
63,1452,1515,0.15103706324027705
63,1459,1522,0.15103127284738138
63,1452,1515,0.15102603107992268
61,1462,1523,0.15102115993646414
63,1452,1515,0.1510227225898072
65,1459,1524,0.15101822730275366
65,1468,1533,0.15100826231821748
67,1472,1539,0.15099919277781193
64,1467,1531,0.1509845674255555
63,1465,1528,0.150979882465487
63,1466,1529,0.15097854350720716
64,1471,1535,0.15097717959256213
61,1453,1514,0.15097304510202122
60,1466,1526,0.15097800528983618
63,1449,1512,0.1509855492227136
64,1446,1510,0.1509837978486155
61,1446,1507,0.15097917684795578
60,1451,1511,0.1509838061841143
60,1450,1510,0.15099096896357947
58,1453,1511,0.15099757650603818
57,1467,1524,0.15100980107400333
52,1471,1523,0.15102393164186279
51,1470,1521,0.15105190346167519
51,1452,1503,0.151081040259288
50,1467,1517,0.1511083358003412
56,1462,1518,0.1511368487872962
55,1468,1523,0.15114561098319107
52,1473,1525,0.15115696824190913
52,1474,1526,0.15117656396261187
50,1466,1516,0.1511949566107669
49,1480,1529,0.1512180982044057
51,1472,1523,0.1512428211626377
52,1466,1518,0.15125993844645816
55,1468,1523,0.15127276400870918
52,1470,1522,0.1512759122689038
52,1459,1511,0.1512877348944868
51,1466,1517,0.15129882169255007
51,1480,1531,0.15131218136959826
49,1470,1519,0.1513248607023537
48,1465,1513,0.1513426195705791
47,1469,1516,0.15136231742504683
46,1480,1526,0.1513837087112301
47,1471,1518,0.15140680118890995
47,1462,1509,0.1514254932540496
50,1459,1509,0.1514430189475344
50,1459,1509,0.15145025630469358
49,1460,1509,0.15145709861990764
49,1444,1493,0.1514666108552667
50,1450,1500,0.15147527527722604
51,1457,1508,0.151480333356132
51,1452,1503,0.15148218890082052
50,1450,1500,0.15148389978989615
51,1462,1513,0.15148863638341512
50,1468,1518,0.15148999141724415
50,1475,1525,0.1514944741175995
52,1477,1529,0.15149868747286985
51,1475,1526,0.15149672324780133
49,1464,1513,0.15149807285814518
48,1460,1508,0.15150541321094507
48,1468,1516,0.15151510029644108
48,1481,1529,0.15152408758003105
48,1477,1525,0.1515324842549669
49,1470,1519,0.15154042896530417
48,1472,1520,0.15154461083531184
46,1465,1511,0.15155156930289526
46,1471,1517,0.15156414551802042
48,1476,1524,0.1515759140883777
47,1468,1515,0.15158100712980935
48,1472,1520,0.15158865243806693
47,1473,1520,0.15159283477936233
46,1460,1506,0.15159975653502764
46,1459,1505,0.15160917316801747
47,1455,1502,0.15161804697948236
44,1471,1515,0.15162324550766276
46,1462,1508,0.15163716791043053
46,1476,1522,0.1516440652781599
43,1472,1515,0.1516505680087106
44,1465,1509,0.15166586939316745
41,1474,1515,0.15167707674660103
40,1475,1515,0.15169684740272685
41,1477,1518,0.1517185424179234
41,1480,1521,0.15173581094542687
40,1482,1522,0.15175195640217826
41,1482,1523,0.15177012462914014
39,1471,1510,0.15178414158582917
42,1485,1527,0.151803423779346
39,1481,1520,0.15181224024044757
39,1489,1528,0.15182972076654877
38,1482,1520,0.15184611034179324
36,1493,1529,0.1518643449817826
39,1496,1535,0.15188770254713255
38,1495,1533,0.15190052021858913
39,1479,1518,0.151915672126618
40,1484,1524,0.15192680731877903
40,1482,1522,0.1519341685337589
40,1480,1520,0.15194106142929265
37,1463,1500,0.1519475259631429
36,1472,1508,0.1519627370086799
36,1479,1515,0.15197991193819466
33,1476,1509,0.1519960381058506
35,1487,1522,0.1520203985263154
36,1469,1505,0.1520372547439241
37,1476,1513,0.15205019384609286
35,1464,1499,0.15205925950489657
34,1474,1508,0.15207387607544476
35,1482,1517,0.1520906941637249
36,1480,1516,0.1521033121923147
36,1476,1512,0.15211204187582042
36,1467,1503,0.1521202392793617
34,1468,1502,0.15212792387313506
33,1473,1506,0.1521414030782918
34,1466,1500,0.15215707926876385
34,1479,1513,0.15216864237339564
34,1476,1510,0.15217926238605334
35,1483,1518,0.1521892233911381
37,1474,1511,0.15219565985159839
35,1477,1512,0.15219567064983708
33,1480,1513,0.15220176745183117
35,1483,1518,0.1522136759469904
35,1486,1521,0.15221874834941315
37,1486,1523,0.15222329335096765
38,1487,1525,0.15222165203478294
38,1479,1517,0.15221703216988736
37,1478,1515,0.1522126552263784
34,1474,1508,0.15221154154870165
33,1485,1518,0.15221958405197905
35,1483,1518,0.15223024194893417
34,1485,1519,0.15223403341764752
36,1479,1515,0.15224050650126877
36,1487,1523,0.15224051576254122
33,1478,1511,0.15224062547402487
31,1479,1510,0.15225009378299176
30,1472,1502,0.15226506039320878
31,1464,1495,0.1522822802427079
33,1475,1508,0.15229533189925326
34,1488,1522,0.15230164624800188
34,1485,1519,0.15230443810482255
34,1479,1513,0.15230720349596882
33,1482,1515,0.152309927078191
34,1491,1525,0.15231548163133998
33,1478,1511,0.15231775617323076
34,1482,1516,0.15232293908146088
33,1481,1514,0.1523247071609157
34,1473,1507,0.1523291553463843
34,1485,1519,0.15233017561035106
32,1474,1506,0.1523311445274042
35,1485,1520,0.15233822990894608
35,1486,1521,0.15233554105363886
35,1488,1523,0.15233300906005826
35,1496,1531,0.15233063667361402
34,1491,1525,0.15232841549192927
35,1486,1521,0.15232949097827422
36,1481,1517,0.15232743512288116
34,1469,1503,0.1523224371245736
37,1482,1519,0.15232382124148713
36,1482,1518,0.15231591606931896
34,1493,1527,0.15231147131006598
34,1503,1537,0.15231348617594986
33,1503,1536,0.15231533303695918
34,1502,1536,0.1523200843299985
34,1490,1524,0.15232146243270084
35,1475,1510,0.15232289706052174
33,1480,1513,0.15232113192944038
33,1478,1511,0.15232559582661742
35,1473,1508,0.15232980485996905
34,1477,1511,0.15232756719495846
34,1481,1515,0.15232869653669737
32,1484,1516,0.15232977257140543
29,1488,1517,0.15233681002104218
28,1485,1513,0.15235287292383953
27,1479,1506,0.15237105634164774
25,1476,1501,0.1523911136824313
25,1481,1506,0.15241623906750262
24,1486,1510,0.1524397685888898
25,1492,1517,0.15246501303300988
25,1505,1530,0.15248595291108993
27,1504,1531,0.15250556193128081
26,1505,1531,0.15251788796241628
27,1504,1531,0.15253261278150457
26,1496,1522,0.15254330160015528
26,1490,1516,0.15255626679825846
28,1471,1499,0.15256846249741648
28,1478,1506,0.1525738837274482
27,1484,1511,0.15257899001747227
27,1470,1497,0.15258673054817748
28,1475,1503,0.1525941080379084
28,1481,1509,0.15259813607159653
27,1490,1517,0.15260173105913896
26,1480,1506,0.15260811133631977
27,1471,1498,0.15261719923652836
27,1477,1504,0.15262253986476876
26,1472,1498,0.1526275616582544
25,1485,1510,0.1526354453353241
24,1493,1517,0.15264598134447474
24,1482,1506,0.15265903995790886
22,1493,1515,0.15267150772645338
21,1495,1516,0.15268948752123435
22,1498,1520,0.1527092983494298
21,1501,1522,0.1527247646673786
20,1491,1511,0.1527424903391976
17,1488,1505,0.15276235083772288
16,1493,1509,0.15279028544769913
17,1491,1508,0.1528195866565853
15,1489,1504,0.1528440667452631
15,1493,1508,0.15287323508992284
15,1482,1497,0.15290066064250368
12,1499,1511,0.1529264425099749
11,1498,1509,0.15296008505674868
12,1503,1515,0.15299489932849186
14,1500,1514,0.15302442692747406
15,1514,1529,0.15304612518924138
15,1511,1526,0.15306342809275697
15,1505,1520,0.15307970324044226
15,1506,1521,0.15309500770403475
15,1520,1535,0.1531093996341868
14,1513,1527,0.15312293304334593
14,1512,1526,0.1531388780530021
14,1506,1520,0.15315386927024732
16,1499,1515,0.15316796560357734
16,1497,1513,0.1531752185082613
17,1497,1514,0.15318207241093768
15,1491,1506,0.15318551744631237
15,1491,1506,0.15319481764034276
15,1483,1498,0.15320355420908868
15,1485,1500,0.153211729243835
14,1486,1500,0.15321940953753757
13,1502,1515,0.15322968189294595
13,1498,1511,0.15324254914927382
13,1504,1517,0.1532546397702532
13,1503,1516,0.15326600380036404
12,1520,1532,0.1532766869915162
12,1518,1530,0.15328975969809414
12,1513,1525,0.15330204320798424
12,1516,1528,0.1533136714945078
12,1521,1533,0.15332466888453183
11,1517,1528,0.15333502357777626
11,1512,1523,0.15334769513576368
12,1502,1514,0.1533596391272744
12,1492,1504,0.15336792469905203
12,1486,1498,0.1533757023964361
11,1494,1505,0.1533830195253108
12,1501,1513,0.15339285554700313
11,1508,1519,0.15339916598205686
10,1509,1519,0.15340806748445865
12,1508,1520,0.15341943205235697
12,1499,1511,0.15342394663574385
12,1508,1520,0.15342817453716617
12,1504,1516,0.1534321456365902
12,1493,1505,0.153435878789633
13,1500,1513,0.15343938978152277
13,1492,1505,0.15343951879887385
13,1508,1521,0.15343965600632326
12,1503,1515,0.15343978449364354
12,1507,1519,0.15344288237939693
12,1490,1502,0.15344582244266947
11,1497,1508,0.15344858882312729
10,1497,1507,0.1534544041070337
10,1509,1519,0.15346285250498437
11,1513,1524,0.15347084210454923
10,1510,1520,0.15347527361938554
10,1506,1516,0.1534825739920144
10,1495,1505,0.15348944471918555
10,1502,1512,0.1534959111670788
10,1497,1507,0.15350199474229653
10,1486,1496,0.15350771715370243
11,1497,1508,0.15351309937700536
10,1506,1516,0.1535151620213329
10,1510,1520,0.1535201640150254
10,1495,1505,0.15352486371505444
10,1492,1502,0.1535292846694072
11,1505,1516,0.1535334427124326
11,1513,1524,0.15353426807052595
11,1509,1520,0.1535350524130697
11,1504,1515,0.15353560178104678
11,1512,1523,0.15353610399915177
10,1504,1514,0.15353658455724453
11,1505,1516,0.15354026806873994
11,1491,1502,0.1535405207547926
9,1501,1510,0.15354075316152524
9,1509,1518,0.15354721330036522
9,1512,1521,0.1535532900357446
9,1516,1525,0.15355916161277125
8,1509,1517,0.15356469836108239
8,1498,1506,0.1535731420157912
8,1525,1533,0.15358109981140924
8,1524,1532,0.15358858558974064
8,1517,1525,0.15359562367320784
8,1524,1532,0.15360224023860222
8,1525,1533,0.15360846051714505
8,1520,1528,0.15361430835116405
8,1523,1531,0.15361980616482998
9,1512,1521,0.15362497502260333
8,1506,1514,0.15362662755213344
8,1508,1516,0.15363129457507235
9,1504,1513,0.1536356850481346
9,1507,1516,0.15363665625046566
9,1504,1513,0.15363756382004606
8,1510,1518,0.15363841111147183
7,1513,1520,0.15364239948983335
8,1514,1522,0.15364936948522648
8,1498,1506,0.15365272743898337
7,1498,1505,0.1536559114226499
7,1513,1520,0.1536620560257041
8,1512,1520,0.15366784417135385
8,1508,1516,0.1536701412891722
8,1496,1504,0.15367229747116462
9,1504,1513,0.15367431990833536
9,1505,1514,0.15367302991668352
9,1517,1526,0.1536718389559405
8,1522,1530,0.1536707208085597
8,1514,1522,0.15367293570558826
7,1505,1512,0.15367503689057035
6,1518,1524,0.15368018728051341
6,1515,1521,0.15368816635254426
6,1523,1529,0.15369565262164758
5,1534,1539,0.15370269273057766
5,1535,1540,0.15371239386167454
4,1505,1509,0.153721565275131
4,1498,1502,0.1537333999088253
3,1505,1508,0.15374452010480627
3,1514,1517,0.15375807553420223
3,1524,1527,0.15377084204269162
3,1522,1525,0.15378286339745703
3,1517,1520,0.15379417936205753
4,1523,1527,0.15380482947717306
3,1529,1532,0.15381174518360965
3,1542,1545,0.1538213638440385
3,1531,1534,0.1538304140335766
3,1528,1531,0.15383893194715267
2,1508,1510,0.1538469473158937
2,1501,1503,0.15385760140679527
2,1507,1509,0.15386767960048173
2,1498,1500,0.15387717447296503
2,1515,1517,0.15388611408597996
2,1540,1542,0.1538945287518742
2,1540,1542,0.1539024482156149
2,1518,1520,0.15390990098928956
2,1513,1515,0.15391691416557202
2,1514,1516,0.15392351338681373
2,1514,1516,0.1539297228739335
2,1514,1516,0.1539355654795516
2,1504,1506,0.15394106275058064
2,1509,1511,0.15394623499370166
2,1512,1514,0.1539511013406768
2,1519,1521,0.15395567981204913
1,1517,1518,0.15395998737853703
1,1520,1521,0.15396725110644624
1,1519,1520,0.15397408111855382
1,1519,1520,0.15398051370675567
1,1518,1519,0.15398657053826362
1,1517,1518,0.15399227246278396
1,1530,1531,0.153997639570372
1,1520,1521,0.15400269105428058
1,1514,1515,0.15400744515213727
1,1507,1508,0.15401191913765483
1,1502,1503,0.15401612933948555
1,1519,1520,0.15402009117397156
1,1514,1515,0.15402381918450428
1,1517,1518,0.15402732708352243
1,1509,1510,0.15403062779500373
1,1514,1515,0.15403373349630206
1,1515,1516,0.1540366556587277
1,1513,1514,0.15403940508656358
1,1511,1512,0.15404199195437332
1,1503,1504,0.15404442584254907
1,1497,1498,0.1540467157710965
1,1500,1501,0.15404887023168595
1,1505,1506,0.1540508972180159
1,1508,1509,0.15405280425454543
1,1516,1517,0.15405459842365854
1,1497,1498,0.15405628639132798
1,1497,1498,0.1540578744313451
1,1505,1506,0.1540593684481853
1,1497,1498,0.1540607739985765
1,1498,1499,0.15406209631183682
1,1498,1499,0.15406334030904584
1,1498,1499,0.15406451062111245
1,1502,1503,0.15406561160579854
0,1513,1513,0.15406664736375672
