1382,29,1411,0.13584038470908477
1409,31,1440,0.13297914560019974
1437,30,1467,0.13029332104982325
1443,30,1473,0.12776849473964982
1445,29,1474,0.12545112475917314
1463,29,1492,0.1233339888713343
1463,29,1492,0.12135884404043037
1465,30,1495,0.1195599442494633
1468,28,1496,0.11791612682875106
1459,30,1489,0.11641133437021402
1454,30,1484,0.11506310227496769
1445,32,1477,0.11384654235594649
1456,31,1487,0.11275980196462658
1459,31,1490,0.11174373915333818
1455,30,1485,0.11081091946877826
1448,29,1477,0.10997031387625852
1466,32,1498,0.10922100062476875
1477,33,1510,0.10849686795653604
1476,33,1509,0.10781205366456781
1475,34,1509,0.10719123204382966
1462,36,1498,0.10662797408173112
1459,34,1493,0.106144154082385
1467,34,1501,0.10571004265968048
1467,33,1500,0.10529661990666049
1465,33,1498,0.10492039968650342
1466,30,1496,0.10458204556279543
1469,30,1499,0.10427163743038015
1458,30,1488,0.10398249677954871
1455,29,1484,0.10374345753296751
1457,29,1486,0.10353243640535918
1456,33,1489,0.10333592480497955
1467,33,1500,0.10315896989522838
1476,34,1510,0.10297404698038813
1477,36,1513,0.10278642261611619
1480,36,1516,0.10261327644327327
1465,37,1502,0.10244931759723819
1445,37,1482,0.10233224382145772
1445,35,1480,0.10226841495116279
1432,36,1468,0.10221045547502688
1432,38,1470,0.10218573842676452
1434,40,1474,0.10216272725023287
1442,40,1482,0.10213742818730795
1443,40,1483,0.10209739310550586
1448,37,1485,0.10205913464815826
1468,36,1504,0.10201338512882023
1466,37,1503,0.10192893885901425
1446,36,1482,0.10185591687670381
1438,39,1477,0.10183233773586682
1438,38,1476,0.10182827830053906
1451,37,1488,0.1018248435901137
1432,36,1468,0.10179357819083414
1444,37,1481,0.10180564985546404
1455,39,1494,0.1017910338658579
1456,38,1494,0.10175417217962539
1449,37,1486,0.10171808778815336
1442,39,1481,0.10170020040370914
1435,39,1474,0.10169916417651374
1444,36,1480,0.10171324038496017
1443,38,1481,0.10170694233008735
1425,40,1465,0.10170288499178394
1438,38,1476,0.1017379830218986
1441,34,1475,0.1017420682744562
1462,36,1498,0.10173899985682193
1456,39,1495,0.1016913237364221
1461,40,1501,0.10166066877233945
1452,37,1489,0.10162260774836153
1453,38,1491,0.10160703513039904
1459,38,1497,0.10159053322678314
1469,36,1505,0.10156311045457485
1466,35,1501,0.1015171610566902
1463,37,1500,0.10148139411969469
1468,39,1507,0.10145543365087302
1457,39,1496,0.10142111111724432
1459,40,1499,0.10141278199713095
1453,39,1492,0.10140141976398781
1452,38,1490,0.10140346094668302
1460,41,1501,0.10140716655951668
1441,40,1481,0.10139362866759317
1445,39,1484,0.1014221707625384
1439,40,1479,0.10143940395928762
1436,41,1477,0.10146821279297637
1443,42,1485,0.10150113396918016
1445,40,1485,0.10151571105951454
1446,40,1486,0.10152495692071518
1453,40,1493,0.1015311764389175
1433,41,1474,0.10152170860038717
1431,41,1472,0.1015560896711652
1436,40,1476,0.10159155882497016
1435,38,1473,0.10161281905143892
1449,41,1490,0.10163464676389218
1448,45,1493,0.10162511123435436
1439,47,1486,0.10161833243672859
1437,47,1484,0.10163132158710404
1434,50,1484,0.10164745285195209
1433,49,1482,0.10166809214599043
1441,50,1491,0.10168918317733013
1457,50,1507,0.10169116763084075
1452,50,1502,0.10165871981717109
1437,52,1489,0.10164030541258644
1444,51,1495,0.10165569699219155
1442,52,1494,0.10165526753931989
1422,51,1473,0.10165931599200309
1428,50,1478,0.10170521557774062
1417,51,1468,0.10173436210274915
1411,48,1459,0.10178422878900166
1417,47,1464,0.10184325726686552
1439,50,1489,0.10188412511764325
1435,51,1486,0.10187454301474907
1433,52,1485,0.10187419000810567
1427,55,1482,0.10187777689954709
1427,53,1480,0.10189433260725415
1425,54,1479,0.10190917874325685
1435,54,1489,0.10192654028929099
1442,54,1496,0.10192148774335084
1437,54,1491,0.10190211922681008
1430,51,1481,0.10189421531542997
1434,49,1483,0.10190258792901861
1427,50,1477,0.10190147208397103
1433,47,1480,0.10191525675413476
1445,47,1492,0.10191495138643351
1444,46,1490,0.10188898826857772
1452,45,1497,0.10186760418052175
1448,47,1495,0.10183088572252032
1448,48,1496,0.10180581973871253
1446,48,1494,0.10178274085679043
1442,50,1492,0.10176593725513053
1443,50,1493,0.10175920476601881
1457,51,1508,0.10175050556328337
1452,54,1506,0.10171312228811381
1453,52,1505,0.10168955342292754
1436,52,1488,0.10166614725491614
1423,54,1477,0.10168111694645333
1438,55,1493,0.10172332348983402
1434,56,1490,0.10172930967464086
1420,57,1477,0.1017436082129829
1439,58,1497,0.10178677671938206
1434,57,1491,0.1017854182400928
1439,57,1496,0.10179473521020854
1459,55,1514,0.10179267048501782
1452,54,1506,0.10174851662981127
1432,53,1485,0.10172272829309387
1435,53,1488,0.1017421870842799
1436,56,1492,0.10175355044082975
1424,60,1484,0.10176159025070863
1425,58,1483,0.10179474059816865
1409,57,1466,0.10182277598022361
1412,59,1471,0.10188269792122405
1413,63,1476,0.10193105039334466
1415,63,1478,0.10197312129169948
1426,66,1492,0.10200708459958122
1433,66,1499,0.10201458196035088
1430,66,1496,0.10200657475530349
1434,66,1500,0.10200607548476298
1428,64,1492,0.10199723260589408
1422,63,1485,0.1020021716512061
1404,65,1469,0.102019324535567
1411,66,1477,0.10207341831022268
1403,66,1469,0.10210731155630892
1400,67,1467,0.10215532201888798
1415,68,1483,0.10220582602878536
1424,69,1493,0.10221954013553657
1434,71,1505,0.10221289791221055
1431,73,1504,0.10218556909454589
1430,74,1504,0.1021673904755951
1422,71,1493,0.10215263998107091
1421,73,1494,0.10215647225967689
1426,76,1502,0.10216272707446805
1423,77,1500,0.10215733939234932
1430,79,1509,0.10215931632533355
1433,77,1510,0.10214594834513142
1430,76,1506,0.10212744876706684
1417,72,1489,0.10211748231767778
1422,71,1493,0.10213593844876705
1434,70,1504,0.10214231448646789
1425,74,1499,0.1021222344753076
1423,73,1496,0.1021231462176009
1417,75,1492,0.10212818546828081
1432,75,1507,0.10214575796399887
1418,76,1494,0.10212967798341553
1426,75,1501,0.10214487981239119
1425,75,1500,0.10214246309867374
1428,78,1506,0.10214176987138462
1422,81,1503,0.10213427737520198
1427,80,1507,0.10214020327384243
1416,80,1496,0.10213501288755154
1407,80,1487,0.1021537988161283
1401,79,1480,0.10219076678502524
1404,81,1485,0.10223685627950932
1413,78,1491,0.10227209315008565
1400,78,1478,0.10228492479266382
1404,78,1482,0.10232461803174527
1408,80,1488,0.10235227506526177
1410,82,1492,0.102368807438028
1402,84,1486,0.10238005645508991
1393,84,1477,0.10240737366389041
1389,82,1471,0.10245222705898467
1398,80,1478,0.10250105641065352
1396,82,1478,0.10252697871325694
1396,80,1476,0.10255512688392664
1403,86,1489,0.10258082421229496
1411,85,1496,0.10258927878597841
1402,86,1488,0.10258007920059749
1411,84,1495,0.1025912749955348
1413,84,1497,0.10258179866492402
1421,85,1506,0.10256904541890911
1417,86,1503,0.10254033056589419
1414,86,1500,0.10252280962443987
1424,87,1511,0.10251336109528761
1409,87,1496,0.10248361663428429
1416,85,1501,0.10248864839806388
1408,86,1494,0.10247758171459168
1404,87,1491,0.10248489851816353
1399,89,1488,0.10250035695613793
1406,87,1493,0.10252547591807783
1405,89,1494,0.10253340392466757
1408,85,1493,0.10254314334752426
1409,90,1499,0.10254585236772218
1401,89,1490,0.10254668823768959
1401,95,1496,0.10256445088206395
1398,92,1490,0.10258124622486417
1399,94,1493,0.10260352237407407
1404,97,1501,0.10262165202810643
1403,93,1496,0.10262761222111656
1411,96,1507,0.10263507821985816
1400,95,1495,0.10262423429443829
1395,97,1492,0.1026378761832041
1394,95,1489,0.10266076758333993
1391,94,1485,0.10268473565991548
1390,95,1485,0.10271296407982827
1396,99,1495,0.10274104507129386
1390,98,1488,0.10275364872619894
1388,96,1484,0.10277806211314512
1403,96,1499,0.10280488872815464
1389,95,1484,0.10279727946736593
1395,94,1489,0.10282084314655535
1375,99,1474,0.1028283066647829
1376,99,1475,0.10287835659176661
1379,101,1480,0.10292245272239917
1372,102,1474,0.10295655752689024
1371,102,1473,0.10300357095529865
1381,100,1481,0.1030486342130835
1381,101,1482,0.1030682157065257
1382,104,1486,0.1030853367084555
1384,103,1487,0.10309938409108294
1381,102,1483,0.10310808474552297
1389,104,1493,0.10312147221376744
1387,101,1488,0.10311599042773151
1381,100,1481,0.1031157287167638
1394,97,1491,0.10312766532593269
1398,103,1501,0.10310978080435365
1398,97,1495,0.1030851277351158
1398,100,1498,0.1030629000592503
1395,98,1493,0.10304201181554147
1395,99,1494,0.10302967739231886
1405,102,1507,0.10301904851125154
1404,102,1506,0.10298779005281719
1409,103,1512,0.10296147508739001
1410,101,1511,0.10292677829062713
1417,102,1519,0.10289272225273088
1416,99,1515,0.1028469657168538
1397,103,1500,0.1028069219559794
1396,99,1495,0.1028115811224684
1395,98,1493,0.10281793687757311
1390,100,1490,0.1028257733867179
1379,103,1482,0.10284384809012774
1370,110,1480,0.10288425103946378
1367,109,1476,0.10294022825972554
1361,108,1469,0.10299809778854377
1368,105,1473,0.10306350311484395
1367,107,1474,0.10310908924390137
1372,112,1484,0.10315226382767322
1373,112,1485,0.10318088944785522
1365,114,1479,0.10320512698261002
1361,115,1476,0.10324500626070673
1375,117,1492,0.10329013098476497
1367,117,1484,0.10330175460938656
1387,115,1502,0.10332967148887778
1386,116,1502,0.1033119760052055
1393,117,1510,0.10329738374636395
1387,121,1508,0.10326939136043554
1387,120,1507,0.1032572794458316
1389,124,1513,0.10324539090360318
1384,119,1503,0.10323039798347092
1383,120,1503,0.1032276353279138
1389,121,1510,0.10322690750313963
1373,121,1494,0.10321332435368895
1376,120,1496,0.10323559821850278
1379,123,1502,0.10324956625260885
1382,125,1507,0.1032564419531922
1380,123,1503,0.10325585156065714
1378,124,1502,0.10325951534719174
1388,124,1512,0.10326738395158927
1389,127,1516,0.10325280762341298
1382,122,1504,0.10323734281223668
1366,120,1486,0.10323807333861264
1380,122,1502,0.10327368118645934
1379,127,1506,0.10327691101268044
1365,129,1494,0.10328138642424645
1360,129,1489,0.10331557278110058
1380,131,1511,0.10335774859273901
1371,134,1505,0.10335342459646232
1363,132,1495,0.1033694687954555
1373,132,1505,0.10340181571538415
1369,132,1501,0.10340922293319153
1373,129,1502,0.10342508848121183
1372,133,1505,0.10343035808968018
1360,134,1494,0.10343749950638513
1347,135,1482,0.10346976211855566
1343,138,1481,0.1035271659250926
1344,138,1482,0.10358869029848858
1341,139,1480,0.10364248684845422
1347,143,1490,0.1036986184741588
1355,146,1501,0.10373670687122835
1356,146,1502,0.10375443325497749
1348,147,1495,0.10376780628559945
1352,149,1501,0.10379745775269282
1346,149,1495,0.10381646393317995
1360,149,1509,0.10384764215442392
1361,147,1508,0.10384497556190382
1364,143,1507,0.10384076562096844
1362,143,1505,0.10383134370635558
1355,147,1502,0.1038268968589832
1338,143,1481,0.10383708607607561
1342,149,1491,0.1038836934755441
1347,151,1498,0.10391807168879807
1345,146,1491,0.10393809992924834
1337,147,1484,0.10396124114910425
1330,148,1478,0.10399988666545636
1320,151,1471,0.10405046012375258
1332,152,1484,0.10411859246471723
1326,154,1480,0.10415379921560788
1320,156,1476,0.10419936313055526
1328,152,1480,0.1042537421028538
1325,152,1477,0.10428665944146483
1330,155,1485,0.10432275630348836
1329,154,1483,0.10434463841598149
1330,150,1480,0.10436601191449679
1323,150,1473,0.10438388646677599
1326,153,1479,0.10441590277051535
1344,151,1495,0.10443790913882318
1346,153,1499,0.1044193468913977
1343,154,1497,0.10439719399284207
1334,157,1491,0.10438439719601834
1333,159,1492,0.10439161102057533
1339,163,1502,0.1044011256690523
1333,159,1492,0.10439646496188677
1327,158,1485,0.10440611804934445
1324,158,1482,0.10442743096903696
1325,160,1485,0.10445380381245874
1334,160,1494,0.1044767001974371
1339,158,1497,0.10447823884218414
1345,157,1502,0.10446773649591311
1343,154,1497,0.10444520888745973
1339,157,1496,0.10442864694851955
1331,158,1489,0.10442182322816702
1322,159,1481,0.10443294781105207
1320,160,1480,0.10446362890597151
1319,167,1486,0.10449642352814852
1325,164,1489,0.104527653708601
1323,166,1489,0.10454405008673494
1323,164,1487,0.10456375185420519
1322,162,1484,0.10458146420116529
1318,156,1474,0.10459971666056524
1331,158,1489,0.10462528072616198
1334,161,1495,0.10462036016212121
1321,164,1485,0.10460929073097983
1338,165,1503,0.10462842242286179
1338,166,1504,0.1046081238341311
1347,169,1516,0.1045894852578374
1341,166,1507,0.1045529473935592
1326,170,1496,0.10453301121104017
1328,175,1503,0.10454674830862518
1317,171,1488,0.10455552294464297
1311,172,1483,0.10458744108274531
1325,174,1499,0.10463024404545107
1324,172,1496,0.10463850633893991
1330,174,1504,0.10464881923615778
1327,173,1500,0.1046447919766264
1312,177,1489,0.10464718767855655
1322,177,1499,0.10468193938649759
1313,177,1490,0.10469288854409445
1318,178,1496,0.10472309166149206
1313,181,1494,0.1047398124633673
1298,183,1481,0.10476596038438978
1309,187,1496,0.10482290608935062
1306,192,1498,0.104851067220124
1315,196,1511,0.10488311607071048
1305,191,1496,0.1048937109622128
1310,194,1504,0.1049248783616072
1299,200,1499,0.10494269137682669
1309,201,1510,0.10498349544383792
1299,199,1498,0.10499917680440828
1307,201,1508,0.10503446237041804
1283,196,1479,0.10505034194458097
1287,199,1486,0.1051187395220638
1300,207,1507,0.10517301153587258
1288,209,1497,0.1051946068582144
1283,213,1496,0.10524089493540341
1301,210,1511,0.10529428533376738
1294,213,1507,0.10530282789002376
1297,211,1508,0.10532622889991729
1291,210,1501,0.10534091001782113
1296,210,1506,0.10536789226514674
1301,209,1510,0.10538201716078391
1294,207,1501,0.10538396310810437
1304,208,1512,0.10540084742343027
1295,207,1502,0.10539482678915515
1302,209,1511,0.10540932491798001
1293,208,1501,0.10540700102532874
1301,209,1510,0.10542437249068697
1301,213,1514,0.1054230291259492
1301,213,1514,0.10542189788483317
1302,217,1519,0.10542122991162017
1289,216,1505,0.1054186853625736
1289,218,1507,0.1054443750635464
1286,217,1503,0.10546943284898683
1288,216,1504,0.10549940096519464
1292,207,1499,0.1055218208920951
1280,209,1489,0.10553398140411399
1279,211,1490,0.10557169691099684
1277,209,1486,0.10560796731476288
1273,205,1478,0.10564629415380594
1282,208,1490,0.10568912295860773
1270,209,1479,0.10570819528419395
1275,209,1484,0.10575234082990097
1270,213,1483,0.1057821900560908
1277,214,1491,0.10582199190648904
1276,217,1493,0.10584303116681791
1283,218,1501,0.10586421293216457
1283,216,1499,0.10586753763456062
1279,216,1495,0.10587068041835662
1277,217,1494,0.10588310645881585
1274,221,1495,0.1058991421060863
1285,225,1510,0.10592078908060934
1290,224,1514,0.10591616541085162
1278,225,1503,0.10590055545985522
1275,230,1505,0.10591200609792216
1261,227,1488,0.10592808444472251
1266,228,1494,0.10597404602167773
1268,233,1501,0.10600488822179539
1271,230,1501,0.10602845489647207
1261,233,1494,0.10604407488240213
1264,233,1497,0.10608156888078607
1254,234,1488,0.10610859581711005
1264,233,1497,0.10615497264805562
1267,233,1500,0.10617654663064954
1254,236,1490,0.10618968169327235
1250,235,1485,0.10623031275610913
1257,236,1493,0.10627605972932429
1257,238,1495,0.10630290521201545
1261,237,1498,0.10632734561604401
1256,240,1496,0.10634198215439611
1251,237,1488,0.1063666074249098
1256,241,1497,0.10639988969230206
1255,233,1488,0.1064185562787749
1248,227,1475,0.10643824769638636
1255,235,1490,0.10647169136533982
1260,243,1503,0.10648751783225771
1264,244,1508,0.10648974656828003
1268,245,1513,0.10648301331736963
1263,244,1507,0.10646847270585184
1255,244,1499,0.10646642641273128
1251,249,1500,0.10648204861770313
1243,254,1497,0.10650517501085427
1243,254,1497,0.10654463314729362
1239,254,1493,0.10658106362545652
1244,258,1502,0.106623666894026
1244,260,1504,0.10665268168172791
1238,259,1497,0.10667955746190526
1245,263,1508,0.1067171264762315
1241,266,1507,0.10673456530959215
1235,272,1507,0.1067606157593504
1243,273,1516,0.10679821297906746
1238,272,1510,0.10681430677704196
1241,272,1513,0.10684130783005909
1228,277,1505,0.10685911053418617
1226,274,1500,0.1069041962870497
1226,279,1505,0.10694982027174901
1223,274,1497,0.10699153843226317
1225,275,1500,0.10703757113112128
1214,279,1493,0.10707568694509034
1224,277,1501,0.10713519917498632
1214,279,1493,0.10716755499220566
1210,286,1496,0.10721985953653801
1211,284,1495,0.10727601128832082
1214,279,1493,0.1073245124476166
1223,280,1503,0.10736308098876542
1225,280,1505,0.10737869084575077
1223,283,1506,0.1073884499730529
1216,287,1503,0.10740217936616331
1214,285,1499,0.1074300435552103
1212,291,1503,0.10746056014835347
1215,288,1503,0.10749244006637709
1213,288,1501,0.10751549491406123
1225,290,1515,0.10754037251153634
1227,287,1514,0.10753732323699956
1219,286,1505,0.1075298474851651
1219,288,1507,0.10754166407724916
1218,286,1504,0.10755221978387049
1212,283,1495,0.10756480772721157
1214,289,1503,0.10758963958105315
1213,295,1508,0.10760787413008764
1214,297,1511,0.1076276716963671
1216,295,1511,0.10764478052474125
1209,294,1503,0.10765628730560475
1215,292,1507,0.10768254137702811
1209,296,1505,0.10769191304093972
1205,295,1500,0.10771311336890198
1198,300,1498,0.1077420089307876
1187,302,1489,0.10778400313128678
1195,304,1499,0.10784777766230275
1194,306,1500,0.10788899850445688
1194,311,1505,0.10792923702912956
1187,315,1502,0.10796655770312659
1181,317,1498,0.10801707408632638
1171,319,1490,0.10807631027535121
1186,319,1505,0.10815371404692317
1191,311,1502,0.10819164292638629
1199,313,1512,0.10821540743986406
1195,313,1508,0.10821971648540502
1182,315,1497,0.1082329479023163
1193,315,1508,0.10827381028489606
1194,318,1512,0.10828657825556562
1197,314,1511,0.10829674791844246
1194,318,1512,0.10829884307434444
1192,322,1514,0.10830786176223796
1184,325,1509,0.10832118154903135
1188,328,1516,0.10835169822420905
1191,321,1512,0.10837119725959184
1178,319,1497,0.10838185736456342
1177,317,1494,0.10842150559653159
1165,318,1483,0.10846101222667368
1169,321,1490,0.10852472334425119
1163,325,1488,0.10857420984403456
1165,324,1489,0.10863443524149244
1166,333,1499,0.10868464603298472
1159,334,1493,0.1087278204931882
1167,343,1510,0.10878246522443068
1161,341,1502,0.10881550151784145
1167,342,1509,0.10885975134795216
1165,343,1508,0.10888745515837851
1160,338,1498,0.10891660663414442
1159,343,1502,0.10895544268740032
1152,348,1500,0.10899396336831885
1148,344,1492,0.10904435791061705
1161,344,1505,0.1090995780898319
1152,346,1498,0.10912098312087018
1159,340,1499,0.10916073496704894
1166,338,1504,0.10918041243536361
1162,340,1502,0.10918232761670797
1158,336,1494,0.1091933076857387
1152,342,1494,0.10921188882205522
1152,350,1502,0.10924397514843243
1153,343,1496,0.10927309903450917
1148,347,1495,0.10929861187447142
1144,348,1492,0.10933373136115097
1142,351,1493,0.10937539713826022
1146,355,1501,0.10941887351107735
1136,351,1487,0.10945032713446587
1136,356,1492,0.1095018184194307
1132,355,1487,0.10954779689397098
1132,356,1488,0.10959924192807233
1126,348,1474,0.1096459505443657
1129,361,1490,0.10970219086824773
1119,364,1483,0.10974758674145974
1125,362,1487,0.10981246797278996
1121,361,1482,0.10985802074750581
1120,360,1480,0.10990916400058798
1121,362,1483,0.10995944434636393
1126,360,1486,0.11000261006003594
1119,358,1477,0.11003005693100583
1113,367,1480,0.11007158344969223
1117,379,1496,0.11012462701552125
1117,381,1498,0.11016474182628656
1121,377,1498,0.1102001302800251
1131,380,1511,0.11022501752874696
1123,381,1504,0.11022455202561227
1128,391,1519,0.11024372257146206
1121,393,1514,0.110250797048583
1119,395,1514,0.11027386194590853
1120,395,1515,0.11030097787162804
1116,396,1512,0.1103231195029205
1110,400,1510,0.11035270571506976
1105,403,1508,0.11039401076757532
1098,409,1507,0.11044300015577618
1094,400,1494,0.11050552681642505
1103,399,1502,0.11057241493868052
1097,391,1488,0.11061300444765472
1101,398,1499,0.11066406305054134
1108,400,1508,0.11070147225458811
1111,404,1515,0.11072040695356115
1104,399,1503,0.11073096171218949
1097,406,1503,0.11075698328006009
1101,410,1511,0.11079853688012839
1094,410,1504,0.11082729202451937
1103,412,1515,0.11087101981979927
1098,409,1507,0.1108907197612986
1100,416,1516,0.1109202628407538
1102,410,1512,0.11094268257563603
1105,415,1520,0.11095849326442053
1104,413,1517,0.11096619491346178
1084,413,1497,0.11097511116000686
1081,419,1500,0.11102963353474408
1085,422,1507,0.1110867905130482
1082,420,1502,0.11113031097149495
1083,421,1504,0.11117786014867931
1082,422,1504,0.11121856674236011
1079,426,1505,0.1112584013201322
1087,425,1512,0.11130110960673274
1073,426,1499,0.11132295175923318
1079,424,1503,0.11137676352863878
1089,424,1513,0.1114131915702001
1086,420,1506,0.11142360379033697
1080,421,1501,0.11144077041234585
1084,426,1510,0.11147090696772252
1080,434,1514,0.11149001169842045
1084,424,1508,0.11151676126334188
1083,425,1508,0.11153153475512897
1075,428,1503,0.11154836279542493
1072,431,1503,0.11158215079295708
1075,433,1508,0.11162006871592119
1087,434,1521,0.11164783066470658
1079,433,1512,0.11164511386429045
1068,434,1502,0.11166131571601731
1065,433,1498,0.11170321745119907
1055,437,1492,0.11174928371414687
1068,443,1511,0.11181527580901182
1063,445,1508,0.11184702284065917
1053,450,1503,0.11188712752216681
1055,448,1503,0.11194638384987879
1053,449,1502,0.11199645652832495
1054,449,1503,0.11204741835798164
1055,446,1501,0.11209348619487859
1067,455,1522,0.11213248508264574
1057,449,1506,0.11213977337834152
1044,451,1495,0.11216916961372657
1034,450,1484,0.11222536536226996
1041,447,1488,0.1123009434376543
1043,453,1496,0.11235396133687989
1047,446,1493,0.11239858895348177
1047,442,1489,0.11243186741220565
1046,436,1482,0.11246317243766918
1039,434,1473,0.11249415574125324
1035,441,1476,0.1125399159183626
1043,441,1484,0.1125918390236137
1048,446,1494,0.11262049281494464
1045,451,1496,0.11263582462243528
1044,455,1499,0.11265763272716606
1037,458,1495,0.11267951262315505
1042,463,1505,0.11271756609496418
1040,462,1502,0.11274137000906422
1029,458,1487,0.11276708825820618
1036,450,1486,0.11281834383049567
1032,448,1480,0.11284943366792145
1038,450,1488,0.11288760015288662
1032,453,1485,0.11290865342955804
1042,457,1499,0.11294225106516713
1036,462,1498,0.11295089003485587
1038,473,1511,0.11297330648782382
1040,470,1510,0.11298894519743417
1032,473,1505,0.11300071909958134
1030,478,1508,0.11303030493158146
1030,478,1508,0.11306231380514893
1027,480,1507,0.11309243923271188
1027,480,1507,0.11312665628006596
1024,488,1512,0.11315791157089933
1023,485,1508,0.1131947273106832
1024,477,1501,0.11323301696871468
1025,480,1505,0.11326648571589704
1015,488,1503,0.11329595371596397
1014,489,1503,0.11334736109449356
1026,499,1525,0.11339637190507176
1011,493,1504,0.11341248711545962
1013,495,1508,0.11346236735862845
1011,499,1510,0.11350461783630468
1012,497,1509,0.1135489493549123
1012,501,1513,0.11358784362982481
1009,501,1510,0.11362390657501502
1005,507,1512,0.113665928273006
982,504,1486,0.11371435267045278
979,506,1485,0.1138111990005866
983,504,1487,0.11390650963509547
981,506,1487,0.11398619459082049
980,507,1487,0.11406527775207931
969,511,1480,0.11414064821674526
968,510,1478,0.11423415620896601
991,506,1497,0.1143240219651981
996,511,1507,0.11435347337091453
1002,508,1510,0.11436791499126181
1003,506,1509,0.11436673869059312
981,514,1495,0.11436303462696586
980,514,1494,0.11441106238461808
988,518,1506,0.11445901878840688
990,515,1505,0.1144853842568075
994,512,1506,0.11450390445875554
985,509,1494,0.11451332399413296
988,515,1503,0.11454228286707714
985,514,1499,0.11456162297705028
992,516,1508,0.11458878456118982
982,524,1506,0.11459559678806645
977,521,1498,0.11462381714551997
989,519,1508,0.1146608681739745
997,516,1513,0.1146665002322974
994,508,1502,0.11465273885366221
997,509,1506,0.11464857519815372
988,510,1498,0.11463813304641995
985,508,1493,0.11465051529602938
985,504,1489,0.1146673889275749
984,498,1482,0.11468404732677762
979,497,1476,0.1147000830516011
978,507,1485,0.1147258250979056
978,509,1487,0.11475298407893848
990,508,1498,0.11477778839171643
984,510,1494,0.11477440686632509
994,512,1506,0.11478546363959324
999,516,1515,0.11477108665123734
1001,526,1527,0.11474640781400014
984,522,1506,0.11471861423730381
987,519,1506,0.11473271548146098
983,518,1501,0.1147389334887146
978,520,1498,0.1147562725432429
973,522,1495,0.1147846572330388
973,520,1493,0.11482210635953598
976,527,1503,0.11485673964335154
982,523,1505,0.11488132642822828
977,524,1501,0.11488947867702876
970,516,1486,0.1149094280897179
974,517,1491,0.11494532299016061
977,522,1499,0.11496718342114744
990,523,1513,0.11498023738393236
990,527,1517,0.11496242891057992
984,520,1504,0.11494707418294732
988,511,1499,0.11494836578904698
971,525,1496,0.1149369967512384
982,527,1509,0.11496720401499964
992,526,1518,0.11497052098687784
987,527,1514,0.11495079965673387
985,525,1510,0.11494420467434001
976,531,1507,0.11494290124618509
974,527,1501,0.11496142403922807
968,533,1501,0.11498389754719643
970,537,1507,0.11501851966009635
961,539,1500,0.11504468991925001
963,539,1502,0.11509039566319833
962,542,1504,0.11512839046779401
958,547,1505,0.11516679181574592
961,542,1503,0.11520946071476049
956,545,1501,0.11524243622885522
955,545,1500,0.11528626180114637
949,552,1501,0.11532916028052469
948,551,1499,0.11538375662504093
947,550,1497,0.1154364920952944
947,553,1500,0.11548618419335079
943,552,1495,0.11553353206242267
949,554,1503,0.11558645236652104
942,560,1502,0.1156222052431049
937,566,1503,0.11567142500128141
936,565,1501,0.11572878591546655
952,557,1509,0.11578469058308585
941,558,1499,0.11579895461447447
941,563,1504,0.1158377629069339
941,565,1506,0.11587383891306907
943,568,1511,0.11590816896517041
946,571,1517,0.11593647591916978
949,568,1517,0.11595536313632863
954,563,1517,0.11596413261459576
947,567,1514,0.11595974531823731
935,574,1509,0.11597371903838738
929,569,1498,0.11601604102001663
916,567,1483,0.11607047953959394
903,572,1475,0.11615228180794154
898,578,1476,0.11625718998880373
909,581,1490,0.11636689245184734
921,587,1508,0.11644170592665556
913,590,1503,0.11648255241582518
919,590,1509,0.11653857003371008
917,584,1501,0.11657669695381884
928,578,1506,0.11661632531551014
933,576,1509,0.11662488621578693
932,582,1514,0.11662051264486173
938,573,1511,0.11662082603148757
939,573,1512,0.11660848846089693
933,576,1509,0.11659395215763924
921,579,1500,0.11659551392765874
928,586,1514,0.11662732526659651
926,588,1514,0.11663922144118277
921,594,1515,0.11665451859975859
920,589,1509,0.11668018444900685
922,588,1510,0.11670594868732702
912,587,1499,0.11672542866348692
917,590,1507,0.11676718188902303
918,594,1512,0.1167955279911538
913,603,1516,0.11681960718380514
914,604,1518,0.11685432767619633
918,610,1528,0.11688365826337208
905,605,1510,0.11690276177488247
900,608,1508,0.11695011008629524
890,613,1503,0.11700752179941071
888,627,1515,0.11708594464804353
878,634,1512,0.1171627217656214
892,629,1521,0.11725751808933825
890,618,1508,0.11731248775537274
879,622,1501,0.11736757708155694
879,624,1503,0.1174461546306516
869,626,1495,0.11751883538397542
878,628,1506,0.11760828971139797
872,624,1496,0.11766868121601626
873,623,1496,0.11773952659852906
875,624,1499,0.11780430512745382
881,631,1512,0.11786019544168065
882,630,1512,0.11789662759818605
885,625,1510,0.11792866748916278
889,635,1524,0.11795377371841016
882,629,1511,0.11796915375062728
875,622,1497,0.11800119821589955
881,631,1512,0.11804684575767062
880,635,1515,0.11807667516083274
881,631,1512,0.1181064264324589
878,639,1517,0.11812972106038565
867,637,1504,0.11815865336194709
864,637,1501,0.11821090910670935
869,642,1511,0.11826746680362067
864,644,1508,0.1183081664554071
854,645,1499,0.11835844258617112
843,645,1488,0.11842872805777936
842,645,1487,0.11852155686288832
840,650,1490,0.11860953359843096
848,653,1501,0.11869587185438099
849,660,1509,0.11875592439612252
845,659,1504,0.11881034959852116
837,659,1496,0.11887094187263365
842,676,1518,0.11894667309848601
843,662,1505,0.11900529305352321
837,663,1500,0.11905591447262481
827,662,1489,0.11911825717849549
821,657,1478,0.11920075159610795
821,660,1481,0.11929339314653627
840,652,1492,0.11937936396555247
832,654,1486,0.11941238507621316
822,660,1482,0.11946284295201316
823,660,1483,0.11953342769404939
827,661,1488,0.1195970774628838
826,660,1486,0.1196442089738155
833,665,1498,0.11968909770766331
822,666,1488,0.11971423318197152
827,669,1496,0.11976410356105684
823,667,1490,0.11979837605869985
825,667,1492,0.11984041528007182
822,677,1499,0.11987507981955588
821,678,1499,0.11991684321217763
828,687,1515,0.11995686789576018
830,684,1514,0.11997782560421243
821,686,1507,0.11999413285840092
821,682,1503,0.12002957093269995
821,679,1500,0.12006081916085144
816,689,1505,0.12009035445140931
814,687,1501,0.12013303829328159
810,685,1495,0.12017867232900782
810,684,1494,0.12023094344387507
810,688,1498,0.12027780959529673
800,707,1507,0.12032140176484334
791,709,1500,0.12038738339304336
791,707,1498,0.12047020592475687
792,704,1496,0.12054674432109064
788,713,1501,0.12061717947305944
793,711,1504,0.12069065578225686
788,713,1501,0.12074738722008625
798,716,1514,0.12081009020247926
796,702,1498,0.12084556826916475
791,712,1503,0.12088358884454653
794,719,1513,0.120930377533609
807,719,1526,0.12096704156865996
801,715,1516,0.12096973946091005
794,711,1505,0.120986969153686
798,726,1524,0.12102074678128087
794,716,1510,0.12104272159540919
792,722,1514,0.1210738076145859
782,724,1506,0.12110666638024274
784,732,1516,0.12116127606225875
783,731,1514,0.12120702240589905
776,732,1508,0.12125143346313808
787,729,1516,0.12130832261399967
786,728,1514,0.12133307590431551
784,725,1509,0.12135972847393846
784,729,1513,0.12138822602767617
778,729,1507,0.12141530195126166
773,731,1504,0.12145762293255774
764,742,1506,0.12150754494337578
774,734,1508,0.12157756329071948
764,730,1494,0.121614500674848
773,727,1500,0.12167504512563397
775,738,1513,0.12171016573838936
773,741,1514,0.12173789307675767
766,740,1506,0.12176998928800568
768,739,1507,0.12181879335594281
770,730,1500,0.12186033651202553
766,729,1495,0.12189367243184057
759,737,1496,0.12193465949242378
751,740,1491,0.12199091972725927
762,749,1511,0.12206142238214511
767,741,1508,0.12210120568274227
769,742,1511,0.12212627414943078
765,744,1509,0.12214587136061121
764,743,1507,0.12217473059872777
753,755,1508,0.12220384329291172
751,755,1506,0.12225878574239654
747,745,1492,0.12231391737631599
754,750,1504,0.12237492618243617
750,757,1507,0.12241519969135677
749,755,1504,0.12246420713623303
743,769,1512,0.12251239540193865
745,767,1512,0.12257370652112808
749,768,1517,0.12262483921760518
755,765,1520,0.12266050979579565
750,763,1513,0.12268023135362367
750,764,1514,0.12271249243330187
752,763,1515,0.12274137427632653
744,757,1501,0.12276308849443142
742,767,1509,0.12280389580917703
747,764,1511,0.12284610376059316
734,765,1499,0.12287118348305899
730,766,1496,0.12292719782259105
724,765,1489,0.12298947624229908
732,766,1498,0.12306100732563056
731,758,1489,0.12310915589612549
740,762,1502,0.12315713864594426
736,758,1494,0.12317948714151808
731,773,1504,0.12320951184140636
735,776,1511,0.12324744530404551
739,774,1513,0.12327375604443173
730,783,1513,0.12328948872594664
725,787,1512,0.1233267576822363
724,781,1505,0.12337368937888411
718,780,1498,0.12342031266239292
722,780,1502,0.12347937696532664
703,777,1480,0.1235240702445362
719,778,1497,0.123611073642693
724,795,1519,0.1236530958695144
721,791,1512,0.1236795600461281
717,784,1501,0.12370900704847429
723,775,1498,0.12374622871872162
724,777,1501,0.12376657327471541
716,778,1494,0.12378243052443207
726,784,1510,0.12381728752828365
727,783,1510,0.12382518028542605
726,790,1516,0.12383232201406578
723,774,1497,0.12384151351869932
730,780,1510,0.12385738310151352
736,773,1509,0.1238561347785571
742,761,1503,0.12384022363606469
747,768,1515,0.1238088820014033
736,772,1508,0.12376730063142957
732,768,1500,0.12375440582108929
735,773,1508,0.12375203145069369
732,772,1504,0.12374273454080024
729,777,1506,0.12374204718217253
723,778,1501,0.12374857824560077
726,781,1507,0.12376873935034094
725,780,1505,0.12377916485061903
719,781,1500,0.123791313797743
714,787,1501,0.12381771255753053
726,781,1507,0.1238553663041494
726,772,1498,0.1238609882283244
729,767,1496,0.12386838532172398
717,778,1495,0.12386754989282416
709,778,1487,0.12389799913860246
712,778,1490,0.12394397693077305
715,789,1504,0.12398138719204457
715,800,1515,0.12400706591424161
715,801,1516,0.12403242451142114
713,806,1519,0.12405807365954669
714,803,1517,0.12408621264412624
714,812,1526,0.12411095689215185
709,815,1524,0.12413355054936165
706,823,1529,0.12416730812026583
708,827,1535,0.12420546071808987
707,818,1525,0.12423745372701184
704,816,1520,0.12427044959062136
701,801,1502,0.12430834392969281
697,812,1509,0.12435090991102449
698,801,1499,0.12440112343744904
701,808,1509,0.12444643501284564
701,808,1509,0.12448221282322715
698,815,1513,0.12451640122886883
695,823,1518,0.12455600234031333
696,832,1528,0.12459973800009283
685,832,1517,0.12463851081119075
685,824,1509,0.12470083438023931
693,818,1511,0.12475803868928324
692,822,1514,0.12479084767459664
699,812,1511,0.12482326868917103
692,824,1516,0.12483680186399618
689,820,1509,0.12486827180069976
691,817,1508,0.12490381580994821
688,830,1518,0.12493260422427803
689,832,1521,0.12496802932467642
686,824,1510,0.12499803845709569
680,830,1510,0.12503330713129698
667,831,1498,0.12507866686502603
674,833,1507,0.12515330211954886
676,828,1504,0.12520488100373653
669,843,1512,0.1252476453274567
667,843,1510,0.12530474082987808
669,840,1509,0.12536307234127786
677,839,1516,0.1254146210141203
675,839,1514,0.1254426310051304
669,843,1512,0.1254752279906083
666,838,1504,0.12551842443320615
661,840,1501,0.1255660929539651
663,845,1508,0.1256237358700103
664,835,1499,0.1256730701898343
662,841,1503,0.12571634222855776
655,853,1508,0.12576165154930713
660,856,1516,0.12582070202210263
658,855,1513,0.1258626110589544
655,850,1505,0.12590753285275316
652,853,1505,0.1259558214318177
647,864,1511,0.12600708324479665
637,853,1490,0.1260676145860098
644,833,1477,0.12614987208564674
641,842,1483,0.1262101228098098
645,853,1498,0.12627421722969057
647,849,1496,0.12632415568997182
640,865,1505,0.12636568927042918
642,861,1503,0.12642404506551486
641,857,1498,0.1264728352870122
650,858,1508,0.1265207834196306
645,866,1511,0.1265429451555245
643,865,1508,0.12657774457970838
634,863,1497,0.1266163543117001
635,870,1505,0.1266763622267243
629,867,1496,0.1267312200925402
628,871,1499,0.12679823354544129
631,874,1505,0.1268629238658088
634,873,1507,0.126917047947856
628,876,1504,0.12696083530564276
630,882,1512,0.12701923033036422
630,878,1508,0.1270688104835066
621,882,1503,0.12711533564753202
619,893,1512,0.12718200955718006
620,891,1511,0.12724655231610396
622,893,1515,0.12730484430233158
617,890,1507,0.12735438454366715
610,887,1497,0.12741287196166393
604,903,1507,0.12748503000715528
610,906,1516,0.12756667945139122
608,906,1514,0.1276294397180654
607,906,1513,0.12769145182569921
607,906,1513,0.1277510541383265
611,913,1524,0.12780948849000828
607,916,1523,0.12785404955448132
612,906,1518,0.12790491296358258
622,895,1517,0.1279394954743869
613,895,1508,0.12794602462535365
616,889,1505,0.12797428718797982
622,895,1517,0.1279918602097858
623,888,1511,0.12799516864568805
628,889,1517,0.12799668050036994
627,887,1514,0.12798258710127453
625,885,1510,0.12797264498207903
616,888,1504,0.12797023088846843
614,894,1508,0.12799103529209174
614,895,1509,0.12801498038676568
616,895,1511,0.12803824776203476
612,891,1503,0.12805437050231622
615,889,1504,0.12807650873106857
611,893,1504,0.12808950727366494
618,889,1507,0.12811286975880226
611,893,1504,0.12811660197880803
611,891,1502,0.12813941238793153
610,895,1505,0.12816034648715827
601,894,1495,0.12818226087210183
592,895,1487,0.12822528467623306
596,900,1496,0.12828837689138134
603,911,1514,0.12833846176282065
603,909,1512,0.12836563038280308
594,909,1503,0.12839023072711198
592,900,1492,0.12843576406542995
596,914,1510,0.12848255084877114
594,914,1508,0.1285184875973351
593,914,1507,0.12855664844149284
592,907,1499,0.1285941089956739
597,904,1501,0.1286304814294357
590,912,1502,0.12865440288874513
592,904,1496,0.12869542998815642
592,895,1487,0.12872789800200166
595,901,1496,0.12875911081092745
604,905,1509,0.12878062832964832
607,913,1520,0.12877642608247072
604,914,1518,0.12876430417723317
598,913,1511,0.12876119029328556
594,907,1501,0.1287734342039499
593,906,1499,0.12879600920898174
592,906,1498,0.12882181580970362
591,898,1489,0.1288474877583585
595,907,1502,0.12887428049708435
599,905,1504,0.12889028430774244
607,908,1515,0.12889557415636482
612,911,1523,0.12887954620828765
602,906,1508,0.12885249320438755
599,901,1500,0.12885360934447115
598,918,1516,0.12886069320620955
592,912,1504,0.12887054799467
589,919,1508,0.12889423258751495
591,915,1506,0.12892422662148834
590,905,1495,0.12894796698217825
598,907,1505,0.12896931110305768
601,920,1521,0.128969347849339
593,913,1506,0.1289615859837193
597,919,1516,0.1289722910063758
596,921,1517,0.12897298793931972
602,920,1522,0.12897697900280536
604,922,1526,0.12896700237852202
601,918,1519,0.12895191908296058
602,922,1524,0.12894664581906395
593,911,1504,0.12894080431241728
592,907,1499,0.1289582465809362
601,914,1515,0.12897609083944742
596,915,1511,0.1289695794124207
596,909,1505,0.1289734699928159
590,914,1504,0.12897924207729466
593,922,1515,0.12900056559984857
591,917,1508,0.12901461543822854
586,926,1512,0.12903397056309404
583,935,1518,0.12906434549401335
583,938,1521,0.12909971534457157
574,936,1510,0.1291320209477855
581,935,1516,0.12918483671058237
583,934,1517,0.12921806041549286
586,925,1511,0.12924328815973568
583,931,1514,0.12925890383305524
580,938,1518,0.12928120531967777
582,930,1512,0.12930798643516853
570,928,1498,0.12932733874530583
573,935,1508,0.12937580226904238
571,947,1518,0.12941129360954168
570,939,1509,0.12944932939701226
568,930,1498,0.12948821599343044
566,935,1501,0.12953164831861805
554,941,1495,0.12958039162201182
558,940,1498,0.12965503142897855
561,933,1494,0.12971246191540417
559,934,1493,0.12975853933995005
553,946,1499,0.12980812003732464
551,947,1498,0.1298697246493458
549,947,1496,0.12993325629125527
548,955,1503,0.12999625141359789
546,965,1511,0.13006008100658983
546,965,1511,0.13012608482855392
551,978,1529,0.13018843400017185
541,982,1523,0.13023242876674992
531,980,1511,0.13030001317868745
529,979,1508,0.1303885312855498
538,967,1505,0.13047709155132237
539,976,1515,0.13053769694417933
534,978,1512,0.13059333971948045
535,973,1508,0.1306558478069588
532,966,1498,0.13070928613540592
534,981,1515,0.13076648360306517
534,989,1523,0.13081548824406417
534,979,1513,0.13086113914995326
540,974,1514,0.13090272095915625
545,974,1519,0.13092584307633348
546,979,1525,0.1309358649161063
542,977,1519,0.13094488699622975
537,981,1518,0.13096438198040639
528,983,1511,0.1309959230381727
524,980,1504,0.13104876284449848
516,973,1489,0.13110736305855106
520,982,1502,0.13117984352480092
513,985,1498,0.131239896386648
508,987,1495,0.1313142693485126
518,994,1512,0.13139447564549125
511,996,1507,0.13144276474254124
508,990,1498,0.13150526128966206
512,995,1507,0.1315723668193478
514,992,1506,0.13162601704729696
512,996,1508,0.13167085522494193
516,1002,1518,0.13172029969284607
514,1018,1532,0.13175649559760017
506,1031,1537,0.1317960467345451
498,1023,1521,0.13185183613860846
494,1016,1510,0.13192288609388464
496,1027,1523,0.13199819053823014
504,1027,1531,0.13206587486324586
494,1030,1524,0.13210978796606557
491,1027,1518,0.13217621608966312
481,1028,1509,0.13224558048043236
479,1024,1503,0.13233794784980504
484,1009,1493,0.13242919326274158
491,1011,1502,0.1325015816438265
493,1008,1501,0.13255212710757844
487,1015,1502,0.13259471939214357
494,1025,1519,0.13264898853938237
493,1019,1512,0.13268395635979838
487,1023,1510,0.13271933362228364
484,1026,1510,0.1327684322583959
481,1040,1521,0.1328217633528278
479,1032,1511,0.1328786893819397
476,1038,1514,0.1329354299987924
476,1025,1501,0.13299587296088308
482,1017,1499,0.1330528969813081
478,1026,1504,0.13309038816930435
476,1030,1506,0.13313602639758948
479,1035,1514,0.13318303268984533
477,1035,1512,0.13321983772972346
479,1035,1514,0.13325786558404457
481,1043,1524,0.13329053269038682
485,1046,1531,0.1333142256488709
484,1050,1534,0.13332643550121992
491,1043,1534,0.13334011101445414
487,1049,1536,0.13333562114142797
478,1047,1525,0.13334064279878985
481,1040,1521,0.13336827940724863
478,1048,1526,0.13338737225868666
478,1049,1527,0.1334117689415656
482,1044,1526,0.13343359715900488
478,1042,1520,0.13344368911068144
477,1028,1505,0.1334645728739982
474,1025,1499,0.13348924135576445
472,1035,1507,0.13351915054497757
465,1028,1493,0.13355236433120538
470,1031,1501,0.13360311077914885
469,1027,1496,0.133638100660793
471,1033,1504,0.13367325883227515
470,1047,1517,0.13370247408714442
457,1049,1506,0.13373166007291457
452,1061,1513,0.13379318160754697
455,1063,1518,0.13386296758604802
454,1064,1518,0.13392013891270946
454,1055,1509,0.1339771008117635
448,1056,1504,0.13402963689007452
448,1041,1489,0.1340924465319361
448,1051,1499,0.13415189678111772
448,1059,1507,0.13420871609331322
452,1059,1511,0.13426207463549886
452,1058,1510,0.13430163487237012
450,1057,1507,0.13433862140677746
443,1066,1509,0.13437898952652397
442,1070,1512,0.13443316534352784
444,1062,1506,0.134484935407004
451,1066,1517,0.1345278942137708
449,1054,1503,0.13455018105534702
453,1048,1501,0.13457479381723939
459,1039,1498,0.13458665000019246
459,1047,1506,0.13458327137644155
451,1059,1510,0.13458013780556521
446,1063,1509,0.13459879710015493
442,1073,1515,0.13462914590303124
444,1067,1511,0.1346691142971613
442,1066,1508,0.134701413274191
444,1074,1518,0.13473624777090148
440,1065,1505,0.13476424383672436
444,1069,1513,0.13480124350194256
438,1063,1501,0.13482710223291805
446,1066,1512,0.13486677776286066
448,1056,1504,0.13488343262190433
450,1062,1512,0.13489462369830899
451,1075,1526,0.13490085765577173
447,1074,1521,0.1349030019928588
449,1078,1527,0.13491592723741477
453,1075,1528,0.1349226592859723
448,1062,1510,0.13491965594994235
448,1056,1504,0.1349299230063765
447,1068,1515,0.13494010302477086
449,1062,1511,0.13495408291724734
452,1061,1513,0.13496191064300442
453,1069,1522,0.13496189417590837
448,1063,1511,0.1349591910761191
453,1065,1518,0.13497010946246613
453,1068,1521,0.13496841585891833
447,1080,1527,0.1349690455928042
447,1073,1520,0.13498482243001902
443,1066,1509,0.13499920261980228
446,1075,1521,0.13502141219392197
435,1075,1510,0.1350343929690629
441,1076,1517,0.13507531286890567
441,1083,1524,0.13509902641595864
442,1072,1514,0.13512111044850836
441,1075,1516,0.13513868483288743
433,1074,1507,0.1351578449439108
435,1080,1515,0.13519660126791194
438,1063,1501,0.13522595568391296
435,1075,1510,0.135244563013374
441,1075,1516,0.13527010005361906
435,1074,1509,0.13527861142478417
440,1069,1509,0.13530290365177872
436,1066,1502,0.13531230148085538
442,1074,1516,0.13533261140927633
445,1088,1533,0.13533568804478213
448,1084,1532,0.13533250980074898
444,1077,1521,0.13532148344053085
446,1067,1513,0.13532151153902874
449,1073,1522,0.13531673840685063
451,1075,1526,0.13530436159870726
448,1075,1523,0.13528735820539797
443,1065,1508,0.13527959891746305
439,1067,1506,0.13528679650757186
441,1071,1512,0.13530403937586477
445,1064,1509,0.1353159038024185
437,1070,1507,0.13531693162148786
432,1074,1506,0.13533837904125445
430,1067,1497,0.13537299331486935
425,1077,1502,0.13541208311126454
422,1081,1503,0.13546152406396775
424,1079,1503,0.13551400953629142
431,1086,1517,0.13555849690183988
431,1086,1517,0.13558233124563984
432,1086,1518,0.13560533481695486
435,1084,1519,0.13562318112782681
433,1081,1514,0.13563115803779163
431,1072,1503,0.13564186603757322
431,1079,1510,0.1356588062674876
430,1077,1507,0.1356740417962365
429,1068,1497,0.13569039006444655
429,1075,1504,0.13570777967182404
428,1074,1502,0.1357229608019398
436,1095,1531,0.13574015720527796
427,1088,1515,0.1357358310665069
426,1080,1506,0.1357549989344833
425,1085,1510,0.13577407811968734
421,1080,1501,0.13579249239977162
425,1081,1506,0.1358176577233221
419,1091,1510,0.13583039068460576
423,1097,1520,0.13585655332967375
420,1101,1521,0.13587139646665436
419,1101,1520,0.13589321061385928
421,1100,1521,0.13591645048450077
421,1096,1517,0.13593359348139086
420,1104,1524,0.13595031936227137
422,1099,1521,0.135968876919403
418,1095,1513,0.13598033452099867
421,1075,1496,0.1360008249589382
420,1081,1501,0.13601000017327083
422,1084,1506,0.13602100978839912
426,1078,1504,0.1360266620036836
424,1082,1506,0.13602199667530077
419,1074,1493,0.1360241109532593
420,1079,1499,0.13603955651412436
422,1091,1513,0.1360516331066919
421,1092,1513,0.13605797597215022
419,1089,1508,0.1360675297288284
422,1079,1501,0.1360834900662939
415,1089,1504,0.13609127431470372
413,1095,1508,0.13611479994818157
416,1096,1512,0.13614058488615058
415,1103,1518,0.1361577664957127
412,1102,1514,0.1361759444373325
408,1088,1496,0.13620137337233434
404,1088,1492,0.13623478187712468
404,1092,1496,0.13627752061139037
406,1095,1501,0.13631836899015132
403,1109,1512,0.13635117270320601
405,1096,1501,0.13639013183632934
401,1107,1508,0.13642202702988274
394,1099,1493,0.1364630438541605
392,1125,1517,0.13651947329834566
387,1112,1499,0.13657789312028526
397,1117,1514,0.13664447194901508
399,1106,1505,0.13668084379391807
401,1114,1515,0.13671083118451538
403,1116,1519,0.13673601912834787
408,1119,1527,0.13675469420090786
397,1113,1510,0.13675939001632437
403,1104,1507,0.13679179876757636
397,1102,1499,0.1368074708071129
398,1096,1494,0.13683925338070257
402,1100,1502,0.13686608825259636
402,1104,1506,0.13688209687129752
397,1105,1502,0.13689689266998176
400,1099,1499,0.13692184920490405
394,1107,1501,0.13693700527805003
396,1118,1514,0.13696677710787966
388,1120,1508,0.13698879100724853
385,1116,1501,0.13702895455251546
391,1121,1512,0.13707229524677644
396,1127,1523,0.13709860170927798
396,1125,1521,0.13711079863779613
395,1116,1511,0.1371227579067754
398,1116,1514,0.13713730445582192
397,1124,1521,0.13714167024145849
404,1122,1526,0.1371488459721593
400,1114,1514,0.13713783958273454
398,1112,1510,0.13713860282718202
403,1109,1512,0.13714393189437069
396,1113,1509,0.13713606822140234
397,1119,1516,0.1371479073510835
391,1122,1513,0.13715518064779134
393,1119,1512,0.13717633714361407
396,1130,1526,0.13718954540972222
393,1118,1511,0.1371939368842455
393,1121,1514,0.13720527788020254
399,1116,1515,0.13721503223691395
397,1105,1502,0.13720931138668066
400,1105,1505,0.1372093291643649
401,1107,1508,0.1372023792755083
399,1116,1515,0.13719539734460975
395,1133,1528,0.137194611322769
394,1126,1520,0.1372049480199915
389,1124,1513,0.13721584223474015
384,1120,1504,0.13723754573629654
385,1123,1508,0.13727026008051912
384,1130,1514,0.13729812402700262
379,1125,1504,0.13732657317355812
386,1134,1520,0.13736501592819061
390,1129,1519,0.13738224966843554
384,1120,1504,0.13738737295178013
388,1132,1520,0.13740848534521852
379,1134,1513,0.1374177710153304
378,1139,1517,0.13744796317516172
379,1136,1515,0.13747781493039737
385,1135,1520,0.13750365825345884
388,1138,1526,0.13751317931617113
386,1140,1526,0.1375148076984268
389,1136,1525,0.1375219832563995
390,1139,1529,0.13752220114024247
393,1124,1517,0.13752135457482711
387,1126,1513,0.1375133834667942
381,1122,1503,0.1375217876059311
384,1119,1503,0.13754539336184407
380,1125,1505,0.13755952808238822
374,1131,1505,0.1375828013901329
378,1131,1509,0.1376191284378726
375,1134,1509,0.13764234961814614
371,1133,1504,0.13767208822915877
369,1139,1508,0.13771062887004443
364,1129,1493,0.13775286169459158
364,1137,1501,0.13780400367279555
363,1141,1504,0.1378535307962177
367,1139,1506,0.1379011197176859
366,1152,1518,0.13793393842865528
366,1143,1509,0.1379670959838091
368,1140,1508,0.1379981240268218
370,1142,1512,0.13802294879815166
368,1153,1521,0.13804102753893477
371,1147,1518,0.13806306180727027
369,1140,1509,0.13807633711441938
365,1137,1502,0.13809488234928094
364,1145,1509,0.1381235095479697
366,1161,1527,0.13815134653476627
362,1158,1520,0.13817234125565206
361,1149,1510,0.13820201647713645
356,1158,1514,0.13823282233026218
351,1171,1522,0.1382749093883886
356,1168,1524,0.13832682409678815
357,1163,1520,0.1383623634575624
359,1153,1512,0.13839309091472665
357,1162,1519,0.13841574755364658
361,1160,1521,0.1384419381458462
353,1156,1509,0.13845588982834664
356,1147,1503,0.1384891720067987
356,1148,1504,0.1385131221971124
352,1139,1491,0.13853578506399056
352,1150,1502,0.13856684195978974
352,1170,1522,0.13859570168512328
346,1161,1507,0.13862241664391026
343,1151,1494,0.1386624909204125
339,1161,1500,0.1387071253856303
346,1159,1505,0.13875983484529547
348,1166,1514,0.13879067496948605
348,1164,1512,0.13881342471170743
340,1163,1503,0.138835114442116
341,1171,1512,0.1388758526524039
349,1174,1523,0.1389105911457314
348,1172,1520,0.1389228250354643
347,1165,1512,0.13893706514926188
340,1164,1504,0.13895336604995293
345,1156,1501,0.13898616807373446
347,1158,1505,0.13900385024460463
347,1158,1505,0.13901537994518048
351,1158,1509,0.13902704079907444
355,1159,1514,0.13902776072377163
352,1169,1521,0.1390187843881706
351,1153,1504,0.1390182887703333
349,1154,1503,0.1390205486497076
351,1155,1506,0.13902788727586185
345,1153,1498,0.13902845540783382
346,1163,1509,0.13904498759145467
349,1159,1508,0.1390563866486904
346,1155,1501,0.13905942846910826
356,1163,1519,0.1390698905880581
354,1163,1517,0.13905370151353735
359,1165,1524,0.13904330153990876
359,1153,1512,0.13901978513501972
354,1170,1524,0.13899863341177066
349,1169,1518,0.1389927056370504
347,1157,1504,0.13899888823983855
359,1153,1512,0.1390091321243436
362,1149,1511,0.13898786134945518
361,1149,1510,0.13895808689787922
358,1148,1506,0.13893063932046992
361,1154,1515,0.13891317041427043
351,1166,1517,0.13888879273179802
355,1161,1516,0.13889159586205757
356,1152,1508,0.13888410607386567
357,1151,1508,0.1388752201944022
364,1155,1519,0.13886417236886892
366,1154,1520,0.13883482229572508
370,1158,1528,0.1388006732042976
357,1152,1509,0.1387574026698417
355,1158,1513,0.13874975048425792
359,1162,1521,0.13874760789410906
353,1156,1509,0.1387366252519972
367,1156,1523,0.13874062108864407
368,1143,1511,0.13870851024091338
371,1151,1522,0.1386762594776622
368,1152,1520,0.13863940686441592
369,1149,1518,0.1386115620132821
362,1147,1509,0.13858467529293944
357,1150,1507,0.13857810811000928
361,1157,1518,0.13858546748723635
356,1159,1515,0.1385814663961732
365,1159,1524,0.13858964045933303
362,1162,1524,0.13857333759631169
361,1161,1522,0.13856653682057288
360,1163,1523,0.13856343335328597
356,1155,1511,0.13856425088578284
348,1154,1502,0.13857493799825749
349,1171,1520,0.1386050972055901
351,1162,1513,0.13863035460384387
354,1164,1518,0.13864840252693802
348,1163,1511,0.1386568902915262
350,1158,1508,0.13868031180812598
344,1171,1515,0.13869609339841926
344,1170,1514,0.13872666346316492
344,1172,1516,0.13875504065995523
342,1181,1523,0.1387825717224306
339,1172,1511,0.13881332004960362
334,1181,1515,0.13885060116503428
340,1181,1521,0.13889861669670622
336,1180,1516,0.13892883277731857
331,1177,1508,0.13896811949491605
329,1179,1508,0.13901726305431783
334,1177,1511,0.13906812798763865
327,1171,1498,0.13910093477296318
331,1165,1496,0.13914912644281052
331,1180,1511,0.13918353451765994
332,1175,1507,0.13921457059153103
333,1187,1520,0.13924076589060685
327,1178,1505,0.13926355178157934
327,1189,1516,0.1392996301845573
331,1181,1512,0.1393327140952632
329,1190,1519,0.1393517938514681
331,1169,1500,0.13937401628483054
328,1180,1508,0.13938882097192867
328,1181,1509,0.13940997963238078
331,1188,1519,0.13943068103024334
326,1199,1525,0.13944184220412312
327,1190,1517,0.1394643015900048
318,1187,1505,0.13948189232348596
324,1187,1511,0.13952193746135297
328,1175,1503,0.1395443460586689
323,1168,1491,0.13955413456393778
327,1164,1491,0.13957769334535672
324,1173,1497,0.13958803590613622
324,1170,1494,0.13960611087784902
325,1182,1507,0.13962362415018836
324,1175,1499,0.13963700289117598
324,1179,1503,0.13965245290006575
323,1189,1512,0.13966649739433504
324,1204,1528,0.13968135340789484
321,1203,1524,0.13969252598235848
320,1200,1520,0.1397111745616939
326,1196,1522,0.13973171794528969
326,1189,1515,0.1397364954532368
325,1186,1511,0.13974176415742434
326,1186,1512,0.13974821856597602
331,1181,1512,0.13975181528525177
324,1175,1499,0.13974297060535776
318,1170,1488,0.13975260226036096
320,1178,1498,0.13977673218241343
318,1181,1499,0.13979226575843595
317,1178,1495,0.1398120050277154
320,1175,1495,0.1398321581564786
324,1176,1500,0.13984289465845626
324,1175,1499,0.1398423815658437
328,1185,1513,0.1398420220806217
325,1184,1509,0.1398318352734625
322,1187,1509,0.13982984172637994
321,1193,1514,0.139835830964988
324,1209,1533,0.13984420821944854
319,1198,1517,0.13984549278754485
318,1195,1513,0.13985939129749606
320,1197,1517,0.13987571344624766
325,1196,1521,0.13988563072271276
321,1192,1513,0.1398813626992718
320,1199,1519,0.13988829645876114
322,1199,1521,0.13989781608880883
319,1195,1514,0.13990150128366907
319,1195,1514,0.13991201006102752
316,1208,1524,0.1399220993287118
316,1212,1528,0.1399395662442395
318,1203,1521,0.13995535246789237
314,1204,1518,0.1399663965324787
318,1200,1518,0.1399874833112365
317,1196,1513,0.13999690032818826
318,1200,1518,0.14000812919577438
315,1210,1525,0.14001662163046466
313,1197,1510,0.14003333082935257
307,1204,1511,0.1400548827942165
304,1211,1515,0.14009065453536831
304,1213,1517,0.14013229768728175
308,1205,1513,0.14017092526862654
305,1211,1516,0.1401966035213106
303,1205,1508,0.14022773656827847
297,1215,1512,0.14026097403532575
293,1215,1508,0.14030661283042684
299,1189,1488,0.14035904294921459
308,1199,1507,0.140392278847667
307,1203,1510,0.14039908698626505
307,1203,1510,0.14040785651866336
305,1215,1520,0.14041741675334318
307,1214,1521,0.14043134047524716
313,1206,1519,0.14043997172978911
309,1204,1513,0.14043327418680016
306,1203,1509,0.14043800424444386
303,1203,1506,0.14045149028013276
305,1209,1514,0.14047203877793538
298,1198,1496,0.14048639591238024
300,1197,1497,0.1405166967132201
300,1207,1507,0.1405402697529902
303,1219,1522,0.14056330029701147
300,1222,1522,0.1405761914798654
305,1223,1528,0.1405966543410799
303,1225,1528,0.1406021813995175
307,1209,1516,0.14061378520442236
303,1209,1512,0.14061496067694962
295,1216,1511,0.14062757972244275
298,1216,1514,0.14066105726738712
291,1202,1493,0.1406837725110514
290,1211,1501,0.14072357689358922
287,1225,1512,0.14076416903050765
289,1233,1522,0.14080923886739666
294,1222,1516,0.14084513184003333
295,1214,1509,0.14086538351539993
296,1219,1515,0.14088229320721207
297,1216,1513,0.14089771751541236
296,1206,1502,0.14091051473297866
292,1220,1512,0.14092587357218536
288,1228,1516,0.14095002307840596
288,1226,1514,0.1409844780394685
285,1224,1509,0.1410168866290447
286,1233,1519,0.14105364176971874
284,1229,1513,0.14108477661935817
284,1223,1507,0.14111972998071493
283,1222,1505,0.14115325397062808
281,1218,1499,0.1411864308702598
281,1231,1512,0.141222260481317
286,1237,1523,0.141254903283833
288,1232,1520,0.1412733294216159
291,1236,1527,0.1412859272349901
293,1238,1531,0.14128999078873972
295,1237,1532,0.1412887080514949
296,1226,1522,0.14128278118119744
294,1235,1529,0.1412752007568961
291,1231,1522,0.14127415544699207
295,1232,1527,0.1412808782813054
298,1219,1517,0.14127600492943462
296,1228,1524,0.1412642668225664
296,1224,1520,0.14125863943716768
294,1228,1522,0.1412541064606227
295,1212,1507,0.14125409477906048
297,1214,1511,0.14125079450386505
295,1210,1505,0.141241101090795
296,1209,1505,0.1412379112778971
298,1219,1517,0.1412308643976396
294,1230,1524,0.14121877369176156
297,1235,1532,0.14121641173523541
296,1228,1524,0.14120664189586307
299,1217,1516,0.14119923059600192
291,1225,1516,0.1411844143127721
295,1221,1516,0.1411907822606993
296,1228,1524,0.14118598291312487
289,1213,1502,0.141177964851
295,1216,1511,0.14118942397501882
301,1217,1518,0.1411842853325537
301,1219,1520,0.1411637687492462
295,1214,1509,0.14114524642731144
295,1219,1514,0.14114309867243233
291,1218,1509,0.14114072115812898
294,1211,1505,0.14114844873886784
296,1210,1506,0.141147488959561
295,1217,1512,0.1411425328910169
290,1222,1512,0.14113950922772658
296,1228,1524,0.14115054892716128
285,1221,1506,0.14114542980690586
288,1220,1508,0.141169868264862
288,1227,1515,0.14118545548131053
283,1232,1515,0.14120081024072406
283,1219,1502,0.1412287214315757
284,1229,1513,0.14125526421772658
282,1217,1499,0.1412779964326804
284,1221,1505,0.1413038675270507
283,1224,1507,0.14132245123683881
281,1215,1496,0.14134112083710085
282,1219,1501,0.14136412447409788
280,1210,1490,0.1413833084969755
284,1216,1500,0.14140489306097329
287,1218,1505,0.14141574075305666
279,1229,1508,0.14141807926431837
281,1229,1510,0.14144123037491652
281,1223,1504,0.14145798646160265
281,1222,1503,0.14147359429605885
281,1235,1516,0.1414881751872459
278,1235,1513,0.14150120273918154
281,1216,1497,0.14152057547211622
280,1221,1501,0.14153132416736344
284,1241,1525,0.1415435573672386
291,1244,1535,0.14154358278600299
292,1249,1541,0.141525171039141
289,1242,1531,0.14150569591523024
286,1235,1521,0.14149517704367415
281,1234,1515,0.14149331835453938
279,1241,1520,0.1415047010128115
277,1237,1514,0.14152069947636314
282,1244,1526,0.1415399752054623
276,1244,1520,0.14154444090695123
275,1243,1518,0.14156343951153172
274,1238,1512,0.14158342492078893
279,1245,1524,0.14160393605216687
277,1240,1517,0.14161047073869162
280,1245,1525,0.1416233123804796
273,1252,1525,0.14162685369782832
271,1242,1513,0.14164884777775782
274,1233,1507,0.1416737952565269
283,1242,1525,0.14168906946512685
277,1237,1514,0.14168051798152217
278,1240,1518,0.1416886857367528
274,1242,1516,0.14169381374069012
275,1247,1522,0.1417076640372054
275,1255,1530,0.1417180562979149
274,1250,1524,0.14172890492679435
270,1261,1531,0.14174240468501748
270,1245,1515,0.14176529476885466
269,1259,1528,0.14178659100153695
268,1262,1530,0.14180876155550565
271,1251,1522,0.14183251619993523
268,1240,1508,0.14184631918413382
267,1243,1510,0.14186669899794171
269,1243,1512,0.14188806038703114
273,1239,1512,0.14190239300604984
271,1236,1507,0.14190505075726856
270,1239,1509,0.14191241712446423
277,1250,1527,0.14192203547642016
273,1251,1524,0.14191291970065323
274,1246,1520,0.1419155716574619
277,1230,1507,0.1419156426644119
273,1246,1519,0.14190894413664445
275,1253,1528,0.14191302027599476
265,1251,1516,0.14191199193205595
269,1254,1523,0.14193678028741238
273,1244,1517,0.14194878370036593
271,1245,1516,0.1419493442737946
267,1241,1508,0.14195543644048084
267,1250,1517,0.14197151980402534
270,1233,1503,0.1419865694272776
271,1253,1524,0.14199239612297085
273,1250,1523,0.14199411550349483
276,1254,1530,0.1419899148018384
277,1247,1524,0.1419777398803455
275,1245,1520,0.14196335915718591
280,1232,1512,0.14195493664519368
278,1228,1506,0.14193407186865095
277,1219,1496,0.14192078984188014
279,1222,1501,0.14190951264832927
277,1223,1500,0.14189338071173982
276,1218,1494,0.14188454919281354
281,1228,1509,0.1418789898088529
279,1233,1512,0.14186125704448507
278,1236,1514,0.14185011892063604
281,1238,1519,0.1418432680377474
273,1249,1522,0.14182880617409477
267,1246,1513,0.14183615947894035
266,1245,1511,0.1418587335328971
265,1245,1510,0.14188252853296407
265,1241,1506,0.1419079771966287
261,1233,1494,0.1419309303317886
260,1243,1503,0.14196357080566893
267,1248,1515,0.14199578340062607
267,1243,1510,0.14200671981270446
265,1250,1515,0.14201669676108622
265,1242,1507,0.1420316691068112
263,1235,1498,0.14204619669128926
261,1222,1483,0.1420649613141535
267,1237,1504,0.14208715782805856
270,1242,1512,0.14209182304991086
275,1231,1506,0.14208810856946003
271,1247,1518,0.1420717767614614
272,1247,1519,0.14206707756827952
271,1247,1518,0.14206015696007246
271,1254,1525,0.14205627013119698
267,1247,1514,0.14205373157241627
270,1242,1512,0.14206159449878247
269,1242,1511,0.14206055733822615
263,1245,1508,0.1420624772763202
264,1244,1508,0.14208114687863646
268,1248,1516,0.14209592807671897
271,1242,1513,0.14209911271481265
266,1241,1507,0.14209389061291877
266,1236,1502,0.14210280131036648
267,1249,1516,0.14211176511258514
263,1250,1513,0.14211672399412517
264,1243,1507,0.14213194282105884
264,1249,1513,0.14214441474678277
269,1249,1518,0.1421551330737171
270,1261,1531,0.14215188941819792
273,1244,1517,0.14214622080318973
275,1240,1515,0.14213315135039153
275,1263,1538,0.14211583251698642
276,1257,1533,0.142099697305361
278,1249,1527,0.1420815945145204
272,1250,1522,0.14205948943251973
272,1241,1513,0.1420545148634431
274,1243,1517,0.14204927900875808
272,1260,1532,0.1420389460180324
270,1255,1525,0.14203399240811174
271,1254,1525,0.1420350888169815
271,1257,1528,0.14203267330369654
269,1239,1508,0.14203135410049753
269,1251,1520,0.1420354660901395
270,1243,1513,0.14203841329903827
270,1232,1502,0.1420387278213935
261,1236,1497,0.1420384342035307
261,1250,1511,0.14206170576226726
261,1260,1521,0.14208371686737806
263,1255,1518,0.14210463561343356
258,1248,1506,0.14211894045361195
255,1248,1503,0.14214489649454584
253,1251,1504,0.1421780130361456
259,1253,1512,0.14221380509331186
260,1255,1515,0.14222993435455103
254,1249,1503,0.14224228030050468
256,1259,1515,0.14227039629365526
258,1255,1513,0.14229182887233946
261,1255,1516,0.14230619367320568
256,1257,1513,0.14231142507497738
254,1257,1511,0.14232946657738016
260,1253,1513,0.14235039697037505
263,1252,1515,0.14235433326932978
263,1258,1521,0.14235099112057642
263,1252,1515,0.14234720372681306
268,1248,1516,0.14234379916721815
263,1253,1516,0.14232728388403723
260,1259,1519,0.1423255185364228
258,1258,1516,0.14233175952590138
253,1266,1519,0.14234229129217923
258,1269,1527,0.1423651333841487
260,1256,1516,0.14237319123099126
259,1260,1519,0.14237464438231914
256,1264,1520,0.1423785897246291
254,1264,1518,0.14238984820269834
248,1256,1504,0.14240521267895553
253,1268,1521,0.1424352994152896
254,1270,1524,0.14244960406456056
256,1261,1517,0.14246035300689108
251,1272,1523,0.14246566421305343
245,1266,1511,0.14248459827695079
251,1268,1519,0.14251838547766557
249,1267,1516,0.14253405271672825
245,1282,1527,0.1425538105008824
241,1290,1531,0.14258257107767222
239,1287,1526,0.142620977136086
242,1288,1530,0.14266167676235667
237,1279,1516,0.14269213605210648
232,1282,1514,0.1427338606357836
234,1287,1521,0.1427864994044249
234,1278,1512,0.1428314167513021
236,1270,1506,0.1428745650351252
238,1282,1520,0.14290910196167914
236,1281,1517,0.1429373329793765
235,1286,1521,0.14296953078810518
229,1287,1516,0.1430024952711755
228,1291,1519,0.14304887308749112
224,1285,1509,0.14309499402391615
231,1280,1511,0.14314810037424083
237,1282,1519,0.14317875664017712
236,1277,1513,0.14319045096098107
235,1272,1507,0.14320397139399457
238,1277,1515,0.1432198253970562
241,1279,1520,0.14322654563113982
232,1277,1509,0.14322512942769292
236,1286,1522,0.14324956762368887
235,1273,1508,0.14326194892690286
242,1273,1515,0.14327679160376336
243,1280,1523,0.14327139055769753
244,1285,1529,0.1432644250624844
237,1274,1511,0.14325589493088944
237,1271,1508,0.14326678780081992
237,1285,1522,0.14327693379064882
239,1271,1510,0.14328586070137422
242,1271,1513,0.143289187469156
239,1279,1518,0.14328519594506614
238,1278,1516,0.14328989029750408
235,1277,1512,0.1432977123680413
233,1280,1513,0.14331328984591585
237,1272,1509,0.14333336247050807
231,1272,1503,0.14334235737318302
227,1275,1502,0.1433666858619568
230,1275,1505,0.14340059007826197
231,1280,1511,0.14342395768738264
230,1276,1506,0.1434427949915526
223,1271,1494,0.1434626667845467
223,1289,1512,0.14349985673432988
222,1292,1514,0.1435345389001708
216,1297,1513,0.14357006998448882
225,1284,1509,0.14361936815073778
227,1292,1519,0.14364090051599634
224,1301,1525,0.14365526516709307
224,1279,1503,0.14367696070739464
227,1284,1511,0.14369708930189556
219,1290,1509,0.1437082172080506
215,1302,1517,0.14374019991683412
212,1292,1504,0.1437809111568359
212,1305,1517,0.14382672508845873
219,1297,1516,0.14386938011475348
218,1301,1519,0.14388925906673375
213,1308,1521,0.14391104308493638
211,1303,1514,0.14394557110978787
215,1302,1517,0.1439825768873894
210,1300,1510,0.14400570609683025
206,1317,1523,0.14404090945593165
203,1305,1508,0.14408452561996044
207,1299,1506,0.14413291373581338
208,1308,1516,0.14416725549587966
209,1305,1514,0.14419644594300468
211,1292,1503,0.14422088408334374
212,1295,1507,0.14423815917441496
208,1309,1517,0.14425188186326543
214,1300,1514,0.14427479941184887
208,1285,1493,0.1442803398656132
203,1295,1498,0.14430170005775836
210,1307,1517,0.14433522147705488
209,1301,1510,0.1443475911667296
214,1299,1513,0.14436200456866255
213,1296,1509,0.1443621996023808
213,1306,1519,0.14436519564996292
210,1301,1511,0.14436811675955874
208,1307,1515,0.14437904277226576
212,1307,1519,0.1443933974230387
214,1310,1524,0.1443966472813242
210,1310,1520,0.14439413603013473
210,1303,1513,0.14440338727966365
208,1308,1516,0.14441113469307537
211,1311,1522,0.14442330766282807
211,1314,1525,0.14442546212061214
207,1316,1523,0.14442696591987986
201,1312,1513,0.14443970934816336
205,1309,1514,0.1444678303903846
205,1310,1515,0.14448233082660664
204,1313,1517,0.14449582100997227
203,1311,1514,0.14451137978931633
205,1321,1526,0.14452812084156824
204,1333,1537,0.1445384141936858
204,1336,1540,0.14455074357318476
195,1326,1521,0.14456291288117243
193,1319,1512,0.14459843015418306
199,1316,1515,0.14463671774711678
196,1315,1511,0.14465656257093826
196,1313,1509,0.14468248989055696
199,1306,1505,0.14470658748693133
199,1294,1493,0.14472089777056432
196,1297,1493,0.14473404064764367
197,1295,1492,0.14475383396876138
200,1313,1513,0.14476934238387834
200,1310,1510,0.14477554023359068
198,1315,1513,0.14478197887633193
199,1321,1520,0.1447933978461966
195,1324,1519,0.1448018969770521
200,1312,1512,0.14482205435886258
203,1307,1510,0.14482764105854848
199,1321,1520,0.14482469583823626
197,1329,1526,0.14483289394227664
196,1329,1525,0.14484577657658854
193,1328,1521,0.14486018874290785
192,1324,1516,0.14488196416468432
195,1329,1524,0.14490389080171906
195,1325,1520,0.1449157236356638
195,1329,1524,0.1449262820206174
193,1321,1514,0.1449365682860005
198,1329,1527,0.1449515475560523
194,1326,1520,0.1449519494836478
198,1324,1522,0.1449632012376108
197,1320,1517,0.1449628392880828
197,1315,1512,0.14496523232703704
198,1317,1515,0.14496715969989157
193,1314,1507,0.14496551452906176
197,1301,1498,0.14497731083190524
194,1306,1500,0.14497708595818007
194,1316,1510,0.14498534596370508
196,1320,1516,0.14499338728992006
195,1321,1516,0.14499517174802024
195,1324,1519,0.14500020767109678
193,1331,1524,0.14500539176577262
192,1326,1518,0.14501657635428886
196,1326,1522,0.14502942432158739
193,1313,1506,0.14503008862082162
193,1325,1518,0.14503899554219443
192,1320,1512,0.14504703793825496
194,1331,1525,0.1450570537675082
200,1328,1528,0.1450605572576731
195,1323,1518,0.14504738578991502
197,1330,1527,0.14504910526809767
192,1325,1517,0.1450451435474085
187,1326,1513,0.14505585191928083
189,1321,1510,0.14507939456485844
188,1317,1505,0.14509586133679925
190,1319,1509,0.14511402461359246
189,1319,1508,0.14512591694104304
189,1318,1507,0.14514012072123678
187,1323,1510,0.14515442135309292
186,1326,1512,0.14517361667698356
183,1328,1511,0.14519463794456666
186,1330,1516,0.14522268812782796
185,1332,1517,0.14523977909061472
181,1323,1504,0.1452585668062695
178,1325,1503,0.14528765423696677
179,1331,1510,0.14532273015040276
173,1334,1507,0.14535257419131142
175,1328,1503,0.1453975211999948
170,1330,1500,0.14543351666712456
180,1343,1523,0.14548124265831924
177,1340,1517,0.14549896676561563
178,1334,1512,0.14552446346088152
177,1342,1519,0.14554545061615243
178,1346,1524,0.14556822903533187
177,1332,1509,0.14558658574254088
179,1334,1513,0.1456069328079924
172,1327,1499,0.1456206600687647
173,1334,1507,0.14565269695629857
172,1327,1499,0.14567983329564374
168,1339,1507,0.14570789574425627
176,1340,1516,0.14574538176297616
180,1337,1517,0.1457587698726889
174,1324,1498,0.145760250358046
174,1323,1497,0.14577817279321
174,1322,1496,0.14579465902111874
178,1317,1495,0.14580991506362503
179,1319,1498,0.14581301942327887
179,1312,1491,0.14581335110183444
179,1321,1500,0.14581399588078287
184,1314,1498,0.14581493110947508
181,1321,1502,0.1458022128511098
181,1327,1508,0.14579933513561405
184,1334,1518,0.14579653664668474
175,1335,1510,0.14578635187051195
176,1334,1510,0.14580225277037798
169,1333,1502,0.14581466151389233
171,1339,1510,0.1458452558512288
170,1336,1506,0.14586800578277828
172,1344,1516,0.14589173288710172
173,1348,1521,0.14590897920339013
173,1349,1522,0.145922164659214
167,1347,1514,0.14593454951290916
166,1350,1516,0.14596268232970122
165,1362,1527,0.145991881324709
169,1353,1522,0.14602221511208924
167,1349,1516,0.14603927566216296
164,1355,1519,0.146060171017606
169,1360,1529,0.1460879685153176
165,1355,1520,0.14610059973328443
168,1356,1524,0.14612362022838418
165,1368,1533,0.14613716921279007
162,1366,1528,0.14615855998510996
159,1357,1516,0.14618718143728984
159,1356,1515,0.14622229690175595
152,1348,1500,0.1462548079558075
149,1354,1503,0.14630457822936702
152,1353,1505,0.1463595626931003
156,1360,1516,0.1464028543832187
155,1358,1513,0.14643240744992309
157,1347,1504,0.14646311524992164
156,1360,1516,0.14648630609752114
150,1361,1511,0.14651039543737227
149,1352,1501,0.1465492873282474
150,1359,1509,0.14658874238663874
151,1362,1513,0.14662304484212937
154,1363,1517,0.14665252316988525
155,1368,1523,0.1466715602841727
154,1367,1521,0.14668684456326642
151,1369,1520,0.1467038006389497
147,1362,1509,0.1467283297986326
147,1361,1508,0.14676220465958367
151,1362,1513,0.14679368873639906
150,1376,1526,0.14681227853788592
151,1363,1514,0.14683277984588122
151,1356,1507,0.14684949163165
153,1367,1520,0.146864976359749
155,1349,1504,0.1468740592367917
155,1358,1513,0.1468772695248131
151,1362,1513,0.14688038525914465
150,1364,1514,0.14689462573733209
153,1369,1522,0.14691101451824254
148,1368,1516,0.146917963289814
148,1358,1506,0.1469384186191464
146,1364,1510,0.14695771463145882
149,1349,1498,0.14698132010497614
148,1349,1497,0.1469950630052832
147,1365,1512,0.1470104818337704
150,1356,1506,0.14702761905454395
148,1347,1495,0.14703586141573746
154,1357,1511,0.14704887071818298
153,1352,1505,0.14704402422907706
150,1353,1503,0.14704320483090946
145,1339,1484,0.14705075512195998
141,1352,1493,0.14707203175569286
146,1343,1489,0.1471026662867078
143,1355,1498,0.14711694806105705
147,1361,1508,0.14713837763643753
147,1368,1515,0.14714726653453927
151,1361,1512,0.14715536334133275
151,1362,1513,0.14715160808753777
151,1374,1525,0.14714843057437654
151,1376,1527,0.14714588620828112
148,1364,1512,0.14714375341682062
149,1370,1519,0.14715029689028875
148,1360,1508,0.1471539257686986
151,1363,1514,0.1471602306021279
151,1359,1510,0.14715766563360413
153,1367,1520,0.14715529122246132
154,1363,1517,0.1471479238800726
152,1349,1501,0.14713846891410665
148,1350,1498,0.14713556849567352
150,1352,1502,0.14714388271358061
147,1362,1509,0.14714623641720362
148,1363,1511,0.14715687319761014
147,1364,1511,0.14716418016171928
144,1364,1508,0.14717365030384286
142,1363,1505,0.14719055357931662
143,1368,1511,0.14721160505485378
140,1367,1507,0.14722856779662924
141,1367,1508,0.1472527489464253
140,1367,1507,0.1472731672649589
139,1378,1517,0.1472947457088876
140,1367,1507,0.14731753681038973
138,1369,1507,0.14733639580961844
135,1373,1508,0.14736035402415315
137,1367,1504,0.1473913641584011
140,1364,1504,0.14741499554123902
137,1369,1506,0.1474285046650865
134,1372,1506,0.14744971467833629
129,1381,1510,0.14747752507796208
129,1382,1511,0.14751726231869675
126,1386,1512,0.14755398391008553
128,1386,1514,0.14759636353872435
129,1377,1506,0.14763004377875633
130,1386,1516,0.14765839999534427
130,1378,1508,0.14768146294364806
136,1379,1515,0.1477033009531829
135,1368,1503,0.14770719676897914
137,1374,1511,0.1477138162338694
137,1379,1516,0.14771476882571075
136,1384,1520,0.147715552714683
132,1390,1522,0.14771923966856026
132,1396,1528,0.14773314457439335
128,1399,1527,0.1477464728714064
130,1398,1528,0.14776983916239658
129,1404,1533,0.14778548111803913
129,1395,1524,0.14780293773720765
130,1388,1518,0.14781919553286607
127,1384,1511,0.14783171340382262
128,1386,1514,0.1478519317424271
125,1382,1507,0.14786829398347387
124,1375,1499,0.14789169524836374
123,1389,1512,0.14791633224467918
125,1385,1510,0.14794221084438827
125,1390,1515,0.1479603284379726
128,1398,1526,0.14797723955238473
125,1397,1522,0.14798506570056982
122,1395,1517,0.1480008132156939
123,1390,1513,0.14802399692196633
121,1389,1510,0.14804263944099957
124,1385,1509,0.14806537587375512
124,1386,1510,0.14807813851011634
120,1388,1508,0.14808993895365474
122,1385,1507,0.14811187365516357
121,1393,1514,0.14812685305968695
119,1396,1515,0.14814330229074424
119,1400,1519,0.14816448494905085
119,1400,1519,0.14818406119350871
120,1388,1508,0.1482023757168003
121,1396,1517,0.14821675132773762
123,1396,1519,0.14822751122361438
124,1394,1518,0.14823217267388375
120,1408,1528,0.1482335390999726
120,1396,1516,0.14824617781462596
118,1393,1511,0.14825770467419488
118,1398,1516,0.1482740095075297
121,1399,1520,0.1482890166364295
117,1397,1514,0.14829447139909516
118,1395,1513,0.14831082506397789
119,1414,1533,0.1483235440624506
118,1404,1522,0.1483322028340373
117,1414,1531,0.14834291826390758
119,1406,1525,0.1483551919253627
120,1387,1507,0.1483607748339446
116,1390,1506,0.14836307551261335
114,1395,1509,0.1483767817748985
117,1396,1513,0.14839492600178603
116,1385,1501,0.14840302608063832
111,1397,1508,0.14841332379350924
113,1391,1504,0.14843730283874443
115,1399,1514,0.14845341294552977
109,1404,1513,0.14846266872376282
108,1401,1509,0.14848851181230832
105,1403,1508,0.1485157600802779
113,1406,1519,0.14854967113599085
118,1403,1521,0.14855856787602228
121,1395,1516,0.14855245030432715
123,1392,1515,0.14853807780265949
119,1387,1506,0.14851904991273115
122,1391,1513,0.14851250304993915
124,1390,1514,0.1484979539292368
123,1393,1516,0.1484783238782885
126,1405,1531,0.14846268929440382
126,1400,1526,0.14843940582734058
126,1402,1528,0.1484176912704224
123,1393,1516,0.14839777923807038
123,1395,1518,0.14838780124808473
124,1394,1518,0.14837844316901638
119,1385,1504,0.14836675390858414
119,1373,1492,0.14837022330943933
118,1385,1503,0.1483734848756948
118,1399,1517,0.14837959980681073
121,1384,1505,0.14838487704050024
122,1384,1506,0.14838175318274185
121,1384,1505,0.14837559731021632
124,1378,1502,0.14837251699755835
121,1377,1498,0.14836121552628298
123,1399,1522,0.14835891440804702
122,1403,1525,0.14835074564665743
123,1405,1528,0.14834597624232754
120,1393,1513,0.1483388870327115
116,1393,1509,0.1483408279114663
119,1398,1517,0.14835406569278123
123,1391,1514,0.1483575216159192
120,1380,1500,0.148349167870433
119,1371,1490,0.14835008435936903
120,1377,1497,0.14835375191958844
120,1387,1507,0.14835445524315194
121,1401,1522,0.14835501795387832
123,1400,1523,0.14835246935453866
121,1392,1513,0.14834463685131788
118,1391,1509,0.14834318995932363
117,1390,1507,0.1483511465274333
114,1405,1519,0.1483615155497818
113,1409,1522,0.14837974077246002
106,1414,1520,0.14839943482856577
106,1418,1524,0.14843777327505997
107,1423,1530,0.14847390911895153
110,1414,1524,0.1485047374819019
109,1420,1529,0.1485252360213782
113,1413,1526,0.14854732621369773
115,1407,1522,0.14855658103383645
113,1399,1512,0.1485597016191826
110,1406,1516,0.14856840096193355
106,1407,1513,0.14858470313524197
106,1414,1520,0.14861147756875365
103,1412,1515,0.14863660375375606
106,1418,1524,0.14866827216951184
104,1420,1524,0.14868907186636499
101,1411,1512,0.14871436921751124
100,1404,1504,0.14874663924697257
104,1420,1524,0.14877967501799458
102,1415,1517,0.14879863613193137
101,1420,1521,0.14882266863618987
102,1424,1526,0.14884839117660764
103,1424,1527,0.14886932314293821
104,1424,1528,0.14888583787107776
101,1423,1524,0.14889829139304597
104,1414,1518,0.14891870919986724
103,1408,1511,0.14892909232347357
102,1398,1500,0.14894155830249947
103,1397,1500,0.14895611719247553
102,1409,1511,0.1489667305422855
97,1403,1500,0.14897957692211702
97,1402,1499,0.14900623246235026
98,1407,1505,0.14903111174700187
100,1414,1514,0.14905137730559354
99,1425,1524,0.149064614242119
96,1420,1516,0.1490800783479961
100,1424,1524,0.14910315204599653
100,1415,1515,0.149112796999826
100,1419,1519,0.14912192227416607
100,1412,1512,0.14913074020124423
98,1415,1513,0.1491388454812339
102,1424,1526,0.14915223918709183
99,1433,1532,0.14915297696054275
100,1427,1527,0.14916245194159283
95,1420,1515,0.14916862807929626
94,1427,1521,0.14918889839312827
93,1428,1521,0.14921065386766666
91,1424,1515,0.14923382891231948
92,1421,1513,0.1492613803634486
97,1421,1518,0.14928381192241374
95,1419,1514,0.1492901264869844
93,1427,1520,0.14930200971521607
94,1421,1515,0.14931934774262204
94,1425,1519,0.1493323901213567
90,1424,1514,0.1493446596737871
91,1438,1529,0.14936814226075712
89,1434,1523,0.14938688137684175
88,1431,1519,0.14941033763818293
86,1429,1515,0.14943539562316638
87,1426,1513,0.14946466688534263
83,1443,1526,0.14948909773150323
82,1436,1518,0.14952374041292657
79,1438,1517,0.1495589696276386
79,1430,1509,0.14960022611073218
82,1440,1522,0.14963887802379866
83,1452,1535,0.14966639091570158
83,1451,1534,0.14968957278458372
82,1455,1537,0.14971123670410436
81,1446,1527,0.14973466783049819
83,1427,1510,0.1497596686941072
85,1426,1511,0.14977722539868424
82,1422,1504,0.14978802653259304
79,1438,1517,0.14980739536938603
82,1438,1520,0.14983443110168881
83,1435,1518,0.14985084505024407
79,1435,1514,0.14986347098515254
78,1441,1519,0.14988732701495772
76,1429,1505,0.14991239820272398
79,1434,1513,0.14994131411610115
76,1446,1522,0.14995944438952802
76,1434,1510,0.14998569519478253
76,1442,1518,0.15001038811607512
75,1443,1518,0.1500336602284382
72,1441,1513,0.15005822700819418
68,1440,1508,0.15009018814947978
65,1451,1516,0.15013176426510114
66,1446,1512,0.15017941602607648
65,1442,1507,0.15022083135857212
64,1438,1502,0.15026244925116086
67,1444,1511,0.15030446202878434
68,1433,1501,0.15033465102743193
68,1439,1507,0.1503600432540973
63,1445,1508,0.15038404522715423
64,1446,1510,0.15042185552446116
62,1449,1511,0.1504540822877112
63,1445,1508,0.1504902580474302
63,1437,1500,0.1505210032750882
65,1436,1501,0.150549851845086
66,1443,1509,0.1505710932594079
64,1444,1508,0.15058808205763635
64,1449,1513,0.15061029635461318
62,1453,1515,0.15063128491345382
63,1447,1510,0.15065657745655728
62,1442,1504,0.15067727987251148
62,1456,1518,0.15069984242809234
63,1453,1516,0.15072127953640627
64,1443,1507,0.15073820600962778
60,1445,1505,0.15075106567988866
62,1439,1501,0.1507753452707279
63,1452,1515,0.1507921888643539
64,1456,1520,0.1508050806117405
64,1449,1513,0.15081432317095508
61,1453,1514,0.1508232664428996
59,1449,1508,0.15084079672956155
63,1448,1511,0.15086315889638524
61,1439,1500,0.15087226085980002
58,1442,1500,0.15088708971789203
60,1439,1499,0.15091006579865854
63,1437,1500,0.1509255196912228
65,1450,1515,0.1509308464253253
64,1448,1512,0.1509298125440797
64,1458,1522,0.15093201326570885
64,1458,1522,0.15093409847598466
61,1454,1515,0.15093611793676467
57,1466,1523,0.15094699682948995
57,1468,1525,0.15096895851637127
57,1467,1524,0.15098917173116053
58,1447,1505,0.15100770986564527
57,1444,1501,0.15102193888487186
56,1433,1489,0.151038326040583
57,1441,1498,0.15105651282411414
55,1456,1511,0.15107035548312223
55,1455,1510,0.15108915026044453
54,1461,1515,0.1511067805185495
52,1468,1520,0.15112628822668797
52,1457,1509,0.15115069721095878
49,1456,1505,0.15117352748303564
51,1464,1515,0.15120401277850914
51,1463,1514,0.15122646109679172
51,1457,1508,0.15124758031872176
51,1474,1525,0.15126740278071296
48,1470,1518,0.1512859252490519
48,1472,1520,0.15131257380820182
49,1458,1507,0.1513372538160588
51,1458,1509,0.15135740137980203
51,1457,1508,0.15137005938083858
52,1445,1497,0.15138191690709238
51,1462,1513,0.1513899475957109
53,1466,1519,0.15140043067165718
51,1453,1504,0.15140435705037392
51,1457,1508,0.15141405616746553
49,1459,1508,0.15142321021322633
51,1447,1498,0.15143759362597714
47,1445,1492,0.15144479769227004
46,1454,1500,0.1514636021602684
47,1463,1510,0.15148401274281142
50,1463,1513,0.15150021287930135
53,1450,1503,0.1515062065507517
55,1455,1510,0.15150291168958932
52,1453,1505,0.151493807462787
53,1458,1511,0.15149481891823338
52,1458,1510,0.15149270312570962
49,1454,1503,0.1514936323920862
51,1463,1514,0.1515034390035408
51,1478,1529,0.15150655734662574
48,1474,1522,0.15150952826983363
49,1469,1518,0.1515215031199648
50,1468,1518,0.15152976591961875
50,1455,1505,0.15153435103072485
50,1466,1516,0.151538690416604
48,1460,1508,0.151542865859239
46,1467,1513,0.1515528615354544
48,1469,1517,0.1515681705804831
50,1468,1518,0.1515764885342066
51,1467,1518,0.15157824693886665
51,1464,1515,0.1515768786517422
48,1462,1510,0.1515755489604195
50,1458,1508,0.15158356487889374
50,1459,1509,0.1515850027870616
46,1462,1508,0.151586445598025
46,1461,1507,0.15160001026629494
46,1462,1508,0.15161267991289124
47,1462,1509,0.15162454353536942
46,1469,1515,0.15163264685918543
46,1474,1520,0.15164334163441043
45,1481,1526,0.1516533319661495
45,1466,1511,0.15166574646277314
46,1475,1521,0.15167737577538548
46,1470,1516,0.15168535689013893
46,1461,1507,0.15169268708555605
46,1473,1519,0.15169974874324965
46,1476,1522,0.15170635179363967
47,1474,1521,0.15171264340781476
47,1479,1526,0.15171534610505572
49,1471,1520,0.151717686504597
47,1477,1524,0.15171377851386564
48,1467,1515,0.15171636055987942
50,1467,1517,0.15171597880946583
50,1469,1519,0.15170968728763273
48,1468,1516,0.151703955424376
45,1471,1516,0.15170467037282154
45,1455,1500,0.1517142572260502
44,1449,1493,0.1517231045009414
43,1468,1511,0.15173419535901267
43,1466,1509,0.15174752032128933
40,1473,1513,0.15175990744584794
40,1474,1514,0.15178051269113957
43,1485,1528,0.15179970685064198
43,1493,1536,0.1518083154464302
44,1479,1523,0.15181635673815658
45,1480,1525,0.1518207818216754
45,1476,1521,0.1518219478389535
47,1477,1524,0.15182302572257322
47,1481,1528,0.1518179711999899
47,1477,1524,0.15181326467110307
50,1479,1529,0.1518090516898173
49,1482,1531,0.15179596626928046
48,1489,1537,0.1517867462531796
48,1481,1529,0.15178116593748484
49,1484,1533,0.15177596826739553
50,1467,1517,0.15176811158552136
48,1479,1527,0.15175781456760606
50,1462,1512,0.15175424491774556
51,1469,1520,0.15174472225435445
51,1467,1518,0.15173279250971541
51,1459,1510,0.15172185364149043
50,1468,1518,0.151711539278454
51,1469,1520,0.15170502769433994
51,1473,1524,0.15169579637225183
50,1470,1520,0.15168736670027455
51,1472,1523,0.15168245902344413
52,1483,1535,0.15167477264415385
53,1481,1534,0.15166451105619452
52,1472,1524,0.15165183698825313
52,1473,1525,0.15164298500373918
53,1467,1520,0.15163495877960664
50,1481,1531,0.15162432170723228
49,1478,1527,0.15162367085318634
47,1482,1529,0.15162600218377076
48,1471,1519,0.15163396981335836
50,1467,1517,0.15163831428170202
49,1463,1512,0.1516362762976089
49,1461,1510,0.1516371118129788
48,1471,1519,0.15163793012989724
48,1466,1514,0.15164153576084502
47,1464,1511,0.15164503001655427
45,1464,1509,0.1516513330651466
49,1457,1506,0.15166331909335962
49,1458,1507,0.15166222278748212
48,1461,1509,0.15166122774121923
47,1470,1517,0.1516634521329407
46,1477,1523,0.15166868478626117
46,1472,1518,0.15167656713650224
47,1470,1517,0.15168401584809238
48,1472,1520,0.15168827882383007
49,1479,1528,0.15168944245568614
49,1467,1516,0.1516874960584323
46,1469,1515,0.15168593050639234
46,1463,1509,0.15169372543615733
45,1444,1489,0.1517012171732729
44,1461,1505,0.15171124173440462
43,1461,1504,0.15172348262993113
42,1467,1509,0.15173819942839736
41,1462,1503,0.1517549666038715
42,1470,1512,0.15177359282632158
42,1471,1513,0.15178801994742172
40,1468,1508,0.15180153239121996
41,1464,1505,0.15182007133843894
41,1465,1506,0.1518342663044825
41,1460,1501,0.15184757522219988
41,1461,1502,0.15185999285088592
43,1477,1520,0.15187156436603758
44,1474,1518,0.15187627503517848
44,1472,1516,0.15187768459654608
43,1467,1510,0.15187905886656022
45,1466,1511,0.15188361709565337
46,1462,1508,0.15188176787349056
42,1453,1495,0.15187697493855054
42,1460,1502,0.15188484471366295
41,1457,1498,0.15189215474410567
42,1475,1517,0.1519018841307337
40,1487,1527,0.15190804938624217
40,1476,1516,0.15191991731293739
39,1475,1514,0.15193105112069627
36,1487,1523,0.1519445538776116
36,1497,1533,0.15196641284981507
41,1486,1527,0.15198671958072635
42,1488,1530,0.1519905468808141
42,1491,1533,0.15199147795922607
42,1488,1530,0.1519925066735063
41,1492,1533,0.1519936382573281
38,1477,1515,0.15199781521966765
37,1480,1517,0.15201098495167087
37,1490,1527,0.15202615784295082
36,1489,1525,0.15204032517055027
35,1473,1508,0.15205650452185843
37,1462,1499,0.1520745531340349
36,1485,1521,0.15208527896252624
35,1479,1514,0.15209828871746697
37,1470,1507,0.15211353460931548
39,1473,1512,0.15212169988010946
41,1486,1527,0.15212317417414545
41,1492,1533,0.15211832194156139
40,1488,1528,0.1521137867820611
38,1480,1518,0.15211264810228253
37,1475,1512,0.15211779863729627
37,1482,1519,0.15212575599056508
37,1483,1520,0.15213322406761065
37,1491,1528,0.15214022166459018
36,1485,1521,0.15214677840879307
36,1477,1513,0.1521559414424236
33,1466,1499,0.1521642374248642
32,1468,1500,0.1521809878717981
31,1474,1505,0.1521997125205809
33,1474,1507,0.1522201396682162
34,1472,1506,0.15223306889068483
32,1468,1500,0.15224210693397644
29,1482,1511,0.1522568940938599
30,1480,1510,0.15228011534512023
30,1483,1513,0.15229875973623194
29,1466,1495,0.1523163067812422
30,1473,1503,0.15233581080189915
31,1481,1512,0.15235088658392518
34,1483,1517,0.15236212202987115
34,1492,1526,0.1523634592758212
33,1492,1525,0.15236483139253662
32,1490,1522,0.15236934158387064
33,1483,1516,0.15237677532649452
32,1493,1525,0.15238064785527627
31,1496,1527,0.1523873443444581
30,1486,1516,0.15239673730362105
28,1489,1517,0.15240855377626314
27,1495,1522,0.15242581416458745
26,1488,1514,0.1524449742500866
27,1504,1531,0.15246604160178345
29,1487,1516,0.15248269817512064
31,1491,1522,0.15249223076170643
31,1492,1523,0.15249506858780004
29,1491,1520,0.15249783762094546
29,1484,1513,0.15250677856341652
28,1494,1522,0.1525150269048255
29,1493,1522,0.1525256621506336
30,1483,1513,0.1525325661832979
30,1489,1519,0.15253580959981863
30,1481,1511,0.15253891741431772
33,1492,1525,0.15254190926135577
35,1484,1519,0.15253535415525923
34,1489,1523,0.1525231546078923
33,1481,1514,0.15251498883224918
33,1486,1519,0.15251049891337717
33,1483,1516,0.15250634124828644
32,1470,1502,0.1525024773274687
32,1473,1505,0.1525020131970865
34,1470,1504,0.15250159724523218
36,1487,1523,0.15249490118061332
36,1479,1515,0.15248245791053422
38,1483,1521,0.15247087084363328
39,1477,1516,0.1524537258138173
39,1478,1517,0.15243478262111435
38,1484,1522,0.15241714499820452
40,1490,1530,0.15240384608546326
39,1486,1525,0.15238524639247317
38,1484,1522,0.15237085448159407
39,1486,1525,0.15236040639358314
38,1483,1521,0.15234732809039397
37,1501,1538,0.15233817650609718
36,1488,1524,0.1523325838495335
35,1490,1525,0.15233035579492413
38,1479,1517,0.1523313849951408
36,1470,1506,0.1523231368174275
34,1478,1512,0.15232169931482578
34,1485,1519,0.1523265004421522
35,1491,1526,0.15233081177712968
34,1494,1528,0.1523317107398155
36,1486,1522,0.15233561078476524
36,1483,1519,0.15233317408594182
37,1480,1517,0.15233084172554123
37,1485,1522,0.1523255713668609
36,1474,1510,0.1523206023255628
37,1465,1502,0.15231911199679984
36,1487,1523,0.15231448020553187
36,1480,1516,0.1523133291964408
37,1474,1511,0.15231227830810823
38,1479,1517,0.1523081485475531
37,1464,1501,0.15230133853506952
36,1481,1517,0.152298336614447
36,1488,1524,0.15229880985868507
33,1482,1515,0.15229929311118942
32,1480,1512,0.1523089466553167
31,1485,1516,0.152321102749876
30,1472,1502,0.15233540458688102
31,1477,1508,0.15235191569123369
32,1467,1499,0.152364269780761
32,1480,1512,0.15237302506584907
31,1474,1505,0.15238124178555865
32,1479,1511,0.15239196122598486
32,1486,1518,0.1523990299862251
32,1486,1518,0.1524055011057053
31,1489,1520,0.15241147516596976
30,1483,1513,0.15241999449685018
31,1471,1502,0.1524309802152936
30,1484,1514,0.15243807238886634
31,1482,1513,0.1524476988752495
31,1459,1490,0.15245355891618267
31,1478,1509,0.15245909561566567
31,1477,1508,0.15246428371192455
30,1479,1509,0.15246914422115806
31,1478,1509,0.15247685668587704
32,1477,1509,0.152480836501088
33,1491,1524,0.15248127243485296
33,1477,1510,0.1524785502725499
36,1481,1517,0.15247593764107478
36,1493,1529,0.1524641190782582
35,1487,1522,0.15245323528085847
36,1493,1529,0.15244613154802245
36,1485,1521,0.1524364192928983
34,1487,1521,0.15242738123636887
36,1479,1515,0.1524251242471278
38,1485,1523,0.1524167903483354
38,1482,1520,0.15240280402175202
37,1482,1519,0.15238989948678053
37,1479,1516,0.15238109995182808
35,1480,1515,0.1523728790649011
34,1489,1523,0.15237134350103138
38,1478,1516,0.1523728635245276
39,1478,1517,0.15236218857781458
38,1464,1502,0.1523490350619112
37,1459,1496,0.15233980577473438
38,1476,1514,0.1523343479127516
38,1485,1523,0.15232605313969536
39,1479,1518,0.15231818852428433
41,1478,1519,0.152307847174524
38,1475,1513,0.15229199447382563
37,1460,1497,0.1522864577948451
36,1463,1499,0.1522842920290813
36,1466,1502,0.15228543886826804
36,1484,1520,0.1522864773206681
37,1478,1515,0.15228753780746085
38,1488,1526,0.15228550833786855
38,1482,1520,0.15228049958278575
38,1484,1522,0.15227591985736713
36,1480,1516,0.152271569524161
36,1478,1514,0.15227395270009988
36,1484,1520,0.15227626851034345
36,1481,1517,0.1522785004865845
38,1483,1521,0.1522806368477189
36,1500,1536,0.15227668450321097
36,1490,1526,0.1522791683144431
34,1485,1519,0.1522814371667517
33,1489,1522,0.15228951350691733
34,1491,1525,0.15230014622925814
33,1476,1509,0.15230708053934225
35,1482,1517,0.15231665952045512
32,1476,1508,0.15231952005105515
33,1481,1514,0.1523316604558039
33,1493,1526,0.15234004519186173
33,1494,1527,0.15234788821124323
33,1499,1532,0.1523553265262862
32,1494,1526,0.15236234357323128
32,1495,1527,0.1523719500052633
32,1502,1534,0.1523809586822773
33,1503,1536,0.15238919365701054
32,1503,1535,0.15239393604725457
32,1488,1520,0.15240132811586055
34,1481,1515,0.15240839087512056
33,1475,1508,0.15240896392988265
31,1487,1518,0.15241261231584555
31,1488,1519,0.15242230813164032
31,1494,1525,0.15243154736933737
32,1491,1523,0.15244034681167282
32,1487,1519,0.1524455029584597
33,1492,1525,0.15245039135047656
28,1480,1508,0.1524520394206892
30,1469,1499,0.15246931966605656
31,1479,1510,0.15247931881370144
32,1479,1511,0.15248544113757206
32,1480,1512,0.1524882546520751
32,1483,1515,0.15249083944664543
33,1467,1500,0.15249296859433062
32,1470,1502,0.1524918205382947
32,1476,1508,0.15249420691845367
31,1477,1508,0.1524967841871484
28,1490,1518,0.15250234260589524
26,1492,1518,0.15251682081456855
25,1496,1521,0.1525362736051507
25,1492,1517,0.15255762110238943
25,1478,1503,0.15257759182047587
24,1484,1508,0.15259628210901016
25,1492,1517,0.1526170315406374
27,1492,1519,0.15263339005960794
27,1493,1520,0.15264263415905482
27,1488,1515,0.15265138656569424
26,1486,1512,0.152659672260435
27,1487,1514,0.1526704347453042
27,1478,1505,0.1526772152469847
26,1480,1506,0.15268358723653633
26,1469,1495,0.15269281038132054
26,1465,1491,0.15270142679716914
26,1481,1507,0.15270981383837223
25,1500,1525,0.15271775074556346
26,1498,1524,0.15272830324006595
27,1494,1521,0.15273509473492464
27,1502,1529,0.1527384654467861
27,1487,1514,0.15274193700118374
27,1492,1519,0.1527452974659977
27,1490,1517,0.1527485427682851
26,1486,1512,0.15275193827237188
24,1493,1517,0.15275816666851477
24,1499,1523,0.15276995000686358
24,1487,1511,0.15278089518192575
26,1495,1521,0.15279110661386613
25,1499,1524,0.15279466540017045
25,1496,1521,0.15280114691137625
26,1486,1512,0.15280738141318384
24,1494,1518,0.1528102628483004
24,1494,1518,0.15281890051848174
25,1482,1507,0.15282684311126843
25,1490,1515,0.1528312678494715
26,1487,1513,0.15283544208236258
25,1498,1523,0.15283639201276134
26,1494,1520,0.15284045912919175
26,1489,1515,0.15284135533814397
24,1505,1529,0.1528422391312684
25,1493,1518,0.15284907646864948
24,1481,1505,0.15285238621290062
24,1477,1501,0.15285850145335192
25,1474,1499,0.15286402465945664
26,1473,1499,0.1528661782703181
27,1484,1511,0.15286535386338165
27,1487,1514,0.15286168389347768
26,1497,1523,0.1528583486799483
25,1492,1517,0.1528582160743809
26,1490,1516,0.15286111458875612
26,1477,1503,0.15286090792001442
25,1479,1504,0.15286076561330486
25,1484,1509,0.15286372489672828
24,1496,1520,0.15286655719088646
25,1501,1526,0.1528721398301009
25,1501,1526,0.15287443097765813
25,1486,1511,0.15287657284363562
25,1474,1499,0.1528785939896098
24,1490,1514,0.15288049793270211
24,1483,1507,0.15288518767534215
25,1488,1513,0.15288961916467625
25,1482,1507,0.1528907596789206
25,1487,1512,0.1528919379782173
25,1483,1508,0.15289308266079465
26,1492,1518,0.15289418018552156
26,1488,1514,0.152892171880989
26,1477,1503,0.15289030469216736
25,1474,1499,0.1528885747694072
25,1479,1504,0.15288999102146777
24,1489,1513,0.15289134039695668
23,1496,1519,0.15289553844710738
23,1513,1536,0.15290250719127307
23,1494,1517,0.1529089081758551
21,1493,1514,0.15291484184108456
20,1491,1511,0.1529263699608228
22,1489,1511,0.15294008846261825
20,1490,1510,0.15294680639627412
20,1495,1515,0.15295934040317646
19,1493,1512,0.15297101575803065
19,1497,1516,0.15298492360488974
17,1485,1502,0.15299792184733774
16,1474,1490,0.1530160603170694
16,1483,1499,0.15303597603335256
15,1490,1505,0.15305444826202236
15,1482,1497,0.15307463095481766
16,1482,1498,0.1530934503430324
15,1485,1500,0.15310796001281662
16,1502,1518,0.15312464643043378
17,1499,1516,0.1531371655837791
16,1488,1504,0.15314586855758883
16,1498,1514,0.15315711950990626
16,1491,1507,0.1531677056544242
15,1491,1506,0.15317764410622622
16,1500,1516,0.15319002298141313
16,1520,1536,0.15319842962313254
16,1524,1540,0.15320639973184533
16,1527,1543,0.15321389995065723
15,1527,1542,0.15322094756790464
15,1515,1530,0.15323072621029307
14,1515,1529,0.1532398196743138
14,1518,1532,0.1532513942692378
13,1514,1527,0.15326208620530013
13,1504,1517,0.15327521138355635
13,1503,1516,0.15328758684002503
13,1509,1522,0.15329916574445882
14,1511,1525,0.15331001933283436
14,1508,1522,0.15331708517270495
15,1513,1528,0.15332370627530523
15,1505,1520,0.15332682884104762
15,1506,1521,0.15332976562077927
14,1515,1529,0.15333254498238275
13,1504,1517,0.15333838476246955
13,1493,1506,0.15334693186979245
13,1490,1503,0.15335493497922312
12,1500,1512,0.15336241784267304
12,1493,1505,0.1533725276275146
12,1488,1500,0.1533820118009396
12,1506,1518,0.1533908901430658
12,1504,1516,0.1533992016794588
12,1499,1511,0.15340698555529694
12,1505,1517,0.15341427811235558
10,1495,1505,0.15342111270656228
11,1512,1523,0.1534338432735703
10,1516,1526,0.15344241783954696
11,1509,1520,0.15345356165188315
10,1512,1522,0.15346085632519416
10,1502,1512,0.15347084060039
10,1517,1527,0.15348022162919542
10,1509,1519,0.15348900950263225
10,1503,1513,0.15349724298925707
9,1513,1522,0.15350495958980848
9,1506,1515,0.1535153947561734
8,1511,1519,0.1535251643715694
8,1516,1524,0.15353744966597602
8,1514,1522,0.15354885683011968
8,1510,1518,0.153559509929603
9,1499,1508,0.15356947705009896
9,1498,1507,0.15357564630715576
9,1513,1522,0.15358154092219464
9,1518,1527,0.1535871104654257
9,1515,1524,0.15359235805551702
10,1512,1522,0.15359729624666485
10,1518,1528,0.15359880757212685
10,1504,1514,0.15360028755818958
10,1503,1513,0.1536017209521345
11,1521,1532,0.15360309659023805
11,1530,1541,0.15360127346038976
11,1516,1527,0.15359957925108858
11,1511,1522,0.15359802454260155
12,1507,1519,0.1535965944546204
12,1499,1511,0.15359217993380947
12,1501,1513,0.15358802949308406
11,1493,1504,0.15358416535975755
11,1499,1510,0.15358368646125609
12,1505,1517,0.15358314062315767
12,1495,1507,0.1535794655811247
12,1507,1519,0.15357612627680287
12,1509,1521,0.1535730369990144
11,1515,1526,0.1535701645166134
10,1518,1528,0.15357057971666827
11,1502,1513,0.15357405848148292
11,1494,1505,0.1535740152437327
11,1501,1512,0.15357388705259478
11,1496,1507,0.15357372700797975
11,1500,1511,0.15357350555793275
11,1513,1524,0.15357334281818205
9,1509,1518,0.153573188289235
9,1507,1516,0.1535792659130986
8,1514,1522,0.15358491027942006
8,1514,1522,0.1535933281315714
7,1503,1510,0.15360110054180848
6,1508,1514,0.15361156781018515
6,1504,1510,0.15362443025091058
6,1515,1521,0.1536364565564764
5,1505,1510,0.15364769336956652
4,1500,1504,0.15366145182610982
5,1501,1506,0.1536774152740357
5,1496,1501,0.15368909810580933
4,1510,1514,0.15370014651599817
7,1506,1513,0.15371380148333802
7,1503,1510,0.1537167624759127
7,1511,1518,0.15371973414471485
6,1500,1506,0.15372261119430022
6,1507,1513,0.15372855914917122
6,1515,1521,0.15373419924068543
6,1519,1525,0.15373951727835597
6,1517,1523,0.15374452136832642
6,1525,1531,0.1537492264834696
6,1519,1525,0.15375364896256835
6,1520,1526,0.15375780505341474
6,1508,1514,0.15376171043443138
6,1504,1510,0.1537653800452803
6,1517,1523,0.15376882803460507
6,1508,1514,0.1537720677577073
6,1497,1503,0.1537751117969838
6,1495,1501,0.15377797199291363
7,1497,1504,0.15378065947967007
7,1500,1507,0.15377993263727557
7,1512,1519,0.15377935060168782
7,1510,1517,0.15377884395781233
7,1511,1518,0.1537783927025452
7,1505,1512,0.15377798571755033
7,1505,1512,0.15377761573165727
6,1521,1527,0.15377727752617404
6,1513,1519,0.15378017868578617
7,1512,1519,0.15378280361629112
9,1512,1521,0.15378201093173516
10,1508,1518,0.15377489135436842
10,1520,1530,0.15376504513978548
9,1523,1532,0.1537559817495012
8,1509,1517,0.15375076233022145
8,1514,1522,0.15374899180024149
9,1507,1516,0.15374719447220386
9,1517,1526,0.15374226112645675
9,1504,1513,0.153737726079188
9,1519,1528,0.15373350419792023
12,1510,1522,0.1537295608318842
11,1510,1521,0.15371630966295347
11,1525,1536,0.15370719366624286
12,1508,1520,0.1536986869603536
12,1506,1518,0.15368760695722006
12,1505,1517,0.1536772549113247
12,1483,1495,0.15366759387002346
11,1487,1498,0.15365856744473466
16,1487,1503,0.15365323855555718
16,1498,1514,0.15363259262514192
15,1505,1520,0.1536135606222464
15,1517,1532,0.1535990052484183
16,1515,1531,0.1535854296481404
15,1504,1519,0.15356966632733005
15,1493,1508,0.15355814465478873
15,1507,1522,0.15354731978238256
15,1508,1523,0.1535371769604689
14,1503,1517,0.15352767331226722
13,1505,1518,0.15352180220444528
13,1519,1532,0.15351936177132022
13,1509,1522,0.15351691405667797
13,1509,1522,0.15351454233423095
13,1512,1525,0.15351226949851188
12,1500,1512,0.15351010382172361
13,1494,1507,0.15351113555737594
13,1509,1522,0.15350891497798952
14,1505,1519,0.1535069377281376
13,1508,1521,0.15350203718502878
13,1514,1527,0.15350056935975323
13,1497,1510,0.15349923642429197
13,1497,1510,0.15349799766900776
11,1500,1511,0.15349683781947124
11,1511,1522,0.15350190355608184
11,1520,1531,0.15350650602566662
11,1504,1515,0.15351074440167442
11,1515,1526,0.15351466941436592
11,1508,1519,0.15351835304387357
10,1502,1512,0.15352180838609453
10,1502,1512,0.15352818948680969
10,1513,1523,0.15353398615083433
10,1513,1523,0.1535394677685613
10,1505,1515,0.15354460370522563
10,1505,1515,0.15354941031494515
11,1509,1520,0.1535539091919904
11,1495,1506,0.1535549700464615
10,1500,1510,0.15355607841624333
10,1510,1520,0.15356027037348144
9,1516,1525,0.15356423009992679
9,1522,1531,0.15357103185582713
9,1511,1520,0.15357738206293717
9,1523,1532,0.15358330456638325
9,1516,1525,0.15358883765255216
9,1517,1526,0.1535940129572621
9,1525,1534,0.15359885751685287
9,1502,1511,0.1536033951286233
9,1504,1513,0.15360764713647682
9,1503,1512,0.15361163291635196
9,1498,1507,0.15361537019974678
9,1489,1498,0.15361887530395155
8,1504,1512,0.15362216330497522
8,1518,1526,0.15362837795031373
8,1524,1532,0.15363420225022126
8,1504,1512,0.1536396481061234
7,1510,1517,0.15364474372480336
7,1494,1501,0.1536526960990807
7,1491,1498,0.15366004924805854
7,1497,1504,0.15366690529346433
7,1497,1504,0.15367331388008182
7,1499,1506,0.15367931197578638
7,1498,1505,0.15368493038818282
8,1512,1520,0.15369019606217643
7,1509,1516,0.1536919236385591
7,1499,1506,0.1536968140676523
7,1503,1510,0.1537013914203913
6,1525,1531,0.15370567341781782
6,1525,1531,0.15371292563678457
6,1531,1537,0.1537196453146119
6,1527,1533,0.15372591814497108
5,1526,1531,0.15373178602913817
6,1527,1533,0.1537404782549139
6,1519,1525,0.1537453647659562
6,1517,1523,0.15374995678752795
6,1516,1522,0.15375427625915677
7,1512,1519,0.15375833517577084
5,1510,1515,0.15375894807901652
5,1507,1512,0.15376602749700233
5,1515,1520,0.15377258066500654
5,1521,1526,0.15377869291584265
5,1518,1523,0.15378440888148448
6,1517,1523,0.15378976152677382
6,1514,1520,0.15379157670494772
6,1515,1521,0.15379329150537682
6,1517,1523,0.15379492287569416
6,1507,1513,0.1537964688281818
6,1507,1513,0.15379793024773292
6,1513,1519,0.15379930965827943
5,1515,1520,0.15380061036853715
5,1490,1495,0.15380504914230367
6,1503,1509,0.15380917893842302
6,1495,1501,0.15380980481045536
6,1499,1505,0.1538104223463965
6,1503,1509,0.15381102523375997
5,1508,1513,0.15381160446804887
5,1517,1522,0.15381535788343154
4,1511,1515,0.1538188898076192
4,1497,1501,0.1538254173811032
4,1510,1514,0.15383148086636428
4,1516,1520,0.15383713681662703
4,1527,1531,0.15384242561623662
4,1515,1519,0.15384737754243805
4,1517,1521,0.15385201779498384
4,1516,1520,0.1538563683853614
3,1526,1529,0.15386044902933815
2,1526,1528,0.15386759567615782
2,1523,1525,0.15387748530760395
2,1519,1521,0.15388672089721137
2,1506,1508,0.1538953584371046
2,1499,1501,0.1539034494852296
2,1514,1516,0.1539110351734998
3,1520,1523,0.15391815092185474
3,1517,1520,0.1539215143352962
3,1517,1520,0.1539246989635738
3,1521,1524,0.15392771169015412
2,1518,1520,0.15393055382431928
2,1508,1510,0.15393649811299312
3,1501,1504,0.15394207306658728
3,1499,1502,0.15394399764064398
2,1506,1508,0.15394585943611028
2,1496,1498,0.15395089858306185
2,1491,1493,0.15395564406237905
2,1493,1495,0.15396009345023404
2,1497,1499,0.15396426771661773
2,1501,1503,0.15396818567653942
2,1504,1506,0.1539718641965757
2,1501,1503,0.15397531864967826
3,1504,1507,0.15397856319568987
3,1506,1509,0.15397825165267645
3,1507,1510,0.15397808105592986
3,1516,1519,0.15397795907193487
3,1507,1510,0.15397786470991007
3,1511,1514,0.15397778882322158
3,1510,1513,0.15397772634473386
3,1516,1519,0.15397767408595903
3,1510,1513,0.1539776298751714
3,1504,1507,0.15397759215132084
3,1506,1509,0.153977559747894
3,1523,1526,0.15397753176739767
3,1525,1528,0.15397750750351388
3,1521,1524,0.15397748639026773
3,1516,1519,0.15397746796742967
3,1512,1515,0.1539774518561568
2,1513,1515,0.15397743774135647
2,1510,1512,0.1539807062453018
2,1501,1503,0.15398374450286526
3,1509,1512,0.15398657367067792
3,1503,1506,0.15398587840042877
3,1512,1515,0.15398531335041202
3,1516,1519,0.15398480947555437
3,1515,1518,0.1539843497374382
3,1524,1527,0.15398392599200178
3,1521,1524,0.15398353327349917
3,1512,1515,0.1539831680925102
3,1512,1515,0.15398282776862263
3,1508,1511,0.15398251012003775
2,1517,1519,0.15398221330082593
2,1528,1530,0.15398521872300175
2,1523,1525,0.15398799068148314
2,1522,1524,0.15399056723957164
2,1523,1525,0.15399297260261643
2,1514,1516,0.1539952228307571
2,1507,1509,0.1539973304420298
2,1502,1504,0.15399930598441947
2,1489,1491,0.15400115871193953
2,1509,1511,0.15400289692930744
2,1518,1520,0.15400452819140306
2,1520,1522,0.15400605943067536
2,1504,1506,0.15400749704521194
2,1499,1501,0.15400884696360648
2,1505,1507,0.15401011469522224
2,1499,1501,0.15401130537073074
2,1506,1508,0.15401242377584914
3,1500,1503,0.15401347438010882
3,1520,1523,0.15401110705178792
3,1509,1512,0.15400896823381807
3,1522,1525,0.15400698813938057
3,1521,1524,0.15400514486910094
3,1511,1514,0.154003424293947
3,1519,1522,0.1540018156557447
3,1521,1524,0.15400031007726028
3,1508,1511,0.15399889990330545
3,1523,1526,0.15399757835822045
3,1520,1523,0.1539963393459366
2,1519,1521,0.15399517732237897
2,1522,1524,0.15399741391436672
2,1506,1508,0.15399942905533387
2,1504,1506,0.15400129337006038
2,1511,1513,0.15400302933303547
1,1519,1520,0.15400465055449206
1,1514,1515,0.15400953904735507
1,1522,1523,0.15401403386571466
2,1520,1522,0.15401822586199787
2,1514,1516,0.15401881800266548
2,1514,1516,0.1540193928541977
2,1506,1508,0.15401994915046432
2,1510,1512,0.15402048016665268
2,1506,1508,0.15402098397217961
2,1517,1519,0.15402146044466078
2,1520,1522,0.15402191023547324
2,1523,1525,0.15402233434753612
2,1530,1532,0.1540227339403354
2,1523,1525,0.15402311023196075
2,1521,1523,0.15402346444707857
2,1507,1509,0.15402379778840664
2,1511,1513,0.15402411142094394
2,1509,1511,0.15402440646344215
2,1511,1513,0.15402468398413485
2,1504,1506,0.15402494499903707
2,1514,1516,0.1540251904718217
2,1514,1516,0.15402542131467342
2,1504,1506,0.15402563838974317
2,1510,1512,0.1540258425109664
3,1511,1514,0.15402603444608753
2,1519,1521,0.15402285398958313
2,1509,1511,0.15402331194260285
2,1516,1518,0.1540236864477769
3,1514,1517,0.15402402532098886
3,1512,1515,0.15402097902953946
3,1516,1519,0.15401820890031817
3,1526,1529,0.15401563745492916
3,1518,1521,0.15401323874350825
3,1522,1525,0.15401099610851288
3,1513,1516,0.15400889670093185
3,1507,1510,0.15400692975336217
3,1508,1511,0.15400508585368428
3,1509,1512,0.15400335657827616
3,1510,1513,0.1540017342807679
3,1504,1507,0.15400021195748068
3,1510,1513,0.15399878315461127
3,1516,1519,0.15399744190001743
3,1501,1504,0.15399618265048853
3,1509,1512,0.15399500024933233
3,1516,1519,0.15399388989117815
3,1512,1515,0.15399284709205133
3,1506,1509,0.15399186766344072
2,1508,1510,0.1539909476894912
2,1515,1517,0.1539934131434838
2,1515,1517,0.15399565346409883
2,1521,1523,0.1539977327836418
2,1524,1526,0.15399967170263937
2,1520,1522,0.15400148383924164
2,1521,1523,0.1540031797670887
2,1529,1531,0.15400476833992702
2,1521,1523,0.15400625727666084
2,1525,1527,0.1540076534661012
2,1518,1520,0.1540089631457663
2,1520,1522,0.15401019201688143
2,1501,1503,0.1540113453239749
2,1503,1505,0.15401242791333092
2,1512,1514,0.15401344427801927
2,1515,1517,0.15401439859393815
2,1518,1520,0.15401529474955797
2,1522,1524,0.15401613637106742
2,1515,1517,0.15401692684404458
2,1515,1517,0.1540176693324204
2,1517,1519,0.15401836679527642
2,1521,1523,0.15401902200187148
2,1527,1529,0.15401963754519182
2,1510,1512,0.15402021585424974
2,1518,1520,0.15402075920530583
2,1517,1519,0.15402126973215477
2,1510,1512,0.15402174943558772
1,1509,1510,0.15402220019212323
1,1513,1514,0.15402593944065646
1,1509,1510,0.15402942722069482
1,1517,1518,0.15403268240687795
1,1529,1530,0.1540357284562859
1,1520,1521,0.15403858256368103
1,1524,1525,0.15404125889802778
1,1529,1530,0.154043769802629
1,1514,1515,0.15404612633919224
1,1511,1512,0.1540483385778552
1,1504,1505,0.15405041577242715
1,1519,1520,0.15405236647724885
1,1505,1506,0.15405419863143227
1,1526,1527,0.1540559196233989
1,1525,1526,0.15405753634270133
1,1520,1521,0.15405905522314567
1,1512,1513,0.15406048227965394
1,1509,1510,0.154061823140421
0,1516,1516,0.15406308307539882
