1377,28,1405,0.13584107303553977
1425,31,1456,0.13299402156933302
1419,33,1452,0.13026290012992547
1432,35,1467,0.12779007528483613
1428,37,1465,0.12550126847188725
1436,37,1473,0.12342551584990527
1442,37,1479,0.12151186945756233
1448,37,1485,0.11975212352602299
1442,37,1479,0.11813362576017652
1455,38,1493,0.11667407265677905
1469,36,1505,0.11531209994611281
1482,36,1518,0.11403756048937758
1472,36,1508,0.11284593660175611
1466,38,1504,0.11178408453391236
1468,39,1507,0.11083094352632646
1471,39,1510,0.10995798095318526
1466,41,1507,0.10915644921825869
1469,41,1510,0.1084380469549766
1477,41,1518,0.10777674613480545
1467,41,1508,0.10715666126307008
1465,43,1508,0.10661462808808224
1455,44,1499,0.10612565221232416
1465,44,1509,0.10570265824222841
1453,42,1495,0.10529506171399813
1469,43,1512,0.10495047051411423
1461,42,1503,0.10460151597574967
1455,41,1496,0.10430132840257605
1470,40,1510,0.10404073043550084
1463,41,1504,0.10377038672045394
1465,41,1506,0.10353954461555875
1466,39,1505,0.10332514557539882
1440,39,1479,0.10312781309119273
1449,37,1486,0.1030042340874844
1452,37,1489,0.10287223713055976
1449,39,1488,0.10274563081496374
1451,42,1493,0.1026365023360753
1454,40,1494,0.10253272952932722
1452,43,1495,0.10243179597639866
1444,43,1487,0.10234428939670857
1446,45,1491,0.10228209861269384
1445,48,1493,0.10222118754857928
1439,49,1488,0.10216817678987265
1425,47,1472,0.10213237672549386
1434,47,1481,0.10213012785590223
1430,48,1478,0.10210850108345561
1437,45,1482,0.10209755154893227
1428,46,1474,0.10207276904628201
1441,50,1491,0.10206932296777534
1434,50,1484,0.10203844607727484
1422,49,1471,0.10202517488333712
1428,52,1480,0.10203838977456936
1432,54,1486,0.10203831329326672
1435,54,1489,0.10202961322372638
1432,54,1486,0.10201474053472603
1444,55,1499,0.10200777343493865
1445,57,1502,0.10197554225617904
1438,53,1491,0.10194433989062812
1446,54,1500,0.1019308983735974
1437,56,1493,0.10190137863600654
1441,58,1499,0.10189367951982771
1434,59,1493,0.10187799501827018
1433,58,1491,0.10187877394956488
1425,60,1485,0.10188164696871485
1437,60,1497,0.10190176659528721
1439,61,1500,0.1018946736954675
1442,61,1503,0.1018843703102734
1447,58,1505,0.10186876150271061
1446,61,1507,0.10184343410549673
1439,61,1500,0.10182257710123668
1441,63,1504,0.10181827003981103
1447,62,1509,0.10181043519439718
1443,62,1505,0.10179119467313814
1450,59,1509,0.10178204048764354
1442,58,1500,0.10175855456857928
1440,58,1498,0.10175422939004586
1440,56,1496,0.10175482118676428
1433,56,1489,0.10175544013882715
1443,55,1498,0.10177077106387902
1448,54,1502,0.10176318253645937
1449,56,1505,0.10174558331561041
1450,57,1507,0.10172722959377684
1453,57,1510,0.10170842126331853
1455,55,1510,0.10168479675752334
1434,56,1490,0.10165874082716365
1430,54,1484,0.10167999641789986
1419,57,1476,0.10170793264745086
1424,56,1480,0.10175690269075582
1426,54,1480,0.10179095753484628
1431,51,1482,0.10181730782619586
1439,53,1492,0.10183053134469539
1440,53,1493,0.10182583018670303
1450,55,1505,0.1018193481747732
1449,55,1504,0.10179191292600429
1458,58,1516,0.10176937253560508
1451,58,1509,0.10172977844117881
1445,58,1503,0.10170854649371149
1444,57,1501,0.10170204393187177
1437,61,1498,0.10169830754963485
1433,64,1497,0.10171017800663482
1426,63,1489,0.10172965837961483
1428,66,1494,0.10176214420432551
1436,64,1500,0.10178750697339237
1433,64,1497,0.10179352992970404
1433,66,1499,0.10180547929335056
1445,64,1509,0.1018166734426143
1427,64,1491,0.10180134902409685
1439,63,1502,0.1018254840533254
1442,68,1510,0.10182178740630832
1435,69,1504,0.1018119668642278
1421,69,1490,0.10181850425288971
1430,71,1501,0.10185461409599025
1427,70,1497,0.10186820046984227
1426,69,1495,0.10188660726622871
1419,73,1492,0.10190606556921432
1413,76,1489,0.10193914019763434
1412,76,1488,0.1019822267667573
1414,76,1490,0.10202380418379536
1412,76,1488,0.1020579329056726
1429,77,1506,0.10209338565889753
1422,76,1498,0.10208932184315817
1409,76,1485,0.10210052942958969
1403,73,1476,0.10213871106197954
1398,75,1473,0.10218618005248398
1413,74,1487,0.10223980592435002
1415,76,1491,0.1022571309771581
1415,77,1492,0.10226851155747674
1419,76,1495,0.10227896175825862
1427,76,1503,0.10227999427042561
1420,78,1498,0.10226388953439045
1411,77,1488,0.102264308474517
1416,79,1495,0.10228394207479312
1423,81,1504,0.10229113596223485
1415,82,1497,0.10228290035773484
1413,81,1494,0.10229282223443628
1410,79,1489,0.10230594781651518
1413,82,1495,0.1023238987931005
1415,84,1499,0.10233435766997395
1422,84,1506,0.10234013268305073
1412,85,1497,0.102330557161615
1404,81,1485,0.10234396804011975
1396,80,1476,0.10237366091176234
1393,83,1476,0.10241759044772422
1391,86,1477,0.10246374986223168
1401,85,1486,0.1025102785988262
1402,85,1487,0.10253106639155928
1402,88,1490,0.10254826542466891
1398,85,1483,0.10256387777721442
1408,86,1494,0.10258707760818661
1408,88,1496,0.10258666126848469
1399,89,1488,0.10258620918348338
1403,90,1493,0.10260513684038206
1410,87,1497,0.1026142375290206
1412,89,1501,0.10260756769307999
1411,88,1499,0.1025970729176829
1408,92,1500,0.10258939820541407
1415,92,1507,0.102588863874735
1420,92,1512,0.1025730823771688
1407,95,1502,0.10254795230788372
1386,94,1480,0.10255263509708186
1384,93,1477,0.10260273752998597
1399,98,1497,0.10265298420912979
1384,94,1478,0.10266655430306308
1385,95,1480,0.10271120043991665
1400,91,1491,0.10274998566337358
1392,90,1482,0.10275307072175384
1390,91,1481,0.10277281122381683
1393,93,1486,0.10279475352375926
1399,92,1491,0.10280817213570716
1398,91,1489,0.10280766819524038
1375,92,1467,0.10280979622922516
1391,94,1485,0.10286084761356638
1399,98,1497,0.10287225774079149
1400,99,1499,0.10286536369813688
1406,99,1505,0.10285670873738986
1396,96,1492,0.10283526430594436
1395,94,1489,0.10283774992461624
1394,94,1488,0.10284175851711655
1391,95,1486,0.10284727420903728
1388,99,1487,0.10285855560973121
1399,99,1498,0.10287553002235068
1388,98,1486,0.10286679449364346
1376,99,1475,0.10288257753883785
1379,97,1476,0.10292302036486198
1401,98,1499,0.10295371706841877
1403,99,1502,0.10293501894848787
1392,99,1491,0.10291333132120421
1397,100,1497,0.10291719151376871
1411,97,1508,0.10291006530796995
1395,99,1494,0.10287314395306726
1408,97,1505,0.10287331128123689
1403,94,1497,0.10284584691745063
1419,93,1512,0.1028319796654134
1413,94,1507,0.10278475374950105
1414,96,1510,0.10275367610954163
1410,97,1507,0.10272327702895609
1415,96,1511,0.10270436996697636
1401,99,1500,0.10267674253236343
1396,100,1496,0.10268164979530049
1404,99,1503,0.10269644857800034
1416,99,1515,0.10269283038617917
1408,101,1509,0.10266382688858013
1400,97,1497,0.10265461612908598
1413,95,1508,0.10266347671066821
1410,92,1502,0.10264367163561537
1418,92,1510,0.10263243254320317
1410,87,1497,0.10260505533091813
1404,86,1490,0.10259696198370666
1400,88,1488,0.10260244080417408
1400,90,1490,0.10261647157017109
1407,94,1501,0.10262913630152715
1407,91,1498,0.1026257155915745
1414,91,1505,0.10262271545539155
1404,94,1498,0.10260497581379768
1394,97,1491,0.10261003217005882
1397,96,1493,0.10263636046257223
1382,95,1477,0.10265406827659428
1388,103,1491,0.10270266771596717
1404,99,1503,0.10273420552555432
1393,97,1490,0.1027285092411906
1396,96,1492,0.10274724151012884
1395,91,1486,0.10275838842103145
1406,91,1497,0.10277021889333861
1422,90,1512,0.10275624776062017
1414,86,1500,0.10270868602293834
1417,88,1505,0.10268251661500889
1408,86,1494,0.10265239531809542
1409,87,1496,0.10264469648813819
1409,88,1497,0.102635512876228
1406,88,1494,0.10262753771482191
1396,89,1485,0.10262572436607993
1406,87,1493,0.10264561477813249
1409,89,1498,0.10264235520594271
1415,92,1507,0.10263265398950747
1413,93,1506,0.10261132826412217
1421,91,1512,0.10259640714200119
1430,88,1518,0.10256472998546404
1422,89,1511,0.10251652117666749
1414,90,1504,0.10248971271510847
1412,88,1500,0.1024824983781966
1417,89,1506,0.10248020285134046
1414,87,1501,0.10246754601176701
1417,86,1503,0.10246207602885304
1406,88,1494,0.10245105254078533
1406,87,1493,0.10246348407279411
1432,87,1519,0.10247542165879285
1426,84,1510,0.10243024924734065
1419,86,1505,0.10240191409040424
1412,88,1500,0.10239092824041947
1408,92,1500,0.10239600979571288
1411,91,1502,0.10240926258867936
1407,92,1499,0.10241522573247963
1409,92,1501,0.10242939729284568
1402,90,1492,0.10243804937768015
1399,90,1489,0.10246154087727692
1412,94,1506,0.10248963055962144
1409,92,1501,0.10248703882701608
1405,92,1497,0.10249056636446127
1405,91,1496,0.10250301102674357
1408,90,1498,0.10251432147315004
1413,92,1505,0.10251856916520108
1404,92,1496,0.1025117482713837
1394,95,1489,0.10252484523272484
1391,95,1486,0.10255881904083569
1382,97,1479,0.1025968992205744
1384,97,1481,0.10265142915496489
1388,97,1485,0.10269706752987055
1378,106,1484,0.1027301867218099
1396,109,1505,0.10278306268799992
1404,108,1512,0.1027923254861084
1395,110,1505,0.10278311715678903
1389,109,1498,0.1027948748734908
1389,110,1499,0.10281885410920905
1390,115,1505,0.10284133967711159
1392,116,1508,0.10285997267628161
1388,118,1506,0.1028725319154467
1375,116,1491,0.10289225026909221
1377,117,1494,0.10293846357990538
1372,119,1491,0.10297628438753151
1380,118,1498,0.10302137008141905
1379,117,1496,0.10304605780482705
1389,122,1511,0.10307110101860399
1380,117,1497,0.10307226829209049
1374,120,1494,0.10309265905862414
1372,126,1498,0.10312433227287286
1371,125,1496,0.10315745540288736
1370,126,1496,0.10318992043769652
1351,128,1479,0.10322185097526504
1364,128,1492,0.10329229592549126
1363,126,1489,0.10332906500264294
1360,126,1486,0.10336494428069741
1359,123,1482,0.10340420531031848
1364,127,1491,0.10344219378749762
1371,128,1499,0.1034661196929264
1373,128,1501,0.10347270296783098
1365,131,1496,0.10347465397429748
1373,132,1505,0.10349417016753062
1371,136,1507,0.10349501900998931
1360,133,1493,0.10350039140827633
1352,134,1486,0.10352917512838583
1357,137,1494,0.10357238718051814
1345,138,1483,0.10360071135282645
1363,136,1499,0.10365254254781192
1366,139,1505,0.10366139119599033
1368,137,1505,0.10366269895722212
1363,139,1502,0.10365985483821843
1358,142,1500,0.10366849631965827
1370,144,1514,0.10368725725894745
1357,147,1504,0.10367814683887978
1347,145,1492,0.10369869657674037
1348,144,1492,0.10373932447710126
1353,142,1495,0.1037738465036585
1351,140,1491,0.10379474697564582
1357,143,1500,0.10381804287397682
1354,143,1497,0.10382542134276736
1352,141,1493,0.10383944784554217
1358,146,1504,0.10385699935200662
1357,145,1502,0.10386008413442602
1354,149,1503,0.10386453825653184
1351,147,1498,0.10387539319879441
1344,143,1487,0.10389200568652326
1342,147,1489,0.10392234710799439
1344,141,1485,0.10395416289922277
1338,142,1480,0.10397885601715309
1331,140,1471,0.10401407414846005
1327,143,1470,0.1040619231365713
1347,141,1488,0.10411422794434631
1349,138,1487,0.10411858642151729
1354,145,1499,0.10411830674153812
1348,147,1495,0.1041072083086992
1346,149,1495,0.10411088217438719
1354,149,1503,0.10411936586728356
1351,151,1502,0.10411026506000973
1360,152,1512,0.10410904815069397
1362,154,1516,0.1040883097939988
1360,153,1513,0.1040645757566578
1346,152,1498,0.10404759850143161
1348,147,1495,0.10406270833120473
1348,154,1502,0.10407207229311835
1342,154,1496,0.10408018229352684
1342,153,1495,0.10409997465870752
1339,155,1494,0.10411843932792766
1339,153,1492,0.10414219161167854
1333,153,1486,0.10416370836359867
1327,158,1485,0.10419671575938842
1326,158,1484,0.1042396618663659
1328,158,1486,0.10428170208559058
1335,155,1490,0.10431575936928002
1331,159,1490,0.10433192462589483
1332,158,1490,0.10435489377433858
1320,161,1481,0.10437339851386485
1326,164,1490,0.10441638903427641
1341,165,1506,0.10444289624038637
1336,164,1500,0.10443472321920433
1334,163,1497,0.10443844544321078
1339,162,1501,0.10444613578857326
1342,162,1504,0.10444257170108567
1345,166,1511,0.10443259557954834
1336,166,1502,0.10441733773098533
1340,170,1510,0.10442250685478247
1337,169,1506,0.10441824104269962
1333,169,1502,0.10442162971360619
1338,169,1507,0.10443346921803379
1344,169,1513,0.10443379912889826
1342,173,1515,0.1044209667535959
1333,171,1504,0.10441394920246512
1331,168,1499,0.10442736589830011
1329,172,1501,0.10444423670208348
1332,171,1503,0.1044640714415792
1339,170,1509,0.1044756013631082
1336,173,1509,0.10447067753975599
1350,169,1519,0.10447252000551983
1344,170,1514,0.10444343631056308
1341,166,1507,0.10443039031911894
1344,167,1511,0.10442513919125743
1333,171,1504,0.10441349570599376
1333,170,1503,0.10442669356864495
1342,169,1511,0.10443799721159736
1335,173,1508,0.10442840454151928
1324,171,1495,0.10443543007536217
1346,171,1517,0.10446587296288928
1346,170,1516,0.10444539271630042
1340,172,1512,0.10442651638454371
1337,177,1514,0.10442283816847142
1324,175,1499,0.10442503254913976
1320,178,1498,0.10445535455931204
1314,176,1490,0.10449201970128887
1322,178,1500,0.10453849842164196
1319,176,1495,0.10456356725621264
1323,172,1495,0.10459246354825653
1305,171,1476,0.1046099763621883
1312,169,1481,0.10466504552354677
1307,169,1476,0.1047004934137679
1312,169,1481,0.10474367777760428
1313,169,1482,0.10477205850913471
1317,172,1489,0.10479585915940916
1315,173,1488,0.10480870039357783
1310,166,1476,0.10482488638784108
1322,176,1498,0.10485081410461419
1316,175,1491,0.1048483147761263
1315,176,1491,0.1048596566288138
1313,173,1486,0.10487243435188175
1312,170,1482,0.10488828022509483
1299,174,1473,0.10490540333926024
1311,178,1489,0.10494992962881199
1309,180,1489,0.10496440000314813
1305,182,1487,0.1049818262285464
1312,184,1496,0.10500653203999906
1303,187,1490,0.1050139468057046
1305,185,1490,0.10504077488019828
1303,183,1486,0.10506136970879315
1306,176,1482,0.10508490121641215
1312,179,1491,0.10510012179125378
1308,187,1495,0.10510145123450122
1315,192,1507,0.1051125723929615
1319,194,1513,0.10510741195508226
1300,195,1495,0.105094583020959
1288,193,1481,0.1051248125335318
1285,196,1481,0.10517871747248325
1292,203,1495,0.10523476156295743
1295,212,1507,0.10527151967377385
1288,210,1498,0.10529931372983693
1293,213,1506,0.10534100637060374
1291,211,1502,0.10536771866160312
1283,209,1492,0.10539701243452619
1283,214,1497,0.10544196975971819
1273,217,1490,0.10548415638415518
1268,219,1487,0.10554503247427234
1282,223,1505,0.10561247816429226
1283,228,1511,0.10564309652705724
1269,229,1498,0.1056691918793851
1266,229,1495,0.10572405837521398
1271,231,1502,0.10578134763760919
1270,225,1495,0.10582335815786724
1272,227,1499,0.10586355149573481
1274,228,1502,0.10589629797847444
1288,231,1519,0.1059222211975863
1283,230,1513,0.10591506515411979
1271,229,1500,0.10591857301646872
1275,231,1506,0.10594886241413284
1274,229,1503,0.10596807701020015
1262,231,1493,0.1059885733820727
1259,232,1491,0.10603394327325695
1255,234,1489,0.10608182538581962
1253,233,1486,0.1061354652851163
1256,228,1484,0.10618984280179192
1246,235,1481,0.10623239286530613
1246,226,1472,0.10629298622364783
1253,230,1483,0.10634903418149336
1252,232,1484,0.10638513520806084
1239,237,1476,0.10642075981045572
1241,241,1482,0.1064822546285348
1244,244,1488,0.10653543425077043
1246,251,1497,0.10657813573432005
1244,253,1497,0.1066135732363
1252,255,1507,0.10665021634170416
1262,256,1518,0.1066661272243347
1263,258,1521,0.10665904877794921
1260,257,1517,0.1066510783697736
1250,258,1508,0.10665163976913278
1234,257,1491,0.10667544926543304
1230,261,1491,0.1067324974735672
1235,258,1493,0.1067942193093106
1226,261,1487,0.10683891812611289
1232,259,1491,0.10689759894292677
1231,259,1490,0.10693871974798125
1221,265,1486,0.10697859084629073
1232,263,1495,0.10703676123358491
1237,267,1504,0.10706498906927975
1226,269,1495,0.10707971053632065
1222,268,1490,0.1071180379680326
1230,264,1494,0.10716239760567582
1219,266,1485,0.1071858978802549
1210,267,1477,0.10723234048460727
1214,271,1485,0.10729533371231874
1217,276,1493,0.10734501506188217
1217,281,1498,0.10738287894098562
1197,285,1482,0.10741795248054267
1203,292,1495,0.10749585872584086
1204,293,1497,0.10755364317752882
1201,288,1489,0.10760434856394603
1197,291,1488,0.10765818357628469
1214,294,1508,0.10771686033876289
1220,296,1516,0.10773296177960694
1215,290,1505,0.10773455457401226
1214,287,1501,0.10774655460810025
1208,290,1498,0.10775997174877708
1212,290,1502,0.1077871033096642
1210,291,1501,0.10780330997798618
1210,289,1499,0.10782200871930112
1208,291,1499,0.10783865154069684
1211,290,1501,0.10785803941704687
1209,285,1494,0.10786897626397952
1203,292,1495,0.10788360901226421
1208,296,1504,0.10791111360700607
1209,293,1502,0.10792420301782897
1208,290,1498,0.10793371326905586
1199,290,1489,0.10794488292514368
1200,282,1482,0.10797612305696483
1213,273,1486,0.10800227809706239
1214,280,1494,0.1079980563007667
1209,279,1488,0.10799241292136273
1204,288,1492,0.10799847482173645
1200,292,1492,0.10801552749016395
1201,296,1497,0.10803994504124564
1198,287,1485,0.10806145581025456
1207,284,1491,0.10808865093016581
1224,292,1516,0.10809306933941937
1224,288,1512,0.10805892625578496
1225,291,1516,0.10802723850969191
1219,297,1516,0.10799572948957958
1213,300,1513,0.10798153351279595
1205,294,1499,0.10798262240698579
1203,299,1502,0.10800184014875289
1209,297,1506,0.10802234163951577
1193,296,1489,0.1080292941975097
1208,296,1504,0.1080712807164797
1216,295,1511,0.10807555066000557
1224,292,1516,0.10806148038787605
1215,293,1508,0.10803076318534507
1208,295,1503,0.10802326403073714
1212,293,1505,0.10803269032943344
1221,287,1508,0.10803146635588366
1221,287,1508,0.1080101433589512
1223,282,1505,0.10799080993654422
1214,288,1502,0.10796909178985548
1210,288,1498,0.10796934957867667
1209,288,1497,0.10797869704859124
1218,296,1514,0.10798979603978444
1222,296,1518,0.10798048665586908
1211,292,1503,0.107962928812
1205,290,1495,0.10797159559953155
1204,290,1494,0.10799262956695323
1197,288,1485,0.10801478024612832
1192,294,1486,0.1080508167683832
1187,292,1479,0.10809511973157944
1194,295,1489,0.10814802989998333
1183,294,1477,0.10818174618952582
1195,296,1491,0.10823887216873213
1195,305,1500,0.10826505050626771
1191,301,1492,0.10828848969772889
1196,300,1496,0.10831883197290904
1197,296,1493,0.10833593004235353
1186,299,1485,0.10835075981078568
1191,303,1494,0.10838973986331216
1190,309,1499,0.10841456086365855
1181,311,1492,0.10844076667065666
1180,318,1498,0.10848418454727721
1190,320,1510,0.10852695936857376
1196,316,1512,0.10854468946052023
1181,322,1503,0.10854756858987613
1178,322,1500,0.10858516728854915
1181,324,1505,0.10862641518171513
1186,325,1511,0.10865751815512509
1186,322,1508,0.10867476280932742
1187,322,1509,0.10869106397953854
1191,319,1510,0.10870426951095886
1185,324,1509,0.10870702487081127
1175,326,1501,0.10872279373865856
1166,327,1493,0.10876055258153414
1161,333,1494,0.108816302302829
1155,326,1481,0.10887868660773137
1155,332,1487,0.10895089792421281
1150,338,1488,0.1090171292033783
1158,333,1491,0.10908951741106764
1155,327,1482,0.10913851750760833
1150,325,1475,0.10918996788075525
1149,328,1477,0.10924829381007115
1146,325,1471,0.10930389993707028
1165,329,1494,0.10936195592768692
1161,330,1491,0.1093732124985835
1156,333,1489,0.10939391773267851
1149,329,1478,0.1094246252324418
1144,331,1475,0.10946910103578715
1144,329,1473,0.10952040610500915
1150,332,1482,0.10956863021226791
1146,334,1480,0.10959886090663971
1145,338,1483,0.10963695793590347
1140,336,1476,0.10967440641568213
1146,346,1492,0.10971906400331523
1148,344,1492,0.10974750621159103
1148,343,1491,0.10977021296129383
1141,347,1488,0.10979246727867409
1141,344,1485,0.10983005629060127
1145,339,1484,0.10986509564291022
1155,338,1493,0.10988768524154746
1151,343,1494,0.10988388334417185
1155,351,1506,0.1098895708491986
1154,349,1503,0.10988632270587542
1156,350,1506,0.10988662082538088
1139,350,1489,0.1098830898521351
1151,345,1496,0.10991801027954423
1153,347,1500,0.10992269369556683
1147,348,1495,0.10992184825584911
1153,347,1500,0.10993576572324193
1167,342,1509,0.1099347756399079
1163,339,1502,0.10990169359195263
1152,342,1494,0.10988017972286476
1148,342,1490,0.10988641245652961
1148,349,1497,0.10990102821603039
1149,349,1498,0.10991481046581043
1138,343,1481,0.10992517453983894
1140,344,1484,0.10995940175021697
1149,349,1498,0.10998481765900125
1140,348,1488,0.1099880724513136
1139,349,1488,0.11001084892479614
1140,352,1492,0.11003377697487857
1140,348,1488,0.11005216061043332
1140,357,1497,0.11006902381047967
1139,355,1494,0.11008350470335167
1138,343,1481,0.11009960666406077
1145,346,1491,0.11011565583983536
1148,347,1495,0.11011566995196631
1152,347,1499,0.11010906769434715
1138,351,1489,0.11009420104075218
1143,352,1495,0.11011186256483299
1139,353,1492,0.11011715831400352
1144,359,1503,0.11013157484115141
1152,357,1509,0.11013323238730498
1156,354,1510,0.1101156527403239
1153,359,1512,0.11009121181018511
1154,365,1519,0.11007573839476731
1154,363,1517,0.11006090333782051
1150,364,1514,0.1100478638680611
1153,358,1511,0.1100464522517198
1151,355,1506,0.11003800302834399
1157,356,1513,0.11003580790374488
1149,360,1509,0.11002092098405448
1153,363,1516,0.11002601248927252
1148,365,1513,0.11002247015141368
1128,366,1494,0.11003007229934517
1118,368,1486,0.11008258360773578
1120,367,1487,0.11015463589557191
1128,370,1498,0.11021580486230935
1125,366,1491,0.11025329619639795
1131,375,1506,0.11029567092571037
1127,378,1505,0.11032071139602376
1136,374,1510,0.11035464679412446
1135,378,1513,0.11036484834205532
1140,377,1517,0.11037733342925211
1135,371,1506,0.11037604559037933
1126,378,1504,0.1103857195422573
1126,381,1507,0.11041569764060082
1122,383,1505,0.11044344203133036
1120,378,1498,0.1104782072606973
1117,380,1497,0.11051483812856037
1128,378,1506,0.11055566335300064
1127,377,1504,0.11056668628647735
1124,379,1503,0.11057917876382195
1121,375,1496,0.1105989178882213
1123,377,1500,0.11062253165194175
1115,384,1499,0.1106393629798609
1115,383,1498,0.11067260402746154
1116,380,1496,0.11070334202174807
1103,389,1492,0.11072949931252107
1104,389,1493,0.11078166194795148
1104,384,1488,0.11082721041647715
1096,383,1479,0.11086897269961282
1094,380,1474,0.11092645527193323
1100,371,1471,0.11098279454847682
1102,375,1477,0.11102119757195489
1110,381,1491,0.11105094268569969
1114,379,1493,0.11105867398295306
1097,384,1481,0.11105626062002115
1100,384,1484,0.11109319866330043
1090,384,1474,0.111121068489097
1088,389,1477,0.1111697801062314
1087,390,1477,0.1112185482346762
1099,389,1488,0.1112658998071712
1109,389,1498,0.11128218229878506
1116,389,1505,0.11127610940784816
1116,388,1504,0.11125551540833553
1121,384,1505,0.11123566404496717
1120,380,1500,0.11120449860525777
1109,378,1487,0.11117803489001275
1121,374,1495,0.11117962686934763
1116,383,1499,0.11115423697428735
1121,382,1503,0.11114170756829424
1125,382,1507,0.11111814993651797
1122,384,1506,0.11108700886621388
1118,387,1505,0.11106526495184742
1119,393,1512,0.11105494587306008
1121,388,1509,0.11104355827451479
1126,386,1512,0.11102861771928625
1120,390,1510,0.11100359028919023
1109,396,1505,0.1109924347054282
1105,395,1500,0.11100865735217649
1097,388,1485,0.11103378624311205
1100,396,1496,0.11107602409075704
1094,405,1499,0.11110642665465562
1088,409,1497,0.11114697338321668
1098,409,1507,0.11119862562177868
1090,408,1498,0.1112229172824664
1098,403,1501,0.11126346199461665
1096,405,1501,0.11128258171559487
1101,402,1503,0.11130297928048574
1105,402,1507,0.1113093154545728
1096,398,1494,0.11130640116507909
1104,397,1501,0.11132326026921475
1096,399,1495,0.1113200050467724
1095,409,1504,0.11133505587086809
1087,417,1504,0.11135137046813405
1078,410,1488,0.11138580936528061
1066,416,1482,0.11143920590335217
1074,413,1487,0.11151393329282114
1089,413,1502,0.11156488134206674
1103,413,1516,0.11157659544389625
1108,419,1527,0.1115550735760974
1100,416,1516,0.11152394641708437
1088,417,1505,0.11151461020820974
1094,413,1507,0.11153486916885419
1094,415,1509,0.11153858483683628
1097,416,1513,0.11154229795192735
1091,420,1511,0.11153937999092861
1100,415,1515,0.11154971080618452
1104,413,1517,0.11153802257989222
1090,408,1498,0.11151843472581029
1087,420,1507,0.11153183872995537
1080,417,1497,0.11155145886869448
1089,415,1504,0.11158511961220481
1093,411,1504,0.11159662703492039
1102,408,1510,0.11159781570439284
1089,415,1504,0.11157797309387879
1086,409,1495,0.11158937937206538
1076,418,1494,0.11160723648470665
1073,422,1495,0.11164582641602173
1077,422,1499,0.11168938847654414
1077,423,1500,0.11171914716858129
1071,414,1485,0.111747594436752
1067,414,1481,0.11178840630191182
1058,412,1470,0.11183605307054
1057,423,1480,0.11190071129849517
1055,428,1483,0.1119627005162382
1066,434,1500,0.11202441358906175
1076,432,1508,0.11205711761890394
1080,436,1516,0.11206535525154723
1076,432,1508,0.1120649028897861
1069,430,1499,0.11207395599696071
1062,437,1499,0.11209929728574011
1052,439,1491,0.11213974736060844
1051,439,1490,0.11220069362162206
1057,437,1494,0.11225950369647691
1067,437,1504,0.11229978396749456
1065,437,1502,0.11231427062851615
1053,443,1496,0.11233188169079872
1057,437,1494,0.11237548939670679
1054,441,1495,0.11240824996198803
1061,446,1507,0.1124449889862624
1072,446,1518,0.11246233856043986
1073,444,1517,0.11245309930243849
1063,446,1509,0.11244340675179139
1052,445,1497,0.11245914262206735
1049,452,1501,0.11249923714855935
1059,450,1509,0.11254376710305188
1058,454,1512,0.1125615368698282
1063,448,1511,0.1125805486599597
1065,449,1514,0.11258715692901539
1064,450,1514,0.11258814989035237
1054,440,1494,0.11259154665368545
1051,445,1496,0.11261801763517727
1056,451,1507,0.11265026666219852
1052,452,1504,0.1126681209849162
1056,451,1507,0.11269391724347617
1056,443,1499,0.11270876331677723
1046,448,1494,0.11272163046367308
1047,439,1486,0.11275812025021638
1057,447,1504,0.1127902984075286
1056,442,1498,0.11279738958256608
1051,454,1505,0.11280762872573646
1045,462,1507,0.1128293027482027
1046,467,1513,0.11286352326935195
1044,472,1516,0.11289367964564295
1046,470,1516,0.11292615818579797
1033,465,1498,0.1129501520613169
1032,462,1494,0.1130022420478142
1041,457,1498,0.11305308803219048
1036,467,1503,0.1130777437685523
1036,473,1509,0.11311075925060425
1036,478,1514,0.11314120730616586
1025,477,1502,0.1131699424184135
1030,469,1499,0.11322384192754828
1030,466,1496,0.11326244803275679
1031,458,1489,0.11329735287458696
1031,462,1493,0.11332720937706817
1032,471,1503,0.11335612316611947
1039,473,1512,0.11337980823189749
1041,478,1519,0.11338487636397886
1038,479,1517,0.11338587831510286
1021,485,1506,0.11339589780264975
1017,485,1502,0.11344393775647595
1012,491,1503,0.11349737066291227
1012,491,1503,0.11355838194460499
1014,486,1500,0.11361501917782942
1015,484,1499,0.11366295651399533
1018,488,1506,0.11370386851194175
1007,488,1495,0.11373300762100574
1008,491,1499,0.11378668876835053
1000,493,1493,0.1138328163855693
1004,486,1490,0.11389365993257806
998,487,1485,0.11394193550587622
994,491,1485,0.11400010744872904
991,484,1475,0.11406509430065956
1000,487,1487,0.11413150424570415
1005,486,1491,0.11417115948678344
1002,492,1494,0.11419520161263871
1005,488,1493,0.11422404955331053
1012,487,1499,0.11424344282929016
1006,489,1495,0.11424449240908684
1006,489,1495,0.1142585554237196
1011,486,1497,0.11427105021738398
1006,496,1502,0.1142719496459759
1012,496,1508,0.11428448478335423
1013,493,1506,0.11428334518608121
1012,498,1510,0.11427986506331322
1007,494,1501,0.11427886707810808
1004,495,1499,0.11428886958978243
1006,492,1498,0.11430632542270025
1002,496,1498,0.11431729880196982
1002,506,1508,0.11433670580913109
991,509,1500,0.1143564160018931
996,507,1503,0.11440026490219245
995,501,1496,0.11442898251805779
1005,501,1506,0.114457346220525
1004,499,1503,0.114460548199948
1006,510,1516,0.11446638545803282
1004,506,1510,0.114464913388342
995,507,1502,0.1144691762118401
992,502,1494,0.11449518655422622
989,508,1497,0.11452561234194497
987,513,1500,0.11456094226670878
985,519,1504,0.1145982994850151
977,518,1495,0.11463936039722303
974,518,1492,0.11469499171563458
984,515,1499,0.11475205987725212
986,515,1501,0.11478258618109144
998,516,1514,0.1148058190615481
998,516,1514,0.11480148301566646
992,509,1501,0.11479726751616927
992,515,1507,0.11480769078762383
988,516,1504,0.11481641807334945
984,513,1497,0.11483466290102813
982,509,1491,0.11485912373991082
979,509,1488,0.11488530141068573
987,511,1498,0.11491377629961892
984,511,1495,0.11492254876668614
982,509,1491,0.11493737860882255
989,509,1498,0.11495719517530688
979,509,1488,0.11495904985614754
984,510,1494,0.11498534486331324
977,499,1476,0.11499837373524312
975,504,1479,0.11502692317194818
963,511,1474,0.11505785753639436
971,514,1485,0.11511613296611742
969,518,1487,0.11515169625814935
977,522,1499,0.11518830595587805
972,524,1496,0.11520406308835796
979,529,1508,0.11523015386423038
980,529,1509,0.11523789137725714
978,527,1505,0.11524324524271912
980,526,1506,0.11525351340341222
995,526,1521,0.11525783920366488
993,521,1514,0.11522618686472168
993,525,1518,0.1152018256373995
979,518,1497,0.11517953793911662
984,519,1503,0.11519339086245912
975,523,1498,0.11519412738056137
971,526,1497,0.11521654521463554
979,529,1508,0.11524664187271991
977,529,1506,0.11525615068318806
973,533,1506,0.11526990227818645
962,525,1487,0.11529288217912337
971,530,1501,0.11533791019425856
964,537,1501,0.11535937771817016
972,535,1507,0.11539667629720936
969,533,1502,0.11541360360330738
966,536,1502,0.11543743386042893
963,541,1504,0.11546881453255406
955,540,1495,0.11550455492390423
957,540,1497,0.11555527219301233
950,548,1498,0.1155964863639806
955,541,1496,0.1156499960221473
950,541,1491,0.11568633112369177
950,539,1489,0.11572945408424969
957,537,1494,0.11577038977760828
957,535,1492,0.11579060442833694
950,539,1489,0.11580932634810305
951,538,1489,0.11584281691144689
956,539,1495,0.1158688902986169
955,545,1500,0.11588077499973849
956,542,1498,0.11589422364173575
965,542,1507,0.11590415315980299
969,549,1518,0.11589327590976219
958,550,1508,0.11587434734298557
945,555,1500,0.1158826808569603
954,557,1511,0.11592266864955776
951,545,1496,0.11593917614548822
949,554,1503,0.1159598974757991
946,552,1498,0.11598533661323572
939,557,1496,0.11601570543177306
933,558,1491,0.1160608103843615
932,556,1488,0.11611753613168724
939,550,1489,0.11617171836526455
946,546,1492,0.11620634400752458
958,541,1499,0.11622051396534264
955,550,1505,0.11620556538508887
948,541,1489,0.11619886446828726
955,543,1498,0.11620836640542684
953,550,1503,0.11620223597464843
954,554,1508,0.1162004630604078
954,551,1505,0.11619719136193225
949,560,1509,0.11619386189630138
942,567,1509,0.11620172097554439
940,557,1497,0.11622528259758055
940,556,1496,0.11625103105543974
944,565,1509,0.11627648835971108
951,561,1512,0.11629122050797804
939,563,1502,0.11628864879439062
944,561,1505,0.11631534789867158
941,561,1502,0.11632864615472911
937,576,1513,0.11634880880132165
928,572,1500,0.11637641541602019
930,570,1500,0.11642130957653415
935,562,1497,0.11645728573629181
936,561,1497,0.11647899884873684
941,561,1502,0.1164967020210744
948,564,1512,0.11650236568344269
950,567,1517,0.11649198142550186
949,569,1518,0.11647851037049761
934,572,1506,0.11647090072542277
929,583,1512,0.11649838002581724
930,577,1507,0.11653577910957104
935,581,1516,0.11656920673626192
936,581,1517,0.11658907603771747
945,590,1535,0.11660570256016449
934,582,1516,0.11660031398804505
935,573,1508,0.11662132970628045
931,574,1505,0.11663869503709695
932,579,1511,0.11666418476843479
927,573,1500,0.116685808123236
935,577,1512,0.11671716239669834
933,570,1503,0.11672681634812897
925,565,1490,0.11674158919091208
930,572,1502,0.11677439788275529
924,576,1500,0.11679300243900677
929,582,1511,0.11682205642350255
926,586,1512,0.11683868601081446
921,584,1505,0.11686112346497596
918,574,1492,0.11689373490236703
919,583,1502,0.11693050229539154
915,585,1500,0.116964272860072
918,585,1503,0.11700499442413903
918,587,1505,0.11703650147379896
920,590,1510,0.11706569451787693
915,592,1507,0.11708772552932559
922,584,1506,0.11712061094745874
928,577,1505,0.11713365067476147
928,580,1508,0.11713177745343092
924,587,1511,0.11713020527838477
916,591,1507,0.11713917823816765
921,597,1518,0.11716877711432698
914,599,1513,0.11718403471081981
912,599,1511,0.11721556342362673
905,595,1500,0.11724873771424331
917,592,1509,0.1172965422426251
923,593,1516,0.11731435758143746
917,585,1502,0.11731797096591892
913,588,1501,0.11733436843219203
907,593,1500,0.11735852959168849
911,591,1502,0.11739465431230181
920,590,1510,0.1174190680598485
915,588,1503,0.11742109711074913
912,603,1515,0.11743430468257822
912,596,1508,0.11745401899849683
906,599,1505,0.11747276632419389
913,595,1508,0.11750443899552007
921,607,1528,0.11751664019407741
917,594,1511,0.11750697329235323
911,588,1499,0.11750807471783464
894,588,1482,0.11752449901628216
904,589,1493,0.11757913085622204
908,584,1492,0.1176061166831878
910,591,1501,0.11762286035534092
910,590,1500,0.11763399162671523
907,588,1495,0.11764256499524137
904,594,1498,0.11765924464558307
903,604,1507,0.11768201814597923
898,608,1506,0.1177054654377092
902,610,1512,0.11773995751690297
901,613,1514,0.11776312020053034
900,615,1515,0.11778667139845139
893,609,1502,0.11781336531005542
881,604,1485,0.11785368336336231
872,606,1478,0.11791863911299696
861,612,1473,0.11800038833431166
871,605,1476,0.11810174519048598
872,616,1488,0.11817270214195677
872,620,1492,0.11823559085419491
877,612,1489,0.11829292112311236
881,611,1492,0.11833276380973126
882,610,1492,0.11836054897774075
875,604,1479,0.11838468785118898
877,606,1483,0.11842374487139701
888,607,1495,0.1184538853331373
887,616,1503,0.11845435789797243
881,628,1509,0.11845831136819118
878,627,1505,0.11847786526335209
885,629,1514,0.11850303295694536
876,625,1501,0.1185091216658977
877,626,1503,0.1185375439546064
873,625,1498,0.1185603150790185
879,625,1504,0.11859069382098912
883,621,1504,0.1186039527929526
886,624,1510,0.11860846929826835
879,626,1505,0.11860629493644627
887,617,1504,0.11861981470637054
887,618,1505,0.11861517386755885
878,618,1496,0.11861091115349502
889,625,1514,0.11862754736712242
864,618,1482,0.11861747046208335
872,619,1491,0.11866799836333579
876,631,1507,0.11869569688466973
871,632,1503,0.11870932434174451
873,628,1501,0.1187347224610037
867,630,1497,0.11875200330655777
868,627,1495,0.1187832952720117
860,632,1492,0.11881060222734682
859,640,1499,0.1188563620919336
857,622,1479,0.11890173095595308
860,637,1497,0.11894830858348335
866,642,1508,0.11898304333824036
868,649,1517,0.1189997459838402
859,649,1508,0.1190097416261221
856,641,1497,0.11904071388227827
851,647,1498,0.1190772018111854
860,642,1502,0.11912397250334085
840,646,1486,0.11914682955496073
847,654,1501,0.11921647410711071
851,653,1504,0.11926381853163835
845,659,1504,0.1192985146584478
850,663,1513,0.11934468812403909
841,662,1503,0.11937706604368863
847,661,1508,0.11942716879762331
853,652,1505,0.11945963217245754
848,659,1507,0.11947568250482071
844,651,1495,0.11950237668666024
848,656,1504,0.11953703451747032
845,652,1497,0.11956017448876864
853,654,1507,0.11958858184291596
851,661,1512,0.11959518357103438
849,658,1507,0.11960580016972794
852,661,1513,0.11961947633342601
843,665,1508,0.11962450124571415
841,656,1497,0.11965040930739498
836,653,1489,0.11967823779386323
842,655,1497,0.11971715603570232
846,654,1500,0.11973939548359423
844,663,1507,0.11975156188188561
840,671,1511,0.11976691013576818
832,669,1501,0.11979134562175747
836,668,1504,0.11983301674930504
831,665,1496,0.11986167031124911
833,667,1500,0.11990012599766357
823,679,1502,0.11993078987801081
817,687,1504,0.11998547726896591
813,675,1488,0.12005206572040354
812,676,1488,0.12012476294511056
810,681,1491,0.12019496994401052
809,689,1498,0.12026449877694169
812,691,1503,0.12033039992444103
805,694,1499,0.1203831946485113
798,697,1495,0.1204511738431929
803,691,1494,0.12053199780368606
804,695,1499,0.12059237023963806
804,692,1496,0.12064485707970335
803,698,1501,0.1206949951432155
810,712,1522,0.12074481600115729
809,712,1521,0.12077290602661893
808,708,1516,0.12080133780638697
797,714,1511,0.1208316506275728
784,721,1505,0.12088730112946917
790,719,1509,0.12097084610932508
793,711,1504,0.12103218065151339
783,722,1505,0.12108009083586888
779,719,1498,0.12114881110912609
789,714,1503,0.12122419571077923
786,715,1501,0.12126920425281332
779,722,1501,0.12131732959171121
789,720,1509,0.1213769535462642
787,729,1516,0.12140913881643957
788,725,1513,0.12144384861039828
780,733,1513,0.12147260433722988
776,725,1501,0.12152093573299468
767,726,1493,0.12157577712461454
769,731,1500,0.12164689801227206
761,731,1492,0.12170714047456467
754,748,1502,0.12178153801070063
752,743,1495,0.12186820903199522
747,737,1484,0.1219517831460137
758,736,1494,0.12203969440965043
767,727,1494,0.12209435453214272
767,738,1505,0.12212266432822788
765,745,1510,0.12214887275384279
767,743,1510,0.12217786129342365
764,749,1513,0.12219898278383713
769,750,1519,0.12222514803853518
771,748,1519,0.12223690707267876
765,740,1505,0.1222456232986389
761,744,1505,0.12226823482585672
750,749,1499,0.12229870561635864
757,748,1505,0.12235447074893915
757,737,1494,0.1223896087628879
758,739,1497,0.12242175871678353
756,733,1489,0.12244969910815595
749,741,1490,0.12248059545980712
752,746,1498,0.1225261166198137
756,741,1497,0.12255939128550798
752,743,1495,0.1225797153806587
753,737,1490,0.12260745925638852
762,739,1501,0.12263143327768411
756,742,1498,0.12263242783771673
747,757,1504,0.12264763321656073
747,767,1514,0.12268530334777784
740,772,1512,0.12271910213865585
734,767,1501,0.122767114365648
731,770,1501,0.12282556595202358
734,771,1505,0.12288809649220625
733,763,1496,0.12293862163287785
734,763,1497,0.12298968218834964
737,765,1502,0.12303619061002039
736,759,1495,0.1230728567916854
737,758,1495,0.12310710645286996
732,767,1499,0.1231380185279577
729,761,1490,0.12317992849497622
729,773,1502,0.12322598643852546
731,776,1507,0.12326766823072532
729,780,1509,0.12330079963371691
732,776,1508,0.12333694385801092
720,774,1494,0.12336354184507733
724,771,1495,0.12342054546536431
727,773,1500,0.12346315714913438
721,786,1507,0.12349545227834594
718,790,1508,0.12354039785687704
715,799,1514,0.123589990586014
715,799,1514,0.12364412350128068
704,794,1498,0.12369553659350696
708,797,1505,0.1237698407986155
703,810,1513,0.12382904249555607
711,809,1520,0.12389757476688451
711,817,1528,0.12394004277597424
718,806,1524,0.123978769987065
719,805,1524,0.12399658772542528
720,790,1510,0.1240122930277703
716,802,1518,0.12402511861710418
709,799,1508,0.12404771003001194
711,797,1508,0.12408556464920424
708,806,1514,0.12411554326742984
704,804,1508,0.12414925662848883
713,803,1516,0.12419087011460504
702,803,1505,0.12420956093182772
693,803,1496,0.12425439388744057
694,810,1504,0.12431816225815741
696,818,1514,0.12437582834120167
692,816,1508,0.12442441410865918
686,821,1507,0.12447896751764392
690,812,1502,0.12454352731265508
685,811,1496,0.12459302241576702
682,817,1499,0.12465112173902938
685,816,1501,0.1247131281939307
679,821,1500,0.1247630055416914
677,826,1503,0.12482265846607327
674,826,1500,0.12488451392033269
673,823,1496,0.12494875187488187
677,814,1491,0.1250111112177266
680,818,1498,0.1250586823494767
677,810,1487,0.12509671710831782
681,805,1486,0.12513937092039332
680,817,1497,0.12516900415974686
683,819,1502,0.12519847591566508
679,822,1501,0.12522075965351553
678,832,1510,0.12525202332903243
673,835,1508,0.12528330575861282
669,832,1501,0.12532606116429781
659,829,1488,0.12537582056398977
661,828,1489,0.1254444847760281
665,834,1499,0.12550046702062426
670,831,1501,0.12554262518902085
674,847,1521,0.1255704371776417
667,846,1513,0.12558692262914983
668,832,1500,0.12561922473764106
676,839,1515,0.12564694950601177
681,835,1516,0.12565280700297993
676,839,1515,0.12564554763701977
679,837,1516,0.12565236100570432
672,828,1500,0.12565125650969766
672,837,1509,0.12566661204615576
670,838,1508,0.12568252289732532
657,850,1507,0.12570308765907934
654,859,1513,0.12575446068618606
652,859,1511,0.1258081362325595
648,858,1506,0.12586153837139766
643,851,1494,0.12592030906581386
636,860,1496,0.12598910616583342
635,858,1493,0.12607090709885121
641,857,1498,0.12615067059410717
634,857,1491,0.12620977588077378
639,852,1491,0.1262835385921214
647,861,1508,0.12634012463548994
650,865,1515,0.1263728601189284
653,865,1518,0.12639565376948497
640,868,1508,0.12640857784432877
638,872,1510,0.1264528019408877
637,882,1519,0.12649855966416507
637,882,1519,0.12654395007013677
636,867,1503,0.12658640814386224
636,876,1512,0.1266280878930597
629,881,1510,0.12666607449534328
627,881,1508,0.12672044604218036
631,876,1507,0.1267773015941983
632,876,1508,0.12682066827082564
627,875,1502,0.12685996514522244
632,870,1502,0.12690896258346102
629,869,1498,0.12694114569541268
615,875,1490,0.1269783373822948
622,893,1515,0.12704912361717927
616,883,1499,0.1270978623929739
615,882,1497,0.12715823203847867
609,886,1495,0.12721690522501228
615,892,1507,0.1272853805341635
602,897,1499,0.1273340832536488
607,904,1511,0.12741238945581704
610,897,1507,0.12747274148798923
612,904,1516,0.1275214505159788
612,901,1513,0.12755999177869462
618,899,1517,0.12759666340667442
615,906,1521,0.12761497507115008
605,911,1516,0.12764141463207854
604,911,1515,0.12769055996502643
611,906,1517,0.12773947899502416
599,918,1517,0.12776717450607744
595,917,1512,0.12782245330923966
601,908,1509,0.12788305184748291
613,905,1518,0.12792427957652966
612,906,1518,0.1279311072636225
612,906,1518,0.12794095031068453
605,910,1515,0.1279493967340269
606,912,1518,0.12797655462977534
607,908,1515,0.1279987592356368
608,913,1521,0.12801618288591277
598,913,1511,0.12803088011314934
587,924,1511,0.12806891500822312
591,918,1509,0.1281320130041464
581,933,1514,0.1281805912189372
570,930,1500,0.12825030045308278
577,934,1511,0.12834339820982246
579,937,1516,0.12841085374686373
581,937,1518,0.12846960710718577
580,927,1507,0.12851953943432481
574,929,1503,0.12856772101215042
574,919,1493,0.12862857331937477
577,933,1510,0.12868430256808647
568,944,1512,0.1287289908216538
572,943,1515,0.1287935211783594
575,942,1517,0.1288448375077735
572,950,1522,0.12888401594466514
569,945,1514,0.12892841973215455
568,940,1508,0.12897674658585243
568,936,1504,0.12902469680027462
566,945,1511,0.12906899052780116
559,944,1503,0.12911494311106497
559,937,1496,0.12917529779470305
564,946,1510,0.1292311574121491
566,943,1509,0.1292706965147575
567,940,1507,0.12930223518787876
564,948,1512,0.12933017152075849
558,953,1511,0.1293624412096988
551,947,1498,0.12940717886761985
552,945,1497,0.12946655041053956
549,942,1491,0.12951869271592595
547,954,1501,0.12957338201948138
551,949,1500,0.1296291739564526
557,950,1507,0.12967131369953888
553,956,1509,0.12969450567148155
556,952,1508,0.1297277708697023
560,944,1504,0.12975087613339312
567,946,1513,0.12976181717572485
560,952,1512,0.12975364991975932
560,950,1510,0.12976335700491967
557,939,1496,0.12977269788512202
565,937,1502,0.12978710701828564
561,944,1505,0.1297808444822809
557,946,1503,0.12978380846501306
555,947,1502,0.1297983164672347
548,947,1495,0.1298174513866349
547,949,1496,0.129853627520023
554,960,1514,0.12989078374750618
554,955,1509,0.1299078891141448
546,957,1503,0.12992460124352656
550,951,1501,0.12995977773368697
546,955,1501,0.12998293413171805
552,960,1512,0.13001441202233172
549,956,1505,0.1300284786903854
552,955,1507,0.13004884858243784
552,961,1513,0.1300589892434068
548,965,1513,0.13006928200747075
554,963,1517,0.13008931524135897
554,961,1515,0.1300919399927789
546,967,1513,0.1300942427581739
550,970,1520,0.13011663937043252
551,966,1517,0.130126125401814
552,967,1519,0.13013285369312147
547,963,1510,0.13013610382204455
538,961,1499,0.1301504662812433
536,965,1501,0.13018660840719765
529,969,1498,0.1302265845839264
531,964,1495,0.13028089738280982
530,965,1495,0.1303260170293348
532,965,1497,0.13037259588803599
531,969,1500,0.13041100496253136
542,974,1516,0.13044973043698216
541,978,1519,0.1304583231338617
532,976,1508,0.1304687425869202
538,970,1508,0.13050000387979607
539,953,1492,0.13051458662329135
533,957,1490,0.13052523694115425
527,960,1487,0.13054890296524202
536,958,1494,0.13058530090445522
529,971,1500,0.1305960468189527
533,976,1509,0.130624886160572
533,973,1506,0.1306413231748743
541,972,1513,0.13065685692208084
536,970,1506,0.13065001448966235
535,965,1500,0.1306568893191219
541,963,1504,0.13066552472978718
541,967,1508,0.13065785055159393
537,961,1498,0.13065074784320793
547,962,1509,0.1306541971607015
552,958,1510,0.1306313411989547
553,952,1505,0.1305967415304058
551,958,1509,0.13056179343683946
549,958,1507,0.1305347352125381
540,965,1505,0.13051478765572153
545,970,1515,0.13052021245040182
548,961,1509,0.13051054572219417
544,969,1513,0.13049471128989878
544,970,1514,0.1304893993352851
549,976,1525,0.13048497537314016
541,968,1509,0.13046805605837306
543,971,1514,0.13047323507079614
538,962,1500,0.13047489875361995
537,965,1502,0.13049017061137555
528,967,1495,0.13050511293834455
537,966,1503,0.13054020184914336
521,977,1498,0.13054870079132697
522,982,1504,0.13059709149301402
515,983,1498,0.13063910415639607
517,986,1503,0.13069545087028453
519,978,1497,0.13074244092507242
531,975,1506,0.13078127348721022
530,983,1513,0.1307854477079954
535,992,1527,0.130792300768672
539,969,1508,0.13078584177518388
524,969,1493,0.13077011114750559
532,972,1504,0.1307944400684688
527,983,1510,0.1307960757082435
530,987,1517,0.13081148458454878
533,987,1520,0.13081657976287608
538,988,1526,0.13081399630893226
533,990,1523,0.1307998021829411
527,981,1508,0.13079982784071129
529,980,1509,0.13081566295810884
527,983,1510,0.13082350487898065
524,979,1503,0.1308351751084164
519,980,1499,0.13085426341367917
515,984,1499,0.13088444421198828
517,987,1504,0.13092274260204334
519,990,1509,0.13095305979611688
520,997,1517,0.13097585612478263
522,998,1520,0.13099459486972756
522,1001,1523,0.13100593059514334
519,1009,1528,0.13101621332565094
519,1006,1525,0.131034918392161
518,999,1517,0.13105340897149326
526,995,1521,0.13107331914977022
516,1002,1518,0.13107167615570547
523,998,1521,0.13109552119314008
524,1004,1528,0.13110090944383235
516,997,1513,0.1311043279466636
512,1008,1520,0.13112975985492198
515,1000,1515,0.13116358396357292
518,1005,1523,0.13118729756630615
513,990,1503,0.13120237115685104
511,993,1504,0.1312289924719172
514,994,1508,0.13125842468739968
503,992,1495,0.13127964683177368
497,1000,1497,0.131328402903319
506,1008,1514,0.1313889503175392
499,1004,1503,0.1314219909966269
505,1017,1522,0.1314707162531161
503,1023,1526,0.13149955490801835
498,1012,1510,0.1315310650428264
490,1004,1494,0.13157502078800115
492,1009,1501,0.13163691384647888
494,1014,1508,0.1316883176591703
483,1021,1504,0.13173137816057692
479,1024,1503,0.13180054327996082
480,1026,1506,0.1318749392656906
477,1027,1504,0.13194126111609122
474,1024,1498,0.13201205375328687
472,1025,1497,0.13208472186935946
471,1032,1503,0.13215959741550207
464,1034,1498,0.1322315161675088
460,1042,1502,0.13231676855084515
458,1053,1511,0.13240814161026596
455,1055,1510,0.13249869588167829
448,1056,1504,0.13259123450430654
456,1057,1513,0.13269469205593856
457,1046,1503,0.13277022193437713
450,1049,1499,0.1328374702491457
449,1051,1500,0.1329195662582424
454,1063,1517,0.1329993451690047
452,1065,1517,0.13306113230369201
444,1061,1505,0.13312421515369416
448,1065,1513,0.13320474271976188
454,1069,1523,0.13326882647703212
448,1073,1521,0.13331131622122447
446,1060,1506,0.1333665329093236
449,1051,1500,0.13342277817155548
459,1056,1515,0.1334660963949321
450,1055,1505,0.13347953132543716
450,1048,1498,0.13351666975190754
460,1059,1519,0.13355173289474662
457,1044,1501,0.1335567761506029
454,1057,1511,0.133570097249964
445,1058,1503,0.13359090657955527
444,1058,1502,0.1336352682404356
441,1068,1509,0.13368015152232166
437,1061,1498,0.13373012411890803
439,1062,1501,0.13378624006163306
438,1073,1511,0.13383510613711494
434,1081,1515,0.13388371730060458
438,1075,1513,0.1339380973685185
431,1075,1506,0.1339779369139262
430,1075,1505,0.13403271799270444
434,1077,1511,0.1340847936686824
433,1080,1513,0.13412463432702823
429,1084,1513,0.13416353764315578
426,1076,1502,0.1342116244403719
429,1073,1502,0.13426511798984345
432,1078,1510,0.13430741601901064
433,1086,1519,0.13433901539756646
421,1075,1496,0.1343655128756198
422,1059,1481,0.13442196769141354
421,1065,1486,0.1344724058449284
424,1069,1493,0.1345222448021824
418,1077,1495,0.13456046177205583
420,1087,1507,0.13461165896670785
426,1072,1498,0.13465505234700287
429,1080,1509,0.13467851148704887
427,1081,1508,0.1346924965482133
426,1069,1495,0.13471235768034567
420,1075,1495,0.13473481656285602
423,1076,1499,0.13477254178151188
429,1077,1506,0.13479828940715863
432,1077,1509,0.1348067158275393
424,1087,1511,0.13480717405509526
429,1083,1512,0.13482899773290352
426,1091,1517,0.1348357100851519
419,1099,1518,0.1348491050878738
413,1107,1520,0.13487831996846908
420,1095,1515,0.134920706224063
424,1100,1524,0.13494183119361025
430,1110,1540,0.13495227594838485
415,1101,1516,0.13494596945072812
415,1090,1505,0.13498191840413984
416,1089,1505,0.1350142678394962
410,1093,1503,0.1350413952534202
408,1091,1499,0.13508373535074195
409,1096,1505,0.13512733329232304
407,1105,1512,0.1351653857774895
411,1099,1510,0.13520684628245733
412,1101,1513,0.13523423171513346
422,1104,1526,0.1352576771882906
411,1101,1512,0.13525314729761187
418,1104,1522,0.1352781250429712
418,1106,1524,0.1352825672576219
413,1109,1522,0.13528573626803111
408,1110,1518,0.13530278877741622
413,1102,1515,0.13533241120312708
407,1104,1511,0.13534586020318845
405,1101,1506,0.13537463069665612
410,1102,1512,0.13540758876896777
417,1101,1518,0.1354256249364383
414,1103,1517,0.13542374615201455
409,1115,1524,0.13543022718160055
408,1103,1511,0.1354485802712959
402,1105,1507,0.13546739153057447
406,1105,1511,0.1355021326441587
405,1109,1514,0.13552541119036746
404,1109,1513,0.13554968962119435
399,1108,1507,0.13557621549019125
400,1098,1498,0.1356142113373803
403,1094,1497,0.135647104045435
406,1105,1511,0.13566918322033406
408,1110,1518,0.13568247199046204
408,1113,1521,0.13569047032383655
402,1106,1508,0.13569842393516482
406,1101,1507,0.1357216243108703
401,1099,1500,0.1357321451919918
398,1105,1503,0.1357564644996969
400,1102,1502,0.1357860385078703
400,1096,1496,0.13580778840823482
405,1095,1500,0.1358278540239786
401,1111,1512,0.13583200952484137
403,1108,1511,0.13584737662293275
408,1107,1515,0.13585565095763094
411,1111,1522,0.13585088635145104
410,1116,1526,0.13583809605597982
414,1096,1510,0.13582957271232482
413,1091,1504,0.1358111284137536
408,1097,1505,0.1357973106906994
411,1111,1522,0.13579911325820512
410,1089,1499,0.1357927003884802
412,1096,1508,0.13579024620935293
407,1108,1515,0.1357829270209888
409,1102,1511,0.1357904498975974
411,1107,1518,0.13579343157048318
402,1111,1513,0.13579048972419103
401,1121,1522,0.13581233266445347
399,1115,1514,0.13583375309430462
395,1113,1508,0.1358597851730875
397,1117,1514,0.13589543633261655
391,1122,1513,0.13592330078573078
396,1122,1518,0.13596462527117772
395,1129,1524,0.13598951175594617
391,1125,1516,0.13601623125619405
399,1135,1534,0.13605261193207852
400,1126,1526,0.13606370375226004
396,1116,1512,0.13607048672676492
397,1117,1514,0.1360879454069101
397,1119,1516,0.13610226904469688
397,1114,1511,0.13611540950694764
396,1121,1517,0.13612655158202977
397,1109,1506,0.13614236396971063
394,1113,1507,0.13615599742628667
393,1125,1518,0.13617464160549872
395,1114,1509,0.13619577005326666
398,1113,1511,0.1362100735201901
394,1118,1512,0.13621484059551212
392,1116,1508,0.13623046883797144
393,1114,1507,0.13624997767322444
392,1119,1511,0.13626561270335416
393,1122,1515,0.13628262810903022
387,1121,1508,0.1362960297047339
385,1111,1496,0.13632401304510502
382,1122,1504,0.13635503163277543
389,1101,1490,0.13639117556731434
392,1104,1496,0.13640707100671393
396,1112,1508,0.13641384739259743
395,1118,1513,0.1364106072046074
396,1108,1504,0.13640893386531328
395,1106,1501,0.13640390070878264
394,1103,1497,0.1364013069547993
392,1114,1506,0.13640424728119865
395,1115,1510,0.1364126002113617
402,1122,1524,0.13641198620880177
393,1119,1512,0.13639262955722078
396,1123,1519,0.13639915169941136
389,1131,1520,0.13639557384864617
394,1135,1529,0.13641261979998107
394,1120,1514,0.13641590319795988
394,1124,1518,0.13641886183622856
393,1122,1515,0.13642061042776146
389,1132,1521,0.13642477219451624
394,1125,1519,0.13643908409910205
392,1128,1520,0.13643888090366466
394,1126,1520,0.1364438946814428
398,1120,1518,0.13644502768174818
394,1122,1516,0.1364363047562039
384,1126,1510,0.1364377119382495
392,1123,1515,0.13646463467265574
395,1119,1514,0.1364671034540049
398,1113,1511,0.13646151753447483
399,1107,1506,0.13644855229759276
401,1121,1522,0.13643531473653464
398,1129,1527,0.1364201604669093
396,1131,1527,0.1364143809106324
392,1133,1525,0.1364165062918447
385,1125,1510,0.1364283185361302
383,1113,1496,0.13645831775263384
381,1124,1505,0.13649024221833314
379,1126,1505,0.13652560496330843
378,1132,1510,0.13656332384882952
378,1135,1513,0.13660028330132104
373,1140,1513,0.1366352444234584
369,1133,1502,0.1366822484263481
368,1130,1498,0.13673606192045168
368,1143,1511,0.13678780598574755
374,1135,1509,0.13683654890042735
373,1135,1508,0.1368656456129768
373,1144,1517,0.13689524520172686
379,1127,1506,0.13692258962551992
379,1130,1509,0.13693209949628915
380,1137,1517,0.13694182532428356
368,1145,1513,0.13694852910437014
369,1151,1520,0.13698917100670052
369,1155,1524,0.1370239968091618
367,1141,1508,0.1370568454402326
372,1135,1507,0.13709183705914083
377,1143,1520,0.13711180229590764
373,1141,1514,0.13711814563526317
372,1148,1520,0.13713601197216657
367,1138,1505,0.13715612559323984
366,1138,1504,0.1371886042439584
358,1136,1494,0.13721813030021032
364,1144,1508,0.13726617559668117
369,1147,1516,0.13729596378059805
362,1144,1506,0.13731037334467389
359,1139,1498,0.13734331656214036
363,1152,1515,0.13738340589360198
360,1137,1497,0.13741009183993483
363,1128,1491,0.13744353003720186
359,1139,1498,0.13746576478128614
356,1140,1496,0.13749711592792327
362,1138,1500,0.13753507458150582
359,1135,1494,0.1375535024270482
361,1153,1514,0.13757701596670796
365,1144,1509,0.13759542023154556
369,1144,1513,0.13760256422487582
367,1138,1505,0.13759838573991
367,1152,1519,0.13759851352136768
368,1151,1519,0.1375973243860197
360,1150,1510,0.13759441869054811
359,1162,1521,0.1376131792110777
359,1150,1509,0.13763373215050193
359,1151,1510,0.1376537855484181
359,1143,1502,0.13767212108498272
361,1156,1517,0.1376889489816206
351,1155,1506,0.13769989759281004
351,1160,1511,0.13773692639450053
349,1155,1504,0.13777101742687525
348,1160,1508,0.13780954166788487
352,1165,1517,0.1378473003326953
350,1162,1512,0.13787264454743106
342,1170,1512,0.13790174251386028
344,1175,1519,0.13794881992139335
338,1174,1512,0.1379892912036579
340,1181,1521,0.13804377344194202
335,1188,1523,0.13809000969847463
329,1169,1498,0.13814540942889222
336,1181,1517,0.1382133061370717
331,1189,1520,0.1382561852766728
330,1194,1524,0.13831009288262633
325,1188,1513,0.1383639649336323
321,1184,1505,0.13842742399504282
322,1195,1517,0.1384993425225491
325,1198,1523,0.13856485787449466
322,1200,1522,0.13861697659838657
322,1204,1526,0.1386718656296284
317,1201,1518,0.1387230864819843
313,1203,1516,0.13878406195886178
313,1193,1506,0.1388510963876786
311,1199,1510,0.13891220174417793
314,1209,1523,0.13897476597667144
316,1191,1507,0.1390253507287661
311,1191,1502,0.13906824029804607
316,1198,1514,0.13912153356230952
314,1203,1517,0.13915705850179452
312,1191,1503,0.13919451224743715
310,1196,1506,0.13923542297619343
307,1194,1501,0.13928015781826578
306,1197,1503,0.1393298904582314
307,1203,1510,0.13937995349161245
312,1200,1512,0.13942441040650297
311,1187,1498,0.1394524494199416
309,1198,1507,0.13948166109249707
305,1196,1501,0.1395143365744162
301,1200,1501,0.13955740618703052
312,1208,1520,0.13960770053935903
310,1221,1531,0.1396254382155622
309,1213,1522,0.13964883308960768
311,1197,1508,0.13967451509927029
309,1197,1506,0.13969161566743946
301,1205,1506,0.13971313146140257
304,1214,1518,0.13975414012097992
300,1212,1512,0.13978670959548845
299,1214,1513,0.13982767234075105
300,1212,1512,0.13986800300059227
299,1222,1521,0.13990242373070041
290,1219,1509,0.13993659735582437
294,1222,1516,0.13999202805353422
294,1215,1509,0.1400322749705258
289,1218,1507,0.1400702237815044
293,1222,1515,0.14011904695891547
293,1226,1519,0.1401532568927969
295,1229,1524,0.14018530399965054
294,1228,1522,0.14020951192937312
290,1229,1519,0.14023557897723843
292,1224,1516,0.1402703010444083
290,1224,1514,0.14029692305442118
295,1231,1526,0.14032762265943252
285,1226,1511,0.14034323410419167
286,1236,1522,0.14038535770156052
289,1231,1520,0.1404226799976102
288,1233,1521,0.14044964910345534
293,1233,1526,0.14047643523120779
294,1228,1522,0.14048940260252418
299,1224,1523,0.1404990820350555
292,1231,1523,0.14049316672505788
296,1229,1525,0.14050619828175784
292,1219,1511,0.14050804575617015
292,1204,1496,0.14052077332814927
294,1215,1509,0.14053223379392407
294,1217,1511,0.1405376619433941
296,1222,1518,0.14054258903088906
298,1228,1526,0.14054208775113586
293,1234,1527,0.14053644270440907
292,1220,1512,0.1405439552939733
290,1220,1510,0.14055251072613117
291,1231,1522,0.14056628316781616
289,1232,1521,0.14057729791756726
294,1223,1517,0.14059348007143377
292,1218,1510,0.14059468770820538
290,1225,1515,0.1406007309236296
289,1230,1519,0.1406128250872338
289,1229,1518,0.1406270997342013
287,1226,1513,0.14064073664951351
290,1222,1512,0.1406597435987623
286,1226,1512,0.14067036619362291
283,1237,1520,0.14069187200182443
279,1239,1518,0.1407194569713902
276,1238,1514,0.14075595888413253
274,1241,1515,0.14079911776458917
275,1233,1508,0.14084387261876632
278,1239,1517,0.14088328616874823
273,1238,1511,0.14091211103551365
273,1238,1511,0.14095233880523034
278,1223,1501,0.1409886891978104
284,1228,1512,0.1410091553017754
282,1227,1509,0.1410114720003187
284,1214,1498,0.14101886536786087
282,1232,1514,0.14102065699012267
276,1230,1506,0.14102842483692904
274,1244,1518,0.14105276569905298
279,1241,1520,0.14108078712799776
282,1235,1517,0.14109189205477005
281,1226,1507,0.141094617921296
286,1234,1520,0.14110069317741325
282,1231,1513,0.1410925261407021
279,1235,1514,0.14109665413688816
279,1225,1504,0.14110811983069155
277,1225,1502,0.14111901326650605
271,1224,1495,0.14113540771498612
270,1239,1509,0.14116911832772028
270,1240,1510,0.1412030841981894
270,1236,1506,0.14123474215248122
272,1240,1512,0.14126392763725648
269,1252,1521,0.14128577498229108
270,1257,1527,0.14131375072982855
265,1257,1522,0.14133674695264453
264,1254,1518,0.1413727079551968
262,1249,1511,0.1414097823873903
266,1252,1518,0.14145013089460445
265,1256,1521,0.14147606036709381
264,1264,1528,0.14150447765420257
265,1267,1532,0.1415344792714259
263,1261,1524,0.14155973880792216
254,1257,1511,0.14158820994805887
253,1275,1528,0.14163953013654149
256,1286,1542,0.1416911253142673
255,1282,1537,0.1417305354543462
254,1281,1535,0.14176917636721298
254,1266,1520,0.1418079602113988
250,1265,1515,0.14184318455146694
250,1258,1508,0.1418877609087443
247,1255,1502,0.14192863576991566
245,1260,1505,0.14197426953354228
245,1253,1498,0.14202310024400594
248,1253,1501,0.14206769597645916
244,1265,1509,0.14210134378629236
239,1261,1500,0.14214346922566096
239,1276,1515,0.14219620476148367
240,1268,1508,0.14224478972815252
238,1267,1505,0.1422867300117697
236,1267,1503,0.1423314103434876
238,1272,1510,0.14237874362686334
238,1269,1507,0.142418559099202
239,1260,1499,0.14245626751470591
242,1268,1510,0.1424888581392636
241,1271,1512,0.1425102297216606
237,1269,1506,0.14253297657200778
239,1268,1507,0.14256608261643383
235,1270,1505,0.14259105577036266
238,1277,1515,0.14262573236869763
236,1265,1501,0.1426501828508058
236,1269,1505,0.14267859008534342
232,1261,1493,0.1427047247456007
237,1270,1507,0.14274011239751572
239,1271,1510,0.14276063847656953
239,1288,1527,0.14277392009381162
237,1284,1521,0.14278615438100534
236,1284,1520,0.1428022158430268
235,1299,1534,0.14282037854836369
236,1303,1539,0.1428395722761439
226,1306,1532,0.14285571544343584
225,1298,1523,0.14289815065108424
225,1296,1521,0.1429407059257135
222,1291,1513,0.1429809288523009
227,1294,1521,0.14302706693796807
227,1287,1514,0.1430560738673208
225,1303,1528,0.14308377037284534
225,1291,1516,0.1431152449753994
227,1306,1533,0.14314488294832928
226,1301,1527,0.14316738998029796
222,1288,1510,0.14319144371396259
223,1286,1509,0.14322545267310713
224,1284,1508,0.14325371276428078
222,1283,1505,0.14327845280603657
219,1302,1521,0.14330694015993714
214,1310,1524,0.1433403771879583
214,1297,1511,0.14338625337592192
218,1303,1521,0.14342959599948688
213,1297,1510,0.14345753387578267
213,1296,1509,0.14349755895416713
213,1292,1505,0.1435348339817226
208,1289,1497,0.14356953563183084
209,1294,1503,0.1436158563821387
203,1305,1508,0.14365699915087832
204,1307,1511,0.14371221889673344
208,1318,1526,0.1437605611683746
208,1310,1518,0.1437949668467121
210,1303,1513,0.14382742395644088
217,1287,1504,0.14385179929132472
216,1299,1515,0.1438547815452396
216,1292,1508,0.14386056837127106
216,1286,1502,0.14386658415312834
209,1293,1502,0.14387273908009957
206,1288,1494,0.14389791384425574
206,1290,1496,0.1439297662613914
210,1302,1512,0.14395870015637416
212,1301,1513,0.1439739621288758
208,1310,1518,0.1439832461446053
208,1300,1508,0.14400278155399007
213,1306,1519,0.14402181042060316
213,1306,1519,0.14402521680848557
210,1299,1509,0.14402888414586504
210,1292,1502,0.14404111756262836
210,1296,1506,0.1440528896273298
211,1301,1512,0.14406351642255472
212,1311,1523,0.14407308472484273
212,1306,1518,0.14407998398507008
211,1299,1510,0.14408670320667769
213,1313,1526,0.14409633448909123
211,1309,1520,0.14409945133728783
210,1301,1511,0.144106769538083
204,1309,1513,0.14411645519792038
200,1308,1508,0.1441435228052111
202,1308,1510,0.14418042601182654
205,1306,1511,0.1442099625355361
203,1313,1516,0.14422870436421487
208,1311,1519,0.14425270351996342
209,1321,1530,0.14426153513848783
210,1321,1531,0.1442672855143927
207,1309,1516,0.1442690142306275
202,1306,1508,0.14427894971275607
203,1313,1516,0.1443017530757941
208,1307,1515,0.14432038355434493
202,1313,1515,0.14432589730773202
201,1312,1513,0.14434819916138758
201,1313,1514,0.14437153340539555
201,1321,1522,0.14439407289767178
195,1328,1523,0.1444148382801277
193,1320,1513,0.1444521035101856
193,1324,1517,0.14449288578445546
195,1321,1516,0.14453099702307934
191,1326,1517,0.14456132097509716
191,1317,1508,0.144600915298819
192,1322,1514,0.14463771082627766
191,1317,1508,0.14466886463317224
189,1318,1507,0.14470075400812243
188,1322,1510,0.1447357539238379
190,1323,1513,0.1447708333309905
186,1331,1517,0.14479850712195358
188,1337,1525,0.14483579256199863
185,1332,1517,0.14486529770228565
190,1335,1525,0.14490210812166268
188,1326,1514,0.14492362904357362
195,1318,1513,0.14495005377892775
196,1319,1515,0.144956316205324
191,1319,1510,0.14495950015042636
190,1325,1515,0.14497660835975823
190,1324,1514,0.14499525098605626
189,1326,1515,0.1450123967187751
187,1319,1506,0.14503164688563874
189,1324,1513,0.14505538944012902
187,1331,1518,0.14507194817935593
183,1336,1519,0.14509340039679214
187,1344,1531,0.14512546883395971
186,1343,1529,0.14514354454356218
188,1336,1524,0.14516492871173856
188,1332,1520,0.14517937640696324
188,1337,1525,0.14519313227618202
184,1347,1531,0.14520562055653286
184,1333,1517,0.14522817097845742
181,1326,1507,0.14524870542941276
182,1313,1495,0.145275724629265
178,1324,1502,0.14529870941325687
178,1329,1507,0.14533195387081188
174,1339,1513,0.14536322587931794
170,1344,1514,0.14540317443567774
170,1351,1521,0.14545106678846806
170,1349,1519,0.14549617764157716
174,1346,1520,0.14553896863808474
171,1340,1511,0.14556751158713852
166,1358,1524,0.14560261407338093
165,1357,1522,0.1456505621823689
162,1362,1524,0.14569786401356713
162,1361,1523,0.1457506219668489
159,1359,1518,0.14580036991946607
156,1362,1518,0.1458557939549519
157,1355,1512,0.14591631094855884
154,1354,1508,0.1459694495581472
155,1343,1498,0.1460272397499061
153,1356,1509,0.14607800741412594
150,1356,1506,0.14613168410225238
151,1359,1510,0.14619090898118792
150,1360,1510,0.14624353090660921
151,1364,1515,0.146296330924035
152,1366,1518,0.14634346151204067
153,1366,1519,0.14638590040685792
154,1364,1518,0.146422256989986
153,1363,1516,0.1464531612255696
150,1373,1523,0.14648489482238575
151,1375,1526,0.14652286207957224
153,1370,1523,0.14655424758742638
151,1366,1517,0.1465778281182942
151,1362,1513,0.14660568741093674
155,1363,1518,0.1466321784586994
158,1369,1527,0.14664561251321684
158,1367,1525,0.1466501076276424
158,1361,1519,0.1466543595213242
160,1367,1527,0.14665841091017773
160,1379,1539,0.14665707567117528
161,1367,1528,0.14665540081952194
159,1365,1524,0.14665034854107944
153,1362,1515,0.14665165903974267
150,1357,1507,0.14667002888068498
150,1365,1515,0.1466962680211738
150,1353,1503,0.14672146454796248
149,1367,1516,0.14674578206890854
150,1358,1508,0.14677029320599602
146,1364,1510,0.14679060852060777
148,1365,1513,0.14682017038712358
146,1363,1509,0.14684259367746733
142,1366,1508,0.14686964743558029
140,1366,1506,0.1469067795779127
143,1371,1514,0.14694620461069494
142,1390,1532,0.14697611514539674
140,1398,1538,0.1470069744029914
141,1389,1530,0.147041271707686
144,1372,1516,0.14707002389468046
141,1376,1517,0.14708834792290426
139,1374,1513,0.14711360578082072
138,1371,1509,0.14714234585776173
141,1382,1523,0.14717238718231487
139,1382,1521,0.14719154799252077
137,1377,1514,0.14721476402157363
136,1387,1523,0.14724205139574204
137,1382,1519,0.14727047848954203
137,1369,1506,0.14729408102681066
139,1366,1505,0.14731576297326923
137,1379,1516,0.14733073192051122
140,1385,1525,0.14734960157811994
139,1384,1523,0.1473590638279667
136,1376,1512,0.14737081521774245
135,1376,1511,0.1473901102378666
134,1394,1528,0.14741130480330805
131,1391,1522,0.1474337803418021
130,1376,1506,0.14746315305476748
132,1375,1507,0.14749345793364146
131,1363,1494,0.14751527763696132
138,1377,1515,0.14753858650150806
138,1369,1507,0.1475411380639734
140,1382,1522,0.14754309845837985
138,1397,1535,0.14753899078718746
132,1380,1512,0.14754080968562452
138,1388,1526,0.14756126866346642
140,1382,1522,0.14756401434581054
136,1388,1524,0.14756105319287488
139,1386,1525,0.14757014192982398
138,1370,1508,0.14756964514475357
134,1392,1526,0.14757254192854632
134,1389,1523,0.14758603346595486
135,1382,1517,0.14759804871064425
132,1371,1503,0.1476066099553333
128,1379,1507,0.1476228903941177
133,1379,1512,0.14764895746266085
131,1388,1519,0.1476593649991433
131,1385,1516,0.14767493434449736
129,1403,1532,0.1476897356818233
131,1406,1537,0.14770921407191004
128,1396,1524,0.1477214379335523
124,1397,1521,0.14774120661696324
125,1391,1516,0.14777073012786446
128,1382,1510,0.14779496662410543
127,1394,1521,0.147809338267704
126,1391,1517,0.14782617984380397
126,1383,1509,0.14784458272222903
124,1386,1510,0.14786158126547258
124,1392,1516,0.14788299100592373
120,1380,1500,0.1479030000708038
121,1378,1499,0.1479332767255869
121,1382,1503,0.1479585443438393
121,1380,1501,0.1479810008261219
122,1382,1504,0.14800265632431958
121,1387,1508,0.14802080519682878
120,1399,1519,0.14804071285221598
119,1392,1511,0.14806202889997422
120,1406,1526,0.14808438046850644
120,1401,1521,0.14810311208863333
121,1392,1513,0.14812027338969483
118,1392,1510,0.14813356439876899
118,1395,1513,0.14815506228076292
115,1384,1499,0.14817528852440573
118,1391,1509,0.1482029606908461
123,1384,1507,0.14821981294611686
125,1385,1510,0.1482216416751352
121,1399,1520,0.14821741276943382
119,1384,1503,0.1482251224169724
120,1391,1511,0.14823743573637307
123,1379,1502,0.14824627797563594
127,1372,1499,0.1482462779439425
128,1375,1503,0.14823459263051006
128,1378,1506,0.14822063152007878
126,1391,1517,0.14820816484527385
125,1380,1505,0.1482016614017143
116,1397,1513,0.14819875365438928
121,1402,1523,0.14822130659779248
120,1391,1511,0.14822801048463544
122,1386,1508,0.1482378209718215
123,1401,1524,0.14824109041607117
121,1400,1521,0.148241364959955
123,1403,1526,0.1482476773392645
120,1399,1519,0.1482475342341239
121,1407,1528,0.14825532563765037
118,1393,1511,0.14825983839810053
115,1397,1512,0.1482727207041622
113,1415,1528,0.14829291718534704
113,1403,1516,0.1483177852127322
108,1401,1509,0.14834086341802752
106,1412,1518,0.14837616601196835
106,1414,1520,0.1484149590693092
109,1414,1523,0.1484510755898434
108,1411,1519,0.14847603151378816
106,1415,1521,0.14850244013894387
107,1407,1514,0.14853282825307462
107,1386,1493,0.1485583855156829
106,1413,1519,0.14858291676499477
111,1404,1515,0.14860911389296802
111,1402,1513,0.14861901083144816
109,1413,1522,0.14862811754593622
109,1411,1520,0.14864239184506975
109,1420,1529,0.14865527687582103
113,1412,1525,0.14866738508386537
110,1408,1518,0.14866731121376467
108,1409,1517,0.14867574525180127
109,1417,1526,0.1486898392899381
109,1417,1526,0.14870049801135507
112,1417,1529,0.14871022356298258
112,1416,1528,0.14871109490597706
114,1407,1521,0.1487120860624833
114,1411,1525,0.14870673682814003
109,1411,1520,0.14870194662407277
107,1412,1519,0.14871155480208054
109,1412,1521,0.14872581985303934
110,1420,1530,0.1487334357137806
108,1418,1526,0.1487371613426947
109,1419,1528,0.14874661978382014
111,1400,1511,0.14875230465463032
103,1411,1514,0.1487515345690614
103,1409,1512,0.14877372652865425
103,1411,1514,0.14879427846907106
104,1416,1520,0.14881393249510613
108,1412,1520,0.14882913919423346
106,1407,1513,0.1488318231429687
106,1391,1497,0.1488401679021725
107,1390,1497,0.1488478037420138
105,1398,1503,0.1488518103633541
107,1397,1504,0.1488610224315303
107,1401,1508,0.1488638609611284
106,1408,1514,0.1488659930838332
105,1409,1514,0.14887088484685734
103,1416,1519,0.14887844353439125
107,1421,1528,0.14889182780891105
105,1414,1519,0.14889315806002515
107,1410,1517,0.14890060996227852
105,1417,1522,0.14890183365202778
106,1423,1529,0.14890901234504633
106,1417,1523,0.14891286300452442
101,1409,1510,0.1489161110870255
105,1411,1516,0.14893311079998472
104,1399,1503,0.14893746429002014
105,1401,1506,0.14894454857011247
102,1420,1522,0.14894823977251387
104,1423,1527,0.14895977944137004
104,1428,1532,0.14896502287750463
103,1425,1528,0.14897018522205158
103,1416,1519,0.14897829736711793
102,1407,1509,0.14898618246682588
101,1398,1499,0.1489962022126736
103,1409,1512,0.14900891888262646
104,1403,1507,0.14901474702482953
102,1408,1510,0.14901732226034606
102,1416,1518,0.14902532807010896
106,1414,1520,0.14903243461507493
107,1399,1506,0.14902759657769982
108,1399,1507,0.14902035826992846
105,1396,1501,0.14901062108194793
106,1406,1512,0.1490108611229596
106,1405,1511,0.14900891098716587
105,1398,1503,0.1490072238516015
104,1412,1516,0.1490086961214824
104,1398,1502,0.14901284663833844
100,1415,1515,0.14901663914936478
103,1409,1512,0.14903169032231958
104,1410,1514,0.14903656584742153
105,1396,1501,0.14903854576852696
106,1394,1500,0.1490375970382871
105,1404,1509,0.14903457485143665
104,1408,1512,0.14903467295747772
104,1407,1511,0.1490384048209122
100,1394,1494,0.14904193998142087
98,1398,1496,0.14905724633401
99,1400,1499,0.14907747840513533
99,1396,1495,0.149093859495771
102,1408,1510,0.14910977041563528
101,1418,1519,0.14911627707977534
99,1421,1520,0.14912527688365784
97,1423,1520,0.14913931044690124
98,1424,1522,0.14915826856300193
101,1417,1518,0.14917301683674067
102,1407,1509,0.14917784248905583
101,1413,1514,0.14917989708369309
103,1409,1512,0.14918540142499678
103,1417,1520,0.14918467500719032
101,1411,1512,0.14918423326093314
101,1412,1513,0.14918927833183585
100,1435,1535,0.14919411131107188
100,1416,1516,0.14920182360156395
101,1409,1510,0.149208730724761
104,1407,1511,0.14921193251982032
105,1403,1508,0.14920633713635148
107,1413,1520,0.14919874662920743
109,1400,1509,0.1491861048486791
111,1407,1518,0.14916881993380302
107,1420,1527,0.14914725952682237
107,1400,1507,0.14913919769805484
103,1399,1502,0.14913181577058096
102,1404,1506,0.14913642224523588
102,1410,1512,0.1491447144742896
102,1406,1508,0.14915267984224506
100,1419,1519,0.149160283447934
99,1412,1511,0.14917302285000866
98,1418,1516,0.1491878775342721
96,1425,1521,0.14920468792832448
96,1432,1528,0.14922597904561952
90,1441,1531,0.14924617489969935
90,1431,1521,0.1492821511611086
91,1426,1517,0.14931577734886886
93,1429,1522,0.14934466830594703
94,1429,1523,0.14936610551567595
93,1428,1521,0.14938354160705092
96,1419,1515,0.1494027215159098
94,1417,1511,0.14941236645548894
93,1428,1521,0.149427282694188
91,1428,1519,0.14944445148016552
92,1427,1519,0.14946643542078789
88,1440,1528,0.14948424592946924
88,1430,1518,0.14951235155800208
89,1424,1513,0.14953866780336147
89,1407,1496,0.14955988259791467
84,1411,1495,0.1495795872111565
84,1418,1502,0.14961202956217348
85,1417,1502,0.1496422538509991
86,1419,1505,0.14966758773046893
87,1431,1518,0.1496884851683615
88,1431,1519,0.14970536245304605
88,1430,1518,0.1497182212843926
86,1421,1507,0.1497303273864332
85,1430,1515,0.14974733251258845
84,1435,1519,0.14976628715640972
81,1437,1518,0.14978694857367672
80,1429,1509,0.1498147622758219
83,1435,1518,0.14984316866586453
79,1434,1513,0.14986174405486444
79,1447,1526,0.1498904443059097
81,1445,1526,0.14991716339025885
85,1437,1522,0.1499364448625229
86,1436,1522,0.14994323653588304
85,1435,1520,0.14994704444212226
85,1426,1511,0.1499534718002116
87,1413,1500,0.14995968172197496
86,1425,1511,0.14996014653979123
85,1427,1512,0.1499632811308544
81,1445,1526,0.14996894211115577
81,1433,1514,0.14998590975618104
81,1437,1518,0.15000132397960544
80,1428,1508,0.15001563409312135
79,1431,1510,0.15003168560778848
79,1423,1502,0.15004902373961682
76,1430,1506,0.1500652196723283
80,1424,1504,0.1500885799477434
80,1425,1505,0.15009884825015518
79,1427,1506,0.15010833531620926
77,1419,1496,0.15012007177344316
78,1423,1501,0.15013676118276922
78,1427,1505,0.1501494443156228
75,1439,1514,0.1501612110929097
75,1443,1518,0.15018099248837885
76,1448,1524,0.15019955647372338
76,1434,1510,0.15021391700152936
75,1441,1516,0.15022758581331125
77,1448,1525,0.15024313883010648
77,1449,1526,0.15025217592438136
77,1449,1526,0.15026072824582706
77,1445,1522,0.15026881681681992
76,1449,1525,0.15027639512908994
75,1447,1522,0.15028633830695004
74,1444,1518,0.1502984657409078
71,1444,1515,0.15031258598091338
69,1458,1527,0.15033460124736753
69,1446,1515,0.15036094908347303
68,1446,1514,0.1503850083886005
70,1447,1517,0.1504109756657646
70,1450,1520,0.15042946610630864
70,1442,1512,0.15044688421330413
69,1438,1507,0.1504632836957808
72,1448,1520,0.15048142420971689
70,1437,1507,0.15048926542568253
71,1437,1508,0.15050231670834507
73,1437,1510,0.1505116812082043
71,1444,1515,0.15051482343817935
73,1450,1523,0.15052347477909447
73,1444,1517,0.15052554033893537
72,1454,1526,0.15052740341170337
75,1455,1530,0.15053239129437104
73,1455,1528,0.15052816429562152
75,1457,1532,0.1505305250851143
73,1455,1528,0.1505269066760654
78,1448,1526,0.1505295245361219
75,1446,1521,0.1505170524185398
75,1456,1531,0.15051418944455203
77,1462,1539,0.15051196760057972
74,1451,1525,0.15050404092571945
72,1441,1513,0.15050546325554448
72,1437,1509,0.15051242683693097
72,1428,1500,0.15051876403713904
71,1427,1498,0.15052463221233783
73,1424,1497,0.1505330016691499
74,1429,1503,0.15053513510554453
75,1449,1524,0.15053427895867627
74,1452,1526,0.15053061491094663
77,1449,1526,0.15053021330774768
79,1441,1520,0.15052126966235196
78,1436,1514,0.1505070874218783
77,1438,1515,0.15049680292416664
73,1434,1507,0.15049011730166806
75,1448,1523,0.15049583541368974
72,1461,1533,0.15049500131376875
72,1460,1532,0.1505029704400908
71,1451,1522,0.1505101368852425
72,1468,1540,0.1505195728623413
72,1451,1523,0.1505255438887272
71,1448,1519,0.15053107668924448
71,1458,1529,0.15053928712363665
71,1452,1523,0.15054667411756342
70,1442,1512,0.150553709349506
67,1435,1502,0.15056321502911857
67,1423,1490,0.1505806088440194
72,1424,1496,0.15059697477617742
69,1434,1503,0.15059770822557259
69,1440,1509,0.15060703945678638
69,1444,1513,0.15061552864875552
71,1444,1515,0.15062341899661805
70,1447,1517,0.1506250051383435
71,1443,1514,0.15062933787951388
69,1442,1511,0.15063057486129566
69,1443,1512,0.1506374113966583
70,1449,1519,0.15064339574729185
69,1453,1522,0.15064630004475618
69,1440,1509,0.15065240467121
69,1440,1509,0.1506581939004313
69,1455,1524,0.15066352802618843
68,1462,1530,0.15066859623295345
65,1462,1527,0.15067622018064275
62,1469,1531,0.15069208502501671
63,1465,1528,0.15071545791753344
64,1464,1528,0.15073436019324327
65,1463,1528,0.15074939132624135
64,1465,1529,0.1507603759078074
62,1454,1516,0.1507735998378864
61,1454,1515,0.1507923321732991
59,1451,1510,0.15081272770291176
55,1445,1500,0.15083769085120047
58,1452,1510,0.15087268537356152
58,1441,1499,0.15089649157312737
59,1455,1514,0.15091878069761921
56,1444,1500,0.15093670357993727
52,1462,1514,0.15096213165725664
54,1456,1510,0.1509976957520092
53,1455,1508,0.15102496576911942
53,1465,1518,0.1510535953811234
54,1460,1514,0.15108048215091252
57,1460,1517,0.15110282754998292
60,1464,1524,0.15111497423541542
59,1449,1508,0.15111733151831386
55,1459,1514,0.1511226739697503
53,1454,1507,0.15113974890354273
53,1448,1501,0.15116164911455107
53,1454,1507,0.15118218188669788
53,1459,1512,0.15120136220023989
54,1455,1509,0.15121939839017995
53,1458,1511,0.15123316259761066
54,1462,1516,0.15124901324690193
55,1466,1521,0.15126081320681048
55,1464,1519,0.1512689909515195
54,1455,1509,0.15127667147099166
54,1452,1506,0.15128689356087346
51,1455,1506,0.15129664956078512
51,1471,1522,0.15131472143637936
54,1473,1527,0.15133158829725288
54,1465,1519,0.15133836939570597
53,1454,1507,0.15134478808199237
49,1458,1507,0.15135367784967096
47,1475,1522,0.15137393218969059
47,1489,1536,0.15139880890595125
48,1490,1538,0.15142200512127424
51,1468,1519,0.15144077484435672
50,1472,1522,0.15144935251068575
50,1455,1505,0.15146039365130226
50,1452,1502,0.1514707235187851
51,1465,1516,0.15148042028723704
50,1477,1527,0.15148629274452596
50,1477,1527,0.15149476398994632
50,1475,1525,0.1515026814346936
52,1475,1527,0.1515100504283498
50,1475,1525,0.15151092698141702
50,1486,1536,0.1515176802027115
50,1479,1529,0.15152404558658905
51,1475,1526,0.15153000322086319
53,1481,1534,0.15153263555866572
53,1475,1528,0.1515291895495518
54,1471,1525,0.15152601593012138
54,1467,1521,0.15152013422661945
54,1469,1523,0.15151471364138536
53,1458,1511,0.15150969370996412
50,1470,1520,0.15150803730252005
53,1472,1525,0.1515153568820256
53,1472,1525,0.15151314224770063
55,1471,1526,0.15151116476402443
54,1462,1516,0.15150334263903154
53,1476,1529,0.1514990490632164
55,1477,1532,0.15149804804504025
55,1471,1526,0.151491116620595
54,1485,1539,0.15148456449781608
54,1472,1526,0.1514814773919664
51,1465,1516,0.15147865480323827
52,1460,1512,0.15148489824762618
51,1454,1505,0.15148779714562952
50,1465,1515,0.15149338736302867
50,1474,1524,0.1515015651020802
55,1455,1510,0.15150913975179642
55,1457,1512,0.15150148659137452
56,1476,1532,0.15149439054403419
52,1485,1537,0.15148486608866127
52,1469,1521,0.15148795491539016
51,1470,1521,0.15149078754422365
55,1465,1520,0.15149636727563323
55,1465,1520,0.15148989220051665
55,1462,1517,0.15148381536223676
55,1460,1515,0.1514783347012169
55,1445,1500,0.15147317164347665
56,1450,1506,0.15146829634066558
59,1455,1514,0.1514606963243146
60,1458,1518,0.1514447888044931
61,1454,1515,0.1514270946793462
62,1456,1518,0.15140763878315483
62,1473,1535,0.15138650660301012
61,1461,1522,0.15136681557489595
56,1454,1510,0.1513512245225163
57,1458,1515,0.15135150073108192
58,1468,1526,0.1513488276263867
56,1468,1524,0.15134355196793867
58,1459,1517,0.15134450277395073
61,1453,1514,0.15133957911776855
62,1455,1517,0.15132622775647547
62,1456,1518,0.15131081268244387
59,1452,1511,0.1512965550888376
58,1461,1519,0.1512920565977379
61,1461,1522,0.15129067902694046
58,1469,1527,0.151280492871267
60,1465,1525,0.15127984861070026
58,1463,1521,0.1512734032532379
57,1468,1525,0.1512732736759954
57,1471,1528,0.1512762492572359
59,1475,1534,0.151279114834206
59,1463,1522,0.1512758678128423
61,1452,1513,0.1512726249473589
63,1460,1523,0.15126369729376157
63,1469,1532,0.15124961651731275
63,1454,1517,0.15123642262305262
63,1447,1510,0.15122414145344565
59,1437,1496,0.15121272949638714
60,1440,1500,0.1512137567262891
59,1449,1508,0.15121175131955944
58,1454,1512,0.15121274164495996
56,1456,1512,0.15121620742997732
55,1463,1518,0.15122523821839362
53,1455,1508,0.1512365771977446
52,1450,1502,0.15125297147801245
49,1448,1497,0.15127112362996148
49,1461,1510,0.15129694209826514
51,1467,1518,0.15132081125259142
51,1468,1519,0.15133723062387797
50,1468,1518,0.1513525147770101
50,1460,1510,0.1513697714787399
50,1474,1524,0.15138568762918814
48,1479,1527,0.15140062070794383
48,1483,1531,0.15142049154215587
46,1490,1536,0.15143896363738288
46,1485,1531,0.15146232259274234
48,1473,1521,0.15148408575554753
47,1474,1521,0.15149853422309087
47,1474,1521,0.15151488426613008
50,1480,1530,0.15153036672025805
50,1485,1535,0.1515354873619418
51,1472,1523,0.15154025460831294
50,1477,1527,0.15154182186382642
51,1474,1525,0.15154641954701595
47,1468,1515,0.15154746519758555
49,1468,1517,0.15156042873452816
52,1471,1523,0.1515665951913579
52,1471,1523,0.15156317585324935
50,1466,1516,0.15155997474354735
51,1464,1515,0.15156316610927587
52,1473,1525,0.1515631652284965
50,1479,1529,0.1515601525438006
50,1485,1535,0.1515633724146987
50,1472,1522,0.15156639046065568
51,1477,1528,0.15156920713015032
47,1476,1523,0.15156890965874933
46,1467,1513,0.15158079428757476
46,1472,1518,0.1515949991343012
46,1471,1517,0.15160840954653412
45,1466,1511,0.15162096328062216
43,1476,1519,0.1516356786873294
43,1481,1524,0.15165523840439057
41,1482,1523,0.1516735612226313
42,1488,1530,0.15169671223988992
43,1489,1532,0.1517153677398847
42,1478,1520,0.151729780788801
39,1477,1516,0.15174620569889863
38,1479,1517,0.15177046680659864
39,1478,1517,0.1517962163117304
39,1471,1510,0.15181720646341457
39,1473,1512,0.15183684207675088
39,1474,1513,0.15185521305563504
37,1483,1520,0.15187243754395063
36,1487,1523,0.15189470860203533
35,1479,1514,0.15191848579151532
37,1489,1526,0.15194389484419601
36,1483,1519,0.1519617384014259
35,1476,1511,0.1519816154203959
37,1495,1532,0.1520033162441232
39,1482,1521,0.1520174717415106
38,1474,1512,0.152024829777686
35,1471,1506,0.15203485862423938
35,1499,1534,0.1520532908647379
36,1485,1521,0.1520705407632927
37,1475,1512,0.15208373269184233
36,1470,1506,0.15209304842329016
36,1461,1497,0.15210477418498292
37,1464,1501,0.15211585522988433
36,1455,1491,0.15212330192759965
37,1460,1497,0.15213342728863125
38,1464,1502,0.15213996910568106
39,1479,1518,0.15214329485164713
39,1467,1506,0.1521432468995207
39,1481,1520,0.1521431924756349
38,1475,1513,0.1521431395462466
38,1481,1519,0.1521460752920644
39,1479,1518,0.15214893965871265
38,1489,1527,0.15214859053518084
39,1500,1539,0.15215130430017498
38,1486,1524,0.15215100790489042
39,1480,1519,0.15215397619504237
39,1466,1505,0.15215384287781902
41,1488,1529,0.1521538142288024
40,1464,1504,0.15214767539479535
39,1463,1502,0.1521449099050416
39,1479,1518,0.15214529175808159
38,1480,1518,0.1521455329058149
37,1487,1524,0.15214874876772363
36,1481,1517,0.1521546403122955
37,1478,1515,0.15216307942221835
35,1477,1512,0.1521680116924815
36,1478,1514,0.15217879638568158
37,1481,1518,0.15218589337490449
37,1470,1507,0.15218959340069949
36,1491,1527,0.15219307768813095
34,1478,1512,0.15219938775639524
34,1482,1516,0.15221124895117769
34,1486,1520,0.15222208830882944
34,1477,1511,0.15223223127060173
33,1474,1507,0.15224172900191676
33,1470,1503,0.15225390930397534
34,1493,1527,0.15226549180253698
36,1487,1523,0.15227312528817225
35,1491,1526,0.15227388539494113
35,1500,1535,0.15227787081647712
36,1490,1526,0.1522815812561355
35,1485,1520,0.152281989621384
35,1472,1507,0.15228512694297705
35,1485,1520,0.15228805648681715
34,1488,1522,0.15229080574421186
34,1482,1516,0.15229658581306857
32,1481,1513,0.152302030136385
31,1488,1519,0.1523132702179866
31,1491,1522,0.15232696288743708
31,1487,1518,0.15233986203067176
32,1487,1519,0.1523518030585432
32,1491,1523,0.15235975423831727
31,1487,1518,0.1523672318945165
32,1495,1527,0.15237746088446347
30,1475,1505,0.15238403947605583
29,1480,1509,0.15239639940544245
29,1495,1524,0.15241099155148588
29,1496,1525,0.1524248882343879
30,1490,1520,0.15243801074328256
31,1492,1523,0.1524472998817309
30,1484,1514,0.15245298587050754
29,1481,1510,0.15246140124756283
31,1482,1513,0.15247229205651525
29,1478,1507,0.1524764970927869
27,1475,1502,0.15248644292345506
26,1483,1509,0.15250192158441145
26,1482,1508,0.15251947417117387
24,1490,1514,0.15253592488140957
25,1484,1509,0.15255730758519456
26,1495,1521,0.15257427397134807
28,1492,1520,0.1525870734252932
26,1500,1526,0.152593066682653
27,1495,1522,0.15260483267287195
27,1494,1521,0.15261285057019272
27,1506,1533,0.1526203942343757
29,1507,1536,0.15262748490434214
27,1500,1527,0.1526280615949843
28,1496,1524,0.1526347259671773
27,1480,1507,0.15263795722605106
28,1487,1515,0.15264412576453742
28,1494,1522,0.15264692563615573
27,1493,1520,0.15264958158813907
24,1498,1522,0.15265509610630146
25,1494,1519,0.15266932119908497
24,1497,1521,0.15267949195469624
24,1509,1533,0.1526920177122281
24,1487,1511,0.15270373208680188
21,1499,1520,0.15271471601438236
22,1505,1527,0.1527343297850482
22,1503,1525,0.15274967987073063
22,1491,1513,0.15276408842570974
23,1496,1519,0.15277761522737124
22,1491,1513,0.1527872421386963
22,1495,1517,0.15279934190041045
22,1485,1507,0.15281068758495817
22,1485,1507,0.15282138844934393
20,1484,1504,0.15283147211078435
19,1486,1505,0.1528472294203395
19,1499,1518,0.15286513452606346
18,1504,1522,0.15288196755468955
18,1493,1511,0.15290079403842508
17,1505,1522,0.15291845838607096
16,1495,1511,0.1529380627563172
18,1496,1514,0.1529595561121204
18,1492,1510,0.152973555350792
18,1486,1504,0.15298671487607554
19,1485,1504,0.15299908047062896
17,1486,1503,0.1530076446727023
18,1495,1513,0.15302200179531178
16,1499,1515,0.15303244801544236
16,1505,1521,0.15304837523059547
15,1507,1522,0.15306333319646476
15,1498,1513,0.15308047255350485
15,1506,1521,0.15309657503644847
14,1507,1521,0.153111699937717
14,1513,1527,0.15312920332857577
16,1507,1523,0.15314566098264
15,1485,1500,0.15315487374679668
15,1511,1526,0.15316662242573403
15,1501,1516,0.15317766647854356
16,1509,1525,0.1531880858466782
16,1509,1525,0.15319478110434837
16,1512,1528,0.1532010992984638
16,1516,1532,0.1532070488058452
16,1509,1525,0.1532126467896202
16,1508,1524,0.1532179117463969
16,1509,1525,0.15322286217539918
17,1505,1522,0.1532275160883243
17,1505,1522,0.15322881441831587
19,1513,1532,0.1532300663840967
19,1513,1532,0.15322519476204965
19,1507,1526,0.15322069208938555
18,1483,1501,0.1532165138228836
17,1485,1502,0.1532156318050301
17,1494,1511,0.15321798341999446
16,1505,1521,0.15322018488530958
15,1507,1522,0.15322526154214575
15,1504,1519,0.15323311244903948
17,1509,1526,0.15324045108339435
17,1496,1513,0.15324118270104006
16,1492,1508,0.15324190458894282
16,1493,1509,0.15324565123968947
17,1496,1513,0.15324915033427516
17,1507,1524,0.15324937624288817
17,1492,1509,0.1532496189539277
18,1484,1502,0.1532498614002767
17,1489,1506,0.1532469921434063
17,1492,1509,0.15324739811382407
17,1503,1520,0.1532477720125469
17,1503,1520,0.15324812170704524
16,1497,1513,0.15324845055280284
16,1497,1513,0.15325191646513237
16,1509,1525,0.15325519635744705
16,1518,1534,0.15325830928930606
16,1514,1530,0.15326124266721103
16,1509,1525,0.1532640025979889
15,1512,1527,0.15326659718279143
14,1508,1522,0.15327215913135953
14,1520,1534,0.15328039879137145
14,1510,1524,0.15328811295532507
14,1515,1529,0.15329533935149464
14,1518,1532,0.1533021044351523
14,1509,1523,0.15330844216916964
14,1501,1515,0.1533143882191895
12,1508,1520,0.15331996864780043
12,1523,1535,0.15333140380819624
12,1508,1520,0.15334208236795963
13,1505,1518,0.1533520991591925
12,1514,1526,0.15335838642140878
13,1524,1537,0.15336733298535335
13,1515,1528,0.15337263899222306
12,1516,1528,0.1533776405101978
12,1507,1519,0.1533854728396194
12,1502,1514,0.1533928761867797
12,1503,1515,0.15339983515016775
13,1505,1518,0.15340637361423642
12,1503,1515,0.1534094137682971
13,1496,1509,0.1534153099782879
13,1503,1516,0.15341780011707307
12,1497,1509,0.15342015819679414
13,1507,1520,0.15342546199300372
14,1492,1506,0.15342732126539974
14,1506,1520,0.1534260112552765
14,1508,1522,0.15342482465581267
14,1506,1520,0.1534237319644231
14,1498,1512,0.15342271951962796
14,1490,1504,0.15342177791512493
15,1486,1501,0.15342090007956072
14,1485,1499,0.15341695325926485
15,1505,1520,0.15341644403994215
14,1499,1513,0.15341285670415877
14,1504,1518,0.15341256499361888
13,1494,1507,0.1534122752394237
13,1494,1507,0.1534150398715102
12,1488,1500,0.15341761721105995
12,1498,1510,0.15342313614231234
12,1496,1508,0.15342829452055667
11,1505,1516,0.1534331258070137
10,1499,1509,0.1534407112038655
10,1497,1507,0.1534508980430046
11,1505,1516,0.15346044351455757
11,1500,1511,0.1534663262452839
11,1507,1518,0.1534718708146191
11,1507,1518,0.15347708598003318
10,1511,1521,0.15348198861629495
10,1508,1518,0.15348969467110388
10,1518,1528,0.15349691205558527
10,1513,1523,0.1535036835005172
9,1514,1523,0.15351004051355113
9,1507,1516,0.15351915146929898
9,1509,1518,0.15352769857613768
9,1520,1529,0.1535357238922471
9,1520,1529,0.15354326232345614
9,1522,1531,0.15355034496572934
9,1513,1522,0.15355700013861623
9,1512,1521,0.15356325404923157
9,1521,1530,0.1535691311420755
10,1522,1532,0.153574654298607
10,1529,1539,0.15357671049692914
9,1515,1524,0.15357866131765374
9,1509,1518,0.15358362475128282
9,1508,1517,0.1535882738451242
9,1500,1509,0.1535926375548831
9,1492,1501,0.1535967359690388
7,1497,1504,0.1536005865080425
7,1498,1505,0.15361039765232387
7,1501,1508,0.15361959449169615
6,1504,1510,0.1536282239637379
6,1506,1512,0.15363945633262963
5,1519,1524,0.15364999946198488
5,1497,1502,0.15366302009541777
5,1501,1506,0.1536752562306116
6,1491,1497,0.15368675443141439
6,1505,1511,0.1536944239212339
6,1518,1524,0.1537016400614404
6,1518,1524,0.15370842851505892
5,1527,1532,0.15371481279662025
5,1533,1538,0.15372394500222278
5,1516,1521,0.15373252846725222
6,1517,1523,0.15374059386640485
6,1521,1527,0.1537449910052704
6,1502,1508,0.15374913757892858
6,1504,1510,0.15375304043178825
6,1496,1502,0.15375671236621927
6,1507,1513,0.15376016614984464
6,1502,1508,0.15376341418081627
7,1490,1497,0.15376646838891017
7,1497,1504,0.15376614801205546
7,1502,1509,0.15376586013785204
7,1496,1503,0.15376556819421422
7,1499,1506,0.1537653104202044
6,1498,1504,0.1537650693067714
6,1503,1509,0.15376801308499696
7,1503,1510,0.15377076848694976
7,1495,1502,0.1537701886410872
7,1498,1505,0.15376965989095007
7,1500,1507,0.15376916885445865
7,1485,1492,0.15376871098437697
6,1495,1501,0.1537682829131344
5,1505,1510,0.15377107259254433
5,1505,1510,0.15377687166975892
5,1503,1508,0.15378231136799075
5,1499,1504,0.1537874215669818
5,1520,1525,0.15379222460784725
4,1510,1514,0.15379673997548923
4,1495,1499,0.15380416291363133
4,1495,1499,0.1538111316838456
4,1501,1505,0.15381768086974115
3,1510,1513,0.15382383708397568
3,1514,1517,0.15383281773140955
3,1511,1514,0.15384125516008784
3,1514,1517,0.15384918766323413
4,1509,1513,0.1538566466188216
4,1505,1509,0.1538604570440341
4,1512,1516,0.15386405130481504
4,1510,1514,0.15386743411733905
5,1502,1507,0.15387061636300767
5,1507,1512,0.15387042497209283
5,1499,1504,0.1538702472097525
4,1496,1500,0.15387008393047238
4,1496,1500,0.15387311686846622
4,1504,1508,0.153875963772507
5,1504,1509,0.15387863816119365
5,1495,1500,0.15387796669215037
5,1503,1508,0.1538773461108997
5,1495,1500,0.15387676694313102
5,1496,1501,0.15387622501437456
5,1502,1507,0.15387571704290098
5,1511,1516,0.15387524033757857
4,1511,1515,0.15387479264270879
4,1506,1510,0.1538775474315936
4,1497,1501,0.15388013037561518
4,1506,1510,0.15388255567996512
6,1495,1501,0.15388483409476972
6,1487,1493,0.15388063070965394
5,1503,1508,0.1538767037610514
5,1503,1508,0.15387620487487952
6,1513,1519,0.15387572764784735
6,1506,1512,0.15387209419825953
6,1501,1507,0.1538686945554097
6,1493,1499,0.15386550429785772
6,1489,1495,0.15386250842969632
6,1506,1512,0.15385969395687035
4,1507,1511,0.15385704924014562
4,1529,1533,0.1538608778396057
5,1509,1514,0.15386446669900422
5,1515,1520,0.1538646479276784
4,1501,1505,0.15386482759976763
4,1508,1512,0.1538681825742605
4,1515,1519,0.15387132750878252
3,1507,1510,0.15387428182397309
3,1514,1517,0.15388024219705224
3,1514,1517,0.15388585747454797
3,1517,1520,0.15389113865843876
3,1510,1513,0.15389610496293676
3,1519,1522,0.15390077519260342
3,1509,1512,0.15390516711910737
4,1501,1505,0.15390929741694834
4,1505,1509,0.15391001016548564
4,1506,1510,0.15391068670598154
4,1511,1515,0.1539113272342451
3,1505,1508,0.1539119319640559
2,1524,1526,0.15391566247741445
2,1501,1503,0.15392237395010483
2,1510,1512,0.15392867793849116
2,1511,1513,0.15393460485020236
3,1506,1509,0.15394017871016524
3,1518,1521,0.15394220778576964
3,1508,1511,0.15394412709996255
3,1519,1522,0.15394593500527917
3,1504,1507,0.15394763651099586
3,1502,1505,0.1539492370683884
4,1505,1509,0.1539507422660188
4,1508,1512,0.15394898145311944
3,1511,1514,0.15394733214499468
3,1509,1512,0.1539489696059103
2,1520,1522,0.15395050359617674
2,1494,1496,0.15395515479604302
3,1502,1505,0.15395952212435715
3,1514,1517,0.15396042761570633
3,1514,1517,0.15396128681098312
3,1521,1524,0.15396209722340834
4,1517,1521,0.15396286067192097
4,1500,1504,0.153960371094302
4,1506,1510,0.15395804396906912
5,1513,1518,0.15395585999481662
5,1500,1505,0.15395063919927826
4,1495,1499,0.15394574072108833
4,1513,1517,0.15394430962259661
4,1508,1512,0.15394295499176508
4,1509,1513,0.15394167825359023
4,1503,1507,0.15394047611621947
5,1517,1522,0.15393934494015432
5,1502,1507,0.15393512309856588
5,1515,1520,0.15393116391408906
4,1509,1513,0.15392744757953508
3,1514,1517,0.15392712350239457
3,1519,1522,0.15392996670739512
3,1525,1528,0.15393264009563792
2,1497,1499,0.15393515103956049
2,1507,1509,0.15394072223741745
2,1511,1513,0.15394595704951503
2,1501,1503,0.15395088022618408
2,1503,1505,0.1539555112668561
1,1507,1508,0.15395986790743316
1,1503,1504,0.15396715067337918
1,1521,1522,0.15397400986563117
1,1522,1523,0.15398046375769858
1,1522,1523,0.1539865357020518
1,1508,1509,0.15399224817456678
1,1516,1517,0.1539976223392974
1,1521,1522,0.1540026780577537
1,1522,1523,0.15400743399954572
1,1534,1535,0.15401190774569912
0,1527,1527,0.15401611586887798
