1362,26,1388,0.1358406462196181
1390,24,1414,0.13303523225981284
1410,28,1438,0.13039726109447153
1443,31,1474,0.12793621026412696
1443,31,1474,0.12560433701595378
1433,32,1465,0.1234797492310077
1430,31,1461,0.12156925801759638
1452,31,1483,0.11983565565379507
1428,31,1459,0.1181999227505052
1437,31,1468,0.11676934049735851
1458,32,1490,0.11544357415572776
1450,31,1481,0.11418336287217233
1455,31,1486,0.11305476353394024
1462,32,1494,0.1120147314651345
1462,33,1495,0.11105071289036406
1462,32,1494,0.1101723428582511
1452,31,1483,0.10937234724233312
1436,30,1466,0.10866694839381498
1446,26,1472,0.10806094828467881
1455,26,1481,0.10748568644580418
1461,26,1487,0.10694133258791748
1458,28,1486,0.10643185241793923
1452,31,1483,0.10597435863541647
1455,30,1485,0.10557155158240296
1450,28,1478,0.10519768563427888
1449,27,1476,0.10486858681027414
1433,30,1463,0.10457062399625171
1450,31,1481,0.10433421384471807
1460,33,1493,0.10408213091500158
1445,35,1480,0.10383083679143994
1452,33,1485,0.10363410855128137
1456,35,1491,0.10343955763678502
1453,35,1488,0.10325348731809551
1463,32,1495,0.10309045304352121
1465,34,1499,0.1029198991822262
1464,36,1500,0.1027603618246609
1465,36,1501,0.1026177802310508
1455,37,1492,0.1024854914666306
1450,36,1486,0.10238645730691327
1449,39,1488,0.10230702451850932
1456,38,1494,0.10223727720990748
1451,38,1489,0.10215911699746266
1441,40,1481,0.10209859630033602
1441,43,1484,0.10206481995886736
1450,44,1494,0.10203379719543917
1444,47,1491,0.10198631721236925
1447,45,1492,0.10195589157845568
1458,45,1503,0.10192155156786796
1456,45,1501,0.10186728189979599
1456,45,1501,0.1018222694768188
1454,44,1498,0.10178118292352338
1460,43,1503,0.1017478441007415
1447,46,1493,0.10170418681420366
1456,44,1500,0.10169249799116468
1440,43,1483,0.10166237297760229
1441,46,1487,0.1016687906534282
1443,46,1489,0.10167274266871801
1448,43,1491,0.10167225682166822
1448,45,1493,0.10166112180836501
1455,44,1499,0.10165098996248037
1461,47,1508,0.1016267296914121
1467,46,1513,0.10159159971698414
1456,45,1501,0.1015471392749732
1463,46,1509,0.10153030743400024
1470,48,1518,0.10150005943216009
1460,50,1510,0.10145766990986846
1454,54,1508,0.10144063157921351
1445,52,1497,0.10143799948559623
1448,54,1502,0.1014547869446396
1455,54,1509,0.10146380233973484
1446,57,1503,0.10145712074238235
1444,56,1500,0.10147019553134567
1453,56,1509,0.10148604948982591
1454,53,1507,0.10148111181397174
1446,54,1500,0.10147472316347038
1444,55,1499,0.10148611717538632
1439,53,1492,0.10150072774181826
1437,50,1487,0.10152444594799351
1436,51,1487,0.10155022479913234
1424,52,1476,0.10157624297716883
1422,52,1474,0.10162596846360404
1426,53,1479,0.10167565875963952
1431,56,1487,0.10171290329794226
1432,59,1491,0.10173631139690449
1429,59,1488,0.10175552988254452
1428,58,1486,0.10177967231653287
1432,59,1491,0.10180289904769335
1420,61,1481,0.1018153831511804
1431,60,1491,0.10185238023818041
1435,61,1496,0.10186318484824756
1433,61,1494,0.10186434373199177
1445,62,1507,0.10186949333897727
1438,60,1498,0.10184831538509187
1437,62,1499,0.10184430540246238
1429,63,1492,0.10184247641892866
1434,61,1495,0.10185807651764706
1429,63,1492,0.10186187100504884
1429,63,1492,0.10187622335675779
1436,64,1500,0.10188924511899432
1440,64,1504,0.10188557384456473
1444,64,1508,0.10187364362294389
1453,63,1516,0.1018543443453966
1433,64,1497,0.10181772357164208
1450,65,1515,0.10182733209652561
1444,63,1507,0.10179961485292104
1433,62,1495,0.10178732760325099
1445,68,1513,0.10179981815959956
1446,67,1513,0.10178571128624676
1436,67,1503,0.10177114782400337
1428,68,1496,0.10177932954316851
1425,68,1493,0.10180379248486947
1423,70,1493,0.10183317183394604
1413,74,1487,0.10186398342506323
1406,70,1476,0.1019132260619328
1405,71,1476,0.10197314469405847
1409,73,1482,0.10202991076858131
1414,73,1487,0.10207355228940745
1411,70,1481,0.10210195952218776
1424,73,1497,0.10213462089693774
1427,71,1498,0.10213722805020288
1432,70,1502,0.10213293327801953
1423,71,1494,0.10211892693474703
1424,76,1500,0.10212571152387476
1414,77,1491,0.10212965521157764
1415,82,1497,0.10215521951322108
1409,84,1493,0.10217610984112639
1411,85,1496,0.10220846265316187
1398,85,1483,0.10223398205185287
1404,83,1487,0.1022850908595865
1409,85,1494,0.10231826084469153
1406,86,1492,0.1023382451981081
1392,87,1479,0.1023628983330726
1400,89,1489,0.10241565399254425
1405,88,1493,0.10244635209352836
1404,91,1495,0.1024635103675158
1400,91,1491,0.10248163839990773
1402,92,1494,0.10250728974177212
1399,88,1487,0.10252669525536312
1408,95,1503,0.10255053042623363
1414,94,1508,0.10255324383710733
1412,99,1511,0.10254339373794781
1391,103,1494,0.10253863477453702
1385,105,1490,0.10257952241848989
1387,103,1490,0.1026299769431484
1386,103,1489,0.10267168516949923
1395,101,1496,0.10271176382511574
1409,101,1510,0.10272858860990823
1406,104,1510,0.10271370164017397
1395,104,1499,0.10270687254994514
1389,105,1494,0.1027246220604622
1392,108,1500,0.10275390489172587
1401,106,1507,0.1027742148410675
1403,104,1507,0.10277350612846504
1395,105,1500,0.10276831207791101
1400,102,1502,0.10278068539016944
1402,107,1509,0.10278168830011224
1408,110,1518,0.10277801324834339
1401,109,1510,0.10276181169403015
1387,110,1497,0.10276205162686271
1385,109,1494,0.10279262859941805
1392,106,1498,0.10282450968477067
1403,106,1509,0.10283788124323212
1390,104,1494,0.10282684960688364
1379,102,1481,0.10284445300803209
1379,103,1482,0.1028847170517804
1396,109,1505,0.10292094265235528
1401,109,1510,0.10291750804762792
1394,107,1501,0.10290432338597628
1372,103,1475,0.10290736404547744
1362,109,1471,0.10295810897846998
1353,107,1460,0.10302648874121005
1373,109,1482,0.10310779578185812
1372,109,1481,0.1031383928133938
1380,109,1489,0.10316834028332363
1389,110,1499,0.10317744433041982
1394,111,1505,0.10316629143735945
1378,108,1486,0.10314606681614258
1393,113,1506,0.103162476181611
1401,116,1517,0.1031450369719241
1403,117,1520,0.10311207805770944
1385,116,1501,0.10307746463444008
1389,115,1504,0.1030850987159993
1361,119,1480,0.103083330119735
1370,122,1492,0.10314206496552131
1378,124,1502,0.10317651326337891
1375,126,1501,0.1031915880648808
1360,125,1485,0.10321196792681178
1370,124,1494,0.10326355878037
1360,130,1490,0.1032891534986371
1360,128,1488,0.10333445437884169
1366,128,1494,0.10337644622739274
1358,131,1489,0.10340228780305616
1364,130,1494,0.1034428075746419
1364,134,1498,0.10346666245240745
1377,134,1511,0.10348932285434427
1378,135,1513,0.10348181521434933
1365,132,1497,0.10347304982831568
1379,131,1510,0.1034929590877077
1375,126,1501,0.10348034984271859
1375,126,1501,0.10347705728594231
1361,127,1488,0.10347414405915628
1370,130,1500,0.10350181932457232
1370,130,1500,0.10350756511827766
1371,132,1503,0.10351257019533193
1381,130,1511,0.10351469794816591
1375,127,1502,0.10349505000401273
1381,120,1501,0.10348942095868434
1368,122,1490,0.10347132040471298
1369,121,1490,0.10348368933427878
1383,123,1506,0.10349297460174967
1376,132,1508,0.10347109592568725
1363,129,1492,0.10346600561331006
1380,126,1506,0.10348861180419966
1382,129,1511,0.10347280041499468
1366,130,1496,0.1034544704239127
1359,130,1489,0.10347263706004402
1357,132,1489,0.10350493014461398
1352,133,1485,0.10353842416178878
1367,132,1499,0.10358010726153212
1364,130,1494,0.10358562569035959
1369,130,1499,0.10359639488544793
1360,130,1490,0.10359542407030331
1366,135,1501,0.1036144706153443
1358,137,1495,0.103618991203031
1360,134,1494,0.10364090411502269
1353,135,1488,0.10365622275325367
1342,139,1481,0.1036855898495776
1361,140,1501,0.1037361051262749
1341,139,1480,0.1037416514144153
1344,142,1486,0.10379066239688096
1342,132,1474,0.10382854492306408
1351,134,1485,0.10386787524948642
1357,132,1489,0.10388402406783755
1375,133,1508,0.10388555360983737
1370,133,1503,0.1038475553563611
1362,134,1496,0.10382329948751275
1369,137,1506,0.10381793024941062
1355,134,1489,0.10379789583110485
1358,136,1494,0.10380998910558148
1358,134,1492,0.10381489436096439
1364,131,1495,0.10381914430041154
1357,129,1486,0.10381034395771045
1355,129,1484,0.10381764975896679
1369,130,1499,0.10382866534473432
1366,131,1497,0.10380855837363262
1360,138,1498,0.1037967331593959
1364,139,1503,0.10379890332643235
1368,140,1508,0.10379186639953067
1361,141,1502,0.10377786417295481
1346,139,1485,0.1037797980840508
1343,137,1480,0.10381400048994717
1358,142,1500,0.1038511320875196
1367,143,1510,0.1038524666806514
1362,145,1507,0.10383454334120217
1355,147,1502,0.1038286708322154
1351,145,1496,0.10383743422519104
1345,145,1490,0.1038548419991309
1348,149,1497,0.10388431971780253
1343,149,1492,0.1039050586248827
1343,147,1490,0.10393470300194099
1351,153,1504,0.10396135992541872
1352,153,1505,0.10396843559580977
1372,149,1521,0.10397319194557514
1354,152,1506,0.10393417882827227
1336,152,1488,0.10393876912778652
1327,154,1481,0.10398155516621645
1336,155,1491,0.10404004551495077
1346,156,1502,0.10407351836526017
1342,156,1498,0.10408203761391464
1351,156,1507,0.10409934552911856
1350,156,1506,0.10409529061596551
1352,153,1505,0.10409321745303987
1350,155,1505,0.10408648518356951
1345,155,1500,0.10408556545991525
1339,158,1497,0.10409590392060436
1344,158,1502,0.1041187015249043
1337,153,1490,0.10412843280336057
1353,155,1508,0.10415296312425891
1359,156,1515,0.1041405657271389
1361,158,1519,0.10411568647608471
1346,161,1507,0.10408882327540545
1334,162,1496,0.10409737304655067
1336,158,1494,0.10413208398063006
1334,162,1496,0.10415856142950862
1346,160,1506,0.10418765967551319
1342,154,1496,0.10418800322714972
1345,157,1502,0.10419621561007766
1342,163,1505,0.10419754644218751
1332,161,1493,0.10420522099905949
1334,162,1496,0.10423432478364383
1331,165,1496,0.1042572290807108
1329,161,1490,0.10428434938818455
1334,159,1493,0.10431381896695743
1334,160,1494,0.10432946925099622
1319,162,1481,0.10434379512977167
1321,159,1480,0.10438979607455452
1326,160,1486,0.10442734986157831
1321,159,1480,0.10445055561553014
1331,159,1490,0.1044823223730405
1343,159,1502,0.10448875637033658
1335,158,1493,0.10446882460185847
1342,158,1500,0.1044687511867274
1354,157,1511,0.1044535836561385
1343,161,1504,0.10441327136155035
1334,161,1495,0.10440010687949684
1329,163,1492,0.10440755278711009
1335,162,1497,0.10442594808717676
1334,156,1490,0.10442945839459761
1326,157,1483,0.10443537346859288
1335,168,1503,0.10445873792764371
1338,165,1503,0.10446098663219101
1341,162,1503,0.10445625744085557
1341,163,1504,0.10444498745323948
1354,163,1517,0.10443486082287869
1348,162,1510,0.10439722820841882
1340,158,1498,0.10437597087924504
1325,162,1487,0.10437473197574437
1333,162,1495,0.10440575330200609
1331,163,1494,0.1044160784086217
1323,165,1488,0.1044303791105699
1320,166,1486,0.10446086478969446
1327,164,1491,0.10449589794622341
1328,170,1498,0.10451225390228977
1326,172,1498,0.10452523798030239
1326,168,1494,0.10454147405896823
1322,170,1492,0.10455647607827757
1323,168,1491,0.10457944002583672
1326,168,1494,0.10459827849791528
1322,170,1492,0.10460769354638767
1329,171,1500,0.10462620444120735
1327,174,1501,0.10462760172386988
1320,177,1497,0.10463366502289713
1317,175,1492,0.10465516767912607
1322,174,1496,0.10468249200088062
1326,174,1500,0.1046963138418468
1327,174,1501,0.10470097301488705
1328,174,1502,0.10470294816234023
1330,179,1509,0.10470223454225508
1313,174,1487,0.10469742445159358
1319,176,1495,0.10473025881906053
1314,181,1495,0.10474698236425808
1305,180,1485,0.10477369766674162
1301,177,1478,0.10481747015306882
1307,188,1495,0.10486640692734457
1307,184,1491,0.1048985462178472
1300,184,1484,0.10492807912490544
1301,188,1489,0.10497052663637753
1294,185,1479,0.10500735806810421
1292,191,1483,0.10505663481761744
1282,189,1471,0.1051067381464849
1295,192,1487,0.10517574138775043
1300,189,1489,0.10520955116665304
1311,183,1494,0.10522887413382456
1313,184,1497,0.10522163400024603
1314,184,1498,0.10521096807519736
1303,181,1484,0.10519989864519662
1309,181,1490,0.10521330695691468
1303,184,1487,0.10521252451276993
1297,185,1482,0.10522475720402598
1303,183,1486,0.1052502951652557
1309,183,1492,0.10525982343794958
1318,187,1505,0.10525565313457406
1315,187,1502,0.10523260688755251
1313,188,1501,0.10521839146010031
1318,187,1505,0.10520988214463543
1301,192,1493,0.1051911155288741
1303,195,1498,0.10521175209228044
1301,191,1492,0.10522601830109647
1303,192,1495,0.10524401747546307
1301,194,1495,0.10525645269860834
1300,188,1488,0.10527358196032126
1303,189,1492,0.10529081328929674
1305,192,1497,0.10530001642038336
1302,193,1495,0.1053045741099503
1316,193,1509,0.10531478623024886
1305,195,1500,0.10529355899009392
1299,194,1493,0.10529818486568435
1289,195,1484,0.10531547279346391
1289,198,1487,0.10535368952894154
1288,200,1488,0.10539011498137653
1285,204,1489,0.10542567559024668
1293,203,1496,0.1054653542261415
1290,204,1494,0.10548350041591986
1276,204,1480,0.10550643256354149
1286,204,1490,0.10555817463659238
1300,203,1503,0.10558276330578385
1289,204,1493,0.10557538858323046
1286,206,1492,0.10559275790077421
1287,210,1497,0.10561620602580431
1289,209,1498,0.10563473419523912
1290,211,1501,0.10564722745954884
1277,207,1484,0.10565668210999729
1286,204,1490,0.1056935491105526
1286,205,1491,0.10570706115604821
1291,213,1504,0.10571928952980642
1303,211,1514,0.10571954793727117
1295,213,1508,0.10569311201878191
1291,211,1502,0.1056870339779934
1283,214,1497,0.1056889284795491
1282,207,1489,0.10570929555880575
1265,212,1477,0.10573031684073006
1263,220,1483,0.10578690478930486
1272,222,1494,0.10584365597948969
1258,216,1474,0.10587608914494609
1267,215,1482,0.10593683612208343
1275,210,1485,0.1059726575434265
1287,208,1495,0.1059881222843709
1282,208,1490,0.10597515097768483
1287,210,1497,0.10597393764118078
1283,213,1496,0.10596247284608044
1278,219,1497,0.10596152575012717
1281,223,1504,0.1059726740047713
1286,218,1504,0.10597561205077682
1285,217,1502,0.10596798070006896
1276,224,1500,0.10596342833257727
1268,225,1493,0.10597946455480547
1262,226,1488,0.10601257769943187
1259,224,1483,0.10605657380437555
1255,216,1471,0.10610275943497209
1257,224,1481,0.10615375298668553
1262,226,1488,0.10619643248329438
1279,223,1502,0.1062239319674756
1272,229,1501,0.10621182675536574
1258,232,1490,0.10621611632458407
1262,235,1497,0.1062518132708617
1255,233,1488,0.10627420838519104
1257,230,1487,0.10631033900800045
1256,232,1488,0.10633949824554627
1255,229,1484,0.10636875919617779
1261,226,1487,0.10639734759017662
1264,233,1497,0.10641076467311908
1259,238,1497,0.10641717217335206
1258,235,1493,0.10643379651825721
1242,235,1477,0.10645089341602915
1257,235,1492,0.1065024618587822
1238,243,1481,0.10651607068237175
1245,242,1487,0.10657000521198792
1238,244,1482,0.10660472583809166
1243,242,1485,0.10665223179588298
1243,244,1487,0.10668530811063935
1224,246,1470,0.10671676019187636
1230,247,1477,0.10678721059050446
1224,245,1469,0.10683916555197882
1228,252,1480,0.10689878440259187
1224,254,1478,0.10694469100509502
1237,258,1495,0.10699523230479184
1237,257,1494,0.10701347478049829
1243,258,1501,0.10703039863385178
1247,256,1503,0.10703254135131678
1244,255,1499,0.10702587822677334
1253,251,1504,0.10702629765549329
1255,253,1508,0.10700683827503406
1254,252,1506,0.10698401923315373
1247,254,1501,0.1069666203718654
1236,256,1492,0.10696747648275695
1228,252,1480,0.10699299458705852
1234,248,1482,0.10703391121749227
1237,248,1485,0.10705751009585589
1232,249,1481,0.10707210984448626
1237,254,1491,0.10709528196052412
1238,251,1489,0.10710582613658305
1241,251,1492,0.10711375265632085
1246,250,1496,0.10711486754581535
1243,250,1493,0.10710491651777776
1233,247,1480,0.10710298709096974
1230,249,1479,0.1071235914142018
1234,248,1482,0.10714872649552769
1232,254,1486,0.10716178413643256
1248,247,1495,0.10717891346111391
1251,250,1501,0.1071589396886891
1253,243,1496,0.10713419996307338
1266,242,1508,0.10710651145425
1258,238,1496,0.107052445172362
1256,234,1490,0.10702130543781987
1252,236,1488,0.10699605285371085
1247,240,1487,0.10698223364082164
1245,248,1493,0.1069804040412538
1233,239,1472,0.10698380499533217
1253,241,1494,0.10701405406993125
1248,245,1493,0.10699768507498841
1243,246,1489,0.1069935903514562
1259,246,1505,0.10700152627949393
1255,248,1503,0.10697208398945687
1257,250,1507,0.10695406298906705
1258,251,1509,0.10693278359202693
1244,249,1493,0.10691115627875714
1243,253,1496,0.1069236800296659
1234,254,1488,0.10693765040283926
1239,257,1496,0.1069708134002246
1239,255,1494,0.10698978294243343
1252,254,1506,0.10700621826750342
1248,254,1502,0.10699167515864133
1254,258,1512,0.10698793857263404
1255,258,1513,0.10697096270992482
1250,254,1504,0.10695421162599812
1248,258,1506,0.10694979301669243
1250,256,1506,0.10695106648748577
1245,261,1506,0.10694839094348123
1240,261,1501,0.1069561080730298
1232,262,1494,0.10697507432108079
1229,263,1492,0.1070094834641881
1226,263,1489,0.1070481321068494
1233,263,1496,0.10708991507698147
1232,263,1495,0.10711348532166115
1216,265,1481,0.10713708222202448
1224,272,1496,0.1071945204451368
1226,272,1498,0.10722938282717424
1225,267,1492,0.10725649066517567
1234,265,1499,0.10728305824281703
1221,271,1492,0.10728811523142724
1232,272,1504,0.10732100396450737
1218,275,1493,0.10732692007957058
1221,274,1495,0.10736396947625323
1226,270,1496,0.10739159772625313
1228,272,1500,0.10740567779187117
1215,269,1484,0.10741353607482404
1218,267,1485,0.10745029261738001
1206,264,1470,0.10747782529063138
1197,273,1470,0.10753051729047299
1203,271,1474,0.10759899698634452
1210,276,1486,0.10764830792313472
1208,271,1479,0.10767810317422956
1218,277,1495,0.10770996243788349
1221,277,1498,0.10771573670717557
1241,278,1519,0.10771414483479134
1226,285,1511,0.10766879373176463
1234,282,1516,0.10766196845102677
1227,283,1510,0.1076368615042509
1233,279,1512,0.10762928685974314
1237,282,1519,0.10760811657126622
1236,277,1513,0.10757986866937427
1227,276,1503,0.10755595926329808
1233,276,1509,0.10755447748410304
1222,268,1490,0.1075390853376393
1234,273,1507,0.10754947252893791
1237,276,1513,0.10753155191718265
1243,280,1523,0.10750894169227716
1234,273,1507,0.10747430018249685
1223,273,1496,0.10746428327827795
1229,279,1508,0.10747959432527487
1229,283,1512,0.10748036077325512
1224,283,1507,0.10748093254280995
1221,284,1505,0.10749277389322205
1229,284,1513,0.1075105041203437
1211,286,1497,0.10751031116406114
1200,290,1490,0.1075493889203674
1200,290,1490,0.10761005688220429
1211,293,1504,0.10766565169309203
1210,295,1505,0.10769174179231626
1204,291,1495,0.10771781415139739
1215,289,1504,0.10775412850418861
1222,292,1514,0.10776240085731224
1216,287,1503,0.1077553457923359
1222,285,1507,0.10776263979838972
1218,286,1504,0.10775440140447005
1209,290,1499,0.10775563510719492
1212,294,1506,0.10777820464829936
1205,294,1499,0.10779377869602515
1200,292,1492,0.10782328983031586
1211,293,1504,0.10786111761644282
1208,295,1503,0.10787088427069012
1211,298,1509,0.10788712489221278
1211,295,1506,0.10789734270061115
1222,296,1518,0.10790648666119287
1218,295,1513,0.1078901265743757
1215,297,1512,0.1078845229609275
1200,295,1495,0.10788607255104912
1200,292,1492,0.10792180410627178
1204,296,1500,0.10795488464931513
1198,295,1493,0.10797596929496678
1200,297,1497,0.10800876120292809
1192,291,1483,0.10803395907030215
1179,296,1475,0.10807540733710677
1174,305,1479,0.10814242208202725
1178,303,1481,0.1082158171849976
1192,302,1494,0.1082742317940581
1186,303,1489,0.10829751983245796
1187,306,1493,0.10833281643142768
1190,307,1497,0.10836240860189048
1188,308,1496,0.10838356628255515
1187,306,1493,0.10840811903152883
1178,313,1491,0.10843248161257545
1168,315,1483,0.10847388898010392
1179,308,1487,0.1085354859085945
1185,308,1493,0.10856779100486143
1166,309,1475,0.10858325713331084
1161,308,1469,0.10863982352648396
1158,308,1466,0.1087034337892014
1166,313,1479,0.108770117159799
1167,311,1478,0.1088128646047451
1165,304,1469,0.10885065412494671
1173,313,1486,0.10889058421356367
1183,312,1495,0.10890925718265652
1178,314,1492,0.10890333409705899
1186,313,1499,0.10890938199425079
1179,316,1495,0.10889567830870074
1182,308,1490,0.10889931029635656
1181,309,1490,0.10889523213480748
1173,310,1483,0.10889316078142272
1184,317,1501,0.10890932222442717
1186,319,1505,0.1088997594643539
1180,313,1493,0.10888596622523798
1179,315,1494,0.10888764084562381
1181,316,1497,0.1088920868133178
1191,313,1504,0.1088922963061559
1203,308,1511,0.10887054208432918
1191,308,1499,0.10882334515548847
1203,306,1509,0.10880846471077522
1215,308,1523,0.10876728332320652
1212,308,1520,0.10870227704421048
1201,310,1511,0.10864968768505733
1199,312,1511,0.10862604954101542
1204,312,1516,0.10860789364490074
1200,320,1520,0.10858014640926938
1197,314,1511,0.10856346723542089
1182,311,1493,0.10855463206060349
1186,310,1496,0.10858092322647821
1186,311,1497,0.10859592914637563
1182,311,1493,0.10861049766072053
1175,315,1490,0.1086337900155975
1176,314,1490,0.10867043223622419
1174,320,1494,0.10870172294492449
1177,318,1495,0.10873500393245134
1167,309,1476,0.10875888916127348
1167,306,1473,0.10880381429369651
1176,311,1487,0.10884443656275372
1192,309,1501,0.1088614940342012
1181,310,1491,0.10884272309831243
1171,315,1486,0.10885066694624129
1177,315,1492,0.10888116881346085
1168,321,1489,0.10889651255542061
1185,324,1509,0.1089320352789629
1184,328,1512,0.10892663268066517
1174,330,1504,0.10892405305775021
1169,334,1503,0.10894495942151874
1165,334,1499,0.10897608057150038
1157,330,1487,0.10901435588787434
1159,327,1486,0.10906807961490272
1151,333,1484,0.109113262533424
1163,333,1496,0.10917405518117547
1165,334,1499,0.10920163558645055
1170,338,1508,0.10922327227795296
1174,337,1511,0.10923216521313531
1173,335,1508,0.10923212203407555
1172,332,1504,0.10923320810873706
1171,338,1509,0.10923652311782735
1185,335,1520,0.10924324894993194
1175,326,1501,0.10921633639102389
1171,337,1508,0.10921472452096584
1161,334,1495,0.10922215979840309
1171,335,1506,0.10925157747643904
1176,340,1516,0.10925609033850238
1172,340,1512,0.1092500353907264
1174,345,1519,0.1092530509098087
1170,343,1513,0.10925084094711716
1167,343,1510,0.10925669224376663
1163,342,1505,0.10926964901501407
1157,343,1500,0.10929115834270768
1158,344,1502,0.10932292021793835
1154,344,1498,0.10935088429657909
1162,350,1512,0.10938453963254698
1158,354,1512,0.1093970113648498
1158,354,1512,0.10941790679714426
1169,346,1515,0.10943715036023473
1167,351,1518,0.10943018441867385
1159,352,1511,0.10942889417923919
1142,360,1502,0.10944515929393296
1129,360,1489,0.10949995761618839
1129,351,1480,0.10957909607943944
1134,355,1489,0.10965062419775347
1137,366,1503,0.10970599650984081
1144,364,1508,0.10975155274010598
1138,364,1502,0.10977692110898558
1135,363,1498,0.10981370546666883
1140,365,1505,0.10985396348493832
1142,368,1510,0.10988146366769293
1136,371,1507,0.10990167141009537
1132,368,1500,0.10993452441680629
1132,377,1509,0.10997476290573548
1136,380,1516,0.11001149251075101
1131,377,1508,0.11003576347180122
1125,379,1504,0.11006866344370966
1127,375,1502,0.11011229821195169
1122,378,1500,0.11014679839729948
1119,371,1490,0.11018965776039585
1115,380,1495,0.11023619357228291
1121,378,1499,0.11028762601471798
1123,375,1498,0.11032098509769753
1124,372,1496,0.11034527901301
1119,373,1492,0.11036548837932973
1130,373,1503,0.110396269659342
1119,382,1501,0.11039980765128825
1122,382,1504,0.11042869040667043
1117,385,1502,0.11044842381924584
1110,386,1496,0.11047763471397926
1111,386,1497,0.11052111756805937
1121,381,1502,0.11055918812918279
1119,379,1498,0.11057187885929669
1115,376,1491,0.11058753249140375
1137,377,1514,0.11061014319982615
1132,382,1514,0.11058200463835732
1127,382,1509,0.11056887169271311
1118,378,1496,0.11056762303992503
1115,390,1505,0.11058680401515214
1120,387,1507,0.1106105304538899
1110,389,1499,0.11062130625932946
1109,391,1500,0.11065529333720459
1111,400,1511,0.11068865373454784
1111,391,1502,0.11071704545375098
1106,390,1496,0.11074296930297006
1112,398,1510,0.1107778052392641
1116,393,1509,0.11079471910130233
1114,394,1508,0.11080202107247845
1110,400,1510,0.11081284715062104
1099,397,1496,0.1108307322562629
1106,394,1500,0.1108721174211978
1114,391,1505,0.11089492788363818
1111,390,1501,0.11089710778674292
1108,392,1500,0.1109070425528302
1103,390,1493,0.11092289057444633
1115,387,1502,0.11094841878834905
1109,391,1500,0.1109448349431432
1108,394,1502,0.11095527734346655
1096,399,1495,0.11096844956265794
1094,407,1501,0.11100878479125784
1101,406,1507,0.111050144311282
1096,405,1501,0.11107186472521717
1086,411,1497,0.11110298198906808
1095,413,1508,0.11115383423007132
1089,410,1499,0.11117996340921821
1078,411,1489,0.11121830600960919
1081,405,1486,0.11127881574918236
1088,401,1489,0.11132667994211945
1079,402,1481,0.11135476660109969
1085,407,1492,0.11140060870737944
1094,400,1494,0.1114291584056756
1091,402,1493,0.11143574985518892
1080,407,1487,0.11144862551627571
1066,410,1476,0.11148419054396394
1064,411,1475,0.11154977561532935
1069,411,1480,0.1116159221678958
1084,412,1496,0.11166458108612598
1088,416,1504,0.11167408923852307
1090,407,1497,0.11167514594699245
1088,411,1499,0.11167055986575088
1097,406,1503,0.1116719562827621
1104,404,1508,0.11165189476251104
1110,410,1520,0.11161767372360311
1106,411,1517,0.11157269787188322
1104,416,1520,0.11154026169180078
1085,422,1507,0.11151585154163783
1088,426,1514,0.11153753670279933
1083,419,1502,0.11155248112249104
1074,425,1499,0.11157720252592665
1081,421,1502,0.11162042505860338
1076,412,1488,0.11164347628764477
1080,417,1497,0.1116754923428696
1080,426,1506,0.11169467928492803
1080,430,1510,0.11171253480298873
1085,429,1514,0.11172921831130728
1091,427,1518,0.11173236323278302
1075,426,1501,0.11172276947817807
1078,419,1497,0.11175078097238719
1092,419,1511,0.11177072695411816
1086,418,1504,0.11175693745127571
1081,421,1502,0.11175850995956367
1064,419,1483,0.1117722537827354
1070,424,1494,0.11182359969161933
1066,429,1495,0.11185735847870298
1067,429,1496,0.1118967968975057
1067,424,1491,0.11193195139355418
1068,425,1493,0.111964939711973
1061,422,1483,0.11199321153053994
1063,424,1487,0.11203571875816624
1067,419,1486,0.11206949883636794
1067,424,1491,0.11209140541816144
1059,423,1482,0.11211112815861035
1049,431,1480,0.11214812701894424
1057,428,1485,0.11220522308357098
1060,432,1492,0.11223915879031815
1047,433,1480,0.11226332578571194
1059,443,1502,0.11231627219358994
1050,448,1498,0.11233842683586868
1057,450,1507,0.11237942741041515
1051,444,1495,0.1124008811549776
1051,447,1498,0.11243335944689668
1055,449,1504,0.11246492666881604
1050,452,1502,0.11248568007540648
1038,454,1492,0.11251494059413038
1045,461,1506,0.11256916150729751
1046,464,1510,0.11260353646928951
1043,462,1505,0.11263383334326554
1034,459,1493,0.11266902887859925
1034,460,1494,0.11272292405481395
1035,466,1501,0.11277295833632099
1036,464,1500,0.112817519417518
1031,467,1498,0.1128561458458388
1030,468,1498,0.11290384205959547
1036,468,1504,0.11295154041927695
1024,472,1496,0.11298097290232711
1021,478,1499,0.11303557642851811
1015,476,1491,0.11309185030694578
1007,492,1499,0.11315702284572605
1019,487,1506,0.11323686700209726
1018,484,1502,0.11328351296600168
1023,486,1509,0.1133298579619883
1020,486,1506,0.11336120426318103
1012,489,1501,0.11339650709535352
1018,488,1506,0.11344958558458355
1027,492,1519,0.11348477610134342
1020,483,1503,0.11349654232548026
1014,490,1504,0.11352430126836516
1010,487,1497,0.11356337483439959
1015,490,1505,0.11360862184795412
1009,502,1511,0.11363942360791786
1002,502,1504,0.11368252504789927
996,505,1501,0.113739209370355
997,506,1503,0.11380635764973895
991,508,1499,0.1138659228913867
994,511,1505,0.11393471460564218
997,521,1518,0.11399179089684502
993,523,1516,0.11403703656447978
993,529,1522,0.1140886600117848
989,526,1515,0.11413606157106887
987,530,1517,0.11418934334088067
981,522,1503,0.1142441926599667
986,519,1505,0.11430646223721387
978,514,1492,0.1143517542266212
989,514,1503,0.1144121675740568
998,519,1517,0.11444250595762324
989,522,1511,0.11445196948837863
993,515,1508,0.11448242997402862
995,524,1519,0.11450155605018665
986,522,1508,0.11451581186646052
993,518,1511,0.11455127097413584
989,516,1505,0.11456559279263015
986,512,1498,0.11458954724297891
986,510,1496,0.1146181102652838
985,517,1502,0.114644166950573
989,505,1494,0.1146705735343106
986,514,1500,0.1146845290658645
988,526,1514,0.1147049515547211
993,516,1509,0.11471889184102285
988,515,1503,0.11472019207582788
994,515,1509,0.11473515704744752
982,514,1496,0.11473606392370903
976,524,1500,0.11476480647290987
975,523,1498,0.11480629809794082
982,515,1497,0.11484629349428932
985,521,1506,0.11486628104943922
976,526,1502,0.11487722532207906
982,521,1503,0.11490909509994672
975,513,1488,0.11492355475379137
979,510,1489,0.11495110902970593
983,512,1495,0.11496814708490818
979,519,1498,0.11497523714445997
970,516,1486,0.11499050701085484
964,521,1485,0.11502545600278596
976,523,1499,0.11507247220346904
981,528,1509,0.11508786778109263
976,517,1493,0.11509020030733924
993,516,1509,0.1151042255796447
996,515,1511,0.11507801247101673
995,516,1511,0.11504770597938148
994,523,1517,0.11502325142089052
987,512,1499,0.11500312068996923
985,514,1499,0.11500155602289709
984,514,1498,0.11500376705494514
987,511,1498,0.11500759594584686
987,518,1505,0.11500438530899708
973,528,1501,0.11500183585987418
962,523,1485,0.11503247172752416
967,527,1494,0.11508706139667396
962,535,1497,0.11512683291167157
971,539,1510,0.11517657209508862
978,540,1518,0.11520187454124184
973,536,1509,0.11520833649566069
961,542,1503,0.11522500305606048
956,548,1504,0.11526903166426744
948,550,1498,0.11532280931764237
937,540,1477,0.11538991976317359
937,549,1486,0.11547756569976983
936,545,1481,0.11556073526665255
936,536,1472,0.11563964610895056
947,546,1493,0.11571156533292487
945,552,1497,0.11575213780407649
938,556,1494,0.1157950556021694
943,552,1495,0.11585122627866312
940,544,1484,0.11588985867847844
944,541,1485,0.11593232158125741
946,524,1470,0.11596114931029852
952,534,1486,0.11598114689898267
951,524,1475,0.11598590150226233
957,536,1493,0.11599312487641512
961,541,1502,0.11598539044262139
962,541,1503,0.11596772449081597
971,542,1513,0.11595142590075577
961,545,1506,0.11591397338508572
954,547,1501,0.11590347082743647
950,542,1492,0.1159092082266083
953,542,1495,0.115927023907822
950,549,1499,0.1159366126700316
948,549,1497,0.11595379830286266
928,553,1481,0.11597272629529122
938,552,1490,0.11603725216078618
940,558,1498,0.1160738457292685
943,559,1502,0.11610223339163073
939,553,1492,0.11612232649686959
948,555,1503,0.11615062362211016
948,560,1508,0.11615585576868899
948,561,1509,0.1161610838598061
942,558,1500,0.11616593097068999
946,553,1499,0.1161847999514076
952,558,1510,0.11619249237889435
945,566,1511,0.11618519111301868
951,570,1521,0.11619656070804478
949,568,1517,0.11619261121717983
943,570,1513,0.11619524579219746
941,568,1509,0.11621256181420545
936,575,1511,0.11623448075563353
941,572,1513,0.11626752335845073
949,572,1521,0.11628711403482708
934,570,1504,0.11628665593394373
929,575,1504,0.11632123378388562
939,563,1502,0.11636486503830082
933,564,1497,0.11638012450630705
934,565,1499,0.11640925251634894
932,569,1501,0.11643269278157937
938,570,1508,0.11646035907504826
934,565,1499,0.11646986630258155
941,570,1511,0.11648966679087612
936,573,1509,0.11649171195353336
931,569,1500,0.11650584368539883
932,578,1510,0.11653073326743552
936,579,1515,0.11655233278652727
945,575,1520,0.11656276110010268
940,567,1507,0.11655018904370401
938,564,1502,0.11655035406980929
932,561,1493,0.11655375929826374
940,566,1506,0.11657047128012163
935,565,1500,0.11656783983181508
931,568,1499,0.11657602143145036
929,578,1507,0.11659169835813175
926,580,1506,0.11661177940763146
931,586,1517,0.11663848780123168
937,580,1517,0.11665096488456925
934,574,1508,0.11664898554314874
927,572,1499,0.1166544432063989
922,573,1495,0.11667662323120727
923,585,1508,0.1167098888523094
921,586,1507,0.11673928233594605
920,584,1504,0.1167705044509855
923,596,1519,0.11680223784428484
919,592,1511,0.11682633795169008
904,591,1495,0.11685838664229772
896,594,1490,0.11692260818243957
892,604,1496,0.11700034505512463
896,608,1504,0.11708003865394805
899,607,1506,0.11714482205313548
903,595,1498,0.11719868070811224
914,599,1513,0.11723898646268874
912,595,1507,0.11725005580687631
912,593,1505,0.11726375054254923
910,603,1513,0.11727612289160062
911,603,1514,0.11729235102156373
906,606,1512,0.11730529697882172
904,608,1512,0.11732955732146283
901,594,1495,0.11735786540115306
889,593,1482,0.11739027529232278
897,599,1496,0.1174496437426567
890,604,1494,0.11748534690012637
896,597,1493,0.11753389132770113
892,594,1486,0.11756531995840916
896,610,1506,0.11760464097359163
904,606,1510,0.11763094276962302
898,612,1510,0.11763716985218925
897,610,1507,0.11765885650133781
888,614,1502,0.11768044544743876
890,619,1509,0.11772419078843076
893,613,1506,0.11775778772626104
882,604,1486,0.11778044350265843
888,609,1497,0.11782796510576703
896,605,1501,0.11785739565390556
902,609,1511,0.11786479823106738
894,612,1506,0.11785940695928719
894,613,1507,0.11787500848397638
885,618,1503,0.11789002162881305
876,619,1495,0.11792586998578315
887,617,1504,0.11797955510512591
888,627,1515,0.11800264107712347
887,624,1511,0.1180230992130018
890,621,1511,0.11804368611391194
888,623,1511,0.11805595891632845
881,623,1504,0.11807308749520652
879,626,1505,0.11810485160491577
883,629,1512,0.11814000470644186
868,632,1500,0.11816423332965918
870,632,1502,0.11822242340807346
866,631,1497,0.11827093394692234
862,622,1484,0.11832541732327768
869,629,1498,0.11838680714142458
867,637,1504,0.11842666275268662
858,640,1498,0.11846826065243497
853,644,1497,0.11852994912888094
854,640,1494,0.1185992485257323
860,634,1494,0.11865990175441016
864,627,1491,0.11870186244399605
861,629,1490,0.11872982044859537
869,633,1502,0.11876251681963071
865,625,1490,0.11877302886179805
870,626,1496,0.11879306029451485
877,622,1499,0.11880036916073791
875,628,1503,0.1187913286206896
883,629,1512,0.1187853903020811
891,624,1515,0.11875981922251956
880,626,1506,0.11871686973303945
880,636,1516,0.11870524062511408
876,626,1502,0.11869411918790565
892,622,1514,0.11869225506128256
871,627,1498,0.11865304157977505
868,630,1498,0.11866766420242136
872,631,1503,0.11868651840610799
879,633,1512,0.11869476858962356
883,634,1517,0.11868492241044766
887,620,1507,0.11866631480714225
879,619,1498,0.11864070853703819
866,633,1499,0.11863603428205995
857,628,1485,0.11866413179541073
871,638,1509,0.11870988449507071
869,636,1505,0.11872072785543863
861,635,1496,0.11873325432366816
865,639,1504,0.11876602619631457
865,634,1499,0.11878573270876287
867,634,1501,0.11880313624977798
877,637,1514,0.11881341621031836
864,639,1503,0.11880132494470835
860,635,1495,0.11882127903940079
865,644,1509,0.11885085104649679
860,639,1499,0.11886575089478413
861,649,1510,0.11889337064846134
866,645,1511,0.11891661724081612
870,653,1523,0.11892666873830188
865,651,1516,0.11892697881817321
866,647,1513,0.11893717401992814
865,643,1508,0.11894414636448747
861,649,1510,0.11895378109780747
853,654,1507,0.11897301811076762
850,655,1505,0.11901074831910144
850,659,1509,0.11905271708205735
845,650,1495,0.11909262195762153
839,652,1491,0.11914110236430787
836,649,1485,0.11920181221978143
832,657,1489,0.11926485698975985
839,658,1497,0.11933280985617753
844,653,1497,0.11937811170157069
839,659,1498,0.11940975416056224
832,659,1491,0.11945109113974717
838,660,1498,0.11950554284707986
836,650,1486,0.1195419546649347
832,656,1488,0.11958068454263118
824,655,1479,0.1196248387974035
838,659,1497,0.11968687100975642
839,664,1503,0.11971082848078231
840,677,1517,0.11973006637923354
846,680,1526,0.11974613317517704
837,677,1514,0.11974665038884655
834,676,1510,0.11976792513991373
834,683,1517,0.11979581844923469
836,672,1508,0.11982129416962888
827,682,1509,0.1198394810761089
823,674,1497,0.11987744863074379
817,673,1490,0.11992246043967068
819,667,1486,0.11997845421011309
816,669,1485,0.12002707892195241
816,672,1488,0.12007961465232089
817,681,1498,0.12012610164676144
811,676,1487,0.12016744204524571
817,671,1488,0.1202185441277133
816,667,1483,0.12025169019853582
818,668,1486,0.12028391874970872
814,672,1486,0.1203080950509975
814,673,1487,0.12034060876135076
805,679,1484,0.12037156226326967
808,685,1493,0.12042264420151202
813,683,1496,0.12046444238099284
810,695,1505,0.12049196879258499
808,686,1494,0.12052575760369033
812,696,1508,0.12056026694624836
799,701,1500,0.1205819023153158
801,705,1506,0.12063452536632341
797,710,1507,0.1206780480623795
803,710,1513,0.12073003279601434
809,705,1514,0.12076232157518543
800,707,1507,0.12077864266962803
802,709,1511,0.12081482105543576
807,710,1517,0.12084361996284045
812,713,1525,0.12085651580370413
805,719,1524,0.12085630336067442
803,716,1519,0.12087419481122559
791,710,1501,0.12089642927217106
793,709,1502,0.12094492125794325
790,714,1504,0.1209848101707438
788,715,1503,0.12102894615803252
773,714,1487,0.12107543803912518
784,713,1497,0.12115486370098721
779,718,1497,0.12120089396090589
780,720,1500,0.12125562760755651
775,716,1491,0.12130322526647022
771,716,1487,0.12135814413231624
774,722,1496,0.12141892696715909
785,733,1518,0.12147064633795378
782,720,1502,0.12149128441134571
786,717,1503,0.12151734319289986
789,719,1508,0.12153144130791255
781,723,1504,0.1215373196076754
772,724,1496,0.12156374964501435
772,722,1494,0.1216097870954349
767,723,1490,0.12165202632693012
765,725,1490,0.12170296674080987
769,725,1494,0.12175674878179187
769,726,1495,0.12179685789166662
768,735,1503,0.12183345583951492
767,734,1501,0.12186932428226555
761,747,1508,0.12190743989664071
760,742,1502,0.12195685564498199
756,743,1499,0.12200497506147144
753,750,1503,0.12205821961770852
753,745,1498,0.12211547099519933
756,749,1505,0.12216844002245669
761,749,1510,0.12220944727751537
762,745,1507,0.12223689093958688
758,746,1504,0.1222622480355324
760,747,1507,0.12229644979353466
757,745,1502,0.12232313967452513
757,746,1503,0.12235574966272343
767,749,1516,0.12238620157586237
768,751,1519,0.12238941556670627
760,744,1504,0.12239193882528764
758,746,1504,0.12241538136652888
754,755,1509,0.12244329993281103
747,755,1502,0.12247864542182314
746,750,1496,0.12252931783800863
732,755,1487,0.12257752498654798
733,753,1486,0.12265628611694687
739,747,1486,0.12272797822270856
741,749,1490,0.12277860347096035
737,756,1493,0.12282017266909026
740,756,1496,0.12286650095238745
735,755,1490,0.12290328510355131
732,749,1481,0.1229501324126771
739,753,1492,0.12300110376238066
735,747,1482,0.12303122754477144
737,758,1495,0.12306978952803993
740,762,1502,0.12310269280201608
746,770,1516,0.12312742709729423
744,764,1508,0.12313477130406315
735,760,1495,0.12314653113954786
746,758,1504,0.12317841250206694
745,768,1513,0.12318254405688572
745,769,1514,0.12318927718788238
749,769,1518,0.12319589589098885
750,771,1521,0.12319053106957022
752,776,1528,0.12318388369197081
757,776,1533,0.12317362676678048
751,772,1523,0.12315287600324694
748,761,1509,0.12314739916099957
746,769,1515,0.12315194474687996
743,766,1509,0.12316035684621468
740,765,1505,0.12317742952689287
731,770,1501,0.1232006681024637
739,776,1515,0.12324453394135958
738,768,1506,0.12326737447426417
735,750,1485,0.1232929705951068
736,764,1500,0.1233232019345392
729,774,1503,0.12335017367773617
734,782,1516,0.12339303801005365
722,788,1510,0.12342153663518031
718,788,1506,0.12347569976132348
721,778,1499,0.12353438862933892
726,774,1500,0.12358153590641692
726,782,1508,0.12361322084037532
725,782,1507,0.12364346047162397
726,782,1508,0.12367325072877502
724,782,1506,0.12369836911810751
728,793,1521,0.12372943878012797
717,796,1513,0.1237504862934976
719,789,1508,0.12379725396670942
717,799,1516,0.12383854952790994
714,802,1516,0.12388349490191997
713,798,1511,0.12393267912653169
714,805,1519,0.12398052521851013
704,814,1518,0.12402221742073381
709,819,1528,0.12408516633357987
700,814,1514,0.1241304072023337
699,811,1510,0.12419516433158723
701,807,1508,0.12426051010338307
700,804,1504,0.12431770447586134
698,814,1512,0.12437243995124021
689,801,1490,0.1244275888523136
700,801,1501,0.1245011777416868
701,805,1506,0.12454376456389803
704,799,1503,0.12458321808462942
703,799,1502,0.12461226844399848
702,788,1490,0.1246433178352919
703,796,1499,0.1246732469583209
705,810,1515,0.12469858363170921
709,817,1526,0.12471702149396123
697,816,1513,0.12472485179790319
699,813,1512,0.12476366713094658
688,818,1506,0.12479417880228201
690,813,1503,0.12484953055153683
690,809,1499,0.1248958498040121
691,809,1500,0.12494137322657974
689,806,1495,0.12498161790820457
680,810,1490,0.12502430657454497
682,799,1481,0.12508551772887955
690,813,1503,0.12513623927298018
691,807,1498,0.12516381909804486
699,812,1511,0.12518661086574595
694,814,1508,0.12518787460756678
687,811,1498,0.12520020407992496
696,818,1514,0.12522979201026663
696,807,1503,0.12523510644167482
692,815,1507,0.12523946661087082
701,818,1519,0.12525196057123336
691,823,1514,0.12524250803098788
692,826,1518,0.12526143890877697
678,825,1503,0.12527666180792174
688,820,1508,0.1253245016425584
683,822,1505,0.12534265609751313
680,826,1506,0.12537091106330744
681,831,1512,0.12540275547937982
673,827,1500,0.12543028363268038
679,828,1507,0.12547634722468606
679,833,1512,0.1255037428186367
683,830,1513,0.125529511286489
675,827,1502,0.12554411391780998
664,833,1497,0.12557773767289332
671,828,1499,0.12563769299312313
670,833,1503,0.125677240153024
661,840,1501,0.12571629153259203
659,845,1504,0.1257751211204414
659,840,1499,0.12583583352759825
663,832,1495,0.1258904152280852
660,833,1493,0.12593134937627198
669,836,1505,0.1259768782888181
668,845,1513,0.12599499447193108
661,840,1501,0.12601680541061264
661,839,1500,0.12605667347859487
672,843,1515,0.12609238412339718
677,838,1515,0.1260981433949785
672,832,1504,0.1260911042337863
671,841,1512,0.12609725108960979
686,838,1524,0.12610532719273793
682,828,1510,0.12607684915906403
682,831,1513,0.1260593100614706
682,828,1510,0.12604287567755995
675,832,1507,0.12602653019749918
664,830,1494,0.12602852697356795
672,846,1518,0.1260579612069411
669,841,1510,0.1260658835185039
670,830,1500,0.12608029792729225
678,833,1511,0.12609101674621903
673,842,1515,0.12608242656854526
673,843,1516,0.12608496352557902
665,839,1504,0.12608908304178043
664,846,1510,0.12611134205069197
663,845,1508,0.12613669924866838
672,844,1516,0.1261621264350757
666,842,1508,0.12616514825687253
668,842,1510,0.1261807585320694
660,853,1513,0.12619005050251353
672,854,1526,0.12621650471304918
670,852,1522,0.12621151515483003
657,855,1512,0.12621239530108277
659,859,1518,0.12624627243017578
661,861,1522,0.12627208457617886
665,859,1524,0.12629125856673717
669,861,1530,0.12629917243791747
667,857,1524,0.12629516817424583
669,860,1529,0.12629686712546395
673,855,1528,0.12629477654615434
672,844,1516,0.12628359300392866
663,837,1500,0.12627462950253496
659,847,1506,0.12628906257709335
659,854,1513,0.12631101104421824
659,847,1506,0.12633207148276046
662,849,1511,0.1263498934905748
672,844,1516,0.12635853737426025
671,845,1516,0.12634308716918552
662,846,1508,0.12633146941317275
664,843,1507,0.1263435825144953
657,837,1494,0.126352860243185
653,842,1495,0.12637611738186566
666,845,1511,0.12640676709740473
658,840,1498,0.12640171094659844
658,839,1497,0.12641700536549436
654,851,1505,0.12643122958935313
665,856,1521,0.12645430467671723
662,846,1508,0.126451178049019
657,858,1515,0.12645723157489563
659,859,1518,0.12647537986124596
661,863,1524,0.12648630537508368
655,864,1519,0.12649063513262182
657,864,1521,0.12650897817072526
646,869,1515,0.12652153011759126
655,868,1523,0.12656147267598297
649,865,1514,0.12657480453398162
647,859,1506,0.12660258025168475
646,865,1511,0.12663478864051336
642,864,1506,0.1266670151301953
647,863,1510,0.12670547022937495
647,862,1509,0.1267287002855202
645,857,1502,0.12675165381288844
645,862,1507,0.12677753387347668
646,865,1511,0.12680239602708526
648,867,1515,0.12682306168538232
648,866,1514,0.12683723780774567
641,861,1502,0.1268496032904162
642,858,1500,0.1268786983770599
639,859,1498,0.12690380193174708
641,867,1508,0.12693477750382673
644,852,1496,0.1269568949269506
642,852,1494,0.12697105936467118
635,854,1489,0.1269902953575923
638,855,1493,0.1270270248185273
639,863,1502,0.12705316885597312
633,866,1499,0.12707403110361928
632,883,1515,0.12710791952390732
631,880,1511,0.12714103076375724
626,886,1512,0.12717739495657052
629,873,1502,0.12722361525179843
630,865,1495,0.12726121455341188
635,876,1511,0.1272945528775089
629,867,1496,0.12731284143775753
628,872,1500,0.12734497042869702
629,873,1502,0.12737739284252192
631,875,1506,0.12740544047600103
633,881,1514,0.12742539083124704
632,871,1503,0.12744058858078203
629,876,1505,0.12745726568357754
625,874,1499,0.1274815500310229
619,888,1507,0.12751476521501628
616,895,1511,0.127560883770206
621,889,1510,0.1276103764066876
623,891,1514,0.12764524191732707
623,897,1520,0.12767399762012505
616,891,1507,0.12770144271996706
606,892,1498,0.12774342781458486
603,899,1502,0.12780570028260857
610,888,1498,0.12787002985443144
610,896,1506,0.12791423639978994
608,891,1499,0.12795712738751985
612,890,1502,0.12800145759349743
622,892,1514,0.1280328695655394
620,894,1514,0.12803800276205762
613,883,1496,0.12804843618269032
615,886,1501,0.12807622349984346
615,885,1500,0.12809639773267803
612,890,1502,0.12811545299049482
605,896,1501,0.12813995656668603
605,897,1502,0.12818147509311603
593,889,1482,0.12822033428854124
598,888,1486,0.12828544540477535
599,883,1482,0.12833563018973126
601,885,1486,0.12838033172040966
601,894,1495,0.12841746252876463
598,894,1492,0.128452613459214
604,898,1502,0.12849126557215676
604,908,1512,0.12851370881226898
606,915,1521,0.12853370562931038
610,919,1529,0.12854806488730552
597,916,1513,0.1285513003503279
603,916,1519,0.12858595457994848
606,907,1513,0.1286025847941839
606,918,1524,0.1286094195692882
597,910,1507,0.12861530289329937
594,904,1498,0.12864443121922106
597,906,1503,0.12867925258214266
606,897,1503,0.1287053722722843
595,901,1496,0.12870792754425986
597,909,1506,0.1287379768365424
603,910,1513,0.12876321235232321
599,907,1506,0.12877150316997937
603,899,1502,0.12878801232125567
595,909,1504,0.12879318953655627
604,905,1509,0.12881746431472613
593,903,1496,0.12881695009650404
590,905,1495,0.1288425755589644
597,903,1500,0.12887467738104375
603,914,1517,0.12888853443779197
605,910,1515,0.12888638164856764
607,902,1509,0.12888042998186744
601,896,1497,0.12886939533084368
595,895,1490,0.12887243942536508
596,901,1497,0.12888733112113065
604,903,1507,0.12889955979363832
598,904,1502,0.12889444708971676
597,904,1501,0.1289056275522824
598,908,1506,0.1289167455171561
602,914,1516,0.1289266057201882
600,913,1513,0.12892553895451125
599,916,1515,0.128928170228701
591,910,1501,0.12893406126778248
584,920,1504,0.1289609673984985
595,926,1521,0.12900182903850588
594,919,1513,0.1290126822990036
594,914,1508,0.12902620097461323
596,910,1506,0.1290374094906893
592,905,1497,0.12904105367385432
597,903,1500,0.1290534743072997
603,917,1520,0.1290502374253937
601,915,1516,0.1290340844574023
602,920,1522,0.12902258618803975
593,921,1514,0.12900957545505076
608,921,1529,0.12902099771764453
604,911,1515,0.1289942334693363
609,905,1514,0.12897741263615667
598,905,1503,0.12894840616223896
597,907,1504,0.12894903456851975
588,898,1486,0.12895310482045072
585,905,1490,0.12897692074122133
593,900,1493,0.12900697675497402
606,891,1497,0.12901366840838271
601,903,1504,0.1289880416304034
594,904,1498,0.1289741992700845
599,890,1489,0.12897837141496243
594,896,1490,0.12896713105632657
589,906,1495,0.12896996247260145
587,922,1509,0.12898667288618132
589,914,1503,0.12900609656787212
595,924,1519,0.12902009105166667
583,916,1499,0.12901897028169074
583,914,1497,0.12904835905041093
587,908,1495,0.1290751820257838
587,919,1506,0.12909170783037693
577,932,1509,0.1291070268007818
581,937,1518,0.1291456786776199
569,936,1505,0.12917042779444302
571,936,1507,0.12922138123255916
569,927,1496,0.12926278038114622
579,929,1508,0.1293064624978352
580,939,1519,0.12932002704079196
583,937,1520,0.12932974465344937
582,941,1523,0.1293333266060973
579,950,1529,0.12933841617569733
584,942,1526,0.129350764054393
579,942,1521,0.12935001048229394
575,936,1511,0.1293631252973835
566,933,1499,0.12938616972715006
561,937,1498,0.1294287717505988
565,936,1501,0.12947959951513766
562,933,1495,0.12951769179629735
563,932,1495,0.12956047001150037
577,926,1503,0.12959884320828022
582,936,1518,0.12960039777029186
579,931,1510,0.12958993457603574
588,930,1518,0.1295873060884804
593,932,1525,0.12956154555773966
586,926,1512,0.12952612137648628
588,927,1515,0.12950968569940738
579,926,1505,0.12948987480719604
571,930,1501,0.12949523244111943
571,938,1509,0.12951997780420849
571,930,1501,0.12954307618755723
565,934,1499,0.1295650238054322
566,931,1497,0.12960043405907315
569,943,1512,0.12963257462283728
559,941,1500,0.1296534289534322
564,937,1501,0.12969703489236464
566,925,1491,0.12972498656473289
568,927,1495,0.1297465143173545
571,939,1510,0.12976068371040536
563,936,1499,0.12976553415760855
566,931,1497,0.12978974626139045
563,925,1488,0.12980255706197108
564,931,1495,0.1298229435700619
571,926,1497,0.12984113532421465
568,934,1502,0.12984030817585804
564,935,1499,0.1298459642407506
571,932,1503,0.12986073095260703
566,937,1503,0.12985626799126637
566,939,1505,0.1298637768837113
562,947,1509,0.1298704468691277
556,951,1507,0.12988628643230934
561,948,1509,0.12991687784745623
565,945,1510,0.12993301501511087
569,946,1515,0.12993677676327006
568,940,1508,0.1299306735478724
570,939,1509,0.12992781218278293
565,934,1499,0.12992137774673368
561,943,1504,0.12992885763241666
563,949,1512,0.1299474563413832
564,942,1506,0.12995982670702555
557,948,1505,0.12996956492721548
558,959,1517,0.12999656725743539
561,957,1518,0.1300195668706513
559,967,1526,0.13003579970539814
551,964,1515,0.13005548276934603
557,963,1520,0.13009548270707177
552,973,1525,0.13011592450236628
557,968,1525,0.13014626251290756
547,965,1512,0.13016201180379708
542,969,1511,0.13020370567255715
535,977,1512,0.1302554909730494
530,981,1511,0.13031955739166104
526,975,1501,0.13039269903511522
529,983,1512,0.13047335173415764
520,977,1497,0.13054011422240866
518,985,1503,0.13062287867013883
524,985,1509,0.1307040172506257
531,977,1508,0.13076313657574823
521,974,1495,0.1308011921706682
519,971,1490,0.13086208107626734
527,982,1509,0.1309222072635038
515,994,1509,0.1309577689520788
523,995,1518,0.13101976682544214
528,988,1516,0.13105643366951467
522,991,1513,0.13107964309195874
527,990,1517,0.13111489554315311
522,983,1505,0.13113492259332996
519,993,1512,0.13116719163591523
517,986,1503,0.13120742960993834
519,982,1501,0.13124968120000755
518,988,1506,0.13128447075299193
521,987,1508,0.1313188733186007
528,988,1516,0.1313409477250208
540,987,1527,0.13134328286530342
530,983,1513,0.13131491385609453
527,987,1514,0.1313125207090317
529,976,1505,0.1313174308394601
526,985,1511,0.1313158566830732
533,981,1514,0.13132249635872714
534,973,1507,0.13130948192056027
533,979,1512,0.1312967468704588
528,981,1509,0.1312865363561424
531,988,1519,0.13128909575372294
523,989,1512,0.13128372911035693
518,994,1512,0.13129950473626187
518,992,1510,0.13132677826336311
514,995,1509,0.13135169539060704
524,996,1520,0.13138451779955673
525,985,1510,0.13138909482805583
523,989,1512,0.13139215570133106
519,998,1517,0.1314009429384139
518,998,1516,0.13141919900429325
516,997,1513,0.13143791183662365
514,996,1510,0.13145995014754594
513,999,1512,0.1314842529286474
517,999,1516,0.13150958702824656
516,1001,1517,0.1315246539691036
518,1006,1524,0.13154324958622116
520,999,1519,0.131558754056281
523,1002,1525,0.1315683132321647
519,1013,1532,0.1315687882048703
515,1014,1529,0.13157933335483196
515,1012,1527,0.13159845499059958
513,1014,1527,0.1316161994031776
515,1007,1522,0.13164050848344963
513,1005,1518,0.13165820450284638
509,1005,1514,0.13167919350627832
508,1003,1511,0.13170837436231322
501,1002,1503,0.1317377037898246
498,1003,1501,0.13178157913501995
497,1003,1500,0.13182855154569548
497,990,1487,0.13187593387507782
508,992,1500,0.13191973937824428
501,983,1484,0.13193122341058325
501,972,1473,0.13196082721783728
503,978,1481,0.13199121926990415
498,981,1479,0.13201318391613076
500,993,1493,0.1320450641308913
503,994,1497,0.13206985953460104
508,1004,1512,0.13208705627297032
502,1007,1509,0.1320897459130127
497,1008,1505,0.13210836553423314
492,1002,1494,0.1321391205550161
498,993,1491,0.1321807164456428
496,999,1495,0.13220569664900414
493,998,1491,0.13223374097380788
487,1009,1496,0.13226896956607193
486,1004,1490,0.13231561159671962
488,1011,1499,0.13236165769027156
488,1022,1510,0.13239930983113163
485,1029,1514,0.13243489193037739
485,1031,1516,0.13247492278158837
483,1028,1511,0.13251204237083714
486,1031,1517,0.13255001346727233
491,1028,1519,0.13257702731372334
492,1033,1525,0.13259025548118772
489,1023,1512,0.1326006958615928
482,1025,1507,0.13261941948321893
486,1019,1505,0.13265712919927036
482,1016,1498,0.1326827552882695
476,1043,1519,0.13271743754336143
479,1029,1508,0.13276476472048898
472,1036,1508,0.13279996930346882
471,1028,1499,0.13285092886182778
472,1014,1486,0.13290145605149334
471,1028,1499,0.13294647337215923
479,1027,1506,0.13299249803115085
480,1034,1514,0.1330123427662699
479,1043,1522,0.13302993184227113
474,1037,1511,0.13305036990587965
467,1042,1509,0.13308275818850088
473,1030,1503,0.13312892608438415
476,1040,1516,0.13315547140796372
473,1045,1518,0.13317291151283747
470,1043,1513,0.13319858019202852
470,1050,1520,0.13322855307214648
462,1050,1512,0.13325573377305408
463,1059,1522,0.13329966228677928
456,1053,1509,0.13333929747778345
457,1057,1514,0.1333943888752485
456,1059,1515,0.13344359922376742
459,1056,1515,0.13349154700698615
452,1065,1517,0.1335297509651634
455,1072,1527,0.13358354435099412
450,1065,1515,0.1336243488594875
438,1057,1495,0.13367584527650173
437,1071,1508,0.13375486015124108
433,1081,1514,0.13383150391341694
427,1076,1503,0.13391464509711626
426,1075,1501,0.13400672578797237
424,1066,1490,0.1340963231713205
426,1067,1493,0.13418481718866299
424,1078,1502,0.13426178920074755
423,1074,1497,0.13433823168095602
428,1068,1496,0.1344119664483458
424,1076,1500,0.13446886998924712
428,1091,1519,0.13453222674774706
422,1102,1524,0.13458139895887128
419,1101,1520,0.1346428611150897
418,1097,1515,0.13470666638069917
413,1097,1510,0.13477040954951253
406,1091,1497,0.1348411329070467
400,1085,1485,0.13492640154481136
402,1092,1494,0.13502294541040072
402,1103,1505,0.13510929845594297
400,1107,1507,0.13518983005010154
406,1113,1519,0.13527066589718703
401,1110,1511,0.13533014600719054
403,1110,1513,0.13539859533090756
406,1123,1529,0.13545802162600562
411,1119,1530,0.1355070345822536
406,1121,1527,0.13553972478057363
403,1127,1530,0.13558356191896334
402,1122,1524,0.13563079854569574
405,1116,1521,0.13567826230692828
402,1109,1511,0.1357133640774601
406,1104,1510,0.1357527224729736
412,1101,1513,0.13577841392133969
413,1101,1514,0.13578722472974447
415,1097,1512,0.1357946977847583
411,1113,1524,0.13579717270514916
403,1120,1523,0.135811490280106
400,1120,1520,0.13584581025595693
399,1114,1513,0.1358872305756605
394,1113,1507,0.13592638490581074
397,1125,1522,0.13597598484616988
402,1117,1519,0.13601609513704732
397,1114,1511,0.13604313456005618
400,1121,1521,0.13608266402963592
400,1118,1518,0.13611286417815208
395,1132,1527,0.13614165887721774
398,1114,1512,0.1361822040116493
396,1112,1508,0.13621178703957715
392,1120,1512,0.13624527371563924
394,1132,1526,0.13628480705367768
397,1130,1527,0.1363182050613474
394,1138,1532,0.13634278215720388
394,1127,1521,0.13637458316923776
388,1122,1510,0.13640434046554406
385,1120,1505,0.13644822920894847
378,1120,1498,0.13649758556637814
380,1134,1514,0.1365627607774522
379,1121,1500,0.13661919532423994
383,1128,1511,0.1366742901976234
381,1135,1516,0.136713933102438
378,1128,1506,0.13675591386659292
378,1137,1515,0.1368028086406679
378,1136,1514,0.13684498236647996
378,1139,1517,0.13688401725580948
374,1138,1512,0.13692181518294044
376,1141,1517,0.13696826031758932
375,1150,1525,0.1370056218753397
377,1154,1531,0.1370436235907251
378,1147,1525,0.13707486699232277
376,1150,1526,0.1371015635953599
375,1140,1515,0.13713338184805185
378,1137,1515,0.13716695717324984
376,1146,1522,0.13718842522473612
376,1133,1509,0.13721438389689797
371,1133,1504,0.13723899238618525
370,1137,1507,0.1372756734372239
368,1143,1511,0.1373119249097593
364,1145,1509,0.13735027388463927
359,1145,1504,0.13739546689032572
363,1153,1516,0.1374516722188324
361,1168,1529,0.13749441481795086
364,1166,1530,0.13753861610402016
364,1152,1516,0.13757246758510236
353,1152,1505,0.13760301619422116
360,1144,1504,0.13766165574083428
358,1148,1506,0.13769737506945304
355,1145,1500,0.1377341687714745
351,1144,1495,0.13777742162724713
343,1142,1485,0.13782795270111037
345,1152,1497,0.1378958423376774
348,1162,1510,0.13795257836786404
347,1163,1510,0.13799932604120263
343,1156,1499,0.13804388310511764
345,1157,1502,0.13809528215874523
347,1162,1509,0.13813799475649888
353,1159,1512,0.13817364837660684
344,1149,1493,0.1381902336591047
342,1167,1509,0.1382298040145988
342,1171,1513,0.13827033224624072
339,1178,1517,0.13830660179937562
342,1172,1514,0.13834800574096806
346,1175,1521,0.13837863203971965
341,1181,1522,0.13839809482457155
335,1181,1516,0.13843025854084237
332,1174,1506,0.13847662408291803
339,1178,1517,0.13852670927065508
336,1164,1500,0.1385550177857218
340,1157,1497,0.13858861839090716
338,1150,1488,0.13860874438805107
331,1153,1484,0.13863257298534964
336,1152,1488,0.1386728964156277
337,1167,1504,0.13869837129427903
332,1157,1489,0.13871986225684346
335,1157,1492,0.13875306779262597
338,1160,1498,0.13877724826242102
327,1175,1502,0.13879211897808869
326,1169,1495,0.13883566535557912
330,1171,1501,0.13887652872514133
333,1167,1500,0.13890346464663025
332,1174,1506,0.13892164145379066
333,1178,1511,0.13894163951419414
332,1181,1513,0.13895755926158299
334,1172,1506,0.13897657076875755
330,1168,1498,0.1389910420198933
338,1172,1510,0.13901537549029425
341,1175,1516,0.13901720233143602
341,1181,1522,0.13901117732641757
343,1174,1517,0.13900663458033274
342,1164,1506,0.13899697567145006
343,1162,1505,0.13898960623446846
346,1158,1504,0.1389810198189511
345,1162,1507,0.1389679462523653
348,1180,1528,0.13895828816682124
344,1175,1519,0.13894086525806754
340,1173,1513,0.1389348845950015
341,1177,1518,0.13894041621730346
340,1181,1521,0.13894314025747015
340,1184,1524,0.13894879284234282
342,1173,1515,0.1389551937957782
335,1167,1502,0.13895515686792556
333,1165,1498,0.13897350376298317
329,1169,1498,0.13899709381760858
331,1182,1513,0.13903071794928887
335,1189,1524,0.13905793349437195
331,1190,1521,0.13907371677762195
333,1196,1529,0.1390988988204823
329,1186,1515,0.13911616961837528
322,1176,1498,0.1391426298295821
323,1183,1506,0.13918512694860732
329,1202,1531,0.13922197601989633
323,1196,1519,0.1392397838656213
324,1202,1526,0.13927138869171662
327,1194,1521,0.13929806518874138
321,1198,1519,0.13931547319155313
315,1189,1504,0.1393475869416106
316,1197,1513,0.1393930966281396
314,1193,1507,0.1394340504086146
314,1187,1501,0.1394774247853683
322,1188,1510,0.13951795344148582
321,1187,1508,0.13953437342586753
317,1186,1503,0.13955131753004318
315,1191,1506,0.1395786854854822
310,1188,1498,0.13960995103444718
313,1188,1501,0.1396509864831609
317,1194,1511,0.1396815538517694
324,1193,1517,0.13970049407825488
328,1191,1519,0.1397008706533102
327,1199,1526,0.1396900770451251
320,1193,1513,0.13968302337511326
317,1200,1517,0.1396960051795133
319,1204,1523,0.13971632395444902
317,1201,1518,0.1397304994548282
320,1194,1514,0.13974725449546405
320,1187,1507,0.13975599709918624
317,1184,1501,0.1397642833942426
314,1197,1511,0.1397809200976949
316,1200,1516,0.13980495179272645
314,1199,1513,0.1398215354939606
317,1201,1518,0.13984252449793008
318,1200,1518,0.13985417617043996
316,1200,1516,0.13986283092399832
320,1206,1526,0.13987627338896128
322,1207,1529,0.13987925908975593
327,1204,1531,0.13987611965143873
320,1214,1534,0.13986041478380046
319,1218,1537,0.13986494732608765
319,1207,1526,0.1398715977177218
325,1190,1515,0.1398777374666228
324,1193,1517,0.13986886301039114
327,1190,1517,0.13986215341797537
321,1185,1506,0.1398487567694941
323,1184,1507,0.1398516875141307
321,1188,1509,0.13984780017614792
323,1189,1512,0.13984973530774888
324,1176,1500,0.13984671998939047
318,1183,1501,0.13984173381816428
312,1190,1502,0.1398535581732287
305,1184,1489,0.13988063880998972
303,1202,1505,0.13992291599215892
301,1205,1506,0.13996918504991032
303,1204,1507,0.1400167264266513
303,1211,1514,0.14005462910222788
302,1199,1501,0.14008978814514314
306,1200,1506,0.14012564420294005
311,1204,1515,0.14014788054665392
315,1208,1523,0.14015533731625973
312,1204,1516,0.14015296537723998
308,1207,1515,0.14015934416333964
305,1208,1513,0.14017694076646822
301,1217,1518,0.14020289562925403
299,1212,1511,0.14023876656597628
302,1217,1519,0.14027770007078444
302,1212,1514,0.1403065345972849
299,1211,1510,0.14033277417647835
297,1216,1513,0.1403649091697818
292,1217,1509,0.14039963745784692
299,1218,1517,0.14044466582419768
298,1233,1531,0.14046846043792757
297,1246,1543,0.14049307618321752
293,1223,1516,0.14051948247566115
289,1228,1517,0.1405543065242082
290,1230,1520,0.1405972045504674
286,1211,1497,0.14063444226565916
291,1227,1518,0.14067984371274922
286,1226,1512,0.14070917490962417
291,1230,1521,0.14075057018768283
280,1240,1520,0.1407747535697424
276,1229,1505,0.14082818183499218
279,1234,1513,0.14088804643258312
273,1229,1502,0.14093624080181813
276,1238,1514,0.14099600842245016
270,1240,1510,0.14104442196325045
271,1237,1508,0.14110582600497426
265,1232,1497,0.14116049912553433
266,1244,1510,0.14122789474572353
267,1249,1516,0.14128978519065158
271,1251,1522,0.1413444700459726
270,1261,1531,0.14138436107159735
271,1257,1528,0.14142402382417543
268,1257,1525,0.14145850077836408
267,1250,1517,0.14149745291308413
267,1251,1518,0.1415359276267751
265,1260,1525,0.14157278222470818
261,1247,1508,0.14161296284012212
266,1238,1504,0.14166046793532572
268,1238,1506,0.14169148219399183
270,1241,1511,0.14171471551549986
271,1234,1505,0.14173107077044095
271,1236,1507,0.14174328921725807
274,1240,1514,0.1417555471027838
277,1237,1514,0.1417593629079441
274,1234,1508,0.14175485414189434
277,1235,1512,0.14175974422107454
278,1232,1510,0.14175650132436135
271,1238,1509,0.14174965058616631
266,1257,1523,0.1417610240801728
265,1263,1528,0.14178435201673684
266,1241,1507,0.14180981288262842
266,1227,1493,0.14183154211087287
270,1225,1495,0.1418530016107436
272,1235,1507,0.14186231309028327
273,1233,1506,0.1418653081175131
269,1244,1513,0.14186521976952626
274,1238,1512,0.1418771999493609
272,1239,1511,0.14187450729758555
271,1245,1516,0.141876744976638
274,1248,1522,0.141881549886712
273,1248,1521,0.14187904551555372
266,1238,1504,0.1418801879783489
268,1250,1518,0.1419006753854573
265,1248,1513,0.14191539457709898
263,1263,1526,0.14193709936541424
254,1265,1519,0.1419616600200243
257,1259,1516,0.1420077602888471
254,1255,1509,0.1420425866435074
259,1249,1508,0.14208275177240912
257,1246,1503,0.1421091054608027
259,1261,1520,0.14214086797804118
261,1254,1515,0.14216627722093794
259,1256,1515,0.14218288352266625
258,1254,1512,0.14220381968333023
257,1258,1515,0.1422271106608979
258,1266,1524,0.14225141163344737
253,1258,1511,0.14227160310761466
253,1260,1513,0.14230363977544513
257,1262,1519,0.1423346157255042
256,1262,1518,0.1423527317876936
251,1261,1512,0.14237177790449565
258,1248,1506,0.14240188172719326
262,1248,1510,0.1424123578021873
263,1244,1507,0.1424116159960292
262,1253,1515,0.14240787637122068
264,1265,1529,0.14240795988578422
260,1254,1514,0.1424010128726591
260,1251,1511,0.14240534068091432
260,1236,1496,0.14240917728343633
267,1260,1527,0.14241314805299676
268,1264,1532,0.14239898369918025
269,1268,1537,0.14238348414099
266,1257,1523,0.1423660008365129
264,1244,1508,0.1423585237117187
260,1238,1498,0.14235754108547344
252,1242,1494,0.14236817925419326
249,1252,1501,0.1423982941075853
247,1257,1504,0.14243442540322135
247,1262,1509,0.14247417396724152
253,1266,1519,0.1425109412369256
253,1263,1516,0.14253005675089642
252,1260,1512,0.14254649550702436
252,1264,1516,0.14256481894042025
251,1264,1515,0.14258178127684684
252,1260,1512,0.14260033155851573
251,1262,1513,0.14261628950167832
252,1253,1505,0.14263322556285868
249,1266,1515,0.1426457008363398
251,1264,1515,0.14266641608623978
245,1275,1520,0.14268027106936138
248,1265,1513,0.14270981776724864
255,1267,1522,0.14272887369588766
253,1259,1512,0.14272831402179406
257,1264,1521,0.1427317871181469
253,1260,1513,0.1427250569633803
254,1251,1505,0.1427298421571769
255,1262,1517,0.14273154831060297
253,1256,1509,0.14273032285056364
260,1251,1511,0.14273377360265407
258,1243,1501,0.1427186404173029
257,1249,1506,0.14271033921449053
258,1243,1501,0.14270616961610955
260,1245,1505,0.1426989298292594
262,1256,1518,0.14268581442403552
261,1253,1514,0.1426691624310943
268,1255,1523,0.1426551758562465
270,1262,1532,0.1426230470199399
264,1266,1530,0.14258805945752417
259,1252,1511,0.1425720384198016
265,1262,1527,0.14256916339457334
265,1260,1525,0.14255188066431415
265,1258,1523,0.14253565967786494
265,1256,1521,0.14252039142011147
258,1265,1523,0.14250702404961257
258,1264,1522,0.14251262172103166
258,1262,1520,0.14251834442405192
252,1257,1509,0.14252353956137345
252,1258,1510,0.1425437160598358
256,1263,1519,0.14256240795044073
253,1267,1520,0.14256799969399206
249,1263,1512,0.14258067450261894
247,1267,1514,0.14260431336266685
243,1276,1519,0.1426313350599431
244,1273,1517,0.14266836059518517
246,1275,1521,0.14270071236338866
247,1280,1527,0.14272593840308134
245,1273,1518,0.14274712533345435
243,1274,1517,0.1427727131049289
244,1279,1523,0.14280141579522257
239,1288,1527,0.1428262561713567
239,1280,1519,0.14286262463824528
241,1280,1521,0.14289696396907392
240,1279,1519,0.14292315755931295
240,1276,1516,0.14295161930474168
238,1280,1518,0.14297845887391186
242,1274,1516,0.1430093833095203
241,1271,1512,0.14302858801261967
238,1277,1515,0.14304988261089258
237,1270,1507,0.14307770375681167
235,1266,1501,0.14310557781093067
235,1266,1501,0.1431356795907053
233,1270,1503,0.14316313955437082
239,1258,1497,0.14319421460785026
239,1266,1505,0.14320672093496647
244,1275,1519,0.1432187904514928
239,1276,1515,0.14321653025014047
241,1291,1532,0.14322819695817887
249,1283,1532,0.14323390422904636
248,1282,1530,0.14321696098124603
244,1267,1511,0.14320399467840503
242,1272,1514,0.14320391199128138
242,1277,1519,0.14320789097969044
243,1279,1522,0.14321152755627542
239,1267,1506,0.1432118370194197
237,1275,1512,0.14322244353139216
230,1264,1494,0.14323744633079644
230,1265,1495,0.14326983917718322
231,1263,1494,0.14329994640264668
232,1274,1506,0.1433253697281157
237,1271,1508,0.1433468871332599
235,1264,1499,0.14335339652174686
231,1272,1503,0.14336449953135474
233,1283,1516,0.1433861448245779
239,1289,1528,0.14339955331190457
238,1280,1518,0.14339664116569886
242,1279,1521,0.14339656728563754
239,1263,1502,0.14338592253996466
240,1264,1504,0.14338341354691828
239,1272,1511,0.1433785884808703
242,1268,1510,0.14337726297876405
235,1268,1503,0.14336758289311147
241,1276,1517,0.14337752126193662
231,1260,1491,0.14336984011025314
228,1262,1490,0.14338961151275068
228,1249,1477,0.14341468500645727
231,1277,1508,0.143438089651119
232,1279,1511,0.14345197381716518
229,1284,1513,0.14346250446092393
230,1286,1516,0.14348038652124237
230,1288,1518,0.1434940167656304
234,1280,1514,0.14350767124953712
232,1297,1529,0.14351080393044313
228,1301,1529,0.14351835649644049
229,1297,1526,0.1435359382325624
230,1299,1529,0.14354998356803816
232,1296,1528,0.14356088936510503
233,1290,1523,0.14356539075450153
225,1296,1521,0.14356662874722478
228,1300,1528,0.14359033764009826
226,1294,1520,0.14360436577441515
223,1281,1504,0.14362270462814197
224,1283,1507,0.1436473426080043
227,1302,1529,0.14366669520393802
220,1310,1530,0.14367664538175945
221,1304,1525,0.14370415899591382
222,1298,1520,0.14372790066534308
214,1299,1513,0.1437473878439411
215,1302,1517,0.14378668509724885
220,1302,1522,0.14382123365431082
220,1309,1529,0.1438402992594837
224,1294,1518,0.14385779582074043
220,1296,1516,0.14386345745901383
216,1300,1516,0.14387982002371047
213,1302,1515,0.1439066152861315
207,1306,1513,0.1439395428560926
209,1308,1517,0.14398675802482286
207,1312,1519,0.1440251847927806
207,1304,1511,0.14406610880682028
203,1303,1506,0.14410406510207194
206,1306,1512,0.144151601630393
204,1289,1493,0.14418791313269
212,1295,1507,0.14422667415773696
215,1295,1510,0.1442413253399411
211,1299,1510,0.1442456173342714
207,1292,1499,0.1442605027922962
213,1299,1512,0.14428660542388896
212,1305,1517,0.14429469638121178
212,1297,1509,0.14430577322935914
210,1299,1509,0.14431512169175942
206,1303,1509,0.14432847715848524
213,1293,1506,0.1443517700737739
213,1284,1497,0.14435511698730386
212,1283,1495,0.1443588240894209
215,1289,1504,0.14436621797713822
216,1292,1508,0.1443646217391324
215,1299,1514,0.14436071946166115
212,1304,1516,0.14435965315875485
209,1290,1499,0.14436724664182526
213,1298,1511,0.1443832588392011
210,1308,1518,0.14438778301797867
212,1308,1520,0.14440046137197574
211,1313,1524,0.1444065046763423
207,1305,1512,0.1444151259396275
207,1316,1523,0.14443411159864816
206,1315,1521,0.14445117389423298
201,1317,1518,0.14446999576630049
204,1321,1525,0.14450122817221794
203,1326,1529,0.1445222924293626
197,1321,1518,0.1445444304078176
197,1317,1514,0.14458177117659457
199,1299,1498,0.14461710331268493
198,1296,1494,0.14464511991167017
205,1308,1513,0.14467343545540903
202,1312,1514,0.1446811684302118
205,1322,1527,0.14469683366254757
204,1312,1516,0.1447031616260129
205,1318,1523,0.1447126973372058
205,1316,1521,0.14471870537153225
205,1309,1514,0.14472391691764255
207,1313,1520,0.1447275432352744
204,1308,1512,0.14472578725704296
201,1314,1515,0.14473178860688865
203,1311,1514,0.1447462163187466
199,1312,1511,0.14475524926582226
201,1308,1509,0.1447742959069667
204,1318,1522,0.1447867443641801
205,1310,1515,0.14478989971213496
206,1303,1509,0.14479037265815622
200,1321,1521,0.1447875460381314
199,1314,1513,0.14480197455582222
201,1302,1503,0.1448192123151066
205,1316,1521,0.14482916707503116
206,1314,1520,0.14482798187272927
204,1318,1522,0.14482549655160742
198,1319,1517,0.1448283514053871
201,1321,1522,0.14484671932476348
195,1317,1512,0.144856036138665
196,1321,1517,0.1448802795279614
190,1320,1510,0.14490066103811344
190,1323,1513,0.14493550878286224
191,1316,1507,0.14496845723361407
194,1320,1514,0.1449962914842568
195,1321,1516,0.14501393487222056
196,1320,1516,0.14502853924453576
193,1311,1504,0.1450389970716777
193,1319,1512,0.1450576148786476
187,1313,1500,0.14507528569849953
185,1310,1495,0.14510937117915954
185,1322,1507,0.14514683370203174
189,1333,1522,0.14518132968627617
189,1320,1509,0.14520282413872856
183,1327,1510,0.14522230973048894
186,1334,1520,0.14525749860752735
186,1320,1506,0.14528233562007387
182,1330,1512,0.1453046851925655
186,1330,1516,0.14533584966471136
183,1336,1519,0.1453532025492467
184,1336,1520,0.14537707314198073
187,1346,1533,0.14539702990817618
184,1344,1528,0.14540766373177993
189,1338,1527,0.14542536982887203
190,1338,1528,0.14542831177137727
185,1338,1523,0.14542859099130517
182,1338,1520,0.14544242960387788
177,1327,1504,0.14546346681481584
181,1329,1510,0.14549661141815032
182,1326,1508,0.145517518885722
183,1317,1500,0.1455336566741101
183,1322,1505,0.14554623479769446
182,1331,1513,0.14555929114644883
180,1326,1506,0.14557433578247603
174,1321,1495,0.1455935056062562
170,1320,1490,0.14562751239205307
178,1327,1505,0.14567074534469593
178,1328,1506,0.14568889097392734
174,1333,1507,0.14570619141858543
171,1331,1502,0.14573380669943942
170,1340,1510,0.1457672569354061
172,1330,1502,0.14580142828550272
169,1330,1499,0.14582810093219042
166,1320,1486,0.14586091145153562
167,1332,1499,0.14589898017915864
167,1336,1503,0.14593119616630842
167,1348,1515,0.1459612484922752
166,1349,1515,0.14598967088293238
166,1346,1512,0.14601819837810498
163,1347,1510,0.14604425944087607
163,1337,1500,0.1460764968395162
171,1320,1491,0.14610592851197807
174,1328,1502,0.14611131712903333
175,1342,1517,0.14610805342291328
174,1349,1523,0.14610278730110038
175,1345,1520,0.14610006402386694
179,1343,1522,0.14609490157561836
178,1345,1523,0.1460800416476296
178,1348,1526,0.14606937277668705
173,1343,1516,0.14605980127051332
173,1347,1520,0.14606394268228245
172,1342,1514,0.14606820698278183
173,1341,1514,0.14607528147376372
174,1349,1523,0.14607934410428747
172,1352,1524,0.1460801984392141
170,1354,1524,0.1460862197599192
178,1345,1523,0.14609659143883982
177,1352,1529,0.14608529024708672
176,1353,1529,0.1460775402094862
172,1359,1531,0.14607386018879634
167,1356,1523,0.14608184082824174
167,1361,1528,0.14610295706400728
166,1350,1516,0.1461222105651829
163,1339,1502,0.14614328829332224
156,1336,1492,0.14617245215365604
153,1347,1500,0.1462200211717241
153,1345,1498,0.1462730993152709
154,1349,1503,0.14632340370163147
153,1348,1501,0.14636751550240387
158,1352,1510,0.1464114817305501
159,1359,1518,0.14643914085580595
155,1355,1510,0.1464620229465925
150,1352,1502,0.1464945519069443
146,1344,1490,0.1465383653669344
147,1351,1498,0.14659054935656438
151,1355,1506,0.146636179782187
154,1373,1527,0.14666734121146857
150,1362,1512,0.14668857094874563
150,1358,1508,0.1467193168683137
145,1370,1515,0.14674815221009868
145,1368,1513,0.1467886989645177
143,1357,1500,0.14682631246429753
144,1352,1496,0.14686595394230748
146,1359,1505,0.14690046579471341
146,1367,1513,0.14692732221431665
146,1368,1514,0.14695324849101052
146,1373,1519,0.14697763872728678
146,1379,1525,0.1470004308420367
148,1385,1533,0.14702228136665588
145,1379,1524,0.1470375559608287
149,1367,1516,0.14705940052910926
150,1372,1522,0.14706868052184568
149,1376,1525,0.14707435626729812
147,1381,1528,0.1470825028400907
150,1376,1526,0.1470952834290115
147,1376,1523,0.14709987285625478
152,1373,1525,0.14711223720150726
154,1365,1519,0.14711037904936186
152,1362,1514,0.1471029313188754
153,1362,1515,0.1471015884066701
152,1373,1525,0.14709804894942485
153,1368,1521,0.14709756734149726
149,1353,1502,0.14709352181933216
149,1354,1503,0.14710085730841568
147,1355,1502,0.1471079595493541
149,1352,1501,0.14712035066437962
145,1350,1495,0.14712628741264955
148,1361,1509,0.14714294932183603
152,1362,1514,0.14714997854138956
147,1349,1496,0.14714643209340733
144,1357,1501,0.14715679079930866
143,1370,1513,0.14717461034417995
146,1377,1523,0.14719383023764407
146,1381,1527,0.14720387859569897
149,1373,1522,0.14721265497354694
150,1382,1532,0.14721299602681123
149,1382,1531,0.1472110407122636
149,1368,1517,0.1472120778085784
148,1372,1520,0.14721337656188652
144,1374,1518,0.14721766987344556
147,1377,1524,0.1472322763336218
147,1371,1518,0.1472377987754929
148,1370,1518,0.14724323877624113
148,1378,1526,0.1472463797123975
147,1394,1541,0.14724969384663192
149,1379,1528,0.14725549600850357
144,1376,1520,0.14725475557273068
141,1373,1514,0.14726809644454206
139,1378,1517,0.14728824726748982
141,1384,1525,0.14731244690100448
142,1368,1510,0.14732901438116766
132,1358,1490,0.147341877770373
134,1367,1501,0.14738162196750543
140,1376,1516,0.14741359267071968
141,1380,1521,0.1474261922051039
141,1390,1531,0.14743466773087427
140,1377,1517,0.1474421482869766
143,1376,1519,0.14745160029549395
140,1367,1507,0.14745228070488486
136,1368,1504,0.1474601015256222
134,1375,1509,0.14747944679104766
134,1370,1504,0.14750273707615588
137,1374,1511,0.14752445707378697
142,1386,1528,0.1475367397440555
142,1391,1533,0.14753458535151628
143,1380,1523,0.1475322652845588
143,1379,1522,0.1475272591658518
139,1375,1514,0.1475226176984923
139,1384,1523,0.1475289792025068
139,1388,1527,0.1475344481963486
138,1390,1528,0.1475399334252025
140,1383,1523,0.14754823044711798
138,1377,1515,0.14755136208085987
139,1382,1521,0.14756070585313588
133,1387,1520,0.14756626533935563
130,1382,1512,0.1475870804856473
128,1388,1516,0.1476148688619196
132,1388,1520,0.14764611672531638
133,1388,1521,0.14766411373967978
133,1388,1521,0.14767860200317628
130,1399,1529,0.14769227754202938
127,1383,1510,0.14771252321994993
129,1381,1510,0.14773958868625023
125,1386,1511,0.14775982365920584
122,1379,1501,0.14778985246782753
119,1378,1497,0.14782609051717055
115,1383,1498,0.14786837630678515
117,1395,1512,0.1479190334016004
118,1393,1511,0.14796069409437224
122,1388,1510,0.1479963799808245
120,1390,1510,0.14801815724053832
120,1395,1515,0.14804435905852847
118,1398,1516,0.14806960336973976
118,1402,1520,0.14809877733819932
121,1394,1515,0.14812702324257487
122,1407,1529,0.14814497987520325
119,1410,1529,0.14815968863376974
119,1399,1518,0.14818202288385765
115,1390,1505,0.14820303709916563
116,1396,1512,0.14823355827015203
116,1397,1513,0.1482594441329144
114,1395,1509,0.14828375033197422
114,1395,1509,0.14831181113492134
114,1399,1513,0.1483381689898603
112,1393,1505,0.14836260899561357
111,1385,1496,0.1483906668168081
110,1408,1518,0.14842009646334414
106,1407,1513,0.14845067406463996
106,1405,1511,0.14849083800242582
110,1393,1503,0.14852793886666116
110,1410,1520,0.14855135340382092
109,1401,1510,0.148573327153347
107,1402,1509,0.14859747096103537
107,1400,1507,0.1486256701257325
104,1401,1505,0.14865196281328572
103,1400,1503,0.14868549679533544
104,1417,1521,0.1487196234301022
102,1408,1510,0.14874877660748784
102,1408,1510,0.1487819626890376
100,1421,1521,0.14881244804497984
101,1402,1503,0.1488475226219453
101,1402,1503,0.14887780471570305
100,1407,1507,0.14890650477400103
104,1405,1509,0.14893643302696127
103,1407,1510,0.14895354619234544
100,1419,1519,0.14897305800034605
99,1425,1524,0.14899966976476978
98,1410,1508,0.14902742030860042
93,1423,1516,0.14905658259739002
97,1416,1513,0.14909807746858983
98,1413,1511,0.1491263430900194
95,1410,1505,0.14914971926219625
96,1431,1527,0.1491796569723494
97,1420,1517,0.14920443752398055
98,1426,1524,0.14922540347479163
100,1431,1531,0.14924235418219337
99,1425,1524,0.14925243451076572
99,1421,1520,0.14926481518444926
100,1418,1518,0.14927672952685347
100,1411,1511,0.1492852703739606
99,1416,1515,0.1492933757137254
98,1422,1520,0.14930362600372693
98,1424,1522,0.14931595035695908
97,1419,1516,0.14932779683773162
98,1412,1510,0.1493417220123194
96,1403,1499,0.14935206470922716
97,1394,1491,0.14936727160532326
96,1394,1490,0.1493787880913629
97,1408,1505,0.1493922514156147
95,1401,1496,0.14940205853769456
99,1398,1497,0.14941690763621746
97,1407,1504,0.14941998604282478
98,1419,1517,0.1494291348331952
98,1420,1518,0.14943438960645727
98,1431,1529,0.1494394117970548
99,1422,1521,0.1494440773578418
101,1427,1528,0.14944562692293842
104,1430,1534,0.1494410310007213
102,1419,1521,0.14942847985604263
101,1413,1514,0.1494225730474934
100,1413,1513,0.14941942579441647
100,1413,1513,0.1494194763985887
101,1407,1508,0.14941935243881627
102,1409,1511,0.14941667199277572
105,1418,1523,0.14941110220696138
105,1416,1521,0.14939791447598758
106,1422,1528,0.14938559611196692
105,1417,1522,0.14937132411713172
107,1421,1528,0.14936058551024106
108,1417,1525,0.1493452245364651
103,1411,1514,0.1493280985866791
100,1401,1501,0.1493259654797309
103,1394,1497,0.14933177558633626
105,1399,1504,0.14932904283206017
102,1415,1517,0.14932090378090038
103,1417,1520,0.14932124615318076
102,1407,1509,0.14931881868425237
103,1421,1524,0.14931985464845446
102,1427,1529,0.1493181232424049
102,1412,1514,0.149319546234644
99,1420,1519,0.1493203474245986
98,1415,1513,0.1493291565536825
98,1422,1520,0.14934044554184553
99,1417,1516,0.14935091281912422
97,1413,1510,0.1493582139481127
100,1410,1510,0.14937042287360716
100,1403,1503,0.14937355937433378
101,1391,1492,0.14937582395041943
96,1403,1499,0.14937568764675657
93,1404,1497,0.14938939983545893
91,1421,1512,0.14941050749215015
95,1422,1517,0.14943582646412285
95,1415,1510,0.14944833561558352
93,1406,1499,0.14946068330975124
93,1404,1497,0.14947761537233353
93,1407,1500,0.14949307405132078
95,1414,1509,0.14950786320321746
94,1422,1516,0.14951586135145015
96,1411,1507,0.14952664880569716
95,1418,1513,0.149531143106048
92,1417,1509,0.14953800334814651
95,1427,1522,0.1495536667982568
92,1418,1510,0.14955929876461385
92,1415,1507,0.14957287742623326
91,1407,1498,0.14958541793851005
89,1428,1517,0.14960012165371658
89,1435,1524,0.14961918949333333
89,1430,1519,0.14963720903326252
87,1419,1506,0.14965400622082467
86,1413,1499,0.14967527981960416
85,1414,1499,0.1496978369215861
85,1429,1514,0.14972153305330843
87,1437,1524,0.14974346486760418
84,1426,1510,0.14975827319064056
86,1419,1505,0.14978044976904759
87,1434,1521,0.14979558756314218
85,1439,1524,0.14980592234187218
86,1431,1517,0.1498215337395953
85,1425,1510,0.14983332340100539
86,1425,1511,0.14984677459118761
87,1429,1516,0.1498564482491383
90,1431,1521,0.1498625777411557
88,1428,1516,0.14985982967309866
88,1433,1521,0.14986315630383631
89,1427,1516,0.14986621300610284
90,1432,1522,0.14986671252457007
87,1433,1520,0.14986443529764867
88,1425,1513,0.14987107524620036
89,1426,1515,0.14987446587628672
87,1420,1507,0.14987483873935875
85,1421,1506,0.14988121275944805
86,1432,1518,0.1498925118298341
85,1436,1521,0.14990042826609198
85,1432,1517,0.1499107083728005
85,1438,1523,0.14992014081261787
89,1446,1535,0.14992892458534685
90,1439,1529,0.14992565692964932
87,1428,1515,0.14991965845599955
89,1412,1501,0.14992294449671248
88,1419,1507,0.1499204344886009
87,1432,1519,0.1499210908564181
86,1437,1523,0.1499243877581828
87,1428,1515,0.14993035662468135
83,1425,1508,0.1499329425668411
84,1421,1505,0.14994645368505044
85,1412,1497,0.14995609739309976
88,1418,1506,0.1499623698040608
86,1418,1504,0.14995975524559882
86,1428,1514,0.1499630930630751
86,1415,1501,0.14996603414644777
89,1422,1511,0.1499687490170688
89,1426,1515,0.14996279113478764
88,1435,1523,0.14995738269192876
86,1432,1518,0.1499556534976554
88,1435,1523,0.14995991232371533
89,1434,1523,0.14995799414773525
89,1420,1509,0.1499535259485457
89,1428,1517,0.14994906539428376
88,1436,1524,0.14994490960155898
84,1430,1514,0.14994404759281516
87,1445,1532,0.14995434761386817
83,1434,1517,0.1499553051098539
84,1427,1511,0.14996749476853372
83,1421,1504,0.14997598372269708
83,1429,1512,0.14998667972961258
84,1431,1515,0.14999712554601272
82,1432,1514,0.1500039456496679
79,1429,1508,0.1500161529454921
78,1437,1515,0.15003653878719828
78,1452,1530,0.1500583853450759
76,1447,1523,0.15007849084592684
77,1441,1518,0.15010289457981046
78,1435,1513,0.15012274921910898
79,1445,1524,0.1501384419003591
80,1444,1524,0.1501500287647438
81,1426,1507,0.15015795050217612
82,1422,1504,0.15016307873659962
80,1423,1503,0.15016498336727427
78,1417,1495,0.15017250076476593
82,1429,1511,0.15018519602975783
84,1429,1513,0.15018539060922076
80,1445,1525,0.15017967789952086
79,1436,1515,0.15018608933738445
80,1437,1517,0.15019493555966432
80,1443,1523,0.1502002681749215
81,1439,1520,0.15020507800381794
80,1442,1522,0.15020673059217526
79,1443,1522,0.1502111442568584
80,1439,1519,0.15021812862115289
80,1443,1523,0.150221774367379
81,1441,1522,0.15022535826206712
78,1438,1516,0.15022582516287009
80,1442,1522,0.15023480761280678
80,1449,1529,0.15023733873942108
84,1438,1522,0.15023974376502758
81,1438,1519,0.15023069165147557
83,1439,1522,0.15023099504472823
78,1445,1523,0.15022554861452467
77,1433,1510,0.15023467578105434
78,1440,1518,0.15024590198663085
80,1443,1523,0.1502535147361258
80,1441,1521,0.15025498610461566
79,1432,1511,0.1502565082568777
81,1447,1528,0.15026109004671676
82,1434,1516,0.15025983009354016
82,1433,1515,0.15025568875530282
81,1436,1517,0.15025182931207645
81,1442,1523,0.15025113272737253
80,1448,1528,0.15025062513791554
79,1444,1523,0.15025319589514144
78,1441,1519,0.15025861802518192
78,1460,1538,0.15026655439731337
77,1456,1533,0.1502736720017285
76,1447,1523,0.15028351435617993
71,1444,1515,0.15029546752373274
71,1445,1516,0.15032069722288205
71,1435,1506,0.15034400484436328
68,1438,1506,0.1503653483186803
68,1438,1506,0.1503937318232986
73,1437,1510,0.15041995672907002
74,1437,1511,0.1504301656083879
71,1455,1526,0.15043666160348557
70,1454,1524,0.1504518606914449
70,1446,1516,0.1504690235460782
69,1450,1519,0.15048468928820283
71,1439,1510,0.15050212627104087
71,1451,1522,0.15051265349271278
71,1443,1514,0.15052251891780957
71,1446,1517,0.1505317198772338
72,1446,1518,0.1505401285618665
72,1453,1525,0.15054512590578026
75,1463,1538,0.150550039757364
73,1447,1520,0.15054626853426437
72,1450,1522,0.15054884248830244
74,1451,1525,0.15055376631932646
70,1452,1522,0.15055268325076474
69,1458,1527,0.15056327089507746
67,1449,1516,0.1505757790314796
66,1454,1520,0.15059289101979975
70,1453,1523,0.15061153133612248
71,1448,1519,0.1506170207206187
71,1449,1520,0.15061938894324503
70,1445,1515,0.15062144931924265
72,1440,1512,0.15062633815136064
70,1441,1511,0.15062482239843655
69,1443,1512,0.15062951509953704
72,1450,1522,0.15063663794521212
76,1451,1527,0.15063468866975652
74,1444,1518,0.150620901155684
76,1452,1528,0.15061385107650865
77,1448,1525,0.15060140212938813
73,1437,1510,0.15058681748904537
75,1437,1512,0.15058495380265755
76,1442,1518,0.1505771384952657
73,1432,1505,0.15056660422220206
73,1436,1509,0.15056547984951943
74,1434,1508,0.15056421215601637
74,1434,1508,0.15056004641300647
77,1450,1527,0.150556261967018
77,1446,1523,0.15054382780044698
75,1446,1521,0.15053214892979003
72,1447,1519,0.15052687639550869
72,1433,1505,0.15053062825301095
72,1463,1535,0.15053397034377158
71,1448,1519,0.15053672468936102
71,1439,1510,0.15054198137435001
71,1444,1515,0.15054683178386066
75,1440,1515,0.15055133023191491
76,1443,1519,0.15054374799586293
76,1439,1515,0.1505340120602763
78,1445,1523,0.15052497048923594
75,1434,1509,0.15051086457258855
77,1434,1511,0.15050651253581912
75,1439,1514,0.15049654597144893
75,1436,1511,0.1504930852697186
75,1438,1513,0.1504899028945966
76,1434,1510,0.15048692733369262
77,1439,1516,0.1504813760011138
76,1444,1520,0.15047318528699288
74,1447,1521,0.15046832492118256
75,1447,1522,0.15046954234602225
76,1432,1508,0.15046766837212058
74,1435,1509,0.1504630966480229
75,1446,1521,0.15046478111848724
72,1461,1533,0.1504634282273803
71,1460,1531,0.1504707776673521
73,1442,1515,0.15048047011033217
69,1448,1517,0.15048347639326906
73,1457,1530,0.150498123345707
75,1457,1532,0.15049988307477308
72,1445,1517,0.15049578493319685
72,1434,1506,0.15050078247346801
73,1437,1510,0.15050536007034454
72,1425,1497,0.15050669159921853
70,1433,1503,0.15051061472258948
71,1423,1494,0.1505199459784768
73,1439,1512,0.1505255434429361
71,1433,1504,0.15052491678782753
67,1441,1508,0.1505301676954538
64,1431,1495,0.15054669327294254
65,1448,1513,0.15057086944432302
69,1450,1519,0.1505905858063847
70,1458,1528,0.1505971562361134
68,1456,1524,0.1506003418063339
62,1435,1497,0.15060930318719545
62,1446,1508,0.1506354574975025
61,1445,1506,0.15065997009149573
62,1453,1515,0.15068579428659123
64,1459,1523,0.1507069739643108
65,1463,1528,0.1507204631053629
63,1462,1525,0.15072997291417115
63,1455,1518,0.15074490457629383
65,1452,1517,0.15075892365165905
65,1458,1523,0.15076611538092352
65,1450,1515,0.15077286145206986
66,1446,1512,0.15077921372718067
68,1447,1515,0.15078223436210597
66,1439,1505,0.150779147438303
65,1443,1508,0.1507822806323243
65,1434,1499,0.15078826085021224
64,1443,1507,0.15079385837875495
62,1448,1510,0.15080197883338742
62,1449,1511,0.15081555903025415
61,1440,1501,0.15082821183416617
63,1432,1495,0.1508433259516499
64,1440,1504,0.15085167065065824
62,1455,1517,0.15085675587877967
64,1443,1507,0.15086724554056022
63,1457,1520,0.150870986616237
58,1441,1499,0.15087739688777319
60,1453,1513,0.15089825210177116
61,1453,1514,0.15091179759032194
60,1446,1506,0.1509211993078938
62,1453,1515,0.15093284403004728
59,1453,1512,0.15093788789523954
60,1460,1520,0.15095153378211723
60,1458,1518,0.1509613634453787
59,1469,1528,0.15097044491256123
59,1465,1524,0.15098192942158795
58,1461,1519,0.15099278615658784
59,1459,1518,0.15100590968638275
63,1459,1522,0.15101498757464935
62,1464,1526,0.1510113187670733
61,1468,1529,0.15101107496390045
60,1466,1526,0.15101376117273105
61,1458,1519,0.15101924377946996
63,1457,1520,0.15102132855415007
62,1464,1526,0.15101729081812862
60,1460,1520,0.1510166028463091
60,1465,1525,0.1510219022224568
58,1472,1530,0.15102677690410055
56,1464,1520,0.15103715673074306
55,1456,1511,0.15105265828999437
55,1464,1519,0.15107010480121738
57,1474,1531,0.15108631574984258
56,1457,1513,0.15109563804567572
55,1463,1518,0.15110743964377726
56,1464,1520,0.1511214650049282
56,1457,1513,0.15113142486532316
58,1458,1516,0.1511406331858638
58,1462,1520,0.15114313327221265
60,1469,1529,0.15114559648003145
60,1453,1513,0.15114177048457955
59,1449,1508,0.15113801189650347
60,1460,1520,0.15113747082601015
59,1456,1515,0.1511340729302721
59,1447,1506,0.1511340431693527
56,1465,1521,0.1511340358743228
55,1457,1512,0.15114308523187892
55,1473,1528,0.15115451844077346
54,1483,1537,0.15116520789602325
52,1477,1529,0.15117824130663496
54,1477,1531,0.15119643606002636
56,1457,1513,0.1512074160973075
55,1461,1516,0.15121176542110842
56,1461,1517,0.1512188969636507
58,1467,1525,0.1512224697669647
61,1461,1522,0.15121974703339855
64,1456,1520,0.15120809144819908
63,1459,1522,0.15118818066253437
63,1460,1523,0.15117275359732388
63,1455,1518,0.15115837948048208
62,1462,1524,0.15114514264092585
62,1465,1527,0.15113567053874813
63,1470,1533,0.15112691905188008
59,1475,1534,0.1511160046579859
58,1456,1514,0.15111802789590453
59,1455,1514,0.15112294276962948
63,1454,1517,0.15112462208388164
65,1443,1508,0.15111419808404927
66,1456,1522,0.15109848788820063
64,1452,1516,0.1510806502336644
62,1462,1524,0.15107006408443077
59,1455,1514,0.15106621843543777
62,1455,1517,0.15107153634782067
63,1458,1521,0.15106748026217953
64,1451,1515,0.1510604824501475
60,1457,1517,0.15105084747389053
60,1459,1519,0.1510538662877396
61,1459,1520,0.1510566420179761
59,1469,1528,0.15105612212588387
58,1462,1520,0.15106166468898402
58,1454,1512,0.1510698363739369
58,1466,1524,0.15107759161176232
58,1469,1527,0.1510848445433946
53,1477,1530,0.15109145779200756
54,1461,1515,0.15111243249180578
54,1455,1509,0.151128903699232
56,1460,1516,0.1511441756698738
57,1469,1526,0.1511523664274935
56,1473,1529,0.15115689216483896
59,1478,1537,0.1511639857109666
57,1477,1534,0.15116150330318268
54,1479,1533,0.15116534879336657
55,1472,1527,0.1511778890104745
54,1456,1510,0.1511865154030229
53,1463,1516,0.1511976314506155
55,1472,1527,0.15121097906019476
55,1465,1520,0.15121733599022547
55,1463,1518,0.15122320349321056
56,1480,1536,0.1512286106049292
57,1462,1519,0.15123051087644498
58,1457,1515,0.15122932314544915
60,1448,1508,0.1512253923698643
60,1445,1505,0.15121564973923515
58,1445,1503,0.15120661314840736
56,1459,1515,0.1512042750313558
58,1462,1520,0.15120824392809978
59,1459,1518,0.15120595959143007
60,1458,1518,0.15120078106003304
61,1450,1511,0.1511928353867311
61,1447,1508,0.1511824605725784
60,1446,1506,0.15117279564285124
62,1444,1506,0.15116668960878463
63,1438,1501,0.15115507085813357
64,1446,1510,0.15114125132744285
65,1448,1513,0.1511253856415844
62,1441,1503,0.1511074962727519
61,1454,1515,0.15109987461900287
63,1457,1520,0.15109565486721319
62,1459,1521,0.15108563314277823
63,1453,1516,0.15107914200329392
63,1458,1521,0.15107016058178704
65,1456,1521,0.15106188784042918
63,1466,1529,0.1510480958706633
60,1463,1523,0.15104137533501505
58,1469,1527,0.1510440351941329
59,1472,1531,0.15105255576742202
59,1461,1520,0.15105750346463354
59,1462,1521,0.15106224236167823
59,1463,1522,0.15106668307195048
58,1458,1516,0.15107072589059148
57,1456,1513,0.15107766856098082
55,1455,1510,0.15108721031315622
54,1459,1513,0.15110217352031038
53,1464,1517,0.15111925000052748
53,1476,1529,0.1511383169003745
50,1468,1518,0.1511561697291792
51,1474,1525,0.15118181560361982
48,1465,1513,0.15120283391234454
50,1462,1512,0.15123158808857928
50,1466,1516,0.15125229634484594
49,1462,1511,0.1512717748048011
49,1460,1509,0.15129316552969235
49,1457,1506,0.15131320938424686
49,1452,1501,0.1513318541849058
49,1454,1503,0.1513492938334603
50,1460,1510,0.15136556961989547
51,1448,1499,0.15137775045422674
50,1451,1501,0.15138598969119924
50,1454,1504,0.1513967767091123
50,1455,1505,0.1514068467002249
51,1451,1502,0.15141627708167904
51,1434,1485,0.1514220275979263
52,1458,1510,0.1514274363348646
52,1464,1516,0.15142945577649664
51,1459,1510,0.1514313423415558
52,1469,1521,0.15143631903799368
53,1460,1513,0.1514380213609675
49,1477,1526,0.1514364504754765
51,1474,1525,0.1514471071512751
51,1484,1535,0.15145099415272414
49,1489,1538,0.15145469580290136
53,1474,1527,0.15146450214260868
52,1459,1511,0.15146136705605795
54,1470,1524,0.15146147310744904
54,1471,1525,0.1514554359750357
54,1475,1529,0.15144981474271768
53,1475,1528,0.15144453845753025
55,1467,1522,0.15144274867536578
56,1457,1513,0.15143493649251796
57,1461,1518,0.1514245367167422
58,1461,1519,0.151411714886474
60,1455,1515,0.15139670505665506
57,1463,1520,0.15137664368597187
55,1465,1520,0.15136695777343095
55,1463,1518,0.1513640311983534
56,1455,1511,0.15136128547303979
54,1460,1514,0.15135560032203565
55,1462,1517,0.15135633941189933
52,1462,1514,0.1513539087799113
51,1458,1509,0.15136092921519537
50,1451,1501,0.1513704991264031
50,1451,1501,0.15138247121271642
51,1452,1503,0.15139363612891488
51,1458,1509,0.15140093393996992
52,1456,1508,0.15140777615329004
52,1454,1506,0.15141115081671877
53,1467,1520,0.15141431048168552
51,1460,1511,0.15141415518417248
49,1463,1512,0.15142011666147062
51,1470,1521,0.1514317922344189
51,1470,1521,0.15143656441341583
51,1464,1515,0.15144105040323594
54,1470,1524,0.15144525512169554
52,1484,1536,0.15143999441559874
51,1485,1536,0.15144118489750655
49,1479,1528,0.1514453938506793
49,1483,1532,0.15145541841913335
50,1490,1540,0.15146479400344795
51,1476,1527,0.1514705056531436
51,1468,1519,0.15147268408166994
51,1463,1514,0.15147465127374105
51,1474,1525,0.15147654182053855
50,1469,1519,0.15147834952408853
51,1463,1514,0.15148315080796643
48,1465,1513,0.15148457018851857
49,1469,1518,0.15149517110400157
50,1478,1528,0.15150199920305651
51,1470,1521,0.15150536875706352
52,1485,1537,0.15150544310338523
51,1476,1527,0.15150242892597712
48,1458,1506,0.1515027578053423
47,1450,1497,0.1515121474808826
50,1461,1511,0.15152401419596886
53,1471,1524,0.1515259318125018
50,1469,1519,0.1515186397662424
51,1452,1503,0.1515212480242483
49,1457,1506,0.15152074665272608
49,1472,1521,0.15152655961999834
48,1468,1516,0.15153205199415157
47,1464,1511,0.15154030215007797
47,1464,1511,0.1515510746222965
46,1462,1508,0.1515611641769031
46,1454,1500,0.1515737230466092
47,1462,1509,0.15158548654118373
48,1473,1521,0.15159347541442794
49,1467,1516,0.15159795817753735
48,1469,1517,0.1515991566305427
49,1467,1516,0.15160337163727738
49,1464,1513,0.15160418968086536
49,1471,1520,0.15160496578589552
49,1470,1519,0.15160576139681428
51,1461,1512,0.15160657009664563
50,1467,1517,0.1516011398497548
50,1472,1522,0.15159921605643614
48,1470,1518,0.15159742487004013
47,1468,1515,0.15160189047534323
46,1468,1514,0.1516091675555412
46,1480,1526,0.15161896981937226
47,1466,1513,0.1516281640505177
47,1457,1504,0.1516336877329803
46,1463,1509,0.15163885580411035
49,1470,1519,0.15164675631958174
48,1464,1512,0.15164503872209537
45,1464,1509,0.15164652589548777
46,1456,1502,0.15165707827773045
46,1460,1506,0.15166389417036805
46,1463,1509,0.1516701782913605
47,1473,1520,0.15167615117304947
48,1469,1517,0.15167859211495657
48,1460,1508,0.15167782962436344
48,1458,1506,0.1516771613938747
49,1460,1509,0.15167640414879813
48,1461,1509,0.1516726287453097
48,1474,1522,0.15167211059248867
47,1477,1524,0.15167155138017013
48,1465,1513,0.1516741130506363
48,1457,1505,0.1516734516343453
49,1466,1515,0.15167284961920288
50,1472,1522,0.1516692900434596
50,1468,1518,0.15166285893900824
49,1470,1519,0.1516568601429645
49,1464,1513,0.15165426800380563
46,1466,1512,0.15165182700694152
48,1470,1518,0.15165866680202003
49,1464,1513,0.1516589167584919
51,1470,1521,0.1516561045256757
52,1457,1509,0.15164734770852856
50,1463,1513,0.15163617534728918
50,1468,1518,0.15163191302284343
50,1473,1523,0.15162789503892382
51,1471,1522,0.15162413356093038
51,1470,1521,0.1516174698199475
49,1473,1522,0.15161123152104736
52,1475,1527,0.15161146464501787
53,1465,1518,0.1516025909518439
51,1469,1520,0.15159125035780185
52,1474,1526,0.15158688032532966
51,1479,1530,0.15157973079108486
48,1479,1527,0.15157623910390158
46,1478,1524,0.15158211846267594
47,1465,1512,0.1515936303083744
46,1474,1520,0.15160130903133454
45,1472,1517,0.1516114841596668
46,1473,1519,0.15162411172230417
45,1464,1509,0.15163283316161139
44,1481,1525,0.15164411422788124
44,1468,1512,0.1516576932456263
44,1472,1516,0.1516703619921419
43,1475,1518,0.15168220584992875
43,1483,1526,0.15169635170637127
43,1477,1520,0.15170948442733642
43,1484,1527,0.15172173902156222
44,1482,1526,0.151733192342205
43,1479,1522,0.15174087243975706
43,1469,1512,0.15175119914812565
44,1466,1510,0.15176077586263928
42,1459,1501,0.15176660041479276
45,1465,1510,0.1517781924384324
45,1472,1517,0.15177974275773745
45,1466,1511,0.15178117926886434
44,1459,1503,0.15178252535245831
44,1460,1504,0.15178678049277347
43,1462,1505,0.15179072913477715
44,1463,1507,0.15179744299207149
46,1453,1499,0.1518006042409446
44,1463,1507,0.15179740558554555
45,1474,1519,0.15180057108007206
44,1459,1503,0.1518004609924181
46,1478,1524,0.15180341815724194
45,1483,1528,0.1517999787907831
44,1474,1518,0.1517998165663845
44,1479,1523,0.15180270981155708
46,1472,1518,0.1518054341301566
45,1477,1522,0.15180179928541307
44,1473,1517,0.15180152195816987
44,1466,1510,0.1518043209539932
42,1457,1499,0.15180696979735755
44,1457,1501,0.15181567667352247
45,1468,1513,0.15181763332783682
46,1468,1514,0.15181641038199584
45,1466,1511,0.15181216962805125
44,1458,1502,0.1518111887159818
43,1462,1505,0.15181332666818892
40,1458,1498,0.1518184750541258
41,1463,1504,0.15183255471636495
41,1460,1501,0.15184269142412016
38,1474,1512,0.15185223977932322
39,1473,1512,0.15187048576172038
40,1473,1513,0.15188445278317822
40,1477,1517,0.15189448082543427
41,1479,1520,0.15190390171257462
39,1482,1521,0.1519096730387936
38,1490,1528,0.1519212677112557
37,1486,1523,0.15193524521482218
37,1480,1517,0.151951517418742
37,1476,1513,0.1519667756177861
37,1488,1525,0.1519810790173251
37,1490,1527,0.1519944916218956
37,1479,1516,0.15200707184430604
37,1472,1509,0.15201887342475892
38,1476,1514,0.15202994166101313
40,1482,1522,0.15203724902334556
43,1488,1531,0.1520378669067429
42,1496,1538,0.1520291203123228
39,1474,1513,0.15202406395417328
40,1465,1505,0.15202870453332068
41,1448,1489,0.15202992113213767
43,1459,1502,0.152027968454836
44,1462,1506,0.15201999780400505
44,1454,1498,0.15200951906038188
44,1460,1504,0.15199976743256427
45,1473,1518,0.15199067353952075
44,1473,1517,0.15197905733810882
44,1472,1516,0.15197129942946885
44,1471,1515,0.15196411804096233
43,1479,1522,0.15195741567801263
43,1471,1514,0.15195424272189736
42,1469,1511,0.1519512353969369
40,1476,1516,0.15195146978437
39,1481,1520,0.15195776213569567
38,1500,1538,0.15196674395902068
38,1495,1533,0.15197817589236734
38,1498,1536,0.15198880744733054
37,1495,1532,0.1519987297698325
36,1496,1532,0.1520110480863235
36,1492,1528,0.1520256738306076
36,1489,1525,0.15203936924243197
37,1477,1514,0.15205220259002053
34,1465,1499,0.1520610869419455
36,1467,1503,0.15207878527330881
36,1471,1507,0.1520891711274751
38,1457,1495,0.15209889783617003
37,1472,1509,0.1521018433368271
37,1480,1517,0.15210774308334274
37,1490,1527,0.15211328803252383
37,1493,1530,0.15211850530357449
36,1489,1525,0.15212339437503541
36,1475,1511,0.15213108856125868
36,1499,1535,0.15213826643202819
37,1489,1526,0.1521449741511962
36,1486,1522,0.15214808790342169
35,1481,1516,0.1521541851837732
37,1485,1522,0.15216298075326748
37,1465,1502,0.15216500522398957
34,1466,1500,0.15216690825858806
34,1471,1505,0.15217805774025076
34,1476,1510,0.15218847010651612
35,1472,1507,0.15219821965971295
35,1468,1503,0.15220425390401804
36,1475,1511,0.1522099304000475
36,1472,1508,0.15221212955301486
36,1481,1517,0.152214210941768
34,1479,1513,0.1522161725278652
33,1483,1516,0.15222432011828363
30,1475,1505,0.15223503975364414
30,1482,1512,0.15225438274915495
31,1489,1520,0.15227250054144728
30,1486,1516,0.1522863742404771
30,1494,1524,0.1523025316396611
29,1482,1511,0.15231768494432235
29,1488,1517,0.15233502459563641
29,1478,1507,0.15235129305825218
29,1483,1512,0.15236655759278112
29,1491,1520,0.15238086747341828
29,1488,1517,0.15239434054884396
27,1487,1514,0.15240699932603513
26,1490,1516,0.15242513444594322
26,1475,1501,0.15244524619691105
27,1495,1522,0.15246409699500296
27,1494,1521,0.15247865041015216
27,1501,1528,0.15249232369640697
26,1501,1527,0.1525051653316081
26,1506,1532,0.1525204087855943
26,1502,1528,0.15253469004909992
28,1500,1528,0.1525480925427408
29,1501,1530,0.152554358077349
28,1496,1524,0.15255712441974617
30,1499,1529,0.15256290265391945
30,1509,1539,0.15256205312095816
27,1493,1520,0.15256127982708415
28,1494,1522,0.15256997989104037
26,1490,1516,0.1525750166214361
27,1482,1509,0.15258602542955899
28,1484,1512,0.15259322144884724
29,1490,1519,0.15259684543935795
28,1482,1510,0.15259712885399182
28,1477,1505,0.15260049896156105
24,1481,1505,0.1526036688986352
23,1488,1511,0.15261922713210527
23,1491,1514,0.152636959956184
23,1483,1506,0.15265359526934252
25,1495,1520,0.1526692083543731
25,1501,1526,0.15267752999749218
24,1491,1515,0.15268539723391109
25,1493,1518,0.15269588922078772
24,1498,1522,0.15270263867143277
22,1494,1516,0.15271218430225822
23,1495,1518,0.15272740897342887
24,1484,1508,0.15273852124716988
24,1488,1512,0.15274581111483268
27,1497,1524,0.15275267128336234
25,1494,1519,0.15274962491275595
25,1486,1511,0.15275308614452274
25,1491,1516,0.1527563293558411
26,1485,1511,0.15275937516655597
26,1498,1524,0.15275909858645711
27,1506,1533,0.1527588631227641
27,1489,1516,0.1527555144005282
27,1494,1521,0.15275239032733443
26,1489,1515,0.1527494753075762
26,1483,1509,0.1527498877311508
27,1483,1510,0.15275028610888555
28,1475,1503,0.1527475044060499
28,1477,1505,0.1527417694983603
29,1476,1505,0.15273641538278224
27,1488,1515,0.15272827121586158
27,1492,1519,0.1527270000578553
25,1489,1514,0.1527257722607484
25,1494,1519,0.1527309211135466
26,1483,1509,0.15273578696936965
24,1483,1507,0.15273716582043217
25,1491,1516,0.1527447551398858
25,1489,1514,0.152748686866977
28,1485,1513,0.15275237787310442
29,1493,1522,0.15274639535584683
28,1502,1530,0.152737682532478
26,1502,1528,0.1527326764816122
26,1507,1533,0.15273432584163837
26,1496,1522,0.15273584841125043
25,1482,1507,0.15273727013435642
27,1473,1500,0.15274176320288246
27,1476,1503,0.1527396955625001
26,1484,1510,0.15273787392983798
27,1489,1516,0.15273932641025978
25,1484,1509,0.1527375716784454
25,1498,1523,0.15274222268029952
25,1496,1521,0.15274658914729308
25,1495,1520,0.1527507110156739
24,1495,1519,0.1527546070994972
24,1474,1498,0.15276141930267045
25,1477,1502,0.1527677763986874
27,1484,1511,0.15277058173621758
26,1481,1507,0.15276696346805974
25,1488,1513,0.15276687360215366
24,1491,1515,0.1527699821391853
24,1490,1514,0.15277610496261987
24,1487,1511,0.15278188061672998
25,1487,1512,0.15278732837383932
24,1495,1519,0.15278933111556653
24,1491,1515,0.1527943541942066
25,1498,1523,0.15279907266716708
25,1492,1517,0.15280036297749525
23,1494,1517,0.1528015733307693
24,1483,1507,0.15280911407226475
25,1489,1514,0.1528131029548813
24,1495,1519,0.15281382867832782
25,1497,1522,0.1528176608035417
25,1505,1530,0.15281809370397872
23,1504,1527,0.152818519474523
23,1505,1528,0.15282530063483005
21,1509,1530,0.15283167726615018
21,1500,1521,0.1528439301728555
20,1502,1522,0.1528553739371602
20,1497,1517,0.152869190111769
19,1490,1509,0.15288212203186125
18,1494,1512,0.15289736426209288
19,1515,1534,0.1529148192613796
18,1513,1531,0.15292811269554746
19,1521,1540,0.15294383404070738
18,1503,1521,0.15295557298415685
18,1501,1519,0.15296975668145726
19,1503,1522,0.15298307924077684
19,1502,1521,0.15299250760622557
17,1503,1520,0.15300139446903394
15,1495,1510,0.15301608286412732
16,1487,1503,0.1530361066948938
16,1489,1505,0.153051750152984
16,1488,1504,0.15306643091537545
15,1491,1506,0.1530802178750102
15,1511,1526,0.15309627472136106
15,1514,1529,0.15311133939355803
15,1516,1531,0.1531254741855291
16,1513,1529,0.15313874207957084
15,1511,1526,0.1531480757859221
15,1526,1541,0.15315996548698935
15,1520,1535,0.15317112146406658
14,1524,1538,0.15318155216631188
16,1506,1522,0.15319446068126744
16,1507,1523,0.15320030100019413
16,1511,1527,0.15320584470214155
16,1512,1528,0.15321107566956493
16,1514,1530,0.1532160053427139
14,1521,1535,0.15322064812826566
14,1505,1519,0.15323129351328693
13,1512,1525,0.15324124208752635
13,1524,1537,0.15325370088047527
12,1514,1526,0.15326533662006417
12,1517,1529,0.1532793662464474
13,1515,1528,0.15329252047915484
12,1511,1523,0.15330163401717967
13,1515,1528,0.1533133264970528
14,1511,1525,0.15332108695448615
14,1504,1518,0.15332520064809485
14,1508,1522,0.15332908265879047
14,1506,1520,0.15333273926202362
14,1499,1513,0.15333618015003408
14,1497,1511,0.153339416653066
14,1512,1526,0.1533424602387806
14,1504,1518,0.15334532204410603
13,1505,1518,0.1533480127118873
12,1504,1516,0.15335370794690933
12,1513,1525,0.1533621962151608
12,1517,1529,0.15337015752490912
12,1503,1515,0.15337762527933527
13,1495,1508,0.15338463162881638
12,1486,1498,0.15338802860736347
13,1495,1508,0.15339444349888123
13,1504,1517,0.15339731541741308
12,1497,1509,0.15340003168888497
12,1507,1519,0.15340578048582781
11,1516,1527,0.15341119463313047
12,1514,1526,0.1534195140242881
12,1510,1522,0.15342415109511826
12,1504,1516,0.15342851623069798
12,1512,1524,0.1534326303807473
12,1517,1529,0.15343650740886547
12,1517,1529,0.1534401597448558
12,1523,1535,0.1534435992752349
12,1520,1532,0.1534468374793061
12,1524,1536,0.15344988542267765
12,1518,1530,0.1534527537287441
12,1521,1533,0.15345545255655949
12,1515,1527,0.1534579915895933
12,1505,1517,0.1534603800339416
12,1515,1527,0.15346262662364868
12,1517,1529,0.15346473963109397
12,1516,1528,0.1534667268808699
12,1516,1528,0.1534685957659757
11,1505,1516,0.15347035326545755
10,1498,1508,0.1534751858131373
11,1499,1510,0.15348296941442816
10,1507,1517,0.15348713942760753
10,1520,1530,0.1534942218955715
10,1508,1518,0.15350087923105657
11,1506,1517,0.15350713305598077
11,1509,1520,0.15350985330596179
10,1499,1509,0.1535124211720422
10,1503,1513,0.15351799677682404
11,1505,1516,0.1535232360086211
11,1517,1528,0.1535249937774636
11,1522,1533,0.15352667668627176
10,1517,1527,0.15352827698989835
10,1519,1529,0.15353293261089387
10,1515,1525,0.15353729802604957
10,1499,1509,0.15354139084819815
10,1500,1510,0.15354523115628013
10,1497,1507,0.15354883622577345
11,1499,1510,0.15355222149276623
12,1516,1528,0.15355222050647846
12,1503,1515,0.15354909198294492
15,1517,1532,0.15354620553096893
15,1515,1530,0.1535340091682425
14,1520,1534,0.1535226352335992
14,1512,1526,0.15351516196391837
13,1507,1520,0.15350812755798754
14,1497,1511,0.15350467684530503
15,1492,1507,0.15349823604967253
15,1504,1519,0.15348901244373372
14,1502,1516,0.1534803594344419
13,1500,1513,0.1534754127485327
12,1497,1509,0.1534739106543649
14,1496,1510,0.15347561133092427
15,1502,1517,0.15347086594986753
16,1499,1515,0.153463265208833
16,1506,1522,0.153453020945883
15,1496,1511,0.15344346324549463
15,1501,1516,0.15343767499422692
15,1501,1516,0.1534322521066265
16,1513,1529,0.15342717443738077
16,1512,1528,0.15341925006832605
15,1516,1531,0.15341181882809893
14,1502,1516,0.153407956054557
14,1495,1509,0.15340742784828326
14,1492,1506,0.15340690674657748
15,1497,1512,0.15340639628296115
16,1491,1507,0.15340275542654902
16,1487,1503,0.15339621741397144
16,1505,1521,0.15339009291604044
17,1512,1529,0.15338435454338697
18,1503,1521,0.15337583129317747
17,1497,1514,0.15336475299454225
16,1505,1521,0.1533575010479424
16,1502,1518,0.15335384883627864
16,1496,1512,0.15335041602790106
15,1495,1510,0.1533471837641506
15,1488,1503,0.153347271118684
14,1500,1514,0.15334734001497666
14,1499,1513,0.1533505146034528
14,1495,1509,0.15335347637539326
16,1495,1511,0.15335623791717928
16,1493,1509,0.15335259343018526
15,1500,1515,0.15334921028534207
15,1504,1519,0.15334916119310316
15,1483,1498,0.15334910879857191
15,1491,1506,0.15334905207770738
15,1498,1513,0.15334901610970342
15,1499,1514,0.15334897287128388
16,1507,1523,0.15334892858836052
17,1505,1522,0.15334575633861722
17,1514,1531,0.15333970307024558
14,1500,1514,0.15333406681624168
15,1495,1510,0.1533381264813499
16,1496,1512,0.1533387631656949
17,1506,1523,0.15333623287938217
17,1499,1516,0.15333073783350276
17,1491,1508,0.15332565596236056
15,1499,1514,0.15332091879737575
13,1484,1497,0.1533227521733251
13,1488,1501,0.1533306566753192
13,1498,1511,0.15333799545910193
13,1490,1503,0.15334484816607444
12,1492,1504,0.15335125558940813
13,1498,1511,0.15336037169301642
15,1497,1512,0.153365785719994
15,1505,1520,0.15336454413791797
15,1508,1523,0.15336343885192258
14,1509,1523,0.1533624287629271
15,1518,1533,0.15336463382960352
15,1507,1522,0.15336350868573248
16,1499,1515,0.15336250146707445
17,1502,1519,0.15335845698042275
17,1497,1514,0.15335157248481515
17,1502,1519,0.15334515176720345
14,1503,1517,0.1533391557168784
13,1507,1520,0.15334292683845457
13,1507,1520,0.1533495863916181
13,1505,1518,0.1533557691094866
14,1486,1500,0.1533615388299425
14,1481,1495,0.15336375620832235
15,1481,1496,0.1533658437074725
15,1489,1504,0.15336465333965973
16,1492,1508,0.15336354425390364
16,1496,1512,0.1533593765948433
15,1510,1525,0.1533555373006924
15,1514,1529,0.15335508599066025
14,1514,1528,0.1533546653783552
16,1499,1515,0.1533573956311929
16,1493,1509,0.15335364185036426
16,1491,1507,0.15335017542224416
16,1489,1505,0.15334694790003947
15,1500,1515,0.1533439340984546
15,1498,1513,0.15334422337253653
14,1492,1506,0.15334448844953652
14,1502,1516,0.15334783943343638
14,1503,1517,0.15335096092525471
13,1505,1518,0.15335387057254515
12,1502,1514,0.15335974457891743
12,1501,1513,0.15336838338403858
12,1496,1508,0.15337645805370015
12,1501,1513,0.1533840118010183
12,1514,1526,0.15339108513991256
12,1517,1529,0.15339771324104284
11,1519,1530,0.15340392746631504
10,1515,1525,0.15341292823796795
10,1505,1515,0.15342450521139242
10,1494,1504,0.15343535787830678
10,1513,1523,0.1534455391056829
10,1518,1528,0.15345509311558364
9,1515,1524,0.1534640606398766
9,1516,1525,0.1534756446925605
9,1525,1534,0.15348650128443506
9,1510,1519,0.1534966839348289
9,1514,1523,0.15350624019114162
10,1511,1521,0.15351521176478658
10,1501,1511,0.15352046809034106
10,1498,1508,0.15352541138430745
10,1504,1514,0.15353006038892802
9,1499,1508,0.1535344328834662
9,1506,1515,0.153541722199162
9,1512,1521,0.15354855234416412
8,1502,1510,0.15355495819141768
7,1507,1514,0.15356415334379875
7,1508,1515,0.15357599000938915
6,1520,1526,0.1535871217607073
6,1503,1509,0.15360080779436455
6,1505,1511,0.15361363177918014
6,1500,1506,0.15362566845302592
6,1502,1508,0.15363697092266246
6,1509,1515,0.1536475866129553
6,1519,1525,0.15365755906938453
6,1524,1530,0.1536669286352825
6,1506,1512,0.15367573283057975
6,1526,1532,0.1536840066221771
6,1520,1526,0.15369178264373054
6,1525,1531,0.1536990913851682
6,1528,1534,0.15370596136018905
6,1518,1524,0.1537124192558829
7,1525,1532,0.15371849006715316
8,1526,1534,0.15372098667867795
8,1518,1526,0.15372012542810512
8,1516,1524,0.15371932373510158
8,1517,1525,0.1537185799183858
8,1515,1523,0.15371788996751296
8,1495,1503,0.15371724926392688
8,1515,1523,0.1537166534941038
8,1522,1530,0.15371609878563294
7,1524,1531,0.15371558169702515
7,1520,1527,0.15371830165366107
8,1515,1523,0.15372086202026336
8,1516,1524,0.15372008403425572
9,1521,1530,0.15371936013360363
10,1517,1527,0.15371547860729945
10,1513,1523,0.15370863858123798
10,1509,1519,0.15370228872818317
10,1508,1518,0.15369635823831929
10,1522,1532,0.153690809095947
10,1502,1512,0.15368561140951736
10,1499,1509,0.1536807395892014
10,1509,1519,0.153676170914626
11,1503,1514,0.15367188484919772
11,1505,1516,0.1536646792252102
11,1511,1522,0.15365791854019148
10,1511,1521,0.1536515751285495
11,1505,1516,0.1536487732173673
11,1494,1505,0.15364297827149578
11,1505,1516,0.15363754103435412
11,1515,1526,0.15363243673928673
11,1508,1519,0.15362764440622811
12,1519,1531,0.15362314427213858
12,1505,1517,0.15361577136026355
12,1505,1517,0.15360886136994836
12,1511,1523,0.15360238251441127
12,1503,1515,0.1535963050019544
12,1490,1502,0.1535906018824703
13,1503,1516,0.15358524861088454
12,1510,1522,0.1535770416277485
11,1521,1532,0.1535724760035894
11,1523,1534,0.15357134612667664
10,1521,1531,0.15357025446570105
10,1513,1523,0.1535723504985852
10,1515,1525,0.153574298252242
10,1508,1518,0.15357611236752866
10,1500,1510,0.15357780427863002
9,1501,1510,0.15357938405253801
9,1502,1511,0.1535840236980935
9,1509,1518,0.15358837298009811
10,1511,1521,0.15359244974384217
10,1506,1516,0.15359310163778425
10,1508,1518,0.15359371453725681
10,1504,1514,0.15359429074115488
10,1503,1513,0.15359483307788346
9,1493,1502,0.15359534360965965
9,1513,1522,0.15359899049877163
8,1509,1517,0.15360245913886494
8,1513,1521,0.1536088442588973
8,1514,1522,0.1536148243148998
8,1515,1523,0.15362042794241537
8,1502,1510,0.15362568232693793
8,1510,1518,0.15363061157576083
7,1505,1512,0.1536352374401766
7,1507,1514,0.15364277045282645
7,1519,1526,0.1536498469776527
7,1520,1527,0.15365648993594896
7,1506,1513,0.15366272684088467
6,1515,1521,0.15366858368433584
6,1506,1512,0.15367727748162724
6,1520,1526,0.15368544616297383
6,1525,1531,0.1536931171014933
5,1507,1512,0.15370032152734406
5,1510,1515,0.15371028142296772
5,1508,1513,0.15371964003381014
6,1520,1526,0.15372843223038107
6,1507,1513,0.15373349177409756
6,1513,1519,0.1537382474828159
5,1508,1513,0.15374271808632545
4,1490,1494,0.1537501163152227
4,1498,1502,0.15376029606083721
3,1508,1511,0.1537698653047013
3,1505,1508,0.15378206786048285
4,1501,1505,0.1537935368376229
4,1514,1518,0.15380109449194188
4,1519,1523,0.15380819657349656
4,1520,1524,0.1538148697869607
4,1521,1525,0.15382114161184576
4,1513,1517,0.1538270370488431
4,1523,1527,0.15383257919682713
4,1508,1512,0.15383778955310967
4,1508,1512,0.15384268819774335
4,1509,1513,0.15384729392764823
4,1518,1522,0.15385162436303537
4,1519,1523,0.15385569603610347
4,1513,1517,0.15385952446755113
5,1512,1517,0.15386312423430906
6,1526,1532,0.15386328217003162
6,1521,1527,0.15386021703189304
5,1512,1517,0.15385734244930255
5,1517,1522,0.1538578682268138
5,1513,1518,0.15385836756917576
5,1499,1504,0.15385884233660804
5,1508,1513,0.15385929217734431
5,1513,1518,0.15385971737267343
5,1495,1500,0.1538601186700161
5,1493,1498,0.15386049704833027
5,1482,1487,0.1538608535873216
5,1501,1506,0.15386118939792343
4,1508,1512,0.1538615055845163
4,1502,1506,0.15386502737317337
4,1505,1509,0.1538683414003864
4,1507,1511,0.1538714533012231
4,1497,1501,0.15387437538213455
4,1512,1516,0.15387711966481393
5,1515,1520,0.15387969737765686
5,1521,1526,0.153878887079155
5,1512,1517,0.1538781308572864
5,1509,1514,0.1538774278462042
5,1488,1493,0.15387677269680733
5,1483,1488,0.1538761610941194
5,1492,1497,0.15387556490161183
5,1501,1506,0.1538750281264763
5,1505,1510,0.1538745376971798
5,1501,1506,0.1538740844922237
4,1494,1498,0.15387366332972657
4,1499,1503,0.1538764825214766
4,1522,1526,0.15387913580636042
4,1517,1521,0.15388162920768944
4,1509,1513,0.1538839711934406
4,1506,1510,0.15388617084889775
3,1498,1501,0.15388823698349935
3,1494,1497,0.15389339607890637
3,1502,1505,0.15389824723797207
3,1500,1503,0.15390280323464378
4,1501,1505,0.1539070821984044
3,1512,1515,0.15390787570505127
3,1528,1531,0.15391184161619667
3,1513,1516,0.153915573393274
3,1531,1534,0.15391907980821432
3,1526,1529,0.1539223743451666
3,1527,1530,0.15392547015983582
3,1529,1532,0.1539283795961549
4,1518,1522,0.1539311141743496
4,1523,1527,0.15393044812260365
4,1518,1522,0.1539298289131753
3,1513,1516,0.15392925585574158
3,1502,1505,0.15393195180601055
3,1510,1513,0.15393449350122843
3,1522,1525,0.15393688233378705
3,1517,1520,0.15393912682964012
3,1526,1529,0.15394123575100754
3,1515,1518,0.15394321743569303
3,1509,1512,0.1539450797263357
3,1511,1514,0.15394682997378267
3,1513,1516,0.15394847505845116
3,1515,1518,0.15395002141761382
3,1513,1516,0.1539514750743243
3,1502,1505,0.1539528416659933
3,1511,1514,0.15395412647160145
3,1512,1515,0.15395533443707943
3,1520,1523,0.15395647019870698
3,1521,1524,0.15395753810456803
3,1511,1514,0.15395854223419203
3,1519,1522,0.1539594864165463
3,1521,1524,0.15396037424655143
3,1531,1534,0.1539612091002792
3,1526,1529,0.15396199414897713
3,1525,1528,0.15396273237204453
3,1531,1534,0.15396342656906747
3,1510,1513,0.15396407937100576
3,1521,1524,0.15396469325061063
3,1526,1529,0.15396527053214168
3,1520,1523,0.1539658134004434
3,1517,1520,0.15396632390943193
3,1505,1508,0.1539668039900385
3,1510,1513,0.15396725545765058
3,1508,1511,0.1539676648709927
3,1522,1525,0.15396806507678226
2,1530,1532,0.1539684444050409
2,1516,1518,0.15397204928392974
1,1513,1514,0.15397542466684705
1,1518,1519,0.15398184957034747
1,1524,1525,0.1539878760843598
1,1505,1506,0.1539935322077333
1,1500,1501,0.15399884390425156
1,1516,1517,0.15400383376340124
1,1507,1508,0.15400852232413734
0,1525,1525,0.15401292853435902
