1364,28,1392,0.13584006638454127
1393,32,1425,0.13302931985502192
1406,33,1439,0.13038355976943955
1429,33,1462,0.12793496168090923
1432,33,1465,0.12564070372106248
1438,34,1472,0.12354139143794725
1442,34,1476,0.1216121101435793
1446,35,1481,0.11984371142061341
1443,36,1479,0.11822267569342201
1443,35,1478,0.11675295537190773
1455,35,1490,0.11541409330206914
1456,35,1491,0.1141647265575136
1474,35,1509,0.11302358701905703
1472,36,1508,0.1119414909533323
1469,36,1505,0.11096092431520375
1455,35,1490,0.11007509174003786
1464,34,1498,0.10930002393372479
1461,33,1494,0.10857340653816178
1458,34,1492,0.10791851004444858
1457,36,1493,0.10732887354069127
1459,36,1495,0.10679424364584385
1465,34,1499,0.10630254497707887
1453,33,1486,0.10584112452191141
1450,34,1484,0.1054472697837455
1466,33,1499,0.10509512655244688
1464,31,1495,0.10473855029112614
1456,31,1487,0.10441834935247664
1457,30,1487,0.10414388352659526
1455,31,1486,0.10389221808707974
1459,31,1490,0.10366699493460992
1470,29,1499,0.10345326453768071
1457,32,1489,0.10323494184521534
1451,33,1484,0.10306387940849379
1443,34,1477,0.10292101578607017
1439,34,1473,0.10280839200002954
1458,34,1492,0.10271448687456122
1467,35,1502,0.10258809574529142
1459,35,1494,0.10245309845493068
1462,35,1497,0.1023473573244633
1454,34,1488,0.10224513625772648
1449,35,1484,0.10216905253477432
1435,36,1471,0.10211054668930776
1448,35,1483,0.10208744631884524
1438,34,1472,0.10203878738992607
1441,36,1477,0.10201567119367982
1453,34,1487,0.10198833567816187
1464,33,1497,0.1019375747958322
1468,33,1501,0.10186757469492537
1457,34,1491,0.10179545987858571
1465,36,1501,0.10175343199001043
1461,36,1497,0.1016977924010514
1480,37,1517,0.1016554722288879
1473,40,1513,0.10157620723933268
1470,39,1509,0.1015190894278907
1467,39,1506,0.10147394783959358
1469,40,1509,0.10143923738847721
1465,41,1506,0.10140342913570707
1452,41,1493,0.1013792537992075
1445,41,1486,0.1013848337974837
1440,43,1483,0.10140472132528507
1440,43,1483,0.10143349714117512
1439,43,1482,0.10146002612209613
1437,46,1483,0.10148674891133659
1435,48,1483,0.10151527376619043
1441,48,1489,0.10154584842201221
1442,47,1489,0.10156065170324524
1434,47,1481,0.10157195810304412
1446,46,1492,0.10159926438811626
1449,46,1495,0.10159889112688908
1447,46,1493,0.10159207670372812
1458,46,1504,0.10159014038838667
1448,46,1494,0.10156474763712194
1451,44,1495,0.10156304586044808
1455,44,1499,0.10155530324999998
1460,45,1505,0.1015395297912882
1464,45,1509,0.1015149566019117
1459,46,1505,0.10148370392155172
1455,45,1500,0.10146614230601553
1457,44,1501,0.10145843528849227
1461,44,1505,0.10144728348266067
1450,44,1494,0.10142871105976287
1445,44,1489,0.10143495844410726
1448,41,1489,0.10145123774267707
1454,40,1494,0.10145967975226369
1463,38,1501,0.1014544569715671
1465,38,1503,0.10143060750955772
1458,41,1499,0.10140455816749329
1458,40,1498,0.10139616274029244
1454,39,1493,0.10138815774716115
1464,39,1503,0.10138923845444392
1456,41,1497,0.10136858887034737
1448,45,1493,0.10136651768991982
1463,44,1507,0.10138168245888314
1449,42,1491,0.10136387232116452
1446,42,1488,0.10137800905820725
1460,43,1503,0.1013970660893775
1466,42,1508,0.10138465270915241
1458,42,1500,0.1013601875380295
1454,40,1494,0.10135576848048863
1455,39,1494,0.1013600339597475
1443,40,1483,0.10136173841580948
1448,42,1490,0.10138840775381056
1437,42,1479,0.10140255009785981
1455,42,1497,0.10143920868874436
1461,39,1500,0.10143394996602396
1450,41,1491,0.10141627643766181
1450,40,1490,0.1014234267950145
1445,41,1486,0.10143009000580548
1441,38,1479,0.10144699476751295
1435,38,1473,0.10147094092607713
1435,40,1475,0.10150554677631834
1435,39,1474,0.10153730406246972
1448,40,1488,0.101566309338979
1451,42,1493,0.1015648855716697
1450,43,1493,0.10155766073581855
1455,42,1497,0.10155251405159865
1449,41,1490,0.10153695335994374
1442,41,1483,0.10153565687180961
1443,43,1486,0.10154954692579675
1449,43,1492,0.10156007793615818
1441,42,1483,0.10155680874549153
1447,42,1489,0.1015706723895833
1463,42,1505,0.10157061898814916
1466,40,1506,0.1015359975441229
1463,42,1505,0.10149769053728187
1455,43,1498,0.1014696387469654
1444,44,1488,0.10146152957958102
1451,44,1495,0.10147731115617326
1451,42,1493,0.10147707908984226
1464,44,1508,0.10147669244044367
1454,42,1496,0.10144850627545601
1442,42,1484,0.10144381755010524
1450,41,1491,0.10146544223520827
1447,42,1489,0.10146821231789549
1455,41,1496,0.10147700014388722
1441,42,1483,0.10146813060375795
1454,43,1497,0.10149020321009802
1452,41,1493,0.10148267878577329
1451,44,1495,0.10148070222681461
1457,43,1500,0.10148078859349365
1458,42,1500,0.10146792659675327
1458,42,1500,0.10145363858311168
1460,45,1505,0.10144071413823173
1443,47,1490,0.10142496448557577
1437,46,1483,0.10144705248065314
1440,46,1486,0.10147952251723705
1440,46,1486,0.10150301430561962
1438,47,1485,0.10152462889442884
1429,47,1476,0.10154841249570773
1437,48,1485,0.10158886088259482
1439,47,1486,0.10160917175047292
1441,49,1490,0.10162284290921289
1443,48,1491,0.10163076014657452
1434,48,1482,0.10163291251455654
1446,45,1491,0.10165460833810128
1439,45,1484,0.1016491357362251
1452,43,1495,0.10165906035025658
1421,42,1463,0.10164081173133263
1435,44,1479,0.10169075440791144
1442,48,1490,0.10170644009820069
1442,47,1489,0.10170521972625089
1445,48,1493,0.10170366782800068
1449,47,1496,0.1016962151656288
1454,48,1502,0.10168092300172639
1447,47,1494,0.10165608723566827
1451,47,1498,0.10164843731412354
1434,50,1484,0.10163356726532019
1433,53,1486,0.10165662498075548
1444,54,1498,0.10167978187104902
1442,53,1495,0.10167745890275304
1433,54,1487,0.10167962264973188
1441,56,1497,0.10170063053329585
1444,54,1498,0.1017023096695285
1437,56,1493,0.1016981030248127
1435,55,1490,0.10170949666940554
1434,56,1490,0.10172398892076648
1429,57,1486,0.10173914951410738
1435,54,1489,0.10176347466829512
1439,55,1494,0.10177285063009474
1433,55,1488,0.10177267261521657
1430,59,1489,0.10178592639111789
1426,59,1485,0.10180456257649727
1418,61,1479,0.10182976327543791
1418,61,1479,0.10187013969521157
1409,59,1468,0.101906692465236
1415,58,1473,0.1019590575584024
1430,61,1491,0.10199413036396693
1434,61,1495,0.10199402582981933
1439,60,1499,0.10198544359588514
1435,62,1497,0.1019670149054086
1428,64,1492,0.10195871181609455
1436,65,1501,0.10196584450578441
1428,62,1490,0.10195560283847663
1422,61,1483,0.10196305636038354
1430,61,1491,0.10198263088431361
1432,61,1493,0.10198359799875875
1432,60,1492,0.1019799639593165
1440,58,1498,0.10197647464366359
1452,58,1510,0.10195618220489056
1457,54,1511,0.10191222756668118
1441,55,1496,0.10186119326797631
1438,54,1492,0.10184939157884125
1442,53,1495,0.10184498846172796
1437,49,1486,0.10183160051676615
1441,51,1492,0.10183015242031988
1430,51,1481,0.10182047294479192
1442,51,1493,0.10183479735642656
1430,53,1483,0.10182269062999959
1423,53,1476,0.10183750769697399
1419,52,1471,0.10186589868673006
1433,50,1483,0.10189943623558552
1450,50,1500,0.101899996511286
1451,51,1502,0.10186423449567644
1428,50,1478,0.10182942670350982
1426,52,1478,0.10184643988140181
1412,53,1465,0.10186688694294534
1404,51,1455,0.10191555883527605
1412,49,1461,0.10197734699461997
1444,49,1493,0.102016550274757
1449,52,1501,0.10198341349871665
1441,54,1495,0.10194238907617273
1435,53,1488,0.10192211521726023
1430,52,1482,0.10191671649313992
1435,52,1487,0.10192243930913075
1423,52,1475,0.1019171953660642
1435,49,1484,0.10193844976774656
1421,50,1471,0.10193230535776468
1433,54,1487,0.10195663388042923
1441,53,1494,0.10195310137595179
1436,52,1488,0.1019324335163859
1433,52,1485,0.10192432486381059
1451,53,1504,0.10192344216209033
1451,53,1504,0.10188441784263529
1432,54,1486,0.10184860569099748
1436,57,1493,0.10185646458111598
1424,57,1481,0.10185516802787516
1424,56,1480,0.1018801890886522
1409,57,1466,0.10190309724756558
1412,56,1468,0.10195607327545897
1430,56,1486,0.10199770177737863
1425,57,1482,0.10199683225546248
1420,58,1478,0.10200645641361711
1428,58,1486,0.10202576623798172
1432,55,1487,0.10202598561696999
1430,54,1484,0.10201838503835582
1430,52,1482,0.10201570543489943
1426,53,1479,0.10201275861416201
1439,51,1490,0.10201887610461327
1421,51,1472,0.10199635297761477
1422,51,1473,0.10201470240302456
1432,52,1484,0.10202919901167723
1445,53,1498,0.10202121918573683
1432,53,1485,0.10198585379106148
1434,54,1488,0.10198120189718765
1435,51,1486,0.10197259938039388
1442,53,1495,0.10196194488198182
1451,54,1505,0.10193750572504502
1452,52,1504,0.10189609502795836
1457,52,1509,0.10185672138067467
1456,52,1508,0.10181024292133932
1451,51,1502,0.10176971515750928
1449,50,1499,0.10174324579043756
1442,47,1489,0.10172344784439755
1441,47,1488,0.10172014191174919
1431,49,1480,0.10171906204267693
1434,50,1484,0.10173968317437913
1444,48,1492,0.10175242456237585
1447,46,1493,0.1017425905889775
1434,47,1481,0.10172751968610733
1439,47,1486,0.10174140698750662
1445,50,1495,0.10174345831871609
1456,49,1505,0.10173262713058212
1453,47,1500,0.10169889718592419
1454,49,1503,0.1016748009781969
1454,47,1501,0.10165057703996655
1458,47,1505,0.10162862176615844
1455,47,1502,0.1016004163572038
1445,48,1493,0.10158127779071964
1440,48,1488,0.10158534696658371
1440,46,1486,0.10160023845179929
1437,46,1483,0.10161355798573243
1427,48,1475,0.10163206266689455
1424,49,1473,0.10167014252590967
1432,52,1484,0.10171118727828034
1435,51,1486,0.10173161954986887
1434,52,1486,0.10174378704577776
1435,51,1486,0.10175646958790871
1441,51,1492,0.10176609152801676
1449,50,1499,0.1017621643025752
1437,51,1488,0.10174160771183213
1429,49,1478,0.10174880292669584
1433,49,1482,0.10177188175364872
1449,48,1497,0.1017845409961029
1442,52,1494,0.10176215652009268
1436,54,1490,0.10175666906781976
1431,55,1486,0.10176460029026492
1433,55,1488,0.10178268651032386
1445,55,1500,0.10179492229719109
1436,56,1492,0.1017809625731832
1415,59,1474,0.10178696971964143
1428,61,1489,0.10183768689261093
1419,58,1477,0.10185640755661324
1414,61,1475,0.10189305590870447
1422,61,1483,0.10193743236847018
1433,61,1494,0.10196040742974595
1422,58,1480,0.10195798124374271
1423,58,1481,0.10197924752597431
1432,60,1492,0.10199647578420955
1430,60,1490,0.10199257127082535
1437,58,1495,0.10199322260708335
1429,59,1488,0.10197906116456046
1438,60,1498,0.10198346393004493
1432,59,1491,0.10196838873936859
1421,61,1482,0.10196799713092576
1421,61,1482,0.10199070908335785
1424,63,1487,0.10201046955055251
1419,60,1479,0.10202219633289746
1433,61,1494,0.10204420601318627
1428,64,1492,0.10203377752577442
1443,63,1506,0.10203500696632276
1434,63,1497,0.1020038568213893
1426,63,1489,0.10199441716535325
1432,61,1493,0.10200313418419181
1439,61,1500,0.10199802613339343
1451,62,1513,0.10197859572249335
1444,62,1506,0.10193514976685808
1442,60,1502,0.1019107020544266
1440,57,1497,0.10189270174976241
1455,58,1513,0.10188017107782722
1456,58,1514,0.10183695691267915
1445,58,1503,0.1017952978529098
1442,60,1502,0.10178120784476218
1438,59,1497,0.10177436456281068
1426,59,1485,0.10177689962792805
1424,58,1482,0.101804928839024
1428,54,1482,0.1018349154916491
1444,56,1500,0.10185303262471493
1444,56,1500,0.10183544905842243
1442,56,1498,0.1018192709356167
1449,54,1503,0.1018093513769922
1438,53,1491,0.10178433209165626
1439,53,1492,0.10178506793931874
1441,50,1491,0.10178388509214475
1444,51,1495,0.10177800951716082
1441,47,1488,0.10176668281602869
1439,46,1485,0.10176227236574124
1441,46,1487,0.10176242131680718
1438,47,1485,0.10175848688123733
1443,47,1490,0.10176086540851592
1444,52,1496,0.10175246756611278
1437,51,1488,0.10174257437252912
1436,49,1485,0.10174831084492081
1437,47,1484,0.10175573315548599
1430,46,1476,0.10176049335058897
1419,46,1465,0.10177979468997334
1434,46,1480,0.10182054189889424
1434,47,1481,0.10182614605999177
1422,47,1469,0.10183135118705615
1441,48,1489,0.10186171895516016
1459,49,1508,0.10184873770246217
1449,50,1499,0.10179844725379972
1437,49,1486,0.10177391662356708
1440,49,1489,0.10177700459662875
1442,48,1490,0.10177358038621602
1451,48,1499,0.10176614436462121
1460,46,1506,0.10174045437738252
1457,47,1504,0.10169791888877168
1457,48,1505,0.10166515505420108
1455,49,1504,0.1016351231966307
1460,47,1507,0.10161194408790669
1459,47,1506,0.10158019822117464
1458,47,1505,0.10155356508993993
1454,45,1499,0.10153150258152381
1446,46,1492,0.10152011876414001
1443,46,1489,0.10152692297965572
1442,45,1487,0.10153895766015512
1433,47,1480,0.10155240424564624
1436,48,1484,0.10158380718274737
1426,50,1476,0.10160610720699434
1439,49,1488,0.10164779169697301
1438,47,1485,0.10165805708182094
1439,48,1487,0.10166967940730139
1451,48,1499,0.10167831954584723
1464,47,1511,0.10166068774987934
1461,51,1512,0.10161677690514098
1452,52,1504,0.10158325246589085
1449,48,1497,0.10157214200901063
1448,51,1499,0.10156849709496711
1443,55,1498,0.1015674967687152
1448,55,1503,0.10157718264436666
1440,56,1496,0.10157514375631084
1437,56,1493,0.10159075305000172
1430,58,1488,0.10161169723952117
1444,64,1508,0.10164583631422584
1428,65,1493,0.10164726239257002
1423,69,1492,0.10168283310490248
1429,67,1496,0.10172578585957723
1430,67,1497,0.10175157219307909
1442,66,1508,0.10177301918085475
1421,63,1484,0.10176743285180631
1414,66,1480,0.10180750688636958
1422,70,1492,0.10185896753988605
1414,70,1484,0.10188859706807481
1419,69,1488,0.10193329833173773
1419,74,1493,0.10196278869233659
1404,76,1480,0.1019898311934543
1420,75,1495,0.10204617230505296
1430,74,1504,0.10206386658983777
1429,73,1502,0.10205884671274941
1436,76,1512,0.10205695323123296
1419,76,1495,0.10204006049765212
1413,77,1490,0.10206083330042703
1411,77,1488,0.10209273491919171
1417,79,1496,0.1021261096774342
1401,77,1478,0.1021439805193814
1411,77,1488,0.10219491629502585
1418,77,1495,0.10221979959685557
1408,77,1485,0.10222783714184748
1404,79,1483,0.10225643212317032
1404,85,1489,0.10229127544822862
1413,80,1493,0.10232295471390689
1413,81,1494,0.1023318077849245
1408,84,1492,0.10234048182369572
1413,82,1495,0.10235891132266035
1403,81,1484,0.10236480881737385
1415,81,1496,0.10239180417827132
1416,80,1496,0.10239111733136305
1419,83,1502,0.10238815461354729
1400,83,1483,0.10237909970216989
1406,80,1486,0.10241167116506414
1396,81,1477,0.10242901250256155
1396,79,1475,0.1024660446150635
1403,80,1483,0.10249964574127184
1400,81,1481,0.10251508835765576
1400,81,1481,0.10253545106398565
1382,83,1465,0.10255441443641385
1380,77,1457,0.10261048819313638
1401,79,1480,0.10266599134515837
1407,79,1486,0.1026714981856122
1422,82,1504,0.10266358833566173
1430,80,1510,0.10262458194824646
1432,82,1514,0.10257181225230408
1434,81,1515,0.10251877245199525
1436,82,1518,0.10246641403381553
1440,84,1524,0.10241424890593986
1447,84,1531,0.10235800943743724
1430,86,1516,0.10229287837069066
1415,86,1501,0.10227009758149318
1415,92,1507,0.10228109475163269
1396,90,1486,0.10229148390846814
1417,87,1504,0.1023416358177218
1422,87,1509,0.10234225417103664
1414,86,1500,0.10233205763316694
1414,86,1500,0.10233992578735795
1399,87,1486,0.10234748711893057
1418,88,1506,0.10238619053869165
1416,83,1499,0.10238041537047174
1406,83,1489,0.1023792976167005
1419,83,1502,0.10240025442907336
1415,90,1505,0.10239176261445027
1416,90,1506,0.10239232268004571
1419,90,1509,0.10239047964074816
1415,90,1505,0.10238216569593113
1405,91,1496,0.10238289785809122
1413,93,1506,0.10240545011699467
1414,93,1507,0.10240888666523983
1407,91,1498,0.10240968925905604
1408,90,1498,0.1024255505085462
1409,91,1500,0.10243797496667222
1419,92,1511,0.10244780528087989
1425,92,1517,0.10243517059806258
1428,91,1519,0.10241044169183645
1415,92,1507,0.10238199090907382
1421,94,1515,0.10238402564214055
1421,97,1518,0.1023734474163059
1406,96,1502,0.1023633242544965
1399,92,1491,0.10238668315673612
1394,92,1486,0.10242253887179018
1401,90,1491,0.10246601468331913
1406,92,1498,0.10249016090853262
1414,92,1506,0.10250131318486985
1408,92,1500,0.10249455094954804
1406,94,1500,0.10250100948839634
1408,95,1503,0.10251165149446045
1406,98,1504,0.1025167531896028
1404,99,1503,0.10252664546367907
1402,96,1498,0.10254011100209391
1408,98,1506,0.10255673508120712
1402,99,1501,0.10255866042639587
1405,101,1506,0.10257372383404544
1401,101,1502,0.1025808049041352
1399,100,1499,0.10259588679452278
1405,99,1504,0.10261393142827917
1402,98,1500,0.10261690140189098
1406,97,1503,0.10262621815036774
1393,99,1492,0.10262616677413948
1403,96,1499,0.10265457167768957
1397,96,1493,0.1026592397137565
1394,99,1493,0.10267595310714875
1398,99,1497,0.10269819102491556
1403,95,1498,0.10271034669773066
1401,96,1497,0.10271058635057337
1407,100,1507,0.10271546684375528
1397,102,1499,0.1027067798955908
1392,98,1490,0.10272044463758673
1396,98,1494,0.10274302256936071
1403,99,1502,0.10275519632473187
1400,103,1503,0.10275141997547342
1397,105,1502,0.10275454982813483
1401,105,1506,0.10276360346487035
1394,101,1495,0.10276351636340852
1389,102,1491,0.102778901980319
1395,98,1493,0.10280297901797716
1400,100,1500,0.10281218570943401
1388,99,1487,0.10281025414276733
1384,103,1487,0.1028340702562038
1389,99,1488,0.10286527932896933
1399,101,1500,0.10288311121250893
1383,101,1484,0.10287763558031489
1390,105,1495,0.1029072872649542
1396,103,1499,0.10291898441756381
1391,104,1495,0.10291657325959372
1391,107,1498,0.10292489934077205
1386,108,1494,0.10293226422795926
1392,106,1498,0.10294989559343795
1399,109,1508,0.10295274463702729
1404,109,1513,0.1029399257191709
1404,109,1513,0.1029171993743923
1398,110,1508,0.10289680085864844
1396,106,1502,0.10289146248145206
1394,105,1499,0.10289067412381098
1386,107,1493,0.10289451609302486
1385,108,1493,0.10291569458064603
1380,107,1487,0.10293694373534024
1377,103,1480,0.10296784541589413
1370,100,1470,0.10300248554986872
1373,101,1474,0.10305000182051405
1373,105,1478,0.10308665162835577
1372,106,1478,0.10312058811836276
1372,103,1475,0.10315434457333485
1385,107,1492,0.10318489724019714
1375,112,1487,0.10318458947448866
1374,118,1492,0.10320573920744405
1372,121,1493,0.1032264043661187
1375,120,1495,0.10325032445339728
1373,123,1496,0.1032661268587614
1359,121,1480,0.10328499444347336
1359,121,1480,0.10333249301319772
1367,120,1487,0.10337605881282498
1372,122,1494,0.1033984603079893
1375,125,1500,0.10340885162814127
1381,121,1502,0.10341200206964173
1377,124,1501,0.10340140404739495
1378,128,1506,0.10339988807443605
1380,123,1503,0.10339664867684105
1376,119,1495,0.10338982393982939
1389,126,1515,0.10339206794216313
1382,128,1510,0.10336701273776017
1377,130,1507,0.10335913386328074
1377,132,1509,0.10336292714721704
1376,133,1509,0.10336608420274043
1381,139,1520,0.10337112484268816
1387,139,1526,0.10336488847154883
1379,137,1516,0.10334628772077942
1383,133,1516,0.10334614561086151
1378,135,1513,0.10333802950011585
1368,133,1501,0.10334141695050753
1368,131,1499,0.10336662462314308
1375,128,1503,0.10338905606193771
1363,127,1490,0.10339428117851351
1370,133,1503,0.103424964065504
1374,131,1505,0.10343733849546531
1379,131,1510,0.10343990499610736
1376,131,1507,0.10343170706632748
1376,133,1509,0.10343050506032565
1368,138,1506,0.10343025786771651
1356,139,1495,0.10344745119789742
1351,142,1493,0.1034890207980626
1352,143,1495,0.1035383164800065
1354,141,1495,0.10358110745066293
1359,137,1496,0.10361604370681624
1364,141,1505,0.1036372820037879
1355,141,1496,0.10364607371942344
1350,144,1494,0.10367378661379774
1347,141,1488,0.10371031320971703
1346,139,1485,0.10375016653994469
1347,143,1490,0.10378880797459324
1366,141,1507,0.10382112863459442
1361,144,1505,0.10380936710557784
1351,141,1492,0.10380965518198915
1355,140,1495,0.10383153852186291
1349,140,1489,0.10384267798766172
1346,138,1484,0.10386603699103128
1357,141,1498,0.10389413089364627
1355,138,1493,0.10389553699707335
1372,140,1512,0.10390156146546417
1365,146,1511,0.10386965338841925
1359,145,1504,0.10385673410742513
1351,143,1494,0.10385731003490452
1344,141,1485,0.10387424244513337
1358,144,1502,0.10390490398364889
1361,139,1500,0.10390310545931078
1362,136,1498,0.10389485694692968
1350,140,1490,0.10388453441285549
1342,140,1482,0.10390101819059047
1340,143,1483,0.1039330494244583
1346,144,1490,0.103967949129076
1333,145,1478,0.10398814522891962
1336,143,1479,0.10403505975444505
1341,146,1487,0.10407054873625407
1353,146,1499,0.10409269275085549
1355,146,1501,0.10408650871323603
1359,143,1502,0.10407636078214978
1349,147,1496,0.1040589288219476
1362,146,1508,0.10406538348267176
1345,149,1494,0.10404347745011468
1346,147,1493,0.10406061820733557
1366,151,1517,0.10407355524742865
1357,149,1506,0.10404103416321003
1355,143,1498,0.10403123597592209
1355,148,1503,0.10402674889519509
1351,149,1500,0.1040229130389575
1347,154,1501,0.10402862951769258
1357,155,1512,0.10404319597913453
1353,154,1507,0.10403419175312777
1348,155,1503,0.10403496696210368
1345,155,1500,0.10404707968585808
1342,159,1501,0.1040650994727959
1328,160,1488,0.10408861704802738
1324,157,1481,0.10414054391807713
1341,160,1501,0.10419653506572336
1341,158,1499,0.10421004831747396
1351,157,1508,0.10422307795643089
1345,155,1500,0.10421333985323042
1333,155,1488,0.10421694600551336
1331,159,1490,0.10424673220443538
1332,160,1492,0.10427783328798615
1345,162,1507,0.1043045535805073
1342,164,1506,0.10430165080248209
1330,165,1495,0.10430561727639738
1341,165,1506,0.10433603213249415
1329,170,1499,0.10433961347268074
1319,166,1485,0.104369139513102
1319,173,1492,0.10441780306338931
1321,173,1494,0.10446269900497888
1313,176,1489,0.10449964757390483
1325,176,1501,0.10455162763342202
1320,176,1496,0.10457300160048472
1322,174,1496,0.1046038097481708
1331,175,1506,0.10462717708614493
1325,174,1499,0.10462858418103423
1336,173,1509,0.10464313973651594
1334,171,1505,0.10463251900488987
1341,172,1513,0.10462699521670231
1341,171,1512,0.1046063960686838
1325,171,1496,0.10458823951144951
1332,176,1508,0.10460639995118332
1328,173,1501,0.10460756061502764
1330,176,1506,0.10461714464829226
1332,177,1509,0.10462178171140973
1321,181,1502,0.10462169578499618
1322,182,1504,0.10464618425817976
1314,183,1497,0.10466640871401857
1318,182,1500,0.10470188212409344
1324,178,1502,0.10472577584869949
1318,174,1492,0.10473404207304299
1312,176,1488,0.10475388088316141
1313,173,1486,0.10478487214766523
1325,172,1497,0.10481063260284458
1316,169,1485,0.10480829270088926
1315,166,1481,0.10482569448506476
1318,167,1485,0.10484358731158179
1323,171,1494,0.10485321745157755
1319,172,1491,0.1048516676117659
1316,171,1487,0.10486010458788897
1304,172,1476,0.10487415788356164
1303,177,1480,0.10491324876413569
1295,174,1469,0.10495149913519469
1300,179,1479,0.10500427370177286
1291,184,1475,0.10504186151203192
1297,184,1481,0.10509595829247464
1320,185,1505,0.1051325989399486
1312,186,1498,0.10511676372032352
1331,182,1513,0.10512000036213624
1322,184,1506,0.10508206065889633
1321,184,1505,0.10506803540272433
1323,188,1511,0.10505804355634757
1312,189,1501,0.10504457942523736
1312,188,1500,0.1050571784260615
1308,194,1502,0.10506852593071736
1312,196,1508,0.10508780776031874
1309,189,1498,0.10509726094129318
1316,192,1508,0.1051128512971224
1304,195,1499,0.1051121691466895
1298,193,1491,0.1051379609709992
1295,196,1491,0.10517480335493838
1297,196,1493,0.10521520046617441
1296,200,1496,0.1052475783693049
1307,197,1504,0.10527905886368014
1294,196,1490,0.10528440752784318
1301,193,1494,0.10531811780840247
1303,193,1496,0.10533413076409001
1299,193,1492,0.1053442495881446
1290,192,1482,0.10536274048109455
1300,198,1498,0.10539934975113396
1299,204,1503,0.10541096926387272
1297,203,1500,0.10542392613198721
1297,204,1501,0.10544058268938404
1295,204,1499,0.10545638492506994
1297,206,1503,0.10547451779506545
1288,209,1497,0.10548733834120089
1288,208,1496,0.10551858777834391
1284,211,1495,0.10554784070886412
1284,213,1497,0.10558317165838738
1285,214,1499,0.10561644014605794
1280,219,1499,0.10564501027662081
1283,219,1502,0.10568216275212552
1289,223,1512,0.10570986778573792
1287,225,1512,0.1057217703181939
1284,225,1509,0.10573696958614942
1287,224,1511,0.10575774608818249
1280,226,1506,0.10577176949209545
1270,228,1498,0.10579895903748103
1273,227,1500,0.10584587755990907
1276,227,1503,0.1058839481824589
1268,228,1496,0.10591113217193722
1265,224,1489,0.10595382595360939
1276,228,1504,0.10599903860697694
1275,227,1502,0.10601745096038233
1282,230,1512,0.10603666069288507
1266,226,1492,0.10603990986384225
1277,230,1507,0.10607832743611773
1268,229,1497,0.10608891689789654
1273,231,1504,0.10611885121633816
1259,238,1497,0.10613563102581093
1241,235,1476,0.10618238891454214
1256,230,1486,0.10626583364425396
1263,231,1494,0.10630867027335707
1260,237,1497,0.10633178085125779
1247,233,1480,0.10636074826121207
1252,231,1483,0.10641582703272735
1257,234,1491,0.10645620893524485
1253,237,1490,0.10648132115705967
1260,240,1500,0.10651270151330397
1248,245,1493,0.10652698936378208
1239,250,1489,0.10656694990978478
1226,246,1472,0.10662481109835621
1224,246,1470,0.10670569494947539
1223,248,1471,0.10678439619117863
1233,247,1480,0.10685665113549468
1231,247,1478,0.10690085139052244
1242,252,1494,0.10694543120289492
1240,249,1489,0.10696099784358705
1242,247,1489,0.10698011895781406
1244,249,1493,0.10699334689311071
1252,247,1499,0.10700106380808833
1255,247,1502,0.10699018623350037
1249,242,1491,0.10697323622756341
1259,242,1501,0.10697141282896461
1260,242,1502,0.10694780068932928
1262,241,1503,0.10692399995782541
1259,244,1503,0.10689837533885846
1248,244,1492,0.10688088883239946
1253,241,1494,0.10688962304025308
1257,236,1493,0.10688540397098184
1272,235,1507,0.10687213561552927
1267,233,1500,0.10682722254185739
1275,234,1509,0.1067968897626953
1276,237,1513,0.10675262847192606
1262,237,1499,0.10671040873264785
1265,235,1500,0.10670222233087508
1266,234,1500,0.10668799337122575
1250,236,1486,0.10667272920598803
1251,240,1491,0.10669473561027173
1254,237,1491,0.10671184775342497
1257,237,1494,0.10671989801973579
1258,234,1492,0.10672072168467127
1273,232,1505,0.10671797565888091
1265,227,1492,0.10668162376406734
1263,230,1493,0.10666604291826261
1269,234,1503,0.106656492227037
1267,237,1504,0.10663441824718949
1274,236,1510,0.1066188029057757
1263,236,1499,0.1065890041909564
1263,235,1498,0.10658528192968923
1260,232,1492,0.10658333291755624
1252,230,1482,0.10658774768084672
1268,237,1505,0.10660933684360081
1264,239,1503,0.10659417158934584
1275,244,1519,0.10658941652580177
1272,240,1512,0.10656087966686907
1282,239,1521,0.10654107828612426
1287,239,1526,0.1064994772463952
1270,240,1510,0.10645033543438967
1260,241,1501,0.10644370863565303
1246,242,1488,0.10645946106788508
1245,245,1490,0.10650548999832857
1250,251,1501,0.1065497029819386
1243,251,1494,0.10657985006325191
1243,255,1498,0.10662366443516316
1242,255,1497,0.10666349952060905
1229,256,1485,0.10670269078280377
1241,259,1500,0.10676760788812505
1237,261,1498,0.10680097335505483
1230,266,1496,0.10684155008197439
1231,262,1493,0.10689437159633572
1240,259,1499,0.10694084344919413
1249,262,1511,0.10696472146566055
1240,265,1505,0.10696665113032527
1251,261,1512,0.1069886526824505
1239,259,1498,0.10698338007953265
1242,267,1509,0.10700541895995044
1233,265,1498,0.1070197107591364
1227,262,1489,0.10705315043865919
1217,264,1481,0.1070970860347707
1232,270,1502,0.10716047161457526
1227,267,1494,0.10718514141384422
1230,260,1490,0.107219198203453
1227,262,1489,0.10724274246321734
1238,264,1502,0.10727093562566328
1230,265,1495,0.10727202911372977
1226,266,1492,0.10729102883704797
1220,266,1486,0.10731609835642604
1214,264,1478,0.10735336382697674
1221,268,1489,0.10740200694313053
1227,267,1494,0.10743065517210634
1222,270,1492,0.10744428443946025
1217,271,1488,0.10746750701170171
1223,270,1493,0.10750055372225382
1234,270,1504,0.10751629679521396
1227,277,1504,0.1075054622055272
1220,279,1499,0.10751200061191796
1223,277,1500,0.10753399351934702
1213,277,1490,0.10754807613766375
1216,284,1500,0.1075833929658686
1214,290,1504,0.10760913995344351
1217,291,1508,0.10763801525205992
1221,291,1512,0.10765800831168791
1218,281,1499,0.10766754235523295
1220,286,1506,0.10768229163086923
1208,289,1497,0.10769239376727135
1208,287,1495,0.1077292997766025
1202,285,1487,0.10776285876004486
1195,280,1475,0.10780595270084387
1187,284,1471,0.10786235574751009
1196,287,1483,0.10793305446297008
1206,290,1496,0.10797733170056223
1205,289,1494,0.10799630452201324
1203,292,1495,0.1080163017730463
1200,291,1491,0.10803862336059514
1201,290,1491,0.10806557008330804
1207,295,1502,0.10808764464629181
1196,297,1493,0.10809664283248538
1199,296,1495,0.10812964589462537
1202,304,1506,0.10815217163339444
1193,301,1494,0.10816706105177964
1208,302,1510,0.1082011035116064
1203,300,1503,0.10819927056974545
1193,294,1487,0.10820964907088601
1190,287,1477,0.10824107079605692
1205,290,1495,0.10827644220894933
1198,290,1488,0.10827401958576484
1214,289,1503,0.10828593524405936
1216,294,1510,0.10826001669125393
1222,300,1522,0.10823199167005505
1209,295,1504,0.10819398054158981
1213,295,1508,0.10818723761722843
1208,291,1499,0.10817229651170632
1211,295,1506,0.10817061880098168
1207,300,1507,0.10816312504828686
1203,297,1500,0.1081656065795405
1205,296,1501,0.10817618931344831
1198,294,1492,0.10817989974708998
1198,293,1491,0.10819916408070228
1204,291,1495,0.1082175673378507
1205,298,1503,0.10822069677448459
1205,304,1509,0.10822114601087453
1187,305,1492,0.10822154662864807
1175,306,1481,0.10826227362629236
1173,300,1473,0.10832611180786905
1182,310,1492,0.10838965898128207
1192,311,1503,0.10842768811932327
1198,311,1509,0.10843982896728274
1199,305,1504,0.10843734790718763
1199,304,1503,0.10843250673548047
1186,307,1493,0.10842976113360997
1191,309,1500,0.10845769433373292
1184,307,1491,0.10847188659121887
1206,309,1515,0.10850007047423699
1215,306,1521,0.1084769737133204
1212,304,1516,0.10843638589170475
1199,308,1507,0.10840711538790242
1196,311,1507,0.10840974029632991
1186,309,1495,0.1084179222446628
1188,315,1503,0.10844795860567981
1185,318,1503,0.1084718011362515
1190,312,1502,0.10849942015957133
1192,315,1507,0.10851357789494984
1184,317,1501,0.10852206084799804
1188,319,1507,0.10854808183928005
1170,323,1493,0.10856262233385283
1170,324,1494,0.1086170577185047
1166,326,1492,0.10866675380422436
1169,323,1492,0.10872156477938176
1166,328,1494,0.10876520897666285
1172,325,1497,0.1088125450951355
1168,335,1503,0.10884172468763
1171,336,1507,0.10887727429144647
1171,338,1509,0.108904171042916
1157,338,1495,0.1089293656000261
1160,343,1503,0.10898434885349634
1166,339,1505,0.10902689768398041
1160,339,1499,0.10905282381977997
1157,338,1495,0.10909043104156835
1161,341,1502,0.10913258711308436
1167,343,1510,0.10916277724882643
1166,333,1499,0.10917804638399069
1153,331,1484,0.10919275141554258
1170,335,1505,0.10923612388384946
1162,336,1498,0.10923804495580888
1159,339,1498,0.10925929737401355
1166,336,1502,0.10928472746807248
1163,336,1499,0.10929080931868766
1152,338,1490,0.1093030764504061
1166,339,1505,0.10933819676056693
1171,328,1499,0.10933791169805579
1167,325,1492,0.10932740937384355
1177,326,1503,0.10932631705938163
1177,322,1499,0.10930443196532373
1176,328,1504,0.10928415017172488
1166,332,1498,0.10926680748549952
1162,338,1500,0.10927536540772861
1158,338,1496,0.10929173679161033
1154,337,1491,0.10931440609086943
1158,331,1489,0.10934390003110434
1154,334,1488,0.10936172686371877
1153,329,1482,0.10938708018430189
1155,324,1479,0.10941195751948644
1157,329,1486,0.10942966388716932
1146,331,1477,0.10944092220960135
1141,328,1469,0.10947674946483149
1151,327,1478,0.10952181709791814
1160,325,1485,0.1095406304550208
1163,325,1488,0.1095384956714055
1154,329,1483,0.10952887243804547
1158,324,1482,0.10954119317038956
1159,328,1487,0.10954484445764232
1158,329,1487,0.1095461131877424
1163,334,1497,0.1095491323817166
1160,335,1495,0.10954145693774749
1152,328,1480,0.10954016278914057
1157,324,1481,0.10955747231409241
1162,331,1493,0.10956214096468576
1155,334,1489,0.10955539395129399
1155,339,1494,0.10956642271162466
1160,338,1498,0.10957702010377812
1166,337,1503,0.10957655630346946
1164,332,1496,0.10956320040030637
1157,339,1496,0.10955638423396649
1156,345,1501,0.10956527435861148
1153,347,1500,0.10957602544776619
1148,345,1493,0.10959280991241636
1143,351,1494,0.109620834093666
1150,348,1498,0.10965871099862984
1148,349,1497,0.10967901583806344
1142,354,1496,0.10970206694983395
1137,361,1498,0.10973825181071806
1133,361,1494,0.10978184763995336
1130,357,1487,0.10983099853493342
1128,360,1488,0.10988346332662839
1135,367,1502,0.10993557183677762
1141,365,1506,0.10996871783727723
1144,363,1507,0.1099851742004936
1141,361,1502,0.10999481928743574
1119,357,1476,0.11001186548746018
1119,361,1480,0.11007786334365065
1126,366,1492,0.11013741564944969
1126,373,1499,0.11017780744604203
1112,371,1483,0.11021424236120182
1115,373,1488,0.11028066860068224
1122,374,1496,0.1103350967890583
1141,377,1518,0.11036689198960582
1133,374,1507,0.11035145007880985
1140,370,1510,0.11035509625637968
1124,370,1494,0.11034279159719461
1128,373,1501,0.11036844602866899
1118,375,1493,0.11038205015013851
1127,375,1502,0.11041945057487204
1125,377,1502,0.11043220516345059
1131,375,1506,0.11045125798094645
1120,378,1498,0.11045498063460168
1105,384,1489,0.11048378512682021
1108,379,1487,0.11054438141708216
1109,387,1496,0.11059306419850853
1110,386,1496,0.11063698719607094
1114,381,1495,0.11067593283808705
1113,382,1495,0.11070271035532997
1122,389,1511,0.11073038580737497
1119,391,1510,0.11073502545948678
1105,394,1499,0.11074675136580137
1115,388,1503,0.11078867265541145
1102,386,1488,0.11080506912691859
1106,386,1492,0.11085012414913888
1104,390,1494,0.11088188349974669
1118,393,1511,0.11091714083340035
1118,397,1515,0.11091812999617524
1121,395,1516,0.1109188744304562
1117,390,1507,0.11091512450761869
1117,392,1509,0.11092134805372286
1098,392,1490,0.11092595847313075
1100,400,1500,0.110974552771614
1121,395,1516,0.11101307839023439
1123,393,1516,0.1110014069936525
1127,388,1515,0.11098545882717342
1127,389,1516,0.11096233870965065
1115,390,1505,0.11094123172195543
1105,390,1495,0.11094850837940712
1107,391,1498,0.11097911973488404
1113,392,1505,0.11100437413142003
1103,395,1498,0.11101352722953854
1114,393,1507,0.11104474782774068
1129,391,1520,0.1110494452389456
1118,390,1508,0.11101904662746023
1114,388,1502,0.11101671432771719
1102,397,1499,0.1110224094121908
1105,400,1505,0.11105528797487557
1105,399,1504,0.1110797174131828
1114,398,1512,0.11110388647536691
1114,400,1514,0.1111058766509077
1102,398,1500,0.11110805741459207
1104,401,1505,0.11113759417687767
1100,400,1500,0.11115966302168022
1096,405,1501,0.11118955808894146
1098,408,1506,0.11122656558213578
1111,407,1518,0.1112562207045205
1109,412,1521,0.1112524844212362
1106,408,1514,0.11125303845579683
1102,405,1507,0.1112621997722998
1113,406,1519,0.11128005594908791
1097,402,1499,0.11127274961540472
1090,403,1493,0.1113024380335197
1090,408,1498,0.11134623744959335
1090,408,1498,0.11138432426950219
1088,406,1494,0.1114176724480229
1095,404,1499,0.11145283585153733
1101,405,1506,0.1114722131257164
1090,411,1501,0.11147604818955177
1079,420,1499,0.11150534635245707
1078,424,1502,0.11155755072053097
1076,422,1498,0.11160958694115833
1077,415,1492,0.11166007323707879
1083,410,1493,0.1117039162330816
1069,420,1489,0.11173159328811401
1076,415,1491,0.11178871322864982
1079,409,1488,0.1118249725684107
1076,410,1486,0.11185178445327447
1081,405,1486,0.11188370446860799
1070,411,1481,0.11190376671594211
1069,409,1478,0.1119456824787311
1080,415,1495,0.11198731407033267
1085,417,1502,0.11200101876917476
1078,423,1501,0.11200167823436794
1069,416,1485,0.11201991689743643
1072,422,1494,0.11205840227709483
1072,419,1491,0.11208616996470436
1075,414,1489,0.11211395752985648
1073,419,1492,0.11213227325404734
1070,417,1487,0.11215491905170179
1068,416,1484,0.11218228827852034
1084,415,1499,0.1122126540502662
1086,419,1505,0.11220548907454769
1083,418,1501,0.11219498078548334
1083,417,1500,0.11219183604506924
1077,423,1500,0.11218821286500616
1067,420,1487,0.11220115141653669
1066,424,1490,0.1122359234411288
1067,431,1498,0.1122705887638184
1058,434,1492,0.11229931278381734
1058,440,1498,0.11234876187427828
1048,446,1494,0.11239403506459517
1060,445,1505,0.11246001958994974
1062,443,1505,0.11249385285887527
1069,445,1514,0.1125207500160538
1061,444,1505,0.11252915538032371
1045,439,1484,0.11255577897463494
1041,430,1471,0.11261683155861232
1044,437,1481,0.11268213763770897
1047,446,1493,0.11273602464663571
1052,442,1494,0.11277780707898298
1053,441,1494,0.11280533380002965
1044,437,1481,0.11282790985084748
1037,440,1477,0.11286796239311979
1050,425,1475,0.11292089942423982
1055,436,1491,0.11293825953355728
1054,445,1499,0.11294523915821866
1063,438,1501,0.11295138431067737
1057,442,1499,0.11293677074101906
1059,438,1497,0.11293680141332625
1064,447,1511,0.11293334596642186
1060,442,1502,0.11292162425281838
1058,452,1510,0.1129201936829096
1051,450,1501,0.11292290138480837
1045,454,1499,0.11294224479308733
1036,457,1493,0.11297403603435889
1043,458,1501,0.11302491058682279
1045,464,1509,0.11305722679798276
1032,454,1486,0.11308416174058532
1035,455,1490,0.11313816228126869
1040,448,1488,0.11317972151273689
1033,453,1486,0.1132088054651122
1037,454,1491,0.11325345517836345
1032,452,1484,0.11328668407530282
1029,459,1488,0.11332965790867812
1030,465,1495,0.11337606274385223
1040,463,1503,0.11341725284692178
1044,463,1507,0.11343154366878384
1039,461,1500,0.1134370129573652
1037,464,1501,0.11345431889055364
1037,454,1491,0.1134743903753547
1037,454,1491,0.11349230035204771
1028,456,1484,0.11350485310579436
1023,461,1484,0.11353703704388803
1033,465,1498,0.11357961909436302
1038,460,1498,0.11359528912436608
1023,470,1493,0.11359890517049764
1017,467,1484,0.11363550088508888
1014,464,1478,0.1136827687330573
1019,458,1477,0.11373490077666888
1030,461,1491,0.1137719360064039
1038,460,1498,0.11378067303165083
1043,460,1503,0.11377085901242992
1054,463,1517,0.11374992830837996
1046,464,1510,0.11370558333926137
1046,470,1516,0.11368351779241984
1048,483,1531,0.1136638279630005
1033,479,1512,0.11364496844465882
1029,476,1505,0.1136649250119953
1034,471,1505,0.1136902826000435
1022,481,1503,0.11370229107814167
1013,482,1495,0.1137405528348796
1012,479,1491,0.1137953386064584
1018,474,1492,0.11385013689067086
1019,475,1494,0.113886750077207
1014,468,1482,0.11391938692876664
1013,474,1487,0.11395950182509662
1020,487,1507,0.11399776218099238
1019,488,1507,0.1140168431010396
1014,489,1503,0.11403761515660576
1016,481,1497,0.11406624421188655
1021,482,1503,0.11408893003105523
1019,484,1503,0.11410075562843044
1005,495,1500,0.11411709922905952
1016,496,1512,0.11416274078184506
1010,487,1497,0.11417786735607041
1005,496,1501,0.11420369630457573
997,497,1494,0.11424006028999747
1001,494,1495,0.11429033859430177
995,499,1494,0.11432743253160442
994,495,1489,0.11437725021653894
994,489,1483,0.11442432102156985
1005,487,1492,0.11446869808802923
1007,486,1493,0.1144857451859515
1002,482,1484,0.11449591104389899
1006,489,1495,0.11451835914716661
999,491,1490,0.11453006864594176
1000,490,1490,0.11455490945121687
994,496,1490,0.11457429449132839
1000,494,1494,0.11460773637791113
993,489,1482,0.11462362711596537
985,491,1476,0.11465416846995899
990,495,1485,0.11470170808667529
1001,496,1497,0.1147351828001291
993,491,1484,0.11474068755596317
1000,494,1494,0.11476341962507011
1004,502,1506,0.11476747742782946
997,516,1513,0.11476415664576624
983,515,1498,0.11477683077366539
984,522,1506,0.11482061508700463
985,528,1513,0.1148600028765333
989,521,1510,0.11489439296611048
976,525,1501,0.11491585579750677
969,527,1496,0.11496613051514527
969,532,1501,0.11503039595195753
970,529,1499,0.11508970264339144
970,522,1492,0.11514253405854333
962,510,1472,0.11519165750980229
955,517,1472,0.11525632804540148
975,519,1494,0.11533119161437096
969,522,1491,0.11535216747418105
975,519,1494,0.11538643552750998
965,535,1500,0.11540454909755851
966,541,1507,0.11544412774145085
969,537,1506,0.115479502023143
962,545,1507,0.11550735006737986
974,535,1509,0.11555097547093574
958,533,1491,0.11556309185735696
960,540,1500,0.11561226031310748
955,544,1499,0.11565213028558549
966,544,1510,0.11570074162951308
956,554,1510,0.1157192926558363
963,559,1522,0.1157592969165486
958,554,1512,0.11578061191436355
961,555,1516,0.11581184381387512
955,549,1504,0.11583001434443872
957,550,1507,0.11586150359733777
950,547,1497,0.11588455484242666
954,547,1501,0.11592189503065008
960,544,1504,0.11594844516562519
961,543,1504,0.11595996387442846
966,540,1506,0.11596847189350616
954,549,1503,0.11596529647587438
943,549,1492,0.11599324478805485
944,547,1491,0.11604313459052029
955,548,1503,0.11608537502089727
950,546,1496,0.11609779788029137
955,555,1510,0.11612229197429454
955,558,1513,0.11613437837844116
947,565,1512,0.11614759595608966
952,569,1521,0.11617904887282286
935,571,1506,0.11619637599740962
924,569,1493,0.11625254830787178
930,571,1501,0.11633157010736411
938,565,1503,0.1163885584070075
947,572,1519,0.11642497934489159
937,570,1507,0.11643746901467678
932,574,1506,0.11646993528435773
943,565,1508,0.1165097310175356
931,574,1505,0.1165234932223946
926,572,1498,0.11656325835498917
932,568,1500,0.11661257891361906
933,576,1509,0.11664531633718299
937,576,1513,0.11667187072225875
929,575,1504,0.11668753421218052
924,574,1498,0.11672471685117111
919,573,1492,0.11676954298062707
916,569,1485,0.11682094406963711
918,571,1489,0.11687568965866045
925,579,1504,0.11692229704544373
931,578,1509,0.11694733452825702
924,582,1506,0.11695618904019116
926,581,1507,0.11698248430983493
928,585,1513,0.11700340820934858
924,589,1513,0.11701893191485487
922,590,1512,0.11704126674355131
920,586,1506,0.11706635534332936
904,598,1502,0.11709329844265774
911,601,1512,0.11715570676324867
916,589,1505,0.11719738096076877
916,586,1502,0.11722611294235788
915,591,1506,0.1172525208562292
911,594,1505,0.1172789872060445
912,598,1510,0.11731349218366675
918,596,1514,0.11734633181581228
915,596,1511,0.11736393013929117
912,602,1514,0.11738793164395117
899,609,1508,0.11741858630773766
894,606,1500,0.1174777317653976
892,608,1500,0.1175444788565915
887,611,1498,0.11761113083367185
890,602,1492,0.11768317737331851
882,600,1482,0.11774115937003565
891,594,1485,0.11780999661528682
885,613,1498,0.11785440788891918
886,623,1509,0.11791278600946209
879,620,1499,0.11796675238518434
877,620,1497,0.11803599125004759
869,621,1490,0.11810517115228744
870,624,1494,0.11818587218730006
862,624,1486,0.11826172446002017
872,616,1488,0.11835008223142882
869,623,1492,0.11840903408315614
863,621,1484,0.1184729225901409
869,630,1499,0.11854753068288475
873,624,1497,0.11860355928276495
872,633,1505,0.11864942938614842
864,625,1489,0.11869310998182211
862,639,1501,0.11875342741636022
863,636,1499,0.11881506922821906
862,624,1486,0.11886662070274316
856,625,1481,0.11891570990465848
861,632,1493,0.11897605929947641
852,632,1484,0.1190212551934541
857,634,1491,0.11908379744876693
845,644,1489,0.11912758106289598
850,637,1487,0.11919770468163886
851,640,1491,0.1192513997344646
864,638,1502,0.11929924016663293
860,651,1511,0.11931096347811884
851,643,1494,0.11933088275782058
844,642,1486,0.11937026671786306
849,649,1498,0.11942606669268105
852,648,1500,0.11946700015976176
849,649,1498,0.11950024377436472
850,651,1501,0.11953799172972994
857,661,1518,0.11957103790647883
844,666,1510,0.11958575251390088
843,663,1506,0.11963156751083799
848,671,1519,0.11967458761376835
846,677,1523,0.11970264324284514
842,660,1502,0.11973165367089746
833,671,1504,0.119769127276228
835,676,1511,0.11982463988061312
827,673,1500,0.119873002393222
834,677,1511,0.11993768307644069
834,671,1505,0.11998056495809972
836,662,1498,0.12002116608038574
835,670,1505,0.120050867174558
835,663,1498,0.12008124217268688
833,661,1494,0.12010881646257793
820,669,1489,0.12014032005637432
831,668,1499,0.12020220486055005
828,666,1494,0.1202326932508911
828,667,1495,0.12027046037413797
826,675,1501,0.1203047457613912
832,668,1500,0.12034210666389385
826,667,1493,0.12036206942132872
824,665,1489,0.12039231918188222
837,680,1517,0.12042418000002207
828,677,1505,0.12042481589032619
827,688,1515,0.12044632860170039
831,688,1519,0.12046925325297865
821,682,1503,0.12048332166285725
806,672,1478,0.12051832786713494
810,682,1492,0.12058593326439171
814,683,1497,0.12064006686700061
805,682,1487,0.12067991811719021
803,691,1494,0.12073753053412989
815,687,1502,0.12079617056356326
813,680,1493,0.1208236449828036
823,691,1514,0.12085637856595949
815,691,1506,0.12086323914003792
813,697,1510,0.12089026369733044
806,703,1509,0.12091944342698056
813,706,1519,0.12096224008618607
820,692,1512,0.12098473270862702
822,693,1515,0.12099059074658534
812,687,1499,0.12098959425162654
812,695,1507,0.12101473292172259
807,702,1509,0.12103709945514449
800,712,1512,0.12107137750435722
805,710,1515,0.12112107210938791
813,704,1517,0.12115431645936639
818,708,1526,0.12116578035312145
821,705,1526,0.12116377525173638
820,702,1522,0.12115424446437943
820,701,1521,0.12114936396583538
819,685,1504,0.12114253089671316
813,693,1506,0.12114020744809995
811,697,1508,0.12114993780916851
809,701,1510,0.12116338253938956
808,706,1514,0.12118199740282483
809,706,1515,0.12120287965888889
812,702,1514,0.121222080872752
807,706,1513,0.12123246570267851
811,707,1518,0.12125081059292507
817,699,1516,0.12125720079699556
804,695,1499,0.12124992829649875
806,702,1508,0.12127485544362271
798,693,1491,0.12129227540294867
785,693,1478,0.12132756951470729
781,707,1488,0.12139223626496619
785,715,1500,0.12146028195506706
781,705,1486,0.1215137537809814
795,701,1496,0.1215738722778342
786,709,1495,0.12159810747709977
787,717,1504,0.12164268239922524
788,721,1509,0.12168446731500068
800,719,1519,0.12172149595182497
794,720,1514,0.12172670201503998
787,722,1509,0.12175009165024621
788,727,1515,0.12178724056816666
780,717,1497,0.12181765651841032
779,727,1506,0.12186616837932662
780,725,1505,0.12191361780995111
774,720,1494,0.12195661959356424
772,720,1492,0.12201181931731259
764,728,1492,0.12206673839830212
766,723,1489,0.12213654063702169
764,727,1491,0.12219606839742575
774,737,1511,0.122256970354378
764,743,1507,0.1222900502148577
769,741,1510,0.1223456218549558
761,746,1507,0.12238391785954789
760,750,1510,0.12243652160955726
759,739,1498,0.12248852071181242
759,743,1502,0.12254075144087145
754,745,1499,0.12258714749641317
756,749,1505,0.12264332508205669
760,744,1504,0.1226931539191411
752,753,1505,0.12273224257423548
750,759,1509,0.1227905936279561
741,759,1500,0.12285154744860442
738,759,1497,0.12293162682127999
739,753,1492,0.12301449940236928
742,752,1494,0.12309022454583086
738,752,1490,0.12315233497217719
748,760,1508,0.12321749425759154
744,752,1496,0.12325627683790696
734,756,1490,0.12330390359256987
734,760,1494,0.12337419681352578
739,752,1491,0.12343988704092315
743,759,1502,0.12348904857975654
737,773,1510,0.12352626369459195
735,784,1519,0.12357618708677288
741,773,1514,0.12362754484828492
731,773,1504,0.12366183096761624
729,777,1506,0.12371930397055227
723,787,1510,0.12377962214596007
724,784,1508,0.1238498923571225
727,787,1514,0.12391341538353125
723,788,1511,0.12396418381731365
721,785,1506,0.12402003737297278
722,782,1504,0.12407851571383394
718,787,1505,0.12412912103914339
716,801,1517,0.12418776974636055
716,792,1508,0.12424751557834998
710,792,1502,0.12430343298545758
710,788,1498,0.12437075481505769
708,800,1508,0.12443644234738717
701,799,1500,0.1245008193195264
702,797,1499,0.12457874734493338
697,807,1504,0.12465012679188436
700,794,1494,0.12472986213331597
699,820,1519,0.12479888765925455
694,818,1512,0.12486507612888799
691,820,1511,0.12493962813436121
698,812,1510,0.12501603027840674
701,800,1501,0.1250692084214199
707,798,1505,0.12510910231861153
702,797,1499,0.12513144130737455
710,802,1512,0.12516192645425442
705,797,1502,0.12517168290718217
695,800,1495,0.12519522503492925
698,804,1502,0.12524003329636876
702,818,1520,0.12527375493867304
715,813,1528,0.12529448261424697
717,804,1521,0.12528205830067693
720,798,1518,0.125266470089457
714,798,1512,0.1252434389766911
711,793,1504,0.12523987897011327
705,793,1498,0.12524450952280783
708,795,1503,0.12526192714185708
709,794,1503,0.12527176097609982
710,796,1506,0.12527808959914236
708,815,1523,0.12528453580446358
707,817,1524,0.12529732666400636
698,814,1512,0.1253129328724226
691,820,1511,0.1253500615234045
690,818,1508,0.12540287793089783
686,817,1503,0.1254534185231807
679,817,1496,0.12550843120690408
683,806,1489,0.1255749586858598
680,816,1496,0.1256276874212509
685,820,1505,0.12568327210651012
685,806,1491,0.12572334040180866
691,801,1492,0.1257588366672041
682,804,1486,0.12577834613077665
688,808,1496,0.1258205244552265
686,810,1496,0.12584401083594732
682,826,1508,0.12587104483084055
677,828,1505,0.12590491724018124
680,821,1501,0.12594806563050828
693,814,1507,0.12598036671200558
694,815,1509,0.12597958815640986
688,823,1511,0.12597587227419435
693,816,1509,0.12598640536370767
689,825,1514,0.1259841848807946
683,818,1501,0.12599105502802882
686,820,1506,0.12601169737105566
687,825,1512,0.1260226482425231
689,816,1505,0.1260293823686
686,817,1503,0.12603071576838817
682,823,1505,0.12603780703503495
675,821,1496,0.12605280296328314
686,828,1514,0.1260834204050942
689,826,1515,0.12608674357661198
677,827,1504,0.1260822210171388
674,826,1500,0.12610734308781577
675,812,1487,0.12613905356657745
671,816,1487,0.1261688528627495
673,808,1481,0.12620745406176073
682,810,1492,0.12623655805846556
677,819,1496,0.12624019650436175
685,824,1509,0.1262544587172155
686,817,1503,0.1262478140573835
678,824,1502,0.12623981047816502
681,817,1498,0.12625406935205163
675,815,1490,0.1262595875938403
672,823,1495,0.1262805429651258
675,830,1505,0.12630897358039855
680,830,1510,0.1263301759609304
677,840,1517,0.12633953977168974
674,837,1511,0.1263562037656959
675,841,1516,0.12637986866900822
665,849,1514,0.12640131628056628
671,850,1521,0.1264459796950627
667,858,1525,0.1264720751074609
671,849,1520,0.12650692430455968
667,850,1517,0.12653182376304511
673,847,1520,0.12656580486296998
665,854,1519,0.12658217111314174
658,849,1507,0.12661718538817668
653,859,1512,0.12666670395443658
661,858,1519,0.12672389783796667
651,859,1510,0.12676146085223608
650,855,1505,0.1268207419106659
649,855,1504,0.12688137622326173
645,858,1503,0.1269389824728049
647,860,1507,0.12700128788046905
649,862,1511,0.12705522490619256
637,860,1497,0.12710201141983002
639,854,1493,0.12717295807157078
637,862,1499,0.12723100856661013
639,869,1508,0.12729095796088838
652,861,1513,0.12734342687675138
642,853,1495,0.12735931358247168
640,860,1500,0.12739875763652578
638,860,1498,0.1274413696868405
639,861,1500,0.12748525828567117
639,866,1505,0.12752478677301213
640,863,1503,0.12756048200404485
635,850,1485,0.1275914708293875
644,858,1502,0.12763282612116314
639,857,1496,0.12765014286467188
644,855,1499,0.127679117177888
651,856,1507,0.12769559216988197
647,856,1503,0.12769378899745756
633,856,1489,0.12770186514117554
637,871,1508,0.12774142778128755
644,864,1508,0.1277686873164081
639,880,1519,0.12777705897851516
640,867,1507,0.1277995365821399
632,869,1501,0.12781857371189853
630,870,1500,0.12785606314342224
639,877,1516,0.12789612600300385
645,876,1521,0.12791219035786597
637,879,1516,0.1279133888546898
637,873,1510,0.12793444682293148
634,871,1505,0.12795310443511923
640,870,1510,0.12797734299331728
636,864,1500,0.12798518752249596
629,877,1506,0.12800339163421104
619,874,1493,0.12803775604793277
620,879,1499,0.1280965646762331
616,881,1497,0.12814987200816683
612,873,1485,0.12820805583752812
618,885,1503,0.12827438581452133
622,888,1510,0.1283202890843557
619,894,1513,0.12835486885271993
623,893,1516,0.12839379160586195
627,889,1516,0.1284196947378118
616,894,1510,0.12843533875178284
614,896,1510,0.1284788712612159
603,900,1503,0.12852457391676386
609,901,1510,0.12859359461613312
604,885,1489,0.12864497968822391
611,892,1503,0.12870313842565412
610,899,1509,0.12874190929511234
608,894,1502,0.1287822904632883
615,893,1508,0.12882454159235407
612,889,1501,0.12884731351742468
608,882,1490,0.1288751318363718
609,880,1489,0.12890912112118147
597,880,1477,0.1289384061326045
594,887,1481,0.12899358705218042
601,885,1486,0.1290511009746185
591,888,1479,0.129087386517828
596,897,1493,0.12914787899127778
604,892,1496,0.1291923924848699
599,911,1510,0.12921398733671632
602,913,1515,0.12924727986997617
598,914,1512,0.12927070027407794
608,912,1520,0.12930069619733428
612,914,1526,0.12930583285172761
617,909,1526,0.1293002087396076
612,904,1516,0.12928321329129752
602,911,1513,0.12928086962469187
603,902,1505,0.12930215099818748
607,900,1507,0.12932068877431913
598,904,1502,0.12932813985520564
598,900,1498,0.1293562199631193
592,900,1492,0.12938463079817333
598,915,1513,0.12942603821266585
598,912,1510,0.12945142578433344
599,924,1523,0.12947769709639356
588,920,1508,0.12950000461515432
594,919,1513,0.12954846064149594
596,923,1519,0.12957781590438303
589,918,1507,0.12959906093395943
582,927,1509,0.1296356810297408
579,924,1503,0.1296858223494108
576,927,1503,0.12973927407682112
575,931,1506,0.12979683748420728
582,927,1509,0.12985244639461702
575,932,1507,0.12988849198214109
568,935,1503,0.1299392598577348
566,933,1499,0.13000465705432585
570,928,1498,0.13006911272617827
575,938,1513,0.13011862994948953
576,936,1512,0.1301530545450734
582,931,1513,0.1301845627218884
579,943,1522,0.13020129378938244
579,932,1511,0.13022345772896057
575,935,1510,0.13024351316550792
584,935,1519,0.1302726031497533
582,939,1521,0.1302785325662111
570,938,1508,0.13028904003935848
565,938,1503,0.13032805819244697
567,941,1508,0.1303751186807955
572,944,1516,0.13041377363471843
561,933,1494,0.13043949011516023
564,940,1504,0.1304905798728242
566,935,1501,0.13052874688397323
570,938,1508,0.1305618556850846
574,939,1513,0.1305836280498565
567,941,1508,0.13059573290138335
565,935,1500,0.13062423883583862
563,947,1510,0.13065504792102137
561,951,1512,0.13068814197420064
562,939,1501,0.13072529397722438
568,944,1512,0.1307580690402156
562,936,1498,0.1307747512040301
560,937,1497,0.13080360877382843
556,933,1489,0.13083434209087874
558,932,1490,0.13087199762068927
559,944,1503,0.13090295814866473
559,952,1511,0.13093012200850204
556,946,1502,0.13095768333364463
554,953,1507,0.13099057852508791
552,968,1520,0.13102649578640946
557,957,1514,0.13106392442144058
554,953,1507,0.13108752765945478
554,954,1508,0.13111507131250327
551,951,1502,0.13114179099789974
551,959,1510,0.1311758246068036
552,965,1517,0.13120932683562894
556,968,1524,0.1312383960074186
548,965,1513,0.13125551136360378
544,972,1516,0.13129051917443005
538,974,1512,0.13133153071278542
535,969,1504,0.1313838985055852
533,970,1503,0.13143938128126048
532,966,1498,0.13149655092604692
536,965,1501,0.13155012667169108
536,962,1498,0.13158953369913892
536,970,1506,0.13162626346880066
534,965,1499,0.1316608713089878
534,955,1489,0.13169848726742792
541,965,1506,0.13173520995579477
531,958,1489,0.13175306680834367
539,962,1501,0.13179360869315176
541,966,1507,0.13181178081914202
539,965,1504,0.13182387660655442
547,973,1520,0.1318393903780496
544,971,1515,0.13183354519291923
541,965,1506,0.13183442858743322
538,969,1507,0.1318419419597069
541,983,1524,0.1318557704646381
538,965,1503,0.13186196885891724
540,955,1495,0.13187598809348125
539,959,1498,0.13188536583219296
534,958,1492,0.13189793683020967
536,968,1504,0.13192152513448202
540,982,1522,0.1319389587284575
538,985,1523,0.13194537818229612
541,977,1518,0.13195755610885546
542,987,1529,0.13196167071602594
536,986,1522,0.1319619930579868
537,982,1519,0.13197660797202138
531,972,1503,0.13198733623263556
529,973,1502,0.13201234437477058
527,978,1505,0.13204025362820587
533,976,1509,0.13206902340486074
536,975,1511,0.13208060073332142
537,975,1512,0.132085174792269
533,976,1509,0.13208782996752302
540,976,1516,0.13209845616269505
543,978,1521,0.1320918023948655
545,975,1520,0.13207870019886028
543,973,1516,0.13206221620457015
533,969,1502,0.1320525500897939
530,966,1496,0.13206667189298987
527,949,1476,0.13208695335854395
516,964,1480,0.13211163980166185
520,983,1503,0.13216043320125073
519,980,1499,0.1321969514082186
525,979,1504,0.13223318889970162
530,988,1518,0.13225299241457353
515,990,1505,0.132259807838433
512,1001,1513,0.13230384913192308
513,994,1507,0.1323529454561145
514,996,1510,0.13239703079912862
519,1002,1521,0.13243543101852528
517,999,1516,0.1324592855725985
523,998,1521,0.13248778870002487
526,995,1521,0.13249915763049372
516,985,1501,0.13250218026640145
512,985,1497,0.132529342555325
516,986,1502,0.13256122406167978
523,983,1506,0.13258092676667124
523,986,1509,0.13258259594782648
517,990,1507,0.13258270465302047
527,990,1517,0.1325996713367948
523,993,1516,0.1325909829891269
522,992,1514,0.13259224259622168
525,986,1511,0.13259530456688556
524,986,1510,0.13259211232661397
523,983,1506,0.13259387658096625
519,983,1502,0.13259712945306906
506,982,1488,0.13260908003334
511,989,1500,0.13265190280473577
518,982,1500,0.13267878537954167
514,983,1497,0.13268632744199513
511,997,1508,0.13270356155644858
521,987,1508,0.13272613258885077
517,982,1499,0.1327219318358833
509,987,1496,0.13272675985397678
506,986,1492,0.13275073148289507
511,996,1507,0.13278074481988283
519,995,1514,0.13279600520658338
524,990,1514,0.1327909082199803
522,992,1514,0.13277430359793507
524,991,1515,0.13276413930075923
524,985,1509,0.13274871725245188
525,985,1510,0.13273508688837976
521,988,1509,0.13272048268594452
523,981,1504,0.13271805291810237
516,982,1498,0.13271009638416306
516,987,1503,0.13271921947221885
513,984,1497,0.13272870542857096
513,983,1496,0.1327436595007373
516,981,1497,0.13275683138189717
520,994,1514,0.13276115377393133
519,1003,1522,0.13275475615810514
523,998,1521,0.13275065285974283
519,1002,1521,0.13273756118387448
521,1000,1521,0.1327347742916254
523,986,1509,0.13272836015955167
516,989,1505,0.13271791793388638
509,987,1496,0.13272658554550298
516,995,1511,0.13275195353136607
517,990,1507,0.13275660287687802
523,993,1516,0.13275865337096332
514,992,1506,0.13274595344352152
521,994,1515,0.13275806753281913
512,1002,1514,0.13275113714819503
506,997,1503,0.13276654063817486
512,990,1502,0.13279404395730562
513,996,1509,0.1328039001087609
513,994,1507,0.1328092010052763
508,998,1506,0.13281467421545065
513,997,1510,0.13283341712328958
510,998,1508,0.13283588945456568
516,995,1511,0.13284572064514968
520,1007,1527,0.13284028971839254
512,1003,1515,0.1328255493825963
501,1007,1508,0.1328313064724328
499,1005,1504,0.13286366624859305
506,1015,1521,0.13289816038671823
507,1019,1526,0.13291289734134587
503,1011,1514,0.1329237098337076
505,1014,1519,0.13294488332935334
502,1012,1514,0.1329605590385976
502,1015,1517,0.13298334953415789
495,1004,1499,0.1330051953892456
488,1010,1498,0.13304307353983358
505,1009,1514,0.13309525452427212
502,1003,1505,0.13310291764175192
505,1007,1512,0.13311871331616162
500,1018,1518,0.1331258304270141
501,1016,1517,0.13314420698549934
502,1005,1507,0.13315875782163814
499,1002,1501,0.13317013741282388
503,1003,1506,0.13318733421347353
507,1012,1519,0.13319443829463273
510,999,1509,0.1331922724437569
503,1002,1505,0.13318427576345773
507,1007,1514,0.13319410051774866
506,1012,1518,0.13319297263207322
508,1003,1511,0.1331950053671892
505,1001,1506,0.1331902646353107
505,1007,1512,0.13319191579224587
503,995,1498,0.13319401044730103
508,992,1500,0.1332010508201011
506,1001,1507,0.13319630867854335
505,1003,1508,0.13319754138313228
490,997,1487,0.13320268745007652
494,991,1485,0.13324556681699032
499,1003,1502,0.13327612697093702
496,1010,1506,0.13329335549166677
497,1012,1509,0.13331697321811906
501,1002,1503,0.13333754008991175
499,1009,1508,0.1333457244703886
494,1004,1498,0.1333598260612673
491,1002,1493,0.13338535829193846
498,1006,1504,0.1334164406591323
502,1015,1517,0.13342934808026202
504,1022,1526,0.13343242682530929
499,1018,1517,0.13343027714392564
493,1012,1505,0.13344084652903238
494,1016,1510,0.13346525419938982
494,1026,1520,0.13348476676698634
497,1039,1536,0.1335037306082259
492,1024,1516,0.13351426309556938
488,1022,1510,0.1335362833821721
493,1023,1516,0.1335644280514422
497,1027,1524,0.13357958023774913
494,1026,1520,0.1335856676373922
492,1025,1517,0.1336002434705822
487,1028,1515,0.13361853053166958
484,1025,1509,0.1336484291370626
484,1021,1505,0.13368466698170947
479,1027,1506,0.13371805058634942
484,1016,1500,0.1337603192742244
494,1015,1509,0.1337872641365844
491,1014,1505,0.13378866996622216
492,1019,1511,0.1337979412523448
484,1018,1502,0.13380468873631768
488,1019,1507,0.133830302586205
486,1016,1502,0.13384459986582434
483,1016,1499,0.13386203598243213
477,1011,1488,0.133887342470861
471,1006,1477,0.133925467600557
479,1009,1488,0.13397452013270816
479,1014,1493,0.1340011006504516
479,1022,1501,0.13402639547123524
487,1027,1514,0.13405089639183462
488,1022,1510,0.1340536058722372
483,1035,1518,0.1340537853996825
483,1033,1516,0.13406556057041172
479,1045,1524,0.13407697413567266
475,1046,1521,0.13409657348710705
478,1044,1522,0.13412559783918576
477,1044,1521,0.1341455108709858
485,1037,1522,0.13416700206999876
483,1042,1525,0.13416777175932298
479,1045,1524,0.13417277413957593
480,1035,1515,0.1341884426266455
476,1033,1509,0.13420062353640996
478,1035,1513,0.13421964090295616
478,1042,1520,0.13423187055914407
473,1043,1516,0.1342450297826272
474,1037,1511,0.13426896117340445
476,1035,1511,0.13428857474875153
473,1039,1512,0.13430327945070128
482,1042,1524,0.13432542719606494
473,1033,1506,0.13432413616209057
467,1036,1503,0.1343463812260496
461,1041,1502,0.13438213045612074
466,1056,1522,0.13443015660607338
459,1046,1505,0.13446207329269483
470,1051,1521,0.134509850526707
471,1044,1515,0.13452676126364835
463,1050,1513,0.1345409121725755
460,1041,1501,0.13457339243392202
465,1043,1508,0.13461101688089344
461,1051,1512,0.13463536079579286
456,1068,1524,0.13466826201006213
457,1064,1521,0.13471181195749693
459,1053,1512,0.13474808109971959
452,1056,1508,0.13477713747943107
456,1059,1515,0.13482098493266567
451,1047,1498,0.13485213049871392
453,1045,1498,0.1348928499916064
449,1055,1504,0.13492593685028836
453,1057,1510,0.13496637980901516
447,1073,1520,0.13499443168544834
446,1079,1525,0.13503565059022027
448,1074,1522,0.13507562224989436
445,1067,1512,0.1351078051547786
438,1065,1503,0.13514509718786752
444,1055,1499,0.13519566786507792
442,1056,1498,0.13522847282340736
441,1059,1500,0.13526378253116506
439,1055,1494,0.1352995796047965
445,1056,1501,0.13533783689258516
445,1054,1499,0.13535931971659435
448,1054,1502,0.13537947372102893
455,1056,1511,0.13539128233247935
448,1058,1506,0.13538474366574213
449,1059,1508,0.1353964827516939
452,1063,1515,0.13540612398291973
452,1068,1520,0.13540725672394044
456,1069,1525,0.13540933620316628
448,1059,1507,0.13540145730351238
446,1058,1504,0.13541476897939947
443,1055,1498,0.13543188441199902
434,1067,1501,0.1354553056968237
437,1066,1503,0.1354988788153557
436,1073,1509,0.13553109677962605
444,1068,1512,0.13556434573540813
435,1065,1500,0.13557619199721546
431,1069,1500,0.13560906598045985
435,1070,1505,0.13564879676108046
434,1072,1506,0.13567559077418134
430,1077,1507,0.13570297764870667
421,1073,1494,0.1357367772750932
412,1077,1489,0.1357908122878489
422,1076,1498,0.13586225315815825
423,1077,1500,0.13590443850917183
423,1070,1493,0.13594186869772976
422,1067,1489,0.13597466792271728
421,1085,1506,0.13600728553754568
424,1072,1496,0.1360403541303049
427,1075,1502,0.13606175799083545
430,1064,1494,0.1360738954858189
442,1070,1512,0.13607752455773336
439,1069,1508,0.13605273042717766
432,1072,1504,0.13603791953524766
437,1058,1495,0.13604042495586846
444,1068,1512,0.13603057080423323
443,1081,1524,0.13600508339674203
447,1081,1528,0.1359851305445133
436,1085,1521,0.13595768173437162
434,1076,1510,0.1359588477727052
435,1088,1523,0.13596487769612112
436,1094,1530,0.1359687450252208
434,1093,1527,0.1359709002056842
434,1086,1520,0.13597786957825034
434,1083,1517,0.13598406825623732
437,1086,1523,0.13598961529547662
439,1079,1518,0.1359881267345136
435,1072,1507,0.13598343517502598
433,1079,1512,0.1359885634890084
433,1079,1512,0.13599774975018927
433,1070,1503,0.1360080010049516
437,1076,1513,0.1360177610690478
438,1074,1512,0.1360174670702152
439,1074,1513,0.13601393835827655
433,1071,1504,0.13600728458458408
436,1072,1508,0.1360167634798514
428,1077,1505,0.13601724482747946
423,1074,1497,0.1360374470203894
425,1066,1491,0.1360682081491634
435,1064,1499,0.13608923609467932
440,1057,1497,0.13608404115287137
436,1062,1498,0.13606676989334254
431,1068,1499,0.136061751342392
426,1075,1501,0.13606874652449477
422,1081,1503,0.1360878425020713
429,1076,1505,0.13611435687154866
430,1075,1505,0.13612233854422537
437,1077,1514,0.13612845324971595
439,1079,1518,0.13611602388744148
429,1085,1514,0.13609992617758
433,1078,1511,0.1361108992654534
435,1081,1516,0.13611189882140237
434,1089,1523,0.13610785257482497
424,1087,1511,0.13610733849223064
425,1085,1510,0.1361307662077121
426,1087,1513,0.13614951686794938
425,1087,1512,0.13616467356654183
418,1082,1500,0.13618011639814617
409,1090,1499,0.1362121058398568
412,1101,1513,0.13626404311724563
419,1101,1520,0.13630378865269244
420,1093,1513,0.13632291008737846
426,1088,1514,0.13633863851339792
429,1092,1521,0.13633824588948887
432,1093,1525,0.1363312392524004
434,1085,1519,0.13631786195191523
424,1072,1496,0.1363018602333787
420,1090,1510,0.13631095059685017
412,1089,1501,0.13632975260763408
406,1083,1489,0.13636745605359496
403,1086,1489,0.13641726221204983
411,1094,1505,0.1364688363674974
411,1092,1503,0.1364979721336031
417,1103,1520,0.13652536314848093
417,1111,1528,0.13653688862243024
407,1104,1511,0.13654825933244935
400,1110,1510,0.1365834393421046
402,1098,1500,0.1366325058202089
403,1102,1505,0.13667332680813155
407,1107,1514,0.13670892247041952
401,1113,1514,0.13673284204752928
401,1107,1508,0.13676979671870845
407,1112,1519,0.1368039683031711
404,1119,1523,0.13682122566684737
407,1112,1519,0.13684490578812014
409,1113,1522,0.13685895218712374
403,1119,1522,0.13686694510083355
397,1123,1520,0.13688930974301614
398,1109,1507,0.1369245205138662
404,1114,1518,0.13695366264937356
398,1109,1507,0.1369656917948798
394,1115,1509,0.1369913321608383
388,1108,1496,0.13702442956271937
389,1103,1492,0.13706938894060267
403,1097,1500,0.1371078647249508
404,1097,1501,0.13710909803371485
406,1106,1512,0.13710865978269082
401,1109,1510,0.1371054714616812
398,1105,1503,0.1371154611068585
392,1109,1501,0.1371315372680825
391,1112,1503,0.13716174010459978
385,1107,1492,0.13719331298290072
385,1116,1501,0.13723799990229937
384,1126,1510,0.1372789343261349
380,1126,1506,0.13731940915571722
384,1123,1507,0.13736656406747155
388,1129,1517,0.13740112575012253
381,1116,1497,0.1374234999950416
380,1115,1495,0.13746150987341718
378,1131,1509,0.13749927466222275
373,1136,1509,0.13753928420911643
372,1134,1506,0.13758914972219632
375,1136,1511,0.1376384997674766
371,1153,1524,0.1376765794660977
371,1150,1521,0.1377204780697266
377,1146,1523,0.13776200188986112
377,1134,1511,0.13778718621008404
378,1136,1514,0.13781101902774606
383,1138,1521,0.1378312671086681
381,1138,1519,0.1378376037710823
374,1139,1513,0.13784922154698084
371,1143,1514,0.1378774111215989
370,1144,1514,0.13791135715407082
373,1135,1508,0.1379451977851293
373,1138,1511,0.13797001502289327
361,1144,1505,0.13799310542757653
364,1140,1504,0.13804480660732957
368,1139,1507,0.13808665366229675
365,1142,1507,0.13811588784026552
362,1144,1506,0.13815125862572264
365,1144,1509,0.13819127381695182
366,1149,1515,0.13822128149783355
370,1142,1512,0.13824562114845318
373,1131,1504,0.1382585104938072
374,1134,1508,0.1382624759383073
378,1134,1512,0.13826406599741609
374,1141,1515,0.13825679471266408
364,1145,1509,0.13825971620802044
368,1145,1513,0.13829027247240902
362,1138,1500,0.13830826145019276
349,1135,1484,0.13833929120249092
356,1143,1499,0.13840048149279024
365,1152,1517,0.13844017423800636
362,1160,1522,0.13845523106862842
358,1158,1516,0.13847674434392673
352,1156,1508,0.1385061383281102
351,1163,1514,0.13854889201288842
344,1159,1503,0.1385910357716213
344,1156,1500,0.13864723191588593
348,1146,1494,0.1386992632819185
355,1158,1513,0.13873786642381303
349,1164,1513,0.13875572679785247
353,1167,1520,0.13878869035478736
353,1163,1516,0.1388101795207098
350,1154,1504,0.13883056679321196
349,1173,1522,0.13885614565986443
353,1179,1532,0.1388826033881716
347,1171,1518,0.13889758096573546
347,1165,1512,0.13892653208975714
344,1167,1511,0.13895364298276838
346,1160,1506,0.1389853154756385
351,1163,1514,0.13901033118270148
351,1174,1525,0.1390219382003549
345,1180,1525,0.1390337625403777
351,1168,1519,0.1390604032132842
345,1177,1522,0.13906991072026206
342,1177,1519,0.13909357076117612
342,1166,1508,0.1391225365230946
344,1166,1510,0.13914973007932477
336,1180,1516,0.1391690271439762
333,1179,1512,0.1392069796124618
335,1186,1521,0.139249782673746
337,1181,1518,0.1392852327244439
335,1167,1502,0.1393136563850499
334,1154,1488,0.13934426540785172
343,1159,1502,0.1393755238730154
345,1158,1503,0.13938135335359797
343,1151,1494,0.13938185653510454
341,1154,1495,0.13938778943806682
348,1155,1503,0.13939864779654865
350,1163,1513,0.13938961658726323
350,1157,1507,0.13937537102632092
347,1163,1510,0.13936291058754702
350,1159,1509,0.1393600963687162
350,1155,1505,0.13934849798056448
354,1164,1518,0.13933754962588057
346,1165,1511,0.13931695032290695
350,1157,1507,0.13931869738821384
355,1160,1515,0.13931023336123466
354,1155,1509,0.13928881079967617
351,1163,1514,0.13927170718361606
347,1166,1513,0.1392633280970381
344,1165,1509,0.13926514720786762
351,1179,1530,0.1392745153041819
353,1177,1530,0.13926679827070484
355,1167,1522,0.13925505909311248
352,1159,1511,0.13923902785756226
351,1161,1512,0.13923161094546974
350,1166,1516,0.13922739772287024
348,1166,1514,0.139225105827906
352,1163,1515,0.13922663285601253
354,1156,1510,0.13921774094547998
361,1162,1523,0.13920446509626588
359,1165,1524,0.1391744493428018
361,1165,1526,0.1391520531450679
361,1155,1516,0.13912629643015426
358,1153,1511,0.13910286385722212
361,1157,1518,0.13908963147713516
359,1159,1518,0.13906831284649399
356,1163,1519,0.13905307038263415
356,1147,1503,0.13904609817443536
348,1136,1484,0.13903948940771682
346,1139,1485,0.13905384067255125
347,1157,1504,0.13907125018582675
346,1153,1499,0.13908456677264358
353,1144,1497,0.1391000611711945
354,1137,1491,0.13909699428365255
359,1127,1486,0.13909157759418522
359,1135,1494,0.13907355828858908
362,1149,1511,0.13905681270925277
357,1161,1518,0.13903413766420467
349,1168,1517,0.13902562480086683
352,1160,1512,0.13903650779652843
357,1157,1514,0.13903897286537092
356,1150,1506,0.13902890736548898
361,1151,1512,0.1390237719773388
363,1150,1513,0.13900640795818822
367,1145,1512,0.13898538142384154
369,1145,1514,0.1389553121699474
366,1143,1509,0.13892144777564908
374,1139,1513,0.13889874893760998
369,1146,1515,0.1388579783221326
364,1151,1515,0.1388334554154459
366,1164,1530,0.1388242587190656
359,1153,1512,0.13881031991014392
358,1151,1509,0.13881444661362383
357,1143,1500,0.1388214246470385
359,1159,1518,0.13882977183340425
359,1156,1515,0.13883299752487088
366,1160,1526,0.13883600969917761
364,1164,1528,0.1388208788479836
353,1168,1521,0.1388123421876233
355,1167,1522,0.13883191127423936
350,1156,1506,0.13884514873771903
349,1157,1506,0.13886939994734046
349,1162,1511,0.13889377696352842
344,1162,1506,0.1389166630028625
345,1157,1502,0.13895175692678985
350,1155,1505,0.13898088771113673
351,1150,1501,0.13899528192764646
352,1152,1504,0.13900509044648796
356,1155,1511,0.1390126050698322
359,1144,1503,0.13901022840707247
354,1150,1504,0.13900047846569907
355,1159,1514,0.13900502865387243
349,1167,1516,0.1390071434725358
346,1156,1502,0.1390236733503962
338,1168,1506,0.1390469296893399
330,1156,1486,0.13908811737141463
331,1164,1495,0.13914708156871497
341,1175,1516,0.13919838792416658
343,1178,1521,0.13922087938024214
341,1179,1520,0.1392366776331313
341,1173,1514,0.13925710833633081
338,1174,1512,0.13927665816528348
343,1161,1504,0.1393024086372045
340,1165,1505,0.13931364410242533
340,1175,1515,0.13933162047828695
340,1185,1525,0.13934916327042393
338,1179,1517,0.13936542372857028
338,1177,1515,0.1393852592859275
337,1171,1508,0.139403888769291
339,1166,1505,0.1394245836945354
338,1167,1505,0.1394396420861405
341,1164,1505,0.1394558710398589
341,1163,1504,0.13946316598805936
342,1170,1512,0.13947049453550073
342,1171,1513,0.1394745462028648
338,1170,1508,0.1394782256533887
339,1173,1512,0.1394917193987287
343,1174,1517,0.1395012693002676
338,1180,1518,0.1395013553297009
331,1174,1505,0.1395131552792645
332,1180,1512,0.13954151444192708
336,1176,1512,0.1395644154380111
329,1172,1501,0.13957540759814369
325,1176,1501,0.13960391831913627
330,1181,1511,0.13964045578729686
331,1170,1501,0.13966163787897298
333,1176,1509,0.13967932136949002
337,1200,1537,0.13968962526002693
334,1197,1531,0.13968929127194266
339,1191,1530,0.13969685136220356
336,1176,1512,0.13969049902068476
333,1176,1509,0.13969280797859224
331,1162,1493,0.13970247835603378
331,1177,1508,0.13971747984638866
330,1166,1496,0.13973008972277035
332,1171,1503,0.1397451795756998
330,1160,1490,0.13975403471137707
327,1168,1495,0.13976662826299274
329,1160,1489,0.13978572237221643
330,1162,1492,0.13979867169446883
335,1169,1504,0.13980710591480217
331,1178,1509,0.13980239010547837
329,1175,1504,0.13980763236652796
325,1169,1494,0.13981739096068968
334,1181,1515,0.13983662708608224
339,1179,1518,0.13983097788959395
330,1178,1508,0.13981367120073332
332,1170,1502,0.13982057982569035
334,1182,1516,0.13982161336006643
334,1177,1511,0.13981753144373532
334,1180,1514,0.13981389514479484
332,1176,1508,0.13981081087931088
328,1186,1514,0.13981300096430452
335,1190,1525,0.13982531350841587
331,1182,1513,0.13981847556755578
333,1182,1515,0.13982230001421134
335,1178,1513,0.1398209098491491
335,1182,1517,0.13981362640358241
331,1182,1513,0.13980679071949953
328,1190,1518,0.13981141655521576
324,1190,1514,0.13982298799431414
330,1179,1509,0.13984393340903956
327,1189,1516,0.13984777580946173
327,1183,1510,0.13985935303449806
325,1179,1504,0.13986965929816025
322,1187,1509,0.1398837827932828
313,1194,1507,0.1399040559208809
316,1197,1513,0.13994674019142972
318,1189,1507,0.13997784033814467
316,1194,1510,0.14000172839957362
321,1194,1515,0.14002939604384235
320,1190,1510,0.14004117961282803
320,1195,1515,0.14005443171713805
325,1196,1521,0.1400676395273701
324,1203,1527,0.14006817886209064
325,1211,1536,0.14007100915104403
319,1213,1532,0.14007135608450877
317,1205,1522,0.14008730633061134
323,1198,1521,0.14010728849365287
318,1193,1511,0.1401102491707644
324,1205,1529,0.14012597245488198
324,1198,1522,0.14012422130031932
323,1208,1531,0.1401231077964127
320,1201,1521,0.1401244110664152
317,1211,1528,0.14013144129667396
318,1196,1514,0.14014642017266857
318,1188,1506,0.14015684643505857
317,1192,1509,0.14016711280118932
318,1193,1511,0.14018006042283995
318,1202,1520,0.14019005340151194
321,1195,1516,0.14019870026331968
326,1189,1515,0.14019847279473496
329,1187,1516,0.14018533295777127
329,1197,1526,0.14016462195078272
325,1186,1511,0.14014463261104734
328,1188,1516,0.14013596603277745
327,1192,1519,0.14011983795201355
327,1195,1522,0.14010845383122714
327,1199,1526,0.1400978483496801
322,1198,1520,0.14008764656998815
326,1201,1527,0.1400918157343728
324,1195,1519,0.14008503641276693
324,1189,1513,0.14008411227604983
320,1196,1516,0.14008463409854305
320,1184,1504,0.1400960310995997
315,1198,1513,0.14010565027854457
312,1198,1510,0.14012802974477054
308,1189,1497,0.1401558812201596
315,1196,1511,0.14019287468886632
318,1205,1523,0.1402093554269852
313,1204,1517,0.140217305267754
309,1208,1517,0.14023743521291124
312,1218,1530,0.1402674244516191
302,1214,1516,0.14028774937646674
302,1217,1519,0.14033263035127333
302,1211,1513,0.14037406076899844
304,1214,1518,0.14041273752316136
297,1207,1504,0.14044488551018283
293,1215,1508,0.14049310398060638
295,1221,1516,0.14054817211532616
289,1225,1514,0.14059508679084598
292,1228,1520,0.1406536630118204
290,1214,1504,0.1407000159588735
288,1212,1500,0.14074829292295235
294,1215,1509,0.14079788171832178
293,1217,1510,0.14082782719903433
295,1223,1518,0.14085913759782567
294,1226,1520,0.14088271170720784
293,1224,1517,0.14090774854302068
293,1215,1508,0.14093327653174378
297,1214,1511,0.1409574901950145
293,1214,1507,0.1409709287660878
296,1221,1517,0.140993307008536
294,1221,1515,0.14100711885847672
295,1205,1500,0.14102519535123922
298,1217,1515,0.14103976858678147
300,1220,1520,0.14104571217717476
291,1222,1513,0.14104657804926474
295,1228,1523,0.1410707976954114
295,1224,1519,0.14108343803170884
294,1212,1506,0.1410941711393617
295,1216,1511,0.14110754318508054
293,1220,1513,0.14111780077022273
294,1224,1518,0.14113167698709084
289,1227,1516,0.1411425743575931
286,1230,1516,0.14116623135338402
287,1222,1509,0.1411950160418142
286,1220,1506,0.14121945975598177
295,1234,1529,0.1412445999441809
294,1231,1525,0.14124430098791868
297,1228,1525,0.1412469871676382
298,1218,1516,0.14124217227651725
293,1215,1508,0.1412345172719554
297,1211,1508,0.14124025728270556
290,1209,1499,0.1412349066199104
289,1217,1506,0.141247814692684
290,1227,1517,0.14126219099324644
288,1229,1517,0.14127233434865555
292,1226,1518,0.14128738556845927
292,1228,1520,0.14129056390738204
287,1231,1518,0.14129379286715865
288,1234,1522,0.1413099593992529
287,1238,1525,0.1413217787006538
284,1240,1524,0.14133592586901617
285,1236,1521,0.14135711778645665
285,1232,1517,0.14137363571933453
290,1223,1513,0.1413887292258789
287,1221,1508,0.14138955928157806
288,1214,1502,0.14139741274839793
287,1219,1506,0.14140229401848
286,1225,1511,0.14140899586805258
287,1234,1521,0.14141890353197417
289,1211,1500,0.14142506924146936
288,1216,1504,0.1414247905020817
290,1222,1512,0.14142672280242016
298,1226,1524,0.14142389244706732
289,1238,1527,0.14140031476358164
282,1231,1513,0.14140404297694067
280,1233,1513,0.14142548945016464
283,1228,1511,0.14145068257030582
282,1233,1515,0.14146609521983974
280,1225,1505,0.14148310424919164
275,1234,1509,0.14150460875673054
276,1248,1524,0.1415372062620455
276,1238,1514,0.14156557762418084
272,1240,1512,0.14159216570686944
273,1248,1521,0.14162774724027075
266,1246,1512,0.14165719002407198
271,1233,1504,0.14170209673760367
270,1243,1513,0.14173076500225576
271,1229,1500,0.1417596586453622
270,1235,1505,0.14178578538209802
267,1239,1506,0.14181275867781623
265,1247,1512,0.14184588322955138
266,1241,1507,0.1418809381405123
261,1245,1506,0.14191155682698395
257,1246,1503,0.14195354901822482
256,1250,1506,0.14200350364955155
258,1250,1508,0.14205258545959293
260,1244,1504,0.14209274863950097
262,1252,1514,0.14212475220761095
261,1255,1516,0.1421492983885093
257,1260,1517,0.14217507835451798
256,1252,1508,0.14220931211521534
259,1267,1526,0.1422440919296557
258,1269,1527,0.1422685301513483
258,1264,1522,0.1422944070951476
258,1268,1526,0.14231972777380825
258,1269,1527,0.1423432980511081
260,1254,1514,0.14236605922360637
263,1257,1520,0.1423823645562403
261,1259,1520,0.1423891093058085
262,1265,1527,0.14240080987783055
255,1259,1514,0.14240925741952387
258,1262,1520,0.14243560556520002
264,1254,1518,0.14245293762302644
265,1247,1512,0.1424535003996181
259,1254,1513,0.14245173762015675
255,1266,1521,0.1424647231819473
254,1256,1510,0.14248814584741545
253,1260,1513,0.1425134281422347
252,1260,1512,0.1425382372514261
249,1271,1520,0.142564545361271
249,1263,1512,0.14259517567844668
250,1250,1500,0.1426228943828134
253,1255,1508,0.14264697992777056
249,1259,1508,0.14266115652449204
250,1256,1506,0.1426845437469979
249,1266,1515,0.14270324784846136
241,1270,1511,0.1427241424615769
235,1282,1517,0.14276527158912924
236,1268,1504,0.14281841795085845
239,1254,1493,0.1428652518849063
241,1271,1512,0.14290138710965133
245,1272,1517,0.14292977315380323
244,1273,1517,0.1429458801355921
243,1274,1517,0.14296373757008737
237,1283,1520,0.14298422668630426
243,1277,1520,0.1430196716220894
243,1258,1501,0.143036354036448
241,1259,1500,0.14305157824431303
241,1255,1496,0.14307145989767292
243,1265,1508,0.143089876053678
238,1260,1498,0.14310117006178172
241,1278,1519,0.1431248871073672
243,1277,1520,0.14313885482473318
241,1278,1519,0.14314738960900286
243,1275,1518,0.14316032917636043
245,1286,1531,0.14316716046486458
246,1270,1516,0.14316837339155453
246,1268,1514,0.14316750036380305
239,1277,1516,0.14316658271806057
236,1273,1509,0.14318463805806997
241,1280,1521,0.143209497508556
243,1275,1518,0.1432187420832504
242,1273,1515,0.1432226848672748
243,1272,1515,0.14322975834337004
240,1265,1505,0.1432338353676232
244,1272,1516,0.14324560283370855
241,1269,1510,0.14324498371844538
241,1267,1508,0.14325270301902152
240,1273,1513,0.14326077861472558
240,1262,1502,0.1432702961379743
242,1267,1509,0.1432788407782144
245,1267,1512,0.14328202403401538
245,1268,1513,0.1432776771851228
244,1278,1522,0.1432736600313547
245,1263,1508,0.1432725182887479
240,1263,1503,0.14326921734185366
245,1270,1515,0.14328036702299238
243,1271,1514,0.1432765547387061
240,1263,1503,0.14327810337448185
240,1274,1514,0.14328801874617242
240,1275,1515,0.1432974108958414
234,1272,1506,0.14330588177400405
235,1266,1501,0.1433298235950037
236,1276,1512,0.14334881939586427
234,1282,1516,0.1433647786410379
232,1263,1495,0.1433850699534054
229,1273,1502,0.14340815484436753
231,1284,1515,0.14343802643867723
235,1288,1523,0.1434602476126283
237,1283,1520,0.14347024548804868
238,1281,1519,0.14347340603841463
235,1282,1517,0.1434740403994236
233,1273,1506,0.1434831125454822
232,1281,1513,0.14349794316204065
226,1277,1503,0.1435153708711185
221,1276,1497,0.14354665764162253
225,1283,1508,0.14358870448835329
229,1279,1508,0.14361733562891385
227,1289,1516,0.14363299679928296
227,1276,1503,0.14365304700003223
231,1270,1501,0.1436719465784543
228,1284,1512,0.14367915757312472
229,1289,1518,0.14369298745304743
225,1292,1517,0.14370427622437226
226,1281,1507,0.143726186289452
223,1286,1509,0.14374358061002693
224,1285,1509,0.1437683943230724
233,1282,1515,0.14378879584405083
230,1278,1508,0.14378344003216592
231,1270,1501,0.14378619756783934
229,1280,1509,0.14378568432249955
232,1290,1522,0.14379026025514727
235,1294,1529,0.1437888818765282
235,1287,1522,0.1437795879418565
230,1287,1517,0.14377155429369926
228,1297,1525,0.14377809883083478
232,1302,1534,0.14378871983082797
230,1301,1531,0.14378850275498212
227,1305,1532,0.1437941376960608
229,1300,1529,0.1438077029121253
224,1292,1516,0.14381560268220883
221,1293,1514,0.14383573451639595
224,1281,1505,0.14386217354539102
221,1287,1508,0.14387947240719812
224,1295,1519,0.1439045652857994
225,1292,1517,0.1439197696580773
227,1296,1523,0.1439305165315429
223,1300,1523,0.14393579143284943
222,1296,1518,0.1439513438990473
222,1281,1503,0.14396847771980434
218,1288,1506,0.1439841160742838
217,1295,1512,0.14400789134593783
217,1282,1499,0.14403248903107768
219,1284,1503,0.14405489684597492
225,1291,1516,0.1440709284467581
215,1291,1506,0.1440702193292185
216,1290,1506,0.14409533143108352
217,1302,1519,0.14411550584230184
214,1304,1518,0.14413309715471415
218,1298,1516,0.14415628867396318
211,1298,1509,0.1441676375156379
211,1292,1503,0.14419618428037922
211,1297,1508,0.14422253086732828
213,1299,1512,0.1442474708672468
213,1312,1525,0.1442649860861902
211,1309,1520,0.1442810742883599
211,1304,1515,0.14430303816318296
209,1302,1511,0.14432398127172463
207,1308,1515,0.1443501414020648
209,1307,1516,0.14438048041838988
202,1308,1510,0.14440386185394474
198,1315,1513,0.1444451086428421
196,1318,1514,0.14449379451402725
199,1314,1513,0.14454340957438094
201,1320,1521,0.14458199040234843
202,1322,1524,0.1446127052029592
208,1316,1524,0.1446381018969181
207,1312,1519,0.1446460911753327
207,1306,1513,0.14465593311783617
206,1311,1517,0.14466477472548364
204,1323,1527,0.14467627598128743
205,1331,1536,0.14469217757088487
203,1323,1526,0.14470475757589354
197,1323,1520,0.14472159843568286
196,1316,1512,0.14475273824089746
197,1315,1512,0.14478515799106723
197,1303,1500,0.14481250396035464
197,1298,1495,0.14483795122610563
188,1299,1487,0.14486150190247898
190,1311,1501,0.14490742243919155
197,1316,1513,0.14494474795397017
197,1318,1515,0.1449607660432472
192,1314,1506,0.14497593544943638
194,1323,1517,0.14500310679568762
191,1318,1509,0.1450233782438974
191,1319,1510,0.14505017874337386
193,1301,1494,0.1450747956189341
188,1314,1502,0.1450927649438051
190,1336,1526,0.14512345812678
190,1335,1525,0.14514750931088333
195,1328,1523,0.14517025552058407
194,1329,1523,0.14517921979077275
193,1329,1522,0.1451905456273661
193,1330,1523,0.1452040121397761
194,1334,1528,0.14521586834134032
194,1321,1515,0.1452243661891071
187,1326,1513,0.14523269007686776
186,1322,1508,0.14525964724730472
188,1315,1503,0.14528685038620703
190,1315,1505,0.14530749599844436
192,1309,1501,0.14532214950735914
190,1323,1513,0.14533140080320484
189,1324,1513,0.14534577848612515
190,1324,1514,0.1453617008365968
191,1326,1517,0.14537299476492127
184,1329,1513,0.14538106103157414
185,1324,1509,0.14540560092652918
185,1321,1506,0.14542578581932677
188,1328,1516,0.14544543685390685
187,1330,1517,0.14545559685807402
183,1339,1522,0.14546756052604712
182,1329,1511,0.14548943307217796
182,1320,1502,0.14551270324665905
184,1322,1506,0.14553572647921836
186,1320,1506,0.145550830125074
188,1327,1515,0.14555984670539154
183,1325,1508,0.14556285602265406
181,1340,1521,0.14557991586039645
179,1343,1522,0.14560198961010362
179,1338,1517,0.14562719804877078
174,1347,1521,0.14565083757366012
181,1349,1530,0.14568567800806034
178,1353,1531,0.14569891562786186
176,1352,1528,0.14571967367857655
175,1340,1515,0.14574484020573308
174,1340,1514,0.14577310423326192
173,1350,1523,0.1458024320203461
175,1347,1522,0.1458324385329595
174,1342,1516,0.14585537113962072
169,1341,1510,0.14587962046502273
171,1344,1515,0.14591625312060363
171,1348,1519,0.14594407822359035
170,1340,1510,0.14597025837933222
171,1337,1508,0.1459976908307139
166,1341,1507,0.14602178244259487
167,1336,1503,0.1460575269414701
168,1334,1502,0.14608871158616554
167,1330,1497,0.14611495538723013
167,1344,1511,0.14614314228425662
168,1347,1515,0.14616883693061378
167,1342,1509,0.14619068478320696
167,1337,1504,0.1462147236785927
168,1329,1497,0.14623739222127188
172,1338,1510,0.14625586319808145
167,1336,1503,0.14626213076053163
170,1354,1524,0.1462814566498113
166,1334,1500,0.14629093967490864
163,1334,1497,0.14631168963686098
159,1349,1508,0.14633944969151383
159,1363,1522,0.14637639359133583
159,1358,1517,0.14641121493249287
156,1364,1520,0.14644384741261307
155,1373,1528,0.1464827143047902
155,1370,1525,0.14652117066212775
156,1367,1523,0.14655662709748454
157,1364,1521,0.14658695134381247
156,1357,1513,0.14661232367830207
154,1350,1504,0.14663849992413108
152,1357,1509,0.14666793307724757
151,1365,1516,0.14670064983787878
145,1361,1506,0.14673251504505053
145,1364,1509,0.14677816030418647
146,1361,1507,0.14682045945868125
152,1371,1523,0.14685728121320538
149,1371,1520,0.14687585712801224
151,1379,1530,0.14690249159103114
152,1366,1518,0.146922415936054
152,1354,1506,0.14693806798961745
150,1345,1495,0.14695343943328618
148,1350,1498,0.1469738139351672
150,1352,1502,0.1469984728305754
149,1356,1505,0.14701620957567027
150,1369,1519,0.1470350142767174
147,1364,1511,0.14705034230369027
151,1370,1521,0.14707289965353065
151,1373,1524,0.14708260606434398
150,1348,1498,0.14709166868135107
153,1359,1512,0.14710122238572892
158,1359,1517,0.14710224284746093
160,1356,1516,0.14708909745126836
155,1368,1523,0.14707163358513756
154,1357,1511,0.14706923469068972
151,1363,1514,0.14707007852036968
151,1365,1516,0.14707935682224074
150,1360,1510,0.14708773282832727
153,1368,1521,0.14709852699950487
153,1374,1527,0.147099323579278
153,1371,1524,0.1471001619066095
154,1370,1524,0.14710024658099233
149,1366,1515,0.14709783809539176
148,1369,1517,0.14710913144791232
145,1368,1513,0.1471229328716743
139,1361,1500,0.14714515181115473
140,1360,1500,0.14718239808092698
144,1358,1502,0.1472141609459917
151,1369,1520,0.14723334314706885
150,1373,1523,0.14723260565338844
145,1366,1511,0.1472348633397398
151,1365,1516,0.14725067835194383
149,1359,1508,0.1472495452645185
148,1366,1514,0.14725341530127614
145,1362,1507,0.14725994044125548
147,1362,1509,0.14727350381775053
147,1360,1507,0.14727998907274267
148,1370,1518,0.1472858924920102
148,1372,1520,0.14728948608703532
144,1373,1517,0.14729364415452503
138,1367,1505,0.14730871355408579
136,1381,1517,0.14733876289729053
139,1379,1518,0.14737149990002066
143,1376,1519,0.14739376411093072
143,1370,1513,0.1474040930337363
138,1377,1515,0.1474134015444334
138,1376,1514,0.14743565790973898
139,1361,1500,0.14745736579584726
141,1364,1505,0.14747457429042898
138,1368,1506,0.14748511664606428
136,1378,1514,0.14750368278992135
136,1379,1515,0.1475270261733277
140,1378,1518,0.14754764056150155
139,1388,1527,0.14755657065811176
137,1385,1522,0.1475674483007235
134,1384,1518,0.14758339644056093
131,1377,1508,0.14760673090708626
137,1382,1519,0.14763624164580094
138,1375,1513,0.14764708999494322
137,1361,1498,0.14765505121198833
140,1377,1517,0.14766529220985072
139,1384,1523,0.1476671196912216
137,1382,1519,0.14767186649965466
135,1381,1516,0.14768159435921085
136,1390,1526,0.14769665660365797
137,1394,1531,0.14770783856007333
136,1390,1526,0.14771501586533736
132,1377,1509,0.14772484765733673
132,1377,1509,0.147744468464969
132,1383,1515,0.1477633929927506
132,1388,1520,0.14778063116514456
134,1390,1524,0.1477964006233238
136,1380,1516,0.14780447777404102
137,1392,1529,0.14780704929544886
137,1378,1515,0.14780579218076145
138,1381,1519,0.14780493003776274
139,1390,1529,0.14780069851459465
141,1375,1516,0.14779449192900723
140,1371,1511,0.14778318944801028
141,1381,1522,0.14777525476523876
137,1386,1523,0.1477657991746124
138,1394,1532,0.14776939172922232
135,1388,1523,0.14777023642567808
138,1378,1516,0.14778002462934167
132,1382,1514,0.14778186878390775
131,1389,1520,0.14779990765603
137,1390,1527,0.14781826479829038
134,1382,1516,0.1478193074921378
134,1384,1518,0.14782836076504066
133,1392,1525,0.14783703769685302
137,1377,1514,0.14784807103293326
134,1390,1524,0.14784731805988588
134,1401,1535,0.1478552738399536
136,1387,1523,0.14786298630829486
133,1381,1514,0.14786495272055464
133,1381,1514,0.14787494804241932
132,1394,1526,0.14788413772378445
133,1377,1510,0.14789561223315842
131,1382,1513,0.1479038543585728
129,1370,1499,0.14791718042203011
129,1377,1506,0.1479352553064256
129,1376,1505,0.1479522719950378
133,1367,1500,0.14796778549507045
134,1381,1515,0.1479720116785231
135,1377,1512,0.1479730156856081
135,1386,1521,0.14797159234309468
134,1396,1530,0.1479714003319006
130,1404,1534,0.14797395728755006
129,1398,1527,0.14798729162600213
129,1398,1527,0.1480020219451176
130,1392,1522,0.14801606851460025
129,1400,1529,0.14802623093614972
123,1400,1523,0.14803816483648935
124,1389,1513,0.1480645874434294
122,1393,1515,0.14808678334337497
125,1384,1509,0.14811334765217152
126,1392,1518,0.14813030756304488
124,1389,1513,0.14814276762268097
125,1406,1531,0.14816021650741726
124,1379,1503,0.14817426891795663
124,1390,1514,0.14819037773219867
126,1381,1507,0.14820555911532196
122,1381,1503,0.14821393018091653
119,1390,1509,0.1482328491933971
120,1395,1515,0.14825852946446944
124,1402,1526,0.1482801201434933
124,1399,1523,0.14828928814180536
124,1398,1522,0.14829761101075734
125,1391,1516,0.14830542913303948
125,1398,1523,0.1483096655425159
124,1394,1518,0.14831314072076243
123,1389,1512,0.14831854882218695
124,1387,1511,0.14832620581074923
121,1396,1517,0.14833056262521288
119,1399,1518,0.14834321164156572
121,1400,1521,0.14836060055867673
126,1390,1516,0.14837195573106857
126,1388,1514,0.148368475981957
125,1401,1526,0.1483656328204403
126,1403,1529,0.14836567795862154
126,1405,1531,0.1483630467956571
124,1406,1530,0.14836103888934
122,1407,1529,0.14836450084288935
118,1409,1527,0.14837352136360932
115,1393,1508,0.14839328402872784
116,1404,1520,0.14841947096617156
117,1397,1514,0.14844084262202636
115,1384,1499,0.14845874376368762
114,1379,1493,0.14848045117414366
114,1365,1479,0.14850390920682663
114,1387,1501,0.14852625562702115
115,1397,1512,0.14854727809816207
116,1393,1509,0.14856427284784104
120,1395,1515,0.14857747550175177
118,1396,1514,0.14857882398342037
116,1393,1509,0.14858575389544718
115,1398,1513,0.14859830074143957
117,1389,1506,0.1486124340553974
118,1398,1516,0.14862066228516047
115,1398,1513,0.14862594072607332
114,1411,1525,0.14863857309423092
117,1412,1529,0.14865280470071462
115,1406,1521,0.1486575457598209
116,1405,1521,0.14866808992776417
114,1403,1517,0.14867458160406688
115,1404,1519,0.14868580585413377
116,1392,1508,0.14869377885555682
117,1410,1527,0.14869838644206265
116,1413,1529,0.14870046722555316
116,1401,1517,0.14870631764802644
113,1396,1509,0.14871202380424303
110,1399,1509,0.14872598638383722
109,1395,1504,0.14874690476770275
111,1390,1501,0.14876885399398482
112,1393,1505,0.14878312401816654
117,1396,1513,0.14879278591435185
117,1396,1513,0.1487884839311241
113,1385,1498,0.148784933226477
113,1395,1508,0.1487923203783384
113,1415,1528,0.1487996050268718
107,1414,1521,0.1488067655968796
113,1408,1521,0.14883072349287305
111,1420,1531,0.1488358595679875
112,1410,1522,0.14884663327239897
114,1401,1515,0.14885383308088962
110,1408,1518,0.14885450359250557
106,1403,1509,0.14886659522577747
109,1399,1508,0.1488881568719751
109,1405,1514,0.14890024245880865
111,1390,1501,0.14891191907715048
109,1394,1503,0.14891699192858032
111,1392,1503,0.14892704361848186
113,1393,1506,0.14893056053014037
112,1401,1513,0.14892857660497227
113,1391,1504,0.1489295767881678
112,1390,1502,0.14892762010366106
114,1377,1491,0.14892813753876158
116,1378,1494,0.14892168917504786
116,1386,1502,0.1489107395946304
116,1392,1508,0.14890138337048492
117,1397,1514,0.1488929673342636
117,1387,1504,0.14888295080260527
116,1400,1516,0.14887389799025602
115,1404,1519,0.14886778392292743
115,1399,1514,0.14886484695253574
113,1402,1515,0.1488619512166006
113,1391,1504,0.14886466766083403
114,1392,1506,0.14886654981611663
112,1390,1502,0.14886559615978368
112,1411,1523,0.14887020790977776
112,1413,1525,0.14887543110091989
114,1407,1521,0.1488793506438698
114,1411,1525,0.14887767366398166
114,1404,1518,0.14887603294111518
117,1392,1509,0.14887454172354214
115,1401,1516,0.1488633317017904
113,1397,1510,0.14885817376056898
115,1395,1510,0.1488584839870349
113,1405,1518,0.14885319212242662
117,1396,1513,0.14885389745275257
115,1403,1518,0.14884259096734392
114,1411,1525,0.14883773073720874
116,1403,1519,0.1488356311037005
117,1407,1524,0.1488288187407442
110,1414,1524,0.14882035035024135
106,1412,1518,0.14883250601910297
110,1407,1517,0.14885454663886513
109,1399,1508,0.148864037607125
112,1403,1515,0.14887541533133647
111,1403,1514,0.1488777896920714
107,1413,1520,0.14888268337777602
107,1414,1521,0.148898736224061
109,1420,1529,0.14891325886279025
105,1416,1521,0.14892168171824724
107,1415,1522,0.14894059828906614
109,1427,1536,0.1489528953190871
106,1425,1531,0.14895884494532555
111,1407,1518,0.14897268783661913
109,1396,1505,0.14897144023072603
112,1396,1508,0.1489765490470899
112,1400,1512,0.14897289854076748
107,1393,1500,0.14896926066406121
106,1407,1513,0.14898005776251705
106,1407,1513,0.14899257434079283
103,1426,1529,0.14900471165547746
104,1415,1519,0.14902375439524973
100,1426,1526,0.14903920491996817
102,1409,1511,0.1490644974716703
106,1410,1516,0.14908168064263994
106,1411,1517,0.1490864523573706
102,1409,1511,0.14909119861302383
101,1408,1509,0.14910669288715794
104,1402,1506,0.1491236843131174
107,1398,1505,0.14913134954550417
107,1409,1516,0.1491309175339685
104,1409,1513,0.14913052918844927
102,1412,1514,0.14913780344547245
109,1410,1519,0.1491506513176002
107,1405,1512,0.1491441184214056
106,1410,1516,0.149144070692377
109,1408,1517,0.14914702764929738
108,1412,1520,0.1491417476478396
103,1410,1513,0.14913950866731998
101,1422,1523,0.14915223614059359
101,1422,1523,0.14916943714865652
102,1414,1516,0.1491847542300852
102,1415,1517,0.1491964434739543
104,1415,1519,0.14920693285286635
101,1416,1517,0.14921152379336936
99,1417,1516,0.1492241832387987
95,1427,1522,0.14924189591192827
94,1419,1513,0.14926873117654646
93,1415,1508,0.14929632782598914
96,1414,1510,0.14932464243306615
98,1422,1520,0.14934298747161723
98,1421,1519,0.1493541327076497
100,1416,1516,0.14936580004766017
100,1414,1514,0.14937106241361658
100,1410,1510,0.14937595279286187
100,1412,1512,0.1493814303453979
103,1414,1517,0.1493860168731658
106,1397,1503,0.14938288485223775
106,1407,1513,0.1493716461768204
110,1409,1519,0.14936137527629822
103,1417,1520,0.14934023890880777
102,1406,1508,0.1493398698065376
101,1405,1506,0.14934243507400383
101,1413,1514,0.14934795722543479
100,1413,1513,0.1493528329330479
103,1411,1514,0.14936030646079115
103,1415,1518,0.14935935278066495
101,1424,1525,0.1493585130720942
100,1424,1524,0.14936339562235112
99,1414,1513,0.14937109459012082
100,1406,1506,0.1493812878259108
103,1415,1518,0.14938813803866816
102,1414,1516,0.14938644202691176
98,1419,1517,0.14938805545907774
99,1433,1532,0.14940092583760303
96,1418,1514,0.1494107181080645
100,1416,1516,0.14942785006786377
101,1417,1518,0.1494325302099948
101,1413,1514,0.14943395787381888
101,1415,1516,0.14943552997808066
99,1416,1515,0.14943722344190688
100,1414,1514,0.14944444865778536
98,1417,1515,0.14944838355791157
100,1416,1516,0.14945716065445094
98,1416,1514,0.14946018295906416
98,1406,1504,0.14946946876157957
99,1416,1515,0.14947813707308563
101,1419,1520,0.14948312998903796
100,1434,1534,0.14948280208774198
99,1424,1523,0.14948514634195603
97,1416,1513,0.1494899170643748
99,1423,1522,0.14950008434683715
97,1428,1525,0.14950369365423305
97,1428,1525,0.1495125297050315
95,1420,1515,0.1495207936913226
95,1410,1505,0.1495337256528594
96,1399,1495,0.14954568893243325
95,1418,1513,0.14955425603287623
94,1393,1487,0.14956566202469276
95,1406,1501,0.1495790828234159
97,1412,1509,0.14958859488733123
94,1419,1513,0.1495923071283484
97,1419,1516,0.14960459207071616
96,1425,1521,0.14960815575475256
95,1429,1524,0.14961390486855242
96,1439,1535,0.14962183129618128
95,1432,1527,0.14962607622000093
95,1427,1522,0.14963314831402438
94,1411,1505,0.14964047076035492
95,1411,1506,0.14965019733797238
95,1410,1505,0.14965586845355106
94,1418,1512,0.14966119629703167
92,1416,1508,0.14966871826232914
89,1421,1510,0.149681064508094
90,1430,1520,0.14970081198595114
92,1423,1515,0.14971666213531573
94,1430,1524,0.14972601119045262
94,1427,1521,0.149729601294093
95,1431,1526,0.14973309256724032
95,1429,1524,0.14973375577696
95,1430,1525,0.1497348219008396
97,1432,1529,0.14973494150582758
95,1424,1519,0.14972907200452093
91,1429,1520,0.14972894591305466
93,1428,1521,0.1497398142491768
95,1425,1520,0.1497444691464319
95,1425,1520,0.14974342946833438
96,1418,1514,0.14974250655482266
99,1419,1518,0.14973924803839364
97,1431,1528,0.14972783202254672
97,1424,1521,0.14972330730110814
96,1427,1523,0.14971914701320232
96,1419,1515,0.14971731370009014
97,1427,1524,0.14971554638303813
97,1428,1525,0.14971198440388067
95,1419,1514,0.14970845305503463
95,1424,1519,0.14971071543932274
99,1411,1510,0.14971314629689536
98,1418,1516,0.14970453399102251
98,1406,1504,0.14969880150262171
98,1406,1504,0.1496941862947317
99,1408,1507,0.1496888124243701
99,1418,1517,0.14968024168564806
99,1421,1520,0.14967213912695854
101,1424,1525,0.14966520542034412
101,1419,1520,0.14965308129806343
102,1429,1531,0.1496417337277101
102,1423,1525,0.1496288496110173
102,1426,1528,0.14961691027920745
101,1419,1520,0.14960521139013408
103,1418,1521,0.14959716001452203
103,1416,1519,0.14958355837456136
102,1421,1523,0.1495711550311037
104,1416,1520,0.1495624292045533
99,1423,1522,0.14954854350800403
100,1432,1532,0.14954900497033238
96,1433,1529,0.1495459305330657
99,1427,1526,0.14955349413658348
97,1429,1526,0.14955355585400734
100,1440,1540,0.14955944436559648
99,1424,1523,0.14955660580359378
94,1428,1522,0.1495565691964202
92,1426,1518,0.1495711245357559
95,1426,1521,0.14958959414822423
97,1427,1524,0.14959815198723997
96,1417,1513,0.14960169033069748
96,1420,1516,0.14960703316739873
96,1421,1517,0.14961262606165313
92,1421,1513,0.14961848606688274
90,1413,1503,0.14963470751567484
87,1417,1504,0.14965513332322897
90,1420,1510,0.1496820596543813
92,1419,1511,0.14969944143229444
90,1417,1507,0.14970992547549952
92,1422,1514,0.14972536306842893
93,1418,1511,0.14973428985628667
94,1422,1516,0.14974004480437542
92,1415,1507,0.1497429715860917
90,1416,1506,0.1497514405748538
88,1417,1505,0.14976433256102273
89,1428,1517,0.14978163272364395
92,1417,1509,0.14979480901895198
91,1427,1518,0.1497993620989541
91,1424,1515,0.1498076690505326
88,1426,1514,0.14981513314050726
88,1439,1527,0.1498302907884996
88,1438,1526,0.1498448039608008
88,1440,1528,0.14985826026565388
84,1429,1513,0.1498702138918071
85,1423,1508,0.1498918487646928
83,1425,1508,0.1499093084409166
86,1433,1519,0.14993092499712793
83,1438,1521,0.14994276615792987
82,1437,1519,0.1499617466195656
84,1445,1529,0.1499823326175456
86,1436,1522,0.14999552994811957
87,1433,1520,0.1500025329773607
85,1437,1522,0.15000582707859167
85,1435,1520,0.1500149146678992
82,1433,1515,0.15002300630914875
83,1439,1522,0.15003922587496052
87,1423,1510,0.15005095375824126
87,1419,1506,0.15005076415013088
89,1423,1512,0.15005066286815746
89,1416,1505,0.150045448009822
90,1417,1507,0.15004099288506706
91,1422,1513,0.1500340177617913
90,1428,1518,0.15002457948412698
92,1421,1513,0.1500180855113876
90,1429,1519,0.15000688758447414
86,1429,1515,0.15000199789324775
88,1434,1522,0.15000807457310117
88,1431,1519,0.1500087715961803
87,1429,1516,0.15000908400276403
89,1427,1516,0.1500122529771564
85,1416,1501,0.15000911591345234
85,1408,1493,0.15001649096684455
84,1413,1497,0.15002347473051178
85,1419,1504,0.15003278616605564
86,1426,1512,0.1500389082253413
83,1430,1513,0.1500421098994696
85,1417,1502,0.1500537999531174
85,1422,1507,0.150059173821987
86,1421,1507,0.15006423176442285
86,1427,1513,0.1500662527665646
84,1429,1513,0.15006860690281149
83,1417,1500,0.15007655034637155
79,1440,1519,0.15008680036326258
78,1441,1519,0.1501073142829489
81,1439,1520,0.15012914430244514
77,1436,1513,0.15013986685400815
76,1438,1514,0.15016163268796917
79,1436,1515,0.15018392035498415
78,1438,1516,0.15019663073598466
80,1440,1520,0.15021113000684663
78,1428,1506,0.1502194657804433
77,1444,1521,0.15023312134284839
79,1442,1521,0.15024866664992634
80,1433,1513,0.15025790963224128
79,1431,1510,0.15026396502976155
73,1438,1511,0.15027240805461856
75,1437,1512,0.15029748008097635
72,1446,1518,0.15031502090886614
72,1435,1507,0.15034049294753482
70,1438,1508,0.15036423376666036
72,1451,1523,0.15039234793626974
68,1448,1516,0.15041359064511148
69,1454,1523,0.15044524296413772
68,1442,1510,0.15047194319870166
69,1453,1522,0.15049945724028985
69,1454,1523,0.15052208974233985
68,1450,1518,0.15054416105780116
69,1438,1507,0.15056694308162857
72,1439,1511,0.1505849213707175
70,1430,1500,0.1505934299887938
71,1426,1497,0.1506067588204902
69,1445,1514,0.1506169828789266
70,1441,1511,0.15063210980217548
70,1450,1520,0.15064320646523702
70,1456,1526,0.1506533906408452
70,1443,1513,0.15066324825257046
70,1433,1503,0.15067228648316877
71,1430,1501,0.15068045802460528
70,1443,1513,0.15068465256748456
71,1440,1511,0.1506915684261175
74,1445,1519,0.15069522658369386
72,1435,1507,0.15069040386527047
72,1455,1527,0.150692520040875
72,1446,1518,0.15069434316845395
70,1455,1525,0.15069601567630742
71,1450,1521,0.15070276274649835
69,1432,1501,0.15070655043733525
69,1436,1505,0.15071623961174982
68,1439,1507,0.15072528797881352
72,1437,1509,0.15073679071135954
70,1435,1505,0.15073653302428616
72,1440,1512,0.1507420459598428
73,1444,1517,0.15074189463954815
72,1445,1517,0.15073854896341593
72,1443,1515,0.15073872084744522
68,1440,1508,0.1507389624441836
66,1443,1509,0.15075033584467978
70,1441,1511,0.15076693798137772
68,1433,1501,0.150771193092507
68,1435,1503,0.15078098466692502
68,1439,1507,0.15078954585261428
67,1453,1520,0.150797725039508
70,1456,1526,0.15080828265864488
69,1453,1522,0.15080968399787342
68,1451,1519,0.15081381735156968
69,1459,1528,0.1508201283733042
68,1445,1513,0.15082345332712296
69,1447,1516,0.15082947126788698
69,1434,1503,0.15083228862698816
71,1440,1511,0.15083461513589966
73,1438,1511,0.15083079291186724
69,1435,1504,0.15082222899403297
71,1447,1518,0.1508258463759501
69,1445,1514,0.1508238728606906
68,1436,1504,0.1508273129813915
67,1434,1501,0.15083305837300337
67,1441,1508,0.1508419071213032
66,1438,1504,0.15085034915257622
65,1440,1505,0.15086097759422654
67,1456,1523,0.15087353504698864
68,1459,1527,0.15087993860024596
69,1448,1517,0.1508833343921703
70,1454,1524,0.15088365763488934
71,1450,1521,0.15088073348864195
69,1445,1514,0.15087560662539182
70,1441,1511,0.150876582079747
68,1445,1513,0.15087481005467138
66,1446,1512,0.1508785513078493
67,1450,1517,0.15088707036815138
65,1445,1510,0.15089205572032469
63,1452,1515,0.1509022851150858
67,1460,1527,0.15091689629355576
67,1459,1526,0.15091972670106654
67,1451,1518,0.15092222130491112
67,1454,1521,0.1509247767992476
64,1449,1513,0.15092751128087134
67,1457,1524,0.1509379432712737
66,1462,1528,0.15093977943801565
65,1456,1521,0.15094444730342751
67,1460,1527,0.1509517692751263
66,1469,1535,0.1509526481733795
67,1466,1533,0.1509562728213575
66,1455,1521,0.15095691708196132
67,1459,1526,0.15096071385299248
66,1453,1519,0.150961555073191
66,1453,1519,0.15096520520809845
66,1449,1515,0.1509686547336576
67,1442,1509,0.15097173688355073
65,1436,1501,0.1509723756185923
63,1438,1501,0.1509783465292673
65,1442,1507,0.15098974306270027
65,1441,1506,0.1509944348710549
64,1454,1518,0.15099881566150336
60,1472,1532,0.15100586965399537
62,1453,1515,0.15102303205819825
67,1464,1531,0.15103340225902895
67,1450,1517,0.15102954951569353
67,1437,1504,0.15102601563179976
67,1452,1519,0.15102278612426775
65,1467,1532,0.1510194282860561
63,1469,1532,0.15102196876478685
64,1467,1531,0.15102986997488088
66,1471,1537,0.15103444105095754
66,1462,1528,0.15103238659601942
67,1447,1514,0.1510301303163989
66,1457,1523,0.1510260112196763
66,1463,1529,0.15102562237828163
65,1458,1523,0.15102479816142655
68,1456,1524,0.15102663024833685
69,1443,1512,0.15102010440006056
72,1445,1517,0.15101138364818031
72,1439,1511,0.15099483521912965
72,1441,1513,0.15097993347873154
73,1433,1506,0.15096625493011465
72,1442,1514,0.1509506247969565
74,1444,1518,0.1509389711723951
73,1443,1516,0.15092258448941587
71,1445,1516,0.1509100364298635
71,1448,1519,0.15090362125322684
70,1457,1527,0.15089751751479918
70,1451,1521,0.15089475169968106
71,1443,1514,0.15089217661055154
70,1446,1516,0.15088645886675475
71,1443,1514,0.15088391429447892
68,1437,1505,0.15087888664198
68,1434,1502,0.1508823233205126
67,1444,1511,0.1508860734870605
67,1442,1509,0.15089238726397397
66,1458,1524,0.1508980214735128
67,1458,1525,0.15090644694175753
67,1450,1517,0.1509109373685062
66,1449,1515,0.15091498353246688
68,1444,1512,0.15092067070677295
67,1437,1504,0.15092070716064326
67,1445,1512,0.15092303889687042
67,1454,1521,0.15092517945985537
65,1466,1531,0.15092719170932173
67,1458,1525,0.1509349599229828
68,1453,1521,0.15093599992251744
66,1439,1505,0.1509348471633926
67,1446,1513,0.15093912420873912
64,1446,1510,0.15094021666158558
62,1455,1517,0.1509497299245804
63,1458,1521,0.15096367417225856
66,1454,1520,0.15097393823155628
64,1456,1520,0.15097506181874004
62,1450,1512,0.15098154811079784
64,1448,1512,0.15099384507682395
66,1444,1510,0.15099957527729221
65,1455,1520,0.1509993994390329
65,1450,1515,0.15100243715430953
66,1433,1499,0.1510054058553847
64,1434,1498,0.15100524277728197
67,1453,1520,0.15101001887634857
69,1446,1515,0.15100622887659662
69,1445,1514,0.1509968539651496
70,1440,1510,0.15098812980774493
70,1448,1518,0.15097776431287044
70,1452,1522,0.15096761190949756
70,1438,1508,0.1509583404509896
71,1437,1508,0.1509497329948239
74,1442,1516,0.15093869510582014
72,1440,1512,0.150919870921519
75,1444,1519,0.15090726401236043
75,1457,1532,0.15088702706317178
73,1448,1521,0.1508681247364789
73,1443,1516,0.15085621562009194
74,1438,1512,0.15084508631080315
73,1429,1502,0.1508318719659159
75,1432,1507,0.15082268727292772
73,1427,1500,0.15080784585363882
70,1425,1495,0.15079927767914403
69,1436,1505,0.1507999777589692
71,1432,1503,0.1508041005128818
72,1431,1503,0.15080224805467585
72,1444,1516,0.15079740440532952
71,1447,1518,0.15079264507674464
71,1451,1522,0.1507910477659179
70,1446,1516,0.15078947283092298
70,1441,1511,0.15079061207668967
71,1449,1520,0.15079177607695865
70,1446,1516,0.1507900366012165
70,1441,1511,0.1507914948210341
71,1438,1509,0.15079282206857822
72,1447,1519,0.1507911158831033
70,1449,1519,0.1507865049535078
68,1445,1513,0.1507877079105883
73,1444,1517,0.15079384280098485
74,1446,1520,0.15078620547935195
73,1437,1510,0.15077611719978534
74,1454,1528,0.15076936798334953
75,1444,1519,0.15076064319314347
72,1442,1514,0.1507497266697093
73,1447,1520,0.15074759840850915
72,1445,1517,0.15074296260185602
68,1446,1514,0.15074120721185394
69,1453,1522,0.15075034215659872
68,1452,1520,0.15075636303702222
68,1460,1528,0.15076451004810518
70,1448,1518,0.15077191497457687
67,1454,1521,0.15077280358267525
67,1453,1520,0.15078216199688035
68,1446,1514,0.15079066733343374
66,1429,1495,0.15079570417891433
67,1431,1498,0.15080606639142316
68,1437,1505,0.15081271902038723
68,1437,1505,0.15081628990748583
67,1438,1505,0.15081961762969948
68,1436,1504,0.15082551701794222
66,1433,1499,0.15082766988847687
65,1440,1505,0.15083545196587358
67,1438,1505,0.15084555767232477
70,1439,1509,0.15084875963583888
70,1434,1504,0.1508437758480915
70,1444,1514,0.1508390974888301
69,1446,1515,0.15083442894274315
70,1456,1526,0.15083325961050043
70,1436,1506,0.15082991835488438
73,1449,1522,0.1508272296342279
73,1440,1513,0.15081587814619313
74,1452,1526,0.1508052138111433
75,1443,1518,0.15079169152717345
78,1439,1517,0.15077700640563335
77,1440,1517,0.15075430551946448
77,1434,1511,0.15073582971914778
75,1430,1505,0.15071865565126252
79,1421,1500,0.15070858504322077
76,1430,1506,0.1506876210569127
72,1430,1502,0.1506763099558223
74,1426,1500,0.15067627588019739
71,1423,1494,0.15067015471275003
70,1421,1491,0.15067320861347244
70,1425,1495,0.1506787900726251
70,1438,1508,0.15068356618438777
72,1432,1504,0.1506881202170266
74,1443,1517,0.150686464222418
76,1453,1529,0.15067943392218403
75,1446,1521,0.15066773750509416
73,1460,1533,0.15066019562322341
74,1453,1527,0.15065836789300593
74,1444,1518,0.15065373868981397
71,1458,1529,0.1506495747451509
72,1454,1526,0.15065410857480133
74,1454,1528,0.15065564379246588
73,1454,1527,0.15065143552135662
70,1449,1519,0.1506502836037541
75,1448,1523,0.15065750474356399
77,1445,1522,0.1506500642604914
77,1434,1511,0.1506374090705951
73,1450,1523,0.15062561664933635
72,1444,1516,0.15062550204483677
71,1444,1515,0.1506282349959209
72,1452,1524,0.15063361958121432
72,1448,1520,0.15063555944034562
71,1449,1520,0.1506373026968336
71,1453,1524,0.15064194848380644
67,1447,1514,0.1506459097233934
65,1449,1514,0.15066131970409324
63,1452,1515,0.15068106146853655
62,1454,1516,0.15070524497936827
61,1454,1515,0.1507302441220727
60,1445,1505,0.15075630320440245
59,1448,1507,0.15078353863450883
61,1439,1500,0.15081175426889032
58,1445,1503,0.15083215024168137
60,1440,1500,0.15085986261759052
57,1453,1510,0.1508802405205502
56,1464,1520,0.15090839124009972
57,1459,1516,0.1509378980107215
54,1461,1515,0.15096210514956132
54,1476,1530,0.15099350841855957
56,1465,1521,0.151022741284095
55,1457,1512,0.15104419241275396
55,1461,1516,0.151066717494704
56,1452,1508,0.15108806990762955
56,1470,1526,0.15110482962703145
53,1449,1502,0.15112076544804642
52,1456,1508,0.15114452074385876
55,1462,1517,0.15116977750221422
55,1464,1519,0.15118438764263664
55,1466,1521,0.15119864908429476
56,1467,1523,0.15121144662405375
53,1472,1525,0.15122046757355348
55,1475,1530,0.1512384342348275
54,1461,1515,0.1512492896845205
54,1466,1520,0.1512623216935851
55,1464,1519,0.15127433749314162
57,1465,1522,0.15128272263030168
54,1467,1521,0.15128479978739942
51,1461,1512,0.1512953186254352
52,1459,1511,0.15131351415762131
52,1470,1522,0.15132786416216984
51,1469,1520,0.15134126592109493
55,1475,1530,0.15135684937456248
54,1468,1522,0.15135931046470125
54,1453,1507,0.1513646348260237
57,1447,1504,0.15136962584101887
56,1445,1501,0.15136567699159909
55,1465,1520,0.15136507555999118
53,1470,1523,0.15136739913084069
55,1462,1517,0.15137565641713466
53,1463,1516,0.15137737583482147
52,1463,1515,0.15138480958758763
54,1470,1524,0.1513946917345055
53,1469,1522,0.15139809400589674
54,1471,1525,0.1514041019838948
52,1461,1513,0.15140678080594694
52,1475,1527,0.1514151605879407
52,1483,1535,0.1514229370884016
53,1488,1541,0.15143019152426224
51,1487,1538,0.15143370705161638
48,1463,1511,0.151443151823819
49,1450,1499,0.15146084516133576
44,1460,1504,0.1514746873734158
45,1464,1509,0.15150211612047534
48,1463,1511,0.15152468207905298
50,1465,1515,0.1515365646862894
49,1462,1511,0.15154184366737894
48,1475,1523,0.15154981414826532
48,1473,1521,0.15156018939138452
50,1451,1501,0.15156988736343446
50,1462,1512,0.1515730288254051
49,1461,1510,0.15157600247629358
50,1461,1511,0.15158180328703572
49,1460,1509,0.15158400035846015
50,1470,1520,0.1515890504043355
48,1474,1522,0.1515907689115416
46,1471,1517,0.15159812600458847
43,1473,1516,0.15161095672484814
46,1480,1526,0.151631910309204
47,1470,1517,0.15164251382310348
48,1484,1532,0.15164935442571192
46,1482,1528,0.15165278901987514
44,1465,1509,0.15166183729028132
46,1445,1491,0.15167628604534011
47,1447,1494,0.15168383462856358
48,1460,1508,0.1516882384446655
48,1456,1504,0.15168949191727188
48,1472,1520,0.15169066519945473
47,1470,1517,0.15169157774675462
45,1467,1512,0.15169559570868038
46,1470,1516,0.1517051248587395
46,1466,1512,0.15171120935216117
47,1467,1514,0.15171692412447224
47,1452,1499,0.15171910429344948
46,1467,1513,0.1517211577149708
48,1467,1515,0.15172603524821177
49,1469,1518,0.15172459732692775
46,1461,1507,0.15172023412729774
48,1471,1519,0.15172479641645267
45,1471,1516,0.15172313615393
46,1470,1516,0.15173050239987276
44,1461,1505,0.1517342153117684
42,1467,1509,0.15174383037621506
42,1470,1512,0.15175904610210839
43,1457,1500,0.15177354904237167
43,1467,1510,0.15178412301847288
43,1469,1512,0.15179403236750602
44,1461,1505,0.15180332488499784
47,1460,1507,0.15180905664368052
46,1465,1511,0.15180532390217014
44,1473,1517,0.15180467325952976
44,1466,1510,0.15181012538857772
43,1475,1518,0.15181546121488043
40,1476,1516,0.1518234869399973
40,1475,1515,0.1518400081527567
41,1462,1503,0.15185552000180536
43,1472,1515,0.1518670088444253
43,1470,1513,0.15187164213055712
43,1463,1506,0.15187602463782457
43,1459,1502,0.15188003914238404
44,1459,1503,0.15188369298959387
41,1451,1492,0.15188400968125473
41,1458,1499,0.15189315344497614
39,1471,1510,0.15190160308314346
40,1469,1509,0.15191561309995574
40,1474,1514,0.15192549930264096
39,1472,1511,0.15193474633785914
40,1453,1493,0.15194645683983507
41,1468,1509,0.15195437899992753
40,1474,1514,0.15195855317659807
40,1465,1505,0.15196559098284154
41,1486,1527,0.15197223385719863
42,1485,1527,0.15197519701948217
40,1483,1523,0.15197493198811762
40,1493,1533,0.1519808580864524
40,1479,1519,0.15198646954442596
41,1477,1518,0.1519916452972521
39,1468,1507,0.15199342739949437
40,1465,1505,0.1520014321786165
40,1476,1516,0.15200581333843474
42,1482,1524,0.15200988031265136
40,1472,1512,0.15200757324752565
41,1472,1513,0.1520116364907252
41,1462,1503,0.152012338546078
41,1466,1507,0.15201303326829982
40,1468,1508,0.1520136337539249
40,1467,1507,0.15201731067004215
38,1476,1514,0.152020733265764
38,1481,1519,0.15203002208275893
36,1470,1506,0.15203870738446496
35,1486,1521,0.15205279671283758
35,1481,1516,0.15206897652018514
36,1480,1516,0.15208411796215565
36,1488,1524,0.15209520861067985
34,1492,1526,0.1521056283094561
36,1483,1519,0.15212150089817233
34,1465,1499,0.1521303031365523
33,1473,1506,0.1521447594863537
33,1474,1507,0.15216135185481555
32,1470,1502,0.15217687384832013
32,1479,1511,0.15219467058678127
32,1493,1525,0.152211172634884
33,1508,1541,0.15222652268743248
33,1494,1527,0.1522378273909987
33,1491,1524,0.15224844419883973
31,1485,1516,0.152258474709276
31,1482,1513,0.15227408747911422
31,1501,1532,0.1522887713799067
32,1468,1500,0.15230255164810327
32,1484,1516,0.15231241523595387
33,1491,1524,0.15232169160526143
31,1483,1514,0.15232734035642365
30,1486,1516,0.15233908507435318
28,1498,1526,0.15235313958257757
29,1483,1512,0.1523725796999341
29,1471,1500,0.15238771641984392
30,1479,1509,0.15240196289461141
28,1485,1513,0.15241226697096902
29,1471,1500,0.15242782769256735
27,1479,1506,0.1524394957579097
27,1496,1523,0.1524565928711936
29,1502,1531,0.15247251900664918
29,1509,1538,0.1524814101482904
26,1495,1521,0.15248977106775144
25,1490,1515,0.15250686190884655
26,1490,1516,0.15252600349730913
26,1487,1513,0.1525409857341575
25,1498,1523,0.1525550133582599
25,1511,1536,0.15257146205854366
24,1493,1517,0.1525868594885739
24,1497,1521,0.15260437375091443
23,1501,1524,0.15262079247528168
22,1488,1510,0.15263934603940027
23,1505,1528,0.1526597113911222
23,1502,1525,0.15267577524512632
24,1501,1525,0.15269094430153152
22,1508,1530,0.1527020447257008
22,1505,1527,0.1527188366276307
22,1513,1535,0.15273457807601218
22,1503,1525,0.15274934607290114
22,1483,1505,0.15276320535499263
22,1480,1502,0.15277621526827695
23,1489,1512,0.15278847454939115
22,1489,1511,0.15279692259136643
23,1498,1521,0.15280789636397735
23,1496,1519,0.15281512628674115
22,1500,1522,0.15282193344781864
20,1499,1519,0.1528313885099855
20,1513,1533,0.15284653870833637
20,1503,1523,0.15286074702866925
20,1510,1530,0.15287408703404717
20,1510,1530,0.15288661676993062
18,1503,1521,0.15289838663090052
18,1494,1512,0.15291570870473895
19,1507,1526,0.1529319593640251
20,1507,1527,0.15294412903578475
21,1499,1520,0.15295246073634594
21,1498,1519,0.1529572167087181
22,1494,1516,0.15296174022327147
22,1502,1524,0.1529628940804616
21,1506,1527,0.15296406514548072
21,1495,1516,0.15296847341911327
21,1493,1514,0.15297265539603835
19,1490,1509,0.15297660600969873
19,1494,1513,0.15298667645729114
19,1500,1519,0.15299621252476336
19,1498,1517,0.15300518645976016
19,1496,1515,0.15301362749865532
18,1500,1518,0.1530215658159876
17,1510,1527,0.15303213445920197
17,1513,1530,0.15304515759889098
16,1505,1521,0.15305737471296726
16,1510,1526,0.15307192067130287
18,1499,1517,0.153085515886657
18,1502,1520,0.15309204586137726
17,1505,1522,0.1530982445614082
19,1493,1512,0.1531071761431087
20,1484,1504,0.1531092266496032
19,1487,1506,0.15310800182716458
19,1484,1503,0.15310995156956717
18,1473,1491,0.15311174509944986
17,1485,1502,0.15311655270591998
19,1482,1501,0.15312410435905693
19,1486,1505,0.15312499478770608
19,1479,1498,0.15312589442193866
19,1491,1510,0.15312675938122206
18,1487,1505,0.15312758350431918
19,1482,1501,0.15313148236822313
19,1492,1511,0.15313204179306705
19,1490,1509,0.15313258225575935
19,1489,1508,0.15313309999855862
18,1494,1512,0.15313360141622176
19,1499,1518,0.15313714844138487
19,1492,1511,0.1531373691574311
19,1494,1513,0.15313760962313064
17,1488,1505,0.15313784264904015
18,1495,1513,0.1531442777492389
16,1493,1509,0.1531471843941837
17,1494,1511,0.1531561392912004
16,1496,1512,0.15316137006945443
16,1505,1521,0.15316936134127088
16,1499,1515,0.15317682725535578
16,1507,1523,0.15318382082647683
17,1521,1538,0.15319031649545056
15,1507,1522,0.15319337091244078
16,1515,1531,0.1532025137970194
15,1508,1523,0.1532079471232203
17,1504,1521,0.1532162028179555
17,1496,1513,0.1532176670791438
17,1507,1524,0.15321906555508133
15,1502,1517,0.15322038968260285
14,1489,1503,0.15322786317628626
14,1486,1500,0.15323797557471652
13,1485,1498,0.15324743218599676
14,1475,1489,0.15325947021008834
15,1484,1499,0.15326761839942718
15,1478,1493,0.1532721467332613
15,1483,1498,0.15327641373691178
14,1498,1512,0.15328042842656286
13,1513,1526,0.15328732857292374
12,1527,1539,0.1532969197207848
12,1511,1523,0.1533090424710929
12,1508,1520,0.1533203898899137
12,1506,1518,0.15333102936155613
12,1506,1518,0.1533410129881791
14,1509,1523,0.15335038460375097
14,1501,1515,0.15335285036243296
13,1502,1515,0.1533551856424739
13,1516,1529,0.15336053435948924
14,1514,1528,0.15336554789115087
15,1515,1530,0.15336710443635856
15,1528,1543,0.15336544067634766
15,1514,1529,0.15336389973366277
15,1511,1526,0.15336246286495
16,1503,1519,0.15336112063359952
17,1495,1512,0.15335672376462248
18,1490,1508,0.1533494508048479
18,1500,1518,0.15333949248907333
17,1490,1507,0.1533301831917039
17,1494,1511,0.15332463272426955
16,1499,1515,0.1533194169046904
15,1498,1513,0.1533176423194158
15,1497,1512,0.15331915689975117
15,1499,1514,0.15332057140055447
15,1494,1509,0.153321900086171
13,1511,1524,0.15332311622201533
13,1507,1520,0.1533305632799376
13,1502,1515,0.15333749900561888
13,1506,1519,0.15334398951710113
12,1500,1512,0.1533500723892328
11,1509,1520,0.15335892077790092
10,1513,1523,0.1533703619671549
9,1511,1520,0.15338424827468522
9,1490,1499,0.15340043255182223
9,1496,1505,0.1534156208368252
9,1501,1510,0.1534298819840869
9,1499,1508,0.15344327614637282
8,1500,1508,0.15345585815008322
9,1507,1516,0.1534708767187908
8,1519,1527,0.15348179464804088
8,1505,1513,0.15349524256711952
9,1505,1514,0.15350787548122274
9,1523,1532,0.15351656821120385
9,1530,1539,0.1535247468191401
9,1521,1530,0.1535324373273678
9,1514,1523,0.15353966881253236
9,1510,1519,0.1535464684079112
9,1497,1506,0.1535528616538465
9,1507,1516,0.15355887266122198
9,1504,1513,0.15356452418033
9,1514,1523,0.15356983765542728
8,1513,1521,0.1535748332819912
9,1518,1527,0.15358271005867746
9,1513,1522,0.15358692481465933
10,1501,1511,0.15359089307198073
10,1498,1508,0.15359143388750074
10,1501,1511,0.15359195338850642
10,1490,1500,0.1535924474377275
10,1495,1505,0.15359291692754354
9,1502,1511,0.15359336250724615
9,1488,1497,0.15359696395565262
9,1502,1511,0.15360034036460943
8,1504,1512,0.15360351149329815
7,1515,1522,0.15360969202305771
7,1508,1515,0.15361866934558657
7,1505,1512,0.15362709513082723
7,1506,1513,0.15363500887365628
7,1510,1517,0.15364244367736007
7,1516,1523,0.15364942986749217
7,1515,1522,0.15365599539214275
8,1510,1518,0.15366216616189465
8,1502,1510,0.15366477244209925
8,1509,1517,0.15366723459514203
9,1503,1512,0.1536695542978072
9,1509,1518,0.15366854186283743
9,1510,1519,0.1536676081813083
9,1505,1514,0.15366673865774097
8,1508,1516,0.15366592631137732
8,1511,1519,0.15366839175199914
8,1519,1527,0.15367066531343032
7,1513,1520,0.15367279495367797
8,1513,1521,0.15367799072986682
9,1510,1519,0.15367968874881677
9,1506,1515,0.15367811072034182
9,1506,1515,0.15367664347893206
9,1512,1521,0.15367527379092574
9,1503,1512,0.1536739937641048
9,1501,1510,0.15367279607509782
8,1510,1518,0.1536716742726862
8,1499,1507,0.15367378494483958
7,1509,1516,0.1536757582120799
7,1502,1509,0.15368081775405446
7,1507,1514,0.15368556738693376
7,1514,1521,0.15369002718390656
7,1517,1524,0.15369421675661013
8,1516,1524,0.1536981533978869
8,1513,1521,0.15369868286405225
7,1500,1507,0.1536991957335
7,1499,1506,0.15370286331412902
9,1502,1511,0.153706305422
9,1505,1514,0.1537031612834257
9,1505,1514,0.15370023404903976
9,1513,1522,0.15369749428420604
9,1505,1514,0.153694926174735
8,1512,1520,0.15369251698259473
8,1515,1523,0.15369341792697794
9,1507,1516,0.15369425173956702
9,1503,1512,0.153691854045307
9,1491,1500,0.15368961099099943
9,1492,1501,0.15368750606737508
9,1494,1503,0.1536855304116245
9,1494,1503,0.15368367569872748
8,1497,1505,0.15368193412004796
9,1501,1510,0.15368345803334754
9,1496,1505,0.15368171413451898
9,1493,1502,0.15368008619461968
10,1498,1508,0.1536785586843297
9,1513,1522,0.15367396048491724
9,1514,1523,0.1536728244809543
8,1505,1513,0.1536717531793982
9,1504,1513,0.15367392472390592
10,1502,1512,0.15367277538811702
10,1518,1528,0.15366852061075284
10,1504,1514,0.15366453996722948
10,1502,1512,0.15366080746724375
10,1490,1500,0.15365730438045222
10,1494,1504,0.15365401483835062
10,1504,1514,0.1536509248126178
8,1499,1507,0.15364802159590782
8,1512,1520,0.15365162837703522
8,1513,1521,0.1536549911288844
9,1510,1519,0.15365813840719209
9,1500,1509,0.15365791686985208
9,1509,1518,0.15365772178343315
10,1505,1515,0.15365754277506893
10,1499,1509,0.15365418115589538
9,1502,1511,0.15365103541353883
9,1505,1514,0.15365126012351865
9,1508,1517,0.15365146846002078
9,1504,1513,0.1536516614096064
8,1515,1523,0.15365181824331298
8,1522,1530,0.15365512955542576
8,1502,1510,0.15365822522799447
8,1519,1527,0.1536611265486731
8,1517,1525,0.15366384845850364
7,1514,1521,0.1536664035686405
7,1510,1517,0.15367199529979178
7,1504,1511,0.1536772470223866
7,1515,1522,0.15368217921866595
7,1514,1521,0.15368681123462943
7,1503,1510,0.15369116200603372
7,1498,1505,0.1536952493085547
7,1497,1504,0.15369908966682044
7,1499,1506,0.15370269843856676
6,1506,1512,0.1537060899230151
6,1517,1523,0.15371247795108045
6,1507,1513,0.15371847569432875
6,1504,1510,0.1537241095531311
6,1511,1517,0.15372940322276363
7,1507,1514,0.15373437831051417
8,1513,1521,0.15373586389976754
8,1515,1523,0.15373408212033238
8,1519,1527,0.15373242898456385
8,1528,1536,0.15373088549107308
8,1520,1528,0.15372944114914464
7,1516,1523,0.15372808778548805
7,1524,1531,0.15373001362752578
7,1527,1534,0.15373181570433006
7,1515,1522,0.15373350601079824
7,1522,1529,0.15373509291682308
6,1519,1525,0.15373658345875663
6,1526,1532,0.1537411746893576
6,1516,1522,0.15374548173973474
6,1511,1517,0.15374952590482088
6,1509,1515,0.15375332448792178
7,1488,1495,0.1537568934053156
7,1497,1504,0.15375703979051095
6,1502,1508,0.15375718980990452
6,1504,1510,0.15376053967675385
5,1484,1489,0.153763681966866
5,1510,1515,0.15376983266247884
5,1517,1522,0.153775604931825
5,1498,1503,0.15378102668596014
6,1514,1520,0.1537861211175011
6,1515,1521,0.15378769098494643
6,1525,1531,0.15378917163969233
5,1523,1528,0.15379056774829075
5,1529,1534,0.1537950787016624
5,1534,1539,0.15379931384901555
5,1512,1517,0.15380329442151303
6,1505,1511,0.1538070359347385
5,1520,1525,0.1538073419679659
5,1515,1520,0.15381084354318994
4,1520,1524,0.15381413563674173
4,1520,1524,0.15382043918371552
3,1525,1528,0.153826361041536
3,1525,1528,0.15383514349297914
4,1517,1521,0.15384339541554437
4,1527,1531,0.15384792153932902
4,1513,1517,0.15385217891189654
4,1503,1507,0.1538561833462659
4,1502,1506,0.1538599509531192
4,1510,1514,0.1538634944516409
3,1514,1517,0.15386682806367838
3,1515,1518,0.15387318836919225
3,1524,1527,0.15387916804946364
3,1509,1512,0.1538847890216066
3,1511,1514,0.15389007319947073
3,1506,1509,0.15389504140958488
2,1496,1498,0.153899713000814
3,1496,1499,0.15390734567183115
5,1499,1504,0.15391129042028845
5,1521,1526,0.153908537002839
5,1516,1521,0.15390596838435322
5,1520,1525,0.15390356256289944
5,1513,1518,0.15390130733170504
5,1508,1513,0.15389919197222987
5,1522,1527,0.15389720680217833
5,1521,1526,0.15389534306549715
5,1523,1528,0.15389359279577428
5,1529,1534,0.15389194869326933
5,1515,1520,0.15389040402857743
5,1509,1514,0.15388895256959226
5,1522,1527,0.15388758852545295
4,1525,1529,0.15388630650220822
4,1517,1521,0.15388832058119004
5,1517,1522,0.15389021191580468
5,1508,1513,0.15388877548932142
5,1506,1511,0.15388743136767086
5,1511,1516,0.15388616902771976
5,1516,1521,0.1538849835814627
4,1524,1528,0.15388387014884747
4,1520,1524,0.15388603056520764
5,1507,1512,0.15388805598836208
5,1504,1509,0.15388674658154172
4,1505,1509,0.15388552256286755
5,1503,1508,0.15388759305639754
5,1508,1513,0.1538863085892864
5,1509,1514,0.15388510590343618
5,1513,1518,0.15388397617399266
5,1504,1509,0.15388291489812775
5,1516,1521,0.15388191800306178
5,1526,1531,0.15388098154239457
5,1512,1517,0.15388010176008624
5,1511,1516,0.15387927512539398
4,1506,1510,0.15387849833613682
4,1501,1505,0.15388098249290427
4,1497,1501,0.15388331621307905
4,1505,1509,0.1538855077556891
4,1510,1514,0.15388756535220816
4,1515,1519,0.15388949765305143
4,1511,1515,0.15389131279861493
4,1525,1529,0.15389301829212268
4,1534,1538,0.1538946210502109
4,1531,1535,0.15389612747363135
4,1517,1521,0.15389754350815418
4,1507,1511,0.153898874693196
4,1508,1512,0.1539001262007376
3,1505,1508,0.15390128365266453
4,1499,1503,0.15390559599217624
4,1497,1501,0.15390642102841984
4,1517,1521,0.15390719897597788
4,1529,1533,0.15390792954543248
4,1510,1514,0.15390861643063833
4,1518,1522,0.1539092625617533
3,1517,1520,0.1539098704309877
2,1521,1523,0.15391366828023853
2,1512,1514,0.15392046824777197
1,1509,1510,0.15392686057307742
1,1506,1507,0.15393611121185338
1,1511,1512,0.15394481209365754
0,1515,1515,0.15395299386908842
