1352,29,1381,0.13584112287452904
1384,32,1416,0.13306433702430528
1405,32,1437,0.13044031483056365
1425,32,1457,0.1279892834918051
1449,32,1481,0.1257005282143836
1444,32,1476,0.12355098575074215
1438,33,1471,0.12160593589806018
1457,32,1489,0.1198484562686011
1456,33,1489,0.11819944145163958
1447,33,1480,0.11669949062160245
1450,33,1483,0.11535439051984855
1441,32,1473,0.11412189495706673
1448,34,1482,0.11302056718972203
1440,34,1474,0.11199996508291217
1440,36,1476,0.11108904569111275
1448,36,1484,0.11025846015980811
1438,36,1474,0.10948348643048365
1444,37,1481,0.108800513535958
1438,38,1476,0.10816408528708456
1449,38,1487,0.10759825252253374
1448,39,1487,0.10705742803687995
1445,41,1486,0.10656640157411221
1445,43,1488,0.10612567851107713
1443,47,1490,0.10572451556495022
1456,43,1499,0.10536324330562916
1446,45,1491,0.10500549396914101
1449,47,1496,0.10470174827092002
1446,51,1497,0.1044182579771369
1429,52,1481,0.10416694542933921
1441,51,1492,0.10397521997682048
1425,51,1476,0.10377454690853806
1434,51,1485,0.10362671282238595
1429,50,1479,0.1034723429671725
1441,49,1490,0.10334220997799409
1443,50,1493,0.10319777873234658
1456,53,1509,0.1030613811857031
1445,57,1502,0.10290867366380722
1436,58,1494,0.10279365170231619
1437,55,1492,0.10270802674797441
1428,55,1483,0.10262786995514314
1432,54,1486,0.10257453453257125
1443,54,1497,0.10251696109381232
1440,54,1494,0.10244076752471426
1438,55,1493,0.10237843372499185
1437,56,1493,0.10232623224293501
1438,55,1493,0.10228104546255516
1434,56,1490,0.10223724040991371
1424,56,1480,0.10220601517849097
1412,54,1466,0.102198864546388
1409,52,1461,0.10221780587965248
1423,49,1472,0.10224137742181266
1427,48,1475,0.10223315155384767
1441,48,1489,0.10221681731359601
1446,48,1494,0.10217187690621365
1450,46,1496,0.10212034481482507
1446,47,1493,0.1020646751566299
1444,48,1492,0.10202234065772381
1440,48,1488,0.1019881285270579
1437,48,1485,0.10196574908673395
1442,53,1495,0.10195155969276018
1439,54,1493,0.10192822514932803
1438,54,1492,0.10191289270103075
1442,53,1495,0.10190123562753683
1436,53,1489,0.10188237623532598
1449,54,1503,0.10187784781116895
1466,51,1517,0.10184662661056165
1456,49,1505,0.10178162104543162
1446,51,1497,0.10174346998693087
1448,50,1498,0.10172983749490676
1456,51,1507,0.10171265923429836
1454,52,1506,0.10168052987711253
1450,53,1503,0.10165563852219037
1446,56,1502,0.10164104604432199
1443,53,1496,0.10163623413007584
1437,51,1488,0.10163829043210022
1453,53,1506,0.10165314140820081
1446,53,1499,0.10163320727109654
1456,51,1507,0.10162936854137429
1459,52,1511,0.10160471953110253
1453,53,1506,0.10157573088775894
1448,53,1501,0.10156206047707596
1445,55,1500,0.1015602426785737
1451,54,1505,0.10156490534872226
1439,54,1493,0.10155635662147569
1431,53,1484,0.10157428676276459
1431,49,1480,0.10160782735184373
1425,49,1474,0.1016389930324963
1417,47,1464,0.10168005771247951
1429,46,1475,0.10173468752851175
1438,48,1486,0.10175854437388132
1425,48,1473,0.10176057693996153
1445,45,1490,0.10178994433237516
1440,46,1486,0.10177416257774091
1441,46,1487,0.10177060445449453
1433,47,1480,0.10176544892528627
1435,50,1485,0.10177799342026692
1434,49,1483,0.10178496785971085
1432,46,1478,0.10179355727405497
1439,46,1485,0.10180601758503557
1438,45,1483,0.10180222485902155
1437,45,1482,0.10180090172958782
1458,46,1504,0.10180186581025992
1459,49,1508,0.1017574918019207
1445,52,1497,0.10171504144124004
1443,53,1496,0.10170655026204216
1446,52,1498,0.10170338154384016
1435,52,1487,0.1016939134511376
1449,52,1501,0.10170870193755675
1445,52,1497,0.10169183252490242
1437,51,1488,0.10168467463935758
1447,51,1498,0.10169553065074291
1456,47,1503,0.10168381386575832
1450,51,1501,0.10165430106938132
1446,48,1494,0.10164024671481817
1443,48,1491,0.10163627727975917
1453,50,1503,0.1016390696537059
1444,50,1494,0.10162008995606193
1444,51,1495,0.10162158546062822
1445,51,1496,0.10162322493973779
1444,51,1495,0.10162223528142068
1438,48,1486,0.1016233620984591
1439,48,1487,0.10163736068853507
1440,46,1486,0.10164811854217824
1429,46,1475,0.10165572329599999
1438,43,1481,0.10168629626190687
1442,43,1485,0.10169490489585979
1449,46,1495,0.10169437792264947
1438,46,1484,0.1016792595261205
1439,47,1486,0.101688953943565
1437,47,1484,0.10169557265503436
1443,45,1488,0.1017060666692323
1450,44,1494,0.10170248041304855
1439,45,1484,0.10168459844097623
1452,42,1494,0.10169134954727706
1452,46,1498,0.10166964872771146
1447,47,1494,0.10165009318117453
1446,49,1495,0.10164324612226242
1445,51,1496,0.10163953677048458
1439,47,1486,0.10163800900478613
1437,49,1486,0.10164945379194709
1455,50,1505,0.10166441542601116
1448,50,1498,0.10163987507912657
1446,52,1498,0.10163242970058636
1444,52,1496,0.10162993851640095
1457,53,1510,0.10163185264231181
1440,52,1492,0.10160591417308637
1445,55,1500,0.10161874356071655
1435,57,1492,0.10161938371974194
1447,56,1503,0.1016410417549956
1447,57,1504,0.10163500029354655
1440,57,1497,0.10162941313667995
1434,58,1492,0.10163950110912279
1445,59,1504,0.10166184946700929
1443,57,1500,0.10165866306274046
1445,57,1502,0.10166001799333785
1449,58,1507,0.1016567484387204
1451,59,1510,0.10164580524672848
1440,58,1498,0.10163155367072982
1427,57,1484,0.10164207884268997
1430,57,1487,0.10167964987751799
1441,57,1498,0.10170750160175174
1436,58,1494,0.10170924257973202
1431,60,1491,0.10172192035191077
1421,59,1480,0.10174422224776045
1427,56,1483,0.101786187240338
1427,56,1483,0.10181151270527639
1442,58,1500,0.10183468789058937
1436,60,1496,0.10182370557575539
1430,62,1492,0.1018267473927465
1425,58,1483,0.10184234250325044
1428,61,1489,0.10186723048224991
1433,63,1496,0.10188367025565687
1439,61,1500,0.10188850106394277
1428,62,1490,0.10187988732077473
1421,60,1481,0.10189569837150798
1422,61,1483,0.1019252077962959
1424,61,1485,0.10194983770135604
1433,59,1492,0.10196834375519874
1428,58,1486,0.10196554218977599
1437,61,1498,0.10197401926520318
1432,56,1488,0.1019622371803456
1425,55,1480,0.10196227769249575
1428,58,1486,0.10197737676770988
1432,59,1491,0.10198448219498531
1439,59,1498,0.10198233348330966
1446,60,1506,0.10196549115493796
1444,60,1504,0.10193548607231331
1439,59,1498,0.1019124580971717
1438,62,1500,0.10190223736743363
1436,63,1499,0.10189466700203108
1443,61,1504,0.10189217050578052
1442,62,1504,0.10187519322527613
1455,60,1515,0.10186163504840225
1432,62,1494,0.10182151622725386
1420,59,1479,0.10183420424961553
1428,59,1487,0.10187135140341472
1436,56,1492,0.10188770427027843
1434,56,1490,0.10188529718107457
1443,57,1500,0.10188721767294737
1440,63,1503,0.10187039079103233
1445,62,1507,0.10186190870568249
1450,64,1514,0.10184330039713091
1440,62,1502,0.10181601341548382
1439,63,1502,0.10181219053292008
1427,65,1492,0.10181056866701653
1423,67,1490,0.10183502130696921
1440,67,1507,0.10186620500269265
1447,66,1513,0.10185818962274772
1428,67,1495,0.10183600438753881
1434,66,1500,0.10185630802467813
1438,66,1504,0.10186200517160483
1431,62,1493,0.1018587129815618
1433,65,1498,0.10187026539298988
1431,65,1496,0.10187654129531402
1441,66,1507,0.10188683829899432
1444,66,1510,0.10187462104094969
1441,65,1506,0.10185632094645262
1432,64,1496,0.1018465093683608
1424,62,1486,0.10185702866599311
1418,63,1481,0.10188381006998376
1429,66,1495,0.10192067424276217
1431,66,1497,0.1019308765518388
1437,65,1502,0.10193584691915046
1441,64,1505,0.10192755771732007
1433,64,1497,0.10191153924375364
1432,68,1500,0.1019135128681504
1418,70,1488,0.10191776950560812
1420,71,1491,0.10195125435870493
1428,69,1497,0.10197731095832273
1432,71,1503,0.10198443367703149
1426,73,1499,0.1019822863282262
1420,73,1493,0.1019933427851321
1423,75,1498,0.10201662938998773
1421,76,1497,0.1020311132173079
1415,75,1490,0.1020490880798653
1421,73,1494,0.1020780000125179
1413,71,1484,0.10209156857474173
1416,71,1487,0.10212131792356045
1418,72,1490,0.10214166570712839
1439,77,1516,0.10215602282038044
1424,72,1496,0.10212445065000414
1437,70,1507,0.10212751734395319
1436,72,1508,0.10210253575107332
1434,74,1508,0.10208211010784925
1427,76,1503,0.10206804000509485
1423,76,1499,0.10206996726385338
1425,73,1498,0.10208044001171089
1414,71,1485,0.10208577577383014
1409,69,1478,0.10211399193789607
1401,73,1474,0.10215080704948548
1412,70,1482,0.10220147172378419
1406,75,1481,0.10222360806870379
1403,76,1479,0.10225703650704504
1402,77,1479,0.10229416074318486
1410,76,1486,0.1023303677252897
1413,73,1486,0.10234593602590579
1412,75,1487,0.1023534169033961
1415,75,1490,0.10236314504644749
1426,73,1499,0.1023656195246491
1435,73,1508,0.10234379897199278
1436,74,1510,0.10230476638296913
1430,75,1505,0.10226712894496823
1418,75,1493,0.10224595055406524
1416,78,1494,0.10225228107916809
1406,76,1482,0.10226219104713052
1396,80,1476,0.10229302865172231
1400,78,1478,0.1023428251972916
1399,83,1482,0.10238011787243609
1407,82,1489,0.10241597294460564
1405,82,1487,0.1024314628293784
1407,78,1485,0.10244979547099663
1400,76,1476,0.10246247306923469
1410,77,1487,0.10248865388450425
1422,80,1502,0.10249105963132216
1425,81,1506,0.10246731358377577
1419,77,1496,0.10243906940109984
1422,78,1500,0.10242654841767085
1417,75,1492,0.10240927993871005
1405,77,1482,0.10240412883291242
1422,80,1502,0.10242502478347483
1419,82,1501,0.10240705948969653
1424,81,1505,0.10239709729546512
1427,82,1509,0.1023774142793419
1424,86,1510,0.10235293416074316
1411,87,1498,0.10233750120181785
1411,84,1495,0.1023511438154673
1405,81,1486,0.10236353207911385
1422,79,1501,0.10238795447884136
1416,78,1494,0.10237326432907928
1413,79,1492,0.10237257258398064
1424,84,1508,0.10237819896332143
1427,85,1512,0.10235996755139755
1421,83,1504,0.10233683470017974
1421,80,1501,0.10232857543604208
1408,83,1491,0.10232095298965853
1410,84,1494,0.10234235263669866
1406,85,1491,0.10235724617879655
1403,84,1487,0.10237949558675144
1398,85,1483,0.1024065562411251
1408,87,1495,0.10244190173699062
1392,85,1477,0.10245321885382118
1390,88,1478,0.10249735694425861
1404,91,1495,0.10254192471491726
1410,92,1502,0.10255174496237668
1407,90,1497,0.10254795941075073
1386,92,1478,0.10255137616171747
1381,90,1471,0.10259982725179455
1395,86,1481,0.10265461585534616
1404,83,1487,0.10267407742445098
1406,83,1489,0.10267202752168914
1399,86,1485,0.10266597806271265
1393,85,1478,0.10267548682318331
1397,90,1487,0.10269720125982967
1404,87,1491,0.10270827908443185
1419,84,1503,0.10270346556772704
1416,85,1501,0.10266694964065244
1416,85,1501,0.10264028454898445
1426,87,1513,0.10261609166181489
1413,84,1497,0.10257302152104911
1415,88,1503,0.10256168339708233
1404,88,1492,0.10254663685122806
1396,93,1489,0.10255658320411344
1390,92,1482,0.10258304451962331
1411,94,1505,0.10261988160829125
1401,93,1494,0.10260879354690258
1393,95,1488,0.10262038940615863
1381,96,1477,0.10264874091278597
1390,97,1487,0.10270106862122393
1394,93,1487,0.10272955098912723
1380,98,1478,0.10274687356829716
1378,100,1478,0.10279370014171615
1381,98,1479,0.10284047072411039
1385,105,1490,0.10287664759809605
1390,106,1496,0.10290079434682997
1395,109,1504,0.10291219279540158
1393,107,1500,0.10291189733171997
1392,106,1498,0.10291626830587734
1393,106,1499,0.1029222230620115
1386,107,1493,0.10292541738785035
1380,109,1489,0.10294333863472901
1372,112,1484,0.10297325491697727
1374,110,1484,0.10301773603646432
1371,108,1479,0.10305399802884246
1390,104,1494,0.10309342875327082
1381,107,1488,0.10308873448861618
1377,110,1487,0.10310441635749788
1385,110,1495,0.10312719390908753
1381,111,1492,0.10313066236359486
1371,110,1481,0.10314234594811322
1361,110,1471,0.10317482993124287
1375,111,1486,0.10322638524674507
1368,114,1482,0.10324311842607607
1348,118,1466,0.10327390478118513
1362,117,1479,0.103345477649621
1370,117,1487,0.10338091302325048
1388,117,1505,0.10339627358880893
1393,118,1511,0.10337147451551694
1377,116,1493,0.10333784625497686
1380,122,1502,0.10334147196867391
1378,124,1502,0.10333816112552058
1385,124,1509,0.10333943528369219
1370,123,1493,0.10332561364964107
1359,125,1484,0.10334585081985108
1359,125,1484,0.10338832050419945
1368,126,1494,0.10342728741573382
1356,130,1486,0.10344335116268909
1356,133,1489,0.10348443579468984
1359,135,1494,0.10352208557210889
1363,133,1496,0.10355009353662899
1364,135,1499,0.10356697857074487
1363,132,1495,0.10358032456874526
1366,129,1495,0.10359480439608046
1353,128,1481,0.10360169561429655
1357,130,1487,0.10363629872482769
1356,127,1483,0.10365870042686749
1360,127,1487,0.10368137474953584
1357,127,1484,0.10369340503932747
1349,127,1476,0.10371132364147233
1353,123,1476,0.10374437196382619
1359,122,1481,0.10376543234341173
1366,125,1491,0.10377160420358354
1355,128,1483,0.10376271172272215
1350,127,1477,0.10377861553925243
1362,128,1490,0.10380408127166398
1349,128,1477,0.10380132954518874
1364,130,1494,0.10382720196197219
1350,126,1476,0.10381792249738993
1336,131,1467,0.10384024223442162
1345,134,1479,0.10389140174548438
1340,135,1475,0.10391839680313948
1355,139,1494,0.1039540353114532
1344,141,1485,0.10395424141189828
1332,139,1471,0.10397860202567426
1338,140,1478,0.1040274989631436
1348,143,1491,0.1040592317967896
1360,142,1502,0.104066352653564
1374,140,1514,0.10404661318431137
1364,140,1504,0.10399801716920484
1365,133,1498,0.10397529322083361
1365,137,1502,0.10395240596945263
1371,141,1512,0.10393201091598353
1365,140,1505,0.10390043686909134
1358,140,1498,0.10388444553629374
1368,137,1505,0.10388492140549815
1357,138,1495,0.1038629714900804
1353,138,1491,0.10386665414745808
1353,137,1490,0.10387879341619305
1357,138,1495,0.10389014057456243
1369,140,1509,0.10389179180815138
1369,135,1504,0.103866885341318
1364,133,1497,0.10384443217464166
1371,130,1501,0.10383438628700453
1352,133,1485,0.10380987231793337
1368,134,1502,0.1038285747074328
1355,133,1488,0.10381125748123146
1372,141,1513,0.10382359179363464
1362,143,1505,0.10379858313654988
1356,143,1499,0.1037976744990046
1346,144,1490,0.10380981965154806
1340,142,1482,0.10384294897557204
1336,143,1479,0.10388558645295945
1346,144,1490,0.1039337615876374
1334,144,1478,0.10395574387731116
1350,145,1495,0.10400197404324889
1358,142,1500,0.1040090307718125
1353,142,1495,0.10399785147212785
1369,142,1511,0.10399820310526735
1367,146,1513,0.10396347391465698
1359,143,1502,0.10393627460467102
1352,141,1493,0.10392941766654726
1357,141,1498,0.10393855595077235
1356,147,1503,0.10393573964216853
1357,145,1502,0.1039348458764879
1354,146,1500,0.10393216901416479
1348,147,1495,0.10393675132675657
1346,149,1495,0.10395403287654124
1340,149,1489,0.10397448466627286
1348,151,1499,0.1040062657015709
1344,148,1492,0.1040176457633775
1357,150,1507,0.10403764138152445
1340,154,1494,0.10402805276385213
1344,152,1496,0.10405659788632199
1333,153,1486,0.10407373783660472
1327,155,1482,0.10411365001647091
1318,154,1472,0.10416389039781558
1338,154,1492,0.10422898025046745
1350,154,1504,0.10424504198553215
1345,155,1500,0.10423413954080772
1327,146,1473,0.10423525427707896
1330,150,1480,0.1042759279371947
1326,157,1483,0.10430643211695934
1324,163,1487,0.10434342377142634
1346,161,1507,0.10438118617212018
1333,163,1496,0.10436847156553773
1319,164,1483,0.10438548049570684
1325,172,1497,0.10443099547461325
1332,176,1508,0.10445971754375036
1328,179,1507,0.1044709006538996
1312,181,1493,0.10448974972578046
1310,183,1493,0.10454158973121455
1313,187,1500,0.10459428193425392
1316,185,1501,0.10463649937266059
1317,189,1506,0.10466815115687038
1323,184,1507,0.1046956509126929
1298,191,1489,0.10470774810305965
1301,191,1492,0.10477407413811854
1313,192,1505,0.10482821560830345
1304,195,1499,0.10485195511718917
1295,196,1491,0.10489361238211589
1288,201,1489,0.10495132974577062
1290,198,1488,0.10501952572003027
1291,198,1489,0.10507809682410847
1291,201,1492,0.10512972467114501
1293,204,1497,0.10517738006045456
1287,206,1493,0.10521724315386567
1288,207,1495,0.105266802482093
1291,210,1501,0.10531017862651997
1289,212,1501,0.1053435746235093
1296,210,1506,0.1053782834719551
1286,204,1490,0.10539427082105973
1281,211,1492,0.10543091686327934
1289,217,1506,0.10547649530928002
1288,219,1507,0.10550085291366557
1294,216,1510,0.10552486150046125
1296,220,1516,0.10553278503662611
1286,220,1506,0.10553620304978704
1271,221,1492,0.10556132534027339
1282,229,1511,0.10561691585401028
1261,227,1488,0.10564412265352521
1271,228,1499,0.10571526448109587
1282,225,1507,0.10575897715917548
1280,227,1507,0.1057745034156845
1272,223,1495,0.1057931342637855
1274,222,1496,0.10582752092152134
1265,224,1489,0.10585395470559522
1272,228,1500,0.10589767917329183
1279,230,1509,0.10592277680325995
1279,227,1506,0.10593020601283226
1270,225,1495,0.105937522782822
1269,220,1489,0.10596427507826495
1282,221,1503,0.10599058301600449
1296,215,1511,0.10598638789208673
1294,215,1509,0.10595206874420046
1294,216,1510,0.1059246982809849
1290,220,1510,0.10589980874738351
1290,213,1503,0.10588548767494921
1285,217,1502,0.10587176431495472
1293,212,1505,0.10586926710599247
1283,213,1496,0.10584932905313338
1291,217,1508,0.10585347858638276
1283,216,1499,0.1058396320801228
1271,217,1488,0.10584444779184426
1280,210,1490,0.10587613140614527
1283,210,1493,0.10588492331702412
1274,212,1486,0.10588669935719786
1267,218,1485,0.10590902460650799
1259,222,1481,0.10594478916732075
1262,227,1489,0.10599493039957161
1269,230,1499,0.10603500528987354
1264,231,1495,0.10605581805129155
1252,226,1478,0.10608575366961205
1262,232,1494,0.10614002396602779
1253,232,1485,0.10616846917885774
1250,231,1481,0.10621506979687745
1237,231,1468,0.10626449233606426
1241,229,1470,0.10633879430925593
1255,231,1486,0.10639800899412435
1256,233,1489,0.10642124131099372
1262,231,1493,0.10644052789186474
1257,231,1488,0.10644524171235913
1257,235,1492,0.10646027278985493
1254,242,1496,0.10647476382096065
1251,251,1502,0.10649528646539441
1245,248,1493,0.10652124716085896
1247,247,1494,0.10655888095012557
1250,249,1499,0.10659049652179955
1244,254,1498,0.1066127633940064
1243,252,1495,0.10664680329035725
1233,260,1493,0.10668066353594317
1237,261,1498,0.10673346407771532
1242,258,1500,0.1067735799499739
1260,263,1523,0.10679963692418683
1250,268,1518,0.10678344406774883
1256,265,1521,0.10679051701383355
1248,269,1517,0.10678435076477498
1254,264,1518,0.10679576930301383
1249,265,1514,0.10679439463812411
1253,269,1522,0.10680376293962107
1241,270,1511,0.1068031967896298
1242,272,1514,0.10682921965502622
1238,268,1506,0.10685201048710322
1238,272,1510,0.10688156892762873
1218,276,1494,0.10690917035399852
1219,278,1497,0.10697919813712647
1219,284,1503,0.10704041007852007
1218,284,1502,0.10709733758427376
1209,281,1490,0.10715253208534753
1212,286,1498,0.10722382265422326
1214,288,1502,0.10728340727621571
1204,290,1494,0.1073351228659901
1204,286,1490,0.10740433796452283
1201,287,1488,0.10746778728128384
1200,289,1489,0.10753381940385819
1206,288,1494,0.10759616225119492
1206,295,1501,0.10764069373085426
1208,301,1509,0.10768137287208521
1214,296,1510,0.10771443487751671
1208,298,1506,0.10773101763669438
1205,296,1501,0.10775986275971619
1192,292,1484,0.10779365874697627
1194,294,1488,0.10785385416518395
1204,293,1497,0.10790519024847903
1203,297,1500,0.10792925984098208
1204,300,1504,0.10795405182278142
1199,304,1503,0.10797507979272992
1199,304,1503,0.10800560675145775
1199,302,1501,0.108033293237986
1195,302,1497,0.10805857018186354
1192,302,1494,0.10809040797355049
1192,301,1493,0.10812670092469005
1181,310,1491,0.10815976804127353
1172,310,1482,0.10821428483848798
1175,315,1490,0.1082842382076689
1171,315,1486,0.1083419747489265
1167,323,1490,0.10840404739961322
1171,322,1493,0.10846968766773032
1171,322,1493,0.10852176868583494
1192,319,1511,0.1085685456829839
1188,319,1507,0.10856395956417057
1192,317,1509,0.10856934592288607
1188,321,1509,0.10856416612510117
1182,316,1498,0.10856977021781965
1193,321,1514,0.10858892679758073
1186,315,1501,0.10858217761720425
1178,322,1500,0.10859176973505899
1173,324,1497,0.10861979690885909
1175,323,1498,0.10865737382523248
1180,330,1510,0.10868717680001369
1160,331,1491,0.10870394543671225
1160,324,1484,0.10876571448026764
1153,329,1482,0.1088212192568517
1164,335,1499,0.10888881658474216
1166,332,1498,0.10892711448740601
1176,334,1510,0.10895630262766982
1168,334,1502,0.10896065842393846
1162,339,1501,0.10898249018600403
1155,330,1485,0.10901704796414656
1154,330,1484,0.1090632138519208
1156,326,1482,0.1091079648753727
1163,325,1488,0.10914436557649487
1160,335,1495,0.1091618864337883
1164,333,1497,0.10918544129824131
1171,327,1498,0.10919766480129205
1168,336,1504,0.10919240205642529
1163,333,1496,0.10919431304945841
1177,338,1515,0.10920771593039831
1172,339,1511,0.10918925793415997
1159,331,1490,0.10918364289658648
1158,331,1489,0.10920822775883238
1167,334,1501,0.10923233854744495
1164,333,1497,0.10923366133804198
1169,335,1504,0.10924165181068857
1174,337,1511,0.10923755758858654
1177,335,1512,0.10922297962384978
1159,325,1484,0.1092036340774052
1154,329,1483,0.10922650791461411
1147,333,1480,0.10925866660952313
1147,340,1487,0.1093037975007908
1152,343,1495,0.10934621165374728
1148,342,1490,0.10937428636337597
1151,350,1501,0.10940914043853621
1149,345,1494,0.10943421635076693
1148,346,1494,0.1094623665463688
1149,351,1500,0.1094887805327144
1152,359,1511,0.10951041291976178
1151,358,1509,0.10952469407453652
1156,354,1510,0.10954065450856365
1148,343,1491,0.1095444678869202
1150,350,1500,0.10956623631293763
1151,347,1498,0.10958137551048033
1140,356,1496,0.10959376731265821
1139,362,1501,0.10962943234301059
1136,361,1497,0.10966625616029667
1132,361,1493,0.10970519811084223
1131,358,1489,0.10975092077518546
1126,362,1488,0.10979406908643426
1123,359,1482,0.10984636152935896
1125,369,1494,0.10990133209337163
1137,373,1510,0.10994713821559338
1145,370,1515,0.1099624408357481
1131,374,1505,0.10995887777343491
1136,372,1508,0.10998800828966075
1115,374,1489,0.11000369770057224
1119,372,1491,0.1100667282123627
1114,372,1486,0.11011568223225562
1116,369,1485,0.11017183994727522
1116,361,1477,0.11021869720454841
1123,371,1494,0.1102615332127834
1125,372,1497,0.1102839335987547
1117,379,1496,0.11029961853032563
1116,382,1498,0.11033137288877722
1112,376,1488,0.11036269048630987
1119,370,1489,0.11040104797374305
1131,378,1509,0.11042023394124723
1123,377,1500,0.11041139037974215
1107,384,1491,0.11042227932426094
1110,392,1502,0.11046783975853497
1119,389,1508,0.11050303757683184
1112,395,1507,0.11051569765304524
1115,397,1512,0.11054387536832266
1113,398,1511,0.11056331420033466
1103,398,1501,0.11058513052019421
1101,405,1506,0.11062785474450208
1089,400,1489,0.11067204866053175
1085,398,1483,0.11074056401196884
1086,406,1492,0.11081168136615535
1082,409,1491,0.11087458233471359
1090,409,1499,0.11094146304394804
1088,411,1499,0.11098528573660726
1090,407,1497,0.11102958639364514
1084,405,1489,0.11106591627423174
1091,410,1501,0.11111470957214355
1098,414,1512,0.11114300282002343
1094,407,1501,0.11115318983434311
1092,411,1503,0.11117129801045877
1093,415,1508,0.11119286364896527
1098,416,1514,0.11121021132076127
1091,419,1510,0.11121487246780173
1084,416,1500,0.11123460465566364
1083,407,1490,0.1112690121316031
1085,405,1490,0.11130320243731678
1096,408,1504,0.11133090702252002
1086,416,1502,0.11133252826739679
1091,414,1505,0.11135687347346121
1079,416,1495,0.11136853802744237
1071,419,1490,0.1114059139720743
1071,408,1479,0.11145920705428894
1075,419,1494,0.11150830087295897
1080,421,1501,0.11154478743366586
1075,428,1503,0.11156721000941663
1073,426,1499,0.1115991792436704
1077,425,1502,0.11163299185570077
1075,425,1500,0.11165523577010149
1072,426,1498,0.11168023083741865
1073,426,1499,0.1117094236303259
1069,425,1494,0.11173362195967225
1065,429,1494,0.11176583815774926
1069,430,1499,0.11180528569240643
1064,425,1489,0.11183258941150974
1055,424,1479,0.11186828939154517
1064,424,1488,0.11192144821558885
1066,424,1490,0.11194938766687587
1077,425,1502,0.1119702422305371
1069,422,1491,0.11196439663729665
1071,425,1496,0.11197710411348927
1057,426,1483,0.11198520032810201
1075,425,1500,0.11202505797414122
1080,426,1506,0.11201999445064224
1070,429,1499,0.112002341079365
1080,430,1510,0.1120092379921822
1076,428,1504,0.11199248773895736
1080,432,1512,0.1119865267657295
1074,429,1503,0.11197189790460828
1075,425,1500,0.11197181141525245
1068,428,1496,0.11196913675559891
1073,430,1503,0.11198245061090724
1078,429,1507,0.11198313989719193
1075,428,1503,0.11197103471834582
1072,425,1497,0.1119673243004631
1068,427,1495,0.11197159239335917
1073,430,1503,0.11198433449224961
1067,439,1506,0.11198464800425845
1057,438,1495,0.11199909918413621
1057,433,1490,0.11203564469057764
1066,437,1503,0.11206906342464705
1075,432,1507,0.11207917629302595
1069,432,1501,0.11206736694077456
1078,436,1514,0.11207048755144418
1083,437,1520,0.11205268873373896
1086,431,1517,0.11202516873869893
1091,425,1516,0.11199288099572359
1097,425,1522,0.11195185511019774
1093,424,1517,0.11190025590405747
1096,415,1511,0.11186145871334191
1083,415,1498,0.1118183882541906
1082,416,1498,0.11180878956080137
1071,419,1490,0.11180188044765574
1078,415,1493,0.11182021645714042
1080,417,1497,0.11182006620706453
1068,420,1488,0.11181466296387367
1074,420,1494,0.11183744559368507
1066,419,1485,0.11184401003400417
1070,420,1490,0.11186834060816223
1063,426,1489,0.11188179004938015
1062,424,1486,0.11191008139580777
1072,428,1500,0.11193868566054192
1078,424,1502,0.1119416502399873
1069,426,1495,0.11193100721892651
1075,434,1509,0.11194215609229945
1061,432,1493,0.11194014428228069
1060,435,1495,0.11197036934764246
1048,438,1486,0.11200169118265978
1053,440,1493,0.1120582908936583
1039,439,1478,0.11209909860800372
1038,438,1476,0.11216894518986001
1029,441,1470,0.11223509419861251
1030,453,1483,0.11231701126028824
1033,458,1491,0.11239116566716265
1044,464,1508,0.11245259021031176
1036,471,1507,0.11248507858653958
1043,463,1506,0.11253398920392012
1035,461,1496,0.11256263618309252
1031,462,1493,0.1126084198645036
1035,470,1505,0.11265947990846623
1034,477,1511,0.11269678263716078
1034,477,1511,0.11273327670311818
1020,484,1504,0.11276650026097287
1030,479,1509,0.11283095094533581
1018,484,1502,0.11286741138429374
1022,480,1502,0.11292937552463655
1018,478,1496,0.1129772566298863
1004,490,1494,0.11303080175075846
1003,491,1494,0.11311317246518961
1001,494,1495,0.11319151232662641
1004,498,1502,0.11326900256830866
1001,496,1497,0.11333272581797775
1001,496,1497,0.1133985024102341
1002,495,1497,0.1134595070246686
1005,497,1502,0.1135135797491044
994,505,1499,0.113556337877427
1004,508,1512,0.11362167293054029
1000,516,1516,0.11365888519300334
994,510,1504,0.11370236029906089
996,512,1508,0.11375590878920452
992,516,1508,0.11380057243896434
991,514,1505,0.11385115251593092
999,505,1504,0.11390015142341765
993,506,1499,0.11392721673850914
986,508,1494,0.11396694500914788
982,510,1492,0.11401964105647117
986,511,1497,0.11407792826518523
978,511,1489,0.11412267095070014
983,506,1489,0.11418357645429826
985,520,1505,0.11422812733536851
987,525,1512,0.11426409848042873
978,529,1507,0.11429287352596283
983,536,1519,0.11434024411164324
986,528,1514,0.11437324881679674
978,530,1508,0.11439592745963895
965,539,1504,0.11443691955719379
962,537,1499,0.11450593590585999
957,536,1493,0.11457686501740318
961,545,1506,0.11465407352410541
960,545,1505,0.11471611472336779
959,545,1504,0.11477568659869508
972,534,1506,0.11483333056447396
975,537,1512,0.11485540517244028
976,541,1517,0.11486878997463186
963,540,1503,0.11487930703219845
961,538,1499,0.11491856499392941
960,540,1500,0.11495967234261027
982,543,1525,0.1149990388816115
981,540,1521,0.11498358064048113
984,533,1517,0.11497196977327134
987,527,1514,0.11495453759122455
981,531,1512,0.11493132921842776
979,534,1513,0.11492410970127168
979,533,1512,0.11492322502630863
976,540,1516,0.11492205323947573
971,545,1516,0.11492923160233975
972,549,1521,0.11494767838655755
967,553,1520,0.11496177242523771
962,552,1514,0.1149847918106997
974,545,1519,0.11501763329531013
966,547,1513,0.11501929201281745
965,551,1516,0.1150405165484698
952,557,1509,0.11506292208768432
954,556,1510,0.11511517136764285
955,559,1514,0.11515976834594621
952,560,1512,0.11519850661412562
942,571,1513,0.11524234624730977
947,559,1506,0.1153064162105786
953,554,1507,0.11535456420831541
956,551,1507,0.11538483417329326
941,555,1496,0.11540520530262213
943,564,1507,0.11546008232936096
936,561,1497,0.1155060963294481
944,567,1511,0.11556534194971509
944,566,1510,0.11560105886901177
948,568,1516,0.1156338592434114
938,565,1503,0.11565402412633478
942,564,1506,0.11569668507094188
938,570,1508,0.11572709648005818
935,562,1497,0.11576450719527522
931,563,1494,0.11580662603366065
937,569,1506,0.1158546559831797
935,566,1501,0.11588429686458074
931,564,1495,0.11591583789187761
937,567,1504,0.11595529595779101
936,569,1505,0.11597839797417464
935,568,1503,0.11600296035692971
927,570,1497,0.11603003390024401
934,572,1506,0.11607422600796141
933,571,1504,0.11609743415923884
929,571,1500,0.11612037295748202
930,580,1510,0.11615128117323206
925,572,1497,0.11617745247715291
911,569,1480,0.11621265988784604
908,570,1478,0.11627806736798066
908,572,1480,0.11634412469388115
911,575,1486,0.11640498092984071
922,585,1507,0.11645546979938935
918,585,1503,0.11647714966150546
921,586,1507,0.116507905465659
922,583,1505,0.11652909513142622
925,588,1513,0.11654579028332117
922,589,1511,0.11655479536335975
930,586,1516,0.11656961577225405
936,589,1525,0.1165636400254243
937,589,1526,0.11654364378111476
929,592,1521,0.11652330642651325
925,583,1508,0.11652416553620946
920,590,1510,0.11653388410841879
911,588,1499,0.11655612103954492
899,599,1498,0.11659784329701407
899,593,1492,0.11666489809271295
891,595,1486,0.11672544139549772
900,589,1489,0.11679896482538084
904,590,1494,0.1168447891467024
896,604,1500,0.11687777354635223
888,611,1499,0.11692792322433392
888,618,1506,0.11699314479347322
888,612,1500,0.11705321443662832
882,622,1504,0.11710983492954083
882,622,1504,0.1171761401326358
881,621,1502,0.11723788378784747
881,621,1502,0.11729803705058953
878,624,1502,0.11735390030203842
883,632,1515,0.11741341556764544
862,639,1501,0.11745755750825897
862,642,1504,0.1175500255273
857,643,1500,0.11763566854012626
849,651,1500,0.11772622819586374
854,654,1508,0.11782964322675743
846,651,1497,0.11791223532514866
860,659,1519,0.11800769442210342
851,663,1514,0.11806275296057088
843,658,1501,0.11813556121306137
838,664,1502,0.11822369385708986
840,668,1508,0.11831776163334691
843,667,1510,0.11840098764549134
842,663,1505,0.1184710506481441
829,664,1493,0.11853845799989803
823,671,1494,0.1186329931927801
821,674,1495,0.11873505836526849
811,676,1487,0.1188351147131978
811,676,1487,0.11895179732568054
822,671,1493,0.11906012431949779
818,673,1491,0.1191338344762182
825,674,1499,0.11921100885304284
816,682,1498,0.11926601618673384
816,684,1500,0.11933896848304199
807,691,1498,0.1194078407589718
805,687,1492,0.1194933426238779
809,677,1486,0.11957741281586973
802,686,1488,0.11964592597400887
797,687,1484,0.11972667567959952
798,689,1487,0.11981448458916515
800,690,1490,0.11989372858535585
812,687,1499,0.11996163119688606
808,690,1498,0.11999460983383177
815,693,1508,0.12003621958161886
813,693,1506,0.12005704058176216
807,694,1501,0.12008109055646676
816,701,1517,0.12011872036731042
818,692,1510,0.12013037251929283
812,683,1495,0.12013646409844288
818,688,1506,0.12015649184905929
817,695,1512,0.12016128576169553
820,695,1515,0.12016813489642882
821,701,1522,0.12016910739512586
812,707,1519,0.12016732677084571
812,704,1516,0.12018728526806384
803,712,1515,0.12020715892097351
798,707,1505,0.12024723052154196
796,707,1503,0.12029753694048002
797,712,1509,0.12034993122126565
791,709,1500,0.12039555477685387
782,714,1496,0.12045195337268037
788,713,1501,0.12052550313310732
794,717,1511,0.12057835511823445
799,719,1518,0.1206130011944006
801,723,1524,0.12063363742756782
800,719,1519,0.12064751101135641
803,721,1524,0.12066210783752963
800,721,1521,0.1206680627592271
792,725,1517,0.12068156694151347
791,725,1516,0.12071302600943536
794,720,1514,0.12074488268907825
787,722,1509,0.12076793819054352
773,716,1489,0.1208064012315274
778,718,1496,0.12087611601567193
782,712,1494,0.12092802177508848
772,707,1479,0.12096640236281014
761,731,1492,0.12102619449193483
773,724,1497,0.12110873659581467
773,722,1495,0.12115586786106433
786,730,1516,0.12119897882370857
779,732,1511,0.12120682616710488
775,732,1507,0.1212318807567356
783,725,1508,0.12126605093256174
765,738,1503,0.12127728247066112
762,731,1493,0.1213317704622278
764,738,1502,0.12139027514291766
763,738,1501,0.12144030567930403
767,746,1513,0.12148968299314039
764,747,1511,0.12152519931714924
765,729,1494,0.1215659518307389
768,735,1503,0.12160046486332178
764,738,1502,0.12162585647670354
764,748,1512,0.12166039743931742
767,745,1512,0.12169226575160483
759,745,1504,0.12171486629357385
767,746,1513,0.12175559163736774
760,746,1506,0.12177407120264931
770,744,1514,0.12180942445690106
759,751,1510,0.12181717267273658
763,753,1516,0.12185129682617464
760,752,1512,0.12187357058048885
758,754,1512,0.12190234635254958
747,752,1499,0.12193236483967183
754,757,1511,0.12198748797770936
746,738,1484,0.1220222034218446
748,739,1487,0.12207394744692955
748,747,1495,0.12211658545942275
749,745,1494,0.12215410873710365
752,743,1495,0.12218625734882316
751,746,1497,0.1222070751717689
752,751,1503,0.12222894651230141
746,759,1505,0.12224643437646936
743,760,1503,0.12227762215864868
735,755,1490,0.1223134819376937
742,753,1495,0.12236702863484716
743,757,1500,0.12239942827457628
738,758,1496,0.12242720966999497
740,755,1495,0.1224652049301744
726,763,1489,0.12249614271694252
724,769,1493,0.1225606189972833
724,776,1500,0.12262481665288794
722,776,1498,0.12268365142904746
723,776,1499,0.12274445047984044
729,782,1511,0.12279825378467521
722,778,1500,0.12283297725777845
731,797,1528,0.12288210582846493
717,786,1503,0.12290595723969315
704,781,1485,0.12296218286343887
704,785,1489,0.12304765238988338
699,795,1494,0.12312535940533649
710,788,1498,0.12320972352190207
720,795,1515,0.12326064822170199
714,794,1508,0.12328393295847068
710,803,1513,0.12332000243419351
707,795,1502,0.12336555730667265
712,801,1513,0.12341430328771065
705,804,1509,0.12344654765685906
695,805,1500,0.12349606218279334
702,814,1516,0.12356650392770778
713,808,1521,0.12361485532175624
708,811,1519,0.1236324622200629
692,825,1517,0.12366189045752654
689,824,1513,0.12372837335859492
685,816,1501,0.12379847206493856
683,815,1498,0.12387316479059678
689,816,1505,0.12394667075021605
687,813,1500,0.12400084645170231
684,823,1507,0.12405662169613073
692,829,1521,0.12411613970495766
688,831,1519,0.12415217214011676
684,828,1512,0.12419657175138538
682,823,1505,0.12424801810997955
686,818,1504,0.12430131420762627
686,821,1507,0.12434029505701823
680,818,1498,0.12437516105105789
671,828,1499,0.12442114766566646
675,835,1510,0.12448689683785755
676,835,1511,0.12453769780935472
670,841,1511,0.12458247457286671
674,846,1520,0.12463907141534164
673,844,1517,0.12468094793190626
665,844,1509,0.12472250828003659
653,836,1489,0.12478150992013123
660,833,1493,0.12486495955860058
667,838,1505,0.12492484047459104
666,847,1513,0.12496198013836547
657,841,1498,0.12499942997423091
659,844,1503,0.12505746023543696
664,850,1514,0.12510745465946269
673,850,1523,0.12514080587601234
669,841,1510,0.1251484768667471
663,840,1503,0.1251648616143192
664,839,1503,0.1251964305267723
661,848,1509,0.12522236544204582
659,851,1510,0.12525388449126595
650,837,1487,0.12528927326988773
648,840,1488,0.12534531990432535
650,839,1489,0.12540219466048322
656,835,1491,0.12545032607554457
664,838,1502,0.12547838945943066
664,845,1509,0.1254842611500593
661,842,1503,0.12549073456440785
660,844,1504,0.12550467272582183
663,845,1508,0.12551971783844018
656,838,1494,0.12552619714278263
659,843,1502,0.12554981980092778
655,849,1504,0.12556443130940687
657,854,1511,0.1255877530226417
651,849,1500,0.125604836642223
650,849,1499,0.12563739345991043
641,861,1502,0.12566965884495487
651,865,1516,0.12572322182284723
651,863,1514,0.12574787424557693
644,870,1514,0.12577119344447252
645,866,1511,0.12580994493245806
638,862,1500,0.12584346395222135
643,860,1503,0.12589233831258273
646,861,1507,0.12592405558324113
651,860,1511,0.1259461228137934
644,860,1504,0.12595220155023162
640,854,1494,0.12597519558025275
641,858,1499,0.12600696921584847
635,861,1496,0.12603318225008034
639,865,1504,0.1260720463864651
648,860,1508,0.12609805143399774
641,859,1500,0.12609811062681
649,866,1515,0.12611568282670046
647,863,1510,0.12611113783076694
656,857,1513,0.12611240688525613
670,860,1530,0.12609067303313315
663,847,1510,0.1260344619776058
663,857,1520,0.12600080567123736
654,863,1517,0.1259689158541726
653,859,1512,0.12596231772068137
659,855,1514,0.12595652930040732
655,852,1507,0.12593605503397234
652,860,1512,0.12592792323842203
656,858,1514,0.12592881360741243
670,857,1527,0.1259190576847577
648,859,1507,0.12587477972247776
642,869,1511,0.12589029205825727
643,871,1514,0.1259198110894883
647,873,1520,0.12594607148104797
650,863,1513,0.12596031641195643
650,871,1521,0.12596593549560992
641,880,1521,0.1259710262401413
630,880,1510,0.12599802066951005
636,872,1508,0.12605162443710577
635,885,1520,0.12608733224801633
626,880,1506,0.12612386656253494
631,896,1527,0.1261820545221189
617,886,1503,0.12622366844988217
613,891,1504,0.12629935100667125
607,887,1494,0.12638017317512545
607,897,1504,0.12647025208227475
604,893,1497,0.1265539409625267
604,895,1499,0.126639209225336
599,889,1488,0.12671805123974442
600,893,1493,0.1268049062259092
599,902,1501,0.1268826069052472
604,901,1505,0.12695774180586017
597,915,1512,0.1270151461272454
591,910,1501,0.12708819257644607
590,906,1496,0.1271711096309387
587,909,1496,0.1272520391878594
594,924,1518,0.12733500195694716
587,920,1507,0.12739421405402873
586,921,1507,0.12746729404208615
583,915,1498,0.12753779154667388
586,919,1505,0.12761076627316037
587,921,1508,0.12766968054265695
590,908,1498,0.12772232942830336
587,911,1498,0.12776343347303862
588,912,1500,0.1278084140033921
593,911,1504,0.1278473290420958
599,910,1509,0.12787084366839696
601,905,1506,0.12787716742108
606,901,1507,0.12787910011183595
611,896,1507,0.12786800431835657
600,901,1501,0.12784384876712732
599,912,1511,0.12784999550123102
602,905,1507,0.1278590936545298
605,911,1516,0.12785960616589392
602,914,1516,0.12785300693008428
600,912,1512,0.12785487607452978
601,924,1525,0.12786260772144012
599,927,1526,0.1278671102555519
602,931,1533,0.12787705708534783
603,919,1522,0.1278780112586812
609,914,1523,0.1278764498438015
601,911,1512,0.12786022901465743
600,909,1509,0.12786550664317717
593,908,1501,0.1278742712185387
585,915,1500,0.12790068107439714
582,917,1499,0.12794564711606157
583,923,1506,0.127995567905386
574,926,1500,0.12803868013505446
573,927,1500,0.12810136352238952
560,928,1488,0.12816285008712505
562,937,1499,0.12825225423632639
562,935,1497,0.128330959794964
567,937,1504,0.12840429737572434
572,938,1510,0.12845979973757474
574,942,1516,0.12849850317509
572,938,1510,0.12853016576346912
567,933,1500,0.1285643857309625
569,941,1510,0.12860942201996925
565,933,1498,0.12864537496596035
566,936,1502,0.1286891997465902
557,943,1500,0.12872681902431843
547,945,1492,0.12878545462374658
549,950,1499,0.12886766111179473
549,954,1503,0.12893892318328795
549,953,1502,0.12900539693398413
546,950,1496,0.12906739276866763
551,954,1505,0.12913271096110762
557,949,1506,0.12918055211718327
560,953,1513,0.12920987694811603
557,957,1514,0.12922919510188985
556,968,1524,0.129256152782086
561,954,1515,0.12928414951115022
559,955,1514,0.12929674414679138
550,964,1514,0.12931520088016094
551,958,1509,0.12935609440661333
551,962,1513,0.12939111080368076
549,972,1521,0.12942496980110976
548,958,1506,0.12946120998411267
547,960,1507,0.12949754738341782
545,955,1500,0.12953331049730601
536,964,1500,0.1295715273862667
543,969,1512,0.12962993153155292
533,983,1516,0.12966550520686748
543,979,1522,0.1297235119140155
537,963,1500,0.12975293998945392
536,978,1514,0.1297959189128078
536,979,1515,0.12983765635795963
537,985,1522,0.1298759679647818
527,985,1512,0.12990900888164805
534,985,1519,0.1299664608318492
535,983,1518,0.13000203442013308
530,989,1519,0.13003341748421066
526,989,1515,0.130074842798408
523,995,1518,0.1301248617337608
523,1002,1525,0.13018029107333504
525,1001,1526,0.13023244986653673
520,1003,1523,0.1302760797861512
522,994,1516,0.13033164879062223
525,989,1514,0.1303770392261922
528,973,1501,0.13041047928701577
519,980,1499,0.13043405442421277
520,984,1504,0.1304788741081378
523,987,1510,0.1305180975148592
517,979,1496,0.13054713247303085
516,981,1497,0.13058957001022914
522,983,1505,0.13063292290701123
516,976,1492,0.1306568657433254
521,976,1497,0.1306941972573174
521,987,1508,0.13071610084029656
531,984,1515,0.1307364595766355
536,979,1515,0.1307295317709174
533,983,1516,0.13071025564190358
530,988,1518,0.13070025195046522
525,992,1517,0.1306992780803105
522,994,1516,0.13071037915670924
523,1003,1526,0.13072860381404167
521,996,1517,0.13074271117715633
518,991,1509,0.1307629492264977
530,991,1521,0.13078920396637553
516,999,1515,0.13078259291206717
518,1009,1527,0.1308129802950521
519,996,1515,0.13083635990381284
511,994,1505,0.13085454087513917
510,999,1509,0.13089264957083524
503,994,1497,0.13092913435847472
497,998,1495,0.13098168540724342
510,997,1507,0.13104527131114657
505,998,1503,0.13107097792670408
515,993,1508,0.13110880953344403
508,997,1505,0.13111721550949432
509,1008,1517,0.13114324238539155
514,1004,1518,0.13116576785896739
513,1008,1521,0.13117476945929604
506,1013,1519,0.1311866937020287
505,997,1502,0.13121812024450438
503,1005,1508,0.13124832935307593
503,1003,1506,0.13128168526648257
503,1003,1506,0.13131179826457567
499,1001,1500,0.1313411348109824
499,996,1495,0.13137876712610957
504,1008,1512,0.13141363496519806
502,1006,1508,0.131432046521381
504,1012,1516,0.13145439539011095
491,1019,1510,0.13146950012329378
494,1019,1513,0.13151731206959263
488,1025,1513,0.13155572609930175
493,1027,1520,0.1316078854215424
501,1005,1506,0.1316427421860235
498,1009,1507,0.13165378589625568
495,1019,1514,0.131671554438292
496,1020,1516,0.1316954563806579
497,1012,1509,0.1317154962841041
488,1015,1503,0.13173286475779492
481,1018,1499,0.13177327033158068
488,1024,1512,0.13183005602388806
488,1024,1512,0.13186450135626304
486,1034,1520,0.1318978561363851
487,1038,1525,0.13193500455284568
485,1033,1518,0.13196701552300122
491,1037,1528,0.13200222357524222
490,1037,1527,0.13201862267883369
496,1032,1528,0.13203652933349733
494,1036,1530,0.1320383236077795
483,1037,1520,0.13204568759889213
478,1039,1517,0.13208258134366244
478,1021,1499,0.13213014186223593
476,1027,1503,0.13217434380874057
473,1034,1507,0.13222042588272997
469,1037,1506,0.13227193602065987
465,1030,1495,0.1323312464614337
462,1034,1496,0.13239598256547777
465,1040,1505,0.13246426085246607
464,1021,1485,0.13251890961907886
457,1023,1480,0.1325724804173132
462,1029,1491,0.13263999899327197
464,1033,1497,0.13268999573955667
451,1032,1483,0.1327323487740721
456,1044,1500,0.13280693433475566
459,1055,1514,0.13286233680315557
451,1058,1509,0.13290656889176297
454,1054,1508,0.1329708237432652
455,1046,1501,0.13302130659362804
447,1048,1495,0.13306571545072368
456,1059,1515,0.1331282397501482
453,1067,1520,0.1331620787502935
454,1060,1514,0.1332019973279748
447,1069,1516,0.1332384559911987
453,1066,1519,0.13329128412238433
449,1073,1522,0.13332489561139732
441,1063,1504,0.1333667986620626
440,1063,1503,0.13342655214519253
447,1072,1519,0.1334857277082019
441,1068,1509,0.13352302379190983
444,1069,1513,0.13357254249269657
444,1069,1513,0.13361071057583848
444,1071,1515,0.1336472096941018
438,1069,1507,0.13368142362820776
437,1072,1509,0.13372837386228784
441,1074,1515,0.1337742956322171
440,1058,1498,0.1338067494617338
441,1058,1499,0.13383890832709874
442,1060,1502,0.1338664858949771
437,1058,1495,0.13388977021055548
436,1065,1501,0.1339234114364671
443,1074,1517,0.13395699011400686
435,1061,1496,0.133969209114885
430,1073,1503,0.13400132621445912
434,1082,1516,0.1340453175079203
435,1087,1522,0.13407676616174458
431,1099,1530,0.13410385559012242
430,1103,1533,0.13413948590950217
426,1106,1532,0.13417544367102027
424,1089,1513,0.1342192455416873
427,1099,1526,0.13426566489909253
429,1101,1530,0.1343010117257641
423,1096,1519,0.13432823853062906
421,1093,1514,0.13437107320889635
420,1095,1515,0.13441627557019722
414,1108,1522,0.13446078975717946
412,1104,1516,0.13451882407806617
414,1103,1517,0.1345784247281098
415,1099,1514,0.13462820127805827
400,1102,1502,0.1346711699488314
397,1106,1503,0.13475015400612733
403,1100,1503,0.13483242016615882
403,1101,1504,0.13489303159800003
403,1110,1513,0.13495097159935215
404,1107,1511,0.13500504507195996
398,1111,1509,0.13505313461438878
396,1127,1523,0.13511297347413057
400,1119,1519,0.13517411540855442
399,1110,1509,0.13522124281550846
398,1102,1500,0.13526678155136268
398,1110,1508,0.13531323459632671
405,1112,1517,0.1353580602354341
406,1109,1515,0.1353802295315887
403,1113,1516,0.1353997741375153
404,1106,1510,0.1354251801008038
406,1106,1512,0.13544568035864876
400,1100,1500,0.13545927362801738
401,1096,1497,0.1354874542980747
400,1093,1493,0.1355107468514672
400,1104,1504,0.13553511684480107
402,1106,1508,0.1355571590908488
403,1105,1508,0.13557268475343062
399,1112,1511,0.13558520696130638
396,1111,1507,0.13560850106666478
397,1119,1516,0.1356377690848026
405,1117,1522,0.135663311275879
395,1116,1511,0.13566492863228372
396,1119,1515,0.1356938387980453
394,1126,1520,0.13571689356197641
405,1122,1527,0.13574416722100724
400,1110,1510,0.13574070387267428
395,1121,1516,0.1357511060501317
398,1125,1523,0.13577498074119457
404,1132,1536,0.13578885458173523
398,1114,1512,0.13578527120385428
395,1110,1505,0.13579897772504546
393,1107,1500,0.13581953285998735
393,1113,1506,0.13584304356901705
383,1117,1500,0.13586422498515544
386,1114,1500,0.13591207195136282
378,1122,1500,0.13594916606344098
376,1122,1498,0.13600417266575252
383,1122,1505,0.13606058284712713
389,1121,1510,0.13609363743936115
391,1126,1517,0.13610932330032088
388,1118,1506,0.13611874049563466
391,1125,1516,0.13613635686588293
391,1116,1507,0.13614450767498365
380,1115,1495,0.1361536360393121
378,1113,1491,0.13619235418184117
381,1121,1502,0.13623395540500607
383,1125,1508,0.1362646599118533
380,1122,1502,0.13628723309131863
374,1113,1487,0.13631635733964365
377,1125,1502,0.13636123950670906
377,1144,1521,0.13639566654179616
373,1139,1512,0.13642858059635535
379,1146,1525,0.1364700064670363
387,1135,1522,0.13649247626186015
390,1133,1523,0.13649198306689148
384,1127,1511,0.13648404493938546
385,1123,1508,0.13649384021030908
373,1133,1506,0.13650133115936633
377,1137,1514,0.1365403419500998
376,1143,1519,0.13656696538708035
372,1139,1511,0.1365942153328536
369,1146,1515,0.13663124502334956
366,1145,1511,0.1366741261960608
361,1154,1515,0.13672161114803277
360,1156,1516,0.13677897695947736
357,1156,1513,0.1368352405425156
360,1158,1518,0.13689552703648938
357,1164,1521,0.13694262070315028
362,1156,1518,0.13699726378550292
362,1153,1515,0.13703336363712101
358,1156,1514,0.13706650248157476
358,1151,1509,0.13710861117276948
354,1150,1504,0.13714709693065075
362,1142,1504,0.1371942456069238
368,1141,1509,0.13721536052156197
369,1148,1517,0.13721896904180894
364,1143,1507,0.13722023115859838
365,1162,1527,0.13723532653884124
362,1157,1519,0.1372478515276397
352,1152,1504,0.13726830342689578
349,1158,1507,0.13731409571621106
348,1156,1504,0.13736430663816324
350,1160,1510,0.1374143756388064
349,1159,1508,0.13745523644026217
348,1162,1510,0.13749684663150177
350,1171,1521,0.13753863060484212
346,1165,1511,0.13757133283584783
347,1156,1503,0.1376141418574416
349,1157,1506,0.13765083058295063
350,1167,1517,0.13767938735399673
345,1163,1508,0.13770270022095052
347,1164,1511,0.13773821885149468
351,1179,1530,0.13776459613372619
345,1181,1526,0.1377772356007066
345,1179,1524,0.1378051743961079
352,1178,1530,0.13783144685802318
349,1175,1524,0.13783705474826788
350,1187,1537,0.1378507704645633
356,1171,1527,0.13786002522780577
355,1166,1521,0.13785258648693194
344,1166,1510,0.13784978342172138
341,1166,1507,0.13787656976555487
341,1171,1512,0.13791006279519982
340,1176,1516,0.1379395546331972
342,1170,1512,0.13797021353930625
350,1176,1526,0.13799326133354337
346,1167,1513,0.13799410025206946
346,1169,1515,0.1380059669411942
348,1180,1528,0.13801839408034924
336,1178,1514,0.13802462395799003
331,1183,1514,0.1380638821025876
328,1177,1505,0.1381142020506793
327,1174,1501,0.13816958545615166
322,1171,1493,0.13822324892683283
321,1173,1494,0.13828675093777576
316,1183,1499,0.13834882850600888
305,1198,1503,0.1384203058904992
307,1188,1495,0.13851738787818044
310,1195,1505,0.1386022039020372
310,1205,1515,0.13867425433325767
317,1202,1519,0.13874113586785858
315,1202,1517,0.13878437094174498
316,1199,1515,0.13883106636405215
318,1206,1524,0.13887238757848958
315,1206,1521,0.13890544308274674
314,1197,1511,0.13894520251783327
314,1198,1512,0.13898455098192428
311,1206,1517,0.13902093907504492
309,1197,1506,0.1390634537742354
307,1203,1510,0.13910830630011634
311,1206,1517,0.13915538534868463
307,1203,1510,0.13918929568060215
303,1200,1503,0.13923197824892347
298,1195,1493,0.13928310163474347
294,1198,1492,0.13934445319553768
294,1203,1497,0.1394121319487059
294,1208,1502,0.13947549077819985
289,1207,1496,0.13953454783185845
287,1205,1492,0.13960385063919287
287,1207,1494,0.13967457479117984
286,1196,1482,0.13974034920207107
286,1209,1495,0.13980356352802026
284,1218,1502,0.13986277600663144
295,1206,1501,0.13992350049328273
289,1209,1498,0.1399507038185301
293,1201,1494,0.1399937257305655
295,1203,1498,0.14002378389108167
289,1212,1501,0.1400448965868372
287,1227,1514,0.14008052400401272
292,1210,1502,0.1401193091030562
289,1212,1501,0.1401412762009208
291,1223,1514,0.1401710799675697
294,1228,1522,0.14019362553960343
295,1234,1529,0.14020661681102492
296,1225,1521,0.14021542260914882
292,1227,1519,0.14022139089569946
292,1235,1527,0.14023838560953197
293,1235,1528,0.14025403063140007
285,1232,1517,0.14026521283910323
284,1232,1516,0.14029847348627944
288,1224,1512,0.14033277986380902
290,1216,1506,0.1403527598494454
290,1213,1503,0.1403649721337198
290,1214,1504,0.14037573064847247
284,1219,1503,0.1403859647646247
285,1223,1508,0.1404121787206728
285,1220,1505,0.14043333080071269
287,1223,1510,0.14045276514709748
283,1220,1503,0.140464485950155
280,1224,1504,0.14048662652731064
286,1230,1516,0.14051625322670577
283,1242,1525,0.1405277694520521
278,1249,1527,0.14054771228172153
274,1233,1507,0.1405801495710973
268,1225,1493,0.14062175593320667
271,1229,1500,0.14067807380257838
271,1238,1509,0.14072210559020862
265,1239,1504,0.14076288274678656
268,1243,1511,0.1408169464582331
270,1250,1520,0.1408594004507245
273,1251,1524,0.1408939180630128
268,1252,1520,0.14091770295386294
263,1253,1516,0.14095288005139983
265,1253,1518,0.14099995765075918
266,1253,1519,0.14103833456701464
267,1258,1525,0.14107191253325796
274,1252,1526,0.1411005805610251
275,1253,1528,0.1411077581888184
278,1251,1529,0.14111155908361378
278,1238,1516,0.14110726558742354
286,1229,1515,0.1411026791783132
282,1240,1522,0.14107648179087526
281,1230,1511,0.141062833305144
279,1231,1510,0.14105332266506146
279,1230,1509,0.14104952637246893
275,1228,1503,0.14104557475250912
274,1226,1500,0.14105346895244397
275,1239,1514,0.14106386047007263
274,1245,1519,0.14107193388175904
277,1254,1531,0.14108219541908465
272,1246,1518,0.14108306076076377
269,1242,1511,0.14109737072226297
271,1243,1514,0.14111860456718447
269,1242,1511,0.14113220662565415
264,1237,1501,0.14115068295873598
267,1238,1505,0.1411824709536471
270,1235,1505,0.14120270345433827
269,1233,1502,0.1412134316259751
268,1245,1513,0.1412261196316564
272,1253,1525,0.14124032402727293
262,1256,1518,0.14124275918943924
262,1256,1518,0.14127249314483098
263,1259,1522,0.14129959510788698
264,1250,1514,0.14132155566859791
262,1249,1511,0.14133986414553437
261,1244,1505,0.14136234959086458
262,1254,1516,0.1413859438317233
264,1257,1521,0.14140584960791278
262,1243,1505,0.14141788819726084
257,1253,1510,0.14143417085274343
252,1270,1522,0.1414636749373183
254,1267,1521,0.14150450435640727
251,1256,1507,0.14153759714060773
251,1252,1503,0.14157737708373186
247,1258,1505,0.14161317240061957
248,1269,1517,0.1416580698926521
247,1262,1509,0.14169750974320192
245,1264,1509,0.14173705480896448
242,1270,1512,0.14177933127649797
239,1270,1509,0.14182697695792026
239,1272,1511,0.14187996722176932
240,1286,1526,0.1419303504561744
240,1285,1525,0.14197458822020498
237,1286,1523,0.14201619382928013
237,1272,1509,0.14206299947433357
235,1271,1506,0.14210736489795783
237,1281,1518,0.14215390208858283
244,1274,1518,0.14219151537303443
242,1284,1526,0.14220659050187867
241,1292,1533,0.1422261740667881
242,1291,1533,0.14224834315155896
241,1280,1521,0.142265026904536
240,1263,1503,0.14228408840212045
241,1268,1509,0.14230466309159914
243,1284,1527,0.1423211782072836
243,1282,1525,0.1423312637885509
238,1285,1523,0.14234050836629797
236,1280,1516,0.1423632608763789
236,1285,1521,0.14239029440320253
228,1265,1493,0.14241581683884436
227,1271,1498,0.14246235557166909
226,1283,1509,0.14250867913892173
228,1269,1497,0.14255443447186816
232,1273,1505,0.14259175374169042
228,1279,1507,0.14261513535991177
224,1286,1510,0.1426491287473356
227,1284,1511,0.1426916616818394
232,1281,1513,0.1427229957168727
230,1279,1509,0.14273785054128094
231,1282,1513,0.14275748769497087
231,1293,1524,0.14277314800590862
232,1293,1525,0.14278834883211095
228,1296,1524,0.14279996771899997
221,1304,1525,0.14282286001354988
224,1289,1513,0.14286483888269755
221,1289,1510,0.14289587692171762
212,1296,1508,0.14293270030434058
213,1295,1508,0.14299195640236603
211,1294,1505,0.14304410681740576
218,1294,1512,0.14309896659917282
220,1297,1517,0.14312976202994138
222,1296,1518,0.1431532415504377
225,1286,1511,0.14317003881521034
223,1292,1515,0.14317720144164992
222,1286,1508,0.14319071662971206
221,1291,1512,0.14320635478101473
220,1281,1501,0.14322372500873284
226,1283,1509,0.14324321935107473
222,1280,1502,0.1432446178483439
221,1281,1502,0.1432573754107691
224,1288,1512,0.14327229028656457
227,1293,1520,0.14327787868411243
229,1296,1525,0.14327520243433883
233,1303,1536,0.14326685263280367
232,1291,1523,0.1432481830030632
229,1291,1520,0.14323357484440194
224,1274,1498,0.14322821706225866
223,1278,1501,0.1432369112124169
225,1278,1503,0.1432471166807705
225,1279,1504,0.14325017598671397
228,1289,1517,0.1432530251763077
231,1285,1516,0.14324699737846613
236,1287,1523,0.14323307229590004
237,1285,1522,0.1432053489061224
238,1280,1518,0.14317708529223075
243,1284,1527,0.14314747177408685
246,1277,1523,0.1431055118955377
243,1265,1508,0.14305879872530444
243,1286,1529,0.1430243299000099
240,1284,1524,0.14299133018205987
235,1286,1521,0.14296963612120767
236,1285,1521,0.14296268767843143
232,1276,1508,0.14295354378346414
231,1270,1501,0.14295604407542992
228,1278,1506,0.1429605569502855
228,1280,1508,0.142972940309687
228,1283,1511,0.14298476306200086
225,1281,1506,0.14299653917320151
230,1287,1517,0.1430165045681785
229,1282,1511,0.14302150283059112
225,1269,1494,0.14302975929799586
227,1281,1508,0.14304918055109087
223,1285,1508,0.1430611039500616
226,1299,1525,0.1430840587861206
225,1302,1527,0.14309756597204967
224,1296,1520,0.14311332503678437
225,1294,1519,0.14313122226156097
226,1285,1511,0.14314450376704
231,1292,1523,0.14315488439579244
232,1293,1525,0.14315079794957708
227,1283,1510,0.14314441357908575
220,1281,1501,0.1431532193080324
219,1289,1508,0.14318048175118223
219,1303,1522,0.14320929447625858
217,1307,1524,0.14323689645499113
215,1305,1520,0.1432680111737218
215,1300,1515,0.1433026656793306
214,1300,1514,0.14333597796964484
216,1311,1527,0.1433705762600186
215,1310,1525,0.14339744126040732
214,1311,1525,0.14342472693094382
216,1305,1521,0.14345252497245406
210,1315,1525,0.1434726152097742
212,1310,1522,0.14350897486933817
211,1312,1523,0.14353720635221956
211,1306,1517,0.1435670311729266
210,1303,1513,0.1435955123939305
208,1311,1519,0.14362461668399112
206,1315,1521,0.14365716698865916
204,1328,1532,0.14369315092729734
200,1320,1520,0.14373256666467538
202,1316,1518,0.1437808195787703
199,1330,1529,0.14382078943009224
203,1327,1530,0.14386686364285295
203,1315,1518,0.14389823824013334
202,1320,1522,0.1439281404477334
202,1321,1523,0.14395919835220705
197,1326,1523,0.14398830487305161
195,1323,1518,0.1440303348834587
198,1327,1525,0.14407504413511615
194,1311,1505,0.14410839064866351
196,1306,1502,0.14415072648257732
198,1303,1501,0.1441843594809583
194,1308,1502,0.1442100675437135
198,1308,1506,0.14424570328137548
194,1320,1514,0.1442674565270858
188,1309,1497,0.14429903394085858
191,1319,1510,0.1443456543553391
194,1316,1510,0.14437905034083273
193,1315,1508,0.14440177283150737
197,1312,1509,0.1444263007594158
195,1308,1503,0.1444378458437822
196,1306,1502,0.14445452461985045
200,1307,1507,0.14446697722642024
200,1311,1511,0.1444673753368717
200,1309,1509,0.14446777721469073
197,1310,1507,0.14446816457927383
199,1314,1513,0.1444771933952099
198,1296,1494,0.14447998522363079
191,1322,1513,0.1444858677519349
190,1322,1512,0.1445114950042236
189,1323,1512,0.14453874892782737
194,1313,1507,0.14456785210522488
197,1323,1520,0.1445819923804648
189,1309,1498,0.14458687100648454
190,1316,1506,0.144614239132573
189,1323,1512,0.14463647375382388
190,1323,1513,0.1446598812605243
187,1331,1518,0.14467974067231673
192,1332,1524,0.14470631242327184
193,1334,1527,0.1447177870290054
191,1333,1524,0.14472570396527998
181,1324,1505,0.14473915923430816
181,1333,1514,0.14477972378169254
180,1317,1497,0.14481786423576776
175,1325,1500,0.14485643472705445
175,1340,1515,0.14490713184201318
175,1335,1510,0.14495443431760158
173,1344,1517,0.14499868443452674
170,1346,1516,0.1450458892220747
168,1346,1514,0.14509849717276965
171,1344,1515,0.1451530644652028
172,1336,1508,0.14519530243905393
166,1334,1500,0.14523129512919258
168,1334,1502,0.1452820261132666
170,1342,1512,0.1453242177796519
172,1343,1515,0.14535787662598343
171,1350,1521,0.14538386866145886
169,1348,1517,0.14541102121744298
170,1338,1508,0.14544241380156936
171,1347,1518,0.14546865388527552
169,1336,1505,0.14549025105343472
169,1343,1512,0.14551596623957408
166,1347,1513,0.14554008017263403
165,1348,1513,0.14557144543929768
161,1360,1521,0.14560353974856854
161,1365,1526,0.14564556636346915
165,1352,1517,0.14568401337542106
165,1352,1517,0.14570808548686373
162,1352,1514,0.1457313593377074
157,1351,1508,0.14576247356253433
157,1348,1505,0.14580676153195463
158,1358,1516,0.1458478300826911
160,1352,1512,0.14588346977471997
165,1358,1523,0.14591105506664923
164,1346,1510,0.14592218861061912
165,1336,1501,0.14593539676530645
163,1351,1514,0.14594502339217197
166,1347,1513,0.14596026558107503
163,1350,1513,0.14596621272285593
161,1345,1506,0.14598122789871634
160,1360,1520,0.1460011568401072
164,1351,1515,0.14602212873332565
163,1357,1520,0.14603008537748025
164,1366,1530,0.14604002589696344
163,1365,1528,0.14604697431312996
163,1359,1522,0.1460569288361138
168,1365,1533,0.14606641135132178
164,1368,1532,0.14606092982628663
164,1362,1526,0.14606701466060254
165,1354,1519,0.14607233295171235
168,1349,1517,0.14607471215251394
162,1345,1507,0.1460678959053282
161,1344,1505,0.14607781838222714
157,1351,1508,0.14608967685839247
159,1350,1509,0.14611206580103275
162,1345,1507,0.1461269404870016
163,1343,1506,0.1461325313046536
158,1356,1514,0.1461350652295141
157,1353,1510,0.1461522068401363
162,1347,1509,0.14617104976518175
160,1351,1511,0.14617470420552778
160,1364,1524,0.14618386360766553
160,1356,1516,0.1461922421159585
154,1365,1519,0.14620034322726286
153,1359,1512,0.14622531358825247
152,1365,1517,0.14625206659323733
160,1364,1524,0.14627942565718893
156,1366,1522,0.14628197436342863
157,1372,1529,0.1462963538851903
159,1357,1516,0.14630706057572138
159,1353,1512,0.14631133223363288
164,1357,1521,0.14631551751692112
161,1352,1513,0.1463051522220036
162,1356,1518,0.14630406843121072
157,1364,1521,0.14630027671659984
158,1365,1523,0.14631120057646785
155,1367,1522,0.1463182148598869
159,1359,1518,0.1463330104841885
156,1367,1523,0.1463356645451319
154,1360,1514,0.14634630559241052
157,1361,1518,0.1463627597369399
151,1352,1503,0.14636921310139464
152,1364,1516,0.14639214940181142
156,1369,1525,0.14641095576966082
157,1364,1521,0.14641677477144138
152,1355,1507,0.1464197955035368
154,1357,1511,0.1464365918147254
153,1361,1514,0.1464459841636081
154,1344,1498,0.14645779441968865
154,1348,1502,0.14646599826451762
149,1354,1503,0.14647435170325265
151,1364,1515,0.14649654831799727
144,1368,1512,0.14651096117096638
150,1362,1512,0.14654449556777574
149,1354,1503,0.14655803884902896
147,1364,1511,0.1465735262011172
153,1363,1516,0.1465939872865122
151,1351,1502,0.1465960671553859
150,1354,1504,0.14660402913808382
149,1370,1519,0.14661435293306727
147,1372,1519,0.14662766525350662
148,1374,1522,0.14664599264925351
146,1369,1515,0.14666059444358479
142,1381,1523,0.14668064751004803
145,1374,1519,0.14671059197667016
146,1379,1525,0.14673010868780575
149,1373,1522,0.1467459595489188
146,1374,1520,0.1467522068516632
146,1362,1508,0.1467667355492441
147,1379,1526,0.14678060110131474
148,1381,1529,0.1467907826960929
146,1378,1524,0.1467977863435154
144,1384,1528,0.14681042130232508
145,1384,1529,0.14682826177750966
143,1374,1517,0.1468420370140458
150,1377,1527,0.14686031116690818
146,1368,1514,0.1468570706015348
141,1389,1530,0.14686598383845212
140,1363,1503,0.14688882118783153
134,1368,1502,0.1469130162910183
135,1381,1516,0.14695315678674312
138,1378,1516,0.14698768482937358
137,1388,1525,0.1470110700385062
138,1381,1519,0.14703575206067337
138,1363,1501,0.14705598268727227
139,1362,1501,0.14707425079579048
142,1361,1503,0.14708825192477756
141,1379,1520,0.14709199107866547
137,1374,1511,0.1470978407852485
131,1360,1491,0.14711457154367
131,1358,1489,0.14714807660709797
128,1372,1500,0.14717867726414868
132,1362,1494,0.14721564300562487
130,1366,1496,0.1472384900883353
126,1380,1506,0.14726633088932187
124,1393,1517,0.1473041833009783
128,1387,1515,0.147345770627477
130,1394,1524,0.147372644311992
128,1394,1522,0.1473920361890058
127,1393,1520,0.14741626324623863
129,1382,1511,0.1474418869857247
127,1389,1516,0.14746052328768958
127,1390,1517,0.14748405722625185
120,1391,1511,0.1475063481855427
116,1388,1504,0.14754756418006076
119,1393,1512,0.1475972403345036
123,1389,1512,0.14763585575844268
119,1404,1523,0.1476601174311121
115,1401,1516,0.14769463958711884
117,1414,1531,0.14773830841986782
117,1411,1528,0.14777314032679206
113,1402,1515,0.14780553097435106
113,1397,1510,0.1478480118644329
113,1401,1514,0.1478881141310692
112,1408,1520,0.14792603165044674
113,1409,1522,0.14796433084873367
119,1399,1518,0.14799711055256734
119,1392,1511,0.14801035339648105
123,1384,1507,0.14802309261152222
121,1394,1515,0.14802276933275998
122,1389,1511,0.1480291187736211
121,1386,1507,0.14803163503951614
121,1400,1521,0.14803709796231548
120,1398,1518,0.14804234621083598
114,1384,1498,0.14805050822740015
110,1391,1501,0.1480757294129359
109,1383,1492,0.14811107018268466
109,1401,1510,0.14814692172417726
108,1406,1514,0.1481807277077351
106,1416,1522,0.14821532439039217
105,1422,1527,0.1482533394560238
104,1418,1522,0.14829183215065078
103,1422,1525,0.148331087351485
106,1414,1520,0.14837064039716816
105,1409,1514,0.14839919177412772
103,1402,1505,0.14842890832491235
105,1414,1519,0.1484628495572741
106,1403,1509,0.14848879850615673
107,1397,1504,0.14850969831018376
108,1404,1512,0.14852624505620093
105,1421,1526,0.14853910899155118
106,1416,1522,0.14856045953653063
104,1412,1516,0.14857729125576213
101,1421,1522,0.14859986079191428
101,1431,1532,0.14863012683698895
105,1424,1529,0.14865903183299845
107,1411,1518,0.14867475514061554
107,1411,1518,0.14868351098218086
106,1410,1516,0.14869159668334583
106,1420,1526,0.1487023811618241
106,1413,1519,0.14871255075542808
105,1413,1518,0.14872230779153706
106,1412,1518,0.1487343436388852
108,1422,1530,0.1487427697904065
105,1420,1525,0.14874480326402317
106,1418,1524,0.14875578472930265
105,1417,1522,0.14876324773845723
103,1417,1520,0.14877298620835527
107,1411,1518,0.14878780161987804
105,1414,1519,0.14879004712841382
107,1416,1523,0.1487979532486291
106,1418,1524,0.1487998168545824
109,1398,1507,0.14880461819535765
107,1411,1518,0.14880005602528482
106,1418,1524,0.14880199128016997
104,1416,1520,0.148806909535942
104,1416,1520,0.14881771620537051
102,1414,1516,0.14882690344045893
99,1414,1513,0.14884111284174475
96,1428,1524,0.1488635721338487
97,1429,1526,0.14889361326546013
100,1431,1531,0.14891878857298407
99,1420,1519,0.14893350455256066
96,1426,1522,0.14895039068567636
96,1437,1533,0.1489749203263926
97,1441,1538,0.1489981878709877
97,1431,1528,0.14901704939524862
95,1423,1518,0.14903416780165693
94,1432,1526,0.14905589227795304
96,1428,1524,0.149079240497136
95,1441,1536,0.1490953550106196
95,1450,1545,0.14911341779798876
91,1446,1537,0.1491308370623708
95,1432,1527,0.14915903160613564
92,1435,1527,0.14917375042089015
90,1427,1517,0.1491961713475749
91,1419,1510,0.14922278581611553
92,1426,1518,0.1492451214583345
91,1418,1509,0.14926327049932225
93,1425,1518,0.1492838885302171
94,1428,1522,0.1492973703677105
93,1425,1518,0.1493066882691156
92,1413,1505,0.14931847487048297
94,1420,1514,0.14933274042317105
94,1423,1517,0.1493401111517506
91,1427,1518,0.1493470109678142
91,1425,1516,0.14936265749237335
89,1428,1517,0.14937765745434983
91,1421,1512,0.1493976600108973
88,1437,1525,0.14941043003142976
85,1427,1512,0.14943127811689474
85,1424,1509,0.14945981021346882
85,1427,1512,0.14948679577732085
86,1439,1525,0.1495121122991338
84,1441,1525,0.1495327503987442
82,1454,1536,0.14955822632638355
84,1440,1524,0.14958831442060283
80,1429,1509,0.14961058517793013
78,1433,1511,0.14964305919448326
78,1431,1509,0.14967938553536278
78,1429,1507,0.14971359282118324
80,1434,1514,0.14974551732773722
81,1430,1511,0.14976907505158008
80,1424,1504,0.1497882560795349
79,1440,1519,0.14980892037606416
82,1441,1523,0.14983159780320396
80,1433,1513,0.14984425872860677
80,1430,1510,0.14986209027283764
78,1442,1520,0.149878586534038
78,1439,1517,0.1499001259053778
77,1438,1515,0.14992035164678452
79,1436,1515,0.14994229854474095
78,1440,1518,0.14995683092233178
75,1443,1518,0.14997342677688505
76,1451,1527,0.14999797142437038
77,1430,1507,0.15001818649096846
78,1442,1520,0.1500343290282111
78,1445,1523,0.15004706685699035
78,1438,1516,0.15005909609090126
76,1444,1520,0.15007047219250905
76,1435,1511,0.15008707952729458
77,1437,1514,0.15010228038890727
76,1446,1522,0.15011354891101164
71,1447,1518,0.15012719738072913
71,1439,1510,0.15015535761962612
72,1445,1517,0.1501819562034368
73,1447,1520,0.15020407652029721
72,1452,1524,0.150221952709935
72,1431,1503,0.15024149182495894
71,1444,1515,0.1502595211801317
72,1443,1515,0.15027928667315668
70,1452,1522,0.1502947919174343
70,1438,1508,0.1503151071959949
69,1441,1510,0.1503343305930256
73,1434,1507,0.1503551528322342
72,1448,1520,0.1503626389561269
73,1447,1520,0.1503726357752875
71,1440,1511,0.15037901186440583
75,1438,1513,0.1503906132232484
75,1423,1498,0.15038974560711518
76,1425,1501,0.15038928221312353
77,1450,1527,0.15038530488247193
78,1444,1522,0.15037869142322982
76,1438,1514,0.1503696701033637
76,1441,1517,0.15036718003449945
75,1439,1514,0.15036443900972707
78,1435,1513,0.1503646773797508
74,1438,1512,0.15035613459765498
74,1432,1506,0.15035974961912957
73,1443,1516,0.15036314841677786
76,1449,1525,0.1503691386304488
76,1442,1518,0.1503657727252481
75,1437,1512,0.15036262433552705
77,1428,1505,0.15036230869937675
75,1437,1512,0.15035633680240312
79,1435,1514,0.15035665295363487
80,1444,1524,0.15034531911646445
81,1437,1518,0.15033221075584988
81,1435,1516,0.15031725376303867
85,1438,1523,0.15030330199319594
85,1428,1513,0.15027819380426308
85,1447,1532,0.15025484748627843
82,1433,1515,0.150233023688473
81,1416,1497,0.15022141701644467
78,1408,1486,0.15021346557823778
83,1411,1494,0.150214927918325
82,1435,1517,0.15020165576363903
82,1432,1514,0.15019217902233922
83,1433,1516,0.150183192248539
84,1436,1520,0.1501719630385333
82,1436,1518,0.15015804203333066
81,1431,1512,0.15015135106892813
78,1428,1506,0.1501479079337547
79,1438,1517,0.15015337015726665
80,1433,1513,0.15015568060954082
78,1437,1515,0.15015464793799801
77,1436,1513,0.1501597615714687
78,1432,1510,0.1501670569049631
80,1438,1518,0.15017114926499425
78,1442,1520,0.15016920280474896
81,1449,1530,0.1501730708294226
78,1439,1517,0.15016831445995893
74,1450,1524,0.150172752215713
75,1445,1520,0.15018881483944901
75,1437,1512,0.1502009575003153
72,1437,1509,0.15021225366674396
73,1450,1523,0.15023165413662112
75,1442,1517,0.1502470376774091
73,1445,1518,0.15025546053489497
73,1442,1515,0.15026934401268868
73,1433,1506,0.15028228168610994
74,1445,1519,0.15029400637966092
74,1438,1512,0.1503017750068325
74,1438,1512,0.15030887557003114
74,1449,1523,0.15031598302089913
75,1442,1517,0.15032256243810913
73,1440,1513,0.1503257460248629
72,1435,1507,0.15033514024115413
74,1433,1507,0.15034667033247012
73,1435,1508,0.15035093118767673
73,1433,1506,0.1503578448699306
69,1448,1517,0.15036436652690457
70,1456,1526,0.15038242162550014
70,1457,1527,0.1503966128070053
71,1451,1522,0.15040985892798212
72,1447,1519,0.15041946413812018
69,1452,1521,0.1504255985078432
68,1454,1522,0.1504402590379278
71,1465,1536,0.15045652182317035
69,1459,1528,0.15046284244307256
69,1458,1527,0.15047462718917864
71,1448,1519,0.15048603062227034
71,1442,1513,0.15049054893156194
71,1441,1512,0.15049523365944728
73,1433,1506,0.15050001819975137
74,1433,1507,0.1504985473559668
75,1442,1517,0.1504941892518751
72,1438,1510,0.15048733136281695
74,1438,1512,0.15049020463844454
73,1440,1513,0.1504870977773721
67,1434,1501,0.1504871569154116
66,1440,1506,0.15050517646187078
67,1434,1501,0.15052472539891945
67,1441,1508,0.15054045258417412
67,1445,1512,0.1505550998628477
67,1463,1530,0.15056820329925796
65,1451,1516,0.15058078626943655
64,1446,1510,0.15059882834039706
65,1448,1513,0.15061842877577733
64,1455,1519,0.15063373812190675
63,1449,1512,0.15065097898561772
63,1442,1505,0.15066988179446172
64,1454,1518,0.15068766830237063
65,1457,1522,0.15070134378869793
67,1451,1518,0.15071083596522195
66,1449,1515,0.15071403131151162
67,1453,1520,0.15071980762812334
67,1452,1519,0.15072241080833926
68,1447,1515,0.15072449000249313
68,1457,1525,0.15072351626469302
66,1450,1516,0.15072262981536724
66,1460,1526,0.15072740306078955
63,1453,1516,0.1507320510995508
64,1445,1509,0.15074570651330682
64,1463,1527,0.15075570125505322
63,1452,1515,0.15076454908570427
61,1441,1502,0.15077575750973327
59,1424,1483,0.15079271693936044
60,1445,1505,0.15081460750748005
61,1449,1510,0.15083210337986502
60,1453,1513,0.1508450977750132
62,1451,1513,0.15086064227441734
62,1456,1518,0.15086944977243572
63,1443,1506,0.15087751854585982
63,1460,1523,0.15088214464834945
60,1460,1520,0.15088651926851004
62,1460,1522,0.15089969683372065
62,1478,1540,0.15090595650187819
61,1467,1528,0.15091220051816637
58,1469,1527,0.1509212664456023
61,1471,1532,0.15093856551112553
60,1474,1534,0.15094605504467495
59,1466,1525,0.15095621623054026
59,1451,1510,0.15096886260326442
60,1463,1523,0.15098056960605138
60,1459,1519,0.15098883492687526
59,1457,1516,0.150996489756433
61,1452,1513,0.15100646620390912
61,1461,1522,0.15100991140329156
60,1455,1515,0.15101322652425633
61,1444,1505,0.15101930882513068
58,1452,1510,0.15102253341023888
60,1452,1512,0.15103419527212406
59,1443,1502,0.15103896423409205
59,1446,1505,0.15104629326377256
57,1440,1497,0.15105330051556998
59,1442,1501,0.1510655724643457
62,1453,1515,0.15107161641851966
62,1459,1521,0.1510677333375576
59,1456,1515,0.1510647274194148
61,1449,1510,0.15107112935543798
64,1447,1511,0.15107110042671187
62,1458,1520,0.15106223512066413
63,1446,1509,0.15106011293904728
66,1461,1527,0.15105505417718232
69,1462,1531,0.15104106402402073
67,1465,1532,0.15101886001193554
66,1462,1528,0.15100382831717757
66,1463,1529,0.15099269496907522
67,1447,1514,0.15098190593993027
63,1440,1503,0.15096887082712016
64,1453,1517,0.15096832521283773
61,1458,1519,0.1509652391365788
62,1458,1520,0.15097137593295526
60,1450,1510,0.15097425814921753
62,1454,1516,0.15098259499535416
63,1451,1514,0.15098423776553496
61,1460,1521,0.1509834267515561
60,1462,1522,0.15098820908512117
62,1455,1517,0.15099579660265472
60,1444,1504,0.15099663107096872
59,1449,1508,0.1510034862440902
59,1447,1506,0.15101238829243968
58,1460,1518,0.1510202754443216
59,1453,1512,0.15103070567672588
57,1462,1519,0.15103770465389382
59,1472,1531,0.15105035116605608
58,1463,1521,0.1510566339681816
57,1466,1523,0.15106588841359303
57,1469,1526,0.15107790045757935
55,1467,1522,0.15108922299308747
56,1472,1528,0.15110623817425384
55,1471,1526,0.15111949682888542
53,1470,1523,0.15113506006689015
51,1462,1513,0.15115509964277188
52,1467,1519,0.15117953547866073
54,1463,1517,0.15119934843105434
55,1455,1510,0.1512115007298482
55,1452,1507,0.15122055360242612
57,1446,1503,0.1512291132827186
58,1451,1509,0.1512312229516696
58,1450,1508,0.1512300611742803
56,1458,1514,0.15122932697478764
54,1469,1523,0.15123485799754702
54,1466,1520,0.1512457630432063
53,1456,1509,0.15125591228888208
53,1464,1517,0.15126833985454774
51,1461,1512,0.15128025972505657
50,1461,1511,0.15129764983876232
47,1450,1497,0.15131712775515385
48,1447,1495,0.15134435731935922
50,1451,1501,0.1513666891914765
52,1455,1507,0.15138153598930648
49,1460,1509,0.15138949790240877
50,1472,1522,0.1514053773069293
51,1466,1517,0.15141750904450127
50,1471,1521,0.1514259157496059
52,1468,1520,0.15143678481898054
51,1460,1511,0.15144084208532507
50,1461,1511,0.1514474739168637
50,1469,1519,0.151456381942211
48,1459,1507,0.15146523048464838
48,1461,1509,0.15147960081042733
49,1477,1526,0.1514931786132033
51,1475,1526,0.15150264332088487
51,1466,1517,0.1515057091011601
50,1467,1517,0.151508631023594
51,1461,1512,0.15151429745123227
52,1472,1524,0.15151695253797778
51,1470,1521,0.15151657581238434
50,1465,1515,0.1515190540870613
49,1468,1517,0.15152420228244362
48,1468,1516,0.15153199588409932
49,1464,1513,0.15154175768007427
50,1458,1508,0.15154785801395124
50,1463,1513,0.15155057368724895
50,1462,1512,0.1515534102193114
49,1464,1513,0.1515561114030734
52,1470,1522,0.1515616298104149
51,1453,1504,0.15155815916982085
51,1453,1504,0.1515579163335907
51,1458,1509,0.1515575465973383
54,1463,1517,0.15155720209573753
56,1467,1523,0.15154784637821272
52,1469,1521,0.15153315603053913
52,1464,1516,0.15153170427789628
51,1458,1509,0.1515303109672454
52,1448,1500,0.15153198166309345
50,1464,1514,0.15153043906019012
51,1461,1512,0.15153516060348196
52,1469,1521,0.1515368133854201
51,1473,1524,0.15153522210453826
50,1472,1522,0.15153671937615296
50,1458,1508,0.1515409875823115
53,1470,1523,0.15154516865209633
54,1453,1507,0.15154044022466273
55,1461,1516,0.15153309952237426
54,1464,1518,0.1515231509335626
53,1460,1513,0.1515169548431187
51,1461,1512,0.1515143841239253
53,1454,1507,0.15151821538959787
52,1452,1504,0.15151576753108345
54,1452,1506,0.15151664678361534
57,1462,1519,0.15151127071041615
56,1456,1512,0.15149726993360468
56,1460,1516,0.15148747118766426
56,1458,1514,0.1514785620012109
55,1445,1500,0.1514703295218657
55,1455,1510,0.1514656555468188
57,1468,1525,0.15146130668693808
57,1464,1521,0.15145125277490787
56,1475,1531,0.1514418710378547
52,1475,1527,0.15143604574718217
52,1475,1527,0.15144235307651524
50,1467,1517,0.1514482323393682
53,1467,1520,0.1514594564408128
54,1459,1513,0.15146105881733848
54,1468,1522,0.15145975549720947
55,1466,1521,0.151458755054948
54,1463,1517,0.15145481948261852
53,1461,1514,0.1514539561484206
55,1465,1520,0.1514562125424225
52,1470,1522,0.1514528094589541
53,1472,1525,0.15145829213316397
50,1470,1520,0.15146041141526667
51,1467,1518,0.1514710715641037
49,1440,1489,0.1514784934010099
49,1447,1496,0.15149121204222696
50,1449,1499,0.15150332553170154
46,1460,1506,0.15151178919711505
47,1469,1516,0.15153158136301995
49,1474,1523,0.15154712219214567
48,1472,1520,0.15155584121738822
48,1473,1521,0.15156710882882554
46,1477,1523,0.1515776843501027
47,1467,1514,0.15159367101639548
48,1464,1512,0.15160558003313665
49,1455,1504,0.15161402243098973
51,1459,1510,0.15161915960751937
49,1463,1512,0.15161799044975247
47,1465,1512,0.15162265843058192
49,1472,1521,0.15163306575776164
46,1470,1516,0.15163673303597341
45,1467,1512,0.1516487599805966
47,1466,1513,0.15166297406140264
50,1464,1514,0.15167046626952274
48,1467,1515,0.15166850350855707
46,1464,1510,0.15167252583205396
48,1456,1504,0.15168236823793366
48,1465,1513,0.1516858675608374
48,1475,1523,0.15168917672307416
48,1472,1520,0.15169231241278475
47,1473,1520,0.15169554024048892
42,1474,1516,0.15170160299755853
41,1482,1523,0.1517214189466709
42,1481,1523,0.15174344965472567
44,1473,1517,0.15176121497465012
42,1474,1516,0.15177204390487467
42,1473,1515,0.1517884322223124
43,1474,1517,0.15180379452380877
44,1470,1514,0.151815061723181
45,1469,1514,0.15182259656608818
45,1470,1515,0.15182679775619082
41,1457,1498,0.15183090405785965
43,1454,1497,0.15184646069255425
42,1469,1511,0.15185517567293605
44,1471,1515,0.15186621809571121
45,1474,1519,0.1518706546456512
46,1477,1523,0.1518719329377196
47,1469,1516,0.1518702490333654
47,1477,1524,0.15186570288119264
47,1480,1527,0.15186133718789607
44,1480,1524,0.15185747242004935
41,1467,1508,0.15186288640316709
42,1468,1510,0.15187645482074552
41,1479,1520,0.15188627875779626
40,1468,1508,0.1518983152643434
39,1468,1507,0.15191222518972652
41,1475,1516,0.15192822347674162
41,1475,1516,0.15193747482457914
41,1470,1511,0.1519464269395834
41,1477,1518,0.15195474857904046
42,1476,1518,0.1519625819846424
40,1465,1505,0.151967124702391
38,1473,1511,0.15197727770124303
38,1476,1514,0.15199260738955367
40,1481,1521,0.15200678392167014
44,1477,1521,0.15201425900360052
43,1472,1515,0.1520096062096992
42,1473,1515,0.15200795105796494
41,1481,1522,0.15200952659403522
40,1480,1520,0.1520137566297391
41,1482,1523,0.15202051719380796
39,1487,1526,0.15202400823352435
38,1483,1521,0.1520329526877535
40,1478,1518,0.15204440369795222
39,1471,1510,0.15204940823536903
37,1478,1515,0.15205721675474096
38,1471,1509,0.15207027092410388
38,1489,1527,0.15207941832808594
38,1486,1524,0.15208797547909605
38,1481,1519,0.15209590049920443
38,1486,1524,0.15210334375418186
38,1489,1527,0.1521103196004853
38,1475,1513,0.15211685674269554
38,1472,1510,0.15212298433387544
38,1473,1511,0.1521285026661695
39,1474,1513,0.15213389114058806
37,1482,1519,0.152135933673473
36,1500,1536,0.15214391244348768
34,1483,1517,0.15215431659446832
35,1483,1518,0.15217001775486114
37,1491,1528,0.15218178044411027
36,1495,1531,0.15218691782991262
37,1502,1539,0.15219460653210798
38,1488,1526,0.15219893509838978
38,1485,1523,0.1522001547685363
38,1483,1521,0.15220134774564126
37,1464,1501,0.1522025022295777
37,1476,1513,0.15220650402485048
37,1472,1509,0.15221018493033206
39,1473,1512,0.15221364172592208
38,1487,1525,0.15221091046906784
38,1486,1524,0.15221143282952887
36,1473,1509,0.15221194800496435
33,1482,1515,0.15221834482913224
34,1484,1518,0.1522330062338053
35,1483,1518,0.15224370116301766
31,1489,1520,0.1522507739005342
31,1482,1513,0.1522691226277358
31,1465,1496,0.1522862821487372
31,1481,1512,0.15230246786336363
31,1487,1518,0.15231762146515224
33,1491,1524,0.15233182250426197
32,1491,1523,0.15233907873722258
31,1495,1526,0.15234878708132915
31,1490,1521,0.15236107923797745
31,1487,1518,0.15237260572772984
32,1488,1520,0.1523832882758474
32,1484,1516,0.15239030382831054
33,1495,1528,0.1523969178087569
32,1488,1520,0.15240027694186917
28,1474,1502,0.15240628413859952
30,1488,1518,0.15242399488566277
31,1480,1511,0.15243471425549127
32,1471,1503,0.15244178076004178
32,1476,1508,0.15244537913201653
32,1484,1516,0.15244879937258013
33,1487,1520,0.15245211554217686
33,1494,1527,0.15245214130163634
32,1492,1524,0.1524522131022748
30,1495,1525,0.15245528801676703
29,1501,1530,0.15246427552979847
28,1501,1529,0.15247573211017662
29,1499,1528,0.15248932787332992
28,1490,1518,0.15249909690701752
29,1482,1511,0.15251121826233127
27,1477,1504,0.1525196509240047
28,1487,1515,0.1525336108285636
28,1487,1515,0.15254362156514642
29,1479,1508,0.15255301652096653
28,1481,1509,0.152558875497036
29,1497,1526,0.15256736070794813
29,1489,1518,0.15257228133258072
29,1479,1508,0.15257692109306562
29,1488,1517,0.15258128293595416
28,1488,1516,0.1525853834350581
27,1482,1509,0.15259212740642122
25,1481,1506,0.15260151823043763
26,1474,1500,0.1526163770092844
28,1495,1523,0.1526272835948093
27,1499,1526,0.15263155383640506
26,1500,1526,0.1526385176830659
28,1493,1521,0.1526480226239076
29,1485,1514,0.1526510011451041
31,1465,1496,0.1526509261833061
32,1466,1498,0.15264483814749444
32,1464,1496,0.15263635979233933
30,1469,1499,0.152628466997763
30,1457,1487,0.15262692394992983
27,1471,1498,0.15262549071126583
29,1489,1518,0.15263321150278283
29,1492,1521,0.15263447321392135
29,1500,1529,0.15263564102333776
30,1496,1526,0.15263674434873928
29,1489,1518,0.1526346654161369
29,1486,1515,0.1526357661708481
29,1498,1527,0.15263678208945947
27,1484,1511,0.1526377727092019
27,1489,1516,0.1526445413183048
26,1503,1529,0.15265087651739
26,1496,1522,0.15265975270634113
25,1480,1505,0.15266823632917398
26,1474,1500,0.1526791204242465
26,1474,1500,0.15268639636514694
27,1473,1500,0.15269318014902478
26,1489,1515,0.1526966476126964
26,1480,1506,0.15270279096314057
26,1489,1515,0.1527085905422876
25,1491,1516,0.15271403734766836
25,1486,1511,0.1527220758133744
25,1491,1516,0.15272955601800034
23,1495,1518,0.15273655825988755
24,1501,1525,0.15274898563447953
25,1488,1513,0.1527575683731148
26,1487,1513,0.1527625569439336
25,1481,1506,0.15276418020533003
22,1480,1502,0.1527687766750483
23,1483,1506,0.15278202242024427
22,1500,1522,0.15279151795189144
22,1487,1509,0.15280341951624743
21,1487,1508,0.15281464452532464
21,1493,1514,0.1528281921894739
23,1492,1515,0.15284088567890217
22,1503,1525,0.15284681456500127
22,1500,1522,0.1528553064570283
23,1494,1517,0.15286331017399227
22,1485,1507,0.1528678110242091
24,1487,1511,0.15287509649819545
24,1484,1508,0.15287591521692176
25,1500,1525,0.15287659848474747
25,1504,1529,0.1528742230646594
23,1491,1514,0.1528719078592591
23,1485,1508,0.15287590018127717
23,1494,1517,0.1528796179608372
24,1501,1525,0.15288312109170824
24,1496,1520,0.15288343872809776
24,1488,1512,0.15288379831946985
25,1483,1508,0.15288416433240248
25,1484,1509,0.15288143643555308
23,1493,1516,0.15287891826783626
24,1497,1521,0.15288260281421373
23,1487,1510,0.15288297978144624
22,1480,1502,0.1528863541414142
21,1497,1518,0.15289262962413963
21,1487,1508,0.1529015493096184
21,1471,1492,0.1529098744938258
20,1485,1505,0.15291766832226386
18,1492,1510,0.15292801865446656
18,1493,1511,0.15294380624033863
18,1497,1515,0.15295863460567408
18,1487,1505,0.15297249231919566
17,1486,1503,0.15298549977145398
16,1491,1507,0.15300080151804088
17,1493,1510,0.1530182357209707
14,1502,1516,0.15303149369973157
14,1500,1514,0.15305311656155868
13,1492,1505,0.15307345923953744
15,1498,1513,0.15309567947213454
15,1511,1526,0.15311039418465675
15,1505,1520,0.15312420537159593
15,1491,1506,0.15313718566331752
16,1487,1503,0.1531493852113975
15,1500,1515,0.15315783315326248
15,1500,1515,0.15316875161253596
14,1506,1520,0.15317906309417878
14,1506,1520,0.15319187150988667
14,1507,1521,0.1532038822023579
14,1507,1521,0.15321515998833093
14,1512,1526,0.1532257670789849
14,1511,1525,0.1532357408937386
14,1505,1519,0.15324511531256244
14,1496,1510,0.15325392648093916
17,1502,1519,0.15326220877373387
17,1507,1524,0.15326051481462433
19,1515,1534,0.15325899641055332
19,1512,1531,0.15325136127847927
19,1495,1514,0.1532443841320712
17,1498,1515,0.15323786512299617
17,1501,1518,0.15323794694775422
16,1495,1511,0.15323798435225636
15,1501,1516,0.1532410738529917
18,1493,1511,0.15324709431293923
16,1505,1521,0.15324338089452907
16,1509,1525,0.15324617984179947
15,1496,1511,0.15324879483615872
15,1499,1514,0.15325440506055077
14,1482,1496,0.1532596617812058
13,1487,1500,0.15326771617846366
13,1493,1506,0.1532783753191249
12,1494,1506,0.15328835187673812
12,1495,1507,0.1533008008713475
12,1491,1503,0.15331250287450027
12,1502,1514,0.15332350259414884
12,1496,1508,0.15333384085946097
13,1506,1519,0.15334355753792941
12,1502,1514,0.15334954366841572
12,1504,1516,0.15335830654382346
12,1494,1506,0.1533665400679384
11,1506,1517,0.15337428415893176
10,1510,1520,0.15338470595081385
10,1496,1506,0.15339758693083902
10,1503,1513,0.1534097005658907
11,1508,1519,0.15342109194767076
10,1507,1517,0.15342865344095455
11,1500,1511,0.15343894339594574
10,1509,1519,0.15344545077669733
10,1514,1524,0.15345473217328032
9,1513,1522,0.15346344014081217
9,1517,1526,0.15347477540924417
9,1504,1513,0.15348540873310948
10,1492,1502,0.15349539733637108
11,1499,1510,0.153501605421563
12,1510,1522,0.15350432037447878
12,1501,1513,0.1535037596280515
11,1508,1519,0.15350327157610735
11,1515,1526,0.1535059662049884
11,1524,1535,0.15350848013325108
11,1518,1529,0.15351084156561548
11,1527,1538,0.15351306192407535
10,1528,1538,0.15351515005244917
11,1513,1524,0.15352026635251148
11,1512,1523,0.15352189556202725
10,1508,1518,0.1535234453772589
10,1495,1505,0.15352806253021178
10,1500,1510,0.15353238085929813
10,1506,1516,0.15353643176326656
10,1499,1509,0.1535402365026197
10,1496,1506,0.15354381186221513
10,1502,1512,0.15354717252249078
10,1500,1510,0.1535503318252074
9,1513,1522,0.15355330209189474
9,1517,1526,0.1535592528687182
9,1518,1527,0.15356482329147977
8,1506,1514,0.15357005304918314
8,1510,1518,0.15357815804029146
9,1510,1519,0.1535857617070645
9,1512,1521,0.15358973308723095
9,1504,1513,0.15359347477238888
9,1497,1506,0.15359698947883932
9,1499,1508,0.15360029259689587
9,1492,1501,0.15360339780146826
9,1498,1507,0.1536063174116855
9,1507,1516,0.15360906274258138
9,1502,1511,0.1536116443027731
9,1504,1513,0.15361407191063714
9,1506,1515,0.1536163547689822
9,1506,1515,0.153618501518042
9,1497,1506,0.1536205202767562
9,1502,1511,0.1536224186774092
9,1499,1508,0.15362420389620854
9,1493,1502,0.1536258826811225
9,1499,1508,0.15362746137765648
9,1511,1520,0.1536289459529299
8,1517,1525,0.15363034201825998
9,1518,1527,0.15363479358768775
9,1515,1524,0.15363586473082352
9,1516,1525,0.15363687615661892
9,1519,1528,0.15363782749112065
9,1518,1527,0.15363872302214937
9,1519,1528,0.1536395659510303
9,1510,1519,0.1536403592040323
10,1505,1515,0.15364110558852734
11,1507,1518,0.1536386562143641
11,1504,1515,0.15363320623891213
10,1526,1536,0.15362811159272477
9,1521,1530,0.15362648625072572
10,1500,1510,0.15362812228868641
9,1496,1505,0.1536264526810061
9,1501,1510,0.15362808231588526
9,1499,1508,0.15362960621487612
9,1508,1517,0.1536310329111323
9,1509,1518,0.15363237061149626
9,1509,1518,0.15363362614214843
9,1507,1516,0.15363480529829393
9,1505,1514,0.15363584913262174
9,1506,1515,0.15363683112959378
9,1518,1527,0.15363776327834255
9,1518,1527,0.15363864498055027
9,1511,1520,0.15363947707976938
9,1506,1515,0.15364026136024647
8,1504,1512,0.15364100001567135
8,1487,1495,0.15364489778121562
8,1486,1494,0.15364855318782975
9,1513,1522,0.1536519832389844
9,1505,1514,0.15365209134576688
9,1501,1510,0.1536521900166752
9,1493,1502,0.15365227948193408
8,1501,1509,0.15365236269262944
8,1501,1509,0.15365554619185676
8,1500,1508,0.1536585445711059
8,1503,1511,0.1536613674790455
8,1502,1510,0.15366402295618356
10,1505,1515,0.15366651129647213
10,1509,1519,0.15366245896593855
9,1511,1520,0.15365868810933642
10,1506,1516,0.15365834106145634
10,1517,1527,0.15365485427907286
11,1506,1517,0.15365158871814422
10,1491,1501,0.1536453377033081
12,1497,1509,0.15364265944050184
13,1506,1519,0.15363379870412872
13,1509,1522,0.15362231772882873
12,1501,1513,0.15361155618753514
13,1508,1521,0.15360458406708247
13,1516,1529,0.15359489408645458
13,1511,1524,0.15358580867596824
13,1502,1515,0.15357727361619192
12,1510,1522,0.15356925398817828
15,1505,1520,0.15356479687247135
14,1504,1518,0.15355121843608693
16,1496,1512,0.15354157901784476
16,1498,1514,0.15352619387021765
16,1497,1513,0.15351177409126282
16,1499,1515,0.15349823761972775
16,1493,1509,0.15348552567960178
16,1494,1510,0.15347358514774964
15,1501,1516,0.15346234006739368
15,1504,1519,0.15345491584818016
16,1515,1531,0.1534479287306084
16,1523,1539,0.15343829982471013
15,1515,1530,0.1534292101030315
14,1504,1518,0.1534238059565642
12,1510,1522,0.15342185123124913
10,1513,1523,0.15342627715553822
10,1513,1523,0.15343670079058935
11,1520,1531,0.1534464523066042
9,1513,1522,0.15345242673127651
9,1508,1517,0.1534643678525355
9,1511,1520,0.15347557565430847
9,1514,1523,0.15348610698093482
9,1517,1526,0.1534960041381029
9,1504,1513,0.15350530661144832
8,1505,1513,0.15351405111973937
8,1513,1521,0.15352544988805236
8,1516,1524,0.1535361519331868
8,1514,1522,0.15354620662721769
8,1511,1519,0.15355565710449526
8,1508,1516,0.15356454161708913
8,1515,1523,0.153572895083066
8,1499,1507,0.1535807498276799
9,1507,1516,0.15358813598043497
9,1510,1519,0.15359195048645016
10,1515,1525,0.15359553278138138
10,1512,1522,0.15359571614433926
10,1510,1520,0.15359590788702496
11,1514,1525,0.15359609033154034
12,1502,1514,0.1535930824728881
11,1496,1507,0.15358721953631138
11,1479,1490,0.15358484748279155
11,1478,1489,0.15358259558215268
11,1483,1494,0.15358047607438916
11,1507,1518,0.1535784836600214
10,1518,1528,0.15357661123697144
10,1510,1520,0.15357803094740036
10,1506,1516,0.1535793468580313
10,1489,1499,0.1535805786636348
9,1501,1510,0.15358174552160045
10,1497,1507,0.1535860253690959
10,1496,1506,0.15358684362640185
10,1487,1497,0.15358762833066858
8,1494,1502,0.1535883663515909
8,1507,1515,0.15359520870748633
8,1490,1498,0.15360182120924232
8,1504,1512,0.1536079961208539
8,1502,1510,0.1536137926323974
8,1506,1514,0.15361923914838782
6,1525,1531,0.15362435865686525
6,1512,1518,0.1536354264113176
6,1507,1513,0.15364586782249023
6,1489,1495,0.15365569816618685
6,1504,1510,0.153664949806119
6,1504,1510,0.15367365515571904
5,1510,1515,0.15368180459072625
5,1496,1501,0.1536926151589477
5,1509,1514,0.15370281001247935
4,1508,1512,0.15371241825179435
4,1508,1512,0.15372457123602523
4,1494,1498,0.15373606813911064
4,1505,1509,0.1537469032113441
4,1518,1522,0.15375710694244712
4,1517,1521,0.15376671280079976
4,1526,1530,0.15377575402065674
4,1520,1524,0.15378426270967244
4,1513,1517,0.15379226953799474
4,1514,1518,0.15379980363646262
4,1509,1513,0.15380689258557145
4,1520,1524,0.15381356244773478
4,1518,1522,0.15381983782075737
4,1514,1518,0.1538257419013307
4,1525,1529,0.15383129655260896
4,1526,1530,0.15383652237262685
5,1516,1521,0.15384143876177475
5,1508,1513,0.15384283742324661
6,1503,1509,0.1538441720835665
6,1514,1520,0.1538422223341308
6,1505,1511,0.1538404099639045
6,1509,1515,0.15383871649637812
6,1519,1525,0.15383712979606654
6,1507,1513,0.1538356408538374
6,1505,1511,0.15383424243238922
7,1510,1517,0.1538329283554128
7,1521,1528,0.1538284611250563
7,1517,1524,0.15382426947814434
7,1514,1521,0.15382033354087454
6,1522,1528,0.15381663656337533
5,1510,1515,0.15381637713923563
6,1519,1525,0.1538193400400629
6,1517,1523,0.15381888750003753
7,1518,1525,0.15381846366657753
8,1511,1519,0.15381486415936088
8,1507,1515,0.1538082954783233
8,1508,1516,0.1538021514300469
8,1507,1515,0.15379639189239516
8,1516,1524,0.1537909861291943
8,1510,1518,0.15378590880601814
8,1522,1530,0.1537811379411636
8,1524,1532,0.15377665383082056
8,1514,1522,0.15377243848430353
8,1505,1513,0.1537684753000941
8,1490,1498,0.1537647488611636
8,1497,1505,0.15376124479395945
8,1503,1511,0.1537579496638453
6,1501,1507,0.15375485089274363
6,1513,1519,0.15375832588492272
6,1515,1521,0.1537615647704934
6,1504,1510,0.15376459377915808
6,1496,1502,0.1537674335714956
5,1514,1519,0.15377009958571
6,1496,1502,0.15377580986397058
6,1510,1516,0.1537779465882136
6,1513,1519,0.15377995872997616
4,1507,1511,0.15378185268095826
4,1497,1501,0.15379006878870632
4,1497,1501,0.15379777878563375
4,1496,1500,0.15380501957612303
4,1514,1518,0.15381182394025256
4,1515,1519,0.15381822055025882
4,1524,1528,0.15382423520831823
4,1509,1513,0.15382989154104437
4,1490,1494,0.15383521140138703
4,1500,1504,0.15384021512386437
4,1507,1511,0.15384492170068015
4,1514,1518,0.1538493489121253
5,1515,1520,0.15385351342911063
5,1505,1510,0.15385420928134874
6,1508,1514,0.15385487948611515
6,1514,1520,0.153852307855929
7,1509,1516,0.15384991150685173
9,1503,1512,0.15384446137825158
10,1504,1514,0.1538329450696685
10,1500,1510,0.15381897651421006
9,1508,1517,0.15380590205632097
9,1520,1529,0.1537968351639925
8,1529,1537,0.15378830561513435
8,1528,1536,0.15378347555908914
8,1506,1514,0.15377891357985032
9,1495,1504,0.15377461330155004
9,1499,1508,0.15376736690555753
9,1499,1508,0.1537605725798985
8,1496,1504,0.15375419300821766
8,1485,1493,0.1537513840479801
8,1495,1503,0.15374872651495008
8,1498,1506,0.15374621787554343
7,1496,1503,0.15374385326300732
6,1517,1523,0.15374482570256784
6,1516,1522,0.15374891126538015
6,1512,1518,0.1537527299491079
6,1515,1521,0.15375630794828357
6,1511,1517,0.1537596651879886
6,1513,1519,0.1537628180109217
6,1498,1504,0.15376578043003203
5,1502,1507,0.1537685648711548
5,1509,1514,0.15377437532790025
5,1515,1520,0.15377982404983606
5,1521,1526,0.15378494000020643
5,1514,1519,0.1537897470872873
6,1508,1514,0.1537942658728026
6,1514,1520,0.15379531420689643
6,1501,1507,0.1537963187968173
6,1499,1505,0.15379727278714156
6,1505,1511,0.15379817504223037
6,1507,1513,0.15379900623595943
6,1504,1510,0.1537997874776443
6,1509,1515,0.15380052264223315
6,1514,1520,0.15380121451651887
6,1514,1520,0.15380186556397496
6,1513,1519,0.1538024781104034
5,1504,1509,0.1538030543766978
5,1517,1522,0.1538068061954178
5,1515,1520,0.15381031983131688
5,1518,1523,0.15381361634209306
5,1522,1527,0.15381671303766323
5,1517,1522,0.15381962380813344
5,1512,1517,0.15382236067297433
5,1503,1508,0.15382493446892767
5,1507,1512,0.15382735516029244
5,1505,1510,0.1538296319991089
5,1513,1518,0.15383177362085582
5,1528,1533,0.15383378810930048
4,1524,1528,0.1538356830449629
4,1536,1540,0.15384067978572738
4,1511,1515,0.15384536952655772
4,1512,1516,0.15384977397827831
3,1513,1516,0.15385391271814255
5,1509,1514,0.15386102293635923
4,1505,1509,0.15386125683592058
4,1496,1500,0.1538647183683713
4,1514,1518,0.153867972973695
4,1521,1525,0.15387103309063282
4,1501,1505,0.1538739110982866
3,1504,1507,0.1538766182579722
2,1514,1516,0.1538823988060163
2,1518,1520,0.15389105392388214
2,1523,1525,0.15389918377580197
2,1520,1522,0.1539068231672555
2,1524,1526,0.15391400432392793
2,1535,1537,0.15392075658361082
2,1525,1527,0.153927106724303
2,1515,1517,0.15393307941532366
2,1524,1526,0.1539386975452011
2,1526,1528,0.15394398245014007
2,1521,1523,0.15394895407978088
2,1521,1523,0.15395363112406243
2,1523,1525,0.1539580311153752
2,1507,1509,0.15396217051441508
2,1494,1496,0.15396606478476882
2,1508,1510,0.1539697284592816
2,1519,1521,0.1539731752001034
2,1518,1520,0.15397641785363533
2,1531,1533,0.15397946850119554
3,1525,1528,0.1539823385059838
3,1507,1510,0.1539818027306571
3,1510,1513,0.15398131084262806
3,1507,1510,0.15398085492845642
3,1518,1521,0.15398043025602018
3,1516,1519,0.15398003329720406
3,1508,1511,0.15397966140034863
3,1512,1515,0.15397931247189692
3,1515,1518,0.1539789847781276
3,1511,1514,0.15397867682837052
3,1510,1513,0.15397838730529068
3,1498,1501,0.15397811502214626
3,1499,1502,0.1539778588957055
3,1502,1505,0.1539776179283862
4,1499,1503,0.15397739119591958
5,1514,1519,0.15397394681919366
4,1502,1506,0.15396748496514825
5,1504,1509,0.15396464911067317
5,1508,1513,0.15395875964102473
5,1507,1512,0.15395323569223598
5,1512,1517,0.15394804802615897
5,1509,1514,0.1539431730284116
5,1507,1512,0.15393859014146113
5,1511,1516,0.15393428091737568
4,1510,1514,0.15393022846863333
4,1512,1516,0.15392962867447046
4,1519,1523,0.15392905252008238
3,1520,1523,0.15392850315275106
3,1519,1522,0.15393120357638884
3,1532,1535,0.15393373197484567
3,1519,1522,0.15393610241947847
3,1512,1515,0.1539383272302982
3,1515,1518,0.15394041698737995
3,1507,1510,0.1539423808853228
3,1515,1518,0.1539442271150557
2,1506,1508,0.15394596311007164
2,1504,1506,0.1539508353842108
2,1501,1503,0.15395541442162985
2,1502,1504,0.15395971768021385
2,1517,1519,0.15396376267431883
1,1508,1509,0.15396756582495302
1,1494,1495,0.15397437935714192
1,1499,1500,0.15398077879222583
1,1515,1516,0.15398679352549594
1,1513,1514,0.15399244978908308
1,1505,1506,0.15399777038568063
1,1498,1499,0.15400277591684042
2,1502,1504,0.15400748537427458
2,1512,1514,0.15400866843564961
2,1522,1524,0.1540097910682795
2,1521,1523,0.15401085330717804
2,1518,1520,0.15401185657920038
3,1519,1522,0.15401280289854788
3,1519,1522,0.15401045180710707
3,1518,1521,0.15400825224533587
3,1518,1521,0.15400619045065855
3,1511,1514,0.1540042555065002
3,1503,1506,0.15400243807345532
3,1502,1505,0.15400073007422888
3,1505,1508,0.15399912434800997
3,1517,1520,0.15399761442008925
3,1518,1521,0.1539961943563016
3,1507,1510,0.15399485866923449
3,1498,1501,0.15399360225527312
3,1513,1516,0.1539924203501039
3,1516,1519,0.1539913084954418
3,1516,1519,0.15399026251276413
3,1523,1526,0.15398927848158656
3,1520,1523,0.15398835272082803
1,1529,1530,0.15398748177239333
1,1523,1524,0.1539931322941996
1,1514,1515,0.15399843554627737
1,1511,1512,0.154003414681372
0,1514,1514,0.15400809308406774
