1379,26,1405,0.13584075024855075
1422,26,1448,0.13298762308870135
1436,26,1462,0.13026476432727235
1438,27,1465,0.12774457685487695
1437,26,1463,0.12544278674702006
1445,27,1472,0.12334810853209958
1452,26,1478,0.12141804941438196
1450,27,1477,0.11964104967195745
1452,27,1479,0.11802727630095627
1475,25,1500,0.11655172844357037
1470,24,1494,0.11515177941397617
1470,23,1493,0.11388883276731733
1469,23,1492,0.11273854783851249
1480,23,1503,0.11169341102879918
1483,23,1506,0.11071577546941341
1476,22,1498,0.10981884033230331
1481,24,1505,0.10901787140205166
1468,24,1492,0.10827756143123267
1468,26,1494,0.10763302582437123
1472,27,1499,0.10704555802578825
1463,26,1489,0.10650192011237686
1473,26,1499,0.10602686407966758
1465,27,1492,0.10557220286365641
1470,28,1498,0.10517569974599901
1477,28,1505,0.10480348652529294
1467,28,1495,0.10444938229074889
1466,26,1492,0.10414906407289017
1453,26,1479,0.10387765744132572
1459,25,1484,0.10365822245921677
1471,26,1497,0.10344542004489803
1459,24,1483,0.10322539666342344
1470,25,1495,0.10305099800660698
1463,26,1489,0.1028685916230599
1455,29,1484,0.10271740054640927
1460,32,1492,0.10259701153210632
1453,32,1485,0.10247689200843911
1455,32,1487,0.10238271742221466
1445,31,1476,0.10229284444211974
1433,30,1463,0.10223221340870399
1443,33,1476,0.10220266717875756
1455,33,1488,0.10215452720979201
1458,34,1492,0.10208508925608165
1463,32,1495,0.10201504753667265
1463,34,1497,0.10194063173672424
1475,32,1507,0.10187306896013436
1467,31,1498,0.10178544592456287
1454,31,1485,0.10172275739293825
1446,32,1478,0.10169318298141118
1464,32,1496,0.1016834989793547
1476,32,1508,0.10163607156249585
1474,33,1507,0.10156683830722385
1475,29,1504,0.1015082864589018
1467,29,1496,0.10145276924768495
1471,29,1500,0.1014193183046885
1463,29,1492,0.10138045509699324
1471,30,1501,0.10136184551349643
1481,29,1510,0.10132828483148064
1461,32,1493,0.10127647245810603
1460,31,1491,0.10127169025308078
1459,30,1489,0.1012694809856891
1452,30,1482,0.10126924476552951
1476,30,1506,0.10128445709676552
1479,30,1509,0.10124703406114406
1483,28,1511,0.10120660423974284
1487,28,1515,0.10116148424042919
1489,29,1518,0.10111177435751027
1478,28,1506,0.10106214463214037
1485,26,1511,0.10104044794876264
1473,26,1499,0.10100598691344242
1474,28,1502,0.10099996829730644
1474,28,1502,0.10099248596745772
1476,26,1502,0.10098562478262334
1486,27,1513,0.10097500255128863
1480,30,1510,0.10094442269030984
1467,29,1496,0.100929775209977
1475,28,1503,0.10094419625815729
1461,27,1488,0.10094001423799182
1474,27,1501,0.10096544152091212
1451,29,1480,0.10096104892950755
1468,27,1495,0.10100593026758702
1469,26,1495,0.10101039469049158
1474,27,1501,0.10101242097980827
1469,26,1495,0.1010037006373336
1453,26,1479,0.10100630679342064
1449,26,1475,0.10104261143718678
1449,27,1476,0.1010840444433984
1454,28,1482,0.1011220558116269
1462,29,1491,0.10114646406942195
1451,27,1478,0.10115140898168885
1467,25,1492,0.10117953597212118
1469,25,1494,0.10117072241735305
1471,24,1495,0.10115873104179166
1484,26,1510,0.1011436863069083
1492,26,1518,0.1011017734260242
1485,27,1512,0.10104644652387096
1486,28,1514,0.10101157197833632
1478,29,1507,0.10097708445551078
1472,30,1502,0.1009628194432579
1478,31,1509,0.10096275980052047
1470,34,1504,0.10095008791513667
1457,34,1491,0.10095512234542699
1459,33,1492,0.10098745204075403
1464,34,1498,0.10101321915366394
1462,33,1495,0.10102574242130395
1469,31,1500,0.10104096366383711
1459,30,1489,0.10104009043394228
1472,31,1503,0.10106095379310286
1471,31,1502,0.10105231829720843
1473,31,1504,0.10104651756090938
1468,33,1501,0.1010371613232606
1459,34,1493,0.101039128202343
1453,35,1488,0.10106044952125387
1461,34,1495,0.101092749810702
1469,37,1506,0.10110525852599561
1458,36,1494,0.1010994381624578
1451,37,1488,0.10111755611818259
1458,38,1496,0.10114916369152115
1453,36,1489,0.10116317757350352
1450,36,1486,0.10118676636896243
1453,36,1489,0.10121473315299966
1457,41,1498,0.10123357108081056
1458,38,1496,0.1012419652901409
1462,39,1501,0.10124731641607618
1460,39,1499,0.10124349965879016
1458,39,1497,0.101244530399352
1455,40,1495,0.10124966524019652
1458,39,1497,0.10126082293161452
1472,40,1512,0.10126483323411616
1465,38,1503,0.10123899227564834
1462,38,1500,0.10123018108171326
1476,42,1518,0.10122873123422485
1462,44,1506,0.10119772408748347
1477,45,1522,0.10119928807339004
1459,47,1506,0.10116966167232279
1462,47,1509,0.10118118393907423
1441,47,1488,0.10118445921988829
1449,50,1499,0.10123249355655332
1444,48,1492,0.10125929915123649
1437,49,1486,0.10129449325239272
1436,46,1482,0.10134169835393805
1438,53,1491,0.10138678988083065
1439,55,1494,0.10142331556423309
1432,54,1486,0.1014542310473134
1437,52,1489,0.10149738761738082
1435,55,1490,0.10152561260411827
1439,58,1497,0.1015560015132202
1445,58,1503,0.10157523142963441
1440,57,1497,0.10158005774459924
1432,55,1487,0.10159536467014299
1431,56,1487,0.10162654992095384
1437,57,1494,0.10165705550303833
1439,57,1496,0.1016720783174216
1430,55,1485,0.10168147078904828
1436,54,1490,0.10170991173628238
1430,54,1484,0.10172276531973778
1437,51,1488,0.1017472343359438
1422,51,1473,0.10175397210101675
1433,51,1484,0.10179237110822777
1443,50,1493,0.1018043456797518
1448,52,1500,0.10179377018216337
1433,53,1486,0.10177352025105588
1427,55,1482,0.10178728099831877
1434,55,1489,0.10181229610132281
1435,58,1493,0.10182068863020113
1415,55,1470,0.10182561055762332
1422,55,1477,0.10187325214603961
1424,57,1481,0.10190134026749192
1426,57,1483,0.10192238486592008
1416,59,1475,0.10193752965927567
1427,59,1486,0.1019725392133066
1433,58,1491,0.1019806547070487
1424,56,1480,0.10197503828103478
1429,57,1486,0.10198905585614806
1420,56,1476,0.10199121531399903
1424,56,1480,0.10201277519206627
1425,57,1482,0.10202400111992517
1431,56,1487,0.10203227595445137
1432,56,1488,0.1020272759491223
1439,57,1496,0.10202045254784854
1446,57,1503,0.10199909614828828
1449,56,1505,0.10196472623681416
1441,55,1496,0.10192701657088947
1436,54,1490,0.10190967414629369
1434,55,1489,0.10190457646754615
1443,55,1498,0.10190419490319026
1436,54,1490,0.10188462229847453
1437,54,1491,0.10188207319748223
1436,54,1490,0.10187750782065841
1425,55,1480,0.10187547384335542
1435,56,1491,0.101897645904167
1428,58,1486,0.10189610534251735
1429,59,1488,0.1019095294875024
1435,57,1492,0.10191959059441288
1451,55,1506,0.10191573892450119
1450,58,1508,0.1018781928744512
1435,60,1495,0.10184612387047139
1428,60,1488,0.10184931381720982
1423,62,1485,0.10186708166800258
1426,65,1491,0.10189367283216519
1445,70,1515,0.10191189052682383
1440,68,1508,0.10188768445742546
1438,68,1506,0.10187606410738752
1437,65,1502,0.10186974479603648
1439,62,1501,0.10186656460205175
1444,58,1502,0.10185916327282367
1439,61,1500,0.10184140069443114
1444,63,1507,0.10183646390733614
1441,66,1507,0.10182095753213397
1428,64,1492,0.10181376510180006
1426,65,1491,0.10183522877978664
1418,66,1484,0.101858944589524
1413,68,1481,0.10189850277021749
1404,67,1471,0.1019448027866721
1414,66,1480,0.10200628538955726
1423,66,1489,0.10204143408676238
1420,66,1486,0.10205443705897103
1414,67,1481,0.10207340218775393
1432,71,1503,0.10210351634944395
1432,72,1504,0.1020924215255797
1433,75,1508,0.10208246209993778
1432,78,1510,0.1020713737735701
1416,76,1492,0.10206308965712474
1395,76,1471,0.10208959330371084
1400,73,1473,0.1021583930044856
1391,72,1463,0.10221048665011961
1405,73,1478,0.1022778521718391
1412,72,1484,0.10230896158296207
1412,73,1485,0.10232196671563251
1421,73,1494,0.10233472240591122
1431,73,1504,0.10232689318968259
1420,74,1494,0.10229794062822073
1412,75,1487,0.10229555024673799
1418,77,1495,0.10231030242169847
1421,76,1497,0.10231079382054331
1432,76,1508,0.10230450403159948
1425,78,1503,0.10227485523080056
1422,78,1500,0.10226271043852288
1430,76,1506,0.10225797554103835
1424,78,1502,0.10223666200108292
1421,74,1495,0.1022305090462908
1425,79,1504,0.10223172164685758
1424,83,1507,0.10222412160151592
1415,82,1497,0.10221889047740917
1418,80,1498,0.10223380240815436
1410,80,1490,0.1022411406801243
1416,77,1493,0.102264874334023
1420,75,1495,0.10227393489858798
1425,78,1503,0.1022737408098751
1432,78,1510,0.10226248348541514
1438,79,1517,0.10223671036535958
1418,79,1497,0.10220042910671506
1421,78,1499,0.10221060753315282
1413,80,1493,0.10221317314414673
1419,76,1495,0.10223261868850407
1416,79,1495,0.10223780981365721
1408,78,1486,0.10224935139334096
1402,78,1480,0.1022776093250291
1394,81,1475,0.1023162230754118
1391,79,1470,0.10236828738293031
1393,83,1476,0.10242193604140944
1394,79,1473,0.10246575589527257
1403,79,1482,0.10250283683325379
1414,80,1494,0.10251741778241279
1412,77,1489,0.10250732668609139
1436,75,1511,0.10250242738631503
1425,76,1501,0.1024464755367636
1423,78,1501,0.10241897005313881
1425,76,1501,0.10239819006910396
1426,77,1503,0.10237515506469919
1421,76,1497,0.10235196593429925
1420,74,1494,0.10234158056240869
1422,69,1491,0.1023339484399068
1426,72,1498,0.10232238560702608
1425,72,1497,0.10230316017318802
1422,73,1495,0.10228758147322903
1422,72,1494,0.10227987806145411
1421,71,1492,0.10227235313328081
1416,71,1487,0.10226735225134846
1422,71,1493,0.10227439324170506
1421,73,1494,0.102267874342387
1432,74,1506,0.10226423086257487
1428,72,1500,0.10223747165958635
1434,76,1510,0.10222145689592545
1436,71,1507,0.10219431115281179
1445,72,1517,0.10216559946880555
1431,70,1501,0.10212049006126843
1411,71,1482,0.10210889485625742
1405,73,1478,0.1021416046250425
1400,74,1474,0.10218464140710605
1404,75,1479,0.10223461736846452
1408,82,1490,0.10227141872858671
1411,83,1494,0.10229703235141681
1411,81,1492,0.10231448517309318
1416,82,1498,0.10233025366958268
1409,81,1490,0.10233392175006564
1411,79,1490,0.10235180426893345
1409,83,1492,0.10236406214156432
1402,82,1484,0.10237915899984497
1406,84,1490,0.10240800415905867
1409,83,1492,0.10242523495051142
1409,80,1489,0.10243548495445388
1412,80,1492,0.10244441258186449
1424,82,1506,0.10244618913522557
1421,85,1506,0.10242202931025521
1412,86,1498,0.10240673254019413
1412,88,1500,0.10241275435942718
1415,85,1500,0.10241798768518112
1422,86,1508,0.10241633336305409
1421,82,1503,0.10239936905040317
1430,81,1511,0.1023858075871486
1424,83,1507,0.10235414208795199
1415,80,1495,0.1023383092622958
1409,80,1489,0.10234293767247561
1398,83,1481,0.10236039859629706
1388,86,1474,0.10240086253887583
1389,85,1474,0.10245891477499565
1399,87,1486,0.10250949252671827
1409,87,1496,0.10253466841160407
1405,85,1490,0.10253690957077617
1414,89,1503,0.10254716895149123
1422,88,1510,0.10253740910406856
1416,88,1504,0.10251215718443256
1416,85,1501,0.10250222147611922
1420,88,1508,0.10249338073803202
1399,88,1487,0.1024770836754741
1401,89,1490,0.10250703542494566
1405,90,1495,0.1025307303314539
1409,95,1504,0.10254347840881596
1408,96,1504,0.10254570455646025
1399,96,1495,0.10255010455393951
1397,94,1491,0.10257297769191305
1395,96,1491,0.10259862450810033
1395,93,1488,0.1026262706449079
1394,90,1484,0.10265076646164953
1392,90,1482,0.10267515832369031
1400,90,1490,0.1027015139922753
1403,88,1491,0.1027077775469939
1410,86,1496,0.10270770457786021
1413,84,1497,0.10269275068004433
1412,85,1497,0.10267269730239978
1412,89,1501,0.10265710454988994
1409,87,1496,0.10264264321714807
1412,89,1501,0.102636127077653
1403,92,1495,0.10262385871625498
1410,94,1504,0.10263157088751583
1420,94,1514,0.10262424605827752
1410,99,1509,0.10259604623817921
1400,99,1499,0.10259258179036415
1420,93,1513,0.1026110683460367
1412,90,1502,0.10258476892667236
1404,92,1496,0.10257779181461463
1396,93,1489,0.10258835379669075
1400,95,1495,0.10261588507722236
1404,94,1498,0.10263307741359246
1391,96,1487,0.10263956531944149
1398,96,1494,0.1026735578041497
1398,97,1495,0.10268986383143969
1385,97,1482,0.10270469638184919
1370,94,1464,0.10274639173795456
1380,94,1474,0.10281575066904432
1390,97,1487,0.10285777477209197
1410,101,1511,0.10287487444691895
1396,102,1498,0.10284688631291582
1397,103,1500,0.10285134626231446
1409,101,1510,0.102853309267658
1404,102,1506,0.10282897745692907
1402,101,1503,0.10281825460973079
1401,103,1504,0.10281332686097354
1404,103,1507,0.10281107104396206
1403,102,1505,0.10280274905873334
1403,102,1505,0.10279706204680228
1409,104,1513,0.10279211506477033
1402,109,1511,0.10277527525076945
1402,108,1510,0.1027752708518706
1406,105,1511,0.10277487932391509
1404,104,1508,0.10276593414675997
1395,106,1501,0.10276207168177201
1381,107,1488,0.10277762302092895
1383,105,1488,0.10282232156463646
1380,106,1486,0.1028592506110801
1382,105,1487,0.10289865534867335
1387,106,1493,0.1029305461919324
1374,107,1481,0.10294833216783922
1382,108,1490,0.10299313986628893
1403,105,1508,0.10301604172605183
1387,108,1495,0.10299249520928835
1397,108,1505,0.10300614996269322
1393,106,1499,0.10299702231174519
1398,110,1508,0.10299655261080805
1411,109,1520,0.1029854160290686
1401,110,1511,0.10294731211439993
1391,114,1505,0.10293458175554576
1382,112,1494,0.10294473462230799
1373,112,1485,0.10297419576979358
1383,115,1498,0.10302100939081119
1373,114,1487,0.10304232935007832
1361,116,1477,0.10308410429346955
1358,117,1475,0.1031479299476765
1360,119,1479,0.10321270637979621
1352,116,1468,0.10326757183109528
1365,113,1478,0.10333513796791198
1362,117,1479,0.10336858680702811
1343,118,1461,0.10340561372339448
1350,120,1470,0.10348118018439063
1364,118,1482,0.10353512343146648
1365,116,1481,0.10355397743099098
1374,115,1489,0.10356898623280691
1378,116,1494,0.10356346383180927
1368,118,1486,0.10355063302515491
1381,122,1503,0.10356079544192387
1372,121,1493,0.10354245458147188
1382,122,1504,0.10354535969670518
1366,123,1489,0.10352738802148856
1353,125,1478,0.10354562183471526
1349,126,1475,0.10359012688494058
1346,127,1473,0.10363943350216324
1350,132,1482,0.10369061214891345
1356,129,1485,0.10372913078294857
1367,132,1499,0.10375189298529292
1358,128,1486,0.1037482945255061
1347,125,1472,0.10376428350164285
1348,124,1472,0.10380283654360387
1331,127,1458,0.10383635921253526
1335,130,1465,0.1039039461996638
1339,131,1470,0.1039573709938126
1348,133,1481,0.10399600175102881
1353,130,1483,0.10401224560481852
1346,133,1479,0.10401697788991154
1351,138,1489,0.10403570231267474
1350,135,1485,0.10404184733769323
1351,133,1484,0.10404929468754887
1351,137,1488,0.10405502554400613
1353,137,1490,0.10406055775144257
1353,141,1494,0.10406149386807804
1336,139,1475,0.1040621822310241
1335,141,1476,0.10409962072393415
1342,143,1485,0.1041371816000266
1331,149,1480,0.10415631372031062
1341,147,1488,0.10419884002114198
1339,152,1491,0.10421599206642625
1329,153,1482,0.10423589497580965
1336,149,1485,0.10427638778770049
1333,147,1480,0.1042980721485208
1333,151,1484,0.1043243708549027
1332,152,1484,0.10434927138953419
1326,154,1480,0.10437459755414924
1334,152,1486,0.10441061826969147
1328,150,1478,0.10442589238530027
1347,154,1501,0.10445254720158531
1358,153,1511,0.10443554488813074
1346,154,1500,0.104397754629132
1351,153,1504,0.10438902784448947
1341,151,1492,0.10437041065277587
1346,152,1498,0.10437551550141727
1349,152,1501,0.10436932344415308
1340,154,1494,0.10435709624311079
1349,155,1504,0.10436514724284811
1345,152,1497,0.10435284013092559
1341,152,1493,0.1043511688253628
1353,153,1506,0.10435842201494715
1369,149,1518,0.10433868560024002
1355,147,1502,0.10428434205892305
1357,156,1513,0.10426487910974001
1360,151,1511,0.10424377456439128
1334,154,1488,0.10421860382641338
1323,154,1477,0.10425242062476624
1341,153,1494,0.1043064395459152
1344,152,1496,0.10431628692285046
1343,149,1492,0.10431885168026515
1335,154,1489,0.10432385588272453
1344,155,1499,0.10434536452013149
1343,156,1499,0.10434593188385778
1345,156,1501,0.10434740345202531
1341,155,1496,0.10434560778369834
1329,157,1486,0.10435225642367026
1331,155,1486,0.10438419543722312
1330,159,1489,0.104408110587963
1333,158,1491,0.10443197436064608
1344,157,1501,0.1044476142758596
1345,160,1505,0.10443821519274571
1338,159,1497,0.10442758521284125
1332,156,1488,0.1044344406456645
1341,159,1500,0.10445380954832874
1355,161,1516,0.10445245665719863
1351,158,1509,0.10442014451237135
1353,153,1506,0.1043986822298357
1358,157,1515,0.10437427846883665
1343,154,1497,0.10434194154510955
1344,152,1496,0.10434475719448269
1338,153,1491,0.10434541553427604
1335,153,1488,0.10435913448366999
1320,152,1472,0.10437824466901587
1328,152,1480,0.10442914732737624
1334,153,1487,0.10445792452399459
1343,148,1491,0.10447084749902928
1340,149,1489,0.10446294373485081
1341,151,1492,0.10446130842875691
1354,155,1509,0.1044584129340719
1344,155,1499,0.10442702718614374
1337,152,1489,0.10441950060737344
1328,151,1479,0.10442860789787418
1324,150,1474,0.10445647116080604
1327,152,1479,0.10449003970464879
1331,153,1484,0.10451447546724854
1337,153,1490,0.10452853029306423
1338,155,1493,0.10452768734233515
1327,155,1482,0.10452436121869813
1322,159,1481,0.10454450194084221
1318,160,1478,0.10457362813948969
1337,158,1495,0.10460939491891448
1342,154,1496,0.10460014129356296
1319,150,1469,0.10457983684352962
1336,151,1487,0.10461158229521055
1354,149,1503,0.10460354501631983
1359,152,1511,0.10455610400715162
1348,155,1503,0.10450329671579187
1341,154,1495,0.10447858328832295
1334,151,1485,0.10447117345367668
1341,155,1496,0.1044784085102637
1339,155,1494,0.10447048160827681
1346,156,1502,0.10446807617182628
1345,154,1499,0.1044506501929849
1346,153,1499,0.1044378220960185
1349,153,1502,0.10442373482806463
1333,156,1489,0.10440484000878399
1325,159,1484,0.1044230094757074
1320,157,1477,0.10445668307087405
1323,159,1482,0.10449821494350242
1321,161,1482,0.10453081895574381
1321,163,1484,0.1045651000966845
1319,164,1483,0.10459609836905492
1331,168,1499,0.10462841470861484
1339,165,1504,0.10463251988863703
1331,170,1501,0.10461920955572351
1320,169,1489,0.10462466959751116
1329,172,1501,0.10465412254983546
1319,174,1493,0.10466148253978041
1318,177,1495,0.1046898271579681
1320,175,1495,0.10471837652847642
1327,176,1503,0.10474021746349813
1329,174,1503,0.10474529456535221
1326,176,1502,0.10474599375008381
1321,179,1500,0.10475317725639814
1313,180,1493,0.10477067001720318
1306,175,1481,0.1048034143388938
1314,174,1488,0.10484861990118753
1310,176,1486,0.10487247456126536
1302,175,1477,0.10490331940206059
1312,177,1489,0.10494946220797884
1301,178,1479,0.10497020074115955
1310,178,1488,0.1050134143154696
1319,174,1493,0.10503388902643702
1312,180,1492,0.10503293180890555
1320,175,1495,0.10504685444225613
1324,179,1503,0.10504284062408335
1310,176,1486,0.105030173524261
1310,172,1482,0.10504897739858227
1329,173,1502,0.10506569233501441
1329,174,1503,0.10503947714943859
1327,176,1503,0.1050156495540954
1325,181,1506,0.10499801168450038
1333,179,1512,0.10498602387587687
1326,179,1505,0.10495851471893237
1314,177,1491,0.104949251232389
1315,177,1492,0.10496631653748248
1309,183,1492,0.10498060202078766
1313,182,1495,0.10500704257934465
1321,186,1507,0.10502253925501574
1312,187,1499,0.10501956229727664
1326,188,1514,0.10503522899812619
1326,184,1510,0.10502001326545135
1321,178,1499,0.10500699570015168
1318,175,1493,0.10500720133273121
1315,178,1493,0.1050143417679793
1307,178,1485,0.1050272057839731
1313,184,1497,0.10505611748600505
1308,184,1492,0.10506910663257894
1303,185,1488,0.1050919403770624
1308,187,1495,0.10512419478154765
1309,178,1487,0.10514103845063644
1306,178,1484,0.10515532342781615
1313,179,1492,0.10517401861711669
1310,182,1492,0.10517547104106391
1313,185,1498,0.10518317680411247
1301,186,1487,0.10518423429200933
1304,184,1488,0.10521122062704262
1303,185,1488,0.10523010772752403
1319,185,1504,0.10524899451390816
1315,189,1504,0.10523110488918733
1311,193,1504,0.10522474833147133
1315,197,1512,0.10522816001581842
1315,197,1512,0.10522190271993459
1309,199,1508,0.1052172712138309
1301,202,1503,0.1052273654722281
1295,206,1501,0.10525480429214745
1302,205,1507,0.10529303244382135
1295,208,1503,0.10531205031929769
1282,208,1490,0.10534551913113412
1290,209,1499,0.10540477343116496
1290,214,1504,0.1054409709729362
1277,216,1493,0.10547471819969058
1282,216,1498,0.10553472810443082
1280,217,1497,0.10557820391892704
1289,217,1506,0.10562232088642645
1291,214,1505,0.10564228756850615
1301,216,1517,0.10565654600764067
1299,219,1518,0.10564813328783355
1300,215,1515,0.10564419927522714
1294,213,1507,0.10563889539316719
1288,210,1498,0.10564686699205375
1285,211,1496,0.10566803738328748
1291,214,1505,0.10569397518538881
1287,217,1504,0.1057051491110163
1281,216,1497,0.10572462979668958
1289,218,1507,0.10575544580660504
1272,219,1491,0.10576680155243605
1262,221,1483,0.10581572363726867
1265,224,1489,0.10588239916489947
1266,220,1486,0.10593647287494821
1275,224,1499,0.10598254528944955
1263,224,1487,0.10600487994797306
1278,224,1502,0.10605268739074479
1265,222,1487,0.10606422400922778
1260,224,1484,0.10610249041968917
1265,224,1489,0.1061487469969364
1261,223,1484,0.10617976407904385
1255,223,1478,0.1062174273030024
1264,225,1489,0.10626469326103369
1268,223,1491,0.10628868655621111
1276,222,1498,0.10630190697225672
1272,225,1497,0.10629694921606724
1263,228,1491,0.10630214085664559
1259,229,1488,0.10632675262219038
1259,234,1493,0.1063571564945224
1272,239,1511,0.10638529957766363
1276,237,1513,0.10638333913861046
1268,236,1504,0.10637312246754764
1260,236,1496,0.10638153172179496
1264,237,1501,0.10640654381205629
1263,236,1499,0.1064205051623982
1258,238,1496,0.10643534192618027
1258,241,1499,0.10646044190351009
1250,240,1490,0.1064837618577555
1259,236,1495,0.10652350849087874
1260,242,1502,0.10654015262252507
1246,244,1490,0.10655283621527538
1244,242,1486,0.1065949086446498
1246,243,1489,0.1066392691965158
1244,245,1489,0.10667533857065341
1250,243,1493,0.10671404344504266
1256,244,1500,0.10673706569912418
1249,247,1496,0.10674404922776265
1248,249,1497,0.10676665335057134
1241,248,1489,0.10679031648611914
1240,247,1487,0.10682587199350867
1245,246,1491,0.10686080664270417
1242,244,1486,0.10688247565507127
1240,248,1488,0.1069090199820366
1238,249,1487,0.10693780815882065
1236,250,1486,0.10696796505024084
1247,248,1495,0.10699922341603423
1248,250,1498,0.10700409470551529
1247,251,1498,0.10700587270242778
1252,256,1508,0.10701024489984767
1248,254,1502,0.10700422904427938
1243,254,1497,0.10700745496108457
1253,258,1511,0.10702094974761243
1262,250,1512,0.1070116733060831
1262,247,1509,0.10698332302794707
1252,252,1504,0.10695709692741313
1247,253,1500,0.10695581072067113
1264,252,1516,0.10696572757960013
1263,256,1519,0.10693734830066447
1249,253,1502,0.10691425775834194
1256,252,1508,0.10692449719188167
1251,259,1510,0.10692026053259829
1252,259,1511,0.10692631031729555
1238,260,1498,0.10693044166887367
1233,266,1499,0.10696497179363097
1240,264,1504,0.10700717791757136
1241,268,1509,0.10702957306098954
1243,265,1508,0.10704834722458795
1247,268,1515,0.10706108090456093
1245,263,1508,0.10706489150634022
1229,265,1494,0.10707364155659192
1249,268,1517,0.10711500695978954
1252,272,1524,0.10710857465956256
1240,272,1512,0.10709703659723636
1244,271,1515,0.1071116417677439
1235,269,1504,0.10711649424582115
1229,267,1496,0.1071409752102108
1238,266,1504,0.10717741280266413
1239,267,1506,0.10719094808680248
1230,273,1503,0.10720192762826507
1220,276,1496,0.10723261251943303
1215,278,1493,0.10728373378544959
1207,280,1487,0.1073414424970388
1213,278,1491,0.10741111309061441
1213,281,1494,0.1074618088117095
1212,279,1491,0.10750778239119028
1219,284,1503,0.10755208954239262
1214,286,1500,0.10757746647964123
1222,280,1502,0.1076129851566073
1220,280,1500,0.1076288333056974
1229,280,1509,0.10764748665706068
1230,279,1509,0.10764451857351187
1229,284,1513,0.10763933728005806
1223,281,1504,0.10763684113642157
1213,275,1488,0.10764917905099365
1208,278,1486,0.10768165073005619
1195,281,1476,0.10772329324558783
1210,278,1488,0.10779089396392079
1217,276,1493,0.10781805127330987
1219,277,1496,0.10782759621362832
1218,276,1494,0.1078316428428809
1225,280,1505,0.10783766028035952
1225,284,1509,0.10782787952073132
1206,282,1488,0.10782007856405734
1194,286,1480,0.1078542990519718
1191,285,1476,0.10791310385020253
1193,289,1482,0.10797151953336322
1206,279,1485,0.10802054322549264
1219,279,1498,0.1080369023115033
1206,283,1489,0.1080224992048166
1208,279,1487,0.10803940405161395
1203,281,1484,0.10805140662762824
1206,284,1490,0.10807220795072243
1199,286,1485,0.10808495020059666
1200,285,1485,0.10811161937799164
1203,285,1488,0.1081338343706792
1201,279,1480,0.10814712122890877
1213,277,1490,0.10816305197736023
1203,278,1481,0.10814976580808597
1209,279,1488,0.10816042514086184
1198,278,1476,0.1081575440472828
1196,278,1474,0.10817920729624766
1214,280,1494,0.10820192985819783
1216,281,1497,0.10818320279311426
1232,279,1511,0.10816226953570769
1223,286,1509,0.10810676434538369
1234,283,1517,0.10807636518972967
1239,282,1521,0.10802421068479287
1230,278,1508,0.10796508147937468
1225,278,1503,0.10793071524173634
1221,277,1498,0.10791088432082503
1214,283,1497,0.10790203212546508
1214,288,1502,0.10790884696843187
1231,284,1515,0.10791502755662422
1236,282,1518,0.10788367059574501
1214,276,1490,0.10784388810462385
1203,281,1484,0.10785641343549682
1208,279,1487,0.10789206910698144
1210,284,1494,0.10791353502870091
1203,288,1491,0.10793047729688275
1199,289,1488,0.1079615197159217
1207,290,1497,0.1079996368374532
1214,288,1502,0.10801712141049241
1216,287,1503,0.10801667695169018
1208,289,1497,0.10801098237008593
1199,281,1480,0.108023807710158
1212,283,1495,0.10805556879792609
1215,282,1497,0.10805415220416573
1224,280,1504,0.10804662147632058
1224,281,1505,0.10801939335914115
1227,281,1508,0.10799328357803298
1224,280,1504,0.10796434949253002
1220,282,1502,0.10794317143542517
1221,278,1499,0.10793337432133367
1226,280,1506,0.10792144399225542
1228,278,1506,0.10789900279918108
1224,270,1494,0.10787445854906658
1215,270,1485,0.10786019689214366
1195,277,1472,0.10786801855573369
1189,273,1462,0.10792019519538919
1204,275,1479,0.10798074377929925
1204,285,1489,0.10800257298832883
1216,283,1499,0.10802297754375516
1216,290,1506,0.10801410058683497
1225,290,1515,0.10800457964534058
1221,284,1505,0.107976426042871
1227,274,1501,0.1079595462256801
1224,272,1496,0.10793010868257902
1214,274,1488,0.10791127606149896
1208,281,1489,0.10791673271308898
1214,282,1496,0.10793349623996011
1208,279,1487,0.10793603149666676
1222,283,1505,0.1079515088767732
1222,280,1502,0.10793500346279218
1221,278,1499,0.10792090998979653
1229,282,1511,0.10790938408470424
1221,278,1499,0.10788146346166559
1224,276,1500,0.10787405698765001
1229,283,1512,0.10786030355016385
1229,284,1513,0.1078366403505478
1216,278,1494,0.10781560972499486
1203,284,1487,0.10782543912995127
1193,287,1480,0.10786387217514726
1204,290,1494,0.10791996714797884
1205,283,1488,0.10794713774630779
1206,283,1489,0.10797045030725393
1207,288,1495,0.10798932646795523
1207,292,1499,0.10800396682980704
1199,294,1493,0.1080167507801721
1187,293,1480,0.10804703308641997
1196,297,1493,0.108101781154609
1194,293,1487,0.10813160852517945
1215,300,1515,0.10816358145257038
1214,299,1513,0.10814605212814406
1204,300,1504,0.108133271355942
1203,306,1509,0.10814479428762235
1194,309,1503,0.10815846378679098
1192,310,1502,0.10819165313737762
1185,312,1497,0.10822516782271517
1185,307,1492,0.10827206949990789
1205,308,1513,0.10831554778226099
1204,314,1518,0.10831129629450535
1197,317,1514,0.10831020868998803
1204,311,1515,0.10832605349187743
1200,312,1512,0.1083234520840656
1200,308,1508,0.10832998727749761
1205,307,1512,0.10833715166666671
1204,312,1516,0.10833288511565164
1208,308,1516,0.10833054698490667
1200,311,1511,0.10831990857051459
1201,320,1521,0.10832921715799956
1206,323,1529,0.10833486981205916
1196,321,1517,0.10832918439954414
1180,319,1499,0.10834669461810766
1182,311,1493,0.10839770118646873
1187,308,1495,0.10843952414889758
1197,309,1506,0.10846592960560901
1185,311,1496,0.10846663154796193
1191,312,1503,0.10849336465373174
1196,311,1507,0.10850318100679024
1197,308,1505,0.10850063076565522
1191,311,1502,0.10849659521394237
1189,308,1497,0.10850698753184637
1188,309,1497,0.10852185005645294
1175,306,1481,0.10853730715822975
1182,310,1492,0.10858136048018255
1177,309,1486,0.10860569954684925
1181,314,1495,0.10864054014588867
1189,310,1499,0.10866429704815975
1169,309,1478,0.10866779601394366
1168,314,1482,0.10871553226549421
1171,318,1489,0.10876226888154068
1168,322,1490,0.10879871575854395
1168,327,1495,0.10884014669287544
1167,339,1506,0.10887779873933782
1171,337,1508,0.10891577461257301
1173,338,1511,0.10894205930647045
1179,336,1515,0.10896137574357105
1174,336,1510,0.1089657863109958
1169,335,1504,0.10898260141268239
1163,336,1499,0.10900897096852702
1149,340,1489,0.10904663110571128
1148,341,1489,0.10911372948686897
1150,345,1495,0.10917769188107948
1149,343,1492,0.10923241692151661
1144,345,1489,0.10928547083863523
1140,343,1483,0.10934521504248412
1141,335,1476,0.10941091942763856
1141,331,1472,0.10946885457418416
1138,341,1479,0.10952203789356853
1144,347,1491,0.10957874629450796
1143,350,1493,0.1096168954512921
1142,351,1493,0.1096547173452279
1131,354,1485,0.10969172510267068
1128,355,1483,0.10974953087985068
1128,352,1480,0.10980929128402953
1133,350,1483,0.10986495023032695
1130,350,1480,0.1099060675624592
1138,357,1495,0.10995044655791855
1133,353,1486,0.10997301437350684
1127,356,1483,0.11000494365659705
1121,359,1480,0.11004711149244623
1119,362,1481,0.11009921820222168
1130,359,1489,0.11015288263605157
1127,361,1488,0.11017753191066747
1136,366,1502,0.11020780904910105
1136,366,1502,0.11021698369347437
1147,368,1515,0.11022682987429694
1143,369,1512,0.1102125368245975
1135,370,1505,0.11020922695218975
1134,369,1503,0.11022537378845737
1122,372,1494,0.11024247905732952
1126,379,1505,0.11028635778759995
1119,376,1495,0.1103186627642873
1117,379,1496,0.11036301602266362
1122,378,1500,0.11040901164874019
1115,376,1491,0.11044064802810155
1110,380,1490,0.11048651892277515
1103,383,1486,0.1105402119787836
1108,384,1492,0.11060655685303879
1118,390,1508,0.11065544515531757
1118,388,1506,0.11067816594726136
1108,393,1501,0.11069960059092225
1103,393,1496,0.11074328570161004
1102,387,1489,0.11079480028145998
1091,395,1486,0.11084368083946593
1099,395,1494,0.11091229646633667
1096,394,1490,0.11095678160619166
1101,392,1493,0.11100549508045994
1102,393,1495,0.11103987770898655
1097,392,1489,0.11106836711754742
1095,395,1490,0.11110987818795881
1089,402,1491,0.11115381631802439
1074,409,1483,0.11120760456068876
1065,406,1471,0.11129221773940012
1086,415,1501,0.11139068100199145
1095,417,1512,0.11143435407825213
1075,418,1493,0.11145389113967491
1075,418,1493,0.1115159079189517
1087,420,1507,0.11157384668473856
1096,419,1515,0.11160040763026428
1093,414,1507,0.11160505521347475
1089,417,1506,0.11161608426532477
1088,417,1505,0.11163537594248586
1075,417,1492,0.11165694061347742
1072,419,1491,0.1117050164510621
1076,419,1495,0.11175482291155295
1088,417,1505,0.11179324591258263
1088,409,1497,0.1118004056023845
1084,414,1498,0.11180778561311921
1093,417,1510,0.11182360420291061
1098,418,1516,0.111818012198136
1092,416,1508,0.11180121908880103
1089,415,1504,0.11180053132056819
1073,416,1489,0.11180687882830838
1072,415,1487,0.11184891201567033
1069,418,1487,0.11189071623469583
1083,421,1504,0.11193449211720276
1082,416,1498,0.1119424550315867
1082,420,1502,0.1119533268610115
1092,420,1512,0.11196254684804753
1090,419,1509,0.11194899164565385
1088,420,1508,0.11194050597203221
1082,414,1496,0.11193931035560704
1076,416,1492,0.11195106062051112
1073,415,1488,0.11197643266976069
1074,423,1497,0.11200621314900562
1081,427,1508,0.1120323814291048
1082,435,1517,0.11204113574808694
1080,434,1514,0.1120461782198586
1081,424,1505,0.11205561862271661
1085,427,1512,0.1120634018848412
1063,432,1495,0.11206195049459555
1066,433,1499,0.11211025549184953
1063,434,1497,0.1121500533364094
1075,434,1509,0.11219148662966276
1076,431,1507,0.112201368163397
1070,427,1497,0.11220842730933875
1073,428,1501,0.11222912385554523
1070,433,1503,0.11224165807388228
1056,434,1490,0.1122605376929533
1061,433,1494,0.11231114346295502
1068,431,1499,0.11234570793577099
1074,435,1509,0.11236262721564724
1063,435,1498,0.11236496665581212
1062,433,1495,0.11239328122292375
1065,441,1506,0.11241974427160278
1074,437,1511,0.11243764209505593
1068,446,1514,0.112434269938217
1063,446,1509,0.11244420371923375
1075,446,1521,0.11246555353636353
1056,445,1501,0.11246025569986631
1053,446,1499,0.1124997036895576
1050,448,1498,0.11254248360060543
1053,446,1499,0.11258858791370041
1049,443,1492,0.1126243630015238
1050,448,1498,0.11266633439384321
1056,444,1500,0.11270156241570561
1060,445,1505,0.11272031531959481
1063,437,1500,0.11272825772594267
1069,450,1519,0.11272839529770223
1062,448,1510,0.11271542157233888
1048,448,1496,0.11271913867160156
1045,459,1504,0.11275466929276412
1049,457,1506,0.11279423377981171
1051,464,1515,0.1128217600316633
1068,457,1525,0.11284249167971769
1051,461,1512,0.11282232155112787
1046,458,1504,0.1128435588526759
1039,456,1495,0.1128748385603332
1039,457,1496,0.11292097436622595
1039,457,1496,0.11296275374098866
1035,462,1497,0.11300158463673422
1037,457,1494,0.11304669773692655
1039,455,1494,0.11308249478719798
1038,452,1490,0.11311094793291458
1038,450,1488,0.11314085767957575
1034,462,1496,0.11316946773566337
1032,464,1496,0.11320529657968931
1041,467,1508,0.11324148292136335
1037,463,1500,0.11325313605691473
1042,460,1502,0.1132734247634923
1038,468,1506,0.11328039302393175
1027,470,1497,0.11329657700467623
1029,466,1495,0.11333726022919591
1025,474,1499,0.11336954166151908
1030,464,1494,0.11340978455861787
1028,469,1497,0.11343554943421676
1033,479,1512,0.1134638424228294
1028,473,1501,0.11347903292955071
1033,474,1507,0.11350398475715544
1031,471,1502,0.11351641439411071
1027,470,1497,0.11353306531451836
1028,482,1510,0.11355789992894039
1027,485,1512,0.11357864440237725
1036,486,1522,0.11360046551780996
1021,489,1510,0.11360114828346315
1019,489,1508,0.11363755264074965
1010,489,1499,0.11367568801100142
1018,491,1509,0.11373083064095471
1021,488,1509,0.11376210308287472
1017,485,1502,0.11378333232782094
1022,488,1510,0.1138117390011951
1028,498,1526,0.11382626242640624
1027,493,1520,0.11382704240519156
1028,490,1518,0.11383070547754137
1024,491,1515,0.11383092097974645
1014,490,1504,0.11384164460191251
1022,492,1514,0.11387609927682675
1016,490,1506,0.11389123499012248
1019,493,1512,0.11391710288986452
1025,492,1517,0.11393311330978224
1026,490,1516,0.1139337832964483
1019,498,1517,0.11393378749839105
1024,490,1514,0.11395001691861699
1017,495,1512,0.11395396856493406
1009,499,1508,0.11397230663042617
1017,501,1518,0.11400774801396317
1021,501,1522,0.11402150387780344
1014,497,1511,0.11402520788417495
1016,493,1509,0.11404492843499721
1012,494,1506,0.11405805013547944
1007,487,1494,0.11407812497762268
1009,486,1495,0.11410706079704781
1016,491,1507,0.11413003063144629
1010,492,1502,0.1141349962684131
1012,492,1504,0.11415464857188765
1011,493,1504,0.11416921833279886
1011,494,1505,0.11418568349478701
1010,494,1504,0.11420058307073223
998,490,1488,0.11421676166064985
1002,486,1488,0.11425974617972096
1002,492,1494,0.11429167449986548
1009,495,1504,0.11432299428385867
1014,493,1507,0.11433530097634331
1002,498,1500,0.11433484705519134
1007,494,1501,0.11436269150450361
1005,493,1498,0.11437646718801478
1011,493,1504,0.11439452176885112
1010,495,1505,0.11439606969573086
1011,492,1503,0.11439811166178822
1014,487,1501,0.11439679218309444
1006,484,1490,0.11438871888522531
1015,477,1492,0.11439897983941696
1013,479,1492,0.11438630503624043
1008,478,1486,0.11437977622704286
1008,481,1489,0.11438413051662696
998,480,1478,0.11438806671227633
996,480,1476,0.11441436083147283
998,484,1482,0.11444400081890746
995,488,1483,0.11446491503436938
994,488,1482,0.11449112344675211
1002,488,1490,0.11451638244695488
1020,493,1513,0.11452080935353262
1029,490,1519,0.11448458871894633
1024,492,1516,0.11443146210009532
1031,490,1521,0.11439525750202474
1020,492,1512,0.11434635324631576
1011,492,1503,0.11432696669532788
1016,501,1517,0.11433161697919832
1002,503,1505,0.11432438638563053
989,507,1496,0.11435000059068517
991,499,1490,0.11440425904753955
998,502,1500,0.11445064098625926
1001,505,1506,0.11447680575870837
1004,508,1512,0.11449527357821766
1007,509,1516,0.11450671174865654
1003,507,1510,0.11451072397201596
996,506,1502,0.11452375208868183
1002,512,1514,0.11455255898673876
1016,511,1527,0.1145638041827881
1009,508,1517,0.11454214111203345
1012,509,1521,0.11453898856993358
1001,513,1514,0.11452704044299461
1000,516,1516,0.11454234822517759
994,518,1512,0.11455745400882156
988,513,1501,0.11458579818851466
981,515,1496,0.1146264700156536
980,518,1498,0.11467980107709713
978,524,1502,0.1147329992866359
984,524,1508,0.11478495293709562
979,523,1502,0.1148198820994287
982,520,1502,0.11486384855606509
984,517,1501,0.11489856038977261
984,522,1506,0.11492600641713661
983,525,1508,0.1149520967049198
983,524,1507,0.11497879555549406
984,526,1510,0.1150019210932986
982,525,1507,0.11502098149196695
989,529,1518,0.11504362459341615
990,532,1522,0.11504938838352334
977,526,1503,0.11505381324336113
974,524,1498,0.11508756057201702
971,521,1492,0.11512593237167067
975,530,1505,0.11516759071031825
969,531,1500,0.11519734006069832
974,527,1501,0.1152379879117046
966,529,1495,0.11526425282832861
968,538,1506,0.11530735382770498
966,544,1510,0.11534492371001484
958,543,1501,0.11538442955974183
952,536,1488,0.11543830511495895
960,537,1497,0.11550048393169461
957,535,1492,0.11553916573261006
965,534,1499,0.1155831396356883
974,532,1506,0.11560501593743819
971,541,1512,0.11560435538808445
966,535,1501,0.11561148805651551
968,535,1503,0.11562843290974463
975,538,1513,0.11563891648503345
971,540,1511,0.11563363283888105
969,545,1514,0.1156395278678912
967,550,1517,0.11565176282226951
978,542,1520,0.11566765367435487
969,547,1516,0.11565873904767202
957,540,1497,0.11566950660980165
955,544,1499,0.11570837416677086
958,542,1500,0.11574942777661822
968,543,1511,0.11578189495732104
959,555,1514,0.1157872044277054
964,563,1527,0.11581311719363847
955,558,1513,0.11582709666354507
962,550,1512,0.11586154153218305
949,554,1503,0.11587793657352906
944,561,1505,0.11592255237863171
958,555,1513,0.11597619706763716
959,552,1511,0.11599377171511895
954,541,1495,0.11600646891387073
961,547,1508,0.11603037864376925
957,553,1510,0.11603622675131949
957,555,1512,0.1160513922855122
945,559,1504,0.11606449878564792
948,549,1497,0.11610360625220764
949,545,1494,0.11613226285474766
946,547,1493,0.11615471361004914
954,547,1501,0.1161825213358404
957,555,1512,0.1161887608219828
951,554,1505,0.11618719190375171
948,557,1505,0.1162003096865394
944,554,1498,0.11621880917823647
943,556,1499,0.11624575580938949
940,555,1495,0.11627221305075444
941,553,1494,0.11630425335480624
950,539,1489,0.1163311207154651
949,539,1488,0.11633409752046468
944,538,1482,0.11633984619017966
949,537,1486,0.11635666495825327
960,550,1510,0.11636136213725563
943,551,1494,0.11633915217778909
943,548,1491,0.11635948629022011
953,549,1502,0.11637927684057826
957,560,1517,0.11637420000957288
955,554,1509,0.11636112089610502
959,554,1513,0.11635265899383893
955,550,1505,0.11633505791758157
945,557,1502,0.11632895595188775
948,561,1509,0.11634686937846642
949,560,1509,0.11635638682733958
945,561,1506,0.11636110065357422
934,559,1493,0.11637487031307034
944,567,1511,0.11641327265496881
941,570,1511,0.11642828343899535
945,565,1510,0.11644924834919579
947,560,1507,0.11645856710192667
944,567,1511,0.11646213374773313
945,570,1515,0.11647331985873535
944,573,1517,0.11648018330456714
939,576,1515,0.11648970619009248
938,576,1514,0.11651002704852495
932,571,1503,0.11653240396267045
929,567,1496,0.11656842635793112
941,571,1512,0.11660869466143303
939,570,1509,0.1166173186949875
927,571,1498,0.11663004055846306
923,573,1496,0.11666968483851516
910,571,1481,0.11671636823215341
902,575,1477,0.1167895290014922
910,576,1486,0.11687472936880144
918,577,1495,0.11693593663312114
927,576,1503,0.1169735480310246
916,581,1497,0.11698740352190684
919,573,1492,0.11702456869518484
905,587,1492,0.11705234400407026
922,586,1508,0.11711115106529559
923,586,1509,0.11712526509408665
922,589,1511,0.11713717158990226
920,581,1501,0.11715074874806346
920,595,1515,0.11716923361284533
921,590,1511,0.11718620506928186
918,580,1498,0.11720070729620229
923,583,1506,0.11722159834510217
918,592,1510,0.11722880436288903
917,591,1508,0.11724693427020391
923,582,1505,0.11726705341659567
917,587,1504,0.11727005727347961
924,593,1517,0.11728562141984594
933,595,1528,0.11728431988462627
929,595,1524,0.11726151838222997
925,594,1519,0.11724814767323498
928,588,1516,0.11724555296960441
937,583,1520,0.11723823157361252
926,576,1502,0.11721018184077421
917,577,1494,0.11721192069304028
914,591,1505,0.1172354869291674
913,601,1514,0.1172624567089768
907,599,1506,0.11728990844895669
913,597,1510,0.11733019565857379
908,595,1503,0.11735083551289809
899,598,1497,0.11738227957653682
899,592,1491,0.11743271641052937
891,601,1492,0.1174795531970023
890,597,1487,0.11754127044586746
899,604,1503,0.11760055064055011
903,605,1508,0.11763627140037698
899,613,1512,0.11766023851191917
888,612,1500,0.11769093499131021
883,612,1495,0.11774514472843531
890,612,1502,0.11780648328897932
897,612,1509,0.11784722450540228
887,614,1501,0.11786985105998411
892,612,1504,0.11791538593036499
884,616,1500,0.11794500668666907
891,617,1508,0.1179909351746697
894,623,1517,0.11801772894728929
895,623,1518,0.11803616737867571
883,616,1499,0.11805180622368311
886,618,1504,0.11809233313981447
896,613,1509,0.11812261670067438
885,623,1508,0.11812840836963659
872,633,1505,0.11815955890975982
878,621,1499,0.11822095467777743
875,630,1505,0.11826347883122505
876,632,1508,0.11831016630568517
873,624,1497,0.118351167813742
882,618,1500,0.11839681567602817
886,622,1508,0.11841645350270143
881,619,1500,0.11842597999408962
880,631,1511,0.11844738078560915
875,625,1500,0.1184701461180617
884,630,1514,0.11850237808668847
893,623,1516,0.1185114091631294
890,625,1515,0.11849806420711513
894,620,1514,0.11849258926471157
896,617,1513,0.11847663641090878
883,627,1510,0.11845787432579934
881,623,1504,0.11847038418224494
882,628,1510,0.11848814898573928
880,627,1507,0.1184991309759004
874,626,1500,0.11851354826913983
873,623,1496,0.11854120389582168
875,622,1497,0.11856821912832193
871,621,1492,0.11858902598774446
878,625,1503,0.11861951464995087
879,634,1513,0.11862896241346384
868,635,1503,0.11863532902935418
865,632,1497,0.1186689602422015
864,631,1495,0.11870828585862174
862,633,1495,0.11874675013562362
871,647,1518,0.11878793602182526
885,639,1524,0.11880378741562206
876,629,1505,0.11878789789864833
872,637,1509,0.11879342739848585
868,645,1513,0.11880767050937735
859,649,1508,0.11883086741488018
863,650,1513,0.1188743762478321
865,648,1513,0.11890672332548113
855,650,1505,0.11893165644697387
856,643,1499,0.11897841583019568
852,654,1506,0.11902086998976805
850,654,1504,0.11907115636823469
839,653,1492,0.11912260777869257
829,653,1482,0.11919536211190067
841,653,1494,0.11928570572366827
851,652,1503,0.11934073303142441
845,663,1508,0.11936843522428867
849,664,1513,0.11940759159171474
846,664,1510,0.11943569508567844
841,660,1501,0.11947052315013358
846,660,1506,0.11951368149781921
846,660,1506,0.11954217659232606
839,660,1499,0.11956822240956516
836,660,1496,0.11960908870127454
839,657,1496,0.11965356595686821
840,659,1499,0.11968697670961614
842,652,1494,0.11971618118384843
841,661,1502,0.11973704755983355
835,672,1507,0.11975821158318223
834,672,1506,0.11979260547271998
838,680,1518,0.11982722710112687
832,675,1507,0.1198510680642044
826,679,1505,0.11988809459036023
819,673,1492,0.11993813412284983
818,666,1484,0.11999988079020049
833,672,1505,0.12005954110184647
825,675,1500,0.12007747814997874
821,678,1499,0.12011468297669392
816,682,1498,0.12015782849664523
823,677,1500,0.12021048557817333
822,669,1491,0.12024114415756325
823,669,1492,0.12027263658893382
826,682,1508,0.12029783568860788
829,680,1509,0.12031502336002671
821,684,1505,0.12032376633356062
826,692,1518,0.1203512434951854
827,683,1510,0.12036722021374228
814,686,1500,0.1203785933171592
810,692,1502,0.12041970637557566
809,701,1510,0.12046829628564854
804,714,1518,0.12051772209104639
798,709,1507,0.12057704235781813
804,705,1509,0.12064834610122643
813,702,1515,0.12070024816221454
819,708,1527,0.12072844705236788
814,701,1515,0.12074151710936128
807,711,1518,0.12076639129869815
805,708,1513,0.12080696660506383
795,722,1517,0.12085020345916458
792,721,1513,0.12091388660962522
795,715,1510,0.12098163264166104
792,711,1503,0.1210377798450872
787,721,1508,0.12109694844837911
787,721,1508,0.12116424183626803
784,723,1507,0.12122589313895063
789,728,1517,0.12128943265739257
792,720,1512,0.12133564146641573
796,714,1510,0.12137028592667314
804,721,1525,0.12139280555482224
805,713,1518,0.12139335564330812
798,723,1521,0.1213930369511153
795,729,1524,0.12141001079757775
787,729,1516,0.12143317195812543
792,722,1514,0.12147327923330785
786,715,1501,0.12149676115657672
791,719,1510,0.12153208700078742
789,720,1509,0.12155289171580128
783,717,1500,0.12157855269989648
782,715,1497,0.12161567901187328
785,716,1501,0.12165334393695809
785,713,1498,0.12168033569167204
781,722,1503,0.12170600983575497
780,720,1500,0.12174040693839995
785,716,1501,0.12177388398308221
800,714,1514,0.12179254836071411
796,713,1509,0.12177218996010428
789,720,1509,0.12176104523947995
792,722,1514,0.12176892118137492
786,728,1514,0.12177006999707786
793,719,1512,0.12178482887664525
782,726,1508,0.12178104497719225
779,718,1497,0.12180452855893577
781,718,1499,0.12183322555585287
766,721,1487,0.12185543925790793
778,718,1496,0.12191094977965321
777,722,1499,0.12193419237849405
783,716,1499,0.12195861798450762
789,718,1507,0.12196764525530886
783,726,1509,0.12196111850973353
779,722,1501,0.12197118331043164
780,724,1504,0.12199108766934173
782,718,1500,0.12200648184411236
782,724,1506,0.12201574894471617
769,730,1499,0.12202444781265687
782,731,1513,0.12206428066597722
762,736,1498,0.12207022553629994
762,729,1491,0.12212466245008907
769,727,1496,0.12217381775746991
772,734,1506,0.12220415643925751
771,731,1502,0.12222501070961705
780,734,1514,0.12224652251381282
771,745,1516,0.1222456106317387
772,733,1505,0.1222674699788993
762,739,1501,0.1222861514919999
765,740,1505,0.12232667945051436
770,733,1503,0.12235696025009135
764,729,1493,0.122372648469285
774,729,1503,0.12240011929265297
771,725,1496,0.12240213981476777
772,724,1496,0.12241217145685758
773,732,1505,0.12241787785526696
777,730,1507,0.12242227806955029
776,728,1504,0.12241634229405962
780,724,1504,0.1224130940516839
777,733,1510,0.12240133821996901
772,740,1512,0.12239828195670704
769,736,1505,0.12240610338601686
768,734,1502,0.1224226267344406
768,739,1507,0.12244125132432825
763,751,1514,0.1224581946023142
767,747,1514,0.12248629000833237
761,758,1519,0.12250252091008623
749,749,1498,0.12253059706257587
751,755,1506,0.12258560415962512
748,757,1505,0.1226311144816905
749,751,1500,0.12268100854661534
748,758,1506,0.12272623872415826
744,756,1500,0.12277147282261987
751,756,1507,0.1228234019329183
750,756,1506,0.1228528418015074
758,758,1516,0.12288131763204464
751,760,1511,0.12288937212482214
759,755,1514,0.12291438329953872
751,755,1506,0.12291813356822852
741,764,1505,0.12294168196360175
730,759,1489,0.12298885939996447
742,759,1501,0.12305910475115985
747,753,1500,0.12309531006473037
756,771,1527,0.12311659857136177
754,766,1520,0.12311457818078037
734,760,1494,0.12311758481512289
744,749,1493,0.12316830084372558
747,749,1496,0.12319025059370439
761,750,1511,0.12320254484541739
758,753,1511,0.12317855482922742
758,747,1505,0.12316455832144703
746,754,1500,0.12315287978772523
752,761,1513,0.12317006855048045
742,768,1510,0.1231723997451908
744,762,1506,0.12319890703335325
747,751,1498,0.12322117498442309
744,756,1500,0.12323494193302281
738,761,1499,0.12325427572944139
740,768,1508,0.1232875310842228
745,773,1518,0.1233128583142275
745,770,1515,0.12332332114392386
746,775,1521,0.12333199041146446
748,774,1522,0.12333768265062578
746,765,1511,0.12333758251114312
737,769,1506,0.12334344677359767
735,763,1498,0.12336976711135587
742,775,1517,0.12339845524080754
741,770,1511,0.12340916998439255
740,777,1517,0.12342367891327186
738,769,1507,0.12343954524506977
742,767,1509,0.12345986140566852
737,770,1507,0.12346789376253815
732,771,1503,0.12348761179627604
727,776,1503,0.12351596060159943
734,783,1517,0.12355480222982354
743,784,1527,0.12357379914888571
732,781,1513,0.12357090633695454
726,775,1501,0.12359533775022208
727,776,1503,0.1236336287290844
728,782,1510,0.12366779857200207
720,786,1506,0.12369760531159316
713,789,1502,0.12374426820608399
718,783,1501,0.12380405120199718
719,786,1505,0.12384610615960867
717,782,1499,0.12388160688233907
718,783,1501,0.12391910587529871
714,786,1500,0.12395288456564969
717,779,1496,0.1239943422040417
719,781,1500,0.12402713000521376
726,795,1521,0.12405179157091986
726,792,1518,0.12405702623614136
720,793,1513,0.12406196570239399
717,794,1511,0.12407996764866507
711,791,1502,0.12410495234968455
710,792,1502,0.12414190459079162
711,792,1503,0.12417916853212979
716,796,1512,0.12421075723183515
710,793,1503,0.12422753609505775
712,784,1496,0.12425741051314672
718,775,1493,0.12427885003994564
715,779,1494,0.12428421574470257
721,769,1490,0.12429687288502274
727,773,1500,0.12429230280262622
727,768,1495,0.12427387121852279
725,769,1494,0.12425693881487293
728,774,1502,0.12424612887244071
732,791,1523,0.1242286837077195
735,794,1529,0.12420227541311482
732,790,1522,0.12417041262288592
723,790,1513,0.1241491634108429
725,790,1515,0.12415232704498404
721,792,1513,0.1241506919600325
713,795,1508,0.12416019848400307
704,804,1508,0.1241892462070843
712,802,1514,0.12423914470511743
711,805,1516,0.1242657136259536
701,804,1505,0.12429170425129349
710,799,1509,0.1243397296695017
712,795,1507,0.12436198762216367
717,791,1508,0.12437824689739913
711,785,1496,0.1243805910985607
716,786,1502,0.12439748864391241
717,785,1502,0.12440057269101785
724,797,1521,0.124400444933679
728,793,1521,0.12438292598274454
729,800,1529,0.12435701786893114
725,797,1522,0.12433100232664845
727,787,1514,0.12431797622034488
728,794,1522,0.12430125928094317
730,790,1520,0.1242833254693584
722,788,1510,0.12426190977003397
719,792,1511,0.12426142585351237
724,800,1524,0.12426763117328737
714,793,1507,0.12426236259994078
712,792,1504,0.12428241756875887
721,789,1510,0.12430603847077273
709,790,1499,0.12430604435781266
710,805,1515,0.12433647913298809
703,797,1500,0.12436183720047893
702,803,1505,0.12440287775662835
704,799,1503,0.12444333743570553
704,810,1514,0.1244747172164656
700,811,1511,0.12450244871197082
707,815,1522,0.12453785010537623
696,809,1505,0.12455418318274102
695,801,1496,0.12459503332078743
709,801,1510,0.12463538302132715
710,797,1507,0.12463720572966559
705,806,1511,0.12463794930689114
705,816,1521,0.12465141529729408
705,813,1518,0.12466433930468432
700,813,1513,0.12467626784777419
695,816,1511,0.12469984790411846
698,807,1505,0.12473372462433335
690,808,1498,0.12475915227606073
680,800,1480,0.1248028704316167
685,801,1486,0.12486747454967988
683,808,1491,0.12491601124005836
678,811,1489,0.12496563272342368
677,812,1489,0.12502401857489262
672,813,1485,0.1250804072405119
679,804,1483,0.12514609705402394
677,810,1487,0.12518968510604686
677,827,1504,0.12523412369352097
670,828,1498,0.12527636259085978
675,845,1520,0.12533317779200223
677,838,1515,0.1253748916208367
663,840,1503,0.12540903688331778
668,846,1514,0.12547574405051548
664,845,1509,0.1255256816213971
661,844,1505,0.12558315876810577
659,845,1504,0.1256440459328909
657,853,1510,0.12570464969499007
662,854,1516,0.1257653609702688
653,838,1491,0.12580976082878906
655,844,1499,0.1258712741010746
660,836,1496,0.12592246190726328
656,843,1499,0.12595743035551535
655,842,1497,0.12600060747487235
656,844,1500,0.1260420711173138
664,848,1512,0.12607644287030073
672,844,1516,0.12609061973717597
668,855,1523,0.12608486102898173
661,857,1518,0.12609075011848594
658,851,1509,0.12611236928932265
660,855,1515,0.126139447971461
661,862,1523,0.12616050189695904
668,863,1531,0.12617822783173083
668,861,1529,0.12617707737087194
667,853,1520,0.12617699192311163
656,846,1502,0.12618003089085245
654,848,1502,0.12620820981106465
654,854,1508,0.12623938856950503
664,854,1518,0.12626889419491114
658,859,1517,0.1262718301891964
650,860,1510,0.12629005177648142
653,860,1513,0.12632824801843331
651,855,1506,0.12635669007968806
644,853,1497,0.12638914674591142
650,864,1514,0.12643753875488659
645,872,1517,0.12646825595982228
636,874,1510,0.12650814154998635
634,882,1516,0.12656742489012043
623,877,1500,0.12662728780708243
625,874,1499,0.12670923705044795
629,877,1506,0.12678133195928531
627,887,1514,0.12683924773223623
636,888,1524,0.12689813115846837
624,888,1512,0.12693049492324604
638,892,1530,0.1269906710965491
634,887,1521,0.12700908043854756
628,887,1515,0.127036786332708
624,889,1513,0.12707582160689396
627,887,1514,0.12712331294948892
621,886,1507,0.12715934583366953
623,894,1517,0.12720809541922523
618,901,1519,0.1272482352475205
610,887,1497,0.1272975271471976
610,888,1498,0.12736337965228528
615,887,1502,0.12742358764829112
615,892,1507,0.12746840113773616
620,898,1518,0.12750925803649327
617,900,1517,0.12753472582687744
624,895,1519,0.12756410571716148
621,891,1512,0.12757255819934593
619,894,1513,0.12758956989864118
615,896,1511,0.1276090992997997
612,909,1521,0.12763703936368154
609,906,1515,0.12767163327968403
606,899,1505,0.12771107392843917
595,902,1497,0.12775602175793146
593,905,1498,0.12782600352211368
599,903,1502,0.1278940803714045
603,913,1516,0.1279413053283842
596,914,1510,0.12797496316202264
596,897,1493,0.12802336789895022
602,907,1509,0.1280701415178334
605,912,1517,0.1280995105200095
604,910,1514,0.12811955537125835
601,912,1513,0.12814057048858588
602,912,1514,0.1281683424091381
613,910,1523,0.1281917172125318
617,910,1527,0.12818486730996054
614,909,1523,0.12816962258032538
615,903,1518,0.1281614705901029
604,910,1514,0.12815274364664703
608,913,1521,0.1281722932040335
606,912,1518,0.12818031584950848
600,909,1509,0.12819297195427742
594,905,1499,0.12821894413541088
595,896,1491,0.1282577808212092
599,898,1497,0.12829082074001696
609,900,1509,0.12831030536179502
605,892,1497,0.1283038537452277
603,901,1504,0.12830798799732787
611,905,1516,0.12831783475026792
605,913,1518,0.12830701138161274
599,918,1517,0.12831372725204077
587,903,1490,0.12833564907702877
589,902,1491,0.12838532199185765
593,908,1501,0.12842626854859865
593,907,1500,0.12845550016371388
594,906,1500,0.12848233147067428
598,912,1510,0.12850534769296065
596,921,1517,0.12851750662194533
593,929,1522,0.12853308860670495
591,923,1514,0.12855552246368704
590,922,1512,0.1285829830409316
590,916,1506,0.1286096377392575
590,913,1503,0.12863448665487284
584,923,1507,0.12865692416352809
584,925,1509,0.12869270641285144
579,932,1511,0.1287256463893584
579,935,1514,0.12876874745732117
580,923,1503,0.12880769047991336
581,924,1505,0.1288402670671859
584,926,1510,0.12886755678658043
586,933,1519,0.12888555366465781
586,934,1520,0.12889643427058167
584,931,1515,0.12890590634484253
581,931,1512,0.128920259523637
583,928,1511,0.12894363705687367
576,935,1511,0.1289621118116861
572,944,1516,0.1289964704210593
566,941,1507,0.12903838660145517
573,947,1520,0.12909274785966388
573,938,1511,0.129126591080042
559,942,1501,0.1291580522460625
555,937,1492,0.12922295231779427
558,946,1504,0.12929268423660825
557,948,1505,0.12934930902243394
561,943,1504,0.1294042968057047
567,941,1508,0.12944629379580824
558,950,1508,0.1294687125018914
562,947,1509,0.12951201306228285
565,946,1511,0.12954250473534873
563,936,1499,0.12956215843769855
573,933,1506,0.12958483137637683
571,940,1511,0.12957987775090016
568,940,1508,0.1295798567427874
558,936,1494,0.12958739079457307
563,951,1514,0.1296201106359829
572,944,1516,0.12963613804477675
566,953,1519,0.1296280945527997
565,941,1506,0.12963600904153508
564,931,1495,0.12964682046361178
570,938,1508,0.12966086473709357
563,938,1501,0.12965955659197445
559,946,1505,0.12967485045779256
549,954,1503,0.1297005266019522
551,944,1495,0.1297516243494725
554,948,1502,0.12979309738574238
557,942,1499,0.12982215383935974
556,958,1514,0.1298418291994076
560,959,1519,0.12986184719765723
559,959,1518,0.12987203046447612
572,952,1524,0.12988352505660924
576,950,1526,0.12986103850303546
569,951,1520,0.12983105491318578
558,959,1517,0.12982191638175153
555,956,1511,0.12984097476391998
556,960,1516,0.12986670674840625
552,945,1497,0.12988730979929944
548,952,1500,0.12991460379200648
543,946,1489,0.12995061125462953
552,952,1504,0.12999489234140202
556,956,1512,0.13001518300732534
559,957,1516,0.13002379349242665
562,953,1515,0.13002479588462051
556,964,1520,0.13001854805454724
560,959,1519,0.13002848547298762
558,961,1519,0.13002782646180835
551,955,1506,0.13003160815049125
549,964,1513,0.13005517190561908
546,960,1506,0.13008083210904275
550,960,1510,0.13011350340748817
555,964,1519,0.13013414481575056
555,965,1520,0.1301406361594467
553,965,1518,0.13014723328841793
557,964,1521,0.1301584117458225
550,950,1500,0.13015943158455417
548,952,1500,0.1301789248883305
554,964,1518,0.1302009526438784
543,971,1514,0.1302069325617603
546,964,1510,0.13024081419747127
551,961,1512,0.13026377381650847
542,971,1513,0.1302720515293406
548,971,1519,0.13030408577611804
540,972,1512,0.1303186679571316
531,974,1505,0.13035359215793696
527,975,1502,0.13040944704579183
528,974,1502,0.13047116370871312
530,979,1509,0.13052461587312295
521,974,1495,0.1305700756867613
520,982,1502,0.13063479635457206
531,974,1505,0.1306970974088881
534,980,1514,0.13072604537389787
529,982,1511,0.1307443432000223
519,973,1492,0.1307752510148181
520,973,1493,0.130829275962429
520,977,1497,0.1308770793935928
517,973,1490,0.13092159634831743
513,979,1492,0.13097022458419283
507,988,1495,0.13102765263151456
508,990,1498,0.1310949807721939
506,983,1489,0.13115467819209636
507,994,1501,0.13121629418959782
509,987,1496,0.1312722377082915
508,993,1501,0.13131869301355956
507,1000,1507,0.13136500500955597
504,1005,1509,0.13141250939434124
503,1015,1518,0.1314657564703622
492,1023,1515,0.13151897603191823
491,1013,1504,0.1315968560530628
494,1019,1513,0.13167259353965996
498,1016,1514,0.1317351861431466
492,1028,1520,0.13178289865273388
490,1026,1516,0.1318435315286087
498,1020,1518,0.13190619568277964
495,1014,1509,0.1319450786303779
493,1016,1509,0.13198847782797538
493,1016,1509,0.13203186861587224
491,1011,1502,0.1320719225882575
489,1011,1500,0.13211354271077907
479,1026,1505,0.13215817307474997
484,1033,1517,0.13222607035756623
484,1019,1503,0.13227655268261862
473,1010,1483,0.1323248916676668
482,1020,1502,0.13239957632779517
480,1007,1487,0.1324464844228605
482,1012,1494,0.1324932666323269
481,999,1480,0.13253114582276257
483,1008,1491,0.1325689470290855
489,1011,1500,0.13259886726963635
491,1011,1502,0.13261354184185234
488,1016,1504,0.13262296612094918
494,1006,1500,0.13263893687772677
493,1016,1509,0.13263857967650966
495,1016,1511,0.13263908858285509
494,1006,1500,0.13263450801161647
497,1007,1504,0.13263242697207886
495,1003,1498,0.13262178268127114
485,1021,1506,0.13261728896715158
483,1016,1499,0.13263953065224665
489,1018,1507,0.13266637586689461
493,1028,1521,0.13267753370485194
491,1032,1523,0.1326783211209515
488,1033,1521,0.132684485927781
475,1032,1507,0.13269829900577235
468,1032,1500,0.13274550800506435
474,1040,1514,0.13280849459892544
475,1030,1505,0.13285165002807503
471,1041,1512,0.1328898721258669
467,1041,1508,0.1329344846000061
469,1037,1506,0.13298733306260818
474,1034,1508,0.1330305503723401
469,1026,1495,0.13305555355808088
468,1020,1488,0.1330918197753882
463,1035,1498,0.13312789640807834
462,1040,1502,0.13317547642605024
461,1035,1496,0.1332224109154687
454,1028,1482,0.13327006270299824
454,1027,1481,0.13333149246137874
458,1031,1489,0.13338963032177734
455,1036,1491,0.1334326879147333
457,1047,1504,0.1334805930708885
455,1051,1506,0.13352004634049852
457,1057,1514,0.13356144843293383
462,1064,1526,0.1335938933234158
455,1061,1516,0.13361214435775476
457,1057,1514,0.1336468074210108
451,1055,1506,0.13367315268642055
448,1056,1504,0.1337152151161569
456,1053,1509,0.13376140336655123
455,1050,1505,0.13378454254357106
463,1052,1515,0.13380900500965004
467,1049,1516,0.13381137918452332
466,1056,1522,0.1338030279748695
461,1059,1520,0.1337987557523089
460,1056,1516,0.13380930042505412
454,1058,1512,0.13382226853611617
448,1081,1529,0.13385058270336514
449,1076,1525,0.133892154528735
447,1088,1535,0.1339287078007978
448,1089,1537,0.13396818302552885
436,1079,1515,0.13400233139422327
430,1070,1500,0.13406597505339313
434,1072,1506,0.13414195257263667
433,1074,1507,0.1342021579512437
431,1082,1513,0.134260206121016
432,1074,1506,0.13431816059363563
440,1065,1505,0.1343712626023182
434,1084,1518,0.13439957805319383
435,1100,1535,0.13444171531057367
426,1089,1515,0.1344788021766148
429,1095,1524,0.13453770889274164
430,1090,1520,0.1345870256980776
427,1077,1504,0.13463165454188658
433,1083,1516,0.13468152420489066
434,1091,1525,0.1347133598212128
425,1095,1520,0.13474129346158206
423,1098,1521,0.13479104267396755
419,1088,1507,0.13484250994712685
413,1087,1500,0.13489886160613573
416,1084,1500,0.13496763562485764
412,1075,1487,0.13502423702104285
415,1079,1494,0.13508572561077772
421,1089,1510,0.1351345014980912
429,1082,1511,0.13516452209889931
433,1091,1524,0.13517381468445452
430,1091,1521,0.13517324101133085
421,1095,1516,0.135180414055434
423,1094,1517,0.13521010836216849
423,1089,1512,0.13523102535003517
417,1096,1513,0.13525130089032672
411,1093,1504,0.13528592156729977
407,1083,1490,0.1353350251823463
411,1085,1496,0.13539125581319209
411,1089,1500,0.13543381746582983
415,1093,1508,0.13547442614166294
416,1085,1501,0.13550245249684434
417,1090,1507,0.13552660790957213
419,1098,1517,0.1355469061970412
415,1091,1506,0.13556142548036254
418,1093,1511,0.1355842451113918
417,1096,1513,0.13559712427745776
416,1102,1518,0.1356122236858086
407,1108,1515,0.1356293584826126
400,1092,1492,0.1356679384727488
394,1098,1492,0.1357240663569743
401,1094,1495,0.1357910723137113
400,1100,1500,0.1358336285196672
402,1092,1494,0.1358746479875941
405,1098,1503,0.13590729529602508
408,1096,1504,0.13592811741837227
410,1097,1507,0.13593835881973615
408,1090,1498,0.13594344276554474
410,1097,1507,0.13595364796676015
417,1100,1517,0.13595823346841074
414,1105,1519,0.13594486757236027
415,1096,1511,0.1359409007917346
416,1099,1515,0.13593372897966297
412,1106,1518,0.13592415916088713
405,1111,1516,0.13592736421224894
411,1098,1509,0.13594768113481628
404,1104,1508,0.13595195041611735
398,1115,1513,0.1359744007603842
398,1115,1513,0.13601229128494993
395,1113,1508,0.13604796750952072
392,1116,1508,0.13608915532003188
399,1121,1520,0.13613520269501883
400,1121,1521,0.1361572993255261
402,1115,1517,0.13617560273008528
397,1115,1512,0.13618736671658024
391,1118,1509,0.13621085717572862
394,1118,1512,0.1362482857720988
397,1119,1516,0.13627501924952257
390,1123,1513,0.13629192879898622
393,1119,1512,0.13632495103885917
393,1121,1514,0.13634769506696312
393,1120,1513,0.1363679213440575
388,1113,1501,0.13638651773698376
390,1119,1509,0.13641750369970826
394,1113,1507,0.13644081406165948
398,1115,1513,0.1364519876313178
401,1116,1517,0.1364513885458826
402,1119,1521,0.13644290722220234
400,1116,1516,0.13643287179173774
399,1114,1513,0.13642847411119927
390,1109,1499,0.1364262261103955
396,1115,1511,0.1364472209556946
398,1105,1503,0.1364508604031814
399,1118,1517,0.13644854109703647
402,1108,1510,0.13644313382548412
398,1116,1514,0.1364299300124528
397,1107,1504,0.13642637868897112
400,1102,1502,0.136426750878966
397,1098,1495,0.13642019327825816
402,1094,1496,0.13642165845002385
401,1108,1509,0.1364092977049948
403,1095,1498,0.13640044299567594
398,1091,1489,0.13638652209366742
398,1090,1488,0.13638662479924032
398,1087,1485,0.13638689914513422
402,1092,1494,0.13638722734300354
401,1109,1510,0.1363758640427163
396,1103,1499,0.1363675559698782
400,1099,1499,0.1363720166930632
410,1112,1522,0.1363647528983648
408,1104,1512,0.13633330030331026
404,1110,1514,0.13631094721176257
405,1114,1519,0.13630034683318196
406,1119,1525,0.1362887226754928
407,1109,1516,0.1362753220021437
405,1112,1517,0.1362601314350966
402,1105,1507,0.13625134940275407
399,1109,1508,0.1362517933319592
403,1118,1521,0.13626116992429535
393,1119,1512,0.13626097195888104
393,1106,1499,0.1362867579298754
399,1103,1502,0.13630996578363702
400,1112,1512,0.13631487404032439
402,1116,1518,0.13631765914201582
405,1106,1511,0.13631485205691424
400,1101,1501,0.13630439735579164
406,1104,1510,0.1363062515396357
398,1105,1503,0.13629466792058284
407,1103,1510,0.1363047425594721
411,1109,1520,0.13629120711974427
413,1098,1511,0.1362696340871178
410,1105,1515,0.13624581844068667
402,1110,1512,0.13623184606858607
401,1116,1517,0.1362403847266512
400,1110,1510,0.13625069830796907
398,1118,1516,0.13626512942344923
399,1116,1515,0.1362827209409487
399,1120,1519,0.13629764389356866
405,1124,1529,0.1363112408409507
403,1130,1533,0.1363091108457779
398,1125,1523,0.13631198668951489
400,1124,1524,0.1363280672330208
400,1120,1520,0.1363370864901754
402,1120,1522,0.13634447116990664
396,1121,1517,0.13634667362850547
401,1124,1525,0.13636526192824383
395,1136,1531,0.1363693443424938
391,1127,1518,0.13639020045028558
390,1118,1508,0.1364206549425744
387,1117,1504,0.13645204729823174
389,1119,1508,0.13648880970638583
387,1122,1509,0.13651759215439824
384,1127,1511,0.13654890324003624
376,1117,1493,0.13658607312899484
368,1120,1488,0.13664087971725636
373,1111,1484,0.1367129052938267
377,1115,1492,0.13676719771113294
374,1117,1491,0.13680770722193553
372,1135,1507,0.13685475721666152
376,1136,1512,0.1369035700848156
379,1133,1512,0.1369384915068338
382,1131,1513,0.13696310465653933
372,1132,1504,0.1369787410639521
373,1133,1506,0.13702159618550425
372,1130,1502,0.13706039263809933
383,1126,1509,0.13709908131143883
380,1141,1521,0.1371057019787534
380,1134,1514,0.13712103456658972
373,1128,1501,0.1371353366039299
376,1134,1510,0.1371663250961331
377,1130,1507,0.1371872771015901
371,1136,1507,0.13720369969176732
372,1135,1507,0.13723615974236947
374,1136,1510,0.13726143887096043
378,1133,1511,0.1372811294752849
381,1129,1510,0.1372872493856458
379,1126,1505,0.13728635748404575
372,1130,1502,0.13729147789030555
377,1142,1519,0.13731570586507913
375,1145,1520,0.13732722028917205
371,1142,1513,0.13734351860675614
368,1138,1506,0.13737055668269146
369,1151,1520,0.13740338125020782
368,1153,1521,0.13743205236891165
365,1150,1515,0.13746132827368876
363,1141,1504,0.13749815585793987
361,1138,1499,0.13753764498565538
355,1147,1502,0.1375809663287357
354,1152,1506,0.13763863354202271
354,1157,1511,0.13769660141603024
357,1157,1514,0.13775044791926638
359,1158,1517,0.1377910245850177
366,1160,1526,0.13782351197712178
367,1169,1536,0.13783607889039226
364,1170,1534,0.13784688794110236
361,1172,1533,0.13786495470760168
360,1162,1522,0.1378908487251136
356,1157,1513,0.1379176419680133
351,1151,1502,0.13795291330212825
354,1168,1522,0.13800041382525052
352,1171,1523,0.13803597368426035
350,1164,1514,0.13807486363837032
350,1181,1531,0.13811737481473835
351,1179,1530,0.1381573650840706
341,1179,1520,0.13819168077210725
337,1176,1513,0.13825110345718147
341,1170,1511,0.1383181053116527
339,1169,1508,0.13836959411450586
334,1166,1500,0.13842309693641136
339,1165,1504,0.13848604116193994
335,1173,1508,0.1385301389510693
333,1157,1490,0.13858204012536082
335,1157,1492,0.13863716156776698
333,1182,1515,0.13868355210070413
337,1166,1503,0.1387302350611343
338,1169,1507,0.13876223646666744
338,1177,1515,0.1387897985425929
340,1162,1502,0.1388152671834145
338,1167,1505,0.13883467438391212
338,1160,1498,0.13885615890266967
336,1160,1496,0.13887783533274983
328,1165,1493,0.1389036853265975
331,1166,1497,0.13894884478033304
327,1178,1505,0.138982008426544
329,1182,1511,0.1390239792867641
324,1170,1494,0.13905975266440518
318,1175,1493,0.1391049774383546
319,1184,1503,0.13916198533642896
319,1189,1508,0.13921234833673116
324,1203,1527,0.13925908172560944
326,1204,1530,0.13929012277949987
327,1201,1528,0.13931493986742968
332,1195,1527,0.13933434740085748
331,1194,1525,0.13933901230424287
328,1185,1513,0.1393456732221246
324,1190,1514,0.13935947466038612
326,1187,1513,0.1393823199862242
328,1189,1517,0.13939785201835575
331,1175,1506,0.1394064840741601
332,1175,1507,0.13940899231932366
329,1180,1509,0.13940880582833073
323,1186,1509,0.13941695080620406
326,1190,1516,0.13943994364371978
325,1191,1516,0.13945396880157723
326,1186,1512,0.139469221943947
318,1200,1518,0.13947992278402543
320,1195,1515,0.13951155924623396
319,1194,1513,0.13953553761556103
323,1189,1512,0.13956087631021213
318,1191,1509,0.13957297492594972
315,1184,1499,0.13959784764989622
315,1193,1508,0.13962618007480887
311,1191,1502,0.13965234139861057
309,1181,1490,0.13968766961876816
312,1192,1504,0.13972512532835407
316,1192,1508,0.13975202663447983
324,1205,1529,0.1397675094067086
322,1195,1517,0.1397616459713505
318,1187,1505,0.1397613674340173
309,1187,1496,0.13977135447965508
308,1189,1497,0.13980386232833422
315,1184,1499,0.13983705300341157
306,1171,1477,0.13985006555004734
314,1188,1502,0.13988614131230415
314,1192,1506,0.13989823929909195
308,1200,1508,0.13991162837336354
305,1206,1511,0.13994087707309977
302,1204,1506,0.13997584622276557
308,1202,1510,0.14001626932571987
308,1207,1515,0.1400396754757337
307,1195,1502,0.14006162391963284
303,1208,1511,0.1400845627547207
305,1199,1504,0.14011654623485265
309,1211,1520,0.140141888830006
298,1209,1507,0.1401555867152859
295,1208,1503,0.1401982845814503
298,1211,1509,0.14024698797243734
294,1202,1496,0.1402845425171112
292,1220,1512,0.1403308675969552
287,1225,1512,0.140380040019383
283,1228,1511,0.1404400056147733
289,1227,1516,0.14050546500812047
287,1214,1501,0.14054964984673773
284,1227,1511,0.1405961817974758
282,1237,1519,0.14064878134843625
287,1244,1531,0.14070285893099863
285,1241,1526,0.14074063212028703
285,1236,1521,0.1407816173790588
280,1236,1516,0.1408207495079327
271,1240,1511,0.14087029363507977
277,1233,1510,0.14094070561199767
280,1237,1517,0.14099006136835573
276,1231,1507,0.14102886433336062
274,1241,1515,0.1410750935663409
273,1235,1508,0.14112508735489665
274,1245,1519,0.1411725587270322
274,1245,1519,0.14121392994128396
271,1246,1517,0.14125216133931762
269,1245,1514,0.14129537916719997
270,1241,1511,0.14134173152871696
273,1236,1509,0.14138316366170925
274,1232,1506,0.1414151900925386
270,1227,1497,0.14144284453065364
269,1239,1508,0.14148087362671835
269,1234,1503,0.1415196921724399
279,1237,1516,0.14155485105867943
272,1233,1505,0.14156000386744552
272,1240,1512,0.1415832403008187
277,1237,1514,0.14160527866296577
281,1230,1511,0.14161206544135715
275,1230,1505,0.1416073002480833
275,1243,1518,0.1416188240845806
277,1244,1521,0.1416297533600144
278,1242,1520,0.14163609963761464
273,1247,1520,0.14163901113646687
274,1244,1518,0.1416551315738355
275,1227,1502,0.14166804611985792
271,1246,1517,0.14167565317578432
273,1248,1521,0.14169323850541535
272,1241,1513,0.14170531964105781
267,1239,1506,0.1417190038933313
266,1235,1501,0.14174544805201833
268,1229,1497,0.141773085697475
266,1235,1501,0.14179344687111836
265,1246,1511,0.14181857138228554
263,1250,1513,0.14184406335271096
267,1250,1517,0.1418737316849282
265,1245,1510,0.14189097052779268
266,1227,1493,0.14191109286481218
266,1235,1501,0.14192797942394392
262,1228,1490,0.1419447142124467
262,1225,1487,0.1419712069476538
264,1233,1497,0.14199816336306295
266,1242,1508,0.14201595263815123
268,1239,1507,0.14202684856316466
267,1226,1493,0.14203111877575406
269,1221,1490,0.14203699735053862
276,1223,1499,0.14203623542686838
276,1234,1510,0.1420176431731183
279,1231,1510,0.14200096977415075
273,1235,1508,0.14197831210525733
274,1245,1519,0.1419747778063166
266,1236,1502,0.14196901167079737
270,1247,1517,0.14198535196766415
283,1240,1523,0.14198949993658894
278,1235,1513,0.14195793010564473
276,1236,1512,0.14194200334141624
269,1226,1495,0.14193173959236405
267,1219,1486,0.14194035876682437
267,1241,1508,0.14195405630486252
266,1243,1509,0.14196776774288453
266,1240,1506,0.14198361268985263
262,1240,1502,0.1419974744989845
265,1237,1502,0.14202083613326233
264,1237,1501,0.1420341908075543
267,1234,1501,0.14204811352517566
272,1234,1506,0.142052649311369
275,1230,1505,0.14204323228853627
283,1232,1515,0.14202705217512743
277,1230,1507,0.14199139713950684
276,1238,1514,0.14197366801844882
277,1237,1514,0.14195979708421919
280,1232,1512,0.14194438322363925
279,1253,1532,0.1419218519022812
274,1256,1530,0.14190240760186154
277,1254,1531,0.14189840991168576
276,1252,1528,0.1418868002311733
276,1246,1522,0.1418787641131194
270,1247,1517,0.14186993256835362
264,1238,1502,0.1418773600684628
271,1249,1520,0.1418987994965164
269,1240,1509,0.14190025408821796
272,1236,1508,0.1419083941909481
270,1222,1492,0.14190833624114318
272,1217,1489,0.14191249220028979
273,1226,1499,0.14191141053044165
281,1232,1513,0.1419071409310667
280,1230,1510,0.14188140181083805
281,1242,1523,0.14185939856773108
283,1233,1516,0.14183655311211374
288,1233,1521,0.14181018058986938
284,1234,1518,0.14177109846214753
282,1226,1508,0.14174590265998038
284,1226,1510,0.14172845355025257
285,1229,1514,0.14170608444160038
284,1232,1516,0.1416818427589334
277,1244,1521,0.14166139589132498
276,1245,1521,0.14166056645079197
273,1230,1503,0.14166368388315562
272,1243,1515,0.14167261248371255
274,1242,1516,0.14168318986453957
273,1238,1511,0.14168745515440548
274,1234,1508,0.1416947007461709
270,1230,1500,0.14169838893925982
276,1234,1510,0.14171328404558475
279,1227,1506,0.14171086600678845
271,1237,1508,0.141700626025944
275,1243,1518,0.14171236097045387
282,1241,1523,0.14171241234708107
278,1234,1512,0.14169297871359876
270,1237,1507,0.14168661898952506
274,1243,1517,0.14170285565233212
273,1233,1506,0.1417078347670685
273,1227,1500,0.14171572681751293
270,1240,1510,0.14172334202273298
267,1240,1507,0.14173842572939327
266,1234,1500,0.14176126092840566
268,1242,1510,0.14178509320455548
266,1233,1499,0.14180273595580742
261,1247,1508,0.1418241109721317
262,1254,1516,0.14185773448455918
262,1247,1509,0.14188615650045025
260,1255,1515,0.14191294241228083
266,1257,1523,0.14194331321856343
268,1253,1521,0.14195598038006405
266,1252,1518,0.14196315088943862
258,1265,1523,0.14197559259916182
251,1261,1512,0.1420086095664885
248,1256,1504,0.14205836434554125
243,1257,1500,0.14211265941898638
244,1255,1499,0.14217692642289234
251,1271,1522,0.14223297618037636
256,1269,1525,0.14226780143666995
260,1260,1520,0.14228597967827084
257,1245,1502,0.14229258672354095
257,1243,1500,0.14230623964974545
254,1251,1505,0.1423191971523393
255,1269,1524,0.14233972180345902
251,1250,1501,0.1423572567086628
251,1248,1499,0.14238412499205955
247,1257,1504,0.1424086436287738
249,1271,1520,0.1424422623164035
253,1266,1519,0.14246817813788903
251,1270,1521,0.14248221994829582
250,1258,1508,0.14250101662372977
253,1262,1515,0.14252219944612776
246,1255,1501,0.14253518802325899
243,1260,1503,0.14256637156594354
249,1262,1511,0.14260385573378087
241,1263,1504,0.14262322652425452
242,1280,1522,0.14266361892610008
249,1271,1520,0.14269807364095694
246,1277,1523,0.14271123486236825
248,1267,1515,0.1427320714100535
247,1271,1518,0.14274556601680144
249,1269,1518,0.14276080919966508
248,1260,1508,0.14277047825260628
246,1279,1525,0.1427819557529474
243,1267,1510,0.14279774467969697
248,1251,1499,0.14282086675917235
247,1267,1514,0.1428292205630817
250,1267,1517,0.14283875157201056
249,1256,1505,0.14283904445394952
244,1275,1519,0.14284220189430474
240,1272,1512,0.14285812861705527
242,1276,1518,0.14288318603831893
245,1293,1538,0.14290178311155974
243,1297,1540,0.14291124735683
248,1292,1540,0.14292506428724577
249,1284,1533,0.14292426157031715
247,1281,1528,0.14292129445213905
242,1271,1513,0.14292312067195723
240,1272,1512,0.142938876174159
243,1258,1501,0.14295897466668547
244,1246,1490,0.14297012036893444
239,1256,1495,0.14297869946953037
232,1274,1506,0.14299975585024705
238,1270,1508,0.1430371548885971
241,1283,1524,0.14305651534228025
238,1287,1525,0.1430668981213119
239,1277,1516,0.14308529725812982
239,1280,1519,0.14309938940888042
239,1279,1518,0.14311174334029825
236,1261,1497,0.14312355385681294
238,1269,1507,0.14314208792366634
239,1263,1502,0.14315383982658633
243,1269,1512,0.14316222999909184
235,1281,1516,0.1431600460098214
234,1280,1514,0.14317978225351125
231,1286,1517,0.14320041499138372
234,1278,1512,0.14322736659879326
239,1282,1521,0.14324505439637072
240,1283,1523,0.1432480676213844
239,1285,1524,0.14324832911487945
236,1282,1518,0.14325174369593252
242,1284,1526,0.1432630679104922
242,1279,1521,0.14325707100326743
238,1285,1523,0.14325187771189288
235,1280,1515,0.14325712734523927
236,1268,1504,0.14326931830212847
235,1281,1516,0.1432778767110578
232,1277,1509,0.1432887249685314
227,1275,1502,0.1433069010318282
231,1271,1502,0.14333717093793163
230,1281,1511,0.14335501244668655
229,1272,1501,0.1433748754094173
230,1280,1510,0.14339594074198492
231,1276,1507,0.14341311591748668
225,1289,1514,0.1434262293027831
219,1297,1516,0.14345408652509117
215,1307,1522,0.14349634012404036
216,1294,1510,0.14354578025336917
215,1289,1504,0.14358866843889304
216,1292,1508,0.1436310586821041
217,1291,1508,0.14366800251402043
218,1287,1505,0.1437001786768442
220,1279,1499,0.14372841078514448
220,1276,1496,0.1437496518052809
221,1275,1496,0.14377006658596062
223,1273,1496,0.14378573845902148
219,1277,1496,0.14379662417003206
216,1290,1506,0.14381631354537183
216,1287,1503,0.14384175250827885
218,1290,1508,0.14386618804001688
212,1285,1497,0.1438847923048814
208,1291,1499,0.14391876283386965
207,1293,1500,0.14396070628945853
209,1287,1496,0.14400356206572248
211,1294,1505,0.14403894229264305
205,1300,1505,0.14406647587333704
207,1308,1515,0.14410855097494335
209,1305,1514,0.14414314037486195
209,1291,1500,0.14417059705334268
209,1308,1517,0.14419682189963803
210,1316,1526,0.14422083244560396
206,1313,1519,0.14424020755906228
204,1305,1509,0.14426977867920635
202,1302,1504,0.14430241154558454
202,1299,1501,0.14433765331002882
205,1303,1508,0.144371704864275
199,1305,1504,0.1443952158067729
192,1316,1508,0.14443390269138373
194,1314,1508,0.14448975225844987
195,1312,1507,0.1445354987782796
193,1312,1505,0.14457573531913487
200,1309,1509,0.1446193609426187
200,1312,1512,0.1446410896466211
199,1320,1519,0.14466199490968334
195,1316,1511,0.14468433219777183
195,1314,1509,0.14471685980748117
196,1319,1515,0.1447464494213302
197,1324,1521,0.14477080590426974
193,1332,1525,0.1447914009968373
194,1331,1525,0.14482148918390847
193,1326,1519,0.14484672352065645
192,1314,1506,0.14487136082007948
193,1311,1504,0.1448971864012982
190,1320,1510,0.14492039390357178
189,1311,1500,0.14494989730587782
183,1315,1498,0.1449803062919983
187,1318,1505,0.14502385913857618
186,1321,1507,0.14505280117152874
188,1317,1505,0.14508242565610185
185,1317,1502,0.14510562104773694
190,1311,1501,0.14513456112947526
190,1316,1506,0.1451491494102201
196,1320,1516,0.14516326710222752
196,1310,1506,0.14516048154795327
193,1329,1522,0.14515816107236085
189,1342,1531,0.14516407027957234
194,1330,1524,0.14518080453459403
192,1317,1509,0.14518227786831328
193,1307,1500,0.1451885384887143
195,1314,1509,0.14519145649049198
194,1331,1525,0.1451895426538215
196,1337,1533,0.14519148457555242
197,1324,1521,0.14518964799489262
195,1312,1507,0.1451855448143241
196,1305,1501,0.1451877750733406
196,1312,1508,0.14518695824737693
198,1315,1513,0.14518634415229864
199,1328,1527,0.14518045528859388
196,1325,1521,0.14517220263250097
193,1328,1521,0.1451730547996879
198,1335,1533,0.14518184402896586
200,1322,1522,0.14517639672756583
198,1323,1521,0.14516596002149623
201,1330,1531,0.14516083357213966
200,1320,1520,0.14514741178927004
196,1318,1514,0.14513737856901643
198,1322,1520,0.14513756865112348
196,1322,1518,0.14513340558640675
197,1331,1528,0.14513437076853378
194,1331,1525,0.1451323444897374
199,1313,1512,0.14514024574726667
201,1310,1511,0.14513306939524157
202,1312,1514,0.14511986084325224
203,1311,1514,0.14510484192460413
201,1311,1512,0.14508875686059025
204,1292,1496,0.14507958714999872
203,1291,1494,0.14506360286644637
201,1305,1506,0.1450510731599974
202,1313,1515,0.14504437860220606
198,1309,1507,0.14503556305750215
190,1311,1501,0.1450372491656194
193,1319,1512,0.14506134194225884
199,1313,1512,0.14507517355959537
193,1319,1512,0.14507138211321433
191,1323,1514,0.1450838500832058
193,1326,1519,0.14510179492070358
193,1320,1513,0.14511343973040414
191,1324,1515,0.14512359570652011
193,1325,1518,0.14513820151130147
194,1319,1513,0.1451467040248465
194,1313,1507,0.1451523697872592
196,1311,1507,0.1451578724180797
196,1307,1503,0.14515636532182907
196,1307,1503,0.14515562323339742
198,1325,1523,0.1451556699015897
201,1326,1527,0.14514931586303578
203,1316,1519,0.1451344470591463
198,1308,1506,0.14511591567507343
198,1312,1510,0.14511206021117315
198,1316,1514,0.14510821100276775
200,1315,1515,0.14510434459046942
204,1320,1524,0.14509451701352216
201,1320,1521,0.14507473075956023
200,1314,1514,0.14506503686657773
197,1313,1510,0.14505912014603808
200,1311,1511,0.1450615170632182
201,1302,1503,0.1450555720553876
203,1311,1514,0.1450475136720896
206,1312,1518,0.14503569841385627
205,1328,1533,0.14501671767536733
204,1323,1527,0.14500284970813565
201,1320,1521,0.14499290342721444
200,1323,1523,0.14499163180672325
196,1322,1518,0.14499293301104216
195,1323,1518,0.14500558692811277
195,1321,1516,0.14501923083102558
191,1321,1512,0.14503114389142102
188,1313,1501,0.14505300249873024
187,1314,1501,0.14508136860363702
184,1332,1516,0.1451106416532041
182,1322,1504,0.14514624792356123
183,1323,1506,0.14518437281426808
181,1324,1505,0.14521909255125087
183,1318,1501,0.1452560520824803
186,1321,1507,0.14528491090921272
186,1308,1494,0.14530362140313183
190,1310,1500,0.14531944924961396
190,1317,1507,0.1453232005736319
194,1314,1508,0.14532701483123173
195,1315,1510,0.14532040162526727
191,1330,1521,0.14531168505019154
196,1331,1527,0.14531466722877492
194,1318,1512,0.14530534283634577
193,1308,1501,0.1453021048768487
192,1317,1509,0.14530322340476404
192,1312,1504,0.14530705573133093
194,1324,1518,0.14531018700670287
192,1313,1505,0.1453088618518464
191,1315,1506,0.14531202642496482
193,1316,1509,0.1453175384289772
190,1317,1507,0.14531804169029353
189,1310,1499,0.14532606215368138
193,1311,1504,0.14533707574529164
194,1322,1516,0.14533607206282367
197,1325,1522,0.14533277800468433
200,1328,1528,0.14532113870871613
199,1308,1507,0.14530222111623567
199,1327,1526,0.1452864857765266
200,1319,1519,0.1452729187760691
199,1323,1522,0.14525627549996034
197,1313,1510,0.1452435788318825
195,1311,1506,0.14523665334361208
201,1310,1511,0.14523575465204652
194,1321,1515,0.14521858145574992
194,1332,1526,0.1452208795902875
191,1342,1533,0.14522222947530447
194,1326,1520,0.145231567121386
192,1319,1511,0.14523277925940525
189,1320,1509,0.14523953216821442
191,1322,1513,0.14525422851049646
194,1322,1516,0.14526271896320725
192,1317,1509,0.1452625611473592
197,1315,1512,0.14526800459972777
197,1312,1509,0.14525989774665538
201,1324,1525,0.14525274579955638
199,1303,1502,0.14523493055041076
198,1294,1492,0.1452233572460332
200,1314,1514,0.1452150464247841
201,1322,1523,0.1452029501874178
198,1330,1528,0.1451893239253054
199,1322,1521,0.1451833527097717
200,1314,1514,0.1451763546435802
199,1313,1512,0.14516557608615818
199,1318,1517,0.14515848686137922
197,1322,1519,0.14515265620349121
199,1326,1525,0.14515232586222318
199,1315,1514,0.14514626688674354
198,1323,1521,0.14514025275809836
194,1331,1525,0.14513708266246034
196,1324,1520,0.14514489779632267
193,1312,1505,0.14514737185455903
195,1318,1513,0.14515676485043452
195,1325,1520,0.14515994723956324
196,1325,1521,0.1451628219068866
201,1319,1520,0.14516316977442117
198,1311,1509,0.14515017881773187
197,1312,1509,0.14514663997110586
199,1315,1514,0.14514580296190244
205,1315,1520,0.14513920233581498
201,1314,1515,0.14511699141364193
199,1312,1511,0.14510684087533463
196,1312,1508,0.1451029097768293
198,1317,1515,0.1451068711828896
202,1304,1506,0.14510509652733103
202,1315,1517,0.14509324087786454
202,1318,1520,0.1450820768407451
205,1319,1524,0.1450723830141208
200,1331,1531,0.14505588855453674
191,1330,1521,0.14505393302600444
189,1328,1517,0.14507557915103442
189,1337,1526,0.1451006992061561
193,1335,1528,0.1451238501008368
188,1333,1521,0.14513487959792837
183,1328,1511,0.14516023812619303
182,1330,1512,0.14519777675644094
183,1332,1515,0.14523500796065247
183,1348,1531,0.14526718946287367
178,1341,1519,0.14529662468927693
178,1347,1525,0.14533824084583935
174,1349,1523,0.14537768265385298
175,1343,1518,0.14542476540086638
169,1337,1506,0.14546594787425413
169,1341,1510,0.1455202705475876
167,1350,1517,0.14557079027896747
168,1360,1528,0.14562396240039033
166,1358,1524,0.14567012152037204
163,1349,1512,0.14571800988309025
162,1359,1521,0.14577009880445102
164,1357,1521,0.14582144341126152
165,1354,1519,0.14586432742003438
166,1355,1521,0.1459017398048303
162,1352,1514,0.14593395405902712
163,1356,1519,0.14597503758389815
165,1362,1527,0.14601019116993005
167,1364,1531,0.14603868932055275
169,1370,1539,0.14605983755117852
165,1362,1527,0.14607434951317327
164,1353,1517,0.14609925268386711
168,1352,1520,0.146124882401545
165,1353,1518,0.14613764135364093
170,1355,1525,0.1461579048811475
166,1360,1526,0.14616406289259776
162,1363,1525,0.14618139774160266
161,1364,1525,0.1462088771969487
161,1364,1525,0.14623726229543613
156,1356,1512,0.14626378387975641
152,1356,1508,0.14630328708813595
151,1362,1513,0.14635099220143435
148,1368,1516,0.1463981216727606
148,1367,1515,0.14644983686485374
142,1365,1507,0.14649775319709357
142,1383,1525,0.14655843446181868
136,1376,1512,0.14661517590954498
135,1392,1527,0.14668584924486444
137,1395,1532,0.14675294833818664
136,1377,1513,0.14681054831793194
138,1374,1512,0.14686755791493358
135,1379,1514,0.1469154313880413
135,1390,1525,0.14696809092060586
133,1400,1533,0.14701744866891509
136,1408,1544,0.1470698008642312
137,1403,1540,0.14710975955245295
130,1393,1523,0.14714539964435602
129,1401,1530,0.14719772854115126
127,1389,1516,0.14724928853295308
128,1390,1518,0.14730226082474385
128,1395,1523,0.14734962893822112
130,1398,1528,0.14739350786153765
131,1379,1510,0.14742932615243137
130,1383,1513,0.14745980935475
128,1382,1510,0.1474908014877256
125,1380,1505,0.1475252521801667
126,1386,1512,0.14756492022026368
125,1403,1528,0.14759926093157147
128,1393,1521,0.14763439430391564
125,1393,1518,0.14765868431283138
128,1386,1514,0.14768928910977908
125,1394,1519,0.1477094777944361
126,1393,1519,0.14773615981833157
120,1394,1514,0.14775847653831925
121,1398,1519,0.14779692921879695
120,1388,1508,0.1478302573777943
120,1397,1517,0.14786392776326088
117,1394,1511,0.147895134102337
114,1395,1509,0.14793289355659184
115,1386,1501,0.14797579879416414
120,1393,1513,0.1480132605600861
116,1387,1503,0.1480339717337399
117,1383,1500,0.1480641281552992
118,1399,1517,0.14808978029934938
119,1401,1520,0.14811079257479268
116,1398,1514,0.1481275800997267
116,1387,1503,0.1481525549836303
110,1399,1509,0.1481753628863776
113,1406,1519,0.1482138558225728
113,1409,1522,0.14824145174634093
114,1415,1529,0.14826757208862176
116,1410,1526,0.1482896684551372
115,1399,1514,0.14830450631117625
113,1391,1504,0.14832141075415894
113,1399,1512,0.14834333444715264
111,1405,1516,0.14836411587607942
107,1405,1512,0.14838941983663134
109,1411,1520,0.1484225844036707
110,1402,1512,0.14844741988228227
113,1405,1518,0.14846861418291707
116,1405,1521,0.14848068205285872
117,1401,1518,0.1484834816298986
114,1395,1509,0.1484836175919081
116,1384,1500,0.14849253764158452
121,1388,1509,0.14849494539154282
122,1391,1513,0.1484828714909309
120,1393,1513,0.14846901789882763
118,1401,1519,0.14846286432042194
115,1407,1522,0.1484639717166121
112,1414,1526,0.14847364565960997
110,1403,1513,0.148490410314269
109,1409,1518,0.1485126896138728
111,1409,1520,0.14853666168968752
107,1413,1520,0.14855366975035236
104,1414,1518,0.1485806955403249
104,1409,1513,0.14861379366539448
106,1392,1498,0.14864443512135253
99,1387,1486,0.14866723223214065
96,1395,1491,0.14870784273802984
96,1401,1497,0.14875434483352262
96,1404,1500,0.14879772685984
100,1418,1518,0.14883854415694145
99,1416,1515,0.14886587153177092
97,1426,1523,0.14889443896392646
98,1424,1522,0.14892651675429752
95,1419,1514,0.14895432885482282
97,1412,1509,0.14898898023727436
96,1410,1506,0.1490156224697113
98,1420,1518,0.14904286915689866
100,1433,1533,0.1490624407777015
101,1430,1531,0.14907525840415783
98,1409,1507,0.1490845597271731
98,1416,1514,0.14910202746282725
100,1420,1520,0.1491185476345363
102,1416,1518,0.14912871790043727
101,1426,1527,0.14913223803041023
96,1429,1525,0.14913922090635853
94,1420,1514,0.1491599106308078
95,1423,1518,0.14918458861010675
96,1408,1504,0.14920520060881384
95,1419,1514,0.14922185747599476
97,1430,1527,0.1492403670634638
97,1423,1520,0.14925186820059527
94,1425,1519,0.1492630310078655
92,1409,1501,0.14928221876509562
94,1413,1507,0.14930599930900812
92,1431,1523,0.14932222605676032
91,1416,1507,0.14934282568009838
89,1415,1504,0.14936473950708354
90,1410,1500,0.14939056740135792
92,1420,1512,0.14941211535822466
92,1411,1503,0.14942634113815878
94,1425,1519,0.1494394625129903
95,1424,1519,0.1494460730337526
94,1414,1508,0.1494496365825533
94,1418,1512,0.1494563724775132
93,1418,1511,0.14946243329287237
90,1419,1509,0.14947094552870613
86,1429,1515,0.1494885853173675
85,1425,1510,0.1495176953170091
82,1436,1518,0.14954819642814987
82,1442,1524,0.1495855093793521
79,1433,1512,0.1496203769444906
74,1440,1514,0.14966176959413466
79,1433,1512,0.14971538349567134
78,1428,1506,0.14975084907913616
81,1423,1504,0.14978689700687556
81,1421,1502,0.1498121588079835
81,1420,1501,0.1498354508547653
79,1424,1503,0.14985789296848534
79,1434,1513,0.1498850553694627
80,1441,1521,0.14991059761990524
82,1443,1525,0.14993133844109083
81,1434,1515,0.14994500232519883
83,1443,1526,0.1499605199311154
82,1442,1524,0.1499696458227842
82,1440,1522,0.14998105596963693
85,1432,1517,0.1499918162593458
83,1427,1510,0.14999301322301484
83,1415,1498,0.1500000613431208
86,1405,1491,0.1500065805923735
87,1395,1482,0.15000416908282146
88,1412,1500,0.14999869503740512
83,1424,1507,0.14999064726945363
86,1434,1520,0.14999802426863615
86,1423,1509,0.1499964855323941
89,1427,1516,0.1499951671294179
86,1420,1506,0.14998540511802694
86,1430,1516,0.14998500592771227
87,1427,1514,0.14998471935665295
84,1435,1519,0.14998200714419016
84,1437,1521,0.14998787700106564
84,1427,1511,0.14999414372675782
85,1431,1516,0.14999971248631608
85,1434,1519,0.1500021784540739
88,1434,1522,0.1500049228793899
89,1434,1523,0.1499988362018464
88,1429,1517,0.14999114596799684
88,1430,1518,0.14998675367387873
89,1433,1522,0.14998245466750412
87,1428,1515,0.14997572706375506
87,1423,1510,0.14997525614369406
88,1412,1500,0.14997494263046085
87,1411,1498,0.14997130672382222
81,1428,1509,0.14997060341626747
86,1415,1501,0.14998685905224082
86,1418,1504,0.14998755758544885
89,1433,1522,0.1499881448064407
85,1425,1510,0.14998045717720948
86,1421,1507,0.1499841747414551
87,1428,1515,0.1499851274670787
89,1426,1515,0.14998374712392498
90,1415,1505,0.14997639935827034
87,1422,1509,0.14996664396171203
85,1414,1499,0.14996572098605004
92,1421,1513,0.1499700196452432
89,1433,1522,0.14995362644059307
88,1426,1514,0.14994746711953277
87,1423,1510,0.14994473738767206
86,1434,1520,0.14994469429018248
84,1433,1517,0.14994747599004618
84,1418,1502,0.14995536665675843
85,1421,1506,0.14996190793507783
85,1424,1509,0.14996535694610297
85,1420,1505,0.149968955330166
81,1422,1503,0.14997187799763861
79,1425,1504,0.1499858438669984
81,1422,1503,0.15000410183867832
84,1422,1506,0.1500148631798458
84,1419,1503,0.15001647684468375
87,1420,1507,0.150018241945946
89,1418,1507,0.150011392487926
92,1418,1510,0.1499995098131766
87,1416,1503,0.14997954350745538
91,1424,1515,0.14997497467334703
89,1426,1515,0.14995931128102694
91,1423,1514,0.14994985348741052
91,1420,1511,0.14993511760293388
93,1420,1513,0.14992096277313113
89,1408,1497,0.14990194963772857
90,1413,1503,0.14989576047281447
88,1420,1508,0.1498874167701295
86,1417,1503,0.14988551471539044
83,1424,1507,0.1498904540793477
87,1426,1513,0.14990300342903204
85,1411,1496,0.14990313196687818
87,1424,1511,0.14990931191909682
86,1418,1504,0.1499098018790417
82,1427,1509,0.14991366050967087
81,1419,1500,0.14992862023980652
80,1419,1499,0.14994483511240594
81,1421,1502,0.1499626299335964
77,1417,1494,0.14997659824598242
78,1426,1504,0.15000105176829154
79,1440,1519,0.1500208989919085
82,1436,1518,0.15003734342024097
81,1438,1519,0.15004377854556136
80,1446,1526,0.15005299107518294
80,1446,1526,0.15006459593784433
80,1441,1521,0.15007520505545563
75,1431,1506,0.15008460027509515
79,1451,1530,0.1501081255731605
78,1445,1523,0.15011853448655374
80,1423,1503,0.15013126873343324
82,1429,1511,0.1501372900238416
81,1433,1514,0.15013689704230962
82,1437,1519,0.15013979524078055
80,1431,1511,0.15014052026529245
81,1433,1514,0.15014746395289752
79,1442,1521,0.15015120110604563
79,1428,1507,0.15016057491421392
79,1434,1513,0.15016959258582271
78,1415,1493,0.1501771085441049
80,1419,1499,0.1501872264554821
81,1420,1501,0.15019069481833028
82,1424,1506,0.1501909641368881
84,1440,1524,0.1501880639634309
82,1437,1519,0.15017958463197809
80,1433,1513,0.15017770987653367
79,1441,1520,0.15018190387195549
79,1446,1525,0.15018876172136106
76,1447,1523,0.15019547568551522
76,1453,1529,0.1502101675796181
78,1445,1523,0.15022359540751476
78,1434,1512,0.15022980455344848
79,1426,1505,0.15023551920198966
80,1436,1516,0.15023797963864866
80,1436,1516,0.15023731660815706
78,1429,1507,0.150236084970185
76,1440,1516,0.15024078012797837
76,1448,1524,0.15025059886237924
79,1441,1520,0.15025961611070737
77,1438,1515,0.1502589877261783
75,1435,1510,0.1502639881687179
76,1433,1509,0.15027352208499573
77,1436,1513,0.15027902411020816
77,1433,1510,0.15028138231537863
80,1445,1525,0.15028352061332179
79,1444,1523,0.1502771122186169
80,1446,1526,0.15027403478953577
77,1437,1514,0.15026858954136627
82,1439,1521,0.1502723796160503
83,1429,1512,0.15026115334620382
83,1435,1518,0.15024764351598102
82,1430,1512,0.15023489375839888
80,1433,1513,0.15022561395567294
80,1430,1510,0.15022278232736852
81,1425,1506,0.15021958912486377
79,1438,1517,0.1502139107268371
80,1434,1514,0.1502134576234852
81,1424,1505,0.1502102058017471
82,1422,1504,0.15020472576740743
81,1431,1512,0.15019690291590693
77,1446,1523,0.1501923110478806
74,1445,1519,0.15019987867833245
73,1432,1505,0.1502148929953202
75,1441,1516,0.1502322706641589
73,1440,1513,0.15024245936226702
75,1440,1515,0.15025802183008422
77,1448,1525,0.1502660839143134
75,1456,1531,0.15026878386352252
75,1439,1514,0.1502772552525548
80,1433,1513,0.15028584640438158
80,1420,1500,0.15027936583984847
80,1416,1496,0.1502735165720755
79,1417,1496,0.1502678286305404
77,1419,1496,0.15026567417210734
77,1418,1495,0.15026900620807215
78,1431,1509,0.15027173595460094
82,1424,1506,0.15027195274069752
83,1438,1521,0.15026022055605912
83,1449,1532,0.15024629740149123
81,1432,1513,0.15023384945846666
82,1437,1519,0.15022848718358653
83,1425,1508,0.15022072823736835
80,1407,1487,0.15021031154487094
79,1418,1497,0.15020909887395972
78,1423,1501,0.1502109065503002
82,1436,1518,0.1502145630836903
84,1427,1511,0.1502064708978685
84,1434,1518,0.15019330486232707
82,1437,1519,0.15018098400056654
80,1435,1515,0.15017588269021104
82,1434,1516,0.15017683293302134
82,1422,1504,0.1501721089323116
84,1424,1508,0.1501678803995862
85,1423,1508,0.15015848886910604
84,1426,1510,0.1501466357278175
81,1417,1498,0.15013846852619275
80,1422,1502,0.15013958252487591
80,1427,1507,0.15014363516032855
78,1433,1511,0.15014715043335616
79,1439,1518,0.1501556017513042
81,1442,1523,0.1501610617454757
80,1440,1520,0.15016008013500304
80,1439,1519,0.15016182693431415
81,1439,1520,0.15016303234412162
80,1442,1522,0.15016135048220935
82,1443,1525,0.15016260129159434
83,1448,1531,0.15015807378745652
83,1433,1516,0.15015127097174286
86,1425,1511,0.15014494060811828
82,1436,1518,0.1501302638852364
83,1424,1507,0.15012752138109078
82,1437,1519,0.15012222459052232
81,1429,1510,0.15012049871410998
80,1441,1521,0.15012206024693167
79,1437,1516,0.1501263062399857
79,1438,1517,0.1501326014781481
77,1441,1518,0.15013799819180146
75,1433,1508,0.1501486223906081
77,1450,1527,0.15016444376537832
75,1446,1521,0.15017314796559575
77,1442,1519,0.1501874952935119
75,1452,1527,0.15019535754185503
76,1453,1529,0.15020915107109098
79,1448,1527,0.15021913258401948
80,1453,1533,0.15021983817651857
76,1450,1526,0.15021726570488902
75,1462,1537,0.15022587651079727
77,1448,1525,0.15023694123140108
74,1448,1522,0.1502414761761278
73,1442,1515,0.15025417004113606
71,1442,1513,0.1502685217845939
71,1450,1521,0.15028798267012106
72,1447,1519,0.15030610080983808
74,1436,1510,0.15032027710816634
70,1438,1508,0.15032820386124124
72,1444,1516,0.1503475123702891
75,1451,1526,0.15035940401534567
70,1449,1519,0.1503622359065737
68,1442,1510,0.15037978531320528
66,1441,1507,0.1504017400205787
68,1455,1523,0.15042827230146336
66,1445,1511,0.15044716288249455
63,1459,1522,0.15047025407292933
67,1461,1528,0.15050028026363796
68,1457,1525,0.1505169922330711
70,1452,1522,0.1505296607247947
73,1438,1511,0.15053605021960856
75,1434,1509,0.15053292318855094
75,1437,1512,0.15052443508108182
74,1436,1510,0.1505165584805178
74,1438,1512,0.15051210853667904
74,1442,1516,0.1505080218296839
72,1451,1523,0.15050420761958666
69,1449,1518,0.15050732794759303
66,1462,1528,0.15051907837616624
64,1472,1536,0.15053914693442347
66,1478,1544,0.15056396805052008
66,1466,1532,0.1505814537815917
65,1448,1513,0.15059794776263988
63,1456,1519,0.15061689763064073
63,1436,1499,0.15064039202733265
63,1434,1497,0.1506626729480459
61,1443,1504,0.15068340297367283
58,1442,1500,0.1507080847541941
61,1440,1501,0.15073964763089226
61,1451,1512,0.15076085021344318
64,1448,1512,0.1507806256148868
62,1458,1520,0.15078994481597466
63,1459,1522,0.1508045791408258
64,1443,1507,0.15081483024849862
64,1449,1513,0.15082158617593208
64,1457,1521,0.1508274635272166
64,1452,1516,0.15083315859815177
67,1436,1503,0.15083805181405488
64,1452,1516,0.15083326768390498
67,1453,1520,0.15083751834503464
69,1458,1527,0.15083263914918096
65,1462,1527,0.15082196115862267
65,1452,1517,0.150824096965925
66,1447,1513,0.15082577966419825
63,1449,1512,0.15082463147416084
62,1443,1505,0.15083268716304157
62,1437,1499,0.15084311130451808
62,1440,1502,0.1508523690974393
65,1445,1510,0.15086165559381812
67,1452,1519,0.15086100489102344
66,1451,1517,0.15085446203832997
62,1434,1496,0.15085094499572294
60,1450,1510,0.15085978130257482
60,1448,1508,0.15087419285642997
61,1450,1511,0.15088770295645368
62,1451,1513,0.15089749177232606
61,1434,1495,0.1509033385688266
63,1445,1508,0.15091178470412928
64,1448,1512,0.1509136491990822
62,1465,1527,0.15091183444185202
65,1458,1523,0.1509164450285451
67,1449,1516,0.1509119846280884
65,1445,1510,0.15090205954538002
68,1447,1515,0.15089881705066951
66,1452,1518,0.15088692760820602
66,1456,1522,0.15088182034051012
65,1451,1516,0.1508773025120829
65,1461,1526,0.15087652184113007
64,1461,1525,0.1508759338685562
62,1452,1514,0.15087840915068884
60,1435,1495,0.15088654493302706
60,1434,1494,0.15090009180810188
58,1448,1506,0.15091281445171253
59,1448,1507,0.15093072089254053
59,1445,1504,0.1509447971289752
56,1445,1501,0.15095829050075657
53,1454,1507,0.15098033540033295
52,1452,1504,0.15101015850874858
49,1465,1514,0.1510414664673334
49,1450,1499,0.15107986494173098
50,1465,1515,0.15111632910989975
49,1480,1529,0.15114791501698324
48,1465,1513,0.15118048907985243
48,1482,1530,0.15121374616301775
48,1469,1517,0.15124419632521735
49,1470,1519,0.151272865513864
49,1467,1516,0.15129683903073177
52,1465,1517,0.15131930462098653
52,1473,1525,0.1513315481217927
52,1460,1512,0.15134300110750679
51,1477,1528,0.151353564951897
50,1464,1514,0.15136715429265402
52,1464,1516,0.15138265526379943
52,1463,1515,0.1513913403983949
51,1449,1500,0.15139933259020874
50,1456,1506,0.15141036232841584
49,1455,1504,0.15142420059546638
50,1449,1499,0.15144000868898438
50,1451,1501,0.1514517059658624
48,1458,1506,0.15146271780858914
50,1476,1526,0.15147862474268542
51,1472,1523,0.15148775517036653
53,1461,1514,0.1514931906138806
51,1466,1517,0.1514922893104673
50,1460,1510,0.15149748848094105
51,1446,1497,0.15150558015427232
52,1451,1503,0.1515100123511006
53,1465,1518,0.1515110138977498
52,1460,1512,0.15150868057934833
51,1457,1508,0.15150969200138037
52,1456,1508,0.15151315686971853
52,1467,1519,0.15151372210174074
50,1465,1515,0.15151429342022127
48,1475,1523,0.15152091513148466
51,1486,1537,0.15153301330575633
50,1480,1530,0.15153505287375352
48,1471,1519,0.15154003532607535
47,1460,1507,0.15155138256202202
49,1476,1525,0.15156524865779147
47,1472,1519,0.151572267961481
45,1464,1509,0.15158465517976638
45,1467,1512,0.1516015714084574
46,1465,1511,0.1516173415715472
45,1482,1527,0.1516292366258673
46,1482,1528,0.15164293338439927
46,1469,1515,0.1516527884599798
47,1478,1525,0.1516620609398926
47,1468,1515,0.15166791744889768
44,1466,1510,0.1516736104503103
46,1464,1510,0.1516878700435251
45,1461,1506,0.151695355662414
42,1459,1501,0.1517055925620433
44,1459,1503,0.1517238250095171
43,1468,1511,0.1517348692373339
42,1470,1512,0.15174783806451317
45,1454,1499,0.15176310149660982
44,1463,1507,0.15176869352961198
44,1467,1511,0.15177736285989582
42,1469,1511,0.15178557643450882
44,1461,1505,0.15179922316852384
44,1455,1499,0.15180645638122622
43,1453,1496,0.15181324588033915
42,1444,1486,0.15182217431761344
42,1446,1488,0.1518333445772366
43,1462,1505,0.15184370771181016
44,1479,1523,0.15185034135796807
43,1482,1525,0.15185363576190064
44,1481,1525,0.15185949981648134
42,1471,1513,0.1518617996553219
40,1482,1522,0.1518700652585566
40,1483,1523,0.15188393217890753
40,1482,1522,0.15189688099467077
40,1478,1518,0.15190901557799869
39,1486,1525,0.15192036463353975
38,1479,1517,0.15193416185485786
36,1485,1521,0.1519499447882915
37,1493,1530,0.15197081246007207
37,1482,1519,0.15198719576397524
40,1490,1530,0.15200264216341924
39,1494,1533,0.15200788296436837
37,1500,1537,0.15201602354217378
35,1503,1538,0.1520296999178946
34,1500,1534,0.15204859889352776
34,1489,1523,0.1520692506655899
34,1478,1512,0.1520886413134535
33,1476,1509,0.15210684982810718
34,1483,1517,0.1521269952729608
35,1478,1513,0.15214313466817403
36,1480,1516,0.15215562642654568
35,1470,1505,0.15216426330525973
35,1482,1517,0.15217499160568287
36,1472,1508,0.15218505832291776
35,1485,1520,0.15219131363615365
34,1487,1521,0.1522001490426491
34,1487,1521,0.15221123396528818
34,1486,1520,0.1522217994657547
35,1475,1510,0.15223130712052313
36,1472,1508,0.1522369728286422
39,1482,1521,0.15223927950175084
39,1483,1522,0.15223261779918165
39,1491,1530,0.15222646003925966
39,1489,1528,0.15222074099209362
39,1492,1531,0.1522154153585276
38,1486,1524,0.15221044626281363
38,1475,1513,0.15220870991891863
37,1469,1506,0.15220706138083526
37,1475,1512,0.15220851726961335
39,1467,1506,0.15220981009783605
39,1471,1510,0.15220500453171876
40,1472,1512,0.15220052886077892
37,1469,1506,0.15219328075305
35,1466,1501,0.15219509693612177
35,1471,1506,0.15220304987440472
36,1493,1529,0.15221044804081005
31,1481,1512,0.15221446573549038
33,1483,1516,0.1522334797173426
34,1502,1536,0.15224544987807292
32,1489,1521,0.1522535221374534
34,1483,1517,0.15226684687590475
35,1482,1517,0.15227326739609107
34,1493,1527,0.15227615220468532
33,1495,1528,0.1522817596925593
32,1493,1525,0.15228983256854492
34,1479,1513,0.15230017488557576
34,1485,1519,0.15230371908768311
32,1473,1505,0.15230708571155777
32,1475,1507,0.15231628827296778
34,1479,1513,0.1523249387228353
34,1470,1504,0.15232673238907812
32,1476,1508,0.15232850748409596
33,1484,1517,0.15233636714089896
33,1481,1514,0.15234086098442443
33,1496,1529,0.1523451189095691
33,1493,1526,0.1523490623608041
32,1489,1521,0.15235276834265743
31,1481,1512,0.15235941023228905
32,1480,1512,0.152368798132472
34,1478,1512,0.1523746675894242
34,1490,1524,0.15237423797353744
33,1482,1515,0.15237392060459154
33,1484,1517,0.15237682558921542
34,1484,1518,0.15237933946672066
37,1486,1523,0.1523786719465467
37,1485,1522,0.15236879468668302
38,1497,1535,0.15235926441995498
38,1498,1536,0.1523472076473567
35,1485,1520,0.1523361187508323
36,1485,1521,0.1523348966267611
37,1474,1511,0.15233085248197692
39,1478,1517,0.1523238641815881
39,1477,1516,0.15231138307149303
38,1481,1519,0.15229981800260886
37,1481,1518,0.15229222113283844
39,1487,1526,0.15228793463098111
39,1481,1520,0.15227798417163732
38,1480,1518,0.15226866218675203
36,1482,1518,0.152263113735638
36,1473,1509,0.15226372030211585
36,1477,1513,0.15226435153125248
36,1473,1509,0.15226472633329202
35,1486,1521,0.15226507473503645
36,1477,1513,0.15226861050338442
37,1486,1523,0.15226896598955808
36,1492,1528,0.1522662802202652
37,1486,1523,0.15226701257944542
37,1492,1529,0.15226503334508829
40,1487,1527,0.15226295381704782
39,1493,1532,0.15225177222429706
37,1490,1527,0.15224456697028077
37,1492,1529,0.1522436223510947
39,1492,1531,0.15224270449065158
40,1485,1525,0.15223581817507573
40,1490,1530,0.15222638769499736
41,1490,1531,0.1522176635596214
40,1488,1528,0.15220662839996738
40,1489,1529,0.15219912327030305
38,1479,1517,0.15219212171246607
39,1478,1517,0.15219125652355123
39,1477,1516,0.1521874900234447
42,1479,1521,0.15218395396548628
44,1474,1518,0.15217119907889948
44,1485,1529,0.152153551817757
42,1466,1508,0.15213720686133866
43,1471,1514,0.15212799297720025
44,1473,1517,0.15211613278449146
44,1466,1510,0.15210209616961323
40,1476,1516,0.1520889828949616
44,1465,1509,0.15208916296811958
44,1466,1510,0.15207750639967682
44,1478,1522,0.1520667089897582
45,1470,1515,0.15205646551223784
43,1473,1516,0.15204428633622913
43,1478,1521,0.15203921469504297
42,1476,1518,0.15203459991374638
40,1482,1522,0.15203316873380662
39,1482,1521,0.15203782596136434
37,1489,1526,0.15204535153656237
38,1484,1522,0.15205833106217345
39,1479,1518,0.1520668507028648
40,1482,1522,0.15207176905095487
38,1476,1514,0.15207326984993727
37,1484,1521,0.15208080809695612
37,1490,1527,0.15209107011423353
39,1495,1534,0.1521009639215443
37,1488,1525,0.1521046222736478
36,1485,1521,0.15211389772966416
33,1485,1518,0.15212583253332315
32,1486,1518,0.15214636679991575
32,1483,1515,0.1521684218343303
33,1483,1516,0.15218946599748304
32,1480,1512,0.15220639818599968
31,1480,1511,0.15222508972443102
31,1489,1520,0.15224548655456716
31,1489,1520,0.15226430653228212
30,1492,1522,0.15228236941773932
28,1500,1528,0.15230212554558042
28,1488,1516,0.15232667331900676
30,1487,1517,0.15234966858516338
30,1487,1517,0.15236515234541262
30,1496,1526,0.15237970981891485
31,1504,1535,0.15239372968048093
33,1501,1534,0.15240373585045788
34,1489,1523,0.15240742175666175
34,1496,1530,0.15240754819295385
32,1487,1519,0.15240772263040014
33,1495,1528,0.1524139698862858
32,1479,1511,0.15241667872873146
33,1479,1512,0.1524224834480127
34,1481,1515,0.1524247678377854
33,1483,1516,0.15242390220368135
33,1481,1514,0.15242600467352066
33,1471,1504,0.15242791802790323
34,1487,1521,0.15242936241498178
34,1478,1512,0.152427808506669
34,1479,1513,0.1524263905397474
32,1481,1513,0.152425073615516
32,1476,1508,0.15242956644111835
33,1477,1510,0.15243370193075215
31,1491,1522,0.1524347347759739
31,1487,1518,0.15244203374125445
32,1490,1522,0.1524488693468366
33,1491,1524,0.15245211493675906
33,1484,1517,0.15245182238628968
34,1490,1524,0.15245111143803036
34,1494,1528,0.15244785547412618
34,1498,1532,0.15244485949554107
36,1495,1531,0.15244207426135212
36,1486,1522,0.15243359817974766
37,1489,1526,0.15242584149964156
39,1488,1527,0.15241550425285502
38,1490,1528,0.15239946387840717
38,1482,1520,0.15238736182248697
38,1485,1523,0.15237602705718306
38,1496,1534,0.15236552056366495
37,1494,1531,0.152355619525752
36,1476,1512,0.15234919139626413
35,1470,1505,0.1523461338556946
34,1478,1512,0.1523460271854681
36,1478,1514,0.15234864303962303
38,1468,1506,0.15234480013205762
38,1481,1519,0.15233524455425737
37,1464,1501,0.15232637195962428
37,1479,1516,0.15232100425423295
40,1479,1519,0.15231595621444716
40,1476,1516,0.15230230011966564
39,1480,1519,0.15228958255187008
39,1467,1506,0.1522804687125405
41,1481,1522,0.15227193448260068
42,1478,1520,0.15225802727049514
40,1483,1523,0.152241995407972
40,1477,1517,0.15223299243193755
41,1474,1515,0.15222455327359585
40,1464,1504,0.1522131829249746
43,1471,1514,0.15220531374367044
43,1471,1514,0.15218869946978622
41,1476,1517,0.15217312101647465
41,1473,1514,0.1521651412342182
38,1472,1510,0.1521576119624562
38,1484,1522,0.15215953010552574
40,1483,1523,0.15216129135419154
39,1493,1532,0.15215663458245396
39,1495,1534,0.15215526694776618
37,1487,1524,0.15215389725023123
37,1491,1528,0.15215862904054556
37,1496,1533,0.15216277470598627
36,1482,1518,0.15216679960191404
35,1494,1529,0.1521736028807991
34,1479,1513,0.15218326297735563
33,1471,1504,0.1521952757690523
33,1465,1498,0.15220935672684446
33,1459,1492,0.152222590598414
34,1484,1518,0.1522349970858544
35,1468,1503,0.15224344956074315
37,1462,1499,0.15224833814876615
35,1461,1496,0.15224665937244322
36,1479,1515,0.1522512391352963
37,1476,1513,0.15225246847112495
36,1484,1520,0.1522505009114545
36,1481,1517,0.1522517833356937
37,1483,1520,0.15225267023903372
37,1483,1520,0.15225053809212782
36,1475,1511,0.15224869178646128
36,1476,1512,0.1522499766437451
36,1468,1504,0.15225115134134762
36,1478,1514,0.15225225770905865
35,1478,1513,0.15225300708981862
34,1468,1502,0.15225685672874537
36,1468,1504,0.15226328040038228
36,1480,1516,0.1522633071166953
36,1470,1506,0.15226344364257588
37,1480,1517,0.15226363024361114
35,1486,1521,0.15226069317052476
34,1486,1520,0.15226424960416857
34,1488,1522,0.15227038663812592
31,1487,1518,0.15227608811676163
30,1499,1529,0.15229068721859187
31,1494,1525,0.1523074791063941
32,1489,1521,0.1523201826896391
32,1470,1502,0.1523286261476755
31,1475,1506,0.15233659931894244
31,1480,1511,0.1523474104728047
31,1490,1521,0.1523572244849614
30,1477,1507,0.15236642536947237
29,1492,1521,0.15237795324835515
27,1475,1502,0.15239197615182382
27,1479,1506,0.15241143389104816
28,1487,1515,0.15242997377296172
29,1478,1507,0.1524444271570835
29,1490,1519,0.15245490952426355
32,1478,1510,0.1524648066670569
29,1469,1498,0.15246476342258394
29,1475,1504,0.1524738698026375
29,1472,1501,0.15248240399511498
31,1484,1515,0.15249038554467245
29,1496,1525,0.15249175856197175
27,1489,1516,0.15249914989736643
27,1488,1515,0.15251250423818302
28,1493,1521,0.15252496728392648
28,1485,1513,0.15253356148107197
29,1490,1519,0.15254166112802942
29,1479,1508,0.15254638136450321
29,1488,1517,0.15255083512762424
29,1498,1527,0.15255505248829831
29,1492,1521,0.15255908518920402
29,1479,1508,0.15256289453110436
29,1478,1507,0.15256652568807383
29,1490,1519,0.1525699563335488
29,1480,1509,0.1525732070048046
29,1480,1509,0.15257628356002068
29,1488,1517,0.15257919229350161
28,1503,1531,0.1525819402225478
26,1506,1532,0.15258750053729733
26,1503,1529,0.15259875689786173
23,1492,1515,0.15260911726800144
22,1479,1501,0.1526283853428347
22,1481,1503,0.15264941924932812
23,1497,1520,0.15266893318469715
23,1496,1519,0.15268425422055146
24,1509,1533,0.15269862525711775
23,1512,1535,0.15270894142036812
24,1508,1532,0.15272187981839142
24,1510,1534,0.15273088080277808
26,1497,1523,0.15273936762339646
25,1496,1521,0.15274122334041618
25,1478,1503,0.15274614567016565
25,1464,1489,0.15275079726889543
24,1466,1490,0.1527550931698997
24,1479,1503,0.15276220133071697
22,1494,1516,0.15276890382221855
23,1491,1514,0.15278150289251402
23,1491,1514,0.15279017529198277
22,1496,1518,0.1527983135011166
22,1500,1522,0.15280908794298903
22,1500,1522,0.15281919954465084
24,1504,1528,0.15282868990151774
23,1502,1525,0.1528312630181961
24,1483,1507,0.15283663049101726
24,1499,1523,0.15283866977488972
23,1499,1522,0.15284058512865262
25,1502,1527,0.15284551598523108
25,1491,1516,0.15284403079190553
25,1492,1517,0.15284255223144946
24,1492,1516,0.15284122615381066
25,1488,1513,0.15284295220309066
24,1483,1507,0.1528415705717022
24,1482,1506,0.15284335654817108
24,1458,1482,0.15284492002138278
24,1469,1493,0.1528464104160895
25,1495,1520,0.15284782013320852
24,1483,1507,0.15284592010347672
24,1474,1498,0.15284739463683344
26,1477,1503,0.15284894330222076
26,1474,1500,0.15284409830074622
24,1487,1511,0.1528396006800417
23,1493,1516,0.1528416703976815
22,1504,1526,0.1528467620265638
25,1506,1531,0.15285464191399276
24,1507,1531,0.15285277444579962
24,1507,1531,0.15285400994780346
24,1508,1532,0.1528551654006921
23,1506,1529,0.15285624532208716
23,1485,1508,0.15286040262636888
23,1490,1513,0.1528642958877128
22,1487,1509,0.1528679487046038
21,1483,1504,0.15287434034476552
21,1493,1514,0.1528835368530935
21,1498,1519,0.15289216867550956
23,1487,1510,0.15290035919621206
23,1478,1501,0.15290184030817555
23,1484,1507,0.15290326801297927
23,1489,1512,0.15290462783377984
23,1489,1512,0.15290591965231415
21,1497,1518,0.15290714461279908
19,1497,1516,0.1529142645522771
20,1505,1525,0.15292729544529865
21,1506,1527,0.1529363456335728
21,1501,1522,0.15294163736614053
20,1497,1517,0.15294659481099873
18,1507,1525,0.15295441959922343
17,1510,1527,0.15296796088670533
17,1495,1512,0.152983743505215
17,1494,1511,0.15299854205843622
15,1495,1510,0.1530124301305298
16,1503,1519,0.15303171805823532
16,1504,1520,0.15304665949512652
16,1503,1519,0.15306070451698262
16,1503,1519,0.15307390421740855
16,1500,1516,0.15308632568654573
17,1497,1514,0.1530980039692019
18,1509,1527,0.1531057983396175
18,1511,1529,0.1531099472780583
15,1507,1522,0.1531138547221936
16,1508,1524,0.15312682122312996
15,1509,1524,0.15313587359761344
15,1511,1526,0.15314757182292152
15,1514,1529,0.1531585633701153
16,1505,1521,0.15316889180568552
16,1515,1531,0.15317538591273663
15,1514,1529,0.15318149255033878
14,1518,1532,0.15319040073755122
14,1527,1541,0.15320195205932807
13,1520,1533,0.15321280166277962
14,1520,1534,0.15322620464133702
11,1514,1525,0.1532356118785022
10,1515,1525,0.15325399140654897
10,1507,1517,0.1532744672448523
10,1491,1501,0.15329371992559973
9,1496,1505,0.15331182167976753
10,1504,1514,0.1533320631125511
10,1488,1498,0.15334789102182503
11,1496,1507,0.15336277421586725
9,1497,1506,0.15337356720414252
8,1506,1514,0.15339008776527224
8,1512,1520,0.1534088177291178
7,1507,1514,0.15342642369256917
8,1506,1514,0.1534461773059655
8,1507,1515,0.15346152850297115
8,1507,1515,0.1534759635526923
8,1511,1519,0.15348953389974868
6,1512,1518,0.153502290846235
6,1507,1513,0.15352071390241337
6,1527,1533,0.15353804617028807
6,1517,1523,0.15355434269834436
6,1507,1513,0.15356966351821175
6,1505,1511,0.15358406678415984
6,1500,1506,0.153597607380968
6,1508,1514,0.1536103369394718
6,1512,1518,0.15362230401254923
6,1509,1515,0.15363355425996766
5,1505,1510,0.15364413062134769
5,1499,1504,0.15365731035156194
4,1508,1512,0.1536697057154091
3,1514,1517,0.15368460193680084
3,1508,1511,0.15370185290287894
3,1510,1513,0.15371807416974065
3,1505,1508,0.1537333257880044
3,1504,1507,0.15374766547108432
3,1493,1496,0.15376114789521866
3,1496,1499,0.15377382446361806
3,1507,1510,0.1537857434115665
3,1507,1510,0.1537969500235158
3,1496,1499,0.15380748684700976
4,1502,1506,0.15381739372657463
4,1516,1520,0.15382347229291762
4,1528,1532,0.15382919353400473
4,1534,1538,0.1538345735130248
4,1531,1535,0.1538396309837588
4,1516,1520,0.15384438466933412
4,1502,1506,0.15384885271906631
4,1510,1514,0.15385305240666158
4,1499,1503,0.1538570000225568
4,1519,1523,0.1538607108695942
4,1517,1521,0.15386419930198283
4,1510,1514,0.1538674787792295
4,1515,1519,0.15387056192310805
4,1520,1524,0.15387346057296203
4,1502,1506,0.1538761858376759
4,1483,1487,0.15387874814390298
4,1499,1503,0.15388115728063706
4,1501,1505,0.1538834224403884
3,1502,1505,0.15388555225727227
4,1505,1509,0.15389079381488335
4,1515,1519,0.15389257159680894
4,1517,1521,0.153894211200925
4,1511,1515,0.15389575415937853
4,1512,1516,0.15389720679411117
4,1511,1515,0.1538985741853087
4,1515,1519,0.1538998610553893
4,1517,1521,0.15390107188559768
4,1515,1519,0.15390221094655213
3,1537,1540,0.15390328230954153
3,1521,1524,0.153907401527544
4,1520,1524,0.15391133112764496
4,1498,1502,0.15391191080527197
5,1506,1511,0.15391240799214817
5,1506,1511,0.15390970693943035
5,1519,1524,0.1539071612216035
5,1503,1508,0.15390476890339888
3,1523,1526,0.1539025216844148
4,1522,1526,0.15390680103855847
4,1525,1529,0.1539076816568149
4,1522,1526,0.1539085046348434
4,1513,1517,0.15390927999817677
4,1500,1504,0.15391001166162474
4,1504,1508,0.1539107020033616
4,1508,1512,0.15391135303867703
4,1517,1521,0.1539119666674737
4,1513,1517,0.15391254473947058
4,1502,1506,0.15391308906629017
4,1496,1500,0.1539136014171833
4,1507,1511,0.15391408351092747
3,1493,1496,0.1539145370082367
3,1512,1515,0.15391804652618274
3,1517,1520,0.15392139713908123
3,1519,1522,0.15392455187653348
3,1518,1521,0.15392751882403272
3,1515,1518,0.15393030851963338
3,1514,1517,0.15393293141298686
5,1516,1521,0.1539353974666185
4,1508,1512,0.15393152095884616
4,1505,1509,0.15393104658970555
4,1501,1505,0.15393059895232422
4,1509,1513,0.15393018357282034
4,1515,1519,0.15392979944975244
4,1504,1508,0.15392944414470505
4,1517,1521,0.1539291149610942
4,1523,1527,0.1539288093662431
4,1519,1523,0.15392852511225708
4,1510,1514,0.1539282602401808
4,1502,1506,0.1539280130472927
4,1506,1510,0.15392778204768742
4,1521,1525,0.15392756593613083
4,1516,1520,0.15392736355769063
2,1516,1518,0.1539271738830714
3,1525,1528,0.1539331224013625
3,1514,1517,0.1539356864044031
3,1517,1520,0.15393809173438364
3,1513,1516,0.15394034942452628
3,1506,1509,0.15394247041191841
4,1522,1526,0.15394446350971372
4,1531,1535,0.15394326046274373
4,1523,1527,0.15394209001506348
4,1517,1521,0.15394098987117744
4,1513,1517,0.15393995777605035
4,1520,1524,0.15393898945238255
4,1506,1510,0.15393808067162623
4,1527,1531,0.15393722750441935
3,1519,1522,0.15393642633156887
3,1524,1527,0.1539387530729422
3,1513,1516,0.15394097473122398
3,1507,1510,0.15394306215172102
3,1522,1525,0.15394502274569544
3,1519,1522,0.1539468644656314
3,1510,1513,0.15394859480872702
3,1507,1510,0.15395022074637538
3,1506,1509,0.15395174875973514
3,1504,1507,0.1539531848852754
3,1500,1503,0.15395453475570836
3,1498,1501,0.1539558036350163
3,1493,1496,0.1539569964484826
3,1503,1506,0.1539581178087742
3,1504,1507,0.1539591720389072
3,1503,1506,0.15396016319271702
3,1507,1510,0.15396109507329356
3,1511,1514,0.15396197124972683
3,1512,1515,0.15396279507242608
3,1515,1518,0.15396356968721303
3,1498,1501,0.15396429804834671
2,1510,1512,0.15396498293060298
2,1516,1518,0.15396876981707472
2,1515,1517,0.15397234363735093
2,1513,1515,0.15397570691039825
2,1514,1516,0.15397887013038555
2,1516,1518,0.153981844796428
2,1511,1513,0.1539846420713734
3,1511,1514,0.1539872725455998
3,1506,1509,0.15398659120027533
3,1504,1507,0.1539859360601519
2,1513,1515,0.15398531230451945
2,1501,1503,0.15398787103835035
2,1515,1517,0.15399029442966503
1,1521,1522,0.15399258182015338
1,1521,1522,0.1539978452675982
1,1525,1526,0.15400285562620616
1,1533,1534,0.15400757713940316
1,1507,1508,0.1540120216127891
1,1522,1523,0.15401620389645335
1,1519,1520,0.15402013887432217
1,1517,1518,0.15402384088144744
1,1516,1517,0.15402732355198076
1,1516,1517,0.15403059978705325
1,1509,1510,0.15403368176434737
1,1512,1513,0.1540365809638117
1,1502,1503,0.15403930819967182
1,1494,1495,0.1540418736544984
1,1490,1491,0.15404428691337516
1,1504,1505,0.15404655699723396
1,1503,1504,0.1540486923949168
1,1518,1519,0.1540507010937727
1,1526,1527,0.15405259060872492
1,1515,1516,0.15405436800980885
1,1516,1517,0.15405603994821543
1,1523,1524,0.1540576126808919
1,1519,1520,0.15405909209375804
1,1526,1527,0.15406048372360162
1,1526,1527,0.1540617927787168
1,1524,1525,0.15406302415834802
1,1522,1523,0.15406418247100287
1,1525,1526,0.15406527205169263
2,1515,1517,0.1540662969781609
2,1520,1522,0.1540640474630472
1,1507,1508,0.15406193438487645
2,1497,1499,0.15406312052350704
2,1498,1500,0.15406107719885778
2,1519,1521,0.15405914438756743
2,1517,1519,0.15405732226755758
2,1504,1506,0.15405560741487637
2,1512,1514,0.15405399427994618
2,1513,1515,0.15405247708431752
2,1509,1511,0.15405105021478857
2,1516,1518,0.15404970832541928
2,1514,1516,0.15404844636147672
2,1497,1499,0.1540472595581271
2,1511,1513,0.15404614343012374
2,1520,1522,0.15404509375829217
1,1526,1527,0.154044106575103
1,1531,1532,0.15404634627320216
1,1519,1520,0.1540484751600968
1,1515,1516,0.15405048606440455
1,1511,1512,0.15405238093960028
1,1518,1519,0.154054165010993
1,1530,1531,0.15405584413865728
1,1517,1518,0.1540574241894198
1,1523,1524,0.15405891084123038
1,1522,1523,0.15406030951574937
1,1507,1508,0.1540616253574109
1,1516,1517,0.15406286323160168
1,1518,1519,0.1540640277312899
1,1534,1535,0.15406512318746665
1,1521,1522,0.15406615368121482
1,1518,1519,0.15406712305632544
1,1522,1523,0.15406803493190835
1,1516,1517,0.1540688927147132
1,1523,1524,0.15406969961101669
1,1523,1524,0.15407045863800675
1,1524,1525,0.15407117263463196
1,1520,1521,0.15407184427191103
1,1511,1512,0.15407247606270583
1,1515,1516,0.15407307037097145
1,1520,1521,0.1540736294204987
1,1518,1519,0.1540741553031696
1,1505,1506,0.15407464998674494
1,1509,1510,0.1540751153222067
1,1501,1502,0.15407555305067575
1,1497,1498,0.15407596480992747
1,1500,1501,0.1540763521405251
0,1502,1502,0.15407671649159296
