1369,27,1396,0.1358426502154585
1391,29,1420,0.13301829991984918
1415,29,1444,0.13037934045038488
1418,26,1444,0.1279071843258661
1441,25,1466,0.12564416402803036
1461,23,1484,0.1235209146868223
1457,26,1483,0.12153394875937609
1449,26,1475,0.11973391289400932
1458,25,1483,0.11811421246365356
1466,25,1491,0.11661658172401335
1462,24,1486,0.11523268391755626
1459,24,1483,0.11398196726496534
1466,23,1489,0.11284946342279831
1471,24,1495,0.11180175111372978
1459,23,1482,0.11083560915248086
1475,27,1502,0.10998363570469166
1467,26,1493,0.10917101413059617
1467,26,1493,0.10844925286295762
1464,29,1493,0.10779173531874185
1454,30,1484,0.10719974419827226
1466,30,1496,0.10668295882797367
1463,29,1492,0.1061852404361174
1477,32,1509,0.10573848714301093
1475,33,1508,0.10530050372332912
1476,35,1511,0.10490628831859805
1466,38,1504,0.10454509893452432
1460,36,1496,0.10423817171278912
1464,36,1500,0.10397188477065378
1470,39,1509,0.10372092473708724
1472,39,1511,0.10347951710925395
1451,39,1490,0.10325511546315141
1451,40,1491,0.1030961896011059
1451,38,1489,0.10295132796427729
1455,39,1494,0.10281898447718277
1446,37,1483,0.10268954044548806
1451,36,1487,0.10259146263972375
1449,38,1487,0.1024911633029872
1450,36,1486,0.10240421078087714
1454,36,1490,0.10232294928932145
1466,36,1502,0.1022406301394109
1463,36,1499,0.10213970690999952
1464,35,1499,0.10205447674212226
1461,33,1494,0.1019745658768943
1463,36,1499,0.10190834303499266
1467,35,1502,0.10184394926257145
1458,35,1493,0.1017763022467195
1459,35,1494,0.10173331015678812
1466,36,1502,0.10169222206464246
1467,36,1503,0.1016402582029652
1479,38,1517,0.10159062071979294
1483,38,1521,0.10152003774742284
1482,37,1519,0.10144708001175787
1462,34,1496,0.10138232546886058
1474,34,1508,0.10136638864690464
1466,31,1497,0.10132631871293021
1452,32,1484,0.10130720596459876
1453,31,1484,0.10131944750741771
1453,33,1486,0.10132812732259958
1452,36,1488,0.10133628550901784
1464,39,1503,0.10134587214389831
1459,38,1497,0.10132930313817794
1455,39,1494,0.10132477920463628
1447,39,1486,0.10132915412935578
1451,41,1492,0.10135038571013254
1450,39,1489,0.10136059248172477
1454,38,1492,0.10137231773204505
1446,40,1486,0.10137503403551296
1447,38,1485,0.10139435891406472
1447,41,1488,0.10140979825432737
1458,42,1500,0.10142435769978339
1455,44,1499,0.1014138846974832
1443,41,1484,0.10141027165366509
1432,42,1474,0.1014327737011067
1432,43,1475,0.10147682972242299
1440,45,1485,0.10151687753241088
1452,44,1496,0.10153654137258535
1456,45,1501,0.10152893967847114
1464,46,1510,0.10151328418071313
1462,45,1507,0.10148185306482663
1458,48,1506,0.10145701508847846
1455,46,1501,0.10144326709573676
1451,44,1495,0.10143718857413184
1459,43,1502,0.10144091993597795
1460,44,1504,0.10142749510576474
1461,47,1508,0.10141321210284499
1456,51,1507,0.10139770269867196
1455,49,1504,0.10139453682346318
1459,50,1509,0.10139354545458992
1455,48,1503,0.10138413345972933
1442,52,1494,0.10138411149401812
1433,51,1484,0.101411322641978
1434,53,1487,0.10145576768405838
1429,52,1481,0.10149431920776543
1420,54,1474,0.1015403202633625
1435,56,1491,0.10160081156478679
1433,58,1491,0.10162369532225733
1433,59,1492,0.1016492928584827
1434,57,1491,0.10167261560433677
1430,56,1486,0.10169222160690257
1421,56,1477,0.10171851570914933
1431,58,1489,0.10176177535251586
1424,57,1481,0.10178013396659388
1419,56,1475,0.1018113819745788
1427,59,1486,0.1018502989416268
1432,61,1493,0.10186894346624208
1431,63,1494,0.10187505166795
1427,61,1488,0.10188280412950768
1421,60,1481,0.10189847413648191
1424,59,1483,0.10192512485851729
1424,57,1481,0.10194339281039118
1433,59,1492,0.10195975671043088
1434,61,1495,0.1019557626915858
1451,65,1516,0.10194998181749902
1446,65,1511,0.10190841595214221
1444,67,1511,0.10188107821135896
1456,68,1524,0.10186080355858065
1452,69,1521,0.10181647998393167
1449,71,1520,0.10178503966929985
1444,74,1518,0.10176283983904608
1425,77,1502,0.10175318083950195
1428,78,1506,0.10178514570862848
1427,78,1505,0.10180827742357489
1435,79,1514,0.10183161522251781
1433,79,1512,0.10183570038541909
1424,77,1501,0.1018439194551603
1413,80,1493,0.10187030482641343
1408,78,1486,0.10191756089326237
1421,78,1499,0.1019716917784185
1415,80,1495,0.10199337487878854
1414,82,1496,0.10202586031327913
1427,83,1510,0.10205788709165116
1430,83,1513,0.10205910536940803
1421,82,1503,0.10205411166438645
1411,82,1493,0.10206897011184175
1420,80,1500,0.10210429720887898
1401,82,1483,0.10211699885233763
1408,84,1492,0.10216966611020008
1415,84,1499,0.10220255239979487
1407,87,1494,0.1022174125080129
1416,89,1505,0.10224825316516484
1413,87,1500,0.10225739532525864
1425,91,1516,0.10227187914416841
1409,87,1496,0.10225916646070111
1401,93,1494,0.10228155255968371
1396,89,1485,0.10231936328463175
1406,91,1497,0.1023649443165111
1404,91,1495,0.10238530329542986
1412,89,1501,0.10240840246058493
1412,89,1501,0.10241226988695065
1416,88,1504,0.10241604842214
1415,90,1505,0.10241043358434446
1412,92,1504,0.10240802997252682
1410,94,1504,0.1024124813227343
1413,97,1510,0.1024205978123866
1411,97,1508,0.10242204691013967
1404,95,1499,0.10242768875026037
1409,91,1500,0.10244742115178423
1410,95,1505,0.10245487017319294
1412,91,1503,0.10245891522806862
1414,88,1502,0.10245800697726751
1406,88,1494,0.10245295520358422
1407,91,1498,0.10246554115356313
1407,87,1494,0.10247521653737852
1402,88,1490,0.10248373464954964
1426,88,1514,0.10250219398161585
1414,86,1500,0.10246697265770482
1404,85,1489,0.10246047624269192
1388,84,1472,0.10247630183053426
1395,81,1476,0.10252526739980244
1402,81,1483,0.1025549144416848
1393,82,1475,0.10256690868518561
1408,85,1493,0.10259693474860235
1399,89,1488,0.10259230026664123
1378,89,1467,0.10260710955907747
1386,91,1477,0.10266586725461042
1389,90,1479,0.10270262898939855
1395,88,1483,0.10272972042644718
1393,91,1484,0.10274249287118796
1398,94,1492,0.10275850308421745
1397,94,1491,0.10276246478171412
1399,93,1492,0.10276834523870937
1397,94,1491,0.10276949799354387
1403,96,1499,0.10277490351589247
1390,96,1486,0.10276691816800886
1393,96,1489,0.10278797963943241
1402,97,1499,0.10280045189136036
1392,97,1489,0.10279242292323958
1389,99,1488,0.10280648788080991
1388,104,1492,0.10282599805966214
1374,104,1478,0.10284574163260331
1374,106,1480,0.10289358922715167
1385,108,1493,0.10293756793449972
1361,109,1470,0.10295445290600312
1372,107,1479,0.10302217575123329
1384,109,1493,0.10306088904043957
1386,108,1494,0.10307024025016322
1388,106,1494,0.10307481078717352
1387,106,1493,0.10307422652557023
1392,112,1504,0.10307529974713858
1390,111,1501,0.10306570057828045
1390,111,1501,0.10306102828442597
1376,114,1490,0.10305718885199538
1378,115,1493,0.10308402741416227
1374,112,1486,0.10310406793249878
1378,113,1491,0.10313172309636875
1375,114,1489,0.10314743279359487
1379,115,1494,0.10316885522945972
1378,117,1495,0.10317998039499919
1374,116,1490,0.1031926011991731
1366,114,1480,0.10321275524893575
1357,117,1474,0.10324835511968883
1356,119,1475,0.10330115567650296
1363,117,1480,0.10335132891183765
1365,121,1486,0.10338232203879077
1381,120,1501,0.10340623156470045
1378,122,1500,0.1033933811675581
1382,122,1504,0.10338736402468723
1367,118,1485,0.10337363459884333
1364,122,1486,0.10339408896800745
1377,128,1505,0.10341946848547691
1371,126,1497,0.10341429535764661
1367,130,1497,0.1034229131901714
1371,133,1504,0.10344013222840015
1365,134,1499,0.1034473743387241
1367,136,1503,0.10346688943275784
1362,137,1499,0.10348065339796872
1374,136,1510,0.10350494659665849
1367,138,1505,0.10350074730529364
1369,140,1509,0.10351146748578575
1362,138,1500,0.10351742035805998
1357,136,1493,0.10353780468324356
1359,134,1493,0.10356782620970982
1360,132,1492,0.1035907366865583
1353,135,1488,0.10360987700068457
1363,134,1497,0.10364160946915639
1373,138,1511,0.10364983155306862
1358,131,1489,0.10363449188910788
1363,135,1498,0.10365362278254522
1369,129,1498,0.10366082124142265
1365,129,1494,0.10365434454700435
1358,129,1487,0.10365696205381277
1360,124,1484,0.10367413497224177
1354,129,1483,0.10368515332640695
1346,128,1474,0.10370833342037843
1337,127,1464,0.10374698362324923
1340,133,1473,0.10380235028717319
1354,135,1489,0.10384680281659346
1356,137,1493,0.10385605222426163
1339,132,1471,0.10385982054213373
1338,131,1469,0.10390056301808545
1356,132,1488,0.10393925689279036
1340,137,1477,0.10393551566208471
1343,142,1485,0.10396731559188954
1343,141,1484,0.10398951405897307
1335,141,1476,0.10400983826460498
1347,142,1489,0.10404603035255608
1362,140,1502,0.1040534259641916
1372,139,1511,0.10402813880033106
1365,146,1511,0.10398397679523651
1365,145,1510,0.10395904211123952
1364,144,1508,0.10393586954859783
1359,143,1502,0.10391655278752841
1352,139,1491,0.10391003266333439
1357,143,1500,0.10391988645064813
1358,140,1498,0.1039175591089005
1349,144,1493,0.10391336281047807
1339,142,1481,0.10392910628521676
1343,145,1488,0.10396509781072659
1352,146,1498,0.1039897369310303
1346,142,1488,0.10399297473941443
1332,141,1473,0.10400919055849563
1344,142,1486,0.10405504086248381
1347,144,1491,0.1040706302995064
1350,145,1495,0.10407767161271306
1352,148,1500,0.10407711911885485
1353,146,1499,0.1040716709042233
1341,145,1486,0.10406436224894365
1346,140,1486,0.1040843353582182
1351,138,1489,0.10409120686866423
1339,139,1478,0.10408656718150439
1327,136,1463,0.104108879141053
1325,136,1461,0.10415652292360701
1337,135,1472,0.10420510940171197
1331,132,1463,0.10422345214080062
1350,131,1481,0.10425376581280575
1354,137,1491,0.10423960116164135
1344,143,1487,0.10421811696709607
1361,145,1506,0.10422009261449999
1346,147,1493,0.10418448784201935
1351,151,1502,0.10418470610833719
1345,148,1493,0.10417396506518088
1351,147,1498,0.10417701187286116
1335,148,1483,0.10416706324268375
1341,147,1488,0.10419264195616215
1344,151,1495,0.10420332463613662
1337,150,1487,0.10420676211532459
1334,155,1489,0.10422510853440822
1333,156,1489,0.10424924497573883
1345,154,1499,0.10427345961717059
1351,156,1507,0.10426988006864535
1345,156,1501,0.10425370417731723
1339,158,1497,0.10425219275498981
1338,153,1491,0.10426432932273265
1337,157,1494,0.10427788259693976
1328,160,1488,0.10429181715533212
1331,164,1495,0.10432442744281607
1331,164,1495,0.10434800630839774
1326,164,1490,0.10436960101515291
1321,169,1490,0.10440100427396783
1325,170,1495,0.10444017754097225
1317,167,1484,0.1044675402950188
1323,167,1490,0.10450982588960883
1316,167,1483,0.10453562356996958
1307,166,1473,0.10457493521411663
1317,168,1485,0.10463033516956348
1319,170,1489,0.10465854625304907
1331,166,1497,0.10467904979409973
1332,174,1506,0.10467169169110115
1326,175,1501,0.10466387399843363
1331,179,1510,0.10466940595343917
1313,183,1496,0.10466328379558779
1313,184,1497,0.10469745278444349
1308,179,1487,0.10472859851530171
1311,181,1492,0.10476778084805158
1311,184,1495,0.10479752544727397
1303,186,1489,0.10482441332109083
1300,183,1483,0.10486684508438221
1304,176,1480,0.1049120819417464
1315,182,1497,0.10494498508889817
1306,181,1487,0.10495103692563688
1299,182,1481,0.10497750142148324
1305,187,1492,0.10501734999279194
1303,181,1484,0.10504129549313211
1307,179,1486,0.10506738195167253
1314,182,1496,0.10508109921512344
1311,188,1499,0.10507854736774329
1310,191,1501,0.10508333749002656
1298,192,1490,0.10509041832698088
1299,187,1486,0.10512351395320964
1295,181,1476,0.10515129352605224
1282,183,1465,0.10518524540137389
1277,179,1456,0.10524396126998818
1287,183,1470,0.10530967572216961
1294,184,1478,0.10534766693641999
1295,187,1482,0.10536657040414737
1306,193,1499,0.10538160454226735
1302,194,1496,0.10537101759535127
1299,194,1493,0.10537017761778252
1287,196,1483,0.10537646677625503
1302,188,1490,0.10540772270801803
1296,193,1489,0.1054034337017444
1306,190,1496,0.10541254563393736
1299,192,1491,0.10539935280030982
1294,201,1495,0.10540336539107507
1299,200,1499,0.10541874383872273
1299,200,1499,0.10542228072022766
1287,198,1485,0.10542581760861071
1279,198,1477,0.10545554577472391
1289,196,1485,0.10549889445523909
1295,194,1489,0.10551609301061304
1287,197,1484,0.10551827781305502
1286,199,1485,0.10553881752775762
1287,201,1488,0.10555960917805685
1296,202,1498,0.10557665218591776
1297,207,1504,0.10557304581932636
1289,209,1498,0.10556751079022489
1283,208,1491,0.10558084190670396
1285,209,1494,0.10560739340849125
1282,207,1489,0.10562817310830576
1278,211,1489,0.10565401572665771
1268,218,1486,0.1056869203797439
1274,220,1494,0.10573892513109705
1282,218,1500,0.10577378830268139
1274,215,1489,0.10578794721454512
1282,212,1494,0.1058187865392383
1279,214,1493,0.1058295583668416
1287,218,1505,0.10584623766969362
1294,220,1514,0.10584332295976222
1285,219,1504,0.10582489485142936
1280,217,1497,0.10582765940075277
1278,218,1496,0.10584115469578777
1266,216,1482,0.10585853534864302
1260,219,1479,0.10590112747200826
1267,221,1488,0.10595324363124173
1251,221,1472,0.10598590063728335
1253,220,1473,0.10605210131248746
1263,219,1482,0.10610781036515222
1273,220,1493,0.10613643374846565
1261,224,1485,0.10614067153652375
1266,219,1485,0.1061710062106513
1266,221,1487,0.10618819572153161
1264,228,1492,0.10620366353309986
1259,219,1478,0.10622146456613155
1258,222,1480,0.10624920138296222
1242,226,1468,0.10627693582535869
1250,221,1471,0.10633745515684394
1260,224,1484,0.10637537427317063
1276,224,1500,0.10638832268308471
1259,230,1489,0.10636376826060676
1266,228,1494,0.10637967990115435
1276,228,1504,0.10637796230123574
1279,235,1514,0.10635403164098317
1290,233,1523,0.10632622971043539
1267,233,1500,0.10627665569805274
1266,233,1499,0.10628356532187842
1257,229,1486,0.10629192413486308
1256,221,1477,0.10631944439203103
1257,223,1480,0.1063454898401357
1270,223,1493,0.10636779849435868
1264,228,1492,0.10635910791080462
1262,229,1491,0.10636429403899988
1261,230,1491,0.10637318777915268
1255,226,1481,0.10638354220484889
1257,222,1479,0.10640587398627126
1262,224,1486,0.10642167200270664
1253,223,1476,0.10642400511999668
1267,231,1498,0.10644585841758143
1266,226,1492,0.10643510456531015
1260,231,1491,0.10642837989976048
1255,231,1486,0.10643524063939422
1258,229,1487,0.10645266912726997
1259,232,1491,0.10646200146712789
1262,231,1493,0.10646855049741295
1262,233,1495,0.1064683892315157
1263,236,1499,0.1064678382561657
1249,232,1481,0.10646462185401478
1264,231,1495,0.10649188404210426
1260,230,1490,0.10648461059861723
1262,228,1490,0.10648717255846957
1252,234,1486,0.10648627212869843
1255,238,1493,0.10650752500247147
1259,243,1502,0.10652090718726388
1252,249,1501,0.1065241570366505
1250,248,1498,0.10654222735750203
1247,245,1492,0.10656385443651416
1243,247,1490,0.10658974442698703
1241,253,1494,0.10662247487009541
1239,251,1490,0.10665710614215271
1237,253,1490,0.10669356404129048
1242,258,1500,0.10673127043316026
1245,261,1506,0.10675438958972279
1248,257,1505,0.10676834246944007
1256,255,1511,0.10677516049464952
1246,259,1505,0.10676435787498507
1234,264,1498,0.10677678054820117
1236,269,1505,0.10681510413987436
1235,270,1505,0.10684585066750628
1222,268,1490,0.10687572443716321
1233,265,1498,0.10693264779266684
1235,267,1502,0.10696098812118215
1224,268,1492,0.10698271799355703
1209,268,1477,0.10702697963052556
1207,261,1468,0.10710110495559283
1210,263,1473,0.10717285466646963
1212,263,1475,0.10723162464532905
1231,267,1498,0.1072814934353514
1238,268,1506,0.10728426769408023
1226,264,1490,0.10727238155915028
1217,268,1485,0.10728874459428173
1208,272,1480,0.10732425650863238
1214,272,1486,0.10737677802699029
1209,282,1491,0.10741186124413726
1199,284,1483,0.10745590201079341
1206,283,1489,0.10751970812320476
1205,280,1485,0.10756214577724264
1196,286,1482,0.10760372161521534
1193,286,1479,0.10766170611554134
1194,287,1481,0.10772191094165098
1203,283,1486,0.10777537706800555
1209,293,1502,0.10780472121407866
1207,296,1503,0.10781862465878646
1202,297,1499,0.10783633383935502
1198,301,1499,0.1078645669372437
1194,296,1490,0.10789919671106746
1201,294,1495,0.1079401387258358
1211,292,1503,0.10796134015454042
1212,284,1496,0.10795937159673073
1205,284,1489,0.10795464571493525
1207,285,1492,0.10796614508676715
1216,286,1502,0.1079718114722526
1207,295,1502,0.10795759015845448
1212,293,1505,0.10796539672281419
1197,292,1489,0.10796011658679237
1202,293,1495,0.10798915388127402
1208,286,1494,0.10800485451330179
1210,285,1495,0.10800597175581707
1210,279,1489,0.10800317521907128
1211,276,1487,0.10800100011301617
1221,289,1510,0.10799631753648159
1210,289,1499,0.10796958990712319
1209,293,1502,0.10796934105584934
1204,297,1501,0.10797229931039641
1214,290,1504,0.10798584624972099
1209,290,1499,0.1079764010996999
1213,292,1505,0.10797905923182434
1212,296,1508,0.10797096327323942
1206,294,1500,0.10796654748364802
1203,294,1497,0.10797684855779556
1202,301,1503,0.10799371439580575
1198,303,1501,0.10801232406257688
1197,306,1503,0.1080392748601818
1204,311,1515,0.10806596232877895
1193,312,1505,0.1080751779663412
1178,308,1486,0.10810832636757294
1189,313,1502,0.10817162386645171
1192,313,1505,0.10820516474564
1188,315,1503,0.10823018732265176
1183,315,1498,0.1082622948751549
1197,315,1512,0.10830421801255305
1193,315,1508,0.10831172624655767
1186,318,1504,0.10832733993399284
1194,321,1515,0.1083572881914259
1182,317,1499,0.10836676649118263
1188,323,1511,0.1084021641337387
1183,320,1503,0.10842131809112679
1166,316,1482,0.1084510773187167
1166,321,1487,0.10851730535830552
1160,319,1479,0.10857789994128668
1158,318,1476,0.10864669794148502
1172,310,1482,0.1087130979759063
1166,312,1478,0.10874328214006707
1172,313,1485,0.10878394650286977
1182,321,1503,0.10880841474832559
1181,321,1502,0.10880743092239847
1170,320,1490,0.10880929699297189
1172,325,1497,0.10883436559872946
1166,328,1494,0.1088538752292803
1164,324,1488,0.1088861756920957
1165,330,1495,0.10892094365632676
1166,329,1495,0.10895129320320798
1164,324,1488,0.10897734630365717
1174,327,1501,0.10900584628028272
1173,324,1497,0.10900950414477677
1177,321,1498,0.109014254252535
1174,323,1497,0.10900864684766644
1170,327,1497,0.1090100200822214
1161,338,1499,0.10902093895002825
1160,340,1500,0.10905231031456956
1153,343,1496,0.10908414278557307
1149,338,1487,0.10913077473181314
1150,340,1490,0.10918250213956814
1154,344,1498,0.10922642754396639
1147,350,1497,0.10925850218750707
1143,354,1497,0.10930486421506508
1138,356,1494,0.10935536307805015
1143,361,1504,0.1094129749460638
1142,366,1508,0.10945483785287166
1138,370,1508,0.10949546524867886
1138,369,1507,0.10954267967128793
1143,368,1511,0.10958659920673558
1150,373,1523,0.10961545029480677
1151,369,1520,0.10962571448769651
1149,361,1510,0.10963214798287323
1151,361,1512,0.10964345729488656
1138,358,1496,0.10964876185245505
1143,354,1497,0.1096840800885268
1142,358,1500,0.10970456804828696
1138,362,1500,0.10972549080461161
1144,365,1509,0.10975464461932362
1145,354,1499,0.10976859929109367
1153,355,1508,0.10977905396026484
1144,351,1495,0.10976980814378415
1140,354,1494,0.10978228798647588
1132,356,1488,0.10980259698348202
1132,364,1496,0.10983946253294395
1136,363,1499,0.10987428577577081
1134,372,1506,0.10989779825592158
1132,369,1501,0.10992495472694491
1136,363,1499,0.1099540072362758
1145,369,1514,0.10997222054146663
1147,373,1520,0.10996932470709211
1136,369,1505,0.10996200306367712
1118,371,1489,0.10997987821393722
1128,367,1495,0.11003689472773523
1123,363,1486,0.11006629456640935
1125,374,1499,0.11010630550218611
1127,368,1495,0.11013824255028329
1117,372,1489,0.11016411580127894
1122,377,1499,0.11021066386166915
1128,373,1501,0.11024060742588115
1123,375,1498,0.1102551790295437
1114,374,1488,0.1102798058771722
1123,375,1498,0.11032358423881813
1116,376,1492,0.11034418201098642
1117,383,1500,0.1103781017578356
1114,388,1502,0.11040731623720504
1109,387,1496,0.11044128971677888
1115,389,1504,0.11048330110692368
1111,392,1503,0.11050878055830679
1091,396,1487,0.11054214252526737
1098,389,1487,0.11061812953833979
1090,394,1484,0.11067226356801718
1095,394,1489,0.1107411318027282
1090,396,1486,0.11079357880383033
1075,404,1479,0.11085428056471627
1070,407,1477,0.11094618392585275
1079,414,1493,0.11104251690191838
1082,423,1505,0.1111108051352332
1089,419,1508,0.11116656209605903
1097,422,1519,0.11120169860313286
1085,421,1506,0.11121671071220454
1081,424,1505,0.11125842381400407
1082,420,1502,0.11130687283655728
1084,422,1506,0.11134922991414076
1083,430,1513,0.111383111019339
1076,433,1509,0.11141699833975018
1068,434,1502,0.11146422091747166
1066,433,1499,0.11152670115482
1067,434,1501,0.11158801467382982
1061,438,1499,0.11164223759956837
1072,439,1511,0.11170612919703399
1071,441,1512,0.11173885242314575
1072,438,1510,0.11177116836468404
1065,434,1499,0.11179854796943584
1068,433,1501,0.11183956954381573
1068,432,1500,0.11187109508289701
1076,429,1505,0.11189978779853359
1075,432,1507,0.11190713828632948
1083,433,1516,0.1119170073874982
1079,431,1510,0.11190682720284886
1076,429,1505,0.11190661953087985
1079,431,1510,0.11191242807779476
1074,416,1490,0.11191198286861499
1075,415,1490,0.11192278924827441
1060,421,1481,0.11193083430883942
1059,431,1490,0.11197024828369788
1074,435,1509,0.11200951414679984
1074,434,1508,0.11201102538056805
1074,435,1509,0.11201155834009228
1080,436,1516,0.11201224711225038
1074,430,1504,0.11199966186236038
1070,432,1502,0.11200244854501445
1069,437,1506,0.11201348763012021
1069,436,1505,0.1120256144059874
1068,438,1506,0.11203672102280958
1055,442,1497,0.11205041375777376
1038,448,1486,0.11209388612396222
1041,444,1485,0.11217195612144032
1044,440,1484,0.11223765156027714
1048,442,1490,0.11229091098091339
1046,438,1484,0.11232987857470739
1060,444,1504,0.11237118603788165
1056,442,1498,0.11237782382315671
1052,446,1498,0.11239375261341411
1051,448,1499,0.11241827670206334
1050,451,1501,0.11244292485568398
1060,448,1508,0.1124674155093778
1038,455,1493,0.11246613739690524
1047,461,1508,0.11251732163399986
1035,462,1497,0.11254407569744679
1027,463,1490,0.11259600209767337
1023,461,1484,0.11266176928902748
1029,463,1492,0.11273108167100826
1021,466,1487,0.11278127819466334
1024,470,1494,0.11284796070873934
1019,464,1483,0.11290193400522604
1019,462,1481,0.11296376261630503
1024,466,1490,0.11302012781349091
1023,463,1486,0.11306092346442355
1029,468,1497,0.11310018386959624
1034,475,1509,0.11312473922273114
1024,481,1505,0.11313612290636264
1015,478,1493,0.11316945664578806
1024,475,1499,0.11322012515593323
1027,481,1508,0.11324670479858316
1026,474,1500,0.11326401649403411
1029,476,1505,0.11328342816285736
1023,482,1505,0.1132950973988967
1029,482,1511,0.11331964841549087
1026,482,1508,0.11332886361713085
1030,487,1517,0.11334433573571441
1025,484,1509,0.11334971973690525
1012,485,1497,0.11336822218838734
1014,485,1499,0.113415673975433
1007,483,1490,0.11345489293570629
998,482,1480,0.1135079187124781
1004,487,1491,0.11357791056615422
1004,496,1500,0.11362837299202537
985,498,1483,0.11367448856722916
991,501,1492,0.11376106101097642
984,505,1489,0.11382737842486325
1001,504,1505,0.11390407049426639
1004,507,1511,0.1139345227803432
997,519,1516,0.11395571425062698
983,525,1508,0.11399309933963338
981,517,1498,0.11406059796856834
977,517,1494,0.11412645425332385
981,512,1493,0.1141982537398264
983,500,1483,0.11425491642975844
983,506,1489,0.11430321431871918
986,511,1497,0.11434874683944357
984,508,1492,0.11438267769376602
991,510,1501,0.11441795749253203
990,511,1501,0.11443413896561436
985,516,1501,0.11445195583401421
985,516,1501,0.1144806994158163
980,520,1500,0.11450760488766981
973,521,1494,0.11454445234653299
980,514,1494,0.11459443808409489
974,526,1500,0.1146236169930059
967,516,1483,0.11466375367592828
964,520,1484,0.11471816752548242
964,522,1486,0.11477500006656205
959,524,1483,0.11482759649457211
960,528,1488,0.11488770043877024
966,530,1496,0.11494111784746304
968,528,1496,0.11497602229663534
965,528,1493,0.11500336701664896
965,534,1499,0.1150355648926899
955,538,1493,0.11506598674297208
959,539,1498,0.11511798530210608
960,532,1492,0.11515758974822657
972,526,1498,0.1151918590313762
968,525,1493,0.11519551358632814
983,525,1508,0.11520829832204893
984,525,1509,0.1151832326431898
988,525,1513,0.11515757325048206
988,516,1504,0.11512435218045904
990,514,1504,0.11509400563677645
978,526,1504,0.11506055063826484
978,530,1508,0.11506103623005837
979,530,1509,0.11506051765077878
987,531,1518,0.11505708878034841
977,531,1508,0.11503533356334261
973,531,1504,0.11503917545232102
975,530,1505,0.11505169092179045
975,537,1512,0.11505774134268201
975,527,1502,0.11506331779098328
972,535,1507,0.11506832737620037
978,533,1511,0.11508003016614697
966,535,1501,0.115077161900964
965,535,1500,0.11510209867013994
965,545,1510,0.11512827669396303
949,545,1494,0.11515367003818701
950,557,1507,0.11521600862861867
942,562,1504,0.11527156232724398
944,562,1506,0.11534196366436035
944,565,1509,0.11540290903438663
936,564,1500,0.11545778750099844
936,571,1507,0.11552692542371214
940,575,1515,0.11559099711939147
922,572,1494,0.11564152448073592
925,579,1504,0.11573203148458329
916,573,1489,0.11580747379744608
932,568,1500,0.1158990745525363
931,562,1493,0.11594542303555773
925,558,1483,0.11599003097261905
917,565,1482,0.11604438201375299
913,569,1482,0.11611268558944599
924,570,1494,0.11618495295812163
929,572,1501,0.116226996115515
923,575,1498,0.11625506844163536
927,581,1508,0.1162948970295938
921,578,1499,0.11632261851298768
917,580,1497,0.11636359599833906
907,578,1485,0.11641066587805347
906,585,1491,0.1164785239952149
908,585,1493,0.11654414844873344
916,586,1502,0.11660075173216339
897,593,1490,0.11663282191566549
898,593,1491,0.11670870357558932
915,593,1508,0.11677588702181829
913,592,1505,0.11679815192655489
910,590,1500,0.11682392436170157
910,594,1504,0.11685491966225739
911,597,1508,0.1168845356064223
919,602,1521,0.11690868049191869
895,604,1499,0.11691127637473275
894,612,1506,0.1169712066050117
898,612,1510,0.11703043416891386
893,614,1507,0.11707701820578457
890,621,1511,0.11713257528029483
892,625,1517,0.11719158406682814
890,629,1519,0.1172404777529243
884,626,1510,0.11728984462843461
876,628,1504,0.11734972082180921
872,632,1504,0.11742407878687931
868,634,1502,0.1175025287010661
870,629,1499,0.11758506822016919
863,631,1494,0.11765603658217326
860,620,1480,0.11773980940709315
854,620,1474,0.11782407429329389
850,629,1479,0.11791615351575953
851,632,1483,0.11800895043182191
856,633,1489,0.118091638224019
857,631,1488,0.11815723568053402
845,635,1480,0.11821507309948853
846,651,1497,0.11829634737451872
850,645,1495,0.11836875616072423
851,643,1494,0.11842701915051121
861,644,1505,0.11847938771261089
854,650,1504,0.11850512981499588
844,652,1496,0.11854790969345755
835,649,1484,0.11861198343993257
846,656,1502,0.11869335710485795
847,653,1500,0.1187419686818661
851,645,1496,0.1187845439344936
851,648,1499,0.11881516946315655
852,646,1498,0.11884411586669243
853,650,1503,0.11886874449614002
856,657,1513,0.11888711109234805
857,662,1519,0.1188970495384582
859,664,1523,0.11890357137735613
862,657,1519,0.11890476161659849
858,655,1513,0.11889944070412899
857,652,1509,0.11890423634939878
853,649,1502,0.11891143650217949
851,650,1501,0.11892788844561256
837,654,1491,0.11894782031269382
833,669,1502,0.11899959174612824
830,662,1492,0.1190569683768976
825,660,1485,0.1191175387883416
813,661,1474,0.11918583270394884
814,658,1472,0.11927770546161773
822,662,1484,0.11936019706875577
832,653,1485,0.11941553466467686
840,655,1495,0.11943980653064486
835,666,1501,0.11944307076414336
843,666,1509,0.11945683662720143
847,665,1512,0.11945063111584668
851,653,1504,0.11943630070372159
859,646,1505,0.11941423629806923
854,656,1510,0.11937383619613245
856,646,1502,0.11934999632105064
847,649,1496,0.1193227225413576
837,653,1490,0.11932016722799607
834,661,1495,0.11934224207982938
824,660,1484,0.11936874698317464
829,663,1492,0.1194178182163392
832,668,1500,0.11944925625997531
825,669,1494,0.11947100282248954
829,669,1498,0.11950743281262458
834,651,1485,0.11953175851269339
834,654,1488,0.11954387297312152
838,661,1499,0.11955441774671759
845,660,1505,0.11955541546223068
840,662,1502,0.11954037902846236
831,671,1502,0.11953971748913853
830,669,1499,0.11955984233484575
834,670,1504,0.11958107240427485
829,661,1490,0.11959129639600093
840,667,1507,0.11961506843410785
837,673,1510,0.11961054225673413
835,674,1509,0.11961523389034799
827,664,1491,0.11962623111324089
818,672,1490,0.11965545502483527
811,676,1487,0.11970331864040137
813,681,1494,0.11976442332103927
816,672,1488,0.11981618556345032
826,685,1511,0.11985697439930916
824,692,1516,0.11987078601913413
821,690,1511,0.11988866802491886
819,695,1514,0.11991303737012679
821,699,1520,0.11994085297488813
813,696,1509,0.11996142991534928
805,700,1505,0.12000112264490603
811,701,1512,0.12005686187870204
808,694,1502,0.12009424440533273
807,687,1494,0.12013713050911001
810,695,1505,0.1201783031518972
810,701,1511,0.12020995006747254
806,709,1515,0.1202400970985365
794,706,1500,0.12027808991105098
791,717,1508,0.12034263573367522
788,710,1498,0.12040875474030666
785,715,1500,0.12047784119404152
793,720,1513,0.12054844519429667
774,724,1498,0.12059401853990817
779,718,1497,0.12068436776091612
773,718,1491,0.12075782732887469
767,720,1487,0.12083979519302383
760,713,1473,0.12093118871369184
770,724,1494,0.12103333819456746
767,733,1500,0.1211038411488076
771,729,1500,0.12117649593112864
778,721,1499,0.1212328980148791
778,720,1498,0.12126852074786296
777,728,1505,0.12130396966096293
777,730,1507,0.12133914607525494
779,732,1511,0.12137130229785235
783,733,1516,0.12139654690191976
775,721,1496,0.12140951982330232
781,721,1502,0.12144263932852016
784,717,1501,0.1214583046747828
787,723,1510,0.12146401086988913
777,717,1494,0.12146115122698059
779,719,1498,0.12148315384953962
770,718,1488,0.12149646574217669
767,723,1490,0.1215331840644953
779,721,1500,0.12157426406846522
780,727,1507,0.12158147996493257
782,725,1507,0.12158506974649605
780,712,1492,0.12158284728555924
772,731,1503,0.1215868476152199
775,732,1507,0.121609882581805
780,728,1508,0.12162412079088984
782,726,1508,0.12162414085794483
781,717,1498,0.12161928477481154
770,716,1486,0.12161880109471371
769,701,1470,0.1216464126788776
777,711,1488,0.12167388495935466
774,709,1483,0.12167999446574466
781,712,1493,0.12169454135541664
786,720,1506,0.1216917675540288
778,718,1496,0.12167723003109117
774,724,1498,0.12168354471677023
772,719,1491,0.1216995527463653
775,731,1506,0.1217189977758583
775,726,1501,0.12173009534344363
776,734,1510,0.1217394604167139
776,722,1498,0.12174635271393282
770,722,1492,0.12175221902524598
773,729,1502,0.12177276088746916
775,733,1508,0.12178644777837054
767,728,1495,0.1217943374060825
766,727,1493,0.12182210309932064
765,733,1498,0.12185088774240556
772,726,1498,0.12188137487479182
773,725,1498,0.1218911400286997
778,738,1516,0.12189965793199965
772,739,1511,0.12189509676466685
776,738,1514,0.12190541717443469
778,727,1505,0.12190548368430332
774,727,1501,0.12190159769854088
763,735,1498,0.12190838403240158
766,739,1505,0.12194166885886823
773,733,1506,0.12196518882580866
782,733,1515,0.12196984788581465
771,732,1503,0.12195201983651714
766,727,1493,0.12196289111389472
772,739,1511,0.12198327045345582
769,742,1511,0.12198729066631074
765,741,1506,0.12199831923598758
772,743,1515,0.1220192716709378
769,753,1522,0.12202235178586328
785,740,1525,0.12203344330612208
774,748,1522,0.12200303219130436
766,751,1517,0.1220033341331188
769,743,1512,0.12202349810452397
760,750,1510,0.12203663425795713
757,753,1510,0.1220710407050463
753,758,1511,0.1221090989569214
760,755,1515,0.122154470960406
751,751,1502,0.12217920960814861
760,752,1512,0.12222484272441969
744,763,1507,0.12224364761444186
747,759,1506,0.12229829337968734
751,755,1506,0.12234040021543599
756,758,1514,0.12237014699802254
754,770,1524,0.12238521294200443
747,764,1511,0.12240284477798397
741,759,1500,0.1224349090630847
747,766,1513,0.12247913276222645
749,766,1515,0.1225060193583159
750,770,1520,0.12252747848400755
746,760,1506,0.12254585416868516
748,756,1504,0.12257122544211554
737,770,1507,0.12258870441086742
740,780,1520,0.12263194117372567
719,781,1500,0.12266565533084414
733,777,1510,0.12274988600648616
734,776,1510,0.12279290288121553
734,773,1507,0.12282935092515306
726,781,1507,0.122863118410843
722,778,1500,0.12291453037204703
723,771,1494,0.12297122735331303
716,765,1481,0.12302054724139865
710,780,1490,0.12308469514308439
710,781,1491,0.12315964950604488
713,778,1491,0.12323058907182649
713,771,1484,0.12328798022523635
711,781,1492,0.12333987364548955
710,776,1486,0.12339405825483783
713,792,1505,0.12344749250725467
715,793,1508,0.12349231726507359
725,790,1515,0.12352848723442177
720,794,1514,0.12353615292158543
712,795,1507,0.12355576353661053
713,788,1501,0.12359225316354266
704,795,1499,0.12362440169376132
696,793,1489,0.12367761801583037
706,795,1501,0.12374773771529764
712,799,1511,0.1237870318634954
706,787,1493,0.12380856804385733
704,800,1504,0.12384423169392526
704,788,1492,0.12388241512045486
702,793,1495,0.12391967642796536
708,804,1512,0.12395980293844432
710,797,1507,0.12398180502580161
704,800,1504,0.12399706801404985
712,798,1510,0.12402540914737575
689,805,1494,0.12403067290541571
692,816,1508,0.1240927372895408
684,822,1506,0.1241436292085547
691,813,1504,0.12421273465024782
687,822,1509,0.12425891215968068
697,825,1522,0.12431114743894998
689,823,1512,0.12433531851502573
685,822,1507,0.12437778326576127
689,820,1509,0.12442800758431978
695,833,1528,0.12446450717243607
689,838,1527,0.12448428105021599
681,821,1502,0.12451797846187879
678,829,1507,0.12456935616632023
675,826,1501,0.12462353330280164
687,826,1513,0.12468161732080572
686,829,1515,0.12470466423750144
683,829,1512,0.12473033004077719
673,835,1508,0.1247597699735377
662,844,1506,0.1248156263932508
658,839,1497,0.12489424805954887
667,848,1515,0.12497795747960345
662,846,1508,0.12503211668977246
659,835,1494,0.12509604778360753
669,838,1507,0.12516199234091563
658,841,1499,0.12519801439038034
669,846,1515,0.12525870295956623
662,846,1508,0.1252892817839636
663,842,1505,0.12533493384950714
667,844,1511,0.12537378880353978
664,844,1508,0.1254008275158283
669,849,1518,0.12543261833934222
670,842,1512,0.1254486149515074
677,834,1511,0.12545908472041187
679,834,1513,0.12545154758033975
683,830,1513,0.12543903911375176
670,839,1509,0.12541965957180984
675,833,1508,0.12543492234805967
668,839,1507,0.1254361242233721
665,838,1503,0.1254539066914236
660,845,1505,0.1254793823245454
664,842,1506,0.12551350090995173
669,842,1511,0.1255345826436967
670,844,1514,0.12554163471833232
662,850,1512,0.12554547699623697
661,848,1509,0.1255672863544156
668,843,1511,0.12558977704761282
661,848,1509,0.12559180267570924
652,846,1498,0.1256108015837589
646,854,1500,0.12565109366850735
640,860,1500,0.12570457775077423
641,865,1506,0.1257697573535526
640,856,1496,0.1258281782559542
645,862,1507,0.1258840976297665
647,856,1503,0.12592409654633038
651,863,1514,0.12595611539768373
654,860,1514,0.12597606120989835
657,860,1517,0.1259867622014417
656,858,1514,0.12599018146886562
662,857,1519,0.12599495985968712
650,851,1501,0.1259837662996406
650,840,1490,0.1260053608493057
655,852,1507,0.1260257224793982
648,867,1515,0.12603208470471494
644,870,1514,0.12605464771393549
643,869,1512,0.1260851802412278
636,869,1505,0.1261156951224643
632,865,1497,0.12616322444862813
634,861,1495,0.1262167024170171
624,872,1496,0.12626058373261478
634,870,1504,0.1263258414259813
627,859,1486,0.1263623074546
631,854,1485,0.12641303773858806
639,849,1488,0.12644972817003983
635,862,1497,0.12646515314630125
636,874,1510,0.12648903246567467
638,880,1518,0.1265078790713296
636,885,1521,0.12651903298732742
626,880,1506,0.12653378612448374
634,875,1509,0.12657397579443466
636,877,1513,0.12658894825787328
629,875,1504,0.12660015731360644
626,888,1514,0.1266299782213498
620,884,1504,0.12666471726857892
617,887,1504,0.1267130379434519
623,885,1508,0.12676565147541116
616,877,1493,0.12679924315762853
607,874,1481,0.12684766694049399
611,884,1495,0.12691510383708823
607,888,1495,0.12696772725725197
601,894,1495,0.1270264094872208
607,900,1507,0.127097307780286
596,907,1503,0.12714809177112538
593,904,1497,0.12722251553870306
600,905,1505,0.12730015336040032
594,904,1498,0.12735341057872746
597,908,1505,0.12741697237962055
599,914,1513,0.1274710932594451
601,901,1502,0.12751580705626286
594,900,1494,0.12755251422495328
601,898,1499,0.1276060205368519
604,909,1513,0.12763740718778727
604,914,1518,0.12766016445437992
605,915,1520,0.12768143781712063
596,922,1518,0.12770049512769438
594,915,1509,0.12774148616338882
592,918,1510,0.12778207891833163
588,921,1509,0.12782558387271303
584,913,1497,0.12787803916315274
590,915,1505,0.12793719666017433
594,910,1504,0.12797601376451914
598,891,1489,0.12800270571925956
599,902,1501,0.12801578550897308
592,904,1496,0.12802461575103707
595,903,1498,0.12805101120709847
588,902,1490,0.12806872218685
599,910,1509,0.12810245121227745
597,918,1515,0.12810799029002531
601,915,1516,0.1281189546095617
588,912,1500,0.12811798921905482
591,910,1501,0.12815048045345695
584,916,1500,0.12817222756790425
579,918,1497,0.12820931140886035
580,911,1491,0.12825588111853553
585,918,1503,0.12829610893928467
584,917,1501,0.12832184261584692
586,914,1500,0.12834910582886241
585,913,1498,0.1283698410003301
587,909,1496,0.1283913376977855
576,914,1490,0.12840653589871617
578,905,1483,0.12844814098497798
579,908,1487,0.12848049048477203
587,915,1502,0.12850848209759685
590,923,1513,0.12851262022561444
585,924,1509,0.12850923850385773
594,928,1522,0.12851862304880732
585,926,1511,0.1285054602397003
589,926,1515,0.12851828615999275
575,930,1505,0.12852082940147394
578,925,1503,0.1285579443646165
571,919,1490,0.12858375186516663
579,932,1511,0.1286263110485964
581,933,1514,0.12864523930160282
583,925,1508,0.12865801756326248
585,927,1512,0.12866498942594645
569,922,1491,0.12866670151924267
577,926,1503,0.1287103708194932
570,926,1496,0.12872971281680223
572,933,1505,0.1287658664054876
574,930,1504,0.12879242188194368
573,928,1501,0.12881200047863936
578,935,1513,0.12883214255795497
581,933,1514,0.12883816741443216
579,931,1510,0.12883617147015078
580,935,1515,0.12883939912591583
583,937,1520,0.1288408147878254
580,951,1531,0.12883448676531647
580,942,1522,0.1288381839367655
585,947,1532,0.12884008463320026
574,937,1511,0.12882934368529056
574,945,1519,0.12884837510331312
577,924,1501,0.12886609842237245
583,931,1514,0.1288744229088968
587,924,1511,0.12886696869021716
580,921,1501,0.12885068146573408
577,916,1493,0.1288530207334798
579,924,1503,0.1288632903733281
579,929,1508,0.12886623741876677
582,933,1515,0.12886874442303736
571,936,1507,0.12886181888931608
560,942,1502,0.12888428132931534
559,947,1506,0.12893163899808127
554,945,1499,0.12897639940231082
561,952,1513,0.12903269083823637
570,953,1523,0.1290664151104762
567,957,1524,0.12907442623506293
572,955,1527,0.12909094182647432
572,954,1526,0.1290926291561474
569,939,1508,0.12909488317629222
560,938,1498,0.1291046496587531
556,938,1494,0.12913678044063448
558,942,1500,0.12917681615648546
563,928,1491,0.1292079268932652
557,936,1493,0.1292242889579767
564,948,1512,0.12925410593082712
562,950,1512,0.1292627198171825
558,945,1503,0.12927547039120446
561,927,1488,0.12929640787520913
558,944,1502,0.1293084574075918
557,944,1501,0.1293296978891537
556,947,1503,0.12935137548555456
562,947,1509,0.12937432727867035
559,952,1511,0.129383064437252
557,951,1508,0.12939932553855119
554,960,1514,0.12942015702180915
553,970,1523,0.12944761039713165
555,975,1530,0.12947574335776962
559,967,1526,0.12949552264099323
541,961,1502,0.12950319068691887
540,964,1504,0.12955564820062782
547,966,1513,0.1296081129897005
544,961,1505,0.12963863647215199
552,954,1506,0.12967377028680896
546,953,1499,0.12968676271906251
553,955,1508,0.12971176829388753
552,963,1515,0.12971900453261406
548,966,1514,0.12972923231386324
548,974,1522,0.12974926062962283
541,968,1509,0.12976844977431395
546,968,1514,0.12980317006988357
546,969,1515,0.12982320574861894
543,971,1514,0.12984135594376575
533,975,1508,0.12986633435058376
532,974,1506,0.1299159374336697
525,973,1498,0.12996436806261527
517,978,1495,0.13002803670155752
517,978,1495,0.1301085892190946
526,985,1511,0.13018297900425194
521,992,1513,0.13023083949407002
519,987,1506,0.13028935771065497
516,987,1503,0.13035031470651656
513,997,1510,0.13041495962000396
508,1009,1517,0.1304821549363995
514,1002,1516,0.13055445122906179
521,1006,1527,0.13060637080259765
521,1003,1524,0.13063674715047047
518,1003,1521,0.13066586110600148
516,1004,1520,0.1307018555449247
520,998,1518,0.13074000781419975
515,1001,1516,0.13076490894152987
518,991,1509,0.13080143598448435
513,1000,1513,0.1308280175926515
507,1004,1511,0.13086547581202182
499,1017,1516,0.13091716459644248
496,1015,1511,0.13098461901972436
491,1009,1500,0.13105493697134038
494,1013,1507,0.1311345293228297
495,1016,1511,0.1312009242221453
499,1011,1510,0.13125968398062274
498,1015,1513,0.1313033367722576
504,1017,1521,0.13134578509113345
502,1016,1518,0.13136690184514493
497,1014,1511,0.13139392941538458
496,1020,1516,0.13143383099393247
485,1015,1500,0.13147488344409045
478,1013,1491,0.13154093757639068
477,1013,1490,0.13162080421553501
474,1026,1500,0.13169795737484788
478,1022,1500,0.13177782786427716
486,1028,1514,0.13184370643352436
487,1019,1506,0.13188490397081343
486,1007,1493,0.13192031416349434
487,1019,1506,0.1319559816489853
491,1025,1516,0.13198584750815226
485,1029,1514,0.13200308807650413
490,1021,1511,0.13203447903716337
487,1016,1503,0.13205114702373222
482,1029,1511,0.1320754206157473
480,1032,1512,0.132109764211973
470,1024,1494,0.13214610972467106
471,1009,1480,0.1322065319967589
476,1013,1489,0.13226071606798628
477,1017,1494,0.13229827864633062
481,1025,1506,0.1323295482555255
487,1025,1512,0.13234781662017778
476,1038,1514,0.1323490075717216
468,1046,1514,0.13237805855250137
470,1052,1522,0.1324274133891881
466,1053,1519,0.13246829520491013
464,1049,1513,0.1325180770538111
463,1047,1510,0.13257166474919724
463,1040,1503,0.1326241437418469
458,1035,1493,0.13267356205554934
466,1030,1496,0.1327334916324029
460,1041,1501,0.13276864319586157
466,1050,1516,0.13281870092672166
462,1053,1515,0.1328486127144166
463,1050,1513,0.13288575063714578
468,1049,1517,0.1329165798091364
472,1047,1519,0.1329332065938136
471,1051,1522,0.13293693854714253
464,1047,1511,0.13294338511774184
460,1060,1520,0.1329683981203888
450,1062,1512,0.13300233280512322
446,1069,1515,0.13306226528556317
450,1057,1507,0.1331286646321182
449,1062,1511,0.1331798824520808
449,1059,1508,0.1332295409819232
448,1079,1527,0.1332776702822071
447,1083,1530,0.13332565414119835
446,1079,1525,0.13337380369536483
442,1086,1528,0.13342196734816952
441,1086,1527,0.1334779570485508
442,1088,1530,0.13353230441265843
444,1077,1521,0.1335797284876132
437,1078,1515,0.13361827033231383
438,1078,1516,0.1336728634805943
437,1091,1528,0.13372095631456754
433,1089,1522,0.13376934388662293
426,1089,1515,0.13382458788484214
431,1084,1515,0.13389342928259373
433,1084,1517,0.13394510521245306
421,1081,1502,0.13398874550317913
422,1097,1519,0.13405947358644274
419,1097,1516,0.13412211302113247
416,1095,1511,0.13419001477368903
415,1086,1501,0.13426147980068467
413,1082,1495,0.13433054868057792
410,1082,1492,0.13440064772534335
411,1083,1494,0.13447373906954854
413,1084,1497,0.13453839334063006
415,1099,1514,0.13459218109932947
408,1095,1503,0.13463784187322864
411,1097,1508,0.13469787083556983
414,1103,1517,0.1347458146289017
407,1107,1514,0.13478328911589021
411,1102,1513,0.1348389628861004
412,1092,1504,0.13488058517100535
415,1090,1505,0.13491620382448416
414,1094,1508,0.13494130940308144
413,1089,1502,0.1349675707098854
412,1085,1497,0.1349954309266067
418,1091,1509,0.13502384336933484
416,1078,1494,0.13503431726881224
414,1096,1510,0.13504827698955119
415,1092,1507,0.13506605331292793
412,1090,1502,0.13507870311344033
413,1098,1511,0.1350971967533484
418,1103,1521,0.13511139244417084
418,1099,1517,0.1351107734069641
422,1093,1515,0.13511075545551868
418,1101,1519,0.1351013126254281
420,1089,1509,0.1351021399794106
414,1085,1499,0.13509673239282086
412,1096,1508,0.13510744610856837
418,1090,1508,0.1351234607823063
417,1094,1511,0.1351222191354261
415,1098,1513,0.13512540946840754
410,1095,1505,0.13513338467791286
421,1095,1516,0.13515484402548275
419,1087,1506,0.13514487361086577
417,1092,1509,0.13514163773939378
418,1098,1516,0.13514299793818513
413,1100,1513,0.1351422477503077
415,1101,1516,0.135155729006881
414,1098,1512,0.13516165269361738
415,1104,1519,0.1351711505720263
418,1101,1519,0.1351760784977589
414,1098,1512,0.13517223344233922
424,1097,1521,0.1351797045110848
421,1092,1513,0.13515969650985885
422,1091,1513,0.13514869611960775
415,1087,1502,0.13513614590189213
416,1078,1494,0.13514218170811798
414,1091,1505,0.1351447502149138
414,1099,1513,0.13515232456952758
410,1093,1503,0.1351589046173394
412,1097,1509,0.1351733307216762
412,1097,1509,0.13518104291875233
414,1099,1513,0.13518824502214796
415,1097,1512,0.13518944577011058
411,1106,1517,0.1351884887208423
409,1096,1505,0.13519775655512156
403,1111,1514,0.13521095748373577
401,1119,1520,0.13523821275162518
397,1120,1517,0.13526863828154387
397,1120,1517,0.13530779674867194
399,1124,1523,0.1353460971408453
387,1135,1522,0.13537663037830966
380,1134,1514,0.1354377164129453
376,1131,1507,0.13551535841122722
377,1131,1508,0.1355983579721512
380,1135,1515,0.13567236754831805
376,1127,1503,0.1357342184327718
381,1135,1516,0.1358022591499385
378,1130,1508,0.13585160939998825
374,1129,1503,0.1359050964332028
380,1136,1516,0.1359665155571921
377,1126,1503,0.13600707440351228
376,1133,1509,0.13605425617102912
384,1137,1521,0.13610160154021927
384,1134,1518,0.13612567433291642
383,1144,1527,0.13614661404198797
380,1145,1525,0.13616973886789213
373,1147,1520,0.136200084043019
371,1152,1523,0.13624897625366583
363,1145,1508,0.13630065057206053
365,1143,1508,0.13637130495379782
359,1136,1495,0.13643140568047424
358,1134,1492,0.13650145866461774
362,1153,1515,0.1365703986755964
363,1147,1510,0.13662309040024087
365,1145,1510,0.13666950368774447
368,1134,1502,0.13670658048377352
366,1134,1500,0.13673212433771334
373,1129,1502,0.13676275820207132
372,1137,1509,0.13677230546684818
375,1142,1517,0.13678304456445073
366,1136,1502,0.13678461916856707
366,1123,1489,0.13681092612310983
362,1122,1484,0.13683520191520238
371,1131,1502,0.13687038008409314
371,1140,1511,0.13687713778673963
368,1129,1497,0.1368834842441345
371,1140,1511,0.1368983002035993
373,1138,1511,0.13690515893047953
372,1149,1521,0.1369071580475297
365,1149,1514,0.13691157650288613
369,1153,1522,0.13693445167372603
362,1147,1509,0.13694437374597812
365,1153,1518,0.13697296011825005
361,1143,1504,0.1369916250419238
361,1149,1510,0.13701883987491312
352,1147,1499,0.13704464224510246
356,1148,1504,0.13709403398621667
349,1165,1514,0.13712916358151445
349,1157,1506,0.1371808725135353
350,1149,1499,0.13722868305731045
360,1156,1516,0.13727006729717897
355,1164,1519,0.1372827320005717
350,1162,1512,0.13731093426740923
344,1158,1502,0.13735110039359713
343,1149,1492,0.13740618110940456
353,1156,1509,0.13746080797252508
354,1155,1509,0.13748444346087293
354,1143,1497,0.1375039254059834
356,1157,1513,0.13752193386507955
351,1150,1501,0.13753519421914592
352,1160,1512,0.13756104721153542
353,1164,1517,0.1375823897204472
358,1161,1519,0.13760070161277127
359,1151,1510,0.13760352075825183
350,1160,1510,0.1376031874839595
349,1160,1509,0.13762549715014596
349,1155,1504,0.13764916211887707
351,1173,1524,0.13767126978626665
346,1169,1515,0.13768698496983095
347,1171,1518,0.13771474085471014
342,1175,1517,0.13773757470675183
343,1172,1515,0.1377727446656962
344,1177,1521,0.13780195441980836
343,1179,1522,0.13782650409548056
340,1180,1520,0.13785180730641292
333,1168,1501,0.13788204162637052
336,1164,1500,0.13793064566379726
345,1171,1516,0.13796776162520208
337,1179,1516,0.1379779036424779
329,1168,1497,0.1380095668528001
334,1184,1518,0.13806083653721607
331,1188,1519,0.13809483754101193
327,1190,1517,0.13813509662458734
323,1189,1512,0.13818306438980188
316,1187,1503,0.13823772661815947
319,1194,1513,0.13830850971887895
326,1200,1526,0.13836737417459627
325,1200,1525,0.13840408736140045
330,1201,1531,0.13844075211173834
329,1200,1529,0.13846149237876149
319,1197,1516,0.13848380244953964
312,1191,1503,0.13853209531561034
315,1199,1514,0.1385970194373275
314,1191,1505,0.13864859800960275
315,1198,1513,0.1386997129312961
316,1189,1505,0.13874464052820862
318,1185,1503,0.13878343686415856
321,1189,1510,0.13881313228596143
320,1195,1515,0.1388335918046335
322,1197,1519,0.1388557947846423
323,1196,1519,0.13887074599021632
328,1188,1516,0.13888104729436032
330,1182,1512,0.1388774902979696
323,1175,1498,0.13886923537207188
322,1171,1493,0.13887987461453666
322,1184,1506,0.13889258042917255
321,1183,1504,0.13890499573578488
316,1181,1497,0.13891946045692147
320,1179,1499,0.13894642658878237
321,1174,1495,0.1389616850834056
313,1181,1494,0.13897401803976184
311,1195,1506,0.13900792219090014
309,1205,1514,0.13904588264008705
307,1213,1520,0.1390861650148304
310,1213,1523,0.13912732155110233
307,1210,1517,0.1391579664442016
315,1205,1520,0.1391952644551989
311,1198,1509,0.139208472834828
315,1201,1516,0.13923112605702126
313,1210,1523,0.13924035701557907
311,1222,1533,0.13925530131731134
314,1211,1525,0.13927530736977978
317,1204,1521,0.13928616631085497
311,1197,1508,0.13928817537942362
312,1186,1498,0.1393069097733081
313,1195,1508,0.13932168966730793
312,1198,1510,0.13933377347096562
311,1192,1503,0.13934819258507727
312,1198,1510,0.13936493011521062
314,1203,1517,0.13937638113470593
315,1201,1516,0.1393806446184634
311,1209,1520,0.13938181691799237
309,1195,1504,0.13939342161660176
313,1197,1510,0.13940935261537646
311,1202,1513,0.13941358860626793
309,1201,1510,0.13942432966200966
312,1201,1513,0.13943929429219304
310,1197,1507,0.13944534948602588
308,1196,1504,0.1394555818870017
309,1194,1503,0.1394707181705071
313,1195,1508,0.13948055948662946
307,1209,1516,0.13947922252413966
307,1208,1515,0.13949433888716053
303,1204,1507,0.1395086180682049
302,1215,1517,0.13953299157351065
303,1218,1521,0.13955819492222848
303,1205,1508,0.13957912837077047
301,1203,1504,0.13959825586392866
302,1214,1516,0.13962079530912294
308,1208,1516,0.139638519708013
308,1216,1524,0.1396393181506408
303,1200,1503,0.13964047840192204
305,1216,1521,0.13965603160009532
298,1220,1518,0.13966498086099247
292,1218,1510,0.1396914498119287
296,1226,1522,0.13973312887998657
297,1227,1524,0.1397608973092041
297,1223,1520,0.1397836062334984
301,1211,1512,0.13980494974206675
305,1220,1525,0.13981434318142422
304,1223,1527,0.13981376902733614
307,1220,1527,0.13981611554365408
303,1206,1509,0.1398097712272163
298,1211,1509,0.13981560453910963
295,1228,1523,0.13983526788254197
305,1221,1526,0.13986196977336526
305,1207,1512,0.1398582497400188
307,1200,1507,0.1398543096067158
301,1202,1503,0.13984465434260082
304,1211,1515,0.13985228840953515
297,1220,1517,0.13985158928370092
295,1227,1522,0.13987183090819091
299,1232,1531,0.13989546136560427
299,1222,1521,0.1399058918664863
295,1223,1518,0.13991623177369683
291,1229,1520,0.13993787172059757
292,1234,1526,0.13996993592865667
288,1234,1522,0.13999676209429332
294,1232,1526,0.1400332218499206
293,1219,1512,0.14004975553598054
299,1228,1527,0.14006780796125845
301,1225,1526,0.14006827181728207
298,1219,1517,0.14006197751002056
298,1227,1525,0.140064657817368
299,1224,1523,0.14006625862421476
296,1225,1521,0.14006518150463285
296,1226,1522,0.14007242939232417
302,1215,1517,0.14007804660027706
301,1223,1524,0.1400660384236226
295,1220,1515,0.14005863120441514
290,1218,1508,0.14006856427498074
293,1216,1509,0.14009303481081647
291,1218,1509,0.1401069195174437
284,1222,1506,0.1401259259796022
289,1211,1500,0.14016159783779017
284,1213,1497,0.14017995209818054
284,1207,1491,0.14021074906428813
285,1218,1503,0.14023892525318973
288,1217,1505,0.14026180116317588
287,1232,1519,0.14027439153955418
283,1225,1508,0.14028915995869318
281,1227,1508,0.1403149191686362
281,1230,1511,0.14034388097586156
281,1224,1505,0.14037086197650833
278,1225,1503,0.14039636786397028
275,1231,1506,0.1404294248317859
277,1230,1507,0.14046883516892797
275,1243,1518,0.14049997678627768
275,1238,1513,0.14053455746924065
274,1242,1516,0.1405659238372596
274,1242,1516,0.14059812683765843
274,1239,1513,0.14062695593160815
267,1236,1503,0.140654151346753
267,1239,1506,0.14069930199583594
269,1240,1509,0.14074245765226573
272,1237,1509,0.14077608323621438
268,1234,1502,0.14079942406080054
273,1240,1513,0.14083289710675748
277,1242,1519,0.14085082341672095
276,1237,1513,0.14085718428867267
275,1239,1514,0.14086692041831758
280,1243,1523,0.14087880272303543
274,1245,1519,0.14087616295931873
271,1247,1518,0.14089032366918083
270,1247,1517,0.14091332662692457
266,1244,1510,0.14093809290012385
268,1235,1503,0.1409738831928041
267,1243,1510,0.14100184370704516
265,1247,1512,0.14103018059372777
259,1251,1510,0.14106322857590123
263,1255,1518,0.14111059281948216
263,1260,1523,0.14114372766248207
258,1256,1514,0.1411754926352957
261,1247,1508,0.14121835872235614
260,1249,1509,0.14124888192374288
257,1263,1520,0.14127990492596093
260,1265,1525,0.14131733035894317
263,1261,1524,0.14134438246010422
262,1257,1519,0.14136076695229
260,1260,1520,0.14137929421939627
258,1262,1520,0.14140241485599359
255,1247,1502,0.14142981801448584
245,1255,1500,0.14146340595820509
240,1245,1485,0.141523228942556
238,1253,1491,0.141592493075904
238,1268,1506,0.14166205500476248
238,1268,1506,0.14172654632412557
236,1268,1504,0.1417877475693884
237,1272,1509,0.14185115736768472
240,1271,1511,0.14190702093488622
244,1270,1514,0.1419505644994648
242,1268,1510,0.14198023443336225
242,1270,1512,0.14201323614936712
242,1270,1512,0.14204398252424796
240,1269,1509,0.14207389567257356
233,1264,1497,0.1421078154558861
237,1268,1505,0.14215928260069674
235,1275,1510,0.1421959354380736
237,1285,1522,0.14223629468163307
236,1276,1512,0.142268670016828
239,1277,1516,0.14230238112738744
236,1286,1522,0.14232540131746446
233,1276,1509,0.14235580793620703
233,1269,1502,0.14239269393628085
231,1280,1511,0.14242794255719382
228,1279,1507,0.14246561600620364
232,1273,1505,0.14250954469914243
237,1269,1506,0.1425379650440198
239,1277,1516,0.14255016457719658
239,1270,1509,0.14255659569507917
234,1276,1510,0.14256211825567314
233,1276,1509,0.1425818396367502
237,1285,1522,0.14260299704192536
237,1278,1515,0.14261113673757447
237,1274,1511,0.14261865580282898
236,1272,1508,0.14262561906456864
233,1267,1500,0.14263541191111642
235,1273,1508,0.14265342409970708
231,1276,1507,0.14266497685476046
236,1284,1520,0.14268793660383278
237,1270,1507,0.14269401324759678
239,1277,1516,0.14269540385321267
240,1281,1521,0.14269180655179117
232,1281,1513,0.14268505953331878
229,1269,1498,0.1427030005493651
228,1285,1513,0.14272646235022798
227,1281,1508,0.1427501162283903
226,1281,1507,0.14277600786057099
226,1278,1504,0.14280352928772275
224,1289,1513,0.14282975125833075
222,1292,1514,0.14285931520436082
218,1287,1505,0.14289330091270713
225,1289,1514,0.1429367150213135
226,1287,1513,0.14295755070996372
225,1287,1512,0.1429729555398151
227,1296,1523,0.14299050450058529
225,1302,1527,0.14300075654430747
223,1291,1514,0.14301584713073884
226,1280,1506,0.14303621318083104
225,1287,1512,0.14304618371227348
227,1289,1516,0.1430582365773383
229,1290,1519,0.1430639010711186
227,1284,1511,0.14306337183810228
226,1280,1506,0.14306882708675586
225,1282,1507,0.1430763434939254
233,1284,1517,0.14308574661628126
231,1284,1515,0.1430708375195039
225,1286,1511,0.14306281767582602
217,1296,1513,0.1430730415155175
219,1293,1512,0.14310552757432826
224,1277,1501,0.1431295953481926
218,1292,1510,0.1431387244554734
219,1296,1515,0.143164570695355
214,1285,1499,0.14318557486932007
218,1281,1499,0.1432197700007963
222,1279,1501,0.1432391987141358
226,1283,1509,0.14324606582597343
226,1283,1509,0.14324098277766972
224,1286,1510,0.14323592695172457
218,1276,1494,0.1432376074496494
221,1277,1498,0.14325612190889148
219,1287,1506,0.1432644094726554
219,1284,1503,0.14327800115101177
213,1283,1496,0.14329180414584194
213,1285,1498,0.14332160068646665
213,1296,1509,0.14334919521117256
219,1295,1514,0.14337589257417505
217,1308,1525,0.14338392978653186
220,1316,1536,0.14339814903540435
215,1311,1526,0.14340307809514014
211,1308,1519,0.14342215686707516
206,1312,1518,0.14345186140335478
211,1320,1531,0.14349428966641914
203,1327,1530,0.14351960544394568
205,1318,1523,0.1435664204081223
206,1317,1523,0.14360417972406683
205,1327,1532,0.14363624801841815
207,1325,1532,0.1436671323468958
207,1316,1523,0.1436905914154589
209,1309,1518,0.1437126126904893
213,1318,1531,0.14372744049915584
211,1313,1524,0.1437302920139224
208,1311,1519,0.14373898285973913
209,1312,1521,0.1437556450672642
202,1308,1510,0.14376831057882508
195,1308,1503,0.14379901248685262
196,1310,1506,0.14384697520083692
196,1301,1497,0.14388971568309442
191,1304,1495,0.14393005629708872
186,1301,1487,0.14398310621501229
190,1321,1511,0.14404718898862887
185,1325,1510,0.14409760591588014
185,1330,1515,0.1441585085841566
187,1341,1528,0.1442161187108198
185,1328,1513,0.14426461767739618
182,1338,1520,0.14431618760375994
182,1334,1516,0.1443729201186617
183,1339,1522,0.1444259771157957
184,1340,1524,0.14447297186387023
181,1346,1527,0.14451494097240933
181,1343,1524,0.14456382522474187
178,1341,1519,0.14460913784279827
179,1343,1522,0.1446600537011113
182,1331,1513,0.14470470639863642
181,1341,1522,0.1447377864054712
179,1339,1518,0.1447706089483768
180,1341,1521,0.14480777941655856
178,1339,1517,0.14483923878671434
180,1340,1520,0.14487401744985776
178,1325,1503,0.1449005572050574
180,1330,1510,0.14493006842089354
182,1340,1522,0.14495132745340275
184,1344,1528,0.14496604605993205
183,1338,1521,0.14497407181558994
182,1317,1499,0.144984135667131
180,1321,1501,0.14499638474141374
176,1318,1494,0.14501428825246973
176,1330,1506,0.14504270722390708
177,1334,1511,0.14506933681115097
175,1347,1522,0.14509137767757121
174,1356,1530,0.14511677508481735
172,1350,1522,0.14514446402710462
171,1350,1521,0.14517578141940912
172,1342,1514,0.1452079851167731
162,1354,1516,0.14523533639887595
160,1359,1519,0.14529010992648536
158,1364,1522,0.14534771244339137
153,1361,1514,0.14540771025621727
152,1361,1513,0.14547898070148693
153,1364,1517,0.14554858117022829
156,1350,1506,0.14561114882811302
154,1364,1518,0.145661776865683
155,1364,1519,0.1457153545319189
154,1358,1512,0.14576285195607983
156,1348,1504,0.14581058551708576
154,1357,1511,0.1458492033889129
152,1359,1511,0.1458917371479051
155,1366,1521,0.14593849890684582
151,1359,1510,0.1459730933350063
148,1359,1507,0.146016796563851
156,1355,1511,0.14606689712003723
155,1358,1513,0.14609035865695286
158,1358,1516,0.14611532588796228
152,1353,1505,0.14612975281600962
153,1364,1517,0.1461607725216623
154,1359,1513,0.14618702371115389
157,1343,1500,0.14620889820404012
158,1354,1512,0.1462200726513684
158,1360,1518,0.1462281737580119
158,1349,1507,0.14623593757352188
156,1351,1507,0.14624385944461046
154,1360,1514,0.14625738442097322
156,1373,1529,0.1462754053512764
154,1369,1523,0.1462863813119507
150,1364,1514,0.14630221034353
142,1369,1511,0.14632808904847647
145,1362,1507,0.1463763477161844
143,1357,1500,0.14641290206778002
144,1369,1513,0.1464530591903758
143,1377,1520,0.1464878028370413
144,1372,1516,0.14652416100698948
141,1382,1523,0.14655484310649272
141,1382,1523,0.1465915477663284
139,1383,1522,0.14662601323710883
139,1371,1510,0.1466641723693041
146,1370,1516,0.14669993080416535
144,1371,1515,0.14671299822131956
143,1378,1521,0.14673169318130352
140,1387,1527,0.14675196720500755
138,1383,1521,0.1467803836388261
140,1392,1532,0.14681265337334584
140,1391,1531,0.14683728789786002
138,1383,1521,0.14686064180645522
135,1385,1520,0.14688801485564495
137,1384,1521,0.14692313299758009
135,1385,1520,0.14695049791970938
135,1375,1510,0.14698104006642926
132,1373,1505,0.1470095833959612
133,1386,1519,0.14704630493259813
131,1378,1509,0.1470784268846962
137,1369,1506,0.14711449298386584
136,1381,1517,0.14713162740421878
132,1370,1502,0.1471503274890085
134,1379,1513,0.14717948334817882
135,1370,1505,0.14720069773821234
138,1373,1511,0.1472175099457635
137,1380,1517,0.14722534723929834
137,1377,1514,0.14723520785456146
139,1370,1509,0.14724450628893218
134,1370,1504,0.14724842200280128
135,1360,1495,0.14726777389996937
138,1370,1508,0.14728336192578204
138,1374,1512,0.14728995558449234
137,1384,1521,0.14729468025836323
134,1390,1524,0.1473020577298747
137,1391,1528,0.1473193111115685
139,1376,1515,0.1473267893844058
137,1390,1527,0.1473281032770789
135,1385,1520,0.147334804882861
134,1392,1526,0.14734649395464708
133,1401,1534,0.14736046216936013
133,1400,1533,0.14737695845485083
130,1392,1522,0.1473931470024916
131,1389,1520,0.14741706438878371
133,1388,1521,0.1474363555664785
138,1390,1528,0.1474473587418811
136,1372,1508,0.14744238728737472
135,1386,1521,0.14744375022294476
133,1387,1520,0.1474480352582101
131,1382,1513,0.14745778280284141
126,1392,1518,0.1474727653651287
125,1390,1515,0.1475011953886441
127,1386,1513,0.14753059487245776
125,1387,1512,0.1475519820595294
125,1391,1516,0.1475788986935288
123,1395,1518,0.14760378588739972
124,1393,1517,0.14763292076144888
122,1382,1504,0.14765902089060723
121,1375,1496,0.14769009250889045
121,1377,1498,0.14772183461782865
121,1390,1511,0.14775093368215586
119,1395,1514,0.14777822794679504
115,1404,1519,0.14781032033625136
114,1405,1519,0.1478521286507985
112,1403,1515,0.14789455714493044
111,1398,1509,0.14794013617879842
110,1415,1525,0.14798516730935807
108,1412,1520,0.14803044796713277
108,1418,1526,0.14807832659037165
107,1413,1520,0.14812362326444703
106,1419,1525,0.14817004999381808
109,1421,1530,0.1482165721182463
106,1413,1519,0.1482513486003249
109,1415,1524,0.14829291936828057
109,1405,1514,0.14832334591639565
111,1407,1518,0.1483520188338899
110,1402,1512,0.14837301133460767
111,1393,1504,0.14839541755905658
108,1406,1514,0.14841402622973696
110,1404,1514,0.14844132772407873
112,1394,1506,0.14846014189792078
114,1393,1507,0.14847218764441583
115,1395,1510,0.148477010325303
115,1388,1503,0.1484786321164018
117,1382,1499,0.14848103188456163
114,1392,1506,0.1484778348772695
114,1401,1515,0.14848236770188128
114,1403,1517,0.1484868497547886
116,1407,1523,0.14849109192268684
113,1418,1531,0.14849039314184936
111,1415,1526,0.14849859902419751
108,1424,1532,0.14851269741759845
108,1421,1529,0.14853524199722246
106,1415,1521,0.14855717674173366
105,1414,1519,0.14858358430259344
106,1405,1511,0.1486112442472528
105,1412,1517,0.1486342475350054
107,1410,1517,0.14865841751924372
106,1405,1511,0.14867544981595052
106,1398,1504,0.14869429766112394
106,1412,1518,0.1487117093764987
104,1405,1509,0.1487279663176538
102,1411,1513,0.14874870547706265
107,1424,1531,0.1487740275699062
104,1407,1511,0.14878291334290367
105,1404,1509,0.14880003711411835
105,1396,1501,0.1488127291369668
102,1410,1512,0.148824444138013
102,1419,1521,0.1488436497983942
104,1427,1531,0.14886180475607744
101,1425,1526,0.14887325767965326
98,1422,1520,0.1488928995765278
97,1424,1521,0.14892124490078762
94,1419,1513,0.14895037923560403
94,1405,1499,0.14898682576691472
94,1421,1515,0.14902111039604615
90,1412,1502,0.14905295441122438
88,1424,1512,0.14909461233197174
88,1405,1493,0.1491388787503929
87,1403,1490,0.14918006823967658
85,1405,1490,0.14922189977796704
84,1411,1495,0.14926707728074762
86,1421,1507,0.1493122605664029
86,1413,1499,0.1493478991764482
88,1427,1515,0.14938117836097053
88,1426,1514,0.1494060382942526
89,1428,1517,0.14943005217526445
86,1440,1526,0.14945047482778104
89,1434,1523,0.1494784790923238
91,1431,1522,0.14949485373781393
86,1423,1509,0.14950483689851451
89,1438,1527,0.14952813550258534
88,1436,1524,0.14954155547140932
87,1439,1526,0.14955703929133662
87,1439,1526,0.1495737440185686
88,1429,1517,0.14959034063494417
88,1428,1516,0.14960285286950867
87,1455,1542,0.14961460100741866
88,1439,1527,0.14962957216632142
88,1438,1526,0.14964118703198864
88,1430,1518,0.14965284798502906
88,1434,1522,0.14966414357126506
86,1425,1511,0.14967488673057044
86,1432,1518,0.14969096648754376
87,1415,1502,0.14970592784823292
84,1417,1501,0.1497172644215405
85,1421,1506,0.14973689019418643
86,1420,1506,0.1497523536208438
87,1424,1511,0.14976381367004155
86,1430,1516,0.14977193545586842
83,1436,1519,0.1497825900134538
81,1432,1513,0.14980081938740775
85,1436,1521,0.14982294837076723
87,1444,1531,0.14983203349628846
85,1444,1529,0.149835186342583
87,1434,1521,0.14984373313561403
88,1419,1507,0.149845687680835
86,1431,1517,0.14984440257771162
86,1427,1513,0.14984926932165468
87,1434,1521,0.14985433586187683
81,1434,1515,0.14985644183289637
82,1421,1503,0.14987461497285368
83,1408,1491,0.14988884789903587
83,1414,1497,0.1498998521939792
80,1414,1494,0.14991009126085114
83,1421,1504,0.14992674642763176
82,1430,1512,0.14993363616528427
79,1447,1526,0.14994344551110403
80,1439,1519,0.14996132846873875
79,1444,1523,0.14997518524032952
79,1433,1512,0.14999103041780518
81,1441,1522,0.15000547575103687
82,1435,1517,0.1500125608349554
84,1446,1530,0.15001604358628476
80,1439,1519,0.15001366064583224
81,1441,1522,0.15002326522990841
80,1448,1528,0.15002924695117617
78,1446,1524,0.15003784073392537
78,1445,1523,0.15005215156952295
78,1445,1523,0.15006601314005322
78,1445,1523,0.1500792119203865
81,1436,1517,0.1500912753261929
85,1439,1524,0.15009308104057711
84,1438,1522,0.150082487448951
84,1422,1506,0.15007525755928242
85,1425,1510,0.15006865488670101
85,1440,1525,0.1500595274550788
84,1433,1517,0.15005099181520368
84,1437,1521,0.15004586219507576
85,1430,1515,0.1500405872737772
81,1431,1512,0.1500322448019889
83,1425,1508,0.1500347679764183
81,1435,1516,0.15003200946173104
83,1446,1529,0.15003561350462916
84,1436,1520,0.15003271130610316
86,1433,1519,0.15002779573488845
86,1429,1515,0.15001755172573916
85,1433,1518,0.15000775386367335
84,1437,1521,0.15000161413840013
85,1438,1523,0.14999843753894296
85,1445,1530,0.14999247789288325
85,1433,1518,0.14998678212653263
84,1431,1515,0.14998149058859653
82,1425,1507,0.14998000926433458
84,1436,1520,0.14998438643594483
85,1438,1523,0.1499825753433242
85,1444,1529,0.14997789006094478
83,1440,1523,0.14997346140888473
84,1435,1519,0.1499749893495657
87,1429,1516,0.14997324156273828
85,1424,1509,0.14996293715424808
83,1430,1513,0.14995893303366273
82,1432,1514,0.14996074798769807
81,1423,1504,0.14996629546909473
78,1434,1512,0.14997380175508035
77,1434,1511,0.1499891123710346
79,1424,1503,0.15000654269003236
80,1414,1494,0.1500174304885557
82,1430,1512,0.15002516674758173
77,1433,1510,0.15002671777570586
77,1423,1500,0.15004263316748975
79,1428,1507,0.15005732396140506
76,1436,1512,0.15006580846513856
80,1433,1513,0.15008270287965572
79,1445,1524,0.15008682100287427
76,1445,1521,0.1500937642087843
73,1452,1525,0.1501089748055835
75,1442,1517,0.15013178940119715
76,1445,1521,0.15014715719338445
81,1437,1518,0.15015818782349402
79,1436,1515,0.15015346948572966
79,1443,1522,0.1501553433496485
79,1434,1513,0.15015713958992744
79,1435,1514,0.1501588957411988
78,1442,1520,0.15016091194459688
75,1446,1521,0.15016576653804786
72,1445,1517,0.15017867628624817
72,1451,1523,0.15019974800358407
69,1451,1520,0.15021912805269172
68,1457,1525,0.15024682352486798
66,1466,1532,0.1502754533791057
68,1463,1531,0.15030822429564275
67,1454,1521,0.15033333787345918
65,1450,1515,0.1503600662846015
58,1448,1506,0.15039094057358493
61,1451,1512,0.15044030563835337
62,1458,1520,0.1504778156644461
61,1451,1512,0.15050998774701008
62,1438,1500,0.1505431577442085
61,1448,1509,0.15057143602290332
61,1460,1521,0.1506008817545896
61,1462,1523,0.15062865296615718
59,1459,1518,0.15065488959677123
60,1468,1528,0.15068593301435632
61,1469,1530,0.15071208471521483
63,1482,1545,0.15073377245657363
64,1477,1541,0.15074853694657267
62,1472,1534,0.15075956769331497
58,1471,1529,0.15077631475623504
60,1469,1529,0.15080405599179791
59,1476,1535,0.15082415025368215
60,1456,1516,0.15084569283499322
58,1462,1520,0.15086298066546053
60,1463,1523,0.15088493816186888
60,1448,1508,0.15089972478804056
59,1452,1511,0.15091367637267727
58,1449,1507,0.15093013726856977
59,1450,1509,0.1509488063936165
59,1453,1512,0.1509637709572188
59,1457,1516,0.15097793237134374
58,1457,1515,0.15099196585815697
56,1467,1523,0.15100813495787901
55,1464,1519,0.15102911150315168
55,1469,1524,0.15105164951255692
55,1466,1521,0.15107303555177257
54,1475,1529,0.15109308419094705
53,1471,1524,0.1511148164477284
54,1476,1530,0.15113827859278214
54,1460,1514,0.15115738113553964
52,1465,1517,0.151174925772156
52,1460,1512,0.15119728162947665
51,1452,1503,0.15121812405825985
52,1453,1505,0.151240302936335
53,1454,1507,0.1512582631411279
53,1457,1510,0.15127230409568285
55,1461,1516,0.15128517378915338
54,1462,1516,0.15129137702486425
54,1458,1512,0.15129996141950094
53,1454,1507,0.15130805637293862
54,1466,1520,0.15131855182357035
55,1486,1541,0.15132541545711858
56,1478,1534,0.15132862943058342
56,1475,1531,0.15132885379219346
57,1453,1510,0.15132876542552845
54,1456,1510,0.15132550584056495
52,1471,1523,0.1513314147095627
56,1460,1516,0.15134248669008998
57,1456,1513,0.15134086921633094
58,1457,1515,0.15133650874381757
59,1453,1512,0.15132955158156836
58,1444,1502,0.15132054897679115
62,1460,1522,0.1513151861989978
58,1454,1512,0.15129826276002742
55,1455,1510,0.15129397995524776
55,1451,1506,0.1512986854078157
59,1447,1506,0.15130342288262133
60,1444,1504,0.1512959648153835
60,1447,1507,0.15128574839014547
60,1454,1514,0.15127686425550912
61,1457,1518,0.1512682715368297
61,1448,1509,0.15125720301087714
65,1448,1513,0.15124651499754646
63,1448,1511,0.15122455244498612
60,1464,1524,0.1512103073228252
61,1462,1523,0.1512057659144883
62,1467,1529,0.15119856883055122
62,1457,1519,0.1511889144951984
62,1453,1515,0.15117961955970005
61,1440,1501,0.1511709390164972
63,1439,1502,0.1511658408778519
61,1434,1495,0.15115495492107558
65,1429,1494,0.15115078968138432
65,1452,1517,0.15113502895394837
67,1451,1518,0.1511206117708839
65,1447,1512,0.15110171719013113
64,1453,1517,0.15109049261477195
65,1456,1521,0.1510832238218436
64,1441,1505,0.15107319315797374
67,1436,1503,0.15106641537879273
65,1443,1508,0.1510513485671466
63,1443,1506,0.15104328644214343
63,1434,1497,0.15104198841518893
64,1447,1511,0.15104100565494682
67,1444,1511,0.15103740674840815
65,1452,1517,0.15102497086452238
63,1463,1526,0.15101883383025996
61,1456,1517,0.15101896494091768
60,1464,1524,0.15102472962738298
61,1459,1520,0.1510330404373875
61,1447,1508,0.15103782209118383
62,1446,1508,0.15104183773669774
63,1426,1489,0.1510425170052301
64,1445,1509,0.1510405278330059
62,1444,1506,0.15103575610952996
62,1445,1507,0.15103768735961276
62,1446,1508,0.1510396805243273
63,1457,1520,0.1510416485958023
59,1455,1514,0.15104080190984392
58,1459,1517,0.15105288793970437
59,1470,1529,0.15106719014187484
56,1472,1528,0.1510774458492291
56,1466,1522,0.15109562301807103
54,1466,1520,0.1511128947859164
53,1464,1517,0.1511350466080135
56,1472,1528,0.1511584690482723
57,1462,1519,0.15117188707652818
56,1474,1530,0.15118208910554867
54,1461,1515,0.15119466755627897
56,1462,1518,0.15121264894945696
55,1460,1515,0.15122380299165622
53,1458,1511,0.15123732242363808
52,1460,1512,0.15125558762731792
54,1458,1512,0.1512756856062436
55,1468,1523,0.15128861527310078
55,1463,1518,0.15129741914053027
53,1461,1514,0.15130558010963766
56,1479,1535,0.15131889445305993
57,1477,1534,0.15132281841321826
56,1466,1522,0.15132395387869288
54,1455,1509,0.15132826070218278
53,1459,1512,0.1513378392837017
51,1452,1503,0.15134968912207244
52,1461,1513,0.15136611683921525
53,1468,1521,0.15137864495787054
52,1482,1534,0.15138761188154484
51,1475,1526,0.15139843059249306
53,1474,1527,0.15141169431976872
53,1474,1527,0.1514182811737793
53,1464,1517,0.15142416721834961
51,1461,1512,0.15142956180424935
52,1455,1507,0.1514402560811507
54,1465,1519,0.15144703171191226
57,1452,1509,0.15144730109182197
55,1458,1513,0.15143868047025588
55,1450,1505,0.151436718499952
55,1458,1513,0.15143435205816755
54,1458,1512,0.1514321715811194
50,1450,1500,0.15143298655732576
52,1450,1502,0.15144562781807142
54,1464,1518,0.15145128373301492
52,1465,1517,0.15145031942198423
53,1454,1507,0.1514553759634101
52,1456,1508,0.1514569762303015
51,1456,1507,0.1514615031224444
52,1460,1512,0.15146880912692448
52,1452,1504,0.1514730498867126
53,1452,1505,0.15147708425405554
52,1453,1505,0.15147745439674573
52,1462,1514,0.15148043336224135
53,1464,1517,0.15148295121348285
53,1458,1511,0.1514823107547194
53,1458,1511,0.15148184799660683
53,1469,1522,0.1514815727669211
56,1478,1534,0.15148138291773808
58,1473,1531,0.1514724581954942
57,1463,1520,0.15145832310209173
57,1472,1529,0.15144813188105885
59,1466,1525,0.15143868364085716
57,1465,1522,0.1514235549463452
57,1462,1519,0.15141543091822018
58,1468,1526,0.15140815887492579
61,1464,1525,0.15139861607558922
62,1463,1525,0.15138117691887057
65,1469,1534,0.15136208246036412
64,1463,1527,0.15133594437854841
63,1464,1527,0.1513144070266159
62,1462,1524,0.1512975224581482
61,1450,1511,0.15128474182703408
64,1463,1527,0.15127517878046476
64,1452,1516,0.1512571829651761
62,1468,1530,0.1512402668768711
62,1474,1536,0.15122993128002707
61,1457,1518,0.15122016114046577
65,1444,1509,0.1512137080395407
64,1450,1514,0.15119602320704353
66,1444,1510,0.15118249525169855
66,1463,1529,0.1511634923810592
65,1471,1536,0.15114573248257485
65,1462,1527,0.15113236106433312
63,1454,1517,0.15111904310789767
63,1454,1517,0.1511121870284943
63,1455,1518,0.1511063377473856
66,1465,1531,0.15110080645169055
62,1462,1524,0.15108695562564547
61,1456,1517,0.15108620737374534
61,1472,1533,0.151087879832975
60,1466,1526,0.15108962694076566
59,1471,1530,0.15109412564374103
59,1461,1520,0.1511014056993414
63,1450,1513,0.15110807386846864
64,1448,1512,0.1511027053616745
65,1451,1516,0.1510946879397133
62,1447,1509,0.15108468454318139
61,1439,1500,0.15108364428799576
60,1435,1495,0.15108605742444792
54,1446,1500,0.1510912352481541
55,1449,1504,0.1511136825482731
56,1445,1501,0.15113193979675865
59,1457,1516,0.15114578822105193
57,1458,1515,0.15115028714172812
56,1469,1525,0.15116041707197497
55,1470,1525,0.15117262828504954
57,1466,1523,0.15118710269563315
54,1480,1534,0.15119492179404234
55,1466,1521,0.15121094083545458
55,1459,1514,0.1512227056517946
54,1466,1520,0.1512341039639535
52,1450,1502,0.151247567798418
54,1460,1514,0.15126659947654203
54,1470,1524,0.1512789785505232
55,1474,1529,0.15129067506419175
52,1480,1532,0.15129831015941456
54,1455,1509,0.1513141162570459
54,1458,1512,0.1513231546420629
53,1459,1512,0.15133160081731625
54,1459,1513,0.15134246096314508
55,1454,1509,0.1513493627183629
55,1455,1510,0.1513532686433709
55,1465,1520,0.15135659430460774
56,1444,1500,0.15136013731438025
55,1456,1511,0.15136034865483525
53,1457,1510,0.15136359275762806
52,1457,1509,0.15137225350271696
52,1451,1503,0.15138307671352916
49,1459,1508,0.15139289043554613
49,1471,1520,0.1514110078682322
47,1470,1517,0.15142741603960272
50,1469,1519,0.151448575843231
49,1464,1513,0.15145961185664347
50,1472,1522,0.1514729906891836
50,1477,1527,0.15148334080501333
50,1473,1523,0.15149310327947466
51,1467,1518,0.15150206925231569
48,1463,1511,0.15150756834613666
49,1462,1511,0.15152146166823535
49,1470,1519,0.15153149551021117
49,1461,1510,0.15154106420969923
50,1463,1513,0.1515500553343861
48,1464,1512,0.15155564742427718
47,1455,1502,0.15156670147624207
48,1467,1515,0.15158000631936347
49,1475,1524,0.15158986777067832
49,1470,1519,0.15159594404443186
45,1473,1518,0.15160165921218788
41,1476,1517,0.15161865927561313
42,1467,1509,0.1516461304110892
38,1473,1511,0.15166899217214833
37,1488,1525,0.15170275078501377
37,1490,1527,0.15173750451743295
37,1487,1524,0.1517700940998628
37,1489,1526,0.15180064180811895
34,1479,1513,0.1518297027348968
33,1493,1526,0.15186630711554605
32,1499,1531,0.15190344121732566
32,1493,1525,0.15194119029093922
32,1498,1530,0.15197656458844122
33,1502,1535,0.15200973421549357
32,1482,1514,0.15203763536638903
31,1500,1531,0.15206660280445522
32,1487,1519,0.15209653142417748
32,1471,1503,0.15212166020191467
32,1477,1509,0.15214543135106193
33,1490,1523,0.15216753307243025
34,1495,1529,0.1521850485323005
36,1496,1532,0.1521984462374035
35,1497,1532,0.15220500766920086
35,1495,1530,0.152214843623944
37,1495,1532,0.15222457777120496
36,1489,1525,0.15222734051331044
36,1485,1521,0.1522324883854761
38,1486,1524,0.1522377798917711
36,1491,1527,0.15223678724437123
36,1490,1526,0.15224181340663404
36,1484,1520,0.15224657716940557
36,1481,1517,0.15225107899319656
36,1491,1527,0.1522551064044912
37,1489,1526,0.15225905639141846
36,1482,1518,0.15225995595993272
36,1483,1519,0.15226364193936845
37,1485,1522,0.1522671522320581
36,1487,1523,0.15226767332666896
38,1479,1517,0.15227106648259234
37,1487,1524,0.15226813295834962
36,1492,1528,0.1522682635241523
34,1487,1521,0.15227127014532776
33,1491,1524,0.15228004856070487
34,1478,1512,0.1522914276340172
34,1471,1505,0.1522992121767654
34,1474,1508,0.15230652237449477
34,1494,1528,0.15231337474267892
33,1482,1515,0.1523197995960155
32,1471,1503,0.1523286521142814
32,1487,1519,0.15234002812350964
32,1493,1525,0.1523505948326479
32,1472,1504,0.15236044799523019
33,1466,1499,0.15236965012087916
35,1475,1510,0.15237462064541474
33,1477,1510,0.1523735441130562
32,1480,1512,0.15237759137775161
32,1481,1513,0.15238441160347285
31,1470,1501,0.1523907512517643
32,1470,1502,0.15239986104765274
32,1481,1513,0.1524055317935683
33,1491,1524,0.15241088148119128
33,1499,1532,0.15241269580257236
33,1489,1522,0.15241459992091116
31,1489,1520,0.15241616066701266
30,1487,1517,0.15242332372724332
31,1488,1519,0.15243297273302134
31,1478,1509,0.15243866512583415
31,1475,1506,0.15244367127110928
31,1479,1510,0.1524483207343165
32,1489,1521,0.15245268692434893
33,1495,1528,0.1524539389195495
30,1492,1522,0.15245216041708393
29,1477,1506,0.1524595188647279
29,1492,1521,0.15246925951099793
29,1489,1518,0.1524784008296033
30,1499,1529,0.15248695907485182
29,1480,1509,0.15249195265128174
30,1482,1512,0.1524998826574658
30,1492,1522,0.1525044101966096
30,1486,1516,0.15250869045006618
31,1497,1528,0.15251272476638258
29,1481,1510,0.15251332115468422
30,1475,1505,0.15252001170019594
29,1495,1524,0.1525236390072324
29,1488,1517,0.1525299871987047
28,1495,1523,0.15253596755257162
27,1500,1527,0.15254441429027185
27,1499,1526,0.15255555108816862
26,1484,1510,0.15256603021392973
26,1475,1501,0.15257933797555964
26,1475,1501,0.15259183150115008
26,1489,1515,0.15260404254570814
26,1498,1524,0.15261552860506858
26,1506,1532,0.15262634792203267
25,1511,1536,0.15263629373838888
24,1505,1529,0.1526485956807646
22,1501,1523,0.15266331536635996
22,1502,1524,0.15268295775011287
21,1492,1513,0.152701383119642
21,1501,1522,0.15272171523365985
21,1495,1516,0.1527404766605965
24,1492,1516,0.1527585105073489
23,1496,1519,0.15276610587494624
23,1499,1522,0.15277639572085427
24,1503,1527,0.15278606510331638
23,1511,1534,0.152792128317653
23,1506,1529,0.15280109193299066
22,1495,1517,0.15280954404635097
22,1498,1520,0.15282047815100266
23,1503,1526,0.15283063427827218
24,1498,1522,0.15283717073638087
24,1496,1520,0.1528401446012978
23,1494,1517,0.1528430724539663
22,1500,1522,0.15284887787621224
22,1496,1518,0.15285726050350554
21,1484,1505,0.1528651630302668
21,1489,1510,0.15287559595563757
23,1485,1508,0.1528853689769125
23,1484,1507,0.15288840657223438
23,1491,1514,0.15289131061207392
24,1482,1506,0.15289406058025645
23,1475,1498,0.15289345347514305
22,1492,1514,0.1528957659355648
22,1496,1518,0.1529009135941566
22,1492,1514,0.15290572843315584
22,1493,1515,0.15291015302077524
21,1501,1522,0.1529142639772516
21,1506,1527,0.15292118826447249
21,1509,1530,0.15292765843650866
22,1502,1524,0.15293371667516303
22,1489,1511,0.15293620089720655
23,1489,1512,0.15293851255179935
24,1508,1532,0.15293769415832575
24,1500,1524,0.15293374882424168
23,1488,1511,0.15293006136362863
23,1491,1514,0.15292969570879167
23,1481,1504,0.15292933148476592
23,1485,1508,0.1529291821695643
24,1506,1530,0.15292900102370946
23,1501,1524,0.15292581815402628
24,1486,1510,0.15292587718926226
24,1493,1517,0.1529227151505787
23,1501,1524,0.15291974476496364
24,1500,1524,0.1529200469563032
25,1491,1516,0.15291714672740464
26,1495,1521,0.15291123992086286
26,1484,1510,0.15290252150316178
27,1486,1513,0.15289435477673927
27,1490,1517,0.15288352511893538
26,1496,1522,0.1528733764275159
26,1504,1530,0.1528668806874546
26,1502,1528,0.15286077598720907
27,1504,1531,0.15285504139183018
27,1500,1527,0.15284648828466654
25,1506,1531,0.15283847105561552
26,1497,1523,0.15283723268697297
27,1495,1522,0.15283296891653653
26,1490,1516,0.15282578639562341
24,1490,1514,0.1528221948432177
25,1489,1514,0.15282469778476016
27,1488,1515,0.1528240077645891
27,1493,1520,0.15281726301157506
28,1499,1527,0.15281092251793113
28,1492,1520,0.1528017143746902
27,1494,1521,0.15279306865323738
27,1493,1520,0.15278814560393786
28,1486,1514,0.1527835342752319
28,1486,1514,0.15277616336403688
29,1489,1518,0.1527691913200535
30,1490,1520,0.15275951331273338
30,1481,1511,0.15274736273915634
30,1478,1508,0.15273599432517632
30,1474,1504,0.1527253330802153
30,1474,1504,0.15271532970529528
30,1485,1515,0.15270594120202857
30,1479,1509,0.15269712820992448
30,1479,1509,0.15268885427052356
29,1491,1520,0.15268108547334225
27,1486,1513,0.1526767675812895
25,1493,1518,0.15267889062248735
24,1494,1518,0.1526869617097745
24,1494,1518,0.15269764141473058
25,1488,1513,0.15270766632816157
23,1493,1516,0.15271398715286327
21,1499,1520,0.15272617247681516
21,1507,1528,0.1527438948316388
21,1503,1524,0.15276052485113367
21,1501,1522,0.15277607548982222
19,1495,1514,0.1527906661073407
19,1513,1532,0.15281066055754156
18,1500,1518,0.15282940765187408
20,1501,1521,0.15285017435702167
20,1489,1509,0.1528633404189906
20,1492,1512,0.15287572430468532
18,1490,1508,0.15288736325313634
19,1502,1521,0.15290457154527914
19,1494,1513,0.15291770721678596
20,1488,1508,0.15293001609925813
20,1478,1498,0.15293843029803555
20,1469,1489,0.152946361053356
18,1477,1495,0.152953833507615
18,1484,1502,0.1529670105780758
17,1498,1515,0.15297946527420409
15,1509,1524,0.15299437452771936
17,1503,1520,0.15301474941609253
17,1516,1533,0.15302758525610055
18,1507,1525,0.1530396596849611
17,1514,1531,0.15304784285743003
16,1504,1520,0.153058696916138
17,1508,1525,0.1530720602633096
16,1500,1516,0.15308146741461975
14,1506,1520,0.15309341607437027
14,1506,1520,0.15311100861849447
14,1499,1513,0.15312754853562363
14,1492,1506,0.15314309402756332
14,1502,1516,0.1531577043172426
14,1497,1511,0.15317143603238714
14,1502,1516,0.1531843426658602
14,1497,1511,0.15319647449760612
14,1498,1512,0.15320787869051547
14,1514,1528,0.15321859945182217
13,1511,1524,0.15322867821381894
13,1521,1534,0.15324133889677186
13,1513,1526,0.15325323834382598
12,1506,1518,0.15326442333050302
12,1503,1515,0.1532780972824156
12,1514,1526,0.15329094258824935
13,1512,1525,0.15330301322712203
13,1513,1526,0.15331130420189099
12,1512,1524,0.1533190655332902
12,1505,1517,0.15332936215756546
13,1518,1531,0.15333907748827247
13,1520,1533,0.15334501495680242
13,1510,1523,0.15335060112492913
13,1513,1526,0.15335585980539534
12,1501,1513,0.15336080954741274
13,1502,1515,0.153368635120996
13,1498,1511,0.15337264812790607
13,1496,1509,0.15337650838675868
12,1487,1499,0.153380173982108
11,1487,1498,0.15338685368528118
10,1505,1515,0.15339630940686494
10,1497,1507,0.15340824733585107
10,1523,1533,0.15341952473860498
10,1516,1526,0.15343014524584145
10,1510,1520,0.1534401404362449
10,1511,1521,0.1534495446103131
10,1513,1523,0.15345839157436195
10,1506,1516,0.15346671378566298
10,1506,1516,0.15347454208723
9,1500,1509,0.15348190564648703
9,1490,1499,0.1534920138328789
8,1499,1507,0.15350151671054296
9,1502,1511,0.15351363166432314
10,1509,1519,0.15352179167967392
10,1508,1518,0.15352628522188147
10,1508,1518,0.15353052338358228
10,1501,1511,0.1535345178051535
11,1506,1517,0.15353828143129505
9,1511,1520,0.15353864007331194
8,1512,1520,0.15354538683351937
8,1509,1517,0.15355490264812613
7,1516,1523,0.1535638491781965
8,1516,1524,0.15357545172329704
8,1507,1515,0.15358314125252628
7,1504,1511,0.15359036269194493
6,1517,1523,0.15360038539202361
5,1523,1528,0.15361297985529848
5,1530,1535,0.15362805968454138
5,1524,1529,0.15364223408192618
5,1519,1524,0.15365555611100912
5,1514,1519,0.15366807875799116
5,1518,1523,0.15367985102689302
5,1501,1506,0.1536909186374574
5,1509,1514,0.15370132437269216
4,1522,1526,0.15371110831203838
5,1516,1521,0.15372352818753238
5,1506,1511,0.15373198095552026
5,1512,1517,0.15373993490211724
5,1509,1514,0.15374742148506257
5,1501,1506,0.15375446610143162
5,1506,1511,0.15376109375915242
5,1516,1521,0.15376732856530567
6,1526,1532,0.15377319347781415
6,1525,1531,0.15377547911347078
6,1505,1511,0.1537776307578053
5,1508,1513,0.1537796562371468
5,1500,1505,0.1537847894919648
5,1503,1508,0.15378961716816092
5,1513,1518,0.15379415202209168
5,1498,1503,0.15379841321984955
4,1506,1510,0.15380241816321238
4,1517,1521,0.15380940928230863
4,1510,1514,0.15381598549229064
4,1524,1528,0.15382216934350088
4,1520,1524,0.15382798255512425
4,1518,1522,0.15383344688600203
5,1528,1533,0.15383858327352282
5,1531,1536,0.15384015770618667
5,1528,1533,0.1538416549918294
5,1528,1533,0.1538430738928815
5,1511,1516,0.15384441493918186
6,1511,1517,0.15384568073282004
6,1518,1524,0.15384361239233096
5,1514,1519,0.1538417182155176
5,1517,1522,0.15384318356387008
5,1507,1512,0.1538445685747027
5,1508,1513,0.15384586934249933
5,1501,1506,0.15384709142896527
5,1510,1515,0.15384823991770025
4,1503,1507,0.15384931941456256
4,1509,1513,0.15385355936601988
4,1505,1509,0.15385754933762288
4,1508,1512,0.15386129686657646
4,1510,1514,0.15386481670939425
5,1512,1517,0.1538681233443383
5,1514,1519,0.15386798279167038
4,1502,1506,0.15386786938056013
4,1490,1494,0.15387102778699716
4,1499,1503,0.15387396502643727
4,1512,1516,0.1538767183251687
4,1513,1517,0.15387930290444374
4,1509,1513,0.15388173052119403
4,1511,1515,0.15388401139820174
3,1523,1526,0.15388615479548623
3,1524,1527,0.15389141808020898
3,1521,1524,0.1538963538757815
3,1531,1534,0.1539009852286786
3,1534,1537,0.15390533392359326
3,1518,1521,0.1539094186361395
3,1510,1513,0.1539132562130904
3,1518,1521,0.15391686215805184
2,1515,1517,0.15392025085800307
2,1517,1519,0.15392667987979972
2,1510,1512,0.15393273101201646
2,1497,1499,0.15393841827916305
2,1489,1491,0.15394376319935765
2,1501,1503,0.15394878677005439
2,1506,1508,0.15395350871503827
2,1502,1504,0.15395794747658204
2,1516,1518,0.15396212029463724
2,1499,1501,0.15396604329692185
2,1509,1511,0.15396973158475102
2,1509,1511,0.15397319931067152
2,1514,1516,0.1539764597476534
2,1513,1515,0.15397952535082385
2,1509,1511,0.1539824078129475
2,1506,1508,0.15398511811472015
2,1487,1489,0.15398766657072463
2,1491,1493,0.1539900628717007
2,1496,1498,0.1539923161236268
2,1501,1503,0.15399443488399545
2,1487,1489,0.15399642719558587
2,1488,1490,0.15399830061797473
2,1510,1512,0.15400006225698748
2,1501,1503,0.15400171879225785
2,1504,1506,0.15400327650304302
3,1503,1506,0.15400474129242178
3,1512,1515,0.15400287269409493
3,1511,1514,0.1540011159204653
3,1520,1523,0.1539994639639971
3,1515,1518,0.15399791203583127
3,1520,1523,0.15399645450598828
3,1515,1518,0.15399508565283207
3,1512,1515,0.15399379995387227
3,1527,1530,0.15399259218681485
4,1529,1533,0.1539914574566118
5,1511,1516,0.15398715629093654
5,1505,1510,0.15397988598536916
4,1509,1513,0.1539730580369766
4,1515,1519,0.15396986647246058
4,1513,1517,0.15396686779725544
4,1525,1529,0.15396405046980008
4,1517,1521,0.15396140227906432
4,1536,1540,0.15395891255337024
5,1532,1537,0.1539565715794812
3,1536,1539,0.1539511399611561
3,1541,1544,0.15395248476613996
3,1538,1541,0.1539537531764112
3,1526,1529,0.1539549473942758
3,1519,1522,0.153956069648712
3,1514,1517,0.15395712352869442
2,1521,1523,0.1539581129683083
2,1516,1518,0.15396231351605302
2,1502,1504,0.15396625441173184
2,1499,1501,0.15396995258952623
1,1507,1508,0.15397342527599922
1,1513,1514,0.153979924587588
1,1511,1512,0.15398603577088285
1,1527,1528,0.15399178286071527
1,1526,1527,0.153997186449575
1,1531,1532,0.1540022666062348
1,1530,1531,0.1540070426074741
1,1524,1525,0.15401153274942175
1,1513,1514,0.1540157542902558
1,1507,1508,0.15401972345818035
1,1513,1514,0.15402345548992638
0,1521,1521,0.1540269646825096
