1372,29,1401,0.13584068331257515
1406,29,1435,0.1330072505556651
1419,29,1448,0.13032709084758295
1423,30,1453,0.12784785674259685
1434,28,1462,0.12557679202085367
1442,26,1468,0.12347710348742115
1441,25,1466,0.12154281623012331
1449,25,1474,0.1197823805721672
1463,26,1489,0.11815841758405092
1465,24,1489,0.11664391649831464
1456,24,1480,0.11525958563541959
1460,23,1483,0.11402052670160887
1468,23,1491,0.11288219221411552
1473,22,1495,0.11182648550536652
1474,22,1496,0.11085268483466518
1471,25,1496,0.10996407179584454
1471,26,1497,0.10916179149342671
1468,27,1495,0.10843123288033656
1474,27,1501,0.10777319408685189
1460,27,1487,0.10715979572567928
1458,28,1486,0.1066326641719104
1455,29,1484,0.10615678956269665
1467,30,1497,0.10572999599540264
1459,29,1488,0.10531481252949966
1454,30,1484,0.10495445873124366
1465,29,1494,0.10463741161345272
1456,29,1485,0.10432437934978907
1452,30,1482,0.10405887950968438
1450,30,1480,0.10382558234232529
1451,30,1481,0.10361712199216949
1439,30,1469,0.10342523259433169
1447,31,1478,0.10327693227294177
1446,31,1477,0.10312449442051616
1459,32,1491,0.10298774737525815
1450,32,1482,0.10283507035911091
1468,31,1499,0.10271528247850174
1471,31,1502,0.10256751579311574
1458,30,1488,0.1024261880512994
1451,29,1480,0.10232580482895973
1448,31,1479,0.10224940381151765
1444,36,1480,0.10218636468398287
1449,37,1486,0.10213762739496964
1432,37,1469,0.10208231471058532
1436,38,1474,0.10206849177063428
1439,37,1476,0.10204756219951243
1449,37,1486,0.10202237524691603
1449,35,1484,0.1019777013827324
1438,35,1473,0.101937137022746
1446,35,1481,0.10192358831401924
1438,36,1474,0.10189368273665057
1434,34,1468,0.10188362573136688
1443,34,1477,0.10188237064972216
1441,34,1475,0.10186204101634352
1437,33,1470,0.10184814115910236
1436,33,1469,0.10184434777172222
1440,33,1473,0.10184322078459423
1450,34,1484,0.10183406781266374
1458,36,1494,0.10180389305510935
1462,35,1497,0.1017595329311028
1460,38,1498,0.10171020444833477
1464,39,1503,0.10166942769766905
1466,41,1507,0.10162382385225116
1466,42,1508,0.10157797377787968
1456,42,1498,0.1015362988277415
1445,43,1488,0.10151996947898427
1442,44,1486,0.10152899951947678
1454,45,1499,0.10154327655280426
1452,45,1497,0.10153106026020345
1440,44,1484,0.10152426697603957
1441,43,1484,0.10154333036302679
1446,39,1485,0.10155900977421503
1441,37,1478,0.10156236299518
1467,38,1505,0.10157620700954417
1449,39,1488,0.10153282748432861
1443,40,1483,0.1015315230168569
1439,39,1478,0.10154315596489219
1431,39,1470,0.1015625489047719
1433,41,1474,0.10159729406362925
1436,41,1477,0.10162499074480365
1453,41,1494,0.10164397365397106
1445,42,1487,0.10162499960958396
1452,41,1493,0.10162482815137378
1464,42,1506,0.10160981350082449
1474,41,1515,0.10157014999146931
1462,42,1504,0.10151280876427418
1472,44,1516,0.10148646595822566
1460,44,1504,0.10144128767751379
1453,45,1498,0.10142593155630224
1456,45,1501,0.10142634100062996
1461,44,1505,0.10142044101489162
1447,45,1492,0.1014040658821846
1442,46,1488,0.10141868032205764
1448,46,1494,0.1014432659638274
1445,46,1491,0.10145301951872204
1445,48,1493,0.10146846753539393
1438,49,1487,0.10148234633142404
1434,52,1486,0.10151008075868483
1437,50,1487,0.10154421210920844
1451,47,1498,0.10156881132430812
1439,47,1486,0.10156112877303482
1433,48,1481,0.1015797800725042
1428,45,1473,0.10160930042370155
1439,44,1483,0.10164743717652978
1443,49,1492,0.10165905512673408
1431,50,1481,0.10166099104369032
1437,46,1483,0.10168811891709732
1431,46,1477,0.10170007891880548
1450,45,1495,0.10172396786175586
1439,48,1487,0.1017052277558231
1440,45,1485,0.10171184738021147
1440,47,1487,0.10171553190144779
1451,45,1496,0.1017188687777613
1448,45,1493,0.1016983906981991
1443,45,1488,0.10168621136106724
1440,48,1488,0.10168602120995887
1452,49,1501,0.10169242729350325
1439,49,1488,0.10167244437599247
1427,49,1476,0.10168195007489969
1430,52,1482,0.10171623027530143
1422,53,1475,0.10174095255639831
1432,54,1486,0.10178095072288805
1428,51,1479,0.10179579533307404
1426,51,1477,0.10181738000786936
1435,49,1484,0.10184187370748375
1437,51,1488,0.10184488897148672
1444,50,1494,0.10184391236779378
1441,53,1494,0.1018277784989073
1445,52,1497,0.10181942170020034
1432,53,1485,0.10180365307654786
1433,52,1485,0.101817394733642
1443,51,1494,0.10182746238108246
1441,53,1494,0.10181558532038082
1450,54,1504,0.10180901702444758
1446,53,1499,0.10178364411074778
1430,53,1483,0.1017694976570435
1431,54,1485,0.10179098652259844
1445,55,1500,0.10180856980178046
1442,59,1501,0.10179471812681631
1448,58,1506,0.10178852339986466
1441,57,1498,0.10176973878747209
1453,62,1515,0.10176737735696946
1452,62,1514,0.10173958116985689
1439,61,1500,0.10171647900365728
1431,59,1490,0.1017232396986519
1414,60,1474,0.10174651319324803
1420,62,1482,0.10180428258755068
1420,63,1483,0.10184408764758328
1426,63,1489,0.10188074425869229
1422,61,1483,0.1019007405528583
1410,62,1472,0.10192773463231926
1416,64,1480,0.10197826457772806
1424,64,1488,0.10201160863279041
1435,60,1495,0.1020251499585359
1436,57,1493,0.10201373529879952
1443,56,1499,0.102000945069753
1445,59,1504,0.1019739796948668
1446,62,1508,0.10194521169278815
1444,58,1502,0.1019169346460334
1419,57,1476,0.1018952565585889
1419,59,1478,0.10192904076507375
1415,60,1475,0.10195995119601975
1419,61,1480,0.10199715834727228
1416,66,1482,0.10202215307986968
1409,69,1478,0.10205173618488964
1404,68,1472,0.10209364328450495
1408,71,1479,0.10214229074663597
1408,71,1479,0.10217824462367762
1412,66,1478,0.10221133233871012
1399,69,1468,0.10223341582082862
1407,70,1477,0.10228189092312626
1416,67,1483,0.10230876272491159
1413,66,1479,0.10231347280053978
1424,64,1488,0.10232433701148129
1429,61,1490,0.10231031115751066
1423,62,1485,0.10228652697623719
1433,61,1494,0.10227795453492072
1429,62,1491,0.10224863569634575
1422,62,1484,0.10223012645619942
1430,57,1487,0.10222808826133094
1436,55,1491,0.10220844777238927
1438,56,1494,0.10217780378014556
1448,57,1505,0.10214549161718832
1443,61,1504,0.10209484782477254
1443,63,1506,0.10205936392668356
1447,64,1511,0.10202703082881272
1456,65,1521,0.10198900466087193
1439,65,1504,0.10193529315669339
1427,66,1493,0.10192309466616832
1438,64,1502,0.1019379577446169
1432,66,1498,0.1019277443529311
1422,70,1492,0.10193110341533071
1419,70,1489,0.10195570026748718
1425,70,1495,0.1019845749755289
1433,71,1504,0.10199772609169759
1429,71,1500,0.1019928904564818
1418,73,1491,0.10199746318578391
1418,72,1490,0.10202505495119181
1412,72,1484,0.10205020337711224
1419,72,1491,0.10208650317539888
1416,74,1490,0.10210479452860283
1432,75,1507,0.10212830702736193
1425,74,1499,0.10211507625722152
1433,74,1507,0.10211829665419953
1432,77,1509,0.102104376701574
1417,77,1494,0.10209439203248827
1419,78,1497,0.10211727021856903
1428,78,1506,0.10213378451475308
1434,76,1510,0.10212968560241373
1438,75,1513,0.10211307717987113
1425,74,1499,0.10208909726994854
1424,74,1498,0.10209490777966451
1420,77,1497,0.10210299050281886
1418,79,1497,0.10211876323965742
1411,81,1492,0.1021373262297129
1395,81,1476,0.1021697183843354
1400,79,1479,0.10223406227825307
1383,78,1461,0.10228199605763472
1395,78,1473,0.10236236648989654
1390,80,1470,0.10241033778513461
1403,84,1487,0.10246407667169435
1400,85,1485,0.10248477136513574
1396,88,1484,0.10251020832612515
1401,88,1489,0.10254190036304184
1402,88,1490,0.1025602935670006
1391,90,1481,0.10257517202121681
1399,91,1490,0.10261228275627066
1405,90,1495,0.1026296787580398
1404,87,1491,0.10263253247334263
1399,83,1482,0.1026371663090449
1400,85,1485,0.10265217244593693
1401,86,1487,0.10266300373191385
1401,85,1486,0.10267037185693013
1396,87,1483,0.10267683168909407
1401,87,1488,0.10269410904819413
1411,87,1498,0.102699761137902
1420,84,1504,0.10268346280618043
1420,85,1505,0.1026487262921799
1408,86,1494,0.10261695284135501
1405,84,1489,0.10261371738505552
1405,84,1489,0.10261719129214747
1404,88,1492,0.10262009141816993
1402,87,1489,0.10262546574636897
1415,89,1504,0.10263522548271775
1407,95,1502,0.10261625704367944
1413,93,1506,0.10261613506428219
1417,91,1508,0.10260273374323323
1403,90,1493,0.10258175919263031
1412,96,1508,0.10259331566915086
1414,99,1513,0.10258466152781168
1411,98,1509,0.10257243010772049
1404,96,1500,0.10256763706023843
1407,97,1504,0.10257899330524654
1385,93,1478,0.10258307243394729
1394,93,1487,0.10263412527201815
1396,95,1491,0.10266146068742495
1393,92,1485,0.10268185675344732
1401,94,1495,0.10270660056690717
1385,95,1480,0.10271206481384589
1387,95,1482,0.10275136007805694
1397,101,1498,0.10278296780356053
1402,98,1500,0.10279070794155536
1401,98,1499,0.10278681644982227
1391,100,1491,0.1027851291954557
1391,103,1494,0.10280535887077491
1395,98,1493,0.10282385180194487
1400,98,1498,0.10283220885785081
1386,97,1483,0.10282909317722991
1400,96,1496,0.10285698872738629
1406,90,1496,0.10285238106245298
1404,95,1499,0.10283513904638994
1385,95,1480,0.10282327096189997
1389,97,1486,0.1028534181365347
1379,96,1475,0.10287239901473061
1380,96,1476,0.1029109532344199
1389,102,1491,0.10294396069458721
1379,102,1481,0.10295478545285403
1384,105,1489,0.10298636796113986
1382,105,1487,0.10300440727484876
1380,104,1484,0.10302513410018055
1377,103,1480,0.1030487886665942
1384,102,1486,0.10307677212929583
1375,102,1477,0.10308697971575466
1368,104,1472,0.10311554792054807
1366,103,1469,0.10315615579122481
1374,102,1476,0.10319812343042996
1378,99,1477,0.10321969090238778
1392,98,1490,0.10323055497709159
1398,102,1500,0.10320999954035419
1405,104,1509,0.10317834697063934
1398,105,1503,0.10313403158723737
1393,107,1500,0.10310859563747193
1384,109,1493,0.10309670247336561
1375,111,1486,0.10310517208861789
1377,107,1484,0.10313193115122907
1376,107,1483,0.10315205457607064
1390,109,1499,0.10317261695866012
1378,106,1484,0.10316120086784852
1397,112,1509,0.10317697388071412
1402,112,1514,0.1031505405026341
1405,114,1519,0.10311577660858959
1393,111,1504,0.10307767291063005
1375,107,1482,0.10306921146836759
1362,108,1470,0.10310031399412015
1375,108,1483,0.10315736697558449
1378,112,1490,0.10318106132512767
1383,114,1497,0.10319540316024031
1389,114,1503,0.10319806702928197
1382,113,1495,0.10318753394026875
1396,114,1510,0.10319313851261709
1399,110,1509,0.10316809228521535
1399,110,1509,0.10313812311379252
1406,114,1520,0.10311096381686749
1390,113,1503,0.10307110456433183
1388,116,1504,0.10306880916373179
1375,117,1492,0.10307122932879242
1381,113,1494,0.10310113832737361
1385,115,1500,0.10311583040785961
1389,111,1500,0.1031207022647521
1387,111,1498,0.1031162174808906
1386,110,1496,0.10311673199192914
1393,115,1508,0.10311970883957676
1388,115,1503,0.1031077802574775
1379,114,1493,0.10310751710749573
1364,118,1482,0.10312694574670439
1359,113,1472,0.10317697256365385
1356,114,1470,0.10323426045852839
1353,119,1472,0.10329294274950197
1361,122,1483,0.10335319289136294
1372,119,1491,0.10339128051214452
1366,120,1486,0.10340247879257802
1362,124,1486,0.10342597202122328
1361,122,1483,0.10345618583030848
1360,126,1486,0.10348665082512727
1368,126,1494,0.10351622481254573
1365,127,1492,0.10352543096081185
1374,126,1500,0.10354027946345122
1376,125,1501,0.10353389943309083
1374,124,1498,0.10352389413151591
1381,124,1505,0.10351944642034869
1374,123,1497,0.1035004068695752
1385,126,1511,0.10349895342824013
1383,126,1509,0.10347348800400351
1391,127,1518,0.10345482381931954
1392,126,1518,0.10342092655463218
1387,127,1514,0.10338720832264209
1380,127,1507,0.10336738156873465
1376,132,1508,0.10336459012413596
1367,134,1501,0.10337204562994348
1357,130,1487,0.10339718866413428
1367,128,1495,0.1034413919232626
1366,128,1494,0.10346095134680443
1368,131,1499,0.10348061705066001
1366,126,1492,0.10349450550855518
1371,131,1502,0.10351085187724689
1376,133,1509,0.10351522089363228
1386,129,1515,0.10350911748338543
1383,134,1517,0.10348212746646045
1374,135,1509,0.103463918142462
1370,135,1505,0.10346763756147052
1373,133,1506,0.10347972258213747
1366,134,1500,0.10348490213470572
1345,133,1478,0.10350563154428055
1357,137,1494,0.10357061325932836
1361,135,1496,0.10360337068836259
1352,135,1487,0.10362574470715828
1345,134,1479,0.10366655081213741
1340,134,1474,0.10371888633939061
1339,132,1471,0.10377760204623979
1344,136,1480,0.10383284092537266
1339,135,1474,0.10387190257222326
1340,133,1473,0.10391877479065016
1349,134,1483,0.10395992803653895
1362,131,1493,0.10397750916981977
1367,133,1500,0.10396459866006497
1362,134,1496,0.103941857155248
1338,134,1472,0.10393250294066388
1336,132,1468,0.10397611323219653
1355,134,1489,0.10401942071624835
1354,134,1488,0.1040178262401425
1358,134,1492,0.10401886723162161
1347,135,1482,0.10401161520144048
1353,138,1491,0.10402903694322724
1351,136,1487,0.1040317131996048
1346,139,1485,0.10403728459921649
1344,134,1478,0.1040532762826609
1352,134,1486,0.10407227570384858
1363,135,1498,0.10407210576162912
1359,133,1492,0.10404789715732278
1349,135,1484,0.10403410513440185
1361,135,1496,0.10404323639298438
1358,133,1491,0.104025428560074
1344,131,1475,0.10401600237925177
1346,135,1481,0.10403821977607691
1349,135,1484,0.10405418960316122
1345,139,1484,0.10406222966044115
1337,143,1480,0.10407825161638753
1332,143,1475,0.10410969966759506
1342,144,1486,0.10414995464757162
1355,143,1498,0.10416504019217115
1354,141,1495,0.10415071708564767
1350,142,1492,0.10414004299338427
1354,147,1501,0.10413929860536075
1355,149,1504,0.10413030771516389
1341,144,1485,0.10411967255182969
1334,142,1476,0.10414086555884403
1339,141,1480,0.10417604378829115
1354,141,1495,0.1041974422807509
1357,141,1498,0.1041845647929281
1344,143,1487,0.10416653472568459
1339,146,1485,0.10417843052858367
1342,149,1491,0.1042002520554519
1349,150,1499,0.10421322568847997
1341,148,1489,0.10421090873089996
1342,149,1491,0.10422584960375414
1334,151,1485,0.10423830340201093
1312,151,1463,0.10426672048824806
1314,148,1462,0.10434048626508276
1332,151,1483,0.10440381646018143
1329,150,1479,0.10442213499473932
1325,156,1481,0.10444724881544733
1326,157,1483,0.10447904077586578
1341,156,1497,0.104506306000671
1335,157,1492,0.10449898137777343
1337,155,1492,0.10450537767355352
1343,153,1496,0.1045060970376025
1346,161,1507,0.10449402861064243
1353,161,1514,0.10447656872014086
1348,161,1509,0.10444591686880873
1340,162,1502,0.10442851836472614
1344,167,1511,0.10443066798267787
1354,170,1524,0.10442477000815469
1341,171,1512,0.10439738699653883
1341,172,1513,0.1044005115891424
1342,171,1513,0.10440400392114213
1342,168,1510,0.10440457828682273
1344,168,1512,0.10440516060706705
1331,166,1497,0.10440124919231325
1332,166,1498,0.10442561442357205
1334,167,1501,0.10444644944168889
1334,166,1500,0.10446179533294586
1333,161,1494,0.1044756150572645
1335,164,1499,0.10449073723155383
1315,164,1479,0.10450031253934954
1321,166,1487,0.10455213324345454
1334,167,1501,0.10458603213407099
1328,167,1495,0.10458789964215315
1339,166,1505,0.10460346116937416
1343,168,1511,0.10459299715127793
1333,165,1498,0.10457479142189435
1326,164,1490,0.10457942103764528
1340,161,1501,0.10459862170682067
1343,156,1499,0.1045853803721533
1340,159,1499,0.10456663953380171
1340,161,1501,0.10455584483896505
1329,170,1499,0.10454684174435842
1323,173,1496,0.10456266265026365
1325,173,1498,0.1045899997623113
1316,172,1488,0.10461071256659768
1299,172,1471,0.10464951431826415
1315,172,1487,0.10472157437455444
1313,169,1482,0.10475312657767379
1315,170,1485,0.10478689050679463
1328,177,1505,0.10481300496587698
1320,177,1497,0.10480925437760359
1320,178,1498,0.10482384462547209
1313,180,1493,0.10483732222905744
1316,173,1489,0.10486570549860334
1299,173,1472,0.10488480249176103
1299,172,1471,0.10494006822570702
1299,169,1468,0.10499025672349901
1297,171,1468,0.10503567846592844
1298,174,1472,0.10508131534266277
1300,169,1469,0.10512047388129242
1302,176,1478,0.1051519552877877
1303,177,1480,0.10517654093263908
1307,177,1484,0.10519674620277893
1303,178,1481,0.10520634711824167
1309,179,1488,0.10522330344743694
1316,181,1497,0.10522526613331921
1305,182,1487,0.10521181819432987
1308,181,1489,0.10522260641257639
1310,184,1494,0.10522663011276169
1321,185,1506,0.10522645618648023
1309,186,1495,0.1052025989217572
1304,184,1488,0.10520725888778731
1304,183,1487,0.10522252894171831
1294,192,1486,0.10523725854733466
1292,189,1481,0.10527372525573693
1281,192,1473,0.10531222389484741
1290,191,1481,0.10537157653588786
1298,195,1493,0.10540666984098163
1295,199,1494,0.10542146663176244
1310,195,1505,0.10544161221982629
1315,200,1515,0.10542714772787498
1315,196,1511,0.10540351342435611
1310,197,1507,0.10538236401130836
1301,199,1500,0.10537324372326136
1305,195,1500,0.10538435244789718
1303,203,1506,0.1053855600576735
1308,201,1509,0.1053909721707954
1302,203,1505,0.10538459928025386
1301,199,1500,0.10539180654503841
1295,199,1494,0.10540053800605097
1282,205,1487,0.10542268681301517
1298,205,1503,0.1054722440586346
1293,204,1497,0.10548149885834274
1298,203,1501,0.1055011289645729
1293,206,1499,0.10550850640629701
1293,203,1496,0.1055265571258381
1294,206,1500,0.10554239246333012
1294,209,1503,0.10555476146290932
1295,206,1501,0.1055664814873656
1297,208,1505,0.10557460664564416
1281,206,1487,0.1055772727255973
1287,207,1494,0.1056150099735075
1291,206,1497,0.10563691994552947
1294,208,1502,0.10564859233553356
1290,206,1496,0.10565266761398392
1287,207,1494,0.10566495428677104
1294,207,1501,0.10568300592590382
1284,204,1488,0.10568381134296075
1279,207,1486,0.10570633848614738
1287,201,1488,0.10573798147954619
1301,204,1505,0.10574987851407937
1287,203,1490,0.10572965230716302
1278,202,1480,0.10574180575352272
1283,208,1491,0.105772316415569
1280,210,1490,0.10578930082881702
1274,214,1488,0.1058110385445589
1273,211,1484,0.10584395890823489
1276,216,1492,0.10587635021199962
1279,219,1498,0.10589985967863327
1282,221,1503,0.1059157342881033
1280,223,1503,0.10592366779777244
1280,219,1499,0.10593516250437068
1290,221,1511,0.1059461229258032
1280,218,1498,0.1059346582576216
1280,222,1502,0.10594716265366638
1276,219,1495,0.1059586439017347
1277,218,1495,0.10597861570949889
1274,222,1496,0.10599483500051773
1283,224,1507,0.1060163368371612
1275,226,1501,0.10601564813217326
1266,227,1493,0.10603217186791696
1270,233,1503,0.10606650938848755
1267,234,1501,0.1060894634822289
1262,237,1499,0.10611743516156419
1250,240,1490,0.10615390785992751
1243,241,1484,0.106213878358009
1242,240,1482,0.10628441639921313
1245,243,1488,0.10635128896563345
1237,242,1479,0.10640632966657072
1237,245,1482,0.10647577107094314
1240,244,1484,0.10653850231149768
1242,241,1483,0.1065900227607883
1247,249,1496,0.1066324062057976
1230,253,1483,0.10666042872624448
1235,253,1488,0.10672412232947717
1240,252,1492,0.10677203898538722
1237,255,1492,0.1068042702358525
1251,254,1505,0.10684099895953433
1260,254,1514,0.10684442982935644
1254,252,1506,0.10682777095927742
1260,251,1511,0.10682548613128079
1249,248,1497,0.10680924549723664
1251,256,1507,0.10681926307279045
1251,257,1508,0.10682371998547303
1257,253,1510,0.10682907544311085
1257,248,1505,0.10682147784872784
1256,248,1504,0.10681445206926263
1252,242,1494,0.10680980026787484
1252,241,1493,0.10681450684819978
1250,243,1493,0.1068187734296998
1253,247,1500,0.10682640066845217
1263,248,1511,0.10682668067806662
1272,246,1518,0.10680474870812436
1261,246,1507,0.10676463630685339
1267,246,1513,0.1067528563671236
1257,242,1499,0.10672878170629058
1249,250,1499,0.10672933056788972
1255,255,1510,0.10674808953989999
1254,250,1504,0.10675185291685789
1250,251,1501,0.10675695830817253
1245,248,1493,0.1067711369426235
1252,240,1492,0.1067951459029448
1251,245,1496,0.10680085881318767
1248,247,1495,0.10680723639845402
1258,245,1503,0.10682126231124048
1250,248,1498,0.10681226437437916
1246,243,1489,0.10682209620436604
1246,251,1497,0.10683957910704776
1236,249,1485,0.10685686832913152
1229,249,1478,0.10689524274343647
1233,248,1481,0.10694669749180986
1242,264,1506,0.10698493891888582
1237,258,1495,0.10700015627630362
1230,260,1490,0.10702560187258196
1239,263,1502,0.10706523871871763
1238,266,1504,0.10708165993718771
1242,267,1509,0.10709881740603933
1245,268,1513,0.10710596339545798
1248,267,1515,0.10710599933496887
1251,261,1512,0.10710003792421219
1251,260,1511,0.10708858808333309
1240,255,1495,0.10707794091716455
1228,258,1486,0.10709238573831581
1234,260,1494,0.10713307252313908
1247,264,1511,0.10715674024562187
1254,264,1518,0.1071492004308803
1244,266,1510,0.10712662909984384
1242,265,1507,0.1071282563016761
1245,261,1506,0.10713241088899707
1232,265,1497,0.1071291797752361
1239,265,1504,0.10715507467995428
1238,265,1503,0.10716373887895803
1233,257,1490,0.10717470353881202
1233,255,1488,0.10719617019536479
1223,264,1487,0.10721537407319043
1223,267,1490,0.10725562731179387
1230,265,1495,0.10729253914024957
1223,268,1491,0.10731041329221475
1220,266,1486,0.1073421220194914
1243,266,1509,0.10737858149214397
1241,266,1507,0.10736085451713281
1243,270,1513,0.10734948879744424
1231,271,1502,0.10733457791404578
1234,273,1507,0.10734717433172154
1236,270,1506,0.10735276220586007
1231,270,1501,0.10735320884863071
1241,267,1508,0.10736519663051265
1247,268,1515,0.10735468962066533
1232,274,1506,0.10733151052578303
1228,273,1501,0.10734424735582504
1236,271,1507,0.10736476541852628
1242,270,1512,0.10736632123523739
1234,271,1505,0.10735347427480965
1229,275,1504,0.10735972403055999
1227,272,1499,0.10737742032677627
1233,266,1499,0.10739786773316311
1228,269,1497,0.10740301513762812
1247,270,1517,0.10741972807704277
1232,264,1496,0.10739221117600206
1229,265,1494,0.10740049419448776
1228,266,1494,0.10741344916790763
1228,265,1493,0.10742789366120914
1230,256,1486,0.10744078362116577
1237,257,1494,0.10744783223191154
1238,249,1487,0.10743790446767644
1236,256,1492,0.10742511508382371
1225,258,1483,0.10741734988992302
1237,259,1496,0.10743595294657993
1229,257,1486,0.10742598290069133
1245,259,1504,0.1074346705043681
1247,256,1503,0.10740749634225373
1253,259,1512,0.10737876770933517
1259,258,1517,0.10733823708920599
1256,259,1515,0.10728831643708737
1257,258,1515,0.10724972892883422
1244,263,1507,0.1072129105153855
1230,263,1493,0.10720853633475656
1222,266,1488,0.10723606188601
1222,264,1486,0.10727821508712676
1209,269,1478,0.10731663778049459
1218,274,1492,0.10738127427756661
1218,277,1495,0.10742163998213666
1206,270,1476,0.10745873950001528
1203,270,1473,0.10751919225020785
1217,272,1489,0.1075815743298098
1222,273,1495,0.10760773345354067
1227,275,1502,0.10762047528736328
1221,275,1496,0.10762101015157874
1211,276,1487,0.10763540584238913
1220,278,1498,0.10767205433189125
1218,281,1499,0.10768590608092606
1219,281,1500,0.10770297507367177
1223,283,1506,0.10771662188017007
1219,279,1498,0.10771881857279265
1213,279,1492,0.10772974605731121
1211,275,1486,0.10775199171393107
1220,277,1497,0.10777631448173118
1217,273,1490,0.10777769368431887
1225,268,1493,0.10778498364078505
1221,268,1489,0.10777442030851234
1211,268,1479,0.10777326828917126
1218,275,1493,0.10779477449793756
1215,283,1498,0.10779889255670487
1220,281,1501,0.10780929101786497
1219,279,1498,0.1078077861661635
1201,280,1481,0.10780815988144848
1205,282,1487,0.10784969347810326
1189,280,1469,0.10787906139155032
1199,280,1479,0.10794134588679469
1192,277,1469,0.10797665331660067
1194,275,1469,0.1080247276711145
1204,281,1485,0.10806462956008728
1199,287,1486,0.10807851580441051
1206,295,1501,0.10810249314610813
1209,296,1505,0.10810950727206486
1215,296,1511,0.10810986731906023
1198,304,1502,0.10809723927705957
1187,302,1489,0.10812475453453739
1174,304,1478,0.10817544536502854
1170,304,1474,0.10825176987340301
1165,311,1476,0.1083313063818584
1177,309,1486,0.10841532319337054
1172,308,1480,0.10846537596124813
1174,307,1481,0.10852172858844422
1177,306,1483,0.10856959643641406
1179,306,1485,0.10860751867788693
1187,302,1489,0.10863692137841582
1184,308,1492,0.10864675481954704
1184,317,1501,0.10866407034009386
1181,320,1501,0.10868011531788667
1177,322,1499,0.10870057207251813
1181,324,1505,0.10872886318259331
1175,317,1492,0.10874684015389242
1170,325,1495,0.10877668396047419
1161,325,1486,0.1088147138773618
1162,321,1483,0.10886893626125534
1183,319,1502,0.10891641456103429
1180,322,1502,0.10891310794826367
1172,326,1498,0.10891662700692528
1162,324,1486,0.10893862160671454
1163,318,1481,0.1089823711747775
1162,322,1484,0.10901965589211508
1152,321,1473,0.10905514728132872
1171,328,1499,0.10910974675683346
1169,324,1493,0.10911811772659856
1172,327,1499,0.10913034602250486
1160,330,1490,0.1091363044234168
1162,326,1488,0.10916857010155809
1173,333,1506,0.10919323497648271
1162,334,1496,0.10919128771021985
1174,337,1511,0.10921481451457961
1165,335,1500,0.10920892259298734
1179,335,1514,0.10922330843579832
1174,334,1508,0.10920561199144735
1171,335,1506,0.10920067820903565
1168,333,1501,0.10920379502177195
1159,334,1493,0.10921299266191756
1162,334,1496,0.10924253699968783
1151,335,1486,0.10926307239315369
1160,340,1500,0.10930677434431166
1155,344,1499,0.10932571005333185
1160,342,1502,0.10935460612574328
1165,342,1507,0.10936946691687209
1156,339,1495,0.10937236834174925
1167,348,1515,0.10939515652885305
1168,347,1515,0.10939130117369832
1173,339,1512,0.10938442227530056
1170,341,1511,0.10936671938664269
1163,337,1500,0.10935714333618535
1152,335,1487,0.10936481731419438
1150,334,1484,0.10939699294809957
1144,328,1472,0.10943001012941693
1154,326,1480,0.10947387037403285
1158,335,1493,0.10949147541133694
1148,332,1480,0.10949886631732657
1150,339,1489,0.10952862940644667
1158,335,1493,0.10955223772616669
1163,331,1494,0.1095555308763291
1169,336,1505,0.10954741521820295
1164,336,1500,0.10952597045861101
1170,335,1505,0.10951793094510094
1177,344,1521,0.1094976253508096
1185,346,1531,0.1094632933165596
1176,343,1519,0.10941391555715953
1175,340,1515,0.10938865903669803
1169,339,1508,0.10936890806764996
1160,332,1492,0.10936376998616688
1163,333,1496,0.10937916765526377
1156,344,1500,0.10938667055069615
1148,349,1497,0.10940945269169088
1149,339,1488,0.10944916760902908
1156,333,1489,0.1094830343522019
1165,336,1501,0.10949810655070465
1160,338,1498,0.10949135397385731
1166,342,1508,0.10949660196660962
1162,343,1505,0.10948701603785349
1168,337,1505,0.10948788005332256
1175,343,1518,0.10947512625477422
1163,343,1506,0.10944807077525016
1149,340,1489,0.10945153554674406
1158,338,1496,0.10948536261878186
1159,336,1495,0.1094965069215315
1166,336,1502,0.10950496970045975
1159,344,1503,0.10949689522098492
1156,344,1500,0.10950566749357886
1169,339,1508,0.10951981709003845
1173,339,1512,0.10950302974189816
1174,338,1512,0.10947822810097702
1157,338,1495,0.10945407408347797
1157,336,1493,0.10946998000854251
1165,337,1502,0.10948456804355705
1159,342,1501,0.10948055592169018
1146,346,1492,0.10949015237495129
1152,343,1495,0.10952723826028976
1141,345,1486,0.10954743569505897
1148,343,1491,0.10959073446842989
1153,338,1491,0.10961399689705793
1156,336,1492,0.10962286191491781
1159,335,1494,0.1096237185748144
1168,328,1496,0.1096171888136976
1182,329,1511,0.10959120137345675
1188,325,1513,0.1095350614196903
1181,325,1506,0.10947016149879156
1170,330,1500,0.10942707023353133
1172,329,1501,0.10941253241835323
1169,333,1502,0.10939340827814141
1172,327,1499,0.10938352589543243
1174,328,1502,0.10936719763688604
1174,327,1501,0.10934635810725692
1172,331,1503,0.10932736277935202
1165,329,1494,0.10931455225488981
1163,331,1494,0.10931883156246748
1175,339,1514,0.10932723049246981
1173,333,1506,0.10930799622754694
1165,335,1500,0.109295090960341
1163,339,1502,0.10930020276324946
1153,334,1487,0.10930865652862191
1159,336,1495,0.10933938791107395
1168,334,1502,0.10935466836955574
1166,327,1493,0.10934897709632796
1165,335,1500,0.1093478327381354
1147,331,1478,0.10934883071551084
1138,331,1469,0.10939122643630053
1148,335,1483,0.10945097697946789
1153,337,1490,0.1094826672596764
1158,335,1493,0.10950046367505997
1159,341,1500,0.1095058045121754
1149,342,1491,0.10950937498606851
1132,333,1465,0.1095351749878224
1142,333,1475,0.10959725850701928
1160,334,1494,0.10963137021342696
1149,337,1486,0.10962165141129723
1152,343,1495,0.10963620752378878
1142,339,1481,0.10964321931737736
1152,345,1497,0.10967182308778742
1143,337,1480,0.10967624142675131
1145,332,1477,0.10970000084915775
1145,334,1479,0.10971746417837594
1154,331,1485,0.10973363981227541
1148,334,1482,0.1097285122798656
1160,337,1497,0.10973700016334668
1172,331,1503,0.1097182140597416
1153,329,1482,0.1096728493181345
1155,333,1488,0.10967421591444616
1160,336,1496,0.10967096382594996
1162,333,1495,0.10965601484349258
1156,334,1490,0.10963859357570253
1153,339,1492,0.10963528252350332
1161,344,1505,0.10963960932793235
1162,346,1508,0.10962531708700307
1167,344,1511,0.1096099985731749
1167,343,1510,0.10958348187883185
1167,344,1511,0.10955996091188344
1167,346,1513,0.10953866606459424
1161,347,1508,0.10951956633659582
1159,343,1502,0.10951566122072118
1150,347,1497,0.10951791389879655
1160,344,1504,0.10954068460190584
1170,347,1517,0.1095383288132414
1165,348,1513,0.10951406345189081
1160,349,1509,0.10950411688916148
1153,354,1507,0.1095065247407267
1147,356,1503,0.10952530225885311
1145,354,1499,0.10955601929745201
1140,354,1494,0.10958883681655143
1127,344,1471,0.10962978527088925
1126,350,1476,0.10969685372091216
1120,349,1469,0.10976081422944088
1133,355,1488,0.10983314463008391
1138,346,1484,0.10986965154230859
1134,348,1482,0.10989293676651393
1133,354,1487,0.10992360295742247
1132,358,1490,0.10995507793113106
1128,365,1493,0.10998642006064926
1126,370,1496,0.11002405812919626
1130,372,1502,0.11006532565363698
1131,381,1512,0.11009456675912062
1129,379,1508,0.11012009395159968
1117,380,1497,0.11014906040672413
1118,389,1507,0.11020420930919698
1120,389,1509,0.1102525188618681
1102,388,1490,0.11029334854705507
1105,392,1497,0.11037175982029733
1113,387,1500,0.11043761221346873
1096,396,1492,0.11048003926025413
1108,393,1501,0.11055790996532
1111,398,1509,0.11060178140867741
1099,390,1489,0.11063396774374525
1099,396,1495,0.11069164444693388
1105,395,1500,0.11074530900267945
1100,402,1502,0.11078204856558335
1108,404,1512,0.11082696113525241
1108,411,1519,0.11085022826940846
1106,413,1519,0.1108714661802488
1089,409,1498,0.11089732410337451
1088,414,1502,0.11096045157804295
1076,413,1489,0.11102161594355305
1086,417,1503,0.11110553189258682
1075,416,1491,0.11115998035341548
1090,412,1502,0.11123483873863162
1077,411,1488,0.11126899674593321
1067,409,1476,0.11133016887359803
1073,416,1489,0.1114088029150258
1077,417,1494,0.11146767353568186
1079,419,1498,0.11151217163107041
1074,428,1502,0.11154968564202626
1082,428,1510,0.11159707051656423
1071,421,1492,0.11162217324158047
1076,421,1497,0.11166979433433234
1079,423,1502,0.11170266693530494
1079,420,1499,0.11172612945673709
1066,424,1490,0.11174831468498915
1065,427,1492,0.11179735485998624
1062,426,1488,0.11184537110284991
1064,426,1490,0.11189699071166309
1066,421,1487,0.1119383179350456
1071,420,1491,0.11197239209077463
1078,423,1501,0.11199410480505351
1080,424,1504,0.11199867843524895
1067,431,1498,0.11199914925062228
1055,434,1489,0.11202864874565797
1051,433,1484,0.11208335477271202
1055,432,1487,0.11214317313490352
1053,430,1483,0.11218949508881494
1063,429,1492,0.11223803369126797
1060,439,1499,0.11225913344213012
1058,437,1495,0.11228598751763813
1053,436,1489,0.11231555316027984
1043,436,1479,0.11235366397240654
1046,441,1487,0.11241252907627285
1055,439,1494,0.11246053987891969
1051,431,1482,0.11248252524007335
1051,437,1488,0.11251265633388943
1054,443,1497,0.11254161490440939
1049,449,1498,0.11256123529165551
1063,451,1514,0.1125908951730792
1057,452,1509,0.11258526814648884
1054,452,1506,0.11259377878473854
1051,454,1505,0.11260927882379917
1043,455,1498,0.11263159255772606
1052,451,1503,0.11267073340660921
1054,460,1514,0.11268640104526068
1058,461,1519,0.112695999754431
1062,460,1522,0.11269493049266245
1057,455,1512,0.11268479691286036
1063,451,1514,0.11268643279681033
1049,455,1504,0.11267519976814956
1042,456,1498,0.11269706084798863
1029,455,1484,0.11273398238392027
1035,455,1490,0.1127981708461628
1033,452,1485,0.11284357692695803
1036,450,1486,0.11288954389575759
1039,450,1489,0.11292417216141269
1047,452,1499,0.11294984271500169
1051,455,1506,0.11295556629877275
1045,453,1498,0.11295030788718005
1045,450,1495,0.11295917947143147
1039,441,1480,0.11296688550533936
1030,449,1479,0.11298827001806366
1033,454,1487,0.11302928221002201
1045,459,1504,0.11305996212543562
1043,461,1504,0.11306056041525327
1044,460,1504,0.11306719738058943
1048,464,1512,0.11307082958816579
1045,463,1508,0.11306638824050243
1046,462,1508,0.11306918295758449
1036,464,1500,0.11306890579868466
1034,461,1495,0.11309158680061518
1038,466,1504,0.1131165714439424
1047,462,1509,0.11313165396690554
1044,460,1504,0.11312360439067538
1043,463,1506,0.1131251439249368
1041,468,1509,0.1131294439354745
1030,469,1499,0.11313702724992268
1042,471,1513,0.11317108777294461
1036,478,1514,0.11317601040919534
1036,480,1516,0.11319459018841638
1038,477,1515,0.11321037946872597
1014,479,1493,0.11322142433175374
1015,480,1495,0.11328740340121547
1010,482,1492,0.11334370549116451
1000,479,1479,0.11340945766037358
993,482,1475,0.11349280594393658
1004,489,1493,0.11358591836640279
1011,493,1504,0.1136466231640754
1011,492,1503,0.11368703749702078
1004,490,1494,0.11372428729065388
1001,492,1493,0.11377358054228211
999,492,1491,0.11382778657492527
998,480,1478,0.11388374361844879
987,490,1477,0.11393737208553682
989,495,1484,0.1140116254966689
994,498,1492,0.11407586304025663
1003,495,1498,0.11412407530251258
993,500,1493,0.1141485873400334
984,496,1480,0.11419520082604279
989,506,1495,0.11425980441599817
979,502,1481,0.11430745131950157
985,506,1491,0.1143738300493229
980,511,1491,0.11442080645653213
983,519,1502,0.11447540422207556
987,525,1512,0.11451851045266995
978,519,1497,0.1145503813178151
987,517,1504,0.11460156091134877
988,520,1508,0.11462882997464466
976,532,1508,0.11465138363361498
974,528,1502,0.11469946482301918
976,527,1503,0.11474851051517526
976,525,1501,0.11478951978146576
963,534,1497,0.11482743719458867
959,533,1492,0.11489307731538144
957,529,1486,0.11496465726386478
956,529,1485,0.11503686864878451
951,534,1485,0.11510658768606045
948,538,1486,0.11518351724384457
961,539,1500,0.11526295247842652
963,545,1508,0.11530489307888857
965,545,1510,0.11534031009223437
973,545,1518,0.11536954801593538
973,549,1522,0.11537792841511858
976,542,1518,0.11538614732210632
968,550,1518,0.11538724411613181
963,542,1505,0.11540568422934289
956,546,1502,0.11543703896202541
952,548,1500,0.11548157901776118
946,538,1484,0.11553332620808898
951,540,1491,0.11559579237180138
957,542,1499,0.1156428320839931
955,543,1498,0.11567145685574864
949,543,1492,0.11570493958842241
943,543,1486,0.11574857538706523
948,543,1491,0.11580270963516708
961,550,1511,0.11584001154211233
962,546,1508,0.11584461800641492
963,550,1513,0.11584522590766085
958,550,1508,0.11584354346742831
970,543,1513,0.11585346424810776
974,545,1519,0.11583464840437292
969,543,1512,0.11580733916849541
957,538,1495,0.11579392551738778
958,537,1495,0.11581081406163468
944,547,1491,0.11582551259356301
947,553,1500,0.11587192816213485
960,553,1513,0.11590622846275526
959,554,1513,0.11590609607382607
965,563,1528,0.1159090360317664
954,560,1514,0.11589928328250458
946,564,1510,0.11591685896477465
942,565,1507,0.11595162976883841
935,565,1500,0.1159938744077445
934,571,1505,0.11605116079975125
935,564,1499,0.11610631487240788
943,569,1512,0.1161531960760512
939,570,1509,0.1161771588225076
933,569,1502,0.11620936263070261
934,571,1505,0.11625217998468967
933,571,1504,0.11628957218330058
923,559,1482,0.11632678276450369
931,562,1493,0.11638320285945143
934,559,1493,0.11641633129603945
929,560,1489,0.11644007137858829
935,560,1495,0.11647392330037995
930,567,1497,0.11649104962701542
926,569,1495,0.11651797800856353
932,565,1497,0.11655183503578083
935,570,1505,0.11656845109868383
925,562,1487,0.1165768348687918
935,569,1504,0.11660717300148711
927,562,1489,0.11661277904801638
944,564,1508,0.11663553598757286
948,557,1505,0.11661541319204762
937,562,1499,0.11658675371667926
931,572,1503,0.11658636588630886
937,571,1508,0.11660139314373358
936,570,1506,0.11660130839193794
943,572,1515,0.11660436873805206
939,576,1515,0.11658985671227175
936,580,1516,0.1165873739546284
933,580,1513,0.11659126949509116
928,583,1511,0.11660345887566562
933,583,1516,0.11662671352919539
921,582,1503,0.11663670096508891
915,578,1493,0.1166752725694892
910,586,1496,0.11672371998918937
910,584,1494,0.11677865637681867
909,584,1493,0.11683012631818186
920,580,1500,0.116880217968358
923,584,1507,0.11690004387940324
932,582,1514,0.11691221073523138
933,583,1516,0.11690260017346883
929,581,1510,0.11689222192787284
918,583,1501,0.11689216014469837
922,581,1503,0.11691881095159339
921,590,1511,0.11693408882504049
915,592,1507,0.11695066165561048
925,593,1518,0.11698206661325347
927,595,1522,0.11698692493102651
925,590,1515,0.11698722002294475
915,585,1500,0.11699137012626071
911,587,1498,0.11701954180762447
908,589,1497,0.11705430147024452
888,588,1476,0.11709251724555539
896,590,1486,0.11717444631496514
901,581,1482,0.11722940558949144
898,594,1492,0.11726815444575571
906,593,1499,0.11731108140117762
906,594,1500,0.11733288650309102
901,601,1502,0.11735412669314271
900,605,1505,0.11738505793802397
906,613,1519,0.11741814263847467
899,614,1513,0.11743358948463214
903,616,1519,0.11746510552068022
906,611,1517,0.11748729370504282
899,606,1505,0.11749992992471936
899,610,1509,0.11752801147184642
903,605,1508,0.11755437511139917
898,609,1507,0.11756908836320074
890,616,1506,0.11759450014215965
886,623,1509,0.11763827906314417
868,628,1496,0.11768970154635149
858,632,1490,0.11778099638851618
864,627,1491,0.11788781165813415
867,623,1490,0.11797079650209571
863,630,1493,0.11804107401852061
864,629,1493,0.11811511175661382
862,624,1486,0.1181824997472658
861,626,1487,0.1182494148690067
860,628,1488,0.11831262667218995
856,630,1486,0.11837437229576554
860,632,1492,0.11844065216975103
862,628,1490,0.11849278328997799
865,630,1495,0.11853493138872469
866,629,1495,0.11856601789753063
874,617,1491,0.11859188049810576
874,613,1487,0.11859776709893506
863,621,1484,0.1186029918757445
866,623,1489,0.1186362219110585
859,637,1496,0.11866134881047692
864,634,1498,0.11870269367405882
861,626,1487,0.11872977148018896
854,629,1483,0.11876319902405807
860,638,1498,0.11881053604707137
853,646,1499,0.11884147467280357
852,637,1489,0.11888797262584051
851,649,1500,0.1189336195976076
844,653,1497,0.11897775990086167
849,656,1505,0.11903556650812457
846,661,1507,0.11907680917719113
851,656,1507,0.11912149997954691
845,648,1493,0.11915006488172818
841,647,1488,0.11919202551460577
848,657,1505,0.11923901917124359
839,664,1503,0.11926617546990997
834,666,1500,0.11931503781571695
824,665,1489,0.11937171685744753
827,661,1488,0.11944673071073199
826,669,1495,0.11950879509683848
821,679,1500,0.1195676393615312
820,673,1493,0.11963534625579485
819,670,1489,0.11970032396451717
821,674,1495,0.11976140700804028
820,679,1499,0.11981380405310475
827,675,1502,0.11986469459816064
824,678,1502,0.11989234122100684
816,686,1502,0.11992658171247683
821,684,1505,0.11997940454155884
824,687,1511,0.1200155488105505
816,687,1503,0.12004182900115799
824,686,1510,0.12008462006125238
828,679,1507,0.12010475781557743
826,680,1506,0.12011524335838061
831,686,1517,0.12013036907320362
821,684,1505,0.12013049557611884
826,683,1509,0.12015478647463851
831,682,1513,0.1201648984836088
825,679,1504,0.12016370549687157
818,680,1498,0.12017966149561538
822,681,1503,0.12021190967890483
808,687,1495,0.12023272398591377
815,691,1506,0.12028791758251135
810,686,1496,0.12032155549178196
813,690,1503,0.12036586174478212
807,692,1499,0.12039905831888376
807,695,1502,0.1204455194046901
809,681,1490,0.12048965728527797
812,683,1495,0.12052403440566199
809,681,1490,0.12054819384352367
814,685,1499,0.1205784811775443
818,684,1502,0.12059514339943721
820,678,1498,0.12059943252465163
810,682,1492,0.12059880639919675
816,679,1495,0.12062253997943007
804,692,1496,0.12062995245447501
807,693,1500,0.1206661368447747
810,700,1510,0.12069208329546618
809,698,1507,0.12070991927672274
804,706,1510,0.12073006557015387
801,700,1501,0.12076204946898614
810,699,1509,0.12079840255564538
804,704,1508,0.12081072612806683
807,700,1507,0.1208380058615937
807,697,1504,0.12085683114828295
809,693,1502,0.12087470494856262
796,695,1491,0.12088671256819343
794,704,1498,0.12093086920345045
784,710,1494,0.12097602463464423
792,713,1505,0.12104221968033321
788,708,1496,0.12108300707551639
798,710,1508,0.12112988520832485
798,715,1513,0.12115034393050367
801,719,1520,0.12116830524575065
802,713,1515,0.12117789486015529
804,711,1515,0.12118511067768781
797,722,1519,0.12118604494776193
792,719,1511,0.12120459617486283
799,717,1516,0.12123431841109135
798,719,1517,0.12124495060591423
793,718,1511,0.12125783876848495
792,718,1510,0.12128080965006437
790,724,1514,0.12130454533047613
790,726,1516,0.12133016869903741
788,716,1504,0.12135627866989925
784,719,1503,0.12138666669674236
781,724,1505,0.12142557802199012
781,720,1501,0.12146824506634349
775,721,1496,0.12150769987856591
766,723,1489,0.12155885917719715
778,723,1501,0.12162820324935204
782,725,1507,0.12166199935607945
776,734,1510,0.12168477215055151
773,726,1499,0.12172040647111732
773,726,1499,0.1217595655634835
769,716,1485,0.12179508541130507
776,725,1501,0.12183977806403874
769,733,1502,0.1218632602582501
765,744,1509,0.12190357308593613
761,753,1514,0.12194919814577858
746,758,1504,0.1220008319427216
748,762,1510,0.12208537272748683
746,751,1497,0.12215861807906524
742,741,1483,0.12223290019214364
740,751,1491,0.12231174117166493
738,751,1489,0.1223886897824367
745,757,1502,0.12246549742536691
746,754,1500,0.12251885329892533
730,759,1489,0.12256869289226682
734,754,1488,0.12265282616601984
733,763,1496,0.12272153333646145
722,761,1483,0.12278770257782662
723,765,1488,0.12287543590080052
728,772,1500,0.12295470745794049
730,770,1500,0.12301618669892556
734,772,1506,0.12306801049954157
733,760,1493,0.12310601180239153
745,754,1499,0.12314400588938682
753,757,1510,0.12315069736267258
751,765,1516,0.12313606957525551
761,755,1516,0.12312796457438338
742,757,1499,0.12309564744640486
749,763,1512,0.12311128920759984
746,782,1528,0.12310943445917427
744,773,1517,0.12311640434132654
732,770,1502,0.12312840036316847
732,774,1506,0.12316950490588832
734,772,1506,0.12320617121869624
729,773,1502,0.12323580714890596
733,771,1504,0.1232756777327462
726,779,1505,0.12330425624830856
739,789,1528,0.12334836466014132
739,777,1516,0.12335656499734285
737,791,1528,0.12336380168859996
725,785,1510,0.12337615695769262
718,786,1504,0.12341883682997334
708,789,1497,0.12347708011684397
710,788,1498,0.12355666449890179
707,784,1491,0.12362716950378493
708,788,1496,0.12369939809589109
705,800,1505,0.12376435242021355
706,817,1523,0.12383496491960617
708,816,1524,0.12389756622742126
698,824,1522,0.1239498963369087
698,816,1514,0.12402390560773821
699,810,1509,0.12409388862157467
699,821,1520,0.12415797478370905
695,819,1514,0.12421771048173688
697,825,1522,0.124282887163541
691,817,1508,0.12433946850030861
684,820,1504,0.12440603018785269
684,819,1503,0.1244855155337311
683,815,1498,0.1245595268078571
681,829,1510,0.12463061395234223
689,825,1514,0.1247021959238344
692,823,1515,0.12475025546176438
695,829,1524,0.12478894601222347
693,829,1522,0.12481836109670909
689,830,1519,0.12485003827688634
681,831,1512,0.12488894090179951
686,829,1515,0.12494510252051899
682,834,1516,0.12498519851790285
673,835,1508,0.12503270698700078
679,843,1522,0.12510117551215466
679,839,1518,0.1251493327318558
671,854,1525,0.12519514372845994
669,865,1534,0.12525753868692868
664,858,1522,0.12532274320481737
663,841,1504,0.12539547898221293
659,835,1494,0.12546387782598195
664,839,1503,0.12553762928253318
656,836,1492,0.12559155888200726
652,833,1485,0.12566120907806363
640,843,1483,0.12573507788166854
652,834,1486,0.1258314402706875
656,832,1488,0.12589164502066238
647,843,1490,0.12593913523352343
649,843,1492,0.12600691017557616
648,847,1495,0.1260658853020177
646,847,1493,0.12612398069476707
637,858,1495,0.12618283390027313
643,853,1496,0.12626014711388092
652,848,1500,0.12631599911524005
640,853,1493,0.1263470137318036
630,851,1481,0.12640511763019546
639,856,1495,0.1264833511885071
636,866,1502,0.12653334497696533
636,878,1514,0.12658723222261062
635,869,1504,0.12663772131684486
636,866,1502,0.12668890351218795
636,888,1524,0.1267356024834549
632,894,1526,0.12677837402462427
633,883,1516,0.12682751866087438
634,884,1518,0.12687055635578878
639,892,1531,0.12690796693345832
630,892,1522,0.12693113388711122
634,890,1524,0.12697575836727443
640,878,1518,0.1270070273733881
642,876,1518,0.12702013227013118
650,861,1511,0.1270274299184517
641,865,1506,0.12701508669597186
637,871,1508,0.12702724706798985
639,860,1499,0.12704856358196756
632,865,1497,0.12706277373031719
629,871,1500,0.1270929449758134
628,865,1493,0.1271278125101452
620,875,1495,0.12716241582914323
624,883,1507,0.1272152775704361
625,883,1508,0.1272538952674565
627,888,1515,0.12728950502892256
626,885,1511,0.12731689417356634
621,882,1503,0.12734579402398982
622,879,1501,0.12738506847391776
627,887,1514,0.1274190468428709
624,885,1509,0.127437733972806
631,881,1512,0.12746258538538865
637,873,1510,0.12746726193400681
633,876,1509,0.12745568945699431
635,873,1508,0.12745405691978806
630,878,1508,0.12744661442071378
629,880,1509,0.1274498573829853
625,881,1506,0.1274552150066059
626,886,1512,0.1274710600297356
634,875,1509,0.12748462146314116
636,860,1496,0.12747718365496255
636,871,1507,0.12746584695993238
632,877,1509,0.12745601074932453
634,874,1508,0.1274567479560096
624,880,1504,0.1274517438366118
622,881,1503,0.12747293278263858
627,877,1504,0.12749682478370272
620,890,1510,0.1275062161868505
618,888,1506,0.12753272382513053
624,880,1504,0.12756307179123613
627,883,1510,0.12757660933076007
624,893,1517,0.12758206503519187
627,878,1505,0.12759524776514453
632,871,1503,0.12760078721090135
636,875,1511,0.1275923109134113
639,886,1525,0.1275739508121852
629,882,1511,0.12754956082296473
623,891,1514,0.1275544739527258
632,883,1515,0.1275730526393815
629,892,1521,0.12756582340990202
623,878,1501,0.12756675292990705
618,886,1504,0.12758301367492556
619,885,1504,0.12761141055784886
621,882,1503,0.1276341175548332
628,899,1527,0.12765138013904245
630,888,1518,0.12764899741434685
624,887,1511,0.127642673672837
614,883,1497,0.12765125332046562
614,882,1496,0.12768599462674948
618,882,1500,0.12771930210979496
614,881,1495,0.12774027274959474
612,883,1495,0.12776919126844216
615,883,1498,0.12779997256179032
609,891,1500,0.12781938788646843
609,884,1493,0.12785289261607954
612,872,1484,0.12788245386985886
613,880,1493,0.12790238477346275
619,886,1505,0.1279184317231754
617,883,1500,0.1279175027387398
622,885,1507,0.1279231913031994
612,901,1513,0.12791691000278022
616,898,1514,0.12793703124696815
621,895,1516,0.12794689286448002
616,897,1513,0.12794373261515724
615,896,1511,0.1279529966031288
611,894,1505,0.1279647933101046
606,886,1492,0.12798570778208987
609,893,1502,0.1280181118781669
609,890,1499,0.12804081011498883
598,897,1495,0.12806238884038737
593,904,1497,0.1281090078108407
594,907,1501,0.12816482941680996
591,911,1502,0.1282142871147586
584,914,1498,0.12826692851206167
585,913,1498,0.1283335424431141
588,911,1499,0.12839263932153497
582,909,1491,0.12843801103025063
589,906,1495,0.12849359104945987
598,905,1503,0.12852895091693706
601,920,1521,0.12853882637903805
600,911,1511,0.1285401620171807
594,909,1503,0.12854528025355777
607,916,1523,0.12856466108907438
609,914,1523,0.12854895703421268
612,920,1532,0.12852960728554244
611,916,1527,0.12850370168433162
605,906,1511,0.12848431966750362
608,908,1516,0.12848129148830614
598,905,1503,0.1284703019289212
601,915,1516,0.1284853133655367
602,922,1524,0.12849184598830632
591,924,1515,0.12849561762052783
588,921,1509,0.12852871171248448
582,918,1500,0.12856698530901645
585,921,1506,0.1286172477606019
587,927,1514,0.12865559606381896
594,915,1509,0.1286864392047561
591,913,1504,0.12869780095261416
593,911,1504,0.12871527231009178
600,921,1521,0.12872599439360427
599,925,1524,0.1287197221522292
601,930,1531,0.1287165061639649
600,924,1524,0.1287075107551917
595,920,1515,0.1287001067389403
603,919,1522,0.12870521113079103
593,928,1521,0.12869216090619337
594,928,1522,0.12870602215846105
594,927,1521,0.1287161555297667
593,909,1502,0.12872474339355938
593,915,1508,0.12873394677709005
591,908,1499,0.1287421420883684
584,921,1505,0.12875487317331077
587,916,1503,0.12878450232984423
592,926,1518,0.12880442218769733
598,924,1522,0.12881032019894303
596,921,1517,0.12879818153126504
592,920,1512,0.12879195996024342
586,918,1504,0.12879680346407366
594,909,1503,0.12881635836984806
590,913,1503,0.128815497630691
576,917,1493,0.12882447178543777
580,920,1500,0.12886785737130985
584,920,1504,0.12889877589921547
576,927,1503,0.1289178960979249
570,910,1480,0.12895458121184167
565,916,1481,0.12900522197021946
579,919,1498,0.12906322334615464
566,930,1496,0.12908160351905595
571,923,1494,0.12913300529119334
581,919,1500,0.12916641953106317
576,926,1502,0.12917107974281186
588,918,1506,0.12918802432788554
593,917,1510,0.1291723537989211
594,918,1512,0.12914555800760102
588,916,1504,0.12911741059495335
586,914,1500,0.1291072656088921
582,919,1501,0.12910313004797008
582,925,1507,0.1291079905487383
584,923,1507,0.12911190522855087
589,923,1512,0.1291112820349399
591,923,1514,0.12909879548316666
597,927,1524,0.12908274835459868
589,925,1514,0.1290527772486847
584,924,1508,0.1290455396875797
590,914,1504,0.12905247680083
584,914,1498,0.12904356025871805
574,916,1490,0.12904967732244066
575,931,1506,0.12907886858827575
577,921,1498,0.12910180123057496
587,914,1501,0.129117792299014
582,923,1505,0.12910626353873694
593,923,1516,0.12910907600660895
594,917,1511,0.12908338179768392
578,917,1495,0.12905681795218626
579,921,1500,0.12907296032197607
588,917,1505,0.12908496165992817
587,927,1514,0.1290738442001943
586,933,1519,0.12906780229659776
580,933,1513,0.12906628816850124
580,919,1499,0.12907959291691865
577,915,1492,0.12909187234068803
575,931,1506,0.12911011410572285
579,934,1513,0.1291343637217198
573,929,1502,0.12914462253780562
563,934,1497,0.1291698462045124
567,942,1509,0.12921794021139008
570,933,1503,0.12925181347538195
567,939,1506,0.129276964306823
563,941,1504,0.1293082839773998
561,952,1513,0.12934894439514755
561,954,1515,0.1293921857683719
560,954,1514,0.12943354323050146
555,948,1503,0.12947412692049529
557,955,1512,0.12952514422537584
545,955,1500,0.1295696347155555
544,965,1509,0.12964185803673117
543,965,1508,0.1297130473940331
540,967,1507,0.12978343674778536
547,971,1518,0.12985683979785972
543,960,1503,0.12990725560255523
535,970,1505,0.12996519002252657
542,983,1525,0.13004047579020608
535,991,1526,0.1300932661368479
532,984,1516,0.13016103541682256
530,981,1511,0.13023260106836554
532,989,1521,0.13030447760596076
538,991,1529,0.13036590821250454
532,978,1510,0.13040724257908728
527,975,1502,0.13046234712588844
527,984,1511,0.13052708074610597
520,985,1505,0.1305876436573485
519,989,1508,0.13066108099326965
524,981,1505,0.1307319490116994
522,980,1502,0.13078608439268294
522,984,1506,0.13084179000830698
519,983,1502,0.13089415399856472
512,982,1494,0.13094889443842045
512,993,1505,0.1310167315117929
512,1007,1519,0.1310810227089574
504,1008,1512,0.1311408931673906
501,1010,1511,0.13121767452924943
507,996,1503,0.1312960309987068
506,987,1493,0.1313536170758126
502,1008,1510,0.13141001868369676
507,1005,1512,0.13147195484034202
498,1010,1508,0.1315170786080787
494,1024,1518,0.131584186788465
489,1020,1509,0.13165778350045262
489,1019,1508,0.13173730869649436
487,1022,1509,0.13181017348980614
484,1023,1507,0.13188550978622524
476,1025,1501,0.13196332942261174
473,1034,1507,0.1320585579102457
478,1036,1514,0.13215450529890668
471,1027,1498,0.13223138669523962
466,1031,1497,0.13232078902525019
470,1036,1506,0.1324169880796396
483,1034,1517,0.13249678520359828
482,1025,1507,0.13253759077605307
478,1027,1505,0.13257962238385537
476,1033,1509,0.13262818497987552
474,1030,1504,0.13267928796525508
471,1033,1504,0.13273235768602348
471,1029,1500,0.13278806571644045
471,1050,1521,0.13284083892379606
473,1054,1527,0.13288960538161845
469,1049,1518,0.1329296028450878
468,1045,1513,0.1329772498201277
468,1054,1522,0.13302364999974584
468,1049,1517,0.13306684836360286
462,1045,1507,0.1331068138986461
461,1048,1509,0.13315996987141887
469,1040,1509,0.133212421797102
460,1043,1503,0.13324014644034765
462,1050,1512,0.1332897605332135
464,1047,1511,0.13333077259025006
460,1049,1509,0.13336239313565706
460,1050,1510,0.13340218947709134
456,1045,1501,0.13343881635850435
459,1049,1508,0.1334841818883019
455,1058,1513,0.13351988953298033
453,1058,1511,0.13356454874502866
456,1044,1500,0.13361061471851318
456,1039,1495,0.13364484439353325
451,1057,1508,0.13367679692583867
447,1069,1516,0.1337195608579951
445,1055,1500,0.13376956151203565
441,1047,1488,0.13382270399199364
448,1055,1503,0.13388375451851167
449,1064,1513,0.13392196306138046
446,1060,1506,0.1339558545873105
450,1062,1512,0.13399650782075484
451,1062,1513,0.13402271068064603
448,1062,1510,0.13404372476128945
452,1077,1529,0.13407209558599753
448,1076,1524,0.13408663439465848
447,1067,1514,0.13411173787907069
446,1070,1516,0.13413739149080328
444,1076,1520,0.13416243091065178
444,1075,1519,0.13419068093509834
447,1073,1520,0.13421632256580898
433,1074,1507,0.1342341527629398
424,1068,1492,0.1342855796928953
425,1082,1507,0.1343583559140608
424,1081,1505,0.13442288086468693
427,1087,1514,0.1344858679401302
423,1089,1512,0.13453664827547462
425,1080,1505,0.13459443660795795
417,1075,1492,0.13464267983223802
416,1082,1498,0.13470838083955075
423,1095,1518,0.13477068146559992
420,1102,1522,0.13481141810992983
417,1095,1512,0.13485757314159907
422,1084,1506,0.13490975660806048
426,1077,1503,0.13494677245703432
421,1079,1500,0.13497152558067163
425,1084,1509,0.1350083664122961
423,1078,1501,0.13503279068701948
419,1088,1507,0.1350616317202821
426,1096,1522,0.13509804015313936
435,1090,1525,0.13511425369973995
427,1083,1510,0.13510663759980007
429,1091,1520,0.1351214459897374
434,1097,1531,0.13512922457324705
428,1087,1515,0.13512423755906539
428,1074,1502,0.13513484158064792
422,1071,1493,0.13514446320108411
428,1069,1497,0.13516926236199378
426,1064,1490,0.13517744222470685
424,1067,1491,0.13518992831854085
425,1077,1502,0.1352047352330527
424,1091,1515,0.13521633814689987
421,1088,1509,0.135230933638476
422,1089,1511,0.13525287493119426
420,1097,1517,0.13527040454166867
420,1089,1509,0.13529308971046616
418,1082,1500,0.13531541415735826
418,1081,1499,0.1353409603674337
421,1083,1504,0.1353636577212131
412,1098,1510,0.13537631611374767
412,1100,1512,0.13541235617552844
415,1104,1519,0.135446422963195
416,1112,1528,0.1354713652257034
420,1112,1532,0.1354916096470227
419,1112,1531,0.13550077051762602
421,1114,1535,0.13551209296802122
418,1107,1525,0.1355164521310071
408,1104,1512,0.1355285980432843
416,1103,1519,0.13556616566012603
411,1112,1523,0.13558112067572947
414,1099,1513,0.13560881978637454
420,1107,1527,0.13562746286178445
423,1096,1519,0.13562989683431664
424,1095,1519,0.13562428939559934
417,1103,1520,0.1356177012655272
413,1099,1512,0.1356300995337348
412,1097,1509,0.13565174531710802
412,1079,1491,0.13567337503284446
415,1083,1498,0.13569332125518366
413,1088,1501,0.1357035698891379
422,1091,1513,0.13571906918039695
420,1099,1519,0.1357094695198836
419,1100,1519,0.13570535704835968
411,1092,1503,0.1357038458040873
416,1101,1517,0.13572344417954083
408,1093,1501,0.13572914789061477
403,1101,1504,0.13575523847711757
407,1102,1509,0.1357937290744403
406,1096,1502,0.1358188073366677
407,1095,1502,0.1358447709004156
405,1099,1504,0.13586678333570373
402,1096,1498,0.13589445001484698
405,1093,1498,0.13592797392176353
408,1090,1498,0.13595114031936129
407,1093,1500,0.13596661951733696
403,1097,1500,0.13598324370979292
394,1087,1481,0.1360101963124743
388,1098,1486,0.13605939617155513
389,1117,1506,0.13611984845419606
395,1119,1514,0.13617400006488026
394,1120,1514,0.1362088686214039
391,1127,1518,0.13624391114468629
389,1114,1503,0.136285047473121
387,1110,1497,0.1363279937340373
391,1118,1509,0.13637398429597666
385,1120,1505,0.13640682283038602
385,1124,1509,0.13645378345173634
379,1126,1505,0.13649709596112816
381,1120,1501,0.13655354443662307
387,1132,1519,0.13660137307286724
384,1125,1509,0.1366312133199618
389,1112,1501,0.13666622089512453
392,1124,1516,0.13668536436068635
386,1124,1510,0.13669475276908435
384,1124,1508,0.13671871082549825
385,1125,1510,0.13674677064835092
378,1121,1499,0.13677136648417573
381,1120,1501,0.13681113861409278
379,1125,1504,0.1368411719180525
376,1124,1500,0.1368738935462257
375,1113,1488,0.13691243039922454
374,1118,1492,0.13695012814194915
379,1119,1498,0.13698833600193303
371,1129,1500,0.13700922619899994
376,1131,1507,0.13705034009329498
374,1128,1502,0.13707557007736898
381,1119,1500,0.13710334292140286
376,1121,1497,0.13710913747383965
377,1124,1501,0.13712868441169238
368,1133,1501,0.13714482394376692
369,1123,1492,0.1371833780838349
370,1125,1495,0.13721588120545897
373,1141,1514,0.13724361968273324
379,1139,1518,0.13726282568663808
375,1135,1510,0.13726586948518218
375,1137,1512,0.13727871040452075
377,1141,1518,0.13729074912073522
374,1141,1515,0.13729665965948137
371,1140,1511,0.13731042733318696
368,1140,1508,0.13733062617359182
373,1141,1514,0.13735843928772407
375,1138,1513,0.1373716044009331
373,1140,1513,0.1373796493600172
378,1132,1510,0.1373907779966987
373,1149,1522,0.1373882982424447
374,1147,1521,0.13740076576034782
375,1144,1519,0.13741185597388472
376,1156,1532,0.1374201586297238
371,1145,1516,0.13742587393918346
372,1138,1510,0.13744444582129872
368,1144,1512,0.1374601562651025
360,1142,1502,0.13748427317009693
368,1145,1513,0.13752795927862557
372,1152,1524,0.1375480283004111
366,1141,1507,0.1375549552834922
369,1122,1491,0.1375766124284415
374,1133,1507,0.13758920678630102
368,1145,1513,0.13758831265537474
359,1152,1511,0.13760385025563138
354,1152,1506,0.1376406286527903
356,1157,1513,0.13768762846378077
350,1155,1505,0.13772627896781642
355,1168,1523,0.13777935633520152
360,1152,1512,0.1378161756562981
357,1147,1504,0.13783491373476398
361,1150,1511,0.13786049298166478
359,1159,1518,0.13787414979984533
355,1161,1516,0.1378919994980561
357,1163,1520,0.13791912512380125
352,1148,1500,0.13793901207538029
357,1159,1516,0.13797093583804754
363,1164,1527,0.1379882297932588
361,1160,1521,0.13798995868339564
359,1160,1519,0.1379975460477596
355,1176,1531,0.13800933770880353
359,1173,1532,0.13803179101566002
361,1173,1534,0.1380407671705327
358,1161,1519,0.1380448169691305
361,1155,1516,0.13805717003257229
360,1169,1529,0.13806024386413795
357,1179,1536,0.13806796634777688
359,1174,1533,0.13808227228541192
354,1173,1527,0.13809094638873115
357,1170,1527,0.1381110653842925
357,1157,1514,0.13812321527064467
357,1152,1509,0.1381356462913295
356,1151,1507,0.13814681389622044
355,1150,1505,0.1381612948299095
356,1159,1515,0.13817663925655477
347,1158,1505,0.13818896386144774
341,1161,1502,0.1382248057179474
336,1166,1502,0.13827423516629664
340,1173,1513,0.1383329592562857
338,1170,1508,0.13837725078461915
346,1167,1513,0.1384238603149063
341,1167,1508,0.13844698421235357
349,1167,1516,0.13848145374054563
350,1161,1511,0.13849320377004284
355,1161,1516,0.13849992093174118
351,1169,1520,0.13849175969998342
342,1159,1501,0.1384948566587881
343,1163,1506,0.13852205137887177
349,1182,1531,0.13854513035839375
353,1172,1525,0.13855107211559883
348,1171,1519,0.13854646322921474
344,1180,1524,0.1385556482867849
340,1171,1511,0.13857460845095027
337,1173,1510,0.1386037653323644
338,1176,1514,0.1386391987345313
330,1181,1511,0.13866931447298
335,1171,1506,0.1387180346724819
329,1167,1496,0.13875096192681757
332,1164,1496,0.138795758985639
329,1162,1491,0.13883085456429198
328,1174,1502,0.1388717077155662
328,1177,1505,0.1389124918669872
333,1182,1515,0.13895224296140476
334,1187,1521,0.138976059495524
330,1187,1517,0.1389957202193794
329,1193,1522,0.13902488389430523
326,1177,1503,0.13905498947573303
328,1181,1509,0.1390903862822186
331,1173,1504,0.13911827552676523
329,1176,1505,0.13913532132676046
326,1188,1514,0.13915711002631168
325,1178,1503,0.13918530925070058
328,1176,1504,0.13921283116599442
328,1185,1513,0.13923061154302557
324,1187,1511,0.1392482553357817
329,1190,1519,0.13927683413051636
325,1196,1521,0.13929089159819288
321,1196,1517,0.13931436909160583
323,1199,1522,0.13934697064465823
325,1192,1517,0.1393729050564369
329,1191,1520,0.13939103779424614
335,1190,1525,0.13939637773984395
336,1187,1523,0.13938465698291996
335,1178,1513,0.1393720093655606
332,1184,1516,0.13936385018779676
327,1187,1514,0.13936308038261808
327,1183,1510,0.1393745137728598
331,1185,1516,0.1393843674182632
335,1187,1522,0.13938269460818312
343,1196,1539,0.1393716536897307
348,1187,1535,0.13933861404067216
344,1181,1525,0.1392942755863803
338,1175,1513,0.13926472320988245
339,1174,1513,0.13925267660001084
347,1171,1518,0.13923847602532227
347,1165,1512,0.139204723882221
344,1168,1512,0.139173938060258
349,1167,1516,0.13915341629699074
348,1169,1517,0.13912028279182054
345,1166,1511,0.13909141466474878
345,1158,1503,0.1390725664496809
347,1160,1507,0.13905507315289106
345,1173,1518,0.13903442104922853
343,1163,1506,0.13902093595535875
345,1172,1517,0.13901394317517166
348,1176,1524,0.13900115454525752
346,1176,1522,0.13898048038154742
346,1177,1523,0.13896685832548028
342,1179,1521,0.13895470085326594
336,1169,1505,0.13895290614989209
332,1165,1497,0.13896696171880926
324,1168,1492,0.13899018598744334
329,1161,1490,0.1390325854251793
335,1171,1506,0.13905944538386333
338,1168,1506,0.13906904724211253
334,1170,1504,0.13907010796316988
336,1172,1508,0.1390833070553054
340,1176,1516,0.1390906131370743
331,1173,1504,0.13908710465095261
331,1181,1512,0.1391072738156081
320,1174,1494,0.13912648642493775
316,1171,1487,0.13917245685793384
312,1176,1488,0.1392263381664055
315,1179,1494,0.1392871123000426
321,1190,1511,0.13933554198652434
321,1196,1517,0.1393647978095796
326,1201,1527,0.139393186751908
321,1198,1519,0.13940658313135212
323,1203,1526,0.13943273251436764
321,1206,1527,0.1394521786896549
324,1204,1528,0.13947647104921576
323,1204,1527,0.13949251662869827
324,1200,1524,0.13950966823635386
322,1193,1515,0.13952337031389575
320,1189,1509,0.1395420519965124
318,1186,1504,0.13956376087440797
320,1193,1513,0.13959058065632424
316,1203,1519,0.13960938929335664
315,1194,1509,0.13963785920705565
307,1194,1501,0.1396675869529832
309,1214,1523,0.13971576178991704
305,1201,1506,0.1397557568537846
306,1200,1506,0.13980439507032755
305,1207,1512,0.13984813080910694
305,1204,1509,0.13989217283886962
306,1206,1512,0.1399328750205895
304,1206,1510,0.13996721100364623
301,1191,1492,0.14000424983861726
306,1198,1504,0.14004693688258693
309,1195,1504,0.14007413331577842
306,1191,1497,0.14009221907374753
300,1198,1498,0.14011721118654735
298,1212,1510,0.14015754662543511
294,1220,1514,0.14019979443061775
294,1216,1510,0.14025001426595546
297,1211,1508,0.1402983823790461
301,1210,1511,0.14033515679567546
298,1204,1502,0.14035916965884382
289,1223,1512,0.1403895917620631
286,1224,1510,0.14044337402989096
294,1213,1507,0.14050116325820639
299,1209,1508,0.14053373835619612
298,1210,1508,0.14055144997338911
296,1211,1507,0.1405700149155251
294,1213,1507,0.14059238209432182
297,1216,1513,0.14061908641860618
298,1222,1520,0.14063528557542285
300,1208,1508,0.14064777610413973
302,1210,1512,0.14065424979387797
302,1204,1506,0.14065491320889983
295,1206,1501,0.1406551981776796
288,1212,1500,0.14067421689207785
285,1225,1510,0.14071055324873583
284,1231,1515,0.14075198648315523
288,1226,1514,0.14079385878334524
290,1221,1511,0.14082304749642666
287,1226,1513,0.14084546546633572
281,1231,1512,0.14087496282378023
284,1224,1508,0.14091844568278136
275,1236,1511,0.1409511877693209
279,1235,1514,0.1410057498814921
279,1225,1504,0.14104596432463035
284,1241,1525,0.14108338903342957
278,1228,1506,0.14110407792282906
276,1224,1500,0.14113999843738242
276,1228,1504,0.14118004780140023
280,1227,1507,0.14121915493679948
274,1234,1508,0.14124457528761952
278,1254,1532,0.1412847058545539
277,1256,1533,0.14131214563570538
282,1251,1533,0.1413404585510197
284,1249,1533,0.14135428260621016
279,1250,1529,0.14136259330300374
283,1255,1538,0.14138349747758475
275,1258,1533,0.14139287407649234
276,1255,1531,0.14142231794647708
277,1254,1531,0.14144831970512958
273,1254,1527,0.14147014194632576
278,1261,1539,0.14150134870584996
270,1265,1535,0.14151762062632856
271,1260,1531,0.1415533329074632
269,1248,1517,0.14158461803939382
269,1246,1515,0.1416192466329827
261,1257,1518,0.14165143656316326
267,1252,1519,0.14170183167713687
267,1246,1513,0.14173379703205832
272,1240,1512,0.14176360549749784
270,1238,1508,0.1417775426924922
272,1243,1515,0.14179544602006108
270,1237,1507,0.14180738878197652
266,1248,1514,0.14182271098142268
264,1245,1509,0.14184745412208713
269,1253,1522,0.14187572086872038
266,1242,1508,0.14188894708259112
266,1251,1517,0.1419080394990106
269,1245,1514,0.1419249158329226
267,1241,1508,0.1419324760785069
265,1244,1509,0.14194430665457433
262,1232,1494,0.1419610687760035
259,1236,1495,0.14198416941436498
262,1237,1499,0.14201393793374603
265,1236,1501,0.14203362813844142
267,1221,1488,0.14204421419361363
273,1235,1508,0.14204958426196515
272,1231,1503,0.14203885724197648
275,1232,1507,0.14203173956731968
270,1235,1505,0.14201727904735886
272,1246,1518,0.14201842479961824
271,1240,1511,0.14201489174345636
272,1230,1502,0.14201429808746224
272,1239,1511,0.14201051192970257
272,1234,1506,0.14200713249914468
272,1227,1499,0.14200410517481665
271,1230,1501,0.1420004429286829
277,1228,1505,0.14199955361520092
272,1230,1502,0.14198314895738248
265,1229,1494,0.14198106546984993
263,1237,1500,0.14199815099804322
267,1237,1504,0.14201846660050454
266,1247,1513,0.14202586404732553
265,1249,1514,0.14203537659337676
267,1263,1530,0.14204647666702624
265,1251,1516,0.1420510087089081
269,1239,1508,0.1420601619742614
267,1241,1508,0.14205788453823764
268,1244,1512,0.14206037928994206
265,1243,1508,0.14206073788506351
262,1261,1523,0.14206950470400254
263,1254,1517,0.14208645079338922
258,1256,1514,0.14209906105538608
259,1260,1519,0.14212395751146306
256,1265,1521,0.14214445290651642
258,1275,1533,0.14217163586293605
257,1253,1510,0.1421906959542939
264,1253,1517,0.14221144827728063
263,1248,1511,0.14221176669732746
259,1256,1515,0.14221472184163883
256,1258,1514,0.1422281652232069
254,1256,1510,0.14224930968884603
249,1272,1521,0.14227395501518106
248,1277,1525,0.14231112193392914
247,1269,1516,0.1423497586408057
246,1259,1505,0.14238812430119743
246,1251,1497,0.1424264010985269
239,1257,1496,0.14246206680056217
241,1263,1504,0.14251371093900217
239,1258,1497,0.14255601201707577
244,1268,1512,0.14260165135004615
241,1277,1518,0.14263084332723402
241,1277,1518,0.14266549146873667
245,1267,1512,0.14269740187104574
249,1279,1528,0.14271640233268137
251,1276,1527,0.14272338027623754
246,1273,1519,0.14272439591697872
244,1270,1514,0.14273801852158707
235,1270,1505,0.14275598312380872
240,1272,1512,0.142796571865942
245,1262,1507,0.14282133355170973
246,1267,1513,0.14283052974118993
248,1270,1518,0.14283614970218814
244,1270,1514,0.1428364579721997
242,1265,1507,0.1428474779639597
241,1267,1508,0.1428639886170303
241,1279,1520,0.14288178262414
245,1289,1534,0.14289830776875545
239,1293,1532,0.14290330244589952
240,1289,1529,0.14292410361973393
239,1274,1513,0.14294099149309034
238,1263,1501,0.14296004941031526
238,1271,1509,0.14298077613858223
238,1279,1517,0.14300095265911592
238,1283,1521,0.14302093705532998
235,1276,1511,0.14303926954428708
231,1277,1508,0.14306579311475098
233,1281,1514,0.14310339491165425
232,1283,1515,0.14313270755288693
229,1295,1524,0.14316362676217698
228,1284,1512,0.14319988622460017
228,1285,1513,0.14323646131481602
225,1290,1515,0.1432700187623477
227,1291,1518,0.14330916509975208
226,1294,1520,0.14334084802893435
226,1288,1514,0.14337332700181324
228,1283,1511,0.14340330747838514
223,1289,1512,0.14342640644182414
225,1289,1514,0.14346162016609434
220,1281,1501,0.1434887767219504
220,1281,1501,0.14352809645387615
223,1298,1521,0.14356509187716188
221,1295,1516,0.14359282185770553
222,1292,1514,0.1436235132513794
225,1303,1528,0.1436496640130852
222,1292,1514,0.14366506533024304
219,1297,1516,0.14368734428583985
218,1288,1506,0.14371657686800315
218,1288,1506,0.14374612651178112
216,1300,1516,0.14377432068802276
217,1298,1515,0.14380648274866611
218,1303,1521,0.1438338235862813
214,1294,1508,0.1438581503059492
213,1305,1518,0.1438918904018078
212,1315,1527,0.1439255434548522
213,1309,1522,0.14396035832663273
208,1311,1519,0.1439899614251078
205,1308,1513,0.14403133988104447
203,1319,1522,0.14407839524519678
206,1308,1514,0.14412761526179
210,1307,1517,0.14416620845983277
209,1305,1514,0.1441915679149578
211,1299,1510,0.144218247811256
215,1301,1516,0.1442380737140899
211,1313,1524,0.1442463385225559
211,1301,1512,0.14426441114820393
211,1302,1513,0.1442799505317061
210,1304,1514,0.1442947317897885
216,1291,1507,0.14431050310155702
214,1304,1518,0.14430947850686848
210,1301,1511,0.14431329416492247
207,1293,1500,0.14432885101581142
213,1293,1506,0.14435097253751927
212,1290,1502,0.14435466987909318
204,1303,1507,0.14436056868605268
211,1306,1517,0.14438840107017678
207,1301,1508,0.1443948481851921
204,1312,1516,0.1444115081837027
207,1303,1510,0.14443552781011934
205,1314,1519,0.14444965430552295
204,1310,1514,0.1444674930806257
207,1307,1514,0.14448678199323742
202,1310,1512,0.14449686782883955
200,1309,1509,0.14452182405746483
197,1294,1491,0.14455034999484348
198,1313,1511,0.14458567175714962
199,1321,1520,0.14461625686486104
201,1322,1523,0.14464194694621008
196,1323,1519,0.14466165486362287
196,1316,1512,0.1446943949239553
197,1316,1513,0.14472488604767775
196,1309,1505,0.14475043203955643
194,1313,1507,0.1447764008296869
191,1321,1512,0.14480628689157168
187,1327,1514,0.1448424171510788
187,1327,1514,0.14488778969015909
186,1324,1510,0.14493010541523554
185,1330,1515,0.14497229422366098
186,1336,1522,0.14501477629277373
188,1332,1520,0.14505087540484216
185,1330,1515,0.14507816418263275
184,1337,1521,0.14511254340149
181,1338,1519,0.14514785630667315
182,1331,1513,0.14519011544649668
181,1326,1507,0.14522648534077645
186,1331,1517,0.14526397585491357
184,1327,1511,0.14528484666393973
188,1330,1518,0.1453095543663184
187,1333,1520,0.14532122604333722
189,1337,1526,0.14533485122002804
191,1334,1525,0.14534215724902777
188,1339,1527,0.14534331040157686
193,1348,1541,0.1453536104324061
196,1347,1543,0.14534975053891505
194,1352,1546,0.14533760495425724
193,1335,1528,0.14533140571920775
194,1327,1521,0.14532767429106225
191,1321,1512,0.14532207284968365
197,1310,1507,0.1453248473684931
195,1323,1518,0.14531066011527
191,1329,1520,0.1453023463370445
187,1329,1516,0.14530572817900672
187,1332,1519,0.14531904279452895
186,1333,1519,0.14533122141014773
185,1337,1522,0.1453451564515222
188,1324,1512,0.14536160650570953
189,1324,1513,0.14536880167667787
190,1325,1515,0.14537320756881705
194,1332,1526,0.14537472904596452
196,1325,1521,0.14536550601097808
193,1328,1521,0.1453513527465643
191,1320,1511,0.1453469274871932
192,1315,1507,0.14534820995794515
190,1323,1513,0.1453458007151846
193,1321,1514,0.14534906667925257
191,1318,1509,0.14534340785853156
193,1321,1514,0.14534426914308315
194,1330,1524,0.14533985436292934
191,1323,1514,0.14533344951537003
192,1310,1502,0.14533577601224335
182,1313,1495,0.14533581139465165
184,1313,1497,0.1453636472751223
184,1313,1497,0.14538417933660383
189,1318,1507,0.14540298561416112
188,1316,1504,0.14540650726289783
188,1332,1520,0.1454112392402909
186,1328,1514,0.14541550883438464
185,1329,1514,0.14542410390155958
182,1327,1509,0.14543469761081812
187,1325,1512,0.14545276521316547
182,1333,1515,0.14545581751260617
182,1331,1513,0.14547234686782615
182,1336,1518,0.14548784861528613
180,1342,1522,0.14550256943145545
176,1345,1521,0.14552165970394904
174,1341,1515,0.145549934223493
175,1346,1521,0.14558096137728072
179,1331,1510,0.14560737945278263
174,1337,1511,0.145621506200905
175,1340,1515,0.14564840570929768
174,1348,1522,0.14567077633408523
175,1354,1529,0.14569558704178664
173,1351,1524,0.14571485762855238
175,1338,1513,0.1457382750873683
173,1341,1514,0.14575472052926672
173,1337,1510,0.14577587583677193
181,1338,1519,0.14579591834677122
176,1324,1500,0.1457917240166888
176,1331,1507,0.1458022270053936
172,1355,1527,0.1458122760085335
173,1350,1523,0.14583337548764905
176,1345,1521,0.14585011963028996
175,1342,1517,0.14585783784399706
174,1340,1514,0.14586796845134742
175,1334,1509,0.14587993120866422
174,1327,1501,0.14588833612532678
169,1329,1498,0.14589862515963578
173,1333,1506,0.1459228435935377
166,1340,1506,0.14593419241568223
166,1347,1513,0.14596480390774363
164,1356,1520,0.14599334213028053
166,1352,1518,0.14602606543356103
166,1350,1516,0.14605107459796823
167,1359,1526,0.1460739369309544
170,1351,1521,0.1460921798324932
168,1341,1509,0.14610022078835563
167,1349,1516,0.14611301979517644
171,1350,1521,0.14612769400126097
165,1341,1506,0.14613116123602976
169,1345,1514,0.14615109693715264
170,1347,1517,0.14615816110661214
169,1347,1516,0.1461624968074325
167,1337,1504,0.14616940621039487
167,1350,1517,0.14618078915585148
168,1353,1521,0.1461913646363529
166,1355,1521,0.14619816677861017
166,1342,1508,0.14621021799617487
165,1352,1517,0.14622230057458246
166,1356,1522,0.1462363909570352
166,1341,1507,0.1462472233066675
162,1350,1512,0.14625805488475543
163,1353,1516,0.14627933606106805
161,1361,1522,0.14629541566258536
162,1343,1505,0.14631698732390958
163,1343,1506,0.14633475034882118
163,1344,1507,0.14634800618273439
164,1346,1510,0.14636003272427797
169,1350,1519,0.1463681741824472
172,1351,1523,0.14636086941581147
168,1357,1525,0.14634621624586927
171,1362,1533,0.14634444463859742
165,1357,1522,0.14633435661863423
163,1357,1520,0.14634074380168172
162,1349,1511,0.1463525696761918
164,1353,1517,0.14636655710566746
168,1347,1515,0.1463734541856682
166,1362,1528,0.14636892981620384
167,1363,1530,0.14636973190117414
164,1352,1516,0.1463676789094676
164,1350,1514,0.1463746785475074
160,1358,1518,0.14638097351824872
161,1356,1517,0.14639802693826018
159,1349,1508,0.14641155295685943
162,1354,1516,0.14643041437576174
158,1348,1506,0.14643979554145312
163,1357,1520,0.14645972652907202
163,1350,1513,0.14646483210579198
164,1352,1516,0.14646970854092214
165,1348,1513,0.14647183407744835
163,1344,1507,0.14647067174024958
164,1357,1521,0.14647498452280414
160,1344,1504,0.1464763793570905
164,1351,1515,0.1464882320295983
159,1348,1507,0.14648820404692625
157,1367,1524,0.14650181889198274
157,1355,1512,0.14651991949765691
155,1342,1497,0.14653641186442873
156,1348,1504,0.14655710109789616
159,1356,1515,0.14657373276219612
159,1355,1514,0.14658130695531366
160,1351,1511,0.14658849828947138
161,1337,1498,0.14659322518295384
162,1358,1520,0.14659519669413773
161,1362,1523,0.14659510675109808
157,1353,1510,0.1465976284985968
156,1371,1527,0.14661055642483192
155,1373,1528,0.14662485796090735
154,1363,1517,0.14664122884867178
151,1352,1503,0.14665959200669398
148,1350,1498,0.14668538042005566
146,1353,1499,0.14671743132065784
146,1370,1516,0.14675359565811077
148,1367,1515,0.14678657533043218
148,1360,1508,0.14681274670842226
150,1367,1517,0.14683680818565154
146,1371,1517,0.1468540088497959
142,1367,1509,0.14688131458981288
139,1366,1505,0.14691756299145672
135,1369,1504,0.1469593114072673
135,1369,1504,0.14700925633056694
136,1357,1493,0.14705593627876445
132,1357,1489,0.14709631165546028
131,1368,1499,0.1471455403582297
129,1379,1508,0.14719373424388454
130,1369,1499,0.14724407721009355
130,1362,1492,0.1472885840626331
131,1371,1502,0.14733018937660175
133,1385,1518,0.14736621908279632
135,1375,1510,0.14739407493142967
140,1375,1515,0.14741446788069434
141,1368,1509,0.14741927575525746
139,1361,1500,0.14742127344940348
138,1385,1523,0.14742905036363615
138,1386,1524,0.14743901595120726
134,1386,1520,0.14744839082470465
136,1387,1523,0.1474686754424728
135,1389,1524,0.14748208060159473
139,1390,1529,0.14749793140258005
137,1397,1534,0.1475011368225172
138,1392,1530,0.14750944163139765
136,1390,1526,0.14751506153021413
134,1388,1522,0.14752599621045615
136,1372,1508,0.14754186493438445
137,1383,1520,0.14755051672163355
137,1382,1519,0.14755539017798175
140,1381,1521,0.14755995826913615
140,1379,1519,0.14755546033945702
140,1384,1524,0.14755124328659616
141,1376,1517,0.1475472380435863
139,1375,1514,0.14754086936264055
136,1378,1514,0.14754077880271055
134,1383,1517,0.14754930251213447
135,1374,1509,0.14756366990756029
135,1376,1511,0.14757387526965893
132,1377,1509,0.1475836560653771
129,1381,1510,0.14760081600559274
128,1380,1508,0.14762484257911151
128,1389,1517,0.1476503533051585
128,1390,1518,0.1476747315370003
127,1388,1515,0.14769721046835488
124,1391,1515,0.14772134338232867
126,1393,1519,0.1477524587756706
130,1404,1534,0.1477757915231056
129,1395,1524,0.14778632990932425
126,1379,1505,0.1477990794602882
128,1373,1501,0.14781950266909105
127,1380,1507,0.1478325496810262
126,1388,1514,0.14784789917413896
124,1395,1519,0.1478655646602796
128,1374,1502,0.14788820194735905
125,1387,1512,0.14789724081735783
124,1397,1521,0.14791414960218813
124,1391,1515,0.1479324606838817
124,1390,1514,0.1479496777616166
127,1401,1528,0.14796493341759304
129,1394,1523,0.14797062687303056
124,1380,1504,0.14797011466314844
126,1382,1508,0.147983529587141
130,1382,1512,0.14799017612514073
133,1390,1523,0.14798525212642985
131,1394,1525,0.14797249791817638
129,1395,1524,0.147966804169481
127,1386,1513,0.1479674010866897
126,1392,1518,0.14797365035199608
125,1387,1512,0.14798206976565426
124,1376,1500,0.14799304295075139
124,1373,1497,0.14800580750177897
119,1392,1511,0.1480180371344119
118,1406,1524,0.14804373768527285
115,1400,1515,0.1480697229563255
114,1395,1509,0.14810232371713625
114,1399,1513,0.14813590999217338
110,1395,1505,0.1481667233443046
109,1405,1514,0.1482073131111
112,1401,1513,0.14824796298082718
115,1402,1517,0.14827691466224757
111,1396,1507,0.14829521507355722
115,1407,1522,0.14832364719154578
115,1392,1507,0.14833853314308537
110,1396,1506,0.14835219732543273
109,1413,1522,0.14838006232676942
106,1416,1522,0.14840850777516915
108,1411,1519,0.14844383893530788
106,1407,1513,0.1484709737937522
105,1403,1508,0.14850178613235981
107,1403,1510,0.14853384176908982
104,1411,1515,0.1485580682316657
106,1416,1522,0.14858960803130472
106,1404,1510,0.14861301328254012
107,1410,1517,0.1486349270717535
106,1420,1526,0.1486527994424732
107,1414,1521,0.1486721724233898
106,1421,1527,0.14868727624664835
105,1416,1521,0.1487047247190622
106,1412,1518,0.14872362944320489
102,1404,1506,0.14873769675076012
98,1414,1512,0.1487631751915759
96,1409,1505,0.14879824802672975
95,1415,1510,0.14883728008541106
96,1411,1507,0.1488767127500898
96,1418,1514,0.14891023181761834
101,1421,1522,0.14894143748534855
100,1424,1524,0.14895611632765265
98,1420,1518,0.14897291218284228
98,1426,1524,0.14899445804999453
96,1429,1525,0.14901529235425534
97,1421,1518,0.14904076792457174
95,1411,1506,0.14906175608390157
95,1409,1504,0.14908729988281336
96,1414,1510,0.1491106010263312
96,1415,1511,0.14912949429984018
92,1428,1520,0.14914756885073166
91,1431,1522,0.14917582568522064
91,1431,1522,0.14920491055525123
90,1425,1515,0.1492323713391349
91,1422,1513,0.14926063105139561
93,1413,1506,0.14928414612455332
92,1418,1510,0.14930015423387683
94,1419,1513,0.14931777661818293
97,1418,1515,0.1493284598262583
95,1418,1513,0.14932965706022627
95,1429,1524,0.14933739860677528
94,1417,1511,0.14934463818357943
94,1410,1504,0.14935393651328843
93,1415,1508,0.14936229308133545
93,1422,1515,0.1493729069264661
94,1433,1527,0.1493822395026611
94,1430,1524,0.14938781529194017
90,1434,1524,0.14939352331745812
89,1431,1520,0.14940980429190356
88,1426,1514,0.14942829078325492
91,1422,1513,0.14944819476121238
91,1420,1511,0.14945808701109725
93,1416,1509,0.14946708252146196
96,1411,1507,0.14946956945072423
96,1408,1504,0.14946398149211396
94,1427,1521,0.14945886840588848
97,1413,1510,0.14946005229303877
96,1407,1503,0.14945262145799723
95,1417,1512,0.14944917537719765
94,1429,1523,0.14944914408265092
92,1424,1516,0.14945222995625718
93,1426,1519,0.1494611066248807
95,1419,1514,0.14946669470811674
93,1433,1526,0.1494660684106967
93,1426,1519,0.14947127180708134
95,1424,1519,0.14947616050270823
88,1432,1520,0.1494749768688844
87,1421,1508,0.14949460619738042
88,1427,1515,0.1495154574655208
89,1415,1504,0.14953185510452344
91,1419,1510,0.14954411826300062
91,1436,1527,0.14954977859157276
92,1434,1526,0.14955513956390148
96,1428,1524,0.14955740361493608
95,1428,1523,0.14954795752082503
94,1435,1529,0.14954182874992802
93,1427,1520,0.1495395093141785
98,1427,1525,0.1495403205323324
95,1440,1535,0.14952615788825108
93,1436,1529,0.14952204610832961
93,1438,1531,0.14952428499875392
92,1437,1529,0.14952597420111158
90,1440,1530,0.14953050191853048
88,1429,1517,0.14954025255923792
88,1428,1516,0.14955525887886037
88,1434,1522,0.14956914988158748
89,1427,1516,0.149582174587048
91,1434,1525,0.14959176778151767
91,1414,1505,0.14959470208347858
89,1423,1512,0.14959747342570112
89,1435,1524,0.14960575092058842
90,1438,1528,0.14961344525091255
91,1428,1519,0.14961838156798934
87,1411,1498,0.14961984076264562
93,1405,1498,0.1496337071790803
92,1415,1507,0.14962921033708101
94,1421,1515,0.14962824767590988
97,1425,1522,0.1496214221957118
99,1426,1525,0.14960583214238646
98,1413,1511,0.14958541088493818
94,1421,1515,0.14956946999122267
91,1428,1519,0.14956660990280718
93,1439,1532,0.14957288112532274
90,1441,1531,0.14957266446443807
91,1431,1522,0.14958128156244876
90,1421,1511,0.14958639569774795
91,1423,1514,0.14959390527373193
94,1425,1519,0.14959793369728927
95,1417,1512,0.14959288445369073
94,1421,1515,0.1495852896046314
93,1420,1513,0.14958050326221936
90,1417,1507,0.14957915874028127
85,1430,1515,0.149587167516233
83,1425,1508,0.14960880100248639
85,1429,1514,0.14963463151937892
85,1425,1510,0.14965290192612446
89,1418,1507,0.14967034573360727
89,1409,1498,0.1496749895335501
85,1414,1499,0.14967938530243774
83,1417,1500,0.1496946428378124
81,1426,1507,0.14971480887037486
84,1428,1512,0.14973945163966074
85,1412,1497,0.14975419035448373
86,1398,1484,0.14976478831337064
85,1404,1489,0.14977150412020573
90,1412,1502,0.14978123434919016
93,1428,1521,0.14977573082230897
92,1429,1521,0.14976184108788837
92,1423,1515,0.14975210193118418
87,1420,1507,0.14974318821679533
85,1414,1499,0.14974921953084958
87,1427,1514,0.1497610966418506
85,1438,1523,0.149766653378283
80,1440,1520,0.14977768412576067
84,1429,1513,0.14980246856557733
84,1443,1527,0.14981403466395904
82,1435,1517,0.14982503479503748
79,1437,1516,0.1498411504109032
79,1430,1509,0.14986529705155668
79,1441,1520,0.1498879324659489
77,1453,1530,0.14990907525407682
77,1443,1520,0.14993451106809935
76,1446,1522,0.14995844814299808
75,1443,1518,0.1499839426593562
73,1438,1511,0.15001070843540973
71,1439,1510,0.15004163017160102
74,1442,1516,0.1500764273746774
72,1436,1508,0.15010003522418122
73,1442,1515,0.15012815667441196
74,1443,1517,0.15015097171290498
73,1440,1513,0.15016914005121199
72,1438,1510,0.15018892164460182
72,1430,1502,0.15021023736833797
72,1442,1514,0.15023007545615052
72,1441,1513,0.15024885165301385
69,1442,1511,0.15026683983551853
67,1452,1519,0.1502929093190077
65,1454,1519,0.15032291953184518
62,1444,1506,0.15035693255190657
63,1439,1502,0.15039768654773217
62,1443,1505,0.15043263063523196
69,1447,1516,0.15046810477680386
70,1437,1507,0.15048106261517008
70,1432,1502,0.15049046978958003
71,1439,1510,0.15049905633391197
70,1442,1512,0.1505038942534583
69,1441,1510,0.15051157089465905
73,1445,1518,0.15052196331393689
71,1445,1516,0.15051924914564294
72,1434,1506,0.15052299725143134
72,1429,1501,0.15052402591657035
70,1453,1523,0.15052491087225486
68,1438,1506,0.15053142414653867
70,1438,1508,0.15054342368576262
70,1435,1505,0.15054913464311692
73,1432,1505,0.15055440209421328
70,1453,1523,0.15055078202112096
69,1455,1524,0.15055644278493233
66,1453,1519,0.1505647990423423
67,1450,1517,0.150581459025314
66,1460,1526,0.15059386416446116
67,1454,1521,0.15060852925222942
66,1442,1508,0.15061903136738286
68,1439,1507,0.1506318565363653
67,1448,1515,0.15063787951261684
69,1434,1503,0.15064684494399827
73,1438,1511,0.15064972037951616
71,1444,1515,0.15064023178856675
68,1449,1517,0.15063746707939835
65,1432,1497,0.1506441158894085
68,1443,1511,0.15065918493534972
70,1455,1525,0.15066359380831895
69,1451,1520,0.1506621777992678
68,1454,1522,0.15066427740887348
64,1456,1520,0.15066900761697888
64,1454,1518,0.15068582693751512
63,1454,1517,0.15070130981583557
66,1446,1512,0.150718688899887
65,1443,1508,0.15072596410150266
66,1446,1512,0.1507356794190814
65,1465,1530,0.15074215036891583
64,1455,1519,0.15075139222891581
61,1458,1519,0.15076277333639357
64,1451,1515,0.15078234719781208
63,1457,1520,0.15079166057195578
64,1460,1524,0.150803404907327
59,1462,1521,0.15081126441027456
61,1448,1509,0.1508335650704171
59,1452,1511,0.15084859042728582
56,1461,1517,0.15086821247905816
55,1475,1530,0.1508961119766054
60,1468,1528,0.15092497582312295
61,1458,1519,0.15093747451403508
60,1455,1515,0.1509465543905616
57,1461,1518,0.15095815267794288
56,1476,1532,0.15097801352439583
54,1461,1515,0.1509996726294911
53,1456,1509,0.15102544094338755
54,1453,1507,0.15105301073286198
54,1438,1492,0.1510759933749533
53,1437,1490,0.1510983045197917
53,1454,1507,0.15112171528463458
54,1457,1511,0.15114323387969036
56,1454,1510,0.15116058849683942
56,1469,1525,0.151170925930104
56,1458,1514,0.1511811847289585
59,1452,1511,0.15119067037406292
63,1451,1514,0.151190250233111
65,1460,1525,0.15117814505528954
64,1462,1526,0.1511606976203367
65,1452,1517,0.1511468423239975
65,1456,1521,0.15113068636727692
66,1450,1516,0.15111549078809666
65,1451,1516,0.151097835305605
65,1454,1519,0.15108446447096258
63,1443,1506,0.1510720011156338
63,1458,1521,0.1510667468941765
63,1465,1528,0.15106177288181574
63,1454,1517,0.15105686231927978
62,1460,1522,0.15105227557209422
62,1444,1506,0.15105170619233516
63,1442,1505,0.15105111041837546
61,1445,1506,0.15104746112332648
61,1459,1520,0.15105008825557445
60,1446,1506,0.15105231473841785
60,1462,1522,0.15105707395271867
59,1457,1516,0.15106150176277303
59,1465,1524,0.15106876053291848
59,1463,1522,0.1510754887110299
57,1472,1529,0.15108170056667522
57,1475,1532,0.15109283272651977
57,1480,1537,0.1511035691081532
57,1483,1540,0.15111355787121566
59,1481,1540,0.15112287320389936
60,1464,1524,0.151125989361993
60,1482,1542,0.1511258252349933
59,1468,1527,0.15112578582927544
59,1468,1527,0.15112857977129115
57,1472,1529,0.15113107293244632
56,1460,1516,0.15113951710802825
56,1459,1515,0.15115013891085372
57,1456,1513,0.15115982425239696
59,1454,1513,0.15116571578032237
57,1443,1500,0.15116508718695795
56,1453,1509,0.1511701385944427
61,1458,1519,0.15117781502869282
62,1462,1524,0.15117027292657978
64,1456,1520,0.1511601784696851
66,1453,1519,0.15114423532595167
63,1458,1521,0.1511234540319984
64,1459,1523,0.15111328957908177
66,1458,1524,0.15110037818418778
66,1442,1508,0.15108207174640323
63,1447,1510,0.15106488637289114
64,1443,1507,0.15105756216572122
63,1454,1517,0.15104837485022166
62,1452,1514,0.1510428163459908
62,1448,1510,0.1510407304387107
65,1460,1525,0.1510390319631495
63,1461,1524,0.15102866857862465
63,1449,1512,0.1510247207034222
62,1456,1518,0.15102103858961236
63,1452,1515,0.15102052350740697
63,1442,1505,0.1510170010816865
63,1446,1509,0.15101364911549406
63,1446,1509,0.15101005316920324
62,1456,1518,0.1510063421458288
62,1453,1515,0.15100604915283525
62,1445,1507,0.15100575727617746
64,1452,1516,0.15100558744528525
64,1446,1510,0.150999343118072
64,1438,1502,0.15099348377100932
64,1431,1495,0.15098783192466572
65,1443,1508,0.15098223685747034
64,1447,1511,0.15097422804777558
67,1452,1519,0.1509700030641045
65,1458,1523,0.15095717256615074
65,1452,1517,0.15095115749588803
65,1454,1519,0.15094539835633775
66,1452,1518,0.1509398867428553
66,1454,1520,0.1509313802080382
66,1447,1513,0.1509232843548228
69,1447,1516,0.15091566864684744
68,1444,1512,0.15090015509645113
64,1460,1524,0.15088891520186878
63,1450,1513,0.15089035447771254
66,1440,1506,0.15089480001605957
65,1448,1513,0.15089032174038924
65,1449,1514,0.15088899466573155
67,1450,1517,0.15088776492663186
62,1451,1513,0.150880195283188
61,1455,1516,0.1508882580645518
58,1453,1511,0.15089873504221182
60,1447,1507,0.15091782202041382
57,1451,1508,0.1509297461786251
56,1446,1502,0.1509492434331417
56,1464,1520,0.1509705455818025
55,1456,1511,0.1509907267419134
53,1460,1513,0.15101273403127752
53,1452,1505,0.15103925148391265
56,1470,1526,0.15106410834658723
61,1461,1522,0.15107797361825123
63,1466,1529,0.1510760407489231
61,1476,1537,0.15106842107707813
59,1462,1521,0.15106729034964303
62,1462,1524,0.1510722479622936
64,1448,1512,0.15106793802463675
63,1449,1512,0.1510580603316987
59,1438,1497,0.15105189404331892
59,1441,1500,0.15105792442749374
59,1453,1512,0.1510637003025218
58,1445,1503,0.15106864118934077
57,1438,1495,0.15107704189236773
57,1437,1494,0.15108752021518715
58,1448,1506,0.15109742355970265
56,1447,1503,0.1511035459802772
58,1438,1496,0.15111519242442065
55,1451,1506,0.15112006715738244
53,1457,1510,0.15113400806192862
54,1461,1515,0.15115262751073677
55,1460,1515,0.15116765282946826
53,1445,1498,0.1511788508856327
54,1446,1500,0.1511946608296008
54,1447,1501,0.15120719694054036
55,1452,1507,0.1512185706443335
52,1446,1498,0.15122609456676128
57,1452,1509,0.1512420341122357
59,1450,1509,0.1512423700310394
57,1463,1520,0.1512367779579803
55,1459,1514,0.15123786930583638
57,1468,1525,0.15124490341500094
55,1466,1521,0.1512455124150296
55,1465,1520,0.15125224159525572
56,1464,1520,0.1512582027567352
56,1463,1519,0.15126081717157316
54,1464,1518,0.15126338866497174
55,1462,1517,0.15127165100343234
57,1453,1510,0.15127622271282543
59,1460,1519,0.15127488167837339
59,1453,1512,0.15126796578946586
60,1456,1516,0.1512615852119839
58,1465,1523,0.15125258664106372
57,1477,1534,0.15125013034063922
55,1474,1529,0.1512512136033282
56,1483,1539,0.1512585445963374
55,1471,1526,0.15126227113230747
52,1471,1523,0.15126863165994286
53,1473,1526,0.15128384092343936
52,1466,1518,0.15129480006559382
53,1458,1511,0.1513082616436366
52,1459,1511,0.15131732343788704
51,1473,1524,0.15132869195076182
50,1467,1517,0.15134150031296817
51,1479,1530,0.1513571510416133
49,1481,1530,0.15136896414540227
50,1486,1536,0.15138580253431683
49,1473,1522,0.15139866952250086
48,1472,1520,0.15141358478644798
49,1474,1523,0.1514303850028753
50,1473,1523,0.1514433420179871
48,1473,1521,0.1514527929586703
46,1474,1520,0.15146757730241292
45,1477,1522,0.15148728517789514
46,1469,1515,0.15150901711647877
45,1467,1512,0.1515261480014512
45,1459,1504,0.15154534995761174
44,1468,1512,0.15156337535622577
42,1482,1524,0.15158341031253436
41,1480,1521,0.15160802533302525
41,1484,1525,0.15163445776064527
40,1489,1529,0.15165926783561787
43,1485,1528,0.15168614382568094
43,1485,1528,0.15170237276819543
42,1472,1514,0.151717717292478
39,1474,1513,0.15173503118266393
38,1468,1506,0.15176011113447493
38,1465,1503,0.1517868400235256
39,1474,1513,0.15181142231316433
39,1471,1510,0.1518318499028522
39,1479,1518,0.15185107528735953
41,1493,1534,0.15186888209752086
41,1495,1536,0.15187939407853318
40,1484,1524,0.15188930545733112
39,1484,1523,0.15190157990640413
37,1487,1524,0.1519158902001961
37,1498,1535,0.15193560152591337
36,1493,1529,0.15195402846794884
34,1488,1522,0.1519740903041341
30,1484,1514,0.15199872089103117
30,1478,1508,0.15203434045436093
32,1478,1510,0.15206735432924315
35,1475,1510,0.15209267520984077
34,1483,1517,0.15210741060830416
33,1486,1519,0.15212446733255333
31,1479,1510,0.15214345754867256
32,1484,1516,0.1521674559399814
32,1481,1513,0.15218707850767646
33,1490,1523,0.15220541483067293
34,1500,1534,0.15221980958625486
34,1492,1526,0.152230278107126
33,1495,1528,0.152240176798686
32,1509,1541,0.15225273547454854
31,1501,1532,0.15226779462023296
30,1494,1524,0.15228517054719054
30,1494,1524,0.15230436998667024
31,1482,1513,0.1523223851616898
29,1489,1518,0.1523363034456063
27,1491,1518,0.15235524288054914
28,1485,1513,0.1523790596339261
30,1497,1527,0.15239832276461834
28,1489,1517,0.15241015051946405
28,1485,1513,0.15242720581029917
29,1482,1511,0.15244318971564624
29,1486,1515,0.15245523534354713
29,1485,1514,0.1524665572640611
28,1483,1511,0.1524771894218582
31,1477,1508,0.15249009864379942
31,1479,1510,0.1524929748882366
32,1473,1505,0.15249574399619353
32,1475,1507,0.15249530589084304
33,1480,1513,0.15249518590538774
33,1477,1510,0.15249202757269
31,1479,1510,0.15248911421929637
28,1477,1505,0.1524921188266904
30,1474,1504,0.15250387030335394
30,1478,1508,0.15250880205773165
29,1477,1506,0.152513573401289
30,1486,1516,0.15252102764974843
28,1473,1501,0.15252502373474733
28,1465,1493,0.15253491665086422
26,1482,1508,0.15254426511835267
27,1482,1509,0.1525588852198965
27,1482,1509,0.15256937682820268
30,1487,1517,0.15257921916873715
29,1480,1509,0.15257950697105144
31,1487,1518,0.1525827438893098
29,1477,1506,0.152579555305317
29,1475,1504,0.15258252674144823
29,1472,1501,0.15258545020381184
29,1484,1513,0.15258808831659654
31,1480,1511,0.1525904745979741
31,1490,1521,0.1525865000711009
31,1498,1529,0.15258276156008882
31,1500,1531,0.15257944417956043
30,1498,1528,0.15257630295436098
33,1500,1533,0.15257656149419777
32,1499,1531,0.15256715961499395
33,1486,1519,0.15256130006755114
30,1485,1515,0.15255290509910946
31,1478,1509,0.15255399618008705
33,1470,1503,0.15255183548531062
34,1472,1506,0.15254376443605697
33,1469,1502,0.1525332676702134
35,1482,1517,0.15252691502010257
34,1463,1497,0.1525144525732095
34,1463,1497,0.15250598967861226
35,1467,1502,0.15249771648448276
35,1471,1506,0.15248682938992025
35,1477,1512,0.15247663278009266
35,1466,1501,0.15246702597242387
31,1466,1497,0.15245800292298994
31,1468,1499,0.15246209535379163
31,1481,1512,0.15246574855070935
30,1483,1513,0.1524691305825313
32,1481,1513,0.15247540722687572
31,1489,1520,0.15247524322731762
31,1482,1513,0.15247833959857965
32,1483,1515,0.15248126506332174
31,1493,1524,0.15248081682756243
31,1473,1504,0.15248327896200314
31,1482,1513,0.15248580943161202
30,1487,1517,0.15248810852210512
31,1491,1522,0.15249303016568128
30,1495,1525,0.15249440972152795
30,1488,1518,0.15249872895787464
30,1487,1517,0.15250260412435712
31,1490,1521,0.15250622975304307
31,1492,1523,0.15250642424340236
32,1508,1540,0.1525066348524563
33,1494,1527,0.15250364625590482
33,1488,1521,0.15249764211967098
33,1481,1514,0.1524920162374292
35,1478,1513,0.15248674534607268
34,1470,1504,0.15247578347581633
36,1476,1512,0.15246873824555915
35,1474,1509,0.15245593129555382
35,1486,1521,0.15244692176165292
34,1471,1505,0.15243864285558373
34,1475,1509,0.15243388653582787
35,1462,1497,0.15242948780778842
35,1474,1509,0.15242231583380705
34,1478,1512,0.1524154029117284
37,1462,1499,0.15241191008208566
38,1456,1494,0.15239908145130074
39,1471,1510,0.152383907271087
39,1470,1509,0.15236674840092543
39,1461,1500,0.15235072866074723
38,1465,1503,0.1523357302505359
38,1475,1513,0.15232461495046912
36,1466,1502,0.15231423597815047
36,1469,1505,0.15231084570499356
36,1462,1498,0.1523076189508811
36,1467,1503,0.15230457320806218
35,1465,1500,0.15230178479885148
36,1458,1494,0.15230212410407196
36,1462,1498,0.15229951680072695
37,1474,1511,0.1522969300753375
39,1468,1507,0.15229132190946043
38,1469,1507,0.15227984141869386
37,1479,1516,0.152272273609001
36,1483,1519,0.15226825786282916
37,1475,1512,0.15226763495109996
37,1477,1514,0.15226397622380491
37,1468,1505,0.15226053956664745
38,1483,1521,0.1522573131136149
38,1491,1529,0.15225124603066337
37,1482,1519,0.15224559295597057
36,1479,1515,0.15224346415434126
37,1486,1523,0.15224447780674916
36,1492,1528,0.1522423823520627
35,1488,1523,0.15224359010365357
34,1475,1509,0.1522479271117303
35,1485,1520,0.15225494424032993
35,1479,1514,0.152258396768235
35,1489,1524,0.15226165702429736
34,1494,1528,0.152264722133444
32,1485,1517,0.15227053185650635
33,1502,1535,0.152282369221514
33,1494,1527,0.15229053998770375
32,1498,1530,0.15229817025622241
31,1501,1532,0.15230846383210753
31,1486,1517,0.1523214765913967
30,1487,1517,0.15233342373118863
30,1486,1516,0.1523477158785753
29,1483,1512,0.15236089207016143
29,1478,1507,0.1523762693029249
29,1472,1501,0.15239075268510688
30,1471,1501,0.15240441341398864
29,1474,1503,0.15241422136954058
27,1479,1506,0.1524265066289373
27,1471,1498,0.152444152127324
26,1470,1496,0.1524606665171796
24,1492,1516,0.1524793412037106
24,1499,1523,0.1525029949431945
24,1500,1524,0.1525250932733184
25,1501,1526,0.15254583252720566
23,1502,1525,0.15256208836304752
22,1498,1520,0.15258379749745996
22,1478,1500,0.15260709663936362
21,1483,1504,0.15262900203247987
20,1479,1499,0.15265279127849649
21,1480,1501,0.15267825278992667
21,1467,1488,0.1526989054899618
21,1481,1502,0.15271833799979137
21,1491,1512,0.15273659916980395
20,1489,1509,0.15275375804804078
21,1499,1520,0.15277296287583678
22,1485,1507,0.1527878976287322
22,1490,1512,0.15279877463578012
20,1496,1516,0.1528090132197378
20,1504,1524,0.1528248718802668
20,1506,1526,0.15283973981427165
22,1484,1506,0.1528537072803503
22,1488,1510,0.1528605338964927
21,1492,1513,0.15286688859577052
21,1485,1506,0.15287603487647455
23,1480,1503,0.15288463174713735
23,1481,1504,0.15288650507355744
23,1489,1512,0.15288821845164816
22,1490,1512,0.15288990766184918
24,1514,1538,0.15289484767205835
24,1503,1527,0.1528931399770954
23,1493,1516,0.15289153455938245
25,1492,1517,0.15289325514393284
25,1496,1521,0.15288868103140185
25,1506,1531,0.1528844332530489
25,1494,1519,0.1528802190593683
26,1493,1519,0.1528763008197475
27,1480,1507,0.15286958597929667
26,1487,1513,0.1528601359892458
27,1480,1507,0.15285446351876572
26,1463,1489,0.1528461611196042
29,1477,1506,0.15284146275702828
31,1483,1514,0.15282762969490934
30,1482,1512,0.15280835210427296
30,1490,1520,0.15279349534590522
32,1476,1508,0.15277957109342516
34,1481,1515,0.15276026732531117
34,1475,1509,0.152735850798552
33,1473,1506,0.15271299479937273
33,1475,1508,0.15269466847051721
32,1472,1504,0.1526774616805538
31,1487,1518,0.15266429704950624
31,1472,1503,0.15265508680929846
32,1477,1509,0.15264642915964735
32,1483,1515,0.15263530474329495
32,1474,1506,0.15262487169472624
29,1478,1507,0.152615078086494
29,1481,1510,0.15261540180713445
30,1491,1521,0.15261559668471988
31,1492,1523,0.15261274566490388
30,1494,1524,0.15260690030165155
29,1497,1526,0.15260464159582543
31,1498,1529,0.15260563941713723
29,1493,1522,0.15260016490202616
29,1482,1511,0.1526013578590119
28,1489,1517,0.15260243335901663
31,1483,1514,0.15260648356507966
32,1482,1514,0.1526010076616373
32,1477,1509,0.15259288946211189
35,1477,1512,0.15258513540293958
33,1486,1519,0.152568513916806
32,1492,1524,0.1525591274290374
32,1481,1513,0.1525533540538491
31,1478,1509,0.152547912762731
31,1478,1509,0.15254592011555532
30,1486,1516,0.15254401001192647
30,1486,1516,0.15254523965950234
31,1487,1518,0.15254636546532332
33,1476,1509,0.15254437408709573
33,1470,1503,0.15253631420768987
32,1465,1497,0.15252878904245165
32,1475,1507,0.15252472109427917
32,1475,1507,0.15252097017872093
31,1476,1507,0.15251749403865894
31,1468,1499,0.15251739254766797
31,1476,1507,0.1525172520505086
31,1485,1516,0.15251710762328438
30,1490,1520,0.15251710013725883
30,1480,1510,0.15252010490482693
31,1495,1526,0.15252306359422194
31,1493,1524,0.15252287628648906
30,1492,1522,0.15252262206647987
29,1485,1514,0.15252533326886597
28,1489,1517,0.15253111459729357
27,1486,1513,0.15253960870445427
29,1496,1525,0.15255057617245446
27,1491,1518,0.1525545888938196
26,1491,1517,0.152564746724694
25,1492,1517,0.1525775638378377
26,1488,1514,0.15259255324000875
27,1486,1513,0.15260340925316324
27,1472,1499,0.1526105760661672
27,1478,1505,0.15261733756805826
27,1480,1507,0.15262370005257583
27,1487,1514,0.15262957455270595
27,1493,1520,0.15263516183125514
27,1490,1517,0.15264036418496377
27,1475,1502,0.15264524867710616
28,1468,1496,0.1526498384582734
28,1482,1510,0.15265121771732268
30,1491,1521,0.15265249693922364
28,1483,1511,0.1526474453256575
28,1473,1501,0.15264895127947406
27,1474,1501,0.15265034889129747
26,1481,1507,0.15265480485568755
25,1478,1503,0.15266216772276228
25,1495,1520,0.15267202335327787
25,1499,1524,0.15268130783749181
24,1494,1518,0.15269002371248366
26,1489,1515,0.1527014210010191
26,1479,1505,0.1527059799851221
24,1483,1507,0.15271029442583706
24,1473,1497,0.15272040939109138
24,1486,1510,0.15272990039456025
25,1487,1512,0.1527386764522967
25,1488,1513,0.15274391971918064
25,1496,1521,0.1527488496741001
24,1499,1523,0.15275363454385424
24,1495,1519,0.15276144736883876
24,1494,1518,0.15276867720013215
27,1496,1523,0.15277547428630117
27,1495,1522,0.15277258091472112
27,1488,1515,0.1527699194782305
27,1479,1506,0.15276766881722748
26,1477,1503,0.15276550336482864
27,1479,1506,0.15276655729705793
28,1479,1507,0.15276469669894296
29,1495,1524,0.15275995495654804
31,1493,1524,0.1527523542727063
29,1485,1514,0.15273937388404263
29,1469,1498,0.15273354033617256
28,1486,1514,0.15272786894696974
28,1484,1512,0.15272578170153703
28,1489,1517,0.15272380357509513
28,1487,1515,0.15272175776338132
29,1491,1520,0.15271970300687213
29,1486,1515,0.1527145217347028
29,1484,1513,0.1527097780874641
29,1478,1507,0.1527051239563649
30,1484,1514,0.15270078779946217
29,1487,1516,0.1526935018275184
29,1474,1503,0.15268955467680695
30,1491,1521,0.1526858747579393
29,1482,1511,0.15267932154725747
29,1490,1519,0.15267636195824177
29,1502,1531,0.1526735754337065
29,1494,1523,0.15267103366504206
28,1494,1522,0.152668615051303
28,1491,1519,0.15266956268352522
28,1492,1520,0.15267037655756863
28,1490,1518,0.15267112213181974
26,1483,1509,0.1526717986504756
26,1481,1507,0.15267846065241933
27,1482,1509,0.15268468816431213
28,1485,1513,0.1526875482107548
28,1475,1503,0.15268730391572422
28,1492,1520,0.15268678528681248
29,1507,1536,0.15268659126974093
29,1503,1532,0.1526833302381825
29,1494,1523,0.15268027371474996
30,1493,1523,0.15267697582764483
30,1495,1525,0.1526709058249525
30,1487,1517,0.15266526170200037
31,1491,1522,0.15265998316434187
29,1475,1504,0.15265183795875198
28,1483,1511,0.15265033859647242
28,1484,1512,0.15265217912586862
28,1493,1521,0.15265386887518584
28,1483,1511,0.15265568302044139
29,1474,1503,0.1526574730438292
29,1489,1518,0.15265633634125478
29,1499,1528,0.15265549501417572
29,1498,1527,0.15265460746203177
28,1491,1519,0.15265382597635507
28,1486,1514,0.15265596382048052
28,1497,1525,0.1526581837537641
26,1494,1520,0.15266022961644596
28,1487,1515,0.15266809424954803
28,1481,1509,0.15266938188336646
27,1476,1503,0.15267063412542664
27,1482,1509,0.15267473719011426
29,1491,1520,0.15267870675691508
28,1492,1520,0.1526762953452263
28,1474,1502,0.15267728786274684
27,1481,1508,0.15267795231105175
26,1475,1501,0.15268179014898917
27,1476,1503,0.1526885971348009
26,1484,1510,0.15269176749327415
26,1488,1514,0.15269770335907007
25,1486,1511,0.15270350780817782
26,1495,1521,0.15271182392721375
27,1494,1521,0.15271668946913075
26,1495,1521,0.15271820965663505
27,1497,1524,0.15272260870028703
29,1495,1524,0.15272375214918749
29,1500,1529,0.15271880223744863
29,1491,1520,0.15271423359227035
26,1492,1518,0.15270999064514126
25,1495,1520,0.15271498095002056
26,1491,1517,0.1527226349996218
26,1493,1519,0.15272690778768638
25,1496,1521,0.1527308791368387
26,1491,1517,0.15273753671465187
26,1491,1517,0.1527408086867917
26,1492,1518,0.1527439132318941
26,1488,1514,0.15274683260542207
27,1490,1517,0.1527495737676023
27,1495,1522,0.15274927723661805
27,1488,1515,0.15274898733559855
26,1476,1502,0.15274872681741447
26,1486,1512,0.15275152421156335
28,1493,1521,0.15275414221332784
26,1487,1513,0.15275049941927318
26,1491,1517,0.15275321354263505
25,1491,1516,0.15275573221160102
25,1487,1512,0.15276096292693989
27,1476,1503,0.15276589511074978
26,1492,1518,0.1527644387848207
24,1492,1516,0.1527660777201216
24,1483,1507,0.15277354084111935
25,1483,1508,0.1527805057046183
24,1497,1521,0.152783807720826
23,1487,1510,0.15278995661208739
22,1488,1510,0.15279893806318307
23,1489,1512,0.15281025460309577
22,1484,1506,0.15281798563864873
24,1493,1517,0.1528282192209329
26,1502,1528,0.15283116043991657
26,1496,1522,0.15282798779667703
27,1489,1516,0.15282501634331438
26,1500,1526,0.15281902326851246
26,1491,1517,0.15281645510263148
26,1497,1523,0.15281405171918214
26,1490,1516,0.15281179173012438
25,1498,1523,0.15280966546677946
26,1497,1523,0.15281066702340687
25,1492,1517,0.1528084427152888
27,1480,1507,0.15280946746340077
27,1484,1511,0.15280426951439122
27,1482,1509,0.15279958776243102
27,1484,1511,0.1527951874201884
28,1472,1500,0.15279106103055823
30,1470,1500,0.15278426038530588
30,1481,1511,0.152771463634005
29,1480,1509,0.15275954281561147
29,1483,1512,0.1527512935714907
29,1483,1512,0.15274387228429245
29,1480,1509,0.15273689393555284
31,1488,1519,0.15273034502630065
32,1492,1524,0.15271807182817113
31,1487,1518,0.15270365944054196
28,1484,1512,0.15269314913283172
31,1491,1522,0.15269252890526042
28,1492,1520,0.15268262363855642
28,1489,1517,0.15268287882862988
27,1486,1513,0.15268304032330235
27,1487,1514,0.15268601898988152
28,1484,1512,0.15268883748123582
29,1489,1518,0.15268843125323234
31,1478,1509,0.15268514037269004
31,1476,1507,0.1526755182625007
30,1477,1507,0.15266632759289822
32,1489,1521,0.15266075007160743
33,1498,1531,0.1526491912234452
33,1501,1534,0.15263537039802846
31,1487,1518,0.15262244333002645
33,1487,1520,0.15261614588780878
33,1494,1527,0.1526041990838142
32,1484,1516,0.15259298394177911
30,1486,1516,0.15258551513810611
31,1480,1511,0.1525845322753286
31,1494,1525,0.15258038297379461
32,1504,1536,0.15257651973621905
33,1491,1524,0.15256969703000947
33,1472,1505,0.1525604190763324
31,1461,1492,0.15255169033291943
30,1471,1501,0.15254949563563674
31,1488,1519,0.15255021940416566
28,1493,1521,0.1525480739982502
29,1491,1520,0.1525552958134549
31,1490,1521,0.15255882125542147
31,1486,1517,0.15255601285690892
33,1478,1511,0.15255342901957744
34,1477,1511,0.15254497235821426
37,1488,1525,0.15253389962579778
37,1486,1523,0.15251407788721566
37,1489,1526,0.1524956475811712
34,1485,1519,0.15247841005781682
35,1492,1527,0.15247149419937903
34,1479,1513,0.15246201238236176
37,1478,1515,0.15245598345797798
34,1468,1502,0.15244128638713889
34,1472,1506,0.1524370568347699
34,1481,1515,0.1524330906215811
34,1468,1502,0.15242936664470544
32,1478,1510,0.15242599086656183
32,1477,1509,0.15242909119717957
33,1483,1516,0.15243193480102224
34,1472,1506,0.15243147466634266
34,1485,1519,0.1524278965239695
35,1490,1525,0.1524245773974547
35,1478,1513,0.1524184873230255
33,1477,1510,0.15241259400058907
35,1477,1512,0.15241341282088114
36,1473,1509,0.15240808222181315
36,1486,1522,0.15240006927268016
36,1479,1515,0.15239260149960795
36,1483,1519,0.15238579765675148
36,1475,1511,0.152379171565188
35,1470,1505,0.1523730320564303
35,1466,1501,0.15237041199358928
34,1481,1515,0.15236795718109655
32,1487,1519,0.15236881627578241
30,1503,1533,0.15237596539716958
28,1487,1515,0.1523887797835474
29,1493,1522,0.15240662974560482
28,1489,1517,0.1524203379502619
28,1481,1509,0.15243617391768963
28,1480,1508,0.15245120912976773
27,1481,1508,0.15246525718997497
25,1485,1510,0.15248100568152445
26,1498,1524,0.152501970160661
26,1484,1510,0.15251841140590366
25,1494,1519,0.15253400838604836
28,1488,1516,0.15255177185443208
28,1494,1522,0.15255901079092093
28,1490,1518,0.15256586305712364
27,1483,1510,0.15257231334862859
26,1492,1518,0.1525812543338078
27,1503,1530,0.15259255939034472
28,1497,1525,0.1526004471984179
28,1488,1516,0.15260477444155002
28,1492,1520,0.15260884175375025
27,1496,1523,0.15261267083747065
27,1493,1520,0.15261947760839306
27,1486,1513,0.15262586731490618
26,1481,1507,0.15263169100906968
26,1487,1513,0.15264049136002378
26,1495,1521,0.15264872094622486
26,1500,1526,0.1526564369982732
25,1508,1533,0.15266367695950073
24,1503,1527,0.15267355106268615
22,1489,1511,0.1526856657460315
23,1500,1523,0.15270328402396569
23,1503,1526,0.15271646267351766
24,1503,1527,0.1527289048244735
23,1502,1525,0.15273762103599028
21,1486,1507,0.15274871444247828
21,1500,1521,0.15276512891110958
20,1498,1518,0.1527806132690467
18,1491,1509,0.15279830233104297
19,1484,1503,0.15282135423952925
19,1493,1512,0.15283995153124177
19,1491,1510,0.1528573587729711
18,1511,1529,0.15287369025201808
17,1501,1518,0.15289214083418584
16,1493,1509,0.15291266579191837
17,1499,1516,0.15293490523211528
16,1495,1511,0.15295276851894674
17,1501,1518,0.15297265845555866
18,1505,1523,0.15298824285654095
18,1493,1511,0.1529998043607937
18,1497,1515,0.1530106855766342
18,1502,1520,0.1530210274130204
18,1501,1519,0.15303069669455172
18,1500,1518,0.1530397786176338
18,1504,1522,0.15304831438107847
18,1506,1524,0.1530563384970689
17,1502,1519,0.15306388223985137
18,1511,1529,0.15307406376415325
18,1507,1525,0.15308063450195802
18,1509,1527,0.15308677450562744
17,1505,1522,0.15309242792866468
18,1501,1519,0.15310093514880613
19,1505,1524,0.15310593521279636
19,1506,1525,0.15310746072810336
19,1506,1525,0.15310891090070808
19,1496,1515,0.15311028619952652
19,1498,1517,0.1531115889598282
19,1485,1504,0.1531128217303128
19,1484,1503,0.15311398729196019
19,1492,1511,0.15311524404958576
19,1490,1509,0.1531164167698745
19,1476,1495,0.15311752766683315
19,1487,1506,0.1531184918164676
20,1497,1517,0.15311946416235273
20,1495,1515,0.1531171221905267
19,1501,1520,0.15311498908094623
18,1499,1517,0.1531161182243133
17,1508,1525,0.15312045350753503
16,1497,1513,0.1531278961378267
16,1501,1517,0.15313788468993386
15,1504,1519,0.15314723535707578
15,1511,1526,0.15315898276904122
15,1502,1517,0.1531700553468266
16,1512,1528,0.1531804635102445
17,1501,1518,0.1531871475187293
18,1488,1506,0.15319037420251327
17,1485,1502,0.15319032410576047
16,1490,1506,0.15319361451192748
16,1496,1512,0.15319982027332485
16,1487,1503,0.15320564590701294
16,1502,1518,0.1532111112182228
16,1511,1527,0.15321625148743184
16,1513,1529,0.15322108388005004
16,1514,1530,0.15322562899658718
19,1508,1527,0.15322990436185605
20,1508,1528,0.15322467360525466
19,1510,1529,0.15321671512068616
19,1507,1526,0.1532123910392084
20,1509,1529,0.153208361360226
19,1511,1530,0.1532015226323814
21,1502,1523,0.15319819761750758
20,1487,1507,0.1531887894360021
20,1489,1509,0.15318304258651133
19,1494,1513,0.15317764493630404
20,1489,1509,0.15317571762202806
20,1494,1514,0.15317091070696193
19,1490,1509,0.1531663594463931
21,1494,1515,0.1531651202346721
21,1492,1513,0.15315782670820355
21,1486,1507,0.15315102491261187
21,1490,1511,0.1531446647077072
21,1496,1517,0.15313871154466996
21,1499,1520,0.15313313555250826
21,1502,1523,0.1531279102949529
21,1500,1521,0.15312301195338915
20,1506,1526,0.15311841880145619
20,1503,1523,0.15311706004039144
20,1512,1532,0.1531158287202931
20,1495,1515,0.15311467552779287
20,1496,1516,0.15311359075487357
21,1492,1513,0.1531125689527468
21,1493,1514,0.15310856845631338
20,1498,1518,0.1531048383772971
21,1501,1522,0.15310438878138544
21,1499,1520,0.1531009916689119
20,1498,1518,0.15309776157524457
19,1495,1514,0.1530980191848001
19,1494,1513,0.1531012864666963
19,1484,1503,0.1531043268702021
19,1486,1505,0.15310716792659362
19,1482,1501,0.15310982773316908
19,1497,1516,0.1531123208646078
18,1485,1503,0.1531146596456176
18,1483,1501,0.1531198026703576
16,1500,1516,0.15312471658850066
16,1502,1518,0.1531353387610628
16,1513,1529,0.15314529377901784
15,1509,1524,0.15315463020330597
16,1500,1516,0.1531664786466445
15,1487,1502,0.15317461790486797
15,1494,1509,0.1531852349732225
15,1508,1523,0.15319517774799263
16,1503,1519,0.15320449526355975
15,1495,1510,0.15321010235726337
14,1500,1514,0.153218531907035
15,1504,1519,0.15322950806673497
15,1500,1515,0.15323672747692568
15,1500,1515,0.15324351918847073
14,1507,1521,0.1532499029885902
14,1489,1503,0.15325897407664205
13,1488,1501,0.15326753150504158
13,1496,1509,0.15327867307238144
13,1499,1512,0.15328911982437735
13,1498,1511,0.15329892292212038
13,1500,1513,0.1533081256599522
13,1501,1514,0.1533167671314362
13,1507,1520,0.1533248831018257
12,1506,1518,0.1533325065891287
13,1497,1510,0.15334266366857896
12,1491,1503,0.15334909669025865
12,1485,1497,0.15335830927585137
11,1495,1506,0.153366963574075
11,1503,1514,0.15337825362227955
11,1507,1518,0.15338885362104077
11,1505,1516,0.15339880866559646
12,1503,1515,0.15340815916450767
12,1504,1516,0.15341379050953344
12,1504,1516,0.15341909336220774
13,1502,1515,0.1534240818024162
12,1493,1505,0.1534256608372246
12,1501,1513,0.15343016757937813
12,1496,1508,0.15343446041869585
12,1499,1511,0.15343851272987435
13,1490,1503,0.15344233064279936
13,1499,1512,0.15344278021131008
13,1493,1506,0.153443226283218
11,1502,1513,0.1534436514715182
12,1504,1516,0.15345029084068065
12,1500,1512,0.1534534328636551
13,1497,1510,0.15345637627934086
14,1502,1516,0.15345610620581407
13,1510,1523,0.15345277845088076
14,1510,1524,0.15345266731274465
14,1505,1519,0.15344940968682375
14,1510,1524,0.15344637017534998
15,1495,1510,0.1534435271433283
15,1485,1500,0.15343769770516938
15,1500,1515,0.1534322448794486
14,1507,1521,0.1534271362230712
14,1498,1512,0.15342542158823838
13,1492,1505,0.15342380883506504
13,1496,1509,0.1534253980381674
13,1492,1505,0.15342687462703597
13,1496,1509,0.15342825282877615
13,1504,1517,0.1534296241149379
12,1500,1512,0.1534308968736779
10,1499,1509,0.15343517800907697
10,1501,1511,0.15344533264753413
9,1505,1514,0.15345488623927456
8,1490,1498,0.1534669285135121
8,1494,1502,0.15348136384347083
8,1505,1513,0.1534950364789576
8,1513,1521,0.15350784107918877
8,1513,1521,0.15351986539384022
8,1509,1517,0.15353116109718504
8,1514,1522,0.153541774438075
8,1513,1521,0.15355174803564747
8,1510,1518,0.15356101227795207
8,1509,1517,0.15356978388328113
8,1513,1521,0.15357804657103455
8,1514,1522,0.153585824145577
8,1514,1522,0.1535931425100291
8,1516,1524,0.15360002728332592
8,1513,1521,0.15360650324221517
9,1518,1527,0.1536125940969475
10,1519,1529,0.1536151441403071
10,1517,1527,0.15361443739389716
10,1515,1525,0.15361379900937938
10,1504,1514,0.1536132190560255
10,1503,1513,0.15361268783502502
9,1514,1523,0.15361219825880026
9,1513,1522,0.15361489076822046
9,1511,1520,0.15361741055677877
9,1502,1511,0.1536197746596623
10,1497,1507,0.1536219939660052
9,1500,1509,0.153620926687082
9,1499,1508,0.1536230052521657
9,1497,1506,0.15362493991901707
9,1498,1507,0.15362678664614066
9,1510,1519,0.15362853220924186
10,1519,1529,0.1536301772780579
10,1533,1543,0.15362861787697019
10,1523,1533,0.1536271692251932
10,1522,1532,0.15362582038418868
10,1513,1523,0.15362456149795536
9,1503,1512,0.15362338446413681
9,1511,1520,0.15362542490229594
9,1520,1529,0.15362732934560155
9,1519,1528,0.15362911293384227
8,1511,1519,0.1536307848501236
8,1504,1512,0.1536354562175576
8,1519,1527,0.1536398398204789
9,1511,1520,0.1536439510365661
8,1517,1525,0.15364469304220235
8,1513,1521,0.15364850703120186
8,1504,1512,0.15365209141436945
8,1518,1526,0.153655456481195
8,1505,1513,0.15365861637618847
8,1507,1515,0.15366158442966413
8,1502,1510,0.15366437293320917
9,1514,1523,0.15366699321445768
9,1515,1524,0.15366626826412044
10,1511,1521,0.15366559789407502
10,1506,1516,0.15366180475542815
10,1496,1506,0.153658265995593
10,1501,1511,0.1536549537365543
10,1520,1530,0.15365184907264343
11,1514,1525,0.15364893667545748
10,1512,1522,0.15364309191281472
10,1512,1522,0.15364077795312028
9,1510,1519,0.15363860342211322
9,1521,1530,0.15363966526666037
9,1519,1528,0.15364065885139985
9,1517,1526,0.15364156470780232
8,1509,1517,0.15364241848208113
8,1513,1521,0.15364637411796142
8,1501,1509,0.15365007016670076
8,1510,1518,0.15365354887177285
8,1524,1532,0.15365680950594776
8,1521,1529,0.15365986929133565
8,1523,1531,0.15366274288151274
8,1513,1521,0.15366544263123333
8,1512,1520,0.1536679795807204
8,1509,1517,0.15367036385260796
8,1505,1513,0.1536726048347255
8,1521,1529,0.15367471128035207
7,1520,1527,0.15367669137359014
7,1515,1522,0.15368168750315722
7,1508,1515,0.15368638555982284
7,1501,1508,0.15369079589101312
7,1508,1515,0.15369493716642327
8,1512,1520,0.15369882716167496
8,1511,1519,0.15369928985748718
7,1499,1506,0.15369974181813023
7,1502,1509,0.15370335039473018
7,1509,1516,0.15370673128949733
8,1501,1509,0.15370990346985747
8,1494,1502,0.15370970056602581
8,1495,1503,0.15370952592121578
8,1495,1503,0.15370936930729692
9,1519,1528,0.15370922647930263
8,1524,1532,0.15370596879561624
7,1523,1530,0.15370607123104288
7,1521,1528,0.1537093356188085
7,1526,1533,0.1537123843818113
7,1514,1521,0.15371523859063208
6,1500,1506,0.1537179143883534
6,1500,1506,0.153723493138531
6,1501,1507,0.15372878390331982
6,1507,1513,0.1537337676374529
6,1504,1510,0.15373845772713146
6,1506,1512,0.15374286987180105
6,1519,1525,0.15374701982122868
6,1515,1521,0.15375092280477756
6,1529,1535,0.1537545933453367
7,1515,1522,0.15375804520321742
7,1511,1518,0.15375809501729445
8,1513,1521,0.1537581593634279
8,1497,1505,0.15375502966413482
8,1497,1505,0.15375211210582657
8,1498,1506,0.15374938164061216
8,1492,1500,0.1537468210561691
8,1490,1498,0.15374441740263303
8,1505,1513,0.1537421598826523
8,1505,1513,0.1537400389678192
6,1502,1508,0.1537380460090216
7,1499,1506,0.15374257070853234
7,1514,1521,0.15374373353209203
7,1513,1520,0.1537447781990697
7,1500,1507,0.15374574664357873
7,1505,1512,0.15374665056123338
7,1512,1519,0.1537474968335621
7,1512,1519,0.1537482904355023
7,1505,1512,0.15374903536538137
7,1510,1517,0.1537497350351687
7,1511,1518,0.15375039246091446
7,1512,1519,0.15375101036590638
7,1507,1514,0.1537515912414991
7,1511,1518,0.1537521373858423
7,1512,1519,0.15375265093036772
7,1506,1513,0.1537531338591258
7,1494,1501,0.15375358802372102
7,1499,1506,0.15375401515538192
7,1508,1515,0.15375441687506095
7,1513,1520,0.15375479470210338
7,1514,1521,0.15375515006182938
7,1504,1511,0.15375548429225622
8,1506,1514,0.1537557986501229
8,1510,1518,0.1537529992069796
8,1504,1512,0.15375036785388008
8,1498,1506,0.1537478913848555
8,1503,1511,0.15374556296008401
7,1503,1510,0.15374337459309298
7,1494,1501,0.1537443976748052
7,1503,1510,0.15374536577215725
6,1501,1507,0.153746282212329
6,1511,1517,0.15375025187849187
6,1504,1510,0.15375399633866463
6,1517,1523,0.15375752662222936
6,1507,1513,0.15376085095981973
6,1509,1515,0.1537639794798627
6,1508,1514,0.1537669227487264
6,1500,1506,0.15376969121146314
6,1511,1517,0.15377229495769607
5,1505,1510,0.15377474362303198
5,1499,1504,0.15378023783427025
5,1502,1507,0.15378539111718653
5,1518,1523,0.15379022976878004
5,1513,1518,0.1537947761696598
4,1518,1522,0.15379904956229118
4,1519,1523,0.1538061438028187
4,1514,1518,0.15381286995349128
4,1511,1515,0.1538192117135918
3,1521,1524,0.15382518435331238
3,1507,1510,0.15383401253525902
3,1510,1513,0.15384232141913226
3,1509,1512,0.15385013866796615
3,1522,1525,0.15385749188682762
3,1510,1513,0.15386440834465953
3,1507,1510,0.15387091404692044
3,1498,1501,0.1538770335144804
3,1515,1518,0.15388278979451772
3,1514,1517,0.15388820453526572
2,1523,1525,0.15389329807278643
2,1523,1525,0.15390130387676723
2,1521,1523,0.15390882314492518
2,1524,1526,0.15391589073720155
2,1526,1528,0.15392253667643674
3,1519,1522,0.15392878752147993
3,1516,1519,0.15393143573560752
3,1502,1505,0.1539339403680975
3,1499,1502,0.15393630415247295
3,1504,1507,0.15393853180321795
3,1516,1519,0.1539406295240254
3,1519,1522,0.15394260407705412
3,1513,1516,0.1539444622684708
3,1509,1512,0.15394621072234188
4,1511,1515,0.1539478557853883
4,1502,1506,0.1539461848280828
4,1511,1515,0.15394463582630744
4,1518,1522,0.1539431870169652
4,1521,1525,0.15394182727873804
4,1513,1517,0.15394054952704728
4,1519,1523,0.15393934818658658
4,1505,1509,0.1539382184134412
4,1505,1509,0.15393715581562237
4,1501,1505,0.15393615633470692
4,1508,1512,0.15393521618715356
4,1522,1526,0.1539343318303909
4,1502,1506,0.1539334999402456
4,1501,1505,0.1539327173940372
4,1513,1517,0.1539319812567502
4,1516,1520,0.15393128876902804
4,1513,1517,0.1539306373363533
4,1508,1512,0.15393002451908355
3,1499,1502,0.15392944802316616
3,1510,1513,0.15393212582309312
3,1514,1517,0.15393463300566754
3,1515,1518,0.15393698372251344
3,1520,1523,0.15393919087872088
3,1529,1532,0.1539412648901487
3,1515,1518,0.15394321462557045
3,1522,1525,0.1539450479754337
3,1512,1515,0.15394677213430608
3,1506,1509,0.1539483937496319
3,1517,1520,0.15394991900819144
3,1520,1523,0.15395135369176177
3,1523,1526,0.15395270321652096
3,1524,1527,0.153953972663325
3,1525,1528,0.15395516680253632
3,1506,1509,0.1539562901153784
3,1504,1507,0.15395734681290685
3,1500,1503,0.15395834085321883
3,1502,1505,0.15395927595726733
4,1491,1495,0.15396015562350748
3,1517,1520,0.1539577656372426
3,1512,1515,0.153958755218267
3,1533,1536,0.1539596763861592
3,1531,1534,0.15396053720312008
3,1523,1526,0.15396134428854186
3,1510,1513,0.15396210215708334
3,1525,1528,0.15396281434327155
3,1523,1526,0.15396348386770609
3,1509,1512,0.15396411342940206
3,1509,1512,0.15396470549514854
3,1502,1505,0.15396526234655133
3,1501,1504,0.15396578610789072
3,1518,1521,0.153966278764475
3,1508,1511,0.15396674217591083
3,1513,1516,0.1539671780864618
3,1507,1510,0.15396758813362627
3,1506,1509,0.15396797385554778
3,1514,1517,0.15396833669760288
3,1507,1510,0.1539686839680248
3,1510,1513,0.15396901486792502
4,1512,1516,0.1539693239851389
4,1509,1513,0.15396639539226337
4,1509,1513,0.15396366212466522
5,1528,1533,0.1539610987711266
5,1520,1525,0.15395549178815737
5,1514,1519,0.15395024402796653
5,1521,1526,0.15394531225973598
4,1526,1530,0.15394067495656086
4,1524,1528,0.15393950258955447
4,1514,1518,0.1539383791614601
4,1514,1518,0.15393732057098813
4,1502,1506,0.1539363250927085
5,1496,1501,0.15393538916065336
5,1498,1503,0.15393129297440108
5,1505,1510,0.15392745822874
5,1505,1510,0.15392386035690628
5,1518,1523,0.15392048120186733
5,1501,1506,0.15391730575730014
5,1512,1517,0.1539143208562095
5,1527,1532,0.15391151457133273
5,1520,1525,0.1539088759208315
5,1512,1517,0.1539063947060216
4,1506,1510,0.15390406141048132
4,1510,1514,0.15390505953471012
5,1507,1512,0.15390597618696344
5,1504,1509,0.1539036358552991
5,1506,1511,0.15390145782571618
5,1495,1500,0.15389941457072062
5,1493,1498,0.15389749437706138
5,1505,1510,0.1538956889670426
5,1512,1517,0.15389399120145575
5,1510,1515,0.15389239455692763
5,1510,1515,0.15389089296389794
4,1502,1506,0.15388948073942782
4,1503,1507,0.15389135421991862
4,1493,1497,0.1538930971081295
4,1497,1501,0.153894728687254
4,1510,1514,0.1538962603871853
4,1511,1515,0.15389769982551568
4,1503,1507,0.15389905315362204
4,1503,1507,0.15390032578413318
4,1512,1516,0.15390152265402793
4,1523,1527,0.153902648337899
4,1512,1516,0.1539037071057108
3,1514,1517,0.15390470295741834
3,1517,1520,0.15390884461717078
3,1512,1515,0.15391272426489036
3,1506,1509,0.15391636634685021
3,1507,1510,0.15391978914481508
3,1520,1523,0.15392300739600315
3,1518,1521,0.15392603401421
3,1509,1512,0.15392888074822675
3,1512,1515,0.15393155846643716
3,1505,1508,0.15393407730198733
3,1500,1503,0.15393644673981238
3,1507,1510,0.15393867567662994
4,1504,1508,0.15394077246699076
4,1495,1499,0.15393954085840267
4,1507,1511,0.15393840470794712
4,1495,1499,0.1539373383254119
4,1496,1500,0.15393633520704483
4,1505,1509,0.1539353913254488
4,1499,1503,0.15393450321635982
4,1504,1508,0.15393366765840338
4,1510,1514,0.1539328816058597
3,1497,1500,0.15393214217243514
3,1510,1513,0.15393464235064422
3,1510,1513,0.15393697539088194
4,1515,1519,0.1539391687718962
3,1513,1516,0.1539380192830821
3,1508,1511,0.15394016168939983
3,1519,1522,0.15394216556263948
3,1527,1530,0.15394405054993637
3,1521,1524,0.15394582525739137
3,1524,1527,0.15394749611320488
2,1514,1516,0.15394906897302982
1,1517,1518,0.15395376312567374
1,1516,1517,0.15396138596345793
1,1509,1510,0.15396854146304775
1,1509,1510,0.15397526773046527
1,1511,1512,0.15398159475719633
2,1505,1507,0.15398754784977314
2,1502,1504,0.15398991429917244
2,1512,1514,0.15399215324329563
2,1502,1504,0.153994265573451
2,1503,1505,0.1539962566768399
2,1502,1504,0.15399813241128363
2,1511,1513,0.1539998987871886
3,1525,1528,0.15400156176540564
3,1531,1534,0.15399989154555674
3,1522,1525,0.1539983336959033
3,1524,1527,0.1539968749221407
3,1520,1523,0.15399550702143106
3,1512,1515,0.15399422317569342
3,1523,1526,0.1539930057380603
3,1516,1519,0.15399186013680588
5,1517,1522,0.1539907828678912
4,1515,1519,0.1539833194320137
4,1507,1511,0.15397954695563587
4,1513,1517,0.15397599959035965
4,1520,1524,0.15397266536411575
4,1510,1514,0.1539695309653128
4,1509,1513,0.15396658399451257
4,1513,1517,0.15396381295536826
4,1505,1509,0.15396120714183115
4,1493,1497,0.15395875655435018
4,1500,1504,0.15395645183595566
3,1502,1505,0.15395428422032365
3,1502,1505,0.1539554667116107
3,1500,1503,0.15395656656933626
3,1492,1495,0.15395759415330365
3,1490,1493,0.15395855716330917
3,1500,1503,0.1539594611291792
3,1505,1508,0.15396031042401304
3,1510,1513,0.15396110875816438
3,1508,1511,0.1539618594157339
3,1521,1524,0.15396256537579775
3,1518,1521,0.15396322937964907
3,1508,1511,0.15396385397111298
3,1508,1511,0.15396444152264335
3,1511,1514,0.15396499425355262
3,1509,1512,0.1539655142437073
3,1504,1507,0.15396600344449868
3,1519,1522,0.15396646368809094
3,1527,1530,0.15396689669551408
3,1520,1523,0.15396730408392528
3,1497,1500,0.15396768737323213
3,1507,1510,0.15396804799219413
3,1524,1527,0.1539683872840792
3,1518,1521,0.15396870651192773
3,1510,1513,0.15396900686346351
3,1522,1525,0.153969289455682
2,1523,1525,0.1539695553391425
2,1510,1512,0.15397303485622182
2,1504,1506,0.15397629961258164
2,1515,1517,0.15397936627685116
2,1506,1508,0.1539822484449404
2,1509,1511,0.1539849582186844
2,1508,1510,0.1539875065174757
2,1515,1517,0.15398990332846682
2,1514,1516,0.15399215787852516
2,1514,1516,0.15399427874820795
2,1506,1508,0.1539962739501061
2,1512,1514,0.1539981509858649
2,1519,1521,0.15399991689022807
2,1522,1524,0.15400157826692695
2,1511,1513,0.15400314131922366
2,1504,1506,0.15400461187675976
2,1509,1511,0.15400599541969712
2,1514,1516,0.15400729710075292
2,1520,1522,0.1540085217655095
2,1512,1514,0.1540096739712515
2,1515,1517,0.15401075800450711
2,1518,1520,0.15401177789742526
2,1509,1511,0.15401273744309385
2,1498,1500,0.1540136402098842
2,1510,1512,0.1540144895548968
2,1510,1512,0.15401528863657205
2,1504,1506,0.15401604042652614
2,1510,1512,0.15401674772066223
2,1490,1492,0.15401741314960707
2,1515,1517,0.15401803918851578
2,1516,1518,0.1540186281662862
2,1504,1506,0.15401918227421926
2,1506,1508,0.15401970357416164
2,1504,1506,0.15402019400616132
2,1520,1522,0.15402065539566728
2,1527,1529,0.15402108946030105
2,1523,1525,0.15402149781622534
2,1523,1525,0.15402188198413597
2,1513,1515,0.15402224339489762
2,1494,1496,0.15402258339484695
2,1487,1489,0.15402290325078147
2,1505,1507,0.15402320415465387
2,1511,1513,0.15402348722798864
2,1515,1517,0.1540237535260387
2,1528,1530,0.1540240040416957
2,1518,1520,0.15402423970917042
2,1507,1509,0.15402446140745585
2,1525,1527,0.15402466996358555
2,1519,1521,0.15402486615570066
2,1512,1514,0.15402505071593578
2,1517,1519,0.15402522433313437
2,1506,1508,0.15402538765540463
2,1507,1509,0.15402554129252433
2,1507,1509,0.15402568581820403
3,1509,1512,0.15402582177221694
3,1509,1512,0.15402271317935337
3,1523,1526,0.15401980113896108
3,1515,1518,0.15401706861563647
3,1512,1515,0.15401450246561219
3,1508,1511,0.15401209122353582
3,1506,1509,0.1540098247178743
4,1509,1513,0.15400769375364312
4,1509,1513,0.1540024647911827
3,1520,1523,0.1539975606137729
4,1513,1517,0.15399617478929753
4,1520,1524,0.1539916415729172
5,1515,1520,0.15398738768474396
5,1508,1513,0.1539801704985238
4,1502,1506,0.15397340181154345
4,1498,1502,0.15397025711684176
4,1516,1520,0.15396729289450556
4,1510,1514,0.15396450163141961
5,1505,1510,0.15396187421049576
5,1509,1514,0.15395618641732756
5,1511,1516,0.15395085117030155
5,1510,1515,0.15394584021331834
5,1493,1498,0.15394113171217516
5,1514,1519,0.15393670614833613
5,1520,1525,0.1539325457154104
5,1512,1517,0.1539286340035901
5,1509,1514,0.15392495579103163
5,1509,1514,0.15392149689701604
5,1522,1527,0.15391824407327218
4,1522,1526,0.15391518491941697
4,1513,1517,0.15391551451190189
3,1512,1515,0.15391581220012665
2,1511,1513,0.15391929493586942
2,1500,1502,0.15392577762958287
2,1509,1511,0.15393186101179904
2,1517,1519,0.15393757382111464
2,1516,1518,0.15394294141180034
2,1510,1512,0.15394798652839353
2,1524,1526,0.15395272978963473
2,1498,1500,0.1539571900793747
2,1512,1514,0.15396138483194083
2,1510,1512,0.15396533023494757
2,1499,1501,0.15396904137638162
2,1516,1518,0.1539725323556622
2,1509,1511,0.15397581637145752
2,1525,1527,0.15397890579417128
2,1515,1517,0.15398181222790958
2,1520,1522,0.15398454656485924
2,1520,1522,0.15398711903389933
2,1517,1519,0.15398953924461567
2,1503,1505,0.1539918162275087
2,1501,1503,0.15399395847095365
2,1505,1507,0.15399597395532988
2,1512,1514,0.153997870184646
2,1515,1517,0.15399965421592232
3,1525,1528,0.1540013326865488
3,1521,1524,0.15399967163846817
3,1499,1502,0.1539981192426976
4,1499,1503,0.15399666442191276
4,1505,1509,0.15399206372490196
3,1503,1506,0.1539877503945235
3,1516,1519,0.15398692600043162
3,1514,1517,0.15398614636978017
2,1513,1515,0.15398541114706135
5,1510,1515,0.15398794848766406
5,1512,1517,0.15398062944115096
4,1517,1521,0.15397377883441501
4,1508,1512,0.15397057530633604
4,1503,1507,0.15396756093431294
4,1507,1511,0.15396472642139178
4,1508,1512,0.1539620611248914
4,1523,1527,0.1539595548423642
4,1524,1528,0.15395719798978935
4,1513,1517,0.15395498156829937
5,1517,1522,0.15395289712877777
5,1519,1524,0.15394770713299855
5,1516,1521,0.15394283895273903
5,1509,1514,0.15393826821267936
4,1536,1540,0.1539339742717924
4,1531,1535,0.15393316178384897
4,1528,1532,0.15393238992449665
4,1526,1530,0.15393165811834497
4,1513,1517,0.1539309511724132
5,1505,1510,0.15393028399937406
5,1514,1519,0.1539264408679072
5,1502,1507,0.15392284031289333
4,1501,1505,0.1539194601320045
5,1515,1520,0.1539195027451674
5,1509,1514,0.15391631786751248
5,1522,1527,0.15391333160233261
5,1515,1520,0.15391052733244348
5,1507,1512,0.15390789254536927
5,1502,1507,0.1539054160761067
5,1504,1509,0.15390308783814116
5,1493,1498,0.15390089860846753
5,1507,1512,0.15389883987201938
5,1512,1517,0.15389690371548503
5,1502,1507,0.15389508275352562
5,1509,1514,0.15389337007507087
4,1506,1510,0.15389175920198528
4,1500,1504,0.15389345764275733
4,1513,1517,0.15389504427955825
4,1502,1506,0.153896529411092
5,1517,1522,0.15389792169475341
5,1506,1511,0.15389600896941452
5,1486,1491,0.15389422231318875
5,1503,1508,0.1538925486000364
5,1503,1508,0.15389097850361683
5,1511,1516,0.1538895042840599
5,1513,1518,0.15388811930347443
5,1520,1525,0.15388681769082965
5,1508,1513,0.1538855941392003
5,1514,1519,0.15388444378385782
5,1518,1523,0.15388336212585724
5,1529,1534,0.15388234498134945
5,1523,1528,0.15388138844579302
5,1520,1525,0.15388048886705377
5,1520,1525,0.1538796428240038
5,1522,1527,0.15387884710868305
5,1523,1528,0.15387809871089775
5,1512,1517,0.15387739480458543
5,1504,1509,0.15387673273553726
5,1506,1511,0.15387611001021204
5,1514,1519,0.15387552428546503
6,1525,1531,0.15387497335906575
6,1504,1510,0.15387124211955208
6,1513,1519,0.15386774840010775
6,1515,1521,0.15386447140567244
6,1503,1509,0.15386139502108825
6,1510,1516,0.15385850525497205
5,1522,1527,0.15385578973832428
5,1513,1518,0.1538564369853029
5,1509,1514,0.15385703413543106
5,1517,1522,0.15385758950641495
5,1497,1502,0.15385810772309472
5,1505,1510,0.15385859223755083
5,1509,1514,0.15385904587091798
5,1499,1504,0.15385947101844014
5,1506,1511,0.15385986976587854
5,1511,1516,0.15386024396409545
5,1509,1514,0.15386059527854176
4,1514,1518,0.15386092522304198
4,1509,1513,0.15386444773798752
4,1511,1515,0.1538677502718745
3,1517,1520,0.15387085019918298
3,1511,1514,0.15387697702386322
3,1523,1526,0.1538827293603298
3,1516,1519,0.15388813296280976
3,1513,1516,0.1538932108012994
3,1520,1523,0.1538979838804342
3,1513,1516,0.15390247143045901
3,1513,1516,0.15390669116563735
3,1518,1521,0.1539106595004106
3,1495,1498,0.15391439171171512
2,1504,1506,0.1539179020610184
2,1510,1512,0.15392443356680593
2,1515,1517,0.15393057071583224
2,1513,1515,0.15393633861764944
2,1515,1517,0.15394176113949942
2,1515,1517,0.15394686015688439
2,1524,1526,0.15395165572651437
2,1519,1521,0.1539561663780965
2,1523,1525,0.1539604093364047
2,1521,1523,0.15396440067903405
2,1504,1506,0.15396815545227605
2,1496,1498,0.153971687760895
2,1505,1507,0.15397501084135434
2,1500,1502,0.1539781371241249
2,1507,1509,0.15398107828840268
2,1515,1517,0.15398384531122888
2,1510,1512,0.1539864485122362
2,1502,1504,0.1539888975948035
2,1501,1503,0.15399120168414687
2,1490,1492,0.15399336936272046
3,1500,1503,0.153995408703212
3,1511,1514,0.15399408583331498
4,1502,1506,0.15399285205113242
4,1509,1513,0.15398845521422852
4,1508,1512,0.15398433487925936
4,1504,1508,0.15398046951746644
4,1505,1509,0.15397684029794678
4,1509,1513,0.15397343075958075
4,1520,1524,0.1539702263630599
4,1515,1519,0.15396721399659125
4,1504,1508,0.1539643816594264
4,1511,1515,0.15396171826486188
4,1516,1520,0.15395921351099515
4,1503,1507,0.15395685778996146
4,1523,1527,0.15395464211983015
4,1523,1527,0.15395255809047806
4,1510,1514,0.1539505978185482
4,1513,1517,0.15394875390865914
4,1504,1508,0.1539470194191729
3,1514,1517,0.15394538783147033
3,1507,1510,0.1539470809523265
3,1507,1510,0.1539486659699887
3,1492,1495,0.15395015067251389
3,1493,1496,0.15395154300109837
3,1493,1496,0.15395284995341002
3,1504,1507,0.15395407757493376
3,1507,1510,0.1539552311914761
3,1503,1506,0.1539563155903594
3,1515,1518,0.1539573351384912
3,1520,1523,0.15395829385860427
3,1526,1529,0.15395919548022832
3,1519,1522,0.15396004347556322
3,1523,1526,0.1539608410862011
3,1526,1529,0.15396159134413773
3,1520,1523,0.15396229708906617
3,1499,1502,0.1539629609831229
3,1504,1507,0.15396358552378825
3,1525,1528,0.1539641730553781
3,1522,1525,0.1539647257794099
3,1529,1532,0.1539652457640378
3,1527,1530,0.1539657349526957
3,1518,1521,0.1539661951720537
3,1525,1528,0.15396662813937034
3,1521,1524,0.1539670354693078
3,1521,1524,0.15396741868026367
4,1511,1515,0.1539677792002672
3,1497,1500,0.15396488187888974
3,1492,1495,0.15396539744510926
4,1485,1489,0.15396587877917722
4,1503,1507,0.15396309807829175
3,1501,1504,0.1539604920392781
3,1522,1525,0.1539612709942549
3,1514,1517,0.15396199868241373
3,1518,1521,0.15396268084805032
3,1515,1518,0.15396332107758673
3,1520,1523,0.15396392229709754
3,1511,1514,0.15396448710742708
3,1511,1514,0.15396501787162006
3,1515,1518,0.15396551675657574
2,1510,1512,0.15396598576178616
2,1503,1505,0.1539696634158786
2,1509,1511,0.1539731182459774
2,1509,1511,0.15397636505998322
2,1509,1511,0.15397941711469845
2,1516,1518,0.15398228650270915
2,1525,1527,0.15398498445829994
2,1526,1528,0.15398752146590577
1,1527,1528,0.15398990732291978
1,1516,1517,0.15399539758560793
1,1529,1530,0.15400055766592555
1,1509,1510,0.15400540683387415
1,1502,1503,0.15400996549055027
1,1509,1510,0.15401425232809396
1,1502,1503,0.15401828433395742
1,1512,1513,0.15402207711730412
1,1512,1513,0.1540256451473425
1,1508,1509,0.15402900191110686
1,1513,1514,0.15403216002269912
1,1513,1514,0.1540351313042626
1,1509,1510,0.15403792685000361
1,1501,1502,0.1540405570795505
1,1506,1507,0.1540430317842107
1,1516,1517,0.1540453601681831
1,1515,1516,0.15404755088594776
1,1514,1515,0.1540496120765879
1,1518,1519,0.1540515513955318
1,1517,1518,0.15405337604405048
1,1521,1522,0.15405509279675694
1,1521,1522,0.1540567080272982
1,1520,1521,0.15405822773239486
1,1527,1528,0.15405965755436146
1,1516,1517,0.1540610028022211
1,1505,1506,0.15406226847151633
1,1515,1516,0.15406345926290743
1,1510,1511,0.15406457959963996
1,1494,1495,0.15406563364395714
1,1502,1503,0.1540666253125252
1,1506,1507,0.15406755829093566
1,1510,1511,0.15406843604734186
1,1510,1511,0.15406926184528452
1,1519,1520,0.15407003875575598
1,1514,1515,0.1540707696685499
0,1523,1523,0.15407145730293967
