1378,28,1406,0.1358402217896778
1413,28,1441,0.13298960480919916
1420,29,1449,0.13029121432085328
1432,29,1461,0.12781157170604238
1445,29,1474,0.12551917682986669
1461,28,1489,0.12339586878350645
1459,27,1486,0.12141996553873569
1457,28,1485,0.1196255303487985
1469,27,1496,0.11799555047263777
1480,28,1508,0.11648113508798015
1477,28,1505,0.11507534295360142
1471,27,1498,0.1138024370696777
1472,26,1498,0.11265739944146827
1465,26,1491,0.11161231510720308
1454,26,1480,0.1106770310973506
1450,25,1475,0.10985062831476658
1456,26,1482,0.10910732202737972
1455,26,1481,0.10841598554745545
1458,27,1485,0.10778843344669278
1472,25,1497,0.10720994889634378
1478,25,1503,0.10665152765798541
1470,26,1496,0.10612963564987156
1461,27,1488,0.10567207853734904
1458,29,1487,0.10527548005582812
1451,29,1480,0.10492062426064805
1458,29,1487,0.10461305488642335
1469,31,1500,0.1043174413338101
1469,32,1501,0.10402449649741233
1468,31,1499,0.10375764370848863
1469,32,1501,0.1035165693039431
1459,34,1493,0.1032949562711693
1443,34,1477,0.10311477136553236
1445,34,1479,0.10298526252401569
1448,36,1484,0.10286348418496423
1454,35,1489,0.10274587145955305
1451,37,1488,0.1026250683345907
1448,36,1484,0.10252190819299574
1452,35,1487,0.10243456544005074
1454,37,1491,0.1023462129457443
1437,40,1477,0.10226199795824026
1434,41,1475,0.1022220127223126
1439,43,1482,0.10219145884495419
1453,44,1497,0.10215266173732719
1448,44,1492,0.10208721577937421
1449,44,1493,0.10203850884835777
1450,43,1493,0.10199219742466331
1449,41,1490,0.10194781182258578
1439,42,1481,0.10190932512967656
1444,42,1486,0.10189572349399842
1429,44,1473,0.10187269575358228
1433,43,1476,0.1018841774140278
1456,41,1497,0.10188582555149484
1455,41,1496,0.10183827713076798
1446,42,1488,0.10179663169379395
1462,42,1504,0.10177807753420531
1454,44,1498,0.10172698431125482
1460,44,1504,0.10169750069357553
1457,45,1502,0.10165795869038974
1473,47,1520,0.10162804150998771
1463,48,1511,0.10156690791118418
1462,46,1508,0.10153258325682567
1456,48,1504,0.10150342709369956
1453,48,1501,0.10148990955346072
1458,45,1503,0.10148358649327104
1465,44,1509,0.10146737388242093
1465,46,1511,0.10143791786826942
1468,46,1514,0.10141095597974542
1461,46,1507,0.1013799784088238
1459,45,1504,0.10136676352266774
1464,46,1510,0.10135892542626591
1460,45,1505,0.10134123379039593
1450,45,1495,0.10133401885777936
1453,43,1496,0.10134880195189229
1457,44,1501,0.10135540182498545
1454,45,1499,0.1013529992646602
1442,45,1487,0.10135690399733323
1432,49,1481,0.10138671968360752
1426,47,1473,0.10143505354483531
1428,46,1474,0.1014918029154893
1438,46,1484,0.10153965280390338
1454,47,1501,0.10156200488295934
1446,45,1491,0.10154805324164279
1451,42,1493,0.1015522213602987
1438,44,1482,0.1015454090600809
1441,44,1485,0.101566787458869
1430,45,1475,0.10157975762433512
1441,46,1487,0.10161562774277763
1447,44,1491,0.10162553692720429
1454,45,1499,0.10162173746649909
1445,49,1494,0.10160301529870906
1436,47,1483,0.1016051454703766
1439,45,1484,0.10162584568191789
1450,45,1495,0.10163866560564157
1432,45,1477,0.10162696424269463
1421,45,1466,0.10165510352532416
1412,45,1457,0.10170417090014293
1401,43,1444,0.1017679915513089
1432,44,1476,0.1018498776697864
1441,45,1486,0.1018578826518242
1444,46,1490,0.10184632077815117
1443,48,1491,0.1018296344209886
1440,47,1487,0.10181640667249585
1444,48,1492,0.10181102607170081
1444,47,1491,0.10179743198395932
1435,47,1482,0.1017850977990173
1429,44,1473,0.10179292068013765
1452,45,1497,0.10181239857102248
1449,46,1495,0.10178108092096821
1448,44,1492,0.10175942028622063
1461,48,1509,0.10174198832644821
1441,47,1488,0.10169832794503134
1432,49,1481,0.10170100987673784
1411,51,1462,0.10172280645875555
1425,50,1475,0.10178718885832723
1405,53,1458,0.10181608528828474
1411,54,1465,0.10188523733722146
1426,55,1481,0.10193594936927422
1424,56,1480,0.10194949599352199
1416,55,1471,0.10196667398991427
1439,55,1494,0.10199954753949221
1439,56,1495,0.10198043307413548
1438,55,1493,0.10196237346029452
1419,56,1475,0.10194798796510048
1431,56,1487,0.10197542015283884
1429,57,1486,0.10197464118081552
1426,57,1483,0.10197812390443453
1422,57,1479,0.10198776141437207
1427,56,1483,0.10200539019029314
1430,57,1487,0.10201072901755946
1436,58,1494,0.10200905359397865
1433,60,1493,0.10199505105915221
1440,58,1498,0.10198839173163307
1434,60,1494,0.10196771498806419
1440,60,1500,0.10196125331201498
1433,60,1493,0.10194241558877593
1437,61,1498,0.10194011748692083
1442,63,1505,0.10192964041913272
1430,63,1493,0.1019099871705545
1442,65,1507,0.10191750883343939
1436,63,1499,0.10189870641982303
1436,64,1500,0.10189454916339867
1438,63,1501,0.101890923379951
1440,63,1503,0.10188358693041799
1431,66,1497,0.10187223992895572
1424,65,1489,0.1018811131409425
1432,62,1494,0.10190415163629954
1441,63,1504,0.10190822579140463
1435,64,1499,0.10189266623031916
1436,68,1504,0.10189135118528268
1441,70,1511,0.10188778263423937
1423,71,1494,0.1018738094112886
1421,71,1492,0.10189991431214931
1431,73,1504,0.10192807076269363
1444,72,1516,0.10193173701208963
1432,72,1504,0.10190778779976033
1432,68,1500,0.10191197323873884
1436,68,1504,0.10191604553491114
1429,65,1494,0.10191127869748322
1417,67,1484,0.10192180188224978
1416,72,1488,0.10195709211240743
1408,72,1480,0.10199094274884545
1408,71,1479,0.1020394174706157
1405,77,1482,0.10208402010418897
1405,77,1482,0.10213108432561359
1421,78,1499,0.10217377527940849
1430,80,1510,0.10217871624197632
1418,81,1499,0.10216397896369851
1415,83,1498,0.10217614034648717
1399,83,1482,0.1021933862198835
1422,81,1503,0.10224353375311314
1420,79,1499,0.1022394825571293
1416,82,1498,0.1022404991594453
1408,83,1491,0.1022503505858725
1417,82,1499,0.1022759049481659
1411,82,1493,0.10228001731135769
1407,82,1489,0.1022968358868324
1411,82,1493,0.10232095205447672
1401,81,1482,0.10233435470058758
1400,84,1484,0.10236848824386807
1385,80,1465,0.1024021751624918
1387,82,1469,0.1024648048551402
1384,82,1466,0.10251783342620158
1394,84,1478,0.10257301890253646
1394,85,1479,0.10260152490650779
1406,86,1492,0.10262758101341767
1400,87,1487,0.10262612765968886
1408,84,1492,0.10263721267524202
1412,83,1495,0.10263011469112839
1412,82,1494,0.10261489565568958
1405,80,1485,0.10260075340566065
1399,80,1479,0.10260266698307006
1404,78,1482,0.10261713700194779
1401,78,1479,0.10261949210116374
1405,78,1483,0.10262802868304231
1403,80,1483,0.10262728728106335
1401,84,1485,0.10263115866542685
1398,82,1480,0.10263916370460886
1412,79,1491,0.1026534283381929
1411,78,1489,0.1026360046760213
1415,83,1498,0.10262278942621936
1411,86,1497,0.10260210830108829
1428,85,1513,0.10259163815351463
1439,82,1521,0.10254615880713358
1430,85,1515,0.10248077454756516
1426,85,1511,0.1024409415499365
1422,85,1507,0.1024131077012286
1426,84,1510,0.10239560657628215
1417,86,1503,0.10237107110456085
1421,84,1505,0.1023685510508197
1390,87,1477,0.10235777229214355
1411,85,1496,0.10241449850930202
1408,90,1498,0.10242164054981821
1419,88,1507,0.10243438224308565
1411,91,1502,0.1024222084975364
1419,91,1510,0.10242876874349756
1410,89,1499,0.10241755633380496
1413,91,1504,0.10242697161174007
1407,92,1499,0.10242882604864902
1405,92,1497,0.10244282101640753
1407,91,1498,0.10245974039723653
1409,90,1499,0.10247119208070356
1407,92,1499,0.1024768055676313
1418,90,1508,0.10248595543299967
1415,93,1508,0.10247044010265714
1406,93,1499,0.10246322892708815
1408,92,1500,0.10247599413766578
1404,92,1496,0.1024834209030844
1400,93,1493,0.10249867453339587
1397,93,1490,0.10252197582685735
1387,96,1483,0.10254981863647593
1386,101,1487,0.10259634840382911
1386,103,1489,0.10264118291473778
1394,103,1497,0.10268213696553481
1408,101,1509,0.1027022281678218
1386,97,1483,0.10269070637446345
1392,96,1488,0.1027275909898425
1390,99,1489,0.10274872457043172
1376,97,1473,0.102772429154178
1378,98,1476,0.1028237935484625
1376,99,1475,0.10286625390325806
1394,101,1495,0.10290931250635765
1391,100,1491,0.10291004415154661
1395,101,1496,0.10291705925242896
1396,101,1497,0.10291497198005889
1388,100,1488,0.10291076856906624
1379,98,1477,0.10292414028645787
1390,95,1485,0.10295538665523071
1393,99,1492,0.10296029203102253
1397,97,1494,0.10295784162558853
1395,97,1492,0.102946980644975
1392,96,1488,0.10294082731076687
1388,99,1487,0.102941817337094
1377,101,1478,0.10295145373857892
1378,98,1476,0.10298335809143244
1396,101,1497,0.10301047610378354
1394,101,1495,0.10299697140663648
1402,98,1500,0.10298901255508572
1400,96,1496,0.10296406059998386
1412,98,1510,0.10294580662833763
1409,94,1503,0.1029035899847543
1410,93,1503,0.10287130687163881
1417,92,1509,0.10283973548664434
1423,95,1518,0.10279555296485199
1406,95,1501,0.10274214855062767
1403,98,1501,0.10273051526914025
1405,98,1503,0.10272647388408834
1408,95,1503,0.10271813351249491
1404,96,1500,0.10270437475870026
1406,98,1504,0.10270040456470415
1405,97,1502,0.10269253896513414
1409,98,1507,0.1026872953137472
1411,98,1509,0.10267413448591195
1401,96,1497,0.10265759859401667
1393,98,1491,0.10266406470468983
1390,96,1486,0.10268719029595999
1385,97,1482,0.10271484193013322
1394,97,1491,0.10275099040380269
1396,98,1494,0.10276419191135387
1402,97,1499,0.10277186226592729
1393,97,1490,0.10276570229908284
1401,94,1495,0.10277921480176368
1400,93,1493,0.10277488728274868
1403,93,1496,0.1027729287611021
1402,96,1498,0.10276428169231173
1407,95,1502,0.10275893915664046
1393,98,1491,0.1027432916677375
1396,99,1495,0.10275917952935369
1392,100,1492,0.10276798446773829
1403,102,1505,0.10278442306167232
1407,100,1507,0.10277599954031283
1403,100,1503,0.10275931187559731
1412,102,1514,0.10275254128274701
1397,102,1499,0.10272668922253768
1386,102,1488,0.10273595180190419
1389,99,1488,0.10276817051018682
1387,106,1493,0.102791445444294
1372,106,1478,0.1028171514982197
1371,104,1475,0.10287294629434403
1378,109,1487,0.10292627819661494
1382,110,1492,0.1029601052179052
1386,112,1498,0.10298242890591613
1379,111,1490,0.10299415724436876
1384,108,1492,0.10301994311678966
1384,108,1492,0.10303193889346239
1401,111,1512,0.10304343797381758
1392,112,1504,0.10301752137064181
1385,113,1498,0.10301356295297481
1389,112,1501,0.10302562405005386
1389,115,1504,0.10302770533420093
1386,119,1505,0.10302968319173665
1391,122,1513,0.10303764621430819
1398,123,1521,0.10303447890026135
1386,119,1505,0.10301654629135093
1387,118,1505,0.10302560667584902
1385,123,1508,0.10303210606089229
1383,124,1507,0.1030425663227325
1370,123,1493,0.10305619986151651
1367,127,1494,0.10309713232925223
1378,125,1503,0.10314021600507246
1367,127,1494,0.10315621583903271
1362,127,1489,0.10319475261488747
1365,125,1490,0.10324130078998887
1370,124,1494,0.10327721412661398
1379,126,1505,0.10329946010471466
1381,126,1507,0.10330041249261544
1371,124,1495,0.10329649161610967
1394,123,1517,0.10331449784063143
1380,127,1507,0.10328132456616759
1383,127,1510,0.10328157363930476
1375,121,1496,0.1032752261541166
1382,117,1499,0.10328741288800979
1380,117,1497,0.10328349136083839
1384,122,1506,0.10328366841849382
1383,123,1506,0.10327536135692132
1377,123,1500,0.10326978320597757
1379,124,1503,0.10327785504551176
1377,123,1500,0.10328130880613891
1374,127,1501,0.10328884799093263
1365,125,1490,0.10330245108782204
1365,128,1493,0.10333427737215467
1355,130,1485,0.1033636721517639
1357,132,1489,0.10341188784916977
1361,132,1493,0.10345161895020304
1363,134,1497,0.1034796529222834
1367,137,1504,0.10350110505737206
1372,132,1504,0.10351135511917535
1364,132,1496,0.10350974986522857
1357,132,1489,0.10352578678313225
1357,136,1493,0.10355572371420106
1363,133,1496,0.10358283143045678
1354,133,1487,0.10359399382027995
1353,131,1484,0.10362351119825973
1351,131,1482,0.10365273338827748
1366,134,1500,0.10368399822250535
1363,134,1497,0.10368062017930665
1357,137,1494,0.10368444058478564
1370,138,1508,0.10370132585825012
1361,134,1495,0.10368847100891031
1369,138,1507,0.1036965587437669
1362,138,1500,0.10368570542240299
1352,137,1489,0.1036916026688553
1351,139,1490,0.10371846018833394
1347,143,1490,0.10374566231569783
1344,145,1489,0.10377952039558055
1339,145,1484,0.10381681356587649
1335,147,1482,0.10386152556117068
1342,146,1488,0.1039115688287465
1348,145,1493,0.10394144519844133
1343,145,1488,0.1039554643509102
1343,142,1485,0.10397953752623298
1338,146,1484,0.10400173873036202
1341,151,1492,0.1040325906202926
1343,154,1497,0.10405399150299016
1352,153,1505,0.10406955469670062
1347,155,1502,0.10406506460103708
1344,152,1496,0.10407211027519513
1347,152,1499,0.1040847365505099
1351,157,1508,0.10409034256203982
1356,161,1517,0.10408667146591209
1340,164,1504,0.1040726050314521
1338,165,1503,0.10409439354405915
1330,165,1495,0.10411918273054437
1335,165,1500,0.10415904316494308
1338,161,1499,0.10418457152856128
1339,167,1506,0.10420052388454615
1338,164,1502,0.1042137483577224
1327,169,1496,0.1042283752481667
1327,169,1496,0.10426590772471205
1317,167,1484,0.10430085273054929
1334,173,1507,0.10435456193175241
1328,173,1501,0.10436646281707249
1334,180,1514,0.10439066095966856
1329,176,1505,0.10439956048687182
1322,176,1498,0.1044181969032001
1330,169,1499,0.10445068806016841
1320,172,1492,0.10446335717421017
1323,171,1494,0.10449669622509926
1323,171,1494,0.10452076954474877
1313,169,1482,0.1045429119102203
1310,168,1478,0.10458639678621129
1310,174,1484,0.1046330730218052
1325,180,1505,0.10467555428498583
1323,180,1503,0.10468117470879257
1320,181,1501,0.10469085245730678
1323,184,1507,0.10470668609548422
1322,190,1512,0.10471386907438344
1322,187,1509,0.10472258090090004
1336,186,1522,0.10473064392010235
1329,184,1513,0.10470740624074829
1335,179,1514,0.10470149836001445
1328,178,1506,0.10468320877030417
1325,180,1505,0.10468131808971272
1315,178,1493,0.10468656891558417
1316,180,1496,0.10471318146999063
1306,182,1488,0.10473474959660373
1308,179,1487,0.10477614132897614
1304,181,1485,0.10481058009747128
1310,176,1486,0.10485048114370636
1308,187,1495,0.10487390728184579
1303,184,1487,0.10490017465539303
1316,181,1497,0.10493547953031333
1322,187,1509,0.10493883995930293
1312,191,1503,0.10492879501524303
1305,194,1499,0.10494173493700135
1304,195,1499,0.10496904651089568
1305,194,1499,0.1049964836046952
1294,199,1493,0.10501949010267389
1311,193,1504,0.10506511578145446
1316,195,1511,0.10506945011135105
1302,200,1502,0.10506209844846465
1287,202,1489,0.10508704311994159
1289,201,1490,0.1051422424330524
1286,207,1493,0.10518851579870617
1285,203,1488,0.10523702796178583
1290,209,1499,0.10528426927767885
1300,212,1512,0.10531679120571186
1294,211,1505,0.1053251067123056
1288,218,1506,0.10534587109459498
1298,218,1516,0.10537715097205863
1284,219,1503,0.10538346771210967
1286,222,1508,0.10542059514408247
1289,222,1511,0.10545093242584869
1287,215,1502,0.10547237054495781
1292,222,1514,0.10549656917662385
1286,225,1511,0.10550770488086529
1279,228,1507,0.10553180182887781
1274,226,1500,0.10556934376164129
1265,225,1490,0.10561461084022224
1254,221,1475,0.10567618341356963
1260,222,1482,0.10575772905405159
1250,221,1471,0.10581952052742899
1272,226,1498,0.10589753247115713
1277,228,1505,0.10592055816440904
1272,229,1501,0.10593061748286715
1267,235,1502,0.10595118740346578
1270,236,1506,0.10598186038323586
1264,234,1498,0.10600302321812755
1273,234,1507,0.10603582312592336
1277,230,1507,0.10604650345872205
1271,234,1505,0.10604810428839322
1269,244,1513,0.10606302667498597
1271,252,1523,0.10608236893409134
1260,255,1515,0.10609527176583632
1247,252,1499,0.10613197360512046
1244,249,1493,0.10619415615377906
1244,242,1486,0.10625878930241191
1245,246,1491,0.10631840712897532
1262,242,1504,0.10637126986426662
1266,252,1518,0.10638141666613103
1250,252,1502,0.10638191689680707
1227,253,1480,0.10641855328244301
1227,259,1486,0.10650283638195025
1228,259,1487,0.10658107467671377
1222,258,1480,0.10665056455827479
1234,248,1482,0.10672751167342746
1249,248,1497,0.10677143857223874
1257,251,1508,0.10677828000091784
1263,251,1514,0.10676587668435072
1272,249,1521,0.1067406541838929
1264,247,1511,0.10669834489064843
1275,249,1524,0.1066769012345091
1266,247,1513,0.10663182550584754
1255,245,1500,0.10660924411460897
1254,242,1496,0.10661310295984626
1247,241,1488,0.10661886112159158
1248,246,1494,0.10663940513543242
1248,244,1492,0.1066569192924253
1249,247,1496,0.10667393686785374
1252,253,1505,0.10668714499562368
1252,258,1510,0.10669252776983679
1255,257,1512,0.10669789403094637
1257,253,1510,0.10669574737225923
1251,255,1506,0.10668915969047156
1235,258,1493,0.10669725108391628
1241,261,1502,0.10674079310396703
1236,258,1494,0.10676812999671595
1229,258,1487,0.10680490299783622
1248,260,1508,0.10685363083428732
1233,257,1490,0.10685529233416428
1240,255,1495,0.1068909974154558
1246,255,1501,0.10690881314913331
1228,258,1486,0.10691120080361799
1209,254,1463,0.10695404848171673
1214,259,1473,0.1070344968568719
1222,260,1482,0.10709703051664574
1230,269,1499,0.10713663300800892
1231,265,1496,0.10715484623457375
1246,257,1503,0.10716896261122294
1241,258,1499,0.1071484074182695
1242,258,1500,0.10714101360259473
1250,262,1512,0.1071324511921399
1233,269,1502,0.1071074992529835
1231,266,1497,0.10712320194787057
1225,268,1493,0.10714200755099451
1229,269,1498,0.10717211110601359
1234,270,1504,0.10719120966479628
1225,265,1490,0.10719727274461341
1237,262,1499,0.10722271448239308
1237,257,1494,0.10721992059067191
1232,256,1488,0.10721738948828435
1235,263,1498,0.10722692205604459
1231,268,1499,0.10722927837162936
1228,263,1491,0.10724022652058374
1222,266,1488,0.10725719530291039
1220,273,1493,0.10728499565997947
1217,274,1491,0.10731506711279615
1217,268,1485,0.10734878527939118
1224,267,1491,0.10738103595783388
1220,279,1499,0.107395755863242
1216,280,1496,0.10741807417870913
1234,275,1509,0.10744860465054624
1223,275,1498,0.10743556787121081
1213,278,1491,0.10744863832911992
1215,280,1495,0.10748304585063867
1208,276,1484,0.10751091836582345
1202,270,1472,0.1075514999335111
1196,272,1468,0.10760176827592195
1212,276,1488,0.10766151305825332
1222,274,1496,0.10768071586691327
1222,276,1498,0.10767513570509518
1214,278,1492,0.10767133890857197
1201,280,1481,0.10768628773129219
1193,283,1476,0.10772892589026725
1189,287,1476,0.10778609038453842
1195,287,1482,0.10784681835546771
1206,294,1500,0.10788780060095643
1195,294,1489,0.10790175190760096
1190,293,1483,0.10794019392653169
1196,297,1493,0.10798560101620797
1200,289,1489,0.1080141156873923
1206,288,1494,0.1080318522165708
1211,291,1502,0.10803579516779317
1211,286,1497,0.1080290956715491
1210,288,1498,0.10802184799224068
1211,284,1495,0.10801609890859049
1207,281,1488,0.10800877536695451
1203,291,1494,0.10801018022301653
1212,292,1504,0.10802032305670001
1206,293,1499,0.10801010707247109
1218,287,1505,0.10801381203366742
1208,291,1499,0.10799122676011468
1216,289,1505,0.1079926118614603
1211,294,1505,0.10797580838619215
1205,291,1496,0.10797329364191047
1211,299,1510,0.10798581771258156
1196,305,1501,0.10798469618286756
1182,306,1488,0.10801700486449738
1184,307,1491,0.10807669407603875
1189,311,1500,0.10812776379953794
1190,310,1500,0.10816244888098765
1191,307,1498,0.10819252732826479
1180,299,1479,0.1082182261595759
1185,305,1490,0.1082663737190346
1185,306,1491,0.10830112046343299
1187,300,1487,0.10833197697410324
1191,313,1504,0.10835606235887642
1182,311,1493,0.10836971224878997
1185,309,1494,0.10840277165767098
1189,314,1503,0.10842601855523752
1170,312,1482,0.10843995810287975
1168,306,1474,0.10849423499972204
1176,307,1483,0.10854835627641432
1183,309,1492,0.10857993568054121
1193,311,1504,0.10859338581027629
1195,310,1505,0.10858287265468881
1190,311,1501,0.10856890396807632
1191,309,1500,0.10856717341502391
1190,307,1497,0.10856408184270278
1193,309,1502,0.10856312298151902
1191,312,1503,0.10855601968543115
1188,311,1499,0.10855424186819665
1182,313,1495,0.10856020597847257
1192,310,1502,0.10857714110543083
1207,306,1513,0.10857165416722964
1196,300,1496,0.10853153494037687
1187,305,1492,0.10851990573483075
1188,315,1503,0.10852922663525416
1193,310,1503,0.10853617171657287
1196,309,1505,0.1085314564465196
1189,309,1498,0.10852044679831568
1186,311,1497,0.10852603512280254
1182,314,1496,0.10853804112120148
1205,312,1517,0.10855805934343518
1194,311,1505,0.10852418184668561
1183,313,1496,0.10851853498881664
1186,313,1499,0.10853592733978676
1195,311,1506,0.10854664549180298
1182,314,1496,0.10853710007225643
1189,311,1500,0.1085562037880268
1177,316,1493,0.10855851706575376
1170,322,1492,0.10858783842286888
1179,323,1502,0.10863027412296099
1181,322,1503,0.1086488124716796
1182,321,1503,0.10866272953885078
1170,326,1496,0.10867270813541179
1176,320,1496,0.1087102181210336
1179,323,1502,0.1087311133071582
1164,333,1497,0.10874375258773622
1165,328,1493,0.1087885922376946
1171,333,1504,0.10882728211410317
1152,334,1486,0.10884994199023293
1146,331,1477,0.10891442701892824
1153,337,1490,0.10898762640623953
1149,339,1488,0.10904002763937058
1152,339,1491,0.10909795462303538
1167,349,1516,0.10914362664524319
1173,344,1517,0.10915182589989307
1158,350,1508,0.1091459979915428
1148,351,1499,0.10917320579958847
1146,352,1498,0.10922139560614345
1158,346,1504,0.1092719720038961
1149,348,1497,0.10929018255479019
1148,348,1496,0.10932743127178429
1150,351,1501,0.10936364653128736
1150,354,1504,0.10939372128169497
1157,351,1508,0.1094225857567005
1164,351,1515,0.10943364788037865
1146,350,1496,0.10942842149360557
1156,353,1509,0.1094656556077799
1155,355,1510,0.10947498152711396
1152,348,1500,0.10948581812158631
1162,346,1508,0.10950304309136215
1154,349,1503,0.10949695698213427
1156,348,1504,0.10950862789208969
1139,357,1496,0.10951657001113087
1136,359,1495,0.10956303236635655
1136,359,1495,0.10961287417852315
1138,359,1497,0.10965876674335671
1140,360,1500,0.10969698684264532
1135,369,1504,0.10972721807584619
1134,370,1504,0.10976658177808644
1119,367,1486,0.10980510706597159
1121,372,1493,0.10987678384776277
1112,372,1484,0.10993695315898
1114,378,1492,0.11001213451899079
1124,375,1499,0.1100761810386052
1127,371,1498,0.11011250384082315
1127,375,1502,0.11014018679839852
1118,366,1484,0.11016677780785901
1118,367,1485,0.11021184501350084
1126,373,1499,0.11025387071960216
1116,378,1494,0.11027395871854717
1112,375,1487,0.11031478158554994
1111,385,1496,0.11036178632900828
1113,390,1503,0.11040868614910576
1110,391,1501,0.11044744694650646
1101,390,1491,0.11048908930696012
1103,390,1493,0.11054884644726747
1106,399,1505,0.11059879348835588
1107,401,1508,0.11063956377135373
1112,398,1510,0.11067506123506188
1103,393,1496,0.11069710101781537
1101,395,1496,0.11073624980804742
1106,398,1504,0.11077689275097274
1106,395,1501,0.11080392442883041
1110,398,1508,0.1108283054929436
1101,397,1498,0.11084198338789744
1096,399,1495,0.11087452107316847
1113,396,1509,0.11091578738552524
1105,400,1505,0.11091723003988463
1098,403,1501,0.11093717999695929
1093,398,1491,0.11097113414415187
1099,406,1505,0.11101341188066563
1098,399,1497,0.11103893280494129
1093,409,1502,0.11106402682012578
1099,406,1505,0.1110999811443564
1090,416,1506,0.1111187372254987
1091,418,1509,0.1111576136463144
1100,417,1517,0.11119142238065699
1092,411,1503,0.1112015081122309
1097,413,1510,0.11122982038974043
1100,406,1506,0.11124564608404082
1095,399,1494,0.11125206372788778
1103,400,1503,0.11126800632953794
1108,403,1511,0.11126417499701581
1104,406,1510,0.1112480416294397
1112,402,1514,0.11124313501093429
1119,400,1519,0.11122156331422531
1106,398,1504,0.11118503603979683
1104,400,1504,0.11118157723445461
1099,400,1499,0.1111844382708464
1108,396,1504,0.11119498682722048
1108,396,1504,0.11118376850105958
1098,395,1493,0.11117289030697584
1096,394,1490,0.11118586689290057
1092,398,1490,0.11120254556689342
1095,402,1497,0.11122772121610719
1087,410,1497,0.11124543745835791
1088,414,1502,0.11127854869988706
1084,417,1501,0.11130782068352854
1072,417,1489,0.1113453396478037
1079,418,1497,0.11140852406897059
1078,426,1504,0.11145093077640525
1074,431,1505,0.11149310425839203
1066,426,1492,0.11154173655823996
1046,431,1477,0.11160657888471175
1053,436,1489,0.11171160710199118
1052,441,1493,0.11179360462340718
1059,440,1499,0.11187080052053953
1056,444,1500,0.11192556935511028
1055,444,1499,0.11198388886895916
1058,438,1496,0.11204071064960892
1052,443,1495,0.11208551604535677
1055,454,1509,0.11214262499035332
1048,454,1502,0.11218856728554397
1041,455,1496,0.11224845726687023
1044,459,1503,0.11232029546057185
1049,457,1506,0.11238088559790832
1045,461,1506,0.112427030280965
1046,458,1504,0.11247769841335202
1038,456,1494,0.1125226234817794
1028,465,1493,0.11258394888743738
1031,471,1502,0.11266570998180062
1018,476,1494,0.11273328078374423
1017,482,1499,0.11282611550336938
1021,482,1503,0.11291423587527248
1019,480,1499,0.11298603766391196
1016,488,1504,0.11305689718409355
1021,487,1508,0.11312911171893678
1026,491,1517,0.11318563856410936
1016,489,1505,0.11322757007611997
1001,491,1492,0.11328862143147517
1005,498,1503,0.11338062413859654
1008,492,1500,0.11345586315601011
1002,487,1489,0.11351878433970317
1002,483,1485,0.11359127512363763
1010,472,1482,0.11365684331672442
1012,473,1485,0.11369864804908737
1011,478,1489,0.11373113034129556
1010,485,1495,0.11376363291901541
995,481,1476,0.11379626564967645
997,489,1486,0.11386142607654377
1007,494,1501,0.11391628413551086
992,504,1496,0.11394430728295923
992,511,1503,0.11400650893251188
998,502,1500,0.11406113718870031
996,499,1495,0.11409693716039726
998,494,1492,0.11413602113266628
992,499,1491,0.1141674330768309
988,499,1487,0.11421224154784379
994,501,1495,0.1142616512932021
994,508,1502,0.1142926528076544
993,506,1499,0.11432213894431513
998,512,1510,0.11435277737099386
1001,515,1516,0.11437094586685229
1003,513,1516,0.11438047266041323
998,517,1515,0.11438592574885278
999,516,1515,0.11440471862161893
999,514,1513,0.11442021606416503
999,515,1514,0.11443414765111377
1001,518,1519,0.11444600234712293
987,511,1498,0.11445256578862367
977,504,1481,0.11449164669591905
986,511,1497,0.11455042620496346
979,516,1495,0.11458315682543416
971,528,1499,0.11463040860108435
980,518,1498,0.11469354657900326
988,526,1514,0.11473099509114044
989,526,1515,0.11474770754815009
985,522,1507,0.11475949315489692
981,522,1503,0.11478104704675722
976,513,1489,0.11481048567389732
976,520,1496,0.11485062115256323
963,519,1482,0.11488638285522706
962,526,1488,0.1149508117814434
968,523,1491,0.11501297790916225
962,535,1497,0.11505596040389009
971,538,1509,0.11511066622068306
975,535,1510,0.11514051672224798
972,539,1511,0.11515840010884507
967,539,1506,0.11518105944420283
966,543,1509,0.11521274358505636
963,546,1509,0.11524458726191288
967,548,1515,0.11528357490701736
957,546,1503,0.11530797581916802
945,541,1486,0.11535514203472279
948,541,1489,0.11542646061398934
957,543,1500,0.1154833783279649
958,540,1498,0.11551528660072029
968,551,1519,0.1155426168982489
960,547,1507,0.11554435683869978
966,546,1512,0.11556459744214972
961,545,1506,0.11557053158816721
969,550,1519,0.11558785160894856
971,544,1515,0.11558511222861549
966,541,1507,0.11557637674559414
956,538,1494,0.11557928710718875
951,546,1497,0.11560694816512389
944,545,1489,0.1156445477000418
949,554,1503,0.11569683451412972
947,549,1496,0.11573211207434199
961,540,1501,0.1157695599326406
961,550,1511,0.11577115563600772
953,546,1499,0.11577360968752977
967,544,1511,0.1157955414788977
968,544,1512,0.11578244871815317
959,543,1502,0.1157686279483795
964,539,1503,0.11577644811166873
959,541,1500,0.1157718896466755
951,536,1487,0.11577774014421266
949,538,1487,0.1158012500278392
954,543,1497,0.11582831818397338
952,544,1496,0.11584260589221695
955,548,1503,0.11586291656157602
955,553,1508,0.11587353993719603
962,550,1512,0.11588352464864532
961,548,1509,0.11587724043302267
954,552,1506,0.11587305385019324
951,547,1498,0.1158849483899618
959,550,1509,0.11590444246770513
958,556,1514,0.1159050948770353
951,552,1503,0.11590762759013798
946,552,1498,0.1159251610716348
947,546,1493,0.11595315425750606
956,548,1504,0.11597659797792813
961,549,1510,0.11597690983144314
953,555,1508,0.11596582671634924
950,558,1508,0.11597571225981827
957,561,1518,0.11599219521989071
944,557,1501,0.11599090039688925
943,557,1500,0.1160194764066631
938,545,1483,0.1160479331810607
929,553,1482,0.11608509767869366
935,567,1502,0.11614124116829974
943,565,1508,0.11617906205951581
936,577,1513,0.11619504880917397
933,580,1513,0.1162273280112941
930,582,1512,0.11626381701120295
916,570,1486,0.11630420922478393
916,577,1493,0.11637644527832819
923,569,1492,0.11644302712577856
921,575,1496,0.11648845927360707
918,578,1496,0.11653670795931005
930,574,1504,0.11658865266522685
932,567,1499,0.11660902715486685
937,575,1512,0.11662369096947678
933,576,1509,0.11662438514706373
916,583,1499,0.11663538003013406
918,581,1499,0.11668745447809024
927,582,1509,0.11673228067302947
918,588,1506,0.11675166985529627
911,579,1490,0.11679295094518496
915,582,1497,0.11684653905937761
916,584,1500,0.11688598677419464
920,588,1508,0.11692084025141039
915,593,1508,0.116944640268988
906,594,1500,0.11697998609672106
906,593,1499,0.1170339299698629
894,601,1495,0.11708461997001471
897,608,1505,0.11715972669203038
901,602,1503,0.11722205625637364
900,613,1513,0.11727073753794479
902,600,1502,0.117317528560014
905,601,1506,0.11735669539981827
910,601,1511,0.11738644154654806
900,606,1506,0.11740127265476355
902,598,1500,0.1174389958202398
902,601,1503,0.11746867093266741
900,611,1511,0.11749553733870216
901,610,1511,0.11752595765050643
897,614,1511,0.11755330269819232
894,609,1503,0.1175882456270407
893,608,1501,0.11762763003987235
887,607,1494,0.11766841263861229
879,613,1492,0.11772018473233889
884,619,1503,0.11778671504940608
870,618,1488,0.1178377921848432
881,625,1506,0.11791790369079744
876,623,1499,0.11796701633227588
875,630,1505,0.11802497735212857
888,627,1515,0.11808102023043211
883,621,1504,0.11810161828509055
879,622,1501,0.11813510324696919
871,633,1504,0.11817611819573162
874,640,1514,0.11823286758003651
877,639,1516,0.11827885401212247
870,640,1510,0.11831459673845074
859,630,1489,0.11836274948000057
858,632,1490,0.11843338243539168
863,637,1500,0.11850192540149194
860,641,1501,0.11855355339199403
857,641,1498,0.11860988443352058
860,652,1512,0.11867069268142248
859,665,1524,0.11871998512477219
849,663,1512,0.1187681990751916
846,662,1508,0.11883760885848275
846,660,1506,0.11891062014513913
838,659,1497,0.11897944662385423
845,669,1514,0.11906341284810687
835,672,1507,0.11912476237054266
840,669,1509,0.11920521163330446
836,680,1516,0.11926700117080284
835,664,1499,0.11933399291483518
840,668,1508,0.11939924487665014
838,677,1515,0.11944853248756253
833,680,1513,0.11950006559150847
822,677,1499,0.11956175251694692
824,683,1507,0.11964513628106728
829,685,1514,0.11971588295054954
832,685,1517,0.11976912739745395
831,689,1520,0.11981159627753399
823,691,1514,0.11985336604827673
830,683,1513,0.11991235016476921
826,686,1512,0.11995200001356902
827,689,1516,0.11999818771198427
822,688,1510,0.12003966941965795
824,703,1527,0.1200881756766115
822,700,1522,0.12012906038231712
821,706,1527,0.12017271251056151
813,698,1511,0.12021658961842459
799,696,1495,0.12027647094916391
802,695,1497,0.12036514686485349
797,699,1496,0.12043908983912337
809,698,1507,0.12051955595139695
801,693,1494,0.12056551532602734
785,705,1490,0.120627449097018
794,708,1502,0.12072385320349736
788,700,1488,0.1207915888037513
797,711,1508,0.12086709843748139
810,710,1520,0.12091584013930536
792,701,1493,0.12092930200858172
795,702,1497,0.12098703511093159
797,715,1512,0.12103468792803743
796,728,1524,0.12107451366452324
791,723,1514,0.12111315190250778
782,710,1492,0.12116112090979753
783,708,1491,0.12122665016638656
789,712,1501,0.12128402028220328
794,712,1506,0.1213204376259017
794,716,1510,0.12134354197588275
795,708,1503,0.12136573893207435
803,709,1512,0.12138375048828522
790,708,1498,0.12138168453759189
788,712,1500,0.12141353300894274
797,714,1511,0.12144859759865387
795,719,1514,0.12145835766009284
786,714,1500,0.12147302063587442
789,708,1497,0.12150810506207725
794,718,1512,0.12153427354243808
788,716,1504,0.1215471016642865
791,716,1507,0.12157380221226231
787,713,1500,0.12159069408959378
790,707,1497,0.12161408478923313
798,712,1510,0.12162632636051947
802,715,1517,0.12161763632177383
797,707,1504,0.12160061776083801
789,708,1497,0.12159549059733661
780,710,1490,0.12160738890078178
797,706,1503,0.12164072120952778
804,711,1515,0.1216297657651111
802,712,1514,0.12160537373806468
806,708,1514,0.12158866849082002
791,708,1499,0.12156362353276098
794,705,1499,0.12157735126818948
798,701,1499,0.12158403250434933
803,711,1514,0.12157962847885236
797,709,1506,0.12156213856844982
798,713,1511,0.12155985790979824
794,716,1510,0.12155484039423659
803,709,1512,0.12155924819150093
794,711,1505,0.12154305575684149
793,717,1510,0.12155066528599572
786,721,1507,0.1215628033497367
781,721,1502,0.12159101406806229
788,730,1518,0.1216289804250727
786,726,1512,0.12164536348185237
781,727,1508,0.12166745770894886
779,729,1508,0.12170049201347695
775,724,1499,0.12173582825689575
771,721,1492,0.12178009336554937
770,720,1490,0.12182899194661401
753,719,1472,0.12187679278657854
756,723,1479,0.12196073803761542
752,724,1476,0.12203145038860923
759,733,1492,0.12210589901939471
762,735,1497,0.12215722098146471
765,733,1498,0.12219963267007636
773,738,1511,0.12222925815560615
770,744,1514,0.12223893447896897
768,743,1511,0.12225414981291499
753,740,1493,0.12227401393423469
765,737,1502,0.1223278879192463
762,731,1493,0.12234883895648568
762,734,1496,0.12237486950718568
766,734,1500,0.12239924562746549
768,742,1510,0.12241111879110766
763,736,1499,0.12241828538818282
762,745,1507,0.12243886686717059
769,753,1522,0.12245763581484356
771,760,1531,0.1224592762022508
764,752,1516,0.12245757194405066
750,741,1491,0.12247433706011172
748,739,1487,0.1225226801857632
751,748,1499,0.12257231404420153
754,747,1501,0.12261081642094819
757,745,1502,0.12264165365443422
753,755,1508,0.12266428514995767
753,747,1500,0.12269411067333298
753,754,1507,0.12272165177301403
757,748,1505,0.12274650439161106
761,756,1517,0.1227611655636805
756,760,1516,0.12276463606253835
761,755,1516,0.1227800899781658
744,755,1499,0.12278142904031426
743,748,1491,0.1228222253645562
757,753,1510,0.12286547566646508
757,760,1517,0.12287250903454096
753,764,1517,0.12288066645115031
740,762,1502,0.12289829442621894
730,769,1499,0.12294648073709973
731,784,1515,0.12301476117253633
731,782,1513,0.12307702832691919
717,782,1499,0.12313594490713564
724,765,1489,0.12322459770550193
724,761,1485,0.12329126336390357
716,775,1491,0.12335309487418283
715,785,1500,0.12343068737728398
706,789,1495,0.12350553860725176
717,798,1515,0.12359714472983839
710,804,1514,0.12365945925316868
703,808,1511,0.12373533704966377
691,807,1498,0.12382325001011676
687,813,1500,0.12393580609846079
688,811,1499,0.12405090623828777
686,826,1512,0.12415737078832273
686,823,1509,0.12426124692805321
688,817,1505,0.12435793382430445
681,811,1492,0.12444290150564459
679,821,1500,0.12453872468316934
682,831,1513,0.12463411985011291
683,823,1506,0.12471622712286262
681,828,1509,0.12479124383405228
686,831,1517,0.12486645789848855
687,822,1509,0.12492438716402984
678,825,1503,0.12497279165224202
673,826,1499,0.12504092747663326
676,829,1505,0.12511612834327887
677,830,1507,0.1251776542481012
673,829,1502,0.12523120686763034
674,832,1506,0.12528957282036143
674,828,1502,0.12534308941546538
671,830,1501,0.12539178811889073
661,826,1487,0.1254454864639079
660,822,1482,0.1255197116069934
646,829,1475,0.12559119196882565
650,826,1476,0.12569293137442614
656,835,1491,0.12577688363219655
665,832,1497,0.12584073438621668
656,839,1495,0.1258781858545172
658,850,1508,0.12593557518382836
659,854,1513,0.1259853669435609
662,847,1509,0.12602953585036394
658,849,1507,0.12606669784039706
659,845,1504,0.1261124895969515
653,844,1497,0.12615121440894866
652,848,1500,0.12620112773965986
654,858,1512,0.1262515941919942
650,865,1515,0.12629471560235714
645,862,1507,0.12634388692947757
639,859,1498,0.12640212622164915
644,866,1510,0.12647090294874908
645,874,1519,0.12652180425503345
638,873,1511,0.12656802069585255
635,873,1508,0.12662903236207945
636,867,1503,0.1266931393522627
639,862,1501,0.12675129146115455
646,862,1508,0.12680009882757481
647,863,1510,0.12682822160140295
639,866,1505,0.12685324322115105
640,883,1523,0.1268967223371337
639,878,1517,0.12693538304302426
639,879,1518,0.1269759508648863
628,887,1515,0.12701697968793735
626,896,1522,0.12708190860466995
627,890,1517,0.1271455456717573
627,884,1511,0.1272037678233831
630,886,1516,0.12725842943171023
620,882,1502,0.12730273590652852
616,885,1501,0.12737145867802843
619,891,1510,0.12744539057838541
609,891,1500,0.12750534881477565
615,898,1513,0.12758755590383583
605,904,1509,0.12764851610576972
606,896,1502,0.1277272675977995
604,898,1502,0.12779989796281022
605,900,1505,0.12787287662611888
604,906,1510,0.12793688951522353
606,910,1516,0.12800156689206219
606,920,1526,0.12805851794098755
603,907,1510,0.12811341046953242
595,900,1495,0.12817464441474946
591,909,1500,0.1282509862327627
591,914,1505,0.12833077264082818
593,907,1500,0.12840710006182524
595,909,1504,0.12847229805395707
589,911,1500,0.128528344865544
591,920,1511,0.12859575070774137
590,930,1520,0.12865530968297492
587,927,1514,0.12871318371711993
591,932,1523,0.12877408143422744
589,931,1520,0.12882195043597086
588,927,1515,0.12887408155371832
590,929,1519,0.1289254259670104
584,932,1516,0.1289667631074291
579,941,1520,0.12901898997959674
578,927,1505,0.12908168578938406
576,934,1510,0.12914076059838153
580,925,1505,0.12920164375412438
581,919,1500,0.1292465840901934
582,930,1512,0.1292860608343168
575,935,1510,0.12932092907737158
580,933,1513,0.129368414335122
577,930,1507,0.1294023553476861
576,946,1522,0.12944274537493652
579,936,1515,0.12948262433397517
575,928,1503,0.1295124351055847
559,930,1489,0.12955152799278205
566,933,1499,0.1296268877242979
558,931,1489,0.12967850577565365
564,936,1500,0.12974801806477257
565,946,1511,0.12979864918652387
567,952,1519,0.12984192395329885
560,950,1510,0.12987822551508107
566,949,1515,0.1299284189111176
565,955,1520,0.12996088884634005
573,955,1528,0.12999553274127273
567,941,1508,0.13000763255874592
557,948,1505,0.13003423981201806
564,950,1514,0.13008182117636738
562,953,1515,0.1301092847984868
566,953,1519,0.13014340093208707
561,959,1520,0.13016369738515696
560,951,1511,0.13019447820016275
558,962,1520,0.13022576116401513
557,962,1519,0.1302587867429077
561,956,1517,0.13029213221430777
562,961,1523,0.13031416256714437
564,963,1527,0.1303332975465441
556,954,1510,0.1303459874421676
557,948,1505,0.130378813398398
556,955,1511,0.13040577714055726
555,955,1510,0.13043498749258123
559,950,1509,0.13046296833603388
559,962,1521,0.13047870970147743
560,965,1525,0.13049304991669253
567,972,1539,0.13050343824536106
556,966,1522,0.1304997584528963
545,957,1502,0.13052450957632325
546,951,1497,0.13057376837393683
547,950,1497,0.13061788637198715
553,951,1504,0.13065772372674608
546,952,1498,0.13068046502450983
544,964,1508,0.13071854975922015
547,965,1512,0.13075794502537424
561,961,1522,0.13078727021027142
548,970,1518,0.13077942115492272
553,968,1521,0.13080599934283185
556,976,1532,0.1308168015612566
553,977,1530,0.13081909385573792
555,961,1516,0.13082989654126412
559,960,1519,0.13083481785485382
560,958,1518,0.1308303188341394
553,957,1510,0.13082536230099492
551,957,1508,0.13083963376346794
542,966,1508,0.1308562489510399
540,967,1507,0.13089042078599789
535,952,1487,0.1309278491251319
537,958,1495,0.13097590967348796
526,964,1490,0.13101606532394017
520,975,1495,0.13108170688712723
521,983,1504,0.1311576740298289
519,964,1483,0.13122542175372945
511,965,1476,0.13129274272330463
504,968,1472,0.1313761293275449
516,973,1489,0.13147209442497304
521,971,1492,0.13153001958465574
522,968,1490,0.13157192283614574
525,985,1510,0.1316065502604633
526,982,1508,0.1316328227526619
538,970,1508,0.1316530663655543
544,967,1511,0.1316432424417868
535,966,1501,0.1316189384058203
544,967,1511,0.13161880024328212
542,966,1508,0.13159560598514783
542,969,1511,0.13158070650016174
543,966,1509,0.1315660304317225
535,978,1513,0.1315499308454927
530,976,1506,0.13155516319667407
536,985,1521,0.13157221848469247
537,990,1527,0.13157455232021273
536,979,1515,0.13157518034046967
529,985,1514,0.13158058851898405
521,985,1506,0.1316021976654618
527,977,1504,0.1316437920642725
527,981,1508,0.13166725438031646
522,994,1516,0.1316875933979543
528,997,1525,0.13171956491072417
521,995,1516,0.13173561932610375
528,988,1516,0.13176624355221558
525,1000,1525,0.1317765334585041
531,994,1525,0.13179277723862953
532,998,1530,0.13179438202643243
530,980,1510,0.13179484786327136
531,977,1508,0.13179905367886147
529,976,1505,0.13180106615193657
539,978,1517,0.13180681742466024
535,967,1502,0.13178882434085268
537,974,1511,0.13178015351182967
536,983,1519,0.13176631611332879
529,969,1498,0.13175752837110596
524,969,1493,0.13176630041883478
532,980,1512,0.1317880667361856
533,987,1520,0.13178871591722288
544,980,1524,0.13178603572609454
533,985,1518,0.1317566647585146
531,980,1511,0.13175649467180062
532,976,1508,0.13176149937080273
531,976,1507,0.13176332800020588
527,992,1519,0.1317672981128462
534,978,1512,0.1317829376973371
531,980,1511,0.13178067285385414
525,969,1494,0.1317851788832526
521,966,1487,0.13180361487703893
522,967,1489,0.1318303449778642
526,977,1503,0.13185253820619514
519,981,1500,0.13186532632211698
514,984,1498,0.1318954533616651
512,995,1507,0.13193633733166465
517,986,1503,0.13197769089654007
519,987,1506,0.13200426629025944
517,988,1505,0.13202411118516302
516,995,1511,0.1320484032834569
508,993,1501,0.1320737338332156
506,992,1498,0.1321178517453484
503,994,1497,0.13216213429742285
504,1002,1506,0.13221118158230744
505,1002,1507,0.1322521175842791
502,1005,1507,0.13228656327225116
505,998,1503,0.13232557750529925
503,992,1495,0.13235504002545379
500,1002,1502,0.1323889392210069
507,998,1505,0.13242801043453312
503,1003,1506,0.1324465472341451
502,994,1496,0.1324752287900166
497,1005,1502,0.13250408542026387
498,1018,1516,0.13254468814592374
496,1013,1509,0.13257906182750465
505,1019,1524,0.1326149302521824
499,1016,1515,0.13262546685011226
493,1018,1511,0.13265125398578573
491,1019,1510,0.13269069316841514
485,1023,1508,0.1327325684483163
477,1034,1511,0.13278760955616992
479,1044,1523,0.13285821373197618
476,1033,1509,0.13291617795622301
477,1035,1512,0.13297713780601872
484,1032,1516,0.13303210231295343
490,1033,1523,0.13306506930978576
489,1033,1522,0.13308201092291314
481,1043,1524,0.13309909212498183
482,1031,1513,0.13313412411333003
480,1041,1521,0.13316672471201257
483,1042,1525,0.1332027745484663
483,1033,1516,0.13322911846880375
481,1032,1513,0.1332531840891073
481,1021,1502,0.13327943599821318
483,1022,1505,0.13330366506366326
476,1037,1513,0.13332213777365529
482,1036,1518,0.13335613765881874
477,1038,1515,0.1333724462730025
474,1043,1517,0.1334013568061236
468,1049,1517,0.13343706253149615
460,1061,1521,0.13348491913420873
460,1054,1514,0.13355048723969457
459,1059,1518,0.13361279040524365
460,1053,1513,0.1336726263077784
456,1047,1503,0.13372555094987124
451,1057,1508,0.13378476879790388
457,1065,1522,0.13385120988524166
467,1063,1530,0.1338993209926973
469,1052,1521,0.13392073275508284
466,1043,1509,0.13393580239778277
464,1057,1521,0.13395812539801522
466,1065,1531,0.1339856987353395
471,1047,1518,0.13400660565318048
470,1046,1516,0.13401428230668483
464,1049,1513,0.13402281954951328
463,1047,1510,0.1340470045598662
461,1046,1507,0.13407237816045714
461,1043,1504,0.1341010441890215
471,1054,1525,0.1341271967140837
462,1050,1512,0.1341265807468937
465,1053,1518,0.13415111063059992
466,1050,1516,0.13416638969211217
466,1047,1513,0.1341780014680326
467,1035,1502,0.13419097027419719
468,1042,1510,0.13419847579947058
471,1045,1516,0.13420345298572045
459,1046,1505,0.13420068635612456
457,1051,1508,0.134228783669659
450,1053,1503,0.1342583697449412
457,1041,1498,0.13430475308466971
452,1061,1513,0.1343297945108031
454,1060,1514,0.1343674673065413
456,1062,1518,0.13439641452808282
446,1065,1511,0.13441844097168348
454,1055,1509,0.13446287949429117
453,1054,1507,0.13448270972160567
449,1051,1500,0.134507527857252
450,1055,1505,0.1345415947191409
455,1051,1506,0.13457063746006676
453,1045,1498,0.13458690958433947
450,1048,1498,0.13460645318368225
449,1060,1509,0.13463231416433574
459,1068,1527,0.13465856533884615
457,1064,1521,0.13465801635331157
456,1049,1505,0.1346648872850177
455,1054,1509,0.13467367553846502
451,1051,1502,0.13468465155065215
444,1054,1498,0.1347049731101808
442,1047,1489,0.13474209649522975
440,1045,1485,0.13478380424932918
438,1052,1490,0.13482785895389038
438,1054,1492,0.13487487671718185
445,1066,1511,0.13491642727506986
445,1066,1511,0.13493641268423545
444,1066,1510,0.13495654808292945
444,1067,1511,0.1349776242449614
451,1064,1515,0.1349967014709881
446,1062,1508,0.13499730642460087
439,1067,1506,0.13501171414468238
434,1066,1500,0.13504390727523474
433,1066,1499,0.13508657919946604
434,1063,1497,0.13512893392141204
436,1070,1506,0.13516558498906245
441,1055,1496,0.13519302857131574
438,1055,1493,0.13520433126947348
445,1060,1505,0.1352219533958532
436,1061,1497,0.13522318429770241
437,1065,1502,0.13524786396746752
444,1057,1501,0.13526711820988166
440,1068,1508,0.13526729776396207
439,1074,1513,0.13527833469469455
438,1074,1512,0.13529067832395714
441,1080,1521,0.1353046111992189
447,1073,1520,0.13531090722442
443,1073,1516,0.135304821029445
436,1072,1508,0.1353093300638192
443,1073,1516,0.13533109752835493
442,1069,1511,0.13533465646970272
437,1075,1512,0.1353420034771618
433,1074,1507,0.13536108031100838
434,1073,1507,0.13538794527330233
424,1070,1494,0.1354086381063515
424,1080,1504,0.13545425321163868
415,1073,1488,0.13549724865447613
415,1077,1492,0.1355618339725193
418,1083,1501,0.13562388635867317
422,1095,1517,0.13567450226641503
420,1083,1503,0.1357116525054506
424,1082,1506,0.1357521706553145
423,1078,1501,0.1357798997562998
426,1095,1521,0.13580956967604024
428,1098,1526,0.1358290906827291
429,1083,1512,0.13584280127070458
430,1084,1514,0.13585201009442602
427,1084,1511,0.13585652454517796
420,1093,1513,0.1358671763343654
421,1088,1509,0.13589463238069283
419,1088,1507,0.13591918919172316
421,1086,1507,0.13594665465798642
424,1091,1515,0.1359676412435424
426,1092,1518,0.13597885166011048
430,1085,1515,0.1359835582488504
426,1070,1496,0.1359771287899193
424,1084,1508,0.1359814327318996
425,1086,1511,0.13599359123650065
420,1085,1505,0.13600397603881867
415,1093,1508,0.13602674728262193
415,1099,1514,0.13606130428968466
412,1100,1512,0.13609341193256108
416,1104,1520,0.13613249568549027
414,1106,1520,0.13615912372901331
413,1108,1521,0.13618911866080272
414,1107,1521,0.1362206169418558
414,1096,1510,0.1362472488024443
417,1103,1520,0.13627052864426836
412,1103,1515,0.1362827962308255
404,1101,1505,0.1363064090903898
404,1106,1510,0.13634832132442848
404,1104,1508,0.13638662494709494
403,1087,1490,0.13642259513239283
405,1093,1498,0.13646087555008
409,1089,1498,0.1364914252050206
411,1080,1491,0.13650789904555663
410,1094,1504,0.13651870891868448
416,1105,1521,0.13653108702551595
414,1104,1518,0.13652757931558032
419,1103,1522,0.13653074584119973
418,1098,1516,0.13652024177748576
418,1104,1522,0.13651211550060505
413,1093,1506,0.13650472001596137
409,1103,1512,0.13651020345343204
405,1106,1511,0.13652804014870842
402,1104,1506,0.13655553939599094
407,1107,1514,0.1365891216236709
406,1100,1506,0.13660712762785082
408,1094,1502,0.13662510647429593
407,1099,1506,0.13663663821232327
411,1104,1515,0.1366491086308043
411,1104,1515,0.13664906022430376
409,1098,1507,0.1366501692399911
408,1098,1506,0.13665700430132388
403,1100,1503,0.1366660599656756
404,1097,1501,0.1366872186243672
400,1093,1493,0.13670543492622778
391,1098,1489,0.13672960351166974
391,1091,1482,0.13677539171163772
401,1104,1505,0.13681623958416814
407,1087,1494,0.13682873216087102
400,1099,1499,0.13682633893395466
397,1102,1499,0.1368435032523589
404,1110,1514,0.13686938204030533
397,1114,1511,0.1368744272682316
405,1109,1514,0.13689802257630013
403,1108,1511,0.1368998142662513
401,1099,1500,0.13690571455057537
409,1111,1520,0.1369167557650013
401,1114,1515,0.13690673328543593
396,1116,1512,0.13691891053048677
396,1116,1512,0.1369433597106756
394,1117,1511,0.13696564637637357
391,1126,1517,0.1369916209379229
390,1129,1519,0.13702198090202092
388,1135,1523,0.13705355075650813
389,1118,1507,0.13708874386150263
394,1115,1509,0.13711997162389747
391,1123,1514,0.13713802688269758
387,1121,1508,0.1371593816919386
392,1116,1508,0.13719059061896643
389,1117,1506,0.13720752648860585
383,1131,1514,0.13723057664276567
390,1129,1519,0.1372668499849501
384,1129,1513,0.1372822647307161
383,1130,1513,0.1373115155732031
387,1128,1515,0.13734112012939467
380,1125,1505,0.13735960149620877
382,1114,1496,0.1373917006386995
384,1122,1506,0.13741835643620093
388,1128,1516,0.1374381986121954
387,1134,1521,0.13744861847275286
386,1133,1519,0.13746169876432968
383,1143,1526,0.13747543376124502
371,1139,1510,0.1374988814955068
372,1140,1512,0.13755207812295545
378,1137,1515,0.13760045621352657
377,1144,1521,0.13762951898203318
372,1153,1525,0.13765896223764518
370,1151,1521,0.13770027649821262
370,1136,1506,0.13774437754408586
374,1140,1514,0.13778532302150187
382,1150,1532,0.1378120958252907
380,1154,1534,0.13781691342475966
377,1146,1523,0.13782782169366903
370,1140,1510,0.1378462792821862
374,1157,1531,0.13788125340099874
376,1156,1532,0.13790239387975875
374,1145,1519,0.13791738214963223
376,1143,1519,0.13793574107269718
373,1131,1504,0.13794765128958716
372,1131,1503,0.13796705491411962
372,1143,1515,0.13798786643884148
374,1149,1523,0.1380076924234616
379,1152,1531,0.13802170646462322
379,1145,1524,0.1380228224034337
378,1137,1515,0.13802467569877827
372,1152,1524,0.13802920018868042
366,1148,1514,0.13804802178233186
368,1148,1516,0.138080616720796
367,1142,1509,0.1381051778978664
370,1143,1513,0.13813140103713265
374,1134,1508,0.138148412205646
373,1133,1506,0.1381539771679
373,1138,1511,0.1381625891219349
377,1146,1523,0.13817135831247182
375,1155,1530,0.13816820686910866
376,1149,1525,0.13817104245873504
376,1139,1515,0.13817083104779002
371,1155,1526,0.1381710123317398
371,1144,1515,0.13818411180332055
368,1139,1507,0.13819683842536215
365,1138,1503,0.13821766207853156
369,1137,1506,0.1382448632727053
365,1132,1497,0.1382582724588232
361,1138,1499,0.13828141020826204
363,1126,1489,0.13831444548489583
362,1128,1490,0.13834057259146626
367,1121,1488,0.1383666921058814
367,1143,1510,0.13837817511260705
362,1127,1489,0.13838844612458653
362,1131,1493,0.13841125023589324
357,1136,1493,0.13843302390599543
356,1144,1500,0.13846778893435097
363,1147,1510,0.13850267945774275
363,1159,1522,0.1385189275777231
371,1155,1526,0.1385344518053634
366,1154,1520,0.13852881904662553
363,1149,1512,0.13853706610507424
357,1149,1506,0.13855390454890476
353,1153,1506,0.1385846684524451
345,1165,1510,0.13862251574077233
336,1165,1501,0.13867673163615254
336,1159,1495,0.1387497995349172
342,1159,1501,0.1388184681142449
343,1171,1514,0.13886938283876366
342,1182,1524,0.13891399164029392
345,1173,1518,0.13895782087786
339,1168,1507,0.13899047004904205
348,1161,1509,0.1390351719258965
342,1168,1510,0.13905343474032714
344,1167,1511,0.1390853528623087
338,1166,1504,0.13911003352171686
340,1177,1517,0.13914812201600507
342,1173,1515,0.1391788770392684
336,1177,1513,0.139203120172877
336,1175,1511,0.13924059588289972
343,1167,1510,0.13927542376281934
343,1174,1517,0.13928968185409935
340,1174,1514,0.13930356198890625
342,1181,1523,0.13932413771858182
339,1184,1523,0.1393386958492185
337,1178,1515,0.13935957359125817
330,1181,1511,0.13938519824803783
332,1177,1509,0.1394269086492242
333,1179,1512,0.1394609717189094
328,1176,1504,0.13948966522444872
327,1190,1517,0.13952924742733203
329,1193,1522,0.13956786104584146
330,1196,1526,0.13959871633031662
331,1186,1517,0.13962359107229397
323,1175,1498,0.13964584674574854
324,1170,1494,0.1396877391971442
326,1172,1498,0.13972329581527
323,1183,1506,0.13974956814470768
326,1178,1504,0.1397841492771661
327,1194,1521,0.1398089924274168
321,1190,1511,0.13982924232122712
316,1201,1517,0.1398613034236191
318,1190,1508,0.1399028577809376
320,1182,1502,0.13993629988759182
316,1190,1506,0.13996195869109304
321,1195,1516,0.1399972279818045
317,1202,1519,0.14001710989962068
326,1192,1518,0.1400450405877374
330,1183,1513,0.14004692620371298
333,1192,1525,0.1400390905522404
337,1189,1526,0.1400244270145941
335,1182,1517,0.14000145854977986
329,1175,1504,0.139985759744984
333,1187,1520,0.1399859793210578
325,1183,1508,0.13997591737697868
327,1192,1519,0.13998677174742497
329,1186,1515,0.13999129941708355
329,1171,1500,0.13998970514262507
328,1175,1503,0.1399891682619436
328,1181,1509,0.1399916505188534
324,1176,1500,0.13999359083524346
330,1178,1508,0.14000643099590818
331,1188,1519,0.14000279160584136
335,1197,1532,0.1399960503542287
333,1189,1522,0.13998031426641866
336,1191,1527,0.13997076173875178
333,1180,1513,0.13995370733076531
333,1184,1517,0.13994608682641269
329,1179,1508,0.13993880329101002
330,1182,1512,0.13994264507536966
334,1182,1516,0.1399427032936157
332,1178,1510,0.1399321167489081
330,1181,1511,0.13992752705761535
327,1192,1519,0.1399290754232836
325,1179,1504,0.13993880319031327
320,1183,1503,0.13995187935827985
323,1184,1507,0.13997543626454484
320,1174,1494,0.1399893250162583
321,1175,1496,0.14000967264379605
317,1178,1495,0.14002641992056966
322,1189,1511,0.14005192201720154
321,1183,1504,0.14006403981235438
319,1187,1506,0.1400794836027929
321,1184,1505,0.1400988933709075
330,1182,1512,0.14011060637143463
328,1180,1508,0.140097596155928
328,1182,1510,0.14009195206117783
327,1198,1525,0.14008629994393793
325,1195,1520,0.14008322989738958
324,1186,1510,0.14008584169913652
317,1192,1509,0.14009097460128075
318,1199,1517,0.14011278323889242
316,1210,1526,0.1401302693055247
310,1210,1520,0.14015150196721357
312,1205,1517,0.14018756888762135
310,1193,1503,0.14021484701980552
318,1192,1510,0.14024490678443058
317,1197,1514,0.14025312584843788
321,1193,1514,0.1402627188341858
316,1188,1504,0.1402615952064118
311,1179,1490,0.14027263488401187
316,1196,1512,0.14029576822196813
315,1203,1518,0.14030612737050688
318,1198,1516,0.14031820822287128
320,1201,1521,0.1403225552580605
320,1201,1521,0.14032221779769485
320,1196,1516,0.1403230813229949
323,1197,1520,0.14032362371551124
322,1201,1523,0.14031680644329034
310,1215,1525,0.14031471607867843
306,1222,1528,0.1403439758813742
312,1218,1530,0.14037999635119003
306,1222,1528,0.1403967873478831
303,1213,1516,0.14042772063111528
303,1214,1517,0.140466234620385
297,1214,1511,0.14050278877723954
301,1211,1512,0.140553405319283
303,1197,1500,0.14058939468923126
302,1207,1509,0.14061824102301249
303,1213,1516,0.14064863399497232
302,1204,1506,0.14067511895473386
299,1202,1501,0.14070243169310803
302,1204,1506,0.14073401022000948
301,1207,1508,0.14075641926548121
301,1213,1514,0.14077871831172492
308,1213,1521,0.14080116293031508
301,1216,1517,0.1408046663437702
299,1229,1528,0.14082635752852377
292,1215,1507,0.14085176105899022
289,1224,1513,0.14089282160786937
290,1233,1523,0.14093947557085107
297,1217,1514,0.1409802053628087
298,1222,1520,0.14100095288015926
297,1210,1507,0.14101769571076375
296,1207,1503,0.14103564161186713
295,1211,1506,0.14105403062635596
294,1233,1527,0.1410733898730405
294,1233,1527,0.14109302176827687
292,1246,1538,0.14111216112873667
291,1242,1533,0.14113453882288654
290,1240,1530,0.14115801102182254
293,1227,1520,0.14118299320043495
292,1225,1517,0.14119863020931486
292,1218,1510,0.14121588424827622
290,1213,1503,0.14123310831297642
289,1211,1500,0.14125476419821417
286,1205,1491,0.1412772421815716
285,1210,1495,0.14130467844687025
289,1206,1495,0.1413327045480869
284,1204,1488,0.1413502968206008
289,1213,1502,0.14137906761326507
287,1210,1497,0.14139385080092212
283,1221,1504,0.14141235170563232
287,1220,1507,0.14144036981556907
283,1229,1512,0.14145393898539127
285,1220,1505,0.1414770017002041
288,1219,1507,0.14149310744662633
285,1221,1506,0.14150164808165452
290,1223,1513,0.1415169726462006
287,1226,1513,0.1415189833950461
289,1225,1514,0.14152728502475478
284,1232,1516,0.14152872150455537
281,1232,1513,0.14154140992136302
283,1228,1511,0.14156185813193387
283,1239,1522,0.14157612527591074
286,1237,1523,0.14159027310808794
287,1238,1525,0.14159698905718165
285,1230,1515,0.1416008603045885
281,1234,1515,0.14161012869268924
277,1234,1511,0.1416285751273065
270,1221,1491,0.1416587960506764
270,1221,1491,0.14170527176711473
270,1220,1490,0.1417483963209036
268,1236,1504,0.14178880477008865
263,1230,1493,0.14183004441174046
265,1235,1500,0.14188170896552812
277,1243,1520,0.1419227516336186
274,1250,1524,0.14193096618795686
281,1228,1509,0.141947038014812
278,1223,1501,0.14194355086988
274,1231,1505,0.14194895080222508
277,1217,1494,0.1419631602997638
280,1230,1510,0.14196896209806054
275,1218,1493,0.14196615639342738
279,1220,1499,0.1419768589402296
285,1217,1502,0.14197704013354584
283,1221,1504,0.14196190484746274
289,1232,1521,0.1419545300855072
285,1234,1519,0.14193132344079662
280,1239,1519,0.14191980792750905
277,1229,1506,0.14192189185493295
277,1236,1513,0.14193193177389002
283,1232,1515,0.14194166025179536
285,1224,1509,0.14193457957194028
281,1234,1515,0.14192195209015385
283,1229,1512,0.14192058256460008
285,1240,1525,0.14191416881126034
282,1232,1514,0.14190269580600476
276,1229,1505,0.14189869914504197
274,1218,1492,0.1419111205418924
272,1221,1493,0.14192907714339087
266,1234,1500,0.14195144167061977
257,1241,1498,0.14198785081681609
260,1244,1504,0.14204522388712226
260,1228,1488,0.1420916143997429
261,1240,1501,0.1421345947854344
264,1238,1502,0.14217272166416955
263,1246,1509,0.14220042227153798
264,1238,1502,0.1422281540856832
260,1249,1509,0.14225031320896858
256,1240,1496,0.14228149761882647
257,1251,1508,0.1423207650565296
254,1248,1502,0.14235541014047212
261,1240,1501,0.14239562126941915
266,1241,1507,0.1424144413720527
264,1242,1506,0.1424201521751383
263,1244,1507,0.1424309201250511
259,1256,1515,0.1424442279866508
255,1263,1518,0.14246729014255036
253,1257,1510,0.14249994101668442
254,1262,1516,0.1425365287351027
251,1252,1503,0.14256786345348765
251,1260,1511,0.1426046026162393
250,1262,1512,0.14264072357555255
248,1264,1512,0.14267667007344567
247,1265,1512,0.14271479061674272
248,1282,1530,0.14275253653504674
249,1280,1529,0.14278539520852765
250,1257,1507,0.14281332295098959
249,1270,1519,0.14283685199051746
251,1269,1520,0.1428603731024484
247,1268,1515,0.14287900292107847
249,1262,1511,0.14290514484408304
249,1249,1498,0.1429233371967087
251,1264,1515,0.14294058748305194
249,1259,1508,0.14295070638891164
252,1263,1515,0.14296619382933173
251,1253,1504,0.14297280097073314
250,1251,1501,0.14298263680598752
251,1251,1502,0.14299547086948972
250,1265,1515,0.14300607432466741
247,1267,1514,0.14301882958761147
239,1265,1504,0.14303925799296588
240,1267,1507,0.14307963687105352
236,1267,1503,0.14311438855380906
236,1275,1511,0.14315679653079727
237,1275,1512,0.14319698877238213
241,1278,1519,0.14323129551433383
238,1281,1519,0.14325368044666165
235,1285,1520,0.14328263841453337
236,1275,1511,0.14331821369821326
234,1277,1511,0.14334845635312093
244,1265,1509,0.14338197523092108
243,1280,1523,0.1433880017337993
239,1270,1509,0.1433966976711911
237,1276,1513,0.1434162594871059
235,1286,1521,0.1434400837574123
235,1282,1517,0.14346689115225972
240,1269,1509,0.14349203454730566
237,1290,1527,0.14350282700355102
239,1290,1529,0.14352193823336115
234,1272,1506,0.1435344767663241
233,1274,1507,0.14355995890845005
233,1283,1516,0.14358577291478303
231,1278,1509,0.14360966668972994
228,1289,1517,0.14363747628361723
227,1283,1510,0.143672019069352
229,1282,1511,0.14370656031488444
233,1284,1517,0.14373318693980136
226,1286,1512,0.1437487650122767
224,1289,1513,0.14378054464851064
227,1292,1519,0.14381537357183183
227,1295,1522,0.14384102489382647
226,1286,1512,0.14386513541427207
225,1283,1508,0.14389019011980303
225,1276,1501,0.14391731948007983
228,1280,1508,0.14394270408529167
228,1291,1519,0.1439593234040131
226,1275,1501,0.1439750310751642
229,1271,1500,0.14399500569036497
230,1280,1510,0.14400624465896583
233,1288,1521,0.1440131472846341
230,1289,1519,0.14401191570506966
228,1293,1521,0.1440199609723395
229,1299,1528,0.14403293287820823
223,1304,1527,0.1440428629309835
224,1289,1513,0.14406808895359943
221,1297,1518,0.14408941178756096
216,1293,1509,0.14411599260653524
221,1284,1505,0.14415264749323023
219,1279,1498,0.14417458355142027
221,1292,1513,0.14420027287108295
220,1298,1518,0.14421989710400424
221,1310,1531,0.14424049293382044
219,1307,1526,0.1442574334809236
221,1307,1528,0.1442773735564886
219,1291,1510,0.14429048244033388
219,1282,1501,0.14430799053743543
225,1281,1506,0.14432448727632358
226,1280,1506,0.144324844876053
226,1294,1520,0.14432257216915878
226,1312,1538,0.1443209495786667
226,1312,1538,0.1443199288412265
222,1297,1519,0.14431895321339108
224,1303,1527,0.144329945817302
224,1295,1519,0.14433456698668723
225,1294,1519,0.1443390925837329
225,1293,1518,0.14434047902935837
226,1288,1514,0.14434168630679575
223,1297,1520,0.14434114017499164
220,1285,1505,0.14434906308222667
220,1287,1507,0.14436295542649188
220,1284,1504,0.1443762215379751
217,1296,1513,0.14438866722320118
214,1306,1520,0.14440849857061674
218,1298,1516,0.1444349630597336
213,1293,1506,0.1444490168404662
220,1296,1516,0.14447597583164795
219,1309,1528,0.14448087202645904
215,1312,1527,0.14448710447021074
208,1295,1503,0.14450259361577064
204,1304,1508,0.1445353936199391
204,1302,1506,0.14457711707138843
209,1302,1511,0.14461596533350615
207,1318,1525,0.14463987735864559
201,1332,1533,0.14466762172932487
203,1319,1522,0.14470890399004882
203,1318,1521,0.14474175269223113
206,1319,1525,0.14477191586134647
202,1306,1508,0.14479332528851516
199,1310,1509,0.1448244678174536
201,1318,1519,0.1448616712808825
205,1313,1518,0.14488987232602565
203,1310,1513,0.14490625313132907
204,1312,1516,0.1449274533990611
204,1309,1513,0.14494522251433778
202,1327,1529,0.14496140084650566
198,1324,1522,0.14498158146041853
199,1310,1509,0.14500996102125044
197,1310,1507,0.14503321372988628
203,1306,1509,0.14505982232851353
204,1311,1515,0.14506962156323902
206,1308,1514,0.14507609872137195
202,1312,1514,0.14507690097021445
202,1313,1515,0.1450884553413093
202,1311,1513,0.14509867516498026
199,1310,1509,0.14510846699317015
199,1325,1524,0.14512526534265216
202,1331,1533,0.14514020290601856
203,1318,1521,0.14514662616974694
203,1316,1519,0.1451506581799757
200,1304,1504,0.14515368270868895
198,1318,1516,0.14516394187165094
196,1322,1518,0.1451781187071772
201,1310,1511,0.14519642230108804
203,1303,1506,0.14520027122817072
208,1302,1510,0.14519788858389437
209,1311,1520,0.14518293500228932
203,1311,1514,0.14516756432583947
205,1300,1505,0.14516818827134273
204,1299,1503,0.14516342025488022
204,1308,1512,0.14516191895372063
197,1321,1518,0.14516144650334473
200,1335,1535,0.14517984734690312
194,1316,1510,0.14518943067018353
193,1313,1506,0.14521353997928785
191,1320,1511,0.1452402661394833
186,1317,1503,0.14527100638901344
188,1318,1506,0.1453114079879363
190,1320,1510,0.14534412747203976
189,1312,1501,0.14536922775873568
187,1321,1508,0.1453951200647907
192,1314,1506,0.14542462787064026
190,1316,1506,0.14543884692140868
191,1334,1525,0.14545724940790877
194,1325,1519,0.14547204044485526
191,1323,1514,0.14547757161674926
193,1315,1508,0.14549045950202194
194,1315,1509,0.14549764979151644
196,1313,1509,0.14550218453260297
186,1308,1494,0.1455014512272705
184,1313,1497,0.14552768329548763
188,1322,1510,0.1455564331535131
190,1317,1507,0.14557267384164985
191,1307,1498,0.14558223017245403
190,1308,1498,0.14558751410032816
187,1308,1495,0.14559457636001522
187,1308,1495,0.1456093830752641
185,1313,1498,0.14562322641038644
190,1315,1505,0.14564068834617727
191,1314,1505,0.14564500185496843
190,1316,1506,0.14564610005506518
187,1318,1505,0.1456502910864356
186,1319,1505,0.14566193674661462
192,1317,1509,0.14567527921429538
192,1322,1514,0.14567209746954593
190,1325,1515,0.14566876394175018
193,1312,1505,0.14567098312257185
196,1303,1499,0.14566510707425231
196,1310,1506,0.14565167047897667
190,1309,1499,0.1456391742705347
193,1319,1512,0.14564385650099634
195,1306,1501,0.14564056689063118
192,1312,1504,0.14563176991148902
188,1321,1509,0.14563180214101354
189,1319,1508,0.1456419257994185
192,1331,1523,0.14564848566053065
192,1320,1512,0.14564680993844317
188,1317,1505,0.14564481235765733
192,1314,1506,0.1456529385472663
193,1313,1506,0.14564956303780646
184,1325,1509,0.14564318703820753
188,1326,1514,0.1456621440262921
191,1334,1525,0.14566840560985744
191,1341,1532,0.14566639305639192
188,1333,1521,0.14566485583770875
185,1326,1511,0.14567089620575832
185,1330,1515,0.145684188312936
187,1326,1513,0.14569734816095747
186,1329,1515,0.14570377602280987
183,1337,1520,0.14571240044127873
185,1334,1519,0.14572859530599266
184,1326,1510,0.1457385539396327
187,1326,1513,0.14575107137562157
185,1314,1499,0.1457538768356177
188,1324,1512,0.14576170227557966
186,1321,1507,0.14576182424124343
190,1323,1513,0.14576688052045939
190,1328,1518,0.14576120562675776
188,1317,1505,0.14575568299152816
184,1311,1495,0.14575576684940977
182,1320,1502,0.14576684297773324
185,1329,1514,0.1457825533925507
189,1342,1531,0.14578921989092136
192,1330,1522,0.14578512054090148
187,1329,1516,0.1457743920000108
186,1317,1503,0.14577751511612472
185,1302,1487,0.14578287148486782
179,1301,1480,0.14579022838300834
180,1314,1494,0.1458130417757132
182,1325,1507,0.14583294263600532
182,1308,1490,0.14584581202230443
182,1309,1491,0.14585669595153777
182,1315,1497,0.145866671119424
183,1311,1494,0.14587662761217554
181,1319,1500,0.14588359787648983
184,1322,1506,0.14589542586044163
180,1328,1508,0.14589844625123882
181,1326,1507,0.14591171508662748
179,1334,1513,0.14592235984202787
178,1334,1512,0.14593682923461634
183,1341,1524,0.14595244365725557
184,1344,1528,0.1459550756555791
185,1336,1521,0.14595497600047463
184,1330,1514,0.14595214125035594
182,1332,1514,0.1459523084805092
180,1335,1515,0.14595795435959005
180,1328,1508,0.14596879178498942
181,1321,1502,0.1459790254990388
179,1315,1494,0.14598616397774167
174,1315,1489,0.1459981044223641
174,1324,1498,0.14602282668230138
175,1325,1500,0.1460460258516331
174,1330,1504,0.14606368128990227
181,1333,1514,0.1460834512599019
177,1325,1502,0.1460846068117921
173,1335,1508,0.14609638118059579
174,1345,1519,0.14611708892274483
176,1343,1519,0.14613326101628807
177,1320,1497,0.14614219471980233
182,1332,1514,0.14614819744380236
183,1335,1518,0.1461403774615324
181,1337,1518,0.14613053904387377
180,1338,1518,0.1461272079383759
181,1330,1511,0.14612698569940638
175,1340,1515,0.1461235367696116
172,1352,1524,0.14613638028644862
174,1350,1524,0.14615638510568585
174,1349,1523,0.1461690715352804
172,1359,1531,0.14618131903015188
167,1356,1523,0.14619742937968774
166,1347,1513,0.1462260843225289
167,1352,1519,0.1462558036712734
163,1349,1512,0.1462813428443739
163,1361,1524,0.1463159929013363
162,1353,1515,0.14634893311652053
159,1353,1512,0.1463812505641778
165,1344,1509,0.14641892608241172
165,1340,1505,0.14643831942087393
163,1351,1514,0.14645649145594464
163,1339,1502,0.14647877962040984
163,1331,1494,0.14650001143999725
166,1345,1511,0.1465207960084314
162,1350,1512,0.14653275852752304
159,1351,1510,0.1465552203205935
161,1355,1516,0.1465844221534964
159,1356,1515,0.14660670281353996
154,1360,1514,0.1466313771677596
155,1348,1503,0.14666705570446523
157,1351,1508,0.1466970774049423
154,1356,1510,0.1467193742540723
152,1347,1499,0.14674848358162604
155,1352,1507,0.14678059487147846
153,1357,1510,0.14680276008954476
153,1350,1503,0.1468286886812442
156,1357,1513,0.1468531366172535
157,1357,1514,0.14686718245469277
159,1350,1509,0.14687742060838063
162,1347,1509,0.14688064771772016
160,1338,1498,0.14687590539664058
164,1353,1517,0.14687726347015548
168,1356,1524,0.14686821297622227
166,1353,1519,0.1468486166898657
167,1337,1504,0.14683617047398226
166,1342,1508,0.14682178929113252
163,1354,1517,0.14681057307581627
162,1345,1507,0.14680758490075413
164,1355,1519,0.14680751879365242
165,1357,1522,0.14680150392694913
161,1369,1530,0.14679364339847126
163,1381,1544,0.14679659937896272
161,1374,1535,0.14679461681397082
163,1365,1528,0.14679854469653655
162,1369,1531,0.1467969791196332
162,1367,1529,0.14679819440905442
161,1370,1531,0.14679934218509857
154,1360,1514,0.1468032722849876
154,1352,1506,0.14682567157703588
157,1354,1511,0.14684644129307522
156,1350,1506,0.1468576397627145
159,1351,1510,0.146870781629451
158,1361,1519,0.1468749921996328
157,1352,1509,0.14688114294102228
164,1345,1509,0.14689073321722743
163,1349,1512,0.14688084041247304
162,1346,1508,0.14687415176991414
165,1340,1505,0.14686955825135128
167,1349,1516,0.14685714112910064
167,1351,1518,0.14683980614236147
168,1346,1514,0.1468239792357886
165,1348,1513,0.14680687918557112
163,1341,1504,0.1467992137759245
161,1345,1506,0.1467978906111713
161,1361,1522,0.1468021123983893
162,1352,1514,0.14680602847970137
164,1347,1511,0.14680676359489972
162,1345,1507,0.14680190138737834
166,1348,1514,0.1468028875753333
165,1348,1513,0.14679303729034032
158,1349,1507,0.14678617980999745
165,1349,1514,0.1467971114395784
163,1337,1500,0.14678871309112063
159,1334,1493,0.1467864869681591
169,1322,1491,0.14679447226347025
167,1338,1505,0.14677524656080432
169,1349,1518,0.14676271464677776
165,1354,1519,0.1467461141323737
165,1366,1531,0.1467427375909196
165,1364,1529,0.14673941687055062
163,1357,1520,0.1467358224562914
164,1343,1507,0.14673801877854042
159,1334,1493,0.14673670671034234
161,1330,1491,0.1467499018927226
158,1340,1498,0.14675655820111402
159,1341,1500,0.14677047870671658
158,1338,1496,0.14678097513557087
158,1352,1510,0.1467920045737001
159,1355,1514,0.14680220414558168
158,1356,1514,0.14681020628413394
155,1353,1508,0.14682031931029157
157,1360,1517,0.14683704912976886
156,1351,1507,0.14684614174881147
156,1338,1494,0.14685803150136426
159,1344,1503,0.14686879592015786
154,1356,1510,0.1468706912176312
155,1346,1501,0.14688618277205692
153,1339,1492,0.14689799186605615
156,1352,1508,0.1469147755154519
153,1353,1506,0.14692227219099369
155,1355,1510,0.1469369250080657
155,1347,1502,0.1469452799103714
152,1347,1499,0.1469526857829148
154,1345,1499,0.14696679543549546
157,1350,1507,0.14697394225876567
158,1352,1510,0.14697343235406088
158,1360,1518,0.14697066021426994
159,1353,1512,0.14696812663218503
162,1355,1517,0.146962589690621
159,1359,1518,0.14694951323841726
159,1352,1511,0.14694585609749564
153,1348,1501,0.14694294408253858
157,1351,1508,0.14695716947734938
157,1343,1500,0.146958718568217
157,1346,1503,0.1469599183808603
156,1344,1500,0.14696167155818382
156,1342,1498,0.14696622326466513
155,1355,1510,0.1469713119927681
157,1344,1501,0.1469795141428814
153,1348,1501,0.14698202506825406
152,1341,1493,0.14699559539203041
155,1344,1499,0.1470112716887911
157,1356,1513,0.14701863783093397
159,1358,1517,0.14702018749105672
162,1354,1516,0.1470163777196568
156,1362,1518,0.1470051855631468
155,1358,1513,0.14701054272049555
150,1362,1512,0.14701790135578932
154,1376,1530,0.14703820267399645
156,1373,1529,0.14704692714794665
152,1366,1518,0.14704946759804927
156,1369,1525,0.14706280061352028
157,1367,1524,0.14706510911554438
158,1360,1518,0.14706464747372006
157,1349,1506,0.14706207471009503
157,1353,1510,0.14706274650733417
157,1354,1511,0.14706349286572082
158,1347,1505,0.14706440433271217
156,1370,1526,0.14706200314680273
157,1358,1515,0.14706535098543796
157,1353,1510,0.1470653694787739
152,1361,1513,0.14706526486809637
152,1358,1510,0.1470794212164933
148,1355,1503,0.14709254531378002
147,1359,1506,0.14711531639779962
147,1358,1505,0.1471395158943067
149,1367,1516,0.1471613233569198
147,1366,1513,0.14717637108992906
147,1369,1516,0.14719529595081693
150,1368,1518,0.14721299046466427
150,1374,1524,0.1472221324804149
142,1370,1512,0.14723096436129846
142,1377,1519,0.14726078779887627
142,1384,1526,0.14728823829471616
143,1384,1527,0.14731390142003392
142,1374,1516,0.1473358618759705
140,1373,1513,0.1473596040181869
139,1370,1509,0.14738649501941212
140,1388,1528,0.14741244872310613
139,1368,1507,0.14743390409589754
136,1376,1512,0.14745717453636153
137,1370,1507,0.14748636763887615
136,1387,1523,0.1475104158030138
138,1384,1522,0.14753654415975637
135,1374,1509,0.1475563581622953
139,1381,1520,0.14758218487066446
140,1370,1510,0.14759505393063868
142,1378,1520,0.14760409674620292
141,1374,1515,0.14760776952381094
138,1369,1507,0.14761361708401607
139,1363,1502,0.14762712440690753
140,1365,1505,0.14763722894949927
143,1371,1514,0.14764333139167066
141,1373,1514,0.14764017888323264
141,1383,1524,0.14764319450754237
136,1380,1516,0.14764742080351986
137,1375,1512,0.14766470428510783
139,1353,1492,0.14767814435165114
142,1359,1501,0.1476854054589346
143,1357,1500,0.14768375731075445
139,1363,1502,0.1476790776691711
134,1379,1513,0.1476855950751081
134,1382,1516,0.14770539370219282
137,1387,1524,0.14772346878820433
135,1377,1512,0.1477319104926578
136,1377,1513,0.14774462495525317
140,1369,1509,0.1477541820752567
139,1374,1513,0.14775174205743716
137,1370,1507,0.14775231955985088
133,1384,1517,0.1477581831231475
133,1377,1510,0.1477748883291484
135,1368,1503,0.14779131512784663
137,1378,1515,0.1478006901998415
136,1383,1519,0.14780414629939947
137,1378,1515,0.14780944231731868
138,1382,1520,0.14781216304804218
139,1391,1530,0.14781173353013874
137,1385,1522,0.14780825326060115
134,1379,1513,0.1478108060464858
135,1384,1519,0.14782113877226383
134,1367,1501,0.14782848512167657
131,1376,1507,0.14783817731670734
133,1378,1511,0.14785561094346886
130,1381,1511,0.14786591059843857
129,1382,1511,0.14788442100607466
129,1386,1515,0.14790457615906005
130,1377,1507,0.14792326732502015
133,1379,1512,0.14793788263020186
131,1378,1509,0.14794350443801058
132,1380,1512,0.14795403076976038
134,1386,1520,0.14796110975809343
133,1394,1527,0.14796269800120107
129,1384,1513,0.14796640034789912
129,1386,1515,0.14798227933107147
129,1384,1513,0.14799658624102308
126,1392,1518,0.14800946925745642
128,1379,1507,0.1480299507013152
127,1379,1506,0.14804331384453434
132,1384,1516,0.1480581294117128
132,1381,1513,0.14805766492107697
129,1373,1502,0.14805766448091703
130,1379,1509,0.14806561228584098
128,1366,1494,0.1480708804001852
127,1371,1498,0.14808080245256344
125,1377,1502,0.1480928132822257
129,1385,1514,0.1481093527466619
127,1388,1515,0.14811417123816073
131,1380,1511,0.14812468410362148
131,1394,1525,0.14812424971024749
128,1390,1518,0.1481239511588931
131,1377,1508,0.14813233185395866
130,1383,1513,0.14813175707513135
128,1381,1509,0.14813401834704976
129,1391,1520,0.1481416113801121
132,1395,1527,0.14814583624632857
131,1392,1523,0.14814086682792232
134,1393,1527,0.14813897757184916
134,1396,1530,0.14812982549824028
130,1387,1517,0.14812128428114638
134,1381,1515,0.14812400436517906
128,1387,1515,0.14811629416003375
130,1394,1524,0.14812530420792258
131,1383,1514,0.14812837110520619
130,1386,1516,0.14812903068510092
128,1384,1512,0.1481326230372045
129,1390,1519,0.1481413701815862
130,1391,1521,0.14814646115296315
131,1384,1515,0.14814826207656076
129,1375,1504,0.14814675708298997
129,1382,1511,0.14815023417173692
128,1384,1512,0.14815359161582958
130,1385,1515,0.1481597784205109
133,1391,1524,0.14815994728928267
131,1387,1518,0.14815204250733166
128,1390,1518,0.14814960652959067
128,1391,1519,0.14815555255257595
128,1396,1524,0.14816067455059043
128,1392,1520,0.14816564933132348
128,1391,1519,0.14817052674317988
128,1380,1508,0.14817528518897047
124,1391,1515,0.1481797136146204
122,1384,1506,0.14819393154224922
119,1391,1510,0.1482135911869493
120,1383,1503,0.14824002384149193
122,1392,1514,0.14826132635988296
118,1397,1515,0.14827590324177514
117,1399,1516,0.14830019108563897
111,1411,1522,0.14832545686007348
113,1396,1509,0.14836586842696128
116,1406,1522,0.14839752391739416
118,1392,1510,0.14841859179076683
114,1404,1518,0.1484325844223315
111,1399,1510,0.14845676378147318
109,1393,1502,0.1484875039479148
106,1399,1505,0.14852182112585674
109,1396,1505,0.1485611050377812
112,1394,1506,0.14858996222497428
110,1394,1504,0.14860867499355615
115,1396,1511,0.14863159982037416
113,1397,1510,0.14863905521745616
114,1387,1501,0.14865103091958798
111,1393,1504,0.1486598701554663
109,1405,1514,0.14867636160804618
108,1403,1511,0.14869791156711165
108,1416,1524,0.14872114795733501
108,1409,1517,0.14874243854012986
110,1414,1524,0.14876200721477612
107,1410,1517,0.14877492803859738
102,1414,1516,0.14879602719134333
101,1415,1516,0.14882975906367618
104,1415,1519,0.14886356796227226
108,1421,1529,0.14888666019529817
109,1422,1531,0.14889637092405528
106,1425,1531,0.14890285135153303
104,1425,1529,0.14891809323148408
105,1428,1533,0.14893805672583899
104,1422,1526,0.1489539735569195
106,1415,1521,0.14897173324608218
104,1414,1518,0.14898273148400015
102,1428,1530,0.14899894533638483
103,1421,1524,0.14902030586156037
105,1423,1528,0.14903672903534088
106,1416,1522,0.14904745146518245
106,1403,1509,0.14905507326579032
104,1405,1509,0.1490626872205
101,1422,1523,0.14907507617033672
99,1405,1504,0.14909483130873943
101,1412,1513,0.1491192255829087
99,1411,1510,0.14913605894959148
99,1418,1517,0.14915723731661923
97,1425,1522,0.14917631155411976
100,1428,1528,0.14919936956783422
106,1419,1525,0.1492121051863778
104,1400,1504,0.1492073107752531
104,1404,1508,0.1492081827198588
101,1409,1510,0.14920906979163923
100,1416,1516,0.14921829084059512
101,1412,1513,0.1492291368635883
101,1404,1505,0.149235878212414
103,1409,1512,0.14924179684129185
102,1412,1514,0.14924145486859358
105,1406,1511,0.14924397973047387
99,1404,1503,0.14923824695067714
94,1413,1507,0.14924965801402265
94,1419,1513,0.14927497013333446
98,1409,1507,0.14929821808191499
99,1404,1503,0.14930795748949027
100,1419,1519,0.14931421094510963
97,1420,1517,0.1493174824139773
97,1413,1510,0.14932883639103844
90,1411,1501,0.14933903408867943
89,1403,1492,0.14936867423708897
93,1399,1492,0.14939895891413918
92,1408,1500,0.14941582666453146
89,1415,1504,0.1494346341084872
91,1409,1500,0.1494610147987849
92,1429,1521,0.14947956129056372
95,1422,1517,0.14949383189284315
95,1420,1515,0.14949870302168988
88,1419,1507,0.14950284175444753
87,1422,1509,0.14952711026064677
84,1419,1503,0.14955265023316694
85,1431,1516,0.14958441664244432
87,1427,1514,0.1496115187693662
87,1426,1513,0.1496312853119294
84,1429,1513,0.14964978339211135
84,1429,1513,0.14967578722349473
79,1426,1505,0.1496997606388071
80,1422,1502,0.14973663366163883
80,1426,1506,0.14976831165042803
81,1425,1506,0.14979812604842324
83,1441,1524,0.14982336858733672
81,1446,1527,0.14984125149912497
81,1455,1536,0.14986387425046918
80,1440,1520,0.1498850907771564
78,1433,1511,0.14990791575271714
80,1447,1527,0.14993499444815034
76,1441,1517,0.1499544901204235
75,1440,1515,0.14998466295734325
75,1440,1515,0.15001573645274072
73,1433,1506,0.15004452801103013
73,1445,1518,0.150077293327477
71,1448,1519,0.15010793860364355
71,1439,1510,0.15014240852551666
65,1440,1505,0.15017448411143464
67,1431,1498,0.15022159745780653
69,1440,1509,0.1502597162871934
67,1448,1515,0.15028947928241937
68,1452,1520,0.15032276811560527
68,1463,1531,0.15035093027139343
68,1446,1514,0.15037734688819404
69,1448,1517,0.15040201490866967
67,1445,1512,0.15042223077930422
67,1441,1508,0.1504471291718176
65,1459,1524,0.15047044369040477
65,1455,1520,0.1504982444310799
66,1453,1519,0.1505242852708568
63,1457,1520,0.15054565928802674
60,1465,1525,0.15057446169766314
58,1455,1513,0.15061002894030387
57,1461,1518,0.15064920787297453
61,1468,1529,0.15068875260189846
60,1457,1517,0.1507139018886331
59,1463,1522,0.1507402836946221
59,1465,1524,0.15076806416513208
57,1462,1519,0.15079428314922733
57,1455,1512,0.15082494279227496
56,1459,1515,0.15085369567492438
54,1466,1520,0.15088373303088684
53,1473,1526,0.15091756036442075
54,1471,1525,0.15095214802552476
54,1465,1519,0.15098155364132948
53,1458,1511,0.15100895855915475
53,1458,1511,0.15103750149182374
54,1450,1504,0.1510641299545637
55,1463,1518,0.15108598914331195
56,1464,1520,0.1511035521624082
57,1466,1523,0.15111704975260437
59,1461,1520,0.15112657761814594
59,1462,1521,0.15112958062103343
58,1462,1520,0.15113255368147493
58,1450,1508,0.1511384067837855
59,1457,1516,0.15114390874369504
59,1463,1522,0.15114575690190213
60,1453,1513,0.15114746004988394
62,1452,1514,0.15114575287830243
65,1465,1530,0.1511380956282942
66,1453,1519,0.1511218588748554
65,1445,1510,0.1511037135435963
65,1443,1508,0.15108982229025933
64,1435,1499,0.15107682245013937
63,1441,1504,0.15106758842377313
62,1443,1505,0.151061800197016
62,1447,1509,0.1510592476590402
63,1430,1493,0.15105684852496204
60,1447,1507,0.15105147385686432
61,1462,1523,0.1510556871979171
59,1446,1505,0.1510566516747706
57,1447,1504,0.15106352160930797
56,1443,1499,0.15107577531552566
57,1451,1508,0.1510900235824874
56,1446,1502,0.15110039674460407
55,1444,1499,0.15111307462153678
57,1451,1508,0.15112777176908343
57,1460,1517,0.15113547888863343
56,1470,1526,0.15114265855046127
53,1472,1525,0.1511522967693377
55,1475,1530,0.15117030544513138
53,1482,1535,0.15118118513605774
54,1468,1522,0.1511972673939508
53,1468,1521,0.15120932179605773
54,1461,1515,0.1512236525921766
54,1460,1514,0.1512340374676678
52,1461,1513,0.15124374558862855
53,1464,1517,0.1512588563462544
53,1466,1519,0.15126999071765862
53,1459,1512,0.15128039511890298
52,1467,1519,0.15129016453720093
52,1457,1509,0.15130213467807796
52,1448,1500,0.151313219474614
51,1450,1501,0.1513237032207235
52,1450,1502,0.15133656158907488
51,1450,1501,0.15134550967990337
51,1455,1506,0.1513569558120523
53,1456,1509,0.15136754896926857
52,1457,1509,0.15137130053298506
52,1452,1504,0.15137785071370702
52,1444,1496,0.15138388545129142
51,1448,1499,0.15138937202586056
51,1450,1501,0.15139762309495672
49,1465,1514,0.15140534711775774
49,1473,1522,0.15141875346494205
49,1470,1519,0.15143129310883185
48,1472,1520,0.15144309248852408
45,1477,1522,0.15145720634038118
46,1484,1530,0.15147947738527828
46,1489,1535,0.15149706305284233
47,1479,1526,0.1515135218013809
49,1470,1519,0.15152586837188484
48,1451,1499,0.15153136882469778
48,1468,1516,0.15153952591799183
49,1461,1510,0.15154716084244144
50,1463,1513,0.15155130279106158
50,1464,1514,0.15155206651917613
49,1474,1523,0.1515528501522556
47,1470,1517,0.1515565196387862
46,1472,1518,0.15156586968685995
48,1478,1526,0.15157762772075686
48,1471,1519,0.15158237602438665
47,1469,1516,0.15158677673977766
47,1466,1513,0.1515939827944419
49,1473,1522,0.15160060147456933
48,1476,1524,0.1516006290903415
49,1475,1524,0.15160366882834558
48,1466,1514,0.15160349732126605
51,1463,1514,0.15160635624527155
49,1469,1518,0.15159977779518644
50,1462,1512,0.15159977216155274
51,1462,1513,0.1515968478911195
53,1463,1516,0.15159095795454358
52,1446,1498,0.15157924130869538
54,1447,1501,0.15157134960998025
56,1447,1503,0.15155785214220352
56,1462,1518,0.15153916710901655
55,1463,1518,0.1515216720807588
53,1456,1509,0.15150840000575105
52,1454,1506,0.15150203606357981
50,1457,1507,0.1514991679253809
49,1475,1524,0.15150263763690808
51,1472,1523,0.1515089224501599
51,1462,1513,0.1515087833709276
52,1457,1509,0.15150874232541853
53,1451,1504,0.15150577201015078
52,1446,1498,0.15149993327176986
52,1447,1499,0.1514974284095792
51,1456,1507,0.15149509166626737
52,1468,1520,0.15149588547854706
51,1471,1522,0.15149365482668148
49,1476,1525,0.15149465028358125
49,1467,1516,0.15150166189022216
49,1470,1519,0.15150821714381435
48,1472,1520,0.15151445909114725
49,1470,1519,0.15152334391996425
48,1468,1516,0.15152871495323583
47,1454,1501,0.15153682784515457
49,1467,1516,0.15154738266589024
50,1459,1509,0.1515510418939077
49,1462,1511,0.1515515152011961
47,1454,1501,0.15155490883463393
48,1455,1503,0.15156423263853597
48,1467,1515,0.15156976120730048
47,1466,1513,0.1515748915889686
47,1484,1531,0.15158280935850596
48,1461,1509,0.15159015075554938
48,1465,1513,0.1515939713625265
47,1472,1519,0.15159740306516145
46,1480,1526,0.1516037452472494
45,1474,1519,0.15161281157846512
46,1478,1524,0.1516243848082574
45,1473,1518,0.15163218808860596
45,1470,1515,0.1516425495926295
45,1473,1518,0.15165215065683793
46,1471,1517,0.1516611532184694
47,1466,1513,0.15166645966424405
47,1468,1515,0.15166828178698225
49,1480,1529,0.15166995906749947
48,1482,1530,0.15166536061994074
48,1494,1542,0.15166410121149362
49,1493,1542,0.15166285994594086
47,1487,1534,0.15165855093643044
47,1479,1526,0.15166063304225805
48,1474,1522,0.1516625183831139
49,1472,1521,0.15166128439838386
50,1471,1521,0.15165704961962231
51,1477,1528,0.15164997003573133
52,1469,1521,0.15164019090925523
51,1479,1530,0.15162795517747163
47,1480,1527,0.15161953346802
48,1465,1513,0.1516239781174641
47,1463,1510,0.1516250978810744
48,1458,1506,0.151629187337281
46,1459,1505,0.1516299183218326
45,1467,1512,0.15163682841598836
44,1478,1522,0.15164632991624458
45,1479,1524,0.15165829964582292
42,1477,1519,0.1516664418547494
41,1468,1509,0.15168334028764247
39,1468,1507,0.15170220858046732
39,1462,1501,0.15172601801688568
40,1474,1514,0.15174834190037959
41,1477,1518,0.15176634099391775
43,1479,1522,0.1517801845880763
41,1467,1508,0.15178694527087783
38,1462,1500,0.15179950811363357
38,1456,1494,0.15182061675078146
37,1468,1505,0.1518404388852402
37,1476,1513,0.1518621549226031
34,1463,1497,0.15188252286708143
35,1468,1503,0.15191090916946812
36,1475,1511,0.15193439639131665
34,1467,1501,0.15195333382581877
36,1473,1509,0.1519772555162882
37,1486,1523,0.15199330109763573
35,1491,1526,0.15200537058482014
35,1484,1519,0.15202299951029946
36,1484,1520,0.15203953831702757
34,1487,1521,0.15205188918070311
35,1483,1518,0.15206984487847425
35,1492,1527,0.15208351190784788
35,1489,1524,0.15209632616801172
36,1492,1528,0.15210834729148215
36,1487,1523,0.15211651481222083
36,1481,1517,0.1521241946144362
37,1476,1513,0.1521314004736284
38,1477,1515,0.1521348575263409
35,1467,1502,0.15213511359878104
36,1486,1522,0.15214482265475915
33,1481,1514,0.15215079216979777
33,1492,1525,0.1521658609604446
36,1479,1515,0.1521799857192595
37,1479,1516,0.15218385880160107
36,1479,1515,0.15218440157805938
33,1482,1515,0.15218806927953252
33,1476,1509,0.15220091007144781
34,1479,1513,0.15221295218013825
36,1492,1528,0.15222110080269252
36,1487,1523,0.15222250452401181
37,1478,1515,0.15222369614007752
37,1480,1517,0.15222164021332737
36,1478,1514,0.15221975097090212
37,1474,1511,0.15222111314557293
36,1477,1513,0.15221924355821212
35,1457,1492,0.1522206540589039
35,1461,1496,0.15222514009875632
31,1472,1503,0.15222935969735496
32,1475,1507,0.15224584507388625
30,1488,1518,0.15225816099213188
30,1491,1521,0.15227590060351498
30,1502,1532,0.15229253804555665
31,1496,1527,0.15230814238244383
30,1492,1522,0.1523195828288978
30,1482,1512,0.1523334597950101
29,1485,1514,0.1523464933126152
29,1479,1508,0.15236182218372044
30,1488,1518,0.15237617244650625
30,1492,1522,0.1523865238646548
30,1476,1506,0.15239624377829414
32,1476,1508,0.1524053636013799
31,1481,1512,0.15240756892961488
31,1492,1523,0.15241287086727479
30,1484,1514,0.1524178285502505
27,1491,1518,0.1524256064762965
27,1494,1521,0.1524423302587964
27,1487,1514,0.15245801548460686
26,1483,1509,0.1524727586930924
29,1469,1498,0.15248973728714754
29,1474,1503,0.15249622914160813
29,1477,1506,0.15250233641919966
28,1473,1501,0.1525080322119201
28,1471,1499,0.15251651597271443
29,1486,1515,0.15252449671341484
28,1475,1503,0.1525288042536362
28,1483,1511,0.15253603668591853
28,1495,1523,0.15254282901016356
28,1497,1525,0.1525492091342839
27,1492,1519,0.15255520230221822
28,1487,1515,0.15256399340646826
27,1500,1527,0.15256906581514573
28,1505,1533,0.15257698900111474
28,1489,1517,0.15258128338114121
27,1495,1522,0.15258533379587327
24,1487,1511,0.152592265059722
24,1491,1515,0.15260824223219852
23,1516,1539,0.15262329792833737
22,1515,1537,0.15264055902847695
22,1514,1536,0.15265991157624484
21,1508,1529,0.15267807842101452
22,1499,1521,0.15269828824728948
22,1502,1524,0.15271409790475246
23,1500,1523,0.1527289562727999
23,1512,1535,0.15273969326572767
23,1500,1523,0.152749809122681
23,1498,1521,0.15275933393249505
22,1484,1506,0.1527682927022599
21,1499,1520,0.15277987333863358
22,1507,1529,0.15279402057782063
21,1507,1528,0.1528040685784409
22,1508,1530,0.15281665875970593
22,1506,1528,0.15282530725021537
21,1505,1526,0.15283341845992332
21,1505,1526,0.15284426288713987
20,1511,1531,0.1528543673146857
19,1496,1515,0.15286712443941186
18,1509,1527,0.15288223288511069
19,1510,1529,0.1528995822555328
19,1508,1527,0.15291271427712855
19,1501,1520,0.15292505283031446
20,1499,1519,0.152936636788606
20,1508,1528,0.15294434642548188
20,1510,1530,0.1529515910570148
20,1513,1533,0.1529583939165116
19,1514,1533,0.15296478171244146
18,1502,1520,0.15297391716003095
18,1480,1498,0.15298567333497673
18,1490,1508,0.152996713776845
19,1502,1521,0.15300708809742272
18,1506,1524,0.15301366108410858
18,1511,1529,0.15302306042051061
18,1501,1519,0.15303189684557303
17,1496,1513,0.15304018731890395
16,1502,1518,0.1530511325866869
17,1512,1529,0.15306458080911625
17,1511,1528,0.15307401512020602
17,1507,1524,0.15308288419644014
16,1501,1517,0.1530912193283158
16,1506,1522,0.15310223215657115
15,1490,1505,0.15311257326520875
15,1496,1511,0.15312548201393109
15,1501,1516,0.15313761059564254
14,1500,1514,0.15314900951793922
14,1509,1523,0.15316306464633433
15,1499,1514,0.1531761817104969
15,1512,1527,0.153185277276385
14,1497,1511,0.15319381900653922
13,1493,1506,0.15320503607042368
14,1492,1506,0.15321876231046194
15,1500,1515,0.1532284403608546
15,1501,1516,0.15323435377196698
15,1497,1512,0.1532399084639301
16,1495,1511,0.15324513057290365
15,1504,1519,0.15324688035836365
14,1506,1520,0.15325174066194677
13,1505,1518,0.15325952751684832
12,1496,1508,0.15327007285739788
10,1494,1504,0.15328321387527508
10,1504,1514,0.15330199523880653
10,1498,1508,0.15331965281315962
10,1494,1504,0.1533362579756996
10,1490,1500,0.15335187300886968
9,1495,1504,0.1533665563522354
9,1499,1508,0.1533835900214499
9,1507,1516,0.15339960673748768
10,1503,1513,0.15341466737476175
10,1509,1519,0.15342562946025473
9,1501,1510,0.15343594630350205
9,1510,1519,0.15344885077703985
9,1509,1518,0.15346098201975966
10,1518,1528,0.15347238894819895
10,1506,1516,0.15347982993224826
10,1510,1520,0.15348685759667538
11,1500,1511,0.153493486846714
9,1491,1500,0.1534965047015701
9,1496,1505,0.15350576507643976
7,1502,1509,0.15351446541894537
8,1518,1526,0.1535290310737261
8,1512,1520,0.15353950555556523
8,1493,1501,0.15354934611855423
8,1509,1517,0.15355859137370997
8,1506,1514,0.1535672789301154
8,1514,1522,0.15357544324697664
8,1506,1514,0.15358311632000757
8,1509,1517,0.15359032803681416
9,1506,1515,0.15359710637842003
8,1510,1518,0.15360031325622722
8,1505,1513,0.1536065064611152
8,1510,1518,0.1536123245329911
8,1511,1519,0.15361779319372262
8,1514,1522,0.15362293382647743
9,1506,1515,0.15362776633115097
9,1512,1521,0.15362908654393423
9,1514,1523,0.153630334677612
8,1511,1519,0.15363150980677392
7,1509,1516,0.15363583799120878
7,1506,1513,0.1536431401161016
6,1510,1516,0.15364999576340221
6,1504,1510,0.15365965579028948
6,1508,1514,0.15366873266829092
6,1502,1508,0.1536772648007407
6,1515,1521,0.15368528508574755
6,1507,1513,0.15369282443500032
6,1508,1514,0.1536999118780674
6,1503,1509,0.15370662924849457
6,1498,1504,0.15371294475284006
6,1507,1513,0.15371888326341226
6,1512,1518,0.15372446640921564
5,1508,1513,0.15372971536114702
4,1518,1522,0.15373781635519596
4,1522,1526,0.15374860857911934
4,1503,1507,0.15375876687574733
4,1494,1498,0.15376832243271157
4,1505,1509,0.1537773109740401
3,1496,1499,0.15378576612892925
3,1505,1508,0.15379691416094268
3,1512,1515,0.15380741390504502
3,1509,1512,0.15381729422744422
3,1512,1515,0.1538265904279055
3,1507,1510,0.15383533620344633
3,1501,1504,0.15384356334165816
3,1511,1514,0.1538513019155886
3,1509,1512,0.15385858040447267
3,1503,1506,0.15386542576101891
3,1514,1517,0.15387186346487755
3,1508,1511,0.15387791757700803
3,1510,1513,0.15388361079787072
2,1514,1516,0.15388896452864625
2,1509,1511,0.15389724677073244
2,1510,1512,0.15390503594055552
2,1511,1513,0.15391236132417124
2,1512,1514,0.15391925090358508
2,1519,1521,0.15392573089119915
3,1515,1518,0.15393182568134034
3,1515,1518,0.15393428761194758
2,1518,1520,0.15393660407240772
2,1525,1527,0.1539420622355364
2,1530,1532,0.15394720749828308
2,1516,1518,0.1539520396643142
2,1510,1512,0.153956579934749
2,1519,1521,0.15396084718120062
2,1502,1504,0.1539648584589547
1,1512,1513,0.1539686294759099
1,1507,1508,0.15397545262374643
1,1506,1507,0.1539818764809426
1,1506,1507,0.15398790574171645
1,1513,1514,0.15399356753232588
1,1518,1519,0.15399888619384788
1,1517,1518,0.15400388367139745
1,1529,1530,0.15400858008041546
1,1510,1511,0.15401299403716517
1,1512,1513,0.15401714286359755
1,1516,1517,0.15402104272857817
1,1514,1515,0.15402470875447277
1,1525,1526,0.15402815510315856
1,1529,1530,0.15403139504874783
1,1535,1536,0.15403444104105551
1,1529,1530,0.1540373047621827
1,1530,1531,0.15403999717769598
1,1523,1524,0.15404252858337728
1,1529,1530,0.15404490864822185
1,1515,1516,0.15404714645417886
1,1513,1514,0.1540492505330123
1,1510,1511,0.15405122890058084
1,1522,1523,0.15405308908878154
1,1514,1515,0.15405483817536336
1,1522,1523,0.15405648281178647
1,1513,1514,0.15405802924928116
1,1511,1512,0.1540594833632421
1,1507,1508,0.15406085067607916
1,1523,1524,0.15406213637863397
1,1515,1516,0.154063345350261
1,1514,1515,0.1540644821776636
1,1504,1505,0.15406555117256773
1,1520,1521,0.15406655638830893
1,1511,1512,0.154067501635404
1,1521,1522,0.15406839049617027
1,1524,1525,0.15406922633845543
0,1522,1522,0.1540700123285315
