1366,28,1394,0.1358420216977706
1397,30,1427,0.13302634189029283
1416,31,1447,0.13037083506856365
1427,32,1459,0.12789633571039935
1442,32,1474,0.1256107172157674
1436,31,1467,0.12348799945085666
1436,34,1470,0.12156922682667254
1451,35,1486,0.11982057223206613
1453,37,1490,0.11818839602997461
1462,37,1499,0.11669633221339071
1463,37,1500,0.11531518279145271
1461,37,1498,0.11405492665121156
1461,38,1499,0.11291176901264238
1464,40,1504,0.11187007453694413
1438,41,1479,0.11091423202024718
1446,45,1491,0.1101039343232203
1450,49,1499,0.10934724154462766
1459,47,1506,0.10864812718328747
1435,46,1481,0.10799103258391707
1436,47,1483,0.10744724002799692
1432,45,1477,0.10694959244965417
1427,42,1469,0.10650456300713079
1437,42,1479,0.10611006404270146
1432,42,1474,0.10572851220296858
1440,42,1482,0.10539177529580723
1468,42,1510,0.10506720435172903
1450,44,1494,0.10470946764016496
1454,45,1499,0.10442314250629078
1453,48,1501,0.10415359609575475
1453,50,1503,0.1039102947311283
1460,49,1509,0.10368875464631923
1460,48,1508,0.10347152011249705
1445,47,1492,0.10327341600658677
1449,45,1494,0.10312563977322081
1434,44,1478,0.10298248319287584
1447,43,1490,0.10288460655337209
1439,44,1483,0.10276736707393617
1436,45,1481,0.10267744450156797
1444,46,1490,0.10260225457515451
1450,45,1495,0.10251631788535377
1451,44,1495,0.10242529126918995
1446,46,1492,0.10234017342540543
1451,44,1495,0.10227349017859863
1450,44,1494,0.1022017057621977
1423,44,1467,0.10213819334992094
1442,45,1487,0.1021386714783398
1433,48,1481,0.10209848876228125
1431,51,1482,0.10208111694669643
1437,51,1488,0.1020694968153705
1437,52,1489,0.1020462569734359
1443,52,1495,0.10202489886772007
1437,53,1490,0.10199271803946046
1440,53,1493,0.1019763463599033
1435,56,1491,0.10195503121138193
1430,55,1485,0.10194645449929514
1430,55,1485,0.10194895487272389
1428,54,1482,0.10195116808044422
1441,54,1495,0.10195764443507901
1432,54,1486,0.10193563166598561
1437,52,1489,0.10193536618695509
1429,50,1479,0.10192430286712045
1418,50,1468,0.10193146914425193
1426,52,1478,0.10196120595751225
1415,53,1468,0.10197108139754035
1423,55,1478,0.10200368687191293
1425,56,1481,0.10201620990984057
1437,58,1495,0.10202356940113305
1435,58,1493,0.10200460863861523
1434,60,1494,0.10199148928894441
1419,61,1480,0.10198206682404003
1426,62,1488,0.10200541888484434
1429,60,1489,0.1020118800179979
1433,58,1491,0.10201095180634386
1431,61,1492,0.1020016904089503
1424,62,1486,0.10199766904047486
1424,59,1483,0.1020090081248189
1432,60,1492,0.10201959859736341
1421,60,1481,0.10201204152671556
1440,60,1500,0.10202843350657359
1427,60,1487,0.10200256940435004
1430,64,1494,0.10200736717555166
1422,62,1484,0.10200500620843651
1428,64,1492,0.10201993069496787
1418,65,1483,0.10202117997040754
1415,65,1480,0.10204368542236096
1435,66,1501,0.10207036671711962
1443,66,1509,0.10205182066399693
1413,66,1479,0.10201790957731934
1418,65,1483,0.10205128285942969
1433,68,1501,0.10207115805775907
1434,71,1505,0.10205700582323037
1442,69,1511,0.10204188455059017
1425,68,1493,0.10201135253362452
1421,70,1491,0.10202006537193906
1429,68,1497,0.10203688462483529
1428,68,1496,0.10203501142126623
1430,71,1501,0.10203532355647901
1421,70,1491,0.10203121277209583
1412,70,1482,0.10204713162605543
1410,74,1484,0.10208095781553649
1403,77,1480,0.10211612194161218
1406,79,1485,0.10216280039451846
1404,82,1486,0.10219979124906108
1410,84,1494,0.10223764235289849
1401,85,1486,0.102259449185724
1407,86,1493,0.10229824035297508
1398,89,1487,0.10232094835369487
1394,87,1481,0.10236101521595507
1414,87,1501,0.10240622525442591
1418,93,1511,0.10240470593616624
1413,90,1503,0.10239431607780392
1413,85,1498,0.10239573337545661
1426,88,1514,0.10239700145191544
1416,94,1510,0.1023701634326791
1406,95,1501,0.10236735867532
1405,94,1499,0.10238632738035428
1399,95,1494,0.10240579369373794
1400,95,1495,0.10243640032066705
1399,93,1492,0.10246195021571464
1401,94,1495,0.10248765559343642
1402,89,1491,0.10250685996879341
1414,87,1501,0.10252181824327238
1403,87,1490,0.10250970528794515
1425,84,1509,0.10252222450469191
1427,86,1513,0.10248679812794567
1426,86,1512,0.10245011043376571
1414,86,1500,0.10241877618162284
1422,86,1508,0.10241573746392767
1412,85,1497,0.10239545163408365
1402,89,1491,0.10239910574312575
1402,88,1490,0.10242380176671581
1415,90,1505,0.1024466050975606
1412,87,1499,0.10243927350527006
1408,89,1497,0.10243915157261446
1410,88,1498,0.10244745063606032
1404,86,1490,0.10245043234557674
1401,90,1491,0.10246621934467956
1388,94,1482,0.10248718783279913
1384,94,1478,0.10253422779862456
1389,96,1485,0.10258604910235253
1387,95,1482,0.10262259469418634
1391,95,1486,0.10266025796277073
1392,95,1487,0.10268588282318984
1393,93,1486,0.10270705117814938
1395,92,1487,0.10272440456428977
1394,91,1485,0.10273568356773978
1399,91,1490,0.10274780206176364
1394,88,1482,0.10274807925078833
1385,88,1473,0.10275903814702186
1387,94,1481,0.10278844338192665
1392,95,1487,0.10281149602156471
1394,96,1490,0.10282216301884879
1392,94,1486,0.10282760555021973
1379,95,1474,0.10283660822512232
1385,95,1480,0.10287226857699945
1386,95,1481,0.10289221880476386
1402,95,1497,0.10290863549368134
1399,96,1495,0.10288920716653793
1408,96,1504,0.10287822000928415
1411,98,1509,0.10284818802373753
1407,98,1505,0.10281435138797815
1398,101,1499,0.10279203890503723
1392,103,1495,0.10279101032220073
1378,100,1478,0.10280349286345572
1387,101,1488,0.10284486772297559
1389,100,1489,0.1028628079554807
1402,99,1501,0.10287515781775028
1403,99,1502,0.10285841912321281
1399,106,1505,0.10284119003718162
1402,111,1513,0.10283456684628298
1399,108,1507,0.10282229016855307
1397,107,1504,0.10281839587355826
1399,109,1508,0.10281948879531942
1393,108,1501,0.10281671155148003
1386,108,1494,0.10282681788513859
1385,112,1497,0.10285123932434047
1391,112,1503,0.1028761187809787
1384,117,1501,0.10288631830941243
1395,117,1512,0.10291087573371438
1390,113,1503,0.10290958534987439
1401,113,1514,0.10291883328550569
1401,111,1512,0.10290371066553568
1394,112,1506,0.10289036059672059
1376,112,1488,0.10289326866106578
1374,111,1485,0.1029350090411356
1364,111,1475,0.1029771861195216
1370,113,1483,0.10303823289719852
1351,116,1467,0.10308031877876128
1353,118,1471,0.10315943327266468
1356,121,1477,0.10322761636554208
1359,120,1479,0.10328353531051639
1355,122,1477,0.10332837562902515
1347,123,1470,0.10337749813554632
1360,125,1485,0.10343953599947056
1363,130,1493,0.1034683464028112
1366,129,1495,0.10348849235355775
1353,126,1479,0.10350044288183635
1365,123,1488,0.10353967629212406
1361,125,1486,0.10354940337215987
1357,128,1485,0.10356692570076755
1361,130,1491,0.10359159993931348
1355,130,1485,0.10360552345568003
1375,128,1503,0.10363154276911299
1370,124,1494,0.10361175904529098
1371,130,1501,0.10360440841335805
1370,127,1497,0.10359526237703687
1371,127,1498,0.10358974441599272
1361,131,1492,0.1035820951062313
1363,132,1495,0.1035975758859972
1357,137,1494,0.10360747932711557
1352,137,1489,0.10362975127741017
1342,145,1487,0.1036610992445337
1336,149,1485,0.10371185621114566
1346,151,1497,0.10377179420971264
1341,154,1495,0.10380492591607686
1354,154,1508,0.10384621841758179
1348,152,1500,0.10385597878156862
1342,150,1492,0.1038782444866257
1335,153,1488,0.10391194625585286
1350,152,1502,0.10395843733802916
1333,153,1486,0.10396835582540419
1329,153,1482,0.10401460590489758
1334,155,1489,0.1040660827844492
1333,155,1488,0.10410224472214175
1325,159,1484,0.10413760135761507
1314,160,1474,0.10418719348320213
1308,163,1471,0.10425689310309401
1314,166,1480,0.104334133023669
1310,169,1479,0.10439189853046858
1316,169,1485,0.10445379391097949
1320,171,1491,0.10449812232214416
1334,173,1507,0.10452972691947039
1339,172,1511,0.10452796315381706
1326,175,1501,0.10451566606976118
1329,172,1501,0.10453204245812422
1337,168,1505,0.10454075352862309
1317,168,1485,0.10453144868492593
1328,171,1499,0.10456695021024633
1333,171,1504,0.1045745915982329
1334,169,1503,0.10457065999738648
1332,170,1502,0.10456471105921665
1318,163,1481,0.10456362663312664
1323,167,1490,0.10459333256494836
1315,173,1488,0.10460952711487889
1329,182,1511,0.10464219955713054
1311,181,1492,0.10464209395146931
1310,182,1492,0.10468145911039879
1305,181,1486,0.10472046242230272
1296,181,1477,0.10476686345949177
1300,183,1483,0.10482908516865858
1300,185,1485,0.10487648980530576
1293,187,1480,0.10491911665339919
1295,191,1486,0.1049738407110996
1302,189,1491,0.10501981903491034
1300,186,1486,0.10504722687847351
1307,189,1496,0.10507705707070988
1311,188,1499,0.10508870618155473
1308,189,1497,0.10509028380459927
1313,193,1506,0.10509797183236529
1318,197,1515,0.10509379570236828
1309,200,1509,0.10507948389805367
1304,202,1506,0.10508620333334472
1293,194,1487,0.10510386635424952
1299,194,1493,0.10514339229341711
1283,196,1479,0.10516618808665638
1289,200,1489,0.10522181127778821
1307,197,1504,0.10526022167049655
1292,199,1491,0.10525556555744035
1297,200,1497,0.10528457132421191
1300,199,1499,0.10529930526114184
1293,196,1489,0.1053063803558526
1285,193,1478,0.10532801946720978
1297,197,1494,0.10536574965880063
1294,200,1494,0.10537354480632714
1302,193,1495,0.10538795037371124
1304,193,1497,0.10538292660131234
1296,196,1492,0.10537346262497962
1290,192,1482,0.10538226968319958
1296,194,1490,0.10540372421067883
1299,197,1496,0.1054105849171934
1307,200,1507,0.10541060682906359
1294,199,1493,0.10539272003509399
1281,206,1487,0.10540585243302779
1302,204,1506,0.10544672488799317
1302,202,1504,0.10543775318493037
1297,201,1498,0.10542987285420743
1292,204,1496,0.1054331195281889
1289,205,1494,0.10544672741158571
1292,204,1496,0.10546597697067046
1292,201,1493,0.10547710061866473
1283,207,1490,0.10548806710227975
1290,211,1501,0.10551779745088492
1286,216,1502,0.10552961106572806
1278,216,1494,0.1055488473270644
1281,219,1500,0.10558398383753176
1272,219,1491,0.1056096780959502
1275,213,1488,0.10565314429308323
1283,210,1493,0.10568608869334341
1286,202,1488,0.10569892337806325
1277,204,1481,0.10570406646015344
1270,207,1477,0.10572910580073572
1281,212,1493,0.10576704510301042
1282,214,1496,0.10577745752926021
1274,218,1492,0.10578403347322542
1260,215,1475,0.10580783438985314
1260,218,1478,0.10586126716247103
1249,216,1465,0.10591044349081098
1254,221,1475,0.10597896033183239
1270,218,1488,0.10603109329975752
1275,215,1490,0.10604250912085147
1264,218,1482,0.10604201724883587
1270,219,1489,0.10606562205988798
1269,219,1488,0.10607445914336333
1266,217,1483,0.10608543049864344
1261,213,1474,0.10610286142876416
1269,217,1486,0.10612965901876806
1267,222,1489,0.10613615468604742
1270,226,1496,0.10614649007375665
1255,232,1487,0.1061498952085367
1250,234,1484,0.10618663715598857
1265,231,1496,0.10623150759810591
1276,235,1511,0.10623971736214784
1265,237,1502,0.10622251022617984
1267,235,1502,0.10623051339191783
1262,234,1496,0.10623319003218516
1255,231,1486,0.10624662799440006
1258,228,1486,0.10627393786953004
1261,227,1488,0.10629285008321177
1270,224,1494,0.10630405279577715
1273,225,1498,0.10629387357369698
1273,232,1505,0.10627868370005315
1265,239,1504,0.10626516991452535
1259,240,1499,0.10627033596962342
1257,238,1495,0.10628909123262825
1264,237,1501,0.10631055135212937
1261,237,1498,0.10631532815443023
1263,238,1501,0.10632668692167069
1253,241,1494,0.10633251074676245
1253,244,1497,0.10636007370838164
1241,244,1485,0.10638463618115082
1244,246,1490,0.10643401412931489
1239,247,1486,0.10647252479821204
1253,245,1498,0.10651847489852458
1253,240,1493,0.10652952887386113
1246,246,1492,0.10654027370500825
1234,247,1481,0.10656576962278283
1232,251,1483,0.10661598769834772
1237,254,1491,0.1066666224810142
1241,254,1495,0.10670244366368302
1231,256,1487,0.1067273450038956
1233,259,1492,0.10677282976302518
1238,253,1491,0.10681002895858853
1239,252,1491,0.10683258155491368
1240,250,1490,0.10685146441009569
1250,254,1504,0.10686730518695477
1253,255,1508,0.10685963059882816
1246,259,1505,0.10684605697643303
1238,251,1489,0.10684948416672846
1236,247,1483,0.10686973568517005
1249,242,1491,0.10689253624760346
1257,247,1504,0.10688355134136864
1247,250,1497,0.10685721474420187
1240,253,1493,0.106856308235159
1252,258,1510,0.10687073796054497
1254,254,1508,0.10685815422309872
1256,255,1511,0.10684129449615085
1246,255,1501,0.10682120777776294
1263,257,1520,0.10682543184795844
1272,252,1524,0.10679101194649672
1269,251,1520,0.10673949641283684
1243,256,1499,0.10669871184335403
1243,257,1500,0.1067197963988913
1247,256,1503,0.10673992706736347
1239,256,1495,0.10674948850122426
1235,259,1494,0.10677590732236236
1245,254,1499,0.10680919043727609
1246,247,1493,0.10681663257009856
1245,248,1493,0.1068211289325491
1265,248,1513,0.10682710183931603
1256,246,1502,0.10678839942976849
1251,248,1499,0.1067728307434973
1241,250,1491,0.10676979006269455
1244,248,1492,0.10678888618139457
1235,239,1474,0.10679915317090924
1249,241,1490,0.10682882555297808
1245,243,1488,0.10682476441425522
1241,242,1483,0.10683001238127626
1253,243,1496,0.10684411102472438
1259,241,1500,0.10682997511971969
1242,246,1488,0.10680497554198466
1233,243,1476,0.10682010042837542
1246,252,1498,0.10685509145610148
1240,251,1491,0.10685807580691221
1236,256,1492,0.10687430552156432
1235,263,1498,0.10689837470693235
1236,260,1496,0.10692242776380324
1259,259,1518,0.10694250551375938
1257,259,1516,0.10691023650661247
1268,263,1531,0.10688624734041209
1253,259,1512,0.10683937721742097
1239,262,1501,0.10683117392738196
1237,268,1505,0.10685380611739057
1247,261,1508,0.10687938629083188
1252,265,1517,0.10688056764835743
1250,263,1513,0.10686988971780079
1245,269,1514,0.10686382934338148
1242,265,1507,0.1068692641957617
1227,265,1492,0.1068813676023844
1227,264,1491,0.10692721934079959
1221,264,1485,0.10696883686468342
1224,265,1489,0.10702024895249972
1225,261,1486,0.10706083732942093
1237,264,1501,0.10709602964071938
1238,267,1505,0.10710137114783871
1229,269,1498,0.10710400459671979
1229,273,1502,0.10712728391309735
1243,270,1513,0.10714881788746763
1227,266,1493,0.10713743652675937
1236,273,1509,0.10716233616135794
1229,271,1500,0.10716523153337304
1222,276,1498,0.1071838937193898
1226,270,1496,0.10721730711766687
1229,270,1499,0.10723891172172577
1228,273,1501,0.10725242008703362
1232,273,1505,0.10726704822824744
1222,270,1492,0.10727260050053974
1228,267,1495,0.10729931772883956
1227,272,1499,0.10731015896592525
1226,277,1503,0.10732290348183426
1222,278,1500,0.10733759949673395
1215,275,1490,0.10736046210426195
1216,274,1490,0.1073962168591277
1215,275,1490,0.1074259101905022
1188,272,1460,0.10745550647757157
1192,281,1473,0.10754276292409978
1199,281,1480,0.1076133840544788
1200,284,1484,0.10766303361637303
1202,287,1489,0.10770564407402963
1199,286,1485,0.10774008219080836
1190,282,1472,0.10777862237109957
1202,284,1486,0.10783489238218319
1215,286,1501,0.10785971429350014
1219,281,1500,0.10785223356806299
1216,274,1490,0.10783653666511234
1212,280,1492,0.10782923086805946
1212,282,1494,0.10783140787864244
1222,282,1504,0.1078329453075203
1210,279,1489,0.1078114563039755
1210,280,1490,0.10781925042895456
1187,279,1466,0.10782644770861519
1200,286,1486,0.10788507731572246
1189,284,1473,0.10790926632712679
1187,284,1471,0.10795626417117052
1216,281,1497,0.10800420404899343
1217,278,1495,0.10798280571327618
1216,275,1491,0.10796070015092765
1222,279,1501,0.10794243034616649
1207,287,1494,0.10791360419008267
1192,288,1480,0.10792124413050459
1192,295,1487,0.10796191510812246
1177,298,1475,0.10799906017619758
1179,293,1472,0.10806705613965134
1185,293,1478,0.10812523547924226
1173,296,1469,0.10816527975879034
1175,301,1476,0.10822962035640621
1173,301,1474,0.1082853936416872
1183,308,1491,0.10833975599818522
1166,314,1480,0.10836834801820508
1169,318,1487,0.10843268298084312
1178,313,1491,0.10848407311715935
1179,307,1486,0.10851090090023041
1176,309,1485,0.10853400503577695
1179,308,1487,0.10856132466293544
1174,309,1483,0.10858000232308594
1170,319,1489,0.10860935082705511
1167,317,1484,0.10864615908125724
1157,331,1488,0.10868667034029265
1153,331,1484,0.10874556338413437
1158,337,1495,0.10880825178212694
1160,341,1501,0.10885546662081225
1156,338,1494,0.10889446594133556
1166,341,1507,0.10894039315951914
1160,341,1501,0.10895978407211913
1163,333,1496,0.10899057911711317
1160,333,1493,0.1090123950670294
1156,331,1487,0.10903978490422034
1158,332,1490,0.10907453586804726
1161,332,1493,0.10910241915709395
1157,331,1488,0.10912064075109765
1165,341,1506,0.10914528815300249
1165,341,1506,0.10914905007896616
1155,348,1503,0.10915294112156866
1152,346,1498,0.10917900067617267
1136,348,1484,0.10921024984526095
1140,347,1487,0.10927483914255536
1132,355,1487,0.10932497386382543
1132,365,1497,0.10939004157241826
1140,361,1501,0.10944972135788258
1139,357,1496,0.10948616415072515
1138,359,1497,0.10952217431979815
1138,368,1506,0.10955751475183666
1138,368,1506,0.10958952521572402
1139,373,1512,0.10961902162193814
1130,375,1505,0.10964481871318611
1130,379,1509,0.10968861762374248
1147,380,1527,0.10972920063836002
1134,386,1520,0.10972768701708795
1122,390,1512,0.1097571809138364
1119,392,1511,0.10981084076043325
1123,383,1506,0.10986741148656311
1105,386,1491,0.1099093098713054
1110,386,1496,0.10999094038704822
1106,387,1493,0.11005353533201952
1100,394,1494,0.11012144039665635
1106,391,1497,0.11019790802676671
1106,393,1499,0.11025455937690039
1111,398,1509,0.11030756254747268
1111,402,1513,0.11034521259171083
1092,389,1481,0.1103806625490293
1095,384,1479,0.110456286027397
1097,380,1477,0.11051937258481452
1103,380,1483,0.1105724228494683
1108,383,1491,0.11060774078007317
1111,382,1493,0.1106284891584945
1097,385,1482,0.11064085728164672
1107,387,1494,0.11068502151243614
1107,392,1499,0.110702815648499
1105,389,1494,0.11071969633452552
1099,388,1487,0.11074087024248042
1105,389,1494,0.1107739052807303
1111,392,1503,0.11078975724464592
1103,393,1496,0.11079048571187776
1106,397,1503,0.11080897244499954
1105,401,1506,0.11081932000572799
1112,404,1516,0.1108317105368479
1099,409,1508,0.11082581111125901
1097,410,1507,0.11084964566270948
1085,411,1496,0.11087638568052077
1089,417,1506,0.11092832598615494
1078,419,1497,0.11096738725375982
1088,415,1503,0.11102823825204525
1087,416,1503,0.11106138649438604
1090,416,1506,0.1110940775420974
1083,418,1501,0.11111708841589296
1082,421,1503,0.11115452088733488
1081,424,1505,0.11119176860569661
1086,420,1506,0.11122898525708483
1101,424,1525,0.11125167961312787
1086,420,1506,0.11123867624329968
1087,416,1503,0.11126109725360925
1076,426,1502,0.1112798687660802
1079,425,1504,0.11132124209748565
1067,430,1497,0.1113537429100137
1067,429,1496,0.1114109957816651
1070,438,1508,0.11146309431886747
1076,431,1507,0.11150441627497024
1071,438,1509,0.11152887930302806
1065,435,1500,0.11156332614130825
1069,440,1509,0.11160874457315842
1060,438,1498,0.11164105072002582
1062,445,1507,0.11169096113240261
1060,449,1509,0.11173319461550153
1071,447,1518,0.11177711099103536
1069,444,1513,0.11179214659102177
1064,441,1505,0.1118104229314503
1057,442,1499,0.11183930045083976
1060,440,1500,0.11188232580815864
1050,438,1488,0.11191519809358651
1057,442,1499,0.11196805306015985
1068,439,1507,0.11200058345380011
1065,438,1503,0.11200416107268385
1073,446,1519,0.11201394660167953
1071,443,1514,0.11200407386992633
1068,450,1518,0.11200100483983437
1060,444,1504,0.1120052763439892
1062,451,1513,0.11202744472628995
1051,449,1500,0.11204304400737626
1054,446,1500,0.11208217124123614
1050,449,1499,0.11211144853823057
1054,450,1504,0.11214768008617351
1047,450,1497,0.11217240245744524
1042,456,1498,0.11221133449156115
1040,450,1490,0.112257986465474
1046,447,1493,0.11230551832151421
1045,452,1497,0.11233453334409013
1047,454,1501,0.11236393195669013
1046,453,1499,0.11238589962283968
1047,453,1500,0.11240886839132651
1041,459,1500,0.11242786701527503
1021,466,1487,0.11245901337227941
1028,464,1492,0.11253471406201303
1046,464,1510,0.11258841251131342
1043,462,1505,0.11259601802031981
1039,463,1502,0.11261014408870867
1037,471,1508,0.11263196831638857
1036,470,1506,0.11265743966553793
1048,479,1527,0.1126836788498828
1040,472,1512,0.1126803189758236
1030,469,1499,0.1126955635162702
1040,470,1510,0.11273356039815662
1039,463,1502,0.11274539038604484
1043,469,1512,0.11275872918232142
1035,474,1509,0.11276233575318004
1032,472,1504,0.1127853055320565
1023,486,1509,0.1128141887555692
1023,483,1506,0.11286235317084672
1020,482,1502,0.11290741768865932
1017,491,1508,0.11295542429649183
1020,487,1507,0.11300604074317842
1029,485,1514,0.11304599303179623
1027,482,1509,0.11306118989610264
1022,483,1505,0.1130805837041411
1021,482,1503,0.11310947475189188
1020,480,1500,0.11313786287157282
1033,479,1512,0.1131667013501254
1037,482,1519,0.11316294787901107
1025,490,1515,0.11314967610118508
1020,492,1512,0.11316552721705662
1025,488,1513,0.11319085763436444
1015,496,1511,0.1132029471708045
1010,493,1503,0.1132379757587067
1011,503,1514,0.11328217572609922
1017,494,1511,0.11331943770145265
1010,490,1500,0.11333895112423523
1015,483,1498,0.11337453744286843
1005,495,1500,0.11339642811536339
1008,502,1510,0.11343885704025032
1011,497,1508,0.11347026985240063
1013,497,1510,0.11349141963936388
1015,497,1512,0.11350770056219626
1021,496,1517,0.11351730484263456
1017,490,1507,0.11351231805356989
1027,487,1514,0.11351784003976524
1019,485,1504,0.11349887024335657
1024,482,1506,0.11349988579517926
1031,476,1507,0.11348866273482677
1027,477,1504,0.11346200997052368
1023,493,1516,0.11344768580963578
1010,500,1510,0.11344307402083686
1009,489,1498,0.11346977487517908
1013,487,1500,0.11349702849142737
1023,484,1507,0.11351236510567254
1025,491,1516,0.1135024886429916
1023,492,1515,0.11348844301062691
1023,493,1516,0.1134802882016799
1024,483,1507,0.11347281790226678
1018,487,1505,0.11346326522415379
1029,492,1521,0.11346724035334418
1021,494,1515,0.1134444775379604
1025,490,1515,0.11344320532464704
1017,494,1511,0.11343319326342213
1018,491,1509,0.11344264273828966
1016,488,1504,0.11344936120615412
1008,491,1499,0.11345905780407907
1009,481,1490,0.11348750451104514
997,482,1479,0.11351112512149042
1004,489,1493,0.11356223527581649
1001,490,1491,0.11359269535723054
1003,489,1492,0.11362740030337314
1008,490,1498,0.11365511896652
1006,490,1496,0.113667830864473
1013,494,1507,0.11368487468137324
1001,494,1495,0.11368475444420678
996,495,1491,0.11371355134893353
1001,497,1498,0.1137520928646472
1007,502,1509,0.11377705547024458
998,496,1494,0.11378550563666134
1004,492,1496,0.11381439737086371
1006,492,1498,0.11382634434456246
1001,496,1497,0.11383204150401972
987,497,1484,0.11384970243447672
998,506,1504,0.11389940144502265
1004,502,1506,0.1139192222113457
1001,507,1508,0.11392326291160364
1002,510,1512,0.11393418996018077
1001,512,1513,0.1139424970813581
1002,515,1517,0.11395227883694911
998,510,1508,0.11395907628056723
989,514,1503,0.11397571302918529
986,510,1496,0.11401224592753988
976,518,1494,0.11405335506503939
983,519,1502,0.1141158219557652
973,524,1497,0.11415629842178836
980,518,1498,0.1142176165457954
980,522,1502,0.11425801842272267
977,528,1505,0.11429550783711274
968,526,1494,0.11433778185761026
975,530,1505,0.11439802481970628
971,534,1505,0.11443630986898311
961,553,1514,0.11448008407609084
950,545,1495,0.11454373814091025
950,544,1494,0.11462968752012745
962,547,1509,0.1147094469635483
963,550,1513,0.11475395080692191
961,546,1507,0.1147927826186801
967,543,1510,0.11483311365031718
963,546,1509,0.11485696701191764
958,553,1511,0.11488833496581288
948,549,1497,0.11492943148995857
953,549,1502,0.11499004889970087
950,550,1500,0.11503403721889352
940,552,1492,0.11508329506463301
945,561,1506,0.11515382903021516
945,565,1510,0.11520755503869885
941,571,1512,0.11525620849912592
941,571,1512,0.11530978834862061
943,571,1514,0.11536012598258213
947,572,1519,0.11540041758541025
938,568,1506,0.11542786205264871
933,564,1497,0.11547576135182226
921,579,1500,0.11553162761065287
922,574,1496,0.11561300325403696
918,577,1495,0.11568506622134045
923,579,1502,0.11576059133678882
922,587,1509,0.11581888593317789
930,593,1523,0.11587415994389627
923,589,1512,0.115906376969054
919,594,1513,0.11595286186175852
918,598,1516,0.11600714608321289
919,591,1510,0.11605929286908231
921,591,1512,0.11610423462225412
926,588,1514,0.11614090645450723
914,591,1505,0.1161635704637905
912,594,1506,0.11621240966238545
906,601,1507,0.11626161687495071
896,598,1494,0.11632260751996285
897,596,1493,0.11640226092648151
889,596,1485,0.11647256754286758
877,600,1477,0.1165573299370168
877,608,1485,0.1166640330761145
876,608,1484,0.11676219159018857
882,605,1487,0.11685372994343787
889,600,1489,0.11692436590817358
881,599,1480,0.1169736469840531
883,597,1480,0.11703784312873954
886,594,1480,0.11709230793341745
884,610,1494,0.11713431457444803
880,613,1493,0.11717780602942966
892,619,1511,0.1172281974893048
890,616,1506,0.11724521446253139
895,615,1510,0.11726662434317099
888,619,1507,0.11727508729509886
873,632,1505,0.11729985906631957
866,624,1490,0.11735981232520835
859,632,1491,0.11743270234747767
848,639,1487,0.1175170929192347
853,639,1492,0.117621991724676
856,639,1495,0.11770650519430909
855,628,1483,0.11777814021796441
856,634,1490,0.1178461859763566
854,645,1499,0.1179063588657137
854,647,1501,0.11796796922245062
860,639,1499,0.11802397695444675
858,641,1499,0.11806154443865599
865,640,1505,0.11810109287728267
865,635,1500,0.11812218089610045
856,629,1485,0.11814227159157366
857,632,1489,0.11818273824747318
849,629,1478,0.11821937621342263
844,633,1477,0.11827273376487205
850,639,1489,0.11833350895894043
849,633,1482,0.11837565370734765
857,632,1489,0.11841740842941086
853,634,1487,0.11843730566273282
848,636,1484,0.11846572369586267
856,642,1498,0.11850480159083458
855,650,1505,0.1185210482286976
849,649,1498,0.11853836704225673
858,650,1508,0.11856932234180885
862,642,1504,0.11857599772632867
851,634,1485,0.11857247731507016
859,641,1500,0.11859549946698282
860,638,1498,0.1185971147564679
857,636,1493,0.11859584594830284
859,645,1504,0.11860194921386036
849,646,1495,0.1186023887979892
849,647,1496,0.11862784182406624
841,660,1501,0.11864993107614623
836,666,1502,0.11869002531663352
827,671,1498,0.11873978288492065
830,674,1504,0.11880806290707924
838,671,1509,0.11886364697689036
834,670,1504,0.11889510998365838
840,671,1511,0.11893456511001883
844,671,1515,0.11895680256543473
843,678,1521,0.11896836669852646
851,669,1520,0.11898107536927263
847,668,1515,0.11897373886128797
841,671,1512,0.11897612801562601
833,686,1519,0.11899369499314373
821,689,1510,0.11902917797377148
818,689,1507,0.1190914340167268
809,685,1494,0.11915639225910832
799,684,1483,0.11923946837947785
807,687,1494,0.11934115029393705
806,686,1492,0.11941728763658724
811,691,1502,0.11949070397936822
816,690,1506,0.1195469836393004
812,695,1507,0.11958671949997157
806,692,1498,0.1196336959169258
805,696,1501,0.11969231323287156
805,704,1509,0.11974872682140625
813,708,1521,0.11980144091604597
814,707,1521,0.11983107364026199
797,711,1508,0.11985577541571306
797,705,1502,0.11992060900507447
805,704,1509,0.11997978288368341
801,706,1507,0.1200166618782744
801,705,1506,0.12005972163416218
799,701,1500,0.12010015012502669
796,702,1498,0.12014328615915452
788,707,1495,0.12019003527627035
777,713,1490,0.12025280799482385
787,709,1496,0.12033694924719956
797,701,1498,0.12039105083884674
811,700,1511,0.12041675916012952
805,696,1501,0.1204055237270671
801,700,1501,0.12040988578859299
797,704,1501,0.12042321409433508
803,697,1500,0.12044609222821517
800,695,1495,0.1204526077592309
808,704,1512,0.1204660265461351
816,706,1522,0.12046013596452676
799,709,1508,0.12043501228787917
794,705,1499,0.12045488402516316
784,706,1490,0.12048544796727503
788,705,1493,0.12053838729260288
782,707,1489,0.12057785131430586
783,716,1499,0.12062879404792419
785,714,1499,0.12067388772159987
793,704,1497,0.1207099002249492
791,710,1501,0.12072434849758555
792,687,1479,0.12074217020039599
793,689,1482,0.12075703216812894
784,698,1482,0.12076861883109626
794,705,1499,0.12080168645014071
793,718,1511,0.12080688612197338
794,723,1517,0.12081379512683846
794,729,1523,0.1208159987598952
783,726,1509,0.12081800935318436
787,713,1500,0.12084633755354038
786,718,1504,0.12086277542763103
785,728,1513,0.12088015665196274
793,735,1528,0.12089953397018405
790,735,1525,0.12089849061547078
787,731,1518,0.12090598368301872
783,731,1514,0.12092048932534848
784,731,1515,0.12094393092043447
771,729,1500,0.12096172334529871
775,733,1508,0.12101050605943962
765,737,1502,0.12104650600648949
762,733,1495,0.12110407208398719
765,736,1501,0.12116434041727196
773,744,1517,0.12121341127395159
767,743,1510,0.1212391170783605
762,745,1507,0.12127834004713617
764,745,1509,0.12132676031255384
747,749,1496,0.12136798294764346
743,752,1495,0.1214498113690658
742,753,1495,0.12153553320543092
737,760,1497,0.12161719884337611
743,770,1513,0.12170510319064823
738,765,1503,0.12177115753070535
738,766,1504,0.12184337598465071
750,774,1524,0.12191067172879165
747,775,1522,0.1219440109460424
755,769,1524,0.12198235385701191
744,758,1502,0.12199883601031988
755,766,1521,0.12204018912220928
751,769,1520,0.12205152121076532
755,769,1524,0.12207133087147741
748,766,1514,0.12208013451690554
746,762,1508,0.12210573340877108
740,757,1497,0.12213532186937723
738,760,1498,0.12217858882412021
737,762,1499,0.12222387884386553
733,757,1490,0.12226785223643684
731,766,1497,0.12231995662889723
734,768,1502,0.12237270905479342
736,766,1502,0.12241568532954421
731,782,1513,0.12245075671877113
733,793,1526,0.12249612926322417
726,787,1513,0.1225333642703012
717,787,1504,0.12258567609921009
721,786,1507,0.12265664172068061
722,790,1512,0.12271386087920959
724,785,1509,0.12276411489733155
721,784,1505,0.12280512354860688
725,789,1514,0.12284978999504824
730,797,1527,0.12288123507430317
717,788,1505,0.12289793459248663
710,796,1506,0.12294484928974894
716,783,1499,0.12300601239600803
713,785,1498,0.1230473974251712
712,788,1500,0.1230938015090225
714,799,1513,0.12313941473486854
716,797,1513,0.12317506786865379
709,800,1509,0.1232037410054972
706,803,1509,0.12324885432358627
711,804,1515,0.12329797401657608
716,806,1522,0.12333096658459236
719,802,1521,0.12334963260635114
708,802,1510,0.12335816875675286
713,805,1518,0.1233930987882701
707,808,1515,0.12341171257189455
703,810,1513,0.12344415283317092
705,810,1515,0.12348312842338156
704,815,1519,0.12351527627041621
703,809,1512,0.12354851733410292
696,806,1502,0.12358246839389589
696,818,1514,0.1236316788173099
690,820,1510,0.12367820559290374
686,837,1523,0.12373706772078358
690,837,1527,0.12380311960248878
691,831,1522,0.1238528623019086
685,831,1516,0.12389629024129178
680,823,1503,0.12395306667283508
683,837,1520,0.12401826458731899
681,836,1517,0.12407026119571722
682,828,1510,0.12412392087925855
685,830,1515,0.12417206342581676
668,825,1493,0.12420978862834905
669,824,1493,0.12428656237627987
677,826,1503,0.12435638431833354
684,829,1513,0.12440016099981303
675,829,1504,0.12442323461536248
671,834,1505,0.12446776773959584
664,845,1509,0.12451952789110403
660,847,1507,0.12458573143965981
662,848,1510,0.12465775671482891
653,847,1500,0.1247212373274982
661,849,1510,0.1248028542682569
664,860,1524,0.1248560580610315
661,865,1526,0.12489850191898334
662,857,1519,0.12494575014451809
651,861,1512,0.12498675909300715
654,864,1518,0.125052372445688
653,868,1521,0.1251058078804953
649,862,1511,0.12515802875920967
654,861,1515,0.12521749107192007
654,862,1516,0.1252602125105236
656,866,1522,0.12530056632481712
653,868,1521,0.12533445143384322
650,871,1521,0.12537362453139925
653,870,1523,0.1254179379532558
654,869,1523,0.12545148466503472
644,871,1515,0.12548178508190685
646,870,1516,0.12553517744376952
641,880,1521,0.1255801048554904
637,881,1518,0.12563554662616386
639,871,1510,0.12569682593090672
626,875,1501,0.12574890600076005
616,880,1496,0.12583060634572038
619,883,1502,0.12593196388646002
625,884,1509,0.12601927795059137
620,880,1500,0.1260846298922745
620,890,1510,0.12615779870513055
617,879,1496,0.12622522326390936
617,892,1509,0.12629467171963
618,890,1508,0.12636031986240515
608,890,1498,0.12641810690338462
606,891,1497,0.12649727321540763
593,898,1491,0.1265763031785089
602,891,1493,0.12668365010057836
601,894,1495,0.1267598661929808
598,900,1498,0.1268322497297219
591,903,1494,0.1269058119321157
589,906,1495,0.12699217948276142
587,902,1489,0.12707622604556737
597,911,1508,0.12716033018200432
592,913,1505,0.12721239396329526
587,921,1508,0.12727431532484104
579,913,1492,0.12734497911593234
573,914,1487,0.1274312901536515
564,919,1483,0.1275270002070762
565,930,1495,0.12764032557098182
562,932,1494,0.12774229761676797
558,941,1499,0.12784505801805038
559,942,1501,0.1279518188566915
564,937,1501,0.12804831604099123
561,935,1496,0.12812354408983367
559,938,1497,0.128199972237839
551,935,1486,0.1282773307053981
544,933,1477,0.1283681730350064
555,939,1494,0.12847171322499318
559,946,1505,0.1285404918585183
562,941,1503,0.1285950014598692
565,944,1509,0.1286378423431661
564,949,1513,0.1286705224388842
568,943,1511,0.12870322687918034
565,936,1501,0.12872277770634116
570,938,1508,0.12874869261832825
572,940,1512,0.1287597789331416
567,929,1496,0.12876560089877057
565,942,1507,0.1287841379636776
568,940,1508,0.1288066963662318
569,944,1513,0.12881916136612895
565,940,1505,0.12882951421812763
564,944,1508,0.12885048580027827
560,950,1510,0.12887276394828318
559,947,1506,0.1289042369003493
558,953,1511,0.12893647058502838
559,945,1504,0.1289692272346144
565,956,1521,0.12899839731188706
561,958,1519,0.12901031705214291
553,952,1505,0.12903237958503078
543,959,1502,0.12907471812457763
542,960,1502,0.1291393750478406
540,971,1511,0.12920273382519387
533,974,1507,0.1292660546661421
531,972,1503,0.12934507386550503
530,972,1502,0.12942447726337317
529,984,1513,0.12950044315416911
530,985,1515,0.12957188525373026
529,992,1521,0.12963600411914297
519,997,1516,0.12969924506385297
520,991,1511,0.12978362756303102
520,991,1511,0.12986138773426192
516,998,1514,0.12993336508714992
509,998,1507,0.1300114723882625
512,1013,1525,0.13010391195968177
511,1014,1525,0.13018404842416786
510,1008,1518,0.13026276628708108
507,1007,1514,0.13033885966822292
503,1006,1509,0.13041756602699148
497,1009,1506,0.13050128992183677
493,1006,1499,0.13059398229380514
502,1011,1513,0.13068970405988597
507,1003,1510,0.1307561844336338
509,1005,1514,0.13080503832753018
502,997,1499,0.13084574634337504
502,1002,1504,0.13090281774279458
493,1002,1495,0.13095510907979543
494,1000,1494,0.1310265863823322
505,1007,1512,0.13109033517148266
504,1011,1515,0.1311208055867346
499,1021,1520,0.1311525201913447
496,1020,1516,0.13119609184613998
496,1016,1512,0.13124344786222084
496,1017,1513,0.1312866043966392
495,1026,1521,0.13132595622843674
490,1025,1515,0.13136705775728422
482,1036,1518,0.13141741079365934
484,1028,1512,0.13148521208680491
486,1030,1516,0.13154354556265374
488,1019,1507,0.13159193549184411
485,1028,1513,0.13163174766750538
484,1027,1511,0.13167773093370416
487,1022,1509,0.13172277535971907
483,1024,1507,0.13175651138633893
479,1025,1504,0.13179779994904112
475,1025,1500,0.13184694287422627
471,1024,1495,0.1319030823362813
477,1038,1515,0.13196533161372737
475,1035,1510,0.13200786794172945
470,1039,1509,0.13205222078875029
469,1036,1505,0.13210738949456127
471,1033,1504,0.13216143415339837
473,1041,1514,0.13220633849112165
480,1043,1523,0.13224368056591218
481,1034,1515,0.1322600289464941
476,1028,1504,0.13227298398033965
471,1031,1502,0.13229827648300863
471,1036,1507,0.13233567233515345
473,1043,1516,0.13237097180474972
470,1034,1504,0.13239714988754211
470,1055,1525,0.13242870030105658
472,1046,1518,0.13245814852367457
468,1044,1512,0.13248023289313926
469,1052,1521,0.13251174328657556
469,1049,1518,0.1325371153198938
474,1045,1519,0.13256024797722396
480,1045,1525,0.1325681236341968
482,1045,1527,0.1325614308656535
483,1050,1533,0.13255043236757896
484,1045,1529,0.13253853825764408
479,1046,1525,0.1325241813692212
476,1039,1515,0.13252505565304445
476,1034,1510,0.13253451797439358
480,1042,1522,0.13254362375154322
489,1035,1524,0.13254017470921667
480,1035,1515,0.13251290342741226
469,1028,1497,0.1325111897824832
467,1044,1511,0.13253871181999913
467,1051,1518,0.13256935202518422
464,1041,1505,0.13259817828592294
467,1037,1504,0.13263325997526848
472,1030,1502,0.13265812760108647
474,1034,1508,0.13266793901873047
473,1025,1498,0.13267240896313454
465,1028,1493,0.1326799704257161
463,1030,1493,0.13270914068996395
463,1033,1496,0.13274256248760496
462,1044,1506,0.13277372173148855
464,1040,1504,0.1328052842226279
455,1051,1506,0.13282943336158934
459,1050,1509,0.13287686545640245
457,1060,1517,0.13291058458690738
462,1055,1517,0.1329482101493986
463,1051,1514,0.13297027148789756
461,1051,1512,0.13298870364294618
450,1051,1501,0.1330125473229081
452,1073,1525,0.1330637597585941
452,1075,1527,0.1331051854658642
448,1083,1531,0.13314231506095242
442,1077,1519,0.13318885297703123
447,1075,1522,0.13324810042032234
437,1075,1512,0.13329153770723182
439,1074,1513,0.13335815001091067
446,1049,1495,0.1334146740335156
451,1054,1505,0.13344694591683406
445,1053,1498,0.13346374734653166
442,1062,1504,0.13349413665099594
437,1056,1493,0.1335311301896856
439,1049,1488,0.13358048319858107
434,1057,1491,0.13362147352739595
431,1067,1498,0.13367322198285017
429,1078,1507,0.13373010494921708
436,1076,1512,0.13378747129777235
431,1065,1496,0.13382160918248262
432,1061,1493,0.13386535674484548
429,1073,1502,0.13390453118769255
427,1074,1501,0.13394938263814635
427,1066,1493,0.1339975139495387
426,1075,1501,0.13404337027457927
424,1096,1520,0.13408813686206192
420,1090,1510,0.13413551808295476
417,1103,1520,0.13419128841414135
409,1120,1529,0.1342527649017284
414,1102,1516,0.13433181939928274
416,1097,1513,0.13439168718687394
414,1098,1512,0.13444298581113184
412,1100,1512,0.1344969886678003
401,1101,1502,0.13455378683771826
397,1096,1493,0.13463530577277105
392,1101,1493,0.1347216648031335
395,1115,1510,0.13481584931339852
395,1122,1517,0.13489522342888832
396,1115,1511,0.13496965609911357
401,1107,1508,0.1350358626648066
410,1111,1521,0.13508410866677192
404,1110,1514,0.13510547764242667
404,1112,1516,0.1351407162736626
401,1113,1514,0.13517453980010888
394,1112,1506,0.13521397246922803
397,1112,1509,0.1352690136919539
399,1103,1502,0.13531246991336876
400,1113,1513,0.1353467013351272
405,1114,1519,0.13537576046562452
399,1113,1512,0.1353898767987198
394,1114,1508,0.135419375938051
401,1107,1508,0.1354614396726015
402,1114,1516,0.13548176399215245
403,1100,1503,0.13549738803771572
408,1096,1504,0.1355093345380164
412,1087,1499,0.1355068018399406
413,1092,1505,0.13549351779951546
410,1099,1509,0.13547783608584718
416,1113,1529,0.13547196942620798
409,1099,1508,0.13545039912502735
404,1104,1508,0.13544961175796538
404,1110,1514,0.1354624515038163
401,1107,1508,0.13547395009444074
404,1103,1507,0.1354924628424609
407,1114,1521,0.1355020698778209
400,1097,1497,0.135502488322274
406,1099,1505,0.13552259020033858
411,1103,1514,0.1355235197689578
406,1102,1508,0.13551191141572297
407,1098,1505,0.13551474018559834
409,1098,1507,0.13551456433821357
400,1101,1501,0.13551065213249822
392,1109,1501,0.13553048426523215
397,1101,1498,0.1355707756708008
402,1112,1514,0.1355944335094542
398,1118,1516,0.13560366075930944
397,1114,1511,0.13562238279949182
397,1109,1506,0.13564288728988333
397,1115,1512,0.1356614536865062
398,1114,1512,0.13567880458474052
391,1114,1505,0.13569160504413608
387,1119,1506,0.13572227404307705
380,1118,1498,0.1357614508278127
385,1110,1495,0.13581638643175029
396,1121,1517,0.13585388955856323
387,1131,1518,0.1358594006604262
382,1133,1515,0.13588895517798263
379,1132,1511,0.13593031339444245
371,1133,1504,0.13597732650177188
375,1134,1509,0.13604329124104744
375,1139,1514,0.13609383845914072
379,1145,1524,0.1361403991396601
377,1146,1523,0.13617312157292105
377,1154,1531,0.13620902264292614
376,1147,1523,0.136242341436923
377,1145,1522,0.13627656333893398
379,1139,1518,0.13630507983237122
380,1142,1522,0.1363268609576776
376,1135,1511,0.13634468766918187
380,1144,1524,0.1363714795717458
377,1136,1513,0.13638607572382105
380,1140,1520,0.13640804034810333
369,1142,1511,0.13642028014966004
364,1128,1492,0.13646276296753837
359,1138,1497,0.13651590384595572
360,1134,1494,0.13657713400725974
360,1146,1506,0.13663123453984552
361,1143,1504,0.13668138491660664
367,1143,1510,0.13672501413288604
364,1132,1496,0.13674937968494508
366,1135,1501,0.1367800176360471
369,1136,1505,0.1368028465632351
360,1140,1500,0.13681646715376924
365,1152,1517,0.13685519246301214
363,1148,1511,0.13687663856048335
357,1153,1510,0.13690139813160956
358,1146,1504,0.13694052648153326
358,1136,1494,0.136974934044981
357,1142,1499,0.13700689265296245
356,1141,1497,0.13704033342499056
355,1143,1498,0.13707413354651363
355,1153,1508,0.1371075141193643
349,1155,1504,0.13713912124325417
354,1163,1517,0.13718464370216746
354,1168,1522,0.13721389638037565
350,1167,1517,0.1372408089766786
345,1180,1525,0.13727784218571054
336,1188,1524,0.13732697786432962
341,1182,1523,0.13739725988489992
340,1183,1523,0.13744972517346685
337,1177,1514,0.1375012639312518
334,1185,1519,0.1375579540538635
331,1175,1506,0.13761854371945362
329,1187,1516,0.1376829766849905
330,1194,1524,0.1377479099522223
323,1191,1514,0.13780543907085258
324,1184,1508,0.13787810069690412
329,1183,1512,0.13794165830614355
328,1198,1526,0.13798633371064453
323,1195,1518,0.13803104361031085
323,1203,1526,0.13808757874236094
321,1193,1514,0.13813965981777432
319,1196,1515,0.13819401680194207
322,1194,1516,0.13825018330574804
321,1200,1521,0.1382943880273366
313,1200,1513,0.13833874264008705
305,1196,1501,0.13840230582624055
302,1189,1491,0.1384836467109832
298,1195,1493,0.13856771231607534
299,1199,1498,0.13865784294891245
300,1204,1504,0.13873955400399704
298,1216,1514,0.1388133239693003
295,1215,1510,0.13888822271574452
296,1219,1515,0.13896638508621975
294,1222,1516,0.13903698582420707
290,1224,1514,0.1391090896120432
290,1232,1522,0.13918722838534636
288,1233,1521,0.13926025659075908
289,1236,1525,0.1393342999913515
285,1232,1517,0.13940072106180293
292,1220,1512,0.1394737962347973
288,1222,1510,0.13952229938333324
284,1213,1497,0.13957924226582238
288,1215,1503,0.13964364850655453
285,1221,1506,0.1396913843424343
288,1233,1521,0.13974430318982387
280,1245,1525,0.13978543202831972
277,1245,1522,0.13984698905850224
279,1250,1529,0.1399135949470563
271,1255,1526,0.13996996410361548
273,1243,1516,0.14004617161691296
272,1233,1505,0.1401117331147697
269,1235,1504,0.14017580920190587
265,1239,1504,0.14024376445606682
267,1234,1501,0.14031860660059295
261,1236,1497,0.14038296267081563
266,1243,1509,0.14045929309343166
263,1245,1508,0.1405161145718138
267,1246,1513,0.1405775603117904
270,1248,1518,0.14062377411605317
269,1239,1508,0.1406593967747377
272,1239,1511,0.14069634129669198
270,1244,1514,0.14072234533456152
272,1239,1511,0.14075192892799543
268,1236,1504,0.14077300398471213
265,1247,1512,0.1408038470887571
261,1253,1514,0.1408415314591442
263,1251,1514,0.14088719077866282
261,1250,1511,0.14092409459999344
254,1249,1503,0.14096403866184443
262,1248,1510,0.1410219356242691
267,1252,1519,0.14105311181036695
265,1243,1508,0.1410676047415806
265,1237,1502,0.14108756226170222
267,1237,1504,0.14110596926875096
260,1239,1499,0.1411178142512676
269,1236,1505,0.14114834390013467
270,1243,1513,0.14115139640363186
268,1238,1506,0.14115219839870538
264,1239,1503,0.1411586909642039
267,1258,1525,0.1411762562761042
265,1252,1517,0.1411836931563667
263,1253,1516,0.14119636697790555
260,1256,1516,0.14121425572035773
255,1255,1510,0.14123898890883838
258,1263,1521,0.1412758235696716
261,1258,1519,0.14130131362510442
262,1254,1516,0.14131720849051008
257,1251,1508,0.14132950207117342
258,1249,1507,0.14135555668363822
259,1250,1509,0.14137710893470123
261,1259,1520,0.14139453291462872
260,1262,1522,0.14140502563625276
264,1254,1518,0.14141806493221065
269,1253,1522,0.14141869865743037
268,1257,1525,0.14140453657911153
269,1256,1525,0.14139466371172543
269,1251,1520,0.1413824155285478
266,1245,1511,0.14136993163375697
259,1252,1511,0.14136659580818406
261,1257,1518,0.14138346850122777
260,1259,1519,0.14139333094420128
257,1253,1510,0.14140568715700264
258,1262,1520,0.14142625173258316
256,1259,1515,0.14144294029852994
252,1258,1510,0.14146390311412335
252,1253,1505,0.14149466011388082
245,1262,1507,0.1415233492622165
248,1260,1508,0.14157096162516694
255,1267,1522,0.14160639864731359
252,1262,1514,0.14161997400578932
250,1264,1514,0.14164150100107722
248,1269,1517,0.14166696884015345
242,1265,1507,0.1416960940564137
241,1275,1516,0.14174122326671973
242,1271,1513,0.14178594051078336
248,1267,1515,0.14182434064535976
250,1268,1518,0.14184305038460587
254,1266,1520,0.14185520828494852
254,1264,1518,0.14185488415796116
249,1264,1513,0.14185381928897
250,1264,1514,0.14186758335682323
249,1253,1502,0.14187782022016596
247,1277,1524,0.14189058462463444
248,1273,1521,0.14190858281938998
247,1280,1527,0.14192321257731252
242,1277,1519,0.14193873028909373
236,1272,1508,0.14196755682484385
235,1271,1506,0.14201221130697858
237,1270,1507,0.14205715485894818
234,1268,1502,0.14209396874225283
236,1278,1514,0.14213698820495912
239,1283,1522,0.1421719223507033
238,1279,1517,0.142196418544899
240,1274,1514,0.1422226299469607
243,1262,1505,0.1422404815519893
242,1269,1511,0.14224855532223019
238,1269,1507,0.1422591340481103
236,1283,1519,0.14227980815714691
235,1284,1519,0.1423051199924611
238,1298,1536,0.14233211704172197
234,1286,1520,0.1423484611135448
234,1273,1507,0.14237598854999273
243,1270,1513,0.14240110728376118
241,1272,1513,0.14239836561226268
238,1283,1521,0.14240149814959874
235,1265,1500,0.1424121521761984
240,1273,1513,0.14243085930449814
245,1267,1512,0.14243349527617855
242,1286,1528,0.14242119168597664
238,1293,1531,0.14241864583679223
237,1289,1526,0.1424272378484189
236,1273,1509,0.14243842243303326
239,1270,1509,0.142451873743511
242,1272,1514,0.14245604897170489
240,1260,1500,0.1424518263060607
241,1253,1494,0.14245345127411146
242,1254,1496,0.14245169467843138
241,1270,1511,0.14244682810836357
241,1271,1512,0.14244535251926485
244,1266,1510,0.1424444157352104
238,1256,1494,0.14243519718645467
236,1260,1496,0.14244352984427602
235,1287,1522,0.14245837756898283
232,1285,1517,0.1424747785556528
236,1288,1524,0.142499108920523
234,1299,1533,0.1425102574217052
232,1290,1522,0.1425265054036558
231,1301,1532,0.14254734256480645
230,1299,1529,0.14256950026997828
234,1309,1543,0.14259288024255676
234,1290,1524,0.1426025472529685
235,1289,1524,0.1426114300692594
235,1285,1520,0.14261659594572215
232,1278,1510,0.14262193248004965
232,1277,1509,0.14263523329052127
232,1285,1517,0.14264808293322187
230,1285,1515,0.1426598689665196
231,1290,1521,0.14267613802763182
229,1298,1527,0.14268848339085424
233,1272,1505,0.14270557963313898
233,1281,1514,0.14271067234880433
227,1278,1505,0.14271491773442108
222,1292,1514,0.14273618914695793
221,1281,1502,0.14277053455428834
220,1289,1509,0.14280512436324178
218,1279,1497,0.1428401251584796
219,1267,1486,0.14287807957108728
219,1277,1496,0.14291060990028506
213,1282,1495,0.14294086028041406
214,1283,1497,0.14298512860515
221,1294,1515,0.1430243542497423
218,1303,1521,0.14304049104790661
215,1290,1505,0.14306482088367362
213,1280,1493,0.14309596069992617
212,1298,1510,0.1431309783227864
212,1291,1503,0.1431667075004187
215,1282,1497,0.1432000722707727
219,1275,1494,0.1432222460315254
216,1287,1503,0.14323112077964179
214,1278,1492,0.14324857373602165
219,1290,1509,0.1432705470933418
218,1291,1509,0.14327614739639202
218,1290,1508,0.14328418482840713
220,1281,1501,0.1432912776655143
222,1276,1498,0.14329208568809437
222,1275,1497,0.14328680090769436
222,1267,1489,0.14328141163220715
221,1266,1487,0.143276247700415
223,1276,1499,0.1432743994354298
224,1271,1495,0.14326645065212926
226,1272,1498,0.14325571439766052
226,1275,1501,0.14324016425323122
232,1277,1509,0.14322499069708017
234,1283,1517,0.1431931851519538
233,1284,1517,0.14315782703581842
230,1275,1505,0.14312825931427206
227,1284,1511,0.143109156471536
220,1286,1506,0.1431004271806085
223,1283,1506,0.14311277875369882
225,1281,1506,0.1431155282500561
223,1292,1515,0.14311211570790527
224,1300,1524,0.14311466653810928
229,1291,1520,0.1431140671376877
230,1291,1521,0.1430985838231592
230,1290,1520,0.14308130668996819
230,1276,1506,0.14306551021478203
227,1277,1504,0.14305077431610638
228,1284,1512,0.143045881169507
228,1279,1507,0.14303819504507118
230,1285,1515,0.14303121553050077
227,1283,1510,0.14301897720679624
230,1271,1501,0.1430162923865339
231,1274,1505,0.14300491847132388
230,1276,1506,0.1429915935077337
228,1277,1505,0.14298243500657648
227,1271,1498,0.14297968423259336
225,1283,1508,0.1429798783715477
220,1282,1502,0.14298539008204345
220,1270,1490,0.1430049711117802
216,1288,1504,0.143023432839335
217,1301,1518,0.14305221448701397
218,1299,1517,0.14307551834682994
213,1299,1512,0.14309441151378616
212,1299,1511,0.1431266996498778
211,1291,1502,0.14315953083057179
212,1292,1504,0.14319329936935088
211,1291,1502,0.14322253146058422
209,1291,1500,0.14325265139126056
214,1290,1504,0.14328694614795118
211,1307,1518,0.14330427127060794
211,1298,1509,0.1433292782345377
209,1285,1494,0.1433527880195
211,1294,1505,0.14338058477022853
211,1286,1497,0.14340024155805728
216,1300,1516,0.14341845624951424
215,1301,1516,0.14342066915835766
217,1310,1527,0.14342579113076648
204,1319,1523,0.14342513640306123
202,1319,1521,0.14346324023473936
203,1312,1515,0.1435041547024199
199,1320,1519,0.1435393036070408
201,1328,1529,0.14358341969398955
197,1328,1525,0.1436191536096311
189,1332,1521,0.14366430577437506
191,1328,1519,0.14373058582707454
192,1321,1513,0.1437865456256968
188,1311,1499,0.14383660590813974
190,1312,1502,0.14389539878176186
195,1315,1510,0.14394368041656883
199,1316,1515,0.14397412090842593
199,1317,1516,0.1439912240618132
197,1326,1523,0.14400750769424744
193,1328,1521,0.14402894021012358
192,1319,1511,0.1440611827101335
198,1314,1512,0.14409460472260538
190,1319,1509,0.14410824659820776
194,1309,1503,0.14414469643741046
194,1301,1495,0.14416701051232164
194,1305,1499,0.14418811134508241
190,1313,1503,0.1442081878944389
186,1312,1498,0.14423866951153638
194,1312,1506,0.14427898449166313
197,1312,1509,0.14429297644948502
196,1315,1511,0.14429727092130862
195,1325,1520,0.14430443119860206
188,1331,1519,0.144314962020378
184,1330,1514,0.14434583437404488
183,1324,1507,0.14438666727845756
185,1329,1514,0.14442798447140104
187,1315,1502,0.1444604960877266
183,1328,1511,0.14448484383076743
181,1333,1514,0.14451954528048658
181,1341,1522,0.144557498668795
182,1340,1522,0.14459316320208848
181,1337,1518,0.14462338415999682
180,1328,1508,0.14465428920604015
181,1334,1515,0.14468604142991878
180,1340,1520,0.14471256986376116
182,1336,1518,0.14473988275005362
181,1333,1514,0.14475968027265926
180,1326,1506,0.14478059635147558
175,1311,1486,0.14480229566558386
173,1338,1511,0.14483789332862174
172,1341,1513,0.14487659501469094
172,1343,1515,0.14491583808969774
169,1347,1516,0.14495230188542924
168,1355,1523,0.1449952346359045
168,1358,1526,0.14503844079081107
164,1373,1537,0.14507931113996014
162,1370,1532,0.14512978641225768
161,1366,1527,0.14518241603363008
161,1360,1521,0.14523494207990592
155,1370,1525,0.14528464808465014
151,1375,1526,0.1453489436924686
149,1374,1523,0.1454208529837016
150,1375,1525,0.14549401664157421
143,1360,1503,0.14555995648861156
140,1362,1502,0.1456430364111711
137,1380,1517,0.1457294767935875
134,1386,1520,0.1458189611666813
135,1380,1515,0.14591124248043713
134,1383,1517,0.14599476683464874
136,1372,1508,0.14607566570445765
134,1376,1510,0.14614537727062843
138,1388,1526,0.1462174578666705
140,1392,1532,0.14627242326055104
140,1385,1525,0.14631822466143196
138,1394,1532,0.14636125717070703
137,1385,1522,0.14640752170304822
139,1377,1516,0.14645411723742188
138,1366,1504,0.14649134813158113
143,1371,1514,0.14652906093997126
141,1359,1500,0.14654871185981683
137,1363,1500,0.14657357237460666
136,1377,1513,0.14660864353548336
136,1388,1524,0.14664488577889911
138,1388,1526,0.14667866778054287
140,1387,1527,0.14670400484409826
132,1389,1521,0.1467219449672712
133,1383,1516,0.1467627920921319
136,1386,1522,0.14679805463038081
139,1387,1526,0.14682152322438374
140,1388,1528,0.14683450874360754
139,1383,1522,0.14684378682974109
140,1381,1521,0.14685544842975218
139,1372,1511,0.14686340557673921
140,1376,1516,0.1468737772117837
141,1376,1517,0.14688092314315018
137,1379,1516,0.1468843298618976
132,1381,1513,0.14689975404122507
128,1394,1522,0.14692977856037995
132,1391,1523,0.14696956667973832
127,1389,1516,0.14699488945239358
128,1384,1512,0.14703348454722165
131,1386,1517,0.1470660527673187
130,1387,1517,0.14708732163955596
134,1380,1514,0.1471100353239657
135,1383,1518,0.14711950516749642
134,1377,1511,0.14712543533121958
131,1373,1504,0.14713406934071518
133,1389,1522,0.14715141170237456
131,1386,1517,0.14716147639690333
130,1385,1515,0.14717708497664353
131,1381,1512,0.14719417925736536
128,1390,1518,0.14720735457623543
128,1392,1520,0.14722862633042916
127,1384,1511,0.1472486557026411
127,1398,1525,0.1472706381951627
125,1392,1517,0.1472911863712088
126,1393,1519,0.14731660237402305
121,1385,1506,0.14733776752594419
121,1386,1507,0.14737290214784937
121,1387,1508,0.14740521090835193
118,1395,1513,0.14743558955162228
114,1395,1509,0.14747314204101106
113,1391,1504,0.14752075636626852
111,1394,1505,0.14756841022802888
116,1401,1517,0.14761908735562315
117,1388,1505,0.14765157073682272
112,1384,1496,0.1476791947836194
113,1393,1506,0.1477208071895816
118,1399,1517,0.1477572090303542
117,1400,1517,0.14777644654193403
120,1392,1512,0.1477978867115625
115,1398,1513,0.1478091366536731
113,1390,1503,0.14783489930292298
115,1394,1509,0.1478651432647883
113,1406,1519,0.14788720950818054
112,1417,1529,0.147914173978793
110,1410,1520,0.14794246678222783
115,1394,1509,0.1479750475093391
118,1402,1520,0.1479901376886608
114,1399,1513,0.1479949628696689
118,1395,1513,0.1480123189022682
121,1411,1532,0.14801603072491432
119,1398,1517,0.1480105966861009
121,1402,1523,0.14801195172736148
121,1408,1529,0.14800723016303857
118,1405,1523,0.14800254683880543
114,1420,1534,0.14800724421220218
114,1415,1529,0.14802380409289473
114,1405,1519,0.14803939110020148
116,1402,1518,0.14805420548851353
116,1399,1515,0.1480620299080454
117,1405,1522,0.14806933464871386
115,1408,1523,0.14807261995912405
116,1402,1518,0.14808204433336455
115,1395,1510,0.14808792730592196
114,1395,1509,0.14809623158796661
114,1388,1502,0.14810742206950256
110,1384,1494,0.14811827954128623
111,1382,1493,0.14814078278239104
113,1381,1494,0.14815861520507753
111,1386,1497,0.1481690846678692
112,1400,1512,0.14818504678069477
112,1404,1516,0.14819649220852177
114,1410,1524,0.14820705688476576
112,1411,1523,0.14821093490222664
113,1414,1527,0.14822100071618638
114,1411,1525,0.1482277302762429
117,1415,1532,0.14823081791716786
119,1413,1532,0.1482241627461339
117,1408,1525,0.1482118861456666
113,1395,1508,0.14820643622382298
116,1394,1510,0.14821380070932105
119,1399,1518,0.14821159370839487
118,1400,1518,0.14820033898096333
117,1406,1523,0.14819293629597685
114,1400,1514,0.14818937233060972
112,1396,1508,0.14819503390484826
111,1409,1520,0.14820672159095127
111,1410,1521,0.1482208672282412
107,1411,1518,0.14823432001111048
106,1408,1514,0.14825910909164017
104,1416,1520,0.14828496908012062
104,1412,1516,0.14831526966488354
99,1414,1513,0.14834356515908975
98,1413,1511,0.1483851407853652
101,1411,1512,0.14842729003183128
99,1412,1511,0.148457508624395
98,1405,1503,0.14849186787589763
94,1421,1515,0.14852745902015607
95,1424,1519,0.14857354739231238
95,1422,1517,0.14861371107040242
90,1428,1518,0.14865094325483838
90,1420,1510,0.1487012452904377
89,1430,1519,0.1487481920537377
93,1431,1524,0.1487951966551825
92,1438,1530,0.14882629685475698
92,1438,1530,0.1488583205420139
88,1436,1524,0.1488884588220528
91,1424,1515,0.1489293025342021
90,1442,1532,0.14895830420513892
90,1430,1520,0.1489887136600646
86,1430,1516,0.1490169830220315
88,1426,1514,0.14905569681449282
87,1430,1517,0.14908581867601545
87,1421,1508,0.14911727222342738
88,1431,1519,0.14914683161608397
86,1445,1531,0.1491717696292399
86,1448,1534,0.14920168032781092
84,1438,1522,0.14922993272946036
85,1438,1523,0.14926266849367947
86,1423,1509,0.14929032590906602
83,1434,1517,0.1493133925189612
88,1422,1510,0.14934428743728959
84,1424,1508,0.14935769649685773
82,1435,1517,0.14938254245370192
77,1426,1503,0.14941199460194404
78,1435,1513,0.1494549120603007
76,1448,1524,0.14949183340191544
75,1447,1522,0.14953262098239428
74,1445,1519,0.14957404435539354
76,1432,1508,0.14961612735089141
76,1441,1517,0.1496492915871919
75,1444,1519,0.14968059920648474
77,1433,1510,0.14971289743120875
76,1433,1509,0.14973716318052024
75,1434,1509,0.14976312358407906
74,1434,1508,0.14979068505280524
76,1436,1512,0.1498195061326756
75,1447,1522,0.1498402565803679
77,1441,1518,0.14986257349106222
75,1441,1516,0.14987746194153032
76,1428,1504,0.14989769593676183
77,1431,1508,0.14991370278136334
78,1427,1505,0.1499257814262394
74,1435,1509,0.14993397763275
74,1435,1509,0.1499539871540719
73,1450,1523,0.14997278400807007
74,1459,1533,0.14999362279374603
75,1459,1534,0.1500100774144874
78,1447,1525,0.15002223023782102
77,1446,1523,0.15002447723638204
77,1450,1527,0.15002997076697316
77,1453,1530,0.15003526357411892
79,1435,1514,0.1500403008973431
83,1439,1522,0.15003905803177844
81,1442,1523,0.15002575225912573
83,1433,1516,0.150019678476976
82,1428,1510,0.15000762056532962
83,1442,1525,0.1499994173803069
81,1441,1522,0.14998879700489035
81,1439,1520,0.14998494109667346
83,1438,1521,0.14998129944049812
83,1437,1520,0.14997170380384528
79,1448,1527,0.14996293058329846
81,1439,1520,0.1499669068448351
83,1433,1516,0.14996453537515836
84,1431,1515,0.1499565053865281
86,1425,1511,0.1499459372943977
84,1430,1514,0.1499296964622159
84,1437,1521,0.1499208110268784
82,1438,1520,0.1499124848887794
83,1445,1528,0.14991059407269108
83,1429,1512,0.1499058748087528
76,1441,1517,0.14990145910460717
76,1433,1509,0.14991882155946448
76,1436,1512,0.14993515058317858
74,1445,1519,0.14995068609602863
72,1445,1517,0.1499716531584585
74,1439,1513,0.14999763773388217
75,1447,1522,0.15001579558911424
75,1441,1516,0.15002951595208144
74,1444,1518,0.1500424153241856
74,1442,1516,0.15005738691413345
75,1435,1510,0.15007141712832753
76,1437,1513,0.1500814362206544
77,1442,1519,0.15008787838430954
77,1435,1512,0.15009111310946946
79,1427,1506,0.15009425113917507
78,1429,1507,0.15009096953842999
77,1436,1513,0.1500911441258281
77,1433,1510,0.1500945157910262
76,1439,1515,0.15009738138266912
78,1433,1511,0.15010314964049903
78,1441,1519,0.1501025393014377
78,1448,1526,0.15010163605670482
78,1459,1537,0.15010069782072202
77,1441,1518,0.15009968880861124
79,1423,1502,0.15010172483262138
80,1438,1518,0.15009753663906308
83,1438,1521,0.15009038369870148
82,1442,1524,0.15007429905437994
81,1436,1517,0.15006267492941322
84,1426,1510,0.15005488525029045
81,1417,1498,0.15003819392360312
81,1409,1490,0.15003180186298481
82,1420,1502,0.15002582266052206
83,1412,1495,0.1500173007180135
80,1415,1495,0.1500061643584788
79,1429,1508,0.15000532212384138
81,1431,1512,0.15000778358750658
80,1431,1511,0.15000387746405136
77,1439,1516,0.15000355027709372
78,1437,1515,0.15001253558408842
77,1443,1520,0.1500175859009967
76,1440,1516,0.1500253166610629
77,1438,1515,0.15003569933485036
77,1446,1523,0.150042466816383
73,1448,1521,0.150048780702802
73,1450,1523,0.15006719413022673
73,1437,1510,0.15008432152233125
70,1438,1508,0.15010042990431358
69,1445,1514,0.15012486230607458
70,1451,1521,0.15015043071129208
69,1455,1524,0.15017127271567263
70,1454,1524,0.15019394623723428
69,1440,1509,0.15021247562964452
69,1437,1506,0.1502330264530098
70,1446,1516,0.15025227227594495
70,1448,1518,0.15026719344443534
67,1443,1510,0.1502812029714928
68,1453,1521,0.15030351577854936
67,1447,1514,0.1503212755471526
68,1450,1518,0.15034081319236328
68,1439,1507,0.15035597298386294
64,1451,1515,0.15037049336711306
66,1442,1508,0.15039629120759831
66,1459,1525,0.15041440320018815
69,1451,1520,0.15043161436986158
69,1446,1515,0.15043881786263952
68,1466,1534,0.15044553266813881
66,1452,1518,0.15045478075619897
66,1454,1520,0.15046947490451792
66,1442,1508,0.15048325829985568
67,1443,1510,0.1504961729879979
67,1454,1521,0.150505098716477
64,1460,1524,0.15051347377465515
63,1462,1525,0.15053069152382711
64,1456,1520,0.15054989419886206
64,1458,1522,0.15056464488167837
64,1457,1521,0.15057846140838976
62,1459,1521,0.1505915361899852
62,1450,1512,0.1506101682279224
58,1466,1524,0.15062756014286638
58,1457,1515,0.15065632594830333
58,1459,1517,0.15068325133999338
60,1458,1518,0.15070854527472352
58,1473,1531,0.15072600453965695
58,1466,1524,0.1507487085357393
55,1467,1522,0.15076984607592273
57,1464,1521,0.15079898064663821
58,1455,1513,0.15081995370529
59,1457,1516,0.15083655796871165
58,1464,1522,0.1508490608293507
57,1454,1511,0.15086387783735009
57,1460,1517,0.15088084901943952
57,1468,1525,0.1508967435330282
56,1453,1509,0.1509115118771194
54,1445,1499,0.1509285122410799
53,1460,1513,0.15095054795782314
54,1456,1510,0.15097434275354144
55,1459,1514,0.1509935524954981
59,1455,1514,0.15100858852345464
55,1448,1503,0.15101056654471134
55,1458,1513,0.1510248699120164
54,1458,1512,0.1510379843907042
54,1459,1513,0.15105348959341014
52,1460,1512,0.1510677692877766
51,1449,1500,0.15108734076371433
50,1462,1512,0.15110865585785527
55,1467,1522,0.15113179773410682
55,1463,1518,0.15113793261467529
54,1464,1518,0.15114377533731777
55,1460,1515,0.1511524440283235
57,1457,1514,0.15115746353592402
55,1463,1518,0.15115605974961693
55,1464,1519,0.1511611753267282
56,1452,1508,0.15116598273559773
56,1456,1512,0.15116735839608517
54,1441,1495,0.1511684600649687
55,1445,1500,0.15117593939640603
55,1439,1494,0.15117985851854115
54,1444,1498,0.15118340793624807
55,1448,1503,0.15118998250259577
55,1465,1520,0.15119300860964563
54,1462,1516,0.1511959289008118
55,1451,1506,0.15120206641942213
55,1443,1498,0.1512045357650409
54,1456,1510,0.15120667809773283
51,1453,1504,0.1512118467373907
51,1463,1514,0.15122584669238337
53,1473,1526,0.15123907461736313
51,1474,1525,0.15124527863495518
53,1464,1517,0.15125761305459068
51,1470,1521,0.15126282180265213
54,1458,1512,0.15127387698034309
55,1468,1523,0.15127499943206843
55,1464,1519,0.1512729794267324
53,1459,1512,0.1512711100983401
55,1444,1499,0.15127553830440635
50,1456,1506,0.15127331590241122
49,1465,1514,0.15128687111775135
50,1451,1501,0.15130269205662228
51,1460,1511,0.15131440842036595
48,1448,1496,0.15132230720477796
50,1455,1505,0.1513390724637651
52,1467,1519,0.15134839380446974
50,1472,1522,0.15135092649790358
49,1468,1517,0.15135971846072618
45,1459,1504,0.1513711338509474
44,1465,1509,0.15139433014093545
46,1470,1516,0.15141930168225545
44,1477,1521,0.15143651900721863
45,1475,1520,0.15145896446737872
45,1466,1511,0.15147704117175373
46,1465,1511,0.15149387988075844
47,1468,1515,0.15150653255643318
48,1466,1514,0.151515420447446
45,1479,1524,0.15152058347357844
44,1480,1524,0.1515349511138494
44,1479,1523,0.1515515462134509
44,1477,1521,0.15156734794386165
45,1484,1529,0.15158220326629382
43,1476,1519,0.15159318452885442
43,1480,1523,0.1516097715117845
47,1481,1528,0.15162515215312566
46,1465,1511,0.1516269578758899
47,1475,1522,0.15163166294478173
46,1476,1522,0.1516328847097315
47,1481,1528,0.15163734028533604
47,1473,1520,0.15163842181985943
48,1477,1525,0.15163954868146737
48,1482,1530,0.15163757711672715
50,1476,1526,0.15163591455690859
49,1479,1528,0.15162802247557394
49,1469,1518,0.15162373655304445
48,1481,1529,0.15161970487154966
48,1474,1522,0.15161897259711826
48,1477,1525,0.15161826187323446
45,1479,1524,0.15161745516859534
45,1483,1528,0.15162571974230343
45,1489,1534,0.15163354720235722
45,1476,1521,0.1516410575097252
46,1475,1521,0.15164811530345607
44,1466,1510,0.15165176828984653
43,1474,1517,0.151661544455526
42,1486,1528,0.1516738715930467
40,1493,1533,0.1516884748997768
41,1475,1516,0.15170840929313711
40,1478,1518,0.1517239891726087
40,1470,1510,0.15174178822238776
39,1461,1500,0.15175851282925026
36,1480,1516,0.15177718577574556
34,1477,1511,0.15180413565317494
35,1484,1519,0.1518358691029919
40,1486,1526,0.15186264458301585
41,1487,1528,0.15187183792382697
42,1473,1515,0.15187740730646226
41,1472,1513,0.15187942043169456
40,1467,1507,0.15188461866140052
41,1473,1514,0.1518926139487269
43,1482,1525,0.15189662536074788
41,1483,1524,0.15189430151174324
40,1473,1513,0.1518985048510024
39,1474,1513,0.15190576845381523
38,1484,1522,0.15191537699850158
37,1493,1530,0.15192806009306126
36,1495,1531,0.15194296909717728
37,1480,1517,0.1519601156943198
35,1485,1520,0.1519729384909881
35,1488,1523,0.1519913933467233
35,1488,1523,0.15200873474269547
32,1496,1528,0.15202502477919277
31,1491,1522,0.1520497228470922
30,1501,1531,0.15207610566753452
29,1491,1520,0.15210392125636454
30,1484,1514,0.1521331670521943
31,1480,1511,0.15215754587934138
31,1487,1518,0.1521774496967205
30,1495,1525,0.15219601114713777
31,1484,1515,0.15221671034360207
32,1482,1514,0.15223297483048423
32,1469,1501,0.15224506391346337
34,1460,1494,0.1522564661825694
34,1466,1500,0.15226086244156567
34,1471,1505,0.15226503877134576
33,1473,1506,0.15226898613454323
30,1490,1520,0.15227587591056274
27,1484,1511,0.1522919221334787
26,1499,1525,0.15231661179884226
26,1488,1514,0.1523427683638979
25,1486,1511,0.15236730219091513
28,1475,1503,0.15239339347861808
27,1485,1512,0.15240846151663298
27,1494,1521,0.15242553257247163
28,1497,1525,0.15244164443901176
26,1489,1515,0.1524535956510877
28,1482,1510,0.1524714444616661
28,1498,1526,0.1524816385810312
27,1503,1530,0.15249131073330166
27,1501,1528,0.15250362053970862
26,1501,1527,0.15251503254820917
25,1494,1519,0.1525289558159214
25,1496,1521,0.15254519636659983
27,1492,1519,0.15256046572092774
26,1477,1503,0.15256836277615504
26,1481,1507,0.15257903119266736
26,1496,1522,0.15258907322392956
27,1501,1528,0.15259850627120725
26,1493,1519,0.1526041724340359
25,1497,1522,0.1526126921317832
26,1477,1503,0.15262368427136191
26,1489,1515,0.15263107674311432
26,1489,1515,0.15263801434935473
26,1505,1531,0.15264453892127372
25,1493,1518,0.15265067300976554
24,1488,1512,0.1526596253664735
24,1489,1513,0.15267122267505034
24,1490,1514,0.15268211175914245
23,1487,1510,0.15269234090875572
22,1477,1499,0.15270515619055294
23,1478,1501,0.15272039449302102
25,1490,1515,0.15273151365467597
24,1492,1516,0.15273572326923426
23,1501,1524,0.15274296752368965
22,1502,1524,0.15275282920814948
24,1495,1519,0.15276541242031325
24,1490,1514,0.15277087167462594
27,1503,1530,0.15277605697208338
26,1513,1539,0.1527715163614062
26,1498,1524,0.15277054324837586
26,1488,1514,0.15276965698557607
24,1505,1529,0.15276851081005677
23,1505,1528,0.1527738302836964
23,1505,1528,0.15278197421248726
22,1512,1534,0.15278981638066422
22,1505,1527,0.15280013990437766
20,1499,1519,0.15280989345987372
20,1493,1513,0.15282517096205667
21,1496,1517,0.15283950280119613
21,1493,1514,0.15284970982444704
21,1502,1523,0.15285929559794292
22,1502,1524,0.15286835136052
23,1498,1521,0.15287373828688924
23,1500,1523,0.15287554159732392
24,1493,1517,0.15287727936861537
24,1507,1531,0.15287565771550726
22,1504,1526,0.15287424206471592
23,1488,1511,0.15287923172077383
25,1490,1515,0.15288079429178317
23,1489,1512,0.1528761683253373
23,1505,1528,0.1528784250827793
23,1494,1517,0.15288042933066506
23,1482,1505,0.1528822788561922
24,1490,1514,0.15288395945277553
24,1479,1503,0.1528824700040714
25,1483,1508,0.15288110736079752
25,1495,1520,0.15287668753156491
24,1509,1533,0.15287256954618095
23,1499,1522,0.15287178295305542
22,1487,1509,0.1528743238210893
22,1487,1509,0.15287969864283468
21,1475,1496,0.15288473332581476
21,1482,1503,0.1528926074797515
22,1487,1509,0.15289973043689606
21,1490,1511,0.1529034109480744
22,1496,1518,0.15291012748590577
21,1486,1507,0.15291342678382824
22,1485,1507,0.15291955604415752
23,1487,1510,0.152922234799308
23,1495,1518,0.1529215295785929
22,1493,1515,0.15292085815781978
22,1495,1517,0.15292353877646167
22,1497,1519,0.1529262671315259
22,1496,1518,0.15292883134650245
19,1487,1506,0.15293123214667792
17,1487,1504,0.15294273250059606
17,1499,1516,0.1529599965417485
16,1507,1523,0.15297620727647718
17,1509,1526,0.15299464621882014
17,1510,1527,0.15300873725278502
17,1501,1518,0.1530219663788074
17,1497,1514,0.15303458505040365
17,1491,1508,0.15304645633028932
17,1494,1511,0.1530576057648594
18,1498,1516,0.1530679390586184
18,1505,1523,0.15307457241315692
16,1508,1524,0.1530808450816992
16,1498,1514,0.15309285406530912
16,1494,1510,0.15310420217858423
16,1487,1503,0.15311488263193862
14,1498,1512,0.1531249260635671
12,1493,1505,0.1531406785209843
13,1502,1515,0.15316188566465155
13,1503,1516,0.15317871378020714
13,1494,1507,0.15319451841791593
14,1503,1517,0.1532093666333795
14,1513,1527,0.1532202109169406
14,1502,1516,0.15323039750027287
14,1507,1521,0.15323996917809146
15,1501,1516,0.15324896636669474
14,1498,1512,0.15325412032375346
14,1497,1511,0.15326206489869348
15,1504,1519,0.15326955469367629
14,1508,1522,0.15327357562741672
15,1515,1530,0.153280354582111
14,1523,1537,0.15328373754160796
14,1513,1527,0.15329001654503802
14,1515,1529,0.15329589472577052
13,1500,1513,0.15330141693874397
13,1506,1519,0.15330976436327032
13,1505,1518,0.15331759115425178
13,1500,1513,0.153324941847369
13,1485,1498,0.1533318491230144
13,1496,1509,0.15333834119107526
14,1494,1508,0.15334444379360535
14,1497,1511,0.1533471480890815
13,1499,1512,0.15334965892895933
14,1506,1520,0.15335510447502915
13,1501,1514,0.15335704873716172
14,1509,1523,0.15336200058993568
14,1513,1527,0.15336350294977785
13,1511,1524,0.1533649365196641
14,1507,1521,0.15336943199902944
16,1502,1518,0.15337048977593903
17,1509,1526,0.15336521893786564
18,1498,1516,0.15335706225453907
19,1505,1524,0.1533463071800962
19,1504,1523,0.15333315974904502
17,1488,1505,0.15332083147172762
17,1502,1519,0.15331560806238567
18,1496,1514,0.1533107231696203
19,1492,1511,0.15330303510128895
20,1491,1511,0.1532926832150632
20,1483,1503,0.15327990827014806
22,1488,1510,0.15326792058216573
22,1497,1519,0.1532502399408197
22,1499,1521,0.1532337578431098
21,1493,1514,0.15321844265542992
21,1480,1501,0.15320716952779365
21,1475,1496,0.15319659334288463
21,1487,1508,0.1531866641325993
21,1498,1519,0.1531773386119439
21,1490,1511,0.15316857852702456
20,1490,1510,0.15316055716835497
19,1482,1501,0.15315616487848402
19,1490,1509,0.15315508608226072
18,1485,1503,0.15315403693164403
17,1490,1507,0.15315613363712643
19,1492,1511,0.15316110178508258
19,1495,1514,0.15315961147977142
19,1492,1511,0.15315825733480132
19,1489,1508,0.15315692251810972
18,1500,1518,0.1531556574041079
19,1498,1517,0.15315748750682473
19,1502,1521,0.1531562248763808
20,1502,1522,0.1531550090197767
19,1502,1521,0.15315088261256588
19,1489,1508,0.15315034626064486
20,1504,1524,0.15314977245452346
20,1498,1518,0.15314615244656246
20,1491,1511,0.15314277668896528
21,1484,1505,0.15313961378404645
21,1482,1503,0.15313342622903164
20,1478,1498,0.15312767842306838
20,1487,1507,0.15312534409266856
20,1485,1505,0.15312313581243092
20,1493,1513,0.15312098256297094
18,1478,1496,0.15311899577073743
18,1493,1511,0.15312317065981826
17,1504,1521,0.1531270956626289
20,1499,1519,0.15313378793253662
19,1510,1529,0.15313094599523136
19,1506,1525,0.15313133097282655
20,1509,1529,0.1531316666889605
19,1492,1511,0.1531288523703698
19,1491,1510,0.1531292795574947
20,1493,1513,0.1531296852658152
19,1502,1521,0.1531269913995309
20,1490,1510,0.15312752488463063
19,1478,1497,0.15312486120887628
19,1485,1504,0.1531254174183312
18,1490,1508,0.15312594470746851
18,1487,1505,0.15312953744397903
18,1492,1510,0.15313288729310465
19,1500,1519,0.15313602489425143
19,1482,1501,0.15313588211960116
19,1488,1507,0.15313574042533618
19,1496,1515,0.15313560244903138
20,1481,1501,0.15313547099089767
20,1491,1511,0.1531322145799322
21,1478,1499,0.15312916749012587
20,1492,1512,0.15312330957504985
20,1494,1514,0.1531208858403702
21,1487,1508,0.1531185202762203
21,1505,1526,0.1531132177991332
22,1496,1518,0.1531084588355479
23,1484,1507,0.15310092738575987
24,1480,1504,0.15309081672544353
23,1495,1518,0.1530783959491535
24,1489,1513,0.15306983680911732
24,1483,1507,0.1530586859705371
25,1480,1505,0.15304824965858127
25,1491,1516,0.15303538232698327
25,1497,1522,0.15302334645356985
26,1497,1523,0.15301206648689675
25,1489,1514,0.15299846923601193
25,1495,1520,0.1529888279682747
22,1482,1504,0.15297976375330813
23,1503,1526,0.15298020271154653
23,1502,1525,0.1529776980700668
23,1508,1531,0.15297530648504304
24,1497,1521,0.15297304549405566
23,1491,1514,0.1529678952679169
22,1485,1507,0.15296601558322998
23,1479,1502,0.15296733750221755
22,1502,1524,0.1529655604591635
24,1509,1533,0.15296685699484566
23,1504,1527,0.1529620125935774
23,1491,1514,0.1529605759577635
22,1483,1505,0.15295916370207757
20,1486,1506,0.1529608986177369
21,1510,1531,0.15296842904585464
19,1512,1531,0.15297257256210264
20,1504,1524,0.15298256289575168
20,1505,1525,0.15298893417691276
20,1494,1514,0.15299494197370853
20,1500,1520,0.15300058682559764
20,1509,1529,0.15300588929200706
20,1499,1519,0.15301087001992142
19,1493,1512,0.15301554869070558
17,1491,1508,0.15302300450222478
17,1499,1516,0.15303604938660584
17,1502,1519,0.15304829956613022
19,1506,1525,0.15305976208097874
19,1491,1510,0.15306451524378076
19,1507,1526,0.15306896173136608
19,1497,1516,0.15307314462856236
20,1498,1518,0.15307704496065658
18,1499,1517,0.1530776426139962
20,1504,1524,0.1530842699685696
19,1500,1519,0.15308430523369482
18,1501,1519,0.1530873649930453
19,1505,1524,0.15309341170031845
17,1495,1512,0.1530959755015172
17,1495,1512,0.15310449113278624
19,1501,1520,0.15311249871308877
18,1492,1510,0.15311401654074835
18,1486,1504,0.15311852830126857
17,1493,1510,0.15312274403266413
17,1499,1516,0.15312979540374605
17,1501,1518,0.15313643309254954
19,1499,1518,0.15314254847043396
19,1511,1530,0.1531421703794591
18,1501,1519,0.15314183973540554
18,1506,1524,0.1531446676399828
18,1496,1514,0.15314730870161866
15,1501,1516,0.15314978285184414
15,1513,1528,0.15316124291969743
14,1502,1516,0.15317201260126992
13,1501,1514,0.15318523171005655
13,1502,1515,0.1532007925701263
13,1515,1528,0.15321539886088892
14,1505,1519,0.15322911483315452
15,1500,1515,0.15323892545370849
16,1494,1510,0.15324501870166776
16,1488,1504,0.1532475941805603
16,1501,1517,0.15325003782814242
17,1500,1517,0.15325229976824198
17,1505,1522,0.1532512929153294
16,1500,1516,0.15325038466371685
16,1500,1516,0.15325263610991274
17,1495,1512,0.15325476916729838
17,1498,1515,0.1532537716871799
18,1499,1517,0.1532528093817996
18,1502,1520,0.1532488124292652
18,1491,1509,0.15324488676559367
18,1495,1513,0.1532412633300756
18,1500,1518,0.15323788934811522
18,1492,1510,0.15323486114424603
18,1500,1518,0.15323197119654217
19,1494,1513,0.15322922146422216
20,1504,1524,0.15322349437470106
20,1502,1522,0.15321513437330192
19,1496,1515,0.15320726079937855
20,1486,1506,0.15320285346484697
20,1484,1504,0.15319570798241403
21,1484,1505,0.1531890055513133
20,1504,1524,0.15317971105101852
19,1500,1519,0.15317410812650398
19,1485,1504,0.15317195462454822
18,1487,1505,0.15316990003952935
18,1496,1514,0.15317104233643872
19,1486,1505,0.15317193552653113
20,1488,1508,0.15316984196928504
20,1492,1512,0.15316470631710188
20,1503,1523,0.1531599052709717
19,1502,1521,0.15315540524871754
18,1500,1518,0.15315432556765235
18,1504,1522,0.15315642549930034
19,1504,1523,0.15315837019333509
19,1503,1522,0.1531570467606064
19,1510,1529,0.15315582094043778
19,1515,1534,0.15315467495310098
19,1514,1533,0.153153600294969
17,1506,1523,0.15315259148387764
17,1492,1509,0.15315776297924416
17,1483,1500,0.15316265156199585
18,1483,1501,0.15316724005735743
18,1488,1506,0.15316839533143306
16,1492,1508,0.1531694945942935
16,1502,1518,0.15317669768179878
17,1489,1506,0.1531834475637891
16,1502,1518,0.15318678368556793
16,1488,1504,0.15319286072549565
16,1502,1518,0.15319855833691462
15,1502,1517,0.1532039267321091
15,1507,1522,0.15321199450407846
15,1510,1525,0.15321962565035704
14,1493,1507,0.15322680423583
14,1503,1517,0.15323657822667575
17,1494,1511,0.15324579100415042
15,1496,1511,0.1532452208897993
15,1490,1505,0.1532506790771231
14,1501,1515,0.15325588974614932
15,1511,1526,0.1532639367746226
15,1504,1519,0.15326834371147963
15,1496,1511,0.1532725057435172
17,1482,1499,0.15327642054016696
16,1492,1508,0.15327384246503833
16,1488,1504,0.1532745899400579
16,1482,1498,0.1532752765708146
16,1492,1508,0.153275918544712
17,1499,1516,0.15327652133884737
15,1503,1518,0.15327396102061372
15,1500,1515,0.153277828086343
15,1511,1526,0.15328144786763676
17,1503,1520,0.15328490844213824
16,1510,1526,0.1532818552065402
16,1499,1515,0.15328213409806582
18,1493,1511,0.1532823902740603
18,1491,1509,0.1532764059300279
18,1506,1524,0.15327082215890203
21,1508,1529,0.15326558163737858
21,1500,1521,0.15325129220017128
21,1504,1525,0.15323794099704707
21,1501,1522,0.15322541973663092
21,1501,1522,0.15321361795373822
20,1486,1506,0.15320257120994302
21,1496,1517,0.15319531510660536
23,1479,1502,0.15318533220050687
22,1490,1512,0.15316986380033032
21,1492,1513,0.15315840487014917
20,1494,1514,0.15315077746935685
21,1485,1506,0.15314671281608697
22,1496,1518,0.1531397058317347
24,1508,1532,0.15313006376448293
23,1499,1522,0.15311483862353747
23,1498,1521,0.15310371448988008
23,1504,1527,0.15309331557405537
23,1504,1527,0.15308355368517312
23,1512,1535,0.1530744187567601
24,1515,1539,0.15306581772988045
24,1508,1532,0.15305474906720115
25,1504,1529,0.15304424006353914
25,1500,1525,0.1530313088560434
23,1492,1515,0.15301919873972342
23,1488,1511,0.15301401506875087
23,1483,1506,0.15300909645997846
23,1504,1527,0.1530044559301764
23,1495,1518,0.15300008579992525
21,1502,1523,0.15299597315940186
19,1502,1521,0.1529982874529453
18,1500,1518,0.1530065878510586
19,1494,1513,0.15301746816497994
19,1496,1515,0.15302455195283982
20,1505,1525,0.15303120762929812
20,1512,1532,0.153034363209441
20,1500,1520,0.15303734794853377
20,1509,1529,0.1530401528609443
17,1500,1517,0.15304285654225866
17,1489,1506,0.15305455312803498
18,1487,1505,0.1530655235185153
17,1483,1500,0.15307270085700517
17,1503,1520,0.1530826002310027
16,1500,1516,0.15309188591550899
15,1498,1513,0.15310386800827586
17,1496,1513,0.15311812520618479
17,1503,1520,0.1531253197368617
18,1518,1536,0.15313210612445732
18,1514,1532,0.1531353604536241
18,1511,1529,0.1531384489801644
18,1505,1523,0.15314136084576022
18,1498,1516,0.15314410256410044
18,1493,1511,0.15314668292431452
18,1502,1520,0.15314922268274375
17,1500,1517,0.15315155396831603
18,1503,1521,0.15315676838970155
19,1505,1524,0.1531586242364109
19,1497,1516,0.15315739360594946
19,1495,1514,0.1531562186107192
20,1505,1525,0.1531551201380009
20,1502,1522,0.15315096116291557
20,1496,1516,0.15314708597115886
21,1507,1528,0.1531435386137951
21,1508,1529,0.15313705847926273
20,1503,1523,0.1531309908419983
21,1506,1527,0.15312841536792635
21,1504,1525,0.15312299284451442
22,1503,1525,0.15311787267764884
22,1512,1534,0.15310991921109732
22,1502,1524,0.15310247228308196
22,1487,1509,0.15309549107856943
22,1487,1509,0.15308894248088964
22,1490,1512,0.15308279755590584
22,1503,1525,0.15307707891288796
22,1503,1525,0.153071730605009
21,1499,1520,0.1530667153213694
20,1502,1522,0.1530651298567863
20,1499,1519,0.15306660431495034
21,1499,1520,0.15306806455122896
21,1509,1530,0.15306632796513214
20,1508,1528,0.15306470907731723
21,1503,1524,0.15306605960555
21,1499,1520,0.15306431464905285
22,1500,1522,0.15306270436861305
22,1503,1525,0.15305824768581405
22,1504,1526,0.15305404775717052
22,1501,1523,0.15305010964959448
21,1502,1523,0.1530464164808142
22,1500,1522,0.15304593653093143
22,1495,1517,0.15304242640583288
21,1496,1517,0.153039132562062
22,1507,1529,0.15303899519305797
21,1502,1523,0.15303589694888647
23,1492,1515,0.15303606133886413
23,1505,1528,0.15302998843192456
24,1502,1526,0.15302433454418035
23,1505,1528,0.1530159073478474
22,1507,1529,0.15301106732869443
22,1503,1525,0.15300967664153148
22,1509,1531,0.1530083646842647
23,1507,1530,0.15300712741905514
22,1494,1516,0.15300296717622397
22,1506,1528,0.15300220118654898
22,1496,1518,0.1530014686515756
21,1493,1514,0.1530008792558973
21,1495,1516,0.1530034728760383
22,1492,1514,0.15300572942337742
23,1478,1501,0.15300486926314277
23,1473,1496,0.15300105277819256
21,1489,1510,0.152997438293303
21,1503,1524,0.15300012571329316
19,1509,1528,0.15300248504729436
19,1507,1526,0.1530107653905863
19,1505,1524,0.1530185486466465
18,1497,1515,0.15302584980675427
20,1491,1511,0.15303575997147578
20,1477,1497,0.1530390314161321
22,1473,1495,0.15304215236202848
22,1482,1504,0.15303893944002478
21,1472,1493,0.15303590346309445
22,1487,1509,0.15303617031902556
22,1493,1515,0.1530334188469488
22,1486,1508,0.15303080196225516
22,1482,1504,0.15302834106423194
22,1484,1506,0.15302602965353693
23,1487,1510,0.15302385935493645
23,1482,1505,0.1530187455017583
22,1496,1518,0.1530139770394603
22,1493,1515,0.15301267599564228
23,1486,1509,0.15301145276114364
24,1490,1514,0.15300713251616416
24,1490,1514,0.15300015422200622
24,1496,1520,0.15299360090807862
23,1479,1502,0.15298744165315067
22,1473,1495,0.15298461909667233
22,1480,1502,0.15298505919693603
21,1477,1498,0.1529854420438777
21,1481,1502,0.1529889502622645
21,1483,1504,0.15299222984849845
20,1491,1511,0.15299531634433683
21,1494,1515,0.15300117977059366
21,1484,1505,0.1530036744724633
21,1478,1499,0.15300602383194653
20,1489,1509,0.15300817340233203
16,1482,1498,0.15301318242748618
16,1483,1499,0.15303004530653927
15,1480,1495,0.15304587714832685
15,1497,1512,0.15306374198082298
15,1496,1511,0.15308056147281182
14,1490,1504,0.15309636735446555
14,1506,1520,0.15311418887206588
14,1525,1539,0.15313096999732673
14,1523,1537,0.15314674352241053
14,1521,1535,0.15316156778025392
14,1511,1525,0.15317549975397324
15,1501,1516,0.15318861103698395
13,1491,1504,0.15319784801244482
14,1492,1506,0.1532126342598194
15,1493,1508,0.15322345308367763
15,1484,1499,0.15323052709560028
14,1490,1504,0.15323716918371372
13,1504,1517,0.1532464829424504
13,1494,1507,0.15325832236853423
13,1497,1510,0.1532694639458286
12,1497,1509,0.15327994230941874
13,1512,1525,0.15329280716883995
13,1506,1519,0.15330184184602488
12,1513,1525,0.15331039079249215
10,1503,1513,0.15332150667711972
11,1502,1513,0.15333818022592013
10,1504,1514,0.15335077004194142
12,1502,1514,0.15336576060392915
13,1488,1501,0.15337362519326717
13,1490,1503,0.15337792914186735
12,1492,1504,0.15338200548332168
12,1499,1511,0.1533889817552166
13,1503,1516,0.15339552207765528
14,1498,1512,0.15339855287306176
13,1510,1523,0.15339830584024583
13,1503,1516,0.153401144543861
13,1496,1509,0.15340381466890293
15,1496,1511,0.1534063474374903
14,1496,1510,0.1534026169549103
16,1493,1509,0.15340209167506735
16,1492,1508,0.1533955734558633
15,1500,1515,0.15338936486825958
15,1500,1515,0.15338658968796406
16,1505,1521,0.15338397815803081
16,1510,1526,0.1533784422471066
16,1512,1528,0.15337328836899475
16,1508,1524,0.15336829204699787
16,1502,1518,0.15336365724672266
16,1505,1521,0.1533593158457814
15,1516,1531,0.1533552429602648
15,1518,1533,0.15335453280561223
15,1510,1525,0.15335384231166255
14,1501,1515,0.15335318790708943
12,1488,1500,0.15335564709021038
14,1487,1501,0.15336407593270668
13,1502,1515,0.15336581061567064
14,1493,1507,0.15337060004738692
14,1483,1497,0.15337208195535912
14,1484,1498,0.15337344640712844
14,1503,1517,0.1533747274773998
15,1499,1514,0.15337593166557045
15,1493,1508,0.1533740820825646
15,1491,1506,0.1533723258019507
15,1489,1504,0.1533706794638606
16,1490,1506,0.1533691365323645
17,1499,1516,0.15336458054278862
17,1505,1522,0.15335718908307078
16,1495,1511,0.15335026762329812
15,1487,1502,0.15334692025474891
16,1499,1515,0.15334657568036816
15,1496,1511,0.15334323146818696
15,1492,1507,0.1533432290372912
15,1480,1495,0.15334320591411268
16,1492,1508,0.15334317918105664
16,1504,1520,0.15334002688125525
16,1502,1518,0.153337089788422
16,1508,1524,0.15333433586766074
13,1513,1526,0.15333175084790412
13,1511,1524,0.15333849817198228
14,1511,1525,0.15334486141267567
14,1508,1522,0.1533478287199772
14,1503,1517,0.15335068008195257
14,1501,1515,0.15335330609775039
12,1505,1517,0.1533557675451975
12,1508,1520,0.15336425608795165
14,1502,1516,0.15337224926624657
13,1497,1510,0.1533735159993575
13,1501,1514,0.15337785789803687
13,1514,1527,0.15338193199913633
12,1511,1523,0.15338576315085864
12,1515,1527,0.1533924949613711
12,1507,1519,0.1533988010425613
12,1505,1517,0.15340472334558097
11,1507,1518,0.15341028764046766
10,1508,1518,0.15341861667371348
10,1508,1518,0.15342950189311208
10,1508,1518,0.15343973850174067
10,1506,1516,0.15344936582669821
10,1498,1508,0.15345841812568847
10,1505,1515,0.15346689485896708
9,1500,1509,0.15347491193599574
8,1505,1513,0.1534856153442432
8,1510,1518,0.15349878829209623
8,1524,1532,0.15351115962189843
8,1515,1523,0.15352279325208845
8,1510,1518,0.15353373352593896
9,1501,1510,0.1535440981533094
9,1498,1507,0.15355065930562545
9,1508,1517,0.15355684146948909
9,1500,1509,0.15356265363967034
9,1511,1520,0.15356811833989809
10,1523,1533,0.15357325671406227
9,1513,1522,0.1535750396273344
9,1495,1504,0.15357984496657745
8,1503,1511,0.15358435478047006
9,1499,1508,0.15359175890447216
10,1496,1506,0.1535956610877779
10,1489,1499,0.1535961358063708
9,1508,1517,0.15359659532730607
9,1506,1515,0.15360004817996303
9,1510,1519,0.15360332746251834
9,1507,1516,0.15360641327401214
9,1516,1525,0.15360931529527072
8,1527,1535,0.15361204430294342
7,1520,1527,0.15361777151915135
8,1522,1530,0.15362610293059287
7,1511,1518,0.15363093396577743
7,1503,1510,0.15363851883963675
6,1502,1508,0.1536456923721039
9,1509,1518,0.15365562354276455
9,1508,1517,0.15365561822064105
9,1501,1510,0.15365555522509744
9,1496,1505,0.1536554868420659
9,1501,1510,0.15365541947721092
9,1510,1519,0.153655355115896
8,1517,1525,0.15365529437286785
8,1502,1510,0.15365838486822608
8,1505,1513,0.15366127849934172
9,1487,1496,0.15366400061103383
9,1498,1507,0.15366344411509253
7,1505,1512,0.15366292172316073
7,1494,1501,0.15366872778667365
7,1517,1524,0.15367417609616718
7,1499,1506,0.15367930234224153
7,1498,1505,0.1536841254049502
7,1502,1509,0.15368866280320748
7,1503,1510,0.15369293115694563
7,1512,1519,0.15369694622198118
6,1504,1510,0.153700722902401
6,1513,1519,0.1537073695464905
6,1500,1506,0.15371367457138901
5,1492,1497,0.1537196165913963
5,1499,1504,0.15372835035592755
5,1497,1502,0.1537365827452356
5,1509,1514,0.15374433833995782
5,1491,1496,0.15375164041843298
5,1501,1506,0.15375851353886663
5,1506,1511,0.1537649818713648
5,1524,1529,0.15377106865463186
5,1523,1528,0.15377679601524014
5,1520,1525,0.15378218492224965
5,1509,1514,0.15378725519779096
5,1522,1527,0.15379202555223692
5,1519,1524,0.15379651363029043
5,1503,1508,0.1538007360615402
5,1516,1521,0.15380470851225264
5,1526,1531,0.15380844573671035
5,1517,1522,0.15381196162719635
5,1518,1523,0.15381520662802703
5,1519,1524,0.15381829757628526
5,1526,1531,0.1538212079842765
5,1520,1525,0.15382394686754078
5,1512,1517,0.15382652394018653
5,1501,1506,0.1538289485987071
6,1497,1503,0.15383122976979663
6,1501,1507,0.15383021296420382
6,1500,1506,0.15382927530042145
6,1505,1511,0.15382839458893813
6,1514,1520,0.15382756673384937
6,1515,1521,0.15382678850452586
6,1513,1519,0.15382605689775172
6,1515,1521,0.15382536908255498
5,1507,1512,0.153824722394839
4,1511,1515,0.15382723333832393
3,1514,1517,0.15383275778348224
3,1523,1526,0.15384105709353763
3,1531,1534,0.15384892487678212
3,1519,1522,0.15385634306790372
3,1524,1527,0.1538633302087696
3,1514,1517,0.1538699084997229
2,1512,1514,0.1538761004781592
2,1530,1532,0.15388506797856633
2,1527,1529,0.15389351626754194
2,1530,1532,0.1539014736472155
2,1531,1533,0.15390896546704377
2,1534,1536,0.15391601754153503
2,1532,1534,0.15392265490956725
2,1519,1521,0.15392890148916447
2,1508,1510,0.15393477998093189
2,1524,1526,0.1539403118602211
2,1514,1516,0.15394551740670084
2,1513,1515,0.15395041575061083
2,1513,1515,0.15395502492606034
2,1505,1507,0.15395936192657866
2,1502,1504,0.153963442760485
2,1499,1501,0.15396728250484204
2,1508,1510,0.15397089535738984
3,1497,1500,0.153974294686183
3,1507,1510,0.15397433448857406
3,1510,1513,0.15397436778041831
3,1513,1516,0.15397439384910835
3,1506,1509,0.15397441572322224
3,1514,1517,0.15397443474980332
3,1517,1520,0.15397445165182255
3,1525,1528,0.1539744668622543
3,1524,1527,0.15397448066120528
3,1527,1530,0.1539744932427157
3,1525,1528,0.15397450475017643
3,1531,1534,0.15397451529583106
3,1522,1525,0.15397452497174882
3,1519,1522,0.1539745338561386
3,1523,1526,0.1539745420170981
3,1525,1528,0.15397454951494033
3,1516,1519,0.15397455640371738
3,1516,1519,0.1539745627322761
3,1512,1515,0.15397456854503092
2,1506,1508,0.153974573882553
2,1521,1523,0.1539776744015089
2,1523,1525,0.15398063940892437
2,1513,1515,0.15398343883792548
2,1507,1509,0.15398607724748242
2,1510,1512,0.15398856222447108
2,1508,1510,0.15399090189239253
2,1510,1512,0.1539931043098766
2,1511,1513,0.15399517726738737
2,1499,1501,0.1539971282094662
2,1492,1494,0.15399896420756484
2,1505,1507,0.1540006919562768
2,1519,1521,0.15400231778100143
1,1518,1519,0.15400384765117484
1,1513,1514,0.15400848435810954
1,1506,1507,0.1540128399825645
1,1504,1505,0.15401694303696056
1,1508,1509,0.15402080716361566
0,1497,1497,0.1540244454227382
