1374,27,1401,0.13583912428549752
1401,31,1432,0.13299992215449122
1414,26,1440,0.13033412929529659
1433,28,1461,0.12786695142143606
1447,29,1476,0.12556707755954066
1456,29,1485,0.12343458167392964
1441,29,1470,0.12146821013152355
1443,27,1470,0.1197153307894641
1443,29,1472,0.11811275353556404
1456,29,1485,0.1166521925891583
1469,29,1498,0.11528982152795873
1464,28,1492,0.11401712652954518
1475,30,1505,0.11286984559084384
1478,29,1507,0.11179888685304797
1482,30,1512,0.11081691767746168
1467,30,1497,0.10991307867524867
1462,32,1494,0.10912458398116438
1463,35,1498,0.10841816305984107
1469,33,1502,0.10777240491098958
1455,35,1490,0.10717084190185609
1428,35,1463,0.1066543742332806
1431,35,1466,0.10624432383274535
1425,35,1460,0.10586413292693905
1434,35,1469,0.10553130695056526
1443,36,1479,0.10520763505754119
1445,36,1481,0.10489242340466622
1453,34,1487,0.10459991823036663
1455,35,1490,0.10431607238509294
1465,36,1501,0.10405315790684355
1457,34,1491,0.10379180342909619
1458,34,1492,0.10357147547685176
1450,35,1485,0.10336854911181576
1460,35,1495,0.10320091357075593
1460,34,1494,0.10302639399419565
1459,34,1493,0.1028677428475087
1459,33,1492,0.1027254275506095
1479,29,1508,0.10259597160807203
1462,28,1490,0.10243502228074
1460,31,1491,0.10232479608639235
1474,32,1506,0.10222854427133227
1471,32,1503,0.10211097956719495
1470,32,1502,0.10201049998732029
1471,33,1504,0.10192065507169758
1466,34,1500,0.10183668882114386
1466,34,1500,0.1017711928963812
1471,34,1505,0.10171177682441644
1473,34,1507,0.10164705173852571
1467,36,1503,0.10158377212938317
1456,37,1493,0.10153840066028702
1442,39,1481,0.10152070649832595
1442,40,1482,0.10153475801828954
1454,42,1496,0.10154761335626458
1463,43,1506,0.10153381785648982
1460,43,1503,0.10150233056567018
1465,44,1509,0.10148009960676763
1459,43,1502,0.10144916965616456
1463,42,1505,0.10143381083133647
1458,42,1500,0.10141152502878256
1449,40,1489,0.10140134059366954
1442,42,1484,0.10141088618603414
1446,44,1490,0.10143492917162891
1455,43,1498,0.10144841657092632
1454,43,1497,0.10144171730696304
1455,42,1497,0.1014374992148415
1445,43,1488,0.10143147415795938
1427,44,1471,0.10144764138523665
1442,45,1487,0.10150051291107742
1434,46,1480,0.10151668046460133
1435,50,1485,0.10154898232343147
1438,50,1488,0.10157602967341971
1440,47,1487,0.10159411747280203
1452,47,1499,0.10160592935236781
1444,47,1491,0.10159121459055996
1440,45,1485,0.10159513764222464
1442,47,1489,0.10160751954192104
1447,47,1494,0.1016149143535349
1437,47,1484,0.10161103005670089
1434,50,1484,0.10162832369600433
1437,54,1491,0.10165084118463398
1427,57,1484,0.10166525823393421
1424,55,1479,0.10169986144743792
1431,58,1489,0.10173786525183331
1423,59,1482,0.10175773672848937
1424,59,1483,0.10179288295636685
1438,58,1496,0.10182299793672545
1429,56,1485,0.10182062187046391
1446,58,1504,0.10183771866513926
1432,57,1489,0.10181684461002209
1439,59,1498,0.10182821285989468
1435,59,1494,0.10182345138398126
1428,61,1489,0.10182765166860182
1428,61,1489,0.10184635334503284
1420,57,1477,0.10186322402934803
1432,60,1492,0.10189605356191705
1423,60,1483,0.10190013451763055
1428,59,1487,0.10192389966289056
1412,61,1473,0.10193460732586646
1412,64,1476,0.10197882624683459
1408,66,1474,0.10201959322523059
1424,68,1492,0.10206507861331922
1428,68,1496,0.1020719659415646
1432,69,1501,0.10206984803543596
1430,69,1499,0.10205901160411625
1419,71,1490,0.1020533280323804
1432,72,1504,0.10207182049256378
1433,72,1505,0.1020609481180762
1436,72,1508,0.10204904511157588
1428,72,1500,0.102031903130429
1439,72,1511,0.10203344479976613
1440,72,1512,0.10201103811959188
1423,72,1495,0.10198878207866156
1422,73,1495,0.10200511254994073
1417,73,1490,0.10202199554566041
1417,73,1490,0.10204837098375855
1412,74,1486,0.10207249159268712
1419,74,1493,0.10210500329565526
1428,74,1502,0.10211923221975247
1430,77,1507,0.10211314740150725
1423,75,1498,0.10210339448461493
1429,73,1502,0.1021095255151976
1420,71,1491,0.10210207764277086
1416,70,1486,0.10211485503124856
1421,70,1491,0.10213559757995724
1420,71,1491,0.10214368533240814
1422,73,1495,0.10215382865477998
1429,72,1501,0.10215806454960312
1420,71,1491,0.10214696522092737
1424,74,1498,0.10215621120543443
1418,75,1493,0.10215669549902535
1416,80,1496,0.1021693262544303
1412,81,1493,0.1021858005068783
1408,82,1490,0.10220947896624714
1413,88,1501,0.10223969488776653
1419,88,1507,0.10225595799175281
1426,86,1512,0.10225784538736576
1422,85,1507,0.10224458982910185
1423,84,1507,0.10224149107224832
1422,84,1506,0.10223672777606917
1426,87,1513,0.10223445332118487
1416,87,1503,0.10222370409458445
1411,88,1499,0.10223573824035657
1421,91,1512,0.10225754673887323
1418,92,1510,0.10225648539310647
1412,95,1507,0.10226154826539967
1404,95,1499,0.10227893450961296
1407,96,1503,0.10231220233472406
1403,97,1500,0.10233597466593636
1404,98,1502,0.10236597764779606
1418,97,1515,0.10239103233306011
1412,100,1512,0.10238393259468469
1416,103,1519,0.10239038822744567
1404,104,1508,0.1023877657936335
1387,104,1491,0.1024115765897039
1394,105,1499,0.10246954440271218
1392,103,1495,0.10250752997601201
1381,107,1488,0.10254645734561282
1379,103,1482,0.1026057473797957
1391,103,1494,0.10266431997146633
1384,104,1488,0.10269173056084611
1376,105,1481,0.10273161075429676
1379,107,1486,0.10278564372595181
1393,105,1498,0.10282837954763091
1380,107,1487,0.10283667412453358
1376,111,1487,0.10287211899374374
1377,110,1487,0.10291354939951254
1378,107,1485,0.10294920183072641
1374,110,1484,0.10297941907418245
1363,110,1473,0.10301571788219882
1371,110,1481,0.10307262733890987
1371,112,1483,0.10310774014889162
1386,110,1496,0.10313997884863398
1388,110,1498,0.10313680894551398
1382,111,1493,0.10312974678686515
1382,108,1490,0.10313637601128668
1394,110,1504,0.10314212624079713
1394,109,1503,0.10312097994771516
1390,108,1498,0.10310177297996445
1384,108,1492,0.10309296108515112
1388,106,1494,0.10309788809490503
1381,108,1489,0.10309444726541163
1390,108,1498,0.10310615450375822
1380,113,1493,0.10309733310636712
1373,115,1488,0.1031111576218765
1364,117,1481,0.10313944543490619
1370,119,1489,0.1031849288151511
1374,123,1497,0.10321410309694085
1380,122,1502,0.10323199654227025
1370,124,1494,0.10323547232652898
1373,123,1496,0.1032609017746286
1373,125,1498,0.10327769178860015
1369,126,1495,0.10329270696188395
1365,124,1489,0.10331496613346952
1357,127,1484,0.1033447471945774
1353,130,1483,0.10338881298837421
1332,134,1466,0.10343781628487324
1335,135,1470,0.10352770386294843
1343,138,1481,0.10360320809133924
1330,141,1471,0.10365511049861677
1323,145,1468,0.1037310141326796
1334,148,1482,0.10381562328180811
1328,148,1476,0.10386981098040962
1334,146,1480,0.10393279236178912
1332,147,1479,0.10397755408805566
1333,150,1483,0.10402308187458115
1331,155,1486,0.1040625031468971
1333,153,1486,0.10410270211267836
1332,156,1488,0.10413515768791186
1344,158,1502,0.10416706540012516
1335,158,1493,0.10416995867461204
1326,158,1484,0.1041928258460807
1306,158,1464,0.10423358015345782
1320,156,1476,0.10431468017344325
1326,156,1482,0.10435890987961301
1323,163,1486,0.10438599454829152
1318,165,1483,0.10441778767039668
1321,165,1486,0.10445780826691292
1317,172,1489,0.10448842994525843
1323,173,1496,0.10452572010838651
1324,175,1499,0.10454685407344229
1315,175,1490,0.10456389329030466
1321,180,1501,0.10459903280273858
1313,177,1490,0.10461802935438218
1318,179,1497,0.10465308722207282
1306,181,1487,0.10467398970167195
1315,174,1489,0.1047200155426458
1300,176,1476,0.10474218962206354
1305,178,1483,0.10479623028861265
1318,178,1496,0.10483494094082577
1306,179,1485,0.10484194948976983
1316,180,1496,0.10487509692006944
1310,188,1498,0.10488411884628843
1317,184,1501,0.10490549128383726
1323,182,1505,0.10490959627943795
1315,182,1497,0.10489968896273613
1316,184,1500,0.1049082536104327
1316,182,1498,0.1049139306524739
1308,185,1493,0.10491902802418773
1315,184,1499,0.10494116396718187
1317,186,1503,0.10494641194915957
1316,189,1505,0.10494734590737644
1309,190,1499,0.10495007423200196
1314,189,1503,0.10496809187859556
1309,188,1497,0.10497378251372393
1306,191,1497,0.10498972903269302
1306,188,1494,0.1050121437303363
1299,188,1487,0.10503248522535916
1314,189,1503,0.10506628058848883
1323,188,1511,0.10506303961956391
1320,184,1504,0.10504010992342738
1323,186,1509,0.10502561042246811
1321,183,1504,0.10500650732553124
1322,182,1504,0.10499371341600275
1323,186,1509,0.10497998251545075
1309,181,1490,0.10496568935441467
1312,181,1493,0.10498272473534181
1304,180,1484,0.10499117955136487
1307,177,1484,0.1050164891661854
1310,178,1488,0.10503271861666809
1307,174,1481,0.1050406381852924
1296,181,1477,0.10505577190471041
1286,182,1468,0.1050934988854464
1291,182,1473,0.10514997979436683
1292,181,1473,0.10519093702725028
1312,182,1494,0.10522588716009353
1309,183,1492,0.10521375723020211
1298,188,1486,0.1052092364935079
1314,187,1501,0.10522929130268961
1315,189,1504,0.10521289210027693
1303,189,1492,0.10519590416931907
1294,190,1484,0.10520676215742295
1300,192,1492,0.10523779239468728
1304,198,1502,0.10525242968994392
1320,197,1517,0.10525755310896842
1311,199,1510,0.10522762214561783
1293,191,1484,0.10522008125015919
1284,195,1479,0.10525246919790686
1290,193,1483,0.10530230639948603
1276,201,1477,0.10533550049641305
1277,200,1477,0.10539674022913022
1277,203,1480,0.10545106027585542
1272,209,1481,0.10550111346847015
1286,209,1495,0.10555879484008081
1280,208,1488,0.10558077544412975
1289,210,1499,0.10561425310330456
1296,204,1500,0.10562496072409523
1297,203,1500,0.1056197225785917
1293,197,1490,0.10561268377742597
1291,201,1492,0.10561422754430314
1293,198,1491,0.10562013633600573
1287,200,1487,0.10562152990280867
1288,202,1490,0.10563552302600548
1287,204,1491,0.10564597413941369
1289,207,1496,0.1056577228852213
1281,209,1490,0.10566292702528457
1277,203,1480,0.1056856275729304
1289,203,1492,0.10571485084490842
1283,201,1484,0.1057153825191979
1269,207,1476,0.10572948720570607
1279,207,1486,0.10577395319170915
1268,209,1477,0.10579158385607246
1277,213,1490,0.10583225847808554
1279,216,1495,0.10584969843479708
1267,212,1479,0.10586116577247029
1272,216,1488,0.1058982448442341
1263,216,1479,0.10592143023032692
1259,215,1474,0.10596256347292915
1272,221,1493,0.10600874458363395
1280,218,1498,0.10602232351444948
1289,215,1504,0.10601758091787847
1290,214,1504,0.1059937020952839
1287,213,1500,0.10596997663066603
1276,208,1484,0.1059548794569206
1275,208,1483,0.10596475307411606
1278,208,1486,0.10597644265655055
1269,216,1485,0.10598074660482823
1265,220,1485,0.10600508677846569
1264,224,1488,0.10603605947778778
1268,223,1491,0.106066052928874
1258,217,1475,0.10608452812372457
1269,225,1494,0.10612337456655306
1281,221,1502,0.10613532785973608
1280,220,1500,0.10611961940228268
1281,222,1503,0.10610659821379798
1267,224,1491,0.10609292120939724
1259,228,1487,0.10611146643080949
1262,227,1489,0.10614625557336707
1262,233,1495,0.10617172455747134
1262,232,1494,0.10619450253744848
1268,233,1501,0.10621606145412414
1270,237,1507,0.10622240902176706
1282,236,1518,0.10622392704512201
1263,234,1497,0.10619875504880766
1250,231,1481,0.10621777501500915
1252,233,1485,0.1062641143718098
1256,227,1483,0.10630216351955424
1240,230,1470,0.1063286613987148
1239,235,1474,0.10638848301212564
1249,237,1486,0.10644650334078368
1245,239,1484,0.10647730495483215
1260,237,1497,0.10651390919043256
1258,243,1501,0.1065144282483817
1254,238,1492,0.10651958611772752
1254,247,1501,0.10653346404287545
1241,247,1488,0.10654625373729193
1234,248,1482,0.10658683396683057
1237,239,1476,0.10663994377344878
1255,243,1498,0.10668155668714498
1249,242,1491,0.10667969371406989
1245,244,1489,0.1066917541678687
1263,250,1513,0.10671228931596712
1245,251,1496,0.10669050967917308
1235,256,1491,0.1067112059035837
1225,262,1487,0.1067536776160693
1222,261,1483,0.10681532369974164
1233,261,1494,0.10687796507749424
1226,267,1493,0.10691156626073607
1239,260,1499,0.10695774948672444
1240,262,1502,0.10697046986463957
1240,259,1499,0.10697972909138265
1226,258,1484,0.10698910387119685
1224,260,1484,0.10702868696789654
1215,258,1473,0.10706985839960242
1224,259,1483,0.10712817093812863
1227,258,1485,0.10716112865309921
1220,261,1481,0.10718380618189703
1227,261,1488,0.10722047834389407
1233,261,1494,0.10723778365013553
1240,261,1501,0.10724091220960083
1236,263,1499,0.10722886494372665
1227,264,1491,0.1072268574986685
1242,258,1500,0.1072458430938763
1244,262,1506,0.10723006507601919
1243,266,1509,0.10721178134825969
1242,268,1510,0.10719720416912612
1230,270,1500,0.10718651692701701
1230,272,1502,0.10720311206305974
1230,268,1498,0.10721786746425613
1237,271,1508,0.1072311323899266
1219,270,1489,0.10722806738107252
1235,267,1502,0.10726508755558666
1228,268,1496,0.10726271862592278
1232,266,1498,0.10727569392674557
1217,265,1482,0.10727824154421076
1223,267,1490,0.10731291949260711
1221,265,1486,0.1073314935648777
1214,260,1474,0.10735349711669985
1209,264,1473,0.10738918325722668
1225,266,1491,0.10743321686402123
1222,265,1487,0.10743706345807133
1219,273,1492,0.1074477736785569
1212,273,1485,0.1074646178785952
1220,269,1489,0.10749569450858551
1226,272,1498,0.10750558099220196
1229,277,1506,0.10750134579892036
1244,275,1519,0.10749163241363577
1233,269,1502,0.10744912204599576
1220,274,1494,0.10743524556354604
1219,274,1493,0.10745151675661098
1227,280,1507,0.10746901437590944
1219,281,1500,0.10746720126281648
1225,281,1506,0.1074817927319002
1230,285,1515,0.10748181771941046
1236,289,1525,0.10747105661481214
1224,288,1512,0.10744793332298656
1212,290,1502,0.10745371259488477
1218,291,1509,0.10748596650935884
1210,285,1495,0.10750267631599972
1209,286,1495,0.10753594209418839
1215,287,1502,0.10756789347151503
1215,288,1503,0.10758306613287968
1211,285,1496,0.10759694219038639
1212,287,1499,0.10761853488983718
1213,287,1500,0.1076366458400581
1208,282,1490,0.10765070518191841
1200,284,1484,0.10767523423174652
1201,285,1486,0.10771469967844918
1192,285,1477,0.1077483822685393
1189,291,1480,0.10779791054109467
1197,294,1491,0.10785059366608316
1194,290,1484,0.10788217925415218
1192,290,1482,0.10791757659802763
1209,303,1512,0.1079537896062961
1204,299,1503,0.10794807382322964
1208,300,1508,0.10795373690396666
1202,298,1500,0.10794995111599387
1202,298,1500,0.10796011456689389
1203,298,1501,0.10796999950649422
1211,300,1511,0.10797719318052211
1221,310,1531,0.10796599678331305
1213,309,1522,0.10793419578735555
1206,312,1518,0.10792324027029504
1204,303,1507,0.10792912445474385
1203,298,1501,0.10793867649356524
1202,301,1503,0.10794933486375982
1202,307,1509,0.10796199912555783
1188,313,1501,0.10797420379142497
1182,319,1501,0.10801646169609772
1185,321,1506,0.10806955397628759
1180,322,1502,0.10811086879785335
1177,319,1496,0.10816009750183751
1178,323,1501,0.10821164604291539
1177,322,1499,0.10825758455220157
1176,325,1501,0.10830194654211221
1171,327,1498,0.1083448681440008
1180,326,1506,0.10839538822313388
1172,329,1501,0.1084221685068381
1169,320,1489,0.10846438678074782
1164,312,1476,0.10850989765326588
1174,312,1486,0.10856300667941321
1182,318,1500,0.10859040347051012
1181,316,1497,0.10859710596548305
1175,313,1488,0.10860577760400991
1176,316,1492,0.10862681840858471
1185,320,1505,0.10864340011875961
1190,324,1514,0.10863764260204477
1176,328,1504,0.10862053551024559
1168,329,1497,0.10863719392564314
1163,329,1492,0.10867079551924379
1155,329,1484,0.10871308387749651
1161,331,1492,0.10877052007231656
1152,332,1484,0.10880961642126728
1153,337,1490,0.1088657282205886
1153,341,1494,0.10891602493910345
1156,343,1499,0.10896245613008304
1163,339,1502,0.10899777577800566
1161,344,1505,0.10901377750171724
1165,337,1502,0.10903253644405388
1161,343,1504,0.1090407346809244
1164,339,1503,0.10905746351059928
1161,332,1493,0.10906662229761174
1150,334,1484,0.10908190477760255
1148,338,1486,0.10912125308847818
1155,337,1492,0.10916172061333114
1167,342,1509,0.10918310085366201
1161,346,1507,0.10917583445197991
1144,349,1493,0.10918293336697373
1144,353,1497,0.10922850207304828
1141,349,1490,0.10927016044291178
1138,349,1487,0.10931526217583798
1144,352,1496,0.10936334778139606
1126,354,1480,0.10939354256979605
1123,354,1477,0.10946274368741346
1140,354,1494,0.10953260053119258
1155,355,1510,0.1095574949463509
1159,351,1510,0.10954674025258987
1157,351,1508,0.10952798177702404
1148,357,1505,0.10951617654707403
1151,360,1511,0.10952570145062135
1142,359,1501,0.1095277168487609
1140,362,1502,0.10955018922821283
1139,356,1495,0.1095754992194119
1152,362,1514,0.10960202070615158
1156,360,1516,0.10959707638138616
1145,364,1509,0.1095828629905192
1137,359,1496,0.10959461471204263
1127,366,1493,0.10962381210415234
1116,372,1488,0.10967273341942722
1135,384,1519,0.10974377032751055
1130,379,1509,0.10976477130959558
1129,375,1504,0.10979648385427683
1121,378,1499,0.10982713849402963
1115,384,1499,0.10987534187053544
1122,395,1517,0.10993364904423297
1129,395,1524,0.10997095481466808
1118,399,1517,0.1099895319548358
1113,395,1508,0.11003154281050112
1114,392,1506,0.11008190458844654
1125,384,1509,0.11012652002177742
1120,385,1505,0.110142823859713
1119,385,1504,0.11016891010891115
1122,384,1506,0.11019443668788152
1116,393,1509,0.11021054468160921
1111,392,1503,0.11023914483998015
1113,392,1505,0.11027648881760711
1117,392,1509,0.11030706573399363
1113,394,1507,0.11032629557438665
1112,389,1501,0.11035372114213222
1105,396,1501,0.11038217044549664
1109,403,1512,0.11042399794076135
1109,401,1510,0.11045375115596795
1099,408,1507,0.11048195381638022
1081,410,1491,0.11053151822491611
1079,406,1485,0.11061837034155103
1083,413,1496,0.11070321888072017
1087,417,1504,0.11077223506803235
1094,418,1512,0.11082650668307949
1086,420,1506,0.11086085106279396
1079,419,1498,0.11091062466149516
1083,426,1509,0.11097237879185609
1078,424,1502,0.11102016355354351
1073,418,1491,0.11107581718655801
1064,418,1482,0.11113818762308361
1075,417,1492,0.11121598008815933
1073,416,1489,0.11126304177439766
1087,418,1505,0.11131113340717551
1081,414,1495,0.11132294777801914
1077,417,1494,0.11134835122078521
1070,426,1496,0.11137990425273657
1072,427,1499,0.11142454821083687
1083,420,1503,0.11146146462742978
1077,418,1495,0.11146968186141411
1075,417,1492,0.11149151919667652
1087,418,1505,0.11151713256574616
1087,418,1505,0.1115127295768809
1088,419,1507,0.11150947278259281
1070,420,1490,0.1115042762773611
1070,428,1498,0.111540690921672
1072,426,1498,0.11157415456664178
1070,424,1494,0.1116006965301138
1070,421,1491,0.1116306188713974
1066,417,1483,0.11165806245559796
1067,418,1485,0.11169236065698683
1068,419,1487,0.11172015568170454
1072,415,1487,0.11174386933334152
1066,421,1487,0.11175676862782437
1066,424,1490,0.11178377152996505
1079,428,1507,0.11180913409423723
1075,419,1494,0.11180197839112875
1075,415,1490,0.11180430867721064
1073,420,1493,0.11180541517492625
1069,426,1495,0.1118104588376036
1060,429,1489,0.11182431708206347
1060,435,1495,0.11185860301473859
1073,431,1504,0.11189079691406084
1066,433,1499,0.1118887575502082
1064,432,1496,0.11190344725309824
1062,432,1494,0.11192195146254828
1052,435,1487,0.11194370365923037
1052,438,1490,0.11198744509473929
1057,438,1495,0.1120270672754739
1064,431,1495,0.1120516640377474
1061,435,1496,0.11205810377424846
1063,432,1495,0.11207073941043945
1072,433,1505,0.11207805326621323
1061,432,1493,0.11206438653204832
1071,431,1502,0.11207792740471798
1066,432,1498,0.11206627406949336
1063,442,1505,0.11206757387316765
1061,434,1495,0.1120762406796565
1057,434,1491,0.11208958111352192
1061,444,1505,0.11211088881292355
1049,444,1493,0.11212184098472648
1043,447,1490,0.11215957102700931
1058,444,1502,0.1122074865447194
1059,441,1500,0.11221736061384707
1055,445,1500,0.11222347822323414
1044,446,1490,0.11223872286913189
1040,450,1490,0.11227885114555558
1052,459,1511,0.11232526453061889
1053,456,1509,0.11234002914239688
1047,454,1501,0.11235148215680692
1042,459,1501,0.11237648237382096
1036,464,1500,0.11241099792191339
1031,465,1496,0.11245696622037092
1024,475,1499,0.11251080359593839
1027,475,1502,0.11257743730055417
1027,474,1501,0.11263254103537737
1029,473,1502,0.11268366410811734
1035,467,1502,0.11272502140812048
1033,467,1500,0.11274864556867864
1041,471,1512,0.11277549023318226
1045,477,1522,0.11278129019227834
1034,485,1519,0.11277726626069219
1030,483,1513,0.11279933895229473
1024,485,1509,0.11282800990630033
1014,488,1502,0.11286934486098187
1007,481,1488,0.11293128463567208
1003,475,1478,0.11300467308731445
1019,483,1502,0.11308207278060223
1015,486,1501,0.11311537012939869
1012,496,1508,0.11315505995305271
1015,495,1510,0.11319850644566426
1017,496,1513,0.1132323443802246
1011,499,1510,0.11325819437756629
1002,497,1499,0.11329557025461674
1007,503,1510,0.11335215559191937
995,504,1499,0.11339252496313054
992,502,1494,0.11345809238167182
992,501,1493,0.11352687743994838
992,507,1499,0.11358994337519648
990,501,1491,0.11364759271121948
998,499,1497,0.1137047929162992
992,502,1494,0.11373942662424791
996,503,1499,0.11378639995067118
996,494,1490,0.11382054614466258
998,506,1504,0.11385216823880823
986,509,1495,0.11387631087990585
988,504,1492,0.11392723805793789
989,505,1494,0.11397016011219041
984,510,1494,0.11400652741951095
990,517,1507,0.11405165095963067
978,515,1493,0.1140796597684783
976,514,1490,0.11413393833939857
980,509,1489,0.11418846278480327
980,507,1487,0.1142291002714341
1000,501,1501,0.11426630530030935
997,499,1496,0.11425249070484057
1002,510,1512,0.11424716426889545
1010,517,1527,0.11423107777727655
1000,508,1508,0.1141977132225803
994,502,1496,0.11419095783534182
984,503,1487,0.11419901664324923
983,503,1486,0.11423084402099011
977,515,1492,0.11426350511685138
977,520,1497,0.11430914796274148
975,521,1496,0.11435139604040062
969,519,1488,0.11439526032338491
972,527,1499,0.11444924477082241
962,529,1491,0.11449283878130637
957,521,1478,0.1145565427278346
961,527,1488,0.11462658769686536
958,529,1487,0.11468020675070605
962,528,1490,0.11473531278820151
959,530,1489,0.11477603777852013
957,533,1490,0.11482147769522491
966,538,1504,0.11486724184792678
965,538,1503,0.11488810256544284
957,542,1499,0.11490967074944132
955,537,1492,0.11494866711518327
970,530,1500,0.11498989728400581
974,533,1507,0.11499218327087213
973,533,1506,0.1149852992056547
977,528,1505,0.11498162309998528
975,528,1503,0.11496863965250065
963,524,1487,0.11496130628910323
961,524,1485,0.11498305067345128
953,528,1481,0.11500782693892461
965,539,1504,0.11504866090454363
966,533,1499,0.1150580921048253
953,536,1489,0.11506582859949781
957,543,1500,0.11510311580182815
952,539,1491,0.11512863600609798
951,541,1492,0.11516425233468602
949,540,1489,0.11520009369587904
964,532,1496,0.11523784102256827
969,530,1499,0.11523681767604253
947,540,1487,0.1152244725507995
952,539,1491,0.115265174876135
959,541,1500,0.11529124783723298
949,548,1497,0.11529860132487225
944,550,1494,0.11532991482686462
945,543,1488,0.11537070024461915
948,542,1490,0.11540636366513404
946,541,1487,0.11543292556285632
946,552,1498,0.11546238604531504
940,557,1497,0.11548999213356488
938,557,1495,0.11553105569929312
947,562,1509,0.11557336423748082
936,562,1498,0.11559035749260836
940,572,1512,0.1156323460621298
934,572,1506,0.11566192797517537
927,569,1496,0.11570391045416378
919,572,1491,0.11575885612421705
920,573,1493,0.11582932351826067
918,574,1492,0.11589293852914302
917,576,1493,0.11595611537862993
911,589,1500,0.1160180705106609
913,592,1505,0.11609097958061203
908,598,1506,0.11615328051417136
907,601,1508,0.11622454659088426
910,594,1504,0.11629234649353772
917,592,1509,0.11634805227839017
915,595,1510,0.11638407418480248
927,591,1518,0.11642201612570802
920,593,1513,0.11642787097118244
916,594,1510,0.11645178648319808
917,596,1513,0.116482185189529
923,594,1517,0.1165070934389622
914,597,1511,0.11651637363117313
913,597,1510,0.11654762870158762
908,600,1508,0.11657911950131529
918,597,1515,0.11661958998556513
916,602,1518,0.11663260849782073
903,602,1505,0.1166489761710033
912,597,1509,0.11669489961975728
903,606,1509,0.11671588408599408
905,601,1506,0.11675628358918556
900,601,1501,0.11678905479536045
899,601,1500,0.11683210702535925
896,608,1504,0.11687340876918448
901,613,1514,0.11691720331901553
899,611,1510,0.11694526276068476
880,609,1489,0.11697608453638651
880,607,1487,0.11704884648037282
890,599,1489,0.11711541788009196
896,613,1509,0.11715318284072974
881,617,1498,0.11717376084110889
880,616,1496,0.11722877941178232
878,618,1496,0.11728129885455285
881,618,1499,0.11733368191339082
885,624,1509,0.11737433106774045
885,619,1504,0.1174029192893779
873,619,1492,0.11742984178926436
887,623,1510,0.11748416579740979
877,620,1497,0.1175006170959648
875,632,1507,0.11754039102093422
878,630,1508,0.11758291488054791
869,623,1492,0.11761469281267488
864,632,1496,0.11766662460020302
864,640,1504,0.11772623832467788
865,652,1517,0.11778243409086159
863,658,1521,0.11783185453090425
859,647,1506,0.11788234894079519
848,650,1498,0.11793932289921692
848,654,1502,0.11801833698836932
850,660,1510,0.11809084334330035
844,654,1498,0.11815300723865517
852,662,1514,0.118225277896633
847,653,1500,0.11827269023506559
851,650,1501,0.11832896533169202
856,654,1510,0.11837114000520861
850,652,1502,0.11839832792649946
841,657,1498,0.11843808149338397
844,660,1504,0.11849749482885866
851,665,1516,0.11854496368800448
845,681,1526,0.11857307848322943
836,672,1508,0.1186137488675012
834,668,1502,0.11867476581121053
829,669,1498,0.1187362259198161
824,666,1490,0.11880436055137913
834,664,1498,0.11887990817556134
827,665,1492,0.11892394060726802
836,661,1497,0.11898262671152175
836,665,1501,0.11901565238586935
830,667,1497,0.11904597549519398
840,670,1510,0.11908923363183135
832,678,1510,0.11910400980372483
841,676,1517,0.11913889069366763
836,658,1494,0.11914840444924422
830,669,1499,0.11916998150227666
839,674,1513,0.1192043956253045
843,669,1512,0.11921304601779928
834,669,1503,0.11921180888346505
824,670,1494,0.11923386640148007
827,667,1494,0.1192781451771182
822,675,1497,0.11931088011223633
824,672,1496,0.11935295106386387
823,680,1503,0.11938716953593183
821,683,1504,0.11942175937373524
817,686,1503,0.11945866910135615
822,679,1501,0.11950345167482024
829,677,1506,0.1195319116641453
838,688,1526,0.11954088498168726
828,685,1513,0.11952786498589785
833,685,1518,0.11954120042508919
835,693,1528,0.11954173139653333
837,691,1528,0.11953753094378254
834,693,1527,0.11952904728108836
827,686,1513,0.11952810020364442
824,688,1512,0.11954510062422959
820,685,1505,0.11956871877275088
820,683,1503,0.11960006579740229
821,692,1513,0.119629507685293
816,691,1507,0.11965474767736722
814,703,1517,0.11968887474662157
815,699,1514,0.11972683236238803
813,705,1518,0.11976046609678698
815,698,1513,0.1197969385582257
807,697,1504,0.11982580824495136
814,694,1508,0.11987165554199362
807,701,1508,0.11989768408477769
799,700,1499,0.11993970011817844
802,698,1500,0.11999768075365778
804,702,1506,0.12004431328563633
811,700,1511,0.1200827121836916
803,701,1504,0.12010034259015277
800,702,1502,0.12013563033652801
805,692,1497,0.120174920789843
808,702,1510,0.12019994517521092
805,708,1513,0.12021590533767376
807,704,1511,0.12023751782890624
797,702,1499,0.12025440482982142
792,715,1507,0.12029544854690595
793,714,1507,0.12034557923815098
792,710,1502,0.12039045765199678
795,721,1516,0.12043445447227025
786,721,1507,0.12046852905610272
791,715,1506,0.12052082143353672
787,725,1512,0.12055767601872676
785,727,1512,0.12060173169357088
787,724,1511,0.12064857911860016
794,729,1523,0.12068555765397555
777,730,1507,0.12070282688184847
773,729,1502,0.12076098717659535
776,736,1512,0.12082502815978394
770,735,1505,0.12087651896724944
765,740,1505,0.12093886521433755
762,736,1498,0.12101079729658167
764,748,1512,0.12108470166919712
770,738,1508,0.12114867901612508
766,735,1501,0.12119438590476765
760,736,1496,0.12124615954408714
755,743,1498,0.1213088592576565
748,753,1501,0.12138001735292236
756,755,1511,0.12146460389976343
752,762,1514,0.1215243596168968
740,764,1504,0.12159027153746345
730,769,1499,0.12168026387634903
731,770,1501,0.1217882188612782
730,775,1505,0.1218850349073742
734,775,1509,0.12197697012343398
732,782,1514,0.12205233761886386
724,777,1501,0.12212841423943635
727,781,1508,0.12221978453898462
725,778,1503,0.12229707967590993
713,783,1496,0.1223737042691269
717,782,1499,0.12247401097883127
719,780,1499,0.12255712760957166
720,782,1502,0.12262923364692632
726,792,1518,0.12269465985930221
721,789,1510,0.12274023939259074
727,788,1515,0.12279596908122677
722,784,1506,0.1228322908607505
722,791,1513,0.1228776078854629
723,803,1526,0.1229206063275391
717,799,1516,0.12295759304160542
723,793,1516,0.12300699087996758
703,793,1496,0.12303841051453776
701,787,1488,0.12311749806804351
693,801,1494,0.12319433350572812
694,788,1482,0.12328680329180941
695,781,1476,0.12336994284869704
704,791,1495,0.12344506088010643
717,779,1496,0.12349223056945187
714,785,1499,0.12350303043010413
707,797,1504,0.12352159075307106
710,804,1514,0.12355562659075084
704,806,1510,0.12357969271859744
703,808,1511,0.12361796502500948
699,800,1499,0.12365658257325472
698,804,1502,0.12370272843957154
690,802,1492,0.12374866015005238
689,803,1492,0.12381072088705956
695,801,1496,0.12387163782050475
696,801,1497,0.12391269561546021
702,798,1500,0.12394736036762027
702,802,1504,0.12396439523043906
687,808,1495,0.12397981579013038
699,815,1514,0.12403141964429681
696,819,1515,0.12404985509068435
695,808,1503,0.12407430037695688
691,808,1499,0.12409965186810869
688,818,1506,0.12413418137458866
680,815,1495,0.12417347278547433
683,828,1511,0.12422977153647662
679,832,1511,0.1242745696184436
663,830,1493,0.1243259794721758
661,826,1487,0.12441406188831891
655,824,1479,0.12450058666785996
657,823,1480,0.12459735945716499
652,836,1488,0.12468074446004007
656,835,1491,0.12477146590980681
664,840,1504,0.12484577792902186
671,848,1519,0.12489473086779633
666,847,1513,0.12492346165194312
665,844,1509,0.12496273942049786
669,848,1517,0.12500233824626636
666,839,1505,0.12502979651582075
663,842,1505,0.12506320326104864
656,839,1495,0.12510102769527126
652,848,1500,0.12515389468650698
656,853,1509,0.12521360858350705
657,856,1513,0.1252591358505798
658,854,1512,0.12529816625718118
662,853,1515,0.12533164794186785
667,855,1522,0.12535306728871579
671,845,1516,0.12536203239139596
660,856,1516,0.1253596956534482
653,866,1519,0.12538438268427687
646,864,1510,0.1254244688634671
640,857,1497,0.12547854625589033
643,848,1491,0.12554432266591803
653,855,1508,0.1255974914461811
656,857,1513,0.12562115967656884
660,861,1521,0.1256344410268703
664,853,1517,0.12563546405127876
662,850,1512,0.1256263355104232
665,849,1514,0.1256237665074205
671,845,1516,0.1256119520564906
672,833,1505,0.1255848754958272
668,835,1503,0.12555825341950969
669,827,1496,0.12554485370674714
671,828,1499,0.1255297555260871
671,825,1496,0.12551292275973355
664,829,1493,0.12549739330083887
655,847,1502,0.12550201862259275
643,855,1498,0.12552928923991633
640,850,1490,0.12558608499415794
641,850,1491,0.12564649605528178
644,867,1511,0.1256980977820238
649,860,1509,0.12573763013830339
650,870,1520,0.12576103811374378
645,872,1517,0.12578001767260055
652,872,1524,0.1258109263833713
653,868,1521,0.12582237479062744
647,869,1516,0.12583026099600583
647,865,1512,0.12585300512147665
651,873,1524,0.12587320440668137
636,873,1509,0.12588193012761073
646,869,1515,0.12592843007953064
643,862,1505,0.12594718107016856
645,857,1502,0.12597257422186275
631,863,1494,0.12599084618548606
637,869,1506,0.12604455565847586
636,880,1516,0.12607839616653357
635,884,1519,0.12611261603750393
632,878,1510,0.12614794361473475
636,876,1512,0.12618848083310252
638,864,1502,0.12621589364409805
638,865,1503,0.12623493986252612
641,872,1513,0.1262523123843889
645,866,1511,0.12626130692907928
647,858,1505,0.12626042019092407
647,865,1512,0.12625522978774936
642,875,1517,0.1262498929127474
632,888,1520,0.1262577769573875
637,895,1532,0.12629214000423483
634,890,1524,0.12631070849967216
626,885,1511,0.1263350878782513
621,884,1505,0.12637857606075134
615,887,1502,0.12643264693242398
618,895,1513,0.12649813821311065
617,893,1510,0.1265509161208504
614,886,1500,0.12660283908749975
621,877,1498,0.1266590199643522
620,874,1494,0.12669323562160756
618,886,1504,0.12672897207624087
614,883,1497,0.12676582653297633
620,893,1513,0.12680975799406538
622,889,1511,0.12683373528949854
617,893,1510,0.12685126066313607
617,896,1513,0.12688036603912642
615,899,1514,0.12690757914282746
617,900,1517,0.12693798745200577
622,902,1524,0.12696110314564224
616,909,1525,0.1269699030175239
611,908,1519,0.12699414916357749
602,913,1515,0.12702928816288905
605,904,1509,0.12708480946196654
605,911,1516,0.1271298032923351
606,909,1515,0.12717080158692398
600,911,1511,0.12720612557098276
605,900,1505,0.1272544785140253
610,894,1504,0.12728679861513545
618,887,1505,0.1273043922582007
614,893,1507,0.12729981188170475
613,895,1508,0.12730615040501744
618,890,1508,0.12731497746750356
616,905,1521,0.12730874715317073
609,909,1518,0.12730898813958208
604,905,1509,0.12732905110378195
598,917,1515,0.12735931245385645
591,910,1501,0.12740242776747052
590,916,1506,0.1274610991278716
599,919,1518,0.12751787118270816
604,920,1524,0.12754654359370668
603,909,1512,0.12756058730224276
604,906,1510,0.12757709796458908
600,913,1513,0.12759026969185
603,915,1518,0.12761302093037988
605,908,1513,0.12762572374168582
607,907,1514,0.12763320820998408
601,918,1519,0.1276352032338416
602,915,1517,0.12765195927272033
599,919,1518,0.1276657533883768
600,928,1528,0.12768644511763708
597,927,1524,0.12770331413461544
596,920,1516,0.12772841540771604
602,921,1523,0.12775445995355303
600,916,1516,0.12776386042529314
597,918,1515,0.1277789077403594
594,918,1512,0.12780126981018586
587,919,1506,0.12782961834663875
589,924,1513,0.12787478726930196
592,931,1523,0.12791170178334021
583,926,1509,0.12793836724333044
575,935,1510,0.12798651038355907
573,944,1517,0.1280518306388384
573,928,1501,0.12811698300459248
577,940,1517,0.12817722032477563
570,942,1512,0.12822329820139
575,952,1527,0.12828324798957602
576,957,1533,0.12832586754278982
581,950,1531,0.12836274820156576
577,945,1522,0.12838435946646945
583,943,1526,0.12841499937245593
580,931,1511,0.1284284944800169
584,938,1522,0.1284485082155709
569,948,1517,0.12845573629971013
565,939,1504,0.12850076000918434
573,934,1507,0.1285532953258468
571,936,1507,0.12858110203538017
568,936,1504,0.12861194158141345
566,941,1507,0.12864855592053032
569,939,1508,0.128687715073716
575,937,1512,0.12871702200724733
571,950,1521,0.12872913774958775
562,955,1517,0.12875110426107395
559,967,1526,0.12879392139852425
557,967,1524,0.12884240799309285
560,956,1516,0.1288920849472246
563,947,1510,0.12893090669013968
565,958,1523,0.12895921747214775
572,955,1527,0.12898045916510434
574,944,1518,0.12898316160744952
567,944,1511,0.12898101164679077
575,938,1513,0.1289972789675585
572,945,1517,0.12899172571842313
570,951,1521,0.12899461723995084
564,965,1529,0.12900283222114464
559,950,1509,0.1290257473043558
561,938,1499,0.1290606246297853
559,930,1489,0.12908885234880355
550,944,1494,0.12911943189531644
556,963,1519,0.12917174263143505
562,961,1523,0.12920543875404097
559,960,1519,0.1292211164998631
553,957,1510,0.1292427336165388
556,949,1505,0.12927878589767505
561,951,1512,0.12930535174612298
557,953,1510,0.1293174552522629
550,949,1499,0.1293397069218307
542,946,1488,0.12937992913409022
529,953,1482,0.12943781914804878
533,955,1488,0.12952548775437553
535,958,1493,0.12959609973533656
533,967,1500,0.12965616711610542
524,975,1499,0.12971764197928207
527,973,1500,0.1297979351728528
526,981,1507,0.12986480997937355
530,982,1512,0.12992971391419694
526,988,1514,0.1299787280056122
523,988,1511,0.13003471537881048
522,983,1505,0.13009516012191757
525,994,1519,0.1301538240956565
527,988,1515,0.13020043950428245
523,988,1511,0.13023960837780416
520,997,1517,0.13028721468100554
518,991,1509,0.1303391677950609
518,1000,1518,0.130392715387684
518,1000,1518,0.13044253433734682
524,996,1520,0.13048844810671956
519,991,1510,0.13051628271532675
514,993,1507,0.1305558251143354
516,993,1509,0.13060625180871072
517,995,1512,0.1306476103042584
515,997,1512,0.13068276251384067
501,1001,1502,0.13072142414005203
512,1002,1514,0.1307934022297037
519,999,1518,0.13082996102835992
516,1007,1523,0.13084601717663186
512,1011,1523,0.1308685181625542
507,1011,1518,0.13090052718469034
512,1001,1513,0.13094360187788218
505,1003,1508,0.13097057242620322
496,1006,1502,0.13101418090437456
495,1012,1507,0.13107879273441894
492,1017,1509,0.13114173900712456
484,1018,1502,0.13120751850841197
484,1023,1507,0.13128840549846493
494,1027,1521,0.13136363806595985
495,1028,1523,0.13140723928375223
495,1023,1518,0.13144552029822418
487,1009,1496,0.13148170934949646
485,1011,1496,0.13153618436387446
492,1014,1506,0.13159301348991254
484,1021,1505,0.13162738594145576
490,1011,1501,0.13167903049097338
489,1025,1514,0.13171130406992362
483,1021,1504,0.13174405338235193
482,1009,1491,0.13179129559038724
477,1022,1499,0.1318372911522518
468,1018,1486,0.13189253069257348
471,1028,1499,0.13196838678551276
465,1044,1509,0.13203013329476448
467,1051,1518,0.13210335092184022
461,1046,1507,0.13216629136168837
459,1044,1503,0.13224132220310703
457,1043,1500,0.13231584519012568
457,1049,1506,0.1323913703829781
459,1046,1505,0.13246110474965483
460,1049,1509,0.1325210485420389
462,1047,1509,0.13257261306968923
458,1049,1507,0.13261523454618224
457,1052,1509,0.1326651849611114
450,1051,1501,0.13271377807426282
446,1044,1490,0.13277791499498043
447,1060,1507,0.13284844852877636
445,1066,1511,0.13291095228527075
442,1071,1513,0.13297323321442145
439,1073,1512,0.13304002017780955
436,1078,1514,0.13311072827079434
429,1071,1500,0.13318422860659423
435,1068,1503,0.13327017920136017
440,1064,1504,0.13333310765365156
437,1081,1518,0.1333782078298752
429,1081,1510,0.13342773703632238
429,1078,1507,0.1334971186877959
431,1081,1512,0.13356106435360834
432,1076,1508,0.13361457415948075
430,1065,1495,0.13366156813059626
425,1080,1505,0.1337106160175815
419,1080,1499,0.13376915065894493
426,1076,1502,0.13384016522933934
419,1081,1500,0.13388790616657795
412,1086,1498,0.13395067643988542
406,1086,1492,0.1340283151848155
411,1093,1504,0.13411730066132566
406,1102,1508,0.13418705736561365
404,1111,1515,0.1342656045447589
407,1110,1517,0.13434270160983652
407,1113,1520,0.1344055586950803
409,1116,1525,0.13446400658222438
406,1116,1522,0.1345126764992648
402,1114,1516,0.13456749481464605
406,1118,1524,0.13462929945308758
402,1116,1518,0.13467666001189857
401,1112,1513,0.1347315762126056
397,1119,1516,0.1347865732248961
399,1097,1496,0.13484893368487602
404,1092,1496,0.13490200059754406
407,1091,1498,0.13493760094374369
400,1111,1511,0.1349620709755671
389,1108,1497,0.1350035156528618
387,1121,1508,0.13507208275269098
392,1127,1519,0.13514144213108006
395,1120,1515,0.13519096719570128
389,1119,1508,0.13522884663629126
394,1113,1507,0.13528058671206658
399,1114,1513,0.1353148681178367
397,1115,1512,0.13533307914514622
394,1126,1520,0.13535653514678697
399,1120,1519,0.13538666098632535
396,1110,1506,0.13540089223162383
392,1111,1503,0.13542263250649178
391,1113,1504,0.13545366959011246
394,1110,1504,0.13548489381617007
402,1107,1509,0.1355067426257474
398,1108,1506,0.13550476276908432
398,1102,1500,0.13551385990596174
397,1109,1506,0.13552287028101623
398,1112,1510,0.13553404824012513
406,1112,1518,0.13554232407546984
399,1106,1505,0.13552800610372093
408,1112,1520,0.13553461972579292
403,1108,1511,0.13551557287443775
402,1123,1525,0.1355113749955487
396,1134,1530,0.13550990641278465
395,1128,1523,0.13552579275517712
388,1124,1512,0.13554300387568502
389,1122,1511,0.13557775946609557
393,1128,1521,0.13560714111196817
389,1131,1520,0.13562339679177543
389,1121,1510,0.13564991466636653
388,1122,1510,0.1356747512264402
389,1124,1513,0.13570036410057668
393,1106,1499,0.13572115112904906
384,1111,1495,0.1357290435569852
382,1125,1507,0.1357606962616676
377,1115,1492,0.13579580253101778
373,1134,1507,0.13584116381741218
374,1127,1501,0.13589428171767792
374,1132,1506,0.13594090537395467
380,1139,1519,0.1359848604973025
376,1145,1521,0.13600867701685537
376,1142,1518,0.13604172804803064
373,1137,1510,0.1360715554976598
371,1129,1500,0.13610742935429798
367,1132,1499,0.13614707110475727
365,1137,1502,0.13619612600185946
364,1156,1520,0.136248183719934
367,1145,1512,0.13629905939376158
359,1148,1507,0.13633798228321525
356,1149,1505,0.13639598410575954
354,1140,1494,0.13645897104512664
353,1146,1499,0.13652272657999504
351,1158,1509,0.13658515673521054
350,1170,1520,0.1366482588245303
351,1161,1512,0.13670919669165874
355,1159,1514,0.1367634663951695
346,1153,1499,0.1368035566708252
339,1162,1501,0.1368659708803688
341,1174,1515,0.1369436417842837
350,1172,1522,0.13700996594414644
349,1175,1524,0.13704654631779992
349,1176,1525,0.1370835932813372
349,1168,1517,0.1371179538226401
347,1162,1509,0.1371497408354735
350,1161,1511,0.13718434250673558
352,1145,1497,0.1372077010132207
352,1151,1503,0.13722407637918155
340,1162,1502,0.1372392682729725
337,1173,1510,0.13728744093892167
334,1165,1499,0.1373411120983723
338,1179,1517,0.13739947507186406
338,1168,1506,0.13744278459489023
339,1173,1512,0.137482784358507
331,1180,1511,0.1375172347723848
325,1179,1504,0.13757106273120326
318,1185,1503,0.13763869275910184
311,1172,1483,0.1377212993885867
316,1187,1503,0.13781717159928233
316,1180,1496,0.13789187454819557
314,1186,1500,0.13796163291396096
317,1191,1508,0.13803308767767977
320,1191,1511,0.13809121914846084
315,1190,1505,0.1381369988147129
314,1205,1519,0.13819417121219077
318,1201,1519,0.13825041622844936
310,1192,1502,0.13829161502106224
311,1200,1511,0.1383527445318194
309,1204,1513,0.1384072632399788
306,1202,1508,0.13846402269819877
311,1204,1515,0.13852524919547515
308,1206,1514,0.13856810772096836
307,1202,1509,0.13861646870212113
311,1206,1517,0.13866447839298665
314,1211,1525,0.13869818942617196
317,1211,1528,0.1387205925449654
315,1211,1526,0.13873321490631263
313,1199,1512,0.1387509743777391
309,1219,1528,0.13877357388522543
315,1211,1526,0.13880561376782316
307,1207,1514,0.1388185108436165
314,1204,1518,0.13885396153123764
315,1210,1525,0.13886643976329147
312,1211,1523,0.138874873336137
313,1196,1509,0.13889126702227092
315,1198,1513,0.13890382373587343
315,1203,1518,0.13890956320287418
311,1204,1515,0.1389145848747579
315,1206,1521,0.13893060681134553
313,1209,1522,0.13893492226967363
317,1201,1518,0.1389442516021394
317,1199,1516,0.13894135431724955
315,1191,1506,0.1389387273586469
315,1197,1512,0.13894213378385087
313,1195,1508,0.13894485332982223
311,1202,1513,0.13895255955344404
309,1193,1502,0.13896499591125613
298,1203,1501,0.13898188009869994
294,1204,1498,0.13902894568321514
295,1223,1518,0.13908460558588476
292,1218,1510,0.13913350335390282
296,1213,1509,0.13918786523119162
294,1223,1517,0.1392267377332737
291,1218,1509,0.1392683426856504
290,1219,1509,0.13931646971899916
291,1220,1511,0.13936388142436393
292,1229,1521,0.1394057842507462
295,1222,1517,0.13944236749171207
293,1219,1512,0.13946823899434158
287,1222,1509,0.13949860384803633
282,1227,1509,0.1395451273564821
280,1229,1509,0.13960292275105504
277,1230,1507,0.13966256032079677
276,1232,1508,0.13972747957294598
274,1231,1505,0.13979166679505312
274,1238,1512,0.1398576869829277
271,1227,1498,0.13991979632693308
274,1250,1524,0.13998712225782067
273,1253,1526,0.14004174264683017
275,1250,1525,0.14009567579081286
269,1239,1508,0.14013996417010638
267,1245,1512,0.1401990604130711
270,1240,1510,0.14026032775058997
268,1257,1525,0.1403090450390609
266,1247,1513,0.14036053218263086
265,1246,1511,0.14041417432753556
263,1256,1519,0.1404677329715869
265,1248,1513,0.1405236282407702
264,1257,1521,0.14056994167191586
266,1261,1527,0.14061614704629125
260,1269,1529,0.14065392190265028
259,1260,1519,0.1407065959092907
254,1246,1500,0.14075887639155713
251,1245,1496,0.1408221869124255
247,1260,1507,0.14089001308962035
243,1260,1503,0.14096467182101655
244,1264,1508,0.14104603482088296
241,1274,1515,0.14111902557447153
243,1277,1520,0.14119507849250737
245,1281,1526,0.14126073349448104
243,1284,1527,0.14131637322655213
235,1295,1530,0.14137436480651222
234,1285,1519,0.14145205572708164
233,1287,1520,0.14152693359145874
232,1278,1510,0.14160037778411685
237,1287,1524,0.14167167421651436
238,1284,1522,0.14172398161867647
236,1293,1529,0.1417700262297667
232,1296,1528,0.14181866125953388
226,1295,1521,0.14187601891640111
227,1283,1510,0.14194657666888422
229,1288,1517,0.14200930995088468
230,1272,1502,0.14206146264337796
236,1269,1505,0.14210796726737537
234,1281,1515,0.14213477328329172
233,1289,1522,0.14216572596191643
231,1267,1498,0.14219806990395825
232,1279,1511,0.14223464481243447
231,1282,1513,0.14226590109422513
233,1286,1519,0.14229803809320724
238,1284,1522,0.1423229427442304
238,1279,1517,0.14233165259499708
235,1279,1514,0.14233999983190837
235,1267,1502,0.1423573530081071
233,1280,1513,0.1423740422290415
238,1273,1511,0.1423958244511745
238,1264,1502,0.1424018106017428
238,1268,1506,0.14240774631801942
234,1271,1505,0.1424135214701566
230,1283,1513,0.14243051613039015
231,1283,1514,0.14245839718563122
229,1272,1501,0.14248186102020197
225,1281,1506,0.14250988414147053
226,1290,1516,0.1425471135146228
223,1282,1505,0.14257909074225508
222,1281,1503,0.14261787170672038
221,1288,1509,0.14265638376135736
219,1272,1491,0.1426959568649961
218,1289,1507,0.14273807651530165
221,1278,1499,0.1427806685689673
219,1269,1488,0.1428119060089509
218,1272,1490,0.14284631036964693
217,1271,1488,0.1428810092989492
222,1280,1502,0.14291613772580442
225,1275,1500,0.14293370502597905
226,1282,1508,0.1429415692882422
227,1286,1513,0.1429461320513347
222,1285,1507,0.1429473759068115
226,1290,1516,0.14296316904438175
224,1294,1518,0.1429664369182718
219,1296,1515,0.1429752126602337
217,1289,1506,0.1429980792899519
217,1284,1501,0.1430246036008983
215,1285,1500,0.14304962098560936
213,1281,1494,0.14307864250851007
212,1283,1495,0.14311176742886297
212,1286,1498,0.1431461299650492
214,1288,1502,0.14317967895886585
216,1297,1513,0.14320581273692018
215,1304,1519,0.14322464075826588
211,1306,1517,0.14324558531541473
211,1315,1526,0.1432771481616838
207,1310,1517,0.14330647049294246
210,1310,1520,0.14334581034225508
208,1308,1516,0.14337347451141372
203,1300,1503,0.1434058009356487
199,1300,1499,0.14344981166024268
207,1308,1515,0.14350266356841515
205,1302,1507,0.14352863183120412
200,1290,1490,0.1435585623713268
199,1291,1490,0.14360071807059893
197,1301,1498,0.14364334441996976
200,1302,1502,0.14368946077824407
198,1309,1507,0.1437238528148383
200,1319,1519,0.1437610162854587
194,1306,1500,0.14378923687519535
191,1318,1509,0.14383256870352062
189,1320,1509,0.14388241441486405
187,1325,1512,0.14393481605937164
183,1337,1520,0.14398977432311347
184,1336,1520,0.14405274810669721
185,1335,1520,0.1441088148889176
190,1328,1518,0.14415814560316817
188,1328,1516,0.14418936311470815
187,1335,1522,0.14422433279309207
183,1327,1510,0.14425983815396887
184,1324,1508,0.14430550793843028
184,1329,1513,0.14434475594916557
179,1321,1500,0.14438119842000086
175,1328,1503,0.14442994552160593
180,1334,1514,0.1444877053773648
173,1346,1519,0.1445271737322367
169,1341,1510,0.14458456112206702
173,1342,1515,0.14464997663650728
169,1338,1507,0.14469919544569054
174,1335,1509,0.14475711370441616
172,1340,1512,0.14479657673248755
170,1342,1512,0.14483966645971114
169,1345,1514,0.14488594441738076
170,1325,1495,0.14493242200052306
172,1335,1507,0.1449731674393921
175,1338,1513,0.14500574267425195
173,1325,1498,0.14502735893250074
169,1331,1500,0.1450540244092789
166,1326,1492,0.14509084705827352
168,1328,1496,0.14513393165889305
164,1342,1506,0.14516902778647175
161,1352,1513,0.1452137509404301
164,1346,1510,0.14526438070739833
169,1348,1517,0.14530258819328157
163,1346,1509,0.14532329622078347
171,1349,1520,0.1453604757136453
167,1354,1521,0.14537131863368713
166,1347,1513,0.14539285657121503
169,1333,1502,0.14541596591552963
171,1323,1494,0.14542868097197545
167,1321,1488,0.14543499749293504
168,1333,1501,0.145453051455012
159,1346,1505,0.14546682296831637
158,1348,1506,0.14550657527402772
159,1346,1505,0.14554686885290477
157,1339,1496,0.14558163602920404
154,1354,1508,0.14562031868720396
151,1354,1505,0.14566531587720055
154,1346,1500,0.145716246474443
154,1345,1499,0.14575510146323548
153,1355,1508,0.1457915334388551
153,1367,1520,0.1458285266410717
151,1375,1526,0.14586323992338346
150,1375,1525,0.14590151165741355
150,1371,1521,0.14594037358074047
151,1370,1521,0.14597655465653053
152,1369,1521,0.14600769949148437
145,1376,1521,0.14603375449966088
145,1388,1533,0.14607917216620311
146,1382,1528,0.14612182675307211
146,1374,1520,0.14615885738216852
145,1372,1517,0.14619354192503142
143,1382,1525,0.14622897540613328
144,1368,1512,0.1462681481991523
141,1383,1524,0.1463015182396833
141,1374,1515,0.14634210068192033
141,1374,1515,0.14638019541453035
141,1388,1529,0.14641555728025096
147,1382,1529,0.14644897629240458
142,1373,1515,0.146461836054103
141,1379,1520,0.14648912992077467
141,1371,1512,0.14651762707742116
144,1380,1524,0.14654442527048794
148,1381,1529,0.14656066263704243
150,1377,1527,0.1465643784809593
150,1366,1516,0.1465616867303747
146,1356,1502,0.14655890594546236
141,1368,1509,0.14656896665293095
140,1362,1502,0.14659325557691782
139,1371,1510,0.1466187237098679
137,1372,1509,0.14664612278370867
139,1378,1517,0.14667766752653527
137,1382,1519,0.14670095277537795
135,1383,1518,0.14672880613276498
135,1377,1512,0.14676101180801054
138,1358,1496,0.14679129246341818
137,1376,1513,0.14681027627634083
135,1390,1525,0.14683138690459605
136,1371,1507,0.14685695896615222
136,1380,1516,0.1468779200697962
130,1386,1516,0.14689757172133494
127,1390,1517,0.14693402914350984
125,1383,1508,0.14697718675942442
124,1395,1519,0.14702363647666294
127,1384,1511,0.14706994489086023
126,1399,1525,0.14710454858624422
129,1399,1528,0.1471401055534528
129,1398,1527,0.1471641752587117
126,1395,1521,0.14718696829053585
125,1384,1509,0.1472175870692319
125,1394,1519,0.14724926987868447
124,1388,1512,0.14727902709654572
119,1375,1494,0.14731006061000385
119,1373,1492,0.14735427907243234
120,1374,1494,0.14739527296801455
122,1366,1488,0.1474305743312857
117,1372,1489,0.14745743349582585
119,1373,1492,0.14749782795931948
118,1388,1506,0.14752995019856352
120,1390,1510,0.14756344211866065
122,1400,1522,0.1475882738402467
121,1397,1518,0.14760550703071643
117,1389,1506,0.14762491655577153
117,1387,1504,0.1476556606345561
121,1391,1512,0.1476848271306057
118,1402,1520,0.14769991322123782
119,1425,1544,0.14772319515679339
118,1413,1531,0.14774218865040706
119,1400,1519,0.1477632109738948
120,1394,1514,0.14777988824832655
116,1389,1505,0.14779252692550768
116,1387,1503,0.14781649238237382
118,1393,1511,0.14783894000700093
117,1390,1507,0.14785415921782438
119,1387,1506,0.1478712437620165
120,1396,1516,0.1478810381384433
118,1391,1509,0.14788739993939223
122,1399,1521,0.14789958712228982
119,1394,1513,0.1478992271058109
119,1398,1517,0.14790815694972217
118,1403,1521,0.14791642123843934
123,1400,1523,0.14792713413460223
122,1391,1513,0.14792158616349194
121,1392,1513,0.14791977612580934
121,1405,1526,0.1479214027250598
120,1402,1522,0.14792290083525
118,1394,1512,0.14792726204741016
114,1392,1506,0.1479374818795639
115,1396,1511,0.14795921109879637
115,1382,1497,0.1479764936833551
114,1381,1495,0.14799299032687194
110,1393,1503,0.14801166904944613
113,1390,1503,0.14804115513493632
114,1389,1503,0.14805939676146765
111,1388,1499,0.1480734379689188
108,1406,1514,0.1480956218643928
105,1409,1514,0.14812583179433184
110,1399,1509,0.1481633266856807
104,1393,1497,0.14818328526579733
100,1406,1506,0.14822021155921752
99,1408,1507,0.14826737450900343
101,1396,1497,0.1483147500548011
102,1397,1499,0.1483530552183201
98,1395,1493,0.14838604508518527
99,1401,1500,0.14842930383823374
100,1414,1514,0.14846674813244395
99,1400,1499,0.1484991415758232
97,1407,1504,0.1485325438474694
98,1420,1518,0.14856989698402503
99,1411,1510,0.14860182149914827
96,1406,1502,0.14862895860227757
98,1404,1502,0.14866341506014297
101,1412,1513,0.1486897365093462
102,1403,1505,0.14870548937619035
104,1394,1498,0.14871723743091717
103,1403,1506,0.14872200000463023
101,1400,1501,0.14872975735213725
103,1407,1510,0.14874320711867892
105,1394,1499,0.14874981483594213
100,1417,1517,0.1487498859639838
101,1413,1514,0.1487648883618328
104,1407,1511,0.1487759709310988
105,1409,1514,0.1487773157128412
105,1411,1516,0.1487753913330419
101,1409,1510,0.14877365526582534
102,1406,1508,0.14878408208281046
104,1418,1522,0.1487907075836886
102,1419,1521,0.14879061779725478
102,1407,1509,0.14879691507628878
102,1416,1518,0.1488030129928684
101,1421,1522,0.14880872134277873
99,1419,1518,0.14881715770309337
96,1415,1511,0.1488313846900624
101,1414,1515,0.1488539278754682
99,1405,1504,0.1488599754397184
98,1413,1511,0.14887183432966666
99,1419,1518,0.148885811153184
97,1418,1515,0.1488958318464275
100,1418,1518,0.1489114460369069
97,1430,1527,0.14891719347964297
99,1429,1528,0.1489320227638229
101,1419,1520,0.1489398371436701
101,1429,1530,0.14894138218022016
101,1424,1525,0.14894277291527414
99,1429,1528,0.1489443330034051
97,1420,1517,0.1489519024425405
98,1417,1515,0.1489648141007329
95,1410,1505,0.1489737565887455
93,1415,1508,0.14899116840280013
95,1416,1511,0.1490136945593573
93,1412,1505,0.14902883692494828
92,1426,1518,0.1490489811973316
89,1428,1517,0.1490705535971714
87,1427,1514,0.14910015162373477
87,1421,1508,0.1491340358427145
86,1425,1511,0.14916565589102787
85,1413,1498,0.1491983104497737
87,1417,1504,0.1492319980602323
87,1421,1508,0.14925737601297925
89,1422,1511,0.14928122895688922
91,1407,1498,0.14929761884950962
89,1417,1506,0.14930719625959996
86,1415,1501,0.14932263279114327
82,1423,1505,0.14934614422052409
83,1421,1504,0.14938067713552877
86,1420,1506,0.14941010740704283
86,1430,1516,0.14942840214477232
83,1444,1527,0.1494458870481746
83,1442,1525,0.1494714641969619
82,1430,1512,0.14949569934658682
84,1434,1518,0.1495215188913776
81,1425,1506,0.14953954390342677
83,1430,1513,0.14956579576788354
82,1428,1510,0.14958453347523196
81,1429,1510,0.14960524285610738
80,1429,1509,0.14962752420088155
80,1441,1521,0.14965164036889697
81,1438,1519,0.14967439027677312
80,1433,1513,0.14969265762123005
75,1428,1503,0.14971278816348602
74,1430,1504,0.14974715366047123
73,1424,1497,0.14978244687867684
72,1438,1510,0.14981876420539064
73,1438,1511,0.1498559374497505
71,1445,1516,0.14988768423932355
71,1432,1503,0.14992359365762506
70,1435,1505,0.1499572861545481
69,1440,1509,0.1499918804201855
68,1429,1497,0.15002742113935297
71,1431,1502,0.15006397750749503
69,1431,1500,0.15008890986559517
69,1450,1519,0.1501183575177884
67,1449,1516,0.15014602070252195
67,1442,1509,0.15017818308597058
69,1451,1520,0.15020835268096294
67,1458,1525,0.15023048618913393
68,1460,1528,0.15025736113558627
66,1461,1527,0.15027947181934537
67,1453,1520,0.15030649767151283
66,1448,1514,0.15032864024706635
64,1445,1509,0.1503526216709385
66,1445,1511,0.15038110198015317
64,1453,1517,0.1504014890318812
65,1460,1525,0.15042672948828423
66,1460,1526,0.15044737979251327
68,1443,1511,0.15046364375072055
67,1453,1520,0.1504726288013386
67,1452,1519,0.1504841164255486
67,1445,1512,0.150494906814649
67,1431,1498,0.1505051362971287
69,1446,1515,0.150514478865462
67,1444,1511,0.15051736058197196
68,1441,1509,0.15052660040858637
69,1448,1517,0.15053214569406104
65,1455,1520,0.15053431441105544
67,1455,1522,0.1505486865186727
67,1459,1526,0.15055611118176737
66,1463,1529,0.15056326872517453
65,1468,1533,0.1505730206868616
64,1467,1531,0.15058514224339234
65,1466,1531,0.15059946469132196
64,1461,1525,0.1506099333283694
64,1459,1523,0.15062293069193283
62,1462,1524,0.1506352721398476
63,1465,1528,0.15065301378784157
61,1457,1518,0.15066670311990868
66,1459,1525,0.1506858788808752
64,1455,1519,0.15068842619181225
61,1448,1509,0.15069696777068228
59,1441,1500,0.15071415972917004
59,1451,1510,0.15073625386997824
58,1464,1522,0.15075699188398786
57,1476,1533,0.1507796816172176
54,1471,1525,0.15080407475935506
56,1470,1526,0.15083632599228725
57,1466,1523,0.1508604477783101
58,1464,1522,0.15088005531782553
59,1465,1524,0.1508954597790603
56,1466,1522,0.15090696031562917
56,1466,1522,0.15092728909495423
56,1460,1516,0.15094644334760132
54,1472,1526,0.15096455808743123
53,1474,1527,0.1509876352575851
54,1462,1516,0.15101259999045433
55,1456,1511,0.1510329383620931
52,1454,1506,0.15104894688350165
55,1443,1498,0.15107331186298098
54,1451,1505,0.1510868904740093
56,1456,1512,0.15110288621317616
55,1454,1509,0.15111177966649414
55,1460,1515,0.15112313784618153
55,1449,1504,0.15113385322823464
53,1447,1500,0.15114417162507848
53,1464,1517,0.15116012426229472
52,1473,1525,0.15117517814358666
51,1471,1522,0.15119209651007093
50,1466,1516,0.1512110220963655
50,1458,1508,0.1512318773710861
47,1459,1506,0.15125139979742172
48,1464,1512,0.15127893039723006
49,1483,1532,0.1513016886775933
50,1481,1531,0.1513199104014965
51,1485,1536,0.15133390792728565
51,1482,1533,0.15134386522034937
51,1483,1534,0.1513532024031475
52,1473,1525,0.15136195932468774
53,1468,1521,0.15136704724699512
54,1476,1530,0.15136908027358423
55,1473,1528,0.15136781194927448
54,1483,1537,0.15136380774177055
52,1471,1523,0.1513631677173427
52,1473,1525,0.1513688123102779
52,1480,1532,0.1513741684418117
52,1474,1526,0.1513790984122548
51,1470,1521,0.15138373641543013
51,1461,1512,0.1513911384879959
48,1474,1522,0.1513982061954953
48,1478,1526,0.15141420103544548
49,1476,1525,0.15142924113644413
48,1466,1514,0.15144020707308192
48,1478,1526,0.1514534818325046
48,1478,1526,0.15146587091080166
45,1470,1515,0.1514774488100661
47,1468,1515,0.1514975368423353
47,1477,1524,0.1515100316041365
47,1471,1518,0.15152167744249398
46,1473,1519,0.15153280211362685
45,1485,1530,0.15154639929557162
46,1484,1530,0.15156240823310496
46,1475,1521,0.15157433198373926
47,1468,1515,0.1515855180871207
45,1476,1521,0.15159305208935636
44,1482,1526,0.1516062878672478
42,1461,1503,0.15162180485712753
43,1463,1506,0.15164267922341151
40,1461,1501,0.15165899965036878
37,1465,1502,0.15168369811814023
35,1471,1506,0.1517161512983718
35,1469,1504,0.15175254595056986
36,1465,1501,0.1517866050434669
36,1470,1506,0.15181541237250218
34,1470,1504,0.15184243355466873
36,1484,1520,0.15187403788704762
37,1476,1513,0.15189759850755796
36,1492,1528,0.15191647987423948
35,1485,1520,0.15193739209974327
33,1481,1514,0.15196015422521753
35,1486,1521,0.15198779637832596
31,1489,1520,0.15200759445381287
33,1488,1521,0.15203865399333125
32,1482,1514,0.15206127108170922
33,1489,1522,0.15208558739135467
34,1481,1515,0.15210520073077893
34,1474,1508,0.15212059239698872
34,1479,1513,0.1521350598392015
32,1475,1507,0.15214856518696077
31,1480,1511,0.15216745216920097
31,1488,1519,0.15218828060801468
31,1470,1501,0.15220777107450478
35,1469,1504,0.15222606542137096
34,1473,1507,0.15223080681928805
34,1472,1506,0.15223843835180761
33,1465,1498,0.15224567105786152
35,1475,1510,0.1522555060732846
35,1478,1513,0.15225862420064665
36,1479,1515,0.1522615789716398
36,1479,1515,0.15226124578473
37,1485,1522,0.1522610152149413
36,1483,1519,0.1522577393620585
36,1488,1524,0.15225786616164938
36,1492,1528,0.15225793528873496
36,1472,1508,0.15225799844542331
36,1475,1511,0.152258063359223
36,1484,1520,0.15225813201641328
36,1479,1515,0.15225820457968728
36,1478,1514,0.1522582805362526
37,1481,1518,0.15225827915261067
37,1490,1527,0.15225518260261345
37,1491,1528,0.15225234951502692
36,1494,1530,0.1522495565695997
35,1475,1510,0.1522502172385046
36,1465,1501,0.1522538981929837
37,1470,1507,0.15225424648619118
37,1463,1500,0.1522516119171218
34,1462,1496,0.15224918726644612
36,1477,1513,0.15225638423731847
35,1476,1511,0.15225697471938046
37,1467,1504,0.15226075221346114
36,1471,1507,0.1522581298738686
35,1471,1506,0.1522588281749836
33,1483,1516,0.1522625473769664
33,1483,1516,0.15227237131612903
34,1480,1514,0.15228146183290156
35,1489,1524,0.15228685935150793
35,1490,1525,0.15228889377784957
35,1481,1516,0.1522908051646681
35,1490,1525,0.1522926196959698
35,1488,1523,0.15229443911316692
35,1479,1514,0.1522961976814083
36,1477,1513,0.1522978825607901
37,1488,1525,0.15229634778373702
37,1489,1526,0.15229189730780207
35,1484,1519,0.15228778790339548
34,1489,1523,0.15229010631737172
34,1501,1535,0.15229545875524558
33,1485,1518,0.15230048322467427
32,1479,1511,0.15230834380344865
32,1477,1509,0.15231878559320436
30,1479,1509,0.15232859482670733
30,1479,1509,0.1523440587321195
30,1496,1526,0.1523585266182611
29,1486,1515,0.15237209171017485
29,1499,1528,0.1523879346568845
29,1489,1518,0.15240278867695914
28,1483,1511,0.15241691987746042
27,1485,1512,0.152433238184923
29,1494,1523,0.1524516058331318
29,1485,1514,0.15246265128540215
29,1496,1525,0.15247310638261552
28,1497,1525,0.1524829781234277
27,1489,1516,0.1524953080425508
27,1489,1516,0.15250998921891687
27,1488,1515,0.15252369888592227
27,1500,1527,0.15253662461500583
26,1493,1519,0.1525487506270085
25,1495,1520,0.15256320625738076
25,1499,1524,0.15257996011580396
25,1504,1529,0.15259555096277183
26,1503,1529,0.15261012393311113
27,1491,1518,0.15262070034417088
27,1488,1515,0.15262743859905092
27,1482,1509,0.15263387203347012
25,1483,1508,0.15264004612940762
24,1482,1506,0.15265213531184932
25,1490,1515,0.15266659873071123
24,1494,1518,0.15267711221317673
23,1489,1512,0.15269016069143626
23,1487,1510,0.15270537780180507
25,1487,1512,0.15271962859714333
25,1490,1515,0.15272682848747596
25,1498,1523,0.1527334939442609
25,1493,1518,0.15273988138008412
24,1489,1513,0.1527459207023522
23,1498,1521,0.1527547081409203
22,1498,1520,0.15276611541249863
23,1488,1511,0.15277998509672755
23,1489,1512,0.15278980378312343
24,1495,1519,0.15279898967076758
24,1502,1526,0.1528044653028891
23,1505,1528,0.15280959051251145
23,1506,1529,0.15281747381762512
24,1509,1533,0.15282487479441859
22,1502,1524,0.1528287001602086
22,1508,1530,0.15283863752984383
22,1508,1530,0.1528479913539874
22,1495,1517,0.15285679106974862
21,1494,1515,0.15286506412041753
21,1495,1516,0.1528760116180772
21,1498,1519,0.1528862000299809
20,1499,1519,0.15289573357298683
22,1506,1528,0.15290781375728124
21,1494,1515,0.15291283852995863
20,1491,1511,0.15292066116469485
22,1496,1518,0.15293108230682265
21,1496,1517,0.15293460852286628
21,1497,1518,0.15294106239834418
22,1484,1506,0.15294714885292396
22,1495,1517,0.15294979647515836
21,1489,1510,0.15295229555823134
22,1498,1520,0.15295778776359367
22,1490,1512,0.15295984638771198
24,1492,1516,0.15296166220804241
24,1499,1523,0.15295729243062703
23,1494,1517,0.15295324328870627
22,1505,1527,0.15295257872224702
21,1508,1529,0.15295510950123692
21,1503,1524,0.1529606942054937
21,1501,1522,0.15296584155275028
20,1508,1528,0.15297063487934762
21,1501,1522,0.15297818988865486
20,1485,1505,0.15298216381101962
20,1499,1519,0.15298897858532678
18,1492,1510,0.15299537219871986
18,1505,1523,0.1530076501269467
18,1506,1524,0.15301919784486617
18,1507,1525,0.1530300219990751
18,1510,1528,0.1530401641755577
18,1512,1530,0.15304966936183861
18,1498,1516,0.15305858011899864
17,1494,1511,0.15306688511001793
19,1489,1508,0.1530778410948267
19,1499,1518,0.15308181883417885
18,1496,1514,0.15308556628295159
18,1516,1534,0.15309220315986308
19,1506,1525,0.1530984319030969
19,1493,1512,0.1531011621353186
19,1488,1507,0.1531037426597414
19,1499,1518,0.15310618985919638
20,1505,1525,0.15310850889861535
21,1497,1518,0.15310761441311452
19,1489,1508,0.15310363779318806
20,1495,1515,0.15310607150847702
21,1496,1517,0.15310529249248783
20,1485,1505,0.1531014961069985
22,1483,1505,0.15310102472006604
22,1500,1522,0.15309430248487652
22,1500,1522,0.15308812952831835
22,1496,1518,0.15308236803778688
22,1503,1525,0.1530770529597396
23,1487,1510,0.15307208900628905
22,1473,1495,0.15306442157202516
23,1489,1512,0.15306025907141763
24,1493,1517,0.15305328791961437
24,1495,1519,0.15304367735318497
24,1496,1520,0.15303468679220855
25,1497,1522,0.15302627008419878
24,1506,1530,0.15301544558290947
24,1500,1524,0.15300832079576737
25,1506,1531,0.15300156888616623
24,1494,1518,0.1529922539807917
24,1486,1510,0.1529865976316948
26,1482,1508,0.1529813930899835
27,1488,1515,0.15297031997917496
29,1464,1493,0.15295687283628812
29,1472,1501,0.15293814067748895
28,1494,1522,0.15292063955552915
27,1498,1525,0.15290734070236817
27,1490,1517,0.1528979650540258
27,1501,1528,0.1528891036726163
28,1500,1528,0.1528808335691226
30,1483,1513,0.15287001667436037
29,1481,1510,0.15285370571995419
29,1490,1519,0.15284147342798896
30,1481,1511,0.1528299482793352
30,1494,1524,0.15281598283177672
30,1487,1517,0.15280298052278732
30,1483,1513,0.1527908204608259
30,1485,1515,0.15277943596020385
30,1491,1521,0.1527687713257496
30,1495,1525,0.15275877706662833
30,1496,1526,0.15274940823545588
29,1494,1523,0.15274062359118334
29,1499,1528,0.15273537672739004
29,1493,1522,0.15273038549671183
29,1489,1518,0.15272578775150333
29,1489,1518,0.15272149906867266
30,1496,1526,0.15271746851974968
30,1494,1524,0.1527106743551771
29,1491,1520,0.15270441986347172
31,1484,1515,0.15270165087616003
31,1475,1506,0.15269287162869172
30,1471,1501,0.15268452297981377
31,1483,1514,0.1526797454463752
31,1475,1506,0.15267208029577525
29,1480,1509,0.15266485795111642
31,1482,1513,0.15266432107168934
32,1477,1509,0.1526576675463018
33,1479,1512,0.15264834873187572
34,1484,1518,0.1526365426356188
32,1487,1519,0.15262253760479128
33,1480,1513,0.1526157588379185
33,1478,1511,0.15260644829228023
33,1493,1526,0.1525977629543409
32,1478,1510,0.15258966796049825
31,1469,1500,0.152585089049425
32,1487,1519,0.15258378842787831
34,1492,1526,0.1525794867727672
32,1484,1516,0.15256930929397367
30,1488,1518,0.15256594745345087
31,1486,1517,0.15256888947055033
31,1494,1525,0.1525685056263188
30,1496,1526,0.1525681040391259
30,1496,1526,0.15257074132919898
29,1490,1519,0.15257305594118742
25,1487,1512,0.1525782382922788
26,1489,1515,0.15259536140086466
25,1472,1497,0.15260823144984997
25,1473,1498,0.15262324027476548
26,1480,1506,0.15263726747893877
25,1483,1508,0.15264737259139222
23,1473,1496,0.15265997909652898
24,1494,1518,0.15267782916561734
24,1501,1525,0.15269136056502272
23,1519,1542,0.15270389937323095
25,1506,1531,0.15271894146301807
25,1493,1518,0.15272678419753624
26,1493,1519,0.15273409829753828
24,1494,1518,0.15273782060340071
23,1485,1508,0.15274742427091328
24,1485,1509,0.15275965432128175
22,1469,1491,0.15276797448976343
24,1478,1502,0.15278190330942906
25,1482,1507,0.152788728921915
25,1496,1521,0.15279205290214243
26,1507,1533,0.15279535640187802
27,1506,1533,0.15279547348190836
29,1498,1527,0.15279262611024236
29,1492,1521,0.15278387580254948
27,1491,1518,0.15277578119096233
27,1488,1515,0.15277440324843916
26,1481,1507,0.1527730516081791
25,1483,1508,0.15277491657776113
24,1491,1515,0.15277973184506455
25,1476,1501,0.15278729203469102
24,1480,1504,0.1527912493763681
24,1491,1515,0.1527981388584586
24,1502,1526,0.15280462234572034
24,1501,1525,0.15281070784495518
25,1500,1525,0.15281639293769023
25,1500,1525,0.1528185578900193
25,1506,1531,0.1528206250429404
26,1492,1518,0.15282259225447115
24,1496,1520,0.15282138410772972
24,1497,1521,0.15282643676873678
24,1488,1512,0.1528312529675616
26,1491,1517,0.1528358212419112
26,1484,1510,0.15283390890805512
24,1490,1514,0.15283218658386727
23,1496,1519,0.15283681169578098
20,1494,1514,0.1528441597286198
21,1495,1516,0.15286024983692073
22,1494,1516,0.15287205704215245
22,1488,1510,0.152880020255697
23,1490,1513,0.15288750606681428
22,1494,1516,0.15289131999078912
23,1492,1515,0.1528979374930402
24,1497,1521,0.15290101482603416
23,1491,1514,0.1529008925636925
23,1491,1514,0.1529039396778953
22,1496,1518,0.152906718066793
22,1494,1516,0.15291236089728433
23,1477,1500,0.15291754681850644
24,1491,1515,0.1529193769940046
24,1501,1525,0.1529179319634261
24,1491,1515,0.15291660591204465
23,1501,1524,0.15291540846965687
22,1500,1522,0.15291736116178498
25,1501,1526,0.15292231431377704
27,1499,1526,0.15291750997784873
26,1501,1527,0.1529068871907061
27,1501,1528,0.15290006951675938
25,1500,1525,0.15289065476197022
25,1493,1518,0.15288826748217638
23,1491,1514,0.1528860678501352
21,1489,1510,0.15289013375360544
21,1505,1526,0.15290013869098254
22,1509,1531,0.15290935140896902
19,1503,1522,0.15291474067147487
20,1508,1528,0.1529290975418597
20,1505,1525,0.15293932550833758
19,1492,1511,0.15294894077554205
18,1493,1511,0.15296103234403083
19,1499,1518,0.15297547646538526
20,1507,1527,0.15298586898460595
19,1510,1529,0.15299246406005626
21,1503,1524,0.15300183170474355
20,1510,1530,0.15300421797542046
21,1506,1527,0.15300956193804666
20,1501,1521,0.15301147325306147
21,1508,1529,0.1530164187207524
20,1502,1522,0.1530178999164633
21,1495,1516,0.1530225309601464
21,1501,1522,0.1530237525707774
20,1487,1507,0.15302488792451563
20,1491,1511,0.15302909692855912
20,1500,1520,0.15303304931542036
19,1502,1521,0.15303674341757534
19,1502,1521,0.15304338834509362
19,1507,1526,0.1530495890861145
19,1510,1529,0.153055380189201
19,1501,1520,0.15306079743978618
19,1502,1521,0.1530658697326686
20,1505,1525,0.15307062201640753
20,1515,1535,0.15307193691813648
20,1490,1510,0.15307317800866665
19,1504,1523,0.1530743335908785
19,1511,1530,0.15307851169025632
20,1508,1528,0.1530824293191267
22,1491,1513,0.153082940870756
22,1491,1513,0.15307715367844857
21,1488,1509,0.15307176474932807
21,1486,1507,0.1530698473116222
21,1493,1514,0.1530680597386844
21,1496,1517,0.15306637796342717
21,1496,1517,0.1530647981494702
20,1478,1498,0.15306331543224083
19,1488,1507,0.15306505331969744
18,1488,1506,0.15306991212611543
18,1487,1505,0.15307750946139712
16,1502,1518,0.1530846127199301
15,1515,1530,0.15309750452681536
13,1499,1512,0.15311274448049084
14,1478,1492,0.15313334733297165
14,1505,1519,0.15314951199564272
14,1517,1531,0.1531646270579496
15,1511,1526,0.15317880249624377
15,1505,1520,0.15318892758136532
15,1505,1520,0.1531984704191271
15,1489,1504,0.15320745259529783
15,1496,1511,0.15321589801745275
15,1513,1528,0.15322383500137043
16,1512,1528,0.1532312923812522
16,1500,1516,0.15323515790216838
17,1509,1526,0.1532387910915887
16,1504,1520,0.1532390045025737
16,1502,1518,0.153242462320787
16,1517,1533,0.15324572687169571
16,1518,1534,0.1532487957180012
16,1522,1538,0.15325167989563235
16,1514,1530,0.15325439102516775
16,1512,1528,0.15325693962932482
14,1504,1518,0.15325933544053996
15,1503,1518,0.15326788431660604
16,1516,1532,0.15327268005894207
16,1514,1530,0.15327401005163438
16,1520,1536,0.15327530267329223
15,1521,1536,0.15327654342231456
15,1511,1526,0.15328088156941697
16,1507,1523,0.15328492179162714
15,1499,1514,0.15328556277898328
14,1510,1524,0.15328935998012283
13,1503,1516,0.15329597407436388
15,1510,1525,0.15330533536218266
16,1517,1533,0.1533077328694843
16,1524,1540,0.15330669481942777
15,1520,1535,0.15330580597945176
15,1511,1526,0.15330817048559436
14,1507,1521,0.15331041772333356
14,1512,1526,0.15331573085648906
14,1508,1522,0.1533207332154415
15,1529,1544,0.1533254202984198
15,1524,1539,0.15332661466914665
15,1528,1543,0.15332771126094474
14,1509,1523,0.15332873943679165
14,1507,1521,0.15333288888525368
14,1509,1523,0.15333679201719624
15,1515,1530,0.15334046497405573
14,1515,1529,0.15334070941804798
14,1514,1528,0.15334423500632038
14,1512,1526,0.15334759893368613
14,1511,1525,0.15335078046477943
13,1500,1513,0.15335377922838792
13,1507,1520,0.15335979915248124
13,1510,1523,0.15336535477109234
13,1500,1513,0.15337054119381885
14,1502,1516,0.1533753950279029
14,1501,1515,0.15337673264643126
16,1486,1502,0.15337809105237857
16,1481,1497,0.15337305015294136
14,1496,1510,0.15336837900568423
14,1504,1518,0.15337036628532696
14,1498,1512,0.1533722669060148
13,1516,1529,0.1533740433698643
13,1512,1525,0.15337891929252
12,1505,1517,0.1533833971577688
13,1519,1532,0.1533907123281428
13,1512,1525,0.15339440104501928
13,1518,1531,0.1533978444608545
13,1505,1518,0.15340107642572254
13,1519,1532,0.1534041096883808
13,1509,1522,0.15340695648932154
13,1513,1526,0.15340962851049367
12,1503,1515,0.15341213674300966
12,1502,1514,0.15341768267918388
12,1495,1507,0.15342285391671592
12,1505,1517,0.15342768346759655
11,1503,1514,0.15343220291184795
11,1507,1518,0.15343964521561998
12,1513,1525,0.1534466480645793
12,1508,1520,0.1534500125992609
12,1505,1517,0.15345315930089856
12,1484,1496,0.1534561003288077
11,1484,1495,0.1534588537686137
10,1488,1498,0.15346469512262467
11,1492,1503,0.15347317167271646
10,1488,1498,0.15347781433699553
10,1500,1510,0.15348541156438186
11,1494,1505,0.15349254176942914
12,1503,1515,0.1534959142126808
12,1501,1513,0.15349595555812
13,1511,1524,0.1534960001758942
12,1494,1506,0.15349280003085197
13,1495,1508,0.15349304767703018
14,1505,1519,0.15349007044859878
13,1500,1513,0.15348411077344049
13,1506,1519,0.15348178184886632
13,1520,1533,0.15347964585953008
13,1521,1534,0.15347767597225745
13,1510,1523,0.15347584927428337
12,1489,1501,0.15347414953092764
11,1496,1507,0.15347575185163453
11,1497,1508,0.15348048275386209
11,1497,1508,0.15348477668532726
10,1498,1508,0.15348880824377353
10,1505,1515,0.1534958229597351
10,1505,1515,0.15350242183027388
10,1496,1506,0.15350862649111308
11,1504,1515,0.15351442007460991
11,1513,1524,0.1535165145357272
11,1515,1526,0.15351855167287837
11,1518,1529,0.15352048044506406
9,1515,1524,0.1535222996406432
8,1507,1515,0.15353046773778775
8,1518,1526,0.15354132005989496
7,1505,1512,0.15355150001663856
7,1508,1515,0.1535642387804668
7,1500,1507,0.1535762048484355
7,1494,1501,0.1535874278664194
7,1500,1507,0.15359795601523543
7,1519,1526,0.15360783530385957
7,1522,1529,0.15361710808313378
6,1516,1522,0.15362581337210776
6,1509,1515,0.15363726991792193
6,1501,1507,0.15364794337338344
6,1513,1519,0.15365794442492073
6,1512,1518,0.15366732620585888
6,1494,1500,0.15367613172064415
6,1493,1499,0.1536843989596977
7,1492,1499,0.15369216247612877
7,1502,1509,0.15369612411232358
7,1490,1497,0.15369993406761984
7,1501,1508,0.15370349065006397
7,1494,1501,0.1537069058707613
8,1499,1507,0.15371012734741363
8,1496,1504,0.1537098314880402
8,1499,1507,0.15370963933165632
9,1504,1513,0.15370954215684113
9,1496,1505,0.1537062826442635
9,1509,1518,0.15370326135520532
8,1508,1516,0.15370046531020332
10,1507,1517,0.15370116994749922
9,1518,1527,0.15369522111597156
9,1507,1516,0.15369306291769938
8,1503,1511,0.15369100444471498
8,1499,1507,0.1536922906054791
8,1492,1500,0.15369346646744284
9,1490,1499,0.1536945502827514
9,1519,1528,0.15369225933274994
7,1508,1515,0.15369019539507925
7,1508,1515,0.15369481880819788
7,1501,1508,0.15369906226871463
7,1499,1506,0.1537030097682753
7,1503,1510,0.15370669689005503
7,1518,1525,0.15371014732717828
8,1508,1516,0.15371337981553335
7,1496,1503,0.1537131362720624
7,1496,1503,0.15371629185101593
7,1500,1507,0.15371919286408678
7,1516,1523,0.15372190364946728
7,1508,1515,0.15372444326298562
8,1502,1510,0.153726824982976
7,1507,1514,0.153725837562403
7,1514,1521,0.15372813632622628
7,1505,1512,0.15373027417465057
7,1516,1523,0.15373226840520562
7,1514,1521,0.15373413492057286
7,1511,1518,0.1537358844112101
7,1516,1523,0.1537375254575581
7,1517,1524,0.15373906549304167
8,1515,1523,0.15374051118644702
8,1508,1516,0.15373854398497103
8,1512,1520,0.153736786327759
8,1525,1533,0.15373516189808648
8,1516,1524,0.15373365078005533
8,1502,1510,0.15373224090587415
8,1506,1514,0.15373092322854917
9,1497,1506,0.15372969031805625
9,1502,1511,0.15372531160260458
9,1497,1506,0.15372124506540974
10,1500,1510,0.1537174552157744
10,1500,1510,0.15371071611019552
11,1513,1524,0.15370439328640478
10,1512,1522,0.15369519704324325
10,1505,1515,0.15368987676596416
10,1512,1522,0.15368488873604036
10,1505,1515,0.15368020503790647
10,1491,1501,0.15367580850872106
8,1488,1496,0.15367168155688643
9,1502,1511,0.1536743605751881
8,1507,1515,0.1536734357926024
7,1503,1510,0.15367592701121105
7,1505,1512,0.15368139054917676
5,1504,1509,0.15368649647018975
5,1510,1515,0.1536977326293161
5,1504,1509,0.1537081824038349
6,1507,1513,0.15371794718389398
7,1514,1521,0.15372379836564506
7,1513,1520,0.15372615249981206
7,1500,1507,0.15372836171742021
9,1507,1516,0.15373043982244464
9,1510,1519,0.15372589957990748
10,1508,1518,0.15372167923246394
10,1520,1530,0.15371454577390098
10,1517,1527,0.1537079246079838
10,1514,1524,0.153701756327087
11,1517,1528,0.153695995036411
10,1513,1523,0.1536873106651723
10,1521,1531,0.1536824595027357
10,1527,1537,0.15367796002258133
10,1518,1528,0.15367371438486413
10,1515,1525,0.15366972663208142
9,1511,1520,0.15366598342630614
9,1511,1520,0.1536656665329607
10,1512,1522,0.1536653669486442
11,1515,1526,0.15366186811047844
11,1507,1518,0.15365542783196134
12,1513,1525,0.15364941264812182
13,1508,1521,0.1536405934717492
13,1502,1515,0.153629152334757
13,1506,1519,0.15361845136440228
13,1507,1520,0.1536084477441173
12,1525,1537,0.1535990854672211
12,1515,1527,0.15359348318769442
12,1499,1511,0.15358819015445252
12,1500,1512,0.153583200213482
12,1511,1523,0.15357851977162293
12,1507,1519,0.1535741819757609
12,1501,1513,0.15357012613968407
12,1508,1520,0.153566323257613
13,1504,1517,0.15356275422346524
14,1496,1510,0.15355616133594543
14,1488,1502,0.1535468284701423
14,1498,1512,0.15353814458345144
13,1505,1518,0.1535300404251513
14,1497,1511,0.15352567457259744
13,1496,1509,0.15351841046532436
13,1512,1525,0.15351473549028027
12,1506,1518,0.15351128493744462
12,1505,1517,0.1535111781841158
12,1501,1513,0.15351107193552213
12,1482,1494,0.1535109521508181
12,1489,1501,0.15351082359482965
12,1504,1516,0.15351069076380802
13,1509,1522,0.15351055679435832
13,1502,1515,0.15350726858104558
13,1507,1520,0.15350419109013752
14,1520,1534,0.15350130993886474
14,1512,1526,0.15349544999688458
15,1503,1518,0.1534899631775824
14,1502,1516,0.1534816764757829
14,1500,1514,0.15347712314395143
13,1511,1524,0.1534728434924003
12,1507,1519,0.15347202845236127
12,1493,1505,0.1534744200917584
12,1491,1503,0.1534765475549415
12,1495,1507,0.15347849748811496
12,1491,1503,0.1534802996106932
12,1499,1511,0.1534819724360216
12,1508,1520,0.15348352947751454
12,1513,1525,0.15348498144451553
11,1511,1522,0.15348633724943014
11,1506,1517,0.15349075520041885
11,1515,1526,0.15349494735994854
11,1529,1540,0.15349877189409822
12,1517,1529,0.1535023349345853
12,1516,1528,0.1535024408928067
12,1511,1523,0.15350263757159305
12,1495,1507,0.1535028494527597
12,1498,1510,0.15350306207502998
11,1503,1514,0.15350326989435498
11,1508,1519,0.15350661396705628
11,1505,1516,0.15350974401594533
10,1504,1514,0.15351266410899264
10,1501,1511,0.15351857978520816
9,1493,1502,0.15352414256076383
9,1500,1509,0.15353252697187192
8,1506,1514,0.15354038582067692
7,1510,1517,0.15355093302658118
7,1502,1509,0.1535639859952822
7,1502,1509,0.15357621427101287
8,1509,1517,0.15358766364733945
8,1511,1519,0.15359519621218964
8,1514,1522,0.15360226029027838
8,1514,1522,0.15360890079005565
8,1516,1524,0.15361514104941365
7,1502,1509,0.1536210042229252
7,1502,1509,0.15362977217054216
6,1498,1504,0.15363791658224818
7,1498,1505,0.1536487471103512
7,1493,1500,0.15365571807524667
7,1502,1509,0.15366225666116817
7,1501,1508,0.15366840341869514
8,1519,1527,0.15367417995657284
8,1515,1523,0.15367624311422645
8,1511,1519,0.15367837768366838
8,1511,1519,0.15368042633623008
8,1500,1508,0.15368237248166763
8,1512,1520,0.15368421414306938
8,1511,1519,0.15368595349904224
8,1508,1516,0.15368759429359638
8,1511,1519,0.153689140906714
8,1506,1514,0.1536905979477079
7,1506,1513,0.1536919700546073
7,1511,1518,0.15369647278868578
8,1509,1517,0.15370066556206283
8,1513,1521,0.15370136623748398
8,1497,1505,0.15370201609195708
8,1488,1496,0.15370263601778264
8,1499,1507,0.15370322495795785
8,1513,1521,0.1537037828074046
7,1512,1519,0.15370431023924597
7,1509,1516,0.15370802097440406
7,1503,1510,0.1537114707090348
7,1510,1517,0.15371468818616116
7,1511,1518,0.1537176978617627
6,1494,1500,0.1537205171961065
6,1500,1506,0.1537264402083868
6,1508,1514,0.1537319117810087
6,1503,1509,0.15373702294491035
6,1500,1506,0.15374179853144113
6,1508,1514,0.15374627867083157
6,1509,1515,0.15375048131870803
6,1514,1520,0.1537544251099893
6,1510,1516,0.1537581270348165
6,1517,1523,0.1537616026989237
6,1518,1524,0.15376486651416646
6,1509,1515,0.15376793184005266
6,1510,1516,0.15377081109511936
5,1512,1517,0.15377351584755838
5,1513,1518,0.15377938142015457
5,1507,1512,0.15378481217191164
5,1502,1507,0.1537898911633371
5,1503,1508,0.15379465060840458
5,1504,1509,0.15379911462817458
5,1490,1495,0.15380330374996512
5,1502,1507,0.15380724052471806
4,1514,1518,0.15381093948001176
4,1503,1507,0.15381764251993826
4,1512,1516,0.15382394126110166
4,1508,1512,0.15382984561156882
4,1510,1514,0.153835384221412
4,1499,1503,0.15384058234063855
4,1505,1509,0.15384546253887593
3,1498,1501,0.15385004535993485
3,1518,1521,0.1538576176338539
3,1533,1536,0.15386470467699934
3,1530,1533,0.15387134478162623
3,1535,1538,0.1538775737230818
2,1519,1521,0.15388342044984432
2,1507,1509,0.15389217294735175
2,1509,1511,0.1539004042760453
2,1504,1506,0.15390812778245153
2,1500,1502,0.15391537800396332
2,1513,1515,0.15392218624905482
2,1511,1513,0.15392858096053158
2,1515,1517,0.15393458827936599
2,1519,1521,0.15394023240401467
2,1523,1525,0.15394553583167733
2,1515,1517,0.1539505195356354
2,1511,1513,0.15395520310516883
2,1518,1520,0.15395960486141952
2,1527,1529,0.1539637419565125
2,1522,1524,0.15396763046028553
2,1526,1528,0.1539712854374106
2,1512,1514,0.1539747210167932
1,1513,1514,0.15397795045458604
1,1511,1512,0.15398434501753816
1,1519,1520,0.15399027856446557
1,1514,1515,0.15399583657082588
1,1524,1525,0.1540010512659136
1,1513,1514,0.15400594715605592
1,1499,1500,0.15401054541885664
1,1518,1519,0.154014865149899
1,1513,1514,0.15401892387610785
1,1507,1508,0.15402273782377246
1,1503,1504,0.1540263220859816
1,1492,1493,0.1540296907418295
1,1502,1503,0.1540328569490998
1,1509,1510,0.15403583302055418
1,1510,1511,0.15403863048909325
1,1500,1501,0.15404126016480557
1,1504,1505,0.1540437321857776
1,1510,1511,0.15404605606390445
1,1508,1509,0.1540482407265676
1,1520,1521,0.15405029455481034
1,1518,1519,0.1540522254184877
1,1508,1509,0.15405404070875967
2,1500,1502,0.15405574736822486
2,1527,1529,0.1540539728953627
2,1517,1519,0.15405239172505014
2,1516,1518,0.15405092813443613
2,1509,1511,0.1540495643247061
2,1508,1510,0.15404828994585731
2,1524,1526,0.15404709731550897
3,1519,1522,0.1540459801088388
3,1514,1517,0.1540415664777379
3,1505,1508,0.15403750980782116
3,1508,1511,0.15403372293733336
3,1508,1511,0.1540301778209032
3,1506,1509,0.15402685490343396
3,1504,1507,0.1540237380782901
3,1502,1505,0.15402081323613853
3,1501,1504,0.1540180676697486
3,1505,1508,0.15401548977052726
3,1513,1516,0.15401306884667013
2,1520,1522,0.15401079500021367
2,1529,1531,0.15401200732511566
2,1520,1522,0.1540130667217756
2,1516,1518,0.1540140413461836
2,1520,1522,0.1540149465306465
1,1515,1516,0.15401579057785844
1,1511,1512,0.1540199380818068
1,1500,1501,0.15402375600239673
1,1491,1492,0.15402732280905299
1,1500,1501,0.15403066378913277
1,1505,1506,0.1540337967690423
1,1510,1511,0.15403673655541222
1,1512,1513,0.1540394961919957
1,1527,1528,0.15404208747074052
1,1514,1515,0.15404452119229417
1,1514,1515,0.15404680732315287
1,1527,1528,0.15404895510302274
1,1521,1522,0.15405097312484148
1,1506,1507,0.15405286939806317
1,1510,1511,0.15405465140078284
1,1518,1519,0.1540563261239222
1,1518,1519,0.15405790010948345
1,1527,1528,0.15405937948420234
1,1517,1518,0.15406076998952387
1,1534,1535,0.1540620770085673
1,1523,1524,0.15406330559057488
1,1522,1523,0.15406446047322045
1,1515,1516,0.15406554610307222
1,1516,1517,0.1540665666544403
1,1517,1518,0.1540675260467978
1,1526,1527,0.1540684279609284
1,1527,1528,0.1540692758539284
1,1516,1517,0.1540700729731713
1,1523,1524,0.15407082236932643
1,1516,1517,0.15407152690851264
1,1516,1517,0.1540721892836554
1,1524,1525,0.15407281202510925
1,1525,1526,0.15407339751060134
1,1518,1519,0.15407394797454357
1,1521,1522,0.15407446551675924
1,1512,1513,0.15407495211066366
0,1504,1504,0.154075409610936
