1371,30,1401,0.1358407696628794
1403,32,1435,0.13301112132236184
1436,33,1469,0.13034073441786723
1446,37,1483,0.12781560381171403
1443,38,1481,0.12548767816742262
1440,39,1479,0.1233743032099186
1445,40,1485,0.12145562493891683
1442,38,1480,0.1196942281910021
1446,38,1484,0.1180963724777611
1445,40,1485,0.11663054785781712
1444,40,1484,0.11529714630454345
1447,43,1490,0.11408507601737536
1456,44,1500,0.11297337543337616
1455,45,1500,0.1119391622599889
1441,43,1484,0.11099919633239136
1450,42,1492,0.11017567326873612
1455,43,1498,0.10940412399184136
1456,43,1499,0.1086893369443766
1456,44,1500,0.10803600797796144
1458,46,1504,0.10744081072567926
1459,46,1505,0.10689414329203345
1456,47,1503,0.1063940012308031
1446,46,1492,0.10594509959201841
1447,45,1492,0.105558266965758
1447,44,1491,0.10520346462372698
1451,47,1498,0.10488004733532193
1441,47,1488,0.10457642216518835
1434,47,1481,0.10432258167157088
1450,48,1498,0.1041063303880054
1430,50,1480,0.10387467228179602
1427,52,1479,0.10370689397062982
1445,51,1496,0.10356063217650363
1456,51,1507,0.1033881094428909
1462,52,1514,0.10320713978572148
1444,52,1496,0.10302958780769994
1437,51,1488,0.10290695104821852
1440,51,1491,0.10281003632004992
1440,49,1489,0.10271473386803695
1434,48,1482,0.10262789306033415
1430,49,1479,0.10256158891630651
1436,51,1487,0.10250972179939337
1437,50,1487,0.10244931404406551
1454,50,1504,0.10239232264695414
1440,51,1491,0.10230385826099063
1437,53,1490,0.10225359469076949
1434,52,1486,0.10221455515016885
1440,49,1489,0.10218532313042655
1434,51,1485,0.1021460119144258
1442,51,1493,0.10212303469260639
1433,51,1484,0.10208487765360154
1419,51,1470,0.1020697473409361
1433,52,1485,0.10208656815713799
1437,55,1492,0.10207185462842634
1437,52,1489,0.10204997242990103
1439,54,1493,0.1020300178373782
1434,50,1484,0.10200759557175894
1445,51,1496,0.10199771388690017
1450,50,1500,0.1019645963093896
1459,49,1508,0.10192385663336725
1448,49,1497,0.10186694456797923
1442,52,1494,0.10183817760060579
1425,49,1474,0.10182506390523612
1443,48,1491,0.10184978622425249
1451,49,1500,0.10183426907405782
1463,49,1512,0.10180267181114637
1454,47,1501,0.10174834166712365
1450,51,1501,0.1017180833237062
1439,53,1492,0.10169832381907531
1434,53,1487,0.10170389898182802
1451,54,1505,0.1017197440408209
1442,51,1493,0.10169775868531626
1437,51,1488,0.10169722878503741
1440,53,1493,0.1017074376731824
1434,53,1487,0.10171027783026958
1447,50,1497,0.1017258142615901
1445,51,1496,0.10171225507387625
1443,51,1494,0.10170445748507376
1435,48,1483,0.10170144054992558
1435,47,1482,0.10171525484328153
1444,47,1491,0.10172751814882088
1441,45,1486,0.10171961819132495
1451,46,1497,0.10171911999568482
1447,46,1493,0.10169736900672213
1448,46,1494,0.10168607812905262
1441,50,1491,0.10167343306172802
1451,50,1501,0.10167698168221731
1452,49,1501,0.1016588448575402
1434,48,1482,0.10164017968490682
1422,48,1470,0.10166185244115637
1417,51,1468,0.1017074501857197
1439,50,1489,0.1017595270074368
1448,50,1498,0.10175970468964436
1451,50,1501,0.10174097714028342
1436,49,1485,0.10171762657919245
1454,49,1503,0.10172849779627381
1440,52,1492,0.10170001717075383
1435,52,1487,0.10170375539832577
1429,50,1479,0.10171819790548753
1426,50,1476,0.1017441971916941
1424,58,1482,0.10177413405930334
1437,61,1498,0.10180585982932554
1431,61,1492,0.10180697599917826
1445,59,1504,0.10182058297223508
1450,58,1508,0.10180314645607591
1444,57,1501,0.1017764939773004
1448,58,1506,0.10176516771907891
1439,58,1497,0.1017467780778319
1426,64,1490,0.10174862957771358
1431,65,1496,0.10177818184425473
1438,62,1500,0.10179473533459053
1437,63,1500,0.10179500719357831
1430,63,1493,0.1017971711401213
1420,63,1483,0.1018140361583433
1419,62,1481,0.10185081823974107
1427,61,1488,0.10188655904912469
1439,60,1499,0.10190218444253774
1430,62,1492,0.10189058478555918
1445,60,1505,0.10189885135376249
1442,59,1501,0.10187465960267698
1431,59,1490,0.10185866338564348
1437,62,1499,0.10186806562668174
1439,63,1502,0.10186363854365499
1433,63,1496,0.10185541479314435
1428,64,1492,0.10186059386033974
1428,67,1495,0.10187634883023822
1432,65,1497,0.10189030993452247
1436,65,1501,0.10189429886918593
1435,62,1497,0.10188987640599442
1442,64,1506,0.10188781345323505
1447,66,1513,0.10187102099616886
1452,67,1519,0.1018449721603189
1448,67,1515,0.10181028507907271
1447,67,1514,0.10178727276554295
1427,67,1494,0.10176905679627073
1422,69,1491,0.1017950261142225
1419,71,1490,0.10182971019312827
1429,69,1498,0.10186756148714361
1428,70,1498,0.10188100331132625
1432,73,1505,0.10189565667071669
1426,73,1499,0.10190056697145938
1418,75,1493,0.101918479785131
1437,77,1514,0.10195244491350217
1422,77,1499,0.10194247981431452
1431,77,1508,0.10196536441326297
1425,77,1502,0.10196684662086866
1426,80,1506,0.10198097395313648
1408,80,1488,0.10199105742638903
1409,82,1491,0.10203895752051327
1412,82,1494,0.1020805032910935
1416,78,1494,0.10211231841734535
1413,78,1491,0.10213322447592484
1421,80,1501,0.10215934381585696
1428,78,1506,0.10216568221492542
1426,78,1504,0.10215643518921619
1420,76,1496,0.10215196746201119
1416,75,1491,0.10216052284818755
1407,76,1483,0.1021769910064012
1428,76,1504,0.1022116805698625
1412,76,1488,0.10219778798125581
1425,72,1497,0.10221966982082206
1438,73,1511,0.10221133429439286
1426,76,1502,0.1021756876531657
1420,73,1493,0.10216873490215306
1419,74,1493,0.10217565810407164
1417,75,1492,0.10218366284579299
1415,76,1491,0.10219545896872528
1415,74,1489,0.10221026803604666
1420,75,1495,0.10222443604650058
1410,74,1484,0.10222691835934505
1404,76,1480,0.10225096741362044
1403,75,1478,0.10228574973400743
1393,77,1470,0.10231955264280185
1413,80,1493,0.10237204155570968
1412,81,1493,0.10237610845693404
1407,80,1487,0.10238211515902922
1412,81,1493,0.10239853980250675
1410,82,1492,0.1024026765161113
1414,81,1495,0.10241090485341614
1416,83,1499,0.10240958294556435
1413,81,1494,0.10240371295744596
1403,86,1489,0.1024050427669096
1413,91,1504,0.10242778062683261
1398,90,1488,0.10242743951347066
1393,92,1485,0.10245988809097199
1386,94,1480,0.10250061940670101
1387,92,1479,0.10255361790877913
1390,92,1482,0.10259901764315345
1372,94,1466,0.10263369067417427
1380,93,1473,0.10270466560601721
1372,96,1468,0.10275219154490482
1382,99,1481,0.10281318131600882
1370,101,1471,0.10284837477883745
1381,100,1481,0.10290666730312015
1380,99,1479,0.10293602702030279
1380,100,1480,0.10296490542736197
1385,100,1485,0.10299125715977527
1379,100,1479,0.10300487456046607
1383,95,1478,0.10302970782596622
1382,92,1474,0.10304386258542497
1379,91,1470,0.10305784886248791
1392,93,1485,0.1030776517227721
1403,99,1502,0.10306778415595215
1391,98,1489,0.10303511350500177
1397,102,1499,0.10303120237130214
1404,97,1501,0.10301453377438864
1398,99,1497,0.10298403646014898
1394,95,1489,0.10296903625871139
1402,96,1498,0.1029639748027889
1394,94,1488,0.10294231929387936
1401,98,1499,0.10293953055858478
1400,99,1499,0.10292222080307944
1397,94,1491,0.10290875768952949
1390,98,1488,0.1029026814709744
1391,98,1489,0.10291337834269615
1395,103,1498,0.10292107268403626
1394,103,1497,0.10291897956218019
1392,106,1498,0.10291940343032492
1381,109,1490,0.10292442599947553
1375,113,1488,0.10295288655196902
1381,113,1494,0.10299235931895684
1382,114,1496,0.10301527528176922
1378,113,1491,0.10303453076828659
1376,111,1487,0.10306125648963438
1364,113,1477,0.10308964512786215
1372,111,1483,0.10314172417218065
1388,110,1498,0.10317262650033529
1370,113,1483,0.10316575254060023
1382,114,1496,0.10319891970818171
1383,116,1499,0.10320249028324163
1384,114,1498,0.1032033896428426
1383,114,1497,0.10320246140248339
1387,112,1499,0.10320322506994754
1388,111,1499,0.10319553148715897
1390,110,1500,0.10318614353095501
1388,110,1498,0.10317306941974053
1397,111,1508,0.10316563507541993
1391,115,1506,0.10313964464001085
1391,118,1509,0.10312919992263067
1383,117,1500,0.10311956472869217
1400,114,1514,0.10312807573063093
1380,116,1496,0.10309937981221762
1374,116,1490,0.10311643742105062
1388,116,1504,0.10314536480133839
1383,114,1497,0.10314062006479098
1382,117,1499,0.10314752564172797
1368,114,1482,0.10315618225043607
1369,116,1485,0.10319453498640488
1367,119,1486,0.10322665605271272
1361,125,1486,0.10326091487102033
1345,124,1469,0.1033068400476032
1356,126,1482,0.10338402225256317
1357,130,1487,0.10343050797091134
1350,130,1480,0.10347113458028404
1353,134,1487,0.10352318595121371
1352,135,1487,0.10356452618105337
1336,133,1469,0.10360453600476421
1351,134,1485,0.1036764778112132
1359,134,1493,0.10370964782783652
1358,134,1492,0.10372296555577872
1348,139,1487,0.10373684856187254
1347,135,1482,0.10377107687056115
1354,132,1486,0.10380494232184426
1366,138,1504,0.10382012372629626
1360,140,1500,0.10380787125755464
1367,133,1500,0.10380980871102338
1360,136,1496,0.10379703819043204
1354,136,1490,0.1038013894528444
1343,138,1481,0.10381888107217567
1338,142,1480,0.10385876985184175
1349,142,1491,0.1039054846658976
1347,147,1494,0.10392359077034548
1330,149,1479,0.10394518902255374
1324,145,1469,0.10400236451337101
1327,144,1471,0.10406801366688807
1331,148,1479,0.10412083539098123
1337,150,1487,0.10416065976840222
1330,153,1483,0.10418437145425337
1329,156,1485,0.10422159086226046
1319,159,1478,0.1042579918880448
1332,158,1490,0.10431409497004122
1330,159,1489,0.10433730358655724
1340,161,1501,0.10436299844276528
1340,164,1504,0.10436442441104393
1330,164,1494,0.10436629600218517
1340,163,1503,0.10438997866001204
1327,164,1491,0.10439041420646569
1328,162,1490,0.10441968952862656
1343,163,1506,0.1044443280615995
1347,163,1510,0.1044338966898864
1347,165,1512,0.10441645647789262
1341,166,1507,0.10440021452672354
1351,159,1510,0.1043990222494254
1348,161,1509,0.10437631012019807
1331,161,1492,0.10436155667128397
1335,156,1491,0.10438610902238776
1337,157,1494,0.10439926374667134
1340,158,1498,0.10440644401688826
1345,155,1500,0.1044067857437753
1346,157,1503,0.10439694062669946
1342,157,1499,0.10438456375114213
1343,151,1494,0.10438238362148282
1346,149,1495,0.10437786249350678
1345,149,1494,0.1043675581376246
1347,150,1497,0.10436134256783823
1340,156,1496,0.10435160989917808
1334,161,1495,0.1043587513357385
1332,161,1493,0.10437846274385293
1328,162,1490,0.10440060306553564
1331,167,1498,0.10442914307498807
1329,171,1500,0.10444930822274422
1318,171,1489,0.10447183239685448
1322,176,1498,0.10451827286929916
1317,174,1491,0.10455202008066475
1317,174,1491,0.10459382023034709
1306,176,1482,0.10463131370806476
1316,173,1489,0.10469029403122633
1317,170,1487,0.10472261767159644
1320,165,1485,0.10475036641207718
1323,165,1488,0.10476854243477794
1313,165,1478,0.1047772608130149
1320,167,1487,0.10480705347128332
1330,171,1501,0.10481918114613005
1331,179,1510,0.1048094318231908
1333,177,1510,0.10479849652334707
1325,176,1501,0.10478519865382693
1318,178,1496,0.10479054604660941
1324,177,1501,0.10481081106927573
1325,180,1505,0.10481596428912454
1324,178,1502,0.10481825071217955
1319,180,1499,0.10482215150670009
1312,180,1492,0.10483809091417999
1303,184,1487,0.10486849953526732
1305,186,1491,0.10491556395790962
1301,184,1485,0.10495385880931149
1302,186,1488,0.10499759522595431
1308,184,1492,0.10503580454449128
1303,185,1488,0.10505709732846917
1301,191,1492,0.10508736614632223
1302,188,1490,0.10512039220756318
1302,187,1489,0.10514773831190252
1303,182,1485,0.10517227391793028
1309,182,1491,0.1051931451002614
1304,180,1484,0.105200320684541
1321,185,1506,0.10521741737780374
1319,181,1500,0.10519620437565255
1320,182,1502,0.10518126113231624
1310,186,1496,0.10516566959318417
1318,186,1504,0.10517272394552275
1313,184,1497,0.10516179854089824
1309,180,1489,0.10516254119558256
1297,180,1477,0.10517181681377402
1302,179,1481,0.10520645508072336
1305,182,1487,0.10522734166584166
1320,186,1506,0.10524029338570376
1329,183,1512,0.10522030238094865
1324,182,1506,0.10518253284343597
1312,181,1493,0.10515974819603535
1315,185,1500,0.10516644012186813
1309,184,1493,0.10516541235618362
1315,180,1495,0.10517745897410528
1320,181,1501,0.10517535821745899
1314,178,1492,0.10516178914437407
1320,182,1502,0.10516321930295833
1313,183,1496,0.10515172269071617
1306,185,1491,0.10515711603760813
1313,182,1495,0.1051777459328666
1313,183,1496,0.10518086806830987
1325,186,1511,0.10518391701535429
1313,189,1502,0.1051590968162229
1301,189,1490,0.10516350355818073
1298,187,1485,0.10519435393981821
1305,187,1492,0.10522935035954284
1304,194,1498,0.10524679464208031
1297,192,1489,0.10526381345431661
1311,191,1502,0.10529497067890796
1312,193,1505,0.10529307723086856
1326,193,1519,0.10528905181366849
1333,191,1524,0.10525495345055394
1327,188,1515,0.10520841735739037
1319,191,1510,0.10517963406653054
1320,190,1510,0.10517040519514531
1316,190,1506,0.10515977896894743
1315,190,1505,0.10515868183021436
1317,186,1503,0.1051589775486287
1311,188,1499,0.10515497051652853
1301,192,1493,0.10516487848841713
1306,193,1499,0.10519628658555556
1308,192,1500,0.1052138024607053
1300,196,1496,0.10522610708964822
1299,201,1500,0.10525579209527265
1287,203,1490,0.10528475273629642
1289,206,1495,0.10533858422414283
1292,207,1499,0.10538393776922511
1293,203,1496,0.10541957285302293
1288,207,1495,0.10544976975832512
1303,206,1509,0.10548929137632083
1305,205,1510,0.1054920249330357
1306,208,1514,0.10548973986252631
1303,210,1513,0.10548522636274253
1296,213,1509,0.10548696316116224
1296,213,1509,0.1055041781501453
1301,217,1518,0.10551934194791723
1301,214,1515,0.10552227038062025
1291,213,1504,0.10552379220223589
1286,216,1502,0.10554732475657425
1272,221,1493,0.10558103129941361
1272,221,1493,0.10564275373431045
1268,220,1488,0.10570022186816036
1266,217,1483,0.10576155642923521
1268,222,1490,0.1058231432049994
1271,219,1490,0.10587455998186095
1265,224,1489,0.10591586992823233
1259,224,1483,0.10596614211643424
1261,231,1492,0.10602545530524649
1256,231,1487,0.10607546769621912
1264,231,1495,0.10613265164045188
1245,234,1479,0.1061679272416373
1253,236,1489,0.10624184982997313
1249,238,1487,0.1062903306596204
1260,241,1501,0.10634251618118754
1256,232,1488,0.10636658395776603
1250,237,1487,0.10639800737196639
1248,231,1479,0.10644055929969669
1255,233,1488,0.10648320669998178
1260,236,1496,0.10650603116745364
1255,240,1495,0.10651674467346436
1239,238,1477,0.106537091685638
1257,238,1495,0.10659154137126071
1261,239,1500,0.106601443885231
1260,247,1507,0.10660179016822573
1260,240,1500,0.10660487884629606
1264,243,1507,0.1066079495934114
1260,247,1507,0.10660233470810111
1250,246,1496,0.10660646292808497
1240,251,1491,0.10663117542187274
1242,244,1486,0.10667619262778376
1249,248,1497,0.10671349349488668
1246,249,1495,0.10673364747774602
1245,251,1496,0.10675909772758811
1253,255,1508,0.1067851835289008
1247,254,1501,0.10679273734961925
1241,257,1498,0.10681356089888769
1253,260,1513,0.10684573769248257
1246,260,1506,0.10684905874523368
1256,262,1518,0.10686659135786022
1250,260,1510,0.10686052103104826
1239,255,1494,0.10686813920216676
1238,257,1495,0.10689957524327892
1236,262,1498,0.10693106227786138
1233,268,1501,0.10696457177081711
1229,269,1498,0.10700301728962973
1221,264,1485,0.10704780178435769
1229,268,1497,0.10710645717437318
1220,272,1492,0.10714283827593124
1217,270,1487,0.1071957633295662
1207,274,1481,0.10725108422395536
1207,270,1477,0.10732511545567243
1209,274,1483,0.10739295576784888
1218,281,1499,0.10745149541962888
1216,284,1500,0.10748465799227784
1206,282,1488,0.10752074767765958
1217,277,1494,0.10757689061273622
1215,286,1501,0.10760477212771835
1216,286,1502,0.10763468860682464
1206,282,1488,0.10766035760394925
1204,276,1480,0.10770637132517756
1197,275,1472,0.10775160020846514
1203,274,1477,0.10781050745545309
1205,279,1484,0.10785064843309758
1210,282,1492,0.10788243947924805
1211,286,1497,0.10790002375627719
1214,285,1499,0.10791575619386908
1206,289,1495,0.10792332038369418
1204,292,1496,0.10794878657014319
1192,284,1476,0.10797715967234382
1200,293,1493,0.10802895951326459
1197,290,1487,0.10805853745186741
1190,292,1482,0.10809265793223616
1189,292,1481,0.10813990294547089
1198,296,1494,0.10818590708413632
1184,304,1488,0.1082073656301961
1196,300,1496,0.10825974025798704
1193,305,1498,0.10828207385697476
1188,311,1499,0.10830896909874876
1175,311,1486,0.10834534423865506
1180,312,1492,0.10840747168523025
1182,310,1492,0.1084546258819633
1182,315,1497,0.10849269156722485
1181,310,1491,0.10852841591422263
1180,314,1494,0.10856302826248566
1178,314,1492,0.10859679401918435
1171,317,1488,0.10863147173326332
1167,314,1481,0.10868003456486452
1165,320,1485,0.10873362607339866
1158,327,1485,0.10878782130878088
1160,329,1489,0.10885348524200887
1166,328,1494,0.10891045099956558
1164,321,1485,0.10894955674933059
1162,321,1483,0.108989377834534
1175,324,1499,0.10902942432394705
1173,331,1504,0.10903826040578074
1172,333,1505,0.10905101516350073
1167,330,1497,0.10906530674650089
1172,333,1505,0.10909026497461369
1174,337,1511,0.1091027683782953
1171,337,1508,0.10911034339939889
1171,334,1505,0.10912311614611415
1161,333,1494,0.10913500527596738
1168,333,1501,0.10916817077532447
1161,338,1499,0.10918241329407642
1161,342,1503,0.10921243061117814
1155,341,1496,0.10924076735160934
1159,345,1504,0.10928103735508515
1158,348,1506,0.10931002422766004
1163,345,1508,0.1093395144595734
1164,339,1503,0.1093547569504404
1153,345,1498,0.10936748396139574
1140,342,1482,0.10940448481875814
1153,343,1496,0.10946695359891886
1154,346,1500,0.10949380621731915
1144,349,1493,0.1095162824966736
1155,354,1509,0.1095595503952685
1155,352,1507,0.10957476156952034
1155,350,1505,0.10959116666834959
1154,349,1503,0.1096059766515714
1162,356,1518,0.10962144371927007
1139,362,1501,0.1096183773807061
1143,359,1502,0.10966745108003767
1139,363,1502,0.10970304235768256
1146,367,1513,0.10974569011574795
1144,367,1511,0.10977115683702093
1134,359,1493,0.1097986170840728
1135,364,1499,0.10984637650034329
1143,365,1508,0.10988752054324542
1144,367,1511,0.10990684243938315
1146,368,1514,0.10992234069701795
1140,365,1505,0.10993282521781285
1139,363,1502,0.10995637107756079
1146,365,1511,0.10998114757406853
1143,368,1511,0.10999000220831726
1134,367,1501,0.11000647975963737
1142,371,1513,0.11004306912199276
1131,377,1508,0.11005828126322842
1133,371,1504,0.11009691120643426
1138,367,1505,0.11012741893349492
1125,367,1492,0.1101444031573353
1126,370,1496,0.11018817687350087
1131,369,1500,0.11022519344693539
1138,367,1505,0.1102497268368498
1126,370,1496,0.11025625412715154
1128,376,1504,0.11028811967980115
1127,381,1508,0.11031394755842734
1128,374,1502,0.1103417370151002
1115,372,1487,0.11036543768145714
1116,381,1497,0.1104149087769051
1131,383,1514,0.11045882500277812
1135,386,1521,0.11046674003486029
1125,391,1516,0.11046409778597685
1124,386,1510,0.1104854114439272
1124,384,1508,0.11050570633928856
1130,383,1513,0.11052286744803604
1129,380,1509,0.11052391349899836
1124,374,1498,0.11052727488974239
1125,377,1502,0.11054123382807109
1119,379,1498,0.11055315745204158
1123,384,1507,0.11057873715868834
1129,383,1512,0.1105940083184678
1136,380,1516,0.11059535074348782
1134,381,1515,0.11058110055613696
1132,385,1517,0.11057395080497984
1130,386,1516,0.1105721799866803
1123,386,1509,0.11057627341594443
1119,377,1496,0.11059487022224036
1116,388,1504,0.11061989974107332
1126,381,1507,0.1106512710900894
1123,387,1510,0.1106567100202145
1119,384,1503,0.1106679730780337
1114,382,1496,0.11068918641909452
1107,386,1493,0.11071980120999163
1112,384,1496,0.11076501056914186
1110,384,1494,0.11079608694757273
1118,393,1511,0.11082860370776774
1125,391,1516,0.1108402353847072
1125,391,1516,0.1108357053577795
1123,389,1512,0.11083191291955463
1109,395,1504,0.11083437034911087
1114,400,1514,0.1108676883859622
1112,400,1512,0.11088564300730366
1111,406,1517,0.1109077434908424
1103,400,1503,0.11092957907906575
1108,406,1514,0.11096904533323705
1111,409,1520,0.11099330722255303
1113,398,1511,0.11100868220225374
1109,400,1509,0.11101966822203314
1108,406,1514,0.11103796621856606
1098,402,1500,0.11105641154541322
1099,395,1494,0.11109593088722329
1115,395,1510,0.11112878114871849
1115,401,1516,0.11112262756003957
1109,397,1506,0.11111546601894357
1101,398,1499,0.11112299180739045
1099,397,1496,0.11114885179885878
1103,393,1496,0.11117770630166551
1100,397,1497,0.11119642857671476
1099,391,1490,0.11122064530579365
1092,390,1482,0.11124509229584495
1093,399,1492,0.11128427027486744
1097,397,1494,0.1113179518218192
1103,401,1504,0.11134196740013622
1096,411,1507,0.11135103673824794
1092,415,1507,0.11137662176399664
1090,419,1509,0.11141074279980695
1078,422,1500,0.1114471019588771
1082,423,1505,0.11150714887568242
1082,430,1512,0.11155387386684038
1083,433,1516,0.11159822409162956
1068,431,1499,0.1116381877501138
1070,439,1509,0.11170871204818501
1047,438,1485,0.11176931745698582
1056,437,1493,0.11187724971960535
1076,439,1515,0.11195590444659097
1070,443,1513,0.1119832913502853
1072,437,1509,0.1120232855497401
1085,440,1525,0.11205400138159781
1072,439,1511,0.11205372326940964
1073,434,1507,0.1120851257240604
1072,432,1504,0.11211272685658759
1063,435,1498,0.11214007699417534
1062,440,1502,0.11218649168182537
1068,443,1511,0.11223138209780371
1067,441,1508,0.11225750004417129
1068,441,1509,0.11228210959530674
1066,445,1511,0.11230358646963129
1063,445,1508,0.11232881143413664
1062,434,1496,0.11235911728972031
1064,434,1498,0.11238963277627828
1077,439,1516,0.11241206574145939
1066,432,1498,0.11240356741343603
1057,430,1487,0.11242113177427719
1072,433,1505,0.11245843594906216
1062,432,1494,0.11245998803468908
1052,436,1488,0.11248433509570165
1068,435,1503,0.11253041631551138
1064,437,1501,0.11253850607257093
1073,435,1508,0.11255494345804053
1067,444,1511,0.11254951759503705
1063,449,1512,0.11255862048106198
1062,443,1505,0.11257655147898823
1056,444,1500,0.11259574564982328
1054,440,1494,0.11262721665350081
1056,443,1499,0.11266183118848072
1046,441,1487,0.1126894217999671
1056,444,1500,0.11273640857361827
1052,434,1486,0.11275879350555314
1050,447,1497,0.11278850428966336
1050,440,1490,0.11282102704991877
1061,438,1499,0.11285133121075201
1062,436,1498,0.11285405172159574
1054,439,1493,0.11285256844629128
1054,441,1495,0.1128697599812887
1056,441,1497,0.1128844243967753
1062,436,1498,0.11289442064219024
1062,441,1503,0.11289044797254735
1057,441,1498,0.11288660331386335
1052,442,1494,0.11289392854389967
1049,447,1496,0.11291130243385579
1056,438,1494,0.11293331885400405
1058,442,1500,0.11293899488444774
1062,447,1509,0.11294159106997924
1053,440,1493,0.11293356329971715
1058,442,1500,0.11294746052076939
1052,453,1505,0.11294965471816702
1061,454,1515,0.11296670658274756
1064,456,1520,0.11296049194867223
1056,456,1512,0.11294897018747903
1050,459,1509,0.11295690427971383
1053,459,1512,0.112977851189548
1048,459,1507,0.11299168740964802
1050,461,1511,0.11301660638929312
1029,467,1496,0.11303793777841468
1018,470,1488,0.11310486672557012
1039,463,1502,0.113191595085276
1039,460,1499,0.11322206616607496
1040,468,1508,0.11325079491892101
1038,468,1506,0.11327557924769902
1036,465,1501,0.11330369701473707
1045,468,1513,0.11333463102826592
1033,471,1504,0.11334066376633238
1036,475,1511,0.11337281845126683
1025,472,1497,0.11339679249553442
1024,477,1501,0.11344373665223778
1026,478,1504,0.11348760122146871
1016,475,1491,0.11352460299117759
1033,475,1508,0.11358081377615002
1028,480,1508,0.11359470669030461
1022,485,1507,0.11361750272323938
1008,484,1492,0.11365369707712439
1014,476,1490,0.11371825664310142
1008,475,1483,0.1137640752873834
1006,474,1480,0.11382199848103103
1000,476,1476,0.1138786452347254
1012,487,1499,0.11394411323327575
1007,490,1497,0.11397552608556732
1011,494,1505,0.11401725609875374
1024,500,1524,0.11404733642398288
1020,494,1514,0.11404580809126368
1007,485,1492,0.11405531374805669
999,488,1487,0.11409332704339274
995,487,1482,0.11414810276822075
990,490,1480,0.11421043133173571
994,497,1491,0.11427861877736589
980,504,1484,0.11433475761455476
982,506,1488,0.11441770065937558
994,502,1496,0.11449165901156423
991,506,1497,0.11453323364539364
981,508,1489,0.11457851800256705
988,504,1492,0.11464380587793709
1008,513,1521,0.1146892304974298
1001,516,1517,0.11468309191885931
1006,518,1524,0.11469386351032342
999,517,1516,0.114694570155654
1000,520,1520,0.11471174456777206
994,524,1518,0.11472550147971117
998,521,1519,0.11475320615770418
988,531,1519,0.1147709907808056
977,529,1506,0.11480979181750645
980,529,1509,0.11487233521388181
981,527,1508,0.11492249779589297
971,518,1489,0.11496349787403677
979,526,1505,0.1150264989980938
973,521,1494,0.11506706307795313
967,525,1492,0.11512162063417726
968,530,1498,0.11518282337799349
962,523,1485,0.11523525626115201
965,525,1490,0.1152965782096117
967,529,1496,0.1153477683946989
971,528,1499,0.11539238654670904
971,529,1500,0.11542485819964966
961,544,1505,0.11545187362735704
961,544,1505,0.11550240544837025
957,547,1504,0.11554968762509946
957,544,1501,0.11560302641813645
941,543,1484,0.11565266288415113
938,546,1484,0.11573571803464276
953,544,1497,0.11582446911999474
959,547,1506,0.11587040109584912
959,544,1503,0.11590050206967181
952,550,1502,0.11592867770777011
944,549,1493,0.11597210546132317
950,553,1503,0.11603355178229431
945,553,1498,0.1160772090981921
940,555,1495,0.1161284049862914
951,556,1507,0.1161898264690274
952,560,1512,0.11622011230916529
932,566,1498,0.11624307011924508
935,564,1499,0.11631475047204617
945,561,1506,0.11637425091720073
937,568,1505,0.11640719143812926
926,572,1498,0.1164546790964479
929,569,1498,0.11652371894323639
929,581,1510,0.11658163973492613
922,583,1505,0.1166360244158832
927,583,1510,0.11670315925320932
920,579,1499,0.1167521780493297
921,574,1495,0.11681427378595462
919,577,1496,0.11686847454371196
923,570,1493,0.11692174492718607
925,571,1496,0.11696025059799035
923,568,1491,0.1169930310380364
930,571,1501,0.1170305005007626
919,571,1490,0.1170506953654765
925,571,1496,0.11709455628308403
929,577,1506,0.11712026261994676
927,572,1499,0.11713513625513412
923,579,1502,0.11715579440972053
913,579,1492,0.11718283965853864
917,576,1493,0.11723170997944088
919,573,1492,0.11726946355545202
899,583,1482,0.11729947180829434
912,590,1502,0.11737439258021656
907,600,1507,0.1174145611545757
908,599,1507,0.1174638952758159
918,592,1510,0.11750736462255001
901,592,1493,0.11752425311766672
898,597,1495,0.11758167715557548
891,603,1494,0.11764232479568858
890,604,1494,0.11771683190790318
892,610,1502,0.11779017218342065
887,610,1497,0.11785223245558951
872,606,1478,0.11792166717519241
880,612,1492,0.11802051459174155
888,614,1502,0.1180927353732973
887,618,1505,0.11814268474340964
888,617,1505,0.11819330015495425
878,617,1495,0.11823851787961076
874,606,1480,0.11830458033025054
878,618,1496,0.11837449383101938
888,622,1510,0.11843143613102548
890,621,1511,0.11846324882389105
886,611,1497,0.11848798201707275
876,624,1500,0.11852155610581477
873,617,1490,0.11857459088431002
885,623,1508,0.11863154001372092
889,631,1520,0.11865650154093527
890,641,1531,0.11867213235230309
885,633,1518,0.11868646892257603
887,625,1512,0.11871238035620223
880,620,1500,0.11873022968656205
882,624,1506,0.11876326158090464
883,617,1500,0.11879046879013803
883,618,1501,0.11881292810129612
877,621,1498,0.11883518647921865
877,616,1493,0.11887103837582616
868,617,1485,0.11890321584960983
875,622,1497,0.11895445081963942
866,627,1493,0.11898609496708006
865,630,1495,0.11903950921094317
861,637,1498,0.11909099264774164
864,647,1511,0.1191485950169079
866,642,1508,0.11919250566113003
853,642,1495,0.11922846710221244
858,646,1504,0.11928966911881216
868,640,1508,0.11933429082968912
862,644,1506,0.11935400471061727
866,636,1502,0.11938480522104271
863,636,1499,0.11940440521218859
870,633,1503,0.11943127918863969
867,638,1505,0.1194406998043132
857,639,1496,0.11945604754161185
857,637,1494,0.11949406553687926
855,648,1503,0.11953222142855796
856,652,1508,0.11957249004183047
844,654,1498,0.11960708611880573
847,647,1494,0.11966520585668229
848,642,1490,0.1197128792221315
853,639,1492,0.11975386949303203
853,635,1488,0.1197807747485237
854,623,1477,0.11980319985247366
854,642,1496,0.1198208775981124
852,645,1497,0.11983883781024553
857,658,1515,0.1198591351727599
864,651,1515,0.11986508294837572
870,652,1522,0.1198514333739234
862,651,1513,0.11982457130497494
860,651,1511,0.11982279387923661
861,642,1503,0.11982679689969908
860,642,1502,0.11982933680154524
855,645,1500,0.11983119279550246
861,647,1508,0.11984326570347696
856,646,1502,0.11984123462174373
858,647,1505,0.11984961770335943
859,650,1509,0.11985195543864403
849,646,1495,0.11985215792645089
857,650,1507,0.11987334280597399
855,644,1499,0.11987449795664261
847,654,1501,0.11988017594977052
842,651,1493,0.11990496711173551
840,652,1492,0.11993840813272992
825,653,1478,0.11997459952637439
833,661,1494,0.12004259983176484
835,649,1484,0.12008694742599921
838,645,1483,0.12012333224787834
846,656,1502,0.1201464113636976
852,652,1504,0.12014860489109086
854,647,1501,0.12013709278120771
849,645,1494,0.12012172471541728
847,647,1494,0.1201198893400194
849,648,1497,0.12012528149962261
855,655,1510,0.12012441186350221
850,651,1501,0.12010874833800177
853,654,1507,0.12010941567726646
843,658,1501,0.12010195783541498
834,652,1486,0.12012038136116075
827,661,1488,0.1201571285311239
824,664,1488,0.12020414546790928
825,668,1493,0.12025360557975841
824,663,1487,0.12029536967828332
817,667,1484,0.12033876481774174
817,679,1496,0.12039729968152432
831,680,1511,0.1204508381502372
827,670,1497,0.12046589427811934
828,676,1504,0.12048972708077653
825,678,1503,0.1205090557807578
825,674,1499,0.12053315304577883
822,673,1495,0.12055551213468733
826,675,1501,0.12058121038886328
833,666,1499,0.12059513825397582
840,661,1501,0.12059154303931827
832,657,1489,0.1205716457193044
834,658,1492,0.12057259381806272
844,666,1510,0.12056717038766973
838,666,1504,0.12053939022904551
828,665,1493,0.12052812135949949
826,667,1493,0.12053967987269426
829,662,1491,0.12055520983357272
827,667,1494,0.12056410612577824
827,673,1500,0.12057548844632672
822,679,1501,0.12058672046688618
823,681,1504,0.12060895391352996
815,677,1492,0.12062722211955744
819,683,1502,0.1206618876365463
826,676,1502,0.12068555440540145
833,675,1508,0.12069247864531508
820,677,1497,0.12068130859153729
832,679,1511,0.12070119594491495
833,672,1505,0.12069294058719478
823,674,1497,0.12068331090721827
825,664,1489,0.12069751249237083
833,665,1498,0.12070451585517793
831,662,1493,0.12069228279340308
832,672,1504,0.12068647826913705
832,677,1509,0.12067912739402811
839,681,1520,0.1206726467874827
833,678,1511,0.12065160290298546
823,678,1501,0.12064772371789376
821,668,1489,0.12066675785147896
825,679,1504,0.12069160835656177
828,679,1507,0.12070317737483129
831,679,1510,0.12071109761914847
824,685,1509,0.12070735397959355
824,689,1513,0.12072113017024888
817,689,1506,0.12073537755039539
817,687,1504,0.12076381044905009
825,693,1518,0.12079164625704349
819,687,1506,0.12079781923281935
819,681,1500,0.12081938552149765
820,681,1501,0.12083900353655248
816,683,1499,0.12085332481904044
823,685,1508,0.12087582851657537
821,686,1507,0.12088071608603698
817,688,1505,0.12088993766981714
819,687,1506,0.12090986107792755
828,687,1515,0.12092296123479386
826,686,1512,0.12091335768045251
826,693,1519,0.12091000852988597
815,690,1505,0.12090769005449686
809,695,1504,0.12093212985201797
809,703,1512,0.12097014859505921
809,704,1513,0.1210070722181042
799,711,1510,0.12104078635948444
803,704,1507,0.12109783173622063
805,702,1507,0.12114157632705194
802,713,1515,0.12117482908299423
800,708,1508,0.12121479975132562
802,704,1506,0.12125668053953353
802,698,1500,0.12128992665253921
804,710,1514,0.12131974009959923
801,717,1518,0.12134291428072633
805,727,1532,0.12137155356391155
787,720,1507,0.12138838601350706
777,722,1499,0.12144822184090502
774,719,1493,0.12152807210336794
780,732,1512,0.12160744518132581
772,731,1503,0.12166741129011431
783,717,1500,0.12174001368365182
781,724,1505,0.12178174701712038
783,728,1511,0.12182501579437421
770,727,1497,0.12186185620432743
771,722,1493,0.12192932402204346
776,725,1501,0.12198752677277998
772,723,1495,0.1220257134273221
770,725,1495,0.12207121685713766
779,731,1510,0.12211851459851107
786,725,1511,0.12214171820557933
787,730,1517,0.12214665011482072
787,724,1511,0.12215096657326924
787,722,1509,0.12215642795254221
785,729,1514,0.12215856237630035
782,725,1507,0.12216472591381318
787,724,1511,0.12217819061009756
782,728,1510,0.12217749569364997
784,734,1518,0.12219032432662709
782,728,1510,0.12219822256829836
777,728,1505,0.12220795820938282
779,736,1515,0.1222299839874213
780,736,1516,0.12224493607075652
783,740,1523,0.12225935650223267
783,744,1527,0.12226507339672982
779,744,1523,0.12227126032096551
775,734,1509,0.12228537885542849
773,727,1500,0.12230810174366681
774,727,1501,0.12233245451691023
779,729,1508,0.12235549952202054
778,737,1515,0.12236246658316086
770,740,1510,0.12237282966977864
769,731,1500,0.12240093442707842
775,743,1518,0.12243141884714584
781,744,1525,0.12244811369379156
778,741,1519,0.12245000305551283
763,740,1503,0.12245951079070792
762,740,1502,0.12250306329042722
765,743,1508,0.12254611159218992
767,748,1515,0.12258140999921714
759,757,1516,0.12261087456688535
758,756,1514,0.12265978347585565
741,766,1507,0.12270837753573409
740,761,1501,0.1227966866152234
745,760,1505,0.12288050927229781
738,763,1501,0.12294780299229224
741,770,1511,0.12302927996648648
753,761,1514,0.12309802764424074
742,766,1508,0.12313088800382815
741,774,1515,0.12318640782055482
749,759,1508,0.12324298220887174
750,765,1515,0.12327604831693773
751,765,1516,0.12330410545201068
739,768,1507,0.12332770207586094
732,773,1505,0.12338087681030668
725,784,1509,0.1234458985623349
720,791,1511,0.12352212791864897
718,785,1503,0.12360474946215963
702,798,1500,0.12368628861862561
712,793,1505,0.12380245336570338
704,798,1502,0.12388607531028889
698,793,1491,0.12398404092088439
699,793,1492,0.1240916778316203
704,798,1502,0.12418853438766966
706,806,1512,0.12426468680350647
707,803,1510,0.12433160095645515
706,802,1508,0.12439264857110341
695,802,1497,0.12444861782808804
697,814,1511,0.12452627866272348
697,795,1492,0.12459288001834075
690,788,1478,0.12465280085584912
688,802,1490,0.1247269266918762
680,813,1493,0.1248049623397168
684,819,1503,0.12489839086498712
689,827,1516,0.12497525869312799
685,832,1517,0.12503687340679798
686,834,1520,0.12510695209878855
685,827,1512,0.1251714813773114
684,830,1514,0.12523430689422543
684,830,1514,0.12529614823993582
681,828,1509,0.12535714982739413
679,824,1503,0.12541990472613404
682,830,1512,0.1254839729337892
669,842,1511,0.12553716253085428
668,845,1513,0.12561854094507552
673,837,1510,0.1256955175019125
673,839,1512,0.1257549690899913
681,837,1518,0.12581005079768748
683,838,1521,0.12584271208454667
678,834,1512,0.12586823133545086
668,831,1499,0.12590307502808673
662,829,1491,0.12596086237117973
662,832,1494,0.1260309812583035
667,841,1508,0.12609598884933865
665,841,1506,0.12614482591214188
672,844,1516,0.12619631044300858
670,838,1508,0.12622757953026004
668,833,1501,0.12626258091271564
657,839,1496,0.12630105100343944
663,834,1497,0.12636284447366358
663,846,1509,0.12640632260199902
664,841,1505,0.12644491201695882
651,837,1488,0.12647860564778293
651,847,1498,0.12653987855883206
661,836,1497,0.12659809980255982
659,846,1505,0.12662650660546748
670,852,1522,0.12665820616557333
666,839,1505,0.1266612860198173
667,833,1500,0.1266739292121828
672,829,1501,0.1266819350624225
679,837,1516,0.12667970766076542
670,837,1507,0.12666208028070736
660,839,1499,0.12666711636007086
661,841,1502,0.1266957317399428
667,838,1505,0.12671857651172228
671,829,1500,0.12672486066390845
668,831,1499,0.1267217116123164
662,829,1491,0.1267258869743921
667,828,1495,0.12674377678002918
674,824,1498,0.12674822429371388
665,825,1490,0.12673338567340842
671,831,1502,0.1267402133506067
675,831,1506,0.12673102510169482
679,826,1505,0.12671254670991675
680,825,1505,0.12668673843470035
673,833,1506,0.12666005715297796
669,831,1500,0.12665547208865283
670,833,1503,0.1266612771112637
677,832,1509,0.12666258784017528
672,837,1509,0.12664678906357332
671,830,1501,0.1266438863629024
675,830,1505,0.12664588662268247
676,833,1509,0.12663716771182063
672,844,1516,0.1266279127944512
668,846,1514,0.12662955646757942
662,848,1510,0.12664175394533017
666,840,1506,0.1266688697504466
661,836,1497,0.12668435322933672
662,846,1508,0.12671247574233832
656,853,1509,0.12673396274362325
658,849,1507,0.12677314927313044
656,851,1507,0.12680431340971177
657,844,1501,0.12683829166176705
652,858,1510,0.12686692277922007
648,846,1494,0.12690590833585588
656,850,1506,0.12695092870433344
643,855,1498,0.12697323654770357
640,855,1495,0.1270267515301896
633,855,1488,0.12708275881510453
634,869,1503,0.12715092640312847
638,859,1497,0.12721148672579222
638,852,1490,0.1272587409673908
641,854,1495,0.12730366166730508
647,852,1499,0.12733565768507493
640,847,1487,0.12735050816141297
648,861,1509,0.1273817743521184
640,864,1504,0.12739093340759916
642,872,1514,0.12742059753048746
647,871,1518,0.12744279394942054
644,871,1515,0.12745113752985657
647,850,1497,0.12746746939310716
649,856,1505,0.1274775885437372
660,864,1524,0.12748009201083707
659,866,1525,0.1274556620012957
659,869,1528,0.12743624551337568
647,863,1510,0.12741908775471075
649,861,1510,0.12743179839369276
655,851,1506,0.12743621795995216
650,859,1509,0.1274254906393008
647,865,1512,0.12742634918442464
651,863,1514,0.1274357200241187
646,864,1510,0.1274372196315398
636,856,1492,0.1274475871234338
640,861,1501,0.12748264341759
643,867,1510,0.12750617768503106
635,865,1500,0.1275223058978922
638,871,1509,0.1275578203350847
643,866,1509,0.12758458115698143
644,860,1504,0.12759985099156934
637,868,1505,0.1276103810827687
634,880,1514,0.1276377561408385
635,875,1510,0.12766777670140825
638,871,1509,0.12769427398920127
646,873,1519,0.12771113658100844
651,882,1533,0.1277077470017296
649,877,1526,0.1276949627936029
641,871,1512,0.12768571161797432
645,866,1511,0.1276963890062971
650,868,1518,0.12769693467187992
652,859,1511,0.1276846447404199
646,859,1505,0.12766923452424167
638,861,1499,0.1276688070956546
648,872,1520,0.12768727726113446
648,872,1520,0.127681030070917
649,869,1518,0.12767464322480682
655,868,1523,0.12766698513770622
654,858,1512,0.12764377209447805
653,848,1501,0.127623872010409
648,851,1499,0.12760869992619295
649,867,1516,0.12760682476550314
644,862,1506,0.12760087380332555
637,878,1515,0.12760782819823477
633,882,1515,0.1276342424214157
640,882,1522,0.1276675564366535
642,875,1517,0.12768098539576506
627,877,1504,0.1276885614230686
628,865,1493,0.12773104096036625
642,863,1505,0.12776901755540726
637,868,1505,0.12777089020307483
636,867,1503,0.12778537639610538
639,877,1516,0.12780148407264266
640,872,1512,0.1278096963233533
633,868,1501,0.12781433039507062
629,872,1501,0.1278361391245725
626,871,1497,0.12786644485982346
631,870,1501,0.12790122727954573
629,867,1496,0.1279221934631962
630,867,1497,0.12794624716678185
637,868,1505,0.1279648321312791
637,870,1507,0.12796526313271847
641,871,1512,0.1279660173873788
645,866,1511,0.12795783770397878
640,874,1514,0.12794055298109708
641,870,1511,0.1279348378953806
643,871,1514,0.12792754731044367
642,866,1508,0.12791545592571085
647,850,1497,0.1279073570360169
642,855,1497,0.12788855240132788
638,861,1499,0.1278827569441211
646,862,1508,0.1278850205812646
641,869,1510,0.1278667449602769
644,873,1517,0.12786253829139657
644,879,1523,0.12785343425578446
639,880,1519,0.12784529726240693
628,882,1510,0.12784982030467335
630,882,1512,0.12788301273455335
627,878,1505,0.12790797081129024
630,879,1509,0.12793810785536086
622,887,1509,0.12796015469885538
621,877,1498,0.127998655523366
614,876,1490,0.1280350481194469
618,891,1509,0.12808690118270663
616,881,1497,0.12812699546915224
614,888,1502,0.12816810197899722
615,882,1497,0.12821194315913226
622,888,1510,0.12824997697035045
621,894,1515,0.12826830964434116
622,898,1520,0.1282875837228291
616,899,1515,0.12830212400455113
628,899,1527,0.12832919704368342
618,895,1513,0.12832400072085304
616,891,1507,0.12834498854907178
617,893,1510,0.12836888571096902
617,890,1507,0.12838924779570934
617,887,1504,0.12841025712451667
618,882,1500,0.1284276106595352
618,882,1500,0.1284405600374594
612,889,1501,0.12845126732690212
612,887,1499,0.12847660768963295
608,878,1486,0.1284976031263528
618,879,1497,0.12852565573496938
625,886,1511,0.12852758803346653
622,882,1504,0.1285124308650721
620,891,1511,0.12850565919527138
626,876,1502,0.12850386581070483
615,887,1502,0.12848954073491614
621,886,1507,0.12850314092364715
614,896,1510,0.12850079188064112
617,894,1511,0.12851754959342565
612,903,1515,0.12852493905258433
607,904,1511,0.12854432706829194
602,902,1504,0.1285755723073599
592,901,1493,0.12861830992503998
593,904,1497,0.12867939041348797
588,891,1479,0.12873395510859986
598,897,1495,0.1287983787910803
599,898,1497,0.12883340370727903
602,898,1500,0.12886037491832703
600,905,1505,0.12888152617380402
596,910,1506,0.12890845698804962
588,901,1489,0.12894261728882708
594,906,1500,0.12899294303992767
598,906,1504,0.12902592945834165
590,914,1504,0.12904689474530748
600,911,1511,0.12908546795844095
596,914,1510,0.12909674882546388
598,911,1509,0.12911459168430828
591,906,1497,0.1291276983952794
597,908,1505,0.12915637721868561
590,910,1500,0.12916566841988142
599,910,1509,0.12919132130402272
605,902,1507,0.12919233497176247
605,905,1510,0.12917868980032346
604,914,1518,0.12916700153321553
603,917,1520,0.1291611402310822
608,914,1522,0.12915941833697414
598,918,1516,0.12914626041025393
601,923,1524,0.12916031931420796
598,909,1507,0.12916604413462238
600,910,1510,0.12917866007744463
600,911,1511,0.129185179648817
598,917,1515,0.12919253455900695
596,914,1510,0.1292040051283402
598,914,1512,0.12921973893981004
592,918,1510,0.12923006240880383
593,930,1523,0.12925372097187182
594,929,1523,0.129275266032403
586,925,1511,0.12929394338417505
582,931,1513,0.1293338297201928
570,936,1506,0.1293812981953892
579,923,1502,0.12945200131981927
582,929,1511,0.12949489875966574
576,924,1500,0.12952646468582865
567,919,1486,0.129568858574742
567,934,1501,0.12963257805696343
564,941,1505,0.1296918799492238
556,930,1486,0.12975289834164205
558,933,1491,0.1298303514590946
564,927,1491,0.12989631497321805
570,930,1500,0.12994191300038058
568,932,1500,0.1299707176730906
568,925,1493,0.13000366459919938
570,922,1492,0.13003400004747662
571,926,1497,0.13005854440326048
572,930,1502,0.13008061066668805
576,930,1506,0.13009799769951727
575,931,1506,0.1301041601456924
584,927,1511,0.13011408130347463
581,927,1508,0.13010169147259737
574,934,1508,0.13009734140697174
572,932,1504,0.13011103726477682
574,921,1495,0.13012879561494958
577,911,1488,0.1301405606958481
573,916,1489,0.1301420999145543
568,924,1492,0.130153870516064
567,933,1500,0.1301762590439679
568,940,1508,0.13020012830983604
565,939,1504,0.13022223993118984
563,951,1514,0.1302503200820024
558,947,1505,0.1302824859519574
565,941,1506,0.13032552348700854
564,941,1505,0.1303469219771683
560,940,1500,0.1303701433983209
561,938,1499,0.13040129802543582
568,931,1499,0.130426321478633
563,937,1500,0.13043500797877766
560,936,1496,0.1304528371668944
565,942,1507,0.13047693176507122
563,950,1513,0.13048822925365755
564,944,1508,0.1305024648626107
553,946,1499,0.13051332230879928
557,942,1499,0.1305498830928071
574,942,1516,0.1305760210660685
583,942,1525,0.13055590296003047
574,939,1513,0.13051535280830243
575,937,1512,0.13050022855254484
577,939,1516,0.13048345516784107
575,947,1522,0.13046416492163232
567,941,1508,0.13045294419511452
573,944,1517,0.130463546997316
573,943,1516,0.13045982914611806
569,945,1514,0.130456000535189
566,957,1523,0.1304622125988894
574,954,1528,0.13047642515503458
571,951,1522,0.13047088598695444
573,943,1516,0.1304709410564719
569,948,1517,0.13046642820361068
564,955,1519,0.13047378488484163
562,945,1507,0.13049181736491683
561,952,1513,0.1305127551298575
562,947,1509,0.13053757075674854
568,950,1518,0.13055880174054432
555,949,1504,0.1305631793198355
551,966,1517,0.13059985224685927
549,962,1511,0.13064508016630627
542,953,1495,0.13069108472830582
541,957,1498,0.13075209669423016
538,968,1506,0.1308114476324728
535,972,1507,0.1308733373987425
539,975,1514,0.13093811052033746
546,984,1530,0.13098842045732367
543,986,1529,0.13101884832442856
538,978,1516,0.13105624565025512
532,971,1503,0.13110529548027286
537,976,1513,0.13116616049177415
537,979,1516,0.13121072464511374
537,976,1513,0.13125089788459599
542,968,1510,0.13128917971499765
539,967,1506,0.1313118618842372
535,973,1508,0.13134024119210916
534,970,1504,0.1313752168496071
526,969,1495,0.13141026279230636
531,974,1505,0.13146580810601796
528,977,1505,0.131505654359548
523,972,1495,0.13155135270089843
524,972,1496,0.13160627773308542
527,971,1498,0.13165455741099957
523,968,1491,0.13169133182242956
538,981,1519,0.13173613843594892
535,986,1521,0.13174050569870463
531,987,1518,0.13175123140891942
534,983,1517,0.13177214272317223
536,978,1514,0.1317861644643881
530,970,1500,0.13179464706909172
530,974,1504,0.13181654371026102
529,975,1504,0.13183844629041708
530,988,1518,0.13186255526913662
533,985,1518,0.1318802998719443
532,981,1513,0.1318891570373294
541,982,1523,0.1318984212967238
543,981,1524,0.13188222669105984
533,972,1505,0.13186110856977415
529,973,1502,0.13186593311441475
530,966,1496,0.13188103922477773
537,963,1500,0.13189237029903145
542,969,1511,0.13188613809486005
538,968,1506,0.1318666080223773
540,968,1508,0.1318590675366707
526,960,1486,0.1318485393580456
528,970,1498,0.13187468111271503
527,986,1513,0.13189553675258067
525,997,1522,0.13191636601765538
534,987,1521,0.13194014212951333
535,991,1526,0.1319409623831581
533,979,1512,0.13194046242116456
531,972,1503,0.13194487707077002
525,968,1493,0.13195373883257167
516,970,1486,0.13197727890815322
513,985,1498,0.13202369654075533
518,985,1503,0.13207190279291922
513,982,1495,0.1321022794577615
513,991,1504,0.1321449972358735
515,993,1508,0.13218433935488869
526,1000,1526,0.1322153284574467
524,993,1517,0.13221747010748047
525,1000,1525,0.13222505986439154
518,999,1517,0.13222897012488033
521,1000,1521,0.1322495274319402
521,990,1511,0.13226278261130153
516,989,1505,0.13227489559850844
518,996,1514,0.13229858147141255
514,995,1509,0.1323175986112039
501,1000,1501,0.13234385405132598
500,991,1491,0.1324007332729964
500,989,1489,0.13245481883469573
501,991,1492,0.13250586455964322
498,998,1496,0.1325511840429838
498,1002,1500,0.1326002373140723
502,999,1501,0.13264628411426221
506,989,1495,0.132680972674148
506,991,1497,0.13270264615256797
502,996,1498,0.1327221912917276
505,1010,1515,0.13275067559428907
499,1011,1510,0.13276995485641158
498,1009,1507,0.13280410969760026
494,1011,1505,0.13284020840656807
496,1007,1503,0.13288478089410788
505,999,1504,0.132920535146487
500,997,1497,0.13293234779825297
501,1006,1507,0.13295534490184616
496,1000,1496,0.13297561565276894
497,1006,1503,0.133007743162769
501,1014,1515,0.13303395481361416
501,1025,1526,0.13304825135843462
503,1024,1527,0.1330604751728456
502,1016,1518,0.13306590668783488
502,1022,1524,0.1330733558540448
503,1021,1524,0.133082276778908
502,1019,1521,0.133088732662016
487,1020,1507,0.13309737032859068
496,1029,1525,0.13314360113200954
496,1025,1521,0.1331631063978638
496,1024,1520,0.1331810131933523
493,1021,1514,0.13319552142762098
487,1030,1517,0.13321965368280764
484,1034,1518,0.13325669933734524
485,1032,1517,0.1332986431094871
476,1029,1505,0.13333709109592007
475,1032,1507,0.13339393111232095
475,1032,1507,0.13345007138875745
479,1044,1523,0.13350403220507617
474,1036,1510,0.13354595263993688
467,1031,1498,0.13359740789892802
469,1039,1508,0.13366128344674938
468,1034,1502,0.13371641314611843
470,1038,1508,0.13377070325273455
476,1040,1516,0.13381568525808285
476,1048,1524,0.1338429949476258
477,1049,1526,0.13386982620789734
475,1042,1517,0.13389172892407544
479,1034,1513,0.13391681867715463
480,1034,1514,0.13392988742871761
474,1022,1496,0.13394017983019932
483,1032,1515,0.13396606054597193
478,1030,1508,0.13396685207059217
481,1035,1516,0.13397971721195215
477,1045,1522,0.13398510670190494
471,1049,1520,0.13400021887060692
470,1039,1509,0.13402768935978887
470,1047,1517,0.134055285771575
466,1051,1517,0.1340810527021041
461,1050,1511,0.13411593666537575
464,1055,1519,0.1341614402178637
461,1062,1523,0.13419656420449058
465,1059,1524,0.13423837869884367
463,1052,1515,0.13426758523692345
460,1057,1517,0.13430045078695202
464,1050,1514,0.13433766454807958
464,1048,1512,0.1343624211932363
460,1049,1509,0.1343866644796516
461,1045,1506,0.13441958287169162
457,1048,1505,0.13444843239457407
452,1051,1503,0.134484941715701
449,1057,1506,0.13453308659426447
447,1056,1503,0.1345859171332638
449,1061,1510,0.13463876978681671
443,1068,1511,0.13468312049674236
442,1077,1519,0.134737932736495
447,1072,1519,0.13479254165247845
444,1065,1509,0.13483057205619442
437,1063,1500,0.1348746186068671
436,1056,1492,0.134932452411429
439,1061,1500,0.1349872146834721
443,1064,1507,0.1350316952437141
438,1072,1510,0.13506364902808216
445,1067,1512,0.13510678096111386
450,1067,1517,0.13512980582665565
448,1062,1510,0.13513737510183804
443,1064,1507,0.13515016620000264
443,1065,1508,0.1351743821581149
443,1060,1503,0.13519780013901733
447,1064,1511,0.13522022373163747
447,1078,1525,0.13523180711303873
451,1069,1520,0.13524223868290655
451,1076,1527,0.1352430987101902
451,1076,1527,0.13524352735249043
449,1065,1514,0.13524410836597098
445,1058,1503,0.13524904506164795
448,1060,1508,0.13526415531234726
443,1059,1502,0.13527042988257457
438,1071,1509,0.1352895195143708
438,1066,1504,0.13531851373678896
436,1062,1498,0.13534464366004598
428,1066,1494,0.13537417374253152
424,1059,1483,0.13542068767023707
428,1058,1486,0.13547240119541704
442,1060,1502,0.13551219706417922
437,1067,1504,0.13551165298025128
446,1065,1511,0.1355231335149212
450,1066,1516,0.1355126711187964
447,1065,1512,0.13549168699208175
452,1073,1525,0.13548046532413055
456,1073,1529,0.1354567212556416
462,1074,1536,0.13542611344587038
457,1075,1532,0.13538387443769687
455,1067,1522,0.13535661782912473
465,1063,1528,0.1353375103779707
459,1048,1507,0.1352942940583505
456,1055,1511,0.1352695879316429
445,1039,1484,0.13525229051029758
445,1038,1483,0.13526404809540904
446,1033,1479,0.13527394932568718
443,1036,1479,0.13527911231908685
438,1037,1475,0.13528932577529035
445,1040,1485,0.13531184794684759
441,1051,1492,0.13531528498670942
437,1050,1487,0.1353310018752169
442,1052,1494,0.13535442755788032
430,1059,1489,0.13536462599257124
431,1055,1486,0.13540332752015008
436,1045,1481,0.13543849818799356
436,1053,1489,0.13545794011502502
442,1056,1498,0.13547594422268733
443,1045,1488,0.13547895426990542
441,1053,1494,0.13547974168703633
455,1049,1504,0.1354851707397054
455,1061,1516,0.13545628243884852
453,1069,1522,0.13543101615331282
449,1067,1516,0.13541136136696805
445,1061,1506,0.13540218705398716
444,1053,1497,0.13540318646491842
445,1062,1507,0.13540563976384867
446,1054,1500,0.1354062277883423
444,1054,1498,0.13540365166593252
452,1058,1510,0.13540656248004607
457,1058,1515,0.1353905529080775
458,1056,1514,0.13536422174828724
459,1053,1512,0.13533607442819998
454,1057,1511,0.13530673357769102
457,1056,1513,0.13529257437269673
449,1054,1503,0.13527206659744348
456,1060,1516,0.135273785056623
444,1055,1499,0.13525910625838974
453,1066,1519,0.13527441486205155
456,1056,1512,0.13526629698781306
459,1063,1522,0.13525288126831772
460,1057,1517,0.13523249876768054
452,1050,1502,0.13521020817037874
448,1057,1505,0.13520978304635
441,1069,1510,0.13521871546078126
445,1066,1511,0.13524440631643211
448,1060,1508,0.13525846453421692
450,1062,1512,0.13526416066289773
453,1070,1523,0.1352639068066776
452,1074,1526,0.13525516051711287
453,1067,1520,0.13525021706895898
456,1080,1536,0.13524490544967965
459,1075,1534,0.13523330817243345
450,1063,1513,0.13521637187532717
448,1068,1516,0.1352226185306119
445,1070,1515,0.13523495441747657
447,1062,1509,0.13525324661228125
451,1068,1519,0.135265197334137
444,1066,1510,0.1352683135649792
441,1055,1496,0.1352896852712532
454,1077,1531,0.13531645228576467
446,1067,1513,0.13530861410786388
446,1069,1515,0.13532090040854733
443,1066,1509,0.13533141347223665
440,1082,1522,0.13534846809856543
441,1073,1514,0.13537158556402548
445,1077,1522,0.13539276904579214
442,1067,1509,0.135404243723366
438,1073,1511,0.13542133534214396
434,1077,1511,0.13544801674068727
440,1071,1511,0.13548305684644255
439,1080,1519,0.13549942014483143
440,1071,1511,0.13551593627110745
440,1074,1514,0.13552977853901033
438,1074,1512,0.13554174254238946
437,1079,1516,0.13555815743753194
441,1079,1520,0.13557686041408945
431,1092,1523,0.1355839162117804
433,1088,1521,0.13561472894348758
430,1069,1499,0.13564041933229085
432,1072,1504,0.1356722681687548
425,1075,1500,0.1356984890776723
420,1074,1494,0.135741536854804
425,1076,1501,0.1357930065430935
428,1089,1517,0.1358272470707158
421,1097,1518,0.13585229145997255
416,1094,1510,0.13589222820731653
425,1093,1518,0.13594291968358416
421,1089,1510,0.1359701307320556
422,1095,1517,0.13600792221790237
409,1093,1502,0.1360411952376437
407,1084,1491,0.13610287347945377
412,1083,1495,0.13616416674899168
411,1090,1501,0.13620870927378215
415,1097,1512,0.1362528091255956
411,1082,1493,0.13628464492883288
402,1092,1494,0.13632586902717342
401,1095,1496,0.13638685514118742
403,1094,1497,0.13644604560342408
401,1094,1495,0.13649480001765155
403,1099,1502,0.1365456256519453
403,1101,1504,0.13658743414010455
403,1096,1499,0.13662685415467046
411,1087,1498,0.13666374709631451
412,1100,1512,0.13667824125620925
414,1096,1510,0.1366897512707152
404,1103,1507,0.1366958465526707
406,1094,1500,0.13672669325319814
412,1097,1509,0.13675082763634133
420,1087,1507,0.1367566565059973
418,1097,1515,0.13674165009661318
416,1098,1514,0.13673190771497568
423,1090,1513,0.13672721172829866
414,1082,1496,0.13670826555958596
406,1090,1496,0.13671258978507164
415,1084,1499,0.1367362594390414
413,1090,1503,0.13673647707772424
418,1094,1512,0.13674097149965178
416,1090,1506,0.13673325563194536
418,1089,1507,0.13673117000735371
415,1086,1501,0.136725487844455
411,1087,1498,0.13672744318728916
410,1088,1498,0.13674146873887782
414,1091,1505,0.13675610804709945
412,1096,1508,0.13675972348419507
407,1087,1494,0.13677009592013134
409,1083,1492,0.13679014138883125
416,1075,1491,0.13680476646818313
414,1090,1504,0.13680108790431772
412,1089,1501,0.13680124543062433
414,1094,1508,0.1368052899511909
412,1116,1528,0.13680467814805622
407,1101,1508,0.13680858606778198
404,1088,1492,0.13682331987079635
408,1085,1493,0.13684392078330468
403,1091,1494,0.136853701340531
411,1096,1507,0.1368758066202421
421,1100,1521,0.13687857438868462
421,1096,1517,0.1368557025215879
416,1104,1520,0.1368370857524069
416,1108,1524,0.13683071751798365
414,1101,1515,0.1368249536011958
419,1101,1520,0.13682435541444712
418,1088,1506,0.13681049622728053
418,1085,1503,0.1368000669217086
418,1093,1511,0.136790217289944
416,1085,1501,0.1367837566326358
416,1085,1501,0.13678350358413635
417,1086,1503,0.13678202650510696
421,1085,1506,0.13677853261142667
418,1095,1513,0.13676432356377666
413,1091,1504,0.13676021311527928
411,1092,1503,0.13676809720035765
422,1087,1509,0.13678275450072783
416,1087,1503,0.13676836775266435
414,1083,1497,0.13676998609481672
420,1083,1503,0.1367762248883969
417,1100,1517,0.13676872497113418
417,1106,1523,0.1367693770227144
405,1104,1509,0.1367710062388008
408,1108,1516,0.1368031735069803
407,1116,1523,0.1368265311942052
407,1104,1511,0.13684890169320935
405,1097,1502,0.13686908776917409
406,1105,1511,0.1368914315160962
399,1103,1502,0.13690908217659487
407,1098,1505,0.13694181994498308
405,1102,1507,0.1369520147167167
405,1093,1498,0.1369668633501117
410,1085,1495,0.13697928675004312
410,1095,1505,0.13697941434782696
408,1098,1506,0.1369808225676733
409,1089,1498,0.13698534904801954
408,1089,1497,0.13698853679980286
408,1102,1510,0.13699535691325593
406,1101,1507,0.13700253112243566
403,1105,1508,0.1370144103216253
401,1105,1506,0.13703310516130324
401,1106,1507,0.13705520761561535
404,1110,1514,0.1370760816461074
401,1123,1524,0.13708942755547057
402,1124,1526,0.1371102081841484
399,1127,1526,0.13712896200272318
400,1126,1526,0.13715460008720473
398,1129,1527,0.1371746788140949
397,1130,1527,0.13719966725335137
398,1112,1510,0.13722375040214618
400,1105,1505,0.13724385766862357
400,1112,1512,0.13725793312489246
400,1110,1510,0.1372712557554859
394,1114,1508,0.13728387429075006
391,1118,1509,0.13731155430625805
393,1114,1507,0.1373466249534508
389,1116,1505,0.13737447188437413
392,1115,1507,0.1374092601130438
395,1114,1509,0.13743497303608407
390,1128,1518,0.1374509344403455
390,1123,1513,0.13747696165602127
381,1128,1509,0.13750089951456348
385,1127,1512,0.13754541942420548
388,1122,1510,0.1375776117622996
390,1133,1523,0.13760038579533534
387,1134,1521,0.13761674900014575
386,1131,1517,0.13763987599187857
383,1140,1523,0.13766449646845189
392,1137,1529,0.13769435996635637
385,1127,1512,0.13770104618212814
389,1133,1522,0.13772430787530035
382,1131,1513,0.13773704723756264
380,1142,1522,0.13776709564063158
375,1129,1504,0.137797896993285
376,1120,1496,0.13783910119847442
381,1107,1488,0.13787431238762654
381,1119,1500,0.1378927739246655
377,1124,1501,0.1379104243338507
374,1129,1503,0.13793705341214654
383,1121,1504,0.13796822509414722
379,1123,1502,0.13797391783717183
382,1133,1515,0.1379907762000812
381,1131,1512,0.13799965489644575
383,1126,1509,0.13801006791214648
384,1130,1514,0.13801410606922782
385,1123,1508,0.1380149276387811
388,1127,1515,0.13801412070725888
382,1133,1515,0.13800660427147243
380,1137,1517,0.1380143563340745
377,1142,1519,0.13802763736764104
385,1135,1520,0.138045084759804
382,1127,1509,0.1380404330730051
379,1122,1501,0.13804284615091478
386,1129,1515,0.13805347437554205
389,1135,1524,0.13804655400310126
387,1132,1519,0.13803060704629008
384,1128,1512,0.13802053252883847
387,1132,1519,0.13801961240277585
381,1137,1518,0.1380126391558157
384,1137,1521,0.13802140162047408
379,1145,1524,0.13802241325720377
376,1147,1523,0.13803699325436164
370,1140,1510,0.1380584112594293
368,1143,1511,0.138093810983684
374,1141,1515,0.13813099461630537
371,1150,1521,0.13815176474281804
367,1139,1506,0.1381762997566235
371,1146,1517,0.13820848003413336
364,1150,1514,0.1382306360030725
358,1153,1511,0.13826913681119332
367,1162,1529,0.13832042965503738
366,1154,1520,0.13834433367647203
356,1149,1505,0.13836880964840023
355,1140,1495,0.1384162655733437
364,1149,1513,0.13846266173743896
356,1149,1505,0.13848488762111275
345,1145,1490,0.1385262623438695
342,1160,1502,0.1385909059414003
341,1173,1514,0.1386578317437846
348,1168,1516,0.13872321823489386
352,1163,1515,0.1387674704400107
352,1167,1519,0.13879913203806324
350,1165,1515,0.13882971852341633
353,1160,1513,0.1388640661279462
351,1159,1510,0.13888960470847456
356,1151,1507,0.1389180274267887
351,1149,1500,0.13893249277410988
350,1151,1501,0.1389592369298292
357,1157,1514,0.13898791803565497
358,1147,1505,0.1389972812636754
353,1160,1513,0.13900423463916145
351,1164,1515,0.13902230061684812
358,1158,1516,0.13904489366759173
350,1157,1507,0.1390476067244811
351,1157,1508,0.13907000971683015
346,1157,1503,0.13908778020284618
353,1153,1506,0.1391166331314601
350,1153,1503,0.13912645324068756
348,1151,1499,0.1391427825993931
352,1157,1509,0.13916225498139417
359,1154,1513,0.13917155961507766
349,1156,1505,0.13916188043579353
346,1147,1493,0.13917886747953173
346,1150,1496,0.13920312581310879
352,1165,1517,0.139223454286388
362,1156,1518,0.1392280262732922
355,1146,1501,0.13920793062423598
360,1158,1518,0.13920695967716942
356,1165,1521,0.13919329482067497
365,1171,1536,0.13918985703386372
360,1164,1524,0.1391649687428822
359,1155,1514,0.13915436118157282
355,1149,1504,0.13914779306734323
353,1155,1508,0.13915198151465902
357,1153,1510,0.13916040834680254
356,1155,1511,0.1391575572695891
352,1153,1505,0.13915770973690905
355,1156,1511,0.13916938266255163
352,1155,1507,0.13917295615279643
359,1155,1514,0.13918328996573057
362,1159,1521,0.1391761222982308
361,1160,1521,0.13916241589053524
358,1165,1523,0.13915130892716435
355,1157,1512,0.13914929950844046
362,1161,1523,0.13915599062225836
358,1173,1531,0.13914452049957393
355,1157,1512,0.1391433338810446
358,1158,1516,0.13914958006130287
361,1153,1514,0.13914787098506193
362,1161,1523,0.13914016367596677
358,1166,1524,0.13913127702594463
352,1163,1515,0.13913384604780557
351,1158,1509,0.13915133283635017
353,1167,1520,0.13916938305348597
353,1167,1520,0.13918195431683555
348,1175,1523,0.13919583389250886
346,1177,1523,0.13922127328126707
338,1181,1519,0.13924990493544537
335,1179,1514,0.1392966592513347
337,1167,1504,0.13934845601017706
341,1181,1522,0.1393915010645659
347,1173,1520,0.13942171796121516
341,1167,1508,0.13943605990143074
337,1175,1512,0.13946472336165697
332,1190,1522,0.13950144423489275
327,1176,1503,0.13954762767136702
333,1174,1507,0.13960249128267
330,1179,1509,0.13963793868224653
325,1189,1514,0.13967895297826913
333,1188,1521,0.13972880242044933
338,1189,1527,0.13975621678376607
335,1185,1520,0.13976881831044757
334,1182,1516,0.13978928341365232
329,1195,1524,0.13981066401425044
328,1192,1520,0.13984142092505164
331,1171,1502,0.13987061757015934
327,1175,1502,0.13988873369981816
329,1172,1501,0.13991442174960905
332,1187,1519,0.13993375528489221
329,1184,1513,0.13994504024644158
329,1187,1516,0.13996348632985767
323,1188,1511,0.139980235675367
326,1193,1519,0.14000932432230795
325,1183,1508,0.140030368573236
325,1184,1509,0.1400530903474246
325,1184,1509,0.14007306713176226
328,1181,1509,0.14009167234170516
327,1177,1504,0.1401016180483941
331,1188,1519,0.14011357830022056
325,1191,1516,0.14011536919920115
322,1177,1499,0.14013141768002335
317,1177,1494,0.14015484351134672
323,1180,1503,0.14018969128758552
327,1181,1508,0.14020628799304613
323,1188,1511,0.14021227817869247
320,1201,1521,0.14022906386781123
323,1203,1526,0.14025275971791468
318,1195,1513,0.14026732735665656
320,1187,1507,0.14029381255300766
318,1188,1506,0.14031198643756773
317,1206,1523,0.14033367746471825
321,1204,1525,0.1403562954545729
312,1211,1523,0.1403672860226474
314,1214,1528,0.14039955684757166
311,1208,1519,0.14042374918897998
314,1204,1518,0.14045386971359303
316,1200,1516,0.14047484332549198
314,1195,1509,0.14049003038932187
317,1184,1501,0.14050895251989337
313,1197,1510,0.14052037525040573
310,1204,1514,0.1405411889446637
310,1198,1508,0.14056695748898304
308,1194,1502,0.14059085207193636
315,1200,1515,0.14061770337298193
312,1200,1512,0.1406245545579654
307,1193,1500,0.14063966339504091
307,1188,1495,0.14066648154365088
307,1217,1524,0.14069216979866184
303,1222,1525,0.14071670428846844
296,1201,1497,0.1407498210287813
295,1216,1511,0.14079716950167126
292,1219,1511,0.14084282093796496
293,1205,1498,0.14089386089934897
305,1211,1516,0.14093847078999572
305,1218,1523,0.14095053684230596
301,1218,1519,0.14096150563497334
301,1221,1522,0.1409823203924485
298,1220,1518,0.14100083878305614
300,1212,1512,0.14102688139461567
294,1213,1507,0.14104650682272366
294,1210,1504,0.1410811012763826
290,1207,1497,0.14111379978729952
288,1221,1509,0.1411542823270974
289,1226,1515,0.1411974181100188
296,1232,1528,0.14123600860248867
289,1237,1526,0.14125468048099762
292,1226,1518,0.1412901551077153
293,1218,1511,0.14131495621642376
286,1225,1511,0.14133578936753483
284,1221,1505,0.14137320172167722
286,1219,1505,0.14141338159428002
293,1227,1520,0.1414458178915755
290,1235,1525,0.1414586286661393
288,1247,1535,0.1414778767888214
291,1245,1536,0.1415012890728611
286,1248,1534,0.14151554798205462
287,1243,1530,0.14154140343601423
287,1236,1523,0.141563321888443
284,1224,1508,0.1415824408623881
286,1223,1509,0.14160842155072967
287,1218,1505,0.141627626164163
289,1218,1507,0.14164359488444528
288,1217,1505,0.14165347227867353
287,1219,1506,0.141665879449155
280,1228,1508,0.14167972696835168
288,1226,1514,0.14170991044197087
285,1230,1515,0.1417179673693173
288,1225,1513,0.14173284670986536
288,1230,1518,0.14173860586872192
285,1237,1522,0.14174447811346352
283,1227,1510,0.14175828752455316
287,1232,1519,0.14177540970939795
284,1234,1518,0.14178097101672094
285,1230,1515,0.14179377405869956
282,1229,1511,0.14180362432296856
289,1224,1513,0.1418206161450443
285,1233,1518,0.14181953820201484
287,1238,1525,0.14182862156057996
285,1244,1529,0.14183277790821808
282,1239,1521,0.14184155941499924
283,1228,1511,0.14185762177917383
280,1237,1517,0.14186964613331252
275,1236,1511,0.14188841148068992
276,1231,1507,0.1419177853875491
274,1230,1504,0.14194233712163487
282,1232,1514,0.14196974963848308
282,1225,1507,0.1419752794144029
281,1231,1512,0.14198038833981735
280,1219,1499,0.14198756175448515
286,1214,1500,0.1419971379549487
283,1230,1513,0.14199130817959016
284,1233,1517,0.14199341664375523
280,1238,1518,0.14199355937163838
280,1232,1512,0.14200404352186255
277,1234,1511,0.1420133552933877
271,1232,1503,0.14202952333144836
269,1245,1514,0.14206048133169097
274,1246,1520,0.14209444696104037
273,1235,1508,0.1421137979679659
275,1233,1508,0.1421350942420969
278,1245,1523,0.14214983313102797
278,1239,1517,0.1421557890040238
271,1238,1509,0.1421612694077087
269,1235,1504,0.1421842671999431
267,1238,1505,0.1422105468435347
264,1224,1488,0.1422409726982739
270,1239,1509,0.1422765721412931
265,1245,1510,0.14229291467048133
261,1238,1499,0.1423207198562578
261,1241,1502,0.142357856363117
265,1234,1499,0.14239311688855683
266,1250,1516,0.1424159094049468
270,1255,1525,0.14243519138874394
269,1252,1521,0.14244252026490822
264,1260,1524,0.142452119831896
263,1246,1509,0.142474008476205
269,1243,1512,0.14249668744239347
267,1237,1504,0.14250219795675068
260,1242,1502,0.1425130347509869
260,1240,1500,0.14253982372370239
264,1232,1496,0.14256437926565563
261,1236,1497,0.14257769619420202
261,1252,1513,0.14259801260925722
258,1261,1519,0.14261784673776964
255,1257,1512,0.1426441717728774
257,1258,1515,0.1426767828309602
259,1255,1514,0.1427029914582477
260,1255,1515,0.14272254371432505
265,1256,1521,0.14273691770514485
263,1260,1523,0.14273723632039512
264,1252,1516,0.14274263462716213
259,1239,1498,0.14274629783942858
262,1242,1504,0.14276246364105052
258,1248,1506,0.1427709328357798
254,1254,1508,0.14278956123247688
255,1248,1503,0.14281779852284504
251,1260,1511,0.14284052511701037
253,1271,1524,0.14287111366491217
251,1263,1514,0.14289535376243173
252,1256,1508,0.14292315456807153
251,1270,1521,0.1429461946750955
247,1271,1518,0.14296956182962314
244,1265,1509,0.14300202754807223
247,1251,1498,0.14303856351538613
251,1247,1498,0.14306412326257587
247,1250,1497,0.14307852813174024
247,1256,1503,0.14310167935494655
247,1255,1502,0.1431223147243554
246,1264,1510,0.14314070195320194
252,1260,1512,0.1431603193767315
251,1250,1501,0.1431630209083253
253,1249,1502,0.1431685130954865
251,1244,1495,0.14316849448386795
258,1249,1507,0.14317388753594662
258,1243,1501,0.14315987516215586
256,1260,1516,0.14314751522140906
255,1251,1506,0.14314205360265372
252,1244,1496,0.1431408582905541
253,1257,1510,0.14314580130649796
260,1256,1516,0.14314768976276213
255,1263,1518,0.14313132251588417
253,1260,1513,0.14312860094626953
255,1252,1507,0.14313172224386958
256,1260,1516,0.14312920987283942
254,1265,1519,0.14312396778596242
254,1271,1525,0.14312524593653514
246,1271,1517,0.14312618345590247
245,1268,1513,0.1431457374390597
246,1267,1513,0.1431663997908686
247,1274,1521,0.1431821751208197
252,1271,1523,0.14319374611246644
253,1265,1518,0.14319191722926156
253,1273,1526,0.1431890875967188
254,1260,1514,0.14318657050154385
255,1267,1522,0.1431819553151921
256,1269,1525,0.14317428917363578
250,1272,1522,0.14316548616518468
252,1265,1517,0.14317400315146514
248,1264,1512,0.14317710501420713
246,1258,1504,0.1431890101683872
249,1250,1499,0.143205339339948
240,1270,1510,0.14321161949247005
245,1277,1522,0.14324114914330421
240,1271,1511,0.1432560564206846
240,1262,1502,0.1432820462228869
243,1261,1504,0.143307057140311
243,1264,1507,0.14332036895678446
249,1264,1513,0.1433326700084213
251,1268,1519,0.14332768543809427
248,1266,1514,0.1433183996901928
247,1256,1503,0.14331708017181977
246,1256,1502,0.14331953710354423
250,1253,1503,0.14332384113567456
247,1253,1500,0.14331810258590993
243,1267,1510,0.14332090725331992
243,1280,1523,0.14333469149808906
243,1277,1520,0.1433478646589964
237,1273,1510,0.14336099335696995
238,1273,1511,0.14338717448629595
232,1272,1504,0.14341000338688306
233,1274,1507,0.14344652897805948
238,1269,1507,0.14347678813594913
240,1273,1513,0.1434923962281018
240,1275,1515,0.143501397861592
243,1275,1518,0.14350910325097266
244,1271,1515,0.1435082703128337
243,1284,1527,0.14350458006027617
240,1276,1516,0.14350577468428874
241,1274,1515,0.14351491522093926
240,1298,1538,0.1435208808707808
239,1282,1521,0.14352912240143587
240,1282,1522,0.14353946778983026
243,1282,1525,0.14354552407090146
244,1281,1525,0.14354412541899758
242,1278,1520,0.14354083268242343
237,1277,1514,0.14354324123155526
237,1281,1518,0.1435589932873896
235,1288,1523,0.14357321429425005
237,1281,1518,0.14359178977286838
239,1283,1522,0.1436046542799675
239,1281,1520,0.14361189894519247
239,1279,1518,0.14361738309659072
234,1282,1516,0.14362194417776386
235,1284,1519,0.14364013900820105
234,1281,1515,0.14365436276221846
235,1272,1507,0.14366912936359832
233,1285,1518,0.14367969458336508
233,1296,1529,0.14369596820700184
233,1281,1514,0.1437105449190514
231,1277,1508,0.1437238317064623
233,1278,1511,0.14374193757285433
230,1273,1503,0.1437544700205538
235,1275,1510,0.14377397875223702
235,1276,1511,0.1437808509299822
235,1281,1516,0.14378665067492633
233,1277,1510,0.14379274994431093
230,1272,1502,0.14380336565178642
229,1275,1504,0.14382059380843482
228,1281,1509,0.14383827049674702
224,1275,1499,0.1438574714968739
230,1277,1507,0.1438854440106196
227,1289,1516,0.14389612929699758
227,1300,1527,0.1439127335358651
226,1289,1515,0.14392858102100373
223,1282,1505,0.1439463332563423
224,1282,1506,0.1439703345924423
226,1293,1519,0.1439904884734665
222,1292,1514,0.14400396518452624
213,1281,1494,0.14402599926088278
221,1283,1504,0.14406991695403457
225,1281,1506,0.14409060707180066
223,1285,1508,0.14409979964733402
224,1288,1512,0.1441139075830651
220,1279,1499,0.14412504938896137
217,1279,1496,0.14414541383502028
214,1288,1502,0.14417248172440608
218,1281,1499,0.14420536692920602
225,1282,1507,0.1442252405410761
225,1268,1493,0.1442267287010897
225,1271,1496,0.14422873566700048
228,1268,1496,0.1442302099997449
219,1280,1499,0.14422367000818329
224,1295,1519,0.1442406332137807
225,1302,1527,0.1442438717561409
227,1294,1521,0.14424424209763412
227,1280,1507,0.14423910946354168
223,1277,1500,0.1442342889936659
222,1289,1511,0.14424100826969355
220,1288,1508,0.1442497603904506
221,1273,1494,0.14426268918696433
221,1286,1507,0.1442725661699478
218,1282,1500,0.1442815743390427
216,1289,1505,0.14429764419876265
220,1282,1502,0.14431792652506942
222,1295,1517,0.14432624917411996
219,1296,1515,0.14432898433742494
221,1301,1522,0.14433945416128666
222,1298,1520,0.14434352011834847
225,1302,1527,0.14434449497349686
224,1294,1518,0.1443370934304901
222,1289,1511,0.14433319748661605
219,1284,1503,0.14433509892921728
224,1293,1517,0.14434601293071883
226,1286,1512,0.14434299352715582
225,1297,1522,0.14433516092079496
222,1304,1526,0.14433221463588874
218,1298,1516,0.14433671763074143
215,1306,1521,0.144350994217155
215,1289,1504,0.1443726310681336
215,1286,1501,0.14439245454763913
213,1292,1505,0.14441185188127473
218,1290,1508,0.14443504806165416
215,1298,1513,0.14444326630233914
216,1312,1528,0.14445802544837405
221,1317,1538,0.14446878601714347
219,1323,1542,0.14446545794324156
221,1305,1526,0.14446798220655224
224,1303,1527,0.14446519314710035
219,1317,1536,0.1444555399990025
219,1301,1520,0.14446041989139025
220,1297,1517,0.14446438216013172
216,1299,1515,0.14446536982852068
222,1292,1514,0.14447643059813925
217,1297,1514,0.14447136534087904
215,1305,1520,0.14447998459006506
208,1302,1510,0.14449332659543226
208,1285,1493,0.14452278807661642
209,1287,1496,0.14455057734372567
212,1292,1504,0.1445738055142289
213,1290,1503,0.14458748800269994
211,1293,1504,0.14459779213629578
207,1299,1506,0.14461203249119353
206,1309,1515,0.14463627753880423
208,1311,1519,0.14466250724466714
209,1320,1529,0.14468170416028434
207,1295,1502,0.1446967207810375
207,1294,1501,0.14471559043460328
207,1291,1498,0.1447335764206407
211,1294,1505,0.14475135799574532
209,1301,1510,0.14475810926862848
209,1310,1519,0.14476934545112385
209,1309,1518,0.14477981549520222
208,1305,1513,0.1447906425055495
209,1303,1512,0.14480265019976737
209,1295,1504,0.1448118194419564
206,1298,1504,0.14481975352176082
208,1308,1516,0.1448353691566977
209,1307,1516,0.1448459137075474
207,1303,1510,0.14485326557670342
206,1305,1511,0.14486550889998737
203,1315,1518,0.14487974993606545
202,1326,1528,0.14490057179732888
200,1327,1527,0.14492319202813833
201,1332,1533,0.14495008641038293
197,1334,1531,0.1449730719956141
200,1331,1531,0.14500555184483827
195,1321,1516,0.14502871651269916
194,1324,1518,0.14506356707568716
195,1327,1522,0.14509816610030618
196,1323,1519,0.14512799274234958
196,1333,1529,0.14515407279242004
194,1330,1524,0.14517813957659098
192,1330,1522,0.14520581316109563
195,1330,1525,0.14523527503927253
198,1315,1513,0.14525379625096219
201,1305,1506,0.14526350181889808
203,1303,1506,0.14526444961129845
196,1315,1511,0.1452611212970938
197,1311,1508,0.14527533103828494
199,1322,1521,0.14528573231651
197,1319,1516,0.14529059290428442
199,1317,1516,0.1453002968768643
194,1316,1510,0.14530515500310856
193,1315,1508,0.14532306279303328
190,1317,1507,0.14534196412116063
190,1315,1505,0.1453679700334729
187,1314,1501,0.14539199669428926
187,1321,1508,0.14542237697695926
186,1328,1514,0.1454509742839186
186,1320,1506,0.1454799476673198
185,1325,1510,0.1455056929159297
185,1328,1513,0.1455323128709
188,1319,1507,0.14555825514945298
185,1328,1513,0.14557475210459145
184,1318,1502,0.14559809536857027
179,1313,1492,0.1456222141963849
177,1334,1511,0.14565757944417887
179,1331,1510,0.14569559482601485
185,1338,1523,0.14572602217472674
183,1317,1500,0.14573924510361366
184,1319,1503,0.14575679982917805
184,1327,1511,0.1457706114837868
186,1329,1515,0.1457827786170676
188,1326,1514,0.1457892052336477
189,1325,1514,0.14579022039525952
184,1320,1504,0.14578912150405443
186,1317,1503,0.14580063596931667
187,1324,1511,0.14580602298850362
186,1327,1513,0.145808242198158
182,1324,1506,0.14581320894916655
189,1339,1528,0.14582792069060668
192,1329,1521,0.14582327290419037
194,1334,1528,0.14581096840673577
194,1330,1524,0.14579445418111198
193,1323,1516,0.1457790418328962
190,1327,1517,0.14576743152991548
185,1326,1511,0.14576432482273544
188,1326,1514,0.14577547089191614
189,1338,1527,0.14577826886593426
190,1328,1518,0.14577800666453153
192,1319,1511,0.1457749596127261
192,1315,1507,0.14576742259933448
194,1319,1513,0.14575972992773875
194,1323,1517,0.14574757497088028
190,1326,1516,0.1457367118982187
191,1330,1521,0.14573656033046561
187,1326,1513,0.1457332972457732
188,1324,1512,0.14574064492081892
183,1323,1506,0.14574550085623536
185,1335,1520,0.14576354331866515
182,1337,1519,0.1457743076077098
186,1344,1530,0.14579229883847158
179,1344,1523,0.1457982713675171
178,1342,1520,0.14582218980846012
177,1324,1501,0.145846282450015
180,1318,1498,0.14587059349508025
180,1328,1508,0.14588462291118
178,1334,1512,0.14589872112914834
178,1336,1514,0.1459159762182373
180,1334,1514,0.14593174453308952
179,1341,1520,0.1459407393426104
173,1340,1513,0.14595130543779514
175,1329,1504,0.14597793724683533
178,1331,1509,0.14599682517578894
179,1339,1518,0.14600583392348296
176,1336,1512,0.14601171569121096
181,1341,1522,0.14602470825093794
176,1334,1510,0.14602364668985598
177,1347,1524,0.14603626643976342
172,1349,1521,0.14604510194331383
177,1352,1529,0.14606689643268034
175,1356,1531,0.14607425612505545
176,1346,1522,0.14608656233426612
173,1339,1512,0.14609501713068337
175,1353,1528,0.14611005805230046
171,1357,1528,0.1461188059323916
169,1360,1529,0.14613698616331341
172,1357,1529,0.1461597391802651
176,1355,1531,0.14617190282584816
179,1354,1533,0.1461720138474707
177,1344,1521,0.14616456058697877
180,1345,1525,0.14616363654387668
183,1342,1525,0.14615573003177962
178,1331,1509,0.14614020349571422
177,1331,1508,0.14613962296391989
176,1335,1511,0.1461411292612638
173,1325,1498,0.14614543458626064
175,1332,1507,0.14615700464420756
175,1328,1503,0.1461627382755639
166,1341,1507,0.14616890926569626
170,1335,1505,0.14619843241725688
170,1347,1517,0.14621552508175184
169,1354,1523,0.1462313067243424
170,1356,1526,0.14624848470785667
166,1355,1521,0.14626187051545247
169,1350,1519,0.14628480722573772
171,1362,1533,0.1462979551084047
165,1353,1518,0.14630463680286226
167,1353,1520,0.14632628463981157
167,1357,1524,0.1463409477358004
169,1347,1516,0.14635474316396516
169,1351,1520,0.14636224149493077
169,1358,1527,0.14636977108311028
170,1356,1526,0.14637711536385006
170,1348,1518,0.1463814299507414
166,1350,1516,0.14638561614911305
165,1337,1502,0.14639968172385154
165,1350,1515,0.14641557360190688
168,1354,1522,0.14643088033232451
166,1348,1514,0.14643640420246457
171,1361,1532,0.14644655976501608
167,1363,1530,0.1464433089491906
160,1348,1508,0.14645043237587493
160,1353,1513,0.14647503299644146
163,1344,1507,0.14649817359884423
164,1346,1510,0.14651282462890514
165,1345,1510,0.14652390104957239
164,1336,1500,0.14653066665218092
165,1356,1521,0.14653948319713894
161,1363,1524,0.1465456955700317
166,1363,1529,0.14656283074380722
163,1354,1517,0.14656557196955067
159,1354,1513,0.14657592657277835
162,1351,1513,0.14659665326793928
157,1358,1515,0.1466079655914416
153,1357,1510,0.14663154611864715
152,1366,1518,0.14666411784143116
147,1355,1502,0.1466977649026056
143,1359,1502,0.14674345916179518
151,1355,1506,0.14679645423093884
152,1362,1514,0.14682429088660784
149,1367,1516,0.14684753784148255
149,1360,1509,0.14687731913447943
148,1355,1503,0.14690532210006157
148,1363,1511,0.1469337923785098
145,1363,1508,0.14696081345036904
147,1366,1513,0.146993738818733
146,1366,1512,0.14701850302729663
154,1359,1513,0.14704455598702018
154,1354,1508,0.14704642954271763
154,1368,1522,0.14704874895370743
157,1370,1527,0.1470510690779424
156,1360,1516,0.14704529910615466
156,1372,1528,0.14704256284985248
153,1377,1530,0.14704020420300143
153,1375,1528,0.14704593416101489
151,1364,1515,0.14705108766315747
152,1356,1508,0.14706134144622118
154,1357,1511,0.14706877759202752
156,1354,1510,0.1470700189693831
154,1362,1516,0.14706597719738532
149,1371,1520,0.1470679783270423
149,1385,1534,0.14708239255931851
144,1375,1519,0.14709550288345022
147,1364,1511,0.14712198437763446
146,1373,1519,0.14713759706505555
150,1362,1512,0.14715560621511165
150,1369,1519,0.1471599318663216
147,1368,1515,0.14716442355823925
145,1364,1509,0.14717640721110148
147,1355,1502,0.14719325315678375
148,1358,1506,0.14720329693530815
146,1353,1499,0.1472098849974461
148,1353,1501,0.1472214634297323
146,1360,1506,0.14722713552045225
149,1360,1509,0.14723798102117175
149,1363,1512,0.1472399575671889
149,1367,1516,0.14724143032038803
146,1356,1502,0.1472425049950701
146,1350,1496,0.14725132689022388
149,1347,1496,0.14725967267351378
150,1370,1520,0.14725955835346516
151,1370,1521,0.14725669139007672
151,1373,1524,0.14725226472453756
150,1371,1521,0.14724841926679613
151,1368,1519,0.14724712465293
147,1352,1499,0.147243408101328
143,1353,1496,0.1472505322233376
146,1366,1512,0.14726841974912677
145,1357,1502,0.1472766896864953
144,1382,1526,0.1472870877029166
148,1379,1527,0.14729990032426013
153,1372,1525,0.14730132503936172
154,1365,1519,0.14728893792286127
148,1377,1525,0.14727523367067413
147,1372,1519,0.14727825737682793
148,1363,1511,0.1472838379742643
144,1362,1506,0.14728673786096189
141,1352,1493,0.147300259384888
138,1365,1503,0.1473210555079879
139,1369,1508,0.14734806132012465
143,1376,1519,0.14737043530230817
142,1369,1511,0.14738007014389085
140,1371,1511,0.1473912301961004
142,1371,1513,0.147406216773531
145,1367,1512,0.14741422960566697
146,1359,1505,0.1474132945113657
140,1368,1508,0.14740920027809407
149,1376,1525,0.14742164610640462
150,1380,1530,0.14740935906352604
149,1376,1525,0.1473953946886722
149,1370,1519,0.14738549448944638
148,1370,1518,0.14737594124117115
147,1367,1514,0.1473706299010732
151,1372,1523,0.14736841794011876
147,1372,1519,0.14735526438343877
147,1361,1508,0.14735378694418652
145,1387,1532,0.14735313239811382
147,1379,1526,0.14735860760407665
147,1380,1527,0.147358843245173
149,1368,1517,0.1473589210974312
142,1362,1504,0.14735318725943192
141,1363,1504,0.14736739554238398
143,1370,1513,0.1473833058177575
144,1367,1511,0.14739201422016218
143,1376,1519,0.1473976963572773
143,1370,1513,0.14740628787562265
140,1380,1520,0.1474135829749226
139,1370,1509,0.14742900456610766
140,1376,1516,0.14744539668962672
143,1365,1508,0.14745787845277897
140,1378,1518,0.14746180119004784
141,1383,1524,0.14747346608820996
135,1384,1519,0.1474823377395319
135,1385,1520,0.14750724949738306
137,1384,1521,0.147530580188576
139,1386,1525,0.147547231918561
137,1392,1529,0.14755758008906558
136,1380,1516,0.14757274836250533
134,1387,1521,0.14759061561041198
131,1375,1506,0.1476125106992926
127,1383,1510,0.147640708356801
124,1379,1503,0.1476777199917721
115,1377,1492,0.14771987963895175
117,1383,1500,0.14778368464339767
120,1387,1507,0.1478378153224289
123,1388,1511,0.14788006473298662
122,1393,1515,0.14791117729620484
124,1387,1511,0.14794287832323755
125,1378,1503,0.14796761623212296
125,1375,1500,0.14798772470293245
128,1375,1503,0.14800682436994886
129,1384,1513,0.14801608220767096
130,1372,1502,0.14802263447914663
127,1379,1506,0.14802640223675176
130,1388,1518,0.14803841288540473
125,1393,1518,0.1480417654175698
130,1401,1531,0.14805883076850213
129,1399,1528,0.14806083227068353
126,1397,1523,0.14806575635339755
123,1399,1522,0.148079155953525
130,1404,1534,0.1481000953200611
130,1405,1535,0.1480995078483809
128,1400,1528,0.1480991569082724
128,1382,1510,0.1481042014800608
132,1383,1515,0.1481094560549899
132,1395,1527,0.14810351086492626
129,1386,1515,0.14809793425712198
131,1385,1516,0.14810088405821523
132,1393,1525,0.1480981755847314
128,1389,1517,0.1480930086011493
129,1386,1515,0.14809922575300802
127,1381,1508,0.14810230404143546
127,1373,1500,0.14811004517861806
125,1381,1506,0.14811658705377076
121,1385,1506,0.14812761745500327
119,1389,1508,0.14814871180416073
121,1383,1504,0.14817482039882465
123,1383,1506,0.1481939353788702
124,1389,1513,0.14820672500187457
122,1378,1500,0.14821603437400557
120,1380,1500,0.14823066040035462
120,1379,1499,0.1482496498762884
118,1392,1510,0.1482673455656658
119,1395,1514,0.14828993227154372
121,1391,1512,0.1483082185991369
120,1378,1498,0.14831982169382496
122,1385,1507,0.14833332154556825
120,1399,1519,0.14834081848595793
120,1410,1530,0.1483537107130698
119,1399,1518,0.1483658077687223
120,1398,1518,0.14837997909931663
122,1399,1521,0.14839046594953909
121,1400,1521,0.14839540974153953
118,1396,1514,0.1484030461539573
116,1403,1519,0.14841785975533764
117,1407,1524,0.148436986677253
119,1407,1526,0.14845215400702869
117,1407,1524,0.14846095601198017
116,1404,1520,0.1484744171238029
116,1400,1516,0.14848979156004927
113,1397,1510,0.14850437039268216
113,1409,1522,0.14852674527453527
110,1411,1521,0.14854743284876296
113,1409,1522,0.14857496476894191
118,1401,1519,0.1485918712962727
112,1406,1518,0.14859437691169686
110,1407,1517,0.14861303013809424
115,1396,1511,0.14863571542068693
113,1414,1527,0.1486432659360339
109,1410,1519,0.1486561810353628
109,1412,1521,0.14867930098542023
111,1395,1506,0.14870027809852338
115,1398,1513,0.1487144336708427
114,1389,1503,0.14871588661488921
116,1393,1509,0.14871988457602037
115,1397,1512,0.14871816956358686
116,1407,1523,0.14872013414743776
113,1407,1520,0.1487192573679445
114,1410,1524,0.14872626409059747
112,1395,1507,0.1487301313234278
111,1403,1514,0.1487389863128808
112,1401,1513,0.14875028057275014
112,1396,1508,0.1487579405360113
112,1409,1521,0.14876476576280778
111,1404,1515,0.14877120481110429
112,1412,1524,0.14878008613897448
113,1421,1534,0.14878504897415773
113,1424,1537,0.14878725907682305
109,1420,1529,0.14878949798377356
109,1405,1514,0.14880345597229871
108,1410,1518,0.1488167820054332
107,1405,1512,0.14883252955992643
110,1408,1518,0.14885000222603054
111,1414,1525,0.14885725924174642
111,1399,1510,0.1488617494042183
112,1397,1509,0.14886564010082984
112,1396,1508,0.14886697942854096
114,1406,1520,0.14886859806496855
114,1411,1525,0.14886474311081502
114,1413,1527,0.14886112466833637
114,1411,1525,0.1488576802150641
110,1408,1518,0.14885481477622992
109,1407,1516,0.14886269947879527
105,1410,1515,0.14887307425390323
103,1407,1510,0.14889357982950904
99,1398,1497,0.14891769964967455
100,1401,1501,0.14895150286399006
104,1420,1524,0.14898068443824428
103,1413,1516,0.14899749732555886
101,1396,1497,0.14901593596554288
100,1393,1493,0.1490387291329213
101,1400,1501,0.14906252501167583
103,1414,1517,0.1490818661918522
104,1417,1521,0.1490943364342347
106,1415,1521,0.14910316329448092
103,1411,1514,0.14910580177319846
105,1417,1522,0.14911652979963083
107,1419,1526,0.14912128811609787
106,1397,1503,0.1491204550416185
99,1406,1505,0.14912303105701707
99,1410,1509,0.1491449978091147
96,1398,1494,0.1491652559907381
96,1397,1493,0.14919267096105776
98,1414,1512,0.1492181820821667
99,1404,1503,0.14923651654752804
98,1406,1504,0.14925075820254233
99,1401,1500,0.14926666490592586
95,1410,1505,0.14927939068985296
98,1409,1507,0.1493023229602627
98,1405,1503,0.149315556406453
95,1406,1501,0.1493280219872084
97,1415,1512,0.1493481375054387
98,1414,1512,0.14936167733308392
98,1420,1518,0.1493716546744413
99,1424,1523,0.1493811592443859
98,1425,1523,0.14938737116330844
97,1437,1534,0.14939594802808576
96,1419,1515,0.14940683008825814
95,1429,1524,0.14941973228869904
90,1423,1513,0.1494343254964475
94,1428,1522,0.1494622888201845
93,1434,1527,0.1494773619777161
96,1443,1539,0.1494941781847221
95,1434,1529,0.14950176338107357
94,1437,1531,0.14951200889562677
94,1437,1531,0.14952433730326567
93,1419,1512,0.14953581952128248
92,1418,1510,0.14954947424748558
90,1416,1506,0.1495651081012258
88,1428,1516,0.14958576219296277
90,1429,1519,0.14961039476926885
90,1416,1506,0.1496277439050194
91,1415,1506,0.14964365253645423
92,1408,1500,0.14965568468707974
95,1423,1518,0.14966439695733794
93,1424,1517,0.14966428610929422
91,1421,1512,0.14967014871623086
89,1422,1511,0.149681593032824
90,1431,1521,0.14969792401935014
93,1434,1527,0.14971055137715317
90,1436,1526,0.14971445599336775
90,1435,1525,0.1497265834623611
91,1441,1532,0.1497379680398984
88,1436,1524,0.14974573783112616
88,1420,1508,0.14976078394723807
86,1416,1502,0.14977516003906224
86,1415,1501,0.14979460661700458
85,1427,1512,0.14981241748989255
82,1418,1500,0.1498320896765379
84,1417,1501,0.1498589809744651
84,1428,1512,0.14987848051299987
87,1429,1516,0.14989645741093574
87,1436,1523,0.14990511369852505
86,1437,1523,0.1499133287428026
84,1427,1511,0.149924129215211
85,1425,1510,0.1499393787874892
85,1412,1497,0.1499508540791821
85,1426,1511,0.14996150340558445
84,1432,1516,0.14997116623866258
85,1419,1504,0.1499829380260721
84,1422,1506,0.14999114733678176
87,1423,1510,0.15000114188978592
90,1446,1536,0.15000185206528568
88,1425,1513,0.14999386228268416
84,1432,1516,0.14999194204925442
86,1425,1511,0.1500009519061459
86,1425,1511,0.15000375943863073
84,1427,1511,0.15000625345052512
82,1426,1508,0.15001392760917304
80,1431,1511,0.1500266291621887
80,1422,1502,0.15004410113093686
80,1427,1507,0.1500606251313591
83,1423,1506,0.15007600533832594
79,1433,1512,0.1500824042515974
75,1438,1513,0.15009952400443635
72,1435,1507,0.1501265621433086
73,1440,1513,0.1501605475113969
73,1432,1505,0.15018954712402618
70,1440,1510,0.15021634844782197
70,1443,1513,0.1502500783961989
73,1430,1503,0.15028150793673534
73,1443,1516,0.15030211245965178
69,1443,1512,0.15032148654517344
71,1451,1522,0.1503509391010655
71,1444,1515,0.15037298967355586
71,1452,1523,0.15039394535019215
73,1457,1530,0.15041336130704352
71,1458,1529,0.15042586189310556
71,1461,1532,0.15044311856263648
68,1464,1532,0.1504595048675191
70,1449,1519,0.15048334016723033
66,1454,1520,0.15049991589861242
62,1444,1506,0.15052709209696502
67,1444,1511,0.15056356074712615
68,1442,1510,0.150583278509148
65,1445,1510,0.1505988235777307
63,1440,1503,0.15062161887162137
62,1448,1510,0.15064880021282462
63,1446,1509,0.15067730572728263
62,1432,1494,0.15070121101190223
62,1448,1510,0.15072645019277556
64,1453,1517,0.15075006143397632
63,1462,1525,0.15076650305753034
61,1454,1515,0.15078493896104406
61,1459,1520,0.15080799014037338
56,1449,1505,0.1508297140067861
56,1453,1509,0.150863899606504
54,1454,1508,0.15089557612207027
55,1465,1520,0.15093096061217356
55,1452,1507,0.1509611006918076
55,1466,1521,0.1509892587752139
54,1459,1513,0.15101550591760624
56,1447,1503,0.1510428717645112
57,1446,1503,0.15106292261737247
57,1449,1506,0.15107900178117512
57,1445,1502,0.1510941540233896
57,1453,1510,0.15110855018502173
56,1456,1512,0.15112208823069756
55,1454,1509,0.15113764340145758
54,1450,1504,0.151155049577084
55,1451,1506,0.15117437135416525
57,1454,1511,0.15118924715780468
57,1451,1508,0.15119751299204323
54,1457,1511,0.15120541065709803
54,1453,1507,0.15122155550834318
53,1444,1497,0.15123665380410356
55,1435,1490,0.1512534943998519
55,1437,1492,0.15126334199320468
53,1458,1511,0.1512727448524633
53,1453,1506,0.15128734937197788
56,1466,1522,0.1513011041326426
54,1462,1516,0.15130574488593448
54,1455,1509,0.1513160465938395
53,1467,1520,0.15132586908048012
56,1470,1526,0.15133791873941876
54,1470,1524,0.15134018770500215
55,1455,1510,0.1513479631335225
59,1456,1515,0.15135202970956663
61,1445,1506,0.15134425049137687
61,1427,1488,0.1513314352152815
60,1448,1508,0.15131945709339092
60,1446,1506,0.15131112688747642
60,1455,1515,0.1513034141069561
65,1451,1516,0.15129613217097596
65,1448,1513,0.15127479421715756
65,1454,1519,0.15125521836095945
65,1444,1509,0.1512370238282934
64,1457,1521,0.15121998229215156
66,1461,1527,0.1512069469923641
66,1445,1511,0.15118921167131616
66,1446,1512,0.15117270670921226
65,1441,1506,0.151157329570691
61,1449,1510,0.15114592305773278
63,1446,1509,0.1511469293436496
61,1443,1504,0.15114200014946702
61,1455,1516,0.15114302577632735
61,1457,1518,0.15114386064270693
62,1463,1525,0.15114471405745186
62,1465,1527,0.15114278830060737
60,1455,1515,0.15114111078343545
59,1456,1515,0.151145406390219
60,1440,1500,0.15115220565810764
60,1451,1511,0.15115550516819512
61,1461,1522,0.1511587901505079
57,1464,1521,0.1511593887707934
54,1469,1523,0.15117190281784024
53,1456,1509,0.15119275434677182
51,1464,1515,0.1512149290687263
52,1467,1519,0.15124122652879504
51,1453,1504,0.15126323337084774
49,1460,1509,0.15128665505713124
48,1465,1513,0.15131406861052799
47,1470,1517,0.1513423801805597
46,1467,1513,0.15137178236656093
48,1468,1516,0.1514020892846322
48,1478,1526,0.15142465361005045
49,1471,1520,0.15144599904406672
50,1467,1517,0.15146311207134353
50,1468,1518,0.15147616691250992
51,1470,1521,0.1514884405475272
51,1465,1516,0.1514971504431462
52,1459,1511,0.15150537784936202
51,1456,1507,0.1515102299209434
50,1466,1516,0.15151758464095547
50,1455,1505,0.15152733083923317
52,1452,1504,0.151536352007295
54,1449,1503,0.15153935840204322
54,1448,1502,0.15153654488697021
55,1458,1513,0.1515340457751659
55,1459,1514,0.15152892553089686
56,1449,1505,0.15152423106437302
56,1459,1515,0.1515170829006529
56,1458,1514,0.15151047047730512
55,1466,1521,0.1515043684585554
53,1471,1524,0.15150160381414246
54,1472,1526,0.15150476591545586
53,1469,1522,0.15150487844764912
55,1457,1512,0.15150786646818606
55,1456,1511,0.15150497650200168
52,1466,1518,0.15150234297600867
52,1455,1507,0.15150855378542558
52,1459,1511,0.15151454622455407
51,1459,1510,0.1515200317848054
51,1464,1515,0.15152793388748526
53,1469,1522,0.15153518587975323
50,1470,1520,0.15153626963327016
51,1467,1518,0.1515459345784576
50,1470,1520,0.15155188594594637
50,1471,1521,0.15156028161990853
48,1484,1532,0.151568105891169
47,1475,1522,0.1515812403397918
49,1466,1515,0.15159643615080887
50,1444,1494,0.15160498855517132
50,1446,1496,0.1516102075723278
50,1447,1497,0.15161525111605015
49,1460,1509,0.15162003353559875
49,1465,1514,0.15162721177096153
50,1468,1518,0.151633957726905
49,1467,1516,0.15163732452177023
48,1468,1516,0.15164329089075798
50,1466,1516,0.15165168964814124
49,1485,1534,0.15165401969077827
49,1472,1521,0.1516591127819502
47,1477,1524,0.15166388967521804
48,1468,1516,0.1516740588267977
47,1457,1504,0.1516807250320343
46,1473,1519,0.15168985589488745
49,1479,1528,0.1517014665184982
47,1465,1512,0.15170358663641614
47,1464,1511,0.15171114114216117
47,1466,1513,0.1517180466477864
47,1473,1520,0.1517244707369193
46,1474,1520,0.151730698847273
46,1478,1524,0.15173911290264483
46,1479,1525,0.1517470481175458
45,1470,1515,0.1517544195429171
44,1467,1511,0.1517642396307202
44,1472,1516,0.15177659283516898
42,1482,1524,0.1517882110414036
43,1482,1525,0.1518046538059334
43,1493,1536,0.15181736035086937
43,1485,1528,0.1518292374350977
46,1491,1537,0.1518403561808228
46,1491,1537,0.15184201878296494
47,1483,1530,0.1518436512057802
47,1476,1523,0.15184225066791174
46,1469,1515,0.15184092941539284
47,1463,1510,0.15184258301615766
45,1459,1504,0.15184133180748868
43,1467,1510,0.1518460132322009
45,1458,1503,0.15185598889964505
44,1468,1512,0.1518598546870964
43,1462,1505,0.15186612292686788
45,1482,1527,0.15187491795817767
42,1484,1526,0.15187703195394064
43,1477,1520,0.15188750368688847
47,1475,1522,0.15189430341127735
47,1473,1520,0.1518893717920585
46,1463,1509,0.15188484275896325
44,1454,1498,0.15188372078697954
46,1466,1512,0.1518887052986171
44,1472,1516,0.15188762010352963
43,1465,1508,0.1518922204589571
44,1457,1501,0.1518995827059325
45,1475,1520,0.15190390082287558
46,1485,1531,0.15190491135732184
47,1469,1516,0.1519030008332913
46,1480,1526,0.15189806871079928
47,1482,1529,0.15189636606742307
49,1482,1531,0.1518918382753643
48,1479,1527,0.15188189235649413
48,1465,1513,0.15187563127737533
48,1462,1510,0.15187011341546097
51,1467,1518,0.1518646285042057
51,1469,1520,0.1518509609480028
50,1458,1508,0.1518382925386378
50,1448,1498,0.15182944748531216
49,1453,1502,0.1518212117024241
50,1453,1503,0.1518165949502617
50,1463,1513,0.1518093589973788
48,1466,1514,0.1518026363616852
48,1462,1510,0.15180214196640082
48,1450,1498,0.1518015793340823
49,1458,1507,0.15180056658714888
51,1466,1517,0.15179681067093062
49,1460,1509,0.151787931514766
49,1463,1512,0.1517850453847784
48,1454,1502,0.15178259320435047
50,1457,1507,0.15178313387661324
50,1466,1516,0.15177808807202062
53,1458,1511,0.15177308874330256
55,1465,1520,0.15175956898085008
55,1458,1513,0.15174131703416308
53,1468,1521,0.151724306973148
53,1456,1509,0.15171369013708816
52,1452,1504,0.15170351931425125
53,1458,1511,0.15169704962424324
54,1469,1523,0.1516880141085745
55,1466,1521,0.15167708458538956
52,1474,1526,0.15166408144905863
51,1471,1522,0.1516607200721488
50,1460,1510,0.15166030778639328
53,1474,1527,0.15166261641931972
52,1478,1530,0.1516561931516561
51,1491,1542,0.15165335912261965
55,1488,1543,0.1516535931574804
52,1479,1531,0.15164234725662015
52,1462,1514,0.15164059455514853
53,1465,1518,0.15163917776744357
51,1475,1526,0.15163510590883766
51,1455,1506,0.15163720221324922
51,1450,1501,0.1516390897560799
51,1463,1514,0.15164076448717545
49,1465,1514,0.1516423799213519
45,1466,1511,0.1516489053673181
49,1459,1508,0.15166627381212494
49,1463,1512,0.15167119195281037
50,1464,1514,0.15167566470945812
52,1473,1525,0.1516769148586909
53,1467,1520,0.15167275643080624
52,1462,1514,0.15166615962107877
53,1458,1511,0.1516630381697395
53,1455,1508,0.1516569909018392
54,1460,1514,0.15165163288777317
54,1463,1517,0.1516437465655737
54,1456,1510,0.15163682725304992
54,1459,1513,0.1516301717728734
51,1453,1504,0.15162403923914286
51,1448,1499,0.15162716792397668
50,1458,1508,0.1516301116558951
51,1473,1524,0.15163566509935367
52,1483,1535,0.1516379433097467
52,1479,1531,0.15163746900017672
53,1483,1536,0.1516369433201207
52,1463,1515,0.15163355088721853
52,1461,1513,0.15163292419257052
51,1467,1518,0.1516324502587593
50,1466,1516,0.15163466739129347
50,1465,1515,0.15163958455683685
50,1461,1511,0.1516441511749118
53,1450,1503,0.15164844126494978
54,1450,1504,0.15164359348611225
56,1461,1517,0.15163624129980588
57,1467,1524,0.1516238729195518
56,1470,1526,0.1516096478008935
56,1474,1530,0.15159941479398412
54,1460,1514,0.15158991513964076
53,1447,1500,0.15158666837813362
56,1455,1511,0.15158666719963335
56,1461,1517,0.1515782648342805
58,1452,1510,0.15157060826732385
55,1458,1513,0.1515576627068655
56,1460,1516,0.15155423681601835
54,1453,1507,0.15154813920012386
55,1451,1506,0.15154775587218172
55,1455,1510,0.15154475800696093
55,1466,1521,0.15154178539636468
55,1475,1530,0.1515391937894886
55,1458,1513,0.1515365256822445
57,1477,1534,0.1515340103599975
57,1468,1525,0.1515259987293332
56,1461,1517,0.15151855135704806
54,1459,1513,0.15151417604179326
55,1463,1518,0.1515155277584905
54,1452,1506,0.15151430269812713
57,1458,1515,0.1515159082178034
57,1463,1520,0.15150872175897567
56,1464,1520,0.1515020505250341
57,1469,1526,0.15149882661158914
56,1474,1530,0.1514927962061126
56,1456,1512,0.1514902469685312
55,1461,1516,0.1514878725642757
54,1450,1504,0.15148849660186975
53,1458,1511,0.15149172592466648
52,1457,1509,0.15149752125881258
53,1449,1502,0.15150588984278449
55,1447,1502,0.1515107722314623
57,1439,1496,0.15150944199476876
57,1445,1502,0.151502651695875
58,1460,1518,0.15149652008306524
56,1461,1517,0.1514878604075481
54,1465,1519,0.15148506602022413
53,1454,1507,0.15148803010774484
52,1454,1506,0.15149371576238835
52,1466,1518,0.151501838950896
56,1461,1517,0.1515093642134944
55,1461,1516,0.15150521970189654
55,1464,1519,0.15150361667458076
55,1468,1523,0.15150240055664171
54,1460,1514,0.15150118838588802
55,1449,1504,0.15150302182336323
56,1460,1516,0.15150194169733863
56,1466,1522,0.1514981867017703
54,1462,1516,0.15149474752242317
54,1476,1530,0.15149712793914863
54,1462,1516,0.15149929606707224
51,1456,1507,0.15150129177027566
51,1468,1519,0.1515113879803084
51,1457,1508,0.1515209841368893
48,1460,1508,0.15153020173640822
45,1459,1504,0.1515472563955244
46,1462,1508,0.1515713998217203
47,1462,1509,0.1515916442452127
47,1464,1511,0.1516075036390676
47,1469,1516,0.15162214407551783
49,1461,1510,0.15163578831031926
49,1469,1518,0.15164261219001265
49,1464,1513,0.15164878432007203
49,1472,1521,0.1516546925649976
45,1470,1515,0.15166055639419976
46,1484,1530,0.15167713999672316
43,1481,1524,0.15168988823504242
46,1479,1525,0.15171015665924842
47,1494,1541,0.15172077584756047
48,1482,1530,0.15172806023244628
47,1477,1524,0.15173205098521847
48,1472,1520,0.1517388093941921
46,1480,1526,0.15174221261138787
47,1476,1523,0.15175093180033067
48,1473,1521,0.15175613742706776
48,1454,1502,0.15175831281241556
46,1471,1517,0.15176034358677434
45,1470,1515,0.15176795261235562
45,1473,1518,0.1517779735580426
45,1465,1510,0.15178728772056244
42,1468,1510,0.15179600191651685
42,1464,1506,0.15181295856250343
43,1463,1506,0.15182869296881576
42,1466,1508,0.1518404763799895
40,1470,1510,0.15185418412884735
42,1473,1515,0.1518727550671231
41,1464,1505,0.15188434157795921
43,1472,1515,0.15189822508844916
45,1477,1522,0.1519055424478615
44,1480,1524,0.1519066845141971
41,1480,1521,0.1519108545151152
42,1468,1510,0.1519234900442869
40,1474,1514,0.1519325397739617
43,1475,1518,0.15194677912853405
41,1489,1530,0.1519514092105745
39,1494,1533,0.15196129261031252
41,1481,1522,0.15197647812733944
42,1465,1507,0.15198495943039245
41,1476,1517,0.15198985556413333
39,1481,1520,0.1519975276897852
38,1485,1523,0.15201008764669063
38,1506,1544,0.15202477978196988
38,1494,1532,0.15203827414878573
39,1489,1528,0.1520513104463496
39,1478,1517,0.15206048407127204
39,1481,1520,0.15206913286234325
40,1472,1512,0.15207707344761978
38,1480,1518,0.15208171659267652
37,1471,1508,0.15209166704714294
38,1472,1510,0.15210389738155125
38,1480,1518,0.152112524372948
39,1485,1524,0.152120628355933
39,1480,1519,0.1521249067899847
37,1462,1499,0.15212904230198607
39,1481,1520,0.15213903427850464
40,1478,1518,0.15214262447611634
38,1470,1508,0.15214293131054268
37,1471,1508,0.15214915284849945
37,1469,1506,0.1521578826764149
37,1472,1509,0.15216603391586983
36,1465,1501,0.15217372773126467
34,1472,1506,0.15218403192944588
35,1472,1507,0.15219945955419245
36,1467,1503,0.15221077026600813
35,1469,1504,0.15221847890961784
35,1462,1497,0.15222844249155776
35,1469,1504,0.15223786125150737
34,1467,1501,0.15224657405411415
36,1470,1506,0.15225765996948715
38,1471,1509,0.15226197258067437
39,1474,1513,0.152259992320899
40,1472,1512,0.15225515833171704
39,1466,1505,0.15224773247597267
39,1464,1503,0.15224376519422445
36,1476,1512,0.15224007808953874
36,1478,1514,0.15224580183989253
37,1471,1508,0.15225117035731084
35,1474,1509,0.15225311272111156
37,1480,1517,0.15226081632358898
38,1486,1524,0.15226206986050925
40,1472,1512,0.1522601545398681
38,1481,1519,0.15225236507503614
39,1477,1516,0.1522511943854854
41,1473,1514,0.15224712123829348
39,1461,1500,0.1522373551400446
41,1463,1504,0.15223405663503903
41,1472,1513,0.15222489087209293
43,1474,1517,0.15221636351491058
40,1479,1519,0.15220248333320874
39,1468,1507,0.15219815988392205
37,1466,1503,0.152197218867318
38,1473,1511,0.15220247053771485
38,1462,1500,0.15220434856579984
38,1467,1505,0.1522061370411188
37,1461,1498,0.15220780344407944
37,1478,1515,0.15221214007587747
38,1492,1530,0.1522161572007914
39,1489,1528,0.1522169657865425
38,1497,1535,0.15221457083575113
39,1490,1529,0.15221517941952062
40,1495,1535,0.1522128618584333
40,1480,1520,0.15220773007032823
40,1476,1516,0.1522028472239417
38,1473,1511,0.15219826192818908
39,1473,1512,0.15219989266470121
39,1468,1507,0.15219835960138173
36,1464,1500,0.15219691278815997
36,1468,1504,0.1522043492510781
36,1481,1517,0.15221130528312535
36,1472,1508,0.15221804698836458
34,1479,1513,0.1522243634527476
34,1473,1507,0.1522362179391968
33,1479,1512,0.15224728609736538
31,1486,1517,0.15226064727144664
30,1490,1520,0.152278922679672
28,1496,1524,0.15229902471441117
28,1498,1526,0.15232377194483415
29,1485,1514,0.15234691494741479
31,1476,1507,0.1523655374587397
28,1475,1503,0.15237687560882193
25,1473,1498,0.15239671835451646
24,1486,1510,0.1524243942660149
24,1492,1516,0.15245318848045236
24,1491,1515,0.15248027458432706
24,1496,1520,0.15250567571490922
25,1507,1532,0.1525295266576483
24,1504,1528,0.15254883751267898
23,1501,1524,0.15257003338205224
24,1488,1512,0.1525930782097492
24,1481,1505,0.1526116863208001
24,1488,1512,0.15262916508483004
23,1485,1508,0.15264558091213215
23,1483,1506,0.15266392954862248
22,1477,1499,0.1526811600088882
22,1492,1514,0.1527006295727108
21,1495,1516,0.1527188972680817
20,1515,1535,0.15273916430282436
19,1508,1527,0.15276130530598683
18,1512,1530,0.15278516284201943
16,1504,1520,0.1528106915640322
17,1507,1524,0.15284078081491023
18,1511,1529,0.15286602036090755
18,1514,1532,0.15288660480754984
19,1506,1525,0.15290594481273
19,1501,1520,0.15292101276283612
20,1497,1517,0.15293514710361072
19,1499,1518,0.15294546473823153
19,1491,1510,0.15295820180396533
19,1481,1500,0.1529701533913447
19,1487,1506,0.15298132716984056
17,1489,1506,0.1529918581714844
16,1490,1506,0.1530078160669638
16,1494,1510,0.15302588313857002
14,1492,1506,0.1530429947961441
14,1494,1508,0.15306502757844867
14,1494,1508,0.153085740885831
14,1481,1495,0.15310518623710767
14,1489,1503,0.15312344281805487
14,1483,1497,0.15314058550216741
14,1497,1511,0.15315668421009476
14,1499,1513,0.15317180417012494
13,1508,1521,0.15318600626322573
13,1510,1523,0.15320236285527186
13,1511,1524,0.15321773018290788
13,1516,1529,0.15323216794397798
13,1502,1515,0.15324573172856057
13,1497,1510,0.1532584749498792
12,1482,1494,0.15327044793266695
12,1485,1497,0.15328456548205963
13,1485,1498,0.15329785421142306
12,1489,1501,0.15330740942202373
12,1494,1506,0.15331939379850618
12,1510,1522,0.15333063054516888
12,1515,1527,0.1533411851947686
12,1510,1522,0.1533511014187985
12,1500,1512,0.1533604188935177
12,1499,1511,0.15336917447588727
12,1495,1507,0.15337740257610422
12,1498,1510,0.15338534240323062
12,1505,1517,0.1533927989241224
11,1513,1524,0.15339980912087892
12,1513,1525,0.153409548660865
12,1511,1523,0.15341551999545794
12,1505,1517,0.1534211412647928
12,1493,1505,0.15342642693255185
12,1490,1502,0.15343139652552695
13,1504,1517,0.15343606888812958
13,1499,1512,0.15343728776534965
13,1494,1507,0.15343826620956388
13,1491,1504,0.1534391940566258
13,1494,1507,0.1534400717748249
13,1495,1508,0.15344090047153788
12,1514,1526,0.15344168234608815
12,1510,1522,0.15344532937331137
12,1510,1522,0.15344881927405718
11,1518,1529,0.1534521067190021
11,1505,1516,0.1534583276602695
11,1509,1520,0.15346416284742323
11,1500,1511,0.15346964202995245
11,1513,1524,0.15347475375316783
11,1509,1520,0.1534795579190497
11,1500,1511,0.1534840714066323
11,1494,1505,0.15348831203913957
11,1494,1505,0.1534922966324348
11,1509,1520,0.15349604089664406
11,1514,1525,0.15349955953248207
11,1530,1541,0.15350286631201618
11,1528,1539,0.15350597414355385
11,1520,1531,0.15350889512859545
11,1501,1512,0.1535116406143076
12,1512,1524,0.15351422124257355
13,1503,1516,0.1535135021670488
12,1511,1523,0.15350974280037763
13,1509,1522,0.15350919273202546
11,1514,1525,0.15350572426359418
11,1516,1527,0.15350853171910506
12,1512,1524,0.15351115018861397
13,1508,1521,0.15351063941549956
13,1514,1527,0.15350698555893189
13,1518,1531,0.1535035659751248
12,1516,1528,0.15350035953402044
11,1515,1526,0.15350039900850934
11,1509,1520,0.15350338793392976
11,1507,1518,0.15350632161344976
11,1513,1524,0.15350920399493137
12,1526,1538,0.15351185667107498
13,1514,1527,0.15351119202748392
14,1506,1520,0.15350747559438435
14,1523,1537,0.15350086495351373
14,1510,1524,0.15349476631030665
14,1510,1524,0.15348904003137218
14,1500,1514,0.15348366314539152
14,1510,1524,0.15347848749126677
13,1518,1531,0.15347363766855726
15,1502,1517,0.15347223111854394
14,1492,1506,0.153464642682231
15,1488,1503,0.15346052178270173
16,1485,1501,0.15345365807170708
16,1508,1524,0.15344407602363808
15,1500,1515,0.15343509722641557
16,1497,1513,0.15342971024439775
17,1495,1512,0.15342173492546532
17,1506,1523,0.1534112678944356
16,1499,1515,0.1534014592841781
13,1501,1514,0.1533952028312622
13,1510,1523,0.15339864991222024
13,1506,1519,0.15340185848872065
14,1501,1515,0.1534048569998125
14,1492,1506,0.15340464593779785
14,1491,1505,0.15340445388263485
13,1498,1511,0.15340427054627628
13,1493,1506,0.15340704792143328
14,1499,1513,0.15340967868300992
14,1509,1523,0.15340914312954712
15,1499,1514,0.15340861342767048
15,1493,1508,0.15340499828834314
15,1494,1509,0.1534016143542687
15,1504,1519,0.15339844617066448
15,1498,1513,0.1533954776950787
14,1497,1511,0.15339265749720363
15,1504,1519,0.15339299784229238
15,1506,1521,0.15339032050305096
16,1499,1515,0.15338782445309168
16,1493,1509,0.15338250441123702
16,1499,1515,0.15337748493990222
16,1502,1518,0.15337277215513434
16,1509,1525,0.15336834837932778
16,1512,1528,0.15336419554042408
16,1509,1525,0.15336029658569175
15,1502,1517,0.15335663558680804
15,1497,1512,0.1533562397919816
15,1492,1507,0.15335586663659723
15,1501,1516,0.15335555493814232
15,1499,1514,0.15335524856719868
15,1498,1513,0.1533549447437079
15,1501,1516,0.15335466902537737
15,1506,1521,0.1533544069313105
14,1512,1526,0.1533541573007419
12,1509,1521,0.1533570491582302
13,1496,1509,0.15336601407826042
12,1497,1509,0.15337126854406147
12,1507,1519,0.15337932165058363
11,1505,1516,0.15338687449580818
12,1503,1515,0.1533970049478411
12,1502,1514,0.15340347055840192
11,1494,1505,0.15340954854808864
10,1498,1508,0.15341839774199736
9,1498,1507,0.15342970335888953
9,1484,1493,0.153443501093628
9,1486,1495,0.15345646530848728
9,1499,1508,0.15346864911287997
8,1501,1509,0.1534800997518472
9,1506,1515,0.1534938307805
9,1498,1507,0.15350378862784145
9,1512,1521,0.15351312657715802
9,1503,1512,0.15352190257924714
9,1502,1511,0.15353015194355804
9,1500,1509,0.15353790678654486
9,1507,1516,0.1535451970473901
9,1514,1523,0.15355211722450263
7,1508,1515,0.15355865551577352
8,1512,1520,0.1535710046136584
8,1520,1528,0.15357959217035222
8,1508,1516,0.15358768218648966
8,1489,1497,0.15359529275457218
8,1506,1514,0.15360245147513948
7,1507,1514,0.1536091845951739
7,1496,1503,0.15361848359757058
7,1509,1516,0.15362725308027145
7,1511,1518,0.153635499173935
7,1520,1527,0.15364325156767442
7,1525,1532,0.15365053968972942
7,1518,1525,0.15365739149948296
7,1506,1513,0.1536638333203869
7,1503,1510,0.15366988987587812
7,1508,1515,0.15367558536500733
8,1502,1510,0.1536809000213811
9,1509,1518,0.1536827519885036
9,1504,1513,0.153681511864072
9,1497,1506,0.15368033125050407
9,1502,1511,0.15367922708475845
9,1495,1504,0.15367819467267643
8,1504,1512,0.15367722903554942
8,1515,1523,0.1536793106989508
8,1516,1524,0.15368129737035638
10,1525,1535,0.1536831668630222
10,1517,1527,0.15367884397133158
10,1512,1522,0.15367479266390446
10,1505,1515,0.15367099605710244
10,1514,1524,0.15366743656865933
11,1510,1521,0.15366409833116135
11,1509,1520,0.1536579435501858
11,1514,1525,0.1536521747270322
11,1512,1523,0.1536467662635726
12,1513,1525,0.15364169519616266
11,1511,1522,0.15363399104775396
11,1516,1527,0.15362974498651977
11,1525,1536,0.15362580191507413
11,1528,1539,0.15362207147279094
12,1517,1529,0.1536185746747982
12,1521,1533,0.15361225128934095
11,1502,1513,0.1536063490696882
11,1517,1528,0.15360384472917368
10,1505,1515,0.15360146894852902
10,1502,1512,0.15360222630332615
10,1498,1508,0.15360292232471795
10,1492,1502,0.15360356918455872
10,1499,1509,0.15360417102497012
11,1504,1515,0.1536047316646406
11,1508,1519,0.1536022499779808
10,1497,1507,0.153599932403547
11,1496,1507,0.153600694966645
12,1490,1502,0.15359849183115323
11,1500,1511,0.15359348631641148
12,1498,1510,0.15359179862791408
12,1499,1511,0.15358709694705389
12,1499,1511,0.15358271551973363
12,1498,1510,0.1535786152597617
12,1505,1517,0.15357477316968055
11,1505,1516,0.1535711706625432
11,1499,1510,0.15357086828717065
11,1491,1502,0.15357055736311837
12,1508,1520,0.1535702574439442
12,1516,1528,0.1535667571145273
13,1511,1524,0.15356347142931215
13,1501,1514,0.15355730015871658
13,1508,1521,0.15355140524043764
13,1510,1523,0.15354592878616138
13,1498,1511,0.15354079267644422
13,1495,1508,0.15353597113930934
13,1511,1524,0.1535314437387231
13,1517,1530,0.1535271919444614
14,1505,1519,0.15352319855609045
14,1510,1524,0.1535165562717417
14,1500,1514,0.15351031113774394
14,1496,1510,0.15350445898785575
13,1511,1524,0.1534989734778544
13,1500,1513,0.15349685305116473
13,1499,1512,0.15349483645281273
12,1494,1506,0.15349279202665983
13,1512,1525,0.1534939296157699
13,1511,1524,0.1534919311526898
13,1512,1525,0.15349007751215255
13,1503,1516,0.15348833897808692
13,1515,1528,0.15348670580761034
13,1524,1537,0.15348517085139457
12,1516,1528,0.15348372789028733
13,1508,1521,0.15348531916994995
13,1512,1525,0.1534837724093127
13,1511,1524,0.15348231670366702
12,1494,1506,0.15348094454969918
12,1508,1520,0.1534826199723754
13,1517,1530,0.1534842250651369
12,1508,1520,0.1534825278615445
11,1503,1514,0.1534838894789466
10,1506,1516,0.1534880871236899
10,1497,1507,0.15349499467983355
10,1504,1514,0.15350153547223003
10,1504,1514,0.15350768665881595
11,1504,1515,0.15351346503933516
10,1512,1522,0.15351570887674287
10,1515,1525,0.15352081913664914
10,1510,1520,0.15352566458694158
10,1502,1512,0.1535302265693471
11,1505,1516,0.153534517352321
11,1504,1515,0.15353542782581023
11,1502,1513,0.15353629933000243
11,1508,1519,0.15353711794067496
11,1517,1528,0.15353788622792666
11,1508,1519,0.15353857538236956
10,1503,1513,0.15353922254918642
10,1506,1516,0.1535429692620599
8,1501,1509,0.15354646970615388
8,1500,1508,0.15355612231541155
8,1500,1508,0.1535651852938631
9,1507,1516,0.15357370258397712
9,1510,1519,0.15357853790909826
9,1519,1528,0.15358309865747505
9,1518,1527,0.15358739146406075
9,1516,1525,0.1535914292374038
9,1507,1516,0.15359521303356827
8,1507,1515,0.1535987737107269
8,1508,1516,0.15360526312988174
8,1511,1519,0.15361134297622087
7,1514,1521,0.15361705580759055
8,1509,1517,0.15362547647362604
8,1508,1516,0.15363028322321604
8,1503,1511,0.1536348359879453
9,1495,1504,0.15363912583594466
9,1492,1501,0.15364002925493178
8,1502,1510,0.1536408986553349
8,1500,1508,0.15364484666106332
9,1500,1509,0.15364854437397746
8,1519,1527,0.15364882930356372
8,1516,1524,0.15365226522730274
8,1515,1523,0.15365547918280958
7,1507,1514,0.15365849720142954
7,1512,1519,0.15366451625309124
8,1521,1529,0.15367016333257585
8,1522,1530,0.15367225952986163
9,1509,1518,0.15367423949173223
8,1500,1508,0.1536729125116547
8,1512,1520,0.153674839119342
8,1513,1521,0.15367665008128303
6,1517,1523,0.15367836273150848
6,1510,1516,0.15368630104281067
5,1500,1505,0.15369377315806798
4,1504,1508,0.1537039895485925
4,1505,1509,0.15371679226455512
4,1494,1498,0.1537288300764739
3,1497,1500,0.15374015334634436
3,1499,1502,0.15375401936411293
3,1517,1520,0.15376705128817206
3,1521,1524,0.1537793071403557
3,1515,1518,0.15379083621912767
3,1511,1514,0.1538016825840741
3,1516,1519,0.1538118869965058
3,1512,1515,0.15382148757028888
3,1522,1525,0.15383052007444142
3,1530,1533,0.15383901812506637
2,1520,1522,0.15384701333417433
2,1521,1523,0.15385774615760345
2,1517,1519,0.15386783835827642
1,1510,1511,0.1538773320824279
2,1515,1517,0.1538894886017129
3,1505,1508,0.1538976883301101
3,1520,1523,0.1539021849230415
3,1507,1510,0.1539064278103558
3,1506,1509,0.15391042306592265
3,1509,1512,0.1539141842047228
3,1516,1519,0.15391772465407136
3,1519,1522,0.15392105713138046
3,1535,1538,0.153924193636511
3,1517,1520,0.15392714549924066
3,1521,1524,0.15392992342099238
3,1512,1515,0.1539325375095002
2,1508,1510,0.15393499730935414
3,1511,1514,0.15394053021346987
3,1511,1514,0.153942504889812
3,1510,1513,0.15394437122738977
3,1512,1515,0.1539461283574354
4,1498,1502,0.15394778202419662
4,1490,1494,0.1539461102402394
4,1499,1503,0.15394455105753743
4,1513,1517,0.15394308992983757
4,1517,1521,0.1539417191676563
4,1507,1511,0.15394043261023482
4,1499,1503,0.15393922471950489
4,1509,1513,0.15393809038980152
4,1518,1522,0.1539370248901599
4,1508,1512,0.15393602383205002
4,1505,1509,0.15393508314204837
4,1507,1511,0.1539341990359737
4,1520,1524,0.1539333679944222
4,1514,1518,0.15393258674011182
4,1511,1515,0.15393185221729064
4,1509,1513,0.15393116157324782
4,1500,1504,0.15393051214181427
4,1506,1510,0.1539299014286631
5,1509,1514,0.15392932709819537
5,1516,1521,0.1539255730592747
5,1513,1518,0.15392205477077817
5,1510,1515,0.15391875106179925
4,1512,1516,0.1539156480532924
3,1513,1516,0.15391593884436994
3,1526,1529,0.1539194092016082
3,1518,1521,0.15392266143316188
3,1509,1512,0.1539257155134301
3,1512,1515,0.15392858445740473
3,1506,1509,0.15393127997144912
3,1519,1522,0.15393381297119693
4,1522,1526,0.1539361936387406
4,1515,1519,0.1539352029683245
4,1496,1500,0.1539342813864911
4,1499,1503,0.15393341853672543
4,1508,1512,0.15393260931060293
4,1507,1511,0.1539318499238066
4,1499,1503,0.15393113706962314
3,1498,1501,0.15393046771941135
3,1509,1512,0.153933056331147
2,1508,1510,0.15393548309346253
2,1503,1505,0.1539409888127385
2,1511,1513,0.15394615960886715
2,1504,1506,0.1539510191214391
2,1514,1516,0.15395558730673806
2,1506,1508,0.15395988217390033
2,1506,1508,0.15396392045085386
2,1504,1506,0.1539677177765341
2,1505,1507,0.1539712887901609
2,1500,1502,0.1539746471991441
2,1519,1521,0.15397780584140974
2,1529,1531,0.15398077674457575
2,1517,1519,0.1539835711818312
1,1516,1517,0.15398619972411867
1,1529,1530,0.1539919116794005
1,1516,1517,0.15399728001209062
1,1513,1514,0.15400232840484382
1,1521,1522,0.1540070765832179
1,1527,1528,0.15401154253493599
1,1514,1515,0.15401574311951105
1,1517,1518,0.15401969420029174
1,1512,1513,0.1540234106977205
1,1522,1523,0.1540269066347689
1,1515,1516,0.15403019518445135
1,1510,1511,0.1540332887188339
1,1507,1508,0.15403619885775627
1,1532,1533,0.15403893651591513
1,1529,1530,0.15404151194753635
1,1520,1521,0.15404393478830036
2,1518,1520,0.15404621409446143
3,1525,1528,0.15404511240775218
3,1529,1532,0.15404084547614436
3,1524,1527,0.15403684744460314
3,1533,1536,0.1540330940659752
3,1514,1517,0.15402956848719637
3,1520,1523,0.15402625600447364
3,1506,1509,0.15402314312269913
3,1503,1506,0.15402021732344046
3,1506,1509,0.15401746696276736
3,1506,1509,0.15401488119592288
3,1515,1518,0.15401244991150867
3,1507,1510,0.15401016367206416
3,1515,1518,0.15400801366025824
3,1520,1523,0.15400599163028061
3,1518,1521,0.1540040898640253
3,1511,1514,0.15400230113162278
3,1515,1518,0.15400061865585277
3,1520,1523,0.1539990360799839
3,1528,1531,0.15399754743861493
3,1523,1526,0.15399614713114052
3,1517,1520,0.15399482989751254
3,1518,1521,0.15399359079601385
3,1514,1517,0.1539924251828055
2,1511,1513,0.1539913286930451
2,1507,1509,0.1539935212510701
2,1508,1510,0.15399557508016115
2,1509,1511,0.15399750383721675
2,1522,1524,0.15399931612045403
2,1508,1510,0.15400101928162094
2,1509,1511,0.15400262011290589
2,1514,1516,0.15400412495755375
2,1519,1521,0.1540055397420354
2,1509,1511,0.1540068700016548
2,1519,1521,0.1540081209068017
2,1514,1516,0.15400929728908255
2,1506,1508,0.15401040366634497
2,1500,1502,0.15401144426605748
2,1491,1493,0.15401242304683108
2,1499,1501,0.15401334371807013
2,1513,1515,0.15401420975784633
2,1513,1515,0.15401502442914597
2,1505,1507,0.15401579079465766
2,1513,1515,0.15401651173026315
2,1515,1517,0.1540171899373835
2,1523,1525,0.1540178279543135
2,1516,1518,0.15401842816666178
2,1520,1522,0.15401899281699477
2,1525,1527,0.15401952401377078
2,1521,1523,0.15402002373963622
2,1520,1522,0.1540204938591458
2,1509,1511,0.15402093612595955
1,1513,1514,0.15402135218956375
1,1511,1512,0.15402498201939221
1,1522,1523,0.15402839074617758
1,1523,1524,0.15403159508120903
1,1526,1527,0.15403460792250828
1,1539,1540,0.15403744096798036
1,1541,1542,0.1540401051644534
1,1529,1530,0.15404261076830447
1,1531,1532,0.1540449673819235
1,1528,1529,0.15404718399547102
1,1517,1518,0.15404926902957525
1,1526,1527,0.15405123037580862
1,1525,1526,0.15405307543402208
1,1525,1526,0.15405481114652228
1,1510,1511,0.1540564440293334
1,1511,1512,0.15405798020082984
1,1514,1515,0.15405942540801212
1,1510,1511,0.15406078505067422
1,1510,1511,0.15406206420368346
1,1515,1516,0.15406326763756875
1,1517,1518,0.1540643998375898
1,1527,1528,0.15406546502143634
1,1521,1522,0.15406646715568972
1,1514,1515,0.15406740997115917
1,1512,1513,0.15406829697719326
1,1502,1503,0.1540691314750527
1,1506,1507,0.1540699165704209
1,1502,1503,0.15407065518512006
1,1501,1502,0.15407135006809194
1,1506,1507,0.1540720038056978
1,1516,1517,0.15407261883138454
1,1505,1506,0.1540731974347613
1,1496,1497,0.1540737417701261
1,1500,1501,0.15407425386447776
1,1504,1505,0.1540747356250476
1,1505,1506,0.15407518884638022
1,1510,1511,0.1540756152169923
1,1501,1502,0.15407601632563533
1,1508,1509,0.1540763936671864
1,1512,1513,0.1540767486481904
1,1503,1504,0.15407708259207376
1,1521,1522,0.15407739674405
1,1526,1527,0.1540776922757358
1,1521,1522,0.15407797028949424
1,1516,1517,0.15407823182252206
1,1517,1518,0.15407847785069548
1,1518,1519,0.15407870929218992
1,1508,1509,0.15407892701088535
1,1520,1521,0.15407913181957208
1,1509,1510,0.15407932448296652
1,1511,1512,0.15407950572054996
1,1524,1525,0.1540796762092396
1,1522,1523,0.1540798365859024
1,1527,1528,0.15407998744972065
1,1517,1518,0.15408012936441806
1,1515,1516,0.15408026286035473
1,1516,1517,0.15408038843649835
1,1507,1508,0.15408050656227956
1,1505,1506,0.1540806176793375
1,1512,1513,0.15408072220316263
1,1528,1529,0.15408082052464253
1,1530,1531,0.15408091301151647
1,1528,1529,0.15408100000974442
1,1522,1523,0.15408108184479483
1,1514,1515,0.1540811588228567
1,1520,1521,0.15408123123198003
1,1524,1525,0.15408129934314896
1,1533,1534,0.15408136341129133
1,1526,1527,0.15408142367622904
1,1527,1528,0.15408148036357167
1,1523,1524,0.15408153368555808
1,1529,1530,0.15408158384184736
1,1517,1518,0.154081631020264
1,1509,1510,0.15408167539749823
1,1518,1519,0.1540817171397654
1,1512,1513,0.1540817564034263
1,1508,1509,0.1540817933355706
1,1525,1526,0.15408182807456627
1,1518,1519,0.15408186075057576
1,1522,1523,0.15408189148604254
1,1525,1526,0.15408192039614804
1,1527,1528,0.15408194758924207
1,1534,1535,0.15408197316724764
1,1534,1535,0.15408199722604166
1,1534,1535,0.1540820198558135
1,1526,1527,0.15408204114140184
1,1524,1525,0.15408206116261194
1,1522,1523,0.15408207999451404
1,1503,1504,0.15408209770772377
1,1512,1513,0.1540821143686668
1,1524,1525,0.15408213003982685
1,1518,1519,0.15408214477997936
1,1519,1520,0.1540821586444117
1,1522,1523,0.15408217168512983
1,1508,1509,0.1540821839510529
1,1519,1520,0.15408219548819646
1,1520,1521,0.15408220633984449
1,1520,1521,0.1540822165467117
1,1525,1526,0.1540822261470956
1,1522,1523,0.15408223517702024
1,1527,1528,0.15408224367037074
1,1515,1516,0.15408225165902067
1,1519,1520,0.15408225917295082
1,1524,1525,0.15408226624036203
1,1515,1516,0.15408227288778048
1,1527,1528,0.1540822791401572
1,1526,1527,0.1540822850209617
1,1521,1522,0.15408229055226944
1,1521,1522,0.15408229575484517
1,1507,1508,0.1540823006482202
1,1506,1507,0.15408230525076605
1,1514,1515,0.15408230957976288
1,1523,1524,0.15408231365146466
1,1522,1523,0.15408231748115975
1,1517,1518,0.15408232108322859
1,1514,1515,0.1540823244711972
1,1501,1502,0.15408232765778837
1,1505,1506,0.1540823306549688
1,1496,1497,0.15408233347399453
1,1506,1507,0.15408233612545277
1,1502,1503,0.15408233861930187
1,1499,1500,0.15408234096490847
1,1500,1501,0.1540823431710827
1,1519,1520,0.15408234524611125
1,1513,1514,0.15408234719778854
0,1528,1528,0.1540823490334458
