1372,31,1403,0.13584069987724154
1410,29,1439,0.13300810044325154
1438,29,1467,0.1303175247512588
1442,28,1470,0.12778765578136747
1442,28,1470,0.12547066205149535
1444,28,1472,0.12335990742074135
1450,30,1480,0.12143223328819935
1450,32,1482,0.11965929524783141
1449,29,1478,0.1180438305465345
1457,30,1487,0.11657427520877789
1450,29,1479,0.11521621345478518
1467,31,1498,0.11399581303745997
1468,32,1500,0.11284277152557792
1456,32,1488,0.11179019696326987
1450,32,1482,0.11085957671724525
1467,32,1499,0.11002570986603802
1457,30,1487,0.10922712895532959
1447,32,1479,0.10852277540941241
1464,28,1492,0.10790409909416124
1466,28,1494,0.10730200014399421
1464,30,1494,0.10674883527906769
1458,30,1488,0.10624972040834173
1457,31,1488,0.10580820311237601
1442,32,1474,0.10540803197148023
1455,32,1487,0.10507674623422096
1469,32,1501,0.10474645079522421
1466,34,1500,0.1044147606972757
1464,33,1497,0.10411947712889955
1471,34,1505,0.1038550527802376
1480,31,1511,0.10359875580384578
1476,31,1507,0.10334550520404491
1457,31,1488,0.10312372203389387
1457,29,1486,0.1029630970880344
1469,32,1501,0.10281684611002823
1473,34,1507,0.10265766614817
1464,33,1497,0.1025044321764117
1474,34,1508,0.1023839130469327
1462,35,1497,0.10225272016152273
1460,37,1497,0.10215873001166259
1451,38,1489,0.1020774944915261
1455,38,1493,0.10202291179509622
1470,38,1508,0.10196484834822105
1466,38,1504,0.10187968455924189
1452,40,1492,0.10181088550376724
1474,42,1516,0.10177832494277218
1452,40,1492,0.10170145948788083
1463,38,1501,0.1016782471132568
1465,39,1504,0.10163407347016666
1459,41,1500,0.10158950602120688
1460,42,1502,0.1015615794633046
1450,42,1492,0.10153391309952794
1456,41,1497,0.1015302221422624
1453,42,1495,0.10151409328078317
1457,41,1498,0.1015058248678137
1462,42,1504,0.10148958204380566
1459,45,1504,0.1014638722557218
1458,44,1502,0.10144692318758604
1458,43,1501,0.10143358496083027
1453,44,1497,0.10142119622980045
1453,44,1497,0.10142074488390573
1452,42,1494,0.10142032049532096
1450,40,1490,0.10142234603825923
1444,40,1484,0.10142845015752049
1448,39,1487,0.10144653449403601
1441,39,1480,0.1014550780230732
1442,42,1484,0.10147764123461328
1453,42,1495,0.10149613563352125
1451,44,1495,0.10148943614371227
1450,41,1491,0.10148759415367259
1452,41,1493,0.10148815085222035
1449,44,1493,0.10148398673002727
1435,43,1478,0.10148646228768805
1443,43,1486,0.10151830126990999
1454,45,1499,0.10153050015909543
1462,45,1507,0.1015179202342052
1456,47,1503,0.10148934714788638
1457,47,1504,0.10147642299909937
1458,45,1503,0.1014627819410659
1453,44,1497,0.10144797664649136
1447,44,1491,0.1014454587860886
1450,45,1495,0.10145609547137266
1456,45,1501,0.10145944739734591
1458,46,1504,0.10144976257153208
1458,46,1504,0.10143673459729548
1451,47,1498,0.10142448295647309
1449,48,1497,0.1014282487308866
1448,50,1498,0.1014362091623659
1450,50,1500,0.10144574904823472
1438,51,1489,0.1014498372501082
1434,49,1483,0.101479464417095
1444,49,1493,0.10151530162729473
1443,53,1496,0.1015265841889579
1442,52,1494,0.10153879881068885
1455,51,1506,0.10155195639952684
1463,54,1517,0.10153595523035824
1439,52,1491,0.10150440693172763
1434,54,1488,0.10152723297252422
1432,57,1489,0.10155833376383246
1444,57,1501,0.10159090380585094
1441,57,1498,0.10159521007777514
1434,58,1492,0.10160577540523548
1436,57,1493,0.10163011670110719
1423,56,1479,0.10164791971951186
1438,57,1495,0.101692056099655
1430,57,1487,0.10170062450095965
1436,57,1493,0.10172532673018367
1440,52,1492,0.10173509104030583
1435,52,1487,0.10173521518079824
1423,52,1475,0.10174630424014626
1426,54,1480,0.10178200536892128
1416,55,1471,0.10180832098467793
1409,56,1465,0.10185417863310514
1416,56,1472,0.10191088469385462
1426,60,1486,0.1019476066793592
1425,63,1488,0.10195964296672029
1416,60,1476,0.10197275324186965
1431,62,1493,0.10200429229063786
1435,60,1495,0.10200094563291218
1440,62,1502,0.10198869355204852
1436,64,1500,0.10196715153073214
1439,61,1500,0.10195601236940799
1442,60,1502,0.10193941791596316
1445,60,1505,0.1019173587422409
1437,59,1496,0.10189073327078389
1439,59,1498,0.10188395644305594
1441,58,1499,0.10187361913504833
1436,62,1498,0.10186011904533313
1440,65,1505,0.10185837380150292
1431,66,1497,0.10184844283491462
1421,63,1484,0.10185874348637429
1442,65,1507,0.10188948354987101
1436,65,1501,0.10187260232685577
1449,65,1514,0.10186975491457005
1441,66,1507,0.10183934608754376
1443,68,1511,0.10182861940715021
1442,70,1512,0.10181449961230761
1433,70,1503,0.10180380173036843
1424,71,1495,0.10181333205222166
1424,72,1496,0.10184123836357971
1424,73,1497,0.10186664360645774
1432,75,1507,0.10188979198168138
1427,77,1504,0.10189439346150568
1425,77,1502,0.10190922080169247
1434,79,1513,0.10192687642737835
1428,78,1506,0.1019239365549733
1416,78,1494,0.10193386564723925
1412,79,1491,0.10196897789196167
1412,80,1492,0.10200933507115986
1412,81,1493,0.10204611908458944
1394,82,1476,0.10208020087653744
1403,83,1486,0.10214975333841216
1403,87,1490,0.10219392728885346
1402,88,1490,0.10223469884719744
1394,89,1483,0.10227399565747579
1402,87,1489,0.1023272782024427
1398,88,1486,0.10235865418555244
1395,90,1485,0.10239593340866854
1396,87,1483,0.1024363731060787
1394,91,1485,0.10247095107057977
1390,96,1486,0.10250661717419561
1395,97,1492,0.10254780551367355
1393,95,1488,0.10257493758794495
1405,91,1496,0.10260442082469744
1407,90,1497,0.1026053182041488
1398,89,1487,0.10260195738783022
1397,85,1482,0.10261856983739846
1389,89,1478,0.10263570434173129
1399,86,1485,0.10266878809355547
1412,85,1497,0.10267704765636923
1414,85,1499,0.1026562326111753
1411,85,1496,0.1026331415253365
1416,85,1501,0.10261857053610778
1415,82,1497,0.10259420301173343
1415,83,1498,0.10257425501954794
1421,83,1504,0.10255653647457576
1427,86,1513,0.10252730804425092
1419,90,1509,0.10248784562845684
1420,90,1510,0.10246882350689894
1412,92,1504,0.10244903175381659
1404,93,1497,0.10244820047974386
1403,90,1493,0.10246472817370207
1401,89,1490,0.10248183039274927
1404,91,1495,0.1025022725349692
1409,92,1501,0.10251448555123258
1406,96,1502,0.10251470864722269
1415,95,1510,0.1025213971571079
1401,99,1500,0.10250880117165959
1416,97,1513,0.10252746184174566
1414,94,1508,0.10251229470708183
1409,97,1506,0.10250274124836235
1414,98,1512,0.10250478634927418
1407,102,1509,0.10249566399496665
1401,97,1498,0.1025021650318646
1407,97,1504,0.10252139634162007
1397,102,1499,0.10252617665886754
1400,103,1503,0.102552158262231
1402,103,1505,0.10256933113278585
1406,104,1510,0.102580547061689
1406,105,1511,0.10258266033228132
1417,107,1524,0.10258459656112738
1408,104,1512,0.1025623979630368
1399,107,1506,0.1025625045388309
1393,110,1503,0.1025816277216438
1402,110,1512,0.10261218555668032
1388,111,1499,0.1026203677011603
1397,110,1507,0.10265806414256858
1393,111,1504,0.10267275270388537
1393,110,1503,0.10269506172388025
1396,109,1505,0.10271520827968071
1373,109,1482,0.10272739214631682
1375,110,1485,0.10278807764436486
1377,104,1481,0.10283914744833787
1359,106,1465,0.1028816496034402
1367,107,1474,0.10295963253935568
1376,110,1486,0.10301365650137302
1379,109,1488,0.10304386772911134
1380,112,1492,0.10306482322638727
1391,108,1499,0.10308158500219249
1389,107,1496,0.10307256077834502
1386,110,1496,0.10306884844698944
1389,118,1507,0.10307173251551592
1381,118,1499,0.10306780328686901
1379,120,1499,0.10308183942053971
1382,114,1496,0.10309910412257026
1389,117,1506,0.10310799318564566
1384,117,1501,0.10310125694420293
1394,118,1512,0.1031058641771066
1383,118,1501,0.1030883111852717
1375,118,1493,0.10309647351033935
1362,118,1480,0.10312127385371887
1363,123,1486,0.10317181112260812
1361,124,1485,0.1032161115784675
1373,123,1496,0.10326106254114677
1355,122,1477,0.10327620061283603
1350,123,1473,0.10332880714427528
1360,120,1480,0.10338793965009486
1362,122,1484,0.103420339522434
1353,126,1479,0.10344540271688149
1355,129,1484,0.10348787606809214
1360,130,1490,0.10352254211157114
1361,131,1492,0.10354347591284511
1356,129,1485,0.10356000187729107
1359,130,1489,0.10358617074642039
1363,131,1494,0.10360381265552465
1364,131,1495,0.10361165214829895
1364,128,1492,0.10361700243842095
1362,123,1485,0.103621627295319
1369,124,1493,0.10363003934979373
1367,123,1490,0.10362188344505043
1345,129,1474,0.10361822118662413
1355,131,1486,0.10366315388705657
1368,129,1497,0.10368249434629448
1374,128,1502,0.10367197235104289
1370,130,1500,0.10364975659893952
1374,133,1507,0.10363804294489917
1370,134,1504,0.10361914336376461
1368,133,1501,0.10361045634213933
1350,131,1481,0.1036067044019941
1358,130,1488,0.1036420422014562
1365,134,1499,0.10365673201578562
1373,137,1510,0.1036550726445895
1364,139,1503,0.10363587933442173
1360,133,1493,0.10363816656017452
1355,132,1487,0.10364938590412535
1357,134,1491,0.10367062648950917
1355,136,1491,0.10368590269920092
1361,138,1499,0.10370440522167546
1367,135,1502,0.10370834755104613
1360,135,1495,0.10369918041387724
1358,136,1494,0.10370600892977182
1365,139,1504,0.10371599628623883
1362,136,1498,0.10370976748522966
1368,136,1504,0.10371079932637245
1365,137,1502,0.10369853235551481
1377,136,1513,0.10369431695765777
1382,135,1517,0.10366431168533113
1376,136,1512,0.10362640539240733
1370,137,1507,0.10360479883874607
1361,134,1495,0.10359841763642938
1350,142,1492,0.10361206337932127
1365,140,1505,0.10364856084872902
1351,137,1488,0.10364961464854897
1350,136,1486,0.10368110126502433
1357,134,1491,0.10371148140913236
1368,132,1500,0.10372397251026434
1354,132,1486,0.10371155436881545
1354,135,1489,0.10373076263665709
1359,138,1497,0.10374931384220548
1361,143,1504,0.10375497104190379
1361,144,1505,0.10375562080533005
1354,144,1498,0.10375592889180447
1368,144,1512,0.1037714550542448
1361,145,1506,0.1037553935954624
1352,144,1496,0.10375607225711608
1342,146,1488,0.10377617996738203
1356,145,1501,0.10381661027476756
1348,144,1492,0.10382292531986372
1350,144,1494,0.10384572938009307
1343,145,1488,0.10386291222664652
1351,145,1496,0.10389417374486831
1351,151,1502,0.10390557744339217
1342,150,1492,0.10391616690924745
1342,146,1488,0.10394498165598691
1340,152,1492,0.10397081304660057
1359,151,1510,0.10399857736410396
1354,154,1508,0.10398254092497788
1352,155,1507,0.10397912359838532
1354,155,1509,0.1039803995904251
1337,156,1493,0.10397793291611322
1333,151,1484,0.10401298379865594
1348,152,1500,0.10405372201374562
1338,157,1495,0.10405835982698126
1334,156,1490,0.1040841465835204
1328,155,1483,0.10411688446185038
1341,157,1498,0.10415973740308893
1350,159,1509,0.10417051298295785
1331,161,1492,0.10416073632083181
1347,157,1504,0.10419324404826508
1338,158,1496,0.10418800245732562
1345,156,1501,0.10420266712386841
1334,160,1494,0.1042005853141795
1330,159,1489,0.10422306873147655
1332,156,1488,0.10425199527389274
1327,160,1487,0.10427443637550253
1338,165,1503,0.10430605161112284
1352,168,1520,0.10431156985566947
1346,163,1509,0.1042856810466858
1326,158,1484,0.10427549167140587
1322,161,1483,0.10431072266886038
1333,157,1490,0.10435180563208196
1337,161,1498,0.10436555649770757
1343,158,1501,0.1043688836051528
1339,161,1500,0.10435812495598831
1339,159,1498,0.10435695593581995
1335,164,1499,0.104356670597349
1327,166,1493,0.10436511649435327
1331,166,1497,0.10438940449087696
1328,169,1497,0.10440280449321883
1313,169,1482,0.10442198000965941
1322,167,1489,0.104472229603692
1320,169,1489,0.10449851068780946
1318,172,1490,0.104526884532192
1320,171,1491,0.1045576211852553
1322,174,1496,0.10458164569000365
1316,176,1492,0.10459966271349003
1318,180,1498,0.10462967727832073
1320,184,1504,0.10465228416547998
1316,190,1506,0.10466887446277044
1311,186,1497,0.10469324816726833
1311,183,1494,0.10472574380196374
1310,182,1492,0.10475644799156596
1305,184,1489,0.10478577510020073
1314,178,1492,0.10482361749140573
1317,178,1495,0.10483882197456972
1323,184,1507,0.10484617313114311
1335,183,1518,0.10483904307482568
1316,177,1493,0.10480647636206233
1314,178,1492,0.10481836212887767
1319,180,1499,0.10483367951039624
1306,179,1485,0.10483680716336075
1302,183,1485,0.1048686297027266
1298,178,1476,0.10490674710785095
1306,186,1492,0.10495058901352142
1310,187,1497,0.10497346189766009
1316,189,1505,0.10498471271779647
1312,188,1500,0.10498248427705438
1316,185,1501,0.10498889611884621
1318,187,1505,0.10498628591945686
1317,189,1506,0.10497940906716088
1300,187,1487,0.1049756083055512
1311,189,1500,0.10500902132346654
1310,187,1497,0.10501555794717926
1314,190,1504,0.10502375125823381
1304,190,1494,0.10502336099006744
1304,193,1497,0.1050460916618284
1297,197,1494,0.10506684947391964
1303,199,1502,0.10510161859577767
1288,208,1496,0.10512048492565082
1293,209,1502,0.10517047072366995
1297,214,1511,0.10520537746988955
1297,206,1503,0.10522893660374816
1289,207,1496,0.10525063741297391
1299,204,1503,0.10528869893197262
1310,203,1513,0.10530162523656618
1302,202,1504,0.10528834445409181
1295,208,1503,0.10529415888220031
1299,207,1506,0.10531497617371752
1300,203,1503,0.10532514303866486
1305,203,1508,0.10533272115028758
1298,202,1500,0.10532900297982675
1299,198,1497,0.10534124457779999
1283,202,1485,0.10535007810060151
1283,203,1486,0.10539324989704689
1275,201,1476,0.10543258897197774
1284,206,1490,0.1054859848063396
1293,206,1499,0.10551456852700937
1298,215,1513,0.10552168418670468
1291,215,1506,0.10551800495649764
1296,217,1513,0.10553028249206829
1289,216,1505,0.1055310770593409
1293,219,1512,0.10554706454176696
1273,221,1494,0.10555283150901255
1273,227,1500,0.10560259229458137
1266,227,1493,0.10564786411358806
1267,228,1495,0.10570558892696652
1267,228,1495,0.10575666953072287
1270,227,1497,0.10580263689358228
1276,227,1503,0.10583805979929721
1260,231,1491,0.10585737356854011
1253,235,1488,0.10591055710346559
1256,237,1493,0.10597513335442497
1251,239,1490,0.10602785869384286
1254,239,1493,0.10608769956169514
1253,241,1494,0.10613623984464958
1243,242,1485,0.10618297183448973
1251,242,1493,0.10624765342059388
1255,247,1502,0.10629016157965761
1245,246,1491,0.10632002858954165
1250,246,1496,0.10636961401644676
1262,242,1504,0.10640456348695765
1266,247,1513,0.10640990935531452
1264,247,1511,0.10640603835120162
1245,252,1497,0.10640659809123569
1250,250,1500,0.10645027610574534
1243,256,1499,0.1064786109048876
1232,256,1488,0.10651930746584756
1231,256,1487,0.10658135637624554
1225,254,1479,0.10664101195746337
1213,256,1469,0.10670853751519464
1226,262,1488,0.10679845101870146
1223,266,1489,0.1068515724082922
1226,267,1493,0.10690687927431058
1233,265,1498,0.10695129988931196
1230,276,1506,0.10697673699055674
1243,269,1512,0.10700678187143403
1241,268,1509,0.10700555354937424
1229,269,1498,0.10700872986536929
1227,275,1502,0.10703929089011201
1225,280,1505,0.10707296351187004
1223,274,1497,0.10710702543169649
1221,279,1500,0.10714269962139063
1218,286,1504,0.10717976097619537
1219,285,1504,0.10722059822348966
1225,280,1505,0.10725489684321625
1224,287,1511,0.10727293615793317
1218,286,1504,0.10729237631201265
1213,283,1496,0.10732344925162288
1211,280,1491,0.10736376913636732
1213,287,1500,0.10740463186638859
1220,287,1507,0.10743790619540698
1216,296,1512,0.10745277763728972
1203,295,1498,0.10747576878278224
1191,296,1487,0.10752652109952926
1192,297,1489,0.10760039481688692
1196,300,1496,0.1076655928446131
1195,304,1499,0.10771612486787017
1195,306,1501,0.10776555796477336
1192,303,1495,0.10781095617333382
1174,305,1479,0.1078593136738483
1177,307,1484,0.10794371322110445
1182,307,1489,0.10801349994804205
1199,308,1507,0.108066988590482
1200,310,1510,0.1080777293131833
1195,310,1505,0.10808638861262011
1198,313,1511,0.10810599089371134
1194,317,1511,0.10811770794280241
1185,329,1514,0.1081383916643194
1194,322,1516,0.10817771195214214
1195,327,1522,0.10819385714839892
1176,322,1498,0.10820624956166609
1165,326,1491,0.10826180103876276
1154,332,1486,0.10833738227274335
1152,339,1491,0.10843237607984299
1149,336,1485,0.10852377946799628
1157,333,1490,0.10861533107380725
1149,331,1480,0.10868169696230794
1151,336,1487,0.10876050482745592
1155,333,1488,0.10882959895483663
1156,342,1498,0.10888421632462818
1169,335,1504,0.10893155311845608
1175,336,1511,0.10894500625236873
1166,345,1511,0.10894365595789449
1174,340,1514,0.10896368351995353
1177,343,1520,0.10896425215290659
1175,339,1514,0.10895818897695542
1167,340,1507,0.10895758382012839
1167,337,1504,0.10897516803445267
1153,335,1488,0.1089906096984019
1155,336,1491,0.10903542912167516
1158,339,1497,0.10907231629702746
1169,332,1501,0.10909890537613955
1173,334,1507,0.10909765126849189
1175,332,1507,0.10908732539713459
1176,332,1508,0.10907354962904162
1172,329,1501,0.1090583608085452
1160,333,1493,0.10905341097652223
1156,343,1499,0.10907665133271802
1156,336,1492,0.10910764725527958
1155,342,1497,0.10913617095847389
1162,342,1504,0.10916398599265925
1166,338,1504,0.10917418686966311
1168,339,1507,0.10917500387193269
1176,339,1515,0.1091706107138664
1174,337,1511,0.1091480281004416
1177,338,1515,0.10913299958689446
1170,335,1505,0.10911108754947574
1161,336,1497,0.10910657823341754
1166,336,1502,0.10912407785686852
1164,339,1503,0.10912839186240596
1159,342,1501,0.1091365186325178
1155,344,1499,0.1091555050523842
1155,341,1496,0.1091811974180418
1159,343,1502,0.10920421572581337
1151,343,1494,0.10921691630915
1162,338,1500,0.10924702887998856
1154,338,1492,0.10925060460494933
1165,340,1505,0.1092711124245756
1171,334,1505,0.10926551310371525
1167,340,1507,0.10924620422148035
1164,340,1504,0.10923726423220348
1165,340,1505,0.10923769527400456
1167,343,1510,0.10923486288004963
1158,346,1504,0.10922863525811241
1163,355,1518,0.10924445322495294
1165,349,1514,0.10924741898953304
1162,348,1510,0.10924548621432444
1163,340,1503,0.10925088928854834
1161,341,1502,0.10925362540514946
1158,346,1504,0.10925990980343071
1177,346,1523,0.10927201729690904
1158,346,1504,0.10924169974409233
1154,347,1501,0.10925772633789237
1153,350,1503,0.1092823194211859
1159,347,1506,0.10930577056362953
1160,347,1507,0.10931350046307715
1171,346,1517,0.10931820899378358
1159,344,1503,0.10929799538667773
1164,346,1510,0.10930610771804723
1160,346,1506,0.10930298793405738
1159,347,1506,0.1093095192811177
1155,349,1504,0.10931754484171106
1152,353,1505,0.10933353889961542
1151,354,1505,0.10935435932488664
1149,363,1512,0.10937469442604217
1151,362,1513,0.10939830118705035
1151,360,1511,0.10941576483974608
1148,359,1507,0.10943237309646932
1147,357,1504,0.10945534075276156
1148,357,1505,0.10947903794613349
1150,358,1508,0.10949810021882055
1154,359,1513,0.10951052404975631
1147,360,1507,0.10951285176671867
1154,364,1518,0.10953113414104985
1157,366,1523,0.10953262317453133
1156,371,1527,0.10952872051248158
1151,369,1520,0.10952876021815376
1138,371,1509,0.1095391641629001
1148,361,1509,0.10957858936125117
1153,362,1515,0.10959192607702008
1134,367,1501,0.10959264686982544
1137,372,1509,0.10963664372750444
1143,371,1514,0.10967071295691469
1144,369,1513,0.10968824839462009
1131,373,1504,0.10970244089902596
1126,376,1502,0.10974504979314335
1124,376,1500,0.10979645945805014
1123,382,1505,0.10984846591377975
1117,386,1503,0.10989898205558837
1121,393,1514,0.10995925312630885
1124,393,1517,0.11000611526380212
1105,394,1499,0.11004140077441792
1100,388,1488,0.11011722382573833
1103,392,1495,0.11019788157719156
1103,393,1496,0.11026466870487042
1106,384,1490,0.11032669812101947
1106,393,1499,0.11037644954860559
1108,387,1495,0.11042139130236167
1107,389,1496,0.11045990255964767
1106,395,1501,0.11049778169926255
1118,395,1513,0.1105337963406462
1116,390,1506,0.11053987041787348
1109,380,1489,0.1105502866077164
1108,381,1489,0.11057483555042232
1113,383,1496,0.11060031340782009
1097,391,1488,0.11061185044874641
1101,392,1493,0.11065960001001851
1106,395,1501,0.11069535788957316
1088,396,1484,0.11071729430666867
1085,397,1482,0.11077874530398887
1105,401,1506,0.11084227969937491
1101,404,1505,0.11085508286265501
1091,405,1496,0.11087692866921003
1085,410,1495,0.11092108470240836
1083,409,1492,0.11097590813845912
1077,411,1488,0.11103165673806452
1081,416,1497,0.11109617163611762
1089,414,1503,0.11114533798434088
1102,408,1510,0.11117182426861244
1081,409,1490,0.11116626160814576
1083,418,1501,0.11120978256568576
1084,419,1503,0.1112460706211635
1093,417,1510,0.1112774097850613
1080,416,1496,0.11128661395052704
1082,427,1509,0.11132570766833574
1084,433,1517,0.11135781014109948
1086,426,1512,0.11138172464804282
1078,429,1507,0.11139981525489911
1061,430,1491,0.11143447461179769
1083,432,1515,0.11150653057363996
1077,427,1504,0.1115235562764391
1078,426,1504,0.11155262324155965
1073,429,1502,0.11157776389623791
1077,429,1506,0.11161366552974661
1076,434,1510,0.1116374648793822
1079,433,1512,0.11166163992766075
1075,446,1521,0.11167737625055972
1087,442,1529,0.11170147009306866
1082,442,1524,0.11169635934097022
1074,441,1515,0.11170261698007142
1066,441,1507,0.1117257204794803
1065,439,1504,0.1117664017092332
1064,433,1497,0.11180456941043257
1057,432,1489,0.11184238708219983
1048,433,1481,0.11189354387006901
1048,438,1486,0.11196237063392606
1046,435,1481,0.11202635380885086
1060,433,1493,0.11208991451230506
1062,433,1495,0.11211531375613613
1061,428,1489,0.112134471140673
1071,434,1505,0.11215428785081255
1077,432,1509,0.11214974585188241
1080,433,1513,0.11213087493472049
1082,437,1519,0.11210625901065135
1066,428,1494,0.11207924733758542
1061,429,1490,0.11209142564820246
1053,439,1492,0.11211471210075619
1057,443,1500,0.11215510894046737
1049,445,1494,0.11218212719220853
1056,454,1510,0.11222579069096049
1057,458,1515,0.11225070843396175
1059,456,1515,0.11227317948258968
1047,457,1504,0.11228868762129272
1050,459,1509,0.11233059516721579
1042,455,1497,0.11236271379952284
1046,459,1505,0.11241034077345397
1044,453,1497,0.11244444697948033
1038,460,1498,0.1124819490531387
1026,459,1485,0.1125278651830368
1022,463,1485,0.11259908224105253
1029,467,1496,0.11267452104232721
1024,466,1490,0.11272758425158039
1031,466,1497,0.1127872134939674
1028,472,1500,0.11282548810475702
1029,471,1500,0.11286970970535683
1018,475,1493,0.11290890114041396
1016,477,1493,0.11296977938074988
1014,471,1485,0.11303085200867305
1018,470,1488,0.1130910619740098
1020,470,1490,0.11313690730852943
1027,473,1500,0.11317438213056576
1022,478,1500,0.11319305077609833
1020,481,1501,0.11322276091806786
1020,479,1499,0.11325576260565388
1022,478,1500,0.11328596979593467
1023,483,1506,0.11330879156598861
1007,487,1494,0.11332721512156986
1013,482,1495,0.11338200591168256
1011,479,1490,0.11341835577121533
1012,484,1496,0.1134572023631529
1009,490,1499,0.11349068186105264
1015,487,1502,0.11352857490965394
1017,490,1507,0.11354966988309012
1011,504,1515,0.11356498474793017
1010,498,1508,0.11359286725965938
1002,492,1494,0.11362181687562493
1005,500,1505,0.11366675589709657
1006,502,1508,0.11370047003005931
1009,500,1509,0.11373053976395255
1021,491,1512,0.11375209501672899
1026,482,1508,0.1137435823925953
1024,481,1505,0.11372385852808124
1025,489,1514,0.11371003225096932
1019,499,1518,0.11369518828293353
1005,496,1501,0.11369546722109333
995,499,1494,0.11372852813967821
989,498,1487,0.11378193382168753
991,507,1498,0.11384461987135328
992,508,1500,0.11389815743560515
983,504,1487,0.11394605827092288
976,502,1478,0.11401094174870377
979,508,1487,0.11408766263501409
980,511,1491,0.11415169375946714
983,523,1506,0.1142076187599547
998,527,1525,0.11425299892318913
987,519,1506,0.11426087125247665
984,521,1505,0.11429354612076047
983,531,1514,0.11433134193476237
976,529,1505,0.11436888025725697
972,535,1507,0.11441991835973693
974,534,1508,0.11447647736477425
969,533,1502,0.11452282244606708
969,523,1492,0.11457695035107364
970,518,1488,0.11462774183126097
967,529,1496,0.11467233867979353
967,528,1495,0.11472039947786401
959,527,1486,0.11476510802439881
955,532,1487,0.11482589919035234
965,537,1502,0.11489024614045636
974,528,1502,0.11492525360910158
963,534,1497,0.11493706840316847
966,537,1503,0.11497214351121916
962,537,1499,0.11499908575426346
961,536,1497,0.11503282054346599
958,537,1495,0.11506797387138738
954,537,1491,0.1151068661203383
957,539,1496,0.11514995594427521
966,537,1503,0.11518316244722136
969,528,1497,0.11519217788208522
974,534,1508,0.11519277060486344
969,539,1508,0.11518231098136184
956,542,1498,0.11518453211647273
959,536,1495,0.11521698297619959
947,538,1485,0.11523967140863416
954,541,1495,0.11528947309425767
957,547,1504,0.11531857802032018
954,538,1492,0.11533944509882246
967,536,1503,0.11536467303057166
967,538,1505,0.11535695391322719
975,536,1511,0.11534945805309046
973,546,1519,0.11532340616778569
968,545,1513,0.11530420002505153
957,551,1508,0.11529910645421503
956,548,1504,0.11531934731165128
957,540,1497,0.11534206254960885
971,534,1505,0.11536059792967038
970,532,1502,0.11534449367286698
963,549,1512,0.11533348399963689
957,553,1510,0.11534063320949492
954,548,1502,0.11536300374614093
943,550,1493,0.11539097083376461
940,551,1491,0.11544348304531113
928,568,1496,0.11549964189858698
932,566,1498,0.11557802036174777
940,561,1501,0.1156400747381623
931,557,1488,0.11567874427640648
929,553,1482,0.11573600175174725
933,561,1494,0.11579353342558146
939,558,1497,0.11583740624073222
934,563,1497,0.11586532125513849
930,560,1490,0.11590284224460294
928,574,1502,0.11594764399885155
939,579,1518,0.1159934374976182
926,578,1504,0.11600955735031702
915,583,1498,0.11605620791363026
916,577,1493,0.11612620521089541
917,584,1501,0.11618938489457424
917,591,1508,0.11624609462065007
906,599,1505,0.11630019594482334
906,594,1500,0.11637634948571121
909,597,1506,0.11644594373058259
914,596,1510,0.11650407274453248
912,595,1507,0.116547361015596
906,593,1499,0.11659172908498493
900,597,1497,0.11664779788120569
898,590,1488,0.11671488089445216
905,597,1502,0.11678046942798659
898,603,1501,0.11682418142124366
895,608,1503,0.11688195821079002
902,618,1520,0.11694201048869499
893,618,1511,0.11698097143608424
888,607,1495,0.11704015698761366
892,616,1508,0.11710583139072395
908,608,1516,0.1171568691812261
903,601,1504,0.1171668961539335
900,606,1506,0.11718885534613545
901,604,1505,0.11721631789056686
892,605,1497,0.11723946600428839
877,606,1483,0.1172820989869676
869,614,1483,0.11735834656128986
880,618,1498,0.11744766893803052
874,607,1481,0.11750378158489155
875,618,1493,0.11757110856000183
882,611,1493,0.11763024965822284
888,611,1499,0.117668115704322
877,614,1491,0.1176897614085586
886,608,1494,0.11773566200176898
892,604,1496,0.11775703560854989
889,618,1507,0.11776259115906605
889,615,1504,0.11777560638557674
890,615,1505,0.11778590599544497
887,617,1504,0.1177933345983272
880,618,1498,0.11780877199082201
872,619,1491,0.11783909158915382
885,622,1507,0.11788713560758868
883,610,1493,0.11790123568407575
878,616,1494,0.11791973985115865
873,634,1507,0.11794840785734456
871,627,1498,0.11798701780767928
877,630,1507,0.1180268319284855
861,622,1483,0.11805041266379757
868,622,1490,0.11810975696270422
867,629,1496,0.11814687627414777
864,642,1506,0.1181831983676047
858,635,1493,0.11822530976125406
861,635,1496,0.11827808364525526
865,634,1499,0.11831989513480977
867,640,1507,0.11834871247051261
862,634,1496,0.11837035286878607
861,635,1496,0.11840351583474956
869,635,1504,0.11843738001960441
868,638,1506,0.11844957369944954
863,641,1504,0.11846347194384749
859,655,1514,0.118489200801083
855,648,1503,0.11852256815670024
863,648,1511,0.11856367008359897
854,656,1510,0.11858368911582894
849,661,1510,0.11862374858000763
844,661,1505,0.11867271542338952
842,652,1494,0.11873143411994684
837,661,1498,0.11879025381012752
843,652,1495,0.11885704676568025
838,658,1496,0.1189058415129838
844,655,1499,0.1189605868977895
847,664,1511,0.11899789320401954
846,661,1507,0.11902580870222906
848,660,1508,0.11905538951187893
842,662,1504,0.11908004916405494
831,673,1504,0.11911766088955691
835,673,1508,0.11917812053258885
832,672,1504,0.11922553371419987
814,673,1487,0.1192769398324368
822,670,1492,0.1193675427157705
825,668,1493,0.11943247683765396
819,685,1504,0.11948540732501822
829,687,1516,0.11954803913545374
824,681,1505,0.11958190294980078
823,679,1502,0.11962760530965767
817,689,1506,0.11967197155298616
820,695,1515,0.11972851891274672
817,693,1510,0.11977339664501306
816,695,1511,0.1198222165253175
815,689,1504,0.1198697754403742
811,695,1506,0.11991583804801972
811,703,1514,0.11996811609088695
810,700,1510,0.12001430372644667
810,701,1511,0.12006005360119001
806,696,1502,0.12010302950027452
813,693,1506,0.12015254941280716
812,699,1511,0.1201819814542878
813,699,1512,0.12021121382670459
811,703,1514,0.12023531013032283
809,693,1502,0.12026130859558858
808,693,1501,0.12029148379137126
814,691,1505,0.12032239873799426
810,683,1493,0.120336624258256
815,685,1500,0.1203588300043474
813,687,1500,0.12036687624358867
811,687,1498,0.12037955414967948
814,693,1507,0.1203960199007205
815,699,1514,0.120403586999557
816,696,1512,0.12040888726066129
823,694,1517,0.12041142444986967
822,697,1519,0.12039733381233442
813,692,1505,0.12038625236241136
815,686,1501,0.12039658292767484
819,678,1497,0.12040104097082706
816,682,1498,0.12039441848800246
809,682,1491,0.12039572070807662
815,683,1498,0.12041442508520575
822,682,1504,0.12041835591458615
819,676,1495,0.12040475728175473
828,679,1507,0.12040069337302811
828,673,1501,0.1203742541715108
830,675,1505,0.12035083238643249
821,682,1503,0.1203234779789554
814,678,1492,0.12032131888220322
829,680,1509,0.12033705022897952
826,683,1509,0.12031497142225234
820,693,1513,0.12030222550687136
825,686,1511,0.12030294345885412
833,686,1519,0.12029155031465394
833,684,1517,0.12026186651130288
813,675,1488,0.12023334328466957
809,686,1495,0.12025621391306775
813,699,1512,0.12028728358382076
814,707,1521,0.12030764703611548
805,695,1500,0.1203247456852081
796,705,1501,0.12036292289256723
797,714,1511,0.12042123481495871
787,704,1491,0.12047376202421357
795,706,1501,0.12054666218397302
790,707,1497,0.12059403955109499
800,713,1513,0.12064986219755618
809,714,1523,0.1206771804468503
808,714,1522,0.12067888371659302
800,715,1515,0.12068365010745598
796,711,1507,0.12070713109416265
790,706,1496,0.12073923055566314
792,700,1492,0.12078268369774513
800,708,1508,0.120818047818591
795,707,1502,0.12083071931813336
787,714,1501,0.1208539315881529
789,713,1502,0.12089373624259275
788,714,1502,0.12092600325318731
778,714,1492,0.12095927146429933
781,718,1499,0.12101577766564503
788,709,1497,0.12106071325192808
784,701,1485,0.12108505156191086
778,713,1491,0.12111534354293614
777,702,1479,0.12115860398695964
790,713,1503,0.12120242470746924
789,719,1508,0.1212120489719054
790,727,1517,0.1212240755829394
779,721,1500,0.12123382433620218
780,719,1499,0.1212700379795364
777,725,1502,0.12130066060533692
774,725,1499,0.1213364246743231
769,723,1492,0.12137813348873078
767,726,1493,0.1214293307217574
776,731,1507,0.12148013391066467
767,729,1496,0.12150425831766826
764,736,1500,0.1215490181028957
771,741,1512,0.12159901177816405
776,731,1507,0.12162766953973353
772,734,1506,0.12164152940644164
760,736,1496,0.12166342189668743
754,747,1501,0.12171341804453117
747,747,1494,0.1217741930896078
742,743,1485,0.1218463794340192
747,735,1482,0.12192559061570442
753,736,1489,0.12198850864391866
754,736,1490,0.1220308264315009
746,737,1483,0.12206705502890845
742,734,1476,0.12212010237391763
754,735,1489,0.12218035528228388
761,740,1501,0.12220693394222587
769,743,1512,0.12221548679552603
766,735,1501,0.12220525034314297
756,733,1489,0.1222017596896496
753,739,1492,0.12222401810131427
753,741,1494,0.12225264977494821
755,745,1500,0.12227927201308024
764,736,1500,0.12229932363644515
753,745,1498,0.12229776283463152
742,739,1481,0.12232203832223508
747,750,1497,0.12237191847072575
754,748,1502,0.12240544648450527
756,759,1515,0.12242289395752191
755,762,1517,0.12243379877881246
745,767,1512,0.1224465628945417
744,769,1513,0.12248366717944234
750,770,1520,0.1225202477270463
764,773,1537,0.12253760976789593
755,768,1523,0.12252125958437748
759,774,1533,0.12252785512225142
749,768,1517,0.12252241124662064
737,766,1503,0.12254257977898375
741,763,1504,0.12259238758504494
742,770,1512,0.12262887074094962
737,763,1500,0.12265993746286635
740,764,1504,0.12270111535559573
732,762,1494,0.12273094396817498
737,775,1512,0.12277794440562875
741,772,1513,0.12281028227675315
746,766,1512,0.12283043558900929
747,766,1513,0.12283595225941109
753,758,1511,0.12283824051320927
752,757,1509,0.12282545483686767
743,753,1496,0.1228159807935672
738,758,1496,0.12283098325899713
750,748,1498,0.1228562558600166
740,762,1502,0.1228506019355544
742,770,1512,0.12287091132575954
733,776,1509,0.12288358979184394
727,769,1496,0.12291679097966693
725,762,1487,0.12296293570775621
730,775,1505,0.12301007844231186
723,776,1499,0.1230429653492122
718,784,1502,0.12308983212208631
725,782,1507,0.12314471060576816
715,789,1504,0.12317746850707448
708,793,1501,0.12323438728416898
711,797,1508,0.12330300405592012
705,786,1491,0.1233602616936574
703,796,1499,0.12342592639065351
706,805,1511,0.12349203545669725
698,801,1499,0.12354605500529148
693,801,1494,0.12361689808047917
690,794,1484,0.12369520880375749
691,807,1498,0.12377396973171047
686,808,1494,0.12384559229766814
681,810,1491,0.1239244730575206
689,808,1497,0.12401001969063064
689,809,1498,0.12406950833019557
686,803,1489,0.12412570084044752
686,806,1492,0.12418425899535529
689,796,1485,0.12423892301150699
690,812,1502,0.12428243182253113
693,805,1498,0.12431964272578654
694,802,1496,0.12434644064841585
688,798,1486,0.12436780683999478
704,790,1494,0.12440301137771029
701,797,1498,0.12439689208972426
707,800,1507,0.12439938786570824
703,812,1515,0.12438706759306145
693,811,1504,0.12438576568243724
694,806,1500,0.12441089123898305
690,821,1511,0.12443159862366188
686,824,1510,0.12446017540704826
692,811,1503,0.12449893922006684
696,800,1496,0.12451825878378568
698,790,1488,0.12452564332619247
702,793,1495,0.12452901846489282
700,793,1493,0.1245225085241264
701,805,1506,0.12452256096892073
701,803,1504,0.12451896072552397
699,810,1509,0.12451488925836263
705,809,1514,0.12451555990907127
692,815,1507,0.12450218567116714
691,809,1500,0.12452202016816387
688,810,1498,0.1245452759615987
681,818,1499,0.12457558826720039
677,829,1506,0.12462255465768916
672,833,1505,0.12467584670810972
660,833,1493,0.12473833232785075
668,828,1496,0.12482557128024833
669,832,1501,0.12488596514591922
668,826,1494,0.12493908987084104
675,834,1509,0.12499195668046986
663,833,1496,0.12502416898571686
663,844,1507,0.12508532129867772
652,854,1506,0.12514234796283705
650,851,1501,0.12522451429778125
652,842,1494,0.12530359843826933
657,844,1501,0.12537356044439923
664,849,1513,0.12542726660780193
655,852,1507,0.1254591184189435
656,853,1509,0.12551066320102355
656,855,1511,0.12555675395624272
653,852,1505,0.12559971897821198
659,856,1515,0.12564512948094567
657,866,1523,0.12567350815351044
655,863,1518,0.12570494912752272
651,865,1516,0.12574085283098985
658,864,1522,0.12578479263518144
652,874,1526,0.12580885494581728
655,865,1520,0.12584742414200994
658,858,1516,0.12587594886949666
652,854,1506,0.12589495204361312
647,845,1492,0.12592697690463386
650,858,1508,0.12596912912509983
655,861,1516,0.12600224336034058
659,878,1537,0.12602085948577646
650,878,1528,0.12602917910197448
647,872,1519,0.1260597438241061
632,872,1504,0.12609591242103751
628,880,1508,0.12616569474678144
631,880,1511,0.12624175266580054
636,882,1518,0.12630503955055716
636,881,1517,0.1263513245458218
632,881,1513,0.1263964342071516
627,885,1512,0.1264470972688151
627,879,1506,0.12650752832161657
631,878,1509,0.12656342901002568
624,873,1497,0.12660500636093464
626,868,1494,0.12665925530381997
627,869,1496,0.12670367609050262
626,866,1492,0.1267428347964703
626,873,1499,0.1267831699343232
627,881,1508,0.1268219382073854
626,879,1505,0.12685563373688374
621,878,1499,0.12688971542289582
632,866,1498,0.12693311370358293
622,875,1497,0.12694483614261876
624,876,1500,0.12698033084335983
623,870,1493,0.12700747928061074
627,867,1494,0.1270356554365082
618,869,1487,0.12705326419307325
612,878,1490,0.1270914387184597
612,891,1503,0.12714364213359272
614,898,1512,0.12719268512064083
615,903,1518,0.12723367511932193
615,896,1511,0.1272690945711884
622,886,1508,0.127301420622104
612,882,1494,0.12731430939211927
608,886,1494,0.127351338728669
612,893,1505,0.12739600240403115
616,901,1517,0.1274273309405969
612,899,1511,0.12744577542098562
615,897,1512,0.1274724990231885
601,907,1508,0.12748922510510005
616,903,1519,0.12753957119744244
614,897,1511,0.12754914861026637
611,901,1512,0.12756293312044145
610,911,1521,0.1275846954555346
615,911,1526,0.12760686179194977
612,904,1516,0.12761499408784074
610,894,1504,0.1276315234634452
607,896,1503,0.12765071800199665
608,893,1501,0.12767563791660816
607,890,1497,0.12769590650255927
609,894,1503,0.12771889783690735
614,901,1515,0.12773671980619564
610,906,1516,0.12773822838257787
605,897,1502,0.1277495131814234
604,885,1489,0.12777320994728203
607,891,1498,0.1277983413221301
608,898,1506,0.12781406659700936
604,895,1499,0.12782661901431186
603,902,1505,0.12784790563282653
602,909,1511,0.12786891219023183
607,908,1515,0.1278912869542953
613,897,1510,0.1279010295786586
610,898,1508,0.12789329557033674
614,906,1520,0.12789284260056785
615,905,1520,0.12788188545737764
613,899,1512,0.12786832780051058
604,883,1487,0.12786000092676594
599,881,1480,0.12787625806974162
601,891,1492,0.12790279580206534
596,892,1488,0.12792137702043138
601,890,1491,0.1279518155954682
594,883,1477,0.12796539937469226
601,884,1485,0.1279950864007694
606,880,1486,0.12800449077849851
612,895,1507,0.12799934841218805
614,903,1517,0.12798026777001928
612,900,1512,0.12795810588430387
612,896,1508,0.1279427563361264
612,894,1506,0.12792890234956145
617,891,1508,0.1279172326695765
609,901,1510,0.12789263080331337
607,903,1510,0.12789119686354844
602,903,1505,0.12789445515199763
607,908,1515,0.1279106347277846
602,910,1512,0.12791200480593598
597,916,1513,0.12792625405754973
592,915,1507,0.1279545539902187
598,908,1506,0.12799287507099652
591,913,1504,0.12801242872284235
597,921,1518,0.12804910909984174
601,928,1529,0.1280684708754081
594,909,1503,0.12807674083805304
595,917,1512,0.12810236615019469
599,917,1516,0.1281243381953422
600,928,1528,0.12813432202657105
591,926,1517,0.12813991431026536
591,910,1501,0.12816826676884877
592,919,1511,0.1281951962656513
592,921,1513,0.12821765103429242
593,922,1515,0.12823897089239458
584,917,1501,0.12825653380200347
589,912,1501,0.12829562076919934
585,915,1500,0.12831729007612172
590,920,1510,0.1283488393207977
586,918,1504,0.12836624085779086
588,911,1499,0.12839268367361228
587,917,1504,0.12841215400353084
589,927,1516,0.12843345261154657
582,917,1499,0.12844652527454473
586,908,1494,0.12847540394021323
591,913,1504,0.12849094577685388
589,922,1511,0.12849345475962579
587,927,1514,0.12850082710938054
576,937,1513,0.12851293460058566
575,927,1502,0.1285523774281131
573,939,1512,0.12859210508932667
576,936,1512,0.1286327727570593
580,926,1506,0.12866456663908457
577,909,1486,0.1286832211344579
582,916,1498,0.12870959471215332
582,927,1509,0.12872280336798372
580,929,1509,0.1287345174230148
576,933,1509,0.1287503270754437
576,928,1504,0.12877607531962507
580,931,1511,0.12879984829544916
583,927,1510,0.1288124812545412
588,917,1505,0.1288159884692993
580,927,1507,0.1288072848253962
577,916,1493,0.1288201019902739
591,922,1513,0.12884139827040536
593,916,1509,0.1288241098894648
582,917,1499,0.12880251559201455
588,918,1506,0.12881202719217422
581,929,1510,0.12880575080785675
578,933,1511,0.12881849917694294
577,933,1510,0.12883905873105356
569,925,1494,0.12886194334753298
566,922,1488,0.12890448568414764
568,924,1492,0.12894882223881526
573,919,1492,0.12898551956068285
571,922,1493,0.12900474149208777
576,920,1496,0.12902826407113202
580,923,1503,0.12903781115539364
585,925,1510,0.12903460046189888
580,924,1504,0.1290184470321116
580,929,1509,0.12901689931464133
582,927,1509,0.12901624640547035
579,930,1509,0.1290094553884455
581,925,1506,0.12900894080168673
583,916,1499,0.12900340940033175
585,908,1493,0.1289938360089318
584,902,1486,0.12897832399675746
579,906,1485,0.12896652469960146
580,911,1491,0.12896674303424902
593,917,1510,0.1289645801976784
590,922,1512,0.12893174605919355
597,914,1511,0.12890914519424845
600,910,1510,0.12886998859568063
599,919,1518,0.1288264282802472
599,924,1523,0.12878943739253973
597,917,1514,0.1287572219321827
597,921,1518,0.12873275899725725
599,924,1523,0.12871055075718163
600,921,1521,0.1286847395024958
601,909,1510,0.12865624687923438
600,911,1511,0.1286281336998081
585,913,1498,0.12860532383681544
590,912,1502,0.1286218032195289
589,924,1513,0.1286249547510197
580,920,1500,0.1286322223861375
581,920,1501,0.12866203170304108
579,920,1499,0.12868588001186126
580,917,1497,0.1287112533384552
582,923,1505,0.12873308622122226
577,919,1496,0.12874758778814427
576,920,1496,0.12877495623721258
578,917,1495,0.12880212876502
573,923,1496,0.1288224263614515
582,927,1509,0.12885350578647292
585,920,1505,0.12885705869543673
576,921,1497,0.12885317875848584
578,922,1500,0.12887109128674556
583,921,1504,0.12888368342416637
585,917,1502,0.12888257790955548
584,917,1501,0.12887686206519258
586,927,1513,0.1288742898121487
587,927,1514,0.1288679587871158
592,926,1518,0.1288606340168771
589,915,1504,0.1288398790370517
585,925,1510,0.12882912345036435
574,926,1500,0.12882878437780299
572,925,1497,0.1288553925238628
586,918,1504,0.1288864960207366
590,925,1515,0.12887896916769684
585,923,1508,0.12886235102450871
575,923,1498,0.12886142175174756
571,919,1490,0.12888532359703986
572,928,1500,0.12891682089907025
573,929,1502,0.12894508126296703
569,938,1507,0.1289676047473293
568,948,1516,0.12899973251898011
559,946,1505,0.12903173186581388
553,957,1510,0.12908584823473496
552,959,1511,0.12915152612504943
548,954,1502,0.12921446077660875
553,960,1513,0.12928275295052905
556,963,1519,0.1293312179631852
555,960,1515,0.12936813555907317
549,957,1506,0.12940738762416112
550,958,1508,0.12945878062634203
547,949,1496,0.12950429392368168
541,965,1506,0.12955397272095298
532,974,1506,0.12961637552750838
522,974,1496,0.1296984440440427
525,970,1495,0.12980047520739812
524,965,1489,0.12988830833897036
526,976,1502,0.12997052763950212
527,976,1503,0.1300419071604797
527,973,1500,0.1301062576861214
523,961,1484,0.1301665735219787
523,967,1490,0.13023216323447398
531,967,1498,0.13029370146215816
531,968,1499,0.13032973384766305
543,968,1511,0.13036410074746047
536,976,1512,0.13036502151720933
537,974,1511,0.13038442380684315
528,969,1497,0.1304004917702342
530,986,1516,0.13043896379855408
529,984,1513,0.13046902337953095
530,991,1521,0.13049903630381654
524,992,1516,0.1305271857505212
523,982,1505,0.13056820904698163
521,987,1508,0.13060896935083727
523,996,1519,0.13065264413788832
521,1003,1524,0.1306872370905581
519,994,1513,0.1307258462793493
513,995,1508,0.13076745110429905
514,1003,1517,0.13082060251539374
511,1005,1516,0.13086806253532313
509,1003,1512,0.13092145754477652
503,998,1501,0.13097579852261085
506,994,1500,0.13103990851907138
506,988,1494,0.13109258435087884
501,1000,1501,0.13114130009416405
503,1007,1510,0.13119964566608489
493,1003,1496,0.13124770121903942
495,1003,1498,0.131318366979418
497,1007,1504,0.13137956219321123
490,1006,1496,0.13143103918093485
494,1012,1506,0.13149732115532953
498,1026,1524,0.13154947909989512
496,1021,1517,0.1315871002883584
493,1034,1527,0.13162859450491965
496,1021,1517,0.13167488128733879
492,1032,1524,0.13171181910421065
488,1028,1516,0.13175658668767645
489,1022,1511,0.13180927014912014
491,1018,1509,0.13185453246817647
490,1017,1507,0.13189033235259567
491,1020,1511,0.13192653476041977
494,1026,1520,0.13195813322392638
490,1031,1521,0.13197887579469178
483,1034,1517,0.13200882425076332
488,1038,1526,0.13205452705702714
493,1041,1534,0.13208436628295467
484,1043,1527,0.13209962716089368
477,1035,1512,0.1321372548937648
469,1035,1504,0.13219173158421588
476,1038,1514,0.1322636920339642
466,1045,1511,0.13231239825137914
465,1046,1511,0.13238402535523772
465,1059,1524,0.13245385189149425
465,1060,1525,0.13251884519657353
463,1064,1527,0.13257850491572606
454,1059,1513,0.13263927842871515
453,1053,1506,0.13271973545732096
456,1047,1503,0.13279678487015215
458,1050,1508,0.13286013182879672
454,1045,1499,0.13291258892163033
455,1050,1505,0.1329720472296525
452,1051,1503,0.1330242282187161
457,1054,1511,0.1330803772402848
454,1050,1504,0.1331192343523159
461,1055,1516,0.13316274059549743
453,1057,1510,0.13318454721596487
453,1063,1516,0.13322716905102122
456,1056,1512,0.13326707955805198
458,1049,1507,0.1332971649510008
452,1054,1506,0.13332107927996734
454,1051,1505,0.13335818017763754
456,1060,1516,0.13338875245434825
456,1060,1516,0.13341229527961448
457,1061,1518,0.13343527399881783
455,1066,1521,0.13345349069553974
450,1050,1500,0.13347537851142507
449,1050,1499,0.1335103882375013
450,1052,1502,0.1335455996907314
446,1061,1507,0.13357484336366887
445,1064,1509,0.13361301023411673
439,1067,1506,0.13365061010998083
435,1079,1514,0.1337032865178156
436,1085,1521,0.13376247079090467
424,1093,1517,0.13381401893926181
423,1098,1521,0.13389347227637519
421,1100,1521,0.13396899531167006
419,1104,1523,0.1340447471018726
419,1100,1519,0.13412053138108232
424,1098,1522,0.13419047575339904
420,1104,1524,0.1342427858661078
420,1094,1514,0.1343037925167708
423,1095,1518,0.1343609366182501
421,1088,1509,0.1344058241623499
414,1088,1502,0.13445402496681594
414,1085,1499,0.1345162089356052
418,1078,1496,0.13457283273835366
420,1082,1502,0.13461472454762316
418,1085,1503,0.13464809506788858
428,1077,1505,0.13468468618406904
426,1083,1509,0.13469159003665643
423,1090,1513,0.13470493098388447
425,1085,1510,0.13472541239732772
432,1076,1508,0.134738535540271
429,1090,1519,0.1347328945192217
425,1082,1507,0.13473593425235916
422,1087,1509,0.1347493303983616
418,1090,1508,0.13477006884233828
415,1100,1515,0.13480110103719922
415,1102,1517,0.13483836299911545
411,1095,1506,0.13487191794783734
402,1097,1499,0.13491358343156803
405,1109,1514,0.13497540919131865
406,1102,1508,0.13502514155111328
411,1089,1500,0.13506843987620443
408,1088,1496,0.13509550967987288
406,1098,1504,0.13512849387193424
402,1096,1498,0.1351652783160299
403,1093,1496,0.13521137104792433
395,1101,1496,0.135250304480555
395,1111,1506,0.13530915964743884
392,1108,1500,0.13536442979642327
395,1121,1516,0.13542335561746804
385,1128,1513,0.13546946638209387
384,1126,1510,0.1355388704139057
381,1135,1516,0.1356053747097612
378,1137,1515,0.13567581879095725
386,1137,1523,0.13574994896456716
388,1135,1523,0.13579776337022154
390,1126,1516,0.1358382604574062
389,1129,1518,0.1358693983019714
385,1133,1518,0.13590148257774257
386,1119,1505,0.13594238355095542
383,1126,1509,0.1359775152132655
379,1136,1515,0.13601947063480654
373,1132,1505,0.13606946133632708
378,1137,1515,0.13613144044657427
377,1135,1512,0.13617584612795222
379,1142,1521,0.13621978234847656
379,1135,1514,0.1362561064004837
381,1142,1523,0.1362898651269919
377,1141,1518,0.13631642851252704
383,1143,1526,0.13635259891642035
377,1138,1515,0.13637070889217026
373,1130,1503,0.13640435098421194
377,1141,1518,0.13644635090468912
371,1137,1508,0.13647407109899745
372,1139,1511,0.13651621053401233
367,1144,1511,0.13655220466075918
367,1140,1507,0.1365989615447983
366,1129,1495,0.1366414417938392
374,1127,1501,0.13668309058384231
368,1120,1488,0.13670057538482097
368,1110,1478,0.13673414054311653
375,1116,1491,0.1367658345488148
380,1126,1506,0.1367762867345096
375,1124,1499,0.13677204337249807
385,1125,1510,0.13678189287883827
383,1131,1514,0.13676312328225523
381,1134,1515,0.13675113934182556
378,1134,1512,0.13674440050788228
382,1128,1510,0.13674709361759216
381,1136,1517,0.13673818772603208
382,1135,1517,0.13673225256649635
375,1136,1511,0.13672410898391557
377,1138,1515,0.1367351966684968
373,1136,1509,0.13674025658119626
362,1134,1496,0.13675615485759018
371,1141,1512,0.1368007495168257
369,1138,1507,0.13681802173795096
364,1138,1502,0.1368389142829373
361,1143,1504,0.1368724665307256
359,1130,1489,0.13691116815578944
355,1145,1500,0.13695208721185956
355,1147,1502,0.13700182465707822
351,1144,1495,0.13704692065562707
351,1153,1504,0.13710021710491804
350,1151,1501,0.13714970111826333
355,1156,1511,0.13719713142425097
359,1170,1529,0.13722777785368487
359,1163,1522,0.13724515685924332
361,1168,1529,0.13726212517163666
351,1166,1517,0.13727270690377785
355,1166,1521,0.1373098467910523
351,1172,1523,0.13733296747411256
348,1173,1521,0.13736472849327874
353,1168,1521,0.1374025488849881
354,1165,1519,0.1374246813408571
356,1162,1518,0.13744272694325063
353,1171,1524,0.13745437196063942
349,1174,1523,0.137473007348136
343,1180,1523,0.1375012733579311
339,1174,1513,0.13754503057004558
332,1169,1501,0.13759688614698593
332,1173,1505,0.13766485668844872
329,1191,1520,0.13772793757890384
324,1184,1508,0.1377957445106476
320,1175,1495,0.13787333266815133
327,1178,1505,0.13795704115183838
329,1187,1516,0.13801508999963197
328,1194,1522,0.1380633869361673
335,1187,1522,0.1381109480691346
335,1193,1528,0.13813610869922205
338,1182,1520,0.13816018138784644
331,1180,1511,0.13817516511092184
330,1176,1506,0.13820865207041885
327,1187,1514,0.1382431182204661
324,1183,1507,0.13828338508782206
320,1186,1506,0.1383295687530102
324,1194,1518,0.13838338771139785
321,1196,1517,0.13842322689002365
324,1205,1529,0.13846826325835163
325,1190,1515,0.1385011838868324
322,1200,1522,0.13852961411857503
315,1197,1512,0.13856467117725982
310,1194,1504,0.1386175486491392
313,1205,1518,0.13868133393693519
311,1209,1520,0.13873279719890438
314,1215,1529,0.13878634771576975
310,1226,1536,0.1388269174713019
303,1225,1528,0.13887568477412265
303,1221,1524,0.1389407376009904
305,1211,1516,0.13900160592855212
309,1201,1510,0.13905267383062297
301,1209,1510,0.13908997889718636
301,1205,1506,0.13914752649494824
298,1221,1519,0.1392015850229243
297,1226,1523,0.13925998565672995
298,1213,1511,0.13931679099849226
306,1206,1512,0.13936625104258102
306,1208,1514,0.13939069807222293
308,1199,1507,0.13941371591084628
305,1194,1499,0.13942987413576763
306,1202,1508,0.13945312883384256
300,1218,1518,0.13947277391144486
297,1214,1511,0.13950835063566325
294,1220,1514,0.139550228353812
288,1225,1513,0.13959737539580241
285,1226,1511,0.13965870668200187
283,1220,1503,0.1397239593999718
284,1218,1502,0.13979013656500686
288,1227,1515,0.13984852663581052
284,1228,1512,0.13989162826719204
285,1229,1514,0.13994188160567453
286,1216,1502,0.13998574716924803
293,1225,1518,0.1400243610661634
293,1231,1524,0.14004014128998307
292,1224,1516,0.14005479170250584
290,1215,1505,0.14007073269015582
295,1209,1504,0.14009029501857254
291,1201,1492,0.14009535207521406
290,1222,1512,0.14011064455783273
287,1223,1510,0.1401280452506897
289,1235,1524,0.14015333330563118
289,1239,1528,0.14017091673363238
286,1231,1517,0.14018687467644775
290,1230,1520,0.1402100193199786
285,1223,1508,0.14022113133937059
281,1233,1514,0.1402464707907332
287,1234,1521,0.14028029562154729
286,1237,1523,0.14029552860302502
283,1236,1519,0.1403121441890569
283,1235,1518,0.14033652496718563
289,1249,1538,0.14035876907135483
289,1245,1534,0.14036210746961056
285,1241,1526,0.14036532624896428
290,1242,1532,0.1403794444036901
288,1240,1528,0.1403788951365424
290,1242,1532,0.1403836632542215
291,1241,1532,0.1403828230299456
286,1241,1527,0.14037945331090512
291,1233,1524,0.1403907090537748
292,1230,1522,0.14038823583588272
293,1217,1510,0.14038372998128984
291,1215,1506,0.14037726824957275
285,1207,1492,0.14037610118522909
278,1213,1491,0.14039095188484127
278,1203,1481,0.1404236131797582
279,1223,1502,0.14045363075582368
276,1229,1505,0.14047905847768097
271,1236,1507,0.1405108057258321
276,1226,1502,0.14055576942707643
277,1238,1515,0.1405832391929659
280,1230,1510,0.14060502102893863
273,1215,1488,0.14061701416692543
273,1224,1497,0.1406479704699625
272,1228,1500,0.14067793027219935
268,1236,1504,0.14070850408456356
270,1227,1497,0.14074771308139095
268,1230,1498,0.14077814510155215
268,1226,1494,0.1408112498740955
269,1228,1497,0.14084187667831352
269,1238,1507,0.14086854711139998
267,1246,1513,0.14089461907230952
268,1248,1516,0.14092592131062065
269,1230,1499,0.14095269915626754
267,1243,1510,0.14097474114747705
266,1244,1510,0.14100098818795842
261,1242,1503,0.14102933191241931
258,1242,1500,0.14107051960449976
255,1243,1498,0.14111704737886885
257,1251,1508,0.14116827101815763
260,1255,1515,0.14121048802495373
259,1258,1517,0.14124192586095533
259,1251,1510,0.1412740935061031
256,1243,1499,0.1413046231976629
250,1244,1494,0.14134261721211394
253,1253,1506,0.14139406041030966
250,1255,1505,0.14143314577416694
251,1262,1513,0.14147787456338703
250,1275,1525,0.14151730694038697
248,1263,1511,0.14155621558484513
249,1271,1520,0.14159879537689146
251,1268,1519,0.14163575969515727
250,1270,1520,0.14166567808339234
242,1266,1508,0.14169613798202163
247,1266,1513,0.14174726237416543
247,1278,1525,0.14178085237625462
245,1275,1520,0.14181302745520788
243,1282,1525,0.14184954576998526
242,1281,1523,0.14188926984433517
236,1276,1512,0.14192921390955213
234,1283,1517,0.14198482439298027
239,1275,1514,0.14204266295280427
238,1266,1504,0.14208115500155505
237,1278,1515,0.14212150891552613
230,1280,1510,0.14216245269275604
228,1274,1502,0.14221966520380516
225,1278,1503,0.14227929033216674
228,1288,1516,0.1423436757504538
223,1284,1507,0.14239742028359842
225,1286,1511,0.1424603723947239
227,1288,1515,0.14251327102154945
223,1284,1507,0.14255750203321432
219,1277,1496,0.1426093185926867
215,1275,1490,0.1426697745244027
216,1298,1514,0.14273747667409173
215,1296,1511,0.1427987724625233
216,1291,1507,0.14285889317296646
217,1298,1515,0.14291261622440218
219,1289,1508,0.14295966083733638
216,1287,1503,0.14299808765587635
210,1300,1510,0.14304272926086586
211,1312,1523,0.14310047608103424
214,1315,1529,0.1431505919197817
212,1314,1526,0.14318903110703546
218,1299,1517,0.14323061050600835
214,1287,1501,0.14325119687066273
213,1273,1486,0.14328170563243067
213,1299,1512,0.1433137854146428
214,1306,1520,0.1433440135972949
213,1302,1515,0.1433700310150488
215,1307,1522,0.1433966232456127
212,1293,1505,0.14341560166695078
207,1289,1496,0.1434412083186661
208,1281,1489,0.14348027700476945
205,1286,1491,0.14351447638677628
206,1301,1507,0.14355515723825557
209,1311,1520,0.1435892904471148
211,1307,1518,0.14361211800225726
204,1310,1514,0.14362806374848366
202,1316,1518,0.14366282405999692
201,1316,1517,0.14370094377731132
197,1318,1515,0.1437389460930229
197,1324,1521,0.1437862991206715
200,1319,1519,0.1438304985509817
192,1319,1511,0.1438627779873043
197,1324,1521,0.14391648940651655
199,1308,1507,0.1439524304480009
194,1308,1502,0.14397978365584174
196,1299,1495,0.14401908696945712
194,1304,1498,0.1440497577612079
193,1314,1507,0.14408399428390214
195,1322,1517,0.14411846006572024
187,1320,1507,0.14414502321954356
183,1317,1500,0.14419275243890717
183,1321,1504,0.1442492684298057
185,1329,1514,0.1443018683665787
183,1323,1506,0.14434524143381078
183,1334,1517,0.14439178307666803
186,1330,1516,0.14443520922846598
187,1331,1518,0.14446750493845337
182,1326,1508,0.14449509002267058
178,1330,1508,0.14453603568231888
183,1334,1517,0.14458622030054497
186,1320,1506,0.1446189251696389
186,1322,1508,0.1446404029519085
185,1333,1518,0.14466018223603283
185,1342,1527,0.14468157473668566
184,1338,1522,0.14470198813777843
183,1336,1519,0.14472378484271314
181,1322,1503,0.14474641146890804
182,1336,1518,0.14477417186202243
183,1332,1515,0.14479745846792613
178,1331,1509,0.14481644172130437
175,1340,1515,0.14484861882117211
176,1347,1523,0.14488714746585732
176,1349,1525,0.14492068130229724
177,1349,1526,0.14495187289273667
177,1347,1524,0.1449786367826613
176,1345,1521,0.14500418293213874
177,1341,1518,0.14503122896510845
180,1353,1533,0.14505381147253305
175,1352,1527,0.14506638350368586
175,1346,1521,0.14509347508088
173,1354,1527,0.1451182785629219
172,1363,1535,0.1451477871614766
175,1357,1532,0.1451775785368155
175,1341,1516,0.14519650125746833
175,1340,1515,0.1452138425620293
170,1351,1521,0.14522998025241735
168,1354,1522,0.1452595242984907
172,1353,1525,0.14529320937059903
171,1344,1515,0.14531330313334173
168,1343,1511,0.1453353637131203
166,1343,1509,0.14536466929619452
170,1348,1518,0.1453970148785565
165,1355,1520,0.14541593396471925
164,1361,1525,0.14544913996154674
163,1357,1520,0.14548359716728534
165,1347,1512,0.14551949443850384
169,1346,1515,0.14554741015976058
172,1345,1517,0.14556152151237797
170,1346,1516,0.14556613105142785
166,1344,1510,0.14557683940183924
167,1353,1520,0.1455989336303351
168,1338,1506,0.145616147843176
168,1340,1508,0.14562932109023705
169,1344,1513,0.14564135573797507
168,1345,1513,0.145650200826542
166,1346,1512,0.1456621239687273
164,1341,1505,0.1456787735994141
166,1343,1509,0.1457004238275132
164,1359,1523,0.14571493096229876
164,1346,1510,0.1457350603698488
161,1343,1504,0.1457542334994936
160,1353,1513,0.1457810398799512
155,1359,1514,0.1458095357039155
151,1371,1522,0.14585031298714857
152,1351,1503,0.14590034097657617
149,1358,1507,0.14594374316099895
146,1363,1509,0.1459934908784191
145,1363,1508,0.1460486399783268
143,1364,1507,0.14610233444971044
142,1364,1506,0.146158631444962
143,1361,1504,0.1462145533461473
139,1371,1510,0.1462641229837866
142,1362,1504,0.14632279006459378
141,1363,1504,0.14636884254542135
142,1373,1515,0.14641488131776043
141,1384,1525,0.146455170299473
142,1381,1523,0.14649573988214765
139,1385,1524,0.1465303311720229
140,1369,1509,0.14657119622109702
138,1368,1506,0.1466064198668679
139,1369,1508,0.14664567844829823
138,1376,1514,0.14667971412044167
140,1382,1522,0.14671507489721447
136,1376,1512,0.14674246976526306
135,1378,1513,0.14677986523820177
130,1381,1511,0.14681760205034874
130,1391,1521,0.14686722815586123
134,1391,1525,0.14691360489167718
136,1392,1528,0.14694543070434687
136,1383,1519,0.14696910648996778
137,1390,1527,0.14699072328784887
140,1393,1533,0.14700807597359758
143,1384,1527,0.14701563912890292
142,1395,1537,0.14701419926133955
143,1379,1522,0.14701665373861497
144,1370,1514,0.14701553679798215
139,1377,1516,0.14701218982567438
136,1376,1512,0.14702412328338366
140,1372,1512,0.14704454149768525
142,1363,1505,0.1470520003869119
142,1374,1516,0.14705293535601568
142,1370,1512,0.14705437931339713
141,1363,1504,0.14705578710093856
141,1371,1512,0.147059840702265
140,1373,1513,0.14706370437587393
135,1371,1506,0.14707043843963952
138,1369,1507,0.14709110631801917
138,1363,1501,0.14710152433271087
138,1371,1509,0.14711092473072435
132,1372,1504,0.14711984406896073
129,1370,1499,0.14714633884790057
134,1368,1502,0.14717932968768602
135,1369,1504,0.14719580383720934
133,1375,1508,0.14720856397027002
139,1367,1506,0.14722653258521295
139,1373,1512,0.14722536588362153
138,1381,1519,0.14722408043814209
133,1374,1507,0.14722613238767912
134,1373,1507,0.1472434859201222
132,1373,1505,0.14725640844500176
130,1377,1507,0.14727446930650215
129,1390,1519,0.14729681229199965
129,1389,1518,0.14732032110267382
134,1393,1527,0.14734242588425175
132,1378,1510,0.14734772373501387
129,1381,1510,0.14735860479183535
135,1375,1510,0.14737781720738108
138,1381,1519,0.14737722312412552
138,1378,1516,0.14736791851349765
132,1378,1510,0.1473587918851302
129,1387,1516,0.14736795673335948
129,1377,1506,0.1473852210994666
130,1382,1512,0.14740136591313888
124,1382,1506,0.1474138931748512
127,1386,1513,0.14744324914132342
127,1389,1516,0.14746181558740618
125,1392,1517,0.1474790785535828
119,1386,1505,0.14750129146724508
120,1377,1497,0.14754033424825838
125,1391,1516,0.147572640216701
125,1394,1519,0.14758800052249899
123,1397,1520,0.14760256702873675
116,1399,1515,0.14762258697636294
112,1404,1516,0.1476626172893336
116,1391,1507,0.1477119915692986
118,1392,1510,0.14774580020347738
119,1393,1512,0.14777113097010988
119,1392,1511,0.14779178704041723
119,1395,1514,0.14781125025606673
122,1408,1530,0.14782901012647054
122,1402,1524,0.14783698365924414
118,1392,1510,0.14784481737613486
116,1394,1510,0.14786407392267759
114,1388,1502,0.14788821446808276
114,1398,1512,0.14791616506187139
113,1401,1514,0.14794204789118115
114,1390,1504,0.14796977694541272
111,1397,1508,0.14799269915869778
111,1395,1506,0.14802347252109466
110,1409,1519,0.14805221556674372
112,1412,1524,0.14808241760382013
111,1393,1504,0.1481047525212669
111,1383,1494,0.14812882248516918
112,1384,1496,0.14815122451407825
112,1400,1512,0.14816962186423374
111,1396,1507,0.14818708544026837
111,1410,1521,0.14820668628480183
113,1416,1529,0.14822495191536486
115,1407,1522,0.1482362554871691
114,1399,1513,0.1482410783786632
116,1397,1513,0.14824914630569286
115,1399,1514,0.148250828572611
114,1405,1519,0.14825536538458095
114,1407,1521,0.1482629338953854
113,1406,1519,0.14826991870087955
110,1404,1514,0.1482795274698127
108,1407,1515,0.14829734207931627
105,1402,1507,0.14831952047941818
102,1410,1512,0.14834939304803338
99,1413,1512,0.14838635554763305
100,1416,1516,0.14843014165949406
102,1417,1519,0.14846865193766667
103,1420,1523,0.14849832209647781
103,1432,1535,0.14852312463582254
99,1430,1529,0.14854667078737088
100,1436,1536,0.14858052327122293
98,1426,1524,0.1486093571019355
97,1422,1519,0.14864253697950802
98,1426,1524,0.14867679827407446
99,1410,1509,0.1487061480166795
97,1412,1509,0.14873044413487238
99,1404,1503,0.14875904097616974
100,1397,1497,0.14877987121114722
98,1408,1506,0.14879630657656392
99,1415,1514,0.14881779416700433
96,1417,1513,0.1488348270173593
98,1413,1511,0.14885986529379833
96,1413,1509,0.14887713154255175
99,1413,1512,0.14889930727388115
99,1428,1527,0.1489105898202532
97,1422,1519,0.14892068084119092
94,1417,1511,0.14893618995149466
91,1413,1504,0.14895975063856937
93,1414,1507,0.14899086295040256
91,1413,1504,0.1490141598959983
90,1410,1500,0.14904229762492627
89,1418,1507,0.14907220108070712
87,1424,1511,0.14910335035447597
87,1426,1513,0.14913894491059262
87,1434,1521,0.1491728158614459
84,1436,1520,0.14920457637598106
84,1446,1530,0.14924357056922377
81,1439,1520,0.14927985797830406
81,1444,1525,0.14932318415857165
83,1444,1527,0.14936370718414746
85,1445,1530,0.14939501599614086
84,1436,1520,0.14941815696152705
84,1433,1517,0.14944310991158155
85,1425,1510,0.1494662262817717
84,1427,1511,0.14948499520509578
81,1419,1500,0.14950588287735012
82,1420,1502,0.14953467940074744
83,1444,1527,0.14955862799653397
84,1427,1511,0.14957770441490523
89,1435,1524,0.14959265975479663
89,1428,1517,0.1495911489830999
89,1428,1517,0.1495894329263411
87,1416,1503,0.14958777335836776
87,1407,1494,0.14959225241735224
92,1425,1517,0.14959647576312274
89,1413,1502,0.1495853809492761
91,1423,1514,0.14958394896750377
90,1420,1510,0.149576410475196
90,1413,1503,0.1495724357082181
90,1420,1510,0.14956868178597196
85,1422,1507,0.1495650733722919
80,1438,1518,0.14957680750509234
80,1448,1528,0.1496033387742421
80,1434,1514,0.1496279876176417
79,1437,1516,0.14965127304650827
78,1443,1521,0.14967610195406977
75,1446,1521,0.14970276262132548
76,1440,1516,0.1497369032270161
75,1435,1510,0.14976592041987172
74,1441,1515,0.14979657621650602
72,1443,1515,0.14982827391200168
70,1453,1523,0.14986401014281087
70,1452,1522,0.14990377150085765
69,1438,1507,0.1499410248643225
68,1451,1519,0.1499792182852649
67,1448,1515,0.1500178197060106
66,1443,1509,0.1500573744037884
66,1442,1508,0.15009760020184534
63,1435,1498,0.1501354642055528
62,1447,1509,0.15018004568000953
60,1458,1518,0.15022491368412522
61,1464,1525,0.15027318880689294
60,1463,1523,0.15031560573783287
60,1451,1511,0.15035878724783425
58,1443,1501,0.15039945997939236
55,1459,1514,0.15044410338929365
55,1458,1513,0.15049536243069198
55,1454,1509,0.15054335764459414
58,1456,1514,0.1505885524237703
59,1463,1522,0.15062219366961213
60,1468,1528,0.15065099461724846
59,1469,1528,0.15067519130095683
59,1467,1526,0.1507013166533812
58,1457,1515,0.15072626528212077
61,1464,1525,0.15075295279772863
61,1464,1525,0.1507692074906701
65,1454,1519,0.15078494726698982
67,1462,1529,0.1507880313609663
67,1444,1511,0.15078468030508585
68,1455,1523,0.15078121609400916
68,1450,1518,0.15077557851847573
66,1443,1509,0.1507704187972654
63,1445,1508,0.15077170774623241
62,1449,1511,0.15078190085914817
62,1446,1508,0.15079439046984977
61,1460,1521,0.15080639724908637
62,1445,1507,0.15082106228830974
62,1441,1503,0.15083175963314185
57,1457,1514,0.15084191546577863
58,1459,1517,0.1508667673579699
58,1458,1516,0.15088672692989713
58,1465,1523,0.15090508681081816
57,1459,1516,0.15092230157766373
56,1448,1504,0.1509412737910414
54,1443,1497,0.15096204064465266
56,1454,1510,0.15098735374869335
54,1466,1520,0.1510054142529655
54,1461,1515,0.1510281595804337
55,1457,1512,0.1510493986125395
56,1458,1514,0.1510659652932614
55,1455,1510,0.15107843884531388
56,1455,1511,0.15109336931076342
55,1457,1512,0.15110442637739552
54,1467,1521,0.15111815105772777
56,1461,1517,0.1511341057932105
58,1468,1526,0.15114276858382963
57,1459,1516,0.15114535494425105
58,1470,1528,0.15115119439127644
58,1452,1510,0.1511537945487965
57,1462,1519,0.1511563904208434
55,1455,1510,0.15116200051541598
54,1470,1524,0.1511728565089341
52,1461,1513,0.1511862793208099
54,1460,1514,0.15120473211509827
53,1470,1523,0.15121584161836946
52,1477,1529,0.15122914210964214
50,1472,1522,0.15124448846951088
52,1472,1524,0.15126525591991208
54,1469,1523,0.151278886223198
54,1468,1522,0.1512854405296146
53,1464,1517,0.15129142627556702
51,1459,1510,0.15130035035014752
49,1460,1509,0.15131470504919842
48,1451,1499,0.1513341744791068
48,1453,1501,0.15135553473599012
45,1447,1492,0.15137555699081873
45,1454,1499,0.15140354967340555
47,1469,1516,0.15142977582116302
46,1474,1520,0.15144847497755531
45,1474,1519,0.1514693559246486
44,1479,1523,0.1514917264854996
44,1477,1521,0.15151618111992604
42,1475,1517,0.15153916168705744
42,1472,1514,0.15156650727847348
43,1477,1520,0.15159236148881663
42,1482,1524,0.15161314574721055
45,1478,1523,0.1516361210710058
46,1480,1526,0.15164856659861747
43,1485,1528,0.15165721280193695
41,1489,1530,0.15167490206182446
41,1480,1521,0.1516975719782017
40,1481,1521,0.15171883433684616
42,1477,1519,0.15174189722263592
42,1468,1510,0.15175708574291036
42,1468,1510,0.15177129441768886
43,1466,1509,0.1517846049734292
43,1462,1505,0.15179415379351627
43,1477,1520,0.15180319368884984
41,1479,1520,0.1518117201667187
41,1479,1520,0.1518262131988754
41,1481,1522,0.15183946513476942
40,1481,1521,0.1518518668385385
39,1478,1517,0.15186645368904703
37,1470,1507,0.15188338075364005
35,1475,1510,0.15190537009374397
34,1477,1511,0.151932059343557
35,1468,1503,0.15195982630270408
36,1464,1500,0.15198276274416156
35,1460,1495,0.15200133381385184
34,1462,1496,0.1520217429828499
33,1480,1513,0.15204416195560633
32,1494,1526,0.15206811220604544
35,1487,1522,0.15209358039971227
35,1479,1514,0.15210830540233725
35,1491,1526,0.1521221788916901
33,1490,1523,0.15213524292520275
33,1482,1515,0.15215391540918272
34,1477,1511,0.15217123435914948
34,1478,1512,0.1521844810199389
37,1463,1500,0.1521970637696078
36,1464,1500,0.15219945832844986
38,1488,1526,0.15220474892827776
38,1491,1529,0.15220367927732126
38,1489,1527,0.15220270676383468
37,1496,1533,0.15220195452493904
38,1479,1517,0.15220424563883705
38,1466,1504,0.15220327270807837
38,1468,1506,0.15220245883413452
38,1479,1517,0.15220173994721967
38,1485,1523,0.15220110022399808
38,1491,1529,0.15220057193035927
37,1468,1505,0.1522001565570206
37,1486,1523,0.15220282746462135
34,1485,1519,0.15220525245213867
35,1474,1509,0.15221664153639128
34,1480,1514,0.1522240559349335
37,1476,1513,0.15223392136807415
38,1481,1519,0.15223387199210717
39,1492,1531,0.15223119949129316
40,1482,1522,0.15222564825981086
40,1474,1514,0.15221752045909287
39,1478,1517,0.1522099454469775
39,1485,1524,0.1522058292760412
39,1482,1521,0.15220229465937965
40,1472,1512,0.15219893984718616
39,1481,1520,0.15219287422171798
38,1481,1519,0.15219020421668558
35,1469,1504,0.1521906071389016
35,1462,1497,0.15220037335412231
35,1476,1511,0.15220961971268607
34,1491,1525,0.1522182277979823
34,1488,1522,0.15222932219951965
37,1480,1517,0.15223936078227826
39,1472,1511,0.15223933957254224
39,1480,1519,0.15223297174130812
37,1471,1508,0.15222703965519224
35,1488,1523,0.1522273626177482
36,1480,1516,0.152234172499091
34,1474,1508,0.15223722334021578
33,1487,1520,0.15224623238927468
31,1485,1516,0.1522577797868286
32,1483,1515,0.15227479045927525
32,1492,1524,0.15228743962000124
34,1497,1531,0.15229918175146737
34,1500,1534,0.15230392529384765
33,1498,1531,0.15230835725347736
33,1497,1530,0.15231553591284616
33,1494,1527,0.1523221547854887
33,1483,1516,0.1523283287217534
34,1484,1518,0.15233409415904375
32,1484,1516,0.15233640191644793
32,1480,1512,0.15234461643948277
36,1473,1509,0.15235232215846845
35,1471,1506,0.152347453156201
38,1480,1518,0.15234597542419503
38,1483,1521,0.1523352634301356
36,1476,1512,0.1523252549646699
35,1480,1515,0.15232213376893244
35,1497,1532,0.1523223562181337
35,1485,1520,0.1523223085070653
36,1479,1515,0.1523226082219356
37,1489,1526,0.15231958868203166
35,1489,1524,0.15231356005032573
36,1488,1524,0.15231391460440485
35,1480,1515,0.1523111981765747
33,1494,1527,0.15231180352962706
32,1493,1525,0.15231872731759272
34,1498,1532,0.1523282585369723
33,1508,1541,0.15233099675556022
32,1507,1539,0.15233661073493557
32,1505,1537,0.152344965132142
31,1494,1525,0.15235273040427433
28,1493,1521,0.15236316879770703
30,1490,1520,0.15238211309433836
29,1494,1523,0.15239349582653378
30,1490,1520,0.15240736882860295
31,1500,1531,0.15241731941666584
32,1484,1516,0.15242360215941242
33,1484,1517,0.15242643775688694
31,1488,1519,0.1524260860373482
33,1490,1523,0.15243186084310378
34,1489,1523,0.15243108738175518
36,1488,1524,0.15242728359425586
33,1487,1520,0.15241762505886247
33,1478,1511,0.15241795001646122
32,1480,1512,0.15241850315137373
32,1485,1517,0.15242192549882405
31,1471,1502,0.15242520652141445
32,1485,1517,0.15243137308584884
33,1494,1527,0.15243417464526102
34,1499,1533,0.15243338467071618
35,1479,1514,0.15242979916331328
33,1482,1515,0.15242366782318684
35,1484,1519,0.15242403510685032
33,1481,1514,0.15241835658629366
33,1479,1512,0.15241941751491483
33,1482,1515,0.1524205142337936
32,1488,1520,0.1524215896217378
32,1477,1509,0.15242564609258977
32,1476,1508,0.15242923654847118
31,1482,1513,0.1524325067711817
31,1483,1514,0.15243861125137415
30,1501,1531,0.15244432706903666
28,1498,1526,0.15245273692429645
28,1486,1514,0.1524669545306362
26,1487,1513,0.15248025458396686
27,1494,1521,0.15249870968306406
27,1489,1516,0.15251297430146601
27,1493,1520,0.1525264432610976
27,1482,1509,0.15253891833481492
26,1492,1518,0.15255046328920646
26,1491,1517,0.1525644158642268
26,1489,1515,0.15257749030418283
25,1490,1515,0.1525897905611374
26,1499,1525,0.1526044117103057
25,1494,1519,0.15261489630156982
24,1503,1527,0.1526279032495755
22,1506,1528,0.15264316660954214
18,1516,1534,0.15266367822021013
18,1518,1536,0.15269543418375997
17,1515,1532,0.1527251866434478
16,1512,1528,0.15275628062016292
16,1504,1520,0.15278856735259908
15,1503,1518,0.15281881534798777
17,1503,1520,0.1528503477330016
17,1504,1521,0.15287347540155247
17,1498,1515,0.1528951574430977
16,1506,1522,0.15291554497344442
16,1498,1514,0.1529379540932722
15,1503,1518,0.1529590158893571
15,1515,1530,0.1529820210641397
17,1506,1523,0.1530036421392957
18,1496,1514,0.15301734631126568
19,1499,1518,0.1530270847722455
18,1492,1510,0.15303313984162256
19,1489,1508,0.15304202603030986
18,1476,1494,0.1530472215296278
18,1492,1510,0.15305533293604573
18,1481,1499,0.1530630143948212
18,1484,1502,0.15307027358772582
18,1486,1504,0.15307712131787946
17,1484,1501,0.15308357378530885
18,1478,1496,0.15309279398148112
18,1481,1499,0.15309822104315185
17,1491,1508,0.1531034267934572
14,1508,1522,0.1531115948087524
13,1511,1524,0.15312884524507847
13,1514,1527,0.15314811225143882
12,1510,1522,0.15316611730050164
13,1492,1505,0.15318618765470954
13,1492,1505,0.15320180937464603
12,1493,1505,0.15321642801850935
12,1499,1511,0.15323336259775064
13,1505,1518,0.15324922736695948
12,1507,1519,0.1532608408013072
14,1505,1519,0.15327495265471916
14,1500,1514,0.1532818717856483
14,1505,1519,0.15328836257067668
14,1506,1520,0.1532944366690684
13,1496,1509,0.1533001345629546
14,1507,1521,0.15330867214115063
13,1504,1517,0.15331350595209303
14,1506,1520,0.15332133844786391
14,1498,1512,0.15332533652231373
16,1487,1503,0.15332917330039822
16,1491,1507,0.1533264514688436
15,1493,1508,0.1533239169907617
15,1501,1516,0.15332483421527227
15,1502,1517,0.1533256314739332
15,1505,1520,0.15332637027297807
14,1506,1520,0.15332706235425606
13,1523,1536,0.1533309989119744
13,1520,1533,0.15333791564051696
13,1519,1532,0.15334431550156102
13,1512,1525,0.15335029622333912
13,1523,1536,0.15335589709029093
13,1506,1519,0.15336114733590797
13,1499,1512,0.15336607171748404
13,1505,1518,0.15337069222404867
13,1502,1515,0.15337502880824055
13,1492,1505,0.153379091157153
13,1489,1502,0.15338290360920628
13,1496,1509,0.15338649479948285
13,1496,1509,0.15338987480407662
13,1497,1510,0.15339305402211434
13,1507,1520,0.1533960432422028
14,1508,1522,0.15339885317220098
14,1512,1526,0.15339833644223566
14,1503,1517,0.15339784977164467
15,1501,1516,0.15339739853839449
15,1492,1507,0.15339381010751096
15,1485,1500,0.15339044691142512
16,1486,1502,0.1533872890789371
16,1499,1515,0.15338113045482404
15,1501,1516,0.15337535407744327
15,1513,1528,0.1533732285612817
14,1511,1525,0.15337123130325853
13,1498,1511,0.15337252181856817
13,1506,1519,0.15337688302525448
13,1508,1521,0.15338097060833622
11,1514,1525,0.15338479598262417
11,1509,1520,0.1533946981585424
12,1517,1529,0.15340409485719955
13,1514,1527,0.15340973131287225
14,1508,1522,0.15341164825638523
14,1504,1518,0.15341038684816247
14,1501,1515,0.1534092180807961
13,1506,1519,0.1534081199277107
12,1508,1520,0.15341028861102804
12,1506,1518,0.15341551666928877
13,1500,1513,0.153420431742412
13,1489,1502,0.15342184050119748
12,1490,1502,0.15342313841745153
13,1493,1506,0.15342767342498992
13,1505,1518,0.15342866763821017
13,1513,1526,0.1534295711724315
13,1515,1528,0.15343041002427454
13,1502,1515,0.15343119537784036
13,1503,1516,0.15343193263088284
13,1507,1520,0.15343262547495076
13,1507,1520,0.15343327691219724
13,1497,1510,0.15343388957492987
13,1504,1517,0.15343446584945877
13,1512,1525,0.15343500793420006
11,1506,1517,0.1534355178719676
11,1499,1510,0.15344225314192086
11,1492,1503,0.153448578593548
11,1500,1511,0.15345452966918885
12,1508,1520,0.1534600984025132
11,1502,1513,0.15346198228715868
10,1491,1501,0.1534670023024513
11,1498,1509,0.1534749302154183
10,1510,1520,0.15347922131515634
10,1504,1514,0.15348644124873373
10,1498,1508,0.15349323980545457
10,1508,1518,0.1534996295806522
9,1509,1518,0.15350563148361254
9,1506,1515,0.15351458909382165
9,1498,1507,0.1535229290609592
9,1508,1517,0.1535307426824634
8,1507,1515,0.15353807126927985
8,1501,1509,0.15354814350384405
8,1509,1517,0.1535576107600719
8,1516,1524,0.15356650688150122
8,1511,1519,0.15357486355629352
8,1516,1524,0.15358271291904405
8,1509,1517,0.1535900858417096
8,1510,1518,0.15359701149596647
8,1507,1515,0.153603517302186
8,1489,1497,0.15360962898855926
8,1506,1514,0.1536153706815044
8,1500,1508,0.15362076500261007
8,1489,1497,0.15362583316375708
8,1481,1489,0.15363059505756277
8,1501,1509,0.15363506934230134
10,1511,1521,0.15363927352122453
10,1503,1513,0.1536366706904362
10,1515,1525,0.15363430932177005
10,1499,1509,0.15363211208245806
9,1500,1509,0.15363006136200544
8,1511,1519,0.15363147171546113
9,1516,1525,0.15363593704798453
9,1513,1522,0.15363693920282545
10,1515,1525,0.15363786758863276
8,1517,1525,0.15363556158126476
8,1513,1521,0.15363980989934045
7,1510,1517,0.15364378091074385
7,1494,1501,0.15365071001425878
7,1498,1505,0.15365722318828967
5,1492,1497,0.15366334219415392
6,1503,1509,0.15367551670864127
6,1510,1516,0.15368381399577047
6,1506,1512,0.15369160687776795
6,1503,1509,0.1536989225776873
6,1504,1510,0.15370579267922363
5,1504,1509,0.15371224562723046
6,1483,1489,0.15372148361792454
6,1491,1497,0.1537269858211995
6,1486,1492,0.15373216153164063
6,1497,1503,0.1537370217389782
6,1490,1496,0.1537415868679358
6,1507,1513,0.15374587581503385
6,1499,1505,0.153749905824019
6,1500,1506,0.15375369283441742
7,1510,1517,0.15375725169194465
7,1499,1506,0.15375742806325685
7,1506,1513,0.15375758094907416
8,1502,1510,0.15375772314162395
8,1505,1513,0.15375462120226216
7,1505,1512,0.1537516947693278
7,1510,1517,0.15375230064344464
7,1527,1534,0.1537527985936349
7,1523,1530,0.15375325297757178
6,1525,1531,0.15375367539491833
6,1518,1524,0.15375721433010553
6,1516,1522,0.15376054718583698
6,1509,1515,0.15376368469109142
5,1503,1508,0.1537666358787689
4,1506,1510,0.15377264014204597
5,1501,1506,0.15378154682712228
5,1513,1518,0.15378677367744772
5,1514,1519,0.15379168313550093
4,1513,1517,0.15379628831988199
4,1517,1521,0.15380376021828543
4,1510,1514,0.1538107987308274
4,1510,1514,0.15381741557893785
4,1511,1515,0.1538236319537572
4,1507,1511,0.15382947143747916
4,1519,1523,0.15383495701660854
4,1513,1517,0.15384011044441961
6,1494,1500,0.15384495214605748
6,1506,1512,0.1538431634716564
5,1525,1530,0.15384147267468332
5,1522,1527,0.15384304467535587
5,1529,1534,0.15384452333163617
5,1513,1518,0.1538459174263242
5,1508,1513,0.1538472293083243
5,1503,1508,0.153848462943513
5,1489,1494,0.1538496227224379
5,1488,1493,0.15385071298936323
5,1495,1500,0.15385173789960857
5,1496,1501,0.15385270138161122
5,1513,1518,0.153853607133268
6,1502,1508,0.15385445862981284
6,1505,1511,0.15385206663806872
5,1500,1505,0.15384982551844556
6,1504,1510,0.15385087384131776
6,1514,1520,0.15384871551106388
6,1513,1519,0.1538466768723513
6,1504,1510,0.1538447586875278
6,1508,1514,0.153842957151845
4,1517,1521,0.1538412658953774
5,1506,1511,0.1538462129042259
5,1507,1512,0.15384764454339867
5,1512,1517,0.15384898613445996
5,1523,1528,0.15385023669075915
5,1503,1508,0.15385140426905355
5,1510,1515,0.15385249644146498
5,1516,1521,0.1538535194789473
5,1499,1504,0.1538544786613487
5,1508,1513,0.15385537856344442
5,1516,1521,0.15385622324110998
5,1520,1525,0.15385701634981866
5,1510,1515,0.15385776122239306
5,1504,1509,0.15385846092219796
5,1506,1511,0.15385911828114768
5,1512,1517,0.15385973592802044
4,1515,1519,0.15386031631037742
4,1522,1526,0.15386401353076823
4,1524,1528,0.15386748519049762
4,1516,1520,0.1538707512178096
5,1523,1528,0.15387382183048687
5,1524,1529,0.15387350358396013
5,1503,1508,0.15387321147894573
5,1496,1501,0.15387293434165283
5,1495,1500,0.15387267178004815
5,1503,1508,0.15387242392008246
5,1508,1513,0.1538721904789863
4,1517,1521,0.15387197091329438
4,1519,1523,0.1538749141473886
4,1516,1520,0.1538776855228485
4,1521,1525,0.15388029330632566
4,1518,1522,0.15388274640653368
5,1513,1518,0.15388505292086915
5,1510,1515,0.15388403458011407
7,1495,1502,0.15388308741739354
7,1513,1520,0.15387585457636782
7,1513,1520,0.15386908153643725
7,1518,1525,0.15386272240082619
7,1518,1525,0.15385674939197513
7,1521,1528,0.15385113940393133
9,1519,1528,0.15384587073004016
9,1511,1520,0.15383459891673315
9,1512,1521,0.15382404966797625
9,1501,1510,0.1538141516634607
9,1497,1506,0.15380485960309534
9,1498,1507,0.15379613532070738
9,1510,1519,0.153787943719331
9,1508,1517,0.15378025194646835
9,1510,1519,0.15377302917407118
9,1511,1520,0.15376624647846301
8,1508,1516,0.15375987673375455
8,1509,1517,0.1537570487245017
8,1516,1524,0.15375437890843113
8,1520,1528,0.1537518686931967
8,1520,1528,0.15374951010385815
9,1513,1522,0.15374729387243014
9,1516,1525,0.1537420990688026
9,1522,1531,0.15373723425376176
9,1522,1531,0.15373266675214864
9,1515,1524,0.15372837822184177
9,1509,1518,0.15372435170817064
9,1503,1512,0.1537205710647473
9,1511,1520,0.15371702105394036
9,1519,1528,0.153713687369412
9,1508,1517,0.15371055660688204
7,1506,1513,0.1537076162158386
7,1514,1521,0.15371107632161432
7,1500,1507,0.15371432152215073
8,1506,1514,0.15371737061729435
8,1512,1520,0.15371711810649874
8,1503,1511,0.15371687968850503
8,1504,1512,0.15371665262329995
8,1505,1513,0.1537164374102299
8,1503,1511,0.15371623402452755
8,1498,1506,0.1537160420743129
8,1497,1505,0.15371586103374976
8,1496,1504,0.15371569034114643
8,1494,1502,0.1537155294376947
8,1498,1506,0.15371537778282218
7,1503,1510,0.15371523486001998
7,1517,1524,0.15371819229697178
8,1528,1536,0.15372096512618105
8,1521,1529,0.15372046576624027
9,1512,1521,0.1537200072340859
9,1505,1514,0.15371647710029918
9,1495,1504,0.15371317827505276
10,1505,1515,0.15371008685574084
10,1520,1530,0.15370406001726444
10,1515,1525,0.15369841004775656
10,1520,1530,0.15369310888608928
10,1509,1519,0.15368813622359845
9,1488,1497,0.153683471612537
8,1490,1498,0.15368219305577574
9,1504,1513,0.1536841251023302
9,1509,1518,0.15368277621154613
9,1513,1522,0.15368152112341232
9,1495,1504,0.15368034361069124
9,1507,1516,0.15367923783092344
9,1501,1510,0.1536781993739083
9,1487,1496,0.15367722412574122
8,1480,1488,0.15367630819785408
8,1492,1500,0.1536785413077074
8,1510,1518,0.15368063336108315
8,1513,1521,0.1536825945589863
7,1526,1533,0.153684435406315
7,1512,1519,0.1536892730190246
7,1510,1517,0.15369380542218927
7,1506,1513,0.1536980615324031
7,1500,1507,0.15370205892506492
8,1501,1509,0.153705813041493
8,1510,1518,0.15370624538812752
8,1507,1515,0.1537066611928971
7,1497,1504,0.15370710242490215
7,1500,1507,0.15371060186623584
6,1507,1513,0.15371388566388106
6,1509,1515,0.15372009123470945
6,1501,1507,0.15372591240338188
7,1491,1498,0.153731381387206
9,1499,1508,0.1537333287256005
9,1512,1521,0.1537289438033134
8,1520,1528,0.15372485995865268
9,1524,1533,0.15372412115541703
9,1521,1530,0.1537203253521302
9,1516,1525,0.1537167740829223
9,1502,1511,0.15371344465050163
9,1494,1503,0.15371032103957627
8,1495,1503,0.15370739010754036
8,1510,1518,0.15370771000803662
8,1504,1512,0.15370800513958155
8,1498,1506,0.15370828195496253
8,1507,1515,0.15370854130575679
8,1507,1515,0.15370878378386113
8,1512,1520,0.15370901031453404
8,1504,1512,0.15370922193616438
10,1525,1535,0.15370941968052698
10,1518,1528,0.1537034045212574
10,1515,1525,0.15369776721352627
10,1507,1517,0.15369248183079132
10,1509,1519,0.15368752774081107
9,1506,1515,0.1536828839306313
9,1499,1508,0.153681623936632
8,1503,1511,0.15368042959915915
8,1513,1521,0.15368243959829467
8,1513,1521,0.1536843173191088
8,1513,1521,0.1536860807179351
8,1517,1525,0.15368773702130734
8,1508,1516,0.15368929221542327
8,1509,1517,0.15369075216877964
8,1502,1510,0.15369212259344445
8,1508,1516,0.15369340895982675
8,1506,1514,0.1536946164538966
8,1514,1522,0.15369574996410307
7,1516,1523,0.15369681408415822
8,1514,1522,0.1537008959013562
8,1510,1518,0.15370164176759837
8,1513,1521,0.1537023454630075
8,1516,1524,0.15370300462007644
8,1518,1526,0.15370362337139787
9,1513,1522,0.1537042047658816
9,1510,1519,0.1537015574773774
8,1511,1519,0.1536990800935449
8,1515,1523,0.15369986177570108
9,1503,1512,0.15370061005947597
9,1506,1515,0.1536981338573917
9,1509,1518,0.15369581494509296
9,1511,1520,0.15369363392254154
10,1500,1510,0.1536915815609714
9,1495,1504,0.15368653744427174
10,1487,1497,0.1536849089896498
11,1502,1513,0.15368021016667707
11,1499,1510,0.15367271268580512
9,1498,1507,0.1536656284298932
9,1487,1496,0.15366516534602753
10,1492,1502,0.15366473129980235
10,1488,1498,0.15366123095332462
10,1491,1501,0.1536579457027222
10,1496,1506,0.1536548556155796
10,1513,1523,0.15365194968356832
10,1516,1526,0.1536492176995033
8,1521,1529,0.15364664964885313
8,1517,1525,0.15365046738022897
8,1517,1525,0.1536540427101981
8,1502,1510,0.15365740222465363
7,1496,1503,0.15366055693501246
6,1520,1526,0.15366668197435127
6,1514,1520,0.15367554820509974
6,1504,1510,0.15368388287028403
6,1496,1502,0.15369171655015118
6,1501,1507,0.153699078365975
6,1505,1511,0.1537059954969936
5,1524,1529,0.15371249411502544
5,1529,1534,0.15372179703028974
5,1530,1535,0.1537305334427608
5,1523,1528,0.15373874301181964
4,1527,1531,0.153746458947547
3,1520,1523,0.15375691060694435
2,1519,1521,0.1537699341436204
2,1508,1510,0.15378533433021993
3,1505,1508,0.15379983668272426
2,1504,1506,0.15381031027670164
2,1510,1512,0.1538233665786182
3,1518,1521,0.15383563498926187
3,1513,1516,0.15384397717207032
3,1513,1516,0.153851825454117
3,1517,1520,0.15385920208679071
3,1517,1520,0.15386613589878334
3,1517,1520,0.15387265427410848
3,1500,1503,0.15387878253643347
3,1512,1515,0.15388454423151157
3,1520,1523,0.15388996137016808
3,1510,1513,0.1538950545910029
3,1520,1523,0.153899843275916
3,1515,1518,0.15390434564032124
3,1513,1516,0.15390857880922781
3,1526,1529,0.15391255888471395
3,1512,1515,0.15391630100755843
3,1506,1509,0.1539198194144554
3,1487,1490,0.1539231274915777
2,1504,1506,0.15392623782493037
2,1510,1512,0.1539323333379234
2,1510,1512,0.15393808152727612
2,1506,1508,0.15394349336139268
2,1504,1506,0.1539485835825745
2,1507,1509,0.15395336944593255
2,1502,1504,0.15395786848769352
2,1516,1518,0.15396209767706026
2,1518,1520,0.15396607315232103
2,1512,1514,0.1539698101559914
2,1509,1511,0.1539733230414004
2,1510,1512,0.15397662530599873
2,1504,1506,0.1539797296342989
2,1510,1512,0.1539826479434437
2,1521,1523,0.15398539142840298
2,1517,1519,0.15398797060550928
2,1506,1508,0.15399039535381318
2,1498,1500,0.1539926749540944
2,1507,1509,0.1539948181255348
2,1504,1506,0.1539968330601345
2,1499,1501,0.15399872745498558
2,1504,1506,0.15400050854252906
2,1512,1514,0.15400218311892017
2,1511,1513,0.15400375757062337
2,1508,1510,0.1540052378993515
2,1511,1513,0.15400662974545612
1,1504,1505,0.15400793840986954
1,1503,1504,0.15401236002286642
1,1503,1504,0.15401653337198543
1,1493,1494,0.15402046633687336
1,1502,1503,0.15402416869625415
1,1506,1507,0.15402765175517213
1,1509,1510,0.15403092745504451
1,1504,1505,0.15403400763975633
1,1514,1515,0.15403690373579973
1,1506,1507,0.15403962662870796
1,1518,1519,0.15404218662479296
1,1517,1518,0.15404459345066987
1,1515,1516,0.15404685626982004
1,1513,1514,0.15404898370668998
0,1522,1522,0.15405098387378163
