1351,30,1381,0.1358407586810684
1401,31,1432,0.13306718216276459
1425,32,1457,0.13039584849353847
1438,32,1470,0.12789449862785254
1444,30,1474,0.12557936582946208
1463,29,1492,0.12345456406131378
1467,30,1497,0.12146865141211176
1460,29,1489,0.11964957683054621
1465,26,1491,0.11800994050285968
1457,26,1483,0.11650400409262979
1460,23,1483,0.11515132321871402
1457,22,1479,0.1139119341719459
1459,22,1481,0.1127900430773638
1469,23,1492,0.1117635025725011
1461,25,1486,0.11080537338473892
1465,26,1491,0.10995099783769184
1465,27,1492,0.10916386270685717
1471,27,1498,0.10844704609479065
1469,25,1494,0.10778037030679627
1478,25,1503,0.10717788886451711
1460,26,1486,0.10660910018555268
1460,26,1486,0.10613133111843488
1455,27,1482,0.10569602807831821
1456,28,1484,0.10531108011748451
1459,29,1488,0.1049582703262402
1464,27,1491,0.10462977097514575
1473,27,1500,0.10431974278614349
1486,28,1514,0.10401792874500249
1476,28,1504,0.10371432326843424
1469,30,1499,0.10345974436763006
1483,31,1514,0.10324298068078225
1474,30,1504,0.10301469826658095
1485,29,1514,0.10282679141880108
1471,28,1499,0.10263171952138644
1471,29,1500,0.10248431083257238
1464,27,1491,0.10235020568407638
1469,27,1496,0.10224328180174135
1464,28,1492,0.10213505158800952
1468,25,1493,0.10204684090635877
1461,27,1488,0.1019579350007237
1469,28,1497,0.10189203046115698
1458,30,1488,0.10181461938613484
1470,31,1501,0.1017681683833911
1458,32,1490,0.1016995678232128
1466,32,1498,0.10166302176117675
1460,34,1494,0.10161273224946477
1469,30,1499,0.10158014943701954
1460,32,1492,0.10153179626154138
1459,31,1490,0.10150710982437432
1462,29,1491,0.10148648702748093
1447,29,1476,0.10146060470214274
1446,27,1473,0.10146907304436986
1451,27,1478,0.10147909656230696
1457,27,1484,0.10147832325012984
1459,28,1487,0.10146420321973054
1457,28,1485,0.10144699034159178
1463,28,1491,0.1014354590231924
1458,31,1489,0.10141202079995733
1451,31,1482,0.10140121587860634
1464,34,1498,0.1014063270145137
1469,34,1503,0.10138315691117812
1480,32,1512,0.10135180943752349
1470,32,1502,0.10129995799451404
1470,32,1502,0.10127415954512145
1469,33,1502,0.10125084908457563
1463,33,1496,0.10123122037002961
1464,33,1497,0.10122623466166428
1467,32,1499,0.10121963684861321
1469,32,1501,0.10120729174377228
1468,37,1505,0.10119189098069124
1450,38,1488,0.10117973696604142
1456,38,1494,0.1012072155660348
1463,38,1501,0.10121961056389604
1455,38,1493,0.10121610833336903
1468,35,1503,0.10122965413315001
1473,35,1508,0.10121464130389995
1465,33,1498,0.10119021199300397
1459,34,1493,0.10118498537864724
1472,34,1506,0.10119321044996067
1470,37,1507,0.10117269805728142
1464,38,1502,0.1011581274213352
1447,38,1485,0.10115818484536543
1454,37,1491,0.10119421473810267
1453,37,1490,0.101212344602007
1453,38,1491,0.1012306170371725
1446,36,1482,0.10124729574896779
1438,38,1476,0.1012768291681269
1453,36,1489,0.10132085286720809
1445,39,1484,0.10132937997655295
1452,39,1491,0.1013540580422429
1447,40,1487,0.1013615898174196
1461,40,1501,0.10137904563714382
1460,41,1501,0.10136515883292663
1460,42,1502,0.10135471520523524
1459,41,1500,0.10134551012116864
1456,40,1496,0.10133915751872177
1465,39,1504,0.1013399072576712
1459,39,1498,0.10132154855290137
1450,39,1489,0.10131796631699647
1447,40,1487,0.10133351105994137
1448,40,1488,0.10135399070325586
1451,40,1491,0.10137035886325432
1450,40,1490,0.10137952500230778
1448,40,1488,0.1013903927286346
1450,38,1488,0.10140380930317586
1458,36,1494,0.10141204432115428
1460,36,1496,0.10140252421564916
1459,34,1493,0.10138905200230144
1463,36,1499,0.10137889663279892
1459,36,1495,0.1013611783610647
1460,36,1496,0.10135379117361878
1455,39,1494,0.10134481405236037
1455,39,1494,0.10134644711039037
1458,38,1496,0.10134821311199822
1458,42,1500,0.10134353150794315
1457,43,1500,0.10133908082288279
1447,40,1487,0.1013377183487028
1452,39,1491,0.10135737151028938
1446,39,1485,0.10136536212634034
1443,42,1485,0.10138576511074639
1454,39,1493,0.1014106129078764
1454,42,1496,0.1014098862581758
1455,43,1498,0.10140900677391514
1437,46,1483,0.10140595310225847
1431,49,1480,0.10144180830863143
1428,50,1478,0.1014877735201819
1436,49,1485,0.10153649277402937
1438,53,1491,0.10156306026235416
1445,52,1497,0.10158303510488555
1434,51,1485,0.10158662271510607
1440,50,1490,0.10161287818586709
1444,49,1493,0.10162394462171537
1442,51,1493,0.10162579152159276
1444,50,1494,0.1016312987857071
1444,52,1496,0.10163207413027824
1451,52,1503,0.10163327124809843
1446,52,1498,0.1016195085543605
1462,51,1513,0.1016172865384102
1466,52,1518,0.10158133427010413
1448,52,1500,0.1015401003006999
1452,51,1503,0.10154103483341653
1450,53,1503,0.10153327720421597
1447,53,1500,0.10153048122821778
1455,53,1508,0.10153421373205297
1442,54,1496,0.10152102163380064
1431,54,1485,0.10153628269752818
1431,55,1486,0.10157320777687011
1433,56,1489,0.1016076954848483
1451,58,1509,0.10163524412756055
1447,57,1504,0.10162190091256824
1450,58,1508,0.10161823478035016
1449,58,1507,0.10160825398893218
1443,59,1502,0.10160116918214986
1435,61,1496,0.10160796602571878
1421,60,1481,0.10163157547103222
1435,64,1499,0.10168301842013899
1439,63,1502,0.10169958139286006
1434,65,1499,0.10170637575772842
1433,66,1499,0.10172351358470434
1426,65,1491,0.10174107666468622
1423,63,1486,0.10177232580217256
1434,66,1500,0.10180759649139773
1433,66,1499,0.1018159079281402
1431,70,1501,0.10182552080273194
1431,70,1501,0.10183933827386861
1430,69,1499,0.10185252872927447
1440,70,1510,0.10186712067301168
1427,69,1496,0.10185855467334401
1416,71,1487,0.10187829507383223
1412,70,1482,0.10191936492479282
1410,67,1477,0.10196545522275531
1414,69,1483,0.10201161197662881
1423,72,1495,0.10204514984915719
1427,74,1501,0.10205707064122191
1409,73,1482,0.10205929792160096
1406,73,1479,0.10210001744015208
1406,71,1477,0.1021447612157328
1408,73,1481,0.10218486294479215
1411,74,1485,0.1022171969499399
1409,74,1483,0.10224045075400447
1423,74,1497,0.10226649675614745
1420,75,1495,0.10225974512316072
1430,75,1505,0.10225978573406845
1420,75,1495,0.10223812244048106
1419,72,1491,0.10223901156961727
1412,76,1488,0.10224248840463687
1414,77,1491,0.10226114077816958
1413,78,1491,0.10227379022981452
1425,78,1503,0.10228740183219019
1426,77,1503,0.10227437230645713
1424,80,1504,0.10225954923639226
1431,80,1511,0.10225084957720121
1415,78,1493,0.10222768410436511
1406,76,1482,0.10224058028437924
1411,74,1485,0.10227177044528105
1409,72,1481,0.10228998622539569
1417,70,1487,0.10231082451146185
1420,70,1490,0.1023121801452313
1413,69,1482,0.10230730965880205
1419,69,1488,0.10231770448572057
1417,68,1485,0.10231392512244808
1428,71,1499,0.10231471339688866
1434,72,1506,0.10229183248769674
1438,71,1509,0.10225802444595658
1430,71,1501,0.10221821128655946
1439,71,1510,0.10219932448452879
1425,71,1496,0.1021631114975165
1420,71,1491,0.10216019463225727
1425,70,1495,0.10216796011898731
1422,72,1494,0.10216456717857338
1435,71,1506,0.10216813795575246
1440,70,1510,0.10214346313713545
1430,71,1501,0.10211061466833585
1427,69,1496,0.10210178089308951
1424,67,1491,0.10209981565742908
1415,71,1486,0.10210414855169575
1431,69,1500,0.10212789319334355
1421,70,1491,0.10211524884715907
1424,73,1497,0.1021250773422463
1423,74,1497,0.10212781561886136
1427,75,1502,0.10213167177578057
1432,74,1506,0.10212708283241907
1426,73,1499,0.10211227431135995
1421,75,1496,0.1021118795452836
1422,75,1497,0.10212255135285311
1431,71,1502,0.10212968246871806
1429,70,1499,0.10211689373525072
1426,74,1500,0.10210953754982499
1423,75,1498,0.10210938266581508
1420,71,1491,0.10211510636591818
1432,72,1504,0.10212712249685973
1419,72,1491,0.10211267531841972
1418,74,1492,0.102127132311005
1417,73,1490,0.10214248661566697
1416,76,1492,0.10215884335173456
1415,76,1491,0.10217637229823459
1414,78,1492,0.10219425253447341
1419,80,1499,0.10221285104262268
1419,78,1497,0.10221927320326465
1408,75,1483,0.10222444885881174
1410,77,1487,0.10225250093851841
1400,77,1477,0.1022737419731259
1403,79,1482,0.10231483846259215
1399,81,1480,0.1023458184874599
1403,80,1483,0.10238202749915057
1402,78,1480,0.10240695686191227
1401,76,1477,0.10243220091943456
1409,80,1489,0.1024581964556405
1402,76,1478,0.10246372490462981
1403,77,1480,0.10248391614177739
1399,75,1474,0.10250014904204603
1416,78,1494,0.10252373617330889
1409,79,1488,0.10250848027229459
1410,80,1490,0.10250994485499826
1406,82,1488,0.10250900848689053
1408,82,1490,0.10251726284961889
1408,81,1489,0.10252123784354293
1407,81,1488,0.1025243766482781
1396,81,1477,0.10252962119616414
1389,79,1468,0.10255757876427302
1408,77,1485,0.10259911188099323
1411,78,1489,0.10259560101985617
1417,75,1492,0.10258554201365395
1418,76,1494,0.1025637752917927
1414,75,1489,0.10254127913342054
1411,75,1486,0.10252991597920748
1392,76,1468,0.1025259705317312
1399,79,1478,0.10256223391470524
1402,80,1482,0.10258072328978184
1402,83,1485,0.10259070647179723
1402,82,1484,0.10260065808831
1406,83,1489,0.10260971379062188
1399,86,1485,0.10260960902090993
1405,88,1493,0.10262449900682487
1412,87,1499,0.10262466988607605
1402,89,1491,0.102609660985344
1412,90,1502,0.1026168420010012
1413,88,1501,0.1026021771993901
1402,89,1491,0.10258733422582729
1409,92,1501,0.10259742131337311
1404,90,1494,0.10259107800729861
1414,90,1504,0.10259639774466887
1413,89,1502,0.10258077068175286
1416,88,1504,0.10256901503375733
1413,86,1499,0.10255157477018688
1417,81,1498,0.10254180832258503
1409,81,1490,0.1025235574266602
1406,79,1485,0.10252384524635186
1417,81,1498,0.10253048764063895
1428,80,1508,0.10251356597490649
1425,80,1505,0.10247378387364225
1412,84,1496,0.10244373559456492
1411,82,1493,0.10244437324078103
1410,86,1496,0.10244771971407955
1418,87,1505,0.10245286915378796
1413,87,1500,0.10244108789167582
1421,87,1508,0.10244172010733887
1413,84,1497,0.1024247114139702
1409,83,1492,0.10242647536021238
1413,83,1496,0.10243750956301706
1417,82,1499,0.10243904793519298
1401,84,1485,0.10243145967164231
1390,83,1473,0.10245891655229959
1390,85,1475,0.10250826724834368
1387,81,1468,0.10255320608819779
1391,84,1475,0.10260127507244551
1387,84,1471,0.10263639417421039
1393,85,1478,0.10267627640197823
1403,90,1493,0.10270026306007775
1400,91,1491,0.10270016073659875
1400,91,1491,0.10270625436892629
1410,86,1496,0.10271262615090723
1405,84,1489,0.10269657842590256
1397,83,1480,0.10269297859040122
1395,83,1478,0.10270641875142257
1397,80,1477,0.10272263317938465
1397,85,1482,0.10273322831475476
1403,87,1490,0.10274242578779097
1397,87,1484,0.10273776334805822
1396,86,1482,0.10274577633041919
1413,83,1496,0.10275652564316863
1405,87,1492,0.10272956720312627
1419,88,1507,0.10272221632744753
1418,88,1506,0.10268500023948546
1419,87,1506,0.10265324585629845
1417,87,1504,0.10262297872426877
1416,86,1502,0.10259957907199199
1414,87,1501,0.10258037617330779
1403,85,1488,0.1025666595557006
1398,84,1482,0.10257849300048355
1403,82,1485,0.10260002852401745
1415,81,1496,0.1026088488649088
1411,82,1493,0.10259011773164335
1400,84,1484,0.102581181768042
1402,88,1490,0.10259631913151225
1411,89,1500,0.10260633281247518
1414,88,1502,0.10259632016521035
1413,88,1501,0.10258056208538166
1396,93,1489,0.10256843916441909
1404,91,1495,0.10259428826961887
1409,90,1499,0.10260046690649319
1421,91,1512,0.10259526508912307
1420,89,1509,0.10256454025487721
1424,87,1511,0.10253839431220921
1417,87,1504,0.10250591733288944
1418,90,1508,0.10249144576571535
1422,90,1512,0.1024765539081328
1419,90,1509,0.10245423756132396
1399,92,1491,0.10244043064572636
1392,93,1485,0.10247070765872213
1395,94,1489,0.10251291232228046
1402,97,1499,0.10254505831763183
1406,97,1503,0.10255971780128881
1398,94,1492,0.1025645659169469
1398,92,1490,0.10258614721640455
1407,94,1501,0.10260572155660881
1394,97,1491,0.10260473321236165
1396,97,1493,0.10263172313971741
1393,99,1492,0.10265193550575898
1392,98,1490,0.1026769579791134
1384,95,1479,0.10270154808383608
1379,96,1475,0.10274105329129675
1392,98,1490,0.10278827399932026
1378,96,1474,0.10280376353608647
1393,101,1494,0.102848511987107
1402,104,1506,0.10285678250193526
1416,101,1517,0.10284535578650673
1412,103,1515,0.10280502153907844
1396,104,1500,0.10277728136384921
1394,104,1498,0.10278639029429731
1398,106,1504,0.10280009457759672
1381,102,1483,0.10280422580171635
1376,102,1478,0.10284429730388409
1379,104,1483,0.10289111988333442
1384,106,1490,0.10292841178653644
1382,105,1487,0.10295226544592471
1385,107,1492,0.10297881636549175
1391,112,1503,0.10299663586455343
1393,113,1506,0.10299962294490499
1391,115,1506,0.10299879818690151
1394,118,1512,0.10300254699281985
1373,115,1488,0.10299991079813467
1390,119,1509,0.10304374577052194
1371,120,1491,0.10304743353877903
1362,122,1484,0.10309243719933846
1359,125,1484,0.10315295400926627
1347,121,1468,0.10321472122275292
1357,121,1478,0.10329797819946082
1361,121,1482,0.10335179250033136
1360,122,1482,0.10339164287821934
1368,120,1488,0.10342948183884161
1372,119,1491,0.10344565400752569
1380,120,1500,0.10345159996109465
1380,123,1503,0.10343950598187383
1382,118,1500,0.10342850921146325
1390,120,1510,0.10341441647233399
1390,119,1509,0.10338512557415318
1386,115,1501,0.10335786239254109
1395,113,1508,0.10334235165818191
1385,115,1500,0.10330895094650824
1383,114,1497,0.1033001898639106
1378,114,1492,0.10329600828080654
1378,111,1489,0.10330266408420212
1359,117,1476,0.10330864188038476
1365,117,1482,0.10335506721726627
1365,121,1486,0.10338497314917408
1360,123,1483,0.10341267136438496
1358,127,1485,0.10344955702124128
1362,125,1487,0.10348734883164838
1367,126,1493,0.10351308257659174
1377,123,1500,0.10352550163674731
1389,123,1512,0.10351528907523061
1390,125,1515,0.10347995173516442
1378,123,1501,0.10344578619379863
1374,124,1498,0.10344073284734058
1381,122,1503,0.10344431399218955
1384,120,1504,0.10343165329730092
1382,123,1505,0.10341460186777983
1381,124,1505,0.10340319020493131
1377,128,1505,0.10339464835580843
1376,124,1500,0.10339610679359607
1383,121,1504,0.10339991104571224
1374,125,1499,0.10338744388009279
1376,126,1502,0.10339446331183981
1371,127,1498,0.10339739290807128
1379,126,1505,0.10341115424771793
1376,128,1504,0.10340622426712581
1372,126,1498,0.10340810322195923
1365,125,1490,0.10341808321466814
1366,128,1494,0.10344192909843032
1368,126,1494,0.10346252394113412
1371,125,1496,0.1034767711823473
1376,127,1503,0.10348228357888466
1382,127,1509,0.10347702944853104
1383,125,1508,0.10345895392019402
1384,123,1507,0.10344090908902893
1367,121,1488,0.10342231185659961
1374,123,1497,0.10344134657676336
1378,123,1501,0.1034437456044033
1385,123,1508,0.10343753036991188
1379,122,1501,0.10341649827093935
1364,124,1488,0.10340979654298081
1375,123,1498,0.1034358018688692
1379,124,1503,0.10343594656648641
1368,123,1491,0.10342721987714523
1356,121,1477,0.10344207303327906
1354,123,1477,0.10348199213002957
1363,128,1491,0.10352293029757632
1360,129,1489,0.10354121410984807
1359,125,1484,0.1035643693474757
1364,128,1492,0.10358777091903398
1368,126,1494,0.10359775407907203
1363,121,1484,0.1035985150412997
1352,122,1474,0.10361004054410644
1352,120,1472,0.10364493994410108
1365,120,1485,0.10367652727772772
1356,118,1474,0.10367685744586243
1360,117,1477,0.10369626352870681
1360,120,1480,0.10370525659906153
1376,115,1491,0.1037129499448868
1376,117,1493,0.10368593418109213
1381,117,1498,0.10366111359683712
1381,116,1497,0.10362715393090348
1371,119,1490,0.10359628385713193
1365,122,1487,0.10358943147872375
1363,126,1489,0.10359638586565996
1368,127,1495,0.10360807867957213
1358,129,1487,0.10360775884905149
1368,131,1499,0.1036292753902332
1375,131,1506,0.10362739654665946
1369,133,1502,0.10361080299549603
1358,138,1496,0.1036087072843773
1354,135,1489,0.10363089002988594
1352,134,1486,0.10365923871157871
1349,132,1481,0.10368970589243513
1353,136,1489,0.10372468657525513
1367,135,1502,0.10374857001091846
1352,134,1486,0.10373987746660761
1353,135,1488,0.10376459308349832
1350,134,1484,0.10378540715437748
1352,134,1486,0.10381035183851171
1354,137,1491,0.10382859086193076
1358,138,1496,0.1038408121072991
1367,139,1506,0.10384361161956707
1359,137,1496,0.10382681748051407
1343,141,1484,0.10382905035508533
1342,140,1482,0.10386553824833246
1350,137,1487,0.10390153849084045
1335,138,1473,0.10391718492546195
1355,139,1494,0.10396442003319159
1355,141,1496,0.10396360872891129
1356,145,1501,0.10396278348154078
1349,147,1496,0.10396059040903358
1354,145,1499,0.10397376132148509
1351,144,1495,0.10397517117022832
1343,148,1491,0.10398273539356677
1345,147,1492,0.10400691739791323
1348,152,1500,0.10402531395831283
1354,151,1505,0.10403545706416142
1349,153,1502,0.10403162879431668
1354,153,1507,0.10403875787709033
1352,152,1504,0.10403465352887191
1352,153,1505,0.10403596863104707
1358,153,1511,0.10403747357326566
1350,151,1501,0.10402470775813395
1354,152,1506,0.10403089840719577
1358,152,1510,0.10402766705152004
1338,152,1490,0.10401607337862918
1341,155,1496,0.10404833890553096
1338,159,1497,0.10407181528745191
1330,157,1487,0.10409979190769722
1324,159,1483,0.10414240433259031
1328,162,1490,0.10419451215329008
1328,164,1492,0.10423278670402715
1330,161,1491,0.10426841870505693
1328,165,1493,0.10429726299404926
1326,167,1493,0.10432803955124928
1321,163,1484,0.10436069334715951
1331,160,1491,0.10440171046070543
1338,162,1500,0.10441736832375474
1326,161,1487,0.10441594842120877
1330,163,1493,0.10444088013233259
1319,160,1479,0.10445526462550785
1321,165,1486,0.10449184002257095
1323,165,1488,0.1045209440499536
1334,164,1498,0.10454251334983546
1345,164,1509,0.10453770469437824
1334,162,1496,0.10450928818428949
1335,164,1499,0.10450770304826844
1334,168,1502,0.10450420415193964
1341,169,1510,0.10450350019899152
1347,170,1517,0.1044878010092068
1329,173,1502,0.10446021316106266
1330,172,1502,0.10447396841865839
1327,174,1501,0.10448367304088421
1341,173,1514,0.10449875348616157
1334,176,1510,0.10448295137529172
1323,176,1499,0.10448449386718744
1315,178,1493,0.10451050441343694
1313,181,1494,0.10455217535808604
1326,178,1504,0.10459469215053865
1319,181,1500,0.10460509317611948
1326,178,1504,0.10463009185060793
1324,174,1498,0.10463744057219683
1317,169,1486,0.10464859670288174
1305,171,1476,0.10467398697805386
1297,169,1466,0.10472355585782164
1307,172,1479,0.10478620564122078
1318,176,1494,0.10482304225284533
1327,177,1504,0.10483301278794299
1320,175,1495,0.1048225103856683
1312,173,1485,0.10482778512643356
1323,175,1498,0.10484930592313167
1331,172,1503,0.10484547419576573
1342,170,1512,0.10482353781343814
1343,165,1508,0.10478022561457212
1338,170,1508,0.10473907786858595
1346,173,1519,0.10471181351309759
1343,173,1516,0.10466901147831678
1341,173,1514,0.10463734554372475
1343,177,1520,0.1046131175495756
1340,179,1519,0.1045866601673036
1341,182,1523,0.10456883386467437
1338,180,1518,0.10455104218323605
1330,180,1510,0.10454148766091455
1336,177,1513,0.1045497359818425
1332,178,1510,0.10454388017712905
1333,183,1516,0.10454738757587062
1324,181,1505,0.10454847236440071
1324,183,1507,0.10456938606206034
1334,183,1517,0.10458896080417696
1327,185,1512,0.10458491387184918
1313,183,1496,0.1045965017946389
1307,183,1490,0.10463823339222231
1311,184,1495,0.10468884565133539
1300,188,1488,0.10472644170748768
1320,187,1507,0.10478566647460305
1316,182,1498,0.10479581901875594
1318,187,1505,0.10481408093949239
1311,186,1497,0.10482687167003832
1311,191,1502,0.10485473931142873
1306,195,1501,0.10488117754160814
1305,198,1503,0.10491649352389601
1305,196,1501,0.10495047866068838
1302,197,1499,0.10498138880970899
1310,200,1510,0.10501672889202665
1307,200,1507,0.1050325609755704
1295,205,1500,0.10505404625649856
1288,209,1497,0.10510057004120568
1287,210,1497,0.10515752798499306
1297,211,1508,0.10521148393103473
1298,210,1508,0.10523934678654775
1297,207,1504,0.10526325182215063
1294,203,1497,0.10528711762503239
1294,200,1494,0.10531518227262694
1302,201,1503,0.1053409291938543
1299,199,1498,0.10534684542800708
1309,202,1511,0.10535880515926926
1311,199,1510,0.1053483341054616
1309,200,1509,0.10533376032510083
1298,201,1499,0.10532513073694451
1307,202,1509,0.10534109556998711
1299,201,1500,0.105336507113735
1304,208,1512,0.10535050088087348
1302,205,1507,0.10535233014251108
1294,204,1498,0.10535796922673121
1298,213,1511,0.10538242624475982
1292,216,1508,0.105396566765178
1291,217,1508,0.1054224263983272
1280,214,1494,0.10544799244498321
1288,214,1502,0.10549469467339295
1303,210,1513,0.10552000592138346
1302,208,1510,0.10551038432738498
1308,210,1518,0.10550404741642144
1312,210,1522,0.10548414002742834
1308,209,1517,0.10545832004667818
1305,210,1515,0.10544379499300778
1284,208,1492,0.1054362791845718
1282,206,1488,0.10547608241359101
1293,204,1497,0.10551602784343736
1278,207,1485,0.10552850343104499
1280,205,1485,0.1055732450331298
1283,207,1490,0.10561016654338112
1271,209,1480,0.10563804430540094
1274,205,1479,0.10568983309405625
1283,205,1488,0.1057314333319065
1278,210,1488,0.10574944275814045
1283,206,1489,0.10577700384708155
1274,208,1482,0.10579154649665369
1297,206,1503,0.10582358629370664
1299,202,1501,0.10580310451282925
1295,204,1499,0.10577923055388333
1296,207,1503,0.10576621394524914
1292,201,1493,0.10575260885359768
1291,207,1498,0.10574962460374739
1290,210,1500,0.10574917582040033
1281,213,1494,0.10575144253214569
1287,216,1503,0.1057741985031902
1283,220,1503,0.10578239159912364
1280,216,1496,0.1057993292816889
1279,213,1492,0.10582169662122005
1276,207,1483,0.10584415181796782
1279,211,1490,0.10587135684394525
1276,215,1491,0.10588894424515746
1272,213,1485,0.10591128763504845
1276,219,1495,0.10594082779893645
1276,218,1494,0.10595927397769885
1272,219,1491,0.10597528094894519
1274,221,1495,0.10600051094338436
1284,226,1510,0.10601858921974376
1284,224,1508,0.10601225193779426
1280,227,1507,0.10600715598379047
1272,229,1501,0.10601188246260097
1274,228,1502,0.1060336304025483
1272,231,1503,0.10604904129037472
1282,231,1513,0.10606641582352491
1283,226,1509,0.1060607743365479
1291,227,1518,0.1060540108250213
1288,223,1511,0.10602986845809681
1281,224,1505,0.10601638345106842
1281,226,1507,0.1060193315163439
1274,228,1502,0.10602087270374767
1278,229,1507,0.1060385502584376
1279,229,1508,0.10604531575082841
1284,230,1514,0.10604967027280754
1270,230,1500,0.10604238548059053
1268,234,1502,0.10606746760991395
1274,232,1506,0.10609542811074167
1257,229,1486,0.10610819392078408
1260,232,1492,0.10615668864674149
1255,235,1490,0.10619376629669708
1263,231,1494,0.10623925309059054
1275,233,1508,0.10626225880248259
1291,230,1521,0.10625644791789103
1274,230,1504,0.10621488012485378
1264,225,1489,0.1062146254205182
1255,232,1487,0.10623700393064489
1260,229,1489,0.10627705515710421
1261,229,1490,0.10630193391228535
1263,231,1494,0.10632200388919348
1261,229,1490,0.10633610398288017
1256,230,1486,0.1063529087194348
1261,234,1495,0.10637991604839858
1258,232,1490,0.1063943157201921
1261,226,1487,0.10641321305697911
1263,226,1489,0.10642278566068952
1252,226,1478,0.10642732977945349
1255,221,1476,0.10645532453859978
1250,221,1471,0.10647438986984792
1269,224,1493,0.10650276375215113
1279,223,1502,0.1064874711735122
1275,225,1500,0.10645234161794441
1278,230,1508,0.10642922580130187
1279,228,1507,0.10640151853321633
1274,229,1503,0.10637436543531109
1287,235,1522,0.10636151979773188
1290,234,1524,0.10632210826761263
1274,232,1506,0.10627989957403315
1273,234,1507,0.106276518773147
1272,228,1500,0.10627635890541903
1275,230,1505,0.10627743048439
1276,229,1505,0.10627123955245094
1273,230,1503,0.10626263086781694
1257,231,1488,0.10626116994401563
1271,229,1500,0.10629538076008262
1264,234,1498,0.10629560152970507
1260,237,1497,0.10631194297919397
1265,243,1508,0.10633541380099688
1252,244,1496,0.10634532169582118
1246,240,1486,0.10638382645547134
1244,239,1483,0.1064319355976297
1247,241,1488,0.10648062739451715
1255,243,1498,0.10651893344897047
1254,249,1503,0.10653766859580042
1263,249,1512,0.10655654663488086
1253,247,1500,0.10655411706912271
1268,242,1510,0.10657424813804894
1259,246,1505,0.10655894550782666
1262,244,1506,0.10656436282433443
1253,240,1493,0.10656185817720928
1254,240,1494,0.10657951719361368
1266,235,1501,0.10659368993866514
1275,236,1511,0.10658013129450197
1263,239,1502,0.10654841405419002
1257,244,1501,0.10654589080750342
1253,243,1496,0.10655712654894592
1241,241,1482,0.1065758700361404
1236,243,1479,0.10661990764969717
1235,253,1488,0.10667103459942019
1245,252,1497,0.10671949445873397
1259,248,1507,0.10674219341887074
1256,247,1503,0.10673177001243865
1264,244,1508,0.10672938867937214
1246,249,1495,0.1067096546073057
1251,248,1499,0.10673140573294493
1252,249,1501,0.1067396016336997
1250,249,1499,0.10674665762600119
1241,248,1489,0.1067578334637344
1245,254,1499,0.10678877815424397
1236,252,1488,0.10680809144382501
1246,251,1497,0.10684686844324336
1244,252,1496,0.1068613737349364
1251,260,1511,0.10687954798690388
1246,262,1508,0.10688001831495778
1261,258,1519,0.10689108750792385
1261,264,1525,0.10686843859069466
1252,263,1515,0.1068482586875545
1255,264,1519,0.106851172270061
1245,258,1503,0.10684741664310636
1241,256,1497,0.10686621473299365
1234,258,1492,0.10689335973921658
1227,259,1486,0.10693386076629448
1227,261,1488,0.10698690109924879
1222,267,1489,0.10703564557305616
1227,272,1499,0.1070921347710687
1240,271,1511,0.10713178354803904
1239,272,1511,0.10713877927863763
1238,269,1507,0.10714762676496259
1223,268,1491,0.10715788019719932
1237,265,1502,0.10720139395644057
1235,265,1500,0.10720883937245798
1223,267,1490,0.10722176946018719
1233,265,1498,0.1072598280734774
1217,268,1485,0.10727306977216093
1210,264,1474,0.10732190315826642
1213,263,1476,0.10738244153092143
1214,270,1484,0.10743118871865437
1226,277,1503,0.10747355528298566
1215,275,1490,0.10748463124293477
1222,276,1498,0.10751907268940387
1223,279,1502,0.10753537286505432
1206,282,1488,0.10754883244959021
1214,283,1497,0.10759948580176498
1225,284,1509,0.10762789153445095
1228,286,1514,0.10762926445487206
1228,279,1507,0.10762443512757187
1227,283,1510,0.10762138517669649
1213,282,1495,0.10761979326405853
1211,284,1495,0.1076505001696394
1225,279,1504,0.10768316518071148
1224,277,1501,0.10768180260862532
1218,272,1490,0.10768320522791243
1213,276,1489,0.10769704933096483
1210,278,1488,0.10772055599633135
1200,279,1479,0.10774833636483333
1206,282,1488,0.10779667770030185
1209,285,1494,0.10782745734505081
1206,280,1486,0.10784726145886255
1200,278,1478,0.10787195434489433
1209,281,1490,0.10790835521851447
1211,280,1491,0.10792181159112305
1207,282,1489,0.10792945322018746
1209,283,1492,0.10794634069878146
1201,282,1483,0.10795718991616134
1205,282,1487,0.10798375450039206
1213,279,1492,0.10800004814362009
1219,279,1498,0.10799771218176002
1223,280,1503,0.10798092705710356
1221,286,1507,0.1079573943312343
1211,288,1499,0.10793952897429022
1214,286,1500,0.10794486783142077
1211,279,1490,0.1079449348429926
1201,282,1483,0.10795135853699027
1211,284,1495,0.10798003108140847
1217,289,1506,0.10798497992655637
1206,294,1500,0.10797684901860982
1196,297,1493,0.10799408552072574
1201,306,1507,0.10803226550280037
1202,307,1509,0.10805596968656063
1191,304,1495,0.1080761232660465
1193,310,1503,0.10811902490795035
1174,301,1475,0.10815365370032237
1190,301,1491,0.10822776421620393
1186,307,1493,0.1082595639762858
1188,310,1498,0.10829913264926479
1196,304,1500,0.10833119428080616
1189,312,1501,0.10834361542896294
1188,308,1496,0.1083696626200567
1174,306,1480,0.10839561705846965
1175,309,1484,0.10844927030214642
1178,307,1485,0.108496624745952
1194,306,1500,0.10853460224229103
1194,308,1502,0.108533606250066
1190,308,1498,0.10853218552252245
1189,316,1505,0.10854038336759722
1188,320,1508,0.10855132393977308
1184,316,1500,0.10856325226228275
1200,314,1514,0.10858285679814221
1205,316,1521,0.10856528055983226
1203,316,1519,0.1085387747452612
1200,312,1512,0.10851888299642642
1205,309,1514,0.1085067891112499
1199,304,1503,0.108484198602339
1195,303,1498,0.10847671220492305
1193,311,1504,0.10847912752297997
1185,312,1497,0.10848678329755923
1194,314,1508,0.10851249798849469
1184,313,1497,0.10851633970384789
1180,321,1501,0.10854175359801274
1180,323,1503,0.10857459948515581
1185,313,1498,0.10860467410297564
1180,317,1497,0.1086224681259283
1180,327,1507,0.10864975168413407
1174,326,1500,0.10867576738346259
1168,329,1497,0.10871352840561094
1172,330,1502,0.10876109068905446
1166,327,1493,0.10879451260703817
1163,330,1493,0.1088378345410416
1159,327,1486,0.1088848093887799
1160,329,1489,0.10893628324131249
1169,327,1496,0.10898115991388976
1172,334,1506,0.10900330296732537
1174,339,1513,0.1090170374206247
1179,335,1514,0.109025224688864
1168,337,1505,0.10902230032569032
1173,333,1506,0.10904482839783679
1172,340,1512,0.10905433993567781
1162,343,1505,0.10906525579233922
1155,346,1501,0.10909779657404663
1151,349,1500,0.10914459778162065
1141,349,1490,0.10919577320291446
1139,351,1490,0.10926592553961118
1142,350,1492,0.1093352302117674
1136,351,1487,0.10939147061027697
1141,353,1494,0.10945599057043828
1141,355,1496,0.10950546201462087
1144,356,1500,0.10955110598932906
1146,353,1499,0.10958622104059634
1132,353,1485,0.10961475773889402
1145,352,1497,0.10967382807186633
1138,355,1493,0.10969737571168978
1127,359,1486,0.10973632173227195
1134,358,1492,0.10979607377664631
1123,352,1475,0.10983533554986405
1114,356,1470,0.10989626783038207
1120,357,1477,0.10997274349906778
1114,349,1463,0.11002980509826826
1121,353,1474,0.1100963953156018
1128,354,1482,0.11014325621622512
1131,358,1489,0.11016991949075809
1131,351,1482,0.11018683473778172
1146,357,1503,0.11020323832728493
1145,362,1507,0.11018288302256891
1141,372,1513,0.11016749422674967
1129,368,1497,0.110162361490191
1134,366,1500,0.11018493814598194
1136,368,1504,0.11019464369301035
1142,370,1512,0.11020102306691065
1137,370,1507,0.11019431409114315
1139,372,1511,0.11019840660690275
1145,370,1515,0.11019732130669922
1134,361,1495,0.11018316922512479
1140,364,1504,0.11019566021177546
1129,368,1497,0.11019593493963149
1118,367,1485,0.11022062975409425
1114,375,1489,0.11026783038910164
1115,375,1490,0.11031958515438127
1108,377,1485,0.11036484233806063
1108,376,1484,0.11042170325437298
1109,375,1484,0.11047391104280901
1112,385,1497,0.11051896628559003
1107,383,1490,0.11055364212676368
1120,381,1501,0.11059720595932791
1119,389,1508,0.11060842035099175
1124,382,1506,0.1106207264329236
1119,385,1504,0.11062235644171085
1118,385,1503,0.11063551496915482
1110,381,1491,0.11065042739054587
1117,385,1502,0.11068298864696928
1102,389,1491,0.11069814890486991
1109,392,1501,0.11074498395232542
1102,394,1496,0.1107734976608937
1103,400,1503,0.1108158998563066
1105,399,1504,0.11085263394931967
1111,396,1507,0.11088239234434084
1110,394,1504,0.1108964050557383
1104,394,1498,0.11091098421506121
1094,394,1488,0.11093768110457393
1101,398,1499,0.1109853492032304
1098,399,1497,0.11101157602933726
1090,396,1486,0.11104255715732307
1085,404,1489,0.11109007585994629
1100,406,1506,0.11114595965457177
1102,408,1510,0.11116273445627634
1084,407,1491,0.11117303913489782
1092,408,1500,0.11122472540930609
1080,413,1493,0.11125403450059508
1082,417,1499,0.11131036418889399
1083,412,1495,0.11135705318202575
1063,419,1482,0.11139781119350901
1066,417,1483,0.11148147587629911
1073,418,1491,0.11155129774629913
1068,427,1495,0.11160013435156493
1066,430,1496,0.11165790023527507
1076,422,1498,0.11171578318708274
1081,423,1504,0.11174576700582747
1085,423,1508,0.11176261260142396
1087,426,1513,0.11176909538342115
1086,427,1513,0.11177155215049135
1072,431,1503,0.11177527543898641
1073,437,1510,0.11181236404032614
1069,439,1508,0.11184465904429777
1076,441,1517,0.11188231891426126
1065,445,1510,0.11190063247370716
1075,441,1516,0.1119429287738825
1063,435,1498,0.11196027078363842
1068,440,1508,0.11200312531130857
1066,437,1503,0.11203213679744355
1067,442,1509,0.11206541798278322
1062,437,1499,0.11209612465992169
1062,426,1488,0.11213459128669326
1057,432,1489,0.11217050851514564
1056,441,1497,0.11221559348714968
1071,441,1512,0.11225957494876798
1079,445,1524,0.11226505044978008
1068,441,1509,0.1122527059667955
1061,442,1503,0.11226635204833783
1057,435,1492,0.11229393665380663
1052,430,1482,0.11232945310751877
1055,424,1479,0.11237309698109073
1053,432,1485,0.11240717722313594
1058,430,1488,0.11244398545656697
1054,433,1487,0.11246675748487464
1052,430,1482,0.11249462430136319
1050,437,1487,0.11252623465801065
1049,443,1492,0.11255932813619132
1043,451,1494,0.11259245930976
1043,457,1500,0.11263577184026083
1045,461,1506,0.11267810214555428
1038,465,1503,0.11271233670156863
1047,460,1507,0.11276165261353042
1049,463,1512,0.11278605044735983
1044,459,1503,0.1128052648377051
1041,461,1502,0.11283636350179166
1048,454,1502,0.11287059558358836
1049,458,1507,0.1128861852059385
1049,457,1506,0.11289834477962532
1038,462,1500,0.112911678633882
1048,459,1507,0.11294835906610867
1040,463,1503,0.1129598908935982
1038,465,1503,0.11298831565570502
1036,473,1509,0.11301956778399473
1045,466,1511,0.11305312384543416
1044,467,1511,0.1130637445006271
1025,470,1495,0.11307764357214314
1025,471,1496,0.11313454382406014
1019,475,1494,0.11318610153823792
1028,472,1500,0.11324814048079547
1025,471,1496,0.11328454658892856
1023,475,1498,0.11332570819485766
1018,472,1490,0.11336705552181799
1004,476,1480,0.11341763031758774
1000,478,1478,0.11349644060468701
1003,476,1479,0.11357769482129358
1008,486,1494,0.11364576675862625
989,490,1479,0.11369677842308352
998,495,1493,0.11378979156596278
1006,490,1496,0.11385510432233488
1003,495,1498,0.11389474188771204
990,496,1486,0.11393992215812951
997,501,1498,0.11401344684861414
1006,504,1510,0.11406340012166648
997,502,1499,0.11408974256860631
1002,501,1503,0.11413457701341524
1011,506,1517,0.11416556853966743
1002,497,1499,0.11417400909544013
998,504,1502,0.11420455440832321
995,498,1493,0.11424407919410445
988,504,1492,0.11428718275004084
995,505,1500,0.11434193711600256
996,510,1506,0.114375032993726
997,505,1502,0.11440320539529168
992,510,1502,0.11442730199931102
996,504,1500,0.11446220882826527
995,505,1500,0.11448437485501273
999,498,1497,0.11450515341962962
988,504,1492,0.11451603745483965
985,516,1501,0.11455189959100974
989,516,1505,0.11459350399291779
981,511,1492,0.11462285762570418
982,506,1488,0.11466782312422329
973,504,1477,0.11470734442656032
981,513,1494,0.11476624535830458
982,517,1499,0.11480312871867347
977,521,1498,0.11483499706180822
968,522,1490,0.11487612331164127
987,528,1515,0.11493500397071084
987,526,1513,0.1149459870145643
983,526,1509,0.11495386934653584
978,521,1499,0.1149722159686226
985,520,1505,0.115000886183833
986,524,1510,0.11501162849464043
973,522,1495,0.1150201337202612
976,527,1503,0.11505795468949849
987,521,1508,0.1150863392175706
992,516,1508,0.1150847125242095
967,518,1485,0.11507275454561341
970,525,1495,0.1151201822246844
982,527,1509,0.11515864362896912
983,532,1515,0.11516582258785377
980,534,1514,0.11516980733079993
993,523,1516,0.1151796437421664
992,519,1511,0.11515730992533073
988,521,1509,0.11514042441571722
984,522,1506,0.11513349338577751
981,520,1501,0.11513665039973706
979,521,1500,0.11514624138927346
973,522,1495,0.11516041828872091
976,524,1500,0.11518673227313478
982,533,1515,0.11520516273630876
981,529,1510,0.1152068202057081
973,539,1512,0.11521110772451242
973,533,1506,0.11523352105974034
967,531,1498,0.115254965074546
978,531,1509,0.11528993482716318
966,531,1497,0.11529636032724269
975,533,1508,0.11533081856365446
977,536,1513,0.11534119501693352
974,534,1508,0.11534852159315298
967,536,1503,0.11536163382465835
974,536,1510,0.11538977737466372
969,533,1502,0.11540151937142287
964,538,1502,0.11542218107698025
959,533,1492,0.1154511993308053
956,532,1488,0.11549060775071855
939,534,1473,0.11553499838881864
952,536,1488,0.11561600180320789
949,534,1483,0.11566013281450711
945,541,1486,0.11570777831970507
945,548,1493,0.11575957273147283
952,560,1512,0.11580695666700666
954,551,1505,0.11583502431944616
950,555,1505,0.11585942375277146
937,554,1491,0.11589319869239273
953,550,1503,0.1159555627586268
948,560,1508,0.11597490667336739
947,563,1510,0.1160057632519905
947,563,1510,0.11603603091433311
944,567,1511,0.11606432141417165
942,573,1515,0.11609762530085485
937,570,1507,0.11613271391776785
934,573,1507,0.11617615173033757
937,564,1501,0.11622342559001093
943,559,1502,0.11626092986619588
925,567,1492,0.11628189545100125
926,574,1500,0.11634531933601373
936,576,1512,0.11640098112285877
930,569,1499,0.11643010468419884
923,572,1495,0.11647064575246759
928,568,1496,0.11652475754076924
925,574,1499,0.11656294678917345
926,573,1499,0.11660636462022904
919,581,1500,0.11664459447596513
928,576,1504,0.11669635076669044
938,582,1520,0.11672045378477719
932,575,1507,0.11672003119145744
928,573,1501,0.11673337099894333
932,566,1498,0.11675621365355311
927,570,1497,0.11676841793306618
931,565,1496,0.11679049121677433
918,571,1489,0.11680065153308224
917,576,1493,0.11684113359670761
927,573,1500,0.11687980357172123
912,561,1473,0.11689183360974285
919,571,1490,0.11693810601813194
923,572,1495,0.11696293999691598
912,566,1478,0.11697729504724369
925,556,1481,0.11701592612124362
931,566,1497,0.11702252308446319
936,563,1499,0.11701487627755429
927,562,1489,0.116997391855931
930,568,1498,0.11700219514235205
928,569,1497,0.11699988509203432
933,565,1498,0.11700355202541861
931,575,1506,0.11699453283868731
925,579,1504,0.11699001110900362
922,582,1504,0.11700025588690327
905,580,1485,0.11701762069537004
912,580,1492,0.11707392590451939
911,575,1486,0.11711008998443415
921,582,1503,0.11714663469600574
920,586,1506,0.11715574965350303
924,587,1511,0.11716503294661272
920,589,1509,0.11716394627739188
911,584,1495,0.11717464267480197
917,584,1501,0.11720558324564073
912,587,1499,0.11721977215006764
922,592,1514,0.11724452280657502
910,597,1507,0.11724172462498456
904,592,1496,0.11726809195385583
897,586,1483,0.11730668261673802
884,584,1468,0.11735903614101108
874,596,1470,0.1174378580599739
876,603,1479,0.11753506365784712
884,599,1483,0.11762023763826035
880,606,1486,0.1176815432443804
898,609,1507,0.11774773004542367
889,609,1498,0.11776607142628158
890,601,1491,0.11780403303107939
891,601,1492,0.11783631570990943
894,606,1500,0.11786563081194529
888,606,1494,0.1178855451885104
884,606,1490,0.1179189958279247
888,597,1485,0.11795865979867468
886,598,1484,0.11798516853658977
893,611,1504,0.11801517072068797
899,610,1509,0.11802698369744977
901,610,1511,0.11802419006644037
892,614,1506,0.1180161301302379
881,622,1503,0.11803132296475947
882,631,1513,0.11807113285159655
880,637,1517,0.11810525487590874
870,637,1507,0.1181429402649404
865,629,1494,0.11820109851635419
861,631,1492,0.1182668581596441
860,644,1504,0.11833733214992012
869,640,1509,0.11840559352588877
873,641,1514,0.11844767617100883
882,640,1522,0.11847772610124942
885,643,1528,0.11848340990195552
881,645,1526,0.11848298696797005
875,651,1526,0.11849085585386501
874,642,1516,0.11851375592618987
875,634,1509,0.11853619123800535
873,638,1511,0.11855494410680918
866,625,1491,0.11857584243760556
869,620,1489,0.11861115768030935
872,618,1490,0.11863514300321362
863,625,1488,0.1186499936553708
862,620,1482,0.11868549724959014
872,634,1506,0.11872015697060365
872,642,1514,0.11872750682996157
871,641,1512,0.11873523705096581
866,647,1513,0.11874692627209381
863,643,1506,0.11876939724375056
859,641,1500,0.11879592600468641
863,643,1506,0.11883251460618297
874,636,1510,0.11885686184752851
877,642,1519,0.11885287787643214
870,635,1505,0.1188427232963652
865,635,1500,0.11885064489678411
854,641,1495,0.11887058670826468
860,645,1505,0.1189148461738204
870,645,1515,0.11894246705173461
865,641,1506,0.11894551531886012
859,633,1492,0.11896216723468843
847,643,1490,0.11899112335742647
840,645,1485,0.11904649284717374
850,639,1489,0.11911378006547547
846,653,1499,0.11915240683566018
844,652,1496,0.11919671496569104
848,652,1500,0.11924304249354649
850,647,1497,0.11927502642190621
842,652,1494,0.11929950306196706
845,650,1495,0.11934100751111718
847,648,1495,0.1193730367894878
828,654,1482,0.11939789981604576
844,647,1491,0.11946682836602843
855,651,1506,0.11949343036244528
856,655,1511,0.11949232013637012
856,654,1510,0.11948872962026336
851,665,1516,0.11948450016458363
848,668,1516,0.11949328380069059
838,675,1513,0.11951004674943927
849,675,1524,0.11954985478597717
837,679,1516,0.11956118577632122
830,676,1506,0.11959972896178993
825,672,1497,0.11965380340619078
823,665,1488,0.11971530400370202
825,663,1488,0.11977554594618516
823,673,1496,0.1198262227352479
818,665,1483,0.1198781968624028
814,667,1481,0.11993761325324559
828,669,1497,0.12000246886195196
841,674,1515,0.12002974326263313
831,677,1508,0.1200249359430025
828,675,1503,0.12004605592418718
822,684,1506,0.12007128618181097
805,687,1492,0.1201095627857262
806,689,1495,0.12018783524828425
810,692,1502,0.12026110905767506
815,699,1514,0.12032043617059777
819,694,1513,0.12036194155969326
820,693,1513,0.12039062128952974
818,698,1516,0.12041456309514632
814,697,1511,0.12044398579353995
821,693,1514,0.12048030824539993
804,694,1498,0.12049613854775842
797,699,1496,0.12055088594587487
812,693,1505,0.12061870794475628
810,699,1509,0.12064599673226702
812,686,1498,0.12067595058486727
814,685,1499,0.12070020682968657
809,687,1496,0.12071717788073205
809,691,1500,0.1207463051154533
808,701,1509,0.12077406814839202
813,701,1514,0.12080150552936392
802,698,1500,0.12081624541477218
799,702,1501,0.1208578815882927
804,707,1511,0.12090442017659665
798,701,1499,0.12093569150006023
792,705,1497,0.1209776611090852
799,713,1512,0.12103256987170007
792,721,1513,0.12106843045433693
794,720,1514,0.12112021367523651
794,720,1514,0.12116285335682843
786,723,1509,0.12120342044037144
777,718,1495,0.121261094622779
778,722,1500,0.12133608987511493
784,727,1511,0.12140205995557711
796,727,1523,0.12144958980913674
794,723,1517,0.12146601717099009
794,720,1514,0.12148748609355252
795,725,1520,0.12150748460569565
790,713,1503,0.12152134910788982
787,714,1501,0.1215451667401284
786,713,1499,0.12157709249479236
779,708,1487,0.12160883302838613
775,717,1492,0.12165436156192742
783,725,1508,0.12170579731756652
779,735,1514,0.1217347248596839
787,737,1524,0.12177179211890296
782,737,1519,0.12178662542953946
779,731,1510,0.12181285079726752
778,743,1521,0.12184521768392866
773,739,1512,0.12187861932686768
771,742,1513,0.1219232949808795
781,743,1524,0.12197019964807482
776,754,1530,0.1219899175993829
782,744,1526,0.12202000998688135
768,747,1515,0.12203562991207875
765,749,1514,0.12208311888475741
761,756,1517,0.12213412830317194
755,746,1501,0.12219344322296428
756,737,1493,0.12226273842013122
755,749,1504,0.12232504736263745
756,749,1505,0.12238450015459336
760,751,1511,0.1224354488722008
767,753,1520,0.12247217660232856
760,754,1514,0.12249019617206594
766,756,1522,0.12252470594669312
756,755,1511,0.12254223197315404
762,769,1531,0.12258165346721522
766,749,1515,0.12260524923009132
766,745,1511,0.12261863506948867
763,745,1508,0.12263043030556382
749,750,1499,0.12264780160906641
754,752,1506,0.12269845954404439
751,762,1513,0.12273334647793491
741,771,1512,0.12277320910985896
736,761,1497,0.12283656005744487
737,760,1497,0.1229062029316841
740,755,1495,0.12296774224636814
742,756,1498,0.12301845253622407
745,765,1510,0.12306179498394997
744,765,1509,0.1230950846293834
750,758,1508,0.12312779138516985
751,761,1512,0.12314268260668441
747,765,1512,0.12315507919651314
750,766,1516,0.12317664083696572
748,773,1521,0.1231892887640406
756,768,1524,0.12320630460756518
753,768,1521,0.12320463752332067
750,763,1513,0.12320935621274991
741,771,1512,0.1232214245124246
732,764,1496,0.12325458586006871
734,769,1503,0.12330706081644337
730,773,1503,0.12334996288359455
727,771,1498,0.12339969408727264
734,780,1514,0.12345353356980926
735,789,1524,0.12348760311397648
744,782,1526,0.12351727726242594
736,784,1520,0.12352399042391085
738,787,1525,0.12354942290352593
735,788,1523,0.12356854744057073
737,783,1520,0.12359497774884882
732,789,1521,0.12361739138601059
728,795,1523,0.1236477936418586
723,787,1510,0.12368624331437406
734,789,1523,0.12373542967759982
729,786,1515,0.12375352852331421
735,788,1523,0.12378225795735638
727,792,1519,0.12379502102807668
729,781,1510,0.1238253394387403
719,773,1492,0.12384966022913232
727,784,1511,0.12389752210751452
725,787,1512,0.12392119624027177
728,796,1524,0.12394712963729354
723,790,1513,0.12396400331066118
726,785,1511,0.12399134912612989
723,784,1507,0.12401100189838221
720,780,1500,0.12403563360145807
723,788,1511,0.1240655989942783
720,788,1508,0.12408678790345352
729,783,1512,0.12411330793311894
717,792,1509,0.12411686197843426
721,796,1517,0.12414902893103305
722,789,1511,0.12417001417389512
709,793,1502,0.1241874876697705
712,802,1514,0.12423552589977685
718,790,1508,0.1242739483264587
718,792,1510,0.12429324014362564
718,791,1509,0.12431009296525271
710,790,1500,0.12432760576929328
713,798,1511,0.12436263885504065
710,799,1509,0.12438785059371876
708,804,1512,0.12441916165093474
714,796,1510,0.12445243442914189
714,804,1518,0.1244683112404692
707,800,1507,0.12448353222983524
701,804,1505,0.12451433199072018
709,798,1507,0.12455644107555319
707,800,1507,0.12457356065047871
708,792,1500,0.12459430113106178
717,791,1508,0.12461148571759521
716,802,1518,0.12460517851800139
714,801,1515,0.1246018242228119
707,805,1512,0.1246045874649284
708,808,1516,0.12462369684378842
714,810,1524,0.12463997244190118
715,801,1516,0.12463942027384381
715,798,1513,0.12463680926437223
712,806,1518,0.12463508490315807
715,803,1518,0.12464184463342519
712,800,1512,0.12463883232872008
709,805,1514,0.12464464287780874
704,808,1512,0.12465685147306381
710,813,1523,0.12468052151189866
713,812,1525,0.12468652226344322
703,809,1512,0.12468643494987253
689,815,1504,0.12471350455278327
683,812,1495,0.1247731207274958
695,814,1509,0.12484156857294913
695,822,1517,0.12487607851443411
695,820,1515,0.124908124944532
690,820,1510,0.12493826089841614
697,822,1519,0.12497859926064508
693,817,1510,0.12499841865831711
698,817,1515,0.12502714494110573
685,818,1503,0.1250399792281235
689,819,1508,0.12508245905614845
686,818,1504,0.12511338193726768
696,812,1508,0.12514940629567767
690,810,1500,0.12515827829113102
693,819,1512,0.1251803145068829
682,814,1496,0.1251942000642483
679,814,1493,0.12523312822527236
684,822,1506,0.1252756407003346
681,824,1505,0.12530321786934526
673,832,1505,0.1253389371841038
671,828,1499,0.12538994204072032
672,825,1497,0.12544245895412826
661,817,1478,0.12548796519498062
666,831,1497,0.12555638466847371
669,836,1505,0.1256077005658973
666,832,1498,0.12564930177681558
667,831,1498,0.1256978246903528
669,839,1508,0.12574239183354927
667,846,1513,0.12577976439864447
671,840,1511,0.12582057862542417
681,838,1519,0.12584800273474767
677,839,1516,0.1258498783746669
670,828,1498,0.12586206269382572
670,833,1503,0.12589091851421255
673,850,1523,0.12591700596450375
676,847,1523,0.12593539793313094
676,843,1519,0.12594632308459697
670,847,1517,0.1259565989337891
667,845,1512,0.12597862902880716
654,856,1510,0.12600456649526862
652,858,1510,0.12606050139924885
654,855,1509,0.1261168989131314
658,846,1504,0.1261651318209937
654,845,1499,0.12620140731389226
649,854,1503,0.12624505868945213
647,865,1512,0.12629781402318635
653,856,1509,0.12634980476779503
664,855,1519,0.12638396575809951
670,855,1525,0.12638663354996413
675,847,1522,0.1263745224295285
671,842,1513,0.12635145977981319
668,839,1507,0.12633977060608487
671,844,1515,0.12633884608028706
664,845,1509,0.12632989982056536
667,839,1506,0.12634029354262694
664,833,1497,0.12634215025434856
667,829,1496,0.1263519940766405
663,839,1502,0.12635492296219636
674,834,1508,0.12636495663895986
676,841,1517,0.12634761490197285
670,837,1507,0.12632724121829703
666,843,1509,0.1263214743428288
660,847,1507,0.12632725159302285
651,845,1496,0.12634857061029467
655,848,1503,0.12639098863271328
653,857,1510,0.12642025413631405
644,857,1501,0.126453180048159
644,851,1495,0.12650503374279404
650,847,1497,0.1265550989052515
649,857,1506,0.1265866467148164
653,853,1506,0.12661889548065675
645,852,1497,0.12663989422794458
638,849,1487,0.12667807907005874
644,852,1496,0.12672981277963008
636,870,1506,0.12676481075447346
642,863,1505,0.12681548797082934
642,855,1497,0.1268484277871543
647,864,1511,0.1268797255988111
641,870,1511,0.12689720120596182
648,872,1520,0.12692751583988518
642,865,1507,0.12693859373627553
644,867,1511,0.1269649926529746
643,871,1514,0.12698419264987978
639,865,1504,0.12700407282819465
645,859,1504,0.1270320260312341
642,863,1505,0.12704280146312052
641,865,1506,0.12706083152170006
638,860,1498,0.12708099060706549
637,860,1497,0.12710698051629826
644,868,1512,0.1271340180014937
642,859,1501,0.12714217342572276
639,858,1497,0.12715316674433116
642,856,1498,0.12717212479992493
644,867,1511,0.12718257343822884
640,877,1517,0.1271864411143609
647,875,1522,0.12719908275792371
639,873,1512,0.12719399136648646
638,874,1512,0.1272095426709017
644,868,1512,0.12722461754640021
639,870,1509,0.12722496458592805
643,871,1514,0.12723827180551922
637,866,1503,0.12724009836943984
634,866,1500,0.12725518400111724
631,867,1498,0.12727569675973807
634,871,1505,0.12730104844983817
637,876,1513,0.1273165518922548
634,875,1509,0.12732402430581696
625,884,1509,0.1273404286621662
622,874,1496,0.1273768209208903
624,884,1508,0.12741910898062073
627,886,1513,0.1274550258476615
624,879,1503,0.12747933681360635
617,886,1503,0.1275111892142341
625,882,1507,0.12755609792465708
619,880,1499,0.12757845181026023
622,889,1511,0.127615010366264
620,891,1511,0.1276414244322973
626,891,1517,0.12767108941873884
630,894,1524,0.12768374383200404
621,904,1525,0.1276853373197677
628,904,1532,0.12770783273717926
631,904,1535,0.12771195433451646
630,899,1529,0.12771002166238404
630,894,1524,0.12771112064082893
628,890,1518,0.12771188063367483
631,896,1527,0.12771654849113287
634,899,1533,0.12771362719759827
623,890,1513,0.1277042528819427
620,896,1516,0.12772180300140373
616,892,1508,0.1277461684466893
608,895,1503,0.127779460789502
604,878,1482,0.12783081951832898
609,887,1496,0.12788820592361827
615,879,1494,0.12792919325104812
611,885,1496,0.127953070537247
602,893,1495,0.12798362063866117
608,889,1497,0.12803405464725726
608,906,1514,0.12806605929170473
601,900,1501,0.12809607626349087
599,905,1504,0.12813959884861087
599,900,1499,0.12818607895408857
598,910,1508,0.12822956420274392
590,915,1505,0.12827269720350368
589,922,1511,0.12833353664595448
589,913,1502,0.1283934803392889
582,921,1503,0.1284494046597907
578,918,1496,0.12851931407462489
574,911,1485,0.12859429008351939
572,910,1482,0.12867234295307692
580,920,1500,0.12874955263064503
588,923,1511,0.12880197601403154
596,916,1512,0.12883065857471357
597,906,1503,0.12883748473555198
606,909,1515,0.12884078063625104
595,908,1503,0.12882220855808363
604,915,1519,0.12883333506372396
598,908,1506,0.12882117632747106
591,915,1506,0.12882606813064146
594,920,1514,0.1288488414893874
592,908,1500,0.12886338708208667
599,916,1515,0.1288809195464526
593,915,1508,0.12888094157800825
600,909,1509,0.128897430280399
595,905,1500,0.1288951271015814
589,894,1483,0.12890510590073911
586,897,1483,0.1289275190846413
588,904,1492,0.12895642794085307
590,911,1501,0.12897732184374622
584,911,1495,0.12899112001515267
592,921,1513,0.1290204881997226
597,921,1518,0.12902781820104972
593,911,1504,0.12902228236543614
590,904,1494,0.12902745136927982
581,913,1494,0.12903944070867682
579,916,1495,0.1290735343406614
583,917,1500,0.12911004569252074
575,910,1485,0.12913396836422336
579,916,1495,0.12917458048326227
577,915,1492,0.12920080090573993
582,920,1502,0.12922984921817487
584,926,1510,0.1292445083741713
589,922,1511,0.129253907251306
594,916,1510,0.12925033642823752
585,914,1499,0.12923368891092452
583,919,1502,0.12924107257876752
583,924,1507,0.12925262735804235
585,913,1498,0.12926286711627083
583,916,1499,0.12926711737587646
578,928,1506,0.129275433199414
577,931,1508,0.12929629714374846
580,944,1524,0.12931970193541914
578,932,1510,0.12933440675401017
578,939,1517,0.12935439248119004
574,940,1514,0.12937476049725746
572,939,1511,0.12940398033264217
568,938,1506,0.12943731388122037
562,944,1506,0.1294804835846031
558,946,1504,0.12953662005231784
565,940,1505,0.12959921925077666
573,941,1514,0.12964013986292774
558,939,1497,0.12965881958087633
568,939,1507,0.12971346509884296
561,940,1501,0.12973777138567383
562,937,1499,0.12977783060439418
553,946,1499,0.12981174989223537
545,947,1492,0.12986594773057675
551,946,1497,0.12993532167131916
554,941,1495,0.12998652688042628
560,954,1514,0.13002546950118354
566,956,1522,0.13004767278092572
565,953,1518,0.1300535085386202
569,958,1527,0.13006231890966086
555,960,1515,0.13006016264762243
566,954,1520,0.13009277424609286
563,938,1501,0.13009609752076376
569,932,1501,0.13010719808153262
555,945,1500,0.13010177205002305
542,938,1480,0.1301308206242928
550,942,1492,0.1301900411473397
550,936,1486,0.13022419438806296
542,957,1499,0.13025884085867986
542,958,1500,0.1303117253623201
535,955,1490,0.13036104834695347
533,966,1499,0.13042485353444971
542,974,1516,0.13048877262695477
540,969,1509,0.13052612367723246
545,975,1520,0.13056640400937547
539,970,1509,0.130592561192567
536,960,1496,0.13063351201049972
537,972,1509,0.1306796182457629
537,966,1503,0.13072043645282178
533,969,1502,0.1307582063005975
541,967,1508,0.1308042249185064
536,956,1492,0.13082660387295988
541,970,1511,0.1308595986480908
530,972,1502,0.13087805715115328
540,964,1504,0.13092242258312953
538,965,1503,0.1309382003484961
542,954,1496,0.13095766560094407
536,952,1488,0.13096707809392652
529,962,1491,0.1309899419126688
528,973,1501,0.131027015570376
525,968,1493,0.13106593596327926
529,971,1500,0.13110971859852233
530,965,1495,0.13114142956472172
526,968,1494,0.13116956656344533
524,970,1494,0.13120424150517068
517,982,1499,0.13124162140307058
514,977,1491,0.13129399833590324
516,974,1490,0.1313489527174611
525,974,1499,0.13139551538490202
524,973,1497,0.13141555682409722
522,981,1503,0.1314376573399805
521,987,1508,0.13146410278843465
516,983,1499,0.13149121716564555
517,983,1500,0.13152972164550103
527,978,1505,0.13156237692521489
518,989,1507,0.13156713338767895
509,996,1505,0.13159309810882466
513,1005,1518,0.13163899128105094
510,996,1506,0.13167199329422602
514,993,1507,0.1317109257134062
514,998,1512,0.13173556601887154
514,989,1503,0.1317575888595706
516,977,1493,0.13177728983577677
522,986,1508,0.13179055092458605
521,984,1505,0.13178795626747675
521,985,1506,0.13178871594458205
518,1002,1520,0.1317899937191859
512,1002,1514,0.1317995371221583
512,996,1508,0.13182303094827963
507,988,1495,0.1318452043918318
514,989,1503,0.1318799758827719
506,993,1499,0.13189439265771338
505,998,1503,0.1319278031582495
508,1003,1511,0.13196239204271673
499,984,1483,0.13198753051453388
504,1003,1507,0.13203232793084674
498,1001,1499,0.13206195238413654
507,1007,1514,0.1321050077625047
505,1006,1511,0.13212301272325166
508,1004,1512,0.13214490817006783
505,1006,1511,0.13215681739794682
496,992,1488,0.13217698851070098
494,1004,1498,0.13221855248786002
490,1018,1508,0.1322618615784661
500,1015,1515,0.13231180470359186
500,1019,1519,0.13233437930467398
499,1008,1507,0.13235565221865592
491,1019,1510,0.1323775618719181
489,1018,1507,0.1324193980609759
492,1035,1527,0.13246181454596845
489,1026,1515,0.13249361867943904
491,1021,1512,0.13252880126587047
484,1025,1509,0.13255779772811715
482,1022,1504,0.13260388283113228
483,1032,1515,0.13265158117838652
481,1034,1515,0.13269421440475904
482,1030,1512,0.13273976868361217
484,1036,1520,0.13277822698357447
482,1031,1513,0.13280771736515135
488,1024,1512,0.13284110336361302
474,1016,1490,0.13285664083398735
482,1014,1496,0.13290693979411913
476,1026,1502,0.1329332302794222
479,1033,1512,0.13297254674011852
476,1028,1504,0.1330031850100119
481,1030,1511,0.1330418153211056
482,1032,1514,0.13306625540709605
486,1033,1519,0.13308723015158083
489,1025,1514,0.13309500580354616
485,1011,1496,0.133095186784662
474,1023,1497,0.13310721570008976
481,1024,1505,0.13314551003454927
478,1019,1497,0.1331634937154855
486,1024,1510,0.13318688572562606
488,1023,1511,0.13318766386240372
488,1032,1520,0.1331833834178706
490,1042,1532,0.1331792917334779
484,1044,1528,0.1331700595432646
478,1034,1512,0.1331774054395677
471,1039,1510,0.13319965408553983
471,1041,1512,0.13323881704961033
476,1044,1520,0.1332752812232003
467,1033,1500,0.13329583296653863
467,1027,1494,0.13333659366599668
464,1037,1501,0.13337450919772695
470,1036,1506,0.1334169672521716
473,1035,1508,0.13344223269464595
478,1037,1515,0.13345782209156035
479,1026,1505,0.13346038307993002
483,1025,1508,0.13346051260084427
489,1025,1514,0.13345160881277113
483,1019,1502,0.13342665514917001
485,1022,1507,0.13341847046113078
490,1024,1514,0.13340577246528082
486,1021,1507,0.13338126425838975
492,1028,1520,0.1333683937808524
488,1033,1521,0.1333398567814011
479,1028,1507,0.13332402356256579
478,1039,1517,0.13333211749376572
478,1034,1512,0.13334307673864604
486,1024,1510,0.1333531999457729
487,1023,1510,0.1333426080537634
488,1030,1518,0.13333067854311312
483,1034,1517,0.13331768655275933
475,1040,1515,0.1333179054918113
483,1043,1526,0.13333778878250796
482,1047,1529,0.13333664956575209
477,1035,1512,0.13333778895734963
474,1030,1504,0.13334952707266468
472,1037,1509,0.1333686074667414
472,1042,1514,0.13339198287721846
481,1039,1520,0.133413798608237
479,1035,1514,0.13341136119642277
476,1035,1511,0.13341511926294947
474,1035,1509,0.13342630954516543
476,1036,1512,0.1334418675291087
476,1034,1510,0.13345101801398812
474,1040,1514,0.13345995709408906
470,1045,1515,0.1334725638447971
465,1040,1505,0.13349230288348302
470,1042,1512,0.13352315904339723
470,1045,1515,0.13354069033728502
460,1044,1504,0.13355891617668064
457,1043,1500,0.1336024805633481
455,1043,1498,0.13365138415714142
463,1053,1516,0.13370145006005124
468,1043,1511,0.13372705085723727
462,1030,1492,0.13373779216062426
452,1045,1497,0.13376206788945225
449,1045,1494,0.1338110507092853
442,1037,1479,0.13386503756328832
444,1049,1493,0.13393224173658821
448,1049,1497,0.1339902600125977
445,1058,1503,0.13403513911822748
447,1070,1517,0.1340835539935182
451,1078,1529,0.13412405931484234
456,1073,1529,0.1341525139595889
450,1073,1523,0.13416732206012072
449,1070,1519,0.13419637357592662
450,1069,1519,0.13422555937861913
457,1074,1531,0.13425043269611595
454,1057,1511,0.13425578819790426
457,1064,1521,0.1342675935624685
453,1067,1520,0.13427027926141608
454,1056,1510,0.13428377066518496
457,1055,1512,0.13429337969676872
458,1058,1516,0.1342948657290225
459,1058,1517,0.13429447993241184
459,1049,1508,0.13429206078980246
450,1045,1495,0.13428828825181197
446,1045,1491,0.13430775645709875
453,1051,1504,0.13433535964659613
466,1048,1514,0.13434324396289887
459,1054,1513,0.13431679060222912
459,1056,1515,0.13430904294320922
459,1062,1521,0.13430123874952674
454,1067,1521,0.13429381660776799
444,1057,1501,0.13430012383885295
443,1064,1507,0.13433032667018582
448,1056,1504,0.13435986549768206
449,1056,1505,0.13437425206946013
449,1054,1503,0.13438485709972842
442,1056,1498,0.13439598486291884
445,1054,1499,0.13442370755056637
446,1056,1502,0.13444055503006577
451,1062,1513,0.13445257360749663
457,1059,1516,0.1344509128818188
454,1054,1508,0.1344338455154933
456,1055,1511,0.13442560949948748
456,1053,1509,0.1344122369922588
450,1057,1507,0.134400953835992
461,1072,1533,0.13440708239851473
458,1075,1533,0.13438549296442326
454,1067,1521,0.13437316283650977
454,1061,1515,0.13437255502514156
452,1067,1519,0.13437337060409543
454,1067,1521,0.13437965749606282
452,1070,1522,0.13438070612961123
444,1075,1519,0.13438759795391422
446,1068,1514,0.1344149992469286
441,1058,1499,0.13443484754379484
437,1070,1507,0.13446632018671228
440,1072,1512,0.134505309420127
440,1079,1519,0.13453266321480564
440,1066,1506,0.1345583893206596
431,1064,1495,0.1345822207573652
434,1060,1494,0.13462859752473627
432,1053,1485,0.13466293299398013
434,1053,1487,0.13469924943653433
438,1062,1500,0.13472807121838418
435,1074,1509,0.1347446014645709
430,1068,1498,0.1347677130363475
439,1078,1517,0.13480290490953273
433,1079,1512,0.13481418654648855
429,1075,1504,0.13483981568899445
418,1080,1498,0.1348732518764798
424,1077,1501,0.13493521493726407
429,1087,1516,0.13497735969354038
423,1091,1514,0.13500201141807505
415,1093,1508,0.13503856799014963
420,1092,1512,0.1350933930421245
428,1097,1525,0.1351325006662362
431,1086,1517,0.1351488735517709
424,1086,1510,0.13515692494779324
426,1087,1513,0.13518120585579688
419,1095,1514,0.1351992098967751
418,1094,1512,0.13523409676298226
418,1093,1511,0.13526989366574202
420,1095,1515,0.1353041588426686
421,1095,1516,0.1353313882277193
417,1098,1515,0.13535385179370318
416,1099,1515,0.13538545835491772
415,1091,1506,0.13541800823214553
414,1094,1508,0.13545147712428182
403,1099,1502,0.13548502784734376
399,1110,1509,0.13554432027969113
396,1104,1500,0.13560932732054234
397,1101,1498,0.13567767555696006
396,1101,1497,0.13573849090986312
396,1105,1501,0.1357968062760319
404,1113,1517,0.13585125947748986
410,1098,1508,0.1358807207255111
406,1090,1496,0.1358925176886226
408,1085,1493,0.13591332050647234
415,1090,1505,0.13592572844383355
414,1090,1504,0.13591889221966136
418,1092,1510,0.13591508069091504
420,1086,1506,0.13590081023375408
423,1091,1514,0.13588376893213144
421,1077,1498,0.13585865911891118
423,1077,1500,0.1358413157745058
419,1076,1495,0.1358201627965942
417,1078,1495,0.13581000082220698
411,1083,1494,0.13580724315727455
421,1088,1509,0.13581995031729222
422,1092,1514,0.1358061637660083
420,1097,1517,0.1357903680183911
422,1098,1520,0.13578119141569325
419,1100,1519,0.1357667623976563
421,1093,1514,0.13576071567181233
419,1091,1510,0.13575144016049343
424,1091,1515,0.1357474067737673
421,1093,1514,0.13572971488498195
415,1085,1500,0.13572086341061204
410,1093,1503,0.13572789862416293
412,1092,1504,0.13574797961832938
415,1096,1511,0.1357610417209404
410,1085,1495,0.13576515045244045
412,1097,1509,0.13578257552594689
412,1098,1510,0.1357941620322929
405,1096,1501,0.13580309484487532
404,1100,1504,0.13583045462496518
412,1100,1512,0.13585872979685806
405,1106,1511,0.13586379041499147
405,1094,1499,0.13588729935480043
403,1102,1505,0.13590876191104379
405,1099,1504,0.1359342870734236
400,1102,1502,0.13595203572184444
403,1103,1506,0.13598112498814147
404,1103,1507,0.13599912443034418
398,1107,1505,0.13601334211089078
402,1108,1510,0.13604321879290518
406,1111,1517,0.13606045398210573
409,1114,1523,0.13606556441018902
410,1102,1512,0.1360629812631936
409,1104,1513,0.13605813330217695
416,1098,1514,0.13605705395972356
412,1099,1511,0.13603725102603292
413,1099,1512,0.13602941757212594
412,1102,1514,0.13601980925169277
413,1114,1527,0.13601139496286832
413,1099,1512,0.13600123824821111
412,1103,1515,0.13599211134682926
408,1099,1507,0.13598502051443576
409,1092,1501,0.1359899509766784
418,1096,1514,0.13599085790990295
411,1104,1515,0.13596815923860153
414,1094,1508,0.13596503210432703
407,1093,1500,0.13595514465833036
405,1092,1497,0.13596557177090562
407,1104,1511,0.1359804590890078
412,1098,1510,0.1359891241344805
406,1098,1504,0.13598451934936384
408,1107,1515,0.13599564870287179
399,1101,1500,0.13600089243909985
392,1093,1485,0.136029799864031
385,1098,1483,0.1360750318307342
382,1111,1493,0.13613522783332604
383,1110,1493,0.13619931210233274
382,1107,1489,0.13625538577867485
393,1102,1495,0.13631033297438783
394,1115,1509,0.13633206002074552
395,1106,1501,0.13634793946832116
398,1108,1506,0.13636004997976875
397,1106,1503,0.13636401091777606
402,1106,1508,0.13636915025559487
399,1103,1502,0.13636091668234854
403,1109,1512,0.13636091748581314
399,1109,1508,0.13634982045291164
401,1126,1527,0.13634956879119575
401,1133,1534,0.13634460515709582
409,1126,1535,0.1363400045417484
409,1122,1531,0.1363148535400584
401,1112,1513,0.1362921082260818
406,1110,1516,0.13629199799449565
408,1104,1512,0.13627867901526183
404,1114,1518,0.13626209488913177
407,1125,1532,0.13625608142181378
402,1120,1522,0.13624274115657597
399,1099,1498,0.13624354819295892
401,1108,1509,0.1362521135178328
408,1107,1515,0.13625435235477446
411,1098,1509,0.13624015058071776
414,1093,1507,0.13621971290645704
415,1101,1516,0.13619252371822577
420,1099,1519,0.13616497926861448
415,1098,1513,0.1361250629154425
411,1101,1512,0.13610126846682638
412,1099,1511,0.1360900762095485
413,1097,1510,0.13607715693355515
414,1104,1518,0.136062499875117
409,1114,1523,0.1360467669071129
409,1113,1522,0.13604692531217324
408,1119,1527,0.13604766371247778
401,1114,1515,0.1360511852380108
411,1115,1526,0.13607214499442452
406,1098,1504,0.1360655391704453
397,1103,1500,0.1360728086055888
397,1107,1504,0.13610339383418132
394,1106,1500,0.13613347332702339
391,1116,1507,0.13616948383842506
394,1124,1518,0.13621248022918664
388,1118,1506,0.1362441554087712
379,1124,1503,0.13629050827429837
380,1129,1509,0.136356794404144
376,1138,1514,0.13641524075099642
378,1142,1520,0.13648040139843073
377,1143,1520,0.1365366855522275
377,1137,1514,0.13659147608743966
376,1130,1506,0.13664128580861093
377,1126,1503,0.13669156992258613
377,1131,1508,0.13673610090664415
376,1132,1508,0.13677866631682567
373,1138,1511,0.13682153946685743
379,1138,1517,0.1368688826844435
376,1128,1504,0.13689747573324837
368,1131,1499,0.1369331070012948
370,1134,1504,0.13698768954881804
374,1125,1499,0.13703327482009311
371,1128,1499,0.13706598298839523
370,1129,1499,0.13710475050423238
368,1130,1498,0.13714370906849443
372,1143,1515,0.13718627238926037
376,1154,1530,0.1372154989514275
372,1148,1520,0.13723195846104633
375,1162,1537,0.13725835796089927
373,1160,1533,0.13727486272623118
370,1151,1521,0.13729613748094888
366,1143,1509,0.13732357308583823
376,1138,1514,0.13736040094040952
377,1125,1502,0.1373680225998013
377,1138,1515,0.1373721134763944
376,1152,1528,0.1373761620153196
366,1155,1521,0.1373840321245824
370,1146,1516,0.13741627509639195
365,1148,1513,0.13743694708111634
357,1144,1501,0.1374681007180809
358,1146,1504,0.13751873365790487
357,1136,1493,0.13756429667499642
368,1148,1516,0.13760973794728845
368,1139,1507,0.13762397864743975
367,1145,1512,0.13763742460210818
372,1139,1511,0.13765270682458
371,1133,1504,0.1376530322991038
375,1134,1509,0.13765490630036534
369,1141,1510,0.13764738039716393
368,1143,1511,0.1376558855463596
373,1144,1517,0.13766578980694433
374,1140,1514,0.13766194774690035
374,1128,1502,0.13765550586022052
372,1128,1500,0.13764892267717402
369,1137,1506,0.1376474092747822
371,1138,1509,0.1376547831409753
365,1137,1502,0.13765723245809794
363,1142,1505,0.13767562603086003
357,1145,1502,0.13769770961558786
363,1153,1516,0.13773508605884507
365,1153,1518,0.1377534581441149
366,1151,1517,0.13776552415248117
360,1151,1511,0.13777320722305686
363,1154,1517,0.13779652954526742
361,1155,1516,0.137810885897238
363,1155,1518,0.13783004744781144
364,1159,1523,0.137841947426697
359,1162,1521,0.13785047140201223
359,1166,1525,0.1378722550187787
357,1166,1523,0.13789358235996674
352,1152,1504,0.13791844871195802
348,1154,1502,0.13795504455760402
346,1162,1508,0.13799992063700903
345,1166,1511,0.1380477683983995
351,1169,1520,0.13809499109657125
353,1163,1516,0.13812272777075618
355,1165,1520,0.1381425920803502
357,1155,1512,0.13815578038046997
359,1166,1525,0.13816243377221502
364,1155,1519,0.13816268118532682
362,1162,1524,0.1381504494325984
363,1160,1523,0.13814506535830598
360,1154,1514,0.13813890677034624
360,1160,1520,0.13814156979228845
350,1166,1516,0.13814340739383035
346,1156,1502,0.13817095892674977
356,1157,1513,0.13820568706630362
352,1147,1499,0.1382122955458031
348,1133,1481,0.1382287485184199
357,1149,1506,0.13825478535767693
355,1153,1508,0.13825479625087284
354,1147,1501,0.13825950387419458
351,1148,1499,0.13826652832079642
352,1161,1513,0.13828128380970406
353,1165,1518,0.13829053056413654
351,1163,1514,0.13829668891076347
352,1169,1521,0.13830772223836926
359,1158,1517,0.1383162761468508
353,1161,1514,0.13830598473638603
350,1180,1530,0.13831270152933595
343,1178,1521,0.1383267931056568
345,1179,1524,0.13835769464879455
350,1174,1524,0.1383815672137637
351,1177,1528,0.13838940608604247
347,1168,1515,0.1383941793562563
339,1166,1505,0.13840949865787747
338,1176,1514,0.13844522722558897
338,1173,1511,0.13848083650382156
335,1166,1501,0.13851530086446107
333,1172,1505,0.13855384035796103
336,1164,1500,0.13859427765606286
332,1174,1506,0.13862472760884234
331,1181,1512,0.1386633882162823
323,1187,1510,0.13870296821779185
326,1191,1517,0.13876121032559421
328,1196,1524,0.1388073925776441
332,1187,1519,0.13884420192796687
328,1189,1517,0.13886818562948516
324,1185,1509,0.13890106754800763
318,1189,1507,0.13894206817946803
321,1202,1523,0.13899671329018606
320,1196,1516,0.13904040696756417
316,1200,1516,0.1390840049668411
320,1197,1517,0.139134787139258
321,1204,1525,0.13917081359321404
314,1197,1511,0.139201222703747
321,1189,1510,0.13924882383414652
318,1194,1512,0.13927490445624557
318,1183,1501,0.13930773409246514
315,1190,1505,0.13933907540332882
319,1181,1500,0.13937678038200832
321,1186,1507,0.13940177925882805
316,1180,1496,0.13941907875420967
323,1184,1507,0.13944836467374178
330,1182,1512,0.13945786004737942
329,1177,1506,0.1394474134086648
327,1188,1515,0.13944112076741935
319,1197,1516,0.13944088321320458
330,1187,1517,0.1394617466879723
332,1186,1518,0.13945307340411472
337,1182,1519,0.13943846439537805
333,1184,1517,0.13941175005069148
336,1185,1521,0.13939739335357934
341,1175,1516,0.13937627142451298
344,1169,1513,0.13934311697751123
345,1174,1519,0.13930300279451377
346,1176,1522,0.13926392348615577
349,1179,1528,0.1392251163190695
341,1178,1519,0.1391804056805803
341,1169,1510,0.1391601115218843
340,1168,1508,0.13914116913201713
346,1178,1524,0.1391264785247017
344,1181,1525,0.13909645741109264
343,1169,1512,0.1390744934558889
342,1163,1505,0.13905701227082803
348,1152,1500,0.13904306921461815
344,1155,1499,0.13901425521254432
350,1164,1514,0.13899784286781328
348,1167,1515,0.13896717884028387
349,1159,1508,0.13894166812242006
348,1160,1508,0.13891484861381018
354,1162,1516,0.13889417734987486
356,1165,1521,0.138859368164546
356,1166,1522,0.13881980558956417
356,1165,1521,0.1387833128471775
348,1160,1508,0.13874941513452363
350,1162,1512,0.13873908174372096
347,1170,1517,0.13872217715555857
353,1157,1510,0.13871318672351232
353,1155,1508,0.13868848928383826
359,1156,1515,0.1386664633458299
358,1157,1515,0.1386304026237812
354,1168,1522,0.1385977614134934
355,1170,1525,0.13857862710491947
354,1164,1518,0.13855733548342586
355,1161,1516,0.13854107625335202
353,1167,1520,0.13852296621754603
351,1166,1517,0.13851207563207804
351,1171,1522,0.13850639475519855
346,1167,1513,0.1385011990079695
344,1158,1502,0.13850949420240105
342,1161,1503,0.13852167790968303
343,1172,1515,0.13853668853348072
336,1159,1495,0.13854793736440807
336,1176,1512,0.13857705634799686
334,1180,1514,0.13860371172624025
339,1179,1518,0.13863451058130405
339,1179,1518,0.13865008314310348
338,1180,1518,0.13866414478878897
335,1184,1519,0.13867966233944368
326,1182,1508,0.13870232817359604
328,1172,1500,0.1387471862957137
331,1179,1510,0.13878252500209426
333,1174,1507,0.1388076627351251
334,1169,1503,0.13882610082410737
331,1180,1511,0.13883936403735286
334,1196,1530,0.13886050253573587
329,1193,1522,0.13887224918723617
327,1188,1515,0.13889621544053007
329,1193,1522,0.1389225599607274
324,1186,1510,0.13894208654077275
325,1180,1505,0.13897250862295962
328,1187,1515,0.13899774061499418
326,1191,1517,0.13901448945527314
324,1190,1514,0.13903467332427585
327,1194,1521,0.1390597079059753
326,1197,1523,0.1390749895400235
327,1187,1514,0.13909130888167304
331,1197,1528,0.13910389490778274
328,1209,1537,0.13910528894548635
323,1200,1523,0.13911409280892897
319,1194,1513,0.13913569369799905
319,1192,1511,0.13916506437496184
320,1187,1507,0.1391935771690444
317,1195,1512,0.13921707770905917
323,1196,1519,0.13924714580940237
325,1196,1521,0.139261214099707
319,1191,1510,0.13926688165541642
316,1185,1501,0.1392892594214819
314,1187,1501,0.1393188199005213
311,1200,1511,0.1393517166287101
309,1188,1497,0.13938997061231745
311,1184,1495,0.13943082769884163
309,1189,1498,0.13946166193576073
309,1190,1499,0.1394960792451816
306,1202,1508,0.1395277659124966
309,1209,1518,0.13956465208322458
313,1214,1527,0.1395903662453963
314,1207,1521,0.1396038005063505
311,1202,1513,0.13961471150990343
306,1211,1517,0.13963348577546264
303,1205,1508,0.13966433332784167
302,1198,1500,0.1397018032379159
305,1200,1505,0.1397405651390654
300,1210,1510,0.139769466226714
304,1211,1515,0.13980882343792922
303,1212,1515,0.13983471160265662
302,1211,1513,0.1398618941691945
300,1203,1503,0.13988915894083606
292,1205,1497,0.1399192471332678
302,1215,1517,0.13996991447003987
301,1212,1513,0.13998918335084418
294,1216,1510,0.1400091140398254
297,1218,1515,0.14004726966320383
298,1217,1515,0.14007503761483395
298,1220,1518,0.1400977138240799
288,1216,1504,0.14011972397008385
286,1219,1505,0.14016726413157987
295,1228,1523,0.14021692071629765
291,1234,1525,0.1402385323563004
299,1230,1529,0.14027036333693396
295,1234,1529,0.14027833563473469
295,1233,1528,0.14029655199960706
296,1230,1526,0.1403135306090408
288,1233,1521,0.14032707756715393
285,1226,1511,0.14036168144298394
280,1232,1512,0.14040182876612783
281,1231,1512,0.14045048440817431
280,1233,1513,0.1404931770591267
283,1228,1511,0.140535307788208
280,1236,1516,0.1405663532970441
280,1235,1515,0.14060384509664758
283,1233,1516,0.14063905279866082
281,1238,1519,0.140663396531213
278,1232,1510,0.1406915453508772
279,1233,1512,0.1407249362434388
282,1224,1506,0.14075271416180418
277,1238,1515,0.14076990521571994
277,1237,1514,0.14079934312390216
275,1245,1520,0.14082677431270374
274,1243,1517,0.1408581983714927
277,1245,1522,0.140890674276518
276,1239,1515,0.14091150060194324
277,1238,1515,0.14093233978151912
274,1228,1502,0.14094812457310563
270,1225,1495,0.14097183310882333
272,1222,1494,0.14100491007516677
273,1226,1499,0.14102897903454245
272,1226,1498,0.14104835527910342
270,1218,1488,0.14106913487567962
267,1227,1494,0.1410938487987926
267,1220,1487,0.1411247928584559
266,1228,1494,0.14115397938138285
263,1236,1499,0.1411850601943998
266,1239,1505,0.14122266097713415
267,1246,1513,0.14124881241093823
263,1239,1502,0.1412693333095923
262,1250,1512,0.1412990401424507
267,1241,1508,0.14133038036978246
268,1237,1505,0.1413468318816607
264,1242,1506,0.14135934405954667
262,1247,1509,0.14138188217956071
260,1264,1524,0.14140921929429592
265,1259,1524,0.14143958262232423
270,1260,1530,0.14145498857663913
267,1264,1531,0.14145568630816882
267,1260,1527,0.14146458051901997
263,1246,1509,0.14147434504226974
263,1256,1519,0.14149467601877241
262,1257,1519,0.14151416606027914
259,1259,1518,0.14153525028887098
261,1263,1524,0.14156292718765762
262,1267,1529,0.14158357771934002
259,1263,1522,0.14160068381720264
253,1250,1503,0.1416250674922579
253,1259,1512,0.141663606926267
250,1267,1517,0.14169986976534216
246,1267,1513,0.14174253005889983
248,1279,1527,0.14179372326283476
247,1266,1513,0.1418358542170549
246,1266,1512,0.14187797086022727
242,1287,1529,0.14192105185025083
234,1288,1522,0.1419731330446212
230,1286,1516,0.1420439538756649
235,1295,1530,0.14212176455192213
239,1290,1529,0.14217947554641655
241,1281,1522,0.1422228691910947
239,1293,1532,0.14225738476138428
235,1272,1507,0.14229600567002545
234,1279,1513,0.14234323920003367
230,1271,1501,0.14238966050046117
235,1271,1506,0.14244506601078752
239,1269,1508,0.14248276294874057
235,1277,1512,0.14250734483886945
233,1282,1515,0.1425415534517678
228,1291,1519,0.14257884884079064
224,1292,1516,0.14262731674607246
226,1290,1516,0.14268349687778784
226,1299,1525,0.14273136326785132
222,1290,1512,0.14277639260555483
223,1292,1515,0.1428297365930427
222,1295,1517,0.1428765626897728
222,1301,1523,0.14292321383986134
215,1306,1521,0.14296668895784356
217,1310,1527,0.1430264492312163
217,1319,1536,0.14307643529656308
221,1308,1529,0.14312379974340736
224,1301,1525,0.1431570844602498
219,1299,1518,0.14318006715715298
218,1297,1515,0.14321696237011314
218,1305,1523,0.14325484140652223
212,1303,1515,0.14328957562259492
212,1309,1521,0.14333863405402889
212,1313,1525,0.14338470897997205
209,1310,1519,0.1434276370777804
210,1296,1506,0.14347588049968452
207,1299,1506,0.14351742774143117
211,1296,1507,0.14356461845412874
214,1301,1515,0.1435973375098134
213,1298,1511,0.14361930010760954
210,1296,1506,0.14364277419178215
215,1300,1515,0.14367255303194568
213,1300,1513,0.14368556919370223
215,1291,1506,0.14370325575270212
212,1293,1505,0.14371364776765472
209,1297,1506,0.14373073355714133
209,1285,1494,0.14375506339271646
212,1291,1503,0.14377822953984284
209,1281,1490,0.14379091541165323
206,1297,1503,0.1438119697271632
204,1311,1515,0.14383927484534603
206,1307,1513,0.1438694490859676
205,1310,1515,0.14389203356832198
208,1305,1513,0.14391642370324403
210,1312,1522,0.14393076273542513
203,1313,1516,0.14393866141016268
198,1320,1518,0.14396661045751116
201,1327,1528,0.14400797877131105
199,1317,1516,0.14403849764867027
199,1316,1515,0.14407238263362612
199,1322,1521,0.14410425233091836
199,1314,1513,0.14413330684880013
194,1321,1515,0.1441613696968331
192,1329,1521,0.14420131618772714
198,1312,1510,0.14424539174103215
202,1314,1516,0.14426982940110833
204,1316,1520,0.14428249294583553
198,1318,1516,0.1442887981837994
190,1308,1498,0.1443120199581375
185,1299,1484,0.14435665381385174
184,1311,1495,0.14441303940976302
185,1319,1504,0.14446923476968052
186,1327,1513,0.14451888462030305
182,1341,1523,0.14456341320028535
179,1340,1519,0.14461574626806833
185,1332,1517,0.1446727370610001
182,1331,1513,0.1447099796174057
179,1315,1494,0.14475382642229928
174,1317,1491,0.14480315458585694
174,1315,1489,0.14486255739473197
172,1319,1491,0.14491729302832748
174,1308,1482,0.14497440204856474
176,1309,1485,0.14502188198741617
173,1327,1500,0.14506078540557085
177,1324,1501,0.1451053542295153
174,1318,1492,0.14513598329752295
175,1332,1507,0.14517436385489382
175,1331,1506,0.14520774384293617
172,1338,1510,0.14523882471662197
173,1350,1523,0.1452766936624828
171,1346,1517,0.14530951660308417
169,1347,1516,0.14534659957009066
166,1338,1504,0.14538692718790946
165,1337,1502,0.14543281111598297
162,1348,1510,0.14547920555167557
166,1340,1506,0.1455309181083281
168,1350,1518,0.1455678927948876
169,1344,1513,0.14559621828172944
171,1344,1515,0.1456190898203184
173,1355,1528,0.14563458207839924
172,1350,1522,0.14564445014944993
170,1357,1527,0.14565677187823126
170,1363,1533,0.1456740700896681
173,1357,1530,0.14568980388364763
171,1345,1516,0.1456962238897712
171,1348,1519,0.14570801033632258
168,1341,1509,0.14571866324633004
165,1343,1508,0.14573717303085
161,1345,1506,0.14576358078239063
159,1365,1524,0.14579994624245501
159,1364,1523,0.14583993394231268
157,1367,1524,0.14587762312919822
160,1361,1521,0.14591904250957102
161,1356,1517,0.1459495936263799
160,1359,1519,0.1459749195236763
158,1354,1512,0.14600187314568863
156,1360,1516,0.14603222273675656
155,1349,1504,0.14606627966794555
154,1359,1513,0.1461006201950667
154,1373,1527,0.14613536306780084
156,1364,1520,0.14616806943359084
158,1348,1506,0.14619312622749034
157,1349,1506,0.14621067901036144
155,1352,1507,0.14622979561148367
157,1357,1514,0.14625319993443597
157,1363,1520,0.1462693718485529
158,1363,1521,0.14628507731319562
161,1367,1528,0.14629674192170922
164,1365,1529,0.1462992507181525
161,1366,1527,0.14629321700844525
155,1361,1516,0.14629670633977457
156,1354,1510,0.14631761853807812
158,1359,1517,0.1463338772904978
161,1364,1525,0.1463428577817668
157,1368,1525,0.14634342167631023
157,1358,1515,0.14635471301025263
157,1361,1518,0.14636600944102662
156,1367,1523,0.14637631508705706
155,1363,1518,0.146388620232613
157,1368,1525,0.1464029615818505
156,1367,1523,0.1464111716612303
158,1368,1526,0.14642126680847065
160,1370,1530,0.14642533787959533
160,1373,1533,0.14642295184804627
154,1382,1536,0.14642078888596333
149,1379,1528,0.14643622245540894
150,1373,1523,0.14646462394958826
147,1368,1515,0.14648812394549043
147,1383,1530,0.14651874079365207
148,1390,1538,0.1465476379147942
150,1389,1539,0.14657121407721901
148,1378,1526,0.14658780123975754
151,1371,1522,0.14660849921745403
147,1366,1513,0.14661939180403144
143,1373,1516,0.1466413149559763
142,1385,1527,0.14667337683453213
145,1370,1515,0.14670557015921584
144,1360,1504,0.146727303545709
147,1359,1506,0.14675010948896353
144,1371,1515,0.14676304934225404
139,1366,1505,0.1467840315855615
140,1376,1516,0.14681758649961865
142,1367,1509,0.1468461791198702
140,1367,1507,0.1468668390215035
138,1372,1510,0.1468931891853093
138,1378,1516,0.14692374308460288
138,1379,1517,0.14695231461061817
137,1375,1512,0.14697879087569338
139,1379,1518,0.14700632123874832
141,1375,1516,0.14702662965758864
140,1392,1532,0.147039612598482
142,1381,1523,0.14705393198261243
140,1386,1526,0.1470625265411225
138,1387,1525,0.14707671855956847
139,1384,1523,0.1470966485459893
138,1370,1508,0.1471123429553873
134,1388,1522,0.1471298867961805
136,1367,1503,0.14715752195871812
134,1364,1498,0.14717754607065398
134,1370,1504,0.14720227592169097
131,1373,1504,0.14722516167192645
130,1401,1531,0.14725560423238337
135,1405,1540,0.1472872154623295
133,1390,1523,0.14730242334052546
136,1404,1540,0.14732247436058585
130,1401,1531,0.1473324134865867
128,1392,1520,0.14735971980331372
129,1377,1506,0.14739098192438058
131,1373,1504,0.14741686308770588
130,1389,1519,0.1474350303977625
129,1380,1509,0.14745436233803658
129,1374,1503,0.14747581338530427
130,1386,1516,0.14749584956147443
127,1402,1529,0.14751181401887706
126,1399,1525,0.14753592061631882
124,1389,1513,0.14756140155997063
124,1390,1514,0.14759082560385212
128,1375,1503,0.1476180480101304
125,1400,1525,0.14763180106450016
122,1405,1527,0.1476539526926547
126,1396,1522,0.1476832852404432
128,1400,1528,0.14769844469535542
130,1399,1529,0.1477071773605809
131,1396,1527,0.14770946439092072
132,1397,1529,0.14770848058925767
128,1396,1524,0.14770504204348028
125,1395,1520,0.14771337074028185
124,1400,1524,0.147730159059396
121,1384,1505,0.14774849973879456
120,1384,1504,0.1477736878532758
119,1373,1492,0.14780021716314062
120,1379,1499,0.14782766558665703
120,1405,1525,0.14785020804074023
120,1404,1524,0.1478717173064508
120,1403,1523,0.14789218950794988
120,1406,1526,0.14791155711084383
118,1404,1522,0.14793018619677203
117,1399,1516,0.1479534299039301
118,1396,1514,0.14797757822049515
118,1400,1518,0.14799675124986236
119,1401,1520,0.14801512877369943
121,1410,1531,0.14802900883889805
123,1401,1524,0.14803555287468828
127,1399,1526,0.1480356658978953
130,1413,1543,0.148024680926756
128,1399,1527,0.14800564744904746
126,1398,1524,0.14799437218151418
125,1393,1518,0.14798962509946395
125,1387,1512,0.147987981595768
126,1381,1507,0.1479868969925847
120,1379,1499,0.14798304207896995
120,1387,1507,0.14799718953965782
120,1384,1504,0.14801025917568622
114,1398,1512,0.1480223164731638
108,1403,1511,0.148051455257818
110,1406,1516,0.14809627485658575
107,1401,1508,0.14813195418298417
104,1412,1516,0.14817446729842026
105,1403,1508,0.14822329102183038
101,1414,1515,0.14826597406547723
103,1408,1511,0.14831750236696753
101,1413,1514,0.148359967399371
101,1407,1508,0.14840558275624094
100,1418,1518,0.14844828257843934
102,1424,1526,0.14849098809291436
102,1425,1527,0.1485251333102947
104,1421,1525,0.14855750823756705
102,1413,1515,0.14858178107747683
102,1426,1528,0.1486103651184826
99,1404,1503,0.14863738953226613
101,1415,1516,0.14867174342723136
99,1413,1512,0.14869787450586286
100,1429,1529,0.14872853458897775
99,1435,1534,0.14875419680259866
99,1425,1524,0.14878133962761206
103,1427,1530,0.14880712861942821
104,1424,1528,0.14881937568467038
105,1411,1516,0.1488280924494928
103,1420,1523,0.14883337812322536
103,1423,1526,0.14884442567028458
100,1421,1521,0.1488547892839764
99,1424,1523,0.14887357850527005
99,1414,1513,0.14889418089828607
100,1417,1517,0.14891369863955814
100,1414,1514,0.14892854547639534
99,1420,1519,0.14894255981469995
99,1435,1534,0.14895865407346112
96,1420,1516,0.1489733054386144
98,1418,1516,0.14899680319240344
95,1425,1520,0.14901299414484748
93,1418,1511,0.14903716183759153
93,1417,1510,0.1490657101569573
94,1424,1518,0.14909246513793106
92,1425,1517,0.1491137970830284
91,1422,1513,0.1491402051137225
90,1433,1523,0.14916808903168982
89,1436,1525,0.14919714257617003
90,1432,1522,0.14922701905982008
89,1429,1518,0.14925242946595213
91,1436,1527,0.14927925619097734
91,1428,1519,0.14929870391147454
89,1438,1527,0.14931767279601238
89,1428,1517,0.14934132039033096
87,1431,1518,0.1493635427760726
85,1445,1530,0.14939021772772243
88,1443,1531,0.1494210557884842
88,1436,1524,0.14944175010775637
87,1431,1518,0.14946123737439224
87,1423,1510,0.14948240996630272
88,1429,1517,0.1495023613805717
87,1434,1521,0.14951815000869462
88,1435,1523,0.1495354310173712
87,1429,1516,0.1495483290521479
83,1426,1509,0.14956333824688847
83,1433,1516,0.1495893689803168
86,1442,1528,0.14961356136146253
88,1439,1527,0.1496271543052708
90,1433,1523,0.149633836173447
87,1420,1507,0.14963380256926775
84,1428,1512,0.1496423601680026
85,1420,1505,0.14965995860880343
90,1411,1501,0.1496736293226967
91,1412,1503,0.14967101741008298
90,1410,1500,0.1496655543256403
94,1412,1506,0.14966351993707794
93,1399,1492,0.14964969170940573
95,1413,1508,0.14963985436931804
93,1415,1508,0.14962469654763969
92,1418,1510,0.1496166049294036
93,1426,1519,0.1496123146818895
94,1416,1510,0.14960535187580146
93,1404,1497,0.1495959169809316
96,1406,1502,0.14958984307331907
96,1408,1504,0.14957524012903925
98,1408,1506,0.14956138917247322
95,1412,1507,0.14954186574403525
98,1405,1503,0.14953250019187184
96,1409,1505,0.149515092302685
97,1395,1492,0.14950486845551503
96,1402,1498,0.14949232236944263
96,1406,1502,0.14948331620749716
95,1410,1505,0.14947438828380594
97,1398,1495,0.1494690381165188
92,1409,1501,0.1494583198490556
89,1430,1519,0.14946360447635199
92,1439,1531,0.14947738640324743
90,1439,1529,0.1494811603902698
89,1444,1533,0.14949050298011085
88,1440,1528,0.14950192277845564
91,1436,1527,0.14951561026499094
89,1429,1518,0.14951933422303676
90,1428,1518,0.14952908785190602
89,1430,1519,0.1495352512868413
91,1436,1527,0.14954425811374622
91,1427,1518,0.14954665292351177
91,1429,1520,0.14954892352974591
92,1425,1517,0.14955112946669163
93,1424,1517,0.1495500431819199
92,1430,1522,0.1495458694000634
91,1444,1535,0.14954544971255895
89,1445,1534,0.1495483616278046
89,1417,1506,0.1495564477102474
87,1412,1499,0.1495641052826814
89,1415,1504,0.14957684558412304
88,1428,1516,0.1495828776568218
83,1425,1508,0.1495914129802249
88,1430,1518,0.1496143568517807
86,1432,1518,0.14962114653652464
85,1427,1512,0.14963332259553508
87,1416,1503,0.14964764780940512
84,1430,1514,0.14965462102407337
83,1415,1498,0.14967002599073095
78,1423,1501,0.14968759547579358
81,1418,1499,0.14971937358306836
83,1437,1520,0.1497399896534356
85,1424,1509,0.14975315815866036
83,1424,1507,0.14975965130653945
85,1429,1514,0.14977174637844318
87,1439,1526,0.14977702023650802
85,1442,1527,0.1497761311309787
87,1436,1523,0.14978126841169595
85,1434,1519,0.14977985962997062
85,1429,1514,0.14978464414124887
83,1421,1504,0.1497892770595515
80,1420,1500,0.1497994005480747
81,1423,1504,0.1498182791676199
81,1432,1513,0.14983227737787883
80,1431,1511,0.14984553212025098
82,1437,1519,0.1498610103442126
87,1428,1515,0.1498695972904094
86,1441,1527,0.14986275546365668
84,1444,1528,0.14985993995056263
85,1434,1519,0.14986357300107578
84,1433,1517,0.14986395624303167
88,1435,1523,0.14986741194299466
87,1436,1523,0.14985846082375132
83,1423,1506,0.14985340278690448
80,1430,1510,0.1498599154828413
81,1431,1512,0.14987499152007738
81,1439,1520,0.1498863100150955
80,1435,1515,0.1498969758109701
77,1448,1525,0.14990999871328284
81,1435,1516,0.14993097318308857
81,1436,1517,0.1499385989222342
83,1434,1517,0.14994628318016237
83,1441,1524,0.14994711941693417
83,1432,1515,0.14994817587667172
82,1424,1506,0.14994921744048456
78,1420,1498,0.14995301258737462
77,1430,1507,0.14996832627982756
77,1434,1511,0.14998552001263993
77,1436,1513,0.1500013074912482
78,1424,1502,0.15001603851213968
79,1426,1505,0.15002661855455413
79,1418,1497,0.1500334588504441
80,1412,1492,0.15004014685208067
81,1430,1511,0.15004348987398733
82,1424,1506,0.1500434771303547
79,1429,1508,0.1500403983358506
80,1435,1515,0.15004680702137668
81,1432,1513,0.15004964283445602
80,1441,1521,0.15004931789014034
80,1453,1533,0.15005189263401375
82,1459,1541,0.15005444530445644
81,1453,1534,0.15005064217234093
82,1438,1520,0.15005010875078895
80,1442,1522,0.15004644182630236
79,1434,1513,0.15004918824807437
76,1449,1525,0.1500546559246221
77,1438,1515,0.15006839582238066
79,1437,1516,0.1500782789663014
79,1433,1512,0.15008165628489117
80,1433,1513,0.1500855819211357
80,1447,1527,0.15008646262772607
79,1449,1528,0.15008737728567859
78,1434,1512,0.15009146129983544
75,1434,1509,0.1500983138497709
75,1420,1495,0.15011335644579876
76,1411,1487,0.15012761871562588
75,1412,1487,0.15013736775453781
72,1423,1495,0.15014973942486884
70,1427,1497,0.1501706904369481
73,1445,1518,0.1501961749430482
73,1451,1524,0.1502112020861956
73,1439,1512,0.15022545144384267
73,1442,1515,0.15023885655471708
71,1458,1529,0.15025144969318494
69,1464,1533,0.1502693335232509
69,1463,1532,0.15029232391572778
68,1459,1527,0.1503140447334531
70,1458,1528,0.15033774281421824
70,1471,1541,0.15035358376680946
70,1466,1536,0.15036838822428894
70,1459,1529,0.1503822848383977
71,1460,1531,0.15039508940422636
71,1469,1540,0.15040401641881826
70,1474,1544,0.150412427808115
66,1457,1523,0.1504233812043068
65,1450,1515,0.1504454917677272
66,1448,1514,0.1504692032379062
65,1451,1516,0.15048856033929472
65,1452,1517,0.15050943298958294
64,1441,1505,0.15052922022538895
62,1444,1506,0.15055058003383245
63,1449,1512,0.15057664054307374
63,1449,1512,0.15059818662364846
62,1457,1519,0.1506184215678788
60,1450,1510,0.15064082798772024
60,1464,1524,0.1506677672612974
60,1455,1515,0.15069303905659961
61,1447,1508,0.150716543907658
59,1451,1510,0.15073543990557478
58,1444,1502,0.15075893682870592
58,1473,1531,0.15078396029244379
58,1481,1539,0.1508073904374363
56,1465,1521,0.15082974191455034
54,1456,1510,0.15085673959729165
55,1461,1516,0.15088831911944287
54,1468,1522,0.15091450676138457
56,1462,1518,0.1509422431208454
56,1456,1512,0.15096215646360772
56,1445,1501,0.15098074139307915
56,1441,1497,0.15099806661439236
56,1459,1515,0.15101450444756676
57,1446,1503,0.15102967370062437
58,1455,1513,0.1510405296449225
56,1457,1513,0.1510480580212371
58,1463,1521,0.15106136395401173
58,1462,1520,0.15106740341859365
58,1468,1526,0.15107310529202922
56,1475,1531,0.1510787696512407
55,1467,1522,0.1510897337802168
57,1473,1530,0.15110346786820059
57,1474,1531,0.15111005234490082
53,1468,1521,0.1511161550265294
53,1472,1525,0.15113341872778985
55,1465,1520,0.15114923587223877
57,1457,1514,0.15115799709669114
59,1467,1526,0.15116024938686023
59,1464,1523,0.15115623743293527
60,1475,1535,0.1511525007463928
60,1460,1520,0.15114595309176806
56,1457,1513,0.15113990624899543
56,1459,1515,0.15114659566132513
56,1441,1497,0.1511527993822877
56,1455,1511,0.15115856507272316
53,1457,1510,0.1511639463392406
52,1452,1504,0.15117831841997123
51,1470,1521,0.1511950011141352
50,1467,1517,0.15121384525912362
51,1463,1514,0.15123466272975242
52,1462,1514,0.15125100896021018
52,1467,1519,0.15126322392069114
51,1471,1522,0.1512746497402214
48,1473,1521,0.15128843855752605
48,1462,1510,0.1513104250431872
48,1451,1499,0.15133085219906348
47,1450,1497,0.15135015199140833
45,1466,1511,0.15137130317304792
46,1466,1512,0.1513971650918439
46,1471,1517,0.15141810103157938
45,1473,1518,0.1514374569621393
46,1474,1520,0.151459027350571
45,1476,1521,0.15147622856284867
45,1482,1527,0.15149533187704262
46,1479,1525,0.1515132927240427
44,1470,1514,0.15152711817039946
44,1464,1508,0.1515464103332598
45,1472,1517,0.1515644889373527
44,1477,1521,0.1515783915724689
44,1484,1528,0.1515944800651282
43,1483,1526,0.15160961425981248
43,1484,1527,0.15162691120353153
43,1478,1521,0.1516431347086738
43,1466,1509,0.15165832749998603
42,1462,1504,0.15167257653468194
44,1468,1512,0.15168916687909384
43,1472,1515,0.15169869470516573
40,1467,1507,0.15171104027835447
41,1475,1516,0.15173177693613313
41,1483,1524,0.1517480424163599
39,1481,1520,0.1517633667110975
42,1487,1529,0.1517839247257472
42,1478,1520,0.15179405557535788
42,1467,1509,0.15180359819842043
43,1464,1507,0.1518124105012692
43,1463,1506,0.15181754406106512
40,1450,1490,0.1518224123413725
41,1449,1490,0.15183622402246966
42,1461,1503,0.15184605509581053
43,1469,1512,0.15185222596184686
45,1460,1505,0.15185502481030488
46,1471,1517,0.151851580900709
43,1469,1512,0.15184539549722303
42,1474,1516,0.15184873698156598
40,1465,1505,0.15185498775060322
41,1466,1507,0.15186717642794073
40,1467,1507,0.1518755377055494
40,1458,1498,0.15188642148691378
39,1473,1512,0.15189666489784753
38,1481,1519,0.15190938468392573
37,1469,1506,0.15192442733351805
36,1463,1499,0.15194155028011655
37,1458,1495,0.15196069857746985
37,1467,1504,0.15197559080308826
38,1474,1512,0.15198958006977603
36,1486,1522,0.15199985472672892
35,1475,1510,0.1520157827593051
38,1495,1533,0.15203357429153885
37,1498,1535,0.15204119900341284
37,1486,1523,0.15205149253436032
40,1476,1516,0.15206110933866246
38,1459,1497,0.15206105517469098
42,1466,1508,0.15206754798296973
42,1476,1518,0.15206136916494922
42,1474,1516,0.15205549109483646
42,1476,1518,0.15205003806628847
44,1467,1511,0.15204503165082753
45,1478,1523,0.15203432738053516
45,1473,1518,0.15202095880298597
45,1475,1520,0.15200851993207226
44,1466,1510,0.15199694229711214
44,1490,1534,0.15198922127721196
44,1483,1527,0.15198192310396652
42,1470,1512,0.15197499339973214
42,1475,1517,0.15197462303390483
38,1498,1536,0.15197442595661476
37,1487,1524,0.15198658949804283
39,1481,1520,0.15200100891404092
40,1488,1528,0.15200838983837844
40,1495,1535,0.15201241445463917
38,1474,1512,0.15201610727872095
37,1480,1517,0.15202599044243434
38,1491,1529,0.1520383025118677
37,1495,1532,0.15204668590552342
35,1493,1528,0.15205762481500246
35,1486,1521,0.1520739793827411
36,1488,1524,0.15208923499709462
37,1474,1511,0.1521004618859432
33,1486,1519,0.1521078910256289
34,1481,1515,0.1521270012517504
35,1477,1512,0.15214190441291042
36,1461,1497,0.15215300184348332
37,1472,1509,0.1521603000847584
38,1473,1511,0.15216403906775702
39,1474,1513,0.1521644628389183
38,1470,1508,0.15216184330290117
37,1466,1503,0.1521624152482028
37,1470,1507,0.1521660678672962
37,1474,1511,0.15216962400986667
37,1482,1519,0.15217296733639468
38,1485,1523,0.15217608966075377
37,1491,1528,0.15217592035991978
35,1491,1526,0.15217889607106114
35,1489,1524,0.1521878652396926
36,1484,1520,0.15219622696210425
36,1488,1524,0.15220102616936818
36,1489,1525,0.15220604447939112
35,1497,1532,0.15221066652028215
35,1485,1520,0.15221793003812045
35,1494,1529,0.1522248979603599
35,1489,1524,0.15223143947135875
34,1476,1510,0.1522375834130531
32,1479,1511,0.15224645809821982
31,1486,1517,0.15226100955167918
31,1494,1525,0.15227762833317557
33,1490,1523,0.15229317206665796
33,1478,1511,0.15230152038049752
32,1489,1521,0.15230940729743533
34,1482,1516,0.15231987106761852
35,1485,1520,0.15232352433157964
36,1495,1531,0.1523238363048096
35,1490,1525,0.15232103189783416
36,1483,1519,0.15232136374245694
35,1496,1531,0.152318407777081
36,1475,1511,0.1523190085918275
35,1476,1511,0.15231644349678786
35,1474,1509,0.15231701394579125
35,1481,1516,0.1523176209919571
34,1491,1525,0.15231820798352794
36,1472,1508,0.15232181072618245
37,1478,1515,0.15231921955931305
37,1489,1526,0.15231367451041783
35,1477,1512,0.15230846932348285
35,1480,1515,0.15230957624226915
35,1480,1515,0.15231064092232757
37,1490,1527,0.1523116605628321
38,1479,1517,0.1523066217910156
38,1476,1514,0.15229896462834308
38,1477,1515,0.1522918495020803
39,1476,1515,0.15228511779385434
39,1482,1521,0.15227582600858744
39,1484,1523,0.15226701336822532
39,1494,1533,0.15225872105811786
40,1496,1536,0.15225093600894174
40,1496,1536,0.15224039771079373
40,1489,1529,0.15223070222868718
39,1498,1537,0.15222179311505504
41,1491,1532,0.15221650727231237
40,1477,1517,0.15220562876183452
41,1474,1515,0.15219846954178756
41,1485,1526,0.15218881699128375
42,1492,1534,0.15217958621569203
42,1493,1535,0.15216778349938706
43,1476,1519,0.15215645502970265
43,1475,1518,0.15214304966340575
42,1465,1507,0.15213048604606794
40,1474,1514,0.1521217282078216
41,1475,1516,0.15211945838539756
40,1474,1514,0.15211450644374463
39,1482,1521,0.1521127672959056
38,1482,1520,0.1521143943575695
32,1475,1507,0.15211840853548986
32,1479,1511,0.15214039386512024
33,1475,1508,0.15216101747106509
33,1493,1526,0.152177431691966
33,1478,1511,0.15219278509660442
34,1468,1502,0.1522072133339198
34,1469,1503,0.1522176830454847
33,1468,1501,0.15222760189083306
33,1474,1507,0.152240060393276
31,1476,1507,0.1522516373859336
33,1470,1503,0.1522684187528834
33,1467,1500,0.15227816708243005
34,1481,1515,0.1522873534938177
33,1481,1514,0.1522928465705745
31,1475,1506,0.15230120426850513
31,1476,1507,0.15231524600614985
30,1478,1508,0.15232840926799177
33,1480,1513,0.15234381806732342
32,1485,1517,0.15234905218219294
33,1481,1514,0.1523570952380987
33,1471,1504,0.15236168872014477
34,1473,1507,0.1523660434360067
32,1474,1506,0.15236711596112637
31,1467,1498,0.15237434402089206
30,1485,1515,0.15238408702888517
30,1468,1498,0.15239614934229337
30,1471,1501,0.15240744957785135
31,1479,1510,0.15241821209280418
30,1480,1510,0.15242520263031717
29,1479,1508,0.15243475495549422
30,1478,1508,0.15244687244336105
30,1471,1501,0.15245508966002286
29,1470,1499,0.15246288215588963
29,1472,1501,0.15247335837746906
30,1481,1511,0.15248319279111675
30,1483,1513,0.15248926180490632
29,1482,1511,0.15249495916841962
28,1486,1514,0.1525031998933128
27,1486,1513,0.15251391905361106
27,1497,1524,0.15252682639734808
27,1490,1517,0.1525389550674088
27,1493,1520,0.1525503132165728
27,1489,1516,0.15256096290480234
27,1496,1523,0.15257094806060753
25,1487,1512,0.1525803100608385
24,1494,1518,0.15259543079110643
23,1492,1515,0.15261267487945346
23,1496,1519,0.1526317783175082
24,1498,1522,0.15264975440153905
25,1496,1521,0.15266349058050507
27,1490,1517,0.15267336214396462
27,1485,1512,0.15267632031737655
27,1500,1527,0.1526791091825184
28,1499,1527,0.1526817389244389
28,1493,1521,0.1526810662680755
27,1498,1525,0.15268045511352213
27,1499,1526,0.15268302729804714
25,1513,1538,0.15268545166901173
25,1501,1526,0.15269398038940962
25,1498,1523,0.15270198145687783
25,1495,1520,0.15270948918704325
26,1507,1533,0.1527165342417263
26,1497,1523,0.1527200555187354
27,1500,1527,0.15272337572998018
27,1493,1520,0.15272331848257842
25,1494,1519,0.15272327951338124
23,1492,1515,0.1527293778396171
23,1499,1522,0.15274140583330606
23,1510,1533,0.1527526035783713
25,1516,1541,0.15276317336147127
23,1497,1520,0.15276688507402142
23,1489,1512,0.15277663898484042
23,1491,1514,0.15278579824029298
22,1494,1516,0.15279439444780596
24,1494,1518,0.15280553390113963
22,1483,1505,0.1528097388693585
21,1491,1512,0.15281984526983827
22,1494,1516,0.1528324775645528
20,1499,1519,0.15284122707037057
21,1500,1521,0.15285559189584208
21,1494,1515,0.15286594666496855
20,1500,1520,0.15287571004513498
19,1510,1529,0.15288806513074055
18,1506,1524,0.15290279709324436
18,1505,1523,0.15291969715699597
18,1510,1528,0.15293555692039265
17,1511,1528,0.15295044968057378
17,1511,1528,0.15296757715123552
16,1507,1523,0.15298365847430934
16,1497,1513,0.15300187350412067
15,1507,1522,0.1530189662844153
14,1502,1516,0.15303821947122037
12,1500,1512,0.15305943474904038
12,1504,1516,0.1530856784386432
12,1496,1508,0.15311032422507992
13,1489,1502,0.1531334625890741
13,1495,1508,0.1531520203319429
13,1494,1507,0.1531694507547832
12,1498,1510,0.15318582999948843
12,1502,1514,0.153204376372691
12,1496,1508,0.1532218040317555
14,1495,1509,0.15323817326536152
13,1505,1518,0.1532472111920887
13,1516,1529,0.1532589034201629
12,1511,1523,0.15326986099576656
12,1504,1516,0.153283349529162
10,1509,1519,0.15329604748704123
11,1506,1517,0.15331429794455173
11,1503,1514,0.15332828942168497
11,1505,1516,0.1533414283915512
12,1513,1525,0.15335375780982413
13,1524,1537,0.15336216413590442
13,1518,1531,0.15336695625726826
13,1516,1529,0.15337144977962994
13,1499,1512,0.15337566652698562
14,1502,1516,0.15337966881387885
13,1503,1516,0.15338028670787804
13,1508,1521,0.15338407067168033
14,1512,1526,0.153387628187524
14,1512,1526,0.15338779331164545
14,1516,1530,0.15338805170532224
14,1504,1518,0.15338832221004625
13,1506,1519,0.15338863495496327
13,1506,1519,0.1533921083550539
13,1502,1515,0.15339537643530016
13,1498,1511,0.15339844522158066
13,1503,1516,0.15340138823490979
13,1508,1521,0.15340418199441
12,1507,1519,0.15340682828123936
12,1500,1512,0.153412481074574
10,1491,1501,0.15341778589796737
12,1506,1518,0.15342906204417253
11,1507,1518,0.15343333163429043
11,1504,1515,0.1534404359586739
11,1515,1526,0.1534471063025403
12,1496,1508,0.15345338001777106
11,1492,1503,0.15345609681119707
11,1499,1510,0.15346179788964898
11,1509,1520,0.1534671531896091
11,1509,1520,0.1534721976854763
10,1496,1506,0.15347693302832172
11,1498,1509,0.1534844947449771
10,1495,1505,0.15348844162030015
10,1489,1499,0.153495328103132
10,1494,1504,0.15350179210551376
10,1502,1512,0.15350782382381076
10,1505,1515,0.15351348128835238
11,1488,1499,0.15351878810980538
11,1494,1505,0.15352059428302908
11,1519,1530,0.15352229348199853
11,1511,1522,0.15352389344706024
11,1509,1520,0.15352540039474494
12,1505,1517,0.153526819235825
12,1490,1502,0.15352501794014514
13,1500,1513,0.15352334608424487
15,1487,1502,0.15351859718339453
16,1491,1507,0.15350785837252462
16,1490,1506,0.1534946298454228
16,1503,1519,0.1534822276039127
16,1499,1515,0.15347059426995244
16,1496,1512,0.1534596812526888
15,1502,1517,0.1534494427236157
15,1511,1526,0.1534429874101821
15,1511,1526,0.153436923475922
15,1503,1518,0.15343122766500833
15,1503,1518,0.1534258770690154
15,1497,1512,0.15342085085978532
16,1506,1522,0.15341612949020786
15,1504,1519,0.1534086129818056
15,1496,1511,0.15340463118688405
14,1509,1523,0.15340089977768476
14,1509,1523,0.1534005068735991
14,1501,1515,0.15340012515451457
14,1505,1519,0.1533997635322678
15,1503,1518,0.15339942077995325
14,1500,1514,0.15339594757541083
13,1500,1513,0.15339579496189715
13,1509,1522,0.15339880623592045
13,1507,1520,0.15340163777661986
15,1507,1522,0.15340429100519792
15,1501,1516,0.15340045469828043
15,1492,1507,0.15339687339356659
15,1495,1510,0.153393515799752
12,1507,1519,0.15339036473292303
11,1503,1514,0.15339686784228287
11,1504,1515,0.15340610461087642
11,1499,1510,0.15341477334845102
12,1511,1523,0.15342290561111505
12,1495,1507,0.1534273881910472
12,1484,1496,0.15343161189794594
12,1506,1518,0.15343558024508375
11,1513,1524,0.15343930606868905
12,1513,1525,0.1534459384374771
11,1504,1515,0.15344897359610904
10,1508,1518,0.15345498853216222
10,1509,1519,0.15346377462076452
9,1509,1518,0.15347206344918105
9,1507,1516,0.15348306503266262
9,1507,1516,0.15349340021545077
9,1510,1519,0.15350310772009398
9,1511,1520,0.15351227506517237
9,1504,1513,0.1535208976291681
7,1503,1510,0.15352898732229311
7,1505,1512,0.15354283924382045
8,1499,1507,0.1535558291870228
9,1508,1517,0.153564896343191
9,1507,1516,0.15357027939215293
8,1512,1520,0.15357536084581985
9,1517,1526,0.15358329004685672
8,1502,1510,0.1535875539888959
8,1505,1513,0.15359471610766062
7,1513,1520,0.15360146222223375
7,1502,1509,0.15361096663036256
7,1502,1509,0.1536198813280919
8,1511,1519,0.15362825928870655
8,1521,1529,0.15363296830777784
8,1515,1523,0.15363741808774628
8,1515,1523,0.15364160555310621
8,1520,1528,0.15364554320942692
8,1523,1531,0.15364924546240996
8,1508,1516,0.15365272632167104
7,1494,1501,0.15365599904805716
7,1506,1513,0.15366229065377252
7,1507,1514,0.15366821059653732
7,1510,1517,0.15367377370453703
7,1515,1522,0.1536790003471748
7,1513,1520,0.15368391125955808
6,1493,1499,0.15368852603207933
7,1493,1500,0.15369601565231128
7,1498,1505,0.15369988411442648
7,1506,1513,0.1537035376185232
6,1505,1511,0.15370697244022466
6,1517,1523,0.1537133847015621
6,1510,1516,0.15371939771687862
7,1507,1514,0.1537250461858146
6,1511,1517,0.153727192509518
6,1505,1511,0.15373239205190473
5,1502,1507,0.15373726092907777
5,1499,1504,0.15374505845177341
4,1514,1518,0.153752392930631
5,1510,1515,0.15376245855001813
5,1502,1507,0.15376872948070094
4,1502,1506,0.1537746406683375
4,1512,1516,0.15378338197170538
4,1518,1522,0.1537915816782743
4,1499,1503,0.15379928778013854
4,1499,1503,0.15380653286452503
4,1514,1518,0.15381334511334332
5,1500,1505,0.15381975057604236
5,1509,1514,0.153822620368801
5,1506,1511,0.15382533215037802
5,1511,1516,0.1538278781118186
4,1517,1521,0.15383026972398714
4,1515,1519,0.15383566903551507
3,1512,1515,0.15384073846234597
3,1530,1533,0.15384869027891562
4,1517,1521,0.15385615922187604
4,1512,1516,0.1538600213197552
4,1520,1524,0.15386366749866962
4,1521,1525,0.15386709250352154
5,1504,1509,0.15387031033962414
5,1514,1519,0.1538701679401037
5,1517,1522,0.153870042894336
5,1524,1529,0.15386992108934525
5,1515,1520,0.1538698046049389
5,1515,1520,0.15386969430107975
5,1507,1512,0.1538695903687891
5,1502,1507,0.1538694927031881
4,1510,1514,0.15386940106574248
4,1517,1521,0.1538724638986522
3,1496,1499,0.1538753337459143
3,1509,1512,0.1538812162383494
3,1520,1523,0.15388673721372997
3,1511,1514,0.15389193316746472
3,1519,1522,0.1538968228296078
3,1527,1530,0.1539014233437965
3,1529,1532,0.15390575121473934
3,1524,1527,0.15390982223848812
3,1518,1521,0.1539136514361337
3,1531,1534,0.15391725303421688
3,1521,1524,0.15392064047380788
4,1519,1523,0.15392382643464786
4,1516,1520,0.15392363008261023
4,1515,1519,0.1539234638293798
5,1507,1512,0.1539233068696252
5,1495,1500,0.153920017514096
5,1483,1488,0.15391691823349204
5,1491,1496,0.15391399703030334
5,1494,1499,0.1539112473145455
5,1501,1506,0.1539086606235319
5,1514,1519,0.15390622803712525
5,1515,1520,0.1539039407419885
5,1509,1514,0.15390179024617914
5,1515,1520,0.15389976845985293
5,1508,1513,0.15389786772045164
5,1511,1516,0.15389608079303088
6,1500,1506,0.1538944008589351
7,1503,1510,0.15388968515941046
7,1500,1507,0.15388204922758314
6,1500,1506,0.15387488381434739
6,1515,1521,0.15387134183885393
5,1511,1516,0.15386799813379112
5,1519,1524,0.1538679644961181
5,1529,1534,0.1538679399633677
5,1523,1528,0.1538679233602388
5,1527,1532,0.1538679103870086
5,1513,1518,0.15386789921062222
5,1521,1526,0.15386788900554246
6,1522,1528,0.1538678793768337
6,1520,1526,0.153864678790058
6,1512,1518,0.15386168926587268
6,1520,1526,0.15385888184968322
6,1515,1521,0.15385624321547797
6,1510,1516,0.1538537628062808
6,1507,1513,0.15385143102254742
6,1517,1523,0.15384923891051153
6,1519,1525,0.15384717807149298
6,1500,1506,0.1538452406162659
6,1506,1512,0.15384341913149796
6,1503,1509,0.153841706650561
6,1513,1519,0.15384009662665513
6,1512,1518,0.15383858290763552
6,1512,1518,0.15383715971232229
7,1507,1514,0.15383582160818546
7,1506,1513,0.15383148081639916
7,1494,1501,0.15382735959309027
7,1497,1504,0.1538234781685916
7,1508,1515,0.15381982593557703
7,1508,1515,0.1538163905285927
6,1501,1507,0.15381315965818373
6,1498,1504,0.15381325556894804
6,1506,1512,0.15381333064324182
6,1498,1504,0.15381340280597058
6,1502,1508,0.15381347184759891
6,1499,1505,0.1538135372572861
6,1497,1503,0.15381359884893825
6,1496,1502,0.15381365664038607
7,1497,1504,0.15381371075426883
7,1504,1511,0.15381061969255705
6,1512,1518,0.15380772940974066
7,1510,1517,0.1538081466239467
7,1501,1508,0.1538053855510458
7,1513,1520,0.1538028070745909
8,1522,1530,0.15380039412118213
6,1518,1524,0.15379500023470807
6,1511,1517,0.1537961760472585
7,1508,1515,0.1537972690298756
7,1517,1524,0.15379516938901017
7,1507,1514,0.15379324577875328
7,1504,1511,0.15379142394908651
7,1515,1522,0.15378970865159725
8,1511,1519,0.1537880944231929
7,1501,1508,0.15378347208897825
7,1523,1530,0.15378228360204152
7,1514,1521,0.15378114377868252
7,1513,1520,0.15378006842206426
7,1517,1524,0.15377905544043788
7,1504,1511,0.15377810150405574
7,1510,1517,0.15377720332346678
6,1516,1522,0.1537763577543982
6,1510,1516,0.15377865800971904
5,1505,1510,0.1537808227040196
5,1511,1516,0.15378604793798611
6,1521,1527,0.15379094957987544
6,1522,1528,0.15379245105093156
5,1511,1516,0.15379386378444315
6,1511,1517,0.15379828427247838
6,1512,1518,0.15379924578024584
6,1521,1527,0.15380016984097825
6,1517,1523,0.1538010428433087
6,1512,1518,0.15380186504325302
6,1522,1528,0.15380263874487743
6,1509,1515,0.15380336656146787
7,1509,1516,0.15380405109948225
7,1510,1517,0.15380162320244956
6,1514,1520,0.15379930431363903
7,1506,1513,0.1538002577939174
5,1509,1514,0.15379809200162026
5,1510,1515,0.15380224763139475
5,1502,1507,0.15380617285057152
5,1519,1524,0.15380986731562632
4,1507,1511,0.15381334365810692
4,1499,1503,0.1538196694365602
3,1506,1509,0.15382566345220444
3,1513,1516,0.15383451788402194
3,1518,1521,0.15384284130613943
3,1513,1516,0.15385067302830893
4,1526,1530,0.15385804206513554
4,1513,1517,0.15386189922312232
4,1507,1511,0.15386549060285157
4,1507,1511,0.15386886060299598
4,1515,1519,0.15387202593525529
4,1515,1519,0.1538750003936517
5,1515,1520,0.15387779621926498
5,1512,1517,0.1538772962718824
5,1509,1514,0.15387682353740745
5,1499,1504,0.15387637312593921
5,1483,1488,0.1538759464657894
4,1486,1490,0.15387554359247793
4,1486,1490,0.15387821665611365
4,1509,1513,0.15388076961801558
4,1515,1519,0.153883178223323
3,1517,1520,0.15388544738056661
3,1509,1512,0.15389065916669226
3,1507,1510,0.15389560877812486
3,1525,1528,0.15390027523504318
3,1529,1532,0.15390467044885642
3,1519,1522,0.15390880832002587
3,1534,1537,0.1539127028543027
3,1519,1522,0.15391636770914924
3,1512,1515,0.15391981601039417
3,1506,1509,0.15392306027465277
3,1498,1501,0.1539261123833738
3,1502,1505,0.15392898358356688
3,1506,1509,0.15393168450255965
3,1505,1508,0.15393422517006863
3,1505,1508,0.15393661504390388
3,1507,1510,0.15393886303723475
3,1514,1517,0.15394097754623604
3,1512,1515,0.15394296647742792
3,1502,1505,0.1539448372743134
3,1512,1515,0.1539465969430859
4,1513,1517,0.1539482520772809
4,1505,1509,0.15394663054211855
3,1505,1508,0.15394512060628765
3,1512,1515,0.15394684274269388
3,1523,1526,0.1539484705658989
2,1513,1515,0.15395000857554575
2,1510,1512,0.15395463564665227
2,1512,1514,0.1539589807415884
2,1501,1503,0.153963073981785
2,1514,1516,0.15396692903341422
2,1515,1517,0.1539705586159794
2,1518,1520,0.15397397509796484
2,1497,1499,0.15397719044117483
2,1502,1504,0.15398021611736407
2,1506,1508,0.15398306306117784
2,1507,1509,0.15398574165330242
2,1523,1525,0.15398826172251912
3,1526,1529,0.15399063255866607
3,1522,1525,0.15398975433356446
3,1521,1524,0.15398888639479774
3,1516,1519,0.15398806010333327
3,1522,1525,0.1539872776076499
3,1516,1519,0.15398653843889132
3,1523,1526,0.1539858411942816
3,1537,1540,0.15398518407042278
3,1527,1530,0.1539845651084266
3,1530,1533,0.1539839823148252
3,1529,1532,0.15398343372329962
3,1530,1533,0.1539829174266737
2,1529,1531,0.1539824315932482
2,1532,1534,0.15398506897223085
2,1523,1525,0.1539875990142271
2,1533,1535,0.1539899909675957
2,1528,1530,0.15399224743306214
2,1515,1517,0.15399437389071807
2,1523,1525,0.1539963766506565
2,1533,1535,0.1539982622235634
2,1528,1530,0.15400003704565382
2,1512,1514,0.15400170735112848
1,1509,1510,0.15400327911361808
1,1497,1498,0.15400795308668283
1,1500,1501,0.15401234472456224
1,1497,1498,0.15401648336109341
1,1508,1509,0.15402038213822172
0,1513,1513,0.1540240535508096
