1383,26,1409,0.1358419531832844
1414,26,1440,0.1329786429657866
1431,28,1459,0.13027968180852403
1453,30,1483,0.12777226129716596
1461,30,1491,0.1254279787797439
1455,31,1486,0.12327110192567278
1458,33,1491,0.12132167128826728
1454,32,1486,0.1195384061438813
1450,29,1479,0.1179236986337857
1467,27,1494,0.11646224377737895
1464,29,1493,0.11508962953957572
1474,29,1503,0.11384691621214417
1463,28,1491,0.11269097911498716
1464,30,1494,0.11166388890904079
1461,29,1490,0.11072603208056446
1454,28,1482,0.10987851899689527
1452,28,1480,0.10912287131905053
1455,29,1484,0.10843935365903955
1462,26,1488,0.10781001794431397
1459,26,1485,0.10722088356997621
1461,26,1487,0.10669091822447228
1471,24,1495,0.10620391261437918
1467,22,1489,0.10573772775079222
1473,24,1497,0.10532201466259376
1478,26,1504,0.10493047990439869
1480,25,1505,0.1045630399720071
1480,25,1505,0.10422385127008706
1474,25,1499,0.10391518820791455
1481,25,1506,0.1036468422152625
1466,26,1492,0.10338757165912614
1452,27,1479,0.1031839602944039
1467,29,1496,0.10302944280315877
1458,30,1488,0.1028555752347027
1467,31,1498,0.10271676184696556
1469,31,1500,0.10257139686359473
1476,31,1507,0.10243477117864959
1458,30,1488,0.10229530194967179
1449,30,1479,0.10220684934950851
1444,30,1474,0.1021452841230721
1443,29,1472,0.10209999760256057
1447,28,1475,0.1020609121955206
1449,27,1476,0.10201696383791922
1453,26,1479,0.10197290911039669
1442,25,1467,0.10192416416195087
1464,25,1489,0.10190298530576752
1479,25,1504,0.10183639411331936
1484,27,1511,0.10174397100606974
1479,27,1506,0.10164893587533941
1469,26,1495,0.1015734856994885
1465,26,1491,0.10152647555203874
1476,27,1503,0.1014923383547564
1467,27,1494,0.10143780632702452
1467,25,1492,0.1014069439153252
1467,26,1493,0.10137847295303151
1473,25,1498,0.10135208087208579
1460,24,1484,0.10131553402809658
1463,22,1485,0.10131036982869691
1464,23,1487,0.10129913199007336
1462,23,1485,0.10128659028218583
1454,23,1477,0.1012794164566755
1455,23,1478,0.10128992693209442
1466,25,1491,0.10129731747806253
1473,26,1499,0.10128061100388625
1475,25,1500,0.10125058297726432
1480,24,1504,0.10121912403026624
1471,25,1496,0.10117964803489021
1478,26,1504,0.10116305126778972
1476,28,1504,0.10113307709662755
1465,28,1493,0.1011097197165971
1464,31,1495,0.10111196662181193
1468,33,1501,0.10111594265807845
1462,35,1497,0.10111140117797088
1464,36,1500,0.10111984286469163
1470,34,1504,0.1011233624522286
1459,35,1494,0.10111401649288944
1461,36,1497,0.10112897804600646
1449,38,1487,0.10113848817098325
1448,40,1488,0.10117305222047143
1445,39,1484,0.10120700198587762
1446,38,1484,0.10124424383637085
1453,36,1489,0.1012760315385199
1444,36,1480,0.10128982855727012
1443,34,1477,0.10132167099562134
1446,36,1482,0.1013522980084946
1453,36,1489,0.10137378238104838
1460,33,1493,0.10137837171743289
1459,31,1490,0.10136786562043226
1469,31,1500,0.1013605647717646
1459,31,1490,0.10133247208214538
1467,30,1497,0.10132819555809233
1468,32,1500,0.10130725617779718
1470,32,1502,0.10128602969850632
1464,31,1495,0.10126196545112905
1470,31,1501,0.10125278835643794
1478,31,1509,0.10123137279752395
1466,32,1498,0.10119491201266766
1469,32,1501,0.10118791287081759
1473,33,1506,0.10117479943103694
1467,32,1499,0.1011541982132902
1458,33,1491,0.10114796204593655
1446,35,1481,0.10116172565626862
1448,35,1483,0.10119934094217581
1451,37,1488,0.101230136298934
1459,37,1496,0.1012516366405498
1470,34,1504,0.10125434276708642
1467,37,1504,0.10123343528472856
1478,34,1512,0.10122055792372958
1484,35,1519,0.10118553771399715
1477,35,1512,0.10114091926421967
1485,33,1518,0.1011152326585018
1487,35,1522,0.10107481184812418
1464,38,1502,0.1010336079047922
1465,38,1503,0.10104501389286086
1466,37,1503,0.10105352523672523
1462,36,1498,0.10105891626817984
1459,37,1496,0.10107241790324589
1462,40,1502,0.10109082751900136
1465,39,1504,0.10110146330782016
1453,38,1491,0.10110484446431607
1457,38,1495,0.10113273782493092
1465,37,1502,0.10115017482536331
1462,37,1499,0.10114925736804287
1473,35,1508,0.10115442399919687
1480,32,1512,0.1011357995857481
1472,33,1505,0.10110360110372961
1460,32,1492,0.10109096344342557
1438,31,1469,0.10110532231830976
1457,30,1487,0.10116522843346648
1455,30,1485,0.10117980212988194
1451,31,1482,0.1011972486351421
1457,31,1488,0.10122085519754805
1471,30,1501,0.10122921914673295
1467,31,1498,0.10120718306718998
1479,31,1510,0.10119610366160875
1469,31,1500,0.1011607165919204
1470,32,1502,0.10114895269835988
1482,32,1514,0.1011369873580295
1471,33,1504,0.10110088978636707
1476,30,1506,0.10109115064249717
1481,32,1513,0.1010712505506877
1489,30,1519,0.1010432593495161
1481,31,1512,0.10100071075899443
1476,36,1512,0.10097863480893171
1448,36,1484,0.10096962859308921
1446,37,1483,0.101020925035453
1459,36,1495,0.10107238535361486
1444,36,1480,0.10109157004887237
1439,37,1476,0.101140476790118
1438,36,1474,0.10119603267041727
1451,35,1486,0.1012486859664331
1456,35,1491,0.10126869491419649
1448,35,1483,0.10127624650964424
1448,33,1481,0.10130014254879224
1430,34,1464,0.10132168809816669
1445,34,1479,0.101379786423575
1459,34,1493,0.10140073560676698
1468,35,1503,0.10138997302115517
1468,36,1504,0.10136058937283877
1452,35,1487,0.1013339457053857
1455,35,1490,0.10134414258755887
1457,34,1491,0.10134692429960562
1460,35,1495,0.10134525811241264
1455,36,1491,0.10133753897338323
1446,35,1481,0.1013408083590838
1452,36,1488,0.10136342250174998
1452,37,1489,0.10137161817148738
1454,37,1491,0.10137879552389538
1446,37,1483,0.10138098683911434
1459,37,1496,0.101399842836446
1442,38,1480,0.10138989642465308
1438,39,1477,0.10141732279496579
1443,38,1481,0.10145021542878782
1450,36,1486,0.10146930326605512
1451,38,1489,0.10147164937159481
1439,35,1474,0.10147187723072218
1438,37,1475,0.10149831415652333
1441,38,1479,0.10152426671948486
1450,37,1487,0.10154171271675282
1463,40,1503,0.10153849517031173
1473,38,1511,0.10150775536746391
1476,37,1513,0.10145845839057982
1454,39,1493,0.10140728520130246
1449,41,1490,0.10140831927733253
1448,42,1490,0.10141988751195097
1443,39,1482,0.10143192912441258
1459,40,1499,0.10145321865475569
1451,41,1492,0.10143823387313498
1449,42,1491,0.1014418500270921
1442,41,1483,0.10144992116195618
1451,42,1493,0.10147229046534363
1454,41,1495,0.10147396626563665
1449,45,1494,0.10146854582643351
1461,43,1504,0.10147407733937303
1460,49,1509,0.1014537094430608
1450,47,1497,0.10143726630481555
1459,44,1503,0.10144363917215146
1459,44,1503,0.10142979562689895
1457,45,1502,0.10141721273310043
1458,44,1502,0.10141000863271142
1458,45,1503,0.10140149353968834
1453,47,1500,0.10139398029800725
1454,46,1500,0.10139785268350092
1451,46,1497,0.1014002116240878
1452,47,1499,0.10140837055433609
1436,47,1483,0.10141341417297318
1451,47,1498,0.10145253243279626
1454,50,1504,0.10145573398763698
1456,48,1504,0.1014517537122509
1454,46,1500,0.10144381186876349
1439,48,1487,0.10144083596961774
1437,48,1485,0.10147005774787056
1436,48,1484,0.10150097826665781
1429,49,1478,0.10153130024593081
1420,48,1468,0.1015743278650852
1447,46,1493,0.10163279557850427
1434,47,1481,0.10162896529156519
1441,50,1491,0.10165336864185308
1429,50,1479,0.10166057606134171
1446,50,1496,0.10169320696531471
1451,51,1502,0.10168686604590213
1461,50,1511,0.1016700413017929
1453,52,1505,0.10163259773911541
1454,51,1505,0.10161645578386796
1449,52,1501,0.10159946618599575
1449,53,1502,0.10159494031142786
1430,52,1482,0.1015902280192969
1427,57,1484,0.10162601903282273
1421,56,1477,0.10166496376116099
1423,57,1480,0.1017133990794332
1436,56,1492,0.10175296399445881
1442,55,1497,0.10176182373243282
1445,55,1500,0.10175720662687683
1431,53,1484,0.10174625625279983
1444,50,1494,0.10176598670321838
1441,49,1490,0.1017560480732254
1436,49,1485,0.10175362041067412
1441,52,1493,0.1017616882009466
1431,52,1483,0.10175855080867649
1437,51,1488,0.10177689297764127
1439,52,1491,0.1017809214375941
1441,51,1492,0.10178082062999483
1445,52,1497,0.10177569197500085
1454,53,1507,0.10176220687788583
1448,54,1502,0.1017306644827024
1444,54,1498,0.10171496726265886
1439,55,1494,0.1017095269200588
1435,54,1489,0.10171535044285555
1433,56,1489,0.10172952429963936
1428,58,1486,0.10174682720776815
1439,57,1496,0.10177310578872319
1449,56,1505,0.10177365085718669
1449,55,1504,0.10175226543311393
1441,56,1497,0.10173321193304542
1450,60,1510,0.10173320708548263
1433,60,1493,0.10171379768512052
1436,60,1496,0.101732646668501
1428,60,1488,0.10174323273232062
1430,59,1489,0.10177067104534011
1438,59,1497,0.10179161605126218
1443,60,1503,0.10179397509233694
1431,61,1492,0.10178528973501337
1439,63,1502,0.10180318592377724
1435,61,1496,0.10180220020612211
1423,61,1484,0.10180959062963883
1428,58,1486,0.10184236336613585
1440,62,1502,0.1018613583875994
1426,59,1485,0.10185302701197842
1441,59,1500,0.1018756595600911
1442,60,1502,0.10186390667914359
1444,61,1505,0.10185143187176436
1439,60,1499,0.10183586720078833
1438,57,1495,0.10183205503676408
1434,60,1494,0.10183070727741494
1428,58,1486,0.10183816463328135
1432,62,1494,0.10185750917111253
1431,62,1493,0.10186666612071643
1424,60,1484,0.10187713459548597
1425,62,1487,0.10190170497067934
1425,62,1487,0.10192215333822302
1423,63,1486,0.10193985285945206
1434,64,1498,0.10196069632384827
1432,65,1497,0.10195649567480061
1431,65,1496,0.10195704074580267
1431,65,1496,0.10195971396001895
1437,69,1506,0.10196219879887716
1420,68,1488,0.10195190148020475
1412,69,1481,0.1019792606839001
1410,70,1480,0.1020212379877234
1408,71,1479,0.10206467957906178
1420,74,1494,0.10210884647829822
1414,77,1491,0.10212340048494588
1415,80,1495,0.1021497143107402
1406,80,1486,0.1021717553101054
1411,79,1490,0.10221111913541585
1394,84,1478,0.10223641133618404
1398,81,1479,0.10229607019646383
1388,84,1472,0.10234264243258165
1397,89,1486,0.10240626404104276
1406,87,1493,0.10244578242589186
1408,87,1495,0.10246256438925812
1406,90,1496,0.10247274521955045
1400,94,1494,0.10248588548154562
1415,97,1512,0.10251207393000165
1420,95,1515,0.10250350472578973
1417,93,1510,0.10248497166409269
1405,95,1500,0.10247466246895184
1416,95,1511,0.10249121461618425
1410,97,1507,0.10248257531117273
1401,97,1498,0.10248738477495177
1404,96,1500,0.10251119591221426
1402,96,1498,0.1025268997784861
1394,92,1486,0.10254565950775006
1404,91,1495,0.10257955909974605
1388,92,1480,0.10259003177746194
1384,90,1474,0.10263354507210963
1388,93,1481,0.10268113872402893
1386,94,1480,0.10271657224208751
1392,94,1486,0.10275294022437724
1404,97,1501,0.1027727160227106
1398,97,1495,0.10276499791666012
1392,95,1487,0.10277064240703414
1393,92,1485,0.10278964019961016
1403,94,1497,0.10280522153921534
1401,93,1494,0.10279751855459839
1392,90,1482,0.10279478524606744
1383,93,1476,0.10281168047310768
1381,89,1470,0.1028461871802724
1406,89,1495,0.10288145813875264
1415,90,1505,0.1028590994544053
1411,89,1500,0.10281881256120118
1405,86,1491,0.10279083724946615
1406,87,1493,0.10277853127253282
1418,91,1509,0.1027643724981089
1406,88,1494,0.10272670590167472
1410,88,1498,0.10271758735028012
1405,89,1494,0.10270063456375027
1409,91,1500,0.10269591424571485
1404,89,1493,0.1026829860930442
1380,89,1469,0.10268158650564946
1389,93,1482,0.10273220096956534
1384,92,1476,0.10275901046855875
1386,94,1480,0.1027944277009294
1375,94,1469,0.10282268963825175
1393,96,1489,0.1028720478257591
1387,94,1481,0.10287809835792042
1388,94,1482,0.10289665429079145
1393,97,1490,0.10291179990556237
1388,99,1487,0.1029150668357979
1397,95,1492,0.10292895218564534
1391,92,1483,0.10292169421889294
1398,92,1490,0.10292784660214033
1397,90,1487,0.10291883405865253
1398,91,1489,0.10291286833579459
1406,90,1496,0.10290521776242684
1414,94,1508,0.10288065501123704
1400,94,1494,0.10284151170544015
1400,94,1494,0.10283651490131948
1396,93,1489,0.10283157028145855
1409,96,1505,0.10283628577124766
1391,98,1489,0.10281273928965556
1384,100,1484,0.10283021170489252
1373,99,1472,0.1028617105581365
1378,99,1477,0.10291498070307928
1391,100,1491,0.1029527774821786
1399,103,1502,0.10295879147845728
1408,103,1511,0.1029475202041962
1410,103,1513,0.10291760812018923
1404,101,1505,0.10288555787512785
1394,96,1490,0.10286911297905632
1390,101,1491,0.1028760221431165
1392,103,1495,0.10289073842151039
1387,102,1489,0.1028998744158087
1392,104,1496,0.10291905707054447
1385,100,1485,0.1029261406821205
1385,101,1486,0.10294765875272674
1391,105,1496,0.10296745714410604
1387,105,1492,0.10297314063771758
1404,103,1507,0.10298662907360477
1399,103,1502,0.10296228545559816
1406,101,1507,0.10295085942736466
1403,104,1507,0.1029253037529595
1399,105,1504,0.10290882538944505
1391,105,1496,0.10290320164082513
1398,105,1503,0.10291538669901268
1394,106,1500,0.10291198156478451
1394,106,1500,0.10291629110880153
1387,108,1495,0.1029203250998405
1385,107,1492,0.10293884139858246
1380,108,1488,0.1029610102231575
1390,113,1503,0.10299171233026158
1392,115,1507,0.10299807746835028
1387,117,1504,0.10300002984994179
1390,117,1507,0.10301186720191025
1376,117,1493,0.10301638409607052
1382,119,1501,0.10305073410977393
1378,119,1497,0.10307018478081535
1376,120,1496,0.10309609730220895
1372,122,1494,0.10312393906237073
1367,120,1487,0.10315849539945394
1363,120,1483,0.10320109119119725
1380,120,1500,0.10324791487424914
1370,118,1488,0.10325388217012683
1379,119,1498,0.10328072491782755
1376,118,1494,0.10328585802986169
1365,116,1481,0.1032970002564953
1377,117,1494,0.10333061331815956
1370,117,1487,0.10333507945203842
1374,121,1495,0.10335393828621126
1358,122,1480,0.10336254634141001
1360,125,1485,0.10340544441226887
1357,122,1479,0.10344095492229333
1347,124,1471,0.10348060201638756
1349,127,1476,0.10353835871574876
1343,127,1470,0.10358643626153613
1363,123,1486,0.10364374183645227
1374,124,1498,0.1036530846958235
1372,124,1496,0.10363759819920017
1363,131,1494,0.10362767000464083
1375,134,1509,0.10363829444185096
1369,131,1500,0.10362234336841546
1365,129,1494,0.1036209163559109
1369,132,1501,0.10362831486093257
1350,131,1481,0.10362672278138543
1350,139,1489,0.1036670162028136
1351,142,1493,0.1037041945890643
1337,143,1480,0.1037363722788929
1350,143,1493,0.10379600253380662
1333,141,1474,0.10382230039677837
1349,141,1490,0.10388376605303548
1356,140,1496,0.1039055032339154
1356,141,1497,0.10390972511874214
1349,142,1491,0.10391451886298526
1359,140,1499,0.1039346348011287
1359,138,1497,0.10393054850980096
1360,141,1501,0.10392567724430733
1362,139,1501,0.10391850665103652
1356,138,1494,0.1039078502058031
1345,141,1486,0.10391049575408001
1351,144,1495,0.10393688020947522
1343,144,1487,0.10394830705187484
1353,139,1492,0.10397568813229646
1356,140,1496,0.10397904473805239
1349,141,1490,0.1039752979943885
1357,142,1499,0.10398643343595332
1355,146,1501,0.10397947517841423
1364,146,1510,0.10397736421632484
1361,141,1502,0.10395541103355069
1352,140,1492,0.10394282458969968
1363,139,1502,0.1039506401691974
1364,140,1504,0.10393340619951628
1353,140,1493,0.10391498770973723
1357,145,1502,0.10392197126168665
1367,145,1512,0.10392051543440449
1357,144,1501,0.10389774178382603
1357,141,1498,0.10389886387325817
1351,143,1494,0.10389991673826131
1347,139,1486,0.10391319922866397
1342,137,1479,0.10393434413691374
1349,140,1489,0.1039646340276885
1353,141,1494,0.10397699206513183
1344,138,1482,0.10398026944244716
1343,141,1484,0.10400247249059719
1345,137,1482,0.10402502421108446
1346,137,1483,0.10404092881808605
1361,139,1500,0.10405297061027025
1352,140,1492,0.10403181915936294
1353,141,1494,0.1040313607440283
1354,141,1495,0.10402834835818295
1352,143,1495,0.10402350839520488
1353,139,1492,0.10402338129483275
1338,140,1478,0.10402147958138716
1345,137,1482,0.10405195561719392
1351,140,1491,0.10406435484981796
1338,138,1476,0.1040629763602396
1333,140,1473,0.10409011702550802
1344,139,1483,0.1041249101946845
1345,134,1479,0.10413300563011617
1352,134,1486,0.10413764789381216
1361,134,1495,0.10412650778797211
1366,131,1497,0.10409649330520797
1366,133,1499,0.10405884065013099
1373,131,1504,0.10402346132004729
1376,132,1508,0.10397577322766019
1378,130,1508,0.10392541445372384
1362,131,1493,0.10387595256013218
1367,129,1496,0.10386602745914805
1369,125,1494,0.10384572929981768
1374,124,1498,0.10382329673654463
1377,126,1503,0.10379110091109527
1368,126,1494,0.10375528348774711
1370,127,1497,0.10374252956874974
1351,128,1479,0.10372661835650743
1371,127,1498,0.10375353283355274
1368,128,1496,0.10373376896180997
1376,122,1498,0.10372192117681962
1367,121,1488,0.10369378378115708
1371,125,1496,0.10368832164306177
1355,129,1484,0.10367406139849841
1363,129,1492,0.10369573518432183
1367,129,1496,0.1036981212039524
1364,135,1499,0.10369192906607928
1361,139,1500,0.10369358983565871
1345,142,1487,0.10370186042270803
1358,140,1498,0.10374419711915518
1356,138,1494,0.10375446091049838
1349,138,1487,0.10376856917459161
1351,138,1489,0.10379627208724285
1345,137,1482,0.1038174134771796
1341,135,1476,0.10385028481329052
1329,137,1466,0.10388815223956131
1323,141,1464,0.10394801230539535
1332,144,1476,0.10401672976238645
1330,138,1468,0.10406014812680311
1337,140,1477,0.10410416080802498
1337,140,1477,0.10412954540695613
1345,141,1486,0.1041534454365005
1338,140,1478,0.10415750172988499
1342,141,1483,0.10417742118540195
1351,143,1494,0.10418648201215051
1339,145,1484,0.10417530318246339
1330,151,1481,0.10419172865529058
1338,155,1493,0.1042271751191247
1337,158,1495,0.10424292309776285
1338,160,1498,0.10425877004127311
1338,158,1496,0.10427099294742057
1324,159,1483,0.10428135736722854
1323,158,1481,0.1043229495813998
1325,160,1485,0.1043633074155938
1323,161,1484,0.1043958445046385
1322,158,1480,0.10442983824672047
1330,160,1490,0.10446383035577679
1339,160,1499,0.1044774923291401
1330,158,1488,0.10446907689049288
1338,163,1501,0.10448184412943423
1335,168,1503,0.10447593355391727
1342,167,1509,0.10447773334048137
1329,166,1495,0.10446452138035375
1316,167,1483,0.10448111781470751
1322,166,1488,0.10452495121830518
1323,167,1490,0.10455255663489525
1326,170,1496,0.10457592023577902
1327,167,1494,0.10458943373015295
1326,171,1497,0.10460004355486899
1325,173,1498,0.10461037190886772
1323,170,1493,0.10462231837374641
1319,174,1493,0.10463858376519233
1318,177,1495,0.1046626389802559
1314,180,1494,0.10468665416936114
1310,183,1493,0.10471823135626131
1312,183,1495,0.10475558704468937
1304,185,1489,0.10478544430976239
1305,186,1491,0.10482969157543824
1307,188,1495,0.10486851927798851
1309,188,1497,0.10489960678287791
1296,187,1483,0.10492389248171705
1298,184,1482,0.10497466200560922
1296,186,1482,0.10501670727045831
1298,188,1486,0.1050596172255238
1297,189,1486,0.10509613122116679
1313,189,1502,0.10513162483117254
1300,191,1491,0.10512893543328161
1310,189,1499,0.10515523754929426
1307,195,1502,0.10515778078457527
1297,192,1489,0.10516575951812232
1297,190,1487,0.10519574371893534
1294,195,1489,0.10522398317270017
1292,199,1491,0.10525669304497075
1296,197,1493,0.10529139715352707
1283,191,1474,0.1053144669832696
1279,192,1471,0.10536396694176925
1289,195,1484,0.1054177156931668
1305,194,1499,0.10544555740693155
1316,198,1514,0.1054353715807251
1320,198,1518,0.10540259840036999
1307,193,1500,0.1053639408333764
1307,194,1501,0.10535658405426546
1313,198,1511,0.10535098648523908
1303,198,1501,0.1053327497764096
1318,195,1513,0.10533834789975435
1304,194,1498,0.1053106329762656
1304,189,1493,0.10531580759507014
1311,192,1503,0.10531978575827221
1308,193,1501,0.10530758082745457
1308,191,1499,0.10530357793129465
1302,187,1489,0.10529897905155558
1295,184,1479,0.10530842627314009
1299,183,1482,0.10533120860116724
1302,184,1486,0.10534327034066598
1297,187,1484,0.10534821946236922
1287,193,1480,0.10536369043174412
1305,194,1499,0.10540051145655459
1288,194,1482,0.10539423934923656
1291,194,1485,0.10542601256097277
1306,189,1495,0.10544856766050666
1298,194,1492,0.10543634719456964
1296,195,1491,0.10544276882504892
1294,201,1495,0.10545388981247086
1299,202,1501,0.10546796091230114
1287,201,1488,0.10547020082407212
1293,198,1491,0.10549897218519351
1292,200,1492,0.10551214486566746
1291,205,1496,0.10552689278501763
1301,204,1505,0.10554365155977952
1307,199,1506,0.1055359056094554
1308,204,1512,0.1055159596674243
1310,202,1512,0.10549548442086217
1291,204,1495,0.1054722592736282
1315,204,1519,0.10549263737501104
1316,204,1520,0.10545927532915533
1308,206,1514,0.10542619305750811
1294,208,1502,0.10541317562326197
1289,207,1496,0.10543278906944684
1297,209,1506,0.10546117274166779
1289,213,1502,0.10546947447702508
1273,211,1484,0.10549414568946058
1271,212,1483,0.10555206540974048
1266,206,1472,0.10560898452041761
1288,203,1491,0.10567303943453464
1270,205,1475,0.10568289456255961
1277,204,1481,0.10573145935270861
1275,205,1480,0.10576046500038981
1302,197,1499,0.10579064974798484
1299,200,1499,0.10575911442373226
1291,198,1489,0.10573644468854378
1292,199,1491,0.10573519649113138
1283,205,1488,0.10573142111415354
1285,206,1491,0.10574861077295651
1272,215,1487,0.1057606465038181
1274,212,1486,0.1058011230148273
1279,213,1492,0.10583303734585155
1283,216,1499,0.10585116012071008
1288,216,1504,0.10585898888439114
1281,216,1497,0.10585572013110274
1283,219,1502,0.1058683245072669
1279,224,1503,0.10587515095373906
1288,224,1512,0.10589100454410731
1292,222,1514,0.1058851145859467
1288,225,1513,0.1058711319315557
1274,228,1502,0.10586694661213297
1286,230,1516,0.10589385233975325
1275,233,1508,0.10589363435403247
1274,232,1506,0.1059185132288614
1263,236,1499,0.10594406053578026
1253,236,1489,0.10599144634368127
1263,232,1495,0.10605767610338392
1262,230,1492,0.10609587489082518
1259,239,1498,0.10613304870458283
1264,236,1500,0.10617288458419276
1254,235,1489,0.1061990348277258
1258,238,1496,0.10624495110024541
1248,244,1492,0.10627789844977734
1250,248,1498,0.10633005736500127
1255,247,1502,0.10637444830948241
1254,243,1497,0.10640451099870882
1260,247,1507,0.1064333583462909
1257,242,1499,0.106448094165349
1261,243,1504,0.10646862473568128
1248,237,1485,0.10647953689969007
1248,242,1490,0.10651780787665213
1249,240,1489,0.1065521614456637
1235,240,1475,0.10658118253572535
1237,243,1480,0.10663830397959284
1244,245,1489,0.10668636693575802
1254,245,1499,0.10671511514330957
1259,247,1506,0.10671894762506501
1255,246,1501,0.10671207281313891
1251,244,1495,0.10671432134495021
1250,243,1493,0.10672562970937088
1254,253,1507,0.10673739661587599
1257,247,1504,0.10674007197660089
1250,255,1505,0.10673506356338709
1234,251,1485,0.1067457277233613
1242,249,1491,0.10679220376074179
1230,246,1476,0.10681856433658396
1233,251,1484,0.1068701496215451
1226,255,1481,0.10691033932204325
1230,255,1485,0.10696349361098548
1233,251,1484,0.10700331819451821
1246,259,1505,0.10703242359289042
1248,264,1512,0.1070297065149132
1234,263,1497,0.10702277605892913
1236,264,1500,0.10704842635732742
1234,270,1504,0.10706789710525452
1239,268,1507,0.10709015088626611
1226,263,1489,0.1070999866119367
1231,266,1497,0.10714005356749215
1218,268,1486,0.10716540935403912
1224,267,1491,0.1072174130221799
1210,268,1478,0.10725149191952703
1214,266,1480,0.1073140728289809
1214,274,1488,0.10736197035058574
1210,272,1482,0.1074060321982771
1228,271,1499,0.10745383785695992
1216,278,1494,0.1074575948044546
1205,274,1479,0.10748888172698039
1201,279,1480,0.10754206469989654
1205,282,1487,0.1076010811393508
1214,285,1499,0.10764652015167925
1204,284,1488,0.10766972498129727
1215,285,1500,0.10771350964678261
1208,277,1485,0.1077285939110399
1212,283,1495,0.1077586310883617
1224,282,1506,0.10777650840554419
1222,283,1505,0.10776544411573351
1224,291,1515,0.10775971298722337
1225,287,1512,0.10775122083415127
1215,288,1503,0.1077414286241969
1215,288,1503,0.10775455520125281
1212,286,1498,0.10776559159084681
1224,285,1509,0.10778229056547374
1209,283,1492,0.10777160900791208
1207,282,1489,0.10779547450978971
1211,281,1492,0.10782094576598258
1194,283,1477,0.10783688873058064
1195,284,1479,0.10788866847532151
1192,282,1474,0.10793325805787787
1199,277,1476,0.10798062115188549
1214,283,1497,0.10800869084617919
1213,284,1497,0.10799995286397852
1219,283,1502,0.10799477627890823
1219,283,1502,0.10797607671383418
1216,289,1505,0.10795903702347641
1196,286,1482,0.1079505371383577
1195,286,1481,0.10798726286692123
1200,293,1493,0.1080237036607242
1196,290,1486,0.10804636363465471
1204,293,1497,0.10807549611535848
1205,293,1498,0.10808292656686427
1204,295,1499,0.10808707759429416
1215,294,1509,0.10809309880202378
1213,288,1501,0.10807492288777286
1213,284,1497,0.10806475485115223
1214,283,1497,0.10805448735596078
1209,286,1495,0.10804308413314406
1190,291,1481,0.10804408447638515
1186,294,1480,0.10808695534793947
1190,290,1480,0.10813589940179731
1185,293,1478,0.1081720042107354
1179,297,1476,0.10821689408795926
1186,301,1487,0.1082722204044792
1182,300,1482,0.10830693995789874
1187,308,1495,0.10834809386819824
1187,305,1492,0.10837544687523187
1194,305,1499,0.10840139495223969
1184,305,1489,0.10840910318840798
1194,310,1504,0.10843893959691606
1182,312,1494,0.10844333870017757
1187,302,1489,0.10847599994309441
1182,302,1484,0.10849395937010914
1184,307,1491,0.10852185671782735
1186,307,1493,0.10854231138129533
1190,312,1502,0.10855590755103696
1175,317,1492,0.1085601661630209
1179,316,1495,0.10859801887851322
1181,316,1497,0.10862333338489333
1178,321,1499,0.10864398489073103
1180,325,1505,0.1086703427983516
1171,324,1495,0.10868918259807483
1167,325,1492,0.10872753981324046
1176,325,1501,0.1087713870266623
1182,323,1505,0.10879180955553902
1186,326,1512,0.10879828276332926
1193,333,1526,0.10879580519991937
1183,330,1513,0.10877883455424488
1181,325,1506,0.10878611780802118
1186,322,1508,0.1087972095023093
1183,320,1503,0.10879587513524265
1182,318,1500,0.10880213907465204
1185,324,1509,0.10881033116987694
1180,328,1508,0.10881049631171372
1182,328,1510,0.10882158610521692
1156,329,1485,0.10882751368237682
1159,326,1485,0.10889113639660178
1168,327,1495,0.10894370026325305
1169,331,1500,0.10897194767454735
1155,331,1486,0.10899462900612406
1155,324,1479,0.10904745510327447
1160,326,1486,0.10909725808176528
1164,332,1496,0.10913269089671963
1173,331,1504,0.10915625598959487
1159,331,1490,0.10915991801583286
1150,335,1485,0.10919473102098802
1146,333,1479,0.10924619620433798
1146,336,1482,0.10930369442164689
1148,335,1483,0.10935492094574699
1150,331,1481,0.10939850737164165
1151,334,1485,0.10943360942098124
1147,334,1481,0.10946462968425565
1160,331,1491,0.10950249677743215
1177,326,1503,0.10950840873356425
1182,326,1508,0.1094750333668924
1183,324,1507,0.10943181784930851
1174,329,1503,0.10939184656798044
1185,339,1524,0.1093754331480299
1177,330,1507,0.10933514668482466
1178,331,1509,0.10931571350355743
1182,330,1512,0.10929660615356081
1170,334,1504,0.1092701471268192
1162,333,1495,0.10927241297703773
1145,340,1485,0.10929238612545221
1149,342,1491,0.10934935334008772
1140,349,1489,0.10939160138390921
1136,350,1486,0.10945175851784893
1142,343,1485,0.10951595258673148
1151,341,1492,0.10956293029998604
1141,343,1484,0.10958385788021285
1138,343,1481,0.1096264660703108
1136,341,1477,0.1096741942482637
1142,348,1490,0.10972185979428957
1134,348,1482,0.10975292731285412
1134,346,1480,0.10979902682180682
1129,351,1480,0.10984247606854232
1146,354,1500,0.10989165484822111
1144,355,1499,0.10989768995236777
1136,355,1491,0.10990909052851304
1138,363,1501,0.10993907271919395
1148,369,1517,0.1099646978535635
1138,372,1510,0.10996511391692713
1133,368,1501,0.1099891123615731
1130,371,1501,0.11002325341646493
1123,368,1491,0.1100614322703978
1138,370,1508,0.1101126910309229
1139,364,1503,0.11012514473462741
1137,362,1499,0.11013436083650145
1145,361,1506,0.11014777190379985
1139,364,1503,0.11014056615859091
1138,359,1497,0.11014764308981671
1144,360,1504,0.11015594916167722
1134,364,1498,0.11014893618189443
1128,367,1495,0.11016477524684873
1122,369,1491,0.1101950963914113
1120,365,1485,0.11023711589745297
1121,368,1489,0.11028046299491814
1128,367,1495,0.11031566281503732
1132,362,1494,0.11033276895860426
1133,361,1494,0.11033720693160369
1130,368,1498,0.11033746602973077
1134,362,1496,0.11034376918121042
1127,367,1494,0.11034256513418353
1130,377,1507,0.11035966092255059
1123,374,1497,0.11036977308644191
1127,368,1495,0.11039572308812763
1139,367,1506,0.11040923066904916
1142,364,1506,0.11039372013822309
1133,365,1498,0.11037213006192713
1138,367,1505,0.11037318599185678
1142,372,1514,0.11036220440591361
1140,367,1507,0.11034426649575903
1125,361,1486,0.1103334869043784
1132,366,1498,0.11035618456388731
1137,369,1506,0.11036107639632808
1136,365,1501,0.11035473771332537
1137,365,1502,0.11035180718229597
1145,364,1509,0.11034701921438046
1141,353,1494,0.11032467059751355
1139,357,1496,0.11031195183838062
1146,363,1509,0.11030484103833543
1143,363,1506,0.11028310191546435
1134,370,1504,0.11027125096577145
1131,370,1501,0.11028146016735811
1130,369,1499,0.11029813763644565
1130,374,1504,0.11031673252686489
1122,377,1499,0.11033456258866103
1104,381,1485,0.1103690012519753
1103,383,1486,0.11044261559084564
1111,385,1496,0.11051207328555104
1099,381,1480,0.11055907262215785
1120,381,1501,0.11063027248657215
1115,388,1503,0.11064784222379333
1130,390,1520,0.1106746535024033
1127,382,1509,0.11066585935436776
1120,380,1500,0.11066432391026282
1111,381,1492,0.11067792279731017
1109,383,1492,0.11071042343358531
1109,387,1496,0.11074631005388405
1109,383,1492,0.1107803917838066
1105,386,1491,0.11081100319947498
1101,389,1490,0.11084856482107658
1097,390,1487,0.11089165422210229
1101,383,1484,0.1109412579350662
1100,389,1489,0.11097652280013853
1106,388,1494,0.11101020636997508
1118,385,1503,0.11102829158045267
1103,388,1491,0.11101730200063888
1119,384,1503,0.11104080960649129
1122,385,1507,0.11102548890768166
1120,370,1490,0.11100539001569029
1116,369,1485,0.11099116622657401
1120,376,1496,0.11098799652545102
1111,382,1493,0.1109756421519106
1112,384,1496,0.11098452953217358
1116,383,1499,0.11098957115376962
1105,376,1481,0.11098553736108954
1102,379,1481,0.11100642285480644
1101,386,1487,0.11103411350106708
1104,381,1485,0.11106276793811563
1114,383,1497,0.11108196892485661
1117,383,1500,0.11107847224864409
1109,382,1491,0.11106835371591597
1117,375,1492,0.11107777155347347
1115,376,1491,0.11106888211321772
1108,380,1488,0.11106352926351847
1113,391,1504,0.11107580283675343
1109,397,1506,0.11107489738858994
1114,404,1518,0.11108418737733203
1128,401,1529,0.11107994685007634
1120,399,1519,0.11104447311584745
1119,401,1520,0.11102974910301809
1110,396,1506,0.11102103589291389
1116,396,1512,0.11103319341526059
1112,392,1504,0.11103086827505378
1109,400,1509,0.11103732910661115
1102,398,1500,0.1110498522328382
1100,395,1495,0.11107756445238655
1097,400,1497,0.11110762283042512
1116,398,1514,0.11114043844636555
1101,402,1503,0.11112900421695981
1088,398,1486,0.11115321744763561
1093,401,1494,0.1112043513190547
1100,399,1499,0.11124085841082128
1102,407,1509,0.11125771341597179
1093,411,1504,0.1112687331915836
1095,415,1510,0.11130231158588913
1089,408,1497,0.1113288566258868
1089,404,1493,0.1113684227348432
1092,415,1507,0.11140660808273989
1089,410,1499,0.11143383495723665
1080,408,1488,0.11146535181369088
1084,411,1495,0.11151450440071134
1087,410,1497,0.1115521839584959
1085,410,1495,0.11157970230965113
1085,415,1500,0.11160794873465202
1087,409,1496,0.11163495304232887
1089,419,1508,0.11165620260456963
1086,419,1505,0.11167142525250157
1086,411,1497,0.11169169635509146
1093,409,1502,0.11170989168949028
1085,413,1498,0.11171181623877928
1090,416,1506,0.11173309117969868
1087,421,1508,0.111741422843347
1085,420,1505,0.11175608361431612
1079,431,1510,0.11177398785672635
1089,422,1511,0.11180260502466409
1094,423,1517,0.11180573817323124
1085,416,1501,0.1117969054199467
1093,414,1507,0.1118080907684531
1095,418,1513,0.11179956193149003
1086,414,1500,0.11178720247764684
1080,412,1492,0.11179674031268409
1078,414,1492,0.11181872781450801
1078,414,1492,0.11184465219898385
1079,415,1494,0.11186926554724513
1081,415,1496,0.1118883517747257
1076,410,1486,0.1119020368888944
1084,407,1491,0.11192392955526577
1098,407,1505,0.11192463946482588
1087,398,1485,0.1118939589029338
1097,398,1495,0.11189066888607467
1099,397,1496,0.1118638215996598
1107,394,1501,0.11183278800618457
1101,398,1499,0.11178645312000292
1097,394,1491,0.11175778026289108
1096,398,1494,0.11174158281322845
1094,398,1492,0.11173009328776481
1104,400,1504,0.11172418080130556
1099,401,1500,0.1116959574027386
1098,402,1500,0.11168161011691957
1103,399,1502,0.11167006537902235
1086,407,1493,0.11164951404442253
1095,405,1500,0.11166776950877087
1084,405,1489,0.11166462574775743
1088,403,1491,0.1116875346130291
1087,409,1496,0.11169904059965079
1085,416,1501,0.11171252351689619
1097,413,1510,0.11172993575419643
1084,416,1500,0.11171972373808518
1087,413,1500,0.11173990734170271
1103,412,1515,0.1117527780683804
1091,412,1503,0.11172835882930512
1084,416,1500,0.11173428687835397
1080,422,1502,0.11175728990779554
1075,418,1493,0.11178708726911872
1068,429,1497,0.1118258432355841
1071,421,1492,0.1118771776876121
1067,430,1497,0.11191716154644511
1063,429,1492,0.11196331471917358
1066,426,1492,0.11201543036215778
1073,430,1503,0.11205719727952845
1069,425,1494,0.11208136002104259
1069,428,1497,0.11211047589056243
1070,429,1499,0.11213952371038304
1063,429,1492,0.11216397702586414
1063,439,1502,0.1121999774486919
1062,427,1489,0.11223331946470458
1062,432,1494,0.11227049357644787
1063,431,1494,0.11230471072932705
1050,436,1486,0.11233301500067926
1058,445,1503,0.11239030949627173
1049,437,1486,0.11242640925363621
1049,437,1486,0.11248073568122109
1046,445,1491,0.11253047017751876
1041,445,1486,0.11258268219055136
1037,440,1477,0.11264295129344562
1042,446,1488,0.11270715783157431
1040,451,1491,0.1127567904083487
1042,454,1496,0.11280777087617523
1034,460,1494,0.11285170639806992
1037,459,1496,0.11291031163206554
1042,462,1504,0.11295839110063824
1041,463,1504,0.1129912346710516
1027,464,1491,0.11302380428630393
1024,459,1483,0.11308609427132849
1027,453,1480,0.11314879904458287
1034,459,1493,0.1132012887651172
1036,460,1496,0.11323515888708055
1028,464,1492,0.11326308638516665
1028,469,1497,0.1133065642256458
1017,459,1476,0.11334584613338995
1016,464,1480,0.11340875173529724
1025,478,1503,0.11346796371961997
1025,485,1510,0.11350292101301354
1023,483,1506,0.11353714463100303
1019,484,1503,0.11357467848516906
1023,489,1512,0.11361707880900988
1027,485,1512,0.11364586072760012
1026,478,1504,0.11366481219409316
1028,471,1499,0.11368385489231747
1022,476,1498,0.11369553575061127
1024,473,1497,0.11372042451500369
1023,477,1500,0.11373953297135085
1022,471,1493,0.11375887849483089
1016,472,1488,0.11377819439781572
1017,475,1492,0.11380987217775534
1018,474,1492,0.11383753250549639
1024,472,1496,0.1138606768904899
1022,477,1499,0.11386821346209847
1024,480,1504,0.1138816116133329
1031,490,1521,0.11388892161909273
1032,493,1525,0.11388074127733633
1020,489,1509,0.11387145301767365
1015,492,1507,0.11389329436127166
1018,492,1510,0.11392659730909471
1005,486,1491,0.11394966002756249
1018,492,1510,0.11400198275411849
1010,504,1514,0.11401996468211614
1009,506,1515,0.11405510081577465
991,507,1498,0.11409000498633887
1004,509,1513,0.11416242983568364
1002,510,1512,0.11420127139743794
1001,511,1512,0.1142431568538688
995,516,1511,0.1142873349909755
989,513,1502,0.11434084533591829
986,504,1490,0.11440517113602056
983,518,1501,0.11447238310253834
991,522,1513,0.1145409705430696
988,522,1510,0.1145858521556029
996,521,1517,0.1146357727226634
988,522,1510,0.11466374495502751
975,515,1490,0.11470802239513236
972,527,1499,0.11478055833589439
972,529,1501,0.11485539316963177
966,532,1498,0.11492479242328824
970,531,1501,0.11500178697148042
970,525,1495,0.11506385610621261
970,527,1497,0.11512091775944387
960,528,1488,0.11517315038754926
968,528,1496,0.11524296924956484
965,534,1499,0.11528871629664121
959,533,1492,0.11533678949082987
951,536,1487,0.11539646703797914
959,541,1500,0.11547210681729148
957,538,1495,0.11552538967253863
946,546,1492,0.1155785832341548
946,551,1497,0.11565363249546678
956,549,1505,0.11572155480984342
950,545,1495,0.11576368880337026
951,554,1505,0.11581648311383963
954,555,1509,0.11586500212386505
942,555,1497,0.1159027904398637
957,551,1508,0.11596420667251447
966,553,1519,0.11598721625101131
969,555,1524,0.1159875441241611
959,544,1503,0.11598015508104716
972,552,1524,0.1159972424722821
964,546,1510,0.11598445082483348
956,548,1504,0.11599440401048089
952,550,1502,0.1160209163035367
950,551,1501,0.11605697988152464
949,552,1501,0.11609384007491717
941,551,1492,0.11613225785283283
945,560,1505,0.11618861591448258
959,557,1516,0.11623108594163728
952,557,1509,0.11623697013872732
952,565,1517,0.11625927623748694
953,567,1520,0.11628003930448765
945,570,1515,0.1162992592637303
945,565,1510,0.11633533128982859
951,563,1514,0.1163677017877324
959,561,1520,0.11638184849929342
950,566,1516,0.11637606074695914
941,566,1507,0.11639118070818552
946,563,1509,0.11642680350236496
944,555,1499,0.11644717476707439
950,556,1506,0.11647098510357692
933,566,1499,0.11647812565710496
938,573,1511,0.11652652533670581
931,565,1496,0.11656113411469768
940,566,1506,0.11660781966970625
937,572,1509,0.11662853337526087
943,566,1509,0.11665403175526803
937,564,1501,0.11666491313696586
941,567,1508,0.11669017852497693
944,570,1514,0.11670511884565027
936,560,1496,0.11671337093331552
940,555,1495,0.11674051127541912
941,557,1498,0.11675437594627237
934,566,1500,0.11676779201962546
919,570,1489,0.11679524988019001
924,569,1493,0.11685517984982045
920,569,1489,0.11689907092356008
923,578,1501,0.11694851596709281
919,578,1497,0.11698780790921265
918,580,1498,0.11703384779014175
913,572,1485,0.11707934111584838
928,570,1498,0.11713244316802074
938,572,1510,0.11714599924494255
925,573,1498,0.11713631206614764
927,570,1497,0.11715920718108715
935,571,1506,0.11717468618734385
932,566,1498,0.11716982213483376
926,568,1494,0.11717199918794013
926,572,1498,0.11719064995473903
920,581,1501,0.11720958565972656
925,577,1502,0.11724037402413569
923,576,1499,0.11725620457724745
922,581,1503,0.11727718160356096
923,579,1502,0.1172970288159945
915,581,1496,0.11731525485010913
917,584,1501,0.11735103832059066
924,581,1505,0.11738059138308969
926,576,1502,0.11739063983714687
921,578,1499,0.11739770660881142
927,575,1502,0.1174139183643991
931,583,1514,0.11741428254907578
918,587,1505,0.11740638298149636
910,589,1499,0.11742780239038812
916,583,1499,0.11746662968538335
923,586,1509,0.11748871270201294
926,587,1513,0.11749322426694495
923,581,1504,0.11748914785677503
916,582,1498,0.11749293790318148
910,582,1492,0.11751122033174669
916,584,1500,0.11754296416692832
917,586,1503,0.11756013931171644
922,592,1514,0.11757297261192363
920,591,1511,0.117572723026011
912,586,1498,0.11757871939210948
905,587,1492,0.11760762292127412
899,580,1479,0.11764862828946047
905,579,1484,0.1177011155056109
908,584,1492,0.11773537307049037
902,597,1499,0.11776067620353033
895,598,1493,0.11780104647947617
903,601,1504,0.11785532439263978
903,601,1504,0.11788728597736091
901,604,1505,0.11791695876909056
903,606,1509,0.11795098757667205
905,606,1511,0.11797775914684619
901,603,1504,0.11799738047932622
898,612,1510,0.11802453334382937
908,612,1520,0.11805492504462353
897,609,1506,0.11806023805429619
896,608,1504,0.11809096035143622
894,600,1494,0.11812188425364649
890,608,1498,0.11815659769922199
893,609,1502,0.11819785582375339
892,605,1497,0.11822943374142478
896,609,1505,0.11826084536941256
901,605,1506,0.11827844681603907
908,606,1514,0.11828226634553822
893,602,1495,0.1182692408948926
893,603,1496,0.11829307139446833
906,597,1503,0.11831292680857362
900,598,1498,0.1182998082140929
901,603,1504,0.11830268623580648
905,610,1515,0.11830248093004546
909,604,1513,0.11829445858668591
905,596,1501,0.11827912323029825
903,606,1509,0.11827407170811131
898,605,1503,0.11827364955982902
901,601,1502,0.11828577645349482
902,605,1507,0.11828802574741763
900,612,1512,0.11829083652833772
887,615,1502,0.11829685772927327
892,617,1509,0.11833408616846817
883,613,1496,0.118354180165725
875,613,1488,0.11839369872013338
883,613,1496,0.11844919060588835
889,609,1498,0.11848265555681423
890,610,1500,0.11849798322427386
892,612,1504,0.11851050571415325
895,604,1499,0.1185175423271911
886,611,1497,0.11851784276854885
892,613,1505,0.11853873419163269
895,611,1506,0.11854701779815276
886,619,1505,0.11854806783920052
878,621,1499,0.11857046767092096
876,623,1499,0.11861231923328447
883,635,1518,0.11865652251977124
882,627,1509,0.11868050856194533
892,622,1514,0.11870448439343036
889,636,1525,0.11870270335787271
887,634,1521,0.11870898641467008
886,629,1515,0.11872050129735832
892,627,1519,0.1187347482411187
892,625,1517,0.11873465609661395
890,620,1510,0.11873414985729762
882,618,1500,0.11873712708572853
884,614,1498,0.1187573796989134
883,616,1499,0.1187694439816148
893,623,1516,0.1187815259298774
899,623,1522,0.118769720734106
886,616,1502,0.11874632977184785
896,616,1512,0.11875356397031314
891,623,1514,0.11873678094047885
886,620,1506,0.11873585468944924
882,617,1499,0.11874725494189056
883,616,1499,0.1187664951225975
888,612,1500,0.11878388655224612
890,618,1508,0.11878696390307035
881,614,1495,0.11878577683109225
871,622,1493,0.1188064527559385
879,627,1506,0.11884857823955183
884,631,1515,0.11886783289782354
878,623,1501,0.11887406690954139
871,625,1496,0.11889414417740948
877,631,1508,0.11892818476641243
873,630,1503,0.11894401281863615
886,632,1518,0.11896831313951495
878,636,1514,0.11895975795796014
880,643,1523,0.11897111088948631
873,642,1515,0.11897866898172932
876,637,1513,0.11900288776874525
871,634,1505,0.11901768793394218
871,637,1508,0.11904420294668146
868,637,1505,0.11906891311732831
865,645,1510,0.11909942061638855
868,648,1516,0.11913540908905336
867,635,1502,0.11916306009545491
862,634,1496,0.11919006248510826
843,640,1483,0.11922603113246218
855,636,1491,0.11930255712183327
853,634,1487,0.11934474398330823
853,639,1492,0.119388662574821
859,634,1493,0.11942927321282408
844,642,1486,0.11945212698212146
855,640,1495,0.11950897089825244
842,647,1489,0.11953572977188813
845,648,1493,0.1195940973180705
857,650,1507,0.11964023924829575
864,660,1524,0.11965707147442334
855,664,1519,0.11965466378922297
850,664,1514,0.11967599586858295
834,664,1498,0.11970879434268623
844,667,1511,0.11977660227192688
832,670,1502,0.11981463737734083
836,672,1508,0.11987841202876325
834,668,1502,0.11992458483192316
830,669,1499,0.11997366340042533
841,663,1504,0.1200258362569378
840,656,1496,0.12004884201771299
838,657,1495,0.12007346078239602
840,654,1494,0.12010057797313917
834,658,1492,0.12011972579512548
832,668,1500,0.12015190730369295
836,664,1500,0.12018470992395908
832,664,1496,0.12020542980181219
837,668,1505,0.12023263112847742
830,669,1499,0.12024542003552467
828,675,1503,0.12027506673337021
826,678,1504,0.12030922421200894
815,680,1495,0.12034517042738019
818,667,1485,0.12040460497416244
819,669,1488,0.12045083934645084
823,682,1505,0.12049392747008256
831,687,1518,0.12052601345059688
831,693,1524,0.12053852876673979
825,679,1504,0.12055021899986046
826,676,1502,0.12057641360634591
835,676,1511,0.12059710239148533
837,673,1510,0.12059450906334866
835,674,1509,0.12058880505478811
833,670,1503,0.12058804820145877
825,677,1502,0.12059219367865164
821,677,1498,0.12061432705613402
826,678,1504,0.1206443520624853
821,680,1501,0.1206587414443891
825,680,1505,0.12068309918311783
819,681,1500,0.12069603718152484
818,679,1497,0.12072166591357364
809,691,1500,0.12075036531785172
804,694,1498,0.1207977938934944
815,692,1507,0.12085405696740262
824,681,1505,0.12087908366159976
822,680,1502,0.12088137284935982
819,680,1499,0.12088613954243738
813,690,1503,0.12089978622103706
814,693,1507,0.12092637067463315
815,689,1504,0.1209482003905051
808,695,1503,0.1209668900758322
812,692,1504,0.12100313293653574
812,682,1494,0.12102505180686503
813,691,1504,0.12104401140385403
813,688,1501,0.12106036847633753
817,698,1515,0.12107621776924454
811,705,1516,0.12108037949404445
816,697,1513,0.12109892414594566
818,701,1519,0.1211051066898154
819,701,1520,0.12110698407666778
818,698,1516,0.12110490767120878
810,697,1507,0.12110480065432691
812,699,1511,0.12112631944913747
808,697,1505,0.12113890918787686
807,689,1496,0.12116018096441587
808,685,1493,0.12118159014986364
803,697,1500,0.1212005285539234
801,702,1503,0.12122806142467157
794,702,1496,0.12125878339810686
789,706,1495,0.12130495218002442
794,708,1502,0.1213594816541022
788,699,1487,0.12139516649980354
785,707,1492,0.12144059558134308
795,694,1489,0.12148980828446977
790,712,1502,0.12151378687831543
788,715,1503,0.12154696210917866
792,718,1510,0.12158334586672183
782,717,1499,0.12161180423425895
787,717,1504,0.12166279930494188
784,719,1503,0.12169795170695419
778,716,1494,0.12173901081887185
790,714,1504,0.1217934063657226
787,711,1498,0.12181585282822169
786,719,1505,0.12184645287580091
777,720,1497,0.12187778073292957
781,732,1513,0.12192862065068073
776,719,1495,0.12196386427923141
786,723,1509,0.12200785139366534
785,718,1503,0.12202364216937868
796,722,1518,0.12203969324468365
789,726,1515,0.12202896473988809
786,727,1513,0.12203576429164302
787,732,1519,0.122050217357267
781,736,1517,0.12206316713026716
781,729,1510,0.12208988948424654
780,729,1509,0.12211703142867965
769,730,1499,0.12214486171101985
767,738,1505,0.12219746176811923
767,733,1500,0.12225184155917787
773,729,1502,0.12230241242812259
773,736,1509,0.12233646766501621
770,731,1501,0.12236883405076092
765,733,1498,0.12240573516298334
771,736,1507,0.12245197807308852
781,739,1520,0.12248152265806482
775,737,1512,0.12248544792012667
766,750,1516,0.12250440290398312
762,747,1509,0.12254473417209504
759,746,1505,0.12259071745533447
761,744,1505,0.1226374219328855
758,752,1510,0.12267541368157037
757,752,1509,0.12272044998457579
759,756,1515,0.12276549931171568
758,747,1505,0.12280444064125966
758,758,1516,0.1228460440496372
759,753,1512,0.12288459298466106
752,750,1502,0.12291749410617062
751,753,1504,0.12296554668074393
754,752,1506,0.12301105870402415
759,754,1513,0.12304929350281199
759,753,1512,0.12307410232439783
757,742,1499,0.12309633005675438
761,746,1507,0.12312401162728102
762,751,1513,0.12313870448136498
766,745,1511,0.1231494452379075
766,745,1511,0.12314732646631926
760,756,1516,0.12314571578437711
765,754,1519,0.12315959562276316
757,752,1509,0.12315983257783078
760,754,1514,0.12317764257561709
760,753,1513,0.12318665642476566
750,751,1501,0.12319532186071132
748,752,1500,0.12322518681967502
748,758,1506,0.12325824658149269
767,759,1526,0.12328891885654367
757,753,1510,0.12327117810455768
751,743,1494,0.12328034432503611
754,753,1507,0.1233061927781603
754,750,1504,0.1233231914661112
763,755,1518,0.12333732460078627
756,755,1511,0.12332750645009216
766,743,1509,0.12333293451401423
773,744,1517,0.12331513750536428
770,750,1520,0.12328378836238726
768,749,1517,0.12326366455984389
766,746,1512,0.12324676403108523
757,753,1510,0.12323375620387225
764,742,1506,0.12324547642298328
767,736,1503,0.12324048525689654
761,743,1504,0.12322718172551633
755,748,1503,0.12323064713320939
756,747,1503,0.12324841869170527
743,739,1482,0.12326216984108132
752,743,1495,0.12330706589243558
759,748,1507,0.12332815203463177
757,751,1508,0.12333463132728462
748,750,1498,0.12334572004914851
750,751,1501,0.12337733698526757
747,753,1500,0.1234006742317328
747,758,1505,0.12342835302667997
744,760,1504,0.12345361973214927
749,760,1509,0.12348442415787765
740,757,1497,0.12350193034684467
740,752,1492,0.12353955531251078
729,759,1488,0.12357433279123392
735,774,1509,0.12363079288116957
730,771,1501,0.12366947563077439
728,770,1498,0.12371778511257232
719,771,1490,0.12376851186445918
726,777,1503,0.12383616325640392
731,774,1505,0.12388130116754065
723,781,1504,0.12391344624747042
720,781,1501,0.12396202547673883
712,780,1492,0.12401386724147347
710,776,1486,0.12408366187746096
707,780,1487,0.12415313989005257
703,784,1487,0.12422415681790973
703,792,1495,0.12430138723310023
709,793,1502,0.12437184850610276
722,803,1525,0.12442145718407584
724,809,1533,0.12443736893263299
724,799,1523,0.12444722861835174
728,807,1535,0.12445909467213873
717,809,1526,0.12446359935117027
713,807,1520,0.12449241946975284
701,801,1502,0.12452805200784489
705,792,1497,0.1245909805630659
712,803,1515,0.12464141498680573
712,804,1516,0.1246717954398807
705,798,1503,0.12470168642695512
711,796,1507,0.1247478213938284
710,797,1507,0.12477575165899664
707,793,1500,0.12480348079156385
704,806,1510,0.12483512663259591
705,811,1516,0.12487203427328432
708,811,1519,0.12490347167992122
697,820,1517,0.12492471419726528
694,812,1506,0.12497122867229603
690,802,1492,0.12502160984256766
687,809,1496,0.12507762206768958
692,801,1493,0.1251363688513126
691,804,1495,0.12517777426679455
692,800,1492,0.1252177677844547
677,806,1483,0.12525131437495177
685,798,1483,0.12531954127670047
686,799,1485,0.12536253041918577
688,804,1492,0.1254013952118184
701,809,1510,0.12543151010947703
707,806,1513,0.12542700394433723
704,811,1515,0.12540704457714313
700,800,1500,0.12539414753589606
701,799,1500,0.12539124817199748
703,800,1503,0.12538646880455917
704,801,1505,0.12537956547587714
700,799,1499,0.12537112782771623
685,805,1490,0.12537252665644957
692,800,1492,0.12540752550004225
691,790,1481,0.12542496837838177
697,797,1494,0.1254412008239622
693,803,1496,0.12544084271105477
690,799,1489,0.1254506095587691
697,803,1500,0.12546722133378962
707,810,1517,0.12546467566164876
717,814,1531,0.1254370067711055
713,805,1518,0.1253867878200053
713,807,1520,0.12535097211789287
709,803,1512,0.12531761610758874
714,798,1512,0.12529410637229202
709,803,1512,0.12525850614025547
704,798,1502,0.12523941493564383
707,791,1498,0.125234474699603
705,802,1507,0.12522163898331098
703,801,1504,0.12521617153605413
703,812,1515,0.12521079256897252
713,798,1511,0.12520376122850482
715,803,1518,0.1251764577274788
715,802,1517,0.12514601748586046
712,795,1507,0.1251190002183999
710,790,1500,0.1251010524417725
708,798,1506,0.12508978633541548
708,808,1516,0.1250862715535259
706,796,1502,0.12508363003296621
702,807,1509,0.12508624902808851
701,816,1517,0.12509813975770345
712,819,1531,0.12511230952944138
710,817,1527,0.12509983933909197
704,817,1521,0.12509316012255345
693,824,1517,0.12510190673187954
690,819,1509,0.12513891771829122
700,814,1514,0.12518005874616744
693,798,1491,0.1251933673750493
687,815,1502,0.12522507349333434
689,803,1492,0.1252696224222864
692,799,1491,0.12530726374439
690,817,1507,0.12533566009115346
689,821,1510,0.1253671440370115
679,821,1500,0.1253984537226394
676,813,1489,0.1254535088421048
686,808,1494,0.1255097575605594
682,814,1496,0.12553796774266318
693,816,1509,0.1255741589180359
681,833,1514,0.12558310806656683
676,839,1515,0.12562176534670946
677,839,1516,0.12567035557318307
671,837,1508,0.1257137862897389
663,837,1500,0.12576564507276125
658,843,1501,0.12583247062854816
666,838,1504,0.12590795251960643
666,830,1496,0.12596153091398027
671,840,1511,0.12601019386621912
670,840,1510,0.12604112994911396
666,841,1507,0.12607488275744685
657,842,1499,0.12611564178781742
655,837,1492,0.12617693396040128
656,835,1491,0.1262376565403169
665,841,1506,0.12629355662911596
667,836,1503,0.12632363350943834
661,842,1503,0.1263452167385613
663,839,1502,0.12637772891161908
660,845,1505,0.1264029867254651
652,833,1485,0.12643437029020976
656,838,1494,0.12648162655610368
656,834,1490,0.1265145325097937
659,828,1487,0.12654602437477575
652,829,1481,0.1265701816484883
656,835,1491,0.12660815955849197
664,842,1506,0.12663347068902225
663,844,1507,0.12664059150220525
659,847,1506,0.12664813380808934
665,850,1515,0.1266649494164614
661,849,1510,0.12666761557582393
656,848,1504,0.12668013415102444
659,862,1521,0.12670311349803692
661,849,1510,0.1267180735001814
662,846,1508,0.1267254071083963
666,849,1515,0.1267297514113016
662,855,1517,0.1267261976441747
658,868,1526,0.12673256223801935
648,866,1514,0.12675005181820556
642,865,1507,0.1267901488489551
651,851,1502,0.12684203572841848
642,855,1497,0.12686886879140435
645,864,1509,0.12691622015109644
631,868,1499,0.12695316756780417
626,859,1485,0.12702128875177132
622,863,1485,0.12709686537879655
621,861,1482,0.12717890420628375
621,866,1487,0.12725847059971243
621,876,1497,0.12732944241977515
629,861,1490,0.12739622356988614
625,874,1499,0.12743901112353737
631,878,1509,0.12748837891968146
627,889,1516,0.12752027523769763
633,884,1517,0.1275593674483867
631,883,1514,0.12758176905606014
628,884,1512,0.12760603587323455
627,882,1509,0.1276374500469744
626,869,1495,0.12766861362843665
631,870,1501,0.1276987766644188
623,880,1503,0.12771547841565936
624,881,1505,0.12775282487600703
615,878,1493,0.1277836934254694
623,888,1511,0.12783602455405968
623,884,1507,0.12786426562776676
615,896,1511,0.12788895702963252
608,891,1499,0.12793191946670127
616,894,1510,0.1279915351844476
624,892,1516,0.12802567325483186
616,895,1511,0.12804139673341391
612,894,1506,0.12807867927270997
614,893,1507,0.12812138739521
617,896,1513,0.1281570486945767
613,899,1512,0.1281831741480767
605,893,1498,0.12821697105156218
602,901,1503,0.128267994266414
594,911,1505,0.12832228293380582
592,913,1505,0.12839138663029437
589,925,1514,0.12846135666280883
599,921,1520,0.12853471574202888
598,925,1523,0.12857868180799095
597,912,1509,0.12862215658952786
604,904,1508,0.1286665663189263
602,902,1504,0.12869125921793226
599,908,1507,0.12871691973048766
590,915,1505,0.1287476753372732
592,926,1518,0.12879930124165878
589,923,1512,0.1288444239750724
582,929,1511,0.12889201630009892
585,940,1525,0.12895251016230513
580,934,1514,0.12900130542708474
576,929,1505,0.12906111848407165
575,936,1511,0.12912662693801427
570,929,1499,0.1291897352961722
571,940,1511,0.12925924960230561
574,924,1498,0.12932408835182024
577,927,1504,0.12937827641793398
576,940,1516,0.1294237836358555
577,944,1521,0.12946836755181942
574,938,1512,0.12950793523031742
581,938,1519,0.12955100276902212
579,939,1518,0.12957497365606158
575,929,1504,0.12960229850118213
564,936,1500,0.12963782831001597
569,938,1507,0.1296965819775766
569,939,1508,0.12973979429060184
569,937,1506,0.12977981043183948
568,935,1503,0.1298177852364529
575,944,1519,0.12985757048521124
583,949,1532,0.12987797044282426
578,941,1519,0.12987622418362105
577,937,1514,0.12988705680626977
578,937,1515,0.1299006048154443
574,938,1512,0.12991157633436767
574,942,1516,0.12993085457686898
579,949,1528,0.12995100556294267
579,944,1523,0.12995790553201403
576,942,1518,0.12996484725643256
572,934,1506,0.1299787757057938
571,939,1510,0.13000007795960325
566,940,1506,0.13001995313518425
562,930,1492,0.13005244782376527
559,927,1486,0.13008899065001192
563,932,1495,0.13012977509292822
565,931,1496,0.13015911557005402
575,924,1499,0.13018166623645494
579,923,1502,0.13017781093879244
569,929,1498,0.13016392996026338
570,933,1503,0.13017617202374207
569,941,1510,0.13018667556574923
565,942,1507,0.13020041242882022
566,942,1508,0.1302214692538361
560,942,1502,0.1302399476406579
557,936,1493,0.1302726976504802
562,937,1499,0.1303103833511578
556,938,1494,0.13033355490453583
552,949,1501,0.1303676261254404
549,955,1504,0.13040917083768463
553,953,1506,0.13045654878266275
559,949,1508,0.13049143565097687
562,958,1520,0.13050867984061898
566,953,1519,0.13051363199001126
557,957,1514,0.13050966020833787
554,950,1504,0.13052735060146975
553,943,1496,0.13054939908909563
551,940,1491,0.13057162927998994
562,943,1505,0.13059702279514973
567,947,1514,0.13059362592616186
568,943,1511,0.130578480132085
570,941,1511,0.13056200250223207
570,937,1507,0.13054212448573319
572,938,1510,0.13052383478021862
564,934,1498,0.1305005853112557
557,945,1502,0.13049939653255882
555,944,1499,0.13051356371051084
553,940,1493,0.1305310585050483
561,941,1502,0.13055567951361355
552,954,1506,0.13056013220415935
555,955,1510,0.1305853136223487
562,951,1513,0.1306010248912229
555,958,1513,0.13059833198726403
551,946,1497,0.13061252226846914
554,942,1496,0.13063497841688945
559,948,1507,0.13064972593399968
557,948,1505,0.13065289695349555
559,951,1510,0.13065824516454705
551,957,1508,0.1306574000563626
556,949,1505,0.13067466585492318
557,944,1501,0.1306795220775809
556,955,1511,0.13068078963193405
557,945,1502,0.1306827665991841
553,955,1508,0.1306829250642519
562,945,1507,0.1306936893033652
569,932,1501,0.13068012918886893
574,941,1515,0.13065003816409862
572,939,1511,0.1306113012106839
567,937,1504,0.1305809549048593
567,930,1497,0.130564755954785
566,930,1496,0.13054913596550893
566,943,1509,0.13053747753594386
571,948,1519,0.13052681443295508
576,948,1524,0.13050398558363427
574,939,1513,0.13047210173419502
569,939,1508,0.13044604106442853
564,938,1502,0.1304336677262189
560,948,1508,0.13043280479183703
553,952,1505,0.13044560773992667
552,954,1506,0.13047480811097803
548,957,1505,0.13050388542999913
543,956,1499,0.13054130362313143
542,944,1486,0.13058845185140985
555,944,1499,0.1306352961334514
555,955,1510,0.13064704081403902
554,945,1499,0.1306587574438549
558,953,1511,0.13067216705398096
559,950,1509,0.13067497398963984
557,949,1506,0.13067561835678382
555,958,1513,0.13068106383444003
557,960,1517,0.13069207482492978
555,960,1515,0.13069859585215476
562,963,1525,0.13071058055370038
552,962,1514,0.13070473884725656
542,952,1494,0.1307248775987638
534,947,1481,0.13076781437052054
539,953,1492,0.13082797957872896
552,958,1510,0.13087115940623323
555,959,1514,0.1308793573785127
555,961,1516,0.13088252518126164
555,960,1515,0.13088478582605487
551,963,1514,0.13088849973993277
547,972,1519,0.13090325367211947
546,969,1515,0.13092557111984518
552,962,1514,0.1309508012793307
554,975,1529,0.13095734131205547
549,969,1518,0.13095881156880246
551,972,1523,0.13097071912786057
552,961,1513,0.13097697448517712
551,959,1510,0.13098144865503625
540,964,1504,0.13098892741559168
537,965,1502,0.13102325999680214
538,975,1513,0.1310595927583592
545,971,1516,0.13109074627916362
533,979,1512,0.13110310666551533
539,972,1511,0.13114198883646605
529,973,1502,0.13116344659173307
533,982,1515,0.13120740987029098
537,991,1528,0.13123768219526485
533,982,1515,0.1312576820626461
532,965,1497,0.13128610317974046
539,973,1512,0.13131339463513117
544,971,1515,0.13132124904737164
548,983,1531,0.1313179120993518
554,971,1525,0.1313059687396715
546,972,1518,0.13128001979620257
543,981,1524,0.13128021037830748
548,974,1522,0.13128817401738274
543,977,1520,0.13128480564176556
535,976,1511,0.13129585651661618
526,988,1514,0.13132671052769518
523,996,1519,0.13138069490318677
522,1003,1525,0.13143660498941032
522,998,1520,0.13149185551256554
516,1001,1517,0.13154410185970947
511,1005,1516,0.13160724965527337
512,1005,1517,0.13167685215793776
518,1005,1523,0.13173878262032374
515,996,1511,0.13178210126442022
514,993,1507,0.13182902634512225
520,988,1508,0.1318761491077188
518,994,1512,0.13190484546773312
515,991,1506,0.1319371964563189
509,984,1493,0.1319736002053047
505,1001,1506,0.13202425841699617
515,1001,1516,0.13208068653312302
512,999,1511,0.13210938534076783
512,990,1502,0.1321425076589051
510,995,1505,0.13217496636140225
507,1000,1507,0.13220831861873988
501,998,1499,0.13224662392187425
503,998,1501,0.1322999658312253
507,1014,1521,0.1323427884565117
505,1010,1515,0.13237417109859123
502,1007,1509,0.13240846028690323
509,1006,1515,0.13244649014945975
503,1005,1508,0.13246434079694888
503,1001,1504,0.13249415004280976
499,1003,1502,0.13252307574789973
495,1013,1508,0.1325603710369649
492,1010,1502,0.13260390393451352
498,1023,1521,0.13265268703752076
491,1020,1511,0.132684213330978
491,1019,1510,0.13272915967781765
491,1025,1516,0.13277158550968385
489,1020,1509,0.13281110253776787
486,1017,1503,0.1328538877369643
491,1018,1509,0.13290177823209687
489,1023,1512,0.1329323613233251
489,1028,1517,0.13296670563239604
487,1018,1505,0.13300022768768952
482,1021,1503,0.13303778450370382
489,1019,1508,0.13308380140373188
494,1030,1524,0.1331069002692037
495,1018,1513,0.13311611629098982
486,1019,1505,0.13312177072340137
498,1018,1516,0.13314845628965494
491,1023,1514,0.13314430150770384
491,1016,1507,0.13315930350899027
490,1012,1502,0.13317344932078792
498,1010,1508,0.13318910559825548
500,1013,1513,0.13318384831652608
499,1019,1518,0.1331775977108589
494,1021,1515,0.1331750432260019
486,1019,1505,0.1331850878091845
481,1021,1502,0.13321602029361856
482,1016,1498,0.13325678506066554
480,1030,1510,0.13329187505113424
475,1027,1502,0.1333298422918443
479,1031,1510,0.13337925287788543
474,1024,1498,0.1334157837770896
481,1031,1512,0.13346297562069523
486,1028,1514,0.13348754338190072
482,1024,1506,0.13349804297980664
475,1012,1487,0.13351931338441156
475,1026,1501,0.13355224887646927
471,1031,1502,0.13358466059683227
471,1033,1504,0.13362540614796148
475,1035,1510,0.13366393773049481
480,1045,1525,0.13369265000633368
479,1040,1519,0.13370755163623285
478,1044,1522,0.13372397186493148
478,1051,1529,0.13374265045306072
472,1048,1520,0.1337588641044734
472,1037,1509,0.13378787137495549
470,1040,1510,0.13381481769848702
462,1045,1507,0.1338439431058676
459,1055,1514,0.13388977846155842
459,1052,1511,0.13393826737392384
455,1055,1510,0.1339847715683455
451,1058,1509,0.13403525428412524
451,1052,1503,0.13409283128897495
458,1056,1514,0.13414811182318295
456,1057,1513,0.13418132175567746
461,1062,1523,0.13421718348654474
454,1057,1511,0.13423929521008235
450,1054,1504,0.1342765059101248
451,1055,1506,0.13432102532633455
452,1060,1512,0.134359281192743
456,1057,1513,0.13439254468795878
457,1044,1501,0.1344148424885973
456,1054,1510,0.13443323068076904
456,1062,1518,0.1344550831492906
452,1063,1515,0.13447742817436692
461,1063,1524,0.1345088105413598
454,1070,1524,0.1345154038193298
456,1078,1534,0.13453944603700713
456,1076,1532,0.13455773653839376
454,1067,1521,0.13457538237315503
446,1063,1509,0.13459691492404746
454,1069,1523,0.13463686283778042
452,1074,1526,0.1346554021124977
451,1065,1516,0.13467689741281064
450,1074,1524,0.13470141414740286
456,1062,1518,0.13472558671050625
450,1053,1503,0.13473337125191123
446,1055,1501,0.13475620697499216
446,1052,1498,0.13478757274479974
449,1053,1502,0.134817010470794
447,1049,1496,0.13483549269281794
446,1057,1503,0.13485952179392105
446,1058,1504,0.13488239858278683
442,1068,1510,0.1349072288441894
443,1058,1501,0.13494386498240843
439,1067,1506,0.1349733312165043
441,1070,1511,0.13501062783095016
437,1074,1511,0.13503894195707708
446,1072,1518,0.13507360071482932
443,1071,1514,0.13508507227185876
442,1076,1518,0.13510465221699647
441,1075,1516,0.13512606394913682
440,1080,1520,0.13514768483232825
437,1080,1517,0.13517122555561822
430,1072,1502,0.13520088956658757
432,1064,1496,0.13524548636243747
435,1060,1495,0.13528164537557127
431,1075,1506,0.13530809568785354
437,1077,1514,0.13534177295150354
439,1078,1517,0.13535815561338255
435,1078,1513,0.1353681190108715
435,1075,1510,0.1353872026682751
441,1074,1515,0.13540589024061533
439,1069,1508,0.13540784469550546
444,1070,1514,0.1354135010947501
437,1067,1504,0.13540510394439065
443,1065,1508,0.13541654369495743
441,1077,1518,0.13541474874798046
445,1077,1522,0.1354192295714652
436,1080,1516,0.1354139050119769
446,1085,1531,0.13543179630147392
441,1083,1524,0.13542326658470574
442,1070,1512,0.13543010334601963
436,1079,1515,0.13543623831961427
433,1083,1516,0.1354566679624022
427,1088,1515,0.13548348635350457
427,1091,1518,0.1355252411713358
421,1101,1522,0.1355643946485836
416,1097,1513,0.13561592177689505
421,1100,1521,0.13567424135099126
422,1098,1520,0.1357162751837797
420,1088,1508,0.13575195712407243
421,1093,1514,0.13578976381392555
421,1088,1509,0.13582399582436547
419,1096,1515,0.13585592079045314
419,1095,1514,0.1358909011322888
416,1096,1512,0.1359240026843946
419,1092,1511,0.13596124675847387
416,1101,1517,0.13598915873539885
410,1104,1514,0.13602282686721703
414,1094,1508,0.13606963151405835
409,1095,1504,0.13610400455787686
407,1103,1510,0.1361463980139587
403,1106,1509,0.1361940946363594
402,1105,1507,0.1362491710584226
411,1108,1519,0.13630407889827897
405,1109,1514,0.13633313165837588
402,1101,1503,0.1363753931819755
403,1088,1491,0.13642118315870871
400,1089,1489,0.1364608538565183
400,1094,1494,0.13650485597149292
400,1101,1501,0.13654663544859238
399,1094,1493,0.13658553798149087
404,1095,1499,0.13662276476290017
403,1100,1503,0.13664459378421892
415,1086,1501,0.13666803080821802
413,1107,1520,0.13666220848009622
414,1108,1522,0.13666236677464214
414,1106,1520,0.1366601783720985
422,1102,1524,0.13665707726975884
413,1099,1512,0.13663464654705604
415,1108,1523,0.1366343501371313
415,1106,1521,0.13663008230725224
407,1106,1513,0.13662657252881913
405,1104,1509,0.13664308914124826
405,1100,1505,0.13666249149502285
403,1103,1506,0.13667951621549077
411,1104,1515,0.13670028187492483
412,1096,1508,0.13670079024080495
404,1104,1508,0.13669889183693015
401,1109,1510,0.13671786706866687
408,1109,1517,0.1367426613335175
407,1109,1516,0.13674850793464915
409,1108,1517,0.1367586447256669
403,1103,1506,0.13676203749537785
402,1104,1506,0.13677910720653452
400,1100,1500,0.13679751448688446
403,1096,1499,0.1368182505944113
411,1102,1513,0.13683113224761687
414,1100,1514,0.13682346100111759
407,1106,1513,0.13681007083487207
403,1114,1517,0.13681387716006566
399,1119,1518,0.13682745458286294
394,1116,1510,0.13685198724533076
399,1117,1516,0.13688715396345308
399,1110,1509,0.1369071622323481
395,1116,1511,0.13692499764951577
406,1124,1530,0.13695106456318926
397,1129,1526,0.13694828835746195
390,1133,1523,0.1369683513160151
387,1123,1510,0.13700529710487988
385,1136,1521,0.1370472476535777
387,1140,1527,0.137091893394886
386,1132,1518,0.13712863323960275
393,1122,1515,0.13716470631338723
390,1119,1509,0.13717974129547197
393,1125,1518,0.13720123624447406
392,1125,1517,0.1372147572121541
393,1128,1521,0.1372310133684521
397,1126,1523,0.13724269806464576
401,1115,1516,0.13724356090144516
398,1112,1510,0.1372328577600356
395,1118,1513,0.1372296696979236
397,1124,1521,0.13723384374347578
398,1126,1524,0.13723333227635756
395,1122,1517,0.13722986266815154
392,1112,1504,0.13723774303568384
393,1120,1513,0.137252024135736
398,1118,1516,0.13726471092396447
397,1101,1498,0.1372628888531824
386,1108,1494,0.1372635000652771
385,1109,1494,0.13729435589096822
381,1124,1505,0.1373235472590579
388,1112,1500,0.13736165620697638
391,1115,1506,0.13737972861095923
398,1117,1515,0.13738907656497149
393,1114,1507,0.13738052045867696
389,1106,1495,0.1373853312510535
382,1105,1487,0.137399799796469
386,1115,1501,0.13743183222921676
388,1124,1512,0.13745051818395956
392,1117,1509,0.13746191051916107
398,1107,1505,0.13746028160788223
396,1106,1502,0.13744444819787016
403,1103,1506,0.13743560394198157
407,1117,1524,0.13741132755678964
410,1117,1527,0.13737777985829033
414,1111,1525,0.13733804426236004
420,1104,1524,0.1372917602515988
418,1092,1510,0.1372352397314735
408,1091,1499,0.13718868485932503
399,1096,1495,0.1371685898799356
404,1087,1491,0.13717344537243226
411,1093,1504,0.1371645437389059
412,1083,1495,0.1371384833255436
416,1096,1512,0.1371100587636618
424,1099,1523,0.13707466317872796
423,1090,1513,0.13702163301636142
420,1099,1519,0.13697392152844773
417,1108,1525,0.13693942380909535
405,1097,1502,0.13691534445188194
396,1087,1483,0.13692297660999703
399,1094,1493,0.13695189516486803
405,1095,1500,0.1369707418056754
400,1094,1494,0.13697163591947095
398,1095,1493,0.13698356962676367
403,1087,1490,0.1369969564872088
402,1088,1490,0.1369983565555925
411,1086,1497,0.137001165315392
406,1094,1500,0.13698006166554666
406,1100,1506,0.1369709157485973
407,1095,1502,0.13696316851637602
412,1094,1506,0.13695371041840165
413,1086,1499,0.13693392197878893
410,1094,1504,0.13691370249532622
410,1099,1509,0.1369019727971156
411,1100,1511,0.13689343764390338
414,1095,1509,0.1368818076264675
422,1087,1509,0.13686180376161178
424,1080,1504,0.13682343970066102
418,1087,1505,0.13678417157010672
420,1100,1520,0.13676301219238973
417,1096,1513,0.13673830281131225
419,1102,1521,0.1367218073941886
419,1096,1515,0.13670079005838826
415,1086,1501,0.13668290035234937
414,1090,1504,0.13667540738368128
412,1106,1518,0.13667107560448272
412,1098,1510,0.13667169712416136
413,1099,1512,0.13667347780289404
412,1098,1510,0.13667241702463293
413,1106,1519,0.13667276683863644
415,1089,1504,0.13667087853275892
418,1086,1504,0.1366625916455765
413,1087,1500,0.13664932901385748
416,1086,1502,0.1366493946300645
423,1086,1509,0.13664188653444426
417,1092,1509,0.13661833776801938
418,1092,1510,0.13661108106269956
414,1100,1514,0.13660258412066142
410,1108,1518,0.1366042455657953
410,1101,1511,0.13661645947719037
407,1109,1516,0.13662827742161113
410,1105,1515,0.13664550986644775
410,1107,1517,0.13665461173918428
408,1105,1513,0.13666334493636903
405,1107,1512,0.13667794048082837
403,1109,1512,0.13669863582106698
400,1102,1502,0.1367235443045459
400,1096,1496,0.13675599970487673
402,1108,1510,0.13678579544348288
403,1111,1514,0.13680934070606765
405,1108,1513,0.13682953923858313
401,1110,1511,0.1368439795143807
396,1111,1507,0.13686827110848895
392,1115,1507,0.13690325746725154
392,1120,1512,0.13694618389724023
390,1122,1512,0.13698514640648626
388,1114,1502,0.13702722870620188
384,1114,1498,0.13707178265671127
384,1104,1488,0.1371227743606845
384,1118,1502,0.1371695275292941
384,1124,1508,0.13721466443322183
375,1130,1505,0.1372563198077286
382,1114,1496,0.13731826202392822
382,1119,1501,0.13736032595979325
383,1110,1493,0.13739953008935796
382,1118,1500,0.13743271592239148
388,1115,1503,0.1374663537700409
387,1124,1511,0.13748308085134664
384,1131,1515,0.13750353714669206
383,1137,1520,0.13753139841433298
381,1140,1521,0.13755933923918495
383,1140,1523,0.13759104630794453
378,1131,1509,0.13761675274002777
377,1121,1498,0.13765427369065064
363,1127,1490,0.1376902078323503
364,1125,1489,0.13775856477065576
368,1124,1492,0.13781948368326427
368,1131,1499,0.13786662062431734
374,1131,1505,0.13791153924772664
370,1131,1501,0.13793972456758802
371,1126,1497,0.13797525735767022
372,1134,1506,0.13800756136361517
370,1137,1507,0.13803481035786605
373,1143,1516,0.13806694489823224
370,1141,1511,0.13808990021733922
363,1140,1503,0.13811903546436038
362,1132,1494,0.13816329130696126
367,1134,1501,0.13820676214969427
364,1145,1509,0.13823422737373092
365,1151,1516,0.13826617104204675
365,1144,1509,0.13829407833703394
368,1151,1519,0.13832071543771424
363,1154,1517,0.13833899405775565
359,1148,1507,0.1383686397464369
357,1152,1509,0.13840512798152468
366,1151,1517,0.13844463935301654
365,1146,1511,0.13845899463203676
369,1142,1511,0.13847505034540564
369,1141,1510,0.13848033863508113
369,1146,1515,0.13848579869137026
366,1153,1519,0.1384908095493062
363,1151,1514,0.13850408377286258
363,1143,1506,0.13852412049226054
356,1140,1496,0.13854390884206727
360,1141,1501,0.1385815002730294
357,1149,1506,0.13860557648794178
357,1152,1509,0.13863659040301066
353,1157,1510,0.13866653802960904
352,1150,1502,0.13870509309720677
349,1153,1502,0.13874389529252007
342,1151,1493,0.13878787175965226
352,1165,1517,0.13884536881824464
353,1163,1516,0.1388749963907597
351,1164,1515,0.13890062307975257
352,1160,1512,0.13892930480206975
351,1154,1505,0.13895299498865885
353,1161,1514,0.13897760809056606
353,1160,1513,0.13899536430539902
358,1163,1521,0.13901254513094277
350,1157,1507,0.13901832352426294
350,1148,1498,0.13904428379748274
348,1143,1491,0.13906875409753858
346,1154,1500,0.13909724724196995
348,1174,1522,0.13912923529259585
339,1171,1510,0.13915349903755495
339,1170,1509,0.13919883229235563
338,1176,1514,0.13924017429469387
340,1167,1507,0.13928043559815403
343,1167,1510,0.1393133747599833
341,1173,1514,0.1393373948368966
342,1167,1509,0.1393632813327574
334,1171,1505,0.13938530971803914
336,1187,1523,0.13942573216268328
341,1178,1519,0.13945752360609737
336,1182,1518,0.1394751513355857
335,1181,1516,0.1395036771213939
343,1174,1517,0.13953287487877666
336,1168,1504,0.13954107466268037
338,1167,1505,0.1395672759554488
337,1149,1486,0.13958629957368404
340,1171,1511,0.139605949757104
344,1178,1522,0.13961665995465186
346,1174,1520,0.13961833050855588
344,1179,1523,0.13961486442748522
343,1165,1508,0.13961646678854941
347,1176,1523,0.13962020719197107
342,1173,1515,0.13961268722989362
340,1166,1506,0.13961846772616
345,1176,1521,0.13962927182544058
339,1178,1517,0.13962791090261614
338,1183,1521,0.13964078298949814
336,1178,1514,0.13965461777929605
339,1178,1517,0.13967276452814079
340,1177,1517,0.13968309592160247
332,1177,1509,0.13969092046133644
333,1173,1506,0.13971862076455907
344,1177,1521,0.1397403512540529
337,1177,1514,0.13973308651654087
340,1179,1519,0.13974320250218103
347,1179,1526,0.13974651050800727
350,1169,1519,0.13973135975396755
344,1173,1517,0.13971102600267776
338,1174,1512,0.13970790351616652
343,1179,1522,0.13972038961794836
342,1174,1516,0.13972048636358805
341,1168,1509,0.13972254829019448
345,1169,1514,0.13972761506297648
345,1165,1510,0.13972241078354553
344,1169,1513,0.13971739169572303
345,1176,1521,0.1397146944893915
344,1174,1518,0.1397112027521664
343,1168,1511,0.13971037191500346
333,1179,1512,0.13971200903932923
332,1183,1515,0.13973759415945206
328,1181,1509,0.13976401990066648
329,1167,1496,0.13979989200733925
332,1172,1504,0.13983045980757763
332,1178,1510,0.13985068322119534
336,1173,1509,0.139869890544692
331,1170,1501,0.13987705727012337
331,1169,1500,0.139896191205565
327,1175,1502,0.1399151325720218
325,1180,1505,0.13994422834152817
330,1173,1503,0.13997622726644657
327,1186,1513,0.13999448438279088
329,1186,1515,0.1400191570286808
325,1183,1508,0.14003687403449158
332,1177,1509,0.14006307845213095
336,1186,1522,0.14006852291970767
331,1185,1516,0.14006489807075248
320,1180,1500,0.14007328058072013
327,1185,1512,0.14010905591631923
327,1202,1529,0.14012690697166025
331,1201,1532,0.14014491740683038
333,1196,1529,0.1401510458929093
326,1193,1519,0.14015220810799156
325,1195,1520,0.14017045839223585
328,1205,1533,0.14019056263283067
333,1189,1522,0.14020116022610338
329,1185,1514,0.14019886546457994
323,1179,1502,0.14020654852652434
330,1182,1512,0.1402284774043452
327,1188,1515,0.1402327365849839
323,1184,1507,0.14024687231258876
319,1188,1507,0.14027037054821812
320,1189,1509,0.14030289104781815
318,1192,1510,0.1403296654239427
318,1194,1512,0.14035934547353626
320,1202,1522,0.14038749354925556
317,1197,1514,0.1404085754100478
306,1207,1513,0.14043540808062205
311,1208,1519,0.14048742547389378
310,1205,1515,0.14052332601138118
309,1202,1511,0.14055880885008587
312,1193,1505,0.14059319939951975
312,1197,1509,0.1406176847433593
306,1201,1507,0.140640333078643
311,1212,1523,0.14067597495127682
310,1222,1532,0.1406976692954019
312,1216,1528,0.1407214419715717
309,1203,1512,0.14073773578896773
309,1197,1506,0.1407607733679028
312,1193,1505,0.14078201302415563
310,1210,1520,0.14079594081652863
313,1215,1528,0.14081383870716263
314,1203,1517,0.140824415031502
300,1204,1504,0.140831189864778
303,1199,1502,0.14087125528912167
301,1212,1513,0.140900946448215
296,1212,1508,0.14093350602801413
300,1221,1521,0.1409767859378643
301,1213,1514,0.14100776483951905
297,1209,1506,0.14103522979716193
302,1220,1522,0.14106932808938002
302,1220,1522,0.14108862158650537
300,1217,1517,0.14110675548713927
297,1210,1507,0.14112850081749595
297,1209,1506,0.14115660961730245
291,1195,1486,0.1411820594599516
296,1207,1503,0.14122207081506277
297,1207,1504,0.14124641911461736
293,1206,1499,0.14126554767023536
292,1209,1501,0.14129378618958932
292,1206,1498,0.14132284566924422
298,1206,1504,0.14134874149930052
292,1198,1490,0.14135765018071417
290,1198,1488,0.14138149886770157
288,1206,1494,0.1414087551175899
287,1214,1501,0.14143908825616144
288,1206,1494,0.14147070011055699
281,1209,1490,0.14149706252220517
281,1210,1491,0.1415394331500715
281,1213,1494,0.1415788515655568
285,1224,1509,0.14161565973766382
285,1226,1511,0.14163836948793926
282,1244,1526,0.14166053170157666
280,1227,1507,0.14168903338272001
281,1229,1510,0.14171840025559887
282,1230,1512,0.14174363704170306
286,1226,1512,0.14176373426948294
285,1220,1505,0.1417733997970849
285,1225,1510,0.14178686729002435
290,1224,1514,0.14179987164770064
282,1223,1505,0.1417987620220212
282,1220,1502,0.14181751415345545
287,1229,1516,0.14183451852145243
285,1226,1511,0.14183893279415016
285,1229,1514,0.14184868552788138
286,1223,1509,0.14185745181424964
284,1225,1509,0.14186359722209052
284,1226,1510,0.1418740660747779
280,1234,1514,0.14188556989700374
286,1242,1528,0.14190685517865342
281,1234,1515,0.14191204918988912
280,1247,1527,0.1419292206578994
278,1248,1526,0.14194718583756757
282,1247,1529,0.14196898724222962
286,1240,1526,0.14197886329352552
290,1251,1541,0.14197847048353338
288,1247,1535,0.14196761295694543
289,1237,1526,0.14196398692909518
285,1231,1516,0.14195818940198948
287,1243,1530,0.14196291268337233
283,1245,1528,0.14196294646447605
278,1235,1513,0.14197326439095892
283,1249,1532,0.14199577886023815
276,1240,1516,0.1420035824820342
274,1239,1513,0.1420294532464586
275,1234,1509,0.14205853051511463
272,1243,1515,0.1420838111736959
270,1242,1512,0.14211515543860567
273,1231,1504,0.14214998766677384
276,1230,1506,0.14217383276417536
273,1239,1512,0.1421886975446653
269,1225,1494,0.14221045623514786
270,1234,1504,0.14224080787101934
269,1231,1500,0.14226668081111277
268,1238,1506,0.14229359785895213
269,1235,1504,0.1423217629047473
267,1246,1513,0.14234455515124642
259,1249,1508,0.14237060687816874
258,1246,1504,0.142416317373405
259,1257,1516,0.14246085496400518
261,1260,1521,0.1425005101574647
264,1263,1527,0.14253287779888424
268,1252,1520,0.14255468280530675
263,1243,1506,0.14256517051663153
260,1243,1503,0.14258647600796337
259,1247,1506,0.14261459465486048
254,1248,1502,0.1426436595968092
251,1256,1507,0.14268297049707204
252,1262,1514,0.1427281040742653
251,1265,1516,0.14276714291282602
248,1273,1521,0.14280600500994758
250,1286,1536,0.14284965881397962
250,1278,1528,0.14288568414295033
245,1274,1519,0.14291936664349061
247,1264,1511,0.14296285247470822
250,1259,1509,0.14299871150832794
255,1257,1512,0.14302493790879597
261,1256,1517,0.14303719195266387
261,1261,1522,0.1430330653509368
261,1255,1516,0.14302988108387749
263,1251,1514,0.14302715389755774
265,1253,1518,0.14301940867140658
259,1252,1511,0.14300614952048854
255,1261,1516,0.14300888265806783
255,1252,1507,0.14302057271481264
254,1256,1510,0.14303152823974016
257,1262,1519,0.14304444527948057
248,1267,1515,0.14304877594318513
240,1265,1505,0.14307640461244947
244,1261,1505,0.14312163127116967
248,1262,1510,0.14315389137752343
253,1267,1520,0.1431724225147983
254,1260,1514,0.14317781843692537
259,1253,1512,0.14318048964450716
258,1258,1516,0.14316978106077446
258,1254,1512,0.1431620542951114
261,1258,1519,0.14315546923129197
258,1271,1529,0.14314143475059624
258,1257,1515,0.14313499112999792
253,1259,1512,0.1431294132454202
251,1265,1516,0.14313695424545286
248,1265,1513,0.14314804217821078
256,1257,1513,0.1431670509074582
249,1241,1490,0.14316468679448913
256,1253,1509,0.14317962427171035
255,1262,1517,0.14317545396787815
257,1253,1510,0.14317492498466505
252,1266,1518,0.14316963931037083
257,1254,1511,0.143177942055452
256,1258,1514,0.14317352749446002
255,1267,1522,0.14317239794207834
252,1265,1517,0.1431744645062361
253,1264,1517,0.14318485631900876
254,1268,1522,0.14319146087129928
251,1274,1525,0.14319592125086655
251,1269,1520,0.14320866359702322
254,1268,1522,0.14321865242545748
250,1269,1519,0.14322108538787315
249,1262,1511,0.14323375055146112
245,1268,1513,0.14324790993751915
238,1254,1492,0.14327100095524706
240,1274,1514,0.14330989830886473
245,1279,1524,0.1433404421261337
247,1262,1509,0.14335638217405214
244,1266,1510,0.14336591362909076
240,1253,1493,0.14338293323631823
240,1257,1497,0.14340774064798179
235,1257,1492,0.14343213286750314
229,1260,1489,0.14346803409042966
230,1263,1493,0.14351724541462083
230,1277,1507,0.1435601077436797
232,1272,1504,0.14359954424798538
236,1265,1501,0.14362985391747418
235,1271,1506,0.1436474916005471
231,1271,1502,0.14366594656721607
230,1278,1508,0.143692364122903
228,1276,1504,0.14372103195753025
231,1270,1501,0.14375171724940614
234,1274,1508,0.14377313547154869
235,1280,1515,0.1437843187136462
234,1287,1521,0.14379370656434964
232,1284,1516,0.14380620013602557
233,1290,1523,0.14382337532489267
234,1287,1521,0.14383636042394765
237,1285,1522,0.14384615528525682
231,1279,1510,0.14384838811325085
230,1263,1493,0.14386486603131807
235,1277,1512,0.14388226355427203
236,1273,1509,0.1438861238972827
238,1279,1517,0.1438873675692481
240,1288,1528,0.1438839654529759
238,1282,1520,0.14387574165366943
244,1273,1517,0.14387276707105612
239,1279,1518,0.14385348648724303
241,1268,1509,0.14384788386106184
240,1275,1515,0.14383705181639897
240,1280,1520,0.14382972175415604
235,1276,1511,0.14382319580912767
236,1282,1518,0.14383048871582083
236,1293,1529,0.14383484794193957
228,1288,1516,0.14383960174776672
231,1285,1516,0.14386304583326937
233,1293,1526,0.14387777131659532
232,1286,1518,0.14388701936296433
233,1271,1504,0.14389792251834352
227,1283,1510,0.14390587378314962
226,1271,1497,0.14392716961132654
234,1277,1511,0.14394888206903755
238,1268,1506,0.14394837456164308
233,1263,1496,0.14393696293078523
234,1266,1500,0.14393851949402842
233,1258,1491,0.1439372140520886
239,1274,1513,0.14393912442570272
236,1269,1505,0.14392487969411022
237,1273,1510,0.14392007317332575
237,1266,1503,0.14391286574820128
233,1266,1499,0.1439066735074345
239,1269,1508,0.1439111963022552
241,1274,1515,0.14390086473617997
237,1267,1504,0.14388601012320734
237,1274,1511,0.14388327440226978
237,1286,1523,0.14388051410729344
232,1272,1504,0.1438788023415821
226,1274,1500,0.14388994837007935
227,1279,1506,0.1439155555727036
227,1278,1505,0.14393632879774984
233,1269,1502,0.14395522672383693
233,1267,1500,0.14395775300238955
236,1283,1519,0.14395970564496882
236,1272,1508,0.1439545985328123
232,1280,1512,0.1439506036523498
227,1277,1504,0.14395696786908138
227,1282,1509,0.14397480364764856
228,1287,1515,0.1439919477497056
233,1289,1522,0.14400454230199305
236,1284,1520,0.14400567420904406
233,1294,1527,0.14399820522336534
235,1292,1527,0.1439989921088583
233,1288,1521,0.1439954170882537
236,1282,1518,0.143996864253924
236,1282,1518,0.14399146085338507
238,1275,1513,0.14398543831409083
237,1272,1509,0.14397406937213453
245,1282,1527,0.14396620306084892
243,1281,1524,0.1439390511782163
243,1287,1530,0.14391852427551485
241,1289,1530,0.1439009297367168
238,1289,1527,0.14388977521776297
233,1287,1520,0.1438877059994034
237,1283,1520,0.14389842432167416
235,1284,1519,0.1438984528049791
227,1286,1513,0.14390414845643223
231,1279,1510,0.14392911945373826
230,1285,1515,0.14394240940474848
229,1282,1511,0.14395716192307056
230,1280,1510,0.14397350712107804
230,1280,1510,0.14398589698878994
225,1283,1508,0.14399675627046826
223,1290,1513,0.14401831555008276
221,1302,1523,0.14404343503829292
222,1307,1529,0.14407190295327424
221,1293,1514,0.1440976120472387
214,1293,1507,0.14412399824312216
216,1296,1512,0.14416637000733987
215,1296,1511,0.14420087922458852
211,1291,1502,0.1442371383675272
212,1292,1504,0.14428101978105712
211,1298,1509,0.14431923182384948
212,1294,1506,0.14435814724566173
206,1297,1503,0.14439213314938917
210,1306,1516,0.14444068200988405
212,1305,1517,0.14447534016486283
210,1303,1513,0.14450306167918023
208,1308,1516,0.14453541627597455
210,1317,1527,0.144570245514895
207,1323,1530,0.14459725402765458
207,1314,1521,0.14462980675609022
209,1323,1532,0.14466011860154301
208,1321,1529,0.14468375818802368
209,1302,1511,0.1447088374009328
210,1303,1513,0.14473012121667925
211,1302,1513,0.14474755917839438
210,1311,1521,0.144761106500442
209,1313,1522,0.14477657237250047
209,1303,1512,0.14479422611967344
206,1324,1530,0.1448115318961611
206,1331,1537,0.1448346584205148
206,1322,1528,0.1448557015926512
209,1323,1532,0.1448750470926055
202,1328,1530,0.14488576744609652
205,1330,1535,0.144913775405929
204,1337,1541,0.14493301512811663
198,1327,1525,0.14495333297758198
199,1321,1520,0.14498761928891352
199,1324,1523,0.14501701704020556
198,1323,1521,0.145043652201797
202,1325,1527,0.1450713438363925
203,1325,1528,0.14508695632187482
200,1322,1522,0.14509951048288497
201,1324,1525,0.14512028194769555
199,1322,1521,0.14513688993552853
202,1332,1534,0.14515827506573584
196,1328,1524,0.14517043831483964
193,1325,1518,0.14519718994643052
189,1327,1516,0.14523036196495956
191,1321,1512,0.14527045698142543
190,1323,1513,0.14530301722775926
190,1310,1500,0.14533698051000996
190,1314,1504,0.1453695363248972
186,1316,1502,0.14539991277766084
191,1321,1512,0.14543878347826295
189,1310,1499,0.1454631958036047
190,1319,1509,0.14549060788655685
186,1322,1508,0.14551395089958202
186,1333,1519,0.14554624832286592
184,1340,1524,0.14557691686416238
181,1337,1518,0.14560992473035417
177,1336,1513,0.14564848945555992
182,1316,1498,0.1456953492562275
181,1326,1507,0.14572680570813604
182,1327,1509,0.14575814882705548
180,1324,1504,0.14578632232716157
178,1332,1510,0.14581786652499815
175,1327,1502,0.14585299330463936
174,1335,1509,0.14589342764741584
175,1340,1515,0.14593326707754462
174,1342,1516,0.14596829409215822
177,1348,1525,0.14600241235797523
179,1350,1529,0.14602719855727048
178,1354,1532,0.14604497363844227
175,1339,1514,0.14606477532798418
173,1339,1512,0.1460910370197568
175,1351,1526,0.14612060807222865
173,1349,1522,0.1461434333541414
171,1344,1515,0.1461715181802622
171,1357,1528,0.1462028940226052
168,1352,1520,0.14623202173233896
170,1349,1519,0.14626696069480222
167,1347,1514,0.14629498475780944
168,1350,1518,0.1463285087089615
168,1356,1524,0.14635765297814188
166,1345,1511,0.1463842693976704
164,1352,1516,0.14641457588793666
160,1355,1515,0.1464483496931444
160,1360,1520,0.14649067532526946
159,1356,1515,0.14652961793417713
160,1350,1510,0.14656738807247233
157,1355,1512,0.1466002743199639
158,1365,1523,0.14663887654610241
162,1351,1513,0.14667367759252437
162,1347,1509,0.14669640714654075
162,1362,1524,0.14671790718026906
161,1357,1518,0.14673758757845404
157,1355,1512,0.1467588822937062
160,1357,1517,0.1467887868345801
158,1359,1517,0.14680857924816298
162,1362,1524,0.14683263377809605
161,1360,1521,0.14684543591070479
161,1360,1521,0.14685902194142195
158,1365,1523,0.14687119898041184
158,1362,1520,0.14689071986837557
160,1369,1529,0.1469084044657453
158,1367,1525,0.14692034442636384
155,1357,1512,0.14693649556086524
155,1351,1506,0.14696012024607125
157,1349,1506,0.14698203512233848
162,1363,1525,0.14699706408648705
162,1359,1521,0.14699809599984823
160,1358,1518,0.1469988691150501
155,1367,1522,0.14700437559308735
159,1359,1518,0.14702245768674096
161,1361,1522,0.14702914701637945
161,1353,1514,0.14703093088614785
161,1351,1512,0.14703298348256924
156,1364,1520,0.14703507222971213
160,1364,1524,0.14704995132561122
156,1358,1514,0.14705431062131102
156,1373,1529,0.1470687058021419
154,1368,1522,0.14708219278722143
152,1361,1513,0.14709923986084364
154,1365,1519,0.14712127853934936
152,1361,1513,0.1471366076558887
156,1364,1520,0.1471556600334512
155,1363,1518,0.1471628728146605
156,1350,1506,0.14717131910071102
156,1342,1498,0.147176777352354
157,1341,1498,0.14718196464757843
156,1337,1493,0.14718431201761628
157,1353,1510,0.1471881768515634
159,1358,1517,0.14718986700136116
158,1361,1519,0.14718562280134606
163,1373,1536,0.14718532770910042
167,1360,1527,0.14717168017821913
167,1356,1523,0.14714873168268902
163,1358,1521,0.14712686788903512
156,1350,1506,0.14711672216043842
159,1359,1518,0.14712462649377325
156,1354,1510,0.14712516367077183
157,1359,1516,0.14713255701077002
155,1351,1506,0.14713654148165353
159,1351,1510,0.1471453872750762
156,1350,1506,0.147143166638466
156,1364,1520,0.14714839523063108
157,1358,1515,0.1471532863042368
158,1363,1521,0.1471556706460571
159,1355,1514,0.14715516611892604
158,1361,1519,0.1471526042453407
161,1358,1519,0.14715269456790994
160,1360,1520,0.14714563638355999
162,1357,1519,0.14714168503710018
160,1355,1515,0.14713325736012256
158,1357,1515,0.14713079420303893
160,1351,1511,0.14713351630343552
158,1361,1519,0.14713096262543254
151,1354,1505,0.1471337690411034
150,1355,1505,0.1471543917579572
149,1365,1514,0.14717631359802041
148,1362,1510,0.14719876347009003
149,1366,1515,0.14722187805181414
153,1371,1524,0.1472407981571882
157,1368,1525,0.14724827271220461
147,1362,1509,0.14724569756054698
151,1376,1527,0.14726871772017458
149,1387,1536,0.14728032439409042
150,1390,1540,0.14729580388367172
148,1388,1536,0.14730810406344141
148,1375,1523,0.1473252424615581
151,1388,1539,0.14734161795353462
149,1378,1527,0.14734946159627998
148,1363,1511,0.14736215216741763
151,1354,1505,0.14737655595969776
147,1365,1512,0.14738123170192594
145,1357,1502,0.1473961341858282
144,1363,1507,0.14741521929895265
143,1354,1497,0.14743444408312065
145,1369,1514,0.14745477223717512
145,1369,1514,0.14746797160055486
146,1356,1502,0.14748042287634872
146,1361,1507,0.14748926247262276
150,1351,1501,0.14749796461426845
146,1359,1505,0.1474968070184376
143,1371,1514,0.14750675454577597
141,1379,1520,0.147524592573828
141,1387,1528,0.14754612275377726
135,1382,1517,0.14756669631677952
135,1385,1520,0.1476016528846795
132,1382,1514,0.14763352981363057
135,1386,1521,0.14767071249372285
133,1383,1516,0.147697470999153
134,1372,1506,0.14772787793953038
136,1378,1514,0.14775402011407673
136,1376,1512,0.14777370025652029
131,1382,1513,0.14779228100504077
129,1378,1507,0.1478227423260362
131,1381,1512,0.1478559410651752
131,1383,1514,0.1478804864256661
132,1389,1521,0.14790347780875504
130,1391,1521,0.14792228154164036
131,1385,1516,0.14794554794293335
130,1396,1526,0.1479644879689882
128,1386,1514,0.14798454559819826
123,1387,1510,0.14800826093137767
121,1389,1510,0.1480440518224678
124,1379,1503,0.14808304520765478
124,1394,1518,0.14811183946146886
124,1392,1516,0.14813833671202084
120,1386,1506,0.14816338852305488
121,1397,1518,0.14819757507774872
116,1398,1514,0.14822753603382588
121,1404,1525,0.14826897310071138
121,1413,1534,0.1482946868525903
118,1414,1532,0.14831922796059893
121,1409,1530,0.14834960703742525
123,1417,1540,0.14836977441202248
126,1405,1531,0.1483831907469995
128,1404,1532,0.14838801691595546
128,1397,1525,0.1483875650412795
130,1391,1521,0.14838708735569134
130,1400,1530,0.14838195635126586
123,1391,1514,0.14837760335888486
123,1399,1522,0.1483928609363506
125,1404,1529,0.14840729594426985
124,1399,1523,0.14841604938417347
125,1407,1532,0.14842625790008898
126,1396,1522,0.1484332532056064
126,1388,1514,0.14843657263126708
125,1385,1510,0.1484396379937981
126,1388,1514,0.14844518031278126
128,1394,1522,0.1484476358000438
125,1381,1506,0.1484449373712407
127,1384,1511,0.14845004088132735
129,1387,1516,0.1484488251035602
131,1379,1510,0.1484422555749875
130,1389,1519,0.14843162934113474
133,1392,1525,0.14842484711996207
135,1397,1532,0.14841041546556
133,1394,1527,0.1483919120006959
131,1391,1522,0.14837967931737742
131,1378,1509,0.14837275359316912
133,1368,1501,0.14836620283606167
135,1367,1502,0.1483549747359091
136,1367,1503,0.14833906385642068
136,1364,1500,0.1483218818191801
136,1373,1509,0.14830576930953981
135,1372,1507,0.14829133738550113
137,1380,1517,0.14828054394449947
137,1367,1504,0.14826424909195482
139,1366,1505,0.14824895981273645
137,1366,1503,0.1482298194015098
134,1371,1505,0.14821717129932785
132,1379,1511,0.14821414506608968
131,1375,1506,0.1482171900354482
131,1387,1518,0.14822254854812852
126,1396,1522,0.1482282092971929
125,1388,1513,0.1482468923414488
125,1377,1502,0.14826704397972576
125,1389,1514,0.14828550952307012
122,1378,1500,0.1483025772897548
125,1386,1511,0.14832682144107923
124,1382,1506,0.1483421143809279
126,1389,1515,0.14835912519316363
125,1393,1518,0.148368773827391
126,1394,1520,0.1483811560205988
125,1388,1513,0.1483904567312834
125,1396,1521,0.14840217276470707
124,1399,1523,0.1484130713807205
122,1397,1519,0.14842573857434083
124,1386,1510,0.14844271514610208
122,1395,1517,0.14845259725228677
125,1401,1526,0.14846657806025834
124,1397,1521,0.14847101753124536
129,1397,1526,0.14847794194895803
125,1398,1523,0.14847092425724542
124,1406,1530,0.1484748634107836
129,1402,1531,0.14848108886523692
130,1415,1545,0.1484728877717627
129,1394,1523,0.14846250616710854
127,1394,1521,0.1484557731560768
128,1392,1520,0.14845439367590546
129,1392,1521,0.14845066684967256
130,1387,1517,0.14844475783909994
131,1396,1527,0.14843618851153723
129,1395,1524,0.14842578073715848
125,1392,1517,0.148421707494933
125,1391,1516,0.14842836399635698
121,1396,1517,0.14843447310731217
124,1392,1516,0.14845085265916783
123,1398,1521,0.14845801137189965
125,1400,1525,0.14846768596601492
119,1403,1522,0.14847167446614956
124,1397,1521,0.14849230847429776
124,1401,1525,0.1484982940995999
125,1400,1525,0.14850408919664432
128,1395,1523,0.14850758186798313
127,1400,1527,0.14850339315827563
126,1396,1522,0.14850242068249586
125,1395,1520,0.1485046366280523
125,1392,1517,0.1485091011661969
122,1400,1522,0.14851319793017537
123,1390,1513,0.14852317872635074
122,1391,1513,0.14853021210975242
121,1406,1527,0.14853986048800163
120,1393,1513,0.1485511054554384
118,1385,1503,0.14856463744714787
118,1399,1517,0.1485808811147427
121,1396,1517,0.14859592624971626
121,1387,1508,0.148601748988852
120,1401,1521,0.14860675171067755
123,1390,1513,0.14861398622885746
125,1382,1507,0.14861284188893148
128,1386,1514,0.1486071149529158
128,1395,1523,0.148594183213424
128,1392,1520,0.14858207106856797
126,1388,1514,0.1485706233376085
126,1385,1511,0.14856493243401175
129,1399,1528,0.14855997158419387
127,1409,1536,0.14854736494896226
124,1400,1524,0.14854115468383314
123,1407,1530,0.14854314586832454
121,1401,1522,0.14854756174612804
119,1397,1516,0.14855657238957576
120,1389,1509,0.14857027038860837
118,1384,1502,0.14858048811034816
119,1394,1513,0.14859524673183505
122,1389,1511,0.14860563608604363
123,1403,1526,0.14860758817939812
120,1396,1516,0.14860743129346243
120,1390,1510,0.1486148249474202
122,1385,1507,0.14862188003920204
121,1390,1511,0.14862283541190766
120,1388,1508,0.1486259998068496
119,1394,1513,0.1486319243416641
119,1387,1506,0.14864024293663428
120,1392,1512,0.14864878835673456
120,1396,1516,0.14865375450120316
120,1398,1518,0.14865924012012857
114,1396,1510,0.14866431336180067
116,1399,1515,0.1486856206410411
115,1393,1508,0.14870020661706354
115,1397,1512,0.14871742063006183
116,1401,1517,0.14873372715925315
117,1392,1509,0.14874624812206588
114,1400,1514,0.14875570262975407
115,1408,1523,0.14877263302465493
113,1402,1515,0.14878554297736474
114,1413,1527,0.14880311985883915
117,1413,1530,0.14881725818365985
115,1408,1523,0.14882256596347432
115,1403,1518,0.14883305400502367
117,1410,1527,0.14884282776822302
119,1402,1521,0.1488473600690533
115,1402,1517,0.14884626204606452
115,1397,1512,0.14885563203355054
113,1398,1511,0.1488641747128976
114,1399,1513,0.14887863039071741
112,1392,1504,0.14889026096920202
111,1400,1511,0.14890581535140945
114,1399,1513,0.1489223315544443
112,1391,1503,0.1489297449411999
114,1402,1516,0.14894178084060042
114,1393,1507,0.1489480547868235
112,1395,1507,0.14895333355594811
108,1397,1505,0.14896397529317124
107,1402,1509,0.1489837621094876
109,1389,1498,0.1490050058918629
105,1404,1509,0.1490193164893711
108,1405,1513,0.14904406241163223
105,1401,1506,0.14905936802993364
108,1395,1503,0.14908167450173362
108,1404,1512,0.14909461901366666
108,1413,1521,0.1491072881923915
108,1412,1520,0.14911886947164418
110,1415,1525,0.14912945664608668
110,1408,1518,0.14913438384736089
110,1408,1518,0.14913927686579742
111,1415,1526,0.1491437891121362
105,1402,1507,0.1491455020572623
107,1406,1513,0.14916281786057112
109,1408,1517,0.14917325661744993
108,1406,1514,0.14917784402767706
107,1401,1508,0.14918489822334383
111,1396,1507,0.14919408175049342
116,1387,1503,0.149192402575889
113,1384,1497,0.1491776434001419
116,1388,1504,0.14917172905877227
115,1376,1491,0.14915852149908695
119,1365,1484,0.1491484029296195
120,1382,1502,0.14912851903617885
119,1380,1499,0.1491077607582273
115,1383,1498,0.1490915335211328
113,1401,1514,0.14908718859211695
112,1388,1500,0.14908838603097416
114,1397,1511,0.1490916838727765
112,1395,1507,0.14908974569035394
114,1384,1498,0.1490936116140914
112,1401,1513,0.14909286541900213
112,1403,1515,0.14909756582064543
115,1407,1522,0.1491020714922524
115,1409,1524,0.14909784925248765
111,1413,1524,0.14909389644189538
117,1395,1512,0.14910076215132326
120,1398,1518,0.1490911270446027
117,1400,1517,0.14907410135900043
115,1405,1520,0.14906626657818076
114,1400,1514,0.149064313281012
118,1412,1530,0.14906564333426167
117,1407,1524,0.14905648474907468
118,1416,1534,0.14905019998633776
120,1424,1544,0.14904175199277747
119,1412,1531,0.14902813308258853
115,1406,1521,0.14901783363660343
111,1405,1516,0.1490185195256739
112,1405,1517,0.14902900185897155
113,1420,1533,0.14903606781225093
109,1399,1508,0.14904004717093344
111,1403,1514,0.14905421145295433
110,1400,1510,0.14906209396834988
109,1399,1508,0.14907182008101902
111,1397,1508,0.14908408242726132
108,1391,1499,0.1490897853470804
107,1403,1510,0.14910290048440228
110,1422,1532,0.14911775387513038
112,1406,1518,0.149123552914748
111,1408,1519,0.1491233996606434
113,1418,1531,0.14912582488636406
112,1414,1526,0.149122800662473
111,1406,1517,0.14912340250395556
107,1404,1511,0.1491266048322797
106,1417,1523,0.14913944039573845
110,1406,1516,0.1491538708436603
113,1416,1529,0.14915666339465875
115,1415,1530,0.1491515193749099
116,1411,1527,0.14914186035709728
112,1407,1519,0.14913009742093347
104,1406,1510,0.149129154583012
106,1406,1512,0.1491494870152307
109,1396,1505,0.1491628911384033
109,1395,1504,0.1491671148643799
112,1406,1518,0.14917089757727894
114,1398,1512,0.14916669673003782
112,1397,1509,0.14915787193537652
112,1403,1515,0.14915498776904282
111,1388,1499,0.1491519744889701
113,1386,1499,0.14915177428683626
114,1397,1511,0.1491464530433926
114,1408,1522,0.1491387500198487
113,1410,1523,0.1491320507017332
115,1409,1524,0.1491279158831477
114,1409,1523,0.14911875482483228
115,1410,1525,0.1491128760351505
114,1413,1527,0.14910507091272002
115,1399,1514,0.14910012405364084
114,1405,1519,0.14909300564445785
112,1395,1507,0.14908892826067038
112,1402,1514,0.14909028617506404
113,1408,1521,0.14909207863154747
112,1410,1522,0.14909123046677863
112,1412,1524,0.14909345914143438
113,1397,1510,0.14909546988911435
109,1404,1513,0.14909473497938952
108,1400,1508,0.14910533226536507
110,1393,1503,0.14911811528221297
106,1391,1497,0.1491254615838827
103,1401,1504,0.14914284185517224
100,1419,1519,0.14916697185715516
102,1418,1520,0.1491973850524757
100,1420,1520,0.14922059497893536
103,1415,1518,0.1492478944126329
102,1415,1517,0.1492647258135473
103,1408,1511,0.14928240361110934
102,1411,1513,0.14929610637510313
101,1399,1500,0.149311394118133
104,1409,1513,0.14932843263347123
103,1411,1514,0.1493367125945222
104,1418,1522,0.14934737535487624
102,1418,1520,0.1493546914451474
105,1411,1516,0.14936618346386374
101,1417,1518,0.14936917670852712
100,1408,1508,0.1493823044625664
101,1422,1523,0.1493976331701169
102,1420,1522,0.14940910456079065
98,1421,1519,0.14941689571080186
99,1423,1522,0.1494346812498922
100,1418,1518,0.1494485683328416
99,1425,1524,0.14945929449914774
98,1418,1516,0.14947204648699594
99,1419,1518,0.1494869641632733
101,1426,1527,0.14949840906188944
100,1422,1522,0.1495037862025826
98,1419,1517,0.14951199941908233
100,1423,1523,0.14952510447442693
100,1425,1525,0.1495321425916333
100,1431,1531,0.14953878544747676
100,1419,1519,0.14954483260673584
98,1419,1517,0.1495509961820076
96,1421,1517,0.14956239507022107
97,1410,1507,0.1495784453610901
97,1410,1507,0.14959080834208252
97,1410,1507,0.14960195466418985
99,1403,1502,0.1496122651641935
97,1403,1500,0.14961664056462515
96,1411,1507,0.14962601602405484
97,1408,1505,0.1496375271205996
99,1400,1499,0.14964542215506707
101,1410,1511,0.1496475109110738
103,1406,1509,0.1496442792109557
103,1415,1518,0.14963611580037892
101,1414,1515,0.14962853593005487
99,1407,1506,0.1496266264177909
98,1416,1514,0.14963021073684726
99,1411,1510,0.14963635298164743
96,1413,1509,0.14963947977400147
96,1415,1511,0.1496498219317467
93,1424,1517,0.14965971460342747
98,1426,1524,0.14967690673480605
98,1424,1522,0.1496796667356331
99,1424,1523,0.14968277097781205
103,1426,1529,0.14968272920975464
103,1424,1527,0.1496721039818078
102,1419,1521,0.14966231985105055
105,1416,1521,0.1496561680135346
104,1414,1518,0.14964213341354665
104,1414,1518,0.1496315613999362
106,1419,1525,0.14962197023066393
106,1419,1525,0.14960752677419728
109,1409,1518,0.1495941319112105
108,1409,1517,0.14957386039924464
109,1406,1515,0.14955796528970697
107,1403,1510,0.14954092638714817
103,1394,1497,0.1495306632796935
106,1410,1516,0.14953185482003445
105,1413,1518,0.14952488090366903
105,1406,1511,0.14952112297936604
105,1403,1508,0.14951763329088202
98,1405,1503,0.14951434687689477
99,1399,1498,0.14952896043745662
96,1409,1505,0.1495396282735293
102,1413,1515,0.1495568793014807
98,1407,1505,0.1495572680775563
97,1409,1506,0.1495683690107691
96,1428,1524,0.14958158081431555
97,1424,1521,0.14959560739503158
101,1414,1515,0.14960642149154166
99,1404,1503,0.14960539966297348
97,1414,1511,0.14960988750164078
97,1411,1508,0.14961934420298445
101,1406,1507,0.14962740956123546
105,1408,1513,0.14962364480387463
107,1422,1529,0.14961024511439325
106,1410,1516,0.14959284465270448
107,1406,1513,0.14957940429723024
107,1410,1517,0.14956452250666127
109,1404,1513,0.14955119525723728
104,1395,1499,0.14953322187649434
107,1403,1510,0.14952977727006486
107,1406,1513,0.14951822775537293
108,1398,1506,0.14950763641016068
107,1391,1498,0.14949505947112704
106,1393,1499,0.14948597376883235
105,1400,1505,0.1494798930755482
107,1404,1511,0.14947674252308032
108,1400,1508,0.1494686989300409
108,1403,1511,0.1494587041617394
108,1405,1513,0.149449436463208
107,1419,1526,0.14944098770397943
107,1425,1532,0.14943559730236808
109,1425,1534,0.14943061147751902
111,1414,1525,0.14942070973137123
108,1407,1515,0.14940677895159346
105,1413,1518,0.14940143047713308
107,1405,1512,0.14940442784303026
105,1400,1505,0.14940260406376818
103,1402,1505,0.14940566264021463
104,1410,1514,0.1494135500698226
106,1413,1519,0.14941782897704428
104,1418,1522,0.14941648008221167
102,1417,1519,0.1494204624684898
106,1407,1513,0.14942983503988003
106,1401,1507,0.14942800404155585
104,1412,1516,0.14942516115108526
106,1407,1513,0.14942816891688587
105,1401,1506,0.1494254225263105
105,1406,1511,0.14942528483696774
102,1415,1517,0.14942544263117014
100,1411,1511,0.14943375565813996
101,1410,1511,0.14944663734937483
102,1419,1521,0.14945634950519765
103,1415,1518,0.14946263131625645
106,1424,1530,0.14946567584713497
107,1427,1534,0.149461099173868
112,1419,1531,0.14945375663461213
106,1409,1515,0.1494335427348061
107,1393,1500,0.14943058597596873
109,1390,1499,0.14942496844198677
106,1401,1507,0.14941458981398292
105,1401,1506,0.14941276924055563
107,1398,1505,0.14941382902331093
110,1412,1522,0.14940944876409862
109,1401,1510,0.14939723852867065
108,1407,1515,0.1493888913840255
107,1404,1511,0.14938390386679626
108,1403,1511,0.1493818402376896
109,1412,1521,0.14937731673227797
106,1408,1514,0.14937056670422416
106,1411,1517,0.14937169973516373
108,1415,1523,0.1493721255090566
111,1409,1520,0.14936743532959032
115,1415,1530,0.149354564592231
111,1396,1507,0.14933167198880748
112,1389,1501,0.149320635497827
114,1390,1504,0.1493077703302081
113,1398,1511,0.14929045790077658
115,1415,1530,0.1492770574517289
111,1402,1513,0.14925940009735586
111,1404,1515,0.14925339045914685
110,1407,1517,0.14924776334212214
110,1396,1506,0.14924503226519484
113,1401,1514,0.14924290737136206
111,1397,1508,0.14923340134041074
111,1395,1506,0.14923031998648326
111,1398,1509,0.14922760247664785
111,1401,1512,0.1492253385285687
111,1397,1508,0.14922287358104375
112,1426,1538,0.14922113179280988
109,1409,1518,0.1492163681074134
104,1408,1512,0.1492200989960557
103,1426,1529,0.1492369522148262
105,1417,1522,0.1492550288991196
107,1429,1536,0.149266212580857
106,1430,1536,0.1492714238722589
103,1420,1523,0.1492790794556256
106,1429,1535,0.14929474753640548
107,1415,1522,0.14930131685723333
108,1417,1525,0.14930494579670617
106,1413,1519,0.1493057341907362
104,1408,1512,0.14931167062975045
103,1412,1515,0.149322682405081
97,1419,1516,0.14933578657118057
100,1426,1526,0.14936453033717167
102,1412,1514,0.1493832532166602
100,1415,1515,0.1493956601896699
100,1420,1520,0.1494120596582702
100,1421,1521,0.1494272901483088
101,1418,1519,0.14944160100926607
101,1418,1519,0.14945210199821607
99,1417,1516,0.14946204445044212
97,1414,1511,0.1494767678644256
98,1411,1509,0.14949572167909758
99,1420,1519,0.14951057809403367
98,1412,1510,0.14952175096786743
98,1413,1511,0.14953486863590087
98,1416,1514,0.14954727637565193
99,1421,1520,0.14955848321624596
103,1416,1519,0.14956593014570654
103,1400,1503,0.1495626165197338
103,1400,1503,0.14955986581015487
105,1417,1522,0.149557035349045
104,1411,1515,0.14954951844652828
103,1411,1514,0.14954490690808955
108,1411,1519,0.1495425553332656
108,1407,1515,0.14952733155416958
105,1405,1510,0.1495134192422587
104,1418,1522,0.14950830085891192
104,1418,1522,0.14950625259713893
103,1408,1511,0.14950391183391762
104,1410,1514,0.1495047080310437
105,1405,1510,0.1495030059469057
105,1402,1507,0.14949876543332974
104,1409,1513,0.14949489560457976
102,1416,1518,0.14949359407761884
101,1429,1530,0.1494972097161564
102,1426,1528,0.14950341709162737
102,1428,1530,0.1495071112828619
104,1427,1531,0.14951037588446595
104,1412,1516,0.1495081171448887
101,1420,1521,0.14950579445965675
102,1419,1521,0.14951163701032488
101,1426,1527,0.14951443697498795
99,1410,1509,0.14951995903259654
98,1402,1500,0.1495301390837894
100,1402,1502,0.1495427803021745
100,1419,1519,0.14954880121610842
98,1422,1520,0.1495546712101553
97,1419,1516,0.14956534614935144
92,1423,1515,0.14957784481061503
97,1411,1508,0.14960312125159894
99,1418,1517,0.14961317230082563
101,1412,1513,0.14961738399364596
100,1410,1510,0.14961591245045192
98,1411,1509,0.14961717598876198
101,1424,1525,0.14962285980451803
98,1427,1525,0.14962052126308426
99,1433,1532,0.1496266060652396
100,1429,1529,0.14962926701685228
99,1422,1521,0.149629798537536
100,1422,1522,0.1496324900433954
100,1414,1514,0.14963237737034615
98,1424,1522,0.14963213195490913
101,1427,1528,0.1496371833151194
100,1427,1527,0.14963448737070398
99,1418,1517,0.14963471953090401
100,1416,1516,0.14963740640120712
99,1413,1512,0.14963714312445522
95,1411,1506,0.1496398353998594
94,1416,1510,0.14965361721288925
99,1413,1512,0.14966901769582022
98,1417,1515,0.14966997854415137
100,1415,1515,0.14967381060435725
99,1417,1516,0.14967223216881392
101,1418,1519,0.14967336800716008
103,1413,1516,0.14966874272001
103,1409,1512,0.14965926452339862
102,1416,1518,0.14965036632583964
98,1417,1515,0.14964467605098503
93,1423,1516,0.14965064530703384
96,1411,1507,0.14966986925009917
98,1414,1512,0.14967979171192375
98,1415,1513,0.14968383406152555
95,1411,1506,0.14968759619314648
98,1409,1507,0.14969862719312865
96,1401,1497,0.1497007476164249
94,1411,1505,0.14970801473794243
94,1414,1508,0.1497195031641456
93,1403,1496,0.14973001924734108
93,1412,1505,0.14974268149483438
93,1405,1498,0.14975439881748653
95,1421,1516,0.14976509698883617
94,1431,1525,0.14976993873004582
93,1430,1523,0.14977712975098278
93,1429,1522,0.1497867585466131
92,1420,1512,0.1497955630044909
89,1425,1514,0.14980693972532377
86,1429,1515,0.14982534949697363
86,1434,1520,0.1498502973292333
87,1433,1520,0.149873482979546
86,1416,1502,0.14989232348847195
89,1422,1511,0.1499127839184041
89,1430,1519,0.149923717939171
89,1423,1512,0.14993408306110176
85,1430,1515,0.1499435283524711
84,1430,1514,0.14996347347648392
86,1427,1513,0.14998479039354204
87,1424,1511,0.1499992982007641
88,1429,1517,0.1500105022193432
90,1427,1517,0.15001817179564902
88,1427,1515,0.15001960152095403
85,1423,1508,0.1500264571069292
82,1426,1508,0.15004116660519806
85,1420,1505,0.15006270558778545
84,1422,1506,0.15007463894152423
83,1429,1512,0.15008815374537401
85,1425,1510,0.15010341715098122
87,1427,1514,0.15011250859069283
88,1429,1517,0.15011588758876343
85,1424,1509,0.1501163016065444
84,1427,1511,0.1501247768163128
82,1431,1513,0.15013575843790472
81,1446,1527,0.15015130146465464
81,1449,1530,0.15016842311322995
80,1436,1516,0.15018486064719203
79,1434,1513,0.15020258202739453
80,1435,1515,0.15022165307090696
82,1428,1510,0.15023659968925712
84,1440,1524,0.15024493492567884
82,1431,1513,0.15024770573820387
82,1431,1513,0.1502556255346329
81,1433,1514,0.15026276152689907
80,1431,1511,0.15027202656537253
80,1422,1502,0.15028308530670795
79,1434,1513,0.15029307757095833
82,1433,1515,0.15030460865534243
84,1440,1524,0.1503077115149893
83,1432,1515,0.15030536681371195
90,1431,1521,0.15030614845367643
89,1442,1531,0.15028806025118513
86,1436,1522,0.15027421737843139
83,1437,1520,0.15026873160582443
80,1423,1503,0.1502722114391695
83,1421,1504,0.15028369353815493
84,1430,1514,0.1502863997820412
85,1431,1516,0.1502865592813089
82,1429,1511,0.15028396029157062
83,1433,1516,0.1502890291424931
84,1439,1523,0.15029101554468785
88,1432,1520,0.15029007779881962
88,1425,1513,0.15027814976006992
89,1424,1513,0.15026742639731908
91,1421,1512,0.15025405108522577
92,1420,1512,0.15023612816024026
94,1433,1527,0.15021667511714498
97,1444,1541,0.15019368278853107
97,1427,1524,0.15016400016328832
95,1419,1514,0.15013639141608312
97,1415,1512,0.15011607648653905
99,1415,1514,0.15009143195359792
101,1405,1506,0.15006288954072536
99,1407,1506,0.15003083463049158
95,1409,1504,0.1500061032911044
95,1424,1519,0.1499937667958102
100,1436,1536,0.14998260496557525
96,1433,1529,0.14995872954793663
96,1432,1528,0.14994692940966853
93,1437,1530,0.14993582171824404
95,1437,1532,0.149933729057421
95,1435,1530,0.149925890600682
96,1426,1522,0.14991828449322642
93,1424,1517,0.1499084903709783
92,1430,1522,0.14990746487217435
96,1421,1517,0.14990932631303613
94,1425,1519,0.14990010487515779
97,1409,1506,0.14989682299203655
100,1410,1510,0.14988551219301516
97,1421,1518,0.14986682278843702
97,1422,1519,0.14985689770340005
94,1421,1515,0.14984765325642896
91,1423,1514,0.14984735861076925
93,1419,1512,0.1498547849561856
94,1413,1507,0.1498562824528054
93,1424,1517,0.1498554428948479
93,1425,1518,0.14985738088976894
91,1415,1506,0.14985889522520657
96,1413,1509,0.14986590714174736
98,1414,1512,0.149858728507266
98,1422,1520,0.14984648290174993
96,1410,1506,0.1498350305870473
103,1413,1516,0.14983011565066826
103,1400,1503,0.1498061442491138
100,1395,1495,0.14978399486136784
100,1408,1508,0.1497712532141382
101,1405,1506,0.14975901856142276
101,1403,1504,0.14974492794816957
103,1423,1526,0.14973255697783763
105,1421,1526,0.14971555292158134
104,1416,1520,0.1496941196603654
101,1410,1511,0.14967622971651307
102,1408,1510,0.1496682181755043
102,1414,1516,0.14965780000382264
97,1420,1517,0.14964818657210655
97,1424,1521,0.14965288874799446
97,1407,1504,0.1496570710919975
96,1412,1508,0.14966111792826176
99,1418,1517,0.1496677107771993
100,1420,1520,0.14966565581752936
100,1419,1519,0.14966059306734528
103,1414,1517,0.14965582746207748
104,1408,1512,0.14964365827863205
103,1408,1511,0.14962941721573025
101,1403,1504,0.14961926946990808
101,1410,1511,0.1496151219555272
102,1422,1524,0.14961141151872437
100,1419,1519,0.1496045823955868
95,1418,1513,0.149603811519277
98,1426,1524,0.14961674314346865
99,1422,1521,0.14962018348205597
94,1421,1515,0.14962062486932223
96,1418,1514,0.149634232845616
93,1429,1522,0.14964169406883562
95,1430,1525,0.14965668372109878
100,1416,1516,0.14966542505703
97,1429,1526,0.14965941416224107
95,1427,1522,0.14966175807095236
96,1423,1519,0.1496689390019535
96,1417,1513,0.1496730342817331
100,1420,1520,0.14967676847455993
102,1421,1523,0.14966977503989315
101,1419,1520,0.14965805618202047
97,1424,1521,0.14964990486725874
96,1427,1523,0.14965330360076476
92,1423,1515,0.14965919377405973
91,1422,1513,0.14967529681145825
90,1425,1515,0.1496931061681084
88,1426,1514,0.14971239030207864
89,1429,1518,0.1497356473417618
90,1428,1518,0.14975412749190098
94,1438,1532,0.1497682406820648
93,1439,1532,0.14977112592507844
91,1437,1528,0.14977676606972254
95,1435,1530,0.14978715284323627
95,1422,1517,0.14978646274507867
94,1418,1512,0.14978557228161862
93,1418,1511,0.14978774234953895
93,1424,1517,0.1497920586470028
94,1418,1512,0.14979607615589302
93,1411,1504,0.14979723626299962
95,1419,1514,0.14980072109574227
94,1425,1519,0.14979863958720174
92,1433,1525,0.14980006821182884
92,1429,1521,0.14980720325940822
93,1433,1526,0.14981368332514422
90,1432,1522,0.14981707079950649
87,1428,1515,0.14982884501964355
87,1425,1512,0.14984785474713236
87,1423,1510,0.14986549744490432
87,1433,1520,0.14988177705784061
88,1432,1520,0.14989639021858273
89,1433,1522,0.14990706984853402
86,1441,1527,0.14991428141751512
83,1434,1517,0.14992901879546278
82,1441,1523,0.14995096999656915
80,1438,1518,0.14997430687685046
80,1443,1523,0.15000150151444375
81,1435,1516,0.150026597785796
82,1440,1522,0.1500470319810229
83,1434,1517,0.15006325557024242
79,1432,1511,0.15007595210869917
76,1442,1518,0.15009807557570212
77,1453,1530,0.15012748478190574
76,1442,1518,0.15015222402699685
77,1438,1515,0.15017793715120364
75,1440,1515,0.1501995729114162
73,1435,1508,0.1502254299635976
71,1445,1516,0.15025523670427637
71,1444,1515,0.15028836337831883
74,1441,1515,0.1503192590689468
75,1461,1536,0.15033967009012486
74,1453,1527,0.15035688805333763
77,1449,1526,0.1503756564069226
79,1450,1529,0.15038519149963173
77,1445,1522,0.15038881069083257
76,1445,1521,0.15039768277241836
78,1448,1526,0.15040882703680095
76,1451,1527,0.15041397312137308
74,1446,1520,0.1504245187561454
75,1449,1524,0.15043938196121798
75,1448,1523,0.15045039906636323
75,1442,1517,0.15046045601504918
75,1439,1514,0.15046983321746535
74,1434,1508,0.15047881169104182
78,1444,1522,0.15048993076162423
80,1444,1524,0.150489644193595
79,1443,1522,0.15048432168606485
79,1442,1521,0.1504820691937882
79,1445,1524,0.15048002916259262
79,1449,1528,0.15047764837026978
80,1433,1513,0.15047481240635208
81,1441,1522,0.15046946533638558
84,1440,1524,0.1504615422398341
81,1443,1524,0.1504463010145285
82,1439,1521,0.15044024937100023
86,1432,1518,0.1504318642550876
86,1439,1525,0.15041316049247808
83,1439,1522,0.15039586410598715
82,1436,1518,0.15038797436048953
83,1425,1508,0.1503832917276738
85,1421,1506,0.15037640939445818
84,1413,1497,0.15036487927008552
86,1418,1504,0.1503570822885048
86,1440,1526,0.15034438319756432
85,1442,1527,0.15033260835966383
81,1453,1534,0.15032468701478024
80,1441,1521,0.15032781307117773
84,1440,1524,0.1503335127941538
85,1432,1517,0.1503274637975801
84,1439,1523,0.15031911300860493
83,1444,1527,0.15031400502998662
83,1448,1531,0.15031202632545532
83,1438,1521,0.1503098920291621
84,1438,1522,0.1503080959882464
85,1438,1523,0.1503036581415889
84,1428,1512,0.1502967803627071
84,1428,1512,0.15029386560525285
88,1432,1520,0.15029115222024325
86,1444,1530,0.150277637239736
84,1448,1532,0.1502706149514021
83,1450,1533,0.15026953959996006
85,1438,1523,0.15027129229664912
86,1435,1521,0.15026766745755593
88,1452,1540,0.1502613631324962
87,1446,1533,0.1502503044249164
83,1455,1538,0.1502426787224372
82,1433,1515,0.15024633039184487
80,1430,1510,0.15025278772774808
78,1432,1510,0.15026433280091278
79,1442,1521,0.15028071614467958
79,1432,1511,0.1502931771589923
80,1432,1512,0.15030481939865933
78,1434,1512,0.15031286910706293
77,1439,1516,0.1503262281056407
74,1437,1511,0.15034127972174444
74,1435,1509,0.15036323449678032
74,1428,1502,0.1503835276097691
75,1447,1522,0.15040260202147315
76,1428,1504,0.15041706635830684
76,1413,1489,0.15042736944506893
79,1425,1504,0.15043640565881572
82,1424,1506,0.15043638329431824
81,1424,1505,0.15042783208073027
83,1431,1514,0.15042283246046323
81,1431,1512,0.15041304747425982
82,1430,1512,0.1504093311747013
81,1432,1513,0.1504030159117842
78,1438,1516,0.1504005392608575
77,1426,1503,0.15040730507107697
77,1428,1505,0.1504165288753858
80,1431,1511,0.15042497018005954
79,1428,1507,0.15042420626438108
77,1424,1501,0.1504261484282557
78,1423,1501,0.15043296468791598
80,1437,1517,0.15043625391375776
82,1428,1510,0.15043339038629028
82,1428,1510,0.15042519299235924
83,1439,1522,0.15041759691901319
83,1450,1533,0.15040788918216164
81,1451,1532,0.15039876694761253
80,1452,1532,0.1503954970061654
79,1451,1530,0.150395211511121
79,1444,1523,0.15039716411246318
79,1437,1516,0.15039941974397425
77,1439,1516,0.15040189286249706
73,1434,1507,0.15040927061069703
73,1431,1504,0.1504270551654252
74,1432,1506,0.15044359367340335
76,1439,1515,0.15045599659355383
76,1437,1513,0.15046240076052722
78,1431,1509,0.15046838769727625
77,1438,1515,0.15046870515771524
75,1442,1517,0.15047179831761442
73,1436,1509,0.1504805865095158
73,1435,1508,0.15049449211997973
75,1440,1515,0.15050701360126456
77,1438,1515,0.1505134510109883
77,1447,1524,0.15051398820078277
78,1452,1530,0.15051458602725926
79,1448,1527,0.15051201233715575
77,1442,1519,0.15050677975077534
77,1439,1516,0.15050754356378873
78,1440,1518,0.15050772420895328
78,1439,1517,0.15050508488300363
78,1437,1515,0.15050307921461617
78,1440,1518,0.15050154788335296
80,1439,1519,0.15050020684445334
79,1440,1519,0.15049294369921784
79,1422,1501,0.15048925677212358
81,1421,1502,0.15048592460507026
81,1437,1518,0.1504770670573034
80,1447,1527,0.15046885073150357
77,1451,1528,0.15046351847582448
79,1447,1526,0.15046699225964358
77,1447,1524,0.15046476438275405
75,1436,1511,0.15046837986570413
75,1453,1528,0.15047708360485923
75,1441,1516,0.15048468329418288
76,1435,1511,0.15049235697428304
78,1428,1506,0.15049619141957707
77,1430,1507,0.15049441586197035
78,1436,1514,0.15049548729004342
81,1424,1505,0.15049381327201572
81,1436,1517,0.15048412503519235
82,1435,1517,0.15047447284095755
78,1431,1509,0.15046324520480273
78,1429,1507,0.150463883407263
78,1431,1509,0.15046485323059483
77,1438,1515,0.1504660845549848
74,1441,1515,0.1504697990896107
75,1435,1510,0.1504815063958323
74,1439,1513,0.15048950507457048
74,1430,1504,0.15049979392538296
72,1442,1514,0.1505099409936954
72,1432,1504,0.1505247113806201
71,1427,1498,0.1505385426881233
72,1422,1494,0.1505542215105504
71,1438,1509,0.15056613375652741
68,1441,1509,0.15057982066166276
68,1440,1508,0.150600984981698
71,1440,1511,0.15062067176333518
73,1430,1503,0.15063097782339896
74,1419,1493,0.15063506534298587
73,1432,1505,0.15063626987953843
71,1431,1502,0.15064020299969313
71,1439,1510,0.1506494603236062
69,1440,1509,0.1506582826313245
68,1425,1493,0.15067241546964485
66,1446,1512,0.15068857239947187
64,1456,1520,0.15070919284483078
63,1459,1522,0.15073368406610127
64,1449,1513,0.1507590523955173
69,1453,1522,0.1507800678311732
70,1457,1527,0.15078648693572563
71,1446,1517,0.150789159551901
73,1449,1522,0.15078916003241707
71,1452,1523,0.15078351989235278
73,1461,1534,0.1507834543804945
74,1457,1531,0.15077843890166437
73,1451,1524,0.15077121114305686
74,1453,1527,0.1507676093629801
73,1451,1524,0.15076118593759272
71,1453,1524,0.15075803494839068
71,1438,1509,0.15076023827477192
70,1446,1516,0.15076219764301568
69,1444,1513,0.1507671620994909
70,1447,1517,0.15077441590519888
72,1441,1513,0.1507785164798219
71,1435,1506,0.1507770274559671
69,1436,1505,0.1507789880604127
70,1441,1511,0.15078612161795427
68,1458,1526,0.15079004335251264
69,1442,1511,0.15079912044203925
69,1450,1519,0.1508045382097634
70,1435,1505,0.15080961652679933
69,1456,1525,0.1508117084973284
70,1475,1545,0.15081672507270924
70,1458,1528,0.15081850988967735
73,1454,1527,0.15082020057524617
74,1456,1530,0.15081342797912595
73,1463,1536,0.1508044620776429
70,1437,1507,0.15079920580388853
68,1446,1514,0.1508022325038846
67,1446,1513,0.150810408605375
68,1439,1507,0.15082069121499228
69,1450,1519,0.15082747131311
68,1447,1515,0.1508310794500799
69,1442,1511,0.15083736806746453
69,1458,1527,0.15084059991856436
68,1461,1529,0.1508433304333836
70,1461,1531,0.15084877603941052
69,1453,1522,0.15084859312910273
70,1454,1524,0.15085115892412174
68,1463,1531,0.15085114490808538
68,1452,1520,0.1508566238281511
70,1442,1512,0.15086180343631259
66,1453,1519,0.15086096589842923
63,1448,1511,0.15087100500175338
63,1467,1530,0.15088896455807319
64,1451,1515,0.15090560615510165
63,1459,1522,0.15091819198813383
62,1443,1505,0.15093287417989987
63,1447,1510,0.1509495111235013
63,1447,1510,0.15096226510196126
64,1451,1515,0.15097388986917903
64,1444,1508,0.15098225189832515
64,1447,1511,0.15099012474443557
62,1452,1514,0.1509972185390768
66,1451,1517,0.15100926486341704
65,1440,1505,0.15100999628922765
66,1446,1512,0.15101351593881424
66,1443,1509,0.1510145902875223
68,1452,1520,0.15101558751145397
67,1450,1517,0.15101122428168576
65,1457,1522,0.15100989630501402
64,1449,1513,0.15101409414849948
64,1453,1517,0.1510214338650233
68,1457,1525,0.1510282163789127
68,1454,1522,0.15102354657650593
65,1457,1522,0.1510192371442015
64,1447,1511,0.15102367253808993
66,1447,1513,0.15103075763387747
66,1453,1519,0.1510315801272553
65,1459,1524,0.15103230038112836
65,1458,1523,0.15103569749618218
65,1452,1517,0.1510389617623685
64,1438,1502,0.15104241222445305
63,1450,1513,0.1510484767949656
60,1443,1503,0.1510574954460225
60,1448,1508,0.15107315393049936
57,1454,1511,0.15108764574844114
61,1461,1522,0.15110906874504826
60,1463,1523,0.15111833409711284
58,1456,1514,0.15112973866539292
57,1451,1508,0.15114618111060923
56,1455,1511,0.15116448216079925
57,1462,1519,0.15118405836299592
53,1461,1514,0.15119956799822243
51,1469,1520,0.1512250933851083
52,1472,1524,0.15125442314068646
52,1468,1520,0.1512787723439041
50,1472,1522,0.15130142376042058
50,1479,1529,0.1513283052433576
51,1470,1521,0.1513533388729665
51,1482,1533,0.15137371048189205
50,1475,1525,0.15139257547872498
51,1476,1527,0.15141283271820605
49,1472,1521,0.15142913669710778
49,1473,1522,0.15145040510364327
45,1459,1504,0.151470480172442
46,1456,1502,0.1515005533327044
44,1454,1498,0.1515258273814379
45,1467,1512,0.15155455687707062
47,1482,1529,0.15157870540429064
46,1476,1522,0.1515955704382918
44,1469,1513,0.1516145640166723
45,1474,1519,0.15163799646712942
45,1465,1510,0.1516575131255032
47,1468,1515,0.15167603665520554
49,1465,1514,0.15168775611876043
48,1452,1500,0.15169303655073652
47,1446,1493,0.15170077724584258
45,1458,1503,0.15171064864383518
47,1464,1511,0.15172548030461117
49,1463,1512,0.1517336871005471
48,1470,1518,0.1517354071417575
47,1475,1522,0.1517398275902691
45,1471,1516,0.1517467591361854
47,1476,1523,0.1517588293187049
46,1473,1519,0.1517644392555499
45,1479,1524,0.1517725019712371
43,1470,1513,0.15178275550554063
43,1459,1502,0.15179805606854566
40,1463,1503,0.15181257001216
37,1471,1508,0.1518344467579184
36,1472,1508,0.15186369442027575
37,1486,1523,0.15189361384888278
38,1486,1524,0.15191892504579063
38,1489,1527,0.15193992886175872
38,1494,1532,0.15195957141192312
36,1491,1527,0.1519779661597459
37,1487,1524,0.15200088353775187
36,1485,1521,0.15201915830468685
36,1469,1505,0.15203909212160593
34,1479,1513,0.15205772969147544
37,1473,1510,0.1520809706508609
36,1482,1518,0.15209420673876622
35,1481,1516,0.1521096918938445
34,1490,1524,0.15212718968294203
33,1493,1526,0.1521468039965229
34,1475,1509,0.15216798685902616
34,1479,1513,0.15218486050016786
34,1488,1522,0.15220069967457964
34,1498,1532,0.1522157264571705
34,1497,1531,0.15222976607300467
31,1500,1531,0.15224292541679899
30,1498,1528,0.15226392595686708
31,1504,1535,0.15228648881992732
31,1481,1512,0.1523048315054168
30,1500,1530,0.15232197910364356
31,1481,1512,0.15234096274167105
29,1489,1518,0.15235580147567285
29,1490,1519,0.1523758707290126
29,1504,1533,0.15239467212034102
28,1503,1531,0.15241229617072902
29,1497,1526,0.15243169967255737
27,1489,1516,0.15244694360674882
29,1488,1517,0.15246715348736978
30,1491,1521,0.15248013071018704
30,1482,1512,0.15248938929670022
28,1478,1506,0.15249827248772418
28,1483,1511,0.15251239082574766
26,1483,1509,0.15252557650497384
27,1491,1518,0.1525438852268286
27,1491,1518,0.15255810204281872
27,1502,1529,0.15257132923846825
28,1498,1526,0.15258368459687027
28,1494,1522,0.1525922110183628
28,1491,1519,0.1526002203804134
29,1480,1509,0.15260774137814045
30,1487,1517,0.15261171061664125
30,1491,1521,0.1526125053481632
28,1476,1504,0.15261330290187108
29,1486,1515,0.1526199212777896
31,1493,1524,0.15262296894626712
31,1485,1516,0.15261987469479704
30,1499,1529,0.15261703730228363
30,1486,1516,0.15261727607817321
31,1486,1517,0.15261756888875522
31,1495,1526,0.1526148352599666
30,1490,1520,0.1526123138127598
32,1504,1536,0.15261291785060382
33,1495,1528,0.15260745976988177
32,1497,1529,0.1525993482374941
32,1482,1514,0.1525946135287074
33,1481,1514,0.1525902341219133
32,1475,1507,0.15258308717723407
33,1487,1520,0.1525792853356286
33,1466,1499,0.15257281007487067
34,1486,1520,0.15256669721824753
34,1474,1508,0.15255800393678445
34,1472,1506,0.15254987998151862
35,1480,1515,0.15254227673453374
35,1488,1523,0.15253216676146913
34,1492,1526,0.1525228263052698
37,1491,1528,0.1525169878765328
35,1480,1515,0.1525023845145655
33,1486,1519,0.15249460730822548
35,1481,1516,0.15249314506887798
36,1481,1517,0.15248596310423224
37,1477,1514,0.15247639323127468
35,1475,1510,0.15246441950172826
36,1463,1499,0.1524592283574404
38,1464,1502,0.15245141303463677
38,1466,1504,0.15243822777979343
37,1477,1514,0.152426049003099
37,1482,1519,0.15241778830695935
36,1480,1516,0.1524099850299201
35,1481,1516,0.15240558912336835
35,1487,1522,0.1524042523471612
34,1487,1521,0.15240298593149376
33,1487,1520,0.15240469269327794
34,1477,1511,0.1524091065744578
36,1466,1502,0.1524101225102469
37,1481,1518,0.15240511510974009
35,1486,1521,0.1523975659089295
34,1486,1520,0.15239629730295445
32,1478,1510,0.1523980305522397
32,1485,1517,0.15240550073419945
30,1475,1505,0.1524123849524522
29,1483,1512,0.15242466897727883
29,1471,1500,0.15243911351290992
30,1467,1497,0.1524525877729772
31,1471,1502,0.15246209008455958
32,1484,1516,0.15246794864756294
32,1485,1517,0.15247061680426127
31,1479,1510,0.15247312250200815
31,1478,1509,0.1524784791693198
31,1491,1522,0.152483476840445
31,1480,1511,0.15248804692622514
32,1491,1523,0.15249237281519584
32,1479,1511,0.15249350373515788
32,1491,1523,0.1524947393648322
31,1503,1534,0.15249585579866914
31,1489,1520,0.15249978508105544
31,1492,1523,0.1525034793621321
30,1497,1527,0.15250694605514395
29,1490,1519,0.1525131323061719
29,1493,1522,0.15252189964833193
27,1470,1497,0.15253007980731298
26,1478,1504,0.15254372045331166
27,1481,1508,0.15255959058818383
27,1484,1511,0.15257137167437493
29,1495,1524,0.15258241348444884
29,1480,1509,0.15258667604654688
29,1487,1516,0.15259071403551022
28,1495,1523,0.15259450625655052
29,1490,1519,0.15260102296125294
30,1484,1514,0.15260408265938577
31,1473,1504,0.1526040378808713
29,1480,1509,0.15260091475538773
32,1480,1512,0.15260407574562757
32,1479,1511,0.15259789232772586
30,1483,1513,0.15259220219279762
30,1474,1504,0.15259281738034125
30,1487,1517,0.1525933969297336
30,1485,1515,0.15259394113164657
32,1484,1516,0.15259453583327062
32,1485,1517,0.15258926742285514
31,1482,1513,0.1525843187405378
30,1489,1519,0.1525826282837863
31,1482,1513,0.15258406650079673
29,1491,1520,0.15258236942763923
31,1479,1510,0.15258652405437706
32,1486,1518,0.15258445719845992
34,1464,1498,0.1525797033129866
34,1467,1501,0.1525693331564238
32,1461,1493,0.1525596261909702
32,1465,1497,0.1525565508661954
32,1471,1503,0.15255363911326453
31,1478,1509,0.15255090598151017
30,1498,1528,0.15255123058469586
29,1492,1521,0.15255454552039377
29,1482,1511,0.15256069183918186
30,1480,1510,0.1525664217275724
27,1481,1508,0.15256873556769215
28,1483,1511,0.15257994201632005
29,1487,1516,0.1525873820648243
30,1487,1517,0.15259142773157156
28,1493,1521,0.15259229823724024
28,1493,1521,0.152598996642914
28,1482,1510,0.15260530437110964
29,1473,1502,0.15261122863461143
28,1475,1503,0.15261381147692582
27,1483,1510,0.15261915452507863
26,1469,1495,0.15262725420031217
24,1473,1497,0.15263785258723345
26,1481,1507,0.1526536971482839
26,1472,1498,0.15266253046533038
26,1468,1494,0.1526709058406605
25,1481,1506,0.1526787805714728
25,1480,1505,0.15268919548164353
25,1474,1499,0.15269889309251525
25,1483,1508,0.15270790221990024
25,1477,1502,0.15271643838738863
24,1479,1503,0.15272446543039225
24,1473,1497,0.15273507658136384
26,1487,1513,0.1527450249179399
28,1481,1509,0.15274815118163418
27,1477,1504,0.1527450252447858
26,1488,1514,0.15274521776790206
27,1490,1517,0.15274836995313573
26,1484,1510,0.15274828989612005
27,1494,1521,0.15275131135104306
27,1493,1520,0.1527511654354424
26,1477,1503,0.152750974470218
26,1495,1521,0.15275393544873014
26,1509,1535,0.1527567224681896
26,1493,1519,0.1527593463795397
26,1493,1519,0.15276181621731458
26,1486,1512,0.1527641406899171
26,1478,1504,0.1527662315075991
24,1488,1512,0.15276818458543487
25,1494,1519,0.15277614890816918
26,1486,1512,0.15278056521593464
25,1481,1506,0.15278155644382724
26,1488,1514,0.1527853060455243
25,1504,1529,0.15278584727250397
25,1496,1521,0.15278944258695687
24,1489,1513,0.15279281842230932
26,1491,1517,0.15279891233955406
25,1488,1513,0.15279859838624696
24,1483,1507,0.15280149128187775
22,1492,1514,0.1528072307957709
23,1482,1505,0.15281871189907276
23,1484,1507,0.15282652822246567
24,1492,1516,0.15283382044448124
25,1488,1513,0.15283760095740118
25,1492,1517,0.15283823157303253
24,1488,1512,0.15283880740621303
25,1491,1516,0.15284227153457086
25,1490,1515,0.15284264035907444
27,1496,1523,0.15284296566417993
27,1514,1541,0.1528371400028049
26,1505,1531,0.1528317327154358
24,1497,1521,0.1528296905633408
25,1489,1514,0.15283379525159524
27,1493,1520,0.15283451671267642
28,1489,1517,0.15282916651307626
27,1488,1515,0.15282113923277618
27,1494,1521,0.15281667675492833
28,1503,1531,0.15281246373098567
28,1492,1520,0.15280549979861446
28,1502,1530,0.1527989698790634
29,1489,1518,0.15279284845583152
29,1494,1523,0.15278403028304946
30,1487,1517,0.1527759070819261
30,1487,1517,0.15276543543648224
30,1480,1510,0.15275561078548427
30,1478,1508,0.15274641796228366
31,1486,1517,0.1527379279574806
30,1485,1515,0.1527269065353709
30,1486,1516,0.1527196168938298
31,1485,1516,0.15271277616165146
31,1470,1501,0.15270338648712564
31,1488,1519,0.15269463825947482
30,1489,1519,0.15268646324595564
30,1498,1528,0.15268165171544582
33,1487,1520,0.1526771878016002
32,1485,1517,0.15266404554033747
33,1489,1522,0.1526547369211404
35,1481,1516,0.152643085323722
35,1478,1513,0.15262611985163274
34,1471,1505,0.15261031875320608
36,1479,1515,0.152598445805938
35,1491,1526,0.15258104715533796
38,1479,1517,0.15256776099605884
39,1468,1507,0.1525463030745518
42,1477,1519,0.15252330333423042
43,1466,1509,0.1524927787967473
41,1454,1495,0.15246136591857962
41,1471,1512,0.15243798830403343
41,1481,1522,0.1524160947904198
41,1480,1521,0.15239559578022885
40,1473,1513,0.15237640101377145
40,1478,1518,0.15236140865130893
39,1490,1529,0.15234748481225172
40,1489,1529,0.15233732926428978
38,1472,1510,0.15232491160883338
39,1484,1523,0.15231920765547222
40,1479,1519,0.15231072105936472
40,1483,1523,0.15229970797942044
38,1490,1528,0.15228939610077266
35,1480,1515,0.1522857127261842
33,1474,1507,0.15229078537480045
34,1477,1511,0.15230135885153173
34,1482,1516,0.15230838756414466
34,1479,1513,0.1523148761802569
32,1485,1517,0.1523208816848023
33,1487,1520,0.15233235584536445
34,1476,1510,0.1523400543385292
35,1479,1514,0.15234429787837525
34,1472,1506,0.15234536206811264
35,1481,1516,0.1523492434719726
35,1479,1514,0.15234996909977985
37,1484,1521,0.15235060717689883
38,1483,1521,0.15234498264368884
38,1473,1511,0.1523366137089663
38,1480,1518,0.15232872352436166
36,1483,1519,0.1523213268655418
34,1469,1503,0.15232037004181914
34,1481,1515,0.15232545570110034
33,1495,1528,0.15233019790481553
34,1498,1532,0.15233769120757107
35,1489,1524,0.15234150237762797
34,1475,1509,0.1523422431582983
35,1477,1512,0.15234593994902107
34,1473,1507,0.15234636792586
34,1482,1516,0.15234970779520607
34,1470,1504,0.15235282277169693
32,1476,1508,0.1523556940676259
30,1470,1500,0.15236440512609462
27,1485,1512,0.15237841767459678
25,1482,1507,0.1524006992718861
25,1487,1512,0.15242757310377233
25,1500,1525,0.152452712393065
26,1491,1517,0.15247626320214125
25,1489,1514,0.1524952686748646
26,1485,1511,0.15251601101966203
24,1486,1510,0.15253259846458556
23,1484,1507,0.15255429119209413
22,1493,1515,0.1525776984350491
22,1503,1525,0.15260294150087902
22,1506,1528,0.15262656741229796
22,1512,1534,0.1526487271056137
21,1507,1528,0.152669522091581
21,1501,1522,0.15269197961770478
22,1505,1527,0.15271310279169087
22,1513,1535,0.1527300011140167
22,1502,1524,0.15274583695426538
22,1514,1536,0.15276070613804346
23,1511,1534,0.15277471588434405
23,1502,1525,0.1527847580486953
21,1501,1522,0.15279420712103842
21,1496,1517,0.15280905870670514
19,1502,1521,0.15282303273964135
19,1496,1515,0.1528422086097369
19,1480,1499,0.15286024453789437
19,1493,1512,0.1528771751785427
22,1485,1507,0.1528930676182469
22,1500,1522,0.15289885883526758
22,1505,1527,0.15290437287668748
23,1492,1515,0.1529095853971915
23,1489,1512,0.15291147541997713
23,1490,1513,0.1529132924815284
26,1489,1515,0.15291503148860378
26,1485,1511,0.1529075830191187
26,1485,1511,0.15290066008167824
27,1488,1515,0.15289423804695168
29,1492,1521,0.15288534261697953
29,1496,1525,0.15287099998019918
28,1485,1513,0.1528576646998031
28,1493,1521,0.1528483399178423
29,1477,1506,0.1528396267155997
30,1491,1521,0.15282847503715868
31,1487,1518,0.1528151103575578
31,1479,1510,0.1527995309644571
32,1486,1518,0.1527850457356127
31,1479,1510,0.15276828124798913
31,1477,1508,0.1527555523864087
32,1465,1497,0.15274387167126935
33,1473,1506,0.15273008036498825
33,1480,1513,0.1527141264745423
31,1474,1505,0.1526992134916175
32,1492,1524,0.1526913546754668
32,1505,1537,0.15268082028099209
33,1494,1527,0.15267100523636618
31,1488,1519,0.15265879505007274
30,1486,1516,0.15265342094332723
29,1491,1520,0.1526513113847619
28,1481,1509,0.1526523451136325
28,1482,1510,0.15265621387304174
27,1480,1507,0.15265958553015987
29,1485,1514,0.15266579893686572
25,1497,1522,0.15266558914697673
28,1487,1515,0.1526773505330437
27,1491,1518,0.15267956375929193
27,1480,1507,0.15268460182986562
29,1484,1513,0.15268943386201866
29,1491,1520,0.1526879202384735
31,1494,1525,0.1526865582162339
30,1503,1533,0.15267956431533647
32,1483,1515,0.15267584255149064
33,1473,1506,0.152666503306944
30,1473,1503,0.15265487426245544
32,1471,1503,0.15265273290167314
31,1462,1493,0.15264456910048949
33,1468,1501,0.1526400540119034
34,1477,1511,0.15262967760808926
33,1484,1517,0.15261692969825763
33,1486,1519,0.15260793276825774
33,1492,1525,0.15259947947361682
34,1495,1529,0.1525915505146973
34,1489,1523,0.15258100302261846
35,1484,1519,0.15257127583429841
36,1471,1507,0.15255905669520242
34,1477,1511,0.1525446001210059
34,1477,1511,0.15253699016427924
35,1473,1508,0.1525300060533376
35,1463,1498,0.15252030464170369
36,1471,1507,0.15251165070217199
36,1478,1514,0.15250041900614766
35,1473,1508,0.15248982427074814
34,1478,1512,0.15248301640799686
35,1492,1527,0.1524797014462672
34,1493,1527,0.15247367363471473
31,1500,1531,0.15247108762863923
32,1505,1537,0.15247750177762692
31,1486,1517,0.1524805521399015
31,1483,1514,0.1524865064422083
33,1495,1528,0.15249207614466864
31,1489,1520,0.15249121403013982
28,1495,1523,0.1524964358662068
27,1501,1528,0.1525103107972857
28,1492,1520,0.1525263025761283
29,1491,1520,0.15253846046851716
28,1497,1525,0.1525469337031201
26,1503,1529,0.15255798133629747
28,1504,1532,0.15257420422221116
28,1499,1527,0.15258357853190432
28,1482,1510,0.1525924232455514
28,1478,1506,0.15260073830001133
27,1478,1505,0.15260855300379916
26,1489,1515,0.1526187362787156
26,1486,1512,0.152631174472311
27,1485,1512,0.15264286739318542
26,1483,1509,0.1526506978389479
27,1492,1519,0.15266092927830088
27,1489,1516,0.1526675975061521
29,1496,1525,0.15267384807821288
30,1486,1516,0.15267380145071618
29,1489,1518,0.1526709892348176
28,1493,1521,0.15267140400356383
27,1493,1520,0.15267485793111593
27,1495,1522,0.15268105335065577
28,1484,1512,0.1526867583688446
28,1491,1519,0.15268901873967494
27,1488,1515,0.1526911659570892
28,1490,1518,0.15269616432244093
26,1490,1516,0.15269790436761102
24,1481,1505,0.1527054331751338
23,1486,1509,0.1527183025751659
23,1496,1519,0.15273320475286303
23,1506,1529,0.152747205750018
23,1497,1520,0.15276031927578904
22,1492,1514,0.15277259111571767
23,1494,1517,0.15278706377921797
22,1478,1500,0.15279774632141363
24,1481,1505,0.15281063786350849
26,1488,1514,0.15281685833089667
25,1498,1523,0.15281680071333728
23,1505,1528,0.15281981973629663
23,1504,1527,0.1528285995456099
25,1483,1508,0.1528369981361807
25,1494,1519,0.15283864235579275
24,1487,1511,0.1528402205004699
25,1484,1509,0.15284463949656246
26,1486,1512,0.15284581143768336
27,1477,1504,0.1528440826773689
27,1488,1515,0.15283943164969505
27,1482,1509,0.15283512430781648
27,1487,1514,0.1528311371347112
28,1494,1522,0.15282742665158122
27,1498,1525,0.15282105513591468
26,1487,1513,0.15281804432689072
27,1486,1513,0.15281834004699804
25,1482,1507,0.15281551534243454
29,1488,1517,0.15281866868983696
31,1503,1534,0.15280976497688037
31,1509,1540,0.15279552242936986
30,1492,1522,0.15278228049158726
30,1488,1518,0.15277284200171584
32,1494,1526,0.15276398311550615
32,1494,1526,0.1527499643958919
33,1487,1520,0.15273687859346274
33,1482,1515,0.1527218399139751
33,1476,1509,0.15270781632886654
32,1473,1505,0.1526947249168563
32,1476,1508,0.15268547544299252
33,1474,1507,0.15267680266218706
34,1476,1510,0.1526657137177339
34,1470,1504,0.15265239063775274
33,1469,1502,0.15263996435517385
33,1477,1510,0.152631513862324
33,1487,1520,0.15262361841334907
32,1490,1522,0.1526162430226879
33,1498,1531,0.1526121592529125
32,1496,1528,0.15260552528047064
32,1489,1521,0.1526024139006669
30,1487,1517,0.15259924021849489
30,1478,1508,0.15260221540717184
31,1472,1503,0.1526049523695588
31,1466,1497,0.1526047660136716
33,1479,1512,0.1526045661942892
34,1496,1530,0.15259832773490756
33,1486,1519,0.15258966957865655
35,1475,1510,0.15258471873698345
35,1466,1501,0.15257436384611842
33,1481,1514,0.15256478683791774
33,1495,1528,0.15256151494417217
33,1506,1539,0.15255849865493634
33,1500,1533,0.152555846715151
33,1487,1520,0.15255337630367613
30,1489,1519,0.15255107439311133
30,1480,1510,0.1525574137491041
27,1482,1509,0.15256330387668013
29,1492,1521,0.15257759986772865
30,1490,1520,0.1525852409068401
31,1492,1523,0.15258953713378565
29,1501,1530,0.15259079431414962
29,1488,1517,0.15259775068475354
30,1489,1519,0.15260417217894293
28,1491,1519,0.1526072195492136
30,1487,1517,0.1526155792678178
30,1495,1525,0.15261766584728595
31,1493,1524,0.15261968004382725
31,1496,1527,0.15261862847105787
30,1487,1517,0.15261768467880732
30,1485,1515,0.1526198375414019
30,1484,1514,0.15262199527843545
29,1481,1510,0.15262407146884402
26,1492,1518,0.15262896149130087
26,1489,1515,0.15264202164750337
26,1490,1516,0.15265416044804136
25,1487,1512,0.15266533632661156
28,1492,1520,0.15267887831510032
27,1480,1507,0.1526829450233125
27,1485,1512,0.15268959983552705
27,1497,1524,0.15269592276081428
28,1499,1527,0.1527018389297823
29,1506,1535,0.15270422676244594
29,1506,1535,0.15270369082312174
29,1506,1535,0.15270321750736138
28,1495,1523,0.152702800699548
29,1487,1516,0.1527053159732455
28,1483,1511,0.15270475641316245
30,1479,1509,0.1527067376426573
29,1476,1505,0.15270278919584251
30,1475,1505,0.15270162725895786
29,1502,1531,0.15269768526647243
31,1489,1520,0.1526967956020304
30,1501,1531,0.15269005961334994
30,1496,1526,0.1526866615281827
30,1488,1518,0.15268346403581956
30,1486,1516,0.1526801761045328
28,1486,1514,0.15267709821943076
29,1480,1509,0.15267998910065025
27,1475,1502,0.15267986303519518
29,1472,1501,0.15268587399356343
28,1475,1503,0.15268565687754213
28,1481,1509,0.15268841750369316
28,1479,1507,0.15269138440304847
29,1490,1519,0.15269409918315452
27,1494,1521,0.15269370278500932
27,1496,1523,0.1526991601559442
25,1489,1514,0.15270430752215558
25,1493,1518,0.1527150079537123
25,1504,1529,0.15272498207075041
26,1500,1526,0.15273430538322474
26,1498,1524,0.1527401970914258
28,1491,1519,0.15274566836177847
27,1490,1517,0.15274508317063998
27,1489,1516,0.1527474380117422
26,1483,1509,0.15274964167738925
27,1497,1524,0.1527545615058708
27,1498,1525,0.15275624547520497
25,1498,1523,0.15275782859082085
27,1489,1516,0.15276504569907595
28,1487,1515,0.15276592579989032
30,1474,1504,0.15276392378483167
29,1474,1503,0.15275589102966386
29,1478,1507,0.15275143575593825
29,1477,1506,0.1527472685851454
28,1482,1510,0.15274311595212975
27,1496,1523,0.15274209141578743
27,1496,1523,0.15274426131840113
28,1488,1516,0.1527462707609269
27,1498,1525,0.15274534377757742
27,1495,1522,0.15274724932266842
27,1495,1522,0.1527490549545273
26,1485,1511,0.15275074116360174
27,1476,1503,0.15275523836318172
29,1476,1505,0.15275629088118461
31,1484,1515,0.15275124709321589
32,1495,1527,0.15274079353893355
32,1496,1528,0.15272816158444524
32,1495,1527,0.15271630096750682
32,1500,1532,0.1527053095716175
33,1500,1533,0.15269505403599593
35,1504,1539,0.15268255538502554
34,1496,1530,0.15266482104806225
33,1481,1514,0.15265117195404757
32,1495,1527,0.15264101244248973
32,1488,1520,0.15263439472898782
32,1485,1517,0.15262819950552048
32,1485,1517,0.15262236778969865
32,1497,1529,0.1526167042542388
32,1496,1528,0.15261142533363586
32,1488,1520,0.1526065564851925
31,1472,1503,0.15260191337190274
30,1477,1507,0.15260070027127437
31,1493,1524,0.15260253181019068
30,1503,1533,0.1526012848362898
30,1501,1531,0.15260310025350754
31,1488,1519,0.15260480217198322
31,1480,1511,0.15260343047222175
32,1482,1514,0.1526021555379297
31,1488,1519,0.152598043878504
32,1489,1521,0.1525967435205094
32,1490,1522,0.15259271218962447
33,1489,1522,0.15258889036813955
32,1477,1509,0.15258251841605389
32,1475,1507,0.15257931988010648
31,1463,1494,0.15257634206796875
31,1477,1508,0.15257647523549708
31,1471,1502,0.15257656391142382
31,1476,1507,0.15257679640306493
30,1486,1516,0.15257701602187632
29,1485,1514,0.1525804289366853
30,1491,1521,0.15258641267016024
30,1492,1522,0.1525889592413275
29,1494,1523,0.15259141789950284
29,1484,1513,0.15259664194434225
30,1485,1515,0.15260150138516732
30,1470,1500,0.15260324778921264
30,1478,1508,0.15260489788208478
29,1495,1524,0.15260645568178252
29,1484,1513,0.15261081328347711
29,1494,1523,0.1526148756863856
28,1485,1513,0.15261871587323594
27,1484,1511,0.15262544800561387
28,1492,1520,0.15263451211860496
27,1497,1524,0.15264024440645593
27,1498,1525,0.15264898292664708
29,1493,1522,0.1526571449580431
29,1494,1523,0.15265848261426174
27,1495,1522,0.1526597696667298
27,1485,1512,0.1526666967450397
27,1492,1519,0.15267319040188201
29,1478,1507,0.1526795518536227
27,1485,1512,0.15267957324794856
25,1482,1507,0.1526851625893618
27,1468,1495,0.15269619122112166
27,1478,1505,0.15270051530694728
30,1477,1507,0.15270457165330364
31,1476,1507,0.15269925913729704
29,1480,1509,0.152690943306663
28,1468,1496,0.1526890279836687
28,1461,1489,0.1526901935115116
29,1483,1512,0.15269120512070233
29,1479,1508,0.15268929769002443
29,1478,1507,0.1526877864430088
30,1482,1512,0.1526864108105005
30,1480,1510,0.15268199766192134
30,1479,1509,0.15267788087727074
30,1482,1512,0.15267402963438934
30,1478,1508,0.15267042226373637
30,1485,1515,0.15266704077884433
29,1494,1523,0.15266386953420638
29,1479,1508,0.15266404764314237
29,1491,1520,0.15266432510020805
30,1482,1512,0.15266454000771787
30,1474,1504,0.15266161874437884
33,1479,1512,0.15265889909131766
37,1485,1522,0.15264730339041513
35,1492,1527,0.1526244474728512
34,1488,1522,0.15260926787416224
34,1484,1518,0.15259795636831838
33,1495,1528,0.15258735723082548
31,1484,1515,0.15258025877213516
34,1492,1526,0.15257962997981125
33,1489,1522,0.1525702778694867
32,1493,1525,0.1525643169761066
32,1492,1524,0.15256187157597337
32,1492,1524,0.15255953967552954
34,1485,1519,0.152557338075093
32,1488,1520,0.15254914258233088
34,1501,1535,0.15254743194220743
34,1500,1534,0.15253967791845838
34,1484,1518,0.15253243001136685
36,1491,1527,0.15252563278528686
33,1489,1522,0.15251349588200044
34,1481,1515,0.15251090601569314
35,1482,1517,0.15250551823067632
37,1489,1526,0.15249757078387202
37,1486,1523,0.1524840140980604
36,1481,1517,0.15247135831642128
36,1493,1529,0.15246257806228874
35,1493,1528,0.1524546113523099
35,1485,1520,0.15245029909327354
33,1494,1527,0.1524462798639738
31,1492,1523,0.1524482611825139
33,1477,1510,0.15245557641708649
33,1468,1501,0.15245630531779353
34,1482,1516,0.15245718931756028
33,1479,1512,0.15245508784624281
32,1485,1517,0.15245624967633917
32,1484,1516,0.15246043418290103
32,1497,1529,0.15246432118229666
31,1492,1523,0.15246795014073686
31,1489,1520,0.15247436624991834
30,1483,1513,0.15248037277490692
31,1485,1516,0.15248877323087354
30,1475,1505,0.15249371011910745
31,1481,1512,0.1525013579162379
31,1474,1505,0.15250572208199828
29,1483,1512,0.1525098351597649
29,1492,1521,0.15251924589293117
29,1488,1517,0.15252770076239078
29,1484,1513,0.15253559202429715
27,1483,1510,0.1525431606670433
26,1483,1509,0.15255628933101012
25,1494,1519,0.1525715405845181
23,1488,1511,0.15258888898177453
22,1484,1506,0.15261095777681583
23,1491,1514,0.1526345857702391
22,1504,1526,0.15265390935315978
22,1497,1519,0.1526748678592506
21,1488,1509,0.15269461067791754
20,1491,1511,0.15271629868550124
23,1492,1515,0.15273950813699927
22,1488,1510,0.15275226310208295
23,1493,1516,0.152767183397947
23,1493,1516,0.15277829359298156
23,1506,1529,0.1527889844971403
22,1498,1520,0.15279901348002795
22,1494,1516,0.1528116074062144
24,1490,1514,0.15282344570468318
23,1506,1529,0.1528280708198104
23,1500,1523,0.15283561691931655
23,1497,1520,0.15284286532813493
24,1494,1518,0.15284943789152824
24,1500,1524,0.15285266327969144
23,1500,1523,0.1528557308507907
24,1499,1523,0.152861438031471
26,1508,1534,0.1528639486324273
25,1490,1515,0.15286035815601448
26,1504,1530,0.15285994544521134
26,1496,1522,0.15285645308461276
26,1494,1520,0.15285321107929573
26,1502,1528,0.15285018411988127
25,1498,1523,0.15284735104675617
25,1503,1528,0.1528478576069424
25,1506,1531,0.15284832936459516
25,1500,1525,0.1528490257354113
24,1503,1527,0.15284970911800605
24,1498,1522,0.15285352915822933
24,1485,1509,0.15285712263654652
24,1487,1511,0.15286050637998053
23,1503,1526,0.1528636941251248
22,1506,1528,0.15286986713834014
22,1505,1527,0.15287854893741618
22,1496,1518,0.15288683232187927
21,1495,1516,0.15289463716463125
21,1498,1519,0.15290503298611668
21,1503,1524,0.15291478823142515
21,1510,1531,0.15292395585200425
20,1499,1519,0.15293256789353996
19,1508,1527,0.1529438650024213
19,1491,1510,0.1529572760931439
21,1499,1520,0.1529696050131447
21,1494,1515,0.15297531124633604
21,1503,1524,0.15298069859733449
21,1476,1497,0.15298576661191557
20,1492,1512,0.1529905344710557
20,1506,1526,0.15299800154377544
20,1505,1525,0.15300498539620594
20,1506,1526,0.15301153371105317
21,1497,1518,0.15301767726672005
22,1503,1525,0.15302041420417342
21,1513,1534,0.15302023977086343
22,1509,1531,0.15302329985382748
22,1494,1516,0.15302318426212866
22,1486,1508,0.15302312996858133
21,1488,1509,0.15302311307146094
21,1502,1523,0.15302632436784594
21,1499,1520,0.15302935753770738
19,1491,1510,0.1530322258710611
19,1504,1523,0.15304072404644173
20,1480,1500,0.15304870315007615
20,1486,1506,0.1530532536770839
21,1497,1518,0.15305755578209085
21,1504,1525,0.15305860760887494
20,1496,1516,0.15305964252759863
20,1501,1521,0.15306363243966764
19,1494,1513,0.15306739735533537
19,1491,1510,0.15307385345308006
19,1494,1513,0.153079881980078
18,1500,1518,0.15308552932699016
18,1506,1524,0.15309402761031587
19,1490,1509,0.15310200138965618
19,1491,1510,0.15310648066129914
19,1491,1510,0.1531106888339841
19,1503,1522,0.1531146434201114
19,1516,1535,0.1531182942862318
20,1513,1533,0.15312160740752365
19,1518,1537,0.1531217548935644
19,1510,1529,0.1531248063334568
19,1508,1527,0.15312770389437794
19,1506,1525,0.15313042172124772
17,1499,1516,0.15313296979965754
17,1490,1507,0.15314125908470808
17,1489,1506,0.1531491043853287
16,1504,1520,0.15315647123854784
16,1497,1513,0.1531664643376426
17,1507,1524,0.15317583119374137
17,1494,1511,0.15318155916019002
16,1490,1506,0.15318696002976037
17,1493,1510,0.15319513351946576
17,1502,1519,0.15319981677669553
18,1504,1522,0.15320417823438734
17,1514,1531,0.15320519642932184
17,1506,1523,0.15320919404680478
17,1502,1519,0.1532129584440864
18,1500,1518,0.15321649976452267
17,1507,1524,0.15321692427861028
16,1502,1518,0.15322023406708027
16,1503,1519,0.15322618774091568
16,1497,1513,0.15323175000331868
16,1491,1507,0.1532369568423862
15,1494,1509,0.1532418337819924
16,1497,1513,0.15324945588754108
15,1485,1500,0.15325356676496255
15,1492,1507,0.15326035938130927
15,1506,1521,0.15326672128917715
15,1494,1509,0.1532726856313505
15,1494,1509,0.15327827858962928
15,1502,1517,0.15328352476316762
14,1516,1530,0.1532884469106506
12,1504,1516,0.15329602710303505
12,1511,1523,0.15330902182359768
11,1508,1519,0.1533212286681801
12,1493,1505,0.15333576614835803
11,1499,1510,0.15334650350307505
11,1492,1503,0.15335967159053543
11,1501,1512,0.15337202134046574
11,1497,1508,0.15338361941281742
12,1487,1499,0.15339451397056025
12,1480,1492,0.1534017280043673
12,1493,1505,0.15340853568416027
12,1491,1503,0.15341494205374967
12,1492,1504,0.15342096870529381
11,1499,1510,0.15342663711471274
12,1497,1509,0.15343498495722682
13,1503,1516,0.15343985611201658
13,1511,1524,0.15344127861402654
13,1495,1508,0.15344263814682846
14,1499,1513,0.15344392874772977
14,1494,1508,0.1534420981898166
14,1498,1512,0.15344046633924383
14,1509,1523,0.15343895590855325
13,1501,1514,0.15343763351047865
13,1511,1524,0.15343959196353946
12,1504,1516,0.15344144253054237
11,1507,1518,0.1534462642760825
9,1496,1505,0.15345375412867443
11,1499,1510,0.15346684572043678
11,1494,1505,0.15347321969321523
11,1493,1504,0.15347922864277425
10,1489,1499,0.15348488240778713
10,1501,1511,0.15349310851220266
10,1515,1525,0.1535008228135312
11,1524,1535,0.15350806201240397
11,1520,1531,0.15351193405928676
11,1524,1535,0.15351559488089678
12,1512,1524,0.15351904710931677
12,1495,1507,0.1535193030824615
12,1499,1511,0.1535195204906416
12,1501,1513,0.15351973232952182
13,1495,1508,0.15351994019136223
13,1483,1496,0.15351714491680238
13,1487,1500,0.15351454306392084
11,1492,1503,0.1535121146712558
12,1500,1512,0.15351558855961403
11,1504,1515,0.15351600878281593
10,1502,1512,0.15351939474353407
11,1507,1518,0.15352540774127493
10,1507,1517,0.15352819383818977
11,1503,1514,0.15353366991661216
10,1509,1519,0.15353592987830625
10,1498,1508,0.15354104904183946
10,1505,1515,0.15354582971002398
10,1497,1507,0.15355031202048472
9,1493,1502,0.1535545171525762
9,1501,1510,0.1535614574297956
9,1503,1512,0.15356796229612182
10,1518,1528,0.15357406846539373
10,1514,1524,0.1535767961947052
9,1529,1538,0.15357936830711413
9,1515,1524,0.15358467651424196
9,1511,1520,0.15358969077053122
10,1509,1519,0.15359439944812522
10,1489,1499,0.15359590788366873
10,1493,1503,0.1535973094925389
10,1495,1505,0.15359863196122328
11,1506,1517,0.15359988035823322
11,1496,1507,0.1535980749258216
10,1481,1491,0.15359640628908428
11,1504,1515,0.15359783732386367
10,1505,1515,0.15359620871672436
10,1510,1520,0.15359773237699614
10,1506,1516,0.15359915017447076
11,1497,1508,0.1536004808570742
10,1504,1514,0.1535986892275665
11,1515,1526,0.1536000470981674
11,1503,1514,0.1535983103985998
13,1506,1519,0.15359669406842116
11,1493,1504,0.15358929778089916
11,1505,1516,0.1535881494181248
11,1496,1507,0.15358708481437572
12,1504,1516,0.15358608003176594
12,1500,1512,0.15358217259096746
12,1492,1504,0.15357852382927198
13,1497,1510,0.15357511138229465
13,1501,1514,0.15356903258707358
13,1493,1506,0.15356333192375654
13,1494,1507,0.15355799983882862
13,1485,1498,0.15355300872593378
13,1494,1507,0.15354833346350305
12,1493,1505,0.15354381269558168
12,1489,1501,0.15354259558663944
12,1502,1514,0.15354137593080142
13,1497,1510,0.1535401743311427
12,1496,1508,0.15353602984535494
12,1495,1507,0.1535350288405729
12,1498,1510,0.1535341052789835
12,1493,1505,0.1535332283899589
13,1502,1515,0.15353239546199224
12,1507,1519,0.15352869711089145
13,1513,1526,0.1535282366958919
14,1516,1530,0.1535246952035781
13,1501,1514,0.15351850684524904
13,1492,1505,0.1535156507057428
14,1497,1511,0.1535129625451426
14,1489,1503,0.15350741505870732
15,1491,1506,0.1535022413919415
15,1507,1522,0.1534944009755139
15,1526,1541,0.15348710671486324
15,1522,1537,0.15348033673289369
15,1513,1528,0.15347403334498474
15,1504,1519,0.15346820114201593
14,1504,1518,0.15346275559976394
14,1514,1528,0.1534605513592907
15,1506,1521,0.15345850789633864
15,1497,1512,0.15345369205318224
15,1499,1514,0.1534491606278522
14,1509,1523,0.15344491504307484
14,1501,1515,0.15344382274267787
14,1511,1525,0.1534427752014701
14,1500,1514,0.15344177850647386
13,1507,1520,0.15344083234751998
14,1498,1512,0.15344286555263456
14,1509,1523,0.15344185823483084
15,1489,1504,0.15344088216928306
15,1492,1507,0.1534369330287837
15,1497,1512,0.15343325995498855
15,1500,1515,0.15342982572008826
14,1503,1517,0.15342661079910916
14,1495,1509,0.15342661955540177
15,1500,1515,0.15342659869301664
15,1497,1512,0.15342367284724434
15,1504,1519,0.1534209490555359
15,1500,1515,0.15341840393772702
15,1489,1504,0.1534160231975734
15,1485,1500,0.1534137941771644
15,1496,1511,0.15341170574203494
16,1499,1515,0.15340974797668733
16,1494,1510,0.1534048958840163
15,1500,1515,0.15340038144894105
13,1509,1522,0.15339904768234902
13,1509,1522,0.15340366411473325
14,1501,1515,0.1534079451507684
15,1484,1499,0.1534089118252927
15,1494,1509,0.15340697226714528
15,1493,1508,0.1534051768825766
13,1504,1517,0.1534035061970818
14,1507,1521,0.1534077420955061
15,1502,1517,0.15340882857621552
15,1496,1511,0.1534069398790538
16,1492,1508,0.15340519384020523
15,1493,1508,0.15340065734259553
14,1503,1517,0.15339939608952494
14,1500,1514,0.15340110871646825
15,1495,1510,0.15340269154019567
15,1497,1512,0.1534012030492401
16,1499,1515,0.15339983636078094
16,1497,1513,0.1533956516379587
16,1487,1503,0.1533917625186333
16,1495,1511,0.15338813352048167
16,1493,1509,0.15338474270733632
16,1497,1513,0.1533815713277029
16,1498,1514,0.1533786029382279
15,1508,1523,0.1533758228906236
15,1499,1514,0.1533762612655165
15,1507,1522,0.15337664549919328
15,1504,1519,0.1533769956680301
15,1494,1509,0.15337731764193308
15,1484,1499,0.15337761488529605
15,1479,1494,0.15337789003723162
15,1507,1522,0.15337814526511132
15,1506,1521,0.15337838240473103
15,1500,1515,0.1533786030393507
13,1505,1518,0.15337880855241062
14,1507,1521,0.15338488607980158
13,1509,1522,0.15338756466878908
14,1505,1519,0.1533929189715656
14,1501,1515,0.15339510104136192
14,1495,1509,0.15339713008994132
14,1518,1532,0.15339903450108408
14,1511,1525,0.15340082217487225
14,1507,1521,0.15340250025260924
14,1518,1532,0.1534040754938462
14,1522,1536,0.15340555428562117
14,1510,1524,0.1534069426383267
16,1498,1514,0.15340824619238927
16,1506,1522,0.15340356034582092
16,1507,1523,0.15339917209239856
15,1496,1511,0.1533950768615283
15,1508,1523,0.1533942059534814
15,1512,1527,0.15339336356006814
15,1505,1520,0.15339256619258035
15,1514,1529,0.1533918137675701
14,1503,1517,0.15339110483340546
15,1502,1517,0.15339340915080205
14,1492,1506,0.1533925844857401
14,1483,1497,0.15339465146398645
16,1485,1501,0.15339659644860248
16,1496,1512,0.1533926161981151
16,1508,1524,0.15338891493970086
15,1506,1521,0.15338547048616125
15,1507,1522,0.15338512387020753
15,1506,1521,0.15338478170591494
14,1504,1518,0.15338451917036589
14,1502,1516,0.15338709739658207
14,1499,1513,0.15338952709212894
14,1490,1504,0.15339179248467844
14,1491,1505,0.15339390721315158
13,1504,1517,0.15339588351695682
14,1510,1524,0.15340063949066746
12,1502,1514,0.15340216378862775
13,1502,1515,0.15340942210706424
14,1503,1517,0.15341340178255838
14,1497,1511,0.1534141468725248
13,1481,1494,0.15341488511679224
15,1501,1516,0.1534185860918632
15,1491,1506,0.15341621811311687
16,1501,1517,0.15341401419153777
16,1494,1510,0.15340904002672043
14,1471,1485,0.1534044347098134
13,1475,1488,0.1534057592104432
13,1492,1505,0.15340997057967262
14,1499,1513,0.1534138883868657
14,1504,1518,0.15341469274375258
15,1507,1522,0.15341542493559257
15,1517,1532,0.1534131012497537
15,1508,1523,0.15341095670561716
15,1512,1527,0.15340893243067638
15,1513,1528,0.15340688246463116
15,1509,1524,0.15340501203135312
15,1501,1516,0.15340317866109843
15,1485,1500,0.15340147187144418
16,1498,1514,0.15339987514514342
15,1500,1515,0.15339548186021884
15,1504,1519,0.15339428952962933
15,1492,1507,0.1533932546442729
17,1487,1504,0.15339226839212836
17,1490,1507,0.15338557557738086
16,1490,1506,0.15337934385208896
17,1496,1513,0.15337649785781557
16,1491,1507,0.15337079379291998
15,1495,1510,0.15336831522885094
16,1500,1516,0.15336877618702519
16,1485,1501,0.1533662114186113
20,1498,1518,0.15336383168295695
18,1494,1512,0.1533499873831117
19,1485,1504,0.15334275084189736
19,1486,1505,0.15333318668117674
20,1479,1499,0.15332422883061247
20,1478,1498,0.15331299839422888
20,1457,1477,0.15330252807445674
20,1467,1487,0.15329274733644735
19,1495,1514,0.1532836021113693
19,1498,1517,0.15327786545588293
20,1493,1513,0.15327240216167687
19,1515,1534,0.15326443489818925
18,1504,1522,0.1532597201199708
17,1490,1507,0.1532581392174427
16,1495,1511,0.15325943366712877
15,1504,1519,0.15326354360230382
16,1493,1509,0.15327029904591544
17,1505,1522,0.15327359439648625
16,1507,1523,0.15327361684988827
17,1516,1533,0.1532765892507067
17,1513,1530,0.15327638146620803
16,1505,1521,0.1532762055912255
15,1501,1516,0.1532789785334246
16,1499,1515,0.1532844268027623
16,1500,1516,0.1532866592217782
16,1494,1510,0.153288668826045
15,1500,1515,0.1532905414198979
17,1496,1513,0.1532952636689851
17,1496,1513,0.15329366311840562
17,1498,1515,0.15329222417085467
17,1508,1525,0.1532908932963328
19,1508,1527,0.15328965554471105
18,1497,1515,0.1532825004044204
18,1490,1508,0.15327891381762768
18,1498,1516,0.15327555337764928
18,1502,1520,0.15327241171898148
19,1501,1520,0.15326947425849022
19,1501,1520,0.15326356729900106
20,1504,1524,0.15325804602421791
20,1499,1519,0.15324993366932438
20,1487,1507,0.15324230377447035
19,1499,1518,0.15323515337055468
20,1498,1518,0.15323141145939445
18,1504,1522,0.1532248394103718
18,1509,1527,0.15322470915666883
18,1502,1520,0.15322453075781195
19,1510,1529,0.15322447766330724
19,1499,1518,0.15322147472981193
19,1498,1517,0.15321862333174152
17,1498,1515,0.1532159577414389
18,1499,1517,0.15321928633660753
19,1493,1512,0.15321929471485085
18,1502,1520,0.15321635399767636
20,1505,1525,0.15321659241914165
20,1509,1529,0.15321078678952765
20,1499,1519,0.15320539763055754
19,1513,1532,0.15320036745858132
19,1510,1529,0.1531986525132609
20,1508,1528,0.1531970170395384
21,1499,1520,0.1531924787042537
21,1504,1525,0.15318525633738989
20,1501,1521,0.15317852943143323
21,1513,1534,0.1531752252350723
21,1505,1526,0.1531691040069154
21,1506,1527,0.15316337688683748
21,1516,1537,0.15315801830421463
21,1505,1526,0.1531528488577185
21,1506,1527,0.15314808025275478
21,1508,1529,0.1531436207471445
21,1499,1520,0.15313943918019834
21,1504,1525,0.15313551534232803
20,1511,1531,0.15313183239502498
19,1500,1519,0.15313141367590213
20,1489,1509,0.15313398891638103
19,1494,1513,0.15313351317208126
20,1487,1507,0.15313589701748415
20,1493,1513,0.15313526529342694
19,1503,1522,0.1531346486456731
20,1500,1520,0.15313707201281632
19,1486,1505,0.15313631679836182
19,1488,1507,0.15313862450432147
19,1491,1510,0.1531407709321374
19,1495,1514,0.15314286746741343
19,1502,1521,0.15314483902196446
18,1492,1510,0.15314664594829835
17,1487,1504,0.15315126491148423
17,1476,1493,0.15315856695955976
19,1487,1506,0.15316537099607327
19,1494,1513,0.15316567702936607
19,1484,1503,0.15316600443171288
18,1479,1497,0.1531663646777162
18,1489,1507,0.15316963766106223
18,1486,1504,0.15317267999725367
17,1482,1499,0.15317552484147995
17,1493,1510,0.15318117556750338
16,1494,1510,0.15318644471659726
16,1494,1510,0.15319438425630047
17,1501,1518,0.15320181461950616
17,1497,1514,0.1532059016611628
17,1489,1506,0.15320970683584412
17,1495,1512,0.15321327769352056
18,1497,1515,0.15321663175422612
17,1497,1514,0.15321687655897684
19,1507,1526,0.15322003440430856
19,1508,1527,0.15321719619728608
20,1502,1522,0.15321461753425417
19,1495,1514,0.1532093381845654
20,1508,1528,0.15320733351300872
20,1507,1527,0.153202516815053
19,1504,1523,0.15319804990658867
21,1510,1531,0.15319671288972223
21,1504,1525,0.1531896401765077
21,1506,1527,0.15318302635518088
21,1505,1526,0.15317685741880768
21,1501,1522,0.15317109750303853
21,1490,1511,0.15316571881897117
21,1480,1501,0.15316068598003402
21,1496,1517,0.15315596372665413
22,1513,1535,0.15315162292242054
22,1509,1531,0.1531445599070011
22,1508,1530,0.1531379860221613
23,1504,1527,0.15313184551773962
22,1504,1526,0.1531230557636302
22,1497,1519,0.1531178342153822
24,1494,1518,0.15311294411445606
23,1500,1523,0.1531023636461878
24,1494,1518,0.15309549730799496
24,1480,1504,0.15308607227370483
24,1498,1522,0.153077265296255
24,1501,1525,0.15306902756047672
26,1490,1516,0.15306131736786205
26,1485,1511,0.15304808137821635
27,1492,1519,0.15303572680351496
25,1496,1521,0.1530212727510904
25,1483,1508,0.15301343888969648
25,1480,1505,0.15300586063387883
25,1472,1497,0.15299878895092853
25,1481,1506,0.15299197956086752
22,1471,1493,0.15298574060090123
23,1458,1481,0.15298859331501713
24,1468,1492,0.15298826590901432
24,1472,1496,0.152985203131483
23,1482,1505,0.15298236074791086
22,1484,1506,0.1529826448972452
22,1497,1519,0.1529856682726673
22,1502,1524,0.15298846891513207
23,1493,1516,0.15299107212065471
23,1492,1515,0.15299046457911636
24,1495,1519,0.1529899033826012
24,1480,1504,0.15298644052018265
25,1480,1505,0.15298322876612883
24,1492,1516,0.15297732350892676
25,1497,1522,0.1529747162056653
25,1486,1511,0.15296917028849272
25,1484,1509,0.15296408638580686
24,1486,1510,0.1529593551395151
24,1484,1508,0.15295786718102478
23,1497,1520,0.1529564343448795
23,1502,1525,0.15295794052225864
24,1497,1521,0.15295932582964353
24,1500,1524,0.15295765400995265
23,1501,1524,0.15295608240235986
25,1504,1529,0.15295728225454067
25,1509,1534,0.15295249487564852
25,1498,1523,0.1529480377881305
24,1496,1520,0.15294386500940926
23,1497,1520,0.15294286536736065
24,1502,1526,0.1529448623948071
24,1496,1520,0.15294376552490146
23,1490,1513,0.15294275543492314
24,1497,1521,0.15294474033741717
26,1493,1519,0.15294362586670282
26,1492,1518,0.15293664250253702
25,1502,1527,0.15293015055601555
25,1502,1527,0.15292702884031903
25,1485,1510,0.15292407967183833
25,1484,1509,0.1529213078717349
24,1467,1491,0.15291870584465994
23,1479,1502,0.1529192159893395
23,1490,1513,0.15292260125220422
23,1491,1514,0.15292572608656052
23,1502,1525,0.1529286312907253
23,1502,1525,0.15293133739434675
23,1501,1524,0.152933860702537
23,1504,1527,0.15293621546723427
21,1495,1516,0.15293841444550027
20,1497,1517,0.1529463727154243
20,1507,1527,0.15295674419440874
21,1498,1519,0.1529664952855633
21,1498,1519,0.15297272965230635
21,1500,1521,0.15297854165347552
20,1501,1521,0.15298399325057077
21,1500,1521,0.15299220090780394
19,1501,1520,0.15299713940268894
21,1502,1523,0.15300772041263677
22,1500,1522,0.1530116796509269
21,1499,1520,0.15301240394682342
21,1494,1515,0.15301607540099804
22,1497,1519,0.15301950825182073
21,1485,1506,0.15301979308035438
22,1492,1514,0.1530230777504499
22,1504,1526,0.153023267857998
22,1494,1516,0.15302342646010558
23,1499,1522,0.15302358524364046
23,1495,1518,0.15302073408188605
23,1486,1509,0.1530181079307404
23,1492,1515,0.15301567460090662
21,1493,1514,0.15301341349340117
21,1497,1518,0.15301732644130717
21,1502,1523,0.1530208711163033
21,1498,1519,0.15302428204393376
21,1489,1510,0.15302746441932108
20,1501,1521,0.15303049208524216
20,1492,1512,0.153036264660643
22,1487,1509,0.15304164874891163
22,1494,1516,0.15304059019466773
23,1509,1532,0.15303964066660966
22,1502,1524,0.15303584413322466
22,1485,1507,0.1530352296865952
21,1490,1511,0.1530346545596435
21,1496,1517,0.15303695700426875
21,1498,1519,0.15303917199643297
21,1502,1523,0.15304125522234444
20,1495,1515,0.1530432196183446
20,1498,1518,0.15304799304605549
20,1510,1530,0.15305230933366237
20,1504,1524,0.15305634256303147
20,1506,1526,0.15306010700442574
22,1497,1519,0.15306362731756631
21,1498,1519,0.15306096766872604
21,1506,1527,0.15306156797254875
20,1506,1526,0.1530621278466523
20,1499,1519,0.15306564550822802
20,1489,1509,0.153068934351329
20,1504,1524,0.15307200787939332
20,1509,1529,0.1530748835503715
21,1500,1521,0.1530775763895158
20,1502,1522,0.1530770967204949
18,1510,1528,0.1530796722929738
20,1501,1521,0.15308809314523672
21,1507,1528,0.1530900290959453
21,1505,1526,0.1530890062123417
21,1499,1520,0.15308811160170943
20,1488,1508,0.1530873102642396
20,1503,1523,0.15308949238917893
22,1497,1519,0.1530915307203504
23,1489,1512,0.15308746371129048
22,1482,1504,0.15308073895589402
22,1480,1502,0.15307736828259283
22,1486,1508,0.1530742363165397
23,1477,1500,0.15307131163889365
26,1482,1508,0.15306553887553098
26,1479,1505,0.15305137880428482
25,1472,1497,0.15303818913063277
24,1473,1497,0.15302880352532974
23,1484,1507,0.15302296422982964
23,1498,1521,0.15302046681445344
23,1496,1519,0.15301809876113992
24,1491,1515,0.15301587852067983
24,1494,1518,0.1530108308204569
25,1502,1527,0.15300609615340585
23,1492,1515,0.152998608296988
21,1480,1501,0.15299757916625503
22,1488,1510,0.15300222415830256
23,1485,1508,0.15300361640745092
22,1474,1496,0.15300204561021566
24,1486,1510,0.15300349817376044
28,1492,1520,0.1529990619628997
28,1483,1511,0.1529829953118279
28,1486,1514,0.15296809670749467
30,1482,1512,0.15295432339307713
30,1481,1511,0.15293541550676598
30,1484,1514,0.15291765831217624
31,1493,1524,0.15290110803012763
29,1500,1529,0.15288281453495475
30,1495,1525,0.1528715099309179
31,1492,1523,0.15285803589083843
31,1478,1509,0.15284249284462298
31,1481,1512,0.1528279906268179
32,1473,1505,0.15281443572984477
29,1471,1500,0.15279889809115776
29,1476,1505,0.15279286644362497
31,1493,1524,0.15278724321986434
28,1501,1529,0.15277592580923943
26,1484,1510,0.15277412536197266
28,1488,1516,0.15277808023102427
28,1490,1518,0.1527759368936684
30,1495,1525,0.15277386815377444
30,1492,1522,0.15276617562370698
30,1490,1520,0.15275906976575818
28,1483,1511,0.15275244434834684
28,1489,1517,0.1527519565126491
28,1493,1521,0.15275160251207606
28,1486,1514,0.15275126947414536
26,1486,1512,0.15275094016131788
26,1482,1508,0.15275635789645933
25,1482,1507,0.1527612897464407
25,1477,1502,0.15276887580604825
23,1474,1497,0.1527758166537667
21,1486,1507,0.15278813428389257
23,1480,1503,0.15280542859512672
23,1488,1511,0.1528156856215581
25,1491,1516,0.1528253009201372
25,1497,1522,0.15282846230167135
25,1499,1524,0.15283147737756334
23,1499,1522,0.1528343338467015
24,1492,1516,0.15284296044866771
24,1490,1514,0.15284802266072892
24,1499,1523,0.15285279092477125
24,1504,1528,0.15285726376943562
24,1511,1535,0.15286145300578258
26,1504,1530,0.152865375804202
25,1505,1530,0.15286308712460073
24,1497,1521,0.15286401130711189
27,1492,1519,0.1528678669953361
28,1494,1522,0.15286253762041835
27,1492,1519,0.15285473730712254
26,1478,1504,0.15285045255013524
27,1479,1506,0.15284921488559977
27,1476,1503,0.15284516038021778
26,1477,1503,0.1528413888715882
28,1470,1498,0.15284073815548976
27,1465,1492,0.1528343063976885
27,1476,1503,0.15283132709040592
26,1474,1500,0.15282853283864692
26,1490,1516,0.15282886800741932
29,1491,1520,0.15282915718686868
30,1493,1523,0.15282043342912288
30,1486,1516,0.1528094517039855
29,1479,1508,0.15279926835580632
28,1476,1504,0.15279267367011168
29,1485,1514,0.15278935283637515
29,1489,1518,0.15278317546824297
28,1499,1527,0.15277738795334528
29,1482,1511,0.15277489865145932
31,1478,1509,0.152769641688774
30,1486,1516,0.15275891922528775
31,1496,1527,0.1527518538464171
31,1508,1539,0.15274236218682777
32,1491,1523,0.15273352244975688
31,1497,1528,0.15272226983679463
30,1488,1518,0.15271456099160546
31,1490,1521,0.15271015395844784
32,1494,1526,0.1527030540204704
33,1484,1517,0.15269341883435972
32,1492,1524,0.15268156203105424
35,1488,1523,0.15267339435268762
35,1485,1520,0.15265679816417058
33,1485,1518,0.15264134928696638
34,1480,1514,0.1526328118971092
34,1469,1503,0.15262181880659337
35,1460,1495,0.15261159368828042
35,1465,1500,0.15259910953279937
36,1473,1509,0.1525873844698252
37,1461,1498,0.1525735419943857
37,1461,1498,0.15255773950781418
37,1462,1499,0.15254299724743808
36,1461,1497,0.15252918860905879
34,1460,1494,0.15251923646547336
34,1469,1503,0.15251581581461524
33,1468,1501,0.15251263179411342
32,1470,1502,0.1525124280788349
33,1463,1496,0.1525151155942651
35,1480,1515,0.15251456653778558
36,1475,1511,0.1525082860793866
36,1467,1503,0.15249965876145452
35,1480,1515,0.1524915795109497
32,1481,1513,0.1524870681815078
31,1476,1507,0.15249136893382725
34,1476,1510,0.15249819040291257
33,1470,1503,0.15249604113487955
33,1467,1500,0.15249699487649143
35,1463,1498,0.15249794725047558
35,1474,1509,0.1524929880120345
35,1478,1513,0.15248842623367223
35,1472,1507,0.15248419583867157
33,1486,1519,0.15248026049614335
31,1490,1521,0.15248228357200053
30,1503,1533,0.1524898741186658
31,1494,1525,0.15249987344396565
32,1501,1533,0.15250626171382822
30,1492,1522,0.15250942877694676
29,1490,1519,0.15251818977740828
29,1493,1522,0.15252913017624647
29,1487,1516,0.15253933372319492
30,1477,1507,0.152548839408471
32,1480,1512,0.152554836808174
30,1481,1511,0.15255474649270123
29,1479,1508,0.15256054916544362
28,1466,1494,0.15256891272817394
29,1483,1512,0.15257961533422915
31,1486,1517,0.15258664928102747
29,1479,1508,0.15258717688346682
33,1476,1509,0.15259342098264433
33,1482,1515,0.15258749630893836
33,1475,1508,0.1525820477216822
32,1482,1514,0.15257714141050313
31,1495,1526,0.1525754553675662
33,1482,1515,0.15257668737468774
32,1478,1510,0.15257209107339495
31,1479,1510,0.1525708753396153
31,1476,1507,0.15257280793215489
31,1474,1505,0.15257462283761086
31,1493,1524,0.15257614554727125
31,1487,1518,0.1525773850953973
29,1494,1523,0.15257852491943816
29,1480,1509,0.15258545853019292
31,1491,1522,0.15259188942031623
29,1505,1534,0.15259211433216024
28,1488,1516,0.1525983855295382
28,1493,1521,0.15260713408720797
30,1498,1528,0.15261523508593908
29,1492,1521,0.15261710393944924
27,1493,1520,0.1526217982480016
27,1491,1518,0.15263185794837894
27,1495,1522,0.15264124673871757
28,1502,1530,0.15265001008655307
26,1498,1524,0.15265536267171673
26,1488,1514,0.15266616876561634
25,1488,1513,0.15267630304855195
25,1479,1504,0.15268869847539634
25,1491,1516,0.15270027195818503
25,1484,1509,0.1527109799339281
25,1485,1510,0.15272098022879674
25,1483,1508,0.15273033183550924
22,1499,1521,0.15273908302084144
20,1490,1510,0.15275609454156347
22,1486,1508,0.15277805661665242
22,1483,1505,0.15279274516805244
21,1505,1526,0.15280654423875678
19,1513,1532,0.15282240874703623
19,1504,1523,0.15284321976035742
19,1497,1516,0.15286264895905763
21,1516,1537,0.15288081539246579
21,1515,1536,0.15289186249557749
20,1499,1519,0.1529020993832361
21,1492,1513,0.15291479720494755
21,1501,1522,0.15292377371355811
21,1483,1504,0.15293222342002227
21,1479,1500,0.15294016162085916
21,1482,1503,0.15294761956757316
21,1490,1511,0.15295462663511597
21,1495,1516,0.15296121021479306
22,1504,1526,0.1529673959612185
21,1504,1525,0.15297028422156048
21,1501,1522,0.15297607574610006
21,1496,1517,0.15298151145190914
20,1490,1510,0.15298662387109274
19,1500,1519,0.15299434602509743
18,1515,1533,0.1530047147318364
19,1513,1532,0.1530174025103879
19,1512,1531,0.15302630772029258
18,1519,1537,0.15303468485578187
17,1505,1522,0.15304546404324193
16,1505,1521,0.15305857575667445
17,1503,1520,0.15307380944249283
17,1500,1517,0.15308513054121753
17,1501,1518,0.15309574279538096
17,1494,1511,0.1531056937195806
16,1490,1506,0.1531150291699842
15,1500,1515,0.15312691859420585
16,1499,1515,0.1531410545794398
16,1493,1509,0.15315129494165863
16,1501,1517,0.15316093046723608
15,1507,1522,0.15316998048957728
15,1498,1513,0.1531814540294119
15,1484,1499,0.15319234158555567
15,1488,1503,0.1532025848086312
15,1491,1506,0.1532122501860825
15,1489,1504,0.1532213359933641
16,1478,1494,0.15322977543403504
17,1482,1499,0.1532346874709824
16,1490,1506,0.1532363621640329
16,1496,1512,0.15324099864199173
16,1483,1499,0.15324535061116315
16,1489,1505,0.15324944731761853
16,1477,1493,0.15325330276282817
15,1483,1498,0.15325693023016823
15,1491,1506,0.15326340839634636
15,1499,1514,0.15326950906069853
15,1506,1521,0.15327524552704733
15,1499,1514,0.15328063594693847
15,1495,1510,0.15328570004165587
16,1491,1507,0.15329045723351617
15,1492,1507,0.1532918630160199
15,1486,1501,0.15329618577170023
15,1475,1490,0.1533002257923093
15,1488,1503,0.1533040165126405
16,1496,1512,0.1533075741673893
15,1479,1494,0.15330794023460145
13,1484,1497,0.15331127973380546
14,1495,1509,0.15332041729112242
14,1500,1514,0.15332588177106973
16,1501,1517,0.15333083507600606
16,1503,1519,0.15332941397737745
16,1509,1525,0.15332813279022173
17,1504,1521,0.1533269482953253
16,1510,1526,0.1533228630869513
16,1514,1530,0.15332212059538122
16,1530,1546,0.15332141504491573
15,1517,1532,0.15332075775334789
15,1519,1534,0.15332323394928016
15,1512,1527,0.1533255376707655
14,1508,1522,0.15332769129529503
13,1505,1518,0.15333286093251652
14,1513,1527,0.15334070475375935
14,1506,1520,0.15334507553721646
15,1495,1510,0.1533491348491631
14,1504,1518,0.15334993631156674
13,1511,1524,0.15335370071092977
14,1513,1527,0.15336029940690038
14,1505,1519,0.15336338035336702
14,1498,1512,0.15336629062206975
15,1499,1514,0.15336902745408526
15,1503,1518,0.1533684978681557
14,1511,1525,0.15336802984447445
14,1509,1523,0.15337067973370197
14,1504,1518,0.15337314572668276
14,1501,1515,0.1533754549506881
13,1497,1510,0.15337762101615954
13,1495,1508,0.153382685409846
14,1499,1513,0.1533873841777379
15,1515,1530,0.15338876567620882
15,1488,1503,0.15338711159520949
14,1490,1504,0.1533856025085494
14,1496,1510,0.15338719166179568
13,1499,1512,0.1533886640635478
12,1510,1522,0.15339303155143416
13,1512,1525,0.1534001493370576
14,1510,1524,0.1534037901641571
14,1511,1525,0.1534041245500348
14,1510,1524,0.15340446512990327
14,1511,1525,0.1534047981667813
14,1516,1530,0.15340511888061686
13,1505,1518,0.153405425364877
13,1515,1528,0.1534088815463126
13,1513,1526,0.15341212619747568
12,1504,1516,0.1534151726189413
12,1511,1523,0.15342105643943238
11,1511,1522,0.1534265470428603
9,1507,1516,0.15343480037986298
10,1506,1516,0.1534485009416052
10,1510,1520,0.15345833521731433
9,1510,1519,0.15346759110158753
9,1512,1521,0.15347933199995417
9,1510,1519,0.15349038935820553
9,1511,1520,0.1535007828018293
8,1514,1522,0.15351054125974456
8,1525,1533,0.1535227838913187
8,1520,1528,0.15353425719422664
8,1511,1519,0.153545028249068
9,1505,1514,0.15355514511633447
9,1501,1510,0.15356159732968147
10,1505,1515,0.15356766224628454
10,1518,1528,0.15357026872382692
11,1507,1518,0.15357275442448462
11,1490,1501,0.15357211066781087
12,1507,1519,0.15357149048337676
11,1507,1518,0.15356795534434484
12,1513,1525,0.15356764599010483
11,1517,1528,0.1535643442266595
12,1511,1523,0.15356433355765983
13,1492,1505,0.15356123856831502
12,1497,1509,0.15355542410742543
12,1498,1510,0.15355294157962768
11,1497,1508,0.15355061302855852
10,1493,1503,0.15355153318365694
11,1492,1503,0.1535553114640629
10,1498,1508,0.15355578343905713
9,1503,1512,0.153559197278877
9,1514,1523,0.1535654928821072
9,1511,1520,0.15357137813404168
9,1504,1513,0.15357689624116147
9,1501,1510,0.15358207293302448
8,1506,1514,0.15358693084421762
9,1509,1518,0.1535945303526404
9,1512,1521,0.15359857607583893
10,1523,1533,0.15360240617789322
10,1510,1520,0.15360294113218478
10,1521,1531,0.1536034804568518
10,1527,1537,0.1536039972782344
11,1512,1523,0.15360448859575063
11,1501,1512,0.15360181157062458
11,1507,1518,0.1535993261775296
11,1514,1525,0.15359696715946636
11,1516,1527,0.15359476467005911
11,1530,1541,0.15359270299555158
12,1521,1533,0.15359077008279873
12,1519,1531,0.15358597046775047
12,1512,1524,0.15358143689242298
11,1517,1528,0.15357718330164083
11,1507,1518,0.15357627678630384
11,1505,1516,0.15357539724335667
11,1501,1512,0.15357456338682304
11,1515,1526,0.1535737769644757
10,1513,1523,0.15357303647683626
11,1509,1520,0.15357541538750183
11,1502,1513,0.15357453906432955
11,1501,1512,0.15357373965584487
10,1503,1513,0.1535729923804008
10,1505,1515,0.15357536458423338
9,1513,1522,0.15357756851831605
9,1514,1523,0.15358273210810844
8,1524,1532,0.1535875525272075
8,1513,1521,0.15359516554515237
8,1520,1528,0.15360228863833644
8,1509,1517,0.15360897029744147
8,1503,1511,0.15361524242960595
9,1507,1516,0.15362113210551798
12,1497,1509,0.15362354475648496
13,1492,1505,0.15361666488765727
13,1498,1511,0.15360721453046008
14,1502,1516,0.1535983838468922
13,1517,1530,0.1535870101527294
13,1504,1517,0.15357938238038055
13,1513,1526,0.15357224144989773
13,1509,1522,0.1535655490600861
14,1504,1518,0.15355927239096354
11,1505,1516,0.15355039601754367
11,1502,1513,0.15355118199116993
11,1498,1509,0.15355185084679046
10,1505,1515,0.15355245846829202
9,1505,1514,0.15355597216127445
9,1506,1515,0.15356237111165671
10,1498,1508,0.15356835097149912
10,1499,1509,0.15357095021287243
10,1513,1523,0.15357338482932345
10,1500,1510,0.1535756669212735
11,1498,1509,0.15357780861636033
11,1493,1504,0.15357680510870517
9,1501,1510,0.1535758739855294
10,1498,1508,0.15358106317798403
10,1496,1506,0.1535828811610976
10,1508,1518,0.15358458925289098
10,1495,1505,0.15358619135427656
11,1503,1514,0.1535876951166126
12,1498,1510,0.15358601072552594
12,1514,1526,0.15358129587106023
11,1516,1527,0.1535768960601712
12,1514,1526,0.1535757858818951
11,1504,1515,0.15357170095853107
11,1508,1519,0.15357090633000492
11,1513,1524,0.15357016083421293
12,1515,1527,0.15356946157459744
12,1513,1525,0.1535657832379576
11,1504,1515,0.1535622903641826
11,1492,1503,0.1535620165976618
11,1495,1506,0.1535618009960142
11,1498,1509,0.15356160214749795
11,1503,1514,0.15356141520682887
11,1503,1514,0.15356123858983886
11,1492,1503,0.15356099147414654
11,1495,1506,0.15356076036559496
11,1493,1504,0.15356054799154237
12,1499,1511,0.15356034965049453
12,1495,1507,0.1535571593335888
12,1499,1511,0.1535541297178462
12,1490,1502,0.1535512817290029
11,1487,1498,0.15354860714724153
11,1500,1511,0.15354922661323414
11,1506,1517,0.15354978976832145
11,1513,1524,0.15355030981121837
11,1505,1516,0.15355079336631833
10,1509,1519,0.15355124446697052
11,1512,1523,0.15355476490971476
11,1516,1527,0.1535549394321057
12,1512,1524,0.15355512362781967
12,1498,1510,0.1535522748960626
12,1498,1510,0.1535496094512924
13,1497,1510,0.15354711074901317
13,1498,1511,0.15354181210407897
13,1513,1526,0.15353682263859372
12,1518,1530,0.15353214545909502
12,1498,1510,0.1535307267085852
12,1503,1515,0.15352943122582743
13,1492,1505,0.15352822227783214
13,1494,1507,0.153524162896657
14,1488,1502,0.1535203404678429
13,1493,1506,0.15351363306171412
12,1497,1509,0.1535104675685594
14,1489,1503,0.15351043359540506
17,1489,1506,0.15350437596446578
17,1494,1511,0.1534894616053939
18,1487,1505,0.15347556563758583
18,1490,1508,0.15345941277219055
18,1495,1513,0.1534443061235785
18,1502,1520,0.15343016469413803
18,1495,1513,0.15341691797253343
18,1495,1513,0.15340450356253504
17,1507,1524,0.15339286511061392
18,1505,1523,0.15338490383833128
18,1517,1535,0.15337432066914572
17,1520,1537,0.15336440767627144
18,1508,1526,0.15335814479239018
18,1514,1532,0.15334919005045453
17,1500,1517,0.15334080598014774
17,1502,1519,0.15333608200536963
16,1500,1516,0.15333163577536613
16,1497,1513,0.15333034426534392
16,1494,1510,0.1533291539843695
14,1486,1500,0.15332807521005148
14,1485,1499,0.15333309017654786
14,1497,1511,0.15333774445710946
14,1496,1510,0.15334208278760586
15,1505,1520,0.15334613534210031
15,1499,1514,0.1533468700317709
16,1507,1523,0.1533475790279149
16,1496,1512,0.15334523836684968
16,1504,1520,0.15334306959392904
16,1508,1524,0.15334104867272264
15,1513,1528,0.15333916079072646
15,1513,1528,0.1533404571050298
15,1521,1536,0.15334164640305165
14,1521,1535,0.15334275355148644
13,1505,1518,0.15334682140511335
12,1499,1511,0.15335366177109194
12,1504,1516,0.15336297378920705
12,1497,1509,0.15337173226119008
12,1496,1508,0.15337986282196933
12,1500,1512,0.15338752944962405
12,1497,1509,0.15339472405513083
12,1489,1501,0.15340160997238253
13,1504,1517,0.15340801643089036
13,1506,1519,0.15341091560629982
12,1504,1516,0.1534136607637386
12,1501,1513,0.15341927761429544
12,1509,1521,0.15342465756217036
12,1505,1517,0.1534296507975604
12,1506,1518,0.15343432843649385
11,1516,1527,0.15343871750015434
11,1516,1527,0.15344589838385564
11,1523,1534,0.15345262181671196
12,1509,1521,0.15345900967808965
11,1502,1513,0.15346187968326366
11,1495,1506,0.15346772909662076
11,1503,1514,0.1534732118363422
10,1496,1506,0.1534783580258907
10,1496,1506,0.15348624303775243
10,1495,1505,0.15349363835888075
10,1506,1516,0.1535005796742201
9,1508,1517,0.15350709747989424
9,1516,1525,0.15351621265409798
9,1514,1523,0.15352481667734635
9,1516,1525,0.15353290576307113
7,1530,1537,0.1535405075449456
7,1519,1526,0.15355385250857115
8,1512,1520,0.1535663756882796
9,1526,1535,0.1535750007270069
8,1527,1535,0.15357997957882819
8,1522,1530,0.15358781703888472
9,1524,1533,0.15359516935515813
9,1506,1515,0.15359893787996956
9,1509,1518,0.1536025048523249
9,1507,1516,0.1536058664819121
9,1512,1521,0.1536090306835182
9,1502,1511,0.15361200771444145
8,1518,1526,0.15361480809124844
8,1525,1533,0.15362058036351223
8,1506,1514,0.15362598767825425
8,1504,1512,0.1536310632512946
8,1501,1509,0.15363583081441468
8,1509,1517,0.1536403104722554
8,1508,1516,0.15364452033086867
8,1511,1519,0.1536484770695999
7,1507,1514,0.1536521961954561
7,1509,1516,0.15365870937908074
7,1510,1517,0.15366487420848862
7,1507,1514,0.15367067750480165
7,1522,1529,0.15367613590692789
7,1519,1526,0.15368126840428936
7,1511,1518,0.15368609391181468
7,1518,1525,0.1536906306156423
6,1517,1523,0.15369489577665255
6,1520,1526,0.15370200325901315
6,1516,1522,0.153708693781921
5,1523,1528,0.15371499076224424
5,1503,1508,0.1537240768074703
5,1496,1501,0.15373260196886843
5,1506,1511,0.15374061287389357
5,1491,1496,0.15374814416036847
4,1496,1500,0.1537552257541042
5,1504,1509,0.153765064350335
5,1497,1502,0.1537711177740886
5,1503,1508,0.1537768268156334
5,1510,1515,0.15378219848085448
5,1507,1512,0.1537872506839211
4,1516,1520,0.15379200211865393
4,1523,1527,0.15379966766527414
4,1507,1511,0.1538068629680732
4,1517,1521,0.1538136239143554
4,1501,1505,0.15381997987540666
5,1501,1506,0.15382595646686595
6,1510,1516,0.1538283833675277
6,1517,1523,0.1538274757069127
6,1504,1510,0.1538266466410491
6,1504,1510,0.15382587896682778
6,1501,1507,0.15382516370633875
5,1510,1515,0.15382449520299596
6,1511,1517,0.1538270708090816
6,1510,1516,0.15382640607782352
5,1504,1509,0.15382573673072272
5,1504,1509,0.15382828337007814
5,1511,1516,0.15383065541812424
5,1515,1520,0.15383287753072147
5,1508,1513,0.1538349635778053
5,1500,1505,0.15383692355165923
6,1492,1498,0.15383876581253375
7,1485,1492,0.1538373242019565
8,1500,1508,0.1538328903942819
8,1499,1507,0.1538255455494024
8,1494,1502,0.1538186683107096
8,1501,1509,0.1538122165843617
7,1508,1515,0.15380616017106677
7,1511,1518,0.153803555358928
6,1506,1512,0.15380111142851352
5,1512,1517,0.15380198997988592
7,1520,1527,0.15380584025080915
7,1516,1523,0.153803134525601
7,1513,1520,0.15380064264986593
7,1512,1519,0.153798318986798
7,1512,1519,0.15379614249980542
7,1497,1504,0.15379410013055225
8,1510,1518,0.15379218194963942
8,1509,1517,0.15378732213271898
8,1505,1513,0.1537827173358962
8,1520,1528,0.153778383630302
8,1513,1521,0.1537743090740355
7,1515,1522,0.1537704793474438
7,1516,1523,0.15376992081706806
7,1519,1526,0.15376944017226074
6,1506,1512,0.15376899644860567
6,1506,1512,0.1537717423645453
6,1511,1517,0.153774303194786
6,1513,1519,0.15377670328122153
6,1511,1517,0.15377895638036948
5,1500,1505,0.1537810727589616
4,1498,1502,0.153786248567087
4,1506,1510,0.15379427443986715
4,1499,1503,0.15380179236229474
4,1503,1507,0.1538088531341691
4,1516,1520,0.1538154899856616
4,1515,1519,0.15382173020546555
3,1510,1513,0.1538275982757618
3,1517,1520,0.1538363353769625
3,1502,1505,0.15384454525858218
3,1494,1497,0.15385226238286015
3,1490,1493,0.15385951864990333
4,1503,1507,0.1538663427858038
4,1502,1506,0.15386959886541102
4,1516,1520,0.15387267848826156
4,1514,1518,0.1538755742582027
4,1516,1520,0.1538782968177475
3,1508,1511,0.1538808568311495
3,1501,1504,0.15388634508089422
3,1516,1519,0.15389155404191635
3,1515,1518,0.1538964627873659
3,1523,1526,0.15390108437250802
3,1524,1527,0.15390543405897353
3,1514,1517,0.1539095271214614
3,1507,1510,0.1539133783184088
3,1503,1506,0.15391700172380024
3,1508,1511,0.15392041067896892
3,1521,1524,0.1539236177921527
3,1516,1519,0.15392663495870637
3,1508,1511,0.15392947339038293
3,1506,1509,0.15393214364828642
3,1508,1511,0.15393465567684436
3,1511,1514,0.15393701883746036
3,1523,1526,0.15393924194117212
1,1517,1518,0.15394133327998671
1,1523,1524,0.15394969259145758
1,1522,1523,0.1539575242034805
1,1528,1529,0.15396489247513023
1,1519,1520,0.1539718283954074
1,1520,1521,0.15397835752779174
1,1505,1506,0.1539845034186124
1,1521,1522,0.15399028821444674
1,1514,1515,0.1539957328316968
1,1513,1514,0.15400085703288438
1,1510,1511,0.15400567948201832
1,1507,1508,0.1540102177955915
1,1513,1514,0.1540144885927075
1,1512,1513,0.15401850754465995
1,1514,1515,0.15402228942362123
1,1513,1514,0.15402584815006398
1,1506,1507,0.15402919683863214
1,1507,1508,0.1540323478422758
1,1510,1511,0.15403531279453905
2,1504,1506,0.15403810264994272
2,1506,1508,0.15403750601380772
2,1510,1512,0.15403696576446424
2,1513,1515,0.15403645880403755
2,1498,1500,0.15403598099547355
2,1497,1499,0.154035530449839
2,1499,1501,0.15403510569124523
2,1494,1496,0.1540347053574898
2,1507,1509,0.1540343281428009
2,1506,1508,0.15403397278945846
2,1520,1522,0.1540336380892281
2,1518,1520,0.15403332288574575
2,1527,1529,0.15403302607599895
2,1513,1515,0.15403274661075186
2,1522,1524,0.15403248349412002
2,1531,1533,0.15403223578252517
2,1533,1535,0.15403200258321667
2,1531,1533,0.1540317830524986
1,1524,1525,0.1540315763937676
1,1519,1520,0.15403459378052836
1,1516,1517,0.15403741533233753
1,1498,1499,0.1540400698488173
1,1512,1513,0.15404256901760052
1,1509,1510,0.15404492200809816
1,1504,1505,0.15404713720335647
1,1513,1514,0.15404922249391118
1,1523,1524,0.15405118534719306
1,1519,1520,0.1540530328323696
1,1503,1504,0.15405477163637799
1,1505,1506,0.1540564080789648
1,1511,1512,0.15405794812818704
1,1515,1516,0.15405939741635521
1,1527,1528,0.15406076125613608
1,1519,1520,0.15406204465655104
1,1511,1512,0.15406325233867904
1,1514,1515,0.15406438875093034
1,1508,1509,0.1540654580838054
1,1519,1520,0.15406646428408247
1,1509,1510,0.1540674110684018
1,1508,1509,0.15406830193623006
1,1525,1526,0.15406914018220103
1,1519,1520,0.154069928907837
1,1501,1502,0.15407067103266336
1,1514,1515,0.15407136930473217
1,1526,1527,0.15407202631057382
1,1531,1532,0.1540726444846
1,1514,1515,0.15407322611798044
1,1518,1519,0.154073773367018
1,1520,1521,0.15407428826104597
1,1512,1513,0.1540747727098722
1,1513,1514,0.1540752285107935
1,1516,1517,0.1540756573552034
0,1512,1512,0.15407606083481556
