1372,30,1402,0.13584067266910363
1392,29,1421,0.13300714062441424
1413,29,1442,0.1303657043550595
1424,29,1453,0.12789931408575836
1433,29,1462,0.12562114887215892
1434,32,1466,0.12352032576895568
1440,30,1470,0.1216028225576639
1453,29,1482,0.1198405869426593
1458,29,1487,0.11820201393819936
1463,30,1493,0.1166967463635364
1472,32,1504,0.1153132150464862
1463,33,1496,0.11403096890458557
1465,32,1497,0.11288507094771383
1466,32,1498,0.11183602929937335
1460,33,1493,0.11087862921021731
1450,35,1485,0.11002076753881586
1439,36,1475,0.10926221897981048
1442,34,1476,0.10859641638318175
1430,36,1466,0.1079828483976007
1444,37,1481,0.10745088136330193
1459,38,1497,0.10693459832671212
1450,38,1488,0.10643053338484468
1460,38,1498,0.10599163527294474
1461,37,1498,0.10556977360701453
1461,37,1498,0.10518316708626646
1447,39,1486,0.10483120109794034
1444,39,1483,0.10454126669993606
1429,40,1469,0.10428351398504354
1439,40,1479,0.10408141038852005
1456,39,1495,0.10387495553582886
1456,38,1494,0.10364998404162247
1451,38,1489,0.10344534484544753
1449,40,1489,0.10326953195382987
1447,40,1487,0.10311372180397158
1433,43,1476,0.10297584140767274
1443,44,1487,0.10288071406952128
1438,43,1481,0.10277285528942094
1441,42,1483,0.10268539197258217
1449,43,1492,0.10259922970899299
1457,44,1501,0.10250378373199964
1463,45,1508,0.10239961084469237
1453,44,1497,0.10229168541174233
1454,45,1499,0.10221499126808185
1452,49,1501,0.10214316358794268
1451,46,1497,0.10208152086829479
1452,47,1499,0.10202789118506445
1447,47,1494,0.10197727182341504
1453,48,1501,0.10194142565157761
1448,46,1494,0.10189560704061056
1440,48,1488,0.10186438544534787
1439,48,1487,0.1018531297868975
1438,48,1486,0.10184524730498346
1443,47,1490,0.10183977812889672
1437,47,1484,0.10182417508390185
1439,46,1485,0.10182272731306355
1418,46,1464,0.10181731912537756
1426,47,1473,0.10185741696548764
1439,48,1487,0.10187683873928119
1432,48,1480,0.10186693593584555
1437,45,1482,0.10187241733626476
1433,44,1477,0.10186683244106114
1426,45,1471,0.10187034584726552
1440,44,1484,0.10188823505113892
1437,44,1481,0.10187547766606735
1453,44,1497,0.10187017597518352
1464,41,1505,0.10183060296863744
1450,41,1491,0.10177094807102939
1459,47,1506,0.10174668351932464
1460,46,1506,0.10170515078498024
1454,46,1500,0.10166533087962878
1453,48,1501,0.10164214489414355
1451,49,1500,0.10162308590482319
1442,48,1490,0.10161021398407702
1446,51,1497,0.1016177263958823
1448,53,1501,0.10161645951394015
1442,52,1494,0.10161067766175436
1442,54,1496,0.10161839403928034
1438,55,1493,0.10162547325526652
1435,54,1489,0.10164023451567517
1431,52,1483,0.10165978639193521
1425,54,1479,0.10168665652762578
1417,60,1477,0.10172434603617679
1419,57,1476,0.10177547025839295
1419,56,1475,0.10181789644823265
1422,59,1481,0.10185674587881817
1420,59,1479,0.10188613750647693
1435,58,1493,0.10191744690750167
1426,62,1488,0.10191373385468971
1431,60,1491,0.10192976734306751
1432,60,1492,0.10193369034078062
1436,62,1498,0.10193528010734497
1432,63,1495,0.10192801985586858
1419,63,1482,0.10192997764595457
1421,64,1485,0.101959247293133
1414,64,1478,0.1019815659229792
1425,65,1490,0.10201682846027105
1424,68,1492,0.10202521170892442
1427,67,1494,0.10203522803653328
1425,70,1495,0.10203836239799856
1422,69,1491,0.10204545432713687
1425,71,1496,0.10205806735720273
1435,73,1508,0.10206352090177251
1431,73,1504,0.10204709932278265
1430,69,1499,0.10204050243424771
1430,70,1500,0.1020365972796591
1429,71,1500,0.1020326643092812
1439,72,1511,0.1020317380811
1432,73,1505,0.10200948999101782
1428,73,1501,0.1020035867976632
1420,71,1491,0.10200688553983037
1428,71,1499,0.10202716445048249
1429,70,1499,0.10202863622189819
1425,74,1499,0.1020279320802398
1415,74,1489,0.10203610457153157
1415,75,1490,0.1020656655204063
1421,73,1494,0.10209251383107272
1421,72,1493,0.102104483101214
1425,73,1498,0.10211566105889162
1411,74,1485,0.10211715764554338
1411,70,1481,0.10214869792574693
1414,69,1483,0.1021774107649898
1415,67,1482,0.10219686977053208
1422,66,1488,0.10221272230781717
1424,66,1490,0.1022115612239406
1427,66,1493,0.10220590604887271
1423,67,1490,0.10219467021345238
1416,64,1480,0.10219292052702202
1428,64,1492,0.10220633078707321
1419,65,1484,0.10219308343812744
1427,67,1494,0.1021999508908766
1424,66,1490,0.10218914797840008
1432,67,1499,0.10218609867984066
1422,66,1488,0.10216603877089306
1417,66,1483,0.10216891974193314
1423,64,1487,0.1021824265211893
1419,63,1482,0.10218151679212543
1430,63,1493,0.1021900827715076
1419,69,1488,0.10217437514542611
1409,69,1478,0.10218360217708053
1424,67,1491,0.102213382445152
1433,68,1501,0.10220819951936988
1446,71,1517,0.10218386192998341
1442,70,1512,0.10213398222094709
1418,67,1485,0.10209693963811993
1418,67,1485,0.10211426056948472
1429,65,1494,0.10213006183387825
1425,66,1491,0.10212076817876942
1424,62,1486,0.10212100632357489
1416,60,1476,0.10212284447807915
1428,59,1487,0.10214181040934597
1425,59,1484,0.10213400685219856
1437,61,1498,0.10213326794074284
1436,63,1499,0.10210668720076779
1439,60,1499,0.10208492732502208
1438,60,1498,0.10205846014488187
1439,59,1498,0.10203635674742617
1440,62,1502,0.10201386120075162
1441,60,1501,0.10199130806528765
1434,59,1493,0.10196867378185842
1416,56,1472,0.10196300652095985
1413,59,1472,0.10199650059701482
1433,62,1495,0.10203357541612228
1423,63,1486,0.10202478690285172
1436,63,1499,0.10203870649642706
1427,61,1488,0.10202305457485568
1439,58,1497,0.10202826106761151
1442,58,1500,0.10200703854544933
1449,56,1505,0.10198087608801965
1442,55,1497,0.10194218091894708
1455,57,1512,0.1019218302456889
1458,55,1513,0.10187494887147733
1460,57,1517,0.10182587764081173
1449,57,1506,0.10177693886251295
1442,58,1500,0.10175620550010872
1427,59,1486,0.10175219440529862
1421,60,1481,0.10178084392752698
1436,63,1499,0.10181969794555995
1439,64,1503,0.10182365879999385
1423,63,1486,0.10182099302373232
1416,62,1478,0.10185257126092949
1439,64,1503,0.10189602011525878
1438,65,1503,0.10188659368331329
1428,65,1493,0.10188039221430234
1442,62,1504,0.10189609400653638
1446,61,1507,0.10188105631621547
1434,62,1496,0.10185863248097071
1432,64,1496,0.10186398649756136
1432,64,1496,0.10187289688869035
1417,62,1479,0.10188111280830583
1420,65,1485,0.10192111335955951
1420,66,1486,0.10195100987011964
1428,63,1491,0.10197840512644354
1414,64,1478,0.10198625288552449
1405,63,1468,0.10202309253546274
1426,64,1490,0.1020761706820499
1430,64,1494,0.1020792740187492
1440,63,1503,0.10207380345981452
1426,65,1491,0.10204741472838932
1428,66,1494,0.10205359610696267
1427,69,1496,0.10205498998035938
1425,68,1493,0.10205878294003717
1442,69,1511,0.10206633689846686
1438,68,1506,0.10203758059159085
1428,70,1498,0.10201971911101197
1426,70,1496,0.1020250652005392
1425,74,1499,0.10203423777551858
1411,77,1488,0.10204475109508508
1410,78,1488,0.10208440339999929
1410,76,1486,0.10212299316006426
1420,75,1495,0.10215838327073974
1428,76,1504,0.10216892000721003
1423,76,1499,0.10216184768944181
1429,76,1505,0.10216625479305329
1422,76,1498,0.10215699366083449
1419,75,1494,0.10216351074429524
1433,74,1507,0.10217573074595407
1432,75,1507,0.10215729921663277
1435,75,1510,0.10214257423437166
1435,72,1507,0.10212272979032537
1431,72,1503,0.102104505902449
1423,75,1498,0.10209663029096525
1429,73,1502,0.10210696803892613
1423,75,1498,0.10210325669210618
1428,76,1504,0.1021126036546907
1432,79,1511,0.10211011025238503
1418,82,1500,0.10209950201107551
1409,74,1483,0.10211992207278431
1425,74,1499,0.1021579606778808
1409,75,1484,0.10215774675191117
1404,75,1479,0.10219183661729325
1408,77,1485,0.10223389930788418
1402,75,1477,0.10226384999977013
1422,78,1500,0.10230339315241398
1419,77,1496,0.10229639547853303
1425,74,1499,0.10229681410981517
1418,74,1492,0.10228386728460993
1411,73,1484,0.10228746694917146
1430,70,1500,0.10230486377761885
1431,71,1502,0.10228044278485264
1431,72,1503,0.10225615077584188
1427,73,1500,0.10223402828220278
1428,72,1500,0.10222225609883587
1416,73,1489,0.10220968116112383
1414,75,1489,0.10222425329312855
1407,75,1482,0.10224248066906576
1406,79,1485,0.10227465298412812
1407,77,1484,0.1023055215375384
1416,78,1494,0.10233251046272397
1418,79,1497,0.10233795049444883
1419,80,1499,0.10233819090172597
1421,82,1503,0.10233624680236691
1425,82,1507,0.1023304266864227
1435,85,1520,0.10231602780060363
1432,84,1516,0.10228157773407648
1419,83,1502,0.10225666692929995
1410,80,1490,0.10226235145804548
1418,79,1497,0.10228723863993583
1422,81,1503,0.10229281615135317
1422,81,1503,0.10228858609292843
1420,84,1504,0.10228488203677927
1422,86,1508,0.1022855249256585
1415,88,1503,0.10228208548919597
1402,86,1488,0.10229387187545357
1393,87,1480,0.10233246157961769
1392,88,1480,0.10238753228126232
1398,88,1486,0.10243903234301723
1405,86,1491,0.10247379284279681
1412,88,1500,0.1024905661955536
1401,86,1487,0.10249063328693125
1391,88,1479,0.10251442903199144
1395,89,1484,0.10255722047933201
1397,90,1487,0.10258775316472667
1398,88,1486,0.10261148742471979
1409,88,1497,0.10263135220244678
1415,89,1504,0.1026259110539267
1413,89,1502,0.1026078939653427
1417,89,1506,0.10259549287102811
1415,89,1504,0.1025758312661241
1411,93,1504,0.10256225515982703
1389,95,1484,0.10255834183485125
1394,97,1491,0.10260217415831821
1396,96,1492,0.1026316989284005
1400,91,1491,0.10265439668905536
1405,91,1496,0.10266630847925315
1404,91,1495,0.10266589280660637
1394,95,1489,0.1026680706292906
1408,97,1505,0.10269161708689513
1403,101,1504,0.10268268554682375
1388,100,1488,0.10268599112576936
1393,104,1497,0.102721544442525
1393,104,1497,0.10274358495154769
1408,102,1510,0.1027636698289384
1402,102,1504,0.10275052532863402
1406,103,1509,0.10275151350494331
1401,105,1506,0.10274368966580237
1402,103,1505,0.10274668189650804
1407,103,1510,0.10274740291300472
1401,102,1503,0.10273737168578995
1393,101,1494,0.10274113032785341
1398,103,1501,0.10276243922401225
1401,103,1504,0.10277143482954149
1394,107,1501,0.10277302832868429
1389,106,1495,0.10278938040590503
1386,106,1492,0.10281536250401559
1389,101,1490,0.10284477624108568
1384,103,1487,0.10286566294684557
1381,103,1484,0.10289559940586716
1379,105,1484,0.10292972302330111
1397,110,1507,0.10296552832134057
1386,111,1497,0.1029595694527653
1391,112,1503,0.10297824433970737
1405,114,1519,0.10298465548694463
1398,108,1506,0.10296035307172868
1388,110,1498,0.10295375812248424
1385,108,1493,0.10296871555751831
1380,110,1490,0.10298900476680807
1370,113,1483,0.10301829415797777
1389,108,1497,0.1030671079040551
1392,106,1498,0.10306989715374382
1380,105,1485,0.10306566156307348
1400,102,1502,0.10308780136464164
1406,104,1510,0.10306513379185446
1405,105,1510,0.10303132338349784
1401,105,1506,0.10300292335905299
1390,106,1496,0.10298536658415766
1380,107,1487,0.10299309542724652
1395,107,1502,0.1030215017146002
1393,104,1497,0.10301509420372458
1390,104,1494,0.10301406999053508
1386,103,1489,0.10301863628862769
1383,99,1482,0.10303182990720043
1398,103,1501,0.10305028196558447
1397,98,1495,0.10303410634808938
1400,99,1499,0.1030210512917099
1396,93,1489,0.10300228704968266
1398,94,1492,0.10299410293239757
1382,97,1479,0.10298228094740662
1397,97,1494,0.10300578337207277
1411,97,1508,0.10299532674043316
1396,100,1496,0.10295535772339255
1398,100,1498,0.10295182228216916
1383,102,1485,0.10294402257995654
1404,108,1512,0.10296958575710242
1409,110,1519,0.10294743304203796
1401,107,1508,0.10291707728541563
1401,100,1501,0.10290701233037527
1383,101,1484,0.10289785596521815
1376,105,1481,0.10292825264855136
1383,109,1492,0.10297183402019566
1398,109,1507,0.10299702689242568
1397,112,1509,0.10298758193493182
1391,109,1500,0.1029810649699417
1399,108,1507,0.10298852789625776
1392,110,1502,0.10297784576333782
1385,108,1493,0.10298282694483554
1385,104,1489,0.10300172689892705
1387,111,1498,0.1030192559841894
1383,108,1491,0.10303105485867108
1358,106,1464,0.10305024454785969
1368,109,1477,0.10312183174667719
1379,110,1489,0.10316619582807891
1376,111,1487,0.10318386504212515
1386,112,1498,0.10320669074342646
1375,114,1489,0.10320597555818464
1371,110,1481,0.10322938251520183
1381,115,1496,0.10325900422003848
1383,119,1502,0.1032646730317405
1367,119,1486,0.1032653910721687
1370,120,1490,0.10330060420900403
1377,118,1495,0.10332697131498562
1371,120,1491,0.10333610032580656
1355,118,1473,0.10335700763311652
1356,119,1475,0.10341112084360624
1364,118,1482,0.10345814112295787
1352,121,1473,0.10348307333099376
1370,122,1492,0.10353231305202082
1363,121,1484,0.1035382147099321
1371,121,1492,0.10355898420775564
1369,122,1491,0.103560878340007
1367,117,1484,0.10356716447734456
1380,117,1497,0.10357733177228053
1372,116,1488,0.10355887619943345
1378,116,1494,0.10355926524020234
1372,117,1489,0.10354623198169367
1356,122,1478,0.1035479870144766
1363,117,1480,0.1035841576742494
1365,115,1480,0.10360163591553383
1368,120,1488,0.10361272084402243
1376,124,1500,0.10361598358506942
1364,122,1486,0.1036018343202849
1372,122,1494,0.10361541324772741
1382,122,1504,0.10361081533026426
1382,121,1503,0.10358417811855969
1372,120,1492,0.1035601949264818
1372,124,1496,0.10355957670711213
1379,120,1499,0.10355900546852205
1372,120,1492,0.10354354824597817
1382,120,1502,0.10354444742280147
1380,122,1502,0.103523846221723
1379,120,1499,0.10350978886706506
1374,124,1498,0.1034991610796676
1375,123,1498,0.10350016024617771
1368,122,1490,0.10349875432150028
1376,124,1500,0.1035130797073209
1372,125,1497,0.10350928157325426
1373,124,1497,0.10351451493926839
1379,126,1505,0.1035169577935644
1372,128,1500,0.1035063290581304
1377,127,1504,0.10351217949795607
1372,130,1502,0.10350639158878096
1375,130,1505,0.10351181335678243
1374,130,1504,0.10351043982579806
1359,129,1488,0.1035120505423707
1354,132,1486,0.10354660285476086
1349,133,1482,0.10358922119296764
1362,133,1495,0.10363894525234114
1370,133,1503,0.10365634437210774
1364,136,1500,0.10365501732803599
1364,135,1499,0.10366648169816024
1349,133,1482,0.10367719788707078
1354,135,1489,0.10371925361270123
1340,131,1471,0.10374650196386159
1351,140,1491,0.10380232864125864
1348,143,1491,0.10382968756697743
1365,137,1502,0.10386104885634839
1359,137,1496,0.10385323996138446
1355,141,1496,0.10385983509833084
1354,140,1494,0.10387491113849451
1362,140,1502,0.10389137161136588
1351,139,1490,0.10388833029824719
1341,144,1485,0.10390967073888585
1340,142,1482,0.10395082935060679
1341,145,1486,0.10399073764512218
1345,148,1493,0.10402529711283101
1342,147,1489,0.1040479308798561
1340,146,1486,0.10407483159834861
1354,147,1501,0.1041035792814864
1356,148,1504,0.10409934925988924
1364,146,1510,0.10409099371348177
1353,147,1500,0.10406533331180783
1351,143,1494,0.10406608250010653
1361,144,1505,0.1040717098746007
1355,143,1498,0.10405488429695664
1353,143,1496,0.10405264631033885
1349,139,1488,0.10405378844684801
1345,137,1482,0.10406325356064866
1349,140,1489,0.1040811048841957
1350,140,1490,0.1040885988542699
1347,137,1484,0.10409421863676163
1354,145,1499,0.10410560385831062
1358,147,1505,0.10410044607020058
1346,149,1495,0.10408703822870466
1356,145,1501,0.1041009194665035
1356,147,1503,0.10409092974188713
1361,149,1510,0.10408197016289247
1350,151,1501,0.10406317412044251
1353,150,1503,0.10407027826177181
1345,147,1492,0.10407019594936034
1335,148,1483,0.1040874349677122
1326,145,1471,0.1041253251639145
1344,150,1494,0.10417913202609576
1329,156,1485,0.10418954991538389
1331,157,1488,0.10423229879608228
1337,158,1495,0.10426707632608843
1335,157,1492,0.1042863874181623
1331,156,1487,0.10430884339047002
1337,152,1489,0.10433790791660325
1334,155,1489,0.10435146997705136
1342,154,1496,0.104370577270558
1342,151,1493,0.10437030922601878
1328,155,1483,0.10437105947750219
1334,159,1493,0.10440175517050904
1337,161,1498,0.10441649703495916
1344,161,1505,0.10442321295854136
1341,159,1500,0.10441421815445677
1343,156,1499,0.10441285067901494
1341,154,1495,0.10440691800349977
1344,154,1498,0.10440605348548561
1339,155,1494,0.10439918520508015
1329,159,1488,0.10440386819559012
1327,160,1487,0.10443023850666197
1337,159,1496,0.10445795933462387
1344,157,1501,0.10446107427798794
1351,157,1508,0.10444849637265337
1353,155,1508,0.10442191205062609
1348,156,1504,0.10439335829060938
1339,151,1490,0.1043782896344446
1324,153,1477,0.10438370861563617
1316,161,1477,0.10442153081738972
1321,165,1486,0.10447394476171727
1327,170,1497,0.10451221993346195
1324,165,1489,0.10453421379344267
1329,163,1492,0.10455977733682287
1321,160,1481,0.10457258690123993
1334,159,1493,0.10460142634088196
1328,161,1489,0.10459898569555307
1338,158,1496,0.10461003296613162
1345,156,1501,0.10459850290291892
1354,157,1511,0.10457199268706331
1355,155,1510,0.10452805017623133
1341,162,1503,0.10448536766454541
1337,161,1498,0.1044775051145714
1335,158,1493,0.10447859242199048
1329,159,1488,0.10448371885191345
1321,155,1476,0.10450135845113487
1323,154,1477,0.10453495381128758
1319,154,1473,0.10456118941395032
1326,154,1480,0.10459331074244897
1328,155,1483,0.10460744599036226
1329,156,1485,0.10461609858396465
1328,158,1486,0.10462210005868577
1345,159,1504,0.10462950834319791
1345,158,1503,0.10459914331449845
1346,159,1505,0.10457224930072041
1332,159,1491,0.10454583753700622
1338,160,1498,0.1045521884138541
1347,158,1505,0.10454555011349281
1338,160,1498,0.10451921109198473
1341,156,1497,0.10451506158159422
1338,155,1493,0.10450389167577263
1345,156,1501,0.1045001817562906
1341,158,1499,0.10448145461718907
1349,163,1512,0.10447315750717952
1339,166,1505,0.104448795446517
1341,163,1504,0.10444889633296954
1338,160,1498,0.10444410433304649
1326,159,1485,0.10444523027304112
1322,161,1483,0.1044727998127306
1328,161,1489,0.10450688463204517
1336,163,1499,0.10452441758539412
1327,167,1494,0.10452344733067548
1335,167,1502,0.1045421279308981
1331,170,1501,0.10454203992693703
1324,165,1489,0.1045514768360899
1324,166,1490,0.1045758645953448
1315,169,1484,0.10459851747799977
1328,172,1500,0.10463953489148524
1323,173,1496,0.10464869815621118
1315,174,1489,0.10466824679020054
1312,174,1486,0.10470426749245167
1325,171,1496,0.10474423286492865
1309,176,1485,0.10475271244878949
1310,176,1486,0.10479529945980755
1317,182,1499,0.10483150016008647
1311,180,1491,0.10484919926891419
1314,182,1496,0.10487840278163041
1314,181,1495,0.10489879430395867
1321,181,1502,0.10491720777599184
1305,181,1486,0.10491904450026182
1322,182,1504,0.10495635619394945
1318,181,1499,0.10495347900348824
1311,178,1489,0.10495933872450662
1310,178,1488,0.10497949827065753
1308,180,1488,0.10500073240859896
1320,180,1500,0.10502444707124393
1314,174,1488,0.10501896727774099
1305,175,1480,0.10502703547551931
1308,170,1478,0.1050537283614839
1305,175,1480,0.10507115279661453
1302,180,1482,0.10509447512332024
1311,174,1485,0.10512214501586378
1313,178,1491,0.10512680795837809
1314,178,1492,0.105125920352661
1317,181,1498,0.10512299769731286
1302,187,1489,0.10511465965955036
1305,188,1493,0.10514049519664943
1297,187,1484,0.10515731286901758
1304,187,1491,0.10518983180030778
1298,185,1483,0.105205238445619
1315,181,1496,0.10523298266772535
1314,181,1495,0.10522058817287945
1306,187,1493,0.1052108313574232
1299,190,1489,0.10522023680689926
1316,183,1499,0.10524441923174273
1316,184,1500,0.1052294427686367
1316,181,1497,0.10521534867850973
1306,180,1486,0.10520205866182394
1289,182,1471,0.10521213287377107
1308,187,1495,0.10525904076741818
1314,189,1503,0.1052605950729518
1310,196,1506,0.10524885709919614
1306,190,1496,0.10524731736174989
1300,187,1487,0.10525477246560236
1300,191,1491,0.1052748003565835
1298,189,1487,0.10529386608026371
1281,198,1479,0.10531604358431793
1272,199,1471,0.1053735194362498
1281,204,1485,0.10544611527363035
1285,207,1492,0.10549303101622058
1281,206,1487,0.10552627587064724
1285,210,1495,0.10556576503200159
1288,213,1501,0.1055939231931437
1297,215,1512,0.10561369051180351
1288,216,1504,0.10561271487166767
1299,213,1512,0.10563199375806018
1284,211,1495,0.1056252640329162
1280,218,1498,0.10565274312499398
1268,216,1484,0.10568718494281022
1274,216,1490,0.10574516282910303
1263,218,1481,0.10578531838703649
1271,218,1489,0.10584677917820066
1266,216,1482,0.10588592735256042
1282,218,1500,0.10593245372251119
1276,218,1494,0.10594006656261788
1282,219,1501,0.10596041408947794
1281,220,1501,0.10596531577995666
1279,221,1500,0.10597252213847012
1286,220,1506,0.10598420080461234
1283,221,1504,0.10597917994875354
1289,219,1508,0.10598060763006277
1285,214,1499,0.10596906718710769
1283,216,1499,0.10596752009997296
1285,215,1500,0.1059701390402922
1287,221,1508,0.10596847139623979
1275,226,1501,0.10596290952320028
1252,230,1482,0.10598377173956976
1267,227,1494,0.10605364740195024
1277,224,1501,0.10608461058049996
1278,223,1501,0.1060908561613244
1276,221,1497,0.10609451266750232
1272,217,1489,0.1061023737497354
1290,220,1510,0.10611924486730256
1292,227,1519,0.10609491066353506
1280,227,1507,0.1060678534791764
1262,226,1488,0.10606960780642442
1282,223,1505,0.1061110506451993
1276,227,1503,0.10610520924544449
1274,233,1507,0.10611416831842524
1271,235,1506,0.10612657315778887
1267,233,1500,0.10614427497724095
1276,235,1511,0.10616963947336014
1272,233,1505,0.10617297272151706
1272,231,1503,0.10618479618341393
1274,231,1505,0.10619579525458078
1275,232,1507,0.1062019660653934
1263,230,1493,0.10620520771743487
1272,232,1504,0.10623445523365463
1286,232,1518,0.1062413117037623
1292,228,1520,0.10621664544633984
1283,225,1508,0.10618090980277589
1281,231,1512,0.10616872081391554
1279,232,1511,0.10616092196811433
1263,229,1492,0.10615855406423805
1268,230,1498,0.10619240164814983
1261,237,1498,0.10621275852203702
1255,243,1498,0.10624562684794173
1258,242,1500,0.10629043549604743
1252,240,1492,0.10632498254841119
1256,241,1497,0.10636882652648513
1256,238,1494,0.106400614582579
1239,235,1474,0.10642992111105386
1249,236,1485,0.10649441312324359
1259,239,1498,0.10653129997951825
1252,239,1491,0.10654213714174034
1247,245,1492,0.10656702897750586
1241,243,1484,0.10660144405505648
1245,242,1487,0.10664613247650831
1244,238,1482,0.10667793587841089
1248,242,1490,0.10670956638741512
1250,243,1493,0.10673011025929315
1249,247,1496,0.10674530884605321
1249,246,1495,0.10676061911412084
1243,246,1489,0.10677410785714934
1248,244,1492,0.10679994823294972
1254,246,1500,0.1068129773775058
1248,246,1494,0.10681197929701286
1240,250,1490,0.10682519179316405
1240,253,1493,0.10685519627147631
1242,251,1493,0.10688313943851828
1244,252,1496,0.10690481265364828
1242,252,1494,0.10692106840064071
1238,262,1500,0.1069410659113801
1220,265,1485,0.10696816194160103
1214,259,1473,0.10703263365464537
1206,256,1462,0.1071052389893644
1205,259,1464,0.10719077466981769
1221,261,1482,0.10727179034167453
1224,268,1492,0.10731004287051427
1235,269,1504,0.10734001189785794
1237,268,1505,0.10734290391877177
1232,264,1496,0.10734063972906878
1219,264,1483,0.10735049967870644
1220,264,1484,0.10738839900600454
1228,271,1499,0.1074199740105922
1221,272,1493,0.10743159240602367
1219,273,1492,0.10745832908607374
1230,271,1501,0.10748745596478651
1220,274,1494,0.10749078666781585
1217,271,1488,0.10751545365038986
1221,271,1492,0.1075451612268385
1223,272,1495,0.10756368083017825
1228,270,1498,0.10757597289453305
1230,268,1498,0.10757609655763264
1222,274,1496,0.10757261007043464
1222,280,1502,0.10758647288170066
1220,277,1497,0.1075989584688915
1229,278,1507,0.10761442286993848
1230,267,1497,0.10760889961601698
1222,264,1486,0.10760076908063677
1222,268,1490,0.10761079131738266
1231,265,1496,0.10762006830767408
1235,265,1500,0.10760823439276923
1242,263,1505,0.10758814045133652
1237,268,1505,0.10755521057482038
1239,273,1512,0.10753635808472316
1241,266,1507,0.10751481244242747
1249,266,1515,0.10749105147717791
1247,264,1511,0.10745191836744851
1254,265,1519,0.10742013720166482
1255,258,1513,0.1073750237431879
1256,265,1521,0.10733164508355919
1253,264,1517,0.10728940893446272
1252,264,1516,0.10725740821033704
1241,262,1503,0.10723001328545745
1248,263,1511,0.10722922555165708
1246,262,1508,0.10721307995646093
1242,266,1508,0.10720268839801315
1243,266,1509,0.10720219525189853
1239,266,1505,0.10720021197455837
1231,261,1492,0.10720686087706899
1230,259,1489,0.10723095303706483
1228,262,1490,0.10725549744797953
1232,266,1498,0.10728216066751849
1232,259,1491,0.1072977584874629
1233,260,1493,0.1073120676847451
1232,265,1497,0.10732368584082043
1222,270,1492,0.10733662573440053
1217,264,1481,0.10737160939563067
1224,268,1492,0.10741437249501341
1219,272,1491,0.10743797781200161
1216,280,1496,0.10747079836134922
1223,281,1504,0.10750744350940987
1214,274,1488,0.10752509337479309
1223,275,1498,0.10756197429559908
1225,277,1502,0.1075752440205901
1222,277,1499,0.10758331091241832
1218,279,1497,0.10759841465229587
1225,277,1502,0.10762186168406307
1224,279,1503,0.10762810297352171
1224,281,1505,0.10763555139256557
1224,282,1506,0.10764296211030475
1224,278,1502,0.10765014796278076
1224,282,1506,0.10765621133928197
1224,281,1505,0.10766161931747337
1218,284,1502,0.10766671347262491
1216,286,1502,0.10768419159369365
1212,283,1495,0.10770496983102362
1222,280,1502,0.10773288976429095
1215,277,1492,0.10773633288747846
1211,274,1485,0.10775414656299745
1202,282,1484,0.10777906978237192
1202,275,1477,0.10782100929250149
1202,279,1481,0.10785978016858488
1211,280,1491,0.10789623872195861
1219,279,1498,0.10790928836223002
1212,284,1496,0.10790426499128192
1209,282,1491,0.10791623693822894
1229,279,1508,0.10793361900539708
1223,275,1498,0.10790337226103183
1225,273,1498,0.10788876816818176
1228,271,1499,0.10787088731173605
1233,273,1506,0.10784858577713244
1230,276,1506,0.10781656485638422
1223,271,1494,0.10779426323396393
1226,268,1494,0.10778939802985221
1225,277,1502,0.10777825220676845
1231,276,1507,0.10777011300926348
1218,283,1501,0.10774880022312405
1209,280,1489,0.10775841649682487
1221,276,1497,0.10778800205883045
1220,279,1499,0.10778899478916996
1220,277,1497,0.10779208264139413
1225,276,1501,0.10779518636767865
1215,281,1496,0.10778652703809946
1220,280,1500,0.10780078171163812
1212,284,1496,0.10780160249699353
1222,279,1501,0.10782033737228383
1219,284,1503,0.10781540179474874
1223,278,1501,0.10781793716939798
1210,272,1482,0.10781035915245002
1212,267,1479,0.10783416984147408
1222,274,1496,0.10785139908710098
1223,271,1494,0.10784473828506001
1226,273,1499,0.10783586102323113
1233,272,1505,0.10782035263923191
1228,269,1497,0.10779011918525146
1225,273,1498,0.10777451625278438
1209,276,1485,0.10776716317386395
1213,278,1491,0.10779472050593959
1216,274,1490,0.1078105873901989
1208,278,1486,0.10781830377686646
1217,279,1496,0.1078426120512205
1211,283,1494,0.10784426850655794
1217,281,1498,0.10785886510190107
1221,284,1505,0.1078588615004125
1220,279,1499,0.10785081610244042
1220,278,1498,0.10784475012046503
1221,277,1498,0.1078392633295952
1216,267,1483,0.10783306514101641
1218,270,1488,0.1078383803136557
1221,273,1494,0.107839613279504
1229,270,1499,0.10783346044959582
1222,267,1489,0.10780965893435958
1225,261,1486,0.10780388257383632
1226,262,1488,0.10779082899474497
1234,270,1504,0.10777585359972336
1243,272,1515,0.1077450972234372
1233,281,1514,0.10769673266275412
1220,279,1499,0.10767452199664296
1229,270,1499,0.1076834003920666
1236,264,1500,0.10767119084588397
1242,263,1505,0.10764413947847956
1227,265,1492,0.10760603703955457
1214,276,1490,0.10760541625473106
1223,273,1496,0.10763377172659645
1227,276,1503,0.10763960753637986
1221,278,1499,0.10763642909136804
1224,276,1500,0.10764716918208378
1213,278,1491,0.10765003276290795
1217,281,1498,0.10767734503548429
1232,279,1511,0.10769269673853715
1221,281,1502,0.10767375050517151
1215,288,1503,0.10768125357101666
1215,289,1504,0.10770179710147758
1219,288,1507,0.10772080954208722
1221,287,1508,0.10773031243278665
1216,280,1496,0.10773521345952976
1207,283,1490,0.10775103083461818
1210,286,1496,0.10778574477492604
1208,285,1493,0.1078109813164777
1213,286,1499,0.10783781985085454
1201,288,1489,0.10785109046967012
1209,293,1502,0.10789012916816705
1208,294,1502,0.10790775903619014
1207,291,1498,0.10792585987760991
1225,291,1516,0.1079453127070352
1218,288,1506,0.10792285188429643
1220,280,1500,0.10791864173734328
1215,287,1502,0.1079093407805908
1203,290,1493,0.10791208818653047
1209,292,1501,0.10794197089122631
1197,295,1492,0.1079568606132203
1186,291,1477,0.107998112509967
1182,296,1478,0.10806096242659358
1181,296,1477,0.10812728259667008
1181,303,1484,0.10819090608353431
1178,300,1478,0.10824814904783682
1195,291,1486,0.10830759257425324
1188,293,1481,0.10832425870889384
1188,294,1482,0.10835383916754036
1190,291,1481,0.10838108461043262
1198,292,1490,0.10840237784969586
1194,294,1488,0.10840316759161078
1181,290,1471,0.10841341770521605
1169,296,1465,0.10845187835917863
1184,291,1475,0.10851317189826115
1191,289,1480,0.1085360483054243
1191,292,1483,0.1085411529611195
1184,291,1475,0.10854582269510199
1179,293,1472,0.10856593222090577
1168,297,1465,0.10859540646807603
1176,300,1476,0.10864674869760052
1184,299,1483,0.10867607214532653
1184,302,1486,0.10868519572029896
1197,304,1501,0.10869309579854146
1196,303,1499,0.10867144065330138
1204,308,1512,0.10865387348849864
1203,297,1500,0.10862078112290971
1204,295,1499,0.10859319928896774
1207,295,1502,0.10856605294601758
1193,296,1489,0.10853452999074889
1195,299,1494,0.10853679621684555
1191,302,1493,0.10853451661453586
1184,306,1490,0.10854232623270174
1185,303,1488,0.10856510305954195
1182,305,1487,0.10858365732581397
1172,305,1477,0.10860815868845297
1175,304,1479,0.10865420916653776
1170,311,1481,0.10869015956748411
1169,314,1483,0.10873456692689659
1165,319,1484,0.10877789007249483
1179,318,1497,0.10882673127762832
1175,318,1493,0.10884108415187058
1170,322,1492,0.10886310503695552
1164,333,1497,0.10889520560594859
1160,327,1487,0.10893869199104875
1168,326,1494,0.10898802739158932
1166,327,1493,0.109016185426194
1166,333,1499,0.1090461204999729
1160,336,1496,0.10907381243893616
1153,340,1493,0.10911300120756046
1154,339,1493,0.10916509434658841
1137,344,1481,0.10921086958166643
1143,352,1495,0.1092909449255522
1147,357,1504,0.10935040412228908
1127,357,1484,0.1093973408819712
1145,359,1504,0.10948580732421587
1153,366,1519,0.10952744546163562
1155,366,1521,0.1095485127574858
1147,359,1506,0.10956358296311229
1140,368,1508,0.1095956872279327
1132,368,1500,0.10964187991289913
1126,360,1486,0.10970123762703952
1131,359,1490,0.1097701380169891
1126,364,1490,0.10982222422611172
1128,365,1493,0.10988125237151852
1126,369,1495,0.1099307379538525
1120,363,1483,0.1099818629228358
1124,369,1493,0.11004199677378416
1137,359,1496,0.11008856956325852
1124,365,1489,0.11010297791030148
1112,365,1477,0.11014665030146084
1122,363,1485,0.11021262353837326
1127,362,1489,0.11025009414546037
1142,367,1509,0.11027211540496996
1145,366,1511,0.11025771702365429
1142,363,1505,0.1102391692973265
1142,368,1510,0.11023052498170446
1127,369,1496,0.11022245870855876
1128,367,1495,0.11025040820747632
1118,364,1482,0.1102748189340506
1108,364,1472,0.1103205309657543
1116,364,1480,0.11038534866377785
1118,363,1481,0.11042613385492267
1122,376,1498,0.11045769948265194
1123,372,1495,0.11047789902900906
1141,372,1513,0.11049407913393856
1139,377,1516,0.11046708120531157
1131,380,1511,0.110447208418876
1123,375,1498,0.11044729368061297
1121,376,1497,0.11046606928470454
1130,376,1506,0.11048811766232322
1124,375,1499,0.11048853339673244
1119,369,1488,0.11050287816038411
1103,384,1487,0.11052828781654195
1100,383,1483,0.11058846187521777
1107,386,1493,0.11065154555279634
1100,387,1487,0.11069378153962205
1104,390,1494,0.11074947059601296
1101,398,1499,0.11079254609925837
1095,401,1496,0.11083874177567175
1100,396,1496,0.11089545696780313
1098,403,1501,0.11093574944003287
1104,404,1508,0.11097821505716808
1093,404,1497,0.11100364889543357
1094,413,1507,0.111051988472891
1099,411,1510,0.11109407256907974
1091,414,1505,0.11112253084320926
1094,415,1509,0.11116845698427724
1088,421,1509,0.11120461074310224
1088,418,1506,0.11125220504713955
1087,414,1501,0.11129691818293119
1092,415,1507,0.11134060304787415
1093,415,1508,0.11136929712797441
1089,420,1509,0.11139335813175374
1094,418,1512,0.11142492149303564
1080,424,1504,0.11144286927786354
1076,425,1501,0.11149230130964899
1066,420,1486,0.11154597406586884
1078,420,1498,0.11161825986098449
1081,417,1498,0.11165759157557478
1087,416,1503,0.11168762599085535
1079,424,1503,0.11170138225094217
1080,421,1501,0.11173265240707289
1072,420,1492,0.11175859550768422
1064,423,1487,0.11180061840152232
1077,419,1496,0.11185715475258579
1080,423,1503,0.11187947682099524
1086,424,1510,0.11189353058178547
1084,427,1511,0.11189220451992204
1086,426,1512,0.11189601091738322
1077,421,1498,0.11189552318551793
1076,418,1494,0.11191524636491235
1083,421,1504,0.11193510681045707
1074,414,1488,0.11193752552884963
1070,418,1488,0.1119597960068416
1077,416,1493,0.111990043968475
1063,416,1479,0.11200136067190858
1064,416,1480,0.11204341850658796
1058,415,1473,0.1120789693896474
1052,422,1474,0.11212449929234485
1062,420,1482,0.1121802073696097
1071,421,1492,0.11220847906579806
1081,420,1501,0.11221319033953728
1075,425,1500,0.11219337794368676
1081,417,1498,0.11218881976277896
1078,419,1497,0.1121711891312388
1086,433,1519,0.112162334009775
1071,434,1505,0.11213692804254878
1071,440,1511,0.11214776441887675
1067,432,1499,0.11215832029291825
1067,435,1502,0.11217761562837382
1076,437,1513,0.11219644136143639
1075,441,1516,0.112193390473787
1091,438,1529,0.11219273253286804
1082,439,1521,0.11215596258999203
1070,434,1504,0.11214322961921272
1075,436,1511,0.11215923425667963
1078,431,1509,0.11216168351140507
1067,430,1497,0.11215758209363796
1064,430,1494,0.11217893487059595
1071,433,1504,0.11220530371055663
1059,443,1502,0.11221429273173358
1047,445,1492,0.11225098323553187
1055,450,1505,0.11231193478496244
1060,451,1511,0.11234966737113389
1058,441,1499,0.11237278276248247
1067,441,1508,0.11239918893093716
1069,446,1515,0.11240212410644038
1072,442,1514,0.1124003949895663
1075,442,1517,0.11239068216914629
1072,445,1517,0.11237567930778286
1068,440,1508,0.11237008214007581
1071,442,1513,0.11237344258059165
1063,439,1502,0.11236999408848355
1059,440,1499,0.11238548481565036
1055,446,1501,0.11240917514604153
1059,444,1503,0.11244035139660948
1065,444,1509,0.11245957384343593
1066,445,1511,0.11246398866158713
1069,453,1522,0.11246613013044357
1057,449,1506,0.11246088740466582
1049,457,1506,0.11248399996963675
1047,460,1507,0.11252570692804312
1041,463,1504,0.11256812789301325
1046,458,1504,0.11262144179693025
1050,449,1499,0.11265882882521666
1057,456,1513,0.11268249584168259
1051,461,1512,0.1126884872039417
1044,459,1503,0.112707851308306
1040,457,1497,0.11274138555041992
1039,459,1498,0.11278032060723181
1029,464,1493,0.11281953375437397
1033,465,1498,0.11287889667800456
1035,457,1492,0.11292564651981941
1029,457,1486,0.11296509574340863
1023,463,1486,0.11301613016215878
1025,465,1490,0.11307648912271512
1030,474,1504,0.11312723145979466
1023,478,1501,0.11316224311071607
1022,475,1497,0.11321115672632497
1026,476,1502,0.11325819093454367
1030,476,1506,0.11329312100698646
1036,473,1509,0.11331608631839873
1040,475,1515,0.11332431974868347
1033,481,1514,0.11332205679654592
1026,484,1510,0.11333609798184974
1013,478,1491,0.11336560253664613
1017,477,1494,0.11342229946715524
1022,473,1495,0.11346555125685484
1030,478,1508,0.11349343452884832
1022,474,1496,0.11350119020810925
1035,475,1510,0.11352645988046646
1023,479,1502,0.11351911172355622
1019,476,1495,0.11354000861947093
1024,481,1505,0.11356784099308244
1017,482,1499,0.11358186993634549
1009,486,1495,0.11361026587004645
1007,483,1490,0.11365602714428034
1005,482,1487,0.11370278690110905
1012,490,1502,0.11375068689716276
1015,494,1509,0.1137768808166924
1018,490,1508,0.11379381253588232
1026,488,1514,0.11380226526314226
1025,493,1518,0.11379203944587087
1022,496,1518,0.1137852715460317
1023,491,1514,0.11378478861396374
1029,492,1521,0.11378229976527138
1031,500,1531,0.11376721641455906
1019,495,1514,0.11374927904612207
1001,494,1495,0.11376234229515714
1009,497,1506,0.1138153666439648
1007,499,1506,0.11384526822619928
1006,502,1508,0.11387773499033443
1009,495,1504,0.11390882093831563
1010,496,1506,0.1139306014835801
1000,498,1498,0.11394919489016431
986,500,1486,0.11398943831498565
978,502,1480,0.11405902977901611
983,507,1490,0.1141416005412423
978,511,1489,0.11420704514833915
991,511,1502,0.11427905079736071
988,504,1492,0.11431599494458095
992,505,1497,0.11435629765013434
998,512,1510,0.1143847945989165
1002,515,1517,0.11439722092008839
1008,517,1525,0.11440013287741689
1009,514,1523,0.11438875907038408
1000,507,1507,0.11437699670030935
991,505,1496,0.11438681593930836
1000,513,1513,0.1144163450733193
992,510,1502,0.11442195111589427
991,515,1506,0.11444634145071678
986,519,1505,0.11447101558372381
973,519,1492,0.11450561629201207
977,519,1496,0.11456768728524133
972,525,1497,0.11461563035817379
975,524,1499,0.11467087794500465
973,533,1506,0.11471532831593027
979,528,1507,0.1147611184131864
969,528,1497,0.11478862218183158
973,531,1504,0.11483699360375993
969,530,1499,0.11487217015768605
974,534,1508,0.11491529071609108
974,536,1510,0.11494289975238811
977,541,1518,0.11496974175011909
977,542,1519,0.11498650396439061
966,544,1510,0.1150018371417128
976,534,1510,0.11504206931749934
968,542,1510,0.11505593638575093
951,550,1501,0.1150886125500825
949,550,1499,0.1151590162894853
943,555,1498,0.11522827521359051
947,546,1493,0.11530725364492067
954,547,1501,0.11537128903705661
950,552,1502,0.11541406343373768
948,549,1497,0.11546232375472908
953,550,1503,0.11551166085108949
950,558,1508,0.1155450250590584
944,562,1506,0.11558406902474377
942,552,1494,0.1156340007783582
939,555,1494,0.11568547366464077
942,555,1497,0.11574026036072758
938,560,1498,0.11578270776449692
933,565,1498,0.11583194824793408
930,562,1492,0.11588906339910267
934,567,1501,0.11594815955872796
932,569,1501,0.11599490357379928
940,564,1504,0.11604343925241929
948,564,1512,0.11606976919512675
950,568,1518,0.11607477205674975
928,576,1504,0.11607419494927038
935,570,1505,0.1161252076716892
932,574,1506,0.11615534595497536
935,566,1501,0.11619061706437481
933,563,1496,0.11621627453084984
928,573,1501,0.11624616608994622
926,568,1494,0.1162831546162152
920,570,1490,0.11632148897772748
933,580,1513,0.11637171005298651
929,576,1505,0.11638672799737922
927,575,1502,0.11641037695031496
933,575,1508,0.11643762120320458
935,572,1507,0.11644815296689254
926,573,1499,0.1164536464315302
927,576,1503,0.11648042139601668
930,572,1502,0.11650153045978563
918,566,1484,0.11651515061025215
918,570,1488,0.11655608983539789
926,571,1497,0.11659516605257668
925,577,1502,0.11661249047737667
927,576,1503,0.11662963849591669
930,588,1518,0.11664122204214143
931,588,1519,0.11664477136956826
911,584,1495,0.11664636827236798
923,573,1496,0.11669500981019777
915,575,1490,0.11671178415314237
918,571,1489,0.11674599584384417
916,588,1504,0.11677081205932267
911,592,1503,0.11679898800114245
919,589,1508,0.11683650398640254
916,596,1512,0.11685299337090058
925,588,1513,0.11687535030133614
923,591,1514,0.11687430866567389
914,592,1506,0.11687946926751923
915,594,1509,0.11690548137567623
903,595,1498,0.11692675212672732
906,597,1503,0.11697653459694582
906,606,1512,0.11701545838639743
904,611,1515,0.11705151853857576
902,606,1508,0.11708900976497989
905,600,1505,0.11712808803161426
908,599,1507,0.11715735580536148
907,602,1509,0.11717737793961568
914,601,1515,0.11719766694942325
912,601,1513,0.11719917694282639
917,593,1510,0.11720458298586969
915,595,1510,0.11719793542042131
916,583,1499,0.11719797725258832
915,591,1506,0.11719577165384998
921,599,1520,0.1171971935178772
911,602,1513,0.11718389777730408
911,601,1512,0.11719654029864046
924,599,1523,0.11720684594803586
924,597,1521,0.11718509353558737
913,604,1517,0.1171650588698239
907,602,1509,0.11717233440071383
907,594,1501,0.11719227262360324
912,594,1506,0.11721058373686098
907,596,1503,0.11721600672802507
908,604,1512,0.11723313672391819
902,604,1506,0.11724771038312465
896,608,1504,0.11727487409093389
896,611,1507,0.1173138728731706
900,606,1506,0.1173493779019782
894,608,1502,0.11737268935688273
881,606,1487,0.11740821655942522
891,597,1488,0.11747298525600824
891,605,1496,0.11750882084364914
894,608,1502,0.11754106786509727
889,608,1497,0.11756233306044912
883,612,1495,0.11759428067547685
883,609,1492,0.11763764763481735
890,609,1499,0.11767649368350916
906,606,1512,0.1176960815234613
899,611,1510,0.11767628341738182
897,606,1503,0.11767638949614653
891,613,1504,0.11768141267936222
897,619,1516,0.11769978111225282
895,608,1503,0.1177030684830688
884,610,1494,0.1177107711930472
875,610,1485,0.11774370542015261
884,625,1509,0.1177946123885259
881,624,1505,0.11781884772682666
890,625,1515,0.11784774425063826
886,620,1506,0.11785332567502309
882,613,1495,0.11786774724242777
889,605,1494,0.11788995833486336
892,609,1501,0.11789469245818036
876,615,1491,0.11789349275583501
876,622,1498,0.11793158012388322
881,622,1503,0.1179674002720996
867,619,1486,0.11798919950713443
869,626,1495,0.11804158313526074
866,623,1489,0.11808442769199738
868,627,1495,0.11812998579465304
875,623,1498,0.11816756996944364
875,621,1496,0.11818555842005624
879,622,1501,0.1182028755286538
889,628,1517,0.11820845479380009
886,628,1514,0.1181892920987001
877,621,1498,0.11817806089866956
875,619,1494,0.1181888703258376
871,623,1494,0.11820369725401356
873,631,1504,0.1182272605920004
877,628,1505,0.11824525714268727
884,628,1512,0.11825335633663947
883,623,1506,0.11824309533806093
885,631,1516,0.11823643507472494
880,638,1518,0.11822516460917651
881,642,1523,0.11822670437121503
880,642,1522,0.11822524451828832
878,635,1513,0.11822590647886864
866,637,1503,0.11823090318793472
876,628,1504,0.11826328843027625
866,615,1481,0.11826837121542882
868,621,1489,0.11829602873497178
864,624,1488,0.11831689457369109
867,635,1502,0.11834498761756837
868,637,1505,0.11836505055990106
870,635,1505,0.11838175802769153
870,644,1514,0.1183922367257335
872,641,1513,0.11840407307959672
864,648,1512,0.11841036383757807
868,635,1503,0.11843654106398097
864,633,1497,0.11845043307676226
874,633,1507,0.11847231545309725
872,637,1509,0.11847019972096642
863,633,1496,0.11847401954772917
863,631,1494,0.11850007747662566
856,641,1497,0.11852457699670889
842,637,1479,0.11856350353481701
851,637,1488,0.11863311859971913
851,642,1493,0.11867443091909173
844,649,1493,0.1187126654237367
850,650,1500,0.11876495810419169
852,651,1503,0.11879900203436726
853,665,1518,0.11882547691325307
858,657,1515,0.11884852705155464
845,662,1507,0.11885946999209412
851,663,1514,0.11890215152799741
850,665,1515,0.11892580153945545
853,655,1508,0.11894879952394
858,652,1510,0.11896276896834417
847,653,1500,0.11896468222888547
845,652,1497,0.11899158802866198
848,648,1496,0.11902108416839155
844,639,1483,0.11904049689612985
848,651,1499,0.11906803009961381
852,647,1499,0.11908371867608229
852,644,1496,0.11908836431237106
853,649,1502,0.11909189050346018
856,648,1504,0.11909271574407886
855,650,1505,0.11908399679106513
861,657,1518,0.11907887521388691
853,657,1510,0.11905941821150208
857,654,1511,0.11905956553393143
860,655,1515,0.11905052105342183
858,652,1510,0.11903501528455827
861,643,1504,0.11902614444158757
852,642,1494,0.11900978495414379
841,644,1485,0.11901538018700847
849,644,1493,0.11904735110502344
856,639,1495,0.11905626347793642
852,643,1495,0.11904603700829738
840,647,1487,0.11904624751903718
844,650,1494,0.11907575273319512
850,661,1511,0.11909164063669221
853,660,1513,0.1190921765818237
853,656,1509,0.11908666520088376
847,649,1496,0.11908241364882122
844,651,1495,0.11909409363619268
848,658,1506,0.11911193825123241
849,658,1507,0.11911998192811542
857,661,1518,0.11912512600668604
852,665,1517,0.11911078425701416
847,672,1519,0.11910920104740969
835,676,1511,0.11912063450853011
830,680,1510,0.11916054579419613
839,674,1513,0.11921052435730922
841,676,1517,0.11923503591986574
833,664,1497,0.11925329577590649
837,664,1501,0.11929053114182747
826,664,1490,0.11931474807648232
829,658,1487,0.11936386133913533
837,661,1498,0.11940113393512697
844,669,1513,0.1194159147960791
838,670,1508,0.11941338153532553
826,678,1504,0.11942658128554706
831,681,1512,0.1194680544690057
835,674,1509,0.11949367320914868
829,681,1510,0.11950762791840837
834,679,1513,0.11953557735034213
830,680,1510,0.11954880449697583
822,686,1508,0.1195707185535702
825,694,1519,0.11961011077571967
816,692,1508,0.11963863243556623
801,685,1486,0.11968657656353496
806,690,1496,0.11976683689330724
800,698,1498,0.11982815433220063
803,701,1504,0.11990062275284853
797,697,1494,0.11995970978625349
805,688,1493,0.12002878972743511
812,679,1491,0.12007345584657975
814,682,1496,0.1200962144717041
821,688,1509,0.12011205662741328
814,691,1505,0.120110815984902
807,682,1489,0.12012665252805839
790,701,1491,0.12015863034178849
793,704,1497,0.1202304008237046
804,701,1505,0.120290149869573
801,713,1514,0.12031763080755396
794,716,1510,0.12035026924694513
785,710,1495,0.12039749374186645
791,711,1502,0.12046316960310169
798,722,1520,0.12050750494783152
798,719,1517,0.12053132981955478
799,721,1520,0.12055397093289369
784,712,1496,0.12057201310995345
785,715,1500,0.12062634841854109
797,712,1509,0.12067495067070735
795,714,1509,0.12068889247907713
798,720,1518,0.12070766526260486
797,729,1526,0.12071758331107184
792,718,1510,0.12072895627248964
797,711,1508,0.12075136030629605
783,708,1491,0.12075975602889726
785,719,1504,0.12080118834179138
779,723,1502,0.1208335200399664
776,728,1504,0.12087926293849054
775,726,1501,0.1209300401936328
774,726,1500,0.12098164553489728
777,737,1514,0.12103243868446402
781,731,1512,0.12107172391120828
772,731,1503,0.12109880006233235
775,728,1503,0.12114526397662276
778,731,1509,0.12118003358693683
773,734,1507,0.12120525379066897
782,743,1525,0.12124145196886058
790,750,1540,0.12125383884898316
788,750,1538,0.12124717063457588
787,742,1529,0.12124712126447008
780,732,1512,0.12124853656243191
778,736,1514,0.12126552777461416
777,740,1517,0.12128581047245353
777,740,1517,0.12130624684201777
773,736,1509,0.12132492095879294
766,749,1515,0.12135210965573692
772,745,1517,0.12139436209283354
762,747,1509,0.12141833689552044
768,747,1515,0.1214640435253347
759,745,1504,0.12149111587084736
759,738,1497,0.12153847389047794
759,746,1505,0.12158280671691502
762,741,1503,0.12162361258230919
760,735,1495,0.121654369133974
760,731,1491,0.12168734066283914
761,729,1490,0.12171719421378782
762,727,1489,0.12174298627218035
757,736,1493,0.12176453247110203
759,732,1491,0.12179631865294317
771,735,1506,0.12181930395880379
769,737,1506,0.12181301692073201
769,743,1512,0.12181227388336568
768,748,1516,0.12181191651264438
764,749,1513,0.1218142372632377
757,744,1501,0.12182654905000899
762,747,1509,0.12185526208740666
764,749,1513,0.12187015493524438
752,756,1508,0.12188042624529992
751,765,1516,0.12191888547203676
750,762,1512,0.12195824184572526
747,760,1507,0.1219969607950829
736,762,1498,0.12204008365179474
740,760,1500,0.1221079850873294
743,763,1506,0.12216118464217947
752,771,1523,0.12220235680181421
745,767,1512,0.12221906696933026
730,765,1495,0.12225204260621605
727,759,1486,0.12231884936569162
728,756,1484,0.12238754893082447
751,761,1512,0.12244969869199863
744,754,1498,0.12244969805095086
744,763,1507,0.12246811047885058
741,753,1494,0.12248509676333484
739,762,1501,0.12250896371870443
744,765,1509,0.12253645334068114
747,758,1505,0.1225495634534331
744,759,1503,0.12255384625490665
738,764,1502,0.1225651044072562
743,764,1507,0.12259092890072922
734,769,1503,0.1226030500070582
737,765,1502,0.12263642172869538
751,750,1501,0.12265943584280806
748,753,1501,0.12264613271425119
745,749,1494,0.12264140701108057
747,748,1495,0.12264566350795966
748,759,1507,0.1226438024919775
754,761,1515,0.12263949350050435
755,753,1508,0.12262062648722949
751,753,1504,0.12259998419145328
753,754,1507,0.12259208693014204
755,756,1511,0.12257982956198361
749,757,1506,0.12256505213158432
755,752,1507,0.12256656787273759
749,763,1512,0.12255251643131812
736,763,1499,0.12255489407745732
734,771,1505,0.12258887051499273
728,771,1499,0.12262654837417379
725,772,1497,0.12267654488393191
731,763,1494,0.12273007724624055
728,777,1505,0.12276517985911264
731,765,1496,0.12280492385120045
720,777,1497,0.12283296952455185
722,772,1494,0.12288729833693665
718,784,1502,0.12293390612507608
708,783,1491,0.12298613412996455
712,780,1492,0.12306132009135361
703,784,1487,0.12312107015254718
714,790,1504,0.12319840412480257
709,794,1503,0.12324275764433851
715,788,1503,0.12329690419606737
716,783,1499,0.12333155777588076
713,792,1505,0.12336124425390203
709,789,1498,0.12339736275244807
713,791,1504,0.1234417499459791
711,788,1499,0.12347357266653092
706,805,1511,0.12350835529304804
711,794,1505,0.12355309765947471
714,793,1507,0.12358199078050322
702,800,1502,0.12360148571463987
706,798,1504,0.12365055466776852
698,799,1497,0.12368663258290384
699,800,1499,0.12374069514026274
703,809,1512,0.12378922014685198
716,808,1524,0.12382500556867443
711,801,1512,0.12382658381088878
704,806,1510,0.12384121580656973
709,815,1524,0.12387223299399157
713,814,1527,0.12388901799790712
710,817,1527,0.1238947699053256
705,812,1517,0.12390837795777983
700,800,1500,0.12393264381519653
694,801,1495,0.12396722578207633
698,803,1501,0.12401523058528525
690,795,1485,0.12404978841241117
692,795,1487,0.12410135746216819
689,798,1487,0.12414453868649644
691,793,1484,0.1241932820424484
683,808,1491,0.12423435292399337
673,824,1497,0.12429288356575562
675,827,1502,0.12437274440115101
674,829,1503,0.12444268755654982
665,835,1500,0.12451018594414415
675,835,1510,0.1245951296805384
675,833,1508,0.12464895365623117
680,838,1518,0.12469862400518945
680,844,1524,0.12473369055546052
678,835,1513,0.12476668802950901
674,829,1503,0.12480265585724454
671,832,1503,0.12484496519182745
665,837,1502,0.12489342850628486
674,834,1508,0.12495311119252918
674,842,1516,0.1249871594803152
667,850,1517,0.12502019667016193
663,852,1515,0.12506971596963748
659,848,1507,0.12512650034781828
645,845,1490,0.12518952508955594
647,844,1491,0.12528275465043914
660,852,1512,0.12536239867117022
657,847,1504,0.12540395773277183
665,843,1508,0.12544996147406853
666,855,1521,0.12547253527027533
669,859,1528,0.12549111767942578
661,859,1520,0.12550145047405648
667,855,1522,0.12553085935042518
655,848,1503,0.12554333024081413
665,845,1510,0.1255852723876573
659,844,1503,0.12559878138682734
658,838,1496,0.1256267332037176
649,847,1496,0.12565408658669763
644,857,1501,0.12570277516219264
649,865,1514,0.12576211895931771
653,859,1512,0.12580480046731635
649,872,1521,0.12583518744661254
643,865,1508,0.12587338128918468
650,864,1514,0.1259246957981496
647,865,1512,0.12595327117228652
648,865,1513,0.12598649534472897
649,862,1511,0.12601473589505446
645,865,1510,0.12603947166509283
651,872,1523,0.12607280137363486
642,867,1509,0.1260882785396791
644,858,1502,0.12612521931823475
644,857,1501,0.12615402502404247
641,859,1500,0.12618058634517712
645,863,1508,0.1262120825225581
641,870,1511,0.1262317791709852
651,857,1508,0.12625992840668215
652,861,1513,0.12626140233693126
650,867,1517,0.12626048048887667
660,862,1522,0.12626408688352947
647,870,1517,0.12624222134115737
649,856,1505,0.12625575555734248
638,849,1487,0.12626467160861382
634,847,1481,0.1263003652781568
638,864,1502,0.12634287788464058
631,853,1484,0.12637193419998835
642,857,1499,0.12641674770747946
626,853,1479,0.12643024968391958
632,857,1489,0.12648356867995736
649,856,1505,0.1265171828695481
642,866,1508,0.12650586500077476
642,876,1518,0.1265136363391573
634,873,1507,0.1265213568956697
642,876,1518,0.12654840616241925
633,869,1502,0.12655381257638815
629,867,1496,0.1265807606714318
630,867,1497,0.12661621365623815
634,863,1497,0.12664651077643402
629,863,1492,0.12666520103163884
635,877,1512,0.12669362780370208
633,882,1515,0.12670549955229038
633,886,1519,0.126721178692143
627,884,1511,0.12673616597239237
629,895,1524,0.1267657461416457
632,903,1535,0.12679042136320137
638,889,1527,0.12680555052746115
636,887,1523,0.12680422904946642
627,880,1507,0.1268082437671947
626,869,1495,0.12683503079337025
626,873,1499,0.12686334402237961
633,879,1512,0.12688895601613864
633,877,1510,0.1268950706284883
636,877,1513,0.1269010915281188
634,885,1519,0.12690033125161318
629,893,1522,0.12690466972199124
629,879,1508,0.126922518752916
627,889,1516,0.12693871423869196
628,886,1514,0.1269585413158431
626,892,1518,0.1269745970946971
630,893,1523,0.12699407909762095
627,898,1525,0.12700107056710194
628,897,1525,0.12701525636564356
623,902,1525,0.12702500592926783
618,895,1513,0.12704784200578476
611,890,1501,0.12708213509456423
618,886,1504,0.12713096025380943
612,895,1507,0.1271584047846942
617,899,1516,0.1272007551640183
612,909,1521,0.12722636252513475
615,908,1523,0.12726272351104242
614,900,1514,0.12728960210042706
613,896,1509,0.12731789875208158
616,891,1507,0.1273484254090499
616,899,1515,0.1273684962907971
615,904,1519,0.1273880111155473
613,897,1510,0.12740947240859818
609,895,1504,0.12743632036659278
607,902,1509,0.12747081979942373
603,902,1505,0.12750850392541302
597,911,1508,0.12755332175486475
601,914,1515,0.12760996235696656
604,915,1519,0.12765343822711453
597,911,1508,0.12768639210210267
606,910,1516,0.12773436059355014
604,906,1510,0.1277560627170696
604,908,1512,0.12778227611243465
602,905,1507,0.12780661887624792
599,908,1507,0.1278346363024161
602,890,1492,0.1278677243703517
592,911,1503,0.1278912655540048
597,908,1505,0.12794016182609602
599,914,1513,0.12797237652325077
597,915,1512,0.12799674075603157
599,914,1513,0.1280245893963199
595,918,1513,0.12804507598848683
597,922,1519,0.1280743878224589
592,917,1509,0.12809631436047894
597,915,1512,0.12813006360612544
586,916,1502,0.12814871723073196
589,925,1514,0.12819396342418318
597,917,1514,0.12822842330924147
596,913,1509,0.12823960430637224
588,920,1508,0.12825260591653656
590,912,1502,0.12828479944811286
601,917,1518,0.12830908007142283
597,919,1516,0.12830301412487446
602,916,1518,0.12830672962446613
603,910,1513,0.12829840648214133
603,912,1515,0.12828813809715886
613,904,1517,0.1282779363320124
611,894,1505,0.12824418444784905
614,892,1506,0.12821897255949424
608,897,1505,0.12818809697291292
611,899,1510,0.12817555362170363
612,887,1499,0.12815622891531428
611,893,1504,0.1281362468428472
609,899,1508,0.12812043217413038
604,907,1511,0.12811088660808462
605,896,1501,0.12811376888624434
609,893,1502,0.12811374961138952
609,891,1500,0.1281041552556686
606,889,1495,0.1280938806223591
613,900,1513,0.12809161413053097
609,897,1506,0.12807176749490842
612,903,1515,0.12806177186446657
619,901,1520,0.12804463724816256
613,887,1500,0.12801073118801629
615,883,1498,0.12799548500574862
608,894,1502,0.1279751186425954
611,890,1501,0.12797476102526673
615,898,1513,0.12796672343252508
609,904,1513,0.127947398225687
606,904,1510,0.1279438740870097
606,902,1508,0.12794828804976532
604,904,1508,0.12795229025892885
608,911,1519,0.12796019066236436
613,906,1519,0.1279580786589613
609,897,1506,0.12794384385281557
608,895,1503,0.1279409699123007
610,900,1510,0.12794051953996424
617,894,1511,0.12793569985584813
617,896,1513,0.12791444823981718
621,899,1520,0.12789557720868752
620,891,1511,0.1278684748150346
617,886,1503,0.1278469887183452
619,901,1520,0.12783419488498543
620,894,1514,0.12781713651958765
616,897,1513,0.12779854687479994
613,903,1516,0.12779116153179804
604,900,1504,0.12779306261591422
602,903,1505,0.12781633606408982
601,902,1503,0.1278442934525687
599,905,1504,0.12787280924565692
597,902,1499,0.12790544722318298
603,907,1510,0.12793920232691414
601,916,1517,0.1279550616567012
613,906,1519,0.12797516005846332
604,919,1523,0.12796339752463978
600,921,1521,0.12797525571609636
603,921,1524,0.12799581516927566
599,928,1527,0.12800809196474153
598,916,1514,0.12802934643745348
596,920,1516,0.1280518472122927
598,916,1514,0.12807744225344747
586,915,1501,0.12809557360876617
589,915,1504,0.1281425898636266
591,922,1513,0.12817949661395528
591,921,1512,0.1282093879337318
586,922,1508,0.128236298079096
586,919,1505,0.12827398856999453
589,913,1502,0.12831023558771815
583,904,1487,0.12833641969257542
584,914,1498,0.1283762200218622
578,923,1501,0.1284102696848234
569,920,1489,0.12845746388996107
584,921,1505,0.1285246340718639
582,927,1509,0.12854835867943012
577,933,1510,0.12857487451055696
584,922,1506,0.12861153353713703
597,921,1518,0.12862929782913252
590,916,1506,0.1286136375299712
586,918,1504,0.12861728420917637
580,935,1515,0.1286300835098695
581,932,1513,0.12865771300445317
573,926,1499,0.12868214411906076
576,919,1495,0.12872632819096283
570,928,1498,0.12876049210196144
577,937,1514,0.12880818893072998
570,943,1513,0.12883461626219492
571,954,1525,0.12887698677808848
570,947,1517,0.12891497804069169
572,946,1518,0.12895335038083575
561,950,1511,0.12898457789205722
553,954,1507,0.12904362946810816
557,955,1512,0.12911912127269465
555,961,1516,0.12918014956341264
559,959,1518,0.12924182077566138
553,962,1515,0.12928806071353763
548,958,1506,0.12934540198067804
546,954,1500,0.12941169821487095
548,943,1491,0.12947895769568227
541,949,1490,0.12953565342120288
536,949,1485,0.12960621379039555
535,955,1490,0.129684976746018
530,961,1491,0.1297607379981407
538,972,1510,0.12984377524635785
531,970,1501,0.12990014552400725
536,978,1514,0.12997001988637014
536,983,1519,0.13002244946116256
537,981,1518,0.13007122399899684
535,979,1514,0.1301137099771745
539,974,1513,0.13015921753424264
536,966,1502,0.13019124531401752
534,974,1508,0.1302295050109509
527,976,1503,0.1302720035967641
530,978,1508,0.13032899566553127
533,976,1509,0.13037418247997423
529,986,1515,0.13040859184978415
518,1003,1521,0.13045150127055372
518,985,1503,0.13052000865756017
524,989,1513,0.13058342918445
520,990,1510,0.13062664077068412
521,987,1508,0.13067755945859919
519,987,1506,0.13072280913289622
521,990,1511,0.13077006301972643
527,993,1520,0.13080911536265347
524,989,1513,0.13082929905925783
520,993,1513,0.13085540342941804
521,997,1518,0.13089070612612516
516,997,1513,0.1309194368908876
514,989,1503,0.13095847102306957
511,990,1501,0.1309993222339582
514,988,1502,0.13104516770355432
511,994,1505,0.13107996618325043
511,994,1505,0.1311204455730766
509,1007,1516,0.13115752018682045
509,1001,1510,0.13119685293764616
511,1004,1515,0.13123325293454496
510,1012,1522,0.13126156340987527
517,1003,1520,0.13128900707801813
509,991,1500,0.13129676325447323
522,988,1510,0.13132559011815592
521,997,1518,0.13131874628093393
514,1006,1520,0.13131615255718213
514,1005,1519,0.13133276747682657
513,1005,1518,0.13134835779150011
510,1011,1521,0.13136535000967572
508,1018,1526,0.13138756591570133
504,1008,1512,0.13141328633009844
499,1008,1507,0.13144836234544388
493,999,1492,0.1314938869216771
496,1017,1513,0.13155194334669468
494,1028,1522,0.1315986286963429
489,1024,1513,0.13164636006405314
485,1015,1500,0.1317042171629909
493,1021,1514,0.13176672173765816
497,1022,1519,0.13180314637939233
502,1033,1535,0.1318264067542353
496,1020,1516,0.1318355967701315
488,1024,1512,0.13186067352661926
485,1025,1510,0.1319047718541472
478,1026,1504,0.1319537478938582
484,1035,1519,0.1320172688433691
490,1022,1512,0.13206157761083415
483,1028,1511,0.13208655338922956
480,1027,1507,0.13212858698615199
475,1018,1493,0.13217447824794717
476,1021,1497,0.1322300194590382
474,1018,1492,0.13227901728620395
479,1031,1510,0.13232947766740183
484,1028,1512,0.13236285829773212
477,1032,1509,0.13238043186572143
476,1031,1507,0.13241464857958174
477,1033,1510,0.13244956366126445
489,1026,1515,0.13247994439115568
490,1030,1520,0.13247499156644063
483,1024,1507,0.1324683637614825
478,1024,1502,0.13248194284875706
478,1032,1510,0.13250725295990995
481,1027,1508,0.1325308061642291
473,1033,1506,0.13254274225917556
473,1031,1504,0.1325755979909714
473,1029,1502,0.13260563267831865
468,1033,1501,0.13263415538751977
472,1033,1505,0.1326728649645322
472,1042,1514,0.1326986413576018
476,1039,1515,0.13272258484645216
471,1032,1503,0.13273435015540222
475,1037,1512,0.1327592806986002
470,1039,1509,0.13277171565091397
466,1046,1512,0.13279565102266935
466,1052,1518,0.13282877800923287
473,1052,1525,0.13286005533321646
477,1040,1517,0.13287030947848316
475,1046,1521,0.1328701115235528
474,1049,1523,0.1328752691703927
473,1050,1523,0.1328822758330422
477,1040,1517,0.1328910501196242
474,1031,1505,0.13288857511425142
471,1030,1501,0.13289360251298937
468,1045,1513,0.13290674115327153
466,1051,1517,0.1329277021320004
472,1042,1514,0.1329533405381838
474,1033,1507,0.1329611523048288
469,1050,1519,0.13296284089007634
469,1050,1519,0.13297805876180133
471,1057,1528,0.13299209380635343
467,1066,1533,0.13299878451649466
471,1057,1528,0.13301518441836993
467,1043,1510,0.13302004061597295
466,1044,1510,0.13303445586759313
460,1051,1511,0.13304937007026046
472,1035,1507,0.13307968390220334
468,1028,1496,0.13307526854240326
470,1033,1503,0.13308199229069684
470,1040,1510,0.1330831328491079
467,1043,1510,0.1330844933434598
458,1034,1492,0.13309349862595338
460,1050,1510,0.13312575523130593
461,1046,1507,0.13315015106740907
459,1042,1501,0.13317004615532954
466,1047,1513,0.13319420684883568
467,1044,1511,0.1331987178279265
465,1053,1518,0.1332004259312026
462,1043,1505,0.13320747509803035
466,1049,1515,0.1332222877977013
459,1043,1502,0.13322552866185314
462,1046,1508,0.13324689165825623
472,1051,1523,0.13325858586916475
471,1053,1524,0.133243814857036
468,1059,1527,0.13323279140584066
461,1047,1508,0.13323118540073636
457,1043,1500,0.1332488992047484
460,1048,1508,0.13327660126810123
457,1054,1511,0.133295012433411
453,1069,1522,0.13332051298197578
455,1058,1513,0.1333538541933767
460,1057,1517,0.13337925594445887
458,1046,1504,0.1333901320761132
461,1041,1502,0.13340440558402483
463,1042,1505,0.1334102597652783
460,1053,1513,0.13341119376682725
454,1039,1493,0.1334202706743744
453,1041,1494,0.1334443017769286
452,1034,1486,0.1334703832684248
443,1044,1487,0.1334971783243901
443,1050,1493,0.1335449194595908
450,1050,1500,0.13358892695389304
453,1049,1502,0.13361019300101515
455,1052,1507,0.1336233192397581
459,1053,1512,0.133631274372215
453,1048,1501,0.1336286826800697
455,1057,1512,0.133642812497786
451,1068,1519,0.13365009378830148
450,1065,1515,0.13366728108562403
445,1064,1509,0.1336857644061196
442,1073,1515,0.13371751744189223
445,1069,1514,0.13375458284431718
444,1062,1506,0.1337815979383229
444,1080,1524,0.13380904155368825
446,1076,1522,0.13383455427910115
442,1085,1527,0.1338519679856815
448,1073,1521,0.13387975591481507
444,1067,1511,0.13389053433295015
446,1063,1509,0.13391222942360012
445,1068,1513,0.13392773089883922
440,1059,1499,0.13394483583758554
448,1071,1519,0.13397402843850334
448,1067,1515,0.13397904346223816
449,1052,1501,0.13398533249125724
448,1066,1514,0.13398897661984052
449,1066,1515,0.133994655612457
448,1072,1520,0.13399734939253946
447,1078,1525,0.13400390407145002
448,1068,1516,0.13401338859201722
448,1074,1522,0.13401981155491646
452,1066,1518,0.13402503632171953
453,1077,1530,0.13401927757053989
451,1074,1525,0.13401167319151072
444,1075,1519,0.13401016248662453
440,1073,1513,0.13402802865421407
442,1066,1508,0.13405464569464765
442,1058,1500,0.13407412829040466
444,1055,1499,0.1340916075215187
437,1061,1498,0.13410215768148107
447,1055,1502,0.13412972473036638
449,1067,1516,0.1341285534717318
448,1067,1515,0.13412265306106214
441,1067,1508,0.13411879461598442
444,1070,1514,0.13413397582365044
440,1070,1510,0.13413996096385167
442,1078,1520,0.1341562093723439
441,1071,1512,0.1341665980083923
442,1082,1524,0.13417805450380946
434,1075,1509,0.1341859540026671
439,1073,1512,0.1342139275512322
439,1077,1516,0.13422677017168583
441,1085,1526,0.13423845252491853
443,1074,1517,0.13424463296845246
446,1074,1520,0.13424481586486958
444,1076,1520,0.13423700689763998
438,1079,1517,0.13423516297643132
437,1082,1519,0.1342491155024371
429,1083,1512,0.13426454929624992
436,1079,1515,0.13430012252914714
430,1079,1509,0.13431543538508414
423,1089,1512,0.13434535854913027
425,1083,1508,0.13439012707754758
416,1087,1503,0.13442712491259565
425,1090,1515,0.13448618039519925
417,1085,1502,0.13451755760064762
424,1085,1509,0.1345679066452677
415,1086,1501,0.13459681250465771
421,1076,1497,0.13464771532151074
422,1071,1493,0.13467976802688642
427,1069,1496,0.13470720598310873
428,1077,1505,0.1347199993704324
427,1074,1501,0.1347283911779791
427,1074,1501,0.1347392180642022
420,1082,1502,0.13474969773439394
419,1095,1514,0.13477862602159157
415,1100,1515,0.1348080736442738
417,1106,1523,0.13484608058964176
414,1102,1516,0.1348758094824273
415,1111,1526,0.1349107265713544
414,1108,1522,0.13494154116753068
413,1102,1515,0.13497337658698952
413,1089,1502,0.13500551084154208
411,1095,1506,0.1350358423997367
414,1101,1515,0.13506891280921013
409,1099,1508,0.13509125266256392
407,1094,1501,0.1351249962204505
403,1095,1498,0.13516144010911046
405,1110,1515,0.13520637380283365
399,1110,1509,0.13524291511627595
391,1099,1490,0.1352934594417478
400,1096,1496,0.1353616530125419
393,1105,1498,0.1354016153724852
396,1111,1507,0.13545752947031275
402,1117,1519,0.13550260397618413
404,1108,1512,0.13552821560505285
405,1114,1519,0.13554661169067014
407,1113,1520,0.1355601426003359
408,1108,1516,0.13556829104478665
410,1103,1513,0.13557294483003676
410,1103,1513,0.13557225660742958
411,1105,1516,0.13557335822054278
413,1118,1531,0.1355705946209319
417,1106,1523,0.13556327836136364
412,1102,1514,0.13554546308675977
411,1104,1515,0.13554285161482416
418,1108,1526,0.13554251648335294
414,1109,1523,0.13552476317765152
413,1095,1508,0.13551896893158122
411,1097,1508,0.1355157824775462
414,1092,1506,0.13551676695622109
411,1099,1510,0.1355098481259984
411,1096,1507,0.13551169356868514
409,1103,1512,0.1355130656573564
406,1117,1523,0.1355202056847217
410,1104,1514,0.13553410306538288
405,1098,1503,0.13553744284409547
411,1102,1513,0.13555446428691503
401,1102,1503,0.13555532675773896
405,1095,1500,0.13558341747658528
402,1104,1506,0.1355986926483835
398,1117,1515,0.1356217508869678
390,1119,1509,0.13565345178907096
385,1114,1499,0.1357051745742009
381,1117,1498,0.13576628051732087
380,1121,1501,0.13583480327042163
390,1125,1515,0.1359004089401612
394,1113,1507,0.13593477480875923
387,1111,1498,0.13595724961739086
377,1127,1504,0.13599711459527317
374,1124,1498,0.1360598518344526
384,1129,1513,0.1361265278127937
379,1130,1509,0.13616138687125354
386,1136,1522,0.13620688397169037
385,1136,1521,0.13622950721708693
389,1123,1512,0.13625356663397692
388,1120,1508,0.13626427256463047
386,1128,1514,0.1362779458909033
388,1138,1526,0.13629590068239938
382,1131,1513,0.13630858165795906
377,1136,1513,0.13633583608669833
374,1139,1513,0.13637500042899395
373,1135,1508,0.1364201773107596
378,1136,1514,0.1364650111614482
374,1151,1525,0.13649446087114372
367,1138,1505,0.13653240254987903
372,1137,1509,0.13658693089672408
373,1146,1519,0.1366255072320374
371,1142,1513,0.13665975098449037
371,1143,1514,0.1366979533595182
372,1158,1530,0.1367333749433597
369,1147,1516,0.13676478780724263
368,1153,1521,0.13680072572107016
367,1149,1516,0.1368372603316841
372,1146,1518,0.13687406591171622
373,1138,1511,0.1368960816556609
372,1139,1511,0.13691490215889604
375,1140,1515,0.13693430211747765
376,1138,1514,0.13694396912370188
376,1140,1516,0.13695034934968286
378,1144,1522,0.13695683546486162
377,1144,1521,0.13695774431124919
375,1144,1519,0.13696140063926684
377,1152,1529,0.13697079260146158
377,1149,1526,0.13697432799430176
369,1134,1503,0.1369769157870336
372,1138,1510,0.13700055635790379
372,1127,1499,0.1370161517241937
368,1130,1498,0.13703074931982887
370,1138,1508,0.13705462810146174
369,1150,1519,0.13707162031923573
366,1147,1513,0.1370906516049008
363,1148,1511,0.13711544018836905
357,1156,1513,0.13714683536995403
354,1160,1514,0.1371936189433041
353,1171,1524,0.13724472522600298
352,1172,1524,0.1372968439904717
347,1164,1511,0.13734767353430288
347,1154,1501,0.13740808716418065
346,1154,1500,0.1374644344947175
349,1161,1510,0.13751890571327713
347,1163,1510,0.1375614694123531
351,1167,1518,0.13760513027034957
348,1165,1513,0.13763551110393513
351,1163,1514,0.1376725427873723
347,1161,1508,0.1376983962005708
345,1170,1515,0.1377329701196674
344,1172,1516,0.1377710750742328
345,1176,1521,0.1378101637707506
346,1177,1523,0.1378435873232705
348,1183,1531,0.13787188226377392
341,1169,1510,0.13789255300686437
343,1170,1513,0.13793084331802125
348,1171,1519,0.1379609170706923
347,1167,1514,0.13797579818529712
344,1170,1514,0.13799191896933785
343,1182,1525,0.13801552319556418
340,1186,1526,0.1380415245762696
337,1179,1516,0.13807483849361651
337,1172,1509,0.13811355162108074
340,1176,1516,0.1381499148517009
336,1185,1521,0.13817640749340576
342,1179,1521,0.13821214759465747
340,1180,1520,0.1382294863574169
338,1170,1508,0.13825117027009273
344,1178,1522,0.13827694075658656
341,1180,1521,0.13828491579456162
342,1165,1507,0.13829979444330037
341,1162,1503,0.13831047883298667
339,1169,1508,0.13832318989272394
339,1176,1515,0.13833965574533427
338,1184,1522,0.13835446075688598
336,1177,1513,0.13837196027204432
338,1181,1519,0.13839508994939723
341,1183,1524,0.13841139919324438
346,1195,1541,0.13841934046997809
348,1186,1534,0.1384133387214335
346,1178,1524,0.13840197905743287
347,1187,1534,0.13839630414744275
348,1193,1541,0.138388787992919
342,1183,1525,0.13837954977035974
342,1174,1516,0.13838611683959207
349,1172,1521,0.1383917090227117
346,1175,1521,0.13837879456785981
343,1168,1511,0.13837389315467125
335,1167,1502,0.13837728255838214
330,1163,1493,0.13840279344500908
336,1161,1497,0.1384415255916875
342,1169,1511,0.13846189896257716
336,1174,1510,0.13846494064108275
333,1179,1512,0.13848404097848202
327,1187,1514,0.13851081937482762
326,1188,1514,0.13855232898593087
326,1176,1502,0.13859313245219718
320,1168,1488,0.13863078372242157
318,1183,1501,0.13868260675888425
320,1197,1517,0.13873533840432217
319,1198,1517,0.13877864809652407
326,1196,1522,0.13882189315944443
323,1185,1508,0.13884276395032732
326,1196,1522,0.13887046264675545
326,1193,1519,0.13888957724254117
322,1192,1514,0.1389082973536146
326,1197,1523,0.13893782613796143
318,1204,1522,0.1389545810749909
315,1191,1506,0.1389918518754917
316,1179,1495,0.13903475811957763
323,1178,1501,0.13907130184723074
321,1191,1512,0.1390863487779109
320,1189,1509,0.13910582588009837
322,1191,1513,0.13912760893911597
318,1196,1514,0.1391428966890483
319,1194,1513,0.13917006435721802
312,1197,1509,0.13919279617514654
317,1181,1498,0.13923324732336376
315,1188,1503,0.13925712541095017
315,1197,1512,0.13928468586460416
312,1202,1514,0.13930931240274316
309,1204,1513,0.13934034291601424
305,1196,1501,0.1393783653323818
302,1199,1501,0.13942438552346734
297,1206,1503,0.13947600470732036
308,1206,1514,0.13953698904437
305,1201,1506,0.13956461910204124
305,1206,1511,0.1395982984715718
311,1208,1519,0.13963038436588268
310,1211,1521,0.1396434294663574
306,1203,1509,0.13965911035534215
312,1204,1516,0.1396843082867848
309,1204,1513,0.13969139812830897
307,1196,1503,0.13970576349783762
310,1203,1513,0.13972500398292678
300,1203,1503,0.13973543061180418
300,1197,1497,0.13977229764005566
299,1205,1504,0.1398077357731992
299,1198,1497,0.13984386994574427
297,1204,1501,0.13987809986222505
299,1219,1518,0.13991599947622407
298,1210,1508,0.1399459405832209
303,1214,1517,0.1399757071078508
310,1201,1511,0.1399898075018749
308,1195,1503,0.13998352016087334
302,1206,1508,0.1399828695924871
309,1207,1516,0.13999871403105524
307,1207,1514,0.13999437864461256
309,1211,1520,0.1399970750753573
307,1204,1511,0.13999499646550637
312,1208,1520,0.13999935492116847
311,1209,1520,0.13998981622494427
309,1210,1519,0.13998414081937546
307,1205,1512,0.1399841331462988
310,1200,1510,0.139989558280267
310,1200,1510,0.1399870450569508
313,1197,1510,0.13998527119679793
317,1198,1515,0.1399755063355412
310,1213,1523,0.13995515655330648
307,1208,1515,0.1399556032926033
307,1215,1522,0.13996352325618625
305,1210,1515,0.1399708542449324
309,1208,1517,0.13998437875621875
314,1197,1511,0.1399867952426411
316,1197,1513,0.13997587497839306
312,1201,1513,0.13996001203342556
309,1198,1507,0.13995552802295289
305,1202,1507,0.13995980270589584
300,1199,1499,0.13997522524818096
302,1197,1499,0.14000167640589403
299,1202,1501,0.1400202286007944
293,1213,1506,0.14004489354840557
291,1217,1508,0.14008357009904177
297,1208,1505,0.14012523403425706
300,1213,1513,0.14014802970866977
296,1216,1512,0.14016086416590504
297,1212,1509,0.14018362540891816
305,1215,1520,0.1402026263751147
304,1216,1520,0.14019840335710657
303,1201,1504,0.1401978191326706
305,1206,1511,0.14020066417901106
304,1203,1507,0.14019829915882112
306,1197,1503,0.14019943339793595
303,1203,1506,0.14019410541755942
299,1204,1503,0.14019809622641094
298,1203,1501,0.1402121539709564
299,1215,1514,0.14022757656185672
297,1220,1517,0.14023983038253088
295,1217,1512,0.14025656667690523
302,1226,1528,0.14027796934034542
305,1215,1520,0.14027889646630098
302,1210,1512,0.1402725348921477
298,1207,1505,0.1402749362035106
295,1197,1492,0.14028913891953787
299,1199,1498,0.14031037636166463
298,1215,1513,0.1403194056421408
297,1223,1520,0.14033005573001273
299,1228,1527,0.1403429572963198
297,1220,1517,0.1403493318665823
296,1213,1509,0.1403612981912122
298,1217,1515,0.1403748780438376
305,1209,1514,0.14038133589851418
306,1214,1520,0.14036869515473774
297,1212,1509,0.14035415015842387
301,1211,1512,0.1403648364824087
301,1221,1522,0.14036443787708192
302,1222,1524,0.14036458083262623
300,1216,1516,0.1403622687286079
304,1212,1516,0.1403656859033921
302,1220,1522,0.1403580087605325
302,1222,1524,0.14035567779618016
294,1211,1505,0.14035218416492407
299,1204,1503,0.14036990365633534
302,1213,1515,0.14037271435974055
301,1206,1507,0.140366947321597
304,1201,1505,0.140364672251223
302,1213,1515,0.14035468976064266
300,1219,1519,0.1403502182795326
302,1214,1516,0.14035188470487767
301,1224,1525,0.14034851641772747
299,1216,1515,0.1403488499239967
304,1222,1526,0.1403548254386882
301,1208,1509,0.14034731699573985
291,1205,1496,0.14034832020042334
288,1197,1485,0.14037540483166064
282,1203,1485,0.1404088231080857
287,1208,1495,0.14045678159184963
291,1212,1503,0.14048789883699583
292,1211,1503,0.14050646817928347
289,1224,1513,0.14052111204183926
284,1227,1511,0.1405422746217756
285,1220,1505,0.14057482141611696
283,1213,1496,0.14060249057278315
284,1221,1505,0.14063389814971688
285,1217,1502,0.1406596764640494
287,1228,1515,0.14068113807109056
284,1231,1515,0.14069640189939772
284,1235,1519,0.14071924207323452
281,1228,1509,0.14074027038965714
282,1226,1508,0.14076783251502833
290,1224,1514,0.14079090113507134
290,1226,1516,0.14079058970310712
290,1233,1523,0.14079112388486612
288,1237,1525,0.140791788201876
286,1235,1521,0.14079736293253275
283,1232,1515,0.14080825531180516
281,1239,1520,0.14082620432060503
277,1224,1501,0.14084804134944104
273,1239,1512,0.14087981779290573
279,1237,1516,0.14091979687781542
278,1240,1518,0.14094175420280533
280,1242,1522,0.1409651356125345
274,1243,1517,0.14098148448416536
270,1247,1517,0.14101304276244292
273,1236,1509,0.14105246699287743
278,1227,1505,0.1410806292782936
277,1226,1503,0.14109431074582138
274,1232,1506,0.14111083596926302
272,1239,1511,0.1411340040869748
279,1238,1517,0.1411612279349564
284,1238,1522,0.1411673611355059
282,1238,1520,0.14115935213637648
281,1234,1515,0.14115749781407905
272,1232,1504,0.1411588770937675
274,1237,1511,0.14118499901582124
268,1251,1519,0.14120355218726435
270,1262,1532,0.14123708583436848
271,1248,1519,0.14126274079792864
271,1234,1505,0.14128440022791502
270,1242,1512,0.14130453569725926
274,1245,1519,0.14132628315495943
269,1244,1513,0.14133587632622133
264,1252,1516,0.14135871293306934
258,1236,1494,0.14139395910780425
257,1244,1501,0.14144344007050466
263,1251,1514,0.14149305626831757
260,1240,1500,0.14152217935733624
263,1241,1504,0.14155867370837075
260,1240,1500,0.14158405780597336
263,1263,1526,0.1416159011955099
263,1253,1516,0.14163670032345457
264,1250,1514,0.14165643570783282
262,1258,1520,0.14167141806899453
265,1254,1519,0.1416913569878634
264,1258,1522,0.14170132577351244
260,1266,1526,0.14171259699412492
260,1261,1521,0.1417337791696363
260,1268,1528,0.14175397345190566
261,1267,1528,0.14177318193334462
262,1271,1533,0.14178836894238794
260,1257,1517,0.14179963557214822
264,1257,1521,0.14181590195751465
258,1260,1518,0.1418206283838047
256,1250,1506,0.14184099233832032
256,1252,1508,0.14186580530376636
249,1256,1505,0.14188877362686483
250,1264,1514,0.14192917389393675
252,1255,1507,0.1419639058113433
253,1261,1514,0.14199077149083356
253,1249,1502,0.14201275374742506
251,1240,1491,0.14203296843764796
258,1252,1510,0.14205852976622504
258,1265,1523,0.14206316951082987
252,1267,1519,0.14206754462938595
256,1258,1514,0.14208853020007453
250,1268,1518,0.14209688930143724
248,1269,1517,0.14212122480452918
241,1269,1510,0.1421495774178537
240,1275,1515,0.14219459560591183
240,1281,1521,0.1422398652654974
242,1274,1516,0.14228237071138192
242,1280,1522,0.14231634662438367
234,1269,1503,0.14234782386610972
233,1259,1492,0.14240007596276033
230,1269,1499,0.1424516279880917
228,1282,1510,0.14250775474796978
227,1270,1497,0.14256610803836717
226,1278,1504,0.142623391303309
230,1282,1512,0.14267982644584512
230,1271,1501,0.14272199864482038
230,1261,1491,0.14276213293884754
238,1271,1509,0.14280020808157062
236,1263,1499,0.14281452786062676
233,1283,1516,0.14283395890564818
234,1281,1515,0.14286029653490406
233,1282,1515,0.14288221948879629
234,1286,1520,0.14290617593461202
234,1286,1520,0.14292605314914975
230,1279,1509,0.14294495536003393
233,1262,1495,0.14297283896564605
233,1270,1503,0.14299036856369732
238,1270,1508,0.14300651511850823
235,1278,1513,0.14300809272852258
233,1285,1518,0.14301906227578842
230,1293,1523,0.143034888048985
224,1285,1509,0.14305751363354532
226,1278,1504,0.14309542474788844
229,1284,1513,0.14312481757311735
233,1279,1512,0.14314428880030888
230,1276,1506,0.14315133409007572
229,1298,1527,0.14316668536117907
226,1296,1522,0.14318341312189825
220,1296,1516,0.14320724977273344
225,1296,1521,0.14324603529707156
226,1287,1513,0.1432677471559053
224,1290,1514,0.14328549726083442
222,1283,1505,0.1433071679228814
216,1285,1501,0.14333273042530786
221,1275,1496,0.14337244195705304
222,1283,1505,0.14339544112422442
219,1280,1499,0.14341409239396183
221,1287,1508,0.14343933137367582
221,1287,1508,0.14345811752459206
220,1287,1507,0.1434755194363724
222,1295,1517,0.14349455053718801
224,1298,1522,0.1435068041109011
227,1293,1520,0.14351320522187805
221,1298,1519,0.14351105881409573
223,1293,1516,0.1435262869790712
223,1295,1518,0.14353562745681864
220,1297,1517,0.14354464677104037
218,1305,1523,0.14356061273484128
217,1302,1519,0.14358057444362118
218,1302,1520,0.1436020402223485
215,1311,1526,0.14361947478715476
216,1313,1529,0.14364414767147765
212,1311,1523,0.14366409903810518
210,1304,1514,0.14369418699415784
212,1301,1513,0.14372719668940143
216,1286,1502,0.14375266260332345
213,1293,1506,0.14376495558692415
212,1300,1512,0.14378560451790676
212,1304,1516,0.14380730850272574
212,1293,1505,0.14382726976153967
211,1302,1513,0.14384561113332975
215,1298,1513,0.14386583573359646
213,1297,1510,0.14387317656939075
211,1305,1516,0.1438852557274072
214,1309,1523,0.14390266544476416
218,1301,1519,0.1439103248838446
217,1304,1521,0.143905176479282
219,1294,1513,0.14390340895471124
216,1293,1509,0.14389590385522857
213,1279,1492,0.14389780456757204
216,1272,1488,0.1439075938094227
215,1280,1495,0.1439089117128742
211,1292,1503,0.14391272838701932
209,1289,1498,0.14392762701145403
216,1290,1506,0.14394752889105134
215,1290,1505,0.14394607370468523
217,1289,1506,0.1439477013702029
223,1301,1524,0.14394405774586422
228,1291,1519,0.14392280685936856
223,1299,1522,0.14388877032359057
227,1299,1526,0.14387120409559823
225,1297,1522,0.14384409859887934
223,1293,1516,0.1438245196948026
221,1288,1509,0.14381160150303207
219,1294,1513,0.14380573414743147
220,1292,1512,0.14380587637807
217,1283,1500,0.14380282539000835
221,1283,1504,0.14380863399434446
224,1289,1513,0.1438020111708796
226,1294,1520,0.14378837607300402
227,1297,1524,0.14376931062261644
228,1292,1520,0.14374903343397302
229,1282,1511,0.14372744157403058
228,1289,1517,0.14370465152640063
227,1291,1518,0.14368601937988124
223,1292,1515,0.14367119753477936
222,1298,1520,0.1436682551376662
221,1293,1514,0.1436682381841657
224,1295,1519,0.14367081390286932
217,1291,1508,0.14366480090005065
219,1301,1520,0.14367888153300717
213,1303,1516,0.1436866090743348
208,1306,1514,0.143710342751928
214,1307,1521,0.14374634995577126
209,1319,1528,0.14376324664567366
208,1315,1523,0.14379251315781402
206,1316,1522,0.1438224731070783
202,1290,1492,0.14385622311061438
206,1297,1503,0.1438989675439652
211,1307,1518,0.14392756099544493
207,1311,1518,0.14394027264734274
204,1308,1512,0.14396356994243384
205,1307,1512,0.14399381441638057
203,1304,1507,0.1440188950256499
200,1306,1506,0.14404825666507629
200,1304,1504,0.14408396425509573
202,1310,1512,0.14411701338339644
202,1308,1510,0.144141719068927
196,1312,1508,0.14416504583566747
196,1314,1510,0.14420376745424435
192,1309,1501,0.14423962609402202
197,1319,1516,0.14428469125557064
196,1321,1517,0.14431257530047678
191,1319,1510,0.14434131261327415
197,1327,1524,0.14438192271442277
195,1319,1514,0.14440332694388655
188,1328,1516,0.14442917301586677
190,1336,1526,0.14447289721563003
190,1338,1528,0.1445087379036872
195,1340,1535,0.14454287745312655
194,1328,1522,0.14456035303977333
194,1326,1520,0.14458007356155025
195,1328,1523,0.1445983844552357
194,1335,1529,0.14461252910139927
194,1333,1527,0.1446293698389248
190,1318,1508,0.14464472298144038
183,1320,1503,0.14467038401310547
185,1334,1519,0.14471469078138363
187,1327,1514,0.14475030064027575
185,1315,1500,0.14477830746190704
184,1316,1500,0.14481057688507415
181,1315,1496,0.14484378801714615
179,1325,1504,0.14488358865515633
176,1310,1486,0.14492663416916965
181,1335,1516,0.1449752436088003
178,1323,1501,0.1450065192846033
175,1320,1495,0.14504347900963666
173,1327,1500,0.14508641893681706
171,1333,1504,0.14513230940924995
166,1337,1503,0.14518124055462914
168,1336,1504,0.14524196472994783
169,1349,1518,0.1452932727811555
170,1355,1525,0.14533862269494457
167,1344,1511,0.14537827319677857
166,1343,1509,0.14542416427535396
165,1355,1520,0.14547004244759665
165,1354,1519,0.14551572820500905
164,1334,1498,0.14555863780583003
162,1335,1497,0.14560145163454893
160,1346,1506,0.14564699937253742
159,1354,1513,0.14569554470960447
159,1365,1524,0.14574397305514428
155,1355,1510,0.1457892416549127
151,1346,1497,0.14584343676662925
150,1346,1496,0.14590589041479307
152,1345,1497,0.14596700909973429
151,1354,1505,0.14601816466424514
154,1364,1518,0.14606888243105304
153,1364,1517,0.14610792379077353
148,1365,1513,0.1461470790296719
145,1372,1517,0.14619780662725526
143,1370,1513,0.14625374857901033
139,1365,1504,0.14631213389173467
139,1363,1502,0.14637788762948198
140,1377,1517,0.14643869127716067
142,1378,1520,0.14649235667144916
141,1384,1525,0.1465368800496317
142,1381,1523,0.14658118228204176
141,1380,1521,0.14661965265119292
141,1381,1522,0.14665890416703295
140,1389,1529,0.146696029079577
139,1377,1516,0.1467339162191819
137,1386,1523,0.14677218506650735
133,1378,1511,0.14681391661853704
131,1381,1512,0.1468641629468391
128,1387,1515,0.14691666484553392
131,1383,1514,0.1469747620381135
131,1394,1525,0.14702033626241764
132,1399,1531,0.14706293910439105
132,1394,1526,0.14709948012592064
132,1391,1523,0.14713411131758122
131,1389,1520,0.1471662774852306
134,1384,1518,0.14719981194880724
136,1375,1511,0.14722227969166327
134,1376,1510,0.1472380021704765
133,1383,1516,0.1472586947405979
132,1385,1517,0.14728077569828113
132,1369,1501,0.14730413245283336
131,1370,1501,0.1473260613456234
126,1369,1495,0.1473501102912719
123,1377,1500,0.14738736831836197
126,1387,1513,0.14743096167317346
127,1392,1519,0.14746302565889288
126,1387,1513,0.14749026253519681
124,1392,1516,0.14751887340621775
118,1394,1512,0.14755116645336794
113,1404,1517,0.14759841195826293
114,1393,1507,0.1476571376636314
116,1394,1510,0.14770920218656372
113,1397,1510,0.147752259071872
114,1412,1526,0.14780178890174853
110,1404,1514,0.14784549746683712
112,1407,1519,0.1478976843458338
111,1399,1510,0.14794076995829827
116,1401,1517,0.14798392985873865
117,1405,1522,0.14800908756097175
120,1398,1518,0.14802973324431468
121,1394,1515,0.14804019449738243
120,1393,1513,0.14804747389260497
118,1405,1523,0.1480575266981055
116,1396,1512,0.14807288453069894
116,1390,1506,0.14809291477340264
115,1393,1508,0.14811163835781346
112,1392,1504,0.1481321204124043
111,1391,1502,0.14816014957653498
111,1395,1506,0.14818905491785284
115,1405,1520,0.1482161470697286
113,1399,1512,0.1482298367420673
109,1402,1511,0.14824872984157683
107,1416,1523,0.14827795036233343
106,1418,1524,0.14831093934917494
105,1424,1529,0.14834477246588196
105,1418,1523,0.1483790415301143
105,1409,1514,0.14841169050091566
105,1408,1513,0.1484424604307627
104,1420,1524,0.14847115838947725
101,1426,1527,0.14850117696836196
101,1441,1542,0.14853848225204355
98,1438,1536,0.1485733726138124
95,1433,1528,0.14861523394877413
92,1425,1517,0.14866354921640823
91,1415,1506,0.14871797737466438
89,1410,1499,0.14877202064013456
88,1434,1522,0.14882864451998973
85,1425,1510,0.14888472878215592
84,1431,1515,0.14894626989630794
84,1427,1511,0.14900706927446175
78,1422,1500,0.14906399451461214
80,1429,1509,0.1491348616630745
83,1441,1524,0.14919519703882625
82,1447,1529,0.1492429206559116
84,1440,1524,0.14929087921651793
83,1432,1515,0.14932982764484007
83,1418,1501,0.14936970070839237
81,1417,1498,0.14940713226257793
79,1423,1502,0.1494485247815218
77,1435,1512,0.1494934608039963
74,1442,1516,0.1495417861479342
74,1439,1513,0.14959601512693055
70,1456,1526,0.1496468053488962
73,1443,1516,0.14970645559864282
72,1447,1519,0.14975362506811055
70,1447,1517,0.14980088738073763
71,1451,1522,0.1498511092506735
71,1458,1529,0.14989539182503994
70,1445,1515,0.14993669300700294
69,1444,1513,0.14997826621939475
69,1434,1503,0.150020194798611
73,1433,1506,0.1500592373314381
72,1441,1513,0.15008406864937243
71,1437,1508,0.15011037132471344
74,1440,1514,0.15013795010177614
74,1430,1504,0.1501550429899714
75,1436,1511,0.150171020247983
73,1439,1512,0.1501830621432508
74,1448,1522,0.15020036699654724
73,1447,1520,0.1502135083236199
72,1451,1523,0.1502287506233369
70,1445,1515,0.15024634730189393
71,1437,1508,0.15026865406889234
71,1443,1514,0.1502865183911271
70,1454,1524,0.15030331573384123
70,1440,1510,0.15032177404782612
67,1453,1520,0.15033899102139078
67,1456,1523,0.15036429452694733
65,1457,1522,0.15038806141593808
63,1458,1521,0.15041631105980285
65,1462,1527,0.15044848197601782
66,1463,1529,0.15047253166171207
64,1454,1518,0.150492175885081
60,1466,1526,0.1505166532732108
61,1462,1523,0.1505516170796817
60,1468,1528,0.15058133035542617
60,1470,1530,0.1506122754183025
60,1458,1518,0.1506413052126584
60,1468,1528,0.15066872708745663
61,1458,1519,0.15069432422950346
61,1450,1511,0.1507152750692745
63,1439,1502,0.15073478882648936
63,1432,1495,0.15074691258350734
64,1450,1514,0.15075829707131963
67,1448,1515,0.15076598445889305
68,1446,1514,0.15076406921871183
67,1453,1520,0.15075940313992986
67,1452,1519,0.15075834868940607
68,1443,1511,0.15075740564785595
65,1445,1510,0.15075355698382562
65,1452,1517,0.1507590200294047
65,1453,1518,0.15076410650674998
63,1446,1509,0.15076892223012472
65,1448,1513,0.15077929370772575
63,1451,1514,0.15078277359267686
62,1447,1509,0.1507921610688973
65,1459,1524,0.1508038458550121
64,1464,1528,0.15080566849765537
64,1459,1523,0.1508104536229352
62,1470,1532,0.1508149753978324
60,1452,1512,0.15082535963349641
59,1463,1522,0.15084106675688044
60,1466,1526,0.15085886230497192
60,1456,1516,0.1508723811311193
60,1456,1516,0.15088494288080434
58,1445,1503,0.15089659732792388
58,1449,1507,0.15091379102650854
59,1459,1518,0.15092979545840582
60,1467,1527,0.15094168479175654
60,1469,1529,0.15094971318761505
59,1466,1525,0.15095740586030493
60,1459,1519,0.15096771961455852
58,1463,1521,0.15097434575417323
56,1450,1506,0.15098668653834127
56,1452,1508,0.15100439519765657
55,1466,1521,0.15102088622618745
56,1472,1528,0.1510392972935982
57,1471,1528,0.15105340251676957
56,1467,1523,0.15106362423083
55,1455,1510,0.15107636588029996
54,1471,1525,0.1510914629751138
55,1472,1527,0.151108728160307
55,1469,1524,0.1511216763440801
56,1464,1520,0.15113381516491578
55,1461,1516,0.15114218055591738
54,1458,1512,0.1511531202658688
55,1461,1516,0.15116644228520057
53,1449,1502,0.15117583465117018
47,1457,1504,0.15119100680531278
48,1460,1508,0.15122344212769845
49,1457,1506,0.1512506638117894
45,1459,1504,0.15127298827010416
45,1464,1509,0.15130588404230308
46,1467,1513,0.15133650900175447
46,1471,1517,0.1513621537425503
45,1475,1520,0.15138611370798327
43,1473,1516,0.15141167644023526
46,1473,1519,0.15144182477094292
47,1469,1516,0.1514605046559838
47,1476,1523,0.1514748850318764
49,1465,1514,0.15148853981939017
49,1462,1511,0.1514951647702362
47,1462,1509,0.15150158532237135
46,1474,1520,0.1515138814094031
47,1468,1515,0.1515285022238956
47,1472,1519,0.15153908865668456
48,1460,1508,0.1515490404438314
49,1457,1506,0.15155536555092552
51,1468,1519,0.15155795137496722
50,1470,1520,0.15155432431631705
47,1461,1508,0.15155409262283553
47,1469,1516,0.1515631806777054
47,1470,1517,0.15157163871350676
46,1464,1510,0.15157950450237442
46,1460,1506,0.15159004203062867
47,1457,1504,0.1515998355751355
45,1455,1500,0.15160588403163633
47,1467,1514,0.15161787581544087
45,1466,1511,0.15162302198955754
45,1479,1524,0.15163407993229341
46,1470,1516,0.15164435034356852
43,1455,1498,0.15165094488570638
39,1467,1506,0.1516663461180234
40,1482,1522,0.15169343208664737
41,1479,1520,0.1517157013788083
42,1458,1500,0.15173341321390846
39,1471,1510,0.15174692672603282
41,1468,1509,0.1517689516907501
42,1474,1516,0.15178345080254785
42,1480,1522,0.15179412743800128
42,1472,1514,0.15180435138799808
41,1485,1526,0.15181390920705337
41,1487,1528,0.15182606324404974
42,1482,1524,0.15183742197033556
43,1489,1532,0.1518448758308277
43,1479,1522,0.15184893136669678
44,1483,1527,0.15185273112737122
42,1475,1517,0.15185319332901895
44,1471,1515,0.15185987408154553
44,1464,1508,0.15185979500460292
45,1462,1507,0.151859629416009
43,1452,1495,0.1518562769983199
40,1454,1494,0.1518592372345171
40,1452,1492,0.15187136107436294
41,1448,1489,0.15188267991358545
41,1463,1504,0.1518901845959293
43,1460,1503,0.15189727078598853
44,1472,1516,0.15189759073316747
42,1473,1515,0.15189482521063127
44,1469,1513,0.1518984681349507
43,1484,1527,0.15189567615151625
44,1478,1522,0.15189626269907464
43,1471,1514,0.15189363054336305
42,1479,1521,0.1518943279566032
40,1473,1513,0.151898098384814
40,1483,1523,0.15190787904907452
39,1484,1523,0.15191705507948672
38,1480,1518,0.15192881873137257
39,1482,1521,0.15194293334627967
38,1496,1534,0.15195326714051696
37,1487,1524,0.15196615808277156
37,1496,1533,0.15198150566039587
37,1503,1540,0.151995751265385
38,1488,1526,0.15200887857221188
39,1479,1518,0.15201803350036225
39,1457,1496,0.1520236477716746
38,1474,1512,0.15202900902227867
41,1479,1520,0.15203716764799782
39,1472,1511,0.1520354629912927
38,1479,1517,0.15204030931306461
39,1479,1518,0.15204798139670708
39,1473,1512,0.15205199137309683
38,1473,1511,0.15205554041648459
38,1468,1506,0.15206209160995324
40,1468,1508,0.1520682361309298
40,1475,1515,0.15206787398348875
40,1481,1521,0.1520677698895381
40,1487,1527,0.15206783734069973
40,1491,1531,0.15206800423779246
39,1489,1528,0.15206821894721487
39,1487,1526,0.15207160915375748
39,1483,1522,0.1520748426109747
39,1476,1515,0.15207790116181696
37,1485,1522,0.15208078924032611
37,1496,1533,0.1520896834644206
35,1502,1537,0.15209803009837933
34,1485,1519,0.152112087426303
34,1483,1517,0.15212837254256883
34,1492,1526,0.1521436182850113
34,1479,1513,0.15215802213805435
33,1482,1515,0.15217160405345787
32,1477,1509,0.15218749990613342
32,1472,1504,0.15220545240113215
31,1484,1515,0.15222226284349438
32,1490,1522,0.15224115057294849
31,1483,1514,0.1522557307685961
29,1489,1518,0.15227261788102087
28,1494,1522,0.15229481754911242
28,1501,1529,0.1523187069767732
27,1496,1523,0.15234124017873263
28,1491,1519,0.15236550380734967
29,1496,1525,0.1523852633182972
28,1492,1520,0.1524008268510055
28,1500,1528,0.15241868743590337
26,1487,1513,0.15243552646259026
26,1493,1519,0.1524575530659676
27,1496,1523,0.1524782042995244
28,1508,1536,0.15249458103680255
28,1503,1531,0.15250689948664067
26,1490,1516,0.15251856952902446
26,1492,1518,0.15253570766556623
25,1475,1500,0.15255195753967368
24,1486,1510,0.1525702946610016
25,1490,1515,0.15259051456846773
26,1486,1512,0.15260625287308366
26,1483,1509,0.15261801230336944
25,1478,1503,0.15262906383840752
23,1478,1501,0.15264271300016513
23,1480,1503,0.15266193143161827
22,1480,1502,0.152679875165359
22,1486,1508,0.15269986650603817
21,1499,1520,0.15271848659310944
20,1490,1510,0.1527390019844458
20,1503,1523,0.1527612775844086
19,1499,1518,0.1527820175685689
19,1498,1517,0.15280474108767106
18,1490,1508,0.15282595837939453
17,1478,1495,0.15284903742547357
16,1476,1492,0.15287390105387502
16,1491,1507,0.15290029258610907
15,1491,1506,0.15292499018343395
17,1513,1530,0.1529513476184728
18,1519,1537,0.15296991002024718
18,1510,1528,0.15298433978821163
16,1502,1518,0.15299808666782194
14,1493,1507,0.1530171823842844
13,1499,1512,0.15304134031032732
14,1496,1510,0.15306702082005813
16,1497,1513,0.15308805989719101
16,1499,1515,0.1531017419968801
16,1495,1511,0.15311481584629602
16,1486,1502,0.1531272196981252
16,1505,1521,0.15313895283677062
15,1503,1518,0.15315003315715703
13,1513,1526,0.153163551720175
13,1494,1507,0.15318230614016554
14,1498,1512,0.15319971635721263
13,1490,1503,0.15321284207779556
14,1492,1506,0.15322828630519097
14,1488,1502,0.15323966686886284
14,1503,1517,0.1532503533665599
16,1510,1526,0.15326047435237247
16,1506,1522,0.15326362817254494
14,1498,1512,0.15326671390720584
13,1497,1510,0.1532762120468523
13,1498,1511,0.15328819843315633
14,1503,1517,0.1532994695402547
14,1507,1521,0.1533069568522924
12,1513,1525,0.15331411852353924
12,1499,1511,0.15332708574510825
13,1505,1518,0.15333919357258716
13,1497,1510,0.15334745364283062
14,1497,1511,0.15335520905686387
14,1496,1510,0.15335934726514025
14,1500,1514,0.15336334668203516
14,1509,1523,0.15336715491768957
14,1501,1515,0.15337076743825684
13,1487,1500,0.15337418693706897
13,1493,1506,0.15338049820221353
13,1503,1516,0.15338631875760803
14,1500,1514,0.15339160602793975
14,1494,1508,0.1533935275581674
14,1500,1514,0.15339537460136474
15,1508,1523,0.15339714002897242
15,1506,1521,0.15339572985504157
15,1510,1525,0.1533945573698009
15,1509,1524,0.1533935306024231
15,1513,1528,0.1533926148246759
15,1503,1518,0.1533917895904415
15,1505,1520,0.15339104095094316
13,1502,1515,0.15339035856570626
13,1519,1532,0.15339583991054304
14,1517,1531,0.15340095987051985
15,1514,1529,0.153402640845854
15,1519,1534,0.15340114543523475
14,1516,1530,0.15339977038089342
14,1520,1534,0.1534015678963039
14,1513,1527,0.15340322589355215
15,1502,1517,0.15340479064633636
15,1508,1523,0.15340304325494242
15,1503,1518,0.153401489524564
15,1511,1526,0.15340006073234266
15,1513,1528,0.1533987394706263
15,1510,1525,0.15339751408924887
15,1501,1516,0.15339637538409398
13,1504,1517,0.15339531567209608
13,1514,1527,0.15340044069329603
12,1517,1529,0.15340522256861183
11,1515,1526,0.15341286138036464
11,1518,1529,0.15342309764512385
11,1525,1536,0.15343257234685617
11,1525,1536,0.15344139742748572
11,1505,1516,0.15344963250116048
10,1497,1507,0.15345732628345374
12,1488,1500,0.15346761858034935
11,1499,1510,0.1534708159321586
11,1496,1507,0.15347693777345048
12,1498,1510,0.15348266801794225
12,1504,1516,0.15348492738337527
11,1502,1513,0.15348705973336904
9,1503,1512,0.15349237147131128
11,1496,1507,0.15350348043265172
11,1501,1512,0.15350761622554124
11,1500,1511,0.15351151415613548
10,1503,1513,0.15351519985626474
10,1504,1514,0.15352176498593478
10,1508,1518,0.1535279076651857
12,1494,1506,0.15353367269571946
12,1493,1505,0.15353268074656007
12,1499,1511,0.1535318489972183
12,1511,1523,0.15353112874632294
11,1510,1521,0.15353049255119053
11,1504,1515,0.1535331185943427
9,1502,1511,0.15353551620774555
7,1509,1516,0.15354397406188153
7,1497,1504,0.15355812060741447
7,1489,1496,0.15357135711824604
8,1505,1513,0.1535837127814881
6,1495,1501,0.15359210576488663
5,1491,1496,0.15360628920876368
6,1503,1509,0.1536226787765788
5,1512,1517,0.1536346843416153
5,1514,1519,0.15364922167075978
4,1515,1519,0.15366275381021574
5,1501,1506,0.15367861109165554
4,1522,1526,0.15369025408327525
5,1504,1509,0.1537044257154958
5,1498,1503,0.15371449184875816
6,1504,1510,0.15372395490901444
6,1507,1513,0.1537295753179383
5,1504,1509,0.15373498929161844
6,1523,1529,0.15374332887461994
6,1513,1519,0.15374793491702954
6,1516,1522,0.15375228836077595
5,1508,1513,0.1537563975711777
6,1522,1528,0.15376352148811243
6,1525,1531,0.15376683813706604
6,1518,1524,0.15377004843985223
6,1512,1518,0.15377308983560045
6,1512,1518,0.15377595977108058
6,1502,1508,0.1537786638755109
7,1506,1513,0.1537812098331039
6,1494,1500,0.15378031109485388
5,1497,1502,0.15378270359712673
4,1500,1504,0.1537881289936538
3,1506,1509,0.15379646243411255
3,1512,1515,0.15380746326531083
3,1519,1522,0.15381773146562294
3,1515,1518,0.15382733602854193
3,1522,1525,0.1538363335388049
3,1522,1525,0.15384476909848277
3,1507,1510,0.15385268174058883
3,1516,1519,0.15386010644683917
3,1528,1531,0.15386707509886435
3,1513,1516,0.15387361702065447
2,1499,1501,0.1538797593340183
2,1515,1517,0.15388882424669093
2,1519,1521,0.15389731356362127
2,1526,1528,0.1539052665975135
2,1531,1533,0.15391272560490316
2,1540,1542,0.15391972529687975
2,1525,1527,0.15392629624445006
2,1517,1519,0.15393246616274495
2,1523,1525,0.15393826052253773
2,1512,1514,0.1539437029023761
2,1505,1507,0.1539488152221249
2,1512,1514,0.15395361791444492
2,1523,1525,0.1539581300600233
2,1520,1522,0.15396236949961842
2,1514,1516,0.15396635293010696
2,1519,1521,0.15397009598877742
2,1509,1511,0.15397361332853798
2,1512,1514,0.15397691868580948
2,1515,1517,0.15398002494233892
2,1511,1513,0.1539829441818325
2,1512,1514,0.15398568774209076
2,1518,1520,0.15398826626317855
2,1515,1517,0.1539906897320586
2,1525,1527,0.15399296752404287
2,1537,1539,0.15399510844135839
2,1528,1530,0.1539971207490821
2,1518,1520,0.1539990122086641
2,1527,1529,0.15400079010923354
2,1525,1527,0.15400246129685677
2,1528,1530,0.1540040322019022
3,1508,1511,0.1540055088646484
3,1511,1514,0.15400357665589073
3,1508,1511,0.15400178635943942
3,1520,1523,0.1540001212893813
3,1523,1526,0.15399856587214442
3,1538,1541,0.15399711008400938
3,1515,1518,0.15399574616734427
3,1527,1530,0.15399446754467255
3,1528,1531,0.15399326839016922
3,1529,1532,0.15399214342962472
2,1539,1541,0.1539910878313047
2,1530,1532,0.15399340548982277
2,1522,1524,0.1539955646152059
2,1510,1512,0.1539975794929577
2,1499,1501,0.1539994659115869
2,1505,1507,0.15400123452671
2,1518,1520,0.15400289386831795
2,1530,1532,0.15400445133368873
2,1507,1509,0.15400591357577528
2,1513,1515,0.15400728668339084
2,1504,1506,0.15400857627981723
2,1508,1510,0.15400978758516515
2,1515,1517,0.15401092546058293
2,1522,1524,0.15401199444231303
2,1535,1537,0.154012998769483
2,1531,1533,0.15401394240768915
1,1527,1528,0.15401482906954964
1,1517,1518,0.15401904100382113
1,1528,1529,0.15402292784028462
1,1532,1533,0.15402656462395245
1,1525,1526,0.154029975052813
1,1519,1520,0.15403317582177872
1,1524,1525,0.15403618100456473
1,1521,1522,0.15403900321042618
1,1522,1523,0.1540416539996743
1,1525,1526,0.1540441440766304
1,1524,1525,0.15404648340165703
1,1514,1515,0.15404868126820243
1,1513,1514,0.15405074636209418
1,1513,1514,0.15405268681044898
1,1511,1512,0.15405451022374725
1,1510,1511,0.15405622373297376
1,1513,1514,0.15405783402294923
1,1513,1514,0.15405934736257326
1,1525,1526,0.1540607696324739
1,1530,1531,0.1540621063504266
1,1516,1517,0.15406336269481752
1,1525,1526,0.15406454352636978
0,1520,1520,0.15406565340831085
