1389,29,1418,0.13584132862143614
1407,28,1435,0.1329598692740051
1418,29,1447,0.1302813255051272
1434,28,1462,0.12780843919705173
1446,28,1474,0.1255115925841208
1451,28,1479,0.12338654314218282
1466,26,1492,0.12143714679111835
1480,27,1507,0.11962313453220454
1484,27,1511,0.11793607035919276
1476,27,1503,0.11639028799490188
1471,28,1499,0.11500229294312435
1464,24,1488,0.11374999268919299
1455,24,1479,0.1126267606498158
1460,24,1484,0.11162461830482531
1469,23,1492,0.11070052116571066
1460,22,1482,0.10983741406022557
1462,23,1485,0.10907211358883244
1455,23,1478,0.10837023860690342
1464,25,1489,0.107746345018686
1467,26,1493,0.10715794194376553
1472,25,1497,0.10661511545214218
1473,24,1497,0.106109775747662
1471,25,1496,0.1056472402346237
1458,27,1485,0.10523071813853555
1464,27,1491,0.1048801797508207
1478,27,1505,0.10454769829658125
1472,28,1500,0.10421410121961987
1478,30,1508,0.10392333874601531
1476,32,1508,0.1036456803959965
1477,31,1508,0.1033973249718147
1477,32,1509,0.10316889826205865
1469,32,1501,0.10296083854389426
1474,32,1506,0.1027885557845336
1464,32,1496,0.10262086794661393
1466,31,1497,0.10248973250788239
1461,31,1492,0.10236611834337574
1469,31,1500,0.10226441789619241
1469,31,1500,0.10215484009619899
1466,31,1497,0.10205468901654273
1475,32,1507,0.10197009584889491
1457,30,1487,0.10187368652622492
1463,28,1491,0.10182424949714097
1469,29,1498,0.10176603620027262
1458,31,1489,0.1017004581427462
1463,30,1493,0.10166481808771025
1454,27,1481,0.1016215802759556
1471,26,1497,0.10160103573402196
1469,26,1495,0.10154565635552654
1471,24,1495,0.10149967878607216
1474,24,1498,0.10145399677819711
1476,23,1499,0.10140591710202919
1479,23,1502,0.10135810016035521
1470,26,1496,0.10130825875194258
1469,27,1496,0.10128193299590665
1483,27,1510,0.10126003220783591
1471,27,1498,0.10121051193123783
1475,26,1501,0.1011906941169019
1480,25,1505,0.10116375128620092
1468,24,1492,0.1011286889376656
1458,25,1483,0.1011222666970216
1464,26,1490,0.10113782026662672
1453,26,1479,0.10113886584935536
1456,26,1482,0.10116353614609101
1461,26,1487,0.10117975999406938
1462,26,1488,0.10118420593980515
1463,27,1490,0.10118603857548653
1458,27,1485,0.10118558298029352
1454,27,1481,0.101195804753514
1463,27,1490,0.10121336364968418
1457,28,1485,0.10121040184251898
1475,30,1505,0.10122053075497436
1472,27,1499,0.10119129874714332
1476,28,1504,0.10117093639249919
1475,24,1499,0.10114385725379453
1473,22,1495,0.10112147141302713
1466,22,1488,0.10110518243488407
1484,22,1506,0.101105039482904
1472,22,1494,0.10106689004004873
1477,22,1499,0.10105768046757851
1490,22,1512,0.10103844676931047
1477,23,1500,0.10099311744213212
1457,25,1482,0.10097962568794923
1464,25,1489,0.10100970538466733
1467,26,1493,0.10102197314060365
1477,26,1503,0.10102734286063289
1473,27,1500,0.10101088158396154
1479,25,1504,0.10100480575923097
1483,25,1508,0.10098645876095208
1486,27,1513,0.10096105622947821
1489,27,1516,0.1009314356461336
1477,27,1504,0.10089826690039969
1460,24,1484,0.10089397832337536
1457,24,1481,0.10092564738621053
1474,24,1498,0.10096113203320618
1476,26,1502,0.1009572204064392
1464,29,1493,0.10094917067530751
1478,31,1509,0.10096688239732905
1487,30,1517,0.10095330229409612
1483,30,1513,0.10092197100021519
1465,31,1496,0.10090186633556897
1459,32,1491,0.10092205155787454
1453,32,1485,0.10095343592732363
1463,33,1496,0.10099493259142264
1450,34,1484,0.10101151682231828
1460,34,1494,0.10105434167338824
1450,34,1484,0.1010721879723323
1447,35,1482,0.10111006200989982
1441,36,1477,0.10115106114644888
1436,38,1474,0.1012009907981093
1451,37,1488,0.10125728452028185
1453,37,1490,0.10127640942224264
1445,37,1482,0.10128949140473399
1445,38,1483,0.10131848502328883
1447,39,1486,0.10134451156089827
1446,38,1484,0.10136400729870601
1440,39,1479,0.10138418209645066
1440,41,1481,0.10141521395533326
1441,42,1483,0.10144360477334292
1445,41,1486,0.10146786743820739
1441,40,1481,0.10148105673516089
1452,41,1493,0.10150195159467196
1449,42,1491,0.1014980495232683
1450,42,1492,0.10150062977843788
1445,42,1487,0.1015008944329335
1443,43,1486,0.10151140044790086
1436,45,1481,0.1015254145115501
1431,47,1478,0.1015536513324697
1436,43,1479,0.10158928454465531
1452,43,1495,0.10161110510315219
1452,42,1494,0.10159705869350366
1453,41,1494,0.10158403471911966
1444,43,1487,0.1015696913430242
1444,41,1485,0.10157600263186954
1440,41,1481,0.1015819499782474
1442,42,1484,0.10159570495443429
1447,44,1491,0.10160402429262373
1456,43,1499,0.10160113947855813
1468,41,1509,0.101579017403186
1461,43,1504,0.10153330571945589
1454,40,1494,0.1015065738900142
1449,42,1491,0.10149736908737977
1444,38,1482,0.10149964682760881
1444,40,1484,0.10151259502476821
1448,40,1488,0.10152410234117808
1431,40,1471,0.10152634063630579
1435,42,1477,0.10156494611382531
1450,40,1490,0.10159126825111336
1457,41,1498,0.10158327011727657
1437,42,1479,0.10156149915662294
1424,41,1465,0.10158435844957235
1444,40,1484,0.10163276444750621
1447,42,1489,0.10163429123466561
1448,42,1490,0.10162913820031733
1451,43,1494,0.10162227012617592
1450,43,1493,0.10160970303015082
1449,44,1493,0.10160008773416265
1457,44,1501,0.10159321259478127
1465,45,1510,0.1015702553331539
1451,45,1496,0.1015323886168615
1429,45,1474,0.10152740974424741
1441,47,1488,0.10157011784029768
1444,47,1491,0.1015831920163157
1444,46,1490,0.10158898113188627
1447,49,1496,0.10159462361186876
1442,50,1492,0.10159332020206194
1445,49,1494,0.10160279043236806
1449,48,1497,0.10160571471859367
1437,47,1484,0.10159967713495943
1442,49,1491,0.10161948758936312
1437,50,1487,0.10162689729775824
1458,47,1505,0.10164421096602773
1445,50,1495,0.10161534145917273
1453,51,1504,0.10161704199479754
1436,53,1489,0.10160083879318876
1453,54,1507,0.10162277903325151
1451,52,1503,0.10160684837795828
1442,52,1494,0.10159645125726502
1438,53,1491,0.10160651309819375
1442,53,1495,0.10162406234768642
1443,49,1492,0.10163183030189561
1443,49,1492,0.10163671352156343
1431,50,1481,0.10164109688510038
1430,51,1481,0.10167079923660736
1440,54,1494,0.10170031984655253
1427,54,1481,0.10170514173823875
1433,54,1487,0.1017372750537384
1423,53,1476,0.10175403363747666
1436,53,1489,0.10179079131115781
1434,52,1486,0.10179666325979919
1449,51,1500,0.10180626168035492
1448,53,1501,0.10178246215272145
1451,53,1504,0.10176279742346989
1437,53,1490,0.10173858706198168
1438,53,1491,0.10174687380048156
1443,53,1496,0.1017521896095791
1435,49,1484,0.10174639947790956
1446,52,1498,0.10175825603940926
1447,54,1501,0.10174553246490779
1460,54,1514,0.1017316547580008
1445,53,1498,0.10169082027491014
1449,50,1499,0.10168595933146482
1438,51,1489,0.1016732663708699
1436,53,1489,0.10168519551974191
1439,54,1493,0.10170050723046692
1445,55,1500,0.10170826155576768
1438,55,1493,0.10170285524358544
1446,56,1502,0.10171267351670288
1435,58,1493,0.1017043848048878
1432,56,1488,0.10172036766660224
1443,54,1497,0.10174153369884795
1445,53,1498,0.10173695756671243
1439,54,1493,0.10172849283989803
1440,54,1494,0.10173351726641097
1432,53,1485,0.1017360401921518
1443,55,1498,0.1017555352472285
1454,56,1510,0.10174922171879962
1452,59,1511,0.10172003003915979
1442,59,1501,0.10169818189039564
1434,58,1492,0.10169947846964437
1437,57,1494,0.10171773908897695
1430,56,1486,0.10172813830989197
1430,58,1488,0.10175249365624993
1439,59,1498,0.10177451441837115
1445,60,1505,0.101775289795996
1450,61,1511,0.10176308297891148
1435,61,1496,0.10174162821673573
1431,61,1492,0.10175426904731463
1440,61,1501,0.10177445801819932
1437,60,1497,0.10177393041188523
1438,57,1495,0.10177981995608672
1433,56,1489,0.10178326534052295
1440,54,1494,0.10179681315532918
1432,55,1487,0.10179417895118358
1436,56,1492,0.10180816171677538
1448,55,1503,0.10181216465931527
1458,53,1511,0.10179053178139678
1445,50,1495,0.10174903437656997
1444,49,1493,0.10173904814208833
1457,49,1506,0.10173169120130655
1465,51,1516,0.10169737290729461
1462,52,1514,0.10164917438709495
1455,52,1507,0.10161138985630774
1455,53,1508,0.10159160170102371
1453,54,1507,0.10157346399315244
1452,54,1506,0.10156151645948633
1429,55,1484,0.10155258370693815
1417,55,1472,0.10159359274982117
1428,57,1485,0.10165655444509301
1427,61,1488,0.1016902413898859
1427,63,1490,0.10172340165300625
1434,62,1496,0.10175357804906274
1440,62,1502,0.1017663423469461
1437,64,1501,0.10176555698589632
1437,64,1501,0.10177154320142179
1439,61,1500,0.10177665056631181
1430,60,1490,0.10177721338606625
1440,60,1500,0.10179698963402427
1453,61,1514,0.10179401726597921
1439,63,1502,0.10176392556244832
1419,64,1483,0.10176613518397741
1428,64,1492,0.10181119682990016
1419,64,1483,0.10183317789986804
1415,63,1478,0.10187227174430637
1424,64,1488,0.10191695836026998
1414,64,1478,0.10193793611140198
1417,65,1482,0.10197832648995611
1406,68,1474,0.10200900106078059
1411,69,1480,0.10206059889596115
1407,69,1476,0.10209716467749903
1413,72,1485,0.10213871776690275
1413,73,1486,0.10216413397483556
1425,72,1497,0.102187646529202
1423,72,1495,0.10218360664595888
1433,71,1504,0.10218369507990985
1419,71,1490,0.10216266453961598
1426,71,1497,0.10217347118154255
1416,73,1489,0.1021679998442503
1419,72,1491,0.1021845939481632
1420,71,1491,0.10219363852270877
1418,69,1487,0.10219969761333403
1420,69,1489,0.10220966735134444
1408,70,1478,0.10221435263139263
1410,70,1480,0.10224472104283172
1409,70,1479,0.10226770621937924
1420,69,1489,0.10229088729759837
1423,69,1492,0.10228806364360142
1411,70,1481,0.10227954274849557
1418,69,1487,0.10229824814788441
1410,73,1483,0.10229991024348253
1415,71,1486,0.10231840018119855
1422,75,1497,0.10232472547601652
1420,78,1498,0.1023155398201542
1424,77,1501,0.10231143865188921
1429,79,1508,0.10229921248431516
1432,81,1513,0.10227733842152002
1423,80,1503,0.10225142930693014
1416,80,1496,0.10224735046721883
1400,81,1481,0.10225936085461398
1403,82,1485,0.10230466414450663
1404,82,1486,0.10233929312458923
1415,82,1497,0.10236882732044399
1413,79,1492,0.1023715793940174
1406,77,1483,0.10237835778658645
1415,77,1492,0.10239950644947082
1420,77,1497,0.10239889661047591
1432,77,1509,0.10238746882359347
1422,76,1498,0.10235112468073744
1431,72,1503,0.10233928349340506
1420,67,1487,0.10230918374170712
1426,70,1496,0.1023052442996665
1426,68,1494,0.10228873618041635
1436,71,1507,0.1022736585222978
1434,69,1503,0.10223812577604978
1428,68,1496,0.10220990021389385
1437,74,1511,0.10219760401289221
1425,70,1495,0.10216717871483497
1428,70,1498,0.10216520514711437
1418,73,1491,0.10215640164219973
1423,73,1496,0.1021695981931755
1408,77,1485,0.10217019002948025
1395,77,1472,0.10220325664186955
1399,78,1477,0.10226161809272519
1390,81,1471,0.10230645486119162
1400,78,1478,0.10236645768980218
1407,75,1482,0.10239968946994724
1401,77,1478,0.10241507660365919
1408,78,1486,0.10244200346259795
1419,78,1497,0.10245185154713536
1426,78,1504,0.10243740090097823
1412,79,1491,0.10240898453913751
1412,76,1488,0.10241331367817624
1410,77,1487,0.10241686661909542
1414,75,1489,0.10242460606196929
1406,76,1482,0.10242279836936173
1405,77,1482,0.10243839141005431
1401,76,1477,0.10245474656517146
1407,76,1483,0.10247837402919606
1393,84,1477,0.10248717682887207
1394,88,1482,0.10252543679189671
1407,82,1489,0.1025581800619226
1405,80,1485,0.10256088703743294
1404,78,1482,0.10256730060330227
1407,79,1486,0.10257486306107089
1412,78,1490,0.10257466518996335
1422,79,1501,0.10256329480840681
1410,78,1488,0.10253139299148821
1415,79,1494,0.10252891989658497
1422,77,1499,0.10251589835271073
1411,76,1487,0.10248940810840806
1425,76,1501,0.10248920913713203
1423,78,1501,0.10245907148243286
1411,75,1486,0.10243590668082828
1415,74,1489,0.10244086618169268
1413,74,1487,0.10243673894720808
1419,71,1490,0.10243677764448558
1422,74,1496,0.10242360727530453
1419,78,1497,0.10240511600444165
1432,77,1509,0.10239473358967825
1409,77,1486,0.1023576494739335
1398,79,1477,0.10237323036545799
1414,83,1497,0.10241132014646911
1413,81,1494,0.10241137582375384
1403,83,1486,0.10241350545115292
1406,86,1492,0.1024374536280013
1409,88,1497,0.1024528822669122
1409,90,1499,0.10246069531408791
1403,89,1492,0.10246729092829028
1410,89,1499,0.10248637585638079
1413,90,1503,0.10248904949750007
1409,88,1497,0.10248517957564772
1403,94,1497,0.10249023924105728
1396,94,1490,0.10250765315358654
1403,94,1497,0.10253864349019118
1399,94,1493,0.10255272897481428
1408,95,1503,0.10257401470161662
1404,97,1501,0.10257381714004396
1400,94,1494,0.10258218916195591
1408,96,1504,0.10259826527379022
1405,94,1499,0.1025962632726124
1404,96,1500,0.10260122712670942
1403,91,1494,0.1026081197550493
1398,94,1492,0.10261671465916229
1401,98,1499,0.10263578642583347
1404,96,1500,0.10264595532999589
1410,98,1508,0.10264862846799827
1409,97,1506,0.10263845126791633
1393,100,1493,0.10263038343479847
1384,95,1479,0.10265748892764695
1396,92,1488,0.10270226234650498
1400,92,1492,0.10271738737164164
1405,94,1499,0.1027222606248916
1400,91,1491,0.10271592112911015
1394,90,1484,0.10272112376191256
1383,90,1473,0.10273859401739018
1387,89,1476,0.10277838962635685
1381,93,1474,0.10280612356446248
1385,91,1476,0.10284400795544943
1388,92,1480,0.10287054242803119
1388,91,1479,0.10288856734938819
1394,94,1488,0.1029045183642115
1404,93,1497,0.1029062502841683
1397,94,1491,0.10288545059898258
1394,91,1485,0.1028812984581538
1397,93,1490,0.1028844064576473
1386,92,1478,0.10288078121287984
1389,93,1482,0.10290058633204736
1396,93,1489,0.10291224870597773
1390,95,1485,0.10290788803761977
1399,99,1498,0.10291800232808107
1405,100,1505,0.10290771808044978
1398,96,1494,0.10288518580471073
1380,92,1472,0.10287963795177987
1390,94,1484,0.10291317322267993
1394,91,1485,0.10292242259283915
1397,90,1487,0.10292262288216661
1401,96,1497,0.10291601991150123
1397,100,1497,0.10290125297959428
1388,101,1489,0.1028973645481358
1379,99,1478,0.10291343039985318
1386,101,1487,0.10294744432441959
1397,100,1497,0.10296304982661031
1388,102,1490,0.10295269449492989
1380,98,1478,0.10296224424029397
1372,99,1471,0.10298799318866354
1375,95,1470,0.10302939067551793
1384,99,1483,0.10306056951714532
1387,98,1485,0.10306991470577521
1390,98,1488,0.10307150405820757
1392,100,1492,0.10306692044271976
1393,103,1496,0.1030582733497124
1404,102,1506,0.10304838436333646
1393,102,1495,0.10301560961466433
1407,101,1508,0.10300968445246429
1395,101,1496,0.10297427660940524
1391,105,1496,0.10296759309556042
1391,105,1496,0.1029704556628736
1393,107,1500,0.10297316829236021
1390,108,1498,0.10297193829434108
1398,110,1508,0.10297711082795939
1393,112,1505,0.10296448496006783
1378,110,1488,0.10296382383736954
1386,107,1493,0.10299514248579342
1397,108,1505,0.10300696500776375
1386,108,1494,0.10299343312341755
1392,104,1496,0.10300500519888037
1370,107,1477,0.1030031109834648
1382,106,1488,0.10304872465564649
1385,108,1493,0.10306461506985032
1380,107,1487,0.10307371881786608
1392,104,1496,0.10309209821426402
1388,100,1488,0.10308226971663918
1377,98,1475,0.10308145734509509
1393,101,1494,0.10310496523337755
1396,105,1501,0.10309191756672947
1403,106,1509,0.10307347665705802
1393,106,1499,0.10304164976478326
1405,107,1512,0.10303429171470636
1399,108,1507,0.10300164523598224
1398,108,1506,0.1029845628774557
1386,109,1495,0.10297090033990414
1390,107,1497,0.1029845935854243
1386,108,1494,0.10298893000539774
1382,109,1491,0.10300164450219235
1388,106,1494,0.10302218739525401
1394,108,1502,0.10302796018988339
1399,105,1504,0.10302020575697979
1399,103,1502,0.10300245407340444
1397,103,1500,0.10298634572439959
1398,105,1503,0.1029757673979293
1400,105,1505,0.10296370071640236
1392,105,1497,0.1029481963326678
1398,104,1502,0.10295146970397402
1400,101,1501,0.10294111317644403
1395,99,1494,0.1029272103459887
1385,95,1480,0.10292592676430715
1391,97,1488,0.10294619824895626
1391,95,1486,0.10295150010516849
1393,94,1487,0.10295623208245926
1394,95,1489,0.10295626144817191
1389,100,1489,0.10295393515237741
1392,106,1498,0.10296315889961342
1390,106,1496,0.10296531430535864
1399,109,1508,0.10297090005215061
1401,107,1508,0.10295667641003727
1401,106,1507,0.10293911805616084
1393,102,1495,0.10292272647903047
1396,103,1499,0.10292469792007011
1396,102,1498,0.10292086515672332
1390,102,1492,0.10291701030190278
1384,106,1490,0.10292657989179603
1397,108,1505,0.10294783883425986
1388,110,1498,0.1029396612407426
1395,111,1506,0.10295173245600062
1388,109,1497,0.10294778455025672
1374,110,1484,0.10295947072998025
1386,113,1499,0.10299994018576906
1387,111,1498,0.10301122499334418
1382,113,1495,0.10301895422100238
1383,112,1495,0.10303722096789195
1380,110,1490,0.10305202457220318
1379,114,1493,0.10307251996429383
1381,113,1494,0.10309368246193419
1381,113,1494,0.10310840684228953
1369,111,1480,0.10312161165284783
1386,107,1493,0.1031600023419036
1392,107,1499,0.1031582330203733
1386,108,1494,0.10314325177286207
1388,109,1497,0.10314225437169171
1390,107,1497,0.1031365770593657
1393,106,1499,0.10312781046487643
1396,111,1507,0.10311319206257011
1396,110,1506,0.10309349948172933
1390,110,1500,0.10307516975168846
1393,106,1499,0.10307135918949603
1385,103,1488,0.10306102201490341
1391,103,1494,0.10306918598307199
1388,105,1493,0.10306403774179347
1390,110,1500,0.10306581125870652
1376,114,1490,0.10306331631701816
1369,116,1485,0.1030915670556923
1375,120,1495,0.10313194167135918
1371,119,1490,0.10315541064170439
1361,117,1478,0.10318549711611606
1373,116,1489,0.10323418386750116
1381,115,1496,0.10325311081034137
1394,114,1508,0.10325313516029386
1392,112,1504,0.10322538017940829
1383,115,1498,0.10320483230317262
1391,117,1508,0.10320546793704803
1382,118,1500,0.10318949359320635
1382,117,1499,0.10319411824903618
1386,119,1505,0.10319842044208422
1381,121,1502,0.1031927710087469
1377,121,1498,0.10319801916761957
1391,125,1516,0.1032112514464487
1385,126,1511,0.10319311225514478
1387,129,1516,0.10318947536346762
1377,130,1507,0.10318280967970264
1373,127,1500,0.10319890928026275
1359,128,1487,0.10322213355846202
1365,133,1498,0.1032741792481921
1362,133,1495,0.10330917349318267
1369,129,1498,0.10334842712153346
1361,128,1489,0.10336869423778325
1376,130,1506,0.10340386747671505
1379,131,1510,0.10340360342980923
1372,134,1506,0.10339628226907713
1356,139,1495,0.10340494627178508
1361,141,1502,0.10344759850438827
1349,140,1489,0.10347614350749865
1365,140,1505,0.10352741182606914
1367,138,1505,0.10353975020396067
1367,143,1510,0.1035469279425758
1357,141,1498,0.10355371275335935
1352,139,1491,0.10358178838513762
1350,140,1490,0.1036182059762367
1347,141,1488,0.10365566052186992
1341,140,1481,0.10369622703418703
1347,135,1482,0.10374682633604113
1362,136,1498,0.10378018985510519
1352,144,1496,0.10377826914676526
1354,147,1501,0.10379832891040078
1368,147,1515,0.10381243061845921
1379,150,1529,0.1037952955020695
1377,150,1527,0.10375632518557883
1361,151,1512,0.10372438128880145
1356,155,1511,0.1037304670397009
1350,153,1503,0.10374681619426283
1362,153,1515,0.10377511832164067
1359,149,1508,0.10377506680043322
1362,142,1504,0.10378092459375571
1364,142,1506,0.10378010194713021
1358,145,1503,0.10377458020187447
1356,145,1501,0.10378247672707812
1349,147,1496,0.1037938158050688
1357,142,1499,0.1038191563673131
1358,148,1506,0.10382512674285077
1347,149,1496,0.10382814181211832
1354,148,1502,0.1038551441291232
1340,148,1488,0.10386467946100619
1351,146,1497,0.10390404975118059
1348,147,1495,0.10391623872942808
1339,146,1485,0.1039342571428044
1335,146,1481,0.10397035368246614
1340,147,1487,0.10401258879040592
1334,147,1481,0.1040405627240462
1330,151,1481,0.10407954071375453
1343,157,1500,0.10412427736381379
1338,155,1493,0.10413669277947285
1341,159,1500,0.1041588528698065
1334,157,1491,0.10417266717828276
1333,161,1494,0.10420128697349547
1333,159,1492,0.10423023880222793
1335,160,1495,0.10425738947677304
1317,159,1476,0.1042783200891957
1333,162,1495,0.1043368183263812
1337,162,1499,0.10435512357542084
1335,163,1498,0.10436321627434227
1338,165,1503,0.10437421668992006
1335,165,1500,0.10437736296179075
1344,172,1516,0.10438728872466392
1349,164,1513,0.10437679132560801
1344,166,1510,0.1043556358134049
1342,167,1509,0.10434737178537505
1339,166,1505,0.10434457244818582
1336,169,1505,0.10434873490871631
1327,165,1492,0.10435854622617267
1332,161,1493,0.10438671563303574
1328,161,1489,0.1044013387361645
1329,164,1493,0.10442318192137374
1344,166,1510,0.10444125483981072
1354,167,1521,0.10442502938243908
1354,173,1527,0.10438868936780551
1343,173,1516,0.10435580368251479
1330,171,1501,0.10435023506539956
1327,172,1499,0.10437410606208712
1321,174,1495,0.10440225947604714
1313,172,1485,0.10444087240080155
1320,172,1492,0.1044940187667331
1318,178,1496,0.10452778757742752
1327,178,1505,0.10456274693168913
1333,178,1511,0.10457477781909255
1327,176,1503,0.10457324489307578
1330,177,1507,0.10458518197207622
1336,171,1507,0.10458843647640335
1329,175,1504,0.10457842502338678
1324,170,1494,0.10458437463253337
1327,175,1502,0.10460066881242355
1326,176,1502,0.10460972598128095
1319,179,1498,0.10462042898273576
1314,178,1492,0.10464541964224225
1317,177,1494,0.1046786700739324
1320,178,1498,0.10470276289406014
1319,179,1498,0.10471751759186239
1324,179,1503,0.10473348136917413
1332,176,1508,0.10473745934915357
1327,172,1499,0.1047225909547524
1322,172,1494,0.10472041215459109
1333,171,1504,0.1047294373520921
1322,173,1495,0.10471333953948703
1332,173,1505,0.10472322733387232
1343,179,1522,0.10471085824200876
1330,182,1512,0.1046746312532764
1328,182,1510,0.1046702678820276
1333,184,1517,0.10467035743547104
1319,183,1502,0.10465942395312158
1316,182,1498,0.10468097087485857
1321,182,1503,0.1047074503921007
1318,185,1503,0.10472110628678451
1306,189,1495,0.10473948864981834
1309,190,1499,0.10478301265896171
1308,189,1497,0.10481657085773623
1310,187,1497,0.10484951953861378
1330,186,1516,0.10487500131609505
1325,187,1512,0.1048537920738915
1313,184,1497,0.1048453977548403
1315,185,1500,0.10486308489069782
1306,188,1494,0.10487518945717249
1297,185,1482,0.1049063707520958
1298,187,1485,0.10495439033165814
1298,187,1485,0.10499558031749345
1301,184,1485,0.10503281472418804
1301,184,1485,0.10506078263493816
1301,189,1490,0.10508673489188983
1297,193,1490,0.10511091062821375
1307,198,1505,0.10514228533673886
1288,197,1485,0.10514970164523385
1288,203,1491,0.10519794973620296
1288,209,1497,0.10524234221536048
1285,207,1492,0.10528352463605296
1299,203,1502,0.10532750285609645
1306,204,1510,0.10533729980701963
1305,204,1509,0.10533145283540303
1303,200,1503,0.10532869020595136
1293,204,1497,0.10533068399898587
1294,209,1503,0.10535498987803091
1289,210,1499,0.10537435575977992
1294,211,1505,0.10540300568575893
1300,212,1512,0.1054181897519847
1301,207,1508,0.1054196523146669
1304,208,1512,0.10541870258061355
1293,206,1499,0.10541155100573288
1286,205,1491,0.10542912034420521
1283,204,1487,0.10545949984887702
1290,203,1493,0.1054944932367184
1288,208,1496,0.10551138935058905
1297,204,1501,0.10553144304071616
1306,203,1509,0.10552940473292632
1302,197,1499,0.10550682484187873
1302,191,1493,0.10549516113368487
1307,192,1499,0.10548460321017826
1308,195,1503,0.10546393922204836
1311,198,1509,0.10544272567692246
1306,198,1504,0.1054163182199459
1313,199,1512,0.10540322961005208
1306,202,1508,0.10537549694453872
1293,204,1497,0.10536610425542849
1291,208,1499,0.1053862722758023
1288,207,1495,0.10541012800510398
1298,211,1509,0.10543972903448036
1271,214,1485,0.10544556369266622
1269,218,1487,0.10551062941316328
1252,218,1470,0.10557368115908095
1262,223,1485,0.10566947325183901
1270,220,1490,0.10573570981816964
1278,226,1504,0.10577838680254033
1272,229,1501,0.10579958197501385
1268,228,1496,0.10583286627003513
1269,229,1498,0.10587295946793131
1259,226,1485,0.10590678928592766
1270,219,1489,0.10596063147554462
1268,222,1490,0.10598533965759678
1274,224,1498,0.10601168406325363
1264,227,1491,0.10602247311637872
1257,224,1481,0.1060551034627361
1243,225,1468,0.10610069061654219
1244,235,1479,0.10617405570474471
1260,232,1492,0.10623871889230475
1245,236,1481,0.10626191252445662
1253,245,1498,0.10631636023850273
1260,242,1502,0.10634903905995378
1255,241,1496,0.10636353973483569
1248,245,1493,0.1063889955627339
1245,243,1488,0.10642812652716054
1247,245,1492,0.1064707037072475
1250,252,1502,0.10650463655084692
1256,255,1511,0.10652988957660861
1259,254,1513,0.10654063530559715
1248,261,1509,0.10654464471454635
1247,266,1513,0.10657415470682541
1242,263,1505,0.10660337531984944
1241,262,1503,0.10664176257717185
1220,269,1489,0.1066792122686889
1220,267,1487,0.10676052210799405
1210,271,1481,0.1068349490998137
1208,272,1480,0.10692610356269375
1195,278,1473,0.10701396137074987
1207,279,1486,0.10712332235831924
1205,281,1486,0.10719680754701538
1197,282,1479,0.10726866742233743
1208,282,1490,0.10735360990207322
1208,280,1488,0.10740767372151393
1213,285,1498,0.107457854831471
1217,279,1496,0.10749258659975436
1210,286,1496,0.10751537934979248
1201,285,1486,0.10755255044741638
1210,282,1492,0.1076080530912575
1210,285,1495,0.10763899247151741
1221,279,1500,0.10766764666713727
1229,280,1509,0.1076692823003753
1217,282,1499,0.10765313719411065
1213,281,1494,0.10766521916680993
1223,287,1510,0.10768550382011075
1214,288,1502,0.10768151404972741
1209,284,1493,0.10769779974101876
1212,277,1489,0.1077229520644197
1201,282,1483,0.10773910956444877
1197,282,1479,0.10777751158343872
1203,284,1487,0.10782191900803116
1205,284,1489,0.1078499410543494
1206,291,1497,0.10787193832958558
1208,291,1499,0.10788991095975183
1211,293,1504,0.1079027573907626
1205,296,1501,0.1079073413481995
1206,302,1508,0.10792596154976203
1210,298,1508,0.10794087749764643
1204,294,1498,0.1079457167651406
1200,296,1496,0.10796322800584036
1206,294,1500,0.10798954633454075
1196,299,1495,0.10799962241332572
1207,296,1503,0.10803227146566757
1201,300,1501,0.10803785965191987
1203,298,1501,0.10805624419004055
1202,300,1502,0.10806830400471779
1206,304,1510,0.10808151821983547
1211,303,1514,0.10808419985212227
1204,312,1516,0.10807575165395664
1189,310,1499,0.10808353077426944
1183,313,1496,0.10812491018860644
1194,317,1511,0.1081749954693188
1191,313,1504,0.10819616523088162
1186,316,1502,0.10822281675752624
1181,312,1493,0.10825849784872275
1181,317,1498,0.1083023325040493
1172,312,1484,0.10834482046110652
1171,313,1484,0.10840407203294705
1174,315,1489,0.10846015351911528
1172,315,1487,0.1085046106184396
1177,314,1491,0.1085493903713934
1183,314,1497,0.1085779961322373
1196,313,1509,0.10859084719240295
1188,316,1504,0.10857403237447896
1180,307,1487,0.10857568852589694
1178,310,1488,0.10859501033835559
1182,313,1495,0.10861732919830222
1171,317,1488,0.10863001512052549
1169,322,1491,0.10866682460869706
1176,317,1493,0.10870471260300806
1195,323,1518,0.10872376571628979
1186,322,1508,0.10869919351075354
1179,328,1507,0.10869676898935036
1174,331,1505,0.108711665716847
1168,329,1497,0.10873685811363432
1167,329,1496,0.1087735883663436
1165,330,1495,0.1088091835577957
1164,334,1498,0.10884567049383018
1166,340,1506,0.1088812688352596
1168,337,1505,0.10891014078735836
1183,336,1519,0.10893279533938424
1174,334,1508,0.10891997011191025
1170,341,1511,0.10892949564379407
1161,345,1506,0.10894735980939846
1161,345,1506,0.10898489054969535
1152,351,1503,0.10902101133502429
1146,353,1499,0.10907412831124531
1161,350,1511,0.10913627496510957
1158,347,1505,0.10915886374468854
1155,349,1504,0.10918758256833126
1157,343,1500,0.10922048506525722
1158,342,1500,0.1092455299423418
1153,341,1494,0.10926727384407121
1148,340,1488,0.10929701073971426
1151,338,1489,0.1093360727571595
1154,345,1499,0.10936634324426542
1157,345,1502,0.10938559970078213
1169,339,1508,0.1093958806479295
1167,340,1507,0.10937788619524978
1168,338,1506,0.10936584806091666
1155,336,1491,0.1093533068952351
1148,342,1490,0.10937190702118638
1155,345,1500,0.10940540843238689
1151,351,1502,0.1094215590538364
1148,352,1500,0.10944564432120117
1136,351,1487,0.10947633005240774
1139,370,1509,0.10953282163089609
1139,367,1506,0.10957806956661832
1117,369,1486,0.1096193588127046
1118,371,1489,0.10970654636489076
1123,376,1499,0.10978483054818873
1130,374,1504,0.1098461105018167
1133,367,1500,0.10988697006404954
1128,366,1494,0.1099172744013428
1131,367,1498,0.10995547867632194
1120,368,1488,0.10998434347854573
1112,370,1482,0.11003755401455483
1114,372,1486,0.11010573285559086
1118,378,1496,0.11016475173995116
1118,382,1500,0.11020973315881852
1120,383,1503,0.11025090685780274
1123,381,1504,0.11028422253547694
1121,381,1502,0.11030828320789732
1121,384,1505,0.11033445065994013
1122,386,1508,0.11035797673221616
1131,379,1510,0.11037766445061643
1130,382,1512,0.11037551395579244
1125,379,1504,0.11037573657177152
1118,375,1493,0.11038766926428735
1110,367,1477,0.11041529380395215
1109,368,1477,0.11045918091968315
1117,382,1499,0.11050135104249165
1114,377,1491,0.11052261975742773
1117,380,1497,0.1105494013054875
1117,389,1506,0.11056672978808893
1121,387,1508,0.11058330958920168
1105,391,1496,0.11058953473208451
1109,395,1504,0.11063175716589704
1097,393,1490,0.11066096403862552
1102,395,1497,0.11071712580538831
1101,400,1501,0.11075596268705552
1115,397,1512,0.11079324374245882
1104,395,1499,0.11079565836154631
1106,396,1502,0.11082285752798313
1108,395,1503,0.11084391766488615
1106,397,1503,0.11085723931811216
1105,406,1511,0.11087477029213405
1100,403,1503,0.11089428175610744
1099,404,1503,0.11092369925289514
1098,408,1506,0.11095423638071868
1092,409,1501,0.1109829340793489
1094,408,1502,0.11102281522812628
1107,411,1518,0.11105511552812773
1103,413,1516,0.11105566108894642
1111,417,1528,0.11106527018948303
1103,415,1518,0.11105589749477449
1096,409,1505,0.11106587994917319
1097,410,1507,0.1110919107880651
1080,403,1483,0.11111396911866635
1081,409,1490,0.11117507699417967
1085,412,1497,0.11122907697188594
1087,410,1497,0.11126944675912298
1078,417,1495,0.1113011127699069
1085,412,1497,0.11135009605230657
1092,414,1506,0.11137918805195335
1082,414,1496,0.11139016148879703
1076,417,1493,0.11142463477258911
1083,419,1502,0.11147152221090086
1091,423,1514,0.11149841619037523
1081,425,1506,0.11150481370657257
1085,421,1506,0.11153252832288574
1086,419,1505,0.11154788740362108
1099,416,1515,0.11155984903025296
1083,415,1498,0.1115415278415388
1075,421,1496,0.11156268592616826
1078,427,1505,0.11160138111234734
1084,429,1513,0.11162917795481225
1089,430,1519,0.11164186441857389
1076,433,1509,0.11164280184052369
1084,435,1519,0.11167359772600934
1069,432,1501,0.11168367030362158
1078,430,1508,0.11172721783138012
1071,433,1504,0.11174595913747755
1064,433,1497,0.11177900754564987
1054,430,1484,0.1118247256425952
1051,430,1481,0.11189064899507331
1062,430,1492,0.11195724843198981
1073,424,1497,0.11199308004558194
1063,423,1486,0.11200062878528602
1070,432,1502,0.11203180807053385
1062,430,1492,0.1120437279950327
1056,437,1493,0.11207242625860907
1057,440,1497,0.11211458989579492
1069,434,1503,0.11215195274094357
1062,439,1501,0.11215873287683634
1062,443,1505,0.11218298967830431
1067,447,1514,0.11220678515634586
1061,437,1498,0.11221698127147794
1051,438,1489,0.11223946733092459
1047,443,1490,0.11228286170922633
1055,451,1506,0.11233111330194728
1056,444,1500,0.11235723414099183
1055,442,1497,0.1123804445452712
1055,445,1500,0.11240301227755235
1055,444,1499,0.11242254480660444
1048,446,1494,0.11244092795518323
1045,447,1492,0.11247536040082246
1050,451,1501,0.11251480326556865
1055,455,1510,0.11253954671917121
1060,449,1509,0.1125512837945585
1061,450,1511,0.11255086326629912
1059,450,1509,0.11254913385039213
1064,454,1518,0.11255155320190656
1059,456,1515,0.11254089433268932
1058,457,1515,0.11254270669557659
1055,468,1523,0.11254709987587881
1056,461,1517,0.11255834962912335
1052,455,1507,0.11256783860653659
1045,453,1498,0.11258595600484732
1050,455,1505,0.11261996595978285
1049,454,1503,0.11263960000931558
1048,453,1501,0.11266024633859989
1052,456,1508,0.11268248928098909
1046,454,1500,0.11269517064588089
1040,451,1491,0.11271932289061119
1046,456,1502,0.11275629070242171
1049,460,1509,0.11277602339839532
1058,447,1505,0.11278831902756821
1057,455,1512,0.11278026133680133
1058,453,1511,0.11277460841416062
1052,459,1511,0.11276623019855854
1051,462,1513,0.11277294415240481
1040,463,1503,0.11278242498957854
1048,463,1511,0.1128166693948188
1057,456,1513,0.11283024851355243
1044,455,1499,0.11282090000827939
1040,451,1491,0.11284223153414703
1035,448,1483,0.11287154010242563
1027,453,1480,0.11291068939162255
1034,455,1489,0.1129643766305865
1040,462,1502,0.11299772978971649
1033,468,1501,0.11301489968083228
1038,471,1509,0.11304646267668787
1036,470,1506,0.11306400602007194
1033,483,1516,0.11308448856256902
1022,482,1504,0.11311073769880568
1015,478,1493,0.11316208179227565
1016,478,1494,0.11322511463762965
1027,485,1512,0.11328114586777965
1024,482,1506,0.11330572977758077
1019,473,1492,0.11333451565326079
1026,471,1497,0.11337339472252882
1029,475,1504,0.11339320923464555
1028,470,1498,0.11340297718531708
1026,467,1493,0.11341449555708617
1033,474,1507,0.11342958801784206
1039,474,1513,0.11342724497852329
1030,473,1503,0.11341116477500314
1035,474,1509,0.11341621863225577
1035,469,1504,0.11340905694562788
1036,476,1512,0.11340177089641217
1029,476,1505,0.11339441269773115
1031,482,1513,0.11340525896102768
1025,487,1512,0.11341003485090878
1026,492,1518,0.11342937487462425
1041,489,1530,0.11344436906995532
1027,487,1514,0.11342444853860391
1021,482,1503,0.1134377540254765
1021,482,1503,0.11346326490576258
1028,481,1509,0.11348560005104971
1009,488,1497,0.11349050229252172
1012,494,1506,0.11354080083404046
1011,489,1500,0.11357973847603813
1015,495,1510,0.11361912391397595
1006,485,1491,0.11364424236432807
995,491,1486,0.11368903942236716
993,494,1487,0.11375576481738704
994,489,1483,0.11382252521209878
993,496,1489,0.11388255414595179
1007,501,1508,0.1139416453088031
1002,509,1511,0.1139629310491923
1003,512,1515,0.11399413484855142
1010,507,1517,0.11402188767653368
1012,498,1510,0.1140317964551496
1004,496,1500,0.11403677540897428
1002,497,1499,0.1140605190410242
996,505,1501,0.11408554682679307
993,510,1503,0.11412480052699958
987,510,1497,0.11416944935527025
989,513,1502,0.11422324424228386
991,510,1501,0.11426930029860793
987,515,1502,0.11430697092373894
973,521,1494,0.11435133039671559
970,517,1487,0.11442609535082411
967,527,1494,0.11450117725247635
968,530,1498,0.11457736181203992
951,535,1486,0.11464563941033394
949,538,1487,0.11474825539329758
964,535,1499,0.11484560079568532
970,536,1506,0.11490074971367459
975,535,1510,0.11493712161386266
964,534,1498,0.11495911146311474
966,533,1499,0.11500571241882511
980,538,1518,0.11504413985362881
971,544,1515,0.11504657144599774
964,532,1496,0.11507025750192267
965,529,1494,0.11510766415905874
968,529,1497,0.1151410522832445
980,533,1513,0.11516515898584152
975,532,1507,0.11515897521335199
975,532,1507,0.11516596221972314
979,533,1512,0.11517451180897446
969,537,1506,0.11517474190346164
968,532,1500,0.1151978780232408
969,536,1505,0.11522106547731559
963,528,1491,0.11524032791923484
963,533,1496,0.11527207524267133
963,535,1498,0.11530062415196916
966,536,1502,0.11532703656135272
963,531,1494,0.1153444121275577
972,537,1509,0.1153682025723096
968,528,1496,0.1153685977552669
970,520,1490,0.11537933384000106
971,532,1503,0.11538527728317872
970,525,1495,0.11538859306029789
975,523,1498,0.1153938081063184
970,525,1495,0.11538646620715624
968,522,1490,0.1153903774373429
962,532,1494,0.11539760639590023
962,524,1486,0.11541628085003523
964,527,1491,0.11543401390822972
977,526,1503,0.11544456118553258
982,519,1501,0.11542221353653201
986,526,1512,0.11538940207137854
983,523,1506,0.11535029343145542
981,523,1504,0.11532209297706597
985,523,1508,0.11530012553889496
976,518,1494,0.1152693955013908
966,521,1487,0.11526297696979854
975,522,1497,0.1152800734682538
974,527,1501,0.11527381159033478
970,531,1501,0.11527064015117575
963,526,1489,0.11527642784232012
965,524,1489,0.11529835855573094
960,527,1487,0.1153128116028941
962,537,1499,0.11533931875977452
955,544,1499,0.11536137968818305
969,550,1519,0.11539770711473384
968,544,1512,0.11539904849132228
956,548,1504,0.1154024515586034
959,555,1514,0.11543647058688514
948,556,1504,0.11546110569284011
945,562,1507,0.1155111045753605
938,568,1506,0.1155648496469609
938,571,1509,0.1156324456378761
936,572,1508,0.11569503371972506
944,568,1512,0.11575906724981376
945,569,1514,0.11580042773976024
941,565,1506,0.11583544146823165
937,568,1505,0.11587748649838722
926,568,1494,0.11592665403791169
915,568,1483,0.11599742046918589
922,568,1490,0.11608719186916489
923,559,1482,0.11615255560952374
927,567,1494,0.11621190458708132
934,564,1498,0.11625576455930647
937,557,1494,0.11627952110950243
942,558,1500,0.11629405193051287
933,556,1489,0.1162948005540637
927,552,1479,0.11631682276619962
942,554,1496,0.11635184440623374
942,561,1503,0.11634913389929956
948,563,1511,0.11634610386732136
944,557,1501,0.11632830200217782
936,565,1501,0.11631990589169577
936,575,1511,0.11633249821680405
936,578,1514,0.1163448099429606
925,572,1497,0.11635630905160718
922,580,1502,0.11639311808744664
919,580,1499,0.116435356883145
932,579,1511,0.1164815919990568
913,580,1493,0.11649467887140127
911,578,1489,0.11655449778471329
911,589,1500,0.11661456294071706
921,588,1509,0.11666914824568472
921,591,1512,0.11669536846299298
919,592,1511,0.11671825046109437
909,592,1501,0.11674481642713568
914,595,1509,0.11679253627181828
917,587,1504,0.11682557735783844
913,597,1510,0.11684993544791816
904,608,1512,0.11688341849094112
898,606,1504,0.11693667123589728
904,611,1515,0.1170008189517404
899,617,1516,0.11704588276425897
895,612,1507,0.11709874998501818
908,607,1515,0.11715848769271178
907,598,1505,0.11718230103025451
901,591,1492,0.11720519414631879
895,595,1490,0.11724153687120982
891,602,1493,0.1172906135544888
900,612,1512,0.11734506131270585
892,608,1500,0.11737394997280137
895,602,1497,0.11741993200031157
892,607,1499,0.11745577025372214
899,609,1508,0.11749634226619554
902,607,1509,0.11751732659058517
902,610,1512,0.11752971029038423
896,614,1510,0.1175411094339185
902,610,1512,0.11756658264843764
895,609,1504,0.11757671791510996
902,608,1510,0.11760271253204635
898,612,1510,0.11760901395386458
887,605,1492,0.11762359708501859
887,609,1496,0.1176643547228732
893,614,1507,0.11770106644049863
897,615,1512,0.11772052221171282
889,621,1510,0.1177297399491919
882,612,1494,0.11775808206018361
893,611,1504,0.1178016028444009
887,611,1498,0.11781646274281872
887,616,1503,0.11784382198268803
881,616,1497,0.11787105238918066
881,616,1497,0.11791094807348515
878,613,1491,0.11794467587825935
869,615,1484,0.11798221408122575
883,615,1498,0.11803942587840113
884,619,1503,0.1180589296298368
873,623,1496,0.11807488900695404
887,617,1504,0.11811475099216345
884,619,1503,0.11812017041957529
871,619,1490,0.11813313687405838
875,621,1496,0.11817442725431321
879,623,1502,0.11820229346040811
875,619,1494,0.11821939913263906
875,617,1492,0.11824433634494191
876,621,1497,0.11826747382894506
874,624,1498,0.11828706541838357
874,624,1498,0.11831038592224219
865,626,1491,0.11833179389371985
873,631,1504,0.11837299454081152
881,636,1517,0.11839286590063879
874,636,1510,0.11839339621495902
867,633,1500,0.11840989915032082
870,634,1504,0.11844184448371635
871,636,1507,0.11846519946288271
860,631,1491,0.11848378731545205
866,631,1497,0.11852703203608424
864,640,1504,0.11855294884483168
866,645,1511,0.11858333338025968
854,644,1498,0.11860568906947588
858,647,1505,0.11865437787573568
855,648,1503,0.11869314389468347
851,642,1493,0.11873792825442439
868,628,1496,0.11878865866885381
860,633,1493,0.11879399973105337
857,642,1499,0.11881813894631268
851,637,1488,0.11884879268438323
860,636,1496,0.11889180210273928
853,637,1490,0.11890899106620775
861,636,1497,0.11894105181973162
861,641,1502,0.11895048399834401
864,643,1507,0.11896005782807945
869,647,1516,0.11896168305819745
856,651,1507,0.1189522372098829
852,651,1503,0.118974991916665
852,664,1516,0.11900539350434602
856,657,1513,0.11903384300840134
861,653,1514,0.11905143020530871
862,656,1518,0.11905675913429813
855,658,1513,0.11906025046701765
853,660,1513,0.11908135664001962
859,660,1519,0.11910790329182772
847,664,1511,0.11911647747870933
835,666,1501,0.11915209581801844
845,663,1508,0.1192142564828552
835,664,1499,0.11924797124912823
830,664,1494,0.1193042816767786
825,666,1491,0.11936826224585385
821,670,1491,0.11944090725814718
829,678,1507,0.11951755990432524
834,680,1514,0.11957023605898141
833,678,1511,0.11960953021828657
823,680,1503,0.11964790598412399
819,680,1499,0.11970774548871624
829,674,1503,0.11977133715118399
836,679,1515,0.11980567660949426
826,684,1510,0.11982027673386388
814,688,1502,0.11986009771176682
818,687,1505,0.1199279157989039
822,686,1508,0.11998207092751631
811,692,1503,0.12002393988682622
816,691,1507,0.12008994428746023
814,685,1499,0.1201406804511737
820,696,1516,0.12019273646705378
822,698,1520,0.12022696370983958
824,700,1524,0.120252180112731
816,698,1514,0.12027010491177403
800,700,1500,0.12030754265600996
800,701,1501,0.12038070961192152
790,706,1496,0.1204494753024136
783,703,1486,0.12053682843198643
782,708,1490,0.12063573067340784
783,707,1490,0.12072964232842373
803,705,1508,0.12081603142980399
796,712,1508,0.12084856386323012
805,703,1508,0.1208968656760677
805,703,1508,0.12091884676011457
796,713,1509,0.12093896700359981
792,719,1511,0.12098096746614644
796,715,1511,0.12103116970245238
796,712,1508,0.12106914842348956
795,709,1504,0.12110484504213512
793,704,1497,0.1211388284149039
795,712,1507,0.12117498121951652
789,714,1503,0.1212025267627554
781,717,1498,0.12124245965171236
783,720,1503,0.12129927292724867
787,724,1511,0.12134897781683464
785,725,1510,0.1213857034202151
774,729,1503,0.12142558273064008
771,731,1502,0.12149038063435053
770,726,1496,0.1215572714980336
770,733,1503,0.12162038540009545
773,733,1506,0.12167678424933648
772,733,1505,0.121723362896069
768,730,1498,0.12176998893034285
769,729,1498,0.12182373964982535
773,726,1499,0.12187072923523218
768,721,1489,0.12190311530746743
758,732,1490,0.12194529839621579
749,724,1473,0.12200920992448154
759,736,1495,0.12209018890326113
757,740,1497,0.12214166617785245
754,744,1498,0.12219357274978097
754,754,1508,0.12224977175271688
749,751,1500,0.12230194173219436
753,755,1508,0.122362055533866
767,761,1528,0.12240846833075401
765,760,1525,0.12241635061260446
762,762,1524,0.12242992328610201
763,753,1516,0.12245033911830588
756,746,1502,0.12246835344944784
759,750,1509,0.12250146140690923
759,743,1502,0.1225270163399875
764,759,1523,0.12254830123688026
757,755,1512,0.122555819457422
756,753,1509,0.12258108483698582
758,753,1511,0.12260709916621454
752,750,1502,0.12262669797764705
758,747,1505,0.12265942269099891
749,759,1508,0.12267671799053463
754,751,1505,0.12271546924173832
752,759,1511,0.12273814077177839
748,759,1507,0.12276319923596231
741,764,1505,0.12279712029810698
739,770,1509,0.12284504037867336
744,775,1519,0.1228953833575289
742,763,1505,0.12293040243609397
737,765,1502,0.12296543848654934
737,753,1490,0.12301215643787997
741,761,1502,0.12305473528363403
733,771,1504,0.12308580429628732
732,755,1487,0.12313414125924751
723,758,1481,0.12318146868680785
730,759,1489,0.12324797450054895
726,760,1486,0.12329153005028726
718,768,1486,0.12334031624763117
716,776,1492,0.12340496670089789
716,783,1499,0.12347103321134473
715,789,1504,0.12353226925701749
726,789,1515,0.1235937122089971
715,788,1503,0.1236251815405328
718,793,1511,0.123681422275891
712,797,1509,0.12372694744507512
713,792,1505,0.12378304301680228
714,787,1501,0.12383202581309559
705,801,1506,0.12387703013269302
714,805,1519,0.12394098145231545
712,802,1514,0.12398026635556192
721,800,1521,0.12402298679574592
715,815,1530,0.12404100740877806
706,805,1511,0.12407244826499753
705,805,1510,0.12412277331878663
699,806,1505,0.12417314577728991
699,805,1504,0.12423425407795356
699,810,1509,0.12429062629458851
708,806,1514,0.1243437101664199
706,815,1521,0.12437125306856286
699,818,1517,0.12440223077946946
691,818,1509,0.12444841611666418
692,816,1508,0.12451135291811113
687,812,1499,0.12456888427594799
691,808,1499,0.12463533475402098
691,813,1504,0.12468745238972857
692,820,1512,0.12473573135188222
684,829,1513,0.12477786435662747
678,831,1509,0.12483417886029886
683,836,1519,0.1249006752132717
682,836,1518,0.12494994574064966
689,830,1519,0.12499724989983653
683,829,1512,0.12502588224719366
683,827,1510,0.12506729515943016
685,833,1518,0.12510629288245695
681,837,1518,0.1251375963546733
672,832,1504,0.1251765787720376
672,841,1513,0.1252349437939892
677,839,1516,0.12528902203742118
670,839,1509,0.12532703428294617
669,841,1510,0.1253809970159874
674,826,1500,0.1254319876904123
667,833,1500,0.12546856739594175
654,837,1491,0.12552103044133794
660,846,1506,0.1256005987185736
667,842,1509,0.12565945303082
653,842,1495,0.12569704844268828
651,847,1498,0.12576741868692046
650,832,1482,0.12583813920941872
657,848,1505,0.1259079521493189
656,855,1511,0.1259545806931046
652,864,1516,0.12600149217529022
644,861,1505,0.12605505971890665
641,863,1504,0.12612725418563697
650,859,1509,0.12620199743632113
648,861,1509,0.12624808354127204
638,859,1497,0.12629459141110583
642,857,1499,0.12636178881255922
641,871,1512,0.1264163891055116
647,871,1518,0.12646964607057642
640,858,1498,0.12650455455260975
643,866,1509,0.12655538767745705
649,864,1513,0.12659500372096982
645,853,1498,0.12661699431147994
643,858,1501,0.12664884666585702
644,871,1515,0.12668266915375884
634,874,1508,0.12671260483297078
631,860,1491,0.12676425014409431
632,871,1503,0.1268217256792205
631,863,1494,0.12687251153828372
632,862,1494,0.1269218216934831
642,858,1500,0.1269642428733751
646,858,1504,0.1269807730598134
641,871,1512,0.126988384280289
638,865,1503,0.12700628008393164
632,885,1517,0.12702949002114156
627,884,1511,0.12706639406838544
621,887,1508,0.12711494412213212
615,880,1495,0.1271755698882827
616,880,1496,0.12724498714338106
619,886,1505,0.12730839027992186
613,889,1502,0.1273595009702059
612,887,1499,0.1274231163394217
614,882,1496,0.12748361442324194
607,882,1489,0.12753364519740054
608,885,1493,0.12759899804586028
616,885,1501,0.1276569628585532
617,886,1503,0.1276906757558738
616,893,1509,0.12771919623586434
616,908,1524,0.12774852068254292
607,897,1504,0.12777821855753146
610,901,1511,0.12782794312917445
607,908,1515,0.12786828319162255
608,901,1509,0.1279140677857822
603,901,1504,0.12795355910773354
607,902,1509,0.12800487177708114
600,902,1502,0.1280419614203058
593,906,1499,0.12809383852685927
593,909,1502,0.1281605120859305
597,902,1499,0.12822426034107326
595,906,1501,0.12827521588773513
602,914,1516,0.12832760027301193
587,905,1492,0.12835865889892223
590,900,1490,0.1284267948949336
583,907,1490,0.12848327844076912
587,915,1502,0.1285535772961615
588,919,1507,0.12860991421487794
588,913,1501,0.12866058773964334
583,925,1508,0.1287075850780075
578,923,1501,0.12876171447017642
578,925,1503,0.1288269356271344
584,926,1510,0.12888810106148094
586,930,1516,0.1289311333447397
574,924,1498,0.12896678718662213
579,918,1497,0.12902984108892565
580,920,1500,0.1290742101387009
578,927,1505,0.1291140858105065
582,933,1515,0.12915748770087673
577,931,1508,0.12919007158404236
576,941,1517,0.12923163443998306
579,949,1528,0.12927291577846037
584,946,1530,0.12930444557045948
576,942,1518,0.1293216774483472
581,935,1516,0.1293559765800361
574,933,1507,0.12937562286487816
577,922,1499,0.1294099056053409
578,921,1499,0.12943582283087068
575,938,1513,0.12945742551323786
577,941,1518,0.12948530082407153
576,942,1518,0.12950688810479632
578,933,1511,0.12953056788168366
581,925,1506,0.12954645212982743
571,937,1508,0.12955569976339526
563,929,1492,0.1295892491482904
570,931,1501,0.12963955857590498
572,921,1493,0.12966939581744275
577,928,1505,0.12969320602720472
559,945,1504,0.12970216013765146
557,959,1516,0.12975558377398438
558,949,1507,0.12981120736588017
542,957,1499,0.12986094486305796
544,943,1487,0.12994871354079393
553,945,1498,0.13002711013049909
553,945,1498,0.13007646027105568
562,953,1515,0.13012238283222605
568,960,1528,0.13014296490910812
561,964,1525,0.1301469864301458
559,962,1521,0.13016951165282206
555,959,1514,0.13019674733089598
548,946,1494,0.13023108333313363
549,955,1504,0.13027953869957146
553,947,1500,0.13032165143274776
550,955,1505,0.1303499938813039
546,957,1503,0.13038285736853306
552,953,1505,0.13042150950640238
551,948,1499,0.13044239123924684
567,954,1521,0.1304646608374012
564,954,1518,0.1304455721516008
564,954,1518,0.1304356196999098
561,953,1514,0.13042812844470467
555,954,1509,0.13042888167154465
562,958,1520,0.13044516572699025
556,958,1514,0.13044442554696226
562,955,1517,0.13045829741851428
558,961,1519,0.13045470739759932
553,963,1516,0.130462704367885
557,968,1525,0.1304828192389781
559,951,1510,0.13049105253600793
550,950,1500,0.13049431689456592
551,963,1514,0.13052086308886984
552,970,1522,0.13054397200576426
551,959,1510,0.13056429902283695
545,965,1510,0.13058458158262376
545,963,1508,0.13061764335739004
548,965,1513,0.13064888324100696
531,965,1496,0.1306707075553267
530,973,1503,0.1307342336484008
532,977,1509,0.13079677585579697
539,973,1512,0.13084856510926055
541,973,1514,0.13088019217850472
533,978,1511,0.130905491804886
533,976,1509,0.13094959653734328
528,972,1500,0.13099033398802892
528,973,1501,0.1310428791813209
531,983,1514,0.13109148970234785
521,977,1498,0.13112911610941058
520,981,1501,0.13118943783364576
520,984,1504,0.13124788789330702
521,993,1514,0.13130272752927205
515,997,1512,0.13134988931371333
516,989,1505,0.13141012579192762
515,985,1500,0.1314635866909526
519,986,1505,0.13151624526146657
521,990,1511,0.13155549680875528
523,999,1522,0.1315863138077246
519,990,1509,0.13161275650032211
520,985,1505,0.13164631254190728
512,993,1505,0.1316747999069086
510,993,1503,0.13172130994625195
510,999,1509,0.13176927474630024
517,1000,1517,0.1318137606360294
518,991,1509,0.13183787842642847
517,986,1503,0.13185793154833608
522,991,1513,0.13187917755315404
517,991,1508,0.13188516545267637
512,982,1494,0.13190597014793398
506,983,1489,0.13193823682248634
512,995,1507,0.13198404797184266
511,996,1507,0.1320126399133536
507,999,1506,0.13204234725958236
497,1007,1504,0.13207948396511612
503,999,1502,0.13214023978560097
507,1001,1508,0.13218266360071954
506,995,1501,0.1322117785439346
506,995,1501,0.1322417079069734
512,984,1496,0.13226947150324952
512,985,1497,0.13228183245570985
500,994,1494,0.13229254138341992
498,1007,1505,0.1323325182521738
492,1011,1503,0.13237506615634803
500,1014,1514,0.13243004351231058
502,1015,1517,0.13246201062490642
500,1022,1522,0.1324875423190429
499,1025,1524,0.1325164929852381
496,1022,1518,0.13254622379932565
489,1019,1508,0.13258138362572436
495,1020,1515,0.13263180829617624
494,1015,1509,0.13266206644172263
487,1019,1506,0.13269276125801524
486,1018,1504,0.13273946643545834
484,1021,1505,0.13278468599870907
493,1028,1521,0.1328317244299767
496,1023,1519,0.13285271433332543
495,1020,1515,0.13286584029305384
493,1026,1519,0.13288075840001903
491,1011,1502,0.13290045246793022
486,1024,1510,0.132924303050432
490,1017,1507,0.1329595762872227
491,1016,1507,0.13298184328302637
491,1019,1510,0.13299840659495696
490,1015,1505,0.13301486220712597
490,1022,1512,0.13303345005221234
483,1019,1502,0.13305048230807967
481,1029,1510,0.13308274177840132
481,1017,1498,0.13311635170644068
483,1027,1510,0.13314850413558255
489,1027,1516,0.13317372549753934
485,1018,1503,0.13318153463349344
490,1009,1499,0.13319981442156104
485,1001,1486,0.13320406945580188
480,1004,1484,0.1332215846123506
477,1018,1495,0.13325233240506623
480,1024,1504,0.1332883921512818
471,1029,1500,0.13331425438684028
469,1027,1496,0.13336119093710871
473,1030,1503,0.1334088012367477
473,1029,1502,0.13344628970163608
480,1035,1515,0.13348011111785138
475,1027,1502,0.1334927035561292
483,1015,1498,0.13351748039185346
480,1029,1509,0.1335203483872588
478,1030,1508,0.1335303032202811
477,1033,1510,0.13354315404336264
477,1027,1504,0.1335595348256868
478,1033,1511,0.1335743423230352
482,1023,1505,0.13358366981067477
485,1020,1505,0.1335827381671387
481,1024,1505,0.1335737620844189
488,1025,1513,0.13357562403196116
481,1025,1506,0.13356087699974561
480,1032,1512,0.1335647976567492
473,1031,1504,0.13357021465847724
473,1027,1500,0.13359227421380518
483,1035,1518,0.1336148314865911
479,1040,1519,0.1336083309762412
470,1047,1517,0.13361308907942548
472,1051,1523,0.1336412074032659
471,1046,1517,0.1336623846274372
465,1050,1515,0.13368425269804543
465,1044,1509,0.13372180779472154
464,1051,1515,0.13375575278686685
459,1048,1507,0.13378928790727415
451,1047,1498,0.1338332665221601
457,1048,1505,0.13389393309999015
453,1048,1501,0.13393521510690232
456,1041,1497,0.1339825041448417
459,1038,1497,0.13402010584896787
457,1041,1498,0.134048062910921
458,1048,1506,0.13408009414452352
455,1061,1516,0.13410904964001344
448,1073,1521,0.1341442312965217
451,1069,1520,0.13419589737578533
449,1058,1507,0.13423531999270946
451,1064,1515,0.13427760849417733
448,1060,1508,0.1343110863003871
452,1068,1520,0.1343515221123978
450,1059,1509,0.13437810778727366
447,1069,1516,0.13440750877799254
446,1062,1508,0.13444300000574128
452,1052,1504,0.13447829444474926
441,1067,1508,0.1344964245178962
439,1075,1514,0.13453981068892498
444,1077,1521,0.1345863125921656
448,1077,1525,0.1346175094606651
451,1069,1520,0.13463589220385822
453,1071,1524,0.1346454173089557
449,1070,1519,0.1346493696217053
449,1069,1518,0.1346623009967044
441,1061,1502,0.13467321543127259
441,1077,1518,0.134702356936904
444,1070,1514,0.13472920056468418
451,1068,1519,0.13474752812080712
439,1063,1502,0.13474638787232565
435,1061,1496,0.13477572863925424
441,1049,1490,0.13481306914262609
439,1054,1493,0.13483160798964955
433,1055,1488,0.13485409967455503
437,1056,1493,0.13488937483866043
439,1071,1510,0.13491224659352094
439,1070,1509,0.1349285815166176
440,1070,1510,0.13494359815907178
439,1071,1510,0.13495549771500437
441,1072,1513,0.13496941029838283
438,1066,1504,0.13497846574140693
434,1069,1503,0.13499462504353035
430,1060,1490,0.13502046802582823
432,1068,1500,0.1350545794177232
431,1070,1501,0.13508174922031738
432,1073,1505,0.1351094958809372
435,1082,1517,0.13513406098319222
433,1076,1509,0.13515032144032385
443,1073,1516,0.13517342798635418
442,1071,1513,0.13517012559022887
439,1079,1518,0.1351703161746167
439,1072,1511,0.13517665367476883
436,1070,1506,0.13518399730856218
442,1089,1531,0.1351978731593605
432,1092,1524,0.1351955060721833
428,1084,1512,0.13522031438850468
429,1092,1521,0.13525395240233365
437,1094,1531,0.1352824606726551
433,1080,1513,0.135288785566791
431,1089,1520,0.1353058517064094
431,1081,1512,0.13532774448670712
428,1082,1510,0.13534667087080543
426,1084,1510,0.13537168216545672
428,1084,1512,0.1354006783127561
425,1078,1503,0.1354217361939061
435,1084,1519,0.1354487120744157
434,1065,1499,0.13544874568932894
435,1075,1510,0.13545152547441927
437,1084,1521,0.1354509232452593
431,1089,1520,0.13544320897291576
430,1088,1518,0.13545279258589552
422,1092,1514,0.13546499889419425
425,1103,1528,0.1354951548221486
425,1096,1521,0.13551597525057135
423,1092,1515,0.13553509097410119
421,1092,1513,0.13555783390837065
425,1093,1518,0.1355850600468047
421,1095,1516,0.1355983470262438
429,1093,1522,0.13562063405021585
427,1092,1519,0.1356212807717123
426,1095,1521,0.135628301093819
426,1081,1507,0.13563622517512677
428,1079,1507,0.135644275562819
428,1076,1504,0.13564661404663006
423,1077,1500,0.13564882731938588
425,1070,1495,0.1356638025667583
422,1059,1481,0.13567208294205174
427,1064,1491,0.13568615903003906
427,1075,1502,0.13568626594244637
422,1080,1502,0.13568673379275237
430,1075,1505,0.13569992189944344
426,1079,1505,0.13569116376574095
428,1078,1506,0.13569403220643106
423,1083,1506,0.13569251824672718
428,1085,1513,0.1357041110750573
434,1093,1527,0.13570256006603076
430,1091,1521,0.13568576519469647
433,1098,1531,0.13568116634456312
427,1097,1524,0.135672006518646
423,1097,1520,0.13567850533727405
420,1094,1514,0.1356942709617891
425,1096,1521,0.13571542531581685
416,1101,1517,0.1357229573079809
420,1100,1520,0.13575479389826228
417,1101,1518,0.13577511744169446
427,1103,1530,0.13580158756263314
424,1103,1527,0.13580008512238323
426,1100,1526,0.13580727520074012
426,1109,1535,0.13580799100907345
427,1098,1525,0.13580951068438274
419,1108,1527,0.13580869116686262
422,1095,1517,0.13582882344725178
425,1103,1528,0.13583860782103543
427,1100,1527,0.13584054025275763
427,1094,1521,0.13583714350053863
430,1089,1519,0.13583241254209644
426,1093,1519,0.1358219593815518
430,1096,1526,0.13582174314567272
430,1096,1526,0.13581144006426732
428,1097,1525,0.13580307703823055
427,1086,1513,0.13579984265910358
426,1083,1509,0.1357989914781061
421,1085,1506,0.1358007895061133
427,1095,1522,0.13581510731415938
422,1095,1517,0.13581199032621727
421,1092,1513,0.13582049722329642
421,1090,1511,0.13583160445636946
418,1089,1507,0.1358431227413267
422,1081,1503,0.13586160390593532
425,1086,1511,0.13586854388043432
427,1083,1510,0.13586645691837831
418,1082,1500,0.1358592828484913
414,1100,1514,0.13587597186179207
416,1089,1505,0.1359023105546352
417,1097,1514,0.135922103565288
428,1095,1523,0.13593854369817668
424,1098,1522,0.13592603878119594
421,1091,1512,0.13592616675928212
425,1084,1509,0.13593339939220847
416,1099,1515,0.1359296647616966
416,1100,1516,0.13594911806319968
415,1101,1516,0.13596802901017135
418,1107,1525,0.13598828579630076
415,1107,1522,0.13600012652178578
419,1113,1532,0.13601774106006484
418,1107,1525,0.13602377191681253
411,1105,1516,0.13603197187935961
418,1104,1522,0.13605791761795383
410,1110,1520,0.13606450879630394
413,1104,1517,0.1360918360112955
414,1110,1524,0.13610981971810898
411,1098,1509,0.13612479517687637
410,1104,1514,0.13614549918360497
409,1092,1501,0.1361681922491776
410,1099,1509,0.13619205980784854
410,1107,1517,0.13621169666857064
401,1101,1502,0.13623019868958638
400,1094,1494,0.13626858126811242
398,1105,1503,0.13630634723828433
404,1112,1516,0.1363475035683234
405,1110,1515,0.1363695808301457
400,1116,1516,0.1363883448592441
396,1113,1509,0.13641824516968548
396,1104,1500,0.13645763192708515
396,1110,1506,0.1364939567317992
392,1109,1501,0.13652779410924254
391,1121,1512,0.13656982891224576
389,1116,1505,0.13661168420764444
392,1114,1506,0.13665674727405033
391,1105,1496,0.13669081050587192
395,1113,1508,0.1367247001620931
397,1102,1499,0.1367458012582372
399,1098,1497,0.13676206579255978
397,1113,1510,0.13677285153228946
400,1102,1502,0.13678870568079574
398,1104,1502,0.13679603717064684
404,1102,1506,0.13680787945494532
398,1108,1506,0.1368048238452621
400,1097,1497,0.13681847995335436
397,1104,1501,0.13682606367753766
399,1107,1506,0.13683974513681485
405,1094,1499,0.13684828942528393
400,1111,1511,0.13684083141055559
398,1092,1490,0.13684666114620586
403,1091,1494,0.13685723070405514
406,1088,1494,0.1368532361746311
410,1095,1505,0.1368390745120113
407,1101,1508,0.13681624456482758
402,1098,1500,0.13680097709895112
404,1100,1504,0.13679840742533153
410,1089,1499,0.13679068109188208
407,1099,1506,0.13676722985715817
408,1101,1509,0.13675354967853476
414,1106,1520,0.13673877484448313
409,1101,1510,0.1367104911900034
406,1090,1496,0.13669627438275112
395,1086,1481,0.13668910730157446
400,1096,1496,0.1367098071286054
407,1104,1511,0.1367166615523775
407,1099,1506,0.13670412571470608
414,1102,1516,0.1366922492085023
415,1105,1520,0.1366650257712761
412,1113,1525,0.13663931737861967
407,1115,1522,0.13662294815838258
407,1109,1516,0.13662045044658175
408,1102,1510,0.13661946049695342
412,1102,1514,0.13661629454224364
407,1107,1514,0.13660352520400465
410,1116,1526,0.136604385193702
408,1100,1508,0.13659738496796225
410,1100,1510,0.13659838325314383
410,1101,1511,0.13659353407122213
402,1113,1515,0.13658856879010176
398,1103,1501,0.13660450070898233
403,1102,1505,0.13663037001088868
399,1102,1501,0.13664035062632673
398,1093,1491,0.13666089550069233
398,1091,1489,0.13668222955632586
391,1091,1482,0.13670104196933483
393,1108,1501,0.13673506766130722
397,1121,1518,0.13676185795059173
403,1118,1521,0.13677592441941847
397,1108,1505,0.13677455753488021
396,1110,1506,0.13679007191649595
399,1115,1514,0.13680647961273942
391,1113,1504,0.13681539767052991
394,1123,1517,0.1368432333493182
394,1122,1516,0.1368628198511146
392,1112,1504,0.13688098872050747
390,1122,1512,0.13690319172241355
391,1118,1509,0.13693056509141552
383,1126,1509,0.13695505733965335
383,1120,1503,0.13699801428637087
389,1113,1502,0.13703820254773244
390,1121,1511,0.13705947985641406
388,1126,1514,0.13707687924331113
382,1118,1500,0.13709779390313184
390,1122,1512,0.1371324394354396
391,1126,1517,0.13714345725394353
382,1129,1511,0.13715268051888987
389,1136,1525,0.1371842189762419
389,1144,1533,0.13719431068716267
389,1136,1525,0.13720434759502514
387,1129,1516,0.13721390643240078
387,1126,1513,0.13722741234286548
387,1132,1519,0.13724021568345993
377,1128,1505,0.13725233497971692
378,1133,1511,0.13728879846530362
383,1132,1515,0.13731994107677936
378,1127,1505,0.13733571362591213
380,1128,1508,0.137364003647282
383,1126,1509,0.1373853498720972
382,1121,1503,0.13739779577987318
388,1126,1514,0.1374118240369172
388,1116,1504,0.1374075948883511
381,1124,1505,0.13740255540496893
382,1118,1500,0.13741535935576002
383,1120,1503,0.13742566656101668
378,1116,1494,0.1374338075906814
387,1129,1516,0.13745341908693065
388,1127,1515,0.13744933671046852
387,1129,1516,0.13744314426735924
383,1113,1496,0.13743945393680368
381,1114,1495,0.1374470251790418
383,1106,1489,0.13745958767573924
387,1111,1498,0.1374676226250671
383,1113,1496,0.13746204307090684
386,1130,1516,0.1374674775931663
389,1126,1515,0.13746527290438465
390,1131,1521,0.13745588937434938
385,1124,1509,0.13744498604283462
382,1124,1506,0.13744755332065745
382,1137,1519,0.13745788100551481
385,1133,1518,0.13746822106607592
380,1136,1516,0.1374692979429066
381,1153,1534,0.1374842209598223
379,1147,1526,0.1374951895303169
374,1142,1516,0.1375108689576663
379,1130,1509,0.1375381300803371
378,1134,1512,0.13754918976667108
380,1142,1522,0.13756191682017388
380,1129,1509,0.13756812027050136
380,1136,1516,0.1375737601178523
378,1135,1513,0.1375791108107451
377,1147,1524,0.13759071843914308
372,1144,1516,0.1376035748671253
372,1140,1512,0.13762746427444544
372,1133,1505,0.13764927231035295
377,1141,1518,0.1376694449293298
370,1144,1514,0.13767536525250082
373,1143,1516,0.1376988972872706
377,1144,1521,0.13771365955192072
374,1134,1508,0.1377168052246135
374,1144,1518,0.13772877983837023
373,1146,1519,0.1377399394976353
371,1137,1508,0.13775267519772175
368,1139,1507,0.137770412915444
371,1148,1519,0.13779684682008816
377,1138,1515,0.13781462672126168
373,1146,1519,0.1378139460599694
377,1141,1518,0.13782535332492088
376,1139,1515,0.13782656238107013
370,1151,1521,0.1378308442558923
367,1147,1514,0.13785130413067112
368,1141,1509,0.13787804714618335
367,1148,1515,0.13790003819144214
361,1149,1510,0.13792214571528433
368,1146,1514,0.1379585076867148
373,1145,1518,0.13797407901591907
366,1146,1512,0.1379759365071475
360,1153,1513,0.13799687596660362
360,1155,1515,0.1380328894067861
360,1153,1513,0.13806509437748296
356,1152,1508,0.13809652188682298
352,1153,1505,0.13813692277461098
354,1163,1517,0.13818263381656343
354,1156,1510,0.13821925056504253
353,1159,1512,0.1382553692708993
349,1159,1508,0.13829160294515908
348,1154,1502,0.1383360174587204
350,1157,1507,0.13837904999858922
357,1154,1511,0.13841441564612814
355,1158,1513,0.13843083370938275
352,1162,1514,0.13845110602488225
350,1161,1511,0.13847739087458566
346,1160,1506,0.13850782216657934
345,1156,1501,0.13854617351959125
339,1163,1502,0.1385835309299792
333,1158,1491,0.13863544400998148
336,1156,1492,0.1386989214672502
346,1169,1515,0.13875006642060211
351,1166,1517,0.13877193565099494
349,1162,1511,0.13877872975058592
357,1161,1518,0.13879072010885937
357,1146,1503,0.13878192257255553
354,1172,1526,0.1387737353733348
355,1157,1512,0.13877343387561034
355,1160,1515,0.13877162797926265
347,1171,1518,0.138770421384569
342,1168,1510,0.13879085685417497
345,1161,1506,0.13882368885945556
342,1155,1497,0.13884629948498176
342,1161,1503,0.13887517266527716
337,1170,1507,0.13890327345670445
341,1175,1516,0.13894133072822612
335,1169,1504,0.13896622334476777
331,1169,1500,0.13900592897691866
328,1179,1507,0.13905322543290322
331,1184,1515,0.139105902180869
334,1190,1524,0.13914748499637028
331,1200,1531,0.13917881849455507
329,1197,1526,0.13921624549439773
328,1182,1510,0.1392555782183774
324,1181,1505,0.1392942543139757
326,1168,1494,0.139340790368528
322,1177,1499,0.13937783683386723
316,1184,1500,0.1394231281051158
323,1177,1500,0.13948134212997546
323,1182,1505,0.13951776862688806
325,1184,1509,0.1395504862837664
327,1189,1516,0.13957686626245341
327,1194,1521,0.13959595426089527
321,1191,1512,0.13961394816657427
324,1201,1525,0.13964584062413374
324,1184,1508,0.13966762964939627
320,1189,1509,0.13968748375395285
322,1193,1515,0.13971575149967463
323,1184,1507,0.13973730558683584
324,1178,1502,0.13975600730919516
323,1173,1496,0.13977123996786392
323,1170,1493,0.13978821411329495
322,1176,1498,0.1398049799418702
322,1186,1508,0.13982376054725454
320,1191,1511,0.1398414251552432
319,1202,1521,0.13986421879324545
320,1195,1515,0.13988756513832357
317,1196,1513,0.13990641959657352
331,1193,1524,0.13993072817198204
322,1190,1512,0.13991799795731816
322,1203,1525,0.13992936794786293
323,1198,1521,0.13994011332496556
324,1202,1526,0.13994768627124035
321,1201,1522,0.1399520457590003
321,1203,1524,0.1399636271059796
319,1208,1527,0.1399744463782673
314,1197,1511,0.13999076874992422
316,1185,1501,0.14001891318716617
323,1191,1514,0.14004017677954547
316,1194,1510,0.14004234875379898
314,1200,1514,0.1400621583138254
315,1184,1499,0.1400859290777566
316,1195,1511,0.1401058638302591
319,1198,1517,0.14012194298751318
317,1193,1510,0.14012909972889653
318,1194,1512,0.14014037855534894
311,1193,1504,0.14014861361158096
313,1194,1507,0.14017454611201413
314,1189,1503,0.14019433420082336
309,1197,1506,0.14021072041608446
309,1198,1507,0.14023954760825955
313,1203,1516,0.14026676038217967
313,1203,1516,0.14028131356490725
321,1208,1529,0.14029584698981087
321,1194,1515,0.14028811370070646
316,1186,1502,0.14028046204881453
313,1183,1496,0.14028618264404571
310,1203,1513,0.1402993717414095
313,1192,1505,0.14031881798391072
313,1188,1501,0.1403296601203419
311,1197,1508,0.14034005867250296
312,1191,1503,0.14035518276554573
318,1197,1515,0.14036734826418001
311,1199,1510,0.14036339545036638
310,1193,1503,0.14037742919933632
308,1190,1498,0.14039258131757962
317,1188,1505,0.14041054308552078
319,1207,1526,0.1404060427910897
311,1198,1509,0.14039686887800193
316,1190,1506,0.14040888545257688
316,1187,1503,0.1404067251169516
315,1187,1502,0.14040497120134138
312,1197,1509,0.14040718266507177
309,1198,1507,0.14041696426814906
315,1207,1522,0.14043330933593365
312,1203,1515,0.14043180603091887
308,1202,1510,0.14043791686552773
311,1196,1507,0.140453826142238
310,1196,1506,0.14046136836732795
310,1186,1496,0.14047119461897764
312,1194,1506,0.14047946331296035
316,1198,1514,0.1404826567145383
310,1203,1513,0.14047490216839167
312,1203,1515,0.14048387145298613
317,1204,1521,0.14048586891956188
311,1207,1518,0.14047553692163295
310,1200,1510,0.14048120558328947
301,1204,1505,0.140488802886209
310,1204,1514,0.14052009348113054
315,1206,1521,0.14052592480185422
313,1200,1513,0.1405193569876562
313,1206,1519,0.1405190512070813
317,1197,1514,0.14051917324963673
317,1201,1518,0.14050873222736635
317,1200,1517,0.14049886909614123
315,1198,1513,0.14049009195199536
310,1194,1504,0.14048734300257426
307,1202,1509,0.14049591962637492
308,1205,1513,0.14051129040738025
307,1206,1513,0.14052277555005732
311,1210,1521,0.1405363731260185
308,1215,1523,0.140538192994626
310,1205,1515,0.14054781322004775
314,1196,1510,0.1405517843857162
313,1201,1514,0.14054570173954511
311,1194,1505,0.1405436976596193
313,1202,1515,0.14054759252810217
311,1195,1506,0.14054643300691183
309,1201,1510,0.14055094682515495
307,1198,1505,0.14056008049335847
302,1195,1497,0.14057482235711005
303,1197,1500,0.14060154731500962
297,1194,1491,0.14062306411216843
298,1202,1500,0.14065969086382896
292,1211,1503,0.1406910487006293
293,1215,1508,0.14073746417043423
288,1214,1502,0.14078000594019166
292,1211,1503,0.14083412060017195
294,1219,1513,0.14087311520911203
293,1224,1517,0.14090369869157754
288,1216,1504,0.14093408386887124
286,1220,1506,0.14097572732272362
282,1233,1515,0.1410189820359898
283,1221,1504,0.14106863746623596
283,1228,1511,0.14111307611025395
282,1224,1506,0.14115386327401466
283,1227,1510,0.14119341194766605
282,1218,1500,0.1412275572740691
292,1220,1512,0.1412628331278577
288,1226,1514,0.1412715723015669
290,1228,1518,0.14128998019843728
291,1237,1528,0.14130149211657417
294,1235,1529,0.14130804635954874
293,1222,1515,0.14130720815106543
294,1226,1520,0.14130906241807936
294,1230,1524,0.14130805770589563
289,1235,1524,0.14130851024065688
297,1220,1517,0.14132222335963016
295,1231,1526,0.14131440579357885
289,1233,1522,0.14131260464759396
290,1220,1510,0.14132655625380827
288,1224,1512,0.14133712436718798
292,1228,1520,0.14135124013024225
289,1223,1512,0.14135434174103167
298,1218,1516,0.14136548203620125
296,1219,1515,0.14135254194399993
296,1223,1519,0.14134603275798827
291,1234,1525,0.1413404828271817
289,1222,1511,0.14134777199842183
289,1230,1519,0.14136008462947702
287,1216,1503,0.14137175009417427
286,1204,1490,0.14138727879328655
291,1217,1508,0.1414032210588157
292,1226,1518,0.14140386889645853
293,1232,1525,0.1414027123570257
290,1235,1525,0.14140112628954582
284,1238,1522,0.14140748343894438
281,1226,1507,0.14143042139171466
283,1226,1509,0.1414606224418269
282,1234,1516,0.14148357030034894
279,1240,1519,0.1415068891824314
279,1243,1522,0.1415362952688836
282,1243,1525,0.1415642282558343
279,1232,1511,0.14158208809415804
276,1234,1510,0.14160667621373121
271,1238,1509,0.14163812889706592
271,1241,1512,0.1416803531829447
276,1241,1517,0.14171868571123414
275,1232,1507,0.1417418493502553
281,1228,1509,0.1417659458614836
279,1231,1510,0.14177285001261514
275,1237,1512,0.14178544985227368
272,1239,1511,0.14180828790272085
271,1235,1506,0.1418372149863463
268,1236,1504,0.14186765301452908
277,1242,1519,0.14190419744693936
270,1244,1514,0.14191362895788293
265,1246,1511,0.14194051772165817
263,1250,1513,0.1419791580216296
262,1259,1521,0.14201972066563057
260,1256,1516,0.14206022953483166
264,1247,1511,0.14210399550689395
262,1257,1519,0.14213448781986102
259,1255,1514,0.14216672998446364
262,1245,1507,0.14220465936036633
260,1256,1516,0.14223231755168697
259,1246,1505,0.14226268757922664
264,1248,1512,0.14229271852992778
264,1246,1510,0.1423067021671239
267,1250,1517,0.1423198769197304
262,1262,1524,0.14232400078733043
259,1262,1521,0.1423416952151251
264,1262,1526,0.1423657607809259
269,1271,1540,0.14237574991598873
268,1271,1539,0.14237273650109677
271,1260,1531,0.14237254842914873
272,1253,1525,0.14236515088439106
269,1245,1514,0.14235582915805275
262,1250,1512,0.14235740539811398
265,1251,1516,0.14237817979583867
262,1254,1516,0.14238964357360517
259,1250,1509,0.14240771751847067
256,1249,1505,0.14243181199382726
256,1244,1500,0.14246156856799924
256,1259,1515,0.14248923529812563
256,1244,1500,0.14251543351646417
260,1250,1510,0.1425392905648369
257,1260,1517,0.1425504804199692
257,1249,1506,0.14256769524161705
261,1244,1505,0.1425844272096178
257,1262,1519,0.14259036687762547
253,1265,1518,0.142607214292355
250,1258,1508,0.14263312096631214
252,1257,1509,0.14266513109053564
252,1255,1507,0.14268982319559323
252,1253,1505,0.14271278542490684
249,1258,1507,0.1427348939347329
252,1244,1496,0.1427629468012513
254,1250,1504,0.14278127258677156
244,1256,1500,0.14279342910607823
249,1267,1516,0.14283171777014414
255,1256,1511,0.1428542409359828
260,1260,1520,0.142859920386831
260,1275,1535,0.14285189484891736
251,1272,1523,0.1428447444946453
252,1260,1512,0.1428616180072808
252,1270,1522,0.14287571031759597
244,1267,1511,0.1428895208155549
245,1264,1509,0.14292293233254597
249,1274,1523,0.14295180914873487
249,1268,1517,0.1429674832626735
251,1272,1523,0.1429824121812491
250,1271,1521,0.1429910815075276
248,1263,1511,0.14300164411535074
244,1256,1500,0.14301689620874045
246,1251,1497,0.14304147939599057
250,1268,1518,0.1430594711728233
249,1260,1509,0.14306706955404166
249,1255,1504,0.14307746106762934
245,1260,1505,0.1430855388525765
246,1248,1494,0.14310350825454196
243,1254,1497,0.14311768315522821
243,1273,1516,0.14313886005481002
235,1267,1502,0.14315839957407345
230,1268,1498,0.14319602695904687
233,1260,1493,0.14324482336888097
232,1279,1511,0.14328175224078238
235,1271,1506,0.14331834728922618
240,1279,1519,0.1433452261005666
240,1271,1511,0.1433577341244945
244,1273,1517,0.1433697869968643
245,1265,1510,0.14337062001807652
244,1271,1515,0.14336860207833266
246,1288,1534,0.14336951207419538
243,1293,1536,0.1433654737688686
241,1289,1530,0.1433706037548382
238,1284,1522,0.14338042240095036
240,1276,1516,0.14339695996647206
237,1273,1510,0.14340695477989418
234,1264,1498,0.14342327807080654
231,1271,1502,0.14344653896958717
235,1273,1508,0.1434767317186466
235,1279,1514,0.14349408648716902
230,1283,1513,0.14351065276174757
235,1289,1524,0.1435399586651149
236,1288,1524,0.143554040337435
234,1284,1518,0.14356467149526683
235,1289,1524,0.14358049129369502
236,1285,1521,0.1435922137158263
238,1287,1525,0.14360097900761828
237,1276,1513,0.14360275925962637
242,1284,1526,0.14360651531717372
233,1282,1515,0.1435972021414185
229,1275,1504,0.14361203379291929
235,1274,1509,0.14363754974956267
234,1273,1507,0.1436447324661499
235,1271,1506,0.14365440188020487
238,1258,1496,0.14365958674734988
244,1262,1506,0.14365616694667638
246,1257,1503,0.143636819601962
247,1266,1513,0.1436132293414167
243,1269,1512,0.1435886999111505
248,1273,1521,0.14357617176402318
247,1270,1517,0.1435521549172616
246,1272,1518,0.14353277390690658
247,1279,1526,0.14351843925743415
246,1270,1516,0.14350155459768615
249,1280,1529,0.14348769381460513
248,1284,1532,0.14346691452654206
247,1266,1513,0.14345079082284698
248,1263,1511,0.14343845418440868
250,1251,1501,0.1434236955518993
250,1252,1502,0.14340538711183523
250,1257,1507,0.14338909978429182
247,1268,1515,0.14337379606917133
239,1272,1511,0.14336817884886566
245,1259,1504,0.14338370071616613
241,1276,1517,0.14338285463989206
238,1283,1521,0.14339197460508527
243,1282,1525,0.14340805958433786
243,1272,1515,0.1434097248457449
248,1265,1513,0.14341145701675068
250,1269,1519,0.143400090775906
247,1275,1522,0.1433846070815545
250,1273,1523,0.14337830031712812
249,1275,1524,0.14336417557560455
247,1270,1517,0.14335379313946048
245,1265,1510,0.14334945491130052
245,1257,1502,0.14335078371517884
241,1247,1488,0.1433522096389132
246,1240,1486,0.1433644648131381
248,1248,1496,0.14336161207570414
249,1255,1504,0.14335312432005495
255,1253,1508,0.1433421263269639
253,1257,1510,0.14331664075630188
250,1259,1509,0.1432987524095245
253,1257,1510,0.14328977473685148
247,1262,1509,0.14327344677661874
248,1260,1508,0.14327450155792285
246,1268,1514,0.14327358611437752
247,1270,1517,0.14327829868445457
250,1273,1523,0.14328106187245598
249,1262,1511,0.14327599700451718
255,1261,1516,0.14327471247859352
252,1268,1520,0.1432572453604201
248,1269,1517,0.14324900764861281
254,1273,1527,0.14325175255547473
252,1287,1539,0.14323754420212675
251,1258,1509,0.1432303245009005
254,1251,1505,0.1432259455001204
252,1247,1499,0.14321402490223828
253,1261,1514,0.14320744846749606
248,1256,1504,0.14319935928696534
249,1269,1518,0.14320417378904488
250,1264,1514,0.1432056482459673
254,1275,1529,0.1432043909555322
252,1273,1525,0.1431919973098067
248,1274,1522,0.1431858516371957
249,1268,1517,0.14319082705389732
246,1282,1528,0.14319331941519914
247,1276,1523,0.14320395350730106
249,1271,1520,0.14321061313152372
246,1263,1509,0.14321108445112007
247,1270,1517,0.14321928058697725
248,1277,1525,0.14322589106187086
253,1279,1532,0.1432288636003806
245,1274,1519,0.1432183173494083
248,1273,1521,0.143229205724301
253,1267,1520,0.1432316082223193
249,1263,1512,0.1432203282630577
247,1264,1511,0.14322031395212764
250,1266,1516,0.14322579688276865
252,1271,1523,0.1432220266604128
248,1262,1510,0.14321355259517296
248,1270,1518,0.1432166464523859
246,1254,1500,0.14321886822377425
248,1249,1497,0.14322651625335553
252,1249,1501,0.1432276710920098
254,1260,1514,0.14321653567883547
252,1260,1512,0.14320089152196924
244,1267,1511,0.14319054487907243
246,1258,1504,0.1432013363556551
242,1253,1495,0.14320554399646923
244,1245,1489,0.14322029841917847
248,1258,1506,0.14322786141788477
248,1259,1507,0.14322423050698693
250,1251,1501,0.143220823711777
251,1262,1513,0.14321389369756407
247,1253,1500,0.14320476415221936
244,1255,1499,0.14320630178620264
247,1258,1505,0.14321519171107872
244,1253,1497,0.143215737882569
243,1267,1510,0.14322351413750914
246,1278,1524,0.14323354017905074
246,1266,1512,0.14323583991508507
246,1261,1507,0.14323818620170875
242,1258,1500,0.14324089419241204
238,1265,1503,0.14325454906548973
240,1276,1516,0.14327832283374067
240,1284,1524,0.14329680412339943
240,1283,1523,0.14331318878449043
238,1276,1514,0.1433284691927665
233,1284,1517,0.14334774617296958
232,1286,1518,0.1433785106516157
234,1278,1512,0.14341080877583537
236,1269,1505,0.14343577509905334
237,1279,1516,0.14345431644288248
236,1277,1513,0.14346904185831047
234,1269,1503,0.14348546458336986
232,1282,1514,0.14350644896234266
232,1282,1514,0.1435313334744259
228,1285,1513,0.14355475441421386
226,1281,1507,0.14358709713538986
219,1293,1512,0.14362209172321289
218,1291,1509,0.1436732459254552
221,1299,1520,0.14372337163349497
218,1294,1512,0.14376179597991448
226,1288,1514,0.14380577434804548
224,1280,1504,0.1438262052119708
222,1287,1509,0.14385169964526603
223,1281,1504,0.14388075048381258
222,1292,1514,0.1439057925160493
227,1286,1513,0.14393248364229788
222,1293,1515,0.14394479429876839
220,1289,1509,0.14396873924409667
223,1276,1499,0.1439966272633005
221,1289,1510,0.1440148274095504
223,1286,1509,0.14403711412233705
217,1284,1501,0.144052348637641
217,1281,1498,0.14408294612049527
225,1274,1499,0.1441128918148238
227,1280,1507,0.14411975803617094
228,1284,1512,0.14412055401452215
227,1290,1517,0.1441178007230649
226,1286,1512,0.14411769607762429
226,1299,1525,0.14412082533535558
222,1295,1517,0.1441238013920484
220,1297,1517,0.14413821315651884
218,1291,1509,0.14415702464887803
218,1286,1504,0.14417907691369114
215,1283,1498,0.1442001551976996
215,1296,1511,0.14422962277571247
215,1307,1522,0.1442569897081452
210,1300,1510,0.14428264349884526
209,1290,1499,0.144319559873187
204,1304,1508,0.1443569213012901
205,1311,1516,0.1444040585872915
204,1292,1496,0.14444568255656884
200,1315,1515,0.14448783098938386
199,1318,1517,0.1445379462200938
202,1320,1522,0.14458802792243777
202,1314,1516,0.14462606604628991
200,1307,1507,0.1446603586322585
203,1296,1499,0.14469708872295622
203,1300,1503,0.1447237585936036
201,1304,1505,0.14474838111911326
203,1298,1501,0.14477681065045822
202,1308,1510,0.1447984952104192
203,1300,1503,0.1448211322958027
202,1314,1516,0.14483923204249222
203,1323,1526,0.14485933892269298
204,1327,1531,0.14487544269472497
207,1310,1517,0.14488865093152356
206,1305,1511,0.1448930643002827
205,1309,1514,0.1448995822481847
203,1308,1511,0.14490821442931437
205,1305,1510,0.1449216143513064
201,1304,1505,0.1449289159375605
201,1310,1511,0.14494666859458843
200,1309,1509,0.14496297769380162
202,1315,1517,0.1449810027075189
206,1314,1520,0.1449919717079494
200,1309,1509,0.1449915445095366
197,1301,1498,0.14500751264128137
197,1299,1496,0.14502895502237498
196,1313,1509,0.14504878594610818
198,1323,1521,0.145069601203666
197,1324,1521,0.14508511825995563
197,1313,1510,0.14510217655238564
197,1317,1514,0.14511762343452347
202,1327,1529,0.14513301597948464
200,1324,1524,0.14513458249414124
195,1326,1521,0.14514189483881523
191,1330,1521,0.14516181665955522
195,1321,1516,0.14519063181713535
186,1326,1512,0.1452065424479827
189,1323,1512,0.1452443351054473
190,1329,1519,0.14527103152282833
193,1320,1513,0.14529390015626859
195,1314,1509,0.1453074860558919
191,1330,1521,0.14531561939469737
190,1329,1519,0.1453337834834516
190,1318,1508,0.14535285692829544
196,1326,1522,0.14537061759629782
200,1318,1518,0.14537089465370565
197,1319,1516,0.14536147837578428
197,1312,1509,0.1453610653248921
191,1315,1506,0.14536138003148744
189,1309,1498,0.1453773909284957
184,1325,1509,0.14539807654358228
186,1312,1498,0.14543182355113657
191,1312,1503,0.14545743374994538
193,1304,1497,0.14546833809341655
192,1310,1502,0.1454734924984495
193,1298,1491,0.14548102753507866
193,1317,1510,0.1454851083328755
196,1307,1503,0.1454889238371528
194,1299,1493,0.14548384248493249
193,1307,1500,0.14548380954679757
195,1308,1503,0.14548563986272503
199,1308,1507,0.1454822843583372
198,1319,1517,0.14546879470270474
208,1322,1530,0.14545925321928965
205,1327,1532,0.1454240237242072
201,1319,1520,0.14539949661898166
199,1301,1500,0.14538753270748583
198,1297,1495,0.14538279761086031
192,1308,1500,0.14538258786844213
194,1322,1516,0.1453984892490934
194,1320,1514,0.1454072285129516
196,1338,1534,0.14541470161718972
194,1333,1527,0.14541698542704226
191,1337,1528,0.14542392532862414
189,1322,1511,0.14543760638845246
190,1322,1512,0.14545569764642102
188,1319,1507,0.14546993482278217
185,1321,1506,0.14548846351424222
188,1323,1511,0.1455143545715688
190,1321,1511,0.14553061591920438
187,1336,1523,0.1455411237742427
189,1345,1534,0.14555948115571365
190,1341,1531,0.14557109684980227
191,1341,1532,0.14557925598489374
191,1345,1536,0.14558408580722035
196,1337,1533,0.14558803602507203
194,1327,1521,0.14557823684254662
195,1336,1531,0.1455750898049764
193,1338,1531,0.14556894806851273
198,1325,1523,0.14556836667671177
195,1330,1525,0.14555544934215234
191,1333,1524,0.14555096035754936
194,1329,1523,0.1455567508156683
192,1333,1525,0.14555438433348125
188,1318,1506,0.14555698428637423
186,1323,1509,0.14557005214408675
188,1326,1514,0.145587627956769
187,1334,1521,0.14559799979833518
188,1331,1519,0.1456106413721394
187,1329,1516,0.14562061537786972
186,1338,1524,0.14563325406412617
182,1335,1517,0.1456485831128976
177,1343,1520,0.1456723125115548
175,1332,1507,0.1457071739334105
178,1337,1515,0.1457441301762202
182,1329,1511,0.1457706304279503
181,1331,1512,0.14578457065503078
180,1337,1517,0.14580026427420598
179,1334,1513,0.14581720602149287
182,1333,1515,0.14583450513578725
179,1331,1510,0.1458427247568264
179,1333,1512,0.14585914706090264
181,1328,1509,0.1458744114168127
184,1327,1511,0.1458834912281742
184,1318,1502,0.14588395283180325
185,1311,1496,0.14588383920590192
184,1317,1501,0.1458809245503399
189,1337,1526,0.1458802784884641
192,1337,1529,0.14586654752006714
189,1325,1514,0.14584742598140563
188,1310,1498,0.1458371102727622
191,1316,1507,0.14583007474586793
189,1317,1506,0.14581628141584474
190,1323,1513,0.14580892648265104
188,1338,1526,0.14579937102057816
186,1330,1516,0.14579626735870246
189,1326,1515,0.14579933372256
188,1333,1521,0.14579431991467692
186,1332,1518,0.14579185508062464
182,1322,1504,0.14579405623461636
180,1320,1500,0.14580622233531795
179,1321,1500,0.14582248481152213
177,1315,1492,0.14584010991185653
177,1330,1507,0.14586185151051
179,1324,1503,0.1458822227802351
180,1331,1511,0.14589576093721354
180,1333,1513,0.14590628636886738
186,1336,1522,0.14591648766955712
184,1334,1518,0.14591074574938198
184,1331,1515,0.14591147017808337
181,1322,1503,0.14591208033714387
183,1330,1513,0.1459210001459753
179,1333,1512,0.14592413049675926
178,1326,1504,0.14593889275512542
177,1328,1505,0.1459556802074135
175,1331,1506,0.14597395899742172
178,1327,1505,0.14599637477448954
179,1329,1508,0.14600923575163904
182,1333,1515,0.14601817011065482
179,1322,1501,0.14601821060398038
180,1315,1495,0.14602616319555634
180,1330,1510,0.14603137267390873
185,1317,1502,0.14603631698056746
185,1335,1520,0.14602724247815912
180,1340,1520,0.14601815790496114
176,1334,1510,0.14602321783799835
175,1349,1524,0.1460386105491695
179,1348,1527,0.14605533477665397
176,1358,1534,0.146059871468636
173,1364,1537,0.14607230231097865
171,1356,1527,0.1460915936128276
167,1362,1529,0.14611520916064508
167,1352,1519,0.14614871823711068
165,1354,1519,0.1461807023723232
163,1356,1519,0.1462150822429321
164,1359,1523,0.14625243107472272
163,1358,1521,0.14628466177197105
161,1371,1532,0.14631722900379235
160,1369,1529,0.1463529961910578
160,1365,1525,0.146388753232652
160,1357,1517,0.1464221278527669
159,1336,1495,0.14645330224012487
161,1339,1500,0.1464837411522166
164,1344,1508,0.14650659972044028
164,1345,1509,0.146520806384158
162,1345,1507,0.1465338317148232
160,1344,1504,0.1465517870312283
163,1343,1506,0.1465746265575446
162,1355,1517,0.146587898220355
159,1346,1505,0.1466030961677537
156,1348,1504,0.14662504604112528
160,1357,1517,0.14665361335315175
157,1366,1523,0.1466697591002817
159,1368,1527,0.14669394001330727
157,1367,1524,0.146711370851043
157,1366,1523,0.1467336811050431
155,1379,1534,0.14675420357021685
154,1369,1523,0.14677777796740185
152,1364,1516,0.14680260621937558
151,1360,1511,0.1468309473819091
152,1361,1513,0.146859843535464
145,1370,1515,0.1468837052375819
145,1373,1518,0.14692389162145045
147,1359,1506,0.14696127121181335
146,1361,1507,0.14698997034702463
147,1356,1503,0.14701915443009272
146,1356,1502,0.14704324129347085
151,1362,1513,0.14706876568175622
157,1368,1525,0.14707965615170862
154,1371,1525,0.14707434202404976
155,1368,1523,0.1470781545782744
157,1361,1518,0.14707938199918025
156,1359,1515,0.14707563708554094
156,1359,1515,0.1470751033461813
158,1369,1527,0.14707401917125287
154,1357,1511,0.14706789793890876
156,1361,1517,0.14707227492666164
156,1345,1501,0.14707106046080953
157,1345,1502,0.14707038956926188
157,1362,1519,0.14706721698188838
157,1356,1513,0.14706426618874666
157,1349,1506,0.1470620439891586
158,1354,1512,0.14705981996151712
155,1362,1517,0.1470551441045812
154,1356,1510,0.14705904912869744
154,1364,1518,0.1470653216243492
151,1359,1510,0.14707126958114844
152,1368,1520,0.14708555950757723
150,1369,1519,0.14709633614070367
148,1370,1518,0.14711165603139542
149,1364,1513,0.14713175894439393
150,1368,1518,0.14714703710071025
152,1361,1513,0.14715850378673753
154,1367,1521,0.14716414026431213
152,1371,1523,0.14716343710005872
156,1372,1528,0.14716805802836558
153,1376,1529,0.14716240206706327
156,1378,1534,0.14716465850735375
153,1368,1521,0.1471592348682828
155,1377,1532,0.14716335245890255
156,1365,1521,0.1471614340025656
159,1365,1524,0.14715657227726336
160,1359,1519,0.14714348187470805
166,1350,1516,0.14712819137774089
164,1335,1499,0.1470976994115535
164,1338,1502,0.1470744802986966
165,1357,1522,0.14705245344942647
163,1352,1515,0.1470294512503144
167,1348,1515,0.1470132673832079
166,1346,1512,0.14698670778457132
162,1340,1502,0.1469653636254905
160,1333,1493,0.14695566856646589
161,1344,1505,0.14695242425183064
162,1338,1500,0.14694616088028317
163,1343,1506,0.14693774277709956
161,1333,1494,0.1469276429695488
166,1342,1508,0.14692416508120615
169,1342,1511,0.14690720297168486
168,1340,1508,0.14688327188403044
164,1346,1510,0.14686384369264044
165,1348,1513,0.14685703875383516
167,1348,1515,0.14684779400971143
168,1344,1512,0.14683326435941105
167,1347,1514,0.14681681637693902
168,1340,1508,0.1468041421993708
167,1330,1497,0.14678912786584564
165,1329,1494,0.14677803625046304
165,1345,1510,0.14677290422298103
164,1337,1501,0.14676905478666266
168,1351,1519,0.14676777538850652
166,1371,1537,0.14675590527181318
166,1369,1535,0.1467503051399162
165,1366,1531,0.14674536652084885
164,1363,1527,0.14674353422072253
163,1373,1536,0.14674547657764797
163,1370,1533,0.14675012728896092
161,1366,1527,0.14675438552152845
159,1365,1524,0.14676399954225042
153,1359,1512,0.14677909355474295
152,1360,1512,0.14680884812949874
154,1372,1526,0.14683948865940047
151,1375,1526,0.1468624549042403
153,1360,1513,0.14689159969533605
149,1368,1517,0.14691305746363262
146,1363,1509,0.14694329138104517
146,1368,1514,0.14697941122441535
148,1374,1522,0.14701253395521807
149,1366,1515,0.14703724906564297
146,1360,1506,0.14705793524849345
146,1364,1510,0.1470857093525244
143,1374,1517,0.14711188579937073
142,1364,1506,0.14714418126152476
141,1368,1509,0.14717821328547895
141,1373,1514,0.14721289605917307
142,1374,1516,0.14724535073048992
141,1375,1516,0.1472727931914126
139,1371,1510,0.14730162594091728
136,1384,1520,0.1473331219376877
135,1389,1524,0.14737049777050262
137,1392,1529,0.14740836754587341
136,1388,1524,0.14743838494595224
136,1390,1526,0.14746872472291578
132,1384,1516,0.1474971675023136
132,1369,1501,0.1475349356322357
137,1388,1525,0.14757005980540538
137,1379,1516,0.14758927465531188
128,1377,1505,0.14760771838760506
128,1379,1507,0.14765022890585552
124,1387,1511,0.14768938241886947
129,1390,1519,0.14773628212293585
130,1392,1522,0.14776686362525926
131,1391,1522,0.1477926859816867
128,1390,1518,0.14781395379163226
129,1382,1511,0.14784213747928324
128,1377,1505,0.14786587281713812
133,1391,1524,0.14789100069597969
135,1380,1515,0.147900776940498
133,1386,1519,0.14790372110190253
131,1392,1523,0.1479122730732565
132,1390,1522,0.1479259579700782
139,1375,1514,0.1479362945547462
137,1372,1509,0.14792594883107674
139,1394,1533,0.14792238548643535
142,1383,1525,0.14791319339871836
141,1379,1520,0.14789681634669996
142,1373,1515,0.1478845224037234
139,1367,1506,0.14787022297649183
138,1381,1519,0.1478651766320996
141,1375,1516,0.14786281751611546
143,1376,1519,0.14785272685993284
142,1369,1511,0.14783794018522056
138,1368,1506,0.14782719505403982
134,1356,1490,0.14782759204716162
138,1367,1505,0.14783828739110094
141,1376,1517,0.1478378766504163
135,1381,1516,0.14783002505120194
135,1386,1521,0.14783861085518724
138,1378,1516,0.14784634273404934
135,1385,1520,0.14784488037183918
141,1383,1524,0.147851860027834
138,1396,1534,0.1478425835981995
134,1393,1527,0.1478428517912367
136,1382,1518,0.1478542023176073
136,1374,1510,0.14785960412800916
132,1372,1504,0.14786484219671958
135,1376,1511,0.14788066937065358
132,1382,1514,0.14788642553832942
131,1380,1511,0.14789966975597157
129,1368,1497,0.1479147479222729
133,1379,1512,0.1479337988377118
132,1375,1507,0.14794075486880343
129,1384,1513,0.14794952065127465
134,1389,1523,0.147966134718524
140,1391,1531,0.14796781854811727
143,1396,1539,0.14795347218197935
140,1402,1542,0.14793203889375803
142,1386,1528,0.14792004046062854
139,1391,1530,0.14790295079339377
140,1398,1538,0.1478964328623755
137,1385,1522,0.14788784102311514
133,1388,1521,0.14788846669450603
134,1398,1532,0.14790061497072327
135,1394,1529,0.14790889211240973
135,1395,1530,0.1479141858215179
132,1398,1530,0.14791877212808036
128,1385,1513,0.14793135505051858
125,1390,1515,0.147955102486464
128,1382,1510,0.1479853952489378
123,1387,1510,0.14800487336199322
124,1379,1503,0.14803706928322857
124,1371,1495,0.1480645009636759
127,1367,1494,0.14809003488227618
126,1368,1494,0.14810476139133752
127,1374,1501,0.148121245520456
125,1382,1507,0.1481339939690818
124,1385,1509,0.14815141017184033
126,1389,1515,0.14817034666939435
125,1385,1510,0.148182514072227
127,1393,1520,0.14819688502074166
126,1390,1516,0.14820542390760597
124,1389,1513,0.1482159418033687
123,1402,1525,0.1482314273909647
124,1397,1521,0.14824877249381338
122,1386,1508,0.14826245248013506
119,1392,1511,0.14828058161085156
117,1402,1519,0.14830545266506476
113,1400,1513,0.14833422582388273
117,1403,1520,0.14837148341365583
113,1392,1505,0.14839554531847568
111,1390,1501,0.14842911301541176
112,1387,1499,0.14846604868332733
112,1385,1497,0.14849734088360697
109,1389,1498,0.14852630287166538
109,1390,1499,0.14856301053101523
110,1388,1498,0.14859710738632234
109,1399,1508,0.14862571097397506
110,1397,1507,0.14865548060063724
112,1408,1520,0.14868020138583174
106,1396,1502,0.1486978519145399
110,1406,1516,0.14873113703509508
113,1403,1516,0.1487513901759792
110,1404,1514,0.1487620363658025
110,1403,1513,0.14878035971323844
106,1396,1502,0.14879681738956463
108,1400,1508,0.1488224642185606
105,1406,1511,0.14884086985002806
103,1407,1510,0.1488659642415673
105,1401,1506,0.1488943148107124
102,1407,1509,0.1489144729997767
106,1406,1512,0.14894222629653636
108,1416,1524,0.14895717740236958
108,1416,1524,0.14896565754412514
108,1410,1518,0.14897325907972103
107,1406,1513,0.14898044172410468
109,1407,1516,0.14898990235893358
109,1412,1521,0.14899273920192624
114,1408,1522,0.1489958770333525
113,1405,1518,0.14898452945890722
114,1416,1530,0.14897699245101795
115,1412,1527,0.14896730066256125
114,1414,1528,0.1489561900380286
114,1408,1522,0.1489484821755966
115,1412,1527,0.14894189136635638
113,1401,1514,0.1489331693250908
112,1397,1509,0.1489302542595375
112,1408,1520,0.14893035127708804
112,1395,1507,0.14893064702912923
113,1403,1516,0.14893060708362416
110,1406,1516,0.14892735698624204
109,1406,1515,0.14893196265061512
113,1406,1519,0.14893889650239386
111,1412,1523,0.14893441776250538
111,1392,1503,0.1489355772412936
107,1394,1501,0.14893657814562133
105,1408,1513,0.14894802908479995
109,1417,1526,0.14896336327639936
105,1404,1509,0.14896699474674635
105,1428,1533,0.14898111395532915
106,1422,1528,0.14899415005372643
107,1430,1537,0.1490031865542923
108,1426,1534,0.14900884247274895
111,1416,1527,0.14901116177688345
110,1402,1512,0.1490045398037305
108,1398,1506,0.1490011087461085
107,1394,1501,0.14900339024208692
107,1397,1504,0.14900809902712298
105,1397,1502,0.14901261452831677
105,1402,1507,0.1490221420407742
107,1399,1506,0.14903017760863585
106,1400,1506,0.1490329069713694
106,1394,1500,0.14903772739886392
107,1394,1501,0.14904222614524212
107,1402,1509,0.14904450617431628
106,1407,1513,0.14904691432048456
108,1425,1533,0.1490518709313248
111,1424,1535,0.14905077075135012
112,1416,1528,0.1490409746641687
108,1394,1502,0.1490287398251009
104,1397,1501,0.14902871425317826
104,1393,1497,0.14903995228929365
104,1401,1505,0.1490503746822366
108,1407,1515,0.14905956311100393
105,1412,1517,0.14905696444738495
103,1401,1504,0.14906306709579106
105,1404,1509,0.14907441214760295
105,1386,1491,0.1490793767082523
106,1391,1497,0.14908427595673138
105,1403,1508,0.14908627485505185
104,1406,1510,0.1490909598824242
103,1411,1514,0.14909793963419837
102,1416,1518,0.14910695341208272
108,1412,1520,0.14911848143355655
107,1423,1530,0.14911255867341291
102,1411,1513,0.1491102103933248
101,1419,1520,0.14912305046076887
102,1415,1517,0.14913784223591792
103,1408,1511,0.1491489841530384
101,1417,1518,0.14915647330374995
101,1417,1518,0.1491693347407815
98,1422,1520,0.149181584271531
98,1432,1530,0.14920127698125252
99,1438,1537,0.14921959304058274
98,1432,1530,0.14923442971649725
97,1425,1522,0.14925098227661762
98,1434,1532,0.1492692503640606
100,1427,1527,0.14928317964126492
99,1422,1521,0.14929016627188577
103,1413,1516,0.149299538236963
105,1400,1505,0.14929754853063723
103,1401,1504,0.149290861930032
102,1405,1507,0.14929044390161586
100,1409,1509,0.14929252116972755
99,1403,1502,0.14929976517092589
101,1413,1514,0.1493089198165627
98,1422,1520,0.14931143977320713
99,1425,1524,0.1493226154308276
98,1420,1518,0.14933040350185292
98,1431,1529,0.149340745216674
96,1431,1527,0.1493504453183129
96,1416,1512,0.14936502806348237
99,1404,1503,0.14937843242867108
99,1413,1512,0.14938253979078958
100,1416,1516,0.14938593456254767
99,1412,1511,0.1493862229475642
99,1411,1510,0.14938907511534893
97,1412,1509,0.1493919097050376
95,1414,1509,0.14940011653825216
95,1418,1513,0.14941373913914938
97,1420,1517,0.14942640461342152
97,1426,1523,0.14943271297076755
97,1430,1527,0.14943895632098392
96,1435,1531,0.14944408738973483
97,1427,1524,0.14945170680405895
100,1420,1520,0.14945664867565836
99,1422,1521,0.1494525123099663
98,1421,1519,0.14945127771410363
100,1422,1522,0.1494528323683397
99,1414,1513,0.149448705537873
98,1419,1517,0.14944751702520592
100,1414,1514,0.1494491511313248
98,1411,1509,0.1494455529124411
100,1415,1515,0.1494478136936245
97,1419,1516,0.14944421612643474
100,1414,1514,0.14944866834712486
100,1412,1512,0.14944480063590584
100,1421,1521,0.14944169224666157
100,1414,1514,0.14943843664432682
106,1406,1512,0.14943476518900894
106,1412,1518,0.1494147912287193
105,1420,1525,0.14939622397488267
105,1408,1513,0.14938172048547893
99,1411,1510,0.14936841912487345
101,1411,1512,0.1493723681907333
106,1403,1509,0.14937052860710473
106,1397,1503,0.14935558641267227
103,1382,1485,0.14934180907409572
105,1396,1501,0.14933703955078217
103,1402,1505,0.14932683185766238
102,1417,1519,0.1493233238682717
100,1412,1512,0.14932319466802002
100,1422,1522,0.14932903394985464
101,1442,1543,0.14933435121712343
101,1432,1533,0.14933664744960953
103,1429,1532,0.14933854680023834
101,1424,1525,0.14933440018548053
100,1424,1524,0.14933605989135545
100,1423,1523,0.1493400938331176
103,1411,1514,0.14934400371035395
102,1418,1520,0.14933899664568856
107,1415,1522,0.14933680545539618
107,1416,1523,0.14932063755005986
107,1407,1514,0.14930586764863413
107,1401,1508,0.1492924193848012
109,1401,1510,0.14927951865335343
110,1409,1519,0.14926225911915064
107,1409,1516,0.14924378331132013
109,1400,1509,0.14923444010783338
110,1406,1516,0.14922057288836071
109,1406,1515,0.14920521078099275
108,1414,1522,0.14919376130438164
106,1413,1519,0.14918600030753038
104,1404,1508,0.1491847450215519
103,1399,1502,0.14918972329600083
104,1407,1511,0.1491973581798712
104,1403,1507,0.14920108564226933
107,1396,1503,0.14920415691746686
109,1399,1508,0.14919888870653833
106,1401,1507,0.14918845532721403
106,1431,1537,0.1491869993052787
105,1421,1526,0.14918499729548962
102,1414,1516,0.1491860219468945
105,1401,1506,0.14919486122609674
103,1408,1511,0.1491949049229731
102,1411,1513,0.14920042582652726
99,1413,1512,0.1492084098042607
99,1418,1517,0.14922436987754817
96,1416,1512,0.1492398014322946
100,1405,1505,0.1492620426951458
104,1397,1501,0.14927198469044767
104,1400,1504,0.14926994872319407
103,1401,1504,0.14926850770743627
101,1404,1505,0.14926966159024724
96,1413,1509,0.14927617185370654
91,1428,1519,0.1492958665621172
93,1409,1502,0.1493286390748647
95,1415,1510,0.14935318078790863
97,1426,1523,0.1493707280167836
96,1421,1517,0.14938107710158763
97,1419,1516,0.14939307077499162
92,1412,1504,0.14940217491196722
98,1406,1504,0.14942501911643144
93,1406,1499,0.1494296434313157
95,1408,1503,0.14944879547988957
92,1403,1495,0.14946111756077524
93,1418,1511,0.1494813575208644
94,1426,1520,0.14949741418203205
93,1425,1518,0.14950968686957541
93,1436,1529,0.14952412092002682
93,1438,1531,0.14953784231268658
94,1425,1519,0.14955076978699405
94,1431,1525,0.14956048607220934
95,1427,1522,0.14956977117818857
92,1420,1512,0.1495755477043418
90,1430,1520,0.14958969491403262
89,1425,1514,0.14960867278332196
86,1430,1516,0.14962907549257326
86,1427,1513,0.14965612486951513
89,1433,1522,0.1496815156709509
88,1437,1525,0.14969710257579952
87,1434,1521,0.14971445766821495
85,1433,1518,0.14973372695102605
84,1427,1511,0.14975705989458998
84,1427,1511,0.14978141596447847
84,1414,1498,0.1498043085491768
82,1417,1499,0.14982594093016335
83,1402,1485,0.14985139529679853
81,1406,1487,0.149872591351882
81,1410,1491,0.14989816534083006
82,1428,1510,0.14992209760881636
83,1442,1525,0.1499419333240501
81,1436,1517,0.14995781893840665
77,1438,1515,0.14997875357678989
75,1437,1512,0.1500094404007196
75,1440,1515,0.1500434314103619
73,1438,1511,0.1500752862840316
75,1436,1511,0.15011059994185694
76,1435,1511,0.15013805050732526
75,1436,1511,0.1501609014457943
77,1440,1517,0.15018514957247034
75,1432,1507,0.15020263601075173
78,1435,1513,0.15022470850208475
76,1451,1527,0.15023688561720625
77,1436,1513,0.15025396507411884
73,1445,1518,0.1502671272419599
75,1452,1527,0.15029118309346107
74,1445,1519,0.1503081672663369
75,1440,1515,0.15032695668801993
76,1429,1505,0.1503419673216703
76,1438,1514,0.15035334277489615
75,1434,1509,0.15036408707527774
73,1434,1507,0.15037721862870235
72,1439,1511,0.15039506575893066
72,1433,1505,0.15041514919752041
73,1446,1519,0.1504340098302359
72,1448,1520,0.15044892319671865
74,1453,1527,0.1504656685489598
70,1446,1516,0.15047531629319535
70,1442,1512,0.1504952148798629
70,1438,1508,0.15051403973880778
72,1438,1510,0.15053160250799993
71,1447,1518,0.15054213553447293
71,1446,1517,0.15055407716328018
72,1443,1515,0.15056513805217514
72,1439,1511,0.15057180390471447
71,1443,1514,0.15057751515571602
71,1447,1518,0.1505852652047997
74,1448,1522,0.1505927585007818
74,1455,1529,0.15059071683321526
75,1448,1523,0.15058923014564368
76,1454,1530,0.15058523341837168
77,1458,1535,0.15057882397478728
75,1458,1533,0.15057003059327356
78,1456,1534,0.15056773334579204
78,1455,1533,0.15055704440769624
80,1445,1525,0.15054701133881
78,1445,1523,0.15053124389670353
77,1430,1507,0.150521960960861
73,1439,1512,0.15051572249006903
70,1439,1509,0.15052137793719253
73,1426,1499,0.1505356520718872
71,1444,1515,0.15054040964885104
72,1427,1499,0.1505503917101523
73,1442,1515,0.15055663077873438
76,1439,1515,0.15055991325637963
77,1458,1535,0.15055468892915425
79,1458,1537,0.1505469665504065
79,1442,1521,0.1505334040740788
81,1432,1513,0.15052078235126948
80,1419,1499,0.1505027538357072
81,1430,1511,0.15048880304631143
78,1431,1509,0.15047272525882088
80,1436,1516,0.15046617218950437
79,1429,1508,0.15045430662382542
77,1437,1514,0.15044641705052858
77,1453,1530,0.15044509719017815
75,1446,1521,0.15044385784850978
74,1451,1525,0.15044833182356923
75,1449,1524,0.15045545327854484
73,1442,1515,0.15045911888967156
74,1444,1518,0.15046836126108482
72,1439,1511,0.15047378943527814
71,1449,1520,0.15048429704057933
72,1446,1518,0.15049686916985852
71,1445,1516,0.15050525076309904
71,1444,1515,0.15051599208449754
73,1432,1505,0.15052595117460757
73,1432,1505,0.15052966178571636
75,1434,1509,0.15053334902049698
72,1447,1519,0.15053102924626682
71,1439,1510,0.1505380594857176
69,1450,1519,0.15054714420638116
71,1445,1516,0.1505610672723485
73,1439,1512,0.1505686416036038
69,1447,1516,0.15057030490322654
71,1447,1518,0.1505829934712378
71,1451,1522,0.1505890066152611
70,1441,1511,0.1505949837525915
73,1438,1511,0.15060405292626744
70,1436,1506,0.150604024382256
76,1446,1522,0.15061314309919926
73,1445,1518,0.15060403953848905
74,1447,1521,0.1506039885522208
76,1442,1518,0.1506014341111177
76,1437,1513,0.15059297052315532
75,1442,1517,0.1505851063447806
73,1439,1512,0.1505803296212466
73,1444,1517,0.1505813471774439
72,1441,1513,0.1505825450859852
71,1426,1497,0.15058634987961508
70,1436,1506,0.15059234501177973
67,1426,1493,0.15060117594771472
67,1423,1490,0.15061773196258432
68,1429,1497,0.15063317634872217
65,1432,1497,0.1506450088446989
64,1446,1510,0.15066431655050144
66,1453,1519,0.1506846998157359
64,1462,1526,0.15069854407183456
66,1455,1521,0.15071717755791902
68,1454,1522,0.15072908419912553
69,1446,1515,0.15073474015059515
68,1439,1507,0.1507370738208728
66,1439,1505,0.15074238805272647
65,1468,1533,0.1507530254082949
66,1471,1537,0.15076529825696905
65,1465,1530,0.15077374293183135
65,1454,1519,0.15078433771473496
64,1463,1527,0.15079417975704343
65,1461,1526,0.1508061162093305
64,1455,1519,0.15081420600221715
66,1462,1528,0.1508245995508157
65,1454,1519,0.1508282392481743
66,1443,1509,0.15083446597030734
66,1454,1520,0.15083746412500518
67,1467,1534,0.15084013413031447
68,1469,1537,0.15083991244770714
69,1464,1533,0.1508367368134359
68,1460,1528,0.1508305025288072
66,1447,1513,0.1508275774919992
63,1448,1511,0.1508305187953406
62,1454,1516,0.1508417983713509
61,1458,1519,0.15085502369466564
63,1451,1514,0.15086994636229256
64,1455,1519,0.15087800059963818
64,1460,1524,0.15088268692060564
63,1448,1511,0.15088707938038193
62,1448,1510,0.1508941213075759
63,1456,1519,0.1509033977670139
61,1453,1514,0.15090907339909432
63,1454,1517,0.1509200530034965
60,1454,1514,0.1509246932825679
59,1462,1521,0.1509380749498944
60,1452,1512,0.15095349433385827
59,1458,1517,0.15096513341698534
59,1455,1514,0.15097939579178854
60,1446,1506,0.15099293671770828
58,1458,1516,0.15100271472064775
58,1457,1515,0.15101789593669404
56,1457,1513,0.15103218792838327
53,1450,1503,0.15105162544006068
54,1452,1506,0.15107830117849866
52,1451,1503,0.15110027863764025
52,1456,1508,0.15112654775856504
52,1474,1526,0.1511511057592817
50,1483,1533,0.15117429495068307
53,1489,1542,0.1512018638089085
54,1486,1540,0.15121899728504545
55,1479,1534,0.15123248638313463
53,1468,1521,0.15124230683740245
53,1485,1538,0.15125772607242385
52,1483,1535,0.15127227434197185
51,1482,1533,0.1512888817572744
52,1482,1534,0.15130742770158825
51,1491,1542,0.15132163060771903
49,1483,1532,0.15133799353285668
49,1477,1526,0.15135951362822872
48,1488,1536,0.1513797169542982
48,1477,1525,0.15140157340365387
48,1473,1521,0.15142207193365206
45,1478,1523,0.15144128484052363
44,1489,1533,0.15146841571538783
45,1478,1523,0.1514968940676712
44,1476,1520,0.15152059931477355
42,1474,1516,0.15154589697717774
42,1463,1505,0.15157564397959167
41,1479,1520,0.15160330963028107
42,1469,1511,0.1516320890656056
42,1457,1499,0.15165603421926344
45,1468,1513,0.1516784284307641
43,1470,1513,0.15169032667396032
43,1482,1525,0.15170763179503025
41,1484,1525,0.15172368877649983
41,1495,1536,0.15174465293112963
41,1492,1533,0.15176402977921208
38,1480,1518,0.15178205092230362
39,1483,1522,0.15180799822931057
43,1476,1519,0.15182938111109587
44,1482,1526,0.15183779524189314
44,1478,1522,0.1518426856132184
46,1465,1511,0.15184745948351658
45,1473,1518,0.15184597208270223
46,1484,1530,0.15184734349992868
47,1472,1519,0.1518456248772757
49,1471,1520,0.15184096537016908
48,1484,1532,0.1518305566907651
49,1480,1529,0.15182368607604016
48,1478,1526,0.15181441836600637
47,1480,1527,0.15180884989255553
47,1467,1514,0.15180675669173072
47,1469,1516,0.15180483851232282
46,1472,1518,0.1518030797953536
45,1484,1529,0.15180451121535268
43,1479,1522,0.15180868595379393
45,1480,1525,0.1518185924581197
44,1483,1527,0.1518218573707995
45,1478,1523,0.15182808351043298
44,1471,1515,0.15183083770263617
45,1463,1508,0.15183642596203817
47,1452,1499,0.15183869237410563
46,1459,1505,0.15183474713548376
46,1465,1511,0.15183418874113452
45,1467,1512,0.15183364650601988
45,1466,1511,0.15183611403971126
42,1447,1489,0.15183842128349148
42,1455,1497,0.1518494825745596
44,1462,1506,0.15185957384504178
42,1465,1507,0.15186291297839274
41,1475,1516,0.15187218977977085
41,1479,1520,0.1518840012700919
40,1466,1506,0.15189508318207767
43,1468,1511,0.15190831324096618
43,1465,1508,0.15191173153497958
42,1482,1524,0.15191487349092295
43,1475,1518,0.1519209682843052
41,1477,1518,0.15192357469322149
38,1483,1521,0.15193206890923724
40,1465,1505,0.1519489318498722
39,1471,1510,0.1519586157023338
41,1469,1510,0.15197050340108118
40,1471,1511,0.15197581833786827
41,1486,1527,0.15198396829236802
40,1483,1523,0.15198874653620018
39,1467,1506,0.15199639833321033
38,1468,1506,0.15200643825153612
39,1469,1508,0.1520190074774262
40,1461,1501,0.15202783762495334
40,1460,1500,0.15203316589538848
40,1461,1501,0.15203828674790962
40,1467,1507,0.15204314867321145
40,1456,1496,0.15204774882675046
41,1470,1511,0.1520521251747852
40,1478,1518,0.15205321196940666
38,1481,1519,0.15205694766959804
38,1478,1516,0.1520663018262707
39,1472,1511,0.15207491696549297
38,1469,1507,0.15207994517184592
38,1476,1514,0.15208763119484467
40,1476,1516,0.15209480417590052
38,1477,1515,0.15209523713445008
35,1481,1516,0.15210148879009183
33,1481,1514,0.1521162768243535
35,1474,1509,0.1521361127800887
36,1457,1493,0.15214865100292932
34,1477,1511,0.1521571894909287
34,1486,1520,0.15217118348964434
31,1480,1511,0.15218413756093485
30,1484,1514,0.15220521907475856
30,1478,1508,0.15222819221280093
30,1470,1500,0.15224965634629697
31,1461,1492,0.1522696761486964
32,1477,1509,0.15228530841178745
34,1493,1527,0.15229699471551492
35,1482,1517,0.15230191080732677
35,1471,1506,0.15230347755513912
35,1473,1508,0.15230501252433176
36,1477,1513,0.15230680392999052
35,1486,1521,0.152305333659376
34,1488,1522,0.15230697759760095
34,1499,1533,0.15231156487316644
33,1494,1527,0.15231586712685397
34,1493,1527,0.1523230102115044
34,1486,1520,0.15232660499805004
34,1483,1517,0.15233000929362944
35,1486,1521,0.15233318409091592
35,1477,1512,0.15233304683467902
33,1471,1504,0.1523329212862572
33,1482,1515,0.1523387914510503
34,1483,1517,0.15234427866069156
32,1492,1524,0.1523462572402033
30,1501,1531,0.15235429394373012
31,1492,1523,0.1523679246980575
30,1498,1528,0.1523778729592602
29,1493,1522,0.15239019434752224
28,1480,1508,0.1524047780915687
27,1492,1519,0.15242133324636511
28,1483,1511,0.15243981386811536
29,1480,1509,0.15245427483836602
29,1480,1509,0.15246475063559686
28,1488,1516,0.15247457544199514
28,1482,1510,0.15248672710117603
30,1489,1519,0.15249823800214363
31,1491,1522,0.152503093047047
32,1486,1518,0.1525044672559861
32,1483,1515,0.15250248204293443
32,1481,1513,0.15250076525962808
30,1486,1516,0.15249908903301054
28,1493,1521,0.1525037987146076
29,1495,1524,0.152514301131906
29,1496,1525,0.15252118092326986
29,1492,1521,0.15252773529810756
27,1504,1531,0.15253392411139835
28,1495,1523,0.15254592154135774
28,1500,1528,0.15255405695361512
28,1502,1530,0.15256171072336114
28,1500,1528,0.15256890290584188
28,1501,1529,0.15257565962766279
28,1499,1527,0.15258200740968614
28,1500,1528,0.15258797153647918
27,1492,1519,0.15259351282754977
27,1476,1503,0.15260170114562738
27,1477,1504,0.1526092018454324
29,1478,1507,0.1526162583764056
30,1498,1528,0.15261678705803355
27,1498,1525,0.15261429663952153
29,1493,1522,0.15262108348064587
32,1490,1522,0.15262127593972447
33,1489,1522,0.15261220284020227
31,1485,1516,0.1526006395218583
31,1485,1516,0.15259619400131058
31,1490,1521,0.15259214499737317
34,1484,1518,0.15258836227536776
31,1459,1490,0.15257557407133918
33,1462,1495,0.15257258876105786
33,1487,1520,0.1525637587414921
32,1484,1516,0.1525553894467157
32,1480,1512,0.15255066954363222
34,1478,1512,0.1525462887992466
32,1477,1509,0.15253614969896534
32,1485,1517,0.15253283936859824
32,1477,1509,0.152529835198334
33,1481,1514,0.15252709468211167
31,1484,1515,0.15252152327221213
32,1489,1521,0.1525224815536429
31,1496,1527,0.15252037814741834
32,1491,1523,0.15252136539788338
32,1482,1514,0.15251912667199313
33,1487,1520,0.15251692283722876
32,1477,1509,0.15251183543933564
32,1466,1498,0.1525101745005289
32,1471,1503,0.15250863276093882
32,1480,1512,0.15250720123313588
31,1480,1511,0.15250576142979214
32,1475,1507,0.1525074275863453
33,1486,1519,0.15250591607180522
34,1478,1512,0.15250130768914627
34,1485,1519,0.15249392306679482
35,1490,1525,0.15248692539486824
34,1491,1525,0.1524773433986495
34,1511,1545,0.15247138677548092
35,1500,1535,0.152465769656004
34,1488,1522,0.1524573705442645
34,1481,1515,0.15245243969825126
32,1466,1498,0.15244779169418307
35,1475,1510,0.15244965359969068
34,1478,1512,0.1524422287247412
34,1479,1513,0.15243841732502653
34,1499,1533,0.15243487814805834
35,1485,1520,0.15243158921180555
35,1500,1535,0.1524253877016003
32,1497,1529,0.15241958037707767
31,1491,1522,0.1524232029107976
31,1476,1507,0.15242969393381806
31,1476,1507,0.1524358106433363
32,1477,1509,0.15244154108133715
33,1484,1517,0.1524438068587339
33,1478,1511,0.1524428385052624
33,1488,1521,0.1524419434833267
32,1483,1515,0.15244110066255775
32,1482,1514,0.15244353655490134
32,1486,1518,0.15244577292306796
32,1497,1529,0.1524478407228166
32,1489,1521,0.15244977074566538
31,1495,1526,0.15245157777681562
30,1486,1516,0.15245630441968896
30,1491,1521,0.15246376584999624
30,1476,1506,0.15247087320039893
32,1478,1510,0.15247756441788352
30,1500,1530,0.15247763368163292
32,1494,1526,0.15248369608870263
31,1501,1532,0.15248319648190015
30,1485,1515,0.1524857118797949
30,1481,1511,0.15249118800981773
30,1495,1525,0.15249620722599821
29,1497,1526,0.15250086342687846
29,1484,1513,0.1525082419811905
31,1478,1509,0.152515129341267
30,1475,1505,0.1525154048609841
25,1486,1511,0.15251870282732585
25,1484,1509,0.15253725015991626
27,1485,1512,0.15255458577607411
28,1489,1517,0.15256463094251868
27,1498,1525,0.1525709704760222
27,1496,1523,0.15258002536752127
28,1489,1517,0.15258848564739314
29,1498,1527,0.15259324448935774
29,1495,1524,0.15259461712336767
29,1494,1523,0.15259599230677542
28,1484,1512,0.15259715902346355
28,1492,1520,0.15260130049083068
27,1487,1514,0.1526052315456507
27,1477,1504,0.152612051652526
27,1501,1528,0.15261853042501378
26,1495,1521,0.15262457813992722
24,1494,1518,0.1526333841943854
23,1498,1521,0.15264779376378676
24,1494,1518,0.15266445608222282
25,1487,1512,0.15267699396905016
25,1496,1521,0.15268560871982761
25,1486,1511,0.1526936844111035
25,1500,1525,0.15270133212210865
25,1498,1523,0.15270847116725128
25,1491,1516,0.15271519214241702
25,1492,1517,0.1527214803864258
25,1481,1506,0.15272732994501476
25,1480,1505,0.15273286444584577
24,1492,1516,0.15273805130722226
23,1486,1509,0.15274584691521262
23,1485,1508,0.1527562979059961
23,1478,1501,0.15276615208360925
24,1482,1506,0.15277540495385303
24,1488,1512,0.15278096654744305
24,1493,1517,0.15278620117762645
23,1495,1518,0.15279111929729444
22,1495,1517,0.15279889844648875
21,1495,1516,0.15280930195500997
20,1495,1515,0.15282220602619512
21,1486,1507,0.15283742020864594
20,1486,1506,0.15284859284712743
19,1490,1509,0.1528621420409829
18,1482,1500,0.1528780556786796
19,1486,1505,0.15289610156118932
20,1483,1503,0.15290990114466893
21,1496,1517,0.15291964268559227
22,1501,1523,0.15292572239810798
21,1505,1526,0.1529281794784411
21,1499,1520,0.15293372803631067
20,1487,1507,0.15293895227496104
20,1486,1506,0.15294703033025925
20,1486,1506,0.15295461328808216
18,1501,1519,0.15296173742174798
18,1500,1518,0.15297476028570883
17,1492,1509,0.1529869799973765
18,1516,1534,0.15300163192872202
18,1509,1527,0.15301229075771058
18,1509,1527,0.1530223009828555
18,1491,1509,0.1530316968435683
18,1489,1507,0.15304051830057042
17,1507,1524,0.15304880184719633
19,1490,1509,0.1530597314745718
19,1500,1519,0.15306354557934523
19,1506,1525,0.1530671925505661
18,1501,1519,0.1530706726680405
18,1510,1528,0.15307706140411934
19,1501,1520,0.15308302028824128
19,1505,1524,0.15308540089499745
19,1503,1522,0.15308760443673794
18,1493,1511,0.15308972596782489
19,1501,1520,0.15309487323591975
19,1504,1523,0.15309657648750405
18,1482,1500,0.15309817637408205
18,1487,1505,0.15310273865515056
17,1482,1499,0.15310708010403995
17,1494,1511,0.15311434217268877
17,1506,1523,0.15312117216082
18,1510,1528,0.15312759670281134
16,1502,1518,0.1531304212102795
17,1499,1516,0.15313944254562548
17,1495,1512,0.15314472051713263
16,1489,1505,0.15314968831046463
16,1498,1514,0.15315753505794252
15,1504,1519,0.15316485464145302
15,1513,1528,0.1531749075489831
15,1504,1519,0.1531843453856585
14,1505,1519,0.15319320877492196
14,1496,1510,0.15320471707736297
12,1501,1513,0.15321552093667382
12,1502,1514,0.153232133566549
11,1495,1506,0.15324767356456623
11,1511,1522,0.15326537641023472
10,1511,1521,0.15328201496854862
9,1503,1512,0.15330082528429767
9,1494,1503,0.1533216918176457
9,1504,1513,0.15334131111515353
9,1503,1512,0.15335975935644822
9,1506,1515,0.1533771036613994
11,1492,1503,0.15339340821928515
11,1501,1512,0.15340233063020528
10,1510,1520,0.15341073203739036
10,1509,1519,0.1534218448532812
10,1499,1509,0.15343228600089628
10,1513,1523,0.15344209895001482
9,1498,1507,0.1534513239425545
10,1501,1511,0.15346319544770448
11,1515,1526,0.15347113849570213
11,1499,1510,0.15347541732081021
10,1502,1512,0.15347944668947874
12,1491,1503,0.15348642944034815
12,1489,1501,0.15348662342557665
12,1497,1509,0.15348680066910433
12,1499,1511,0.1534869671649103
12,1505,1517,0.15348712476026335
12,1510,1522,0.15348731875839447
12,1506,1518,0.1534875113385149
13,1502,1515,0.15348767853018896
14,1504,1518,0.1534847399432827
14,1521,1535,0.15347872952427946
14,1512,1526,0.1534730769232734
14,1505,1519,0.1534677597940754
15,1493,1508,0.15346280602297313
15,1494,1509,0.15345494219080663
14,1497,1511,0.15344755572402996
14,1501,1515,0.15344378138380324
13,1506,1519,0.15344023525371406
13,1505,1518,0.1534400910848698
13,1508,1521,0.15343995144800587
13,1506,1519,0.15343982187022803
13,1508,1521,0.15343970146448924
12,1498,1510,0.1534395886374381
12,1501,1513,0.15344255386837333
11,1504,1515,0.15344539133605836
12,1503,1515,0.15345116414988158
12,1501,1513,0.1534535834947992
11,1512,1523,0.15345583482738728
11,1504,1515,0.15346101454218536
12,1524,1536,0.1534659406050611
12,1526,1538,0.15346751750842333
12,1510,1522,0.15346895898793678
12,1521,1533,0.15347031062909924
12,1504,1516,0.15347158171186634
12,1498,1510,0.153472777609823
12,1499,1511,0.15347390277259604
13,1501,1514,0.15347496127474863
14,1499,1513,0.15347289261843589
14,1488,1502,0.15346771181527374
14,1491,1505,0.15346284796928858
13,1504,1517,0.15345827719803867
13,1526,1539,0.15345717995255387
13,1513,1526,0.1534561428673752
13,1499,1512,0.15345516769988993
13,1493,1506,0.153454252509997
13,1489,1502,0.15345339368369573
13,1499,1512,0.1534525874946048
12,1508,1520,0.1534518304563821
12,1497,1509,0.1534541632153143
11,1498,1509,0.15345640046886996
11,1500,1511,0.1534616785573241
12,1498,1510,0.1534666559353336
12,1516,1528,0.15346828445366176
14,1498,1512,0.15346978040999681
14,1509,1523,0.1534649181393791
14,1504,1518,0.15346034495894642
14,1509,1523,0.1534560612280104
14,1521,1535,0.15345203814126493
14,1515,1529,0.15344826819338703
13,1506,1519,0.1534445386792005
13,1500,1513,0.1534442736673509
12,1508,1520,0.153444016185866
12,1512,1524,0.1534468221820563
11,1504,1515,0.15344951161055811
11,1503,1514,0.15345511232178743
11,1508,1519,0.1534604160000233
12,1507,1519,0.1534654030274814
12,1502,1514,0.15346703212737953
11,1501,1512,0.1534685172560137
11,1503,1514,0.15347310933342823
12,1508,1520,0.15347741844700857
11,1507,1518,0.15347826260058464
11,1511,1522,0.15348210634674778
12,1520,1532,0.15348577066815264
12,1522,1534,0.1534860315439517
12,1513,1525,0.15348640337399463
12,1498,1510,0.15348658259871717
11,1509,1520,0.1534868051748
11,1512,1523,0.15349014857764076
11,1506,1517,0.15349331563024082
11,1506,1517,0.15349630528383812
11,1499,1510,0.1534991234760344
12,1505,1517,0.15350183345173807
12,1498,1510,0.15350114073810775
12,1498,1510,0.15350048474524544
12,1505,1517,0.15349987543729487
12,1499,1511,0.15349931234205957
10,1499,1509,0.1534987919426291
11,1503,1514,0.15350467305046064
9,1501,1510,0.15350703988929357
9,1512,1521,0.15351566028362115
9,1507,1516,0.1535237672219041
9,1494,1503,0.15353139344436148
9,1508,1517,0.15353856486758816
9,1504,1513,0.15354530721846
8,1507,1515,0.15355156844037615
8,1501,1509,0.15356067949226213
8,1502,1510,0.15356923605373976
8,1498,1506,0.1535772976581471
8,1499,1507,0.1535848825516809
8,1512,1520,0.1535920118081393
9,1509,1518,0.15359871067248718
9,1512,1521,0.15360183272848693
8,1498,1506,0.153604746753164
9,1502,1511,0.1536106908489048
9,1525,1534,0.1536130629928224
9,1527,1536,0.15361530346510927
9,1514,1523,0.15361730838479534
9,1503,1512,0.1536192650557455
9,1508,1517,0.15362111839529674
8,1507,1515,0.15362286436957182
7,1517,1524,0.15362769856150327
7,1516,1523,0.15363543677697078
7,1497,1504,0.15364270199108512
7,1501,1508,0.15364952893122225
7,1497,1504,0.15365594649627598
6,1501,1507,0.15366198001013273
6,1505,1511,0.15367088251627312
6,1528,1534,0.15367926977325352
6,1519,1525,0.15368715636742514
7,1521,1528,0.15369456826682032
5,1520,1525,0.15369831335879625
5,1514,1519,0.15370827098706935
5,1511,1516,0.15371762261267563
5,1524,1529,0.1537264091026013
5,1514,1519,0.15373466829812707
5,1506,1511,0.1537424331715605
5,1516,1521,0.1537498358357434
4,1522,1526,0.15375674847893012
4,1528,1532,0.15376641456642662
4,1520,1524,0.15377552125723967
5,1523,1528,0.15378408953793304
5,1511,1516,0.15378892201821565
5,1521,1526,0.15379347298316884
4,1520,1524,0.15379775140124308
4,1525,1529,0.15380500748298073
4,1509,1513,0.15381182587948772
4,1508,1512,0.1538182358863611
4,1521,1525,0.1538242637984404
4,1525,1529,0.15382993270918824
4,1518,1522,0.15383526386402882
4,1509,1513,0.1538402771866812
3,1512,1515,0.15384499145687627
3,1513,1516,0.15385265304570211
4,1514,1518,0.1538598560194452
4,1494,1498,0.1538633977383622
4,1509,1513,0.15386673480444724
5,1506,1511,0.15386987165135044
4,1513,1517,0.1538695910059532
4,1518,1522,0.1538725554547304
5,1519,1524,0.1538753375964584
5,1522,1527,0.15387471699591146
4,1505,1509,0.15387414132750415
4,1495,1499,0.15387682963527258
4,1489,1493,0.15387935196602825
4,1511,1515,0.1538817218438768
4,1517,1521,0.15388395012415118
4,1521,1525,0.15388604564765254
4,1504,1508,0.15388801630917842
4,1520,1524,0.15388986946421743
4,1520,1524,0.1538916120443349
5,1525,1530,0.15389325059352843
5,1513,1518,0.15389156094548578
5,1526,1531,0.15388998156930597
5,1520,1525,0.15388840449443486
5,1516,1521,0.15388699989973456
5,1514,1519,0.153885696018923
5,1502,1507,0.15388447674559122
4,1504,1508,0.15388333434466325
4,1513,1517,0.1538854756690804
2,1493,1495,0.1538874832929028
2,1494,1496,0.15389582628794832
3,1507,1510,0.15390366857580456
3,1499,1502,0.15390781089380426
3,1496,1499,0.15391171568357429
4,1502,1506,0.15391539048453237
4,1497,1501,0.1539156121464738
4,1497,1501,0.1539158251808749
4,1513,1517,0.1539160240550561
4,1498,1502,0.1539162110271327
4,1509,1513,0.15391638786621667
4,1505,1509,0.1539165555883719
4,1534,1538,0.15391671483127947
4,1536,1540,0.15391686605867355
4,1532,1536,0.15391700680725148
5,1524,1529,0.15391714420532338
5,1514,1519,0.15391405408584127
5,1518,1523,0.15391115941064568
5,1513,1518,0.15390843869279142
5,1506,1511,0.15390588048267756
5,1505,1510,0.1539034754363874
7,1499,1506,0.15390121472944293
7,1511,1518,0.15389265971822938
7,1515,1522,0.15388464652125605
5,1509,1514,0.1538771231672018
5,1518,1523,0.15387647082379516
5,1510,1515,0.15387584638430823
5,1519,1524,0.15387525925816817
5,1522,1527,0.15387470817987228
5,1518,1523,0.1538741905382019
5,1520,1525,0.15387370394660113
5,1518,1523,0.15387324633480148
5,1508,1513,0.15387281587018017
5,1503,1508,0.15387241089222645
5,1511,1516,0.15387202987185605
5,1515,1520,0.15387167138703028
5,1517,1522,0.1538713341076208
5,1505,1510,0.15387101678537596
5,1496,1501,0.1538707182467267
5,1508,1513,0.15387043738721726
5,1505,1510,0.15387017316690302
6,1506,1512,0.15386992460635607
6,1510,1516,0.15386646981525495
6,1500,1506,0.15386323290716372
5,1492,1497,0.15386019379970364
5,1494,1499,0.15386054127726173
5,1496,1501,0.15386085840584637
5,1504,1509,0.1538611537203476
5,1507,1512,0.15386143081105186
5,1509,1514,0.15386169130586425
5,1500,1505,0.15386193623888728
5,1504,1509,0.15386216648897094
5,1499,1504,0.15386238288457693
5,1518,1523,0.15386258622214094
5,1511,1516,0.15386277726564657
5,1498,1503,0.1538629567438604
6,1498,1504,0.15386312534860067
7,1515,1522,0.15386006533567198
7,1510,1517,0.15385398260163444
8,1520,1528,0.15384827925756528
8,1503,1511,0.1538397261516719
8,1505,1513,0.15383170419102946
8,1509,1517,0.1538241690080909
8,1508,1516,0.15381708795150792
8,1499,1507,0.15381043284080223
8,1507,1515,0.1538041779002046
10,1498,1508,0.15379829906526127
10,1501,1511,0.1537863633773426
10,1504,1514,0.15377517279281444
10,1507,1517,0.15376466176091833
10,1507,1517,0.1537547852875124
8,1507,1515,0.1537455048022171
8,1516,1524,0.15374315401748856
8,1513,1521,0.1537409233123943
8,1504,1512,0.1537388182298878
8,1497,1505,0.15373683732645704
8,1500,1508,0.15373497546808718
8,1495,1503,0.15373322619478677
8,1508,1516,0.15373158284807184
7,1509,1516,0.15373003897900517
7,1503,1510,0.15373177338947921
7,1504,1511,0.15373339366463928
7,1505,1512,0.15373492677547762
7,1518,1525,0.1537363729560079
7,1523,1530,0.15373773263153603
7,1526,1533,0.15373901076952776
7,1523,1530,0.15374021231865342
7,1510,1517,0.15374134185559496
8,1522,1530,0.1537424036566378
8,1526,1534,0.15374020546113484
9,1521,1530,0.1537381514753589
9,1514,1523,0.15373302052230337
9,1508,1517,0.1537282125472839
9,1510,1519,0.15372369916168074
9,1523,1532,0.1537194592128857
8,1513,1521,0.15371547518630202
8,1507,1515,0.15371492549241356
8,1509,1517,0.15371439905448753
8,1520,1528,0.1537139007033718
8,1511,1519,0.15371343181403258
7,1499,1506,0.15371299150453774
7,1489,1496,0.15371576980703947
8,1507,1515,0.15371837164226443
7,1502,1509,0.1537176039269348
7,1501,1508,0.15372009544636964
7,1507,1514,0.15372243304635214
7,1501,1508,0.15372462769595008
7,1509,1516,0.15372668959234914
7,1507,1514,0.15372862742487797
7,1517,1524,0.15373044887686102
6,1524,1530,0.1537321609939319
6,1527,1533,0.15373695823628686
6,1534,1540,0.15374145766822928
6,1530,1536,0.1537456854655702
6,1519,1525,0.1537496598977538
5,1512,1517,0.1537533962857086
4,1520,1524,0.15376011159952085
3,1525,1528,0.15376962981212652
4,1521,1525,0.1537817902089364
4,1519,1523,0.15378999950648561
4,1519,1523,0.15379772375051895
4,1518,1522,0.1538049859102671
4,1525,1529,0.15381181345110323
4,1522,1526,0.1538182324752899
4,1516,1520,0.15382426739574107
3,1517,1520,0.15382994113291573
3,1501,1504,0.1538385128298331
3,1496,1499,0.15384657424026885
3,1504,1507,0.15385415771549923
3,1501,1504,0.15386129059419582
3,1509,1512,0.1538679983881094
3,1511,1514,0.15387430565418447
3,1517,1520,0.15388023588747368
3,1518,1521,0.15388581140769492
3,1517,1520,0.15389105332397265
4,1526,1530,0.15389598154951833
4,1526,1530,0.15389738240254797
5,1522,1527,0.15389870690978216
5,1522,1527,0.15389673242015584
4,1517,1521,0.15389488642027757
4,1523,1527,0.153896367191244
5,1523,1528,0.1538977507539192
5,1517,1522,0.15389583058656633
5,1525,1530,0.1538940356758701
5,1513,1518,0.15389235005428548
5,1512,1517,0.15389076522264347
5,1502,1507,0.15388927501039695
5,1512,1517,0.15388787393517006
5,1518,1523,0.15388655683140048
5,1515,1520,0.15388531878701076
5,1517,1522,0.15388415513690087
5,1522,1527,0.15388306146219768
5,1519,1524,0.15388203358662136
5,1521,1526,0.1538810675697156
5,1510,1515,0.15388015969796684
5,1503,1508,0.1538793064747333
5,1504,1509,0.15387850460962021
5,1501,1506,0.15387775100771564
6,1507,1513,0.15387704275894531
6,1515,1521,0.15387316787476357
6,1503,1509,0.1538695368372274
6,1518,1524,0.15386612469654254
6,1515,1521,0.1538629169581685
6,1514,1520,0.15385990158202253
6,1512,1518,0.1538570673000345
5,1507,1512,0.1538544034075425
4,1511,1515,0.15385510158035318
4,1515,1519,0.1538589615152142
4,1510,1514,0.15386258487166096
4,1502,1506,0.15386599150496277
3,1507,1510,0.15386919590527331
3,1516,1519,0.15387542649395253
3,1512,1515,0.15388128187930689
3,1507,1510,0.1538867909988333
3,1505,1508,0.15389197372290314
3,1483,1486,0.15389684831065367
4,1484,1488,0.15390143236741266
4,1487,1491,0.15390251162364005
4,1492,1496,0.15390353407038634
4,1477,1481,0.15390449673960863
4,1492,1496,0.1539054010470551
4,1504,1508,0.1539062500737405
4,1500,1504,0.1539070472484167
4,1494,1498,0.15390779588812137
4,1504,1508,0.1539084990919335
4,1495,1499,0.1539091597340403
4,1506,1510,0.15390978048041662
4,1501,1505,0.15391036380872905
4,1513,1517,0.15391091202650134
3,1520,1523,0.1539114272867514
3,1511,1514,0.15391513786795433
2,1515,1517,0.15391862233557635
2,1519,1521,0.15392512881855092
2,1523,1525,0.15393124982946926
2,1519,1521,0.15393701102767918
2,1510,1512,0.15394243150407178
2,1512,1514,0.15394752985435936
2,1507,1509,0.15395232437391546
2,1514,1516,0.15395683271106742
2,1509,1511,0.1539610716946138
2,1505,1507,0.15396505727547558
2,1503,1505,0.1539688045233102
2,1519,1521,0.15397232764877142
3,1512,1515,0.15397564003756334
3,1523,1526,0.15397551046413946
3,1522,1525,0.1539753895434588
3,1523,1526,0.15397527182549572
3,1530,1533,0.15397515905287484
3,1517,1520,0.15397505232248274
3,1512,1515,0.15397495193373892
3,1512,1515,0.15397485779858067
3,1516,1519,0.15397476966146126
3,1507,1510,0.1539746872008968
3,1494,1497,0.1539746100762317
3,1505,1508,0.15397453794943508
3,1517,1520,0.15397447049516994
3,1516,1519,0.15397440740516846
4,1503,1507,0.15397434838977506
4,1514,1518,0.15397106163566948
4,1508,1512,0.153967978558589
4,1505,1509,0.15396507907846066
2,1496,1498,0.15396235196982566
3,1500,1503,0.15396625554345353
4,1513,1517,0.15396669331823276
3,1500,1503,0.1539638787020117
3,1507,1510,0.15396446773787661
3,1519,1522,0.15396501665392312
3,1500,1503,0.15396553350663733
3,1516,1519,0.15396602132303944
3,1517,1520,0.15396648157765822
3,1522,1525,0.15396691555720277
3,1509,1512,0.15396732454577458
3,1511,1514,0.15396770982472302
3,1511,1514,0.153968072654069
3,1516,1519,0.1539684142581498
3,1516,1519,0.1539687358166527
3,1516,1519,0.15396903845956442
3,1520,1523,0.1539693232647169
3,1523,1526,0.15396959125703005
3,1509,1512,0.15396984340886213
3,1501,1504,0.15397008064108217
3,1503,1506,0.15397030382460922
4,1498,1502,0.15397051378224277
4,1508,1512,0.15396747252697282
4,1507,1511,0.153964629231769
4,1509,1513,0.15396196117343414
3,1511,1514,0.15395945277034542
3,1514,1517,0.15396032059434148
3,1519,1522,0.1539611299240452
3,1526,1529,0.1539618888422255
3,1514,1517,0.15396260229169953
3,1513,1516,0.15396327340502597
3,1503,1506,0.15396390467870874
3,1511,1514,0.1539644983856126
3,1516,1519,0.15396505667785826
3,1523,1526,0.1539655816066748
3,1534,1537,0.1539660751239647
3,1526,1529,0.15396653908172328
3,1521,1524,0.15396697523267813
3,1505,1508,0.1539673852323867
4,1511,1515,0.1539677706424013
4,1513,1517,0.1539649042134158
4,1522,1526,0.15396221634693621
4,1508,1512,0.15395968811046773
2,1511,1513,0.15395730973694183
2,1521,1523,0.15396151981758938
2,1519,1521,0.15396547260606425
2,1518,1520,0.15396919288447317
2,1508,1510,0.15397269516371007
3,1508,1511,0.15397599109963309
3,1525,1528,0.1539758571861374
3,1523,1526,0.153975739095158
3,1505,1508,0.1539756281387844
3,1507,1510,0.15397552249759858
3,1510,1513,0.1539754220247837
4,1509,1513,0.15397532676103431
4,1507,1511,0.15397200135845604
5,1521,1526,0.15396888280431406
5,1518,1523,0.15396272491382684
5,1533,1538,0.15395694116755784
4,1529,1533,0.15395150125231136
3,1512,1515,0.15394959940243777
3,1514,1517,0.15395102498250934
4,1510,1514,0.15395236349868313
4,1510,1514,0.15395039095927435
4,1522,1526,0.1539485465737228
4,1514,1518,0.15394681582143363
4,1505,1509,0.15394518915095315
4,1506,1510,0.15394365929314938
4,1508,1512,0.15394222018410475
4,1505,1509,0.15394086639615334
4,1511,1515,0.15393959290880815
4,1495,1499,0.15393839501696222
4,1513,1517,0.15393726828966894
4,1515,1519,0.15393620854767764
4,1514,1518,0.15393521184810657
4,1521,1525,0.153934274471918
3,1528,1531,0.15393339291255925
2,1523,1525,0.15393579337670357
2,1522,1524,0.15394128238209853
2,1515,1517,0.1539464456692648
2,1523,1525,0.15395130613474783
2,1508,1510,0.15395587978853562
2,1512,1514,0.15396018203318157
2,1515,1517,0.15396422810825147
2,1522,1524,0.15396803278718563
2,1521,1523,0.15397161020188513
2,1520,1522,0.1539749737732088
2,1518,1520,0.1539781361960106
3,1496,1499,0.15398110945078894
3,1506,1509,0.1539806646874748
3,1506,1509,0.15398025083676092
3,1522,1525,0.15397985933470298
3,1518,1521,0.15397948907032138
3,1518,1521,0.1539791397568775
3,1504,1507,0.15397881078558048
3,1494,1497,0.15397850129563465
3,1499,1502,0.15397821031022826
3,1507,1510,0.1539779368193476
2,1504,1506,0.15397767982346697
2,1509,1511,0.15398066917972172
1,1508,1509,0.1539834770372567
1,1511,1512,0.1539893612417158
0,1513,1513,0.15399489620745443
