1375,27,1402,0.13584108445465679
1392,28,1420,0.1329989538826773
1419,29,1448,0.13035859948905348
1443,32,1475,0.12787623410946236
1443,35,1478,0.12554937160244262
1435,36,1471,0.12342927110422362
1436,38,1474,0.12151751454793143
1450,36,1486,0.11977222865603256
1439,36,1475,0.11814667610388403
1457,37,1494,0.11669295482621671
1448,40,1488,0.11532461460066895
1449,40,1489,0.11409949520463872
1459,40,1499,0.11298074969898242
1467,40,1507,0.11193792560404418
1471,40,1511,0.11096911710270607
1466,38,1504,0.11007749007186682
1472,37,1509,0.10927721449755598
1453,37,1490,0.10853475288253733
1456,40,1496,0.1079021978583531
1454,42,1496,0.10731910895718252
1453,42,1495,0.10679215790638509
1463,42,1505,0.10631386194154563
1456,40,1496,0.10585576840944086
1452,38,1490,0.10545430777493074
1455,38,1493,0.10509675480909296
1454,41,1495,0.1047643908837598
1453,39,1492,0.10446444258625213
1446,39,1485,0.10419322715758167
1448,39,1487,0.10396113398130064
1451,40,1491,0.10374525484953809
1446,40,1486,0.10354223108646814
1460,40,1500,0.10336762436570869
1455,39,1494,0.10317860491958902
1453,39,1492,0.10301714328493512
1453,40,1493,0.10287429608754012
1458,44,1502,0.10274455639382424
1455,46,1501,0.10261536530090856
1448,44,1492,0.10250420941505199
1450,44,1494,0.10241833826037464
1448,46,1494,0.10233554202043002
1446,50,1496,0.10226439681073611
1437,51,1488,0.10220427361031881
1441,53,1494,0.10216880724160195
1420,52,1472,0.10212792368160371
1416,54,1470,0.10213593015867709
1425,55,1480,0.10215133065185338
1429,55,1484,0.10214640520872727
1434,56,1490,0.10213335164582972
1430,55,1485,0.1021109348987582
1429,56,1485,0.10209894313611148
1421,55,1476,0.10209039185830485
1417,55,1472,0.10209937352950023
1433,54,1487,0.10211593255584905
1443,54,1497,0.10209645272802996
1432,54,1486,0.10205768719811152
1433,55,1488,0.10204582193693802
1426,55,1481,0.10203291670324255
1429,55,1484,0.10203614021754573
1430,54,1484,0.1020328762419295
1424,54,1478,0.10202765067656441
1439,52,1491,0.10203522521459421
1429,52,1481,0.10201004493552954
1420,53,1473,0.10200894077627103
1426,54,1480,0.10202745681797883
1427,54,1481,0.10203173334446479
1439,52,1491,0.10203344786971719
1450,52,1502,0.10200890553659103
1448,52,1500,0.10196309048096387
1444,53,1497,0.10192598740490386
1453,55,1508,0.10190064814203507
1447,57,1504,0.10185823969573615
1445,56,1501,0.10183248958623448
1429,56,1485,0.10181380804376404
1428,56,1484,0.10183083978340818
1436,56,1492,0.10184797768687844
1429,57,1486,0.10184646465996827
1432,57,1489,0.1018598331142724
1429,55,1484,0.1018656081699298
1426,52,1478,0.10187749344314583
1425,53,1478,0.10189487071815563
1429,52,1481,0.10191270769768021
1435,52,1487,0.10192039562995386
1438,49,1487,0.10191458495714312
1435,50,1485,0.10190298095932576
1441,52,1493,0.10189884942840426
1433,51,1484,0.10188260677479409
1416,51,1467,0.10188470119438592
1418,49,1467,0.10192356927566683
1427,48,1475,0.10195408106652881
1430,46,1476,0.10196296486555434
1419,46,1465,0.10196463508165383
1420,46,1466,0.10198996081103072
1429,47,1476,0.10201058792199333
1435,46,1481,0.10200990208088732
1435,47,1482,0.1019958475464826
1444,45,1489,0.10198323242102678
1443,46,1489,0.10195233049989812
1443,48,1491,0.1019261387663057
1439,50,1489,0.10190273745843792
1433,51,1484,0.10188987448384931
1427,54,1481,0.1018908807728666
1426,52,1478,0.10190480870954262
1426,55,1481,0.10191982153296036
1439,54,1493,0.10193351514823558
1440,52,1492,0.10191810123336488
1428,53,1481,0.10190196170053863
1442,55,1497,0.1019129062552567
1454,56,1510,0.10189317184541977
1439,56,1495,0.101849511311308
1431,56,1487,0.10184191547854878
1426,57,1483,0.10185202977801085
1424,56,1480,0.10187205418456152
1416,56,1472,0.10189464668727818
1420,54,1474,0.1019316697839141
1439,55,1494,0.10195736414422317
1449,51,1500,0.10194058744314677
1444,51,1495,0.10190357944765982
1452,54,1506,0.10188084512064563
1450,54,1504,0.1018425067002185
1451,54,1505,0.10181184271629483
1438,54,1492,0.10178219788182996
1449,53,1502,0.10178307509714969
1441,56,1497,0.1017600425098707
1426,55,1481,0.10175668875103604
1433,55,1488,0.10178555100155656
1434,55,1489,0.10179696050431877
1447,56,1503,0.10180491013518565
1439,58,1497,0.10178463631525206
1438,55,1493,0.10178300219952213
1432,54,1486,0.1017837704715426
1432,53,1485,0.10179761166277185
1433,55,1488,0.10181060627583076
1428,55,1483,0.10181936341397417
1435,57,1492,0.10183808709210539
1445,55,1500,0.10184059150483835
1436,57,1493,0.10182090000250764
1436,60,1496,0.1018218183744386
1443,58,1501,0.1018232294828201
1448,59,1507,0.10180927153623259
1439,56,1495,0.10178561792927628
1446,54,1500,0.10178387114260541
1455,52,1507,0.10176692689966396
1461,53,1514,0.10173242994170179
1453,51,1504,0.1016880440363575
1467,54,1521,0.10166442973945784
1458,51,1509,0.10161343883031371
1458,53,1511,0.10158611279826087
1440,55,1495,0.10156069439297687
1436,54,1490,0.10157611497281017
1446,58,1504,0.10159847719260842
1460,59,1519,0.10159809158738842
1439,60,1499,0.10156802791176972
1443,61,1504,0.10158556193359626
1428,60,1488,0.10159324385028015
1414,60,1474,0.10163192388932388
1429,61,1490,0.10169726090084802
1429,56,1485,0.10172479923212037
1422,54,1476,0.10174953049585976
1444,54,1498,0.10178723275120735
1453,52,1505,0.10177427765279276
1457,55,1512,0.10174395650531717
1446,54,1500,0.10170747896615065
1446,56,1502,0.10169763355342769
1437,52,1489,0.10168883997231623
1425,51,1476,0.10170024038348716
1431,55,1486,0.10173584815814408
1433,55,1488,0.10175578150886143
1429,58,1487,0.10176944461279248
1432,56,1488,0.10179026694209753
1432,56,1488,0.10180305112064775
1434,57,1491,0.10181488408129724
1435,59,1494,0.10182171518484225
1435,57,1492,0.10182543383701514
1427,59,1486,0.10182941661799774
1435,62,1497,0.10185018145727863
1437,61,1498,0.10185188019914065
1439,61,1500,0.1018491392317733
1435,62,1497,0.1018421060239831
1438,65,1503,0.10184475610374495
1438,65,1503,0.10184067810149189
1429,67,1496,0.10183736732684853
1421,66,1487,0.10185370380172089
1437,69,1506,0.10188567161179217
1428,72,1500,0.10188011837224849
1418,73,1491,0.10189424645104171
1410,72,1482,0.10192900925292976
1416,75,1491,0.10197810926848348
1411,75,1486,0.10201022211488002
1408,74,1482,0.10205045641765902
1424,74,1498,0.10209336121642419
1410,72,1482,0.10209780249766767
1404,74,1478,0.10213221468019645
1409,78,1487,0.10217710309554054
1401,80,1481,0.10220747761508196
1408,79,1487,0.10225187272210289
1409,79,1488,0.1022775287303051
1412,80,1492,0.10229860420989749
1407,83,1490,0.10231129310446636
1400,84,1484,0.10233404876245832
1397,88,1485,0.10237019186255938
1395,87,1482,0.10240972050884699
1393,88,1481,0.10245025340432584
1409,91,1500,0.10249120507952629
1397,92,1489,0.10249470029716182
1401,101,1502,0.1025233253729821
1397,100,1497,0.10254097682855896
1397,98,1495,0.10256587986320234
1395,102,1497,0.10258921265947142
1404,102,1506,0.10261517574387359
1404,102,1506,0.10261910084444302
1391,104,1495,0.10262313386116709
1394,110,1504,0.10265524701670334
1378,112,1490,0.10267787371246846
1383,110,1493,0.10273317978255564
1385,109,1494,0.10277304036149744
1380,106,1486,0.10280433633940333
1388,105,1493,0.10284360985050504
1389,107,1496,0.10286228808469403
1397,106,1503,0.1028772961615293
1399,107,1506,0.10287386116299974
1398,108,1506,0.1028659439000933
1378,104,1482,0.10286130192357147
1386,107,1493,0.10290017822927702
1393,104,1497,0.1029186124288606
1401,104,1505,0.10292010354701116
1403,109,1512,0.10290484108878317
1408,112,1520,0.10288648170713177
1400,109,1509,0.102859259091421
1408,108,1516,0.10285188689275188
1397,108,1505,0.10282788847392961
1402,109,1511,0.10282984348869491
1394,111,1505,0.1028205730318641
1380,110,1490,0.10282913140815524
1385,110,1495,0.10286650582984848
1388,113,1501,0.1028902055994765
1394,114,1508,0.10290549565547086
1384,108,1492,0.10290658233234136
1370,111,1481,0.10292980023535499
1374,109,1483,0.10298146242531037
1379,112,1491,0.1030195349509193
1391,114,1505,0.10304348349289186
1391,113,1504,0.10303921815716854
1387,113,1500,0.10303548606247431
1387,116,1503,0.10304022157315934
1387,115,1502,0.10304450468003516
1377,115,1492,0.10304859666556396
1366,118,1484,0.10307471805664409
1363,119,1482,0.10312262686293287
1371,122,1493,0.10317218796790799
1374,123,1497,0.10320050487829885
1364,126,1490,0.10321974890190741
1367,127,1494,0.10325884852918593
1358,124,1482,0.10328797901285909
1361,126,1487,0.10333405124729587
1363,124,1487,0.10336977274575147
1369,128,1497,0.10339842944354163
1358,126,1484,0.1034118905914162
1356,125,1481,0.10344805484180877
1368,124,1492,0.10348485231329388
1365,125,1490,0.10349257437200468
1367,124,1491,0.10350625437135814
1369,122,1491,0.10351433484978129
1364,125,1489,0.10351746032452067
1359,125,1484,0.10353101345063377
1353,126,1479,0.10355357421898059
1358,125,1483,0.10358735326203405
1365,126,1491,0.10360798319844218
1370,126,1496,0.103611906861764
1368,125,1493,0.1036043028834984
1366,129,1495,0.1036026861373485
1377,132,1509,0.10360512976282792
1370,133,1503,0.10358352704790783
1367,133,1500,0.1035794420870931
1366,132,1498,0.10358216910528853
1376,134,1510,0.1035863727700501
1362,133,1495,0.10356804328702914
1364,135,1499,0.10358178208114546
1356,136,1492,0.10359043271482576
1357,137,1494,0.1036152227185046
1344,137,1481,0.10363600211770567
1348,136,1484,0.10368336314753357
1355,133,1488,0.10371821452578597
1357,135,1492,0.10373458959444129
1362,135,1497,0.10374583998826811
1351,138,1489,0.10374476989653406
1354,141,1495,0.10376754887751558
1351,139,1490,0.10378196307806445
1352,137,1489,0.1038018145006966
1354,141,1495,0.10381802084859736
1349,143,1492,0.10382872004352205
1348,147,1495,0.10384964686326612
1342,147,1489,0.10387087092252383
1349,147,1496,0.10390374694003483
1336,146,1482,0.1039190722071109
1339,145,1484,0.10396170156826244
1349,143,1492,0.10399368567557737
1346,146,1492,0.10400137359157029
1355,146,1501,0.10401447024664807
1363,144,1507,0.10400754682090031
1366,147,1513,0.10398420264679992
1370,146,1516,0.10395627391940356
1367,145,1512,0.10392185719044843
1361,143,1504,0.10389634762065125
1360,146,1506,0.10388610238720758
1356,148,1504,0.10387963961290286
1354,146,1500,0.10388247926757922
1356,144,1500,0.10388953768243901
1350,144,1494,0.10389136369304655
1345,140,1485,0.10390598871589721
1341,139,1480,0.10392997748956184
1351,144,1495,0.10396124665407701
1357,148,1505,0.10396799426663131
1358,153,1511,0.10396088465442248
1366,150,1516,0.10395256751740754
1342,149,1491,0.10392771425935855
1336,153,1489,0.10395783310341125
1341,150,1491,0.10399901453763696
1331,151,1482,0.10402520961954431
1340,156,1496,0.10407032920743205
1337,155,1492,0.10409213607607082
1330,157,1487,0.1041184354570222
1320,160,1480,0.10415805769117904
1330,161,1491,0.10421551783902057
1335,160,1495,0.10424619870566083
1342,160,1502,0.10426324521316882
1339,160,1499,0.1042637256847021
1326,164,1490,0.10427057618754251
1322,165,1487,0.10430637716792532
1328,163,1491,0.10434700243240712
1316,165,1481,0.10437150132354724
1328,167,1495,0.10441985151349882
1319,169,1488,0.10443781399200149
1309,171,1480,0.10447457849847544
1318,168,1486,0.1045303446283758
1331,168,1499,0.10456146130157959
1319,169,1488,0.10456151077736758
1320,174,1494,0.10458868670603713
1324,175,1499,0.10461167712610958
1325,172,1497,0.10462348084040217
1324,171,1495,0.10463198358640238
1322,170,1492,0.10464267567298842
1326,173,1499,0.10465702112689375
1325,172,1497,0.1046613510439019
1332,172,1504,0.10466689604059072
1322,167,1489,0.10465639870315545
1324,171,1495,0.1046686854045625
1325,169,1494,0.10467562384154337
1329,175,1504,0.10468017041328277
1330,174,1504,0.10467608848880489
1320,176,1496,0.10466979395425016
1318,176,1494,0.10468530627954191
1319,174,1493,0.10470392929380604
1317,176,1493,0.10471854278662335
1335,175,1510,0.1047364794441966
1341,177,1518,0.1047134188825688
1337,177,1514,0.10467906910726271
1336,182,1518,0.10465637471034168
1327,180,1507,0.10463838208266107
1318,184,1502,0.1046425703898483
1325,186,1511,0.10466510749245202
1329,183,1512,0.10467120881555704
1314,178,1492,0.10466750505225467
1319,179,1498,0.1046968807773338
1309,181,1490,0.10471258311363506
1319,182,1501,0.10474875920426258
1312,185,1497,0.10476110525488991
1301,183,1484,0.10478754321246608
1313,189,1502,0.10483562197033831
1300,189,1489,0.10485287147388764
1292,184,1476,0.10489682859790556
1294,182,1476,0.10495471602692726
1317,183,1500,0.10500321001516251
1311,185,1496,0.1049977375026792
1300,188,1488,0.10500555789336388
1299,189,1488,0.1050363242235374
1312,191,1503,0.10506717535581211
1307,188,1495,0.10506747212826859
1302,184,1486,0.10507762260120687
1295,178,1473,0.10509797082414803
1287,180,1467,0.10513256838487668
1288,185,1473,0.10518105724438748
1284,185,1469,0.10522347502800149
1298,191,1489,0.1052716469234473
1304,189,1493,0.10528459697638567
1308,191,1499,0.10528284935763896
1309,191,1500,0.10527339546229117
1317,192,1509,0.10526338227494023
1324,189,1513,0.10523643223736773
1322,189,1511,0.10519596200502104
1307,193,1500,0.10516339668447543
1315,191,1506,0.10516619824794976
1316,187,1503,0.10515141239592672
1310,191,1501,0.10513552377720967
1303,192,1495,0.10513577053591203
1300,194,1494,0.10515121819054084
1284,190,1474,0.10517269769761427
1287,194,1481,0.10522732661103643
1289,201,1490,0.10527064397803851
1295,206,1501,0.1053059975616986
1299,211,1510,0.1053256853958882
1302,207,1509,0.10533534809535934
1301,208,1509,0.10533755224228944
1313,208,1521,0.1053413456471019
1308,203,1511,0.10531925581312893
1299,212,1511,0.10531042187649994
1302,210,1512,0.10532211542811946
1306,207,1513,0.10532727281822994
1294,211,1505,0.1053222432670455
1294,211,1505,0.10534359846405007
1287,215,1502,0.10536404868813978
1280,221,1501,0.10539899048129137
1286,217,1503,0.10544611258000454
1287,219,1506,0.10547480836046652
1274,217,1491,0.10549909013572194
1269,221,1490,0.105550146615516
1256,220,1476,0.10560744051040384
1264,225,1489,0.10568876786067541
1252,226,1478,0.10574597029423767
1260,231,1491,0.1058258170029231
1266,233,1499,0.1058817180326615
1265,230,1495,0.10592007271621044
1267,232,1499,0.10595693449670579
1273,229,1502,0.10598536447541237
1283,223,1506,0.10599844174731263
1272,221,1493,0.10598743634800797
1274,221,1495,0.10600165833112583
1270,225,1495,0.10601129947916416
1270,224,1494,0.10602911407063534
1269,225,1494,0.10604681292474823
1275,227,1502,0.10606454963858539
1272,229,1501,0.10606773259143289
1258,229,1487,0.10607787592298987
1267,231,1498,0.10611829636158511
1266,231,1497,0.10613569645699293
1256,228,1484,0.10615257367291699
1252,231,1483,0.10619034265231397
1250,233,1483,0.10623344411447778
1262,234,1496,0.10627797936390125
1272,232,1504,0.10629276517727636
1271,232,1503,0.10628418299148748
1281,233,1514,0.10627991158821348
1285,235,1520,0.10625401785502434
1272,229,1501,0.10622144826465192
1272,231,1503,0.10622038614473145
1265,232,1497,0.10621970633794636
1252,232,1484,0.10623447049857028
1259,234,1493,0.10627625959970782
1269,235,1504,0.10630047770007739
1268,238,1506,0.10630060695260685
1258,241,1499,0.10630272746884746
1261,237,1498,0.10632707763129158
1268,238,1506,0.10634180640909668
1264,238,1502,0.10634136282755985
1253,240,1493,0.10635094336765867
1263,237,1500,0.10638343120056043
1259,241,1500,0.10639058236159588
1261,236,1497,0.10640626390984088
1252,236,1488,0.10641791577706684
1242,245,1487,0.10644824495116936
1238,250,1488,0.1064986913299953
1248,253,1501,0.1065542173913683
1245,251,1496,0.10658443087200954
1244,250,1494,0.10661758607032908
1251,254,1505,0.10665023666277204
1244,262,1506,0.10666556832103284
1257,254,1511,0.1066953429974391
1262,250,1512,0.10669549983220002
1248,254,1502,0.10668372511933619
1246,254,1500,0.10670571339161905
1247,258,1505,0.1067296985045585
1248,265,1513,0.10674947920489597
1246,261,1507,0.10676573475485399
1237,266,1503,0.10678545995908474
1220,271,1491,0.1068235346422046
1230,271,1501,0.10689657445155881
1232,267,1499,0.10694108692446685
1221,267,1488,0.10697672510753314
1239,269,1508,0.10703522853120478
1236,272,1508,0.10704907817781835
1234,277,1511,0.10706786342599488
1233,279,1512,0.10709127295654991
1240,282,1522,0.1071165409483451
1237,275,1512,0.1071248436932796
1230,273,1503,0.10713946418669414
1224,273,1497,0.10716795362356762
1221,272,1493,0.10720781131998512
1219,270,1489,0.10725120439310942
1222,265,1487,0.10729630446368578
1214,265,1479,0.10733171890384022
1217,271,1488,0.10738246730713148
1222,268,1490,0.10742208823817084
1238,281,1519,0.10744631098489657
1231,282,1513,0.10743294142845915
1224,283,1507,0.1074378986251921
1211,285,1496,0.10745792400719484
1217,281,1498,0.10750470846429792
1211,287,1498,0.10753477969576469
1213,288,1501,0.10757577452091445
1218,290,1508,0.10760889971710615
1216,285,1501,0.1076281801702336
1219,283,1502,0.10765125978435985
1226,281,1507,0.10766498591400822
1219,286,1505,0.10766283335736496
1217,284,1501,0.10767580331803436
1224,285,1509,0.1076920432636356
1213,283,1496,0.10769123570361805
1211,282,1493,0.10771549540297944
1215,285,1500,0.10774295296318648
1219,283,1502,0.10775934726671832
1212,281,1493,0.10776476164049517
1212,289,1501,0.1077849350347282
1208,289,1497,0.10780401709385742
1212,290,1502,0.10783017924131105
1212,295,1507,0.10784472750491446
1213,293,1506,0.10785833964766653
1202,295,1497,0.10786847738095912
1199,294,1493,0.10790228951688985
1204,286,1490,0.10794031160800921
1198,292,1490,0.10796454077589526
1193,296,1489,0.1080016474756414
1195,299,1494,0.10804693013353153
1195,304,1499,0.1080838141798274
1179,303,1482,0.10811757486315873
1175,306,1481,0.10818615626100807
1183,314,1497,0.10825910969372218
1190,313,1503,0.10830835540538727
1180,317,1497,0.10833776849929136
1165,321,1486,0.10838677308411239
1179,323,1502,0.10846680999086779
1166,329,1495,0.10850981719020462
1175,326,1501,0.10857714272108987
1175,324,1499,0.10862124002463336
1171,320,1491,0.1086625251528666
1162,321,1483,0.10870932554769022
1160,321,1481,0.10877170620204396
1170,327,1497,0.10883410661763566
1176,321,1497,0.10886890411656786
1170,325,1495,0.108886261335273
1170,320,1490,0.10891631329609812
1172,322,1494,0.10894359763203354
1168,325,1493,0.10896464484897471
1183,322,1505,0.10899411767333757
1174,323,1497,0.10898765785608322
1176,325,1501,0.1090028654866488
1175,327,1502,0.10901364230178132
1173,328,1501,0.109025630539893
1168,336,1504,0.10904133629503217
1181,340,1521,0.1090663288147732
1176,337,1513,0.1090603216911105
1169,341,1510,0.10906658805899624
1171,342,1513,0.10908902737392807
1167,341,1508,0.10910690136203113
1162,344,1506,0.10913229718953601
1164,343,1507,0.1091680787787897
1160,347,1507,0.10919601519002345
1162,345,1507,0.10923202652907422
1168,344,1512,0.10926128028147478
1162,351,1513,0.10927428340333897
1156,345,1501,0.10929870934975179
1152,349,1501,0.10933570048100606
1153,350,1503,0.10937906757145192
1153,334,1487,0.10941627427142758
1158,344,1502,0.1094503380385556
1159,340,1499,0.1094704782720309
1153,341,1494,0.10948613445297742
1150,343,1493,0.10951336742064316
1158,342,1500,0.1095455167080011
1147,346,1493,0.10955624079314838
1151,348,1499,0.1095894860445721
1156,342,1498,0.10961073926281326
1160,340,1500,0.10961943434112982
1148,341,1489,0.10961710804231739
1134,342,1476,0.10964202791350612
1147,339,1486,0.10969620664913854
1157,340,1497,0.10971700899996766
1149,343,1492,0.10971517859306548
1154,346,1500,0.10973113395631992
1163,347,1510,0.10973417768528833
1158,351,1509,0.10971623624141376
1143,350,1493,0.10971106489932658
1140,357,1497,0.10973943649800379
1144,355,1499,0.10977249052211603
1156,353,1509,0.10979269209143235
1160,355,1515,0.10978601333271434
1157,358,1515,0.10977112640038854
1149,353,1502,0.1097651628283733
1142,351,1493,0.10977905515570535
1144,348,1492,0.10980797209764172
1144,354,1498,0.10983145752147201
1141,360,1501,0.10985395878189096
1152,360,1512,0.10988152558927747
1142,364,1506,0.10988205307626504
1131,364,1495,0.10990368893222391
1111,368,1479,0.10994804715315933
1105,369,1474,0.11003510722148345
1115,375,1490,0.11012849587197379
1118,372,1490,0.11019330791383274
1132,372,1504,0.11024593574461475
1124,370,1494,0.1102621300457852
1113,371,1484,0.11029544517804339
1111,377,1488,0.11035071749578439
1123,374,1497,0.11040806599104996
1120,377,1497,0.11043399077281539
1118,373,1491,0.11046506797500374
1126,375,1501,0.11049742353853732
1131,376,1507,0.1105099180953618
1140,376,1516,0.11051082921562468
1134,376,1510,0.11049124858196911
1133,374,1507,0.11048748756097146
1139,375,1514,0.11048514469320012
1138,376,1514,0.1104684220325068
1128,377,1505,0.11045649896764623
1125,384,1509,0.11046933520091123
1123,384,1507,0.11048814365808873
1121,383,1504,0.11050967557666524
1120,382,1502,0.11053402762491199
1116,384,1500,0.11055752168092216
1123,385,1508,0.11058792905380946
1129,385,1514,0.11060026574529257
1118,385,1503,0.11059790294931453
1128,387,1515,0.1106205393576655
1122,384,1506,0.11061915975243818
1124,382,1506,0.11063163207321292
1118,372,1490,0.11063905546639642
1119,381,1500,0.11065885763032642
1114,381,1495,0.11067652225642995
1102,390,1492,0.11070479975362767
1101,387,1488,0.11075825506977754
1097,387,1484,0.1108096803359404
1104,387,1491,0.1108653452267503
1109,382,1491,0.11090284633290731
1116,382,1498,0.11092704015843868
1118,383,1501,0.11093354867376966
1122,386,1508,0.11093482797226052
1117,395,1512,0.11092798141530213
1121,391,1512,0.11093232330409482
1115,390,1505,0.11092696246007704
1114,392,1506,0.1109360793339415
1123,395,1518,0.11094623333736443
1117,401,1518,0.11093583654602913
1108,395,1503,0.11094074048189417
1103,395,1498,0.11096627428191976
1102,390,1492,0.11100328379344639
1099,382,1481,0.1110413006765291
1115,388,1503,0.11108222277105081
1123,377,1500,0.11108296070522641
1113,383,1496,0.1110664395967898
1104,386,1490,0.1110743447288575
1099,384,1483,0.11110052756997912
1109,389,1498,0.11113697781598474
1105,388,1493,0.11114687921518174
1109,394,1503,0.1111659663320815
1111,396,1507,0.11117323583703076
1105,395,1500,0.11117559504575243
1106,398,1504,0.11119226975572412
1100,382,1482,0.11120511750046784
1102,383,1485,0.11123000910878748
1111,385,1496,0.11124770155186799
1105,394,1499,0.11124451429088794
1107,392,1499,0.11125618293714253
1092,392,1484,0.1112633007920507
1104,394,1498,0.11130411874947597
1113,391,1504,0.11131404675221118
1122,389,1511,0.11130146799802848
1123,392,1515,0.11126889130796243
1119,389,1508,0.1112380006231579
1112,394,1506,0.11121815469519451
1094,394,1488,0.11121630984003271
1105,393,1498,0.11125650560093185
1108,395,1503,0.11126781802410161
1099,397,1496,0.11127057476685309
1110,391,1501,0.11129292092495457
1102,395,1497,0.11128821075381409
1101,388,1489,0.11130382194283822
1104,396,1500,0.11132162019451078
1102,403,1505,0.11133083938493611
1092,406,1498,0.11134326567094817
1097,406,1503,0.11137755712416476
1093,398,1491,0.11139772912056659
1103,399,1502,0.1114262821687466
1107,402,1509,0.1114290358909933
1099,403,1502,0.1114226233464009
1111,405,1516,0.11143313491214926
1110,406,1516,0.11141630726923711
1100,402,1502,0.11140298364994151
1093,404,1497,0.11141359051662966
1115,402,1517,0.11144132077654435
1118,407,1525,0.11141594659584399
1112,408,1520,0.1113850618418327
1109,410,1519,0.11137173255393096
1093,405,1498,0.11136595393612123
1103,403,1506,0.11139826146229774
1097,400,1497,0.11140505666103508
1102,401,1503,0.1114253040311014
1096,404,1500,0.111432701695931
1104,406,1510,0.11145284367030626
1094,409,1503,0.11145302131146817
1100,410,1510,0.11147758291289317
1096,410,1506,0.11148673627529028
1100,412,1512,0.1115059604851499
1100,410,1510,0.11151447827082012
1094,407,1501,0.11152201745895372
1098,410,1508,0.11154265621009152
1094,413,1507,0.11155364665387509
1095,419,1514,0.11157386413319564
1092,418,1510,0.11158879357433381
1078,424,1502,0.11161053131913908
1071,427,1498,0.11166263879414587
1069,418,1487,0.11172617216401808
1069,423,1492,0.11178974002537145
1074,421,1495,0.11184627916093026
1077,426,1503,0.11188758160213752
1084,420,1504,0.1119177976315143
1087,419,1506,0.11192951415376173
1078,413,1491,0.11193398902148813
1074,418,1492,0.11195917601034455
1071,418,1489,0.11199132063595309
1071,417,1488,0.11202751884147276
1063,415,1478,0.11206256971087018
1068,424,1492,0.11211158878181074
1070,425,1495,0.11214500537752162
1070,419,1489,0.11217388437646662
1070,417,1487,0.11220041231040788
1084,417,1501,0.11222541852353157
1086,420,1506,0.11221607818593635
1079,421,1500,0.11220301405425567
1077,420,1497,0.11220718783115957
1074,419,1493,0.11221483892673005
1073,417,1490,0.11222805463851998
1064,419,1483,0.112243084875056
1065,415,1480,0.11227857337020833
1061,419,1480,0.11230933033275121
1070,420,1490,0.11234398072969264
1069,421,1490,0.11235640270304455
1051,430,1481,0.1123705777036786
1063,429,1492,0.11242449683926406
1064,428,1492,0.11244588284913394
1060,427,1487,0.11246465384464203
1054,430,1484,0.1124913440614836
1056,430,1486,0.11252949164823411
1061,433,1494,0.11256117071901092
1057,431,1488,0.1125777738695369
1060,427,1487,0.11260221020559044
1065,428,1493,0.11261702749555128
1065,432,1497,0.11261979873591678
1066,434,1500,0.1126241948141889
1055,438,1493,0.1126261000224772
1065,440,1505,0.11265289917496688
1068,444,1512,0.11265537203578475
1074,441,1515,0.11265067118767601
1068,436,1504,0.11263311241887569
1061,430,1491,0.11262960357595077
1070,430,1500,0.11264154456152334
1067,436,1503,0.11263098619310746
1065,432,1497,0.11262820583881579
1079,430,1509,0.1126298258973595
1073,431,1504,0.11259944141472555
1070,426,1496,0.11258419424688401
1068,427,1495,0.11257637784554571
1056,430,1486,0.11257428991670754
1069,426,1495,0.11260042717902799
1057,432,1489,0.1125957395618041
1071,426,1497,0.11261900915442506
1077,424,1501,0.1126083428724139
1067,426,1493,0.1125862461886372
1070,419,1489,0.11258879851924616
1074,428,1502,0.11258408410761703
1082,422,1504,0.11257068587226261
1086,424,1510,0.112541175216056
1082,424,1506,0.11250662375521302
1081,423,1504,0.11248270234543113
1088,426,1514,0.11246491188136129
1091,424,1515,0.11243229736499842
1090,425,1515,0.11239639625746456
1089,421,1510,0.11236544277316686
1087,422,1509,0.11234000056389867
1078,418,1496,0.11231950291516483
1068,426,1494,0.11232187439114633
1067,431,1498,0.11234880454852553
1066,428,1494,0.11237470131505972
1065,431,1496,0.11240067739737392
1066,432,1498,0.11242706561498894
1057,432,1489,0.11244971303783703
1062,434,1496,0.11249061226581183
1058,428,1486,0.11251643125388121
1050,430,1480,0.11254915618043566
1062,426,1488,0.1125968446413673
1064,426,1490,0.11261387604009229
1062,432,1494,0.11262385184427494
1072,436,1508,0.11263738685578967
1077,434,1511,0.11262728900002457
1069,431,1500,0.11260746701375432
1064,430,1494,0.11260797027453572
1057,436,1493,0.11261904637066021
1066,439,1505,0.11264542872923851
1063,440,1503,0.11265083943225612
1068,442,1510,0.11266313426085205
1062,443,1505,0.11266301503582092
1050,444,1494,0.1126773488979026
1052,439,1491,0.11271695050699673
1047,442,1489,0.11274783307522533
1051,448,1499,0.11278851726100252
1047,453,1500,0.11281634855682583
1047,455,1502,0.1128525062806334
1053,457,1510,0.11288721533177958
1061,449,1510,0.11290545008993645
1061,448,1509,0.1129075765467119
1060,452,1512,0.11290780970976126
1060,449,1509,0.11291154668172033
1053,450,1503,0.11291382645664039
1061,442,1503,0.11293172561810237
1067,449,1516,0.112929409493177
1073,453,1526,0.11291471885360807
1058,452,1510,0.11288675283559638
1057,447,1504,0.11289580156165697
1051,449,1500,0.11290543465272973
1047,453,1500,0.11292750484373691
1060,451,1511,0.11295737735171656
1063,454,1517,0.11295516839696201
1062,444,1506,0.11294512594632952
1065,445,1510,0.11293831638276149
1051,452,1503,0.11292722243931459
1054,449,1503,0.11294863571194984
1062,455,1517,0.11296036069568402
1063,448,1511,0.11295048952727424
1053,449,1502,0.11293964650911623
1053,447,1500,0.1129526073977351
1052,452,1504,0.11296463664026124
1051,454,1505,0.11297822979958731
1048,454,1502,0.11299196103763304
1044,454,1498,0.11301225023064145
1042,444,1486,0.11303972949636872
1038,447,1485,0.11306984602709429
1024,443,1467,0.11310563885614819
1029,445,1474,0.11317025368449549
1036,451,1487,0.11322052390462467
1026,446,1472,0.11324953740094734
1029,445,1474,0.11329872089741322
1048,446,1494,0.11333609392605011
1042,442,1484,0.11332826496281857
1043,445,1488,0.11333490265269916
1045,448,1493,0.11333821777621203
1039,446,1485,0.11333853947079554
1038,447,1485,0.11335208763196873
1031,441,1472,0.11336704622297843
1042,439,1481,0.1133950110543172
1038,441,1479,0.11339484604172706
1028,444,1472,0.11340372844750171
1054,448,1502,0.11343438346639853
1052,444,1496,0.11340217851194971
1066,440,1506,0.11337758399883406
1071,444,1515,0.11332073565246063
1056,440,1496,0.1132568965052884
1060,431,1491,0.11323375909931553
1072,430,1502,0.11320285072029426
1079,439,1518,0.11314531677996673
1070,438,1508,0.11307733350900218
1068,435,1503,0.1130356244561612
1062,438,1500,0.11300160487641638
1073,438,1511,0.11298482305019615
1061,436,1497,0.11294457818968562
1064,437,1501,0.11293627933575971
1053,445,1498,0.112921220310914
1052,450,1502,0.1129319567562058
1053,449,1502,0.11294332800284071
1066,453,1519,0.11295081806305078
1065,448,1513,0.1129287000593358
1073,443,1516,0.11291212036751685
1057,447,1504,0.11287745134499584
1048,444,1492,0.11288304309288319
1054,439,1493,0.11290583461665374
1057,434,1491,0.11291364312112155
1051,440,1491,0.11291172775296834
1055,439,1494,0.11292490263387195
1059,444,1503,0.11292720992243811
1048,446,1494,0.11292055533112993
1043,451,1494,0.11294133596561834
1036,446,1482,0.11297137577407869
1034,451,1485,0.11301412765685544
1030,444,1474,0.11305883984331659
1039,446,1485,0.11310918930542181
1034,453,1487,0.11313534499345898
1039,456,1495,0.1131730728113392
1036,460,1496,0.11319650721703749
1037,455,1492,0.11322462603685683
1037,458,1495,0.11324798921832592
1028,460,1488,0.11327132786731461
1026,468,1494,0.11331337347222727
1025,466,1491,0.11335649279843416
1017,466,1483,0.11339957962234347
1017,467,1484,0.1134578319382976
1013,471,1484,0.11351156689375623
1003,485,1488,0.1135723061631728
1004,481,1485,0.11365140719413538
1016,486,1502,0.11372339883310556
1017,474,1491,0.11376149163780648
1013,478,1491,0.1137938154781114
1025,473,1498,0.11383308284782853
1017,476,1493,0.1138410707869379
1009,470,1479,0.11386765224205384
1014,475,1489,0.11391121901815104
1024,478,1502,0.1139387406853766
1030,475,1505,0.11393961032223988
1016,470,1486,0.11392573969206594
1025,469,1494,0.11394556429863567
1024,471,1495,0.11394336125852027
1015,469,1484,0.11394165866780243
1026,468,1494,0.11396199092423283
1024,481,1505,0.11395476650405194
1019,478,1497,0.11395158784437193
1019,473,1492,0.1139607765281341
1031,477,1508,0.11396955808383183
1024,471,1495,0.11394935595423934
1021,475,1496,0.11394795421730834
1019,481,1500,0.11395211075310308
1011,485,1496,0.11396130380859588
1013,492,1505,0.11398915901139339
1005,490,1495,0.11401046542813473
1020,494,1514,0.11405009109998815
1012,496,1508,0.11405277260710683
1015,490,1505,0.11407323392156689
1008,492,1500,0.11408522664382534
1000,497,1497,0.11411170551762834
994,496,1490,0.11415626289652245
998,497,1495,0.11421310444348926
1007,490,1497,0.11425715890994087
1006,486,1492,0.1142755363391952
991,491,1482,0.11429385330840916
998,487,1485,0.114345587020076
994,495,1489,0.11437904015978782
996,496,1492,0.11441926139798994
990,501,1491,0.11445128532402904
996,501,1497,0.11449526400990447
985,510,1495,0.11452205254073078
989,519,1508,0.11457119371421158
985,516,1501,0.11460715892384829
988,515,1503,0.11465066442488739
986,522,1508,0.11468568535008528
990,518,1508,0.1147226968486679
997,525,1522,0.11474641708192475
988,522,1510,0.11475213515703604
988,519,1507,0.11477938197907371
999,520,1519,0.11480621960015482
996,524,1520,0.11480422161025805
986,517,1503,0.11480874030822953
982,518,1500,0.11483624275842098
975,519,1494,0.11487119973334106
978,517,1495,0.11492153959311953
980,511,1491,0.11496000127471863
991,508,1499,0.11499097852459364
983,510,1493,0.11499542697324117
983,514,1497,0.11501865131582723
977,513,1490,0.11503923850144027
977,515,1492,0.11506895662275934
976,504,1480,0.11509575016357836
990,511,1501,0.11512231887760642
988,503,1491,0.11511499679137667
982,514,1496,0.11511444298303594
986,515,1501,0.11512688882225205
991,513,1504,0.11512857761366493
989,514,1503,0.11511979260951372
990,513,1503,0.11511676145038897
986,514,1500,0.11511241264081183
982,513,1495,0.11511859251465278
972,516,1488,0.11513493473384909
974,514,1488,0.11517355899289926
974,515,1489,0.11520562217801505
980,518,1498,0.11523522696116718
985,526,1511,0.11524827461131505
980,528,1508,0.1152485584256317
980,519,1499,0.11526160959893379
981,516,1497,0.1152735127260335
973,520,1493,0.11528168232172867
982,521,1503,0.1153092099419775
993,514,1507,0.11531307012522539
993,526,1519,0.11529034275502738
989,528,1517,0.1152692449459366
981,531,1512,0.11525735768215864
979,521,1500,0.11526633271777982
981,519,1500,0.1152808671975022
973,516,1489,0.11528969416618097
976,526,1502,0.11531649191835626
983,533,1516,0.11533458174787882
983,531,1514,0.11533656331884332
982,525,1507,0.11533807628914124
972,537,1509,0.11534029218533223
975,541,1516,0.11536729122832173
976,544,1520,0.1153858753580164
959,538,1497,0.11539950471500289
975,536,1511,0.11545184768243263
976,533,1509,0.11546440547114344
975,532,1507,0.11547449873600892
976,525,1501,0.11548628855653256
971,530,1501,0.11549642833619313
974,530,1504,0.1155163482884015
973,533,1506,0.11552659515794182
968,533,1501,0.11553782333563238
962,536,1498,0.11556041442056376
965,540,1505,0.11559435557246114
957,543,1500,0.11561851913287971
962,545,1507,0.11565938405441954
966,537,1503,0.115685222383065
970,541,1511,0.1157000193956276
948,542,1490,0.11570548007146231
950,544,1494,0.1157622089186651
950,545,1495,0.11580634439937762
956,541,1497,0.11584829009206767
951,542,1493,0.1158745897938918
940,547,1487,0.1159109189803443
943,551,1494,0.1159709842885608
956,546,1502,0.116019201473839
958,548,1506,0.11603334961237892
952,558,1510,0.1160413718126169
954,555,1509,0.11606464618746816
939,562,1501,0.11608030379990979
945,566,1511,0.11612987196370156
942,558,1500,0.11616122271737227
950,554,1504,0.11619618979315134
954,553,1507,0.1162106035246703
947,562,1509,0.11621506746549497
936,557,1493,0.11623562548993725
946,555,1501,0.11628054899892314
954,560,1514,0.11629944943232022
961,548,1509,0.1162986439263956
956,552,1508,0.11628222963563953
955,557,1512,0.11628014332467662
950,557,1507,0.116280885335083
949,561,1510,0.11629297080656747
948,558,1506,0.11630648862421353
961,555,1516,0.11632185360246865
948,564,1512,0.11630576544704908
957,557,1514,0.11632062979626792
959,552,1511,0.11631522589914951
948,551,1499,0.11630565240003327
942,547,1489,0.11632131124934965
946,548,1494,0.11634896717474467
951,553,1504,0.11636180883356144
936,554,1490,0.11636219307563835
942,563,1505,0.11639628493053347
947,570,1517,0.11641446040223824
939,562,1501,0.11641986282183601
936,560,1496,0.11644350877999422
940,555,1495,0.11647325050769536
949,560,1509,0.11649128488053588
951,557,1508,0.11648750166796869
947,564,1511,0.11647972589579858
931,564,1495,0.11648268261221645
942,568,1510,0.11652426250809798
941,573,1514,0.11653559118912259
933,565,1498,0.11654972964998091
920,569,1489,0.11658139856740002
916,569,1485,0.11664013415624395
917,567,1484,0.11670390010119408
916,562,1478,0.116759910548401
919,566,1485,0.11681521347732274
926,570,1496,0.11685735599294265
938,573,1511,0.11688253769053636
936,576,1512,0.11687721053944612
933,578,1511,0.11687924574032772
920,585,1505,0.11688829607017504
920,582,1502,0.11692857768936886
926,584,1510,0.11696504173814944
918,587,1505,0.11698505039995379
914,585,1499,0.11702183771090656
919,582,1501,0.11706555352031561
921,574,1495,0.117095562292688
924,573,1497,0.11711699556420362
918,579,1497,0.11712968417217824
911,585,1496,0.11715524606052392
918,591,1509,0.1171958230634689
914,589,1503,0.11721778041643616
921,586,1507,0.11724780570871574
913,578,1491,0.11725936884289338
911,586,1497,0.11728739126113685
913,583,1496,0.11731746592697945
920,582,1502,0.11733968662067382
917,588,1505,0.11734404632173506
922,586,1508,0.11735436912385339
915,587,1502,0.11735362764288698
916,585,1501,0.11737038870694269
913,584,1497,0.11738377985885616
899,586,1485,0.11740219485761622
903,593,1496,0.11745094852931937
902,593,1495,0.1174876352741985
908,600,1508,0.11752423893676686
904,595,1499,0.11754397082857096
905,595,1500,0.11757084780078202
908,594,1502,0.1175933520428072
902,591,1493,0.1176059561385652
905,593,1498,0.11763170166528238
903,585,1488,0.11764896826132347
911,587,1498,0.11767140349936087
917,586,1503,0.11767398189804534
909,598,1507,0.11766309857235864
904,596,1500,0.11767105281765955
908,601,1509,0.11769245077094947
901,604,1505,0.11770203348564977
906,600,1506,0.1177272859014164
913,608,1521,0.11773840046431325
902,608,1510,0.11773135996727496
892,604,1496,0.11775012262793286
890,597,1487,0.11778901324768438
900,600,1500,0.1178293345741685
896,606,1502,0.11784191103479273
896,602,1498,0.1178627987753163
891,594,1485,0.11788267862471268
885,596,1481,0.11791332114895653
895,602,1497,0.11795682174235309
893,605,1498,0.11797216374689729
891,610,1501,0.117991347578335
894,610,1504,0.11801613808156133
888,604,1492,0.11803031134328865
888,605,1493,0.11805733594999673
887,618,1505,0.11808325963858074
888,611,1499,0.11810914556254527
896,610,1506,0.11813143355272242
899,610,1509,0.11813256712686321
900,601,1501,0.11812586024771562
894,606,1500,0.11811785333998685
883,607,1490,0.11812518771242081
884,603,1487,0.11815803807106441
883,613,1496,0.1181864976635899
894,610,1504,0.11821596776552198
894,612,1506,0.11821726237152827
885,612,1497,0.11821734683489674
897,613,1510,0.11823925053617337
907,614,1521,0.11823187752676531
902,610,1512,0.11820040320652593
889,611,1500,0.1181846971226128
881,609,1490,0.11819959063009637
892,614,1506,0.11823246962476483
898,605,1503,0.1182371987982111
895,615,1510,0.11822897322952386
897,617,1514,0.11822769525669194
899,618,1517,0.11822295378072752
894,623,1517,0.11821216914665073
901,618,1519,0.11821268112785238
906,614,1520,0.11819689811042201
901,609,1510,0.11817112025948014
894,609,1503,0.11815960769421639
903,604,1507,0.1181644090491594
902,604,1506,0.11814871667516781
909,603,1512,0.11813646712937027
907,613,1520,0.11810995224740038
900,603,1503,0.1180906931365104
898,600,1498,0.11808892646641496
895,592,1487,0.11809021416082709
889,602,1491,0.11809935978601742
898,599,1497,0.11812275728678776
895,599,1494,0.1181226391975763
902,608,1510,0.11812979734140731
894,612,1506,0.11812054645754021
888,623,1511,0.11813146695470551
901,623,1524,0.1181551217836573
895,617,1512,0.11814596785935728
876,613,1489,0.11815073719708073
888,609,1497,0.11819831578274123
885,604,1489,0.11821334831266539
881,608,1489,0.118234744890222
883,607,1490,0.11826277423441989
882,607,1489,0.1182840874612794
864,606,1470,0.11830757951736263
880,607,1487,0.11837169140694367
883,610,1493,0.11839271508989548
883,611,1494,0.11840331179336594
890,608,1498,0.11841431097644822
889,613,1502,0.11840771706975277
882,607,1489,0.11840509677591589
892,609,1501,0.11841838582526072
897,606,1503,0.11840556352961301
900,606,1506,0.11838418395958401
894,611,1505,0.11835806769298038
891,609,1500,0.11834944970373894
899,610,1509,0.11834769816288226
903,611,1514,0.11832887875233648
905,614,1519,0.11830078288217118
898,614,1512,0.11827098650567361
902,620,1522,0.1182625291184923
889,616,1505,0.11824543775946833
890,612,1502,0.11826081269874682
881,607,1488,0.1182732754484325
879,616,1495,0.11830796554638955
869,621,1490,0.11834412096794733
863,628,1491,0.1184020833770487
865,629,1494,0.11846994645049827
871,632,1503,0.11852854317961256
874,625,1499,0.11856998370260075
881,631,1512,0.11859998541212534
879,633,1512,0.1186110679571551
884,629,1513,0.11862743411248915
881,632,1513,0.11863028415572607
881,629,1510,0.11863939682185656
868,630,1498,0.11864846778789019
867,627,1494,0.11868826009785124
870,625,1495,0.11872835247823382
875,623,1498,0.11875927758284835
875,629,1504,0.11877655755558364
866,638,1504,0.11879202760030491
858,644,1502,0.11882838361367559
858,642,1500,0.11888107368432077
860,646,1506,0.11892959400624223
855,639,1494,0.11896951106195598
853,646,1499,0.1190171958586906
847,650,1497,0.11906523038850457
846,652,1498,0.11912452259410183
854,648,1502,0.11918217890517852
845,651,1496,0.11921755920658487
854,651,1505,0.11927204806303311
853,647,1500,0.11930087867123813
855,643,1498,0.11932928353875277
852,654,1506,0.11935041757131554
849,660,1509,0.1193768110184945
853,656,1509,0.11940868393162209
849,660,1509,0.11942889251777775
846,666,1512,0.11945672928047223
842,664,1506,0.11948964067309205
843,666,1509,0.1195305182702331
846,664,1510,0.11956686326679605
843,656,1499,0.11959472741845988
838,662,1500,0.11962698487827858
842,666,1508,0.11966978704481296
839,661,1500,0.11970060739698721
845,665,1510,0.11973601061841826
850,674,1524,0.11975534963514935
836,676,1512,0.11976108925569302
834,676,1510,0.11979950153694632
843,673,1516,0.11983754969238782
839,672,1511,0.1198520970996408
843,663,1506,0.11987513233140223
841,665,1506,0.11988714226455413
837,669,1506,0.11990319516542346
830,670,1500,0.11992914643391593
831,679,1510,0.11996905615008878
832,677,1509,0.12000392188190148
830,675,1505,0.12003340882127787
820,680,1500,0.12006674129028799
822,676,1498,0.12012179413484325
824,674,1498,0.12016850421546135
835,673,1508,0.12020778754409456
838,667,1505,0.12021792879951697
823,673,1496,0.12021980431530256
818,675,1493,0.12025569452454757
815,675,1490,0.12030265292048864
821,672,1493,0.12035377364692729
831,683,1514,0.12038708812826948
813,677,1490,0.12039329753550099
818,682,1500,0.12044182826529648
813,684,1497,0.12047450560917122
809,679,1488,0.1205168081724592
806,690,1496,0.12056801837208495
809,687,1496,0.12062246615428247
802,685,1487,0.12066660319634977
795,690,1485,0.12072475716730519
809,698,1507,0.12079487853247245
803,705,1508,0.12082858249904944
813,705,1518,0.12087505612996484
798,702,1500,0.12089504943011675
801,712,1513,0.12095014198749755
782,717,1499,0.12099233031827202
787,715,1502,0.12107567524763152
794,709,1503,0.1211410407587919
797,705,1502,0.12118668297830801
792,710,1502,0.12122285186939326
781,713,1494,0.12126776076926965
774,718,1492,0.12133676163228918
772,715,1487,0.12141664660633207
776,720,1496,0.12149662302441917
774,718,1492,0.12156079364545075
772,723,1495,0.12162729615669494
776,732,1508,0.1216940140090707
770,730,1500,0.12174695518242164
767,738,1505,0.1218120549452873
764,744,1508,0.12187968885289284
746,747,1493,0.1219508893861021
742,738,1480,0.12205932429940436
737,754,1491,0.12216989868066509
750,761,1511,0.12228440475696502
750,752,1502,0.1223589582143717
756,755,1511,0.12242762186649472
749,758,1507,0.12247605354693125
755,760,1515,0.12253793997620764
748,753,1501,0.12258008369721515
745,748,1493,0.12263677227467217
735,753,1488,0.12269863716834851
738,765,1503,0.12278132943873629
740,760,1500,0.12284939642886031
744,764,1508,0.12290853198489982
741,766,1507,0.12295446865519719
740,773,1513,0.12300399398171992
733,762,1495,0.12305126085389276
740,764,1504,0.1231118937973654
738,764,1502,0.12315220244154794
734,771,1505,0.1231938410271759
738,764,1502,0.12324300099000583
744,767,1511,0.12327924586089939
734,771,1505,0.12329871854060322
736,758,1494,0.12334079889697408
731,761,1492,0.12337391240418481
736,762,1498,0.12341567423788179
733,760,1493,0.12344234298240585
735,757,1492,0.12347377531946246
744,758,1502,0.12349687405394263
736,758,1494,0.12349546384033383
741,748,1489,0.12351371643547808
748,752,1500,0.12351840527272437
753,747,1500,0.12350587927406835
755,751,1506,0.12348361870104846
751,753,1504,0.12345713092916111
745,757,1502,0.12344276306602567
753,752,1505,0.12344473689395923
757,755,1512,0.12342850977699063
751,756,1507,0.12340443036160544
748,748,1496,0.12339621392115858
747,756,1503,0.12339602770556864
752,758,1510,0.12340030837171323
747,762,1509,0.12339128688829032
735,760,1495,0.12339564240994327
744,756,1500,0.1234300090574531
747,754,1501,0.12344083217291078
742,755,1497,0.12344527761738538
745,766,1511,0.12346306920195371
748,769,1517,0.12347120534385042
745,761,1506,0.12347129432502206
741,756,1497,0.12347887562708232
745,756,1501,0.12349452348480544
741,757,1498,0.12349869376420425
746,761,1507,0.12351280970177453
743,754,1497,0.1235119507763654
738,754,1492,0.12351771858253233
745,763,1508,0.12353385865057971
749,750,1499,0.12353171665601952
754,746,1500,0.12351926716920061
749,752,1501,0.12349688865330417
749,745,1494,0.12348916017574035
749,735,1484,0.12348085781153147
743,740,1483,0.12347290352087403
754,750,1504,0.12348099855416433
750,749,1499,0.12346044563152077
748,752,1500,0.12345080493274477
754,761,1515,0.12344599610124936
758,756,1514,0.12342758754872213
749,756,1505,0.12340145133433449
747,751,1498,0.12339859856781711
748,747,1495,0.12340033344614991
750,746,1496,0.12339968388440177
737,745,1482,0.1233964277636074
739,752,1491,0.12342452216488757
738,759,1497,0.12344431574677645
744,756,1500,0.12346458231241238
745,761,1506,0.12347083812492027
735,762,1497,0.12347555503350638
735,757,1492,0.12350563958535149
729,762,1491,0.1235321270087737
726,777,1503,0.12357081879104964
729,776,1505,0.12361290211645298
721,777,1498,0.12364450417139093
713,778,1491,0.12369489926867129
720,780,1500,0.12376240490997774
724,778,1502,0.12380864463029351
726,783,1509,0.12384082040095427
717,786,1503,0.12386669162396945
729,790,1519,0.12391468452873468
724,787,1511,0.12392952373288196
727,779,1506,0.12395469408273561
727,785,1512,0.12396950086757892
723,785,1508,0.12398507454468248
719,788,1507,0.12400944413249705
709,782,1491,0.12404254585435327
717,784,1501,0.12409584348616313
718,787,1505,0.12412659524315957
715,785,1500,0.12415310130824934
721,793,1514,0.1241846610841338
723,795,1518,0.1241988580432542
717,789,1506,0.12420818559763339
719,784,1503,0.12423396517748647
718,787,1505,0.12425316473353788
710,790,1500,0.12427542808073751
705,799,1504,0.12431735855224721
704,800,1504,0.12436782002415761
709,803,1512,0.12441714658444684
710,804,1514,0.12445276374958972
713,811,1524,0.12448328700719838
712,805,1517,0.12450458390900657
711,807,1518,0.12452526710699174
700,811,1511,0.12454750567387862
693,811,1504,0.12459372921454694
694,813,1507,0.12465303074613328
696,805,1501,0.12470484799185048
697,805,1502,0.12474712599779815
696,804,1500,0.12478285508425
705,807,1512,0.12481822702243411
705,807,1512,0.12482827323638572
697,810,1507,0.12483802467775428
702,806,1508,0.12486763828130641
698,806,1504,0.12488228710338464
692,797,1489,0.12490650563152673
698,800,1498,0.1249420300452114
700,802,1502,0.12496131647763992
693,797,1490,0.12497399393217971
693,800,1493,0.12500235778839425
690,790,1480,0.12502864659783675
702,795,1497,0.12505888670241622
708,795,1503,0.1250584284952743
717,800,1517,0.12504208700378402
715,801,1516,0.12500461347588424
715,807,1522,0.12497566060220068
712,811,1523,0.12495122552312676
710,807,1517,0.12493617040060503
703,801,1504,0.12492610293137453
704,802,1506,0.12493367677402062
702,801,1503,0.12493771702737991
702,797,1499,0.12494621752472802
705,818,1523,0.12495536389299655
707,817,1524,0.12495702254389325
701,821,1522,0.1249552127807872
697,827,1524,0.12496714904764052
696,825,1521,0.12498925664856948
687,820,1507,0.1250122230237353
674,822,1496,0.12505512753269873
678,822,1500,0.1251268125143716
677,817,1494,0.12518159096805917
685,825,1510,0.12523507960873334
678,835,1513,0.12526576960598543
677,841,1518,0.12531262940557236
664,842,1506,0.1253588069252679
658,851,1509,0.1254312252149429
663,845,1508,0.1255131100992769
653,846,1499,0.12557641096328825
655,844,1499,0.1256606201481169
657,842,1499,0.12573420581051134
658,854,1512,0.12579693101049824
656,856,1512,0.1258539379162646
669,850,1519,0.1259138011391044
674,858,1532,0.12593607244491153
674,854,1528,0.12594444828086318
662,858,1520,0.12595255226021695
665,853,1518,0.12599132944702165
663,845,1508,0.12601954061057094
665,857,1522,0.12604969386552636
664,851,1515,0.12607319208602266
657,867,1524,0.12609898068596678
664,859,1523,0.12613966875226088
668,854,1522,0.12615982359235628
665,850,1515,0.1261698518637615
659,846,1505,0.12618704483735127
660,848,1508,0.12621743934139917
646,858,1504,0.12624259331250037
644,857,1501,0.12629988652222568
642,861,1503,0.12635922479405737
643,852,1495,0.12642077448383213
643,854,1497,0.12647650489336804
644,849,1493,0.12652937921646637
650,853,1503,0.12657499505854125
653,860,1513,0.1266029660509024
644,854,1498,0.12662146828407855
647,857,1504,0.12666383545502666
641,860,1501,0.12669712852617163
633,871,1504,0.12674205959794352
644,861,1505,0.12680305356530946
642,869,1511,0.1268336818386462
651,872,1523,0.12686600750791818
649,867,1516,0.12687458225026785
653,869,1522,0.1268869632524693
651,869,1520,0.1268893789216784
650,864,1514,0.12689642257006828
652,871,1523,0.1269068119878152
647,867,1514,0.1269122820376637
640,858,1498,0.1269293657262854
648,861,1509,0.12696231623001142
647,850,1497,0.12697229395745196
649,853,1502,0.12698343113461988
646,850,1496,0.12698773822921722
650,858,1508,0.12699999734463535
650,860,1510,0.12700175256193874
638,869,1507,0.12700305229740344
638,873,1511,0.12703541959753703
639,867,1506,0.12706715946256547
639,871,1510,0.1270931344549132
645,883,1528,0.12711644699945274
637,886,1523,0.12712346982586292
635,886,1521,0.12714859105196097
632,882,1514,0.1271766045882193
628,881,1509,0.12721004662496235
630,880,1510,0.12725170536229818
628,878,1506,0.1272847867913297
626,883,1509,0.1273207320315601
630,882,1512,0.12735723015148004
628,879,1507,0.1273807636950065
627,884,1511,0.12740802354708006
635,871,1506,0.127434273385718
634,872,1506,0.12743909807174833
627,878,1505,0.1274454448615979
621,879,1500,0.12746951065385215
618,881,1499,0.12750656469913657
622,885,1507,0.12754767187503585
625,889,1514,0.12757816083996892
633,888,1521,0.12759886628553002
629,890,1519,0.12759856374449133
629,881,1510,0.1276081880761729
621,878,1499,0.1276163809042111
632,886,1518,0.1276431312011595
628,883,1511,0.12763984730185512
616,885,1501,0.12764734107517928
611,885,1496,0.1276849386332997
617,882,1499,0.12773347204548666
625,888,1513,0.12776192109904866
624,882,1506,0.12776757450676138
620,878,1498,0.12777592077104774
620,873,1493,0.12779382255011076
615,873,1488,0.1278087843738245
614,883,1497,0.1278358719555258
618,882,1500,0.1278635379289089
620,881,1501,0.12788006313507538
618,891,1509,0.12789059018027912
620,888,1508,0.12790515014166062
620,883,1503,0.12791308035045457
628,879,1507,0.1279204728940396
631,879,1510,0.12790621474305547
626,884,1510,0.12788546110802465
617,888,1505,0.12787767799207994
615,890,1505,0.1278937736256411
619,894,1513,0.12791404695201766
614,887,1501,0.12792154698675226
608,891,1499,0.12794115124147942
604,896,1500,0.1279718614758055
611,901,1512,0.12801068191548345
607,894,1501,0.1280292592326468
599,890,1489,0.12805689909688947
611,890,1501,0.12810495833080882
611,900,1511,0.12811868148736136
612,897,1509,0.12813250669967327
607,896,1503,0.12814263668968315
604,901,1505,0.12816433246320483
593,908,1501,0.12819315962535677
601,913,1514,0.1282475799169295
597,909,1506,0.12827767162909737
596,905,1501,0.12831477418552184
595,915,1510,0.1283510678006717
601,920,1521,0.12838616744320208
596,923,1519,0.12840223733115536
598,916,1514,0.12842950492034386
588,923,1511,0.12845113566037386
589,923,1512,0.1284975375317178
588,920,1508,0.1285380915989813
583,922,1505,0.12857859301695357
584,911,1495,0.1286272466165003
585,918,1503,0.12866896197202066
586,923,1509,0.12870555583738322
583,930,1513,0.12873753881566352
587,921,1508,0.12877431214932852
587,915,1502,0.1287976327242207
594,921,1515,0.12882076982005963
592,921,1513,0.1288246279646105
591,918,1509,0.12883340705220683
583,922,1505,0.12884393657088716
578,927,1505,0.12887328340095394
585,920,1505,0.12891207062602494
577,925,1502,0.12893001794968265
578,918,1496,0.1289677142028109
574,923,1497,0.12900169367319061
581,934,1515,0.12904434806807363
572,937,1509,0.12906813951688662
566,933,1499,0.12911264854683663
573,936,1509,0.12917032540470125
567,937,1504,0.1292071431660306
560,959,1519,0.12925779108333152
562,948,1510,0.1293234224173695
563,944,1507,0.12938134256666545
557,964,1521,0.12943420568072667
550,965,1515,0.12949953915681311
552,967,1519,0.1295777034192322
544,960,1504,0.12964694705957205
551,957,1508,0.12973159146140018
555,962,1517,0.12979302477343174
551,961,1512,0.12984115934981272
553,968,1521,0.12989717142243293
548,967,1515,0.1299439040604556
551,976,1527,0.1299992962098421
545,973,1518,0.13004518391462822
544,966,1510,0.13010339957431466
545,972,1517,0.1301597921937655
543,959,1502,0.13020855069439446
550,959,1509,0.1302583693317146
551,959,1510,0.13028627416962638
559,960,1519,0.1303083653047006
558,959,1517,0.13030873511396363
558,952,1510,0.13031146136514152
556,957,1513,0.13031460518457827
558,957,1515,0.13032345180803445
549,953,1502,0.13032670783721267
554,954,1508,0.13035124482506483
552,961,1513,0.13036179844364162
559,953,1512,0.13037844101914395
549,952,1501,0.13037730306067735
552,961,1513,0.13040136117671974
556,955,1511,0.13041666051402065
557,950,1507,0.13041975502630923
558,942,1500,0.13042078088563136
562,954,1516,0.13042065646347037
562,963,1525,0.13041118151959402
555,963,1518,0.13040315952428114
552,971,1523,0.1304121549319827
546,969,1515,0.1304286020389711
543,964,1507,0.1304594893900099
543,959,1502,0.13049522294705296
529,972,1501,0.13052782686505687
536,969,1505,0.13059365453002017
546,967,1513,0.13063677102997087
545,967,1512,0.13065089824512222
543,960,1503,0.1306662325230067
542,964,1506,0.13068463212562656
544,977,1521,0.13070501394174006
541,981,1522,0.13071979399947836
537,979,1516,0.13074215815004783
536,963,1499,0.13077209000419304
537,965,1502,0.13080334820549921
531,964,1495,0.13082940139743482
532,956,1488,0.13087021201767363
525,962,1487,0.1309048346130906
529,975,1504,0.13095491701501558
538,976,1514,0.13098976734481046
536,982,1518,0.13100033089446492
531,979,1510,0.13101512466212026
532,984,1516,0.13104230965058147
525,986,1511,0.1310657641655612
523,988,1511,0.1311054016976464
518,990,1508,0.13114690125368575
516,983,1499,0.1311990993841701
515,980,1495,0.13125409428571091
512,975,1487,0.1313074455322537
516,974,1490,0.1313638758632789
519,973,1492,0.13140514665992256
513,989,1502,0.13143729682338992
514,1000,1514,0.13148411890070918
512,1008,1520,0.1315254973214019
520,1005,1525,0.1315691647726522
525,1005,1530,0.13158834248690923
525,1001,1526,0.13159525128095456
521,995,1516,0.1316020356610379
518,986,1504,0.13161848727620626
518,986,1504,0.1316401478366897
514,984,1498,0.13166137483821935
518,997,1515,0.1316905099322345
523,992,1515,0.13170725304599273
529,985,1514,0.13170911475172334
522,985,1507,0.13169460126471633
519,994,1513,0.13169973152190745
513,988,1501,0.13171301260318508
518,985,1503,0.1317390998419452
516,989,1505,0.13175295271460633
515,1002,1517,0.13177159382724754
513,997,1510,0.1317909362739739
515,997,1512,0.1318143277100442
511,992,1503,0.13182982822748898
508,999,1507,0.13185278710539838
512,994,1506,0.13188223523497503
513,991,1504,0.1318995993388989
514,980,1494,0.1319140692635566
507,989,1496,0.13192478524447918
499,989,1488,0.13195449480125526
495,993,1488,0.13200075873926007
491,994,1485,0.13205459654219948
496,1015,1511,0.13211630223554283
496,1013,1509,0.13216049380726017
502,994,1496,0.13220067815685735
505,1004,1509,0.13222452463464154
511,998,1509,0.1322386629527122
510,1006,1516,0.13223706326293258
508,1012,1520,0.13223981284672554
504,1005,1509,0.13224742678151
508,1007,1515,0.13226490771154856
509,1005,1514,0.13227060099335106
508,1019,1527,0.13227493853878847
504,1017,1521,0.13228307867422762
494,1013,1507,0.13230286025451213
495,995,1490,0.1323457602498496
496,1004,1500,0.13238375620234627
488,1023,1511,0.13241696873809972
487,1027,1514,0.13246812929304413
485,1026,1511,0.13252039324816914
481,1019,1500,0.13257321792660834
474,1020,1494,0.13263227353615728
477,1017,1494,0.13270422999894188
472,1020,1492,0.13276272092612776
473,1020,1493,0.13282894145253585
471,1027,1498,0.13288761930684734
477,1018,1495,0.13294923495471378
476,1029,1505,0.13299045697291792
481,1035,1516,0.13303150763749977
478,1053,1531,0.13305574846551774
477,1042,1519,0.13308648690042563
465,1041,1506,0.13311982796705984
473,1036,1509,0.1331817928282794
476,1037,1513,0.13322050935385174
471,1053,1524,0.13324936090486333
471,1035,1506,0.13328973595916785
469,1036,1505,0.13332722698924582
466,1049,1515,0.1333677312837484
465,1047,1512,0.13341361770549162
460,1038,1498,0.13345860410321556
465,1038,1503,0.13351351510060508
458,1036,1494,0.1335518732305422
465,1031,1496,0.1336048204504452
472,1034,1506,0.13363617810035971
465,1039,1504,0.133646890267419
477,1035,1512,0.13367449478879487
472,1033,1505,0.13366838403776954
471,1032,1503,0.13367703029238165
472,1041,1513,0.13368806728866534
471,1041,1512,0.13369489827781003
466,1052,1518,0.13370341244328066
464,1062,1526,0.13372326571548393
457,1059,1516,0.1337473006550382
460,1060,1520,0.13378658796992135
463,1047,1510,0.13381474311670813
456,1035,1491,0.13383288341718613
465,1043,1508,0.1338675033764327
464,1046,1510,0.13387536618252846
462,1042,1504,0.13388407951078984
465,1054,1519,0.13389865776393392
467,1047,1514,0.13390338252558057
459,1043,1502,0.1339031350012469
454,1049,1503,0.1339244341066991
449,1045,1494,0.13395759349966777
451,1049,1500,0.13400222755401178
452,1068,1520,0.13403895821057485
448,1073,1521,0.13407156104133888
451,1068,1519,0.13411306514236798
451,1065,1516,0.13414290617719002
449,1066,1515,0.13417152602437113
444,1063,1507,0.1342036942596808
446,1058,1504,0.1342459992184854
444,1056,1500,0.13428018375438996
438,1060,1498,0.1343191128055862
434,1068,1502,0.13437046869946323
430,1066,1496,0.13442946258784003
437,1061,1498,0.13449526651143046
441,1064,1505,0.13453752459416296
437,1062,1499,0.13456691260376827
440,1060,1500,0.1346051623628837
436,1065,1501,0.13463299968157316
439,1068,1507,0.13466898450395437
433,1073,1506,0.1346948843731299
432,1075,1507,0.1347334755496118
444,1072,1516,0.13477308333672663
436,1074,1510,0.13478098045444903
433,1089,1522,0.1348097996301354
431,1081,1512,0.13484361743738374
426,1074,1500,0.13488089306089157
421,1060,1481,0.13492727321789066
429,1070,1499,0.13498257393385094
419,1062,1481,0.13501367465631514
427,1066,1493,0.1350683708172874
425,1079,1504,0.13509828906073074
428,1078,1506,0.13513158931415284
418,1082,1500,0.13515455653147296
421,1084,1505,0.1352019747506941
424,1089,1513,0.1352373709332112
421,1080,1501,0.13526295560632756
419,1077,1496,0.13529344670490354
420,1073,1493,0.1353284694198339
417,1057,1474,0.13535764024373903
419,1068,1487,0.13539183232129495
425,1073,1498,0.1354182823849007
424,1086,1510,0.13542685523231346
417,1085,1502,0.1354380703353797
422,1082,1504,0.13546686943890301
424,1094,1518,0.13548100000955618
418,1098,1516,0.13548732684461945
410,1099,1509,0.1355081277077288
414,1102,1516,0.13554858356375754
415,1107,1522,0.13557538625582155
409,1100,1509,0.13559824588058766
406,1113,1519,0.13563580568106853
408,1105,1513,0.135677910393794
408,1108,1516,0.13571116945809028
405,1113,1518,0.13574238803067995
404,1102,1506,0.13577883381058414
408,1109,1517,0.13581489551694437
401,1110,1511,0.13583826115443395
398,1116,1514,0.13587681618818792
401,1115,1516,0.13591998342336062
396,1121,1517,0.13595205825610626
391,1119,1510,0.13599523369347566
387,1125,1512,0.13604825491970593
394,1121,1515,0.13610874740282766
398,1130,1528,0.1361450672060741
392,1117,1509,0.13616908997853655
389,1116,1505,0.1362062796937806
379,1120,1499,0.13624941172350988
383,1128,1511,0.13631502707497373
381,1127,1508,0.13636566968374578
386,1131,1517,0.1364184072758838
383,1120,1503,0.13645298069041675
390,1114,1504,0.1364936861080456
391,1126,1517,0.13651277764716674
392,1116,1508,0.13652723906104935
394,1110,1504,0.13653730987070603
390,1124,1514,0.13654098713119708
389,1123,1512,0.13655656950297698
389,1127,1516,0.13657381584854578
390,1125,1515,0.13659096413242325
387,1121,1508,0.13660552234146534
379,1128,1507,0.136626522584094
375,1134,1509,0.13666811404285753
369,1140,1509,0.13671770253115534
374,1130,1504,0.1367790735242313
378,1131,1509,0.1368229948565344
369,1134,1503,0.13685374077877716
373,1135,1508,0.13690681342687824
378,1140,1518,0.13694606435788428
377,1137,1514,0.13696949159024674
378,1131,1509,0.1369926882132561
381,1141,1522,0.13701219603345782
377,1134,1511,0.13702253623722277
378,1137,1515,0.1370436938007777
375,1127,1502,0.1370618395886794
367,1130,1497,0.137086935922178
368,1119,1487,0.13713131010123245
369,1119,1488,0.13716992007568257
367,1137,1504,0.13720297258270553
363,1144,1507,0.1372397129846661
363,1139,1502,0.13728427309898628
362,1135,1497,0.13732658055134642
369,1135,1504,0.13736792627953887
372,1128,1500,0.13738811792226208
363,1138,1501,0.13739960686918046
361,1145,1506,0.13743460009155603
365,1150,1515,0.13747249708171552
372,1154,1526,0.13749697362917426
361,1136,1497,0.13750142556315176
364,1136,1500,0.137533476282454
366,1141,1507,0.13755531080769884
360,1144,1504,0.13757080648583764
368,1149,1517,0.13760092351490857
370,1133,1503,0.1376069279812486
377,1135,1512,0.1376076013242209
377,1123,1500,0.13758773358877102
373,1128,1501,0.13756940546091706
368,1133,1501,0.13756440679405035
370,1150,1520,0.137572813566728
372,1154,1526,0.13757484295642322
369,1142,1511,0.13757036629411004
378,1137,1515,0.1375739077163687
373,1138,1511,0.1375531834339138
366,1141,1507,0.13754751267118717
366,1143,1509,0.13756102845558668
368,1144,1512,0.13757353193193622
369,1146,1515,0.1375802992343602
368,1146,1514,0.1375847485784748
369,1163,1532,0.13759149523090763
371,1161,1532,0.1375961598744255
360,1162,1522,0.13759590359962828
365,1159,1524,0.13762604232438747
365,1161,1526,0.1376407252274664
362,1166,1528,0.1376543665489688
357,1154,1511,0.13767583983491893
358,1159,1517,0.13770811825222273
360,1160,1520,0.137732863052725
363,1151,1514,0.13775303578373863
357,1148,1505,0.13776249745586122
352,1150,1502,0.13778797589645664
350,1153,1503,0.13782471265902926
346,1155,1501,0.1378646902443785
350,1156,1506,0.13791287042746
341,1160,1501,0.13794689027003768
340,1162,1502,0.13800444013875476
338,1163,1501,0.13805936466494748
339,1172,1511,0.13811757762898108
332,1174,1506,0.13816835153297705
339,1179,1518,0.1382327554657046
328,1169,1497,0.13827373196644366
321,1170,1491,0.13834066411691276
318,1169,1487,0.1384232595152687
320,1161,1481,0.1385080538996734
324,1163,1487,0.13858096732098413
320,1168,1488,0.13863844202415596
325,1186,1511,0.1387024447485089
319,1185,1504,0.13874856762755694
321,1188,1509,0.13880886896478167
321,1182,1503,0.13886042091855136
328,1185,1513,0.1389095640265375
323,1186,1509,0.1389370839747506
323,1190,1513,0.1389765408149826
321,1194,1515,0.13901301643163327
320,1197,1517,0.13905369388027666
319,1199,1518,0.1390941917560451
315,1197,1512,0.13913425815448865
312,1203,1515,0.139182096571814
315,1188,1503,0.13923354855904288
313,1190,1503,0.1392732199778829
306,1185,1491,0.1393165118399229
312,1174,1486,0.13937490043953984
308,1189,1497,0.1394134939682818
310,1197,1507,0.13945814472351276
312,1206,1518,0.1394947716482105
312,1206,1518,0.13952381293118382
306,1203,1509,0.1395514591882047
309,1209,1518,0.13959281709246882
310,1210,1520,0.13962401156312051
314,1205,1519,0.13965150843417073
308,1201,1509,0.13966624229660643
306,1184,1490,0.13969710035830382
311,1190,1501,0.13973213874163995
311,1194,1505,0.13975131577398373
311,1200,1511,0.13976848861567648
305,1210,1515,0.13978410097717733
313,1207,1520,0.1398144827551234
310,1209,1519,0.1398208304937833
308,1203,1511,0.13983536000722163
309,1211,1520,0.13985452783298918
305,1211,1516,0.1398697608853069
305,1211,1516,0.1398952839221892
304,1198,1502,0.13991877877363426
308,1210,1518,0.13994406699126294
305,1210,1515,0.13995790616432244
302,1214,1516,0.13997970195687265
303,1222,1525,0.1400088333174795
305,1228,1533,0.1400334542600998
305,1223,1528,0.14005165633219857
310,1211,1521,0.14006841758448466
307,1214,1521,0.14007013257632944
306,1216,1522,0.1400796878841481
305,1198,1503,0.14009136395688068
302,1207,1509,0.14010532537142506
297,1207,1504,0.14012636464452083
299,1208,1507,0.1401587677230092
302,1224,1526,0.14018326810600304
300,1222,1522,0.14019798972859332
303,1209,1512,0.14021773837738014
304,1203,1507,0.14022941864970587
303,1202,1505,0.1402377256788169
303,1202,1505,0.14024668091083234
300,1207,1507,0.1402562399806208
305,1216,1521,0.14027416560633155
303,1211,1514,0.1402759252082801
304,1210,1514,0.14028454411644647
303,1216,1519,0.14029073990973362
297,1214,1511,0.14029903454890325
298,1214,1512,0.14032334890876283
299,1217,1516,0.1403433245464123
294,1217,1511,0.1403594234165323
298,1223,1521,0.14038820492830723
297,1229,1526,0.14040396242903325
291,1219,1510,0.1404221289828654
287,1207,1494,0.14045673235564757
286,1216,1502,0.14050045506815725
278,1220,1498,0.1405444783957867
278,1225,1503,0.14060707696934677
277,1226,1503,0.14066657706567892
272,1219,1491,0.14072529025459776
269,1232,1501,0.14079295292416255
264,1230,1494,0.14086422286399178
270,1221,1491,0.14094420258806312
264,1235,1499,0.14100302621818797
266,1227,1493,0.14107465053292745
260,1237,1497,0.14113545288994583
257,1241,1498,0.14120965920111225
261,1249,1510,0.14128715362480396
258,1261,1519,0.14134825398360434
260,1263,1523,0.14141477412701547
255,1260,1515,0.14147215787132952
259,1263,1522,0.14153830932148023
256,1258,1514,0.1415893028985445
253,1257,1510,0.14164523559163972
254,1247,1501,0.14170455700323595
259,1254,1513,0.14175862315906715
264,1258,1522,0.14179540700473706
266,1248,1514,0.14181578952623924
262,1243,1505,0.1418303998725158
258,1256,1514,0.14185550575804715
255,1265,1520,0.14188972580561415
256,1271,1527,0.14192989144504742
257,1264,1521,0.14196481321011867
255,1262,1517,0.14199534069047623
259,1268,1527,0.14202903895750382
256,1263,1519,0.14205007857252894
258,1261,1519,0.14207770599207722
255,1262,1517,0.14209876176753786
257,1263,1520,0.14212698403898302
258,1256,1514,0.14214799509691167
251,1262,1513,0.14216448117747438
249,1268,1517,0.1421990923796114
250,1254,1504,0.14223662708232993
250,1258,1508,0.1422692580281758
253,1264,1517,0.1422995562601063
261,1280,1541,0.14231934802338705
263,1280,1543,0.1423168868468535
261,1279,1540,0.14230943310057456
262,1272,1534,0.14230894814814293
261,1265,1526,0.14230544379184892
267,1257,1524,0.14230442350108116
262,1259,1521,0.14228782304815507
258,1271,1529,0.14228590640508845
259,1257,1516,0.14229453099658587
261,1261,1522,0.14229785253832164
262,1271,1533,0.14229598578601793
263,1259,1522,0.14229139898843526
261,1255,1516,0.14228527476741956
265,1250,1515,0.14228550691457842
266,1248,1514,0.1422752745355711
267,1253,1520,0.14226420604730827
266,1248,1514,0.14225194952991127
261,1247,1508,0.14224266186126866
260,1258,1518,0.1422482498217371
260,1268,1528,0.14225732876768482
257,1260,1517,0.142266017222099
256,1262,1518,0.14228181725184766
251,1267,1518,0.14229858255427794
250,1275,1525,0.14232702917880302
255,1275,1530,0.14235600520072114
254,1278,1532,0.14237099628501526
259,1270,1529,0.14238768155996978
252,1274,1526,0.1423903779910612
254,1268,1522,0.14241216913816757
248,1273,1521,0.1424276966240296
248,1271,1519,0.14245824641676794
244,1257,1501,0.14248718083379816
241,1240,1481,0.14252417364725542
240,1255,1495,0.14256637582003656
243,1257,1500,0.14260940735126226
243,1270,1513,0.14264199780128758
240,1274,1514,0.14267285802142163
244,1273,1517,0.1427106104155016
239,1278,1517,0.14273498893720796
238,1272,1510,0.14277135028896645
233,1274,1507,0.14280724858181246
230,1279,1509,0.14285504973596994
231,1278,1509,0.14290768332854217
231,1286,1517,0.14295483541524903
239,1277,1516,0.14300028359486278
239,1272,1511,0.14302157502103338
236,1286,1522,0.1430424221990322
236,1280,1516,0.14307047993778435
228,1281,1509,0.14309762119099767
231,1292,1523,0.14314454028412377
229,1288,1517,0.14318122609505424
221,1283,1504,0.14322117524476968
221,1297,1518,0.1432802066390929
228,1298,1526,0.14333639363311684
230,1303,1533,0.14336981102817947
225,1295,1520,0.14339479660605556
225,1297,1522,0.1434322783136606
225,1289,1514,0.14346730709888206
227,1293,1520,0.14350090071510305
226,1281,1507,0.14352701045577845
231,1289,1520,0.1435545780332412
231,1293,1524,0.14356460299966234
226,1286,1512,0.14357428849847162
225,1290,1515,0.14359623892651438
223,1291,1514,0.1436191387455001
223,1276,1499,0.14364743926549894
224,1282,1506,0.14367353356945628
218,1290,1508,0.14369336956694728
221,1299,1520,0.1437278699921859
218,1300,1518,0.1437514741475612
216,1306,1522,0.14378143613985372
217,1301,1518,0.1438147745795162
221,1301,1522,0.14384292331745363
218,1298,1516,0.14385770502202946
222,1289,1511,0.1438787004606702
219,1287,1506,0.14388785797391856
218,1301,1519,0.1439046678719196
217,1295,1512,0.14392319897250602
220,1289,1509,0.14394221832463847
221,1306,1527,0.14395161642640417
216,1313,1529,0.14395835687249647
217,1305,1522,0.14397849359627846
221,1303,1524,0.14399405086135805
227,1308,1535,0.14399794959173623
224,1296,1520,0.14398631876243193
223,1289,1512,0.14398428824887763
223,1296,1519,0.14398510117826022
220,1293,1513,0.14398574998946695
218,1289,1507,0.143994382628196
219,1295,1514,0.14400747220273413
212,1294,1506,0.1440176707824209
208,1302,1510,0.14404502739776004
204,1306,1510,0.14408072252344847
207,1313,1520,0.1441244837323694
202,1316,1518,0.14415696754298252
207,1302,1509,0.1442011232814581
207,1300,1507,0.1442278554596486
205,1305,1510,0.1442523985529611
203,1305,1508,0.1442811179472419
206,1311,1517,0.14431349153365527
209,1309,1518,0.14433601701091942
211,1311,1522,0.14434842846683074
210,1303,1513,0.14435411980813945
210,1306,1516,0.14436235943026407
206,1303,1509,0.14437000654370766
210,1316,1526,0.1443872141168669
212,1308,1520,0.1443923211836552
212,1300,1512,0.14439141510833506
208,1305,1513,0.14439066627485533
212,1295,1507,0.14440065193939156
213,1302,1515,0.14439885192991067
212,1307,1519,0.14439400319225884
208,1298,1506,0.14439322175857894
211,1296,1507,0.14440316869983846
210,1299,1509,0.1444038333330527
206,1292,1498,0.14440697249175838
210,1297,1507,0.1444207416107335
209,1305,1514,0.14442293714897578
210,1306,1516,0.14442778922839813
209,1313,1522,0.14443005386220206
206,1302,1508,0.14443484992021507
208,1301,1509,0.14444709576625978
208,1307,1515,0.14445341174565524
202,1311,1513,0.14445976308535063
204,1304,1508,0.14448247243865583
209,1303,1512,0.14449852793517187
209,1296,1505,0.14449998976274483
208,1302,1510,0.14450168942778405
208,1302,1510,0.14450604837825273
209,1305,1514,0.14451076593078313
206,1301,1507,0.14451245995926848
208,1305,1513,0.1445227287970634
210,1304,1514,0.14452694813351832
211,1308,1519,0.14452498303844968
215,1305,1520,0.14452059529154718
210,1313,1523,0.1445054439873342
211,1313,1524,0.14450505708150882
208,1317,1525,0.14450226955977744
208,1332,1540,0.1445077283416063
208,1322,1530,0.1445125010244628
207,1325,1532,0.14451738537038397
205,1328,1533,0.14452439614182677
200,1329,1529,0.14453715958286237
200,1328,1528,0.14456288828060143
199,1323,1522,0.14458647134625732
201,1319,1520,0.14461073017453965
200,1320,1520,0.14462732467637054
198,1308,1506,0.14464594382277018
200,1306,1506,0.14466924704134868
199,1308,1507,0.14468513187155557
199,1298,1497,0.14470304371750406
200,1297,1497,0.14471942307397842
197,1310,1507,0.14473161902983103
198,1308,1506,0.14475189477419886
200,1312,1512,0.1447681507517488
196,1315,1511,0.1447780966291653
199,1316,1515,0.14479859772550752
201,1311,1512,0.14480871387012834
205,1313,1518,0.14481363962315316
204,1312,1516,0.1448072593232416
203,1305,1508,0.1448044279223193
204,1306,1510,0.14480534411206203
205,1315,1520,0.14480394805400626
205,1315,1520,0.14480054713731602
197,1315,1512,0.14479798464577112
199,1316,1515,0.14481698547126995
199,1301,1500,0.14482941144384867
199,1308,1507,0.14484111412506773
195,1313,1508,0.14485202433843594
194,1326,1520,0.144872296791937
196,1329,1525,0.14489383518757126
192,1321,1513,0.14490886803248862
191,1318,1509,0.1449331706361937
196,1315,1511,0.14495882973261573
196,1315,1511,0.14496856900422275
196,1313,1509,0.14497802116801906
198,1305,1503,0.14498715144351393
198,1308,1506,0.14499059681718135
201,1304,1505,0.14499372838416943
201,1320,1521,0.14498881767383145
195,1319,1514,0.1449848177897965
193,1335,1528,0.14499738042829852
193,1337,1530,0.14501470649605785
191,1334,1525,0.14503061935113887
189,1332,1521,0.14505057923000209
191,1325,1516,0.14507426669649473
190,1334,1524,0.14509111575232125
188,1330,1518,0.14510970576029705
184,1326,1510,0.14513220044380262
186,1323,1509,0.14516391655176641
186,1331,1517,0.14518776874169878
188,1341,1529,0.1452100483047116
185,1339,1524,0.14522527544597405
187,1326,1513,0.14524707591537883
184,1329,1513,0.14526160728667223
183,1323,1506,0.14528419546714819
186,1325,1511,0.14530757751971718
193,1319,1512,0.14532230675147614
192,1331,1523,0.14531629760591047
189,1342,1531,0.14531411527670376
190,1326,1516,0.1453198782841522
193,1323,1516,0.14532276311164227
190,1346,1536,0.1453173099880648
188,1341,1529,0.14532018649830378
189,1335,1524,0.14532795566093779
192,1338,1530,0.1453326701639673
191,1347,1538,0.1453287279575447
188,1329,1517,0.14532788989976644
183,1337,1520,0.1453355935385399
181,1334,1515,0.14535618457826568
179,1346,1525,0.14538098054149867
177,1344,1521,0.1454098037274181
177,1330,1507,0.14544212433759415
181,1337,1518,0.14547201014486544
178,1339,1517,0.14548898766781876
178,1342,1520,0.14551283805109308
177,1355,1532,0.14553545795887607
174,1347,1521,0.14555911799098062
181,1340,1521,0.1455893151260023
177,1343,1520,0.14559837555464772
176,1344,1520,0.14561822690395723
178,1343,1521,0.14563953015126038
175,1334,1509,0.14565370023662433
177,1340,1517,0.14567572920594285
172,1347,1519,0.14569055542578416
169,1351,1520,0.14571824294926172
169,1338,1507,0.14575247076780762
172,1335,1507,0.14578404142043774
170,1335,1505,0.14580522540557644
168,1351,1519,0.14583076051574553
169,1363,1532,0.14585999916918765
170,1349,1519,0.14588455991364202
169,1342,1511,0.1459053190531773
164,1328,1492,0.1459277059091087
162,1326,1488,0.1459627056427989
160,1348,1508,0.14600089769867014
154,1366,1520,0.14604147213745716
156,1369,1525,0.14609600840447393
160,1363,1523,0.1461409528258203
158,1348,1506,0.14617190168242894
161,1339,1500,0.1462056319464459
163,1338,1501,0.14622924687378627
164,1342,1506,0.14624564081225838
165,1362,1527,0.14625892055136527
165,1376,1541,0.14626869095519926
170,1364,1534,0.1462775205351431
173,1355,1528,0.14627179591851383
175,1344,1519,0.1462582378954512
175,1341,1516,0.14624062632833953
170,1351,1521,0.14622396907190716
166,1349,1515,0.1462226207357294
167,1347,1514,0.14623267473728188
167,1353,1520,0.14623927591423197
166,1358,1524,0.14624555132959302
169,1352,1521,0.14625455937087847
172,1344,1516,0.1462550443142315
169,1342,1511,0.1462466441077843
169,1341,1510,0.14624747299121793
165,1351,1516,0.14624820760505622
165,1340,1505,0.14625991571197847
163,1348,1511,0.1462707435943411
163,1363,1526,0.14628673169620762
160,1356,1516,0.1463025984570986
155,1348,1503,0.14632612326409933
157,1363,1520,0.1463615479215149
162,1358,1520,0.14638875812605842
162,1355,1517,0.14640024311356542
159,1350,1509,0.14641148305269855
160,1356,1516,0.14643030253029482
164,1356,1520,0.14644543998950194
162,1348,1510,0.14644799330120975
163,1360,1523,0.14645593423529824
160,1363,1523,0.14646075355089
159,1357,1516,0.14647335902430392
158,1366,1524,0.14648760675811054
157,1364,1521,0.1465033529301898
154,1361,1515,0.1465205899894074
158,1352,1510,0.14654395489984257
160,1360,1520,0.14655432679759448
157,1353,1510,0.14655861616665078
151,1355,1506,0.14657091618774748
151,1356,1507,0.14659864475803258
153,1349,1502,0.1466247139662774
145,1370,1515,0.14664399448182572
148,1376,1524,0.14668452388410771
147,1371,1518,0.1467146081348115
147,1372,1519,0.14674586770983428
150,1379,1529,0.1467753573876777
148,1383,1531,0.14679430840348343
149,1388,1537,0.14681745580863442
148,1372,1520,0.14683577847856238
146,1371,1517,0.1468556689792478
151,1370,1521,0.14687962422106884
146,1379,1525,0.14688822190014583
145,1369,1514,0.14691010445098243
147,1369,1516,0.14693305600335996
141,1373,1514,0.1469497844118301
143,1375,1518,0.1469831769820799
142,1377,1519,0.14700888151490396
141,1375,1516,0.14703569100219233
145,1378,1523,0.147063053591528
146,1371,1517,0.14707792276924947
143,1378,1521,0.14708915883161983
144,1379,1523,0.14710780102294374
146,1383,1529,0.14712219850689304
142,1387,1529,0.14712988285201895
147,1376,1523,0.14714840363738374
149,1372,1521,0.14715152484378952
144,1375,1519,0.14714872151217592
145,1369,1514,0.14715953131523393
148,1359,1507,0.1471668262738067
149,1352,1501,0.14716522642468585
150,1358,1508,0.1471615145080012
145,1345,1490,0.14715560242663936
149,1352,1501,0.14716356049814577
147,1357,1504,0.1471596197776724
148,1360,1508,0.14716118655280894
142,1365,1507,0.14716012059737363
141,1357,1498,0.14717673238688408
142,1367,1509,0.1471951897416294
147,1371,1518,0.14720967674579008
147,1371,1518,0.14720920224184852
147,1384,1531,0.14720882890202408
145,1381,1526,0.14720906715881316
141,1371,1512,0.14721545607409273
138,1361,1499,0.14723228166546146
136,1366,1502,0.14725595059754049
141,1359,1500,0.14728453005427475
138,1364,1502,0.14729691077275742
140,1352,1492,0.1473172314917364
138,1352,1490,0.14733058114447242
141,1366,1507,0.14734861706945068
138,1369,1507,0.1473572620836297
137,1367,1504,0.14737374053112653
142,1366,1508,0.14739148289027965
141,1360,1501,0.14739436344480786
148,1366,1514,0.14739930030849854
145,1358,1503,0.14738460652628768
143,1358,1501,0.14737977187543663
141,1359,1500,0.14738093614826478
146,1372,1518,0.14738758177797487
143,1379,1522,0.14737963044649366
144,1362,1506,0.1473804007390359
139,1378,1517,0.14737917563297193
139,1367,1506,0.1473926613496497
139,1375,1514,0.14740509773336238
139,1380,1519,0.1474166432333747
139,1378,1517,0.14742742574533593
140,1383,1523,0.14743697799457592
138,1372,1510,0.14744282367739936
138,1375,1513,0.14745348219184007
142,1372,1514,0.14746263626907308
142,1352,1494,0.14745961553682224
145,1355,1500,0.1474570444294112
146,1360,1506,0.14744648447880723
144,1360,1504,0.14743374713832974
143,1363,1506,0.147427513963966
143,1380,1523,0.14742561442599583
140,1371,1511,0.1474246525454131
143,1357,1500,0.14743272363141594
142,1358,1500,0.1474319412247221
144,1364,1508,0.14743367871112908
142,1374,1516,0.14742970241559145
137,1369,1506,0.14743150331039387
135,1364,1499,0.14744731080580528
137,1365,1502,0.1474676182489266
139,1372,1511,0.1474797347564399
138,1372,1510,0.14748518451317494
140,1378,1518,0.14749345480312262
139,1378,1517,0.1474951088786359
138,1374,1512,0.14749941452370557
140,1377,1517,0.14750598447324
142,1377,1519,0.14750638775183972
139,1386,1525,0.14750138179043826
138,1376,1514,0.14750445236488624
139,1382,1521,0.14750937239225004
138,1385,1523,0.14751105223431613
135,1381,1516,0.14751577270307156
134,1368,1502,0.1475284369099479
137,1372,1509,0.14754251915274635
132,1393,1525,0.14754809272322802
130,1382,1512,0.14756790693086866
131,1387,1518,0.14759179103725192
132,1391,1523,0.14761111964208518
131,1383,1514,0.14762617941437067
131,1370,1501,0.14764300701571795
130,1377,1507,0.14765888393268461
130,1382,1512,0.14767645163967255
132,1379,1511,0.14769299681362058
132,1381,1513,0.14770309705729745
135,1382,1517,0.1477125570733919
139,1388,1527,0.1477128428830863
139,1386,1525,0.14770163047797663
138,1381,1519,0.1476921506918246
138,1396,1534,0.14768688576263436
139,1386,1525,0.14768207228835725
134,1393,1527,0.14767487427897408
133,1376,1509,0.1476814674199
133,1379,1512,0.1476902765386518
136,1374,1510,0.14769835116896338
132,1379,1511,0.1476971826650606
132,1382,1514,0.14770736074973279
133,1376,1509,0.14771738505875265
129,1387,1516,0.1477241716937419
127,1376,1503,0.14774186949928106
129,1382,1511,0.14776364863352898
133,1383,1516,0.1477783659230371
131,1379,1510,0.14778096700553667
135,1383,1518,0.14778963294406952
133,1391,1524,0.14778690071814973
133,1384,1517,0.1477901198998917
133,1387,1520,0.1477937622969525
132,1386,1518,0.14779664254407424
133,1407,1540,0.14780212886950964
131,1394,1525,0.14780383917199305
130,1389,1519,0.14781093902529274
130,1389,1519,0.147820496221351
130,1388,1518,0.1478295702165253
132,1384,1516,0.14783769814970316
130,1382,1512,0.14783983823524477
124,1384,1508,0.14784725362277076
124,1380,1504,0.14787058840305053
126,1377,1503,0.1478919070502172
127,1382,1509,0.14790596854556914
123,1382,1505,0.14791619145132226
125,1383,1508,0.14793741567193802
126,1387,1513,0.14795163587888052
126,1391,1517,0.1479619870071945
125,1379,1504,0.14797122182804126
129,1391,1520,0.14798264741492584
126,1377,1503,0.14798191529144045
126,1381,1507,0.14798931086566977
125,1377,1502,0.14799654908111073
127,1386,1513,0.1480056123655175
128,1380,1508,0.14800861529499737
125,1394,1519,0.1480087749694783
125,1391,1516,0.1480171539898112
129,1383,1512,0.14802466425354965
125,1379,1504,0.1480198354822233
124,1384,1508,0.14802730537865222
125,1397,1522,0.14803728325924687
125,1397,1522,0.14804396848403661
125,1390,1515,0.14805041338206718
127,1391,1518,0.1480565855655085
123,1386,1509,0.14805665670130744
124,1383,1507,0.14806845566016222
124,1383,1507,0.14807665157258376
123,1384,1507,0.1480842854052936
127,1380,1507,0.14809459467134187
125,1379,1504,0.1480931511731336
122,1399,1521,0.14809819701176735
122,1396,1518,0.14811153727709006
121,1396,1517,0.14812425301947113
122,1391,1513,0.1481393357910922
123,1394,1517,0.1481502762033144
121,1393,1514,0.14815737397054757
118,1393,1511,0.1481699929553815
117,1416,1533,0.14818984891185505
119,1424,1543,0.1482109400801024
114,1411,1525,0.14822496727764858
117,1408,1525,0.14825218751413463
114,1420,1534,0.1482692105993503
113,1399,1512,0.14829346133504026
108,1398,1506,0.14831864950921947
107,1400,1507,0.14835633378166452
110,1401,1511,0.14839415493330635
111,1405,1516,0.14842064511174077
110,1397,1507,0.14844271166442874
112,1399,1511,0.1484661905865991
113,1410,1523,0.14848243764274538
109,1403,1512,0.14849483682447284
108,1407,1515,0.14851776623226332
107,1422,1529,0.1485425768223207
108,1420,1528,0.1485680328467459
104,1421,1525,0.1485889375388911
100,1419,1519,0.1486196390229528
101,1415,1516,0.1486597040455517
100,1414,1514,0.14869361765512815
99,1415,1514,0.1487280073270876
98,1415,1513,0.1487631741370612
97,1415,1512,0.14879907957940475
93,1424,1517,0.1488353053815832
96,1424,1520,0.14888072512976286
97,1414,1511,0.14891451894255273
93,1403,1496,0.14894284170724467
91,1422,1513,0.14898072371693558
92,1433,1525,0.14902173106881558
90,1431,1521,0.1490575364831512
88,1431,1519,0.14909700869258533
88,1415,1503,0.14913945168445542
93,1409,1502,0.14917914255666964
92,1409,1501,0.1492014466367662
89,1405,1494,0.14922512071185368
89,1404,1493,0.14925628964943427
87,1407,1494,0.14928557733297543
91,1405,1496,0.1493188195885436
90,1416,1506,0.1493383358721618
90,1420,1510,0.1493597056495437
92,1417,1509,0.1493792061966342
91,1411,1502,0.14939174026807436
92,1418,1510,0.1494064225477303
92,1425,1517,0.1494170949858726
91,1430,1521,0.14942700283687926
94,1421,1515,0.1494392928015339
93,1436,1529,0.1494415560851113
90,1429,1519,0.14944680672545183
87,1414,1501,0.1494608208607834
90,1406,1496,0.14948298217608744
87,1422,1509,0.14949507512961696
88,1425,1513,0.1495153445391352
86,1430,1516,0.1495315311577865
83,1427,1510,0.14955289957964368
83,1442,1525,0.14958158033540803
78,1442,1520,0.14960856130008546
80,1439,1519,0.14964869374133793
79,1430,1509,0.14968024966151344
80,1430,1510,0.1497127939272251
80,1434,1514,0.14974030951658865
77,1435,1512,0.14976629623481183
75,1442,1517,0.1497997777957153
75,1440,1515,0.14983669706664307
76,1446,1522,0.14987122900945274
77,1439,1516,0.14990047970030262
76,1436,1512,0.14992500954573984
77,1430,1507,0.1499509517447935
74,1438,1512,0.14997214995965735
74,1440,1514,0.15000108130140877
72,1443,1515,0.1500280311888654
72,1446,1518,0.15005896735451243
76,1447,1523,0.15008790019579493
74,1439,1513,0.15010304593592735
76,1414,1490,0.1501230349938424
74,1425,1499,0.15013587623935967
72,1425,1497,0.1501536529815134
72,1435,1507,0.15017614887769018
75,1436,1511,0.1501970674618242
76,1436,1512,0.15020775254477148
77,1430,1507,0.15021501527261485
73,1433,1506,0.15021940754944513
72,1432,1504,0.15023564395327743
74,1430,1504,0.15025379859806115
75,1444,1519,0.15026516130349382
77,1444,1521,0.15027315657252607
77,1440,1517,0.15027500636824775
78,1446,1524,0.15027694787017942
78,1430,1508,0.15027580636219345
79,1432,1511,0.1502745986647733
81,1435,1516,0.15027070928976316
77,1421,1498,0.15026102542141012
80,1420,1500,0.15026378668677468
81,1416,1497,0.15025691766826818
81,1430,1511,0.15024722531304893
83,1429,1512,0.15023783147645398
83,1430,1513,0.15022306685385436
79,1434,1513,0.15020914155093162
81,1436,1517,0.1502077253678228
81,1429,1510,0.15020029801946305
80,1420,1500,0.15019304957583707
81,1428,1509,0.15018929149612031
80,1430,1510,0.15018285044176627
79,1427,1506,0.15017975279435425
79,1448,1527,0.15017972687337283
81,1444,1525,0.15017952743994797
82,1460,1542,0.1501735318293617
83,1437,1520,0.15016503152079255
80,1423,1503,0.15015423681580453
79,1410,1489,0.15015282027426843
78,1422,1500,0.1501543165763961
81,1429,1510,0.15015889432864918
80,1424,1504,0.1501539406131516
77,1423,1500,0.1501520642175331
79,1424,1503,0.15015926216908937
81,1432,1513,0.15016016082505051
82,1439,1521,0.1501551801996158
82,1429,1511,0.1501476773595534
82,1435,1517,0.1501407048783136
81,1441,1522,0.15013390638566754
79,1431,1510,0.15013035271234426
77,1428,1505,0.15013303641183331
77,1440,1517,0.15014135952624438
77,1451,1528,0.1501492006824366
76,1449,1525,0.1501565077184523
71,1458,1529,0.15016623514080485
68,1442,1510,0.15019043239819502
65,1443,1508,0.15022164903128404
64,1446,1510,0.15025989149874097
65,1444,1509,0.1502988383419566
65,1447,1512,0.150332290155649
63,1443,1506,0.150363529388197
64,1451,1515,0.15039884353920413
66,1452,1518,0.15042908066882174
64,1459,1523,0.1504515494720793
63,1456,1519,0.1504786572321702
62,1446,1508,0.15050719521629838
62,1448,1510,0.1505369468075514
63,1440,1503,0.1505650222785257
63,1447,1510,0.1505885146816209
62,1450,1512,0.15061074152472234
63,1446,1509,0.1506347356557532
60,1449,1509,0.15065423540501324
63,1452,1515,0.1506816095598847
61,1452,1513,0.15069832415682952
60,1444,1504,0.15071988684037294
62,1449,1511,0.15074296860619327
62,1446,1508,0.15075832106593892
62,1464,1526,0.1507726559556989
61,1456,1517,0.15078613911946012
57,1452,1509,0.1508019684715431
57,1454,1511,0.15082891258609962
58,1460,1518,0.1508539042573302
57,1451,1508,0.15087428780545045
56,1453,1509,0.1508963211245403
54,1455,1509,0.15091989172595277
54,1463,1517,0.15094798099320364
54,1463,1517,0.15097420622129004
57,1462,1519,0.15099882536377124
56,1464,1520,0.15101279639571527
56,1466,1522,0.1510291397013256
56,1466,1522,0.15104437677478938
54,1462,1516,0.15105872121051092
55,1461,1516,0.15107839184276275
59,1466,1525,0.15109381773851457
58,1463,1521,0.15109614099191637
56,1459,1515,0.1511014880455016
54,1458,1512,0.15111245604786044
54,1459,1513,0.15112888238018327
52,1464,1516,0.15114427842489872
51,1461,1512,0.15116510259747679
51,1464,1515,0.1511876069793056
52,1469,1521,0.15120864470042678
53,1477,1530,0.15122537523921317
54,1479,1533,0.15123819954838733
51,1486,1537,0.1512473128777005
50,1482,1532,0.1512648617770939
49,1472,1521,0.15128424626926434
49,1458,1507,0.1513055325679525
52,1458,1510,0.15132545341932788
54,1456,1510,0.15133506472435257
53,1459,1512,0.15133814607975335
52,1462,1514,0.15134421823374364
50,1453,1503,0.15135281292565325
51,1445,1496,0.15136684488059327
52,1464,1516,0.15137697436536687
52,1458,1510,0.1513835373409185
50,1446,1496,0.15138992197420392
51,1445,1496,0.15140207264369387
49,1459,1508,0.1514105459642441
50,1460,1510,0.15142453174461074
50,1459,1509,0.15143461974246972
49,1462,1511,0.15144398123555824
49,1465,1514,0.15145575338576428
49,1472,1521,0.15146675737092039
51,1460,1511,0.1514770523969173
50,1462,1512,0.15148056692821057
51,1457,1508,0.1514869370299913
50,1461,1511,0.15148980560943998
50,1454,1504,0.15149555309028456
54,1463,1517,0.15150098730883382
56,1461,1517,0.15149391534508563
52,1447,1499,0.151481311502526
54,1456,1510,0.1514814783161956
53,1457,1510,0.15147553278458983
51,1462,1513,0.15147301442354486
51,1458,1509,0.15147673636612127
51,1478,1529,0.15148022239575237
54,1452,1506,0.15148360524153529
55,1455,1510,0.1514777141372188
52,1455,1507,0.15146922104816674
52,1452,1504,0.15147050945932894
56,1454,1510,0.15147172341448226
56,1460,1516,0.1514603688051513
55,1461,1516,0.15144984283204904
55,1459,1514,0.1514431814100517
52,1457,1509,0.15143683274452832
51,1458,1509,0.15144013561550326
53,1460,1513,0.15144605877687745
54,1468,1522,0.1514455614971407
55,1455,1510,0.1514420792131128
55,1446,1501,0.1514358061452015
57,1467,1524,0.151429988799497
58,1471,1529,0.1514185810576851
56,1464,1520,0.15140499952636804
54,1463,1517,0.15139834633917296
55,1456,1511,0.1513982222138553
54,1469,1523,0.15139498510573435
55,1466,1521,0.15139500294957547
54,1469,1523,0.1513921115811604
55,1465,1520,0.15139236926626368
55,1460,1515,0.15138962909392764
54,1469,1523,0.15138744794982795
56,1463,1519,0.15138864145548486
55,1466,1521,0.15138390389925419
54,1465,1519,0.1513824544583302
52,1459,1511,0.1513843880713155
55,1465,1520,0.1513922059876606
53,1466,1519,0.15139068093788322
52,1473,1525,0.15139539016372894
52,1475,1527,0.15140279661853065
54,1460,1514,0.15140965389171776
55,1460,1515,0.1514102106871854
54,1446,1500,0.1514077458556922
54,1463,1517,0.1514086759958375
55,1472,1527,0.1514095588864245
54,1466,1520,0.15140743291963535
53,1467,1520,0.15140890370048266
52,1469,1521,0.15141344235946483
52,1465,1517,0.15142124330643203
52,1463,1515,0.15142880448797766
54,1461,1515,0.15143595254753892
52,1465,1517,0.15143688447193296
52,1459,1511,0.15144346384588125
52,1458,1510,0.15144952807321851
58,1467,1525,0.15145509802368118
57,1467,1524,0.15144260533826667
57,1447,1504,0.1514340750593158
57,1467,1524,0.15142618773502953
56,1463,1519,0.15141889968423125
55,1458,1513,0.15141510791326832
54,1470,1524,0.15141459422881456
55,1454,1509,0.15141715221619312
54,1470,1524,0.15141656912881446
54,1476,1530,0.15141892157636166
54,1459,1513,0.1514211328199127
53,1467,1520,0.15142353962382069
54,1460,1514,0.15142886275428402
51,1465,1516,0.15143082182439443
48,1467,1515,0.15144142705147018
48,1459,1507,0.15146007761142294
49,1471,1520,0.1514774378391073
50,1460,1510,0.1514907057162244
50,1459,1509,0.15150019868497272
50,1461,1511,0.15150915567010526
51,1465,1516,0.15151758987050146
52,1463,1515,0.15152268366076596
51,1455,1506,0.15152463163460095
51,1468,1519,0.15152955068842094
53,1459,1512,0.1515341969213954
52,1475,1527,0.15153273076734114
52,1472,1524,0.1515343470129501
52,1462,1514,0.15153588306290008
53,1470,1523,0.15153733462606633
50,1461,1511,0.15153580298817848
53,1457,1510,0.15154310267848062
52,1470,1522,0.15154065099129713
55,1465,1520,0.15154137352751368
52,1469,1521,0.15153308495329337
48,1463,1511,0.15153435373878282
50,1468,1518,0.1515471740235065
51,1469,1520,0.151553294194864
52,1484,1536,0.1515563070206187
53,1474,1527,0.15155616438725186
54,1474,1528,0.15155320893687846
53,1472,1525,0.15154768955798673
54,1467,1521,0.15154554299531464
51,1464,1515,0.15154070193487704
51,1471,1522,0.15154516494244683
53,1455,1508,0.15154924929307673
54,1449,1503,0.15154756016117094
52,1460,1512,0.15154305738994242
48,1465,1513,0.15154486703958145
43,1480,1523,0.15155852727476815
43,1474,1517,0.15158593345948432
43,1481,1524,0.15161137948567827
44,1492,1536,0.1516351294637456
42,1485,1527,0.1516543545332157
42,1480,1522,0.151678363384377
41,1496,1537,0.15170083558023426
43,1491,1534,0.15172493714050442
44,1478,1522,0.15174152390916196
45,1471,1516,0.15175420332150114
44,1475,1519,0.15176332594346692
43,1477,1520,0.1517748295100882
44,1462,1506,0.1517882727550706
46,1458,1504,0.15179797774615242
47,1458,1505,0.15180123601553006
47,1465,1512,0.15180140097152076
47,1458,1505,0.15180177032734235
47,1461,1508,0.1518021852231418
47,1461,1508,0.1518026315339916
45,1474,1519,0.1518030964392411
45,1492,1537,0.1518094538592058
45,1488,1533,0.15181537507381507
45,1478,1523,0.15182087548258438
44,1481,1525,0.15182576179893317
44,1486,1530,0.15183359905178098
43,1471,1514,0.15184098449608704
42,1468,1510,0.15185103949179313
40,1474,1514,0.1518634477301203
42,1472,1514,0.15188100303196747
42,1478,1520,0.1518915017679474
43,1468,1511,0.15190137210184623
47,1464,1511,0.15190755423438326
45,1466,1511,0.15190163375303392
43,1473,1516,0.1519021815453081
43,1475,1518,0.15190869692355988
43,1473,1516,0.15191489253357626
42,1455,1497,0.1519207642992391
44,1460,1504,0.15192899075897037
45,1467,1512,0.15193081160933158
45,1472,1517,0.1519297068090316
44,1478,1522,0.1519287229186491
45,1468,1513,0.15193086980676884
43,1478,1521,0.15192991912546794
43,1489,1532,0.15193494081420048
41,1487,1528,0.15193951995288196
41,1483,1524,0.1519497054449758
40,1480,1520,0.15195922098103234
41,1469,1510,0.1519710145473515
40,1485,1525,0.15197897938428984
40,1480,1520,0.15198946122104218
38,1472,1510,0.1519992185638564
38,1468,1506,0.15201422382502366
39,1470,1509,0.15202808982160312
39,1470,1509,0.1520382265509903
37,1478,1515,0.15204773333658766
37,1479,1516,0.15206256863492565
36,1481,1517,0.15207633541102233
35,1483,1518,0.1520921457709111
35,1483,1518,0.15210985051911505
35,1481,1516,0.1521263877758243
36,1485,1521,0.1521417547706486
36,1494,1530,0.15215311413785718
35,1488,1523,0.15216379086792972
36,1483,1519,0.152176809615499
38,1480,1518,0.152185949304572
36,1464,1500,0.15218849200383378
37,1466,1503,0.15219686037549202
36,1457,1493,0.15220170723014015
37,1474,1511,0.1522093201752186
39,1490,1529,0.1522133164006444
36,1497,1533,0.15221105163032914
37,1492,1529,0.15221799749106457
37,1485,1522,0.15222136225307514
36,1483,1519,0.1522245956795671
36,1476,1512,0.1522305709782168
37,1468,1505,0.15223614465000637
34,1479,1513,0.15223838969754466
34,1483,1517,0.15224943480299163
34,1497,1531,0.15225983434591253
32,1480,1512,0.1522695649881717
31,1468,1499,0.15228466067594695
31,1491,1522,0.1523017195129404
32,1491,1523,0.15231763492947548
34,1495,1529,0.15232941925192328
35,1485,1520,0.1523344633449604
36,1465,1501,0.1523361548344084
34,1473,1507,0.15233476008461172
32,1466,1498,0.1523395482575264
31,1482,1513,0.15235001285566607
31,1491,1522,0.15236281611173388
31,1479,1510,0.15237480826865654
32,1480,1512,0.15238602273667898
29,1473,1502,0.152393487927343
27,1485,1512,0.15240950870335074
27,1484,1511,0.15243057441997032
26,1481,1507,0.15245025211240104
27,1487,1514,0.15247168512894899
29,1487,1516,0.15248864044327742
30,1487,1517,0.1524984457189268
29,1480,1509,0.15250464124866478
28,1481,1509,0.1525136176994634
27,1485,1512,0.15252515794409865
27,1490,1517,0.15253906253044489
29,1485,1514,0.15255210521858548
28,1483,1511,0.15255824894848669
28,1494,1522,0.15256712785264112
29,1491,1520,0.15257547022513873
29,1503,1532,0.15258027375894012
29,1502,1531,0.15258482775451476
28,1504,1532,0.15258914449833288
28,1492,1520,0.15259627966788522
27,1489,1516,0.15260296108861704
24,1490,1514,0.15261225872917714
24,1487,1511,0.15263017933373343
24,1472,1496,0.1526468231992106
24,1474,1498,0.15266236717749
25,1485,1510,0.15267690788569913
26,1493,1519,0.1526874532802076
24,1495,1519,0.1526943196194836
23,1501,1524,0.15270678371825133
21,1488,1509,0.1527215215341379
21,1494,1515,0.15274147246545286
20,1494,1514,0.15276004563850643
19,1498,1517,0.15278048295412994
19,1502,1521,0.15280258097945262
18,1504,1522,0.152823333852625
18,1504,1522,0.1528458728106704
17,1509,1526,0.1528669548905113
18,1506,1524,0.15288982877420773
16,1509,1525,0.1529081377481163
16,1511,1527,0.15293155915130568
16,1505,1521,0.15295345876918134
17,1508,1525,0.1529740274850927
17,1514,1531,0.1529902008444837
17,1501,1518,0.15300543398211955
18,1503,1521,0.1530197496105799
18,1500,1518,0.15303007520614692
17,1494,1511,0.15303980615571044
16,1508,1524,0.15305211013571923
18,1504,1522,0.15306677391153742
18,1505,1523,0.15307425608607542
18,1493,1511,0.1530813212733997
17,1506,1523,0.15308799363241848
17,1510,1527,0.15309740993500262
17,1515,1532,0.15310624552993526
17,1507,1524,0.15311453757136978
16,1513,1529,0.15312232279049923
16,1505,1521,0.1531327322916645
17,1503,1520,0.15314253123033672
16,1484,1500,0.153148591793855
16,1506,1522,0.15315748207244723
15,1510,1525,0.15316580556170967
15,1504,1519,0.15317675628962454
14,1500,1514,0.15318703715704937
14,1494,1508,0.15319983496028555
15,1495,1510,0.15321183918355188
15,1496,1511,0.15321993715207982
16,1495,1511,0.15322755154523318
16,1505,1521,0.1532315474814881
13,1495,1508,0.15323533788612415
14,1488,1502,0.15324835964392303
15,1501,1516,0.15325738252156992
14,1509,1523,0.15326269743566953
15,1493,1508,0.1532708519378332
15,1500,1515,0.15327531269480352
15,1500,1515,0.1532795450870714
16,1496,1512,0.15328353406865677
16,1491,1507,0.1532841479094028
15,1499,1514,0.15328474048482282
13,1506,1519,0.15328845990298526
13,1499,1512,0.15329819809503292
13,1498,1511,0.15330729748770675
14,1511,1525,0.1533158079579531
13,1498,1511,0.1533206310486945
13,1519,1532,0.1533283380460541
13,1515,1528,0.15333552866101577
12,1506,1518,0.1533422932531144
12,1503,1515,0.15335179644109814
12,1498,1510,0.15336070270515056
10,1510,1520,0.15336905640389564
10,1510,1520,0.15338327681783528
10,1513,1523,0.15339659380702883
10,1521,1531,0.15340908358441346
10,1525,1535,0.1534208040752632
9,1523,1532,0.153431806228228
9,1524,1533,0.15344529374035112
8,1516,1524,0.1534579667491766
7,1511,1518,0.15347306220062262
7,1508,1515,0.1534903745078643
7,1502,1509,0.1535066211531166
6,1490,1496,0.1535218707784404
6,1504,1510,0.1535393826657239
5,1506,1511,0.1535558186258626
4,1501,1505,0.15357447460443086
4,1507,1511,0.15359522284208715
5,1512,1517,0.15361467155722697
5,1519,1524,0.1536297224855794
6,1525,1531,0.15364388393315612
6,1517,1523,0.1536539599506489
6,1500,1506,0.15366348194725063
6,1506,1512,0.1536724484649265
5,1507,1512,0.1536808863809798
4,1521,1525,0.15369204227561611
5,1510,1515,0.1537057417769928
4,1508,1512,0.15371537037318364
4,1509,1513,0.15372766857446174
3,1507,1510,0.15373919610674722
3,1505,1508,0.15375326820261254
2,1521,1523,0.15376648194251977
2,1519,1521,0.15378215019844907
2,1498,1500,0.15379683895237425
2,1505,1507,0.1538106339891554
2,1506,1508,0.15382359616705898
2,1496,1498,0.1538357791496547
2,1503,1505,0.15384723175096002
2,1506,1508,0.1538579990047851
2,1498,1500,0.1538681227586335
2,1513,1515,0.15387764205428434
2,1524,1526,0.15388659340229582
2,1531,1533,0.15389501099765684
2,1520,1522,0.15390292689916188
2,1522,1524,0.15391037118429637
2,1514,1516,0.15391737208632117
1,1504,1505,0.15392395611763715
1,1512,1513,0.1539334209645516
1,1518,1519,0.15394231130368696
1,1520,1521,0.1539506630755448
1,1534,1535,0.1539585126810827
1,1532,1533,0.15396589236101352
1,1524,1525,0.1539728313780606
1,1524,1525,0.1539793567006643
1,1521,1522,0.1539854933914748
1,1513,1514,0.153991264849723
1,1504,1505,0.1539966929795656
1,1517,1518,0.1540017983181566
1,1510,1511,0.1540066001399429
1,1506,1507,0.1540111165457485
1,1511,1512,0.1540153645413627
1,1523,1524,0.15401936010836426
1,1517,1518,0.1540231182688464
1,1508,1509,0.1540266531451032
0,1495,1495,0.15402997801499524
