1380,30,1410,0.1358413766859262
1416,32,1448,0.1329861683580735
1425,32,1457,0.13028075021660485
1446,33,1479,0.12778960163067685
1448,34,1482,0.12546230716258036
1452,30,1482,0.1233362730787133
1444,31,1475,0.12138904384618465
1452,31,1483,0.11963534111037996
1452,31,1483,0.11801699876087363
1456,29,1485,0.11654246596817795
1463,30,1493,0.11518903169578332
1451,29,1480,0.1139394395596953
1460,28,1488,0.11282986139170077
1455,28,1483,0.11179807529276577
1455,29,1484,0.11087003945634269
1454,30,1484,0.11002500391825196
1461,30,1491,0.1092573115826695
1460,31,1491,0.10854141187192781
1454,31,1485,0.10789142470360093
1448,31,1479,0.10731219148067024
1467,32,1499,0.10679870793226356
1460,33,1493,0.10628817858317326
1462,33,1495,0.10583904486922624
1460,34,1494,0.10542562137630324
1449,35,1484,0.10505346426197047
1452,35,1487,0.1047387928242332
1458,36,1494,0.10444556260011324
1466,35,1501,0.10416539184575453
1462,34,1496,0.1038926236156139
1464,35,1499,0.10365259393945818
1458,35,1493,0.10342991081091643
1468,36,1504,0.1032401413367236
1460,37,1497,0.10304536331700899
1459,35,1494,0.10288525814984435
1445,37,1482,0.10274118378180697
1432,38,1470,0.10264045547665482
1447,37,1484,0.10257641676650014
1451,36,1487,0.10248579335173666
1449,35,1484,0.10239477392229615
1446,34,1480,0.10231617505125805
1441,32,1473,0.10225083760308604
1446,31,1477,0.10220247757780881
1443,31,1474,0.10214803615225485
1459,30,1489,0.10210458024411746
1461,31,1492,0.10203058569980905
1470,32,1502,0.10195867854965666
1470,31,1501,0.10187332478571526
1480,31,1511,0.10179589909982326
1473,33,1506,0.10170435337775889
1469,33,1502,0.10163564216527433
1478,35,1513,0.10158158429713197
1463,35,1498,0.10151348209523813
1456,36,1492,0.10148344621347256
1467,38,1505,0.10147143708024502
1472,37,1509,0.10143671159178398
1459,39,1498,0.10139446427284654
1457,41,1498,0.10138385842703794
1466,39,1505,0.1013783313235579
1456,39,1495,0.10135415200783854
1455,41,1496,0.1013532520664776
1448,40,1488,0.10135489319883341
1456,42,1498,0.10137112797716227
1461,41,1502,0.10136918051714865
1476,41,1517,0.10135669899034273
1464,40,1504,0.10131353567582796
1460,37,1497,0.10129993521142587
1460,38,1498,0.10129633492899488
1459,38,1497,0.10129263888959791
1450,39,1489,0.10129114683876196
1450,41,1491,0.10130928357238275
1436,43,1479,0.10132549582384803
1452,45,1497,0.10137036295401478
1443,47,1490,0.10137736923484471
1448,48,1496,0.1014031219961026
1442,48,1490,0.10141601805820866
1449,48,1497,0.10144050253923771
1441,44,1485,0.10144821406357024
1453,45,1498,0.1014726719817982
1452,43,1495,0.10146860305142365
1448,45,1493,0.10146683073862167
1438,45,1483,0.10147373214462149
1441,43,1484,0.10150162508291828
1458,44,1502,0.10152056704939633
1461,43,1504,0.10150138993211323
1444,44,1488,0.10147769045422621
1441,46,1487,0.10149249944434668
1448,43,1491,0.10151249263733451
1453,45,1498,0.10151553070939834
1457,46,1503,0.10150777350444208
1447,47,1494,0.10149162193860616
1458,49,1507,0.10149842074069859
1453,49,1502,0.10148141701533342
1448,48,1496,0.10147636487175386
1460,49,1509,0.1014821029645791
1461,50,1511,0.10146164939837182
1457,51,1508,0.10144069844549251
1459,49,1508,0.10143034918391323
1458,52,1510,0.10141757303628576
1446,53,1499,0.10140826876200243
1436,51,1487,0.10142471835047068
1444,49,1493,0.10146147138898179
1446,49,1495,0.10147777065021042
1437,50,1487,0.10148812727307192
1434,49,1483,0.10151721124861336
1439,48,1487,0.10155013614833212
1438,50,1488,0.10156964642069274
1434,53,1487,0.10158946637425778
1433,54,1487,0.10161593798889937
1436,53,1489,0.10164230375260307
1448,53,1501,0.10165948204655578
1427,53,1480,0.1016494764603649
1423,55,1478,0.10168547223941933
1438,56,1494,0.10172681030589363
1437,57,1494,0.10173234557432047
1442,56,1498,0.10173969335113167
1447,54,1501,0.1017355525836714
1440,54,1494,0.10172064779475783
1441,54,1495,0.10172254672875683
1447,53,1500,0.10172258871792784
1455,52,1507,0.10170977089702303
1459,51,1510,0.10168036025525903
1456,50,1506,0.10164519141305356
1436,50,1486,0.1016195440487268
1434,48,1482,0.10163879445969716
1427,47,1474,0.10166074099533981
1434,45,1479,0.10169556289213684
1452,47,1499,0.10171222774407758
1447,49,1496,0.10168862872444334
1447,51,1498,0.10167871454051981
1456,50,1506,0.10166915162049996
1458,48,1506,0.10164133711933307
1448,50,1498,0.1016115712877371
1448,48,1496,0.10160559205618613
1440,46,1486,0.10160063512895208
1443,46,1489,0.10161270700193917
1435,45,1480,0.10161793173812056
1440,47,1487,0.10163965261407937
1438,44,1482,0.10164889392429613
1426,43,1469,0.10166151428148126
1439,42,1481,0.10169806240335985
1459,43,1502,0.1017036407578212
1476,43,1519,0.10166583932442272
1474,44,1518,0.10159492165358579
1470,46,1516,0.10153435168664561
1466,45,1511,0.10148814341161015
1467,45,1512,0.10145465169849743
1465,44,1509,0.10142218912837463
1458,45,1503,0.10139668467211818
1462,43,1505,0.10138810969841361
1465,43,1508,0.10137162980647296
1461,43,1504,0.10134974611408064
1468,44,1512,0.10133898373928625
1452,44,1496,0.10131481208450754
1452,44,1496,0.10132681115338642
1449,42,1491,0.10133758346596483
1456,44,1500,0.10135409944366862
1454,47,1501,0.10135425080364953
1444,48,1492,0.10135858567506359
1456,46,1502,0.10138378278536991
1448,45,1493,0.10138125402445308
1461,43,1504,0.10139588189546833
1440,46,1486,0.1013820977644008
1431,45,1476,0.10141393032283723
1441,45,1486,0.1014616856503461
1441,43,1484,0.1014840992103974
1435,43,1478,0.10150476832926053
1433,45,1478,0.10153638216989343
1434,44,1478,0.10156957979414433
1437,44,1481,0.1015980320783716
1439,45,1484,0.10161759792709908
1442,46,1488,0.10163167798394131
1438,46,1484,0.10163855650790123
1447,48,1495,0.10165335022732473
1433,47,1480,0.10164714988852566
1432,47,1479,0.10167105456675926
1446,48,1494,0.10169519288111896
1437,51,1488,0.10168749003180466
1433,52,1485,0.10169957407490834
1434,53,1487,0.10171881145171699
1428,53,1481,0.10173409880290157
1421,55,1476,0.10176099190714172
1438,55,1493,0.10180058546511471
1447,53,1500,0.10180061690509767
1458,53,1511,0.1017819090819998
1457,53,1510,0.10174087082333144
1448,52,1500,0.10170481517723744
1440,52,1492,0.10169129273499201
1434,52,1486,0.10169637852718967
1430,52,1482,0.10171347951732208
1429,50,1479,0.1017376087018982
1425,50,1475,0.10176173367355142
1427,52,1479,0.10179257305455397
1431,51,1482,0.10181561792212797
1447,52,1499,0.10182827092177928
1450,54,1504,0.10180530918166493
1450,53,1503,0.10177765626880941
1446,51,1497,0.10175314782262118
1443,52,1495,0.1017394177478438
1445,51,1496,0.10173339040268643
1449,49,1498,0.10172341657524366
1450,48,1498,0.10170571886562314
1447,50,1497,0.10168725225343717
1445,48,1493,0.10167691276631455
1440,48,1488,0.10167231508698689
1438,49,1487,0.1016789265381864
1432,50,1482,0.10168871542676886
1437,49,1486,0.10170993653419982
1450,47,1497,0.10171882864088883
1450,47,1497,0.1016989076094456
1443,50,1493,0.10168094202606028
1432,47,1479,0.10167943923391515
1439,47,1486,0.10170162016329924
1434,48,1482,0.10170704495461255
1460,47,1507,0.10172294779228747
1442,48,1490,0.10168180924347343
1442,49,1491,0.10168241758621989
1436,48,1484,0.10168279532357297
1449,49,1498,0.10169611128326281
1444,49,1493,0.101680776306952
1438,46,1484,0.10167752843724681
1441,47,1488,0.1016874530786426
1447,47,1494,0.10169010599179756
1445,47,1492,0.10168004981364497
1445,45,1490,0.10167504281854167
1442,45,1487,0.10167061597079656
1428,46,1474,0.10167249007537435
1434,45,1479,0.10170427525277127
1451,46,1497,0.1017202807405782
1443,46,1489,0.10169799380743388
1446,45,1491,0.10169498458398048
1445,45,1490,0.10168578524383115
1444,46,1490,0.10168005748267564
1433,44,1477,0.10167651627107324
1433,43,1476,0.10169667038365532
1444,43,1487,0.10171556323397357
1447,43,1490,0.10170910704085952
1453,41,1494,0.10169659766900267
1447,42,1489,0.10167260257759425
1466,44,1510,0.1016639090156302
1469,46,1515,0.10161535196864412
1471,46,1517,0.10156435900853648
1465,43,1508,0.10151383173305248
1439,41,1480,0.10148095077954888
1451,44,1495,0.10150635400360038
1453,43,1496,0.10150374782804007
1461,45,1506,0.10149679703140396
1461,44,1505,0.1014730144109155
1459,46,1505,0.1014513735877301
1459,47,1506,0.10143622297402097
1465,46,1511,0.10142301143503073
1447,46,1493,0.10139821577490786
1453,47,1500,0.10141369755691984
1448,48,1496,0.1014153350135138
1450,49,1499,0.10142768835067831
1441,48,1489,0.10143404947591125
1440,50,1490,0.10145951553853269
1433,51,1484,0.10148522408589948
1434,51,1485,0.10152378400852481
1444,50,1494,0.10155657398855328
1448,48,1496,0.10156465291604054
1442,47,1489,0.10156360731672001
1445,50,1495,0.1015751034291335
1451,49,1500,0.1015796439024264
1457,48,1505,0.10157061238028682
1459,51,1510,0.1015498806978243
1451,51,1502,0.10152721899153065
1449,52,1501,0.10152319778653407
1456,54,1510,0.10152403154664771
1459,54,1513,0.1015104542730672
1451,53,1504,0.10149173953926438
1461,55,1516,0.10149160589439926
1455,53,1508,0.10146999350390982
1452,51,1503,0.10146307218030255
1453,53,1506,0.1014627840492344
1457,54,1511,0.10146041315900693
1449,56,1505,0.10145017177359023
1459,57,1516,0.10145719172010083
1451,57,1508,0.10144253278658123
1441,56,1497,0.10144667047670784
1432,58,1490,0.10147210662547587
1432,55,1487,0.10151437172350267
1433,58,1491,0.10155248778080289
1427,63,1490,0.10158541772155946
1435,61,1496,0.10162810841202301
1432,64,1496,0.10165055210327584
1433,63,1496,0.10167686869812645
1436,66,1502,0.10169889086342966
1438,66,1504,0.10171268219817026
1427,66,1493,0.10172158202289922
1435,66,1501,0.10175280333868812
1435,67,1502,0.10176436237862585
1443,64,1507,0.10177493273812865
1443,63,1506,0.10176719155898173
1434,65,1499,0.10176001525212244
1435,66,1501,0.10177265331249924
1432,67,1499,0.1017826145846627
1440,66,1506,0.10179814229959458
1444,69,1513,0.1017953722837418
1441,67,1508,0.1017841405720699
1432,65,1497,0.10178068096882202
1442,69,1511,0.10179613270381793
1438,67,1505,0.10178898025925356
1444,67,1511,0.10179118099574183
1443,67,1510,0.10177995624334744
1438,64,1502,0.10177176221518869
1443,67,1510,0.10177498417296806
1437,68,1505,0.10176734244934232
1437,68,1505,0.10177306857469161
1436,70,1506,0.10177835397605536
1430,66,1496,0.10178585524691396
1410,67,1477,0.10180562609339852
1410,66,1476,0.10186639204335486
1401,65,1466,0.10192228592190453
1424,65,1489,0.10199280602475724
1408,68,1476,0.10200803711905486
1427,71,1498,0.10205658715394485
1433,67,1500,0.1020595265644563
1424,69,1493,0.10204857309281287
1419,74,1493,0.10205803993698243
1419,69,1488,0.10207707550714794
1413,67,1480,0.10209501355500644
1419,66,1485,0.10212421309058708
1413,64,1477,0.10213800057754371
1420,63,1483,0.10216399428088009
1428,66,1494,0.10217227255936649
1432,70,1502,0.10216292354358326
1441,71,1512,0.10214556337223865
1429,69,1498,0.10210988082900611
1423,68,1491,0.10210296861806657
1434,69,1503,0.10210986688456362
1438,68,1506,0.10209270114722364
1443,67,1510,0.10206842965728496
1436,68,1504,0.10203517758445463
1441,68,1509,0.10202008812253478
1437,68,1505,0.10199608453986234
1432,66,1498,0.1019825788358488
1430,66,1496,0.1019811122140582
1420,65,1485,0.10198374376741352
1426,67,1493,0.10200780892413377
1424,67,1491,0.10201642496360225
1422,67,1489,0.10202894835880576
1409,68,1477,0.10204532694408738
1408,69,1477,0.10208842106094927
1409,74,1483,0.10212958511653782
1416,74,1490,0.10216443971568002
1415,73,1488,0.10218187957728403
1424,73,1497,0.10219895317474201
1420,71,1491,0.1021949469000309
1433,73,1506,0.10220034154311587
1418,69,1487,0.10217722512941492
1414,69,1483,0.1021887101636149
1408,70,1478,0.1022084335180121
1404,70,1474,0.10223911357313208
1407,73,1480,0.10227544192307772
1403,75,1478,0.10230207811243652
1405,75,1480,0.10233450261237845
1410,76,1486,0.10235981267450495
1416,74,1490,0.10237236894303291
1423,70,1493,0.1023711229301502
1416,75,1491,0.10235525684895659
1414,76,1490,0.10235590751734706
1421,77,1498,0.10236059493489036
1418,78,1496,0.10234970212247056
1418,78,1496,0.10234614689638775
1416,78,1494,0.1023429034426359
1413,78,1491,0.10234424726362835
1408,81,1489,0.10235221420985847
1424,81,1505,0.10237018147715184
1412,86,1498,0.1023526834770103
1418,84,1502,0.10236254586853477
1424,81,1505,0.10235827003892738
1413,83,1496,0.10234196052146581
1417,82,1499,0.10235050824742803
1404,84,1488,0.10234936051777986
1414,84,1498,0.1023761908703407
1394,85,1479,0.102379432766886
1408,84,1492,0.1024256171466026
1404,86,1490,0.10243829084977893
1408,84,1492,0.10245816247326481
1402,87,1489,0.10246811967190876
1397,89,1486,0.10248954159089331
1397,91,1488,0.10252017078959462
1398,89,1487,0.102547734646144
1400,90,1490,0.10257105997469843
1406,90,1496,0.10258804868109811
1391,91,1482,0.10259066183739098
1394,94,1488,0.1026257441626839
1397,95,1492,0.10265117925978964
1392,95,1487,0.1026676734876984
1398,99,1497,0.10269427458264158
1399,99,1498,0.10270586214992573
1399,101,1500,0.10271420973199978
1393,101,1494,0.10272200112416449
1391,103,1494,0.10274185833624604
1372,102,1474,0.10276483666238946
1389,100,1489,0.10282691770837603
1392,100,1492,0.10284640245427414
1404,100,1504,0.10285766753246034
1407,101,1508,0.10284188964419436
1407,98,1505,0.10282132703744917
1398,103,1501,0.10280302746635657
1392,104,1496,0.10280553191959681
1382,103,1485,0.1028211213896314
1369,104,1473,0.1028569142006829
1379,100,1479,0.10291767823251462
1385,100,1485,0.10295158377915897
1381,104,1485,0.10296873065608014
1380,103,1483,0.10299368603511379
1384,108,1492,0.10301826840847086
1381,101,1482,0.10303189076356752
1383,105,1488,0.10305077300092663
1386,105,1491,0.10306389733246835
1391,104,1495,0.10306949701646552
1389,103,1492,0.10306371760744845
1381,101,1482,0.1030627519166276
1384,101,1485,0.10307900190290528
1381,101,1482,0.10308712859243889
1378,104,1482,0.10310182915871449
1379,108,1487,0.10312148912473372
1376,110,1486,0.10313732432333214
1391,107,1498,0.10315817462163629
1389,109,1498,0.1031451138927026
1395,111,1506,0.10313716917885786
1394,110,1504,0.10311777129364677
1383,105,1488,0.10310218673543751
1398,107,1505,0.1031120283934046
1391,110,1501,0.10308833107294194
1387,111,1498,0.10308229334124305
1385,110,1495,0.10308477882076111
1386,112,1498,0.10309128370284558
1377,110,1487,0.1030951161060858
1377,111,1488,0.10311869871883055
1372,112,1484,0.1031407342823608
1370,112,1482,0.1031712063864315
1372,109,1481,0.10320348500982775
1367,107,1474,0.10322891131937087
1367,109,1476,0.10326285320650933
1381,112,1493,0.10329453993612875
1377,110,1487,0.10329307512455474
1369,112,1481,0.10330058874436833
1391,113,1504,0.10332506271982961
1373,115,1488,0.10329997784441146
1379,112,1491,0.10331545935561628
1373,112,1485,0.10331644707314808
1360,117,1477,0.10333036817860011
1374,120,1494,0.10337182252888483
1376,120,1496,0.10337954255078623
1383,119,1502,0.10338184160499232
1370,118,1488,0.10336868806140088
1358,122,1480,0.10338446661676916
1357,119,1476,0.10342485170870547
1365,122,1487,0.10346384747190937
1359,122,1481,0.10348281280907791
1370,121,1491,0.10351310486175408
1358,122,1480,0.10351656619680007
1355,122,1477,0.10354552781019677
1361,119,1480,0.10357859692509297
1364,115,1479,0.10359522543440498
1372,118,1490,0.10360407711519982
1371,117,1488,0.10359412157178671
1375,115,1490,0.10358841163876056
1367,118,1485,0.10357442886543716
1379,122,1501,0.10357967852303666
1384,117,1501,0.10355829970196591
1388,116,1504,0.10352728445517871
1391,117,1508,0.1034904208499441
1392,117,1509,0.1034500302226665
1380,117,1497,0.10341072950375381
1391,118,1509,0.10340086028157672
1382,118,1500,0.1033681141378352
1375,117,1492,0.10335764107454865
1365,115,1480,0.10336326415737247
1374,115,1489,0.10338996452131938
1396,112,1508,0.10339483051980267
1410,114,1524,0.1033514221427875
1397,113,1510,0.10328187190890653
1381,113,1494,0.10324632692113035
1371,113,1484,0.10324838680816562
1370,116,1486,0.10327153477509814
1383,118,1501,0.10329446745688704
1382,120,1502,0.10328765174003983
1390,120,1510,0.10328314657415806
1392,118,1510,0.10326250336239536
1377,119,1496,0.10323880486653217
1373,118,1491,0.10324969935272059
1383,114,1497,0.10326782900780429
1372,114,1486,0.10326281409273384
1366,115,1481,0.10328196089739919
1364,116,1480,0.10331224721549144
1375,120,1495,0.10334410164182183
1367,120,1487,0.10334933682287263
1368,121,1489,0.10337172489246572
1366,122,1488,0.10339032584645452
1369,121,1490,0.10341178249849689
1383,121,1504,0.10342499250796588
1386,125,1511,0.10340674633646729
1377,124,1501,0.10338361656709658
1374,124,1498,0.10338181293034938
1377,123,1500,0.10338646203881866
1384,126,1510,0.10338429551295132
1379,124,1503,0.10336729525608787
1373,124,1497,0.10336324958729101
1358,129,1487,0.10337248055228987
1375,130,1505,0.10341352446911464
1374,136,1510,0.10341467398142484
1362,139,1501,0.10341798475210748
1356,141,1497,0.10344690319270225
1347,144,1491,0.10348649521791127
1350,143,1493,0.10354243937761862
1348,146,1494,0.10358793691412532
1346,141,1487,0.10363350975788982
1342,144,1486,0.1036796717935302
1343,145,1488,0.10373065738970512
1350,146,1496,0.10377524267881358
1335,144,1479,0.10380060729678106
1344,145,1489,0.10385613847117865
1340,144,1484,0.10388800624896158
1350,145,1495,0.10392561453247794
1351,145,1496,0.10393859380408284
1344,145,1489,0.1039487757389187
1355,144,1499,0.10397329805428708
1361,146,1507,0.10397139588094845
1360,147,1507,0.10395642383182736
1344,145,1489,0.10394538732375651
1334,143,1477,0.10397007649751785
1343,146,1489,0.10401436938243849
1348,146,1494,0.10403519370130578
1343,142,1485,0.10404356251200685
1346,148,1494,0.1040619925594012
1342,145,1487,0.10407227746088983
1332,148,1480,0.10409069438721907
1340,152,1492,0.1041298411203375
1336,150,1486,0.10414784440092423
1354,148,1502,0.10417275769181705
1357,145,1502,0.10415715039496537
1353,148,1501,0.10413672067783043
1350,148,1498,0.10412605310006239
1343,152,1495,0.10412306804988994
1331,155,1486,0.10413634469878193
1331,155,1486,0.10417461100318924
1336,154,1490,0.10420973797663707
1333,154,1487,0.10423159938878783
1331,154,1485,0.10425804809059677
1338,161,1499,0.1042872610319547
1340,159,1499,0.10429872335642731
1335,166,1501,0.10430439860282231
1337,165,1502,0.10432030356013787
1334,158,1492,0.10433047491053904
1338,156,1494,0.10434569167945423
1343,156,1499,0.10435147775692738
1329,159,1488,0.10434528639195846
1332,160,1492,0.10436954406003629
1335,161,1496,0.10438559767260411
1338,159,1497,0.10439368708822531
1338,156,1494,0.10439486777951724
1338,158,1496,0.10439558547442995
1326,157,1483,0.10439678075833138
1336,152,1488,0.10442401423425583
1331,150,1481,0.1044270227877298
1331,151,1482,0.1044402923728097
1324,155,1479,0.10445269085568025
1325,155,1480,0.10447934151189947
1335,156,1491,0.10450102083345396
1340,151,1491,0.10449907251277786
1332,154,1486,0.10448636112119417
1329,156,1485,0.10449225556074083
1335,158,1493,0.1045044486607086
1339,155,1494,0.10450216361448707
1339,154,1493,0.10449195965814635
1336,153,1489,0.10448322777261816
1332,157,1489,0.10448225284600031
1333,157,1490,0.10448992475267435
1331,157,1488,0.1044942019605784
1335,154,1489,0.1045014856249687
1338,153,1491,0.10449888003907862
1341,155,1496,0.1044906713152529
1356,153,1509,0.10447701565635398
1347,152,1499,0.10443124682929879
1349,150,1499,0.10440895636144525
1347,162,1509,0.10438426137048085
1342,162,1504,0.10436582726429769
1339,164,1503,0.10436026060463874
1342,156,1498,0.1043618630909733
1352,158,1510,0.10435671593502298
1348,151,1499,0.1043294212793013
1362,144,1506,0.10431334100216193
1348,149,1497,0.10426786732922587
1344,147,1491,0.10425682905714356
1345,151,1496,0.10425525154540093
1348,151,1499,0.1042514226424742
1355,158,1513,0.10424201756628043
1345,160,1505,0.10421871731122129
1333,160,1493,0.10421968562065878
1329,164,1493,0.1042469204547104
1339,167,1506,0.10428058705266281
1331,168,1499,0.10429027956137542
1325,167,1492,0.10431579908757194
1340,167,1507,0.10435242571929994
1335,165,1500,0.1043535305790995
1329,166,1495,0.10436576951178832
1323,165,1488,0.1043904755006549
1319,169,1488,0.10442546802640845
1311,169,1480,0.10446633022816229
1318,168,1486,0.10452109401688603
1320,169,1489,0.10455634237759266
1330,163,1493,0.10458471729522067
1328,163,1491,0.10458885406556821
1319,169,1488,0.10459741620986616
1315,171,1486,0.10462534988968528
1320,172,1492,0.10465970187760408
1318,166,1484,0.10468001330896765
1330,170,1500,0.10470343153183465
1325,170,1495,0.10469804701231084
1329,166,1495,0.10470444709859208
1328,165,1493,0.10470169956536061
1337,170,1507,0.10470169508912186
1339,172,1511,0.1046814409314866
1338,172,1510,0.10465895874880335
1334,175,1509,0.10464078115133293
1328,175,1503,0.10463283541860716
1329,175,1504,0.10463880141537914
1328,179,1507,0.10464250850439374
1325,182,1507,0.10464762775603847
1317,182,1499,0.10465871090237222
1311,179,1490,0.10468626041857455
1322,177,1499,0.10472501531758503
1315,184,1499,0.10473633815189785
1314,184,1498,0.10476245999984053
1305,184,1489,0.1047888474642103
1314,180,1494,0.1048326127711713
1315,180,1495,0.10485298175959386
1311,185,1496,0.10486938493555246
1321,189,1510,0.10489313434451365
1318,190,1508,0.10489288081476389
1315,189,1504,0.10489885936610559
1319,192,1511,0.1049110750113525
1314,195,1509,0.10491366113975648
1304,197,1501,0.1049273915865943
1307,200,1507,0.10496190469515153
1308,201,1509,0.10498709277631522
1299,194,1493,0.10500822769461937
1296,198,1494,0.10504763947901015
1299,203,1502,0.1050898155931688
1297,196,1493,0.10512156587083375
1303,192,1495,0.10515528543863047
1297,189,1486,0.10517384127165304
1304,193,1497,0.10520327271646032
1309,189,1498,0.10521470973453914
1313,192,1505,0.10521407034422403
1309,197,1506,0.10520491704897932
1311,201,1512,0.10520497721824981
1310,199,1509,0.10520063506656055
1297,197,1494,0.10519874745893859
1294,204,1498,0.10522497185571829
1303,205,1508,0.10525565603819916
1300,201,1501,0.10526581961146501
1317,201,1518,0.10528177643474944
1307,204,1511,0.10525797441929222
1291,205,1496,0.10525837693922079
1298,204,1502,0.10529325790984963
1284,203,1487,0.10531027994722249
1278,204,1482,0.10535705464152173
1274,204,1478,0.10541251426026406
1282,206,1488,0.10547233181954832
1274,206,1480,0.10550859255208284
1287,205,1492,0.10555941597830533
1288,202,1490,0.10557691442188796
1283,200,1483,0.1055900841561077
1274,203,1477,0.10561285928884916
1283,199,1482,0.10565384670410755
1286,201,1487,0.10567190900044732
1288,202,1490,0.10568153277826424
1289,201,1490,0.10568644052163538
1288,204,1492,0.1056886890992312
1273,208,1481,0.10569391828043549
1285,213,1498,0.10573165789151666
1269,215,1484,0.1057397794607681
1272,218,1490,0.10578339907088612
1279,217,1496,0.10581627433733384
1282,214,1496,0.10583055377552687
1292,217,1509,0.10583802117105424
1294,217,1511,0.10582262152987192
1297,215,1512,0.10580334627127883
1285,224,1509,0.10577943772130896
1285,218,1503,0.10578347428179753
1276,218,1494,0.10578864886445719
1272,215,1487,0.10581367172805085
1274,219,1493,0.1058454774340817
1268,219,1487,0.1058701583097938
1282,225,1507,0.10590676003438816
1261,226,1487,0.10590871858632138
1251,224,1475,0.10595663204101821
1256,222,1478,0.10602309281559659
1258,226,1484,0.10607372544307453
1270,230,1500,0.10611602028849751
1272,226,1498,0.10612866575650509
1272,229,1501,0.1061351567796089
1271,231,1502,0.10614100275699341
1269,229,1498,0.10614976098498456
1270,233,1503,0.10616266675377428
1274,237,1511,0.1061717359538484
1270,230,1500,0.10617128627863352
1267,234,1501,0.10618008437928862
1261,235,1496,0.10619472457199791
1255,234,1489,0.10622193873307026
1247,236,1483,0.10626002934835123
1249,240,1489,0.1063133578555195
1254,242,1496,0.10635847390910348
1253,251,1504,0.10638983859544396
1242,249,1491,0.10642072401501379
1262,247,1509,0.10647402441367147
1253,245,1498,0.10647900786754776
1254,243,1497,0.10650423457969364
1255,243,1498,0.10652449637191527
1246,244,1490,0.10654142646054289
1234,245,1479,0.10657771164334368
1239,247,1486,0.10663771329466946
1241,248,1489,0.10668183267600599
1243,247,1490,0.10671699474549998
1242,243,1485,0.10674403895268124
1240,242,1482,0.10677185993825175
1257,239,1496,0.10680195199912315
1250,242,1492,0.10679234044158493
1248,251,1499,0.10679938810411788
1244,253,1497,0.10680904482439636
1247,252,1499,0.10682760916105781
1240,249,1489,0.10683801378625396
1241,247,1488,0.10686415639090104
1239,247,1486,0.1068858539480621
1237,253,1490,0.10691052325050872
1230,256,1486,0.1069373580990024
1233,255,1488,0.10697649772805091
1237,257,1494,0.10700708644319235
1231,256,1487,0.10702587718739692
1229,259,1488,0.10705748895573386
1228,259,1487,0.10709009894780419
1242,263,1505,0.10712180512846245
1246,269,1515,0.10711958152660532
1231,266,1497,0.10710864004756146
1223,271,1494,0.10713231876340366
1229,268,1497,0.10717194730912474
1224,264,1488,0.10719516457472174
1225,269,1494,0.1072282436469726
1243,266,1509,0.10725574333173107
1251,264,1515,0.10724098734122917
1239,266,1505,0.10720989773616704
1244,266,1510,0.10720636467871952
1239,258,1497,0.10719282275250944
1245,261,1506,0.10719154793313745
1254,258,1512,0.10717699318703325
1243,258,1501,0.10714395112187666
1227,260,1487,0.10713804393568836
1225,261,1486,0.10716826232664264
1220,260,1480,0.107199740917196
1203,260,1463,0.10724042121568654
1206,265,1471,0.10731501110618755
1216,267,1483,0.10737659732572434
1218,264,1482,0.10741084088362139
1219,269,1488,0.1074377307612725
1237,271,1508,0.10745979005572909
1229,266,1495,0.10743974593595361
1235,261,1496,0.10743913337956901
1228,262,1490,0.10742553415322036
1229,260,1489,0.10742791473439656
1232,267,1499,0.10742707516426435
1241,262,1503,0.10741975002891771
1233,258,1491,0.10739269602715104
1247,261,1508,0.10738524613355153
1253,259,1512,0.10734684451618069
1253,264,1517,0.10729933822450796
1244,263,1507,0.10725652679801494
1229,265,1494,0.10723821093204972
1224,258,1482,0.1072549118667316
1233,256,1489,0.10728105882884037
1231,256,1487,0.10728531783149023
1235,259,1494,0.10729405246752634
1221,266,1487,0.10729222709388647
1215,274,1489,0.10732230644081359
1217,271,1488,0.10736244463620748
1219,276,1495,0.10739513617367093
1220,272,1492,0.10741984138108178
1216,271,1487,0.10744153962316862
1210,270,1480,0.10747134285450205
1213,271,1484,0.10751296348964294
1209,274,1483,0.1075440260125623
1212,279,1491,0.10758157080982735
1212,274,1486,0.10760755070143865
1203,285,1488,0.107631296475971
1196,285,1481,0.10767423000234487
1198,285,1483,0.10772908386895713
1201,287,1488,0.10777460762588188
1210,288,1498,0.10781062472415304
1207,290,1497,0.10782383072576823
1213,292,1505,0.10784359217835504
1218,290,1508,0.10784902012639597
1217,289,1506,0.10784193850142021
1200,283,1483,0.10783818213783976
1200,286,1486,0.10787279847025687
1208,289,1497,0.10790546355469872
1211,289,1500,0.10791744227301735
1209,287,1496,0.10792202477451247
1203,289,1492,0.10793005280028915
1195,286,1481,0.10795104760508074
1198,297,1495,0.10798847800581689
1202,300,1502,0.10801623437842003
1199,298,1497,0.10803356499075942
1202,303,1505,0.1080575632431832
1185,307,1492,0.10807327913089021
1192,304,1496,0.10812563067056569
1189,306,1495,0.10815716394077551
1189,306,1495,0.10819331100693612
1186,305,1491,0.10822709905659263
1196,307,1503,0.1082653886479864
1200,307,1507,0.10827734664325572
1208,307,1515,0.10827976049185116
1214,307,1521,0.10826391140165921
1200,314,1514,0.10823585066637278
1192,314,1506,0.1082413556469761
1192,317,1509,0.10826580705981537
1201,313,1514,0.10828897545783851
1197,314,1511,0.10829012556753648
1190,316,1506,0.10830007467702096
1195,316,1511,0.10832592123981019
1201,322,1523,0.10833834745286831
1203,327,1530,0.10833595473565405
1195,324,1519,0.10832850308445002
1195,320,1515,0.10833977001181826
1188,314,1502,0.10835057040606647
1181,317,1498,0.10837669788534758
1181,327,1508,0.10841743496681147
1168,324,1492,0.10845437313223937
1161,323,1484,0.10851769261992011
1168,325,1493,0.10859089085054986
1165,328,1493,0.10864293704083622
1163,326,1489,0.10869772051452246
1163,323,1486,0.10875207421845222
1163,329,1492,0.10880352671629484
1163,337,1500,0.10885044754836606
1157,337,1494,0.1088938497769761
1158,339,1497,0.1089474512757161
1157,343,1500,0.10899516967059832
1157,347,1504,0.10904057784411307
1161,346,1507,0.10908208183992084
1159,348,1507,0.10911152569118679
1157,348,1505,0.10914372528973644
1157,347,1504,0.10917758531298016
1162,352,1514,0.10920867138390566
1158,352,1510,0.10922656665364631
1166,351,1517,0.10925191492603849
1161,351,1512,0.10925677011751066
1162,350,1512,0.1092732617672119
1174,352,1526,0.10928612836752008
1158,343,1501,0.10927164895855103
1170,345,1515,0.10929358886724617
1169,341,1510,0.10928657167693799
1158,341,1499,0.10928208393292152
1151,350,1501,0.10930303849482557
1147,353,1500,0.10933972173088893
1143,350,1493,0.10938159324139302
1142,349,1491,0.10942823159484477
1150,352,1502,0.10947320743663087
1140,348,1488,0.1094944787560522
1142,349,1491,0.10953709943957256
1139,346,1485,0.10957200101547641
1127,350,1477,0.10961139334980224
1133,349,1482,0.10967478288388005
1135,352,1487,0.10972020945357144
1132,347,1479,0.10975646051644207
1124,346,1470,0.10979842389629535
1125,352,1477,0.10985635693152208
1123,360,1483,0.10990763061238983
1129,362,1491,0.10995844950997455
1125,363,1488,0.10999136495097585
1135,365,1500,0.11002982419956982
1137,370,1507,0.11004299356900595
1132,377,1509,0.11005165484553878
1128,382,1510,0.11007168050543009
1117,376,1493,0.11009929964773364
1117,378,1495,0.11014923634823166
1106,376,1482,0.1101961464360566
1108,379,1487,0.11026396703548605
1103,385,1488,0.11032238723596534
1100,390,1490,0.11038668907869796
1115,391,1506,0.1104522118853459
1112,390,1502,0.11047906330961002
1102,386,1488,0.1105113025947722
1098,392,1490,0.11056405624976529
1102,391,1493,0.11062245160340205
1101,395,1496,0.11066616390752934
1110,399,1509,0.1107087059455488
1108,405,1513,0.11072818095241846
1102,405,1507,0.11074989603417876
1100,408,1508,0.11078425290131647
1104,405,1509,0.11082200473893714
1107,397,1504,0.11084725055707435
1095,394,1489,0.1108631603620839
1104,398,1502,0.11090603396697198
1106,400,1506,0.11092564524859387
1115,401,1516,0.11093945436585485
1108,405,1513,0.11093052627038237
1113,403,1516,0.11093849474526828
1104,398,1502,0.11093466236926516
1098,399,1497,0.11095210694178846
1088,402,1490,0.11098400358054854
1088,407,1495,0.11103611500435605
1094,405,1499,0.11108254919653078
1092,410,1502,0.11111208641976857
1090,410,1500,0.11114379508817666
1101,404,1505,0.11117686168685147
1098,400,1498,0.11118300556611423
1101,397,1498,0.11119592321213499
1102,401,1503,0.11120160600739061
1090,415,1505,0.11120605838506722
1089,413,1502,0.11123862729822691
1089,413,1502,0.11127063149282337
1098,418,1516,0.11129831012314721
1100,416,1516,0.11130280332216587
1103,407,1510,0.11130213568387695
1098,410,1508,0.11129489121670684
1100,410,1510,0.11129964578818409
1087,404,1491,0.11129828989812583
1086,405,1491,0.11132786312442969
1080,405,1485,0.11135675850044911
1086,409,1495,0.11139802953442178
1091,409,1500,0.11142189308317292
1092,416,1508,0.11143317440323598
1086,425,1511,0.1114418154154885
1083,416,1499,0.11146290843673742
1092,417,1509,0.11148907004470203
1081,417,1498,0.11149234991820574
1087,419,1506,0.11152130769132036
1087,421,1508,0.1115331395263544
1070,423,1493,0.11154522904590791
1059,429,1488,0.11159473826033647
1068,425,1493,0.11166493214358074
1075,417,1492,0.11170845831686944
1084,416,1500,0.1117341877941864
1086,423,1509,0.11173716863090406
1075,428,1503,0.11173424016322622
1066,429,1495,0.11175862212382659
1075,425,1500,0.11180264793745237
1079,425,1504,0.1118216813995467
1087,425,1512,0.11183085471789198
1076,434,1510,0.11182184352251033
1059,443,1502,0.1118393004646111
1050,441,1491,0.11189426975809048
1050,449,1499,0.11196489054761063
1071,455,1526,0.11202903797448979
1073,447,1520,0.11203934935260439
1066,436,1502,0.11204338611402224
1061,432,1493,0.11206378656605058
1054,431,1485,0.11209378285871768
1039,441,1480,0.1121389362221474
1045,439,1484,0.11221550544416402
1040,440,1480,0.11227041485843876
1041,436,1477,0.11233224135027704
1044,436,1480,0.11238854562573071
1053,440,1493,0.1124344741226912
1047,434,1481,0.11245527273737616
1053,438,1491,0.11248822249449775
1051,435,1486,0.1125041582401434
1052,439,1491,0.1125240180235566
1055,445,1500,0.11254063196402418
1052,455,1507,0.11254918666013244
1050,456,1506,0.11256427456096667
1055,457,1512,0.1125824328791774
1044,455,1499,0.11258711771696898
1064,461,1525,0.11261685313382827
1058,463,1521,0.11259932024226046
1056,461,1517,0.11259647581740745
1048,462,1510,0.11259843197091733
1044,458,1502,0.11261802697027523
1036,462,1498,0.11264677726902013
1037,469,1506,0.11269219076880316
1032,471,1503,0.11273199770946722
1036,476,1512,0.11278168542374484
1035,479,1514,0.11282029726349982
1030,480,1510,0.11285827125939082
1026,489,1515,0.11290566036227531
1013,488,1501,0.11296009245879211
1014,491,1505,0.11304163073632545
1003,495,1498,0.11311352754914364
1005,504,1509,0.11320603341386455
991,501,1492,0.11328705214422566
990,497,1487,0.11339435753970592
992,502,1494,0.11349602871573639
995,502,1497,0.11358504922781476
993,507,1500,0.11366024553984691
996,513,1509,0.11373553855797013
990,503,1493,0.1137978128719698
980,506,1486,0.11386986705613626
976,519,1495,0.11396086014397852
971,517,1488,0.11405525928173763
977,519,1496,0.11415379237425569
969,530,1499,0.11423209670979052
967,528,1495,0.1143228537121719
973,527,1500,0.1144100887122079
972,534,1506,0.11447653681884663
954,531,1485,0.11454056323919728
968,527,1495,0.11464193860841711
964,532,1496,0.11470159968490658
963,541,1504,0.11476616470003086
956,544,1500,0.11482908214642457
952,546,1498,0.11490370421606474
950,545,1495,0.11498174617261075
947,549,1496,0.11505825722104976
954,546,1500,0.11513691614740881
950,540,1490,0.11519255206363643
955,542,1497,0.11525425013201236
947,544,1491,0.11530008153466138
947,545,1492,0.11536211239339067
951,550,1501,0.11541997869754024
947,552,1499,0.11546381273257877
951,553,1504,0.1155148807085223
949,561,1510,0.11555161240125354
942,570,1512,0.11559088293939268
934,569,1503,0.11564386292646882
933,564,1497,0.1157126969307637
931,572,1503,0.11577769186473683
923,575,1498,0.11584159528682941
923,567,1490,0.11591887685986063
923,572,1495,0.11598963179442412
924,568,1492,0.11605621732697415
935,568,1503,0.11611504388155298
929,565,1494,0.11614424534521312
910,571,1481,0.11618748666233927
919,582,1501,0.11627412672785788
913,578,1491,0.11633319489577654
912,579,1491,0.11640290236964691
912,586,1498,0.1164693411986705
912,585,1497,0.11652926951139474
917,589,1506,0.11658603142748306
921,598,1519,0.11662644771089709
924,601,1525,0.11665409988151967
915,605,1520,0.1166724877069451
907,597,1504,0.11671008477954924
912,606,1518,0.11676490527152483
899,607,1506,0.1168061671831686
894,605,1499,0.11687604510464954
897,603,1500,0.1169540572185852
890,599,1489,0.11701843626294274
893,598,1491,0.11709348682039966
906,596,1502,0.11715543555059771
901,603,1504,0.11718199471861115
904,604,1508,0.11721757005955723
899,606,1505,0.11724382748456147
897,607,1504,0.11728054308949978
898,610,1508,0.1173214866263688
898,610,1508,0.11735890189511969
898,617,1515,0.11739376475974811
891,615,1506,0.11742544689904072
896,616,1512,0.11747096690464576
887,610,1497,0.1175007627347793
882,620,1502,0.11754895652979547
878,618,1496,0.11760622636986534
877,620,1497,0.11766835943032454
880,614,1494,0.11772986248219666
882,617,1499,0.11777973879559771
886,618,1504,0.11781986548478698
880,624,1504,0.1178482545347599
866,628,1494,0.11788911360362148
864,642,1506,0.11796106749720327
859,649,1508,0.11803139176714353
863,644,1507,0.11810751204926417
863,648,1511,0.11816831457644149
858,643,1501,0.1182258187147266
859,650,1509,0.11829002685761869
870,642,1512,0.1183478932420004
858,646,1504,0.11837436233370081
863,646,1509,0.11842860298589962
857,651,1508,0.11846790011849219
860,654,1514,0.1185203039639809
861,655,1516,0.11856202924887786
861,649,1510,0.11859822037681836
859,643,1502,0.11863243822443109
855,647,1502,0.11866804316345778
851,646,1497,0.11871138951526283
857,657,1514,0.11876121803792064
839,652,1491,0.11879330602189547
843,658,1501,0.11886678286037934
840,657,1497,0.11892485519503268
842,666,1508,0.11898582966516848
841,663,1504,0.1190383911369845
835,665,1500,0.11909132705427045
833,674,1507,0.11915332294285698
822,684,1506,0.11921571574591222
826,684,1510,0.11930037948169289
821,692,1513,0.11936879470785812
822,693,1515,0.11944420382547964
818,693,1511,0.11951245855286963
813,680,1493,0.1195860742784871
818,675,1493,0.11966819638032337
827,678,1505,0.11973257000461153
827,677,1504,0.11976973762779927
824,679,1503,0.11980374958340566
816,677,1493,0.11984204832114571
819,680,1499,0.11989708739807017
814,680,1494,0.11994134165171762
816,683,1499,0.11999470442659181
822,679,1501,0.12003932349015095
822,676,1498,0.12006399836066532
827,675,1502,0.12008830725477082
831,676,1507,0.1200986083861013
826,679,1505,0.12009883103141102
825,677,1502,0.12010971350561996
819,681,1500,0.12012273987770841
812,691,1503,0.12015123220581567
805,692,1497,0.12019352263181628
818,680,1498,0.12024993418152086
821,685,1506,0.12027076893521194
817,688,1505,0.12028455642957539
823,688,1511,0.12030602059640567
824,693,1517,0.12031164449840326
822,695,1517,0.12031306114772305
816,700,1516,0.12031882980008543
812,694,1506,0.12033865372053228
812,698,1510,0.1203668455192069
807,700,1507,0.12039400878787226
814,699,1513,0.12043128833559714
813,696,1509,0.12045152560808525
814,690,1504,0.12047156838032158
809,697,1506,0.12048799935135529
804,698,1502,0.12051723834698352
804,696,1500,0.12055735142312203
796,703,1499,0.1205958488684527
806,710,1516,0.12065090219355395
806,712,1518,0.12067971104808041
809,712,1521,0.12070743380939787
799,718,1517,0.12072623118241642
784,712,1496,0.12076902757386755
791,715,1506,0.12084604726532522
792,719,1511,0.12090136478445856
788,721,1509,0.12095050029420068
783,714,1497,0.12100555427509234
786,718,1504,0.12106738038673391
784,715,1499,0.1211154606141597
785,725,1510,0.1211645246289801
783,725,1508,0.1212087043214125
776,729,1505,0.12125554629796334
777,727,1504,0.12131704402697756
782,717,1499,0.12137082848051804
782,731,1513,0.12140712200694175
775,744,1519,0.1214420222961512
774,740,1514,0.12149192177275626
777,741,1518,0.12154136235634361
780,735,1515,0.12157867718707333
779,734,1513,0.12160685021897898
772,738,1510,0.12163611199742821
774,744,1518,0.12168206745052546
766,738,1504,0.12171865521769522
768,749,1517,0.12177214091858918
768,750,1518,0.12181717034319128
765,746,1511,0.12185866908108142
773,747,1520,0.12190356487323345
772,742,1514,0.12192528189277835
762,742,1504,0.12194897307797195
763,739,1502,0.12199717590229579
762,747,1509,0.12203891646441352
765,748,1513,0.12208132403259929
764,750,1514,0.12211327769429088
771,753,1524,0.12214797445542173
763,753,1516,0.12216450874090602
763,759,1522,0.12219798031881829
755,757,1512,0.12223082905499526
757,767,1524,0.12228155152437843
755,778,1533,0.12232298921354598
755,769,1524,0.1223664597916137
740,763,1503,0.12240697845994301
741,763,1504,0.12248177540472885
736,760,1496,0.12254828089832408
740,773,1513,0.12262552355435034
738,771,1509,0.12268797979040126
742,769,1511,0.1227522238186568
739,775,1514,0.12280264014309847
739,773,1512,0.12285543584026108
731,772,1503,0.12290311272074891
726,774,1500,0.1229654330729229
724,783,1507,0.12303557326648562
717,784,1501,0.12310654566230643
709,789,1498,0.12318992771807735
706,789,1495,0.1232882431648779
703,789,1492,0.12338679527377222
711,797,1508,0.12348788391245641
711,790,1501,0.12356110077179601
707,796,1503,0.12362734236164194
713,804,1517,0.12370026899833
714,808,1522,0.12375618435992967
699,811,1510,0.12380745928709835
710,817,1527,0.12389336523169674
699,835,1534,0.1239465210220089
689,826,1515,0.12402448528836862
686,832,1518,0.12412193589480847
690,837,1527,0.12422003995524925
687,835,1522,0.12430109277277238
681,827,1508,0.12438442930846687
688,832,1520,0.12447482355334134
691,828,1519,0.12454279420665873
691,828,1519,0.12459997861477153
683,823,1506,0.1246534658597408
678,824,1502,0.12472359778898073
678,830,1508,0.12480132173333484
684,827,1511,0.1248729301872905
670,832,1502,0.1249243218429596
669,821,1490,0.12500803080520545
668,832,1500,0.12508839580919862
663,828,1491,0.125165144484052
664,827,1491,0.1252470985333001
670,834,1504,0.12531944134745138
682,834,1516,0.12537165711684362
679,833,1512,0.1253914368430148
676,836,1512,0.12541703354096417
676,837,1513,0.12544776249257736
682,837,1519,0.1254779483631663
674,837,1511,0.12549128633131346
671,842,1513,0.12552259549220587
670,838,1508,0.12555972829743475
664,844,1508,0.12559643094609407
664,847,1511,0.12564642175580473
659,849,1508,0.12569300536210984
667,852,1519,0.12574837137306058
663,850,1513,0.12578062832291154
663,849,1512,0.1258217721003891
658,851,1509,0.12585935939066428
652,851,1503,0.12590686009935814
653,850,1503,0.12596601767420168
651,855,1506,0.12601953655119322
650,852,1502,0.12607432036252028
656,859,1515,0.1261280638590727
654,859,1513,0.12616354487482664
651,857,1508,0.1262009691382366
648,857,1505,0.12624325978197515
645,858,1503,0.12629053902711995
638,866,1504,0.12634250387826632
632,873,1505,0.12640979607958094
637,873,1510,0.12648751228333666
637,874,1511,0.1265478683023735
630,873,1503,0.1266024270838499
633,876,1509,0.12667008432823768
639,873,1512,0.1267257584635445
641,873,1514,0.126763552918305
640,875,1515,0.12679449481633154
640,879,1519,0.12682624133047996
642,874,1516,0.12685616676767203
647,867,1514,0.12687732151547682
646,871,1517,0.12688489319528334
639,873,1512,0.12689561206287014
640,878,1518,0.12692347084548175
632,874,1506,0.12694693235653465
625,873,1498,0.12698937184075018
622,881,1503,0.1270479165808809
628,881,1509,0.1271096243239333
635,881,1516,0.12715275441225324
633,878,1511,0.127175996325311
638,886,1524,0.12720233912782253
632,892,1524,0.12721399972031866
634,890,1524,0.12723945722752641
633,886,1519,0.1272584181768895
627,889,1516,0.127278885641678
622,895,1517,0.12731180163801104
616,896,1512,0.12735556374657328
613,885,1498,0.12741121133601774
609,895,1504,0.12747010922053492
606,899,1505,0.12753373525462666
611,884,1495,0.12760169184650627
612,894,1506,0.12765190741744514
627,878,1505,0.12769674205785997
627,883,1510,0.12770161012585365
613,888,1501,0.12770744980853144
616,884,1500,0.1277486675092683
611,892,1503,0.12777892872200283
605,887,1492,0.12782121981550668
613,898,1511,0.12787529465611697
609,901,1510,0.1279034472900646
606,899,1505,0.1279382593615271
598,900,1498,0.12797848879671134
600,907,1507,0.1280350511380112
595,909,1504,0.12808232458700824
595,897,1492,0.12813921840287887
593,903,1496,0.12819302417939668
597,898,1495,0.12824804465868025
597,897,1494,0.12828937519338843
599,907,1506,0.12832810778502513
597,905,1502,0.12835860681774655
592,891,1483,0.12839215555216327
584,905,1489,0.12843685529376225
583,910,1493,0.1284981591045173
587,914,1501,0.12855851955968534
583,926,1509,0.12860663127882055
586,922,1508,0.12866308061076595
587,914,1501,0.1287081224912944
582,917,1499,0.12874809392771533
588,913,1501,0.12879928721704217
589,914,1503,0.12883164655427554
594,921,1515,0.12885853754615528
589,920,1509,0.12887094734042584
582,921,1503,0.1288951821164903
581,925,1506,0.12893724993568056
569,932,1501,0.12898051329071827
564,936,1500,0.12905193709754798
567,939,1506,0.12913238212168887
576,936,1512,0.12919937292046543
580,932,1512,0.12923904011357115
568,933,1501,0.12926505776496333
574,934,1508,0.1293197649061514
566,944,1510,0.1293564972358247
571,935,1506,0.12941099441817344
573,940,1513,0.1294502570271497
576,932,1508,0.12948113189656132
577,928,1505,0.1295025977963176
584,930,1514,0.12951948478745595
585,928,1513,0.12951746335738934
569,936,1505,0.1295142861102413
571,936,1507,0.12955176675670407
568,942,1510,0.12957897467556567
566,944,1510,0.12960967791575545
565,948,1513,0.12964252675876836
556,945,1501,0.12967571884315654
564,945,1509,0.129728888765848
568,948,1516,0.12975911766592232
566,941,1507,0.1297779298210725
568,944,1512,0.1297998815368817
571,958,1529,0.1298149522553398
557,960,1517,0.12982389034084862
555,958,1513,0.12986773807798946
549,958,1507,0.12991505717528348
543,964,1507,0.129973051123205
553,972,1525,0.13003997613178023
557,967,1524,0.13007781442789842
550,960,1510,0.13010662643980125
564,963,1527,0.13015040379343393
560,949,1509,0.1301537693944713
564,963,1527,0.13016686650507828
564,953,1517,0.13017130552839895
560,961,1521,0.13017586636359038
560,959,1519,0.13018738771723432
559,963,1522,0.1301981406927476
562,949,1511,0.1302109716356134
559,955,1514,0.13021484508402273
555,948,1503,0.13022449584320353
554,947,1501,0.13024427425125976
557,940,1497,0.13026523519284747
555,946,1501,0.130276137346122
556,939,1495,0.1302912387449434
563,943,1506,0.13030101033046998
561,944,1505,0.1302909642208861
555,941,1496,0.13028607087416522
558,944,1502,0.13029804234481174
569,945,1514,0.1303018598637788
572,941,1513,0.1302773189477349
563,945,1508,0.13024721706718106
562,940,1502,0.13024307632586976
565,945,1510,0.13024309830993297
553,944,1497,0.13023633700210768
554,942,1496,0.13025980799871023
560,946,1506,0.13028058059518133
557,941,1498,0.13028447723723283
564,946,1510,0.13029462616376625
562,949,1511,0.13028701297197412
560,943,1503,0.13028480242747897
552,939,1491,0.1302887841423326
549,933,1482,0.130313552993624
555,954,1509,0.13034232088437916
544,953,1497,0.13035532071711092
535,962,1497,0.13039573475488273
541,959,1500,0.13045479508242203
548,965,1513,0.13049359207287126
550,962,1512,0.13051185101540982
547,956,1503,0.13052376485900744
547,970,1517,0.13054179329866947
545,977,1522,0.1305601797031565
539,972,1511,0.13058181605417046
539,975,1514,0.13061931408283692
540,960,1500,0.13065446928803023
537,953,1490,0.13068390851261097
539,947,1486,0.13071909777664342
531,964,1495,0.13074685181874685
529,976,1505,0.13079228834722204
534,979,1513,0.13083817213865145
532,975,1507,0.13086971993540625
529,979,1508,0.1309064549935762
526,980,1506,0.1309493612707847
524,982,1506,0.13099483512161392
520,981,1501,0.13104189710223557
516,982,1498,0.1310951562000505
520,991,1511,0.1311547361396496
528,991,1519,0.1312009213992487
528,996,1524,0.13122473571654594
530,995,1525,0.1312472502164174
525,992,1517,0.13126395424960552
513,993,1506,0.13129373530924987
510,998,1508,0.13135125877672832
504,990,1494,0.13141096962402898
498,995,1493,0.1314808210230508
501,995,1496,0.13156234703944233
503,992,1495,0.13163040673200632
501,994,1495,0.13168889295349126
502,1010,1512,0.1317487484739177
496,1013,1509,0.1318015224963426
498,1019,1517,0.13186581857962593
495,1022,1517,0.1319220776951824
493,1025,1518,0.13198468518915868
488,1032,1520,0.1320476601890072
489,1035,1524,0.13212027799616557
486,1020,1506,0.1321857461543964
490,1018,1508,0.13225495957116684
491,1034,1525,0.13230907678662795
488,1044,1532,0.13235651315147048
488,1049,1537,0.13240886458920534
489,1038,1527,0.13245924561369896
481,1040,1521,0.13250395765810435
474,1029,1503,0.13256507146630436
472,1035,1507,0.13263936815242786
466,1036,1502,0.13271350679057967
461,1041,1502,0.13279656299182835
459,1043,1502,0.13288628015685994
463,1043,1506,0.13297498410200037
457,1051,1508,0.13304644713409453
463,1044,1507,0.1331257834587819
466,1045,1511,0.1331849067182938
467,1058,1525,0.1332340273361173
463,1059,1522,0.13327775149948443
461,1051,1512,0.13332937036045656
464,1047,1511,0.1333836820046343
462,1053,1515,0.13342467299689906
468,1061,1529,0.13346907817739143
461,1062,1523,0.13349437185966512
459,1061,1520,0.13353624092411132
457,1061,1518,0.13358119229490964
452,1058,1510,0.1336292225501935
447,1058,1505,0.13368651787485
443,1073,1516,0.1337545438258625
441,1070,1511,0.13382854518011228
441,1062,1503,0.13390264944228572
436,1073,1509,0.13397075866525865
442,1071,1513,0.1340477064889643
437,1072,1509,0.13410472474011434
435,1081,1516,0.1341707151668277
440,1085,1525,0.1342362171122791
443,1087,1530,0.1342849596672567
439,1084,1523,0.13432324747346172
437,1083,1520,0.13437101204074495
432,1072,1504,0.1344217014626149
428,1069,1497,0.1344817714373382
429,1068,1497,0.13454901075564896
436,1060,1496,0.13460988728024048
435,1065,1500,0.13464824644601253
436,1065,1501,0.1346867248604282
432,1077,1509,0.13471910218191938
427,1073,1500,0.1347597995870972
420,1086,1506,0.13481012051870553
419,1084,1503,0.1348748451821407
420,1081,1501,0.1349383769461039
422,1089,1511,0.1349925770193001
422,1098,1520,0.1350379003512162
420,1086,1506,0.13508016884734203
423,1083,1506,0.1351245754618285
422,1089,1511,0.13515754675220445
423,1098,1521,0.13519082128595752
423,1107,1530,0.1352198670279739
421,1099,1520,0.13524716869545117
416,1091,1507,0.13527718769051064
418,1097,1515,0.13531990348593992
422,1097,1519,0.13535444618451284
419,1100,1519,0.13537557784075926
412,1094,1506,0.13540339349757058
421,1097,1518,0.1354474445827588
423,1093,1516,0.13546551773448043
425,1095,1520,0.13547766903922043
423,1090,1513,0.13548451152829394
418,1102,1520,0.13549571664585847
415,1107,1522,0.13551903480975372
419,1106,1525,0.13554890551815713
419,1102,1521,0.1355660011010258
424,1096,1520,0.1355818507237507
422,1100,1522,0.13558423531815897
413,1099,1512,0.1355931279556134
421,1096,1517,0.13562543965301102
418,1088,1506,0.13563359379068707
417,1091,1508,0.13565005295103774
424,1089,1513,0.13566749467402622
420,1096,1516,0.1356635594537156
417,1105,1522,0.13567061640825248
414,1107,1521,0.1356856529131164
415,1109,1524,0.1357073854806942
414,1107,1521,0.13572443259858724
411,1108,1519,0.13574169159377752
411,1098,1509,0.1357649872401243
417,1105,1522,0.13578761903972036
417,1104,1521,0.13579519289419748
418,1095,1513,0.13580335905008545
414,1101,1515,0.13580795756593378
413,1103,1516,0.1358212302925682
412,1109,1521,0.13583728028241565
416,1098,1514,0.13585541794844408
410,1095,1505,0.13586067624678766
414,1097,1511,0.13588110516386476
412,1103,1515,0.13589045976008016
415,1086,1501,0.1359039348948832
405,1090,1495,0.1359112443333407
410,1104,1514,0.13594461973794073
417,1103,1520,0.13596255570134289
417,1100,1517,0.13595962321248256
406,1095,1501,0.13595730089849506
408,1099,1507,0.1359861821331924
410,1096,1506,0.1360077864554484
407,1094,1501,0.13602349918114925
408,1094,1502,0.13604395003776296
407,1100,1507,0.13606077050420642
410,1109,1519,0.13607933711710227
408,1103,1511,0.1360885568005771
410,1113,1523,0.13610411925083657
403,1113,1516,0.13611363661935197
405,1109,1514,0.1361417923280186
402,1118,1520,0.1361629404706209
395,1127,1522,0.13619117002037018
390,1125,1515,0.13623716652768805
394,1133,1527,0.1362916004979896
389,1128,1517,0.1363331112438896
386,1133,1519,0.13638438213542659
389,1124,1513,0.13643992615432868
386,1130,1516,0.13648322942729904
384,1135,1519,0.1365328962317763
389,1125,1514,0.13658334877396328
387,1140,1527,0.13661685615440416
384,1144,1528,0.13665288918191962
377,1133,1510,0.13669403842530933
373,1117,1490,0.13675202821711158
377,1115,1492,0.1368178370558423
370,1129,1499,0.13686791856496217
365,1131,1496,0.13693397457611914
366,1139,1505,0.1370080345075967
369,1138,1507,0.13707507179433318
364,1138,1502,0.1371296610467983
365,1135,1500,0.13719363177034324
361,1150,1511,0.13724873732714538
358,1148,1506,0.13731159468691756
358,1151,1509,0.13737722230761829
359,1156,1515,0.1374393428988395
358,1158,1516,0.13749428310249123
356,1150,1506,0.13754565120389756
349,1149,1498,0.1375993668771851
355,1159,1514,0.1376690922243764
351,1163,1514,0.13771775422836202
342,1177,1519,0.13777410311310187
340,1172,1512,0.13785014159025086
339,1178,1517,0.1379266184058706
335,1186,1521,0.13800011931419065
339,1169,1508,0.13807893186863823
333,1164,1497,0.13814311018518513
333,1168,1501,0.1382202289554502
339,1167,1506,0.13829225114551918
337,1174,1511,0.1383442950517454
330,1190,1520,0.138398197025851
331,1175,1506,0.13846840188709744
332,1173,1505,0.13853204969539995
326,1180,1506,0.13858885824573272
324,1180,1504,0.13865855727919213
320,1184,1504,0.13872852874975783
326,1192,1518,0.13880623848793003
329,1181,1510,0.13886200090650472
330,1183,1513,0.1389059125370212
323,1173,1496,0.13894328010980891
321,1185,1506,0.13899780654964825
316,1195,1511,0.13905424750942166
320,1199,1519,0.13912061582455734
318,1201,1519,0.13917251045377355
320,1194,1514,0.13922826972589217
324,1209,1533,0.13927539367713782
326,1194,1520,0.1393090949715661
321,1194,1515,0.13933580709612003
317,1191,1508,0.13937475572114227
324,1204,1528,0.13942017377399232
320,1194,1514,0.13944419247268125
319,1193,1512,0.13947767414952797
311,1203,1514,0.13951202589043352
311,1203,1514,0.1395656892822929
311,1194,1505,0.1396152946956408
306,1199,1505,0.1396610563636112
304,1190,1494,0.1397180813957475
310,1211,1521,0.1397765305766521
313,1214,1527,0.13981457352605284
312,1215,1527,0.13984231974732292
307,1207,1514,0.13987069813328523
307,1209,1516,0.13991003510991024
305,1217,1522,0.13994687696881608
302,1212,1514,0.13998585485469586
301,1216,1517,0.14003014449984563
309,1222,1531,0.14007343971694117
312,1210,1522,0.14009171622486644
311,1213,1524,0.1401005604097353
305,1196,1501,0.14011228474863738
307,1195,1502,0.140139308636528
306,1197,1503,0.14016029335065547
304,1202,1506,0.14018291235291488
305,1200,1505,0.14020949423475126
309,1205,1514,0.1402305338507806
308,1205,1513,0.14023900173662823
308,1206,1514,0.14024940787945744
305,1207,1512,0.1402598926107963
307,1202,1509,0.14027798643482534
302,1189,1491,0.14028993214384256
298,1202,1500,0.140313642880179
305,1195,1500,0.14034450993677014
305,1200,1505,0.14035523397618813
306,1192,1498,0.14036496114392819
310,1200,1510,0.14037102927307238
314,1205,1519,0.14036636529319402
311,1196,1507,0.14035152486399935
308,1183,1491,0.14034662266920736
301,1182,1483,0.14035027379501686
302,1206,1508,0.14037232870239383
304,1202,1506,0.14039063979993055
307,1213,1520,0.14040278806876333
303,1214,1517,0.1404069861274437
302,1210,1512,0.1404205767015903
307,1217,1524,0.14043578956395952
307,1215,1522,0.14043703861365123
308,1216,1524,0.1404398703811429
306,1211,1517,0.14043871012850967
306,1207,1513,0.14044344047379118
306,1204,1510,0.1404467297576682
302,1206,1508,0.14045063522424633
308,1206,1514,0.14046497693203722
305,1216,1521,0.14046269024255745
308,1207,1515,0.1404695115101894
310,1197,1507,0.1404681944089738
315,1201,1516,0.14046161196032572
312,1208,1520,0.14044225959528928
312,1210,1522,0.1404315789834859
310,1212,1522,0.14042235260404548
304,1209,1513,0.14042024470697048
302,1204,1506,0.1404337410413305
302,1211,1513,0.14045114430307748
301,1206,1507,0.14046838676070494
301,1211,1512,0.14048639381584746
297,1221,1518,0.14050354513939844
293,1223,1516,0.14052961718704624
290,1224,1514,0.14056490258887497
289,1219,1508,0.14060485534716002
285,1213,1498,0.1406441683838264
284,1214,1498,0.14069231150976083
288,1216,1504,0.14073960316655995
287,1221,1508,0.14077311157759392
275,1222,1497,0.1408068008702979
278,1224,1502,0.1408699186684031
278,1221,1499,0.14091993818774293
275,1227,1502,0.1409660926004445
273,1232,1505,0.14101734193691276
272,1233,1505,0.14107119893664294
277,1234,1511,0.14112456915385838
272,1229,1501,0.14116099173504956
273,1236,1509,0.14120875335556063
270,1232,1502,0.14125088337113997
271,1226,1497,0.1412981377475469
273,1230,1503,0.14133898177751175
270,1248,1518,0.14137254018603118
273,1237,1510,0.14141127765609776
269,1243,1512,0.14144025547353226
268,1250,1518,0.1414769377846884
270,1232,1502,0.14151376062204027
271,1225,1496,0.14154234707638289
270,1231,1501,0.1415656288894106
271,1235,1506,0.1415898110198321
272,1248,1520,0.14160869921748898
267,1248,1515,0.14162352541768172
266,1240,1506,0.141650254900822
270,1251,1521,0.14167813378058042
265,1256,1521,0.1416937005063369
264,1242,1506,0.14172115129842566
265,1249,1514,0.14174934548869125
261,1245,1506,0.1417732181836669
262,1241,1503,0.14180655817914617
263,1253,1516,0.14183542288155063
259,1253,1512,0.1418591973787389
257,1261,1518,0.14189247065550187
264,1251,1515,0.14192785470528102
269,1245,1514,0.1419418501178966
268,1255,1523,0.14194143207177434
267,1254,1521,0.14194264116320948
262,1237,1499,0.14194626596086274
262,1262,1524,0.14196513386516688
259,1258,1517,0.14198248286299525
263,1247,1510,0.14200683747647183
268,1239,1507,0.1420176407716203
266,1237,1503,0.14201386429701263
265,1235,1500,0.1420162929113818
269,1239,1508,0.14202167272814303
267,1253,1520,0.14201624053157408
265,1259,1524,0.14201660891254175
266,1267,1533,0.1420229362079491
268,1261,1529,0.14202594298091978
264,1256,1520,0.142023131625002
261,1247,1508,0.14203058567845073
257,1239,1496,0.1420453526847391
258,1237,1495,0.14206942528920818
258,1245,1503,0.14208969760170947
256,1240,1496,0.14210820532370647
250,1254,1504,0.14213195956382146
252,1254,1506,0.1421703155607913
255,1258,1513,0.14220076070755985
253,1249,1502,0.1422215272454708
257,1262,1519,0.14224652311492103
255,1258,1513,0.1422582942464101
254,1259,1513,0.14227398093588403
250,1273,1523,0.14229162682214425
252,1272,1524,0.14231907089563386
254,1275,1529,0.14233874539407954
253,1274,1527,0.14235089617064045
253,1264,1517,0.14236572009312284
253,1258,1511,0.142379433437314
255,1267,1522,0.14239232023989642
247,1260,1507,0.142399079334202
249,1256,1505,0.14242776476422958
250,1262,1512,0.14244768189623888
252,1252,1504,0.14246419731396112
251,1261,1512,0.14247397262676373
252,1264,1516,0.14248551241451937
246,1266,1512,0.14249328188696925
245,1260,1505,0.14251691501025193
242,1266,1508,0.142542029380084
243,1272,1515,0.14257409660461076
240,1270,1510,0.1426024682631642
240,1268,1508,0.14263647859422415
236,1262,1498,0.14266842306425523
240,1271,1511,0.14270743561814542
241,1286,1527,0.14273279112189746
240,1275,1515,0.1427543399405621
240,1272,1512,0.14277754713800656
238,1263,1501,0.14279900041511348
244,1280,1524,0.14282450802508245
246,1271,1517,0.142832719379894
248,1277,1525,0.1428355431996262
248,1273,1521,0.14283289533902616
246,1274,1520,0.14282996024514058
244,1279,1523,0.1428324896304887
244,1281,1525,0.14284004263571098
241,1273,1514,0.14284707849179182
246,1268,1514,0.1428615935969792
248,1271,1519,0.14286205631290577
246,1285,1531,0.1428564827198285
241,1281,1522,0.14285648482931745
245,1270,1515,0.1428703560254899
246,1268,1514,0.14287254661435808
246,1258,1504,0.14287312797532645
246,1261,1507,0.14287416618498228
246,1258,1504,0.14287493704420873
247,1255,1502,0.14287557948828872
246,1254,1500,0.1428736468183547
243,1265,1508,0.14287472106791474
240,1262,1502,0.14288531557942968
238,1271,1509,0.14290465132184754
242,1271,1513,0.14292808885196906
243,1271,1514,0.14293986016098847
240,1274,1514,0.14294829774084147
238,1293,1531,0.1429634704287351
239,1286,1525,0.1429824449075373
241,1272,1513,0.14299809153569432
241,1279,1520,0.14300604159910196
236,1283,1519,0.14301291143557326
237,1295,1532,0.14303330288113833
241,1291,1532,0.14304909251492282
240,1287,1527,0.1430525624399899
235,1284,1519,0.14305918181946983
238,1281,1519,0.14307912160768108
238,1270,1508,0.14309131453903903
238,1286,1524,0.14310155289741633
234,1290,1524,0.1431120272246677
230,1288,1518,0.1431340044059749
231,1285,1516,0.14316511403608112
230,1284,1514,0.14319243614358979
229,1278,1507,0.14322039259949967
225,1289,1514,0.14324905526871579
226,1285,1511,0.14328647769201733
223,1276,1499,0.14331814396569026
230,1273,1503,0.14335568956730602
222,1275,1497,0.1433715823618323
228,1285,1513,0.14340841638918944
232,1287,1519,0.14342705073616138
235,1292,1527,0.14343360152407453
230,1289,1519,0.14343175864850807
228,1295,1523,0.14344277283466764
221,1295,1516,0.14345889270609258
223,1288,1511,0.1434936942604065
224,1286,1510,0.14352152762227927
222,1287,1509,0.14354251560790365
226,1276,1502,0.14356882093286574
227,1285,1512,0.14358354928811917
223,1290,1513,0.14359457266272266
220,1295,1515,0.14361649601891438
222,1301,1523,0.1436449064352174
220,1305,1525,0.14366631884746062
216,1295,1511,0.14369193710754508
215,1297,1512,0.14372649820223335
215,1306,1521,0.14376103761167655
210,1305,1515,0.14379471701107105
215,1297,1512,0.1438398393793892
214,1297,1511,0.14386862111279267
218,1302,1520,0.1438987284732575
220,1294,1514,0.14391559010388666
222,1292,1514,0.14392537624237625
216,1274,1490,0.14392926551738083
216,1285,1501,0.14394852850238596
214,1279,1493,0.14396636252988368
216,1283,1499,0.14398903490038564
213,1295,1508,0.14400489636803657
213,1285,1498,0.14402766465546846
212,1281,1493,0.14404915322875497
215,1284,1499,0.1440724279930452
212,1279,1491,0.14408560021272276
216,1286,1502,0.1441061440663318
214,1284,1498,0.1441146552007466
211,1291,1502,0.14412804008686997
211,1294,1505,0.14414894909665577
211,1305,1516,0.14416924221825067
209,1294,1503,0.14418747363573073
214,1297,1511,0.14420904273595614
214,1298,1512,0.1442166091401005
206,1295,1501,0.14422382557090616
207,1292,1499,0.14425222541968957
205,1305,1510,0.1442757867223272
205,1304,1509,0.14430440553944995
212,1314,1526,0.14433098393763794
206,1302,1508,0.1443371687887801
207,1303,1510,0.14435994891297485
209,1298,1507,0.14437841870347476
207,1295,1502,0.14439024750690269
206,1307,1513,0.14440707561154376
207,1314,1521,0.14442467291290767
208,1301,1509,0.14443792266953104
207,1301,1508,0.14444690363519827
205,1298,1503,0.14445859867074923
204,1303,1507,0.1444747776634358
203,1309,1512,0.1444921296298363
201,1317,1518,0.14451114435591958
203,1316,1519,0.14453617358036389
201,1318,1519,0.14455355199386266
203,1321,1524,0.14457506569188755
203,1305,1508,0.14458912680154246
204,1315,1519,0.14460203244936276
204,1302,1506,0.14461132296959242
206,1304,1510,0.14462008540216098
196,1302,1498,0.1446231598258332
195,1302,1497,0.14465395022809516
194,1311,1505,0.1446849843263042
193,1309,1502,0.14471745941955505
191,1309,1500,0.14475060271400136
191,1313,1504,0.14478746990382663
187,1315,1502,0.14482199630894452
191,1328,1519,0.14486550912649374
184,1323,1507,0.1448951338396234
190,1330,1520,0.14494122869336715
190,1331,1521,0.14496753202225274
193,1332,1525,0.14499188964885973
198,1320,1518,0.14500727158233342
195,1333,1528,0.14500803618068556
197,1323,1520,0.14501714989366296
202,1324,1526,0.1450201329113695
199,1319,1518,0.14500950440337704
195,1318,1513,0.14500794726162608
192,1319,1511,0.14501677584605827
187,1321,1508,0.14503344391574388
191,1315,1506,0.14506172387958968
194,1321,1515,0.14507643352668897
194,1315,1509,0.14508175143864982
198,1313,1511,0.1450864529932091
190,1318,1508,0.14508018458655106
188,1313,1501,0.14509641246968003
186,1324,1510,0.14511775052606737
189,1331,1520,0.14514307296826043
192,1330,1522,0.14515829154229817
186,1327,1513,0.14516474765310658
187,1338,1525,0.14518733079647997
185,1341,1526,0.14520689773472725
184,1333,1517,0.14523070598341398
181,1339,1520,0.14525528738705407
187,1345,1532,0.1452861682408425
185,1345,1530,0.1452998293016161
183,1340,1523,0.14531835129033513
182,1344,1526,0.14534144891747192
183,1336,1519,0.14536529497644549
185,1338,1523,0.14538476209891132
185,1330,1515,0.1453980896694527
184,1335,1519,0.14541109041763914
179,1341,1520,0.14542623027779145
185,1331,1516,0.14545407819104617
185,1322,1507,0.14546428644813678
183,1329,1512,0.1454733323505737
177,1331,1508,0.1454871611691745
172,1336,1508,0.14551614529108267
169,1338,1507,0.14555607615088179
170,1332,1502,0.14560096614027146
167,1346,1513,0.14563997213657967
168,1343,1511,0.14568397473646166
173,1355,1528,0.14572232860983328
169,1331,1500,0.14574417607052328
165,1335,1500,0.14577584029521642
165,1349,1514,0.14581540790584022
163,1348,1511,0.14585277806144994
159,1348,1507,0.14589371491996408
159,1353,1512,0.1459424572501514
162,1348,1510,0.14598808376411626
165,1347,1512,0.14602198318189702
168,1347,1515,0.1460451878022249
170,1354,1524,0.14605773072760633
172,1350,1522,0.1460645254847829
169,1348,1517,0.146065958971439
171,1352,1523,0.1460760987993115
166,1347,1513,0.146079926748222
166,1358,1524,0.146097747242475
163,1357,1520,0.14611432978820849
163,1354,1517,0.1461383010915403
163,1353,1516,0.14616062424434645
164,1367,1531,0.14618174229377942
161,1367,1528,0.14619907478979888
158,1369,1527,0.14622361123065106
161,1369,1530,0.14625508624459538
159,1372,1531,0.146277006728959
156,1369,1525,0.14630360630051253
155,1369,1524,0.1463370657669325
153,1361,1514,0.14637086414693354
154,1376,1530,0.14640838230852182
157,1367,1524,0.14644052440244676
156,1360,1516,0.14646196834346195
156,1358,1514,0.146484981467991
156,1356,1512,0.14650692596881484
156,1357,1513,0.14652662354634913
152,1362,1514,0.14654419570933896
150,1344,1494,0.14657109495916099
156,1348,1504,0.14660214783750372
156,1341,1497,0.14661441950240114
157,1352,1509,0.1466251786726627
159,1356,1515,0.1466327789134451
162,1362,1524,0.1466349939725192
160,1364,1524,0.1466287121306271
161,1360,1521,0.14662888674846866
162,1338,1500,0.14662579525688826
160,1339,1499,0.14661985274306977
160,1353,1513,0.14662032252508267
161,1354,1515,0.14662039674785504
156,1353,1509,0.1466176598069513
156,1357,1513,0.1466294104780128
153,1362,1515,0.14664046013031418
154,1359,1513,0.14665878925230114
155,1348,1503,0.14667387537419593
155,1363,1518,0.1466856141564463
152,1350,1502,0.14669703412315457
153,1365,1518,0.14671620202856636
153,1360,1513,0.14673104167704054
152,1369,1521,0.14674435419860274
154,1357,1511,0.14675931096191033
146,1356,1502,0.14676759036244144
145,1360,1505,0.14679838982797355
142,1359,1501,0.14683013738874448
139,1350,1489,0.14686838537769314
138,1362,1500,0.14691252413274777
139,1358,1497,0.146956312703248
135,1356,1491,0.14699469402737517
131,1360,1491,0.14704178779725346
131,1385,1516,0.14709752605221244
128,1385,1513,0.14715001238562847
129,1410,1539,0.14720696178886475
125,1396,1521,0.14725723087661932
130,1388,1518,0.14731552951114346
129,1378,1507,0.14735583292177842
129,1371,1500,0.1473967222855662
127,1368,1495,0.14743510879790267
126,1377,1503,0.14747678131194936
127,1381,1508,0.14751832148415772
126,1392,1518,0.14755463127323892
130,1384,1514,0.14759079613112414
130,1377,1507,0.14761370873874158
127,1395,1522,0.14763575992842962
125,1389,1514,0.1476654692120345
128,1385,1513,0.14769908959612532
122,1396,1518,0.14772245396153375
119,1394,1513,0.1477611130520724
124,1393,1517,0.14780598100520564
125,1400,1525,0.14783366489615396
122,1404,1526,0.14785730290406238
122,1409,1531,0.14788814704409967
120,1401,1521,0.14791630380329185
123,1398,1521,0.14794804013110127
121,1389,1510,0.14796962564296748
120,1390,1510,0.14799496034686488
120,1378,1498,0.1480207314996226
123,1378,1501,0.14804452640959342
120,1370,1490,0.14805932425372656
121,1391,1512,0.14808097652306887
122,1394,1516,0.14809895578415985
125,1391,1516,0.14811337484687792
124,1394,1518,0.14811870652620107
120,1384,1504,0.14812630479180616
121,1392,1513,0.1481443250442943
119,1397,1516,0.14815817233934309
118,1390,1508,0.14817697370330116
117,1382,1499,0.14819742879205225
120,1385,1505,0.1482198715645046
117,1396,1513,0.1482327964478241
118,1403,1521,0.14825303254376507
116,1399,1515,0.14826943887471525
118,1399,1517,0.1482904671473805
123,1412,1535,0.14830404237364234
121,1412,1533,0.14830290846855693
122,1403,1525,0.1483073732553587
125,1400,1525,0.14830909602480521
125,1403,1528,0.14830166133409237
120,1400,1520,0.14829445939945735
118,1402,1520,0.14830185440819565
118,1404,1522,0.14831450995031126
116,1397,1513,0.1483264995103729
115,1409,1524,0.14834318964948306
117,1411,1528,0.14836151582017362
118,1399,1517,0.14837266049262987
120,1401,1521,0.1483804984072902
119,1394,1513,0.14838231283876316
118,1400,1518,0.14838666602423486
120,1393,1513,0.148393618576456
120,1384,1504,0.14839477195486112
119,1386,1505,0.14839606659428395
120,1399,1519,0.14840017152292884
120,1410,1530,0.1484013936322264
120,1409,1529,0.14840211219628396
120,1411,1531,0.14840296970523575
119,1398,1517,0.14840364249858573
119,1396,1515,0.14840720941387903
117,1397,1514,0.14841068841829663
117,1399,1516,0.14841938820785464
115,1411,1526,0.14842726087519442
117,1398,1515,0.14843958920948178
120,1403,1523,0.14844535350745386
120,1404,1524,0.1484420096316053
117,1412,1529,0.1484381308124881
114,1420,1534,0.14844324515430155
114,1402,1516,0.14845639869096988
115,1412,1527,0.1484688573963393
115,1412,1527,0.14847737147819629
115,1397,1512,0.1484854350926896
114,1400,1514,0.14849292367927752
116,1398,1514,0.1485030783939829
115,1403,1518,0.14850651001441648
114,1414,1528,0.1485125624632246
112,1409,1521,0.14852117045198032
111,1413,1524,0.14853476691032513
113,1403,1516,0.1485504814395683
115,1393,1508,0.1485596825105333
115,1415,1530,0.14856286831207452
115,1412,1527,0.1485658445959683
113,1399,1512,0.14856835467952526
113,1401,1514,0.14857604812011946
114,1395,1509,0.14858319953687005
115,1385,1500,0.1485873965676128
116,1389,1505,0.14858816752839007
114,1380,1494,0.14858530659896105
111,1395,1506,0.14858809698413186
110,1384,1494,0.14859932144722712
110,1398,1508,0.14861259887605838
109,1409,1518,0.14862506996938118
105,1412,1517,0.14863968167062108
102,1414,1516,0.14866464512647323
102,1402,1504,0.14869624663428863
99,1406,1505,0.1487260915122716
100,1413,1513,0.1487626484703954
102,1413,1515,0.1487933594568275
97,1406,1503,0.14881626923703567
94,1401,1495,0.14885196501601505
98,1402,1500,0.14889400178588497
94,1398,1492,0.1489213044289523
97,1394,1491,0.1489578165354621
95,1409,1504,0.1489835135298309
93,1401,1494,0.14901334703383187
93,1404,1497,0.14904720952571066
94,1406,1500,0.1490789601961907
97,1414,1511,0.14910538558312753
98,1416,1514,0.14912149136284525
99,1419,1518,0.14913321176218872
100,1425,1525,0.14914124112155439
98,1431,1529,0.14914613928951156
96,1425,1521,0.14915706658573416
100,1433,1533,0.1491727707068532
99,1420,1519,0.1491762750305978
98,1408,1506,0.149182757817499
97,1421,1518,0.14919125197213084
94,1418,1512,0.1492022686286441
95,1415,1510,0.14922122124314277
97,1418,1515,0.14923651254308978
95,1423,1518,0.1492451213682945
93,1430,1523,0.14925919495000364
91,1428,1519,0.14927807429990442
90,1431,1521,0.14930204359850704
87,1428,1515,0.1493273078663847
84,1436,1520,0.14935953549892453
88,1424,1512,0.1493982088127306
91,1427,1518,0.14942254454718917
94,1417,1511,0.14943634846488407
95,1432,1527,0.14944076089779604
94,1429,1523,0.14944236038397904
99,1412,1511,0.14944670030323498
100,1424,1524,0.14943662775019406
98,1439,1537,0.14942427643087453
96,1431,1527,0.14941850787738517
98,1418,1516,0.14941934498531032
99,1420,1519,0.14941474136187405
98,1422,1520,0.14940806966793554
98,1423,1521,0.14940452198021562
99,1419,1518,0.14940112700075242
98,1417,1515,0.1493955778256866
99,1419,1518,0.14939316690168145
97,1423,1520,0.14938800618277237
99,1414,1513,0.14938886004148266
98,1414,1512,0.14938388068306455
98,1418,1516,0.14938275246336116
99,1424,1523,0.14938155852921361
99,1417,1516,0.14937711494724884
99,1411,1510,0.1493727794789619
102,1417,1519,0.14936928419661977
103,1418,1521,0.14935743571450896
104,1429,1533,0.14934339696812157
103,1410,1513,0.14932750574415504
103,1401,1504,0.14931555244957792
101,1392,1493,0.14930445978523807
98,1402,1500,0.1492998989593742
95,1407,1502,0.14930477233702408
94,1417,1511,0.14931754308662865
93,1411,1504,0.14933223082443559
97,1407,1504,0.1493484599045078
96,1420,1516,0.14935211887120045
93,1427,1520,0.14935886700958625
95,1430,1525,0.1493738658430771
96,1418,1514,0.14938226465724447
95,1425,1520,0.1493873643630156
96,1429,1525,0.1493949715360072
96,1432,1528,0.14939924020117926
96,1439,1535,0.14940311244271778
99,1431,1530,0.1494068270951905
97,1428,1525,0.14940089196855624
97,1417,1514,0.1494011051770776
101,1426,1527,0.1494013125296504
98,1425,1523,0.14938998790684896
95,1421,1516,0.14938794254617618
94,1420,1514,0.1493948207297515
93,1423,1516,0.14940430781587416
91,1426,1517,0.14941598852634874
88,1419,1507,0.14943244821936616
90,1424,1514,0.14945628478551026
90,1401,1491,0.14947250186357539
87,1404,1491,0.14948774551151234
90,1416,1506,0.14951052778912188
88,1414,1502,0.14952309971983715
85,1405,1490,0.14954064165386594
84,1413,1497,0.1495656103888341
85,1426,1511,0.14959188203925733
81,1420,1501,0.14961349044590252
85,1412,1497,0.1496452921972487
85,1430,1515,0.14966356650404586
83,1438,1521,0.14968069984580193
82,1445,1527,0.14970272886918579
83,1437,1520,0.14972638043074668
80,1436,1516,0.14974532135824825
75,1434,1509,0.14977164172102708
76,1441,1517,0.14981080246915313
75,1443,1518,0.1498447698423539
76,1440,1516,0.14987952924512662
76,1444,1520,0.14990925831932123
74,1434,1508,0.14993723206281948
74,1434,1508,0.1499694121459267
76,1427,1503,0.1499996139005454
76,1425,1501,0.15002212917685484
78,1439,1517,0.15004329078601658
77,1428,1505,0.15005750310457583
76,1431,1507,0.15007395553447228
76,1417,1493,0.1500923756192704
76,1432,1508,0.15010961670948622
78,1433,1511,0.15012568439409574
76,1434,1510,0.15013464556114756
80,1431,1511,0.15014892406290417
81,1430,1511,0.1501503624462322
81,1434,1515,0.15014876723619008
79,1439,1518,0.15014726732511563
79,1427,1506,0.15015169121381197
77,1412,1489,0.1501556704552888
79,1432,1511,0.15016513690739272
77,1425,1502,0.15016807287830025
79,1418,1497,0.15017700036472717
79,1418,1497,0.15017970000772368
76,1432,1508,0.15018203927700363
74,1433,1507,0.15019283354706142
74,1429,1503,0.15020867776163185
76,1441,1517,0.1502234216592726
75,1469,1544,0.15023162836861195
75,1454,1529,0.1502423050733008
74,1450,1524,0.15025195482378584
71,1440,1511,0.1502637896008
72,1444,1516,0.1502837939570255
72,1454,1526,0.1502996761542317
72,1446,1518,0.15031483265440598
70,1446,1516,0.15032897070577678
69,1443,1512,0.15034809276583297
72,1443,1515,0.15036883896157444
73,1443,1516,0.15037967905613153
73,1445,1518,0.15038696923712344
73,1449,1522,0.15039382909325313
73,1450,1523,0.15040041224456657
70,1458,1528,0.15040660218566138
70,1458,1528,0.15042136584563573
68,1465,1533,0.15043522963456976
69,1473,1542,0.15045429877711525
70,1470,1540,0.15046915130019747
69,1463,1532,0.1504798934787571
70,1448,1518,0.1504929421478747
68,1433,1501,0.15050211949634806
68,1448,1516,0.1505169420677565
66,1431,1497,0.15053062635525283
67,1435,1502,0.15054937883800715
69,1434,1503,0.15056385348241222
67,1448,1515,0.1505712475037795
70,1444,1514,0.15058472232132097
69,1464,1533,0.1505886992341513
69,1455,1524,0.15059567177703992
69,1457,1526,0.15060240368650116
71,1457,1528,0.15060860995066766
65,1454,1519,0.15060852880601058
65,1438,1503,0.15062628359271155
67,1445,1512,0.15064269422176882
67,1438,1505,0.15065225116463535
72,1440,1512,0.15066108664708913
70,1450,1520,0.15065426901357015
71,1446,1517,0.1506538065092675
71,1452,1523,0.1506508872967161
73,1438,1511,0.1506482694952572
72,1442,1514,0.1506398350518405
73,1440,1513,0.15063489894443166
72,1451,1523,0.1506274325231635
71,1455,1526,0.15062327683359622
72,1456,1528,0.1506223394120147
74,1459,1533,0.15061854044336553
75,1439,1514,0.15060896366484003
75,1442,1517,0.15059715575940327
77,1434,1511,0.1505857353442262
75,1426,1501,0.1505692118400043
78,1432,1510,0.15055968794716543
78,1443,1521,0.15054156313036685
77,1439,1516,0.15052466407420742
76,1443,1519,0.15051186690305815
75,1445,1520,0.15050309255007516
81,1450,1531,0.15049775682189762
81,1440,1521,0.15047513233092544
81,1449,1530,0.1504538947551257
81,1447,1528,0.1504340218904577
82,1431,1513,0.1504156428755551
81,1436,1517,0.1503953760772957
81,1447,1528,0.15037976085415328
78,1444,1522,0.15036523159398624
81,1438,1519,0.15036022757996279
84,1424,1508,0.1503470500865504
78,1429,1507,0.15032599665722157
78,1431,1509,0.15032387294025878
75,1438,1513,0.15032185259776593
75,1427,1502,0.1503290747440184
75,1432,1507,0.1503360170773388
75,1425,1500,0.1503424564493303
78,1430,1508,0.15034876558344254
76,1449,1525,0.15034573543494367
77,1442,1519,0.15034891158609037
77,1418,1495,0.15034914866350435
76,1429,1505,0.15034913536858968
75,1432,1507,0.15035198827576743
74,1452,1526,0.15035750829178465
73,1448,1521,0.15036556986579963
75,1453,1528,0.15037579265010456
77,1452,1529,0.15037948998486747
76,1440,1516,0.15037714690600779
76,1435,1511,0.15037770846314738
78,1437,1515,0.15037859163815193
79,1437,1516,0.15037360348220816
82,1432,1514,0.15036626174651174
83,1433,1516,0.15035057882274078
82,1444,1526,0.15033325665577407
82,1429,1511,0.1503199898805679
82,1440,1522,0.15030767130738473
82,1435,1517,0.15029624224669516
81,1430,1511,0.1502855625108985
81,1433,1514,0.1502782926995352
82,1427,1509,0.15027168681135156
84,1429,1513,0.1502623517698312
85,1432,1517,0.15024774887650366
84,1432,1516,0.15023122439873157
82,1427,1509,0.15021880192610165
83,1429,1512,0.15021279936115495
84,1431,1515,0.150204124861693
86,1437,1523,0.15019305164745725
83,1418,1501,0.15017687858630538
86,1426,1512,0.1501703567785966
85,1429,1514,0.1501558965023363
85,1431,1516,0.15014553920981263
81,1429,1510,0.15013594944948444
80,1423,1503,0.15013831802726
80,1424,1504,0.15014352639744544
82,1439,1521,0.15014827923723906
83,1420,1503,0.15014656358646217
82,1438,1520,0.15014223253277872
82,1439,1521,0.1501411655309302
81,1431,1512,0.1501401133225095
81,1431,1512,0.15014218705292356
76,1436,1512,0.15014410245455828
75,1439,1514,0.15016001847966012
76,1429,1505,0.15017782631201226
76,1432,1508,0.15019118999005926
76,1437,1513,0.15020353278070775
74,1428,1502,0.15021478450118356
76,1426,1502,0.15023108921994097
74,1436,1510,0.15024035453213092
74,1447,1521,0.15025515556199118
73,1445,1518,0.15026898182516973
72,1451,1523,0.1502847515228588
71,1452,1523,0.15030214346167686
72,1438,1510,0.15032124809485065
70,1440,1510,0.15033609797906375
69,1450,1519,0.15035570309601287
69,1448,1517,0.15037690489941713
70,1452,1522,0.15039665031717336
72,1440,1512,0.15041227229150508
73,1435,1508,0.1504209111568657
70,1448,1518,0.15042605845862794
70,1458,1528,0.15043965187270067
69,1452,1521,0.1504521258518049
69,1457,1526,0.15046670373270382
69,1454,1523,0.1504803755265818
70,1446,1516,0.1504931854128965
67,1444,1511,0.15050207033826563
65,1444,1509,0.15051905243402874
69,1444,1513,0.15054085153748628
72,1452,1524,0.1505494679735158
73,1454,1527,0.1505486570974189
71,1454,1525,0.15054504136051905
73,1446,1519,0.1505476968287507
73,1444,1517,0.1505443500475994
70,1446,1516,0.15054127898931838
69,1428,1497,0.15054732377379365
69,1436,1505,0.15055591597549076
68,1433,1501,0.15056377680252084
68,1438,1506,0.15057394748746242
70,1446,1516,0.15058336071237677
69,1448,1517,0.15058638124408588
68,1455,1523,0.15059226741948717
68,1461,1529,0.15060068746840738
62,1460,1522,0.15060857679972525
60,1464,1524,0.15063391419039185
62,1461,1523,0.15066343427525952
62,1451,1513,0.15068505933088308
62,1452,1514,0.15070549230243727
62,1451,1513,0.15072450443557833
62,1459,1521,0.15074227614881333
61,1452,1513,0.1507586881194688
62,1455,1517,0.15077717626065332
60,1452,1512,0.15079158815283702
58,1454,1512,0.15081119907192533
59,1451,1510,0.15083532730377758
58,1460,1518,0.15085498996297297
57,1451,1508,0.1508765910343728
54,1459,1513,0.15089980830008126
53,1469,1522,0.15093044323248211
53,1456,1509,0.15096210318406297
52,1466,1518,0.15099160591582736
52,1463,1515,0.15102213148610874
53,1468,1521,0.15105065693336292
54,1466,1520,0.1510744242456476
54,1463,1517,0.1510937638227054
54,1472,1526,0.15111223981749344
52,1472,1524,0.15112948449961214
49,1462,1511,0.15115163382453617
49,1451,1500,0.15118146645499939
50,1465,1515,0.1512094094847683
50,1462,1512,0.15123250701122917
51,1470,1521,0.1512541037371563
51,1469,1520,0.15127108672571402
49,1463,1512,0.1512871324294998
51,1465,1516,0.15130814414810653
54,1459,1513,0.15132185998371303
57,1453,1510,0.15132572522540685
58,1457,1515,0.15132033265238415
61,1448,1509,0.15131232654020446
61,1434,1495,0.15129600266802387
62,1436,1498,0.1512808547539109
62,1466,1528,0.15126378312450947
60,1454,1514,0.15124789090235563
59,1458,1517,0.15123905201110743
59,1465,1524,0.15123377657478898
59,1470,1529,0.1512289212622347
58,1477,1535,0.15122463266399153
56,1455,1511,0.15122353797138163
54,1469,1523,0.15122848032132258
54,1467,1521,0.15123913443919354
57,1462,1519,0.15124907663092407
58,1459,1517,0.1512494210828367
55,1459,1514,0.15124679366013186
56,1470,1526,0.15125323069591112
55,1464,1519,0.15125634527479595
54,1456,1510,0.1512623170279409
57,1451,1508,0.1512709465827281
59,1460,1519,0.15127009542655545
57,1455,1512,0.15126339190159288
55,1441,1496,0.15126303802103125
56,1456,1512,0.15126871490472238
56,1452,1508,0.15127099948718514
54,1468,1522,0.15127297638127185
55,1473,1528,0.15128092023084413
57,1470,1527,0.15128557303609808
52,1470,1522,0.15128390224657867
55,1481,1536,0.15129718269269044
56,1477,1533,0.15130064047433664
56,1463,1519,0.1513010019549639
56,1453,1509,0.15130128817708324
55,1457,1512,0.15130157954417747
55,1469,1524,0.15130490720927298
54,1462,1516,0.15130797681877678
53,1462,1515,0.15131385140813555
54,1439,1493,0.1513223434127548
55,1451,1506,0.15132730157568586
56,1461,1517,0.15132901436983065
54,1466,1520,0.15132761356846958
55,1463,1518,0.15133223253761904
57,1468,1525,0.1513334897790619
53,1464,1517,0.15132879544510888
52,1465,1517,0.15133621262253047
49,1472,1521,0.15134610023177117
50,1468,1518,0.15136418000113397
48,1470,1518,0.15137800119426859
47,1471,1518,0.15139698640747312
46,1460,1506,0.15141767720651106
44,1459,1503,0.15144006099605944
44,1477,1521,0.1514671477467455
44,1474,1518,0.15149251019295007
46,1456,1502,0.1515162247280956
45,1458,1503,0.15153249763349927
44,1472,1516,0.15155075141512486
44,1474,1518,0.1515708917837495
43,1489,1532,0.15158976239428262
42,1483,1525,0.15161042920044074
43,1476,1519,0.1516327760645714
44,1466,1510,0.1516506969702722
45,1472,1517,0.1516645914866692
47,1467,1514,0.15167465234145203
47,1454,1501,0.15167801314736465
45,1478,1523,0.15168123657496407
45,1474,1519,0.15169029778046716
46,1465,1511,0.15169879885824392
46,1472,1518,0.15170368744170917
47,1467,1514,0.15170834098894093
49,1458,1507,0.15170971077425366
49,1458,1507,0.15170499585492458
48,1460,1508,0.1517006642099729
48,1474,1522,0.15169964849223383
48,1480,1528,0.15169870722357157
48,1474,1522,0.15169781286746187
46,1485,1531,0.1516969615965464
47,1464,1511,0.15170215072082013
46,1481,1527,0.15170393404856924
46,1476,1522,0.15170858988990144
47,1457,1504,0.1517127090344638
49,1462,1511,0.15171360972921777
48,1453,1501,0.15170845219010048
46,1467,1513,0.15170672023179552
47,1487,1534,0.15171103820815804
45,1486,1531,0.15171208019599328
49,1485,1534,0.15171918119826697
46,1477,1523,0.15171390116984385
45,1491,1536,0.1517180421369163
45,1494,1539,0.1517249727799936
43,1497,1540,0.15173146765618756
44,1474,1518,0.15174357912649752
45,1460,1505,0.1517517941020067
42,1462,1504,0.15175660284603099
43,1459,1502,0.1517701657740226
43,1464,1507,0.15177986905782892
45,1492,1537,0.15178875557046653
44,1488,1532,0.15179101309716947
43,1480,1523,0.15179612647697993
40,1472,1512,0.15180402594101658
42,1461,1503,0.15182062542831598
42,1467,1509,0.15183012110029317
41,1468,1509,0.151838854182676
41,1460,1501,0.15185006718460325
41,1462,1503,0.15186029870591372
41,1481,1522,0.15186987395109802
40,1477,1517,0.15187892671016476
38,1493,1531,0.15189039956901573
35,1487,1522,0.15190718136195433
34,1492,1526,0.15193205542083935
34,1490,1524,0.15195839739798345
35,1492,1527,0.1519830715239132
36,1482,1518,0.1520031728905732
36,1490,1526,0.15201890832651457
38,1496,1534,0.15203367069092777
36,1495,1531,0.1520414913875086
37,1496,1533,0.1520549362123325
37,1482,1519,0.15206451673254381
38,1482,1520,0.15207352593690907
38,1477,1515,0.1520790147340103
36,1488,1524,0.15208419929221179
36,1476,1512,0.1520951731702471
35,1466,1501,0.15210537185430367
35,1481,1516,0.1521180656192651
35,1488,1523,0.1521299748150296
35,1484,1519,0.15214114336990991
34,1469,1503,0.15215161805868807
34,1478,1512,0.1521645034791625
34,1477,1511,0.15217653772057738
34,1473,1507,0.1521876915132995
34,1485,1519,0.1521981351222232
34,1489,1523,0.15220791779154108
33,1475,1508,0.15221699467810368
33,1473,1506,0.1522285745465702
34,1472,1506,0.15223950648060958
35,1471,1506,0.15224662040384293
34,1476,1510,0.15225026116582546
33,1498,1531,0.15225681479961095
34,1499,1533,0.1522660371911231
34,1504,1538,0.15227158096817978
33,1498,1531,0.15227678220127036
32,1495,1527,0.15228477290190837
34,1487,1521,0.15229539491791333
32,1491,1523,0.15229909355022644
34,1482,1516,0.152308716223716
33,1469,1502,0.15231156425012668
34,1479,1513,0.15231735960309678
33,1482,1515,0.15231974553495328
32,1485,1517,0.15232508575782916
31,1476,1507,0.15233321925561133
33,1469,1502,0.1523439520267768
35,1468,1503,0.15234789557296813
35,1486,1521,0.15234536495026074
35,1477,1512,0.15234318021952073
33,1496,1529,0.15234101730965033
31,1489,1520,0.15234522960512797
30,1497,1527,0.15235536582123754
32,1488,1520,0.15236787391934187
33,1489,1522,0.15237347372175752
33,1474,1507,0.15237572881356035
33,1480,1513,0.15237787914335185
32,1483,1515,0.15237991678581622
32,1478,1510,0.15238487800179695
31,1483,1514,0.15238951866557385
31,1479,1510,0.15239695035211098
29,1490,1519,0.1524039081444871
30,1497,1527,0.15241660266280238
31,1496,1527,0.15242544240207942
32,1508,1540,0.1524306749405929
34,1495,1529,0.1524325196540745
34,1500,1534,0.1524280161532108
32,1487,1519,0.15242383215218974
33,1485,1518,0.15242600993024485
31,1485,1516,0.152424971484324
33,1492,1525,0.15242999764818735
31,1488,1519,0.15242865709142023
29,1466,1495,0.15243364794980938
26,1468,1494,0.15244456045491836
28,1487,1515,0.152464175801158
29,1490,1519,0.15247641269497936
32,1496,1528,0.15248476624179577
30,1489,1519,0.1524831464478635
28,1488,1516,0.15248778331492258
27,1492,1519,0.15249846198092815
26,1493,1519,0.15251156976444558
26,1501,1527,0.15252693640109818
25,1481,1506,0.15254135006255432
25,1497,1522,0.15255795762760016
27,1488,1515,0.15257354740910198
26,1489,1515,0.15258198333212017
27,1486,1513,0.1525929647166219
26,1489,1515,0.1526001089721686
21,1494,1515,0.15260997573763493
21,1485,1506,0.1526347480274776
21,1464,1485,0.15265799118390316
20,1477,1497,0.15267979994384354
20,1487,1507,0.15270343403135686
20,1492,1512,0.15272561727141812
20,1482,1502,0.15274644446218727
21,1485,1506,0.15276600183717787
21,1479,1500,0.15278121300340505
20,1478,1498,0.15279551041809225
20,1492,1512,0.15281206438159559
20,1490,1510,0.15282761334241954
21,1484,1505,0.15284222054536087
21,1481,1502,0.15285282604237002
20,1493,1513,0.15286282396682954
20,1486,1506,0.15287539473582892
18,1487,1505,0.15288720972305453
19,1492,1511,0.15290458861877446
18,1486,1504,0.15291779612648557
18,1483,1501,0.15293335967786706
18,1487,1505,0.15294798861564762
18,1495,1513,0.15296173551743625
18,1487,1505,0.15297465237584254
17,1477,1494,0.15298678918385164
17,1484,1501,0.15300132669986213
17,1487,1504,0.15301497940414094
17,1494,1511,0.15302780730578405
16,1501,1517,0.15303986231365885
16,1507,1523,0.15305432292514995
16,1501,1517,0.15306789805028545
15,1499,1514,0.15308065014378353
14,1500,1514,0.15309577573771813
14,1510,1524,0.15311311779884115
13,1519,1532,0.15312940468305156
13,1512,1525,0.1531478829269318
13,1508,1521,0.15316524796004466
13,1508,1521,0.15318156827433083
13,1509,1522,0.15319690601596142
13,1511,1524,0.1532113204949897
13,1510,1523,0.15322486786657447
13,1515,1528,0.15323760098372574
13,1513,1526,0.1532495694536711
13,1504,1517,0.15326081978740022
13,1506,1519,0.15327139558074074
13,1502,1515,0.1532813377001148
13,1502,1515,0.15329068446214958
13,1497,1510,0.15329947180307393
13,1495,1508,0.1533077334366857
13,1493,1506,0.15331550100091465
13,1492,1505,0.15332279948863384
11,1492,1503,0.15332966257814418
11,1498,1509,0.15334240490301607
11,1505,1516,0.15335437763745707
11,1509,1520,0.15336563035780212
11,1510,1521,0.1533762449390114
11,1497,1508,0.15338622985957265
12,1504,1516,0.15339562175611599
12,1511,1523,0.15340127254884975
12,1504,1516,0.15340660043288032
12,1498,1510,0.15341161412587875
12,1503,1515,0.15341632941072236
11,1507,1518,0.15342076306355237
11,1508,1519,0.15342810567588908
11,1499,1510,0.15343499842277825
11,1501,1512,0.15344147567512034
10,1502,1512,0.15344756464318898
9,1506,1515,0.15345649457379235
9,1505,1514,0.15346802145237937
9,1513,1522,0.15347886338676642
10,1521,1531,0.15348905610315733
10,1524,1534,0.15349542978863326
10,1518,1528,0.15350142912558662
10,1511,1521,0.15350707044242926
10,1503,1513,0.15351237502356319
11,1512,1523,0.1535173630551296
9,1523,1532,0.15351883065415317
9,1521,1530,0.153526575460875
9,1516,1525,0.1535338624246481
10,1504,1514,0.15354071702630864
11,1503,1514,0.15354399916206318
12,1514,1526,0.1535438664964141
12,1517,1529,0.1535405908976112
12,1520,1532,0.1535375233387862
12,1508,1520,0.15353464626527286
12,1516,1528,0.15353194472771384
12,1512,1524,0.15352940661904538
12,1502,1514,0.15352702152567899
11,1509,1520,0.15352478003976291
11,1500,1511,0.1535258929475219
11,1499,1510,0.15352694000249628
11,1498,1509,0.1535279270878277
10,1491,1501,0.15352885665350915
10,1482,1492,0.15353286525382004
11,1483,1494,0.15353663279063756
10,1492,1502,0.15353695381467586
11,1501,1512,0.15354047264312382
11,1503,1514,0.15354056814367736
11,1516,1527,0.15354066663409938
11,1512,1523,0.15354076336663083
11,1497,1508,0.15354085713222665
13,1508,1521,0.1535409473014346
12,1499,1511,0.153534697173232
11,1490,1501,0.15353205748696508
10,1490,1500,0.15353271852978292
12,1496,1508,0.1535365549463254
12,1497,1509,0.15353379412574955
12,1493,1505,0.15353121107990458
10,1506,1516,0.15352878872897666
9,1522,1531,0.15353294187473157
8,1528,1536,0.1535399916077886
7,1519,1526,0.15354975290549014
7,1523,1530,0.15356211698317257
7,1513,1520,0.15357374258987258
7,1498,1505,0.15358467518703367
7,1500,1507,0.15359495730115802
7,1499,1506,0.15360462785552664
7,1514,1521,0.1536137230041729
7,1500,1507,0.15362227666449255
7,1506,1513,0.1536303207759116
7,1523,1530,0.15363788544783538
7,1525,1532,0.15364499906631163
7,1509,1516,0.1536516883848884
7,1505,1512,0.15365797860885572
7,1501,1508,0.15366389347599602
7,1508,1515,0.15366945533470172
7,1500,1507,0.15367468521951383
7,1507,1514,0.153679602923908
7,1515,1522,0.1536842270701369
6,1507,1513,0.1536885751759906
6,1512,1518,0.15369584446562537
6,1503,1509,0.15370268840889337
6,1505,1511,0.15370915157609552
6,1504,1510,0.1537152236764284
6,1523,1529,0.15372093195851042
5,1510,1515,0.15372629821696132
5,1501,1506,0.15373457868634735
5,1507,1512,0.15374236364605298
4,1500,1504,0.15374968226810545
5,1497,1502,0.1537597921069862
6,1507,1513,0.15376605826358894
6,1510,1516,0.15376871667976008
4,1503,1507,0.15377122314604943
5,1494,1499,0.15378004794515102
5,1501,1506,0.1537851442139992
5,1489,1494,0.15378994484295916
5,1499,1504,0.1537944604628581
5,1492,1497,0.1537987064433338
5,1516,1521,0.1538026984358174
5,1510,1515,0.1538064517330908
5,1513,1518,0.15380998088470715
6,1501,1507,0.15381329957196574
6,1488,1494,0.15381317887765447
7,1485,1492,0.15381307196612123
7,1488,1495,0.1538097390308222
7,1498,1505,0.15380661552653582
7,1505,1512,0.15380368314454793
6,1505,1511,0.15380092901644635
6,1508,1514,0.15380150369055187
6,1510,1516,0.1538020497118718
7,1508,1515,0.15380256425191413
6,1508,1514,0.15379982284767546
6,1505,1511,0.15380047974119104
6,1504,1510,0.15380109566652658
6,1491,1497,0.1538016748744559
7,1499,1506,0.15380221974767314
7,1494,1501,0.15379954993127914
6,1503,1509,0.1537970428161415
5,1508,1513,0.15379791134349252
5,1505,1510,0.15380196071220098
5,1498,1503,0.15380576591857423
5,1510,1515,0.15380934247948289
4,1517,1521,0.1538127046327514
4,1517,1521,0.1538190552138065
4,1515,1519,0.1538250218792866
4,1508,1512,0.1538306324141425
4,1511,1515,0.1538359095013582
4,1494,1498,0.1538408734885954
3,1509,1512,0.15384554300214934
3,1517,1520,0.15385318192523637
2,1507,1509,0.1538603669072443
2,1512,1514,0.15387037336447248
2,1510,1512,0.15387978525026683
2,1505,1507,0.1538886372829679
2,1494,1496,0.1538969624082162
2,1509,1511,0.1539047919316358
2,1504,1506,0.15391215545412865
2,1512,1514,0.15391908086243514
2,1509,1511,0.15392559437857772
2,1514,1516,0.15393172063844335
2,1520,1522,0.1539374827808492
2,1524,1526,0.1539429025380902
2,1509,1511,0.1539480003238195
2,1518,1520,0.15395279531643172
1,1519,1520,0.1539573055372739
1,1520,1521,0.15396473678522743
1,1527,1528,0.153971734336615
1,1518,1519,0.15397831811818324
1,1511,1512,0.1539845127938293
1,1527,1528,0.15399034136117065
0,1527,1527,0.15399582519480046
