1366,30,1396,0.13584083006937267
1400,34,1434,0.13302451888418013
1416,35,1451,0.13035954981147507
1434,40,1474,0.12788526957168844
1443,42,1485,0.12558186318141548
1444,44,1488,0.12345870161210115
1455,44,1499,0.12152143184858367
1443,43,1486,0.11972830627664456
1445,43,1488,0.11812410477713954
1443,43,1486,0.11665760108509528
1450,45,1495,0.11532648824923218
1453,45,1498,0.11409601043893215
1448,47,1495,0.11296795241788082
1434,48,1482,0.11195233085780658
1435,51,1486,0.11106015067069858
1444,53,1497,0.11024426457242535
1428,52,1480,0.10947957939593125
1424,51,1475,0.10881995928972685
1433,52,1485,0.10822794920885725
1437,53,1490,0.10766754057969774
1424,56,1480,0.10714751219501445
1433,58,1491,0.10670282939447098
1435,61,1496,0.1062772701889018
1420,64,1484,0.10588513397146865
1434,64,1498,0.10556139379029314
1428,64,1492,0.10523547579965871
1422,65,1487,0.10495165328105319
1428,66,1494,0.10470631466351507
1438,65,1503,0.10446979425174505
1439,66,1505,0.10423204334371278
1446,66,1512,0.10401340090905514
1445,68,1513,0.10379891150990944
1446,68,1514,0.10360546327731308
1437,66,1503,0.10342628699439764
1441,65,1506,0.10328255280683173
1438,64,1502,0.10314315024880986
1421,67,1488,0.1030227432994878
1424,65,1489,0.10294977718071228
1422,67,1489,0.10287670984159807
1422,69,1491,0.10281448561346813
1423,70,1493,0.10275779348853074
1418,71,1489,0.1027039794272482
1415,73,1488,0.1026659008178149
1421,74,1495,0.1026375690965618
1424,74,1498,0.10259895040562762
1429,75,1504,0.1025573780067473
1430,74,1504,0.10250872922991684
1420,75,1495,0.10246247081197193
1421,74,1495,0.10244228835025572
1413,75,1488,0.10242153091277854
1413,80,1493,0.10241988344334682
1411,78,1489,0.1024182817117234
1400,76,1476,0.10242112070272487
1406,78,1484,0.10244722185965155
1404,79,1483,0.1024578386024434
1400,82,1482,0.10247212911399388
1409,88,1497,0.10249369241707874
1407,86,1493,0.10249390686048777
1398,86,1484,0.10249851041237773
1399,86,1485,0.10252200076881053
1402,88,1490,0.10254126954035293
1408,88,1496,0.10255276732258889
1386,86,1472,0.1025502332560015
1404,85,1489,0.10259516625207354
1415,85,1500,0.1025972317372813
1401,83,1484,0.10257545974378722
1410,82,1492,0.10258576249427076
1413,83,1496,0.10257580201393715
1395,82,1477,0.10256025241662621
1386,85,1471,0.10258491110923439
1390,84,1474,0.1026271251813295
1389,84,1473,0.10265681966587667
1394,86,1480,0.10268614851643947
1393,84,1477,0.10270201547860448
1404,83,1487,0.10271868028865029
1395,87,1482,0.10271032267685584
1392,88,1480,0.10272212869813238
1407,87,1494,0.10273950283381962
1408,83,1491,0.10272247834601346
1409,85,1494,0.10270527925399417
1399,90,1489,0.10268744395232175
1392,89,1481,0.10269253862074855
1396,90,1486,0.10271226355645652
1394,89,1483,0.10272187189179124
1396,93,1489,0.102735456992922
1393,94,1487,0.10274355863724853
1385,94,1479,0.10275738958865446
1399,94,1493,0.10278704768366158
1393,92,1485,0.10278368132450379
1384,95,1479,0.10279358495873119
1394,94,1488,0.10282206857611331
1387,95,1482,0.10282656813603824
1388,98,1486,0.10284558625720322
1394,96,1490,0.10286074453592135
1381,102,1483,0.10286243509476257
1386,104,1490,0.10289185249728934
1386,101,1487,0.10290855597595128
1386,105,1491,0.1029235271890885
1384,108,1492,0.10293746130964024
1380,108,1488,0.10295476740419897
1378,111,1489,0.10297926859886587
1385,110,1495,0.103005984030325
1375,110,1485,0.10301539661201932
1377,109,1486,0.10304527833040178
1377,114,1491,0.10306805342018838
1376,113,1489,0.10308931334577714
1359,119,1478,0.10311084427992064
1365,118,1483,0.10316773288349367
1364,117,1481,0.10320627549964353
1374,117,1491,0.10324392884232422
1382,119,1501,0.10325699928378143
1381,120,1501,0.10325153966091331
1373,121,1494,0.10324830068363586
1362,120,1482,0.1032625739267112
1361,119,1480,0.10329971068539033
1371,122,1493,0.10333588668377526
1371,123,1494,0.10334739450579848
1377,125,1502,0.10335803590615086
1363,121,1484,0.10335424729411578
1356,120,1476,0.10338104067613667
1349,120,1469,0.10342091824321306
1369,117,1486,0.10347254399568467
1379,119,1498,0.10347654460869027
1389,120,1509,0.1034585122451066
1388,118,1506,0.1034198608418223
1387,118,1505,0.10338691214615917
1375,119,1494,0.10335931597864302
1379,120,1499,0.1033606987397035
1389,118,1507,0.10335317718421862
1378,116,1494,0.10332451004905614
1391,119,1510,0.10332231971348146
1401,118,1519,0.10329169021041404
1395,118,1513,0.10324180933536439
1386,120,1506,0.1032102636167442
1378,124,1502,0.10320103244949969
1375,128,1503,0.10320979628732882
1370,124,1494,0.10322420246649842
1359,126,1485,0.10324856165271985
1364,129,1493,0.10329449159451912
1350,129,1479,0.10332522035415012
1366,127,1493,0.10338388048166028
1364,131,1495,0.10340326310534309
1372,126,1498,0.103425557568388
1375,131,1506,0.10342850188184417
1383,128,1511,0.10342511916127346
1381,126,1507,0.103404620520114
1385,128,1513,0.10339056330501198
1370,127,1497,0.1033696962121262
1372,131,1503,0.10338300724123156
1358,132,1490,0.10339088090625635
1359,134,1493,0.10342830496236573
1365,132,1497,0.10346042796943232
1377,130,1507,0.10347703242268202
1368,128,1496,0.10346643008931412
1374,128,1502,0.10347625012221869
1365,129,1494,0.10347181335399132
1373,132,1505,0.10348713153306147
1373,134,1507,0.10348384516094984
1367,135,1502,0.10348090246310065
1369,133,1502,0.10349128557315453
1373,132,1505,0.10349659492202036
1364,133,1497,0.1034922473060305
1362,137,1499,0.10350791860311893
1354,137,1491,0.10352676862312672
1362,138,1500,0.10356127111391217
1363,140,1503,0.10357547578468979
1374,143,1517,0.10358661783262402
1372,138,1510,0.10357278619502676
1368,135,1503,0.10356487491966253
1366,134,1500,0.10356563726555609
1356,138,1494,0.1035701054886781
1368,145,1513,0.10359609050731532
1376,145,1521,0.10359440836276314
1369,141,1510,0.10357528235000384
1363,141,1504,0.10357340342747456
1355,145,1500,0.10358411351958764
1356,143,1499,0.10361063323014998
1352,142,1494,0.10363289848876787
1358,142,1500,0.10366181175748214
1368,141,1509,0.10367560356234534
1352,138,1490,0.10366633202696486
1355,135,1490,0.10369266845832911
1355,136,1491,0.10370947167579928
1353,137,1490,0.10372482936955656
1354,138,1492,0.10374324841753445
1354,143,1497,0.10375821408095545
1352,144,1496,0.10377240193992301
1350,149,1499,0.10378991364656741
1352,149,1501,0.10381012137919701
1359,148,1507,0.1038244670993155
1359,147,1506,0.10382272436019306
1353,146,1499,0.10382064838032225
1360,150,1510,0.10383208075701439
1353,152,1505,0.10382724010709417
1347,154,1501,0.10383790096438368
1344,155,1499,0.1038605727006738
1329,153,1482,0.10388869917504868
1337,156,1493,0.10394715677912073
1331,160,1491,0.1039831514191248
1331,158,1489,0.10402962829550294
1337,157,1494,0.10407166846852516
1335,159,1494,0.10409693707129836
1334,161,1495,0.10412460886565233
1335,166,1501,0.10415199373547863
1331,165,1496,0.1041748787559499
1331,168,1499,0.10420471259529407
1337,168,1505,0.10423224583724965
1336,173,1509,0.10424452414499093
1328,175,1503,0.10425818961706664
1322,173,1495,0.10428807028008479
1321,172,1493,0.10432841553766956
1326,171,1497,0.10436802742395973
1322,172,1494,0.10439324043441
1319,173,1492,0.10442513624163141
1304,170,1474,0.1044606834903557
1308,172,1480,0.10452603841732648
1311,176,1487,0.1045769948091054
1305,175,1480,0.10461687071223799
1303,179,1482,0.10466644892288138
1311,183,1494,0.1047163755530303
1305,183,1488,0.10474433916621546
1313,177,1490,0.10478308957245208
1319,176,1495,0.10480127673293531
1317,177,1494,0.10480436465012538
1334,180,1514,0.10481206082721238
1335,177,1512,0.10478178811736946
1338,181,1519,0.10475215589712558
1327,180,1507,0.10471812159417515
1320,179,1499,0.10471149168047773
1318,178,1496,0.10472064872648726
1322,177,1499,0.10473312591540154
1326,182,1508,0.10473582190683936
1310,177,1487,0.10472934435338903
1309,178,1487,0.10475887455288443
1307,177,1484,0.10478763401456088
1300,178,1478,0.10481812532795566
1308,178,1486,0.10486079327178284
1323,181,1504,0.10488229759833523
1320,185,1505,0.10486899898306898
1322,190,1512,0.10486404361717584
1315,185,1500,0.10485505884499056
1316,183,1499,0.10486230395690029
1319,186,1505,0.10486704697709533
1316,188,1504,0.10486465474467475
1316,189,1505,0.10486896333665843
1324,185,1509,0.10487253443784979
1310,185,1495,0.10485839192934204
1306,190,1496,0.10487658523047681
1313,191,1504,0.10490216712866005
1310,193,1503,0.10491002010896303
1304,195,1499,0.10492415761151377
1300,197,1497,0.10495023387017842
1296,196,1492,0.10498322628780554
1292,199,1491,0.10502202668283746
1299,196,1495,0.10506642085638228
1316,192,1508,0.10509174038793928
1316,192,1508,0.10507730819332686
1318,194,1512,0.1050646467233199
1311,190,1501,0.10504873688516947
1316,192,1508,0.10504890986399755
1302,191,1493,0.10503816566322645
1300,192,1492,0.10505984818270481
1297,191,1488,0.10508420483776704
1294,191,1485,0.10511304363093014
1294,194,1488,0.1051461554050118
1295,202,1497,0.10517619536074271
1287,202,1489,0.10520143571409485
1295,206,1501,0.10524258438324693
1294,204,1498,0.10526274827394902
1288,204,1492,0.10528331852123074
1279,206,1485,0.10531498576530214
1296,210,1506,0.10536426248660824
1292,211,1503,0.10537259055141916
1281,210,1491,0.10538886622116021
1279,215,1494,0.10542809357920124
1271,218,1489,0.10546858333162251
1268,219,1487,0.1055236298949853
1278,214,1492,0.10558136295478718
1277,218,1495,0.1056116516565454
1286,218,1504,0.10564229731465272
1297,219,1516,0.10565029555483778
1284,224,1508,0.10563388605916067
1284,225,1509,0.10564825615253998
1281,232,1513,0.10566161890701493
1274,231,1505,0.10568120894515384
1265,230,1495,0.10571419192746959
1278,236,1514,0.10576474927520493
1270,233,1503,0.10578226030075091
1267,234,1501,0.10581673390917548
1268,237,1505,0.10585551803483803
1265,237,1502,0.10588902291323678
1259,243,1502,0.10592634850173242
1246,242,1488,0.10597401251201212
1260,246,1506,0.1060463476912383
1263,243,1506,0.10608192404179193
1254,249,1503,0.10610785222457743
1245,241,1486,0.10615168253762533
1250,244,1494,0.10621163540915017
1241,250,1491,0.10625535367544577
1245,255,1500,0.10631529496503378
1247,255,1502,0.10636130744427712
1244,255,1499,0.10639862938960919
1249,249,1498,0.10643936744591485
1235,255,1490,0.10646559690883148
1243,253,1496,0.10652076480289847
1247,249,1496,0.10655281458322033
1251,248,1499,0.10657260678677051
1257,249,1506,0.10658178427722334
1250,252,1502,0.1065768346068214
1250,254,1504,0.10658797375133826
1246,253,1499,0.10659828903771938
1233,255,1488,0.10661711217738754
1236,254,1490,0.10666298314398555
1241,256,1497,0.10669871143505695
1239,260,1499,0.10672036153072756
1251,265,1516,0.10674458272180733
1244,265,1509,0.10674011909095561
1237,265,1502,0.10675128617124276
1238,262,1500,0.10677768051091122
1216,262,1478,0.10679953200414521
1230,264,1494,0.1068689275920769
1241,269,1510,0.10690159012517408
1226,268,1494,0.10690769738949733
1230,276,1506,0.10694662521127889
1221,273,1494,0.1069736019781946
1217,267,1484,0.10701879949762333
1227,271,1498,0.10706930068192515
1240,275,1515,0.1070936536018121
1228,274,1502,0.10708646159499047
1231,271,1502,0.10710636047379658
1246,276,1522,0.10711745034080296
1229,275,1504,0.10709440508796607
1213,275,1488,0.10711169240277994
1207,280,1487,0.10716337816077427
1213,279,1492,0.10722392163556034
1215,281,1496,0.10726604338487153
1221,287,1508,0.10729999506276641
1229,283,1512,0.10731756761296082
1224,278,1502,0.10731570458931922
1205,281,1486,0.10732543021059503
1210,283,1493,0.10737731483178599
1201,281,1482,0.10741400234674625
1197,286,1483,0.10746748837764333
1198,290,1488,0.10752523364141858
1204,294,1498,0.10757592843185815
1209,288,1497,0.10760908161723325
1207,292,1499,0.10762786933053645
1206,294,1500,0.10764976908055982
1211,297,1508,0.10767228901431984
1205,299,1504,0.1076816975749659
1201,295,1496,0.10770405371182369
1199,297,1496,0.10773364238877722
1199,302,1501,0.10776507651304644
1203,297,1500,0.107793757881778
1212,302,1514,0.10781092190057334
1199,299,1498,0.10780664356692363
1199,293,1492,0.10783185539485178
1195,287,1482,0.10785495235193228
1188,291,1479,0.10788488771168075
1196,297,1493,0.10792786734714072
1193,293,1486,0.10794929181885297
1195,288,1483,0.10797536178715599
1186,290,1476,0.10799527052269813
1186,299,1485,0.10803353635957412
1175,296,1471,0.10806894179550049
1178,299,1477,0.10812614522358004
1188,297,1485,0.10817212639221734
1187,305,1492,0.10819156863675548
1187,304,1491,0.10821220100034366
1193,309,1502,0.10823146517932462
1184,299,1483,0.10823582511596296
1185,300,1485,0.1082594820627602
1189,298,1487,0.1082799038140351
1202,304,1506,0.10828946583818816
1207,306,1513,0.10826929332016792
1203,307,1510,0.10823961259867662
1206,311,1517,0.1082215179980365
1206,308,1514,0.10819850954977689
1215,312,1527,0.10817757768264408
1204,317,1521,0.10813818720857338
1187,312,1499,0.1081274216652133
1185,309,1494,0.10815633576985817
1182,312,1494,0.10818772567278766
1169,316,1485,0.10822310636331714
1163,319,1482,0.10828499329690358
1156,316,1472,0.1083557688238041
1156,316,1472,0.10843671625517148
1171,319,1490,0.10851105188358426
1165,323,1488,0.10854452500839182
1175,322,1497,0.10858879451155089
1179,320,1499,0.10860658387314505
1180,322,1502,0.10861425823705599
1179,328,1507,0.10861848014137195
1181,321,1502,0.10862469984370048
1169,324,1493,0.10862650989645634
1170,329,1499,0.10865525937904547
1172,327,1499,0.10867902357090373
1170,330,1500,0.1086959320064307
1178,322,1500,0.10871574785979203
1157,325,1482,0.10871593885473643
1161,327,1488,0.10876357981753046
1143,330,1473,0.10879823238948237
1144,328,1472,0.10887136390799391
1144,338,1482,0.10893629475261456
1155,339,1494,0.10899641052567033
1160,335,1495,0.10902707609704439
1147,344,1491,0.10904428267917751
1156,353,1509,0.10909002648594086
1149,358,1507,0.10911198961231303
1144,358,1502,0.10914867124406533
1140,356,1496,0.10919374143600771
1139,358,1497,0.10924549838637558
1125,358,1483,0.10929441866174881
1127,355,1482,0.10937123899538502
1133,357,1490,0.10943691997229835
1141,356,1497,0.10948410242941187
1143,361,1504,0.10950845386192416
1134,362,1496,0.10952662399237978
1143,363,1506,0.1095649128431835
1130,376,1506,0.10957963818496662
1139,371,1510,0.10962289707592081
1142,370,1512,0.10964303526596555
1140,361,1501,0.10965375524062539
1144,361,1505,0.10966795565251534
1127,359,1486,0.10967172133893736
1137,365,1502,0.10971395176360606
1137,374,1511,0.10972931061304193
1133,376,1509,0.10974467446863954
1141,375,1516,0.10976822346986147
1142,373,1515,0.10977125724957254
1136,369,1505,0.10977142737772765
1131,370,1501,0.10978533629652983
1112,366,1478,0.10980975675175703
1123,376,1499,0.10987620214247773
1114,376,1490,0.1099120050470546
1123,372,1495,0.10996545784789351
1116,378,1494,0.10999349929055725
1123,384,1507,0.11003626880501909
1120,383,1503,0.11005961807701997
1109,381,1490,0.11008735706036132
1100,381,1481,0.11013824934241034
1100,387,1487,0.11020522850188819
1098,388,1486,0.11026606786482622
1096,393,1489,0.11032669851089133
1105,386,1491,0.11038779579835464
1117,385,1502,0.11042358652132755
1120,385,1505,0.11042877091787907
1123,381,1504,0.11042683821527316
1104,384,1488,0.11041715820271687
1102,397,1499,0.11045217429655045
1104,393,1497,0.11048874340874537
1103,392,1495,0.11051792708752839
1105,388,1493,0.11054685214130205
1109,393,1502,0.11056833627621707
1098,393,1491,0.11057852364462109
1105,387,1492,0.11061300953575437
1104,394,1498,0.11062901595076152
1103,397,1500,0.11064591600109257
1092,400,1492,0.11066262094016174
1103,402,1505,0.1107029967878333
1102,393,1495,0.11071457806500824
1100,391,1491,0.11072832316666531
1100,394,1494,0.11074618134380802
1106,388,1494,0.11076216145802135
1101,386,1487,0.11076194859305502
1105,386,1491,0.11077321737424178
1118,395,1513,0.11077341269681178
1109,396,1505,0.11074380880648366
1098,397,1495,0.11073800519091775
1101,397,1498,0.11075840359685497
1107,393,1500,0.11077054797687506
1106,393,1499,0.11076849049328842
1104,390,1494,0.11076917334428035
1108,391,1499,0.11077480376623956
1099,397,1496,0.11077100301636719
1100,400,1500,0.11078812458150875
1105,402,1507,0.11080101655890433
1103,402,1505,0.1108018193875332
1100,404,1504,0.11080767485775604
1082,400,1482,0.11081938425697983
1077,397,1474,0.11087194362043654
1086,401,1487,0.11093081303738589
1102,400,1502,0.11096365944684912
1087,400,1487,0.1109565264958859
1095,398,1493,0.11098509068710694
1104,409,1513,0.11099340603405863
1106,410,1516,0.1109801659361072
1109,411,1520,0.11096376200897833
1099,409,1508,0.11094207460556998
1092,402,1494,0.11094595384347511
1089,403,1492,0.110965288129639
1084,399,1483,0.11098988787459692
1081,408,1489,0.11102412257925472
1079,401,1480,0.1110621332562327
1085,404,1489,0.1111013025233039
1090,405,1495,0.11112329172229309
1084,413,1497,0.11113244565034336
1090,405,1495,0.11115472507674017
1093,410,1503,0.11116140914536558
1092,416,1508,0.11116031335446198
1079,411,1490,0.11116119288840742
1065,411,1476,0.11119234165473682
1061,415,1476,0.11125340783908197
1068,418,1486,0.11131932654518734
1076,418,1494,0.11136489710512479
1074,422,1496,0.11138760941559189
1080,428,1508,0.11141421385315135
1074,430,1504,0.11142448134404649
1073,422,1495,0.11144794989498358
1069,428,1497,0.11147234866740935
1079,430,1509,0.11150393990146278
1071,432,1503,0.1115101862565878
1064,431,1495,0.11153384915166199
1062,429,1491,0.11157239414011734
1071,433,1504,0.11161264064944566
1073,428,1501,0.11162844154205599
1075,428,1503,0.11163779148500044
1075,427,1502,0.11164229355513366
1080,428,1508,0.11164681954139127
1073,425,1498,0.11164027515967703
1070,421,1491,0.11165078090426431
1068,418,1486,0.11166717968993986
1067,416,1483,0.11168643092011082
1060,420,1480,0.11170694189406266
1068,427,1495,0.11174192539161368
1069,424,1493,0.11175523037987224
1065,434,1499,0.11176546083240786
1061,430,1491,0.11178389743489138
1070,432,1502,0.11181091965319254
1080,432,1512,0.11181555744192231
1057,431,1488,0.11179655555161784
1058,431,1489,0.11183307646145976
1060,438,1498,0.11186435489613972
1050,441,1491,0.11188812951003016
1049,437,1486,0.11193336075236118
1040,443,1483,0.11197738470607273
1048,445,1493,0.11203955895182861
1053,439,1492,0.11207739615215742
1054,442,1496,0.11210011248866981
1054,444,1498,0.11211919271237045
1054,450,1504,0.11213807490730163
1050,442,1492,0.11215656691973554
1053,439,1492,0.11218361640368395
1052,441,1493,0.11220178064263735
1047,439,1486,0.11222089393133727
1050,437,1487,0.11225045685611754
1052,436,1488,0.11226976138699672
1059,441,1500,0.1122827988008286
1053,436,1489,0.11227844606001376
1063,438,1501,0.11228876812908652
1065,443,1508,0.1122748030893681
1065,443,1508,0.11225767186556337
1064,451,1515,0.11224123980326685
1064,452,1516,0.11222919794133648
1060,449,1509,0.11221780598759638
1063,448,1511,0.11221611735338818
1064,456,1520,0.11220798781636698
1052,451,1503,0.1121980833848316
1042,445,1487,0.11221708885280268
1054,442,1496,0.11225781214505473
1046,452,1498,0.11226630666764383
1040,456,1496,0.11229235537128054
1050,463,1513,0.11233112538569717
1052,460,1512,0.112343446479438
1061,463,1524,0.11235014972454732
1065,458,1523,0.11233527306509274
1051,457,1508,0.11231244046489275
1043,462,1505,0.11232455269178082
1042,463,1505,0.11235443881463951
1042,465,1507,0.11238409050508327
1040,462,1502,0.11241118106509215
1041,465,1506,0.11244106795669058
1053,465,1518,0.11246651967013455
1051,464,1515,0.11246215577693686
1037,466,1503,0.11246281866891589
1037,469,1506,0.11249717299267482
1024,468,1492,0.11252773922106371
1029,471,1500,0.11258612861766285
1039,469,1508,0.11262776929464963
1035,478,1513,0.11264195904604467
1031,483,1514,0.11266388402748184
1025,481,1506,0.11269342540407604
1025,470,1495,0.11273487487422593
1026,476,1502,0.11277356521040134
1033,473,1506,0.1128067135070264
1035,470,1505,0.11281985971745719
1036,462,1498,0.11282660805186519
1025,469,1494,0.11283075579149861
1036,469,1505,0.1128594107004142
1045,469,1514,0.11285991952722452
1050,468,1518,0.1128388919616453
1043,463,1506,0.11280856556641923
1031,464,1495,0.11279778409796545
1029,475,1504,0.1128165004988476
1037,478,1515,0.11283921934977002
1038,475,1513,0.1128410545708436
1042,474,1516,0.11284090277503803
1040,478,1518,0.11283084921246601
1033,480,1513,0.11282662768220696
1028,482,1510,0.11283894637165122
1017,484,1501,0.11286189384626151
1011,488,1499,0.11290988262391029
1005,490,1495,0.11296818645677956
1013,491,1504,0.11303562818089684
1017,489,1506,0.11307883213249038
1017,486,1503,0.11310914751492121
1014,487,1501,0.1131367781287023
1009,485,1494,0.11316964269926688
1012,487,1499,0.1132121792911636
1008,487,1495,0.11324396890261117
1012,495,1507,0.11328299439466942
1020,503,1523,0.11330969314874931
1010,508,1518,0.11331590228638401
986,503,1489,0.1133457693809559
986,516,1502,0.11343027837466117
987,513,1500,0.1135078913294062
993,515,1508,0.11357761130705019
991,518,1509,0.11362758284924673
991,519,1510,0.11367889013275236
994,522,1516,0.11372628777944474
984,513,1497,0.11376284111185092
995,503,1498,0.1138196085418096
981,507,1488,0.11384583398631999
978,518,1496,0.11390302129435195
986,523,1509,0.11396248829932691
986,530,1516,0.11399929756815866
982,524,1506,0.11403399045021864
974,532,1506,0.11407587128861603
965,535,1500,0.11413392448038852
966,532,1498,0.11420847861102029
962,526,1488,0.11427462809004371
969,531,1500,0.11434514718594617
981,531,1512,0.1143939034752084
973,527,1500,0.11441126298447486
960,539,1499,0.11444711455626208
955,523,1478,0.11451016108660554
955,531,1486,0.11458064649805251
965,531,1496,0.11464500758794387
966,528,1494,0.11468074690703194
970,532,1502,0.11471170010235639
959,531,1490,0.1147301631553827
949,524,1473,0.11477349510653667
958,532,1490,0.1148377320439317
966,530,1496,0.1148748254820707
976,526,1502,0.11488923067475756
969,533,1502,0.11488003415543019
958,545,1503,0.11488835364931609
946,549,1495,0.11492304256129053
952,544,1496,0.11498374828322358
947,560,1507,0.11502527606468144
947,564,1511,0.11507476541906156
947,567,1514,0.11512056832180466
946,558,1504,0.1151628974710412
950,562,1512,0.1152044266472386
939,567,1506,0.11523407480394188
934,574,1508,0.11528727455782473
935,575,1510,0.11534852373655927
936,567,1503,0.11540336287592293
937,565,1502,0.11545210946104068
936,565,1501,0.11549346054891046
930,556,1486,0.11553358580775336
940,558,1498,0.11558406504991722
942,555,1497,0.11560696574273453
949,555,1504,0.1156232423397591
957,558,1515,0.11562230297487136
947,563,1510,0.11560248730955214
950,561,1511,0.11560815288955972
945,564,1509,0.11560663955182882
943,562,1505,0.11561680637023035
943,567,1510,0.11563248539324461
943,567,1510,0.1156462512467916
945,571,1516,0.1156603927399545
936,575,1511,0.11566925889813154
931,577,1508,0.11569982315583584
935,571,1506,0.11573920966975862
932,567,1499,0.11576605913379706
921,572,1493,0.11579722696275799
910,574,1484,0.11585136751163276
910,578,1488,0.11592750872231081
904,577,1481,0.11599694952126406
902,576,1478,0.11607513367081172
900,576,1476,0.11615186140586176
904,588,1492,0.11622792827798388
910,587,1497,0.11628962955679534
912,593,1505,0.11633314299285363
914,594,1508,0.11636856930854769
919,598,1517,0.11639665229897524
903,588,1491,0.11641106767430173
904,586,1490,0.11646422433565908
894,592,1486,0.11651085994229496
902,589,1491,0.11657822914694684
891,590,1481,0.11662141165520444
909,592,1501,0.11668790395541923
912,592,1504,0.11670563383702992
902,600,1502,0.11671468904175868
904,599,1503,0.11674734375919142
897,599,1496,0.11677199668796108
901,604,1505,0.11681148591324853
907,611,1518,0.11683789112523744
915,603,1518,0.11684634710669708
905,606,1511,0.11683557934815689
907,606,1513,0.11685017146780556
905,596,1501,0.11685853340593073
902,600,1502,0.11687043246510058
899,601,1500,0.11688737147916665
893,600,1493,0.11690875728395442
904,591,1495,0.11694322896799353
909,590,1499,0.11694822537875214
913,585,1498,0.11693999256148263
916,594,1510,0.11692347930114493
917,589,1506,0.11690132849217369
909,585,1494,0.11687844821941529
908,585,1493,0.1168766682628284
906,588,1494,0.11687788753602028
903,597,1500,0.11688451230699005
913,603,1516,0.11689759003998809
900,598,1498,0.11688590895599407
901,602,1503,0.11690645636444011
905,610,1515,0.11692343359239256
900,607,1507,0.11692909939682891
909,612,1521,0.1169456361561644
900,610,1510,0.11693888570475015
886,609,1495,0.11695421528101135
885,619,1504,0.11700181397073132
882,617,1499,0.1170489512351675
877,617,1494,0.11709928695274759
887,617,1504,0.11715707266087304
902,613,1515,0.11718714663266522
912,614,1526,0.11717856325061954
922,612,1534,0.11714601224898744
913,605,1518,0.11709271100609506
897,609,1506,0.11706657541960515
892,617,1509,0.11708211572296161
891,624,1515,0.11710899044461857
897,626,1523,0.1171367051647587
899,624,1523,0.11714757041786125
899,620,1519,0.11715285776612581
891,626,1517,0.11715826742255228
890,617,1507,0.11718202270976925
875,617,1492,0.11720608656434178
879,623,1502,0.11726484224805589
878,634,1512,0.11730947120394557
879,630,1509,0.11735252838951674
871,645,1516,0.11738992795803137
864,645,1509,0.11744398336940626
865,639,1504,0.11751094601777864
855,646,1501,0.11757053736733006
863,646,1509,0.11765043051199613
854,653,1507,0.11770391401011678
861,655,1516,0.11777595518004265
864,655,1519,0.11782577832074015
857,656,1513,0.11786420221121542
846,645,1491,0.11791784669360476
837,648,1485,0.11799351644553653
837,655,1492,0.11808611458404045
841,653,1494,0.11817086796638965
837,656,1493,0.11823939528995432
840,662,1502,0.11831313861080613
852,655,1507,0.11837385522053452
851,661,1512,0.11839977085986529
846,659,1505,0.11842575012544047
840,668,1508,0.11846140083304295
846,664,1510,0.11850962823548099
842,676,1518,0.11853934159299538
852,667,1519,0.11857673852543282
847,667,1514,0.11858726827589829
840,667,1507,0.11860931588880912
845,667,1512,0.11864604896399022
844,667,1511,0.11866751528429724
843,660,1503,0.1186883728329548
849,669,1518,0.11871114985566295
844,671,1515,0.11871753644283085
843,662,1505,0.11873628057070781
844,665,1509,0.11875638073869282
844,671,1515,0.11877267877720797
846,665,1511,0.11878817933703836
834,669,1503,0.11879812650054272
824,666,1490,0.11883721258703141
820,663,1483,0.11889813257599378
831,661,1492,0.11896409619443649
819,664,1483,0.1189973214402014
818,665,1483,0.11905732575176538
809,674,1483,0.11911543120572311
819,677,1496,0.11919060720204358
822,672,1494,0.1192359157328571
819,684,1503,0.11927047188198324
816,682,1498,0.1193098708546113
826,693,1519,0.11935402107655303
813,695,1508,0.11937066871487975
806,698,1504,0.11941875243264326
812,687,1499,0.11948088184792677
807,693,1500,0.11952301062058815
806,701,1507,0.1195741089251277
807,711,1518,0.1196246662758071
799,705,1504,0.11966895853105187
795,710,1505,0.11972995960018334
791,711,1502,0.11979609767455755
797,716,1513,0.11986688650297754
793,713,1506,0.11991864985917633
787,714,1501,0.11997679456861121
789,720,1509,0.12004645331031569
793,729,1522,0.12010543733675692
781,722,1503,0.12015042677031008
781,728,1509,0.12022216095302168
787,724,1511,0.12028779969359764
783,714,1497,0.12033297165522033
783,722,1505,0.12038459694676597
782,723,1505,0.12043134576757224
784,716,1500,0.12047755584774938
780,710,1490,0.12051400886114257
790,714,1504,0.12055718880052244
773,724,1497,0.12057254408894785
765,727,1492,0.12063006162490288
757,732,1489,0.12070356814029572
756,734,1490,0.12079171573947337
755,728,1483,0.12087580265317581
762,721,1483,0.120956888029706
760,729,1489,0.12101364748780259
766,733,1499,0.12107083024597448
763,743,1506,0.12110880855809264
766,738,1504,0.12115235155525704
752,750,1502,0.12118556952331805
750,752,1502,0.12125308715714958
760,750,1510,0.1213212178932821
761,748,1509,0.12135875198630142
752,756,1508,0.12139063905895055
744,756,1500,0.12144311199080363
748,756,1504,0.12151280925350619
746,769,1515,0.12156623558953049
735,775,1510,0.12162209991295066
737,772,1509,0.12170137580113743
733,777,1510,0.12176919425231718
732,773,1505,0.12184299866962575
728,774,1502,0.12191420700743599
727,778,1505,0.12199113343089603
725,769,1494,0.12206450511675973
716,774,1490,0.12213756758633344
712,776,1488,0.12222861567040667
720,787,1507,0.12232445230341084
729,787,1516,0.12239425236989927
725,787,1512,0.12243523761863809
732,781,1513,0.12248444243838406
721,785,1506,0.12251218500271539
719,786,1505,0.12256556013655352
723,789,1512,0.12262011661306729
717,797,1514,0.12266086264661695
716,793,1509,0.12271491477928724
710,791,1501,0.12276675567148512
708,793,1501,0.12283079669888045
703,795,1498,0.12289544750339026
711,802,1513,0.12296782073898459
708,805,1513,0.12301489254988468
695,815,1510,0.12306695804707499
694,817,1511,0.12314768378098308
693,817,1510,0.1232253133066046
694,812,1506,0.1232995817806436
689,818,1507,0.12336535459955185
689,817,1506,0.12343978585949805
697,815,1512,0.12350864477726436
698,816,1514,0.12355130774584022
699,819,1518,0.12358824494885026
687,824,1511,0.12361988698470393
686,823,1509,0.12367979836068259
685,827,1512,0.12373824354494577
687,828,1515,0.12379560191304168
685,829,1514,0.1238451547364502
678,820,1498,0.12389623275004347
676,826,1502,0.12396209909164964
677,829,1506,0.12402733446561234
676,825,1501,0.12408612983702966
672,823,1495,0.12414355315844211
679,817,1496,0.12420724919134592
689,816,1505,0.124248676812939
689,813,1502,0.12426061171373741
683,820,1503,0.12427273951144216
677,828,1505,0.12430073930721824
672,836,1508,0.12434071407139027
675,836,1511,0.12438873550335418
683,836,1519,0.12442562263191075
681,841,1522,0.1244398758749537
679,835,1514,0.12445920567844874
672,837,1509,0.12448309988865436
673,837,1510,0.1245234150169068
672,843,1515,0.12455818926085226
660,839,1499,0.12459330572849449
661,846,1507,0.12465798277778958
662,857,1519,0.12471535124603295
657,853,1510,0.12476671856068407
657,847,1504,0.12482778274068085
657,844,1501,0.12488500241222386
656,842,1498,0.12493787712939255
654,839,1493,0.12498800050505804
662,847,1509,0.12504059375190452
658,840,1498,0.12506914956840665
658,859,1517,0.12510585023435955
649,857,1506,0.12514054118080387
652,852,1504,0.12519551196585174
655,864,1519,0.12523854895171704
652,872,1524,0.1252704317866219
656,865,1521,0.12530690268921693
645,861,1506,0.1253301310133446
641,868,1509,0.12538082512518936
643,864,1507,0.1254363989930604
628,862,1490,0.12548288605313007
618,860,1478,0.12556373573393156
628,869,1497,0.12566488739298876
621,871,1492,0.12573144490690505
627,880,1507,0.12581210066169898
625,873,1498,0.12587139454313484
630,874,1504,0.1259314469184037
616,865,1481,0.12597307177014977
619,867,1486,0.1260480185183469
621,880,1501,0.12611036616809215
613,881,1494,0.12616364534672625
617,881,1498,0.12623257702836826
613,878,1491,0.12628610011810287
613,889,1502,0.126346176804085
607,877,1484,0.12640223978975507
616,876,1492,0.1264704134089157
620,895,1515,0.1265109013482836
608,902,1510,0.12653933581540655
602,902,1504,0.12659713919263624
600,907,1507,0.1266679850459533
596,906,1502,0.12673781069572299
605,895,1500,0.1268123961728454
598,910,1508,0.12685892168887514
601,909,1510,0.12692045651522502
597,908,1505,0.12696960677809377
597,900,1497,0.1270256777397185
594,895,1489,0.12707805444772646
588,903,1491,0.12713479489347243
589,905,1494,0.12720327814254598
595,898,1493,0.12726443745961594
591,911,1502,0.12730688662491918
591,919,1510,0.12735646723530947
589,914,1503,0.12740309904715194
589,918,1507,0.1274511342589018
576,930,1506,0.12749652690141502
583,930,1513,0.12757320135392758
576,930,1506,0.12762554250330596
584,927,1511,0.12769337870322203
575,944,1519,0.1277370650110314
570,942,1512,0.12780104035443704
572,939,1511,0.12787321410765795
577,935,1512,0.12793380370074647
566,929,1495,0.12797628451468157
564,929,1493,0.1280437599616463
579,937,1516,0.12811124027136245
578,931,1509,0.12813614553483166
579,932,1511,0.12816229897647408
579,939,1518,0.12818362193983357
578,943,1521,0.12820396341536333
575,941,1516,0.12822596064148023
589,929,1518,0.12825459126672661
585,929,1514,0.12824446145517324
584,935,1519,0.12824532842867764
574,929,1503,0.1282497993035735
563,945,1508,0.12828092428135304
565,946,1511,0.12833746340737723
558,944,1502,0.12838493095392928
561,937,1498,0.1284463360498738
562,940,1502,0.12849493427447872
563,941,1504,0.12853734471991363
561,938,1499,0.12857494042415699
562,936,1498,0.12861450122394535
567,935,1502,0.12865021327591486
559,947,1506,0.12867103068367108
560,945,1505,0.12871089871367702
556,948,1504,0.12874563951072768
559,952,1511,0.12878708638638095
559,945,1504,0.12881849869871276
570,953,1523,0.12884786237096613
574,945,1519,0.12884603064127162
566,943,1509,0.12883295689379473
556,939,1495,0.12884255710799764
557,936,1493,0.12887802879025864
557,942,1499,0.1289077038534082
542,936,1478,0.1289351651959927
535,943,1478,0.12900014611003044
539,945,1484,0.12907900883177315
537,954,1491,0.1291410122007089
537,951,1488,0.1292051057383718
544,951,1495,0.12926453449931954
539,962,1501,0.12930138716447234
539,966,1505,0.12934989139911138
545,968,1513,0.1293955065840975
542,963,1505,0.12942218042760156
537,961,1498,0.12945594043278064
536,971,1507,0.1295009905144682
536,970,1506,0.12954610206150832
539,968,1507,0.1295882503677697
542,965,1507,0.12961958820153435
542,961,1503,0.1296406289820595
543,956,1499,0.12965950775094823
554,959,1513,0.1296748010999381
550,964,1514,0.129660041369233
540,965,1505,0.129656539832862
528,977,1505,0.1296804934992637
526,980,1506,0.12973592014916105
525,981,1506,0.12979238810717333
527,985,1512,0.1298467785897087
527,985,1512,0.1298929478353141
524,977,1501,0.12993579167198516
522,977,1499,0.12998246647013978
523,991,1514,0.1300315070610318
518,989,1507,0.13007494130364333
516,992,1508,0.13012844741462626
529,978,1507,0.1301845618163835
530,971,1501,0.13020254451244007
521,979,1500,0.13021699398170422
518,978,1496,0.13025454045121468
519,979,1498,0.13029727474920422
515,996,1511,0.1303356431618285
512,994,1506,0.13038315964466618
517,993,1510,0.13043529728095662
519,990,1509,0.13047004545726376
517,990,1507,0.13049703192526682
518,997,1515,0.13052808784151618
513,1001,1514,0.13055375923514628
505,1011,1516,0.13059096978644646
505,1001,1506,0.13064642036785482
502,1009,1511,0.13069933953515164
500,1011,1511,0.1307580228720471
507,1002,1509,0.13081757085091256
501,1008,1509,0.13085412558720053
494,1002,1496,0.13090443817138253
495,1009,1504,0.13097000136419287
500,1011,1511,0.13102933808979672
502,1015,1517,0.1310703718374683
502,1007,1509,0.13110294145550075
499,1008,1507,0.13113322709075434
495,1011,1506,0.1311687959114407
493,1005,1498,0.13121079494231047
494,1014,1508,0.13125408298051802
500,1008,1508,0.13129128258306794
498,1009,1507,0.13131040653414858
497,1011,1508,0.1313327058690457
502,1020,1522,0.13135581441240135
503,1017,1520,0.1313645549261743
498,1024,1522,0.13136966403237924
510,1014,1524,0.1313871320026578
507,1015,1522,0.13137085077099986
512,1019,1531,0.1313641719882823
502,1012,1514,0.13134524867086403
502,1011,1513,0.13135373629241903
502,1012,1514,0.13136177554531586
504,1021,1525,0.1313701294845886
508,1024,1532,0.13137193719290816
506,1013,1519,0.13136272231137142
505,1019,1524,0.13135979839061016
505,1011,1516,0.13136081100834987
495,1018,1513,0.1313614348367795
495,1012,1507,0.13138907274712217
498,1013,1511,0.13141532303807785
495,1013,1508,0.1314315584280927
486,1007,1493,0.1314555498425606
494,1014,1508,0.13150153536240552
495,1024,1519,0.13152340019675218
496,1030,1526,0.13154114805854186
485,1015,1500,0.1315545503227461
494,1015,1509,0.13159633931296313
493,1019,1512,0.13161116384941696
496,1024,1520,0.13162803388289088
500,1023,1523,0.13163576422035173
501,1012,1513,0.1316329763318241
504,1008,1512,0.13162779226607957
501,1013,1514,0.1316147117206449
502,1012,1514,0.13161074031784212
500,1013,1513,0.13160416406312206
501,1004,1505,0.13160405183586643
497,1011,1508,0.13160036173179557
493,1017,1510,0.13160751186877767
500,1011,1511,0.13162595787751694
499,1015,1514,0.1316245650214571
501,1017,1518,0.13162514057548214
503,1029,1532,0.13162060585334406
501,1023,1524,0.13161106830242794
513,1010,1523,0.13160847124985905
506,1007,1513,0.13157385433903943
506,1007,1513,0.13156022049073277
501,1001,1502,0.13154860516334452
506,1015,1521,0.13155018944938285
503,1018,1521,0.1315379516160341
497,1019,1516,0.13153518317368768
488,1031,1519,0.131548656394205
482,1028,1510,0.1315851507339305
484,1015,1499,0.1316339188866224
481,1022,1503,0.13167314966992705
481,1027,1508,0.13171858387607027
480,1026,1506,0.131761254312741
484,1030,1514,0.1318037988467995
486,1033,1519,0.13183191670963995
484,1038,1522,0.1318537944407571
479,1051,1530,0.13187974336245623
478,1045,1523,0.13191800713293841
468,1051,1519,0.1319565673920475
466,1045,1511,0.13201826094057315
459,1040,1499,0.13208092688874817
456,1051,1507,0.1321577628467303
446,1059,1505,0.13223670458803125
442,1063,1505,0.13233742466908804
444,1051,1495,0.13244230723778955
444,1050,1494,0.13253364815187654
446,1054,1500,0.1326174495503681
442,1055,1497,0.1326905905016832
447,1066,1513,0.13276948736244962
437,1075,1512,0.13282871525678425
444,1070,1514,0.1329117257264643
440,1056,1496,0.1329701678102622
449,1067,1516,0.13303566262240493
447,1076,1523,0.13307266068842416
435,1080,1515,0.1331131043713966
429,1079,1508,0.1331822747909357
424,1069,1493,0.13326194677457845
426,1061,1487,0.13335010650141738
427,1070,1497,0.13342763223050955
430,1074,1504,0.13349711864541672
431,1075,1506,0.1335541557593991
436,1066,1502,0.1336047998030076
445,1071,1516,0.13363801790924887
446,1076,1522,0.13364438116333244
440,1077,1517,0.13364712831982511
436,1070,1506,0.13366595661051975
437,1079,1516,0.13369424627387225
439,1075,1514,0.1337175944822763
436,1071,1507,0.13373374746366803
440,1072,1512,0.13375671458124117
432,1071,1503,0.1337670042473236
424,1080,1504,0.13379749153045822
426,1078,1504,0.13384808244491336
427,1080,1507,0.1338889642486171
431,1087,1518,0.1339246403553408
432,1079,1511,0.13394677975402566
434,1083,1517,0.13396457252382835
434,1084,1518,0.13397598512903033
439,1079,1518,0.1339860540754827
437,1080,1517,0.1339821012974732
438,1070,1508,0.133984637556766
429,1070,1499,0.1339849643451692
432,1083,1515,0.13400930284360033
431,1086,1517,0.13402377945951416
426,1080,1506,0.13403904294900318
423,1090,1513,0.13406659146903954
418,1088,1506,0.13409978348522422
419,1096,1515,0.134144612594694
417,1097,1514,0.1341831922835782
415,1093,1508,0.13422535799924415
419,1091,1510,0.13426900603094552
418,1083,1501,0.13429884752794755
423,1084,1507,0.13432990320372878
419,1088,1507,0.13434434723252195
426,1083,1509,0.13436826595555554
425,1099,1524,0.1343723385129176
425,1090,1515,0.13437817184821885
421,1099,1520,0.1343835337241892
415,1089,1504,0.1343986487684905
409,1082,1491,0.1344285890106001
405,1085,1490,0.1344719100109609
408,1083,1491,0.13452256924136283
404,1094,1498,0.1345619881690535
411,1104,1515,0.13460962189530812
411,1108,1519,0.13463455610271247
411,1106,1517,0.1346580613180698
413,1109,1522,0.1346803994813239
414,1114,1528,0.1346960794495463
398,1117,1515,0.13470808334147646
395,1114,1509,0.134763836899707
396,1108,1504,0.13482383723880872
399,1111,1510,0.1348775646082237
402,1116,1518,0.13491901090666011
392,1112,1504,0.13494903985951232
385,1111,1496,0.13500499166834293
382,1120,1502,0.13507667136512067
383,1121,1504,0.13515173864294694
384,1120,1504,0.13521922140315656
378,1117,1495,0.13527993470511218
375,1131,1506,0.13535310327809352
376,1133,1509,0.1354305717974353
376,1129,1505,0.13550035882736866
379,1109,1488,0.13556541608199857
370,1126,1496,0.13561721997481485
368,1121,1489,0.1356898790584317
374,1138,1512,0.1357621064939761
378,1136,1514,0.13581277898593305
374,1138,1512,0.1358502174083075
371,1144,1515,0.13589673749902778
371,1146,1517,0.13594814070839248
361,1158,1519,0.1359960567703
355,1157,1512,0.13606936078026483
359,1162,1521,0.1361545133869025
356,1160,1516,0.13622362121596285
357,1162,1519,0.13629646725617284
353,1157,1510,0.13636131784983557
355,1158,1513,0.13643353855583928
357,1160,1517,0.13649548416834972
352,1157,1509,0.1365478922962974
352,1156,1508,0.136610657046693
356,1153,1509,0.13666829303891997
351,1151,1502,0.13671071765235995
343,1169,1512,0.13676419841392626
344,1156,1500,0.13683634153043217
346,1147,1493,0.1369007121978973
347,1154,1501,0.1369549705904115
351,1158,1509,0.1370033333594419
349,1167,1516,0.13703669266339982
344,1181,1525,0.13707307149108516
336,1180,1516,0.13712220273988762
330,1176,1506,0.13719082036230656
330,1179,1509,0.13727092139318842
328,1175,1503,0.1373458399076403
324,1178,1502,0.13742149330078132
320,1182,1502,0.13750367902254867
319,1198,1517,0.137591880204403
315,1199,1514,0.13767666223233246
318,1200,1518,0.1377660727243264
317,1198,1515,0.13784164378997496
314,1198,1512,0.13791492406551403
307,1207,1514,0.13799197903611143
306,1208,1514,0.13808396097065959
308,1206,1514,0.1381735343802845
303,1218,1521,0.13825130759871068
312,1206,1518,0.13833796511452254
318,1201,1519,0.1383938617398952
319,1202,1521,0.1384294735342597
320,1203,1523,0.13846078864684613
318,1193,1511,0.13848662237941808
317,1193,1510,0.13851552703375936
318,1182,1500,0.13854561085568315
318,1188,1506,0.13857148070960779
312,1194,1506,0.1385952882757937
312,1197,1509,0.1386346558888808
310,1200,1510,0.13867144361902337
305,1200,1505,0.13871153653386462
303,1211,1514,0.1387629880264712
298,1211,1509,0.13881702077124924
298,1214,1512,0.13888169183258006
299,1204,1503,0.13894187428149235
301,1206,1507,0.1389946481836071
299,1200,1499,0.13903898065836742
300,1205,1505,0.1390869474780623
299,1209,1508,0.13912946832693304
300,1210,1510,0.13917226425542215
297,1218,1515,0.13920968827363178
294,1221,1515,0.13925306994933512
295,1221,1516,0.13930191460567407
298,1216,1514,0.1393447330233623
300,1216,1516,0.13937632246936274
297,1214,1511,0.13940010274140335
292,1220,1512,0.13943034300917104
293,1225,1518,0.13947353800694848
286,1223,1509,0.13951110955951374
284,1219,1503,0.13956640357331715
288,1224,1512,0.13962417339716537
294,1217,1511,0.13966628626983044
284,1222,1506,0.13968894190816797
281,1230,1511,0.1397380791489908
274,1238,1512,0.1397923335639859
276,1249,1525,0.13986233339866344
273,1252,1525,0.13992325858037258
276,1251,1527,0.13998889801918735
272,1243,1515,0.14004166503756144
266,1262,1528,0.14010273211572033
264,1258,1522,0.1401773613604969
260,1259,1519,0.1402534205941274
255,1258,1513,0.1403364915257013
253,1257,1510,0.14042827047054796
256,1257,1513,0.14051989660677897
258,1251,1509,0.14059710262261105
253,1263,1516,0.14066262286458306
249,1271,1520,0.14073898046972874
254,1262,1516,0.14082172522256534
254,1259,1513,0.14088514660781212
252,1262,1514,0.14094507083472357
250,1266,1516,0.14100648111521555
251,1255,1506,0.14106875693092719
250,1263,1513,0.14112357161462083
242,1260,1502,0.14117674450372164
247,1260,1507,0.1412479007013677
248,1266,1514,0.14130033394217156
252,1257,1509,0.14134647488140828
250,1245,1495,0.14137875936790795
245,1252,1497,0.1414153259082286
248,1266,1514,0.14146367047309297
250,1270,1520,0.14150001258528885
253,1280,1533,0.1415283995890278
252,1266,1518,0.14154670275484624
249,1263,1512,0.14156747510418868
257,1263,1520,0.1415955829264381
260,1264,1524,0.1415988107708153
258,1264,1522,0.14159278905772224
257,1259,1516,0.14159386125302015
255,1254,1509,0.14159724392041625
254,1253,1507,0.14160616743348886
256,1263,1519,0.14161734145011626
253,1261,1514,0.14162202322514097
245,1265,1510,0.14163490794966482
251,1250,1501,0.1416696187221126
253,1264,1517,0.1416852004463774
252,1249,1501,0.14169342398947787
258,1260,1518,0.14170333195157783
257,1270,1527,0.1416959226382337
255,1269,1524,0.1416925193116989
250,1255,1505,0.14169503582636186
250,1260,1510,0.14171144526404
258,1265,1523,0.14172655751188315
254,1265,1519,0.14171725978320762
249,1249,1498,0.1417204889688239
247,1242,1489,0.14173794000395418
248,1251,1499,0.14175990415973191
242,1271,1513,0.14177787553946036
243,1274,1517,0.14181192712465734
247,1282,1529,0.1418408970732623
239,1271,1510,0.1418562621322379
237,1277,1514,0.14189385808781618
226,1277,1503,0.14193406785694818
224,1280,1504,0.14200316830163193
230,1277,1507,0.14207356760453574
228,1285,1513,0.1421221930231898
220,1297,1517,0.1421731621080838
222,1286,1508,0.14224422251240573
223,1290,1513,0.1423048354148802
225,1292,1517,0.14235792411678289
225,1291,1516,0.14240241110218058
223,1276,1499,0.14244423305132067
225,1292,1517,0.1424895172469203
223,1300,1523,0.14252633310775284
222,1288,1510,0.14256657423894617
225,1277,1502,0.1426070203294312
225,1267,1492,0.14263594697093498
227,1294,1521,0.14266316908929885
226,1283,1509,0.14268370621729956
226,1274,1500,0.1427058363925136
229,1279,1508,0.14272711855339215
224,1275,1499,0.142738071147377
224,1275,1499,0.14276247215200805
227,1279,1506,0.1427855920987155
225,1280,1505,0.14279959174443163
225,1282,1507,0.1428193863904114
230,1283,1513,0.14283697126532924
232,1291,1523,0.1428389443282497
230,1283,1513,0.14283479406814778
233,1292,1525,0.14283693883593504
227,1286,1513,0.1428299520508575
227,1280,1507,0.14284119299817666
232,1274,1506,0.1428518747961807
227,1290,1517,0.1428471286744143
229,1291,1520,0.14285688507402888
228,1291,1519,0.14286044672907755
230,1286,1516,0.14286685418504708
227,1286,1513,0.14286737000984487
231,1295,1526,0.14287637433136743
229,1286,1515,0.1428728905156925
233,1279,1512,0.14287564432771377
238,1281,1519,0.1428672574932137
234,1279,1513,0.14284493731831946
227,1284,1511,0.14283536029183566
225,1288,1513,0.1428465919749118
224,1280,1504,0.14286295985617709
220,1287,1507,0.14288096342382864
223,1293,1516,0.1429096879173919
226,1288,1514,0.14292751550074256
230,1272,1502,0.14293551822893588
229,1274,1503,0.14293130572815363
226,1286,1512,0.1429295737438882
229,1286,1515,0.14293624921792578
228,1283,1511,0.14293297511947217
230,1286,1516,0.14293305616188084
236,1274,1510,0.1429276128165669
233,1282,1515,0.1429047116048195
236,1279,1515,0.1428913456744013
237,1293,1530,0.14287002040192656
235,1295,1530,0.14284702176140068
233,1297,1530,0.14283165036338388
228,1291,1519,0.14282252105745527
230,1281,1511,0.1428289484721249
231,1284,1515,0.14282919880286127
230,1284,1514,0.1428259629468488
231,1283,1514,0.1428259135748292
233,1288,1521,0.14282263559444044
233,1294,1527,0.14281390549057268
227,1285,1512,0.14280471525925822
230,1299,1529,0.14281419049799726
228,1294,1522,0.1428140373221595
227,1288,1515,0.14281982936982363
229,1290,1519,0.14282757578368424
228,1290,1518,0.1428288373634272
229,1284,1513,0.1428334109174399
229,1273,1502,0.14283530621494323
230,1288,1518,0.14283724167878742
227,1303,1530,0.1428366169850136
226,1301,1527,0.14284507425851387
224,1300,1524,0.1428556809072673
227,1291,1518,0.1428716249981481
225,1292,1517,0.14287868884593424
224,1278,1502,0.14289104949490164
228,1270,1498,0.14290521348878035
225,1290,1515,0.14290653934715197
221,1289,1510,0.14291622968839035
218,1277,1495,0.14293692260263183
216,1281,1497,0.14296514387657575
216,1280,1496,0.1429984325847326
216,1288,1504,0.14302958143209532
212,1289,1501,0.1430581859957182
213,1309,1522,0.14309611551883822
206,1302,1508,0.14312883836831314
202,1309,1511,0.14317982029265716
204,1318,1522,0.14323969818169696
199,1327,1526,0.14328948392038895
200,1324,1524,0.14335136314107955
202,1324,1526,0.1434064356338464
204,1316,1520,0.14345224106266152
201,1323,1524,0.1434891327600515
199,1330,1529,0.14353230791976856
197,1331,1528,0.14357877120787227
193,1338,1531,0.14362905379828042
191,1331,1522,0.14368745131283842
195,1328,1523,0.1437479064262673
196,1319,1515,0.14379293590184822
193,1321,1514,0.14383218653226248
191,1317,1508,0.14387794119509004
199,1314,1513,0.14392700917648213
197,1320,1517,0.1439496273075337
203,1306,1509,0.14397648306783925
195,1316,1511,0.14398417728539856
196,1327,1523,0.14401451342637495
201,1339,1540,0.14404035590762032
200,1327,1527,0.1440498108411186
198,1323,1521,0.1440619087559442
198,1318,1516,0.14407929278947462
199,1323,1522,0.1440953578127088
196,1308,1504,0.14410718620564875
194,1326,1520,0.14412748159118804
190,1327,1517,0.1441522842920298
190,1316,1506,0.14418758958095956
185,1323,1508,0.14422069200399587
181,1333,1514,0.14426627197164063
179,1340,1519,0.14432046362948558
179,1343,1522,0.14437694567518883
178,1342,1520,0.14443019592471934
181,1346,1527,0.14448306938665462
180,1343,1523,0.14452353232290435
177,1341,1518,0.14456390796114632
176,1344,1520,0.14460982579792767
171,1360,1531,0.144655955321558
170,1353,1523,0.1447142564598413
170,1344,1514,0.14477153594378245
172,1341,1513,0.1448253123918845
175,1336,1511,0.14487013014536892
175,1341,1516,0.14490358939907297
167,1353,1520,0.14493476259123078
167,1355,1522,0.14498677700142715
162,1359,1521,0.14503491801324425
167,1354,1521,0.14509503406799862
164,1342,1506,0.14513666177700124
161,1345,1506,0.14518521975574944
161,1343,1504,0.1452400074272565
160,1349,1509,0.14529125083540795
159,1357,1516,0.14534238356151566
158,1356,1514,0.14539321635933586
155,1360,1515,0.14544340802505265
154,1352,1506,0.14549931898920213
153,1373,1526,0.14555454341465177
152,1370,1522,0.14560950649356436
149,1366,1515,0.145664205857384
151,1380,1531,0.1457248237641064
151,1363,1514,0.14577553681793817
149,1361,1510,0.145823167899567
150,1364,1514,0.14587345542813787
148,1350,1498,0.14591748812462624
147,1356,1503,0.14596508072441705
145,1359,1504,0.14601281858671478
143,1370,1513,0.14606340932289696
144,1378,1522,0.1461169507828965
144,1365,1509,0.14616405388103398
143,1368,1511,0.14620847802547066
145,1371,1516,0.14625334726817912
143,1375,1518,0.14628919209696412
140,1367,1507,0.146328899890195
140,1374,1514,0.14637475417405774
138,1372,1510,0.1464176874129336
137,1382,1519,0.1464638967709675
138,1397,1535,0.14651006146184214
135,1390,1525,0.14654986447438326
136,1387,1523,0.14659628439186764
132,1381,1513,0.14663708735018546
132,1381,1513,0.1466875599480016
127,1403,1530,0.1467347321028446
125,1418,1543,0.14679400349824973
125,1397,1522,0.1468551533589473
119,1394,1513,0.1469129055805261
122,1387,1509,0.14698579494231673
124,1394,1518,0.14704393934001117
123,1388,1511,0.14709287968112317
124,1375,1499,0.1471416900468755
126,1392,1518,0.1471846579660731
125,1386,1511,0.147218786245533
123,1395,1518,0.1472534980351842
126,1398,1524,0.14729243173927764
123,1387,1510,0.14731952944441898
129,1382,1511,0.14735402279339632
126,1387,1513,0.1473682981742792
120,1396,1516,0.1473912582524471
114,1402,1516,0.14743119391161355
112,1399,1511,0.1474865876103711
110,1406,1516,0.14754469770061956
114,1402,1516,0.1476051872916409
111,1405,1516,0.1476501172547179
116,1404,1520,0.1477008514056157
115,1402,1517,0.14773302202898206
110,1393,1503,0.1477670765693952
109,1392,1501,0.14781400888870905
111,1391,1502,0.14786093413565862
108,1404,1512,0.1478985538844185
111,1391,1502,0.14794274248598435
110,1409,1519,0.1479746262019662
107,1411,1518,0.14800735000457912
109,1405,1514,0.14804697303284095
110,1417,1527,0.14807774587449882
108,1416,1524,0.14810380544959845
106,1414,1520,0.14813418373342893
110,1396,1506,0.14816886326834264
109,1397,1506,0.14818919101421735
109,1401,1510,0.14821140906284921
111,1395,1506,0.14823241942789014
110,1399,1509,0.14824586663667777
110,1403,1513,0.14826156265901563
109,1408,1517,0.14827617696299264
108,1402,1510,0.14829270772447084
107,1400,1507,0.1483108846334587
107,1399,1506,0.1483309529798236
108,1397,1505,0.14835024065521016
108,1403,1511,0.14836584522007917
109,1401,1510,0.14838044292026895
105,1404,1509,0.1483908102781104
105,1411,1516,0.14841321808122807
105,1404,1509,0.14843411176341764
103,1411,1514,0.14845443329560623
106,1402,1508,0.1484796483605492
104,1411,1515,0.14849453434772042
103,1412,1515,0.14851447376053464
108,1407,1515,0.1485364495729617
112,1396,1508,0.14854166629830526
110,1391,1501,0.14853480008488593
110,1391,1501,0.14853453009729686
110,1407,1517,0.14853480155322568
108,1411,1519,0.14853526907572007
109,1420,1529,0.1485417234513269
107,1410,1517,0.14854454653516222
104,1399,1503,0.14855323011175667
105,1404,1509,0.14857063483969873
106,1411,1517,0.14858415501745417
105,1407,1512,0.1485933967220268
108,1400,1508,0.14860570775826662
107,1398,1505,0.14860812718664643
109,1422,1531,0.14861355348930236
108,1406,1514,0.1486118917405488
106,1412,1518,0.14861372936843445
104,1411,1515,0.14862145095200255
103,1405,1508,0.14863464810242177
102,1406,1508,0.1486500171042913
104,1420,1524,0.14866778996964503
106,1415,1521,0.1486784460521408
106,1418,1524,0.14868227484007032
108,1411,1519,0.14868591166257705
107,1412,1519,0.14868319707700686
107,1420,1527,0.14868410507020755
103,1424,1527,0.148684678689938
101,1402,1503,0.14869742008766257
103,1393,1496,0.14871544954051755
102,1403,1505,0.1487255817553621
105,1408,1513,0.1487381775085243
103,1399,1502,0.1487409929141907
106,1413,1519,0.14874919391928737
106,1412,1518,0.14874763023746485
105,1415,1520,0.14874612688487954
104,1407,1511,0.14874748030646942
105,1407,1512,0.1487515610171794
103,1417,1520,0.1487520059278197
103,1428,1531,0.1487589106271801
104,1417,1521,0.14876566747141298
106,1414,1520,0.14876874027988277
107,1412,1519,0.1487660573524396
106,1422,1528,0.14876052634670425
108,1418,1526,0.14875891870037233
107,1401,1508,0.14875092603171275
111,1403,1514,0.1487459796245325
108,1405,1513,0.14872926533817477
109,1402,1511,0.14872307170432902
109,1404,1513,0.14871386656000954
111,1408,1519,0.14870539399492094
108,1399,1507,0.14869064654527833
107,1407,1514,0.1486863607069133
107,1402,1509,0.14868552017662165
104,1398,1502,0.14868497241910245
101,1404,1505,0.14869335718934668
103,1403,1506,0.14871022357617206
104,1399,1503,0.14872008267578873
103,1399,1502,0.14872646392116048
101,1407,1508,0.14873547122812142
103,1399,1502,0.14874983743316433
103,1394,1497,0.148757147942155
105,1398,1503,0.14876390058321548
105,1393,1498,0.1487641780860242
103,1405,1508,0.1487642289230263
103,1411,1514,0.14877002028429354
101,1418,1519,0.1487756930861737
98,1412,1510,0.14878693999667467
101,1424,1525,0.14880675930147175
101,1420,1521,0.14881565805193622
98,1423,1521,0.1488238541060314
97,1423,1520,0.1488405304158617
98,1417,1515,0.14885913074518053
97,1422,1519,0.14887390253449806
95,1426,1521,0.14889013709478402
94,1421,1515,0.1489117059398607
92,1424,1516,0.1489350599892142
91,1418,1509,0.14896335106906
89,1415,1504,0.1489928828041455
88,1411,1499,0.14902688683445098
89,1427,1516,0.1490617407962895
88,1427,1515,0.14909168268090423
83,1422,1505,0.14912284516385724
83,1434,1517,0.14916757496509933
83,1433,1516,0.14920927270831885
84,1427,1511,0.14924884861550292
84,1432,1516,0.14928315610669393
84,1435,1519,0.14931533566360305
78,1434,1512,0.14934553727141808
77,1441,1518,0.14939197809514618
77,1443,1520,0.14943903590443405
72,1446,1518,0.14948314800084403
70,1442,1512,0.14954007621200904
70,1436,1506,0.1495994215162822
69,1440,1509,0.14965480600974204
69,1439,1508,0.149710000197249
69,1442,1511,0.1497616564754114
68,1449,1517,0.14981016357526233
69,1441,1510,0.14985905085467524
71,1449,1520,0.14990179877972948
72,1450,1522,0.14993596293993236
71,1446,1517,0.1499652338541032
70,1453,1523,0.14999561010378654
69,1458,1527,0.150027491127814
69,1463,1532,0.15006054264850907
68,1469,1537,0.1500915560884366
66,1471,1537,0.1501236016715307
64,1471,1535,0.1501596220493881
65,1460,1525,0.1501995079882477
66,1456,1522,0.15023384834352566
66,1461,1527,0.1502630102084191
66,1453,1519,0.150290103660215
63,1456,1519,0.15031579001486173
63,1445,1508,0.15034912291923283
58,1448,1506,0.15038062847512343
57,1451,1508,0.15042567212323119
59,1458,1517,0.15047086714452007
61,1460,1521,0.15050716042255355
62,1452,1514,0.15053498931575077
62,1460,1522,0.1505581632545645
63,1461,1524,0.15058000806391317
64,1463,1527,0.1505977022457249
64,1465,1529,0.15061121835977528
62,1459,1521,0.15062401988399154
62,1451,1513,0.15064210516103949
60,1451,1511,0.15065948098956616
59,1450,1509,0.1506818218859696
60,1436,1496,0.15070584679403726
61,1444,1505,0.15072545049828495
60,1443,1503,0.15074043052560554
61,1444,1505,0.1507578531730238
61,1456,1517,0.1507710715540411
62,1455,1517,0.15078373054841662
61,1466,1527,0.15079252532846632
60,1464,1524,0.1508039259980574
62,1461,1523,0.1508177960773927
60,1458,1518,0.15082469885783317
60,1456,1516,0.1508377054007461
59,1459,1518,0.1508498588919834
57,1459,1516,0.1508643415939763
56,1466,1522,0.15088403895503538
55,1472,1527,0.15090522166923484
58,1471,1529,0.15092816302163337
55,1478,1533,0.15094011814922376
54,1476,1530,0.15096073702186238
54,1465,1519,0.15098277210642608
52,1453,1505,0.15100334763298717
50,1455,1505,0.15102864439927674
46,1461,1507,0.1510585736975678
45,1459,1504,0.1510989337916616
45,1474,1519,0.15113978949245724
45,1460,1505,0.15117792190075277
43,1481,1524,0.15121363462058343
44,1485,1529,0.15125309709484935
43,1480,1523,0.1512872024008335
43,1479,1522,0.15132236946853206
44,1459,1503,0.15135549558813954
42,1457,1499,0.15138353294994292
44,1456,1500,0.151416054970524
43,1470,1513,0.1514404627817836
44,1479,1523,0.1514665130650224
43,1482,1525,0.15148773400887314
41,1474,1515,0.1515109927248578
39,1474,1513,0.15153897828144866
38,1464,1502,0.15157119890309367
39,1472,1511,0.15160456197200978
41,1472,1513,0.15163269690298772
40,1479,1519,0.1516527019176546
40,1471,1511,0.15167467622780492
40,1491,1531,0.15169530533623718
41,1490,1531,0.15171468556445702
40,1485,1525,0.15172982181654804
39,1477,1516,0.15174722227759727
42,1473,1515,0.15176666338739062
42,1473,1515,0.15177578214255616
41,1480,1521,0.15178405813502496
41,1477,1518,0.15179516654707886
41,1474,1515,0.1518055905595419
41,1473,1514,0.15181537134818626
41,1471,1512,0.15182449470911596
41,1471,1512,0.15183306539033237
41,1467,1508,0.15184110510441173
41,1482,1523,0.1518486475587998
40,1477,1517,0.15185572511473952
41,1471,1512,0.15186550294599951
41,1466,1507,0.1518714304632013
42,1465,1507,0.15187703602064112
41,1476,1517,0.15187918700283268
39,1483,1522,0.15188443802868087
38,1488,1526,0.1518957738090119
39,1487,1526,0.15190944338920212
39,1489,1528,0.15191897610319413
40,1479,1519,0.15192801746302195
40,1478,1518,0.15193338286300012
40,1471,1511,0.15193852118390233
40,1473,1513,0.1519434166425123
40,1461,1501,0.1519480998766287
39,1470,1509,0.1519527292783505
38,1473,1511,0.1519602881963188
37,1469,1506,0.15197057242076142
38,1474,1512,0.15198338185635668
37,1478,1515,0.1519921885806323
37,1477,1514,0.15200368888914087
37,1474,1511,0.1520144982179697
40,1485,1525,0.1520246671655828
40,1474,1514,0.15202480049760375
42,1479,1521,0.1520248258384293
44,1463,1507,0.1520187938643399
44,1456,1500,0.15200698687916517
42,1465,1507,0.15199604151708632
42,1464,1506,0.15199234430745967
42,1473,1515,0.15198884957353523
42,1478,1520,0.15198559390661737
42,1477,1519,0.15198262849205796
41,1469,1510,0.1519798426418805
39,1468,1507,0.15197989087161806
38,1465,1503,0.15198631782962002
40,1456,1496,0.15199534509866644
41,1441,1482,0.15199757735491956
41,1446,1487,0.15199671297468967
41,1449,1490,0.15199608176652363
42,1447,1489,0.1519954549257758
40,1468,1508,0.15199149481523938
39,1470,1509,0.15199383676802236
39,1471,1510,0.15199920867966468
37,1483,1520,0.152004219590154
37,1476,1513,0.15201530095734508
36,1486,1522,0.15202565747485028
36,1483,1519,0.15203838033135353
36,1471,1507,0.15205052292324783
36,1473,1509,0.15206170130162353
36,1472,1508,0.1520722131628186
36,1481,1517,0.15208203279589785
37,1481,1518,0.15209127591841348
38,1470,1508,0.15209699452772568
37,1479,1516,0.1520992298895059
36,1474,1510,0.15210429266399206
36,1478,1514,0.15211243932407215
35,1467,1502,0.1521199921085614
33,1474,1507,0.1521301775678631
33,1482,1515,0.15214584497830072
34,1490,1524,0.152160437625035
34,1494,1528,0.1521708645803522
33,1479,1512,0.15218073238041552
32,1480,1512,0.15219303859256686
31,1480,1511,0.15220786394669417
32,1484,1516,0.15222489436929026
32,1473,1505,0.15223777927626805
34,1479,1513,0.15224980911653613
34,1481,1515,0.15225472225202494
33,1479,1512,0.15225939389652102
32,1466,1498,0.15226707554478092
35,1456,1491,0.15227749218371772
37,1473,1510,0.152277670390357
35,1480,1515,0.15227171285053973
34,1486,1520,0.15227253967293689
34,1472,1506,0.15227644806190976
33,1485,1518,0.1522800396747149
34,1474,1508,0.15228650001125557
30,1480,1510,0.15228943180317478
29,1477,1506,0.15230489961183039
28,1469,1497,0.15232227547440683
28,1476,1504,0.15234153430802153
28,1477,1505,0.15235975256016604
29,1493,1522,0.15237687697377925
29,1496,1525,0.15238975778040179
28,1480,1508,0.1524018830013551
29,1474,1503,0.15241643786858386
30,1480,1510,0.15242698705655833
31,1473,1504,0.1524337193902525
30,1482,1512,0.15243695873151544
31,1474,1505,0.15244323405687
31,1489,1520,0.1524459218676522
31,1490,1521,0.15244854553698667
31,1486,1517,0.15245103323571144
33,1492,1525,0.15245337211249332
33,1485,1518,0.15244925093307593
32,1486,1518,0.15244541449014282
33,1491,1524,0.15244496280629852
33,1502,1535,0.15244140207878412
35,1486,1521,0.15243808900207642
34,1483,1517,0.15242873419906178
33,1499,1532,0.15242278555851205
32,1494,1526,0.15242033826122042
33,1489,1522,0.1524211829609471
30,1487,1517,0.15241862027713934
30,1482,1512,0.1524257231516703
30,1493,1523,0.15243254544592763
28,1474,1502,0.15243890564820162
27,1479,1506,0.15245101915458925
26,1478,1504,0.15246545860539779
26,1499,1525,0.15248208631732582
24,1503,1527,0.15249770371941931
26,1497,1523,0.15251891280836863
27,1489,1516,0.1525322944956537
27,1481,1508,0.15254178842158908
27,1480,1507,0.15255075132945778
28,1491,1519,0.15255919979631818
28,1477,1505,0.1525639896325507
27,1468,1495,0.15256852854571995
27,1471,1498,0.1525761120395151
24,1504,1528,0.1525831754981533
24,1506,1530,0.15259936917772723
23,1502,1525,0.15261457364226547
23,1506,1529,0.1526319975581942
22,1484,1506,0.15264830593175172
23,1482,1505,0.15266693070096993
23,1504,1527,0.15268119275469233
23,1492,1515,0.15269459187725937
22,1496,1518,0.1527071624810462
21,1495,1516,0.1527221266450294
22,1500,1522,0.15273933315244037
22,1484,1506,0.15275232050668575
23,1485,1508,0.15276455056943347
22,1484,1506,0.15277290538382604
22,1479,1501,0.1527840050522059
22,1485,1507,0.15279449075215637
22,1490,1512,0.15280437283534512
21,1494,1515,0.15281368355901204
21,1496,1517,0.15282574187798095
21,1492,1513,0.15283710338091766
21,1495,1516,0.15284784083619826
20,1486,1506,0.1528579406594324
21,1487,1508,0.15287059006061154
21,1502,1523,0.15287929650071452
23,1502,1525,0.15288750821416414
21,1495,1516,0.1528888949442109
22,1503,1525,0.15289657796468797
22,1510,1532,0.15290054828314226
21,1500,1521,0.15290422980551213
21,1498,1519,0.1529107638477605
21,1501,1522,0.15291696258088883
19,1500,1519,0.15292280726469842
20,1502,1522,0.15293467526644305
19,1502,1521,0.15294263713674305
19,1496,1515,0.1529532936273609
18,1500,1518,0.15296343376850058
18,1503,1521,0.15297612192000806
18,1501,1519,0.15298798434749952
18,1492,1510,0.15299907460937873
18,1491,1509,0.15300948465761705
19,1485,1504,0.15301928234524703
18,1504,1522,0.15302531587171228
18,1508,1526,0.1530341908608377
18,1502,1520,0.15304255072198839
18,1500,1518,0.15305041456163151
17,1506,1523,0.1530578108248855
16,1511,1527,0.15306793075314926
17,1509,1526,0.153080556291398
16,1506,1522,0.15308918270393387
16,1497,1513,0.15310046402662206
17,1494,1511,0.15311101220480317
17,1502,1519,0.1531176976675327
16,1500,1516,0.15312398174237135
16,1507,1523,0.15313309119791818
17,1507,1524,0.153141645468054
17,1504,1521,0.15314648816436902
17,1499,1516,0.15315105174705895
16,1498,1514,0.1531553469052802
14,1503,1517,0.1531625705559641
14,1511,1525,0.15317571505407604
14,1502,1516,0.15318804634667285
13,1501,1514,0.1531995917763985
15,1509,1524,0.15321370741080376
15,1512,1527,0.15322059975431424
15,1513,1528,0.15322710875898538
15,1520,1535,0.15323324333849192
15,1507,1522,0.15323901734642945
15,1501,1516,0.15324444924106828
14,1504,1518,0.15324955802364604
14,1513,1527,0.1532575533189643
14,1510,1524,0.15326504563902943
15,1515,1530,0.15327207985227215
14,1513,1527,0.15327551162298275
15,1516,1531,0.15328194049593846
14,1509,1523,0.15328477079873137
14,1513,1527,0.15329065874408607
14,1498,1512,0.1532961971959628
13,1511,1524,0.15330140514243512
13,1511,1524,0.15330951421529926
13,1525,1538,0.1533171142140649
13,1522,1535,0.153324244504362
13,1512,1525,0.15333094050343468
14,1501,1515,0.15333723163412297
14,1490,1504,0.15333982981929611
14,1497,1511,0.15334229761388735
11,1497,1508,0.15334463567750692
11,1512,1523,0.15335661016089905
11,1510,1521,0.153367786333413
11,1518,1529,0.15337827120808664
11,1510,1521,0.15338811776277939
9,1516,1525,0.15339736937383497
8,1516,1524,0.1534126006885369
8,1504,1512,0.1534300853898662
7,1517,1524,0.15344648858079907
7,1518,1525,0.1534650914438911
6,1508,1514,0.15348256392292847
6,1503,1509,0.15350219883778296
6,1504,1510,0.15352065261504547
5,1505,1510,0.15353800055581257
5,1503,1508,0.15355753049698267
5,1505,1510,0.15357589120711887
5,1517,1522,0.1535931553130346
5,1526,1531,0.1536093895734322
4,1529,1533,0.1536246561557773
4,1524,1528,0.15364226171700676
4,1523,1527,0.15365877064333305
4,1511,1515,0.1536742829115547
4,1512,1516,0.15368886558285758
4,1516,1520,0.1537025766536547
4,1511,1515,0.15371546916656684
4,1502,1506,0.1537275924471912
4,1506,1510,0.15373899264031796
4,1513,1517,0.15374971302352525
4,1510,1514,0.15375979423301467
4,1520,1524,0.1537692744475973
4,1509,1513,0.15377818954888237
4,1513,1517,0.1537865732656795
4,1518,1522,0.15379445730659042
4,1511,1515,0.15380187148298366
4,1503,1507,0.15380884382369558
4,1511,1515,0.15381540068236085
4,1530,1534,0.15382156683803574
4,1520,1524,0.15382736558963814
4,1520,1524,0.15383281884464128
4,1531,1535,0.15383794720240299
4,1523,1527,0.15384277003247168
4,1512,1516,0.15384730554818138
4,1520,1524,0.1538515708758247
4,1504,1508,0.1538555821196722
4,1507,1511,0.15385935442308898
4,1506,1510,0.15386290202598465
4,1497,1501,0.1538662454229141
4,1506,1510,0.15386937753716315
5,1506,1511,0.1538723180148644
4,1503,1507,0.1538718487025118
4,1518,1522,0.15387466114416382
4,1517,1521,0.1538773063230305
4,1505,1509,0.15387979232397456
4,1501,1505,0.15388212891180375
4,1501,1505,0.1538843256273296
4,1510,1514,0.15388639136460275
5,1512,1517,0.1538883343096818
4,1507,1511,0.15388693608873039
4,1513,1517,0.15388885526789434
4,1507,1511,0.15389065611769479
3,1504,1507,0.15389234830650594
3,1503,1506,0.15389716889223617
3,1490,1493,0.15390169821296315
3,1503,1506,0.15390595681222352
4,1502,1506,0.1539099623199498
3,1494,1497,0.15391044012111849
3,1509,1512,0.15391418006015284
3,1507,1510,0.15391771266716522
3,1504,1507,0.15392104324297814
3,1521,1524,0.15392418092783192
3,1516,1519,0.1539271357953936
3,1512,1515,0.15392991777006237
3,1505,1508,0.15393253640958227
3,1512,1515,0.15393500086769418
3,1511,1514,0.15393731988443615
3,1520,1523,0.15393950178288032
3,1518,1521,0.1539415544706921
3,1512,1515,0.1539434854462151
3,1518,1521,0.15394530180831617
3,1526,1529,0.15394701026903249
3,1527,1530,0.15394861716812322
3,1526,1529,0.15395012848879153
3,1517,1520,0.15395154987401302
3,1519,1522,0.15395288664305717
3,1526,1529,0.1539541438079037
3,1518,1521,0.15395532608934762
3,1513,1516,0.15395643793265051
3,1512,1515,0.15395748352264543
3,1516,1519,0.153958466798238
3,1516,1519,0.15395939146627038
3,1512,1515,0.15396026101473498
3,1519,1522,0.15396107872533674
3,1516,1519,0.1539618476854123
4,1517,1521,0.15396257079922104
4,1519,1523,0.15396000063356957
4,1514,1518,0.1539575904338684
4,1508,1512,0.15395532610217066
3,1510,1513,0.15395319716300246
3,1515,1518,0.15395443875475628
3,1511,1514,0.15395560228616872
4,1526,1530,0.15395669432824413
4,1522,1526,0.15395447045177263
3,1516,1519,0.15395238475781994
3,1515,1518,0.1539536977357458
2,1507,1509,0.15395489135051954
1,1501,1502,0.15395924446440865
1,1482,1483,0.15396658059346394
1,1496,1497,0.1539734761414221
1,1496,1497,0.15397995973551748
1,1519,1520,0.1539860578405533
1,1525,1526,0.15399179434490956
1,1528,1529,0.15399719100479864
1,1537,1538,0.15400226795428637
1,1529,1530,0.15400704401765847
1,1514,1515,0.15401153688345975
1,1510,1511,0.15401576320891341
1,1521,1522,0.1540197386919048
1,1523,1524,0.15402347812791597
1,1523,1524,0.15402699545969667
1,1524,1525,0.15403030382306807
1,1528,1529,0.15403341559028122
1,1537,1538,0.1540363424114799
1,1527,1528,0.15403909525444529
1,1522,1523,0.154041684442656
1,1519,1520,0.1540441196916536
1,1519,1520,0.15404641014370296
1,1520,1521,0.15404856440074932
1,1505,1506,0.15405059055569253
1,1506,1507,0.15405249622201284
1,1516,1517,0.15405428856179623
1,1513,1514,0.1540559743122144
1,1514,1515,0.1540575598105224
1,1503,1504,0.154059051017639
1,1512,1513,0.1540604535403765
1,1504,1505,0.15406177265238807
1,1499,1500,0.1540630133138983
1,1504,1505,0.15406418019028273
1,1496,1497,0.15406527766955833
1,1496,1497,0.15406630987884654
1,1509,1510,0.15406728069986567
1,1501,1502,0.1540681937835093
1,1508,1509,0.15406905256356204
1,1509,1510,0.15406986026960345
1,1505,1506,0.15407061993914722
1,1522,1523,0.15407133442906012
1,1520,1521,0.15407200642630325
1,1523,1524,0.15407263845803543
1,1525,1526,0.15407323290111644
1,1527,1528,0.15407379199104543
1,1525,1526,0.15407431783036796
1,1526,1527,0.1540748123965834
1,1510,1511,0.15407527754958208
1,1520,1521,0.15407571503863998
1,1521,1522,0.15407612650899788
1,1517,1518,0.15407651350804885
1,1516,1517,0.15407687749115775
1,1511,1512,0.1540772198271348
1,1502,1503,0.15407754180338337
1,1516,1517,0.15407784463074176
1,1527,1528,0.15407812944803684
1,1526,1527,0.15407839732636688
1,1511,1512,0.15407864927312964
1,1510,1511,0.15407888623581098
1,1506,1507,0.15407910910554798
1,1517,1518,0.1540793187204801
1,1507,1508,0.1540795158689013
1,1513,1514,0.1540797012922242
1,1517,1518,0.15407987568776849
1,1517,1518,0.1540800397113831
1,1512,1513,0.15408019397991246
1,1510,1511,0.15408033907351645
1,1506,1507,0.1540804755378518
1,1508,1509,0.15408060388612416
1,1514,1515,0.15408072460101802
1,1513,1514,0.15408083813651186
1,1519,1520,0.1540809449195851
1,1522,1523,0.1540810453518243
1,1516,1517,0.15408113981093255
1,1522,1523,0.1540812286521505
1,1512,1513,0.15408131220959198
1,1516,1517,0.15408139079750022
1,1506,1507,0.15408146471143
1,1493,1494,0.1540815342293586
1,1498,1499,0.15408159961273163
1,1510,1511,0.15408166110744584
1,1510,1511,0.15408171894477385
1,1519,1520,0.1540817733422341
1,1520,1521,0.15408182450440855
1,1514,1515,0.1540818726237122
1,1525,1526,0.15408191788111672
1,1530,1531,0.15408196044683067
1,1522,1523,0.15408200048093998
1,1532,1533,0.15408203813400984
1,1521,1522,0.15408207354765083
1,1520,1521,0.15408210685505147
1,1511,1512,0.15408213818147926
1,1498,1499,0.1540821676447515
1,1493,1494,0.15408219535567855
1,1488,1489,0.1540822214184806
1,1495,1496,0.15408224593117936
1,1505,1506,0.15408226898596694
1,1522,1523,0.15408229066955234
1,1513,1514,0.15408231106348777
1,1513,1514,0.15408233024447512
1,1506,1507,0.1540823482846546
1,1512,1513,0.15408236525187585
1,1515,1516,0.15408238120995343
1,1518,1519,0.15408239621890624
1,1517,1518,0.1540824103351839
1,1528,1529,0.15408242361187863
1,1537,1538,0.15408243609892494
1,1527,1528,0.15408244784328765
1,1527,1528,0.1540824588891383
1,1528,1529,0.15408246927802124
1,1512,1513,0.1540824790490103
1,1508,1509,0.15408248823885498
1,1506,1507,0.1540824968821193
1,1511,1512,0.15408250501131182
1,1500,1501,0.15408251265700726
1,1507,1508,0.15408251984796217
1,1502,1503,0.15408252661122268
1,1518,1519,0.15408253297222632
1,1514,1515,0.1540825389548979
1,1529,1530,0.15408254458173912
1,1523,1524,0.15408254987391337
1,1518,1519,0.1540825548513255
1,1523,1524,0.15408255953269634
1,1523,1524,0.15408256393563335
1,1531,1532,0.1540825680766968
1,1521,1522,0.15408257197146205
1,1513,1514,0.15408257563457803
1,1512,1513,0.15408257907982237
1,1497,1498,0.15408258232015346
1,1504,1505,0.1540825853677588
1,1504,1505,0.15408258823410104
1,1515,1516,0.15408259092996118
1,1531,1532,0.15408259346547892
1,1537,1538,0.15408259585019088
1,1523,1524,0.1540825980930666
1,1511,1512,0.1540826002025419
1,1524,1525,0.1540826021865512
1,1533,1534,0.15408260405255672
1,1535,1536,0.1540826058075771
1,1529,1530,0.15408260745821326
1,1528,1529,0.15408260901067372
2,1524,1526,0.15408261047079772
2,1523,1525,0.15407933717363873
2,1527,1529,0.15407628067311435
2,1528,1530,0.15407342021819315
1,1517,1518,0.1540707380344729
1,1518,1519,0.1540714853245628
1,1516,1517,0.1540721738027792
1,1523,1524,0.1540728107466073
1,1509,1510,0.15407340401054007
1,1516,1517,0.15407395866014295
1,1510,1511,0.15407447830745719
1,1509,1510,0.1540749657728981
1,1506,1507,0.1540754234067706
1,1494,1495,0.1540758532529077
1,1499,1500,0.15407625713742584
1,1498,1499,0.1540766367200821
1,1505,1506,0.15407699352592275
1,1508,1509,0.15407732896604032
1,1515,1516,0.15407764435205643
1,1513,1514,0.1540779409068468
1,1520,1521,0.15407821977292113
0,1523,1523,0.1540784820192719
