1375,29,1404,0.13584066924065716
1406,29,1435,0.13299891247130835
1415,30,1445,0.13031943161741488
1428,30,1458,0.12785219529414238
1436,31,1467,0.12556764077406313
1452,32,1484,0.1234646518919781
1439,32,1471,0.12150647128260922
1455,31,1486,0.1197550178531287
1465,31,1496,0.11811895332377521
1457,31,1488,0.11660337327728708
1451,31,1482,0.1152425446748348
1465,32,1497,0.11401719261964434
1454,32,1486,0.11286741931301122
1450,32,1482,0.11184591535730469
1448,32,1480,0.11092471690243241
1448,32,1480,0.11009044886070708
1450,34,1484,0.10933070812592974
1455,32,1487,0.10863390021916335
1457,34,1491,0.10798770335842554
1460,33,1493,0.10739424421964479
1468,33,1501,0.106846871956934
1457,35,1492,0.10632997009876786
1464,35,1499,0.10588373235351434
1479,36,1515,0.10546204316916047
1474,36,1510,0.10504456182505241
1477,36,1513,0.10467546532968773
1464,34,1498,0.10433277676814516
1469,33,1502,0.10404901424487627
1458,32,1490,0.10377992130451244
1462,35,1497,0.10355884903466966
1460,36,1496,0.10334854352893842
1471,36,1507,0.10316123986033404
1471,36,1507,0.10296684792541008
1459,36,1495,0.10278987224719618
1459,38,1497,0.10265477955812155
1459,36,1495,0.10253180175075872
1465,38,1503,0.10241982028099177
1458,40,1498,0.10230438644152962
1455,40,1495,0.10221441280368815
1464,40,1504,0.10213885662196352
1463,42,1505,0.10205078289410889
1466,39,1505,0.10197290158724162
1469,41,1510,0.10189569285191807
1457,42,1499,0.10181883991710489
1458,43,1501,0.10177458366629441
1471,43,1514,0.10173217028950558
1455,43,1498,0.10166583080461923
1461,41,1502,0.10163943128692882
1473,41,1514,0.10160223495766413
1482,39,1521,0.10154275389336188
1475,36,1511,0.10146960484149807
1473,37,1510,0.1014182887048081
1455,38,1493,0.10137547471870295
1451,38,1489,0.1013750106239671
1460,37,1497,0.10138306252329791
1467,36,1503,0.10137080887638096
1463,39,1502,0.1013447677455886
1468,38,1506,0.1013299495758454
1467,36,1503,0.10130534973598511
1475,33,1508,0.10128523776088777
1466,33,1499,0.10124988805322648
1468,32,1500,0.10123702757809788
1460,33,1493,0.10122117362934334
1471,35,1506,0.10122337526641995
1467,36,1503,0.1012026011008717
1460,35,1495,0.10119180609399461
1465,35,1500,0.1011970525364758
1460,34,1494,0.10119115950782845
1456,37,1493,0.10119687100391316
1455,36,1491,0.10121033656632025
1449,38,1487,0.10122452251162535
1444,41,1485,0.1012506769986162
1445,44,1489,0.10128504072507269
1448,43,1491,0.10131411784470437
1455,46,1501,0.10133426446918171
1442,49,1491,0.10133753915468287
1443,49,1492,0.10136814412272735
1453,51,1504,0.10139419538356163
1427,53,1480,0.10139659255797191
1419,57,1476,0.10145451241469498
1430,57,1487,0.10152467799786503
1437,57,1494,0.10156475545780407
1437,57,1494,0.10158663483114762
1441,58,1499,0.10160597410122797
1432,56,1488,0.10161516833547989
1438,56,1494,0.10164286317759987
1431,55,1486,0.10165549031160197
1433,55,1488,0.10168212468249598
1435,53,1488,0.10170203211560022
1449,54,1503,0.10171590013993521
1425,55,1480,0.10169856202156517
1436,53,1489,0.10173365795132966
1447,54,1501,0.10174220698905426
1447,55,1502,0.10172646837956995
1443,55,1498,0.10171246246327353
1432,55,1487,0.101707940128868
1430,54,1484,0.10172729255244942
1425,52,1477,0.10174912003803012
1425,51,1476,0.1017798782013173
1430,54,1484,0.10180717682325495
1429,56,1485,0.10182189250054957
1431,55,1486,0.10183761216374033
1439,53,1492,0.10184797131613532
1437,53,1490,0.10184062848470923
1428,55,1483,0.10183800641857635
1432,53,1485,0.10185487716924077
1436,55,1491,0.10186139664542086
1444,54,1498,0.10185888763163714
1447,56,1503,0.10183944342627164
1450,57,1507,0.1018151885295787
1451,59,1510,0.10178687900359736
1440,60,1500,0.10175895289420409
1422,57,1479,0.10175716768887069
1429,58,1487,0.10179397593021684
1423,56,1479,0.10181189315462805
1429,55,1484,0.10184113505802761
1435,57,1492,0.10185502927835936
1450,56,1506,0.10185509297036553
1455,57,1512,0.10182293460777127
1456,58,1514,0.1017831606739011
1446,59,1505,0.10174463126477847
1428,60,1488,0.10173098552932071
1436,56,1492,0.10175728096197005
1430,57,1487,0.10176405151071805
1438,55,1493,0.10178264279303978
1426,55,1481,0.10178273370108869
1427,58,1485,0.10180888465321586
1420,60,1480,0.10183101883547042
1431,64,1495,0.10186623438464629
1433,67,1500,0.10187523697962377
1440,64,1504,0.10187879531302695
1440,62,1502,0.10186721152243465
1444,62,1506,0.10185664020619192
1431,61,1492,0.10183827244077279
1424,62,1486,0.10184928552221173
1423,59,1482,0.10187440560822048
1426,59,1485,0.10189929145849747
1426,61,1487,0.101915774961406
1416,62,1478,0.10193068394793292
1426,64,1490,0.10196571928482653
1437,63,1500,0.10197606214096852
1429,65,1494,0.10196162843271012
1440,66,1506,0.10196570391795408
1436,63,1499,0.10194544353405523
1430,65,1495,0.10193574251124987
1438,66,1504,0.1019395072608349
1443,66,1509,0.10192596916099618
1441,66,1507,0.10190323552798443
1437,61,1498,0.10188713406580202
1428,62,1490,0.10188099704952776
1417,61,1478,0.10189440141543717
1427,65,1492,0.10193017035136741
1431,64,1495,0.10194196149294435
1436,67,1503,0.10194432754367956
1444,66,1510,0.10193551477320238
1455,65,1520,0.10191035954572245
1451,65,1516,0.10186425184552451
1448,65,1513,0.10183103712079124
1438,67,1505,0.10180699119688537
1430,67,1497,0.10180621010426912
1419,70,1489,0.10182251256848956
1429,69,1498,0.10186093233868924
1419,70,1489,0.1018750130025981
1423,69,1492,0.10190950997701002
1420,67,1487,0.10193270332853477
1399,69,1468,0.10196019581758066
1399,75,1474,0.10203044567335542
1404,75,1479,0.10209393465241319
1410,76,1486,0.1021410688698599
1419,76,1495,0.1021716025101136
1421,76,1497,0.10218037408257008
1399,75,1474,0.10218430106891362
1399,75,1474,0.10223437787443093
1419,78,1497,0.10228033708076717
1411,83,1494,0.10227916985666533
1403,84,1487,0.1022959786553788
1391,82,1473,0.10232865065993625
1378,87,1465,0.10238423886208431
1389,86,1475,0.10246280016522163
1400,81,1481,0.10251124614585563
1407,86,1493,0.10253191143899187
1406,89,1495,0.10253549835736564
1402,90,1492,0.1025404929747908
1390,89,1479,0.10255428997911512
1405,86,1491,0.10259281442660356
1395,89,1484,0.10259552011408818
1396,90,1486,0.10261974666027004
1397,89,1486,0.10263992262301365
1389,89,1478,0.1026565852686669
1397,89,1486,0.1026886698267684
1406,92,1498,0.10269993986349928
1402,93,1495,0.10269094160577893
1414,92,1506,0.10269135006710528
1400,92,1492,0.10266576294172836
1405,92,1497,0.10267320860507445
1420,95,1515,0.10266850557509163
1414,95,1509,0.10263179029970489
1408,95,1503,0.1026111541967187
1396,96,1492,0.10260538530770802
1398,96,1494,0.10262609175328849
1394,100,1494,0.10264137356582279
1377,105,1482,0.10266425945262092
1378,108,1486,0.10272188773747018
1377,105,1482,0.10277255522280342
1385,107,1492,0.10282116586528275
1387,109,1496,0.10284816233688371
1379,107,1486,0.10286813081915457
1389,109,1498,0.10290403232035676
1383,111,1494,0.10291472392898374
1389,110,1499,0.10293780958881399
1386,109,1495,0.10294639166176343
1387,108,1495,0.10296083497444428
1389,107,1496,0.10297162125944585
1386,104,1490,0.10297744024101968
1391,105,1496,0.10298900492699456
1398,106,1504,0.10298910118362066
1381,107,1488,0.10297419161613544
1372,108,1480,0.10299707919411447
1383,107,1490,0.1030368814274085
1382,102,1484,0.10305011197979022
1368,106,1474,0.10306412628220198
1384,106,1490,0.10310740856752534
1378,109,1487,0.10311247478314811
1376,109,1485,0.10312954224618474
1361,116,1477,0.10315019442467126
1366,117,1483,0.10320217804257294
1356,118,1474,0.10323949805017872
1364,118,1482,0.10329527534012346
1374,119,1493,0.10332913568808727
1380,115,1495,0.10333786675351232
1391,114,1505,0.10333342411077151
1396,115,1511,0.10330514117269983
1373,116,1489,0.10326836932665995
1390,114,1504,0.10328405903589412
1378,111,1489,0.10326204902943
1377,112,1489,0.10326754502461753
1388,109,1497,0.103274929464146
1400,110,1510,0.10325784546561366
1398,105,1503,0.10321560572944026
1396,105,1501,0.10318125770036649
1392,106,1498,0.10315452021216216
1400,108,1508,0.10313830853028837
1378,110,1488,0.10310629428431034
1380,108,1488,0.10312489621221718
1386,109,1495,0.10313769506757672
1389,111,1500,0.10313643449216946
1377,113,1490,0.10312892588692069
1386,113,1499,0.10314853468137793
1387,113,1500,0.10314650248733465
1395,109,1504,0.10314253850473049
1388,111,1499,0.10312184359443201
1395,114,1509,0.1031178521524883
1373,113,1486,0.10309881766742432
1387,111,1498,0.10312902163623622
1386,114,1500,0.10312658628162406
1391,112,1503,0.10312626129022032
1388,116,1504,0.10311578028026552
1398,115,1513,0.10311252604189387
1386,115,1501,0.10308730369220079
1389,113,1502,0.10309074831353664
1381,113,1494,0.10308751803403737
1391,114,1505,0.10310180784372046
1390,116,1506,0.10309286916270377
1377,115,1492,0.10308667595711771
1381,114,1495,0.10310985248447517
1373,113,1486,0.10312240277700563
1376,113,1489,0.10315109470507544
1380,114,1494,0.10317076656829112
1367,116,1483,0.10317968830236453
1377,116,1493,0.10321688641056542
1380,112,1492,0.10322890871055329
1391,112,1503,0.1032327648373931
1402,116,1518,0.1032127974644201
1391,118,1509,0.10317029292167922
1390,115,1505,0.10315541003903299
1392,117,1509,0.10314435557002632
1398,118,1516,0.10312915049188988
1378,117,1495,0.10310269378079932
1367,117,1484,0.10312218883610029
1369,115,1484,0.10316413357147165
1375,112,1487,0.10319750587117799
1367,118,1485,0.10321527082941306
1372,114,1486,0.10324882765023637
1378,111,1489,0.10326889833728671
1390,111,1501,0.10327410481208034
1386,109,1495,0.10325251645498591
1385,115,1500,0.10324134550530957
1377,112,1489,0.1032327944338888
1374,117,1491,0.10324296449082765
1379,117,1496,0.10325844112023586
1384,118,1502,0.10326227056397233
1395,118,1513,0.10325544576324322
1378,119,1497,0.10322512300602499
1377,120,1497,0.10323437637852387
1384,119,1503,0.10324581680567661
1385,115,1500,0.10324093932141551
1390,113,1503,0.10323407438806026
1389,111,1500,0.1032166792666241
1378,111,1489,0.10320248006451309
1382,117,1499,0.10321378679567833
1375,112,1487,0.10321588955342431
1391,108,1499,0.10323264327850694
1406,111,1517,0.10321307383830469
1403,112,1515,0.10316255918342582
1408,113,1521,0.10312375744275389
1394,112,1506,0.10307775420411694
1371,110,1481,0.10306577576964654
1366,114,1480,0.10310463412663193
1371,115,1486,0.1031509841795399
1365,114,1479,0.10318251154077096
1364,116,1480,0.10322404743719299
1373,118,1491,0.10326387586323599
1379,118,1497,0.10328060644368423
1368,117,1485,0.10328292579734744
1367,119,1486,0.1033083925136447
1364,118,1482,0.10333330899350436
1359,115,1474,0.10336320363550514
1371,120,1491,0.10340203473740006
1367,121,1488,0.1034112627686344
1361,123,1484,0.10342853971686647
1379,120,1499,0.10345693941987154
1378,121,1499,0.10344458541375587
1368,119,1487,0.10343525648105673
1374,124,1498,0.10344832199345504
1376,119,1495,0.10344675060111702
1377,119,1496,0.10344085567637727
1359,117,1476,0.10343354329886345
1372,119,1491,0.10346579046854117
1370,120,1490,0.10346672300058167
1371,120,1491,0.10347222137450661
1372,121,1493,0.10347500336854087
1366,118,1484,0.1034751622904512
1372,118,1490,0.10348939415473671
1366,114,1480,0.10348881947056274
1357,114,1471,0.1035017330053797
1368,115,1483,0.10353289302881902
1371,117,1488,0.10353708683849333
1373,118,1491,0.10353432615345931
1377,118,1495,0.10352761132051275
1374,119,1493,0.10351329532027391
1372,120,1492,0.10350667297451017
1374,121,1495,0.10350513512424189
1375,119,1494,0.10349875873813565
1379,119,1498,0.10349029023364582
1366,127,1493,0.10347358435679929
1367,127,1494,0.10348726181537654
1388,126,1514,0.10349746179418183
1378,126,1504,0.10346101071202238
1377,126,1503,0.10345003320536986
1369,126,1495,0.10344249144315906
1368,128,1496,0.10345282110471671
1361,128,1489,0.10346409788188109
1359,131,1490,0.10348950239592551
1367,133,1500,0.10351714172603078
1378,132,1510,0.10352519233708525
1366,130,1496,0.10350927352974161
1369,130,1499,0.10352045355070917
1369,130,1499,0.10352365121793404
1364,129,1493,0.10352651792659916
1362,130,1492,0.10354002241740065
1371,131,1502,0.10355666581783637
1375,133,1508,0.10355269199607005
1359,134,1493,0.10354134840754037
1358,137,1495,0.10356585801332847
1360,139,1499,0.10359062457360975
1363,139,1502,0.1036086293493627
1358,141,1499,0.10361824290049913
1348,141,1489,0.10363777135548585
1352,142,1494,0.10367768791522028
1355,141,1496,0.10370549129570639
1356,142,1498,0.10372471985757968
1359,142,1501,0.10374018690606804
1355,142,1497,0.10374751163254584
1355,142,1497,0.10376276285258217
1357,145,1502,0.10377718899766006
1352,144,1496,0.10378643571131278
1356,144,1500,0.10380550948560671
1354,141,1495,0.10381441509775001
1349,144,1493,0.10382773344246467
1368,139,1507,0.10385034490228445
1365,141,1506,0.10382905787270529
1365,146,1511,0.10381634236748588
1352,146,1498,0.10380499307822016
1350,143,1493,0.10382201567312255
1356,141,1497,0.10384240689133371
1351,140,1491,0.10384770291996738
1353,137,1490,0.10386387485844757
1345,139,1484,0.1038740441441399
1359,138,1497,0.10390069124603003
1359,140,1499,0.10389482882646217
1357,144,1501,0.10388946066039964
1347,141,1488,0.10388826200715451
1349,146,1495,0.1039087131794464
1353,149,1502,0.10392303341999906
1331,147,1478,0.10392718004557863
1340,143,1483,0.10397865464206778
1333,137,1470,0.10400650660099078
1337,141,1478,0.10404683962100368
1351,136,1487,0.10407526073273816
1359,142,1501,0.10407159975520684
1348,143,1491,0.1040505520292334
1345,149,1494,0.10405523178121422
1347,147,1494,0.10406714766048987
1347,144,1491,0.10407397735279708
1356,150,1506,0.10407999019007037
1344,147,1491,0.104066176151767
1333,149,1482,0.10407982504423126
1315,153,1468,0.10411609578087283
1325,159,1484,0.10418870795268009
1332,164,1496,0.10423346371434686
1341,161,1502,0.10425897552172984
1337,161,1498,0.10426301624784692
1328,159,1487,0.10427611841210044
1336,161,1497,0.10430710970805794
1325,165,1490,0.1043176804305798
1320,162,1482,0.10435170894964103
1307,163,1470,0.10439329536946904
1298,166,1464,0.10446001699305675
1309,168,1477,0.10454109965739326
1304,168,1472,0.1045910437277122
1307,175,1482,0.10464782118759612
1303,176,1479,0.10469309611738412
1307,176,1483,0.10474295472293153
1310,176,1486,0.1047791476699881
1320,181,1501,0.10480599017464709
1317,178,1495,0.10480958124642836
1313,177,1490,0.1048193410501476
1327,172,1499,0.10483722887181621
1317,173,1490,0.1048226210343845
1313,172,1485,0.10483155476441727
1318,167,1485,0.10484815920211048
1319,170,1489,0.10485255869173388
1305,174,1479,0.10485461863630859
1311,171,1482,0.10488687611223484
1319,172,1491,0.10490367400999064
1316,169,1485,0.10490040714843507
1319,165,1484,0.10490465453946773
1307,172,1479,0.10490229345104195
1305,176,1481,0.10492651220008345
1308,179,1487,0.10495195117330113
1321,181,1502,0.1049697163899187
1316,178,1494,0.10495727202111814
1319,177,1496,0.10495702554680245
1311,182,1493,0.10495115853108458
1307,179,1486,0.10496379114265052
1315,183,1498,0.10498461760696137
1300,186,1486,0.10498587299211863
1305,189,1494,0.10502022747855994
1297,191,1488,0.1050409070669502
1302,191,1493,0.10507781557817637
1294,188,1482,0.10510050532745602
1299,195,1494,0.10513836346475204
1284,203,1487,0.10516169264986583
1289,202,1491,0.10521579493719325
1279,202,1481,0.10525437258730685
1290,206,1496,0.10531195463439673
1296,201,1497,0.10534063305960671
1300,202,1502,0.10535333998338924
1300,204,1504,0.1053562449511121
1297,201,1498,0.10535943417089204
1299,197,1496,0.10536895070859675
1306,197,1503,0.10537385203003156
1305,195,1500,0.10536312153302076
1305,199,1504,0.10535583364953854
1302,200,1502,0.1053492113195235
1297,202,1499,0.10534893429370061
1291,202,1493,0.10536013681204931
1290,206,1496,0.10538371352087635
1281,211,1492,0.10540798735184033
1287,211,1498,0.1054508960060306
1283,212,1495,0.10547668769205455
1300,210,1510,0.10550824106844281
1301,213,1514,0.10549999550364753
1289,213,1502,0.10548968780193375
1286,218,1504,0.10550743706134384
1294,219,1513,0.10553015915592838
1291,219,1510,0.1055337099524386
1290,217,1507,0.10554307479314311
1284,216,1500,0.10555414369389929
1275,220,1495,0.10557722943786306
1271,224,1495,0.10561857142717787
1267,225,1492,0.10566549503636498
1262,227,1489,0.10571726653297737
1259,224,1483,0.10577582230326912
1263,219,1482,0.10583629928077432
1257,224,1481,0.1058829807973836
1269,227,1496,0.10593973330481504
1270,221,1491,0.10596478441080215
1265,228,1493,0.10598578145289615
1267,222,1489,0.10601534165553733
1279,224,1503,0.1060373979311316
1277,224,1501,0.10603111543704839
1273,227,1500,0.10602945397701298
1271,227,1498,0.10603648071679832
1270,228,1498,0.10604834880648745
1269,230,1499,0.10606043359876467
1268,226,1494,0.10607429827589378
1260,228,1488,0.10608807887477546
1268,228,1496,0.10611823142243748
1272,228,1500,0.10612824724842396
1274,223,1497,0.10612935509582754
1274,231,1505,0.10612608044697627
1262,236,1498,0.10612300327773477
1249,234,1483,0.10614718297708786
1254,240,1494,0.10619832157637318
1245,242,1487,0.1062339436529776
1252,245,1497,0.10628664332207319
1243,252,1495,0.10631999328706651
1254,248,1502,0.10637039895234275
1256,250,1506,0.10639246525119081
1263,247,1510,0.10640842236985634
1248,247,1495,0.10640712256683311
1237,256,1493,0.10644003721009074
1240,253,1493,0.10649489054719183
1242,259,1501,0.1065380399149063
1241,269,1510,0.10657427070947971
1232,265,1497,0.1066094409009138
1226,265,1491,0.10666220202968578
1226,265,1491,0.10672422328231225
1230,265,1495,0.10678108593426075
1237,263,1500,0.10682369911803152
1235,265,1500,0.10684768351745262
1222,269,1491,0.10687384113642372
1221,274,1495,0.10692643618325263
1230,273,1503,0.10697683318651798
1230,267,1497,0.10700291949402056
1217,266,1483,0.10702680842794442
1200,268,1468,0.1070784982370903
1205,275,1480,0.10716451095415927
1228,277,1505,0.10723263869456331
1216,276,1492,0.10724379843944411
1216,283,1499,0.10728093600168533
1221,284,1505,0.10731491239124351
1214,289,1503,0.1073351522803372
1226,287,1513,0.10736953025430943
1218,293,1511,0.10737457940160415
1220,296,1516,0.10739738114989537
1217,293,1510,0.10741436764682646
1215,286,1501,0.10743625802477613
1202,293,1495,0.10746064088811112
1206,289,1495,0.10751224090158097
1203,291,1494,0.10755075758663002
1208,297,1505,0.10759256031771063
1203,293,1496,0.10761923184374651
1192,292,1484,0.10765551693096656
1195,285,1480,0.10771306452371915
1187,291,1478,0.10775934319181125
1199,292,1491,0.1078195143529134
1198,298,1496,0.10784806319627613
1203,297,1500,0.10787678591250778
1206,299,1505,0.10789190822663158
1208,294,1502,0.10789872123515373
1210,288,1498,0.10790084130211756
1202,290,1492,0.10789909012204646
1200,292,1492,0.1079148886451025
1197,291,1488,0.10793355394485726
1190,289,1479,0.10795786182147964
1204,291,1495,0.10799439616646112
1209,289,1498,0.10799661269511214
1207,288,1495,0.10798813589000616
1217,284,1501,0.10798551805121574
1213,285,1498,0.10796061773283558
1215,289,1504,0.10794685492053642
1220,295,1515,0.10793035647754286
1202,292,1494,0.10790431422254057
1203,303,1506,0.10792142378281813
1201,305,1506,0.10793486014220452
1215,302,1517,0.10795156326036758
1204,293,1497,0.10793576287984535
1202,295,1497,0.10794615583297108
1207,294,1501,0.10796040245063071
1201,303,1504,0.10796184145885594
1180,300,1480,0.10797658271670922
1180,304,1484,0.10803626268231799
1172,309,1481,0.1080911459280156
1171,313,1484,0.10815984421310768
1170,314,1484,0.10822587545360707
1178,306,1484,0.10828840329466775
1179,312,1491,0.10832855998265607
1173,316,1489,0.10836488660636893
1192,314,1506,0.10841232384326661
1188,316,1504,0.10841330698712098
1183,308,1491,0.10842316049096024
1183,313,1496,0.10844426657987266
1175,311,1486,0.10846341145193035
1185,313,1498,0.10849871073907513
1181,311,1492,0.10850865790113336
1184,313,1497,0.10852660522746063
1188,311,1499,0.10853672399241596
1176,316,1492,0.10853694777115024
1186,319,1505,0.10856480462562405
1194,315,1509,0.10856799153662848
1200,314,1514,0.10855398317096585
1194,312,1506,0.10852841580859834
1197,314,1511,0.10851853869839691
1183,309,1492,0.10850298485890889
1183,310,1493,0.10852002481636205
1182,314,1496,0.10853598812740867
1179,316,1495,0.10855332023549266
1186,315,1501,0.10857598478951415
1186,309,1495,0.10858148946581814
1185,316,1501,0.10858709418081978
1180,322,1502,0.1085946813414079
1188,327,1515,0.10861288603293964
1192,324,1516,0.10861178795929943
1181,322,1503,0.10860222424542583
1176,313,1489,0.10861789253526116
1181,316,1497,0.10864383623027475
1168,319,1487,0.10865562121602754
1170,320,1490,0.10869671485686688
1187,323,1510,0.10872953851696592
1195,319,1514,0.10872056077762307
1175,318,1493,0.10869332246136289
1181,316,1497,0.10871432094316737
1179,314,1493,0.10871879683510287
1184,317,1501,0.10872673585104652
1178,316,1494,0.1087242592466513
1173,325,1498,0.10873578155817806
1169,331,1500,0.108757788524657
1168,335,1503,0.10878714985873314
1166,337,1503,0.10881634777335213
1154,332,1486,0.10884743913854951
1145,335,1480,0.10890320859490615
1161,342,1503,0.10897449887372862
1170,345,1515,0.1090038160960606
1162,338,1500,0.10901052769313552
1158,336,1494,0.10903560537593641
1168,340,1508,0.1090672722613383
1171,340,1511,0.10907265538018229
1166,346,1512,0.10907097265729529
1169,354,1523,0.10908068823365175
1155,359,1514,0.10908333297704209
1149,364,1513,0.10911808931379138
1158,360,1518,0.10916318747145888
1144,354,1498,0.10918450283764825
1152,349,1501,0.10923601842382852
1142,343,1485,0.10926526280552945
1146,349,1495,0.10931462610001014
1149,345,1494,0.10935042078001495
1145,337,1482,0.10937636926001665
1150,338,1488,0.10940883285866684
1166,343,1509,0.10942784494476314
1167,346,1513,0.10940912554823981
1157,350,1507,0.10938933909474427
1147,352,1499,0.10939346716732488
1146,349,1495,0.10942006094018979
1148,348,1496,0.10944741537988162
1155,343,1498,0.10946865967417625
1153,345,1498,0.10947189310393975
1154,339,1493,0.10947955804037583
1150,339,1489,0.10948350357145084
1153,341,1494,0.10949499584026386
1147,341,1488,0.1094988067624028
1143,345,1488,0.10951632421635071
1146,346,1492,0.10954233616057855
1140,348,1488,0.10955881364242888
1139,348,1487,0.10958809251878417
1152,347,1499,0.10961765024700221
1136,342,1478,0.10961615671103718
1135,347,1482,0.10965015940639905
1144,350,1494,0.10968380643736697
1148,357,1505,0.10969497832526341
1139,366,1505,0.10969640120420805
1132,368,1500,0.10971862323472986
1126,364,1490,0.10975392451718373
1139,359,1498,0.10979955484794074
1132,365,1497,0.10981217485936375
1129,367,1496,0.10983996003140405
1121,369,1490,0.10987212486523067
1125,362,1487,0.10992058835658565
1141,368,1509,0.10995634464392094
1147,369,1516,0.10995237690123146
1154,369,1523,0.10993466786924358
1151,366,1517,0.1099019558532118
1140,374,1514,0.10987815832645971
1131,378,1509,0.10988188901427028
1116,377,1493,0.10990596824898384
1119,372,1491,0.10996284457352573
1126,376,1502,0.11000803603325171
1124,378,1502,0.11003360867086115
1127,384,1511,0.11006204477846754
1115,384,1499,0.11008197890205863
1113,386,1499,0.11012709046537492
1116,379,1495,0.11017339804931972
1110,382,1492,0.11020779773512394
1125,375,1500,0.11025279675958836
1117,376,1493,0.11025910777464658
1118,380,1498,0.11028379486722585
1130,377,1507,0.1103036440656269
1127,376,1503,0.11029394433369039
1136,375,1511,0.11029267569460703
1125,376,1501,0.11027237751479241
1123,380,1503,0.11027919258634121
1123,377,1500,0.11028946872714888
1133,377,1510,0.11029983418715751
1118,385,1503,0.11028638836048135
1105,388,1493,0.11030871910626577
1115,385,1500,0.11035908111358667
1120,388,1508,0.11038262017019967
1106,394,1500,0.11039258046824216
1113,394,1507,0.11043348581788169
1112,393,1505,0.11045426583271979
1108,395,1503,0.11047571400817885
1098,396,1494,0.11050388208697332
1100,393,1493,0.1105540279401269
1106,392,1498,0.1105953372833051
1116,389,1505,0.11061928754693894
1117,385,1502,0.11061834681993701
1116,383,1499,0.11061472785605062
1111,391,1502,0.11061331637608328
1099,393,1492,0.11062380909070921
1101,396,1497,0.11066129662100462
1106,392,1498,0.11069235781108831
1088,394,1482,0.11070992900679047
1093,398,1491,0.11076686670555286
1103,399,1502,0.11080767908574733
1086,401,1487,0.11082278007108809
1092,401,1493,0.11087590980644356
1093,401,1494,0.11091144326186353
1088,408,1496,0.1109415660633184
1086,409,1495,0.11098028277937477
1085,410,1495,0.11102117335911965
1086,397,1483,0.11106014302363036
1093,400,1493,0.11109463729836452
1093,404,1497,0.11111116511311706
1105,406,1511,0.11112564289823014
1104,410,1514,0.11111090466113226
1106,413,1519,0.11110017808695705
1098,415,1513,0.11108554790160392
1097,406,1503,0.11109136793787783
1101,408,1509,0.11109956847654658
1093,409,1502,0.11109848421972579
1092,403,1495,0.11111508186609889
1091,401,1492,0.11113199605821239
1086,408,1494,0.11115011039327012
1098,404,1502,0.11117826012501225
1086,405,1491,0.11117636475970691
1086,410,1496,0.11120239834493927
1087,407,1494,0.1112252681723385
1086,408,1494,0.11124455868846375
1089,405,1494,0.111265790382229
1085,408,1493,0.11127758872402856
1081,419,1500,0.11129685533896146
1082,418,1500,0.11132397480122017
1085,419,1504,0.11134616481203068
1080,420,1500,0.11136038068596271
1068,418,1486,0.1113857524575023
1079,411,1490,0.11143729979279698
1075,415,1490,0.11145941980899486
1075,412,1487,0.11148890171743993
1069,418,1487,0.11151504133425429
1069,419,1488,0.11155316703580098
1061,424,1485,0.11158764850362335
1060,421,1481,0.11163849374210592
1076,418,1494,0.11168754983653394
1084,422,1506,0.11169592918484664
1087,420,1507,0.11168476635439915
1089,416,1505,0.11166811169316372
1094,414,1508,0.11164924447816606
1093,415,1508,0.1116197053082912
1096,421,1517,0.11159508633320345
1089,421,1510,0.11156506076396766
1086,426,1512,0.11155475043445758
1091,412,1503,0.11155151551870363
1091,418,1509,0.11153656621816775
1084,420,1504,0.11152312285553982
1081,415,1496,0.11152722185459613
1079,413,1492,0.1115386819236964
1089,418,1507,0.11155338281636297
1095,423,1518,0.11154349023721828
1099,426,1525,0.11152092073672248
1099,419,1518,0.11149133861476973
1097,417,1514,0.11146405491237082
1089,418,1507,0.1114437767260111
1091,419,1510,0.11144307747853514
1091,425,1516,0.11143745802110862
1088,423,1511,0.11143248123926583
1074,428,1502,0.1114341149392175
1084,435,1519,0.11146801986423668
1089,433,1522,0.1114764922649054
1078,432,1510,0.11147322545674417
1081,428,1509,0.1114960240551639
1070,423,1493,0.11150851928739362
1072,423,1495,0.11154451564588465
1066,427,1493,0.11157284853749375
1081,433,1514,0.11161270448904649
1064,427,1491,0.11161438787922819
1071,427,1498,0.11165536507005237
1071,434,1505,0.1116774001813947
1072,430,1502,0.1116976155852263
1077,430,1507,0.11171341122538521
1071,440,1511,0.11171724779339673
1064,443,1507,0.1117351436109653
1045,445,1490,0.11176810775141831
1046,444,1490,0.11184355133242346
1051,451,1502,0.11191114997112483
1055,456,1511,0.11196138152120515
1050,454,1504,0.1119983036927691
1046,469,1515,0.11204465471741652
1039,469,1508,0.11209801350460179
1041,465,1506,0.11216351656396868
1031,474,1505,0.11222057552119188
1017,478,1495,0.11229668199179578
1004,472,1476,0.11239813581547548
1003,465,1468,0.11252149624594052
1006,473,1479,0.11263542469001493
1009,485,1494,0.11273373271602623
1013,483,1496,0.11281792603634123
1018,481,1499,0.11288565915053653
1011,481,1492,0.11293584541827012
1009,484,1493,0.11299862324943868
1007,489,1496,0.11306077344777826
1012,486,1498,0.11312285422046703
1008,483,1491,0.11316806174778214
1006,483,1489,0.11322018682807812
1007,483,1490,0.11327405053104175
1023,484,1507,0.11331989598338542
1031,496,1527,0.11332401384409653
1032,491,1523,0.11331010456364236
1023,481,1504,0.11329547562480151
1015,483,1498,0.11330338360884225
1018,478,1496,0.11333030811764003
1024,482,1506,0.11334876240272082
1019,481,1500,0.11335220555040611
1000,488,1488,0.11336635761745621
1008,492,1500,0.11342370589206276
1012,498,1510,0.11345868628311574
1000,505,1505,0.1134814211406245
1003,507,1510,0.11352998843681983
993,507,1500,0.11356735221392388
994,504,1498,0.11362556164116819
984,505,1489,0.11367755998721744
987,500,1487,0.11374850515227256
983,505,1488,0.11380680569976316
990,506,1496,0.11386933503582734
987,498,1485,0.11391033553207927
988,510,1498,0.11395572967555195
982,510,1492,0.11399576228066131
984,513,1497,0.11404709030935496
991,518,1509,0.11408930671508428
980,519,1499,0.11411200699451013
975,521,1496,0.114159602804761
979,528,1507,0.11421557467827088
976,528,1504,0.1142581926810144
967,535,1502,0.11430481618311304
962,550,1512,0.11436839406913467
964,548,1512,0.114440057926025
968,544,1512,0.11450172225113206
975,536,1511,0.11454893074825875
961,533,1494,0.11457532006804605
965,540,1505,0.11463283531177985
964,543,1507,0.11467655811141447
961,537,1498,0.11471996069880787
963,539,1502,0.1147667084683484
961,540,1501,0.11480567707574182
969,536,1505,0.11484550671109904
958,544,1502,0.11486311702563709
955,548,1503,0.11490698075002886
954,555,1509,0.11495449334021894
950,560,1510,0.1150006045178127
946,561,1507,0.11505252387132696
942,560,1502,0.11511040196271677
937,560,1497,0.11517377375927915
943,556,1499,0.11524466982120965
946,559,1505,0.11529636347502795
936,558,1494,0.11533597761842089
936,558,1494,0.11539713990781614
936,557,1493,0.1154532331043013
934,564,1498,0.11550494651258067
930,565,1495,0.11555709664230544
931,573,1504,0.11561500337468487
933,573,1506,0.11566646052414158
928,573,1501,0.11570888638235532
940,565,1505,0.11576090128900061
936,555,1491,0.11577974034582224
933,566,1499,0.11580645431071751
933,564,1497,0.11583811138911222
942,565,1507,0.11586737587791358
944,562,1506,0.11587247696035519
947,565,1512,0.11587351074171678
950,564,1514,0.1158671183588283
945,569,1514,0.11585481639607834
940,571,1511,0.115856649574176
942,570,1512,0.11587027135566469
932,568,1500,0.1158779074137792
936,574,1510,0.11590907500392118
939,571,1510,0.11592813234762055
930,565,1495,0.11593878507330277
924,573,1497,0.11597051401203264
910,577,1487,0.11601443011000523
919,578,1497,0.11608743560180425
923,585,1508,0.1161333065297952
919,585,1504,0.11616521865450868
919,592,1511,0.11620538854143062
911,591,1502,0.11624335768264313
912,593,1505,0.11629651221301479
910,599,1509,0.11634326966566305
904,598,1502,0.11639127104591569
892,595,1487,0.11644976952449747
885,594,1479,0.11653261136971109
904,592,1496,0.1166259650946644
904,592,1496,0.11666658724545387
901,592,1493,0.11670531969758396
906,601,1507,0.11675003251609319
895,602,1497,0.11677909051855043
898,599,1497,0.11683268464079952
908,601,1509,0.1168754361577885
906,598,1504,0.11688960402431298
906,597,1503,0.11690792351339685
899,601,1500,0.11692494565689734
894,603,1497,0.11695685642342828
895,604,1499,0.11699775262811687
906,604,1510,0.11703296647169044
907,595,1502,0.1170391334799603
897,594,1491,0.11704307755832996
895,603,1498,0.11707038382857014
892,603,1495,0.11709959260195767
898,607,1505,0.11713285119526053
896,605,1501,0.11714969914254043
902,606,1508,0.11716879154886574
900,607,1507,0.11717233061228441
887,611,1498,0.11718057269623074
893,621,1514,0.11721960953564156
887,619,1506,0.11724230195752522
882,627,1509,0.11727771926137741
883,627,1510,0.11732245884189936
879,627,1506,0.11736180008695213
877,632,1509,0.11740905627013695
876,632,1508,0.11745803151705399
877,632,1509,0.11750735796657384
876,635,1511,0.1175515721079699
866,637,1503,0.11759430501121208
859,638,1497,0.11765854700026676
861,639,1500,0.1177345117628907
857,650,1507,0.11780006175044949
849,647,1496,0.1178701444141492
856,651,1507,0.11795474280957706
858,650,1508,0.11801508702739075
846,658,1504,0.11806418868167567
846,648,1494,0.11813879327587683
843,647,1490,0.11820810784919786
836,641,1477,0.11828001564201031
836,645,1481,0.11836331991764829
839,650,1489,0.1184405443124087
843,662,1505,0.11850479457026326
851,658,1509,0.1185534418669811
847,654,1501,0.11857859463474452
852,667,1519,0.11861083617874658
854,670,1524,0.11862778935908867
845,672,1517,0.11864002012282107
832,676,1508,0.11867270246314825
828,674,1502,0.11873446780571575
842,663,1505,0.11880161064073294
841,665,1506,0.11882984243020431
845,655,1500,0.11885896281919646
836,664,1500,0.11887542206159965
838,661,1499,0.11891379591396514
833,664,1497,0.11894472062312397
828,665,1493,0.11898633045145558
824,672,1496,0.11903675170812379
822,671,1493,0.11909246460708733
822,676,1498,0.11915055570155558
822,685,1507,0.11920495398856538
822,686,1508,0.11925537494000402
813,687,1500,0.119300603782532
806,698,1504,0.11936556400916479
798,694,1492,0.11944292345575533
795,706,1501,0.11953429859580328
788,702,1490,0.11962675850436234
783,704,1487,0.11972943661711692
790,703,1493,0.11983511858133201
786,702,1488,0.11991580042380612
787,707,1494,0.12000014311550852
784,705,1489,0.12007458940087794
785,708,1493,0.12015101658009378
784,705,1489,0.12021765993917022
776,698,1474,0.12028171278375493
775,700,1475,0.12036154369988433
781,702,1483,0.12043731719964068
776,710,1486,0.12049342803594687
773,705,1478,0.12055817019255559
785,707,1492,0.12062532788243338
786,707,1493,0.12065712550363716
788,706,1494,0.12068456738023987
792,707,1499,0.1207059228645719
792,711,1503,0.12071591993635326
790,717,1507,0.12072512824980525
795,714,1509,0.12073885381146346
788,720,1508,0.12073881502303084
783,708,1491,0.12075615103092581
774,717,1491,0.12078639458161027
773,728,1501,0.12083700886286852
764,739,1503,0.12088588228470323
762,736,1498,0.12095446825277077
761,733,1494,0.1210233287469853
760,727,1487,0.12109021314410212
765,735,1500,0.12115406784750991
769,732,1501,0.12120126598750446
758,732,1490,0.12123518318100623
766,730,1496,0.12129250259939468
760,721,1481,0.1213260365061212
760,718,1478,0.12137216112805652
765,728,1493,0.1214144003286301
768,729,1497,0.12144071932590773
771,723,1494,0.12145719964202124
772,721,1493,0.12146426255115748
769,722,1491,0.12146830985345212
769,717,1486,0.12148182239436556
770,733,1503,0.12149522357135019
760,736,1496,0.12150568093816949
756,747,1503,0.12153949228545503
764,752,1516,0.12158077335603082
763,755,1518,0.12159862409930675
754,753,1507,0.12161895626086165
753,758,1511,0.12166102475335482
749,770,1519,0.12170289998788317
748,764,1512,0.12175238593261906
751,765,1516,0.12180137247071589
741,767,1508,0.1218401748730394
744,772,1516,0.12190143203582494
737,782,1519,0.12195032230612597
732,769,1501,0.1220131043164197
730,777,1507,0.12208250712015534
721,782,1503,0.12215167333137728
727,786,1513,0.12223780960708577
725,786,1511,0.12230379834712009
724,781,1505,0.12236961231972458
717,789,1506,0.12243245069369457
718,791,1509,0.12250775586251877
714,804,1518,0.12257655364846153
709,805,1514,0.12265139923369013
701,812,1513,0.12273390110455276
703,797,1500,0.12283052759712898
712,795,1507,0.12291519258652908
718,792,1510,0.12297219637109066
711,796,1507,0.12300791580470652
714,802,1516,0.12305826881819477
711,801,1512,0.12309968239613092
704,803,1507,0.12314529250122457
697,804,1501,0.12320478211464952
692,803,1495,0.123276731796693
698,807,1505,0.12335620939202245
695,804,1499,0.12341647867125982
695,801,1496,0.12347953364177865
697,801,1498,0.12353724971684324
701,791,1492,0.12358527423855932
697,793,1490,0.12362059144793477
697,803,1500,0.12366309589747783
696,806,1502,0.12370334367755653
688,799,1487,0.12374295179209957
685,810,1495,0.12379995118721916
687,807,1494,0.1238603949511648
701,808,1509,0.12391186954809102
695,810,1505,0.12392481536160911
699,814,1513,0.12395216655956398
702,807,1509,0.12396715483534916
686,809,1495,0.12397260108622726
684,813,1497,0.12401901214387422
681,805,1486,0.12406742357888496
673,815,1488,0.12412007552350257
683,818,1501,0.12418934245068915
676,815,1491,0.12422613364021466
677,814,1491,0.12427829918926267
676,816,1492,0.12432447570364807
681,817,1498,0.12436956166053598
677,820,1497,0.124399767985255
670,834,1504,0.12443890805044522
670,834,1504,0.12449277972785153
665,833,1498,0.12454476382065453
659,842,1501,0.12460502868713343
654,852,1506,0.1246770372877736
650,853,1503,0.1247564175963274
644,853,1497,0.12484095963283603
643,858,1501,0.12493507810213637
635,856,1491,0.12502361799909625
646,856,1502,0.12512785503279147
652,861,1513,0.12519556741572446
653,859,1512,0.12524340108498402
654,853,1507,0.1252847007995309
646,857,1503,0.12532013316600082
645,854,1499,0.12537379480217414
648,859,1507,0.12542614387184675
646,866,1512,0.1254666196473785
646,874,1520,0.12550898241965122
657,870,1527,0.1255484094610572
656,865,1521,0.1255576636707122
651,876,1527,0.12556881977143633
635,866,1501,0.12559114091188806
643,858,1501,0.12565300996179068
641,845,1486,0.12568909584887306
637,860,1497,0.12572764496725472
638,858,1496,0.12577383571613385
643,865,1508,0.1258140801300306
650,858,1508,0.12583867241044605
651,863,1514,0.1258436604730641
655,861,1516,0.12584449832625286
651,864,1515,0.12583601050156637
657,856,1513,0.1258390007235433
670,848,1518,0.12582551812530302
667,845,1512,0.1257799014724869
660,842,1502,0.12574640278501548
659,842,1501,0.1257338814200847
650,850,1500,0.12572483112389096
660,850,1510,0.12574022288636816
651,854,1505,0.1257279949795993
644,856,1500,0.12573964816972374
645,864,1509,0.12576909584446866
640,861,1501,0.1257937372362084
636,865,1501,0.12583003709272803
632,878,1510,0.12587520969551222
632,874,1506,0.12592840942702183
626,877,1503,0.12597673736432805
624,872,1496,0.1260374462082191
633,887,1520,0.1260990398989154
642,880,1522,0.1261327082509076
642,881,1523,0.126141524248092
641,873,1514,0.12614784332457016
642,865,1507,0.1261565799292664
635,864,1499,0.12616067418549629
641,875,1516,0.12618295592347384
645,868,1513,0.12618813337782483
635,870,1505,0.1261820412554135
636,866,1502,0.12620180363202174
638,871,1509,0.12621733616847078
640,868,1508,0.12622657231101542
639,869,1508,0.12623015656097378
632,867,1499,0.1262366924470585
637,873,1510,0.12626240407928735
641,874,1515,0.12627272231214115
630,877,1507,0.1262718748815548
634,868,1502,0.12629916645554237
648,877,1525,0.12631405393344647
639,871,1510,0.12629262265828545
642,871,1513,0.12629580594512624
637,876,1513,0.12628955760502794
641,866,1507,0.1262963161926045
653,857,1510,0.12629317404833884
640,854,1494,0.12625847034824234
640,873,1513,0.1262583228522544
639,876,1515,0.12625847936763898
643,874,1517,0.1262614904799057
643,862,1505,0.12625314377376032
643,861,1504,0.12624592574258034
635,862,1497,0.1262389510085419
635,873,1508,0.1262525689613648
627,862,1489,0.12626451598430433
627,856,1483,0.12629704217525098
640,864,1504,0.1263270696849257
636,863,1499,0.12632083244233933
621,866,1487,0.12632614336869882
618,870,1488,0.1263682254235047
611,873,1484,0.12641552569325662
609,875,1484,0.12647672373846497
611,880,1491,0.12653964601490109
601,877,1478,0.1265935145933873
602,894,1496,0.12667029130704066
603,898,1501,0.12673866960497585
609,897,1506,0.1268002545364436
621,902,1523,0.12684310027887796
612,902,1514,0.12685202854717648
606,907,1513,0.126884526056282
611,912,1523,0.1269309030165937
596,921,1517,0.12696187153616395
588,916,1504,0.1270298052791004
589,928,1517,0.127114342438034
588,926,1514,0.1271903975744206
593,922,1515,0.12726308690052818
584,920,1504,0.12731815470301544
581,926,1507,0.12739186698428767
583,933,1516,0.1274682279080107
576,938,1514,0.1275343500191294
580,935,1515,0.1276135099418604
577,925,1502,0.12767678368491434
581,944,1525,0.12774387653718108
564,951,1515,0.12779723250046737
566,965,1531,0.1278909440945317
570,952,1522,0.12797143138247094
576,948,1524,0.12803586526533822
568,933,1501,0.12808082122108647
564,936,1500,0.12814313119502393
568,931,1499,0.12821133170250115
560,944,1504,0.12826409491255691
554,942,1496,0.12833291688217005
553,952,1505,0.12841184941252728
553,938,1491,0.1284872115282878
553,948,1501,0.12855778346461122
554,943,1497,0.12862452886746767
557,946,1503,0.12868475468263638
555,941,1496,0.1287331167252137
558,935,1493,0.12878308658922683
555,944,1499,0.12882137967849186
559,949,1508,0.1288664146552828
562,948,1510,0.12889721041984067
560,939,1499,0.12891747287603472
560,946,1506,0.1289415531241256
567,947,1514,0.128963599282376
566,949,1515,0.12896576650171768
565,945,1510,0.1289701414229803
557,946,1503,0.12897733481245513
566,946,1512,0.1290058731163897
568,948,1516,0.12900848589501832
564,960,1524,0.12900553475050264
562,960,1522,0.12901442415979525
547,955,1502,0.12902826086372912
538,970,1508,0.1290806995227611
545,971,1516,0.12915348661370396
544,964,1508,0.12920323892568486
546,960,1506,0.12925258265774167
551,973,1524,0.1292922727957022
545,971,1516,0.1293156641965636
537,966,1503,0.12935336269109896
545,966,1511,0.1294092030839695
541,972,1513,0.12944036339141637
538,974,1512,0.12947961891566703
543,971,1514,0.12952397531528284
549,978,1527,0.12955235088283135
544,981,1525,0.12956362033405638
546,985,1531,0.12958707792173438
546,990,1536,0.12960255740074572
542,986,1528,0.12961752514960717
537,979,1516,0.12964197490162344
537,975,1512,0.12967817147125935
538,979,1517,0.12971130338270404
531,985,1516,0.12973995358566434
525,983,1508,0.1297845532946001
533,974,1507,0.12984169239869903
536,969,1505,0.12987405911486583
523,973,1496,0.12989572358978915
529,977,1506,0.12994970685166657
532,973,1505,0.12998527278572586
530,983,1513,0.13000996212050278
531,978,1509,0.13003733635373801
524,983,1507,0.13005996720537447
527,993,1520,0.13010036337174707
522,998,1520,0.1301302909608619
516,1004,1520,0.13017059002416365
516,1002,1518,0.13022531829054665
513,999,1512,0.1302759408001218
509,997,1506,0.13033133797114263
515,994,1509,0.1303927284241077
516,999,1515,0.13043383254275906
510,1002,1512,0.13046938593058383
510,990,1500,0.13051768187920376
512,991,1503,0.13056381634691164
506,993,1499,0.13060180151520764
508,1002,1510,0.13065310235195957
509,1000,1509,0.13069524538442118
512,1004,1516,0.13073119323482454
509,998,1507,0.13075659728661054
509,993,1502,0.13078878376486486
504,1003,1507,0.13081886094846543
503,1003,1506,0.1308606658948119
504,1009,1513,0.1309019655252365
492,1011,1503,0.13093788042031174
494,1024,1518,0.13100383651780573
495,1016,1511,0.1310591882912032
496,1016,1512,0.1311083443242915
500,1037,1537,0.13115175174192464
502,1028,1530,0.13118060109882632
500,1014,1514,0.13120148365715045
491,1006,1497,0.13122697650348464
490,1017,1507,0.13127629978972843
487,1014,1501,0.13132473137994405
479,1008,1487,0.13137783581107074
480,1013,1493,0.1314485864894808
479,1016,1495,0.1315113610280775
483,1034,1517,0.13157211366354057
483,1036,1519,0.1316175375731482
479,1040,1519,0.13166061737111234
478,1045,1523,0.13171140443500964
480,1045,1525,0.13176058092472817
481,1028,1509,0.1318015371550569
479,1040,1519,0.1318370186888345
481,1040,1521,0.13187541956679222
482,1042,1524,0.13190546080017163
479,1041,1520,0.13193027777917274
480,1041,1521,0.1319617130700098
467,1047,1514,0.13198849023151
464,1044,1508,0.1320483736905623
460,1048,1508,0.13211224288211187
467,1057,1524,0.13218237255798687
467,1050,1517,0.13222950355118102
463,1052,1515,0.13227316455737828
458,1041,1499,0.13232479367896974
452,1041,1493,0.1323856344335833
444,1053,1497,0.13245814734125183
441,1064,1505,0.132546020341134
444,1063,1507,0.13263586942501138
439,1056,1495,0.13271187812098234
442,1060,1502,0.13279585255876164
437,1063,1500,0.1328660696637626
435,1065,1500,0.13294563957891176
432,1074,1506,0.133025602833465
423,1082,1505,0.13310823928117516
419,1086,1505,0.13321011935726734
411,1090,1501,0.1333170910398481
408,1094,1502,0.13343736636960504
419,1092,1511,0.13355747841548046
421,1088,1509,0.1336400747322019
422,1095,1517,0.133712465640297
426,1091,1517,0.13377778982331673
416,1101,1517,0.13382767403868168
406,1097,1503,0.1339012290905815
401,1106,1507,0.13399681462049304
406,1104,1510,0.13409923244850228
407,1092,1499,0.1341813448945096
407,1103,1510,0.13425397147840615
410,1116,1526,0.13432217515433392
404,1118,1522,0.1343776077461216
405,1114,1519,0.13444606965289713
403,1118,1521,0.13450734774236633
404,1115,1519,0.13456991758581416
397,1115,1512,0.13462510394429614
397,1102,1499,0.13469454294530334
397,1111,1508,0.1347595796454052
401,1108,1509,0.13481992875456464
404,1112,1516,0.13486449850867915
402,1114,1516,0.1348978261086247
406,1095,1501,0.13493427907256528
406,1103,1509,0.13495742770631403
406,1100,1506,0.13497893503090264
405,1105,1510,0.13499800484408106
405,1106,1511,0.13501962000632275
398,1117,1515,0.13503976140282264
399,1123,1522,0.1350781000960979
398,1118,1516,0.1351116950356266
396,1119,1515,0.13514651464414112
395,1118,1513,0.13518485324987328
398,1120,1518,0.13522435635072308
393,1119,1512,0.13525263201355794
390,1121,1511,0.13529304749845536
386,1131,1517,0.135338408117174
386,1130,1516,0.13539183503588473
393,1133,1526,0.1354413756096725
392,1141,1533,0.13546853776815174
387,1127,1514,0.13549747624386643
388,1125,1513,0.13553805875565345
391,1121,1512,0.13557338361741295
384,1105,1489,0.1355966265598984
389,1090,1479,0.13563787963535381
392,1102,1494,0.13566313874689304
393,1114,1507,0.1356787155246104
401,1119,1520,0.13569019210547825
411,1119,1530,0.13567993381121352
399,1104,1503,0.13564292270884143
395,1109,1504,0.13564137337576182
399,1112,1511,0.13565034913724028
395,1122,1517,0.1356491180807996
389,1122,1511,0.13565898638909216
392,1110,1502,0.13568408225281048
389,1111,1500,0.1356987749428284
390,1106,1496,0.13572127792211894
386,1111,1497,0.1357385518857873
382,1120,1502,0.1357655656719785
381,1117,1498,0.13580084374403828
382,1121,1503,0.13583662231464316
379,1125,1504,0.13586636864108545
381,1134,1515,0.13590165523823802
379,1135,1514,0.1359292222707355
377,1118,1495,0.13595974289581078
377,1120,1497,0.13599350889937797
370,1126,1496,0.13602636576537874
371,1125,1496,0.1360783414988567
373,1129,1502,0.13612420327722827
373,1125,1498,0.1361614155343342
369,1134,1503,0.1361955815073121
365,1146,1511,0.13623831827888608
364,1142,1506,0.13628999652929805
363,1146,1509,0.13634201898451923
362,1154,1516,0.1363930914034514
364,1149,1513,0.13644402409498238
362,1154,1516,0.13648679653422524
358,1150,1508,0.13653197076690857
359,1146,1505,0.1365845277498652
359,1137,1496,0.1366314595799403
362,1147,1509,0.13667509484062704
369,1150,1519,0.1367072426356523
362,1143,1505,0.13671892786234585
357,1154,1511,0.13675076570889746
353,1156,1509,0.13679484405407016
359,1147,1506,0.13684621205799302
361,1144,1505,0.13687767076156063
362,1149,1511,0.13690046899434516
356,1155,1511,0.1369188981957416
354,1148,1502,0.13695245834657155
351,1152,1503,0.13698931957638358
350,1156,1506,0.1370319536541061
342,1143,1485,0.13707570416802747
347,1162,1509,0.13713950292466814
352,1173,1525,0.1371849497810312
346,1160,1506,0.13721414672032053
337,1166,1503,0.13725858270740304
339,1176,1515,0.1373249431539802
337,1184,1521,0.1373812367801397
338,1167,1505,0.13743954148460716
338,1171,1509,0.13749094857202704
338,1170,1508,0.1375399325532668
339,1179,1518,0.13758573407726696
333,1166,1499,0.13762483226167027
334,1169,1503,0.13767788794761557
334,1179,1513,0.1377242823958056
333,1180,1513,0.1377674498935381
333,1180,1513,0.1378104887125608
330,1184,1514,0.1378514464907554
334,1175,1509,0.13789785732041182
340,1179,1519,0.13793060371679058
347,1173,1520,0.13794321657816283
342,1165,1507,0.13793522982908457
341,1163,1504,0.13794152544546998
336,1165,1501,0.1379504029337315
336,1161,1497,0.13797329429952082
334,1166,1500,0.1379939185547698
323,1157,1480,0.1380186812114393
323,1164,1487,0.1380723967456716
328,1160,1488,0.13812159887604886
333,1171,1504,0.13815413439525015
331,1155,1486,0.13817013918500787
335,1169,1504,0.13819084862597955
329,1176,1505,0.13819856758520174
335,1169,1504,0.13822264567003828
341,1175,1516,0.13822845496695357
334,1169,1503,0.13821810736778603
338,1176,1514,0.13822897537035148
334,1179,1513,0.13822862199580332
331,1183,1514,0.13823996237746894
329,1185,1514,0.1382591867900922
328,1181,1509,0.13828263925463977
326,1181,1507,0.13830770692200534
319,1175,1494,0.13833669664272308
315,1193,1508,0.1383829329711859
314,1191,1505,0.13843693273874638
306,1197,1503,0.1384913200990243
307,1197,1504,0.13856516286240797
309,1199,1508,0.1386307750991688
311,1199,1510,0.13868590036744372
321,1201,1522,0.13873147343423153
319,1194,1513,0.13874543278998755
325,1196,1521,0.13876392552141506
323,1180,1503,0.13876390451746776
318,1188,1506,0.1387693668828343
322,1196,1518,0.13878870633512835
326,1187,1513,0.13879513900269502
326,1195,1521,0.1387896373647571
320,1189,1509,0.13878399926674978
316,1189,1505,0.13879575897937524
317,1187,1504,0.1388185670383573
323,1179,1502,0.1388366099908188
322,1193,1515,0.1388368904709429
319,1194,1513,0.1388400975691738
319,1196,1515,0.13885186466605423
319,1175,1494,0.1388624877717897
323,1187,1510,0.13887232342348466
325,1201,1526,0.13887020032203734
325,1192,1517,0.13886250857236196
325,1194,1519,0.1388550773737312
329,1189,1518,0.1388477373606007
324,1187,1511,0.13883060315065382
322,1197,1519,0.13882841701106963
316,1194,1510,0.1388324060258605
315,1183,1498,0.13885295239200235
313,1192,1505,0.1388748039292111
311,1203,1514,0.13889990227928814
306,1202,1508,0.1389281348955745
309,1193,1502,0.13896888445673333
313,1196,1509,0.1389994302653379
313,1208,1521,0.13901624250902372
316,1199,1515,0.1390311157201493
320,1208,1528,0.13903706855997658
323,1202,1525,0.1390318091163166
322,1201,1523,0.13901816064584555
316,1197,1513,0.139008338409978
310,1208,1518,0.13901627804323527
308,1216,1524,0.13904072872541198
303,1208,1511,0.1390703178715682
301,1214,1515,0.13911245095029617
298,1209,1507,0.13915720540096474
287,1221,1508,0.13920770905688448
281,1226,1507,0.1392860326623701
274,1221,1495,0.13937552780484833
282,1224,1506,0.13947910956566667
285,1218,1503,0.1395539709525155
280,1223,1503,0.13961569678583693
278,1218,1496,0.1396865887313177
282,1219,1501,0.13975793104026552
282,1224,1506,0.13981370551940503
279,1217,1496,0.13986603535896816
281,1221,1502,0.1399236967152192
280,1226,1506,0.13997155671269682
283,1226,1509,0.1400196356178849
280,1231,1511,0.1400568221052294
276,1222,1498,0.14009997861919068
280,1225,1505,0.14015152375003403
276,1234,1510,0.1401887012753128
273,1229,1502,0.14023502783702557
276,1224,1500,0.14028708892279565
275,1242,1517,0.14032690263309902
271,1240,1511,0.1403672208847594
267,1230,1497,0.14041629487020985
273,1232,1505,0.14047200711235638
270,1230,1500,0.140506701284177
269,1223,1492,0.14054663331833503
271,1230,1501,0.14058694573382216
273,1234,1507,0.14061981735278878
268,1224,1492,0.14064436220771434
269,1230,1499,0.14068140948987218
266,1231,1497,0.14071330765419499
266,1242,1508,0.1407512219833909
268,1240,1508,0.14078754566079182
267,1226,1493,0.14081579089795254
267,1237,1504,0.14084453058403068
271,1250,1521,0.14087115273766457
271,1247,1518,0.14088498826560097
276,1249,1525,0.1408976042381671
274,1241,1515,0.14089484353720924
269,1249,1518,0.1408978175018934
266,1252,1518,0.1409137816353472
268,1250,1518,0.1409377159602145
267,1240,1507,0.14095417123630566
266,1250,1516,0.1409728726275752
263,1257,1520,0.1409927921227078
267,1256,1523,0.14102013000761168
268,1257,1525,0.1410346758083851
265,1259,1524,0.1410454703643832
257,1252,1509,0.1410643511722352
258,1249,1507,0.14110376517669793
260,1251,1511,0.14113779619238728
260,1255,1515,0.14116472455750947
256,1259,1515,0.14118949384003832
253,1253,1506,0.14122414681324102
251,1257,1508,0.14126596309623263
246,1260,1506,0.14131030904497308
247,1243,1490,0.1413666094684357
246,1242,1488,0.14141581776213305
250,1252,1502,0.141464239478521
250,1271,1521,0.1414977302074968
239,1276,1515,0.14152949305195897
240,1278,1518,0.14158996880941846
244,1271,1515,0.141644174181835
245,1273,1518,0.14168393952459588
239,1265,1504,0.14171851254730383
234,1258,1492,0.1417691682871577
234,1271,1505,0.14183028491600624
235,1280,1515,0.1418876342450113
237,1273,1510,0.14193729015784717
238,1266,1504,0.1419775037475868
236,1258,1494,0.14201271685171235
238,1262,1500,0.14205093803288454
237,1268,1505,0.14208126091830883
236,1274,1510,0.1421128604847059
237,1257,1494,0.14214534521063485
238,1278,1516,0.1421732237756398
241,1267,1508,0.14219617225154713
237,1266,1503,0.1422093236882102
240,1270,1510,0.14223329850055116
241,1261,1502,0.1422467988913137
241,1276,1517,0.14225609020838517
240,1272,1512,0.14226545979571284
244,1261,1505,0.14227622431540898
238,1269,1507,0.14227581180030555
234,1272,1506,0.14229233311258757
228,1271,1499,0.14232076307370886
234,1273,1507,0.14236442223113185
236,1275,1511,0.14238801908848683
237,1277,1514,0.14240402574101566
233,1269,1502,0.14241703746553763
234,1268,1502,0.14244143477585325
233,1284,1517,0.1424611937456982
237,1286,1523,0.14248207445221073
240,1290,1530,0.14249007645410627
237,1297,1534,0.14248939775259795
238,1296,1534,0.14249741289333298
234,1294,1528,0.14250211200501567
234,1291,1525,0.14251863823011157
232,1285,1517,0.1425338261853724
231,1285,1516,0.14255359530008646
221,1284,1505,0.142575942787105
223,1284,1507,0.1426254945315385
219,1290,1509,0.14266657553884599
222,1294,1516,0.14271703093225785
225,1301,1526,0.1427559138924791
224,1307,1531,0.14278376233786613
220,1294,1514,0.14281263427420052
219,1285,1504,0.14285069950681384
223,1279,1502,0.14288929514953505
219,1271,1490,0.14291375951886173
220,1282,1502,0.14294848166664267
222,1297,1519,0.14297804857185614
220,1307,1527,0.14300014087707294
219,1311,1530,0.1430258905641782
219,1316,1535,0.14305283630597804
214,1311,1525,0.14307846347639466
213,1302,1515,0.14311670941822993
209,1300,1509,0.14315527280275855
211,1302,1513,0.1432026818665548
215,1289,1504,0.14324075411143852
215,1295,1510,0.14326389741325016
217,1288,1505,0.14328641832483935
217,1291,1508,0.1433021957737586
211,1285,1496,0.14331702694504977
216,1296,1512,0.14334834986646952
214,1285,1499,0.1433638884277422
211,1292,1503,0.1433842660319285
209,1305,1514,0.14341156368967492
208,1313,1521,0.14344300560717238
209,1312,1521,0.14347540451083793
205,1301,1506,0.14350265448028598
204,1308,1512,0.14354031203379575
208,1311,1519,0.14357883293300788
203,1314,1517,0.1436033396999
203,1308,1511,0.14364088647374923
202,1318,1520,0.14367664096422958
201,1318,1519,0.14371311813661786
201,1319,1520,0.14375064755179803
195,1323,1518,0.14378573549896076
197,1327,1524,0.14383568845245912
195,1318,1513,0.14387637434418013
203,1319,1522,0.14391976572159113
206,1316,1522,0.14393755939594963
206,1313,1519,0.14394679300079216
204,1315,1519,0.14395564789360396
204,1322,1526,0.1439698576565137
205,1323,1528,0.14398335423461767
204,1322,1526,0.1439935532198613
203,1315,1518,0.1440052278503794
203,1313,1516,0.14401894323624378
196,1316,1512,0.14403064489692505
199,1315,1514,0.1440620881933702
198,1309,1507,0.14408312875113125
193,1308,1501,0.14410663127753695
189,1315,1504,0.14414275298942225
187,1325,1512,0.1441885819468043
185,1322,1507,0.1442377373410568
186,1335,1521,0.14428950950219563
189,1339,1528,0.14433505532196786
185,1330,1515,0.1443684387097618
189,1334,1523,0.14441142068233812
182,1324,1506,0.14443946874987343
179,1324,1503,0.14448586299629118
177,1328,1505,0.14453825348674434
180,1330,1510,0.14459266849265207
183,1330,1513,0.14463496686581306
183,1326,1509,0.14466556286447405
185,1328,1513,0.14469474187197226
185,1328,1513,0.1447161461624959
191,1328,1519,0.14473660805142496
189,1324,1513,0.14473913390705234
188,1323,1511,0.14474709325752977
185,1321,1506,0.14475765913138636
185,1316,1501,0.14477615270377378
186,1323,1509,0.14479288027800027
186,1325,1511,0.14480715844023762
183,1341,1524,0.14482069144169943
177,1329,1506,0.14484155169018023
177,1327,1504,0.14487886499261238
174,1334,1508,0.1449135286898668
180,1333,1513,0.1449546349575125
179,1339,1518,0.14497583748222873
176,1336,1512,0.14499931921967252
178,1348,1526,0.14503003014033924
176,1354,1530,0.1450527271898225
173,1335,1508,0.1450803397163931
167,1324,1491,0.14511481842623827
167,1324,1491,0.14516425975494202
175,1334,1509,0.14521022297249264
175,1339,1514,0.14523056770440676
175,1352,1527,0.14524897836369124
179,1357,1536,0.14526642683618352
180,1354,1534,0.14527124123548799
178,1352,1530,0.1452731651856201
178,1351,1529,0.14528075978848787
174,1348,1522,0.14528764829602264
173,1346,1519,0.14530551749642823
176,1340,1516,0.14532525684960998
173,1353,1526,0.14533472724205307
169,1346,1515,0.14535224571681904
169,1351,1520,0.14537989596506953
173,1353,1526,0.14540593868524404
173,1355,1528,0.14541827654833855
170,1362,1532,0.14542985945758055
170,1365,1535,0.14544946151323485
175,1350,1525,0.1454677331934534
178,1356,1534,0.1454696970119253
170,1350,1520,0.1454629866903936
170,1349,1519,0.14548002822340475
167,1343,1510,0.14549603207577416
170,1345,1515,0.1455194100964479
173,1335,1508,0.1455319449160072
173,1334,1507,0.14553525244030652
172,1333,1505,0.1455378952326095
169,1346,1515,0.14554341425374637
166,1342,1508,0.14555699859757548
166,1338,1504,0.14557872877878336
164,1340,1504,0.1455990882248822
163,1346,1509,0.14562307824094883
162,1335,1497,0.14564785016020892
167,1357,1524,0.1456750641190951
164,1355,1519,0.14568593291025206
160,1342,1502,0.14570468944300655
156,1347,1503,0.14573405662827818
161,1343,1504,0.14577325550531747
164,1345,1509,0.1457955071328135
162,1343,1505,0.14580801134687646
163,1345,1508,0.14582554304913992
165,1346,1511,0.1458392555512287
163,1345,1508,0.14584677786025818
163,1347,1510,0.14585946863415294
158,1351,1509,0.14587102588823547
156,1347,1503,0.1458962943093284
162,1349,1511,0.14592548901333957
161,1359,1520,0.145934723640985
157,1363,1520,0.14594683319736063
158,1353,1511,0.14596966522733468
159,1362,1521,0.1459881018424487
159,1352,1511,0.14600171485201963
158,1356,1514,0.14601459247858467
159,1355,1514,0.14602929084932453
158,1342,1500,0.14604026161497546
158,1351,1509,0.14605379940421323
157,1364,1521,0.1460670676683233
155,1363,1518,0.14608258404477673
153,1364,1517,0.14610299634586466
152,1366,1518,0.14612836315576216
149,1378,1527,0.14615541465069173
147,1385,1532,0.14618973819149927
148,1368,1516,0.1462277178519921
146,1381,1527,0.14626004330709744
147,1371,1518,0.146295834055587
148,1378,1526,0.14632655854018828
151,1369,1520,0.1463523984956847
150,1376,1526,0.14636778040586243
151,1379,1530,0.14638597668669762
147,1379,1526,0.14640100879833745
145,1377,1522,0.14642649928899082
149,1370,1519,0.14645542144766982
148,1362,1510,0.14647140734926306
150,1363,1513,0.14648853097955006
143,1370,1513,0.14649871966867306
144,1369,1513,0.14652918140647098
142,1373,1515,0.1465548145459239
138,1370,1508,0.14658422782118236
139,1372,1511,0.14662391541568615
141,1379,1520,0.1466578266316194
140,1371,1511,0.14668307449428716
139,1383,1522,0.14670958324882602
136,1387,1523,0.14673720719221747
134,1378,1512,0.146771381463417
136,1382,1518,0.14680871520486044
136,1384,1520,0.1468381985888664
135,1391,1526,0.14686597335105364
131,1396,1527,0.14689440831677256
130,1392,1522,0.14693253193939693
131,1378,1509,0.14697094819118925
128,1400,1528,0.14700391784531658
125,1397,1522,0.1470435359945131
129,1380,1509,0.14708971513654126
128,1386,1514,0.14712099602507192
126,1379,1505,0.14715296138805875
125,1388,1513,0.1471886278619681
125,1393,1518,0.1472249829395356
126,1387,1513,0.14725948928001667
126,1390,1516,0.1472890337412257
124,1380,1504,0.14731670344222209
121,1384,1505,0.14734896167459088
120,1396,1516,0.14738830901776004
117,1405,1522,0.14742777119231504
118,1413,1531,0.14747399806746794
115,1403,1518,0.1475145000802203
113,1399,1512,0.1475613986662009
114,1390,1504,0.14761099683134685
115,1385,1500,0.1476546337236358
116,1382,1498,0.14769235705708597
120,1394,1514,0.14772455194947756
122,1388,1510,0.14774325498627194
120,1380,1500,0.1477551995287998
121,1380,1501,0.1477724564064604
121,1391,1512,0.1477855504458798
122,1394,1516,0.147797756795651
123,1396,1519,0.14780615614189677
125,1401,1526,0.14781085050028506
122,1401,1523,0.14780947029864364
122,1394,1516,0.14781706313230425
120,1394,1514,0.1478240455416103
119,1393,1512,0.1478369898623323
115,1403,1518,0.14785223376027917
120,1389,1509,0.14787803262876517
116,1390,1506,0.1478875708822254
118,1391,1509,0.14790873595116225
117,1381,1498,0.14792258173084435
115,1397,1512,0.14793867057031101
116,1386,1502,0.14795974581926885
113,1377,1490,0.14797666493514605
113,1388,1501,0.14800152120576343
108,1393,1501,0.14802507973116516
105,1390,1495,0.14806232092216548
101,1403,1504,0.14810623091417527
102,1412,1514,0.14815927751252478
101,1402,1503,0.14820617111386028
107,1391,1498,0.14825330665993414
107,1396,1503,0.14827877432794773
105,1416,1521,0.14830278264836
106,1410,1516,0.1483316388086509
104,1409,1513,0.14835563585381928
107,1409,1516,0.14838415765786095
108,1404,1512,0.148402099949661
105,1420,1525,0.1484154747349253
104,1421,1525,0.14843692804382472
105,1427,1532,0.14845995608867843
106,1418,1524,0.14847858643246853
102,1419,1521,0.1484929428243269
102,1404,1506,0.14851896291370908
101,1399,1500,0.14854323483268927
98,1385,1483,0.14856888711920355
104,1390,1494,0.1486014993593197
109,1396,1505,0.14861432751028208
108,1407,1515,0.1486109567344191
106,1399,1505,0.14861115241095793
105,1409,1514,0.14861744702673735
107,1409,1516,0.148626804429731
112,1414,1526,0.14862948844231483
110,1413,1523,0.14861697026498966
111,1414,1525,0.1486114038303685
108,1415,1523,0.1486034832533539
107,1411,1518,0.14860549893713174
108,1413,1521,0.14861030078212925
104,1415,1519,0.14861180809724003
106,1426,1532,0.14862507338694939
109,1420,1529,0.1486312043325512
107,1425,1532,0.14862768143475577
108,1420,1528,0.14863014686118795
111,1412,1523,0.14862913447737516
110,1418,1528,0.1486190776254607
109,1406,1515,0.14861291017036365
107,1415,1522,0.1486103560119421
110,1416,1526,0.14861419298722758
110,1410,1520,0.14860878397565305
111,1406,1517,0.14860370530050188
106,1407,1513,0.14859578782106211
105,1416,1521,0.14860352407831598
104,1415,1519,0.14861353704564437
109,1413,1522,0.1486256145180124
113,1400,1513,0.14862195731382616
113,1411,1524,0.1486064472087192
116,1407,1523,0.14859213482297712
118,1409,1527,0.14856963233105056
119,1406,1525,0.14854214789179992
119,1403,1522,0.1485135828567602
123,1397,1520,0.14848710525345088
121,1399,1520,0.1484503211057714
119,1409,1528,0.1484221864017812
115,1414,1529,0.1484017312530031
111,1406,1517,0.14839433205526972
110,1412,1522,0.1483989930342943
110,1404,1514,0.1484063497022088
114,1413,1527,0.1484129632556856
116,1404,1520,0.14840705119986533
119,1409,1528,0.14839588471090204
117,1404,1521,0.14837647808197332
116,1394,1510,0.14836467205697523
117,1390,1507,0.14835655918410004
114,1397,1511,0.14834583314786481
111,1411,1522,0.1483444448090511
111,1414,1525,0.14835227475120072
114,1400,1514,0.14835949889792766
113,1397,1510,0.1483576226973362
110,1406,1516,0.14835851885345705
109,1410,1519,0.1483686866534438
106,1418,1524,0.1483807334759465
106,1410,1516,0.1484012407075298
108,1408,1516,0.14842010760623175
112,1412,1524,0.14843183899082715
112,1407,1519,0.14843123942727007
110,1419,1529,0.1484307875623696
108,1426,1534,0.1484365931237487
109,1422,1531,0.14844839411582963
108,1407,1515,0.1484563456096705
106,1403,1509,0.14846676284484744
104,1411,1515,0.148482522651021
101,1392,1493,0.14850368731118888
98,1408,1506,0.14853214025323283
98,1402,1500,0.1485675643572181
98,1409,1507,0.14860075014187188
99,1413,1512,0.14863170661774866
99,1395,1494,0.14865798115843776
101,1406,1507,0.14868258235931253
103,1409,1512,0.14869941690327973
99,1401,1500,0.14870931912599006
104,1400,1504,0.14873095068017222
105,1408,1513,0.1487355842779271
100,1411,1511,0.14873690675733897
101,1414,1515,0.14875386409029848
101,1410,1511,0.1487665877277057
100,1413,1513,0.1487787920943552
101,1420,1521,0.1487937083354504
97,1423,1520,0.14880434794767353
96,1400,1496,0.1488266991066658
97,1396,1493,0.14885072044764872
96,1413,1509,0.1488698074970401
92,1408,1500,0.14889079886866607
93,1395,1488,0.1489228800597872
96,1411,1507,0.1489495047069193
98,1402,1500,0.14896522092810915
100,1411,1511,0.14897375538093155
99,1419,1518,0.14897553968554408
98,1432,1530,0.14898029210558167
98,1427,1525,0.14898807982505538
99,1429,1528,0.14899499182968587
98,1425,1523,0.14899880371588622
97,1418,1515,0.14900573786114002
96,1421,1517,0.14901556625587106
94,1426,1520,0.14902783926410007
87,1423,1510,0.1490450940488933
91,1423,1514,0.1490823171563982
93,1427,1520,0.14910492538657344
96,1437,1533,0.1491201372671786
98,1436,1534,0.1491253842574811
97,1430,1527,0.14912399161671444
95,1435,1530,0.14912579340222054
97,1437,1534,0.1491332534373192
94,1430,1524,0.14913448278437158
97,1421,1518,0.1491450195321278
96,1419,1515,0.14914584665052605
98,1408,1506,0.14914969683494472
96,1414,1510,0.14914731350213198
95,1415,1510,0.14915141310598948
96,1424,1520,0.14915854157890798
92,1425,1517,0.14916205167724908
90,1423,1513,0.14917787431907578
86,1429,1515,0.1491985968873075
89,1423,1512,0.1492303227684305
85,1415,1500,0.14925100851793843
86,1417,1503,0.14928248225149132
89,1425,1514,0.14930908209932253
92,1427,1519,0.1493251017538052
92,1430,1522,0.14933074943325683
90,1417,1507,0.14933612302807547
89,1427,1516,0.1493469869366404
87,1422,1509,0.1493603495377753
90,1423,1513,0.1493791164463797
89,1408,1497,0.14938744354153555
88,1414,1502,0.1493984982853459
89,1414,1503,0.1494123216482797
88,1422,1510,0.1494220360368619
88,1418,1506,0.14943424205401892
87,1415,1502,0.14944575767101273
90,1424,1514,0.149459643417982
89,1421,1510,0.14946358895013753
90,1428,1518,0.14947040905585585
88,1422,1510,0.14947361391551472
86,1430,1516,0.14948261360888607
88,1429,1517,0.14949714120338226
86,1423,1509,0.14950482660833975
80,1435,1515,0.14951803009117767
82,1450,1532,0.14954863491860926
78,1444,1522,0.1495708810636926
77,1444,1521,0.1496039982988269
76,1446,1522,0.14963788821393512
77,1446,1523,0.1496727162249383
76,1439,1515,0.14970215444432458
76,1432,1508,0.14973283622023673
76,1431,1507,0.14976154500900968
75,1442,1517,0.14978843186187338
72,1448,1520,0.149816972645415
72,1442,1514,0.14985288255420573
70,1455,1525,0.14988646473648148
71,1442,1513,0.1499240760647883
73,1456,1529,0.14995634499391525
73,1458,1531,0.14998081607086658
74,1456,1530,0.15000368760350288
76,1445,1521,0.15002198791392993
74,1454,1528,0.15003335773031595
74,1450,1524,0.15005012331392398
71,1460,1531,0.15006584705921994
70,1456,1526,0.1500896565557975
70,1459,1529,0.15011548457280205
68,1457,1525,0.1501396435429791
66,1454,1520,0.1501682296959983
65,1459,1524,0.15020105307936638
66,1462,1528,0.15023512220398438
65,1455,1520,0.15026396755378746
64,1456,1520,0.15029423205357767
64,1456,1520,0.1503253788650547
66,1455,1521,0.1503547536518311
65,1456,1521,0.15037644778352963
63,1433,1496,0.15039999976705748
62,1437,1499,0.15042829452017434
65,1444,1509,0.15045747818464808
65,1446,1511,0.15047546161505074
65,1450,1515,0.15049234021692487
64,1443,1507,0.15050820842833987
66,1457,1523,0.15052609657429827
66,1443,1509,0.1505365065601252
65,1452,1517,0.1505464334682167
65,1459,1524,0.15055883264995043
66,1451,1517,0.1505706513232996
66,1449,1515,0.15057876614144408
63,1456,1519,0.1505864398949787
64,1458,1522,0.1506028885876062
65,1461,1526,0.15061522169733596
64,1458,1522,0.15062375087392155
63,1449,1512,0.15063487049589883
63,1457,1520,0.15064850197977828
62,1458,1520,0.1506612633197527
64,1463,1527,0.15067627567165698
63,1454,1517,0.15068416009717578
64,1438,1502,0.15069468472624586
66,1449,1515,0.1507014169687747
63,1450,1513,0.1507015724299799
65,1441,1506,0.1507110506160424
64,1438,1502,0.15071347594121243
66,1441,1507,0.15071876810319618
64,1446,1510,0.15071775227141704
60,1447,1507,0.15072291629836954
58,1451,1509,0.15073959817299276
60,1448,1508,0.15076146315778
59,1446,1505,0.1507762224802086
60,1442,1502,0.1507929541467492
59,1442,1501,0.1508059433878304
59,1443,1502,0.15082113357213672
58,1453,1511,0.1508353511307579
57,1452,1509,0.1508518464796275
57,1461,1518,0.1508705119794205
58,1456,1514,0.15088804644915027
58,1470,1528,0.15090159966624997
58,1455,1513,0.15091431494788377
59,1446,1505,0.15092619125582565
59,1444,1503,0.15093429835100816
57,1453,1510,0.15094192464922987
57,1447,1504,0.15095508455605114
56,1452,1508,0.15096769983686417
57,1474,1531,0.1509826938655204
60,1455,1515,0.15099357585716508
54,1464,1518,0.15099456700234085
56,1467,1523,0.1510141438390596
58,1467,1525,0.15102620627582944
57,1455,1512,0.1510312109943984
59,1458,1517,0.1510390948369339
62,1452,1514,0.15104035963807122
61,1452,1513,0.15103247323615226
61,1449,1510,0.15102824797245937
64,1463,1527,0.15102428942663626
63,1451,1514,0.15101110660738704
63,1448,1511,0.15100177973096687
60,1462,1522,0.15099293553802365
57,1461,1518,0.15099388192693278
57,1464,1521,0.15100404754919386
55,1459,1514,0.15101387926602133
57,1446,1503,0.15102945091502198
55,1463,1518,0.15103781254025098
53,1477,1530,0.15105191090183254
52,1469,1521,0.15107118296525798
50,1467,1517,0.15109231486550784
47,1465,1512,0.15111822751793752
49,1453,1502,0.1511519331859178
46,1459,1505,0.15117739312515804
49,1456,1505,0.15121034485268478
47,1443,1490,0.151232307662027
49,1448,1497,0.1512592164356993
47,1456,1503,0.1512782578370611
48,1462,1510,0.1513021072234227
49,1462,1511,0.1513213758511711
49,1463,1512,0.15133660187865747
48,1470,1518,0.1513508108776316
47,1472,1519,0.15136756204256901
43,1472,1515,0.151386443880047
44,1465,1509,0.15141707400938223
41,1472,1513,0.15144268102973701
41,1483,1524,0.15147566306378102
42,1476,1518,0.15150672196094647
41,1476,1517,0.15153264636680816
41,1468,1509,0.15155996142584144
42,1466,1508,0.1515855337700654
45,1464,1509,0.15160634994790073
44,1471,1515,0.1516167147621184
44,1475,1519,0.15162984489836415
42,1483,1525,0.1516420912859324
42,1491,1533,0.15165940072037296
42,1478,1520,0.15167571777709507
42,1468,1510,0.151691108705036
40,1463,1503,0.15170555166039273
41,1469,1510,0.151725314750578
40,1471,1511,0.1517409603752796
39,1467,1506,0.15175867597322257
39,1471,1510,0.15177829907461673
41,1479,1520,0.15179671549561394
45,1478,1523,0.1518078824582818
46,1473,1519,0.15180598716769744
46,1468,1514,0.15180126786394443
47,1465,1512,0.1517969586997332
47,1472,1519,0.15178933970111097
46,1466,1512,0.15178238630119867
46,1473,1519,0.1517790927661783
45,1467,1512,0.15177592039098114
41,1470,1511,0.15177625542214643
41,1472,1513,0.15178893391861767
39,1474,1513,0.15180111857991044
39,1473,1512,0.15181853946771784
36,1472,1508,0.1518348014726922
38,1479,1517,0.1518592833558986
39,1484,1523,0.15187597395750121
37,1480,1517,0.1518887707849345
37,1472,1509,0.1519070017656114
35,1478,1513,0.15192407496996008
35,1486,1521,0.15194662867865757
35,1487,1522,0.151967846683512
34,1480,1514,0.15198770705870113
34,1476,1510,0.15200952055642594
35,1484,1519,0.1520299994059291
36,1475,1511,0.15204618994925045
37,1479,1516,0.1520584286758156
35,1486,1521,0.15206655770272495
35,1467,1502,0.15208041375184314
37,1471,1508,0.15209344207518113
37,1476,1513,0.15209945684330076
36,1470,1506,0.15210514348415338
35,1476,1511,0.15211346491575728
35,1476,1511,0.15212432142394264
36,1481,1517,0.15213457751114284
36,1470,1506,0.15214111272062006
37,1481,1518,0.15214720204815493
36,1479,1515,0.15214987767034313
35,1476,1511,0.15215556243917233
36,1477,1513,0.15216404314944648
35,1474,1509,0.15216885955876594
35,1470,1505,0.1521765460743632
34,1469,1503,0.1521834849267654
33,1486,1519,0.15219316668747754
32,1489,1521,0.1522053140959339
31,1480,1511,0.15221992364103
31,1486,1517,0.15223663639418503
31,1492,1523,0.1522523269659328
30,1487,1517,0.15226706069163584
30,1487,1517,0.1522838337048735
30,1494,1524,0.15229969398027948
28,1498,1526,0.15231461278873476
26,1501,1527,0.15233473774120374
26,1507,1533,0.15235998072818435
26,1498,1524,0.1523836548975332
26,1490,1516,0.15240588203231875
27,1492,1519,0.15242675741155337
27,1488,1515,0.1524433339707131
26,1493,1519,0.15245891420251162
27,1486,1513,0.15247665079804462
28,1493,1521,0.15249019417896043
29,1498,1527,0.1524996576922757
30,1493,1523,0.1525054245678895
30,1492,1522,0.15250778226418885
31,1487,1518,0.1525099842676495
30,1491,1521,0.15250882923031434
28,1498,1526,0.1525109806228862
29,1495,1524,0.15251920018974197
28,1486,1514,0.1525236960190308
28,1489,1517,0.15253117038113226
28,1494,1522,0.15253815290254494
28,1497,1525,0.15254465248332966
30,1493,1523,0.15255076756832614
29,1482,1511,0.15255008379858573
29,1492,1521,0.1525524805585613
29,1483,1512,0.1525547470214143
29,1471,1500,0.15255705708794434
29,1463,1492,0.15255922213567935
30,1470,1500,0.15256119488072442
31,1471,1502,0.15255997040853259
29,1472,1501,0.15255581974843202
31,1488,1519,0.15255804893892497
30,1496,1526,0.15255399250435098
31,1494,1525,0.15255332085731546
31,1497,1528,0.15254962672980757
31,1484,1515,0.15254616110732158
30,1489,1519,0.15254290699645354
29,1490,1519,0.15254304126672052
28,1491,1519,0.15254588814671116
28,1486,1514,0.152551792418681
30,1490,1520,0.152557354676672
32,1497,1529,0.15255649551971615
31,1493,1524,0.15254944385691138
30,1495,1525,0.15254601927852113
29,1484,1513,0.15254590673008914
29,1478,1507,0.1525489557645361
29,1494,1523,0.15255180310783634
27,1483,1510,0.15255447710742565
26,1485,1511,0.15256312270949676
26,1483,1509,0.15257438549194732
25,1487,1512,0.1525849657810719
25,1495,1520,0.1525980973883843
25,1494,1519,0.15261043038898442
25,1504,1529,0.1526220115417587
24,1501,1525,0.15263288898704905
23,1494,1517,0.15264619230278897
22,1495,1517,0.15266180934371396
22,1489,1511,0.15267953107679275
20,1489,1509,0.1526962367684389
19,1497,1516,0.15271825363485733
20,1497,1517,0.15274207398387593
20,1499,1519,0.15276123294003785
21,1519,1540,0.15277923681876046
20,1511,1531,0.15279300944241578
20,1509,1529,0.1528091896902848
20,1499,1519,0.15282440153318208
20,1498,1518,0.15283869791929688
19,1498,1517,0.1528521353197257
19,1501,1520,0.15286797225215662
17,1502,1519,0.15288286074483456
17,1479,1496,0.15290312579353718
19,1485,1504,0.15292216778150003
17,1480,1497,0.15293375150352528
19,1486,1505,0.1529510309414467
20,1496,1516,0.15296091354701016
20,1509,1529,0.15296707789010733
20,1518,1538,0.15297277397748543
20,1493,1513,0.15297814753345418
18,1491,1509,0.15298320863500497
17,1494,1511,0.15299424164005146
19,1479,1498,0.1530077736617345
21,1481,1502,0.15301406439420412
20,1477,1497,0.15301373390672318
20,1480,1500,0.15301658865639986
20,1495,1515,0.15301926981808925
20,1505,1525,0.1530217931035995
18,1498,1516,0.1530241682765887
19,1503,1522,0.1530326488879195
19,1505,1524,0.15303746590399447
18,1484,1502,0.15304201541212742
18,1496,1514,0.1530493459374374
18,1496,1514,0.1530562872521888
15,1494,1509,0.15306285387593022
16,1495,1511,0.15307850136078432
17,1493,1510,0.15309000226139832
17,1488,1505,0.15309776439777736
17,1488,1505,0.1531050379812737
15,1500,1515,0.15311188502627474
16,1500,1516,0.15312474487395025
16,1501,1517,0.1531337277599199
16,1499,1515,0.15314217358674834
16,1507,1523,0.1531501127774209
17,1507,1524,0.15315746771099592
16,1500,1516,0.1531612056869686
18,1486,1504,0.1531680165785304
18,1491,1509,0.15316816156924581
19,1479,1498,0.15316826618479734
19,1470,1489,0.15316522591818907
17,1481,1498,0.15316239194730827
16,1490,1506,0.1531659105069904
16,1496,1512,0.1531723552025943
16,1497,1513,0.1531784342901625
16,1497,1513,0.15318416049839945
17,1498,1515,0.15318954963955736
17,1494,1511,0.1531913998309071
18,1498,1516,0.15319314485425553
18,1511,1529,0.15319157502370664
18,1512,1530,0.15319011007062389
18,1508,1526,0.153188743939624
16,1494,1510,0.15318746802790337
16,1506,1522,0.15319255736099854
15,1506,1521,0.1531973929499618
15,1510,1525,0.15320512211976253
13,1519,1532,0.15321250776367723
12,1521,1533,0.15322578317376834
12,1511,1523,0.15324159132318685
14,1513,1527,0.15325639150557382
12,1504,1516,0.15326388012916162
10,1508,1518,0.15327720035820708
10,1499,1509,0.15329612806825263
9,1510,1519,0.15331394252558733
10,1495,1505,0.15333377212217886
10,1500,1510,0.1533492789527322
10,1499,1509,0.1533638950655711
10,1505,1515,0.15337765721008806
10,1510,1520,0.15339060906662613
10,1516,1526,0.15340279543128635
9,1512,1521,0.1534142600163992
9,1514,1523,0.15342827555242824
9,1509,1518,0.15344146240189577
8,1508,1516,0.15345386278823955
8,1502,1510,0.15346876594766998
9,1520,1529,0.15348278828664844
9,1503,1512,0.1534927876213777
9,1518,1527,0.15350222354417767
9,1502,1511,0.1535111132454156
9,1507,1516,0.1535194824410977
9,1506,1515,0.153527358430694
9,1510,1519,0.15353476841662506
9,1507,1516,0.15354173883263092
9,1509,1518,0.15354829503541415
7,1504,1511,0.15355446117013083
8,1517,1525,0.1535666529124542
8,1515,1523,0.15357489413165515
8,1510,1518,0.15358264293116558
8,1509,1517,0.15358992933595705
7,1516,1523,0.15359678126365645
7,1515,1522,0.1536063470166957
7,1526,1533,0.15361535176049604
7,1513,1520,0.153623826301315
7,1527,1534,0.15363179883738876
7,1514,1521,0.153639297985542
7,1510,1517,0.15364635137348817
7,1502,1509,0.15365298526257962
7,1525,1532,0.15365922447110536
7,1511,1518,0.153665092398334
7,1522,1529,0.153670611082806
7,1517,1524,0.1536758012710535
7,1509,1516,0.15368068248799183
7,1507,1514,0.15368527310572286
7,1515,1522,0.15368959040955754
7,1510,1517,0.15369365066085658
8,1502,1510,0.1536974691566133
8,1499,1507,0.15369781169579874
9,1512,1521,0.1536981342444006
9,1522,1531,0.15369524641288265
9,1513,1522,0.1536925535181361
9,1518,1527,0.15369002555661726
8,1515,1523,0.15368764985307237
8,1505,1513,0.15368861905007486
8,1495,1503,0.15368951855896318
8,1508,1516,0.15369035699526365
8,1513,1521,0.153691141306814
8,1504,1512,0.15369187663741393
7,1500,1507,0.15369256697786735
7,1512,1519,0.1536963047961655
8,1515,1523,0.15369987142515376
8,1513,1521,0.15370008920925216
8,1517,1525,0.15370029074663763
8,1523,1531,0.15370047665069037
8,1512,1520,0.15370065031922106
9,1508,1517,0.15370081331650232
9,1508,1517,0.15369774454531981
9,1502,1511,0.15369491881440403
9,1506,1515,0.15369229991616462
9,1509,1518,0.15368985210648947
9,1515,1524,0.1536875569146289
9,1500,1509,0.15368540219976556
9,1509,1518,0.15368337815362787
8,1496,1504,0.1536814761639963
7,1511,1518,0.15368284346080377
7,1516,1523,0.15368729605194187
7,1522,1529,0.1536914669573454
7,1511,1518,0.15369538842691408
7,1505,1512,0.1536990769257158
7,1506,1513,0.15370254643242276
7,1517,1524,0.15370580990566476
7,1507,1514,0.15370887951266196
5,1507,1512,0.15371176670183445
5,1512,1517,0.15372094110797685
5,1513,1518,0.15372956180883982
5,1511,1516,0.15373766463097474
5,1519,1524,0.15374528257842554
5,1519,1524,0.15375244592987616
5,1521,1526,0.15375918253252188
5,1522,1527,0.1537655181712147
5,1529,1534,0.15377147686678685
4,1529,1533,0.1537770810925671
5,1514,1519,0.15378556553256698
5,1509,1514,0.15379043056138272
6,1514,1520,0.15379495580727043
6,1518,1524,0.1537959678023343
5,1509,1514,0.15379692351153776
5,1508,1513,0.1538009169433549
5,1507,1512,0.15380472457588168
5,1500,1505,0.1538083171580989
5,1506,1511,0.15381170112427014
4,1521,1525,0.153814886505796
4,1524,1528,0.15382104449534018
4,1515,1519,0.1538268537479406
4,1521,1525,0.1538323287657364
4,1508,1512,0.15383748448618595
4,1508,1512,0.15384233768182437
4,1508,1512,0.15384690516537
4,1508,1512,0.1538512032202627
4,1511,1515,0.15385524740211082
4,1518,1522,0.15385905247787565
4,1512,1516,0.15386263242121148
4,1515,1519,0.1538660004316932
4,1522,1526,0.15386916896430936
4,1508,1512,0.15387214976315997
4,1513,1517,0.15387495389652034
4,1497,1501,0.15387759179187743
4,1498,1502,0.1538800732702288
4,1499,1503,0.15388240757927268
4,1511,1515,0.15388460342529733
4,1500,1504,0.1538866690036734
5,1503,1508,0.15388861202791296
6,1507,1513,0.15388722008938513
5,1498,1503,0.15388271196050202
6,1503,1509,0.1538817139835381
6,1514,1520,0.15387755673513856
6,1508,1514,0.1538736636398201
6,1511,1517,0.1538700101491365
7,1513,1520,0.1538665777035666
7,1507,1514,0.15386014009349888
7,1509,1516,0.153854109407364
8,1491,1499,0.15384844746574006
8,1491,1499,0.15383991824735538
8,1498,1506,0.1538319194564068
8,1508,1516,0.15382440086086724
8,1515,1523,0.153817331354942
8,1511,1519,0.15381068354973298
7,1511,1518,0.15380443206123384
6,1514,1520,0.1538017485587888
6,1509,1515,0.15380240757730376
6,1499,1505,0.1538030015727483
7,1502,1509,0.15380355166805018
6,1518,1524,0.15380086484462685
5,1525,1530,0.1538015571693143
5,1527,1532,0.15380540789713204
4,1520,1524,0.15380901273058092
3,1512,1515,0.15381560254057206
3,1514,1517,0.15382500767819235
3,1516,1519,0.15383383957759367
3,1520,1523,0.15384213858560292
3,1526,1529,0.15384994103665592
3,1519,1522,0.15385727884728218
3,1522,1525,0.1538641807513095
3,1525,1528,0.1538706731397837
3,1509,1512,0.15387678053171017
3,1520,1523,0.1538825258467024
3,1523,1526,0.15388793057814662
2,1513,1515,0.15389301491560195
2,1504,1506,0.1539010342662266
2,1504,1506,0.15390856979916115
2,1511,1513,0.15391565348000177
2,1513,1515,0.15392231520996502
2,1502,1504,0.15392858144694585
2,1521,1523,0.15393447626990686
2,1522,1524,0.15394002195537765
2,1513,1515,0.15394523928396361
2,1505,1507,0.1539501477235629
2,1510,1512,0.1539547655529598
2,1514,1516,0.15395910995455225
2,1501,1503,0.1539631970899226
2,1506,1508,0.15396704216509544
2,1489,1491,0.15397065948903102
2,1491,1493,0.15397406252725365
2,1490,1492,0.15397726395166872
2,1496,1498,0.15398027568717582
2,1511,1513,0.15398310895545098
2,1513,1515,0.1539857743161514
2,1511,1513,0.15398828170572654
3,1493,1496,0.15399064047398528
3,1505,1508,0.15398963462450518
3,1513,1516,0.15398870961104458
3,1518,1521,0.15398784411279337
3,1540,1543,0.15398703091600655
3,1536,1539,0.15398626591835327
4,1535,1539,0.15398554593492783
4,1518,1522,0.15398163711447954
4,1521,1525,0.15397797913799052
4,1511,1515,0.15397454522606632
4,1509,1513,0.15397131769059094
4,1494,1498,0.15396828268308202
4,1503,1507,0.1539654281039758
4,1515,1519,0.15396274293217466
4,1508,1512,0.15396021696252007
4,1509,1513,0.15395784067561205
4,1506,1510,0.15395560515879766
4,1515,1519,0.15395350205060526
4,1512,1516,0.15395152349756538
4,1504,1508,0.15394966211833863
4,1506,1510,0.15394791097255137
4,1520,1524,0.15394626353290589
3,1510,1513,0.15394471365973653
3,1519,1522,0.15394645988517605
2,1518,1520,0.15394808257689996
2,1515,1517,0.15395283296806953
2,1504,1506,0.15395728809494957
2,1516,1518,0.1539614741876201
2,1513,1515,0.1539654110361387
2,1516,1518,0.15396911471976035
2,1520,1522,0.15397259951904657
2,1526,1528,0.15397587855103861
2,1523,1525,0.15397896402397218
2,1527,1529,0.153981867366617
2,1516,1518,0.15398459930856379
2,1520,1522,0.15398716993786474
2,1511,1513,0.15398958874670124
2,1513,1515,0.15399186467002826
2,1508,1510,0.1539940061197257
2,1503,1505,0.15399602101563578
2,1517,1519,0.15399791681426278
2,1518,1520,0.15399970053558482
1,1513,1514,0.15400137878824668
1,1508,1509,0.15400617522019344
1,1509,1510,0.15401067330597154
1,1527,1528,0.15401490609137977
1,1512,1513,0.15401889053797335
1,1504,1505,0.15402264117947703
1,1499,1500,0.1540261715506438
1,1511,1512,0.15402949440567165
1,1516,1517,0.1540326217827969
1,1512,1513,0.15403556504529925
1,1492,1493,0.1540383349172835
1,1499,1500,0.1540409415170317
1,1505,1506,0.15404339438855644
1,1494,1495,0.15404570253164965
1,1498,1499,0.15404787443060763
1,1507,1508,0.15404991808174073
1,1501,1502,0.15405184101972377
1,1505,1506,0.15405365034281485
1,1497,1498,0.1540553527369568
1,1506,1507,0.15405695449877166
1,1508,1509,0.15405846155745934
1,1502,1503,0.15405987949561936
1,1504,1505,0.1540612135690171
1,1505,1506,0.15406246872532323
1,1522,1523,0.15406364962185878
1,1519,1520,0.15406476064238156
1,1519,1520,0.15406580591295205
1,1517,1518,0.1540667893169189
1,1532,1533,0.1540677145090637
0,1522,1522,0.15406858492894668
