1373,29,1402,0.13584088778347242
1406,27,1433,0.1330045435934754
1421,28,1449,0.1303244821458933
1445,27,1472,0.12784004276343489
1455,28,1483,0.12551090620994707
1455,27,1482,0.12336277783142804
1454,27,1481,0.12140509992801388
1459,28,1487,0.11962446204371407
1469,27,1496,0.11798958820207908
1470,27,1497,0.1164755523531289
1479,29,1508,0.11509437262952758
1483,31,1514,0.1138146912907184
1479,32,1511,0.11264009518186618
1482,31,1513,0.11158005165146065
1470,31,1501,0.1106082169628143
1463,31,1494,0.10975085404909243
1470,31,1501,0.10898618556987189
1483,30,1513,0.10827299220506621
1469,32,1501,0.10759467812049359
1460,33,1493,0.10700860037987034
1459,36,1495,0.10649490536815825
1470,34,1504,0.10602940958091328
1471,34,1505,0.105580736032292
1465,34,1499,0.10516985209872359
1477,36,1513,0.10480891973659213
1470,35,1505,0.10445407364613529
1476,35,1511,0.10414618746104105
1482,33,1515,0.10385295594466072
1485,34,1519,0.10357305968374447
1487,34,1521,0.10331134796884348
1491,32,1523,0.10306858862891179
1484,32,1516,0.10283854208183106
1475,34,1509,0.10264466498525049
1464,34,1498,0.10248746598518309
1461,34,1495,0.10236827917532523
1460,35,1495,0.1022656171684568
1455,35,1490,0.10217499851856619
1470,32,1502,0.10210312659633868
1463,32,1495,0.10200536477932097
1459,34,1493,0.10193124800671008
1467,35,1502,0.10187228333784124
1470,34,1504,0.10180128110404407
1472,33,1505,0.10173012121403442
1480,33,1513,0.10166122179216401
1480,32,1512,0.10158155400103222
1463,31,1494,0.10150891086055971
1464,30,1494,0.10147919653055311
1473,30,1503,0.10144970208575942
1464,31,1495,0.10140380895944123
1467,29,1496,0.10138120797362657
1463,31,1494,0.10135402308890924
1466,32,1498,0.10133830016451129
1470,31,1501,0.10131750863637176
1467,35,1502,0.10128999025472282
1461,35,1496,0.1012711381684252
1462,35,1497,0.10126673272901579
1465,35,1500,0.10126066330012819
1463,35,1498,0.10124836402063903
1450,36,1486,0.10124163607974275
1456,38,1494,0.10126356870028967
1468,38,1506,0.10127061457585168
1471,40,1511,0.10125198736308562
1457,40,1497,0.10122866631062298
1448,40,1488,0.10123663085633837
1453,42,1495,0.10126370303595572
1451,46,1497,0.10127793186999892
1456,45,1501,0.10129493304689814
1445,45,1490,0.1013001115990199
1444,49,1493,0.10132829170495394
1445,47,1492,0.10135594852377498
1443,47,1490,0.10137933262916946
1450,50,1500,0.10140475756886856
1447,49,1496,0.10141300876767273
1430,47,1477,0.10142703882151931
1437,48,1485,0.10147609610739139
1440,49,1489,0.10150562366623646
1434,49,1483,0.10152596118609153
1447,50,1497,0.10155787681747455
1432,51,1483,0.10155917825021377
1444,49,1493,0.10159251103001815
1442,49,1491,0.10159714767099366
1444,51,1495,0.10160608313906895
1444,51,1495,0.10160951495763845
1451,52,1503,0.10161244657762396
1445,55,1500,0.10160054855426137
1455,55,1510,0.10160319038970457
1445,54,1499,0.10158431802473818
1436,54,1490,0.10158846036790635
1443,54,1497,0.10161116163360312
1433,53,1486,0.10161659975113574
1422,52,1474,0.10164310410421078
1430,52,1482,0.10169067081133829
1438,53,1491,0.10171701960703437
1450,57,1507,0.10172430763021051
1448,58,1506,0.1017054923867369
1456,61,1517,0.1016927214420824
1454,61,1515,0.10166399303436094
1445,61,1506,0.10164193952808909
1439,59,1498,0.10164134424820943
1434,59,1493,0.10165379683608324
1433,58,1491,0.10167597606845451
1431,60,1491,0.10169779536037879
1432,59,1491,0.10172197678158135
1429,60,1489,0.1017415951432795
1440,61,1501,0.10176616544698312
1445,64,1509,0.10176531802020321
1426,69,1495,0.10175384505890588
1429,68,1497,0.10178377106669032
1429,71,1500,0.1018055659453912
1438,73,1511,0.1018252306913211
1422,71,1493,0.10182447585147955
1426,70,1496,0.10185815687371097
1417,70,1487,0.10187979320912277
1421,69,1490,0.10191894058229732
1420,70,1490,0.10194663618970075
1411,70,1481,0.10197375810559642
1432,71,1503,0.1020179965968619
1441,72,1513,0.10201362873562157
1430,71,1501,0.10199011142344266
1424,72,1496,0.1019923480221177
1419,72,1491,0.1020073765202416
1422,70,1492,0.10203126633166
1418,70,1488,0.10204710463584764
1419,69,1488,0.1020700053828519
1427,68,1495,0.10208855299888231
1441,68,1509,0.10208822055985355
1436,67,1503,0.10205790911053386
1429,67,1496,0.1020408346213455
1426,71,1497,0.1020397379859242
1412,70,1482,0.10204515791896278
1423,72,1495,0.10208074636495323
1433,72,1505,0.10209027977787467
1420,73,1493,0.10207704121095278
1425,72,1497,0.10209325368364673
1422,71,1493,0.10209725366397068
1418,68,1486,0.10210709699712671
1425,70,1495,0.10212481251083784
1418,73,1491,0.10212592858864306
1424,67,1491,0.10214216998696876
1414,66,1480,0.1021437298264707
1424,66,1490,0.10216707795691654
1426,68,1494,0.10216665039231825
1434,67,1501,0.10216113406632911
1439,65,1504,0.10213908887579222
1432,68,1500,0.10210764330108983
1428,70,1498,0.10209503035421165
1436,71,1507,0.10209203215883639
1430,70,1500,0.10207253489316415
1427,71,1498,0.10206777451722827
1428,71,1499,0.10206977643110232
1431,71,1502,0.10206933987662702
1437,69,1506,0.10206296818433273
1440,67,1507,0.10204435710734622
1437,70,1507,0.10202117979617518
1431,68,1499,0.10200572478423436
1421,67,1488,0.10200540735961111
1423,70,1493,0.10202621013068659
1431,70,1501,0.10204062368035585
1433,69,1502,0.10203619908727138
1438,69,1507,0.10202811452229436
1441,67,1508,0.10200937657422796
1442,66,1508,0.10198658020670508
1438,68,1506,0.1019631448079445
1429,67,1496,0.10195080304456285
1422,67,1489,0.1019584634667254
1428,64,1492,0.10198000700571427
1427,63,1490,0.10198644100587732
1440,62,1502,0.10199455341243632
1444,62,1506,0.10197411852818096
1441,60,1501,0.10194688990550951
1457,60,1517,0.10192870260590588
1452,59,1511,0.10187788492028722
1447,61,1508,0.10184245102632496
1449,62,1511,0.10182044500631146
1446,63,1509,0.10179624517887502
1449,60,1509,0.10178084289976903
1445,62,1507,0.10176033800446568
1446,62,1508,0.10175043623614631
1434,63,1497,0.10173946462607394
1438,63,1501,0.1017551834424097
1427,58,1485,0.10176078849328155
1433,59,1492,0.10178974324907547
1439,62,1501,0.10180321434498125
1433,64,1497,0.10180243632670039
1429,61,1490,0.10181419391837286
1436,61,1497,0.10183295137697844
1433,60,1493,0.10183501901973444
1446,63,1509,0.10184390003626337
1447,61,1508,0.10182388710965525
1429,61,1490,0.10180360107595902
1433,63,1496,0.10182368186066781
1437,64,1501,0.10183328611240249
1418,64,1482,0.10183323592215529
1401,66,1467,0.10187370964324963
1415,65,1480,0.10194752851310074
1417,64,1481,0.10198462076027971
1416,65,1481,0.10201394371248206
1422,63,1485,0.10204302135048436
1417,63,1480,0.10205669247783639
1411,64,1475,0.10208009198394383
1419,67,1486,0.10211460694632066
1416,65,1481,0.10212867832496184
1424,65,1489,0.10214781342310347
1430,63,1493,0.1021481029183896
1431,64,1495,0.10213571119927582
1436,68,1504,0.10212231032036527
1426,67,1493,0.10209974806656863
1416,64,1480,0.10210066396282524
1405,68,1473,0.10212244903518491
1406,71,1477,0.10216642349188422
1421,70,1491,0.10220462480655769
1415,70,1485,0.10220669027147795
1423,68,1491,0.10222159269828326
1423,67,1490,0.102218230866693
1424,67,1491,0.1022151278483373
1416,68,1484,0.10221017528788558
1441,68,1509,0.10222317149304758
1443,68,1511,0.10218157567866903
1444,71,1515,0.10213859336110163
1442,72,1514,0.10209763336257156
1424,71,1495,0.10206474463231573
1413,70,1483,0.10207350145214104
1413,71,1484,0.10210474211833981
1417,74,1491,0.10213314233760204
1408,75,1483,0.1021490214612477
1412,71,1483,0.10218366520288562
1419,70,1489,0.10220691791913922
1423,70,1493,0.1022132415808268
1420,70,1490,0.10221026838735572
1417,69,1486,0.10221394036956091
1398,70,1468,0.1022244446891707
1406,71,1477,0.10227496560012454
1409,74,1483,0.10230352169078603
1417,72,1489,0.10232284388661654
1409,72,1481,0.10232316037620891
1414,72,1486,0.10234074314619608
1422,71,1493,0.10234593785597024
1421,70,1491,0.10233319366537948
1436,68,1504,0.10232381651965293
1445,68,1513,0.10228303797691819
1419,71,1490,0.10222716822420087
1427,70,1497,0.10223165520123327
1417,70,1487,0.1022182972463225
1424,72,1496,0.10222794466945045
1423,70,1493,0.10222184214876048
1417,69,1486,0.10221787032439085
1425,75,1500,0.10222769994289706
1432,75,1507,0.10221999192680624
1430,76,1506,0.1021978629811991
1435,74,1509,0.10218232179066934
1429,74,1503,0.10215712448326521
1438,71,1509,0.10214698173164942
1443,72,1515,0.10211826934289556
1437,71,1508,0.1020815591695457
1427,71,1498,0.10206097064216137
1425,71,1496,0.10206380381183282
1424,71,1495,0.10207005367946058
1425,71,1496,0.10207800911716326
1417,71,1488,0.10208331584311182
1413,72,1485,0.1021056988367467
1417,72,1489,0.10213479485825426
1414,73,1487,0.10215283432765167
1406,68,1474,0.10217571169079628
1414,68,1482,0.10221383293520832
1427,71,1498,0.1022322845212463
1417,75,1492,0.10222111327255458
1412,75,1487,0.10223251312749522
1430,74,1504,0.10225370414417181
1426,74,1500,0.10223439861060485
1438,72,1510,0.10222488674807988
1440,74,1514,0.10219034115103973
1432,76,1508,0.1021546727170775
1417,75,1492,0.10213868689438917
1417,72,1489,0.10215627763801564
1418,70,1488,0.10217200404914366
1415,71,1486,0.10218376206643384
1429,74,1503,0.10220121773694045
1433,74,1507,0.10218693197999652
1440,73,1513,0.1021658807000108
1437,75,1512,0.10213171638896618
1429,76,1505,0.10210714032412276
1425,80,1505,0.10210187648758563
1427,80,1507,0.10210528881885798
1424,77,1501,0.10210361941152098
1419,79,1498,0.10210880036115383
1424,78,1502,0.10212423922130125
1423,75,1498,0.10212815090016784
1419,77,1496,0.10213379109954701
1421,76,1497,0.10214779586092576
1404,70,1474,0.10215606963724622
1412,71,1483,0.10220001386851614
1431,69,1500,0.10222273309750549
1444,69,1513,0.10220198912048774
1437,69,1506,0.1021551716775376
1444,70,1514,0.1021274122885049
1442,73,1515,0.1020878810312997
1424,73,1497,0.10205628240549335
1422,69,1491,0.10206595777155109
1422,69,1491,0.10207939976506715
1425,69,1494,0.10209178339134727
1415,69,1484,0.10209662215636212
1410,71,1481,0.10212228810314158
1415,70,1485,0.10215606902651925
1403,66,1469,0.10217540938381234
1414,67,1481,0.1022188461979829
1415,66,1481,0.10223469827088863
1408,65,1473,0.10224759816326957
1415,61,1476,0.10227359898073023
1409,63,1472,0.10228237886982758
1420,62,1482,0.1023036656568531
1427,62,1489,0.10229974377022494
1430,66,1496,0.10228115942852824
1424,66,1490,0.1022581737206428
1413,67,1480,0.1022499818030621
1425,64,1489,0.10226582462446387
1423,61,1484,0.1022547430433745
1431,62,1493,0.10224821392819276
1439,60,1499,0.10222482027338903
1431,62,1493,0.1021865476015791
1438,61,1499,0.10216876110662691
1447,59,1506,0.10213754141511354
1451,63,1514,0.10209007141405571
1450,60,1510,0.10203739853828019
1441,60,1501,0.10199180250839646
1426,62,1488,0.10196932608855412
1430,63,1493,0.10198101794606287
1429,63,1492,0.10198283144834504
1442,60,1502,0.10198666848172394
1437,56,1493,0.10196248651103133
1431,57,1488,0.10195096083006465
1422,56,1478,0.1019534233519463
1428,56,1484,0.10197471312129716
1421,58,1479,0.10198130496211072
1418,60,1478,0.10200260833190505
1418,60,1478,0.10202838164945803
1413,62,1475,0.10205278569778517
1432,59,1491,0.1020858810603615
1427,61,1488,0.10207515486413808
1426,61,1487,0.10207638474867163
1436,60,1496,0.10207953397044672
1436,63,1499,0.10206145367277224
1431,61,1492,0.10204495712300257
1432,61,1493,0.10204091151223697
1425,61,1486,0.10203535347770991
1410,62,1472,0.10204476278529886
1405,65,1470,0.10208508208677798
1411,64,1475,0.10213263813638744
1408,63,1471,0.10216229566600099
1428,63,1491,0.10219631148545737
1424,63,1487,0.10218393382477582
1427,63,1490,0.10218172167010595
1435,65,1500,0.10217353931029358
1445,66,1511,0.10214882986267941
1438,65,1503,0.10210469940478091
1440,64,1504,0.10207932601557473
1448,67,1515,0.10205214078271517
1435,68,1503,0.1020104747823474
1434,68,1502,0.10199961909778427
1427,66,1493,0.10199190865307287
1433,66,1499,0.10199997478475253
1427,64,1491,0.10199418084725956
1437,62,1499,0.10200146474194241
1433,64,1497,0.101987845138379
1436,62,1498,0.10198369541691153
1434,66,1500,0.10197312231767956
1437,67,1504,0.10196805318350374
1434,66,1500,0.10195697543847557
1435,66,1501,0.1019531539181704
1426,68,1494,0.10194766087409719
1431,69,1500,0.10196129143961183
1420,67,1487,0.10196363157579764
1421,66,1487,0.10198991419098168
1416,66,1482,0.10201050768520789
1429,64,1493,0.10204051950537575
1434,63,1497,0.1020395405738303
1423,64,1487,0.10202763143831957
1436,68,1504,0.10204084431637148
1431,72,1503,0.10202488598923914
1428,68,1496,0.10202091410811492
1441,70,1511,0.10202403502115992
1450,70,1520,0.10199938779182884
1450,71,1521,0.10195739724669906
1448,69,1517,0.10191960758568464
1443,70,1513,0.10188945566013942
1451,72,1523,0.10187287054442024
1446,73,1519,0.10184049455682744
1431,72,1503,0.10182179585676582
1421,74,1495,0.10183700618984559
1416,74,1490,0.10187311857103565
1418,78,1496,0.10191719383468914
1406,77,1483,0.10195333753977835
1409,78,1487,0.10201216893546938
1411,83,1494,0.10205873071069443
1404,84,1488,0.10209758082644096
1401,83,1484,0.10214775333814498
1401,82,1483,0.10219961033573821
1398,82,1480,0.10224672907580466
1397,82,1479,0.10229639611697179
1393,82,1475,0.10234436383061338
1396,85,1481,0.10239687915013608
1410,88,1498,0.10243817470474195
1402,91,1493,0.10244543220551819
1402,91,1493,0.10246923575726181
1403,91,1494,0.1024910356434882
1391,90,1481,0.10250944688178601
1392,89,1481,0.10255188803095276
1398,92,1490,0.10258850976750533
1394,92,1486,0.10260962856119502
1383,90,1473,0.10263747716087096
1380,94,1474,0.10268680222521777
1392,94,1486,0.10273849969260826
1413,95,1508,0.10275991030056833
1399,94,1493,0.10273425138963983
1404,100,1504,0.10274090975064826
1407,103,1510,0.10273622499488652
1417,104,1521,0.10272596415603463
1397,103,1500,0.1026951620603461
1384,102,1486,0.10271030331363645
1386,102,1488,0.1027520283268564
1399,103,1502,0.10278658946421469
1403,104,1507,0.10279039687879223
1387,110,1497,0.10278491350101052
1392,108,1500,0.1028150239875416
1407,112,1519,0.1028314298840288
1399,112,1511,0.10281368599353748
1400,114,1514,0.10281521576983746
1384,111,1495,0.10281409062956826
1385,115,1500,0.1028483108408013
1382,113,1495,0.10287786053452716
1382,112,1494,0.10291175773119125
1378,113,1491,0.1029421020628834
1379,114,1493,0.10297822864968864
1367,112,1479,0.10300941440506946
1377,111,1488,0.10306415958102305
1388,114,1502,0.10309254250680336
1385,115,1500,0.10309432064333965
1373,112,1485,0.10310287760542908
1380,110,1490,0.1031374684509399
1374,116,1490,0.10315386078256342
1376,116,1492,0.1031820741654494
1376,119,1495,0.10320363311171286
1384,119,1503,0.10322354785209811
1383,116,1499,0.10322445901791784
1382,120,1502,0.10322791610797864
1391,118,1509,0.10323326987440272
1400,119,1519,0.10321845910819981
1391,118,1509,0.10318584594399642
1397,117,1514,0.10317596461417168
1386,117,1503,0.10315432495224597
1389,117,1506,0.10315850075964178
1378,114,1492,0.10315615072186532
1384,115,1499,0.10317707819898818
1390,114,1504,0.10318236157136525
1376,114,1490,0.10317369743436001
1380,119,1499,0.10319671132042652
1370,116,1486,0.10320865523967421
1381,117,1498,0.10324173933057273
1368,121,1489,0.10324875051710966
1362,120,1482,0.10328283886649374
1381,123,1504,0.10332699443244663
1377,119,1496,0.10332643722833243
1383,118,1501,0.1033353384862858
1376,118,1494,0.10333007045422377
1359,120,1479,0.103341148458669
1367,118,1485,0.10338750022257825
1362,118,1480,0.10341119661200995
1358,119,1477,0.10344449052758371
1354,121,1475,0.10348291854264172
1359,121,1480,0.10352692274084706
1367,123,1490,0.103557086911283
1372,125,1497,0.10356668956167461
1377,125,1502,0.10356414719474832
1372,126,1498,0.10355242411261376
1380,121,1501,0.10355276783686111
1375,124,1499,0.10353584066343612
1369,125,1494,0.10353218086559135
1376,126,1502,0.10354176366343319
1373,124,1497,0.10353560644065236
1382,124,1506,0.10353628049135814
1375,124,1499,0.10351787344781044
1366,126,1492,0.10351497757598334
1351,126,1477,0.10353003647786313
1367,126,1493,0.10357663072334553
1364,129,1493,0.10358443026240043
1365,130,1495,0.10359770758817746
1364,125,1489,0.10360808174606329
1361,129,1490,0.10362025558733617
1362,132,1494,0.10363863225282184
1362,134,1496,0.10365362137241466
1359,133,1492,0.10366782922326089
1355,135,1490,0.10368717639738989
1351,140,1491,0.10371347093370309
1358,144,1502,0.10374671491016799
1375,141,1516,0.10376183983172642
1369,142,1511,0.10373909514939664
1369,143,1512,0.10373099966708
1376,139,1515,0.1037230699163638
1367,140,1507,0.10370157237469449
1361,142,1503,0.10370215144704444
1361,140,1501,0.10371431724693363
1350,143,1493,0.10372596576137008
1351,141,1492,0.10376020493486088
1361,145,1506,0.10378961753825415
1349,150,1499,0.10379508496140719
1345,144,1489,0.10382550471229339
1352,142,1494,0.10386299179554886
1342,149,1491,0.103881336587679
1350,147,1497,0.10392051816210535
1352,147,1499,0.1039394385840544
1358,147,1505,0.10395233602967101
1348,146,1494,0.10395093658545151
1334,146,1480,0.10397202717302668
1338,143,1481,0.10402193071322455
1332,150,1482,0.1040591419667832
1332,151,1483,0.10410539855948786
1352,150,1502,0.10414694483400484
1363,148,1511,0.10414166279131987
1354,146,1500,0.10411231618854667
1343,147,1490,0.10410619755758992
1329,145,1474,0.1041242977452201
1332,146,1478,0.10417113144633774
1342,141,1483,0.10420774203772379
1336,145,1481,0.10421904811737857
1343,151,1494,0.10424265767577104
1338,153,1491,0.10424887687954414
1345,153,1498,0.10426584248598444
1340,154,1494,0.10426714925950123
1345,154,1499,0.10427961702814505
1330,153,1483,0.10427975341086264
1343,156,1499,0.10431190509846328
1329,158,1487,0.1043130556388439
1333,164,1497,0.10434520386165527
1339,167,1506,0.10436635093045248
1348,163,1511,0.10437250288522591
1345,161,1506,0.10435797773043266
1347,163,1510,0.10435176990248987
1347,161,1508,0.1043409027981097
1340,163,1503,0.10433083018423239
1345,162,1507,0.10433641878864933
1342,160,1502,0.10433153950383431
1344,162,1506,0.10433343719837979
1339,160,1499,0.10433044457314758
1333,159,1492,0.10433944721112078
1342,159,1501,0.10436076997628646
1338,161,1499,0.10436086712666336
1323,160,1483,0.10436925818816827
1329,164,1493,0.1044099296473528
1332,166,1498,0.10443431319712439
1343,167,1510,0.10444892167849047
1333,172,1505,0.10443891436680158
1332,176,1508,0.10445223875283396
1338,174,1512,0.10446645172881017
1337,174,1511,0.10446695211964631
1340,173,1513,0.10447033029610925
1328,177,1505,0.10446649384875359
1332,178,1510,0.1044893816428619
1334,181,1515,0.10450196434498238
1329,186,1515,0.10450915978914672
1328,188,1516,0.10452761727725371
1311,184,1495,0.10454700373561732
1336,181,1517,0.10460228808190028
1320,183,1503,0.10459803179813677
1329,178,1507,0.1046280364256835
1314,179,1493,0.1046357550778535
1316,182,1498,0.1046762435527877
1307,185,1492,0.10470818794538321
1299,187,1486,0.1047579446969931
1305,190,1495,0.10482085713472175
1302,189,1491,0.10486470219453677
1309,182,1491,0.10491112199840909
1307,182,1489,0.10493839452434157
1321,182,1503,0.10496736334010456
1320,180,1500,0.10496304345625279
1329,180,1509,0.10496178235002818
1321,172,1493,0.1049405496196481
1320,176,1496,0.10493848601112646
1319,178,1497,0.10493818757884359
1322,177,1499,0.10493978886636564
1295,177,1472,0.10493557235536352
1301,181,1482,0.1049907846751526
1321,186,1507,0.1050285273975145
1333,185,1518,0.10502085489844351
1331,189,1520,0.10498675612141688
1322,191,1513,0.10496001818732349
1319,194,1513,0.10495528438409256
1321,198,1519,0.1049585649042104
1319,193,1512,0.10495672752815331
1313,197,1510,0.10496002445900912
1308,196,1504,0.1049761464868984
1296,201,1497,0.10500264776703735
1305,202,1507,0.10505356533200437
1297,209,1506,0.1050814770524504
1291,211,1502,0.10512398518990392
1303,208,1511,0.10517555729715873
1302,206,1508,0.10519688197014138
1297,205,1502,0.10521862728047086
1296,207,1503,0.10524968263442869
1296,207,1503,0.10527950734477522
1300,208,1508,0.10530783964485771
1290,215,1505,0.10532606269282213
1288,216,1504,0.10536416526378624
1290,211,1501,0.10540319031666932
1285,214,1499,0.10543490234103778
1284,210,1494,0.10547568948373741
1293,215,1508,0.10551564315928391
1290,215,1505,0.10553093698971208
1291,220,1511,0.10555279586176282
1289,219,1508,0.10557175059224849
1286,221,1507,0.1055933622276311
1291,223,1514,0.10562042527402855
1289,221,1510,0.10563436584470008
1286,223,1509,0.10565006712232931
1300,222,1522,0.10567171776909896
1302,221,1523,0.10566103413048956
1301,225,1526,0.10564661007553873
1300,224,1524,0.10563576627783185
1293,230,1523,0.10562810332482027
1282,231,1513,0.1056369853770679
1280,236,1516,0.10566880901201876
1279,230,1509,0.10570287099642849
1271,230,1501,0.10573623451004519
1272,229,1501,0.10578431407899119
1271,226,1497,0.10582620775898804
1262,228,1490,0.10586673875842668
1260,230,1490,0.1059235540668093
1258,230,1488,0.10597974781938202
1269,235,1504,0.10603599558915165
1262,238,1500,0.10606498006860555
1261,238,1499,0.10610734402355931
1261,242,1503,0.10614874662302676
1255,239,1494,0.10618742781081866
1250,240,1490,0.10623643902929229
1258,241,1499,0.10629360567118869
1260,241,1501,0.10632864407770225
1256,243,1499,0.1063568387165467
1252,245,1497,0.10639013252036683
1244,249,1493,0.10642930305219377
1249,242,1491,0.10648189247173293
1238,240,1478,0.10651953545328821
1242,247,1489,0.10657751717744983
1250,242,1492,0.10662240684486245
1252,242,1494,0.10664536710293754
1247,245,1492,0.10666292798406758
1250,247,1497,0.10669131711450015
1255,250,1505,0.10671114026237101
1250,249,1499,0.10671881552040109
1257,250,1507,0.10673610427309285
1261,245,1506,0.10673552391027005
1268,246,1514,0.1067261976587794
1266,249,1515,0.10670171708151939
1263,248,1511,0.10668328963583627
1258,252,1510,0.10667282952720854
1246,251,1497,0.1066749920852494
1253,257,1510,0.10670286181513886
1254,248,1502,0.10671252293255172
1245,251,1496,0.1067201482372579
1247,250,1497,0.10674738590787505
1245,251,1496,0.10676779028068736
1249,250,1499,0.10678976785850024
1244,255,1499,0.10680145358356741
1245,257,1502,0.1068223857291919
1263,250,1513,0.10683882079813437
1239,247,1486,0.10681487534605044
1249,253,1502,0.10684585736438429
1253,253,1506,0.10685097798749034
1247,252,1499,0.10684762603873446
1242,250,1492,0.10685905194453993
1238,245,1483,0.10687963554395473
1246,252,1498,0.10690857313887438
1233,254,1487,0.10691764342814641
1255,256,1511,0.10695478918616246
1249,259,1508,0.10693916925806711
1230,256,1486,0.10693762852380498
1235,252,1487,0.10697825528574768
1245,252,1497,0.10700499435735407
1253,257,1510,0.1070072558502487
1244,261,1505,0.1069931289277582
1248,263,1511,0.10700067039001172
1243,260,1503,0.10699830937076729
1248,258,1506,0.10700742343893653
1245,258,1503,0.10700555050766336
1237,258,1495,0.1070091862943834
1245,253,1498,0.10703089684362926
1243,253,1496,0.10703189982386711
1249,256,1505,0.10703756754937889
1243,257,1500,0.10703025042503077
1254,258,1512,0.10703686971904233
1252,260,1512,0.10701858860635483
1248,264,1512,0.10700631269655939
1253,265,1518,0.1070036083051854
1235,263,1498,0.10698921728452167
1239,267,1506,0.1070171528187939
1241,263,1504,0.10703382339845682
1230,266,1496,0.10704564437875148
1229,264,1493,0.10708075498592202
1227,264,1491,0.10711444246049552
1218,267,1485,0.10715131757473116
1224,263,1487,0.10720618847291088
1236,267,1503,0.10724257062098694
1232,270,1502,0.10724755579206775
1224,270,1494,0.10726223363845012
1238,268,1506,0.10729377788450833
1230,269,1499,0.10729171206607781
1232,268,1500,0.10730766196618596
1238,272,1510,0.10731802349514923
1226,278,1504,0.10731407480114345
1218,275,1493,0.10733710235113239
1230,279,1509,0.10737561314082354
1235,273,1508,0.10738396246100958
1225,272,1497,0.10738073218606256
1227,276,1503,0.107399633666809
1221,278,1499,0.10741381387911401
1218,278,1496,0.10744022948537556
1223,282,1505,0.10747099307898635
1237,285,1522,0.107487691199977
1219,287,1506,0.10747294273873745
1228,279,1507,0.10749908967538102
1217,279,1496,0.10750388456236395
1208,279,1487,0.10753233601330713
1211,279,1490,0.10757997116385994
1209,275,1484,0.10761852732370607
1211,270,1481,0.10765701622716517
1218,271,1489,0.10768818874083698
1222,276,1498,0.1077005445118944
1227,280,1507,0.10770245394410287
1227,281,1508,0.10769344605630275
1222,277,1499,0.10768448735801496
1223,283,1506,0.10768839637866442
1207,278,1485,0.10768991226198654
1215,280,1495,0.10772637338795311
1218,286,1504,0.10774073545819342
1218,290,1508,0.10774822799265418
1219,289,1508,0.10775689238298809
1217,290,1507,0.10776379439292601
1212,291,1503,0.10777390250674497
1218,294,1512,0.10779342509490793
1216,296,1512,0.10779863830252964
1210,299,1509,0.10780935453254223
1219,294,1513,0.10783145680800658
1212,284,1496,0.10783223060853502
1204,288,1492,0.10784959154698298
1202,295,1497,0.10788491839530408
1200,297,1497,0.10792066726466659
1200,295,1495,0.1079575781036631
1202,296,1498,0.10799110098125737
1204,291,1495,0.1080174226973465
1202,288,1490,0.1080365686526898
1199,293,1492,0.1080593604619656
1202,296,1498,0.10808677086809826
1198,298,1496,0.10810499519415658
1203,297,1500,0.10813150286805548
1221,297,1518,0.10814409929679764
1216,297,1513,0.10811658896591753
1213,302,1515,0.10810220794533663
1219,299,1518,0.10809488976912
1221,297,1518,0.1080744641249073
1220,300,1520,0.10805243798235452
1213,297,1510,0.10803366856142244
1213,298,1511,0.10803251446450346
1207,303,1510,0.10803134646864429
1200,299,1499,0.10804492963713805
1206,299,1505,0.10807394757585324
1206,300,1506,0.10808589022774939
1203,300,1503,0.10809785401517263
1212,305,1517,0.10811597368076147
1210,307,1517,0.10811286176009441
1208,301,1509,0.10811495001265174
1209,300,1509,0.10811999999221729
1204,298,1502,0.10812235286230436
1198,302,1500,0.10813508741191669
1199,306,1505,0.1081620309755857
1198,305,1503,0.10818273844894113
1193,302,1495,0.10820416221477476
1196,293,1489,0.10823508838575972
1183,298,1481,0.10825691765480476
1178,299,1477,0.10830678528777236
1180,298,1478,0.10836449380663957
1191,297,1488,0.10841255586420803
1189,297,1486,0.1084317510350949
1193,294,1487,0.10845304258994048
1195,295,1490,0.10846237826674412
1184,295,1479,0.1084670903276645
1191,301,1492,0.10849517147233435
1178,298,1476,0.10850588419939002
1191,293,1484,0.10854478613368962
1202,296,1498,0.10855060024955106
1202,297,1499,0.10853122927494646
1203,301,1504,0.10851425622035843
1205,298,1503,0.10849572678481482
1201,298,1499,0.10847422845640295
1205,297,1502,0.10846446670451323
1211,300,1511,0.1084453945069772
1205,295,1500,0.10841590148305262
1211,292,1503,0.1084014437025528
1206,298,1504,0.10837505694339394
1206,302,1508,0.10836143040632269
1199,301,1500,0.10834968212331968
1196,301,1497,0.10835538015469393
1200,299,1499,0.1083679785713973
1197,295,1492,0.10837081973118703
1198,290,1488,0.10838123641584083
1204,292,1496,0.1083872589750348
1200,293,1493,0.1083804959604926
1188,295,1483,0.10838419410005466
1189,306,1495,0.10841476110154531
1187,304,1491,0.10844042722488814
1184,308,1492,0.10846942272273895
1185,314,1499,0.10850311905336073
1186,313,1499,0.10853305773753329
1184,309,1493,0.10855834970212737
1191,311,1502,0.10858651665602181
1191,318,1509,0.10859765887777502
1185,324,1509,0.10860865216343353
1183,323,1506,0.10863278905677916
1176,321,1497,0.10865968474214359
1187,318,1505,0.10870061219797879
1189,317,1506,0.10871245759579005
1187,313,1500,0.10871949202369509
1195,314,1509,0.1087299071174074
1187,314,1501,0.10872163143399596
1186,319,1505,0.10873270180403637
1189,316,1505,0.10874478831664687
1185,311,1496,0.10874912608822938
1192,306,1498,0.10876105876861426
1185,312,1497,0.10875608648855978
1182,312,1494,0.10876797622123868
1186,311,1497,0.10878594363746498
1181,316,1497,0.10879433011100342
1175,317,1492,0.10881338170510961
1171,311,1482,0.1088447915680424
1173,316,1489,0.10888325270407986
1174,323,1497,0.10891381273768452
1176,325,1501,0.10894073178897777
1184,319,1503,0.10896161779707127
1170,316,1486,0.10896206685579432
1166,318,1484,0.1089931710336301
1170,316,1486,0.10903099629610384
1162,311,1473,0.10905597474586663
1174,312,1486,0.10909663454744237
1170,312,1482,0.10910640894846331
1177,317,1494,0.1091242918571913
1186,317,1503,0.10912339873467414
1178,317,1495,0.10910291076416419
1178,322,1500,0.10910261769273287
1164,322,1486,0.1091034068186141
1156,322,1478,0.10913651574528561
1162,319,1481,0.10918402877021932
1167,324,1491,0.10921311979779447
1159,325,1484,0.10923035472196879
1154,332,1486,0.10926480550374258
1143,329,1472,0.10930909752808385
1150,328,1478,0.1093751808232723
1161,330,1491,0.1094186044978052
1151,339,1490,0.10943490555455888
1159,338,1497,0.10947217247519778
1164,339,1503,0.10948946600646575
1160,340,1500,0.1094950964255394
1158,336,1494,0.10951078395425153
1157,339,1496,0.10953116598628751
1148,340,1488,0.10955319787459832
1148,348,1496,0.10959486483573068
1157,356,1513,0.10963271354789093
1157,348,1505,0.10964645947575413
1159,348,1507,0.10965909073832517
1156,350,1506,0.10966709563466867
1145,348,1493,0.10968363908614749
1133,344,1477,0.10972266676312344
1125,357,1482,0.10978480546413814
1129,357,1486,0.10986035227600713
1119,356,1475,0.10992039994220862
1132,355,1487,0.1099993590655512
1114,366,1480,0.11004370362604991
1126,366,1492,0.11012479519328089
1128,369,1497,0.11017350576981581
1117,366,1483,0.11021253163897825
1117,360,1477,0.11027294313305153
1128,360,1488,0.1103281134632683
1132,352,1484,0.1103544849138194
1127,354,1481,0.11036921811494806
1134,364,1498,0.11039613683615976
1137,362,1499,0.11040476049726453
1145,363,1508,0.11040510725923573
1147,366,1513,0.11038817834491826
1134,364,1498,0.11036791852847574
1133,369,1502,0.11037665931240817
1134,364,1498,0.11038796834625543
1122,366,1488,0.11039778074484502
1133,363,1496,0.11043521407111301
1142,368,1510,0.11044487636081754
1137,370,1507,0.11043396049800364
1137,364,1501,0.11043507345980569
1143,367,1510,0.11043757597668058
1142,367,1509,0.11042709377530403
1136,370,1506,0.11042093200700577
1135,375,1510,0.11042825336957496
1123,382,1505,0.11043777416489023
1115,384,1499,0.11047672756970382
1107,380,1487,0.11052982505488494
1114,374,1488,0.11059657047584041
1122,377,1499,0.11064509207270938
1117,383,1500,0.11067149946570005
1120,389,1509,0.1107060500162635
1113,397,1510,0.11073149453002241
1099,395,1494,0.11077112249422867
1104,394,1498,0.11083915726101339
1106,394,1500,0.1108908685113041
1092,392,1484,0.11093419109015558
1094,387,1481,0.11100693689825164
1096,386,1482,0.11107037705761572
1102,389,1491,0.11112457633407193
1102,392,1494,0.11116113853824831
1105,389,1494,0.11119509496836845
1109,391,1500,0.11121944159601668
1106,388,1494,0.11123319740311163
1101,392,1493,0.11125233539253035
1109,392,1501,0.11128055094585548
1108,386,1494,0.11128849613146817
1109,387,1496,0.11129808603100756
1117,392,1509,0.11130609037786687
1114,392,1506,0.11129474057378262
1106,386,1492,0.11129132761382664
1111,400,1511,0.1113066443190926
1100,400,1500,0.1113107902886836
1100,399,1499,0.11133911958830608
1109,402,1511,0.11136581439632876
1113,405,1518,0.11137151580803445
1097,400,1497,0.1113688286249759
1097,404,1501,0.11140195009903307
1098,400,1498,0.11143237561077193
1087,401,1488,0.11145837463144258
1082,401,1483,0.11150837263305671
1095,395,1490,0.11156656143091517
1083,408,1491,0.11158946085789846
1083,406,1489,0.11163911626881738
1084,414,1498,0.11168458962973618
1074,416,1490,0.11172507284049044
1085,412,1497,0.11178772105677075
1095,417,1512,0.11182102586929442
1092,421,1513,0.111830524284483
1088,416,1504,0.11184538678747595
1072,422,1494,0.1118679030498746
1079,426,1505,0.11192416889816105
1082,427,1509,0.11195920379190104
1088,423,1511,0.11198487889443876
1091,417,1508,0.11199549905697338
1105,416,1521,0.11199692237077745
1102,418,1520,0.11196432870400162
1100,417,1517,0.11194190416977692
1097,413,1510,0.11192633089972721
1104,407,1511,0.11191944131985804
1097,407,1504,0.11189736352836033
1083,408,1491,0.11189437050233723
1086,416,1502,0.11192309451692324
1083,416,1499,0.11194267721168157
1081,416,1497,0.11196615064199833
1088,416,1504,0.11199182000385471
1091,416,1507,0.11199931787495836
1081,418,1499,0.11199906021867718
1076,414,1490,0.11202138188934053
1072,421,1493,0.11205413396282012
1064,417,1481,0.11209292152952419
1057,420,1477,0.1121471098236226
1046,423,1469,0.11221136924079701
1063,423,1486,0.11229573768193113
1069,424,1493,0.11233555406194556
1072,430,1502,0.112358302859298
1073,432,1505,0.11237150702448974
1080,431,1511,0.11238254315707621
1083,431,1514,0.11237723240948473
1083,431,1514,0.11236426879718957
1087,432,1519,0.11235271052640446
1072,429,1501,0.11233327099250706
1073,431,1504,0.1123495620285065
1079,422,1501,0.11236185394693589
1062,429,1491,0.11235903519957924
1073,421,1494,0.11239657321560095
1070,422,1492,0.11240560544064898
1062,424,1486,0.11242141417887037
1063,433,1496,0.11245376309040793
1070,435,1505,0.11248254295412963
1065,434,1499,0.1124922416050152
1060,431,1491,0.11251352584736107
1063,436,1499,0.11254305198756398
1065,433,1498,0.11256166659805171
1067,430,1497,0.11257492097317533
1057,432,1489,0.11258374247130472
1063,430,1493,0.1126144256017609
1076,436,1512,0.11262942585282103
1083,438,1521,0.112613529166326
1080,434,1514,0.1125844575109177
1072,432,1504,0.11256644131275943
1058,432,1490,0.11256811336568508
1055,444,1499,0.11260230976540847
1048,444,1492,0.11264048374099563
1051,434,1485,0.11269234167781715
1057,434,1491,0.11273156937658545
1056,433,1489,0.11275365364607776
1061,433,1494,0.11277780980972386
1071,430,1501,0.1127892564847786
1085,430,1515,0.11277715339591506
1081,431,1512,0.11273378597218557
1084,433,1517,0.1127032154744916
1081,431,1512,0.11266849286492857
1059,429,1488,0.11264527515297279
1053,430,1483,0.11267476421237088
1052,442,1494,0.11271670782518471
1061,437,1498,0.11275807034330469
1061,440,1501,0.11277538780896164
1063,443,1506,0.11278906050185294
1056,443,1499,0.11279810130304072
1055,440,1495,0.11282316462077553
1062,441,1503,0.11284688975345226
1057,442,1499,0.11285398986908685
1048,442,1490,0.11287269771438486
1049,441,1490,0.11291080978916934
1047,446,1493,0.11294340053646268
1050,442,1492,0.11297921927321719
1046,439,1485,0.11300378543051007
1051,438,1489,0.11303675518211855
1044,441,1485,0.11305828336417197
1058,448,1506,0.11309203806913885
1060,451,1511,0.11309274188222684
1053,453,1506,0.11309041019128088
1059,454,1513,0.11310458724259174
1050,458,1508,0.11310300460846276
1053,460,1513,0.11312251406664778
1041,460,1501,0.11313346086191256
1044,451,1495,0.11317172244382281
1043,463,1506,0.11319840958273121
1048,465,1513,0.113224898614042
1049,461,1510,0.11323808568116903
1037,461,1498,0.11324804416740097
1038,465,1503,0.11328432621958769
1031,464,1495,0.11331597454327419
1040,455,1495,0.11336112389219885
1038,453,1491,0.11338149785785333
1034,455,1489,0.1134040616685969
1034,456,1490,0.11343405136234072
1030,458,1488,0.11346115607579424
1037,461,1498,0.11349657176022374
1041,460,1501,0.11351328180244076
1044,460,1504,0.1135186806030061
1053,454,1507,0.11351788481970278
1050,457,1507,0.11349731405198275
1049,460,1509,0.11348579308401147
1049,465,1514,0.11347828433890154
1048,460,1508,0.11347085840619807
1041,460,1501,0.11346620195858986
1038,460,1498,0.11347891548504481
1034,462,1496,0.11349872628518284
1038,465,1503,0.1135267939516619
1032,467,1499,0.11354329301812559
1039,468,1507,0.11357250962313106
1027,466,1493,0.11358457654609819
1032,461,1493,0.11362370177897045
1023,460,1483,0.11364847143552952
1022,469,1491,0.11369170526161121
1025,467,1492,0.11373515725057701
1033,468,1501,0.11376860036901533
1034,466,1500,0.11378053067777358
1048,464,1512,0.11378925591088947
1042,463,1505,0.11376576001614197
1042,463,1505,0.11375815433861824
1046,460,1506,0.1137523418017485
1040,460,1500,0.11373906800367131
1028,465,1493,0.11374232401749927
1031,462,1493,0.11377223761727943
1028,458,1486,0.1137909520544683
1033,466,1499,0.11381413803749098
1020,469,1489,0.11382281423293844
1017,471,1488,0.11386131834730306
1034,474,1508,0.11390293864209627
1027,476,1503,0.11390150736291911
1034,477,1511,0.11391661960235275
1026,475,1501,0.11391476776708637
1029,470,1499,0.11393317931495561
1017,469,1486,0.11394255364644267
1011,477,1488,0.1139802033932404
1017,490,1507,0.11402949976099584
1016,491,1507,0.11406068785637408
1007,494,1501,0.1140919049854677
1017,500,1517,0.11414180417330852
1015,502,1517,0.11416549957623509
1011,494,1505,0.11419239892065805
1000,491,1491,0.11422750672052367
1003,497,1500,0.11428558768910711
1002,497,1499,0.11433256290334412
994,501,1495,0.11437897406004296
989,499,1488,0.1144414958211043
992,503,1495,0.11451262752682254
1004,499,1503,0.1145704653573246
1014,502,1516,0.11459375474853363
1010,499,1509,0.11459300335783969
1008,495,1503,0.11460237575652331
999,498,1497,0.11461504511210518
997,502,1499,0.11464660710989458
1004,503,1507,0.11467921039173497
1020,502,1522,0.11469538738181388
1008,497,1505,0.11467389120320036
1006,494,1500,0.11468273218586836
998,494,1492,0.11469647318143092
992,496,1488,0.11472787131962103
980,500,1480,0.11477205929187967
982,514,1496,0.11484317058463654
986,514,1500,0.11490572332660105
985,523,1508,0.11495407194956311
978,520,1498,0.11500054438306342
983,518,1501,0.11505953215426054
975,517,1492,0.11510167468569664
980,516,1496,0.11516186812465083
986,523,1509,0.11520600427215409
978,527,1505,0.1152326471221678
979,526,1505,0.11527555322355018
977,524,1501,0.11531375431806001
986,519,1505,0.1153535155723796
983,516,1499,0.1153676950558592
976,520,1496,0.11538856249579102
981,519,1500,0.11542399550172391
986,521,1507,0.11544575234704237
975,522,1497,0.11545582076970341
973,532,1505,0.11549089328476
977,525,1502,0.1155276870420623
973,529,1502,0.11555290330817193
966,536,1502,0.11558644283825444
973,530,1503,0.11563136999091662
972,538,1510,0.11565784978816711
976,530,1506,0.11568430903325361
991,528,1519,0.11569988369879297
978,524,1502,0.11568071078265774
976,519,1495,0.1156902564246829
973,526,1499,0.115703952819592
975,527,1502,0.11572182954238153
984,529,1513,0.11573386977980067
982,524,1506,0.11572417778521314
971,525,1496,0.11572165267054217
964,522,1486,0.11574522529463951
974,524,1498,0.11578507346543024
976,528,1504,0.11580022151450077
974,523,1497,0.11580932076428291
967,534,1501,0.11582180265388196
960,533,1493,0.11585013447912676
959,538,1497,0.11589238430565221
958,543,1501,0.11593306365994882
964,546,1510,0.11597314860946561
960,550,1510,0.11599690722551925
954,549,1503,0.11602890115902148
955,555,1510,0.1160721494276402
973,548,1521,0.11610898866950702
965,553,1518,0.11610237895517478
963,553,1516,0.11611557243791663
957,549,1506,0.11613224279619203
962,542,1504,0.11616121563271081
961,542,1503,0.1161750242134616
950,551,1501,0.11618995485973965
941,553,1494,0.11622994903957803
947,553,1500,0.11628710274467177
953,545,1498,0.1163271248042802
945,550,1495,0.11635109502912824
938,554,1492,0.11639427715113476
948,556,1504,0.11644959398971
939,569,1508,0.11647863169861239
930,562,1492,0.11652709791341628
921,566,1487,0.11659086526759026
941,563,1504,0.11666947837741702
937,565,1502,0.1166971216981876
931,568,1499,0.11673167512838561
926,568,1494,0.11677724898293451
936,567,1503,0.11683129243105139
930,569,1499,0.11685821605623485
933,571,1504,0.11689687420148498
935,576,1511,0.1169263554974051
925,576,1501,0.11694861209103927
924,572,1496,0.11699167583845625
923,565,1488,0.11703412421931843
912,568,1480,0.11707611664654471
925,563,1488,0.11714025743801618
923,570,1493,0.11716922146449729
925,569,1494,0.11720001137064998
933,564,1497,0.11722486302396697
939,565,1504,0.11722981888510779
926,571,1497,0.11722162307367151
938,577,1515,0.11724387149883593
935,577,1512,0.11723642375171921
932,571,1503,0.11723645390782705
924,569,1493,0.11724475724448925
924,568,1492,0.11727173357788147
923,573,1496,0.11729828238663993
926,578,1504,0.11732468940699003
926,585,1511,0.11734234965499762
916,589,1505,0.11736003908575206
926,588,1514,0.11740019097633084
920,588,1508,0.11741379425653602
907,588,1495,0.11744049596112255
905,587,1492,0.11749531384124742
917,596,1513,0.11755332541029322
919,593,1512,0.1175779939040569
927,587,1514,0.11759649305545111
926,593,1519,0.11759509882185107
929,590,1519,0.11759589850955106
932,590,1522,0.11758763671358553
918,588,1506,0.11757407399967107
919,592,1511,0.11759502637202984
914,595,1509,0.11761291544710101
909,590,1499,0.1176404397743884
916,596,1512,0.11767724069306905
915,593,1508,0.11769538023314335
910,596,1506,0.11771522819709247
914,600,1514,0.11774494808493569
910,592,1502,0.11776416834896039
912,596,1508,0.11779036568904239
915,599,1514,0.11780953481283749
916,597,1513,0.11782191987007455
924,594,1518,0.11783018401584236
923,595,1518,0.11781805927182475
920,590,1510,0.11780970419940129
926,587,1513,0.11780842743940183
922,590,1512,0.11779369296045669
925,592,1517,0.11778980574726429
922,589,1511,0.1177803911334652
905,585,1490,0.11777830217535883
903,586,1489,0.11781505542395695
908,576,1484,0.1178538605766212
907,584,1491,0.11787806001675834
910,591,1501,0.1179031768245867
915,596,1511,0.11791852490618236
904,598,1502,0.1179219327797258
915,598,1513,0.11795197623801634
909,595,1504,0.11795419577660374
905,598,1503,0.11796940661798157
906,593,1499,0.1179929854026182
905,591,1496,0.1180134062057019
914,600,1514,0.11803617140030634
919,595,1514,0.11803600697946338
905,599,1504,0.11802553574873122
890,604,1494,0.11804734666633347
893,607,1500,0.1181019093970889
890,615,1505,0.11814596161323937
898,613,1511,0.11819353303577852
901,605,1506,0.11821849033379969
894,609,1503,0.11823465618594732
894,614,1508,0.11826670467404082
890,617,1507,0.11829740484571521
886,619,1505,0.11833489018329324
884,621,1505,0.11838083270557467
891,617,1508,0.1184268933435008
892,621,1513,0.11845265409507624
891,605,1496,0.11847567152480093
884,608,1492,0.11850002950477227
894,616,1510,0.11853903599316727
906,626,1532,0.11855233810431738
893,627,1520,0.11853721373845373
883,625,1508,0.11855504377086742
889,624,1513,0.11859445859940872
887,632,1519,0.1186160067242993
883,620,1503,0.11863877951683235
873,622,1495,0.11866914958306345
873,621,1494,0.11872176834042342
874,621,1495,0.11876957841439208
876,623,1499,0.11880966039056226
880,623,1503,0.11884215120688868
869,630,1499,0.11886276827977163
874,627,1501,0.11890636101606201
880,632,1512,0.11893446353819236
870,632,1502,0.11894682188018958
865,635,1500,0.11898344075685091
865,628,1493,0.11902812059576441
874,623,1497,0.119070123538924
871,629,1500,0.11908942223320793
867,635,1502,0.11911396179995482
876,624,1500,0.11914411604799025
882,619,1501,0.1191513698497556
881,623,1504,0.11914357850686215
884,621,1505,0.11913787608141199
885,617,1502,0.11912575126695135
872,611,1483,0.11911261680076318
877,612,1489,0.11913003657081511
888,617,1505,0.1191343642719838
881,619,1500,0.11911055646765283
886,620,1506,0.11910544980799662
892,620,1512,0.11908713703598515
881,619,1500,0.11905768347036606
885,618,1503,0.11905674340508281
895,623,1518,0.11904651443295965
887,621,1508,0.11901263164600749
876,615,1491,0.11900054245237364
878,614,1492,0.11901396258973923
882,621,1503,0.11902054790584242
879,617,1496,0.11901672304516904
881,621,1502,0.11902046451253248
872,633,1505,0.11902045038551327
881,630,1511,0.11903987123220361
876,627,1503,0.11903593794479982
869,628,1497,0.1190458590317323
868,622,1490,0.11907164492617474
875,625,1500,0.11910016638021352
872,624,1496,0.11911124809407304
879,635,1514,0.11913019521652124
878,626,1504,0.1191313724462435
876,625,1501,0.11913626331083486
882,617,1499,0.11914573912502589
880,626,1506,0.11914328133699453
864,633,1497,0.1191459336965773
865,636,1501,0.11918438489761242
862,641,1503,0.11921643264486033
870,637,1507,0.11925229000701904
866,641,1507,0.11926840281891883
873,639,1512,0.11929402778450104
875,647,1522,0.119302636671279
870,641,1511,0.11930624556040673
869,636,1505,0.11932253680647992
856,632,1488,0.11934020889815873
851,637,1488,0.11938717127137626
865,636,1501,0.11944117609776686
872,644,1516,0.11945725525051122
865,639,1504,0.11945706563031085
867,639,1506,0.11947448658184166
873,637,1510,0.11948451029462868
866,632,1498,0.11947887035237263
859,640,1499,0.11949079444850934
855,639,1494,0.11951856004743786
854,647,1501,0.11955418190420548
848,646,1494,0.11959086820719537
853,640,1493,0.11963774495531775
862,641,1503,0.11966943747842722
850,646,1496,0.11967834551265902
839,644,1483,0.11971495780892472
843,649,1492,0.11977384955888018
861,643,1504,0.11981805761567565
863,642,1505,0.11981734614510042
851,640,1491,0.11981237150545539
855,644,1499,0.11983538790561245
850,647,1497,0.1198483390018781
853,644,1497,0.11987074691365752
853,646,1499,0.11988495180930002
859,643,1502,0.11989974466744417
863,649,1512,0.11990007475077284
852,644,1496,0.11989026872341688
843,644,1487,0.11990743345216848
845,642,1487,0.11994440530163265
846,653,1499,0.11997429877943841
857,656,1513,0.11999985652035719
855,660,1515,0.11999859311452622
854,651,1505,0.12000146164181323
852,651,1503,0.12000604174615491
844,655,1499,0.12001573537445477
844,652,1496,0.12004408294146682
832,656,1488,0.12007101500612745
833,669,1502,0.12012391513826132
824,670,1494,0.12016923204904151
830,676,1506,0.12023576379375486
828,678,1506,0.12028339084703416
829,676,1505,0.12033153816756238
827,670,1497,0.1203742195815462
821,675,1496,0.12041858652365658
818,673,1491,0.12047600358358089
818,678,1496,0.12053593538193859
819,686,1505,0.12059074546574206
818,687,1505,0.12064004165566995
815,688,1503,0.12068789172629826
808,683,1491,0.1207385596063025
825,681,1506,0.12080419321473897
816,671,1487,0.12082486510166085
806,671,1477,0.12086576139685022
805,675,1480,0.12092680385064203
815,683,1498,0.12098669779126667
820,685,1505,0.12101747908557009
815,689,1504,0.12103477843451138
809,687,1496,0.12106239199638702
807,689,1496,0.12110215764550901
784,693,1477,0.12114393452067036
792,694,1486,0.12123656869680914
795,699,1494,0.1213032256057847
803,696,1499,0.1213567665931411
800,691,1491,0.12138929937744791
801,692,1493,0.12142678370742907
796,696,1492,0.12146002681129517
800,700,1500,0.12150123199219064
803,710,1513,0.12153144888966175
799,701,1500,0.12155278349657074
818,708,1526,0.1215822112231071
810,706,1516,0.12156477463943897
810,706,1516,0.12156982174081107
808,705,1513,0.12157423361664577
807,702,1509,0.12158464698831363
788,698,1486,0.12159648055897937
792,713,1505,0.12165228771961427
783,713,1496,0.1216941766267667
789,717,1506,0.12175514623539647
794,725,1519,0.12179759834859265
791,724,1515,0.12182562380062904
792,726,1518,0.1218574749352555
795,727,1522,0.12188430686430315
778,723,1501,0.12190423843603491
771,722,1493,0.12196110614237313
778,730,1508,0.12203021149976895
779,733,1512,0.12207741152971488
773,730,1503,0.12211880296149681
769,737,1506,0.12217199897607138
771,735,1506,0.12222896085946541
768,730,1498,0.12227779962031025
774,725,1499,0.12233026145630856
766,744,1510,0.12236495402119658
760,745,1505,0.12241859907281447
763,738,1501,0.12248366619856103
768,739,1507,0.12253529735377647
756,750,1506,0.12257229728421816
751,751,1502,0.12263497866249094
755,745,1500,0.122704262295361
759,737,1496,0.12275854859286987
748,746,1494,0.12279822574461076
751,753,1504,0.12286065946461953
759,752,1511,0.12291319228961324
757,746,1503,0.12294250879507183
752,747,1499,0.12297393497775999
758,758,1516,0.12301550653240537
764,761,1525,0.12303820146361842
759,759,1518,0.12304375141385025
760,749,1509,0.12306303259032408
758,746,1504,0.12307941043459322
763,749,1512,0.12309950665095172
763,751,1514,0.12310443746759407
765,748,1513,0.12310837293453052
765,753,1518,0.12310808363725802
773,753,1526,0.12310894636488197
774,743,1517,0.12309117734173387
777,737,1514,0.12307227273416796
768,743,1511,0.12304852163854374
770,746,1516,0.12304921504552721
767,740,1507,0.12304506752496262
766,745,1511,0.12304869273094092
771,750,1521,0.12305388483966145
763,745,1508,0.12304709239676534
753,751,1504,0.12305958051851082
763,750,1513,0.12309428127762728
760,763,1523,0.12310261333249219
757,757,1514,0.12311679584420843
754,767,1521,0.12313857595565084
751,767,1518,0.12316716541256875
747,767,1514,0.12320215771980118
744,776,1520,0.12324588729732806
737,784,1521,0.12329272525285997
736,784,1520,0.12335313787208305
728,779,1507,0.12341453544962726
733,777,1510,0.12349012327961206
726,781,1507,0.12354752182275235
720,784,1504,0.12361759495479623
728,784,1512,0.12369609563763255
724,788,1512,0.12375009701834212
710,788,1498,0.12380929283643273
707,791,1498,0.12389619678964152
703,789,1492,0.1239843761054107
701,793,1494,0.12407427680050521
708,795,1503,0.12416158190235298
709,802,1511,0.1242263788997289
702,802,1504,0.12428362453772607
704,794,1498,0.12435514695000219
705,792,1497,0.12441630709449392
702,793,1495,0.12446963757128668
700,795,1495,0.1245258222022458
699,802,1501,0.12458192060099069
697,796,1493,0.12463563368340307
698,796,1494,0.12469070774942155
694,804,1498,0.12474224913696005
697,798,1495,0.12479853274994335
692,800,1492,0.12484506779732714
689,804,1493,0.12490013127980613
685,813,1498,0.12495814739401019
688,811,1499,0.12502131961927465
698,810,1508,0.12507284306584093
687,816,1503,0.1250978880950849
684,819,1503,0.12514877833153487
692,816,1508,0.12520263465201625
693,810,1503,0.12523343526745154
688,817,1505,0.1252586382549043
696,823,1519,0.12529576175981663
693,821,1514,0.12531202809199457
695,814,1509,0.12533530379927738
693,812,1505,0.12535188682132417
694,821,1515,0.12537228468480893
686,820,1506,0.12538972539228235
685,825,1510,0.12542610883769864
689,825,1514,0.12546375965669015
686,830,1516,0.12548879702987686
687,831,1518,0.1255201134245659
677,833,1510,0.12554645420626945
681,824,1505,0.12559479853475103
681,827,1508,0.12562933785733713
676,823,1499,0.1256619002430704
666,826,1492,0.12570515795347517
668,821,1489,0.12576725527458568
667,824,1491,0.1258205324955452
668,825,1493,0.12587185787436378
669,829,1498,0.12591674925101715
666,839,1505,0.12595594223081588
676,833,1509,0.1260010647943442
687,830,1517,0.12601783759742066
683,822,1505,0.12600785197065398
674,825,1499,0.12600812549965087
673,844,1517,0.126031767812649
668,844,1512,0.12605413052680783
670,848,1518,0.12609111436553921
669,850,1519,0.12611941778737154
673,844,1517,0.12614901649222968
670,843,1513,0.12616689606288214
673,838,1511,0.12619103812179744
673,829,1502,0.1262068778246261
665,829,1494,0.12622064815135553
668,842,1510,0.12625294462751988
662,843,1505,0.1262765432028335
653,843,1496,0.126313696421311
654,836,1490,0.12636949630787594
661,840,1501,0.12641961691299994
657,844,1501,0.1264479410615566
660,848,1508,0.12648404105005215
652,850,1502,0.1265105463729944
660,836,1496,0.12655565533568874
656,838,1494,0.12657626395943453
664,845,1509,0.1266055659779834
661,845,1506,0.12661327335525166
651,848,1499,0.126626880546587
646,848,1494,0.12666309946795545
650,849,1499,0.12671013199757575
658,853,1511,0.12674374275636538
646,860,1506,0.12675644988225737
647,864,1511,0.12679811989107098
649,864,1513,0.12683528624576565
654,872,1526,0.12686567554032732
656,864,1520,0.12688192759592362
666,857,1523,0.12689091137938274
664,850,1514,0.12687281128358457
659,847,1506,0.12686168936280207
670,848,1518,0.12686484747195867
662,847,1509,0.12684122919411955
663,847,1510,0.12683879293399314
656,866,1522,0.12683583054020636
647,851,1498,0.12685153118507211
651,857,1508,0.12688969741328585
653,857,1510,0.1269146496087559
654,868,1522,0.1269324338385773
652,870,1522,0.12694649605982403
649,874,1523,0.1269637650389023
649,876,1525,0.12698611443957752
644,869,1513,0.1270081146270809
647,866,1513,0.1270411708232781
652,872,1524,0.12706332713288673
657,862,1519,0.1270728010025601
657,857,1514,0.12706807416491597
651,865,1516,0.12706368038228727
653,857,1510,0.12707472573563788
646,861,1507,0.12707967011400875
642,869,1511,0.12710105449594045
643,865,1508,0.12713174200841093
640,856,1496,0.12715742087236656
638,860,1498,0.1271890691940662
638,863,1501,0.12722430244509886
634,861,1495,0.12725618159541124
638,867,1505,0.12729518064134712
637,864,1501,0.1273210851894746
627,873,1500,0.12734805432279728
626,872,1498,0.12739699606171226
631,869,1500,0.12744510106233434
629,876,1505,0.12747679089563657
626,871,1497,0.12750942061757392
631,871,1502,0.12754891084013498
634,863,1497,0.12757437469042995
638,859,1497,0.12758943834658842
633,870,1503,0.1275945738959175
626,869,1495,0.12761182045961716
622,877,1499,0.12764645564351756
617,879,1496,0.12768776264597456
619,876,1495,0.12773956681051626
609,879,1488,0.12778384015911148
620,884,1504,0.12784953917186595
626,885,1511,0.1278821921110697
618,891,1509,0.1279002233086055
620,890,1510,0.1279369319757224
621,891,1512,0.12796566345765215
617,882,1499,0.12799112194520398
621,885,1506,0.12802550591191456
614,886,1500,0.1280480497288463
614,887,1501,0.1280852547186613
615,886,1501,0.12812002917448786
609,891,1500,0.12815012140619794
609,892,1501,0.12819460695264345
612,891,1503,0.1282352686539253
618,896,1514,0.12826704583475582
619,888,1507,0.12828219152612047
612,899,1511,0.12829473697281593
612,896,1508,0.12832466273682439
606,893,1499,0.12835212841143087
608,892,1500,0.12839311822770594
604,901,1505,0.12842787761925858
605,905,1510,0.12846918926257817
601,908,1509,0.1285033800201718
602,903,1505,0.12854567039078055
602,897,1499,0.12858303198522594
594,906,1500,0.12861726424533962
595,902,1497,0.1286684350742093
594,916,1510,0.12871365569080528
595,915,1510,0.12875780014011862
583,914,1497,0.12879695523279275
573,918,1491,0.12886267989932054
570,919,1489,0.12894978018462425
570,916,1486,0.12903727211193947
573,917,1490,0.12911865562537397
563,935,1498,0.12918743391622797
565,944,1509,0.1292774855558519
567,924,1491,0.12935670999077567
575,915,1490,0.12942591201592962
578,928,1506,0.1294699274900537
572,928,1500,0.12950430866456575
579,941,1520,0.1295494897056389
573,928,1501,0.12957532236321834
557,929,1486,0.1296152445805818
556,932,1488,0.1296924750441898
554,931,1485,0.12976702020792424
558,932,1490,0.12983963084748315
555,925,1480,0.12989694805661675
560,919,1479,0.1299574111149879
558,925,1483,0.13000051074901006
563,942,1505,0.13004455992511008
561,938,1499,0.1300740188839285
555,946,1501,0.1301061245524699
558,954,1512,0.130152662411258
558,947,1505,0.13018918974758464
557,947,1504,0.13022387214999362
558,958,1516,0.13025930138242756
558,956,1514,0.13029048061580029
556,960,1516,0.13032175776529656
553,942,1495,0.13035563464201977
542,954,1496,0.1303944135325693
541,949,1490,0.1304580263864196
542,951,1493,0.13051910071952041
543,966,1509,0.1305742931403767
537,963,1500,0.13062188096654961
540,963,1503,0.1306836563196763
540,974,1514,0.1307355216182927
537,977,1514,0.13078174184637784
538,977,1515,0.1308331543471528
540,962,1502,0.1308782687280732
537,969,1506,0.1309144922725471
538,977,1515,0.1309570014293564
534,974,1508,0.13099353799288138
536,980,1516,0.13103617036046272
530,976,1506,0.13107208917523858
532,972,1504,0.13112040828113403
536,966,1502,0.1311591551421502
531,959,1490,0.13118597923903594
538,960,1498,0.1312256079872968
529,973,1502,0.13124422399576197
529,972,1501,0.13128505347414052
521,984,1505,0.13132310542088654
532,967,1499,0.13137862180221696
534,977,1511,0.13140289402099667
538,959,1497,0.13142075278712267
538,955,1493,0.13142680459696676
533,969,1502,0.13143189424400994
526,976,1502,0.13144704915619332
533,979,1512,0.13148033107707957
525,971,1496,0.1314940162496421
527,971,1498,0.13152793589585474
523,983,1506,0.1315546765771741
521,973,1494,0.1315891703834069
516,973,1489,0.13162319351409327
525,984,1509,0.13166766193634624
522,982,1504,0.13168761083489053
516,979,1495,0.13171496896727797
510,991,1501,0.1317554375742088
505,1001,1506,0.1318108542261312
513,989,1502,0.13187409101082528
513,983,1496,0.13191256945022334
510,988,1498,0.13194842795518563
512,998,1510,0.13198842513647774
514,999,1513,0.1320202742435539
513,989,1502,0.13204395255506257
509,996,1505,0.13206837824042286
524,1003,1527,0.13210151212660207
526,992,1518,0.13209528776322613
522,992,1514,0.1320841509309883
528,998,1526,0.13208478030770268
526,993,1519,0.1320720966762614
517,995,1512,0.1320659835363157
509,1009,1518,0.13208373431793205
509,1008,1517,0.13211961017830404
513,1004,1517,0.1321535626036598
524,1003,1527,0.13217437731980716
520,1001,1521,0.13216469214239712
511,1009,1520,0.1321659237197304
504,1006,1510,0.13218940472367147
499,1007,1506,0.132230490518251
501,1017,1518,0.13228151812594383
502,1023,1525,0.13232331270259834
506,1013,1519,0.13236095321720778
504,1012,1516,0.13238435985145025
496,1011,1507,0.13241224153626688
504,1005,1509,0.13245753919783018
511,1003,1514,0.13247886095781586
505,1004,1509,0.13248057471669072
503,1004,1507,0.13249745582912634
496,1021,1517,0.13251838544066022
497,1019,1516,0.13255616483886262
497,1022,1519,0.13258757805239316
498,1012,1510,0.13261562926519926
488,1032,1520,0.13264039202001254
495,1019,1514,0.13269024445362415
481,1023,1504,0.132719429210505
486,1020,1506,0.13278154294570566
480,1013,1493,0.1328256969402951
484,1022,1506,0.13288087812296562
488,1020,1508,0.13292240556042803
485,1037,1522,0.13295041930466617
491,1027,1518,0.1329866006449501
485,1027,1512,0.13300384528566123
481,1023,1504,0.13303476617945661
490,1020,1510,0.13307168042754763
484,1027,1511,0.13308330082118403
491,1027,1518,0.1331092152771465
481,1032,1513,0.1331156874609851
477,1023,1500,0.13314750283077523
477,1021,1498,0.13318641783143664
482,1018,1500,0.13322126196771078
477,1014,1491,0.1332410283213937
482,1013,1495,0.13327369587057653
478,1022,1500,0.1332904800239794
478,1022,1500,0.13331481319037528
476,1036,1512,0.13333710321744222
481,1029,1510,0.13336327535503142
477,1038,1515,0.13337581531388995
478,1040,1518,0.13339757076291028
481,1032,1513,0.13341685406262027
482,1039,1521,0.13342728710377222
467,1031,1498,0.1334350366043836
461,1029,1490,0.13347801434329573
460,1031,1491,0.13353328473198137
465,1031,1496,0.13358790956350922
464,1041,1505,0.1336242219627961
468,1042,1510,0.13366059407193703
460,1039,1499,0.1336836382123357
464,1049,1513,0.13372609383172546
461,1047,1508,0.13375609236139208
457,1048,1505,0.13379146792828847
464,1051,1515,0.13383416869664225
463,1046,1509,0.13385539311663835
460,1042,1502,0.13387982124579165
462,1044,1506,0.13390948209590836
456,1045,1501,0.13393203924276972
462,1054,1516,0.13396861893035583
469,1049,1518,0.1339879647236475
470,1048,1518,0.13398848999222618
463,1037,1500,0.13398707207385907
464,1038,1502,0.13400271225711705
467,1049,1516,0.13401560161959739
467,1048,1515,0.13402137232425151
470,1054,1524,0.13402654697042604
469,1045,1514,0.13402366223586942
464,1040,1504,0.13402379103550183
464,1039,1503,0.1340371138685553
468,1042,1510,0.1340498020247209
475,1041,1516,0.13405099030245743
470,1036,1506,0.13403467260350052
467,1048,1515,0.13403320075103312
464,1053,1517,0.13403802773889745
459,1057,1516,0.13404847062859443
463,1055,1518,0.13406827526998769
464,1053,1517,0.13407750449969877
461,1048,1509,0.13408281193555271
465,1037,1502,0.13409664541809424
467,1039,1506,0.13410004313912385
462,1053,1515,0.13409919550240018
459,1056,1515,0.13411145405341515
459,1049,1508,0.13412999121629887
461,1056,1517,0.1341479411214199
463,1055,1518,0.13415873346379587
463,1055,1518,0.13416310034755963
467,1047,1514,0.1341682989435319
466,1046,1512,0.1341629550233504
464,1038,1502,0.13416003630964507
458,1036,1494,0.134162552056312
454,1033,1487,0.13418061208035423
464,1048,1512,0.13420725089105365
457,1046,1503,0.13420678917311002
457,1048,1505,0.1342235732622783
459,1046,1505,0.1342375578598517
459,1047,1506,0.13424651645147814
460,1059,1519,0.1342554687056339
460,1057,1517,0.13426088285978388
456,1058,1514,0.13426671221113304
451,1051,1502,0.13428221044332292
458,1048,1506,0.13430825688958323
451,1057,1508,0.13431745472257617
445,1057,1502,0.13434443384886344
445,1066,1511,0.13438410764559847
446,1061,1507,0.1344219780771173
444,1060,1504,0.13445363400588062
441,1050,1491,0.13448894725750773
445,1069,1514,0.13453090903435316
446,1053,1499,0.1345593696369964
448,1045,1493,0.13458385351914637
440,1053,1493,0.13460262498598982
441,1060,1501,0.1346403067655807
443,1065,1508,0.13467323139249757
444,1071,1515,0.13469913535298797
439,1077,1516,0.13472020981001076
442,1069,1511,0.13475250289508348
448,1077,1525,0.1347753911326131
447,1080,1527,0.13478227763750425
447,1066,1513,0.1347921978707632
453,1069,1522,0.1348004086286636
462,1060,1522,0.13479256606865977
451,1053,1504,0.13476328712402913
453,1060,1513,0.1347646044872779
454,1065,1519,0.13476282845036217
455,1059,1514,0.1347596736701419
453,1060,1513,0.13475330825291423
445,1070,1515,0.1347510368827174
436,1070,1506,0.13476903862306028
441,1062,1503,0.1348077727336744
441,1068,1509,0.13483010000592327
443,1066,1509,0.13485208236622018
446,1062,1508,0.13486933174135782
436,1073,1509,0.13487689643755288
432,1074,1506,0.13491042885121673
429,1073,1502,0.1349526461201747
430,1077,1507,0.1350005972350419
427,1094,1521,0.13504285880759473
430,1092,1522,0.13508979933542709
426,1095,1521,0.1351256149095606
431,1083,1514,0.1351700482758348
424,1086,1510,0.1351980947218348
416,1082,1498,0.13524260354465498
415,1081,1496,0.1353051312535151
417,1084,1501,0.1353658674276977
422,1084,1506,0.13541788366419116
425,1090,1515,0.13545222579391047
427,1093,1520,0.13547740803758362
428,1086,1514,0.1354955289472274
423,1088,1511,0.13550926010893286
427,1088,1515,0.13553659744999152
428,1080,1508,0.1355528806024504
431,1082,1513,0.13556565280818925
424,1085,1509,0.13556935961425878
419,1076,1495,0.1355908424343685
426,1083,1509,0.13562380165778995
426,1088,1514,0.1356357358449762
428,1096,1524,0.1356465079361606
429,1088,1517,0.1356519653540413
426,1095,1521,0.1356549862102369
425,1082,1507,0.13566364701828668
420,1084,1504,0.13567466030774233
426,1082,1508,0.13569720477126535
422,1073,1495,0.13570258881009498
423,1079,1502,0.13571639688040868
426,1085,1511,0.1357261780145178
428,1075,1503,0.13572867000336294
429,1094,1523,0.1357253430899709
423,1082,1505,0.13572090703762021
428,1084,1512,0.13573402443150925
423,1077,1500,0.1357356885965027
415,1086,1501,0.13574931797668038
420,1098,1518,0.13578340889760054
421,1090,1511,0.1358034756726598
423,1090,1513,0.13582034905458942
422,1090,1512,0.13583224889615728
421,1085,1506,0.13584631475276696
419,1089,1508,0.13586125564742915
423,1079,1502,0.13587995811856707
425,1081,1506,0.13588676096299535
428,1092,1520,0.135888463034214
424,1090,1514,0.1358835277430443
417,1096,1513,0.13589018386848067
412,1089,1501,0.13591433815764353
412,1099,1511,0.13595076685941895
414,1097,1511,0.13598397662324307
416,1099,1515,0.13600939986443206
413,1098,1511,0.1360297597444144
412,1093,1505,0.13605648876364518
411,1086,1497,0.13608459364677042
407,1090,1497,0.13611549939854456
409,1098,1507,0.1361541435670306
405,1102,1507,0.13618647063592326
406,1093,1499,0.13622691303382947
405,1095,1500,0.13626193548403662
407,1101,1508,0.13629819890724193
406,1111,1517,0.13632780403876243
409,1124,1533,0.13635718890195278
406,1122,1528,0.13637710922226823
406,1118,1524,0.13640341996674912
406,1119,1525,0.13642858938983668
403,1113,1516,0.13645208647018447
403,1104,1507,0.1364813738744363
406,1110,1516,0.13650937174624056
409,1110,1519,0.13652878768907362
407,1116,1523,0.1365379189195708
404,1118,1522,0.13655162182871844
401,1115,1516,0.13657102708732916
398,1118,1516,0.13659860094959045
390,1124,1514,0.13663185406791822
396,1125,1521,0.13668340641857102
392,1134,1526,0.1367158318144459
390,1130,1520,0.1367555851057585
390,1126,1516,0.13679923560934737
391,1125,1516,0.1368386680500436
396,1128,1524,0.13687232371639968
393,1127,1520,0.1368926892905388
395,1130,1525,0.13691924049293835
393,1117,1510,0.13693885392518287
392,1115,1507,0.13696260616876224
397,1123,1520,0.1369878458556774
392,1130,1522,0.1369996473975647
388,1131,1519,0.1370241698143302
393,1139,1532,0.13705668497036325
387,1123,1510,0.1370754387353546
381,1127,1508,0.13710778593853765
376,1130,1506,0.13715384278154308
376,1131,1507,0.13721025269439413
377,1123,1500,0.13726306366279203
372,1134,1506,0.13730953063195908
369,1142,1511,0.13736571791066585
370,1139,1509,0.13742608300099732
367,1140,1507,0.13748023491907405
365,1149,1514,0.13753746218985682
367,1146,1513,0.1375946915536998
367,1141,1508,0.13764234201267925
368,1145,1513,0.13768621475113516
369,1149,1518,0.13772449030303688
366,1148,1514,0.13775814743786075
364,1153,1517,0.13779666989742556
374,1155,1529,0.13783766549821244
376,1150,1526,0.13785111783764695
371,1141,1512,0.13785913104032244
374,1142,1516,0.13787949363931468
372,1156,1528,0.13788999568988544
367,1149,1516,0.13790643784042086
362,1147,1509,0.13793519908432805
359,1158,1517,0.13797401330166914
360,1154,1514,0.13801769918909618
359,1144,1503,0.1380547516907943
359,1141,1500,0.13809138460269962
361,1145,1506,0.13812653041812445
367,1168,1535,0.1381543918398444
362,1177,1539,0.13816519923897527
361,1164,1525,0.13818645720088657
363,1169,1532,0.13820796198766833
358,1153,1511,0.13822228386496774
361,1163,1524,0.1382500076601646
363,1161,1524,0.13826770152128837
361,1167,1528,0.13827909900545296
365,1157,1522,0.1382949247594755
362,1159,1521,0.13829999857290345
357,1156,1513,0.1383141239625071
356,1154,1510,0.13834025261332614
354,1160,1514,0.1383672715483816
352,1147,1499,0.13839816571759758
347,1158,1505,0.13843274549100057
349,1159,1508,0.13847802790679195
352,1173,1525,0.1385139554860187
349,1168,1517,0.13853935342167406
346,1160,1506,0.13857090095954458
348,1164,1512,0.13860723824957605
356,1163,1519,0.13863412196754954
356,1163,1519,0.13864041608190456
349,1157,1506,0.13864608527289926
347,1167,1514,0.13866844667224532
348,1166,1514,0.13869270075871476
350,1164,1514,0.13871358265464792
350,1154,1504,0.1387279151999237
350,1158,1508,0.13874095997655672
349,1164,1513,0.1387539470231355
346,1165,1511,0.13876857431001813
343,1173,1516,0.1387893397047395
340,1177,1517,0.13881586588972183
340,1179,1519,0.1388484673463783
333,1167,1500,0.13887889051432553
333,1166,1499,0.13892548541008964
333,1168,1501,0.13896758176216267
344,1155,1499,0.1390081183477294
346,1173,1519,0.13901774358706076
342,1173,1515,0.1390223288917981
344,1174,1518,0.1390371539025078
343,1181,1524,0.13904548305751308
339,1178,1517,0.13905532500572457
339,1189,1528,0.13907621379367266
336,1195,1531,0.1390960285429426
328,1181,1509,0.13912303007564547
322,1184,1506,0.13916936052144482
325,1182,1507,0.13922736819893275
329,1187,1516,0.13927293411815322
329,1188,1517,0.139305760541815
327,1187,1514,0.13933670511816282
326,1177,1503,0.1393720269767965
332,1178,1510,0.1394075320344818
329,1190,1519,0.13942653784866413
328,1190,1518,0.13945272677024526
324,1192,1516,0.1394793210453511
323,1207,1530,0.13951504111624732
315,1212,1527,0.13955083406970753
317,1203,1520,0.13960428880685524
319,1199,1518,0.13965086684037478
313,1199,1512,0.139687355355966
315,1196,1511,0.13973802022842696
314,1201,1515,0.13977976604158043
316,1208,1524,0.13982183934513326
319,1208,1527,0.1398551290515539
317,1201,1518,0.13987833972810118
318,1202,1520,0.13990582958818057
319,1200,1519,0.13992888706729104
322,1192,1514,0.13994736760073845
323,1197,1520,0.13995688046028884
321,1205,1526,0.13996461004957975
322,1202,1524,0.1399775562788148
327,1199,1526,0.13998584606625422
327,1200,1527,0.1399810643467261
322,1193,1515,0.13997743611058916
324,1197,1521,0.13998797850532768
329,1206,1535,0.1399923864131313
324,1201,1525,0.13998443479748818
317,1208,1525,0.13998970525961257
324,1202,1526,0.1400139148450014
324,1193,1517,0.14001683888908686
321,1195,1516,0.1400201189509344
324,1192,1516,0.14003089446254013
319,1201,1520,0.14003336615171452
315,1212,1527,0.14004982342097574
314,1199,1513,0.14007456494196013
313,1194,1507,0.1400998598670074
314,1199,1513,0.14012544060081994
312,1196,1508,0.14014686714348842
312,1202,1514,0.14017242558401968
307,1205,1512,0.14019655400178713
309,1212,1521,0.1402320908735126
303,1221,1524,0.14026152428874586
301,1215,1516,0.14030317193201697
306,1210,1516,0.14034825824212865
302,1205,1507,0.1403762038267859
302,1219,1521,0.14041276120810683
292,1214,1506,0.1404469177405833
295,1212,1507,0.1405057551953998
299,1214,1513,0.14055372673164498
301,1208,1509,0.14058774281784195
293,1201,1494,0.140614771326115
300,1197,1497,0.14065943509669396
302,1198,1500,0.14068242572378048
306,1208,1514,0.14069892428175781
308,1203,1511,0.140704761255885
306,1193,1499,0.1407062438945861
302,1199,1501,0.1407135440530889
302,1186,1488,0.14073056271701564
305,1205,1510,0.14074543577659973
296,1206,1502,0.14075022298886586
294,1217,1511,0.1407781761202286
285,1210,1495,0.14081004991996593
289,1211,1500,0.14086218715386503
291,1192,1483,0.14090132222811835
285,1213,1498,0.14093303370456828
291,1200,1491,0.14097902633530526
291,1203,1494,0.14100733174887647
289,1199,1488,0.14103209634554792
289,1210,1499,0.14105988524388352
294,1197,1491,0.1410856989294626
290,1220,1510,0.14109576776933008
291,1219,1510,0.1411158177244033
298,1217,1515,0.1411324885269487
306,1212,1518,0.14112883473015572
309,1222,1531,0.14110410218371328
307,1229,1536,0.14107389393429556
305,1232,1537,0.14105267464460838
300,1228,1528,0.14103664799540805
303,1220,1523,0.1410355467626425
304,1210,1514,0.14102710172808097
303,1209,1512,0.14101798764315032
298,1211,1509,0.14101234003448782
301,1205,1506,0.1410202692445415
295,1215,1510,0.14101955802735044
294,1221,1515,0.14103520820704507
298,1228,1526,0.14105265728184177
301,1207,1508,0.1410582744262425
303,1205,1508,0.1410563953863695
301,1202,1503,0.14104965159186747
311,1203,1514,0.14104909617544314
306,1213,1519,0.1410229236759573
302,1220,1522,0.1410107510628239
302,1221,1523,0.14101011514828826
307,1216,1523,0.14100959058152085
307,1217,1524,0.14099536715837538
303,1217,1520,0.14098240996305766
302,1222,1524,0.14098086801965576
305,1218,1523,0.14098262191044292
298,1214,1512,0.14097713942244186
297,1219,1516,0.14099050071100933
301,1210,1511,0.14100638161169793
301,1210,1511,0.14100946755622462
301,1207,1508,0.14101120988374893
299,1211,1510,0.14101290406831285
294,1211,1505,0.14102003224371987
294,1215,1509,0.14103928181260028
293,1222,1515,0.1410570344159944
295,1218,1513,0.14107622562853595
291,1223,1514,0.14108873884218456
296,1219,1515,0.14111214964178115
298,1229,1527,0.14111994535257044
301,1229,1530,0.14112152972405545
292,1226,1518,0.1411139312238462
291,1217,1508,0.14113168669254456
290,1228,1518,0.14115108110376762
289,1231,1520,0.1411726373189011
288,1230,1518,0.14119559033851445
282,1225,1507,0.14121871390254367
276,1218,1494,0.1412554877181407
283,1221,1504,0.14130544970578401
284,1233,1517,0.1413348577054588
283,1229,1512,0.14135887194624697
284,1234,1518,0.14138373364540122
286,1224,1510,0.14140476506192845
278,1225,1503,0.14141836715687348
284,1230,1514,0.1414515532600691
292,1212,1504,0.14146591083867707
292,1203,1495,0.14145762138657914
296,1210,1506,0.14145084752632806
299,1202,1501,0.14143320485898359
297,1200,1497,0.14140908683714618
293,1198,1491,0.14139397050164415
299,1212,1511,0.1413892953971817
306,1219,1525,0.14136969064271626
309,1220,1529,0.14133402548693808
310,1209,1519,0.14129277261446493
308,1208,1516,0.14125174418901798
309,1201,1510,0.1412189594299254
306,1193,1499,0.14118659774401007
301,1193,1494,0.14116665756152375
305,1197,1502,0.14115995397840322
304,1201,1505,0.14114292900997924
309,1199,1508,0.14112949601850963
307,1209,1516,0.14110334887660037
310,1214,1524,0.14108404699488702
307,1215,1522,0.14105872410472534
302,1231,1533,0.14104242129652791
308,1224,1532,0.1410392541517213
308,1217,1525,0.1410202766282544
309,1210,1519,0.14100342951935788
306,1215,1521,0.14098661973164955
305,1210,1515,0.14097825016950435
309,1208,1517,0.1409729665283689
308,1208,1516,0.14095599402195258
305,1211,1516,0.14094348121353678
304,1211,1515,0.14093943471968334
309,1211,1520,0.14093860261217062
309,1214,1523,0.14092542237700012
304,1206,1510,0.14091289029814844
308,1207,1515,0.14091428076073226
311,1201,1512,0.14090454384613127
306,1204,1510,0.14088791687748115
306,1203,1509,0.14088569402756546
306,1201,1507,0.14088349159583574
310,1204,1514,0.14088167311925567
308,1202,1510,0.14086954347133027
314,1212,1526,0.14086395287792056
313,1214,1527,0.14084370298094048
310,1203,1513,0.1408278011707402
297,1221,1518,0.14082150768142798
295,1216,1511,0.14085044412770273
295,1224,1519,0.14088186944158934
291,1223,1514,0.1409120100944244
291,1213,1504,0.14094999874043712
290,1224,1514,0.14098624554885944
292,1224,1516,0.14102227125565345
290,1227,1517,0.14105082098999003
293,1221,1514,0.14108244336347064
290,1220,1510,0.14110347204078363
292,1222,1514,0.14112992035570587
294,1224,1518,0.141150115828236
290,1220,1510,0.14116443452082586
292,1226,1518,0.14118746774675045
295,1230,1525,0.1412032030041407
290,1232,1522,0.14121048001582723
291,1223,1514,0.1412307785382288
284,1234,1518,0.14124668412138827
289,1234,1523,0.1412782708067814
286,1235,1521,0.14129363318286575
290,1229,1519,0.1413156520495965
292,1221,1513,0.14132604150079542
294,1224,1518,0.14133046437169053
298,1220,1518,0.14133016188573608
298,1231,1529,0.14131870345059505
293,1224,1517,0.1413077415163935
293,1220,1513,0.14131041687587556
291,1221,1512,0.14131304072574336
289,1227,1516,0.1413225823338917
290,1221,1511,0.14133629825283756
286,1213,1499,0.14134601675545636
281,1221,1502,0.14136481011968954
281,1227,1508,0.1413951713996447
280,1222,1502,0.14142355922849617
281,1216,1497,0.14145097146762528
281,1222,1503,0.14147539157933914
274,1223,1497,0.1414972961669366
281,1221,1502,0.14153567795335753
284,1227,1511,0.14155249226107355
283,1231,1514,0.14155938682633323
282,1237,1519,0.14156907344598413
281,1232,1513,0.14158184338902788
277,1234,1511,0.14159581297943954
278,1239,1517,0.14161955580844793
281,1232,1513,0.1416391831097983
280,1241,1521,0.14164934207678098
281,1225,1506,0.14166186140212933
278,1238,1516,0.14166986604087983
272,1232,1504,0.1416846879642094
269,1238,1507,0.14171456867157553
271,1230,1501,0.14175090445502964
279,1234,1513,0.1417794645135397
284,1228,1512,0.14178590844599126
281,1223,1504,0.14177786614290333
281,1230,1511,0.1417786250961291
274,1224,1498,0.14177928521825886
287,1225,1512,0.1417991813957379
282,1233,1515,0.14178127724432726
271,1225,1496,0.1417785611319785
274,1229,1503,0.14180535976451403
275,1233,1508,0.141821753238748
275,1256,1531,0.14183550965785569
283,1255,1538,0.14184775780306155
272,1236,1508,0.14183943464446375
273,1244,1517,0.14185980129479017
277,1238,1515,0.14187631599797357
285,1244,1529,0.14188127690991906
277,1247,1524,0.14186633052282155
274,1242,1516,0.14187455994916076
275,1250,1525,0.14189000998248735
271,1254,1525,0.1419014789682672
276,1253,1529,0.1419230881114742
266,1243,1509,0.1419307246078839
270,1244,1514,0.14196542061283685
268,1246,1514,0.14198788360090903
268,1239,1507,0.1420128883956919
260,1240,1500,0.14203655814938235
259,1241,1500,0.14207865986945376
257,1233,1490,0.1421206218291936
256,1238,1494,0.1421647826504158
255,1231,1486,0.14220734171065072
256,1245,1501,0.14224959856880554
252,1248,1500,0.14228652789171442
254,1243,1497,0.14233135639615094
254,1251,1505,0.14236801484178657
255,1258,1513,0.14240295712656806
257,1266,1523,0.14243257257493475
258,1271,1529,0.14245517939899308
258,1250,1508,0.14247367377445902
257,1253,1510,0.14249098962507156
255,1263,1518,0.14251017238393493
253,1262,1515,0.14253352715156342
253,1263,1516,0.14256123962843564
250,1262,1512,0.1425876595037385
256,1264,1520,0.14262020283795576
256,1268,1524,0.14263598407442124
251,1268,1519,0.1426511033967148
248,1263,1511,0.14267870255038684
251,1275,1526,0.1427127685117889
249,1277,1526,0.14273712867834856
247,1273,1520,0.14276497989553166
240,1274,1514,0.14279534152578502
240,1270,1510,0.14284139270034363
230,1259,1489,0.1428844331500532
232,1263,1495,0.14295200221899107
232,1266,1498,0.14300995171639092
234,1275,1509,0.14306344446437078
231,1266,1497,0.1431078826406458
231,1259,1490,0.14315777323210616
229,1276,1505,0.14320522148166007
226,1272,1498,0.14325404689363133
221,1273,1494,0.14330704430365696
226,1282,1508,0.1433700343580646
232,1278,1510,0.1434142112037695
230,1283,1513,0.14343935525360618
229,1274,1503,0.14346898585132872
229,1275,1504,0.1434985438400364
239,1273,1512,0.14352725729746102
234,1280,1514,0.14352741953332224
230,1285,1515,0.14354101377379785
234,1285,1519,0.14356386928492487
230,1285,1515,0.1435749152633027
228,1298,1526,0.14359681955309006
227,1294,1521,0.14362379263403022
223,1290,1513,0.14365178129225634
226,1286,1512,0.14368852020659476
219,1290,1509,0.14371468654160954
226,1293,1519,0.14375700471195155
228,1287,1515,0.14377802417930866
227,1288,1515,0.14379249655903706
229,1280,1509,0.14380900292414794
232,1267,1499,0.14381922049318419
234,1266,1500,0.14382088302832577
225,1274,1499,0.14381747512939477
224,1276,1500,0.14383891307006547
230,1283,1513,0.1438615976117908
227,1281,1508,0.1438655630549709
227,1286,1513,0.14387781849780207
227,1291,1518,0.143888896391517
229,1276,1505,0.1438988021127484
229,1278,1507,0.14390317321277085
225,1292,1517,0.1439065610695232
226,1294,1520,0.14391980780865726
224,1286,1510,0.14392920967604136
218,1284,1502,0.1439427873819981
219,1281,1500,0.1439709449233162
221,1284,1505,0.14399453329614165
222,1285,1507,0.14401162993172073
223,1279,1502,0.14402479734504722
223,1297,1520,0.14403477347313806
224,1287,1511,0.14404443078007578
229,1289,1518,0.14405115131342294
229,1297,1526,0.14404530134365914
228,1286,1514,0.14404028384192183
233,1272,1505,0.14403889770738965
230,1274,1504,0.14402437433012552
229,1287,1516,0.14401950431923402
226,1288,1514,0.14401768418253988
227,1295,1522,0.14402380821637326
227,1298,1525,0.1440268409010381
224,1286,1510,0.144028780420046
222,1291,1513,0.14403891197178292
226,1295,1521,0.14405355667037617
226,1285,1511,0.14405633655236486
228,1289,1517,0.1440583044569577
228,1292,1520,0.14405472603610447
226,1287,1513,0.14405209055870505
229,1289,1518,0.14405468690678258
229,1272,1501,0.14404859313556415
224,1278,1502,0.1440436612810745
221,1273,1494,0.14405214470226207
217,1281,1498,0.14406820672869072
221,1285,1506,0.144094375084483
223,1287,1510,0.1441086504906018
221,1283,1504,0.14411697366674267
222,1279,1501,0.1441306414761049
220,1294,1514,0.14414190227187068
220,1282,1502,0.14415834280732334
216,1288,1504,0.1441734536950346
215,1289,1504,0.1441971008825524
218,1290,1508,0.14422155630772837
220,1299,1519,0.14423781111834105
220,1301,1521,0.14424822847309188
220,1300,1520,0.14425852923833482
223,1301,1524,0.14426790376992377
218,1300,1518,0.14426893991814446
218,1303,1521,0.14428330888752508
216,1310,1526,0.1442964892236958
217,1301,1518,0.14431392201659696
216,1296,1512,0.14432715314656394
211,1295,1506,0.14434271667627957
210,1301,1511,0.1443693484222035
210,1303,1513,0.14439641298185207
211,1301,1512,0.14442152893862495
207,1303,1510,0.14444274472918422
211,1292,1503,0.14447218988278915
209,1288,1497,0.14448823712091038
208,1295,1503,0.1445074836571979
208,1300,1508,0.14452781452871885
206,1288,1494,0.14454662117621145
203,1289,1492,0.14456945818294106
205,1294,1499,0.14459844875719205
211,1299,1510,0.14462043594650145
208,1304,1512,0.144624715922264
206,1295,1501,0.1446364440361153
209,1299,1508,0.14465266004324942
212,1304,1516,0.14466002024404218
213,1300,1513,0.14465937009210594
215,1305,1520,0.14465723330330094
212,1310,1522,0.144650052145593
214,1299,1513,0.144651117186363
213,1304,1517,0.1446478429525907
210,1305,1515,0.1446472066097504
212,1306,1518,0.1446539998204036
207,1295,1502,0.14465452702754278
205,1294,1499,0.1446692294560724
204,1299,1503,0.1446880176928592
209,1294,1503,0.14470860784352843
212,1298,1510,0.14471460276436468
209,1308,1517,0.14471265214244367
206,1314,1520,0.14471998291623908
207,1312,1519,0.1447348610758581
209,1302,1511,0.14474623210722953
211,1301,1512,0.14475121995884202
206,1295,1501,0.1447509108814274
212,1306,1518,0.1447646433383252
207,1307,1514,0.1447622252607378
209,1322,1531,0.14477317215129387
216,1313,1529,0.14477808226698236
216,1305,1521,0.1447641491565625
218,1301,1519,0.14475075911746682
216,1308,1524,0.1447328237873714
219,1311,1530,0.1447212263962718
214,1307,1521,0.1447032125903961
213,1293,1506,0.14469978214026694
215,1293,1508,0.14469966038099563
213,1308,1521,0.1446943368970026
210,1307,1517,0.14469511622265532
209,1295,1504,0.14470374109891143
207,1293,1500,0.14471378206807686
202,1305,1507,0.14472878937073833
205,1321,1526,0.1447565400221455
207,1321,1528,0.14477478512447906
207,1303,1510,0.1447867109163159
203,1312,1515,0.14479812217470506
203,1304,1507,0.14481953908921527
201,1294,1495,0.1448394376789132
197,1303,1500,0.14486350809220216
195,1311,1506,0.1448972124718453
204,1310,1514,0.1449340250519261
201,1322,1523,0.14494439326223751
201,1321,1522,0.14496287072993805
199,1315,1514,0.14497882442398105
199,1304,1503,0.14499893829357244
197,1313,1510,0.14501704948725821
202,1311,1513,0.1450390016990784
206,1311,1517,0.14504528965173008
208,1308,1516,0.1450404443801258
204,1305,1509,0.14503080726436715
200,1311,1511,0.14503246679487106
201,1316,1517,0.14504425330224405
197,1310,1507,0.14505301128691417
198,1300,1498,0.14507105907665432
193,1298,1491,0.14508518288713884
192,1315,1507,0.14511138244933677
190,1314,1504,0.14513839221537586
194,1304,1498,0.14516862118184062
192,1307,1499,0.1451856720265875
189,1309,1498,0.145206653878476
190,1327,1517,0.1452341632805881
187,1329,1516,0.1452564452549131
189,1332,1521,0.14528513559440615
188,1322,1510,0.1453066346378854
186,1318,1504,0.1453296862855692
188,1322,1510,0.14535626330277104
186,1325,1511,0.1453759701289681
186,1314,1500,0.14539993239177776
187,1312,1499,0.14542206901895474
187,1311,1498,0.1454401228924983
183,1336,1519,0.1454574859093094
185,1337,1522,0.14548522496500385
178,1350,1528,0.145506484135149
178,1345,1523,0.14554432825465874
182,1333,1515,0.14557939380559176
176,1328,1504,0.14560151319600226
180,1334,1514,0.14563885257027898
179,1328,1507,0.14566285383188085
182,1329,1511,0.14568758908848506
182,1335,1517,0.14570259620783774
180,1331,1511,0.14571650986173826
180,1335,1515,0.1457348506342206
183,1333,1516,0.1457522353400448
183,1330,1513,0.1457605383639674
184,1340,1524,0.1457687811487008
188,1330,1518,0.14577419601687402
186,1349,1535,0.14576766795788035
187,1339,1526,0.14576757923793626
188,1335,1523,0.1457646854546177
186,1335,1521,0.1457583178608238
191,1327,1518,0.1457572789444484
190,1327,1517,0.14574232868733136
188,1310,1498,0.14573055487861405
185,1320,1505,0.14572555528211756
186,1327,1513,0.1457280630324477
183,1329,1512,0.14572673497849897
185,1329,1514,0.14573444964259483
188,1338,1526,0.14573575210355436
188,1344,1532,0.14572954163109963
184,1333,1517,0.1457231195861623
183,1330,1513,0.14572811949483952
179,1336,1515,0.14573588595284329
179,1331,1510,0.14575377170950277
183,1331,1514,0.1457699814439229
184,1330,1514,0.14577361184063137
187,1321,1508,0.14577349906094958
187,1336,1523,0.1457656356673727
185,1344,1529,0.145758923608647
186,1331,1517,0.1457576462065781
186,1331,1517,0.14575378420368723
187,1340,1527,0.1457497016165356
192,1348,1540,0.14574317163022474
191,1342,1533,0.1457238100046222
189,1332,1521,0.14570757347662588
191,1319,1510,0.145697932291107
191,1313,1504,0.145683004171821
193,1312,1505,0.1456683580492119
192,1321,1513,0.1456489538729709
198,1323,1521,0.1456333300924726
198,1323,1521,0.14560316892569655
192,1316,1508,0.1455750518040337
197,1314,1511,0.14556439169154442
195,1311,1506,0.14554145751530395
200,1317,1517,0.14552512874740572
201,1310,1511,0.14549648219312253
196,1322,1518,0.14546684709689836
190,1315,1505,0.1454534661916451
191,1313,1504,0.14545730149315758
191,1313,1504,0.14545855502575417
186,1312,1498,0.14545946335491775
188,1303,1491,0.14547363767486016
190,1320,1510,0.14548171079000544
191,1316,1507,0.1454835021929349
192,1322,1514,0.14548263361335603
191,1321,1512,0.14547885397586227
193,1332,1525,0.14547706245445724
200,1331,1531,0.14546980946104665
200,1336,1536,0.14544430909725695
198,1323,1521,0.14542149316172814
199,1321,1520,0.14540527009405832
203,1322,1525,0.1453875911338716
204,1320,1524,0.1453604919778789
206,1313,1519,0.14533276563556913
207,1317,1524,0.14530216456467268
205,1302,1507,0.14527139590130012
209,1301,1510,0.14524832751756114
208,1297,1505,0.1452154573165727
209,1310,1519,0.1451869360720178
208,1317,1525,0.14515706912619522
212,1310,1522,0.14513187214016013
208,1314,1522,0.1450978892540977
206,1321,1527,0.1450766707349622
205,1322,1527,0.14506335290286893
203,1322,1525,0.1450537710679425
193,1327,1520,0.14504999373216568
196,1314,1510,0.14507404888747444
201,1313,1514,0.14508846240209003
205,1308,1513,0.14508787723327454
205,1293,1498,0.14507744885701865
204,1296,1500,0.14506683207142623
201,1315,1516,0.14505979068249567
204,1305,1509,0.14506065342206637
207,1309,1516,0.14505334721249408
209,1310,1519,0.145038668267194
207,1317,1524,0.14501939608633696
202,1308,1510,0.14500732502013594
202,1302,1504,0.14500946893058406
208,1307,1515,0.14501111434016054
207,1323,1530,0.14499604128113375
206,1324,1530,0.14498450636562976
204,1310,1514,0.14497712790871195
205,1326,1531,0.14497569516590608
205,1322,1527,0.1449716302215209
205,1315,1520,0.1449677046958686
205,1314,1519,0.1449642832544594
203,1308,1511,0.14496156222189172
197,1306,1503,0.14496468108014263
199,1320,1519,0.14498370726329624
197,1323,1520,0.14499680449254565
191,1314,1505,0.1450145372444798
192,1322,1514,0.14504660798609437
195,1321,1516,0.1450736941742292
193,1325,1518,0.14509130054128996
197,1320,1517,0.14511326207335562
189,1309,1498,0.1451226232374561
191,1319,1510,0.1451524138117209
191,1315,1506,0.14517491785922074
190,1316,1506,0.1451954549050787
189,1317,1506,0.14521701823046
189,1326,1515,0.14523988713578778
191,1321,1512,0.14526152337563908
190,1316,1506,0.14527597367293596
191,1322,1513,0.14529204538755708
191,1318,1509,0.14530453162671322
186,1333,1519,0.14531625137039256
189,1328,1517,0.1453416373663774
184,1336,1520,0.14535733611703094
184,1327,1511,0.1453855636562569
180,1335,1515,0.14541226373587607
179,1334,1513,0.14544795039696098
183,1329,1512,0.14548383174901366
183,1344,1527,0.14550670006988745
181,1355,1536,0.14552743832360862
178,1356,1534,0.145552455196494
181,1356,1537,0.14558423291562794
183,1350,1533,0.14560501219086774
186,1339,1525,0.1456194469168107
184,1340,1524,0.14562493955037348
185,1340,1525,0.14563541370472013
182,1324,1506,0.14564264780596792
178,1325,1503,0.14565772577018465
179,1324,1503,0.14568285481647308
183,1330,1513,0.14570366130999005
183,1315,1498,0.14571164410195928
184,1313,1497,0.1457182026162679
186,1324,1510,0.14572161793605834
185,1316,1501,0.1457187680694664
182,1321,1503,0.14571943419886188
185,1312,1497,0.14572873134610245
184,1307,1491,0.14572847265872532
183,1316,1499,0.14573138952061093
180,1313,1493,0.14573698373882635
173,1318,1491,0.14575065202411167
178,1327,1505,0.14578193788482469
179,1329,1508,0.1457976196627895
178,1343,1521,0.1458100097633203
179,1340,1519,0.14582474349397967
176,1339,1515,0.14583651784746415
170,1339,1509,0.14585547987886088
166,1347,1513,0.1458899545293074
163,1328,1491,0.14593261300335011
164,1333,1497,0.14598068774803374
166,1347,1513,0.14602288406193398
167,1354,1521,0.1460565573730789
166,1338,1504,0.14608560472149373
166,1345,1511,0.14611541219456148
164,1349,1513,0.1461432066294848
159,1364,1523,0.14617452892153696
161,1355,1516,0.1462175238133466
164,1352,1516,0.14625170793922757
162,1350,1512,0.14627539658295663
160,1361,1521,0.1463030228722477
160,1360,1520,0.1463339973577753
159,1359,1518,0.14636341083588747
158,1358,1516,0.14639364975207195
159,1351,1510,0.14642468148592788
164,1351,1515,0.14645042722376145
159,1339,1498,0.14646122472604006
161,1346,1507,0.14648480402737465
158,1355,1513,0.1465019716965009
158,1345,1503,0.1465272128574173
156,1347,1503,0.1465502200363859
156,1365,1521,0.14657771872029415
158,1362,1520,0.14660351498055327
156,1360,1516,0.1466219334816702
153,1355,1508,0.14664473313767737
151,1357,1508,0.14667397985329556
149,1362,1511,0.14670662729026002
143,1369,1512,0.14674237191165393
139,1380,1519,0.14679164398264477
142,1377,1519,0.14684830803200785
143,1372,1515,0.14689379511627573
139,1377,1516,0.146933581109004
140,1359,1499,0.14698157869889525
140,1364,1504,0.14702371065662853
137,1370,1507,0.147063052641122
139,1380,1519,0.14710762858534973
135,1383,1518,0.14714412502043137
134,1386,1520,0.14718897075199
136,1388,1524,0.14723362088240255
138,1382,1520,0.14726976016224755
137,1378,1515,0.14729818886742482
134,1364,1498,0.14732745496789346
132,1373,1505,0.14736292722645528
127,1379,1506,0.14740206695669292
127,1387,1514,0.14745253121264013
125,1384,1509,0.14749988840733297
125,1391,1516,0.1475492927881588
126,1387,1513,0.1475949875117052
127,1400,1527,0.147634413384322
126,1398,1524,0.1476685479703672
128,1399,1527,0.14770371291374412
127,1399,1526,0.147730891370198
126,1398,1524,0.14775890794540975
124,1395,1519,0.1477876348093129
120,1389,1509,0.1478191691154163
118,1393,1511,0.14786001718128758
124,1391,1515,0.14790374911796703
123,1393,1516,0.14792737412267962
126,1385,1511,0.14795242927372473
127,1390,1517,0.14796694040159378
127,1384,1511,0.14797715344404053
126,1394,1520,0.14798660435578498
124,1396,1520,0.14799774421557305
124,1392,1516,0.14801389893446465
127,1386,1513,0.14802883740459727
124,1384,1508,0.14803416755583854
126,1387,1513,0.14804772505290678
129,1380,1509,0.14805491495836007
127,1384,1511,0.1480528149501159
126,1384,1510,0.14805622231282986
126,1381,1507,0.14806226645904758
125,1401,1526,0.1480678895330486
122,1402,1524,0.1480761721100825
125,1405,1530,0.14809232542122064
129,1401,1530,0.14809841232031462
128,1400,1528,0.14809241002511103
131,1386,1517,0.14808990872146915
133,1390,1523,0.14807910939968136
134,1391,1525,0.14806335103253468
134,1401,1535,0.14804575929931302
131,1395,1526,0.14802944849906882
129,1390,1519,0.14802315444595351
129,1386,1515,0.14802354468468656
126,1385,1511,0.14802396290099232
126,1371,1497,0.1480328570491823
126,1377,1503,0.14804090979470785
124,1387,1511,0.14804817409597837
126,1391,1517,0.1480607057227278
124,1391,1515,0.14806672108992042
126,1389,1515,0.14807833727959718
127,1383,1510,0.14808331243972625
127,1392,1519,0.14808541980952314
127,1394,1521,0.14808742193081723
126,1386,1512,0.14808926829913133
124,1389,1513,0.14809368161713407
119,1391,1510,0.14810370648000512
118,1391,1509,0.14812729309696182
121,1402,1523,0.1481519951207585
123,1403,1526,0.14816651840263456
124,1394,1518,0.14817448622548673
124,1407,1531,0.14817935017792278
121,1393,1514,0.14818397582252005
121,1397,1518,0.14819674983902234
121,1400,1521,0.14820860200852815
120,1392,1512,0.14821923385035765
123,1393,1516,0.14823218473226846
127,1390,1517,0.14823523680682413
125,1397,1522,0.1482269344754107
125,1402,1527,0.14822518419128664
123,1409,1532,0.1482232040234934
118,1410,1528,0.14822760730373544
120,1405,1525,0.1482462188468395
119,1420,1539,0.1482578571509084
118,1422,1540,0.14827157953612755
119,1414,1533,0.14828742212697493
119,1396,1515,0.14829903114942225
119,1394,1513,0.14831024707992818
118,1408,1526,0.1483205767663777
115,1398,1513,0.14833305819355053
112,1411,1523,0.14835312138039133
116,1398,1514,0.14838046580843048
115,1394,1509,0.14839424389439543
112,1395,1507,0.14840984618441042
114,1400,1514,0.14843307372861608
115,1414,1529,0.1484490699889578
115,1415,1530,0.14846135575225858
116,1410,1526,0.14847266450345517
116,1414,1530,0.1484805530098425
116,1401,1517,0.14848777936077298
116,1398,1514,0.14849434655445898
116,1405,1521,0.14850072217859614
116,1398,1514,0.1485062310613835
116,1399,1515,0.14851118353492831
116,1405,1521,0.14851591406169945
114,1398,1512,0.1485203279578112
118,1400,1518,0.1485300197435458
121,1407,1528,0.14852864232609736
123,1404,1527,0.1485191091755493
124,1406,1530,0.1485044964735638
120,1404,1524,0.1484885429407699
117,1403,1520,0.148485270600678
116,1400,1516,0.1484908128227129
118,1388,1506,0.14849890105318295
113,1391,1504,0.14850075798910947
113,1386,1499,0.14851699173354047
111,1395,1506,0.14853175247649641
109,1401,1510,0.14855107940587747
105,1403,1508,0.1485744717597331
106,1413,1519,0.1486075372168654
106,1404,1510,0.14863564265066384
104,1407,1511,0.14866200022971549
105,1410,1515,0.14869222473299545
105,1417,1522,0.1487174945505892
103,1412,1515,0.1487411223142076
105,1417,1522,0.14876889696533824
103,1408,1511,0.14878905061819755
105,1394,1499,0.1488136219148176
103,1398,1501,0.14883072271973755
103,1399,1502,0.1488525704604218
105,1395,1500,0.14887249027690475
109,1395,1504,0.14888501278206603
106,1387,1493,0.1488855489215595
107,1378,1485,0.14889455238121624
109,1383,1492,0.14890005009799315
108,1387,1495,0.1488990119274286
111,1403,1514,0.14890111582538446
110,1403,1513,0.14889424445449304
108,1414,1522,0.14889037719396528
105,1412,1517,0.14889268431329972
103,1400,1503,0.14890374755229924
103,1409,1512,0.1489198373551443
103,1403,1506,0.14893489689566894
107,1405,1512,0.1489488701258139
108,1402,1510,0.14895053094056773
105,1408,1513,0.14894921744224093
101,1423,1524,0.14895685052049745
100,1423,1523,0.1489758286136301
102,1416,1518,0.14899624133214234
99,1418,1517,0.14900958483002102
94,1423,1517,0.149030915691866
96,1428,1524,0.1490654207324323
95,1435,1530,0.1490915458393475
95,1433,1528,0.14911946477976915
95,1435,1530,0.14914534396498394
97,1435,1532,0.14916972088140087
98,1432,1530,0.14918698983154297
99,1437,1536,0.1492002581475875
98,1431,1529,0.1492098305689936
97,1428,1525,0.1492215855107808
95,1415,1510,0.14923542264234652
91,1413,1504,0.1492541259795795
90,1432,1522,0.14928383079030563
92,1428,1520,0.1493144747417219
90,1429,1519,0.14933728415854905
89,1430,1519,0.1493645397422787
91,1425,1516,0.1493923123006566
92,1420,1512,0.14941241449984377
91,1426,1517,0.1494285021324624
88,1431,1519,0.1494465271925309
88,1429,1517,0.14947220176088993
89,1426,1515,0.14949607095043002
85,1432,1517,0.14951547580659358
83,1437,1520,0.1495456054280645
82,1440,1522,0.14957937794733034
83,1431,1514,0.14961377571811588
80,1425,1505,0.14964291413673309
82,1433,1515,0.14967851313321145
81,1416,1497,0.149705789591296
81,1427,1508,0.1497340583978691
79,1427,1506,0.14976075136452502
80,1425,1505,0.14979138417710527
80,1431,1511,0.14981699726162423
83,1433,1516,0.14984098696909037
84,1426,1510,0.14985453649028396
85,1426,1511,0.14986430270179898
87,1443,1530,0.1498706722929035
88,1438,1526,0.14987068264486883
84,1431,1515,0.1498678195234316
83,1430,1513,0.14987698634288793
83,1435,1518,0.14988843249732947
84,1433,1517,0.14989930179798505
85,1432,1517,0.14990673769707374
84,1432,1516,0.14991071486452623
84,1432,1516,0.14991742616557144
83,1436,1519,0.14992370092342303
82,1424,1506,0.14993235946421005
82,1431,1513,0.14994363495201865
82,1421,1503,0.14995390628424496
84,1418,1502,0.14996333002054418
84,1420,1504,0.14996622461015227
81,1414,1495,0.14996916929421822
79,1432,1511,0.14998099642543133
81,1427,1508,0.14999768140142192
78,1438,1516,0.15000726919149868
78,1448,1526,0.15002503198312425
78,1453,1531,0.15004163744292043
78,1453,1531,0.15005704320826635
77,1448,1525,0.15007138266419065
79,1452,1531,0.15008788230330336
75,1446,1521,0.15009743116410668
76,1447,1523,0.1501180426834523
79,1443,1522,0.15013442445401184
79,1432,1511,0.15014099804737285
79,1433,1512,0.15014729536157773
80,1442,1522,0.15015328804967015
79,1438,1517,0.15015611409666962
83,1432,1515,0.15016162290170162
82,1434,1516,0.15015490790427538
83,1435,1518,0.15015167912646946
80,1447,1527,0.15014590044175094
80,1449,1529,0.15014932411574544
79,1440,1519,0.15015236980855892
81,1445,1526,0.15015812857781177
81,1440,1521,0.15015742715875494
86,1423,1509,0.15015672314601222
83,1443,1526,0.1501412342741334
82,1453,1535,0.15013566553663643
80,1441,1521,0.1501334472584513
81,1436,1517,0.15013720183115592
82,1423,1505,0.1501377892001032
81,1417,1498,0.1501353090357412
77,1425,1502,0.15013575725709713
78,1436,1514,0.15014785879233583
77,1426,1503,0.15015609555023843
81,1424,1505,0.15016679424341042
81,1430,1511,0.15016514278141493
78,1426,1504,0.15016376840982246
81,1443,1524,0.150171443411028
79,1436,1515,0.15016991468617114
77,1436,1513,0.15017420584382057
77,1423,1500,0.15018407763255884
80,1427,1507,0.15019355528767495
81,1426,1507,0.15019375736181403
82,1425,1507,0.1501908868346186
82,1432,1514,0.1501854060800056
82,1426,1508,0.15018032820291752
81,1420,1501,0.15017560167748265
79,1417,1496,0.150174059434566
77,1434,1511,0.1501785992563237
83,1434,1517,0.15018853960186937
80,1437,1517,0.15018001225103259
82,1443,1525,0.15018077497846058
84,1445,1529,0.15017556769636833
85,1443,1528,0.15016429941184112
87,1439,1526,0.15015110787262986
87,1439,1526,0.15013309665628782
85,1423,1508,0.150116514606505
86,1428,1514,0.15010697295267633
88,1430,1518,0.15009511681444512
90,1431,1521,0.1500783924371266
87,1434,1521,0.15005719244732915
85,1436,1521,0.15004651956636153
85,1437,1522,0.15004221532818562
84,1435,1519,0.1500382412968921
86,1440,1526,0.15003748340250259
87,1418,1505,0.15003084171037517
89,1416,1505,0.1500215705213654
90,1423,1513,0.15000707741391944
89,1415,1504,0.1499906877652611
89,1411,1500,0.1499784876698412
88,1426,1514,0.1499669924960429
85,1419,1504,0.14995917247770332
86,1424,1510,0.14996044572757122
85,1449,1534,0.1499587659045111
86,1438,1524,0.14996029294858332
84,1434,1518,0.14995899187446463
83,1421,1504,0.14996354558377575
85,1420,1505,0.14997070256070785
87,1433,1520,0.1499715134565115
83,1440,1523,0.1499666603834072
88,1433,1521,0.14997410749396212
89,1421,1510,0.1499666866197032
90,1426,1516,0.1499570095099803
92,1425,1517,0.14994531523112087
90,1415,1505,0.14992868993128486
92,1408,1500,0.14991922477192204
90,1421,1511,0.1499047381552492
91,1416,1507,0.14989665006000405
91,1422,1513,0.14988606311565725
93,1432,1525,0.1498761965588346
94,1418,1512,0.14986139498567758
92,1433,1525,0.149844535141848
89,1444,1533,0.14983486920386113
90,1443,1533,0.1498343166748369
91,1445,1536,0.14983081490810174
91,1440,1531,0.14982460839364253
91,1439,1530,0.14981893397915264
92,1434,1526,0.1498136171124553
91,1438,1529,0.14980554363194903
95,1427,1522,0.14980071072239506
95,1432,1527,0.14978489183877314
94,1428,1522,0.1497702506169108
96,1429,1525,0.14975934125137913
94,1430,1524,0.14974353280667813
94,1427,1521,0.14973484586452915
96,1427,1523,0.1497265342221804
96,1414,1510,0.14971339186142962
97,1413,1510,0.14970132040420694
94,1410,1504,0.14968684316117392
94,1407,1501,0.14968184547207236
97,1412,1509,0.14967699222061312
93,1414,1507,0.14966411534544322
92,1402,1494,0.14966351871386754
92,1407,1499,0.14966600082874687
93,1431,1524,0.14966805041981487
88,1436,1524,0.1496671447167055
87,1430,1517,0.1496803569652573
89,1434,1523,0.14969535306910534
90,1427,1517,0.14970368010577662
89,1424,1513,0.14970845547988954
90,1413,1503,0.14971576633030576
92,1410,1502,0.14971984720609496
91,1422,1513,0.1497178546451601
90,1438,1528,0.14971917063600076
88,1434,1522,0.14972338200811894
85,1427,1512,0.14973336341699728
85,1437,1522,0.14975130446067556
90,1435,1525,0.14976772004711164
89,1435,1524,0.1497681423195715
86,1437,1523,0.1497713420292505
84,1434,1518,0.14978350639259966
82,1421,1503,0.14980016663991103
84,1418,1502,0.14982150957480048
83,1409,1492,0.14983541421104968
83,1410,1493,0.14985132577974214
84,1423,1507,0.14986614866090325
84,1442,1526,0.14987739954757318
82,1439,1521,0.14988827266167395
82,1432,1514,0.14990424950954068
83,1431,1514,0.14991928812239205
80,1437,1517,0.1499303453856758
81,1438,1519,0.14994940495380876
82,1435,1517,0.14996423868585662
82,1433,1515,0.14997513848859031
77,1422,1499,0.14998562017035702
79,1431,1510,0.15000970226445928
82,1435,1517,0.15002624501821546
80,1443,1523,0.15003311291802116
83,1443,1526,0.15004584316829792
81,1446,1527,0.15004935531789887
81,1441,1522,0.15005858296777672
82,1443,1525,0.15006714235553018
74,1437,1511,0.15007234754326426
76,1441,1517,0.15010040503477662
76,1441,1517,0.15012075522701276
77,1442,1519,0.15013962377977008
79,1441,1520,0.1501544355460132
76,1432,1508,0.15016257846044906
77,1431,1508,0.15017890846782678
76,1431,1507,0.15019109634753966
76,1433,1509,0.15020561963017345
73,1433,1506,0.15021934594878605
71,1431,1502,0.15024085849646251
71,1438,1509,0.15026658156774578
74,1430,1504,0.15029044592745466
74,1442,1516,0.15030391115080005
74,1442,1516,0.15031667210673558
71,1439,1510,0.15032864240961008
72,1441,1513,0.15034864353098581
74,1444,1518,0.15036430572426152
76,1447,1523,0.1503733651080561
73,1438,1511,0.15037599954310285
73,1437,1510,0.150387051936206
73,1431,1504,0.1503972414459189
76,1444,1520,0.15040671509871908
76,1431,1507,0.1504071027215161
77,1425,1502,0.1504075733909471
77,1427,1504,0.1504048939775404
75,1429,1504,0.15040238705952858
79,1427,1506,0.15040575394664613
80,1418,1498,0.15039744405314906
79,1424,1503,0.15038696540665772
79,1430,1509,0.15038022953290933
74,1437,1511,0.15037405722974945
78,1446,1524,0.15038286123267494
79,1444,1523,0.15037940664648566
79,1444,1523,0.1503734483774285
78,1438,1516,0.15036765301596602
79,1437,1516,0.15036490775445263
81,1449,1530,0.15035934029963435
77,1445,1522,0.15034839955872362
77,1436,1513,0.1503496904618168
78,1436,1514,0.1503507921232133
76,1432,1508,0.1503489149889636
76,1434,1510,0.15035278013108827
75,1437,1512,0.15035656414667772
75,1451,1526,0.15036318205186505
74,1456,1530,0.15036904799604786
73,1450,1523,0.15037748604854828
75,1449,1524,0.15038826328249416
78,1459,1537,0.1503922886068208
74,1455,1529,0.15038729096098083
74,1453,1527,0.15039392602903653
73,1443,1516,0.15039999886039648
72,1446,1518,0.1504085112849539
74,1448,1522,0.15041936689330687
70,1440,1510,0.15042360111806632
71,1453,1524,0.15043952687516488
73,1459,1532,0.15045148837677008
72,1457,1529,0.15045687908050978
73,1438,1511,0.150464967173858
72,1442,1514,0.15046966887908927
71,1444,1515,0.1504767799006306
72,1432,1504,0.15048616543541307
70,1421,1491,0.1504920720780327
68,1426,1494,0.150503250137314
68,1431,1499,0.15051965881424592
68,1443,1511,0.1505349850740271
70,1449,1519,0.15054913830643668
68,1438,1506,0.15055682504123225
70,1449,1519,0.15056991983417503
71,1445,1516,0.15057644700107564
72,1454,1526,0.15057964066669535
71,1432,1503,0.15057982802321143
71,1443,1514,0.15058299645965476
71,1448,1519,0.15058600659326923
71,1439,1510,0.15058886543504613
72,1439,1511,0.15059095226101996
72,1440,1512,0.150590127680011
73,1435,1508,0.15058935484717018
73,1427,1500,0.1505859289251301
75,1439,1514,0.15058265162308962
78,1430,1508,0.15057387450135226
77,1442,1519,0.15055700690543217
76,1432,1508,0.15054427348975463
74,1443,1517,0.15053535968282822
74,1451,1525,0.1505329734453188
74,1462,1536,0.1505306386106347
73,1458,1531,0.15052854302631952
74,1448,1522,0.15052940620081773
72,1455,1527,0.15052727521980022
73,1460,1533,0.15053101869083726
71,1459,1530,0.15053158733794395
70,1451,1521,0.15053798553232162
73,1456,1529,0.15054659737898662
74,1446,1520,0.1505453205715361
74,1441,1515,0.15054144695452348
72,1447,1519,0.1505378423510739
71,1449,1520,0.15054023782706114
68,1447,1515,0.15054549342528048
69,1441,1510,0.15055906419051
70,1434,1504,0.15056875548516024
72,1440,1512,0.15057503363042896
72,1433,1505,0.15057483353142867
72,1449,1521,0.1505746562604959
75,1459,1534,0.15057439826591865
75,1454,1529,0.1505652668495665
74,1439,1513,0.15055678501628508
74,1419,1493,0.1505520127160417
75,1437,1512,0.15054745327338043
76,1420,1496,0.15054031086931366
73,1425,1498,0.15053050262888526
74,1433,1507,0.15053055962888456
77,1436,1513,0.15052780599050117
75,1440,1515,0.15051646184220727
75,1440,1515,0.15051172320309342
75,1444,1519,0.15050737075942786
75,1440,1515,0.15050342192465005
74,1433,1507,0.1504997475898529
76,1437,1513,0.15049958334381297
76,1445,1521,0.150493666505751
77,1437,1514,0.150488512167295
75,1445,1520,0.1504808563902133
74,1448,1522,0.15048002401259208
70,1446,1516,0.1504820106039474
70,1440,1510,0.15049587699127287
70,1446,1516,0.15050886561208573
70,1455,1525,0.1505207505991191
70,1450,1520,0.15053174278483689
69,1443,1512,0.1505415578675242
70,1426,1496,0.15055348204126268
68,1439,1507,0.15056167419839991
68,1448,1516,0.15057492007529252
66,1445,1511,0.15058722834246602
64,1438,1502,0.1506049144585803
63,1448,1511,0.15062753558117034
61,1458,1519,0.15065183273923485
61,1460,1521,0.150680657668415
59,1449,1508,0.15070767015811878
61,1459,1520,0.15073868470089263
63,1444,1507,0.15076175430185332
63,1450,1513,0.1507775883565568
65,1456,1521,0.15079272162745685
67,1453,1520,0.15080086840945378
65,1459,1524,0.15080256638901468
64,1441,1505,0.15081009312639096
64,1450,1514,0.1508198655147415
67,1444,1511,0.1508291105256911
63,1460,1523,0.15082893821787074
63,1439,1502,0.15084070474175273
62,1433,1495,0.15085157739211755
62,1446,1508,0.1508647565953345
62,1445,1507,0.15087707721889868
61,1456,1517,0.15088856042069368
58,1472,1530,0.15090247661792372
60,1463,1523,0.15092415877069906
62,1461,1523,0.15093823851633015
61,1449,1510,0.15094562673058945
60,1453,1513,0.150955437153918
60,1458,1518,0.15096739350250063
59,1460,1519,0.15097833422474405
58,1469,1527,0.1509918901097541
55,1468,1523,0.1510077181904227
54,1460,1514,0.1510313350531274
54,1452,1506,0.15105635701554868
56,1457,1513,0.15107968189940343
54,1468,1522,0.15109564142674642
57,1475,1532,0.1511165236338139
55,1472,1527,0.15112707622719074
56,1461,1517,0.15114313851580868
51,1462,1513,0.15115491066099573
51,1455,1506,0.15118094425469564
52,1454,1506,0.15120540403602561
53,1448,1501,0.15122529129416923
49,1457,1506,0.15124092462322408
50,1467,1517,0.15126740510419343
51,1457,1508,0.1512890576843681
56,1473,1529,0.15130633069438443
55,1465,1520,0.15130765145374866
54,1468,1522,0.15131213946035144
52,1472,1524,0.15131947500217308
54,1472,1526,0.15133218907043772
53,1477,1530,0.15133815574212334
53,1464,1517,0.1513467994781866
53,1458,1511,0.1513549123286435
55,1452,1507,0.15136238582034675
54,1471,1525,0.15136334821565467
52,1469,1521,0.1513671524076541
52,1468,1520,0.15137661609256076
53,1451,1504,0.15138576149932592
55,1451,1506,0.15139142791798377
57,1455,1512,0.15139081877746713
57,1470,1527,0.15138449421719324
57,1454,1511,0.15137838692174205
56,1465,1521,0.15137278558003017
54,1460,1514,0.15137058164535203
56,1460,1516,0.15137455980187478
57,1459,1516,0.15137211422809937
57,1462,1519,0.15136696006025813
59,1460,1519,0.15136215037652673
60,1461,1521,0.1513516108631266
60,1465,1525,0.15133882090296813
60,1447,1507,0.15132697250453137
57,1446,1503,0.1513160081653093
56,1449,1505,0.15131504402899484
54,1457,1511,0.15131714794557835
55,1466,1521,0.15132491336876652
53,1467,1520,0.15132927212795955
55,1457,1512,0.15133914284326352
53,1456,1509,0.15134255497061994
52,1456,1508,0.15135169198221707
51,1467,1518,0.15136304815060975
49,1471,1520,0.1513765764972703
52,1465,1517,0.15139523426265547
50,1463,1513,0.15140367040112973
48,1472,1520,0.1514174678473345
48,1475,1523,0.15143651681817544
47,1490,1537,0.15145429895234672
47,1488,1535,0.15147394443882153
48,1475,1523,0.1514923319396726
48,1478,1526,0.15150657539953577
49,1479,1528,0.15151995846707483
48,1477,1525,0.1515293607166229
48,1476,1524,0.15154106988582372
50,1481,1531,0.15155199226604918
48,1484,1532,0.15155636801319983
48,1470,1518,0.15156637448612356
50,1480,1530,0.15157571271003462
50,1471,1521,0.15157837599772067
52,1475,1527,0.15158078739104025
53,1476,1529,0.15157717925094166
52,1470,1522,0.151570922718825
50,1465,1515,0.1515680850966299
52,1470,1522,0.15157132558259442
47,1481,1528,0.1515683263451658
46,1480,1526,0.15158040865614283
46,1489,1535,0.15159481047972242
49,1478,1527,0.1516082931311013
48,1460,1508,0.1516118255222301
48,1473,1521,0.15161812353252832
47,1473,1520,0.15162418340338607
47,1470,1517,0.15163279200657254
49,1470,1519,0.1516408910355766
47,1467,1514,0.15164242043509293
45,1468,1513,0.1516501493685625
44,1481,1525,0.15166329651945573
43,1473,1516,0.1516785271987396
40,1484,1524,0.1516958416440439
40,1477,1517,0.15172111524181556
38,1486,1524,0.151744809211059
41,1492,1533,0.15177302701372847
41,1490,1531,0.15179027587796357
42,1492,1534,0.1518063173227041
43,1485,1528,0.15181833807423117
41,1482,1523,0.15182654715978722
43,1468,1511,0.1518402130432725
44,1482,1526,0.15184704168411817
46,1468,1514,0.1518505076893259
43,1465,1508,0.15184784699470172
43,1464,1507,0.15185436397369798
45,1466,1511,0.15186046133154563
44,1469,1513,0.1518602322961809
44,1460,1504,0.15186300952821588
45,1453,1498,0.15186556713199775
47,1450,1497,0.15186504522223818
47,1451,1498,0.15185850921109115
47,1453,1500,0.15185249025218617
46,1451,1497,0.1518469128835867
44,1455,1499,0.1518447302648015
47,1467,1514,0.15184867547574657
46,1458,1504,0.15184336284610322
46,1482,1528,0.15184149103942027
45,1483,1528,0.15183978031395143
46,1471,1517,0.1518413125143798
48,1477,1525,0.15183972755237207
48,1478,1526,0.15183216399189547
49,1470,1519,0.15182512978784632
48,1471,1519,0.15181557915538668
49,1473,1522,0.15180946314291222
50,1473,1523,0.15180082135914755
51,1482,1533,0.1517896920585422
53,1485,1538,0.15177633712874233
52,1476,1528,0.15175796863167945
54,1473,1527,0.15174399636356828
52,1469,1521,0.15172502153645817
53,1479,1532,0.15171325609368783
55,1479,1534,0.15169933186621032
52,1475,1527,0.15168040637712582
50,1476,1526,0.15167150592974837
50,1474,1524,0.15166910836345415
53,1467,1520,0.15166674720830425
51,1471,1522,0.15165560499002523
55,1469,1524,0.15165114225087986
56,1468,1524,0.15163486617890887
56,1460,1516,0.15161670608159944
57,1462,1519,0.1515997160804136
55,1460,1515,0.1515809703976111
55,1473,1528,0.1515694321444308
55,1471,1526,0.15155863835150032
52,1467,1519,0.15154875577707513
50,1460,1510,0.1515482753701194
51,1472,1523,0.15155371367686818
52,1469,1521,0.1515557059256373
52,1466,1518,0.15155460917783514
51,1472,1523,0.15155357880140596
53,1469,1522,0.15155545235460505
56,1457,1513,0.1515511261209181
56,1463,1519,0.15153813176127368
56,1457,1513,0.15152603098540365
59,1449,1508,0.1515147768423664
60,1463,1523,0.15149521995313567
59,1453,1512,0.1514739580172369
62,1452,1514,0.1514571377222782
62,1459,1521,0.15143250918528683
62,1456,1518,0.15140964672250967
62,1457,1519,0.1513884736254092
62,1446,1508,0.15136875871423497
61,1449,1510,0.15135037524950273
60,1443,1503,0.1513362359631299
62,1453,1515,0.15132586041225873
62,1460,1522,0.15131012751763862
63,1465,1528,0.15129560905206607
60,1468,1528,0.15127913801176546
60,1471,1531,0.151272515393054
60,1464,1524,0.1512661834376231
57,1453,1510,0.15125976373388286
58,1447,1505,0.1512624456300401
58,1454,1512,0.1512618431770569
59,1460,1519,0.15126113692383528
58,1468,1526,0.15125748595239397
57,1468,1525,0.15125691661084764
56,1471,1527,0.15125929070773952
56,1475,1531,0.15126440809640077
56,1469,1525,0.15126924747687215
56,1477,1533,0.1512737243775392
56,1457,1513,0.15127788765506242
54,1456,1510,0.1512818817864734
53,1471,1524,0.1512916087227998
51,1448,1499,0.15130361448407137
48,1447,1495,0.15132068366079668
47,1457,1504,0.15134547589603795
49,1461,1510,0.15137174866137865
47,1469,1516,0.1513903870578882
46,1474,1520,0.15141372376869083
46,1475,1521,0.15143857275322442
43,1475,1518,0.15146185129168493
44,1472,1516,0.15149245717184162
43,1472,1515,0.15151815780645633
42,1481,1523,0.15154531655346862
45,1483,1528,0.15157367623799162
42,1485,1527,0.15159141028964346
42,1479,1521,0.15161713364089924
42,1471,1513,0.15164129086972733
41,1482,1523,0.1516639698137138
42,1484,1526,0.15168832320146208
40,1468,1508,0.15170824317063794
39,1466,1505,0.15173284125322975
39,1444,1483,0.15175891143091552
39,1461,1500,0.15178331772760292
39,1461,1500,0.15180617400790253
38,1458,1496,0.15182758730883233
36,1457,1493,0.15185066956957516
36,1466,1502,0.15187835630081314
38,1483,1521,0.15190428737981246
38,1467,1505,0.15192252093335712
36,1472,1508,0.15193955470062143
38,1465,1503,0.15196151301865946
37,1477,1514,0.15197601167045943
37,1484,1521,0.1519925696307616
37,1478,1515,0.15200807294409752
36,1486,1522,0.15202259351115596
36,1482,1518,0.15203931070419663
35,1484,1519,0.15205500040898043
37,1486,1523,0.15207272511803227
35,1497,1532,0.15208327805160077
32,1481,1513,0.15209928659075467
33,1476,1509,0.15212338340016324
32,1486,1518,0.15214287121578898
30,1472,1502,0.1521641518859791
31,1482,1513,0.15219022815557856
31,1497,1528,0.15221162882037254
32,1491,1523,0.15223175720287307
34,1486,1520,0.15224752909309144
33,1494,1527,0.15225614115973815
35,1494,1529,0.15226721051714331
35,1494,1529,0.15227141577972764
35,1488,1523,0.15227536285185214
34,1479,1513,0.15227906730282176
33,1481,1514,0.15228558838509382
34,1489,1523,0.15229473564040738
35,1485,1520,0.1523002410247365
35,1476,1511,0.15230239534858456
33,1479,1512,0.15230450806224538
34,1480,1514,0.1523127048314168
33,1490,1523,0.15231732076085788
33,1496,1529,0.15232483703585134
33,1499,1532,0.15233187750852717
33,1496,1529,0.15233848876739775
34,1496,1530,0.15234469126257377
35,1480,1515,0.15234735684114212
34,1495,1529,0.15234677540777494
34,1477,1511,0.15234927929619682
32,1483,1515,0.15235161931513005
31,1486,1517,0.15236004647520748
29,1494,1523,0.15237097756200435
29,1496,1525,0.15238725559822225
29,1495,1524,0.1524025644761445
28,1472,1500,0.15241689943166037
29,1481,1510,0.152433439305875
31,1487,1518,0.15244578617923518
32,1490,1522,0.15245121475091358
31,1485,1516,0.1524532139169883
31,1493,1524,0.15245821743295046
29,1491,1520,0.152462891916424
29,1483,1512,0.1524734635211188
28,1484,1512,0.15248335154603399
29,1479,1508,0.15249572179620377
29,1477,1506,0.15250418335248653
29,1487,1516,0.1525121083861718
29,1499,1528,0.15251949047662247
29,1503,1532,0.15252639194042913
30,1494,1524,0.15253285282234536
30,1487,1517,0.15253584482990198
30,1484,1514,0.15253868374733168
30,1463,1493,0.15254136870321974
30,1467,1497,0.15254389735900792
30,1472,1502,0.15254627996622688
32,1485,1517,0.15254852182308629
33,1487,1520,0.15254447790537687
32,1483,1515,0.15253770609815448
30,1479,1509,0.152534546522502
30,1470,1500,0.15253778223052808
30,1477,1507,0.15254083277627475
30,1480,1510,0.1525438881946249
32,1477,1509,0.1525466184664103
33,1482,1515,0.15254284932896225
31,1497,1528,0.15253617751505033
30,1493,1523,0.15253607452043996
30,1487,1517,0.15253901233130518
31,1487,1518,0.1525417532609817
31,1486,1517,0.15254128858491925
30,1481,1511,0.15254086576919737
31,1483,1514,0.15254361602052932
31,1489,1520,0.15254316724004327
31,1496,1527,0.1525426831329094
30,1490,1520,0.1525422431961359
30,1480,1510,0.1525448859582744
28,1491,1519,0.15254733717071403
29,1486,1515,0.15255582443604024
29,1480,1509,0.1525606963356939
28,1477,1505,0.1525651990102099
29,1472,1501,0.15257263639533294
29,1483,1512,0.1525766050876788
28,1473,1501,0.15258038701017024
26,1477,1503,0.15258697244908817
26,1473,1499,0.1525991972840155
26,1476,1502,0.15261059834504867
27,1480,1507,0.1526212947776889
27,1488,1515,0.15262826155162185
26,1493,1519,0.15263479758759388
25,1491,1516,0.15264405817754131
26,1494,1520,0.15265584090726955
26,1478,1504,0.15266383556225388
26,1482,1508,0.15267148063608668
25,1488,1513,0.15267853775835635
26,1488,1514,0.15268843295203624
23,1490,1513,0.1526946031660638
23,1503,1526,0.15270961078852038
24,1510,1534,0.15272351541103932
26,1497,1523,0.15273348563462275
25,1487,1512,0.15273670323970415
25,1479,1504,0.15274297362635678
25,1481,1506,0.15274891219550316
26,1486,1512,0.15275450914810307
26,1488,1514,0.15275645709285177
26,1487,1513,0.1527583030047726
23,1503,1526,0.15276002803821762
23,1496,1519,0.15277092653763025
21,1496,1517,0.15278113192848564
21,1493,1514,0.15279687114347096
22,1500,1522,0.1528115917662646
22,1498,1520,0.15282230855305087
21,1491,1512,0.1528323789914088
20,1483,1503,0.15284490981479892
20,1481,1501,0.15285976526002923
21,1492,1513,0.15287369318385843
20,1497,1517,0.15288357657869223
19,1503,1522,0.15289602053632062
17,1494,1511,0.15291088489413845
18,1498,1516,0.1529310491033256
18,1509,1527,0.15294683522628552
18,1500,1518,0.15296165118814165
16,1506,1522,0.15297556106258367
18,1501,1519,0.15299484969080748
18,1501,1519,0.15300662673035967
18,1493,1511,0.1530176651147228
17,1488,1505,0.15302801636969632
17,1503,1520,0.1530408399099706
18,1503,1521,0.15305284782220194
18,1503,1521,0.1530609818214594
18,1505,1523,0.15306864020714972
18,1498,1516,0.15307584325906398
17,1498,1515,0.15308261423612934
17,1505,1522,0.15309209171684604
15,1500,1515,0.15310098010971185
15,1508,1523,0.15311563717927368
14,1521,1535,0.15312936019372259
14,1514,1528,0.15314536348030086
14,1520,1534,0.15316037589941003
14,1512,1526,0.1531744563457331
14,1506,1520,0.15318766644432294
14,1509,1523,0.1532000632140735
15,1512,1527,0.153211699083894
15,1514,1529,0.1532194788368561
15,1513,1528,0.15322679752015236
14,1509,1523,0.15323368265515275
14,1496,1510,0.15324332707795107
14,1492,1506,0.15325239395206733
14,1491,1505,0.153260915643537
14,1490,1504,0.15326892300231598
14,1490,1504,0.15327644600323606
14,1496,1510,0.15328351334674706
14,1516,1530,0.15329014325375603
14,1516,1530,0.1532963559392502
15,1501,1516,0.15330218766208328
15,1507,1522,0.1533044999061501
15,1508,1523,0.15330672874521628
14,1508,1522,0.15330884366828948
14,1514,1528,0.15331403202427368
14,1500,1514,0.1533189172437345
15,1507,1522,0.15332351392154261
15,1502,1517,0.15332469360380233
15,1505,1520,0.1533258405041872
14,1506,1520,0.15332694154690377
15,1501,1516,0.15333121155439655
16,1497,1513,0.15333208064809636
16,1495,1511,0.153329666083139
16,1504,1520,0.15332741076517606
15,1507,1522,0.15332529728832292
15,1501,1516,0.15332644032319181
14,1500,1514,0.15332745741143491
14,1505,1519,0.15333156968961828
14,1509,1523,0.15333537555882398
14,1510,1524,0.15333892749565023
14,1511,1525,0.15334225047850858
14,1514,1528,0.15334536340327254
14,1504,1518,0.15334828196029032
13,1504,1517,0.1533510197522527
13,1505,1518,0.15335677989880325
13,1490,1503,0.15336219455888667
14,1493,1507,0.15336727556477783
13,1506,1519,0.15336882623973858
12,1505,1517,0.15337347843638688
12,1511,1523,0.15338096125719317
13,1510,1523,0.15338795543061384
13,1499,1512,0.15339133786231796
12,1502,1514,0.1533945181392831
11,1500,1511,0.15340066501136895
11,1508,1519,0.1534096423708268
10,1514,1524,0.15341807420333523
10,1499,1509,0.15342917515183718
10,1508,1518,0.1534395857435187
10,1519,1529,0.1534493539109018
10,1503,1513,0.15345852385395742
11,1503,1514,0.15346713472994294
11,1493,1504,0.15347203012125654
12,1497,1509,0.15347665020673815
12,1498,1510,0.15347781880084582
12,1500,1512,0.15347893583233024
12,1503,1515,0.15348000243395016
13,1500,1513,0.1534810164001888
11,1496,1507,0.15347880258369917
12,1503,1515,0.15348311175154702
12,1503,1515,0.15348396066784517
12,1508,1520,0.1534847678536927
13,1509,1522,0.15348553422386105
13,1510,1523,0.15348308924694012
13,1496,1509,0.15348081143473527
13,1487,1500,0.1534786883149498
14,1488,1502,0.15347670550905487
14,1495,1509,0.15347166622647143
13,1500,1513,0.15346699385496168
13,1495,1508,0.1534657865113747
15,1497,1512,0.15346465611456264
13,1493,1506,0.15345726710481705
13,1493,1506,0.15345669464450884
14,1491,1505,0.153456170371907
14,1496,1510,0.15345251536378832
14,1500,1514,0.1534490877295552
13,1496,1509,0.15344590495483698
13,1495,1508,0.1534461398389707
13,1483,1496,0.15344635806223875
14,1499,1513,0.15344655817051506
14,1502,1516,0.15344354352457773
13,1495,1508,0.15344076090125003
14,1485,1499,0.15344129474021773
14,1495,1509,0.1534386414683202
14,1478,1492,0.15343617169398563
15,1485,1500,0.1534338552900173
14,1505,1519,0.15342851413238281
14,1501,1515,0.15342669555921787
13,1506,1519,0.1534249852414174
13,1493,1506,0.1534265492550994
13,1497,1510,0.15342796918977533
15,1492,1507,0.1534292834485891
15,1498,1513,0.15342420010252864
15,1508,1523,0.15341944705557903
15,1503,1518,0.15341500550278972
15,1499,1514,0.15341084939875926
15,1499,1514,0.15340697854447288
14,1499,1513,0.153403358010352
14,1496,1510,0.15340307990766355
13,1502,1515,0.15340280341995333
13,1510,1523,0.1534056568758695
13,1505,1518,0.15340829858273936
13,1506,1519,0.15341075523055442
13,1507,1520,0.1534130471554123
13,1495,1508,0.15341518948555236
13,1504,1517,0.1534171943661379
13,1492,1505,0.153419072059313
12,1492,1504,0.15342083155222533
12,1498,1510,0.1534256885735848
12,1502,1514,0.15343019735393187
12,1512,1524,0.15343441716638967
12,1489,1501,0.15343837278405686
12,1496,1508,0.15344208235771398
12,1503,1515,0.15344556193178702
12,1516,1528,0.1534488262547823
11,1497,1508,0.15345188902086618
10,1498,1508,0.15345791851339308
10,1496,1506,0.15346673785366563
10,1501,1511,0.15347501058256538
10,1509,1519,0.1534827672818256
10,1497,1507,0.15349004299142804
10,1513,1523,0.153496870046311
10,1524,1534,0.15350327788541424
10,1521,1531,0.15350929346557712
10,1512,1522,0.1535149416411502
11,1513,1524,0.15352024545270593
11,1506,1517,0.15352203248075355
10,1501,1511,0.15352376521321293
10,1493,1503,0.15352857877662832
10,1512,1522,0.1535331075212443
10,1501,1511,0.15353736002154095
11,1502,1513,0.15354135281104872
11,1511,1522,0.15354188073828695
12,1501,1513,0.15354239430997227
12,1504,1516,0.15353964657818384
12,1511,1523,0.15353709509580915
12,1515,1527,0.15353469667621183
12,1506,1518,0.15353244341480582
11,1513,1524,0.1535303284879671
10,1516,1526,0.15353158307511788
10,1513,1523,0.1535359374683045
9,1509,1518,0.1535400342659037
8,1500,1508,0.15354706754027755
8,1501,1509,0.15355690124898644
8,1510,1518,0.15356609692029316
9,1492,1501,0.15357471813276846
9,1489,1498,0.153579625541485
9,1505,1514,0.15358423202494964
9,1516,1525,0.15358856147357244
9,1504,1513,0.15359263022691302
10,1503,1513,0.153596453382451
10,1511,1521,0.15359684126076012
11,1509,1520,0.1535972046281425
10,1497,1507,0.15359437531965814
10,1504,1514,0.1535949673412693
10,1508,1518,0.15359550283454274
10,1506,1516,0.15359600319083794
10,1503,1513,0.15359647277134014
10,1505,1515,0.15359691430310318
10,1501,1511,0.1535973299755819
10,1499,1509,0.15359772163475996
10,1519,1529,0.15359809087037296
9,1505,1514,0.15359843908205187
9,1523,1532,0.15360196124381112
10,1521,1531,0.15360527585106934
10,1522,1532,0.15360518984424382
10,1520,1530,0.15360510662835863
8,1500,1508,0.15360503064150197
8,1510,1518,0.15361132778740857
8,1521,1529,0.15361724765642404
8,1513,1521,0.15362280154971297
8,1520,1528,0.15362801383665758
7,1516,1523,0.1536329829883227
7,1521,1528,0.15364083755548547
8,1523,1531,0.15364817907560038
8,1534,1542,0.15365187450361656
8,1522,1530,0.1536553675730311
7,1522,1529,0.1536586605620604
7,1525,1532,0.15366494473413514
7,1528,1535,0.15367085000774364
7,1517,1524,0.15367639271350164
8,1523,1531,0.1536815959527075
8,1500,1508,0.15368329350598955
8,1501,1509,0.15368494571440536
8,1517,1525,0.15368651617135742
8,1522,1530,0.1536880010522297
8,1511,1519,0.15368940157487262
7,1509,1516,0.1536907207390255
7,1505,1512,0.1536951290998659
8,1507,1515,0.15369924429853934
9,1501,1510,0.1536999226448135
9,1498,1507,0.1536974039532825
7,1511,1518,0.1536951142577311
8,1507,1515,0.15369931247635835
8,1512,1520,0.15370004098093157
8,1507,1515,0.15370073163235967
8,1511,1519,0.15370138392774724
8,1507,1515,0.15370199840049878
8,1504,1512,0.15370257667868414
7,1508,1515,0.15370312065194025
6,1498,1504,0.1537068307975955
5,1497,1502,0.15371346938070352
5,1510,1515,0.15372283470978026
5,1517,1522,0.15373159482003276
5,1502,1507,0.15373980448642321
5,1515,1520,0.1537475070193769
3,1514,1517,0.15375473822730737
3,1513,1516,0.15376796244660973
3,1516,1519,0.15378039593220963
3,1516,1519,0.15379207709637158
3,1517,1520,0.15380305320665813
3,1511,1514,0.15381336812238106
3,1512,1515,0.15382306235095972
3,1509,1512,0.153832173587012
3,1517,1520,0.1538407370790659
3,1522,1525,0.15384878587356407
3,1523,1526,0.15385635099236347
3,1533,1536,0.1538634615746999
3,1518,1521,0.15387014499902196
3,1505,1508,0.15387642699222567
3,1516,1519,0.15388233173002494
2,1519,1521,0.15388788193037592
2,1525,1527,0.15389635560978374
3,1531,1534,0.1539042843440142
3,1527,1530,0.15390845949196316
3,1525,1528,0.15391242304489347
3,1517,1520,0.15391615816420268
3,1527,1530,0.15391967354660735
3,1539,1542,0.15392298027723175
2,1534,1536,0.1539260898703085
2,1526,1528,0.15393226752793152
1,1528,1529,0.15393803663914965
1,1533,1534,0.15394671120687764
1,1531,1532,0.1539548529607006
1,1524,1525,0.15396249852751703
1,1527,1528,0.15396968203938657
1,1514,1515,0.1539764333889337
1,1508,1509,0.15398277964842783
1,1505,1506,0.15398874570178367
1,1524,1525,0.1539943546300714
1,1516,1517,0.15399962796556715
1,1525,1526,0.1540045858657215
1,1530,1531,0.1540092472391308
1,1538,1539,0.15401362984305156
1,1529,1530,0.15401775036376786
1,1528,1529,0.15402162448616935
1,1522,1523,0.15402526695608215
1,1516,1517,0.15402869163733285
1,1521,1522,0.15403191156467538
1,1516,1517,0.15403493899324644
1,1510,1511,0.15403778544496619
1,1502,1503,0.15404046175216393
1,1515,1516,0.15404297809863554
1,1521,1522,0.15404534405829792
1,1505,1506,0.1540475686315824
1,1526,1527,0.1540496602796953
1,1523,1524,0.1540516269568647
1,1522,1523,0.1540534761406847
1,1522,1523,0.15405521486066387
1,1519,1520,0.1540568497250795
1,1529,1530,0.1540583869462329
1,1523,1524,0.15405983236419932
1,1528,1529,0.15406119146915784
1,1517,1518,0.15406246942238558
1,1522,1523,0.1540636710759934
1,1516,1517,0.15406480099147898
1,1509,1510,0.1540658634571653
1,1516,1517,0.15406686250459276
2,1506,1508,0.1540678019239261
2,1514,1516,0.15406540756000375
2,1505,1507,0.15406317317267648
2,1506,1508,0.15406108198499566
2,1518,1520,0.1540591209812655
2,1516,1518,0.1540572801740845
2,1516,1518,0.15405555119771921
2,1517,1519,0.15405392673379736
2,1516,1518,0.1540524001930175
2,1510,1512,0.1540509655326242
2,1520,1522,0.1540496171501519
2,1508,1510,0.1540483498187726
2,1494,1496,0.15404715864508076
2,1498,1500,0.15404603903908531
2,1502,1504,0.1540449866910164
2,1509,1511,0.1540439975521025
2,1505,1507,0.15404306781780927
2,1504,1506,0.1540421939127305
2,1502,1504,0.15404137247669106
3,1503,1506,0.154040600351814
3,1501,1504,0.15403660193872415
3,1514,1517,0.15403289087148778
3,1509,1512,0.15402941569972417
2,1520,1522,0.15402615561890826
2,1516,1518,0.15402635531323902
2,1514,1516,0.15402650601630113
2,1516,1518,0.15402663792393465
2,1519,1521,0.15402675744897562
3,1517,1520,0.154026867613525
3,1516,1519,0.15402369830890383
3,1524,1527,0.1540207648272327
4,1518,1522,0.15401801968009315
4,1520,1524,0.15401218139628375
4,1519,1523,0.1540067474340618
4,1509,1513,0.15400165687819195
4,1507,1511,0.1539968810678047
4,1499,1503,0.15399239741457468
4,1512,1516,0.15398818634957928
3,1525,1528,0.15398423032609723
3,1518,1521,0.15398373895872364
3,1512,1515,0.15398325773571173
3,1513,1516,0.15398279479052746
3,1505,1508,0.1539823541282099
3,1518,1521,0.15398193687006578
4,1511,1515,0.15398154291122157
4,1494,1498,0.15397793077858976
4,1508,1512,0.15397455836142498
4,1514,1518,0.15397140063348733
4,1519,1523,0.15396843907538404
4,1515,1519,0.1539656591480493
5,1525,1530,0.15396304839827507
5,1525,1530,0.15395736090894116
6,1524,1530,0.15395202423469986
6,1513,1519,0.15394376172083277
6,1512,1518,0.1539360532892824
6,1513,1519,0.15392882961470244
6,1507,1513,0.15392205215260457
6,1509,1515,0.1539156894661158
6,1507,1513,0.1539097141381086
6,1509,1515,0.15390410145073077
7,1517,1524,0.15389882871353489
6,1515,1521,0.15389065648023664
6,1511,1517,0.15388622141364094
6,1499,1505,0.15388202052539704
5,1516,1521,0.15387806371182855
5,1504,1509,0.15387755147354462
5,1511,1516,0.15387702033429643
4,1506,1510,0.15387650440848963
4,1505,1509,0.1538792452742314
4,1503,1507,0.1538817763993971
5,1516,1521,0.15388413961878145
5,1515,1520,0.15388311006405964
5,1516,1521,0.15388218654378907
5,1518,1523,0.15388133007614663
5,1505,1510,0.15388053034596516
5,1510,1515,0.15387978126296037
5,1507,1512,0.15387907848633048
5,1506,1511,0.15387841858901438
5,1502,1507,0.15387779866769885
5,1518,1523,0.1538772161509024
5,1509,1514,0.153876668701274
4,1502,1506,0.15387615416311287
4,1511,1515,0.1538789025858074
4,1512,1516,0.15388144342000204
3,1505,1508,0.15388381828139328
2,1507,1509,0.15388929688376282
2,1506,1508,0.1538976529124677
4,1504,1508,0.1539054867597338
4,1499,1503,0.15390633045684818
4,1507,1511,0.15390715210735093
6,1520,1526,0.15390794100381483
5,1515,1520,0.1539022213240688
5,1524,1529,0.1539001041464328
5,1511,1516,0.15389811788976976
5,1504,1509,0.1538962518607994
5,1513,1518,0.15389449852405698
5,1501,1506,0.15389285081646573
4,1507,1511,0.15389130232836543
4,1505,1509,0.15389308110750144
4,1519,1523,0.153894737974121
3,1524,1527,0.15389628488143747
3,1518,1521,0.15390097578568443
4,1525,1529,0.1539053696898113
4,1518,1522,0.15390624254585597
5,1513,1518,0.15390707534146753
5,1511,1516,0.1539046420908621
4,1519,1523,0.15390236888667733
4,1513,1517,0.15390346954806577
4,1519,1523,0.15390450709926362
4,1520,1524,0.15390547868355006
4,1522,1526,0.15390638927851316
4,1512,1516,0.1539072433923701
4,1509,1513,0.15390804502097757
4,1507,1511,0.15390879772273822
4,1509,1513,0.15390950469961048
4,1511,1515,0.15391016886687858
4,1508,1512,0.1539107929051548
5,1507,1512,0.15391137929704074
5,1503,1508,0.15390870787805325
5,1511,1516,0.15390619948900433
5,1502,1507,0.15390384720070066
5,1513,1518,0.15390164011198312
6,1513,1519,0.1538995680733149
5,1496,1501,0.15389440695370257
5,1499,1504,0.15389278823699443
5,1511,1516,0.153891264586286
5,1515,1520,0.1538898327566848
5,1505,1510,0.15388848426092278
5,1511,1516,0.15388721598941613
5,1507,1512,0.1538860238941971
5,1531,1536,0.1538849035433541
5,1517,1522,0.15388385055586382
5,1511,1516,0.15388286077476362
5,1508,1513,0.15388193030927627
5,1518,1523,0.15388105552921202
5,1517,1522,0.1538802330461033
3,1521,1524,0.15387945969287392
3,1516,1519,0.15388515546427162
3,1523,1526,0.1538905086560936
3,1515,1518,0.1538955303865826
3,1516,1519,0.1539002436126923
3,1516,1519,0.15390466949345463
4,1518,1522,0.1539088270178718
4,1519,1523,0.1539095011253243
5,1523,1528,0.15391013991403124
5,1506,1511,0.15390752450110196
5,1506,1511,0.15390507413923749
5,1519,1524,0.15390277942681263
5,1511,1516,0.15390062839300636
4,1495,1499,0.1538986102807143
4,1501,1505,0.1538999401183423
4,1491,1495,0.15390119477958805
4,1497,1501,0.15390237338791454
4,1517,1521,0.15390347967635956
5,1518,1523,0.15390447543522975
4,1505,1509,0.15390222773378193
3,1514,1517,0.1539033739740718
3,1499,1502,0.15390769805220322
2,1512,1514,0.15391172228888794
2,1529,1531,0.15391872163609252
2,1537,1539,0.1539252952933921
2,1520,1522,0.15393146647108
1,1519,1520,0.1539372628137527
1,1519,1520,0.15394595306702577
1,1522,1523,0.1539541240276227
1,1519,1520,0.15396180138792986
1,1522,1523,0.15396901659891196
1,1512,1513,0.15397579862845123
1,1515,1516,0.1539821741707564
1,1519,1520,0.1539881679659669
1,1514,1515,0.15399380306481938
1,1500,1501,0.15399910102638847
1,1507,1508,0.15400408206357394
1,1510,1511,0.15400876515407685
1,1499,1500,0.15401316812983867
1,1502,1503,0.15401730775300412
1,1507,1508,0.15402119978309425
1,1506,1507,0.15402485903804156
1,1497,1498,0.15402829945058763
1,1516,1517,0.1540315341209029
1,1516,1517,0.15403457536594517
1,1515,1516,0.15403743476588477
1,1522,1523,0.1540401232078252
1,1524,1525,0.15404265092699507
1,1534,1535,0.1540450275455587
1,1523,1524,0.15404726210917447
1,1518,1519,0.1540493631214234
1,1522,1523,0.15405133857622158
1,1516,1517,0.15405319598832562
1,1511,1512,0.15405494242203613
1,1513,1514,0.15405658451819934
1,1513,1514,0.1540581285196031
1,1517,1518,0.15405958029485842
1,1529,1530,0.15406094536085468
1,1520,1521,0.15406222890387072
1,1513,1514,0.15406343579942092
1,1520,1521,0.15406457063091084
1,1533,1534,0.15406563770717283
1,1516,1517,0.15406664107894824
1,1523,1524,0.15406758455437916
1,1529,1530,0.1540684717135687
1,1503,1504,0.1540693059222659
1,1510,1511,0.15407009034472757
1,1518,1519,0.15407082795580693
1,1526,1527,0.1540715215523147
1,1521,1522,0.1540721737636978
2,1522,1524,0.15407278706207506
2,1523,1525,0.15407009786309656
2,1511,1513,0.15406757200112364
2,1515,1517,0.15406520328430673
2,1500,1502,0.154062980021033
2,1501,1503,0.15406089196365477
2,1498,1500,0.15405893012923175
2,1506,1508,0.1540570864814941
2,1495,1497,0.15405535369337808
2,1518,1520,0.1540537249963632
2,1516,1518,0.15405219408793958
2,1519,1521,0.15405075507281565
2,1516,1518,0.15404940242284154
1,1522,1523,0.1540481309472866
2,1511,1513,0.1540502050873822
2,1512,1514,0.15404889320565482
2,1508,1510,0.15404764915101996
2,1512,1514,0.15404647767318738
2,1522,1524,0.15404537604243895
2,1520,1522,0.15404434035475753
2,1528,1530,0.1540433666733406
2,1526,1528,0.15404245126099753
2,1515,1517,0.15404159061376796
2,1511,1513,0.1540407814490351
2,1514,1516,0.1540400206872885
2,1517,1519,0.15403930543588717
1,1521,1522,0.15403863297557246
1,1513,1514,0.15404124872380806
1,1514,1515,0.15404371433856137
0,1511,1511,0.1540460311325613
