1380,28,1408,0.1358410997661034
1413,30,1443,0.13298533068773946
1431,31,1462,0.1302876354469172
1446,30,1476,0.12777890183891946
1458,32,1490,0.12545222133445752
1460,32,1492,0.12330066256123338
1453,34,1487,0.12133604566363536
1452,35,1487,0.11956409718597742
1440,34,1474,0.1179518869853203
1448,34,1482,0.11651284457409812
1448,33,1481,0.11518185779395054
1448,33,1481,0.11396934916191094
1471,33,1504,0.11286461366160024
1474,33,1507,0.11180335101470348
1461,32,1493,0.11082995945720121
1455,33,1488,0.10997368474452862
1446,34,1480,0.10920764050375126
1448,34,1482,0.10853060206657343
1447,35,1482,0.10790866040108472
1439,37,1476,0.10734461662007316
1448,40,1488,0.10684869477799186
1442,39,1481,0.10637678110002145
1446,38,1484,0.10595976732026145
1465,37,1502,0.10557121472178192
1447,35,1482,0.10517494494603934
1449,34,1483,0.10485432692421998
1449,32,1481,0.10455792096188475
1459,34,1493,0.1042880137454156
1459,34,1493,0.10401938720714753
1459,34,1493,0.10377499333876773
1461,34,1495,0.10355183807136832
1457,35,1492,0.10334498715353611
1458,36,1494,0.10316511182814977
1460,36,1496,0.10299938753081847
1462,40,1502,0.1028443178366073
1459,40,1499,0.10269811171567196
1451,41,1492,0.10257226781543327
1450,40,1490,0.10247460642289141
1453,39,1492,0.10238774065018175
1452,39,1491,0.10230226136541669
1460,41,1501,0.10222622982540015
1458,40,1498,0.10213980403143375
1463,40,1503,0.10206536194637852
1460,40,1500,0.10198640631418535
1456,37,1493,0.10192112067639311
1464,38,1502,0.10187066543180784
1464,36,1500,0.10180738571404664
1468,39,1507,0.10174993493498796
1472,40,1512,0.10168883512904418
1468,47,1515,0.10162535926049511
1463,46,1509,0.10157584427983281
1463,48,1511,0.10154108355202807
1475,46,1521,0.10150904750106993
1471,49,1520,0.10145442020963498
1464,49,1513,0.10141327348795608
1447,48,1495,0.10139123831533219
1448,46,1494,0.1014072371626305
1444,46,1490,0.10141965847328298
1444,44,1488,0.10143945379596626
1440,46,1486,0.1014575620259532
1452,44,1496,0.10148260104555888
1454,45,1499,0.10148004519595454
1439,47,1486,0.10147331161678799
1447,46,1493,0.10149911623349205
1446,48,1494,0.1015056340890965
1443,48,1491,0.10151361269310837
1444,51,1495,0.1015272474351825
1442,54,1496,0.10153785379800928
1439,52,1491,0.1015522482221602
1431,53,1484,0.10157107040309482
1426,55,1481,0.10160551214367398
1426,59,1485,0.1016482976686897
1428,61,1489,0.1016869722120434
1426,63,1489,0.10171877618082516
1434,63,1497,0.10175224145447531
1437,63,1500,0.10176602140797503
1423,64,1487,0.10177172394333724
1422,64,1486,0.10180660477697469
1416,63,1479,0.10184103994371163
1424,63,1487,0.10188519328315224
1421,59,1480,0.10190831551461219
1429,59,1488,0.10193585480429976
1423,60,1483,0.10194363522826631
1423,60,1483,0.10196344738410076
1414,62,1476,0.10198158098919452
1418,62,1480,0.1020173006332455
1420,62,1482,0.1020427161723325
1431,62,1493,0.10206104591242703
1435,58,1493,0.1020540618748786
1438,60,1498,0.102039230730158
1432,61,1493,0.10201950593336989
1433,63,1496,0.10201468046853623
1448,62,1510,0.10200782641649205
1440,64,1504,0.10196933082264988
1434,64,1498,0.1019513328054557
1431,66,1497,0.10194816790150671
1435,66,1501,0.10195128954735636
1424,65,1489,0.10194586876111388
1428,63,1491,0.1019650983619701
1433,68,1501,0.10197438272074724
1421,70,1491,0.10197246991901399
1422,73,1495,0.10199596317513958
1428,73,1501,0.10201537288771031
1421,76,1497,0.10202039137935831
1415,73,1488,0.10203997588532428
1407,78,1485,0.10207056863643889
1406,79,1485,0.1021156292908994
1395,80,1475,0.10215863422004016
1386,83,1469,0.10222116658997647
1387,82,1469,0.10229838161946335
1395,81,1476,0.10236707098877082
1402,80,1482,0.10241209433756283
1408,80,1488,0.10243786341032672
1399,77,1476,0.10244809380445524
1395,81,1476,0.10247849317774349
1390,81,1471,0.10251569601111664
1402,86,1488,0.10256039344888908
1415,86,1501,0.10257593374237306
1406,89,1495,0.10256207434262571
1410,91,1501,0.10256952989437515
1409,93,1502,0.10256772781785596
1399,94,1493,0.10256883590288889
1414,91,1505,0.10259090821082971
1408,89,1497,0.10257905044641341
1404,87,1491,0.10258129308129084
1413,89,1502,0.1025910882778956
1408,86,1494,0.1025798726366147
1393,85,1478,0.10258034791021299
1400,84,1484,0.10261275622188179
1402,84,1486,0.10262707580287095
1413,82,1495,0.10263567922816583
1409,85,1494,0.10261986859196107
1395,86,1481,0.10261454589474477
1388,83,1471,0.10263928243509789
1386,85,1471,0.10267678984225544
1390,82,1472,0.10271514501799114
1397,83,1480,0.10274203400293323
1398,81,1479,0.10275143952956813
1412,84,1496,0.10275735622484379
1405,86,1491,0.10273307114530532
1406,84,1490,0.10272632789662436
1404,86,1490,0.10271868578234067
1407,84,1491,0.10271544421226048
1393,81,1474,0.10270646957861544
1409,82,1491,0.10272878424342359
1405,84,1489,0.10271491651102138
1403,85,1488,0.10271129606313117
1393,87,1480,0.10271223444842395
1403,83,1486,0.10273483286247692
1402,82,1484,0.10273342649606189
1400,86,1486,0.10273464678668329
1401,81,1482,0.1027406965420444
1409,84,1493,0.10274344811758568
1396,89,1485,0.10272901044801508
1399,90,1489,0.10274487710436186
1413,93,1506,0.10275352589987613
1414,90,1504,0.1027303032912668
1411,92,1503,0.10270685438083485
1411,93,1504,0.10269184713363703
1413,92,1505,0.10267752133843519
1402,92,1494,0.1026606470043437
1413,90,1503,0.10266919390286482
1418,92,1510,0.10265282672032573
1419,92,1511,0.10262719983363594
1409,93,1502,0.10260191822454097
1407,95,1502,0.10260011387078166
1407,94,1501,0.10260320178808709
1406,94,1500,0.1026059584533384
1398,95,1493,0.10261071191408838
1408,93,1501,0.10263280532149978
1403,93,1496,0.10263073119338646
1409,92,1501,0.10263966117695916
1410,93,1503,0.10263455478339038
1416,95,1511,0.10262807416571176
1407,96,1503,0.10260952985714318
1414,93,1507,0.1026121923550916
1424,90,1514,0.10259917625885966
1415,89,1504,0.10256593167994293
1418,90,1508,0.10255523194144388
1414,90,1504,0.10253877253803971
1407,91,1498,0.10253277514996158
1402,91,1493,0.10254191717411394
1418,92,1510,0.10256108627599062
1421,90,1511,0.10254388784486267
1409,91,1500,0.10252220301123344
1405,93,1498,0.10252843769334237
1410,89,1499,0.10254167634032008
1421,90,1511,0.10254358126100221
1417,90,1507,0.10252178672585338
1417,93,1510,0.10251003853846065
1411,92,1503,0.10249919875476687
1403,94,1497,0.10250251167629659
1402,94,1496,0.10252297000668563
1406,94,1500,0.10254355866979566
1414,92,1506,0.10255470620286865
1411,90,1501,0.10254783115093012
1405,94,1499,0.10254733019796718
1404,99,1503,0.10255939810226451
1395,98,1493,0.10257328629043938
1390,101,1491,0.10260503692895086
1400,101,1501,0.1026451296830745
1392,100,1492,0.10266071195292623
1392,96,1488,0.10269279265100717
1381,97,1478,0.10272090413146888
1383,93,1476,0.10277019282745734
1391,97,1488,0.10281056626900029
1388,100,1488,0.10283055162984517
1397,100,1497,0.10285522157687116
1397,102,1499,0.10285825728618853
1392,103,1495,0.10286151474622306
1401,100,1501,0.10287583598752285
1396,102,1498,0.10286963897388712
1407,105,1512,0.10287429358744273
1399,105,1504,0.1028549392615157
1403,105,1508,0.10285480124193846
1406,105,1511,0.10284629218072812
1402,101,1503,0.1028321277038191
1400,104,1504,0.1028282003166567
1392,108,1500,0.10282831564853627
1390,108,1498,0.10284586576443033
1371,108,1479,0.10286667948049062
1364,109,1473,0.10292743421336929
1377,113,1490,0.10299811037174246
1375,114,1489,0.103034357715447
1376,113,1489,0.10307227179087501
1389,117,1506,0.10310493942834402
1377,118,1495,0.10310581279261832
1375,118,1493,0.10313260110309155
1393,119,1512,0.10316186570697063
1388,125,1513,0.10315006596720121
1383,125,1508,0.1031506246828939
1380,125,1505,0.10316164597505723
1374,121,1495,0.1031783349373816
1371,123,1494,0.10320651148628414
1376,122,1498,0.10323823304766382
1369,120,1489,0.10325613894524238
1371,118,1489,0.10328700195722808
1365,112,1477,0.10331121529040165
1365,114,1479,0.10334673226041094
1372,119,1491,0.10337917697621148
1386,123,1509,0.10339402521283651
1371,123,1494,0.10337775151889975
1372,122,1494,0.10339515147433659
1384,125,1509,0.1034094184282996
1383,129,1512,0.10339744920941996
1380,130,1510,0.10338899517424341
1377,128,1505,0.1033875473701832
1375,124,1499,0.10339313077396534
1371,126,1497,0.10340284550723088
1360,128,1488,0.10342112536255423
1364,128,1492,0.10346103323732819
1362,127,1489,0.10348915464649096
1360,128,1488,0.10351930321972948
1363,133,1496,0.10355174341690514
1371,134,1505,0.10357389213472605
1381,130,1511,0.10357761697299825
1374,130,1504,0.10355911644769732
1364,131,1495,0.10355707451014862
1356,133,1489,0.10357675997216483
1370,134,1504,0.10361236511614645
1362,134,1496,0.10361434354403429
1362,130,1492,0.10363273297519403
1363,129,1492,0.10364999384856548
1359,130,1489,0.10366386607668893
1358,131,1489,0.10368530172806001
1368,133,1501,0.1037081626691813
1362,132,1494,0.10370704686265748
1363,131,1494,0.10371932204018215
1363,132,1495,0.10372819454401888
1360,130,1490,0.10373689318197757
1363,133,1496,0.10375150156020543
1371,132,1503,0.10375805012747481
1365,132,1497,0.10374696263256013
1367,133,1500,0.10374957629606406
1366,133,1499,0.10374814825988941
1360,137,1497,0.10374839274526879
1363,138,1501,0.10376230584219195
1365,137,1502,0.10376803423490752
1372,140,1512,0.10376842362595426
1359,140,1499,0.10375432503444422
1352,138,1490,0.10376949869144494
1354,139,1493,0.10379915485966862
1348,139,1487,0.10382215671062375
1351,140,1491,0.1038559800416944
1357,138,1495,0.1038798337142746
1357,140,1497,0.10388843254690414
1360,145,1505,0.10389586193488629
1372,146,1518,0.10389637993019317
1355,144,1499,0.10387168013545427
1360,141,1501,0.10388551081887476
1350,136,1486,0.1038876660198088
1361,138,1499,0.10391168392103804
1362,139,1501,0.10390937912224443
1353,143,1496,0.10390590386872693
1344,146,1490,0.10392283586571689
1337,144,1481,0.10395697057600145
1347,144,1491,0.10400394994586318
1346,143,1489,0.10402484166107877
1339,139,1478,0.1040464453837313
1348,139,1487,0.10408171840989518
1353,137,1490,0.10409349854443212
1353,137,1490,0.10409288381211684
1349,135,1484,0.10409234782054184
1353,137,1490,0.10410049478395753
1372,139,1511,0.1040984540345514
1375,138,1513,0.10405536933864606
1371,138,1509,0.10400937217456636
1359,138,1497,0.10397625173889746
1363,134,1497,0.1039713471159894
1369,135,1504,0.10395834463399875
1369,135,1504,0.10393359933194357
1353,133,1486,0.10391069201647682
1345,137,1482,0.10392423232504772
1348,137,1485,0.10395460325871467
1342,134,1476,0.1039758573347903
1347,135,1482,0.10400860263870065
1346,136,1482,0.1040280139551708
1354,140,1494,0.10404736571391143
1356,140,1496,0.10404863394411795
1358,141,1499,0.1040457554712991
1350,145,1495,0.10403870119829527
1341,148,1489,0.1040495310628366
1335,151,1486,0.1040790031809558
1346,151,1497,0.10411851364096888
1343,145,1488,0.10413133798368458
1343,145,1488,0.10414949545769908
1348,145,1493,0.10416610327387688
1342,146,1488,0.10416954595756202
1342,146,1488,0.10418494109534705
1344,148,1492,0.10419939472127052
1351,150,1501,0.10420928335391184
1338,150,1488,0.10420307052653925
1341,152,1493,0.10422587945144057
1341,157,1498,0.10424091074594913
1342,152,1494,0.10425453387924571
1338,155,1493,0.10426484633216365
1330,154,1484,0.10428267386857598
1332,154,1486,0.1043159205068844
1336,156,1492,0.1043431332014512
1359,159,1518,0.10435878867438746
1337,161,1498,0.10432424097795594
1329,160,1489,0.10434014143698586
1324,159,1483,0.10437224330106122
1322,163,1485,0.10441281675213933
1331,162,1493,0.10445393198257723
1331,163,1494,0.1044725392644405
1339,159,1498,0.10448970081531296
1341,159,1500,0.10448808042129169
1339,159,1498,0.10448239006296983
1334,163,1497,0.10448156557072273
1345,162,1507,0.10449255688614717
1336,166,1502,0.10447889170159655
1334,168,1502,0.10448640210167845
1332,168,1500,0.10449842413415268
1328,170,1498,0.10451465195030316
1334,176,1510,0.10453883198245403
1318,175,1493,0.10454756437755265
1322,177,1499,0.10459060768403315
1324,177,1501,0.10462175212690075
1328,176,1504,0.10464645014339745
1325,175,1500,0.10466017221941053
1326,177,1503,0.10467967204847933
1310,175,1485,0.10469581618365618
1320,178,1498,0.10474573582401875
1320,178,1498,0.10477024612802566
1325,179,1504,0.10479309693816154
1319,178,1497,0.10480289464141837
1315,178,1493,0.10482527289829728
1311,182,1493,0.10485528748057849
1315,181,1496,0.10489260605525734
1304,182,1486,0.10491772988618095
1308,187,1495,0.10496516344673608
1301,191,1492,0.10499999559800752
1293,189,1482,0.10504836186930763
1287,189,1476,0.105110234369872
1283,186,1469,0.1051797222918
1285,186,1471,0.10525237376909714
1300,185,1485,0.10531410707765582
1293,186,1479,0.10533748449138501
1297,188,1485,0.10537382307021873
1298,191,1489,0.10539892764946272
1311,190,1501,0.10541995253033845
1312,190,1502,0.10540932229064345
1331,187,1518,0.10539724733365934
1317,188,1505,0.10534500349639973
1306,193,1499,0.10532844688039052
1305,192,1497,0.10533817899318176
1312,196,1508,0.10534914701176792
1311,194,1505,0.10534299825584222
1294,195,1489,0.10533921795785947
1290,201,1491,0.10537304460896663
1290,202,1492,0.1054136568690455
1295,206,1501,0.10545065827289644
1290,203,1493,0.10547482194164816
1296,205,1501,0.1055083515058251
1301,204,1505,0.10552625797110515
1297,200,1497,0.10553189003637825
1291,200,1491,0.1055451227089368
1293,202,1495,0.1055703648813606
1298,201,1499,0.10558827582698306
1292,201,1493,0.10559323167002997
1274,204,1478,0.10561151486509004
1276,205,1481,0.10566882677451322
1286,206,1492,0.1057173492326206
1289,209,1498,0.10574001214894452
1286,207,1493,0.10575367276426553
1294,197,1491,0.10577295691452157
1288,197,1485,0.10577274798451267
1281,194,1475,0.10578493478506333
1298,194,1492,0.10581110027756342
1298,193,1491,0.10579751153403862
1315,191,1506,0.10578498087749212
1295,196,1491,0.10573634110192852
1308,199,1507,0.10573632828643953
1304,203,1507,0.1057083785048447
1294,203,1497,0.10569122411784221
1303,202,1505,0.10569769051567396
1311,201,1512,0.10568328739445025
1318,203,1521,0.1056530471529233
1318,202,1520,0.10561109948560445
1312,198,1510,0.10557260860130033
1308,199,1507,0.10555069968110792
1298,197,1495,0.10553898368976433
1299,201,1500,0.10554981783849367
1288,201,1489,0.10555890164302843
1293,200,1493,0.10559120305440757
1296,200,1496,0.10560979748640673
1291,207,1498,0.1056200380886441
1293,210,1503,0.10564122051836689
1267,213,1480,0.10565832352435853
1266,214,1480,0.1057319843641837
1261,219,1480,0.10580226773273348
1270,220,1490,0.10587663200147966
1258,218,1476,0.10592539889345516
1268,218,1486,0.1059960556120855
1272,219,1491,0.10603788749547309
1281,220,1501,0.10606730112633247
1258,220,1478,0.10607497940354889
1250,212,1462,0.10613227461512892
1281,213,1494,0.10620230122965711
1284,219,1503,0.10619882643619395
1283,224,1507,0.10618930906193316
1282,223,1505,0.10618277091237222
1285,221,1506,0.10617890304714113
1277,220,1497,0.10616854797396208
1284,218,1502,0.1061776719245199
1269,217,1486,0.10617060692481697
1277,217,1494,0.10619802075821987
1270,217,1487,0.10620662543554654
1286,218,1504,0.10622982685699124
1279,212,1491,0.10621619182249113
1285,217,1502,0.1062182277735046
1282,220,1502,0.10620666239439139
1270,217,1487,0.10620329176002688
1269,222,1491,0.10622729621439184
1280,228,1508,0.10625155569117788
1282,232,1514,0.10624894503239084
1277,226,1503,0.10624255783012025
1277,224,1501,0.10624731732619465
1275,224,1499,0.10625112268012181
1269,222,1491,0.10626009333404945
1272,220,1492,0.10628142496199128
1271,219,1490,0.10629407402344736
1277,224,1501,0.10630841707739137
1274,228,1502,0.10630965313990057
1265,222,1487,0.1063161819214054
1269,225,1494,0.1063422332070828
1282,223,1505,0.10635673273781991
1284,218,1502,0.10634214125042166
1273,222,1495,0.10632575109149514
1267,221,1488,0.10633503380650293
1265,231,1496,0.10635719976408227
1272,232,1504,0.10638247371699765
1260,229,1489,0.106390289596998
1253,231,1484,0.10642420367800913
1245,231,1476,0.10646984331900362
1238,234,1472,0.10652839914290638
1232,232,1464,0.10659678669785283
1247,228,1475,0.10667276606167872
1260,222,1482,0.10670838864234372
1265,228,1493,0.10671263142609803
1271,226,1497,0.10670441286957193
1285,223,1508,0.10668341169405628
1279,222,1501,0.10663352308562249
1290,221,1511,0.10660089588844956
1289,218,1507,0.10654731939193532
1278,224,1502,0.10650014495599626
1276,228,1504,0.10648061756851437
1272,229,1501,0.1064671189384936
1275,232,1507,0.10646281593518837
1288,227,1515,0.10645311300222246
1267,231,1498,0.10641550949560984
1260,235,1495,0.10642876479304332
1263,234,1497,0.10645659579912749
1258,233,1491,0.10647482834925898
1253,229,1482,0.10650274102779501
1256,230,1486,0.1065391320353465
1255,235,1490,0.10656693834826456
1256,237,1493,0.10659449503894983
1268,239,1507,0.10661823045688269
1261,239,1500,0.10661427650680345
1253,237,1490,0.10662615079793218
1258,236,1494,0.10665484837613715
1266,236,1502,0.10667027458209055
1264,239,1503,0.10666730042263584
1255,240,1495,0.1066696048258839
1256,243,1499,0.10669277738131919
1260,243,1503,0.10671206414841734
1250,244,1494,0.10671975244660187
1268,240,1508,0.10674881952189855
1252,237,1489,0.10673539338365354
1258,239,1497,0.10675887626039009
1258,238,1496,0.10676591820078545
1255,236,1491,0.10677252107032235
1258,242,1500,0.10678594063576825
1258,246,1504,0.10679117447450696
1266,244,1510,0.10679582221889618
1261,249,1510,0.10678349605795848
1261,249,1510,0.10678288928729225
1261,248,1509,0.10678263897122438
1262,245,1507,0.10678238402291623
1253,246,1499,0.1067807021049179
1247,245,1492,0.10679828401108922
1239,240,1479,0.1068279419863871
1232,239,1471,0.10687204929481021
1240,247,1487,0.10692801806883846
1242,241,1483,0.10696232330993666
1252,237,1489,0.1069890501515001
1260,239,1499,0.10699084855161833
1268,242,1510,0.10697515124617187
1265,242,1507,0.10694393395797652
1263,248,1511,0.10692270903519895
1262,251,1513,0.1069077882072098
1253,256,1509,0.10689706819353198
1248,258,1506,0.10690652622658896
1244,258,1502,0.10692712318386752
1245,256,1501,0.10695551828163861
1231,259,1490,0.10697996742216553
1240,260,1500,0.10703345230983669
1235,265,1500,0.10706298003166863
1238,263,1501,0.10710129672876097
1235,258,1493,0.10713057751799948
1237,253,1490,0.1071640915729566
1230,260,1490,0.1071900782214697
1234,264,1498,0.10722991332712276
1233,256,1489,0.10725723398356232
1241,260,1501,0.10728358564843038
1232,260,1492,0.10728990494760986
1235,266,1501,0.10731659118432017
1233,269,1502,0.10733445012821852
1228,266,1494,0.10735436351427623
1235,263,1498,0.10738260304980436
1240,263,1503,0.10739306902666841
1226,266,1492,0.10739152100112437
1230,265,1495,0.1074211807850397
1224,259,1483,0.10744010145592028
1235,258,1493,0.10747125588789273
1237,260,1497,0.10747514750686576
1235,269,1504,0.10747499438361728
1224,269,1493,0.10747912593962507
1222,273,1495,0.10750697302084507
1220,271,1491,0.10753645975450532
1222,274,1496,0.1075684495922488
1232,268,1500,0.1075931471646005
1229,272,1501,0.10759385391822616
1215,275,1490,0.10760127343339249
1209,274,1483,0.10763943683189395
1209,269,1478,0.10768869838156504
1207,270,1477,0.10773422750957536
1218,277,1495,0.10778076225612672
1229,275,1504,0.10779819541337325
1229,279,1508,0.10778954497788502
1228,276,1504,0.10778260898888621
1229,275,1504,0.10777882393754115
1227,274,1501,0.10777175417829099
1215,276,1491,0.10776971593691365
1223,273,1496,0.10779437791337539
1222,268,1490,0.1077988117848124
1223,277,1500,0.10780561845075959
1228,276,1504,0.10780977475584048
1226,276,1502,0.10780349880826579
1229,273,1502,0.10780204453960852
1225,278,1503,0.10779301082763049
1219,278,1497,0.10779387973235409
1223,273,1496,0.10780872715664898
1222,273,1495,0.10781297924637112
1218,275,1493,0.10781923667122674
1224,276,1500,0.10783353037488298
1221,272,1493,0.10783262924198976
1212,274,1486,0.10783815428686586
1221,274,1495,0.10786372459979067
1218,270,1488,0.10786788751906107
1221,275,1496,0.10787829975596366
1226,281,1507,0.10788059930020104
1223,285,1508,0.10787172230571251
1209,286,1495,0.10787138321036531
1209,284,1493,0.10790266062915232
1206,278,1484,0.10793038022863403
1212,276,1488,0.10796204390542244
1217,270,1487,0.10797782376875825
1210,271,1481,0.1079815655730512
1214,274,1488,0.10800095384320603
1230,276,1506,0.10801056787971701
1221,272,1493,0.10798319689276031
1225,268,1493,0.10797844293014876
1235,264,1499,0.10796472924590368
1232,263,1495,0.1079297922850304
1223,264,1487,0.10790451631482373
1217,268,1485,0.10790144365324453
1229,268,1497,0.10791109824783258
1218,268,1486,0.10789444531412946
1217,266,1483,0.10790373636951424
1221,269,1490,0.10791383221509303
1226,267,1493,0.10791494386588747
1216,266,1482,0.10790417222862984
1227,264,1491,0.10791697574728326
1225,272,1497,0.1079046235320104
1218,268,1486,0.10789783155280798
1213,277,1490,0.10790740676806106
1209,282,1491,0.10792690823692329
1219,279,1498,0.10795559508072884
1218,281,1499,0.10796024253736547
1214,285,1499,0.10796579034187276
1214,281,1495,0.10798058382589133
1204,280,1484,0.10799454426353096
1218,278,1496,0.10802974541202469
1211,281,1492,0.10803027378773729
1218,282,1500,0.10804717247939122
1224,282,1506,0.10804619868889727
1219,279,1498,0.10803304803038256
1208,278,1486,0.10803254366597109
1208,279,1487,0.1080567286728387
1210,282,1492,0.1080784298040101
1216,286,1502,0.10809383072217578
1214,283,1497,0.10809420143630369
1210,276,1486,0.10809931022954494
1223,277,1500,0.10811162832083805
1212,279,1491,0.10809393751440399
1214,283,1497,0.10810180665697981
1209,285,1494,0.10810534444088798
1205,290,1495,0.10811953678063886
1206,290,1496,0.10814193034307998
1209,289,1498,0.10816063644912681
1211,286,1497,0.10817225644537244
1206,283,1489,0.10817719847729725
1208,287,1495,0.10819457942335951
1212,288,1500,0.10820653986756706
1201,292,1493,0.10820774584857588
1189,292,1481,0.1082339482455985
1192,293,1485,0.1082862902764992
1200,293,1493,0.10832805837023894
1205,289,1494,0.10834872536961143
1204,289,1493,0.10835623367715977
1215,288,1503,0.10836470841704016
1218,288,1506,0.10834841493999486
1221,290,1511,0.1083267324360537
1230,296,1526,0.10830098840087399
1224,301,1525,0.1082578694596739
1228,302,1530,0.10823173424686658
1227,302,1529,0.10819900347134279
1214,296,1510,0.10817225771454918
1208,295,1503,0.1081761513042031
1210,297,1507,0.10819412811632709
1216,301,1517,0.10820713773603587
1216,301,1517,0.10820561571756773
1205,298,1503,0.10820373684050665
1206,301,1507,0.10822606134902074
1189,306,1495,0.10824384051248837
1179,303,1482,0.10829802849936002
1189,306,1495,0.10837043309328759
1181,297,1478,0.10841512236973248
1176,303,1479,0.10847436346542384
1183,308,1491,0.10853967521047835
1186,303,1489,0.10858388457124148
1179,308,1487,0.10861729953504146
1179,304,1483,0.10866461024486408
1180,314,1494,0.10870839545321165
1189,316,1505,0.10874744232960325
1179,323,1502,0.10876374158534002
1184,320,1504,0.10880283373913954
1178,316,1494,0.10882685382751785
1183,323,1506,0.10886269242939754
1175,322,1497,0.10888514215632189
1184,325,1509,0.10892339704007988
1175,328,1503,0.10893870290466351
1187,326,1513,0.10897424262078703
1174,329,1503,0.10897949228109431
1182,328,1510,0.10901441862704418
1174,330,1504,0.10902866729466443
1177,327,1504,0.1090607909846381
1169,326,1495,0.10908288945444208
1174,327,1501,0.1091215105749357
1170,330,1500,0.10914489585608608
1175,325,1500,0.10917591527586527
1167,331,1498,0.10919447864251858
1177,333,1510,0.10922939489463765
1165,337,1502,0.10923762977105886
1164,336,1500,0.10927374035554212
1174,333,1507,0.10930853649566213
1162,339,1501,0.10931947725104324
1164,342,1506,0.1093560406888453
1157,338,1495,0.1093849568743254
1145,335,1480,0.10942709104553046
1157,343,1500,0.10949251747916594
1161,343,1504,0.10952571760300212
1159,343,1502,0.10954703116826213
1163,335,1498,0.10957094669280593
1164,337,1501,0.10958422267400607
1164,334,1498,0.1095938151242521
1175,338,1513,0.109602990704274
1169,344,1513,0.10958732102274993
1153,343,1496,0.10958658875200797
1162,346,1508,0.1096209993594065
1160,344,1504,0.10963291541443082
1152,345,1497,0.10964852966614635
1161,348,1509,0.109680846847183
1165,351,1516,0.10969029922406329
1165,352,1517,0.10969122383497343
1162,351,1513,0.10969265027817558
1154,350,1504,0.10970119380643965
1145,353,1498,0.10972645991168947
1161,352,1513,0.10976981058559733
1157,353,1510,0.10977445193340177
1156,354,1510,0.10978749103290525
1156,358,1514,0.1098024508640718
1139,358,1497,0.10981693957461898
1136,357,1493,0.10987009675830102
1126,356,1482,0.10992549496631632
1124,360,1484,0.10999902482174338
1125,360,1485,0.11007240758210436
1133,358,1491,0.1101366517942331
1136,367,1503,0.110178060547614
1130,360,1490,0.11021018236604611
1137,362,1499,0.11025393624768988
1151,372,1523,0.11027857732389805
1143,377,1520,0.11027051698079195
1135,370,1505,0.1102819072120838
1132,374,1506,0.1103096331823216
1128,376,1504,0.11034237239639264
1131,378,1509,0.11038201345549306
1130,368,1498,0.11041217560640362
1126,369,1495,0.1104425477573296
1120,378,1498,0.1104798648450264
1125,376,1501,0.1105278743801366
1128,375,1503,0.11056134681638624
1127,377,1504,0.11058464100127921
1122,378,1500,0.11060830609411157
1118,380,1498,0.11064082611395651
1116,379,1495,0.11067911320530152
1111,379,1490,0.11071818001337327
1114,382,1496,0.11076563777216339
1125,377,1502,0.11080316606334922
1113,377,1490,0.11081401882252118
1111,384,1495,0.11085169691086179
1117,385,1502,0.11089105932137074
1123,390,1513,0.11091269932806648
1122,394,1516,0.11091989364177689
1120,391,1511,0.11092983908243813
1114,390,1504,0.11094273550871066
1106,394,1500,0.11096813002695133
1106,394,1500,0.1110083416874014
1104,392,1496,0.11104641017092125
1107,401,1508,0.11108713723032647
1107,408,1515,0.11111727357936299
1102,402,1504,0.11114475663937695
1105,406,1511,0.11118232445294893
1098,401,1499,0.11121029304428533
1105,402,1507,0.11125229364444003
1095,406,1501,0.11127466502053832
1091,403,1494,0.11131845723008098
1095,405,1500,0.11136799839485778
1093,408,1501,0.11140500644234556
1098,411,1509,0.11144350994137875
1106,408,1514,0.11146755341734388
1099,406,1505,0.11147138510060944
1088,399,1487,0.1114908830479402
1107,398,1505,0.11153226819710588
1110,406,1516,0.11152752130246131
1106,398,1504,0.11151680269480586
1100,396,1496,0.11151613535131599
1095,394,1489,0.11152959606305632
1100,394,1494,0.1115527642307692
1106,392,1498,0.1115625864422476
1111,388,1499,0.11155803203820076
1110,384,1494,0.11154295332168931
1102,384,1486,0.11152917450153137
1100,394,1494,0.11153279033778464
1103,401,1504,0.11154132676501259
1100,398,1498,0.11154304281344027
1099,397,1496,0.11155134022999551
1105,408,1513,0.11156112790486525
1100,405,1505,0.11155683847300668
1099,398,1497,0.11156452838239536
1104,394,1498,0.11157423147949398
1108,396,1504,0.11157213031359774
1101,397,1498,0.1115621721292528
1097,404,1501,0.11156811703404092
1099,398,1497,0.11158272695043964
1102,398,1500,0.11159176754217474
1105,400,1505,0.11159255418925212
1100,399,1499,0.11158653727165742
1103,404,1507,0.11159266141351491
1094,409,1503,0.11159158255729881
1096,410,1506,0.1116122230757902
1095,413,1508,0.11162493485660267
1088,412,1500,0.11163898789697438
1092,415,1507,0.11166798551931433
1089,421,1510,0.11168464906933064
1081,417,1498,0.1117076647177677
1076,419,1495,0.11174559111404882
1086,422,1508,0.1117917720424166
1078,417,1495,0.11181162148732271
1077,416,1493,0.11184796020018173
1077,419,1496,0.11188348839414704
1075,426,1501,0.1119158952820177
1074,422,1496,0.1119506577143236
1073,425,1498,0.11198513389559075
1068,427,1495,0.11201974274562879
1071,424,1495,0.11206353993152429
1071,422,1493,0.11209767639959466
1067,429,1496,0.11212970019269747
1067,440,1507,0.11216927818106744
1078,432,1510,0.11220594286578925
1079,431,1510,0.11221545309626241
1074,438,1512,0.11222194507863914
1067,439,1506,0.11223944523607773
1075,438,1513,0.11227249103309422
1062,439,1501,0.11228444310552145
1069,435,1504,0.11232612870772936
1070,438,1508,0.11234843991710179
1066,439,1505,0.11236720306553231
1060,437,1497,0.11239435684807343
1058,441,1499,0.11243352837280565
1046,437,1483,0.11247334289566005
1052,439,1491,0.11253822923726546
1070,443,1513,0.11258465204368762
1062,441,1503,0.11258636817673356
1061,440,1501,0.11260634541161937
1065,440,1505,0.11262743812853646
1060,442,1502,0.11263796071510765
1050,444,1494,0.11265735844850684
1045,439,1484,0.11269799993892227
1048,441,1489,0.11274707294804061
1052,433,1485,0.11278632632441443
1060,436,1496,0.1128119868618638
1053,435,1488,0.11281723160183411
1055,430,1485,0.11283838379140557
1063,439,1502,0.11285306283172676
1066,440,1506,0.11284859575299422
1070,443,1513,0.11283769069287228
1066,437,1503,0.11281809085220422
1064,435,1499,0.11280880966252667
1057,439,1496,0.11280574124235086
1054,440,1494,0.11281861638449982
1059,438,1497,0.11283714623010799
1058,433,1491,0.11284205989821984
1056,436,1492,0.11284849136704177
1044,436,1480,0.11285858598341113
1052,436,1488,0.11289540826170669
1058,444,1502,0.11291046414408569
1050,444,1494,0.11290912818719119
1052,438,1490,0.11292550268047144
1056,446,1502,0.11293485210425848
1051,445,1496,0.11293500912199156
1061,449,1510,0.11294556129230551
1055,452,1507,0.11293231516073217
1056,445,1501,0.1129349676865836
1062,452,1514,0.11293685399140607
1056,449,1505,0.11292420629423125
1063,448,1511,0.11292702825928312
1063,442,1505,0.11291389287223218
1052,445,1497,0.11290258816121082
1051,448,1499,0.11291739799578451
1037,452,1489,0.11293279868888348
1033,454,1487,0.11297935752734406
1037,451,1488,0.11303272854022786
1031,454,1485,0.11307248630227067
1030,463,1493,0.11312242298438989
1038,464,1502,0.11316993954927224
1038,462,1500,0.11319597766564585
1038,467,1505,0.11322071424254648
1043,463,1506,0.11324416907319466
1040,466,1506,0.11325492333590277
1040,463,1503,0.11327105261669436
1035,454,1489,0.11328598743283985
1047,462,1509,0.11331204839532548
1059,458,1517,0.11330837126228331
1049,459,1508,0.11327640601978022
1041,465,1506,0.11326917286577043
1042,464,1506,0.11328310748003492
1042,469,1511,0.11329381722951598
1040,469,1509,0.11330142395943878
1039,463,1502,0.11331162225658209
1037,456,1493,0.11332398503171767
1038,459,1497,0.11334044255060122
1042,456,1498,0.1133513201623602
1039,453,1492,0.1133532921298703
1032,448,1480,0.1133613247049495
1044,447,1491,0.1133836467733128
1043,452,1495,0.1133770493666066
1051,452,1503,0.11337210912661833
1050,453,1503,0.11334938106973372
1048,457,1505,0.11333059921368159
1043,461,1504,0.11331912409567443
1037,462,1499,0.11332015216861527
1033,460,1493,0.11333486114897262
1042,461,1503,0.1133573308348395
1037,460,1497,0.11335706796197764
1048,461,1509,0.11336894221533841
1044,459,1503,0.11335589050634763
1029,462,1491,0.11335285248339055
1039,465,1504,0.11338413875457648
1038,465,1503,0.11338924448360249
1030,461,1491,0.11339603808278019
1033,457,1490,0.11342023380843433
1041,459,1500,0.11343612927993373
1044,466,1510,0.11343332224611785
1034,468,1502,0.11342374008235839
1038,472,1510,0.1134382590475846
1033,474,1507,0.11344229603971556
1036,479,1515,0.11345797596533426
1043,467,1510,0.11346576594140119
1046,470,1516,0.11345768466905232
1043,474,1517,0.11344373618680144
1044,473,1517,0.11343664866161941
1043,467,1510,0.1134280189522467
1041,475,1516,0.11342303813003768
1041,473,1514,0.11342305333176786
1050,469,1519,0.11342331171048972
1036,477,1513,0.11340274857107581
1044,481,1525,0.11341658297582143
1037,470,1507,0.1134121453694105
1036,473,1509,0.1134236477054501
1033,481,1514,0.11343767360591048
1031,472,1503,0.1134573817978295
1031,465,1496,0.11347857525608512
1020,476,1496,0.11349893273137295
1014,471,1485,0.11354341747370658
1019,469,1488,0.11359907829184493
1029,471,1500,0.11363917773032316
1022,471,1493,0.11365337131112106
1025,478,1503,0.11368245218262707
1020,471,1491,0.1137040799440641
1017,477,1494,0.11373466637550013
1030,473,1503,0.11377052431698076
1030,480,1510,0.11377341827196279
1038,474,1512,0.11377724809692168
1029,475,1504,0.11376288809561061
1033,475,1508,0.11377063417098952
1031,466,1497,0.11376785427913459
1023,479,1502,0.11377008014191635
1020,485,1505,0.11379191092539916
1028,490,1518,0.11381971111065284
1025,481,1506,0.11382799397180453
1029,482,1511,0.11384358559527737
1024,487,1511,0.11385095399477319
1014,490,1504,0.1138673904824165
1015,491,1506,0.11390588011837906
1017,490,1507,0.11393869765075872
1008,491,1499,0.11396403443596849
1014,496,1510,0.11400705999621932
1007,485,1492,0.11403450814311843
1014,487,1501,0.11407545805050931
1014,491,1505,0.11409807930084152
1017,486,1503,0.11411850869005608
1012,484,1496,0.11413015146781731
1008,488,1496,0.11415207100507622
1003,481,1484,0.11418174488861077
1014,483,1497,0.11422101429836314
1007,486,1493,0.11423105910513852
1007,489,1496,0.11425766098708623
1003,496,1499,0.11428333153985377
998,492,1490,0.11431550478166004
1007,495,1502,0.11435729297588462
1008,490,1498,0.114374958906715
1007,486,1493,0.1143883933473218
1007,492,1499,0.11440301099135965
996,490,1486,0.1144160050456605
1003,489,1492,0.11445444621402158
1003,493,1496,0.11447332980251554
1001,490,1491,0.11449149755649078
997,491,1488,0.11451349599611266
1001,490,1491,0.11454186848957953
1001,502,1503,0.11455780591286568
1002,501,1503,0.11457324645663719
1003,501,1504,0.11458746385112051
998,495,1493,0.11459832089408348
1004,495,1499,0.11461921868180848
1003,494,1497,0.11462494454322475
989,505,1494,0.11463330133122679
994,504,1498,0.1146711054159228
1005,496,1501,0.11469535838943948
1000,497,1497,0.11469272575512879
1004,501,1505,0.11470338371542081
1003,506,1509,0.11470388389959503
986,514,1500,0.11470669790490817
981,509,1490,0.11474934138480236
984,517,1501,0.11480075027716376
985,519,1504,0.11484147796949888
974,514,1488,0.1148772836864925
972,523,1495,0.11493561914183335
989,518,1507,0.11499360912946227
989,518,1507,0.1150082363838183
987,514,1501,0.11502164584567921
990,515,1505,0.11503871933672535
978,524,1502,0.11504822473359536
978,526,1504,0.11508603447764734
978,525,1503,0.11511987947740182
978,517,1495,0.1151517166174487
981,521,1502,0.11518017695916116
982,523,1505,0.11519969174076294
975,526,1501,0.11521603328774094
979,527,1506,0.11524753868385247
973,524,1497,0.11526751310176281
979,530,1509,0.1152978611045951
968,531,1499,0.11531201426337034
970,523,1493,0.1153502378446198
968,531,1499,0.11538131267172541
956,540,1496,0.11541603292238463
951,539,1490,0.11547580073232946
955,530,1485,0.11554343047936162
961,538,1499,0.11559565519015984
963,540,1503,0.11563088396419129
961,536,1497,0.11565872621262298
956,533,1489,0.11568931828671435
957,550,1507,0.11572957998104058
950,540,1490,0.11576451911568374
951,536,1487,0.11581281133754347
948,538,1486,0.11585499910430519
956,537,1493,0.11589956717429051
959,545,1504,0.11592065053149113
963,546,1509,0.11593239640178425
964,538,1502,0.11593447505510211
962,534,1496,0.11593484665380079
961,531,1492,0.11594058519713604
961,534,1495,0.11594817019819377
961,537,1498,0.11595526672581943
954,545,1499,0.11596214804813243
946,545,1491,0.11598472764953556
948,553,1501,0.1160252730633558
945,556,1501,0.1160579767200012
940,551,1491,0.11609400038274696
948,554,1502,0.11613848146084664
949,550,1499,0.11616052098268956
932,550,1482,0.11617864556311679
940,554,1494,0.11623589480682098
942,552,1494,0.1162709075119162
933,545,1478,0.11629949319621538
937,541,1478,0.11634622763319136
944,553,1497,0.11638008393138673
939,550,1489,0.11639628953712887
928,562,1490,0.11642347341917532
924,544,1468,0.1164740511227669
929,547,1476,0.11652868779754605
933,558,1491,0.11656701041204755
947,553,1500,0.1165932789907094
949,557,1506,0.11658366432069232
948,551,1499,0.1165711514378558
943,548,1491,0.11656249527747416
937,548,1485,0.11656458715158038
939,551,1490,0.11658052731373053
939,558,1497,0.11659198375372384
934,562,1496,0.11660320814344864
933,562,1495,0.1166260137893853
928,559,1487,0.116649343093755
940,550,1490,0.11668261226637477
934,562,1496,0.11668552122884286
927,556,1483,0.11670250947348539
919,555,1474,0.11673345602848771
932,556,1488,0.11678176905501132
923,560,1483,0.11679708825670763
924,565,1489,0.11683277983237993
930,562,1492,0.1168625826016346
936,566,1502,0.1168758068927783
929,565,1494,0.11687428117525997
932,571,1503,0.1168877979208364
941,573,1514,0.11689353999250617
943,575,1518,0.11687878240689557
939,577,1516,0.11686159684211597
936,579,1515,0.11685704136191775
924,578,1502,0.11686065509827133
912,585,1497,0.11689191640342829
922,590,1512,0.11695090319062328
924,587,1511,0.11698246662016225
916,585,1501,0.11700740359589186
935,589,1524,0.11704954867795866
928,586,1514,0.11704446935845284
927,593,1520,0.11705614526138206
924,588,1512,0.1170690419182603
920,602,1522,0.11708967235658793
916,597,1513,0.11711810815293802
911,597,1508,0.11715362516783107
915,594,1509,0.11719830950856526
923,593,1516,0.11723060785182896
922,602,1524,0.11724140395880284
921,602,1523,0.11725487742226764
915,599,1514,0.11727022098694978
903,601,1504,0.11729776284356666
900,607,1507,0.11735129357034299
901,606,1507,0.11740854184485144
902,606,1508,0.11745898014545038
895,605,1500,0.11750432655379965
907,613,1520,0.11756309705889062
897,607,1504,0.11758885396538446
894,613,1507,0.11763616609788534
882,610,1492,0.11768742271681973
891,608,1499,0.11776274107453481
887,607,1494,0.1178102798184893
882,607,1489,0.11786292786855157
887,605,1492,0.11792245967622168
892,608,1500,0.11796469603549443
892,609,1501,0.11799158962869395
894,606,1500,0.1180158922700064
888,611,1499,0.11803489483119538
884,615,1499,0.11806592929156348
873,614,1487,0.11810372714333393
879,616,1495,0.11816390944436145
881,619,1500,0.11820541832603187
884,622,1506,0.11823767145359575
889,622,1511,0.11826046164547194
891,625,1516,0.11826974524510464
891,628,1519,0.11827342225209009
885,629,1514,0.11827770006002886
878,626,1504,0.11829425007707783
882,625,1507,0.11832524011109602
890,625,1515,0.11834565813686342
890,624,1514,0.11834579886125382
888,627,1515,0.11834512570756398
884,629,1513,0.11835010042503376
893,637,1530,0.11836416272069628
892,634,1526,0.11835743787979905
899,631,1530,0.11835451398997637
890,628,1518,0.11833580218283667
884,630,1514,0.11833932854850633
882,625,1507,0.11835634730254366
883,626,1509,0.11837626997724154
876,634,1510,0.11839258085542335
873,630,1503,0.11842486576487894
872,633,1505,0.11846079640911654
863,639,1502,0.11849624364027952
857,639,1496,0.1185515115291541
860,647,1507,0.11861689078019427
865,652,1517,0.11867014383775276
860,651,1511,0.11870727035222675
856,643,1499,0.11875225728415963
867,637,1504,0.11880310729364935
866,633,1499,0.11882402364063202
859,636,1495,0.1188443794877747
848,631,1479,0.11887950495659405
854,633,1487,0.11893831971778965
858,628,1486,0.118977330836628
861,635,1496,0.11900277068978428
857,641,1498,0.11901853959210129
863,642,1505,0.1190421122652657
858,640,1498,0.11905036752718122
850,639,1489,0.11907071481356103
850,635,1485,0.11911006024023311
846,627,1473,0.11914486907334149
843,639,1482,0.11918716396770959
848,642,1490,0.11923397366627349
855,646,1501,0.11926491939200778
851,650,1501,0.11927696043174542
861,648,1509,0.11929736592823525
859,637,1496,0.11929268134711805
854,638,1492,0.1192933942578502
858,644,1502,0.11930484737139667
858,649,1507,0.11930602659760005
863,653,1516,0.11930733452117095
865,660,1525,0.11929682851710682
861,654,1515,0.1192818898808717
856,656,1512,0.11927647472957087
856,664,1520,0.11928484620464863
839,657,1496,0.11929079079870337
834,670,1504,0.1193374024423576
834,662,1496,0.11939263589439189
829,668,1497,0.11944412028524766
824,658,1482,0.11950256940936416
831,661,1492,0.1195685132123575
832,665,1497,0.1196126894725813
831,669,1500,0.11965202056490608
825,665,1490,0.11969055261095665
825,670,1495,0.11973921301489174
830,674,1504,0.11978367486066549
831,674,1505,0.11981345330417813
826,667,1493,0.11983862058936941
827,675,1502,0.11987423436539896
822,678,1500,0.11990475247003282
824,686,1510,0.11994492093889442
821,685,1506,0.11997590416213214
831,687,1518,0.12001102908445752
829,683,1512,0.1200192905364138
820,684,1504,0.12003313151852052
825,686,1511,0.12006783066844051
819,679,1498,0.120088429000554
832,678,1510,0.12012138902603173
827,681,1508,0.12011978852062395
827,683,1510,0.12013072201272791
825,684,1509,0.12014274631533528
826,684,1510,0.12015859407199234
814,681,1495,0.12017119793499059
817,687,1504,0.12021218501363204
818,697,1515,0.12024391767291995
818,700,1518,0.12026969961711532
820,698,1518,0.12029381385502216
811,701,1512,0.12031102235037797
807,696,1503,0.12034868461342567
806,700,1506,0.12039384903756385
801,710,1511,0.12043645108956377
804,714,1518,0.12048842425715528
803,714,1517,0.12053032521628478
798,712,1510,0.12057205993026017
794,712,1506,0.12062087804930201
796,707,1503,0.12067575167638477
796,723,1519,0.12072199162735081
794,727,1521,0.12076749300864005
790,708,1498,0.12081414154277886
797,708,1505,0.12086848475490485
794,703,1497,0.12089918982634447
792,705,1497,0.12093418229637834
789,704,1493,0.12097116816046925
787,701,1488,0.12101323352980728
782,693,1475,0.12105696395161795
778,700,1478,0.1211091946116262
790,702,1492,0.1211680357000567
788,714,1502,0.12119306544590096
786,712,1498,0.12122125969511195
794,718,1512,0.12125323865788781
793,717,1510,0.12126313427404031
791,717,1508,0.12127470489990913
792,708,1500,0.12128936163345777
797,700,1497,0.12130111306129504
795,705,1500,0.12129932608248607
790,709,1499,0.12130317530220794
795,716,1511,0.12131884880992327
789,722,1511,0.12132148889928614
784,713,1497,0.12133871606411199
784,712,1496,0.12136663529437948
781,715,1496,0.12139170057647407
785,717,1502,0.12142285824405487
789,721,1510,0.12144232851190921
779,721,1500,0.12144934750586939
778,724,1502,0.12148064215997972
774,724,1498,0.12151246573829674
780,720,1500,0.12155223507416155
781,717,1498,0.12157525673042813
774,714,1488,0.12159455826844827
767,722,1489,0.12162888363605454
765,723,1488,0.1216779637698141
772,719,1491,0.12172773329796581
777,720,1497,0.12175719267690052
776,710,1486,0.12176973178762802
782,717,1499,0.12178463495744425
783,710,1493,0.12178421244102815
771,726,1497,0.12178141815207237
777,724,1501,0.12180736501924727
771,716,1487,0.1218152215444896
765,714,1479,0.12183804888209171
772,716,1488,0.12187298401356174
778,714,1492,0.1218884966268594
780,712,1492,0.12188647638530452
786,709,1495,0.12187970670504589
790,716,1506,0.12186036368968522
786,717,1503,0.12183271348451101
767,723,1490,0.12181852603924001
762,731,1493,0.12185045844023897
770,736,1506,0.12189235975310542
768,738,1506,0.12191088718934799
759,746,1505,0.12193318299012285
771,743,1514,0.12197583724113645
775,741,1516,0.121985543984248
765,734,1499,0.12198537232171755
774,733,1507,0.12200978389637501
765,742,1507,0.12201110821739906
767,744,1511,0.12203479351648841
763,737,1500,0.1220516719260452
757,747,1504,0.12207827569132973
756,757,1513,0.12211820667848844
756,757,1513,0.12215677348011193
748,759,1507,0.12219165534117327
746,763,1509,0.12224311306876466
745,756,1501,0.12229628301884833
734,753,1487,0.12234890754719817
731,756,1487,0.12242481310452634
732,765,1497,0.12250105761598479
738,773,1511,0.12256901249580227
743,775,1518,0.1226183121260408
739,766,1505,0.12265135941009767
744,768,1512,0.1226917751915269
743,774,1517,0.1227163246764001
733,759,1492,0.12274227904287467
745,762,1507,0.12279074816527258
741,768,1509,0.12280563124127593
756,769,1525,0.122830244198149
752,781,1533,0.1228154906812687
747,778,1525,0.12281151655533033
741,779,1520,0.12281844569430941
730,779,1509,0.12284032384862843
731,774,1505,0.12289005691976755
729,778,1507,0.1229321977909651
724,787,1511,0.12297672191393427
710,790,1500,0.12302957892583699
702,785,1487,0.12311274394725694
713,790,1503,0.12320988047382184
717,791,1508,0.12327345486521622
717,794,1511,0.12332301320556922
724,799,1523,0.12336965438376932
718,796,1514,0.12339607491947044
716,795,1511,0.1234359104756784
714,794,1508,0.12347771774448983
716,799,1515,0.12352135702470193
709,796,1505,0.1235577910795843
712,796,1508,0.12360943914123379
714,800,1514,0.12364899657440191
707,797,1504,0.12368111678334906
704,802,1506,0.1237285490760362
696,801,1497,0.12377983105431822
691,822,1513,0.12384528271131366
687,815,1502,0.12391774707317951
686,814,1500,0.12399418674418523
682,809,1491,0.12406775384396608
690,814,1504,0.12414589232052659
687,818,1505,0.12419789312142608
681,808,1489,0.12425367610735462
672,822,1494,0.12431995343015399
675,832,1507,0.12440214432045327
684,832,1516,0.1244700202083262
688,822,1510,0.12451059528347017
687,825,1512,0.12453873368072536
678,818,1496,0.12456697312358864
673,826,1499,0.12461518473133644
681,830,1511,0.12467252330291279
676,836,1512,0.12470509143087469
676,836,1512,0.12474766319671644
683,843,1526,0.12478730083946163
684,843,1527,0.12480685119233989
675,840,1515,0.12482267180168759
680,844,1524,0.12486014619703945
673,855,1528,0.12488212693082275
667,848,1515,0.12492029876789626
665,839,1504,0.12497103493451948
666,835,1501,0.12502298815438195
665,841,1506,0.1250684570187279
662,854,1516,0.1251142794611947
657,850,1507,0.1251639235600298
652,853,1505,0.12522338903597194
652,850,1502,0.12529137783349373
658,860,1518,0.12535344581731056
650,845,1495,0.12539591904700567
647,850,1497,0.12545652946100228
643,856,1499,0.1255200274262954
635,866,1501,0.12558919919865016
645,861,1506,0.12567371867171406
644,858,1502,0.12572701450831622
633,861,1494,0.12577909050521058
635,868,1503,0.125853814772213
629,870,1499,0.12591790555257648
630,878,1508,0.1259935310941932
633,885,1518,0.12606138261947006
634,894,1528,0.12611751403986507
634,896,1530,0.1261667668181112
627,890,1517,0.1262128505254832
627,891,1518,0.1262745877813608
625,894,1519,0.12633202747718048
625,890,1515,0.12638941995965883
607,874,1481,0.12644296203902947
611,878,1489,0.1265377743394987
609,877,1486,0.1266147634216833
609,885,1494,0.1266907267704014
606,896,1502,0.12676112469668568
619,892,1511,0.12683463333763453
618,893,1511,0.12686931856144487
614,890,1504,0.12690396397873768
618,893,1511,0.126946267384018
613,899,1512,0.12697527511110546
614,898,1512,0.12701514849506737
615,892,1507,0.12704993174618798
618,900,1518,0.12708013710059635
614,905,1519,0.12710111614850003
609,902,1511,0.12713145272703769
612,910,1522,0.12717171733670304
608,904,1512,0.12720146590813686
607,907,1514,0.12723969097385987
604,907,1511,0.1272777523557192
606,897,1503,0.12732030075913672
605,911,1516,0.12735468612182285
609,899,1508,0.12738775603654517
609,902,1511,0.12740885239033728
608,901,1509,0.12742714916363113
602,907,1509,0.12744725381351232
595,917,1512,0.12748173596223078
588,914,1502,0.12753158769873393
592,932,1524,0.1275958060351869
591,926,1517,0.1276453116507269
594,926,1520,0.12769434904336519
584,926,1510,0.1277316789795835
582,924,1506,0.12779158883882005
574,926,1500,0.12785295574183114
576,924,1500,0.12793088911030567
576,923,1499,0.12799796028294072
573,934,1507,0.1280597610406221
570,934,1504,0.128125268660945
572,942,1514,0.12819399036838505
571,932,1503,0.1282520326208322
577,932,1509,0.12830874291913197
581,931,1512,0.12834524068531342
575,930,1505,0.1283699021397322
574,938,1512,0.12840854833406953
572,939,1511,0.1284467535325427
575,942,1517,0.12848759311700148
574,932,1506,0.12851781204501747
576,936,1512,0.12854859444692743
572,936,1508,0.12857167821758061
568,935,1503,0.12860422179576622
563,934,1497,0.1286442663058176
562,939,1501,0.1286955618344791
562,938,1500,0.12874552937433584
561,944,1505,0.12879190990811837
564,938,1502,0.1288379291142476
558,954,1512,0.12887307097543912
564,951,1515,0.12892113829435903
562,960,1522,0.12895107078265902
559,958,1517,0.12898238927818395
556,952,1508,0.12901892307196924
552,944,1496,0.12906103850780526
556,951,1507,0.12910967528898637
562,955,1517,0.1291442813131277
557,957,1514,0.12916040804222204
555,957,1512,0.1291883344902291
559,952,1511,0.12921971166963056
558,948,1506,0.1292378263099336
547,950,1497,0.1292569634258763
546,951,1497,0.12930437031641165
549,947,1496,0.1293508534294922
554,947,1501,0.12938672554504177
553,959,1512,0.12940700033107727
560,964,1524,0.12942838458840455
564,967,1531,0.1294300268014924
555,968,1523,0.12942085480472942
556,971,1527,0.12943518647770208
558,976,1534,0.12944575904761219
548,975,1523,0.129451187798063
542,970,1512,0.12948271630411154
539,967,1506,0.12952801357954846
539,971,1510,0.1295783233297606
542,969,1511,0.12962560909749332
542,967,1509,0.12966200229110114
539,972,1511,0.12969661920713857
532,965,1497,0.1297382290068544
540,976,1516,0.12979510792096913
531,981,1512,0.129827375311499
530,987,1517,0.12988068266535438
520,995,1515,0.12993392272070084
522,993,1515,0.13000889189046438
520,989,1509,0.13007299309045833
514,988,1502,0.1301382093396206
511,987,1498,0.13021527144064532
515,983,1498,0.13029478095157393
514,1001,1515,0.1303571068803188
514,1005,1519,0.13041731462373643
516,993,1509,0.13047270732060207
516,982,1498,0.13051954227403975
522,980,1502,0.13056414358639082
529,970,1499,0.1305891426252699
522,968,1490,0.13059301046532887
514,976,1490,0.13061497304893857
518,982,1500,0.13065698739130524
523,978,1501,0.1306840574993397
523,983,1506,0.1306947248630123
529,990,1519,0.13070462137246555
522,979,1501,0.1306982292407984
515,982,1497,0.13071135109121315
509,979,1488,0.1307420613176607
490,981,1471,0.13078712835605016
489,996,1485,0.13087818026251433
491,1001,1492,0.13096558171421513
483,1014,1497,0.13104275835177667
487,1017,1504,0.13113673884565089
485,1021,1506,0.13121345043051144
481,1035,1516,0.13129008180027563
482,1031,1513,0.13137290327682807
480,1033,1513,0.1314472823258174
479,1035,1514,0.13152178876307086
468,1036,1504,0.1315935697198354
467,1044,1511,0.13169027179086282
471,1043,1514,0.13178218042359027
469,1046,1515,0.13185690211352133
463,1056,1519,0.13193150621368377
463,1060,1523,0.13201743952193032
469,1055,1524,0.13209812976830324
478,1050,1528,0.1321575350923659
478,1056,1534,0.1321899530471652
464,1057,1521,0.13222022822302334
461,1049,1510,0.13228633200357773
453,1055,1508,0.13235597600177842
455,1058,1513,0.13244226185603622
452,1064,1516,0.13251759403701535
448,1056,1504,0.1325964533910909
460,1045,1505,0.13268082990300178
462,1054,1516,0.1327274564068796
452,1050,1502,0.13276664192975654
454,1055,1509,0.13282967067845022
459,1076,1535,0.13288283735858666
451,1075,1526,0.13291856249040193
453,1074,1527,0.13297405135462292
449,1063,1512,0.13302000741553427
447,1075,1522,0.13307365039503724
445,1078,1523,0.1331287456492698
442,1082,1524,0.13318553566473615
436,1071,1507,0.1332464210232515
437,1074,1511,0.13331920505332773
446,1076,1522,0.13338470254301815
441,1067,1508,0.13342192551206325
441,1064,1505,0.13346987371784585
437,1060,1497,0.13351336108178694
435,1065,1500,0.13356511824929942
436,1074,1510,0.1336192343778813
437,1078,1515,0.1336673937473527
435,1074,1509,0.13370984724322446
435,1075,1510,0.13375485627352796
436,1066,1502,0.13379721572351858
440,1062,1502,0.13383408472643904
445,1064,1509,0.13385742571738107
437,1059,1496,0.1338659688427844
428,1071,1499,0.1338936024382569
427,1072,1499,0.13394360019433385
430,1073,1503,0.1339933404057961
426,1075,1501,0.13403198384204776
428,1080,1508,0.1340793268144428
423,1079,1502,0.13411863788104114
423,1089,1512,0.13416893001403213
426,1078,1504,0.13421486028460156
434,1086,1520,0.1342499783683173
433,1096,1529,0.13426190653363854
432,1106,1538,0.134276233200677
422,1101,1523,0.13429292351935856
419,1105,1524,0.1343345635826977
416,1100,1516,0.13438159892784285
415,1107,1522,0.1344335354017738
416,1106,1522,0.13448473810408032
418,1100,1518,0.13453117760509326
419,1100,1519,0.13456860596554648
418,1097,1515,0.13460096370937774
412,1091,1503,0.1346332828842684
407,1088,1495,0.13467997506932247
416,1095,1511,0.13473623615036773
409,1095,1504,0.13476425905273032
406,1103,1509,0.13480867384278622
405,1102,1507,0.13485919510274516
408,1098,1506,0.1349087947434426
412,1102,1514,0.13494797529921468
412,1106,1518,0.13497353130912731
407,1107,1514,0.13499735043039807
410,1109,1519,0.13503414757360652
409,1107,1516,0.1350599274952295
407,1098,1505,0.1350877487682682
403,1116,1519,0.1351187731559792
399,1114,1513,0.13515834473516505
407,1116,1523,0.13520600654238726
407,1112,1519,0.13522839713942145
406,1121,1527,0.13524940197049154
403,1128,1531,0.13527182193572038
398,1111,1509,0.1352998549392304
399,1121,1520,0.13533991784364424
393,1123,1516,0.13537368034257669
400,1130,1530,0.1354220431790312
402,1130,1532,0.13544866935459213
396,1140,1536,0.13546846612036573
391,1134,1525,0.13550389151494815
390,1134,1524,0.1355510246819169
392,1135,1527,0.1355980606213212
389,1124,1513,0.1356363457191384
394,1128,1522,0.13567907484182634
389,1113,1502,0.1357052042897579
385,1122,1507,0.13574362533503442
383,1127,1510,0.13578970248462646
386,1123,1509,0.135838731566516
389,1127,1516,0.13587711287517895
387,1132,1519,0.13590401825433643
386,1121,1507,0.13593464909434616
378,1125,1503,0.13596732136042003
376,1125,1501,0.13601898867358206
375,1134,1509,0.1360718676631898
374,1130,1504,0.13612593428487874
373,1139,1512,0.1361794202852452
372,1140,1512,0.1362316274558071
378,1144,1522,0.13628175206508286
374,1150,1524,0.13631121216847075
373,1154,1527,0.1363492520163082
371,1147,1518,0.13638822753498445
371,1153,1524,0.1364297017012407
366,1158,1524,0.13646840578583497
368,1144,1512,0.13651813670233726
366,1146,1512,0.13656001519109606
368,1149,1517,0.13660407215506504
369,1150,1519,0.13663939039793857
369,1158,1527,0.13667020049182452
367,1158,1525,0.13669902335689804
360,1163,1523,0.13673122534043514
357,1159,1516,0.1367801393397747
361,1175,1536,0.13683315533258003
360,1160,1520,0.13687162932314972
359,1159,1518,0.13691042219544652
359,1163,1522,0.1369497396174129
353,1162,1515,0.13698689950525014
353,1156,1509,0.13703758137941535
350,1157,1507,0.13708491853800708
348,1160,1508,0.13713622850253324
346,1171,1517,0.13718961600743568
344,1164,1508,0.13724494655470373
342,1165,1507,0.13730243641717746
347,1168,1515,0.1373614005828349
348,1163,1511,0.13740313533361234
350,1162,1512,0.1374400174560232
348,1164,1512,0.13746915651191596
343,1150,1493,0.13750217489305552
347,1153,1500,0.13754716857889698
348,1147,1495,0.13757820754353464
349,1155,1504,0.1376041444418288
338,1156,1494,0.13762562218970958
345,1156,1501,0.13767624899135994
343,1165,1508,0.13770364451447573
342,1171,1513,0.1377342777149174
341,1167,1508,0.1377652033613263
334,1184,1518,0.13779712875589975
330,1178,1508,0.13784648851375858
330,1187,1517,0.13790325693860392
327,1181,1508,0.1379556059153375
331,1185,1516,0.13801334987694813
328,1172,1500,0.13805566459409205
329,1180,1509,0.13810386127700666
326,1197,1523,0.13814555191326236
320,1188,1508,0.1381930199211529
319,1185,1504,0.1382540036991854
311,1177,1488,0.13831284779711905
314,1183,1497,0.13839001784346255
316,1193,1509,0.13845354714589717
315,1197,1512,0.13850674485923986
313,1194,1507,0.13855904826796
315,1188,1503,0.13861405820393136
309,1186,1495,0.13865950378736866
312,1200,1512,0.1387186242194928
312,1200,1512,0.1387665244454552
312,1194,1506,0.13881081484519914
315,1198,1513,0.13885162450318395
315,1204,1519,0.13888090374134163
315,1209,1524,0.1389079749099715
313,1206,1519,0.1389323313089521
305,1205,1510,0.13896076391963613
310,1218,1528,0.13901030617861398
310,1221,1531,0.139042850440312
311,1221,1532,0.13907320959595207
311,1209,1520,0.13909951207788404
311,1214,1525,0.13912454407126568
309,1226,1535,0.13914773837864014
301,1223,1524,0.13917430701009012
294,1222,1516,0.13922101898450298
297,1226,1523,0.13928360440037435
300,1219,1519,0.13933340312313333
301,1214,1515,0.1393719107216621
301,1217,1518,0.13940570883087045
302,1222,1524,0.13943767695268697
302,1213,1515,0.1394639726935938
298,1223,1521,0.13948869110430487
291,1227,1518,0.13952266664220273
294,1216,1510,0.13957467454681113
291,1225,1516,0.13961393542570297
290,1221,1511,0.13965914800055082
281,1218,1499,0.13970342521293108
286,1219,1505,0.1397695016840337
289,1225,1514,0.13981723600839174
285,1221,1506,0.13985423215628268
278,1222,1500,0.13990022787913406
275,1237,1512,0.1399632557682078
275,1238,1513,0.14003201253613176
274,1241,1515,0.14009695671740208
272,1257,1529,0.14016164532704223
274,1246,1520,0.14022820761432434
272,1244,1516,0.1402850395875133
272,1244,1516,0.14034388646129528
270,1252,1522,0.14039907554394188
277,1242,1519,0.14045625785413426
269,1242,1511,0.14049096239746256
268,1241,1509,0.1405458405797268
264,1244,1508,0.14059980477787587
257,1243,1500,0.14066094881681682
260,1244,1504,0.1407373456316421
257,1252,1509,0.14080103725498166
258,1251,1509,0.14086915004184317
265,1231,1496,0.1409297210101216
264,1249,1513,0.1409663353594893
265,1255,1520,0.14100346664225988
261,1246,1507,0.14103486479631663
262,1252,1514,0.14107564248699997
259,1245,1504,0.1411104938397769
263,1247,1510,0.14115117320564796
265,1257,1522,0.141178204390879
263,1257,1520,0.1411983003701944
261,1253,1514,0.14122216475633878
265,1246,1511,0.14124985947920923
260,1240,1500,0.14126390343154407
260,1241,1501,0.14129197504161406
263,1253,1516,0.14131859120004264
257,1243,1500,0.14133458927530815
256,1243,1499,0.14136784201061037
252,1251,1503,0.1414009467980675
253,1251,1504,0.1414432084407031
255,1256,1511,0.14147960918524582
246,1255,1501,0.14150871638774135
247,1265,1512,0.1415609619874025
249,1264,1513,0.14160751046624145
250,1259,1509,0.1416450387096271
249,1269,1518,0.14167713825169131
252,1265,1517,0.14171011296926117
259,1269,1528,0.14173264183213835
261,1253,1514,0.14173360653086564
254,1255,1509,0.14172836445783354
254,1256,1510,0.14174318858824184
257,1266,1523,0.14175743349642847
253,1259,1512,0.14176240218869768
247,1260,1507,0.1417786000513453
247,1261,1508,0.14181086779542787
240,1256,1496,0.14184111053314044
244,1267,1511,0.14188894142474498
244,1265,1509,0.14192188418100266
244,1270,1514,0.14195358750790504
241,1268,1509,0.14198265140737618
241,1283,1524,0.14201799459194275
236,1283,1519,0.1420507902517553
232,1282,1514,0.1420962153080224
227,1289,1516,0.1421500231056931
228,1283,1511,0.14221417153812382
233,1279,1512,0.14227175292083322
223,1283,1506,0.14231051687257795
223,1281,1504,0.142375705249013
222,1285,1507,0.1424359092591666
219,1298,1517,0.14249482566426755
225,1278,1503,0.14255859620292224
227,1290,1517,0.1426004804277948
224,1291,1515,0.14263339924566304
223,1289,1512,0.14267229049455246
223,1271,1494,0.14271224830500695
227,1268,1495,0.1427501990898598
228,1289,1517,0.14277324061661278
229,1285,1514,0.14279269397351488
225,1295,1520,0.14280824932402753
223,1290,1513,0.14283413077872378
223,1296,1519,0.14286364326029288
219,1308,1527,0.1428906297098619
216,1312,1528,0.142927248657664
218,1300,1518,0.14296985019123848
219,1295,1514,0.14300475801932402
219,1275,1494,0.1430348997180082
216,1293,1509,0.14306281921900565
217,1297,1514,0.14309816946695247
216,1301,1517,0.14312818689371581
220,1301,1521,0.14315875332770164
217,1301,1518,0.14317553592035678
219,1304,1523,0.14319966552585747
217,1290,1507,0.14321624616363643
213,1304,1517,0.1432377783517558
216,1304,1520,0.14326923737325573
221,1297,1518,0.1432893423394445
220,1290,1510,0.14329363498199618
224,1284,1508,0.14330068406555874
226,1283,1509,0.14329610751752245
231,1274,1505,0.14328659801086363
232,1279,1511,0.14326349100341748
234,1281,1515,0.14323931924870217
231,1273,1504,0.14321050318353123
228,1280,1508,0.14319251528611138
230,1292,1522,0.14318484516944271
230,1299,1529,0.14317194031655636
234,1291,1525,0.14315968640484658
229,1286,1515,0.14313694757370476
230,1270,1500,0.1431304645044519
224,1264,1488,0.14312198101263657
228,1278,1506,0.1431313613252396
230,1274,1504,0.1431291788396898
228,1273,1501,0.14312113476595062
226,1285,1511,0.14311875601365642
230,1286,1516,0.14312245805080376
227,1274,1501,0.1431148813538055
222,1282,1504,0.1431172735338567
217,1283,1500,0.14313332882510335
220,1282,1502,0.14316301326055356
220,1295,1515,0.1431820660429662
215,1291,1506,0.14319988595745953
213,1294,1507,0.14323134749367838
216,1304,1520,0.14326612922148885
218,1308,1526,0.14329069499877245
217,1317,1534,0.14330841310905262
212,1310,1522,0.14332804676710664
213,1307,1520,0.14336066817949003
212,1304,1516,0.14338769547450694
205,1296,1501,0.14341658662820472
208,1288,1496,0.1434636375295665
202,1299,1501,0.1434990553081392
205,1294,1499,0.1435499094696132
207,1282,1489,0.14358853041893635
204,1294,1498,0.14361832562535887
204,1302,1506,0.1436555135237897
200,1314,1514,0.14369103536208638
200,1311,1511,0.14373583466712395
204,1303,1507,0.14377700968604523
201,1293,1494,0.14380381582305793
205,1311,1516,0.14383768428121735
208,1313,1521,0.1438583433498352
206,1319,1525,0.14386905153979826
204,1313,1517,0.14388506039021903
202,1313,1515,0.14390619573147417
202,1308,1510,0.1439315553706856
200,1312,1512,0.1439547847878665
196,1309,1505,0.14398207903827612
192,1312,1504,0.14401910427097575
194,1317,1511,0.14406488931942935
188,1319,1507,0.14410215793664544
190,1317,1507,0.14415440453726674
191,1315,1506,0.14419774422688167
192,1314,1506,0.14423580328988891
189,1332,1521,0.1442681798862547
184,1337,1521,0.14430689634860805
183,1335,1518,0.14435793207054748
182,1337,1519,0.14440766341487726
184,1329,1513,0.14445646005415372
182,1309,1491,0.14449603209307274
181,1317,1498,0.144539184783478
181,1318,1499,0.1445828006920426
181,1325,1506,0.14462398262796972
182,1321,1503,0.1446626087124355
179,1328,1507,0.1446965645943358
181,1325,1506,0.1447369115068253
180,1316,1496,0.14476933219809307
180,1322,1502,0.14480289148275685
181,1324,1505,0.1448340506653997
178,1323,1501,0.14486020820202813
177,1323,1500,0.14489372660097735
177,1321,1498,0.14492775857978474
184,1326,1510,0.14495938078862894
182,1327,1509,0.14496858961900827
182,1331,1513,0.14498362501666673
185,1328,1513,0.14499780485815802
187,1326,1513,0.14500285417669864
186,1334,1520,0.14500149841498544
187,1326,1513,0.14500309989303858
187,1326,1513,0.14500178235999306
183,1323,1506,0.14500045873876288
186,1328,1514,0.14501081072810143
186,1342,1528,0.14501194334261838
182,1336,1518,0.14501310561172984
180,1331,1511,0.1450258125722868
178,1340,1518,0.14504328086234847
175,1330,1505,0.14506522904353816
174,1341,1515,0.14509406901303548
177,1328,1505,0.14512338096052604
176,1332,1508,0.14514191357062306
176,1339,1515,0.14516216863999973
171,1339,1510,0.1451807828264534
171,1341,1512,0.1452125315758603
171,1328,1499,0.14524221997783
176,1327,1503,0.1452700773759912
176,1329,1505,0.1452810617117179
174,1329,1503,0.14529157631411885
177,1346,1523,0.14530760517350372
177,1348,1525,0.14531411152756185
174,1345,1519,0.1453206579900414
171,1352,1523,0.14533563256312756
166,1352,1518,0.1453586780301648
169,1339,1508,0.14539474842373384
173,1327,1500,0.14541932462427126
168,1337,1505,0.14543093286397976
167,1348,1515,0.14545671188411124
157,1357,1514,0.14548321669481612
162,1362,1524,0.14553735924206151
166,1350,1516,0.14557327645346227
166,1353,1519,0.14559492608553573
163,1358,1521,0.145615178900652
161,1356,1517,0.14564288437355563
159,1360,1519,0.14567473166071898
154,1353,1507,0.14571013474374525
156,1353,1509,0.14575763929580124
158,1359,1517,0.1457956906400654
157,1358,1515,0.14582531192868156
155,1360,1515,0.1458563861144587
156,1368,1524,0.1458909734891316
151,1358,1509,0.14591965678878738
150,1345,1495,0.14596158787443195
152,1347,1499,0.14600420438551093
147,1356,1503,0.1460374965193824
147,1366,1513,0.14608359398131954
144,1368,1512,0.14612702023607496
142,1368,1510,0.14617724073780777
143,1370,1513,0.14623007838208388
143,1378,1521,0.1462764681771797
142,1386,1528,0.14632006905711695
141,1387,1528,0.1463641485011323
142,1372,1514,0.1464085361630711
141,1369,1510,0.14644732530062973
140,1367,1507,0.14648641689958128
138,1358,1496,0.1465258471091076
135,1382,1517,0.14656843218990537
135,1369,1504,0.146617267605892
130,1376,1506,0.14666248456978676
127,1388,1515,0.1467202076615749
128,1377,1505,0.1467829466019024
128,1364,1492,0.1468386560906293
129,1374,1503,0.14689115956612261
128,1369,1497,0.146937497885738
132,1377,1509,0.14698355120236944
135,1385,1520,0.14701555942931965
130,1384,1514,0.14703693612106158
127,1398,1525,0.14707159793241678
127,1396,1523,0.14711337654754417
124,1410,1534,0.14715261107898836
124,1406,1530,0.14719864536764915
124,1406,1530,0.14724181448337673
120,1396,1516,0.14728203169076143
120,1398,1518,0.1473310824774823
121,1418,1539,0.14737674553381513
123,1397,1520,0.14741679000694963
122,1389,1511,0.14744864750998937
123,1381,1504,0.14748194214487104
123,1383,1506,0.14751006635832323
122,1371,1493,0.147536574320379
121,1378,1499,0.1475645766807522
121,1385,1506,0.14759346236415666
123,1393,1516,0.14762058790028634
124,1395,1519,0.14763998915420334
127,1392,1519,0.1476556933102806
127,1400,1527,0.14766190051093997
124,1398,1522,0.14766803032476009
122,1408,1530,0.14768307175507947
117,1408,1525,0.14770343791500637
122,1402,1524,0.14773745762730311
121,1393,1514,0.14775437229824034
123,1374,1497,0.14777343452465647
122,1367,1489,0.1477852987389406
123,1383,1506,0.14779933773916107
123,1382,1505,0.14780989609475395
121,1392,1513,0.14781992477207667
121,1391,1512,0.14783517807993968
117,1391,1508,0.14784930723376685
117,1388,1505,0.1478744435047182
116,1394,1510,0.14789812142160025
114,1394,1508,0.14792299505567094
111,1403,1514,0.14795317733603183
111,1408,1519,0.1479903498578002
109,1414,1523,0.14802505151336687
110,1401,1511,0.14806328459484674
109,1398,1507,0.14809617933523966
110,1409,1519,0.14812991276220042
108,1405,1513,0.1481581251002398
105,1402,1507,0.1481911577301074
103,1393,1496,0.1482312890689923
108,1398,1506,0.14827511534310348
107,1406,1513,0.14830047344707029
102,1406,1508,0.1483268122703756
105,1428,1533,0.1483663143373235
107,1414,1521,0.1483942659401557
106,1420,1526,0.14841462354184257
108,1420,1528,0.14843691837396028
108,1416,1524,0.14845208702887436
103,1425,1528,0.14846656214013398
101,1408,1509,0.1484956734185329
98,1405,1503,0.14852896788985867
101,1413,1514,0.1485692357915043
103,1421,1524,0.14859793828317375
103,1405,1508,0.14861872701496956
104,1404,1508,0.14863814262751993
102,1411,1513,0.1486533525987303
102,1418,1520,0.1486738261755789
101,1414,1515,0.14869307435049797
99,1414,1513,0.14871421525119868
95,1425,1520,0.1487403981979831
100,1425,1525,0.14877691149313252
98,1416,1514,0.14879576356399168
94,1413,1507,0.14881960921029458
93,1414,1507,0.1488541156036128
90,1420,1510,0.14888952039785905
91,1441,1532,0.14893163128703574
88,1431,1519,0.1489678946878961
89,1413,1502,0.14901067030332885
91,1422,1513,0.14904785826548225
92,1431,1523,0.14907666890469146
90,1432,1522,0.14910045863555438
88,1433,1521,0.1491288330190573
86,1427,1513,0.1491616656621532
87,1421,1508,0.1491986832953161
83,1429,1512,0.14923015387046054
83,1432,1515,0.14927127061546516
84,1446,1530,0.14931002817637795
84,1435,1519,0.1493432778863671
87,1431,1518,0.14937463003380957
86,1425,1511,0.1493950281703864
84,1422,1506,0.14941738593797196
82,1418,1500,0.14944482166524853
84,1419,1503,0.14947686281033928
84,1430,1514,0.14950101196500884
79,1436,1515,0.14952340537660194
75,1438,1513,0.14955991402528795
75,1437,1512,0.14960606215312147
77,1446,1523,0.14964908471779848
80,1434,1514,0.14968354194088732
80,1427,1507,0.14970669973160514
77,1410,1487,0.14972872539393503
78,1412,1490,0.14975861415965128
78,1420,1498,0.14978383689472738
74,1428,1502,0.1498075189761657
74,1444,1518,0.1498422509837949
77,1442,1519,0.14987476455979437
75,1444,1519,0.14989621989719448
76,1429,1505,0.14992269246956214
75,1437,1512,0.1499445308698034
72,1444,1516,0.14996811840218238
74,1439,1513,0.1499994474080107
72,1441,1513,0.15002269974505472
75,1439,1514,0.15005070892265027
78,1441,1519,0.1500674971294518
79,1447,1526,0.15007408650454448
77,1448,1525,0.15007740188828286
76,1456,1532,0.15008691403921406
76,1471,1547,0.150099193551457
75,1452,1527,0.15011068899477023
74,1444,1518,0.1501243386841755
73,1449,1522,0.15013994484080503
73,1448,1521,0.15015760113770438
74,1448,1522,0.150174102224599
76,1456,1532,0.15018652961809167
74,1445,1519,0.1501922342778655
73,1448,1521,0.15020365734784888
72,1453,1525,0.150217514929074
73,1443,1516,0.15023361277880437
71,1454,1525,0.15024552798438
71,1465,1536,0.1502629236280202
68,1459,1527,0.15027915819745785
66,1454,1520,0.1503034329078515
67,1457,1524,0.15033203462062533
62,1450,1512,0.15035574401433213
61,1454,1515,0.1503932255468452
61,1457,1518,0.15043128514082704
65,1463,1528,0.15046678291292703
66,1467,1533,0.1504877030342875
66,1457,1523,0.1505043209948402
68,1450,1518,0.15051996140632573
66,1450,1516,0.15052868387275634
67,1449,1516,0.15054292159400265
68,1443,1511,0.15055317064712964
68,1445,1513,0.15055968566151953
66,1446,1512,0.1505655845717312
69,1443,1512,0.15057712392434927
70,1444,1514,0.15057911443041191
69,1440,1509,0.15057799405314765
70,1438,1508,0.15058027966173285
70,1448,1518,0.15057957257754123
69,1454,1523,0.15057880526120088
68,1437,1505,0.15058136615237896
72,1446,1518,0.15058672709501356
73,1438,1511,0.1505795897350776
72,1439,1511,0.15057016626981926
70,1439,1509,0.1505642655483533
70,1436,1506,0.15056492211150854
71,1441,1512,0.1505653799297458
74,1439,1513,0.15056265438506553
77,1447,1524,0.15055070909667032
76,1442,1518,0.15053063427458277
77,1449,1526,0.15051498729265717
77,1445,1522,0.1504970706439717
77,1433,1510,0.15048018474714447
75,1453,1528,0.15046431005637703
79,1442,1521,0.1504556927665185
78,1447,1525,0.15043514297352206
79,1451,1530,0.1504191992203451
80,1452,1532,0.15040113593618404
79,1435,1514,0.1503809471722706
79,1435,1514,0.15036491247919226
79,1432,1511,0.15034979190830589
80,1438,1518,0.1503356284015521
78,1454,1532,0.15031933760706856
80,1454,1534,0.15031001651182357
77,1458,1535,0.15029527657616637
76,1456,1532,0.15029097761423948
73,1442,1515,0.15029001581096146
74,1443,1517,0.15029823721100044
75,1449,1524,0.15030278111883913
74,1439,1513,0.1503040583224544
75,1439,1514,0.15030800211616538
75,1423,1498,0.15030861263424575
76,1420,1496,0.15030911911030181
76,1423,1499,0.15030671844755372
75,1436,1511,0.15030450434311923
80,1429,1509,0.15030547188853302
82,1439,1521,0.15029091482155718
81,1438,1519,0.15027152976266142
80,1442,1522,0.1502562083447404
80,1433,1513,0.1502448175263446
82,1423,1505,0.15023405879208823
85,1423,1508,0.15021771351217403
82,1423,1505,0.15019324558519526
83,1430,1513,0.15017971707956132
87,1432,1519,0.15016361152328608
83,1433,1516,0.15013601752545028
84,1433,1517,0.15012246673275312
87,1426,1513,0.15010665268704035
83,1424,1507,0.1500826599115161
82,1426,1508,0.15007251363648172
78,1440,1518,0.1500657898779909
81,1452,1533,0.1500715608418308
81,1436,1517,0.15006788833135662
80,1439,1519,0.15006435651315386
83,1436,1519,0.15006411874606285
84,1432,1516,0.15005487145083143
85,1439,1524,0.1500433609634416
80,1435,1515,0.15002963743883377
82,1442,1524,0.150031941373644
84,1434,1518,0.15002809668553818
81,1431,1512,0.1500184561680955
83,1430,1513,0.15001850013565987
84,1426,1510,0.1500124590906572
85,1430,1515,0.15000372887122992
87,1424,1511,0.14999256685404366
89,1421,1510,0.1499762109857492
87,1426,1513,0.1499546683890881
87,1437,1524,0.14994066470819195
83,1438,1521,0.14992746766205797
80,1425,1505,0.14992732006036577
82,1433,1515,0.14993649337686482
82,1440,1522,0.14993872605915648
82,1435,1517,0.14994081642913792
85,1440,1525,0.14994271974552797
85,1441,1526,0.14993522233537682
84,1457,1541,0.14992821154171262
83,1449,1532,0.14992464213485743
81,1436,1517,0.14992436413910046
79,1410,1489,0.14993041821107536
78,1413,1491,0.14994235983519877
78,1428,1506,0.14995633453302284
78,1432,1510,0.1499692715946216
76,1439,1515,0.14998129407151795
79,1435,1514,0.14999862202725628
79,1429,1508,0.15000555059701465
79,1428,1507,0.15001214920200684
78,1416,1494,0.15001855708514356
77,1423,1500,0.15002764025527893
79,1422,1501,0.15003921354588
77,1436,1513,0.15004393146547682
75,1433,1508,0.15005445278840715
75,1432,1507,0.15007036641299681
75,1430,1505,0.15008544635940452
76,1433,1509,0.15009951187412227
74,1437,1511,0.15010982833204178
74,1437,1511,0.15012537791849087
73,1436,1509,0.15013990418752696
72,1429,1501,0.150156411133175
72,1448,1520,0.1501746760281647
73,1442,1515,0.15019174169503266
73,1444,1517,0.15020456373946306
75,1457,1532,0.15021669106362723
77,1460,1537,0.15022208982269805
75,1449,1524,0.1502211148788847
77,1441,1518,0.1502265140432297
76,1429,1505,0.15022533684011527
76,1442,1518,0.1502271887082465
79,1441,1520,0.15022893465655535
78,1439,1517,0.15022150121850936
78,1440,1518,0.1502175605544135
78,1436,1514,0.1502139599963041
73,1428,1501,0.15021065645456633
75,1444,1519,0.1502231933787853
72,1452,1524,0.1502286095079361
73,1449,1522,0.15024265383617577
73,1445,1518,0.15025276851544647
72,1447,1519,0.15026223880327685
74,1442,1516,0.15027409715790171
73,1425,1498,0.15027890651271528
72,1438,1510,0.1502866431076764
73,1440,1513,0.1502969957349275
76,1442,1518,0.15030361623596153
76,1437,1513,0.15030060577583723
76,1450,1526,0.15029775324825465
74,1453,1527,0.15029511179397315
76,1443,1519,0.1502987960464626
77,1451,1528,0.1502961183037755
78,1443,1521,0.15029051367645305
79,1439,1518,0.15028231580839094
79,1426,1505,0.1502716296764758
79,1430,1509,0.1502619731553945
77,1438,1515,0.15025309689892383
74,1453,1527,0.1502509123673778
75,1457,1532,0.15025825498199347
76,1458,1534,0.150262095546357
76,1456,1532,0.15026267853855002
74,1452,1526,0.1502632556971428
70,1445,1515,0.15027015561528578
69,1443,1512,0.15028881878616654
66,1443,1509,0.1503091024978469
69,1436,1505,0.15033720035405707
70,1439,1509,0.15035421436028773
70,1442,1512,0.15036704424579025
69,1445,1514,0.15037912099690295
70,1446,1516,0.15039335484622451
71,1441,1512,0.15040356647178227
74,1443,1517,0.15041004700306904
73,1441,1514,0.15040700530749812
71,1441,1512,0.1504074091340545
72,1443,1515,0.15041374274790217
72,1455,1527,0.15041659652063327
74,1463,1537,0.15041928607544716
71,1448,1519,0.150415760292084
70,1447,1517,0.1504217078590862
68,1456,1524,0.15043014753786102
67,1461,1528,0.15044421184302006
66,1461,1527,0.15046030273410302
67,1459,1526,0.15047828854427897
67,1449,1516,0.15049198332259237
69,1448,1517,0.1505048830483695
71,1457,1528,0.15051079209824406
71,1466,1537,0.1505104090362913
69,1461,1530,0.15051003913853495
69,1453,1522,0.15051578901701357
68,1453,1521,0.1505210733457534
66,1466,1532,0.15052904857046986
66,1443,1509,0.15054243621008218
67,1438,1505,0.15055481631539797
67,1444,1511,0.1505633326199295
69,1452,1521,0.15057121871176565
67,1459,1526,0.1505724641063021
69,1465,1534,0.15057969306532878
68,1461,1529,0.15058026973037625
67,1457,1524,0.15058380736129087
63,1464,1527,0.15059025786535296
61,1448,1509,0.15060842640519972
60,1450,1510,0.15063148790898812
58,1444,1502,0.15065621731788043
56,1458,1514,0.15068546957527296
58,1455,1513,0.1507191130707316
59,1441,1500,0.15074433483808525
61,1469,1530,0.15076475172869475
61,1469,1530,0.1507777694901573
62,1453,1515,0.15079002620468862
61,1455,1516,0.15079858593061451
59,1461,1520,0.1508097656574805
59,1463,1522,0.1508265784176208
60,1459,1519,0.1508424001642621
63,1453,1516,0.150854080725574
63,1442,1505,0.15085583196285016
63,1444,1507,0.15085754132728213
64,1446,1510,0.1508589614840334
60,1437,1497,0.15085713623483774
59,1438,1497,0.15086758813320333
60,1437,1497,0.1508805139015785
59,1450,1509,0.15088940054956254
57,1439,1496,0.15090074609507123
59,1446,1505,0.15091741310108397
60,1444,1504,0.150926777845474
59,1441,1500,0.15093238983413773
58,1450,1508,0.15094081214119168
56,1450,1506,0.15095183294220194
58,1447,1505,0.15096834848342158
63,1450,1513,0.15097712412858322
64,1451,1515,0.1509699661260794
62,1452,1514,0.15096025970372826
60,1453,1513,0.1509575027656939
60,1450,1510,0.15096108204692146
59,1461,1520,0.15096442965570195
60,1477,1537,0.15097058597276738
62,1468,1530,0.15097313383969396
59,1467,1526,0.15096934102166407
58,1459,1517,0.15097513302546736
62,1453,1515,0.15098357538167945
63,1454,1517,0.15097903272754773
64,1457,1521,0.15097148088125492
63,1443,1506,0.15096135964164234
65,1444,1509,0.15095508728558474
66,1451,1517,0.15094293985130292
69,1461,1530,0.15092857999198042
69,1466,1535,0.1509058874932005
68,1458,1526,0.15088469152161246
66,1467,1533,0.15086802111878156
65,1477,1542,0.1508585133297735
66,1464,1530,0.1508527071712145
65,1459,1524,0.15084396458653074
65,1455,1520,0.15083885686886592
64,1434,1498,0.1508339025594327
66,1431,1497,0.15083238979577895
67,1434,1501,0.1508246657501597
63,1442,1505,0.15081426510338009
65,1449,1514,0.15081707896311514
64,1452,1516,0.15081364537273279
65,1444,1509,0.1508136575954218
65,1443,1508,0.15081068702063802
67,1445,1512,0.1508078737809675
65,1450,1515,0.15079919065015265
63,1451,1514,0.15079728399006334
65,1449,1514,0.15080172784271628
65,1446,1511,0.15079952622680817
64,1449,1513,0.15079739211525284
65,1448,1513,0.1507985208246308
62,1457,1519,0.15079657503443694
65,1458,1523,0.1508041035472411
63,1453,1516,0.15080190227428222
64,1460,1524,0.1508059888448892
63,1442,1505,0.15080679464801403
64,1448,1512,0.15081058619128415
63,1452,1515,0.15081109269684068
63,1464,1527,0.15081459094107122
64,1457,1521,0.15081790760805538
65,1460,1525,0.15081801380491305
65,1456,1521,0.15081492371582428
67,1464,1531,0.15081182532717802
63,1462,1525,0.15080264080846428
62,1450,1512,0.15080650178031943
61,1454,1515,0.1508132491463277
62,1442,1504,0.1508224859062013
63,1437,1500,0.1508276651965484
66,1449,1515,0.15082946311368042
65,1446,1511,0.15082190254396458
66,1448,1514,0.1508179935825553
69,1456,1525,0.15081119488132258
71,1459,1530,0.1507955424466281
70,1465,1535,0.15077470108190913
71,1464,1535,0.1507584400226479
72,1457,1529,0.15074019801274116
74,1435,1509,0.1507201541084707
74,1433,1507,0.15069514296830522
73,1443,1516,0.1506719695311186
73,1446,1519,0.15065358388265543
73,1450,1523,0.15063618951799387
75,1438,1513,0.15061995467926978
76,1432,1508,0.15059860095337554
73,1431,1504,0.15057579119355757
72,1436,1508,0.1505636381024994
72,1437,1509,0.15055523794751008
71,1444,1515,0.15054740473850078
71,1426,1497,0.15054317703745665
71,1454,1525,0.1505392593932893
70,1444,1514,0.15053552711291907
69,1443,1512,0.150535080023374
68,1441,1509,0.15053783068158172
68,1450,1518,0.1505434597453564
69,1437,1506,0.1505485944783808
66,1452,1518,0.1505503466843866
68,1460,1528,0.15056118369331523
70,1447,1517,0.15056501214082968
70,1441,1511,0.1505621902193242
69,1438,1507,0.15055982526099584
67,1429,1496,0.1505606937752782
68,1433,1501,0.15056755139637848
66,1443,1509,0.15057098704044278
65,1450,1515,0.1505803435830543
66,1451,1517,0.15059206008471418
63,1448,1511,0.15059979812684138
60,1449,1509,0.15061636976516737
61,1462,1523,0.15064102090199288
61,1464,1525,0.15066098971759762
61,1464,1525,0.15067960300433447
62,1453,1515,0.15069709060868494
62,1450,1512,0.15071048333108242
61,1448,1509,0.1507230053950076
63,1448,1511,0.15073780587950447
58,1449,1507,0.150745642326886
58,1449,1507,0.15076837327205816
57,1459,1516,0.15078977144095707
58,1465,1523,0.1508128963276535
57,1452,1509,0.15083137086406842
59,1452,1511,0.15085178304327904
61,1470,1531,0.15086465961860515
61,1459,1520,0.15087034816758377
65,1463,1528,0.15087557059878487
65,1456,1521,0.15086801058177254
64,1455,1519,0.15086117730100862
64,1442,1506,0.15085789595527224
63,1444,1507,0.15085471992578
65,1449,1514,0.15085481139151877
66,1443,1509,0.15084870593903088
66,1453,1519,0.150840054245064
66,1443,1509,0.15083197372272417
66,1454,1520,0.15082440284860066
65,1459,1524,0.15081730888344086
63,1453,1516,0.15081379848862878
63,1461,1524,0.15081662975193613
61,1447,1508,0.1508193618629614
59,1455,1514,0.15082822841605326
55,1462,1517,0.1508426008673317
53,1460,1513,0.15086851732952747
51,1463,1514,0.15089894330941203
51,1463,1514,0.15093356018693782
53,1471,1524,0.15096599702561644
51,1466,1517,0.15099025886374537
50,1465,1515,0.15101931405892838
51,1463,1514,0.1510496233664543
51,1460,1511,0.151075008510409
50,1461,1511,0.15109883161552104
52,1464,1516,0.15112432324742645
52,1457,1509,0.1511419631490931
49,1465,1514,0.1511586499946811
50,1476,1526,0.1511837880057261
46,1462,1508,0.151204250164519
46,1452,1498,0.1512358250089292
46,1454,1500,0.15126550767255764
45,1455,1500,0.1512933184582339
45,1462,1507,0.15132250123067045
48,1459,1507,0.15134995021961528
49,1464,1513,0.1513663079468178
47,1460,1507,0.1513786716978535
46,1460,1506,0.15139666225708157
47,1470,1517,0.15141669935698118
47,1479,1526,0.1514323829655667
49,1475,1524,0.1514471372370271
47,1480,1527,0.15145475103638195
47,1470,1517,0.1514683042863271
46,1468,1514,0.15148108369271981
46,1453,1499,0.1514962160702539
46,1446,1492,0.15151050086643264
46,1455,1501,0.15152391470620813
43,1457,1500,0.1515365374065928
45,1464,1509,0.1515578262563823
45,1470,1515,0.15157166075215867
45,1477,1522,0.15158473518835394
45,1470,1515,0.15159706235696244
44,1464,1508,0.15160875069593455
43,1474,1517,0.15162296612791773
39,1469,1508,0.15163950797125375
37,1472,1509,0.15166760055204004
34,1468,1502,0.15170018068370328
36,1467,1503,0.15174007005334184
40,1466,1506,0.15177114508199208
41,1469,1510,0.1517877902976965
38,1481,1519,0.151800505039066
39,1477,1516,0.15182168730493126
38,1472,1510,0.15183850176881347
37,1468,1505,0.15185751840707082
38,1476,1514,0.1518784979218424
37,1472,1509,0.15189504050820174
33,1486,1519,0.15191381697614545
33,1485,1518,0.1519437807652181
32,1480,1512,0.1519719020693939
31,1477,1508,0.15200136520381488
32,1488,1520,0.15203214025666528
31,1490,1521,0.1520577424414152
32,1490,1522,0.15208487163124623
35,1497,1532,0.15210720012790782
35,1492,1527,0.15211866680214825
36,1495,1531,0.15212961482390155
35,1478,1513,0.152136813976461
34,1465,1499,0.1521467603049725
31,1457,1488,0.15215928451315544
31,1466,1497,0.15218060136926703
31,1478,1509,0.15220045959693546
30,1490,1520,0.15221905854768067
31,1473,1504,0.15223968874597588
32,1482,1514,0.15225579294766042
34,1484,1518,0.15226785091028242
32,1495,1527,0.15227297696139497
31,1492,1523,0.1522841159011204
30,1493,1523,0.15229770541998705
31,1482,1513,0.15231356583740843
31,1479,1510,0.15232529617687804
30,1465,1495,0.15233627172700337
30,1465,1495,0.15234970446969825
31,1478,1509,0.15236234512510607
30,1489,1519,0.15237110935814976
30,1479,1509,0.15238243326906947
29,1475,1504,0.1523930636812945
28,1491,1519,0.15240623071295553
30,1505,1535,0.15242158846155607
30,1505,1535,0.15242972394959636
30,1494,1524,0.1524373778754304
30,1493,1523,0.15244453656063914
31,1494,1525,0.1524513021338213
31,1503,1534,0.152454571368097
31,1485,1516,0.15245767420001954
31,1475,1506,0.15246062160367124
31,1474,1505,0.15246338766908224
33,1474,1507,0.15246606669720264
32,1482,1514,0.1524622672648308
32,1495,1527,0.15246193031950273
31,1488,1519,0.1524616249925713
32,1489,1521,0.15246445073230278
33,1489,1522,0.15246393421198431
31,1482,1513,0.15246032651856356
30,1478,1508,0.15246329506863268
31,1477,1508,0.15246929846679655
30,1486,1516,0.15247169430862603
29,1491,1520,0.1524772291292445
31,1499,1530,0.15248559034321685
30,1501,1531,0.15248703309289002
30,1493,1523,0.15249157226392238
30,1489,1519,0.15249590836010848
30,1483,1513,0.15249996148177009
29,1472,1501,0.152503785169689
30,1480,1510,0.15251047505507487
31,1488,1519,0.1525135826273634
31,1481,1512,0.15251335457744258
30,1492,1522,0.15251316697600453
28,1508,1536,0.15251630058971682
27,1494,1521,0.15252541178780757
28,1494,1522,0.1525371277199844
29,1486,1515,0.15254500437964527
28,1490,1518,0.15254924357140218
28,1481,1509,0.15255635442044757
27,1485,1512,0.1525630299362193
29,1474,1503,0.15257256676015185
29,1483,1512,0.1525751291674825
26,1484,1510,0.15257767008324524
26,1487,1513,0.15258941687080912
26,1496,1522,0.15260036507768718
25,1495,1520,0.15261044314860847
26,1491,1517,0.15262310967000484
25,1494,1519,0.15263185796691434
25,1491,1516,0.15264326498421618
24,1477,1501,0.15265396896019975
25,1481,1506,0.15266709416045385
24,1490,1514,0.15267630219131192
25,1494,1519,0.15268810540426903
25,1498,1523,0.15269583865865863
26,1485,1511,0.15270318966578497
27,1501,1528,0.15270690528841066
26,1484,1510,0.15270723852611398
26,1491,1517,0.15271086943916554
26,1474,1500,0.15271436259319834
24,1491,1515,0.15271757541813696
24,1488,1512,0.1527269141188367
24,1489,1513,0.1527355863836625
23,1486,1509,0.15274373655741974
23,1491,1514,0.1527544912612131
25,1501,1526,0.15276458860906633
23,1500,1523,0.15276763254426068
22,1486,1508,0.1527767747864835
23,1483,1506,0.15278846860601886
23,1486,1509,0.15279624006298947
24,1490,1514,0.1528035496505627
24,1491,1515,0.15280726611814185
23,1493,1516,0.15281069245946413
24,1503,1527,0.15281708841574282
23,1493,1516,0.152819834814846
24,1495,1519,0.15282557903556987
24,1494,1518,0.15282784924017978
21,1495,1516,0.1528300170739834
21,1493,1514,0.15284160604533847
21,1506,1527,0.15285247106283525
24,1509,1533,0.15286255412406016
24,1500,1524,0.15286232955965487
21,1506,1527,0.15286218040369037
20,1499,1519,0.15287168585904456
20,1502,1522,0.1528838378948492
20,1502,1522,0.1528952241031057
19,1518,1537,0.1529058920486282
21,1503,1524,0.15291909243670695
22,1496,1518,0.15292492156105214
22,1496,1518,0.1529272810320287
21,1499,1520,0.15292953198832507
21,1490,1511,0.15293488672625216
21,1491,1512,0.1529398271359768
22,1498,1520,0.15294443778940414
21,1500,1521,0.152945552804572
21,1502,1523,0.15294980532981298
20,1493,1513,0.1529538309419095
20,1497,1517,0.15296077046550954
19,1502,1521,0.15296736207246828
21,1506,1527,0.1529767317749596
21,1504,1525,0.15297899947818672
22,1514,1536,0.15298120825758457
22,1502,1524,0.15298014691133585
21,1491,1512,0.15297916529056876
20,1481,1501,0.15298145385312878
19,1470,1489,0.15298681714673254
19,1472,1491,0.15299494176432227
19,1479,1498,0.15300250461411802
19,1492,1511,0.1530095657294851
19,1486,1505,0.15301617234256665
16,1505,1521,0.15302236076904044
17,1514,1531,0.1530378466159673
16,1500,1516,0.15304901148179026
14,1499,1513,0.15306282197433377
14,1506,1520,0.15308227932308235
13,1513,1526,0.15310046017363743
14,1518,1532,0.15312071189290788
14,1509,1523,0.15313651305154513
13,1501,1514,0.1531513799206124
13,1511,1524,0.15316856676552582
13,1517,1530,0.15318472191978855
13,1518,1531,0.15319988981061564
12,1513,1525,0.15321413401764283
12,1501,1513,0.15323074316615817
12,1502,1514,0.15324631737895525
12,1498,1510,0.15326101544093965
12,1496,1508,0.1532747714876308
13,1500,1513,0.15328769520437166
13,1506,1519,0.15329653769322993
13,1502,1515,0.15330486599860615
13,1491,1504,0.1533127058496794
13,1504,1517,0.15332008120775686
13,1503,1516,0.15332701791855666
14,1498,1512,0.15333354129420498
14,1512,1526,0.15333647100041764
12,1491,1503,0.15333921868830794
12,1501,1513,0.15334832554739797
12,1501,1513,0.15335682697999736
14,1499,1513,0.15336479352182988
14,1509,1523,0.15336578448894558
14,1500,1514,0.1533666712527869
15,1502,1517,0.15336761595509302
16,1501,1517,0.1533652534814465
17,1501,1518,0.15335988389728777
17,1509,1526,0.15335165448038401
17,1502,1519,0.1533440794776782
17,1495,1512,0.15333703199691548
17,1505,1522,0.15333045825416297
18,1508,1526,0.15332426870585178
20,1503,1523,0.1533152732366023
19,1488,1507,0.15330047205426628
19,1501,1520,0.15328989105030494
19,1501,1520,0.15327992468396176
19,1502,1521,0.15327058252339193
19,1496,1515,0.15326182824335746
18,1497,1515,0.1532536239287289
18,1494,1512,0.15324918112084077
16,1509,1525,0.1532449966669831
15,1513,1528,0.15324741073595002
15,1508,1523,0.15325281610198424
15,1515,1530,0.15325786312152648
15,1517,1532,0.15326256891439452
15,1519,1534,0.15326696265890333
15,1517,1532,0.15327107030543338
15,1508,1523,0.15327491423573644
15,1515,1530,0.15327851405134896
15,1511,1526,0.1532818871920061
13,1512,1525,0.15328504936438134
13,1504,1517,0.153294427870467
13,1504,1517,0.15330320668057967
12,1504,1516,0.15331141350643027
12,1508,1520,0.15332233547479246
12,1510,1522,0.15333259118269912
12,1511,1523,0.15334220525274042
10,1504,1514,0.15335122126139034
10,1512,1522,0.153366128864744
9,1506,1515,0.1533801192115527
8,1492,1500,0.15339651761227227
8,1490,1498,0.15341513021613892
8,1482,1490,0.15343259180672697
8,1495,1503,0.15344898165417192
11,1510,1521,0.1534643693577218
11,1507,1518,0.1534690649124413
10,1500,1510,0.1534735439132368
10,1505,1515,0.15348115209840807
11,1498,1509,0.15348825734374227
11,1491,1502,0.15349164799960505
12,1504,1516,0.15349491085149286
13,1505,1518,0.15349482479851376
13,1495,1508,0.15349154510884316
13,1496,1509,0.15348850081272863
14,1507,1521,0.1534856599201918
14,1520,1534,0.1534798069869324
13,1506,1519,0.15347430508240578
13,1503,1516,0.15347230842008397
12,1501,1513,0.1534704531286344
13,1499,1512,0.15347197638185023
12,1507,1519,0.15347010575081096
12,1492,1504,0.15347150875018986
12,1497,1509,0.15347281645010585
11,1506,1517,0.15347402529552895
12,1498,1510,0.15347837779873225
12,1503,1515,0.15347919017155906
12,1503,1515,0.15347992308999472
12,1509,1521,0.15348060773542457
12,1502,1514,0.1534812489688848
12,1508,1520,0.15348185003944728
12,1507,1519,0.15348241369855603
11,1517,1528,0.153482942397414
11,1509,1520,0.1534866481239577
12,1512,1524,0.15349014422239649
12,1520,1532,0.15349012982515955
11,1513,1524,0.153490205168221
10,1523,1533,0.15349353183529188
9,1511,1520,0.1534998862895843
9,1523,1532,0.15350910161795578
10,1513,1523,0.1535177504542222
9,1513,1522,0.153522628428704
7,1505,1512,0.15353042462659036
7,1512,1519,0.15354429187106447
7,1509,1516,0.15355723719676348
7,1510,1517,0.15356937554757155
6,1515,1521,0.15358076713673716
6,1523,1529,0.1535947128447805
6,1522,1528,0.1536078150809846
5,1506,1511,0.15362012635646327
5,1508,1513,0.153634914270172
5,1513,1518,0.1536488283899284
5,1509,1514,0.1536619010995773
5,1507,1512,0.1536741826133759
4,1505,1509,0.15368572208540188
4,1508,1512,0.15369988965474995
4,1501,1505,0.153713124295439
4,1509,1513,0.15372554077295977
4,1514,1518,0.15373719933253122
5,1521,1526,0.15374826722180926
5,1515,1520,0.15375532992874397
4,1516,1520,0.1537619512533213
4,1511,1515,0.1537714355625479
4,1505,1509,0.15378036264742545
4,1499,1503,0.15378874662233957
4,1497,1501,0.15379662261490748
4,1499,1503,0.15380402295909168
4,1511,1515,0.15381097734832797
5,1512,1517,0.15381751328965002
5,1507,1512,0.15382043195473302
6,1488,1494,0.15382316538801055
6,1493,1499,0.1538225212834842
6,1488,1494,0.1538219138470409
6,1515,1521,0.15382134956991086
6,1503,1509,0.15382082793759394
6,1519,1525,0.15382034557830992
6,1510,1516,0.15381989894149795
5,1509,1514,0.1538194847850133
6,1508,1514,0.15382230502730376
6,1506,1512,0.1538217616409256
6,1508,1514,0.15382124557523444
6,1504,1510,0.15382076076276952
5,1507,1512,0.15382030775939357
6,1513,1519,0.15382309051105292
6,1523,1529,0.15382250979023745
8,1517,1525,0.1538219766933056
8,1502,1510,0.1538150308461959
8,1506,1514,0.15380849237955768
8,1513,1521,0.15380235757830435
8,1517,1525,0.1537966037419545
8,1517,1525,0.1537912066964012
8,1520,1528,0.1537861433159263
9,1532,1541,0.15378139199960164
9,1526,1535,0.15377369755464024
9,1525,1534,0.15376647521572281
9,1518,1527,0.15375970984755058
8,1517,1525,0.15375336817815366
8,1519,1527,0.15375060529648837
8,1518,1526,0.15374801970109314
7,1520,1527,0.15374559689320816
7,1519,1526,0.15374654795937728
8,1515,1523,0.15374744446068134
8,1513,1521,0.1537450409610196
8,1512,1520,0.153742772809298
8,1501,1509,0.15374064944812604
8,1487,1495,0.15373865952351065
6,1488,1494,0.15373679314761124
6,1488,1494,0.15374150549078092
6,1498,1504,0.15374592179590285
5,1499,1504,0.15375005228275337
4,1504,1508,0.15375715794007905
4,1503,1507,0.15376703948120835
4,1518,1522,0.15377631715558499
4,1515,1519,0.15378502700973912
4,1505,1509,0.15379320268348887
4,1509,1513,0.15380087776238738
4,1506,1510,0.15380808403171253
4,1525,1529,0.1538148511523142
4,1518,1522,0.15382120672979074
4,1512,1516,0.1538271764688787
4,1510,1514,0.1538327843333216
4,1519,1523,0.15383805269183567
4,1513,1517,0.15384300244736276
2,1516,1518,0.1538476531511461
2,1520,1522,0.15385847742673542
2,1525,1527,0.15386868516494792
2,1518,1520,0.15387827285846922
2,1524,1526,0.15388727561691515
2,1509,1511,0.15389573031377535
2,1512,1514,0.1539036716130516
2,1522,1524,0.15391113174053775
2,1520,1522,0.1539181406642962
2,1509,1511,0.15392472630191795
1,1503,1504,0.15393091470453804
1,1518,1519,0.1539400085534097
1,1513,1514,0.15394856708958948
1,1524,1525,0.153956602720835
1,1519,1520,0.15396414957897117
1,1508,1509,0.15397123910280666
1,1523,1524,0.1539779001254727
1,1531,1532,0.15398415930744075
1,1534,1535,0.15399004143134004
2,1531,1533,0.15399556960874614
2,1520,1522,0.15399751560127142
2,1504,1506,0.15399933471521376
2,1511,1513,0.15400103873321572
2,1530,1532,0.15400263936599878
2,1519,1521,0.1540041443365302
1,1519,1520,0.15400555982737354
1,1516,1517,0.1540101403511799
1,1511,1512,0.1540144654427539
1,1498,1499,0.1540185352762396
1,1491,1492,0.15402236078684484
1,1509,1510,0.1540259558870057
1,1503,1504,0.15402933442110003
1,1506,1507,0.15403250956788875
1,1511,1512,0.15403549372951508
1,1518,1519,0.15403829853875423
1,1512,1513,0.15404093489793566
1,1500,1501,0.15404341302513191
1,1492,1493,0.1540457425000182
1,1500,1501,0.15404793230706015
1,1516,1517,0.15404999087547366
1,1517,1518,0.1540519261160148
1,1510,1511,0.15405374545485237
1,1519,1520,0.15405545586481587
1,1523,1524,0.15405706389429258
1,1527,1528,0.15405857569401898
1,1530,1531,0.1540599970419747
1,1518,1519,0.15406133336655897
1,1534,1535,0.15406258976820295
1,1535,1536,0.15406377103955116
1,1511,1512,0.15406488168432755
1,1514,1515,0.15406592593498802
1,1506,1507,0.15406690776925033
1,1509,1510,0.154067830925581
1,1519,1520,0.15406869891771413
1,1515,1516,0.15406951504826688
1,1521,1522,0.15407028242151255
1,1523,1524,0.15407100395536705
1,1529,1530,0.15407168239263974
1,1529,1530,0.15407232031159562
1,1525,1526,0.15407292013587293
1,1522,1523,0.15407348414379693
1,1518,1519,0.15407401447712724
1,1504,1505,0.15407451314927437
1,1507,1508,0.1540749820530181
1,1508,1509,0.15407542296775895
1,1519,1520,0.1540758375663306
1,1520,1521,0.15407622742140095
1,1515,1516,0.15407659401148677
1,1507,1508,0.1540769387266052
1,1505,1506,0.15407726287358475
1,1504,1505,0.15407756768105615
1,1505,1506,0.15407785430414245
1,1500,1501,0.15407812382886696
1,1501,1502,0.15407837727629609
1,1515,1516,0.15407861560643252
1,1510,1511,0.15407883972187453
1,1504,1505,0.15407905047125564
1,1494,1495,0.1540792486524769
1,1507,1508,0.15407943501574586
1,1518,1519,0.15407961026643224
1,1511,1512,0.1540797750677525
1,1519,1520,0.15407993004329346
1,1516,1517,0.15408007577938412
1,1510,1511,0.15408021282732542
1,1506,1507,0.15408034170548604
1,1508,1509,0.15408046290127295
1,1513,1514,0.15408057687298318
1,1502,1503,0.15408068405154518
1,1512,1513,0.15408078484215537
1,1507,1508,0.1540808796258169
1,1519,1520,0.15408096876078628
1,1523,1524,0.15408105258393293
1,1513,1514,0.15408113141201782
1,1518,1519,0.15408120554289517
1,1527,1528,0.15408127525664253
1,1524,1525,0.15408134081662264
1,1524,1525,0.1540814024704827
1,1516,1517,0.15408146045109264
1,1522,1523,0.1540815149774284
1,1532,1533,0.15408156625540137
1,1532,1533,0.15408161447863902
1,1535,1536,0.1540816598292184
1,1527,1528,0.15408170247835576
1,1516,1517,0.15408174258705506
1,1513,1514,0.1540817803067178
1,1507,1508,0.15408181577971622
1,1507,1508,0.1540818491399322
1,1498,1499,0.15408188051326419
1,1502,1503,0.1540819100181036
1,1502,1503,0.15408193776578277
1,1496,1497,0.15408196386099637
1,1504,1505,0.1540819884021974
1,1507,1508,0.1540820114819696
1,1511,1512,0.1540820331873775
1,1532,1533,0.15408205360029611
1,1530,1531,0.15408207279771996
1,1528,1529,0.15408209085205452
1,1523,1524,0.15408210783138998
1,1531,1532,0.15408212379975833
1,1526,1527,0.15408213881737576
1,1520,1521,0.1540821529408699
1,1511,1512,0.15408216622349402
1,1508,1509,0.1540821787153282
1,1504,1505,0.15408219046346835
2,1497,1499,0.15408220151220448
2,1497,1499,0.15407896032689675
2,1496,1498,0.15407590988867742
2,1496,1498,0.15407303628367694
2,1502,1504,0.15407033260656672
1,1508,1509,0.15406779040594443
2,1509,1511,0.1540686456032714
2,1523,1525,0.15406620182422912
2,1508,1510,0.15406389675851512
2,1506,1508,0.15406173056338396
2,1487,1489,0.1540596969660831
4,1492,1496,0.15405778773264459
4,1494,1498,0.15404947084045503
4,1499,1503,0.15404163008609673
4,1499,1503,0.15403427263236139
4,1500,1504,0.15402737018447316
4,1509,1513,0.15402089281360096
3,1505,1508,0.15401481264438177
3,1504,1507,0.15401235022567325
3,1509,1512,0.15401005636347295
4,1502,1506,0.15400789939869758
4,1505,1509,0.15400263866490435
4,1506,1510,0.1539976823493967
4,1530,1534,0.1539930220251752
5,1507,1512,0.1539886434127433
5,1502,1507,0.15398129615789027
5,1497,1502,0.15397439217274955
5,1519,1524,0.15396790104214714
4,1513,1517,0.15396175074255403
4,1508,1512,0.15395919731899563
4,1516,1520,0.15395682718476483
4,1507,1511,0.15395460943609102
4,1508,1512,0.15395252781527696
3,1497,1500,0.15395057199798234
3,1493,1496,0.1539519972613957
3,1497,1500,0.15395334458139862
3,1482,1485,0.15395459980208986
3,1493,1496,0.1539557714846761
3,1506,1509,0.15395686693063787
2,1503,1505,0.1539578922354426
2,1503,1505,0.15396209106898312
2,1513,1515,0.15396604341078846
2,1499,1501,0.15396976350093705
2,1495,1497,0.15397326157965935
2,1494,1496,0.1539765494043053
1,1498,1499,0.15397963908233328
3,1497,1500,0.15398578703470903
4,1500,1504,0.1539850876946911
4,1503,1507,0.15398115567261939
4,1505,1509,0.15397744402421207
4,1496,1500,0.15397396306163644
4,1506,1510,0.1539707001789669
4,1501,1505,0.15396764082072267
4,1504,1508,0.15396477123641916
3,1503,1506,0.15396207876168194
3,1498,1501,0.1539627793907821
2,1507,1509,0.15396345433176775
2,1513,1515,0.15396732856744014
2,1511,1513,0.15397098667508533
2,1513,1515,0.1539744264853244
2,1497,1499,0.15397765707977776
2,1502,1504,0.1539806906713231
2,1500,1502,0.15398353946729956
2,1506,1508,0.15398621504560095
2,1505,1507,0.15398872824452906
2,1507,1509,0.15399108917814597
2,1502,1504,0.15399330728299185
2,1511,1513,0.15399539136977514
2,1500,1502,0.1539973496724115
2,1508,1510,0.15399918989254668
2,1521,1523,0.15400091923951328
2,1521,1523,0.15400254446618852
2,1527,1529,0.15400407190130946
2,1528,1530,0.1540055074787562
2,1522,1524,0.15400685676423234
2,1502,1504,0.15400812497969565
2,1513,1515,0.15400931702582388
2,1509,1511,0.15401043750274948
2,1511,1513,0.1540114907292542
3,1502,1505,0.1540124807605821
3,1514,1517,0.15401016803801107
3,1515,1518,0.1540079823043298
3,1507,1510,0.15400592680039105
2,1507,1509,0.15400399719491187
2,1503,1505,0.15400543369132375
2,1506,1508,0.15400680306872971
2,1497,1499,0.15400808855990117
2,1500,1502,0.15400929371944072
2,1506,1508,0.154010423903718
2,1505,1507,0.15401148421956123
2,1503,1505,0.15401247934684928
2,1505,1507,0.1540134135692613
2,1512,1514,0.15401429082358217
2,1524,1526,0.15401511474279228
3,1518,1521,0.15401588869125812
3,1517,1520,0.15401337218489097
3,1521,1524,0.15401099448347497
3,1508,1511,0.15400875817752857
3,1513,1516,0.15400665832970759
3,1521,1524,0.1540046870903395
3,1515,1518,0.1540028364574684
2,1515,1517,0.15400109881274923
2,1518,1520,0.1540027021313123
2,1514,1516,0.15400422574245687
2,1508,1510,0.154005660931562
2,1514,1516,0.15400700896130332
2,1505,1507,0.15400827445498874
2,1510,1512,0.15400946246757663
2,1501,1503,0.1540105778905982
2,1505,1507,0.15401162532274928
2,1513,1515,0.15401260905354655
1,1523,1524,0.15401353307751584
1,1520,1521,0.15401765913222956
1,1514,1515,0.15402155727895891
1,1506,1507,0.15402521921544385
1,1508,1509,0.15402865758643428
1,1511,1512,0.1540318864421436
1,1498,1499,0.1540349190803775
1,1504,1505,0.15403776786785117
1,1502,1503,0.154040444294861
1,1514,1515,0.1540429590548391
1,1507,1508,0.15404532211766692
1,1514,1515,0.1540475427931307
1,1512,1513,0.1540496297855964
1,1507,1508,0.15405159124154238
1,1519,1520,0.15405343479137099
1,1519,1520,0.15405516758660476
1,1512,1513,0.15405679633330757
1,1513,1514,0.1540583273223652
1,1507,1508,0.15405976645710803
1,1507,1508,0.15406111927865163
1,1512,1513,0.1540623909892467
1,1505,1506,0.15406358647387391
1,1509,1510,0.15406471032027244
1,1512,1513,0.154065766837561
1,1513,1514,0.15406676007358092
1,1513,1514,0.15406769383107569
1,1502,1503,0.15406857168280225
1,1504,1505,0.15406939698565958
1,1505,1506,0.15407017289390904
1,1504,1505,0.1540709023715536
1,1502,1503,0.15407158820393543
1,1496,1497,0.15407223300860654
1,1503,1504,0.1540728392455219
1,1498,1499,0.15407340922660034
1,1511,1512,0.1540739451246947
1,1518,1519,0.15407444898200973
1,1519,1520,0.1540749227180032
1,1510,1511,0.15407536813680356
1,1514,1515,0.15407578693417368
1,1504,1505,0.15407618070405044
1,1501,1502,0.15407655094468609
1,1516,1517,0.15407689906441543
1,1525,1526,0.15407722638707405
1,1510,1511,0.15407753415708636
1,1515,1516,0.1540778235442465
0,1509,1509,0.15407809564820885
