1367,27,1394,0.13584120983060882
1388,29,1417,0.1330225837677884
1420,31,1451,0.13039159005506837
1439,31,1470,0.1279044108470142
1432,29,1461,0.12558585621922855
1439,30,1469,0.1234902646349495
1446,29,1475,0.12156261597838583
1451,35,1486,0.11978808239584385
1446,35,1481,0.11815860253794203
1443,36,1479,0.11668630838020455
1440,38,1478,0.1153519763684837
1451,37,1488,0.11414373110436575
1459,38,1497,0.11301660514803942
1458,39,1497,0.11197076114096013
1461,38,1499,0.11102040748665352
1464,38,1502,0.11014756343519512
1455,37,1492,0.10934529832170357
1464,36,1500,0.10863520080297966
1455,36,1491,0.10796817448673135
1455,37,1492,0.10738121974098616
1462,38,1500,0.10684679600121573
1441,38,1479,0.10634428604335845
1435,39,1474,0.1059329133997883
1430,39,1469,0.10557151931366843
1435,39,1474,0.10525285800292633
1445,39,1484,0.10495133508466345
1451,40,1491,0.10465465238183182
1455,39,1494,0.10437090529440893
1462,40,1502,0.10410301490388366
1475,39,1514,0.103843727957705
1471,41,1512,0.1035794633144305
1460,40,1500,0.10334774370876264
1456,39,1495,0.10316050709370281
1465,37,1502,0.10299892575925831
1461,37,1498,0.10283241330601055
1470,38,1508,0.10268900627496468
1477,40,1517,0.10253881202003391
1461,40,1501,0.10238730033019752
1452,41,1493,0.10228333793077615
1446,41,1487,0.10220781595990423
1452,42,1494,0.10215226565459899
1456,41,1497,0.10208867759428099
1463,41,1504,0.10202218299598353
1454,42,1496,0.10194665927823796
1448,43,1491,0.1018973083253261
1434,42,1476,0.10186535404102078
1434,43,1477,0.10186618686826153
1451,43,1494,0.10186711663548387
1447,42,1489,0.10183150096834334
1449,46,1495,0.1018074315425736
1447,46,1493,0.101781252703049
1442,49,1491,0.10176180352393698
1461,49,1510,0.10175482246977621
1450,51,1501,0.10170818165362305
1454,48,1502,0.10168918252768154
1452,51,1503,0.1016631769109006
1447,51,1498,0.10164399187229588
1458,49,1507,0.10163730513267108
1459,49,1508,0.10160769975104385
1457,48,1505,0.10157848575299365
1452,47,1499,0.10155638453855627
1458,48,1506,0.10154716049737114
1462,50,1512,0.10152607983253706
1456,49,1505,0.1014981835738051
1448,48,1496,0.10148552290958861
1452,50,1502,0.10149127119814924
1451,48,1499,0.10148799803737778
1460,48,1508,0.10148686008424644
1463,49,1512,0.10146625190019258
1456,49,1505,0.101441260510098
1449,49,1498,0.1014336752875829
1464,49,1513,0.10144164603412868
1466,46,1512,0.10141722068807237
1464,47,1511,0.10139060941780162
1458,46,1504,0.10137076086412647
1456,45,1501,0.1013654303295634
1451,48,1499,0.10136442876968847
1442,48,1490,0.10137408174656812
1437,50,1487,0.10140246359094782
1437,52,1489,0.10143855628560697
1452,50,1502,0.1014714885050737
1452,47,1499,0.10146943584183724
1453,48,1501,0.10146738414482016
1455,45,1500,0.10146345162703402
1451,44,1495,0.10145532920377441
1457,45,1502,0.10145666479792116
1452,49,1501,0.10144518004970891
1439,50,1489,0.10144540333757154
1439,53,1492,0.10147307457491396
1435,55,1490,0.10149893127057213
1433,52,1485,0.10153062089062173
1432,52,1484,0.10156381387097824
1434,53,1487,0.10159640874601195
1441,51,1492,0.1016220409226307
1442,48,1490,0.1016304632073245
1440,43,1483,0.10163567821592824
1437,42,1479,0.10164465421296325
1429,41,1470,0.10165951756115167
1428,41,1469,0.10168993904254074
1433,43,1476,0.10172013268914061
1441,44,1485,0.10173709163882393
1432,48,1480,0.10173548868655635
1429,53,1482,0.10175369476898467
1426,54,1480,0.1017763112891501
1424,54,1478,0.1018036905875351
1433,56,1489,0.10183261906923652
1430,56,1486,0.10184000419553212
1428,57,1485,0.10185314823694057
1412,58,1470,0.10186910891990186
1406,59,1465,0.10191790928896328
1404,58,1462,0.10197513124874646
1408,59,1467,0.10203226448652866
1411,60,1471,0.10207585805673981
1425,59,1484,0.10210930903057822
1433,60,1493,0.10210956013105876
1437,56,1493,0.10209293517341479
1434,57,1491,0.10206929524245707
1432,57,1489,0.1020536928250728
1433,56,1489,0.10204371248969607
1428,56,1484,0.10203235160967371
1429,54,1483,0.10203244567980989
1438,53,1491,0.10203024450526277
1432,52,1484,0.10200885176684928
1438,55,1493,0.1020028288573744
1448,54,1502,0.10198453274623588
1452,55,1507,0.10194637050788703
1446,54,1500,0.10190286220953937
1449,57,1506,0.1018757200491525
1453,59,1512,0.10184434220777551
1453,60,1513,0.10180770379244855
1428,60,1488,0.10177400228079819
1430,58,1488,0.10179686999274193
1433,64,1497,0.10181363381025609
1430,67,1497,0.1018226275439856
1434,67,1501,0.10183709144512536
1432,64,1496,0.10184195943039934
1424,66,1490,0.10185068461720277
1426,66,1492,0.10187617499020224
1425,66,1491,0.10189488923526448
1423,61,1484,0.10191450914416512
1437,62,1499,0.101936400196209
1420,61,1481,0.10192633261497612
1415,61,1476,0.10195356379632699
1410,64,1474,0.10198935150159465
1401,63,1464,0.10203253469482132
1413,63,1476,0.10209111204323211
1416,65,1481,0.10211890993566124
1419,66,1485,0.10213809067159564
1413,66,1479,0.10214937402825502
1430,67,1497,0.1021731788296251
1429,67,1496,0.1021578920937249
1432,67,1499,0.10214625834955711
1430,67,1497,0.10212905352157559
1429,66,1495,0.10211729698986975
1424,67,1491,0.10210867202282507
1421,68,1489,0.10211177215432897
1425,67,1492,0.10212093593109967
1420,68,1488,0.10212086439496787
1422,69,1491,0.1021312963232924
1417,69,1486,0.10213697694948444
1414,69,1483,0.10215234104514068
1416,68,1484,0.10217267712320949
1425,69,1494,0.10218679858822866
1422,70,1492,0.10218073668249836
1422,68,1490,0.10218135728769877
1428,67,1495,0.10218207125400873
1421,69,1490,0.10217006481754036
1427,67,1494,0.10217429697585657
1429,70,1499,0.1021651451786495
1427,73,1500,0.10215267500519275
1434,75,1509,0.10214511258568298
1431,75,1506,0.10212304013562862
1430,77,1507,0.10210968938701996
1427,76,1503,0.1020996076641638
1420,74,1494,0.10209705091035737
1414,73,1487,0.1021099520591084
1411,75,1486,0.10213423455697597
1401,75,1476,0.1021628569911218
1418,75,1493,0.10221034806265329
1437,75,1512,0.10221728152726729
1429,72,1501,0.10218281869646567
1432,73,1505,0.10216878880979127
1434,73,1507,0.10214980176020379
1412,73,1485,0.10212832829852146
1427,76,1503,0.1021557242709216
1439,80,1519,0.10214841741123738
1441,79,1520,0.10211597396106814
1430,80,1510,0.1020821367549457
1430,81,1511,0.10207491411968021
1424,81,1505,0.10206870687235903
1422,82,1504,0.10207623023327254
1420,85,1505,0.1020875088045654
1417,84,1501,0.10210238524577761
1405,88,1493,0.1021222396513131
1409,89,1498,0.10216622630828301
1396,88,1484,0.10219769045609933
1398,90,1488,0.10225475330967289
1403,89,1492,0.10230251759995772
1400,92,1492,0.10233498610497964
1400,90,1490,0.1023713037759818
1415,92,1507,0.10240446753409536
1413,91,1504,0.10240249137295546
1413,92,1505,0.10240478649517869
1416,91,1507,0.10240721738197146
1404,89,1493,0.10240300364953246
1409,89,1498,0.10242522367256403
1413,94,1507,0.10243452814604163
1416,96,1512,0.1024343568310484
1418,98,1516,0.10242725280785187
1401,99,1500,0.10241712261560867
1393,96,1489,0.10244487689725248
1399,99,1498,0.10248661928754212
1398,100,1498,0.10251234394197102
1389,104,1493,0.1025378828144383
1379,103,1482,0.10258107336049271
1387,99,1486,0.10264248574779064
1394,103,1497,0.10268102007956471
1386,101,1487,0.10270097916482758
1376,104,1480,0.10273629475807647
1363,106,1469,0.10279101364904246
1378,105,1483,0.10286880928482058
1381,107,1488,0.10290754541082396
1377,110,1487,0.10293660936163228
1369,114,1483,0.10297174477131507
1380,111,1491,0.10302173982897578
1376,107,1483,0.10304436925347649
1379,106,1485,0.1030735894101371
1376,109,1485,0.1030936294032641
1385,110,1495,0.10311760257945007
1382,108,1490,0.10312018546264108
1375,110,1485,0.10312906847672605
1369,111,1480,0.10315176773662711
1371,109,1480,0.10318520362076765
1367,113,1480,0.10321184446643873
1373,114,1487,0.10324535785651477
1385,113,1498,0.10326310385791558
1401,115,1516,0.10325310964746177
1395,112,1507,0.10320948027420011
1394,110,1504,0.10318300099244215
1406,109,1515,0.10316085418858709
1393,109,1502,0.10311448351752768
1386,108,1494,0.10309981912492791
1381,105,1486,0.10310206981019736
1383,110,1493,0.10311509704986595
1383,107,1490,0.10312250448105069
1386,110,1496,0.10312986602641869
1371,110,1481,0.10313002268219322
1362,104,1466,0.10316241408072811
1391,106,1497,0.10321084011780007
1385,106,1491,0.1031922794043009
1383,105,1488,0.1031878391491944
1372,106,1478,0.10318864856475286
1364,111,1475,0.10321333703104642
1376,116,1492,0.10325283577805991
1375,117,1492,0.10326276094154256
1376,116,1492,0.10327489107643137
1382,122,1504,0.10328408599437008
1372,123,1495,0.10327909076741992
1381,121,1502,0.10329694329598171
1394,119,1513,0.10329416353229848
1381,115,1496,0.10326392162330295
1370,111,1481,0.10326493293507667
1375,110,1485,0.1032892705161938
1359,111,1470,0.10330053199349358
1362,114,1476,0.10334525612827884
1379,119,1498,0.10337954796581565
1368,116,1484,0.10337463806719693
1361,118,1479,0.10339372430856286
1373,117,1490,0.10342645567217479
1348,118,1466,0.10343060806553829
1354,117,1471,0.10348851692088436
1360,117,1477,0.10352833706460021
1352,117,1469,0.10355129808799372
1361,119,1480,0.10358939088526707
1358,115,1473,0.10360490001334657
1359,117,1476,0.10362475967691914
1367,117,1484,0.10364076807506435
1378,114,1492,0.10363790755659717
1372,115,1487,0.1036107191619386
1378,114,1492,0.1035988131296725
1373,116,1489,0.10357580719288247
1380,114,1494,0.10356536545042641
1376,113,1489,0.10354087451721593
1370,111,1481,0.10352732611340969
1375,110,1485,0.10352741658895219
1370,110,1480,0.103517542200953
1361,113,1474,0.10351933211060572
1368,111,1479,0.10354139849249014
1370,114,1484,0.10354607565472904
1372,114,1486,0.10354652838136015
1393,117,1510,0.10354269184027562
1398,115,1513,0.10349390419806906
1383,118,1501,0.10343893919329247
1371,129,1500,0.10342186273437147
1365,129,1494,0.10343243007496518
1364,130,1494,0.10345524030900725
1367,130,1497,0.10347809542166025
1367,134,1501,0.10349228112398347
1360,135,1495,0.10350492160975298
1359,130,1489,0.10353183508162221
1357,130,1487,0.10355887264377557
1371,126,1497,0.10358906720129443
1364,130,1494,0.10358515537377856
1353,137,1490,0.10359714844013902
1344,137,1481,0.1036319818934882
1340,137,1477,0.10368342859346782
1345,134,1479,0.10373926822244574
1341,135,1476,0.10377952633792083
1352,136,1488,0.10382500913824763
1365,137,1502,0.1038421188680608
1376,134,1510,0.10382974906629158
1379,137,1516,0.10379461293477724
1364,136,1500,0.10375558092921704
1384,136,1520,0.10375249356354178
1371,135,1506,0.10370643119955275
1369,134,1503,0.10369260828792186
1358,132,1490,0.10368416890450943
1360,136,1496,0.1037002490871787
1353,132,1485,0.10371057607529924
1351,130,1481,0.10373544636815515
1363,131,1494,0.10376196466778871
1366,131,1497,0.10375986165389804
1364,131,1495,0.103751623454963
1358,135,1493,0.10374875672812475
1346,133,1479,0.10375879895523848
1361,132,1493,0.10379341908825072
1362,132,1494,0.10379261044512546
1365,135,1500,0.10379022713493163
1365,126,1491,0.10378204026163904
1368,129,1497,0.10377437384817206
1364,130,1494,0.10376114543637699
1370,132,1502,0.10375745686361909
1347,136,1483,0.10374146910110639
1353,138,1491,0.10377755181732778
1350,146,1496,0.10379771963394774
1366,144,1510,0.10382256951067131
1363,145,1508,0.1038108135808192
1368,145,1513,0.10380745519833635
1369,150,1519,0.10379346601149059
1357,150,1507,0.10377858769876123
1349,153,1502,0.10379075329822614
1343,154,1497,0.10381937036809298
1341,151,1492,0.10385864852144244
1336,154,1490,0.10389929093993182
1334,158,1492,0.10394724287012622
1329,159,1488,0.1039957026156819
1334,161,1495,0.10405096184531988
1317,161,1478,0.10409107458409511
1317,166,1483,0.10416484405094079
1320,162,1482,0.10423237533735799
1321,163,1484,0.10428793322354003
1311,165,1476,0.1043360335502115
1314,163,1477,0.10440279368768186
1314,158,1472,0.10445761800761685
1311,167,1478,0.10450773189442247
1316,167,1483,0.10456006658176413
1311,170,1481,0.10459761234080797
1308,168,1476,0.10464338491329352
1314,169,1483,0.10469247783231124
1317,173,1490,0.10472464875164766
1327,173,1500,0.1047478635007399
1334,174,1508,0.10474744137166457
1335,174,1509,0.1047312341835875
1339,179,1518,0.10471434812990169
1337,180,1517,0.10469030032495782
1326,178,1504,0.10467300014040433
1324,176,1500,0.10468087509597623
1328,178,1506,0.10469283789491253
1312,179,1491,0.10469531496260423
1300,180,1480,0.1047328234988672
1304,175,1479,0.10479351649448303
1309,182,1491,0.10484035136982257
1302,180,1482,0.10487154547104223
1321,179,1500,0.10491540164318422
1310,181,1491,0.1049138228183862
1304,184,1488,0.10493687750059978
1306,185,1491,0.10497205161388845
1303,185,1488,0.10499995462012873
1313,181,1494,0.10503244574485567
1328,184,1512,0.10504154582448695
1321,184,1505,0.10501603854519864
1327,187,1514,0.10500818097541219
1320,188,1508,0.10498716973778213
1321,189,1510,0.1049831214086624
1317,186,1503,0.10497635645335515
1313,182,1495,0.10497959632853555
1303,182,1485,0.10499110236737166
1306,191,1497,0.10502393099154843
1299,190,1489,0.10504699356715873
1295,190,1485,0.10508433331522593
1313,190,1503,0.10512689753825999
1316,189,1505,0.10512664521066344
1312,192,1504,0.10512022739397336
1299,190,1489,0.10512342750564155
1313,194,1507,0.10515458707271058
1312,196,1508,0.10515227919305971
1304,203,1507,0.10515312036920613
1306,203,1509,0.10517214228209248
1304,204,1508,0.10518552024779469
1303,204,1507,0.10520278125958445
1282,206,1488,0.1052205326101293
1276,204,1480,0.1052829780629649
1286,202,1488,0.10535310425103983
1287,203,1490,0.10539497219073045
1303,204,1507,0.1054308681510366
1303,202,1505,0.10542896265634485
1302,199,1501,0.10542733954516709
1326,199,1525,0.10542809317746418
1315,202,1517,0.10537523057032022
1314,197,1511,0.1053513020471922
1307,201,1508,0.10533216909732193
1315,203,1518,0.10533041716716728
1309,206,1515,0.10531142632077184
1309,206,1515,0.10530739907634942
1296,204,1500,0.10530413189908192
1296,201,1497,0.10532929637557142
1296,196,1492,0.10535216042087336
1301,199,1500,0.10537286075936202
1304,197,1501,0.10538063871062932
1301,196,1497,0.10538150034463473
1301,196,1497,0.10538946525604509
1308,199,1507,0.10539668875422487
1302,203,1505,0.10538773276463616
1299,203,1502,0.10539267113819596
1299,201,1500,0.1054042563149427
1301,201,1502,0.10541441585085153
1309,207,1516,0.1054197019298958
1307,210,1517,0.10540661031310111
1304,207,1511,0.10539980333733594
1298,204,1502,0.10540039375523019
1303,203,1506,0.10541324088912873
1305,197,1502,0.10541355682220008
1303,200,1503,0.10540993814396735
1306,199,1505,0.10541078229294343
1302,198,1500,0.10540442328416645
1278,199,1477,0.10540743781787981
1285,199,1484,0.10546370026965077
1283,198,1481,0.10549996614494972
1275,203,1478,0.1055376335444253
1281,206,1487,0.1055894933989557
1293,208,1501,0.10562365772848777
1281,205,1486,0.10562848425641931
1288,201,1489,0.10565966862087292
1298,203,1501,0.10567228894827202
1276,203,1479,0.10566189194720275
1273,206,1479,0.10570068512816384
1273,207,1480,0.10574430507747695
1288,213,1501,0.1057839170648362
1276,218,1494,0.10578672478046475
1282,216,1498,0.105815195247619
1286,215,1501,0.10582797453915871
1285,214,1499,0.1058324486509468
1283,209,1492,0.10583813248394108
1277,207,1484,0.1058479338420242
1264,207,1471,0.10587079815601486
1267,206,1473,0.10592014280789488
1257,206,1463,0.10595873986051124
1265,207,1472,0.10601687890615664
1276,211,1487,0.10605123740858943
1282,212,1494,0.10605859383519438
1282,211,1493,0.10605185217850771
1285,211,1496,0.10604661354832867
1292,213,1505,0.10603496187684817
1307,212,1519,0.10600894704606162
1303,210,1513,0.10595226297953729
1302,208,1510,0.1059089857656878
1291,213,1504,0.10587208281264161
1282,216,1498,0.10586257148018292
1276,218,1494,0.10587348460781712
1277,218,1495,0.10589651470358621
1283,219,1502,0.1059150749933732
1270,219,1489,0.10591971800776821
1276,219,1495,0.10595195102663105
1279,218,1497,0.10596836217815837
1283,216,1499,0.10597699025360306
1276,219,1495,0.10597669451748423
1274,220,1494,0.10599180793791398
1281,220,1501,0.10601102216955267
1270,219,1489,0.10601251227114922
1268,221,1489,0.10603842634815602
1264,220,1484,0.10606609107453206
1283,217,1500,0.10609934209049854
1270,223,1493,0.10608747370000443
1264,221,1485,0.1061054071567996
1247,225,1472,0.10613420059668438
1259,227,1486,0.10619857787724048
1279,230,1509,0.10623134246564538
1270,229,1499,0.10621693233792225
1280,227,1507,0.10622427023680203
1282,233,1515,0.10621118834070538
1266,231,1497,0.10619416343028217
1270,234,1504,0.1062138296552904
1269,232,1501,0.1062238302421634
1265,226,1491,0.10623530492236241
1272,225,1497,0.10625412137825449
1283,232,1515,0.10625576153938632
1273,235,1508,0.10623218082211348
1268,234,1502,0.10623284227806003
1273,231,1504,0.10624445361284153
1268,233,1501,0.1062435495271848
1272,237,1509,0.10625428818062609
1270,236,1506,0.10625498590124316
1248,240,1488,0.10626059803358555
1244,240,1484,0.1063138457932741
1252,241,1493,0.10637065673029746
1247,242,1489,0.1064045030535661
1255,245,1500,0.10644742578427659
1247,250,1497,0.10647050815384385
1239,253,1492,0.10650910860241769
1253,248,1501,0.10656315515377272
1246,243,1489,0.10658109680340835
1243,241,1484,0.1066126007845483
1248,248,1496,0.1066489887672508
1255,247,1502,0.10667112093855208
1253,244,1497,0.10667650892487228
1254,246,1500,0.10668522729377297
1253,250,1503,0.10669039173728483
1253,243,1496,0.10669711078177425
1249,252,1501,0.10670330656565881
1252,253,1505,0.10671763985393425
1249,251,1500,0.10672339084138979
1241,246,1487,0.10673618919192737
1243,249,1492,0.10676498360366012
1242,245,1487,0.1067871257020461
1256,243,1499,0.10680867418443267
1261,247,1508,0.10679669046711958
1252,250,1502,0.10677496847070606
1249,248,1497,0.10677559805819502
1249,250,1499,0.1067832632631524
1243,248,1491,0.1067892064840838
1243,248,1491,0.10680855357552237
1243,246,1489,0.10682647968871777
1245,251,1496,0.10684362679417275
1249,248,1497,0.10685421263477429
1247,250,1497,0.10685527194893116
1243,249,1492,0.10686055249099258
1247,251,1498,0.10687456608987686
1242,256,1498,0.10687863851596276
1248,259,1507,0.10689459243535332
1242,257,1499,0.10689516662369003
1248,251,1499,0.10691002381425278
1235,255,1490,0.10691030504762952
1238,251,1489,0.10693967545620643
1246,260,1506,0.10695941564625226
1250,256,1506,0.10695975393162525
1250,251,1501,0.10695193213199015
1254,253,1507,0.10694483623348719
1260,256,1516,0.10692924865083286
1245,254,1499,0.10690154116216108
1251,255,1506,0.10690838550890501
1243,259,1502,0.10690083329969935
1235,258,1493,0.10691170325888102
1244,261,1505,0.10693920754950184
1244,255,1499,0.10694480449087618
1250,254,1504,0.10695081945066746
1256,258,1514,0.10694279738253605
1247,266,1513,0.10692293272102987
1249,265,1514,0.1069243870666193
1246,270,1516,0.10692165706000836
1243,260,1503,0.1069258803454667
1247,266,1513,0.10693651063371201
1248,267,1515,0.10693804868531939
1224,270,1494,0.10693787571091408
1234,274,1508,0.10699045003717916
1223,277,1500,0.10701615037262652
1226,276,1502,0.10706274941798838
1232,280,1512,0.10709953712624465
1237,281,1518,0.10712061884574738
1244,275,1519,0.10712927957283959
1235,277,1512,0.10712090672233736
1231,274,1505,0.1071327175760504
1238,279,1517,0.10715305506495651
1238,277,1515,0.10715720225075122
1226,277,1503,0.10716080125993795
1233,276,1509,0.10719068072854154
1231,271,1502,0.10720270536319547
1240,272,1512,0.1072184285574523
1238,268,1506,0.10721234037380808
1225,274,1499,0.10721178493579922
1225,276,1501,0.10724055401449949
1227,281,1508,0.10726697290164214
1222,284,1506,0.10728746968660112
1216,284,1500,0.10731859425951978
1209,275,1484,0.10735915176033778
1208,280,1488,0.10741289114162861
1213,282,1495,0.10746442463914434
1222,283,1505,0.1075005513040587
1222,283,1505,0.1075132112830839
1215,288,1503,0.10752622866566436
1205,287,1492,0.10755355662013434
1213,287,1500,0.1076013854101798
1221,288,1509,0.10762776193034909
1222,290,1512,0.10763408454801741
1207,286,1493,0.10763798951902523
1210,290,1500,0.10767534611122262
1211,291,1502,0.10770367411527498
1206,298,1504,0.10772662439423587
1206,297,1503,0.10775801699876766
1197,302,1499,0.10778770758391382
1192,298,1490,0.10783433388730501
1202,294,1496,0.10788787391629817
1192,292,1484,0.10791491916630604
1184,296,1480,0.10796280509224047
1182,295,1477,0.10802513832077006
1186,288,1474,0.10808799095712779
1180,292,1472,0.10813670752112366
1183,298,1481,0.10819399720756935
1185,304,1489,0.10823896807874998
1189,301,1490,0.10827581931076229
1201,300,1501,0.10830167253752356
1193,300,1493,0.10829853019532244
1191,301,1492,0.10831313729174394
1192,310,1502,0.1083307963087244
1187,308,1495,0.10834390059478513
1199,305,1504,0.10836784325049532
1197,309,1506,0.10836305195734987
1193,307,1500,0.10836188527884777
1182,311,1493,0.10837043459839474
1188,317,1505,0.10840444987568729
1192,313,1505,0.10842225621757105
1185,310,1495,0.10842933463136888
1188,314,1502,0.10845119524207003
1192,309,1501,0.10846499157260517
1189,310,1499,0.10846855763489761
1184,312,1496,0.108478801513167
1182,318,1500,0.10850067573479442
1186,314,1500,0.10852536426565358
1179,318,1497,0.10853852746877109
1191,316,1507,0.1085664472437981
1190,316,1506,0.10856527856045226
1198,315,1513,0.10856530038296337
1180,312,1492,0.10854804330003119
1179,309,1488,0.10857417676776801
1162,318,1480,0.10859978612429579
1166,319,1485,0.10866219424743001
1165,323,1488,0.1087114283912923
1172,332,1504,0.10875982368386058
1173,330,1503,0.10878796096791968
1165,333,1498,0.10881179683905472
1156,329,1485,0.10885203820858619
1151,335,1486,0.10890991788751714
1156,337,1493,0.10897346073863529
1152,333,1485,0.10902070968254815
1154,325,1479,0.10907327915645172
1158,333,1491,0.1091175764882179
1149,333,1482,0.10914978207086129
1160,339,1499,0.10919893738063369
1157,342,1499,0.10921929120412259
1165,346,1511,0.1092465729437939
1161,341,1502,0.10925503572491671
1152,342,1494,0.10927231718905038
1152,349,1501,0.10930727835795027
1156,346,1502,0.10934095063019185
1154,347,1501,0.10936194106026448
1151,343,1494,0.10938656969227463
1159,346,1505,0.10941523623182217
1150,353,1503,0.109424618722106
1149,352,1501,0.10945417456395096
1137,359,1496,0.10948381229738455
1136,362,1498,0.10953842585926893
1142,356,1498,0.1095919044660267
1138,356,1494,0.10962851828633333
1135,362,1497,0.10967154515586086
1128,359,1487,0.10971831518296074
1134,360,1494,0.10977608580016286
1125,367,1492,0.10981478958153765
1141,363,1504,0.1098704163613035
1146,359,1505,0.10988641341087461
1151,352,1503,0.10988908174916144
1150,362,1512,0.10988148649014168
1134,361,1495,0.10987661995803105
1128,356,1484,0.10990886093216495
1133,354,1487,0.10995250496172623
1123,359,1482,0.10998015089523332
1117,365,1482,0.11002884542652386
1116,366,1482,0.11008770899593903
1117,374,1491,0.11014410814626585
1136,373,1509,0.11019380965065767
1137,367,1504,0.1101958573100437
1131,365,1496,0.11019542456136283
1136,361,1497,0.11020846419182899
1147,360,1507,0.11020915025003127
1133,363,1496,0.11018532508342133
1133,369,1502,0.11019604604822447
1136,367,1503,0.11020571311391679
1136,376,1512,0.11020914866573793
1134,371,1505,0.11021313109132444
1112,373,1485,0.11022085372995864
1111,376,1487,0.11027805124256101
1117,378,1495,0.11033367434222971
1111,375,1486,0.1103717769373838
1096,386,1482,0.1104210816278577
1098,391,1489,0.11050109234910273
1092,390,1482,0.11057038064069571
1095,392,1487,0.11064686647390866
1090,393,1483,0.11071039319471732
1092,393,1485,0.1107807302855824
1096,392,1488,0.11084197144175395
1104,393,1497,0.11088984282917246
1105,397,1502,0.1109166823425609
1109,403,1512,0.11093994536499686
1108,399,1507,0.11095239341967979
1100,403,1503,0.11096653145592658
1103,404,1507,0.11099788790225103
1107,403,1510,0.11101932996021606
1105,407,1512,0.11103124399247342
1111,411,1522,0.11104669669344937
1099,412,1511,0.11104858626431188
1095,403,1498,0.11107869582440073
1094,406,1500,0.11111593834070418
1092,406,1498,0.11115259631991213
1092,401,1493,0.111189769221955
1102,396,1498,0.11122223302366877
1109,406,1515,0.11122925876732304
1102,412,1514,0.11122087299329482
1085,413,1498,0.11123038013353996
1085,419,1504,0.11127646465034992
1099,417,1516,0.11131975157539957
1092,412,1504,0.11132767398354967
1087,416,1503,0.11135265276877224
1078,418,1496,0.1113870059189077
1091,417,1508,0.11143656340714106
1074,415,1489,0.11145462492248313
1074,417,1491,0.11150989630014413
1082,418,1500,0.11155992748924298
1074,419,1493,0.1115861942563006
1077,420,1497,0.1116293858177752
1075,418,1493,0.11166231804169684
1076,421,1497,0.11169696211417982
1085,422,1507,0.11172595574660438
1083,424,1507,0.1117318459051991
1077,429,1506,0.1117419666453409
1071,428,1499,0.11176496403489306
1069,427,1496,0.11180177627415425
1072,423,1495,0.11184090189698159
1067,421,1488,0.11186891255729142
1057,422,1479,0.11190720048594961
1048,432,1480,0.11196535679200126
1056,440,1496,0.11204013331341534
1045,442,1487,0.11209103292343442
1042,445,1487,0.1121641922633524
1042,448,1490,0.1122405156711557
1041,444,1485,0.1123106206984623
1050,437,1487,0.11237822226105881
1036,440,1476,0.11242025183627177
1035,442,1477,0.1124926807651028
1035,449,1484,0.11256308282365822
1047,450,1497,0.11262767092392245
1034,449,1483,0.11266063949585177
1039,452,1491,0.11272025663768911
1026,455,1481,0.11276257797419173
1033,459,1492,0.11283150393697303
1017,466,1483,0.11287906375682898
1019,469,1488,0.1129613064330603
1015,465,1480,0.11303214484415093
1015,464,1479,0.1131079182182718
1017,471,1488,0.1131788899113676
1018,461,1479,0.11324057556012444
1015,472,1487,0.11329601995461766
1010,477,1487,0.11335619697954069
1008,477,1485,0.1134238720471994
1012,479,1491,0.11349222232483411
1001,483,1484,0.11354627650515127
1001,484,1485,0.11362298385662817
999,493,1492,0.11369564379283581
992,491,1483,0.11376665918915402
1005,483,1488,0.11384811836445127
1010,482,1492,0.11389407097576833
1012,483,1495,0.11392249118376142
1006,480,1486,0.11394310689777183
1004,483,1487,0.113976562130461
1004,493,1497,0.11401231815408014
1011,479,1490,0.11404621531145345
1014,478,1492,0.11406094398152412
1005,484,1489,0.11406859904757784
1006,488,1494,0.11409576054259307
1003,493,1496,0.1141183272740775
1002,496,1498,0.1141466997996075
995,504,1499,0.11417541395139535
988,503,1491,0.11421791286937555
988,510,1498,0.11427331965403283
986,514,1500,0.11432725646770164
988,509,1497,0.11438291637249895
994,505,1499,0.11442918080021439
986,500,1486,0.11445922745569063
998,503,1501,0.11450426703881572
995,503,1498,0.11451634997848409
995,505,1500,0.1145333263481057
998,506,1504,0.11454782428689801
1002,506,1508,0.11455337330202196
1011,509,1520,0.11454951969642957
1001,511,1512,0.11452548631299826
1003,513,1516,0.11452721408360646
1006,500,1506,0.11452513507499457
997,492,1489,0.11451722730421864
993,501,1494,0.11453211006274586
989,497,1486,0.11455609094237403
991,498,1489,0.11458801512835545
1001,501,1502,0.11461124969783608
988,497,1485,0.11460794862328051
996,492,1488,0.1146351977813924
981,498,1479,0.1146409007554677
980,495,1475,0.11468231141962403
999,497,1496,0.11472366182419176
992,509,1501,0.11471760627417214
992,513,1505,0.11472822171948086
978,511,1489,0.11473923875355332
985,523,1508,0.11478186482375617
983,515,1498,0.1148059233761273
973,519,1492,0.11483154237484172
971,520,1491,0.11487994162009403
976,534,1510,0.11492888720597627
977,537,1514,0.11496370922282825
972,534,1506,0.1149929864991832
977,532,1509,0.11503151491383827
968,526,1494,0.11505616317558966
959,527,1486,0.11510163372001937
969,537,1506,0.11516505139077285
965,543,1508,0.11520065471618364
967,530,1497,0.11524495110707476
958,526,1484,0.11528265743382553
947,538,1485,0.11533915032228773
953,543,1496,0.11541719619147427
956,543,1499,0.11547633526892925
955,545,1500,0.11552575652491663
952,545,1497,0.11557216443278989
957,546,1503,0.11562172590384921
955,543,1498,0.11565604781158634
952,536,1488,0.11569283049248194
946,541,1487,0.11573411422931548
949,544,1493,0.11578556805125256
948,552,1500,0.11582529563872583
954,540,1494,0.11586511312457311
951,544,1495,0.11588648901151828
951,541,1492,0.1159123854868913
947,547,1494,0.11593515588598936
938,547,1485,0.1159681159752899
950,549,1499,0.11601880189435489
949,548,1497,0.11603658186255732
943,550,1493,0.1160556070150091
945,554,1499,0.11608697057432879
947,551,1498,0.1161135817555286
951,562,1513,0.11613354343625101
951,562,1513,0.11614213268129209
948,565,1513,0.1161507104839782
940,565,1505,0.11616759912362312
940,559,1499,0.11620064073229701
931,567,1498,0.11623091530194195
924,572,1496,0.11628071193715545
930,564,1494,0.11634362548516787
931,560,1491,0.1163891215348484
931,568,1499,0.11642954296208079
929,573,1502,0.11646593141193783
928,559,1487,0.11650515518725875
916,568,1484,0.11654399378706563
921,571,1492,0.11660689184924074
917,571,1488,0.11665304378201558
926,564,1490,0.11670444463469191
924,572,1496,0.11673174806539208
930,575,1505,0.11676192993660323
940,568,1508,0.11677757337435253
935,572,1507,0.1167695568521692
938,577,1515,0.11677559700801321
935,577,1512,0.1167742693788154
929,577,1506,0.11678054402139698
933,574,1507,0.11680052418748404
932,565,1497,0.1168086737533827
934,571,1505,0.1168177619527873
940,577,1517,0.11682164400733541
948,569,1517,0.11681026362626294
943,563,1506,0.11678047323759756
940,568,1508,0.11676541114062716
943,561,1504,0.11675852653560893
943,563,1506,0.11674375215002496
955,564,1519,0.11673200801447856
943,568,1511,0.11669466142420895
929,571,1500,0.11668806541777828
925,573,1498,0.11671702986972214
925,577,1502,0.11675235982902046
913,576,1489,0.11678437054074205
922,573,1495,0.11684319791772559
919,572,1491,0.1168766558181919
928,577,1505,0.11691477151632813
931,578,1509,0.11692795364737728
935,582,1517,0.11693192111167486
913,582,1495,0.11692808822090103
918,577,1495,0.11697703777206392
923,582,1505,0.1170102564431926
926,578,1504,0.11703042444775104
917,582,1499,0.1170408440403342
921,568,1489,0.11707167371034945
916,579,1495,0.11709000525988845
913,584,1497,0.11711797982781498
905,592,1497,0.11714913842165378
910,594,1504,0.11719686638471061
908,594,1502,0.11723028137144315
897,588,1485,0.11726470624069212
905,587,1492,0.11732226328615315
909,594,1503,0.1173546838466115
915,596,1511,0.11737630947020289
918,599,1517,0.11738095054583293
913,600,1513,0.11738012623381884
917,596,1513,0.1173912203724877
906,590,1496,0.1173916424446675
896,604,1500,0.11741854435166693
899,604,1503,0.11746787391962168
884,609,1493,0.11750641968118629
885,606,1491,0.11757899703177874
886,615,1501,0.11764436807734174
882,611,1493,0.11770131940759936
890,612,1502,0.11776378980814037
888,618,1506,0.11780378213786742
890,611,1501,0.11784508747211035
891,610,1501,0.11787832259272527
895,608,1503,0.11790740292911568
899,615,1514,0.11792464380500554
900,612,1512,0.11792971330586606
890,609,1499,0.11793130088544941
890,610,1500,0.11795806379513485
884,604,1488,0.11798310817143104
883,609,1492,0.11802060384361741
878,598,1476,0.11805871081794365
879,605,1484,0.11810611118971628
877,606,1483,0.11814746391426624
882,604,1486,0.11818825883680505
888,604,1492,0.11821296281165479
887,611,1498,0.11822459792000106
875,619,1494,0.11823923838809483
883,622,1505,0.11828178475443249
877,629,1506,0.1183040391021634
873,629,1502,0.11833898026277465
881,632,1513,0.11838172150931299
885,633,1518,0.11840283367765685
879,626,1505,0.11841344866926214
875,629,1504,0.11843697762007137
874,643,1517,0.11846824827120896
873,635,1508,0.11850020195402347
866,630,1496,0.11853322720436328
860,626,1486,0.11857985519087412
860,623,1483,0.11863735169528686
857,634,1491,0.11869244780184467
852,632,1484,0.1187518900642652
856,624,1480,0.11881853309161841
863,634,1497,0.11886988298746715
871,635,1506,0.11890054329848267
870,640,1510,0.11891101519837957
868,633,1501,0.11892512359831509
859,635,1494,0.1189437271284406
856,642,1498,0.11898385669078192
862,641,1503,0.11902807260814666
862,644,1506,0.11905320421064815
863,642,1505,0.11907714115528552
861,648,1509,0.11909701562752797
857,650,1507,0.11912256258009092
858,640,1498,0.11915769835079679
859,647,1506,0.11918615484883693
847,644,1491,0.11921248665639067
847,643,1490,0.11926574704155463
852,650,1502,0.119317056528398
847,651,1498,0.11935303108273633
850,655,1505,0.119399943283695
864,653,1517,0.11943736355880576
860,644,1504,0.11943989445669277
851,647,1498,0.11945113185918847
869,649,1518,0.11948074832869597
866,651,1517,0.11946561806571264
854,649,1503,0.11945996652295872
864,645,1509,0.11948371432734838
864,646,1510,0.11948511814376989
868,650,1518,0.11948650228576145
859,651,1510,0.11947769845062652
841,654,1495,0.11949275206142448
841,654,1495,0.11955023764924746
846,649,1495,0.11960161887387681
847,652,1499,0.11964056496925561
845,655,1500,0.11967262056197005
846,657,1503,0.11970976409135403
857,660,1517,0.11974115292760679
857,661,1518,0.11974171635294209
860,652,1512,0.11974221435083685
855,654,1509,0.11973604760240855
853,650,1503,0.11974230896412832
852,662,1514,0.1197518231787963
840,661,1501,0.1197630131396378
839,648,1487,0.119802309788975
839,649,1488,0.1198404358610939
849,647,1496,0.11987523213876514
847,650,1497,0.11988379228400266
856,642,1498,0.11989509614540435
870,638,1508,0.11988607494874987
874,640,1514,0.11984397178557245
854,637,1491,0.11979539406750675
853,646,1499,0.11979489551152835
848,646,1494,0.119798329968614
851,650,1501,0.1198153628367992
854,651,1505,0.11982335501236996
854,645,1499,0.1198239631713661
859,655,1514,0.11982671403943129
857,658,1515,0.1198176668921522
860,666,1526,0.11981683964233135
861,666,1527,0.11980995274538209
854,665,1519,0.11980016725341897
851,666,1517,0.11980723539204594
855,663,1518,0.11982155469227188
839,672,1511,0.11982571982152385
836,669,1505,0.1198675605249408
844,664,1508,0.11991245199738725
848,658,1506,0.11993415486625392
841,664,1505,0.1199434619199552
854,666,1520,0.1199680677637565
849,667,1516,0.11996278843545326
846,668,1514,0.11997061369949856
848,669,1517,0.11998526450694971
845,673,1518,0.11999448010337417
836,676,1512,0.12001056332748718
833,677,1510,0.1200470413928958
825,673,1498,0.12008836043505643
836,667,1503,0.12014593875715439
845,663,1508,0.12017279299254024
845,669,1514,0.12017580580779849
846,672,1518,0.12017932258316978
842,674,1516,0.12017935534355363
833,672,1505,0.12018904645594329
839,674,1513,0.12021852041373819
839,671,1510,0.12023307756904224
838,661,1499,0.12024705747750239
833,671,1504,0.12026201390102466
838,673,1511,0.12028705327365657
839,671,1510,0.12030215215812126
847,674,1521,0.12031435694508413
843,667,1510,0.12030387051577016
840,658,1498,0.12030373969893514
838,667,1505,0.12031218628644691
833,672,1505,0.12032415070434918
822,674,1496,0.12034680242215762
830,674,1504,0.12039327561879848
838,676,1514,0.1204160808895875
850,670,1520,0.12041853622590533
840,671,1511,0.12039235692236144
838,671,1509,0.12039060180048185
834,662,1496,0.12039597259827658
826,660,1486,0.12041042277538176
821,663,1484,0.12044364924286605
828,663,1491,0.12048350310601297
831,657,1488,0.120504974822065
830,655,1485,0.12051324739374682
821,654,1475,0.12052441000252365
829,657,1486,0.12055839034212956
826,662,1488,0.12057052269272744
825,664,1489,0.12058862852860099
837,670,1507,0.12060605888044859
830,674,1504,0.1205949194834258
838,670,1508,0.12060071870305339
833,672,1505,0.1205852967362322
828,671,1499,0.12058148310920382
814,668,1482,0.12059126573238459
826,668,1494,0.12063627760364043
817,675,1492,0.12065015601643543
814,676,1490,0.12068490576009268
812,681,1493,0.12072438830077374
812,675,1487,0.12076636706941855
805,674,1479,0.1208029006257216
805,686,1491,0.12085489503412675
807,686,1493,0.12090243394760929
805,676,1481,0.12094356360703959
799,679,1478,0.12098676076343232
813,673,1486,0.1210395192927858
820,681,1501,0.12105483721326035
823,679,1502,0.12105452177144943
822,675,1497,0.12104645517164175
825,676,1501,0.12104075455208337
823,681,1504,0.12102920426710917
834,688,1522,0.12102389737061856
832,683,1515,0.12099337937244105
823,687,1510,0.1209702233212326
832,688,1520,0.12096986382039164
829,677,1506,0.12094830112863551
832,680,1512,0.1209351882106823
827,682,1509,0.12091339089755547
819,689,1508,0.12090374490969079
821,682,1503,0.12091488692852305
815,680,1495,0.12091887376525541
818,691,1509,0.12093468963915045
820,688,1508,0.12094277412132735
831,688,1519,0.12094518484240144
846,676,1522,0.12092124450608459
843,678,1521,0.12086417412209162
839,666,1505,0.12081755599502408
834,664,1498,0.12078560819109108
837,659,1496,0.12076901007836412
843,657,1500,0.12074551849418245
842,665,1507,0.120709244808589
839,675,1514,0.12067739089617284
833,679,1512,0.1206548350152379
836,668,1504,0.12064823235604243
835,662,1497,0.12063610022930531
832,663,1495,0.120628390091974
823,664,1487,0.12062844146372674
813,670,1483,0.12064890984540014
819,678,1497,0.12069204834606793
825,682,1507,0.12071811331053667
825,683,1508,0.1207281523353173
821,681,1502,0.1207362891403188
833,678,1511,0.12075468085124384
827,678,1505,0.12074431984760514
828,679,1507,0.12075007673662747
828,683,1511,0.1207547296080231
820,685,1505,0.12075891249066124
819,690,1509,0.12078412809841423
814,681,1495,0.1208080068298738
814,680,1494,0.12084215510230178
814,677,1491,0.1208728439568732
808,684,1492,0.12090039383704468
803,688,1491,0.12094091170612764
801,690,1491,0.12099104006879596
805,690,1495,0.1210404162925981
810,685,1495,0.12107339282200114
803,680,1483,0.12109336837028539
793,682,1475,0.12112776524871638
806,684,1490,0.12118188086470486
816,675,1491,0.12119955302208973
813,686,1499,0.12119419934484416
808,691,1499,0.12119741186663449
810,692,1502,0.12121047520647316
810,694,1504,0.12121685660298791
810,698,1508,0.12122493914189167
803,704,1507,0.12123337419492249
814,696,1510,0.12125891297877506
812,702,1514,0.12125692480522171
815,712,1527,0.12126182564543841
808,705,1513,0.12126009685754316
812,698,1510,0.12127233441010658
801,694,1495,0.12127574798904969
807,697,1504,0.1213050872677009
800,703,1503,0.12131853883942145
799,716,1515,0.12134703688498899
792,717,1509,0.12137673398429902
795,713,1508,0.12142325909399766
786,704,1490,0.12145901701766994
795,709,1504,0.12151309201913456
800,711,1511,0.121542447375255
790,717,1507,0.1215591417274961
798,711,1509,0.12159648595434817
807,705,1512,0.1216129025862906
806,713,1519,0.12160659074379715
812,708,1520,0.12160221343531465
815,706,1521,0.12158469333343362
808,700,1508,0.12156245003462353
797,705,1502,0.12155969422071117
798,705,1503,0.1215834153939692
793,717,1510,0.12160488621130142
786,717,1503,0.12163707856809669
788,704,1492,0.12168323181503837
789,713,1502,0.1217189578895822
791,714,1505,0.12175055798401237
794,712,1506,0.12177593223645919
793,699,1492,0.1217918738571753
798,708,1506,0.12180720415760639
786,712,1498,0.12181039110337767
786,722,1508,0.12184019372622223
786,722,1508,0.12186590302442481
789,714,1503,0.12189009089275725
793,717,1510,0.12190492468750919
793,720,1513,0.12191100110076952
795,728,1523,0.12191784310090384
792,722,1514,0.12192113037802343
784,729,1513,0.12193024925284483
788,726,1514,0.1219569404950191
788,735,1523,0.12197350350606773
788,735,1523,0.12199007275848256
781,728,1509,0.12200485794428005
783,731,1514,0.12203650608593282
780,742,1522,0.12206134664755265
785,732,1517,0.12209080069511925
777,733,1510,0.12210446410578335
786,722,1508,0.12213645296258889
774,716,1490,0.12214432248485149
770,718,1488,0.12218054245463726
772,730,1502,0.1222248212524975
772,727,1499,0.1222598895843753
779,722,1501,0.12229423264430916
784,719,1503,0.12230912096317041
785,703,1488,0.12230771872627068
782,715,1497,0.12230543621431425
788,702,1490,0.12230891835147638
784,707,1491,0.12230006399666729
787,725,1512,0.12229875784004225
781,732,1513,0.1222910042626836
783,726,1509,0.12229886681135924
776,727,1503,0.12230311973045657
780,731,1511,0.12232555192658273
774,728,1502,0.12233642325404646
780,730,1510,0.12236098074219008
770,734,1504,0.1223694218850164
775,725,1500,0.1224032601051391
768,723,1491,0.1224221979778418
776,729,1505,0.12245596109931225
765,734,1499,0.12246763322660359
764,732,1496,0.12250543969151124
767,739,1506,0.12254147064643033
758,748,1506,0.12256848600192806
753,739,1492,0.12261740196561184
758,736,1494,0.12267626874509215
758,736,1494,0.12271998760082582
747,751,1498,0.12275986109290457
756,749,1505,0.12282284642643929
752,743,1495,0.12285854490469314
753,751,1504,0.12290183757598147
755,760,1515,0.12293913237132989
757,760,1517,0.12296930649122145
764,757,1521,0.12299240969392762
760,764,1524,0.12299769531330329
751,764,1515,0.12301249610821884
749,771,1520,0.12304733460519278
745,766,1511,0.1230845573277624
736,763,1499,0.12312878338618834
740,765,1505,0.12319085098191464
744,766,1510,0.1232404066394614
747,766,1513,0.12327692846463328
741,757,1498,0.1233046161814405
741,762,1503,0.1233449351309159
736,775,1511,0.12338325046881579
737,781,1518,0.12343203292196221
731,779,1510,0.12347390218166837
731,773,1504,0.12352804987045538
727,776,1503,0.12357672747416089
716,784,1500,0.12363061177020004
720,775,1495,0.123708311078253
716,786,1502,0.12376987349343142
726,783,1509,0.1238360871221253
727,784,1511,0.12387392218552894
728,772,1500,0.12390786630481031
730,774,1504,0.12393587042268427
720,779,1499,0.12395739817243889
716,776,1492,0.12400212115711677
705,786,1491,0.12405292620588526
715,789,1504,0.12412918879629632
713,787,1500,0.12417473279232803
705,787,1492,0.12422257512211754
704,797,1501,0.12428609388603346
704,793,1497,0.1243463888014004
713,786,1499,0.12440049891249849
709,789,1498,0.12442863060024091
706,789,1495,0.12446473335389378
706,788,1494,0.12450193710684018
713,792,1505,0.12453718169792094
711,795,1506,0.12455514833210718
711,799,1510,0.1245774109098204
714,791,1505,0.12459842442631162
700,797,1497,0.12460987208765119
707,796,1503,0.12465472846399106
706,798,1504,0.12467971343778732
697,802,1499,0.12470780952582666
702,797,1499,0.12475412703520124
702,796,1498,0.12478331834497915
701,801,1502,0.12481056100618285
712,801,1513,0.12483848909900523
712,808,1520,0.1248374919531761
708,797,1505,0.124837544938419
707,790,1497,0.12484970340713776
700,798,1498,0.12486291027230728
706,803,1509,0.12489221660573761
699,799,1498,0.12490631803106514
695,797,1492,0.12493680417974506
686,807,1493,0.12497349750928854
687,807,1494,0.12503028636749033
689,795,1484,0.12508025146137514
690,792,1482,0.12512221213384686
693,803,1496,0.1251571800147978
689,806,1495,0.12518218105491216
697,807,1504,0.12521425530354813
690,808,1498,0.12522349336628275
685,808,1493,0.12524800590192414
685,822,1507,0.12528450572382688
681,819,1500,0.12531857615590217
680,826,1506,0.1253591841091299
679,833,1512,0.1253987714205972
686,825,1511,0.12543621766349422
695,813,1508,0.12545301445340834
691,811,1502,0.12544409451423577
692,816,1508,0.12544598957877778
688,811,1499,0.12544598002836427
692,805,1497,0.12545624496298363
688,807,1495,0.12545792117026877
692,816,1508,0.1254694574841797
689,828,1517,0.12546927806814676
680,833,1513,0.1254764942103214
665,835,1500,0.12550810563060544
658,835,1493,0.1255728566641344
656,840,1496,0.12565099177712913
668,845,1513,0.1257305065289474
662,842,1504,0.12577522484790993
666,846,1512,0.1258331566966929
665,839,1504,0.12587540133365974
670,841,1511,0.12591625670573908
666,830,1496,0.125941442666663
663,825,1488,0.1259751675050124
664,829,1493,0.12601377657176893
677,839,1516,0.12604592474763562
671,839,1510,0.1260423425060773
667,849,1516,0.12605408880142113
664,843,1507,0.12607466900675757
658,847,1505,0.1261020600875843
654,848,1502,0.12614388201189203
651,856,1507,0.12619462712841562
653,860,1513,0.12624892380882982
653,859,1512,0.1262938340842044
640,850,1490,0.1263353719141861
644,853,1497,0.12640801462419804
652,855,1507,0.12646512317871086
644,862,1506,0.12649871833932483
651,861,1512,0.12655024138835727
644,865,1509,0.12658214284659575
642,870,1512,0.12662930179176782
649,869,1518,0.12667743976068954
652,867,1519,0.12670495339853047
644,866,1510,0.12672248569099215
636,869,1505,0.12675905372706658
637,870,1507,0.12681167562016732
634,858,1492,0.1268598109152778
639,862,1501,0.12691314365162085
632,866,1498,0.12695001153699637
644,870,1514,0.1270013568542466
647,862,1509,0.1270179368278553
656,848,1504,0.12702461521412467
650,849,1499,0.1270078502831802
642,854,1496,0.12700695037744453
645,845,1490,0.12702702940998256
641,855,1496,0.12703718939243885
634,853,1487,0.12705521849493007
631,867,1498,0.12709115911185603
626,863,1489,0.12713037892251092
617,854,1471,0.12717943256464953
634,852,1486,0.1272452113457492
638,859,1497,0.1272668360991852
642,870,1512,0.12727881315846215
638,880,1518,0.12728001915646878
640,866,1506,0.1272926647803086
643,873,1516,0.12729841681474896
642,868,1510,0.12729578190387325
643,870,1513,0.12729421596768284
638,862,1500,0.1272887533148829
645,868,1513,0.1272951597289306
644,865,1509,0.12728493592060855
641,870,1511,0.12727963275831322
637,867,1504,0.12728275225924426
635,873,1508,0.12729712185042
626,879,1505,0.12731793574763497
618,874,1492,0.12735623402110718
619,869,1488,0.12741079413673098
615,867,1482,0.1274600264188751
615,858,1473,0.12751751328742483
612,869,1481,0.1275701268960283
617,875,1492,0.1276253466260822
614,879,1493,0.12766347624233743
606,888,1494,0.127706556530435
608,897,1505,0.12776730926857163
602,898,1500,0.12782011458683015
603,890,1493,0.12788501241780953
607,886,1493,0.12794420834754525
616,882,1498,0.1279863878903148
621,884,1505,0.1279993830288943
627,885,1512,0.12800009054268968
624,891,1515,0.12798644461970085
612,888,1500,0.1279810977437099
611,882,1493,0.12800593457457274
606,891,1497,0.1280319260579613
599,885,1484,0.12806847838454438
598,894,1492,0.1281186013204562
596,894,1490,0.12816776539062372
604,898,1502,0.12821851477674032
600,897,1497,0.12824548247927198
608,893,1501,0.1282831007586267
607,895,1502,0.12829894178958617
607,918,1525,0.12831841186942772
607,916,1523,0.12833614959816797
602,919,1521,0.12835401777156577
602,924,1526,0.1283835074703487
603,919,1522,0.12841054440051916
599,917,1516,0.12843363294694896
594,922,1516,0.12846605927378443
580,916,1496,0.12850830830417742
589,920,1509,0.12858279249487126
596,909,1505,0.128628829936675
586,921,1507,0.1286563553968142
589,924,1513,0.12870604841832542
589,922,1511,0.1287472074792775
584,927,1511,0.12878599496624366
591,927,1518,0.128834361655035
582,930,1512,0.1288623548486408
573,920,1493,0.12891197522335618
581,926,1507,0.12897896909045886
586,930,1516,0.1290213623752392
588,938,1526,0.1290458136913179
580,937,1517,0.12906658927095827
582,939,1521,0.12910665809428654
582,937,1519,0.12913882149640651
579,936,1515,0.12916898999302012
578,950,1528,0.12920351431422153
578,947,1525,0.12923731933428242
571,937,1508,0.1292683742135505
570,930,1500,0.12931621111958394
566,932,1498,0.12936237972527553
571,932,1503,0.12941309683951338
569,935,1504,0.12944838025980254
570,933,1503,0.12948787512230994
563,937,1500,0.12952090966228988
572,942,1514,0.12956678470827065
567,933,1500,0.12958686027769484
565,933,1498,0.12961896945727167
557,936,1493,0.12965343166210969
547,944,1491,0.1297056169122369
560,948,1508,0.12978114745270852
564,946,1510,0.12981772451845902
565,942,1507,0.12984091418278848
566,943,1509,0.12986157456328243
568,955,1523,0.1298805901350582
564,966,1530,0.1298922074783895
557,958,1515,0.12991495621019053
553,956,1509,0.1299540718427373
549,961,1510,0.13000024191920864
546,967,1513,0.1300520873511042
535,964,1499,0.13010814611646282
538,974,1512,0.13018603251704106
548,967,1515,0.13025437438302012
553,952,1505,0.13029257377694198
544,954,1498,0.13031573936359275
548,971,1519,0.130357905803741
543,964,1507,0.13038549750416867
546,970,1516,0.13042579833277307
547,973,1520,0.13045652614275569
541,976,1517,0.13048126036852373
537,976,1513,0.13051951170117068
535,969,1504,0.13056626996507237
529,973,1502,0.1306158856368221
531,965,1496,0.13067873131848798
533,968,1501,0.13073115181512876
538,965,1503,0.1307738165931256
537,960,1497,0.13080175175235106
532,963,1495,0.13082883827274205
525,970,1495,0.130866277519938
526,972,1498,0.13091726654723718
534,955,1489,0.13096243903955493
534,957,1491,0.1309842784583951
541,961,1502,0.13100285217280627
534,965,1499,0.1310031368082927
531,968,1499,0.1310205554863524
538,984,1522,0.13104447815963816
535,987,1522,0.13105015184973906
531,992,1523,0.13106607514756505
529,981,1510,0.13109158557096903
529,986,1515,0.13112192486785829
523,979,1502,0.13115027865012815
517,979,1496,0.13119117691558985
522,984,1506,0.1312439465635387
523,988,1511,0.13128184289145492
521,984,1505,0.1313155397798833
519,986,1505,0.1313510326326716
515,991,1506,0.13138972981950595
518,986,1504,0.13143633177456956
520,982,1502,0.13147302971070512
523,983,1506,0.13150209368681046
528,988,1516,0.13152332555921842
524,986,1510,0.13153123175482392
525,989,1514,0.13154797733632104
515,993,1508,0.13156108336261843
523,989,1512,0.1316002142808928
515,986,1501,0.13161771385876575
508,993,1501,0.1316551328094635
512,1005,1517,0.1317064051121084
513,1004,1517,0.13174357792006763
512,1002,1514,0.13177649580171863
506,994,1500,0.1318089099652213
503,1009,1512,0.13185289067540315
495,1002,1497,0.13189986652775793
510,994,1504,0.13196221986637513
512,986,1498,0.13198434185237012
521,984,1505,0.13199997783892556
519,991,1510,0.13199248219416976
517,992,1509,0.13199032978601263
515,991,1506,0.13199250909012628
510,993,1503,0.13199940120544343
506,1002,1508,0.13201997057777748
511,995,1506,0.13204901913525086
515,994,1509,0.1320630382560551
514,996,1510,0.1320637647550096
511,990,1501,0.13206867594225755
512,1000,1512,0.13208064920670698
508,1005,1513,0.1320902324878961
507,996,1503,0.13211265567724115
502,1000,1502,0.1321351413760389
495,1007,1502,0.13216915014241362
496,1006,1502,0.13221819454695072
498,1013,1511,0.13226138603981583
499,1008,1507,0.13229706572244024
507,1005,1512,0.13232610175034376
498,1001,1499,0.13233402337862693
496,1003,1499,0.13236307148188783
502,994,1496,0.1323948738500281
514,986,1500,0.1324064505885558
518,989,1507,0.13238565541264433
508,998,1506,0.132355824409174
507,996,1503,0.13235290786211248
508,1000,1508,0.13235347002337428
492,1010,1502,0.13235170989075057
496,1020,1516,0.1323907587643353
496,1020,1516,0.13241620552397637
494,1022,1516,0.1324410027551481
497,1017,1514,0.13246874144626575
495,1023,1518,0.13248792830111067
498,1021,1519,0.13251001105021434
492,1024,1516,0.13252487477236596
496,1014,1510,0.13255496053541108
494,1015,1509,0.1325724877289278
497,1021,1518,0.1325940612379311
490,1027,1517,0.13260710586929492
492,1034,1526,0.13264023487995785
491,1024,1515,0.13266664171015172
483,1024,1507,0.13269518174967584
483,1025,1508,0.13274146392293204
486,1020,1506,0.1327836559715609
490,1023,1513,0.13281539383067195
481,1025,1506,0.1328338837632063
480,1032,1512,0.13287347514180584
480,1025,1505,0.13291167222479547
483,1034,1517,0.1329466238140995
487,1029,1516,0.1329724707407824
488,1031,1519,0.13298602651382985
488,1018,1506,0.13299732540309975
489,1018,1507,0.13300677266004887
487,1023,1510,0.13301403719089483
487,1035,1522,0.13302659988518425
485,1040,1525,0.13303848380534605
476,1037,1513,0.13305370516176482
469,1033,1502,0.13309016999892853
466,1026,1492,0.13314183801423746
471,1025,1496,0.1331984836038984
477,1035,1512,0.13323727094250615
476,1037,1513,0.1332579531158067
474,1041,1515,0.13328025538801166
474,1043,1517,0.1333059598135804
480,1047,1527,0.13333013399276594
485,1045,1530,0.1333406055810292
483,1041,1524,0.13333799326618742
486,1050,1536,0.13334057399071825
478,1042,1520,0.1333361315728951
480,1028,1508,0.13335208294309261
484,1030,1514,0.13336079531976702
484,1033,1517,0.13336014139668276
477,1046,1523,0.1333625160142393
476,1029,1505,0.13338136576837692
472,1037,1509,0.13340228304020812
471,1037,1508,0.1334325591277784
463,1036,1499,0.13346141501249434
459,1050,1509,0.13350922921924946
457,1052,1509,0.13356293796846586
459,1043,1502,0.13361740891788224
471,1048,1519,0.13366392373375685
467,1043,1510,0.1336795319113239
464,1052,1516,0.1337052257372477
464,1049,1513,0.13373736036666908
459,1042,1501,0.13376634570006768
460,1044,1504,0.13380543578121984
464,1046,1510,0.1338400855733343
469,1044,1513,0.13386185023350772
474,1046,1520,0.13387060667437062
466,1042,1508,0.13386351126850699
464,1030,1494,0.13387803720296534
459,1025,1484,0.13389513269048275
460,1022,1482,0.13392522401907075
458,1025,1483,0.1339495781198102
458,1029,1487,0.1339762128304548
470,1036,1506,0.13400161111369296
468,1032,1500,0.13399364880938783
467,1031,1498,0.13399196859544424
470,1031,1501,0.13399348287050142
464,1046,1510,0.13398914674687382
465,1057,1522,0.13400144440885056
463,1054,1517,0.13401120058804683
462,1052,1514,0.13402540512846847
459,1059,1518,0.1340412885623051
459,1056,1515,0.13406503131194042
456,1053,1509,0.13408687154967025
448,1038,1486,0.13411411048596114
454,1049,1503,0.13415900740156345
460,1052,1512,0.13418534682901007
461,1040,1501,0.1341954388391982
460,1049,1509,0.13420122684333102
462,1057,1519,0.13420900357103774
456,1056,1512,0.13421300548245185
459,1063,1522,0.13423400794435994
463,1061,1524,0.1342457661605367
454,1061,1515,0.13424790418751775
452,1070,1522,0.1342748261550845
453,1075,1528,0.13430407054240828
450,1075,1525,0.13432880592775823
448,1067,1515,0.13435910810551047
441,1069,1510,0.1343939048218428
434,1072,1506,0.13444415177588856
432,1069,1501,0.1345078332655508
436,1069,1505,0.13457062021442126
434,1064,1498,0.13461895449896227
440,1066,1506,0.13466935912352695
435,1073,1508,0.13470148595854853
441,1075,1516,0.13474373450097057
439,1075,1514,0.13476822259446938
442,1080,1522,0.13479528157165477
440,1080,1520,0.134812238066705
439,1074,1513,0.1348330816069275
433,1085,1518,0.13485546114729172
428,1079,1507,0.13489334809571144
437,1082,1519,0.13494192503458918
430,1091,1521,0.13496473176063034
431,1069,1500,0.13500378631419424
430,1077,1507,0.135038800377786
430,1074,1504,0.13507398447036897
425,1075,1500,0.13510872008691163
427,1073,1500,0.1351541396113091
425,1078,1503,0.13519029832207813
426,1076,1502,0.13522921544116986
424,1075,1499,0.13526354016240963
420,1087,1507,0.13529928686058604
422,1102,1524,0.13534074956982914
419,1100,1519,0.1353754005974426
420,1092,1512,0.13541724460070917
418,1092,1510,0.13545323095417675
415,1077,1492,0.13549214366130446
423,1091,1514,0.13553424863238736
413,1097,1510,0.13555261384459516
419,1097,1516,0.13559795751018083
410,1100,1510,0.1356249979599448
412,1098,1510,0.13567364313139474
408,1094,1502,0.13571358750430138
412,1091,1503,0.1357597824163755
412,1092,1504,0.13579391444728153
407,1111,1518,0.13582633214035716
400,1110,1510,0.13586876756175834
398,1116,1514,0.13592638302084775
394,1107,1501,0.13598729863226297
403,1117,1520,0.13605439774286016
402,1118,1520,0.13609322661675669
397,1120,1517,0.13613390401343456
395,1120,1515,0.13618368431704633
403,1114,1517,0.13623614261305864
396,1098,1494,0.13626364696029136
397,1107,1504,0.13630721160921477
396,1114,1510,0.13634561558844602
381,1116,1497,0.1363846215013699
386,1113,1499,0.13646021912680129
391,1106,1497,0.13651744988638762
389,1118,1507,0.1365583090258949
395,1112,1507,0.13660157294355665
393,1111,1504,0.136626960852195
393,1110,1503,0.13665587810805063
380,1110,1490,0.13668319110193877
376,1112,1488,0.13674279283983887
378,1121,1499,0.1368097197445337
381,1122,1503,0.136868270657493
378,1127,1505,0.13691459897894326
384,1138,1522,0.13696538896539492
372,1128,1500,0.13699635810273758
371,1133,1504,0.1370559567548953
374,1121,1495,0.13711408657882918
376,1126,1502,0.13716094997418224
378,1131,1509,0.13719740000474664
377,1137,1514,0.1372269417589933
382,1130,1512,0.1372573362163265
373,1126,1499,0.1372743069959652
373,1133,1506,0.1373149539579145
377,1126,1503,0.13735346632708845
382,1136,1518,0.1373790059034535
380,1138,1518,0.13739240387321103
381,1145,1526,0.13740956310568253
377,1138,1515,0.13742301957276118
383,1137,1520,0.13744691908884474
374,1131,1505,0.13745304173591466
374,1135,1509,0.13748303509678142
373,1131,1504,0.13751145750916666
373,1134,1507,0.13754094506955133
371,1135,1506,0.1375687510599998
375,1143,1518,0.13759936371216341
374,1149,1523,0.13761827848811203
366,1155,1521,0.13763861399843835
362,1151,1513,0.13767791972062735
367,1137,1504,0.13772459752040228
367,1136,1503,0.137756250701684
366,1146,1512,0.13778478905172994
364,1134,1498,0.13781541476897977
363,1142,1505,0.13784870446304923
368,1138,1506,0.13788227697055583
365,1140,1505,0.1379025325394139
368,1135,1503,0.13792923309719002
374,1136,1510,0.1379492686239169
368,1143,1511,0.13795303776525963
367,1154,1521,0.13797143500830206
362,1147,1509,0.13799187148292602
356,1155,1511,0.138024774037462
360,1153,1513,0.13806974679145945
366,1157,1523,0.1381035805753428
357,1152,1509,0.13812048881880007
353,1155,1508,0.13816064555584442
356,1160,1516,0.1382077554906367
356,1161,1517,0.13824282053158155
356,1157,1513,0.13827423628725588
359,1145,1504,0.13830448292612252
363,1156,1519,0.1383237164979828
362,1146,1508,0.13833125233858337
361,1150,1511,0.13834054097981055
355,1148,1503,0.13835220424949732
355,1149,1504,0.13837757722496233
354,1166,1520,0.13840027644364106
353,1163,1516,0.13842576302134482
348,1166,1514,0.1384522434911574
345,1169,1514,0.138490986887638
347,1163,1510,0.13853469845020716
347,1168,1515,0.13857083603793874
348,1177,1525,0.13860463170305018
346,1171,1517,0.1386332778233459
344,1171,1515,0.1386639818050286
339,1165,1504,0.13869751199728397
337,1163,1500,0.13874201778725362
347,1173,1520,0.1387887605769255
348,1176,1524,0.13880590791861153
346,1182,1528,0.13881932982579306
349,1179,1528,0.13883720104390407
350,1187,1537,0.13884775205863314
344,1173,1517,0.13885510335311718
340,1185,1525,0.13887767959414565
342,1174,1516,0.13891005582793498
335,1165,1500,0.13893559639571773
328,1163,1491,0.13897741190287055
331,1164,1495,0.1390347645896472
333,1179,1512,0.13908039953211998
335,1182,1517,0.1391187815625943
336,1178,1514,0.1391494892482408
333,1181,1514,0.13917659828902015
325,1185,1510,0.1392111891515261
325,1190,1515,0.13926505048781054
325,1188,1513,0.13931492194098521
323,1190,1513,0.13936110523884096
325,1183,1508,0.1394097847861951
329,1186,1515,0.13944891889955982
320,1183,1503,0.13947590961444348
322,1199,1521,0.13952492212377549
324,1190,1514,0.1395662458700887
323,1188,1511,0.13959792080526337
318,1181,1499,0.13963035236386545
323,1184,1507,0.13967442917241926
330,1188,1518,0.13970130909928646
334,1176,1510,0.1397076179453801
330,1177,1507,0.1397014362892007
326,1179,1505,0.13970556221676708
323,1169,1492,0.13971938398273775
331,1170,1501,0.13974180167745592
337,1166,1503,0.13974328710157097
338,1173,1511,0.13973062630116595
337,1189,1526,0.13971653882836013
327,1193,1520,0.13970617942675032
330,1202,1532,0.13972067243237843
326,1197,1523,0.13972806117432526
325,1188,1513,0.1397463154523104
320,1201,1521,0.13976505096041372
318,1200,1518,0.13979477519488584
312,1191,1503,0.13982826045864052
308,1196,1504,0.1398742616913102
309,1191,1500,0.13992693046145377
308,1189,1497,0.13997377123699165
307,1186,1493,0.14002167666458396
311,1187,1498,0.1400705139023237
308,1195,1503,0.14010699247766112
306,1192,1498,0.14014854056732262
309,1197,1506,0.1401926102500433
306,1199,1505,0.14022685991549796
308,1202,1510,0.1402677445517467
308,1201,1509,0.14030125636071888
307,1200,1507,0.1403342674765059
313,1195,1508,0.14036723331541912
310,1199,1509,0.14038156982317543
310,1204,1514,0.1404024556995771
317,1204,1521,0.1404213653284614
314,1203,1517,0.14042074663573983
311,1209,1520,0.1404279594348485
309,1218,1527,0.14044349823727145
304,1217,1521,0.1404622369865695
298,1208,1506,0.14049204586448447
292,1208,1500,0.14053495762289012
298,1208,1506,0.14059094823597584
296,1195,1491,0.1406272279424859
297,1198,1495,0.14066512436614662
303,1203,1506,0.1406982949385812
307,1209,1516,0.14071412694031474
304,1201,1505,0.1407201864015858
302,1197,1499,0.14073226201024555
305,1203,1508,0.1407476713238388
307,1209,1516,0.14075536976023809
303,1211,1514,0.1407589631850125
304,1210,1514,0.14077237750664198
307,1202,1509,0.14078102704791792
308,1218,1526,0.14078163889387307
313,1216,1529,0.14077958603627352
311,1220,1531,0.14076542199538708
310,1199,1509,0.1407575191180267
307,1194,1501,0.14075545631723668
303,1191,1494,0.14076257170281484
295,1190,1485,0.1407802271223251
296,1223,1519,0.14081723430838095
300,1225,1525,0.1408510430034963
290,1208,1498,0.14087014749894677
290,1212,1502,0.14091360898869815
292,1210,1502,0.14095381559042422
285,1210,1495,0.14098795986610926
282,1212,1494,0.14103804012587015
287,1217,1504,0.1410918138016868
292,1216,1508,0.14112854303337197
288,1207,1495,0.14114937537225178
294,1200,1494,0.14117884475511247
301,1208,1509,0.1411924742598
297,1211,1508,0.14118451849021377
296,1213,1509,0.14118896625462724
299,1214,1513,0.14119478668610141
299,1215,1514,0.14119250626288082
301,1207,1508,0.1411895758564073
300,1209,1509,0.14118305760444977
301,1219,1520,0.14117951100677206
293,1219,1512,0.14117513100424783
294,1216,1510,0.14119260952348797
294,1206,1500,0.14120784667057
297,1208,1505,0.14122188591486182
298,1198,1496,0.14122471559471184
296,1210,1506,0.1412244205410521
296,1215,1511,0.14123022265226295
294,1216,1510,0.141236548608336
298,1224,1522,0.1412480931785373
290,1217,1507,0.1412503499271523
288,1212,1500,0.14127222193675973
286,1205,1491,0.14129703926949463
289,1220,1509,0.14132514441940283
284,1221,1505,0.14134430583664984
292,1221,1513,0.1413740971726132
295,1231,1526,0.14138078442862623
285,1226,1511,0.14138023251923573
278,1232,1510,0.14140576009317588
280,1220,1500,0.1414472648433818
276,1216,1492,0.14148176228425213
279,1232,1511,0.14152410458926745
276,1234,1510,0.1415550415192078
280,1225,1505,0.14159278940129794
284,1220,1504,0.14161692469483295
286,1214,1500,0.14162800022069244
285,1222,1507,0.14163269446691598
288,1212,1500,0.14164009532525648
289,1203,1492,0.1416389227462342
287,1214,1501,0.14163558023074163
290,1204,1494,0.1416362136882075
296,1208,1504,0.14162921105206272
291,1213,1504,0.14160942944615568
289,1219,1508,0.14160461920877138
291,1235,1526,0.1416070276903902
290,1239,1529,0.14160634141292236
292,1237,1529,0.14160747291024187
294,1224,1518,0.14160398345437297
290,1223,1513,0.1415942212069121
289,1220,1509,0.1415944669355917
291,1222,1513,0.1415975791144191
290,1229,1519,0.14159471805713542
296,1227,1523,0.14159190671331356
298,1222,1520,0.14157421095831052
303,1218,1521,0.14155122306141052
306,1218,1524,0.1415154870296337
312,1210,1522,0.14147494831614862
302,1212,1514,0.14142271380354218
302,1210,1512,0.14140082564892797
302,1207,1509,0.14137970426461896
295,1208,1503,0.14136054451250918
289,1203,1492,0.14136168541376692
292,1212,1504,0.14137816563781208
291,1220,1511,0.14138526114295538
298,1222,1520,0.14139494843255757
303,1207,1510,0.14138682997005755
303,1204,1507,0.1413671699236522
304,1206,1510,0.14135005883207757
304,1209,1513,0.14133098994395601
306,1218,1524,0.14131393396599823
296,1219,1515,0.1412915300856586
296,1228,1524,0.14129741163815873
298,1214,1512,0.14130263502198404
300,1217,1517,0.14130309448594155
297,1224,1521,0.1412977552161909
299,1224,1523,0.14130044236742972
301,1208,1509,0.14129675972849587
299,1210,1509,0.14128718512208444
298,1213,1511,0.14128213500749973
291,1208,1499,0.14128108131189202
293,1210,1503,0.14129854092352104
295,1207,1502,0.141309632354986
295,1205,1500,0.14131516952013168
300,1217,1517,0.14131964367065875
300,1216,1516,0.14131076756251293
301,1217,1518,0.14130307627940844
304,1220,1524,0.1412931771823228
296,1217,1513,0.14127830998829705
298,1218,1516,0.1412843335030699
296,1210,1506,0.14128439998186842
290,1215,1505,0.14128757692462873
295,1218,1513,0.1413066110933408
297,1218,1515,0.14131253186014123
299,1222,1521,0.1413126311332379
296,1215,1511,0.14130700714465727
296,1214,1510,0.1413092510885767
295,1213,1508,0.14131274954332873
297,1216,1513,0.14131864936080699
298,1217,1515,0.14131747931340988
303,1211,1514,0.1413118026557422
298,1216,1514,0.14129324367438162
296,1210,1506,0.14128843350724382
289,1210,1499,0.14129057899633593
294,1198,1492,0.14131104558105043
294,1196,1490,0.14131461248862334
292,1199,1491,0.14131894806513023
297,1205,1502,0.141327694239287
299,1204,1503,0.14132174989483207
292,1215,1507,0.1413105525700511
299,1213,1512,0.14131787694762013
295,1217,1512,0.14130601572443
296,1223,1519,0.14130702984162086
300,1222,1522,0.14130527908489018
297,1217,1514,0.14129392488223624
299,1235,1534,0.14128913542461002
301,1230,1531,0.14127931067342783
297,1221,1518,0.1412669374895505
296,1219,1515,0.14126754349839646
299,1218,1517,0.1412713303004001
297,1211,1508,0.14126793508786276
294,1199,1493,0.14126900697026612
293,1217,1510,0.1412765917880796
293,1222,1515,0.14128717231296048
295,1220,1515,0.1412986549121513
291,1219,1510,0.14130422114255622
289,1214,1503,0.14131999810215715
289,1211,1500,0.14134001163431034
289,1209,1498,0.1413589299758323
294,1214,1508,0.14137486945289304
290,1216,1506,0.14137660038483574
295,1216,1511,0.1413878507985957
301,1216,1517,0.14138428533542113
296,1217,1513,0.141365552765683
296,1215,1511,0.14136014920423626
299,1216,1515,0.1413550769914255
297,1209,1506,0.1413433595549374
296,1214,1510,0.14133826334262006
289,1220,1509,0.14133580397216952
288,1223,1511,0.14135033933085428
290,1226,1516,0.14136699179982976
291,1219,1510,0.14137809956794822
287,1220,1507,0.14138638572054454
289,1222,1511,0.1414032345377938
289,1218,1507,0.14141449470647305
297,1215,1512,0.14142573899621175
297,1228,1525,0.1414153540757855
292,1223,1515,0.14140630245329544
288,1222,1510,0.14141264664226358
291,1226,1517,0.1414301565553497
289,1223,1512,0.14143920984162012
287,1232,1519,0.1414524887063989
289,1210,1499,0.14147060508390066
286,1209,1495,0.14148279628547478
288,1213,1501,0.14150238456391032
292,1224,1516,0.14151558604395442
286,1228,1514,0.14151785043100212
288,1225,1513,0.1415351349542509
285,1230,1515,0.14154676996604665
288,1222,1510,0.14156506858114032
286,1226,1512,0.141574112375563
290,1222,1512,0.14158700927652318
282,1231,1513,0.14158916250356277
283,1229,1512,0.14161345045310555
277,1233,1510,0.14163372661307588
281,1234,1515,0.14166764435666596
277,1233,1510,0.14168866937776126
276,1228,1504,0.14171802697434024
281,1228,1509,0.14174780990104133
276,1249,1525,0.14176432628106356
277,1241,1518,0.14179293879742993
275,1240,1515,0.14181675512593958
282,1247,1529,0.14184491956907672
271,1247,1518,0.1418548543775975
278,1246,1524,0.14189318573016724
276,1229,1505,0.1419121190615889
274,1228,1502,0.1419350174175954
274,1222,1496,0.1419619682912251
272,1222,1494,0.1419867828983539
278,1226,1504,0.14201453009607853
279,1225,1504,0.14202578907939578
274,1232,1506,0.14203402175229424
272,1232,1504,0.14205506947966795
278,1234,1512,0.14207918080937584
270,1246,1516,0.14208518238877876
272,1245,1517,0.14211288947301098
269,1247,1516,0.14213482559056445
269,1241,1510,0.14216346073305205
268,1251,1519,0.14219057949776703
267,1243,1510,0.1422183890757576
270,1244,1514,0.14224618480383555
270,1248,1518,0.14226432009181017
270,1235,1505,0.14228163770207192
276,1238,1514,0.1422979253965732
279,1251,1530,0.14229651201967514
279,1249,1528,0.1422860463569619
280,1245,1525,0.1422763135203751
275,1251,1526,0.14226433679674078
276,1249,1525,0.14226649644787506
279,1244,1523,0.14226541833908693
277,1261,1538,0.14225653365696417
272,1252,1524,0.14225373559621862
273,1257,1530,0.1422645515291555
269,1258,1527,0.1422721859978785
266,1257,1523,0.14228963909021874
264,1246,1510,0.1423139986099539
262,1254,1516,0.14234195687789664
254,1239,1493,0.14237253205622402
251,1236,1487,0.14242073660867943
255,1245,1500,0.14247184277389663
257,1258,1515,0.14251046503073853
255,1236,1491,0.1425419898121223
255,1246,1501,0.14257655437761796
248,1255,1503,0.14260900420805064
250,1258,1508,0.14265784458345096
250,1262,1512,0.14269737096884894
256,1257,1513,0.14273336606402853
254,1261,1515,0.1427523622225457
258,1266,1524,0.14277528643589385
259,1261,1520,0.1427876016590654
263,1257,1520,0.1427975905576094
256,1254,1510,0.14279602739740016
253,1256,1509,0.14281190981223993
251,1251,1502,0.14283484237766467
247,1261,1508,0.14285995449169647
252,1262,1514,0.1428944176645695
256,1255,1511,0.14291276084717328
254,1272,1526,0.14292023617403513
249,1271,1520,0.1429323607782852
249,1287,1536,0.1429586394697725
251,1280,1531,0.14298263706945277
250,1274,1524,0.14299873446090794
247,1268,1515,0.14301680180339432
246,1268,1514,0.14304132111017412
247,1260,1507,0.14306742229329195
243,1262,1505,0.14308887245618035
244,1274,1518,0.14311794392868588
244,1273,1517,0.14314351294144775
243,1279,1522,0.1431672731816317
246,1275,1521,0.14319294138228028
242,1274,1516,0.1432086070010693
248,1248,1496,0.1432346249426619
251,1252,1503,0.14324319826261733
248,1247,1495,0.1432437445739983
253,1241,1494,0.14325144988989638
252,1247,1499,0.14324632963572917
245,1255,1500,0.14324416856737152
248,1265,1513,0.14326076784601352
248,1264,1512,0.14326868347552804
249,1270,1519,0.14327567081496673
250,1258,1508,0.1432797874036407
243,1266,1509,0.1432815424249123
243,1269,1512,0.14330011121386735
249,1262,1511,0.14331651450179192
249,1274,1523,0.14331742123260457
247,1251,1498,0.14331807946218889
250,1250,1500,0.1433248994045489
249,1255,1504,0.14332286424270863
251,1265,1516,0.1433240703996852
248,1272,1520,0.14332136423213113
246,1271,1517,0.1433274226503205
247,1274,1521,0.14333820909843023
243,1280,1523,0.1433457460785969
248,1278,1526,0.14336408159576752
248,1273,1521,0.1433672485465554
242,1268,1510,0.14337108942473967
239,1269,1508,0.14339026642232938
237,1276,1513,0.14341577746391304
241,1281,1522,0.14344286792679273
241,1285,1526,0.14345731449429955
244,1295,1539,0.14347044672290488
238,1291,1529,0.143474334193131
239,1273,1512,0.14349421181284466
235,1268,1503,0.14350985449240342
238,1279,1517,0.14353489665722485
237,1276,1513,0.14354973323579218
239,1283,1522,0.14356724869491808
236,1276,1512,0.14357869946278323
234,1271,1505,0.14359744574240824
232,1267,1499,0.14362132392775126
235,1266,1501,0.14364905052675794
237,1264,1501,0.14366753066665383
232,1271,1503,0.14367984267042072
233,1268,1501,0.14370465081049486
229,1263,1492,0.1437234716932726
233,1265,1498,0.14375063535706012
228,1273,1501,0.14376522606281958
230,1280,1510,0.1437919471592332
234,1277,1511,0.14381250795959807
228,1277,1505,0.14382126426389494
226,1268,1494,0.14384624133714038
230,1273,1503,0.1438741902374694
227,1279,1506,0.14389006798706167
230,1272,1502,0.14391264918479363
230,1275,1505,0.14392587109957222
233,1283,1516,0.14393962069874605
236,1265,1501,0.14394473297961213
236,1276,1512,0.1439417500885602
234,1278,1512,0.14393903678602796
234,1288,1522,0.1439426236866888
235,1287,1522,0.14394631150331055
233,1287,1520,0.14394650739142764
230,1289,1519,0.14395103376060459
232,1285,1517,0.14396322801487982
234,1277,1511,0.1439691764028285
239,1279,1518,0.14396898583162612
239,1275,1514,0.1439556175024236
237,1277,1514,0.14394312871744286
234,1278,1512,0.1439366528174233
236,1275,1511,0.14393902906473063
234,1278,1512,0.1439360862123264
232,1262,1494,0.14393955986029566
231,1274,1505,0.14394562121245136
233,1270,1503,0.14395214813674273
235,1264,1499,0.14395148475325972
237,1268,1505,0.14394666238176895
243,1271,1514,0.14393495387653016
244,1264,1508,0.14390778584826808
251,1254,1505,0.14387976612573053
246,1255,1501,0.1438359190999592
240,1269,1509,0.14380807999867984
237,1260,1497,0.143799086311917
232,1268,1500,0.1437979311985909
233,1270,1503,0.14381010835661137
240,1271,1511,0.14381724537710946
237,1265,1502,0.14380516796399553
236,1266,1502,0.14380229847100823
237,1269,1506,0.14380303581855128
241,1274,1515,0.1438009130130985
241,1275,1516,0.14378859456087845
241,1287,1528,0.14377784670968746
239,1277,1516,0.14376843616320095
236,1283,1519,0.14376392238133298
234,1282,1516,0.14376939906036845
236,1284,1520,0.14377954699321718
237,1276,1513,0.14378331198118433
233,1283,1516,0.14378456232354067
235,1280,1515,0.14379546569106091
236,1279,1515,0.1438016542515079
234,1276,1510,0.14380603474015471
230,1286,1516,0.14381420616175264
234,1286,1520,0.14383185377114888
230,1290,1520,0.14383937980955616
228,1286,1514,0.14385716308832203
229,1282,1511,0.1438791961989127
223,1296,1519,0.14389616321795795
221,1289,1510,0.14392881397963334
224,1275,1499,0.14396364265752998
224,1266,1490,0.14398699004853732
226,1263,1489,0.14400901172425212
227,1269,1496,0.14402369957952604
231,1277,1508,0.14403546122033212
232,1270,1502,0.14403704146949464
227,1277,1504,0.1440367432007593
226,1290,1516,0.14405102559116117
225,1287,1512,0.1440664137379184
226,1289,1515,0.14408298101080486
224,1287,1511,0.14409688262184928
221,1282,1503,0.1441158179317491
221,1281,1502,0.14414154365530046
223,1291,1514,0.14416544746008988
220,1297,1517,0.14418205681478657
219,1289,1508,0.14420592530005077
221,1302,1523,0.14423072248243243
218,1303,1521,0.14424750916848944
218,1305,1523,0.1442719084856228
215,1318,1533,0.14429408838016405
210,1296,1506,0.14432402899456417
205,1297,1502,0.14436564365561552
209,1289,1498,0.1444164582118107
210,1289,1499,0.14445318928823828
212,1298,1510,0.14448614935276619
207,1289,1496,0.14451199634547757
210,1309,1519,0.14454925105432753
209,1297,1506,0.1445760277486981
211,1309,1520,0.1446039544795306
209,1323,1532,0.1446253464319379
207,1323,1530,0.14465079597647404
207,1323,1530,0.14467999924544667
205,1318,1523,0.14470747043967438
206,1316,1522,0.14473765222656493
205,1308,1513,0.1447631519177501
206,1308,1514,0.14478740905430101
212,1296,1508,0.144806434237955
214,1309,1523,0.14480856892106042
214,1302,1516,0.14480502094185904
215,1296,1511,0.14480101604521026
214,1287,1501,0.1447955221313104
214,1292,1506,0.14479367953620909
213,1297,1510,0.14479146294439896
213,1303,1516,0.1447922910547506
208,1304,1512,0.1447930026323285
209,1300,1509,0.14480647386168588
213,1288,1501,0.14481623604827887
213,1301,1514,0.1448162534882634
204,1304,1508,0.14481539464538276
206,1307,1513,0.14483856532371941
207,1304,1511,0.14485497790793603
207,1302,1509,0.14486826781631382
201,1296,1497,0.1448803111487645
201,1301,1502,0.14490681046175768
197,1307,1504,0.144931108668404
203,1311,1514,0.14496438432303763
201,1304,1505,0.14498063408275372
203,1303,1506,0.14500108209985607
205,1303,1508,0.14501438847898362
207,1316,1523,0.14502151783016026
204,1334,1538,0.1450229804210216
204,1323,1527,0.14503207868431153
203,1333,1536,0.14504164136119846
201,1324,1525,0.14505356932032587
200,1311,1511,0.14506960400648375
197,1308,1505,0.14508785179053588
196,1299,1495,0.14511179097251248
191,1307,1498,0.14513639223575261
197,1304,1501,0.14517166373290055
195,1303,1498,0.1451897578700881
192,1300,1492,0.14521306196427036
188,1316,1504,0.14524176779597203
185,1320,1505,0.14527818344024895
186,1324,1510,0.14531984985165405
191,1319,1510,0.1453553454750929
192,1317,1509,0.14537602408770947
189,1314,1503,0.14539330666684244
188,1314,1502,0.14541751681572168
183,1311,1494,0.14544314280400664
189,1311,1500,0.14548003090317138
187,1307,1494,0.14549956187296553
185,1313,1498,0.14552345480633475
185,1321,1506,0.145549483133835
183,1318,1501,0.14557452721085481
185,1332,1517,0.1456031143105473
191,1331,1522,0.14562554167236919
190,1327,1517,0.14563109260599652
190,1337,1527,0.1456387675055675
188,1340,1528,0.1456462469620953
181,1343,1524,0.14565909566368085
180,1331,1511,0.14568910158655174
184,1331,1515,0.145720369946659
190,1325,1515,0.14573927423864852
185,1327,1512,0.14574126733201365
180,1324,1504,0.14575666320329148
181,1325,1506,0.145783433157948
180,1336,1516,0.14580651420483012
180,1331,1511,0.14583139058678957
183,1320,1503,0.1458532367482709
181,1335,1516,0.1458642253903815
182,1342,1524,0.14588076376928039
184,1340,1524,0.14589385019444048
182,1333,1515,0.14590176817184158
183,1334,1517,0.14591519170282669
181,1342,1523,0.14592516940262454
181,1345,1526,0.1459386154690001
183,1346,1529,0.145951665754121
185,1341,1526,0.14595939522209844
182,1344,1526,0.1459619532742444
178,1348,1526,0.14597226121658163
182,1344,1526,0.14599176636933542
181,1332,1513,0.14599943449975256
182,1330,1512,0.14600872520493138
181,1325,1506,0.14601527742409687
181,1328,1509,0.14602376798009506
183,1326,1509,0.14603157920575188
184,1339,1523,0.14603374209252595
183,1333,1516,0.1460328428514959
180,1337,1517,0.14603444835730095
181,1332,1513,0.14604445492942564
183,1328,1511,0.14605064418744682
183,1328,1511,0.14605106488545133
178,1333,1511,0.1460525190080476
170,1332,1502,0.1460658712596115
172,1331,1503,0.14609920127388853
168,1340,1508,0.14612421779034962
172,1344,1516,0.14615827220903757
170,1344,1514,0.1461800247180921
171,1347,1518,0.14620565909947955
175,1342,1517,0.14622682869646628
175,1338,1513,0.14623621294863715
178,1332,1510,0.14624504966679108
180,1326,1506,0.14624590197800633
172,1343,1515,0.14624163172818253
172,1331,1503,0.14625910366755704
172,1331,1503,0.14627354738086504
171,1328,1499,0.1462868732640452
171,1333,1504,0.1463009802410126
176,1341,1517,0.14631413183572306
175,1331,1506,0.14631326489434654
174,1335,1509,0.14631478815264906
178,1341,1519,0.14631903291061094
175,1341,1516,0.14631289078482168
177,1338,1515,0.14631618023064713
178,1327,1505,0.14631305204595332
181,1330,1511,0.14630598510385745
183,1336,1519,0.14629195510548887
180,1338,1518,0.1462739177595668
173,1339,1512,0.1462650056971853
173,1345,1518,0.14627592888124835
170,1341,1511,0.14628609891516392
172,1351,1523,0.14630272593719362
174,1340,1514,0.1463126213111516
173,1347,1520,0.1463167435947679
168,1355,1523,0.14632375580816742
168,1353,1521,0.14634320781468374
172,1337,1509,0.14636210796023558
169,1346,1515,0.14636875379112535
168,1353,1521,0.14638217829411462
171,1347,1518,0.1463968263846943
173,1345,1518,0.14640236168360626
175,1341,1516,0.14640227334500355
173,1343,1516,0.14639694515354035
173,1337,1510,0.1463962873406468
176,1337,1513,0.14639630601242692
172,1335,1507,0.14638790706018764
173,1331,1504,0.14638967480042084
173,1328,1501,0.1463891731507166
174,1333,1507,0.14638884723925538
177,1342,1519,0.14638465820839308
170,1343,1513,0.1463733636150264
172,1335,1507,0.14638126955975164
172,1339,1511,0.1463851854412361
174,1341,1515,0.1463886723363561
174,1346,1520,0.1463872997362836
172,1349,1521,0.1463850940359278
169,1356,1525,0.14638772513156081
169,1363,1532,0.1463983230689487
169,1364,1533,0.14640821332864656
168,1357,1525,0.14641854383497818
169,1354,1523,0.1464300026548279
168,1365,1533,0.14643963400036528
168,1355,1523,0.14645166865581827
168,1351,1519,0.14646194659920198
168,1351,1519,0.14647163414198797
165,1347,1512,0.14648027416458598
164,1342,1506,0.14649679790320883
164,1349,1513,0.14651597149911008
167,1344,1511,0.1465334380433709
165,1342,1507,0.14654257042216934
168,1343,1511,0.1465560713330507
168,1349,1517,0.14656054094642726
171,1351,1522,0.14656511862931468
168,1352,1520,0.14655986228437148
171,1359,1530,0.14656366443236557
168,1347,1515,0.1465587762399928
162,1353,1515,0.14656252663453245
164,1349,1513,0.14658190274057145
160,1353,1513,0.14659531430013265
157,1360,1517,0.14661799507740692
156,1369,1525,0.14664753017153281
157,1366,1523,0.14667859070731856
157,1369,1526,0.14670508830105658
154,1356,1510,0.14673018143074804
157,1359,1516,0.1467616641373042
158,1354,1512,0.14678259638855695
157,1350,1507,0.14679862099017743
158,1354,1512,0.1468162401059612
160,1355,1515,0.14682995391246007
160,1353,1513,0.1468374179973234
154,1352,1506,0.14684584491774302
154,1351,1505,0.14687018827122308
158,1354,1512,0.1468930987324339
159,1365,1524,0.14690340441860297
156,1360,1516,0.14691083843012884
157,1361,1518,0.14692677287024464
154,1372,1526,0.146939245490585
153,1363,1516,0.1469584174057629
156,1356,1512,0.1469780554766089
158,1355,1513,0.14698891076244486
162,1357,1519,0.14699351714056774
159,1359,1518,0.1469864182670374
158,1368,1526,0.14698799713326235
157,1357,1514,0.14699247135998483
161,1361,1522,0.14699857184864082
157,1357,1514,0.14699389527316772
158,1365,1523,0.1470008611050551
161,1375,1536,0.1470040552732838
159,1366,1525,0.14699906852178327
160,1365,1525,0.14700003861712937
163,1363,1526,0.14699751246979903
159,1360,1519,0.14698608229762583
158,1352,1510,0.1469860995165807
156,1346,1502,0.14698840631869972
149,1340,1489,0.1469974023993038
152,1353,1505,0.1470234170394372
154,1358,1512,0.14703904018906994
161,1356,1517,0.14704931181750833
161,1362,1523,0.14704038376937828
158,1370,1528,0.1470325329642772
156,1362,1518,0.14703306797521987
154,1351,1505,0.1470393663759194
153,1359,1512,0.14704909112324344
148,1371,1519,0.147061628679145
154,1360,1514,0.14708568479216197
148,1347,1495,0.14709168187859598
151,1351,1502,0.14711300892864243
150,1350,1500,0.14712551200387
147,1365,1512,0.14713957724703228
148,1365,1513,0.1471609814017377
148,1357,1505,0.14717766883644331
147,1367,1514,0.1471933748523827
146,1367,1513,0.1472116703097988
145,1368,1513,0.14723154942908487
143,1369,1512,0.14725224842963178
143,1370,1513,0.14727779611763972
145,1365,1510,0.1473019928255756
148,1373,1521,0.14731930921151473
142,1379,1521,0.14732825386657922
140,1379,1519,0.14735267846876898
141,1374,1515,0.14738145304171557
141,1378,1519,0.14740537174227192
143,1379,1522,0.14742773989125424
141,1374,1515,0.1474436328481997
141,1385,1526,0.1474642627376153
140,1379,1519,0.14748296008466194
141,1373,1514,0.14750339887423627
139,1375,1514,0.14751979302292603
139,1375,1514,0.14754048601513076
141,1376,1517,0.14756090697075813
140,1376,1516,0.1475740993001568
136,1377,1513,0.14758878732041844
139,1374,1513,0.1476132425216891
138,1374,1512,0.14762780793202457
135,1380,1515,0.14764541328798553
134,1380,1514,0.14766981140156088
130,1382,1512,0.14769638521975234
133,1383,1516,0.1477313332990869
128,1395,1523,0.1477556215271432
128,1397,1525,0.1477919076112081
125,1386,1511,0.14782582619155002
125,1383,1508,0.1478656232771471
127,1388,1515,0.147902931613435
124,1369,1493,0.14793241021636758
125,1364,1489,0.14796803007194426
125,1369,1494,0.1479986981262544
127,1377,1504,0.1480274904061897
124,1377,1501,0.14804934074675938
121,1374,1495,0.14807811511491187
118,1370,1488,0.14811253535374683
117,1384,1501,0.14815214999578372
117,1385,1502,0.14819186601363904
117,1392,1509,0.14822859634050187
122,1388,1510,0.14826286167897418
124,1393,1517,0.14828115057952895
123,1394,1517,0.1482927427557383
123,1382,1505,0.14830675575090146
125,1392,1517,0.14831966382071016
125,1395,1520,0.14832670689965854
122,1387,1509,0.14833352032680086
124,1381,1505,0.14834781883094122
125,1393,1518,0.14835668642421626
123,1401,1524,0.1483627449632587
125,1397,1522,0.14837431051683259
124,1399,1523,0.14837964734219716
122,1400,1522,0.14838742412798545
121,1406,1527,0.14840040052615788
117,1405,1522,0.1484149766886442
113,1397,1510,0.14843992806009357
117,1397,1514,0.14847230892909555
116,1405,1521,0.14849072661672064
117,1397,1514,0.14851141287614447
121,1392,1513,0.14852843335718216
125,1392,1517,0.1485325266942799
123,1407,1530,0.14852536193665503
123,1398,1521,0.14852491987565522
123,1392,1515,0.14852424171685694
121,1390,1511,0.14852325644800812
118,1404,1522,0.1485276387595923
116,1411,1527,0.14854007478278128
120,1402,1522,0.1485565524538753
121,1398,1519,0.14856062767185943
121,1387,1508,0.14856146278973675
124,1392,1516,0.14856238760074503
125,1387,1512,0.14855487676022888
125,1396,1521,0.1485453446910532
121,1395,1516,0.1485370417789547
120,1387,1507,0.14854074520191465
118,1386,1504,0.14854760410084197
121,1379,1500,0.14855932136730274
122,1395,1517,0.14856204007642324
120,1407,1527,0.1485613759577755
117,1390,1507,0.14856704298772347
116,1387,1503,0.1485803807271187
115,1395,1510,0.14859511025069497
114,1400,1514,0.14861154160520762
114,1392,1506,0.14862974014740296
115,1396,1511,0.14864735366583193
109,1399,1508,0.1486605952823722
107,1385,1492,0.14868850204376327
112,1395,1507,0.14871935245328533
115,1396,1511,0.14873464540081285
114,1397,1511,0.14874105044068342
114,1396,1510,0.14875000010009953
115,1396,1511,0.14875793526192405
116,1400,1516,0.14876270176390316
112,1404,1516,0.1487650177893209
114,1407,1521,0.14877790802441065
110,1414,1524,0.14878450355697992
111,1409,1520,0.14880155783264468
113,1400,1513,0.14881495866621866
115,1394,1509,0.14882175734607833
112,1395,1507,0.14882185379106885
111,1400,1511,0.1488309219431893
111,1410,1521,0.14884189288952548
109,1402,1511,0.14885295796190562
109,1395,1504,0.14886760120277015
115,1389,1504,0.14888122473932783
114,1406,1520,0.14887659860493851
113,1407,1520,0.14887479373308213
112,1404,1516,0.14887630143350392
115,1404,1519,0.14888095762890516
119,1407,1526,0.14887649874395406
118,1406,1524,0.14886106009644087
116,1404,1520,0.1488494923856416
115,1400,1515,0.14884427477086998
116,1410,1526,0.14884214825362027
116,1405,1521,0.14883699827280034
116,1404,1520,0.14883268203399327
117,1396,1513,0.14882913723486613
116,1412,1528,0.14882267853645237
112,1407,1519,0.14882014646856764
109,1397,1506,0.1488290389777845
108,1410,1518,0.14884555145663111
110,1407,1517,0.14886366951183516
111,1412,1523,0.14887492381177567
106,1410,1516,0.1488829752732945
102,1408,1510,0.14890379736523962
102,1422,1524,0.14893395441888163
98,1411,1509,0.1489621204877032
101,1418,1519,0.14899957864386532
104,1424,1528,0.14902606251579611
105,1421,1526,0.1490425458709413
106,1417,1523,0.14905466957542754
106,1418,1524,0.14906407364807606
107,1418,1525,0.1490728516898581
102,1414,1516,0.14907764368696355
99,1409,1508,0.14909617700345532
99,1399,1498,0.14912198568572446
100,1395,1495,0.14914554504420396
99,1394,1493,0.14916544072617602
95,1407,1502,0.1491869959877052
89,1408,1497,0.1492184344052131
92,1419,1511,0.14926449728052985
90,1426,1516,0.14929841428720877
93,1432,1525,0.14933489986952453
90,1435,1525,0.14936077199601835
87,1429,1516,0.14939264075673284
85,1419,1504,0.14943081535831076
86,1419,1505,0.14947178832301944
87,1426,1513,0.14950706920449222
85,1428,1513,0.14953748594004182
82,1447,1529,0.14957189859986766
85,1447,1532,0.14961258381228482
86,1442,1528,0.1496416389199155
85,1446,1531,0.14966608520836944
86,1446,1532,0.1496925260411388
86,1436,1522,0.14971444678383056
82,1427,1509,0.149735397581376
83,1439,1522,0.1497657734173331
84,1423,1507,0.14979126913966112
86,1437,1523,0.1498123910897976
87,1423,1510,0.14982644367383377
85,1425,1510,0.1498367883642705
84,1437,1521,0.1498524393384273
84,1431,1515,0.14986948334432088
82,1426,1508,0.1498853221936578
77,1434,1511,0.14990579564278583
78,1435,1513,0.14994001116036632
76,1429,1505,0.1499695483339979
74,1445,1519,0.1500032475216013
75,1448,1523,0.15004039610247566
74,1443,1517,0.15007200453364988
74,1437,1511,0.1501044381354461
75,1438,1513,0.1501348293313791
77,1429,1506,0.15016065366815404
80,1427,1507,0.15017940698105567
79,1441,1520,0.15018783346496775
77,1423,1500,0.15019868916715753
76,1427,1503,0.15021520185177567
76,1444,1520,0.15023297044784878
76,1439,1515,0.15024950649050847
77,1447,1524,0.150265215519844
74,1447,1521,0.15027755427055978
72,1436,1508,0.15029735507903383
74,1435,1509,0.15032172380768577
73,1434,1507,0.1503392966645898
72,1445,1517,0.15035871721944905
69,1441,1510,0.1503796461898761
69,1457,1526,0.15040833766346337
71,1450,1521,0.15043511034771165
71,1447,1518,0.15045408166556942
71,1448,1519,0.15047188049141028
71,1449,1520,0.15048845205988823
70,1452,1522,0.1505040516784972
73,1457,1530,0.15052151467226094
74,1441,1515,0.1505293613979371
75,1444,1519,0.15053423214063133
76,1440,1516,0.15053611617473772
75,1461,1536,0.15053493490675135
75,1457,1532,0.1505375599193294
74,1448,1522,0.150539841743507
74,1448,1522,0.15054504183319634
75,1440,1515,0.15054960652650975
75,1446,1521,0.15055109864847127
72,1459,1531,0.15055232022361867
73,1450,1523,0.15056196077033465
71,1452,1523,0.15056845542927313
71,1448,1519,0.1505797573718518
70,1445,1515,0.1505902760838195
70,1438,1508,0.15060324775281902
73,1434,1507,0.15061531364607936
72,1439,1511,0.1506177525123311
75,1448,1523,0.15062291417708637
76,1437,1513,0.15061948035372233
76,1436,1512,0.15061311162693147
76,1439,1515,0.1506072926332179
75,1433,1508,0.150601455501649
74,1439,1513,0.15059913380589637
78,1435,1513,0.1505996891779554
75,1448,1523,0.1505888444208858
76,1452,1528,0.1505875017747002
77,1446,1523,0.15058341478329906
77,1441,1518,0.15057686935221778
76,1443,1519,0.15057042792862954
77,1439,1516,0.15056723829649246
77,1438,1515,0.15056123807534585
76,1435,1511,0.15055562268357495
75,1431,1506,0.15055356489043947
77,1441,1518,0.15055434189125097
79,1446,1525,0.150548633072522
76,1440,1516,0.1505378057145351
76,1436,1512,0.1505366192145388
75,1430,1505,0.15053588540518267
73,1427,1500,0.15053807406956526
73,1429,1502,0.15054575036577403
72,1438,1510,0.15055297257868513
72,1439,1511,0.15056287831962742
70,1447,1517,0.1505721532287597
70,1455,1525,0.1505862209207729
73,1454,1527,0.15059945667317162
70,1458,1528,0.15060359107420057
69,1449,1518,0.15061636693459668
71,1452,1523,0.15063160174936063
73,1447,1520,0.15063956758309874
74,1453,1527,0.15064078244422854
71,1442,1513,0.15063922753407513
70,1459,1529,0.15064654560089574
69,1451,1520,0.15065663492883422
66,1441,1507,0.15066859790132084
65,1455,1520,0.1506879812992304
67,1455,1522,0.15070954825491992
69,1444,1513,0.15072405372648226
69,1443,1512,0.15073177697825113
68,1447,1515,0.15073869386788255
69,1442,1511,0.1507480826221574
69,1428,1497,0.15075409130246903
70,1430,1500,0.15075993489698716
65,1433,1498,0.15076287809813937
66,1439,1505,0.150779898275599
65,1442,1507,0.1507930983579608
65,1451,1516,0.150808682678236
65,1449,1514,0.15082347368626756
62,1449,1511,0.1508379755699755
60,1456,1516,0.15086024621029806
59,1455,1514,0.150886704349259
58,1446,1504,0.15091401246949082
56,1447,1503,0.15094232317629866
55,1465,1520,0.15097434275444432
56,1457,1513,0.15100721907523287
56,1464,1520,0.15103516774021236
57,1456,1513,0.15106127387098528
59,1461,1520,0.15108278220950375
57,1474,1531,0.15109726328497838
57,1466,1523,0.15111725680252366
55,1460,1515,0.15113596196166423
56,1464,1520,0.15115939946415996
56,1458,1514,0.15117852830024567
58,1463,1521,0.15119556375743617
59,1452,1511,0.15120545102627247
59,1443,1502,0.15121194130519827
59,1428,1487,0.15121809554939503
55,1436,1491,0.15122388823644964
55,1441,1496,0.15124065281078877
55,1441,1496,0.15125625267081275
56,1433,1489,0.1512711939885871
57,1441,1498,0.15128231720614616
57,1447,1504,0.151289687767052
59,1451,1510,0.15129652670276272
59,1463,1522,0.15129731909614433
58,1468,1526,0.15129769986327632
59,1480,1539,0.1513012678317696
60,1479,1539,0.1513023715537157
60,1476,1536,0.15130018843607063
59,1474,1533,0.15129847310480307
62,1472,1534,0.1513000006858244
60,1460,1520,0.15129224878060776
60,1464,1524,0.1512911905882309
60,1451,1511,0.1512899151193706
61,1450,1511,0.1512885244482765
59,1464,1523,0.15128401297371336
59,1476,1535,0.15128574678398568
57,1471,1528,0.15128758035145132
58,1461,1519,0.15129458775448917
57,1473,1530,0.15129818029352693
57,1464,1521,0.1513051144085265
57,1464,1521,0.15131163713903276
59,1454,1513,0.15131748535786307
59,1454,1513,0.15131758225933925
57,1463,1520,0.15131776183116177
54,1461,1515,0.15132400728118472
54,1464,1518,0.15133832999913926
56,1450,1506,0.15135171134917985
52,1461,1513,0.15135838220769005
55,1466,1521,0.15137587439013975
54,1475,1529,0.15138361917137685
56,1463,1519,0.15139424737319604
58,1464,1522,0.151398379137659
57,1461,1518,0.15139667668321846
56,1457,1513,0.15139818684587694
56,1456,1512,0.15140263167375245
56,1460,1516,0.15140689230388524
57,1463,1520,0.15141081155516264
59,1464,1523,0.1514115871010804
58,1465,1523,0.1514065158659478
59,1450,1509,0.151404915612205
56,1453,1509,0.15140069361860548
56,1458,1514,0.1514053056671499
59,1453,1512,0.15140960872089523
59,1456,1515,0.15140529607201333
58,1455,1513,0.15140148286576333
58,1471,1529,0.1514008504661739
54,1456,1510,0.1514004989920748
54,1454,1508,0.1514113365013365
57,1457,1514,0.15142150572554608
59,1442,1501,0.15142244604758295
60,1445,1505,0.15141742958449186
57,1451,1508,0.15140980451630662
58,1452,1510,0.15141157311297262
61,1467,1528,0.15141009168625005
62,1462,1524,0.15139971149591885
60,1466,1526,0.15138749212381677
59,1455,1514,0.15138158918862898
59,1459,1518,0.15137851407517847
59,1470,1529,0.1513760015893805
58,1474,1532,0.15137391516051582
58,1477,1535,0.15137492922636914
57,1467,1524,0.1513760884565114
56,1455,1511,0.15138049483145027
57,1461,1518,0.1513869943844036
57,1460,1517,0.15139011085426643
58,1465,1523,0.15139305289915148
59,1463,1522,0.1513926259603295
58,1458,1516,0.1513894623884406
55,1459,1514,0.15138967975233292
56,1456,1512,0.15139882694962634
58,1465,1523,0.1514045157517809
61,1455,1516,0.15140379447193833
61,1460,1521,0.15139426394904315
60,1463,1523,0.1513854855379691
60,1470,1530,0.15138020725703644
59,1479,1538,0.151375318586347
60,1450,1510,0.15137343982177362
58,1460,1518,0.15136897935366908
58,1459,1517,0.15137069085008548
58,1460,1518,0.15137201859336305
58,1457,1515,0.15137345564262072
60,1459,1519,0.15137478760127032
60,1463,1523,0.1513701501569921
58,1462,1520,0.1513655645635521
60,1459,1519,0.15136656075339772
57,1475,1532,0.1513616170497197
58,1468,1526,0.15136590435670721
59,1471,1530,0.15136697663327775
58,1463,1521,0.15136536210691887
55,1458,1513,0.1513665117877067
54,1458,1512,0.15137668206022162
59,1454,1513,0.15138893893335945
56,1453,1509,0.15138646869593025
54,1455,1509,0.15139247619253254
55,1466,1521,0.15140371949188844
55,1450,1505,0.15141127944193017
56,1458,1514,0.15141832432504274
54,1459,1513,0.15142190710390527
53,1460,1513,0.15143086132093417
54,1456,1510,0.15144190852415793
52,1469,1521,0.15144938489277718
56,1460,1516,0.1514619806772218
55,1464,1519,0.1514625231919786
54,1461,1515,0.1514663595927751
53,1475,1528,0.1514728124237516
53,1465,1518,0.1514816188258099
52,1463,1515,0.15148985470052886
55,1462,1517,0.1515000387101922
56,1464,1520,0.15150076837561907
56,1456,1512,0.1514986100180044
59,1460,1519,0.1514966394047843
59,1450,1509,0.15148609657821718
60,1452,1512,0.1514763352106535
60,1457,1517,0.15146454815938662
61,1450,1511,0.1514536586262552
61,1452,1513,0.15144062262827096
60,1452,1512,0.15142828957121338
60,1458,1518,0.15141941967357397
58,1458,1516,0.15141106614862135
58,1459,1517,0.15140919375385364
58,1467,1525,0.1514075000261447
59,1470,1529,0.15140588650924122
61,1478,1539,0.15140120433304094
60,1456,1516,0.15139116117708326
58,1456,1514,0.15138445478097812
55,1464,1519,0.15138390011777672
58,1460,1518,0.15139137472001366
56,1458,1514,0.15138936917006365
57,1454,1511,0.1513931903846063
61,1454,1515,0.1513937765489927
61,1460,1521,0.15138320703522784
59,1455,1514,0.1513734118306527
58,1441,1499,0.15136987329446222
56,1456,1512,0.15137008345273417
53,1457,1510,0.1513764046259251
54,1456,1510,0.1513911237023137
56,1462,1518,0.15140180248955004
55,1445,1500,0.1514061991820637
56,1454,1510,0.15141308351049002
53,1459,1512,0.15141651946961981
52,1455,1507,0.15142800916749288
50,1451,1501,0.15144141063568672
53,1450,1503,0.1514595124432905
55,1444,1499,0.15146773408901057
56,1444,1500,0.15146971296112782
56,1441,1497,0.15146847548923426
55,1452,1507,0.15146742587676632
54,1448,1502,0.1514693010035567
55,1450,1505,0.15147373159509775
52,1446,1498,0.151474905174694
52,1456,1508,0.15148457922306835
52,1464,1516,0.15149355712868554
49,1447,1496,0.15150245800234735
48,1450,1498,0.15151939214987908
48,1462,1510,0.15153789099572892
48,1464,1512,0.1515551940317278
49,1477,1526,0.15157168626602202
49,1475,1524,0.1515842775811663
47,1476,1523,0.15159608554889598
48,1484,1532,0.1516128068351409
47,1482,1529,0.1516254232681332
50,1469,1519,0.1516398037541523
50,1464,1514,0.15164490718275642
52,1453,1505,0.15164961950741193
50,1458,1508,0.15164832213654622
50,1470,1520,0.15165307732637134
50,1469,1519,0.15165739684516877
49,1484,1533,0.15166138310146407
48,1483,1531,0.15166819336045026
47,1472,1519,0.15167715478531585
47,1469,1516,0.15168825048513399
50,1478,1528,0.1516989923516016
51,1486,1537,0.1517008561715006
50,1458,1508,0.15169978442620896
51,1473,1524,0.1517021273692913
52,1464,1516,0.15170136085802896
54,1462,1516,0.15169795834144217
51,1464,1515,0.1516891710796555
50,1456,1506,0.1516895774624991
49,1453,1502,0.1516924881969302
49,1445,1494,0.1516983841704046
49,1447,1496,0.15170401672407613
48,1457,1505,0.15170928183515678
47,1447,1494,0.15171731777544767
45,1449,1494,0.1517280324423751
48,1462,1510,0.15174359582597835
49,1452,1501,0.15174981994266795
48,1449,1497,0.1517527986453743
48,1471,1519,0.1517584532183071
47,1473,1520,0.15176378723498823
48,1472,1520,0.15177202869068349
47,1476,1523,0.1517769007726219
46,1479,1525,0.15178452070484805
46,1478,1524,0.15179448161902157
47,1473,1520,0.15180348523954124
47,1457,1504,0.15180918619556089
49,1466,1515,0.1518145021148442
47,1467,1514,0.15181386307941447
48,1463,1511,0.15181930371221664
48,1470,1518,0.15182165031563868
46,1461,1507,0.15182389924094433
46,1470,1516,0.15183163242579925
46,1477,1523,0.15183885128004268
45,1469,1514,0.15184543428638922
41,1467,1508,0.15185460620853322
44,1457,1501,0.15187430828874596
43,1464,1507,0.15188413539548282
45,1476,1521,0.15189612587676543
45,1467,1512,0.15190145618248166
42,1476,1518,0.1519064066285822
43,1468,1511,0.15191933595945778
44,1476,1520,0.15192861237065305
44,1473,1517,0.1519345095772793
42,1489,1531,0.15194000486637513
41,1481,1522,0.1519507003501795
40,1473,1513,0.15196353752829658
40,1464,1504,0.1519783404135351
39,1462,1501,0.1519920606135355
39,1467,1506,0.15200772223138562
39,1473,1512,0.15202226663238588
42,1465,1507,0.15203571431667137
42,1471,1513,0.1520398680133274
43,1474,1517,0.1520439012636371
43,1483,1526,0.15204491108112225
42,1471,1513,0.15204588084483092
43,1465,1508,0.15204971295443387
44,1470,1514,0.15205036475416
42,1463,1505,0.1520481580107676
41,1476,1517,0.15205187530204
39,1473,1512,0.15205822320651838
39,1483,1522,0.15206986930506883
38,1487,1525,0.15208081176553848
38,1483,1521,0.15209401700903202
38,1486,1524,0.1521061490648609
40,1487,1527,0.15211759713518966
42,1481,1523,0.1521224767766045
40,1486,1526,0.15212132024940936
38,1486,1524,0.15212585649791496
39,1487,1526,0.15213608164141496
39,1489,1528,0.15214279040434872
39,1494,1533,0.152149070857506
39,1502,1541,0.1521548464538742
37,1488,1525,0.15216027619804734
37,1505,1542,0.15217119759588102
36,1492,1528,0.15218151506647268
37,1499,1536,0.15219409402337036
37,1490,1527,0.15220281950126552
37,1477,1514,0.15221109864710042
38,1488,1526,0.15221884780014236
37,1480,1517,0.15222332802848398
36,1492,1528,0.15223049537244207
36,1483,1519,0.15224009068810582
34,1475,1509,0.1522489272074239
36,1488,1524,0.15226270263052588
36,1465,1501,0.15226975224612416
37,1475,1512,0.1522764080243653
35,1479,1514,0.15227969363715108
34,1479,1513,0.1522885137477566
33,1469,1502,0.15229966511085138
35,1472,1507,0.152313025197923
35,1478,1513,0.15231959299546913
34,1488,1522,0.15232573760173562
33,1483,1516,0.15233436731736824
35,1481,1516,0.15234548352562216
35,1477,1512,0.15235012973939124
36,1476,1512,0.15235445431132388
35,1490,1525,0.15235559560573012
34,1493,1527,0.15235960057892126
35,1493,1528,0.15236632779690473
35,1480,1515,0.15236974036474976
36,1474,1510,0.1523729611342432
37,1488,1525,0.15237293827682244
37,1488,1525,0.15236990623071542
35,1484,1519,0.15236709050927016
36,1488,1524,0.15237035297053045
36,1484,1520,0.15237050062163554
37,1476,1513,0.1523706610001937
37,1475,1512,0.15236776459011353
38,1481,1519,0.15236517745036748
36,1482,1518,0.1523599349894348
36,1489,1525,0.15236069442052014
38,1477,1515,0.15236139212530841
36,1471,1507,0.15235633095439194
36,1478,1514,0.1523572788004185
35,1490,1525,0.15235817168715657
35,1483,1518,0.15236184932159558
36,1485,1521,0.1523651801844147
36,1494,1530,0.1523653789381361
35,1487,1522,0.15236552130218978
34,1490,1524,0.15236850600889112
35,1488,1523,0.1523742513056837
35,1476,1511,0.1523769023286569
32,1479,1511,0.15237936595830498
33,1488,1521,0.15239020147224225
31,1482,1513,0.15239749890314555
33,1490,1523,0.1524101843833403
33,1498,1531,0.15241612502049723
33,1488,1521,0.15242171437178745
32,1488,1520,0.1524269332964464
31,1470,1501,0.15243479293556042
30,1480,1510,0.15244501895723628
31,1479,1510,0.15245753640723586
31,1484,1515,0.15246620658593188
33,1480,1513,0.15247427396279328
35,1484,1519,0.15247592036914998
36,1471,1507,0.152471591600092
36,1466,1502,0.15246491043602528
36,1464,1500,0.1524587992164291
36,1475,1511,0.15245317750022414
38,1482,1520,0.15244799125422973
38,1466,1504,0.1524371391851055
38,1469,1507,0.15242726220007483
37,1465,1502,0.1524180686177477
37,1477,1514,0.152412651577466
33,1502,1535,0.15240778827737966
30,1486,1516,0.15241474092872453
29,1473,1502,0.15242994607506882
30,1471,1501,0.1524469777794456
29,1475,1504,0.15246010993607528
30,1495,1525,0.1524751620840746
30,1472,1502,0.1524863043395543
32,1470,1502,0.15249665671910775
32,1475,1507,0.15250063599423802
31,1485,1516,0.15250439840946575
28,1491,1519,0.15251081664214744
27,1491,1518,0.1525257446448667
28,1495,1523,0.15254272700076277
27,1493,1520,0.1525555237753099
25,1497,1522,0.1525702974775271
26,1477,1503,0.15258999050437658
28,1487,1515,0.15260542358645812
26,1490,1516,0.15261402730301257
26,1488,1514,0.15262811088236558
25,1493,1518,0.1526412896978343
26,1498,1524,0.15265662093657817
26,1492,1518,0.15266797455665426
25,1489,1514,0.15267863362470052
25,1484,1509,0.15269164612774916
26,1483,1509,0.15270376730324123
26,1492,1518,0.15271217875353507
27,1478,1505,0.15272007680509525
28,1479,1507,0.1527245406832637
28,1494,1522,0.15272589778949755
27,1494,1521,0.15272728117535783
28,1501,1529,0.152731616112837
27,1503,1530,0.15273263649879945
28,1487,1515,0.15273666499121524
30,1498,1528,0.15273759308174634
30,1486,1516,0.15273251669733434
30,1497,1527,0.152727949520158
29,1492,1521,0.15272384643557124
28,1499,1527,0.15272310370830922
24,1494,1518,0.15272538391150053
24,1488,1512,0.1527391293943959
23,1491,1514,0.15275196003460537
21,1485,1506,0.15276689656612713
25,1474,1499,0.15278669081535537
24,1478,1502,0.15279334563985983
21,1492,1513,0.15280250694442654
21,1491,1512,0.15281995153388808
23,1501,1524,0.15283611624896243
25,1495,1520,0.15284505587151012
23,1474,1497,0.15284759849040327
23,1482,1505,0.15285608980334925
24,1488,1512,0.1528639165807702
23,1494,1517,0.15286844200789393
24,1497,1521,0.15287580278818821
25,1485,1510,0.15287970524844105
25,1486,1511,0.15288047203262153
25,1487,1512,0.15288132864208404
25,1501,1526,0.15288221613230457
26,1497,1523,0.15288298800670153
25,1494,1519,0.15288098098973785
25,1488,1513,0.15288196669553067
26,1482,1508,0.15288303602413156
26,1467,1493,0.15288119372274722
24,1470,1494,0.1528795273896071
24,1483,1507,0.1528839389002925
24,1500,1524,0.1528879900821367
25,1514,1539,0.152891779518695
23,1504,1527,0.15289244842712138
25,1493,1518,0.15289886169480937
24,1495,1519,0.1528988380318761
26,1507,1533,0.1529018260706649
28,1505,1533,0.15289887498233432
28,1505,1533,0.15289029462606354
28,1501,1529,0.15288235766860242
27,1501,1528,0.1528750121919254
26,1487,1513,0.1528712634345792
27,1495,1522,0.15287069984435508
27,1499,1526,0.15286706886213328
26,1496,1522,0.1528637462835037
25,1485,1510,0.15286350884133892
25,1492,1517,0.15286617218973056
24,1488,1512,0.1528685846188217
23,1488,1511,0.15287362861027348
21,1490,1511,0.15288129413390522
21,1492,1513,0.152894312903109
22,1492,1514,0.15290646153583645
22,1489,1511,0.1529148703644785
22,1495,1517,0.15292275598277696
21,1500,1521,0.15293019616938852
21,1493,1514,0.15294020478636344
21,1492,1513,0.15294977736884643
20,1490,1510,0.1529587604127463
19,1481,1500,0.15297012568638796
19,1500,1519,0.15298381805182706
21,1503,1524,0.15299666573393755
22,1498,1520,0.15300253313092227
21,1485,1506,0.1530051995731485
21,1494,1515,0.15301071958689572
22,1498,1520,0.15301584382252795
23,1489,1512,0.15301768007579641
22,1491,1513,0.1530164047695586
23,1485,1508,0.15301824673069808
22,1480,1502,0.15301707055679184
23,1479,1502,0.1530190725965128
24,1476,1500,0.1530179870049448
24,1499,1523,0.15301405115025044
23,1508,1531,0.15301043699127795
22,1504,1526,0.15301000577456952
23,1509,1532,0.15301243490721939
23,1507,1530,0.15301177561066312
23,1504,1527,0.15301122021907787
23,1499,1522,0.15301072854322212
23,1495,1518,0.15301028511524228
23,1497,1520,0.15300988139444072
22,1485,1507,0.15300951174520722
23,1488,1511,0.1530121845797834
21,1485,1506,0.15301167594559179
20,1501,1521,0.15301715317697082
20,1497,1517,0.15302502286595812
20,1482,1502,0.15303231781472879
20,1492,1512,0.15303909564354334
21,1503,1524,0.1530454028143159
21,1510,1531,0.15304828827591532
22,1507,1529,0.15305108698785636
22,1506,1528,0.15305072054306135
22,1509,1531,0.15305051625576538
23,1493,1516,0.15305038312867922
23,1501,1524,0.1530472870933416
23,1504,1527,0.15304442295285542
23,1507,1530,0.1530417683330522
23,1512,1535,0.15303930693030998
23,1506,1529,0.15303702216496834
24,1514,1538,0.15303489877691753
24,1520,1544,0.15303000120555693
23,1509,1532,0.1530254512731355
22,1512,1534,0.153024218609269
22,1510,1532,0.15302594698943345
21,1505,1526,0.15302756293705622
20,1504,1524,0.15303194650018448
21,1502,1523,0.15303898198522312
21,1496,1517,0.153042544093099
21,1500,1521,0.1530458316656523
22,1483,1505,0.15304881449429908
21,1491,1512,0.15304861509949547
21,1511,1532,0.15305142924476456
19,1497,1516,0.15305407990505276
18,1501,1519,0.15306254956109863
18,1488,1506,0.1530733420967526
17,1490,1507,0.15308337385066367
17,1498,1515,0.1530956549722298
17,1502,1519,0.15310709435340844
17,1496,1513,0.15311774940968276
16,1506,1522,0.15312768964905932
17,1497,1514,0.15313997710031044
17,1495,1512,0.1531483680934592
17,1493,1510,0.15315620154296428
16,1502,1518,0.15316352082569268
16,1499,1515,0.15317335944045662
16,1511,1527,0.15318258733134646
14,1519,1533,0.15319122547305777
14,1494,1508,0.1532054034242153
14,1500,1514,0.15321860607563076
14,1509,1523,0.15323092131166494
13,1496,1509,0.15324246867693048
12,1476,1488,0.15325634125674414
12,1490,1502,0.15327239562449807
12,1513,1525,0.1532874270107714
12,1518,1530,0.15330154164796675
11,1518,1529,0.15331470708411893
12,1505,1517,0.15333009968577357
12,1499,1511,0.15334141401391108
12,1497,1509,0.15335203952534912
12,1505,1517,0.1533620137040454
12,1498,1510,0.1533713743484615
12,1496,1508,0.1533801591332906
12,1497,1509,0.15338840392950842
15,1509,1524,0.1533961425054991
14,1492,1506,0.15339394815700808
14,1489,1503,0.15339510072119059
15,1488,1503,0.1533962651669265
15,1478,1493,0.15339424255495193
15,1475,1490,0.15339249219502357
15,1471,1486,0.1533909151571241
14,1487,1501,0.15338947845911385
13,1509,1522,0.15339121537372102
13,1505,1518,0.15339597023237705
15,1499,1514,0.1534003170008477
15,1489,1504,0.15339812346016576
15,1492,1507,0.15339620571608248
16,1498,1514,0.15339446337125634
15,1508,1523,0.15338973865807115
14,1499,1513,0.15338840546348376
14,1509,1523,0.15339030534310452
14,1495,1509,0.15339198020438657
13,1508,1521,0.15339351377842747
14,1512,1526,0.15339799244065935
13,1516,1529,0.1533990677208678
13,1523,1536,0.15340317436656825
13,1519,1532,0.1534069596831643
13,1515,1528,0.15341051386238688
11,1519,1530,0.15341383768552108
10,1523,1533,0.15342310726739938
10,1516,1526,0.1534349555933861
10,1507,1517,0.1534460086826922
10,1511,1521,0.1534562962039919
10,1509,1519,0.15346590886538672
11,1511,1522,0.15347490402104705
11,1508,1519,0.1534800647751843
11,1505,1516,0.15348498187620976
11,1503,1514,0.1534896133270325
11,1509,1520,0.15349396767477091
11,1512,1523,0.15349805878638778
11,1513,1524,0.1535019015076895
11,1509,1520,0.15350551048987998
10,1508,1518,0.15350889980044577
10,1521,1531,0.1535151731722354
10,1524,1534,0.153521061698543
10,1520,1530,0.15352657372029932
11,1509,1520,0.15353174341198103
11,1500,1511,0.15353334479955705
10,1507,1517,0.15353484166835585
11,1508,1519,0.15353937706079093
12,1514,1526,0.1535404381013279
12,1512,1524,0.15353836582224015
12,1508,1520,0.15353643991781646
11,1513,1524,0.15353465664954094
11,1516,1527,0.1535362014243006
11,1507,1518,0.1535375764119638
10,1504,1514,0.15353884887695005
10,1523,1533,0.15354319268520608
10,1522,1532,0.1535472721520058
11,1517,1528,0.15355110002816252
11,1504,1515,0.15355154424764655
10,1499,1509,0.15355196968570314
11,1500,1511,0.1535555518880375
12,1511,1523,0.15355574968429106
11,1504,1515,0.1535527760887201
10,1489,1499,0.15355314314923368
10,1485,1495,0.15355674657432053
10,1477,1487,0.1535600487826752
10,1490,1500,0.15356312422128882
10,1496,1506,0.15356590141582374
10,1505,1515,0.15356857628315657
10,1509,1519,0.1535710916524559
10,1528,1538,0.15357345139736733
10,1519,1529,0.15357566403073222
11,1513,1524,0.15357773872111252
11,1507,1518,0.1535764788514604
11,1508,1519,0.15357533324997857
10,1511,1521,0.15357428288132657
10,1510,1520,0.15357654152077918
10,1508,1518,0.15357857812004258
10,1501,1511,0.15358046612282908
10,1495,1505,0.15358222652640324
12,1493,1505,0.1535838720514644
11,1498,1509,0.15357897570177076
11,1510,1521,0.15357764327973022
11,1509,1520,0.15357644499068623
10,1524,1534,0.15357533243459626
10,1529,1539,0.15357744376858665
11,1529,1540,0.15357942101137148
11,1511,1522,0.1535781046259394
11,1509,1520,0.1535768685425314
13,1514,1527,0.1535757190490536
13,1504,1517,0.15356823364959082
13,1510,1523,0.15356136455080527
12,1510,1522,0.1535549852672367
15,1499,1514,0.15355218282165792
15,1492,1507,0.1535401395658182
15,1490,1505,0.1535288376246909
15,1501,1516,0.15351827348730393
15,1499,1514,0.15350839796179147
15,1504,1519,0.15349916137644787
15,1498,1513,0.1534905180158527
14,1488,1502,0.15348242620222938
14,1482,1496,0.1534779980138939
14,1486,1500,0.15347381102826227
13,1491,1504,0.15346981307684454
12,1501,1513,0.1534692054903313
13,1512,1525,0.15347181365814308
13,1496,1509,0.153471101566785
13,1493,1506,0.1534703950858841
13,1509,1522,0.15346971682442298
13,1512,1525,0.1534690708413157
13,1519,1532,0.1534683751549433
12,1521,1533,0.153467811986171
11,1511,1522,0.15347041351833682
10,1502,1512,0.15347607664856064
9,1503,1512,0.15348443760560385
12,1482,1494,0.15349543304236302
11,1497,1508,0.15349608864475603
10,1495,1505,0.15349991727877946
10,1502,1512,0.15350666989302308
10,1508,1518,0.15351300941560161
10,1503,1513,0.1535189448607909
10,1503,1513,0.1535245037570519
10,1507,1517,0.15352971239049118
10,1515,1525,0.1535345946497105
9,1506,1515,0.15353917234450495
10,1502,1512,0.1535466868087754
10,1519,1529,0.15355049243689958
10,1508,1518,0.1535540180533272
10,1507,1517,0.15355730725806907
10,1498,1508,0.15356038646640496
10,1489,1499,0.15356327322099494
10,1506,1516,0.15356598146373784
10,1502,1512,0.15356851634697619
9,1510,1519,0.15357090169422807
9,1503,1512,0.15357629139591075
9,1507,1516,0.15358135672446843
10,1513,1523,0.1535861028084866
11,1505,1516,0.1535873734885213
10,1517,1527,0.15358539777949465
10,1509,1519,0.1535866892833312
11,1494,1505,0.15358791460444107
12,1496,1508,0.1535859068431577
11,1494,1505,0.153580778852398
10,1493,1503,0.1535793354335484
8,1485,1493,0.1535810855382415
8,1488,1496,0.15358906056871216
7,1508,1515,0.15359656786068382
10,1503,1513,0.15360680666048232
11,1496,1507,0.1536068476524264
11,1506,1517,0.1536036918701477
12,1495,1507,0.1536008045993257
12,1501,1513,0.15359497673631906
12,1500,1512,0.15358953522957783
12,1504,1516,0.15358446094842107
11,1510,1521,0.15357972311023546
11,1513,1524,0.15357845094242276
12,1503,1515,0.15357726164089985
10,1515,1525,0.15357300102628177
10,1509,1519,0.15357530495677507
10,1507,1517,0.15357749054525616
10,1512,1522,0.15357953638574032
10,1511,1521,0.15358144906409732
10,1515,1525,0.15358323825201103
10,1504,1514,0.15358483034203063
10,1508,1518,0.15358637467075328
10,1516,1526,0.15358782493715012
9,1500,1509,0.15358918554210274
9,1502,1511,0.15359365417030574
9,1509,1518,0.15359784979585378
8,1501,1509,0.15360177196518238
8,1510,1518,0.1536086976203579
8,1505,1513,0.15361510556697414
8,1509,1517,0.15362109386522413
8,1499,1507,0.15362663589573533
9,1506,1515,0.1536318214615095
9,1506,1515,0.15363341333925962
9,1515,1524,0.15363499771334058
8,1502,1510,0.1536365028650974
9,1510,1519,0.15364115724644134
9,1508,1517,0.1536423308851492
9,1492,1501,0.15364342302240236
9,1504,1513,0.1536444547616661
9,1511,1520,0.1536454289899673
9,1508,1517,0.15364634836996513
8,1516,1524,0.1536472155373073
8,1502,1510,0.15365119822744638
8,1506,1514,0.1536549356578325
8,1500,1508,0.1536584325322841
8,1499,1507,0.1536617077632343
7,1500,1507,0.15366477751231591
7,1503,1510,0.15367088340004625
6,1512,1518,0.15367658508118867
6,1508,1514,0.15368520873595007
5,1508,1513,0.15369321502925484
5,1502,1507,0.15370394474171023
5,1506,1511,0.15371398064021424
5,1492,1497,0.15372337690259427
5,1505,1510,0.15373218479619624
5,1520,1525,0.15374044647181676
4,1512,1516,0.1537481989188654
4,1519,1523,0.15375871882574885
4,1511,1515,0.1537685699104027
4,1507,1511,0.15377780355146833
4,1507,1511,0.15378646662459938
3,1523,1526,0.15379459808215615
5,1507,1512,0.1538054337046113
5,1505,1510,0.15380917369569244
5,1506,1511,0.15381267236384294
4,1502,1506,0.15381596748472734
4,1513,1517,0.15382227222263165
4,1504,1508,0.15382821044794429
4,1497,1501,0.1538337882092252
4,1503,1507,0.15383902681263914
4,1522,1526,0.15384394740312518
4,1521,1525,0.15384856977686817
4,1522,1526,0.15385291239860838
4,1513,1517,0.153856992508198
4,1526,1530,0.15386082622159367
4,1516,1520,0.15386442861901378
4,1499,1503,0.15386781382221296
4,1509,1513,0.15387099506315566
4,1529,1533,0.1538739847457943
4,1533,1537,0.15387679450217018
4,1520,1524,0.15387943524371991
4,1529,1533,0.15388191720845087
4,1521,1525,0.1538842500044935
4,1520,1524,0.15388644265043638
4,1525,1529,0.15388850361277298
4,1518,1522,0.1538904408407337
4,1510,1514,0.1538922617987359
5,1506,1511,0.1538939734966534
5,1508,1513,0.15389236154438699
5,1521,1526,0.15389083981012644
5,1519,1524,0.15388941809102932
5,1519,1524,0.15388808951555843
5,1513,1518,0.15388684673462583
5,1501,1506,0.1538856832778842
5,1502,1507,0.1538845934309912
5,1518,1523,0.15388357207059047
5,1512,1517,0.1538826145485913
4,1520,1524,0.15388171661323516
4,1516,1520,0.15388408440680504
4,1514,1518,0.1538863213118006
4,1504,1508,0.1538884238183406
4,1502,1506,0.15389039749958297
4,1509,1513,0.15389225007732088
4,1513,1517,0.15389398918248048
4,1518,1522,0.15389562200402346
4,1513,1517,0.15389715525057077
4,1518,1522,0.1538985951732524
5,1508,1513,0.15389994759969491
5,1503,1508,0.15389793930065548
5,1514,1519,0.15389608467159252
5,1507,1512,0.15389436424858305
5,1498,1503,0.1538927601310726
5,1500,1505,0.15389126076766177
5,1493,1498,0.15388985738198585
5,1499,1504,0.15388854269130847
5,1509,1514,0.15388731036080988
4,1505,1509,0.15388615473384598
4,1507,1511,0.15388833811440442
4,1521,1525,0.1538903632915435
4,1519,1523,0.15389224664727977
3,1519,1522,0.15389400565613354
3,1522,1525,0.15389887323534548
3,1518,1521,0.15390345700654806
3,1532,1535,0.15390775630470202
3,1526,1529,0.15391178913949438
3,1517,1520,0.15391557346000725
2,1521,1523,0.15391912568121083
2,1514,1516,0.1539257086329563
2,1523,1525,0.15393189773010418
2,1516,1518,0.15393770166733592
2,1505,1507,0.1539431481730114
2,1503,1505,0.15394826153706462
2,1513,1515,0.15395306349647642
2,1521,1523,0.1539575738967423
2,1511,1513,0.15396181105017048
2,1516,1518,0.1539657919537858
2,1506,1508,0.1539695324389441
2,1508,1510,0.15397304728408498
1,1502,1503,0.15397635030546641
1,1512,1513,0.15398272893521717
1,1518,1519,0.15398873340881913
1,1523,1524,0.15399436714296968
1,1517,1518,0.15399965600149582
1,1506,1507,0.15400462309791207
1,1506,1507,0.15400928920086632
1,1507,1508,0.154013673305149
1,1510,1511,0.15401779296223045
1,1531,1532,0.1540216644837227
1,1533,1534,0.15402530308074847
1,1530,1531,0.15402872296849957
1,1523,1524,0.15403193745015148
1,1521,1522,0.1540349589874649
1,1511,1512,0.15403779926213523
1,1522,1523,0.15404046923028275
1,1527,1528,0.15404297917157975
1,1508,1509,0.15404533873400167
1,1511,1512,0.15404755697488798
1,1523,1524,0.1540496423988143
1,1519,1520,0.15405160299265638
1,1512,1513,0.15405344625814713
1,1508,1509,0.15405517924217277
2,1514,1516,0.1540568085650129
1,1531,1532,0.15405502081033906
1,1514,1515,0.1540566490551128
2,1522,1524,0.15405820071950715
2,1513,1515,0.15405634929425063
2,1511,1513,0.1540546347222676
2,1510,1512,0.15405303878281554
2,1512,1514,0.15405154788135253
2,1516,1518,0.15405015269901448
2,1518,1520,0.15404884575084044
2,1509,1511,0.15404762062094876
2,1494,1496,0.15404647162758242
2,1509,1511,0.15404539364551692
2,1510,1512,0.1540443819989856
2,1494,1496,0.15404343239071097
2,1496,1498,0.15404254085131602
1,1488,1489,0.15404170370115255
1,1485,1486,0.15404420864508564
1,1480,1481,0.1540465427684718
1,1476,1477,0.15404872375435297
1,1475,1476,0.15405076660563402
1,1489,1490,0.1540526822178376
1,1499,1500,0.15405447968176114
1,1488,1489,0.1540561669972222
1,1517,1518,0.154057751383743
1,1512,1513,0.1540592394459614
1,1512,1513,0.15406063727481714
1,1520,1521,0.15406195051616225
1,1526,1527,0.15406318442106343
1,1520,1521,0.1540643438849394
1,1517,1518,0.15406543347940505
1,1511,1512,0.15406645747906714
1,1514,1515,0.15406741988464484
1,1510,1511,0.15406832444329718
1,1518,1519,0.15406917466674938
1,1515,1516,0.15406997384763005
1,1523,1524,0.15407072507431815
1,1514,1515,0.15407143124452047
1,1500,1501,0.1540720950777501
1,1521,1522,0.15407271912684103
2,1518,1520,0.1540733057886042
2,1509,1511,0.1540705838024833
3,1516,1519,0.1540680218792918
3,1519,1522,0.15406237004806025
3,1511,1514,0.1540570568601826
3,1515,1518,0.1540520738682407
3,1514,1517,0.15404740027255076
3,1507,1510,0.15404301552719793
2,1512,1514,0.15403890061678163
2,1510,1512,0.1540382763075197
2,1501,1503,0.1540377056591167
2,1507,1509,0.1540371684098924
2,1510,1512,0.15403666114846856
3,1501,1504,0.15403618234878175
3,1511,1514,0.15403249505596814
3,1518,1521,0.1540290175845265
3,1524,1527,0.15402575169794666
3,1513,1516,0.15402268627687948
3,1512,1515,0.15401980877097535
3,1507,1510,0.15401710718826414
3,1511,1514,0.1540145703440748
4,1515,1519,0.15401218784285248
4,1522,1526,0.15400672362039558
4,1531,1535,0.15400158654833415
4,1512,1516,0.1539967721068961
4,1517,1521,0.1539922582148944
4,1529,1533,0.15398802414345922
4,1535,1539,0.15398405110459454
4,1521,1525,0.15398032196696135
4,1518,1522,0.153976820994923
4,1516,1520,0.15397353365490155
4,1510,1514,0.15397044647063984
4,1508,1512,0.1539675469109415
5,1512,1517,0.15396482329926608
4,1503,1507,0.15395903950202894
4,1500,1504,0.15395687226038782
5,1495,1500,0.15395481902280314
5,1496,1501,0.15394964489109775
5,1494,1499,0.15394480481829556
5,1500,1505,0.15394027564160226
5,1503,1508,0.1539360319561992
6,1503,1509,0.15393205279553984
5,1518,1523,0.15392508464496715
4,1522,1526,0.15392180294527036
5,1502,1507,0.15392196482943482
5,1506,1511,0.15391896479226136
5,1511,1516,0.15391611820773973
5,1524,1529,0.15391344061678244
5,1530,1535,0.1539109257680396
5,1519,1524,0.15390856417614107
5,1525,1530,0.15390634636487943
5,1525,1530,0.15390426336812366
5,1532,1537,0.15390230679455386
5,1533,1538,0.15390046880619046
5,1528,1533,0.15389874208033136
5,1520,1525,0.15389711977084075
5,1512,1517,0.15389559547238565
5,1508,1513,0.1538941631881078
5,1521,1526,0.1538928173004569
5,1510,1515,0.15389155254477352
5,1513,1518,0.15389036398523917
5,1521,1526,0.15388924699287015
6,1527,1533,0.15388819722529457
6,1519,1525,0.15388402293616504
6,1507,1513,0.1538801101196639
6,1502,1508,0.15387645149093068
6,1506,1512,0.15387302680944404
6,1511,1517,0.15386981842431435
6,1509,1515,0.1538668108621909
6,1517,1523,0.1538639902966587
6,1525,1531,0.15386134420057762
6,1512,1518,0.15385886111715022
6,1517,1523,0.15385653050105333
6,1520,1526,0.153854342602073
6,1513,1519,0.15385228837574544
6,1509,1515,0.15385035941198874
6,1506,1512,0.15384854787626565
6,1503,1509,0.15384684645983246
5,1513,1518,0.1538452483368191
5,1511,1516,0.1538468919506455
5,1489,1494,0.15384843422397382
5,1505,1510,0.15384986783638527
5,1513,1518,0.1538512031134857
5,1517,1522,0.15385244909626536
5,1506,1511,0.1538536133297741
5,1518,1523,0.1538547022628725
7,1518,1525,0.15385572153546054
7,1499,1506,0.15385031058914161
7,1508,1515,0.15384526076209643
7,1520,1527,0.15384056241547342
7,1517,1524,0.15383617898873791
6,1505,1511,0.15383208226421835
6,1501,1507,0.15383137241078504
6,1508,1514,0.15383073405167336
5,1511,1516,0.15383013392502437
5,1513,1518,0.15383270526976367
5,1517,1522,0.15383510409681744
5,1511,1516,0.15383733311015027
5,1494,1499,0.15383941111787774
6,1497,1503,0.15384135219118414
6,1510,1516,0.15384000729285177
5,1514,1519,0.15383876101737443
5,1506,1511,0.15384075972138817
5,1509,1514,0.1538426339554183
5,1495,1500,0.15384437920906874
5,1486,1491,0.15384600919462862
5,1486,1491,0.15384753410006596
5,1507,1512,0.15384896218187438
5,1511,1516,0.15385030051799115
5,1522,1527,0.15385155537127812
5,1508,1513,0.15385273238732908
5,1515,1520,0.1538538367141785
5,1516,1521,0.1538548730814125
5,1524,1529,0.15385584585634426
5,1524,1529,0.15385675908627972
3,1521,1524,0.15385761653181257
3,1516,1519,0.1538648163815908
3,1519,1522,0.15387154603304068
5,1521,1526,0.15387784550741007
5,1514,1519,0.153877219512072
5,1520,1525,0.15387674814019361
6,1515,1521,0.15387634228791358
6,1520,1526,0.15387271995837568
6,1517,1523,0.15386936704047696
7,1524,1531,0.15386625055833972
7,1518,1525,0.15386012911009753
7,1511,1518,0.15385446977769504
7,1506,1513,0.15384919994481847
8,1505,1513,0.1538442793565266
7,1511,1518,0.15383642597188704
7,1490,1497,0.1538324148889392
7,1502,1509,0.153828590768032
7,1505,1512,0.1538249941856275
8,1510,1518,0.15382161671630212
8,1507,1515,0.15381520261707413
8,1511,1519,0.1538092506982055
8,1519,1527,0.15380369178614028
9,1513,1522,0.15379849004795812
9,1532,1541,0.15379039612649045
10,1526,1536,0.1537829159653799
9,1514,1523,0.15377277738777864
10,1507,1517,0.1537664865101104
10,1508,1518,0.15375735011261293
11,1516,1527,0.15374881061342927
10,1499,1509,0.15373766474526326
11,1502,1513,0.15373042185574165
11,1501,1512,0.15372049794680648
11,1504,1515,0.15371123818152482
11,1496,1507,0.15370258210674329
10,1498,1508,0.15369448023504798
10,1498,1508,0.1536899951061614
10,1512,1522,0.15368578014379
10,1509,1519,0.15368180828625053
10,1503,1513,0.15367806875152315
10,1507,1517,0.1536745501181885
9,1515,1524,0.15367124066517232
8,1513,1521,0.15367124555558775
6,1514,1520,0.15367433374678477
7,1526,1533,0.15368348338876425
7,1521,1528,0.1536887777472374
7,1512,1519,0.15369377077152047
7,1508,1515,0.15369837652884513
7,1504,1511,0.1537026753632305
7,1509,1516,0.1537066949064937
7,1510,1517,0.15371045674024525
7,1512,1519,0.15371397956851823
7,1506,1513,0.1537172801273675
8,1507,1515,0.1537203736035945
8,1518,1526,0.1537200074347486
8,1497,1505,0.1537197586451807
7,1484,1491,0.15371955217263625
8,1491,1499,0.1537225428999915
7,1505,1512,0.1537221409721873
7,1512,1519,0.15372497402548613
7,1498,1505,0.15372760671316366
7,1508,1515,0.15373006135285183
7,1506,1513,0.15373235704060997
7,1508,1515,0.1537345069401789
6,1500,1506,0.15373652182262457
6,1510,1516,0.15374159685369798
6,1509,1515,0.15374632199754654
6,1508,1514,0.15375073543906076
6,1521,1527,0.15375486629633378
5,1524,1529,0.15375873654220273
5,1519,1524,0.1537656182704495
5,1504,1509,0.15377198697404468
5,1505,1510,0.15377794109493095
5,1503,1508,0.1537835184148044
5,1508,1513,0.153788747268669
5,1514,1519,0.15379365193503328
5,1500,1505,0.15379825412343645
5,1512,1517,0.15380257360712543
5,1501,1506,0.1538066285699031
5,1507,1512,0.1538104358294778
5,1508,1513,0.1538140109974332
5,1516,1521,0.15381736860240605
5,1508,1513,0.15382052218982897
5,1509,1514,0.15382348440562804
5,1503,1508,0.153826267068282
6,1501,1507,0.1538288812320378
5,1504,1509,0.15382802186380024
6,1502,1508,0.153830602042456
6,1509,1515,0.15382969584603212
6,1508,1514,0.15382891721128183
6,1518,1524,0.1538282066443202
6,1511,1517,0.15382755216805408
5,1502,1507,0.15382694646417394
6,1512,1518,0.15382963309199627
6,1498,1504,0.15382878770554864
6,1507,1513,0.15382807038837587
6,1505,1511,0.1538274134315877
5,1518,1523,0.15382680378410385
5,1517,1522,0.1538294409777453
5,1517,1522,0.15383191945721605
5,1506,1511,0.15383423584083047
6,1506,1512,0.1538364038646923
6,1490,1496,0.1538352039808842
5,1494,1499,0.1538340748753744
5,1502,1507,0.15383631475883575
6,1510,1516,0.15383834631234558
6,1507,1513,0.15383702221306927
6,1514,1520,0.15383577595313233
6,1509,1515,0.1538346161207112
6,1510,1516,0.15383353306071024
6,1487,1493,0.15383251972781414
6,1487,1493,0.1538315705854678
6,1497,1503,0.1538306809522727
6,1487,1493,0.15382984670401892
5,1507,1512,0.15382906412440334
5,1513,1518,0.15383154026446277
5,1527,1532,0.15383386425034767
5,1518,1523,0.15383603243057226
5,1513,1518,0.1538380598049652
4,1521,1525,0.15383995809187673
4,1524,1528,0.1538450381744732
4,1517,1521,0.15384972297048133
4,1513,1517,0.15385409789609408
3,1525,1528,0.1538581940948838
3,1512,1515,0.1538652737918596
3,1513,1516,0.15387192574239142
3,1512,1515,0.15387815998871995
3,1507,1510,0.15388400713853995
3,1512,1515,0.15388949408859315
3,1522,1525,0.15389464480322854
3,1514,1517,0.15389948106181858
3,1514,1517,0.15390402288682242
3,1524,1527,0.15390828880833715
3,1515,1518,0.1539122960454052
2,1510,1512,0.15391606064131352
2,1509,1511,0.15392287668747828
2,1516,1518,0.15392926278352084
2,1514,1516,0.15393525090609625
2,1509,1511,0.15394087090593983
2,1501,1503,0.15394614771638715
2,1502,1504,0.15395110361370623
2,1508,1510,0.15395575896584748
2,1502,1504,0.15396013258974542
2,1499,1501,0.15396424196495886
2,1507,1509,0.1539681033814757
2,1506,1508,0.1539717320522536
2,1505,1507,0.153975142204517
3,1507,1510,0.1539783471570181
3,1514,1517,0.15397801312862464
3,1515,1518,0.15397779282505486
4,1523,1527,0.1539776099213459
4,1517,1521,0.15397419360729636
4,1504,1508,0.15397099564568087
4,1509,1513,0.15396801088983167
4,1504,1508,0.1539652197742155
4,1509,1513,0.1539626067131557
4,1524,1528,0.1539601585141231
4,1517,1521,0.15395786356072066
4,1509,1513,0.1539557114049744
4,1524,1528,0.1539536925333662
4,1509,1513,0.15395179821589114
4,1511,1515,0.15395002039976582
4,1505,1509,0.15394835162957698
4,1505,1509,0.15394678498433584
4,1515,1519,0.15394531402602923
4,1507,1511,0.15394393275639462
4,1501,1505,0.15394263557983023
4,1516,1520,0.15394141727104219
4,1518,1522,0.15394027294646043
4,1514,1518,0.15393919803872513
4,1524,1528,0.15393818827372796
4,1515,1519,0.15393723964981504
4,1497,1501,0.1539363484188459
4,1493,1497,0.15393551106886608
4,1489,1493,0.1539347243081973
4,1493,1497,0.15393398505078285
4,1502,1506,0.15393329040265538
4,1510,1514,0.1539326376494129
4,1506,1510,0.1539320242446054
4,1521,1525,0.1539314477989505
4,1521,1525,0.1539309060703035
4,1509,1513,0.1539303969543191
4,1514,1518,0.15392991847574808
4,1519,1523,0.1539294687803185
4,1509,1513,0.1539290461271567
4,1521,1525,0.15392864888170676
4,1517,1521,0.1539282755091134
4,1516,1520,0.15392792456803236
4,1522,1526,0.1539275947048412
4,1531,1535,0.1539272846482188
4,1529,1533,0.15392699320407202
4,1511,1515,0.1539267192507825
4,1510,1514,0.15392646173475474
4,1522,1526,0.15392621966624348
4,1525,1529,0.15392599211544308
3,1524,1527,0.15392577820882092
4,1529,1533,0.15392888814175257
4,1518,1522,0.15392848314636073
4,1520,1524,0.15392808103820677
4,1520,1524,0.15392770521865906
4,1517,1521,0.15392735346855405
5,1516,1521,0.1539270237212792
5,1513,1518,0.153923443383525
5,1521,1526,0.15392011518728507
5,1524,1529,0.15391701153475665
5,1509,1514,0.15391410845669332
5,1511,1516,0.1539113890414945
7,1509,1516,0.15390883958565182
7,1506,1513,0.15389982496961221
7,1518,1525,0.1538915629900191
7,1508,1515,0.15388386571194576
7,1501,1508,0.15387666952372264
7,1516,1523,0.15386993128667284
5,1500,1505,0.1538636163762261
6,1502,1508,0.1538642073381262
6,1511,1517,0.15386141570904757
4,1511,1515,0.1538587879290091
5,1512,1517,0.15386280673681413
5,1507,1512,0.1538631982611836
5,1506,1511,0.1538636189842904
5,1507,1512,0.15386401651536608
5,1519,1524,0.15386438769661295
4,1516,1520,0.15386473359805555
4,1516,1520,0.15386828051317544
4,1513,1517,0.15387161075785402
4,1499,1503,0.15387472468700478
4,1503,1507,0.15387764058895903
4,1499,1503,0.15388037345619504
5,1504,1509,0.15388293620280613
5,1504,1509,0.15388203065956138
5,1508,1513,0.15388127454705536
5,1514,1519,0.15388058833240037
5,1515,1520,0.15387995515850894
5,1511,1516,0.15387936709992192
4,1515,1519,0.1538788191074397
4,1514,1518,0.15388160150997482
5,1502,1507,0.15388412846825536
5,1503,1508,0.15388317432046825
5,1506,1511,0.15388236233524363
5,1497,1502,0.15388161967998076
5,1511,1516,0.15388093125542823
5,1518,1523,0.15388028972173912
5,1517,1522,0.1538796903236872
4,1515,1519,0.15387912945909193
5,1520,1525,0.15388185275469607
5,1520,1525,0.1538811261217521
5,1514,1519,0.15388045844727752
5,1511,1516,0.1538798426205218
5,1526,1531,0.15387926946497735
5,1515,1520,0.15387873402385907
5,1523,1528,0.15387823288896715
5,1512,1517,0.15387776336887338
5,1522,1527,0.15387732317675312
4,1516,1520,0.15387691029275155
4,1514,1518,0.15387976234245304
4,1512,1516,0.15388240692783564
5,1509,1514,0.15388487003182738
5,1504,1509,0.15388392497737882
4,1503,1507,0.153883069713598
4,1506,1510,0.15388558048066034
4,1520,1524,0.15388785832371352
4,1511,1515,0.15388996397007135
4,1510,1514,0.1538919319955918
5,1509,1514,0.1538937752951983
5,1510,1515,0.15389220671422263
6,1521,1527,0.15389083086008545
6,1515,1521,0.15388631609367157
6,1514,1520,0.15388213079228347
6,1517,1523,0.15387823156655733
6,1511,1517,0.15387458739297052
7,1514,1521,0.15387117650251528
7,1503,1510,0.15386476276390101
7,1501,1508,0.15385875389344897
7,1505,1512,0.15385313393548564
7,1511,1518,0.153847871222324
7,1514,1521,0.153842939143633
7,1508,1515,0.15383831454883679
7,1508,1515,0.15383397669802
6,1511,1517,0.15382990670524857
6,1496,1502,0.1538293069074548
6,1506,1512,0.1538287077841867
7,1505,1512,0.15382812207367305
6,1494,1500,0.1538243487884181
7,1506,1513,0.1538240203286758
8,1513,1521,0.1538204484647876
8,1521,1529,0.1538139091803833
7,1510,1517,0.15380777542270896
7,1512,1519,0.15380529272548954
7,1502,1509,0.15380294877106723
6,1501,1507,0.15380063755433634
6,1496,1502,0.15380163959773246
6,1495,1501,0.15380257391885957
7,1500,1507,0.15380335439560616
7,1517,1524,0.15380091216946887
7,1506,1513,0.153798731719281
7,1516,1523,0.15379671424115718
8,1518,1526,0.15379483342562905
8,1520,1528,0.15378986301871683
10,1505,1515,0.15378518999113497
10,1496,1506,0.15377440670636772
11,1500,1511,0.15376434573063372
11,1507,1518,0.15375171976616733
11,1507,1518,0.1537399433181748
10,1509,1519,0.1537289421036385
10,1509,1519,0.1537218905833372
10,1503,1513,0.15371519753818227
11,1513,1524,0.1537088991611582
11,1506,1517,0.15369973629053615
11,1495,1506,0.1536912369984779
10,1501,1511,0.15368329152159046
10,1503,1513,0.15367906350541938
9,1498,1507,0.15367500114467222
7,1502,1509,0.15367431864031628
9,1515,1524,0.1536800497581376
9,1497,1506,0.15367890081639243
8,1485,1493,0.15367785162095451
10,1478,1488,0.15368012282838633
10,1493,1503,0.15367565469839076
9,1489,1498,0.15367160352890452
10,1501,1511,0.15367101153983348
10,1508,1518,0.15366723426976533
10,1513,1523,0.1536637858049646
10,1514,1524,0.1536605764430531
10,1508,1518,0.15365757828512616
10,1506,1516,0.1536547728997157
10,1515,1525,0.15365214546619527
10,1520,1530,0.15364968318541525
10,1522,1532,0.15364737464943976
11,1525,1536,0.15364520952157742
11,1518,1529,0.15363995273086972
11,1524,1535,0.15363512595480366
11,1497,1508,0.15363063000367141
11,1506,1517,0.15362642871676263
10,1502,1512,0.15362249709195808
10,1501,1511,0.15362201442842716
10,1500,1510,0.15362146820138037
10,1509,1519,0.1536209284472136
10,1515,1525,0.1536204069574762
10,1511,1521,0.15361990760415314
11,1497,1508,0.15361943173677772
11,1504,1515,0.15361576843210936
11,1518,1529,0.15361242509923145
11,1509,1520,0.15360931424759075
11,1514,1525,0.1536064099249711
11,1509,1520,0.15360369408330615
11,1518,1529,0.15360115199841243
11,1516,1527,0.15359876673918368
11,1524,1535,0.15359644106183534
11,1513,1524,0.153594248691962
10,1506,1516,0.15359218687738577
9,1512,1521,0.1535934174668764
9,1509,1518,0.15359771197367367
9,1488,1497,0.15360169263181317
9,1495,1504,0.15360539529986028
8,1489,1497,0.1536088485054448
8,1506,1514,0.1536153028757352
8,1516,1524,0.15362125884264954
9,1517,1526,0.15362681392311214
9,1514,1523,0.15362883048115453
8,1516,1524,0.15363068923806383
8,1512,1520,0.1536356727694996
8,1526,1534,0.15364040632747622
9,1521,1530,0.1536448171715306
9,1515,1524,0.153645722645386
9,1501,1510,0.15364667559168813
9,1518,1527,0.15364759975057024
9,1514,1523,0.1536484821596673
10,1515,1525,0.15364931952742572
10,1509,1519,0.15364685895436211
10,1513,1523,0.15364465511452857
11,1509,1520,0.15364262141609855
11,1504,1515,0.1536374859473616
11,1494,1505,0.1536327108526169
11,1503,1514,0.15362826205182617
11,1510,1521,0.15362410724537867
12,1506,1518,0.15362022163445122
13,1500,1513,0.15361335103517718
13,1500,1513,0.15360385076290994
13,1501,1514,0.15359502743580566
13,1505,1518,0.15358680248635445
13,1504,1517,0.153579118561322
13,1509,1522,0.15357193169054079
13,1509,1522,0.15356520465227866
13,1505,1518,0.1535589120530206
14,1503,1517,0.15355296889858244
13,1504,1517,0.15354423548701013
12,1513,1525,0.15353923828788288
12,1494,1506,0.15353770884037832
12,1500,1512,0.15353616137361376
12,1493,1505,0.15353471228143806
12,1487,1499,0.1535333075095296
11,1491,1502,0.15353197023546505
13,1507,1520,0.15353389940271558
13,1504,1517,0.15352930954321958
13,1501,1514,0.15352505255344018
13,1496,1509,0.15352107593586
13,1491,1504,0.15351735734386612
13,1498,1511,0.15351387733072508
13,1503,1516,0.1535106186440077
12,1508,1520,0.1535075657731642
12,1501,1513,0.15350779281837404
12,1500,1512,0.15350803339925398
12,1502,1514,0.15350825583580352
10,1496,1506,0.15350845689569895
10,1501,1511,0.15351490974242515
9,1507,1516,0.15352092617750593
8,1492,1500,0.15352976333195062
8,1497,1505,0.1535411453689453
6,1495,1501,0.1535516918556456
6,1494,1500,0.1535679852854153
7,1499,1506,0.15358318062380175
8,1515,1523,0.15359414399999263
7,1512,1519,0.15360123323963087
6,1497,1503,0.15361117579171538
6,1510,1516,0.15362376386206836
6,1515,1521,0.15363555487888017
6,1509,1515,0.15364660400316585
6,1517,1523,0.1536569660024869
5,1511,1516,0.1536666879501178
5,1511,1516,0.1536790883974479
5,1511,1516,0.1536906466953516
5,1512,1517,0.15370147614493912
5,1510,1515,0.15371163407263266
5,1515,1520,0.15372116707985017
5,1524,1529,0.15373011635529582
4,1518,1522,0.15373851938536498
5,1517,1522,0.15374962108075077
6,1503,1509,0.15375683371908586
5,1498,1503,0.15376038999978958
5,1503,1508,0.1537669324578497
5,1514,1519,0.15377310061428592
5,1507,1512,0.15377889689397745
5,1514,1519,0.15378434251064893
5,1523,1528,0.15378945890392703
5,1520,1525,0.15379426625593076
5,1519,1524,0.15379878346506007
5,1513,1518,0.15380302823111866
4,1519,1523,0.15380701714133316
4,1514,1518,0.1538140121616272
4,1510,1514,0.15382055458957866
4,1514,1518,0.15382668202481034
4,1510,1514,0.15383242893072233
4,1518,1522,0.15383782246874034
4,1509,1513,0.15384288624890402
4,1516,1520,0.15384764158324093
5,1512,1517,0.1538521080296502
6,1514,1520,0.1538530962243312
6,1518,1524,0.1538508244200903
6,1520,1526,0.15384868560884946
5,1520,1525,0.15384668916228253
5,1534,1539,0.15384800463636167
4,1529,1533,0.15384926617400105
4,1534,1538,0.1538536569768953
3,1521,1524,0.15385779583050252
2,1511,1513,0.1538649925229188
2,1513,1515,0.15387487619813847
2,1518,1520,0.15388415630982322
2,1516,1518,0.15389286359502716
2,1507,1509,0.15390103550791348
2,1516,1518,0.15390870725569164
2,1516,1518,0.1539159111714855
2,1522,1524,0.1539226770466682
2,1520,1522,0.1539290324568874
1,1522,1523,0.15393500301797894
1,1514,1515,0.15394387366976572
0,1503,1503,0.15395221648547344
